data/medianmodel_04-Aug-2020.asc
ncols	141
nrows	288
xllcorner	-120191.398
yllcorner	-301404.813
cellsize	2000.000
NODATA_value	-999.250
[rows 210 to 239 of 288, columns 0 to 67 of 141]
-999.250 -999.250 -999.250 -999.250 -999.250 -999.250 -999.250 -999.250 -999.250 -999.250 -999.250 -999.250 -999.250 -999.250 -999.250 -999.250 -999.250 -999.250 -999.250 -999.250 -999.250 -999.250 -999.250 -999.250 -999.250 -999.250 -999.250 -999.250 -999.250 -999.250 -999.250 17.626 21.155 21.537 16.644 16.339 14.705 16.850 18.189 16.492 18.490 18.406 25.731 18.781 15.826 10.244 7.781 7.738 4.796 1.357 1.379 0.324 0.000 0.000 0.000 0.000 0.000 0.000 0.000 0.000 0.000 0.000 0.000 0.000 0.000 0.000 0.000 0.000
-999.250 -999.250 -999.250 -999.250 -999.250 -999.250 -999.250 -999.250 -999.250 -999.250 -999.250 -999.250 -999.250 -999.250 -999.250 -999.250 -999.250 -999.250 -999.250 -999.250 -999.250 -999.250 -999.250 -999.250 -999.250 -999.250 -999.250 -999.250 -999.250 -999.250 -999.250 20.266 19.144 19.970 20.249 19.410 20.742 18.437 21.043 17.587 18.082 18.019 19.318 18.911 15.206 12.894 10.316 7.427 6.226 3.754 2.610 1.057 0.000 0.000 0.000 0.000 0.000 0.000 0.000 0.000 0.000 0.000 0.000 0.000 0.000 0.000 0.000 0.000
-999.250 -999.250 -999.250 -999.250 -999.250 -999.250 -999.250 -999.250 -999.250 -999.250 -999.250 -999.250 -999.250 -999.250 -999.250 -999.250 -999.250 -999.250 -999.250 -999.250 -999.250 -999.250 -999.250 -999.250 -999.250 -999.250 -999.250 -999.250 -999.250 -999.250 -999.250 15.887 16.711 18.241 21.177 20.451 19.453 21.000 21.777 19.938 20.571 17.468 17.728 16.860 14.519 12.863 11.643 8.392 6.565 4.754 5.268 4.406 2.046 1.601 0.016 0.000 0.000 0.000 0.000 0.000 0.000 0.000 0.000 0.000 0.000 0.000 0.000 0.000
-999.250 -999.250 -999.250 -999.250 -999.250 -999.250 -999.250 -999.250 -999.250 -999.250 -999.250 -999.250 -999.250 -999.250 -999.250 -999.250 -999.250 -999.250 -999.250 -999.250 -999.250 -999.250 -999.250 -999.250 -999.250 -999.250 -999.250 -999.250 -999.250 -999.250 -999.250 17.198 20.100 19.293 21.488 17.929 20.430 19.306 18.872 20.536 19.473 21.002 19.562 17.949 15.258 14.183 10.342 8.494 6.372 5.189 5.709 6.397 3.761 2.419 1.263 0.000 0.000 0.000 0.000 0.000 0.000 0.000 0.000 0.000 0.000 0.000 0.000 0.000
-999.250 -999.250 -999.250 -999.250 -999.250 -999.250 -999.250 -999.250 -999.250 -999.250 -999.250 -999.250 -999.250 -999.250 -999.250 -999.250 -999.250 -999.250 -999.250 -999.250 -999.250 -999.250 -999.250 -999.250 -999.250 -999.250 -999.250 -999.250 -999.250 -999.250 -999.250 18.180 17.068 20.488 19.686 18.839 20.194 21.087 18.171 20.362 26.022 24.751 18.454 18.767 16.067 15.252 14.119 9.985 9.301 5.113 5.790 5.289 4.609 1.539 0.260 0.000 0.000 0.000 0.000 0.000 0.000 0.000 0.000 0.000 0.000 0.000 0.000 0.000
-999.250 -999.250 -999.250 -999.250 -999.250 -999.250 -999.250 -999.250 -999.250 -999.250 -999.250 -999.250 -999.250 -999.250 -999.250 -999.250 -999.250 -999.250 -999.250 -999.250 -999.250 -999.250 -999.250 -999.250 -999.250 -999.250 -999.250 -999.250 -999.250 -999.250 -999.250 15.605 14.653 19.146 19.949 18.763 18.895 19.913 22.284 23.317 24.062 25.124 20.250 18.972 16.809 16.076 14.162 11.669 10.501 7.027 5.891 5.651 3.976 1.288 1.172 0.000 0.000 0.000 0.000 0.000 0.000 0.000 0.000 0.000 0.000 0.000 0.000 0.000
-999.250 -999.250 -999.250 -999.250 -999.250 -999.250 -999.250 -999.250 -999.250 -999.250 -999.250 -999.250 -999.250 -999.250 -999.250 -999.250 -999.250 -999.250 -999.250 -999.250 -999.250 -999.250 -999.250 -999.250 -999.250 -999.250 -999.250 -999.250 -999.250 -999.250 -999.250 13.632 15.170 17.354 16.175 16.251 21.277 19.073 24.629 25.193 24.626 21.868 26.261 21.789 20.053 18.700 14.589 12.406 9.896 7.256 7.146 4.985 4.851 3.434 1.045 2.090 0.182 0.000 0.000 0.000 0.000 0.000 0.000 0.000 0.000 0.000 0.000 0.000
-999.250 -999.250 -999.250 -999.250 -999.250 -999.250 -999.250 -999.250 -999.250 -999.250 -999.250 -999.250 -999.250 -999.250 -999.250 -999.250 -999.250 -999.250 -999.250 -999.250 -999.250 -999.250 -999.250 -999.250 -999.250 -999.250 -999.250 -999.250 -999.250 -999.250 -999.250 11.143 15.376 13.326 18.400 14.855 18.091 18.870 24.658 26.719 25.921 24.711 23.560 23.090 22.451 16.907 13.522 12.456 9.405 8.005 7.666 5.375 4.875 5.696 3.957 2.157 0.821 0.000 0.000 0.000 0.000 0.000 0.000 0.000 0.000 0.000 0.000 1.536
-999.250 -999.250 -999.250 -999.250 -999.250 -999.250 -999.250 -999.250 -999.250 -999.250 -999.250 -999.250 -999.250 -999.250 -999.250 -999.250 -999.250 -999.250 -999.250 -999.250 -999.250 -999.250 -999.250 -999.250 -999.250 -999.250 -999.250 -999.250 -999.250 -999.250 -999.250 10.866 12.512 12.627 15.354 16.587 19.636 19.685 22.215 31.582 31.090 36.048 32.699 23.205 21.030 18.171 13.493 11.008 8.090 7.914 8.591 5.016 4.443 5.348 3.474 1.814 0.529 0.000 0.000 0.000 0.000 0.000 0.000 0.000 0.000 0.000 1.314 3.657
-999.250 -999.250 -999.250 -999.250 -999.250 -999.250 -999.250 -999.250 -999.250 -999.250 -999.250 -999.250 -999.250 -999.250 -999.250 -999.250 -999.250 -999.250 -999.250 -999.250 -999.250 -999.250 -999.250 -999.250 -999.250 -999.250 -999.250 -999.250 -999.250 -999.250 -999.250 10.283 8.577 14.084 13.287 13.922 15.749 18.040 26.332 32.155 35.867 40.986 33.245 29.312 23.142 17.337 11.972 12.710 11.520 10.660 10.484 5.118 5.748 3.655 3.803 2.996 1.571 1.470 0.776 0.522 0.112 0.000 0.038 0.148 0.523 2.267 4.412 5.568
-999.250 -999.250 -999.250 -999.250 -999.250 -999.250 -999.250 -999.250 -999.250 -999.250 -999.250 -999.250 -999.250 -999.250 -999.250 -999.250 -999.250 -999.250 -999.250 -999.250 -999.250 -999.250 -999.250 -999.250 -999.250 -999.250 -999.250 -999.250 -999.250 -999.250 -999.250 10.986 11.484 14.958 14.041 19.233 19.497 21.233 23.093 29.091 33.827 33.880 27.799 27.294 22.661 18.114 17.572 15.627 11.535 12.001 9.823 8.550 5.174 3.349 2.960 3.302 1.942 2.284 2.359 1.700 1.937 1.247 2.664 2.864 4.382 5.312 7.903 10.110
-999.250 -999.250 -999.250 -999.250 -999.250 -999.250 -999.250 -999.250 -999.250 -999.250 -999.250 -999.250 -999.250 -999.250 -999.250 -999.250 -999.250 -999.250 -999.250 -999.250 -999.250 -999.250 -999.250 -999.250 -999.250 -999.250 -999.250 -999.250 -999.250 -999.250 -999.250 12.548 14.330 16.338 15.374 17.613 19.868 19.345 21.822 27.475 26.642 29.615 28.054 23.024 21.480 18.105 18.619 15.660 12.039 13.490 9.859 8.650 5.451 4.048 3.788 3.969 3.942 2.782 1.877 1.527 2.617 1.790 3.923 3.009 5.555 7.383 9.553 11.546
-999.250 -999.250 -999.250 -999.250 -999.250 -999.250 -999.250 -999.250 -999.250 -999.250 -999.250 -999.250 -999.250 -999.250 -999.250 -999.250 -999.250 -999.250 -999.250 -999.250 -999.250 -999.250 -999.250 -999.250 -999.250 -999.250 -999.250 -999.250 -999.250 -999.250 -999.250 10.607 13.051 15.887 18.727 17.902 16.937 18.030 19.885 19.638 27.328 24.443 24.069 23.496 21.084 19.545 16.675 17.843 17.877 13.232 13.581 11.004 7.480 5.691 4.459 4.136 4.722 3.542 2.912 3.054 3.180 4.122 4.188 3.808 5.792 6.768 10.042 11.924
-999.250 -999.250 -999.250 -999.250 -999.250 -999.250 -999.250 -999.250 -999.250 -999.250 -999.250 -999.250 -999.250 -999.250 -999.250 -999.250 -999.250 -999.250 -999.250 -999.250 -999.250 -999.250 -999.250 -999.250 -999.250 -999.250 -999.250 -999.250 -999.250 -999.250 13.083 11.508 15.857 15.514 16.340 17.044 17.127 17.011 15.323 21.827 26.352 23.954 23.365 20.784 19.650 18.659 18.673 17.160 12.154 11.229 9.543 6.898 7.392 5.654 4.547 4.251 4.457 4.811 3.929 2.982 3.660 2.686 4.837 4.949 6.588 7.572 9.251 9.785
-999.250 -999.250 -999.250 -999.250 -999.250 -999.250 -999.250 -999.250 -999.250 -999.250 -999.250 -999.250 -999.250 -999.250 -999.250 -999.250 -999.250 -999.250 -999.250 -999.250 -999.250 -999.250 -999.250 -999.250 -999.250 -999.250 -999.250 -999.250 -999.250 -999.250 12.236 13.377 14.626 14.613 17.598 17.084 16.753 16.350 18.711 18.345 21.369 26.406 21.715 19.329 18.624 18.565 18.481 14.747 12.230 13.178 9.496 7.599 6.730 6.730 5.955 4.057 4.089 6.228 5.511 5.837 4.422 4.463 4.908 6.375 6.368 8.551 8.949 10.037
-999.250 -999.250 -999.250 -999.250 -999.250 -999.250 -999.250 -999.250 -999.250 -999.250 -999.250 -999.250 -999.250 -999.250 -999.250 -999.250 -999.250 -999.250 -999.250 -999.250 -999.250 -999.250 -999.250 -999.250 -999.250 -999.250 -999.250 -999.250 -999.250 -999.250 10.983 11.709 16.298 18.833 18.739 19.493 18.301 17.502 18.444 17.764 17.893 18.646 17.910 17.832 17.832 14.215 16.160 14.544 11.989 10.157 6.772 7.590 5.826 7.678 5.575 6.261 5.329 8.816 6.667 5.883 5.326 4.657 4.708 6.415 5.800 7.420 5.660 5.949
-999.250 -999.250 -999.250 -999.250 -999.250 -999.250 -999.250 -999.250 -999.250 -999.250 -999.250 -999.250 -999.250 -999.250 -999.250 -999.250 -999.250 -999.250 -999.250 -999.250 -999.250 -999.250 -999.250 -999.250 -999.250 -999.250 -999.250 -999.250 -999.250 -999.250 11.131 13.605 13.380 13.568 18.008 21.319 18.021 16.902 16.201 17.977 14.479 17.618 18.376 19.123 13.908 12.888 15.000 18.553 11.217 10.992 6.524 5.675 5.893 7.096 7.928 6.543 8.766 7.828 8.394 5.985 5.707 6.165 5.021 6.876 4.785 5.906 5.953 5.735
-999.250 -999.250 -999.250 -999.250 -999.250 -999.250 -999.250 -999.250 -999.250 -999.250 -999.250 -999.250 -999.250 -999.250 -999.250 -999.250 -999.250 -999.250 -999.250 -999.250 -999.250 -999.250 -999.250 -999.250 -999.250 -999.250 -999.250 -999.250 -999.250 12.343 11.328 12.090 14.548 13.215 15.982 14.548 14.758 17.067 15.568 16.358 13.693 16.284 15.408 12.776 12.395 13.706 15.373 11.695 10.843 9.984 8.566 7.844 7.073 7.087 5.793 7.565 8.629 12.747 7.360 4.749 5.217 5.166 4.981 5.563 5.938 5.036 5.590 4.547
-999.250 -999.250 -999.250 -999.250 -999.250 -999.250 -999.250 -999.250 -999.250 -999.250 -999.250 -999.250 -999.250 -999.250 -999.250 -999.250 -999.250 -999.250 -999.250 -999.250 -999.250 -999.250 -999.250 -999.250 -999.250 -999.250 -999.250 -999.250 -999.250 13.353 11.212 14.831 13.241 14.508 15.201 18.301 17.898 16.969 17.707 13.878 13.769 15.296 12.336 12.212 10.835 10.565 10.133 10.105 8.790 8.964 7.589 7.574 5.825 8.792 6.098 5.468 8.018 7.230 6.376 4.635 4.376 5.287 4.095 3.293 4.679 5.296 5.056 4.705
-999.250 -999.250 -999.250 -999.250 -999.250 -999.250 -999.250 -999.250 -999.250 -999.250 -999.250 -999.250 -999.250 -999.250 -999.250 -999.250 -999.250 -999.250 -999.250 -999.250 -999.250 -999.250 -999.250 -999.250 -999.250 -999.250 -999.250 -999.250 12.690 15.564 14.770 16.425 15.459 13.963 18.322 18.054 20.840 17.554 13.246 13.722 11.887 12.371 12.145 12.188 10.132 10.275 9.428 7.689 6.097 8.738 5.983 6.720 6.047 5.320 4.345 4.184 5.077 5.913 4.397 4.006 2.304 2.749 2.862 2.915 5.101 4.324 4.393 4.654
-999.250 -999.250 -999.250 -999.250 -999.250 -999.250 -999.250 -999.250 -999.250 -999.250 -999.250 -999.250 -999.250 -999.250 -999.250 -999.250 -999.250 -999.250 -999.250 -999.250 -999.250 -999.250 -999.250 -999.250 -999.250 -999.250 -999.250 -999.250 13.958 19.695 18.751 20.261 18.015 15.349 17.352 16.004 16.532 15.244 13.495 9.584 10.490 11.038 9.558 6.800 7.849 8.331 9.376 6.368 4.993 7.344 6.144 5.144 4.273 3.460 5.141 2.831 3.341 2.455 3.003 1.796 0.998 0.194 1.911 2.499 2.982 2.823 3.527 3.998
-999.250 -999.250 -999.250 -999.250 -999.250 -999.250 -999.250 -999.250 -999.250 -999.250 -999.250 -999.250 -999.250 -999.250 -999.250 -999.250 -999.250 -999.250 -999.250 -999.250 -999.250 -999.250 -999.250 -999.250 -999.250 -999.250 -999.250 12.908 19.007 20.727 22.235 23.027 21.086 20.318 17.204 15.567 13.506 14.268 9.564 10.747 10.269 10.081 7.601 6.952 5.548 7.039 6.124 6.218 4.280 4.135 5.251 2.972 3.074 3.359 1.949 1.708 1.132 0.823 0.217 0.000 0.000 0.000 0.220 0.857 1.199 1.917 3.023 3.745
-999.250 -999.250 -999.250 -999.250 -999.250 -999.250 -999.250 -999.250 -999.250 -999.250 -999.250 -999.250 -999.250 -999.250 -999.250 -999.250 -999.250 -999.250 -999.250 -999.250 -999.250 -999.250 -999.250 -999.250 -999.250 -999.250 -999.250 12.267 12.338 20.118 21.746 29.165 22.198 18.777 20.652 15.292 12.860 12.323 9.651 11.441 9.396 6.686 9.867 7.898 6.535 5.101 6.045 4.284 3.880 4.782 3.074 2.993 1.448 0.534 0.045 0.823 0.000 0.134 0.000 0.000 0.000 0.000 0.000 0.081 0.000 1.930 1.871 0.688
-999.250 -999.250 -999.250 -999.250 -999.250 -999.250 -999.250 -999.250 -999.250 -999.250 -999.250 -999.250 -999.250 -999.250 -999.250 -999.250 -999.250 -999.250 -999.250 -999.250 -999.250 -999.250 -999.250 -999.250 -999.250 -999.250 -999.250 -999.250 14.134 18.791 21.537 22.550 22.914 19.589 16.833 12.804 13.075 9.245 8.872 8.147 6.767 8.032 8.208 8.924 5.405 5.379 4.941 3.545 2.973 1.642 2.904 2.337 0.774 0.380 0.125 0.000 0.000 0.000 0.000 0.000 0.000 0.000 0.000 0.000 0.060 0.000 1.001 0.702
-999.250 -999.250 -999.250 -999.250 -999.250 -999.250 -999.250 -999.250 -999.250 -999.250 -999.250 -999.250 -999.250 -999.250 -999.250 -999.250 -999.250 -999.250 -999.250 -999.250 -999.250 -999.250 -999.250 -999.250 -999.250 -999.250 -999.250 -999.250 -999.250 -999.250 18.805 21.461 22.622 14.624 16.018 12.813 12.304 11.260 9.238 8.467 7.166 6.524 7.091 6.393 5.315 4.923 4.515 2.205 3.824 2.480 1.796 1.120 0.000 0.000 0.000 0.000 0.000 0.000 0.000 0.000 0.000 0.000 0.000 0.000 0.000 0.000 1.057 0.795
-999.250 -999.250 -999.250 -999.250 -999.250 -999.250 -999.250 -999.250 -999.250 -999.250 -999.250 -999.250 -999.250 -999.250 -999.250 -999.250 -999.250 -999.250 -999.250 -999.250 -999.250 -999.250 -999.250 -999.250 -999.250 -999.250 -999.250 -999.250 -999.250 -999.250 22.753 19.846 19.064 15.508 14.266 11.776 9.742 8.332 9.116 10.031 7.392 5.995 5.311 6.716 4.865 4.189 4.034 3.045 3.641 1.690 1.192 1.051 0.000 0.000 0.000 0.000 0.000 0.000 0.000 0.000 0.000 0.000 0.000 0.000 0.000 0.000 0.000 0.000
-999.250 -999.250 -999.250 -999.250 -999.250 -999.250 -999.250 -999.250 -999.250 -999.250 -999.250 -999.250 -999.250 -999.250 -999.250 -999.250 -999.250 -999.250 -999.250 -999.250 -999.250 -999.250 -999.250 -999.250 -999.250 -999.250 -999.250 -999.250 -999.250 -999.250 19.713 20.354 17.117 15.516 13.176 15.553 10.964 9.267 9.671 8.933 7.892 7.057 5.387 5.330 4.148 3.785 4.197 2.989 0.820 0.000 0.000 0.000 0.000 0.000 0.000 0.000 0.000 0.000 0.000 0.000 0.000 0.000 0.000 0.000 0.000 0.000 0.000 0.000
-999.250 -999.250 -999.250 -999.250 -999.250 -999.250 -999.250 -999.250 -999.250 -999.250 -999.250 -999.250 -999.250 -999.250 -999.250 -999.250 -999.250 -999.250 -999.250 -999.250 -999.250 -999.250 -999.250 -999.250 -999.250 -999.250 -999.250 -999.250 -999.250 -999.250 -999.250 21.889 18.875 17.986 14.972 14.911 14.082 13.097 9.326 8.173 8.441 8.867 8.040 7.495 3.826 2.648 3.186 0.696 0.326 0.000 0.027 0.000 0.000 0.000 0.000 0.000 0.000 0.000 0.000 0.000 0.000 0.000 0.000 0.000 0.000 0.000 0.000 0.000
-999.250 -999.250 -999.250 -999.250 -999.250 -999.250 -999.250 -999.250 -999.250 -999.250 -999.250 -999.250 -999.250 -999.250 -999.250 -999.250 -999.250 -999.250 -999.250 -999.250 -999.250 -999.250 -999.250 -999.250 -999.250 -999.250 -999.250 -999.250 -999.250 -999.250 19.717 20.250 18.823 14.469 15.172 13.591 14.552 11.555 10.832 8.627 9.063 8.332 8.175 7.260 4.444 2.742 2.022 1.681 1.748 0.000 0.000 0.000 0.000 0.000 0.000 0.000 0.000 0.000 0.000 0.000 0.000 0.000 0.000 0.000 0.000 0.000 0.000 0.000
-999.250 -999.250 -999.250 -999.250 -999.250 -999.250 -999.250 -999.250 -999.250 -999.250 -999.250 -999.250 -999.250 -999.250 -999.250 -999.250 -999.250 -999.250 -999.250 -999.250 -999.250 -999.250 -999.250 -999.250 -999.250 -999.250 -999.250 -999.250 -999.250 -999.250 -999.250 20.272 15.889 16.669 12.091 15.208 13.428 11.180 12.227 10.114 9.563 9.232 7.010 6.165 4.232 4.036 2.437 1.405 1.506 0.000 0.000 0.000 0.000 0.000 0.000 0.000 0.000 0.000 0.000 0.000 0.000 0.000 0.000 0.000 0.000 0.000 0.000 0.000
