data/medianmodel_22-Aug-2020.asc
ncols	141
nrows	288
xllcorner	-120191.398
yllcorner	-301404.813
cellsize	2000.000
NODATA_value	-999.250
[rows 186 to 216 of 288, columns 0 to 68 of 141]
22.633 23.103 23.489 25.862 26.965 30.229 38.689 42.956 49.750 63.617 60.461 62.066 67.794 70.311 70.919 59.292 44.915 37.123 -999.250 -999.250 -999.250 -999.250 -999.250 22.636 22.673 21.511 20.712 18.948 17.273 14.135 8.745 5.247 1.443 0.000 0.000 0.000 0.000 0.000 0.000 0.000 0.000 7.372 19.827 36.565 60.021 87.059 116.144 138.916 185.739 191.127 310.880 366.613 396.064 369.913 436.564 503.431 496.169 572.888 512.122 523.466 354.351 373.808 217.852 170.598 142.068 100.295 73.295 62.542 52.878
-999.250 23.033 25.164 25.321 28.167 28.871 33.973 41.566 47.151 53.610 53.628 55.482 58.662 61.328 62.227 54.918 43.593 36.913 -999.250 -999.250 -999.250 -999.250 24.140 21.293 19.742 21.219 20.865 18.989 18.587 15.692 9.949 6.383 1.360 0.000 0.000 0.000 0.000 0.000 0.000 0.000 0.000 4.315 12.879 32.362 51.679 73.186 108.066 127.701 142.827 167.927 216.545 320.865 362.246 373.330 444.667 500.511 484.685 441.803 396.093 380.528 300.066 215.163 183.251 140.611 87.904 28.868 25.083 21.802 18.219
-999.250 23.192 25.678 26.731 28.282 30.477 34.198 40.352 44.080 50.012 50.747 52.099 53.153 52.094 51.158 53.580 42.141 35.765 -999.250 -999.250 -999.250 25.917 -999.250 19.639 19.427 20.041 20.397 23.080 21.807 17.746 12.144 7.622 2.014 0.000 0.000 0.000 0.000 0.000 0.000 0.000 0.000 1.423 10.193 22.128 41.212 63.810 90.941 103.065 125.870 161.779 175.331 225.731 229.845 314.102 317.946 321.711 293.888 263.372 252.428 291.340 200.656 163.256 140.881 100.726 59.800 19.732 6.948 3.558 0.963
-999.250 23.865 26.068 28.269 27.925 30.890 33.650 38.632 42.608 45.409 51.937 56.958 52.611 46.337 45.069 42.420 40.322 -999.250 -999.250 -999.250 -999.250 24.324 20.473 15.753 16.001 17.058 20.543 26.038 28.132 23.099 13.280 6.895 3.283 0.000 0.000 0.000 0.000 0.000 0.000 0.000 0.000 0.000 5.219 13.456 27.494 42.654 65.580 94.813 104.562 122.678 153.049 165.827 187.332 203.704 227.078 216.460 226.276 275.632 211.197 213.858 167.378 151.905 111.227 81.565 47.042 18.712 2.007 0.000 0.000
-999.250 25.447 27.544 35.111 29.643 32.004 33.398 38.424 42.073 47.230 54.265 65.386 52.781 44.349 40.233 39.658 39.156 -999.250 -999.250 -999.250 31.965 25.808 22.564 15.208 13.775 15.295 19.088 26.559 40.431 24.769 15.162 7.458 2.456 0.000 0.000 0.000 0.000 0.000 0.000 0.000 0.000 0.000 0.000 6.168 14.174 27.788 49.742 66.136 93.234 109.605 126.028 142.882 151.205 181.515 191.797 218.376 184.220 189.205 199.741 155.405 126.095 122.074 94.349 68.365 40.754 16.498 1.854 0.000 0.000
-999.250 -999.250 -999.250 29.752 -999.250 -999.250 33.801 36.329 40.952 -999.250 -999.250 -999.250 43.903 39.844 -999.250 -999.250 -999.250 -999.250 -999.250 -999.250 35.135 25.740 18.963 13.687 12.073 12.674 15.004 20.160 23.831 19.486 12.977 6.422 1.965 0.000 0.000 0.000 0.000 0.000 0.000 0.000 0.000 0.000 0.000 0.000 3.551 11.682 28.180 58.490 71.417 97.827 107.485 114.675 126.862 136.021 164.567 185.177 202.782 168.189 177.332 141.130 119.425 100.368 90.902 63.430 36.590 16.637 3.825 0.000 0.000
-999.250 -999.250 -999.250 -999.250 -999.250 -999.250 -999.250 -999.250 -999.250 -999.250 -999.250 -999.250 -999.250 34.339 32.281 34.012 -999.250 -999.250 -999.250 49.739 40.329 27.133 17.599 11.826 9.452 8.516 11.173 14.373 14.009 12.780 9.351 5.036 0.954 0.000 0.000 0.000 0.000 0.000 0.000 0.000 0.000 0.000 0.000 0.000 0.000 0.000 16.790 39.942 64.143 77.644 97.633 103.293 108.588 128.916 148.383 177.694 186.991 179.046 142.218 127.937 110.580 94.782 69.365 54.034 30.250 13.938 2.560 0.000 0.000
-999.250 -999.250 -999.250 -999.250 -999.250 -999.250 -999.250 -999.250 -999.250 -999.250 -999.250 33.057 30.774 28.114 27.805 33.720 -999.250 -999.250 52.129 66.536 44.192 28.468 18.474 11.048 7.730 6.599 8.439 8.708 9.885 7.860 6.444 5.126 0.360 0.000 0.000 0.000 0.000 0.000 0.000 0.000 0.000 0.000 0.000 0.000 0.000 0.000 11.058 27.585 49.178 70.750 83.651 96.776 104.171 124.311 141.103 177.176 204.512 172.734 132.269 119.694 98.505 76.928 62.236 41.616 24.776 9.352 0.000 0.000 0.000
-999.250 -999.250 -999.250 -999.250 -999.250 -999.250 -999.250 -999.250 -999.250 -999.250 -999.250 27.856 25.715 23.375 23.230 24.207 29.380 35.560 43.707 48.096 41.407 31.052 18.431 10.618 8.185 6.383 9.336 7.246 8.400 7.563 5.731 4.890 1.460 0.000 0.000 0.000 0.000 0.000 0.000 0.000 0.000 0.000 0.000 0.000 0.000 0.000 9.687 22.995 40.647 60.093 68.403 87.298 99.522 109.083 124.989 144.020 154.248 134.064 122.219 104.162 88.906 67.109 47.698 33.100 20.434 7.711 0.000 0.000 0.000
-999.250 -999.250 -999.250 -999.250 -999.250 -999.250 -999.250 -999.250 -999.250 -999.250 -999.250 -999.250 21.114 19.184 19.074 19.657 26.229 28.717 34.364 40.414 34.089 26.469 17.646 12.979 10.022 7.501 7.663 7.953 9.028 8.480 7.438 5.436 1.059 0.000 0.000 0.000 0.000 0.000 0.000 0.000 0.000 0.000 0.000 0.000 0.000 0.037 7.650 21.213 33.051 44.993 59.209 70.781 88.188 97.988 103.953 111.081 117.277 111.427 103.360 93.715 73.315 59.483 39.755 27.878 15.355 6.434 0.000 0.000 0.000
-999.250 -999.250 -999.250 -999.250 -999.250 -999.250 -999.250 -999.250 -999.250 -999.250 -999.250 -999.250 -999.250 16.427 16.120 15.811 18.903 22.764 27.459 30.503 30.272 23.402 18.313 14.307 12.563 10.374 11.454 12.559 12.736 12.153 9.568 7.004 4.603 0.000 0.000 0.000 0.000 0.000 0.000 0.000 0.000 0.000 0.000 0.000 0.000 0.000 5.775 13.870 25.980 38.944 47.442 63.180 69.380 79.317 88.218 96.462 97.590 94.967 80.958 72.366 62.129 45.659 36.094 22.275 12.235 5.234 0.000 0.000 0.000
-999.250 -999.250 -999.250 -999.250 -999.250 -999.250 -999.250 -999.250 -999.250 -999.250 -999.250 -999.250 -999.250 14.655 14.370 14.750 16.787 20.424 24.394 26.198 26.520 23.246 20.205 14.916 14.278 15.228 16.970 18.591 19.749 18.324 13.623 9.956 6.137 2.463 0.000 0.000 0.000 0.000 0.000 0.000 0.000 0.000 0.000 0.000 0.000 0.000 4.310 11.057 22.593 31.184 40.596 45.074 60.935 65.247 71.318 73.487 73.422 70.491 67.550 61.331 48.957 41.471 29.883 20.647 10.196 3.742 0.000 0.000 0.000
-999.250 -999.250 -999.250 -999.250 -999.250 -999.250 -999.250 -999.250 -999.250 -999.250 -999.250 -999.250 -999.250 14.574 14.005 14.217 15.586 19.532 24.027 24.184 25.209 22.624 19.787 19.831 17.926 21.683 24.315 27.299 27.895 26.040 19.942 14.065 10.204 5.606 0.652 0.000 0.000 0.000 0.000 0.000 0.000 0.000 0.000 0.000 0.000 0.000 3.041 8.829 14.632 25.432 33.415 40.668 47.877 53.902 63.756 65.124 63.122 62.365 57.308 46.761 39.697 31.222 23.530 13.635 6.953 2.453 0.000 0.000 0.000
-999.250 -999.250 -999.250 -999.250 -999.250 -999.250 -999.250 -999.250 -999.250 -999.250 -999.250 -999.250 -999.250 -999.250 14.564 13.304 16.771 20.093 28.925 23.953 23.514 22.901 20.726 20.524 22.863 26.229 32.049 36.569 40.538 35.121 27.406 19.407 12.254 8.546 2.570 0.000 0.000 0.000 0.000 0.000 0.000 0.000 0.000 0.000 0.000 0.000 0.591 6.037 11.028 19.537 25.518 32.395 40.414 42.325 45.966 47.830 44.993 44.852 41.742 38.402 30.504 22.605 14.719 8.773 4.398 0.000 0.000 0.000 0.000
-999.250 -999.250 -999.250 -999.250 -999.250 -999.250 -999.250 -999.250 -999.250 -999.250 -999.250 -999.250 -999.250 -999.250 14.065 14.483 15.663 17.606 20.742 20.960 22.123 22.609 24.150 22.461 26.334 28.933 33.973 42.389 59.066 42.133 32.429 23.882 15.406 9.770 6.138 1.179 0.000 0.000 0.000 0.000 0.000 0.000 0.000 0.000 0.000 0.000 0.000 2.732 8.016 12.962 18.053 24.360 31.059 35.555 34.981 36.387 36.794 35.738 32.113 29.039 24.731 16.889 11.558 5.502 1.226 0.000 0.000 0.000 0.000
-999.250 -999.250 -999.250 -999.250 -999.250 -999.250 -999.250 -999.250 -999.250 -999.250 -999.250 -999.250 -999.250 -999.250 13.732 13.820 14.348 16.288 19.291 19.685 20.810 21.683 20.692 23.617 27.276 31.749 35.294 41.488 45.001 41.282 32.784 24.901 17.469 12.503 6.735 2.233 0.000 0.000 0.000 0.000 0.000 0.000 0.000 0.000 0.000 0.000 0.000 2.712 7.544 8.714 13.840 17.748 22.897 26.049 24.790 25.089 26.408 25.564 25.411 23.020 15.561 12.111 8.488 2.888 0.000 0.000 0.000 0.000 0.000
-999.250 -999.250 -999.250 -999.250 -999.250 -999.250 -999.250 -999.250 -999.250 -999.250 -999.250 -999.250 -999.250 -999.250 13.077 13.220 14.559 16.604 18.029 18.881 19.846 21.193 23.614 25.603 26.938 -999.250 32.880 37.973 40.299 36.725 29.101 24.234 17.288 11.537 7.689 3.559 0.029 0.000 0.000 0.000 0.000 0.000 0.000 0.000 0.000 0.000 0.000 0.822 4.192 7.584 8.659 13.417 16.452 17.693 19.519 15.172 17.544 18.153 16.824 16.932 11.023 7.535 4.317 0.187 0.000 0.000 0.000 0.000 0.000
-999.250 -999.250 -999.250 -999.250 -999.250 -999.250 -999.250 -999.250 -999.250 -999.250 -999.250 -999.250 -999.250 -999.250 12.381 13.884 14.245 15.104 16.319 17.072 20.200 22.464 23.154 -999.250 -999.250 -999.250 31.786 33.150 34.064 32.153 27.426 21.854 16.509 11.425 7.757 5.239 0.000 0.000 0.000 0.000 0.000 0.000 0.000 0.000 0.000 0.000 0.000 0.000 2.791 4.273 6.153 8.853 8.810 9.228 10.445 9.724 10.626 13.126 10.451 8.567 6.069 4.469 0.856 0.000 0.000 0.000 0.000 0.000 0.000
-999.250 -999.250 -999.250 -999.250 -999.250 -999.250 -999.250 -999.250 -999.250 -999.250 -999.250 -999.250 -999.250 10.693 12.214 12.721 14.238 15.473 15.612 17.372 20.260 21.704 -999.250 -999.250 -999.250 -999.250 -999.250 27.679 28.705 26.806 23.014 19.633 14.453 10.770 7.680 5.481 2.252 0.000 0.000 0.000 0.000 0.000 0.000 0.000 0.000 0.000 0.000 0.000 0.146 2.024 3.989 5.761 6.408 5.297 4.906 7.253 6.901 5.605 6.079 4.319 0.914 0.968 0.000 0.000 0.000 0.000 0.000 0.000 0.000
-999.250 -999.250 -999.250 -999.250 -999.250 -999.250 -999.250 -999.250 -999.250 -999.250 -999.250 -999.250 -999.250 10.450 10.432 12.044 13.698 14.640 15.448 17.233 -999.250 -999.250 -999.250 -999.250 -999.250 -999.250 -999.250 -999.250 25.520 25.193 21.326 17.334 14.136 12.011 8.880 5.740 3.008 0.627 0.000 0.000 0.000 0.000 0.000 0.000 0.000 0.000 0.000 0.000 0.000 1.232 3.127 1.887 0.814 1.316 3.413 1.684 3.572 1.379 0.725 0.000 0.000 0.000 0.000 0.000 0.000 0.000 0.000 0.000 0.000
-999.250 -999.250 -999.250 -999.250 -999.250 -999.250 -999.250 -999.250 -999.250 -999.250 -999.250 -999.250 9.978 9.114 -999.250 -999.250 -999.250 -999.250 -999.250 -999.250 -999.250 -999.250 -999.250 -999.250 -999.250 -999.250 -999.250 -999.250 -999.250 21.726 17.035 15.043 11.039 8.176 6.878 5.029 2.036 1.957 0.026 1.300 0.223 1.219 0.103 0.022 0.000 0.000 0.000 0.000 0.000 0.000 0.000 0.000 0.000 0.000 0.000 0.000 0.000 0.000 0.000 0.000 0.000 0.000 0.000 0.000 0.000 0.000 0.000 0.000 0.000
-999.250 -999.250 -999.250 -999.250 -999.250 -999.250 -999.250 -999.250 -999.250 -999.250 -999.250 -999.250 -999.250 -999.250 -999.250 -999.250 -999.250 -999.250 -999.250 -999.250 -999.250 -999.250 -999.250 -999.250 -999.250 -999.250 -999.250 -999.250 -999.250 -999.250 15.738 14.047 9.469 7.195 6.387 5.110 3.984 0.675 1.868 1.842 4.429 5.097 5.144 4.460 0.406 0.000 0.000 0.000 0.000 0.000 0.000 0.000 0.000 0.000 0.000 0.000 0.000 0.000 0.000 0.000 0.000 0.000 0.000 0.000 0.000 0.000 0.000 0.000 0.000
-999.250 -999.250 -999.250 -999.250 -999.250 -999.250 -999.250 -999.250 -999.250 -999.250 -999.250 -999.250 -999.250 -999.250 -999.250 -999.250 -999.250 -999.250 -999.250 -999.250 -999.250 -999.250 -999.250 -999.250 -999.250 -999.250 -999.250 -999.250 -999.250 -999.250 13.518 10.952 7.722 7.454 6.020 4.875 4.473 2.435 2.767 5.048 6.573 7.700 7.781 6.664 3.426 1.493 0.000 0.000 0.000 0.000 0.000 0.000 0.000 0.000 0.000 0.000 0.000 0.000 0.000 0.000 0.000 0.000 0.000 0.000 0.000 0.000 0.000 0.000 0.000
-999.250 -999.250 -999.250 -999.250 -999.250 -999.250 -999.250 -999.250 -999.250 -999.250 -999.250 -999.250 -999.250 -999.250 -999.250 -999.250 -999.250 -999.250 -999.250 -999.250 -999.250 -999.250 -999.250 -999.250 -999.250 -999.250 -999.250 -999.250 -999.250 -999.250 11.117 9.159 6.717 5.890 5.053 1.997 3.959 3.361 4.332 6.114 8.417 11.940 13.618 10.447 7.021 2.487 0.000 0.000 0.000 0.000 0.000 0.000 0.000 0.000 0.000 0.000 0.000 0.000 0.000 0.000 0.000 0.000 0.000 0.000 0.000 0.000 0.000 0.000 0.000
-999.250 -999.250 -999.250 -999.250 -999.250 -999.250 -999.250 -999.250 -999.250 -999.250 -999.250 -999.250 -999.250 -999.250 -999.250 -999.250 -999.250 -999.250 -999.250 -999.250 -999.250 -999.250 -999.250 -999.250 -999.250 -999.250 -999.250 -999.250 -999.250 -999.250 -999.250 6.545 4.325 2.960 3.197 0.707 1.668 1.147 4.715 6.519 9.136 14.842 25.731 13.396 6.971 2.442 1.399 0.000 0.000 0.000 0.000 0.000 0.000 0.000 0.000 0.000 0.000 0.000 0.000 0.000 0.000 0.000 0.000 0.000 0.000 0.000 0.000 0.000 0.000
-999.250 -999.250 -999.250 -999.250 -999.250 -999.250 -999.250 -999.250 -999.250 -999.250 -999.250 -999.250 -999.250 -999.250 -999.250 -999.250 -999.250 -999.250 -999.250 -999.250 -999.250 -999.250 -999.250 -999.250 -999.250 -999.250 -999.250 -999.250 -999.250 -999.250 -999.250 4.812 3.985 2.370 0.750 0.375 0.000 0.635 1.506 5.347 7.276 10.506 13.399 9.685 4.795 1.962 0.334 0.000 0.000 0.000 0.000 0.000 0.000 0.000 0.000 0.000 0.000 0.000 0.000 0.000 0.000 0.000 0.000 0.000 0.000 0.000 0.000 0.000 0.000
-999.250 -999.250 -999.250 -999.250 -999.250 -999.250 -999.250 -999.250 -999.250 -999.250 -999.250 -999.250 -999.250 -999.250 -999.250 -999.250 -999.250 -999.250 -999.250 -999.250 -999.250 -999.250 -999.250 -999.250 -999.250 -999.250 -999.250 -999.250 -999.250 -999.250 -999.250 4.664 1.765 0.796 0.000 0.000 0.000 0.000 1.157 4.426 5.316 6.777 6.815 5.684 3.987 0.000 0.000 0.000 0.000 0.000 0.000 0.000 0.000 0.000 0.000 0.000 0.000 0.000 0.000 0.000 0.000 0.000 0.000 0.000 0.000 0.000 0.000 0.000 0.000
-999.250 -999.250 -999.250 -999.250 -999.250 -999.250 -999.250 -999.250 -999.250 -999.250 -999.250 -999.250 -999.250 -999.250 -999.250 -999.250 -999.250 -999.250 -999.250 -999.250 -999.250 -999.250 -999.250 -999.250 -999.250 -999.250 -999.250 -999.250 -999.250 -999.250 -999.250 0.000 0.000 0.000 0.000 0.000 0.000 0.000 0.000 0.000 0.416 1.464 2.451 1.575 0.329 0.000 0.000 0.000 0.000 0.000 0.000 0.000 0.000 0.000 0.000 0.000 0.000 0.000 0.000 0.000 0.000 0.000 0.000 0.000 0.000 0.000 0.000 0.000 0.000
-999.250 -999.250 -999.250 -999.250 -999.250 -999.250 -999.250 -999.250 -999.250 -999.250 -999.250 -999.250 -999.250 -999.250 -999.250 -999.250 -999.250 -999.250 -999.250 -999.250 -999.250 -999.250 -999.250 -999.250 -999.250 -999.250 -999.250 -999.250 -999.250 -999.250 -999.250 0.000 0.000 0.000 0.000 0.000 0.000 0.000 0.000 0.000 0.000 0.000 0.000 0.000 0.000 0.000 0.000 0.000 0.000 0.000 0.000 0.000 0.000 0.000 0.000 0.000 0.000 0.000 0.000 0.000 0.000 0.000 0.000 0.000 0.000 0.000 0.000 0.000 0.000
-999.250 -999.250 -999.250 -999.250 -999.250 -999.250 -999.250 -999.250 -999.250 -999.250 -999.250 -999.250 -999.250 -999.250 -999.250 -999.250 -999.250 -999.250 -999.250 -999.250 -999.250 -999.250 -999.250 -999.250 -999.250 -999.250 -999.250 -999.250 -999.250 -999.250 -999.250 0.000 0.000 0.000 0.000 0.000 0.000 0.000 0.000 0.000 0.000 0.000 0.000 0.000 0.000 0.000 0.000 0.000 0.000 0.000 0.000 0.000 0.000 0.000 0.000 0.000 0.000 0.000 0.000 0.000 0.000 0.000 0.000 0.000 0.000 0.000 0.000 0.000 0.000
-999.250 -999.250 -999.250 -999.250 -999.250 -999.250 -999.250 -999.250 -999.250 -999.250 -999.250 -999.250 -999.250 -999.250 -999.250 -999.250 -999.250 -999.250 -999.250 -999.250 -999.250 -999.250 -999.250 -999.250 -999.250 -999.250 -999.250 -999.250 -999.250 -999.250 -999.250 0.000 0.000 0.000 0.000 0.000 0.000 0.000 0.000 0.000 0.000 0.000 0.000 0.000 0.000 0.000 0.000 0.000 0.000 0.000 0.000 0.000 0.000 0.000 0.000 0.000 0.000 0.000 0.000 0.000 0.000 0.000 0.000 0.000 0.000 0.000 0.000 0.000 0.000
