data/medianmodel_13-Apr-2020.asc
ncols	141
nrows	288
xllcorner	-120191.398
yllcorner	-301404.813
cellsize	2000.000
NODATA_value	-999.250
[rows 150 to 179 of 288, columns 0 to 67 of 141]
-999.250 -999.250 -999.250 -999.250 -999.250 -999.250 -999.250 -999.250 -999.250 -999.250 -999.250 -999.250 15.918 17.150 12.451 16.768 15.003 18.803 20.594 20.418 23.582 28.242 29.986 32.712 34.751 37.889 36.627 36.688 43.727 38.771 38.505 40.066 36.681 36.109 36.459 34.008 38.383 35.671 31.153 34.995 32.317 24.954 21.099 20.598 17.766 19.566 20.846 22.147 24.414 22.776 21.119 18.123 16.252 18.218 19.376 21.867 22.101 23.243 27.713 28.216 28.105 26.130 28.822 23.007 22.561 20.651 16.766 16.346
-999.250 -999.250 -999.250 -999.250 -999.250 -999.250 -999.250 -999.250 -999.250 -999.250 -999.250 14.253 14.025 15.782 14.091 16.356 15.759 15.567 17.828 19.896 21.357 24.622 25.248 32.443 36.927 38.581 37.143 36.398 41.733 44.356 39.895 39.467 40.605 45.924 38.318 37.918 38.448 33.396 35.850 33.799 29.567 29.540 26.669 22.206 19.828 18.730 22.456 26.410 25.618 24.081 21.855 20.201 18.306 17.912 22.455 23.120 22.419 23.431 26.126 29.016 30.651 28.322 31.195 24.248 23.780 19.716 17.227 16.306
-999.250 -999.250 -999.250 -999.250 -999.250 -999.250 -999.250 -999.250 -999.250 -999.250 17.741 16.883 15.861 16.702 15.504 15.784 14.669 14.376 15.414 17.812 20.660 26.267 28.119 28.786 40.776 32.618 40.436 35.568 34.484 37.509 36.641 37.236 39.649 40.151 37.539 43.694 45.252 36.909 36.341 34.955 31.499 32.990 26.570 28.146 25.154 25.219 26.979 29.891 26.608 24.331 24.119 24.391 23.665 23.640 23.846 25.734 25.281 25.551 26.514 27.622 28.660 25.146 25.512 24.825 22.638 21.266 18.998 14.457
-999.250 -999.250 -999.250 -999.250 -999.250 -999.250 -999.250 -999.250 -999.250 20.741 21.218 17.354 17.565 18.069 17.646 8.439 13.703 15.066 16.714 13.484 19.703 27.554 29.835 32.581 32.752 35.807 41.993 37.939 34.993 34.700 31.799 35.290 33.508 35.752 32.924 41.418 41.752 36.588 34.344 39.892 37.088 33.013 30.085 30.854 29.337 28.856 33.594 31.451 29.644 27.036 24.130 28.815 25.098 26.477 27.920 24.125 24.612 31.867 27.560 27.861 26.888 24.980 23.629 22.141 21.536 19.835 18.858 18.491
-999.250 -999.250 -999.250 -999.250 -999.250 21.910 22.641 23.205 21.798 21.527 21.821 19.152 17.568 18.436 17.370 12.808 15.384 16.622 18.716 17.856 21.014 25.643 28.314 32.743 37.048 38.522 45.670 35.110 32.889 35.614 38.231 33.648 31.349 36.758 36.273 39.501 41.159 44.340 39.144 39.077 39.710 33.367 35.460 31.776 37.518 35.647 43.492 37.345 33.337 34.545 29.989 29.733 29.815 27.613 26.371 25.357 28.999 28.178 29.974 27.542 25.607 26.044 25.292 22.196 20.806 20.474 17.210 17.686
-999.250 -999.250 -999.250 -999.250 -999.250 -999.250 -999.250 23.341 23.601 22.887 23.832 20.629 19.389 18.920 17.545 16.142 16.808 19.345 18.264 19.413 25.544 26.186 29.628 30.890 33.100 39.256 35.108 35.934 34.795 34.702 37.529 35.776 33.699 36.804 35.635 39.238 42.707 44.751 47.570 43.305 38.428 36.985 35.240 38.159 37.374 38.136 44.355 40.460 33.151 37.460 33.995 30.470 34.144 27.836 30.516 26.871 28.093 25.606 29.369 27.933 25.438 26.320 25.872 25.329 20.826 17.998 16.176 14.813
-999.250 -999.250 -999.250 -999.250 -999.250 -999.250 -999.250 25.332 23.403 21.312 21.198 19.548 20.474 19.268 16.201 18.380 18.216 20.210 20.525 19.110 24.817 29.010 30.184 33.791 33.117 35.745 34.603 36.162 34.792 31.086 37.092 37.080 40.361 37.138 37.679 44.819 41.006 37.306 45.034 36.305 35.539 32.664 34.319 41.625 43.296 41.717 42.109 39.900 40.169 34.472 30.003 30.979 31.933 26.862 29.952 29.475 26.810 28.916 29.210 23.508 23.271 25.906 23.812 22.655 20.860 18.390 16.773 16.770
-999.250 -999.250 -999.250 -999.250 -999.250 -999.250 -999.250 23.350 25.048 23.778 21.511 20.363 20.476 19.518 17.012 20.314 19.237 19.674 22.304 24.875 23.495 27.337 29.850 30.426 32.507 35.366 39.259 33.806 30.840 30.897 37.413 36.677 39.232 43.919 35.323 38.823 41.524 38.622 39.826 39.528 38.385 35.398 38.681 38.099 39.633 40.373 38.895 41.956 35.587 33.436 30.662 34.988 30.689 27.788 26.734 28.567 25.991 25.967 24.826 24.697 24.670 22.395 22.897 22.686 19.968 20.592 16.467 17.729
-999.250 -999.250 -999.250 -999.250 -999.250 -999.250 -999.250 27.264 25.717 21.635 21.006 20.831 18.827 15.438 19.956 18.260 20.320 21.852 20.822 26.194 26.862 27.119 30.090 32.637 33.273 35.087 37.337 35.044 34.369 37.069 38.776 38.721 40.291 38.647 40.581 42.544 40.161 35.952 39.719 40.671 36.082 37.401 40.809 39.722 42.906 37.813 40.055 37.026 38.757 35.904 34.088 35.403 38.780 38.493 27.832 28.571 25.676 25.512 23.233 22.864 24.263 22.765 21.414 20.977 20.715 17.728 16.495 14.530
-999.250 -999.250 -999.250 -999.250 -999.250 -999.250 -999.250 -999.250 23.086 22.836 23.667 21.960 21.080 18.801 19.998 18.062 21.227 23.671 23.332 22.837 26.591 29.351 29.289 33.275 35.540 36.414 34.997 34.472 35.827 36.689 35.162 41.311 41.493 44.790 43.359 41.455 41.794 36.119 35.488 35.776 38.797 38.953 40.832 35.365 37.069 35.232 39.608 38.913 40.900 34.225 36.313 37.114 31.325 34.961 30.742 30.408 30.715 27.459 25.983 24.515 20.692 19.293 19.362 18.646 17.624 14.687 10.996 12.515
-999.250 -999.250 -999.250 -999.250 -999.250 -999.250 -999.250 -999.250 25.139 23.206 23.524 23.957 21.262 24.542 19.837 15.926 20.924 25.393 24.106 27.573 26.545 27.466 30.691 33.883 32.974 35.350 34.927 33.845 35.839 33.011 34.557 36.444 34.015 42.247 38.208 43.462 39.734 37.416 35.544 35.023 37.323 42.499 38.827 36.916 38.743 34.544 33.965 37.328 39.246 38.592 38.377 38.332 36.095 32.572 33.799 31.971 27.257 27.103 24.030 21.529 20.812 21.354 21.547 17.367 15.042 6.669 9.450 9.259
-999.250 -999.250 -999.250 -999.250 -999.250 -999.250 -999.250 25.147 28.415 24.744 23.468 24.219 21.601 22.658 22.094 20.758 21.377 23.086 22.156 27.285 27.891 28.694 29.387 31.612 33.350 34.488 33.981 36.241 37.751 34.863 39.222 36.103 37.771 39.717 40.069 40.692 47.021 36.408 31.201 30.501 32.103 33.873 34.691 37.579 38.518 36.505 39.750 33.268 36.595 39.526 36.842 37.695 34.686 34.290 33.388 28.567 25.525 24.531 22.771 21.050 22.343 21.979 16.607 19.526 14.591 8.102 9.225 11.307
-999.250 -999.250 -999.250 -999.250 -999.250 -999.250 -999.250 25.431 24.967 25.792 25.550 25.939 26.671 22.169 19.908 21.502 24.575 24.283 26.915 27.354 29.255 29.344 27.952 31.014 33.474 34.401 33.945 33.414 40.755 37.767 35.676 37.322 41.004 39.259 34.792 36.052 36.034 29.521 27.749 25.976 29.582 33.529 33.024 32.638 38.718 35.508 35.525 36.361 37.338 36.851 39.764 35.203 38.466 38.927 34.272 31.536 32.799 25.834 21.268 23.113 21.689 18.350 17.652 16.103 12.075 14.043 10.938 12.388
-999.250 -999.250 -999.250 -999.250 -999.250 -999.250 -999.250 24.823 27.457 24.144 26.837 25.801 21.625 21.700 21.630 23.856 22.568 26.768 25.122 27.103 28.989 25.625 26.289 31.618 30.445 30.203 35.194 34.802 37.507 34.981 35.964 40.676 37.704 41.523 36.364 34.630 31.676 27.296 17.741 22.348 27.664 29.445 29.572 32.536 35.617 32.243 29.927 32.698 31.037 40.072 34.765 36.150 36.480 32.121 27.795 28.292 28.881 23.682 24.112 19.527 21.260 20.335 19.859 17.791 14.918 14.867 14.582 11.935
-999.250 -999.250 -999.250 -999.250 -999.250 -999.250 -999.250 25.017 25.513 25.871 25.832 26.705 23.906 24.210 22.596 25.105 25.602 25.845 26.273 27.393 28.281 25.308 23.772 28.976 30.757 33.258 32.181 33.232 32.473 34.520 35.810 40.392 36.349 35.270 33.853 33.731 29.262 24.497 23.681 25.094 27.135 27.852 29.257 35.578 35.386 36.073 36.999 35.364 40.104 46.351 40.259 39.622 38.804 33.157 30.734 27.459 25.107 23.275 20.985 20.516 18.631 16.822 16.358 15.170 12.684 11.647 13.607 14.699
-999.250 -999.250 -999.250 -999.250 -999.250 -999.250 24.478 23.214 25.553 29.316 29.598 26.969 25.131 25.457 25.740 24.465 24.599 25.993 27.124 28.747 26.850 25.892 25.351 27.190 29.153 25.867 28.823 30.177 32.179 31.815 33.046 41.941 34.092 31.364 33.496 31.693 31.469 27.551 26.121 25.334 29.197 26.214 30.668 31.951 33.145 31.636 34.397 35.710 44.060 37.860 35.142 38.249 46.782 36.387 31.533 31.253 24.887 24.994 23.818 19.737 17.157 18.654 18.366 13.656 12.375 12.950 14.442 13.185
-999.250 -999.250 -999.250 -999.250 -999.250 -999.250 24.410 23.229 25.024 28.997 28.954 30.407 25.739 23.613 24.223 24.587 23.793 23.349 28.212 29.711 28.270 23.980 26.986 27.588 25.973 24.650 25.154 27.923 29.045 31.083 35.217 32.830 30.194 29.912 29.744 29.066 29.783 31.748 30.616 27.820 27.342 31.619 32.829 32.430 31.325 31.933 36.995 39.730 38.469 38.447 34.266 36.142 42.368 29.187 25.373 28.362 26.271 22.299 23.005 23.508 19.024 15.493 17.955 17.087 14.718 13.054 10.734 12.588
-999.250 -999.250 -999.250 -999.250 -999.250 25.304 26.175 27.056 26.204 27.885 27.497 27.142 28.904 26.062 23.686 23.398 22.963 26.895 25.179 23.150 22.764 24.188 28.193 27.905 24.214 26.389 24.141 22.011 25.299 27.840 30.807 31.022 29.889 30.746 31.083 31.292 32.328 30.788 30.256 29.078 31.330 31.403 28.359 33.155 33.910 34.857 35.677 39.124 42.818 41.791 30.884 31.864 31.313 24.684 26.147 28.912 27.119 25.356 22.589 18.722 17.117 16.878 17.417 15.720 14.791 12.596 12.738 11.607
-999.250 -999.250 -999.250 -999.250 -999.250 26.116 29.585 25.862 25.798 26.361 27.582 29.288 26.781 22.004 20.745 22.212 19.444 22.140 23.432 23.235 22.711 26.923 27.765 28.451 24.863 24.205 22.266 22.451 23.136 27.454 31.791 30.509 30.158 30.302 31.860 35.108 31.114 31.276 32.914 29.684 29.521 32.001 33.311 34.837 34.812 38.019 36.308 37.067 42.554 34.785 32.806 35.743 32.794 28.147 23.605 25.237 27.483 24.610 22.124 15.986 16.431 17.033 17.354 14.334 15.102 14.695 12.848 10.293
-999.250 -999.250 -999.250 -999.250 28.154 25.146 28.209 24.694 24.654 24.334 26.803 25.335 24.148 20.153 18.704 19.141 19.530 19.119 20.842 22.277 22.892 22.531 25.292 24.502 22.403 22.662 23.910 22.636 23.804 29.469 32.761 30.632 28.955 29.472 33.461 30.665 29.080 31.704 29.025 31.612 35.087 33.985 37.193 34.351 37.337 42.103 37.506 40.565 43.097 35.125 29.463 32.822 31.420 27.807 25.611 24.858 21.876 22.980 21.274 17.274 14.595 12.649 15.370 15.364 13.256 15.016 12.396 9.065
-999.250 -999.250 -999.250 -999.250 26.100 27.476 26.206 23.531 26.525 24.581 23.119 24.278 20.858 18.018 16.891 19.194 14.781 17.289 17.408 22.159 19.660 21.304 22.700 22.327 22.060 22.710 24.536 24.212 25.490 25.306 26.186 26.285 31.742 31.348 26.502 27.137 31.499 30.458 34.289 34.226 39.399 40.106 43.986 36.537 54.704 52.294 46.648 41.642 37.560 36.594 32.432 32.519 33.268 29.998 26.224 22.965 20.869 19.862 18.534 16.708 15.706 13.633 14.329 16.113 14.198 14.300 12.742 9.632
-999.250 -999.250 -999.250 -999.250 26.658 25.239 26.290 23.041 25.098 22.984 25.007 23.705 22.344 16.796 16.271 13.610 12.348 13.319 14.572 15.478 18.450 20.463 21.980 22.483 22.497 23.440 25.015 23.742 24.907 25.444 27.011 29.206 29.762 27.856 28.021 30.693 27.439 28.508 30.734 32.626 40.834 45.364 44.429 51.451 55.264 50.786 51.302 52.443 40.583 38.544 34.706 31.225 30.168 27.036 22.619 25.229 19.950 21.158 17.144 13.756 12.971 14.365 14.783 14.077 11.115 14.994 13.449 8.917
-999.250 -999.250 -999.250 -999.250 25.723 24.397 26.717 27.636 24.945 23.825 22.701 22.806 20.234 14.947 12.691 8.529 6.995 6.655 8.091 11.966 16.386 18.728 22.602 25.074 25.055 27.947 26.054 23.338 25.263 25.072 24.666 26.515 30.568 27.696 26.713 28.176 28.342 28.536 28.157 31.898 39.870 43.280 51.776 53.485 60.531 60.614 43.535 41.473 39.994 36.832 33.528 36.241 30.661 28.782 26.368 21.980 20.073 14.578 15.114 12.658 12.916 9.451 13.006 12.357 14.756 14.526 10.098 10.450
-999.250 -999.250 -999.250 -999.250 24.185 28.200 29.359 25.097 23.929 23.639 21.806 19.095 18.587 11.824 8.729 6.053 0.000 0.938 8.766 9.562 13.619 19.382 22.496 28.416 26.968 26.954 28.937 27.275 26.096 29.660 30.149 29.077 30.355 29.791 30.347 34.157 31.311 34.267 35.668 41.425 51.222 54.905 60.579 61.064 57.149 52.207 52.624 42.369 44.213 40.485 38.037 33.262 36.058 28.633 24.116 21.472 18.844 16.718 13.375 14.141 13.132 10.557 11.498 12.310 12.979 13.500 13.350 11.322
-999.250 -999.250 -999.250 -999.250 25.680 28.931 27.885 24.949 26.043 23.601 21.152 18.482 16.815 12.790 10.007 5.611 2.695 5.194 6.955 6.489 14.619 20.686 22.873 23.483 26.911 28.387 28.224 28.272 32.030 33.297 33.259 30.480 30.580 30.526 32.827 31.797 33.527 36.912 35.565 45.318 47.976 49.918 69.143 75.701 64.292 56.745 54.390 41.620 42.677 39.822 37.035 37.438 35.675 30.692 24.482 21.375 16.877 13.732 11.649 11.267 11.284 10.676 10.145 14.161 13.845 13.669 13.787 9.346
-999.250 -999.250 -999.250 -999.250 28.786 27.726 31.718 27.216 26.644 24.111 24.922 20.760 19.555 15.782 14.061 13.429 9.571 8.849 10.242 12.028 17.957 21.100 23.890 27.649 31.297 29.630 32.805 31.942 29.627 29.591 37.954 32.736 32.195 30.538 33.795 34.310 39.353 34.712 36.467 52.593 53.309 59.006 61.100 76.089 67.703 59.396 59.304 40.718 41.466 41.402 34.573 35.375 32.188 30.732 24.715 21.065 15.838 7.601 8.461 8.541 10.071 11.361 10.396 13.042 12.393 14.532 13.998 12.909
-999.250 -999.250 -999.250 -999.250 28.588 29.131 30.055 30.655 26.448 26.793 26.205 25.559 23.372 21.258 18.961 18.097 16.156 14.390 18.666 21.141 24.793 24.874 24.603 28.626 30.350 29.131 34.101 31.556 30.857 35.870 34.115 30.055 29.425 31.745 32.897 32.986 32.720 36.396 45.739 51.387 54.490 57.271 63.119 74.409 70.835 62.376 60.305 43.841 41.454 38.380 38.136 32.918 31.747 29.356 27.059 18.955 9.798 0.000 4.071 7.735 8.904 10.625 11.149 11.081 11.425 11.257 11.398 10.136
-999.250 -999.250 -999.250 -999.250 31.052 30.343 29.959 30.287 29.404 29.335 28.505 28.655 25.915 29.080 28.793 26.058 23.425 21.150 25.240 27.104 29.345 27.330 29.136 29.443 31.946 30.874 31.012 30.143 30.961 35.384 37.034 32.960 29.642 30.271 32.293 33.193 35.696 34.843 39.744 42.965 56.937 52.392 62.593 63.894 74.847 66.699 50.945 48.364 41.792 43.223 42.487 33.898 29.605 27.928 22.504 19.409 8.899 5.115 4.614 8.519 8.833 9.653 8.650 9.086 10.853 7.425 7.284 11.797
-999.250 -999.250 -999.250 -999.250 33.909 36.127 34.059 35.299 33.365 31.234 31.469 33.537 34.213 29.458 27.465 27.858 27.432 29.145 29.352 31.177 32.873 35.190 35.199 34.006 35.617 35.500 34.695 29.798 37.183 35.633 34.575 34.971 32.551 33.578 30.680 35.758 36.190 38.252 40.831 44.068 44.922 56.031 56.078 60.145 61.396 60.264 58.960 59.123 38.572 35.621 38.445 32.614 27.329 26.764 22.992 19.798 15.604 13.688 9.597 9.171 10.143 12.170 11.952 12.834 8.578 9.241 7.914 9.428
-999.250 -999.250 -999.250 33.548 35.529 37.500 37.608 36.784 37.858 37.614 36.809 39.204 36.204 36.033 38.381 37.325 31.535 32.955 34.269 37.892 40.857 40.436 41.880 38.330 36.585 39.017 32.345 31.438 39.128 35.968 37.875 36.955 38.880 32.874 32.296 36.189 40.762 36.242 49.040 50.301 46.967 51.527 52.270 57.058 57.896 57.117 50.828 42.438 47.297 42.240 32.446 33.527 29.087 24.623 24.143 21.094 18.888 14.650 14.295 9.766 11.557 14.509 14.148 10.386 11.808 11.712 5.983 7.657
