data/medianmodel_18-Feb-2021.asc
ncols	141
nrows	288
xllcorner	-120191.398
yllcorner	-301404.813
cellsize	2000.000
NODATA_value	-999.250
[rows 145 to 173 of 288, columns 0 to 64 of 141]
-999.250 -999.250 -999.250 -999.250 -999.250 -999.250 -999.250 -999.250 -999.250 -999.250 -999.250 -999.250 -999.250 -999.250 -999.250 -999.250 -999.250 278.683 277.752 287.909 287.116 303.135 307.102 327.074 340.024 375.707 371.378 366.405 373.128 364.516 362.402 347.530 333.071 317.000 306.086 286.460 282.371 264.398 195.493 177.407 134.558 112.613 105.291 116.752 126.531 135.271 153.427 176.869 187.322 195.648 195.203 185.664 182.087 183.094 186.039 182.612 183.797 182.863 174.042 173.413 177.793 183.548 199.401 215.980 258.125
-999.250 -999.250 -999.250 -999.250 -999.250 -999.250 -999.250 -999.250 -999.250 -999.250 -999.250 -999.250 -999.250 -999.250 -999.250 287.633 289.120 290.114 291.733 295.306 310.497 322.163 348.045 367.937 386.959 408.810 437.238 385.468 392.822 400.092 408.905 391.061 409.349 386.399 371.915 331.478 301.722 286.366 238.936 194.299 153.486 105.917 108.680 112.321 117.181 123.660 137.239 148.685 156.723 163.876 163.562 168.454 166.539 163.495 167.128 175.088 183.032 190.720 176.700 174.178 187.084 198.819 212.256 266.840 290.217
-999.250 -999.250 -999.250 -999.250 -999.250 -999.250 -999.250 -999.250 -999.250 -999.250 -999.250 -999.250 -999.250 -999.250 297.976 285.539 298.808 301.410 305.842 310.172 337.724 351.569 377.009 400.621 429.071 447.081 453.827 438.019 438.268 424.564 415.146 430.516 435.353 420.727 400.896 374.964 340.562 319.811 279.777 214.149 178.299 134.719 123.249 118.860 118.282 115.439 120.515 127.251 134.940 137.412 143.863 152.671 150.038 148.883 147.986 167.037 172.920 181.957 178.256 182.476 191.501 212.190 239.048 282.676 331.976
-999.250 -999.250 -999.250 -999.250 -999.250 -999.250 -999.250 -999.250 -999.250 -999.250 -999.250 -999.250 -999.250 -999.250 309.333 299.642 300.106 304.009 318.397 317.890 354.888 383.397 410.389 430.066 461.509 495.016 468.981 478.285 478.496 465.973 486.810 448.216 454.644 456.341 436.507 409.769 384.939 382.543 331.601 266.613 210.481 173.859 157.381 139.631 125.721 125.243 125.338 120.627 130.756 130.880 141.441 140.490 140.238 145.951 148.151 152.384 160.993 172.984 179.490 183.739 201.203 241.607 277.665 305.480 360.453
-999.250 -999.250 -999.250 -999.250 -999.250 -999.250 -999.250 -999.250 -999.250 -999.250 -999.250 -999.250 -999.250 323.439 331.949 316.350 307.857 308.919 315.872 354.923 360.165 397.543 438.086 472.680 512.631 536.065 532.123 530.929 522.050 491.571 502.649 487.014 484.052 476.707 467.111 429.825 417.459 396.771 348.905 297.721 269.066 221.163 193.865 182.478 159.199 165.233 157.897 147.786 139.076 142.569 147.991 144.349 138.458 144.068 152.426 160.564 168.536 167.527 177.944 189.062 204.405 263.708 283.765 325.186 377.052
-999.250 -999.250 -999.250 -999.250 -999.250 -999.250 -999.250 -999.250 -999.250 -999.250 -999.250 -999.250 338.945 339.129 342.833 332.197 322.979 321.046 341.031 343.569 357.567 412.529 467.499 506.220 552.519 545.559 602.052 568.543 537.433 531.730 514.621 513.476 509.079 495.337 489.580 477.490 462.411 405.039 377.357 337.502 298.868 270.063 242.924 217.147 217.601 220.605 199.796 184.207 167.844 153.800 162.942 155.074 155.420 150.854 153.043 156.813 167.935 168.026 183.604 192.837 216.765 264.545 291.366 336.621 376.764
-999.250 -999.250 -999.250 -999.250 -999.250 -999.250 -999.250 -999.250 -999.250 -999.250 -999.250 390.163 360.589 331.825 331.658 329.488 332.558 325.908 330.566 341.590 379.318 434.166 505.116 540.031 586.152 638.281 609.668 643.837 589.606 561.163 532.162 529.040 523.265 522.992 500.506 480.911 463.444 430.921 409.216 368.384 316.205 296.149 277.241 264.200 280.655 299.682 250.226 205.606 190.543 176.278 173.741 166.323 166.659 163.067 167.408 170.210 173.256 186.205 190.939 190.237 227.118 270.609 302.717 343.819 386.412
-999.250 -999.250 -999.250 -999.250 -999.250 -999.250 -999.250 -999.250 -999.250 -999.250 398.208 403.625 365.562 367.352 338.925 341.329 338.911 331.849 332.215 351.342 398.692 463.736 539.254 570.780 650.906 705.866 709.427 699.287 663.156 600.324 614.383 563.705 529.940 536.783 509.652 501.288 467.129 442.612 434.671 369.614 356.389 319.714 305.318 294.154 291.129 270.595 236.935 211.171 196.836 181.582 179.120 180.167 169.347 171.208 174.802 180.814 184.315 191.747 193.643 200.420 231.668 260.201 289.445 321.925 355.749
-999.250 -999.250 -999.250 -999.250 -999.250 -999.250 -999.250 -999.250 -999.250 455.978 420.458 398.930 389.466 389.519 365.582 371.308 348.006 345.843 337.742 344.814 424.955 477.418 543.186 642.801 731.153 823.590 878.320 785.804 681.372 732.212 662.299 582.687 568.557 545.615 521.937 511.919 491.303 450.752 416.338 409.599 382.293 339.817 324.699 306.479 287.433 259.061 211.727 197.304 199.836 189.878 177.998 181.426 178.105 174.634 173.196 176.361 182.591 194.715 193.024 202.450 230.795 252.357 280.613 313.389 336.963
-999.250 -999.250 -999.250 -999.250 -999.250 532.102 539.602 523.094 506.063 475.738 444.592 419.262 402.914 391.895 379.249 366.863 353.124 348.544 362.795 387.547 449.550 541.527 638.280 670.226 771.183 878.751 994.187 873.248 778.166 721.373 682.450 623.832 599.868 558.292 533.707 506.332 465.683 458.880 423.630 431.277 388.288 352.435 347.814 324.433 284.878 245.279 184.843 192.822 187.239 182.614 179.369 179.560 177.415 178.215 171.512 173.120 178.763 186.579 191.658 195.146 204.934 244.943 265.875 291.682 294.309
-999.250 -999.250 -999.250 -999.250 -999.250 -999.250 -999.250 525.940 512.873 493.387 463.190 438.038 413.485 416.902 388.342 368.176 353.085 361.542 386.123 442.749 481.095 557.926 642.321 690.871 872.114 1123.706 973.759 850.924 781.666 714.190 660.054 618.030 604.984 568.341 533.791 509.420 482.585 469.836 450.452 454.346 394.878 379.300 359.344 316.578 291.117 246.560 206.675 195.322 185.534 177.213 169.593 174.201 165.448 166.222 165.365 173.144 169.927 179.367 178.527 181.641 207.775 224.004 250.578 259.039 277.451
-999.250 -999.250 -999.250 -999.250 -999.250 -999.250 -999.250 532.756 514.005 501.028 476.127 463.262 436.428 421.508 403.494 386.647 375.260 386.354 403.004 460.496 518.490 580.612 673.712 713.654 790.738 820.010 819.711 793.686 728.172 737.350 649.646 628.038 595.829 520.900 530.518 520.392 492.672 493.323 460.235 445.466 418.384 400.472 372.224 324.460 294.952 274.188 235.964 207.823 188.894 187.182 176.044 162.201 160.476 158.522 146.377 158.576 154.726 160.502 158.789 172.462 176.110 189.802 220.040 227.592 239.322
-999.250 -999.250 -999.250 -999.250 -999.250 -999.250 -999.250 541.701 526.401 518.134 484.472 455.923 431.897 426.054 394.469 397.034 392.969 385.151 408.264 439.883 485.907 538.988 628.804 667.853 692.029 718.206 769.778 715.576 720.800 689.411 639.960 639.880 575.216 545.055 523.977 515.162 511.608 487.276 482.413 473.717 460.143 438.484 389.256 351.735 307.337 291.495 248.401 226.209 199.784 190.731 177.161 158.348 148.257 144.053 136.260 134.903 144.848 141.832 136.915 138.501 148.816 179.751 189.974 196.023 207.059
-999.250 -999.250 -999.250 -999.250 -999.250 -999.250 -999.250 553.914 520.555 519.823 523.901 485.692 446.638 422.858 400.526 389.063 388.601 377.754 402.052 441.201 459.429 520.513 584.768 644.196 657.487 656.723 703.349 679.077 700.928 695.024 648.231 634.690 587.413 547.807 537.019 529.901 519.344 511.350 509.264 498.519 480.521 447.207 420.989 373.742 326.970 305.564 273.798 228.996 212.263 192.933 176.789 166.317 150.989 138.225 134.726 133.370 122.214 128.066 127.380 133.384 140.411 157.848 167.136 174.525 183.688
-999.250 -999.250 -999.250 -999.250 -999.250 -999.250 -999.250 -999.250 529.358 520.272 512.644 481.556 454.890 424.041 400.053 385.360 380.359 369.429 382.522 426.320 466.280 507.550 536.567 595.263 607.391 635.582 676.818 652.571 657.375 646.705 583.457 611.112 572.047 547.527 543.983 538.610 513.071 519.005 525.645 492.082 488.230 464.380 439.763 373.121 353.918 306.067 277.688 237.308 208.313 195.623 181.572 170.355 154.120 143.517 134.265 128.730 118.864 123.004 117.145 118.779 128.647 140.671 157.998 145.082 158.153
-999.250 -999.250 -999.250 -999.250 -999.250 -999.250 -999.250 -999.250 532.918 529.878 515.842 487.875 467.269 409.119 401.186 374.263 359.133 355.777 378.805 404.794 439.414 481.678 528.495 550.449 560.674 593.555 593.736 615.700 588.021 565.433 534.771 555.133 555.296 560.554 540.907 527.202 524.519 523.247 523.054 495.555 492.795 495.821 440.278 400.454 353.927 320.318 298.134 260.213 221.940 196.714 184.164 178.706 149.574 139.010 124.303 120.101 110.478 115.798 113.226 105.385 121.086 125.912 123.443 130.596 130.812
-999.250 -999.250 -999.250 -999.250 -999.250 -999.250 -999.250 525.845 510.826 521.653 497.918 480.141 433.983 410.809 394.489 377.676 348.481 350.162 341.131 369.530 402.484 433.358 459.229 514.265 536.442 554.653 564.052 548.830 531.791 555.204 512.544 529.782 508.885 528.495 512.069 524.755 524.198 502.628 490.245 490.641 476.424 475.685 435.475 385.319 342.263 311.718 301.258 264.496 235.277 206.020 187.258 178.418 152.589 137.475 123.562 122.960 114.827 110.278 112.740 117.339 110.756 108.055 109.752 109.591 115.471
-999.250 -999.250 -999.250 -999.250 -999.250 -999.250 -999.250 512.610 507.241 491.391 490.910 453.732 434.046 411.464 381.483 359.135 335.521 332.210 343.804 343.536 343.743 370.585 438.639 472.631 498.936 509.485 531.875 513.705 506.044 488.350 485.123 503.927 472.764 491.401 490.300 503.854 493.767 487.116 468.465 464.377 463.331 483.359 434.522 386.692 348.307 315.810 293.861 264.807 229.361 209.080 180.761 172.048 148.154 141.985 120.694 117.750 106.940 108.609 114.255 116.469 102.728 107.094 106.629 101.634 108.067
-999.250 -999.250 -999.250 -999.250 -999.250 -999.250 -999.250 506.674 494.933 499.879 482.454 447.185 422.899 394.055 389.523 376.628 359.688 348.811 329.526 330.485 357.672 381.048 403.050 430.563 433.751 466.756 464.666 484.719 453.683 465.612 470.654 464.588 435.271 440.304 449.760 469.270 471.296 463.176 452.408 455.694 438.817 465.128 443.561 406.546 350.467 309.273 295.532 271.599 236.160 202.584 185.092 163.255 151.716 140.669 125.904 117.032 114.877 111.421 99.630 93.178 102.130 109.931 104.222 104.287 100.630
-999.250 -999.250 -999.250 -999.250 -999.250 -999.250 -999.250 486.516 483.864 478.667 465.704 446.039 421.528 403.283 382.953 383.775 378.163 354.947 349.733 357.363 351.900 360.728 404.319 389.430 406.542 436.875 430.975 433.847 403.158 405.454 406.328 403.317 406.483 428.057 455.148 456.681 441.888 440.488 457.231 451.404 467.368 458.172 434.613 400.011 341.353 305.653 299.369 273.346 234.682 204.493 186.907 157.227 146.915 135.282 134.100 122.801 104.079 107.832 109.309 99.906 94.596 87.359 85.722 94.555 102.735
-999.250 -999.250 -999.250 -999.250 -999.250 -999.250 484.562 466.010 456.847 452.288 440.394 424.200 431.800 406.583 379.854 380.995 391.081 376.395 373.103 369.633 370.731 374.072 391.457 377.371 384.396 385.945 384.064 371.410 354.057 393.204 375.843 369.081 388.847 393.676 397.027 419.315 425.390 438.086 431.559 434.682 441.332 428.328 405.307 362.725 338.927 317.776 284.904 264.561 230.763 198.401 184.824 164.668 146.431 133.179 131.302 120.680 114.404 111.281 99.578 91.935 105.970 97.754 78.888 95.824 99.019
-999.250 -999.250 -999.250 -999.250 -999.250 -999.250 470.518 465.715 454.986 448.040 446.088 405.125 420.186 412.197 399.311 390.577 400.388 396.500 406.844 392.224 391.872 388.837 403.211 387.802 381.985 369.425 329.446 310.958 323.641 342.611 356.841 350.356 350.914 384.119 388.998 409.193 419.539 411.215 426.741 424.149 420.257 413.207 385.769 376.825 340.994 313.569 284.282 270.577 237.574 204.780 190.355 173.096 150.353 138.535 130.375 127.519 117.958 105.732 105.191 102.981 106.422 101.635 98.985 108.076 103.787
-999.250 -999.250 -999.250 -999.250 -999.250 464.575 453.577 447.848 464.193 456.815 447.406 410.845 409.054 408.539 405.195 423.321 435.791 447.838 427.266 437.641 428.645 402.625 394.798 400.164 362.156 342.380 305.325 286.142 296.845 313.374 331.408 337.951 350.001 375.707 392.713 416.695 407.835 422.938 426.312 413.091 403.834 397.617 365.911 350.981 346.174 301.226 293.206 266.408 238.617 209.809 181.924 172.278 157.012 140.971 131.028 121.870 99.591 105.895 107.247 103.035 113.745 119.102 112.963 113.968 110.966
-999.250 -999.250 -999.250 -999.250 -999.250 467.111 462.356 462.219 468.653 458.738 444.982 407.488 413.865 419.373 430.682 420.462 451.525 448.413 447.395 447.181 420.968 434.130 436.244 422.941 365.709 338.586 310.877 290.486 294.775 313.945 322.191 337.274 353.334 366.003 395.114 406.136 406.418 414.329 412.953 406.438 385.328 389.508 352.377 354.735 337.156 302.192 285.728 258.061 238.705 196.093 181.691 164.785 155.248 142.072 124.427 115.810 110.207 111.696 110.642 115.269 121.316 116.732 118.248 119.920 125.081
-999.250 -999.250 -999.250 -999.250 482.763 469.208 476.855 467.209 457.698 459.242 428.753 442.420 433.866 456.502 445.107 446.520 479.190 481.532 444.047 454.340 439.732 455.519 451.537 442.697 392.160 370.775 323.099 314.578 320.823 332.340 329.386 338.626 361.021 371.954 388.167 408.063 385.239 382.296 394.091 400.515 396.269 384.569 351.375 353.487 322.915 294.711 293.913 258.379 226.774 201.997 177.718 162.277 145.885 134.055 128.281 122.053 109.424 113.773 120.994 116.711 125.268 115.169 121.192 119.776 131.757
-999.250 -999.250 -999.250 -999.250 499.702 490.595 476.368 465.160 468.945 473.028 457.649 463.302 457.570 469.132 478.222 485.486 490.355 487.822 479.079 459.359 447.648 475.321 488.060 446.321 384.048 371.748 353.922 339.213 329.623 330.570 345.233 343.133 358.716 381.572 394.483 400.341 409.224 395.502 395.817 377.634 390.244 399.223 371.558 334.827 334.450 303.414 280.323 260.331 219.389 194.195 188.850 162.462 145.567 130.536 125.153 115.786 119.166 120.230 121.262 125.965 132.513 129.126 135.474 134.726 141.793
-999.250 -999.250 -999.250 -999.250 507.845 502.959 495.419 486.109 477.918 482.303 481.335 478.207 470.407 488.586 519.052 502.161 499.793 477.999 461.070 448.639 459.074 470.973 462.092 457.003 404.339 387.133 373.615 349.977 335.348 345.734 350.493 350.321 368.469 368.079 383.402 384.515 384.852 387.622 377.108 375.635 397.547 384.029 386.153 353.994 337.583 301.246 266.258 252.832 227.936 193.694 177.288 169.745 145.565 134.926 119.311 117.360 116.760 119.339 121.579 128.181 133.552 133.495 138.353 151.231 167.359
-999.250 -999.250 -999.250 -999.250 514.565 509.195 514.414 500.062 477.274 481.393 479.686 463.247 493.591 514.982 523.706 523.883 507.206 472.019 443.922 411.715 433.955 427.826 454.496 434.562 420.464 397.994 370.170 341.170 339.740 349.439 359.885 372.181 380.250 382.097 391.906 399.155 389.119 373.681 381.687 387.572 392.419 386.958 373.867 344.803 317.055 304.986 275.751 257.531 222.935 198.150 182.791 164.035 145.961 131.188 125.829 118.806 117.463 123.265 128.106 133.735 137.815 148.621 161.121 165.654 182.038
-999.250 -999.250 -999.250 -999.250 529.211 533.053 521.264 519.837 491.857 521.375 502.380 498.603 520.280 516.618 520.778 529.723 544.550 475.865 430.959 396.298 410.511 406.947 415.503 431.411 419.326 411.917 391.314 382.722 365.001 367.060 380.567 366.573 379.630 398.140 399.269 409.291 405.205 383.792 370.457 381.699 372.130 373.291 380.496 346.958 319.794 288.353 273.859 253.724 221.523 200.555 184.069 167.614 144.977 136.533 125.090 117.941 117.486 116.478 124.871 133.757 151.296 163.133 179.281 184.855 202.833
