data/medianmodel_17-Feb-2021.asc
ncols	141
nrows	288
xllcorner	-120191.398
yllcorner	-301404.813
cellsize	2000.000
NODATA_value	-999.250
[rows 116 to 144 of 288, columns 0 to 64 of 141]
-999.250 -999.250 -999.250 -999.250 -999.250 -999.250 -999.250 -999.250 -999.250 -999.250 -999.250 -999.250 -999.250 -999.250 -999.250 -999.250 -999.250 -999.250 -999.250 -999.250 -999.250 -999.250 -999.250 -999.250 -999.250 -999.250 -999.250 316.143 327.838 330.272 346.250 356.289 401.274 426.551 416.379 437.259 449.995 463.153 495.233 494.519 487.186 485.492 474.863 478.529 490.319 504.301 513.667 576.809 652.231 731.465 743.920 814.371 1055.104 1270.291 1684.475 1929.717 2040.538 2139.328 2032.442 1485.320 1107.721 813.240 681.427 570.587 490.166
-999.250 -999.250 -999.250 -999.250 -999.250 -999.250 -999.250 -999.250 -999.250 -999.250 -999.250 -999.250 -999.250 -999.250 -999.250 -999.250 -999.250 -999.250 -999.250 -999.250 -999.250 -999.250 -999.250 -999.250 -999.250 -999.250 -999.250 324.245 328.923 320.148 345.543 340.867 354.303 365.656 394.104 434.761 439.171 457.420 466.860 463.837 477.563 480.574 478.236 487.224 498.783 507.794 554.516 614.477 709.398 796.739 772.738 857.929 985.780 1384.215 1701.421 1957.289 2132.043 2333.588 2008.971 1534.481 1027.275 790.781 653.513 557.285 491.065
-999.250 -999.250 -999.250 -999.250 -999.250 -999.250 -999.250 -999.250 -999.250 -999.250 -999.250 -999.250 -999.250 -999.250 -999.250 -999.250 -999.250 -999.250 -999.250 -999.250 -999.250 -999.250 -999.250 -999.250 -999.250 -999.250 299.714 312.718 299.934 316.416 324.439 349.237 340.875 362.773 388.041 399.734 413.298 414.631 429.868 454.016 461.487 467.255 495.197 486.729 487.530 515.682 568.758 626.882 681.422 732.788 745.211 785.856 925.449 1175.629 1480.427 1805.521 1978.276 2043.900 1777.410 1310.770 942.913 750.574 680.310 538.057 491.306
-999.250 -999.250 -999.250 -999.250 -999.250 -999.250 -999.250 -999.250 -999.250 -999.250 -999.250 -999.250 -999.250 -999.250 -999.250 -999.250 -999.250 -999.250 -999.250 -999.250 -999.250 -999.250 -999.250 -999.250 -999.250 -999.250 288.003 299.794 301.991 317.441 325.248 332.518 341.048 352.180 359.923 354.626 354.996 388.323 411.994 416.914 445.706 468.334 472.844 484.201 504.469 523.143 559.860 615.340 660.217 693.355 736.489 763.399 772.282 1000.581 1153.916 1320.295 1467.423 1483.528 1089.407 905.160 747.209 650.877 579.290 513.027 457.293
-999.250 -999.250 -999.250 -999.250 -999.250 -999.250 -999.250 -999.250 -999.250 -999.250 -999.250 -999.250 -999.250 -999.250 -999.250 -999.250 -999.250 -999.250 -999.250 -999.250 -999.250 -999.250 -999.250 -999.250 -999.250 -999.250 282.580 288.975 292.892 309.302 313.701 316.395 319.825 318.861 338.405 319.613 345.253 349.684 381.383 395.309 403.311 428.993 480.847 476.253 492.760 525.619 536.885 572.036 593.978 665.090 667.001 686.308 721.521 772.195 938.156 1027.242 995.859 759.416 629.073 565.238 536.641 503.067 489.029 443.182 413.835
-999.250 -999.250 -999.250 -999.250 -999.250 -999.250 -999.250 -999.250 -999.250 -999.250 -999.250 -999.250 -999.250 -999.250 -999.250 -999.250 -999.250 -999.250 -999.250 -999.250 -999.250 -999.250 -999.250 -999.250 -999.250 248.368 281.460 300.806 291.528 312.926 311.315 307.046 310.895 321.738 318.143 309.958 320.872 328.349 368.413 357.384 387.623 431.622 453.880 475.185 500.819 508.153 508.749 528.343 571.696 625.514 634.442 601.554 626.061 650.396 692.803 717.852 689.373 444.794 117.302 229.057 308.980 341.523 357.486 369.459 329.071
-999.250 -999.250 -999.250 -999.250 -999.250 -999.250 -999.250 -999.250 -999.250 -999.250 -999.250 -999.250 -999.250 -999.250 -999.250 -999.250 -999.250 -999.250 -999.250 -999.250 -999.250 -999.250 -999.250 -999.250 -999.250 258.740 274.230 281.886 294.282 278.889 304.591 305.127 311.952 304.258 307.978 311.310 314.744 317.808 320.622 337.857 365.125 393.140 435.933 464.346 500.115 482.003 496.029 514.993 539.496 548.322 567.777 549.008 533.789 526.032 510.287 509.809 412.949 231.508 107.205 108.635 171.503 226.004 272.371 274.894 292.475
-999.250 -999.250 -999.250 -999.250 -999.250 -999.250 -999.250 -999.250 -999.250 -999.250 -999.250 -999.250 -999.250 -999.250 -999.250 -999.250 -999.250 -999.250 -999.250 -999.250 -999.250 -999.250 -999.250 -999.250 -999.250 269.277 251.937 276.565 290.014 289.562 282.060 305.666 310.139 305.657 302.625 302.141 299.940 292.878 285.653 315.558 344.738 395.009 414.770 437.602 455.357 458.245 491.721 506.995 514.087 509.974 500.062 459.958 438.660 402.478 348.416 314.069 240.449 163.260 87.973 84.028 121.661 181.119 219.538 242.633 256.740
-999.250 -999.250 -999.250 -999.250 -999.250 -999.250 -999.250 -999.250 -999.250 -999.250 -999.250 -999.250 -999.250 -999.250 -999.250 -999.250 -999.250 -999.250 -999.250 -999.250 -999.250 -999.250 -999.250 -999.250 249.518 262.819 275.266 281.019 280.545 281.513 285.398 294.035 309.590 298.813 294.604 292.581 297.360 301.399 288.660 310.562 343.091 379.002 399.449 441.579 446.731 459.798 479.122 486.538 496.085 480.412 435.598 392.382 333.156 285.756 226.018 192.933 152.808 115.426 79.062 90.923 124.454 174.038 217.404 223.268 254.210
-999.250 -999.250 -999.250 -999.250 -999.250 -999.250 -999.250 -999.250 -999.250 -999.250 -999.250 -999.250 -999.250 -999.250 -999.250 -999.250 -999.250 -999.250 -999.250 -999.250 -999.250 -999.250 -999.250 -999.250 249.476 247.278 264.225 268.158 287.011 304.863 287.679 293.651 292.879 298.734 296.505 293.367 302.468 299.239 302.026 322.053 350.278 379.860 388.094 417.096 445.849 466.946 471.366 501.881 485.317 446.095 434.564 338.871 265.298 194.623 125.718 115.649 96.537 84.270 86.287 119.503 159.056 204.845 230.433 262.452 268.299
-999.250 -999.250 -999.250 -999.250 -999.250 -999.250 -999.250 -999.250 -999.250 -999.250 -999.250 -999.250 -999.250 -999.250 -999.250 -999.250 -999.250 -999.250 -999.250 -999.250 -999.250 -999.250 -999.250 247.926 236.493 244.622 274.709 275.102 281.084 292.121 289.791 284.698 292.191 298.039 300.670 298.643 316.753 307.011 304.321 335.215 349.787 359.090 395.349 411.913 436.491 461.105 466.873 512.892 500.005 459.994 380.627 320.023 233.212 175.237 115.857 110.290 97.489 102.381 115.408 159.549 199.685 242.930 290.302 296.385 285.290
-999.250 -999.250 -999.250 -999.250 -999.250 -999.250 -999.250 -999.250 -999.250 -999.250 -999.250 -999.250 -999.250 -999.250 -999.250 -999.250 -999.250 -999.250 -999.250 -999.250 -999.250 -999.250 -999.250 233.563 247.433 253.563 273.861 284.778 286.386 284.571 294.749 285.478 304.691 300.205 297.339 296.995 306.031 303.812 305.936 328.987 341.728 350.484 395.470 397.762 443.848 468.291 488.320 516.896 526.047 485.935 399.507 315.084 248.816 186.693 142.861 123.744 116.949 129.172 151.390 188.798 244.930 308.033 341.842 325.563 320.579
-999.250 -999.250 -999.250 -999.250 -999.250 -999.250 -999.250 -999.250 -999.250 -999.250 -999.250 -999.250 -999.250 -999.250 -999.250 -999.250 -999.250 -999.250 -999.250 -999.250 -999.250 -999.250 -999.250 248.338 252.397 266.235 265.798 288.287 288.455 282.404 279.750 285.167 309.399 294.034 295.009 291.017 295.932 292.352 302.385 318.890 329.036 346.701 374.538 404.659 438.303 481.802 512.983 524.893 560.861 496.046 423.989 330.524 249.337 195.177 168.807 153.198 158.370 176.274 190.916 226.681 281.061 338.226 411.607 358.967 337.647
-999.250 -999.250 -999.250 -999.250 -999.250 -999.250 -999.250 -999.250 -999.250 -999.250 -999.250 -999.250 -999.250 -999.250 -999.250 -999.250 -999.250 -999.250 -999.250 -999.250 -999.250 -999.250 235.529 248.302 267.193 273.280 277.176 272.478 278.200 286.461 281.063 282.788 296.521 280.779 283.680 293.338 289.525 294.953 311.188 326.389 354.447 341.165 359.781 420.827 437.285 499.809 491.553 515.097 521.991 466.883 403.690 328.563 264.100 220.536 186.165 190.130 195.569 211.717 225.985 263.787 311.983 355.959 369.551 355.508 335.234
-999.250 -999.250 -999.250 -999.250 -999.250 -999.250 -999.250 -999.250 -999.250 -999.250 -999.250 -999.250 -999.250 -999.250 -999.250 -999.250 -999.250 -999.250 -999.250 -999.250 -999.250 -999.250 271.002 277.478 287.864 287.058 287.279 281.082 275.006 274.663 275.702 274.231 283.831 278.931 275.176 288.205 279.381 299.166 315.417 335.226 346.881 353.516 355.049 388.241 426.802 455.391 472.990 486.478 485.665 439.453 374.168 319.381 262.506 224.604 220.403 212.051 220.828 237.110 254.080 287.133 316.874 341.686 351.581 347.306 331.901
-999.250 -999.250 -999.250 -999.250 -999.250 -999.250 -999.250 -999.250 -999.250 -999.250 -999.250 -999.250 -999.250 -999.250 -999.250 -999.250 -999.250 -999.250 -999.250 -999.250 -999.250 246.871 266.492 280.264 296.042 289.936 284.267 284.591 275.070 271.069 266.630 264.345 271.695 271.669 275.354 278.579 281.595 281.337 306.369 323.104 330.423 341.915 352.345 366.187 410.166 424.776 428.442 448.074 451.721 425.661 372.666 338.015 297.075 252.761 232.386 234.198 238.217 262.996 281.946 300.408 328.201 339.453 337.056 326.093 310.469
-999.250 -999.250 -999.250 -999.250 -999.250 -999.250 -999.250 -999.250 -999.250 -999.250 -999.250 -999.250 -999.250 -999.250 -999.250 -999.250 -999.250 -999.250 -999.250 -999.250 -999.250 261.131 259.716 288.595 288.533 287.954 284.769 282.282 261.941 266.029 261.456 264.901 274.615 281.031 260.631 271.832 268.722 275.939 292.788 309.260 307.585 310.876 330.989 322.858 380.332 390.455 420.572 406.568 415.555 399.065 351.470 321.165 297.637 277.399 258.046 258.210 270.438 288.869 302.478 306.788 317.077 323.556 328.484 307.398 287.609
-999.250 -999.250 -999.250 -999.250 -999.250 -999.250 -999.250 -999.250 -999.250 -999.250 -999.250 -999.250 -999.250 -999.250 -999.250 -999.250 -999.250 -999.250 -999.250 -999.250 -999.250 254.140 269.639 267.275 263.766 265.483 272.211 274.619 260.209 253.293 254.892 249.202 247.150 262.260 257.876 255.054 252.425 259.097 271.474 290.297 292.593 295.891 315.530 318.839 333.657 376.905 374.652 377.041 403.876 389.240 342.631 328.292 295.118 281.756 274.709 275.698 285.273 299.309 304.748 308.729 326.028 322.690 308.942 307.509 295.638
-999.250 -999.250 -999.250 -999.250 -999.250 -999.250 -999.250 -999.250 -999.250 -999.250 -999.250 -999.250 -999.250 -999.250 -999.250 -999.250 -999.250 -999.250 -999.250 -999.250 257.268 237.857 240.420 235.417 242.732 243.000 264.459 278.387 273.697 251.552 242.584 244.853 242.792 243.268 261.405 244.695 241.244 243.108 262.234 262.786 270.163 278.066 295.976 314.078 319.960 339.280 361.984 370.579 373.462 376.076 333.031 325.857 301.545 294.142 283.619 290.407 294.823 294.881 308.653 308.595 313.285 309.498 303.785 287.296 263.679
-999.250 -999.250 -999.250 -999.250 -999.250 -999.250 -999.250 -999.250 -999.250 -999.250 -999.250 -999.250 -999.250 -999.250 -999.250 -999.250 -999.250 -999.250 -999.250 -999.250 247.237 238.263 238.535 237.471 232.141 228.882 238.243 260.694 248.696 240.942 254.343 245.373 255.515 248.842 234.760 232.065 236.432 236.125 233.892 228.198 256.329 273.981 288.127 302.216 323.636 358.287 378.794 378.816 397.683 373.522 340.889 325.335 312.183 296.718 286.125 301.425 299.448 306.283 314.558 318.792 313.496 307.857 298.636 272.780 251.278
-999.250 -999.250 -999.250 -999.250 -999.250 -999.250 -999.250 -999.250 -999.250 -999.250 -999.250 -999.250 -999.250 -999.250 -999.250 -999.250 -999.250 -999.250 -999.250 -999.250 237.094 231.328 236.139 228.390 224.970 224.691 230.283 243.341 243.624 248.763 260.425 248.384 243.101 242.793 229.027 225.604 234.292 235.816 222.881 234.185 241.406 253.434 278.870 299.595 333.699 366.975 387.398 405.758 416.061 389.584 366.731 339.950 322.018 295.253 301.238 294.075 293.720 307.987 320.143 319.952 319.926 301.749 278.679 264.561 248.431
-999.250 -999.250 -999.250 -999.250 -999.250 -999.250 -999.250 -999.250 -999.250 -999.250 -999.250 -999.250 -999.250 -999.250 -999.250 -999.250 -999.250 -999.250 -999.250 -999.250 242.216 227.762 233.048 229.778 227.542 217.868 226.985 224.528 229.341 238.583 256.844 253.450 234.505 232.919 231.644 227.579 213.677 219.826 217.767 223.305 224.775 250.858 271.907 316.105 350.920 370.034 394.079 418.984 414.454 374.206 375.623 343.987 321.029 305.875 305.736 301.460 310.397 307.453 316.492 331.026 308.285 276.813 265.548 242.832 242.276
-999.250 -999.250 -999.250 -999.250 -999.250 -999.250 -999.250 -999.250 -999.250 -999.250 -999.250 -999.250 -999.250 -999.250 -999.250 -999.250 -999.250 -999.250 -999.250 233.240 227.163 224.660 229.701 223.502 221.386 221.623 225.600 224.216 234.604 234.310 246.384 242.506 241.397 233.761 227.955 233.178 222.868 222.053 220.125 219.710 220.074 236.161 282.406 305.317 352.406 377.250 407.883 419.892 431.823 416.003 387.291 355.526 335.234 316.407 305.802 300.172 300.865 304.227 289.930 301.931 273.031 256.735 243.398 231.281 230.255
-999.250 -999.250 -999.250 -999.250 -999.250 -999.250 -999.250 -999.250 -999.250 -999.250 -999.250 -999.250 -999.250 -999.250 -999.250 -999.250 -999.250 -999.250 -999.250 226.565 220.298 220.615 221.535 213.950 226.748 226.602 228.664 225.596 226.761 229.259 228.833 236.326 236.180 231.770 241.715 231.696 232.303 227.643 224.845 223.797 221.223 254.534 279.049 300.560 334.498 384.373 414.008 438.488 440.062 437.272 407.158 383.742 346.752 324.274 295.676 293.331 286.849 284.269 265.892 268.867 244.199 228.234 223.635 216.776 215.230
-999.250 -999.250 -999.250 -999.250 -999.250 -999.250 -999.250 -999.250 -999.250 -999.250 -999.250 -999.250 -999.250 -999.250 -999.250 -999.250 -999.250 -999.250 -999.250 217.941 225.909 225.811 229.385 229.651 221.821 230.103 233.106 231.598 229.323 227.357 227.712 237.342 230.271 252.107 236.936 238.370 237.848 228.501 219.973 219.669 222.678 233.870 276.628 291.394 319.713 390.253 409.661 447.278 454.458 439.037 414.049 368.574 345.655 318.099 303.427 292.017 284.122 265.319 233.595 230.390 226.031 203.369 209.924 203.339 198.741
-999.250 -999.250 -999.250 -999.250 -999.250 -999.250 -999.250 -999.250 -999.250 -999.250 -999.250 -999.250 -999.250 -999.250 -999.250 -999.250 -999.250 -999.250 -999.250 219.523 227.161 234.473 235.367 234.734 235.191 245.495 239.577 242.849 235.507 237.429 240.851 246.272 258.742 274.631 252.343 253.419 242.520 226.249 220.558 224.406 222.228 227.888 250.315 287.445 314.799 352.238 401.151 437.255 462.610 439.552 404.620 361.149 344.447 315.022 302.234 271.259 254.188 230.177 217.024 207.583 207.559 190.908 185.945 185.211 184.226
-999.250 -999.250 -999.250 -999.250 -999.250 -999.250 -999.250 -999.250 -999.250 -999.250 -999.250 -999.250 -999.250 -999.250 -999.250 -999.250 -999.250 -999.250 -999.250 226.915 235.647 234.051 243.740 267.269 267.143 272.850 277.796 282.651 277.007 276.629 272.104 268.435 261.872 269.699 268.598 251.889 247.908 234.127 222.776 216.192 214.775 222.561 225.930 258.783 304.443 333.576 385.636 400.192 429.271 407.463 365.751 335.924 319.105 286.826 268.319 253.029 234.628 218.763 196.063 183.315 184.048 192.254 195.937 186.547 175.523
-999.250 -999.250 -999.250 -999.250 -999.250 -999.250 -999.250 -999.250 -999.250 -999.250 -999.250 -999.250 -999.250 -999.250 -999.250 -999.250 -999.250 -999.250 257.446 238.924 248.288 258.619 266.378 281.953 289.761 309.264 305.406 312.129 306.737 307.645 297.587 291.422 295.486 297.633 293.304 285.851 274.450 250.382 229.150 219.422 210.016 203.240 216.940 229.524 265.104 294.938 332.576 359.192 356.982 359.089 329.817 310.802 288.883 267.174 236.696 228.589 223.796 199.028 186.488 172.800 178.332 190.706 205.173 217.921 252.754
-999.250 -999.250 -999.250 -999.250 -999.250 -999.250 -999.250 -999.250 -999.250 -999.250 -999.250 -999.250 -999.250 -999.250 -999.250 -999.250 -999.250 264.898 269.268 276.278 270.242 291.895 304.847 309.836 326.454 352.509 349.876 340.325 339.073 329.314 331.150 327.116 326.599 309.609 305.237 311.121 285.886 269.150 246.982 213.636 198.763 186.513 189.711 196.181 232.668 258.684 290.048 313.494 317.603 308.214 299.763 282.544 262.643 233.583 218.007 216.229 210.245 195.952 180.775 160.385 185.823 208.632 231.203 270.458 304.098
