data/medianmodel_14-Dec-2020.asc
ncols	141
nrows	288
xllcorner	-120191.398
yllcorner	-301404.813
cellsize	2000.000
NODATA_value	-999.250
[rows 145 to 173 of 288, columns 64 to 127 of 141]
484.078 582.286 687.412 801.944 927.578 1065.778 1044.207 1060.246 1013.090 974.537 1003.881 947.858 925.671 834.082 759.540 736.645 720.785 725.953 901.997 1057.610 1139.620 1233.826 1390.109 1458.357 1516.822 1649.616 1792.804 -999.250 -999.250 -999.250 -999.250 -999.250 -999.250 -999.250 -999.250 -999.250 -999.250 -999.250 -999.250 -999.250 -999.250 -999.250 -999.250 -999.250 -999.250 -999.250 -999.250 -999.250 -999.250 -999.250 -999.250 -999.250 -999.250 -999.250 -999.250 -999.250 -999.250 -999.250 -999.250 -999.250 -999.250 -999.250 -999.250 -999.250
560.975 670.440 770.182 997.538 1094.253 1159.885 1230.042 1200.019 1159.386 1117.629 1031.131 1013.950 971.623 924.190 910.017 905.072 853.844 884.791 1022.904 1115.160 1225.215 1318.004 1442.485 1576.247 1712.112 1838.522 1985.887 1984.522 -999.250 -999.250 -999.250 -999.250 -999.250 -999.250 -999.250 -999.250 -999.250 -999.250 -999.250 -999.250 -999.250 -999.250 -999.250 -999.250 -999.250 -999.250 -999.250 -999.250 -999.250 -999.250 -999.250 -999.250 -999.250 -999.250 -999.250 -999.250 -999.250 -999.250 -999.250 -999.250 -999.250 -999.250 -999.250 -999.250
684.624 741.109 906.624 1112.808 1296.778 1359.732 1330.030 1348.862 1245.245 1170.095 1141.504 1035.196 1035.886 1037.618 1000.096 1027.961 1025.473 1056.036 1087.523 1218.808 1286.725 1405.163 1507.833 1756.719 1859.861 1998.702 2063.128 2081.528 -999.250 -999.250 -999.250 -999.250 -999.250 -999.250 -999.250 -999.250 -999.250 -999.250 -999.250 -999.250 -999.250 -999.250 -999.250 -999.250 -999.250 -999.250 -999.250 -999.250 -999.250 -999.250 -999.250 -999.250 -999.250 -999.250 -999.250 -999.250 -999.250 -999.250 -999.250 -999.250 -999.250 -999.250 -999.250 -999.250
749.637 929.905 1047.080 1206.402 1375.960 1593.626 1438.106 1384.030 1325.428 1261.086 1207.130 1133.561 1120.541 1106.255 1137.094 1137.607 1093.530 1167.543 1212.619 1319.818 1311.993 1548.859 1702.312 1827.692 1957.874 2015.640 2158.273 2198.244 2269.460 2245.977 2176.243 -999.250 -999.250 -999.250 -999.250 -999.250 -999.250 -999.250 -999.250 -999.250 -999.250 -999.250 -999.250 -999.250 -999.250 -999.250 -999.250 -999.250 -999.250 -999.250 -999.250 -999.250 -999.250 -999.250 -999.250 -999.250 -999.250 -999.250 -999.250 -999.250 -999.250 -999.250 -999.250 -999.250
762.688 930.754 1064.753 1209.065 1389.712 1515.409 1496.319 1375.394 1322.749 1291.485 1213.874 1232.508 1202.328 1232.303 1170.655 1159.527 1163.109 1299.015 1355.433 1383.673 1421.987 1599.832 1854.471 1892.244 2037.754 2118.925 2221.699 2407.857 2529.237 2431.521 2272.480 2192.311 -999.250 -999.250 -999.250 -999.250 -999.250 -999.250 -999.250 -999.250 -999.250 -999.250 -999.250 -999.250 -999.250 -999.250 -999.250 -999.250 -999.250 -999.250 -999.250 -999.250 -999.250 -999.250 -999.250 -999.250 -999.250 -999.250 -999.250 -999.250 -999.250 -999.250 -999.250 -999.250
734.717 919.382 1030.485 1186.078 1309.664 1368.305 1360.569 1346.740 1345.157 1245.172 1274.532 1245.902 1328.878 1330.172 1262.234 1262.197 1339.278 1271.960 1371.115 1418.447 1595.062 1782.251 1893.461 2030.829 2011.233 2197.089 2307.736 2421.878 2397.901 2487.283 2390.900 -999.250 -999.250 -999.250 -999.250 -999.250 -999.250 -999.250 -999.250 -999.250 -999.250 -999.250 -999.250 -999.250 -999.250 -999.250 -999.250 -999.250 -999.250 -999.250 -999.250 -999.250 -999.250 -999.250 -999.250 -999.250 -999.250 -999.250 -999.250 -999.250 -999.250 -999.250 -999.250 -999.250
735.955 833.350 977.938 1156.964 1241.839 1298.716 1282.177 1278.750 1316.393 1288.171 1286.726 1357.235 1318.001 1343.613 1337.669 1346.855 1311.636 1353.200 1444.446 1493.447 1479.522 1785.425 1949.552 2035.098 2080.561 2294.860 2395.895 2577.578 2646.419 2593.529 2555.214 -999.250 -999.250 -999.250 -999.250 -999.250 -999.250 -999.250 -999.250 -999.250 -999.250 -999.250 -999.250 -999.250 -999.250 -999.250 -999.250 -999.250 -999.250 -999.250 -999.250 -999.250 -999.250 -999.250 -999.250 -999.250 -999.250 -999.250 -999.250 -999.250 -999.250 -999.250 -999.250 -999.250
711.622 835.429 965.505 1091.492 1172.805 1197.811 1261.178 1309.887 1318.566 1319.999 1335.373 1301.504 1348.017 1354.988 1344.259 1360.514 1383.391 1366.410 1436.788 1533.674 1611.271 1713.912 1888.696 2021.851 1999.608 2232.469 2492.616 2682.686 2716.105 2697.123 2521.885 -999.250 -999.250 -999.250 -999.250 -999.250 -999.250 -999.250 -999.250 -999.250 -999.250 -999.250 -999.250 -999.250 -999.250 -999.250 -999.250 -999.250 -999.250 -999.250 -999.250 -999.250 -999.250 -999.250 -999.250 -999.250 -999.250 -999.250 -999.250 -999.250 -999.250 -999.250 -999.250 -999.250
649.057 714.815 874.483 995.591 1087.771 1155.365 1189.356 1265.487 1269.985 1296.918 1341.243 1340.288 1333.397 1391.076 1332.346 1377.901 1447.489 1466.749 1451.086 1503.750 1570.270 1745.122 1823.563 1866.971 1962.480 2137.816 2391.789 2681.848 2728.969 2705.433 2582.739 -999.250 -999.250 -999.250 -999.250 -999.250 -999.250 -999.250 -999.250 -999.250 -999.250 -999.250 -999.250 -999.250 -999.250 -999.250 -999.250 -999.250 -999.250 -999.250 -999.250 -999.250 -999.250 -999.250 -999.250 -999.250 -999.250 -999.250 -999.250 -999.250 -999.250 -999.250 -999.250 -999.250
600.984 678.764 775.557 894.014 1032.115 1051.295 1128.506 1201.250 1267.602 1259.677 1288.880 1243.322 1324.973 1348.805 1367.608 1381.833 1369.030 1435.325 1433.954 1487.616 1583.081 1603.283 1759.476 1671.550 1897.031 2069.961 2209.174 2535.210 2762.063 2661.563 2460.796 -999.250 -999.250 -999.250 -999.250 -999.250 -999.250 -999.250 -999.250 -999.250 -999.250 -999.250 -999.250 -999.250 -999.250 -999.250 -999.250 -999.250 -999.250 -999.250 -999.250 -999.250 -999.250 -999.250 -999.250 -999.250 -999.250 -999.250 -999.250 -999.250 -999.250 -999.250 -999.250 -999.250
568.425 626.500 715.924 805.562 843.395 963.340 1078.922 1156.912 1162.704 1225.147 1252.765 1234.804 1334.569 1321.983 1297.430 1400.434 1406.710 1364.464 1441.250 1466.001 1494.930 1468.777 1587.026 1576.210 1731.803 1837.356 1970.410 2094.364 2319.922 2317.359 2167.218 -999.250 -999.250 -999.250 -999.250 -999.250 -999.250 -999.250 -999.250 -999.250 -999.250 -999.250 -999.250 -999.250 -999.250 -999.250 -999.250 -999.250 -999.250 -999.250 -999.250 -999.250 -999.250 -999.250 -999.250 -999.250 -999.250 -999.250 -999.250 -999.250 -999.250 -999.250 -999.250 -999.250
532.290 583.027 650.160 689.317 754.864 875.222 989.750 1077.544 1128.291 1176.401 1182.894 1269.825 1217.802 1183.968 1243.586 1330.083 1318.280 1372.640 1392.281 1456.781 1423.923 1379.962 1436.794 1406.256 1432.846 1519.016 1714.939 1811.526 1944.794 1935.854 1890.875 1919.933 -999.250 -999.250 -999.250 -999.250 -999.250 -999.250 -999.250 -999.250 -999.250 -999.250 -999.250 -999.250 -999.250 -999.250 -999.250 -999.250 -999.250 -999.250 -999.250 -999.250 -999.250 -999.250 -999.250 -999.250 -999.250 -999.250 -999.250 -999.250 -999.250 -999.250 -999.250 -999.250
423.942 495.271 529.456 609.847 667.163 743.942 862.501 880.105 1082.646 1063.220 1063.547 1158.190 1157.442 1145.703 1189.112 1242.400 1306.473 1336.995 1345.257 1395.454 1374.311 1383.956 1324.852 1277.996 1235.424 1268.816 1283.322 1355.992 1449.460 1597.513 1682.223 1785.669 1657.576 -999.250 -999.250 -999.250 -999.250 -999.250 -999.250 -999.250 -999.250 -999.250 -999.250 -999.250 -999.250 -999.250 -999.250 -999.250 -999.250 -999.250 -999.250 -999.250 -999.250 -999.250 -999.250 -999.250 -999.250 -999.250 -999.250 -999.250 -999.250 -999.250 -999.250 -999.250
344.080 381.345 472.240 563.600 634.286 717.031 779.674 874.134 909.090 993.251 1065.555 1068.534 1134.337 1138.244 1196.220 1219.155 1247.709 1319.186 1338.815 1374.241 1316.782 1304.754 1266.159 1221.085 1139.987 1031.250 843.406 1124.579 1285.563 1333.018 1384.153 1411.092 1424.505 1342.514 -999.250 -999.250 -999.250 -999.250 -999.250 -999.250 -999.250 -999.250 -999.250 -999.250 -999.250 -999.250 -999.250 -999.250 -999.250 -999.250 -999.250 -999.250 -999.250 -999.250 -999.250 -999.250 -999.250 -999.250 -999.250 -999.250 -999.250 -999.250 -999.250 -999.250
243.261 270.977 369.257 481.908 578.501 655.824 701.803 743.396 872.517 956.508 1025.462 1078.488 1133.928 1170.959 1153.075 1124.108 1280.058 1276.349 1278.619 1239.055 1207.737 1184.652 1152.649 1104.252 1028.531 886.238 822.996 954.720 1108.167 1201.395 1230.025 1226.702 1277.816 1234.040 -999.250 -999.250 -999.250 -999.250 -999.250 -999.250 -999.250 -999.250 -999.250 -999.250 -999.250 -999.250 -999.250 -999.250 -999.250 -999.250 -999.250 -999.250 -999.250 -999.250 -999.250 -999.250 -999.250 -999.250 -999.250 -999.250 -999.250 -999.250 -999.250 -999.250
158.704 166.733 280.115 398.372 484.433 601.566 641.403 674.768 738.896 827.937 852.584 928.466 1024.388 1106.962 1124.401 1149.757 1154.782 1176.431 1188.440 1171.775 1133.630 1092.643 1066.747 1036.772 965.314 805.902 762.415 855.000 913.209 997.117 1042.549 1097.272 1112.258 1052.175 -999.250 -999.250 -999.250 -999.250 -999.250 -999.250 -999.250 -999.250 -999.250 -999.250 -999.250 -999.250 -999.250 -999.250 -999.250 -999.250 -999.250 -999.250 -999.250 -999.250 -999.250 -999.250 -999.250 -999.250 -999.250 -999.250 -999.250 -999.250 -999.250 -999.250
139.650 172.769 245.598 360.587 412.435 509.824 564.585 641.346 681.423 731.165 771.851 829.248 948.023 1009.982 1032.843 1072.978 1117.383 1132.456 1127.824 1098.560 1091.948 1053.165 989.532 974.039 921.139 798.525 716.863 806.084 819.725 854.793 845.900 875.995 816.346 900.959 -999.250 -999.250 -999.250 -999.250 -999.250 -999.250 -999.250 -999.250 -999.250 -999.250 -999.250 -999.250 -999.250 -999.250 -999.250 -999.250 -999.250 -999.250 -999.250 -999.250 -999.250 -999.250 -999.250 -999.250 -999.250 -999.250 -999.250 -999.250 -999.250 -999.250
144.827 168.257 235.691 317.322 389.510 456.306 498.087 578.915 625.759 682.947 726.901 751.834 824.255 972.769 1002.861 1008.443 1081.547 1093.961 1090.801 1095.518 1040.325 966.571 909.959 888.946 913.359 835.886 733.781 779.738 727.912 720.998 770.422 725.705 754.218 743.965 -999.250 -999.250 -999.250 -999.250 -999.250 -999.250 -999.250 -999.250 -999.250 -999.250 -999.250 -999.250 -999.250 -999.250 -999.250 -999.250 -999.250 -999.250 -999.250 -999.250 -999.250 -999.250 -999.250 -999.250 -999.250 -999.250 -999.250 -999.250 -999.250 -999.250
138.577 160.327 215.202 275.952 353.406 386.530 440.977 509.804 562.027 646.519 673.240 682.378 734.634 782.813 910.101 966.992 1001.006 1011.058 1009.221 1011.997 1012.299 935.899 852.498 832.760 835.174 737.102 703.219 695.717 732.987 663.884 660.295 640.117 635.540 645.443 621.221 -999.250 -999.250 -999.250 -999.250 -999.250 -999.250 -999.250 -999.250 -999.250 -999.250 -999.250 -999.250 -999.250 -999.250 -999.250 -999.250 -999.250 -999.250 -999.250 -999.250 -999.250 -999.250 -999.250 -999.250 -999.250 -999.250 -999.250 -999.250 -999.250
137.373 149.684 207.707 255.754 316.413 363.747 410.347 486.203 542.543 577.375 581.307 605.544 661.427 684.722 724.668 790.420 829.984 879.945 903.023 903.983 900.691 875.110 807.359 889.357 742.528 741.096 710.904 686.545 704.911 645.544 625.420 590.814 567.164 556.994 515.512 497.156 -999.250 -999.250 -999.250 -999.250 -999.250 -999.250 -999.250 -999.250 -999.250 -999.250 -999.250 -999.250 -999.250 -999.250 -999.250 -999.250 -999.250 -999.250 -999.250 -999.250 -999.250 -999.250 -999.250 -999.250 -999.250 -999.250 -999.250 -999.250
145.415 165.508 205.966 259.007 266.447 329.464 375.650 421.712 479.863 527.400 526.758 537.941 588.917 605.150 635.232 652.267 682.021 720.116 723.049 752.248 762.529 781.317 758.010 787.653 805.761 734.529 690.870 709.570 720.957 612.855 619.974 557.641 513.398 472.894 423.746 393.798 378.279 372.129 387.624 -999.250 -999.250 -999.250 -999.250 -999.250 -999.250 -999.250 -999.250 -999.250 -999.250 -999.250 -999.250 -999.250 -999.250 -999.250 -999.250 -999.250 -999.250 -999.250 -999.250 -999.250 -999.250 -999.250 -999.250 -999.250
155.622 174.973 211.662 224.402 261.749 295.205 343.162 372.915 414.018 430.126 429.945 481.173 496.573 510.094 550.295 573.299 613.538 637.281 654.709 670.368 709.463 739.166 756.674 758.859 760.045 774.320 729.588 717.742 732.516 674.453 570.633 543.969 440.401 385.687 329.206 311.364 286.040 310.120 299.297 -999.250 -999.250 -999.250 -999.250 -999.250 -999.250 -999.250 -999.250 -999.250 -999.250 -999.250 -999.250 -999.250 -999.250 -999.250 -999.250 -999.250 -999.250 -999.250 -999.250 -999.250 -999.250 -999.250 -999.250 -999.250
144.136 167.177 184.360 230.458 227.972 255.920 287.998 320.226 341.837 368.544 379.201 398.338 416.559 407.379 417.316 444.706 465.519 517.413 571.334 625.365 668.072 725.590 792.500 809.263 802.460 768.192 745.801 737.904 725.765 640.154 534.124 478.743 376.623 288.227 230.816 209.405 218.987 218.432 -999.250 -999.250 -999.250 -999.250 -999.250 -999.250 -999.250 -999.250 -999.250 -999.250 -999.250 -999.250 -999.250 -999.250 -999.250 -999.250 -999.250 -999.250 -999.250 -999.250 -999.250 -999.250 -999.250 -999.250 -999.250 -999.250
143.738 160.432 179.928 203.055 226.992 252.564 268.393 286.059 293.907 306.145 322.507 311.060 305.620 329.688 314.865 322.393 351.856 409.457 459.764 530.300 625.904 686.921 740.219 782.133 805.515 867.258 823.304 819.126 742.974 651.696 583.655 451.350 329.449 228.298 151.238 137.357 142.031 158.772 -999.250 -999.250 -999.250 260.317 263.172 288.506 -999.250 -999.250 -999.250 -999.250 -999.250 -999.250 -999.250 -999.250 -999.250 -999.250 -999.250 -999.250 -999.250 -999.250 -999.250 -999.250 -999.250 -999.250 -999.250 -999.250
137.892 156.747 162.687 187.001 206.273 225.507 239.578 251.286 254.614 255.915 250.111 234.754 237.786 234.045 215.834 221.259 224.711 285.769 377.593 451.746 575.198 633.933 691.529 740.703 773.603 857.802 926.951 832.670 827.947 694.544 608.785 487.757 326.753 205.677 70.922 89.380 108.430 121.909 146.530 187.846 208.846 231.257 252.412 259.518 275.560 -999.250 -999.250 -999.250 -999.250 -999.250 -999.250 -999.250 -999.250 -999.250 -999.250 -999.250 -999.250 -999.250 -999.250 -999.250 -999.250 -999.250 -999.250 -999.250
138.779 147.914 152.690 165.020 171.038 194.310 211.914 220.177 210.710 195.163 204.907 190.982 172.595 149.581 135.466 118.600 100.874 200.973 288.942 388.907 482.842 591.273 665.484 731.225 891.335 935.154 957.631 971.848 942.128 764.905 626.376 512.353 354.766 225.144 120.334 99.123 98.842 101.564 123.192 153.427 182.009 207.403 230.027 241.300 251.815 271.501 -999.250 -999.250 -999.250 -999.250 -999.250 -999.250 -999.250 -999.250 -999.250 -999.250 -999.250 -999.250 -999.250 -999.250 -999.250 -999.250 -999.250 -999.250
140.054 145.299 148.382 145.535 160.760 164.879 175.302 178.890 166.165 169.224 151.793 143.188 113.962 103.397 82.829 79.410 103.143 163.982 250.893 358.163 450.233 551.093 640.062 754.694 841.050 1020.159 1067.621 1082.723 1046.836 826.232 684.193 528.499 413.155 256.517 173.198 125.368 107.188 102.294 106.081 132.232 146.825 175.214 208.104 225.205 232.858 249.883 -999.250 -999.250 -999.250 -999.250 -999.250 -999.250 -999.250 -999.250 -999.250 -999.250 -999.250 -999.250 -999.250 -999.250 -999.250 -999.250 -999.250 -999.250
135.509 129.154 138.785 138.048 147.452 151.199 144.582 137.978 132.642 117.912 107.711 100.871 84.901 69.071 65.595 65.743 103.962 154.663 231.465 321.075 404.467 553.065 632.197 718.745 867.656 997.194 1084.831 1176.471 997.267 833.262 651.445 547.405 412.710 306.708 211.288 156.253 120.926 102.016 98.245 111.544 138.301 152.232 167.870 204.481 217.465 232.002 -999.250 -999.250 -999.250 -999.250 -999.250 -999.250 -999.250 -999.250 -999.250 -999.250 -999.250 -999.250 -999.250 -999.250 -999.250 -999.250 -999.250 -999.250
135.758 124.624 131.321 133.233 131.614 127.653 125.335 112.679 104.592 98.511 85.668 73.242 55.653 56.288 49.490 61.474 97.432 157.110 232.308 304.547 407.217 520.965 595.281 685.595 782.127 915.752 1031.911 1051.357 947.623 778.103 645.507 571.857 439.464 328.891 252.949 180.175 136.795 121.013 105.837 110.268 121.899 145.646 169.171 182.809 202.108 216.649 209.412 -999.250 -999.250 -999.250 -999.250 -999.250 -999.250 -999.250 -999.250 -999.250 -999.250 -999.250 -999.250 -999.250 -999.250 -999.250 -999.250 -999.250
