data/medianmodel_05-Oct-2020.asc
ncols	141
nrows	288
xllcorner	-120191.398
yllcorner	-301404.813
cellsize	2000.000
NODATA_value	-999.250
[rows 150 to 179 of 288, columns 0 to 66 of 141]
-999.250 -999.250 -999.250 -999.250 -999.250 -999.250 -999.250 -999.250 -999.250 -999.250 -999.250 -999.250 47.387 32.718 26.575 15.136 13.268 11.270 13.273 16.173 18.182 25.036 33.704 38.229 40.495 47.439 50.668 55.344 62.893 68.370 66.631 78.336 82.312 78.566 81.018 83.042 80.970 88.739 107.176 116.175 144.878 147.944 192.026 230.156 278.187 247.643 204.257 140.339 102.709 73.136 47.509 28.463 18.001 13.827 7.622 4.407 9.066 11.841 11.633 12.497 10.825 11.358 17.313 24.495 33.519 29.698 34.148
-999.250 -999.250 -999.250 -999.250 -999.250 -999.250 -999.250 -999.250 -999.250 -999.250 -999.250 67.983 54.444 34.901 24.093 13.113 8.682 7.383 9.687 13.442 16.416 24.102 33.723 36.363 37.365 46.739 50.456 54.685 64.802 61.627 70.417 73.797 75.021 81.298 81.337 79.405 84.118 89.126 94.337 119.730 141.829 150.544 176.668 203.704 216.869 206.031 164.074 127.103 90.422 73.932 46.680 31.339 18.840 11.489 8.440 4.652 6.655 6.614 5.948 7.089 6.333 7.934 12.222 15.682 18.733 18.660 21.340
-999.250 -999.250 -999.250 -999.250 -999.250 -999.250 -999.250 -999.250 -999.250 -999.250 84.263 68.492 51.037 33.278 18.135 8.450 9.094 7.485 9.797 13.170 16.950 21.954 31.020 35.753 39.275 49.506 51.974 52.094 60.140 57.968 64.889 69.410 72.735 73.347 83.465 79.708 91.200 90.120 99.685 113.856 130.076 135.832 156.807 164.070 167.908 167.820 145.971 98.916 78.955 62.027 45.837 33.306 21.129 11.569 8.636 3.283 5.164 3.001 2.638 2.880 3.694 7.084 6.480 11.117 13.544 15.690 14.578
-999.250 -999.250 -999.250 -999.250 -999.250 -999.250 -999.250 -999.250 -999.250 96.970 81.804 70.100 44.083 26.564 19.026 8.439 6.790 7.508 10.371 15.411 20.801 20.468 27.089 36.046 46.234 50.544 57.611 53.419 56.640 53.417 61.210 70.314 80.330 78.386 74.482 78.574 86.292 87.807 93.489 101.852 119.810 131.104 147.707 143.376 139.183 129.227 112.923 87.876 70.519 58.545 41.317 33.259 22.255 14.206 7.962 4.010 1.268 0.000 0.000 0.000 0.000 0.000 3.274 6.340 8.037 9.342 11.375
-999.250 -999.250 -999.250 -999.250 -999.250 145.097 150.938 139.637 125.605 105.152 83.630 70.822 46.902 34.408 21.020 13.667 8.415 6.883 8.518 11.848 13.914 16.990 26.440 35.831 50.957 56.169 58.933 59.666 57.027 58.613 69.060 68.291 75.872 76.339 75.933 79.048 85.257 87.897 92.578 95.469 110.407 122.549 124.948 116.041 110.835 105.123 86.985 74.809 65.498 49.154 40.675 30.431 17.932 10.444 9.295 6.383 0.000 0.000 0.000 0.000 0.000 0.000 0.000 2.693 2.383 5.977 6.888
-999.250 -999.250 -999.250 -999.250 -999.250 -999.250 -999.250 130.601 116.364 94.180 86.162 72.874 53.288 43.384 29.566 17.325 12.797 11.427 8.748 13.118 15.227 18.456 26.203 35.135 42.879 58.884 60.540 54.588 55.822 64.102 65.800 66.773 73.313 77.056 82.440 77.492 88.797 86.272 89.815 85.440 102.752 107.723 106.242 94.881 88.507 85.982 73.492 64.585 52.881 45.811 43.778 24.664 20.734 9.855 4.979 3.983 0.000 0.000 0.000 0.000 0.000 0.000 0.000 0.000 0.009 1.056 4.265
-999.250 -999.250 -999.250 -999.250 -999.250 -999.250 -999.250 111.709 97.505 88.912 76.332 64.883 50.468 43.901 33.565 27.605 19.647 12.254 12.028 13.763 19.435 20.032 26.396 32.822 39.695 48.944 60.398 53.644 54.850 57.242 54.375 59.245 66.047 72.380 76.554 78.534 83.569 84.716 84.188 81.359 81.554 87.155 86.294 75.481 73.878 72.198 61.990 55.529 46.282 38.362 28.574 29.463 20.686 9.102 5.454 0.000 0.000 0.000 0.000 0.000 0.000 0.000 0.000 0.000 0.000 0.000 3.573
-999.250 -999.250 -999.250 -999.250 -999.250 -999.250 -999.250 98.987 88.085 75.841 69.631 59.138 50.439 42.727 35.982 31.177 24.885 19.724 18.399 17.151 15.822 22.218 25.243 32.620 43.993 48.760 60.153 58.395 54.586 54.629 60.536 60.304 66.413 76.180 77.028 84.286 80.668 82.196 80.410 77.176 66.724 66.904 62.537 56.915 57.592 54.438 51.880 42.649 37.828 33.273 28.494 25.828 19.767 11.139 0.000 0.000 0.000 0.000 0.000 0.000 0.000 0.000 0.000 0.000 0.000 0.000 3.229
-999.250 -999.250 -999.250 -999.250 -999.250 -999.250 -999.250 80.816 75.777 69.425 58.047 50.083 52.507 45.985 43.650 37.334 29.957 26.738 21.547 16.991 21.887 24.843 27.077 34.116 42.262 49.600 55.299 58.253 63.440 58.702 57.153 67.947 68.713 71.635 83.041 88.946 83.348 81.313 67.850 62.968 51.710 43.063 41.827 37.063 40.699 38.370 39.215 37.453 33.791 30.275 25.864 19.253 9.872 8.091 1.109 2.610 0.000 0.000 0.000 0.000 0.000 0.000 0.000 0.000 0.000 1.746 6.425
-999.250 -999.250 -999.250 -999.250 -999.250 -999.250 -999.250 -999.250 66.930 56.136 45.073 40.919 43.070 46.822 49.645 46.632 41.911 34.162 26.239 20.897 21.529 21.304 30.309 36.486 40.796 53.219 53.335 55.472 58.477 54.957 50.727 62.461 68.531 71.011 83.935 92.998 89.524 76.718 62.368 48.379 31.529 21.856 21.713 21.948 26.578 29.188 32.790 29.961 25.931 22.047 16.713 15.007 10.306 9.977 1.568 2.791 0.000 0.000 0.000 3.360 6.860 6.752 10.513 9.778 4.890 7.667 16.996
-999.250 -999.250 -999.250 -999.250 -999.250 -999.250 -999.250 -999.250 53.815 38.677 38.877 36.761 40.973 44.687 51.354 55.741 48.270 36.011 28.501 21.374 18.768 25.910 33.865 37.633 46.790 55.765 55.938 56.650 61.808 58.084 56.916 65.158 65.076 73.471 82.499 102.722 91.815 78.156 61.348 39.096 18.786 0.000 4.821 9.467 15.192 19.068 23.565 24.197 26.862 19.903 14.657 11.846 6.919 0.864 3.142 0.436 1.555 5.877 11.282 12.829 20.483 20.776 20.348 18.597 17.286 13.339 33.628
-999.250 -999.250 -999.250 -999.250 -999.250 -999.250 -999.250 62.552 45.630 40.730 37.226 34.488 39.476 47.409 52.814 51.686 49.629 37.483 30.409 22.160 18.935 24.288 37.067 48.645 52.862 57.543 55.315 58.721 62.401 57.462 61.646 68.152 66.306 70.240 84.132 91.186 107.974 80.582 57.290 35.176 15.876 0.000 0.000 2.866 8.695 14.031 15.402 21.470 18.931 16.838 13.373 7.281 5.532 3.424 3.058 3.452 7.233 12.560 15.464 23.033 28.067 31.893 32.985 38.997 40.242 50.964 62.579
-999.250 -999.250 -999.250 -999.250 -999.250 -999.250 -999.250 53.939 47.133 37.887 37.677 35.965 42.446 50.879 48.797 51.729 46.012 37.947 33.297 29.202 21.941 33.586 41.138 52.105 57.288 60.936 62.384 60.539 62.338 55.917 55.198 60.277 60.032 67.136 76.737 80.285 81.486 68.191 46.206 27.690 12.442 1.098 0.000 2.707 6.643 11.461 14.665 14.379 15.031 12.476 10.516 6.147 4.402 6.114 6.800 12.061 14.839 25.583 30.542 36.132 38.790 43.595 58.204 68.247 84.624 88.653 91.892
-999.250 -999.250 -999.250 -999.250 -999.250 -999.250 -999.250 54.446 44.145 41.716 41.316 41.701 44.491 47.373 50.077 49.116 51.707 52.989 41.794 42.319 37.505 45.207 55.443 62.581 62.735 61.380 67.338 61.522 61.123 56.105 52.965 58.213 57.241 58.733 61.404 63.256 63.505 49.739 35.483 20.317 10.969 3.582 0.685 0.511 3.968 4.563 9.293 10.096 9.450 11.942 7.601 6.336 3.128 6.810 12.785 22.977 27.598 34.098 46.214 47.826 55.871 73.853 78.184 94.159 113.748 123.953 140.644
-999.250 -999.250 -999.250 -999.250 -999.250 -999.250 -999.250 54.574 45.025 45.513 48.557 51.372 47.372 52.232 57.522 58.488 55.967 60.441 60.080 59.620 61.337 60.087 73.146 69.650 74.679 67.342 67.533 66.566 66.047 55.732 51.198 51.252 56.163 51.665 49.091 54.967 43.182 38.740 28.075 17.118 8.599 4.944 1.165 0.000 1.302 3.465 4.726 6.028 5.059 4.741 2.457 0.153 2.671 7.813 18.870 24.167 32.184 42.448 53.474 63.411 76.421 85.123 106.479 120.991 143.760 152.942 175.869
-999.250 -999.250 -999.250 -999.250 -999.250 -999.250 62.878 51.500 48.416 50.075 49.028 48.715 58.290 62.913 64.353 68.227 69.557 67.530 67.116 69.949 79.359 80.504 83.525 86.746 85.182 83.083 77.532 71.519 70.203 62.272 52.875 46.135 47.040 44.503 47.420 44.458 40.327 31.868 23.639 13.811 10.040 5.667 2.331 1.017 0.000 0.927 3.173 0.266 1.222 1.403 3.788 4.710 6.646 8.152 20.320 30.497 38.077 50.834 66.720 76.058 89.999 107.369 130.117 158.605 190.205 202.057 219.547
-999.250 -999.250 -999.250 -999.250 -999.250 -999.250 63.175 57.252 51.218 49.295 53.413 55.692 62.281 67.368 64.930 72.398 76.591 79.886 82.821 83.677 98.051 103.030 106.056 108.389 102.316 88.655 80.116 80.868 73.790 65.468 58.771 45.871 43.978 42.581 42.418 40.545 33.688 33.366 24.147 14.029 10.524 6.299 7.066 4.498 3.677 3.443 1.230 0.795 2.540 5.371 7.910 8.613 9.863 8.722 22.214 29.304 47.339 61.330 72.432 92.845 110.318 124.529 154.784 176.121 212.233 222.128 251.727
-999.250 -999.250 -999.250 -999.250 -999.250 62.748 62.978 59.617 51.721 61.920 58.787 63.299 65.605 66.016 72.653 80.434 85.518 90.673 98.475 111.500 121.881 132.121 125.830 118.271 109.890 101.074 89.104 88.044 77.405 67.813 57.223 45.697 42.937 40.651 36.826 36.634 31.546 24.351 22.068 15.024 13.557 11.577 9.515 8.222 9.036 4.935 5.343 7.905 8.054 8.131 11.511 9.017 12.041 10.161 18.162 32.779 52.266 62.139 77.270 108.597 136.901 159.411 173.011 190.333 231.220 260.489 280.140
-999.250 -999.250 -999.250 -999.250 -999.250 54.465 55.545 57.333 56.564 61.421 66.196 71.310 72.767 73.279 79.747 80.970 96.678 99.602 112.305 128.044 133.990 142.212 132.167 124.728 128.606 111.102 102.416 88.940 81.862 73.510 62.313 52.835 53.832 42.280 44.645 35.091 31.714 29.384 20.225 17.975 13.988 13.481 13.151 16.079 11.284 9.252 8.442 8.564 8.112 12.622 11.548 10.753 16.474 15.659 22.504 34.342 49.128 65.638 78.583 110.660 134.301 155.467 185.629 225.800 243.454 298.118 322.007
-999.250 -999.250 -999.250 -999.250 52.629 52.023 47.620 52.354 54.142 57.005 63.079 69.338 72.816 75.347 76.920 88.009 94.426 108.352 118.328 133.440 151.516 153.248 151.441 141.245 134.890 125.407 106.395 94.421 86.639 77.639 73.294 59.688 56.038 48.459 42.308 35.995 33.992 26.443 22.542 21.753 18.284 15.611 17.333 15.365 11.552 13.264 10.090 9.593 12.776 15.812 11.676 12.229 17.069 20.396 29.613 35.851 50.063 65.511 74.503 101.906 133.000 168.266 198.906 231.342 250.970 301.490 362.586
-999.250 -999.250 -999.250 -999.250 51.927 47.478 45.292 46.908 48.742 53.149 59.804 69.798 67.627 73.513 71.128 84.128 91.328 104.808 118.416 151.487 153.508 166.008 179.333 157.585 135.883 130.519 116.666 89.865 88.259 73.652 63.374 59.662 51.008 48.868 40.613 35.943 32.692 28.357 23.774 21.602 23.659 16.449 16.572 17.670 17.759 15.472 16.651 13.608 13.494 13.287 12.639 11.957 15.198 21.603 28.067 33.291 44.285 64.296 81.636 97.181 119.322 172.700 226.576 236.565 253.583 331.541 363.349
-999.250 -999.250 -999.250 -999.250 49.182 42.530 45.459 45.544 48.378 60.222 61.555 68.340 71.435 70.391 76.904 81.309 85.879 102.673 125.990 126.432 142.423 171.243 167.434 149.602 143.793 129.503 117.179 96.339 86.369 75.792 68.756 66.043 59.751 54.769 43.646 41.380 39.191 32.155 30.843 27.101 19.978 22.686 25.675 23.353 21.134 17.791 15.846 19.137 15.512 14.758 14.558 13.119 16.124 14.559 24.504 34.001 45.059 61.949 76.605 95.609 132.483 170.354 212.738 255.091 249.267 299.442 356.233
-999.250 -999.250 -999.250 -999.250 51.146 49.366 45.449 48.403 51.160 55.121 66.322 66.208 67.941 70.385 72.902 77.645 86.583 107.327 121.592 132.824 148.790 161.059 162.721 147.043 137.515 135.507 116.099 111.576 89.362 80.693 68.741 69.828 62.829 53.000 51.812 46.959 40.787 36.800 35.629 32.366 27.202 29.244 27.976 28.873 26.416 25.155 19.359 19.581 14.816 13.274 14.232 13.132 15.994 15.840 23.281 28.310 36.452 54.177 69.713 100.841 135.305 152.937 188.079 238.458 265.129 310.420 361.165
-999.250 -999.250 -999.250 -999.250 53.204 60.170 51.428 52.942 60.194 63.460 70.245 65.836 70.159 70.159 74.244 84.210 84.499 110.787 131.223 149.564 159.155 159.389 158.897 141.607 136.229 122.006 115.733 97.804 84.831 83.260 76.671 67.662 62.852 63.575 47.990 43.731 41.078 41.304 33.034 35.111 34.044 36.496 37.832 34.867 32.305 31.604 26.789 20.191 14.928 15.758 13.972 11.679 10.968 12.684 15.825 16.844 24.704 39.035 65.342 87.985 118.366 149.476 168.542 226.404 273.443 298.387 355.670
-999.250 -999.250 -999.250 -999.250 57.058 61.149 59.502 62.880 66.950 70.479 68.183 70.018 70.863 76.525 76.563 84.036 100.523 116.547 141.499 168.700 164.854 165.733 157.769 139.690 136.619 116.060 113.601 100.694 88.482 80.426 74.522 70.651 59.209 58.795 55.503 47.778 42.000 41.364 40.909 36.310 43.576 39.745 40.416 37.577 36.107 30.591 27.814 23.699 19.192 15.508 12.914 12.254 6.941 11.635 12.447 14.173 19.272 27.113 48.550 75.257 111.437 141.860 165.039 180.055 236.472 260.101 289.099
-999.250 -999.250 -999.250 -999.250 70.220 64.089 68.522 72.537 78.402 78.802 75.776 78.244 75.008 84.390 88.562 110.957 120.839 130.830 146.063 162.506 165.724 153.872 154.134 130.271 131.066 125.430 109.058 101.468 80.655 83.556 70.731 67.140 58.650 53.685 56.519 47.220 47.309 47.777 46.038 46.189 44.883 45.647 42.212 41.620 38.581 33.580 32.141 25.085 20.908 18.497 14.816 13.182 9.691 9.443 5.740 6.790 7.913 16.871 33.882 58.728 89.639 116.178 139.545 160.358 188.539 239.202 284.864
-999.250 -999.250 -999.250 -999.250 68.977 73.893 77.856 81.353 81.690 88.990 86.412 87.795 96.091 100.420 107.396 121.278 135.759 154.334 147.558 152.107 166.765 150.411 137.225 124.695 125.153 118.614 114.743 92.963 81.153 74.816 78.512 69.513 55.160 54.124 51.663 49.518 48.810 48.421 52.473 43.367 52.420 49.866 41.975 45.790 40.816 36.474 32.270 29.071 23.105 18.774 15.897 10.034 9.454 2.963 3.520 0.000 0.000 0.000 26.186 47.581 70.092 93.242 126.406 144.781 170.970 187.045 238.628
-999.250 -999.250 -999.250 -999.250 80.490 83.252 89.006 84.450 91.954 92.452 91.370 101.783 113.277 120.477 128.557 134.012 144.576 150.628 159.424 154.305 151.889 147.480 137.922 128.431 125.533 104.660 96.686 83.771 82.665 79.727 72.821 69.623 57.380 53.561 51.963 53.668 57.546 57.457 55.095 54.875 53.741 44.857 44.504 45.771 42.576 39.414 34.533 28.048 24.602 19.783 16.369 10.105 7.920 2.907 0.000 0.000 0.000 3.469 20.676 43.937 62.154 84.350 102.546 136.419 165.108 177.307 203.482
-999.250 -999.250 -999.250 -999.250 93.580 101.607 95.429 93.399 100.664 102.842 106.463 115.742 124.570 126.108 136.649 135.584 153.644 154.914 161.170 148.679 153.359 139.164 144.636 119.483 119.862 98.345 87.130 83.567 83.014 75.624 77.885 68.445 55.824 51.391 51.942 54.014 55.896 58.298 49.528 55.886 59.980 51.450 49.564 49.523 43.627 40.048 34.149 32.131 25.802 24.143 14.368 8.778 7.110 0.000 0.000 0.000 0.000 4.200 18.295 33.407 45.809 68.056 82.674 101.408 119.400 155.650 161.337
-999.250 -999.250 -999.250 81.432 103.405 110.056 101.247 109.330 110.655 114.222 113.595 126.550 132.313 146.400 151.185 142.474 166.841 163.667 159.335 155.727 148.637 137.463 121.631 117.823 102.838 97.049 89.426 88.341 83.735 73.641 71.380 64.958 58.552 55.317 54.474 56.734 50.562 61.044 61.338 58.933 59.667 49.410 50.388 47.323 51.619 43.298 39.960 37.265 25.134 21.309 14.526 15.655 7.547 0.885 0.000 0.000 0.000 8.140 13.493 28.412 35.832 58.426 64.982 87.629 119.978 132.290 150.041
