data/medianmodel_22-Feb-2021.asc
ncols	141
nrows	288
xllcorner	-120191.398
yllcorner	-301404.813
cellsize	2000.000
NODATA_value	-999.250
[rows 174 to 202 of 288, columns 0 to 64 of 141]
-999.250 -999.250 -999.250 -999.250 367.842 400.606 397.859 427.234 433.024 440.760 438.318 447.622 467.554 473.472 489.514 484.129 490.132 429.654 367.678 298.469 310.527 318.305 304.653 310.179 276.403 288.236 260.338 246.151 249.457 258.617 262.896 282.070 264.893 277.960 299.246 295.317 294.231 293.566 280.126 277.581 266.611 253.817 243.302 237.364 232.354 215.540 189.362 174.887 145.706 136.896 122.474 107.493 105.724 97.662 82.230 62.353 56.758 54.509 55.596 65.086 82.634 102.755 110.412 123.281 143.292
-999.250 -999.250 -999.250 -999.250 394.139 407.221 419.748 433.743 425.894 412.845 411.593 432.980 462.534 462.600 474.374 456.187 445.298 416.908 358.282 327.363 305.373 312.345 319.486 292.597 296.284 279.685 265.221 263.304 264.556 268.068 265.098 290.189 291.619 286.459 299.956 284.723 294.275 284.937 293.470 278.247 260.565 249.690 240.130 230.095 221.360 207.635 193.795 168.823 153.239 135.764 124.481 117.548 107.384 93.665 84.791 69.569 57.336 51.756 55.014 71.062 96.678 108.542 116.765 135.738 162.003
-999.250 -999.250 -999.250 -999.250 415.936 402.463 443.048 475.146 441.343 425.122 416.442 428.886 442.519 445.870 450.045 402.553 419.725 384.950 360.540 335.904 330.157 326.650 332.315 327.451 308.993 303.590 280.658 286.915 283.219 282.881 270.731 263.488 264.877 280.373 273.024 290.568 294.910 261.184 261.606 262.317 259.440 254.097 234.724 228.951 222.398 210.275 188.648 167.860 163.793 136.000 136.684 126.755 119.921 109.200 88.213 79.433 60.303 48.333 61.855 85.982 97.410 124.860 128.447 155.881 183.735
-999.250 -999.250 -999.250 -999.250 399.726 400.158 431.004 457.863 446.337 415.422 434.320 433.039 415.178 423.151 424.949 412.055 390.819 372.003 371.254 362.407 356.033 345.933 337.194 326.689 327.773 317.247 307.676 295.553 293.005 284.057 285.886 274.583 269.102 275.501 269.659 279.088 274.954 266.733 261.368 246.683 246.605 243.928 235.535 221.170 216.518 214.157 191.039 174.282 153.710 152.966 145.890 126.706 118.602 109.957 96.982 83.899 73.549 65.927 76.173 105.317 110.737 124.202 155.331 170.672 209.976
-999.250 -999.250 -999.250 -999.250 394.949 411.660 431.128 440.513 426.939 443.472 463.433 439.270 429.753 418.981 404.324 394.338 392.119 374.527 370.868 379.478 369.410 363.910 344.612 344.631 343.482 337.490 323.608 307.575 300.101 299.356 289.257 281.811 280.968 281.772 276.751 262.795 257.054 255.013 253.145 253.919 236.850 225.622 224.278 220.170 211.822 208.808 199.458 181.417 163.105 147.067 144.950 129.202 120.177 110.972 98.142 100.365 97.348 96.509 97.473 112.094 127.737 156.495 177.012 204.307 222.702
-999.250 -999.250 -999.250 413.904 409.974 420.623 426.361 411.082 413.298 422.469 436.032 421.784 410.652 423.946 398.159 390.332 393.308 387.179 386.142 382.740 409.279 379.044 361.180 345.711 356.479 336.486 315.988 304.564 316.043 311.163 314.591 311.388 296.218 288.477 291.582 272.794 261.608 258.174 254.772 246.970 235.556 230.813 226.074 214.673 204.917 205.256 187.807 164.593 164.198 148.119 143.738 127.587 125.496 116.127 106.462 106.061 106.491 108.640 115.959 130.228 152.619 197.749 202.881 231.411 246.089
-999.250 -999.250 -999.250 402.192 392.692 405.123 417.073 396.601 394.848 398.996 414.939 426.856 397.622 401.354 410.601 379.740 384.274 388.716 377.694 386.973 381.206 379.879 369.097 356.235 356.712 338.329 326.594 314.402 304.974 320.149 313.833 307.231 285.292 304.260 282.957 256.181 266.474 274.876 263.532 239.622 241.814 233.893 220.621 215.109 208.834 187.893 181.559 171.756 159.684 151.005 142.647 136.074 131.798 129.069 113.262 113.924 117.249 125.204 130.890 151.620 183.725 223.074 232.258 252.837 286.917
-999.250 -999.250 -999.250 385.843 396.473 434.748 411.829 415.568 398.053 419.032 403.581 441.086 414.783 402.434 402.510 378.470 380.131 380.954 386.755 381.043 385.953 387.986 375.613 358.902 353.294 322.371 325.293 317.130 324.330 329.285 317.597 307.088 294.311 321.032 279.602 274.589 266.149 268.540 269.458 244.620 242.825 231.372 231.038 221.155 208.951 180.090 182.715 170.898 158.945 148.558 151.149 138.593 129.482 129.520 121.596 122.322 129.813 143.694 157.011 181.311 204.595 243.575 261.868 294.504 345.805
-999.250 -999.250 393.280 388.855 411.221 418.266 434.692 424.947 411.276 411.327 397.509 418.398 403.739 412.091 405.277 392.640 383.011 388.940 381.224 383.893 382.459 370.470 375.214 349.813 335.062 327.127 321.862 327.266 336.860 320.060 308.234 315.504 301.609 302.726 278.176 277.455 287.984 275.569 251.720 242.479 241.988 224.546 224.077 214.509 206.923 183.481 193.979 171.591 161.334 161.650 150.022 146.688 133.182 122.575 125.164 129.104 146.959 162.838 184.243 214.848 233.450 264.047 304.249 340.889 376.225
-999.250 -999.250 404.715 388.706 397.780 419.909 415.822 424.087 419.411 413.672 399.755 395.940 414.886 420.477 420.771 400.407 380.208 382.227 376.140 374.435 -999.250 360.475 355.217 357.378 344.511 342.771 316.394 320.230 323.070 316.973 316.067 312.887 301.542 294.816 286.219 311.926 286.398 265.986 253.012 243.213 247.327 233.733 221.976 204.859 209.221 193.341 180.347 172.904 164.514 156.816 148.435 141.375 132.262 129.896 128.693 144.577 153.121 183.912 208.834 231.663 248.169 287.818 335.595 364.606 386.481
-999.250 376.830 396.635 398.607 407.067 407.751 405.510 416.094 411.261 406.190 401.867 415.041 422.244 432.539 426.977 419.350 371.103 375.651 374.897 -999.250 -999.250 350.082 334.915 350.243 358.045 339.087 335.563 319.046 312.401 316.650 311.557 317.211 296.935 305.671 307.085 293.402 290.799 289.573 271.262 264.267 249.909 240.216 225.203 201.475 203.107 189.293 187.378 176.662 165.480 148.914 146.482 140.841 141.507 142.976 141.676 141.599 167.209 192.655 212.348 262.882 274.045 316.953 347.093 387.922 408.791
-999.250 376.732 390.402 394.953 387.186 394.627 397.143 400.415 403.451 431.144 416.302 424.317 443.134 459.723 460.519 431.680 388.329 377.674 -999.250 -999.250 -999.250 -999.250 339.347 346.130 352.384 343.022 337.424 327.589 319.211 306.072 297.574 296.992 303.652 301.756 297.358 298.181 292.094 280.972 264.789 265.202 262.490 245.210 228.680 199.099 200.836 198.971 183.756 179.097 157.335 146.995 148.475 141.032 143.276 149.870 146.439 161.569 183.851 201.011 227.664 256.751 301.583 321.464 350.818 395.396 462.337
375.840 368.670 394.145 406.249 396.823 393.407 393.487 417.895 424.176 449.410 427.024 411.556 419.890 444.244 431.929 419.960 395.905 383.513 -999.250 -999.250 -999.250 -999.250 -999.250 348.448 345.896 333.837 318.858 313.923 295.001 291.113 283.628 312.311 317.387 297.483 322.140 301.512 290.776 285.968 275.661 259.970 266.135 251.178 229.741 212.818 211.200 193.291 194.988 179.800 169.182 153.376 144.820 139.897 147.734 151.022 156.825 164.434 184.946 205.209 225.821 266.637 308.842 346.196 376.694 437.638 474.298
-999.250 375.646 386.996 389.781 389.120 400.446 398.732 404.359 410.756 408.972 402.165 403.045 387.820 427.254 434.327 431.567 403.203 384.549 -999.250 -999.250 -999.250 -999.250 367.514 350.479 349.671 335.892 334.250 300.801 278.185 285.326 291.407 297.861 303.905 302.922 311.285 297.282 288.313 297.190 276.681 260.363 273.825 266.275 243.719 223.670 226.682 205.369 201.377 177.139 163.899 157.698 149.834 148.451 144.674 145.823 156.725 172.806 203.866 210.362 245.970 290.076 321.746 362.748 396.834 451.481 508.684
-999.250 374.788 380.112 387.689 401.509 399.413 395.974 386.555 387.183 388.861 388.421 385.437 383.615 406.549 424.753 432.176 418.538 395.311 -999.250 -999.250 -999.250 371.308 -999.250 352.327 352.024 338.767 328.214 297.923 269.750 304.220 295.440 302.175 311.494 315.125 313.799 298.256 311.427 309.603 296.831 278.187 262.559 255.737 249.543 246.143 223.625 213.234 200.550 170.312 171.786 155.021 152.596 146.004 143.117 143.843 158.129 167.089 204.701 221.690 248.475 266.393 320.644 364.439 379.462 434.606 482.612
-999.250 367.869 370.306 389.704 385.633 382.655 380.524 374.719 375.214 376.881 370.195 373.570 377.947 394.993 409.490 404.752 397.514 -999.250 -999.250 -999.250 -999.250 379.122 375.909 371.045 358.112 350.359 332.104 303.202 281.542 290.005 306.659 310.817 319.286 317.500 315.413 324.319 305.275 297.586 293.513 278.522 267.329 270.682 252.754 257.503 237.676 214.568 190.050 174.337 172.259 153.570 143.469 141.901 136.979 137.554 155.533 165.074 190.937 210.735 242.928 280.221 321.024 353.043 376.181 406.274 432.980
-999.250 370.318 374.846 385.285 369.217 374.857 377.416 373.334 375.151 368.752 363.648 366.387 368.196 368.734 378.545 381.487 389.766 -999.250 -999.250 -999.250 385.382 391.281 406.151 382.238 367.638 354.120 344.715 301.038 272.906 288.480 308.034 310.949 337.782 339.832 322.653 331.960 318.445 315.463 310.912 297.392 282.759 267.867 266.919 253.505 232.560 212.000 201.405 174.936 167.373 151.753 153.359 138.903 135.344 137.517 146.102 161.614 171.949 204.801 225.607 255.658 292.714 324.756 360.490 391.514 397.672
-999.250 -999.250 -999.250 375.354 -999.250 -999.250 371.049 363.305 355.350 -999.250 -999.250 -999.250 359.601 370.691 -999.250 -999.250 -999.250 -999.250 -999.250 -999.250 386.384 392.232 388.333 389.212 383.307 370.331 361.771 340.790 321.336 320.777 320.549 318.131 352.133 348.679 353.438 348.807 351.353 336.059 302.474 284.499 284.232 274.755 255.963 245.537 235.113 214.357 203.682 177.719 164.466 152.278 145.790 143.243 135.117 132.658 133.862 141.431 161.326 175.092 211.367 243.530 272.020 312.264 345.833 357.589 389.248
-999.250 -999.250 -999.250 -999.250 -999.250 -999.250 -999.250 -999.250 -999.250 -999.250 -999.250 -999.250 -999.250 360.193 359.168 371.886 -999.250 -999.250 -999.250 373.077 381.523 405.049 401.800 404.829 395.598 402.322 387.145 373.039 356.285 354.321 360.721 361.874 353.217 361.552 347.554 359.053 363.061 338.104 311.289 299.881 283.486 255.661 251.727 242.452 229.581 213.239 199.742 180.220 161.102 149.464 141.746 135.766 126.650 128.366 125.424 120.721 132.125 156.500 189.255 224.659 260.995 279.758 318.887 337.042 359.178
-999.250 -999.250 -999.250 -999.250 -999.250 -999.250 -999.250 -999.250 -999.250 -999.250 -999.250 337.881 354.473 363.718 357.238 359.680 -999.250 -999.250 362.259 372.603 376.389 394.074 409.393 401.074 399.459 409.246 423.643 401.712 392.153 388.483 375.829 365.811 363.728 349.233 351.999 358.320 337.756 324.093 315.788 291.205 289.289 254.739 247.561 232.474 217.824 208.171 193.928 175.175 159.415 146.472 142.376 131.061 133.323 128.751 118.573 110.971 108.647 139.624 173.976 213.722 243.074 269.056 294.688 309.154 318.535
-999.250 -999.250 -999.250 -999.250 -999.250 -999.250 -999.250 -999.250 -999.250 -999.250 -999.250 336.864 349.408 345.447 360.674 361.614 362.922 365.096 372.111 374.565 386.673 406.788 401.007 390.283 411.214 436.434 474.568 456.007 427.561 396.048 384.802 373.677 362.084 360.098 350.051 353.241 326.484 332.682 303.580 298.130 266.472 253.207 242.143 219.158 219.661 206.585 194.580 176.992 162.376 148.401 133.839 128.398 131.503 122.849 119.675 120.086 121.960 136.703 165.374 198.187 224.107 256.727 260.342 286.818 286.557
-999.250 -999.250 -999.250 -999.250 -999.250 -999.250 -999.250 -999.250 -999.250 -999.250 -999.250 -999.250 337.803 353.469 353.707 350.913 347.537 370.224 367.827 374.339 378.425 387.641 394.399 399.757 446.331 447.773 459.528 441.427 418.921 413.157 389.678 382.355 374.003 361.582 355.065 352.488 348.277 334.528 315.653 305.444 285.006 253.847 240.340 221.959 226.221 211.537 198.795 178.142 163.238 139.607 137.061 134.633 134.848 130.150 122.221 118.591 122.893 140.859 163.748 184.665 198.770 228.106 226.689 250.484 257.013
-999.250 -999.250 -999.250 -999.250 -999.250 -999.250 -999.250 -999.250 -999.250 -999.250 -999.250 -999.250 -999.250 345.125 350.367 358.620 360.253 361.938 367.757 375.650 386.161 392.625 388.106 408.884 434.353 449.967 448.925 455.455 445.582 441.713 418.406 390.397 384.736 382.163 362.374 356.913 342.085 342.753 327.989 319.576 281.121 246.504 239.233 234.396 220.222 213.301 192.957 178.842 159.729 151.602 138.590 141.089 130.366 128.620 124.927 129.168 124.739 140.746 157.789 168.949 184.711 206.430 217.143 228.040 236.007
-999.250 -999.250 -999.250 -999.250 -999.250 -999.250 -999.250 -999.250 -999.250 -999.250 -999.250 -999.250 -999.250 343.050 347.192 349.067 352.215 346.610 366.642 387.125 377.803 390.505 401.787 384.886 414.578 444.430 429.096 442.373 445.485 449.807 407.210 394.688 380.115 366.591 372.163 361.226 343.969 324.393 325.935 316.193 289.723 267.281 251.571 232.697 226.656 214.759 202.647 184.359 160.811 154.542 144.640 139.376 138.245 136.288 132.582 134.648 130.069 141.763 157.126 162.038 182.119 193.777 209.579 210.012 221.932
-999.250 -999.250 -999.250 -999.250 -999.250 -999.250 -999.250 -999.250 -999.250 -999.250 -999.250 -999.250 -999.250 345.590 348.505 348.164 349.063 363.942 372.804 379.558 379.270 389.617 400.874 389.756 424.847 432.797 435.008 452.901 455.805 453.678 432.341 399.412 392.998 378.011 367.858 360.962 364.216 333.576 327.321 296.512 268.307 280.443 257.161 241.478 240.050 219.834 208.816 196.178 173.784 159.385 153.048 141.507 142.359 142.182 138.846 135.088 150.312 140.424 145.627 153.809 167.898 173.772 179.539 198.795 199.575
-999.250 -999.250 -999.250 -999.250 -999.250 -999.250 -999.250 -999.250 -999.250 -999.250 -999.250 -999.250 -999.250 -999.250 358.820 361.716 361.219 370.794 385.669 388.465 388.930 406.363 397.136 392.153 405.737 414.851 454.158 461.442 470.921 478.065 424.663 403.935 382.758 385.620 376.813 364.063 351.985 332.477 335.575 310.438 285.924 266.858 253.560 256.379 240.409 233.273 214.093 194.697 187.993 171.633 160.795 152.034 145.558 147.913 139.532 141.126 148.604 156.337 145.145 149.490 158.123 172.666 180.967 185.647 194.013
-999.250 -999.250 -999.250 -999.250 -999.250 -999.250 -999.250 -999.250 -999.250 -999.250 -999.250 -999.250 -999.250 -999.250 353.771 359.523 363.123 362.467 377.346 390.044 402.004 399.866 404.464 419.274 395.066 401.726 450.475 475.068 499.453 477.973 455.632 397.087 386.798 383.717 381.968 354.216 354.882 332.627 334.876 310.632 289.267 284.212 269.904 280.346 244.168 232.900 215.320 203.566 186.631 182.101 169.460 163.260 155.874 144.546 154.999 156.553 151.295 151.889 156.330 154.783 165.918 170.931 176.538 181.435 186.365
-999.250 -999.250 -999.250 -999.250 -999.250 -999.250 -999.250 -999.250 -999.250 -999.250 -999.250 -999.250 -999.250 -999.250 335.738 354.467 364.400 371.136 381.805 390.784 396.185 406.740 398.478 396.974 396.529 411.168 439.599 460.115 448.622 453.574 433.468 402.254 390.697 374.902 374.475 372.368 350.684 342.969 331.301 329.608 312.698 308.700 293.670 265.054 251.428 238.153 235.535 224.871 203.333 192.831 188.108 183.481 171.073 169.773 162.063 164.638 164.407 153.232 163.991 159.147 172.407 174.881 177.546 178.826 171.060
-999.250 -999.250 -999.250 -999.250 -999.250 -999.250 -999.250 -999.250 -999.250 -999.250 -999.250 -999.250 -999.250 -999.250 351.383 359.073 362.029 370.639 383.326 384.612 415.257 397.050 395.591 384.507 394.262 -999.250 445.753 435.285 442.699 427.344 418.290 382.702 377.706 369.351 363.689 356.782 363.035 358.956 341.944 331.753 335.746 303.866 286.068 282.534 260.530 258.802 234.776 236.005 224.180 211.133 208.904 192.263 185.967 181.498 179.221 185.879 171.822 167.359 171.262 174.614 172.879 172.947 169.528 168.766 176.900
