data/medianmodel_10-Sep-2020.asc
ncols	141
nrows	288
xllcorner	-120191.398
yllcorner	-301404.813
cellsize	2000.000
NODATA_value	-999.250
[rows 120 to 149 of 288, columns 0 to 68 of 141]
-999.250 -999.250 -999.250 -999.250 -999.250 -999.250 -999.250 -999.250 -999.250 -999.250 -999.250 -999.250 -999.250 -999.250 -999.250 -999.250 -999.250 -999.250 -999.250 -999.250 -999.250 -999.250 -999.250 -999.250 -999.250 -999.250 14.666 12.824 15.313 17.395 18.953 18.916 18.450 21.072 24.982 23.274 25.177 25.521 24.199 25.160 19.574 14.176 11.379 8.364 5.806 0.974 0.000 0.000 0.000 0.000 0.000 0.000 0.000 0.000 0.000 0.000 0.000 0.000 0.000 0.000 0.249 4.324 9.199 16.826 21.314 28.471 35.906 46.062 52.941
-999.250 -999.250 -999.250 -999.250 -999.250 -999.250 -999.250 -999.250 -999.250 -999.250 -999.250 -999.250 -999.250 -999.250 -999.250 -999.250 -999.250 -999.250 -999.250 -999.250 -999.250 -999.250 -999.250 -999.250 -999.250 13.399 12.164 14.258 13.784 15.279 22.087 20.372 19.425 20.820 23.221 25.422 27.739 28.247 28.335 23.967 19.275 17.926 12.057 8.582 6.089 0.000 0.000 0.000 0.000 0.000 0.000 0.000 0.000 0.000 0.000 0.000 0.000 0.000 0.000 0.000 2.407 7.597 12.030 19.483 30.599 37.607 47.096 53.181 68.275
-999.250 -999.250 -999.250 -999.250 -999.250 -999.250 -999.250 -999.250 -999.250 -999.250 -999.250 -999.250 -999.250 -999.250 -999.250 -999.250 -999.250 -999.250 -999.250 -999.250 -999.250 -999.250 -999.250 -999.250 -999.250 11.179 13.095 13.962 14.136 17.096 19.277 19.484 21.275 19.560 20.492 26.779 30.844 32.384 31.069 26.755 20.105 15.540 10.773 8.152 6.127 2.282 0.000 0.000 0.000 0.000 0.000 0.000 0.000 1.978 0.732 0.289 0.000 0.000 0.000 2.651 7.211 10.504 17.072 21.932 31.532 40.815 50.311 58.002 69.077
-999.250 -999.250 -999.250 -999.250 -999.250 -999.250 -999.250 -999.250 -999.250 -999.250 -999.250 -999.250 -999.250 -999.250 -999.250 -999.250 -999.250 -999.250 -999.250 -999.250 -999.250 -999.250 -999.250 -999.250 -999.250 11.100 10.639 14.543 15.027 15.286 17.364 20.766 20.730 22.668 23.220 23.958 27.132 32.737 38.864 29.640 20.669 15.662 12.963 9.228 4.761 1.402 0.000 0.000 0.000 0.000 0.000 0.113 0.637 4.037 6.083 4.995 1.670 1.944 2.917 3.457 7.938 13.038 19.147 23.773 30.889 41.624 50.968 53.620 66.114
-999.250 -999.250 -999.250 -999.250 -999.250 -999.250 -999.250 -999.250 -999.250 -999.250 -999.250 -999.250 -999.250 -999.250 -999.250 -999.250 -999.250 -999.250 -999.250 -999.250 -999.250 -999.250 -999.250 -999.250 10.182 11.582 12.478 13.023 14.382 15.412 16.880 18.111 21.298 22.291 25.282 28.784 25.472 30.950 30.625 26.061 21.257 14.621 13.386 8.409 4.741 2.099 0.000 0.000 0.000 0.000 0.000 3.378 7.298 10.397 9.812 8.108 5.761 4.333 5.921 7.724 12.774 15.278 20.733 24.852 32.634 40.071 47.696 52.690 62.075
-999.250 -999.250 -999.250 -999.250 -999.250 -999.250 -999.250 -999.250 -999.250 -999.250 -999.250 -999.250 -999.250 -999.250 -999.250 -999.250 -999.250 -999.250 -999.250 -999.250 -999.250 -999.250 -999.250 -999.250 8.902 9.810 12.537 13.467 15.211 15.587 17.405 19.036 20.931 20.981 23.824 25.985 26.489 26.105 27.060 21.599 19.485 15.861 13.495 8.552 5.443 1.203 0.007 0.000 0.000 0.000 0.247 3.766 8.342 12.418 17.960 11.932 7.279 7.002 7.358 9.517 12.236 17.044 24.041 27.050 32.217 35.903 44.061 47.747 55.510
-999.250 -999.250 -999.250 -999.250 -999.250 -999.250 -999.250 -999.250 -999.250 -999.250 -999.250 -999.250 -999.250 -999.250 -999.250 -999.250 -999.250 -999.250 -999.250 -999.250 -999.250 -999.250 -999.250 6.418 7.033 9.339 8.896 10.799 13.073 14.434 17.489 18.074 19.686 21.216 22.276 21.148 23.402 22.931 22.814 19.743 15.785 13.492 9.421 8.097 5.595 1.766 0.221 0.000 0.000 0.000 0.000 3.808 8.351 10.596 12.951 11.363 9.642 7.844 8.008 9.643 12.124 17.196 22.087 26.784 29.981 34.613 40.424 45.438 48.688
-999.250 -999.250 -999.250 -999.250 -999.250 -999.250 -999.250 -999.250 -999.250 -999.250 -999.250 -999.250 -999.250 -999.250 -999.250 -999.250 -999.250 -999.250 -999.250 -999.250 -999.250 -999.250 -999.250 5.597 6.737 8.490 8.313 12.176 13.627 14.191 18.206 20.219 19.323 19.195 20.203 19.517 18.287 19.203 18.025 15.963 15.014 9.873 10.279 8.135 5.854 1.976 0.000 0.000 0.000 0.000 1.365 4.953 7.081 9.778 10.500 10.173 8.482 8.091 6.351 10.299 14.881 17.772 24.782 25.867 27.607 30.867 32.348 36.074 42.924
-999.250 -999.250 -999.250 -999.250 -999.250 -999.250 -999.250 -999.250 -999.250 -999.250 -999.250 -999.250 -999.250 -999.250 -999.250 -999.250 -999.250 -999.250 -999.250 -999.250 -999.250 -999.250 -999.250 5.050 6.667 8.175 9.368 11.123 11.223 13.794 15.156 17.783 14.952 17.328 17.983 16.820 16.973 17.492 15.338 14.950 13.137 10.206 9.595 8.144 4.740 2.779 0.000 0.000 0.000 0.000 1.133 2.999 7.075 9.096 8.517 9.027 8.468 10.095 8.674 10.712 14.786 17.565 27.441 22.349 24.987 25.704 29.432 30.079 31.782
-999.250 -999.250 -999.250 -999.250 -999.250 -999.250 -999.250 -999.250 -999.250 -999.250 -999.250 -999.250 -999.250 -999.250 -999.250 -999.250 -999.250 -999.250 -999.250 -999.250 -999.250 -999.250 3.460 4.446 6.528 7.765 9.852 9.120 11.645 13.550 15.009 15.950 13.569 15.012 15.245 14.944 15.643 15.251 12.664 12.441 12.090 10.877 9.348 7.169 4.680 4.596 0.000 0.000 0.000 0.000 0.479 2.820 5.489 8.763 8.346 7.391 7.631 7.280 8.118 8.882 11.856 14.384 18.988 18.060 19.113 19.743 20.124 20.628 24.636
-999.250 -999.250 -999.250 -999.250 -999.250 -999.250 -999.250 -999.250 -999.250 -999.250 -999.250 -999.250 -999.250 -999.250 -999.250 -999.250 -999.250 -999.250 -999.250 -999.250 -999.250 -999.250 4.103 6.904 8.989 9.728 9.740 9.595 10.640 13.195 16.642 14.685 15.642 14.219 16.053 13.596 11.872 12.150 10.396 10.138 9.517 8.668 7.910 6.985 2.241 1.257 0.000 0.000 0.000 0.000 0.000 0.997 4.068 4.373 7.011 7.032 5.670 4.953 6.017 7.900 8.950 9.953 13.810 13.410 15.017 12.424 13.965 13.880 16.080
-999.250 -999.250 -999.250 -999.250 -999.250 -999.250 -999.250 -999.250 -999.250 -999.250 -999.250 -999.250 -999.250 -999.250 -999.250 -999.250 -999.250 -999.250 -999.250 -999.250 -999.250 4.953 5.300 7.264 10.387 9.975 9.483 10.591 11.875 15.203 19.957 15.230 14.252 14.141 12.871 10.607 11.428 9.399 9.714 9.508 10.051 8.507 5.570 2.755 5.426 0.000 0.000 0.000 0.000 0.000 0.000 0.000 0.000 1.914 3.362 2.332 2.342 3.344 2.324 4.370 9.186 9.379 10.113 9.648 9.133 9.506 9.376 8.915 11.091
-999.250 -999.250 -999.250 -999.250 -999.250 -999.250 -999.250 -999.250 -999.250 -999.250 -999.250 -999.250 -999.250 -999.250 -999.250 -999.250 -999.250 -999.250 -999.250 -999.250 -999.250 6.425 7.261 6.804 8.130 8.501 9.549 11.431 10.335 11.994 14.179 14.222 13.646 11.768 12.166 9.169 9.624 9.641 8.920 6.548 8.462 6.800 6.457 1.594 4.092 2.306 0.499 0.160 0.017 0.000 0.000 0.000 0.000 0.000 0.151 1.269 0.000 0.401 0.409 1.879 4.307 5.755 4.057 5.331 5.174 5.109 3.487 4.935 3.482
-999.250 -999.250 -999.250 -999.250 -999.250 -999.250 -999.250 -999.250 -999.250 -999.250 -999.250 -999.250 -999.250 -999.250 -999.250 -999.250 -999.250 -999.250 -999.250 -999.250 -999.250 7.771 8.281 7.514 10.617 9.740 8.305 9.297 8.874 11.363 11.219 11.392 10.874 11.159 10.950 8.777 8.839 9.051 8.523 5.983 6.696 6.193 5.855 2.637 1.787 1.459 1.072 0.000 0.323 0.000 0.000 0.000 0.000 0.000 0.000 0.000 0.000 0.000 0.000 0.000 0.594 0.727 0.854 2.373 0.347 0.130 0.000 0.000 0.000
-999.250 -999.250 -999.250 -999.250 -999.250 -999.250 -999.250 -999.250 -999.250 -999.250 -999.250 -999.250 -999.250 -999.250 -999.250 -999.250 -999.250 -999.250 -999.250 -999.250 10.614 10.568 9.950 9.563 9.901 10.025 8.470 8.776 10.672 9.648 10.845 9.974 10.131 10.232 10.937 9.360 8.213 6.258 7.058 6.522 5.835 6.803 4.974 1.552 0.586 0.190 0.212 0.270 1.176 0.000 0.000 0.000 0.000 0.000 0.000 0.000 0.000 0.000 0.000 0.000 0.000 0.000 0.000 0.000 0.000 0.000 0.000 0.000 0.000
-999.250 -999.250 -999.250 -999.250 -999.250 -999.250 -999.250 -999.250 -999.250 -999.250 -999.250 -999.250 -999.250 -999.250 -999.250 -999.250 -999.250 -999.250 -999.250 -999.250 12.383 12.143 11.133 11.718 11.111 11.348 11.823 11.452 12.788 12.186 12.449 10.921 9.994 10.266 8.574 8.281 6.502 4.704 4.354 6.803 5.325 5.357 2.206 3.167 0.553 2.593 1.664 0.513 0.877 2.207 0.251 0.000 0.000 0.000 0.000 0.000 0.000 0.000 0.000 0.000 0.000 0.000 0.000 0.000 0.000 0.000 0.000 0.000 0.353
-999.250 -999.250 -999.250 -999.250 -999.250 -999.250 -999.250 -999.250 -999.250 -999.250 -999.250 -999.250 -999.250 -999.250 -999.250 -999.250 -999.250 -999.250 -999.250 -999.250 15.818 14.294 14.306 14.660 13.918 13.912 15.475 13.463 15.469 14.619 14.225 13.722 11.093 11.289 9.303 8.206 7.185 6.043 6.550 6.320 7.365 5.373 3.283 1.538 4.028 5.868 2.902 3.329 2.533 3.790 3.429 0.864 0.253 0.000 0.000 0.000 0.000 0.000 0.000 0.000 0.000 0.000 0.000 0.000 0.000 0.000 0.000 0.000 0.549
-999.250 -999.250 -999.250 -999.250 -999.250 -999.250 -999.250 -999.250 -999.250 -999.250 -999.250 -999.250 -999.250 -999.250 -999.250 -999.250 -999.250 -999.250 -999.250 -999.250 16.754 17.709 16.452 17.211 17.536 16.527 17.590 15.912 16.288 17.492 18.794 15.803 12.959 12.471 10.130 8.027 5.970 5.003 5.299 6.780 9.082 6.964 4.503 3.665 3.446 3.296 4.925 6.690 6.497 4.430 2.654 2.093 0.030 0.000 0.000 0.000 0.000 0.000 0.000 0.000 0.000 0.000 0.000 0.000 0.000 0.000 0.000 0.000 0.260
-999.250 -999.250 -999.250 -999.250 -999.250 -999.250 -999.250 -999.250 -999.250 -999.250 -999.250 -999.250 -999.250 -999.250 -999.250 -999.250 -999.250 -999.250 -999.250 18.303 19.380 19.288 19.316 19.188 20.995 21.522 20.902 20.655 21.300 19.044 20.895 19.735 16.886 16.175 11.862 8.540 6.772 5.173 6.295 6.273 7.405 6.409 6.592 4.987 5.133 4.906 7.272 8.726 9.053 8.159 7.732 3.722 1.431 0.000 0.123 0.000 0.000 0.000 0.000 0.000 0.000 0.000 0.000 0.000 0.000 0.000 0.000 0.000 1.464
-999.250 -999.250 -999.250 -999.250 -999.250 -999.250 -999.250 -999.250 -999.250 -999.250 -999.250 -999.250 -999.250 -999.250 -999.250 -999.250 -999.250 -999.250 -999.250 20.862 24.025 22.158 22.128 22.766 23.802 25.872 25.556 24.201 25.425 27.186 26.185 22.554 19.937 19.585 15.276 9.845 9.769 7.788 6.555 5.137 6.404 3.779 4.919 3.579 4.443 5.138 10.628 11.261 11.294 11.793 9.483 6.787 4.772 0.355 1.857 0.000 0.000 0.000 0.000 0.000 0.000 0.000 0.000 0.000 0.000 0.000 0.000 0.000 3.656
-999.250 -999.250 -999.250 -999.250 -999.250 -999.250 -999.250 -999.250 -999.250 -999.250 -999.250 -999.250 -999.250 -999.250 -999.250 -999.250 -999.250 -999.250 -999.250 22.131 28.239 26.700 26.361 28.911 30.136 27.575 27.108 27.433 29.031 33.940 38.668 29.926 23.906 19.734 16.277 10.987 9.554 8.902 6.827 2.751 4.833 3.924 5.270 4.848 5.742 8.266 12.095 15.565 16.522 12.880 10.866 7.935 5.343 1.910 3.777 0.000 0.000 0.000 0.000 0.000 0.000 0.000 0.000 0.000 0.000 0.000 0.000 0.000 1.846
-999.250 -999.250 -999.250 -999.250 -999.250 -999.250 -999.250 -999.250 -999.250 -999.250 -999.250 -999.250 -999.250 -999.250 -999.250 -999.250 -999.250 -999.250 -999.250 21.875 25.822 26.433 29.907 30.090 31.654 31.426 32.374 36.306 35.467 34.894 34.549 30.908 24.155 19.033 15.422 13.170 10.573 8.159 4.690 6.060 5.314 5.719 1.867 4.737 6.232 8.062 11.765 15.910 21.770 14.376 11.565 9.023 5.558 3.000 1.762 0.000 0.000 0.000 0.000 0.000 0.000 0.000 0.000 0.000 0.000 0.000 0.000 0.000 2.322
-999.250 -999.250 -999.250 -999.250 -999.250 -999.250 -999.250 -999.250 -999.250 -999.250 -999.250 -999.250 -999.250 -999.250 -999.250 -999.250 -999.250 -999.250 -999.250 21.924 23.825 27.512 32.819 36.012 33.050 33.148 34.832 35.577 32.996 34.909 36.906 31.291 27.956 21.313 18.023 14.259 11.292 9.191 5.317 7.656 5.152 3.816 3.437 6.399 3.488 6.704 11.032 12.709 16.005 13.012 10.947 8.858 6.680 1.765 1.574 0.000 1.014 0.032 0.000 0.000 0.000 0.000 0.000 0.000 0.000 0.000 0.000 0.000 0.000
-999.250 -999.250 -999.250 -999.250 -999.250 -999.250 -999.250 -999.250 -999.250 -999.250 -999.250 -999.250 -999.250 -999.250 -999.250 -999.250 -999.250 -999.250 20.229 22.783 24.735 28.298 35.949 42.947 37.786 38.133 36.959 40.899 39.029 36.176 35.198 30.743 24.635 21.000 19.889 15.464 11.713 9.703 7.808 6.813 6.230 3.935 5.669 6.063 5.666 8.124 12.287 11.758 11.286 12.120 8.648 6.396 4.936 2.973 0.949 0.916 0.961 1.242 0.000 0.000 0.000 0.000 0.000 0.000 0.000 0.000 0.000 0.000 0.000
-999.250 -999.250 -999.250 -999.250 -999.250 -999.250 -999.250 -999.250 -999.250 -999.250 -999.250 -999.250 -999.250 -999.250 -999.250 -999.250 -999.250 17.352 21.711 23.525 25.644 28.218 35.846 36.091 38.151 40.008 40.019 39.535 38.559 38.919 31.788 31.132 27.508 22.214 18.312 15.108 13.266 9.782 8.929 7.933 4.064 3.935 4.616 5.524 5.686 7.894 8.685 10.874 10.018 9.821 8.235 5.955 3.768 1.775 0.962 1.439 4.207 3.607 1.855 0.000 0.000 0.000 0.000 0.000 0.000 0.000 0.000 0.000 0.000
-999.250 -999.250 -999.250 -999.250 -999.250 -999.250 -999.250 -999.250 -999.250 -999.250 -999.250 -999.250 -999.250 -999.250 -999.250 -999.250 -999.250 15.702 19.222 23.256 25.958 29.132 34.655 35.261 33.335 36.076 39.656 40.461 40.118 37.119 34.350 32.519 28.037 24.025 18.754 18.040 13.846 10.983 9.982 7.300 4.334 4.102 5.382 7.315 6.760 8.991 10.375 9.744 9.868 7.622 5.843 3.439 0.560 1.080 1.233 5.359 8.696 9.393 6.621 2.496 0.000 0.000 0.000 0.000 0.000 0.000 0.000 0.000 0.000
-999.250 -999.250 -999.250 -999.250 -999.250 -999.250 -999.250 -999.250 -999.250 -999.250 -999.250 -999.250 -999.250 -999.250 -999.250 11.796 11.363 14.133 16.601 19.986 25.922 27.846 30.079 32.329 35.602 38.345 39.652 38.984 39.665 36.634 33.788 28.719 27.773 23.280 18.860 17.122 14.886 13.937 11.368 6.682 5.083 5.725 6.467 7.680 9.981 10.289 11.971 11.446 9.854 7.474 4.813 1.295 0.000 0.000 0.806 3.366 9.488 17.079 10.588 4.127 2.639 0.000 0.000 0.000 0.000 0.000 0.000 0.000 0.000
-999.250 -999.250 -999.250 -999.250 -999.250 -999.250 -999.250 -999.250 -999.250 -999.250 -999.250 -999.250 -999.250 -999.250 9.774 10.800 12.743 13.127 15.332 17.013 21.503 26.314 28.619 32.161 34.265 35.490 33.506 39.569 37.714 39.858 39.395 32.420 29.593 24.089 23.169 19.892 19.019 17.055 13.299 9.511 7.818 5.139 6.606 9.629 12.961 14.270 13.722 11.201 9.202 7.244 3.129 0.000 0.000 0.000 1.232 6.333 7.970 11.239 9.772 6.060 5.137 0.786 0.000 0.000 0.000 0.000 0.000 0.000 0.000
-999.250 -999.250 -999.250 -999.250 -999.250 -999.250 -999.250 -999.250 -999.250 -999.250 -999.250 -999.250 -999.250 -999.250 7.267 9.342 10.298 12.479 14.995 18.369 19.463 20.231 26.543 29.048 32.424 35.922 36.305 38.583 40.635 41.143 37.866 37.165 33.937 27.141 27.449 24.655 22.422 23.421 15.827 12.259 9.524 6.594 8.264 10.512 15.052 18.555 14.380 13.403 8.883 4.589 0.714 0.000 0.000 0.000 0.250 3.778 6.754 8.081 7.492 4.794 2.690 4.387 1.768 0.065 0.000 0.000 0.000 0.000 0.000
-999.250 -999.250 -999.250 -999.250 -999.250 -999.250 -999.250 -999.250 -999.250 -999.250 -999.250 -999.250 -999.250 5.343 7.003 6.411 7.178 11.329 11.405 16.312 17.466 18.903 23.781 26.918 31.243 32.505 33.992 40.539 39.428 39.102 39.250 37.305 36.917 32.303 29.905 24.346 22.902 21.300 17.832 12.907 9.974 8.914 7.896 8.952 13.435 12.296 9.108 9.590 8.776 5.142 2.265 1.458 0.000 0.000 0.237 4.824 4.398 6.613 7.279 2.486 2.390 1.108 1.898 0.000 0.000 0.000 0.000 0.000 0.000
