data/medianmodel_07-Apr-2020.asc
ncols	141
nrows	288
xllcorner	-120191.398
yllcorner	-301404.813
cellsize	2000.000
NODATA_value	-999.250
[rows 240 to 269 of 288, columns 0 to 67 of 141]
-999.250 -999.250 -999.250 -999.250 -999.250 -999.250 -999.250 -999.250 -999.250 -999.250 -999.250 -999.250 -999.250 -999.250 -999.250 -999.250 -999.250 -999.250 -999.250 -999.250 -999.250 -999.250 -999.250 -999.250 -999.250 -999.250 -999.250 -999.250 -999.250 -999.250 10.668 14.379 15.169 15.758 16.406 18.127 17.238 18.700 17.586 19.856 19.874 24.845 21.247 22.810 21.231 22.937 21.636 21.787 20.038 16.433 16.445 17.020 14.198 14.430 13.462 12.626 11.000 11.125 13.582 11.150 12.162 14.305 12.492 14.988 14.445 14.356 17.978 17.396
-999.250 -999.250 -999.250 -999.250 -999.250 -999.250 -999.250 -999.250 -999.250 -999.250 -999.250 -999.250 -999.250 -999.250 -999.250 -999.250 -999.250 -999.250 -999.250 -999.250 -999.250 -999.250 -999.250 -999.250 -999.250 -999.250 -999.250 -999.250 -999.250 -999.250 10.983 14.009 14.442 17.564 15.866 16.283 16.225 17.628 19.514 20.085 24.641 24.120 20.660 21.326 18.220 21.427 19.142 16.831 15.874 18.514 15.529 13.080 13.090 16.686 12.205 10.100 11.071 12.208 10.185 11.054 14.424 13.363 12.948 10.459 13.649 15.748 17.497 17.647
-999.250 -999.250 -999.250 -999.250 -999.250 -999.250 -999.250 -999.250 -999.250 -999.250 -999.250 -999.250 -999.250 -999.250 -999.250 -999.250 -999.250 -999.250 -999.250 -999.250 -999.250 -999.250 -999.250 -999.250 -999.250 -999.250 -999.250 -999.250 -999.250 -999.250 10.610 13.361 15.560 14.948 13.798 13.025 15.970 16.232 15.242 18.419 24.562 22.566 21.127 21.417 24.456 20.042 20.251 18.098 18.837 17.868 13.869 13.591 13.340 11.641 12.782 13.692 13.793 11.622 11.854 12.508 12.594 12.870 13.119 12.906 14.603 14.979 15.154 16.667
-999.250 -999.250 -999.250 -999.250 -999.250 -999.250 -999.250 -999.250 -999.250 -999.250 -999.250 -999.250 -999.250 -999.250 -999.250 -999.250 -999.250 -999.250 -999.250 -999.250 -999.250 -999.250 -999.250 -999.250 -999.250 -999.250 -999.250 -999.250 -999.250 -999.250 16.565 17.776 16.195 16.126 16.506 18.238 14.918 14.968 16.786 22.685 22.860 20.191 23.514 20.956 20.482 19.196 19.694 20.267 17.903 17.354 15.758 16.045 14.240 13.473 10.873 15.972 12.813 11.379 11.326 12.545 9.283 9.508 12.315 11.982 11.590 12.832 16.287 14.862
-999.250 -999.250 -999.250 -999.250 -999.250 -999.250 -999.250 -999.250 -999.250 -999.250 -999.250 -999.250 -999.250 -999.250 -999.250 -999.250 -999.250 -999.250 -999.250 -999.250 -999.250 -999.250 -999.250 -999.250 -999.250 -999.250 -999.250 -999.250 -999.250 -999.250 14.662 13.469 15.922 17.607 15.374 17.470 15.657 13.721 17.888 18.803 22.523 20.519 18.924 20.796 17.232 17.227 20.305 19.583 18.898 16.159 16.645 17.311 16.295 16.999 14.123 10.205 12.392 13.199 12.008 8.147 7.724 5.695 9.828 10.553 13.380 17.097 12.759 16.685
-999.250 -999.250 -999.250 -999.250 -999.250 -999.250 -999.250 -999.250 -999.250 -999.250 -999.250 -999.250 -999.250 -999.250 -999.250 -999.250 -999.250 -999.250 -999.250 -999.250 -999.250 -999.250 -999.250 -999.250 -999.250 -999.250 -999.250 -999.250 -999.250 -999.250 -999.250 13.274 14.913 17.524 15.659 17.221 15.055 12.993 14.826 18.093 18.358 19.246 22.512 21.686 17.122 16.279 17.594 14.454 16.070 17.015 15.427 17.651 14.067 13.829 13.364 11.981 10.593 11.232 9.821 7.604 6.584 0.000 4.157 11.799 14.284 13.045 13.288 14.504
-999.250 -999.250 -999.250 -999.250 -999.250 -999.250 -999.250 -999.250 -999.250 -999.250 -999.250 -999.250 -999.250 -999.250 -999.250 -999.250 -999.250 -999.250 -999.250 -999.250 -999.250 -999.250 -999.250 -999.250 -999.250 -999.250 -999.250 -999.250 -999.250 -999.250 -999.250 14.971 14.806 18.797 14.630 16.014 16.411 13.182 16.907 18.497 19.175 19.511 19.781 18.844 19.663 20.764 18.691 16.949 15.249 15.332 16.249 16.645 15.683 15.544 11.092 12.057 10.928 9.592 9.472 7.671 5.180 6.191 7.189 9.420 13.672 13.364 16.686 16.972
-999.250 -999.250 -999.250 -999.250 -999.250 -999.250 -999.250 -999.250 -999.250 -999.250 -999.250 -999.250 -999.250 -999.250 -999.250 -999.250 -999.250 -999.250 -999.250 -999.250 -999.250 -999.250 -999.250 -999.250 -999.250 -999.250 -999.250 -999.250 -999.250 -999.250 16.033 12.995 15.536 15.654 15.262 15.758 16.304 14.442 14.860 18.802 16.940 17.471 17.491 19.981 18.286 17.422 15.941 18.654 15.783 16.750 17.843 16.636 16.844 14.086 13.447 9.955 7.759 6.992 8.554 9.577 9.029 9.022 10.546 13.222 14.152 16.154 16.587 17.058
-999.250 -999.250 -999.250 -999.250 -999.250 -999.250 -999.250 -999.250 -999.250 -999.250 -999.250 -999.250 -999.250 -999.250 -999.250 -999.250 -999.250 -999.250 -999.250 -999.250 -999.250 -999.250 -999.250 -999.250 -999.250 -999.250 -999.250 -999.250 -999.250 -999.250 15.771 13.192 14.835 16.050 16.652 15.295 15.087 16.762 12.934 12.645 15.722 16.232 19.356 18.657 21.208 19.813 21.208 19.121 18.085 15.825 15.232 19.118 14.335 11.305 8.266 6.340 7.985 6.752 9.141 9.542 10.363 9.824 10.977 11.497 15.396 16.377 16.343 19.295
-999.250 -999.250 -999.250 -999.250 -999.250 -999.250 -999.250 -999.250 -999.250 -999.250 -999.250 -999.250 -999.250 -999.250 -999.250 -999.250 -999.250 -999.250 -999.250 -999.250 -999.250 -999.250 -999.250 -999.250 -999.250 -999.250 -999.250 -999.250 -999.250 -999.250 12.731 14.449 12.248 15.641 15.511 16.745 15.428 11.528 11.171 11.804 13.420 16.658 14.419 17.515 17.534 18.732 22.676 16.942 16.468 15.616 17.775 17.898 14.588 11.861 6.494 0.000 2.445 8.764 11.325 10.412 11.185 13.735 12.067 11.430 12.540 13.423 14.570 16.446
-999.250 -999.250 -999.250 -999.250 -999.250 -999.250 -999.250 -999.250 -999.250 -999.250 -999.250 -999.250 -999.250 -999.250 -999.250 -999.250 -999.250 -999.250 -999.250 -999.250 -999.250 -999.250 -999.250 -999.250 -999.250 -999.250 -999.250 -999.250 -999.250 -999.250 15.711 17.615 16.127 17.934 16.217 14.771 14.897 10.904 9.505 8.625 11.215 14.034 16.363 17.319 17.688 17.458 16.379 19.211 19.557 17.918 15.152 16.255 13.404 13.361 8.357 4.204 5.064 10.813 11.587 10.356 7.613 11.671 10.718 10.571 13.229 16.125 16.013 16.489
-999.250 -999.250 -999.250 -999.250 -999.250 -999.250 -999.250 -999.250 -999.250 -999.250 -999.250 -999.250 -999.250 -999.250 -999.250 -999.250 -999.250 -999.250 -999.250 -999.250 -999.250 -999.250 -999.250 -999.250 -999.250 -999.250 -999.250 -999.250 -999.250 -999.250 16.978 19.204 16.379 15.697 16.947 18.772 16.267 12.449 10.487 4.046 9.090 12.789 12.401 15.130 15.289 17.574 16.712 19.543 20.947 16.772 17.372 15.901 14.908 11.850 8.961 9.385 8.067 10.033 8.949 10.658 12.636 10.302 11.256 12.000 9.786 16.301 12.093 13.882
-999.250 -999.250 -999.250 -999.250 -999.250 -999.250 -999.250 -999.250 -999.250 -999.250 -999.250 -999.250 -999.250 -999.250 -999.250 -999.250 -999.250 -999.250 -999.250 -999.250 -999.250 -999.250 -999.250 -999.250 -999.250 -999.250 -999.250 -999.250 -999.250 10.796 15.433 16.412 19.494 15.613 19.161 17.665 17.277 12.867 11.789 9.688 9.766 11.296 13.114 11.479 12.948 16.775 19.463 20.440 17.528 17.834 17.181 13.119 13.498 10.638 12.330 9.735 10.671 10.370 10.899 13.315 11.217 12.870 9.757 11.114 11.041 11.665 13.096 12.472
-999.250 -999.250 -999.250 -999.250 -999.250 -999.250 -999.250 -999.250 -999.250 -999.250 -999.250 -999.250 -999.250 -999.250 -999.250 -999.250 -999.250 -999.250 -999.250 -999.250 -999.250 -999.250 -999.250 -999.250 -999.250 -999.250 -999.250 -999.250 -999.250 -999.250 16.626 16.736 16.555 16.316 14.445 17.009 16.652 14.285 14.913 13.815 12.052 10.905 10.648 14.422 14.797 15.469 20.758 18.675 15.308 17.419 21.103 16.107 13.764 12.988 14.235 11.837 13.684 10.448 11.812 11.905 11.558 10.911 11.741 9.864 13.084 11.943 11.568 13.721
-999.250 -999.250 -999.250 -999.250 -999.250 -999.250 -999.250 -999.250 -999.250 -999.250 -999.250 -999.250 -999.250 -999.250 -999.250 -999.250 -999.250 -999.250 -999.250 -999.250 -999.250 -999.250 -999.250 -999.250 -999.250 -999.250 -999.250 -999.250 -999.250 -999.250 15.245 17.849 12.245 12.767 14.620 15.944 14.910 14.453 16.239 13.193 12.214 13.882 13.425 15.947 13.871 14.685 19.599 18.312 16.324 16.287 15.052 17.148 13.291 15.814 12.647 13.284 15.195 10.135 11.808 13.400 13.842 8.916 8.749 9.752 10.395 11.612 11.681 16.066
-999.250 -999.250 -999.250 -999.250 -999.250 -999.250 -999.250 -999.250 -999.250 -999.250 -999.250 -999.250 -999.250 -999.250 -999.250 -999.250 -999.250 -999.250 -999.250 -999.250 -999.250 -999.250 -999.250 -999.250 -999.250 -999.250 -999.250 -999.250 -999.250 -999.250 -999.250 15.163 14.499 12.959 17.492 14.525 14.492 14.589 15.937 14.781 14.663 13.346 13.750 16.590 15.383 17.633 20.483 19.590 16.750 17.795 18.029 17.635 15.487 14.727 15.094 10.318 15.808 12.986 14.265 11.317 14.004 11.888 8.918 8.047 6.994 7.699 11.130 11.152
-999.250 -999.250 -999.250 -999.250 -999.250 -999.250 -999.250 -999.250 -999.250 -999.250 -999.250 -999.250 -999.250 -999.250 -999.250 -999.250 -999.250 -999.250 -999.250 -999.250 -999.250 -999.250 -999.250 -999.250 -999.250 -999.250 -999.250 -999.250 -999.250 -999.250 -999.250 16.276 18.512 14.577 16.269 14.273 13.804 16.421 15.275 14.582 16.451 17.875 19.707 16.346 17.908 18.746 21.960 19.219 17.216 19.395 17.940 17.299 16.474 14.675 13.185 13.830 15.396 15.655 13.893 12.634 11.879 9.098 10.525 7.033 3.883 6.467 11.772 11.309
-999.250 -999.250 -999.250 -999.250 -999.250 -999.250 -999.250 -999.250 -999.250 -999.250 -999.250 -999.250 -999.250 -999.250 -999.250 -999.250 -999.250 -999.250 -999.250 -999.250 -999.250 -999.250 -999.250 -999.250 -999.250 -999.250 -999.250 -999.250 -999.250 -999.250 10.986 12.665 14.002 16.797 15.414 16.038 16.425 18.171 20.999 18.031 17.785 20.558 22.146 17.682 16.902 19.773 18.616 19.412 18.137 17.671 16.831 16.204 16.549 14.339 12.147 13.557 12.588 10.608 13.443 10.402 8.588 11.815 10.130 5.811 0.000 6.418 10.479 10.225
-999.250 -999.250 -999.250 -999.250 -999.250 -999.250 -999.250 -999.250 -999.250 -999.250 -999.250 -999.250 -999.250 -999.250 -999.250 -999.250 -999.250 -999.250 -999.250 -999.250 -999.250 -999.250 -999.250 -999.250 -999.250 -999.250 -999.250 -999.250 -999.250 -999.250 11.699 15.339 16.068 14.988 15.340 18.964 17.017 18.566 20.433 19.878 21.041 17.785 18.938 18.432 15.053 18.424 19.287 20.763 17.575 19.409 17.220 17.282 17.323 16.531 14.975 15.168 13.437 11.819 13.081 10.153 12.920 13.220 13.049 10.531 6.333 7.753 8.683 11.075
-999.250 -999.250 -999.250 -999.250 -999.250 -999.250 -999.250 -999.250 -999.250 -999.250 -999.250 -999.250 -999.250 -999.250 -999.250 -999.250 -999.250 -999.250 -999.250 -999.250 -999.250 -999.250 -999.250 -999.250 -999.250 -999.250 -999.250 -999.250 -999.250 -999.250 10.227 11.343 12.334 12.663 20.210 15.730 22.040 18.747 17.496 18.023 18.331 19.845 18.616 20.879 18.167 19.914 19.775 21.290 20.953 14.073 17.809 16.583 15.234 16.610 17.990 17.253 14.111 10.888 13.465 12.391 11.060 15.399 13.967 9.452 8.312 9.657 12.529 11.479
-999.250 -999.250 -999.250 -999.250 -999.250 -999.250 -999.250 -999.250 -999.250 -999.250 -999.250 -999.250 -999.250 -999.250 -999.250 -999.250 -999.250 -999.250 -999.250 -999.250 -999.250 -999.250 -999.250 -999.250 -999.250 -999.250 -999.250 -999.250 -999.250 -999.250 12.814 12.615 12.208 16.490 19.142 17.955 19.723 20.554 17.933 19.224 18.941 20.838 21.015 20.751 19.551 18.812 16.667 21.859 18.960 18.647 18.061 17.454 17.526 19.618 16.096 15.659 13.536 14.677 12.774 12.431 16.127 13.815 12.483 10.248 9.060 10.943 11.423 12.978
-999.250 -999.250 -999.250 -999.250 -999.250 -999.250 -999.250 -999.250 -999.250 -999.250 -999.250 -999.250 -999.250 -999.250 -999.250 -999.250 -999.250 -999.250 -999.250 -999.250 -999.250 -999.250 -999.250 -999.250 -999.250 -999.250 -999.250 -999.250 -999.250 -999.250 11.569 15.469 12.704 14.683 17.779 19.763 21.644 19.350 19.224 18.490 19.137 20.862 18.804 19.906 20.562 20.948 20.315 19.821 22.914 19.439 20.929 15.339 18.904 19.630 18.274 14.909 12.919 14.456 14.393 13.044 15.452 14.304 15.347 13.028 10.919 12.789 13.109 13.663
-999.250 -999.250 -999.250 -999.250 -999.250 -999.250 -999.250 -999.250 -999.250 -999.250 -999.250 -999.250 -999.250 -999.250 -999.250 -999.250 -999.250 -999.250 -999.250 -999.250 -999.250 -999.250 -999.250 -999.250 -999.250 -999.250 -999.250 -999.250 -999.250 -999.250 11.018 12.931 13.910 16.212 17.379 18.734 18.882 20.884 23.518 19.704 19.341 18.929 22.350 20.019 20.394 20.534 20.815 19.306 23.970 20.294 22.723 18.774 21.185 18.712 18.236 19.508 14.863 17.768 17.941 17.824 15.291 15.515 17.289 15.309 12.676 15.594 15.707 15.509
-999.250 -999.250 -999.250 -999.250 -999.250 -999.250 -999.250 -999.250 -999.250 -999.250 -999.250 -999.250 -999.250 -999.250 -999.250 -999.250 -999.250 -999.250 -999.250 -999.250 -999.250 -999.250 -999.250 -999.250 -999.250 -999.250 -999.250 -999.250 -999.250 8.382 10.071 12.704 15.082 15.862 16.320 20.991 23.275 22.788 23.813 19.741 22.742 21.099 20.581 21.356 19.383 22.705 21.067 21.175 23.030 22.306 19.735 19.956 20.042 20.379 18.552 18.012 18.641 19.490 18.104 16.907 19.879 18.853 19.263 16.635 16.382 16.105 14.012 15.739
-999.250 -999.250 -999.250 -999.250 -999.250 -999.250 -999.250 -999.250 -999.250 -999.250 -999.250 -999.250 -999.250 -999.250 -999.250 -999.250 -999.250 -999.250 -999.250 -999.250 -999.250 -999.250 -999.250 -999.250 -999.250 -999.250 -999.250 -999.250 -999.250 4.930 9.808 11.624 11.850 14.599 18.362 22.871 23.007 21.049 22.239 24.510 23.558 20.987 21.074 22.030 22.745 20.785 22.541 19.696 22.529 19.898 21.622 21.822 21.001 20.309 19.333 17.394 17.573 18.489 20.076 19.723 18.806 16.130 20.472 16.611 16.917 12.876 17.643 20.522
-999.250 -999.250 -999.250 -999.250 -999.250 -999.250 -999.250 -999.250 -999.250 -999.250 -999.250 -999.250 -999.250 -999.250 -999.250 -999.250 -999.250 -999.250 -999.250 -999.250 -999.250 -999.250 -999.250 -999.250 -999.250 -999.250 -999.250 -999.250 5.681 10.789 10.093 10.193 17.965 16.163 21.229 20.705 24.936 24.243 21.355 23.164 23.792 19.868 22.604 21.643 22.327 20.943 22.045 23.008 20.692 23.378 21.955 24.931 19.859 20.381 22.345 22.508 22.161 20.283 21.275 22.163 22.022 20.361 21.626 20.367 19.718 16.307 19.089 19.444
-999.250 -999.250 -999.250 -999.250 -999.250 -999.250 -999.250 -999.250 -999.250 -999.250 -999.250 -999.250 -999.250 -999.250 -999.250 -999.250 -999.250 -999.250 -999.250 -999.250 -999.250 -999.250 -999.250 -999.250 -999.250 -999.250 -999.250 -999.250 6.613 5.014 9.859 13.299 15.543 19.965 23.890 24.742 24.756 25.654 23.029 23.280 23.363 22.631 24.571 23.966 25.345 21.395 20.354 23.754 19.804 20.625 21.475 24.173 27.200 26.929 27.432 22.705 23.452 21.094 24.192 23.867 26.232 23.372 19.972 22.161 18.449 15.689 17.950 19.565
-999.250 -999.250 -999.250 -999.250 -999.250 -999.250 -999.250 -999.250 -999.250 -999.250 -999.250 -999.250 -999.250 -999.250 -999.250 -999.250 -999.250 -999.250 -999.250 -999.250 -999.250 -999.250 -999.250 -999.250 -999.250 -999.250 -999.250 1.733 4.024 4.602 9.240 9.595 14.145 17.455 23.240 22.254 24.588 20.611 23.332 20.912 19.697 21.143 23.807 25.415 23.827 23.261 21.968 23.073 23.099 25.570 22.517 29.111 32.236 30.963 28.706 27.623 27.440 30.211 28.353 28.847 28.460 26.482 24.881 25.010 22.320 21.797 20.398 20.950
-999.250 -999.250 -999.250 -999.250 -999.250 -999.250 -999.250 -999.250 -999.250 -999.250 -999.250 -999.250 -999.250 -999.250 -999.250 -999.250 -999.250 -999.250 -999.250 -999.250 -999.250 -999.250 -999.250 -999.250 -999.250 -999.250 -999.250 2.629 6.320 4.090 0.000 7.660 12.127 15.961 18.553 23.024 21.789 22.593 23.726 23.517 22.197 23.032 24.539 26.128 23.739 23.877 21.831 22.560 25.850 25.476 25.716 29.743 27.165 31.538 33.051 35.433 38.008 35.395 32.700 30.872 32.945 28.954 23.871 24.032 22.139 21.830 27.245 23.515
-999.250 -999.250 -999.250 -999.250 -999.250 -999.250 -999.250 -999.250 -999.250 -999.250 -999.250 -999.250 -999.250 -999.250 -999.250 -999.250 -999.250 -999.250 -999.250 -999.250 -999.250 -999.250 -999.250 -999.250 -999.250 -999.250 -999.250 3.718 6.004 2.819 2.308 7.923 15.591 16.863 20.773 21.728 22.913 25.689 28.593 25.567 24.354 23.400 22.412 27.114 26.080 25.123 22.751 24.092 24.031 28.352 31.996 27.386 31.856 33.226 35.285 35.553 47.228 43.241 46.660 37.647 35.359 29.726 29.098 22.435 24.538 23.748 23.527 25.424
