data/medianmodel_21-Sep-2020.asc
ncols	141
nrows	288
xllcorner	-120191.398
yllcorner	-301404.813
cellsize	2000.000
NODATA_value	-999.250
[rows 120 to 149 of 288, columns 68 to 135 of 141]
22.096 29.932 33.476 34.231 32.311 32.066 32.102 36.702 33.765 27.245 27.752 23.296 23.104 17.594 15.349 11.661 11.254 11.624 10.886 6.568 7.951 3.831 4.304 8.822 8.574 11.213 14.439 16.476 21.568 29.672 38.272 44.568 51.371 54.393 62.500 60.671 66.623 63.703 62.530 64.180 61.217 59.866 52.455 52.848 49.954 -999.250 -999.250 -999.250 -999.250 -999.250 -999.250 -999.250 -999.250 -999.250 -999.250 -999.250 -999.250 -999.250 -999.250 -999.250 -999.250 -999.250 -999.250 -999.250 -999.250 -999.250 -999.250 -999.250
29.336 38.199 43.715 45.981 44.244 39.699 38.837 40.311 35.583 33.480 33.964 30.604 25.328 22.690 22.255 17.255 18.436 16.232 14.825 10.595 7.705 2.937 4.175 4.533 5.376 7.245 10.081 15.130 17.790 24.640 27.301 37.676 45.776 51.751 55.459 60.969 64.925 67.376 62.552 53.286 51.319 56.751 48.904 49.391 47.228 -999.250 -999.250 -999.250 -999.250 -999.250 -999.250 -999.250 -999.250 -999.250 -999.250 -999.250 -999.250 -999.250 -999.250 -999.250 -999.250 -999.250 -999.250 -999.250 -999.250 -999.250 -999.250 -999.250
42.918 46.595 59.964 55.069 48.861 46.948 44.419 47.493 44.778 41.134 37.038 37.239 32.431 32.067 28.176 28.459 26.329 22.221 19.442 14.117 10.798 7.918 7.266 6.859 5.289 8.357 7.402 12.049 15.872 18.112 23.808 36.617 39.323 43.297 48.290 55.978 54.188 53.061 52.050 50.450 44.283 47.601 44.427 49.156 45.951 -999.250 -999.250 -999.250 -999.250 -999.250 -999.250 -999.250 -999.250 -999.250 -999.250 -999.250 -999.250 -999.250 -999.250 -999.250 -999.250 -999.250 -999.250 -999.250 -999.250 -999.250 -999.250 -999.250
50.602 52.454 57.715 56.830 57.907 56.797 53.464 50.714 49.699 50.159 42.645 44.859 46.180 47.953 40.774 38.892 35.616 26.082 24.190 19.075 15.239 11.042 9.496 8.817 5.570 7.783 8.400 10.808 9.796 16.417 21.334 29.307 37.300 36.657 39.737 43.091 45.189 48.096 44.473 50.432 42.008 42.741 42.725 41.374 -999.250 -999.250 -999.250 -999.250 -999.250 -999.250 -999.250 -999.250 -999.250 -999.250 -999.250 -999.250 -999.250 -999.250 -999.250 -999.250 -999.250 -999.250 -999.250 -999.250 -999.250 -999.250 -999.250 -999.250
59.512 58.347 57.825 64.449 60.205 59.312 53.508 60.500 58.201 57.109 56.771 53.234 56.437 50.299 51.919 42.802 43.039 31.734 30.345 24.332 21.845 16.772 14.923 11.024 7.992 6.803 3.240 6.006 11.284 12.834 17.224 22.151 28.714 28.087 31.464 33.813 34.254 39.490 36.086 36.213 35.022 37.385 37.769 31.301 -999.250 -999.250 -999.250 -999.250 -999.250 -999.250 -999.250 -999.250 -999.250 -999.250 -999.250 -999.250 -999.250 -999.250 -999.250 -999.250 -999.250 -999.250 -999.250 -999.250 -999.250 -999.250 -999.250 -999.250
58.905 58.471 62.736 65.072 61.826 64.436 61.904 58.370 68.075 66.260 66.027 67.096 64.454 64.071 50.795 50.209 49.676 42.309 39.147 32.183 28.651 22.258 17.715 14.429 12.797 8.004 7.667 6.857 6.469 11.926 12.444 14.982 19.759 21.226 22.388 27.968 29.747 30.152 28.217 32.078 31.379 34.401 30.109 25.850 -999.250 -999.250 -999.250 -999.250 -999.250 -999.250 -999.250 -999.250 -999.250 -999.250 -999.250 -999.250 -999.250 -999.250 -999.250 -999.250 -999.250 -999.250 -999.250 -999.250 -999.250 -999.250 -999.250 -999.250
59.299 55.303 60.159 62.122 62.816 64.491 68.326 63.935 69.702 71.168 75.381 73.031 66.061 63.475 62.505 62.335 59.111 51.479 49.043 39.356 33.853 31.163 21.876 15.795 11.603 9.946 8.774 7.118 7.834 7.000 11.023 12.884 15.887 14.721 17.843 17.677 20.477 24.999 26.121 30.049 26.297 29.230 28.099 26.258 -999.250 -999.250 -999.250 -999.250 -999.250 -999.250 -999.250 -999.250 -999.250 -999.250 -999.250 -999.250 -999.250 -999.250 -999.250 -999.250 -999.250 -999.250 -999.250 -999.250 -999.250 -999.250 -999.250 -999.250
63.393 54.918 60.906 65.603 64.733 70.423 75.302 73.222 78.151 80.749 82.192 78.388 76.796 75.551 71.531 72.612 67.595 63.602 58.041 50.893 43.171 35.588 28.881 22.730 16.327 12.304 8.619 10.186 7.665 5.676 7.050 8.008 11.633 12.737 11.131 14.175 16.565 20.555 24.950 22.375 25.813 25.395 23.558 -999.250 -999.250 -999.250 -999.250 -999.250 -999.250 -999.250 -999.250 -999.250 -999.250 -999.250 -999.250 -999.250 -999.250 -999.250 -999.250 -999.250 -999.250 -999.250 -999.250 -999.250 -999.250 -999.250 -999.250 -999.250
55.775 56.332 59.449 67.343 70.568 75.870 77.627 80.828 84.240 88.737 84.218 87.086 87.309 86.153 79.962 80.997 75.880 66.677 67.898 55.912 51.936 42.018 31.165 25.130 19.268 13.430 8.935 11.024 9.482 3.991 7.341 7.542 7.393 7.532 11.176 11.674 14.372 19.167 21.180 24.496 23.691 22.690 -999.250 -999.250 -999.250 -999.250 -999.250 -999.250 -999.250 -999.250 -999.250 -999.250 -999.250 -999.250 -999.250 -999.250 -999.250 -999.250 -999.250 -999.250 -999.250 -999.250 -999.250 -999.250 -999.250 -999.250 -999.250 -999.250
49.425 50.431 55.117 61.825 70.185 78.225 79.461 82.996 99.985 96.293 106.449 106.952 108.656 114.367 110.339 95.122 82.991 76.959 71.567 65.453 59.255 50.401 38.812 26.182 21.366 16.202 11.103 11.178 7.190 8.828 6.833 8.310 6.580 7.013 11.981 12.625 11.855 16.232 16.934 22.642 20.567 -999.250 -999.250 -999.250 -999.250 -999.250 -999.250 -999.250 -999.250 -999.250 -999.250 -999.250 -999.250 -999.250 -999.250 -999.250 -999.250 -999.250 -999.250 -999.250 -999.250 -999.250 -999.250 -999.250 -999.250 -999.250 -999.250 -999.250
43.135 43.710 50.793 58.121 71.064 77.390 84.146 99.154 116.332 116.365 120.671 116.581 123.809 149.511 128.009 129.933 106.113 90.914 82.448 74.905 63.332 55.364 39.356 32.180 26.085 19.400 15.538 11.483 10.531 7.982 8.279 8.307 8.188 8.963 9.937 11.645 13.397 16.274 18.298 21.308 20.161 -999.250 -999.250 -999.250 -999.250 -999.250 -999.250 -999.250 -999.250 -999.250 -999.250 -999.250 -999.250 -999.250 -999.250 -999.250 -999.250 -999.250 -999.250 -999.250 -999.250 -999.250 -999.250 -999.250 -999.250 -999.250 -999.250 -999.250
29.409 32.685 40.040 50.251 62.891 83.411 90.098 108.720 130.029 140.665 141.492 145.629 145.973 148.176 151.399 137.743 113.866 103.099 92.461 79.191 72.253 60.897 46.464 40.684 29.248 22.990 17.852 14.225 11.382 11.084 8.027 5.532 6.553 8.434 12.106 13.229 13.539 15.761 15.661 20.577 19.621 -999.250 -999.250 -999.250 -999.250 -999.250 -999.250 -999.250 -999.250 -999.250 -999.250 -999.250 -999.250 -999.250 -999.250 -999.250 -999.250 -999.250 -999.250 -999.250 -999.250 -999.250 -999.250 -999.250 -999.250 -999.250 -999.250 -999.250
20.725 21.533 31.978 47.213 66.105 82.751 97.743 123.539 147.173 162.565 168.311 165.200 166.618 171.494 154.195 142.017 127.570 129.694 107.014 88.220 73.742 62.410 52.376 46.120 32.710 26.226 18.291 15.787 14.681 10.656 9.762 9.814 9.564 10.363 10.879 13.995 12.383 18.843 17.474 17.437 20.572 -999.250 -999.250 -999.250 -999.250 -999.250 -999.250 -999.250 -999.250 -999.250 -999.250 -999.250 -999.250 -999.250 -999.250 -999.250 -999.250 -999.250 -999.250 -999.250 -999.250 -999.250 -999.250 -999.250 -999.250 -999.250 -999.250 -999.250
17.973 13.702 27.037 41.019 68.144 87.429 111.836 138.201 152.988 180.576 182.690 195.579 186.172 183.362 179.948 153.633 147.785 141.514 109.691 94.536 76.315 66.213 59.710 51.467 40.655 34.941 23.839 16.615 14.972 12.927 11.666 8.647 9.980 6.664 12.855 13.205 16.029 13.379 16.670 23.152 -999.250 -999.250 -999.250 -999.250 -999.250 -999.250 -999.250 -999.250 -999.250 -999.250 -999.250 -999.250 -999.250 -999.250 -999.250 -999.250 -999.250 -999.250 -999.250 -999.250 -999.250 -999.250 -999.250 -999.250 -999.250 -999.250 -999.250 -999.250
17.089 19.135 28.319 49.001 70.881 81.191 121.126 146.123 159.495 185.145 196.550 220.761 203.310 192.817 176.710 174.358 156.146 151.358 116.184 92.993 77.043 70.329 64.711 48.552 42.754 29.936 23.546 19.448 18.537 14.398 8.916 10.531 9.224 10.899 12.463 13.593 14.330 17.676 19.113 18.962 -999.250 -999.250 -999.250 -999.250 -999.250 -999.250 -999.250 -999.250 -999.250 -999.250 -999.250 -999.250 -999.250 -999.250 -999.250 -999.250 -999.250 -999.250 -999.250 -999.250 -999.250 -999.250 -999.250 -999.250 -999.250 -999.250 -999.250 -999.250
24.437 28.151 40.973 55.602 72.222 92.669 128.034 137.459 171.700 195.945 229.554 245.517 238.046 210.210 184.541 172.708 152.340 132.781 114.835 92.721 81.656 70.245 65.772 51.679 47.363 33.636 22.494 19.743 17.229 14.307 11.995 10.821 11.542 12.052 10.955 17.029 17.642 16.073 17.896 19.690 -999.250 -999.250 -999.250 -999.250 -999.250 -999.250 -999.250 -999.250 -999.250 -999.250 -999.250 -999.250 -999.250 -999.250 -999.250 -999.250 -999.250 -999.250 -999.250 -999.250 -999.250 -999.250 -999.250 -999.250 -999.250 -999.250 -999.250 -999.250
31.709 36.070 44.806 55.980 75.758 90.022 126.006 156.305 171.391 202.643 239.057 286.260 237.106 205.775 180.495 176.538 139.671 124.972 111.814 92.656 78.008 68.045 59.861 47.372 43.250 33.637 25.609 18.844 15.632 11.257 14.541 13.042 12.688 13.195 13.680 15.592 15.548 17.132 21.202 23.736 -999.250 -999.250 -999.250 -999.250 -999.250 -999.250 -999.250 -999.250 -999.250 -999.250 -999.250 -999.250 -999.250 -999.250 -999.250 -999.250 -999.250 -999.250 -999.250 -999.250 -999.250 -999.250 -999.250 -999.250 -999.250 -999.250 -999.250 -999.250
38.356 40.118 51.941 65.227 76.899 88.095 111.627 138.004 163.611 184.312 210.775 243.581 215.656 198.491 175.830 161.675 148.806 125.780 97.762 83.993 74.886 67.588 56.405 50.700 36.037 29.011 27.518 17.463 14.358 14.509 13.460 9.869 12.477 14.552 12.225 17.093 16.324 19.716 23.762 -999.250 -999.250 -999.250 -999.250 -999.250 -999.250 -999.250 -999.250 -999.250 -999.250 -999.250 -999.250 -999.250 -999.250 -999.250 -999.250 -999.250 -999.250 -999.250 -999.250 -999.250 -999.250 -999.250 -999.250 -999.250 -999.250 -999.250 -999.250 -999.250
39.866 49.660 54.387 68.319 75.758 86.757 112.580 131.913 148.006 163.914 183.475 194.389 195.490 173.838 157.698 143.071 129.204 113.523 -999.250 -999.250 -999.250 -999.250 50.662 43.202 34.049 26.785 23.143 -999.250 -999.250 -999.250 -999.250 -999.250 -999.250 -999.250 -999.250 -999.250 -999.250 -999.250 -999.250 -999.250 -999.250 -999.250 -999.250 -999.250 -999.250 -999.250 -999.250 -999.250 -999.250 -999.250 -999.250 -999.250 -999.250 -999.250 -999.250 -999.250 -999.250 -999.250 -999.250 -999.250 -999.250 -999.250 -999.250 -999.250 -999.250 -999.250 -999.250 -999.250
45.956 50.076 54.317 65.358 73.870 87.130 102.040 118.647 142.398 153.261 165.313 169.166 161.710 157.567 142.693 127.739 104.701 89.331 -999.250 -999.250 -999.250 -999.250 -999.250 -999.250 -999.250 -999.250 -999.250 -999.250 -999.250 -999.250 -999.250 -999.250 -999.250 -999.250 -999.250 -999.250 -999.250 -999.250 -999.250 -999.250 -999.250 -999.250 -999.250 -999.250 -999.250 -999.250 -999.250 -999.250 -999.250 -999.250 -999.250 -999.250 -999.250 -999.250 -999.250 -999.250 -999.250 -999.250 -999.250 -999.250 -999.250 -999.250 -999.250 -999.250 -999.250 -999.250 -999.250 -999.250
52.854 55.672 57.531 66.564 75.102 82.967 99.247 111.080 118.334 128.151 131.147 130.735 123.513 119.361 114.641 103.770 90.164 76.940 -999.250 -999.250 -999.250 -999.250 -999.250 -999.250 -999.250 -999.250 -999.250 -999.250 -999.250 -999.250 -999.250 -999.250 -999.250 -999.250 -999.250 -999.250 -999.250 -999.250 -999.250 -999.250 -999.250 -999.250 -999.250 -999.250 -999.250 -999.250 -999.250 -999.250 -999.250 -999.250 -999.250 -999.250 -999.250 -999.250 -999.250 -999.250 -999.250 -999.250 -999.250 -999.250 -999.250 -999.250 -999.250 -999.250 -999.250 -999.250 -999.250 -999.250
53.879 56.672 56.209 61.162 66.939 73.512 78.957 87.757 95.111 104.282 101.636 95.563 89.824 85.176 89.089 76.154 66.896 66.673 59.323 -999.250 -999.250 -999.250 -999.250 -999.250 -999.250 -999.250 -999.250 -999.250 -999.250 -999.250 -999.250 -999.250 -999.250 -999.250 -999.250 -999.250 -999.250 -999.250 -999.250 -999.250 -999.250 -999.250 -999.250 -999.250 -999.250 -999.250 -999.250 -999.250 -999.250 -999.250 -999.250 -999.250 -999.250 -999.250 -999.250 -999.250 -999.250 -999.250 -999.250 -999.250 -999.250 -999.250 -999.250 -999.250 -999.250 -999.250 -999.250 -999.250
50.829 54.473 56.299 57.549 57.603 64.994 70.557 73.859 77.807 77.441 73.727 74.525 73.089 71.101 65.614 62.247 52.031 50.683 42.325 37.645 -999.250 -999.250 -999.250 -999.250 -999.250 -999.250 -999.250 -999.250 -999.250 -999.250 -999.250 -999.250 -999.250 -999.250 -999.250 -999.250 -999.250 -999.250 -999.250 -999.250 -999.250 -999.250 -999.250 -999.250 -999.250 -999.250 -999.250 -999.250 -999.250 -999.250 -999.250 -999.250 -999.250 -999.250 -999.250 -999.250 -999.250 -999.250 -999.250 -999.250 -999.250 -999.250 -999.250 -999.250 -999.250 -999.250 -999.250 -999.250
46.634 46.280 41.377 40.862 48.749 50.445 53.514 55.366 64.837 62.960 57.451 50.830 49.990 45.253 41.463 36.923 32.233 30.242 29.937 25.334 21.352 -999.250 -999.250 -999.250 -999.250 -999.250 -999.250 -999.250 -999.250 -999.250 -999.250 -999.250 -999.250 -999.250 -999.250 -999.250 -999.250 -999.250 -999.250 -999.250 -999.250 -999.250 -999.250 -999.250 -999.250 -999.250 -999.250 -999.250 -999.250 -999.250 -999.250 -999.250 -999.250 -999.250 -999.250 -999.250 -999.250 -999.250 -999.250 -999.250 -999.250 -999.250 -999.250 -999.250 -999.250 -999.250 -999.250 -999.250
33.366 36.085 34.569 31.856 32.186 31.403 38.621 41.504 47.801 39.938 38.268 32.258 24.630 19.518 17.514 19.579 18.342 17.830 17.203 17.425 15.187 -999.250 -999.250 -999.250 -999.250 -999.250 -999.250 -999.250 -999.250 -999.250 -999.250 -999.250 -999.250 -999.250 -999.250 -999.250 -999.250 -999.250 -999.250 -999.250 -999.250 -999.250 -999.250 -999.250 -999.250 -999.250 -999.250 -999.250 -999.250 -999.250 -999.250 -999.250 -999.250 -999.250 -999.250 -999.250 -999.250 -999.250 -999.250 -999.250 -999.250 -999.250 -999.250 -999.250 -999.250 -999.250 -999.250 -999.250
22.954 25.249 25.759 21.574 21.391 24.346 26.084 28.915 30.933 26.256 23.555 15.513 8.337 0.000 3.928 7.768 8.624 11.887 13.061 11.945 11.225 8.609 6.945 -999.250 -999.250 -999.250 -999.250 -999.250 -999.250 -999.250 -999.250 -999.250 -999.250 -999.250 -999.250 -999.250 -999.250 -999.250 -999.250 -999.250 -999.250 -999.250 -999.250 -999.250 -999.250 -999.250 -999.250 -999.250 -999.250 -999.250 -999.250 -999.250 -999.250 -999.250 -999.250 -999.250 -999.250 -999.250 -999.250 -999.250 -999.250 -999.250 -999.250 -999.250 -999.250 -999.250 -999.250 -999.250
13.408 13.852 14.953 14.557 12.837 15.681 17.059 17.469 19.082 15.689 13.544 9.826 0.844 0.000 0.000 0.000 0.878 1.838 4.424 5.051 4.857 1.775 0.000 0.000 -999.250 -999.250 -999.250 -999.250 -999.250 -999.250 -999.250 -999.250 -999.250 -999.250 -999.250 -999.250 -999.250 -999.250 -999.250 -999.250 -999.250 -999.250 -999.250 -999.250 -999.250 -999.250 -999.250 -999.250 -999.250 -999.250 -999.250 -999.250 -999.250 -999.250 -999.250 -999.250 -999.250 -999.250 -999.250 -999.250 -999.250 -999.250 -999.250 -999.250 -999.250 -999.250 -999.250 -999.250
8.551 7.767 6.916 7.141 9.676 9.090 7.720 8.478 9.872 6.384 5.461 2.403 0.000 0.000 0.000 0.000 0.000 0.000 0.000 0.000 0.000 0.000 0.000 0.000 -999.250 -999.250 -999.250 -999.250 -999.250 -999.250 -999.250 -999.250 -999.250 -999.250 -999.250 -999.250 -999.250 -999.250 -999.250 -999.250 -999.250 -999.250 -999.250 -999.250 -999.250 -999.250 -999.250 -999.250 -999.250 -999.250 -999.250 -999.250 -999.250 -999.250 -999.250 -999.250 -999.250 -999.250 -999.250 -999.250 -999.250 -999.250 -999.250 -999.250 -999.250 -999.250 -999.250 -999.250
1.588 0.000 0.000 0.449 0.361 0.345 2.716 5.738 3.672 1.629 0.000 0.000 0.000 0.000 0.000 0.000 0.000 0.000 0.000 0.000 0.000 0.000 0.000 0.000 0.000 0.000 0.000 -999.250 -999.250 -999.250 -999.250 -999.250 -999.250 -999.250 -999.250 -999.250 -999.250 -999.250 -999.250 -999.250 -999.250 -999.250 -999.250 -999.250 -999.250 -999.250 -999.250 -999.250 -999.250 -999.250 -999.250 -999.250 -999.250 -999.250 -999.250 -999.250 -999.250 -999.250 -999.250 -999.250 -999.250 -999.250 -999.250 -999.250 -999.250 -999.250 -999.250 -999.250
0.000 0.000 0.000 0.000 0.000 0.000 0.000 0.000 0.000 0.000 0.000 0.000 0.000 0.000 0.000 0.000 0.000 0.000 0.000 0.000 0.000 0.000 0.000 0.000 0.000 0.000 0.000 0.000 -999.250 -999.250 -999.250 -999.250 -999.250 -999.250 -999.250 -999.250 -999.250 -999.250 -999.250 -999.250 -999.250 -999.250 -999.250 -999.250 -999.250 -999.250 -999.250 -999.250 -999.250 -999.250 -999.250 -999.250 -999.250 -999.250 -999.250 -999.250 -999.250 -999.250 -999.250 -999.250 -999.250 -999.250 -999.250 -999.250 -999.250 -999.250 -999.250 -999.250
