data/medianmodel_09-Oct-2020.asc
ncols	141
nrows	288
xllcorner	-120191.398
yllcorner	-301404.813
cellsize	2000.000
NODATA_value	-999.250
[rows 120 to 149 of 288, columns 68 to 135 of 141]
37.121 30.790 25.413 21.994 17.564 13.881 16.994 13.274 13.142 12.248 16.211 23.080 22.377 20.025 23.240 20.123 24.964 30.969 25.643 28.760 28.999 33.254 34.576 34.854 36.751 35.750 36.926 32.226 38.939 39.768 46.128 50.387 50.391 59.212 58.664 59.977 55.823 59.999 63.721 59.440 58.155 55.716 62.035 48.681 47.634 -999.250 -999.250 -999.250 -999.250 -999.250 -999.250 -999.250 -999.250 -999.250 -999.250 -999.250 -999.250 -999.250 -999.250 -999.250 -999.250 -999.250 -999.250 -999.250 -999.250 -999.250 -999.250 -999.250
33.634 27.810 26.017 20.134 17.941 15.675 14.613 16.243 16.162 12.342 16.919 22.226 24.630 26.599 25.197 28.120 26.596 25.111 25.267 27.712 25.331 29.920 27.759 27.598 32.022 35.762 36.478 29.474 34.362 38.906 38.135 48.726 44.499 52.714 51.302 51.739 53.636 54.885 52.954 52.994 52.538 56.458 55.055 44.063 47.912 -999.250 -999.250 -999.250 -999.250 -999.250 -999.250 -999.250 -999.250 -999.250 -999.250 -999.250 -999.250 -999.250 -999.250 -999.250 -999.250 -999.250 -999.250 -999.250 -999.250 -999.250 -999.250 -999.250
30.773 22.446 19.988 19.734 16.200 14.272 12.674 17.611 17.009 17.576 21.717 22.501 26.885 28.273 26.388 27.492 27.272 23.133 24.957 24.544 26.330 27.715 26.595 24.608 30.064 30.768 26.252 30.700 29.289 35.765 34.597 37.420 40.060 44.543 54.346 51.239 43.368 46.731 56.797 47.040 46.342 39.102 41.600 39.773 36.792 -999.250 -999.250 -999.250 -999.250 -999.250 -999.250 -999.250 -999.250 -999.250 -999.250 -999.250 -999.250 -999.250 -999.250 -999.250 -999.250 -999.250 -999.250 -999.250 -999.250 -999.250 -999.250 -999.250
30.419 23.241 18.871 16.802 15.874 17.215 15.145 16.000 17.728 19.416 19.372 24.887 28.248 31.052 29.188 27.994 25.132 24.154 23.410 22.808 23.130 22.942 23.478 24.223 26.214 27.523 27.884 29.581 31.145 36.013 34.713 38.576 37.300 34.906 42.511 40.477 36.594 37.129 44.538 40.619 49.139 44.942 37.484 35.286 -999.250 -999.250 -999.250 -999.250 -999.250 -999.250 -999.250 -999.250 -999.250 -999.250 -999.250 -999.250 -999.250 -999.250 -999.250 -999.250 -999.250 -999.250 -999.250 -999.250 -999.250 -999.250 -999.250 -999.250
24.634 21.418 20.368 18.016 15.869 15.514 12.135 15.361 18.446 18.423 23.326 24.577 28.393 29.456 29.713 28.603 27.801 29.565 24.344 21.755 21.029 21.842 22.364 24.295 24.266 26.009 23.566 26.284 27.955 32.506 29.720 34.840 32.470 29.847 34.495 29.268 30.708 32.684 36.013 35.624 42.941 35.102 37.412 42.462 -999.250 -999.250 -999.250 -999.250 -999.250 -999.250 -999.250 -999.250 -999.250 -999.250 -999.250 -999.250 -999.250 -999.250 -999.250 -999.250 -999.250 -999.250 -999.250 -999.250 -999.250 -999.250 -999.250 -999.250
21.891 17.080 14.212 16.372 15.639 13.609 15.998 17.471 22.281 23.436 25.151 25.169 27.995 27.551 30.621 26.804 27.136 30.238 26.095 26.699 24.948 22.083 23.574 26.439 27.228 25.048 27.676 25.614 24.403 28.235 28.193 27.509 23.742 27.758 27.155 25.536 26.504 29.758 40.511 36.109 46.567 40.376 36.151 40.779 -999.250 -999.250 -999.250 -999.250 -999.250 -999.250 -999.250 -999.250 -999.250 -999.250 -999.250 -999.250 -999.250 -999.250 -999.250 -999.250 -999.250 -999.250 -999.250 -999.250 -999.250 -999.250 -999.250 -999.250
19.256 15.596 15.837 13.725 13.894 17.282 21.807 18.871 20.786 20.674 28.493 23.201 25.611 31.190 28.207 32.880 30.366 30.253 25.043 26.777 26.564 26.131 24.109 26.405 24.098 22.896 23.744 24.376 27.720 25.938 24.243 26.000 24.836 24.844 26.135 25.234 26.033 27.008 30.192 31.726 33.453 32.821 39.187 43.727 -999.250 -999.250 -999.250 -999.250 -999.250 -999.250 -999.250 -999.250 -999.250 -999.250 -999.250 -999.250 -999.250 -999.250 -999.250 -999.250 -999.250 -999.250 -999.250 -999.250 -999.250 -999.250 -999.250 -999.250
17.328 24.693 18.137 14.978 16.009 22.955 21.669 22.673 22.165 24.092 33.839 25.502 29.913 25.166 32.615 34.164 33.957 30.046 31.164 27.841 26.466 25.102 24.920 27.580 23.401 22.082 26.653 30.907 25.669 24.364 24.546 23.537 25.580 26.265 26.813 28.814 26.463 25.955 31.121 38.718 35.594 37.202 43.877 -999.250 -999.250 -999.250 -999.250 -999.250 -999.250 -999.250 -999.250 -999.250 -999.250 -999.250 -999.250 -999.250 -999.250 -999.250 -999.250 -999.250 -999.250 -999.250 -999.250 -999.250 -999.250 -999.250 -999.250 -999.250
21.201 18.232 18.344 17.103 18.225 19.875 21.790 27.579 25.289 31.712 34.030 37.554 31.739 31.198 39.523 39.735 38.941 31.441 34.403 29.153 30.777 29.382 26.875 24.550 27.417 22.898 24.939 22.072 22.830 21.074 23.741 26.667 25.540 25.657 27.790 26.038 25.630 30.249 34.284 38.374 39.242 46.259 -999.250 -999.250 -999.250 -999.250 -999.250 -999.250 -999.250 -999.250 -999.250 -999.250 -999.250 -999.250 -999.250 -999.250 -999.250 -999.250 -999.250 -999.250 -999.250 -999.250 -999.250 -999.250 -999.250 -999.250 -999.250 -999.250
16.339 18.580 20.409 16.639 18.536 19.826 23.477 25.518 28.124 35.381 34.025 38.561 36.804 33.125 35.080 32.323 33.286 32.426 29.081 28.339 27.264 26.219 25.007 25.465 24.343 25.538 20.398 23.500 21.959 24.263 27.838 26.247 25.753 30.273 31.096 28.578 26.984 31.417 35.917 41.625 42.150 -999.250 -999.250 -999.250 -999.250 -999.250 -999.250 -999.250 -999.250 -999.250 -999.250 -999.250 -999.250 -999.250 -999.250 -999.250 -999.250 -999.250 -999.250 -999.250 -999.250 -999.250 -999.250 -999.250 -999.250 -999.250 -999.250 -999.250
18.293 19.904 18.176 18.450 17.097 21.296 25.132 27.948 39.964 34.009 39.667 43.605 37.428 37.409 34.850 35.301 39.439 33.144 29.739 27.411 27.777 26.316 22.764 27.028 28.603 24.357 20.034 24.099 27.002 24.153 24.124 23.135 25.550 27.010 34.749 28.253 28.465 32.512 29.674 43.681 44.194 -999.250 -999.250 -999.250 -999.250 -999.250 -999.250 -999.250 -999.250 -999.250 -999.250 -999.250 -999.250 -999.250 -999.250 -999.250 -999.250 -999.250 -999.250 -999.250 -999.250 -999.250 -999.250 -999.250 -999.250 -999.250 -999.250 -999.250
19.520 20.722 18.529 21.287 21.134 24.735 27.874 34.957 34.497 44.118 38.212 49.855 41.602 46.215 40.706 49.188 38.007 35.568 29.122 30.468 29.779 27.655 22.926 26.681 25.928 26.966 27.122 28.281 28.182 27.859 25.603 25.015 26.390 25.966 29.997 32.801 30.274 34.092 38.324 43.550 45.840 -999.250 -999.250 -999.250 -999.250 -999.250 -999.250 -999.250 -999.250 -999.250 -999.250 -999.250 -999.250 -999.250 -999.250 -999.250 -999.250 -999.250 -999.250 -999.250 -999.250 -999.250 -999.250 -999.250 -999.250 -999.250 -999.250 -999.250
15.855 16.889 17.328 21.152 20.987 25.495 30.980 34.605 36.961 44.038 45.569 49.891 54.820 39.246 43.237 41.943 45.760 37.437 33.447 31.684 29.472 25.503 25.322 27.683 30.421 32.217 33.466 31.779 25.827 30.264 26.331 25.545 27.501 28.174 28.980 33.972 36.244 33.797 44.113 42.719 46.065 -999.250 -999.250 -999.250 -999.250 -999.250 -999.250 -999.250 -999.250 -999.250 -999.250 -999.250 -999.250 -999.250 -999.250 -999.250 -999.250 -999.250 -999.250 -999.250 -999.250 -999.250 -999.250 -999.250 -999.250 -999.250 -999.250 -999.250
17.190 13.702 20.636 23.366 22.729 23.830 28.889 29.361 41.131 43.078 47.618 57.514 53.788 49.359 36.584 45.829 40.211 37.077 32.132 35.138 27.009 26.311 24.365 29.709 29.018 34.915 28.601 26.627 25.440 27.134 27.194 28.770 29.646 26.497 37.236 31.529 32.176 37.669 42.986 43.287 -999.250 -999.250 -999.250 -999.250 -999.250 -999.250 -999.250 -999.250 -999.250 -999.250 -999.250 -999.250 -999.250 -999.250 -999.250 -999.250 -999.250 -999.250 -999.250 -999.250 -999.250 -999.250 -999.250 -999.250 -999.250 -999.250 -999.250 -999.250
17.901 17.069 19.436 19.072 20.413 25.685 30.234 35.372 43.789 44.620 58.436 59.996 61.399 46.249 48.061 48.523 44.228 37.755 39.985 30.695 27.616 26.319 22.627 26.629 24.357 27.269 27.798 25.014 29.297 25.895 25.842 29.882 32.020 30.092 36.364 38.766 33.713 41.512 46.483 45.217 -999.250 -999.250 -999.250 -999.250 -999.250 -999.250 -999.250 -999.250 -999.250 -999.250 -999.250 -999.250 -999.250 -999.250 -999.250 -999.250 -999.250 -999.250 -999.250 -999.250 -999.250 -999.250 -999.250 -999.250 -999.250 -999.250 -999.250 -999.250
18.608 18.113 20.870 24.523 24.017 25.255 30.222 34.461 41.807 52.319 60.138 63.499 60.539 51.214 46.801 41.084 46.077 32.878 31.314 24.172 23.646 23.512 21.616 20.041 28.003 25.509 28.959 30.395 30.535 34.452 27.924 30.151 30.417 31.746 32.755 31.963 43.214 45.067 54.206 50.356 -999.250 -999.250 -999.250 -999.250 -999.250 -999.250 -999.250 -999.250 -999.250 -999.250 -999.250 -999.250 -999.250 -999.250 -999.250 -999.250 -999.250 -999.250 -999.250 -999.250 -999.250 -999.250 -999.250 -999.250 -999.250 -999.250 -999.250 -999.250
21.063 20.569 19.956 23.887 26.369 27.035 30.029 39.368 45.657 51.443 57.246 63.613 58.864 51.469 44.771 37.263 33.287 30.858 26.608 25.609 20.207 22.414 20.047 25.068 23.500 21.769 30.187 29.108 29.989 29.225 31.485 33.831 35.300 30.354 31.651 33.403 41.976 50.770 52.670 53.250 -999.250 -999.250 -999.250 -999.250 -999.250 -999.250 -999.250 -999.250 -999.250 -999.250 -999.250 -999.250 -999.250 -999.250 -999.250 -999.250 -999.250 -999.250 -999.250 -999.250 -999.250 -999.250 -999.250 -999.250 -999.250 -999.250 -999.250 -999.250
21.245 24.634 21.255 22.588 25.215 26.716 31.174 38.732 40.427 47.494 56.475 58.543 49.338 48.289 40.682 36.429 30.628 33.062 28.807 20.986 24.858 22.325 22.715 27.636 25.776 24.677 28.822 29.221 30.454 32.634 37.313 36.511 39.275 34.739 38.245 41.856 38.954 48.287 50.321 -999.250 -999.250 -999.250 -999.250 -999.250 -999.250 -999.250 -999.250 -999.250 -999.250 -999.250 -999.250 -999.250 -999.250 -999.250 -999.250 -999.250 -999.250 -999.250 -999.250 -999.250 -999.250 -999.250 -999.250 -999.250 -999.250 -999.250 -999.250 -999.250
22.286 20.722 20.304 22.655 24.493 30.892 28.564 35.292 35.715 38.202 47.381 46.542 41.025 45.719 35.594 29.917 26.424 25.520 -999.250 -999.250 -999.250 -999.250 24.989 27.113 25.007 22.447 29.431 -999.250 -999.250 -999.250 -999.250 -999.250 -999.250 -999.250 -999.250 -999.250 -999.250 -999.250 -999.250 -999.250 -999.250 -999.250 -999.250 -999.250 -999.250 -999.250 -999.250 -999.250 -999.250 -999.250 -999.250 -999.250 -999.250 -999.250 -999.250 -999.250 -999.250 -999.250 -999.250 -999.250 -999.250 -999.250 -999.250 -999.250 -999.250 -999.250 -999.250 -999.250
26.292 24.148 23.696 25.310 23.642 28.847 30.035 31.659 36.789 35.865 34.675 39.268 33.661 35.649 30.545 24.829 26.526 21.052 -999.250 -999.250 -999.250 -999.250 -999.250 -999.250 -999.250 -999.250 -999.250 -999.250 -999.250 -999.250 -999.250 -999.250 -999.250 -999.250 -999.250 -999.250 -999.250 -999.250 -999.250 -999.250 -999.250 -999.250 -999.250 -999.250 -999.250 -999.250 -999.250 -999.250 -999.250 -999.250 -999.250 -999.250 -999.250 -999.250 -999.250 -999.250 -999.250 -999.250 -999.250 -999.250 -999.250 -999.250 -999.250 -999.250 -999.250 -999.250 -999.250 -999.250
24.114 24.687 22.276 20.416 22.949 24.775 27.749 30.583 34.026 30.171 27.473 25.312 28.939 32.257 30.687 24.259 27.117 22.689 -999.250 -999.250 -999.250 -999.250 -999.250 -999.250 -999.250 -999.250 -999.250 -999.250 -999.250 -999.250 -999.250 -999.250 -999.250 -999.250 -999.250 -999.250 -999.250 -999.250 -999.250 -999.250 -999.250 -999.250 -999.250 -999.250 -999.250 -999.250 -999.250 -999.250 -999.250 -999.250 -999.250 -999.250 -999.250 -999.250 -999.250 -999.250 -999.250 -999.250 -999.250 -999.250 -999.250 -999.250 -999.250 -999.250 -999.250 -999.250 -999.250 -999.250
24.534 22.889 23.713 24.377 24.417 25.920 27.029 31.185 27.579 27.085 27.551 22.771 21.662 24.980 23.718 26.760 21.850 23.698 19.474 -999.250 -999.250 -999.250 -999.250 -999.250 -999.250 -999.250 -999.250 -999.250 -999.250 -999.250 -999.250 -999.250 -999.250 -999.250 -999.250 -999.250 -999.250 -999.250 -999.250 -999.250 -999.250 -999.250 -999.250 -999.250 -999.250 -999.250 -999.250 -999.250 -999.250 -999.250 -999.250 -999.250 -999.250 -999.250 -999.250 -999.250 -999.250 -999.250 -999.250 -999.250 -999.250 -999.250 -999.250 -999.250 -999.250 -999.250 -999.250 -999.250
20.844 23.027 20.136 22.330 21.754 21.617 24.475 24.225 22.052 24.684 21.053 21.845 19.876 19.238 17.994 20.774 17.644 18.226 20.271 22.488 -999.250 -999.250 -999.250 -999.250 -999.250 -999.250 -999.250 -999.250 -999.250 -999.250 -999.250 -999.250 -999.250 -999.250 -999.250 -999.250 -999.250 -999.250 -999.250 -999.250 -999.250 -999.250 -999.250 -999.250 -999.250 -999.250 -999.250 -999.250 -999.250 -999.250 -999.250 -999.250 -999.250 -999.250 -999.250 -999.250 -999.250 -999.250 -999.250 -999.250 -999.250 -999.250 -999.250 -999.250 -999.250 -999.250 -999.250 -999.250
21.441 18.592 22.053 23.136 22.000 17.527 19.518 18.932 18.277 20.306 18.599 16.039 12.482 12.649 12.446 16.600 14.872 17.168 18.745 19.861 19.328 -999.250 -999.250 -999.250 -999.250 -999.250 -999.250 -999.250 -999.250 -999.250 -999.250 -999.250 -999.250 -999.250 -999.250 -999.250 -999.250 -999.250 -999.250 -999.250 -999.250 -999.250 -999.250 -999.250 -999.250 -999.250 -999.250 -999.250 -999.250 -999.250 -999.250 -999.250 -999.250 -999.250 -999.250 -999.250 -999.250 -999.250 -999.250 -999.250 -999.250 -999.250 -999.250 -999.250 -999.250 -999.250 -999.250 -999.250
20.215 17.997 18.212 20.050 17.326 17.153 16.374 16.099 17.044 16.511 12.955 12.436 6.971 4.976 10.160 11.581 14.409 15.882 18.502 20.332 20.217 -999.250 -999.250 -999.250 -999.250 -999.250 -999.250 -999.250 -999.250 -999.250 -999.250 -999.250 -999.250 -999.250 -999.250 -999.250 -999.250 -999.250 -999.250 -999.250 -999.250 -999.250 -999.250 -999.250 -999.250 -999.250 -999.250 -999.250 -999.250 -999.250 -999.250 -999.250 -999.250 -999.250 -999.250 -999.250 -999.250 -999.250 -999.250 -999.250 -999.250 -999.250 -999.250 -999.250 -999.250 -999.250 -999.250 -999.250
14.607 17.033 20.263 19.565 15.821 16.971 13.708 14.841 13.130 11.630 8.578 6.789 1.617 0.000 7.249 10.624 11.128 17.204 20.042 16.207 22.847 23.861 28.714 -999.250 -999.250 -999.250 -999.250 -999.250 -999.250 -999.250 -999.250 -999.250 -999.250 -999.250 -999.250 -999.250 -999.250 -999.250 -999.250 -999.250 -999.250 -999.250 -999.250 -999.250 -999.250 -999.250 -999.250 -999.250 -999.250 -999.250 -999.250 -999.250 -999.250 -999.250 -999.250 -999.250 -999.250 -999.250 -999.250 -999.250 -999.250 -999.250 -999.250 -999.250 -999.250 -999.250 -999.250 -999.250
12.343 13.357 11.954 14.751 11.810 13.981 13.050 13.274 8.476 6.792 3.880 0.000 1.430 0.179 5.266 10.389 13.074 18.340 19.175 20.581 20.852 21.815 31.083 38.617 -999.250 -999.250 -999.250 -999.250 -999.250 -999.250 -999.250 -999.250 -999.250 -999.250 -999.250 -999.250 -999.250 -999.250 -999.250 -999.250 -999.250 -999.250 -999.250 -999.250 -999.250 -999.250 -999.250 -999.250 -999.250 -999.250 -999.250 -999.250 -999.250 -999.250 -999.250 -999.250 -999.250 -999.250 -999.250 -999.250 -999.250 -999.250 -999.250 -999.250 -999.250 -999.250 -999.250 -999.250
10.228 4.868 6.441 6.108 9.551 8.219 4.848 6.758 5.308 2.580 0.000 0.331 0.000 1.673 7.163 13.649 13.331 16.830 18.371 18.773 20.456 24.196 29.538 41.531 -999.250 -999.250 -999.250 -999.250 -999.250 -999.250 -999.250 -999.250 -999.250 -999.250 -999.250 -999.250 -999.250 -999.250 -999.250 -999.250 -999.250 -999.250 -999.250 -999.250 -999.250 -999.250 -999.250 -999.250 -999.250 -999.250 -999.250 -999.250 -999.250 -999.250 -999.250 -999.250 -999.250 -999.250 -999.250 -999.250 -999.250 -999.250 -999.250 -999.250 -999.250 -999.250 -999.250 -999.250
2.654 0.000 3.019 1.375 3.830 1.595 3.964 2.846 1.681 0.032 1.626 0.000 0.000 2.254 4.864 10.734 13.676 16.006 19.850 21.646 24.212 27.528 34.258 45.606 65.952 77.786 79.306 -999.250 -999.250 -999.250 -999.250 -999.250 -999.250 -999.250 -999.250 -999.250 -999.250 -999.250 -999.250 -999.250 -999.250 -999.250 -999.250 -999.250 -999.250 -999.250 -999.250 -999.250 -999.250 -999.250 -999.250 -999.250 -999.250 -999.250 -999.250 -999.250 -999.250 -999.250 -999.250 -999.250 -999.250 -999.250 -999.250 -999.250 -999.250 -999.250 -999.250 -999.250
0.000 0.000 0.000 0.000 2.104 0.505 1.553 0.526 0.000 0.000 1.332 2.082 0.000 0.000 6.860 10.418 15.638 19.400 23.775 27.337 29.401 38.717 44.207 58.282 68.342 84.811 93.628 90.384 -999.250 -999.250 -999.250 -999.250 -999.250 -999.250 -999.250 -999.250 -999.250 -999.250 -999.250 -999.250 -999.250 -999.250 -999.250 -999.250 -999.250 -999.250 -999.250 -999.250 -999.250 -999.250 -999.250 -999.250 -999.250 -999.250 -999.250 -999.250 -999.250 -999.250 -999.250 -999.250 -999.250 -999.250 -999.250 -999.250 -999.250 -999.250 -999.250 -999.250
