data/medianmodel_02-May-2020.asc
ncols	141
nrows	288
xllcorner	-120191.398
yllcorner	-301404.813
cellsize	2000.000
NODATA_value	-999.250
[rows 31 to 61 of 288, columns 0 to 68 of 141]
-999.250 -999.250 -999.250 -999.250 -999.250 -999.250 -999.250 -999.250 -999.250 -999.250 -999.250 -999.250 -999.250 -999.250 -999.250 -999.250 -999.250 -999.250 -999.250 -999.250 -999.250 -999.250 -999.250 -999.250 -999.250 -999.250 -999.250 -999.250 -999.250 -999.250 -999.250 -999.250 22.099 19.344 21.829 21.722 22.411 30.631 33.930 39.666 50.569 58.122 66.614 66.974 77.377 84.114 80.204 89.896 83.519 87.506 88.909 80.829 81.222 85.463 97.679 79.039 72.344 58.582 52.670 46.752 38.004 38.955 37.197 34.607 31.145 27.710 21.958 23.002 25.051
-999.250 -999.250 -999.250 -999.250 -999.250 -999.250 -999.250 -999.250 -999.250 -999.250 -999.250 -999.250 -999.250 -999.250 -999.250 -999.250 -999.250 -999.250 -999.250 -999.250 -999.250 -999.250 -999.250 -999.250 -999.250 -999.250 -999.250 -999.250 -999.250 -999.250 -999.250 -999.250 21.473 21.162 18.694 26.589 23.344 29.084 35.804 39.251 47.598 53.393 56.965 65.304 69.485 80.963 92.000 92.022 100.439 93.268 88.890 83.243 86.872 90.136 84.083 80.884 71.124 62.613 53.496 48.630 38.862 37.942 37.256 28.388 29.907 27.804 22.299 22.369 27.348
-999.250 -999.250 -999.250 -999.250 -999.250 -999.250 -999.250 -999.250 -999.250 -999.250 -999.250 -999.250 -999.250 -999.250 -999.250 -999.250 -999.250 -999.250 -999.250 -999.250 -999.250 -999.250 -999.250 -999.250 -999.250 -999.250 -999.250 -999.250 -999.250 -999.250 -999.250 -999.250 27.037 26.334 22.405 25.838 27.015 28.861 29.556 33.734 41.313 51.812 57.968 74.467 70.592 85.420 82.766 93.674 108.387 93.831 83.904 86.538 91.853 88.509 81.408 80.576 70.678 60.165 55.280 41.445 41.545 31.113 27.835 28.633 25.596 22.045 23.146 20.924 27.305
-999.250 -999.250 -999.250 -999.250 -999.250 -999.250 -999.250 -999.250 -999.250 -999.250 -999.250 -999.250 -999.250 -999.250 -999.250 -999.250 -999.250 -999.250 -999.250 -999.250 -999.250 -999.250 -999.250 -999.250 -999.250 -999.250 -999.250 -999.250 -999.250 -999.250 -999.250 -999.250 34.412 28.845 26.776 22.936 19.929 30.992 27.203 35.564 39.617 44.042 55.823 74.105 71.671 81.380 89.548 93.244 91.906 89.432 86.040 84.639 93.174 86.005 84.203 74.407 66.680 67.800 49.222 44.701 34.923 26.944 24.755 23.645 25.595 19.317 20.439 21.705 24.927
-999.250 -999.250 -999.250 -999.250 -999.250 -999.250 -999.250 -999.250 -999.250 -999.250 -999.250 -999.250 -999.250 -999.250 -999.250 -999.250 -999.250 -999.250 -999.250 -999.250 -999.250 -999.250 -999.250 -999.250 -999.250 -999.250 -999.250 -999.250 -999.250 -999.250 -999.250 -999.250 38.718 31.926 31.348 25.717 26.968 28.570 29.825 32.950 35.582 49.380 58.864 62.146 72.145 81.363 84.396 88.242 89.105 89.073 84.037 83.535 92.497 93.569 77.788 73.485 70.323 65.368 47.758 43.651 35.065 29.987 25.444 19.699 24.619 20.991 19.428 19.047 19.480
-999.250 -999.250 -999.250 -999.250 -999.250 -999.250 -999.250 -999.250 -999.250 -999.250 -999.250 -999.250 -999.250 -999.250 -999.250 -999.250 -999.250 -999.250 -999.250 -999.250 -999.250 -999.250 -999.250 -999.250 -999.250 -999.250 -999.250 -999.250 -999.250 -999.250 -999.250 -999.250 44.513 38.749 38.937 35.750 34.222 33.316 34.734 36.024 42.120 45.388 60.907 60.253 73.057 76.539 76.879 81.769 87.876 93.685 97.158 95.001 97.958 88.627 83.383 79.909 69.717 64.625 52.341 46.703 35.893 26.237 23.049 19.713 17.060 16.186 14.593 17.023 16.246
-999.250 -999.250 -999.250 -999.250 -999.250 -999.250 -999.250 -999.250 -999.250 -999.250 -999.250 -999.250 -999.250 -999.250 -999.250 -999.250 -999.250 -999.250 -999.250 -999.250 -999.250 -999.250 -999.250 -999.250 -999.250 -999.250 -999.250 -999.250 -999.250 -999.250 -999.250 -999.250 -999.250 48.357 49.559 43.902 39.472 42.555 41.592 37.291 40.807 39.922 46.631 57.265 65.811 72.431 71.512 80.749 84.689 89.137 98.751 99.843 103.019 99.102 89.387 84.347 71.411 64.142 54.424 43.573 39.028 30.686 20.383 19.315 14.769 13.453 10.219 14.289 16.240
-999.250 -999.250 -999.250 -999.250 -999.250 -999.250 -999.250 -999.250 -999.250 -999.250 -999.250 -999.250 -999.250 -999.250 -999.250 -999.250 -999.250 -999.250 -999.250 -999.250 -999.250 -999.250 -999.250 -999.250 -999.250 -999.250 -999.250 -999.250 -999.250 -999.250 -999.250 -999.250 -999.250 56.931 57.440 50.392 45.900 44.160 46.489 38.498 38.039 42.498 49.174 55.555 65.124 71.656 73.298 83.273 88.578 97.845 103.554 109.500 117.318 108.613 104.132 94.475 87.349 77.273 54.099 52.034 40.292 33.625 24.054 19.719 13.752 9.275 8.053 8.626 11.101
-999.250 -999.250 -999.250 -999.250 -999.250 -999.250 -999.250 -999.250 -999.250 -999.250 -999.250 -999.250 -999.250 -999.250 -999.250 -999.250 -999.250 -999.250 -999.250 -999.250 -999.250 -999.250 -999.250 -999.250 -999.250 -999.250 -999.250 -999.250 -999.250 -999.250 -999.250 -999.250 64.913 56.380 57.283 56.940 51.558 51.291 43.061 42.741 39.315 35.034 49.006 49.477 63.160 68.232 78.303 78.508 85.355 100.490 106.942 117.972 131.969 108.687 110.007 110.070 99.239 84.498 71.586 67.440 48.718 38.007 27.748 19.235 13.843 10.363 9.133 6.223 5.004
-999.250 -999.250 -999.250 -999.250 -999.250 -999.250 -999.250 -999.250 -999.250 -999.250 -999.250 -999.250 -999.250 -999.250 -999.250 -999.250 -999.250 -999.250 -999.250 -999.250 -999.250 -999.250 -999.250 -999.250 -999.250 -999.250 -999.250 -999.250 -999.250 -999.250 -999.250 -999.250 71.766 69.677 65.974 58.472 53.555 51.688 45.483 39.934 36.028 39.071 39.536 51.316 60.244 70.111 73.986 88.726 105.245 110.941 123.380 146.617 126.472 145.139 144.546 125.097 112.939 102.010 85.111 73.508 61.522 46.746 37.563 26.261 15.940 8.784 4.942 2.803 1.915
-999.250 -999.250 -999.250 -999.250 -999.250 -999.250 -999.250 -999.250 -999.250 -999.250 -999.250 -999.250 -999.250 -999.250 -999.250 -999.250 -999.250 -999.250 -999.250 -999.250 -999.250 -999.250 -999.250 -999.250 -999.250 -999.250 -999.250 -999.250 -999.250 -999.250 -999.250 -999.250 -999.250 70.572 73.267 65.416 60.382 54.493 43.662 38.822 35.645 38.413 41.365 49.890 60.755 73.049 82.356 86.989 106.422 128.673 152.805 169.597 166.317 180.617 179.183 156.490 152.833 126.309 101.453 88.268 77.351 54.392 44.498 29.848 18.349 13.066 5.191 0.000 0.713
-999.250 -999.250 -999.250 -999.250 -999.250 -999.250 -999.250 -999.250 -999.250 -999.250 -999.250 -999.250 -999.250 -999.250 -999.250 -999.250 -999.250 -999.250 -999.250 -999.250 -999.250 -999.250 -999.250 -999.250 -999.250 -999.250 -999.250 -999.250 -999.250 -999.250 -999.250 -999.250 -999.250 76.799 77.059 68.714 59.000 51.449 47.627 42.231 31.172 38.188 39.165 49.312 63.959 74.833 92.936 104.767 117.202 150.957 160.920 169.519 175.754 193.651 177.081 189.051 182.910 160.117 123.302 104.412 84.466 72.619 53.830 41.011 25.444 15.073 5.338 0.036 0.900
-999.250 -999.250 -999.250 -999.250 -999.250 -999.250 -999.250 -999.250 -999.250 -999.250 -999.250 -999.250 -999.250 -999.250 -999.250 -999.250 -999.250 -999.250 -999.250 -999.250 -999.250 -999.250 -999.250 -999.250 -999.250 -999.250 -999.250 -999.250 -999.250 -999.250 -999.250 -999.250 -999.250 75.147 73.824 63.340 58.825 55.915 46.816 45.300 42.221 35.766 38.878 51.480 69.071 77.808 90.564 132.246 120.583 140.852 158.193 174.110 181.621 178.635 189.290 185.173 201.772 189.642 141.797 116.270 97.872 75.232 61.344 45.450 30.835 18.633 8.714 3.660 1.724
-999.250 -999.250 -999.250 -999.250 -999.250 -999.250 -999.250 -999.250 -999.250 -999.250 -999.250 -999.250 -999.250 -999.250 -999.250 -999.250 -999.250 -999.250 -999.250 -999.250 -999.250 -999.250 -999.250 -999.250 -999.250 -999.250 -999.250 -999.250 -999.250 -999.250 -999.250 -999.250 -999.250 -999.250 74.983 62.579 64.819 59.088 52.352 48.405 42.975 40.146 43.570 50.744 67.020 75.880 87.490 105.420 110.911 132.457 144.497 162.395 175.359 178.362 198.728 202.994 204.599 185.912 163.540 142.278 107.844 87.570 67.087 51.387 32.814 19.231 12.133 6.283 1.606
-999.250 -999.250 -999.250 -999.250 -999.250 -999.250 -999.250 -999.250 -999.250 -999.250 -999.250 -999.250 -999.250 -999.250 -999.250 -999.250 -999.250 -999.250 -999.250 -999.250 -999.250 -999.250 -999.250 -999.250 -999.250 -999.250 -999.250 -999.250 -999.250 -999.250 -999.250 -999.250 -999.250 -999.250 76.653 68.355 62.732 60.124 51.430 46.275 42.478 44.896 43.239 52.059 63.943 77.640 86.168 96.687 108.508 121.100 133.257 151.617 156.952 200.216 196.147 198.769 178.179 179.005 159.211 127.461 108.184 82.123 64.396 56.891 37.466 23.700 14.280 4.920 3.687
-999.250 -999.250 -999.250 -999.250 -999.250 -999.250 -999.250 -999.250 -999.250 -999.250 -999.250 -999.250 -999.250 -999.250 -999.250 -999.250 -999.250 -999.250 -999.250 -999.250 -999.250 -999.250 -999.250 -999.250 -999.250 -999.250 -999.250 -999.250 -999.250 -999.250 -999.250 -999.250 -999.250 -999.250 78.646 75.170 69.104 59.411 52.955 51.687 47.638 46.777 47.429 57.714 63.343 76.522 85.204 88.513 103.976 112.541 118.108 124.113 141.084 182.103 192.419 198.258 191.870 175.020 146.897 117.707 97.210 75.807 68.812 58.085 45.273 30.230 13.778 8.542 5.184
-999.250 -999.250 -999.250 -999.250 -999.250 -999.250 -999.250 -999.250 -999.250 -999.250 -999.250 -999.250 -999.250 -999.250 -999.250 -999.250 -999.250 -999.250 -999.250 -999.250 -999.250 -999.250 -999.250 -999.250 -999.250 -999.250 -999.250 -999.250 -999.250 -999.250 -999.250 -999.250 -999.250 -999.250 84.722 77.741 73.049 66.697 64.335 57.086 54.103 51.455 50.761 62.020 66.888 74.383 80.819 89.081 97.969 105.701 112.207 115.413 133.050 153.455 168.966 159.635 152.668 138.601 122.643 112.225 96.514 79.391 70.929 59.967 47.733 30.178 18.419 10.078 4.120
-999.250 -999.250 -999.250 -999.250 -999.250 -999.250 -999.250 -999.250 -999.250 -999.250 -999.250 -999.250 -999.250 -999.250 -999.250 -999.250 -999.250 -999.250 -999.250 -999.250 -999.250 -999.250 -999.250 -999.250 -999.250 -999.250 -999.250 -999.250 -999.250 -999.250 -999.250 -999.250 -999.250 -999.250 -999.250 78.994 79.560 80.033 70.877 58.190 56.765 59.914 58.271 63.017 69.334 73.797 78.119 89.175 94.180 107.017 106.530 105.696 122.646 153.003 143.059 134.563 133.744 123.358 110.381 97.165 81.546 75.385 65.798 54.462 47.704 33.629 19.196 13.456 6.027
-999.250 -999.250 -999.250 -999.250 -999.250 -999.250 -999.250 -999.250 -999.250 -999.250 -999.250 -999.250 -999.250 -999.250 -999.250 -999.250 -999.250 -999.250 -999.250 -999.250 -999.250 -999.250 -999.250 -999.250 -999.250 -999.250 -999.250 -999.250 -999.250 -999.250 -999.250 -999.250 -999.250 -999.250 -999.250 89.522 84.332 83.659 77.350 70.486 59.594 59.233 65.586 68.505 69.930 72.501 80.184 84.309 88.472 95.055 98.396 97.131 108.558 115.056 125.293 118.252 103.049 104.599 95.114 81.984 73.837 70.748 61.614 50.266 41.491 26.899 17.875 10.783 8.000
-999.250 -999.250 -999.250 -999.250 -999.250 -999.250 -999.250 -999.250 -999.250 -999.250 -999.250 -999.250 -999.250 -999.250 -999.250 -999.250 -999.250 -999.250 -999.250 -999.250 -999.250 -999.250 -999.250 -999.250 -999.250 -999.250 -999.250 -999.250 -999.250 -999.250 -999.250 -999.250 -999.250 -999.250 -999.250 96.270 92.025 91.471 86.108 76.275 70.250 71.623 75.641 68.207 78.108 81.481 77.733 86.498 88.235 93.474 90.541 87.823 88.989 93.250 95.304 95.989 87.056 83.674 76.163 72.501 72.688 66.918 56.355 41.838 34.100 25.107 15.282 10.863 6.751
-999.250 -999.250 -999.250 -999.250 -999.250 -999.250 -999.250 -999.250 -999.250 -999.250 -999.250 -999.250 -999.250 -999.250 -999.250 -999.250 -999.250 -999.250 -999.250 -999.250 -999.250 -999.250 -999.250 -999.250 -999.250 -999.250 -999.250 -999.250 -999.250 -999.250 -999.250 -999.250 -999.250 -999.250 -999.250 94.629 103.597 103.581 119.756 91.671 75.606 76.664 83.125 78.883 78.516 83.329 84.369 83.548 86.921 87.710 83.308 77.768 74.439 76.484 80.147 78.615 68.580 73.538 70.167 61.594 58.016 56.020 42.715 31.320 30.646 22.654 16.876 11.414 7.689
-999.250 -999.250 -999.250 -999.250 -999.250 -999.250 -999.250 -999.250 -999.250 -999.250 -999.250 -999.250 -999.250 -999.250 -999.250 -999.250 -999.250 -999.250 -999.250 -999.250 -999.250 -999.250 -999.250 -999.250 -999.250 -999.250 -999.250 -999.250 -999.250 -999.250 -999.250 -999.250 -999.250 -999.250 -999.250 96.136 91.201 98.490 96.879 86.585 78.229 75.637 82.528 82.162 85.232 83.663 79.369 84.934 87.156 87.141 74.620 70.461 67.760 68.298 70.585 62.917 61.476 59.377 49.661 43.013 49.114 49.303 36.187 30.124 30.591 20.883 17.270 11.017 8.954
-999.250 -999.250 -999.250 -999.250 -999.250 -999.250 -999.250 -999.250 -999.250 -999.250 -999.250 -999.250 -999.250 -999.250 -999.250 -999.250 -999.250 -999.250 -999.250 -999.250 -999.250 -999.250 -999.250 -999.250 -999.250 -999.250 -999.250 -999.250 -999.250 -999.250 -999.250 -999.250 -999.250 -999.250 -999.250 -999.250 85.176 93.518 85.895 78.604 71.639 74.597 81.855 88.198 86.176 82.637 81.024 78.434 79.862 75.563 64.818 58.342 47.297 51.920 47.109 52.962 50.576 44.292 38.225 36.896 35.372 42.398 31.676 27.017 26.667 21.834 19.773 14.044 10.000
-999.250 -999.250 -999.250 -999.250 -999.250 -999.250 -999.250 -999.250 -999.250 -999.250 -999.250 -999.250 -999.250 -999.250 -999.250 -999.250 -999.250 -999.250 -999.250 -999.250 -999.250 -999.250 -999.250 -999.250 -999.250 -999.250 -999.250 -999.250 -999.250 -999.250 -999.250 -999.250 -999.250 -999.250 -999.250 -999.250 78.411 80.497 80.427 69.250 69.834 77.634 81.823 93.984 84.341 83.503 77.715 75.561 74.639 64.882 57.025 49.960 43.325 39.500 34.444 37.636 34.751 30.456 32.305 32.749 31.902 32.421 32.284 32.025 30.517 26.430 24.341 17.239 13.430
-999.250 -999.250 -999.250 -999.250 -999.250 -999.250 -999.250 -999.250 -999.250 -999.250 -999.250 -999.250 -999.250 -999.250 -999.250 -999.250 -999.250 -999.250 -999.250 -999.250 -999.250 -999.250 -999.250 -999.250 -999.250 -999.250 -999.250 -999.250 -999.250 -999.250 -999.250 -999.250 -999.250 -999.250 -999.250 -999.250 -999.250 75.954 76.517 78.881 82.006 80.160 84.632 86.477 82.293 80.165 74.172 71.364 63.995 64.648 54.400 46.700 35.562 28.873 33.462 31.814 27.601 27.262 31.806 27.341 25.912 29.820 34.469 33.970 36.979 31.506 32.003 30.645 23.821
-999.250 -999.250 -999.250 -999.250 -999.250 -999.250 -999.250 -999.250 -999.250 -999.250 -999.250 -999.250 -999.250 -999.250 -999.250 -999.250 -999.250 -999.250 -999.250 -999.250 -999.250 -999.250 -999.250 -999.250 -999.250 -999.250 -999.250 -999.250 -999.250 -999.250 -999.250 -999.250 -999.250 -999.250 -999.250 -999.250 -999.250 77.632 81.370 83.473 87.994 90.822 91.279 92.534 85.751 75.394 70.904 68.913 64.570 58.995 52.100 41.960 37.689 27.031 24.323 26.517 26.300 26.070 24.484 29.573 27.936 31.785 32.155 36.151 40.669 40.370 39.794 48.106 43.985
-999.250 -999.250 -999.250 -999.250 -999.250 -999.250 -999.250 -999.250 -999.250 -999.250 -999.250 -999.250 -999.250 -999.250 -999.250 -999.250 -999.250 -999.250 -999.250 -999.250 -999.250 -999.250 -999.250 -999.250 -999.250 -999.250 -999.250 -999.250 -999.250 -999.250 -999.250 -999.250 -999.250 -999.250 -999.250 -999.250 -999.250 76.052 78.399 94.586 113.821 99.135 89.216 87.801 90.239 81.532 72.968 71.687 63.678 53.316 53.706 37.669 39.068 32.508 28.203 21.689 23.295 24.625 26.021 27.475 30.392 32.355 34.760 35.757 39.068 44.486 46.073 58.659 69.054
-999.250 -999.250 -999.250 -999.250 -999.250 -999.250 -999.250 -999.250 -999.250 -999.250 -999.250 -999.250 -999.250 -999.250 -999.250 -999.250 -999.250 -999.250 -999.250 -999.250 -999.250 -999.250 -999.250 -999.250 -999.250 -999.250 -999.250 -999.250 -999.250 -999.250 -999.250 -999.250 -999.250 -999.250 -999.250 -999.250 -999.250 67.172 76.218 88.628 95.889 95.670 94.775 87.779 79.965 71.415 72.116 64.065 62.079 53.082 45.812 47.805 32.969 28.688 26.374 25.541 22.377 24.893 32.442 31.591 34.773 36.138 36.372 41.132 43.401 51.698 56.094 66.989 70.170
-999.250 -999.250 -999.250 -999.250 -999.250 -999.250 -999.250 -999.250 -999.250 -999.250 -999.250 -999.250 -999.250 -999.250 -999.250 -999.250 -999.250 -999.250 -999.250 -999.250 -999.250 -999.250 -999.250 -999.250 -999.250 -999.250 -999.250 -999.250 -999.250 -999.250 -999.250 -999.250 -999.250 -999.250 -999.250 -999.250 -999.250 -999.250 75.493 83.314 81.691 83.758 90.064 79.326 83.150 71.551 71.598 65.591 57.643 54.341 44.912 36.178 35.033 29.654 27.466 23.995 26.818 28.251 31.380 32.248 39.313 44.439 40.077 45.420 52.734 50.416 64.570 58.874 64.366
-999.250 -999.250 -999.250 -999.250 -999.250 -999.250 -999.250 -999.250 -999.250 -999.250 -999.250 -999.250 -999.250 -999.250 -999.250 -999.250 -999.250 -999.250 -999.250 -999.250 -999.250 -999.250 -999.250 -999.250 -999.250 -999.250 -999.250 -999.250 -999.250 -999.250 -999.250 -999.250 -999.250 -999.250 -999.250 -999.250 -999.250 -999.250 67.938 72.306 71.756 75.704 76.803 81.297 82.771 73.639 61.476 58.579 52.602 51.243 45.145 37.713 34.846 32.354 29.442 26.988 28.914 29.748 38.369 42.475 42.277 47.224 39.184 49.246 49.017 55.607 65.573 61.173 54.418
-999.250 -999.250 -999.250 -999.250 -999.250 -999.250 -999.250 -999.250 -999.250 -999.250 -999.250 -999.250 -999.250 -999.250 -999.250 -999.250 -999.250 -999.250 -999.250 -999.250 -999.250 -999.250 -999.250 -999.250 -999.250 -999.250 -999.250 -999.250 -999.250 -999.250 -999.250 -999.250 -999.250 -999.250 -999.250 -999.250 -999.250 -999.250 49.579 59.001 65.544 67.203 72.467 77.511 76.314 67.448 62.198 57.182 46.577 45.143 38.735 34.748 28.229 26.699 24.645 24.631 28.459 35.316 38.247 44.432 49.577 48.958 50.597 52.541 54.040 52.067 64.507 56.440 49.052
