data/medianmodel_04-Nov-2020.asc
ncols	141
nrows	288
xllcorner	-120191.398
yllcorner	-301404.813
cellsize	2000.000
NODATA_value	-999.250
[rows 203 to 231 of 288, columns 65 to 129 of 141]
251.384 241.763 256.899 251.143 238.478 243.523 284.667 290.068 291.001 250.692 263.944 298.231 289.241 319.474 313.198 347.896 340.643 310.839 328.555 325.454 324.530 276.084 249.107 238.340 215.931 192.345 149.751 120.417 105.923 87.549 -999.250 -999.250 -999.250 -999.250 -999.250 -999.250 -999.250 -999.250 -999.250 -999.250 -999.250 -999.250 -999.250 -999.250 -999.250 -999.250 -999.250 -999.250 -999.250 -999.250 -999.250 -999.250 -999.250 -999.250 -999.250 -999.250 -999.250 -999.250 -999.250 -999.250 -999.250 -999.250 -999.250 -999.250 -999.250
252.252 260.988 254.981 263.771 260.456 271.895 256.901 294.411 244.756 265.554 245.252 278.248 315.304 311.039 308.845 283.135 305.955 266.666 302.691 294.513 304.987 274.805 256.273 253.116 218.712 176.362 162.994 128.028 119.469 109.761 84.127 -999.250 -999.250 -999.250 -999.250 -999.250 -999.250 -999.250 -999.250 -999.250 -999.250 -999.250 -999.250 -999.250 -999.250 -999.250 -999.250 -999.250 -999.250 -999.250 -999.250 -999.250 -999.250 -999.250 -999.250 -999.250 -999.250 -999.250 -999.250 -999.250 -999.250 -999.250 -999.250 -999.250 -999.250
264.787 282.174 259.901 259.546 244.855 261.684 262.744 250.074 232.791 241.710 235.133 238.121 263.525 247.072 285.706 294.124 287.245 283.277 310.875 309.872 300.350 272.463 259.767 236.086 224.213 184.814 178.104 157.737 142.188 109.683 -999.250 -999.250 -999.250 -999.250 -999.250 -999.250 -999.250 -999.250 -999.250 -999.250 -999.250 -999.250 -999.250 -999.250 -999.250 -999.250 -999.250 -999.250 -999.250 -999.250 -999.250 -999.250 -999.250 -999.250 -999.250 -999.250 -999.250 -999.250 -999.250 -999.250 -999.250 -999.250 -999.250 -999.250 -999.250
251.629 268.268 245.028 235.929 224.710 229.435 238.147 231.158 215.755 208.478 202.217 193.282 216.991 234.011 248.166 276.924 243.591 286.645 310.649 307.842 299.551 272.956 257.668 248.472 230.956 214.020 195.558 167.992 150.144 105.003 89.815 -999.250 -999.250 -999.250 -999.250 -999.250 -999.250 -999.250 -999.250 -999.250 -999.250 -999.250 -999.250 -999.250 -999.250 -999.250 -999.250 -999.250 -999.250 -999.250 -999.250 -999.250 -999.250 -999.250 -999.250 -999.250 -999.250 -999.250 -999.250 -999.250 -999.250 -999.250 -999.250 -999.250 -999.250
246.325 252.301 235.834 218.879 214.085 205.115 206.346 197.876 198.547 191.589 151.627 163.901 179.845 217.709 216.912 238.388 246.290 255.535 281.365 300.673 280.868 284.764 269.797 240.910 224.785 203.242 195.502 171.516 135.386 123.919 94.698 70.930 -999.250 -999.250 -999.250 -999.250 -999.250 -999.250 -999.250 -999.250 -999.250 -999.250 -999.250 -999.250 -999.250 -999.250 -999.250 -999.250 -999.250 -999.250 -999.250 -999.250 -999.250 -999.250 -999.250 -999.250 -999.250 -999.250 -999.250 -999.250 -999.250 -999.250 -999.250 -999.250 -999.250
229.580 245.221 213.959 212.332 207.330 197.666 202.787 180.264 154.384 154.725 159.079 164.538 162.072 169.432 175.617 211.057 230.676 230.326 241.844 284.658 275.129 269.537 243.835 232.034 239.731 215.122 164.868 159.265 137.538 95.769 82.093 58.201 -999.250 -999.250 -999.250 -999.250 -999.250 -999.250 -999.250 -999.250 -999.250 -999.250 -999.250 -999.250 -999.250 -999.250 -999.250 -999.250 -999.250 -999.250 -999.250 -999.250 -999.250 -999.250 -999.250 -999.250 -999.250 -999.250 -999.250 -999.250 -999.250 -999.250 -999.250 -999.250 -999.250
221.726 218.039 214.918 203.121 193.847 203.211 194.897 181.981 155.082 152.646 129.435 139.865 154.717 139.076 146.302 163.578 170.142 205.475 223.752 239.810 274.455 250.577 261.106 246.244 230.325 184.349 171.164 156.799 124.209 98.585 75.365 40.816 52.279 -999.250 -999.250 -999.250 -999.250 -999.250 -999.250 -999.250 -999.250 -999.250 -999.250 -999.250 -999.250 -999.250 -999.250 -999.250 -999.250 -999.250 -999.250 -999.250 -999.250 -999.250 -999.250 -999.250 -999.250 -999.250 -999.250 -999.250 -999.250 -999.250 -999.250 -999.250 -999.250
205.996 207.525 185.617 193.289 194.174 188.312 168.234 149.988 134.028 113.254 116.742 127.772 99.680 96.530 109.533 117.812 138.751 184.687 207.741 218.498 209.923 218.393 228.328 219.379 217.259 210.527 175.801 139.416 120.550 102.598 80.582 70.013 59.619 66.378 -999.250 -999.250 -999.250 -999.250 -999.250 -999.250 -999.250 -999.250 -999.250 -999.250 -999.250 -999.250 -999.250 -999.250 -999.250 -999.250 -999.250 -999.250 -999.250 -999.250 -999.250 -999.250 -999.250 -999.250 -999.250 -999.250 -999.250 -999.250 -999.250 -999.250 -999.250
194.363 188.165 188.226 181.171 175.597 154.166 159.203 125.674 123.157 97.303 88.934 79.839 78.517 78.687 82.737 103.337 113.615 146.107 160.016 179.645 188.217 203.115 206.356 214.964 209.520 183.419 180.877 145.357 122.074 103.529 86.460 87.367 67.784 69.098 56.516 -999.250 -999.250 -999.250 -999.250 -999.250 -999.250 -999.250 -999.250 -999.250 -999.250 -999.250 -999.250 -999.250 -999.250 -999.250 -999.250 -999.250 -999.250 -999.250 -999.250 -999.250 -999.250 -999.250 -999.250 -999.250 -999.250 -999.250 -999.250 -999.250 -999.250
163.723 160.839 175.660 161.715 161.972 150.067 131.172 115.192 102.441 81.397 68.491 62.518 44.175 43.747 61.312 81.856 94.651 117.830 143.104 149.624 167.450 190.286 211.181 194.562 182.021 191.261 183.692 158.346 131.272 104.785 90.840 80.138 73.345 73.047 71.945 57.122 -999.250 -999.250 -999.250 -999.250 -999.250 -999.250 -999.250 -999.250 -999.250 -999.250 -999.250 -999.250 -999.250 -999.250 -999.250 -999.250 -999.250 -999.250 -999.250 -999.250 -999.250 -999.250 -999.250 -999.250 -999.250 -999.250 -999.250 -999.250 -999.250
136.089 141.118 151.532 162.985 142.548 129.965 122.463 105.530 93.496 79.070 59.840 50.412 33.177 0.000 29.076 57.150 81.229 91.421 99.847 124.042 127.055 165.310 181.911 173.121 175.644 193.653 164.972 153.735 136.479 113.432 89.459 91.493 79.742 72.719 67.553 63.834 -999.250 -999.250 -999.250 -999.250 -999.250 -999.250 -999.250 -999.250 -999.250 -999.250 -999.250 -999.250 -999.250 -999.250 -999.250 -999.250 -999.250 -999.250 -999.250 -999.250 -999.250 -999.250 -999.250 -999.250 -999.250 -999.250 -999.250 -999.250 -999.250
108.392 123.447 117.252 124.974 135.556 119.600 102.431 88.706 80.200 74.407 52.112 40.725 23.790 14.471 27.442 49.186 82.856 85.624 87.120 105.992 105.260 136.439 144.582 167.146 177.426 171.924 158.506 138.584 125.102 111.222 97.811 102.103 87.811 82.122 80.469 62.999 76.396 -999.250 -999.250 -999.250 -999.250 -999.250 -999.250 -999.250 -999.250 -999.250 -999.250 -999.250 -999.250 -999.250 -999.250 -999.250 -999.250 -999.250 -999.250 -999.250 -999.250 -999.250 -999.250 -999.250 -999.250 -999.250 -999.250 -999.250 -999.250
75.168 84.422 98.721 119.201 130.329 116.080 107.997 95.928 82.079 59.948 42.643 36.797 27.903 25.533 32.872 46.033 76.325 79.877 87.747 96.136 114.429 119.400 141.408 151.531 139.078 151.417 141.690 130.189 129.572 113.508 98.049 94.886 89.352 88.058 73.386 64.575 64.204 85.085 -999.250 -999.250 -999.250 -999.250 -999.250 -999.250 -999.250 -999.250 -999.250 -999.250 -999.250 -999.250 -999.250 -999.250 -999.250 -999.250 -999.250 -999.250 -999.250 -999.250 -999.250 -999.250 -999.250 -999.250 -999.250 -999.250 -999.250
42.949 61.446 88.339 123.696 124.325 124.306 109.672 96.394 79.061 55.054 32.851 26.266 31.019 23.457 39.760 42.488 52.882 80.108 82.452 93.655 98.808 106.060 133.051 129.010 128.803 125.624 137.426 128.337 134.895 119.716 105.082 90.607 85.285 81.112 75.372 69.273 70.740 66.337 -999.250 -999.250 -999.250 -999.250 -999.250 -999.250 -999.250 -999.250 -999.250 -999.250 -999.250 -999.250 -999.250 -999.250 -999.250 -999.250 -999.250 -999.250 -999.250 -999.250 -999.250 -999.250 -999.250 -999.250 -999.250 -999.250 -999.250
0.000 44.947 90.407 120.737 126.714 127.247 128.785 100.418 90.580 64.616 18.149 31.225 36.910 35.539 36.185 46.016 53.560 65.567 84.466 82.922 91.627 87.481 130.421 134.590 122.829 114.712 110.009 140.075 125.268 105.707 98.208 83.250 87.391 92.406 74.895 82.755 74.689 63.353 -999.250 -999.250 -999.250 -999.250 -999.250 -999.250 -999.250 -999.250 -999.250 -999.250 -999.250 -999.250 -999.250 -999.250 -999.250 -999.250 -999.250 -999.250 -999.250 -999.250 -999.250 -999.250 -999.250 -999.250 -999.250 -999.250 -999.250
32.858 65.404 90.668 111.367 135.779 142.017 151.942 111.219 92.575 76.306 60.340 50.948 54.053 44.750 38.153 58.367 58.863 67.643 77.746 87.352 87.967 98.442 98.878 111.211 119.952 120.695 106.932 114.152 105.562 116.361 108.166 97.756 95.297 87.907 92.617 77.809 68.082 57.914 54.187 -999.250 -999.250 -999.250 -999.250 -999.250 -999.250 -999.250 21.017 -999.250 -999.250 -999.250 -999.250 -999.250 -999.250 -999.250 -999.250 -999.250 -999.250 -999.250 -999.250 -999.250 -999.250 -999.250 -999.250 -999.250 -999.250
58.950 79.587 97.954 126.059 148.855 166.289 163.780 137.530 118.394 95.128 83.623 70.596 62.088 56.135 49.752 62.363 58.487 60.942 77.577 84.111 85.842 107.227 108.489 101.100 102.972 98.512 102.565 103.674 89.765 89.335 92.335 88.210 94.567 86.751 92.912 88.583 79.498 56.146 50.538 43.582 -999.250 -999.250 -999.250 22.694 30.283 22.693 26.386 -999.250 -999.250 -999.250 -999.250 -999.250 -999.250 -999.250 -999.250 -999.250 -999.250 -999.250 -999.250 -999.250 -999.250 -999.250 -999.250 -999.250 -999.250
89.065 94.389 111.393 141.794 171.819 174.102 170.021 155.251 160.290 125.201 106.056 93.100 81.344 72.436 67.467 55.933 62.131 77.916 86.893 89.637 86.837 105.907 123.157 103.446 119.176 98.693 89.905 89.932 84.495 82.693 88.659 86.088 88.183 94.958 87.196 88.297 71.175 60.535 46.369 40.401 -999.250 20.959 18.301 21.490 28.276 28.424 -999.250 -999.250 -999.250 -999.250 -999.250 -999.250 -999.250 -999.250 -999.250 -999.250 -999.250 -999.250 -999.250 -999.250 -999.250 -999.250 -999.250 -999.250 -999.250
91.410 120.149 132.169 181.280 185.800 190.247 184.055 184.490 158.946 125.852 133.875 96.016 90.077 94.241 75.274 64.615 90.170 85.613 86.668 79.766 92.468 94.712 89.132 91.720 102.855 83.616 81.360 67.353 75.655 86.083 84.986 92.596 97.216 90.318 79.428 81.462 72.402 56.998 60.020 51.304 34.904 21.851 0.000 21.133 25.395 22.069 -999.250 -999.250 -999.250 -999.250 -999.250 -999.250 -999.250 -999.250 -999.250 -999.250 -999.250 -999.250 -999.250 -999.250 -999.250 -999.250 -999.250 -999.250 -999.250
114.640 126.641 159.091 174.877 196.945 219.749 193.120 203.858 168.260 145.211 135.895 114.990 99.106 92.673 83.967 84.377 86.579 83.055 95.121 92.221 101.980 98.942 105.837 105.147 102.355 86.832 71.737 43.738 73.964 76.853 82.855 86.320 89.010 87.076 76.503 77.017 66.844 70.312 55.630 54.810 47.634 35.687 23.234 23.752 26.679 25.149 -999.250 -999.250 -999.250 -999.250 -999.250 -999.250 -999.250 -999.250 -999.250 -999.250 -999.250 -999.250 -999.250 -999.250 -999.250 -999.250 -999.250 -999.250 -999.250
151.751 152.166 163.639 188.560 212.558 221.870 215.191 207.686 179.975 162.469 143.568 144.267 126.006 101.871 95.134 91.590 103.281 96.777 99.093 94.813 102.830 112.286 107.026 109.956 96.428 88.817 84.285 72.495 76.273 75.807 85.755 98.678 87.695 81.833 78.433 79.031 74.164 69.494 63.635 71.663 48.538 46.802 44.976 37.683 31.347 28.666 -999.250 -999.250 -999.250 -999.250 -999.250 -999.250 -999.250 -999.250 -999.250 -999.250 -999.250 -999.250 -999.250 -999.250 -999.250 -999.250 -999.250 -999.250 -999.250
158.772 169.039 174.671 216.508 216.504 248.602 239.857 218.425 196.151 198.760 154.625 139.924 145.260 107.954 106.297 105.151 116.722 108.651 97.305 107.235 94.787 89.129 92.810 96.482 93.705 99.765 88.876 84.994 81.456 86.899 90.249 90.257 85.859 76.537 78.957 86.510 73.538 76.607 77.977 66.623 65.197 54.928 48.524 49.098 40.417 -999.250 -999.250 -999.250 -999.250 -999.250 -999.250 -999.250 -999.250 -999.250 -999.250 -999.250 -999.250 -999.250 -999.250 -999.250 -999.250 -999.250 -999.250 -999.250 -999.250
164.038 168.772 204.405 234.993 248.578 246.221 224.623 214.212 193.781 192.493 185.511 193.097 155.076 135.278 103.459 100.666 117.470 98.428 108.607 101.825 102.126 106.332 92.739 92.998 95.335 96.957 92.262 93.993 91.915 85.110 88.671 89.334 89.808 74.728 85.707 81.135 77.239 76.069 78.580 66.278 62.859 51.434 46.344 50.029 52.225 -999.250 -999.250 -999.250 -999.250 -999.250 -999.250 -999.250 -999.250 -999.250 -999.250 -999.250 -999.250 -999.250 -999.250 -999.250 -999.250 -999.250 -999.250 -999.250 -999.250
175.831 218.982 211.895 235.759 240.233 242.906 255.201 234.117 222.091 215.308 197.419 195.573 184.019 161.167 108.742 114.300 107.258 106.578 114.330 110.010 101.632 93.204 111.073 90.503 102.637 97.226 94.398 100.450 99.669 96.111 98.604 102.294 105.001 85.598 72.863 84.076 75.237 81.727 70.295 70.595 59.454 62.791 55.457 73.813 65.645 -999.250 -999.250 -999.250 -999.250 -999.250 -999.250 -999.250 -999.250 -999.250 -999.250 -999.250 -999.250 -999.250 -999.250 -999.250 -999.250 -999.250 -999.250 -999.250 -999.250
178.871 215.631 212.973 245.603 252.310 275.046 247.720 234.008 223.198 223.079 186.363 192.449 181.875 156.465 141.335 111.721 109.580 101.524 108.462 107.394 125.884 121.611 117.324 127.484 104.965 122.340 115.321 111.170 104.644 102.398 113.194 91.121 103.800 95.312 82.374 88.475 85.805 78.589 73.905 60.916 68.431 52.976 67.262 67.419 -999.250 -999.250 -999.250 -999.250 -999.250 -999.250 -999.250 -999.250 -999.250 -999.250 -999.250 -999.250 -999.250 -999.250 -999.250 -999.250 -999.250 -999.250 -999.250 -999.250 -999.250
175.960 200.363 221.523 237.353 245.787 261.975 240.644 227.319 237.923 237.385 178.326 176.565 187.447 155.212 131.520 138.963 148.472 123.477 130.202 117.442 116.214 128.741 122.776 120.709 112.399 117.589 137.696 108.343 105.984 111.659 104.403 100.508 90.985 89.712 92.267 85.451 89.657 74.094 73.932 -999.250 -999.250 79.677 77.241 59.891 -999.250 -999.250 -999.250 -999.250 -999.250 -999.250 -999.250 -999.250 -999.250 -999.250 -999.250 -999.250 -999.250 -999.250 -999.250 -999.250 -999.250 -999.250 -999.250 -999.250 -999.250
179.210 199.344 217.183 224.536 234.046 229.310 234.753 241.635 237.414 214.677 190.161 185.896 176.621 152.474 168.570 162.523 148.979 118.234 117.067 138.156 130.992 127.949 132.258 156.270 122.605 129.109 152.165 122.894 130.329 123.696 121.627 103.960 98.376 98.033 95.345 85.464 82.322 80.639 70.076 -999.250 -999.250 -999.250 -999.250 -999.250 -999.250 -999.250 -999.250 -999.250 -999.250 -999.250 -999.250 -999.250 -999.250 -999.250 -999.250 -999.250 -999.250 -999.250 -999.250 -999.250 -999.250 -999.250 -999.250 -999.250 -999.250
175.088 200.296 202.331 211.145 203.321 227.538 239.155 240.240 217.370 203.454 179.245 169.625 149.268 167.315 156.684 149.370 157.943 128.989 125.494 143.409 130.722 145.651 127.039 131.538 125.480 118.584 116.080 127.007 139.352 121.571 108.771 106.063 96.954 115.104 92.318 -999.250 -999.250 74.848 -999.250 -999.250 -999.250 -999.250 -999.250 -999.250 -999.250 -999.250 -999.250 -999.250 -999.250 -999.250 -999.250 -999.250 -999.250 -999.250 -999.250 -999.250 -999.250 -999.250 -999.250 -999.250 -999.250 -999.250 -999.250 -999.250 -999.250
188.319 178.170 212.224 214.912 210.791 223.339 246.696 229.312 222.159 214.803 193.578 175.997 157.415 153.141 155.909 145.258 136.891 159.605 144.229 141.737 148.115 133.454 129.966 126.104 115.616 133.523 118.310 127.055 127.407 120.874 94.182 104.996 117.016 -999.250 -999.250 -999.250 -999.250 -999.250 -999.250 -999.250 -999.250 -999.250 -999.250 -999.250 -999.250 -999.250 -999.250 -999.250 -999.250 -999.250 -999.250 -999.250 -999.250 -999.250 -999.250 -999.250 -999.250 -999.250 -999.250 -999.250 -999.250 -999.250 -999.250 -999.250 -999.250
