data/medianmodel_16-Jul-2020.asc
ncols	141
nrows	288
xllcorner	-120191.398
yllcorner	-301404.813
cellsize	2000.000
NODATA_value	-999.250
[rows 248 to 278 of 288, columns 0 to 69 of 141]
-999.250 -999.250 -999.250 -999.250 -999.250 -999.250 -999.250 -999.250 -999.250 -999.250 -999.250 -999.250 -999.250 -999.250 -999.250 -999.250 -999.250 -999.250 -999.250 -999.250 -999.250 -999.250 -999.250 -999.250 -999.250 -999.250 -999.250 -999.250 -999.250 -999.250 10.003 8.714 10.611 11.247 10.919 11.568 10.306 11.875 11.308 10.076 11.228 11.377 12.438 9.600 8.689 7.129 7.451 5.500 4.317 1.817 0.119 0.000 0.000 0.000 0.000 0.000 0.000 0.000 0.000 0.000 0.000 1.117 1.494 2.241 2.819 2.459 2.813 3.320 1.528 2.157
-999.250 -999.250 -999.250 -999.250 -999.250 -999.250 -999.250 -999.250 -999.250 -999.250 -999.250 -999.250 -999.250 -999.250 -999.250 -999.250 -999.250 -999.250 -999.250 -999.250 -999.250 -999.250 -999.250 -999.250 -999.250 -999.250 -999.250 -999.250 -999.250 -999.250 12.148 10.897 9.617 11.680 11.472 10.305 11.023 13.634 11.541 13.202 13.587 10.456 10.283 9.245 8.562 7.374 5.422 5.806 3.163 1.088 0.195 0.009 0.000 0.000 0.000 0.000 0.000 0.000 0.000 1.711 3.044 3.207 3.769 4.894 6.208 4.921 5.118 5.649 5.244 3.860
-999.250 -999.250 -999.250 -999.250 -999.250 -999.250 -999.250 -999.250 -999.250 -999.250 -999.250 -999.250 -999.250 -999.250 -999.250 -999.250 -999.250 -999.250 -999.250 -999.250 -999.250 -999.250 -999.250 -999.250 -999.250 -999.250 -999.250 -999.250 -999.250 -999.250 12.993 12.908 12.712 11.631 9.728 10.505 12.370 12.835 16.158 15.335 15.704 12.029 10.058 9.564 8.735 7.970 7.638 5.107 3.578 4.976 2.053 0.221 0.000 0.000 0.000 0.000 0.000 0.000 2.215 3.457 3.974 6.806 7.796 5.930 8.083 7.974 7.091 7.814 9.109 6.956
-999.250 -999.250 -999.250 -999.250 -999.250 -999.250 -999.250 -999.250 -999.250 -999.250 -999.250 -999.250 -999.250 -999.250 -999.250 -999.250 -999.250 -999.250 -999.250 -999.250 -999.250 -999.250 -999.250 -999.250 -999.250 -999.250 -999.250 -999.250 -999.250 -999.250 13.730 10.906 11.050 11.412 10.423 9.146 9.937 11.062 13.849 20.229 17.044 12.593 9.907 9.257 8.673 7.786 6.865 6.912 4.728 5.807 1.127 1.440 1.347 0.037 0.000 0.000 0.000 2.239 5.255 5.479 7.323 9.697 10.017 10.356 9.131 9.264 9.929 9.450 9.496 8.837
-999.250 -999.250 -999.250 -999.250 -999.250 -999.250 -999.250 -999.250 -999.250 -999.250 -999.250 -999.250 -999.250 -999.250 -999.250 -999.250 -999.250 -999.250 -999.250 -999.250 -999.250 -999.250 -999.250 -999.250 -999.250 -999.250 -999.250 -999.250 -999.250 15.554 12.713 12.216 12.884 11.038 10.988 6.923 9.473 11.447 13.319 16.230 14.306 11.968 11.427 9.658 8.744 5.911 6.405 5.201 5.829 6.517 3.881 2.992 3.722 1.054 0.815 1.857 1.586 4.143 8.533 8.671 8.792 14.927 13.590 11.900 10.782 12.860 11.844 13.175 12.373 11.912
-999.250 -999.250 -999.250 -999.250 -999.250 -999.250 -999.250 -999.250 -999.250 -999.250 -999.250 -999.250 -999.250 -999.250 -999.250 -999.250 -999.250 -999.250 -999.250 -999.250 -999.250 -999.250 -999.250 -999.250 -999.250 -999.250 -999.250 -999.250 -999.250 -999.250 12.195 13.509 10.856 10.958 8.903 10.818 9.728 10.423 12.366 11.768 14.119 9.378 11.042 9.233 7.511 7.367 4.461 4.731 5.745 5.295 6.200 4.258 4.490 3.661 4.264 4.961 5.567 8.338 9.449 10.960 13.657 20.451 15.665 15.175 17.643 17.331 13.451 16.046 13.414 14.324
-999.250 -999.250 -999.250 -999.250 -999.250 -999.250 -999.250 -999.250 -999.250 -999.250 -999.250 -999.250 -999.250 -999.250 -999.250 -999.250 -999.250 -999.250 -999.250 -999.250 -999.250 -999.250 -999.250 -999.250 -999.250 -999.250 -999.250 -999.250 -999.250 -999.250 14.901 12.770 10.308 8.975 9.273 9.294 9.901 8.280 9.269 9.208 11.269 8.638 10.421 9.774 6.959 5.556 5.149 5.619 7.867 5.585 6.381 6.412 5.052 6.148 6.028 7.264 8.636 10.185 11.573 16.086 17.020 22.169 24.904 23.702 24.531 20.865 19.038 20.618 16.862 16.167
-999.250 -999.250 -999.250 -999.250 -999.250 -999.250 -999.250 -999.250 -999.250 -999.250 -999.250 -999.250 -999.250 -999.250 -999.250 -999.250 -999.250 -999.250 -999.250 -999.250 -999.250 -999.250 -999.250 -999.250 -999.250 -999.250 -999.250 -999.250 -999.250 -999.250 -999.250 16.512 13.685 12.173 11.880 13.322 10.501 9.956 7.346 8.606 8.794 9.434 10.270 8.756 8.090 5.724 6.191 6.933 5.612 5.160 6.995 7.358 6.888 7.061 8.581 10.840 10.738 13.457 13.359 17.752 25.080 30.218 35.569 32.337 32.398 31.655 24.012 21.864 19.959 13.653
-999.250 -999.250 -999.250 -999.250 -999.250 -999.250 -999.250 -999.250 -999.250 -999.250 -999.250 -999.250 -999.250 -999.250 -999.250 -999.250 -999.250 -999.250 -999.250 -999.250 -999.250 -999.250 -999.250 -999.250 -999.250 -999.250 -999.250 -999.250 -999.250 -999.250 -999.250 17.505 17.551 14.357 13.144 11.187 10.214 8.569 8.675 8.867 7.799 7.343 8.775 7.139 9.663 8.264 7.627 5.084 6.291 5.987 6.829 6.039 7.819 8.864 9.702 11.656 14.704 13.959 14.462 20.908 26.128 32.872 40.430 49.152 47.822 39.188 29.453 23.945 20.755 19.466
-999.250 -999.250 -999.250 -999.250 -999.250 -999.250 -999.250 -999.250 -999.250 -999.250 -999.250 -999.250 -999.250 -999.250 -999.250 -999.250 -999.250 -999.250 -999.250 -999.250 -999.250 -999.250 -999.250 -999.250 -999.250 -999.250 -999.250 -999.250 -999.250 -999.250 25.561 21.257 18.523 17.955 16.145 12.669 12.658 10.512 10.267 9.644 7.808 8.510 7.827 8.842 8.415 7.899 6.726 6.089 5.956 6.729 5.289 5.748 8.368 9.575 10.445 11.335 14.218 15.067 20.790 22.345 26.243 37.266 41.279 56.444 59.480 49.137 38.032 24.721 20.604 18.914
-999.250 -999.250 -999.250 -999.250 -999.250 -999.250 -999.250 -999.250 -999.250 -999.250 -999.250 -999.250 -999.250 -999.250 -999.250 -999.250 -999.250 -999.250 -999.250 -999.250 -999.250 -999.250 -999.250 -999.250 -999.250 -999.250 -999.250 -999.250 -999.250 -999.250 19.057 25.093 22.166 24.468 14.928 14.435 14.625 13.067 11.592 9.544 10.885 10.794 11.654 11.645 9.404 6.888 8.106 9.382 8.154 6.012 4.597 7.849 8.511 8.560 8.789 10.291 13.159 18.098 19.805 24.406 25.892 38.912 55.099 54.380 50.011 52.843 39.683 28.349 21.101 22.023
-999.250 -999.250 -999.250 -999.250 -999.250 -999.250 -999.250 -999.250 -999.250 -999.250 -999.250 -999.250 -999.250 -999.250 -999.250 -999.250 -999.250 -999.250 -999.250 -999.250 -999.250 -999.250 -999.250 -999.250 -999.250 -999.250 -999.250 -999.250 -999.250 -999.250 21.344 24.608 23.264 21.920 23.527 20.304 16.357 15.777 18.960 11.558 10.921 11.794 11.926 11.577 10.896 9.979 8.874 8.482 6.699 4.107 6.401 7.784 8.330 8.241 10.526 11.055 12.940 23.921 21.763 29.247 31.681 35.306 44.640 42.727 34.739 38.865 36.161 25.248 20.124 18.618
-999.250 -999.250 -999.250 -999.250 -999.250 -999.250 -999.250 -999.250 -999.250 -999.250 -999.250 -999.250 -999.250 -999.250 -999.250 -999.250 -999.250 -999.250 -999.250 -999.250 -999.250 -999.250 -999.250 -999.250 -999.250 -999.250 -999.250 -999.250 -999.250 -999.250 28.148 23.517 31.530 26.138 30.217 25.497 20.555 19.115 23.054 16.694 12.648 12.083 11.992 12.946 12.085 9.034 8.505 7.893 7.789 7.569 8.012 7.713 8.290 9.554 10.648 12.825 15.329 20.549 29.906 26.638 28.855 30.471 31.455 39.420 33.356 41.773 31.101 26.347 20.819 16.529
-999.250 -999.250 -999.250 -999.250 -999.250 -999.250 -999.250 -999.250 -999.250 -999.250 -999.250 -999.250 -999.250 -999.250 -999.250 -999.250 -999.250 -999.250 -999.250 -999.250 -999.250 -999.250 -999.250 -999.250 -999.250 -999.250 -999.250 -999.250 -999.250 -999.250 38.622 36.441 33.927 40.880 31.176 27.755 28.866 24.943 24.828 24.526 20.733 15.801 10.619 11.542 10.262 11.274 10.444 9.046 7.901 8.110 8.341 5.857 9.106 9.376 9.582 13.558 14.749 18.796 23.592 30.224 25.441 29.616 33.496 32.710 31.273 33.584 26.598 20.319 16.718 13.387
-999.250 -999.250 -999.250 -999.250 -999.250 -999.250 -999.250 -999.250 -999.250 -999.250 -999.250 -999.250 -999.250 -999.250 -999.250 -999.250 -999.250 -999.250 -999.250 -999.250 -999.250 -999.250 -999.250 -999.250 -999.250 -999.250 -999.250 -999.250 -999.250 -999.250 51.341 57.746 58.312 51.911 39.509 45.413 36.682 42.166 28.431 25.021 22.833 16.297 12.464 9.630 11.014 9.029 10.540 6.898 8.337 8.649 7.874 7.258 9.700 10.514 8.270 12.506 15.460 19.585 24.875 25.684 24.015 21.621 25.256 25.585 23.414 25.277 20.828 17.753 12.524 9.649
-999.250 -999.250 -999.250 -999.250 -999.250 -999.250 -999.250 -999.250 -999.250 -999.250 -999.250 -999.250 -999.250 -999.250 -999.250 -999.250 -999.250 -999.250 -999.250 -999.250 -999.250 -999.250 -999.250 -999.250 -999.250 -999.250 -999.250 -999.250 -999.250 68.482 73.257 74.575 71.819 66.177 64.158 59.233 41.962 46.955 29.501 29.973 22.157 20.519 13.624 10.951 11.193 9.513 8.849 7.856 8.200 7.120 7.657 8.230 8.812 9.288 9.244 10.124 16.098 19.601 20.648 21.248 20.808 23.715 21.335 21.357 19.459 21.201 14.805 14.112 10.470 9.514
-999.250 -999.250 -999.250 -999.250 -999.250 -999.250 -999.250 -999.250 -999.250 -999.250 -999.250 -999.250 -999.250 -999.250 -999.250 -999.250 -999.250 -999.250 -999.250 -999.250 -999.250 -999.250 -999.250 -999.250 -999.250 -999.250 -999.250 -999.250 -999.250 74.994 77.108 80.068 77.878 67.659 52.084 56.637 53.398 52.910 30.156 32.567 22.712 19.748 15.234 14.946 9.366 9.920 7.675 7.498 6.180 6.653 5.534 8.928 7.984 8.201 8.758 11.341 11.191 14.074 18.447 20.054 20.046 14.540 17.980 18.286 14.816 12.978 10.697 9.985 7.733 7.382
-999.250 -999.250 -999.250 -999.250 -999.250 -999.250 -999.250 -999.250 -999.250 -999.250 -999.250 -999.250 -999.250 -999.250 -999.250 -999.250 -999.250 -999.250 -999.250 -999.250 -999.250 -999.250 -999.250 -999.250 -999.250 -999.250 -999.250 -999.250 82.746 76.163 87.721 90.532 85.555 83.136 73.467 64.893 63.604 53.853 33.722 32.112 27.412 24.936 15.559 15.358 10.813 9.788 6.053 8.467 7.008 7.293 7.793 6.424 8.532 8.594 11.307 12.842 11.739 11.738 12.782 14.822 18.487 16.351 18.511 15.243 11.290 9.839 8.465 9.115 7.121 6.355
-999.250 -999.250 -999.250 -999.250 -999.250 -999.250 -999.250 -999.250 -999.250 -999.250 -999.250 -999.250 -999.250 -999.250 -999.250 -999.250 -999.250 -999.250 -999.250 -999.250 -999.250 -999.250 -999.250 -999.250 -999.250 -999.250 -999.250 -999.250 101.510 99.428 101.099 98.158 92.377 83.819 76.594 71.697 68.762 52.652 50.327 39.716 34.014 21.212 18.616 12.033 15.467 10.522 7.861 6.165 7.932 7.731 10.135 7.327 5.113 7.700 8.105 8.996 9.465 9.884 15.201 15.108 12.797 14.451 13.160 10.780 10.268 7.754 9.769 8.398 7.659 6.037
-999.250 -999.250 -999.250 -999.250 -999.250 -999.250 -999.250 -999.250 -999.250 -999.250 -999.250 -999.250 -999.250 -999.250 -999.250 -999.250 -999.250 -999.250 -999.250 -999.250 -999.250 -999.250 -999.250 -999.250 -999.250 -999.250 -999.250 93.330 108.477 111.989 117.102 108.462 97.844 86.680 71.224 65.590 53.913 57.757 48.680 38.282 39.393 24.048 17.310 11.597 10.618 9.155 8.986 9.004 6.652 6.596 6.289 5.472 5.107 6.894 11.118 9.079 10.938 11.407 12.012 11.305 12.753 13.586 13.885 9.745 8.892 8.898 8.748 7.349 5.211 2.834
-999.250 -999.250 -999.250 -999.250 -999.250 -999.250 -999.250 -999.250 -999.250 -999.250 -999.250 -999.250 -999.250 -999.250 -999.250 -999.250 -999.250 -999.250 -999.250 -999.250 -999.250 -999.250 -999.250 -999.250 -999.250 -999.250 -999.250 90.163 100.352 111.541 125.134 110.779 103.917 84.466 74.161 52.858 50.578 54.926 44.851 33.613 29.100 24.731 13.590 12.181 9.880 7.964 7.823 7.691 5.665 4.257 3.527 5.336 4.255 7.989 9.985 11.462 9.287 11.193 11.340 11.765 9.918 10.014 10.056 10.159 9.621 6.906 6.907 6.924 4.713 3.758
-999.250 -999.250 -999.250 -999.250 -999.250 -999.250 -999.250 -999.250 -999.250 -999.250 -999.250 -999.250 -999.250 -999.250 -999.250 -999.250 -999.250 -999.250 -999.250 -999.250 -999.250 -999.250 -999.250 -999.250 -999.250 -999.250 -999.250 94.867 102.441 107.759 117.211 109.510 96.508 86.291 76.674 61.222 58.740 51.297 33.505 32.171 24.277 19.252 14.957 10.514 10.768 7.527 5.950 5.553 3.741 4.354 4.121 3.319 5.481 9.009 7.425 8.508 9.238 10.201 11.593 11.317 8.466 8.416 10.166 10.875 8.818 8.096 5.770 4.452 2.930 3.460
-999.250 -999.250 -999.250 -999.250 -999.250 -999.250 -999.250 -999.250 -999.250 -999.250 -999.250 -999.250 -999.250 -999.250 -999.250 -999.250 -999.250 -999.250 -999.250 -999.250 -999.250 -999.250 -999.250 -999.250 -999.250 -999.250 -999.250 89.989 92.561 89.737 86.428 92.039 90.613 82.864 67.888 63.201 58.755 32.429 28.619 22.916 17.533 14.526 10.834 8.883 7.428 6.841 5.600 4.263 0.414 1.001 0.933 2.017 3.534 5.961 6.941 8.752 8.010 8.041 10.312 8.805 9.286 9.819 9.389 8.026 8.692 7.026 5.844 5.408 3.879 4.586
-999.250 -999.250 -999.250 -999.250 -999.250 -999.250 -999.250 -999.250 -999.250 -999.250 -999.250 -999.250 -999.250 -999.250 -999.250 -999.250 -999.250 -999.250 -999.250 -999.250 -999.250 -999.250 -999.250 -999.250 -999.250 -999.250 -999.250 82.778 84.793 83.000 83.909 89.005 76.340 81.362 65.050 60.663 37.510 29.196 25.502 17.706 15.239 13.544 12.680 8.832 7.682 6.121 5.358 1.633 0.096 0.346 2.337 2.193 2.620 4.976 5.335 6.975 6.728 6.741 9.211 8.945 9.938 9.273 10.188 9.380 9.469 5.929 7.643 4.995 5.490 5.336
-999.250 -999.250 -999.250 -999.250 -999.250 -999.250 -999.250 -999.250 -999.250 -999.250 -999.250 -999.250 -999.250 -999.250 -999.250 -999.250 -999.250 -999.250 -999.250 -999.250 -999.250 -999.250 -999.250 -999.250 -999.250 -999.250 -999.250 59.400 78.569 75.721 74.197 78.216 68.700 68.424 57.885 52.593 33.862 32.945 21.524 18.308 16.428 14.260 11.343 8.533 8.201 6.289 3.034 0.214 0.000 0.000 0.000 0.000 1.213 4.591 4.325 3.511 7.995 8.137 7.034 8.518 8.319 11.094 9.251 9.847 7.806 6.373 7.018 5.545 6.908 6.097
-999.250 -999.250 -999.250 -999.250 -999.250 -999.250 -999.250 -999.250 -999.250 -999.250 -999.250 -999.250 -999.250 -999.250 -999.250 -999.250 -999.250 -999.250 -999.250 -999.250 -999.250 -999.250 -999.250 -999.250 -999.250 -999.250 45.937 67.053 60.620 63.812 61.484 67.894 65.013 55.820 49.881 44.534 33.413 32.843 23.858 18.931 19.297 14.595 11.814 9.027 5.682 4.659 1.739 0.000 0.000 0.000 0.000 0.000 0.478 4.388 5.462 6.336 7.858 7.681 7.311 5.812 8.240 9.393 9.476 8.846 7.911 6.530 5.747 7.064 5.475 5.901
-999.250 -999.250 -999.250 -999.250 -999.250 -999.250 -999.250 -999.250 -999.250 -999.250 -999.250 -999.250 -999.250 -999.250 -999.250 -999.250 -999.250 -999.250 -999.250 -999.250 -999.250 -999.250 -999.250 -999.250 -999.250 -999.250 36.917 45.228 64.260 48.431 56.473 41.643 51.193 44.855 44.969 40.961 31.426 31.144 33.967 24.735 25.102 20.261 14.238 8.945 5.835 2.930 0.000 0.000 0.000 0.000 0.000 0.000 0.000 2.614 3.002 6.729 7.610 8.000 6.300 5.679 7.105 9.013 9.155 8.128 8.050 6.288 6.607 7.998 7.200 6.766
-999.250 -999.250 -999.250 -999.250 -999.250 -999.250 -999.250 -999.250 -999.250 -999.250 -999.250 -999.250 -999.250 -999.250 -999.250 -999.250 -999.250 -999.250 -999.250 -999.250 -999.250 -999.250 -999.250 -999.250 -999.250 20.562 28.318 33.558 34.744 45.504 42.722 47.664 49.851 52.141 48.907 37.572 47.452 32.015 31.549 29.203 27.256 30.640 15.932 8.110 4.790 0.395 0.000 0.000 0.000 0.000 0.000 0.000 0.169 0.572 5.470 6.492 6.741 5.889 8.156 9.057 7.937 9.343 12.206 11.439 9.201 9.036 8.036 8.434 6.696 4.868
-999.250 -999.250 -999.250 -999.250 -999.250 -999.250 -999.250 -999.250 -999.250 -999.250 -999.250 -999.250 -999.250 -999.250 -999.250 -999.250 -999.250 -999.250 -999.250 -999.250 -999.250 -999.250 -999.250 -999.250 -999.250 16.258 17.690 20.792 23.073 34.045 37.399 37.337 43.509 44.662 53.445 39.123 40.514 34.057 32.717 26.261 21.877 18.253 11.196 8.115 4.842 0.078 0.000 0.000 0.000 0.000 0.000 0.000 0.000 2.795 4.147 6.374 7.148 7.747 8.787 10.315 10.543 12.724 13.518 12.439 9.574 10.702 8.325 8.281 8.194 6.481
-999.250 -999.250 -999.250 -999.250 -999.250 -999.250 -999.250 -999.250 -999.250 -999.250 -999.250 -999.250 -999.250 -999.250 -999.250 -999.250 -999.250 -999.250 -999.250 -999.250 -999.250 -999.250 -999.250 -999.250 -999.250 10.858 10.289 12.230 16.898 21.644 23.175 32.030 38.950 45.798 54.036 48.265 40.574 34.571 31.190 27.325 18.585 16.239 10.884 6.992 2.150 0.000 0.000 0.000 0.000 0.000 0.000 0.000 0.465 2.353 6.182 5.905 8.200 8.511 10.101 11.852 11.873 14.272 20.379 14.205 12.108 10.870 11.499 9.539 9.882 8.518
-999.250 -999.250 -999.250 -999.250 -999.250 -999.250 -999.250 -999.250 -999.250 -999.250 -999.250 -999.250 -999.250 -999.250 -999.250 -999.250 -999.250 -999.250 -999.250 -999.250 -999.250 -999.250 -999.250 -999.250 3.898 2.816 3.194 6.861 10.579 13.660 19.573 23.229 31.701 34.857 52.321 52.305 46.914 41.365 29.898 22.129 17.004 11.823 10.347 6.215 2.167 0.000 0.000 0.000 0.000 0.000 0.000 0.000 2.349 3.534 6.496 7.693 8.533 9.149 10.898 10.872 13.658 12.838 14.853 17.197 13.128 14.672 13.287 11.514 11.186 7.945
