data/medianmodel_07-Jan-2021.asc
ncols	141
nrows	288
xllcorner	-120191.398
yllcorner	-301404.813
cellsize	2000.000
NODATA_value	-999.250
[rows 145 to 173 of 288, columns 0 to 63 of 141]
-999.250 -999.250 -999.250 -999.250 -999.250 -999.250 -999.250 -999.250 -999.250 -999.250 -999.250 -999.250 -999.250 -999.250 -999.250 -999.250 -999.250 616.553 599.637 611.725 644.917 656.531 681.004 741.827 802.187 832.993 782.911 848.013 843.466 810.890 820.218 757.030 777.266 748.227 724.495 704.087 722.523 752.872 827.088 901.718 951.536 968.964 946.767 881.336 776.594 723.241 685.218 635.955 607.003 598.216 586.055 593.511 560.520 542.663 500.283 471.977 428.260 381.390 331.045 346.561 443.066 617.445 766.538 960.718
-999.250 -999.250 -999.250 -999.250 -999.250 -999.250 -999.250 -999.250 -999.250 -999.250 -999.250 -999.250 -999.250 -999.250 -999.250 683.565 670.023 656.225 637.698 618.397 654.796 665.380 703.735 744.934 801.578 837.888 823.471 864.903 854.902 817.168 801.403 799.534 756.102 720.568 684.467 687.522 671.909 731.063 792.339 859.076 932.274 1041.995 941.692 879.989 789.936 738.847 673.551 633.714 611.435 580.634 581.925 591.251 568.809 548.228 521.559 515.082 493.483 472.531 420.813 417.311 504.990 624.679 753.287 864.607
-999.250 -999.250 -999.250 -999.250 -999.250 -999.250 -999.250 -999.250 -999.250 -999.250 -999.250 -999.250 -999.250 -999.250 720.096 684.561 675.156 672.040 660.041 655.107 680.832 700.193 712.422 757.649 815.709 835.731 827.788 857.597 878.212 857.620 820.944 768.253 728.291 699.301 676.568 664.393 656.018 682.869 742.367 812.514 875.001 907.847 918.418 852.418 776.029 736.130 652.953 625.031 591.106 571.394 553.594 580.833 574.311 595.534 557.178 532.466 523.652 519.329 488.198 492.526 548.090 645.652 727.304 851.035
-999.250 -999.250 -999.250 -999.250 -999.250 -999.250 -999.250 -999.250 -999.250 -999.250 -999.250 -999.250 -999.250 -999.250 737.934 697.889 679.180 663.670 664.988 658.543 684.865 684.000 752.690 749.049 812.358 816.071 893.441 859.468 884.068 857.960 812.565 794.168 749.284 680.770 655.229 649.633 635.671 608.947 684.146 760.502 799.284 826.994 808.669 767.544 744.852 705.075 617.143 576.330 555.915 538.702 548.327 573.061 579.327 571.148 554.775 526.465 517.871 523.154 498.008 506.114 582.799 613.915 724.953 774.532
-999.250 -999.250 -999.250 -999.250 -999.250 -999.250 -999.250 -999.250 -999.250 -999.250 -999.250 -999.250 -999.250 769.178 716.145 691.307 696.023 719.036 679.204 682.978 682.328 705.085 716.254 749.204 810.087 906.843 948.987 916.446 916.563 878.358 851.234 778.448 734.129 697.052 656.608 635.877 639.935 622.853 661.937 707.850 724.291 746.661 713.908 690.864 643.194 593.456 546.396 531.971 516.603 542.836 550.429 553.916 562.933 570.137 546.356 533.772 472.515 521.312 523.466 540.091 580.045 613.259 682.019 753.619
-999.250 -999.250 -999.250 -999.250 -999.250 -999.250 -999.250 -999.250 -999.250 -999.250 -999.250 -999.250 741.173 744.024 757.222 737.490 716.361 712.101 701.587 679.074 692.066 737.544 753.099 770.309 850.994 941.354 986.228 941.232 896.702 881.293 834.773 784.226 774.009 705.538 686.279 646.516 633.547 640.920 660.655 681.785 683.125 685.443 655.625 609.410 552.990 465.929 441.642 455.718 452.837 478.842 536.354 537.318 531.574 546.214 539.684 525.234 483.089 463.904 513.235 519.997 567.985 603.663 651.608 715.060
-999.250 -999.250 -999.250 -999.250 -999.250 -999.250 -999.250 -999.250 -999.250 -999.250 -999.250 755.048 757.130 780.319 772.004 767.039 747.550 734.446 690.792 661.135 682.641 728.329 777.221 822.395 886.460 942.392 991.878 970.624 919.986 870.118 826.656 813.210 739.360 716.283 689.335 646.212 663.339 648.568 685.108 667.681 655.473 629.808 615.071 552.084 466.671 355.872 396.846 408.827 427.286 480.035 503.518 516.142 503.282 512.443 492.821 484.005 474.213 489.893 481.781 526.291 539.022 575.505 618.370 674.656
-999.250 -999.250 -999.250 -999.250 -999.250 -999.250 -999.250 -999.250 -999.250 -999.250 784.858 784.350 808.339 799.618 785.128 818.856 757.283 697.753 659.637 656.765 673.871 700.829 784.729 834.456 923.605 925.282 991.416 963.490 921.543 888.392 855.816 846.851 751.781 699.314 701.364 674.069 662.127 644.604 663.144 655.138 631.471 629.561 563.085 498.712 407.419 374.440 379.843 407.280 426.470 462.609 541.786 535.167 524.595 518.364 476.881 466.385 431.918 450.493 462.394 505.041 527.115 570.498 623.254 676.501
-999.250 -999.250 -999.250 -999.250 -999.250 -999.250 -999.250 -999.250 -999.250 773.427 787.287 791.274 762.860 795.652 820.980 835.443 753.838 700.506 659.399 635.691 673.525 717.507 772.154 857.102 954.609 973.863 1008.521 988.146 966.773 925.835 855.229 810.923 759.753 740.215 722.099 679.612 673.126 647.674 650.697 638.621 643.292 590.167 543.283 469.541 423.493 431.270 430.393 430.337 471.229 487.612 510.719 548.587 512.811 492.214 472.770 479.222 460.224 457.941 472.999 515.969 515.036 555.170 599.152 629.790
-999.250 -999.250 -999.250 -999.250 -999.250 810.416 837.704 797.869 778.524 762.282 756.377 763.957 734.882 751.164 762.732 748.363 714.535 668.575 651.838 655.118 661.260 724.627 776.545 884.603 979.221 1061.764 1045.358 982.462 961.035 972.726 939.285 789.904 784.449 752.741 756.868 702.142 684.660 677.592 643.767 647.467 628.172 605.811 573.512 511.060 479.143 483.003 489.290 472.478 485.532 515.494 525.085 526.172 467.076 490.255 489.179 451.719 438.175 459.654 470.582 493.787 470.611 534.925 576.820 606.244
-999.250 -999.250 -999.250 -999.250 -999.250 -999.250 -999.250 755.956 736.402 727.542 739.367 715.983 721.619 707.264 721.009 713.617 666.470 650.528 639.753 655.546 652.648 723.465 770.572 886.263 975.006 1108.985 1009.445 982.311 951.115 880.779 884.071 828.372 776.407 789.680 742.618 710.879 709.397 689.169 682.482 649.245 641.423 599.552 586.270 536.114 546.581 517.447 525.894 497.949 525.823 530.162 500.169 495.421 503.791 488.991 462.134 458.211 425.756 427.396 457.465 433.751 431.032 487.543 530.290 580.355
-999.250 -999.250 -999.250 -999.250 -999.250 -999.250 -999.250 704.194 698.052 702.024 655.644 658.050 647.632 634.829 645.104 631.101 616.593 599.677 599.919 618.068 635.387 682.998 738.993 846.015 956.621 1008.337 956.223 913.121 888.090 870.960 868.726 790.144 760.948 751.635 749.862 727.569 734.294 719.259 698.743 692.366 653.405 620.171 601.375 576.784 562.045 562.233 554.216 554.487 544.735 518.891 516.515 474.961 495.947 504.707 447.303 425.639 418.740 419.276 432.299 421.705 440.574 489.710 490.366 547.466
-999.250 -999.250 -999.250 -999.250 -999.250 -999.250 -999.250 663.033 639.919 615.077 607.637 606.186 587.854 584.285 578.681 589.054 579.995 566.746 572.200 576.976 640.651 659.174 694.474 783.036 871.040 899.408 905.686 847.440 839.221 819.881 810.541 779.654 741.495 736.804 722.485 779.283 771.786 746.339 705.689 713.328 691.766 670.889 645.550 603.451 592.904 588.860 557.176 562.683 534.311 560.887 521.988 500.992 473.355 459.841 460.994 426.741 414.591 398.433 420.618 431.068 419.091 414.879 447.323 539.979
-999.250 -999.250 -999.250 -999.250 -999.250 -999.250 -999.250 572.179 575.411 577.051 556.679 540.878 547.312 546.720 538.704 543.719 556.935 530.489 527.410 546.446 576.880 617.234 661.857 719.686 786.012 822.516 821.658 803.292 773.684 820.182 778.769 756.397 710.952 730.418 754.088 732.367 758.545 748.922 728.131 716.987 736.124 717.048 695.244 649.964 628.568 603.265 584.812 575.346 566.224 560.302 537.068 481.808 500.126 475.171 457.547 432.912 442.078 400.919 420.702 417.273 403.676 434.333 410.401 519.395
-999.250 -999.250 -999.250 -999.250 -999.250 -999.250 -999.250 -999.250 522.636 496.488 487.733 474.862 454.040 489.573 472.197 478.744 505.192 490.391 466.754 483.683 529.189 605.052 613.280 691.031 750.989 719.828 757.740 725.009 718.794 762.996 730.954 712.701 715.393 708.011 750.147 754.408 745.746 764.645 739.685 741.814 757.414 767.139 756.551 703.472 654.122 608.390 610.494 597.712 571.003 569.013 555.169 526.110 500.957 489.522 489.817 468.140 430.911 446.628 447.651 422.195 416.653 430.588 437.709 507.862
-999.250 -999.250 -999.250 -999.250 -999.250 -999.250 -999.250 -999.250 439.904 398.376 405.772 408.195 416.662 408.476 429.355 430.005 423.719 399.777 421.789 457.920 463.608 544.866 597.314 634.078 661.196 677.890 668.765 672.734 692.871 684.332 666.314 683.337 665.368 704.263 715.130 743.618 763.078 727.160 752.034 754.207 783.194 849.979 778.259 725.367 664.342 616.476 593.360 590.368 561.262 568.724 563.424 565.022 547.012 543.300 526.217 496.497 440.505 447.786 454.719 406.951 422.685 439.717 460.164 477.219
-999.250 -999.250 -999.250 -999.250 -999.250 -999.250 -999.250 473.272 429.745 395.181 386.218 401.630 401.297 398.518 390.943 394.610 396.598 397.412 403.557 401.926 425.083 448.606 492.041 559.180 583.023 616.318 613.228 634.488 606.982 617.659 603.739 632.270 656.184 657.206 674.953 697.808 740.147 712.075 707.631 708.606 742.821 796.199 783.714 697.342 644.204 632.059 592.878 595.059 591.929 555.569 562.013 573.140 572.706 547.384 516.721 515.357 521.216 483.492 423.378 440.279 418.225 447.042 455.885 475.629
-999.250 -999.250 -999.250 -999.250 -999.250 -999.250 -999.250 448.351 429.197 399.161 420.071 406.265 401.826 384.209 354.612 375.280 386.140 378.988 376.257 389.329 387.625 421.506 466.490 498.210 550.921 551.817 558.318 573.462 575.887 570.098 574.212 590.581 612.559 619.115 612.883 634.720 650.779 657.447 660.240 685.430 702.899 721.626 715.080 709.096 642.918 622.539 615.651 613.452 596.897 577.877 600.296 587.927 556.775 547.533 532.836 552.273 558.633 526.897 529.382 484.424 477.305 489.196 478.707 504.488
-999.250 -999.250 -999.250 -999.250 -999.250 -999.250 -999.250 474.713 426.576 419.148 398.209 418.049 411.539 400.047 385.088 385.557 368.695 373.710 366.868 355.025 386.423 415.657 427.912 439.938 482.235 487.483 480.880 510.497 509.975 502.658 505.966 515.414 512.711 544.582 566.085 566.576 572.580 595.146 558.857 604.596 638.834 648.094 651.107 649.084 616.704 637.227 616.178 609.031 588.857 601.073 601.467 633.122 610.385 602.247 597.475 576.075 584.636 564.225 516.923 520.451 517.261 527.490 553.311 552.696
-999.250 -999.250 -999.250 -999.250 -999.250 -999.250 -999.250 497.296 460.482 459.730 460.218 460.367 425.985 416.421 413.098 400.239 369.885 352.540 371.985 369.412 385.035 399.135 410.447 406.822 434.964 452.904 451.142 438.071 436.697 423.252 425.885 427.268 413.264 444.293 498.947 520.285 500.369 547.529 528.356 568.991 583.417 607.055 608.342 592.584 624.192 624.232 599.127 600.488 599.281 614.474 635.715 657.288 653.309 661.835 675.674 636.404 614.951 612.662 597.394 572.920 567.086 582.621 582.499 569.639
-999.250 -999.250 -999.250 -999.250 -999.250 -999.250 525.918 507.386 511.998 521.769 510.863 483.366 449.993 451.096 447.525 414.826 401.424 391.559 399.835 396.516 401.666 406.317 403.595 403.265 422.734 430.682 410.213 401.674 391.361 390.408 384.578 369.081 385.569 378.772 425.550 433.211 426.849 459.769 485.285 506.731 535.949 555.991 546.542 557.457 590.298 600.313 595.313 606.092 613.861 643.392 657.227 662.026 665.137 686.882 720.127 699.149 669.585 662.918 634.652 639.349 611.326 605.007 606.494 592.620
-999.250 -999.250 -999.250 -999.250 -999.250 -999.250 562.339 567.557 552.055 545.942 550.862 518.067 517.268 508.135 475.811 488.643 478.382 471.967 400.104 401.929 407.805 403.836 403.627 395.046 402.540 398.617 388.406 383.530 380.972 368.196 363.188 345.593 351.685 367.752 387.373 401.173 404.805 426.915 427.047 452.709 453.597 480.862 493.369 488.665 538.775 580.907 568.624 592.079 621.804 656.320 666.347 683.264 738.977 736.187 745.743 745.778 745.969 694.391 700.776 670.185 677.261 678.824 667.100 650.870
-999.250 -999.250 -999.250 -999.250 -999.250 575.169 564.882 588.470 580.799 570.310 600.796 573.063 577.569 537.486 538.371 498.883 511.581 479.355 460.189 432.480 451.681 434.205 422.518 415.177 393.033 375.475 385.723 378.588 354.604 357.932 358.692 345.117 350.506 374.416 399.941 377.221 390.373 409.576 416.467 437.443 415.636 436.546 441.784 485.878 518.283 542.467 584.113 595.281 629.339 657.812 700.788 705.056 773.012 805.758 812.582 815.116 809.390 834.134 783.489 777.526 738.162 727.307 688.049 698.938
-999.250 -999.250 -999.250 -999.250 -999.250 625.269 588.669 583.431 595.616 609.098 622.322 627.786 603.685 579.967 590.079 573.443 573.357 536.150 517.629 464.769 467.240 477.357 451.795 432.082 400.699 391.355 388.833 362.315 374.318 360.606 367.937 344.036 345.650 355.902 394.839 376.634 384.033 373.168 391.613 379.271 405.373 398.054 414.733 405.294 471.173 543.185 555.274 607.496 633.768 667.101 704.980 756.466 845.486 828.957 891.126 893.124 891.131 842.772 885.860 894.970 803.826 764.719 742.321 744.267
-999.250 -999.250 -999.250 -999.250 612.032 601.762 609.948 590.325 602.944 625.562 627.788 658.285 642.970 635.636 622.249 625.245 609.582 572.352 568.381 533.410 513.702 496.406 487.597 443.091 411.189 412.814 407.854 378.760 386.205 378.670 365.729 373.351 363.554 354.860 354.559 363.104 354.486 365.380 340.065 338.930 353.697 361.142 373.960 405.847 454.373 478.312 520.143 613.553 621.960 688.727 767.184 834.261 861.973 874.883 957.429 984.742 990.689 990.712 956.215 956.855 893.453 826.877 803.568 770.569
-999.250 -999.250 -999.250 -999.250 599.816 601.976 582.621 599.489 614.314 629.370 650.162 653.340 642.793 651.282 685.045 668.984 656.639 627.626 621.157 584.238 574.335 535.223 519.840 485.038 463.687 442.451 414.936 407.631 389.466 373.343 381.471 353.311 351.974 371.871 365.052 336.432 346.845 348.251 308.763 310.299 322.625 327.130 344.209 381.455 391.653 445.878 551.735 599.379 659.815 732.050 765.024 906.099 890.458 977.092 1022.954 1024.104 1090.823 1069.446 1032.899 1017.580 981.098 947.778 899.131 832.494
-999.250 -999.250 -999.250 -999.250 632.685 622.505 594.719 643.972 639.592 640.453 666.957 676.555 689.376 714.031 707.574 726.869 725.607 683.024 664.446 648.759 629.182 569.209 528.817 515.856 487.458 461.960 434.691 426.220 395.767 375.187 358.550 364.361 356.530 376.096 369.636 368.130 351.046 324.102 313.162 288.429 282.108 274.347 261.833 333.104 379.480 413.576 506.717 588.791 691.582 753.686 860.106 899.214 976.922 1037.349 1070.326 1140.990 1159.982 1232.551 1167.551 1100.546 1101.069 1043.111 978.675 939.988
-999.250 -999.250 -999.250 -999.250 632.878 623.874 613.380 636.323 630.346 667.432 663.466 685.260 708.087 736.610 745.468 794.481 781.556 781.445 736.050 723.957 674.015 600.334 573.589 520.186 500.370 489.458 458.640 418.659 401.851 387.081 373.363 383.068 383.885 374.121 372.826 366.283 327.748 285.128 261.375 264.794 237.008 227.566 257.582 330.841 373.670 431.921 518.230 583.941 671.407 764.966 827.420 913.764 1057.873 1169.669 1182.548 1313.156 1343.558 1359.740 1313.855 1269.340 1268.899 1168.846 1071.755 990.693
-999.250 -999.250 -999.250 -999.250 641.481 646.581 649.265 653.175 659.071 670.777 707.192 721.310 713.460 757.050 803.988 842.111 882.546 851.442 821.886 788.132 719.230 656.167 604.772 575.190 547.915 513.173 470.601 445.645 419.892 418.331 405.223 414.976 402.803 381.327 372.935 346.871 306.153 286.569 235.911 218.173 195.961 184.491 212.699 267.803 345.179 399.332 520.918 592.595 685.261 755.128 860.794 972.689 1130.255 1273.401 1355.866 1439.061 1455.405 1488.787 1461.191 1462.024 1318.642 1284.021 1169.754 1067.362
