data/medianmodel_13-Aug-2020.asc
ncols	141
nrows	288
xllcorner	-120191.398
yllcorner	-301404.813
cellsize	2000.000
NODATA_value	-999.250
[rows 90 to 119 of 288, columns 0 to 67 of 141]
-999.250 -999.250 -999.250 -999.250 -999.250 -999.250 -999.250 -999.250 -999.250 -999.250 -999.250 -999.250 -999.250 -999.250 -999.250 -999.250 -999.250 -999.250 -999.250 -999.250 -999.250 -999.250 -999.250 -999.250 -999.250 -999.250 -999.250 -999.250 -999.250 -999.250 -999.250 -999.250 0.000 0.000 0.000 0.000 0.000 0.000 0.000 0.000 0.000 0.000 0.000 0.000 0.000 0.000 0.982 0.844 3.861 3.875 4.926 5.229 4.942 3.033 3.718 3.245 3.890 4.797 4.969 5.385 5.450 5.258 3.794 1.934 0.000 0.000 0.000 0.000
-999.250 -999.250 -999.250 -999.250 -999.250 -999.250 -999.250 -999.250 -999.250 -999.250 -999.250 -999.250 -999.250 -999.250 -999.250 -999.250 -999.250 -999.250 -999.250 -999.250 -999.250 -999.250 -999.250 -999.250 -999.250 -999.250 -999.250 -999.250 -999.250 -999.250 -999.250 -999.250 0.000 0.000 0.000 0.000 0.000 0.000 0.000 0.000 0.000 0.000 0.000 0.000 0.000 0.000 0.000 0.488 1.072 2.904 4.792 2.774 4.540 2.399 2.736 2.564 4.256 5.565 6.238 6.289 6.656 5.509 4.096 2.082 1.197 0.000 0.000 0.000
-999.250 -999.250 -999.250 -999.250 -999.250 -999.250 -999.250 -999.250 -999.250 -999.250 -999.250 -999.250 -999.250 -999.250 -999.250 -999.250 -999.250 -999.250 -999.250 -999.250 -999.250 -999.250 -999.250 -999.250 -999.250 -999.250 -999.250 -999.250 -999.250 -999.250 -999.250 0.000 0.000 0.000 0.000 0.000 0.000 0.000 0.000 0.000 0.000 0.000 0.000 0.000 0.000 0.000 0.000 0.000 0.093 2.543 1.212 2.474 4.263 2.889 3.590 4.050 5.928 7.556 8.371 8.388 8.429 7.142 5.544 4.037 1.749 0.000 0.000 0.000
-999.250 -999.250 -999.250 -999.250 -999.250 -999.250 -999.250 -999.250 -999.250 -999.250 -999.250 -999.250 -999.250 -999.250 -999.250 -999.250 -999.250 -999.250 -999.250 -999.250 -999.250 -999.250 -999.250 -999.250 -999.250 -999.250 -999.250 -999.250 -999.250 -999.250 -999.250 0.000 0.000 0.000 0.000 0.000 0.000 0.000 0.000 0.000 0.000 0.000 0.000 0.000 0.000 0.000 0.000 0.000 0.414 2.806 2.036 2.414 2.079 2.063 4.167 6.183 5.841 8.446 10.270 12.103 11.100 10.438 7.635 5.637 2.164 0.644 0.000 0.000
-999.250 -999.250 -999.250 -999.250 -999.250 -999.250 -999.250 -999.250 -999.250 -999.250 -999.250 -999.250 -999.250 -999.250 -999.250 -999.250 -999.250 -999.250 -999.250 -999.250 -999.250 -999.250 -999.250 -999.250 -999.250 -999.250 -999.250 -999.250 -999.250 -999.250 -999.250 0.000 0.000 0.000 0.000 0.000 0.000 0.000 0.000 0.000 0.000 0.000 0.000 0.000 0.000 0.000 0.827 1.499 3.123 4.026 2.572 3.068 3.643 2.863 2.995 6.053 7.238 9.760 13.208 17.564 16.324 13.521 9.822 7.231 4.770 2.058 0.000 0.000
-999.250 -999.250 -999.250 -999.250 -999.250 -999.250 -999.250 -999.250 -999.250 -999.250 -999.250 -999.250 -999.250 -999.250 -999.250 -999.250 -999.250 -999.250 -999.250 -999.250 -999.250 -999.250 -999.250 -999.250 -999.250 -999.250 -999.250 -999.250 -999.250 -999.250 -999.250 0.000 0.000 0.000 0.000 0.000 0.000 0.000 0.000 0.000 0.000 0.000 0.000 0.924 2.348 2.373 3.974 4.203 4.930 3.473 4.776 5.181 5.238 4.706 4.821 6.613 6.870 9.761 16.566 20.661 19.673 16.869 12.672 8.913 7.112 4.779 2.780 0.368
-999.250 -999.250 -999.250 -999.250 -999.250 -999.250 -999.250 -999.250 -999.250 -999.250 -999.250 -999.250 -999.250 -999.250 -999.250 -999.250 -999.250 -999.250 -999.250 -999.250 -999.250 -999.250 -999.250 -999.250 -999.250 -999.250 -999.250 -999.250 -999.250 -999.250 0.000 0.000 0.000 0.000 0.000 0.000 0.000 0.000 0.000 0.000 0.000 0.000 0.539 2.308 4.023 7.134 7.972 8.104 7.375 6.616 5.950 6.865 6.489 5.981 5.248 5.571 6.152 8.591 15.826 28.703 22.587 17.460 11.927 11.387 8.367 6.955 4.903 2.884
-999.250 -999.250 -999.250 -999.250 -999.250 -999.250 -999.250 -999.250 -999.250 -999.250 -999.250 -999.250 -999.250 -999.250 -999.250 -999.250 -999.250 -999.250 -999.250 -999.250 -999.250 -999.250 -999.250 -999.250 -999.250 -999.250 -999.250 -999.250 -999.250 -999.250 0.000 0.000 0.000 0.000 0.000 0.000 0.000 0.000 0.000 0.000 0.000 0.859 1.324 4.686 6.151 9.674 15.065 11.558 9.456 8.678 8.165 8.892 8.680 8.044 6.656 6.424 4.752 6.321 11.341 20.165 21.162 18.258 15.100 13.592 12.308 8.862 6.808 4.027
-999.250 -999.250 -999.250 -999.250 -999.250 -999.250 -999.250 -999.250 -999.250 -999.250 -999.250 -999.250 -999.250 -999.250 -999.250 -999.250 -999.250 -999.250 -999.250 -999.250 -999.250 -999.250 -999.250 -999.250 -999.250 -999.250 -999.250 -999.250 -999.250 -999.250 0.102 0.000 0.000 0.000 0.000 0.000 0.000 0.000 0.000 0.000 0.801 1.433 2.830 5.168 8.036 10.168 13.244 13.460 11.922 14.010 12.973 12.248 14.260 10.174 9.570 6.917 3.677 0.000 7.418 13.424 17.590 15.938 15.017 14.433 17.593 11.269 7.224 4.613
-999.250 -999.250 -999.250 -999.250 -999.250 -999.250 -999.250 -999.250 -999.250 -999.250 -999.250 -999.250 -999.250 -999.250 -999.250 -999.250 -999.250 -999.250 -999.250 -999.250 -999.250 -999.250 -999.250 -999.250 -999.250 -999.250 -999.250 -999.250 -999.250 -999.250 0.427 0.000 0.000 0.000 0.000 0.000 0.000 0.000 0.000 0.433 2.856 1.882 3.167 6.174 7.711 9.742 11.525 12.348 14.172 16.803 18.538 18.138 15.989 16.627 15.932 10.136 7.298 6.593 6.393 10.675 13.349 13.695 13.528 14.878 13.064 9.958 7.238 4.258
-999.250 -999.250 -999.250 -999.250 -999.250 -999.250 -999.250 -999.250 -999.250 -999.250 -999.250 -999.250 -999.250 -999.250 -999.250 -999.250 -999.250 -999.250 -999.250 -999.250 -999.250 -999.250 -999.250 -999.250 -999.250 -999.250 -999.250 -999.250 -999.250 0.000 0.000 0.000 0.000 0.000 0.000 0.000 0.000 0.000 0.000 0.237 1.806 2.062 3.428 5.161 7.435 9.309 11.279 12.506 16.411 19.430 21.429 22.449 21.907 24.091 20.659 16.391 11.384 10.465 9.804 9.537 12.824 10.568 11.756 11.407 9.905 8.199 6.815 4.722
-999.250 -999.250 -999.250 -999.250 -999.250 -999.250 -999.250 -999.250 -999.250 -999.250 -999.250 -999.250 -999.250 -999.250 -999.250 -999.250 -999.250 -999.250 -999.250 -999.250 -999.250 -999.250 -999.250 -999.250 -999.250 -999.250 -999.250 -999.250 -999.250 0.057 0.000 0.000 0.000 0.000 0.000 0.000 0.000 0.000 0.000 0.448 1.301 3.314 3.500 5.505 7.092 8.640 10.565 14.022 15.524 18.805 22.772 25.781 29.746 34.383 25.947 18.958 17.231 14.772 12.123 10.854 10.897 11.203 9.755 8.107 8.766 6.530 5.554 3.838
-999.250 -999.250 -999.250 -999.250 -999.250 -999.250 -999.250 -999.250 -999.250 -999.250 -999.250 -999.250 -999.250 -999.250 -999.250 -999.250 -999.250 -999.250 -999.250 -999.250 -999.250 -999.250 -999.250 -999.250 -999.250 -999.250 -999.250 -999.250 -999.250 0.000 0.000 0.037 0.000 0.000 0.000 0.000 0.000 0.000 0.000 0.520 1.533 2.344 2.718 5.287 5.941 7.768 8.905 12.636 16.468 21.945 23.909 31.640 37.686 43.815 31.759 25.900 19.482 14.407 12.482 10.827 8.609 9.277 8.482 7.847 6.845 4.261 3.213 1.768
-999.250 -999.250 -999.250 -999.250 -999.250 -999.250 -999.250 -999.250 -999.250 -999.250 -999.250 -999.250 -999.250 -999.250 -999.250 -999.250 -999.250 -999.250 -999.250 -999.250 -999.250 -999.250 -999.250 -999.250 -999.250 -999.250 -999.250 -999.250 -999.250 0.534 0.429 0.000 0.000 0.000 0.000 0.000 0.000 0.000 0.000 0.087 2.620 2.500 3.139 5.694 5.356 7.736 8.321 10.431 13.857 17.356 23.731 26.906 31.615 32.282 29.165 23.256 16.907 14.865 11.960 10.064 7.784 7.694 6.674 4.964 4.990 1.084 1.936 0.000
-999.250 -999.250 -999.250 -999.250 -999.250 -999.250 -999.250 -999.250 -999.250 -999.250 -999.250 -999.250 -999.250 -999.250 -999.250 -999.250 -999.250 -999.250 -999.250 -999.250 -999.250 -999.250 -999.250 -999.250 -999.250 -999.250 -999.250 -999.250 0.179 0.775 0.805 0.209 0.000 0.000 0.000 0.000 1.104 0.887 1.503 1.875 2.556 2.535 2.881 1.893 4.482 6.567 7.772 9.438 12.003 12.695 18.212 20.186 22.381 24.513 22.827 17.443 13.913 10.552 9.124 7.708 7.406 7.078 5.118 2.927 0.341 0.000 0.000 0.000
-999.250 -999.250 -999.250 -999.250 -999.250 -999.250 -999.250 -999.250 -999.250 -999.250 -999.250 -999.250 -999.250 -999.250 -999.250 -999.250 -999.250 -999.250 -999.250 -999.250 -999.250 -999.250 -999.250 -999.250 -999.250 -999.250 -999.250 -999.250 0.014 0.000 0.000 0.000 0.000 0.000 0.000 0.486 0.230 1.038 2.700 2.614 2.061 1.790 2.019 1.933 3.146 5.672 8.199 8.017 9.536 13.706 14.173 16.355 16.769 16.537 12.131 9.887 9.088 8.417 6.899 7.033 6.210 5.237 3.230 0.033 0.000 0.000 0.000 0.000
-999.250 -999.250 -999.250 -999.250 -999.250 -999.250 -999.250 -999.250 -999.250 -999.250 -999.250 -999.250 -999.250 -999.250 -999.250 -999.250 -999.250 -999.250 -999.250 -999.250 -999.250 -999.250 -999.250 -999.250 -999.250 -999.250 -999.250 0.040 0.000 0.727 0.230 0.000 0.000 0.000 0.000 0.059 0.304 0.948 3.965 3.374 2.555 2.641 1.414 1.851 2.526 4.084 5.844 8.016 8.893 11.969 11.450 11.238 9.540 8.436 5.867 6.233 5.342 5.670 5.006 5.432 5.930 4.688 1.223 0.000 0.000 0.000 0.000 0.000
-999.250 -999.250 -999.250 -999.250 -999.250 -999.250 -999.250 -999.250 -999.250 -999.250 -999.250 -999.250 -999.250 -999.250 -999.250 -999.250 -999.250 -999.250 -999.250 -999.250 -999.250 -999.250 -999.250 -999.250 -999.250 -999.250 -999.250 0.000 0.690 0.034 0.006 0.000 0.000 0.000 0.000 0.000 0.668 0.826 1.321 0.835 1.038 0.936 0.000 0.615 3.470 2.127 4.872 6.737 8.653 11.481 10.516 8.339 6.149 4.203 0.000 0.395 2.288 2.879 4.805 5.474 5.808 5.765 3.519 0.000 0.000 0.000 0.000 0.000
-999.250 -999.250 -999.250 -999.250 -999.250 -999.250 -999.250 -999.250 -999.250 -999.250 -999.250 -999.250 -999.250 -999.250 -999.250 -999.250 -999.250 -999.250 -999.250 -999.250 -999.250 -999.250 -999.250 -999.250 -999.250 -999.250 -999.250 0.551 1.007 0.599 0.179 0.000 0.000 0.000 0.000 0.000 0.000 0.303 0.000 0.523 0.073 0.000 0.000 0.922 2.283 4.187 5.284 6.299 7.544 9.103 8.002 8.087 4.680 1.823 0.000 0.000 1.284 4.336 6.842 7.656 8.302 7.389 5.968 0.883 0.000 0.000 0.000 0.000
-999.250 -999.250 -999.250 -999.250 -999.250 -999.250 -999.250 -999.250 -999.250 -999.250 -999.250 -999.250 -999.250 -999.250 -999.250 -999.250 -999.250 -999.250 -999.250 -999.250 -999.250 -999.250 -999.250 -999.250 -999.250 -999.250 -999.250 0.325 0.779 1.168 1.702 0.074 0.000 0.000 0.000 0.000 0.000 0.000 0.000 0.000 0.000 0.061 0.000 0.035 1.926 2.777 4.413 5.603 6.961 7.896 7.496 7.634 4.984 3.166 1.659 1.540 3.092 5.301 8.468 9.733 11.331 10.839 8.052 4.145 1.733 0.000 0.000 0.000
-999.250 -999.250 -999.250 -999.250 -999.250 -999.250 -999.250 -999.250 -999.250 -999.250 -999.250 -999.250 -999.250 -999.250 -999.250 -999.250 -999.250 -999.250 -999.250 -999.250 -999.250 -999.250 -999.250 -999.250 -999.250 -999.250 -999.250 -999.250 1.420 1.499 1.270 0.000 0.000 0.000 0.000 0.000 0.000 0.000 0.000 0.000 0.000 0.000 0.000 0.000 1.083 2.881 4.738 6.454 7.696 9.085 8.691 10.055 8.205 5.774 2.792 2.529 4.277 7.592 9.525 14.695 18.471 15.109 10.419 7.367 4.756 1.932 0.000 0.000
-999.250 -999.250 -999.250 -999.250 -999.250 -999.250 -999.250 -999.250 -999.250 -999.250 -999.250 -999.250 -999.250 -999.250 -999.250 -999.250 -999.250 -999.250 -999.250 -999.250 -999.250 -999.250 -999.250 -999.250 -999.250 -999.250 -999.250 -999.250 2.061 0.390 0.390 0.000 0.000 0.000 0.000 0.000 0.000 0.000 0.000 0.000 0.000 0.000 0.000 0.000 0.000 1.768 4.569 6.799 9.246 10.229 12.943 12.262 11.030 8.396 5.125 3.774 6.375 8.314 10.935 16.304 26.281 20.034 13.232 9.683 6.446 4.158 2.159 0.000
-999.250 -999.250 -999.250 -999.250 -999.250 -999.250 -999.250 -999.250 -999.250 -999.250 -999.250 -999.250 -999.250 -999.250 -999.250 -999.250 -999.250 -999.250 -999.250 -999.250 -999.250 -999.250 -999.250 -999.250 -999.250 -999.250 -999.250 -999.250 1.147 1.245 0.182 1.243 0.000 0.000 0.000 0.000 0.000 0.000 0.000 0.000 0.000 0.000 0.000 0.000 0.000 0.000 2.306 6.519 8.681 12.060 16.511 18.226 13.923 9.191 7.202 5.828 6.303 8.333 10.277 14.380 18.433 19.320 15.780 11.652 8.002 7.938 5.883 2.642
-999.250 -999.250 -999.250 -999.250 -999.250 -999.250 -999.250 -999.250 -999.250 -999.250 -999.250 -999.250 -999.250 -999.250 -999.250 -999.250 -999.250 -999.250 -999.250 -999.250 -999.250 -999.250 -999.250 -999.250 -999.250 -999.250 -999.250 -999.250 1.242 1.173 0.636 1.077 0.000 0.000 0.000 0.000 0.000 0.000 0.000 0.000 0.000 0.000 0.000 0.000 0.000 0.000 2.035 5.900 9.679 13.078 18.250 23.607 15.417 9.730 6.842 5.333 5.159 6.481 8.318 12.660 14.423 15.908 14.609 14.543 11.087 10.434 9.132 8.111
-999.250 -999.250 -999.250 -999.250 -999.250 -999.250 -999.250 -999.250 -999.250 -999.250 -999.250 -999.250 -999.250 -999.250 -999.250 -999.250 -999.250 -999.250 -999.250 -999.250 -999.250 -999.250 -999.250 -999.250 -999.250 -999.250 -999.250 -999.250 0.360 2.174 3.556 1.151 0.954 0.076 0.000 0.000 0.000 0.000 0.000 0.000 0.000 0.000 0.000 0.000 0.000 0.000 1.224 5.265 7.445 11.013 13.065 14.923 13.480 9.091 7.168 3.924 3.843 4.694 7.048 10.578 16.162 15.570 17.230 16.867 16.146 16.807 13.334 12.681
-999.250 -999.250 -999.250 -999.250 -999.250 -999.250 -999.250 -999.250 -999.250 -999.250 -999.250 -999.250 -999.250 -999.250 -999.250 -999.250 -999.250 -999.250 -999.250 -999.250 -999.250 -999.250 -999.250 -999.250 -999.250 -999.250 -999.250 2.266 2.954 2.903 2.954 0.851 0.358 0.243 0.000 0.000 0.000 0.000 0.000 0.000 0.000 0.000 0.000 0.000 0.000 0.000 0.000 3.362 5.198 7.725 9.329 9.923 9.698 7.570 4.465 2.339 0.759 3.132 5.389 8.447 12.288 15.614 18.356 21.104 19.609 22.504 22.147 21.562
-999.250 -999.250 -999.250 -999.250 -999.250 -999.250 -999.250 -999.250 -999.250 -999.250 -999.250 -999.250 -999.250 -999.250 -999.250 -999.250 -999.250 -999.250 -999.250 -999.250 -999.250 -999.250 -999.250 -999.250 -999.250 -999.250 -999.250 3.253 3.066 4.042 2.259 0.932 0.746 0.957 0.085 0.000 0.000 0.000 0.000 0.000 0.000 0.000 0.000 0.000 0.000 0.000 0.000 0.000 1.308 3.298 5.972 7.018 6.589 3.721 1.715 0.326 0.000 0.877 4.161 7.509 11.099 15.316 20.122 24.985 29.136 33.857 30.040 32.497
-999.250 -999.250 -999.250 -999.250 -999.250 -999.250 -999.250 -999.250 -999.250 -999.250 -999.250 -999.250 -999.250 -999.250 -999.250 -999.250 -999.250 -999.250 -999.250 -999.250 -999.250 -999.250 -999.250 -999.250 -999.250 -999.250 -999.250 2.137 2.869 3.666 3.510 2.585 1.458 0.671 1.161 0.000 0.105 0.000 0.000 0.000 0.000 0.000 0.000 0.000 0.000 0.000 0.000 0.000 0.000 0.000 1.816 2.873 2.477 0.888 0.000 0.000 0.000 0.000 3.225 7.565 11.569 18.374 23.445 27.058 40.477 40.475 39.723 41.261
-999.250 -999.250 -999.250 -999.250 -999.250 -999.250 -999.250 -999.250 -999.250 -999.250 -999.250 -999.250 -999.250 -999.250 -999.250 -999.250 -999.250 -999.250 -999.250 -999.250 -999.250 -999.250 -999.250 -999.250 -999.250 -999.250 2.100 3.551 2.253 3.109 5.375 4.697 3.125 2.207 0.685 0.608 0.196 0.000 0.000 0.000 0.077 0.000 0.000 0.000 0.000 0.000 0.000 0.000 0.000 0.000 0.000 0.000 0.000 0.000 0.000 0.000 0.000 0.000 3.321 7.793 12.973 17.396 25.513 30.569 44.642 51.202 50.920 53.136
-999.250 -999.250 -999.250 -999.250 -999.250 -999.250 -999.250 -999.250 -999.250 -999.250 -999.250 -999.250 -999.250 -999.250 -999.250 -999.250 -999.250 -999.250 -999.250 -999.250 -999.250 -999.250 -999.250 -999.250 -999.250 -999.250 2.778 3.105 3.862 5.291 3.999 5.542 3.692 3.001 2.617 2.942 1.496 1.536 0.336 0.855 1.432 1.525 0.000 0.000 0.000 0.000 0.000 0.000 0.000 0.000 0.000 0.000 0.000 0.000 0.000 0.000 0.000 0.000 2.218 5.805 12.481 18.251 25.340 33.955 44.682 51.880 54.773 64.975
