data/medianmodel_19-Jan-2021.asc
ncols	141
nrows	288
xllcorner	-120191.398
yllcorner	-301404.813
cellsize	2000.000
NODATA_value	-999.250
[rows 168 to 195 of 288, columns 63 to 125 of 141]
1033.473 1012.469 1026.487 1038.940 1040.684 1110.035 1118.176 1169.235 1257.353 1408.880 1440.951 1661.475 1702.828 1805.253 1996.700 2092.928 2117.809 2154.207 2175.841 2220.514 2168.045 2068.286 2033.792 1888.191 1944.751 1770.598 1656.689 1564.535 1496.832 1366.129 1307.160 1125.014 1056.526 937.425 832.776 815.103 904.068 1013.630 1116.939 -999.250 -999.250 -999.250 1585.747 1729.927 1862.092 -999.250 -999.250 -999.250 -999.250 -999.250 -999.250 -999.250 -999.250 -999.250 -999.250 -999.250 -999.250 -999.250 -999.250 -999.250 -999.250 -999.250 -999.250
1022.817 986.365 963.261 994.459 959.215 965.760 958.919 981.329 1088.366 1222.863 1363.855 1485.743 1566.372 1599.935 1686.886 1740.109 1783.010 1824.072 1953.626 1894.905 1910.423 1936.863 1915.918 1916.166 1910.555 1820.475 1725.301 1643.161 1536.610 1460.797 1398.352 1222.418 1136.293 1047.016 914.872 815.603 923.485 1032.660 1170.667 1329.307 1453.390 1554.991 1679.952 1937.414 2019.247 2065.415 -999.250 -999.250 -999.250 -999.250 -999.250 -999.250 -999.250 -999.250 -999.250 -999.250 -999.250 -999.250 -999.250 -999.250 -999.250 -999.250 -999.250
953.797 931.572 927.116 879.200 880.647 875.447 825.001 753.473 941.197 1036.153 1164.873 1320.891 1413.934 1431.890 1507.644 1499.793 1525.797 1513.114 1625.328 1724.764 1727.498 1800.667 1820.328 1859.845 1944.713 1901.176 1783.641 1673.346 1646.595 1532.653 1464.966 1351.952 1215.948 1147.392 1079.126 989.097 1023.901 1142.069 1261.997 1397.436 1516.035 1680.201 1808.793 2021.925 2209.804 2127.144 2071.047 -999.250 -999.250 -999.250 -999.250 -999.250 -999.250 -999.250 -999.250 -999.250 -999.250 -999.250 -999.250 -999.250 -999.250 -999.250 -999.250
872.357 825.345 841.879 831.600 827.825 814.437 720.311 779.578 857.948 949.657 978.310 1048.561 1175.646 1233.198 1310.560 1306.613 1351.903 1420.839 1451.607 1558.348 1649.735 1685.668 1758.687 1835.379 1850.453 1942.836 1857.594 1827.641 1749.537 1663.933 1597.128 1482.395 1365.565 1276.133 1188.610 1166.784 1200.903 1253.134 1351.709 1456.253 1532.496 1696.884 1809.608 2015.671 2099.760 2092.352 2126.248 -999.250 -999.250 -999.250 -999.250 -999.250 -999.250 -999.250 -999.250 -999.250 -999.250 -999.250 -999.250 -999.250 -999.250 -999.250 -999.250
904.521 855.160 858.015 851.518 856.727 820.449 754.207 794.358 836.133 895.111 933.825 976.502 1014.948 1080.662 1092.698 1103.713 1214.665 1281.677 1358.971 1426.423 1600.969 1616.038 1683.230 1725.326 1814.102 1938.070 1922.858 1977.992 1949.580 1849.124 1692.053 1583.970 1507.376 1437.357 1344.405 1371.811 1357.849 1376.376 1433.836 1521.648 1627.750 1739.065 1834.328 1944.511 2091.113 2011.937 2104.409 -999.250 -999.250 -999.250 -999.250 -999.250 -999.250 -999.250 -999.250 -999.250 -999.250 -999.250 -999.250 -999.250 -999.250 -999.250 -999.250
879.763 845.131 855.659 865.350 857.185 848.296 784.935 817.916 849.024 867.242 912.302 894.881 945.769 936.742 939.832 991.429 1070.561 1137.238 1270.109 1373.816 1515.684 1678.294 1744.959 1781.195 1761.481 1854.757 1974.030 2011.154 1930.178 1949.202 1736.381 1665.583 1654.259 1562.349 1480.679 1465.773 1523.860 1463.230 1470.112 1599.685 1662.246 1866.785 1868.991 1948.777 2091.602 2020.373 2072.144 2105.304 -999.250 -999.250 -999.250 -999.250 -999.250 -999.250 -999.250 -999.250 -999.250 -999.250 -999.250 -999.250 -999.250 -999.250 -999.250
932.700 934.660 907.990 883.912 847.710 875.450 856.785 868.326 818.621 844.836 866.204 820.844 851.625 897.663 889.436 883.368 909.075 1071.105 1243.910 1329.570 1438.265 1580.879 1718.380 1743.284 1901.287 1948.062 2026.788 2078.866 2003.957 1968.832 1869.177 1774.477 1717.149 1636.938 1629.008 1590.645 1533.245 1537.186 1542.699 1624.152 1731.412 1900.365 1894.921 1942.066 2053.519 1996.591 2150.634 -999.250 -999.250 -999.250 -999.250 -999.250 -999.250 -999.250 -999.250 -999.250 -999.250 -999.250 -999.250 -999.250 -999.250 -999.250 -999.250
952.444 985.714 934.634 938.632 925.847 908.021 932.069 879.567 829.144 861.252 844.556 820.180 854.957 836.319 829.264 813.470 858.853 991.255 1193.488 1318.737 1504.899 1659.412 1730.105 1875.248 1999.678 1999.968 2067.768 2064.567 2098.228 2035.358 2008.095 1939.576 1799.878 1732.805 1718.815 1667.432 1643.678 1618.354 1651.472 1704.035 1782.782 1837.545 1869.889 1894.636 2040.690 2045.932 -999.250 -999.250 -999.250 -999.250 -999.250 -999.250 -999.250 -999.250 -999.250 -999.250 -999.250 -999.250 -999.250 -999.250 -999.250 -999.250 -999.250
990.831 990.276 997.218 982.627 935.268 976.615 945.569 943.527 894.466 915.279 904.273 865.201 896.375 843.945 855.276 826.166 770.626 988.821 1241.417 1352.873 1538.919 1674.838 1849.696 1953.848 2017.905 2136.924 2184.751 2100.488 2200.019 2149.557 2068.995 2045.855 1953.192 1877.684 1730.369 1738.839 1697.536 1695.898 1695.127 1727.626 1739.578 1807.532 1895.398 1827.532 2002.220 1980.159 -999.250 -999.250 -999.250 -999.250 -999.250 -999.250 -999.250 -999.250 -999.250 -999.250 -999.250 -999.250 -999.250 -999.250 -999.250 -999.250 -999.250
989.886 1010.521 1039.156 1052.315 1028.288 1042.724 1031.041 984.111 929.565 922.300 935.755 930.827 971.941 955.944 928.886 944.772 951.399 1079.817 1263.888 1456.071 1653.680 1837.436 2013.252 2012.693 2192.710 2144.931 2227.962 2313.593 2287.204 2234.441 2106.522 2102.442 2036.882 2054.253 2003.238 1818.132 1767.394 1725.242 1737.678 1739.144 1730.033 1829.626 1873.628 1914.817 1962.504 -999.250 -999.250 -999.250 -999.250 -999.250 -999.250 -999.250 -999.250 -999.250 -999.250 -999.250 -999.250 -999.250 -999.250 -999.250 -999.250 -999.250 -999.250
1073.125 1090.174 1089.182 1072.189 1084.571 1124.022 1062.348 1119.372 1040.484 1041.175 1046.712 1024.148 1024.072 1036.612 1055.192 1064.171 1110.722 1252.164 1405.798 1585.887 1722.853 2005.885 2090.788 2156.389 2158.962 2252.866 2337.954 2265.729 2388.150 2271.427 2211.573 2236.281 2155.132 2182.145 2009.448 1923.787 1904.729 1903.830 1715.021 1759.080 1805.507 1846.586 1922.500 1919.778 1915.585 -999.250 -999.250 -999.250 -999.250 -999.250 -999.250 -999.250 -999.250 -999.250 -999.250 -999.250 -999.250 -999.250 -999.250 -999.250 -999.250 -999.250 -999.250
1194.300 1248.357 1184.264 1184.189 1236.490 1239.831 1151.458 1153.607 1182.271 1129.954 1201.103 1136.338 1147.245 1137.051 1145.955 1265.143 1313.770 1414.820 1555.102 1665.896 1844.572 2143.655 2255.918 2314.585 2308.282 2326.823 2389.722 2448.024 2366.036 2420.719 2443.286 2319.960 2339.175 2207.244 2143.390 2015.047 1931.639 1937.073 1827.313 1725.797 1792.395 1907.572 1902.855 1902.670 -999.250 -999.250 -999.250 -999.250 -999.250 -999.250 -999.250 -999.250 -999.250 -999.250 -999.250 -999.250 -999.250 -999.250 -999.250 -999.250 -999.250 -999.250 -999.250
1288.995 1290.776 1375.052 1327.477 1287.469 1266.002 1259.396 1277.255 1214.116 1236.069 1219.997 1312.725 1281.248 1250.363 1316.939 1335.409 1441.096 1552.312 1697.115 1872.407 2024.031 2205.034 2318.547 2340.945 2326.598 2350.144 2456.843 2468.274 2590.667 2665.135 2599.255 2521.213 2373.221 2301.524 2141.300 2100.560 1955.030 1919.836 1931.468 1882.851 1832.514 1867.524 1924.072 1899.266 -999.250 -999.250 -999.250 -999.250 -999.250 -999.250 -999.250 -999.250 -999.250 -999.250 -999.250 -999.250 -999.250 -999.250 -999.250 -999.250 -999.250 -999.250 -999.250
1368.018 1359.707 1395.678 1442.310 1439.685 1431.118 1404.436 1450.654 1428.556 1346.288 1357.174 1357.272 1415.872 1408.947 1400.055 1490.201 1570.031 1665.694 1845.579 2014.284 2108.214 2270.128 2373.743 2392.441 2480.066 2699.450 2726.216 2863.215 2866.026 2850.647 2725.644 2650.315 2481.743 2377.290 2211.891 2132.845 1999.589 1890.575 1987.491 1953.824 1850.082 1825.403 1865.403 1897.120 -999.250 -999.250 -999.250 -999.250 -999.250 -999.250 -999.250 -999.250 -999.250 -999.250 -999.250 -999.250 -999.250 -999.250 -999.250 -999.250 -999.250 -999.250 -999.250
1465.251 1489.031 1542.462 1546.273 1559.305 1577.622 1542.811 1523.531 1499.979 1477.697 1449.922 1462.204 1455.798 1522.616 1489.092 1556.548 1686.767 1819.638 1966.181 2091.453 2258.106 2390.011 2512.344 2580.225 2681.706 2941.279 2982.021 3117.723 2989.598 2940.669 2772.638 2441.182 2443.890 2307.115 2167.866 2043.399 2004.308 1919.351 1923.594 1909.679 1804.154 1832.943 1810.733 -999.250 -999.250 -999.250 -999.250 -999.250 -999.250 -999.250 -999.250 -999.250 -999.250 -999.250 -999.250 -999.250 -999.250 -999.250 -999.250 -999.250 -999.250 -999.250 -999.250
1526.741 1564.910 1651.149 1608.422 1646.312 1623.839 1643.057 1538.793 1558.097 1553.656 1526.515 1520.661 1490.028 1514.522 1584.841 1650.007 1790.316 1885.602 2001.157 2241.043 2404.148 2500.277 2561.173 2678.616 2755.557 3025.929 3223.729 3261.576 2955.516 2865.797 2467.003 2517.003 2297.903 2218.260 2124.322 2033.386 1936.416 1888.852 1911.074 1870.616 1826.635 1785.174 -999.250 -999.250 -999.250 -999.250 -999.250 -999.250 -999.250 -999.250 -999.250 -999.250 -999.250 -999.250 -999.250 -999.250 -999.250 -999.250 -999.250 -999.250 -999.250 -999.250 -999.250
1583.636 1654.200 1700.213 1726.824 1667.377 1643.029 1656.975 1614.324 1625.561 1607.836 1588.099 1549.515 1585.123 1616.557 1675.941 1732.278 1889.147 1940.353 2058.109 2215.264 2326.945 2446.615 2437.083 2781.542 2850.911 2945.749 3212.722 3533.254 2980.389 2598.865 2371.178 2268.510 2233.449 2148.153 2058.938 1914.615 1867.053 1841.512 1856.804 1802.182 1778.054 1728.086 -999.250 -999.250 -999.250 -999.250 -999.250 -999.250 -999.250 -999.250 -999.250 -999.250 -999.250 -999.250 -999.250 -999.250 -999.250 -999.250 -999.250 -999.250 -999.250 -999.250 -999.250
1682.711 1701.419 1827.407 1839.308 1736.990 1668.894 1716.326 1695.141 1677.409 1623.517 1608.517 1608.425 1708.505 1678.168 1717.022 1893.692 1931.697 1976.414 2146.897 2203.368 2211.392 2371.511 2455.481 2639.236 2640.568 2804.420 2817.358 2764.785 2678.341 2315.484 2275.469 2094.604 2114.858 2029.590 1991.745 1973.376 1824.872 1705.085 1779.527 1785.143 -999.250 -999.250 -999.250 -999.250 -999.250 -999.250 -999.250 -999.250 -999.250 -999.250 -999.250 -999.250 -999.250 -999.250 -999.250 -999.250 -999.250 -999.250 -999.250 -999.250 -999.250 -999.250 -999.250
1879.335 1984.495 1988.027 1963.403 1815.823 1738.907 1696.124 1688.536 1656.519 1615.743 1578.695 1553.509 1650.679 1675.654 1674.636 1893.978 1946.636 2030.463 2096.152 2291.930 2259.950 2286.653 2477.411 2451.740 2613.520 2527.791 2516.451 2362.976 1972.309 2087.593 2045.827 1982.379 1959.564 1990.643 1910.946 1960.061 1948.676 1734.127 1795.948 -999.250 -999.250 -999.250 -999.250 -999.250 -999.250 -999.250 -999.250 -999.250 -999.250 -999.250 -999.250 -999.250 -999.250 -999.250 -999.250 -999.250 -999.250 -999.250 -999.250 -999.250 -999.250 -999.250 -999.250
1912.455 2015.799 2107.390 1972.429 1846.439 1732.963 1702.526 1637.858 1651.721 1561.971 1540.136 1583.421 1626.502 1668.423 1752.907 1837.361 1913.305 2009.978 2146.604 2275.808 2289.622 2318.392 2396.506 2464.458 2463.176 2479.305 2293.490 2127.224 2027.275 1964.375 1986.519 1886.820 1932.784 1820.210 1942.881 1824.830 1933.304 1771.580 -999.250 -999.250 -999.250 -999.250 -999.250 -999.250 -999.250 -999.250 -999.250 -999.250 -999.250 -999.250 -999.250 -999.250 -999.250 -999.250 -999.250 -999.250 -999.250 -999.250 -999.250 -999.250 -999.250 -999.250 -999.250
1774.936 1846.189 1957.578 1860.854 1819.477 1732.959 1702.013 1681.523 1649.341 1577.527 1556.555 1548.589 1631.398 1706.936 1790.722 1833.058 1958.149 2025.675 2045.528 2161.925 2218.551 2339.369 2280.130 2354.481 2424.044 2380.472 2344.260 2085.844 2013.242 1958.507 1969.787 1970.859 1856.457 1854.160 1821.798 1821.014 1846.721 -999.250 -999.250 -999.250 -999.250 -999.250 -999.250 -999.250 -999.250 -999.250 -999.250 -999.250 -999.250 -999.250 -999.250 -999.250 -999.250 -999.250 -999.250 -999.250 -999.250 -999.250 -999.250 -999.250 -999.250 -999.250 -999.250
1661.801 1783.219 1835.225 1747.859 1718.364 1673.692 1662.246 1588.771 1589.473 1571.216 1546.733 1599.940 1641.792 1688.180 1745.305 1813.725 1855.933 1980.800 2068.482 2186.744 2140.912 2246.681 2301.232 2340.766 2342.292 2239.501 2219.195 2054.349 2033.135 1910.138 1918.166 1761.756 1809.486 1712.698 1750.188 -999.250 -999.250 -999.250 -999.250 -999.250 -999.250 -999.250 -999.250 -999.250 -999.250 -999.250 -999.250 -999.250 -999.250 -999.250 -999.250 -999.250 -999.250 -999.250 -999.250 -999.250 -999.250 -999.250 -999.250 -999.250 -999.250 -999.250 -999.250
1650.429 1669.988 1663.039 1711.101 1678.378 1647.359 1556.782 1559.120 1553.763 1578.796 1577.100 1643.929 1660.326 1699.432 1760.426 1820.325 1979.001 2007.284 2096.066 2145.702 2085.333 2212.502 2327.520 2301.679 2251.231 2199.594 2142.738 2064.637 2004.446 1961.430 1844.401 1766.492 1796.319 1792.184 1736.250 -999.250 -999.250 -999.250 -999.250 -999.250 -999.250 -999.250 -999.250 -999.250 -999.250 -999.250 -999.250 -999.250 -999.250 -999.250 -999.250 -999.250 -999.250 -999.250 -999.250 -999.250 -999.250 -999.250 -999.250 -999.250 -999.250 -999.250 -999.250
1600.731 1612.476 1571.486 1591.696 1587.688 1542.018 1551.501 1555.672 1520.002 1496.055 1592.845 1661.758 1660.715 1756.051 1846.946 1888.468 1827.157 1956.779 2079.666 2106.123 2108.743 2183.430 2262.896 2200.430 2162.529 2158.532 2132.315 2027.006 2015.650 1899.632 1776.170 1748.697 1789.027 1679.078 -999.250 -999.250 -999.250 -999.250 -999.250 -999.250 -999.250 -999.250 -999.250 -999.250 -999.250 -999.250 -999.250 -999.250 -999.250 -999.250 -999.250 -999.250 -999.250 -999.250 -999.250 -999.250 -999.250 -999.250 -999.250 -999.250 -999.250 -999.250 -999.250
1548.442 1543.456 1520.319 1507.910 1533.542 1460.048 1425.742 1533.424 1514.985 1510.157 1592.203 1606.512 1674.289 1722.724 1868.581 1863.236 1863.753 1958.752 2069.658 2124.932 2136.422 2167.380 2189.435 2186.904 2111.437 2090.209 2101.797 2045.160 1914.660 1881.532 1792.021 1710.340 1802.640 1721.651 -999.250 -999.250 -999.250 -999.250 -999.250 -999.250 -999.250 -999.250 -999.250 -999.250 -999.250 -999.250 -999.250 -999.250 -999.250 -999.250 -999.250 -999.250 -999.250 -999.250 -999.250 -999.250 -999.250 -999.250 -999.250 -999.250 -999.250 -999.250 -999.250
1550.024 1533.107 1461.555 1500.956 1462.519 1398.926 1459.371 1436.975 1446.233 1495.862 1563.053 1581.287 1711.557 1667.224 1777.374 1944.048 1898.950 1946.724 1974.914 2077.112 2219.424 2216.683 2121.973 2143.881 2025.724 2018.476 2074.342 2046.490 1885.063 1874.927 1776.749 1764.057 1758.430 1764.994 -999.250 -999.250 -999.250 -999.250 -999.250 -999.250 -999.250 -999.250 -999.250 -999.250 -999.250 -999.250 -999.250 -999.250 -999.250 -999.250 -999.250 -999.250 -999.250 -999.250 -999.250 -999.250 -999.250 -999.250 -999.250 -999.250 -999.250 -999.250 -999.250
1508.080 1482.357 1459.617 1443.162 1452.583 1412.066 1400.419 1416.532 1423.275 1464.833 1520.899 1573.422 1599.060 1661.059 1746.629 1833.153 1916.008 1871.503 1988.280 2119.380 2135.782 2146.901 2106.226 2061.391 1999.728 2002.577 2038.976 2040.980 1929.768 1930.152 1774.976 1724.547 1699.608 1670.069 -999.250 -999.250 -999.250 -999.250 -999.250 -999.250 -999.250 -999.250 -999.250 -999.250 -999.250 -999.250 -999.250 -999.250 -999.250 -999.250 -999.250 -999.250 -999.250 -999.250 -999.250 -999.250 -999.250 -999.250 -999.250 -999.250 -999.250 -999.250 -999.250
1520.803 1497.943 1442.136 1370.947 1408.267 1304.374 1344.126 1335.630 1374.320 1402.372 1457.727 1509.614 1550.184 1618.828 1656.316 1766.108 1784.161 1803.247 2009.039 2124.765 2049.417 2123.101 2073.601 2045.107 2017.054 1974.333 2016.015 1963.141 1927.714 1906.422 1864.925 1723.728 1660.319 1597.534 1608.394 -999.250 -999.250 -999.250 -999.250 -999.250 -999.250 -999.250 -999.250 -999.250 -999.250 -999.250 -999.250 -999.250 -999.250 -999.250 -999.250 -999.250 -999.250 -999.250 -999.250 -999.250 -999.250 -999.250 -999.250 -999.250 -999.250 -999.250 -999.250
