data/medianmodel_08-Oct-2020.asc
ncols	141
nrows	288
xllcorner	-120191.398
yllcorner	-301404.813
cellsize	2000.000
NODATA_value	-999.250
[rows 150 to 179 of 288, columns 67 to 133 of 141]
22.366 18.914 18.530 19.911 17.119 17.084 11.944 10.954 12.143 9.964 5.383 5.411 7.462 9.444 13.904 19.194 23.958 26.748 36.256 38.495 51.052 63.079 74.095 90.221 101.582 115.779 129.980 138.998 -999.250 -999.250 -999.250 -999.250 -999.250 -999.250 -999.250 -999.250 -999.250 -999.250 -999.250 -999.250 -999.250 -999.250 -999.250 -999.250 -999.250 -999.250 -999.250 -999.250 -999.250 -999.250 -999.250 -999.250 -999.250 -999.250 -999.250 -999.250 -999.250 -999.250 -999.250 -999.250 -999.250 -999.250 -999.250 -999.250 -999.250 -999.250 -999.250
16.914 17.248 16.262 19.146 18.603 16.230 14.944 10.608 6.637 2.707 4.169 5.674 7.329 9.494 16.545 20.244 25.491 31.271 34.920 45.861 62.146 69.239 83.546 103.710 117.172 142.343 152.516 147.405 -999.250 -999.250 -999.250 -999.250 -999.250 -999.250 -999.250 -999.250 -999.250 -999.250 -999.250 -999.250 -999.250 -999.250 -999.250 -999.250 -999.250 -999.250 -999.250 -999.250 -999.250 -999.250 -999.250 -999.250 -999.250 -999.250 -999.250 -999.250 -999.250 -999.250 -999.250 -999.250 -999.250 -999.250 -999.250 -999.250 -999.250 -999.250 -999.250
12.918 15.333 17.428 16.608 15.628 14.621 14.422 11.289 6.088 7.117 3.001 5.124 12.580 10.268 12.310 17.768 23.423 26.749 32.581 44.069 62.457 74.598 83.930 110.617 129.382 148.414 154.221 153.141 -999.250 -999.250 -999.250 -999.250 -999.250 -999.250 -999.250 -999.250 -999.250 -999.250 -999.250 -999.250 -999.250 -999.250 -999.250 -999.250 -999.250 -999.250 -999.250 -999.250 -999.250 -999.250 -999.250 -999.250 -999.250 -999.250 -999.250 -999.250 -999.250 -999.250 -999.250 -999.250 -999.250 -999.250 -999.250 -999.250 -999.250 -999.250 -999.250
8.823 11.806 12.419 14.865 14.228 14.352 14.173 6.775 6.706 4.514 5.009 6.852 8.677 7.460 10.015 18.935 20.471 26.950 33.653 39.875 59.388 74.643 94.172 114.355 147.699 157.964 164.459 160.589 -999.250 -999.250 -999.250 -999.250 -999.250 -999.250 -999.250 -999.250 -999.250 -999.250 -999.250 -999.250 -999.250 -999.250 -999.250 -999.250 -999.250 -999.250 -999.250 -999.250 -999.250 -999.250 -999.250 -999.250 -999.250 -999.250 -999.250 -999.250 -999.250 -999.250 -999.250 -999.250 -999.250 -999.250 -999.250 -999.250 -999.250 -999.250 -999.250
6.685 7.457 10.092 13.155 14.473 14.823 12.596 11.189 10.207 4.847 3.836 6.587 5.934 6.906 13.357 16.012 19.537 20.396 28.122 40.909 54.867 69.710 86.995 108.592 141.373 166.389 157.577 152.034 -999.250 -999.250 -999.250 -999.250 -999.250 -999.250 -999.250 -999.250 -999.250 -999.250 -999.250 -999.250 -999.250 -999.250 -999.250 -999.250 -999.250 -999.250 -999.250 -999.250 -999.250 -999.250 -999.250 -999.250 -999.250 -999.250 -999.250 -999.250 -999.250 -999.250 -999.250 -999.250 -999.250 -999.250 -999.250 -999.250 -999.250 -999.250 -999.250
4.755 7.402 10.931 11.366 15.177 16.813 18.059 13.004 13.758 12.663 8.474 4.548 6.929 4.686 7.718 9.411 15.151 18.969 28.064 34.234 49.644 64.004 80.643 96.093 113.266 146.333 147.720 142.513 -999.250 -999.250 -999.250 -999.250 -999.250 -999.250 -999.250 -999.250 -999.250 -999.250 -999.250 -999.250 -999.250 -999.250 -999.250 -999.250 -999.250 -999.250 -999.250 -999.250 -999.250 -999.250 -999.250 -999.250 -999.250 -999.250 -999.250 -999.250 -999.250 -999.250 -999.250 -999.250 -999.250 -999.250 -999.250 -999.250 -999.250 -999.250 -999.250
0.449 6.878 13.183 18.094 18.175 17.718 18.806 17.409 19.343 13.700 8.186 6.668 4.094 2.120 5.616 6.703 13.062 13.320 21.140 31.380 38.991 54.722 68.218 76.015 90.120 100.357 111.245 106.471 100.867 -999.250 -999.250 -999.250 -999.250 -999.250 -999.250 -999.250 -999.250 -999.250 -999.250 -999.250 -999.250 -999.250 -999.250 -999.250 -999.250 -999.250 -999.250 -999.250 -999.250 -999.250 -999.250 -999.250 -999.250 -999.250 -999.250 -999.250 -999.250 -999.250 -999.250 -999.250 -999.250 -999.250 -999.250 -999.250 -999.250 -999.250 -999.250
3.944 11.024 16.649 21.380 20.077 30.757 23.457 21.676 20.387 16.754 11.952 8.538 8.583 4.359 3.022 6.253 7.539 11.322 17.623 22.712 29.753 37.938 46.547 59.344 70.859 78.332 86.172 88.516 91.460 92.404 -999.250 -999.250 -999.250 -999.250 -999.250 -999.250 -999.250 -999.250 -999.250 -999.250 -999.250 -999.250 -999.250 -999.250 -999.250 -999.250 -999.250 -999.250 -999.250 -999.250 -999.250 -999.250 -999.250 -999.250 -999.250 -999.250 -999.250 -999.250 -999.250 -999.250 -999.250 -999.250 -999.250 -999.250 -999.250 -999.250 -999.250
11.048 15.986 26.344 31.173 32.861 31.030 32.098 28.371 26.630 18.317 19.153 10.783 9.539 8.592 6.564 3.732 0.000 4.472 10.762 16.928 21.816 23.270 30.954 31.571 51.239 67.919 74.505 77.035 75.253 75.119 74.482 -999.250 -999.250 -999.250 -999.250 -999.250 -999.250 -999.250 -999.250 -999.250 -999.250 -999.250 -999.250 -999.250 -999.250 -999.250 -999.250 -999.250 -999.250 -999.250 -999.250 -999.250 -999.250 -999.250 -999.250 -999.250 -999.250 -999.250 -999.250 -999.250 -999.250 -999.250 -999.250 -999.250 -999.250 -999.250 -999.250
18.657 31.705 39.443 41.316 45.745 51.779 48.499 41.705 37.645 28.013 23.790 20.866 13.816 12.542 9.808 3.847 1.670 0.000 8.054 11.403 14.603 19.945 22.192 25.615 40.500 58.696 62.811 69.678 73.944 74.626 73.167 -999.250 -999.250 -999.250 -999.250 -999.250 -999.250 -999.250 -999.250 -999.250 -999.250 -999.250 -999.250 -999.250 -999.250 -999.250 -999.250 -999.250 -999.250 -999.250 -999.250 -999.250 -999.250 -999.250 -999.250 -999.250 -999.250 -999.250 -999.250 -999.250 -999.250 -999.250 -999.250 -999.250 -999.250 -999.250 -999.250
36.868 54.550 65.955 73.380 74.189 70.878 70.661 65.729 57.465 40.954 31.825 27.213 22.496 14.627 12.292 7.956 3.573 3.178 2.486 7.855 9.720 12.368 18.928 22.004 34.024 44.932 49.904 54.686 57.727 62.121 57.593 -999.250 -999.250 -999.250 -999.250 -999.250 -999.250 -999.250 -999.250 -999.250 -999.250 -999.250 -999.250 -999.250 -999.250 -999.250 -999.250 -999.250 -999.250 -999.250 -999.250 -999.250 -999.250 -999.250 -999.250 -999.250 -999.250 -999.250 -999.250 -999.250 -999.250 -999.250 -999.250 -999.250 -999.250 -999.250 -999.250
70.540 78.414 92.801 91.702 101.006 89.821 93.363 81.823 65.638 61.096 47.010 33.612 30.575 22.693 17.347 10.952 6.642 1.666 2.221 2.499 3.811 6.683 10.295 18.475 23.521 31.132 35.257 39.687 36.925 42.874 43.187 -999.250 -999.250 -999.250 -999.250 -999.250 -999.250 -999.250 -999.250 -999.250 -999.250 -999.250 -999.250 -999.250 -999.250 -999.250 -999.250 -999.250 -999.250 -999.250 -999.250 -999.250 -999.250 -999.250 -999.250 -999.250 -999.250 -999.250 -999.250 -999.250 -999.250 -999.250 -999.250 -999.250 -999.250 -999.250 -999.250
100.535 119.742 128.822 137.708 127.255 123.777 109.139 101.353 91.649 77.227 64.230 48.209 34.760 29.849 23.135 16.544 8.233 5.654 4.730 0.808 0.777 4.884 8.566 16.274 17.923 22.722 22.879 30.405 31.284 29.273 27.706 -999.250 -999.250 -999.250 -999.250 -999.250 -999.250 -999.250 -999.250 -999.250 -999.250 -999.250 -999.250 -999.250 -999.250 -999.250 -999.250 -999.250 -999.250 -999.250 -999.250 -999.250 -999.250 -999.250 -999.250 -999.250 -999.250 -999.250 -999.250 -999.250 -999.250 -999.250 -999.250 -999.250 -999.250 -999.250 -999.250
131.808 148.359 164.562 170.048 158.797 155.523 144.132 137.450 113.722 94.588 74.481 61.658 38.340 33.752 31.596 18.181 9.439 4.330 0.000 0.000 3.489 1.696 4.607 11.764 13.428 17.263 17.869 21.202 23.585 21.820 24.222 22.619 -999.250 -999.250 -999.250 -999.250 -999.250 -999.250 -999.250 -999.250 -999.250 -999.250 -999.250 -999.250 -999.250 -999.250 -999.250 -999.250 -999.250 -999.250 -999.250 -999.250 -999.250 -999.250 -999.250 -999.250 -999.250 -999.250 -999.250 -999.250 -999.250 -999.250 -999.250 -999.250 -999.250 -999.250 -999.250
171.703 183.411 187.881 202.330 195.944 185.353 164.678 157.822 138.027 104.328 84.988 63.265 42.964 33.903 23.082 17.355 7.573 3.958 0.000 0.000 0.000 0.071 2.961 6.870 14.108 13.900 17.856 17.915 19.238 17.746 19.706 19.794 20.229 -999.250 -999.250 -999.250 -999.250 -999.250 -999.250 -999.250 -999.250 -999.250 -999.250 -999.250 -999.250 -999.250 -999.250 -999.250 -999.250 -999.250 -999.250 -999.250 -999.250 -999.250 -999.250 -999.250 -999.250 -999.250 -999.250 -999.250 -999.250 -999.250 -999.250 -999.250 -999.250 -999.250 -999.250
217.600 221.164 252.616 234.528 214.307 229.671 193.650 179.605 153.675 128.608 89.932 64.989 39.344 29.812 20.957 12.573 4.273 0.000 0.000 0.000 0.000 0.000 0.440 5.143 7.945 12.071 11.117 16.684 15.313 16.564 17.193 15.985 13.182 13.476 15.296 13.699 -999.250 -999.250 -999.250 -999.250 -999.250 -999.250 -999.250 -999.250 -999.250 -999.250 -999.250 -999.250 -999.250 -999.250 -999.250 -999.250 -999.250 -999.250 -999.250 -999.250 -999.250 -999.250 -999.250 -999.250 -999.250 -999.250 -999.250 -999.250 -999.250 -999.250 -999.250
274.761 285.561 308.922 303.419 245.015 253.349 229.518 188.684 168.166 155.650 95.830 68.979 47.106 29.789 16.022 6.521 0.613 0.000 0.000 0.000 0.000 0.000 0.000 3.363 5.549 8.344 9.555 11.924 13.574 13.980 10.229 10.837 9.659 8.657 15.635 7.750 -999.250 -999.250 -999.250 -999.250 -999.250 -999.250 -999.250 -999.250 -999.250 -999.250 -999.250 -999.250 -999.250 -999.250 -999.250 -999.250 -999.250 -999.250 -999.250 -999.250 -999.250 -999.250 -999.250 -999.250 -999.250 -999.250 -999.250 -999.250 -999.250 -999.250 -999.250
302.772 326.697 322.139 336.094 295.541 289.205 248.438 228.534 178.999 160.186 104.571 74.977 49.269 28.550 10.448 3.889 0.000 0.000 0.000 0.000 0.000 0.000 0.000 3.482 2.613 5.569 7.194 8.945 8.696 8.257 4.765 7.906 3.229 7.904 5.119 -999.250 -999.250 -999.250 -999.250 -999.250 -999.250 -999.250 -999.250 -999.250 -999.250 -999.250 -999.250 -999.250 -999.250 -999.250 -999.250 -999.250 -999.250 -999.250 -999.250 -999.250 -999.250 -999.250 -999.250 -999.250 -999.250 -999.250 -999.250 -999.250 -999.250 -999.250 -999.250
384.862 363.500 434.644 399.976 408.639 384.616 304.916 230.992 189.701 158.770 106.573 76.634 50.229 19.940 7.723 0.000 0.000 0.000 0.000 0.000 0.000 0.000 0.000 0.000 1.980 4.534 6.735 5.681 6.418 1.773 1.094 1.093 5.388 6.089 5.003 -999.250 -999.250 -999.250 1.220 2.754 6.753 -999.250 -999.250 -999.250 -999.250 -999.250 -999.250 -999.250 -999.250 -999.250 -999.250 -999.250 -999.250 -999.250 -999.250 -999.250 -999.250 -999.250 -999.250 -999.250 -999.250 -999.250 -999.250 -999.250 -999.250 -999.250 -999.250
405.304 414.656 467.169 460.326 443.048 401.827 354.922 257.134 197.589 169.872 134.834 83.232 48.723 16.283 0.000 0.000 0.000 0.000 0.000 0.000 0.000 0.000 0.000 0.158 2.099 3.249 6.171 3.384 7.049 2.371 0.623 0.000 4.250 3.243 2.144 2.329 3.616 3.843 4.462 0.000 0.000 0.000 -999.250 -999.250 -999.250 -999.250 -999.250 -999.250 -999.250 -999.250 -999.250 -999.250 -999.250 -999.250 -999.250 -999.250 -999.250 -999.250 -999.250 -999.250 -999.250 -999.250 -999.250 -999.250 -999.250 -999.250 -999.250
421.225 454.403 478.137 494.467 463.742 442.334 384.383 276.254 215.084 177.159 141.127 84.966 43.484 0.000 0.000 0.000 0.000 0.000 0.000 0.000 0.000 0.000 0.508 0.000 2.624 3.909 6.910 6.571 5.811 3.902 4.217 0.581 5.489 3.493 3.038 3.932 8.358 5.644 1.732 0.455 0.000 0.000 0.000 -999.250 -999.250 -999.250 -999.250 -999.250 -999.250 -999.250 -999.250 -999.250 -999.250 -999.250 -999.250 -999.250 -999.250 -999.250 -999.250 -999.250 -999.250 -999.250 -999.250 -999.250 -999.250 -999.250 -999.250
444.112 443.052 448.702 469.069 471.254 439.288 336.394 270.824 219.843 178.604 153.277 99.826 53.042 18.865 0.419 0.000 0.000 0.000 0.000 0.000 0.000 0.000 0.000 0.000 1.602 2.534 5.347 6.696 6.720 6.651 8.213 5.598 6.561 7.988 6.474 7.747 8.584 3.203 2.262 2.884 1.064 0.536 0.179 -999.250 -999.250 -999.250 -999.250 -999.250 -999.250 -999.250 -999.250 -999.250 -999.250 -999.250 -999.250 -999.250 -999.250 -999.250 -999.250 -999.250 -999.250 -999.250 -999.250 -999.250 -999.250 -999.250 -999.250
428.352 451.731 449.573 440.188 453.071 437.579 407.934 282.841 213.715 168.346 147.624 91.204 65.364 33.064 11.272 2.250 0.000 0.000 0.000 0.000 0.000 0.000 0.000 0.000 0.000 1.933 7.149 10.869 10.214 8.524 7.001 10.391 10.633 9.241 12.454 10.567 8.995 9.229 6.403 5.776 5.168 7.713 3.755 -999.250 -999.250 -999.250 -999.250 -999.250 -999.250 -999.250 -999.250 -999.250 -999.250 -999.250 -999.250 -999.250 -999.250 -999.250 -999.250 -999.250 -999.250 -999.250 -999.250 -999.250 -999.250 -999.250 -999.250
393.497 394.885 433.100 428.593 420.935 408.266 360.956 271.150 201.936 168.660 137.249 96.583 66.039 41.853 24.254 9.886 0.281 0.000 0.000 0.000 0.000 0.000 0.313 0.000 0.000 6.541 11.145 9.610 13.896 12.731 12.068 10.128 9.670 12.045 11.720 10.865 9.684 9.555 9.368 10.566 6.888 7.481 5.358 1.876 -999.250 -999.250 -999.250 -999.250 -999.250 -999.250 -999.250 -999.250 -999.250 -999.250 -999.250 -999.250 -999.250 -999.250 -999.250 -999.250 -999.250 -999.250 -999.250 -999.250 -999.250 -999.250 -999.250
348.362 335.375 358.813 416.357 403.077 397.239 284.240 267.483 220.185 167.034 136.510 98.174 76.929 57.692 31.418 14.898 8.951 0.000 0.000 0.000 0.000 0.097 0.414 1.555 7.270 7.104 10.405 10.510 11.901 12.404 11.469 12.295 9.401 13.695 14.669 14.007 10.297 12.189 11.710 11.897 11.049 4.375 5.773 -999.250 -999.250 -999.250 -999.250 -999.250 -999.250 -999.250 -999.250 -999.250 -999.250 -999.250 -999.250 -999.250 -999.250 -999.250 -999.250 -999.250 -999.250 -999.250 -999.250 -999.250 -999.250 -999.250 -999.250
269.609 332.550 296.536 339.029 371.124 289.359 266.250 231.727 179.735 168.784 131.692 109.083 83.379 63.182 35.790 19.782 10.314 1.796 0.000 0.023 1.619 1.958 3.432 5.571 6.067 7.916 8.928 11.365 12.598 13.420 15.659 12.681 13.289 12.235 13.998 11.778 14.205 13.534 12.574 12.758 8.914 9.386 -999.250 -999.250 -999.250 -999.250 -999.250 -999.250 -999.250 -999.250 -999.250 -999.250 -999.250 -999.250 -999.250 -999.250 -999.250 -999.250 -999.250 -999.250 -999.250 -999.250 -999.250 -999.250 -999.250 -999.250 -999.250
249.521 267.063 252.909 264.051 280.312 272.438 217.985 192.903 170.116 147.067 124.150 103.853 90.662 64.007 34.970 25.184 12.000 6.396 2.525 0.574 2.846 3.966 2.756 5.649 6.314 7.114 9.085 12.112 15.514 15.965 17.352 16.947 16.105 18.084 14.498 14.725 13.668 13.803 15.987 11.976 10.882 12.886 -999.250 -999.250 -999.250 -999.250 -999.250 -999.250 -999.250 -999.250 -999.250 -999.250 -999.250 -999.250 -999.250 -999.250 -999.250 -999.250 -999.250 -999.250 -999.250 -999.250 -999.250 -999.250 -999.250 -999.250 -999.250
206.403 240.827 242.246 219.529 212.764 206.847 193.349 173.770 154.894 147.251 114.974 92.585 77.272 58.230 47.426 28.477 19.296 8.793 4.349 5.465 3.526 3.589 5.230 5.916 9.444 8.714 12.585 13.777 17.295 16.387 18.990 17.373 17.264 15.856 14.708 15.848 16.047 16.726 18.628 13.041 12.003 -999.250 -999.250 -999.250 -999.250 -999.250 -999.250 -999.250 -999.250 -999.250 -999.250 -999.250 -999.250 -999.250 -999.250 -999.250 -999.250 -999.250 -999.250 -999.250 -999.250 -999.250 -999.250 -999.250 -999.250 -999.250 -999.250
188.749 188.260 186.645 195.021 181.963 183.440 167.089 162.490 150.895 133.397 101.095 88.078 68.639 58.087 39.643 24.878 17.493 9.791 7.297 3.010 2.233 6.280 8.226 6.328 8.307 9.843 14.505 14.116 14.907 15.930 17.214 20.669 18.976 18.265 20.000 17.053 19.123 18.079 18.690 12.805 14.097 -999.250 -999.250 -999.250 -999.250 -999.250 -999.250 -999.250 -999.250 -999.250 -999.250 -999.250 -999.250 -999.250 -999.250 -999.250 -999.250 -999.250 -999.250 -999.250 -999.250 -999.250 -999.250 -999.250 -999.250 -999.250 -999.250
164.070 158.114 171.053 173.575 160.551 168.077 151.330 128.825 125.580 111.735 93.370 77.965 62.258 43.768 32.242 21.049 16.017 9.733 5.072 3.222 4.817 2.726 7.663 7.805 10.322 13.324 11.445 16.569 16.304 17.057 16.864 21.144 19.963 19.327 20.675 25.431 22.282 22.104 20.406 18.691 -999.250 -999.250 -999.250 -999.250 -999.250 -999.250 -999.250 -999.250 -999.250 -999.250 -999.250 -999.250 -999.250 -999.250 -999.250 -999.250 -999.250 -999.250 -999.250 -999.250 -999.250 -999.250 -999.250 -999.250 -999.250 -999.250 -999.250
