data/medianmodel_31-Aug-2020.asc
ncols	141
nrows	288
xllcorner	-120191.398
yllcorner	-301404.813
cellsize	2000.000
NODATA_value	-999.250
[rows 31 to 61 of 288, columns 69 to 137 of 141]
7.693 9.924 9.906 6.744 5.705 3.770 2.781 0.421 0.000 0.000 0.000 0.000 0.000 0.000 0.000 0.000 0.000 0.000 0.000 0.000 0.000 0.000 0.000 0.000 0.281 2.213 2.654 4.626 6.041 4.217 4.242 4.486 2.759 0.000 0.000 0.000 0.000 0.000 3.034 8.652 16.536 26.404 34.978 41.068 53.143 80.918 88.628 97.124 117.676 118.878 189.972 273.294 225.999 328.711 270.495 340.729 364.065 345.333 365.253 298.597 273.976 196.144 164.196 105.086 90.873 64.603 46.355 31.843 13.794
11.610 10.942 10.509 9.121 9.592 5.318 2.831 0.000 0.000 0.000 0.000 0.000 0.000 0.000 0.000 0.000 0.000 0.000 0.000 0.000 0.000 0.000 0.000 0.000 1.284 1.102 3.182 7.172 8.977 7.614 8.364 7.354 4.326 0.000 0.000 0.000 0.000 0.000 4.041 9.031 15.037 26.130 34.601 40.925 47.229 64.323 77.487 85.015 97.725 109.565 147.308 180.825 312.298 279.696 307.283 335.160 361.075 306.099 312.455 308.934 210.866 181.084 117.757 90.099 68.974 51.201 34.335 23.106 7.644
13.041 11.372 11.264 11.126 10.387 6.701 3.289 0.000 0.000 0.000 0.000 0.000 0.000 0.000 0.000 0.000 0.000 0.000 0.000 0.000 0.000 0.000 0.000 0.006 2.154 3.411 5.413 7.226 11.638 12.396 13.346 10.466 6.748 2.567 0.248 0.000 0.000 0.000 4.457 13.778 18.086 26.059 34.930 39.121 49.779 64.272 69.308 84.721 89.315 111.035 145.367 203.089 248.808 230.156 310.577 327.031 314.312 268.506 244.621 198.277 195.851 147.552 99.623 82.211 53.050 35.822 21.876 10.543 0.000
11.755 11.815 10.316 11.378 16.622 7.769 4.414 0.000 0.000 0.000 0.000 0.000 0.000 0.000 0.000 0.000 0.000 0.000 0.000 0.000 0.000 0.000 0.000 0.000 1.521 4.896 7.975 10.301 13.396 16.931 17.380 13.335 10.385 5.222 1.082 0.000 0.000 0.000 2.576 10.022 16.468 25.282 32.602 38.016 45.432 60.115 64.731 71.540 92.254 105.230 108.782 134.791 196.753 196.159 203.574 214.023 185.208 213.833 203.765 174.763 125.972 102.115 79.692 60.715 38.018 20.137 7.059 0.000 0.000
11.421 7.461 8.394 9.424 8.936 5.172 2.007 0.000 0.000 0.000 0.000 0.000 0.000 0.000 0.000 0.000 0.000 0.000 0.000 0.000 0.000 0.000 0.000 0.000 0.682 4.567 9.374 11.875 17.548 22.294 26.382 19.594 14.242 7.019 3.300 0.000 0.000 0.000 1.869 7.733 13.601 20.508 31.831 38.015 44.700 54.367 62.305 77.599 86.500 97.303 111.804 117.090 145.818 170.940 182.197 162.054 152.875 176.981 142.240 149.914 103.038 97.289 75.487 59.778 29.717 0.000 0.000 0.000 -999.250
8.885 4.573 4.769 5.998 4.883 1.224 0.000 0.000 0.000 0.000 0.000 0.000 0.000 0.000 0.000 0.000 0.000 0.000 0.000 0.000 0.000 0.000 0.000 0.000 0.951 5.895 9.751 12.482 19.076 26.316 36.775 24.529 15.069 9.025 2.924 0.901 0.000 0.000 0.080 6.481 12.638 19.244 27.936 37.782 42.707 53.791 63.721 69.720 83.152 90.585 97.944 108.244 114.581 157.302 123.166 125.610 143.699 134.593 126.303 97.599 97.020 95.738 64.333 41.945 21.930 0.000 0.000 0.000 -999.250
4.292 1.355 0.830 1.469 0.271 0.000 0.000 0.000 0.000 0.000 0.000 0.000 0.000 0.000 0.000 0.000 0.000 0.000 0.000 0.000 0.000 0.000 0.000 0.000 1.946 4.834 8.375 13.510 16.512 22.210 26.280 21.371 13.553 6.613 1.387 0.000 0.000 0.000 0.000 2.764 9.749 15.628 25.741 36.741 43.483 54.568 57.558 70.780 76.663 94.324 104.978 102.061 103.330 119.453 114.977 119.100 114.492 119.062 104.156 92.580 77.393 60.625 42.088 27.033 11.574 0.000 0.000 -999.250 -999.250
1.462 0.000 0.000 0.000 0.000 0.000 0.000 0.000 0.000 0.000 0.000 0.000 0.000 0.000 0.000 0.000 0.000 0.000 0.000 0.000 0.000 0.000 0.000 0.000 0.000 3.875 7.425 10.592 14.218 17.641 18.922 17.348 10.917 5.690 0.000 0.000 0.000 0.000 0.000 0.845 8.136 14.807 22.292 31.824 42.092 47.122 59.475 75.375 80.366 91.913 91.910 100.068 100.491 110.457 105.857 102.168 115.289 114.783 88.956 87.218 65.133 50.724 32.302 17.611 5.136 0.000 0.000 -999.250 -999.250
0.000 0.000 0.000 0.000 0.000 0.000 0.000 0.000 0.000 0.000 0.000 0.000 0.000 0.000 0.000 0.000 0.000 0.000 0.000 0.000 0.000 0.000 0.000 0.000 0.000 1.482 5.143 7.945 12.550 14.232 12.896 11.692 7.558 3.476 0.000 0.000 0.000 0.000 0.000 0.000 3.821 12.502 21.805 29.461 35.773 42.626 57.776 70.695 78.305 81.697 90.273 92.099 96.498 99.828 101.560 103.633 96.915 92.252 77.302 74.452 51.702 34.246 18.912 9.715 0.473 0.000 0.000 -999.250 -999.250
0.000 0.000 0.000 0.000 0.000 0.000 0.000 0.000 0.000 0.000 0.000 0.000 0.000 0.000 0.000 0.000 0.000 0.000 0.000 0.000 0.000 0.000 0.000 0.000 0.000 0.000 3.160 6.074 8.043 9.347 9.009 6.289 3.830 1.015 0.000 0.000 0.000 0.000 0.000 0.000 1.458 9.774 17.233 26.755 33.194 42.407 57.454 61.308 70.687 81.838 79.084 78.260 89.634 89.047 92.400 86.934 90.426 85.840 65.325 51.468 38.398 27.192 14.990 3.452 0.000 0.000 -999.250 -999.250 -999.250
0.000 0.000 0.000 0.000 0.000 0.000 0.000 0.000 0.000 0.000 0.000 0.000 0.000 0.000 0.000 0.000 0.000 0.000 0.000 0.000 0.000 0.000 0.000 0.000 0.000 0.000 0.000 1.590 3.588 4.893 3.426 4.051 0.026 0.000 0.000 0.000 0.000 0.000 0.000 0.000 0.538 7.015 13.893 23.658 27.416 40.421 47.895 59.301 69.565 75.137 81.896 88.167 78.593 84.361 84.320 85.240 73.767 73.511 58.195 40.616 31.349 18.421 6.959 0.000 0.000 0.000 0.000 -999.250 -999.250
0.000 0.000 0.000 0.000 0.000 0.000 0.000 0.000 0.000 0.000 0.000 0.000 0.000 0.000 0.000 0.000 0.000 0.000 0.000 0.000 0.000 0.000 0.000 0.000 0.000 0.000 0.000 0.000 0.439 1.649 1.407 0.000 0.000 0.000 0.000 0.000 0.000 0.000 0.000 0.000 0.000 3.716 8.838 18.660 28.345 35.745 46.966 63.189 64.372 67.375 82.828 74.769 67.230 68.094 70.373 61.860 60.133 65.399 56.692 40.424 28.307 13.133 5.297 -999.250 -999.250 -999.250 -999.250 -999.250 -999.250
0.000 0.000 0.000 0.000 0.000 0.000 0.000 0.000 0.000 0.000 0.000 0.000 0.000 0.000 0.000 0.000 0.000 0.000 0.000 0.000 0.000 0.000 0.000 0.000 0.000 0.000 0.000 0.000 0.000 0.000 0.000 0.000 0.000 0.000 0.000 0.000 0.000 0.000 0.000 0.000 0.000 1.506 9.201 14.818 22.306 34.614 43.785 51.174 57.804 61.895 64.751 67.946 68.304 65.126 59.265 56.462 51.441 54.925 45.627 29.631 19.685 11.062 1.966 0.000 -999.250 -999.250 -999.250 -999.250 -999.250
0.000 0.000 0.000 0.000 1.413 0.287 0.000 0.000 0.000 0.000 0.000 0.000 0.000 0.000 0.000 0.000 0.000 0.000 0.000 0.000 0.000 0.000 0.000 0.000 0.000 0.000 0.000 0.000 0.000 0.000 0.000 0.000 0.000 0.000 0.000 0.000 0.000 0.000 0.000 0.000 0.000 2.480 7.170 12.188 18.823 26.223 36.903 40.768 48.820 57.607 61.845 68.300 63.542 61.706 55.462 52.373 47.078 39.621 35.546 24.320 16.895 9.824 -999.250 -999.250 -999.250 -999.250 -999.250 -999.250 -999.250
1.630 1.147 2.870 4.635 4.549 3.040 3.334 2.511 0.000 0.000 0.000 0.000 0.000 0.000 0.000 0.000 0.000 0.000 0.000 0.000 0.000 0.000 0.000 0.000 0.000 0.000 0.000 0.000 0.000 0.000 0.000 0.000 0.000 0.000 0.000 0.000 0.000 0.000 0.000 0.000 0.000 2.495 5.610 12.763 16.706 24.753 31.154 36.944 40.826 49.941 59.140 71.497 60.970 56.163 50.597 41.368 36.139 30.264 24.266 17.878 12.161 1.658 -999.250 -999.250 -999.250 -999.250 -999.250 -999.250 -999.250
4.082 6.323 7.837 8.939 10.390 8.063 8.339 8.006 3.856 0.890 0.000 0.000 0.000 0.000 0.000 0.000 0.000 0.000 0.905 2.561 1.717 0.000 0.000 0.000 0.000 0.000 0.000 0.000 0.000 0.000 0.000 0.000 0.000 0.000 0.000 0.000 0.000 0.000 0.000 0.000 0.480 4.298 7.158 9.881 15.454 19.774 27.316 30.097 36.301 41.492 46.552 53.313 52.048 46.030 42.028 35.854 28.966 24.346 17.799 12.544 5.439 -999.250 -999.250 -999.250 -999.250 -999.250 -999.250 -999.250 -999.250
5.509 9.133 13.547 14.160 14.806 16.098 14.954 11.857 8.895 6.228 3.818 0.000 0.000 0.000 0.000 0.000 0.000 0.000 3.617 9.412 3.934 2.089 0.000 0.000 0.000 0.000 0.000 0.000 0.000 0.000 0.000 0.000 0.000 0.000 0.000 2.046 3.478 1.880 0.695 1.716 4.989 5.920 8.451 9.015 12.886 14.751 21.005 26.155 31.221 33.237 37.662 39.259 37.253 35.713 31.847 27.420 23.019 18.409 11.867 -999.250 -999.250 -999.250 -999.250 -999.250 -999.250 -999.250 -999.250 -999.250 -999.250
8.979 12.695 16.094 24.567 25.980 25.866 22.337 20.817 14.705 9.429 6.743 2.900 0.000 0.000 0.000 0.000 0.000 0.111 3.701 4.223 3.982 2.681 0.481 0.000 0.000 0.000 0.000 0.000 0.000 0.000 0.000 0.000 1.370 3.671 6.945 8.502 10.208 8.783 8.162 6.343 6.373 7.218 9.237 8.315 11.413 13.813 17.546 20.287 23.870 25.275 31.753 31.645 28.136 24.871 24.636 17.868 15.385 12.031 6.132 -999.250 -999.250 -999.250 -999.250 -999.250 -999.250 -999.250 -999.250 -999.250 -999.250
8.245 16.138 23.340 29.496 32.152 35.167 32.061 26.840 20.588 15.914 10.492 5.728 2.205 0.000 0.000 0.000 0.000 0.017 4.002 4.106 3.835 2.581 0.575 0.000 0.000 0.000 0.000 0.000 0.000 0.000 0.000 2.051 7.313 10.651 13.192 15.267 18.804 15.586 12.233 10.853 9.844 11.209 10.287 10.290 9.251 11.595 12.455 14.275 16.202 19.647 23.179 22.782 19.936 15.671 -999.250 11.302 9.926 -999.250 -999.250 -999.250 -999.250 -999.250 -999.250 -999.250 -999.250 -999.250 -999.250 -999.250 -999.250
7.125 13.160 23.209 31.494 39.607 42.466 38.778 30.938 27.464 22.514 14.354 10.758 5.484 1.288 0.000 0.000 0.000 2.741 4.769 6.264 5.734 4.047 2.647 0.920 0.000 0.000 0.000 0.000 0.000 0.000 2.098 6.746 11.323 16.504 20.406 26.469 27.992 26.906 20.839 16.875 14.712 10.971 10.736 10.617 9.841 10.665 9.191 10.343 12.562 12.867 13.586 12.358 -999.250 -999.250 -999.250 -999.250 -999.250 -999.250 -999.250 -999.250 -999.250 -999.250 -999.250 -999.250 -999.250 -999.250 -999.250 -999.250 -999.250
5.737 9.227 17.855 30.081 41.660 53.432 43.746 36.628 31.109 27.708 21.726 14.234 10.462 5.289 0.000 0.000 1.101 2.600 6.816 9.121 9.303 8.328 6.502 4.136 2.093 0.000 0.000 0.000 0.000 0.000 3.494 8.285 15.321 24.891 29.826 36.653 37.332 31.999 26.305 20.281 15.910 13.895 12.155 9.667 8.210 7.426 5.863 7.140 7.715 9.514 8.277 -999.250 -999.250 -999.250 -999.250 -999.250 -999.250 -999.250 -999.250 -999.250 -999.250 -999.250 -999.250 -999.250 -999.250 -999.250 -999.250 -999.250 -999.250
1.844 5.496 11.845 19.553 33.629 60.615 40.084 35.082 33.716 29.751 27.832 19.807 16.132 7.710 2.102 1.514 1.740 5.164 9.135 11.473 14.021 13.488 11.931 8.749 4.052 2.152 0.000 0.000 0.000 0.199 3.908 10.315 17.022 26.744 39.125 46.705 43.974 37.814 30.392 22.826 20.152 18.112 13.638 8.747 6.381 4.579 3.152 4.282 4.313 2.561 3.128 -999.250 -999.250 -999.250 -999.250 -999.250 -999.250 -999.250 -999.250 -999.250 -999.250 -999.250 -999.250 -999.250 -999.250 -999.250 -999.250 -999.250 -999.250
0.000 0.148 3.174 8.162 9.623 0.000 21.142 29.395 33.410 37.275 35.397 29.757 21.382 10.645 4.223 0.346 3.726 7.011 11.148 16.929 20.109 18.830 14.716 11.551 7.990 4.947 0.469 0.000 0.000 2.164 3.789 10.187 18.253 30.669 44.020 64.977 50.386 39.762 31.472 26.930 21.366 16.902 13.695 8.407 5.802 2.627 0.791 0.057 0.000 0.000 -999.250 -999.250 -999.250 -999.250 -999.250 -999.250 -999.250 -999.250 -999.250 -999.250 -999.250 -999.250 -999.250 -999.250 -999.250 -999.250 -999.250 -999.250 -999.250
0.000 0.000 0.000 0.000 0.000 0.557 13.539 29.899 40.128 46.260 48.712 40.230 31.340 13.806 5.792 0.481 2.273 9.395 15.732 23.206 29.216 25.665 19.972 13.661 7.884 5.282 1.247 0.000 0.000 0.546 4.115 8.846 16.363 27.863 38.951 45.582 44.461 36.408 31.482 27.404 21.965 16.081 11.665 7.766 6.072 1.662 0.000 0.000 0.000 -999.250 -999.250 -999.250 -999.250 -999.250 -999.250 -999.250 -999.250 -999.250 -999.250 -999.250 -999.250 -999.250 -999.250 -999.250 -999.250 -999.250 -999.250 -999.250 -999.250
0.000 0.000 0.000 0.000 0.000 6.831 20.336 38.014 53.433 60.541 65.608 60.260 36.738 18.206 3.661 0.000 3.392 8.907 17.335 27.575 42.105 31.297 22.797 14.408 8.705 4.640 0.590 0.000 0.000 0.000 2.260 5.200 10.839 18.531 27.496 35.625 36.215 33.962 27.779 23.979 17.319 13.066 10.926 6.072 1.877 0.000 0.000 0.000 0.000 -999.250 -999.250 -999.250 -999.250 -999.250 -999.250 -999.250 -999.250 -999.250 -999.250 -999.250 -999.250 -999.250 -999.250 -999.250 -999.250 -999.250 -999.250 -999.250 -999.250
0.000 0.000 0.000 0.000 1.780 11.436 27.750 45.665 63.736 80.037 93.428 71.101 46.661 22.668 0.000 0.000 2.254 7.594 15.058 23.981 29.124 28.309 23.989 14.505 8.445 5.227 1.413 0.000 0.000 0.000 0.000 0.370 4.942 11.164 16.704 22.490 26.062 27.451 22.004 17.912 14.475 10.382 7.070 2.717 1.291 0.000 0.000 0.000 -999.250 -999.250 -999.250 -999.250 -999.250 -999.250 -999.250 -999.250 -999.250 -999.250 -999.250 -999.250 -999.250 -999.250 -999.250 -999.250 -999.250 -999.250 -999.250 -999.250 -999.250
0.000 0.000 0.000 0.000 4.017 13.659 30.265 50.709 71.327 97.607 121.338 86.623 56.414 28.122 8.851 0.351 1.938 6.110 10.153 17.900 21.498 20.190 16.422 13.926 8.579 4.468 1.576 0.000 0.000 0.000 0.000 0.000 0.000 4.057 11.124 13.734 15.355 17.027 14.196 11.861 10.585 7.512 3.927 1.644 0.000 0.000 0.000 0.000 -999.250 -999.250 -999.250 -999.250 -999.250 -999.250 -999.250 -999.250 -999.250 -999.250 -999.250 -999.250 -999.250 -999.250 -999.250 -999.250 -999.250 -999.250 -999.250 -999.250 -999.250
0.000 0.000 0.000 0.000 4.426 14.276 30.632 49.023 65.670 90.285 95.649 83.675 53.221 29.695 12.392 3.416 0.178 2.913 7.364 11.498 14.328 14.652 12.633 11.805 7.107 4.506 0.000 0.000 0.000 0.000 0.000 0.000 0.000 0.000 5.059 8.188 9.123 11.524 9.612 8.729 5.708 4.115 1.023 0.000 0.000 0.000 0.000 0.000 -999.250 -999.250 -999.250 -999.250 -999.250 -999.250 -999.250 -999.250 -999.250 -999.250 -999.250 -999.250 -999.250 -999.250 -999.250 -999.250 -999.250 -999.250 -999.250 -999.250 -999.250
0.000 0.000 0.000 0.000 4.987 13.242 29.275 42.509 59.367 69.256 70.999 61.217 44.507 29.030 13.692 5.717 0.645 1.760 4.076 6.595 7.381 9.346 8.760 8.038 4.778 0.461 0.000 0.000 0.000 0.000 0.000 0.000 0.000 0.000 0.000 4.253 4.820 6.152 3.684 2.471 2.066 1.368 0.000 0.000 0.000 0.000 0.000 -999.250 -999.250 -999.250 -999.250 -999.250 -999.250 -999.250 -999.250 -999.250 -999.250 -999.250 -999.250 -999.250 -999.250 -999.250 -999.250 -999.250 -999.250 -999.250 -999.250 -999.250 -999.250
0.000 0.000 0.000 0.000 5.285 14.054 24.591 36.615 49.310 56.799 55.838 45.503 35.823 21.366 11.081 3.431 0.000 0.000 0.446 3.576 3.707 4.182 3.830 3.696 1.564 0.000 0.000 0.000 0.000 0.000 0.000 0.000 0.000 0.000 0.000 0.207 0.914 1.819 1.812 1.670 0.000 0.000 0.000 0.000 0.000 0.000 0.000 -999.250 -999.250 -999.250 -999.250 -999.250 -999.250 -999.250 -999.250 -999.250 -999.250 -999.250 -999.250 -999.250 -999.250 -999.250 -999.250 -999.250 -999.250 -999.250 -999.250 -999.250 -999.250
0.000 0.000 0.000 0.000 4.822 11.832 17.873 27.609 36.853 41.884 37.723 33.211 24.198 13.034 4.843 0.000 0.000 0.000 0.000 0.000 0.000 0.591 0.000 0.000 0.000 0.000 0.000 0.000 0.000 0.000 0.000 0.000 0.000 0.000 0.000 0.000 0.000 0.000 0.000 0.000 0.000 0.000 0.000 0.000 0.000 0.000 -999.250 -999.250 -999.250 -999.250 -999.250 -999.250 -999.250 -999.250 -999.250 -999.250 -999.250 -999.250 -999.250 -999.250 -999.250 -999.250 -999.250 -999.250 -999.250 -999.250 -999.250 -999.250 -999.250
