data/medianmodel_17-Jan-2021.asc
ncols	141
nrows	288
xllcorner	-120191.398
yllcorner	-301404.813
cellsize	2000.000
NODATA_value	-999.250
[rows 224 to 251 of 288, columns 63 to 125 of 141]
2189.652 2654.476 2888.356 3014.968 3154.473 3363.953 3421.650 3439.890 3255.777 3376.218 3039.997 2673.910 2423.584 2024.846 1798.354 1550.013 1430.124 1301.440 1187.915 1163.155 1093.771 1014.176 1020.114 962.931 1032.620 1019.233 1082.029 1133.189 1208.748 1237.814 1247.801 1185.864 1253.198 1259.561 1258.013 1291.575 1274.118 1333.323 1403.623 1406.404 1409.058 1405.393 1446.988 1511.220 1527.423 1505.076 1497.290 -999.250 -999.250 -999.250 -999.250 -999.250 -999.250 -999.250 -999.250 -999.250 -999.250 -999.250 -999.250 -999.250 -999.250 -999.250 -999.250
2228.639 2437.935 2755.645 2662.714 2842.550 2977.769 3039.063 3043.085 3083.794 3010.259 2627.028 2422.559 2122.509 1911.009 1672.084 1516.877 1410.737 1323.192 1186.754 1110.646 1113.427 1028.273 1018.449 1010.351 981.198 1021.978 1074.821 1122.585 1122.846 1164.118 1172.282 1205.390 1219.849 1216.287 1199.445 1233.268 1313.385 1327.304 1338.917 1388.845 1383.566 1403.440 1487.881 1514.980 1459.739 1490.179 1504.908 -999.250 -999.250 -999.250 -999.250 -999.250 -999.250 -999.250 -999.250 -999.250 -999.250 -999.250 -999.250 -999.250 -999.250 -999.250 -999.250
2081.862 2341.689 2426.791 2495.430 2608.356 2681.839 2803.487 2798.192 2700.612 2403.741 2283.041 2128.198 2014.725 1819.335 1627.537 1521.600 1423.773 1298.553 1193.087 1108.363 1032.952 1007.571 1044.315 961.757 932.177 985.995 1041.998 1051.301 1099.789 1093.840 1136.019 1156.234 1181.510 1210.432 1212.224 1236.286 1307.297 1361.511 1361.607 1418.655 1410.815 1432.097 1462.989 1439.500 1475.463 1451.728 1459.175 -999.250 -999.250 -999.250 -999.250 -999.250 -999.250 -999.250 -999.250 -999.250 -999.250 -999.250 -999.250 -999.250 -999.250 -999.250 -999.250
1949.666 2095.094 2198.188 2219.782 2448.398 2489.503 2363.412 2428.760 2308.097 2122.728 2018.082 1915.959 1862.237 1672.920 1546.405 1414.205 1325.883 1180.548 1144.392 1045.294 1010.099 992.836 958.190 915.168 889.725 960.180 986.054 992.505 1005.889 1015.787 1046.693 1105.402 1101.393 1141.356 1240.390 1273.305 1250.864 1312.429 1304.097 1400.622 1384.744 1418.193 1416.098 1466.053 1445.752 1473.270 -999.250 -999.250 -999.250 -999.250 -999.250 -999.250 -999.250 -999.250 -999.250 -999.250 -999.250 -999.250 -999.250 -999.250 -999.250 -999.250 -999.250
1810.145 1916.195 2034.092 2146.468 2237.709 2138.523 1984.910 2017.158 1972.382 1952.822 1810.377 1699.429 1733.025 1532.566 1450.699 1306.953 1241.564 1219.665 1123.926 1043.577 953.795 926.048 851.459 896.946 834.286 931.533 933.630 959.694 972.069 1000.817 1022.156 1070.977 1065.152 1146.778 1202.262 1247.178 1234.281 1297.540 1299.551 1346.461 1382.435 -999.250 -999.250 1435.350 1452.796 1421.485 -999.250 -999.250 -999.250 -999.250 -999.250 -999.250 -999.250 -999.250 -999.250 -999.250 -999.250 -999.250 -999.250 -999.250 -999.250 -999.250 -999.250
1584.409 1669.634 1819.707 1862.700 1845.642 1839.068 1749.658 1637.928 1689.879 1674.108 1590.185 1575.769 1496.750 1435.202 1395.090 1289.318 1198.410 1169.368 1103.348 1021.993 951.405 891.385 787.667 760.031 823.895 811.750 837.480 921.358 961.880 992.687 1020.031 1065.174 1044.762 1110.234 1157.221 1235.123 1236.969 1311.615 1320.913 1381.827 1362.885 -999.250 -999.250 -999.250 -999.250 -999.250 -999.250 -999.250 -999.250 -999.250 -999.250 -999.250 -999.250 -999.250 -999.250 -999.250 -999.250 -999.250 -999.250 -999.250 -999.250 -999.250 -999.250
1505.523 1501.541 1582.767 1665.077 1672.505 1607.000 1560.681 1555.718 1537.429 1532.896 1469.611 1475.895 1444.906 1387.825 1326.597 1222.679 1145.056 1118.254 1070.311 1003.774 905.118 866.556 789.394 750.681 776.867 775.139 796.646 815.128 863.165 949.683 939.561 1026.773 1054.415 1087.401 1154.198 1254.723 1236.928 -999.250 -999.250 1340.338 -999.250 -999.250 -999.250 -999.250 -999.250 -999.250 -999.250 -999.250 -999.250 -999.250 -999.250 -999.250 -999.250 -999.250 -999.250 -999.250 -999.250 -999.250 -999.250 -999.250 -999.250 -999.250 -999.250
1404.515 1462.582 1458.355 1482.885 1507.097 1514.719 1458.405 1459.206 1435.432 1460.074 1407.590 1422.558 1331.058 1282.725 1272.413 1158.843 1176.469 1053.375 1007.593 984.943 893.634 823.240 770.037 748.804 751.250 733.654 758.682 786.849 806.241 833.971 891.772 1042.036 1009.073 1088.002 1127.930 -999.250 -999.250 -999.250 -999.250 -999.250 -999.250 -999.250 -999.250 -999.250 -999.250 -999.250 -999.250 -999.250 -999.250 -999.250 -999.250 -999.250 -999.250 -999.250 -999.250 -999.250 -999.250 -999.250 -999.250 -999.250 -999.250 -999.250 -999.250
1310.246 1373.450 1374.410 1430.167 1419.333 1423.123 1380.460 1379.784 1397.932 1389.332 1305.122 1367.643 1230.069 1259.061 1189.188 1159.644 1081.949 1067.844 953.369 873.420 843.940 796.732 746.632 745.636 742.421 721.864 755.686 742.402 809.908 863.140 886.337 950.010 1014.451 1088.853 1200.865 -999.250 -999.250 -999.250 -999.250 -999.250 -999.250 -999.250 -999.250 -999.250 -999.250 -999.250 -999.250 -999.250 -999.250 -999.250 -999.250 -999.250 -999.250 -999.250 -999.250 -999.250 -999.250 -999.250 -999.250 -999.250 -999.250 -999.250 -999.250
1218.775 1270.607 1269.083 1322.704 1302.159 1304.451 1287.338 1288.319 1274.236 1277.914 1318.316 1264.310 1255.391 1205.921 1134.778 1091.383 1019.899 1001.640 961.942 843.812 768.880 733.886 741.288 709.512 726.038 715.605 731.674 757.129 826.403 834.103 918.567 948.276 1015.109 1049.380 1154.695 -999.250 -999.250 -999.250 -999.250 -999.250 -999.250 -999.250 -999.250 -999.250 -999.250 -999.250 -999.250 -999.250 -999.250 -999.250 -999.250 -999.250 -999.250 -999.250 -999.250 -999.250 -999.250 -999.250 -999.250 -999.250 -999.250 -999.250 -999.250
1134.734 1154.138 1195.662 1232.178 1290.301 1301.947 1252.188 1244.269 1227.967 1209.995 1250.621 1233.745 1199.476 1150.902 1110.656 1041.979 1018.471 944.595 874.899 822.664 762.286 748.884 707.122 711.626 708.980 731.456 720.868 760.734 768.606 823.939 939.038 965.303 988.069 1100.080 1194.794 -999.250 -999.250 -999.250 -999.250 -999.250 -999.250 -999.250 -999.250 -999.250 -999.250 -999.250 -999.250 -999.250 -999.250 -999.250 -999.250 -999.250 -999.250 -999.250 -999.250 -999.250 -999.250 -999.250 -999.250 -999.250 -999.250 -999.250 -999.250
1015.385 1108.559 1078.169 1134.871 1213.951 1177.099 1203.256 1184.235 1135.656 1154.287 1192.186 1220.294 1148.726 1088.993 1114.033 1045.905 1035.370 979.196 893.122 826.580 779.683 717.190 676.297 678.340 701.502 737.964 730.437 718.604 744.676 839.663 952.730 986.187 1017.935 1095.071 -999.250 -999.250 -999.250 -999.250 -999.250 -999.250 -999.250 -999.250 -999.250 -999.250 -999.250 -999.250 -999.250 -999.250 -999.250 -999.250 -999.250 -999.250 -999.250 -999.250 -999.250 -999.250 -999.250 -999.250 -999.250 -999.250 -999.250 -999.250 -999.250
975.884 979.416 996.050 1028.378 1079.499 1106.082 1145.016 1167.064 1138.221 1143.907 1151.045 1172.072 1144.632 1127.605 1072.676 1043.583 998.876 997.134 953.040 845.964 748.792 699.539 608.221 665.888 691.429 737.961 743.406 788.237 760.444 840.767 907.589 1005.615 1078.376 1157.968 -999.250 -999.250 -999.250 -999.250 -999.250 -999.250 -999.250 -999.250 -999.250 -999.250 -999.250 -999.250 -999.250 -999.250 -999.250 -999.250 -999.250 -999.250 -999.250 -999.250 -999.250 -999.250 -999.250 -999.250 -999.250 -999.250 -999.250 -999.250 -999.250
934.132 888.693 911.492 964.802 1034.802 1064.495 1060.985 1089.834 1121.883 1162.445 1151.127 1123.764 1166.877 1103.249 1115.264 1064.895 1045.228 1044.229 958.285 850.133 796.466 723.430 682.521 687.702 689.638 715.968 742.791 802.842 794.650 856.128 1002.149 1096.259 1139.209 1224.799 -999.250 -999.250 -999.250 -999.250 -999.250 -999.250 -999.250 -999.250 -999.250 -999.250 -999.250 -999.250 -999.250 -999.250 -999.250 -999.250 -999.250 -999.250 -999.250 -999.250 -999.250 -999.250 -999.250 -999.250 -999.250 -999.250 -999.250 -999.250 -999.250
880.727 819.542 904.011 933.483 977.345 1041.691 1057.976 1083.183 1088.445 1125.162 1139.484 1121.223 1152.574 1104.828 1067.296 1048.096 1048.430 989.942 1005.641 940.859 841.774 779.648 724.053 729.341 742.870 724.520 732.986 805.168 873.344 938.033 1031.003 1094.454 1138.917 -999.250 -999.250 -999.250 -999.250 -999.250 -999.250 -999.250 -999.250 -999.250 -999.250 -999.250 -999.250 -999.250 -999.250 -999.250 -999.250 -999.250 -999.250 -999.250 -999.250 -999.250 -999.250 -999.250 -999.250 -999.250 -999.250 -999.250 -999.250 -999.250 -999.250
796.900 813.694 844.387 920.708 962.980 927.654 989.060 1050.333 1132.997 1065.980 1134.931 1141.313 1146.021 1140.546 1128.754 1074.884 1089.786 1020.979 937.574 900.754 910.916 853.077 828.742 795.732 789.914 754.826 820.335 865.927 943.163 1010.613 1061.727 1107.905 1148.604 -999.250 -999.250 -999.250 -999.250 -999.250 -999.250 -999.250 -999.250 -999.250 -999.250 -999.250 -999.250 -999.250 -999.250 -999.250 -999.250 -999.250 -999.250 -999.250 -999.250 -999.250 -999.250 -999.250 -999.250 -999.250 -999.250 -999.250 -999.250 -999.250 -999.250
776.301 793.615 834.321 872.213 919.270 846.206 987.390 1006.155 1050.231 1092.553 1106.423 1157.748 1173.282 1143.109 1154.994 1126.552 1105.432 1050.057 1023.629 1011.731 939.109 931.800 894.619 864.414 872.423 852.693 926.162 964.980 979.514 928.862 1052.880 1085.190 -999.250 -999.250 -999.250 -999.250 -999.250 -999.250 -999.250 -999.250 -999.250 -999.250 -999.250 -999.250 -999.250 -999.250 -999.250 -999.250 -999.250 -999.250 -999.250 -999.250 -999.250 -999.250 -999.250 -999.250 -999.250 -999.250 -999.250 -999.250 -999.250 -999.250 -999.250
741.947 732.109 789.728 848.997 864.577 907.623 960.995 1010.664 1035.003 1132.128 1089.097 1096.974 1160.462 1197.086 1160.823 1162.574 1129.550 1115.274 1079.221 1000.288 1042.445 975.173 993.112 965.283 895.697 978.319 989.239 1020.382 1026.145 1024.430 1108.480 -999.250 -999.250 -999.250 -999.250 -999.250 -999.250 -999.250 -999.250 -999.250 -999.250 -999.250 -999.250 -999.250 -999.250 -999.250 -999.250 -999.250 -999.250 -999.250 -999.250 -999.250 -999.250 -999.250 -999.250 -999.250 -999.250 -999.250 -999.250 -999.250 -999.250 -999.250 -999.250
697.594 750.790 831.325 820.663 823.592 892.497 942.649 1001.162 1075.825 1090.771 1047.861 1113.734 1142.587 1175.870 1206.628 1191.798 1207.140 1188.730 1159.668 1118.838 1106.481 1062.747 1011.591 967.868 990.806 1029.830 1016.890 1026.637 1091.927 1101.435 -999.250 -999.250 -999.250 -999.250 -999.250 -999.250 -999.250 -999.250 -999.250 -999.250 -999.250 -999.250 -999.250 -999.250 -999.250 -999.250 -999.250 -999.250 -999.250 -999.250 -999.250 -999.250 -999.250 -999.250 -999.250 -999.250 -999.250 -999.250 -999.250 -999.250 -999.250 -999.250 -999.250
675.406 745.904 792.318 790.275 848.256 847.289 944.417 963.066 1081.675 1078.937 1120.514 1146.850 1143.191 1213.184 1208.272 1296.234 1250.670 1263.692 1254.829 1200.103 1117.495 1110.856 1056.527 1081.546 1052.320 1025.680 1006.338 1035.092 -999.250 -999.250 -999.250 -999.250 -999.250 -999.250 -999.250 -999.250 -999.250 -999.250 -999.250 -999.250 -999.250 -999.250 -999.250 -999.250 -999.250 -999.250 -999.250 -999.250 -999.250 -999.250 -999.250 -999.250 -999.250 -999.250 -999.250 -999.250 -999.250 -999.250 -999.250 -999.250 -999.250 -999.250 -999.250
669.617 707.278 736.513 778.297 796.042 916.885 945.948 968.414 1016.251 1092.170 1119.793 1183.641 1209.102 1222.804 1323.641 1336.101 1296.585 1361.214 1353.922 1331.937 1203.094 1161.945 1137.201 1100.776 1067.469 1053.096 1097.103 1052.012 -999.250 -999.250 -999.250 -999.250 -999.250 -999.250 -999.250 -999.250 -999.250 -999.250 -999.250 -999.250 -999.250 -999.250 -999.250 -999.250 -999.250 -999.250 -999.250 -999.250 -999.250 -999.250 -999.250 -999.250 -999.250 -999.250 -999.250 -999.250 -999.250 -999.250 -999.250 -999.250 -999.250 -999.250 -999.250
694.388 753.868 774.947 763.393 814.044 864.947 967.008 1007.150 1040.356 1091.526 1122.941 1187.687 1167.832 1249.973 1339.421 1360.692 1397.305 1454.231 1459.117 1346.613 1270.557 1205.755 1162.598 1152.038 1148.101 1105.850 1116.649 1110.171 -999.250 -999.250 -999.250 -999.250 -999.250 -999.250 -999.250 -999.250 -999.250 -999.250 -999.250 -999.250 -999.250 -999.250 -999.250 -999.250 -999.250 -999.250 -999.250 -999.250 -999.250 -999.250 -999.250 -999.250 -999.250 -999.250 -999.250 -999.250 -999.250 -999.250 -999.250 -999.250 -999.250 -999.250 -999.250
712.973 780.181 809.392 813.910 878.530 974.867 980.427 1031.526 1049.164 1061.664 1143.259 1146.691 1189.015 1266.473 1366.697 1423.110 1487.656 1579.290 1506.065 1401.747 1300.159 1225.494 1201.378 1183.463 1194.454 1153.165 1121.881 -999.250 -999.250 -999.250 -999.250 -999.250 -999.250 -999.250 -999.250 -999.250 -999.250 -999.250 -999.250 -999.250 -999.250 -999.250 -999.250 -999.250 -999.250 -999.250 -999.250 -999.250 -999.250 -999.250 -999.250 -999.250 -999.250 -999.250 -999.250 -999.250 -999.250 -999.250 -999.250 -999.250 -999.250 -999.250 -999.250
811.284 848.206 845.523 867.964 863.496 932.251 982.544 1025.324 1053.290 1112.610 1105.146 1168.805 1200.317 1299.057 1393.265 1410.266 1485.529 1512.315 1453.970 1396.298 1327.247 1283.945 1247.588 1202.517 1192.178 1206.111 1180.698 -999.250 -999.250 -999.250 -999.250 -999.250 -999.250 -999.250 -999.250 -999.250 -999.250 -999.250 -999.250 -999.250 -999.250 -999.250 -999.250 -999.250 -999.250 -999.250 -999.250 -999.250 -999.250 -999.250 -999.250 -999.250 -999.250 -999.250 -999.250 -999.250 -999.250 -999.250 -999.250 -999.250 -999.250 -999.250 -999.250
914.656 894.217 891.178 924.339 967.173 1015.413 1044.649 1112.551 1095.792 1172.860 1156.871 1233.399 1222.375 1333.838 1408.443 1373.796 1412.570 1482.507 1416.938 1365.769 1321.528 1292.240 1250.081 1209.565 1163.062 1201.220 1197.340 -999.250 -999.250 -999.250 -999.250 -999.250 -999.250 -999.250 -999.250 -999.250 -999.250 -999.250 -999.250 -999.250 -999.250 -999.250 -999.250 -999.250 -999.250 -999.250 -999.250 -999.250 -999.250 -999.250 -999.250 -999.250 -999.250 -999.250 -999.250 -999.250 -999.250 -999.250 -999.250 -999.250 -999.250 -999.250 -999.250
980.598 1019.724 902.821 968.009 1006.319 1040.018 1079.318 1100.636 1124.071 1143.842 1213.629 1222.541 1241.047 1293.748 1340.909 1368.704 1423.907 1390.359 1327.389 1314.910 1336.911 1289.886 1260.049 1226.601 1208.046 1185.313 1143.563 -999.250 -999.250 -999.250 -999.250 -999.250 -999.250 -999.250 -999.250 -999.250 -999.250 -999.250 -999.250 -999.250 -999.250 -999.250 -999.250 -999.250 -999.250 -999.250 -999.250 -999.250 -999.250 -999.250 -999.250 -999.250 -999.250 -999.250 -999.250 -999.250 -999.250 -999.250 -999.250 -999.250 -999.250 -999.250 -999.250
1074.039 1065.241 1048.615 1079.981 1019.192 1100.665 1107.731 1109.013 1156.781 1177.655 1213.255 1205.385 1269.491 1273.004 1293.394 1381.388 1393.249 1352.486 1356.111 1317.648 1302.042 1330.106 1207.377 1170.051 1177.977 1106.601 -999.250 -999.250 -999.250 -999.250 -999.250 -999.250 -999.250 -999.250 -999.250 -999.250 -999.250 -999.250 -999.250 -999.250 -999.250 -999.250 -999.250 -999.250 -999.250 -999.250 -999.250 -999.250 -999.250 -999.250 -999.250 -999.250 -999.250 -999.250 -999.250 -999.250 -999.250 -999.250 -999.250 -999.250 -999.250 -999.250 -999.250
1099.169 1166.287 1126.752 1100.354 1137.717 1128.946 1143.025 1145.762 1148.728 1169.308 1235.153 1247.642 1205.837 1220.563 1246.076 1334.707 1351.512 1368.819 1297.539 1274.082 1200.488 1244.771 1192.825 1153.599 1139.830 -999.250 -999.250 -999.250 -999.250 -999.250 -999.250 -999.250 -999.250 -999.250 -999.250 -999.250 -999.250 -999.250 -999.250 -999.250 -999.250 -999.250 -999.250 -999.250 -999.250 -999.250 -999.250 -999.250 -999.250 -999.250 -999.250 -999.250 -999.250 -999.250 -999.250 -999.250 -999.250 -999.250 -999.250 -999.250 -999.250 -999.250 -999.250
