data/medianmodel_08-Apr-2020.asc
ncols	141
nrows	288
xllcorner	-120191.398
yllcorner	-301404.813
cellsize	2000.000
NODATA_value	-999.250
[rows 90 to 119 of 288, columns 0 to 67 of 141]
-999.250 -999.250 -999.250 -999.250 -999.250 -999.250 -999.250 -999.250 -999.250 -999.250 -999.250 -999.250 -999.250 -999.250 -999.250 -999.250 -999.250 -999.250 -999.250 -999.250 -999.250 -999.250 -999.250 -999.250 -999.250 -999.250 -999.250 -999.250 -999.250 -999.250 -999.250 -999.250 47.935 42.558 43.809 45.394 43.975 45.566 44.715 48.265 44.825 35.470 25.380 23.837 25.814 29.736 26.393 28.344 25.975 26.577 25.772 23.871 23.952 18.539 18.198 21.168 20.790 15.105 15.123 15.148 14.388 15.580 15.176 25.644 32.407 48.437 55.821 51.763
-999.250 -999.250 -999.250 -999.250 -999.250 -999.250 -999.250 -999.250 -999.250 -999.250 -999.250 -999.250 -999.250 -999.250 -999.250 -999.250 -999.250 -999.250 -999.250 -999.250 -999.250 -999.250 -999.250 -999.250 -999.250 -999.250 -999.250 -999.250 -999.250 -999.250 -999.250 -999.250 37.950 35.517 31.605 33.198 31.425 33.801 36.888 39.601 34.542 29.505 24.753 24.001 26.503 26.259 25.584 27.757 29.007 25.247 25.048 23.372 21.352 18.449 21.873 22.992 20.021 13.583 14.416 15.783 17.994 19.581 25.454 31.726 37.655 52.229 56.198 58.663
-999.250 -999.250 -999.250 -999.250 -999.250 -999.250 -999.250 -999.250 -999.250 -999.250 -999.250 -999.250 -999.250 -999.250 -999.250 -999.250 -999.250 -999.250 -999.250 -999.250 -999.250 -999.250 -999.250 -999.250 -999.250 -999.250 -999.250 -999.250 -999.250 -999.250 -999.250 34.869 36.768 33.446 26.504 23.557 24.986 27.468 29.675 33.594 35.075 30.631 25.005 27.089 29.662 28.277 29.386 28.622 31.885 28.128 26.681 23.031 22.985 24.081 23.520 19.826 19.231 19.680 16.150 19.355 20.623 23.917 28.351 29.158 39.351 53.419 55.277 51.008
-999.250 -999.250 -999.250 -999.250 -999.250 -999.250 -999.250 -999.250 -999.250 -999.250 -999.250 -999.250 -999.250 -999.250 -999.250 -999.250 -999.250 -999.250 -999.250 -999.250 -999.250 -999.250 -999.250 -999.250 -999.250 -999.250 -999.250 -999.250 -999.250 -999.250 -999.250 29.127 31.004 25.690 23.608 21.981 23.038 26.264 27.550 28.623 32.586 34.607 34.533 29.585 30.565 30.785 33.018 29.892 26.683 28.002 24.990 25.291 23.536 25.264 25.259 24.811 24.305 23.106 21.282 22.003 25.947 28.714 32.459 35.073 38.515 51.232 51.346 54.966
-999.250 -999.250 -999.250 -999.250 -999.250 -999.250 -999.250 -999.250 -999.250 -999.250 -999.250 -999.250 -999.250 -999.250 -999.250 -999.250 -999.250 -999.250 -999.250 -999.250 -999.250 -999.250 -999.250 -999.250 -999.250 -999.250 -999.250 -999.250 -999.250 -999.250 -999.250 28.060 21.749 19.638 15.909 18.992 23.258 27.133 31.180 37.781 34.946 36.876 34.666 34.151 33.350 37.070 33.227 30.550 29.428 27.896 26.765 27.027 26.153 26.592 28.545 29.575 28.760 27.244 24.617 22.670 25.442 25.592 28.833 32.891 35.599 47.724 46.387 53.932
-999.250 -999.250 -999.250 -999.250 -999.250 -999.250 -999.250 -999.250 -999.250 -999.250 -999.250 -999.250 -999.250 -999.250 -999.250 -999.250 -999.250 -999.250 -999.250 -999.250 -999.250 -999.250 -999.250 -999.250 -999.250 -999.250 -999.250 -999.250 -999.250 -999.250 -999.250 19.356 17.613 13.196 8.452 15.832 26.833 30.217 36.037 34.219 43.353 38.281 36.645 40.219 33.337 32.957 34.671 32.850 30.328 25.823 29.796 29.759 33.268 30.543 27.343 32.031 29.504 30.407 25.489 21.721 22.197 26.932 28.109 30.355 34.582 35.292 38.709 44.423
-999.250 -999.250 -999.250 -999.250 -999.250 -999.250 -999.250 -999.250 -999.250 -999.250 -999.250 -999.250 -999.250 -999.250 -999.250 -999.250 -999.250 -999.250 -999.250 -999.250 -999.250 -999.250 -999.250 -999.250 -999.250 -999.250 -999.250 -999.250 -999.250 -999.250 19.251 17.098 15.368 12.624 13.976 15.859 22.996 29.179 32.776 41.642 42.179 41.982 49.884 37.229 36.120 36.365 31.203 30.847 29.348 30.100 29.907 27.568 32.073 32.692 32.383 37.052 33.897 33.805 27.219 19.135 21.426 26.451 24.496 24.914 27.751 31.430 35.922 34.074
-999.250 -999.250 -999.250 -999.250 -999.250 -999.250 -999.250 -999.250 -999.250 -999.250 -999.250 -999.250 -999.250 -999.250 -999.250 -999.250 -999.250 -999.250 -999.250 -999.250 -999.250 -999.250 -999.250 -999.250 -999.250 -999.250 -999.250 -999.250 -999.250 -999.250 19.387 15.817 17.079 17.326 16.973 21.553 27.996 32.425 36.545 53.027 53.160 49.781 48.126 41.356 40.008 37.493 35.151 32.955 32.753 32.978 34.654 34.635 34.363 32.926 38.319 42.447 40.182 40.740 32.126 25.468 24.286 22.621 22.960 21.664 22.716 23.933 29.029 31.173
-999.250 -999.250 -999.250 -999.250 -999.250 -999.250 -999.250 -999.250 -999.250 -999.250 -999.250 -999.250 -999.250 -999.250 -999.250 -999.250 -999.250 -999.250 -999.250 -999.250 -999.250 -999.250 -999.250 -999.250 -999.250 -999.250 -999.250 -999.250 -999.250 -999.250 20.034 16.718 17.244 18.481 21.843 26.507 30.459 36.770 53.461 64.281 68.090 69.050 60.297 56.205 51.363 45.142 40.387 34.413 37.096 39.416 43.747 33.019 34.705 36.566 39.877 45.390 49.420 56.799 42.398 29.570 27.076 24.996 20.541 21.075 17.593 20.521 23.764 26.737
-999.250 -999.250 -999.250 -999.250 -999.250 -999.250 -999.250 -999.250 -999.250 -999.250 -999.250 -999.250 -999.250 -999.250 -999.250 -999.250 -999.250 -999.250 -999.250 -999.250 -999.250 -999.250 -999.250 -999.250 -999.250 -999.250 -999.250 -999.250 -999.250 -999.250 21.309 19.389 17.884 20.978 25.119 32.099 36.455 51.574 60.912 78.478 88.544 76.963 71.908 72.857 62.054 56.103 53.012 52.593 51.519 43.301 40.431 42.981 42.750 44.966 48.273 49.753 49.921 53.474 39.194 35.926 29.918 24.829 21.302 23.697 19.735 19.995 21.449 21.070
-999.250 -999.250 -999.250 -999.250 -999.250 -999.250 -999.250 -999.250 -999.250 -999.250 -999.250 -999.250 -999.250 -999.250 -999.250 -999.250 -999.250 -999.250 -999.250 -999.250 -999.250 -999.250 -999.250 -999.250 -999.250 -999.250 -999.250 -999.250 -999.250 22.494 24.174 18.711 21.844 23.752 31.003 45.508 44.003 55.382 76.910 81.309 84.884 86.883 87.760 81.682 71.673 64.522 64.761 63.069 56.736 57.534 51.728 41.701 40.795 51.044 47.806 53.857 46.370 43.822 35.431 33.519 29.206 23.265 25.098 22.301 20.075 21.659 18.884 17.305
-999.250 -999.250 -999.250 -999.250 -999.250 -999.250 -999.250 -999.250 -999.250 -999.250 -999.250 -999.250 -999.250 -999.250 -999.250 -999.250 -999.250 -999.250 -999.250 -999.250 -999.250 -999.250 -999.250 -999.250 -999.250 -999.250 -999.250 -999.250 -999.250 20.913 21.386 21.501 21.422 28.961 34.237 47.647 56.612 62.672 73.185 87.772 86.947 99.657 97.374 93.523 82.163 83.240 79.515 76.903 65.693 63.908 62.047 49.623 45.308 49.559 39.252 44.010 44.549 38.540 33.154 27.631 26.119 23.832 26.011 21.863 23.154 20.989 17.737 19.142
-999.250 -999.250 -999.250 -999.250 -999.250 -999.250 -999.250 -999.250 -999.250 -999.250 -999.250 -999.250 -999.250 -999.250 -999.250 -999.250 -999.250 -999.250 -999.250 -999.250 -999.250 -999.250 -999.250 -999.250 -999.250 -999.250 -999.250 -999.250 -999.250 19.463 20.761 22.753 23.298 29.033 34.039 41.357 56.326 58.477 76.780 81.091 85.058 101.674 104.267 113.057 116.043 103.291 91.584 99.677 94.279 83.489 64.879 56.058 43.421 43.815 40.543 37.287 34.787 34.745 31.758 24.489 22.535 22.830 23.881 24.170 25.935 24.360 21.236 21.207
-999.250 -999.250 -999.250 -999.250 -999.250 -999.250 -999.250 -999.250 -999.250 -999.250 -999.250 -999.250 -999.250 -999.250 -999.250 -999.250 -999.250 -999.250 -999.250 -999.250 -999.250 -999.250 -999.250 -999.250 -999.250 -999.250 -999.250 -999.250 -999.250 19.980 21.308 21.837 25.514 26.188 39.293 43.810 53.856 66.156 73.880 76.654 88.496 105.258 112.771 131.750 124.775 122.483 121.509 107.575 96.797 86.201 83.967 62.834 51.561 40.070 37.551 35.264 34.868 31.053 29.136 26.708 23.527 23.268 24.162 23.392 25.165 26.155 21.569 17.821
-999.250 -999.250 -999.250 -999.250 -999.250 -999.250 -999.250 -999.250 -999.250 -999.250 -999.250 -999.250 -999.250 -999.250 -999.250 -999.250 -999.250 -999.250 -999.250 -999.250 -999.250 -999.250 -999.250 -999.250 -999.250 -999.250 -999.250 -999.250 23.309 19.384 21.847 20.567 27.026 27.443 34.106 41.939 48.336 55.937 64.895 68.477 81.634 102.130 119.471 121.662 134.065 153.198 160.081 143.660 118.521 97.039 85.497 65.022 53.838 42.876 35.504 30.175 29.287 28.099 27.993 27.911 22.026 25.931 27.515 23.912 22.067 22.850 20.819 17.703
-999.250 -999.250 -999.250 -999.250 -999.250 -999.250 -999.250 -999.250 -999.250 -999.250 -999.250 -999.250 -999.250 -999.250 -999.250 -999.250 -999.250 -999.250 -999.250 -999.250 -999.250 -999.250 -999.250 -999.250 -999.250 -999.250 -999.250 -999.250 24.096 20.724 21.785 23.412 28.890 31.360 34.410 38.558 52.756 52.780 70.374 84.807 89.590 120.970 134.132 147.011 168.191 175.363 188.572 172.729 129.153 101.336 84.440 70.455 59.480 47.351 34.933 31.075 30.084 34.774 31.504 33.455 27.933 26.703 26.265 23.600 21.605 22.659 22.806 20.317
-999.250 -999.250 -999.250 -999.250 -999.250 -999.250 -999.250 -999.250 -999.250 -999.250 -999.250 -999.250 -999.250 -999.250 -999.250 -999.250 -999.250 -999.250 -999.250 -999.250 -999.250 -999.250 -999.250 -999.250 -999.250 -999.250 -999.250 27.224 21.608 23.018 23.707 25.909 29.154 30.025 32.414 42.063 51.220 49.115 59.467 72.423 91.786 122.916 148.435 163.363 165.991 174.606 179.481 162.965 141.650 105.813 100.817 71.373 55.558 43.062 32.455 31.528 31.278 37.222 39.414 44.866 42.177 37.449 28.117 24.396 24.801 26.585 27.207 24.003
-999.250 -999.250 -999.250 -999.250 -999.250 -999.250 -999.250 -999.250 -999.250 -999.250 -999.250 -999.250 -999.250 -999.250 -999.250 -999.250 -999.250 -999.250 -999.250 -999.250 -999.250 -999.250 -999.250 -999.250 -999.250 -999.250 -999.250 22.098 20.932 25.197 23.018 25.877 27.890 31.231 33.433 37.308 46.040 54.656 63.602 78.653 95.100 112.327 143.161 170.339 190.018 187.849 181.819 155.550 155.146 127.019 95.306 72.830 61.922 41.869 28.823 31.835 32.461 46.409 48.239 56.337 54.712 41.232 35.630 27.238 31.593 29.666 27.800 28.321
-999.250 -999.250 -999.250 -999.250 -999.250 -999.250 -999.250 -999.250 -999.250 -999.250 -999.250 -999.250 -999.250 -999.250 -999.250 -999.250 -999.250 -999.250 -999.250 -999.250 -999.250 -999.250 -999.250 -999.250 -999.250 -999.250 -999.250 21.636 22.477 25.110 26.186 26.867 28.600 31.887 31.790 41.155 50.553 55.740 65.504 87.203 125.969 126.061 146.509 182.592 191.527 177.085 187.541 181.782 158.770 131.021 90.407 78.586 68.234 52.825 39.832 41.664 38.171 50.931 57.116 75.500 76.553 57.304 58.235 46.929 41.815 37.128 36.184 28.476
-999.250 -999.250 -999.250 -999.250 -999.250 -999.250 -999.250 -999.250 -999.250 -999.250 -999.250 -999.250 -999.250 -999.250 -999.250 -999.250 -999.250 -999.250 -999.250 -999.250 -999.250 -999.250 -999.250 -999.250 -999.250 -999.250 -999.250 23.522 20.972 24.642 27.235 29.762 31.621 31.571 33.132 38.607 44.944 59.486 69.602 88.314 109.589 141.529 164.966 185.476 206.690 174.176 195.165 167.759 159.239 128.875 103.965 91.322 75.537 53.277 44.333 47.346 53.828 59.239 74.726 83.106 91.190 82.019 77.069 59.859 51.989 47.042 40.588 33.998
-999.250 -999.250 -999.250 -999.250 -999.250 -999.250 -999.250 -999.250 -999.250 -999.250 -999.250 -999.250 -999.250 -999.250 -999.250 -999.250 -999.250 -999.250 -999.250 -999.250 -999.250 -999.250 -999.250 -999.250 -999.250 -999.250 -999.250 -999.250 23.205 24.794 25.205 27.567 27.372 28.359 32.801 34.248 45.681 55.015 63.972 84.744 102.410 132.496 146.752 179.884 199.243 187.920 159.477 162.435 145.678 116.441 100.476 80.344 68.064 57.105 50.193 49.832 60.441 65.576 83.614 97.412 113.575 100.588 97.937 74.204 65.670 53.424 48.427 38.674
-999.250 -999.250 -999.250 -999.250 -999.250 -999.250 -999.250 -999.250 -999.250 -999.250 -999.250 -999.250 -999.250 -999.250 -999.250 -999.250 -999.250 -999.250 -999.250 -999.250 -999.250 -999.250 -999.250 -999.250 -999.250 -999.250 -999.250 -999.250 24.025 21.607 22.968 23.304 25.500 30.630 31.955 31.765 35.429 51.888 72.427 80.956 100.251 118.590 163.397 185.080 210.768 219.809 207.764 159.129 130.310 117.829 92.494 73.249 59.051 52.518 44.922 45.203 58.737 65.031 81.751 98.117 157.687 150.443 121.503 86.730 70.956 59.196 56.814 41.439
-999.250 -999.250 -999.250 -999.250 -999.250 -999.250 -999.250 -999.250 -999.250 -999.250 -999.250 -999.250 -999.250 -999.250 -999.250 -999.250 -999.250 -999.250 -999.250 -999.250 -999.250 -999.250 -999.250 -999.250 -999.250 -999.250 -999.250 -999.250 22.518 23.101 24.491 21.037 24.000 22.790 25.840 27.578 33.653 45.909 53.472 76.319 94.739 127.187 147.610 194.855 237.297 235.239 218.004 178.687 144.870 105.860 84.679 68.389 62.732 46.882 38.222 40.797 57.383 63.807 81.533 108.550 128.810 121.016 111.917 96.091 67.766 60.947 53.052 39.430
-999.250 -999.250 -999.250 -999.250 -999.250 -999.250 -999.250 -999.250 -999.250 -999.250 -999.250 -999.250 -999.250 -999.250 -999.250 -999.250 -999.250 -999.250 -999.250 -999.250 -999.250 -999.250 -999.250 -999.250 -999.250 -999.250 -999.250 -999.250 19.575 22.679 20.345 21.693 20.856 21.119 20.335 22.527 30.018 39.671 44.794 66.744 84.595 109.329 152.116 199.010 209.612 259.403 204.085 185.575 118.841 96.952 84.626 62.953 51.514 41.165 36.533 34.820 42.270 55.026 65.734 90.519 101.967 96.343 91.317 85.868 76.828 67.729 61.110 41.000
-999.250 -999.250 -999.250 -999.250 -999.250 -999.250 -999.250 -999.250 -999.250 -999.250 -999.250 -999.250 -999.250 -999.250 -999.250 -999.250 -999.250 -999.250 -999.250 -999.250 -999.250 -999.250 -999.250 -999.250 -999.250 -999.250 -999.250 -999.250 20.109 19.663 21.504 19.693 17.233 16.888 15.659 22.091 23.956 27.693 35.724 50.269 69.383 95.876 112.954 174.996 196.754 211.024 190.493 147.506 111.371 68.532 60.469 46.742 36.877 29.690 27.163 26.928 29.862 40.477 55.447 76.717 89.084 91.932 87.113 85.327 79.232 66.698 57.070 40.483
-999.250 -999.250 -999.250 -999.250 -999.250 -999.250 -999.250 -999.250 -999.250 -999.250 -999.250 -999.250 -999.250 -999.250 -999.250 -999.250 -999.250 -999.250 -999.250 -999.250 -999.250 -999.250 -999.250 -999.250 -999.250 -999.250 -999.250 21.063 21.877 20.825 20.761 17.307 16.187 13.858 16.811 16.709 17.887 21.594 25.608 29.206 58.331 81.935 100.685 118.203 151.187 149.982 136.191 106.970 81.638 46.693 39.208 33.940 25.082 21.037 19.554 18.660 21.849 25.646 39.028 54.577 71.135 72.643 86.526 76.361 74.344 59.688 52.697 37.583
-999.250 -999.250 -999.250 -999.250 -999.250 -999.250 -999.250 -999.250 -999.250 -999.250 -999.250 -999.250 -999.250 -999.250 -999.250 -999.250 -999.250 -999.250 -999.250 -999.250 -999.250 -999.250 -999.250 -999.250 -999.250 -999.250 -999.250 24.140 23.998 19.733 18.881 15.432 11.026 14.134 12.072 10.022 13.759 18.332 26.296 30.543 49.439 79.863 85.573 98.873 114.672 113.119 111.872 85.942 51.100 25.638 21.561 19.947 17.192 14.447 13.644 13.541 11.432 13.751 28.055 50.231 62.278 70.335 73.924 63.455 61.138 51.017 44.276 36.847
-999.250 -999.250 -999.250 -999.250 -999.250 -999.250 -999.250 -999.250 -999.250 -999.250 -999.250 -999.250 -999.250 -999.250 -999.250 -999.250 -999.250 -999.250 -999.250 -999.250 -999.250 -999.250 -999.250 -999.250 -999.250 -999.250 -999.250 24.242 22.459 18.663 16.285 10.872 13.282 9.914 10.488 13.589 15.786 19.991 25.116 29.659 46.160 61.282 68.407 84.254 86.637 83.973 80.546 61.263 26.060 0.000 2.824 6.897 9.948 11.518 13.087 11.437 2.267 0.000 25.153 42.845 56.195 60.049 65.478 56.657 54.380 44.241 43.251 32.517
-999.250 -999.250 -999.250 -999.250 -999.250 -999.250 -999.250 -999.250 -999.250 -999.250 -999.250 -999.250 -999.250 -999.250 -999.250 -999.250 -999.250 -999.250 -999.250 -999.250 -999.250 -999.250 -999.250 -999.250 -999.250 -999.250 25.939 25.570 23.254 20.760 16.123 11.601 13.336 12.865 13.822 15.222 17.610 25.045 32.468 38.057 55.317 63.180 66.115 65.111 62.625 60.521 42.681 29.462 17.896 1.104 0.072 7.115 7.073 13.769 13.182 15.509 16.358 21.583 33.298 55.282 59.543 61.620 59.007 59.366 53.075 42.028 36.974 34.212
-999.250 -999.250 -999.250 -999.250 -999.250 -999.250 -999.250 -999.250 -999.250 -999.250 -999.250 -999.250 -999.250 -999.250 -999.250 -999.250 -999.250 -999.250 -999.250 -999.250 -999.250 -999.250 -999.250 -999.250 -999.250 -999.250 26.286 24.208 22.416 22.922 20.019 14.476 15.475 14.063 16.304 19.791 24.044 27.363 40.636 43.821 54.353 59.211 63.708 63.248 59.056 41.541 34.888 24.315 13.898 8.149 8.913 10.197 13.177 22.008 21.460 25.376 32.893 41.400 55.997 58.444 69.325 63.066 65.875 60.105 64.212 48.282 33.265 26.857
