data/medianmodel_14-Sep-2020.asc
ncols	141
nrows	288
xllcorner	-120191.398
yllcorner	-301404.813
cellsize	2000.000
NODATA_value	-999.250
[rows 210 to 239 of 288, columns 0 to 68 of 141]
-999.250 -999.250 -999.250 -999.250 -999.250 -999.250 -999.250 -999.250 -999.250 -999.250 -999.250 -999.250 -999.250 -999.250 -999.250 -999.250 -999.250 -999.250 -999.250 -999.250 -999.250 -999.250 -999.250 -999.250 -999.250 -999.250 -999.250 -999.250 -999.250 -999.250 -999.250 33.822 33.851 30.775 29.921 28.047 25.657 19.251 15.046 14.372 12.218 11.125 8.577 8.096 8.618 5.393 4.460 4.651 4.596 0.015 0.375 0.000 0.000 0.000 0.000 0.000 1.036 4.692 1.864 2.918 4.492 7.454 5.617 5.531 5.470 5.593 9.500 9.287 11.731
-999.250 -999.250 -999.250 -999.250 -999.250 -999.250 -999.250 -999.250 -999.250 -999.250 -999.250 -999.250 -999.250 -999.250 -999.250 -999.250 -999.250 -999.250 -999.250 -999.250 -999.250 -999.250 -999.250 -999.250 -999.250 -999.250 -999.250 -999.250 -999.250 -999.250 -999.250 34.671 32.623 29.170 31.637 32.988 30.152 28.762 25.659 21.649 16.481 14.915 12.467 10.360 9.550 7.766 4.222 5.528 0.464 0.531 0.478 1.435 1.245 0.000 0.000 0.000 0.705 2.470 0.000 0.000 0.383 1.075 2.090 0.000 0.000 0.000 0.000 3.471 6.533
-999.250 -999.250 -999.250 -999.250 -999.250 -999.250 -999.250 -999.250 -999.250 -999.250 -999.250 -999.250 -999.250 -999.250 -999.250 -999.250 -999.250 -999.250 -999.250 -999.250 -999.250 -999.250 -999.250 -999.250 -999.250 -999.250 -999.250 -999.250 -999.250 -999.250 -999.250 35.283 35.688 38.634 31.656 30.842 33.160 29.986 33.087 28.724 25.210 24.733 19.624 13.667 13.330 10.413 6.909 6.484 3.506 2.061 0.954 0.228 0.258 0.000 0.000 0.000 0.324 0.000 0.000 0.000 0.000 0.000 0.000 0.000 0.000 0.000 0.000 0.000 2.098
-999.250 -999.250 -999.250 -999.250 -999.250 -999.250 -999.250 -999.250 -999.250 -999.250 -999.250 -999.250 -999.250 -999.250 -999.250 -999.250 -999.250 -999.250 -999.250 -999.250 -999.250 -999.250 -999.250 -999.250 -999.250 -999.250 -999.250 -999.250 -999.250 -999.250 -999.250 45.741 40.009 41.247 36.498 38.958 32.228 35.524 35.733 29.454 30.181 31.495 26.099 23.261 19.079 17.071 13.509 10.665 7.250 5.720 4.303 0.000 0.000 0.362 0.000 0.000 0.000 0.000 0.000 0.000 0.000 0.000 0.000 0.000 0.000 0.000 0.000 0.000 0.060
-999.250 -999.250 -999.250 -999.250 -999.250 -999.250 -999.250 -999.250 -999.250 -999.250 -999.250 -999.250 -999.250 -999.250 -999.250 -999.250 -999.250 -999.250 -999.250 -999.250 -999.250 -999.250 -999.250 -999.250 -999.250 -999.250 -999.250 -999.250 -999.250 -999.250 -999.250 41.701 43.673 46.052 45.537 42.951 39.408 41.793 44.008 38.605 35.940 38.362 33.931 29.383 26.851 22.666 16.345 14.296 9.647 8.307 6.831 1.487 0.047 0.000 0.000 0.000 0.000 0.000 0.000 0.000 0.000 0.000 0.000 0.000 0.000 0.000 0.000 0.000 0.000
-999.250 -999.250 -999.250 -999.250 -999.250 -999.250 -999.250 -999.250 -999.250 -999.250 -999.250 -999.250 -999.250 -999.250 -999.250 -999.250 -999.250 -999.250 -999.250 -999.250 -999.250 -999.250 -999.250 -999.250 -999.250 -999.250 -999.250 -999.250 -999.250 -999.250 -999.250 54.133 52.477 51.587 48.869 51.307 50.867 52.658 47.724 43.738 45.573 42.592 43.013 37.678 33.373 28.213 21.517 18.782 13.201 11.864 11.023 4.938 1.473 2.835 1.370 0.000 0.000 0.000 0.000 0.000 0.000 0.000 0.000 0.000 0.000 0.000 0.000 0.000 1.969
-999.250 -999.250 -999.250 -999.250 -999.250 -999.250 -999.250 -999.250 -999.250 -999.250 -999.250 -999.250 -999.250 -999.250 -999.250 -999.250 -999.250 -999.250 -999.250 -999.250 -999.250 -999.250 -999.250 -999.250 -999.250 -999.250 -999.250 -999.250 -999.250 -999.250 -999.250 58.111 54.288 55.784 54.849 60.322 53.662 51.883 57.781 54.403 54.981 53.471 53.845 50.739 45.529 42.242 31.386 24.477 18.986 17.272 12.467 10.569 7.343 3.950 1.817 0.000 0.000 0.000 0.000 0.000 0.000 0.000 0.000 0.000 0.000 0.000 0.000 1.664 2.567
-999.250 -999.250 -999.250 -999.250 -999.250 -999.250 -999.250 -999.250 -999.250 -999.250 -999.250 -999.250 -999.250 -999.250 -999.250 -999.250 -999.250 -999.250 -999.250 -999.250 -999.250 -999.250 -999.250 -999.250 -999.250 -999.250 -999.250 -999.250 -999.250 -999.250 -999.250 69.209 63.385 63.998 58.797 58.191 61.066 64.410 66.739 64.360 62.201 60.997 62.726 56.217 52.094 50.062 43.764 33.117 25.552 21.553 16.160 13.507 9.989 4.815 2.600 0.199 0.000 0.000 0.000 0.000 0.000 0.000 0.000 0.000 0.000 0.000 0.000 3.599 4.841
-999.250 -999.250 -999.250 -999.250 -999.250 -999.250 -999.250 -999.250 -999.250 -999.250 -999.250 -999.250 -999.250 -999.250 -999.250 -999.250 -999.250 -999.250 -999.250 -999.250 -999.250 -999.250 -999.250 -999.250 -999.250 -999.250 -999.250 -999.250 -999.250 -999.250 -999.250 71.242 74.016 68.798 65.427 64.432 68.278 71.629 78.856 74.750 72.592 77.049 69.571 67.312 61.312 55.916 47.668 43.536 34.555 25.408 20.054 14.404 13.400 8.286 2.750 0.000 0.000 0.000 0.000 0.000 0.000 0.000 0.000 0.000 0.000 0.000 0.154 3.157 9.045
-999.250 -999.250 -999.250 -999.250 -999.250 -999.250 -999.250 -999.250 -999.250 -999.250 -999.250 -999.250 -999.250 -999.250 -999.250 -999.250 -999.250 -999.250 -999.250 -999.250 -999.250 -999.250 -999.250 -999.250 -999.250 -999.250 -999.250 -999.250 -999.250 -999.250 -999.250 74.094 77.475 74.988 67.446 73.497 81.324 71.345 75.050 84.319 88.438 95.635 76.311 73.832 65.026 63.646 54.469 48.990 35.466 28.803 24.110 16.415 17.364 9.072 3.020 0.000 0.000 0.000 0.000 0.000 0.000 0.000 0.000 0.000 0.000 0.269 5.436 8.305 11.522
-999.250 -999.250 -999.250 -999.250 -999.250 -999.250 -999.250 -999.250 -999.250 -999.250 -999.250 -999.250 -999.250 -999.250 -999.250 -999.250 -999.250 -999.250 -999.250 -999.250 -999.250 -999.250 -999.250 -999.250 -999.250 -999.250 -999.250 -999.250 -999.250 -999.250 -999.250 70.694 77.712 76.862 75.034 79.651 88.493 82.497 81.816 89.132 94.978 93.479 91.901 75.292 64.885 69.822 56.332 51.319 39.889 37.541 29.045 25.813 16.359 9.706 4.499 0.000 0.885 0.000 0.000 0.000 0.000 0.000 0.000 0.000 0.000 2.742 8.044 9.885 11.363
-999.250 -999.250 -999.250 -999.250 -999.250 -999.250 -999.250 -999.250 -999.250 -999.250 -999.250 -999.250 -999.250 -999.250 -999.250 -999.250 -999.250 -999.250 -999.250 -999.250 -999.250 -999.250 -999.250 -999.250 -999.250 -999.250 -999.250 -999.250 -999.250 -999.250 -999.250 83.553 81.007 81.166 84.385 91.201 86.429 91.054 98.648 92.953 98.262 88.496 90.081 82.859 72.280 74.772 60.761 50.967 45.278 41.336 30.400 22.714 21.106 13.063 8.046 3.764 3.789 0.000 0.000 0.000 0.000 0.000 0.000 1.274 1.102 4.469 9.579 10.914 12.652
-999.250 -999.250 -999.250 -999.250 -999.250 -999.250 -999.250 -999.250 -999.250 -999.250 -999.250 -999.250 -999.250 -999.250 -999.250 -999.250 -999.250 -999.250 -999.250 -999.250 -999.250 -999.250 -999.250 -999.250 -999.250 -999.250 -999.250 -999.250 -999.250 -999.250 -999.250 73.251 80.719 88.235 91.532 96.229 99.311 103.161 95.053 94.290 94.847 98.842 100.122 88.773 77.231 74.234 61.971 56.638 48.615 41.689 34.815 30.537 22.517 15.733 9.539 6.813 3.858 5.712 0.000 0.000 0.000 0.000 0.993 2.767 4.476 6.282 9.451 11.985 15.312
-999.250 -999.250 -999.250 -999.250 -999.250 -999.250 -999.250 -999.250 -999.250 -999.250 -999.250 -999.250 -999.250 -999.250 -999.250 -999.250 -999.250 -999.250 -999.250 -999.250 -999.250 -999.250 -999.250 -999.250 -999.250 -999.250 -999.250 -999.250 -999.250 -999.250 77.829 85.607 85.024 92.875 98.285 102.331 109.236 113.736 108.647 105.167 98.993 102.153 92.195 79.214 79.603 75.121 63.924 60.299 49.673 38.486 34.378 28.299 23.573 16.969 13.139 8.636 2.787 2.558 0.000 0.000 0.000 0.000 1.699 4.858 3.202 7.236 9.321 13.669 13.692
-999.250 -999.250 -999.250 -999.250 -999.250 -999.250 -999.250 -999.250 -999.250 -999.250 -999.250 -999.250 -999.250 -999.250 -999.250 -999.250 -999.250 -999.250 -999.250 -999.250 -999.250 -999.250 -999.250 -999.250 -999.250 -999.250 -999.250 -999.250 -999.250 -999.250 84.028 91.930 94.783 98.061 99.551 124.239 129.213 127.442 117.206 115.714 109.115 103.831 94.957 87.472 85.372 74.254 73.187 67.457 55.245 44.519 33.853 33.887 23.464 15.483 15.468 9.341 4.934 3.863 0.202 0.000 0.000 0.000 0.088 2.281 4.660 5.349 7.917 9.620 12.669
-999.250 -999.250 -999.250 -999.250 -999.250 -999.250 -999.250 -999.250 -999.250 -999.250 -999.250 -999.250 -999.250 -999.250 -999.250 -999.250 -999.250 -999.250 -999.250 -999.250 -999.250 -999.250 -999.250 -999.250 -999.250 -999.250 -999.250 -999.250 -999.250 -999.250 91.183 96.070 103.338 100.791 110.108 112.380 119.460 118.555 124.094 126.212 117.782 107.411 97.764 94.757 85.660 88.027 82.700 66.927 55.038 48.905 36.309 30.384 22.967 17.361 15.478 11.082 5.228 2.062 0.000 0.000 0.000 0.000 2.101 2.428 2.158 8.128 10.049 10.607 14.319
-999.250 -999.250 -999.250 -999.250 -999.250 -999.250 -999.250 -999.250 -999.250 -999.250 -999.250 -999.250 -999.250 -999.250 -999.250 -999.250 -999.250 -999.250 -999.250 -999.250 -999.250 -999.250 -999.250 -999.250 -999.250 -999.250 -999.250 -999.250 -999.250 -999.250 94.943 102.051 113.583 106.483 113.033 126.898 134.040 134.009 128.828 123.907 117.263 102.407 92.730 93.225 85.466 84.189 76.027 64.493 56.546 49.405 40.873 31.216 29.016 17.224 14.654 9.938 5.340 0.000 0.000 0.000 0.000 0.000 1.187 4.351 5.451 7.709 10.657 12.245 15.143
-999.250 -999.250 -999.250 -999.250 -999.250 -999.250 -999.250 -999.250 -999.250 -999.250 -999.250 -999.250 -999.250 -999.250 -999.250 -999.250 -999.250 -999.250 -999.250 -999.250 -999.250 -999.250 -999.250 -999.250 -999.250 -999.250 -999.250 -999.250 -999.250 90.229 98.330 104.687 117.130 116.086 138.955 146.661 146.197 133.407 134.606 123.533 112.358 109.097 97.433 87.335 86.700 87.201 76.955 69.557 62.927 54.364 39.017 30.347 25.358 17.025 14.983 9.176 2.162 0.000 0.000 0.000 0.000 1.300 3.048 7.443 8.850 9.103 11.801 12.802 14.270
-999.250 -999.250 -999.250 -999.250 -999.250 -999.250 -999.250 -999.250 -999.250 -999.250 -999.250 -999.250 -999.250 -999.250 -999.250 -999.250 -999.250 -999.250 -999.250 -999.250 -999.250 -999.250 -999.250 -999.250 -999.250 -999.250 -999.250 -999.250 -999.250 98.069 96.493 103.572 106.716 114.052 131.903 156.275 166.518 142.559 145.634 127.684 118.533 110.029 96.313 85.943 94.579 82.955 76.972 65.957 67.301 54.390 38.071 30.639 25.090 20.575 12.925 7.765 3.801 0.000 0.000 0.000 0.000 0.021 2.909 7.336 8.116 10.937 13.986 15.629 15.436
-999.250 -999.250 -999.250 -999.250 -999.250 -999.250 -999.250 -999.250 -999.250 -999.250 -999.250 -999.250 -999.250 -999.250 -999.250 -999.250 -999.250 -999.250 -999.250 -999.250 -999.250 -999.250 -999.250 -999.250 -999.250 -999.250 -999.250 -999.250 83.569 94.715 98.437 102.016 112.646 127.814 157.123 169.025 177.139 152.760 149.072 127.452 117.657 109.828 111.544 98.056 91.849 81.729 74.086 68.608 64.161 52.142 44.346 37.960 27.909 22.128 15.190 9.295 7.042 3.206 0.000 0.410 0.000 1.529 4.696 7.241 10.194 13.207 16.409 15.480 18.017
-999.250 -999.250 -999.250 -999.250 -999.250 -999.250 -999.250 -999.250 -999.250 -999.250 -999.250 -999.250 -999.250 -999.250 -999.250 -999.250 -999.250 -999.250 -999.250 -999.250 -999.250 -999.250 -999.250 -999.250 -999.250 -999.250 -999.250 -999.250 84.655 95.052 104.852 107.986 110.658 130.577 157.180 160.336 169.168 154.755 136.670 127.716 120.330 116.828 103.196 102.562 82.512 86.739 73.182 70.525 62.351 51.524 46.728 43.644 30.713 22.296 16.075 11.606 8.064 2.151 0.000 1.432 0.000 2.521 4.568 8.572 11.742 12.656 15.985 19.395 20.731
-999.250 -999.250 -999.250 -999.250 -999.250 -999.250 -999.250 -999.250 -999.250 -999.250 -999.250 -999.250 -999.250 -999.250 -999.250 -999.250 -999.250 -999.250 -999.250 -999.250 -999.250 -999.250 -999.250 -999.250 -999.250 -999.250 -999.250 80.716 79.182 93.161 101.454 108.325 121.871 130.895 138.851 142.926 153.644 150.303 149.360 143.194 120.345 110.595 102.039 96.338 80.588 78.014 74.283 64.981 56.043 55.587 46.184 38.570 30.304 24.453 16.592 12.676 9.618 4.228 2.981 2.992 5.526 3.863 7.329 9.103 9.419 14.545 16.702 18.887 23.471
-999.250 -999.250 -999.250 -999.250 -999.250 -999.250 -999.250 -999.250 -999.250 -999.250 -999.250 -999.250 -999.250 -999.250 -999.250 -999.250 -999.250 -999.250 -999.250 -999.250 -999.250 -999.250 -999.250 -999.250 -999.250 -999.250 -999.250 89.729 76.092 94.979 103.081 116.661 116.259 117.254 120.594 118.714 131.872 134.261 149.987 126.479 120.631 106.870 99.264 96.010 80.762 78.607 69.214 60.653 59.863 54.178 45.149 34.432 29.749 25.381 20.756 13.716 12.094 7.401 3.842 2.931 5.803 7.193 6.834 8.854 10.434 15.001 16.772 19.240 21.046
-999.250 -999.250 -999.250 -999.250 -999.250 -999.250 -999.250 -999.250 -999.250 -999.250 -999.250 -999.250 -999.250 -999.250 -999.250 -999.250 -999.250 -999.250 -999.250 -999.250 -999.250 -999.250 -999.250 -999.250 -999.250 -999.250 -999.250 -999.250 79.422 97.413 102.670 105.416 109.258 109.260 117.549 120.128 124.738 120.268 125.197 115.624 109.651 104.548 95.201 89.023 83.076 71.006 64.865 62.586 62.358 49.743 44.433 34.851 30.843 26.158 19.903 14.556 11.229 7.865 4.918 6.068 7.672 6.467 6.188 9.360 11.385 15.502 20.300 20.085 21.997
-999.250 -999.250 -999.250 -999.250 -999.250 -999.250 -999.250 -999.250 -999.250 -999.250 -999.250 -999.250 -999.250 -999.250 -999.250 -999.250 -999.250 -999.250 -999.250 -999.250 -999.250 -999.250 -999.250 -999.250 -999.250 -999.250 -999.250 -999.250 -999.250 -999.250 91.760 97.878 102.186 107.700 106.268 119.324 115.419 110.489 113.990 107.779 107.195 95.662 92.789 87.733 83.263 74.561 69.948 59.904 57.072 54.876 41.650 35.739 28.835 20.710 20.172 14.708 12.749 8.113 8.168 7.973 8.077 9.621 7.289 7.874 12.664 15.966 15.242 18.169 21.121
-999.250 -999.250 -999.250 -999.250 -999.250 -999.250 -999.250 -999.250 -999.250 -999.250 -999.250 -999.250 -999.250 -999.250 -999.250 -999.250 -999.250 -999.250 -999.250 -999.250 -999.250 -999.250 -999.250 -999.250 -999.250 -999.250 -999.250 -999.250 -999.250 -999.250 94.905 102.854 101.200 104.440 108.157 107.527 107.721 104.614 98.623 107.022 102.923 107.544 95.749 87.838 85.132 76.829 76.345 60.875 55.657 52.037 42.110 32.829 27.686 23.183 22.476 16.841 14.037 10.403 9.395 9.296 9.450 7.372 10.979 13.077 13.734 15.699 14.903 19.710 21.362
-999.250 -999.250 -999.250 -999.250 -999.250 -999.250 -999.250 -999.250 -999.250 -999.250 -999.250 -999.250 -999.250 -999.250 -999.250 -999.250 -999.250 -999.250 -999.250 -999.250 -999.250 -999.250 -999.250 -999.250 -999.250 -999.250 -999.250 -999.250 -999.250 -999.250 93.936 98.098 102.081 103.303 105.823 107.742 102.758 101.066 108.120 101.333 98.352 102.270 96.031 89.665 87.030 75.894 72.499 66.410 56.945 48.312 41.366 33.894 28.846 21.549 18.162 16.529 10.651 9.367 10.188 12.126 10.430 10.173 13.572 11.029 12.654 13.771 13.886 16.920 21.566
-999.250 -999.250 -999.250 -999.250 -999.250 -999.250 -999.250 -999.250 -999.250 -999.250 -999.250 -999.250 -999.250 -999.250 -999.250 -999.250 -999.250 -999.250 -999.250 -999.250 -999.250 -999.250 -999.250 -999.250 -999.250 -999.250 -999.250 -999.250 -999.250 -999.250 -999.250 101.342 104.221 107.558 112.813 108.217 96.661 101.871 101.051 107.562 100.802 101.265 95.861 90.016 81.723 80.910 69.218 63.768 52.027 45.294 37.147 30.935 28.277 18.857 17.456 13.675 12.623 11.410 10.442 10.956 9.805 8.244 11.412 13.171 12.518 14.253 14.206 15.093 17.966
-999.250 -999.250 -999.250 -999.250 -999.250 -999.250 -999.250 -999.250 -999.250 -999.250 -999.250 -999.250 -999.250 -999.250 -999.250 -999.250 -999.250 -999.250 -999.250 -999.250 -999.250 -999.250 -999.250 -999.250 -999.250 -999.250 -999.250 -999.250 -999.250 -999.250 88.464 101.861 96.200 103.153 104.487 102.146 101.503 103.792 107.958 107.544 102.873 96.077 94.248 87.123 82.886 71.277 68.146 60.389 50.318 41.390 37.522 31.862 27.111 19.008 12.472 13.862 10.434 9.337 7.409 7.814 8.559 9.706 9.030 10.996 11.210 13.040 13.514 16.323 18.157
-999.250 -999.250 -999.250 -999.250 -999.250 -999.250 -999.250 -999.250 -999.250 -999.250 -999.250 -999.250 -999.250 -999.250 -999.250 -999.250 -999.250 -999.250 -999.250 -999.250 -999.250 -999.250 -999.250 -999.250 -999.250 -999.250 -999.250 -999.250 -999.250 -999.250 -999.250 99.399 102.469 99.267 98.655 102.057 100.652 96.225 99.619 105.543 101.056 91.360 85.701 81.004 82.701 74.526 65.363 60.726 46.995 42.406 31.998 27.594 27.383 17.189 14.883 12.385 10.713 7.612 8.276 8.165 10.255 12.373 8.704 9.561 12.600 13.268 16.479 20.717 18.158
