data/medianmodel_01-Jun-2020.asc
ncols	141
nrows	288
xllcorner	-120191.398
yllcorner	-301404.813
cellsize	2000.000
NODATA_value	-999.250
[rows 155 to 185 of 288, columns 0 to 68 of 141]
-999.250 -999.250 -999.250 -999.250 -999.250 -999.250 -999.250 0.115 1.614 4.358 3.016 5.497 5.922 4.999 3.289 2.997 7.289 7.558 7.114 8.255 6.968 13.303 16.128 13.013 12.797 19.628 16.389 25.146 21.939 21.818 23.676 26.574 21.968 42.945 21.477 23.280 25.215 21.118 20.646 18.425 15.573 9.613 7.604 8.193 6.254 2.938 1.687 3.026 4.257 4.747 7.551 6.182 8.001 11.872 9.579 13.823 14.070 15.439 13.927 14.788 11.168 11.319 14.680 11.231 9.722 8.763 11.099 12.266 8.857
-999.250 -999.250 -999.250 -999.250 -999.250 -999.250 -999.250 2.258 2.910 3.651 4.146 6.006 7.822 7.229 8.945 5.976 7.457 8.677 9.804 9.723 14.138 13.098 21.985 16.846 16.035 16.737 16.324 26.132 24.336 22.908 22.681 25.618 28.834 30.016 25.201 20.834 30.276 27.147 27.662 20.283 19.196 15.018 10.686 9.601 8.996 7.944 9.023 7.789 7.443 7.173 9.319 11.540 13.677 15.300 12.192 11.973 12.605 14.312 12.852 8.818 10.194 10.677 11.108 12.151 7.907 10.124 9.283 10.515 6.071
-999.250 -999.250 -999.250 -999.250 -999.250 -999.250 -999.250 4.687 2.990 5.935 6.636 7.674 7.470 7.774 9.131 10.053 7.164 9.046 11.843 12.654 13.340 20.875 24.203 22.902 27.662 20.727 21.223 22.473 36.453 33.418 23.322 32.020 29.928 19.093 27.980 27.298 27.265 26.800 27.748 20.026 16.544 14.589 14.004 7.931 9.813 11.252 10.564 9.331 6.155 10.968 11.706 12.517 17.551 13.308 13.570 10.172 11.265 10.922 10.503 11.389 7.720 9.488 9.947 9.039 8.941 8.524 7.390 5.978 5.307
-999.250 -999.250 -999.250 -999.250 -999.250 -999.250 -999.250 5.077 5.299 3.615 6.615 8.565 6.950 7.876 8.672 7.711 10.930 10.738 15.200 21.268 22.051 31.081 36.191 34.222 26.126 28.083 31.521 36.605 40.616 30.755 28.293 27.859 26.268 28.533 32.831 31.992 27.051 28.619 19.584 16.565 17.151 13.024 12.294 11.092 11.184 9.912 10.526 9.498 9.862 12.254 9.319 12.699 15.410 16.654 12.560 10.043 8.759 10.936 13.297 9.874 7.605 10.124 13.500 9.577 7.622 6.330 6.313 3.995 3.823
-999.250 -999.250 -999.250 -999.250 -999.250 -999.250 -999.250 -999.250 6.643 6.204 6.532 9.696 8.886 5.614 4.604 5.365 9.229 9.973 17.099 22.982 19.966 32.517 32.124 42.693 43.434 31.530 37.135 43.202 32.583 28.171 29.447 29.715 25.830 34.757 44.184 35.882 37.468 32.270 25.972 20.379 18.256 18.269 12.830 10.722 12.260 13.846 8.887 12.919 11.268 14.521 13.097 11.320 12.794 12.160 14.338 12.508 11.667 10.359 9.544 11.666 10.080 7.873 9.859 8.938 7.106 2.506 0.000 3.272 0.817
-999.250 -999.250 -999.250 -999.250 -999.250 -999.250 -999.250 -999.250 10.556 11.603 7.945 8.057 11.958 9.329 6.345 7.963 8.523 13.269 16.778 18.529 16.082 19.820 38.329 48.421 69.433 53.602 47.074 44.986 35.768 28.355 35.429 27.640 30.516 35.122 28.684 37.346 33.928 32.212 28.256 20.539 19.918 28.333 16.798 15.009 15.607 16.329 11.695 12.610 12.573 13.267 14.366 10.398 10.570 9.268 14.690 11.530 10.803 11.042 11.530 11.360 13.139 8.587 7.840 5.931 1.992 0.000 0.000 0.000 0.000
-999.250 -999.250 -999.250 -999.250 -999.250 -999.250 -999.250 14.277 10.808 12.189 13.023 10.604 10.502 8.858 9.585 11.615 18.836 16.440 20.821 17.736 21.154 28.436 42.696 67.389 91.174 76.195 57.336 49.834 61.873 43.942 42.724 35.385 41.585 40.969 36.134 33.918 55.729 53.226 39.096 19.766 23.573 16.521 16.237 16.156 17.012 19.066 17.316 15.110 15.580 15.119 12.969 11.445 13.165 11.770 12.342 12.858 8.711 8.909 8.936 11.225 11.582 8.479 8.459 4.215 3.339 0.000 0.000 0.000 0.000
-999.250 -999.250 -999.250 -999.250 -999.250 -999.250 -999.250 15.361 18.770 14.112 13.866 14.330 12.733 16.264 21.681 17.017 19.267 20.009 14.068 18.003 21.941 39.911 52.484 75.764 76.575 75.528 70.100 68.984 66.030 50.556 45.389 43.083 45.532 33.426 30.782 41.151 48.081 32.309 34.116 31.120 22.786 22.917 17.093 18.484 15.255 15.999 16.987 19.611 17.803 14.204 8.174 7.708 12.200 8.061 10.048 11.217 8.518 8.979 9.635 11.188 7.715 8.132 8.904 4.755 3.773 1.210 0.000 0.309 1.843
-999.250 -999.250 -999.250 -999.250 -999.250 -999.250 -999.250 20.274 18.681 17.687 16.628 16.657 15.433 17.769 23.049 21.982 29.802 31.772 19.114 26.161 31.440 46.503 58.774 57.520 65.827 96.299 85.285 77.612 76.745 69.606 43.258 37.356 36.827 47.381 36.874 43.699 42.221 34.949 53.224 39.138 31.447 25.105 22.646 19.434 17.979 15.627 17.122 17.203 20.453 17.105 13.108 11.809 9.684 7.128 6.785 10.401 8.950 6.759 7.371 8.077 5.925 7.594 5.568 4.317 3.988 1.086 0.816 2.165 1.946
-999.250 -999.250 -999.250 -999.250 -999.250 -999.250 -999.250 21.040 22.798 24.703 18.363 19.497 18.308 18.648 25.685 28.234 28.865 33.995 33.556 35.988 53.358 78.030 93.867 76.868 75.914 99.994 74.376 102.304 83.137 60.364 38.581 31.813 32.478 31.217 42.546 45.295 45.086 43.449 44.263 33.375 25.992 22.214 22.933 18.040 18.794 21.946 19.868 19.261 19.695 16.937 12.870 10.515 8.330 9.561 8.730 9.214 11.661 6.561 6.387 3.728 5.949 4.156 6.705 4.879 4.650 3.826 1.815 1.272 2.275
-999.250 -999.250 -999.250 -999.250 -999.250 -999.250 19.374 20.163 17.630 19.628 21.140 22.879 20.253 23.593 26.336 32.268 31.505 42.966 54.054 60.793 52.648 91.816 96.521 69.700 68.863 83.085 104.023 122.971 93.678 66.320 38.510 33.553 20.214 24.334 40.211 40.744 50.123 42.243 32.885 33.542 36.480 26.816 22.545 18.814 21.072 21.177 24.225 22.687 23.671 17.704 13.088 13.012 9.569 12.715 11.318 6.110 5.317 6.236 5.694 6.505 5.088 4.246 4.311 3.678 3.561 4.253 4.039 0.855 0.053
-999.250 -999.250 -999.250 -999.250 -999.250 -999.250 21.590 22.850 21.713 15.892 17.572 18.653 22.380 23.542 32.536 32.536 47.041 55.194 62.865 58.374 61.900 87.728 79.093 101.991 74.931 105.834 151.995 182.096 145.423 75.534 45.582 31.101 19.996 32.333 31.932 40.038 36.550 26.737 27.647 32.664 36.169 29.191 29.126 26.006 29.180 33.389 22.314 24.134 24.137 20.219 14.421 16.282 14.796 10.239 11.997 12.883 7.731 6.558 6.610 6.871 5.609 3.537 1.629 3.573 4.413 4.868 3.157 0.000 0.000
-999.250 -999.250 -999.250 -999.250 -999.250 20.647 29.390 27.503 24.198 17.551 13.695 12.319 21.692 27.904 34.389 39.399 40.654 53.221 62.828 57.102 73.422 69.032 80.124 89.984 88.453 112.884 183.550 242.120 182.786 109.256 56.639 31.499 23.680 34.787 43.138 36.043 34.127 39.525 31.658 28.404 25.744 29.763 30.359 32.414 28.598 21.221 23.972 17.331 16.853 14.301 14.831 16.005 13.867 14.356 10.880 9.930 9.217 9.845 7.375 8.234 4.926 5.147 4.598 3.979 3.475 4.302 3.262 0.615 0.000
-999.250 -999.250 -999.250 -999.250 -999.250 25.329 24.019 29.933 29.113 18.883 13.937 14.007 19.749 22.074 29.203 33.257 43.925 59.041 68.070 69.139 60.633 67.837 65.498 104.481 98.427 122.760 187.074 201.912 174.817 107.494 62.662 47.310 45.213 46.165 36.779 49.976 35.752 35.890 27.783 20.825 27.483 28.293 41.788 40.133 33.872 25.775 20.387 18.411 11.650 16.297 12.462 17.412 9.939 13.021 11.100 9.256 10.043 9.392 11.048 8.694 6.973 5.745 6.373 4.242 3.806 2.970 3.891 1.964 0.000
-999.250 -999.250 -999.250 -999.250 33.971 24.531 26.994 22.260 27.502 23.654 14.366 15.755 23.473 21.743 33.666 44.923 50.173 58.937 62.063 69.233 82.584 92.460 99.348 95.347 90.223 124.610 129.178 141.634 142.391 100.741 67.197 65.088 64.201 55.866 39.194 33.342 28.020 27.709 25.511 33.605 26.552 27.405 30.570 30.413 22.327 26.321 23.004 20.902 17.123 14.760 11.156 12.605 11.925 12.838 9.016 10.064 9.366 7.635 7.499 7.458 6.385 4.170 1.053 2.157 3.865 3.168 3.493 1.731 0.000
-999.250 -999.250 -999.250 -999.250 20.051 25.917 25.702 23.812 32.173 27.086 25.424 21.671 20.524 32.010 36.238 44.038 48.232 63.592 57.037 66.855 82.286 105.260 127.123 111.494 117.570 124.440 127.121 122.780 99.545 81.757 79.539 53.837 56.308 51.099 49.880 27.111 27.246 23.666 34.964 34.812 27.624 25.010 24.579 24.887 33.232 19.908 22.757 26.885 24.297 18.551 19.047 13.857 13.136 10.355 10.420 8.771 10.740 8.687 6.434 7.122 4.033 4.245 3.695 0.365 1.374 1.729 2.315 0.000 0.000
-999.250 -999.250 -999.250 -999.250 26.761 25.476 26.276 26.172 41.693 22.971 27.818 24.415 24.455 32.543 46.430 56.409 38.668 60.591 65.557 62.877 62.480 80.838 98.669 92.070 111.273 126.195 112.558 103.398 94.731 75.549 63.572 56.241 51.123 39.345 27.638 29.579 21.007 22.760 27.742 29.614 27.474 21.867 22.827 26.680 26.940 23.866 26.306 26.158 20.485 17.259 18.623 15.455 12.123 11.031 9.763 12.506 8.996 8.778 7.059 5.811 5.508 4.801 3.838 1.377 3.222 0.171 1.655 1.200 0.000
-999.250 -999.250 -999.250 -999.250 27.047 21.968 23.337 25.075 26.541 26.559 25.862 35.522 28.066 33.417 37.836 65.424 55.222 45.793 45.697 44.002 63.717 63.851 77.819 68.510 91.970 86.796 89.122 105.967 72.260 80.514 59.331 56.230 49.541 28.454 21.584 23.480 19.934 19.474 24.892 29.415 28.458 22.191 31.844 28.955 35.418 33.376 33.162 24.845 24.120 16.442 17.518 18.526 13.483 9.961 10.795 9.193 8.849 6.957 5.877 2.625 4.536 5.670 2.842 2.221 2.598 0.925 0.000 0.022 0.000
-999.250 -999.250 -999.250 -999.250 29.229 24.470 25.097 24.123 27.875 28.175 43.784 51.065 32.183 35.594 41.504 66.457 75.110 56.058 39.881 31.660 31.816 46.200 60.867 72.626 68.416 70.850 86.244 75.916 60.347 64.251 55.716 60.867 31.438 27.380 22.961 19.606 20.798 22.055 30.526 25.051 29.921 21.977 25.967 36.215 26.084 34.487 22.584 34.627 26.891 21.902 25.571 24.889 15.518 8.916 8.416 8.219 7.765 5.054 3.300 4.502 6.061 4.442 3.244 2.448 3.339 1.858 0.000 0.000 0.000
-999.250 -999.250 -999.250 -999.250 44.415 24.465 23.441 28.752 29.455 32.954 36.190 45.746 35.563 46.661 50.275 51.677 58.410 39.179 25.789 19.465 26.266 48.252 50.507 63.681 71.234 64.697 66.928 63.512 60.002 62.827 52.025 55.665 34.533 22.526 18.237 21.090 20.361 25.055 28.049 33.677 21.375 27.361 38.926 30.190 28.736 20.476 28.323 26.996 25.209 21.760 20.172 19.116 16.486 10.955 8.845 6.059 6.201 5.086 0.908 1.337 2.692 0.483 2.217 2.688 0.925 0.041 0.000 0.000 0.000
-999.250 -999.250 -999.250 -999.250 53.488 44.429 25.338 24.838 26.824 31.843 49.404 43.511 43.150 44.205 39.914 42.779 38.751 40.646 28.000 24.796 22.988 50.097 59.863 69.298 90.621 68.552 62.631 68.031 48.137 67.705 54.153 49.712 41.349 26.166 20.335 18.607 25.720 27.604 39.349 22.342 22.865 22.755 29.751 28.988 26.611 25.303 22.685 20.837 19.433 18.364 20.720 17.723 18.494 13.311 8.218 8.493 3.603 0.000 0.000 1.267 0.944 2.129 1.658 0.380 0.000 0.000 0.000 0.000 0.000
-999.250 -999.250 -999.250 -999.250 53.903 43.883 33.561 33.013 29.356 35.753 38.154 57.787 51.853 57.844 53.231 46.460 46.689 36.546 31.881 37.333 45.702 58.509 68.441 87.362 76.374 72.834 57.877 53.952 75.099 60.240 46.774 42.346 35.399 29.981 21.610 17.341 20.798 27.181 26.969 33.220 27.565 37.270 29.012 45.790 25.416 31.676 26.452 21.052 20.592 25.109 24.745 18.427 16.950 14.076 11.716 9.123 4.028 0.000 0.000 0.000 0.395 2.569 1.810 0.000 0.000 0.000 0.000 0.000 0.000
-999.250 -999.250 -999.250 -999.250 45.964 41.739 32.354 46.566 34.549 52.648 63.398 52.015 51.729 74.689 62.459 61.404 47.413 34.846 41.851 58.412 56.680 60.578 77.279 85.273 72.851 84.282 74.428 58.833 57.252 51.139 32.452 29.363 22.365 23.835 25.474 23.112 27.425 31.870 26.247 27.631 27.017 38.091 30.719 27.124 21.532 25.376 24.422 22.296 20.409 17.896 19.084 21.364 14.579 10.930 8.649 7.284 4.709 0.616 0.000 0.000 0.000 1.420 0.000 0.000 0.122 0.000 0.000 0.000 0.000
-999.250 -999.250 -999.250 -999.250 62.523 60.329 57.029 62.760 52.129 65.252 59.438 67.730 86.087 77.934 76.482 77.564 69.621 61.019 60.569 73.381 79.485 83.785 90.403 84.795 71.706 72.068 68.586 43.520 42.364 46.023 46.422 26.195 28.132 33.132 26.265 26.979 31.416 26.137 24.353 24.313 35.804 28.444 24.754 20.985 25.797 23.753 21.567 18.976 19.412 21.638 18.605 18.006 15.192 9.780 10.740 6.394 5.836 5.538 4.130 3.379 2.133 0.743 0.657 0.129 0.074 0.000 0.000 0.000 0.000
-999.250 -999.250 -999.250 87.030 83.574 78.578 63.423 58.250 67.472 70.062 77.301 64.276 62.986 84.386 91.132 95.357 93.721 71.633 65.191 85.509 107.779 91.918 89.163 70.817 68.081 52.908 77.924 43.504 36.547 34.215 27.505 23.036 27.450 28.136 24.585 27.651 31.590 24.110 23.158 26.970 33.534 33.167 26.374 21.713 27.124 29.494 17.563 24.999 20.431 19.242 20.685 17.608 12.428 10.513 9.857 7.020 8.209 7.747 6.705 5.092 0.116 0.140 0.000 0.000 0.000 0.000 0.000 0.000 0.000
-999.250 -999.250 -999.250 94.914 96.334 95.673 72.904 60.806 63.034 53.254 60.797 65.105 85.163 103.164 113.620 112.800 109.969 104.555 82.819 101.753 98.718 83.730 80.605 71.316 61.424 58.298 59.950 42.733 38.494 43.341 37.763 27.893 30.163 25.045 22.049 30.209 24.814 24.701 24.198 27.849 31.889 18.881 20.951 27.583 27.431 26.713 21.991 19.085 13.653 15.741 15.304 12.487 16.117 12.361 8.522 8.173 10.024 4.597 6.713 5.051 1.879 0.138 0.000 0.000 0.000 0.000 0.000 0.000 0.000
-999.250 -999.250 -999.250 84.063 82.420 85.007 79.079 71.531 75.149 73.258 62.622 92.060 97.417 103.141 116.861 105.315 121.679 102.217 95.270 92.911 98.641 89.842 72.954 54.158 56.259 50.838 49.102 46.255 37.856 31.890 34.516 32.219 29.889 38.471 28.167 29.915 30.250 24.389 28.800 22.630 24.136 33.472 19.849 23.405 24.837 18.633 19.165 20.222 17.128 14.263 15.150 14.941 13.008 12.017 12.005 10.148 9.348 7.803 6.583 4.788 1.947 1.012 0.249 0.000 0.000 0.000 0.000 0.000 0.000
-999.250 -999.250 80.523 80.924 106.187 82.538 97.241 73.849 88.619 67.210 75.239 91.284 106.720 108.690 127.781 128.356 135.133 137.849 128.256 102.738 84.852 84.320 67.032 55.899 47.739 55.441 48.411 36.931 33.800 23.416 23.308 23.103 28.029 21.325 23.919 24.437 26.094 28.197 31.080 25.449 27.152 25.869 18.700 23.022 24.646 19.449 19.313 15.762 19.400 17.189 17.980 14.731 13.106 15.487 14.268 11.222 9.706 8.350 5.145 5.191 4.698 1.436 0.791 0.000 0.000 0.000 0.000 0.000 0.000
-999.250 -999.250 66.563 83.618 98.981 98.664 83.548 86.942 74.119 84.435 91.797 98.757 95.001 92.280 142.789 158.866 198.796 162.541 127.440 124.438 -999.250 76.273 47.231 49.825 48.166 46.063 53.019 36.516 23.340 26.142 22.243 22.443 22.210 22.565 24.765 29.934 28.762 26.959 19.660 21.211 18.331 24.381 19.664 17.828 21.374 18.935 20.419 19.338 18.232 17.765 17.832 11.577 14.130 14.602 8.828 6.493 9.277 5.403 8.494 4.327 6.410 2.654 1.267 0.103 0.000 0.000 0.000 0.000 0.000
-999.250 67.653 64.012 75.295 69.666 89.801 80.082 74.693 79.827 83.580 112.226 99.899 108.823 89.004 123.719 172.101 217.140 183.810 157.376 -999.250 -999.250 63.558 47.055 33.963 30.929 41.719 51.158 43.012 22.776 18.831 23.856 21.210 25.463 26.740 19.344 17.439 23.927 21.533 24.740 20.083 27.315 19.117 22.349 14.050 18.315 20.128 19.661 14.699 17.099 13.325 11.537 10.197 8.637 11.962 7.651 9.325 5.740 7.116 4.161 3.557 3.515 2.552 0.543 0.439 0.000 0.000 0.000 0.000 0.000
-999.250 72.792 70.258 84.507 67.175 69.260 74.131 84.701 99.465 115.266 114.902 125.604 124.854 107.770 119.920 135.819 174.900 152.622 -999.250 -999.250 -999.250 -999.250 40.359 48.734 33.427 28.687 33.835 33.275 26.519 24.026 24.008 29.977 31.094 24.637 19.596 21.860 24.523 24.290 20.360 20.340 23.568 27.289 19.009 15.881 14.301 18.900 16.155 16.609 14.758 16.301 9.597 10.719 9.530 10.548 10.100 7.652 7.378 6.167 4.943 0.551 4.373 2.030 0.000 0.000 0.000 0.000 0.000 0.000 0.000
