data/medianmodel_24-Jun-2020.asc
ncols	141
nrows	288
xllcorner	-120191.398
yllcorner	-301404.813
cellsize	2000.000
NODATA_value	-999.250
[rows 120 to 149 of 288, columns 0 to 68 of 141]
-999.250 -999.250 -999.250 -999.250 -999.250 -999.250 -999.250 -999.250 -999.250 -999.250 -999.250 -999.250 -999.250 -999.250 -999.250 -999.250 -999.250 -999.250 -999.250 -999.250 -999.250 -999.250 -999.250 -999.250 -999.250 -999.250 0.000 2.125 2.794 4.422 3.473 5.435 6.496 5.602 6.501 5.478 6.069 6.248 5.145 4.290 3.208 1.382 0.426 0.000 0.000 0.000 0.513 2.821 3.428 3.458 3.399 2.974 0.949 0.000 0.000 0.000 0.000 0.000 0.000 0.000 0.000 0.312 3.829 6.384 8.381 11.623 11.177 22.265 27.863
-999.250 -999.250 -999.250 -999.250 -999.250 -999.250 -999.250 -999.250 -999.250 -999.250 -999.250 -999.250 -999.250 -999.250 -999.250 -999.250 -999.250 -999.250 -999.250 -999.250 -999.250 -999.250 -999.250 -999.250 -999.250 0.115 0.019 0.883 2.823 3.429 3.934 3.501 5.022 6.927 6.865 9.336 6.992 9.163 8.302 7.975 4.765 2.865 1.613 0.055 0.000 0.000 0.000 0.000 0.000 0.688 1.092 0.583 0.000 0.000 0.000 0.000 0.000 0.000 0.000 0.000 0.000 0.789 2.536 6.082 9.149 11.186 15.945 22.596 31.346
-999.250 -999.250 -999.250 -999.250 -999.250 -999.250 -999.250 -999.250 -999.250 -999.250 -999.250 -999.250 -999.250 -999.250 -999.250 -999.250 -999.250 -999.250 -999.250 -999.250 -999.250 -999.250 -999.250 -999.250 -999.250 0.000 1.395 1.887 4.459 3.900 4.128 5.891 9.068 9.069 8.247 10.196 12.922 13.029 13.380 10.373 7.904 3.995 0.495 0.000 0.000 0.000 0.000 0.000 0.000 0.000 0.000 0.000 0.000 0.000 0.000 0.000 0.000 0.000 0.000 0.000 0.000 0.000 1.875 4.784 8.004 10.957 16.162 23.718 34.500
-999.250 -999.250 -999.250 -999.250 -999.250 -999.250 -999.250 -999.250 -999.250 -999.250 -999.250 -999.250 -999.250 -999.250 -999.250 -999.250 -999.250 -999.250 -999.250 -999.250 -999.250 -999.250 -999.250 -999.250 -999.250 1.074 1.623 3.491 3.241 3.238 5.274 5.927 8.149 7.687 10.384 11.557 13.897 15.919 23.319 14.994 11.507 6.285 1.113 0.000 0.000 0.000 0.000 0.000 0.000 0.000 0.000 0.000 0.000 0.000 0.000 0.000 0.000 0.000 0.000 0.000 0.000 0.000 0.000 3.450 6.746 8.670 15.789 19.770 31.146
-999.250 -999.250 -999.250 -999.250 -999.250 -999.250 -999.250 -999.250 -999.250 -999.250 -999.250 -999.250 -999.250 -999.250 -999.250 -999.250 -999.250 -999.250 -999.250 -999.250 -999.250 -999.250 -999.250 -999.250 3.902 1.988 1.810 1.446 1.883 3.776 4.704 6.099 9.146 8.475 10.785 14.349 16.431 18.886 20.027 15.283 9.328 7.178 3.701 2.315 0.000 0.000 0.000 0.000 0.000 0.000 0.000 0.000 0.000 0.000 0.000 0.000 0.000 0.000 0.000 0.000 0.000 0.000 0.000 3.150 7.964 8.446 14.192 18.915 23.650
-999.250 -999.250 -999.250 -999.250 -999.250 -999.250 -999.250 -999.250 -999.250 -999.250 -999.250 -999.250 -999.250 -999.250 -999.250 -999.250 -999.250 -999.250 -999.250 -999.250 -999.250 -999.250 -999.250 -999.250 2.258 0.702 0.000 1.994 2.657 3.592 6.040 7.747 8.630 8.675 9.386 13.373 14.361 16.125 13.391 11.953 7.118 6.704 4.608 0.181 0.000 0.000 0.000 0.000 0.000 0.000 0.000 0.000 0.000 0.000 0.000 0.000 0.000 0.000 0.000 0.000 0.000 0.000 0.000 1.619 4.913 5.920 13.702 16.918 21.679
-999.250 -999.250 -999.250 -999.250 -999.250 -999.250 -999.250 -999.250 -999.250 -999.250 -999.250 -999.250 -999.250 -999.250 -999.250 -999.250 -999.250 -999.250 -999.250 -999.250 -999.250 -999.250 -999.250 2.820 1.334 0.000 0.000 2.713 2.799 3.495 6.047 7.015 8.160 9.081 11.779 15.004 15.451 14.569 11.829 10.861 7.013 4.396 3.968 1.771 0.000 0.000 0.000 0.000 0.000 0.000 0.000 0.000 0.000 0.000 0.000 0.000 0.000 0.000 0.000 0.000 0.000 0.000 0.000 0.000 3.725 6.377 8.449 12.902 15.581
-999.250 -999.250 -999.250 -999.250 -999.250 -999.250 -999.250 -999.250 -999.250 -999.250 -999.250 -999.250 -999.250 -999.250 -999.250 -999.250 -999.250 -999.250 -999.250 -999.250 -999.250 -999.250 -999.250 0.000 0.000 0.000 0.000 0.569 2.522 3.368 5.407 9.139 8.553 11.116 13.765 15.631 15.166 14.876 10.138 8.055 7.552 4.988 3.559 2.131 0.000 0.000 0.000 0.000 0.000 0.000 0.000 0.000 0.000 0.000 0.000 0.000 0.000 0.000 0.000 0.000 0.000 0.000 0.000 0.000 0.612 4.677 4.601 9.679 8.310
-999.250 -999.250 -999.250 -999.250 -999.250 -999.250 -999.250 -999.250 -999.250 -999.250 -999.250 -999.250 -999.250 -999.250 -999.250 -999.250 -999.250 -999.250 -999.250 -999.250 -999.250 -999.250 -999.250 0.000 0.000 0.000 0.000 0.004 1.336 3.430 4.957 7.976 7.926 11.107 14.881 16.316 17.909 14.361 12.126 9.813 9.330 6.554 5.034 4.289 0.544 0.000 0.000 0.000 0.000 0.000 0.000 0.000 0.000 0.000 0.000 0.000 0.000 0.000 0.000 0.000 0.000 0.000 0.000 0.000 0.000 0.176 1.878 1.251 3.071
-999.250 -999.250 -999.250 -999.250 -999.250 -999.250 -999.250 -999.250 -999.250 -999.250 -999.250 -999.250 -999.250 -999.250 -999.250 -999.250 -999.250 -999.250 -999.250 -999.250 -999.250 -999.250 1.855 0.000 0.000 0.000 0.000 0.224 1.576 2.458 5.498 7.977 10.376 13.971 13.087 16.212 15.989 11.226 13.302 12.368 15.482 12.971 8.091 4.565 2.683 1.221 0.000 0.000 0.000 0.000 0.000 0.000 0.000 0.000 0.000 0.000 0.000 0.000 0.000 0.000 0.000 0.000 0.000 0.000 0.000 0.000 0.000 0.000 0.000
-999.250 -999.250 -999.250 -999.250 -999.250 -999.250 -999.250 -999.250 -999.250 -999.250 -999.250 -999.250 -999.250 -999.250 -999.250 -999.250 -999.250 -999.250 -999.250 -999.250 -999.250 -999.250 0.000 0.000 0.000 0.000 0.000 0.000 0.909 4.387 9.584 9.340 12.159 18.255 14.743 12.963 14.958 17.076 20.738 22.783 21.677 15.921 9.627 8.184 8.752 5.594 0.535 0.000 0.000 0.000 0.000 0.000 0.000 0.000 0.000 0.000 0.000 0.000 0.000 0.000 0.000 0.000 0.000 0.000 0.000 0.000 0.000 0.000 0.000
-999.250 -999.250 -999.250 -999.250 -999.250 -999.250 -999.250 -999.250 -999.250 -999.250 -999.250 -999.250 -999.250 -999.250 -999.250 -999.250 -999.250 -999.250 -999.250 -999.250 -999.250 2.143 0.000 0.000 2.597 0.000 0.000 0.000 1.292 5.351 13.571 11.231 11.660 12.771 14.269 16.078 16.252 16.465 20.411 25.222 29.501 21.002 17.591 13.677 10.192 5.987 4.471 0.503 0.000 0.000 0.000 0.000 0.000 0.000 0.000 0.000 0.000 0.000 0.000 0.000 0.000 0.000 0.000 0.000 0.000 0.000 0.000 0.000 0.000
-999.250 -999.250 -999.250 -999.250 -999.250 -999.250 -999.250 -999.250 -999.250 -999.250 -999.250 -999.250 -999.250 -999.250 -999.250 -999.250 -999.250 -999.250 -999.250 -999.250 -999.250 1.735 0.000 0.000 0.000 0.000 0.000 0.000 0.224 3.791 5.483 7.371 6.730 11.386 13.440 13.823 18.647 21.838 24.110 28.778 32.649 30.814 22.266 15.780 16.096 10.768 6.757 3.234 0.035 0.000 0.000 0.000 0.000 0.000 0.000 0.000 0.000 0.000 0.000 0.000 0.000 0.000 0.000 0.000 0.000 0.000 0.000 0.000 0.000
-999.250 -999.250 -999.250 -999.250 -999.250 -999.250 -999.250 -999.250 -999.250 -999.250 -999.250 -999.250 -999.250 -999.250 -999.250 -999.250 -999.250 -999.250 -999.250 -999.250 -999.250 0.000 0.000 0.000 0.000 0.000 0.000 0.000 0.000 1.073 0.804 2.798 8.363 9.970 13.577 13.414 21.009 24.476 29.416 33.661 32.597 29.852 27.908 24.893 21.770 15.557 7.734 4.837 0.678 0.000 0.000 0.000 0.000 0.000 0.000 0.000 0.000 0.000 0.000 0.000 0.000 0.000 0.000 0.000 0.000 0.000 0.000 0.000 0.000
-999.250 -999.250 -999.250 -999.250 -999.250 -999.250 -999.250 -999.250 -999.250 -999.250 -999.250 -999.250 -999.250 -999.250 -999.250 -999.250 -999.250 -999.250 -999.250 -999.250 0.000 0.000 0.000 0.000 0.000 0.000 0.000 0.000 0.000 0.000 0.000 1.091 3.330 5.465 8.017 14.580 20.051 30.151 29.937 34.407 34.775 38.223 33.991 25.013 22.956 15.083 12.100 5.805 3.469 0.000 0.000 0.000 0.000 0.000 0.000 0.000 0.000 0.000 0.000 0.000 0.000 0.000 0.000 0.728 2.752 2.265 1.893 0.000 0.000
-999.250 -999.250 -999.250 -999.250 -999.250 -999.250 -999.250 -999.250 -999.250 -999.250 -999.250 -999.250 -999.250 -999.250 -999.250 -999.250 -999.250 -999.250 -999.250 -999.250 0.000 0.000 0.000 0.000 0.000 0.000 0.000 0.000 0.000 0.000 0.000 0.000 0.590 3.505 7.289 14.837 24.892 24.141 34.129 42.722 41.275 43.721 37.425 31.644 24.290 16.721 15.923 7.444 3.657 0.344 0.000 0.000 0.000 0.000 0.000 0.000 0.000 0.000 0.000 0.000 0.000 0.290 3.447 3.409 8.048 7.462 7.677 5.055 2.420
-999.250 -999.250 -999.250 -999.250 -999.250 -999.250 -999.250 -999.250 -999.250 -999.250 -999.250 -999.250 -999.250 -999.250 -999.250 -999.250 -999.250 -999.250 -999.250 -999.250 0.000 0.000 0.000 0.032 0.937 2.466 0.000 0.357 0.000 0.000 0.000 0.000 0.000 2.272 6.758 11.146 19.974 26.615 33.724 47.046 50.726 52.202 44.033 33.455 22.434 15.677 15.387 6.210 3.215 0.000 0.000 0.000 0.000 0.000 0.000 0.000 0.000 0.000 0.000 0.000 0.000 2.846 6.165 10.108 12.817 14.002 11.490 9.175 7.939
-999.250 -999.250 -999.250 -999.250 -999.250 -999.250 -999.250 -999.250 -999.250 -999.250 -999.250 -999.250 -999.250 -999.250 -999.250 -999.250 -999.250 -999.250 -999.250 -999.250 0.000 0.000 0.000 3.256 3.714 3.629 3.083 2.928 1.812 0.000 0.000 0.000 0.000 0.890 5.591 13.729 18.604 22.724 36.368 50.640 65.843 55.857 43.819 34.261 24.158 15.012 10.061 6.473 3.192 0.000 0.000 0.000 0.000 0.000 0.000 0.000 0.000 0.000 0.000 0.000 0.015 5.262 12.272 14.472 15.905 20.291 19.165 13.850 9.974
-999.250 -999.250 -999.250 -999.250 -999.250 -999.250 -999.250 -999.250 -999.250 -999.250 -999.250 -999.250 -999.250 -999.250 -999.250 -999.250 -999.250 -999.250 -999.250 0.000 0.000 0.000 2.968 5.614 8.957 8.461 9.276 10.228 6.700 4.740 5.398 3.848 3.546 3.128 5.672 10.179 13.590 23.881 29.209 43.883 50.983 44.943 35.705 31.054 17.841 14.492 9.260 3.721 0.493 0.000 0.000 0.000 0.000 0.000 0.000 0.000 0.000 0.000 0.000 0.000 3.500 9.285 15.869 23.731 26.790 23.208 27.440 24.337 19.118
-999.250 -999.250 -999.250 -999.250 -999.250 -999.250 -999.250 -999.250 -999.250 -999.250 -999.250 -999.250 -999.250 -999.250 -999.250 -999.250 -999.250 -999.250 -999.250 0.000 0.000 0.000 8.301 10.347 14.183 14.175 18.318 17.846 14.750 13.227 14.116 10.112 6.443 5.439 5.510 8.325 14.832 18.499 24.121 32.297 35.425 32.275 28.078 25.269 17.032 11.425 5.037 3.045 0.322 0.000 0.000 0.000 0.000 0.000 0.000 0.000 0.000 0.000 0.000 0.820 4.767 12.938 18.568 26.733 30.539 30.918 32.904 24.869 18.952
-999.250 -999.250 -999.250 -999.250 -999.250 -999.250 -999.250 -999.250 -999.250 -999.250 -999.250 -999.250 -999.250 -999.250 -999.250 -999.250 -999.250 -999.250 -999.250 0.000 0.000 6.584 15.705 26.172 31.103 28.002 28.641 26.667 24.200 26.873 30.075 16.288 11.968 5.926 6.302 7.464 10.975 13.934 19.359 22.207 25.808 21.747 19.358 17.409 12.641 8.432 4.154 2.662 1.494 0.000 0.000 0.000 0.000 0.000 0.000 0.000 0.000 0.000 0.000 1.610 7.423 15.293 26.241 37.078 41.310 38.712 35.109 30.883 27.162
-999.250 -999.250 -999.250 -999.250 -999.250 -999.250 -999.250 -999.250 -999.250 -999.250 -999.250 -999.250 -999.250 -999.250 -999.250 -999.250 -999.250 -999.250 -999.250 1.517 9.367 16.724 31.094 37.421 42.733 43.548 39.514 35.983 33.269 29.437 29.415 19.238 12.573 8.638 5.765 4.723 6.427 8.407 13.251 14.228 15.753 12.658 9.638 11.822 8.718 4.008 2.897 3.462 5.442 0.000 0.000 0.000 0.000 0.000 0.000 0.000 0.000 0.000 0.000 2.444 8.492 19.029 30.499 46.122 54.268 46.621 41.924 36.224 28.147
-999.250 -999.250 -999.250 -999.250 -999.250 -999.250 -999.250 -999.250 -999.250 -999.250 -999.250 -999.250 -999.250 -999.250 -999.250 -999.250 -999.250 -999.250 -999.250 7.639 18.290 32.383 53.239 61.828 55.923 48.965 44.132 34.662 39.652 37.865 25.323 22.216 14.710 9.541 6.437 7.756 6.516 8.654 8.501 11.499 9.535 9.258 8.375 6.393 5.039 3.102 2.183 1.460 0.785 0.000 0.000 0.000 0.000 0.000 0.000 0.000 0.000 0.000 0.000 0.843 8.352 18.450 32.057 47.264 63.826 45.329 43.911 36.987 31.202
-999.250 -999.250 -999.250 -999.250 -999.250 -999.250 -999.250 -999.250 -999.250 -999.250 -999.250 -999.250 -999.250 -999.250 -999.250 -999.250 -999.250 -999.250 11.491 17.628 32.591 47.549 65.156 93.362 66.841 57.608 49.525 41.120 35.855 35.486 30.352 22.403 16.940 13.621 10.950 7.626 7.635 8.254 7.212 4.962 4.566 4.229 4.465 4.412 3.693 4.366 3.187 2.759 0.163 0.000 0.000 0.000 0.000 0.000 0.000 0.000 0.000 0.000 0.000 0.000 4.067 14.132 25.259 38.044 44.779 43.026 40.074 32.657 28.650
-999.250 -999.250 -999.250 -999.250 -999.250 -999.250 -999.250 -999.250 -999.250 -999.250 -999.250 -999.250 -999.250 -999.250 -999.250 -999.250 -999.250 16.137 18.068 27.080 42.849 47.808 65.855 69.877 66.241 51.464 56.531 43.655 42.344 36.596 33.002 24.930 23.925 15.572 13.225 11.181 9.072 9.330 6.518 4.538 2.457 2.198 2.123 4.151 5.247 6.152 3.537 3.536 0.644 0.000 0.000 0.000 0.000 0.000 0.000 0.000 0.000 0.000 0.000 0.000 3.828 10.050 21.332 31.390 28.893 31.816 31.896 29.116 20.300
-999.250 -999.250 -999.250 -999.250 -999.250 -999.250 -999.250 -999.250 -999.250 -999.250 -999.250 -999.250 -999.250 -999.250 -999.250 -999.250 -999.250 18.803 20.670 28.185 39.157 47.649 54.242 60.876 58.014 58.136 54.780 47.091 35.748 34.823 29.840 25.890 21.249 18.961 13.827 11.426 11.785 9.943 6.888 3.623 3.493 0.912 3.748 5.730 8.864 9.525 6.381 4.431 0.730 0.000 0.000 0.000 0.000 0.000 0.000 0.000 0.000 0.000 0.000 0.000 1.210 7.707 14.796 20.690 24.523 24.242 20.860 16.476 13.744
-999.250 -999.250 -999.250 -999.250 -999.250 -999.250 -999.250 -999.250 -999.250 -999.250 -999.250 -999.250 -999.250 -999.250 -999.250 19.618 27.530 24.436 26.575 31.561 44.254 46.170 50.082 51.529 59.045 49.386 47.446 45.384 35.323 31.619 25.474 23.838 20.949 18.311 16.253 16.184 14.625 12.891 10.211 7.507 2.374 2.863 4.341 9.161 13.232 13.456 10.764 6.419 3.481 0.000 0.000 0.000 0.000 0.000 0.000 0.000 0.000 0.000 0.000 0.000 2.132 4.111 10.396 12.766 15.253 14.345 14.400 9.758 7.644
-999.250 -999.250 -999.250 -999.250 -999.250 -999.250 -999.250 -999.250 -999.250 -999.250 -999.250 -999.250 -999.250 -999.250 20.723 25.327 30.495 31.478 34.370 42.339 44.729 50.052 47.080 52.370 51.779 53.046 45.207 36.969 34.905 32.440 28.617 26.397 23.738 19.973 16.509 19.072 18.903 17.973 14.355 8.525 4.196 3.028 7.992 16.975 24.238 24.960 14.384 9.024 5.404 1.932 0.000 0.000 0.000 0.000 0.000 0.000 0.000 0.000 0.000 0.000 0.000 4.035 6.841 6.559 8.487 7.806 5.681 4.386 3.157
-999.250 -999.250 -999.250 -999.250 -999.250 -999.250 -999.250 -999.250 -999.250 -999.250 -999.250 -999.250 -999.250 -999.250 32.758 33.076 34.314 35.747 38.511 42.519 46.465 45.558 50.465 48.461 49.818 47.593 43.370 31.758 29.877 30.783 22.298 20.787 21.021 20.787 20.315 22.286 23.833 31.228 17.823 11.163 5.808 5.497 11.448 19.180 33.607 37.109 19.226 13.403 4.564 1.587 0.000 0.000 0.000 0.000 0.000 0.000 0.000 0.000 0.000 0.000 0.000 1.991 3.257 4.651 3.300 3.298 3.218 0.000 0.000
-999.250 -999.250 -999.250 -999.250 -999.250 -999.250 -999.250 -999.250 -999.250 -999.250 -999.250 -999.250 -999.250 36.705 42.947 40.347 43.969 45.957 45.816 47.146 42.769 44.520 48.300 45.796 39.236 43.283 36.230 30.083 27.836 23.514 18.922 18.227 18.649 22.193 22.891 26.352 22.090 20.606 14.605 10.297 7.412 6.363 8.338 15.217 26.730 21.053 13.289 6.699 2.719 0.199 0.000 0.000 0.000 0.000 0.000 0.000 0.000 0.000 0.000 0.000 0.000 0.000 1.019 2.605 3.047 0.715 0.000 0.000 0.000
