data/medianmodel_14-Oct-2020.asc
ncols	141
nrows	288
xllcorner	-120191.398
yllcorner	-301404.813
cellsize	2000.000
NODATA_value	-999.250
[rows 90 to 119 of 288, columns 67 to 133 of 141]
30.574 36.651 34.143 38.587 40.008 53.382 46.423 45.412 49.885 42.955 43.343 33.896 28.766 26.266 24.886 16.146 14.288 13.260 13.611 13.503 19.909 26.241 29.890 42.767 51.617 57.420 71.721 71.164 95.848 96.257 126.281 121.463 128.863 132.121 132.559 123.132 121.685 132.315 137.925 123.737 104.226 94.246 91.430 75.029 81.437 66.761 91.010 76.832 110.988 -999.250 -999.250 -999.250 -999.250 -999.250 -999.250 -999.250 -999.250 -999.250 -999.250 -999.250 -999.250 -999.250 -999.250 -999.250 -999.250 -999.250 -999.250
27.665 26.081 30.417 29.293 31.357 36.613 33.362 44.750 38.795 37.822 30.691 27.916 20.378 20.810 24.766 20.259 13.575 16.143 16.702 19.040 25.982 35.861 42.850 47.154 59.718 69.858 85.608 87.118 85.304 94.977 104.623 114.840 124.897 112.538 109.725 115.651 103.246 117.546 100.833 101.481 103.726 94.594 89.124 92.669 69.464 78.404 80.650 96.779 -999.250 -999.250 -999.250 -999.250 -999.250 -999.250 -999.250 -999.250 -999.250 -999.250 -999.250 -999.250 -999.250 -999.250 -999.250 -999.250 -999.250 -999.250 -999.250
21.283 18.002 21.902 25.172 23.229 26.783 30.196 32.241 29.636 27.601 25.423 26.805 23.053 20.145 17.334 17.113 16.769 18.120 22.012 24.097 33.976 35.714 45.698 62.641 74.986 83.754 92.756 89.089 100.324 94.870 106.634 111.047 124.845 101.973 101.786 97.342 94.669 110.541 108.627 105.684 92.542 108.672 100.353 88.257 83.652 79.712 97.570 117.448 -999.250 -999.250 -999.250 -999.250 -999.250 -999.250 -999.250 -999.250 -999.250 -999.250 -999.250 -999.250 -999.250 -999.250 -999.250 -999.250 -999.250 -999.250 -999.250
6.957 8.469 18.300 18.874 20.306 22.391 24.586 24.707 25.407 26.038 27.265 21.342 19.489 21.520 15.253 17.210 17.368 18.423 23.644 30.761 34.804 38.362 58.245 72.910 94.913 101.867 106.720 105.957 104.186 100.279 93.735 114.402 106.845 106.939 112.980 103.890 92.100 100.188 90.386 95.508 90.545 100.171 104.102 95.017 110.618 117.130 112.053 -999.250 -999.250 -999.250 -999.250 -999.250 -999.250 -999.250 -999.250 -999.250 -999.250 -999.250 -999.250 -999.250 -999.250 -999.250 -999.250 -999.250 -999.250 -999.250 -999.250
0.000 1.935 11.778 14.220 18.863 19.425 21.581 21.862 18.824 22.228 22.176 17.221 16.073 13.961 13.627 15.984 21.210 21.762 24.706 33.974 34.827 48.129 67.618 94.136 106.418 110.271 121.495 117.802 119.195 118.668 112.542 122.748 115.778 109.088 99.001 87.172 105.165 97.978 94.703 89.042 87.061 98.651 98.602 92.783 105.998 112.541 133.181 -999.250 -999.250 -999.250 -999.250 -999.250 -999.250 -999.250 -999.250 -999.250 -999.250 -999.250 -999.250 -999.250 -999.250 -999.250 -999.250 -999.250 -999.250 -999.250 -999.250
3.930 8.181 9.777 15.113 17.347 18.784 18.106 16.413 18.648 18.266 19.045 15.705 14.473 14.805 11.275 14.386 18.544 25.730 33.256 36.126 41.283 50.155 71.036 81.366 101.716 135.352 126.282 117.714 133.857 137.502 135.626 131.747 120.532 107.578 104.668 101.070 93.016 92.405 75.555 86.318 89.405 85.524 88.166 104.019 101.029 116.074 135.237 -999.250 -999.250 -999.250 -999.250 -999.250 -999.250 -999.250 -999.250 -999.250 -999.250 -999.250 -999.250 -999.250 -999.250 -999.250 -999.250 -999.250 -999.250 -999.250 -999.250
9.151 11.692 12.770 12.111 15.610 13.519 18.582 15.865 17.828 15.842 20.426 15.114 13.493 11.957 11.522 9.363 15.223 24.817 26.917 38.154 41.331 50.719 73.846 99.649 103.059 121.493 126.999 143.326 144.925 152.937 129.153 123.608 116.047 109.238 99.442 114.692 94.248 85.538 91.763 83.037 92.475 82.696 91.299 119.696 105.076 117.070 137.689 119.517 -999.250 -999.250 -999.250 -999.250 -999.250 -999.250 -999.250 -999.250 -999.250 -999.250 -999.250 -999.250 -999.250 -999.250 -999.250 -999.250 -999.250 -999.250 -999.250
12.337 13.793 14.892 12.343 14.411 15.511 17.487 15.587 19.165 15.328 18.853 16.333 15.874 10.452 13.681 12.199 14.052 21.014 28.051 33.013 38.250 49.950 60.554 93.895 114.767 124.761 136.108 125.505 133.940 118.368 114.263 114.561 104.320 108.160 110.985 113.265 110.073 97.942 100.920 88.649 84.106 87.294 89.305 99.852 110.647 115.122 105.162 133.253 108.551 -999.250 -999.250 -999.250 -999.250 -999.250 -999.250 -999.250 -999.250 -999.250 -999.250 -999.250 -999.250 -999.250 -999.250 -999.250 -999.250 -999.250 -999.250
14.195 11.069 12.660 15.229 12.656 16.847 15.724 14.897 17.825 17.981 17.375 15.424 13.293 13.717 14.120 16.142 15.835 19.087 26.588 36.142 39.964 50.460 59.878 88.713 112.336 140.558 140.669 138.535 130.213 128.648 129.465 121.728 110.479 113.340 124.952 120.747 105.437 115.305 107.702 102.915 86.746 82.150 94.613 103.210 106.934 115.468 113.962 132.623 123.397 114.559 -999.250 -999.250 -999.250 -999.250 -999.250 -999.250 -999.250 -999.250 -999.250 -999.250 -999.250 -999.250 -999.250 -999.250 -999.250 -999.250 -999.250
12.499 12.889 13.099 17.535 16.086 20.776 18.210 14.964 18.392 20.795 17.612 17.899 14.410 13.598 13.956 16.515 14.742 19.886 25.858 31.198 44.156 57.819 56.845 92.464 117.593 124.765 122.123 124.653 133.856 130.779 126.232 142.571 120.683 118.257 132.403 125.588 105.471 113.368 106.098 107.655 112.352 105.030 94.717 92.116 110.904 112.406 123.764 122.603 116.454 -999.250 -999.250 -999.250 -999.250 -999.250 -999.250 -999.250 -999.250 -999.250 -999.250 -999.250 -999.250 -999.250 -999.250 -999.250 -999.250 -999.250 -999.250
10.247 9.523 14.810 13.736 16.626 18.618 22.138 22.497 19.558 18.165 14.669 19.594 15.797 10.911 16.984 17.611 13.044 17.801 24.120 30.171 40.576 56.279 64.655 74.325 99.706 120.401 126.708 121.179 126.951 136.974 129.254 137.857 123.896 137.210 128.117 115.228 114.472 114.588 111.401 93.865 101.727 99.285 81.390 86.892 102.842 111.285 121.133 126.718 132.126 121.786 -999.250 -999.250 -999.250 -999.250 -999.250 -999.250 -999.250 -999.250 -999.250 -999.250 -999.250 -999.250 -999.250 -999.250 -999.250 -999.250 -999.250
7.625 4.737 11.437 15.207 14.821 17.227 20.991 17.266 20.011 15.980 14.534 18.262 17.803 17.426 15.474 16.011 14.644 19.084 20.426 24.582 33.285 46.839 68.022 75.224 98.874 117.570 131.945 130.507 130.599 138.799 149.403 152.161 107.854 122.275 126.463 109.755 95.148 116.391 97.808 97.632 96.109 104.443 104.821 102.837 106.345 107.648 133.148 134.647 -999.250 -999.250 -999.250 -999.250 -999.250 -999.250 -999.250 -999.250 -999.250 -999.250 -999.250 -999.250 -999.250 -999.250 -999.250 -999.250 -999.250 -999.250 -999.250
4.500 6.071 9.346 11.895 16.401 16.029 19.529 17.773 21.741 18.768 17.992 15.533 14.404 18.507 18.061 17.884 17.560 19.010 20.271 24.164 27.164 44.064 55.789 71.760 88.933 104.502 105.036 119.600 145.395 140.498 146.876 147.008 141.816 121.449 122.718 126.109 118.094 107.895 99.878 90.467 111.550 108.608 116.316 111.429 117.111 104.751 122.842 -999.250 -999.250 -999.250 -999.250 -999.250 -999.250 -999.250 -999.250 -999.250 -999.250 -999.250 -999.250 -999.250 -999.250 -999.250 -999.250 -999.250 -999.250 -999.250 -999.250
2.513 3.143 3.326 10.125 13.401 17.126 17.043 18.173 22.572 23.013 19.992 17.431 19.460 22.467 17.100 17.482 14.171 15.864 19.340 21.293 29.923 34.217 49.420 60.754 86.306 103.169 104.246 114.302 116.453 132.073 141.049 147.063 137.515 149.847 119.398 128.692 126.457 129.326 116.980 117.405 109.527 113.875 116.255 116.781 109.382 108.883 124.100 -999.250 -999.250 -999.250 -999.250 -999.250 -999.250 -999.250 -999.250 -999.250 -999.250 -999.250 -999.250 -999.250 -999.250 -999.250 -999.250 -999.250 -999.250 -999.250 -999.250
0.000 0.000 0.407 7.221 10.257 15.034 17.021 17.600 19.060 19.127 17.106 21.360 23.435 22.985 16.890 17.680 15.245 16.860 22.384 22.237 26.166 33.846 48.417 56.518 75.650 79.085 84.151 97.341 105.488 136.954 123.091 143.323 146.343 146.325 139.148 135.420 135.233 134.894 121.163 123.132 111.723 114.395 115.988 126.823 109.400 125.976 -999.250 -999.250 -999.250 -999.250 -999.250 -999.250 -999.250 -999.250 -999.250 -999.250 -999.250 -999.250 -999.250 -999.250 -999.250 -999.250 -999.250 -999.250 -999.250 -999.250 -999.250
0.000 0.000 0.348 2.231 8.102 14.899 15.605 17.274 20.423 18.983 22.439 23.923 25.323 20.542 19.569 18.583 15.270 18.513 21.017 20.883 25.683 29.682 39.878 56.164 59.571 74.581 80.126 88.155 104.487 124.413 125.408 133.574 161.591 144.418 147.717 144.358 159.035 155.605 145.267 126.854 128.838 117.157 -999.250 -999.250 -999.250 -999.250 -999.250 -999.250 -999.250 -999.250 -999.250 -999.250 -999.250 -999.250 -999.250 -999.250 -999.250 -999.250 -999.250 -999.250 -999.250 -999.250 -999.250 -999.250 -999.250 -999.250 -999.250
0.000 1.490 0.000 0.943 5.042 9.881 14.857 20.016 19.210 20.425 23.549 17.370 17.686 16.487 21.375 18.773 14.675 18.411 18.680 25.134 26.878 30.299 41.562 53.129 60.441 61.779 71.699 90.741 90.564 113.839 133.818 136.561 145.467 147.967 160.474 153.604 165.889 170.918 148.335 138.907 -999.250 -999.250 -999.250 -999.250 -999.250 -999.250 -999.250 -999.250 -999.250 -999.250 -999.250 -999.250 -999.250 -999.250 -999.250 -999.250 -999.250 -999.250 -999.250 -999.250 -999.250 -999.250 -999.250 -999.250 -999.250 -999.250 -999.250
9.200 4.492 1.826 0.161 5.285 8.484 12.507 18.183 20.720 21.051 21.291 22.065 21.178 20.482 23.051 20.177 19.081 20.747 22.385 27.286 32.506 36.181 39.124 45.537 57.939 67.738 75.607 93.568 102.083 114.270 133.627 146.928 147.572 161.176 167.646 160.875 176.776 173.607 161.926 162.142 -999.250 -999.250 -999.250 -999.250 -999.250 -999.250 -999.250 -999.250 -999.250 -999.250 -999.250 -999.250 -999.250 -999.250 -999.250 -999.250 -999.250 -999.250 -999.250 -999.250 -999.250 -999.250 -999.250 -999.250 -999.250 -999.250 -999.250
18.185 8.907 2.541 7.406 4.095 3.162 7.828 15.968 17.409 19.231 20.964 24.706 28.398 27.032 27.830 25.018 22.157 23.443 26.652 30.159 37.452 35.531 39.579 55.191 59.368 65.547 82.325 94.697 101.247 114.517 127.097 145.068 142.460 156.561 158.245 164.991 185.044 165.911 174.641 153.526 -999.250 -999.250 -999.250 -999.250 -999.250 -999.250 -999.250 -999.250 -999.250 -999.250 -999.250 -999.250 -999.250 -999.250 -999.250 -999.250 -999.250 -999.250 -999.250 -999.250 -999.250 -999.250 -999.250 -999.250 -999.250 -999.250 -999.250
30.719 15.648 9.262 8.061 11.618 7.203 10.597 13.147 14.098 17.806 21.315 24.402 31.644 33.522 36.181 26.268 26.758 26.567 29.450 28.871 30.855 35.670 45.285 55.932 61.772 63.553 73.228 68.207 95.249 125.519 120.952 128.293 149.357 149.016 162.399 165.123 189.274 171.988 161.462 150.647 -999.250 -999.250 -999.250 -999.250 -999.250 -999.250 -999.250 -999.250 -999.250 -999.250 -999.250 -999.250 -999.250 -999.250 -999.250 -999.250 -999.250 -999.250 -999.250 -999.250 -999.250 -999.250 -999.250 -999.250 -999.250 -999.250 -999.250
37.522 23.465 15.169 9.909 8.605 9.349 9.797 10.476 11.419 15.315 20.812 26.003 29.981 29.787 36.521 33.853 31.163 36.987 33.042 36.005 41.517 37.810 44.555 53.963 60.677 63.968 76.102 90.995 114.650 129.259 116.791 111.349 134.613 144.718 160.676 167.830 172.423 168.064 158.246 158.151 -999.250 -999.250 -999.250 -999.250 -999.250 -999.250 -999.250 -999.250 -999.250 -999.250 -999.250 -999.250 -999.250 -999.250 -999.250 -999.250 -999.250 -999.250 -999.250 -999.250 -999.250 -999.250 -999.250 -999.250 -999.250 -999.250 -999.250
60.936 40.338 23.577 13.385 9.026 12.907 7.705 14.509 17.161 19.017 22.209 30.172 33.806 35.177 37.471 38.210 42.486 34.514 38.744 40.692 40.650 44.499 45.431 54.808 76.823 77.387 70.722 92.360 99.072 116.415 101.343 128.232 117.739 136.690 151.857 160.867 167.990 192.395 164.876 160.932 -999.250 -999.250 -999.250 -999.250 -999.250 -999.250 -999.250 -999.250 -999.250 -999.250 -999.250 -999.250 -999.250 -999.250 -999.250 -999.250 -999.250 -999.250 -999.250 -999.250 -999.250 -999.250 -999.250 -999.250 -999.250 -999.250 -999.250
68.632 50.339 24.838 21.577 15.765 10.296 14.187 16.249 15.698 21.947 25.547 29.413 35.359 45.742 37.311 45.985 42.828 39.049 49.117 44.584 46.143 49.247 54.239 53.816 65.896 70.331 77.418 94.947 89.882 93.587 114.126 124.328 123.037 139.865 140.894 156.907 155.783 157.285 157.150 138.876 139.290 127.478 -999.250 -999.250 -999.250 -999.250 -999.250 -999.250 -999.250 -999.250 -999.250 -999.250 -999.250 -999.250 -999.250 -999.250 -999.250 -999.250 -999.250 -999.250 -999.250 -999.250 -999.250 -999.250 -999.250 -999.250 -999.250
75.324 55.904 35.810 24.771 17.341 15.716 17.935 19.044 22.489 22.419 28.367 27.746 30.639 35.174 37.883 50.728 41.755 46.747 44.843 54.088 55.312 55.996 51.544 61.976 71.947 77.947 86.108 96.872 102.222 99.673 91.167 106.029 118.014 123.113 132.142 135.141 141.000 148.330 127.445 129.668 138.154 145.722 110.687 106.635 -999.250 -999.250 -999.250 -999.250 -999.250 -999.250 -999.250 -999.250 -999.250 -999.250 -999.250 -999.250 -999.250 -999.250 -999.250 -999.250 -999.250 -999.250 -999.250 -999.250 -999.250 -999.250 -999.250
76.055 62.422 38.625 27.657 21.001 17.241 15.029 19.732 24.843 26.355 30.691 34.319 39.674 41.027 37.264 39.452 40.726 41.842 52.586 57.544 64.966 54.317 57.489 58.595 78.092 89.855 91.659 100.234 99.770 98.489 90.435 94.680 117.083 125.399 137.745 138.302 135.201 137.340 138.807 133.370 141.742 145.965 139.255 118.196 -999.250 -999.250 -999.250 -999.250 -999.250 -999.250 -999.250 -999.250 -999.250 -999.250 -999.250 -999.250 -999.250 -999.250 -999.250 -999.250 -999.250 -999.250 -999.250 -999.250 -999.250 -999.250 -999.250
84.845 64.734 42.886 27.982 21.497 20.673 18.523 19.407 22.280 25.472 31.046 38.533 39.972 38.497 48.267 42.002 54.820 64.753 59.707 68.053 71.011 57.740 63.651 58.929 85.818 87.332 93.419 94.623 112.535 100.872 104.802 96.917 120.248 123.747 119.349 131.860 144.181 132.818 131.237 131.678 136.195 138.872 141.048 122.670 117.303 -999.250 -999.250 -999.250 -999.250 -999.250 -999.250 -999.250 -999.250 -999.250 -999.250 -999.250 -999.250 -999.250 -999.250 -999.250 -999.250 -999.250 -999.250 -999.250 -999.250 -999.250 -999.250
86.487 67.361 48.941 34.203 22.795 22.219 21.766 25.847 26.934 29.266 41.559 45.633 34.653 37.904 47.683 61.355 48.668 55.358 64.903 67.807 63.242 65.983 60.963 60.916 76.391 94.244 96.256 101.361 111.073 117.212 115.098 111.737 121.373 125.540 126.573 148.445 144.613 148.089 149.050 115.430 120.486 117.752 117.543 115.724 103.344 103.624 -999.250 -999.250 -999.250 -999.250 -999.250 -999.250 -999.250 -999.250 -999.250 -999.250 -999.250 -999.250 -999.250 -999.250 -999.250 -999.250 -999.250 -999.250 -999.250 -999.250 -999.250
71.800 60.067 41.775 32.580 23.232 18.287 16.974 25.033 27.705 33.798 40.404 43.508 38.323 41.304 48.642 60.984 46.060 41.531 59.550 63.080 68.006 62.406 51.834 67.388 77.321 94.537 102.200 96.116 109.300 121.340 121.301 121.880 120.073 143.497 138.166 138.919 134.178 132.290 132.869 136.477 118.686 120.858 131.596 124.103 104.181 101.242 -999.250 -999.250 -999.250 -999.250 -999.250 -999.250 -999.250 -999.250 -999.250 -999.250 -999.250 -999.250 -999.250 -999.250 -999.250 -999.250 -999.250 -999.250 -999.250 -999.250 -999.250
59.546 49.326 36.874 33.237 24.512 22.772 20.346 25.458 28.768 33.401 39.832 46.706 48.009 47.818 44.043 54.182 47.136 46.484 59.254 59.862 63.323 68.762 71.520 66.900 81.968 82.954 95.008 100.870 102.788 115.371 121.083 134.264 136.521 138.267 149.989 150.761 145.349 145.514 139.735 134.113 120.184 127.440 140.736 126.295 120.942 115.285 116.396 -999.250 -999.250 -999.250 -999.250 -999.250 -999.250 -999.250 -999.250 -999.250 -999.250 -999.250 -999.250 -999.250 -999.250 -999.250 -999.250 -999.250 -999.250 -999.250 -999.250
47.085 41.597 30.991 31.112 23.255 23.543 25.918 26.964 28.428 38.132 36.898 51.002 47.408 47.826 52.257 49.811 59.346 55.421 70.701 74.688 78.517 79.681 73.523 82.792 107.569 90.057 90.114 96.056 111.120 107.398 121.135 130.981 136.692 143.389 146.819 152.514 147.564 158.155 135.136 148.810 103.358 119.312 128.634 143.660 132.054 126.986 -999.250 -999.250 -999.250 -999.250 -999.250 -999.250 -999.250 -999.250 -999.250 -999.250 -999.250 -999.250 -999.250 -999.250 -999.250 -999.250 -999.250 -999.250 -999.250 -999.250 -999.250
