data/medianmodel_18-May-2020.asc
ncols	141
nrows	288
xllcorner	-120191.398
yllcorner	-301404.813
cellsize	2000.000
NODATA_value	-999.250
[rows 62 to 92 of 288, columns 69 to 137 of 141]
8.327 6.359 4.692 2.735 0.428 0.000 0.000 0.012 1.628 5.379 7.177 8.225 13.090 14.652 12.382 10.139 8.075 4.884 3.858 0.000 0.000 0.000 0.000 0.000 0.000 0.000 0.000 0.000 0.183 0.000 0.150 1.696 1.415 3.639 4.229 5.998 5.996 9.072 8.722 6.636 5.988 -999.250 -999.250 -999.250 -999.250 -999.250 -999.250 -999.250 -999.250 -999.250 -999.250 -999.250 -999.250 -999.250 -999.250 -999.250 -999.250 -999.250 -999.250 -999.250 -999.250 -999.250 -999.250 -999.250 -999.250 -999.250 -999.250 -999.250 -999.250
6.769 5.920 5.442 1.545 0.000 0.000 0.000 0.657 3.806 5.269 9.660 12.663 15.402 20.542 15.860 11.248 8.955 4.717 2.879 1.502 0.000 0.000 0.000 0.000 0.000 0.000 0.000 0.000 0.000 0.000 0.000 2.643 4.419 4.793 6.415 5.025 7.448 8.456 8.303 6.164 7.202 6.810 -999.250 -999.250 -999.250 -999.250 -999.250 -999.250 -999.250 -999.250 -999.250 -999.250 -999.250 -999.250 -999.250 -999.250 -999.250 -999.250 -999.250 -999.250 -999.250 -999.250 -999.250 -999.250 -999.250 -999.250 -999.250 -999.250 -999.250
6.195 3.780 1.097 0.468 0.000 0.000 0.000 0.618 4.180 6.349 8.072 14.375 14.335 15.046 14.048 10.056 8.586 6.575 1.979 1.453 0.000 0.000 0.000 0.000 0.000 0.000 0.000 0.000 0.000 0.000 0.392 3.672 4.017 6.544 6.301 8.347 7.617 7.475 4.855 2.622 5.592 7.365 5.385 -999.250 -999.250 -999.250 -999.250 -999.250 -999.250 -999.250 -999.250 -999.250 -999.250 -999.250 -999.250 -999.250 -999.250 -999.250 -999.250 -999.250 -999.250 -999.250 -999.250 -999.250 -999.250 -999.250 -999.250 -999.250 -999.250
7.370 4.646 2.567 0.000 0.000 1.525 0.746 4.072 4.575 7.310 10.377 11.725 14.687 11.055 11.760 10.477 12.539 4.674 4.980 0.576 0.000 0.000 0.000 0.000 0.000 0.000 0.000 0.000 0.000 1.067 3.815 3.363 3.267 5.103 6.227 6.405 5.885 4.154 5.439 3.170 2.292 4.613 4.419 -999.250 -999.250 -999.250 -999.250 -999.250 -999.250 -999.250 -999.250 -999.250 -999.250 -999.250 -999.250 -999.250 -999.250 -999.250 -999.250 -999.250 -999.250 -999.250 -999.250 -999.250 -999.250 -999.250 -999.250 -999.250 -999.250
7.088 3.797 3.779 1.027 0.617 2.278 3.111 3.817 5.984 6.397 7.307 14.438 12.887 10.175 9.515 8.603 7.540 4.570 3.865 1.288 0.000 0.000 0.000 0.000 0.000 0.000 0.000 1.515 0.369 1.076 2.664 4.179 5.374 6.154 7.615 4.587 0.422 1.989 1.938 0.721 0.000 1.120 0.000 3.634 -999.250 -999.250 -999.250 -999.250 -999.250 -999.250 -999.250 -999.250 -999.250 -999.250 -999.250 -999.250 -999.250 -999.250 -999.250 -999.250 -999.250 -999.250 -999.250 -999.250 -999.250 -999.250 -999.250 -999.250 -999.250
6.241 5.128 5.590 2.430 1.942 2.395 0.448 3.791 3.606 4.351 7.499 8.855 9.513 7.326 7.051 6.661 7.180 3.398 1.641 0.700 0.016 0.000 0.000 0.000 0.000 0.000 2.896 1.473 1.472 0.659 4.566 6.576 5.161 5.435 4.966 5.264 2.653 0.952 0.059 0.000 0.000 0.000 1.184 2.726 3.838 -999.250 -999.250 -999.250 -999.250 -999.250 -999.250 -999.250 -999.250 -999.250 -999.250 -999.250 -999.250 -999.250 -999.250 -999.250 -999.250 -999.250 -999.250 -999.250 -999.250 -999.250 -999.250 -999.250 -999.250
7.234 5.384 4.068 1.827 0.939 0.074 0.000 0.696 2.302 5.243 7.351 8.230 5.529 7.669 8.009 7.399 6.251 2.671 2.358 0.000 0.000 0.000 0.000 0.000 0.000 0.666 1.782 2.679 2.178 3.468 6.527 6.521 7.676 6.255 6.109 4.023 3.151 3.047 0.672 0.000 0.000 0.000 0.281 2.473 3.974 -999.250 -999.250 -999.250 -999.250 -999.250 -999.250 -999.250 -999.250 -999.250 -999.250 -999.250 -999.250 -999.250 -999.250 -999.250 -999.250 -999.250 -999.250 -999.250 -999.250 -999.250 -999.250 -999.250 -999.250
4.739 4.252 3.992 3.404 2.317 2.087 0.407 0.629 1.854 4.171 4.186 5.261 5.141 5.460 4.509 4.681 2.450 0.569 0.000 0.000 0.000 0.000 0.000 0.000 0.000 0.375 1.790 3.674 4.534 5.622 7.258 9.602 8.226 7.109 6.485 7.711 6.740 4.554 1.984 0.707 0.622 0.000 0.809 2.099 4.406 -999.250 -999.250 -999.250 -999.250 -999.250 -999.250 -999.250 -999.250 -999.250 -999.250 -999.250 -999.250 -999.250 -999.250 -999.250 -999.250 -999.250 -999.250 -999.250 -999.250 -999.250 -999.250 -999.250 -999.250
4.817 4.889 5.407 4.063 2.421 1.220 0.000 0.000 0.575 2.551 3.973 3.668 3.899 2.566 3.143 2.313 0.434 0.000 0.000 0.000 0.000 0.000 0.000 0.000 0.420 1.971 2.658 3.327 5.689 6.426 9.130 8.455 10.618 12.157 12.016 12.077 11.409 6.403 5.464 2.321 2.208 3.058 2.220 4.960 6.312 4.791 3.595 -999.250 -999.250 -999.250 -999.250 -999.250 -999.250 -999.250 -999.250 -999.250 -999.250 -999.250 -999.250 -999.250 -999.250 -999.250 -999.250 -999.250 -999.250 -999.250 -999.250 -999.250 -999.250
4.599 4.342 4.066 2.073 1.553 0.078 0.000 0.000 0.641 1.484 2.866 3.517 2.699 2.717 4.122 0.605 0.000 0.000 0.000 0.000 0.000 0.000 0.000 0.000 0.392 1.517 4.654 6.448 8.032 8.771 10.443 10.921 12.092 13.612 13.377 11.647 12.188 11.485 6.505 5.637 6.364 1.655 3.900 4.511 5.068 5.127 4.866 -999.250 -999.250 -999.250 -999.250 -999.250 -999.250 -999.250 -999.250 -999.250 -999.250 -999.250 -999.250 -999.250 -999.250 -999.250 -999.250 -999.250 -999.250 -999.250 -999.250 -999.250 -999.250
4.333 4.321 4.154 4.387 1.171 0.543 0.000 0.000 0.536 2.060 2.657 4.165 1.612 1.606 0.782 0.850 0.000 0.000 0.000 0.000 0.000 0.000 0.000 0.000 0.415 3.396 4.694 7.401 7.923 6.374 10.808 12.225 13.487 14.062 15.918 19.186 13.729 9.498 9.075 8.631 4.837 5.468 4.262 5.664 4.368 5.887 -999.250 -999.250 -999.250 -999.250 -999.250 -999.250 -999.250 -999.250 -999.250 -999.250 -999.250 -999.250 -999.250 -999.250 -999.250 -999.250 -999.250 -999.250 -999.250 -999.250 -999.250 -999.250 -999.250
4.738 3.535 2.376 3.546 3.056 1.718 2.109 1.860 3.621 2.441 3.348 3.955 2.973 1.402 0.000 0.000 0.000 0.000 0.000 0.000 0.000 0.000 0.000 0.000 0.935 1.334 3.962 6.321 9.273 10.125 12.636 15.378 13.565 19.769 22.440 20.850 15.355 16.432 9.457 7.320 6.936 3.830 4.929 4.838 4.133 6.850 -999.250 -999.250 -999.250 -999.250 -999.250 -999.250 -999.250 -999.250 -999.250 -999.250 -999.250 -999.250 -999.250 -999.250 -999.250 -999.250 -999.250 -999.250 -999.250 -999.250 -999.250 -999.250 -999.250
1.568 4.150 3.813 2.773 3.532 3.694 5.047 4.448 4.246 4.902 3.647 4.429 2.080 2.753 0.000 0.000 0.000 0.000 0.000 0.000 0.000 0.000 0.000 0.000 0.000 1.906 3.909 5.438 7.253 10.666 14.093 14.976 19.084 19.843 26.258 24.028 21.190 15.888 12.454 8.562 7.246 7.503 6.023 5.394 5.363 8.338 -999.250 -999.250 -999.250 -999.250 -999.250 -999.250 -999.250 -999.250 -999.250 -999.250 -999.250 -999.250 -999.250 -999.250 -999.250 -999.250 -999.250 -999.250 -999.250 -999.250 -999.250 -999.250 -999.250
2.741 1.439 3.313 4.647 4.504 5.503 5.770 6.567 7.135 4.322 4.846 4.634 2.345 1.373 1.659 0.000 0.000 0.000 0.000 0.000 0.000 0.000 0.000 0.000 0.091 4.011 6.004 7.164 6.308 6.803 10.202 16.262 21.179 22.402 26.930 35.248 24.371 16.665 13.380 9.608 8.538 6.206 5.602 4.902 8.167 8.277 -999.250 -999.250 -999.250 -999.250 -999.250 -999.250 -999.250 -999.250 -999.250 -999.250 -999.250 -999.250 -999.250 -999.250 -999.250 -999.250 -999.250 -999.250 -999.250 -999.250 -999.250 -999.250 -999.250
3.760 3.451 2.572 3.657 3.871 6.549 4.782 6.277 6.745 5.154 4.904 4.610 2.306 1.873 2.048 0.000 0.000 0.000 0.000 0.000 0.000 0.000 0.000 0.000 1.891 5.061 3.316 6.712 9.113 6.395 9.988 14.238 18.973 22.700 23.650 27.308 22.491 19.234 14.759 10.542 12.206 8.986 6.171 5.758 5.583 5.401 -999.250 -999.250 -999.250 -999.250 -999.250 -999.250 -999.250 -999.250 -999.250 -999.250 -999.250 -999.250 -999.250 -999.250 -999.250 -999.250 -999.250 -999.250 -999.250 -999.250 -999.250 -999.250 -999.250
3.648 3.067 3.103 4.358 7.264 6.373 4.238 5.160 8.636 5.802 4.362 4.771 2.498 0.001 0.000 0.000 0.000 0.000 0.000 0.000 0.000 0.000 0.173 0.000 0.000 3.843 6.289 7.323 8.834 10.617 14.407 15.089 14.967 18.864 23.754 24.607 23.634 22.053 15.791 11.569 11.798 9.569 9.835 6.594 6.230 6.683 -999.250 -999.250 -999.250 -999.250 -999.250 -999.250 -999.250 -999.250 -999.250 -999.250 -999.250 -999.250 -999.250 -999.250 -999.250 -999.250 -999.250 -999.250 -999.250 -999.250 -999.250 -999.250 -999.250
1.472 2.307 3.221 4.452 4.315 5.830 5.653 4.603 6.652 4.881 3.561 2.474 0.973 0.000 0.000 0.000 0.000 0.000 0.000 0.000 0.000 0.262 0.220 1.575 1.624 5.403 5.149 8.075 8.027 12.166 13.806 15.123 17.368 16.740 18.271 19.938 21.890 18.095 14.360 13.825 9.070 6.910 6.547 5.522 5.166 6.966 -999.250 -999.250 -999.250 -999.250 -999.250 -999.250 -999.250 -999.250 -999.250 -999.250 -999.250 -999.250 -999.250 -999.250 -999.250 -999.250 -999.250 -999.250 -999.250 -999.250 -999.250 -999.250 -999.250
1.598 2.424 3.203 3.278 4.361 4.663 5.494 5.418 5.893 2.864 3.570 1.911 0.000 0.000 0.000 0.000 0.000 0.000 0.000 0.000 0.000 1.050 0.051 2.144 2.644 5.395 5.948 8.409 9.859 12.623 14.297 18.598 20.468 19.630 20.358 16.317 16.619 15.204 14.930 9.385 8.259 6.201 6.087 6.299 5.213 5.103 -999.250 -999.250 -999.250 -999.250 -999.250 -999.250 -999.250 -999.250 -999.250 -999.250 -999.250 -999.250 -999.250 -999.250 -999.250 -999.250 -999.250 -999.250 -999.250 -999.250 -999.250 -999.250 -999.250
0.726 1.407 2.340 3.145 2.947 1.959 4.051 3.439 1.011 0.000 0.832 0.000 0.000 0.000 0.000 0.000 0.000 0.000 0.000 0.000 0.000 0.000 0.000 2.271 3.497 4.117 6.138 10.057 11.736 12.226 15.648 20.412 23.219 22.644 20.557 15.460 15.370 13.716 13.532 9.783 10.455 4.398 5.680 4.212 4.348 6.045 4.642 -999.250 -999.250 -999.250 -999.250 -999.250 -999.250 -999.250 -999.250 -999.250 -999.250 -999.250 -999.250 -999.250 -999.250 -999.250 -999.250 -999.250 -999.250 -999.250 -999.250 -999.250 -999.250
1.758 3.219 3.801 3.205 2.621 2.854 3.513 2.536 0.000 0.000 0.000 0.000 0.000 0.000 0.000 0.000 0.000 0.000 0.000 0.623 0.000 0.000 1.288 1.976 4.556 6.685 8.309 9.879 12.774 16.425 16.113 18.444 20.489 24.431 19.499 15.798 16.607 14.120 14.277 12.299 8.522 5.564 5.109 4.636 2.550 4.695 3.817 -999.250 -999.250 -999.250 -999.250 -999.250 -999.250 -999.250 -999.250 -999.250 -999.250 -999.250 -999.250 -999.250 -999.250 -999.250 -999.250 -999.250 -999.250 -999.250 -999.250 -999.250 -999.250
2.057 1.624 2.880 2.019 3.376 3.728 5.339 3.716 0.049 0.000 0.000 0.000 0.000 0.000 0.000 0.000 0.000 0.000 0.000 0.000 0.000 0.000 1.534 1.382 2.494 4.787 6.216 10.870 10.350 14.509 16.742 18.589 20.922 20.053 16.720 19.038 18.562 13.687 10.105 10.146 7.507 6.173 6.376 5.245 1.968 2.233 0.708 -999.250 -999.250 -999.250 -999.250 -999.250 -999.250 -999.250 -999.250 -999.250 -999.250 -999.250 -999.250 -999.250 -999.250 -999.250 -999.250 -999.250 -999.250 -999.250 -999.250 -999.250 -999.250
2.233 2.721 4.350 5.381 4.125 4.315 3.559 3.323 2.985 1.599 0.000 0.000 0.000 0.000 0.000 0.000 0.000 0.000 0.000 0.000 0.000 0.000 0.000 2.995 3.029 4.507 8.197 11.155 14.918 17.630 16.353 18.024 16.479 18.304 19.171 16.264 18.426 17.258 10.141 7.325 7.170 6.561 2.732 0.598 3.163 0.200 0.000 -999.250 -999.250 -999.250 -999.250 -999.250 -999.250 -999.250 -999.250 -999.250 -999.250 -999.250 -999.250 -999.250 -999.250 -999.250 -999.250 -999.250 -999.250 -999.250 -999.250 -999.250 -999.250
3.081 3.012 6.247 5.005 5.938 5.788 5.547 7.419 4.876 4.361 2.304 0.000 0.000 0.000 0.000 0.000 0.000 0.000 0.000 0.000 0.000 0.000 0.000 1.116 3.496 7.020 10.177 9.381 12.140 11.965 18.043 15.128 16.822 19.159 18.800 16.172 11.632 11.342 9.586 5.384 5.424 5.209 1.457 0.029 2.015 0.000 -999.250 -999.250 -999.250 -999.250 -999.250 -999.250 -999.250 -999.250 -999.250 -999.250 -999.250 -999.250 -999.250 -999.250 -999.250 -999.250 -999.250 -999.250 -999.250 -999.250 -999.250 -999.250 -999.250
7.297 7.541 5.681 5.806 5.678 7.532 7.058 10.805 7.719 4.704 2.083 1.074 1.217 0.033 0.234 0.000 1.455 0.813 0.000 0.000 0.000 0.000 0.000 0.832 2.737 6.628 9.066 8.758 11.941 14.072 13.079 14.545 15.559 16.885 13.018 10.348 10.296 11.201 5.978 5.717 5.748 5.426 4.042 2.447 0.000 0.149 -999.250 -999.250 -999.250 -999.250 -999.250 -999.250 -999.250 -999.250 -999.250 -999.250 -999.250 -999.250 -999.250 -999.250 -999.250 -999.250 -999.250 -999.250 -999.250 -999.250 -999.250 -999.250 -999.250
6.252 7.934 10.695 8.337 9.093 7.129 8.578 8.912 7.460 5.535 4.066 2.059 3.193 1.569 3.205 1.512 0.893 2.083 0.000 0.034 1.214 0.000 0.239 1.598 3.536 4.498 9.327 9.476 10.023 10.688 12.886 11.602 13.600 13.642 9.108 6.576 7.995 11.125 8.127 5.815 6.600 4.345 4.355 4.141 2.514 -999.250 -999.250 -999.250 -999.250 -999.250 -999.250 -999.250 -999.250 -999.250 -999.250 -999.250 -999.250 -999.250 -999.250 -999.250 -999.250 -999.250 -999.250 -999.250 -999.250 -999.250 -999.250 -999.250 -999.250
6.875 9.369 10.857 7.891 8.574 7.890 10.128 9.036 7.220 7.752 7.164 4.122 3.519 4.150 5.286 4.264 2.957 2.507 0.292 2.230 3.509 1.560 3.322 4.666 7.723 8.969 8.992 10.020 12.080 12.558 7.718 8.746 9.246 8.760 6.870 9.027 6.929 6.767 7.203 5.802 5.693 6.544 2.632 3.744 2.857 -999.250 -999.250 -999.250 -999.250 -999.250 -999.250 -999.250 -999.250 -999.250 -999.250 -999.250 -999.250 -999.250 -999.250 -999.250 -999.250 -999.250 -999.250 -999.250 -999.250 -999.250 -999.250 -999.250 -999.250
9.042 11.817 12.308 10.696 9.157 8.875 6.727 7.774 9.289 6.238 5.695 6.962 4.115 6.534 5.207 5.031 4.356 3.980 3.988 2.121 3.630 4.834 6.640 5.647 7.794 9.516 10.513 12.969 15.397 12.681 10.715 7.890 7.344 6.393 6.980 9.584 7.256 8.338 8.412 6.492 7.122 6.659 5.557 6.985 4.531 3.511 1.948 -999.250 -999.250 -999.250 -999.250 -999.250 -999.250 -999.250 -999.250 -999.250 -999.250 -999.250 -999.250 -999.250 -999.250 -999.250 -999.250 -999.250 -999.250 -999.250 -999.250 -999.250 -999.250
9.401 12.673 15.415 12.042 10.195 11.190 7.890 6.601 8.332 7.242 4.415 6.022 5.751 7.061 6.215 5.170 3.447 4.986 3.617 5.374 4.562 5.500 7.217 8.142 7.087 9.064 9.462 11.214 12.896 8.625 9.195 7.593 6.647 6.581 7.477 7.359 8.468 9.124 7.783 4.451 5.527 6.090 6.617 7.137 6.513 7.405 2.920 -999.250 -999.250 -999.250 -999.250 -999.250 -999.250 -999.250 -999.250 -999.250 -999.250 -999.250 -999.250 -999.250 -999.250 -999.250 -999.250 -999.250 -999.250 -999.250 -999.250 -999.250 -999.250
7.587 11.957 10.599 14.254 13.163 11.847 8.518 9.684 8.759 8.700 6.466 6.817 4.634 8.073 5.992 5.362 4.008 2.410 4.951 4.428 3.612 7.648 9.048 9.549 9.065 9.278 9.505 9.503 11.191 10.068 8.618 7.760 7.332 5.591 6.013 7.089 10.366 8.151 6.317 7.488 7.032 7.257 7.225 6.353 6.671 4.941 3.016 -999.250 -999.250 -999.250 -999.250 -999.250 -999.250 -999.250 -999.250 -999.250 -999.250 -999.250 -999.250 -999.250 -999.250 -999.250 -999.250 -999.250 -999.250 -999.250 -999.250 -999.250 -999.250
7.611 11.544 11.315 12.120 13.249 10.940 10.730 8.307 7.493 6.553 6.692 5.712 5.329 6.292 4.814 4.795 4.781 4.974 2.993 3.811 5.918 6.003 6.983 7.637 7.733 7.710 8.408 8.023 6.637 8.048 7.387 6.988 5.853 5.569 6.477 5.394 7.970 8.483 7.946 8.450 10.740 9.610 7.863 7.031 5.868 7.642 -999.250 -999.250 -999.250 -999.250 -999.250 -999.250 -999.250 -999.250 -999.250 -999.250 -999.250 -999.250 -999.250 -999.250 -999.250 -999.250 -999.250 -999.250 -999.250 -999.250 -999.250 -999.250 -999.250
8.855 9.825 13.700 13.864 12.667 13.951 11.740 9.515 6.429 5.539 5.803 3.895 5.022 3.983 3.288 2.450 3.350 1.224 6.336 4.079 4.036 5.406 5.517 7.177 7.649 7.742 10.969 7.759 8.623 6.607 8.309 5.949 5.176 4.791 6.330 6.522 6.346 9.985 8.256 8.473 6.420 7.373 6.848 8.060 8.224 5.505 -999.250 -999.250 -999.250 -999.250 -999.250 -999.250 -999.250 -999.250 -999.250 -999.250 -999.250 -999.250 -999.250 -999.250 -999.250 -999.250 -999.250 -999.250 -999.250 -999.250 -999.250 -999.250 -999.250
