data/medianmodel_21-Nov-2020.asc
ncols	141
nrows	288
xllcorner	-120191.398
yllcorner	-301404.813
cellsize	2000.000
NODATA_value	-999.250
[rows 116 to 144 of 288, columns 0 to 64 of 141]
-999.250 -999.250 -999.250 -999.250 -999.250 -999.250 -999.250 -999.250 -999.250 -999.250 -999.250 -999.250 -999.250 -999.250 -999.250 -999.250 -999.250 -999.250 -999.250 -999.250 -999.250 -999.250 -999.250 -999.250 -999.250 -999.250 -999.250 578.118 610.985 576.413 576.166 570.444 577.660 554.110 532.353 502.921 482.683 459.858 405.297 380.861 394.521 432.645 442.078 468.307 515.197 541.533 571.218 600.808 641.245 661.979 741.921 690.347 630.419 573.377 527.069 433.431 337.735 266.914 255.475 259.854 261.126 296.905 327.846 370.520 439.664
-999.250 -999.250 -999.250 -999.250 -999.250 -999.250 -999.250 -999.250 -999.250 -999.250 -999.250 -999.250 -999.250 -999.250 -999.250 -999.250 -999.250 -999.250 -999.250 -999.250 -999.250 -999.250 -999.250 -999.250 -999.250 -999.250 -999.250 585.102 604.022 603.475 604.504 570.631 545.804 551.222 539.686 519.225 502.771 482.688 461.583 459.247 445.039 454.635 484.588 497.867 525.754 547.806 564.794 607.788 616.592 629.980 619.775 619.628 591.818 527.547 470.659 389.858 300.950 191.278 218.801 231.566 272.296 291.299 343.371 382.269 452.319
-999.250 -999.250 -999.250 -999.250 -999.250 -999.250 -999.250 -999.250 -999.250 -999.250 -999.250 -999.250 -999.250 -999.250 -999.250 -999.250 -999.250 -999.250 -999.250 -999.250 -999.250 -999.250 -999.250 -999.250 -999.250 -999.250 515.001 542.590 568.582 565.123 574.773 577.545 552.705 573.310 538.728 502.927 510.920 501.550 487.425 495.273 455.849 514.081 501.175 496.736 520.282 552.270 542.650 543.561 567.407 573.234 594.623 576.958 552.567 488.577 444.199 343.199 294.471 210.708 222.675 244.193 263.693 295.288 326.821 370.960 436.207
-999.250 -999.250 -999.250 -999.250 -999.250 -999.250 -999.250 -999.250 -999.250 -999.250 -999.250 -999.250 -999.250 -999.250 -999.250 -999.250 -999.250 -999.250 -999.250 -999.250 -999.250 -999.250 -999.250 -999.250 -999.250 -999.250 546.487 545.958 567.054 605.612 574.300 547.809 547.907 581.190 549.521 541.523 528.713 516.938 519.016 489.521 488.169 500.870 503.149 474.270 503.712 501.104 522.724 503.379 537.363 527.479 552.460 525.910 510.268 440.066 375.145 327.561 285.719 232.302 235.449 226.879 240.478 298.757 330.438 347.473 386.012
-999.250 -999.250 -999.250 -999.250 -999.250 -999.250 -999.250 -999.250 -999.250 -999.250 -999.250 -999.250 -999.250 -999.250 -999.250 -999.250 -999.250 -999.250 -999.250 -999.250 -999.250 -999.250 -999.250 -999.250 -999.250 -999.250 541.047 530.281 563.462 592.620 587.423 553.777 546.449 545.339 580.854 566.738 559.859 543.308 533.993 507.367 528.987 485.031 517.472 507.049 486.636 492.442 475.325 500.800 525.559 474.176 467.477 465.065 422.663 368.716 329.818 308.085 266.589 228.957 207.161 225.404 251.241 289.448 316.171 347.695 387.369
-999.250 -999.250 -999.250 -999.250 -999.250 -999.250 -999.250 -999.250 -999.250 -999.250 -999.250 -999.250 -999.250 -999.250 -999.250 -999.250 -999.250 -999.250 -999.250 -999.250 -999.250 -999.250 -999.250 -999.250 -999.250 524.141 528.640 520.162 553.590 545.242 547.335 526.736 566.317 570.120 568.667 568.089 566.849 550.469 556.674 534.593 552.161 516.526 507.259 480.631 452.756 439.225 424.431 434.926 435.626 438.880 416.232 402.100 355.896 333.791 306.503 277.485 235.701 212.014 175.953 208.206 253.399 275.916 311.778 358.246 367.030
-999.250 -999.250 -999.250 -999.250 -999.250 -999.250 -999.250 -999.250 -999.250 -999.250 -999.250 -999.250 -999.250 -999.250 -999.250 -999.250 -999.250 -999.250 -999.250 -999.250 -999.250 -999.250 -999.250 -999.250 -999.250 502.421 504.167 492.319 553.583 543.859 567.300 561.276 543.681 581.741 555.947 562.051 568.725 584.735 575.080 561.810 530.417 521.640 500.404 478.283 461.447 418.140 392.118 340.560 368.623 382.480 350.486 328.924 311.396 292.839 271.920 238.864 219.696 193.972 193.487 209.611 240.766 282.896 316.916 345.727 368.027
-999.250 -999.250 -999.250 -999.250 -999.250 -999.250 -999.250 -999.250 -999.250 -999.250 -999.250 -999.250 -999.250 -999.250 -999.250 -999.250 -999.250 -999.250 -999.250 -999.250 -999.250 -999.250 -999.250 -999.250 -999.250 507.159 509.767 502.970 508.490 539.347 544.274 558.567 543.259 572.452 573.052 531.187 580.298 579.364 594.625 564.549 517.656 477.585 479.546 474.795 450.675 412.436 375.625 342.495 324.923 327.060 314.957 284.743 258.769 236.991 219.763 191.100 177.721 182.512 187.801 226.141 245.578 266.412 308.591 356.332 383.653
-999.250 -999.250 -999.250 -999.250 -999.250 -999.250 -999.250 -999.250 -999.250 -999.250 -999.250 -999.250 -999.250 -999.250 -999.250 -999.250 -999.250 -999.250 -999.250 -999.250 -999.250 -999.250 -999.250 -999.250 491.839 484.246 488.662 511.538 482.494 501.577 536.782 556.448 562.839 558.505 597.601 596.978 570.430 564.126 579.503 559.162 513.384 478.696 471.340 480.922 444.743 391.122 349.464 315.184 288.886 268.787 261.366 257.281 211.524 179.129 151.955 168.617 163.665 170.233 178.587 196.562 225.872 259.378 273.685 318.557 360.208
-999.250 -999.250 -999.250 -999.250 -999.250 -999.250 -999.250 -999.250 -999.250 -999.250 -999.250 -999.250 -999.250 -999.250 -999.250 -999.250 -999.250 -999.250 -999.250 -999.250 -999.250 -999.250 -999.250 -999.250 464.808 474.722 505.288 493.196 505.202 518.993 540.639 543.710 534.898 576.381 558.889 588.578 553.204 569.451 571.720 556.320 519.234 500.128 478.019 455.646 446.395 380.058 321.470 270.450 248.775 222.673 205.357 195.916 164.007 141.798 89.799 129.076 146.481 147.779 153.394 186.280 204.502 223.193 267.180 299.150 329.569
-999.250 -999.250 -999.250 -999.250 -999.250 -999.250 -999.250 -999.250 -999.250 -999.250 -999.250 -999.250 -999.250 -999.250 -999.250 -999.250 -999.250 -999.250 -999.250 -999.250 -999.250 -999.250 -999.250 422.831 424.893 465.334 476.878 490.055 495.335 505.306 524.365 535.435 529.801 530.519 564.189 558.416 544.740 573.353 564.790 533.589 529.214 490.396 477.030 448.564 409.174 352.044 312.186 244.403 202.618 158.895 150.991 150.753 138.120 131.132 115.444 116.087 133.352 148.332 152.531 158.712 190.312 200.370 211.294 253.812 301.381
-999.250 -999.250 -999.250 -999.250 -999.250 -999.250 -999.250 -999.250 -999.250 -999.250 -999.250 -999.250 -999.250 -999.250 -999.250 -999.250 -999.250 -999.250 -999.250 -999.250 -999.250 -999.250 -999.250 431.041 433.732 423.940 460.557 467.149 462.584 481.392 498.284 519.038 524.774 526.223 523.543 541.406 551.103 552.016 568.008 542.892 515.583 512.384 487.674 438.302 382.097 327.978 281.752 203.202 136.764 127.912 136.050 134.456 136.238 130.062 128.675 120.064 123.484 133.348 140.611 164.927 158.910 155.574 178.100 211.600 292.499
-999.250 -999.250 -999.250 -999.250 -999.250 -999.250 -999.250 -999.250 -999.250 -999.250 -999.250 -999.250 -999.250 -999.250 -999.250 -999.250 -999.250 -999.250 -999.250 -999.250 -999.250 -999.250 -999.250 395.483 413.916 422.290 393.249 430.696 440.500 458.129 450.526 485.729 520.245 521.180 514.429 539.705 534.548 565.755 527.183 530.587 509.578 509.475 458.204 428.929 361.276 324.154 265.568 169.242 60.634 104.067 123.735 135.812 134.870 128.002 129.888 130.464 126.042 122.596 136.547 132.553 146.518 131.343 102.902 194.498 281.488
-999.250 -999.250 -999.250 -999.250 -999.250 -999.250 -999.250 -999.250 -999.250 -999.250 -999.250 -999.250 -999.250 -999.250 -999.250 -999.250 -999.250 -999.250 -999.250 -999.250 -999.250 -999.250 374.572 407.093 383.184 382.080 377.911 415.407 423.904 441.020 422.330 463.468 476.876 484.649 524.471 535.372 524.457 525.277 527.210 537.363 501.264 480.908 480.362 405.119 378.469 309.625 262.053 202.078 144.001 137.294 129.120 140.424 136.186 139.155 144.849 139.110 125.256 131.610 131.780 134.677 140.182 135.218 155.987 215.648 287.750
-999.250 -999.250 -999.250 -999.250 -999.250 -999.250 -999.250 -999.250 -999.250 -999.250 -999.250 -999.250 -999.250 -999.250 -999.250 -999.250 -999.250 -999.250 -999.250 -999.250 -999.250 -999.250 375.231 360.829 348.340 359.380 365.343 388.793 369.001 369.979 368.598 428.684 462.353 483.685 498.758 513.203 505.834 509.631 525.935 514.644 504.385 513.096 462.021 428.911 380.995 323.724 293.921 251.550 187.014 168.422 150.671 154.638 145.686 141.100 137.236 127.043 126.926 132.716 127.484 131.335 139.916 152.304 188.859 220.168 301.223
-999.250 -999.250 -999.250 -999.250 -999.250 -999.250 -999.250 -999.250 -999.250 -999.250 -999.250 -999.250 -999.250 -999.250 -999.250 -999.250 -999.250 -999.250 -999.250 -999.250 -999.250 382.618 345.864 331.021 288.252 336.133 350.279 355.161 350.520 341.309 323.309 374.724 446.085 466.761 489.589 483.595 507.014 542.725 496.899 538.030 506.873 506.699 505.070 445.259 414.016 366.330 321.442 269.845 241.323 196.313 171.639 162.561 158.168 154.956 138.063 129.612 137.424 134.370 128.931 136.162 152.752 165.672 196.976 246.371 294.207
-999.250 -999.250 -999.250 -999.250 -999.250 -999.250 -999.250 -999.250 -999.250 -999.250 -999.250 -999.250 -999.250 -999.250 -999.250 -999.250 -999.250 -999.250 -999.250 -999.250 -999.250 397.476 362.365 350.712 326.442 337.456 348.134 357.766 341.830 333.673 337.134 355.766 433.428 450.505 475.000 482.246 494.157 510.942 538.628 495.037 533.168 505.053 495.868 448.926 432.947 387.488 328.381 317.180 269.005 245.931 190.697 174.628 158.058 150.661 139.340 136.774 137.753 135.831 135.692 139.400 144.118 170.597 203.716 250.736 290.116
-999.250 -999.250 -999.250 -999.250 -999.250 -999.250 -999.250 -999.250 -999.250 -999.250 -999.250 -999.250 -999.250 -999.250 -999.250 -999.250 -999.250 -999.250 -999.250 -999.250 -999.250 395.755 400.360 367.181 363.290 356.049 341.425 347.365 339.411 336.666 350.899 352.470 393.317 440.195 457.033 500.663 477.727 508.629 523.858 524.492 533.393 547.252 497.254 487.206 424.295 392.606 349.914 313.585 290.500 253.179 223.361 177.970 149.652 141.345 151.296 145.409 138.111 131.475 125.554 139.959 159.068 175.696 218.197 255.096 298.900
-999.250 -999.250 -999.250 -999.250 -999.250 -999.250 -999.250 -999.250 -999.250 -999.250 -999.250 -999.250 -999.250 -999.250 -999.250 -999.250 -999.250 -999.250 -999.250 -999.250 420.940 441.637 405.653 383.085 365.158 382.488 354.338 347.927 333.094 330.737 341.294 355.780 392.631 409.707 451.196 466.450 494.718 523.524 541.434 519.768 529.528 533.084 506.214 493.784 445.355 424.676 357.738 332.312 297.285 281.058 238.344 184.538 138.208 153.774 146.878 162.096 150.387 142.373 119.595 125.890 142.527 178.750 215.385 249.428 294.807
-999.250 -999.250 -999.250 -999.250 -999.250 -999.250 -999.250 -999.250 -999.250 -999.250 -999.250 -999.250 -999.250 -999.250 -999.250 -999.250 -999.250 -999.250 -999.250 -999.250 463.058 454.336 432.803 376.498 346.225 366.892 353.786 344.251 323.602 305.986 302.847 334.909 351.580 365.378 438.749 434.403 497.782 505.655 533.805 551.950 546.556 540.342 534.652 490.354 457.223 421.170 407.210 344.257 320.439 293.049 253.242 239.343 194.303 176.530 169.517 170.267 155.503 138.111 112.832 102.570 119.795 155.282 193.630 241.727 290.019
-999.250 -999.250 -999.250 -999.250 -999.250 -999.250 -999.250 -999.250 -999.250 -999.250 -999.250 -999.250 -999.250 -999.250 -999.250 -999.250 -999.250 -999.250 -999.250 -999.250 464.408 455.472 446.353 396.152 404.976 386.278 345.484 324.169 332.102 300.713 304.304 326.741 347.153 386.357 401.461 464.793 510.925 514.705 553.588 542.014 551.265 537.826 531.321 476.909 446.947 429.500 391.936 355.978 323.548 300.510 283.861 262.267 237.798 215.365 218.955 204.056 178.583 136.382 91.084 70.169 104.928 143.364 201.764 233.389 276.631
-999.250 -999.250 -999.250 -999.250 -999.250 -999.250 -999.250 -999.250 -999.250 -999.250 -999.250 -999.250 -999.250 -999.250 -999.250 -999.250 -999.250 -999.250 -999.250 -999.250 503.896 512.494 468.848 448.002 438.034 406.361 372.728 338.764 312.173 290.242 238.050 314.101 343.557 402.573 423.590 483.040 508.253 541.914 540.806 573.554 565.344 558.362 527.426 492.994 450.375 433.030 386.548 387.464 350.950 325.141 310.103 299.774 283.157 257.938 236.199 240.072 201.579 155.817 96.996 30.093 103.113 162.889 206.553 246.906 272.066
-999.250 -999.250 -999.250 -999.250 -999.250 -999.250 -999.250 -999.250 -999.250 -999.250 -999.250 -999.250 -999.250 -999.250 -999.250 -999.250 -999.250 -999.250 -999.250 502.175 508.511 522.295 494.792 456.132 430.061 431.247 376.121 330.726 326.008 294.343 287.377 311.898 348.512 412.323 470.238 491.404 514.731 538.894 544.745 558.532 548.992 533.685 538.185 492.504 464.416 449.272 424.219 393.425 357.170 342.498 320.882 314.884 312.539 301.689 289.654 265.756 254.024 226.015 180.116 142.155 170.208 225.961 236.768 275.677 281.312
-999.250 -999.250 -999.250 -999.250 -999.250 -999.250 -999.250 -999.250 -999.250 -999.250 -999.250 -999.250 -999.250 -999.250 -999.250 -999.250 -999.250 -999.250 -999.250 529.354 535.253 523.360 500.135 490.506 428.384 427.386 380.096 351.980 332.659 334.926 317.621 342.873 363.479 429.384 502.978 549.686 525.337 554.074 538.003 528.120 528.610 508.179 510.727 499.034 466.911 441.474 405.745 390.049 375.000 354.786 348.630 347.273 346.486 335.531 326.566 309.013 300.802 285.262 265.638 246.898 257.119 267.519 269.824 286.659 291.135
-999.250 -999.250 -999.250 -999.250 -999.250 -999.250 -999.250 -999.250 -999.250 -999.250 -999.250 -999.250 -999.250 -999.250 -999.250 -999.250 -999.250 -999.250 -999.250 546.316 571.832 541.375 509.930 496.145 450.310 417.847 399.280 368.300 364.451 352.521 339.420 354.973 417.299 448.916 501.651 544.306 541.035 546.494 531.891 527.661 533.305 512.724 519.723 466.026 455.016 428.415 397.979 371.601 363.787 351.737 364.769 387.010 372.562 351.070 384.281 349.201 349.006 330.462 327.660 327.893 309.999 306.809 291.616 283.275 291.789
-999.250 -999.250 -999.250 -999.250 -999.250 -999.250 -999.250 -999.250 -999.250 -999.250 -999.250 -999.250 -999.250 -999.250 -999.250 -999.250 -999.250 -999.250 -999.250 531.232 541.579 523.724 481.485 470.482 446.291 428.570 424.540 392.626 387.514 377.240 408.910 436.603 453.834 482.413 502.488 540.289 576.031 561.592 571.959 534.047 523.692 522.874 505.082 484.526 441.345 433.664 403.147 361.925 326.548 359.021 399.890 428.682 417.661 433.651 436.096 457.857 416.298 416.224 424.813 402.771 381.187 351.695 326.689 295.235 285.965
-999.250 -999.250 -999.250 -999.250 -999.250 -999.250 -999.250 -999.250 -999.250 -999.250 -999.250 -999.250 -999.250 -999.250 -999.250 -999.250 -999.250 -999.250 -999.250 509.977 523.199 490.617 456.498 422.699 421.438 444.149 435.237 422.523 425.342 441.089 449.115 468.279 476.239 501.803 526.619 574.966 559.488 566.710 570.394 558.578 537.503 522.854 482.218 454.658 442.174 437.321 414.794 380.166 380.961 401.063 410.872 440.945 454.422 466.642 492.819 461.462 470.544 477.314 520.290 483.518 466.265 389.026 353.056 324.395 239.349
-999.250 -999.250 -999.250 -999.250 -999.250 -999.250 -999.250 -999.250 -999.250 -999.250 -999.250 -999.250 -999.250 -999.250 -999.250 -999.250 -999.250 -999.250 501.395 494.883 479.248 459.469 421.917 347.307 405.289 450.869 450.428 480.386 464.771 487.093 501.812 506.004 558.773 559.803 562.570 597.381 629.058 604.218 567.272 556.639 520.182 482.369 463.144 466.312 422.158 420.889 408.858 384.398 403.120 395.671 442.992 475.752 477.255 487.598 494.227 494.987 525.600 527.065 556.436 549.067 520.988 458.488 421.658 378.406 330.087
-999.250 -999.250 -999.250 -999.250 -999.250 -999.250 -999.250 -999.250 -999.250 -999.250 -999.250 -999.250 -999.250 -999.250 -999.250 -999.250 -999.250 459.054 483.598 468.054 476.023 435.283 412.985 410.497 407.548 441.635 427.837 462.958 481.900 497.012 534.667 585.358 594.004 613.804 653.535 720.203 669.647 639.652 564.441 541.226 510.418 481.561 429.099 433.363 403.473 406.908 385.735 394.667 440.027 445.894 480.271 493.651 484.451 508.127 521.014 537.489 523.369 533.285 574.124 614.809 565.403 512.415 491.019 448.312 416.887
