data/medianmodel_24-Aug-2020.asc
ncols	141
nrows	288
xllcorner	-120191.398
yllcorner	-301404.813
cellsize	2000.000
NODATA_value	-999.250
[rows 155 to 185 of 288, columns 0 to 69 of 141]
-999.250 -999.250 -999.250 -999.250 -999.250 -999.250 -999.250 0.000 0.000 0.000 0.000 0.000 0.000 0.000 0.000 1.596 1.224 5.248 5.306 8.274 11.335 12.868 15.038 18.530 20.318 29.442 17.531 10.501 5.329 2.377 0.000 0.000 0.000 0.000 0.000 0.000 0.000 2.129 4.826 8.569 14.988 19.768 21.547 20.136 17.957 11.296 5.833 0.797 0.000 0.000 0.000 0.000 0.795 1.975 0.454 1.701 3.876 3.555 2.889 1.252 0.000 0.000 0.000 0.000 0.000 0.000 0.000 0.000 0.000 0.000
-999.250 -999.250 -999.250 -999.250 -999.250 -999.250 -999.250 1.409 0.000 0.000 0.000 0.000 0.000 0.000 0.000 0.000 0.323 6.341 12.372 17.018 19.787 22.941 25.730 26.845 26.604 25.491 20.442 13.568 9.760 4.709 1.591 0.000 0.000 0.000 0.000 0.000 0.000 1.622 4.473 7.046 11.024 14.274 15.724 14.322 11.393 7.527 5.095 0.000 0.223 0.074 2.946 3.902 5.069 6.446 8.428 8.026 9.272 9.043 8.320 6.967 3.867 1.169 0.000 0.000 0.000 0.000 0.000 0.000 0.000 0.000
-999.250 -999.250 -999.250 -999.250 -999.250 -999.250 -999.250 5.264 3.761 4.501 1.524 0.000 0.000 0.000 0.000 0.000 4.725 11.065 19.024 28.292 32.582 37.609 35.779 33.819 32.352 28.897 22.919 17.389 11.954 8.110 3.999 0.626 0.000 0.000 0.000 0.000 0.000 0.369 3.689 5.261 7.982 9.740 11.157 9.055 6.998 5.758 1.953 2.370 3.339 7.172 8.107 9.593 11.308 12.082 13.985 15.957 18.351 18.208 16.185 12.468 9.776 6.987 4.801 0.765 0.000 0.000 0.000 0.000 0.000 0.000
-999.250 -999.250 -999.250 -999.250 -999.250 -999.250 -999.250 10.069 11.409 10.307 6.893 3.616 0.000 0.000 0.000 0.000 5.968 15.850 28.583 39.958 44.751 47.206 46.095 41.895 40.093 34.267 27.143 20.117 14.244 9.654 4.231 1.180 0.000 0.000 0.000 0.000 0.000 0.000 3.623 4.855 6.289 7.780 7.645 7.452 6.681 4.269 6.248 6.943 8.592 10.914 15.717 18.940 19.994 21.365 27.088 27.459 29.536 29.996 27.418 21.312 16.692 12.008 10.009 5.236 2.951 0.000 0.000 0.000 0.000 0.000
-999.250 -999.250 -999.250 -999.250 -999.250 -999.250 -999.250 -999.250 18.744 18.809 14.172 7.609 1.682 0.000 0.000 0.000 8.764 25.979 40.254 52.859 61.848 63.816 60.494 53.431 44.933 39.393 32.934 22.757 16.713 11.365 6.628 4.381 0.000 0.000 0.000 0.251 2.683 1.313 1.323 4.440 6.093 8.217 7.734 6.250 6.108 7.032 10.656 12.501 17.314 19.110 24.634 31.912 33.563 35.488 36.342 40.278 44.724 42.343 39.106 34.174 29.109 21.593 16.838 14.978 10.790 7.039 0.782 0.000 0.000 0.000
-999.250 -999.250 -999.250 -999.250 -999.250 -999.250 -999.250 -999.250 24.855 34.809 19.922 11.380 5.942 0.579 0.000 0.000 14.890 35.016 54.090 69.449 77.278 78.779 74.307 63.737 52.503 44.209 38.094 28.901 19.804 14.481 9.182 4.874 0.880 0.000 0.000 4.829 6.604 5.050 0.867 1.121 6.076 14.166 8.141 6.996 8.924 11.216 14.886 19.773 25.757 31.541 37.518 40.568 51.446 51.986 52.440 60.291 61.363 61.560 52.639 51.056 41.153 35.065 28.650 25.954 19.657 20.008 6.879 0.000 0.000 0.000
-999.250 -999.250 -999.250 -999.250 -999.250 -999.250 -999.250 21.867 27.609 27.491 21.564 14.729 9.485 6.614 6.243 10.437 24.343 43.819 63.322 84.465 97.442 98.386 82.917 69.405 58.905 48.206 39.168 32.597 23.615 15.397 10.543 5.267 2.781 0.000 0.000 5.507 15.674 6.329 1.166 0.694 4.128 6.264 7.485 9.025 12.347 17.221 24.457 27.910 36.466 42.025 49.747 60.239 65.057 75.154 76.543 80.159 75.388 73.727 74.906 66.600 61.853 52.487 45.213 39.395 30.631 21.313 10.640 2.677 0.000 0.000
-999.250 -999.250 -999.250 -999.250 -999.250 -999.250 -999.250 22.500 22.694 25.210 21.201 17.678 15.089 14.211 14.418 21.101 35.297 52.519 71.688 96.519 124.333 103.993 82.749 73.441 60.513 51.847 43.967 34.792 27.028 18.287 11.018 6.269 0.000 0.000 0.000 2.402 4.880 2.842 0.555 0.076 0.507 4.184 6.661 10.285 14.024 21.103 33.583 39.855 48.785 60.099 63.655 76.271 90.888 99.005 98.990 97.990 94.916 99.686 88.936 80.049 78.619 72.949 69.249 54.982 38.792 27.911 14.900 6.166 0.000 0.000
-999.250 -999.250 -999.250 -999.250 -999.250 -999.250 -999.250 23.331 23.685 23.748 21.798 20.881 19.169 19.955 22.485 31.338 42.320 55.440 71.994 87.225 102.533 97.776 80.614 73.441 61.738 51.326 44.455 37.206 28.861 19.126 11.007 5.920 0.135 0.000 0.000 0.000 0.000 0.000 4.435 0.000 0.000 2.596 7.476 11.202 19.465 28.881 38.809 51.441 64.220 69.481 77.461 95.565 106.735 112.433 117.880 120.498 124.923 117.572 109.017 115.744 102.747 93.895 78.835 72.217 52.869 36.967 22.109 11.400 2.701 0.000
-999.250 -999.250 -999.250 -999.250 -999.250 -999.250 -999.250 25.332 25.474 25.900 25.746 25.578 24.553 23.954 29.965 33.426 41.448 52.048 64.369 75.497 84.474 81.049 73.963 65.309 60.107 52.278 43.864 37.761 30.992 19.561 12.494 7.539 0.963 0.000 0.000 0.000 0.000 0.000 0.000 0.000 0.000 3.216 9.052 18.469 25.628 37.045 52.628 62.608 81.784 93.111 100.950 105.106 121.281 135.790 128.940 165.061 144.077 140.717 120.916 137.980 119.940 115.708 103.804 95.374 71.294 49.720 35.480 18.901 5.925 0.000
-999.250 -999.250 -999.250 -999.250 -999.250 -999.250 24.154 25.092 26.096 27.801 28.310 29.183 30.065 29.423 31.414 34.684 39.753 46.152 55.878 63.766 70.568 67.919 64.490 60.706 54.829 52.378 46.814 41.041 32.381 20.076 14.116 12.582 1.916 0.000 0.000 0.000 0.000 0.000 0.000 0.000 0.000 0.324 9.369 21.819 32.976 41.139 61.180 74.011 92.284 107.051 110.039 121.564 135.176 142.772 168.571 180.843 189.883 179.817 155.909 148.150 153.083 148.635 120.346 113.767 95.143 72.301 45.860 28.882 12.029 1.317
-999.250 -999.250 -999.250 -999.250 -999.250 -999.250 21.703 24.428 27.288 29.444 32.043 33.241 32.695 32.993 31.415 34.371 37.153 41.569 47.501 53.978 53.602 54.771 57.129 52.679 50.673 50.545 51.554 47.941 35.619 24.284 14.001 7.029 0.011 0.000 0.000 0.000 0.000 0.000 0.000 0.000 0.000 3.753 10.543 22.110 38.275 57.991 74.984 88.350 103.977 118.957 145.381 163.698 164.420 186.358 199.814 200.511 210.283 192.459 194.360 179.039 188.962 183.938 158.759 123.846 113.441 84.948 60.495 42.429 16.621 4.983
-999.250 -999.250 -999.250 -999.250 -999.250 20.964 21.924 25.535 28.371 31.887 36.302 39.545 37.617 34.726 31.774 32.197 34.659 39.485 40.303 40.918 41.832 42.333 44.570 42.483 44.123 45.111 51.735 61.631 39.003 23.781 12.643 6.030 0.000 0.000 0.000 0.000 0.000 0.000 0.000 0.000 0.000 5.859 14.943 29.287 44.603 65.535 84.739 105.529 121.180 139.833 183.476 197.606 198.557 210.718 238.233 223.174 233.716 246.216 307.179 328.025 239.712 214.744 181.755 161.347 123.753 105.742 88.728 52.507 26.420 6.566
-999.250 -999.250 -999.250 -999.250 -999.250 20.314 22.375 25.739 29.108 33.623 39.737 52.209 39.398 35.261 31.576 31.148 33.497 33.377 35.277 34.191 34.035 34.665 35.658 35.484 37.658 39.223 42.027 42.209 33.106 20.634 12.478 4.337 0.000 0.000 0.000 0.000 0.000 0.000 0.000 0.000 0.000 4.819 14.566 31.905 48.295 70.147 94.554 116.648 153.809 161.203 191.001 202.949 207.488 275.095 352.231 364.805 324.075 367.241 357.853 429.077 348.782 296.775 215.031 206.827 156.762 122.891 107.851 77.526 39.613 13.323
-999.250 -999.250 -999.250 -999.250 19.516 20.718 22.785 27.435 28.797 32.956 35.438 38.645 36.215 33.299 30.398 28.605 29.926 28.883 28.335 28.362 29.142 30.466 31.377 31.833 31.958 33.304 33.643 31.328 25.729 16.955 10.401 4.317 0.000 0.000 0.000 0.000 0.000 0.000 0.000 0.000 0.000 4.817 16.663 33.705 58.457 75.022 90.889 127.254 151.328 195.277 213.056 220.195 236.959 274.716 463.128 422.680 422.163 495.181 552.300 609.835 511.389 385.111 319.296 223.909 188.507 160.719 139.313 98.648 61.742 19.613
-999.250 -999.250 -999.250 -999.250 19.904 21.129 22.692 26.076 30.367 30.709 31.963 33.080 32.625 30.048 27.979 28.128 27.202 27.053 25.847 23.593 25.309 26.990 31.781 26.678 27.036 27.597 27.663 23.268 19.062 13.328 8.472 4.419 0.000 0.000 0.000 0.000 0.000 0.000 0.000 0.000 0.000 4.808 16.221 38.249 62.135 83.379 106.903 155.790 179.444 205.809 224.174 250.704 394.008 457.299 530.572 521.027 514.349 593.015 682.271 689.285 621.530 531.113 436.031 354.814 217.639 199.879 182.040 116.511 82.459 38.512
-999.250 -999.250 -999.250 -999.250 20.222 24.083 24.404 26.951 29.106 29.329 29.011 30.511 28.570 28.487 27.183 27.242 25.364 24.330 21.052 20.938 20.342 22.025 24.182 21.248 20.789 20.882 20.298 18.907 14.970 10.949 5.866 2.234 0.000 0.000 0.000 0.972 0.000 0.000 0.000 0.000 0.000 4.265 18.655 40.520 61.982 94.483 121.917 182.662 190.531 212.113 228.960 344.368 412.304 481.523 547.055 568.784 692.582 739.228 689.837 722.023 663.235 602.256 462.170 405.743 345.212 221.413 212.577 171.200 107.175 62.765
-999.250 -999.250 -999.250 -999.250 21.398 23.212 24.400 26.494 27.037 27.860 29.253 29.174 29.609 29.294 28.804 27.649 28.056 25.236 21.606 20.157 19.752 20.193 20.339 19.448 19.419 18.773 17.814 14.415 11.474 7.732 5.881 1.013 0.000 0.000 1.828 9.392 0.061 0.000 0.000 0.000 0.000 4.119 15.805 37.692 68.128 99.854 119.808 162.930 203.273 238.626 353.193 402.004 474.981 596.309 624.803 719.829 763.601 811.268 764.964 789.167 762.625 741.477 543.385 487.283 405.714 350.792 249.989 190.216 146.763 102.458
-999.250 -999.250 -999.250 -999.250 21.647 22.700 26.073 27.939 28.403 28.376 29.328 27.716 27.761 27.273 28.051 28.942 37.555 27.161 23.851 21.833 22.150 22.228 20.028 20.252 18.849 16.487 15.627 13.659 9.857 6.107 3.278 0.000 0.000 0.000 0.000 0.263 0.000 0.000 0.000 0.000 0.000 0.254 13.025 33.137 61.981 97.422 137.924 194.649 213.299 291.648 412.015 488.940 569.477 573.458 763.587 861.061 916.271 976.489 908.091 850.886 817.923 719.614 724.681 615.679 606.489 494.249 380.798 213.150 199.154 127.054
-999.250 -999.250 -999.250 -999.250 23.298 27.709 28.430 28.874 28.544 29.859 28.158 24.904 25.905 26.210 27.996 28.690 29.273 28.292 27.439 32.442 25.637 24.567 24.236 21.792 20.011 17.738 17.209 12.814 9.336 5.663 3.873 0.000 0.000 0.000 0.000 0.000 0.000 0.000 0.000 0.000 0.000 0.000 7.929 27.125 58.818 102.695 138.941 182.965 226.352 290.054 485.324 541.977 685.783 775.598 836.935 971.808 1067.640 1096.298 1019.350 932.695 910.842 855.332 752.051 714.437 635.794 552.272 400.366 228.056 203.020 173.373
-999.250 -999.250 -999.250 -999.250 25.472 28.943 32.118 33.701 32.628 30.659 28.324 24.869 25.441 24.273 25.441 27.209 27.959 27.572 28.338 30.045 28.392 27.640 27.606 25.269 20.370 21.201 16.963 12.461 10.378 5.908 3.160 0.000 0.000 0.000 0.000 0.000 0.000 0.000 0.000 0.000 0.000 0.000 0.000 13.205 44.949 86.645 127.308 188.050 255.631 333.659 518.385 659.378 771.706 857.083 969.238 1091.066 1177.580 1215.936 1173.512 1099.322 1026.758 931.220 853.281 775.243 655.415 575.841 431.522 322.745 205.925 194.843
-999.250 -999.250 -999.250 -999.250 26.803 29.539 33.973 43.624 34.296 31.562 28.525 26.649 24.977 25.328 26.279 24.793 26.936 28.563 31.478 33.215 33.584 33.528 30.594 27.946 23.257 21.542 18.918 13.556 9.245 6.559 1.185 0.000 0.000 0.000 0.000 0.000 0.000 0.000 0.000 0.000 0.000 0.000 0.000 5.724 45.648 90.912 145.808 210.250 281.920 463.483 610.171 665.983 778.675 867.715 1032.149 1114.549 1229.843 1329.145 1240.828 1164.498 1098.573 1034.627 889.471 824.211 682.298 552.531 475.801 370.043 283.346 209.941
-999.250 -999.250 -999.250 -999.250 27.396 30.361 33.047 34.947 33.798 31.824 28.408 28.916 27.521 26.474 25.688 27.134 29.147 32.149 34.142 39.162 40.893 39.806 36.357 33.157 28.814 21.309 19.220 14.862 10.611 8.003 1.405 0.000 0.000 0.000 0.000 0.000 0.000 0.000 0.000 0.000 0.000 0.000 1.447 18.096 52.993 102.788 175.096 206.128 307.440 446.958 603.069 731.577 767.725 869.651 1035.624 1110.748 1205.646 1258.244 1233.859 1211.475 1165.869 1075.835 935.882 798.173 705.452 659.449 507.108 394.119 294.633 221.261
-999.250 -999.250 -999.250 -999.250 28.280 29.531 31.812 31.778 32.249 32.781 30.500 30.304 28.587 28.107 27.578 28.626 30.593 34.740 40.250 46.513 52.880 49.963 41.160 36.338 30.982 27.084 20.181 15.441 12.095 7.192 3.668 0.022 0.000 0.000 0.000 0.000 0.000 0.000 0.000 0.000 0.000 0.000 11.774 34.129 66.348 109.814 184.291 204.303 272.981 439.418 578.245 644.784 822.907 897.773 932.469 1091.582 1159.698 1133.011 1167.204 1137.576 1074.500 1010.099 905.773 763.877 787.309 606.520 581.061 388.643 304.063 225.590
-999.250 -999.250 -999.250 27.222 27.346 28.284 28.839 32.371 30.046 32.076 33.287 32.529 30.428 30.568 29.571 32.208 33.635 38.104 43.991 56.541 72.557 57.636 46.405 38.937 33.225 27.699 20.938 17.494 12.106 9.391 4.917 0.000 0.000 0.000 0.000 0.000 0.000 0.000 0.000 0.000 0.000 4.065 20.037 45.867 72.936 110.059 162.356 211.936 269.953 463.242 575.277 705.063 808.957 851.774 920.072 1027.009 1026.202 1168.502 1169.984 1124.883 1014.174 955.633 947.915 844.740 734.400 643.827 546.138 421.851 364.107 274.209
-999.250 -999.250 -999.250 27.925 28.599 29.123 31.588 32.847 32.777 34.421 34.867 34.939 34.488 33.415 33.625 33.235 33.979 37.771 45.062 52.319 57.133 52.244 44.717 39.170 33.098 27.928 21.554 17.536 13.365 10.439 6.526 1.252 0.000 0.000 0.000 0.000 0.000 0.000 0.000 0.000 0.000 6.920 26.459 47.593 82.717 116.539 172.036 203.577 248.970 400.312 583.257 648.805 758.539 813.671 909.098 923.549 939.821 1093.561 1054.968 1062.031 1002.658 973.260 840.185 760.575 689.826 628.328 510.450 435.332 349.124 218.812
-999.250 -999.250 -999.250 26.462 29.314 29.995 32.527 33.943 35.749 36.065 39.451 40.509 39.720 38.778 36.818 35.014 36.421 37.507 40.097 42.010 45.021 43.997 41.046 34.930 30.600 27.111 20.192 19.081 14.469 11.783 8.037 4.495 0.000 0.000 0.000 0.000 0.000 0.000 0.000 0.000 2.120 11.611 27.649 56.612 83.842 119.022 151.997 192.112 215.952 325.498 483.001 631.840 736.075 754.315 787.906 900.724 913.857 943.395 986.487 971.889 960.583 904.538 738.161 663.896 557.170 515.868 420.143 353.885 249.902 205.430
-999.250 -999.250 25.613 26.540 29.084 30.538 32.178 35.172 36.687 41.325 43.212 44.431 46.111 44.125 43.130 40.016 38.589 36.986 36.858 38.827 38.553 38.854 35.625 32.663 28.481 25.331 21.910 19.633 18.910 17.957 11.682 5.317 0.204 0.000 0.000 0.000 0.000 0.000 0.000 0.000 0.739 12.982 28.337 56.577 78.200 119.782 138.398 179.918 213.162 298.400 547.664 620.608 628.705 692.905 811.525 803.479 810.200 896.558 874.681 896.295 829.086 825.841 669.310 562.626 472.823 499.799 401.490 223.805 206.015 186.911
-999.250 -999.250 26.024 27.958 28.775 30.704 34.159 35.961 41.092 43.196 48.453 53.614 57.468 57.038 54.703 45.565 39.461 36.710 34.872 35.377 -999.250 34.713 32.436 28.544 23.157 21.033 19.993 19.628 20.646 29.410 14.664 6.780 0.776 0.000 0.000 0.000 0.000 0.000 0.000 0.000 3.781 13.258 27.162 49.977 81.203 113.703 139.206 169.236 213.909 280.197 408.761 558.932 623.107 597.651 655.418 707.852 797.898 765.640 758.840 791.962 730.689 647.252 591.287 446.137 386.582 317.460 275.129 193.953 181.752 138.826
-999.250 20.729 22.560 26.225 27.831 29.377 33.364 38.145 42.339 50.340 54.747 61.337 64.337 67.342 68.680 55.033 44.458 36.674 35.082 -999.250 -999.250 30.913 29.828 27.004 23.735 21.022 19.674 17.736 19.293 19.184 12.632 6.244 0.478 0.000 0.000 0.000 0.000 0.000 0.000 0.000 3.740 14.018 28.323 52.054 74.993 105.141 120.111 185.922 205.201 238.085 344.012 424.928 467.300 572.485 632.412 675.432 690.522 701.042 617.643 609.294 602.498 535.049 485.468 349.330 213.316 227.743 188.441 168.474 134.752 114.868
-999.250 19.817 20.565 24.402 27.536 31.649 33.999 38.905 44.759 52.909 58.498 62.089 70.329 76.740 89.013 61.759 46.316 37.889 -999.250 -999.250 -999.250 -999.250 28.883 25.185 21.489 19.847 19.142 18.289 15.998 13.838 8.969 4.996 0.000 0.000 0.000 0.000 0.000 0.000 0.000 0.000 2.643 13.057 25.166 44.980 69.578 87.568 107.302 165.796 176.521 221.394 266.344 400.593 462.874 496.055 556.976 564.026 544.999 539.530 549.201 487.441 546.876 398.550 297.885 216.896 180.736 161.013 128.180 114.628 105.211 77.427
