data/medianmodel_10-May-2020.asc
ncols	141
nrows	288
xllcorner	-120191.398
yllcorner	-301404.813
cellsize	2000.000
NODATA_value	-999.250
[rows 93 to 123 of 288, columns 69 to 137 of 141]
13.415 16.043 14.708 15.225 18.119 19.704 15.997 14.324 8.749 6.903 4.066 2.413 0.891 0.000 0.000 0.000 0.000 0.000 0.000 1.257 1.845 3.921 2.213 4.117 5.359 5.186 4.978 6.765 8.138 6.180 5.169 5.432 6.542 7.669 8.037 9.604 9.959 9.424 7.984 8.706 7.458 5.778 8.960 5.316 7.259 -999.250 -999.250 -999.250 -999.250 -999.250 -999.250 -999.250 -999.250 -999.250 -999.250 -999.250 -999.250 -999.250 -999.250 -999.250 -999.250 -999.250 -999.250 -999.250 -999.250 -999.250 -999.250 -999.250 -999.250
12.808 15.698 16.134 15.756 16.604 14.919 11.993 9.499 9.866 6.728 3.365 2.270 0.155 0.000 0.000 0.000 0.000 0.000 0.000 1.446 1.778 2.942 3.893 2.985 3.035 2.933 4.099 6.618 7.166 4.970 5.381 7.697 6.246 6.483 8.843 8.831 8.390 11.636 8.995 8.248 6.494 4.665 7.849 8.145 6.228 -999.250 -999.250 -999.250 -999.250 -999.250 -999.250 -999.250 -999.250 -999.250 -999.250 -999.250 -999.250 -999.250 -999.250 -999.250 -999.250 -999.250 -999.250 -999.250 -999.250 -999.250 -999.250 -999.250 -999.250
11.863 12.741 14.856 10.404 16.178 12.942 10.473 8.575 8.000 6.580 2.946 2.964 0.273 0.000 0.000 0.000 0.000 0.000 0.000 0.000 1.171 1.645 4.074 1.716 2.101 2.822 3.761 7.135 7.101 4.082 8.322 6.723 5.313 5.208 7.750 9.773 8.384 11.903 9.653 11.101 8.997 7.982 10.717 7.377 9.364 -999.250 -999.250 -999.250 -999.250 -999.250 -999.250 -999.250 -999.250 -999.250 -999.250 -999.250 -999.250 -999.250 -999.250 -999.250 -999.250 -999.250 -999.250 -999.250 -999.250 -999.250 -999.250 -999.250 -999.250
7.768 12.192 15.022 12.075 12.997 12.723 10.221 9.429 6.295 6.217 4.498 2.374 1.725 0.000 0.000 0.000 0.000 0.000 0.000 0.000 0.678 0.113 1.008 0.976 2.717 2.656 3.085 4.879 2.789 6.605 5.070 8.254 4.822 5.632 4.904 6.609 8.960 9.964 9.161 9.309 6.261 11.306 8.668 11.155 8.326 4.329 -999.250 -999.250 -999.250 -999.250 -999.250 -999.250 -999.250 -999.250 -999.250 -999.250 -999.250 -999.250 -999.250 -999.250 -999.250 -999.250 -999.250 -999.250 -999.250 -999.250 -999.250 -999.250 -999.250
8.480 11.560 15.294 15.213 12.263 12.599 12.998 9.971 6.922 6.384 4.011 2.637 2.458 0.342 0.000 0.000 0.185 1.768 1.001 0.600 0.946 0.122 0.452 0.052 0.000 0.000 3.339 3.065 5.970 4.377 5.161 5.668 4.267 5.113 6.325 5.484 8.906 9.451 8.243 5.038 7.137 8.452 7.218 10.534 10.134 6.635 6.574 -999.250 -999.250 -999.250 -999.250 -999.250 -999.250 -999.250 -999.250 -999.250 -999.250 -999.250 -999.250 -999.250 -999.250 -999.250 -999.250 -999.250 -999.250 -999.250 -999.250 -999.250 -999.250
10.678 14.051 17.819 17.868 14.955 15.025 12.738 10.073 7.140 6.707 5.858 7.079 1.666 1.421 0.310 1.402 0.803 2.166 0.000 0.564 0.702 0.000 0.000 0.000 0.000 0.000 0.606 1.845 5.469 3.124 3.246 4.710 6.543 7.113 7.546 6.609 7.848 10.620 9.398 7.604 6.022 5.545 5.849 6.229 8.570 8.195 5.356 4.884 -999.250 -999.250 -999.250 -999.250 -999.250 -999.250 -999.250 -999.250 -999.250 -999.250 -999.250 -999.250 -999.250 -999.250 -999.250 -999.250 -999.250 -999.250 -999.250 -999.250 -999.250
11.326 15.141 18.406 20.776 16.155 15.723 11.897 8.829 7.819 5.324 4.022 6.521 3.791 2.897 2.284 2.228 2.817 1.927 1.857 0.293 1.088 0.748 1.482 0.000 0.000 0.143 1.753 2.065 1.756 4.568 4.440 6.121 4.043 4.580 7.170 9.447 8.650 7.662 8.236 8.441 6.248 7.979 5.156 5.929 7.093 4.383 6.076 -999.250 -999.250 -999.250 -999.250 -999.250 -999.250 -999.250 -999.250 -999.250 -999.250 -999.250 -999.250 -999.250 -999.250 -999.250 -999.250 -999.250 -999.250 -999.250 -999.250 -999.250 -999.250
9.918 13.032 16.517 15.900 15.353 16.317 10.844 9.381 8.197 7.019 6.882 5.128 3.528 2.540 4.868 3.018 1.730 3.322 1.105 1.175 1.637 0.602 1.278 2.953 2.624 4.092 3.872 3.678 4.247 3.738 6.120 5.182 5.821 9.120 9.479 8.277 7.267 8.189 6.643 7.747 5.736 6.955 8.544 8.728 10.524 7.048 3.947 1.836 -999.250 -999.250 -999.250 -999.250 -999.250 -999.250 -999.250 -999.250 -999.250 -999.250 -999.250 -999.250 -999.250 -999.250 -999.250 -999.250 -999.250 -999.250 -999.250 -999.250 -999.250
13.087 15.516 14.835 14.849 16.333 14.071 11.299 10.140 7.084 5.829 5.529 5.287 5.432 5.414 3.930 2.232 4.360 3.873 2.947 1.596 1.822 1.356 1.366 2.395 3.756 4.697 2.628 1.860 3.699 4.082 6.358 3.969 5.445 5.493 10.107 7.378 6.038 6.857 4.556 5.474 6.719 8.410 11.339 7.987 9.860 4.889 -999.250 -999.250 -999.250 -999.250 -999.250 -999.250 -999.250 -999.250 -999.250 -999.250 -999.250 -999.250 -999.250 -999.250 -999.250 -999.250 -999.250 -999.250 -999.250 -999.250 -999.250 -999.250 -999.250
9.109 14.289 14.223 15.036 14.314 11.740 11.387 9.371 5.074 4.715 4.685 4.331 4.064 3.821 4.045 3.240 3.568 2.618 2.254 1.626 2.876 1.898 0.999 2.553 3.195 4.193 5.312 6.242 6.332 4.398 2.665 3.538 5.641 5.311 7.101 7.820 4.990 7.961 6.449 5.791 7.899 7.250 8.721 6.243 7.979 -999.250 -999.250 -999.250 -999.250 -999.250 -999.250 -999.250 -999.250 -999.250 -999.250 -999.250 -999.250 -999.250 -999.250 -999.250 -999.250 -999.250 -999.250 -999.250 -999.250 -999.250 -999.250 -999.250 -999.250
10.697 9.536 14.576 14.511 13.143 11.693 11.758 8.813 5.880 4.954 6.537 2.634 6.186 2.931 2.591 1.858 3.304 3.127 2.137 0.746 3.081 2.085 3.301 4.096 4.332 4.285 5.505 6.408 5.602 5.933 4.522 4.648 4.927 3.835 4.559 5.755 6.438 6.829 6.940 6.354 5.423 6.345 6.302 7.976 5.999 -999.250 -999.250 -999.250 -999.250 -999.250 -999.250 -999.250 -999.250 -999.250 -999.250 -999.250 -999.250 -999.250 -999.250 -999.250 -999.250 -999.250 -999.250 -999.250 -999.250 -999.250 -999.250 -999.250 -999.250
6.773 8.403 11.614 11.304 10.870 7.762 12.594 9.559 9.087 7.855 4.575 1.104 1.753 3.017 3.316 4.695 5.363 4.073 2.227 2.505 1.849 2.033 0.495 3.323 1.829 3.558 3.267 3.028 2.801 3.539 3.144 4.981 6.266 6.000 3.782 5.217 5.463 5.515 6.264 4.675 3.874 3.806 4.020 5.265 -999.250 -999.250 -999.250 -999.250 -999.250 -999.250 -999.250 -999.250 -999.250 -999.250 -999.250 -999.250 -999.250 -999.250 -999.250 -999.250 -999.250 -999.250 -999.250 -999.250 -999.250 -999.250 -999.250 -999.250 -999.250
5.304 6.482 8.218 7.911 6.746 8.121 10.541 8.643 7.447 6.581 3.286 4.514 1.944 4.298 4.803 6.306 4.860 3.810 3.905 3.689 1.921 1.937 1.830 4.799 4.356 3.033 3.063 2.517 3.596 3.130 1.704 2.798 3.489 3.873 3.758 3.778 5.510 2.964 4.155 5.253 -999.250 -999.250 -999.250 -999.250 -999.250 -999.250 -999.250 -999.250 -999.250 -999.250 -999.250 -999.250 -999.250 -999.250 -999.250 -999.250 -999.250 -999.250 -999.250 -999.250 -999.250 -999.250 -999.250 -999.250 -999.250 -999.250 -999.250 -999.250 -999.250
2.413 5.967 6.188 4.455 7.246 6.873 9.762 8.845 6.681 5.540 4.386 4.357 2.876 3.282 3.586 4.276 5.808 5.102 4.524 3.590 3.575 3.566 5.541 6.063 5.549 2.660 4.728 2.448 1.542 0.977 0.131 1.175 1.599 2.356 2.963 4.130 3.306 3.366 -999.250 -999.250 -999.250 -999.250 -999.250 -999.250 -999.250 -999.250 -999.250 -999.250 -999.250 -999.250 -999.250 -999.250 -999.250 -999.250 -999.250 -999.250 -999.250 -999.250 -999.250 -999.250 -999.250 -999.250 -999.250 -999.250 -999.250 -999.250 -999.250 -999.250 -999.250
3.084 4.227 2.877 4.850 4.351 6.645 5.860 5.464 5.502 4.639 5.689 4.331 5.696 5.627 5.351 5.985 5.703 3.612 4.911 5.858 3.653 6.410 5.039 6.155 6.626 4.427 4.222 4.636 3.192 1.380 0.437 1.407 0.092 0.000 0.066 2.375 3.584 1.828 -999.250 -999.250 -999.250 -999.250 -999.250 -999.250 -999.250 -999.250 -999.250 -999.250 -999.250 -999.250 -999.250 -999.250 -999.250 -999.250 -999.250 -999.250 -999.250 -999.250 -999.250 -999.250 -999.250 -999.250 -999.250 -999.250 -999.250 -999.250 -999.250 -999.250 -999.250
2.605 3.283 2.854 0.487 2.328 2.667 2.519 3.242 5.520 6.385 6.473 5.819 6.945 7.398 5.646 3.973 4.492 6.831 4.235 6.561 7.903 5.307 3.647 6.096 6.031 2.849 6.384 3.026 4.137 2.762 0.522 0.058 0.000 0.000 0.000 0.000 1.939 2.829 -999.250 -999.250 -999.250 -999.250 -999.250 -999.250 -999.250 -999.250 -999.250 -999.250 -999.250 -999.250 -999.250 -999.250 -999.250 -999.250 -999.250 -999.250 -999.250 -999.250 -999.250 -999.250 -999.250 -999.250 -999.250 -999.250 -999.250 -999.250 -999.250 -999.250 -999.250
2.281 2.013 1.293 1.678 2.120 2.667 2.580 3.924 2.975 4.750 5.557 5.012 6.838 7.367 7.475 6.426 6.222 5.591 5.770 8.329 5.745 7.607 7.044 6.123 6.011 4.812 4.340 2.813 2.673 3.505 1.466 0.438 0.000 0.000 0.000 0.000 2.359 3.275 -999.250 -999.250 -999.250 -999.250 -999.250 -999.250 -999.250 -999.250 -999.250 -999.250 -999.250 -999.250 -999.250 -999.250 -999.250 -999.250 -999.250 -999.250 -999.250 -999.250 -999.250 -999.250 -999.250 -999.250 -999.250 -999.250 -999.250 -999.250 -999.250 -999.250 -999.250
3.994 1.654 0.048 2.299 0.000 1.388 1.867 3.476 5.389 6.369 7.575 5.461 6.582 7.083 9.985 7.331 5.752 6.599 7.549 6.205 7.841 7.936 8.687 9.350 8.607 6.341 6.681 2.709 3.405 3.641 1.473 1.253 1.165 0.000 0.000 0.000 0.946 2.790 -999.250 -999.250 -999.250 -999.250 -999.250 -999.250 -999.250 -999.250 -999.250 -999.250 -999.250 -999.250 -999.250 -999.250 -999.250 -999.250 -999.250 -999.250 -999.250 -999.250 -999.250 -999.250 -999.250 -999.250 -999.250 -999.250 -999.250 -999.250 -999.250 -999.250 -999.250
2.231 0.000 0.000 0.000 0.000 1.185 2.531 4.074 4.729 6.201 6.745 9.278 8.860 6.461 8.829 6.672 7.502 5.930 8.050 7.758 9.129 8.084 8.454 9.643 6.770 6.901 6.838 4.188 7.213 4.172 1.506 1.814 1.463 0.000 0.340 0.148 3.341 4.288 -999.250 -999.250 -999.250 -999.250 -999.250 -999.250 -999.250 -999.250 -999.250 -999.250 -999.250 -999.250 -999.250 -999.250 -999.250 -999.250 -999.250 -999.250 -999.250 -999.250 -999.250 -999.250 -999.250 -999.250 -999.250 -999.250 -999.250 -999.250 -999.250 -999.250 -999.250
2.295 0.000 0.000 0.000 0.019 2.738 3.102 5.057 6.830 7.050 6.651 6.534 5.799 6.717 4.380 7.041 9.309 9.492 7.866 7.120 8.142 9.751 7.698 7.609 7.295 7.139 4.421 7.234 5.465 3.699 2.579 1.784 0.315 1.921 1.604 1.472 4.164 2.120 3.925 5.180 -999.250 -999.250 -999.250 -999.250 -999.250 -999.250 -999.250 -999.250 -999.250 -999.250 -999.250 -999.250 -999.250 -999.250 -999.250 -999.250 -999.250 -999.250 -999.250 -999.250 -999.250 -999.250 -999.250 -999.250 -999.250 -999.250 -999.250 -999.250 -999.250
2.176 0.000 0.000 0.000 0.948 2.003 3.654 4.222 5.074 5.950 9.285 6.550 6.409 3.960 7.424 9.346 8.853 7.886 7.190 7.190 8.524 7.241 10.552 9.632 9.197 8.463 7.714 6.155 5.381 5.369 4.344 2.263 3.054 1.667 0.691 1.547 2.294 3.398 5.692 2.474 5.325 5.562 -999.250 -999.250 -999.250 -999.250 -999.250 -999.250 -999.250 -999.250 -999.250 -999.250 -999.250 -999.250 -999.250 -999.250 -999.250 -999.250 -999.250 -999.250 -999.250 -999.250 -999.250 -999.250 -999.250 -999.250 -999.250 -999.250 -999.250
5.809 2.585 2.613 1.176 2.516 3.080 5.773 2.814 5.759 6.277 6.219 8.123 8.466 7.224 5.515 7.657 6.264 4.265 4.602 7.467 8.972 8.758 9.255 5.450 9.144 10.169 6.651 7.920 6.327 6.838 6.049 4.192 3.419 4.490 4.314 3.113 1.078 2.738 4.805 2.598 3.332 4.785 -999.250 -999.250 -999.250 -999.250 -999.250 -999.250 -999.250 -999.250 -999.250 -999.250 -999.250 -999.250 -999.250 -999.250 -999.250 -999.250 -999.250 -999.250 -999.250 -999.250 -999.250 -999.250 -999.250 -999.250 -999.250 -999.250 -999.250
10.287 5.749 6.020 4.196 5.759 6.142 7.165 8.984 8.352 7.794 9.437 10.130 8.081 7.007 9.301 5.701 7.527 6.213 5.439 7.669 8.511 8.386 6.502 7.942 8.678 10.772 8.886 6.776 7.523 5.991 6.027 5.682 5.361 5.107 3.578 3.550 1.427 2.817 3.335 3.140 4.155 4.845 3.640 -999.250 -999.250 -999.250 -999.250 -999.250 -999.250 -999.250 -999.250 -999.250 -999.250 -999.250 -999.250 -999.250 -999.250 -999.250 -999.250 -999.250 -999.250 -999.250 -999.250 -999.250 -999.250 -999.250 -999.250 -999.250 -999.250
12.214 7.223 6.233 5.958 6.346 9.645 8.295 11.579 12.208 11.018 10.716 9.541 9.031 6.655 7.659 7.517 6.605 5.083 8.248 8.747 9.686 7.613 8.844 9.885 8.408 12.728 8.863 7.249 7.357 7.292 6.925 5.860 5.860 2.763 1.918 3.543 1.826 2.116 1.719 4.821 3.331 5.239 3.337 3.968 -999.250 -999.250 -999.250 -999.250 -999.250 -999.250 -999.250 -999.250 -999.250 -999.250 -999.250 -999.250 -999.250 -999.250 -999.250 -999.250 -999.250 -999.250 -999.250 -999.250 -999.250 -999.250 -999.250 -999.250 -999.250
11.748 11.080 9.486 9.065 9.461 12.325 11.316 9.975 10.859 7.901 7.599 5.014 5.619 5.653 7.559 9.101 5.515 7.353 6.735 9.471 8.073 5.028 6.938 9.989 9.963 10.486 11.603 8.723 7.134 7.717 6.516 5.851 6.850 4.562 3.411 3.663 3.372 2.966 5.417 6.222 3.158 6.070 4.536 4.048 -999.250 -999.250 -999.250 -999.250 -999.250 -999.250 -999.250 -999.250 -999.250 -999.250 -999.250 -999.250 -999.250 -999.250 -999.250 -999.250 -999.250 -999.250 -999.250 -999.250 -999.250 -999.250 -999.250 -999.250 -999.250
15.572 14.413 12.737 12.258 11.212 11.175 12.556 12.723 8.321 8.402 7.258 8.133 7.378 7.621 8.765 7.723 9.771 7.872 8.476 9.937 9.023 5.763 6.279 8.952 8.178 6.676 11.090 7.372 8.166 9.606 9.412 6.451 5.777 5.180 5.308 4.769 3.544 4.506 5.855 6.767 3.961 4.590 2.637 2.836 3.071 -999.250 -999.250 -999.250 -999.250 -999.250 -999.250 -999.250 -999.250 -999.250 -999.250 -999.250 -999.250 -999.250 -999.250 -999.250 -999.250 -999.250 -999.250 -999.250 -999.250 -999.250 -999.250 -999.250 -999.250
17.814 15.442 14.705 14.987 14.056 10.681 12.096 11.398 9.637 9.653 9.105 10.385 8.785 5.356 6.881 8.178 7.004 6.577 7.348 4.214 8.494 6.066 7.507 5.929 6.377 5.380 6.280 5.422 6.039 8.493 5.582 7.735 3.915 4.416 4.497 5.488 4.887 4.610 4.167 3.783 5.347 2.801 4.687 2.574 -999.250 -999.250 -999.250 -999.250 -999.250 -999.250 -999.250 -999.250 -999.250 -999.250 -999.250 -999.250 -999.250 -999.250 -999.250 -999.250 -999.250 -999.250 -999.250 -999.250 -999.250 -999.250 -999.250 -999.250 -999.250
17.519 18.309 15.652 13.604 14.236 13.507 16.273 11.588 11.434 12.925 12.577 12.955 10.638 9.669 8.140 7.082 8.884 7.268 6.426 5.933 8.453 5.104 6.329 5.288 5.519 1.963 5.474 4.227 4.824 6.552 5.904 4.492 3.466 3.416 3.903 2.986 5.423 4.983 4.896 5.053 6.271 3.611 4.720 2.972 -999.250 -999.250 -999.250 -999.250 -999.250 -999.250 -999.250 -999.250 -999.250 -999.250 -999.250 -999.250 -999.250 -999.250 -999.250 -999.250 -999.250 -999.250 -999.250 -999.250 -999.250 -999.250 -999.250 -999.250 -999.250
16.274 18.402 14.717 16.843 12.879 13.895 16.475 12.772 12.337 8.902 10.021 8.517 12.118 9.191 8.797 6.508 5.457 7.607 4.748 8.714 6.095 5.248 4.895 4.791 3.976 5.190 4.399 1.921 4.125 4.976 3.327 2.328 2.188 2.806 3.157 2.128 4.123 4.868 5.490 3.117 4.435 5.141 5.862 3.943 -999.250 -999.250 -999.250 -999.250 -999.250 -999.250 -999.250 -999.250 -999.250 -999.250 -999.250 -999.250 -999.250 -999.250 -999.250 -999.250 -999.250 -999.250 -999.250 -999.250 -999.250 -999.250 -999.250 -999.250 -999.250
16.507 19.988 15.744 17.296 16.480 16.917 14.090 13.263 13.052 10.239 9.948 11.234 12.741 11.223 7.566 6.306 2.648 4.574 4.365 5.472 6.223 5.454 5.286 5.477 3.675 2.865 1.713 1.002 2.489 4.215 1.953 0.233 2.230 3.369 2.867 1.965 3.974 3.399 3.158 5.296 4.581 4.220 6.981 2.529 -999.250 -999.250 -999.250 -999.250 -999.250 -999.250 -999.250 -999.250 -999.250 -999.250 -999.250 -999.250 -999.250 -999.250 -999.250 -999.250 -999.250 -999.250 -999.250 -999.250 -999.250 -999.250 -999.250 -999.250 -999.250
14.546 15.325 16.480 19.142 16.596 14.438 16.032 12.573 10.073 8.350 10.028 9.957 10.907 8.547 7.774 7.390 4.561 4.336 5.141 6.424 5.257 4.984 2.890 2.175 1.319 1.345 1.531 2.416 0.966 1.294 0.000 0.000 0.000 0.922 2.802 3.333 2.916 3.230 4.305 5.326 5.970 2.849 3.788 -999.250 -999.250 -999.250 -999.250 -999.250 -999.250 -999.250 -999.250 -999.250 -999.250 -999.250 -999.250 -999.250 -999.250 -999.250 -999.250 -999.250 -999.250 -999.250 -999.250 -999.250 -999.250 -999.250 -999.250 -999.250 -999.250
