data/medianmodel_10-Sep-2020.asc
ncols	141
nrows	288
xllcorner	-120191.398
yllcorner	-301404.813
cellsize	2000.000
NODATA_value	-999.250
[rows 210 to 239 of 288, columns 0 to 68 of 141]
-999.250 -999.250 -999.250 -999.250 -999.250 -999.250 -999.250 -999.250 -999.250 -999.250 -999.250 -999.250 -999.250 -999.250 -999.250 -999.250 -999.250 -999.250 -999.250 -999.250 -999.250 -999.250 -999.250 -999.250 -999.250 -999.250 -999.250 -999.250 -999.250 -999.250 -999.250 50.488 48.705 42.598 44.803 44.079 40.405 32.007 33.833 36.432 37.028 30.164 34.308 26.659 24.216 19.713 16.115 13.817 13.196 10.660 9.917 7.820 7.528 4.246 1.971 3.621 4.192 0.086 0.000 0.000 0.000 0.000 0.000 0.000 0.000 0.000 0.000 0.000 0.000
-999.250 -999.250 -999.250 -999.250 -999.250 -999.250 -999.250 -999.250 -999.250 -999.250 -999.250 -999.250 -999.250 -999.250 -999.250 -999.250 -999.250 -999.250 -999.250 -999.250 -999.250 -999.250 -999.250 -999.250 -999.250 -999.250 -999.250 -999.250 -999.250 -999.250 -999.250 42.810 47.643 48.170 45.225 44.447 40.027 35.078 40.534 37.952 36.866 32.791 30.920 30.451 24.932 21.157 18.271 15.261 12.855 11.792 9.878 9.067 7.199 5.650 3.877 4.401 4.238 0.513 0.000 0.000 0.000 0.000 0.000 0.000 0.000 0.000 0.000 0.000 0.000
-999.250 -999.250 -999.250 -999.250 -999.250 -999.250 -999.250 -999.250 -999.250 -999.250 -999.250 -999.250 -999.250 -999.250 -999.250 -999.250 -999.250 -999.250 -999.250 -999.250 -999.250 -999.250 -999.250 -999.250 -999.250 -999.250 -999.250 -999.250 -999.250 -999.250 -999.250 43.605 45.571 48.600 48.007 45.526 40.268 37.549 41.118 38.950 38.402 34.695 34.889 32.294 26.239 23.407 20.628 17.055 13.880 11.481 9.651 9.196 8.163 4.691 2.867 1.139 0.223 0.438 0.000 0.000 0.000 0.000 0.000 0.000 0.000 0.000 0.000 0.000 0.000
-999.250 -999.250 -999.250 -999.250 -999.250 -999.250 -999.250 -999.250 -999.250 -999.250 -999.250 -999.250 -999.250 -999.250 -999.250 -999.250 -999.250 -999.250 -999.250 -999.250 -999.250 -999.250 -999.250 -999.250 -999.250 -999.250 -999.250 -999.250 -999.250 -999.250 -999.250 47.874 47.542 43.547 37.687 42.050 38.748 42.881 42.968 43.494 39.692 41.420 34.729 35.394 29.928 25.374 21.475 18.182 14.514 12.924 12.295 9.126 7.756 5.902 2.159 1.533 0.000 0.073 0.000 0.000 0.000 0.000 0.000 0.000 0.000 0.000 0.000 0.000 0.000
-999.250 -999.250 -999.250 -999.250 -999.250 -999.250 -999.250 -999.250 -999.250 -999.250 -999.250 -999.250 -999.250 -999.250 -999.250 -999.250 -999.250 -999.250 -999.250 -999.250 -999.250 -999.250 -999.250 -999.250 -999.250 -999.250 -999.250 -999.250 -999.250 -999.250 -999.250 45.086 44.328 44.069 44.011 43.657 48.969 47.131 44.359 42.352 45.191 42.790 42.066 35.078 31.087 26.712 20.474 20.464 16.230 14.190 11.645 9.234 6.244 7.640 2.682 0.298 0.916 0.000 0.000 0.000 0.000 0.000 0.000 0.000 0.000 0.000 0.000 0.000 0.000
-999.250 -999.250 -999.250 -999.250 -999.250 -999.250 -999.250 -999.250 -999.250 -999.250 -999.250 -999.250 -999.250 -999.250 -999.250 -999.250 -999.250 -999.250 -999.250 -999.250 -999.250 -999.250 -999.250 -999.250 -999.250 -999.250 -999.250 -999.250 -999.250 -999.250 -999.250 44.165 45.317 48.020 45.059 44.242 42.946 46.431 49.619 46.005 50.410 44.225 45.157 42.631 37.400 35.360 25.962 19.482 18.870 17.758 12.766 9.375 8.224 5.464 4.406 1.900 0.608 0.000 0.000 0.000 0.000 0.000 0.000 0.000 0.000 0.000 0.000 0.000 0.577
-999.250 -999.250 -999.250 -999.250 -999.250 -999.250 -999.250 -999.250 -999.250 -999.250 -999.250 -999.250 -999.250 -999.250 -999.250 -999.250 -999.250 -999.250 -999.250 -999.250 -999.250 -999.250 -999.250 -999.250 -999.250 -999.250 -999.250 -999.250 -999.250 -999.250 -999.250 43.014 45.578 44.976 41.666 44.187 48.131 50.086 52.435 53.385 57.145 53.131 47.724 41.465 39.964 32.750 24.760 22.802 20.611 17.210 12.906 11.082 7.971 6.316 4.354 0.849 0.000 0.000 0.000 0.000 0.000 0.000 0.000 0.000 0.000 0.000 0.000 1.327 4.743
-999.250 -999.250 -999.250 -999.250 -999.250 -999.250 -999.250 -999.250 -999.250 -999.250 -999.250 -999.250 -999.250 -999.250 -999.250 -999.250 -999.250 -999.250 -999.250 -999.250 -999.250 -999.250 -999.250 -999.250 -999.250 -999.250 -999.250 -999.250 -999.250 -999.250 -999.250 46.365 42.760 45.346 44.561 48.843 49.060 53.552 60.067 62.229 58.041 60.921 56.191 47.857 39.818 29.729 27.814 22.273 21.420 18.431 16.562 11.435 9.475 5.971 6.420 1.663 0.524 0.000 0.000 0.000 0.000 0.000 0.000 0.000 0.000 0.000 0.000 2.598 3.877
-999.250 -999.250 -999.250 -999.250 -999.250 -999.250 -999.250 -999.250 -999.250 -999.250 -999.250 -999.250 -999.250 -999.250 -999.250 -999.250 -999.250 -999.250 -999.250 -999.250 -999.250 -999.250 -999.250 -999.250 -999.250 -999.250 -999.250 -999.250 -999.250 -999.250 -999.250 42.709 44.607 40.678 42.593 47.288 52.983 55.177 55.245 64.968 69.724 66.739 59.269 50.672 40.195 35.588 31.054 25.391 20.102 18.282 14.080 10.751 8.881 6.812 4.582 0.895 0.973 0.000 0.000 0.000 0.000 0.000 0.000 0.000 0.000 0.000 0.000 4.768 4.642
-999.250 -999.250 -999.250 -999.250 -999.250 -999.250 -999.250 -999.250 -999.250 -999.250 -999.250 -999.250 -999.250 -999.250 -999.250 -999.250 -999.250 -999.250 -999.250 -999.250 -999.250 -999.250 -999.250 -999.250 -999.250 -999.250 -999.250 -999.250 -999.250 -999.250 -999.250 42.922 43.121 44.017 44.758 51.121 53.874 54.853 56.683 65.242 71.026 75.142 64.402 46.944 41.761 39.453 30.395 24.555 22.292 17.020 14.041 12.761 9.660 5.223 1.501 0.845 0.000 0.000 0.000 0.000 0.000 0.000 0.000 0.000 0.000 1.121 1.934 6.868 8.909
-999.250 -999.250 -999.250 -999.250 -999.250 -999.250 -999.250 -999.250 -999.250 -999.250 -999.250 -999.250 -999.250 -999.250 -999.250 -999.250 -999.250 -999.250 -999.250 -999.250 -999.250 -999.250 -999.250 -999.250 -999.250 -999.250 -999.250 -999.250 -999.250 -999.250 -999.250 43.570 45.371 47.277 45.932 49.764 51.525 49.697 58.113 63.255 66.777 67.760 58.641 51.739 40.782 36.116 30.870 25.285 21.990 18.928 13.640 12.462 8.928 5.549 4.061 0.000 0.000 0.000 0.000 0.000 0.000 0.000 0.000 0.034 2.732 5.012 4.287 8.087 10.948
-999.250 -999.250 -999.250 -999.250 -999.250 -999.250 -999.250 -999.250 -999.250 -999.250 -999.250 -999.250 -999.250 -999.250 -999.250 -999.250 -999.250 -999.250 -999.250 -999.250 -999.250 -999.250 -999.250 -999.250 -999.250 -999.250 -999.250 -999.250 -999.250 -999.250 -999.250 43.653 47.759 41.655 43.431 45.470 53.446 49.877 55.470 64.847 61.775 62.464 53.612 48.153 41.650 36.041 32.555 24.966 21.901 18.927 16.764 13.166 9.587 4.679 2.366 1.568 0.000 0.000 0.000 0.000 0.000 0.000 0.238 1.134 2.541 5.309 8.173 9.983 11.429
-999.250 -999.250 -999.250 -999.250 -999.250 -999.250 -999.250 -999.250 -999.250 -999.250 -999.250 -999.250 -999.250 -999.250 -999.250 -999.250 -999.250 -999.250 -999.250 -999.250 -999.250 -999.250 -999.250 -999.250 -999.250 -999.250 -999.250 -999.250 -999.250 -999.250 -999.250 45.669 45.241 45.621 47.323 45.150 49.295 51.542 52.587 55.846 56.783 53.574 51.147 45.797 40.374 34.580 31.797 23.811 21.533 18.335 17.588 10.308 7.634 6.176 4.248 0.769 0.000 0.000 0.000 0.000 0.000 0.000 0.416 2.357 3.597 6.616 8.350 9.893 9.878
-999.250 -999.250 -999.250 -999.250 -999.250 -999.250 -999.250 -999.250 -999.250 -999.250 -999.250 -999.250 -999.250 -999.250 -999.250 -999.250 -999.250 -999.250 -999.250 -999.250 -999.250 -999.250 -999.250 -999.250 -999.250 -999.250 -999.250 -999.250 -999.250 -999.250 45.976 45.460 42.343 46.125 46.790 46.620 49.910 51.246 49.640 46.507 50.077 50.701 46.722 44.902 40.854 36.636 31.879 22.616 18.834 15.898 14.186 10.674 8.162 7.193 5.311 0.684 0.000 0.000 0.000 0.000 0.000 0.000 0.000 0.676 5.437 7.018 9.352 9.509 9.552
-999.250 -999.250 -999.250 -999.250 -999.250 -999.250 -999.250 -999.250 -999.250 -999.250 -999.250 -999.250 -999.250 -999.250 -999.250 -999.250 -999.250 -999.250 -999.250 -999.250 -999.250 -999.250 -999.250 -999.250 -999.250 -999.250 -999.250 -999.250 -999.250 -999.250 45.460 45.702 44.743 45.435 45.627 43.474 46.303 47.324 43.271 42.969 44.183 46.967 45.301 44.064 39.936 37.400 29.588 23.856 20.618 15.940 14.115 9.440 6.719 3.991 2.400 0.114 0.000 0.000 0.000 0.000 0.000 0.000 0.040 0.111 4.108 6.075 7.955 8.348 9.795
-999.250 -999.250 -999.250 -999.250 -999.250 -999.250 -999.250 -999.250 -999.250 -999.250 -999.250 -999.250 -999.250 -999.250 -999.250 -999.250 -999.250 -999.250 -999.250 -999.250 -999.250 -999.250 -999.250 -999.250 -999.250 -999.250 -999.250 -999.250 -999.250 -999.250 43.113 41.393 44.072 48.681 42.508 43.082 43.829 42.245 41.746 40.022 40.538 42.258 41.417 41.848 35.714 30.044 28.297 26.163 22.099 16.335 11.919 7.521 6.934 4.632 0.524 0.000 0.000 0.000 0.000 0.000 0.000 0.000 0.000 1.121 3.775 5.290 6.301 7.170 6.921
-999.250 -999.250 -999.250 -999.250 -999.250 -999.250 -999.250 -999.250 -999.250 -999.250 -999.250 -999.250 -999.250 -999.250 -999.250 -999.250 -999.250 -999.250 -999.250 -999.250 -999.250 -999.250 -999.250 -999.250 -999.250 -999.250 -999.250 -999.250 -999.250 -999.250 46.891 44.301 47.643 45.898 48.318 45.594 42.269 42.806 38.810 39.482 43.130 41.115 41.105 38.724 38.160 32.765 23.945 24.533 16.658 14.180 11.143 8.210 4.419 2.480 1.498 0.000 0.000 0.000 0.000 0.000 0.000 0.000 0.000 0.663 3.589 4.101 3.859 5.919 6.878
-999.250 -999.250 -999.250 -999.250 -999.250 -999.250 -999.250 -999.250 -999.250 -999.250 -999.250 -999.250 -999.250 -999.250 -999.250 -999.250 -999.250 -999.250 -999.250 -999.250 -999.250 -999.250 -999.250 -999.250 -999.250 -999.250 -999.250 -999.250 -999.250 45.619 50.620 48.018 49.643 48.210 45.427 46.343 46.222 41.732 40.424 40.979 42.014 44.245 37.701 36.474 31.691 26.208 20.833 17.882 14.025 11.349 11.441 8.501 6.890 5.656 0.000 0.000 0.000 0.000 0.000 0.000 0.000 0.000 0.000 0.000 1.467 3.178 2.686 3.897 4.190
-999.250 -999.250 -999.250 -999.250 -999.250 -999.250 -999.250 -999.250 -999.250 -999.250 -999.250 -999.250 -999.250 -999.250 -999.250 -999.250 -999.250 -999.250 -999.250 -999.250 -999.250 -999.250 -999.250 -999.250 -999.250 -999.250 -999.250 -999.250 -999.250 49.171 50.010 51.485 50.236 49.002 47.282 47.066 45.684 43.264 42.060 38.492 36.990 35.120 32.829 31.894 30.722 24.678 20.571 20.452 16.346 14.212 10.755 8.949 6.609 2.617 1.760 0.000 0.000 0.000 0.000 0.000 0.000 0.000 0.000 0.034 0.072 1.695 3.859 5.309 5.986
-999.250 -999.250 -999.250 -999.250 -999.250 -999.250 -999.250 -999.250 -999.250 -999.250 -999.250 -999.250 -999.250 -999.250 -999.250 -999.250 -999.250 -999.250 -999.250 -999.250 -999.250 -999.250 -999.250 -999.250 -999.250 -999.250 -999.250 -999.250 52.797 52.480 49.399 50.900 52.169 49.822 48.229 46.290 48.626 44.686 39.863 35.305 35.899 34.825 27.103 30.493 29.226 23.659 21.634 16.672 13.101 12.473 11.053 6.198 3.505 5.816 1.530 0.000 0.000 0.000 0.000 0.000 0.000 0.000 0.302 0.685 2.349 2.791 4.857 4.893 6.262
-999.250 -999.250 -999.250 -999.250 -999.250 -999.250 -999.250 -999.250 -999.250 -999.250 -999.250 -999.250 -999.250 -999.250 -999.250 -999.250 -999.250 -999.250 -999.250 -999.250 -999.250 -999.250 -999.250 -999.250 -999.250 -999.250 -999.250 -999.250 54.716 54.919 54.131 57.465 51.835 50.669 47.947 43.741 42.710 42.041 39.479 35.505 35.274 30.857 32.224 27.823 23.710 22.431 20.368 16.676 13.174 10.954 8.950 4.849 3.908 0.930 2.044 0.000 0.000 0.000 0.000 0.000 0.000 0.000 0.000 1.348 2.204 3.042 5.179 4.279 6.599
-999.250 -999.250 -999.250 -999.250 -999.250 -999.250 -999.250 -999.250 -999.250 -999.250 -999.250 -999.250 -999.250 -999.250 -999.250 -999.250 -999.250 -999.250 -999.250 -999.250 -999.250 -999.250 -999.250 -999.250 -999.250 -999.250 -999.250 52.258 51.085 55.425 64.709 61.766 55.934 50.524 48.347 44.681 44.255 41.826 37.428 35.608 32.388 30.430 30.959 22.572 22.116 19.971 17.634 15.942 12.919 8.831 7.591 6.167 2.237 0.237 0.083 0.000 0.000 0.115 0.000 0.000 1.665 0.475 1.748 2.536 3.056 3.619 5.635 4.864 7.537
-999.250 -999.250 -999.250 -999.250 -999.250 -999.250 -999.250 -999.250 -999.250 -999.250 -999.250 -999.250 -999.250 -999.250 -999.250 -999.250 -999.250 -999.250 -999.250 -999.250 -999.250 -999.250 -999.250 -999.250 -999.250 -999.250 -999.250 55.399 56.602 56.249 66.584 72.913 63.831 52.515 48.860 47.209 46.077 42.827 38.814 36.840 29.459 31.444 30.614 25.947 22.702 18.698 18.865 15.050 12.772 7.870 7.438 6.407 2.972 3.697 1.604 1.068 0.410 0.247 1.460 0.449 0.941 2.461 3.276 2.558 6.363 6.827 4.744 5.901 7.255
-999.250 -999.250 -999.250 -999.250 -999.250 -999.250 -999.250 -999.250 -999.250 -999.250 -999.250 -999.250 -999.250 -999.250 -999.250 -999.250 -999.250 -999.250 -999.250 -999.250 -999.250 -999.250 -999.250 -999.250 -999.250 -999.250 -999.250 -999.250 55.583 63.754 64.994 62.799 54.959 51.534 54.954 51.980 44.412 44.220 36.548 37.818 33.741 29.312 29.016 28.051 26.612 20.611 17.183 14.904 13.928 9.635 8.261 7.505 5.282 1.522 2.410 2.372 4.594 2.673 2.366 3.858 1.728 4.610 3.070 3.735 5.874 7.639 5.567 8.766 7.194
-999.250 -999.250 -999.250 -999.250 -999.250 -999.250 -999.250 -999.250 -999.250 -999.250 -999.250 -999.250 -999.250 -999.250 -999.250 -999.250 -999.250 -999.250 -999.250 -999.250 -999.250 -999.250 -999.250 -999.250 -999.250 -999.250 -999.250 -999.250 -999.250 -999.250 56.457 58.548 60.090 53.275 52.140 51.164 43.823 41.418 37.859 39.828 37.635 33.868 29.072 25.131 24.634 22.519 17.294 15.374 11.729 10.870 9.159 6.774 5.666 4.043 2.221 4.902 5.027 2.921 1.603 4.574 4.277 4.984 4.614 4.560 3.746 6.678 8.333 9.460 8.497
-999.250 -999.250 -999.250 -999.250 -999.250 -999.250 -999.250 -999.250 -999.250 -999.250 -999.250 -999.250 -999.250 -999.250 -999.250 -999.250 -999.250 -999.250 -999.250 -999.250 -999.250 -999.250 -999.250 -999.250 -999.250 -999.250 -999.250 -999.250 -999.250 -999.250 61.027 57.339 58.180 58.351 54.392 50.420 49.056 43.460 45.144 43.405 35.115 31.617 29.801 26.779 27.013 21.656 16.383 15.039 12.396 10.858 9.759 8.656 6.237 5.909 1.961 3.029 2.679 5.411 7.188 9.597 8.069 5.044 6.092 6.705 6.578 6.563 7.759 11.292 11.081
-999.250 -999.250 -999.250 -999.250 -999.250 -999.250 -999.250 -999.250 -999.250 -999.250 -999.250 -999.250 -999.250 -999.250 -999.250 -999.250 -999.250 -999.250 -999.250 -999.250 -999.250 -999.250 -999.250 -999.250 -999.250 -999.250 -999.250 -999.250 -999.250 -999.250 56.987 56.629 55.209 58.334 60.027 50.903 46.708 48.254 46.693 43.123 36.248 34.988 29.412 25.142 25.060 22.190 20.455 15.531 11.632 11.245 9.712 7.368 6.641 7.174 5.992 6.004 6.640 5.212 8.001 12.126 8.661 7.293 6.944 8.000 7.990 8.220 8.201 9.529 10.089
-999.250 -999.250 -999.250 -999.250 -999.250 -999.250 -999.250 -999.250 -999.250 -999.250 -999.250 -999.250 -999.250 -999.250 -999.250 -999.250 -999.250 -999.250 -999.250 -999.250 -999.250 -999.250 -999.250 -999.250 -999.250 -999.250 -999.250 -999.250 -999.250 -999.250 -999.250 58.631 58.472 62.423 57.523 50.992 51.346 49.203 43.186 44.651 42.428 37.745 30.441 29.719 24.366 20.764 18.310 16.520 12.265 8.942 7.060 6.297 7.317 6.365 6.153 5.043 4.013 5.676 6.657 8.157 8.944 7.154 5.407 7.963 8.319 9.061 11.284 10.338 12.600
-999.250 -999.250 -999.250 -999.250 -999.250 -999.250 -999.250 -999.250 -999.250 -999.250 -999.250 -999.250 -999.250 -999.250 -999.250 -999.250 -999.250 -999.250 -999.250 -999.250 -999.250 -999.250 -999.250 -999.250 -999.250 -999.250 -999.250 -999.250 -999.250 -999.250 56.912 63.600 59.709 57.154 54.538 50.749 52.440 50.279 47.695 44.846 44.612 39.565 31.663 33.408 25.053 24.484 17.024 15.736 12.086 10.238 8.100 8.706 8.232 5.248 4.389 4.127 2.405 3.282 5.735 5.561 7.022 7.288 5.970 9.825 9.951 11.306 9.499 9.540 14.338
-999.250 -999.250 -999.250 -999.250 -999.250 -999.250 -999.250 -999.250 -999.250 -999.250 -999.250 -999.250 -999.250 -999.250 -999.250 -999.250 -999.250 -999.250 -999.250 -999.250 -999.250 -999.250 -999.250 -999.250 -999.250 -999.250 -999.250 -999.250 -999.250 -999.250 -999.250 57.399 58.375 63.679 55.003 55.041 56.597 53.079 46.940 47.709 44.823 41.951 37.942 29.404 24.525 21.505 18.752 17.574 14.518 11.250 8.674 8.944 8.917 6.054 4.733 3.611 2.543 3.523 6.066 6.994 5.904 6.471 9.059 9.662 10.734 11.538 12.230 12.110 13.823
