data/medianmodel_14-Aug-2020.asc
ncols	141
nrows	288
xllcorner	-120191.398
yllcorner	-301404.813
cellsize	2000.000
NODATA_value	-999.250
[rows 30 to 59 of 288, columns 68 to 135 of 141]
0.000 0.000 0.000 0.000 0.000 0.000 0.000 0.000 0.000 0.000 0.000 0.000 0.000 0.000 0.071 0.566 0.011 2.063 0.488 0.880 1.589 1.346 0.621 2.119 2.514 3.754 3.769 3.785 2.760 0.909 2.983 4.723 6.869 7.136 11.058 13.175 18.676 20.975 26.682 30.757 36.533 36.861 35.405 36.144 33.647 30.886 25.166 23.314 18.184 17.593 14.756 11.765 9.361 7.232 4.572 1.650 1.275 0.000 0.000 0.000 0.000 0.653 4.090 5.000 6.537 8.237 8.494 10.600
0.000 0.000 0.000 0.000 0.000 0.000 0.000 0.000 0.000 0.000 0.000 0.000 0.000 0.565 0.337 0.011 1.923 1.751 0.650 1.199 0.345 0.699 0.290 0.091 1.570 2.066 0.553 1.276 1.689 0.693 2.359 4.871 5.128 7.364 10.194 16.745 20.164 22.640 30.218 37.603 39.225 38.384 39.817 34.006 31.286 31.934 28.510 24.043 22.261 18.285 15.284 12.082 9.742 6.154 4.837 0.611 0.288 0.000 0.000 0.000 0.114 4.238 5.392 6.078 7.399 10.158 10.522 11.469
0.286 0.000 0.000 0.000 0.000 0.000 0.000 0.000 0.000 0.000 0.000 0.446 0.699 2.316 0.853 2.074 2.112 1.826 0.321 0.080 0.256 0.159 0.000 0.000 0.133 0.000 0.000 0.000 0.000 0.361 1.960 3.215 5.351 6.994 8.863 15.171 19.544 26.131 31.131 38.236 41.057 40.650 39.169 35.674 32.531 31.371 25.983 24.091 19.696 16.757 14.746 12.686 8.668 5.551 5.384 3.782 1.806 0.485 0.425 1.152 2.872 4.791 5.883 7.066 10.684 12.541 14.525 13.743
0.922 0.000 0.000 0.000 0.000 0.000 0.000 0.000 0.000 0.000 0.071 1.284 1.943 4.091 3.553 2.104 1.711 1.217 0.104 0.000 0.000 0.000 0.000 0.000 0.000 0.000 0.000 0.000 0.000 0.000 0.000 1.640 4.346 5.286 9.385 13.469 18.346 25.357 33.217 40.048 48.223 43.630 39.020 35.558 32.899 31.122 27.128 20.597 18.777 14.091 13.415 9.574 7.099 6.198 4.772 3.102 2.249 0.716 0.643 3.450 3.567 4.699 7.745 9.122 11.926 15.168 17.522 19.233
1.516 0.039 0.000 0.000 0.000 0.000 0.000 0.000 0.000 0.000 0.942 2.513 3.540 6.244 4.386 3.709 2.336 1.282 0.563 0.000 0.000 0.000 0.000 0.000 0.000 0.000 0.000 0.000 0.000 0.000 0.000 0.887 3.832 4.283 9.211 13.802 17.669 24.188 29.335 35.415 37.999 37.057 35.291 30.426 29.902 24.297 23.793 21.468 17.196 16.107 11.071 8.105 6.943 6.491 4.518 2.329 1.035 1.296 1.748 4.660 4.684 5.847 8.902 13.251 15.636 20.454 21.817 22.358
2.217 0.000 0.000 0.000 0.000 0.000 0.000 0.000 0.000 0.017 0.567 2.034 5.443 8.361 5.774 3.594 2.328 1.129 0.000 0.000 0.000 0.000 0.000 0.000 0.000 0.000 0.000 0.000 0.000 0.000 0.000 0.000 1.300 3.953 8.609 11.901 14.756 21.397 23.478 29.468 29.442 33.446 32.288 26.288 27.319 24.441 19.206 18.750 18.753 13.418 8.335 8.946 5.882 4.291 3.266 2.460 1.197 1.234 2.942 5.220 6.839 7.198 9.680 13.550 19.581 21.496 29.283 25.406
2.416 0.418 0.000 0.000 0.000 0.000 0.000 0.000 0.622 0.406 1.168 1.765 4.183 4.667 4.526 3.044 1.177 0.000 0.000 0.000 0.000 0.000 0.000 0.000 0.000 0.000 0.000 0.000 0.000 0.000 0.000 0.000 0.731 4.308 7.102 9.917 13.404 19.528 20.572 24.497 25.715 24.506 25.346 23.782 24.039 20.390 19.330 15.203 11.849 8.908 8.258 7.111 5.161 2.861 4.124 2.659 0.402 2.294 3.267 5.811 5.532 7.264 11.044 15.605 17.695 19.328 23.480 24.824
2.263 1.133 1.254 0.639 0.000 0.000 0.000 0.000 1.380 0.744 2.144 2.603 2.888 3.478 3.022 1.228 0.685 0.000 0.000 0.000 0.000 0.000 0.000 0.000 0.000 0.000 0.000 0.000 0.000 0.000 0.000 0.000 0.300 2.813 5.245 7.872 9.633 12.738 16.325 19.134 19.579 19.524 18.438 18.326 19.029 16.533 14.996 11.781 10.270 7.761 7.437 6.651 3.387 3.296 2.946 1.093 1.082 3.100 3.795 5.366 7.498 7.205 9.208 14.781 17.533 18.888 20.975 23.209
4.505 2.993 1.755 0.445 0.000 0.000 0.000 0.000 0.503 0.752 1.760 2.768 1.035 2.927 1.548 1.092 0.039 0.000 0.000 0.000 0.000 0.000 0.000 0.000 0.000 0.000 0.000 0.000 0.000 0.000 0.000 0.000 0.525 1.493 4.128 5.810 7.634 10.167 12.790 13.499 15.794 15.696 17.662 15.213 12.987 12.981 11.897 11.983 9.877 8.396 7.835 5.792 4.027 3.405 2.351 1.783 2.256 4.242 3.631 4.911 6.058 8.591 10.483 12.065 15.513 18.302 18.964 19.925
6.320 5.147 3.707 2.668 0.696 0.139 0.000 0.000 0.000 0.436 0.956 1.411 1.485 1.127 0.204 0.000 0.000 0.000 0.000 0.000 0.000 0.000 0.000 0.000 0.000 0.000 0.000 0.000 0.000 0.000 0.000 0.000 0.510 3.051 4.261 5.713 6.559 8.445 8.963 8.376 9.696 10.430 10.231 10.536 9.093 8.628 9.568 8.314 6.102 6.449 5.744 3.951 2.921 2.190 1.042 0.736 1.533 3.830 3.602 5.200 5.552 8.595 10.584 10.495 13.487 17.549 20.528 21.237
7.952 6.272 5.626 3.061 1.293 0.051 0.000 0.000 0.000 0.000 0.000 0.000 0.099 0.000 0.000 0.000 0.000 0.000 0.000 0.000 0.000 0.000 0.000 0.000 0.000 0.000 0.000 0.000 0.000 0.000 0.000 0.000 0.770 2.016 3.429 4.685 6.110 6.519 6.248 6.685 7.574 8.128 8.182 6.352 6.557 6.771 6.123 5.798 4.504 4.173 5.219 2.334 2.357 0.472 0.918 1.282 1.417 1.335 3.243 3.659 6.351 9.247 11.840 12.631 13.800 16.817 20.628 -999.250
10.531 8.580 7.109 4.870 3.297 2.003 0.141 0.000 0.000 0.000 0.000 0.000 0.000 0.000 0.000 0.000 0.000 0.000 0.000 0.000 0.000 0.000 0.000 0.000 0.000 0.000 0.000 0.000 0.000 0.331 1.129 0.737 1.687 1.911 3.770 3.976 5.531 5.257 4.010 4.442 6.009 5.052 5.642 5.283 5.540 4.005 3.654 1.641 1.796 1.773 2.316 0.822 0.609 2.505 0.000 0.194 0.180 1.250 3.871 3.677 5.800 7.551 9.732 11.117 15.768 16.161 20.113 18.927
11.481 8.446 8.756 6.772 4.172 2.175 0.377 0.000 0.000 0.000 0.000 0.000 0.000 0.000 0.000 0.000 0.000 0.000 0.000 0.000 0.000 0.000 0.000 0.000 0.000 0.000 0.000 0.158 1.362 1.698 2.585 3.560 2.317 3.152 4.726 4.101 2.857 3.643 3.718 1.825 2.441 1.148 2.762 2.495 2.807 1.701 0.616 0.108 0.000 0.000 0.000 0.040 0.000 0.000 0.001 0.000 0.201 1.740 3.328 4.505 5.525 7.581 9.052 12.250 -999.250 -999.250 -999.250 -999.250
11.023 10.181 9.406 9.248 6.671 2.928 1.623 0.000 0.000 0.000 0.000 0.000 0.000 0.000 0.000 0.004 0.000 0.313 0.024 0.000 0.339 0.000 0.220 0.000 0.000 0.000 0.000 0.646 1.758 1.924 3.259 3.830 3.974 4.794 5.147 4.370 2.646 3.034 1.748 0.491 0.000 0.000 0.000 0.000 0.000 0.000 0.000 0.000 0.000 0.000 0.000 0.000 0.000 0.000 0.000 0.000 1.382 2.478 2.549 5.010 6.386 7.846 9.872 11.229 13.331 -999.250 -999.250 -999.250
12.290 12.364 11.915 9.812 7.776 6.943 3.382 0.980 0.000 0.000 0.000 0.000 0.000 0.000 0.000 0.000 0.169 0.474 0.765 1.448 1.699 2.574 1.149 0.668 0.000 0.000 0.339 1.266 2.727 2.315 4.929 5.282 6.668 7.120 6.665 4.982 2.946 2.637 1.408 0.000 0.000 0.000 0.000 0.000 0.000 0.000 0.000 0.000 0.000 0.000 0.000 0.000 0.000 0.000 0.000 0.000 0.080 1.704 3.149 4.036 6.574 8.919 9.223 -999.250 -999.250 -999.250 -999.250 -999.250
15.650 14.822 12.898 12.166 11.997 8.076 6.744 2.796 0.000 0.000 0.000 0.000 0.000 0.000 0.000 0.000 0.000 2.271 2.241 3.058 3.497 2.750 2.608 1.673 0.055 0.000 0.167 2.090 2.002 2.326 6.004 7.046 8.121 8.336 8.154 7.074 5.564 1.412 0.282 0.000 0.000 0.000 0.000 0.000 0.000 0.000 0.000 0.000 0.000 0.000 0.000 0.000 0.000 0.000 0.000 0.000 0.121 1.295 2.061 5.302 6.383 7.761 8.167 -999.250 -999.250 -999.250 -999.250 -999.250
18.377 18.660 17.360 16.417 16.556 13.442 8.561 5.975 2.002 0.000 0.000 0.000 0.000 0.000 0.000 0.000 0.496 1.297 3.439 4.971 5.873 5.540 3.117 1.325 0.000 0.000 0.000 0.584 1.214 4.257 6.299 8.007 9.862 10.664 9.603 7.924 5.313 1.750 0.190 0.000 0.000 0.000 0.000 0.000 0.000 0.000 0.000 0.000 0.000 0.000 0.000 0.000 0.000 0.000 0.000 0.000 0.137 0.068 3.354 4.824 5.712 6.500 -999.250 -999.250 -999.250 -999.250 -999.250 -999.250
21.162 23.009 20.012 21.535 21.335 19.553 15.129 10.705 7.236 3.034 0.219 0.000 0.000 0.000 0.000 0.000 0.423 1.953 3.187 6.280 9.412 5.233 3.710 1.365 0.000 0.000 0.072 0.431 0.759 3.545 5.916 7.814 11.442 16.545 10.632 7.202 4.529 2.275 0.000 0.000 0.000 0.000 0.000 0.000 0.000 0.000 0.000 0.000 0.000 0.000 0.000 0.000 0.000 0.000 0.000 0.000 0.370 2.562 3.439 4.822 -999.250 -999.250 -999.250 -999.250 -999.250 -999.250 -999.250 -999.250
26.760 26.119 26.197 25.120 25.157 23.582 20.478 16.823 10.773 7.637 3.854 1.464 0.000 0.000 0.000 0.000 0.000 2.193 2.533 4.582 5.783 4.631 2.293 0.939 0.000 0.000 0.000 0.000 0.613 3.223 4.245 6.844 7.456 9.920 8.144 5.653 4.198 2.855 0.000 0.000 0.000 0.000 0.000 0.000 0.000 0.000 0.000 0.000 0.000 0.000 0.000 0.000 0.000 0.000 0.000 0.388 0.771 2.931 4.824 5.297 -999.250 -999.250 -999.250 -999.250 -999.250 -999.250 -999.250 -999.250
36.439 34.738 32.139 31.919 32.583 31.887 28.863 22.932 16.256 11.333 6.192 1.912 0.000 0.000 0.000 0.000 0.000 0.059 0.737 1.251 2.049 1.956 1.332 0.131 0.000 0.000 0.000 0.000 0.000 0.680 4.032 4.566 6.271 6.284 6.286 4.677 3.488 0.640 0.000 0.000 0.000 0.000 0.000 0.000 0.000 0.000 0.000 0.000 0.000 0.000 0.000 0.000 0.000 0.000 0.000 -999.250 4.010 4.886 -999.250 -999.250 -999.250 -999.250 -999.250 -999.250 -999.250 -999.250 -999.250 -999.250
41.777 38.237 33.966 34.235 36.120 37.732 36.732 29.176 19.803 12.869 7.232 3.701 0.000 0.000 0.000 0.000 0.000 0.000 0.000 0.435 1.098 0.649 0.133 0.000 0.000 0.000 0.000 0.000 0.000 0.361 2.149 3.072 3.011 3.333 3.862 2.121 0.471 0.000 0.000 0.000 0.000 0.000 0.000 0.000 0.000 0.000 0.000 0.000 0.000 0.000 0.000 0.000 0.000 -999.250 -999.250 -999.250 -999.250 -999.250 -999.250 -999.250 -999.250 -999.250 -999.250 -999.250 -999.250 -999.250 -999.250 -999.250
43.435 40.721 32.429 29.860 32.652 38.812 39.159 34.357 20.422 12.280 6.889 3.251 0.173 0.000 0.000 0.000 0.000 0.000 0.000 0.000 0.155 0.000 0.000 0.000 0.000 0.000 0.000 0.000 0.000 0.000 0.000 0.907 0.877 1.870 1.663 0.211 0.000 0.000 0.000 0.000 0.000 0.000 0.000 0.000 0.000 0.000 0.000 0.000 0.000 0.000 0.000 0.000 -999.250 -999.250 -999.250 -999.250 -999.250 -999.250 -999.250 -999.250 -999.250 -999.250 -999.250 -999.250 -999.250 -999.250 -999.250 -999.250
43.923 36.170 24.742 20.050 23.128 29.664 45.461 28.208 17.803 9.617 5.516 1.985 0.000 0.000 0.000 0.000 0.000 0.000 0.000 0.000 0.000 0.000 0.000 0.000 0.000 0.000 0.000 0.000 0.000 0.000 0.000 0.000 0.060 0.000 0.000 0.000 0.000 0.000 0.000 0.000 0.000 0.000 0.000 0.000 0.000 0.000 0.000 0.000 0.000 0.000 0.000 0.000 -999.250 -999.250 -999.250 -999.250 -999.250 -999.250 -999.250 -999.250 -999.250 -999.250 -999.250 -999.250 -999.250 -999.250 -999.250 -999.250
51.607 31.952 13.737 8.940 10.095 11.772 6.340 11.180 9.094 5.897 3.445 0.060 0.000 0.000 0.000 0.000 0.000 0.000 0.000 0.000 0.000 0.000 0.000 0.000 0.000 0.000 0.000 0.000 0.000 0.000 0.000 0.000 0.000 0.000 0.000 0.000 0.000 0.000 0.000 0.000 0.000 0.000 0.000 0.000 0.000 0.000 0.000 0.000 0.000 0.000 0.000 -999.250 -999.250 -999.250 -999.250 -999.250 -999.250 -999.250 -999.250 -999.250 -999.250 -999.250 -999.250 -999.250 -999.250 -999.250 -999.250 -999.250
49.665 21.889 0.000 0.000 0.459 1.645 0.000 2.184 2.995 0.942 0.000 0.000 0.000 0.000 0.000 0.000 0.000 0.000 0.000 0.000 0.000 0.000 0.000 0.000 0.000 0.000 0.000 0.000 0.000 0.000 0.000 0.000 0.000 0.000 0.000 0.000 0.000 0.000 0.000 0.000 0.000 0.000 0.000 0.000 0.000 0.000 0.000 0.000 0.000 0.000 -999.250 -999.250 -999.250 -999.250 -999.250 -999.250 -999.250 -999.250 -999.250 -999.250 -999.250 -999.250 -999.250 -999.250 -999.250 -999.250 -999.250 -999.250
46.151 17.095 1.046 0.000 0.000 0.000 0.000 0.000 0.000 0.000 0.000 0.000 0.000 0.000 0.000 0.000 0.000 0.000 0.000 0.000 0.000 0.000 0.000 0.000 0.000 0.000 0.000 0.000 0.000 0.000 0.000 0.000 0.000 0.000 0.000 0.000 0.000 0.000 0.000 0.000 0.000 0.000 0.000 0.000 0.000 0.000 0.000 0.000 0.000 0.000 -999.250 -999.250 -999.250 -999.250 -999.250 -999.250 -999.250 -999.250 -999.250 -999.250 -999.250 -999.250 -999.250 -999.250 -999.250 -999.250 -999.250 -999.250
31.637 9.065 0.315 0.000 0.000 0.000 0.000 0.000 0.000 0.000 0.000 0.000 0.000 0.000 0.000 0.000 0.000 0.000 0.000 0.000 0.000 0.000 0.000 0.000 0.000 0.000 0.000 0.000 0.000 0.000 0.000 0.000 0.000 0.000 0.000 0.000 0.000 0.000 0.000 0.000 0.000 0.000 0.000 0.000 0.000 0.000 0.000 0.000 0.000 -999.250 -999.250 -999.250 -999.250 -999.250 -999.250 -999.250 -999.250 -999.250 -999.250 -999.250 -999.250 -999.250 -999.250 -999.250 -999.250 -999.250 -999.250 -999.250
9.865 2.412 0.000 0.000 0.000 4.017 0.949 0.000 0.000 0.000 0.000 0.000 0.000 0.000 0.000 0.000 0.000 0.000 0.000 0.000 0.000 0.000 0.000 0.000 0.000 0.000 0.000 0.000 0.000 0.000 0.000 0.000 0.000 0.000 0.000 0.000 0.000 0.000 0.000 0.000 0.000 0.000 0.000 0.000 0.000 0.000 0.000 0.000 0.000 -999.250 -999.250 -999.250 -999.250 -999.250 -999.250 -999.250 -999.250 -999.250 -999.250 -999.250 -999.250 -999.250 -999.250 -999.250 -999.250 -999.250 -999.250 -999.250
7.522 0.042 0.000 0.000 0.000 0.673 0.000 0.000 0.000 0.000 0.000 0.000 0.000 0.000 0.000 0.000 0.000 0.000 0.000 0.000 0.000 0.000 0.000 0.000 0.000 0.000 0.000 0.000 0.000 0.000 0.000 0.000 0.000 0.000 0.000 0.000 0.000 0.000 0.000 0.000 0.000 0.000 0.000 0.000 0.000 0.000 0.000 0.000 0.000 -999.250 -999.250 -999.250 -999.250 -999.250 -999.250 -999.250 -999.250 -999.250 -999.250 -999.250 -999.250 -999.250 -999.250 -999.250 -999.250 -999.250 -999.250 -999.250
5.853 0.000 0.000 0.000 0.000 0.000 0.000 0.000 0.000 0.000 0.000 0.000 0.000 0.000 0.000 0.000 0.000 0.000 0.000 0.000 0.000 0.000 0.000 0.000 0.000 0.000 0.000 0.000 0.000 0.000 0.000 0.000 0.000 0.000 0.000 0.000 0.000 0.000 0.000 0.000 0.000 0.000 0.000 0.000 0.000 0.000 0.000 0.000 -999.250 -999.250 -999.250 -999.250 -999.250 -999.250 -999.250 -999.250 -999.250 -999.250 -999.250 -999.250 -999.250 -999.250 -999.250 -999.250 -999.250 -999.250 -999.250 -999.250
