data/medianmodel_18-Aug-2020.asc
ncols	141
nrows	288
xllcorner	-120191.398
yllcorner	-301404.813
cellsize	2000.000
NODATA_value	-999.250
[rows 31 to 61 of 288, columns 0 to 68 of 141]
-999.250 -999.250 -999.250 -999.250 -999.250 -999.250 -999.250 -999.250 -999.250 -999.250 -999.250 -999.250 -999.250 -999.250 -999.250 -999.250 -999.250 -999.250 -999.250 -999.250 -999.250 -999.250 -999.250 -999.250 -999.250 -999.250 -999.250 -999.250 -999.250 -999.250 -999.250 -999.250 12.005 9.713 8.032 7.008 6.241 5.109 4.414 5.495 5.916 6.044 5.085 4.865 6.408 7.091 8.892 10.908 13.838 14.908 17.439 17.901 19.702 22.689 27.908 17.921 11.639 7.588 5.053 0.838 0.000 0.000 0.000 0.000 0.000 0.000 0.000 0.000 0.000
-999.250 -999.250 -999.250 -999.250 -999.250 -999.250 -999.250 -999.250 -999.250 -999.250 -999.250 -999.250 -999.250 -999.250 -999.250 -999.250 -999.250 -999.250 -999.250 -999.250 -999.250 -999.250 -999.250 -999.250 -999.250 -999.250 -999.250 -999.250 -999.250 -999.250 -999.250 -999.250 17.660 14.930 12.938 12.551 10.358 9.688 10.053 11.286 12.729 10.339 8.761 8.146 8.105 8.397 10.944 13.528 15.662 16.020 15.470 16.899 16.627 19.388 19.817 16.885 12.389 8.868 5.869 3.220 0.598 0.000 0.000 0.000 0.000 0.000 0.000 0.000 0.000
-999.250 -999.250 -999.250 -999.250 -999.250 -999.250 -999.250 -999.250 -999.250 -999.250 -999.250 -999.250 -999.250 -999.250 -999.250 -999.250 -999.250 -999.250 -999.250 -999.250 -999.250 -999.250 -999.250 -999.250 -999.250 -999.250 -999.250 -999.250 -999.250 -999.250 -999.250 -999.250 26.268 26.334 20.654 18.496 17.080 15.876 17.891 17.836 23.238 15.496 11.808 10.720 10.008 9.662 12.295 15.017 22.444 16.119 15.397 14.193 15.396 16.196 14.398 12.814 10.139 8.655 6.413 4.380 3.030 1.420 0.000 0.180 0.544 0.000 0.000 0.000 0.000
-999.250 -999.250 -999.250 -999.250 -999.250 -999.250 -999.250 -999.250 -999.250 -999.250 -999.250 -999.250 -999.250 -999.250 -999.250 -999.250 -999.250 -999.250 -999.250 -999.250 -999.250 -999.250 -999.250 -999.250 -999.250 -999.250 -999.250 -999.250 -999.250 -999.250 -999.250 -999.250 32.796 30.663 29.204 27.180 26.221 25.383 24.764 25.444 23.779 20.040 15.885 13.229 12.252 11.521 11.898 13.140 14.081 13.926 12.516 11.818 11.495 12.522 11.307 10.999 9.591 8.332 7.373 5.475 4.886 4.847 3.672 3.423 6.399 1.565 0.000 0.000 0.000
-999.250 -999.250 -999.250 -999.250 -999.250 -999.250 -999.250 -999.250 -999.250 -999.250 -999.250 -999.250 -999.250 -999.250 -999.250 -999.250 -999.250 -999.250 -999.250 -999.250 -999.250 -999.250 -999.250 -999.250 -999.250 -999.250 -999.250 -999.250 -999.250 -999.250 -999.250 -999.250 44.653 43.693 38.120 41.200 36.975 34.739 32.608 30.863 28.069 25.127 20.790 17.525 13.902 11.753 11.279 10.541 11.665 9.977 10.021 10.321 9.518 10.000 9.651 9.369 9.230 8.430 7.401 7.789 6.943 6.178 4.423 4.407 4.140 2.920 0.218 0.000 0.000
-999.250 -999.250 -999.250 -999.250 -999.250 -999.250 -999.250 -999.250 -999.250 -999.250 -999.250 -999.250 -999.250 -999.250 -999.250 -999.250 -999.250 -999.250 -999.250 -999.250 -999.250 -999.250 -999.250 -999.250 -999.250 -999.250 -999.250 -999.250 -999.250 -999.250 -999.250 -999.250 54.469 53.246 52.108 52.494 48.363 45.931 44.431 40.753 33.817 29.505 25.593 20.686 16.822 13.548 11.440 8.567 8.665 8.191 7.189 7.140 7.888 8.443 8.079 8.833 8.531 9.528 9.489 8.747 9.122 7.873 8.057 7.586 5.394 3.762 1.406 0.000 0.000
-999.250 -999.250 -999.250 -999.250 -999.250 -999.250 -999.250 -999.250 -999.250 -999.250 -999.250 -999.250 -999.250 -999.250 -999.250 -999.250 -999.250 -999.250 -999.250 -999.250 -999.250 -999.250 -999.250 -999.250 -999.250 -999.250 -999.250 -999.250 -999.250 -999.250 -999.250 -999.250 -999.250 68.983 64.545 66.399 61.205 57.309 51.428 47.932 43.689 36.701 31.788 26.591 20.879 16.075 12.452 9.228 7.429 6.777 6.160 7.322 7.494 7.640 6.256 7.072 8.218 9.461 11.948 11.332 9.133 9.487 8.549 9.466 8.055 5.992 3.993 0.641 0.000
-999.250 -999.250 -999.250 -999.250 -999.250 -999.250 -999.250 -999.250 -999.250 -999.250 -999.250 -999.250 -999.250 -999.250 -999.250 -999.250 -999.250 -999.250 -999.250 -999.250 -999.250 -999.250 -999.250 -999.250 -999.250 -999.250 -999.250 -999.250 -999.250 -999.250 -999.250 -999.250 -999.250 76.494 77.089 77.417 75.643 73.108 66.790 57.983 50.658 44.717 37.184 30.380 24.603 15.976 12.651 7.645 5.204 4.279 5.098 6.654 7.448 6.643 6.101 6.271 7.652 10.904 18.727 12.782 11.909 12.115 13.458 12.147 10.973 8.110 5.730 3.748 1.525
-999.250 -999.250 -999.250 -999.250 -999.250 -999.250 -999.250 -999.250 -999.250 -999.250 -999.250 -999.250 -999.250 -999.250 -999.250 -999.250 -999.250 -999.250 -999.250 -999.250 -999.250 -999.250 -999.250 -999.250 -999.250 -999.250 -999.250 -999.250 -999.250 -999.250 -999.250 -999.250 94.802 94.344 95.542 95.548 92.335 88.257 78.728 72.871 61.756 53.924 45.158 34.388 28.646 20.227 11.817 6.909 3.645 1.110 2.454 4.795 10.505 5.158 2.667 4.458 5.949 8.495 10.636 11.280 11.339 12.951 15.462 16.972 13.982 10.607 8.204 6.194 3.919
-999.250 -999.250 -999.250 -999.250 -999.250 -999.250 -999.250 -999.250 -999.250 -999.250 -999.250 -999.250 -999.250 -999.250 -999.250 -999.250 -999.250 -999.250 -999.250 -999.250 -999.250 -999.250 -999.250 -999.250 -999.250 -999.250 -999.250 -999.250 -999.250 -999.250 -999.250 -999.250 110.361 114.905 125.278 120.233 116.845 106.629 90.596 78.582 71.479 58.106 49.080 44.805 35.385 24.595 12.381 6.611 0.869 0.000 0.000 1.044 3.021 1.319 0.174 0.972 3.662 4.947 7.335 9.228 10.134 13.639 17.790 26.261 17.132 12.913 10.669 8.991 5.943
-999.250 -999.250 -999.250 -999.250 -999.250 -999.250 -999.250 -999.250 -999.250 -999.250 -999.250 -999.250 -999.250 -999.250 -999.250 -999.250 -999.250 -999.250 -999.250 -999.250 -999.250 -999.250 -999.250 -999.250 -999.250 -999.250 -999.250 -999.250 -999.250 -999.250 -999.250 -999.250 -999.250 141.118 136.978 140.005 136.151 132.506 120.808 95.493 78.389 69.024 58.019 49.833 45.566 26.818 12.517 4.582 0.000 0.000 0.000 0.000 0.000 0.000 0.000 0.000 0.831 1.473 5.167 6.653 8.911 11.457 14.346 17.181 14.955 13.573 12.226 14.397 7.366
-999.250 -999.250 -999.250 -999.250 -999.250 -999.250 -999.250 -999.250 -999.250 -999.250 -999.250 -999.250 -999.250 -999.250 -999.250 -999.250 -999.250 -999.250 -999.250 -999.250 -999.250 -999.250 -999.250 -999.250 -999.250 -999.250 -999.250 -999.250 -999.250 -999.250 -999.250 -999.250 -999.250 151.094 155.874 152.849 151.375 142.960 128.383 113.266 92.917 74.151 61.845 54.208 44.309 27.466 12.403 3.394 0.000 0.000 0.000 0.000 0.000 0.000 0.000 0.000 0.000 0.872 2.880 5.421 7.401 9.125 10.486 13.171 12.066 10.688 10.736 9.555 8.196
-999.250 -999.250 -999.250 -999.250 -999.250 -999.250 -999.250 -999.250 -999.250 -999.250 -999.250 -999.250 -999.250 -999.250 -999.250 -999.250 -999.250 -999.250 -999.250 -999.250 -999.250 -999.250 -999.250 -999.250 -999.250 -999.250 -999.250 -999.250 -999.250 -999.250 -999.250 -999.250 -999.250 156.065 165.386 171.306 163.753 151.267 134.277 111.714 93.288 78.714 70.818 59.031 46.550 28.019 12.511 2.939 2.198 3.874 3.377 2.953 0.000 0.000 0.000 0.000 0.000 3.545 0.970 3.111 5.374 6.533 8.263 9.948 9.611 9.070 9.117 7.887 7.242
-999.250 -999.250 -999.250 -999.250 -999.250 -999.250 -999.250 -999.250 -999.250 -999.250 -999.250 -999.250 -999.250 -999.250 -999.250 -999.250 -999.250 -999.250 -999.250 -999.250 -999.250 -999.250 -999.250 -999.250 -999.250 -999.250 -999.250 -999.250 -999.250 -999.250 -999.250 -999.250 -999.250 -999.250 179.538 205.259 169.444 150.289 135.120 113.376 86.592 79.149 74.111 67.686 48.984 31.397 17.825 11.078 9.073 11.338 12.538 10.835 7.576 5.034 3.330 0.056 0.118 0.000 0.000 1.344 3.685 5.344 6.376 8.050 8.731 8.831 8.668 8.604 7.114
-999.250 -999.250 -999.250 -999.250 -999.250 -999.250 -999.250 -999.250 -999.250 -999.250 -999.250 -999.250 -999.250 -999.250 -999.250 -999.250 -999.250 -999.250 -999.250 -999.250 -999.250 -999.250 -999.250 -999.250 -999.250 -999.250 -999.250 -999.250 -999.250 -999.250 -999.250 -999.250 -999.250 -999.250 163.751 168.554 157.614 142.600 120.947 97.813 84.609 78.450 76.496 80.691 51.957 34.221 23.960 18.544 18.344 25.471 27.498 22.763 16.281 11.776 7.623 4.404 1.932 0.000 0.000 0.000 0.496 3.827 6.057 6.992 8.861 9.040 9.007 8.687 8.454
-999.250 -999.250 -999.250 -999.250 -999.250 -999.250 -999.250 -999.250 -999.250 -999.250 -999.250 -999.250 -999.250 -999.250 -999.250 -999.250 -999.250 -999.250 -999.250 -999.250 -999.250 -999.250 -999.250 -999.250 -999.250 -999.250 -999.250 -999.250 -999.250 -999.250 -999.250 -999.250 -999.250 -999.250 146.223 148.654 141.487 119.661 106.906 86.736 75.555 69.518 65.006 58.945 46.347 32.214 25.473 23.704 25.917 36.153 49.358 32.332 24.678 18.151 13.736 9.256 4.580 1.052 0.259 0.000 0.000 2.007 5.510 6.662 8.237 9.548 10.238 11.232 10.247
-999.250 -999.250 -999.250 -999.250 -999.250 -999.250 -999.250 -999.250 -999.250 -999.250 -999.250 -999.250 -999.250 -999.250 -999.250 -999.250 -999.250 -999.250 -999.250 -999.250 -999.250 -999.250 -999.250 -999.250 -999.250 -999.250 -999.250 -999.250 -999.250 -999.250 -999.250 -999.250 -999.250 -999.250 124.848 119.190 110.080 98.124 81.579 71.268 60.019 54.404 48.395 44.114 34.106 27.956 25.683 26.456 28.929 37.511 39.783 32.365 25.475 22.055 23.527 11.720 6.316 1.749 0.000 0.000 0.246 3.395 6.212 8.553 9.169 11.041 11.802 13.371 13.437
-999.250 -999.250 -999.250 -999.250 -999.250 -999.250 -999.250 -999.250 -999.250 -999.250 -999.250 -999.250 -999.250 -999.250 -999.250 -999.250 -999.250 -999.250 -999.250 -999.250 -999.250 -999.250 -999.250 -999.250 -999.250 -999.250 -999.250 -999.250 -999.250 -999.250 -999.250 -999.250 -999.250 -999.250 -999.250 89.133 82.290 73.351 60.919 48.412 43.918 36.785 32.080 27.577 26.097 23.820 24.171 25.705 28.262 32.173 32.119 27.894 25.046 21.298 16.366 10.627 6.094 2.361 0.114 0.000 0.061 5.149 11.280 10.979 12.459 13.578 14.864 16.155 17.106
-999.250 -999.250 -999.250 -999.250 -999.250 -999.250 -999.250 -999.250 -999.250 -999.250 -999.250 -999.250 -999.250 -999.250 -999.250 -999.250 -999.250 -999.250 -999.250 -999.250 -999.250 -999.250 -999.250 -999.250 -999.250 -999.250 -999.250 -999.250 -999.250 -999.250 -999.250 -999.250 -999.250 -999.250 -999.250 74.406 60.863 49.239 38.250 28.196 23.904 20.504 19.073 18.759 16.200 16.749 19.829 20.633 24.771 26.463 25.915 25.003 22.735 17.121 14.124 8.869 5.620 1.642 0.000 0.000 1.949 5.783 10.015 13.058 15.077 18.134 19.067 19.853 19.867
-999.250 -999.250 -999.250 -999.250 -999.250 -999.250 -999.250 -999.250 -999.250 -999.250 -999.250 -999.250 -999.250 -999.250 -999.250 -999.250 -999.250 -999.250 -999.250 -999.250 -999.250 -999.250 -999.250 -999.250 -999.250 -999.250 -999.250 -999.250 -999.250 -999.250 -999.250 -999.250 -999.250 -999.250 -999.250 51.453 44.611 32.004 20.383 10.074 8.954 9.392 9.945 10.116 10.201 11.048 13.627 16.220 19.482 21.169 22.115 20.817 20.538 16.919 13.201 8.799 5.393 2.167 0.000 0.081 3.091 6.417 10.919 16.055 20.329 24.110 23.094 23.837 24.623
-999.250 -999.250 -999.250 -999.250 -999.250 -999.250 -999.250 -999.250 -999.250 -999.250 -999.250 -999.250 -999.250 -999.250 -999.250 -999.250 -999.250 -999.250 -999.250 -999.250 -999.250 -999.250 -999.250 -999.250 -999.250 -999.250 -999.250 -999.250 -999.250 -999.250 -999.250 -999.250 -999.250 -999.250 -999.250 42.236 28.856 20.461 13.686 6.090 3.648 4.873 8.210 5.782 6.130 7.805 9.172 12.160 14.143 15.830 16.643 18.095 17.548 16.186 12.897 9.087 5.707 0.975 0.142 0.000 4.735 8.621 14.917 21.946 26.700 27.679 28.068 27.592 25.563
-999.250 -999.250 -999.250 -999.250 -999.250 -999.250 -999.250 -999.250 -999.250 -999.250 -999.250 -999.250 -999.250 -999.250 -999.250 -999.250 -999.250 -999.250 -999.250 -999.250 -999.250 -999.250 -999.250 -999.250 -999.250 -999.250 -999.250 -999.250 -999.250 -999.250 -999.250 -999.250 -999.250 -999.250 -999.250 33.996 25.545 18.599 13.455 9.891 6.471 5.060 4.666 3.798 4.335 5.159 6.413 8.671 10.927 17.428 16.221 18.786 20.134 18.030 13.897 8.977 5.227 1.686 0.911 2.689 6.417 10.948 19.643 26.823 33.624 38.794 38.677 33.321 27.037
-999.250 -999.250 -999.250 -999.250 -999.250 -999.250 -999.250 -999.250 -999.250 -999.250 -999.250 -999.250 -999.250 -999.250 -999.250 -999.250 -999.250 -999.250 -999.250 -999.250 -999.250 -999.250 -999.250 -999.250 -999.250 -999.250 -999.250 -999.250 -999.250 -999.250 -999.250 -999.250 -999.250 -999.250 -999.250 -999.250 26.502 23.003 22.776 21.563 15.327 8.925 6.492 4.621 1.355 1.765 3.262 5.452 9.655 12.695 16.702 20.375 28.665 19.462 14.125 10.029 6.256 3.280 1.747 5.826 8.509 14.058 24.116 30.871 42.095 48.791 47.976 41.512 27.959
-999.250 -999.250 -999.250 -999.250 -999.250 -999.250 -999.250 -999.250 -999.250 -999.250 -999.250 -999.250 -999.250 -999.250 -999.250 -999.250 -999.250 -999.250 -999.250 -999.250 -999.250 -999.250 -999.250 -999.250 -999.250 -999.250 -999.250 -999.250 -999.250 -999.250 -999.250 -999.250 -999.250 -999.250 -999.250 -999.250 26.728 28.210 31.304 42.012 23.974 12.451 8.021 8.434 3.330 1.645 2.949 5.885 9.566 13.453 17.091 21.699 24.046 19.818 15.351 10.301 7.486 4.304 2.864 5.397 9.674 16.292 26.058 34.827 46.999 56.932 58.361 47.427 27.281
-999.250 -999.250 -999.250 -999.250 -999.250 -999.250 -999.250 -999.250 -999.250 -999.250 -999.250 -999.250 -999.250 -999.250 -999.250 -999.250 -999.250 -999.250 -999.250 -999.250 -999.250 -999.250 -999.250 -999.250 -999.250 -999.250 -999.250 -999.250 -999.250 -999.250 -999.250 -999.250 -999.250 -999.250 -999.250 -999.250 -999.250 27.944 29.390 28.358 20.170 12.675 7.108 4.615 1.508 0.744 4.575 7.166 10.288 13.497 18.432 22.788 23.813 20.867 17.052 13.480 8.840 6.173 4.685 6.371 10.915 18.090 26.517 37.878 48.327 62.730 80.008 49.885 26.266
-999.250 -999.250 -999.250 -999.250 -999.250 -999.250 -999.250 -999.250 -999.250 -999.250 -999.250 -999.250 -999.250 -999.250 -999.250 -999.250 -999.250 -999.250 -999.250 -999.250 -999.250 -999.250 -999.250 -999.250 -999.250 -999.250 -999.250 -999.250 -999.250 -999.250 -999.250 -999.250 -999.250 -999.250 -999.250 -999.250 -999.250 23.939 23.246 19.858 13.574 8.862 4.104 1.042 0.000 2.867 4.534 7.950 12.073 15.884 22.895 26.611 26.994 25.781 22.400 15.758 11.113 7.929 5.659 7.075 11.871 17.275 26.111 33.004 43.612 50.103 51.703 38.255 19.120
-999.250 -999.250 -999.250 -999.250 -999.250 -999.250 -999.250 -999.250 -999.250 -999.250 -999.250 -999.250 -999.250 -999.250 -999.250 -999.250 -999.250 -999.250 -999.250 -999.250 -999.250 -999.250 -999.250 -999.250 -999.250 -999.250 -999.250 -999.250 -999.250 -999.250 -999.250 -999.250 -999.250 -999.250 -999.250 -999.250 -999.250 18.280 15.513 12.416 9.984 4.707 0.824 0.000 0.000 3.080 6.224 9.967 14.976 20.198 26.078 29.803 31.769 31.903 26.486 20.729 12.826 8.136 6.190 6.092 9.602 14.532 21.229 27.523 31.689 33.930 31.186 22.950 9.865
-999.250 -999.250 -999.250 -999.250 -999.250 -999.250 -999.250 -999.250 -999.250 -999.250 -999.250 -999.250 -999.250 -999.250 -999.250 -999.250 -999.250 -999.250 -999.250 -999.250 -999.250 -999.250 -999.250 -999.250 -999.250 -999.250 -999.250 -999.250 -999.250 -999.250 -999.250 -999.250 -999.250 -999.250 -999.250 -999.250 -999.250 14.987 10.758 7.669 4.434 0.861 0.000 0.000 0.217 3.709 6.917 11.630 16.766 24.096 28.822 36.400 39.887 42.646 34.742 25.172 13.307 7.365 3.676 2.530 6.393 9.302 14.518 19.931 21.840 22.563 18.470 12.530 4.985
-999.250 -999.250 -999.250 -999.250 -999.250 -999.250 -999.250 -999.250 -999.250 -999.250 -999.250 -999.250 -999.250 -999.250 -999.250 -999.250 -999.250 -999.250 -999.250 -999.250 -999.250 -999.250 -999.250 -999.250 -999.250 -999.250 -999.250 -999.250 -999.250 -999.250 -999.250 -999.250 -999.250 -999.250 -999.250 -999.250 -999.250 -999.250 7.398 5.453 1.259 0.000 0.000 0.016 1.699 4.783 8.688 13.659 21.024 25.599 33.615 44.532 50.286 54.268 45.472 28.100 15.265 7.471 2.154 0.000 2.024 5.680 9.168 12.610 13.443 12.651 10.171 6.722 1.047
-999.250 -999.250 -999.250 -999.250 -999.250 -999.250 -999.250 -999.250 -999.250 -999.250 -999.250 -999.250 -999.250 -999.250 -999.250 -999.250 -999.250 -999.250 -999.250 -999.250 -999.250 -999.250 -999.250 -999.250 -999.250 -999.250 -999.250 -999.250 -999.250 -999.250 -999.250 -999.250 -999.250 -999.250 -999.250 -999.250 -999.250 -999.250 6.336 3.538 0.341 0.000 0.000 0.016 4.019 6.080 10.848 16.362 24.913 29.145 37.676 48.213 55.725 71.179 48.298 29.347 15.780 7.058 0.000 0.000 0.000 0.903 3.602 5.412 8.584 8.107 6.089 3.319 0.000
-999.250 -999.250 -999.250 -999.250 -999.250 -999.250 -999.250 -999.250 -999.250 -999.250 -999.250 -999.250 -999.250 -999.250 -999.250 -999.250 -999.250 -999.250 -999.250 -999.250 -999.250 -999.250 -999.250 -999.250 -999.250 -999.250 -999.250 -999.250 -999.250 -999.250 -999.250 -999.250 -999.250 -999.250 -999.250 -999.250 -999.250 -999.250 5.753 4.101 0.706 0.000 0.015 1.399 4.294 6.725 12.357 18.231 26.329 32.510 40.123 47.497 54.563 55.173 46.124 28.877 16.123 6.104 0.000 0.000 0.000 0.000 0.000 2.558 2.775 3.729 2.171 0.000 0.000
