data/medianmodel_16-Jan-2021.asc
ncols	141
nrows	288
xllcorner	-120191.398
yllcorner	-301404.813
cellsize	2000.000
NODATA_value	-999.250
[rows 196 to 223 of 288, columns 0 to 62 of 141]
-999.250 -999.250 -999.250 -999.250 -999.250 -999.250 -999.250 -999.250 -999.250 -999.250 -999.250 -999.250 -999.250 973.087 973.335 1000.971 981.580 1017.609 1040.823 1101.288 1253.462 1291.577 1363.967 1413.440 1463.248 1551.591 1609.272 1605.537 1657.799 1688.875 1660.220 1612.689 1628.886 1727.277 1694.647 1635.233 1616.590 1596.091 1605.861 1669.401 1617.673 1613.073 1662.103 1724.033 1645.105 1673.636 1652.449 1630.284 1559.641 1540.166 1528.251 1537.505 1515.062 1493.871 1549.662 1552.187 1560.425 1617.260 1547.709 1578.241 1492.350 1436.869 1446.893
-999.250 -999.250 -999.250 -999.250 -999.250 -999.250 -999.250 -999.250 -999.250 -999.250 -999.250 -999.250 -999.250 894.107 942.842 909.443 910.494 959.888 1031.069 1106.460 1197.464 1294.091 1373.241 1415.769 1456.913 1564.304 1650.882 1731.125 1733.478 1798.050 1772.311 1785.118 1752.420 1666.682 1786.818 1747.256 1690.891 1716.984 1665.438 1667.189 1724.756 1850.282 1751.599 1750.111 1824.102 1694.077 1700.883 1669.417 1609.861 1553.109 1537.796 1555.900 1560.872 1477.259 1494.111 1541.999 1574.561 1604.075 1645.997 1577.173 1513.231 1523.949 1419.077
-999.250 -999.250 -999.250 -999.250 -999.250 -999.250 -999.250 -999.250 -999.250 -999.250 -999.250 -999.250 -999.250 924.252 911.579 892.539 942.643 940.170 958.762 1086.211 1166.851 1263.034 1363.321 1435.055 1535.720 1596.044 1784.352 1815.199 1827.305 1937.532 1884.275 1874.066 1831.326 1785.191 1768.791 1847.134 1851.084 1797.214 1653.259 1797.943 1851.327 1820.170 1851.169 1943.008 1870.195 1761.653 1762.042 1753.278 1595.805 1608.182 1639.460 1561.126 1501.304 1551.934 1604.231 1713.916 1636.949 1671.455 1631.786 1643.597 1593.419 1547.412 1511.339
-999.250 -999.250 -999.250 -999.250 -999.250 -999.250 -999.250 -999.250 -999.250 -999.250 -999.250 -999.250 -999.250 -999.250 895.115 887.777 912.073 930.603 925.605 1027.256 1163.855 1309.532 1393.817 1425.366 1530.141 1658.645 1771.741 1882.327 1923.792 1996.657 1925.160 1938.858 1900.429 1916.097 1886.057 1939.129 1885.437 1877.403 1840.696 1823.420 1926.553 1895.200 1949.603 1995.941 1941.994 1919.463 1892.498 1821.694 1680.763 1649.517 1638.081 1563.653 1573.361 1689.167 1612.560 1775.562 1694.370 1798.597 1729.723 1601.870 1601.600 1556.544 1531.740
-999.250 -999.250 -999.250 -999.250 -999.250 -999.250 -999.250 -999.250 -999.250 -999.250 -999.250 -999.250 -999.250 -999.250 914.752 898.567 908.721 919.112 974.890 1056.448 1155.307 1286.105 1378.663 1480.109 1553.841 1638.832 1856.436 1975.218 2090.753 2024.546 2068.023 1952.132 2015.255 2013.726 2003.395 1978.785 1938.538 2017.535 1884.044 1891.247 2003.175 2000.823 1984.917 2052.242 1957.048 1820.925 1942.539 1943.098 1710.284 1740.869 1761.167 1767.543 1734.117 1690.218 1749.175 1808.877 1765.325 1810.392 1810.557 1795.150 1679.985 1674.104 1596.320
-999.250 -999.250 -999.250 -999.250 -999.250 -999.250 -999.250 -999.250 -999.250 -999.250 -999.250 -999.250 -999.250 -999.250 914.241 946.341 920.032 964.483 983.330 1106.659 1216.977 1330.114 1377.803 1468.974 1591.252 1609.541 1728.656 1855.687 2009.316 2010.984 2058.094 2067.150 2141.513 2157.442 2109.304 1907.467 2088.730 2063.934 1964.478 1864.858 1948.799 2082.039 2074.135 2129.402 2023.262 2160.582 1877.642 1969.451 1756.881 1744.734 1928.919 1834.290 1861.115 1763.986 1901.420 1862.241 1779.625 1879.418 1998.178 1812.612 1837.641 1794.704 1651.361
-999.250 -999.250 -999.250 -999.250 -999.250 -999.250 -999.250 -999.250 -999.250 -999.250 -999.250 -999.250 -999.250 -999.250 942.372 947.563 969.053 986.533 1042.179 1139.196 1221.622 1307.829 1398.836 1459.145 1501.718 -999.250 1730.610 1853.495 1904.938 1978.364 2090.625 2088.033 2119.475 2074.605 2193.693 2129.912 2051.188 2159.141 2119.016 2259.562 2259.579 2129.848 2093.213 2179.361 2229.573 2071.235 1965.828 1978.786 1964.103 1947.630 1928.894 1890.382 1963.611 1937.459 2000.384 1889.074 1906.825 2099.732 2046.974 2022.030 2004.735 1903.354 1888.364
-999.250 -999.250 -999.250 -999.250 -999.250 -999.250 -999.250 -999.250 -999.250 -999.250 -999.250 -999.250 -999.250 -999.250 931.483 964.325 982.753 1020.466 1074.609 1162.769 1230.008 1291.591 1357.076 -999.250 -999.250 -999.250 1628.458 1810.269 1841.151 1978.737 1980.843 2071.363 2170.858 2120.306 2051.387 2196.249 2234.352 2257.587 2287.101 2305.964 2203.198 2270.425 2182.097 2269.823 2207.544 2150.033 2076.771 2045.694 2104.546 2046.802 2015.459 1970.433 2083.185 1976.845 1966.068 1888.161 1984.420 2047.081 2074.673 2109.236 2090.336 2014.353 1960.185
-999.250 -999.250 -999.250 -999.250 -999.250 -999.250 -999.250 -999.250 -999.250 -999.250 -999.250 -999.250 -999.250 880.988 920.106 968.250 1006.567 1034.083 1073.353 1167.334 1194.445 1332.122 -999.250 -999.250 -999.250 -999.250 -999.250 1684.244 1770.342 2020.690 1972.492 2115.790 2212.463 2096.360 2037.635 2122.842 2372.887 2262.232 2400.649 2373.209 2471.316 2249.611 2205.240 2252.304 2227.369 2132.340 2121.180 2107.274 2154.078 2088.024 2084.975 1997.204 1985.890 1985.214 1967.708 1918.041 2055.207 2025.776 2082.549 2150.192 2140.608 1974.229 2038.968
-999.250 -999.250 -999.250 -999.250 -999.250 -999.250 -999.250 -999.250 -999.250 -999.250 -999.250 -999.250 -999.250 887.049 943.247 981.134 1025.323 1056.095 1099.451 1170.501 -999.250 -999.250 -999.250 -999.250 -999.250 -999.250 -999.250 -999.250 1923.402 1905.483 1993.149 1999.678 2136.697 2137.951 2137.952 2146.325 2237.732 2375.239 2306.556 2502.183 2355.802 2384.297 2324.302 2382.676 2330.768 2184.851 2181.229 2110.121 2183.276 2357.061 2147.872 1968.859 1989.815 2069.185 2081.985 2002.012 2101.628 2118.750 2133.301 2087.008 2093.921 2102.094 1997.421
-999.250 -999.250 -999.250 -999.250 -999.250 -999.250 -999.250 -999.250 -999.250 -999.250 -999.250 -999.250 973.834 898.383 -999.250 -999.250 -999.250 -999.250 -999.250 -999.250 -999.250 -999.250 -999.250 -999.250 -999.250 -999.250 -999.250 -999.250 -999.250 1795.277 2008.158 1983.889 2161.305 2134.597 2170.624 2128.757 2227.050 2339.357 2577.133 2540.589 2541.872 2570.264 2461.299 2289.224 2342.501 2287.926 2240.814 2305.684 2295.389 2238.114 2039.684 2020.091 2076.225 2065.396 2160.494 2134.048 2315.164 2288.184 2203.677 2301.313 2215.333 2224.425 2193.584
-999.250 -999.250 -999.250 -999.250 -999.250 -999.250 -999.250 -999.250 -999.250 -999.250 -999.250 -999.250 -999.250 -999.250 -999.250 -999.250 -999.250 -999.250 -999.250 -999.250 -999.250 -999.250 -999.250 -999.250 -999.250 -999.250 -999.250 -999.250 -999.250 -999.250 1864.277 1972.190 2090.603 2149.393 2133.181 2159.640 2123.113 2172.109 2625.293 2607.562 2753.278 2812.261 2694.552 2576.949 2491.931 2436.011 2392.061 2337.221 2230.418 2184.165 2008.667 1969.121 2044.671 2161.372 2192.920 2201.377 2521.924 2342.185 2270.769 2220.730 2221.940 2283.833 2314.120
-999.250 -999.250 -999.250 -999.250 -999.250 -999.250 -999.250 -999.250 -999.250 -999.250 -999.250 -999.250 -999.250 -999.250 -999.250 -999.250 -999.250 -999.250 -999.250 -999.250 -999.250 -999.250 -999.250 -999.250 -999.250 -999.250 -999.250 -999.250 -999.250 -999.250 1702.340 1775.316 1802.986 1968.283 2014.271 1998.117 2062.645 2198.812 2413.161 2671.222 2691.861 2902.545 2679.675 2708.231 2642.296 2557.496 2494.606 2415.702 2207.659 2032.159 2091.028 2118.406 2089.996 2269.834 2207.276 2401.599 2424.917 2428.470 2294.933 2265.523 2298.804 2383.854 2274.929
-999.250 -999.250 -999.250 -999.250 -999.250 -999.250 -999.250 -999.250 -999.250 -999.250 -999.250 -999.250 -999.250 -999.250 -999.250 -999.250 -999.250 -999.250 -999.250 -999.250 -999.250 -999.250 -999.250 -999.250 -999.250 -999.250 -999.250 -999.250 -999.250 -999.250 1619.118 1655.014 1691.140 1829.068 1843.906 1935.941 2011.004 2161.005 2339.478 2616.635 2818.509 2868.152 2871.773 2831.428 2705.569 2562.697 2357.304 2307.219 2341.741 2177.735 2147.864 2153.403 2165.370 2353.019 2263.026 2249.431 2276.495 2265.983 2348.817 2224.396 2337.941 2488.874 2579.543
-999.250 -999.250 -999.250 -999.250 -999.250 -999.250 -999.250 -999.250 -999.250 -999.250 -999.250 -999.250 -999.250 -999.250 -999.250 -999.250 -999.250 -999.250 -999.250 -999.250 -999.250 -999.250 -999.250 -999.250 -999.250 -999.250 -999.250 -999.250 -999.250 -999.250 -999.250 1617.886 1577.199 1801.888 1815.243 1874.885 1984.619 2279.219 2436.492 2533.597 2695.390 2885.366 3079.166 2839.618 2764.255 2611.660 2464.833 2293.119 2297.173 2208.923 2097.020 2060.539 2246.704 2178.205 2190.803 2185.743 2203.596 2133.726 2177.772 2219.020 2297.144 2409.643 2535.890
-999.250 -999.250 -999.250 -999.250 -999.250 -999.250 -999.250 -999.250 -999.250 -999.250 -999.250 -999.250 -999.250 -999.250 -999.250 -999.250 -999.250 -999.250 -999.250 -999.250 -999.250 -999.250 -999.250 -999.250 -999.250 -999.250 -999.250 -999.250 -999.250 -999.250 -999.250 1532.683 1594.475 1624.574 1708.669 1760.637 1978.471 2143.308 2331.198 2533.325 2661.902 2797.195 2781.253 2694.315 2564.231 2375.776 2218.446 2200.555 2220.034 2043.067 2078.935 2023.836 2135.979 2037.507 2150.886 2096.878 2179.056 2172.962 1955.516 2126.145 2083.494 2188.926 2415.255
-999.250 -999.250 -999.250 -999.250 -999.250 -999.250 -999.250 -999.250 -999.250 -999.250 -999.250 -999.250 -999.250 -999.250 -999.250 -999.250 -999.250 -999.250 -999.250 -999.250 -999.250 -999.250 -999.250 -999.250 -999.250 -999.250 -999.250 -999.250 -999.250 -999.250 -999.250 1531.736 1558.700 1606.624 1631.736 1656.724 1787.029 2008.397 2180.252 2293.103 2445.685 2557.355 2459.104 2526.853 2334.171 2260.284 2171.381 2069.444 1992.339 1981.749 1966.287 1987.087 1933.563 1934.417 1984.215 2026.510 2025.808 2094.791 2085.462 2074.241 2022.000 2152.677 2217.497
-999.250 -999.250 -999.250 -999.250 -999.250 -999.250 -999.250 -999.250 -999.250 -999.250 -999.250 -999.250 -999.250 -999.250 -999.250 -999.250 -999.250 -999.250 -999.250 -999.250 -999.250 -999.250 -999.250 -999.250 -999.250 -999.250 -999.250 -999.250 -999.250 -999.250 -999.250 1466.516 1407.633 1526.527 1576.819 1613.207 1726.345 1885.220 2019.110 2061.645 2154.245 2182.501 2215.968 2250.065 2097.525 2134.390 2045.381 1946.883 1885.322 1847.203 1909.829 1866.936 1917.221 1841.730 1848.584 1867.068 1942.540 2015.545 2012.735 2039.036 1999.124 2131.172 2146.386
-999.250 -999.250 -999.250 -999.250 -999.250 -999.250 -999.250 -999.250 -999.250 -999.250 -999.250 -999.250 -999.250 -999.250 -999.250 -999.250 -999.250 -999.250 -999.250 -999.250 -999.250 -999.250 -999.250 -999.250 -999.250 -999.250 -999.250 -999.250 -999.250 -999.250 -999.250 1408.121 1434.785 1482.897 1472.155 1528.720 1653.532 1687.964 1815.399 1883.886 1861.890 1905.782 2000.859 1938.822 1953.709 1889.951 1816.521 1717.968 1788.176 1705.162 1818.105 1875.000 1834.586 1865.680 1875.035 1818.508 1898.989 1902.161 1890.662 1920.523 1982.026 2037.249 2014.217
-999.250 -999.250 -999.250 -999.250 -999.250 -999.250 -999.250 -999.250 -999.250 -999.250 -999.250 -999.250 -999.250 -999.250 -999.250 -999.250 -999.250 -999.250 -999.250 -999.250 -999.250 -999.250 -999.250 -999.250 -999.250 -999.250 -999.250 -999.250 -999.250 -999.250 -999.250 1333.342 1306.560 1409.252 1405.677 1465.738 1503.109 1539.889 1619.288 1661.056 1635.601 1648.031 1656.116 1708.250 1683.097 1662.381 1675.582 1617.596 1609.884 1644.918 1620.106 1678.201 1823.787 1777.202 1757.399 1725.272 1767.630 1804.777 1749.988 1775.321 1817.924 1800.973 1841.756
-999.250 -999.250 -999.250 -999.250 -999.250 -999.250 -999.250 -999.250 -999.250 -999.250 -999.250 -999.250 -999.250 -999.250 -999.250 -999.250 -999.250 -999.250 -999.250 -999.250 -999.250 -999.250 -999.250 -999.250 -999.250 -999.250 -999.250 -999.250 -999.250 -999.250 -999.250 1244.501 1237.130 1293.957 1399.164 1392.443 1409.670 1413.883 1480.988 1446.031 1472.142 1449.804 1447.993 1469.670 1496.465 1514.847 1526.760 1528.809 1536.427 1535.465 1634.422 1551.606 1591.607 1592.835 1601.402 1623.344 1681.814 1709.891 1722.787 1587.519 1779.475 1707.722 1773.823
-999.250 -999.250 -999.250 -999.250 -999.250 -999.250 -999.250 -999.250 -999.250 -999.250 -999.250 -999.250 -999.250 -999.250 -999.250 -999.250 -999.250 -999.250 -999.250 -999.250 -999.250 -999.250 -999.250 -999.250 -999.250 -999.250 -999.250 -999.250 -999.250 -999.250 -999.250 1202.551 1203.398 1239.979 1260.098 1274.672 1303.150 1322.286 1332.914 1286.031 1242.837 1176.715 1182.876 1212.348 1251.618 1330.302 1360.873 1392.407 1413.956 1476.633 1458.657 1527.573 1478.114 1565.729 1579.212 1557.536 1634.823 1612.757 1580.963 1626.718 1691.454 1776.418 1706.906
-999.250 -999.250 -999.250 -999.250 -999.250 -999.250 -999.250 -999.250 -999.250 -999.250 -999.250 -999.250 -999.250 -999.250 -999.250 -999.250 -999.250 -999.250 -999.250 -999.250 -999.250 -999.250 -999.250 -999.250 -999.250 -999.250 -999.250 -999.250 -999.250 -999.250 -999.250 1150.829 1153.190 1124.256 1105.826 1155.023 1120.026 1140.092 1153.978 1068.031 1046.499 936.611 968.632 1011.861 1043.100 1124.313 1189.166 1264.667 1299.377 1383.469 1396.433 1461.391 1507.503 1483.168 1541.661 1505.741 1547.162 1596.276 1618.642 1609.199 1709.137 1740.652 1835.103
-999.250 -999.250 -999.250 -999.250 -999.250 -999.250 -999.250 -999.250 -999.250 -999.250 -999.250 -999.250 -999.250 -999.250 -999.250 -999.250 -999.250 -999.250 -999.250 -999.250 -999.250 -999.250 -999.250 -999.250 -999.250 -999.250 -999.250 -999.250 -999.250 -999.250 -999.250 1073.428 1068.197 1062.177 1071.434 1019.870 988.978 1017.969 993.718 852.514 777.978 683.107 773.584 797.104 848.893 953.328 1024.844 1112.949 1192.913 1267.517 1301.898 1384.065 1386.812 1419.656 1445.311 1497.649 1483.468 1554.472 1644.824 1639.812 1626.171 1664.977 1826.225
-999.250 -999.250 -999.250 -999.250 -999.250 -999.250 -999.250 -999.250 -999.250 -999.250 -999.250 -999.250 -999.250 -999.250 -999.250 -999.250 -999.250 -999.250 -999.250 -999.250 -999.250 -999.250 -999.250 -999.250 -999.250 -999.250 -999.250 -999.250 -999.250 -999.250 -999.250 975.114 955.161 940.050 867.416 903.183 916.969 868.565 843.490 754.321 664.733 595.118 610.554 689.135 710.989 776.359 853.313 964.592 1034.726 1193.092 1187.107 1232.132 1298.450 1380.243 1463.853 1459.784 1475.687 1632.410 1646.865 1648.431 1593.390 1748.855 1902.305
-999.250 -999.250 -999.250 -999.250 -999.250 -999.250 -999.250 -999.250 -999.250 -999.250 -999.250 -999.250 -999.250 -999.250 -999.250 -999.250 -999.250 -999.250 -999.250 -999.250 -999.250 -999.250 -999.250 -999.250 -999.250 -999.250 -999.250 -999.250 -999.250 -999.250 -999.250 893.422 871.755 810.353 837.314 790.745 787.407 761.573 724.979 605.494 577.427 522.321 505.818 554.560 613.101 713.904 761.733 873.944 960.696 1070.803 1127.664 1192.813 1255.462 1328.545 1414.569 1414.610 1476.971 1554.054 1564.632 1579.124 1641.491 1759.637 1920.373
-999.250 -999.250 -999.250 -999.250 -999.250 -999.250 -999.250 -999.250 -999.250 -999.250 -999.250 -999.250 -999.250 -999.250 -999.250 -999.250 -999.250 -999.250 -999.250 -999.250 -999.250 -999.250 -999.250 -999.250 -999.250 -999.250 -999.250 -999.250 -999.250 -999.250 -999.250 890.224 789.766 753.773 787.870 744.022 715.657 699.396 656.451 560.836 498.012 464.277 403.000 419.760 518.380 608.736 705.986 760.484 839.494 900.098 1065.513 1144.033 1176.680 1344.320 1331.409 1393.449 1414.620 1480.172 1557.282 1598.535 1659.645 1890.780 1971.749
-999.250 -999.250 -999.250 -999.250 -999.250 -999.250 -999.250 -999.250 -999.250 -999.250 -999.250 -999.250 -999.250 -999.250 -999.250 -999.250 -999.250 -999.250 -999.250 -999.250 -999.250 -999.250 -999.250 -999.250 -999.250 -999.250 -999.250 -999.250 -999.250 -999.250 813.112 817.630 748.487 725.628 677.345 668.585 611.241 561.898 539.483 494.668 412.844 367.720 348.282 390.796 466.282 536.561 669.907 665.812 760.162 846.018 967.869 1042.568 1089.122 1218.845 1216.979 1321.150 1372.024 1429.050 1460.110 1604.033 1759.588 1739.926 1989.009
