data/medianmodel_14-May-2020.asc
ncols	141
nrows	288
xllcorner	-120191.398
yllcorner	-301404.813
cellsize	2000.000
NODATA_value	-999.250
[rows 217 to 247 of 288, columns 0 to 68 of 141]
-999.250 -999.250 -999.250 -999.250 -999.250 -999.250 -999.250 -999.250 -999.250 -999.250 -999.250 -999.250 -999.250 -999.250 -999.250 -999.250 -999.250 -999.250 -999.250 -999.250 -999.250 -999.250 -999.250 -999.250 -999.250 -999.250 -999.250 -999.250 -999.250 -999.250 -999.250 10.429 9.917 10.439 8.916 10.277 8.617 11.964 7.780 9.240 10.511 9.078 4.906 7.184 8.519 9.517 7.391 8.985 10.341 7.733 4.464 6.120 10.634 10.953 8.212 8.080 9.226 9.338 8.860 6.156 2.880 0.705 0.595 0.838 0.000 0.000 0.000 0.000 0.000
-999.250 -999.250 -999.250 -999.250 -999.250 -999.250 -999.250 -999.250 -999.250 -999.250 -999.250 -999.250 -999.250 -999.250 -999.250 -999.250 -999.250 -999.250 -999.250 -999.250 -999.250 -999.250 -999.250 -999.250 -999.250 -999.250 -999.250 -999.250 -999.250 -999.250 -999.250 3.876 5.868 6.248 8.633 8.665 8.656 8.790 10.982 13.673 11.990 12.438 10.668 7.509 9.337 9.658 9.201 5.605 9.928 9.596 7.272 7.893 9.453 7.939 8.579 11.228 10.012 6.228 6.656 4.719 3.055 3.307 2.384 1.629 0.000 0.000 0.000 0.000 0.000
-999.250 -999.250 -999.250 -999.250 -999.250 -999.250 -999.250 -999.250 -999.250 -999.250 -999.250 -999.250 -999.250 -999.250 -999.250 -999.250 -999.250 -999.250 -999.250 -999.250 -999.250 -999.250 -999.250 -999.250 -999.250 -999.250 -999.250 -999.250 -999.250 -999.250 -999.250 5.883 8.006 9.260 10.804 10.293 10.108 7.293 11.204 10.429 13.268 13.662 11.101 10.428 10.208 10.198 7.510 9.755 10.917 9.999 8.139 7.758 9.037 10.548 8.340 10.749 9.030 6.744 4.792 3.807 4.289 3.876 3.345 1.830 0.365 0.000 0.097 0.000 0.000
-999.250 -999.250 -999.250 -999.250 -999.250 -999.250 -999.250 -999.250 -999.250 -999.250 -999.250 -999.250 -999.250 -999.250 -999.250 -999.250 -999.250 -999.250 -999.250 -999.250 -999.250 -999.250 -999.250 -999.250 -999.250 -999.250 -999.250 -999.250 -999.250 -999.250 -999.250 6.459 10.235 10.974 9.841 9.133 10.170 8.322 13.544 10.663 12.162 13.102 11.138 12.034 7.882 9.439 12.581 12.473 12.366 10.028 7.819 8.562 6.940 5.771 6.955 10.529 6.157 4.759 4.525 3.344 6.080 4.996 4.206 3.344 2.774 0.857 0.049 0.000 0.412
-999.250 -999.250 -999.250 -999.250 -999.250 -999.250 -999.250 -999.250 -999.250 -999.250 -999.250 -999.250 -999.250 -999.250 -999.250 -999.250 -999.250 -999.250 -999.250 -999.250 -999.250 -999.250 -999.250 -999.250 -999.250 -999.250 -999.250 -999.250 -999.250 -999.250 -999.250 5.798 7.884 9.872 12.219 8.600 9.459 10.565 10.991 12.000 12.336 12.833 9.047 12.305 9.429 12.247 11.994 12.178 11.030 10.978 8.165 6.798 5.858 5.391 8.062 6.710 4.747 4.741 4.063 4.500 6.791 4.610 3.065 4.720 4.244 2.782 3.444 1.915 0.688
-999.250 -999.250 -999.250 -999.250 -999.250 -999.250 -999.250 -999.250 -999.250 -999.250 -999.250 -999.250 -999.250 -999.250 -999.250 -999.250 -999.250 -999.250 -999.250 -999.250 -999.250 -999.250 -999.250 -999.250 -999.250 -999.250 -999.250 -999.250 -999.250 -999.250 -999.250 10.275 7.622 9.560 8.274 8.949 7.342 9.434 8.661 7.958 10.986 10.855 8.800 10.418 10.133 13.312 9.713 11.119 10.315 8.949 8.639 7.361 6.986 6.459 8.656 7.352 5.540 3.636 2.881 3.407 2.424 3.055 2.784 1.463 4.128 4.130 3.915 3.603 1.411
-999.250 -999.250 -999.250 -999.250 -999.250 -999.250 -999.250 -999.250 -999.250 -999.250 -999.250 -999.250 -999.250 -999.250 -999.250 -999.250 -999.250 -999.250 -999.250 -999.250 -999.250 -999.250 -999.250 -999.250 -999.250 -999.250 -999.250 -999.250 -999.250 -999.250 8.418 11.121 6.553 8.466 7.894 6.823 11.301 10.063 10.293 10.165 8.148 11.082 9.275 9.863 10.461 11.255 11.485 11.450 11.902 11.274 6.876 6.351 7.122 5.101 7.725 4.866 7.259 3.103 4.713 3.364 3.628 6.077 3.842 3.017 4.730 2.786 3.350 1.897 2.511
-999.250 -999.250 -999.250 -999.250 -999.250 -999.250 -999.250 -999.250 -999.250 -999.250 -999.250 -999.250 -999.250 -999.250 -999.250 -999.250 -999.250 -999.250 -999.250 -999.250 -999.250 -999.250 -999.250 -999.250 -999.250 -999.250 -999.250 -999.250 -999.250 -999.250 10.521 10.026 7.516 4.253 9.226 10.572 10.537 10.675 10.145 8.042 12.259 11.464 10.344 11.434 9.526 10.022 9.251 9.582 9.506 10.027 7.795 4.250 6.980 6.048 4.798 3.423 4.363 4.630 1.695 3.574 3.217 5.270 4.660 4.576 5.479 4.882 4.115 3.435 2.792
-999.250 -999.250 -999.250 -999.250 -999.250 -999.250 -999.250 -999.250 -999.250 -999.250 -999.250 -999.250 -999.250 -999.250 -999.250 -999.250 -999.250 -999.250 -999.250 -999.250 -999.250 -999.250 -999.250 -999.250 -999.250 -999.250 -999.250 -999.250 -999.250 -999.250 12.679 10.165 7.771 7.556 8.116 7.232 8.563 10.124 8.179 8.945 9.656 10.103 9.936 8.321 8.304 7.656 8.655 9.388 13.214 11.042 5.562 5.598 5.807 4.974 4.562 2.908 2.632 3.318 0.956 0.027 3.041 3.920 5.556 5.722 5.508 2.317 5.148 5.941 4.896
-999.250 -999.250 -999.250 -999.250 -999.250 -999.250 -999.250 -999.250 -999.250 -999.250 -999.250 -999.250 -999.250 -999.250 -999.250 -999.250 -999.250 -999.250 -999.250 -999.250 -999.250 -999.250 -999.250 -999.250 -999.250 -999.250 -999.250 -999.250 -999.250 -999.250 10.098 10.163 6.896 7.567 4.662 6.218 8.374 8.785 5.888 8.302 9.300 7.923 9.961 9.353 7.538 9.463 9.709 11.958 8.159 11.445 6.664 5.207 4.664 4.627 5.799 2.164 0.932 0.207 0.424 0.000 0.196 2.062 3.729 3.276 2.307 2.963 3.357 4.389 6.879
-999.250 -999.250 -999.250 -999.250 -999.250 -999.250 -999.250 -999.250 -999.250 -999.250 -999.250 -999.250 -999.250 -999.250 -999.250 -999.250 -999.250 -999.250 -999.250 -999.250 -999.250 -999.250 -999.250 -999.250 -999.250 -999.250 -999.250 -999.250 -999.250 7.448 8.194 4.846 5.821 6.579 5.081 6.441 5.514 6.275 6.112 8.173 7.702 8.529 5.890 4.638 8.767 10.424 9.655 6.564 6.566 7.309 6.323 3.894 4.456 4.098 3.157 0.192 0.000 0.000 0.000 1.113 1.011 1.571 3.579 1.678 3.313 4.817 7.021 4.766 4.366
-999.250 -999.250 -999.250 -999.250 -999.250 -999.250 -999.250 -999.250 -999.250 -999.250 -999.250 -999.250 -999.250 -999.250 -999.250 -999.250 -999.250 -999.250 -999.250 -999.250 -999.250 -999.250 -999.250 -999.250 -999.250 -999.250 -999.250 -999.250 -999.250 4.489 2.056 3.927 3.085 6.053 5.135 5.899 3.640 5.384 5.396 6.228 6.415 4.300 8.945 6.087 5.480 11.833 9.751 5.986 4.949 6.740 7.444 5.550 3.994 3.357 3.507 0.088 0.000 0.000 0.065 1.617 0.695 2.015 3.033 4.719 4.794 6.385 4.091 4.916 3.771
-999.250 -999.250 -999.250 -999.250 -999.250 -999.250 -999.250 -999.250 -999.250 -999.250 -999.250 -999.250 -999.250 -999.250 -999.250 -999.250 -999.250 -999.250 -999.250 -999.250 -999.250 -999.250 -999.250 -999.250 -999.250 -999.250 -999.250 -999.250 4.625 4.062 3.371 2.979 1.491 1.294 3.349 3.378 3.473 1.721 3.241 4.934 4.855 3.750 7.590 5.526 7.611 10.292 10.574 7.298 6.408 5.240 6.770 5.700 3.881 4.570 0.015 0.000 0.000 0.000 0.302 1.161 0.218 1.595 1.953 2.169 3.875 2.427 4.659 3.184 5.597
-999.250 -999.250 -999.250 -999.250 -999.250 -999.250 -999.250 -999.250 -999.250 -999.250 -999.250 -999.250 -999.250 -999.250 -999.250 -999.250 -999.250 -999.250 -999.250 -999.250 -999.250 -999.250 -999.250 -999.250 -999.250 -999.250 -999.250 -999.250 3.352 1.380 2.767 0.000 0.000 0.671 1.826 3.757 2.337 3.005 2.729 4.849 5.551 7.252 7.277 6.994 8.682 9.147 10.041 5.500 5.878 4.564 7.305 3.934 5.284 3.737 0.264 0.307 0.000 0.000 0.926 0.774 2.474 2.291 2.359 0.715 2.615 2.644 2.630 2.906 4.389
-999.250 -999.250 -999.250 -999.250 -999.250 -999.250 -999.250 -999.250 -999.250 -999.250 -999.250 -999.250 -999.250 -999.250 -999.250 -999.250 -999.250 -999.250 -999.250 -999.250 -999.250 -999.250 -999.250 -999.250 -999.250 -999.250 -999.250 5.314 2.194 2.461 0.000 0.000 0.000 1.989 1.827 2.399 3.799 4.817 4.208 6.096 5.215 5.744 3.740 4.489 7.722 8.941 7.947 5.746 4.558 4.438 4.613 4.797 4.668 4.590 3.091 1.951 0.521 1.959 1.797 0.354 1.827 1.802 2.489 2.669 4.921 2.692 3.911 3.582 4.016
-999.250 -999.250 -999.250 -999.250 -999.250 -999.250 -999.250 -999.250 -999.250 -999.250 -999.250 -999.250 -999.250 -999.250 -999.250 -999.250 -999.250 -999.250 -999.250 -999.250 -999.250 -999.250 -999.250 -999.250 -999.250 -999.250 -999.250 3.553 4.586 2.389 0.020 0.000 0.000 0.000 0.683 3.224 2.736 4.436 1.744 4.153 3.574 4.774 5.392 6.053 5.521 5.354 6.853 5.726 6.874 5.681 2.573 5.511 5.498 3.589 1.413 2.141 2.582 1.196 1.134 1.236 1.616 2.280 3.294 3.009 3.861 3.343 3.716 4.135 3.666
-999.250 -999.250 -999.250 -999.250 -999.250 -999.250 -999.250 -999.250 -999.250 -999.250 -999.250 -999.250 -999.250 -999.250 -999.250 -999.250 -999.250 -999.250 -999.250 -999.250 -999.250 -999.250 -999.250 -999.250 -999.250 -999.250 -999.250 -999.250 2.103 1.257 0.665 0.000 0.000 0.000 0.000 3.916 4.287 5.241 4.202 3.797 5.425 6.966 5.397 5.432 8.006 8.599 9.128 10.584 8.812 5.973 6.808 4.321 6.603 6.099 1.780 2.600 1.367 0.312 0.000 1.356 0.000 2.272 1.501 4.339 8.622 6.310 2.645 4.609 5.311
-999.250 -999.250 -999.250 -999.250 -999.250 -999.250 -999.250 -999.250 -999.250 -999.250 -999.250 -999.250 -999.250 -999.250 -999.250 -999.250 -999.250 -999.250 -999.250 -999.250 -999.250 -999.250 -999.250 -999.250 -999.250 -999.250 -999.250 -999.250 -999.250 -999.250 0.000 0.000 0.000 0.000 1.917 3.926 3.902 7.606 5.683 3.682 4.377 5.424 6.752 7.487 9.407 5.778 9.603 9.070 8.624 7.402 5.496 5.266 4.716 1.984 3.952 4.960 1.898 0.000 0.000 0.000 0.000 1.916 0.760 1.927 3.106 1.993 4.068 6.117 5.695
-999.250 -999.250 -999.250 -999.250 -999.250 -999.250 -999.250 -999.250 -999.250 -999.250 -999.250 -999.250 -999.250 -999.250 -999.250 -999.250 -999.250 -999.250 -999.250 -999.250 -999.250 -999.250 -999.250 -999.250 -999.250 -999.250 -999.250 -999.250 -999.250 -999.250 0.092 0.865 0.009 0.465 3.337 2.778 7.168 6.754 5.884 5.817 4.927 5.447 6.595 5.445 7.166 5.308 4.614 7.122 7.461 3.477 4.108 7.016 4.624 4.768 3.554 0.336 2.043 0.000 0.000 0.000 0.000 0.000 0.000 1.078 1.166 3.279 4.506 7.012 5.518
-999.250 -999.250 -999.250 -999.250 -999.250 -999.250 -999.250 -999.250 -999.250 -999.250 -999.250 -999.250 -999.250 -999.250 -999.250 -999.250 -999.250 -999.250 -999.250 -999.250 -999.250 -999.250 -999.250 -999.250 -999.250 -999.250 -999.250 -999.250 -999.250 -999.250 1.571 0.989 1.857 1.644 3.632 3.998 4.281 7.356 9.312 5.610 8.299 7.888 6.601 6.540 6.650 7.222 4.500 4.518 7.505 5.675 4.319 5.781 6.097 4.459 5.608 2.683 1.514 0.000 0.000 0.000 0.000 0.000 0.023 2.865 3.316 4.457 5.880 3.823 6.767
-999.250 -999.250 -999.250 -999.250 -999.250 -999.250 -999.250 -999.250 -999.250 -999.250 -999.250 -999.250 -999.250 -999.250 -999.250 -999.250 -999.250 -999.250 -999.250 -999.250 -999.250 -999.250 -999.250 -999.250 -999.250 -999.250 -999.250 -999.250 -999.250 -999.250 -999.250 3.654 2.312 4.904 5.110 4.628 4.673 5.972 8.563 7.206 9.321 10.097 8.169 6.689 5.126 5.232 4.873 3.918 4.997 3.926 8.411 6.165 3.926 6.475 3.389 1.217 0.037 0.000 0.000 0.000 0.000 0.000 1.536 3.900 5.126 5.556 6.057 5.010 5.603
-999.250 -999.250 -999.250 -999.250 -999.250 -999.250 -999.250 -999.250 -999.250 -999.250 -999.250 -999.250 -999.250 -999.250 -999.250 -999.250 -999.250 -999.250 -999.250 -999.250 -999.250 -999.250 -999.250 -999.250 -999.250 -999.250 -999.250 -999.250 -999.250 -999.250 2.079 3.347 5.957 4.313 5.337 2.845 4.374 6.123 8.021 8.877 7.364 7.341 8.540 6.782 5.882 4.784 6.903 4.256 5.481 4.446 8.882 5.373 2.513 1.917 3.279 2.218 0.711 0.000 0.000 0.000 0.000 0.000 0.000 0.673 5.876 6.397 5.616 5.493 5.944
-999.250 -999.250 -999.250 -999.250 -999.250 -999.250 -999.250 -999.250 -999.250 -999.250 -999.250 -999.250 -999.250 -999.250 -999.250 -999.250 -999.250 -999.250 -999.250 -999.250 -999.250 -999.250 -999.250 -999.250 -999.250 -999.250 -999.250 -999.250 -999.250 -999.250 -999.250 2.733 5.053 6.419 5.675 6.173 6.294 6.325 10.265 7.351 6.823 6.619 5.346 4.162 5.359 5.079 7.351 7.187 6.207 6.014 9.789 4.386 4.286 4.092 2.082 1.964 1.300 0.000 0.000 0.000 0.000 0.464 0.154 2.373 5.601 5.400 5.870 5.564 6.545
-999.250 -999.250 -999.250 -999.250 -999.250 -999.250 -999.250 -999.250 -999.250 -999.250 -999.250 -999.250 -999.250 -999.250 -999.250 -999.250 -999.250 -999.250 -999.250 -999.250 -999.250 -999.250 -999.250 -999.250 -999.250 -999.250 -999.250 -999.250 -999.250 -999.250 1.486 3.097 3.133 4.758 4.890 4.926 8.567 9.732 7.054 6.718 6.376 6.010 4.161 4.452 5.525 5.211 4.723 6.658 7.353 6.871 7.156 8.193 4.381 3.616 2.968 2.184 2.176 0.995 0.242 0.816 0.000 0.884 3.434 4.424 4.872 3.264 4.272 6.867 6.027
-999.250 -999.250 -999.250 -999.250 -999.250 -999.250 -999.250 -999.250 -999.250 -999.250 -999.250 -999.250 -999.250 -999.250 -999.250 -999.250 -999.250 -999.250 -999.250 -999.250 -999.250 -999.250 -999.250 -999.250 -999.250 -999.250 -999.250 -999.250 -999.250 -999.250 4.215 5.765 6.708 7.266 8.356 7.733 10.320 10.723 7.366 5.411 4.560 5.900 5.787 5.854 3.683 4.271 7.449 7.956 5.752 4.418 6.408 3.414 6.330 2.362 3.642 3.068 2.806 1.143 1.519 0.164 0.086 0.750 1.956 3.665 3.987 2.083 2.865 4.287 6.403
-999.250 -999.250 -999.250 -999.250 -999.250 -999.250 -999.250 -999.250 -999.250 -999.250 -999.250 -999.250 -999.250 -999.250 -999.250 -999.250 -999.250 -999.250 -999.250 -999.250 -999.250 -999.250 -999.250 -999.250 -999.250 -999.250 -999.250 -999.250 -999.250 -999.250 6.555 10.219 7.976 6.992 8.970 12.963 11.288 10.434 9.287 7.612 5.144 5.649 6.846 6.757 6.442 5.933 4.909 5.294 3.329 4.933 5.823 5.774 5.066 5.534 3.876 1.037 1.765 0.958 0.000 0.000 0.000 0.773 0.849 1.811 1.379 3.216 4.255 4.695 7.681
-999.250 -999.250 -999.250 -999.250 -999.250 -999.250 -999.250 -999.250 -999.250 -999.250 -999.250 -999.250 -999.250 -999.250 -999.250 -999.250 -999.250 -999.250 -999.250 -999.250 -999.250 -999.250 -999.250 -999.250 -999.250 -999.250 -999.250 -999.250 -999.250 -999.250 5.627 9.320 6.821 9.910 10.889 7.898 12.399 15.324 10.565 6.992 9.989 7.543 8.776 8.635 8.222 8.896 7.672 5.880 6.426 6.529 5.209 6.153 6.550 5.697 2.353 0.000 0.000 0.000 0.000 0.000 0.000 0.237 3.086 3.491 3.877 5.531 6.185 5.624 7.658
-999.250 -999.250 -999.250 -999.250 -999.250 -999.250 -999.250 -999.250 -999.250 -999.250 -999.250 -999.250 -999.250 -999.250 -999.250 -999.250 -999.250 -999.250 -999.250 -999.250 -999.250 -999.250 -999.250 -999.250 -999.250 -999.250 -999.250 -999.250 -999.250 -999.250 3.682 5.941 7.328 8.236 11.694 12.576 11.689 11.721 10.271 9.517 8.840 9.637 9.056 7.111 8.626 9.569 10.310 5.789 7.611 4.960 7.147 5.017 4.689 6.175 3.485 0.000 0.000 0.000 0.000 0.000 0.000 0.000 1.441 3.836 6.256 5.484 4.503 5.142 9.570
-999.250 -999.250 -999.250 -999.250 -999.250 -999.250 -999.250 -999.250 -999.250 -999.250 -999.250 -999.250 -999.250 -999.250 -999.250 -999.250 -999.250 -999.250 -999.250 -999.250 -999.250 -999.250 -999.250 -999.250 -999.250 -999.250 -999.250 -999.250 -999.250 -999.250 -999.250 5.400 6.303 8.982 9.734 11.679 10.957 10.603 8.235 8.194 7.027 7.143 11.635 8.636 8.141 7.411 9.695 7.290 7.008 6.538 7.384 5.357 5.426 5.494 3.560 1.577 0.000 0.000 0.000 0.000 0.000 0.000 0.630 4.266 5.522 5.421 6.264 6.098 9.241
-999.250 -999.250 -999.250 -999.250 -999.250 -999.250 -999.250 -999.250 -999.250 -999.250 -999.250 -999.250 -999.250 -999.250 -999.250 -999.250 -999.250 -999.250 -999.250 -999.250 -999.250 -999.250 -999.250 -999.250 -999.250 -999.250 -999.250 -999.250 -999.250 -999.250 -999.250 7.586 7.501 7.039 9.744 6.292 9.947 11.278 9.493 8.966 9.016 10.452 7.086 5.116 5.366 7.673 6.570 8.572 9.332 5.710 4.211 5.244 5.668 5.013 1.997 2.494 0.160 0.000 0.000 0.000 0.000 0.000 0.000 4.414 5.875 4.306 6.642 7.822 9.589
-999.250 -999.250 -999.250 -999.250 -999.250 -999.250 -999.250 -999.250 -999.250 -999.250 -999.250 -999.250 -999.250 -999.250 -999.250 -999.250 -999.250 -999.250 -999.250 -999.250 -999.250 -999.250 -999.250 -999.250 -999.250 -999.250 -999.250 -999.250 -999.250 -999.250 7.141 6.991 8.868 8.697 8.038 6.514 9.596 10.548 9.271 12.766 11.552 10.570 5.177 4.680 4.511 4.633 5.525 6.281 5.989 6.188 6.429 6.069 4.835 3.282 1.159 0.000 0.000 0.000 0.000 0.000 0.000 0.000 0.559 2.792 4.532 6.779 7.589 6.638 6.546
