data/medianmodel_12-Oct-2020.asc
ncols	141
nrows	288
xllcorner	-120191.398
yllcorner	-301404.813
cellsize	2000.000
NODATA_value	-999.250
[rows 150 to 179 of 288, columns 68 to 135 of 141]
4.883 6.496 3.776 4.502 6.311 2.176 10.038 6.345 7.047 6.701 6.049 0.311 0.000 0.000 0.000 0.000 0.000 0.659 6.295 11.613 23.492 28.447 49.666 70.305 90.820 100.967 101.335 -999.250 -999.250 -999.250 -999.250 -999.250 -999.250 -999.250 -999.250 -999.250 -999.250 -999.250 -999.250 -999.250 -999.250 -999.250 -999.250 -999.250 -999.250 -999.250 -999.250 -999.250 -999.250 -999.250 -999.250 -999.250 -999.250 -999.250 -999.250 -999.250 -999.250 -999.250 -999.250 -999.250 -999.250 -999.250 -999.250 -999.250 -999.250 -999.250 -999.250 -999.250
4.264 4.645 3.445 9.767 4.832 3.062 6.258 8.129 7.629 8.835 6.066 3.649 0.000 0.672 0.629 1.492 4.557 6.587 14.295 18.325 33.734 52.366 67.881 96.417 106.953 115.171 109.644 -999.250 -999.250 -999.250 -999.250 -999.250 -999.250 -999.250 -999.250 -999.250 -999.250 -999.250 -999.250 -999.250 -999.250 -999.250 -999.250 -999.250 -999.250 -999.250 -999.250 -999.250 -999.250 -999.250 -999.250 -999.250 -999.250 -999.250 -999.250 -999.250 -999.250 -999.250 -999.250 -999.250 -999.250 -999.250 -999.250 -999.250 -999.250 -999.250 -999.250 -999.250
4.640 3.696 8.521 6.339 7.305 4.655 8.945 8.364 9.733 4.980 8.127 2.450 0.000 0.669 0.363 4.183 6.704 13.159 19.604 25.608 43.335 74.879 94.624 111.769 125.301 125.440 141.789 -999.250 -999.250 -999.250 -999.250 -999.250 -999.250 -999.250 -999.250 -999.250 -999.250 -999.250 -999.250 -999.250 -999.250 -999.250 -999.250 -999.250 -999.250 -999.250 -999.250 -999.250 -999.250 -999.250 -999.250 -999.250 -999.250 -999.250 -999.250 -999.250 -999.250 -999.250 -999.250 -999.250 -999.250 -999.250 -999.250 -999.250 -999.250 -999.250 -999.250 -999.250
4.693 6.352 3.442 8.348 8.883 9.688 10.304 9.546 6.167 4.919 3.636 3.845 0.195 0.000 3.129 5.059 10.493 13.600 25.236 28.052 48.561 78.279 99.378 134.170 144.134 161.009 153.726 -999.250 -999.250 -999.250 -999.250 -999.250 -999.250 -999.250 -999.250 -999.250 -999.250 -999.250 -999.250 -999.250 -999.250 -999.250 -999.250 -999.250 -999.250 -999.250 -999.250 -999.250 -999.250 -999.250 -999.250 -999.250 -999.250 -999.250 -999.250 -999.250 -999.250 -999.250 -999.250 -999.250 -999.250 -999.250 -999.250 -999.250 -999.250 -999.250 -999.250 -999.250
6.774 9.492 7.795 8.243 9.061 7.475 14.035 12.627 9.104 5.305 5.649 1.815 1.873 0.000 0.000 2.903 7.576 13.387 22.434 32.471 44.392 78.604 105.932 134.448 166.389 161.559 139.745 -999.250 -999.250 -999.250 -999.250 -999.250 -999.250 -999.250 -999.250 -999.250 -999.250 -999.250 -999.250 -999.250 -999.250 -999.250 -999.250 -999.250 -999.250 -999.250 -999.250 -999.250 -999.250 -999.250 -999.250 -999.250 -999.250 -999.250 -999.250 -999.250 -999.250 -999.250 -999.250 -999.250 -999.250 -999.250 -999.250 -999.250 -999.250 -999.250 -999.250 -999.250
4.142 5.842 7.077 9.293 9.164 10.053 12.694 15.232 9.711 7.933 10.448 5.715 3.974 2.623 0.000 0.739 6.938 12.032 23.742 25.360 41.380 57.600 90.225 112.380 128.224 136.472 119.130 -999.250 -999.250 -999.250 -999.250 -999.250 -999.250 -999.250 -999.250 -999.250 -999.250 -999.250 -999.250 -999.250 -999.250 -999.250 -999.250 -999.250 -999.250 -999.250 -999.250 -999.250 -999.250 -999.250 -999.250 -999.250 -999.250 -999.250 -999.250 -999.250 -999.250 -999.250 -999.250 -999.250 -999.250 -999.250 -999.250 -999.250 -999.250 -999.250 -999.250 -999.250
1.139 2.300 8.368 9.138 12.591 12.120 13.778 17.285 15.082 10.883 10.936 8.612 5.454 3.990 1.823 4.351 4.021 14.229 22.598 22.658 30.979 49.095 64.075 85.569 101.470 106.720 104.967 95.724 -999.250 -999.250 -999.250 -999.250 -999.250 -999.250 -999.250 -999.250 -999.250 -999.250 -999.250 -999.250 -999.250 -999.250 -999.250 -999.250 -999.250 -999.250 -999.250 -999.250 -999.250 -999.250 -999.250 -999.250 -999.250 -999.250 -999.250 -999.250 -999.250 -999.250 -999.250 -999.250 -999.250 -999.250 -999.250 -999.250 -999.250 -999.250 -999.250 -999.250
0.180 3.249 8.011 13.736 13.052 15.456 18.747 16.604 12.768 12.941 15.016 11.363 7.762 7.411 0.567 0.000 2.187 7.542 17.857 21.141 25.738 28.803 41.791 59.958 69.864 80.045 86.519 68.944 61.721 -999.250 -999.250 -999.250 -999.250 -999.250 -999.250 -999.250 -999.250 -999.250 -999.250 -999.250 -999.250 -999.250 -999.250 -999.250 -999.250 -999.250 -999.250 -999.250 -999.250 -999.250 -999.250 -999.250 -999.250 -999.250 -999.250 -999.250 -999.250 -999.250 -999.250 -999.250 -999.250 -999.250 -999.250 -999.250 -999.250 -999.250 -999.250 -999.250
5.889 8.970 13.919 16.500 16.220 20.760 22.697 19.944 16.395 17.119 13.824 16.190 13.522 8.754 2.726 0.000 0.241 5.443 11.952 13.229 15.843 19.343 18.041 33.832 48.119 52.405 57.085 51.203 42.892 41.266 -999.250 -999.250 -999.250 -999.250 -999.250 -999.250 -999.250 -999.250 -999.250 -999.250 -999.250 -999.250 -999.250 -999.250 -999.250 -999.250 -999.250 -999.250 -999.250 -999.250 -999.250 -999.250 -999.250 -999.250 -999.250 -999.250 -999.250 -999.250 -999.250 -999.250 -999.250 -999.250 -999.250 -999.250 -999.250 -999.250 -999.250 -999.250
13.556 17.325 20.074 25.674 22.071 24.587 23.306 24.219 21.676 20.102 19.190 21.045 18.884 10.321 5.087 2.371 2.506 2.894 6.483 10.351 9.011 12.209 17.311 25.440 32.288 40.435 42.387 38.320 35.544 32.323 -999.250 -999.250 -999.250 -999.250 -999.250 -999.250 -999.250 -999.250 -999.250 -999.250 -999.250 -999.250 -999.250 -999.250 -999.250 -999.250 -999.250 -999.250 -999.250 -999.250 -999.250 -999.250 -999.250 -999.250 -999.250 -999.250 -999.250 -999.250 -999.250 -999.250 -999.250 -999.250 -999.250 -999.250 -999.250 -999.250 -999.250 -999.250
29.362 30.432 31.684 32.253 32.379 33.318 31.604 32.991 28.678 26.410 22.997 21.292 18.462 13.013 10.235 6.496 3.450 3.208 3.897 7.330 9.535 5.843 14.066 19.010 21.976 27.040 33.304 27.940 28.101 22.521 -999.250 -999.250 -999.250 -999.250 -999.250 -999.250 -999.250 -999.250 -999.250 -999.250 -999.250 -999.250 -999.250 -999.250 -999.250 -999.250 -999.250 -999.250 -999.250 -999.250 -999.250 -999.250 -999.250 -999.250 -999.250 -999.250 -999.250 -999.250 -999.250 -999.250 -999.250 -999.250 -999.250 -999.250 -999.250 -999.250 -999.250 -999.250
41.468 45.192 56.937 54.134 47.474 48.126 36.203 47.461 32.927 36.378 28.689 25.669 22.165 17.264 15.077 10.549 8.562 9.008 2.569 0.710 2.408 8.033 8.140 11.901 16.978 20.868 19.534 21.101 22.489 25.515 -999.250 -999.250 -999.250 -999.250 -999.250 -999.250 -999.250 -999.250 -999.250 -999.250 -999.250 -999.250 -999.250 -999.250 -999.250 -999.250 -999.250 -999.250 -999.250 -999.250 -999.250 -999.250 -999.250 -999.250 -999.250 -999.250 -999.250 -999.250 -999.250 -999.250 -999.250 -999.250 -999.250 -999.250 -999.250 -999.250 -999.250 -999.250
58.232 69.456 71.636 78.798 65.408 59.289 62.856 50.561 46.305 45.436 29.210 23.896 25.507 22.390 17.652 14.929 8.197 7.220 4.049 2.411 1.163 3.850 6.819 13.066 13.417 14.775 16.342 14.392 18.602 21.328 -999.250 -999.250 -999.250 -999.250 -999.250 -999.250 -999.250 -999.250 -999.250 -999.250 -999.250 -999.250 -999.250 -999.250 -999.250 -999.250 -999.250 -999.250 -999.250 -999.250 -999.250 -999.250 -999.250 -999.250 -999.250 -999.250 -999.250 -999.250 -999.250 -999.250 -999.250 -999.250 -999.250 -999.250 -999.250 -999.250 -999.250 -999.250
98.142 88.676 97.661 98.181 87.919 94.316 84.737 64.137 51.514 41.841 35.798 25.610 27.177 31.596 21.690 13.948 8.092 6.324 2.676 1.059 0.235 1.106 4.673 6.142 8.483 9.143 9.222 10.700 13.924 13.949 10.750 -999.250 -999.250 -999.250 -999.250 -999.250 -999.250 -999.250 -999.250 -999.250 -999.250 -999.250 -999.250 -999.250 -999.250 -999.250 -999.250 -999.250 -999.250 -999.250 -999.250 -999.250 -999.250 -999.250 -999.250 -999.250 -999.250 -999.250 -999.250 -999.250 -999.250 -999.250 -999.250 -999.250 -999.250 -999.250 -999.250 -999.250
127.634 122.961 114.815 110.516 129.087 110.340 92.277 82.202 70.655 50.400 40.641 28.084 25.202 22.661 17.730 11.599 4.125 6.719 1.054 1.880 2.088 0.354 4.737 3.313 3.776 5.775 5.736 9.495 10.748 9.956 8.967 8.555 -999.250 -999.250 -999.250 -999.250 -999.250 -999.250 -999.250 -999.250 -999.250 -999.250 -999.250 -999.250 -999.250 -999.250 -999.250 -999.250 -999.250 -999.250 -999.250 -999.250 -999.250 -999.250 -999.250 -999.250 -999.250 -999.250 -999.250 -999.250 -999.250 -999.250 -999.250 -999.250 -999.250 -999.250 -999.250 -999.250
136.543 143.558 154.908 150.059 137.978 135.483 112.677 91.760 70.741 49.924 38.556 29.637 24.011 18.693 13.927 8.689 2.771 2.469 2.639 1.106 0.000 3.482 1.949 2.933 0.000 0.000 2.442 5.619 7.984 5.353 4.796 9.036 11.132 9.618 8.813 -999.250 -999.250 -999.250 -999.250 -999.250 -999.250 -999.250 -999.250 -999.250 -999.250 -999.250 -999.250 -999.250 -999.250 -999.250 -999.250 -999.250 -999.250 -999.250 -999.250 -999.250 -999.250 -999.250 -999.250 -999.250 -999.250 -999.250 -999.250 -999.250 -999.250 -999.250 -999.250 -999.250
175.011 177.822 190.726 180.839 174.129 163.456 128.404 103.042 99.140 64.086 48.912 32.859 20.800 16.116 7.936 0.295 2.063 1.927 1.084 0.000 1.432 0.853 0.024 1.429 0.000 0.000 0.239 0.000 1.326 1.290 2.048 6.068 5.143 9.260 4.851 -999.250 -999.250 -999.250 -999.250 -999.250 -999.250 -999.250 -999.250 -999.250 -999.250 -999.250 -999.250 -999.250 -999.250 -999.250 -999.250 -999.250 -999.250 -999.250 -999.250 -999.250 -999.250 -999.250 -999.250 -999.250 -999.250 -999.250 -999.250 -999.250 -999.250 -999.250 -999.250 -999.250
186.241 201.963 209.551 205.940 196.108 171.012 149.453 117.891 102.380 74.216 41.147 27.210 17.362 12.569 2.153 0.000 0.000 0.000 0.443 0.718 0.407 1.046 0.000 0.821 2.614 0.000 0.162 0.566 0.073 2.061 2.020 0.873 8.086 6.847 -999.250 -999.250 -999.250 -999.250 -999.250 -999.250 -999.250 -999.250 -999.250 -999.250 -999.250 -999.250 -999.250 -999.250 -999.250 -999.250 -999.250 -999.250 -999.250 -999.250 -999.250 -999.250 -999.250 -999.250 -999.250 -999.250 -999.250 -999.250 -999.250 -999.250 -999.250 -999.250 -999.250 -999.250
214.108 221.995 227.085 235.555 193.893 194.686 152.883 134.543 103.343 67.840 43.650 23.563 11.628 2.084 0.000 0.000 0.000 0.000 0.000 3.644 1.253 0.000 0.431 0.000 1.306 0.000 1.307 0.000 1.763 0.000 0.000 1.782 3.862 5.873 -999.250 -999.250 -999.250 0.000 0.000 0.857 -999.250 -999.250 -999.250 -999.250 -999.250 -999.250 -999.250 -999.250 -999.250 -999.250 -999.250 -999.250 -999.250 -999.250 -999.250 -999.250 -999.250 -999.250 -999.250 -999.250 -999.250 -999.250 -999.250 -999.250 -999.250 -999.250 -999.250 -999.250
249.118 267.687 266.057 264.008 210.713 196.854 169.873 144.519 107.443 68.564 47.058 23.629 2.976 0.000 0.000 0.000 0.000 0.000 0.000 2.703 0.000 0.480 2.232 2.861 0.000 0.000 0.537 0.000 2.810 0.000 0.000 1.017 2.840 6.267 3.634 4.327 8.672 2.578 0.304 0.000 0.000 -999.250 -999.250 -999.250 -999.250 -999.250 -999.250 -999.250 -999.250 -999.250 -999.250 -999.250 -999.250 -999.250 -999.250 -999.250 -999.250 -999.250 -999.250 -999.250 -999.250 -999.250 -999.250 -999.250 -999.250 -999.250 -999.250 -999.250
249.643 276.633 353.190 284.518 239.197 201.582 178.891 144.207 122.626 75.334 41.972 23.994 0.000 0.000 0.000 0.000 0.000 0.000 0.000 0.000 0.502 1.578 1.413 0.000 0.086 0.462 1.624 3.324 4.684 1.289 0.000 3.939 6.122 6.988 7.639 4.728 7.631 0.785 0.000 0.000 0.000 1.243 -999.250 -999.250 -999.250 -999.250 -999.250 -999.250 -999.250 -999.250 -999.250 -999.250 -999.250 -999.250 -999.250 -999.250 -999.250 -999.250 -999.250 -999.250 -999.250 -999.250 -999.250 -999.250 -999.250 -999.250 -999.250 -999.250
246.929 274.169 273.610 256.175 225.894 201.922 175.536 143.213 105.986 78.666 49.638 31.807 14.853 8.221 0.901 0.170 0.000 0.000 4.131 3.000 2.062 2.520 0.988 0.000 0.000 0.000 1.447 4.387 6.946 2.381 4.352 2.925 7.836 7.152 8.377 6.083 4.991 2.170 0.000 0.000 2.554 5.376 -999.250 -999.250 -999.250 -999.250 -999.250 -999.250 -999.250 -999.250 -999.250 -999.250 -999.250 -999.250 -999.250 -999.250 -999.250 -999.250 -999.250 -999.250 -999.250 -999.250 -999.250 -999.250 -999.250 -999.250 -999.250 -999.250
227.699 221.059 236.267 241.962 208.824 188.959 168.639 125.958 116.169 89.828 57.792 38.725 24.311 18.057 8.011 5.416 5.386 8.220 6.880 6.232 5.510 3.077 3.710 0.000 0.000 4.022 4.998 3.325 7.417 9.853 7.601 10.488 11.870 10.162 8.338 8.301 6.103 2.309 6.522 2.352 1.731 3.219 -999.250 -999.250 -999.250 -999.250 -999.250 -999.250 -999.250 -999.250 -999.250 -999.250 -999.250 -999.250 -999.250 -999.250 -999.250 -999.250 -999.250 -999.250 -999.250 -999.250 -999.250 -999.250 -999.250 -999.250 -999.250 -999.250
202.460 202.625 201.833 201.262 181.290 174.158 158.303 137.716 111.438 86.848 68.733 52.677 39.068 29.384 18.971 13.456 10.683 11.790 10.875 10.814 7.485 6.735 8.445 5.728 5.323 5.898 6.588 8.299 7.690 11.757 9.180 12.302 14.973 16.566 11.377 11.042 7.703 7.853 5.503 4.752 2.142 3.230 0.609 -999.250 -999.250 -999.250 -999.250 -999.250 -999.250 -999.250 -999.250 -999.250 -999.250 -999.250 -999.250 -999.250 -999.250 -999.250 -999.250 -999.250 -999.250 -999.250 -999.250 -999.250 -999.250 -999.250 -999.250 -999.250
179.474 178.713 189.955 176.784 175.769 160.547 151.343 116.702 102.844 101.367 88.362 70.299 51.871 40.090 24.283 21.867 17.238 15.748 12.704 16.293 13.830 11.535 12.925 7.635 11.630 12.934 12.221 8.246 10.316 12.213 10.866 15.220 17.073 10.484 11.612 13.793 8.669 7.030 6.183 7.405 5.255 4.878 -999.250 -999.250 -999.250 -999.250 -999.250 -999.250 -999.250 -999.250 -999.250 -999.250 -999.250 -999.250 -999.250 -999.250 -999.250 -999.250 -999.250 -999.250 -999.250 -999.250 -999.250 -999.250 -999.250 -999.250 -999.250 -999.250
162.849 160.043 158.466 159.960 160.946 148.799 155.932 128.374 104.970 99.694 89.392 76.745 61.486 53.584 38.665 29.591 27.604 18.694 21.417 19.931 17.213 12.765 13.752 14.973 12.715 16.126 15.466 13.335 14.650 13.900 16.855 15.875 16.502 13.783 17.213 12.988 9.218 9.632 5.423 5.493 5.029 -999.250 -999.250 -999.250 -999.250 -999.250 -999.250 -999.250 -999.250 -999.250 -999.250 -999.250 -999.250 -999.250 -999.250 -999.250 -999.250 -999.250 -999.250 -999.250 -999.250 -999.250 -999.250 -999.250 -999.250 -999.250 -999.250 -999.250
145.954 146.015 143.780 153.439 145.642 139.962 121.161 117.448 109.700 100.622 84.632 90.662 74.354 54.543 37.732 29.794 27.370 23.317 21.767 21.402 23.367 21.870 17.826 15.940 17.309 20.717 19.156 14.235 14.742 18.716 22.500 18.237 17.816 18.753 19.756 18.960 14.868 8.681 11.048 8.320 7.764 -999.250 -999.250 -999.250 -999.250 -999.250 -999.250 -999.250 -999.250 -999.250 -999.250 -999.250 -999.250 -999.250 -999.250 -999.250 -999.250 -999.250 -999.250 -999.250 -999.250 -999.250 -999.250 -999.250 -999.250 -999.250 -999.250 -999.250
112.899 125.304 110.479 132.455 128.436 124.968 133.595 111.015 106.485 90.653 90.414 82.658 80.793 53.576 35.201 30.410 29.910 29.344 24.327 22.687 25.696 23.374 20.196 17.961 19.058 22.138 20.121 18.219 20.568 20.936 25.450 16.560 22.429 22.611 22.569 17.263 14.126 14.252 11.954 8.550 -999.250 -999.250 -999.250 -999.250 -999.250 -999.250 -999.250 -999.250 -999.250 -999.250 -999.250 -999.250 -999.250 -999.250 -999.250 -999.250 -999.250 -999.250 -999.250 -999.250 -999.250 -999.250 -999.250 -999.250 -999.250 -999.250 -999.250 -999.250
102.755 94.781 114.390 118.039 108.561 109.832 108.382 100.427 90.817 92.184 69.176 74.146 64.975 52.800 41.135 39.385 37.795 30.180 29.256 25.560 24.255 23.959 22.836 17.613 20.659 23.889 19.859 21.237 18.674 23.694 23.294 25.746 23.831 22.833 22.361 18.566 17.474 16.339 7.482 8.733 -999.250 -999.250 -999.250 -999.250 -999.250 -999.250 -999.250 -999.250 -999.250 -999.250 -999.250 -999.250 -999.250 -999.250 -999.250 -999.250 -999.250 -999.250 -999.250 -999.250 -999.250 -999.250 -999.250 -999.250 -999.250 -999.250 -999.250 -999.250
76.903 87.351 102.845 91.567 88.593 101.712 98.126 91.054 78.848 73.910 69.949 60.009 54.426 44.390 42.120 41.948 31.755 30.385 26.811 24.513 23.752 24.754 19.817 21.131 24.043 20.320 24.388 20.656 20.917 21.639 22.739 24.998 26.635 24.717 20.995 21.545 17.107 16.339 14.672 -999.250 -999.250 -999.250 -999.250 -999.250 -999.250 -999.250 -999.250 -999.250 -999.250 -999.250 -999.250 -999.250 -999.250 -999.250 -999.250 -999.250 -999.250 -999.250 -999.250 -999.250 -999.250 -999.250 -999.250 -999.250 -999.250 -999.250 -999.250 -999.250
