data/medianmodel_18-Jun-2020.asc
ncols	141
nrows	288
xllcorner	-120191.398
yllcorner	-301404.813
cellsize	2000.000
NODATA_value	-999.250
[rows 186 to 216 of 288, columns 0 to 68 of 141]
86.435 90.981 108.060 113.109 109.956 108.604 106.824 147.777 167.555 210.270 203.980 224.782 203.031 144.783 97.743 103.599 106.785 102.984 -999.250 -999.250 -999.250 -999.250 -999.250 46.490 38.795 45.282 45.799 45.274 53.117 41.947 43.124 32.456 28.193 35.381 26.296 27.664 19.081 14.060 14.281 12.421 12.735 12.471 8.949 8.573 6.238 8.680 5.611 6.759 5.588 6.783 4.494 1.719 3.436 2.792 0.000 0.000 0.000 0.000 0.000 0.000 0.000 0.000 0.000 0.000 0.000 0.000 0.000 0.000 0.000
-999.250 100.060 106.358 100.869 112.701 105.611 92.364 124.366 158.303 197.130 207.899 239.157 244.968 174.644 114.902 89.918 81.187 103.945 -999.250 -999.250 -999.250 -999.250 34.702 42.913 25.778 31.225 34.415 38.359 30.250 35.173 31.691 27.096 19.353 20.650 27.690 21.435 22.606 18.677 11.761 18.718 15.793 11.644 11.041 9.290 6.004 7.949 4.922 7.298 10.728 9.829 3.976 4.501 1.205 1.340 0.000 0.000 0.000 0.000 0.000 0.000 0.000 0.000 0.000 0.000 0.000 0.000 0.000 0.000 0.000
-999.250 90.585 87.500 86.738 79.048 85.656 73.638 100.533 113.061 140.588 158.632 201.413 198.731 153.016 105.356 103.432 80.510 83.437 -999.250 -999.250 -999.250 41.401 -999.250 36.385 37.383 24.434 27.618 25.764 24.480 22.013 22.523 17.657 21.807 19.984 31.416 23.605 19.210 15.846 12.338 13.084 13.463 7.213 6.996 7.152 5.762 6.048 5.717 7.322 6.982 7.436 5.473 4.748 1.187 1.061 0.437 0.000 0.000 0.000 0.000 0.000 0.000 0.000 0.000 0.000 0.000 0.000 0.000 0.000 0.000
-999.250 76.277 82.543 64.589 72.804 90.966 86.503 78.951 77.811 90.038 96.838 110.964 123.247 116.171 100.379 93.844 109.841 -999.250 -999.250 -999.250 -999.250 22.859 23.629 25.207 27.024 27.600 25.464 22.500 20.007 13.678 18.218 24.177 28.867 22.863 22.684 20.189 17.437 19.179 16.053 15.754 10.845 7.873 6.134 6.099 4.558 5.027 10.108 7.693 7.630 3.724 2.848 4.017 4.355 1.966 2.130 0.308 0.000 0.000 0.000 0.000 0.000 0.000 0.000 0.000 0.000 0.000 0.000 0.000 0.000
-999.250 83.935 67.437 65.073 70.625 83.195 84.755 89.948 86.876 71.799 67.231 83.987 91.075 96.861 95.969 96.085 86.407 -999.250 -999.250 -999.250 23.060 21.719 24.300 25.438 30.889 22.537 21.177 14.901 20.215 9.495 13.308 23.824 28.594 29.891 19.068 24.519 23.586 24.690 20.845 11.135 14.582 10.249 8.839 8.529 4.623 7.221 8.709 7.366 6.202 3.152 2.148 2.818 1.586 0.434 2.945 1.474 0.000 0.000 0.000 0.000 0.000 0.000 0.000 0.000 0.000 0.000 0.000 0.000 0.000
-999.250 -999.250 -999.250 81.219 -999.250 -999.250 86.340 86.304 72.480 -999.250 -999.250 -999.250 79.800 85.250 -999.250 -999.250 -999.250 -999.250 -999.250 -999.250 23.208 20.538 18.861 19.461 20.690 19.698 16.468 15.160 9.701 9.487 12.754 22.718 25.131 27.139 30.167 27.396 19.399 21.325 19.869 15.792 15.393 10.858 8.583 4.534 4.710 5.487 6.838 6.744 5.040 0.877 0.000 0.317 0.940 0.000 1.420 0.000 0.000 0.000 0.000 0.000 0.000 0.000 0.000 0.000 0.000 0.000 0.000 0.281 0.000
-999.250 -999.250 -999.250 -999.250 -999.250 -999.250 -999.250 -999.250 -999.250 -999.250 -999.250 -999.250 -999.250 63.959 54.716 63.103 -999.250 -999.250 -999.250 36.592 38.181 30.645 37.956 23.861 20.139 16.119 15.891 15.114 13.123 11.924 15.616 21.479 22.956 24.748 22.850 17.151 19.010 18.045 21.564 11.501 9.041 8.741 7.442 7.434 4.387 8.885 3.143 2.082 3.972 4.088 0.000 0.000 0.751 0.000 0.000 0.000 0.000 0.000 0.000 0.000 0.000 0.220 0.000 0.000 0.000 0.000 0.000 0.340 0.000
-999.250 -999.250 -999.250 -999.250 -999.250 -999.250 -999.250 -999.250 -999.250 -999.250 -999.250 64.077 58.078 65.417 53.918 60.933 -999.250 -999.250 50.365 75.851 64.075 54.907 55.906 31.755 18.647 13.960 13.853 16.638 16.774 14.850 17.654 20.535 19.132 20.514 12.817 22.211 15.840 12.957 14.260 11.980 9.227 7.285 6.295 4.827 4.612 2.688 0.627 3.491 3.173 2.289 0.030 1.050 0.694 0.000 0.000 0.000 0.000 0.000 0.000 0.306 0.000 0.596 0.000 0.000 0.000 0.000 0.000 0.687 0.928
-999.250 -999.250 -999.250 -999.250 -999.250 -999.250 -999.250 -999.250 -999.250 -999.250 -999.250 56.116 49.067 59.108 42.018 48.148 50.142 40.517 52.555 76.034 68.365 90.052 57.281 32.930 12.679 16.744 15.560 11.883 16.143 23.922 24.199 21.767 20.701 17.736 17.956 16.078 17.074 14.141 14.980 11.509 9.521 5.380 7.641 6.890 7.889 1.241 3.249 5.667 1.718 2.717 1.666 3.017 1.948 0.825 1.309 0.000 0.000 0.000 0.000 0.357 0.000 0.000 0.000 0.000 0.000 0.000 0.493 0.000 2.359
-999.250 -999.250 -999.250 -999.250 -999.250 -999.250 -999.250 -999.250 -999.250 -999.250 -999.250 -999.250 53.527 54.557 42.928 52.575 56.631 45.286 61.443 65.200 57.947 70.637 53.311 23.731 18.938 15.607 17.407 15.816 15.419 22.612 16.828 19.081 14.872 20.121 14.871 17.919 14.592 18.710 12.708 13.663 9.337 7.362 5.862 6.446 11.329 4.144 4.884 5.467 1.723 4.088 0.796 2.439 3.747 2.004 0.800 0.674 0.000 3.712 1.422 2.498 2.210 0.055 1.939 0.000 1.930 0.380 2.092 2.917 3.764
-999.250 -999.250 -999.250 -999.250 -999.250 -999.250 -999.250 -999.250 -999.250 -999.250 -999.250 -999.250 -999.250 46.505 45.614 57.848 59.893 47.386 42.102 44.076 51.194 50.025 42.638 25.576 24.719 23.176 22.958 20.765 16.945 17.917 24.217 18.026 16.606 19.032 15.995 10.068 10.318 15.951 13.081 9.159 8.946 7.310 8.969 6.565 6.485 5.494 5.161 4.029 4.593 1.565 0.543 3.527 2.693 3.809 0.000 1.337 1.514 5.295 3.968 8.282 5.837 4.658 4.494 4.898 4.243 3.866 3.344 4.725 5.781
-999.250 -999.250 -999.250 -999.250 -999.250 -999.250 -999.250 -999.250 -999.250 -999.250 -999.250 -999.250 -999.250 48.083 53.055 59.421 49.073 29.639 35.197 39.822 34.007 42.189 47.292 28.642 23.485 29.634 24.906 27.544 17.089 21.059 20.112 30.247 24.257 21.641 17.746 12.095 9.547 12.661 8.876 8.289 7.736 10.634 7.572 3.952 6.424 4.314 4.135 3.004 3.132 2.572 1.967 4.969 4.141 1.562 1.334 1.686 4.780 5.591 5.612 7.511 7.695 3.314 6.908 5.687 3.581 2.537 7.176 5.632 8.062
-999.250 -999.250 -999.250 -999.250 -999.250 -999.250 -999.250 -999.250 -999.250 -999.250 -999.250 -999.250 -999.250 35.067 41.152 42.418 24.282 22.495 21.230 23.502 33.518 35.297 27.807 33.242 20.681 21.842 23.453 20.305 18.827 15.770 15.870 18.699 24.276 16.489 17.357 16.461 8.229 13.636 9.408 4.162 5.883 5.634 4.328 5.811 4.716 4.398 3.808 2.928 2.018 4.157 3.994 5.448 3.139 2.997 0.272 2.767 4.874 6.282 10.053 9.185 8.440 9.716 7.660 5.812 4.015 3.961 3.819 5.570 8.773
-999.250 -999.250 -999.250 -999.250 -999.250 -999.250 -999.250 -999.250 -999.250 -999.250 -999.250 -999.250 -999.250 -999.250 41.271 29.356 22.747 16.737 19.283 16.797 29.946 26.912 26.987 25.307 16.981 18.501 20.240 18.990 15.661 13.795 13.538 17.579 14.274 16.189 13.020 14.801 8.622 11.203 7.887 8.045 3.116 3.944 3.200 5.102 6.456 3.931 4.504 4.077 5.051 4.021 5.437 3.506 1.638 1.956 3.147 3.935 4.582 8.712 8.663 10.048 9.255 7.424 6.272 3.933 3.558 4.978 4.148 9.387 7.596
-999.250 -999.250 -999.250 -999.250 -999.250 -999.250 -999.250 -999.250 -999.250 -999.250 -999.250 -999.250 -999.250 -999.250 42.424 39.553 24.376 20.814 19.708 20.558 23.578 28.069 26.754 20.937 20.503 20.798 15.833 21.784 24.321 14.266 13.260 10.962 20.907 21.559 15.946 15.431 17.268 9.731 6.711 3.836 3.899 6.000 3.933 4.563 6.165 4.938 4.770 5.709 5.414 9.846 6.185 3.246 1.576 1.645 3.588 4.629 2.814 6.345 6.664 6.587 5.784 7.539 3.680 4.276 4.522 5.294 4.335 7.090 7.450
-999.250 -999.250 -999.250 -999.250 -999.250 -999.250 -999.250 -999.250 -999.250 -999.250 -999.250 -999.250 -999.250 -999.250 36.245 35.486 36.081 24.414 26.727 29.298 26.447 40.318 16.890 22.110 26.516 23.032 21.559 14.971 14.338 13.454 9.094 18.406 21.861 21.582 20.572 23.747 12.734 12.957 8.467 7.726 3.168 4.637 8.470 5.530 5.105 5.713 3.411 1.105 4.569 5.514 6.882 6.512 6.009 1.504 6.236 7.345 5.289 7.150 5.682 3.260 7.151 4.891 6.372 4.627 5.261 4.193 5.142 6.833 8.857
-999.250 -999.250 -999.250 -999.250 -999.250 -999.250 -999.250 -999.250 -999.250 -999.250 -999.250 -999.250 -999.250 -999.250 45.138 42.143 25.109 27.201 32.081 32.711 34.382 30.102 19.087 20.035 21.797 -999.250 23.256 16.840 16.038 17.880 20.073 13.112 19.508 17.690 16.699 18.354 15.616 15.761 6.076 4.046 5.003 6.075 6.830 5.695 6.280 4.325 3.832 2.498 4.268 4.021 5.022 2.848 3.244 5.369 7.404 10.843 5.393 6.106 7.354 5.467 5.790 5.701 3.665 4.241 4.131 4.155 3.649 4.679 7.206
-999.250 -999.250 -999.250 -999.250 -999.250 -999.250 -999.250 -999.250 -999.250 -999.250 -999.250 -999.250 -999.250 -999.250 41.606 31.263 31.931 36.834 30.623 28.958 32.121 24.154 20.150 -999.250 -999.250 -999.250 20.361 22.142 18.504 20.266 18.165 19.382 18.572 16.967 19.327 20.087 8.234 7.929 8.158 6.351 5.616 6.676 4.693 4.500 7.109 3.422 2.215 2.490 3.137 4.992 5.826 6.213 3.938 4.760 6.660 9.411 11.066 9.096 8.426 8.851 8.726 5.994 4.290 3.982 3.502 6.985 4.762 8.177 7.152
-999.250 -999.250 -999.250 -999.250 -999.250 -999.250 -999.250 -999.250 -999.250 -999.250 -999.250 -999.250 -999.250 39.459 42.581 44.187 35.486 25.954 19.989 18.621 20.328 22.314 -999.250 -999.250 -999.250 -999.250 -999.250 16.527 19.702 18.434 12.602 18.949 14.996 12.058 16.701 11.206 10.136 9.422 6.428 7.050 7.868 7.816 7.443 4.817 6.140 4.952 5.371 4.696 1.598 4.500 7.227 6.070 5.780 6.841 9.222 9.939 10.603 8.542 10.544 9.207 7.101 7.697 5.680 7.548 5.479 7.000 7.133 6.438 5.649
-999.250 -999.250 -999.250 -999.250 -999.250 -999.250 -999.250 -999.250 -999.250 -999.250 -999.250 -999.250 -999.250 28.325 36.804 39.090 30.713 26.324 27.181 17.532 -999.250 -999.250 -999.250 -999.250 -999.250 -999.250 -999.250 -999.250 11.644 15.115 19.773 14.795 15.011 13.572 15.054 13.751 4.111 8.863 9.545 10.550 8.236 8.307 8.409 6.386 6.866 3.385 4.266 3.428 2.265 7.548 8.728 5.821 7.541 10.557 10.600 8.443 10.408 10.680 8.380 8.321 5.340 7.969 9.895 5.575 7.167 7.177 6.793 2.232 2.977
-999.250 -999.250 -999.250 -999.250 -999.250 -999.250 -999.250 -999.250 -999.250 -999.250 -999.250 -999.250 31.370 29.900 -999.250 -999.250 -999.250 -999.250 -999.250 -999.250 -999.250 -999.250 -999.250 -999.250 -999.250 -999.250 -999.250 -999.250 -999.250 14.555 13.926 11.133 9.806 10.944 14.495 12.242 10.044 10.809 6.691 11.308 7.368 5.604 5.488 5.760 6.962 4.101 4.326 5.695 3.762 4.887 7.226 7.706 8.817 7.122 8.158 12.194 8.540 7.352 8.487 6.218 9.741 6.411 8.252 9.375 6.157 6.268 4.486 4.682 6.380
-999.250 -999.250 -999.250 -999.250 -999.250 -999.250 -999.250 -999.250 -999.250 -999.250 -999.250 -999.250 -999.250 -999.250 -999.250 -999.250 -999.250 -999.250 -999.250 -999.250 -999.250 -999.250 -999.250 -999.250 -999.250 -999.250 -999.250 -999.250 -999.250 -999.250 17.557 8.666 11.279 11.464 8.341 8.059 6.641 8.100 6.393 7.707 5.122 4.852 0.824 0.803 3.877 2.639 4.046 5.767 4.272 3.774 5.223 9.032 9.217 7.079 8.854 8.952 7.678 6.499 6.753 7.267 6.661 8.800 11.665 9.736 11.191 10.094 7.777 6.444 6.096
-999.250 -999.250 -999.250 -999.250 -999.250 -999.250 -999.250 -999.250 -999.250 -999.250 -999.250 -999.250 -999.250 -999.250 -999.250 -999.250 -999.250 -999.250 -999.250 -999.250 -999.250 -999.250 -999.250 -999.250 -999.250 -999.250 -999.250 -999.250 -999.250 -999.250 12.870 8.904 9.505 11.972 14.048 5.861 6.683 5.823 6.983 4.997 1.343 0.920 0.000 0.501 2.624 2.688 4.139 3.478 2.504 4.608 6.152 5.643 4.370 9.243 9.674 11.180 4.871 6.358 7.542 7.709 6.972 10.672 7.206 10.097 7.283 13.726 11.864 7.521 6.500
-999.250 -999.250 -999.250 -999.250 -999.250 -999.250 -999.250 -999.250 -999.250 -999.250 -999.250 -999.250 -999.250 -999.250 -999.250 -999.250 -999.250 -999.250 -999.250 -999.250 -999.250 -999.250 -999.250 -999.250 -999.250 -999.250 -999.250 -999.250 -999.250 -999.250 9.252 8.073 7.273 7.142 6.112 8.657 6.796 8.058 7.262 3.368 0.000 0.000 0.000 0.000 0.116 1.373 1.145 3.897 4.449 6.212 8.321 7.001 9.307 9.772 8.893 8.345 7.516 5.568 9.587 8.146 6.036 6.112 9.371 9.106 12.141 19.149 15.813 9.825 6.210
-999.250 -999.250 -999.250 -999.250 -999.250 -999.250 -999.250 -999.250 -999.250 -999.250 -999.250 -999.250 -999.250 -999.250 -999.250 -999.250 -999.250 -999.250 -999.250 -999.250 -999.250 -999.250 -999.250 -999.250 -999.250 -999.250 -999.250 -999.250 -999.250 -999.250 -999.250 6.902 6.416 9.155 8.192 9.409 4.703 7.026 5.972 3.505 0.000 0.000 0.000 0.000 0.000 1.489 2.013 4.187 2.806 4.362 3.778 7.412 8.261 7.322 9.827 7.145 10.182 7.966 7.871 8.378 8.666 5.838 6.724 6.957 15.885 23.221 19.734 8.869 5.025
-999.250 -999.250 -999.250 -999.250 -999.250 -999.250 -999.250 -999.250 -999.250 -999.250 -999.250 -999.250 -999.250 -999.250 -999.250 -999.250 -999.250 -999.250 -999.250 -999.250 -999.250 -999.250 -999.250 -999.250 -999.250 -999.250 -999.250 -999.250 -999.250 -999.250 -999.250 4.693 7.805 9.579 12.071 7.326 4.584 4.452 7.042 4.034 1.577 0.000 0.000 0.000 0.292 0.597 3.023 0.000 3.525 7.696 5.564 5.904 6.666 6.744 6.732 7.403 5.947 6.813 5.174 7.855 7.969 5.638 7.918 12.585 16.658 38.873 19.355 8.359 5.025
-999.250 -999.250 -999.250 -999.250 -999.250 -999.250 -999.250 -999.250 -999.250 -999.250 -999.250 -999.250 -999.250 -999.250 -999.250 -999.250 -999.250 -999.250 -999.250 -999.250 -999.250 -999.250 -999.250 -999.250 -999.250 -999.250 -999.250 -999.250 -999.250 -999.250 -999.250 4.152 5.513 10.105 9.801 10.232 4.893 2.066 6.584 5.235 2.977 1.040 0.000 0.000 2.779 3.933 3.022 0.598 0.000 2.892 3.798 6.338 5.347 5.907 5.938 4.259 4.443 9.481 9.141 5.609 6.053 3.751 5.705 7.954 14.213 17.730 13.457 6.702 4.224
-999.250 -999.250 -999.250 -999.250 -999.250 -999.250 -999.250 -999.250 -999.250 -999.250 -999.250 -999.250 -999.250 -999.250 -999.250 -999.250 -999.250 -999.250 -999.250 -999.250 -999.250 -999.250 -999.250 -999.250 -999.250 -999.250 -999.250 -999.250 -999.250 -999.250 -999.250 3.178 9.075 7.818 9.060 8.515 8.006 3.225 3.138 5.706 6.328 4.603 5.403 2.707 4.534 3.448 2.775 3.159 4.585 1.562 2.691 2.368 4.086 3.062 0.960 2.833 6.628 5.522 7.143 6.589 4.801 4.712 6.185 4.387 6.285 7.409 10.000 5.023 6.142
-999.250 -999.250 -999.250 -999.250 -999.250 -999.250 -999.250 -999.250 -999.250 -999.250 -999.250 -999.250 -999.250 -999.250 -999.250 -999.250 -999.250 -999.250 -999.250 -999.250 -999.250 -999.250 -999.250 -999.250 -999.250 -999.250 -999.250 -999.250 -999.250 -999.250 -999.250 5.758 6.416 6.852 7.233 5.710 4.229 1.679 4.591 4.738 3.295 2.475 2.942 0.323 1.498 0.866 4.037 3.285 4.570 3.730 2.791 0.000 1.421 0.000 0.000 0.000 2.874 5.841 4.540 4.324 2.404 2.444 2.732 2.893 1.730 3.298 5.400 3.736 1.777
-999.250 -999.250 -999.250 -999.250 -999.250 -999.250 -999.250 -999.250 -999.250 -999.250 -999.250 -999.250 -999.250 -999.250 -999.250 -999.250 -999.250 -999.250 -999.250 -999.250 -999.250 -999.250 -999.250 -999.250 -999.250 -999.250 -999.250 -999.250 -999.250 -999.250 -999.250 6.454 6.986 5.209 2.128 0.622 0.486 0.960 0.000 2.798 4.225 3.644 5.161 0.000 0.000 0.000 1.319 0.000 1.620 1.136 2.817 0.000 0.000 0.000 0.460 0.000 2.274 3.132 0.000 1.533 0.363 1.319 1.162 0.659 0.000 0.000 0.000 0.807 1.220
-999.250 -999.250 -999.250 -999.250 -999.250 -999.250 -999.250 -999.250 -999.250 -999.250 -999.250 -999.250 -999.250 -999.250 -999.250 -999.250 -999.250 -999.250 -999.250 -999.250 -999.250 -999.250 -999.250 -999.250 -999.250 -999.250 -999.250 -999.250 -999.250 -999.250 -999.250 6.161 4.464 3.655 0.000 0.000 0.000 0.990 1.109 0.263 0.888 0.202 1.086 2.666 0.000 0.000 0.000 0.000 1.467 0.000 0.000 0.000 0.000 0.140 0.000 0.000 0.000 0.000 0.000 0.000 0.000 0.000 0.000 1.710 0.000 0.000 0.000 0.000 0.000
