data/medianmodel_07-Aug-2020.asc
ncols	141
nrows	288
xllcorner	-120191.398
yllcorner	-301404.813
cellsize	2000.000
NODATA_value	-999.250
[rows 240 to 269 of 288, columns 0 to 67 of 141]
-999.250 -999.250 -999.250 -999.250 -999.250 -999.250 -999.250 -999.250 -999.250 -999.250 -999.250 -999.250 -999.250 -999.250 -999.250 -999.250 -999.250 -999.250 -999.250 -999.250 -999.250 -999.250 -999.250 -999.250 -999.250 -999.250 -999.250 -999.250 -999.250 -999.250 16.707 17.356 18.528 18.130 15.959 20.322 23.720 18.855 19.583 19.025 15.979 18.257 11.422 8.648 10.566 8.704 9.635 7.468 6.213 4.396 2.571 3.074 1.211 0.447 0.000 0.000 0.000 0.000 0.000 0.000 0.000 0.000 0.000 0.000 0.000 0.000 0.000 0.000
-999.250 -999.250 -999.250 -999.250 -999.250 -999.250 -999.250 -999.250 -999.250 -999.250 -999.250 -999.250 -999.250 -999.250 -999.250 -999.250 -999.250 -999.250 -999.250 -999.250 -999.250 -999.250 -999.250 -999.250 -999.250 -999.250 -999.250 -999.250 -999.250 -999.250 14.027 20.615 19.408 20.162 18.590 22.292 25.939 20.033 19.806 21.560 21.746 18.754 12.809 11.410 11.876 12.167 8.556 6.537 4.658 4.747 2.807 2.772 1.839 0.338 0.000 0.000 0.000 0.000 0.000 0.000 0.000 0.000 0.000 0.000 0.000 0.000 0.000 0.000
-999.250 -999.250 -999.250 -999.250 -999.250 -999.250 -999.250 -999.250 -999.250 -999.250 -999.250 -999.250 -999.250 -999.250 -999.250 -999.250 -999.250 -999.250 -999.250 -999.250 -999.250 -999.250 -999.250 -999.250 -999.250 -999.250 -999.250 -999.250 -999.250 -999.250 13.845 21.926 22.007 21.162 20.017 22.577 23.727 20.818 20.534 22.032 19.363 16.453 12.247 13.548 12.325 11.049 8.232 7.256 6.334 5.308 3.776 3.757 3.197 0.524 0.280 0.000 0.000 0.000 0.000 0.000 0.000 0.000 0.000 0.000 0.000 0.000 0.000 0.000
-999.250 -999.250 -999.250 -999.250 -999.250 -999.250 -999.250 -999.250 -999.250 -999.250 -999.250 -999.250 -999.250 -999.250 -999.250 -999.250 -999.250 -999.250 -999.250 -999.250 -999.250 -999.250 -999.250 -999.250 -999.250 -999.250 -999.250 -999.250 -999.250 -999.250 17.621 20.077 19.119 22.018 24.711 21.442 24.511 22.621 21.498 23.518 19.036 17.771 12.657 14.488 13.659 11.774 11.356 9.684 6.685 6.352 4.131 3.735 2.012 0.316 0.000 0.000 0.000 0.000 0.000 0.000 0.000 0.000 0.000 0.000 0.000 0.000 0.000 0.000
-999.250 -999.250 -999.250 -999.250 -999.250 -999.250 -999.250 -999.250 -999.250 -999.250 -999.250 -999.250 -999.250 -999.250 -999.250 -999.250 -999.250 -999.250 -999.250 -999.250 -999.250 -999.250 -999.250 -999.250 -999.250 -999.250 -999.250 -999.250 -999.250 -999.250 15.304 17.436 22.830 24.800 25.186 21.353 26.566 27.521 23.355 24.294 21.557 21.869 18.176 13.584 9.388 12.267 12.506 10.666 7.330 6.578 5.529 3.621 1.881 0.081 0.000 0.000 0.000 0.000 0.000 0.000 0.000 0.000 0.000 0.000 0.000 0.000 0.000 0.000
-999.250 -999.250 -999.250 -999.250 -999.250 -999.250 -999.250 -999.250 -999.250 -999.250 -999.250 -999.250 -999.250 -999.250 -999.250 -999.250 -999.250 -999.250 -999.250 -999.250 -999.250 -999.250 -999.250 -999.250 -999.250 -999.250 -999.250 -999.250 -999.250 -999.250 -999.250 19.094 16.973 24.023 23.412 22.731 22.779 26.094 29.038 28.160 27.722 24.484 22.571 18.806 14.142 13.486 12.569 12.182 7.459 7.725 5.863 3.426 1.631 0.650 0.000 0.000 0.000 0.000 0.000 0.000 0.000 0.000 0.000 0.000 0.000 0.000 0.000 0.000
-999.250 -999.250 -999.250 -999.250 -999.250 -999.250 -999.250 -999.250 -999.250 -999.250 -999.250 -999.250 -999.250 -999.250 -999.250 -999.250 -999.250 -999.250 -999.250 -999.250 -999.250 -999.250 -999.250 -999.250 -999.250 -999.250 -999.250 -999.250 -999.250 -999.250 -999.250 21.093 22.924 25.222 22.986 26.150 28.203 29.094 27.018 30.086 31.154 29.767 25.793 20.378 18.017 15.294 12.667 12.885 9.576 8.975 6.262 5.798 3.299 0.728 0.000 0.000 0.000 0.000 0.000 0.000 0.000 0.000 0.000 0.000 0.000 0.000 0.000 0.000
-999.250 -999.250 -999.250 -999.250 -999.250 -999.250 -999.250 -999.250 -999.250 -999.250 -999.250 -999.250 -999.250 -999.250 -999.250 -999.250 -999.250 -999.250 -999.250 -999.250 -999.250 -999.250 -999.250 -999.250 -999.250 -999.250 -999.250 -999.250 -999.250 -999.250 20.170 21.282 25.579 25.052 27.317 29.068 30.845 31.745 33.598 33.823 36.290 34.441 27.598 25.155 21.666 17.121 16.923 16.213 12.743 8.242 5.678 4.693 3.497 0.970 0.000 0.000 0.000 0.000 0.000 0.000 0.000 0.000 0.000 0.000 0.000 0.000 0.000 0.000
-999.250 -999.250 -999.250 -999.250 -999.250 -999.250 -999.250 -999.250 -999.250 -999.250 -999.250 -999.250 -999.250 -999.250 -999.250 -999.250 -999.250 -999.250 -999.250 -999.250 -999.250 -999.250 -999.250 -999.250 -999.250 -999.250 -999.250 -999.250 -999.250 -999.250 20.657 23.627 22.964 24.570 31.684 30.168 38.321 36.254 35.973 36.086 35.295 35.434 30.081 28.780 23.876 21.333 18.597 20.988 12.692 8.262 7.147 4.813 2.359 0.673 0.000 0.000 0.000 0.000 0.000 0.000 0.000 0.000 0.000 0.000 0.000 0.000 0.000 0.000
-999.250 -999.250 -999.250 -999.250 -999.250 -999.250 -999.250 -999.250 -999.250 -999.250 -999.250 -999.250 -999.250 -999.250 -999.250 -999.250 -999.250 -999.250 -999.250 -999.250 -999.250 -999.250 -999.250 -999.250 -999.250 -999.250 -999.250 -999.250 -999.250 -999.250 18.131 20.446 24.847 23.029 31.532 36.413 38.678 37.966 37.639 40.896 36.234 36.201 33.113 30.333 27.910 24.886 23.626 18.361 14.722 9.247 7.266 4.140 2.506 0.000 0.000 0.000 0.000 0.000 0.000 0.000 0.000 0.000 0.000 0.000 0.000 0.000 0.000 0.000
-999.250 -999.250 -999.250 -999.250 -999.250 -999.250 -999.250 -999.250 -999.250 -999.250 -999.250 -999.250 -999.250 -999.250 -999.250 -999.250 -999.250 -999.250 -999.250 -999.250 -999.250 -999.250 -999.250 -999.250 -999.250 -999.250 -999.250 -999.250 -999.250 -999.250 18.256 24.249 27.879 26.013 28.678 31.420 33.288 38.171 42.231 44.955 40.988 32.461 35.899 29.664 26.328 22.221 20.957 17.631 11.845 10.611 6.887 4.612 1.849 1.254 0.000 0.000 0.000 0.000 0.000 0.000 0.000 0.000 0.000 0.000 0.000 0.000 0.000 0.000
-999.250 -999.250 -999.250 -999.250 -999.250 -999.250 -999.250 -999.250 -999.250 -999.250 -999.250 -999.250 -999.250 -999.250 -999.250 -999.250 -999.250 -999.250 -999.250 -999.250 -999.250 -999.250 -999.250 -999.250 -999.250 -999.250 -999.250 -999.250 -999.250 -999.250 15.863 20.178 24.822 26.432 29.467 34.137 34.394 39.272 42.938 48.550 40.246 34.690 30.337 29.237 26.129 22.066 23.984 17.775 14.654 9.134 8.316 5.324 3.511 0.948 0.016 0.000 0.000 0.000 0.000 0.000 0.000 0.000 0.000 0.000 0.000 0.000 0.000 0.000
-999.250 -999.250 -999.250 -999.250 -999.250 -999.250 -999.250 -999.250 -999.250 -999.250 -999.250 -999.250 -999.250 -999.250 -999.250 -999.250 -999.250 -999.250 -999.250 -999.250 -999.250 -999.250 -999.250 -999.250 -999.250 -999.250 -999.250 -999.250 -999.250 17.928 17.378 23.808 21.458 23.816 27.766 31.775 33.353 35.548 39.362 39.856 37.506 33.036 29.190 26.513 25.447 19.923 15.730 16.303 13.869 13.225 10.168 6.182 3.916 3.155 0.817 0.000 0.000 0.000 0.000 0.000 0.000 0.000 0.000 0.000 0.000 0.000 0.000 0.000
-999.250 -999.250 -999.250 -999.250 -999.250 -999.250 -999.250 -999.250 -999.250 -999.250 -999.250 -999.250 -999.250 -999.250 -999.250 -999.250 -999.250 -999.250 -999.250 -999.250 -999.250 -999.250 -999.250 -999.250 -999.250 -999.250 -999.250 -999.250 -999.250 -999.250 12.630 17.461 21.171 22.642 21.785 28.409 33.779 38.186 34.923 36.744 35.193 31.391 28.165 24.778 21.097 19.174 18.752 12.450 14.542 11.285 9.484 6.467 3.767 0.867 0.000 0.000 0.000 0.000 0.000 0.000 0.000 0.000 0.000 0.000 0.000 0.000 0.000 0.000
-999.250 -999.250 -999.250 -999.250 -999.250 -999.250 -999.250 -999.250 -999.250 -999.250 -999.250 -999.250 -999.250 -999.250 -999.250 -999.250 -999.250 -999.250 -999.250 -999.250 -999.250 -999.250 -999.250 -999.250 -999.250 -999.250 -999.250 -999.250 -999.250 -999.250 13.961 14.571 17.200 20.771 19.704 24.011 27.996 29.489 31.779 30.782 25.167 23.805 23.628 23.770 20.977 18.852 15.906 14.230 11.943 9.266 7.404 4.209 4.266 0.000 0.000 0.000 0.000 0.000 0.000 0.000 0.000 0.000 0.000 0.000 0.000 0.000 0.000 0.000
-999.250 -999.250 -999.250 -999.250 -999.250 -999.250 -999.250 -999.250 -999.250 -999.250 -999.250 -999.250 -999.250 -999.250 -999.250 -999.250 -999.250 -999.250 -999.250 -999.250 -999.250 -999.250 -999.250 -999.250 -999.250 -999.250 -999.250 -999.250 -999.250 -999.250 -999.250 10.872 13.348 12.768 17.535 19.717 23.307 24.499 25.625 24.376 23.782 23.981 18.580 20.720 17.140 15.912 11.127 11.548 10.975 8.014 5.487 4.546 1.497 0.087 0.000 0.000 0.000 0.000 0.000 0.000 0.000 0.000 0.000 0.000 0.000 0.000 0.000 0.000
-999.250 -999.250 -999.250 -999.250 -999.250 -999.250 -999.250 -999.250 -999.250 -999.250 -999.250 -999.250 -999.250 -999.250 -999.250 -999.250 -999.250 -999.250 -999.250 -999.250 -999.250 -999.250 -999.250 -999.250 -999.250 -999.250 -999.250 -999.250 -999.250 -999.250 -999.250 10.562 10.797 10.909 14.403 14.960 20.396 21.893 21.899 23.326 21.153 17.836 15.842 17.071 16.035 16.548 10.560 10.044 7.976 5.867 6.899 5.094 3.757 1.537 0.175 0.118 0.000 0.000 0.000 0.000 0.000 0.000 0.000 0.000 0.000 0.000 0.000 0.000
-999.250 -999.250 -999.250 -999.250 -999.250 -999.250 -999.250 -999.250 -999.250 -999.250 -999.250 -999.250 -999.250 -999.250 -999.250 -999.250 -999.250 -999.250 -999.250 -999.250 -999.250 -999.250 -999.250 -999.250 -999.250 -999.250 -999.250 -999.250 -999.250 -999.250 7.427 10.286 9.230 11.881 15.140 13.906 18.564 18.602 18.503 19.293 17.434 19.493 16.200 11.753 14.579 11.498 8.683 10.892 7.975 6.719 5.800 3.718 3.740 2.463 2.260 0.814 0.000 0.000 0.000 0.000 0.000 0.000 0.000 0.000 0.000 0.000 0.000 0.000
-999.250 -999.250 -999.250 -999.250 -999.250 -999.250 -999.250 -999.250 -999.250 -999.250 -999.250 -999.250 -999.250 -999.250 -999.250 -999.250 -999.250 -999.250 -999.250 -999.250 -999.250 -999.250 -999.250 -999.250 -999.250 -999.250 -999.250 -999.250 -999.250 -999.250 4.870 8.317 9.924 12.272 11.923 13.045 17.145 16.490 15.457 17.092 16.379 18.136 15.994 14.145 10.979 12.692 9.966 8.548 6.673 6.913 6.155 4.623 4.078 3.525 2.357 1.711 0.000 0.000 0.000 0.000 0.000 0.000 0.000 0.000 0.000 0.000 0.000 0.000
-999.250 -999.250 -999.250 -999.250 -999.250 -999.250 -999.250 -999.250 -999.250 -999.250 -999.250 -999.250 -999.250 -999.250 -999.250 -999.250 -999.250 -999.250 -999.250 -999.250 -999.250 -999.250 -999.250 -999.250 -999.250 -999.250 -999.250 -999.250 -999.250 -999.250 3.602 5.694 7.954 7.679 10.846 13.483 17.693 13.303 14.974 14.057 12.182 15.764 12.256 13.633 11.136 8.497 9.216 7.855 6.857 7.294 6.433 5.277 3.620 2.924 3.428 2.081 1.419 0.441 0.000 0.000 0.000 0.000 0.000 0.000 0.000 0.000 0.000 0.000
-999.250 -999.250 -999.250 -999.250 -999.250 -999.250 -999.250 -999.250 -999.250 -999.250 -999.250 -999.250 -999.250 -999.250 -999.250 -999.250 -999.250 -999.250 -999.250 -999.250 -999.250 -999.250 -999.250 -999.250 -999.250 -999.250 -999.250 -999.250 -999.250 -999.250 4.325 5.272 6.196 8.676 9.586 10.630 11.886 10.401 10.744 9.216 10.556 12.477 11.388 12.534 10.019 9.852 7.039 7.988 8.951 7.396 7.740 6.388 4.238 3.588 4.063 2.653 3.525 0.161 1.447 0.000 0.000 0.000 0.000 0.000 0.000 0.000 0.000 0.000
-999.250 -999.250 -999.250 -999.250 -999.250 -999.250 -999.250 -999.250 -999.250 -999.250 -999.250 -999.250 -999.250 -999.250 -999.250 -999.250 -999.250 -999.250 -999.250 -999.250 -999.250 -999.250 -999.250 -999.250 -999.250 -999.250 -999.250 -999.250 -999.250 -999.250 2.969 3.225 4.161 5.368 6.848 7.417 9.134 10.563 9.194 8.463 10.794 10.947 9.734 10.727 9.575 9.610 8.262 8.189 9.080 7.340 8.519 5.821 4.892 4.850 3.848 3.523 2.471 1.767 1.587 0.445 0.000 0.000 0.000 0.000 0.000 0.000 0.000 0.000
-999.250 -999.250 -999.250 -999.250 -999.250 -999.250 -999.250 -999.250 -999.250 -999.250 -999.250 -999.250 -999.250 -999.250 -999.250 -999.250 -999.250 -999.250 -999.250 -999.250 -999.250 -999.250 -999.250 -999.250 -999.250 -999.250 -999.250 -999.250 -999.250 -999.250 0.855 0.281 2.480 5.074 4.866 7.147 8.021 6.925 7.808 8.405 8.132 10.719 9.054 9.759 10.747 9.628 8.135 9.331 9.090 7.862 7.599 5.409 4.920 5.430 4.706 4.144 4.092 2.636 1.874 0.010 0.939 0.000 0.000 0.000 0.000 0.000 0.000 0.000
-999.250 -999.250 -999.250 -999.250 -999.250 -999.250 -999.250 -999.250 -999.250 -999.250 -999.250 -999.250 -999.250 -999.250 -999.250 -999.250 -999.250 -999.250 -999.250 -999.250 -999.250 -999.250 -999.250 -999.250 -999.250 -999.250 -999.250 -999.250 -999.250 0.000 0.000 0.532 1.435 3.878 3.726 5.404 5.514 6.974 7.880 8.171 8.307 10.153 10.525 11.303 10.045 9.903 8.987 9.586 9.368 10.276 7.732 6.409 6.034 4.985 4.896 5.578 3.655 3.746 3.327 2.562 1.455 1.765 1.989 1.668 0.440 0.480 0.000 0.000
-999.250 -999.250 -999.250 -999.250 -999.250 -999.250 -999.250 -999.250 -999.250 -999.250 -999.250 -999.250 -999.250 -999.250 -999.250 -999.250 -999.250 -999.250 -999.250 -999.250 -999.250 -999.250 -999.250 -999.250 -999.250 -999.250 -999.250 -999.250 -999.250 0.000 0.000 0.000 0.024 2.165 3.741 5.942 6.344 7.966 6.905 9.288 11.223 11.013 13.329 10.355 11.356 10.680 9.849 7.501 10.721 9.181 8.748 5.785 5.796 4.877 5.321 6.330 5.175 4.248 4.124 5.380 4.667 4.257 3.305 4.159 1.830 0.652 0.000 0.000
-999.250 -999.250 -999.250 -999.250 -999.250 -999.250 -999.250 -999.250 -999.250 -999.250 -999.250 -999.250 -999.250 -999.250 -999.250 -999.250 -999.250 -999.250 -999.250 -999.250 -999.250 -999.250 -999.250 -999.250 -999.250 -999.250 -999.250 -999.250 0.000 0.000 0.000 0.000 0.301 2.301 3.948 5.063 5.902 7.801 7.579 12.060 14.082 13.736 12.283 10.612 9.627 8.558 8.537 8.017 10.368 7.623 7.976 7.854 7.138 6.397 5.950 6.845 6.324 5.641 8.082 6.592 6.011 5.469 4.411 4.105 3.255 2.329 0.134 0.418
-999.250 -999.250 -999.250 -999.250 -999.250 -999.250 -999.250 -999.250 -999.250 -999.250 -999.250 -999.250 -999.250 -999.250 -999.250 -999.250 -999.250 -999.250 -999.250 -999.250 -999.250 -999.250 -999.250 -999.250 -999.250 -999.250 -999.250 -999.250 0.000 0.000 0.000 0.000 0.000 1.672 2.733 4.747 7.717 8.307 10.196 13.287 15.862 15.114 14.053 12.893 11.650 9.067 6.957 9.854 8.244 10.355 7.582 8.535 6.208 8.606 9.245 8.217 7.469 8.794 7.618 7.833 7.688 7.283 5.626 4.658 3.183 2.286 1.941 1.640
-999.250 -999.250 -999.250 -999.250 -999.250 -999.250 -999.250 -999.250 -999.250 -999.250 -999.250 -999.250 -999.250 -999.250 -999.250 -999.250 -999.250 -999.250 -999.250 -999.250 -999.250 -999.250 -999.250 -999.250 -999.250 -999.250 -999.250 0.000 0.000 0.000 0.000 0.000 1.073 3.104 4.066 5.126 10.512 10.878 12.077 16.309 19.697 17.297 14.953 13.213 10.851 10.046 9.660 9.924 7.560 7.011 8.515 7.776 7.228 8.813 10.249 10.186 8.495 9.992 8.831 9.528 11.174 10.761 7.391 5.104 4.316 3.002 3.588 2.417
-999.250 -999.250 -999.250 -999.250 -999.250 -999.250 -999.250 -999.250 -999.250 -999.250 -999.250 -999.250 -999.250 -999.250 -999.250 -999.250 -999.250 -999.250 -999.250 -999.250 -999.250 -999.250 -999.250 -999.250 -999.250 -999.250 -999.250 0.000 0.000 0.000 0.000 0.000 1.669 3.539 5.010 5.088 8.357 11.345 13.043 15.100 19.361 16.336 14.406 10.288 11.753 13.920 11.666 11.946 9.468 10.225 8.307 11.098 9.042 10.026 12.254 12.454 11.333 12.057 9.884 12.655 13.514 10.344 9.691 7.689 5.280 5.096 4.248 2.734
-999.250 -999.250 -999.250 -999.250 -999.250 -999.250 -999.250 -999.250 -999.250 -999.250 -999.250 -999.250 -999.250 -999.250 -999.250 -999.250 -999.250 -999.250 -999.250 -999.250 -999.250 -999.250 -999.250 -999.250 -999.250 -999.250 -999.250 0.000 0.000 0.000 0.000 0.875 2.113 4.506 5.401 7.942 7.890 10.266 13.110 17.714 17.390 14.456 10.982 9.595 11.803 10.746 11.203 11.281 9.874 11.298 11.287 11.031 9.340 9.429 11.691 12.509 11.714 13.044 12.612 12.931 11.546 10.600 11.687 9.680 6.922 6.177 4.572 2.646
