data/medianmodel_11-Nov-2020.asc
ncols	141
nrows	288
xllcorner	-120191.398
yllcorner	-301404.813
cellsize	2000.000
NODATA_value	-999.250
[rows 87 to 115 of 288, columns 65 to 129 of 141]
318.022 344.136 376.582 378.620 414.076 445.694 480.286 490.976 473.912 451.461 442.606 416.245 356.917 304.543 225.903 200.190 197.193 206.130 254.614 314.726 411.800 513.893 593.049 704.660 737.575 913.344 917.390 884.482 906.131 964.101 975.665 966.205 952.015 886.943 838.335 725.186 640.125 609.460 505.419 427.842 430.036 427.551 377.191 362.972 389.561 386.581 383.809 408.409 412.317 -999.250 -999.250 -999.250 -999.250 -999.250 -999.250 -999.250 -999.250 -999.250 -999.250 -999.250 -999.250 -999.250 -999.250 -999.250 -999.250
271.770 320.084 362.977 400.975 410.272 468.097 518.232 497.884 491.466 465.459 434.774 409.472 340.673 279.144 224.508 187.009 176.752 180.541 240.299 395.293 476.478 582.279 707.752 756.320 819.946 926.034 1026.774 924.236 975.097 993.291 1068.610 1062.694 1041.854 916.438 836.910 794.104 702.866 605.897 541.742 489.599 418.211 415.715 408.365 395.285 386.038 380.091 403.497 384.618 403.201 401.163 399.494 -999.250 -999.250 -999.250 -999.250 -999.250 -999.250 -999.250 -999.250 -999.250 -999.250 -999.250 -999.250 -999.250 -999.250
264.478 326.824 337.389 389.332 449.603 494.042 547.248 517.486 500.913 468.576 437.379 374.929 308.153 269.251 232.389 191.937 136.075 176.571 292.834 423.857 494.705 636.007 789.843 877.139 919.943 867.957 1039.021 1074.984 1025.562 983.368 1050.686 1006.256 1051.363 946.945 837.117 779.146 658.584 587.089 470.903 454.171 432.277 379.801 404.647 415.305 367.522 376.519 406.094 412.639 385.912 397.531 392.575 -999.250 -999.250 -999.250 -999.250 -999.250 -999.250 -999.250 -999.250 -999.250 -999.250 -999.250 -999.250 -999.250 -999.250
243.150 279.308 318.298 367.947 415.324 453.784 484.217 478.576 492.549 451.340 420.784 400.507 337.299 289.402 232.976 234.436 202.129 137.241 395.307 548.573 734.131 837.913 943.005 1040.072 1009.756 985.704 1108.493 1076.112 1017.808 1027.916 1019.896 1074.210 1045.723 938.075 790.539 761.212 596.710 535.689 461.394 426.786 435.396 406.863 381.032 389.514 381.701 380.678 392.325 392.928 385.744 422.878 442.149 -999.250 -999.250 -999.250 -999.250 -999.250 -999.250 -999.250 -999.250 -999.250 -999.250 -999.250 -999.250 -999.250 -999.250
243.145 250.460 252.720 309.325 360.677 408.553 428.704 452.093 463.082 402.145 387.036 365.374 337.785 302.229 327.649 333.771 336.530 442.855 676.046 870.971 977.945 982.851 1101.033 1132.753 1140.655 1094.401 1155.149 1166.358 1121.487 1045.938 1071.858 1084.586 1091.632 1017.339 850.984 780.945 658.234 541.072 484.581 461.804 426.858 414.966 379.153 384.048 364.542 374.306 415.137 378.649 383.956 373.187 -999.250 -999.250 -999.250 -999.250 -999.250 -999.250 -999.250 -999.250 -999.250 -999.250 -999.250 -999.250 -999.250 -999.250 -999.250
212.701 225.010 234.057 258.712 296.552 339.244 367.560 408.068 399.475 371.955 407.256 402.357 377.807 382.460 413.933 449.068 566.602 736.249 939.986 1210.366 1339.123 1375.819 1438.250 1299.594 1185.347 1287.584 1353.935 1259.766 1147.672 1184.264 1152.269 1025.256 1050.820 914.510 922.155 845.911 639.936 503.632 439.052 410.587 411.400 407.348 362.183 364.664 364.490 368.493 390.031 355.331 379.184 379.573 -999.250 -999.250 -999.250 -999.250 -999.250 -999.250 -999.250 -999.250 -999.250 -999.250 -999.250 -999.250 -999.250 -999.250 -999.250
194.001 176.374 176.061 210.665 255.502 263.366 316.739 361.850 375.123 372.520 420.920 405.724 412.901 451.518 526.100 628.822 795.983 951.892 1288.260 1453.984 1807.489 1769.070 1788.131 1574.485 1487.716 1502.026 1561.764 1334.295 1226.998 1188.786 1057.443 1002.096 1011.281 953.731 884.379 770.075 610.283 477.325 446.844 415.984 382.753 373.631 354.294 325.060 326.528 326.990 339.312 349.447 340.819 -999.250 -999.250 -999.250 -999.250 -999.250 -999.250 -999.250 -999.250 -999.250 -999.250 -999.250 -999.250 -999.250 -999.250 -999.250 -999.250
177.715 148.642 107.863 169.761 201.696 249.700 291.388 314.955 345.774 406.002 377.313 443.725 461.520 519.295 623.308 753.680 943.278 1179.253 1664.071 2056.745 2355.292 2236.453 1956.487 1816.762 1726.689 1598.304 1648.562 1367.852 1306.954 1132.822 1142.671 1133.720 986.916 878.489 911.813 800.217 619.401 498.848 464.621 411.188 364.852 373.765 327.592 334.189 315.244 301.387 343.406 347.803 349.070 -999.250 -999.250 -999.250 -999.250 -999.250 -999.250 -999.250 -999.250 -999.250 -999.250 -999.250 -999.250 -999.250 -999.250 -999.250 -999.250
176.038 163.272 152.017 166.765 187.265 216.148 239.185 265.986 342.023 386.085 411.254 441.415 494.584 575.246 702.375 802.961 1032.579 1323.050 1938.461 2233.225 2726.970 2488.617 2161.856 2094.503 1699.813 1585.517 1578.664 1528.885 1367.637 1078.695 1100.613 1016.524 1029.571 879.355 831.331 757.412 601.752 477.417 406.931 395.914 372.662 330.744 315.737 338.648 303.586 322.271 321.420 344.724 342.938 -999.250 -999.250 -999.250 -999.250 -999.250 -999.250 -999.250 -999.250 -999.250 -999.250 -999.250 -999.250 -999.250 -999.250 -999.250 -999.250
206.899 191.041 192.488 177.158 176.396 201.544 224.701 261.445 325.761 362.770 438.128 437.252 520.451 597.078 697.130 887.046 1138.549 1478.763 2009.470 2441.363 2718.933 2446.131 2101.787 1923.639 1664.975 1751.443 1584.678 1380.502 1307.417 1106.961 1071.946 942.108 963.894 819.352 798.518 617.713 484.645 442.788 366.850 363.966 327.304 308.968 314.670 314.604 299.271 302.744 303.110 317.113 352.461 343.950 -999.250 -999.250 -999.250 -999.250 -999.250 -999.250 -999.250 -999.250 -999.250 -999.250 -999.250 -999.250 -999.250 -999.250 -999.250
226.215 206.396 193.349 187.098 175.439 189.293 221.423 239.621 278.765 335.815 399.091 442.241 554.396 664.543 790.666 929.289 1183.807 1577.186 2022.475 2426.838 2402.230 2091.957 2029.871 1865.010 1758.693 1494.159 1337.918 1255.364 1172.496 1099.879 1151.660 976.259 855.763 798.579 704.291 591.738 501.233 412.616 364.409 340.733 286.671 298.520 293.837 290.324 266.261 286.322 290.766 297.436 307.893 334.779 323.804 -999.250 -999.250 -999.250 -999.250 -999.250 -999.250 -999.250 -999.250 -999.250 -999.250 -999.250 -999.250 -999.250 -999.250
244.015 220.176 200.558 191.174 174.635 171.416 182.718 209.330 257.139 341.831 374.683 470.423 568.829 667.564 869.902 1063.051 1292.019 1495.168 1923.457 2082.243 2211.207 1969.486 1873.265 1778.345 1518.604 1368.992 1192.798 1172.794 1234.761 1160.301 1044.323 907.527 844.245 739.079 605.061 506.235 416.053 384.453 318.456 270.106 271.846 277.075 262.208 259.320 284.227 288.407 269.874 283.191 291.633 334.233 358.184 364.657 -999.250 -999.250 -999.250 -999.250 -999.250 -999.250 -999.250 -999.250 -999.250 -999.250 -999.250 -999.250 -999.250
252.505 230.055 206.407 197.629 201.108 198.540 173.180 171.402 245.444 310.454 368.967 460.056 559.450 711.331 854.211 971.468 1254.012 1314.432 1601.915 1734.381 1732.276 1510.713 1448.746 1426.545 1290.472 1161.219 1177.247 1082.351 1145.925 1101.597 994.243 859.827 749.047 618.458 498.033 454.622 409.742 331.262 284.591 207.841 229.754 240.939 247.004 233.261 245.660 256.272 272.674 314.797 330.245 348.194 377.277 -999.250 -999.250 -999.250 -999.250 -999.250 -999.250 -999.250 -999.250 -999.250 -999.250 -999.250 -999.250 -999.250 -999.250
264.040 252.963 231.098 230.059 207.538 205.485 212.480 210.056 265.276 339.183 408.625 458.988 509.895 653.715 825.136 908.555 1075.213 1217.700 1274.580 1309.274 1305.182 1192.752 1144.455 1124.794 1128.274 1029.938 1065.517 1096.684 1131.229 967.226 855.950 803.916 677.794 507.163 477.312 411.598 348.413 311.685 254.278 221.287 219.908 225.450 238.988 231.831 231.241 234.621 239.178 295.452 301.018 312.727 333.518 372.585 -999.250 -999.250 -999.250 -999.250 -999.250 -999.250 -999.250 -999.250 -999.250 -999.250 -999.250 -999.250 -999.250
289.740 278.433 256.676 238.718 232.819 229.525 233.189 250.158 305.978 347.127 375.770 449.352 529.093 689.725 776.603 813.620 925.250 980.241 1139.047 1123.454 1059.097 961.500 954.746 896.562 842.820 868.238 952.244 978.675 894.879 869.651 741.079 676.375 609.143 500.143 433.777 357.998 346.999 257.276 246.546 220.732 221.539 223.213 238.719 227.741 227.621 209.823 232.029 259.356 281.165 303.753 -999.250 -999.250 -999.250 -999.250 -999.250 -999.250 -999.250 -999.250 -999.250 -999.250 -999.250 -999.250 -999.250 -999.250 -999.250
311.117 294.042 305.471 264.059 271.964 255.056 275.474 296.067 315.915 340.900 373.383 438.403 538.533 598.937 614.093 686.614 821.803 867.244 906.627 956.356 911.381 802.305 716.569 696.678 765.334 738.487 793.238 825.282 810.369 774.609 709.610 625.721 535.956 462.386 422.919 361.242 305.021 254.726 242.786 215.603 214.071 229.557 230.380 231.552 221.269 216.216 219.685 229.230 237.091 -999.250 -999.250 -999.250 -999.250 -999.250 -999.250 -999.250 -999.250 -999.250 -999.250 -999.250 -999.250 -999.250 -999.250 -999.250 -999.250
352.733 324.874 330.885 313.055 300.378 285.241 277.117 323.807 312.017 365.457 350.209 443.770 524.124 525.844 608.573 666.853 702.402 755.224 859.753 801.679 778.948 637.876 453.117 510.150 598.773 640.773 696.183 741.724 713.832 684.818 637.199 525.963 495.348 431.361 417.406 331.931 274.135 251.583 236.019 238.048 240.215 236.417 239.213 236.539 237.179 233.256 219.879 240.181 248.881 -999.250 -999.250 -999.250 -999.250 -999.250 -999.250 -999.250 -999.250 -999.250 -999.250 -999.250 -999.250 -999.250 -999.250 -999.250 -999.250
381.716 355.679 339.169 318.041 319.623 317.424 304.626 320.935 341.509 356.746 382.899 470.436 487.907 480.416 547.388 579.577 670.346 730.274 656.544 660.918 621.928 534.206 477.454 505.533 549.011 551.176 606.727 627.671 706.082 588.592 539.185 517.339 459.275 411.265 366.524 316.298 265.966 251.920 227.473 236.720 240.592 231.680 230.312 248.566 252.105 264.093 243.658 260.269 -999.250 -999.250 -999.250 -999.250 -999.250 -999.250 -999.250 -999.250 -999.250 -999.250 -999.250 -999.250 -999.250 -999.250 -999.250 -999.250 -999.250
383.865 389.429 352.323 344.665 329.922 367.637 375.063 359.588 350.171 384.454 399.430 463.592 443.442 447.557 459.653 582.502 615.096 594.363 539.066 580.444 557.257 504.110 468.870 472.894 491.723 532.905 546.353 544.710 559.215 524.148 508.531 476.188 476.949 424.287 373.820 318.634 283.552 243.386 245.633 251.672 258.956 261.741 269.744 277.283 -999.250 -999.250 -999.250 -999.250 -999.250 -999.250 -999.250 -999.250 -999.250 -999.250 -999.250 -999.250 -999.250 -999.250 -999.250 -999.250 -999.250 -999.250 -999.250 -999.250 -999.250
422.390 428.228 384.899 394.805 373.848 372.382 361.443 370.943 395.322 377.150 411.095 410.982 407.302 384.504 440.932 505.000 575.067 554.260 519.568 537.147 536.942 542.275 537.798 495.387 498.737 512.303 499.306 530.369 509.181 473.830 492.028 450.853 449.780 398.718 347.945 317.760 305.271 282.794 281.450 275.900 308.208 289.015 -999.250 -999.250 -999.250 -999.250 -999.250 -999.250 -999.250 -999.250 -999.250 -999.250 -999.250 -999.250 -999.250 -999.250 -999.250 -999.250 -999.250 -999.250 -999.250 -999.250 -999.250 -999.250 -999.250
426.199 398.660 410.981 419.595 377.731 378.986 388.857 373.674 393.572 386.687 419.549 418.055 407.466 383.926 431.020 497.858 531.943 525.601 543.418 544.256 566.008 597.883 605.229 569.360 536.354 490.233 502.317 498.180 493.081 453.128 476.562 424.765 435.165 403.910 349.670 299.750 309.278 310.416 316.453 340.585 307.670 327.077 -999.250 -999.250 -999.250 -999.250 -999.250 -999.250 -999.250 -999.250 -999.250 -999.250 -999.250 -999.250 -999.250 -999.250 -999.250 -999.250 -999.250 -999.250 -999.250 -999.250 -999.250 -999.250 -999.250
415.526 398.780 405.052 430.558 422.697 415.136 419.405 376.027 398.738 379.103 371.544 387.612 370.435 390.726 405.808 491.065 483.894 492.962 521.104 547.636 535.491 594.641 598.583 597.973 549.807 479.440 486.981 497.257 459.544 452.876 434.611 416.276 446.142 396.069 350.704 330.191 327.375 321.961 341.726 357.751 348.777 361.618 -999.250 -999.250 -999.250 -999.250 -999.250 -999.250 -999.250 -999.250 -999.250 -999.250 -999.250 -999.250 -999.250 -999.250 -999.250 -999.250 -999.250 -999.250 -999.250 -999.250 -999.250 -999.250 -999.250
388.323 404.406 441.511 426.514 420.555 436.955 414.827 370.941 412.217 379.544 386.108 372.783 399.111 390.600 402.089 433.356 464.187 516.968 522.432 529.913 641.223 620.570 661.813 660.691 518.551 534.356 467.592 437.847 463.920 459.521 488.871 443.637 457.639 420.877 359.809 358.113 399.302 383.073 357.518 387.275 351.747 341.962 -999.250 -999.250 -999.250 -999.250 -999.250 -999.250 -999.250 -999.250 -999.250 -999.250 -999.250 -999.250 -999.250 -999.250 -999.250 -999.250 -999.250 -999.250 -999.250 -999.250 -999.250 -999.250 -999.250
404.153 428.587 446.458 457.533 453.954 434.619 460.192 386.128 389.881 405.208 395.834 372.279 388.062 419.441 388.850 425.003 462.933 502.593 537.498 546.752 614.631 666.482 713.342 613.256 569.377 487.921 464.082 459.376 472.373 476.157 484.978 470.865 462.388 398.132 434.447 439.825 435.549 417.265 429.776 419.969 369.717 407.423 -999.250 -999.250 -999.250 -999.250 -999.250 -999.250 -999.250 -999.250 -999.250 -999.250 -999.250 -999.250 -999.250 -999.250 -999.250 -999.250 -999.250 -999.250 -999.250 -999.250 -999.250 -999.250 -999.250
382.709 415.986 448.382 444.356 454.034 434.256 437.894 445.051 425.953 393.671 387.701 367.348 400.807 411.562 423.321 397.594 437.775 457.511 516.904 570.012 592.982 633.235 701.656 635.425 560.367 509.148 558.488 514.783 489.985 465.858 484.940 514.358 506.716 468.354 454.452 462.039 484.600 465.655 458.114 401.210 423.096 394.099 -999.250 -999.250 -999.250 -999.250 -999.250 -999.250 -999.250 -999.250 -999.250 -999.250 -999.250 -999.250 -999.250 -999.250 -999.250 -999.250 -999.250 -999.250 -999.250 -999.250 -999.250 -999.250 -999.250
354.169 389.674 431.512 453.480 458.648 461.065 468.622 428.832 408.745 411.902 394.390 363.662 404.911 409.927 401.562 399.397 427.872 478.005 512.292 541.685 593.920 639.503 658.354 569.427 591.427 551.803 500.854 489.376 493.206 482.073 478.175 559.628 573.650 480.460 517.843 529.108 513.272 503.624 494.654 470.341 437.444 422.561 411.859 391.600 -999.250 -999.250 -999.250 -999.250 -999.250 -999.250 -999.250 -999.250 -999.250 -999.250 -999.250 -999.250 -999.250 -999.250 -999.250 -999.250 -999.250 -999.250 -999.250 -999.250 -999.250
341.059 380.615 406.378 442.059 458.119 495.417 467.828 431.270 422.486 390.600 389.385 386.147 371.796 378.195 407.363 417.796 455.839 459.458 434.355 485.872 537.478 592.753 593.205 560.679 571.270 546.750 539.331 519.105 513.680 520.531 533.243 519.617 507.053 577.553 610.362 598.453 557.696 502.440 521.506 471.862 483.007 433.080 424.063 420.787 371.542 354.723 -999.250 -999.250 -999.250 -999.250 -999.250 -999.250 -999.250 -999.250 -999.250 -999.250 -999.250 -999.250 -999.250 -999.250 -999.250 -999.250 -999.250 -999.250 -999.250
341.936 354.813 377.500 387.246 411.955 452.239 450.277 411.425 400.322 370.813 372.567 367.225 336.046 358.969 389.995 393.061 430.855 459.967 482.972 494.001 540.538 570.613 546.046 550.985 561.828 533.743 515.697 579.080 574.968 580.380 663.811 672.583 569.411 622.486 616.294 644.024 681.625 612.469 538.374 507.887 509.495 476.426 452.323 446.921 417.456 392.979 -999.250 -999.250 -999.250 -999.250 -999.250 -999.250 -999.250 -999.250 -999.250 -999.250 -999.250 -999.250 -999.250 -999.250 -999.250 -999.250 -999.250 -999.250 -999.250
296.317 318.441 343.002 353.418 405.685 427.935 411.301 394.293 374.801 368.698 405.397 344.553 356.226 367.398 390.911 379.614 374.706 469.741 500.815 501.058 592.037 522.385 539.503 512.370 521.868 557.069 588.549 624.720 552.105 647.372 634.089 639.810 675.726 660.557 681.842 710.763 660.429 612.295 598.660 532.314 543.942 520.195 515.656 493.290 429.520 411.919 376.424 -999.250 -999.250 -999.250 -999.250 -999.250 -999.250 -999.250 -999.250 -999.250 -999.250 -999.250 -999.250 -999.250 -999.250 -999.250 -999.250 -999.250 -999.250
