data/medianmodel_28-Feb-2021.asc
ncols	141
nrows	288
xllcorner	-120191.398
yllcorner	-301404.813
cellsize	2000.000
NODATA_value	-999.250
[rows 210 to 239 of 288, columns 0 to 65 of 141]
-999.250 -999.250 -999.250 -999.250 -999.250 -999.250 -999.250 -999.250 -999.250 -999.250 -999.250 -999.250 -999.250 -999.250 -999.250 -999.250 -999.250 -999.250 -999.250 -999.250 -999.250 -999.250 -999.250 -999.250 -999.250 -999.250 -999.250 -999.250 -999.250 -999.250 -999.250 189.610 189.507 175.970 182.153 171.956 177.765 166.429 167.915 169.540 166.853 170.005 162.964 164.062 162.479 162.745 174.466 175.014 177.965 175.513 172.189 184.330 188.215 185.346 185.031 194.305 201.188 210.914 193.352 207.578 193.610 194.961 187.121 205.026 204.976 205.288
-999.250 -999.250 -999.250 -999.250 -999.250 -999.250 -999.250 -999.250 -999.250 -999.250 -999.250 -999.250 -999.250 -999.250 -999.250 -999.250 -999.250 -999.250 -999.250 -999.250 -999.250 -999.250 -999.250 -999.250 -999.250 -999.250 -999.250 -999.250 -999.250 -999.250 -999.250 187.718 173.809 180.799 170.621 169.991 180.507 178.047 175.780 167.413 167.139 174.341 171.276 171.825 177.509 173.866 176.734 183.411 183.536 185.070 202.959 205.289 194.642 189.791 193.368 204.994 209.433 207.535 201.959 201.329 191.458 194.924 190.447 192.937 200.913 213.800
-999.250 -999.250 -999.250 -999.250 -999.250 -999.250 -999.250 -999.250 -999.250 -999.250 -999.250 -999.250 -999.250 -999.250 -999.250 -999.250 -999.250 -999.250 -999.250 -999.250 -999.250 -999.250 -999.250 -999.250 -999.250 -999.250 -999.250 -999.250 -999.250 -999.250 -999.250 184.375 174.027 167.329 169.139 161.789 180.606 184.732 183.069 173.394 178.259 179.108 188.904 195.499 185.414 187.743 187.798 200.052 200.401 212.600 210.428 198.526 194.658 204.110 207.823 209.673 216.507 201.986 207.225 202.679 184.985 179.148 175.639 175.899 184.574 181.044
-999.250 -999.250 -999.250 -999.250 -999.250 -999.250 -999.250 -999.250 -999.250 -999.250 -999.250 -999.250 -999.250 -999.250 -999.250 -999.250 -999.250 -999.250 -999.250 -999.250 -999.250 -999.250 -999.250 -999.250 -999.250 -999.250 -999.250 -999.250 -999.250 -999.250 -999.250 171.610 168.135 182.637 184.940 165.395 175.413 183.365 187.993 195.493 189.462 190.730 195.676 205.574 200.776 196.334 199.154 207.020 207.595 215.147 213.543 227.867 235.965 232.103 225.861 218.687 220.126 205.850 203.620 180.502 166.797 169.042 159.149 153.222 149.591 150.832
-999.250 -999.250 -999.250 -999.250 -999.250 -999.250 -999.250 -999.250 -999.250 -999.250 -999.250 -999.250 -999.250 -999.250 -999.250 -999.250 -999.250 -999.250 -999.250 -999.250 -999.250 -999.250 -999.250 -999.250 -999.250 -999.250 -999.250 -999.250 -999.250 -999.250 -999.250 169.499 178.323 165.804 168.217 161.232 171.389 175.937 179.028 198.410 190.925 195.650 207.862 210.263 211.438 201.479 209.997 192.608 217.622 223.625 236.423 234.388 242.287 234.717 212.806 230.056 223.153 225.209 213.643 178.807 162.276 154.108 146.359 133.817 127.594 129.132
-999.250 -999.250 -999.250 -999.250 -999.250 -999.250 -999.250 -999.250 -999.250 -999.250 -999.250 -999.250 -999.250 -999.250 -999.250 -999.250 -999.250 -999.250 -999.250 -999.250 -999.250 -999.250 -999.250 -999.250 -999.250 -999.250 -999.250 -999.250 -999.250 -999.250 -999.250 179.777 184.486 170.485 176.747 178.067 184.326 179.312 182.458 194.320 195.054 203.302 219.460 227.380 228.268 218.680 220.817 222.936 234.499 234.522 231.753 237.224 250.839 240.710 236.386 240.628 232.357 231.648 207.982 179.422 165.697 153.604 137.068 114.713 98.399 88.820
-999.250 -999.250 -999.250 -999.250 -999.250 -999.250 -999.250 -999.250 -999.250 -999.250 -999.250 -999.250 -999.250 -999.250 -999.250 -999.250 -999.250 -999.250 -999.250 -999.250 -999.250 -999.250 -999.250 -999.250 -999.250 -999.250 -999.250 -999.250 -999.250 -999.250 -999.250 177.493 178.042 182.963 172.992 183.271 174.628 186.261 184.302 201.234 206.230 216.599 229.163 225.090 229.742 242.100 245.622 239.142 251.370 248.210 255.492 245.375 250.892 255.535 237.417 249.548 234.256 231.384 207.761 185.827 187.821 151.590 134.632 102.003 81.623 68.268
-999.250 -999.250 -999.250 -999.250 -999.250 -999.250 -999.250 -999.250 -999.250 -999.250 -999.250 -999.250 -999.250 -999.250 -999.250 -999.250 -999.250 -999.250 -999.250 -999.250 -999.250 -999.250 -999.250 -999.250 -999.250 -999.250 -999.250 -999.250 -999.250 -999.250 -999.250 200.291 189.962 181.568 172.225 171.061 177.860 193.735 200.332 206.637 214.809 231.978 235.436 236.607 237.360 247.788 246.964 250.199 250.373 261.504 265.182 255.097 255.363 266.807 262.353 251.360 244.720 232.352 217.021 211.245 191.226 166.409 132.706 101.670 74.292 40.371
-999.250 -999.250 -999.250 -999.250 -999.250 -999.250 -999.250 -999.250 -999.250 -999.250 -999.250 -999.250 -999.250 -999.250 -999.250 -999.250 -999.250 -999.250 -999.250 -999.250 -999.250 -999.250 -999.250 -999.250 -999.250 -999.250 -999.250 -999.250 -999.250 -999.250 -999.250 206.091 184.602 176.419 180.684 180.222 181.769 193.351 200.579 215.145 220.464 240.836 242.374 259.952 245.494 242.298 240.714 256.015 261.590 257.639 270.288 273.408 277.304 270.097 269.919 256.060 249.209 250.495 232.021 222.564 214.629 175.269 146.148 120.708 84.598 67.001
-999.250 -999.250 -999.250 -999.250 -999.250 -999.250 -999.250 -999.250 -999.250 -999.250 -999.250 -999.250 -999.250 -999.250 -999.250 -999.250 -999.250 -999.250 -999.250 -999.250 -999.250 -999.250 -999.250 -999.250 -999.250 -999.250 -999.250 -999.250 -999.250 -999.250 -999.250 197.824 183.399 192.845 188.833 190.018 194.934 202.572 209.277 222.704 237.173 245.918 251.979 259.639 245.720 250.666 262.553 260.129 280.421 280.290 290.340 294.441 298.308 285.618 280.456 274.391 267.639 272.298 262.402 267.188 225.011 191.687 155.398 137.855 116.366 101.829
-999.250 -999.250 -999.250 -999.250 -999.250 -999.250 -999.250 -999.250 -999.250 -999.250 -999.250 -999.250 -999.250 -999.250 -999.250 -999.250 -999.250 -999.250 -999.250 -999.250 -999.250 -999.250 -999.250 -999.250 -999.250 -999.250 -999.250 -999.250 -999.250 -999.250 -999.250 186.428 192.616 194.348 198.574 182.743 205.693 211.543 208.072 219.073 234.562 251.104 253.276 258.154 259.887 258.411 267.077 291.346 292.723 313.195 316.534 308.632 334.458 306.996 291.097 308.115 297.395 317.378 299.322 268.901 253.016 221.635 186.113 168.271 146.865 138.281
-999.250 -999.250 -999.250 -999.250 -999.250 -999.250 -999.250 -999.250 -999.250 -999.250 -999.250 -999.250 -999.250 -999.250 -999.250 -999.250 -999.250 -999.250 -999.250 -999.250 -999.250 -999.250 -999.250 -999.250 -999.250 -999.250 -999.250 -999.250 -999.250 -999.250 -999.250 183.805 200.011 190.156 199.624 186.379 206.155 209.261 211.479 214.971 237.321 250.507 250.250 246.736 259.514 266.216 282.129 327.542 322.035 312.214 331.085 362.686 327.525 339.889 352.173 343.643 336.854 347.899 313.609 301.431 266.145 236.550 215.019 190.475 171.568 164.344
-999.250 -999.250 -999.250 -999.250 -999.250 -999.250 -999.250 -999.250 -999.250 -999.250 -999.250 -999.250 -999.250 -999.250 -999.250 -999.250 -999.250 -999.250 -999.250 -999.250 -999.250 -999.250 -999.250 -999.250 -999.250 -999.250 -999.250 -999.250 -999.250 -999.250 -999.250 183.243 177.392 177.756 174.750 194.964 194.106 209.573 210.043 218.827 241.740 251.320 243.787 236.671 262.696 268.154 279.553 294.549 299.798 321.711 330.951 354.433 386.085 369.088 385.042 373.098 371.233 336.347 316.760 335.033 284.060 273.087 241.652 219.107 205.055 190.433
-999.250 -999.250 -999.250 -999.250 -999.250 -999.250 -999.250 -999.250 -999.250 -999.250 -999.250 -999.250 -999.250 -999.250 -999.250 -999.250 -999.250 -999.250 -999.250 -999.250 -999.250 -999.250 -999.250 -999.250 -999.250 -999.250 -999.250 -999.250 -999.250 -999.250 172.866 183.678 175.691 175.536 182.917 184.046 192.575 206.579 209.240 232.601 241.633 255.080 261.057 252.917 261.244 270.852 281.047 296.780 334.706 330.824 337.330 411.659 406.326 413.636 377.498 398.321 352.770 367.177 361.159 335.514 300.171 292.489 249.931 248.051 232.447 221.603
-999.250 -999.250 -999.250 -999.250 -999.250 -999.250 -999.250 -999.250 -999.250 -999.250 -999.250 -999.250 -999.250 -999.250 -999.250 -999.250 -999.250 -999.250 -999.250 -999.250 -999.250 -999.250 -999.250 -999.250 -999.250 -999.250 -999.250 -999.250 -999.250 -999.250 188.578 180.931 175.484 177.602 188.888 194.478 193.981 206.312 216.669 219.433 245.313 247.313 257.380 260.407 267.192 288.982 283.609 270.273 304.268 345.188 371.628 399.782 445.106 418.267 450.309 449.910 440.572 401.286 392.698 374.368 326.683 329.870 263.995 258.921 248.032 228.594
-999.250 -999.250 -999.250 -999.250 -999.250 -999.250 -999.250 -999.250 -999.250 -999.250 -999.250 -999.250 -999.250 -999.250 -999.250 -999.250 -999.250 -999.250 -999.250 -999.250 -999.250 -999.250 -999.250 -999.250 -999.250 -999.250 -999.250 -999.250 -999.250 -999.250 185.592 179.908 191.344 184.359 188.302 195.215 203.390 192.709 194.990 213.170 225.956 249.885 250.715 257.305 269.869 276.046 289.501 287.426 346.264 347.848 363.498 404.063 420.694 425.962 450.601 466.469 436.499 431.843 443.890 416.002 342.749 330.897 277.755 266.373 240.709 235.719
-999.250 -999.250 -999.250 -999.250 -999.250 -999.250 -999.250 -999.250 -999.250 -999.250 -999.250 -999.250 -999.250 -999.250 -999.250 -999.250 -999.250 -999.250 -999.250 -999.250 -999.250 -999.250 -999.250 -999.250 -999.250 -999.250 -999.250 -999.250 -999.250 -999.250 191.485 196.248 197.264 196.252 190.935 192.725 198.834 205.273 210.743 213.369 226.619 241.151 246.557 250.137 258.063 271.376 283.003 300.001 336.106 351.480 391.568 391.190 448.379 430.446 457.852 480.526 488.679 490.517 457.320 444.596 392.188 350.620 294.592 267.626 251.512 230.911
-999.250 -999.250 -999.250 -999.250 -999.250 -999.250 -999.250 -999.250 -999.250 -999.250 -999.250 -999.250 -999.250 -999.250 -999.250 -999.250 -999.250 -999.250 -999.250 -999.250 -999.250 -999.250 -999.250 -999.250 -999.250 -999.250 -999.250 -999.250 -999.250 204.820 200.339 205.606 194.757 194.957 181.514 180.226 186.585 186.547 219.474 210.365 237.408 242.282 255.676 256.052 264.857 274.305 284.465 301.809 333.221 335.959 377.765 379.059 428.846 458.889 437.010 462.446 483.785 573.614 473.479 450.145 409.133 333.182 319.834 271.064 247.953 236.188
-999.250 -999.250 -999.250 -999.250 -999.250 -999.250 -999.250 -999.250 -999.250 -999.250 -999.250 -999.250 -999.250 -999.250 -999.250 -999.250 -999.250 -999.250 -999.250 -999.250 -999.250 -999.250 -999.250 -999.250 -999.250 -999.250 -999.250 -999.250 -999.250 226.253 216.014 205.397 199.984 191.033 178.354 176.126 183.233 189.078 201.911 222.878 227.543 235.537 251.570 256.813 266.874 292.259 281.628 308.545 331.192 326.264 333.433 422.875 430.762 446.699 452.628 470.261 475.716 488.897 473.026 407.775 392.138 335.146 322.450 286.718 269.363 238.680
-999.250 -999.250 -999.250 -999.250 -999.250 -999.250 -999.250 -999.250 -999.250 -999.250 -999.250 -999.250 -999.250 -999.250 -999.250 -999.250 -999.250 -999.250 -999.250 -999.250 -999.250 -999.250 -999.250 -999.250 -999.250 -999.250 -999.250 -999.250 213.457 221.581 221.167 219.084 211.630 187.921 180.793 181.746 177.139 190.145 202.624 211.433 232.567 236.450 240.635 253.103 257.238 268.593 272.694 305.098 316.121 319.052 323.609 360.254 410.481 445.249 421.337 419.674 453.183 446.772 437.617 421.564 346.832 349.318 314.428 296.816 282.769 256.337
-999.250 -999.250 -999.250 -999.250 -999.250 -999.250 -999.250 -999.250 -999.250 -999.250 -999.250 -999.250 -999.250 -999.250 -999.250 -999.250 -999.250 -999.250 -999.250 -999.250 -999.250 -999.250 -999.250 -999.250 -999.250 -999.250 -999.250 -999.250 230.491 226.893 225.155 225.860 218.301 204.428 194.104 193.461 186.638 195.026 205.180 213.227 221.849 229.513 235.519 249.701 255.393 265.425 266.748 279.500 298.411 301.429 329.359 349.675 402.067 453.519 428.388 459.126 414.262 426.313 412.231 402.753 378.602 348.340 328.284 326.413 274.815 263.986
-999.250 -999.250 -999.250 -999.250 -999.250 -999.250 -999.250 -999.250 -999.250 -999.250 -999.250 -999.250 -999.250 -999.250 -999.250 -999.250 -999.250 -999.250 -999.250 -999.250 -999.250 -999.250 -999.250 -999.250 -999.250 -999.250 -999.250 229.165 237.888 236.077 239.175 237.892 233.854 218.398 202.547 202.759 209.209 205.719 212.871 210.418 216.554 229.395 228.850 240.555 243.463 253.748 263.460 271.038 282.079 297.785 316.424 321.123 373.210 396.234 442.119 401.579 393.043 380.095 407.758 378.054 354.040 366.506 310.508 289.089 268.948 251.737
-999.250 -999.250 -999.250 -999.250 -999.250 -999.250 -999.250 -999.250 -999.250 -999.250 -999.250 -999.250 -999.250 -999.250 -999.250 -999.250 -999.250 -999.250 -999.250 -999.250 -999.250 -999.250 -999.250 -999.250 -999.250 -999.250 -999.250 240.722 241.603 243.513 243.172 247.904 237.066 217.524 216.968 206.828 210.280 208.887 213.800 213.676 213.818 216.338 230.027 239.438 234.345 243.354 255.369 254.811 269.308 279.704 309.103 326.855 348.291 367.918 354.776 386.775 378.911 367.696 356.705 365.152 324.904 324.706 302.937 309.100 266.996 250.249
-999.250 -999.250 -999.250 -999.250 -999.250 -999.250 -999.250 -999.250 -999.250 -999.250 -999.250 -999.250 -999.250 -999.250 -999.250 -999.250 -999.250 -999.250 -999.250 -999.250 -999.250 -999.250 -999.250 -999.250 -999.250 -999.250 -999.250 -999.250 243.846 244.405 251.429 241.499 231.938 219.704 218.116 206.677 202.759 205.014 206.851 218.756 215.647 220.605 219.333 224.194 231.032 243.560 240.031 253.541 263.500 285.330 284.889 334.608 341.086 341.360 343.955 377.484 347.118 349.648 336.761 326.027 314.433 305.147 278.293 268.036 247.802 247.349
-999.250 -999.250 -999.250 -999.250 -999.250 -999.250 -999.250 -999.250 -999.250 -999.250 -999.250 -999.250 -999.250 -999.250 -999.250 -999.250 -999.250 -999.250 -999.250 -999.250 -999.250 -999.250 -999.250 -999.250 -999.250 -999.250 -999.250 -999.250 -999.250 -999.250 242.039 238.047 227.115 229.434 212.036 211.420 203.040 206.035 207.422 211.078 221.391 213.266 225.769 221.120 231.346 241.415 247.398 253.705 259.571 280.068 275.023 291.959 298.441 302.211 320.424 314.895 328.323 336.553 331.221 333.236 287.957 294.427 289.161 262.487 247.839 240.977
-999.250 -999.250 -999.250 -999.250 -999.250 -999.250 -999.250 -999.250 -999.250 -999.250 -999.250 -999.250 -999.250 -999.250 -999.250 -999.250 -999.250 -999.250 -999.250 -999.250 -999.250 -999.250 -999.250 -999.250 -999.250 -999.250 -999.250 -999.250 -999.250 -999.250 232.455 233.829 234.673 218.032 216.213 211.425 195.213 198.339 204.899 198.525 206.913 209.473 209.946 212.916 231.388 233.583 253.819 241.617 264.283 270.402 295.259 285.427 271.037 282.785 303.065 300.917 281.301 302.101 308.065 303.893 287.857 269.762 254.452 257.347 250.180 245.977
-999.250 -999.250 -999.250 -999.250 -999.250 -999.250 -999.250 -999.250 -999.250 -999.250 -999.250 -999.250 -999.250 -999.250 -999.250 -999.250 -999.250 -999.250 -999.250 -999.250 -999.250 -999.250 -999.250 -999.250 -999.250 -999.250 -999.250 -999.250 -999.250 -999.250 239.177 242.740 234.508 218.344 215.654 204.979 200.059 197.983 201.786 194.426 206.002 202.610 204.801 206.162 216.246 230.364 239.434 245.755 254.415 254.949 274.572 273.901 270.379 260.112 293.727 278.103 292.940 288.657 269.794 278.889 261.159 252.360 250.650 254.450 244.130 249.272
-999.250 -999.250 -999.250 -999.250 -999.250 -999.250 -999.250 -999.250 -999.250 -999.250 -999.250 -999.250 -999.250 -999.250 -999.250 -999.250 -999.250 -999.250 -999.250 -999.250 -999.250 -999.250 -999.250 -999.250 -999.250 -999.250 -999.250 -999.250 -999.250 -999.250 -999.250 226.276 218.864 208.937 213.627 202.277 192.537 192.656 180.048 187.838 200.459 193.290 194.106 197.916 211.231 207.422 218.280 239.976 232.666 235.927 245.756 264.189 252.739 252.363 251.226 268.085 275.498 266.112 259.019 268.284 252.438 256.464 251.141 241.281 229.709 236.253
-999.250 -999.250 -999.250 -999.250 -999.250 -999.250 -999.250 -999.250 -999.250 -999.250 -999.250 -999.250 -999.250 -999.250 -999.250 -999.250 -999.250 -999.250 -999.250 -999.250 -999.250 -999.250 -999.250 -999.250 -999.250 -999.250 -999.250 -999.250 -999.250 -999.250 238.955 222.330 215.258 199.707 204.096 213.432 196.798 189.775 180.111 177.094 192.343 171.731 176.966 186.362 198.571 188.737 196.471 220.078 233.009 233.004 231.868 242.868 242.114 239.724 247.454 247.329 248.897 253.864 260.161 242.548 253.312 245.141 238.303 235.312 226.177 237.229
-999.250 -999.250 -999.250 -999.250 -999.250 -999.250 -999.250 -999.250 -999.250 -999.250 -999.250 -999.250 -999.250 -999.250 -999.250 -999.250 -999.250 -999.250 -999.250 -999.250 -999.250 -999.250 -999.250 -999.250 -999.250 -999.250 -999.250 -999.250 -999.250 -999.250 -999.250 217.737 203.015 209.961 192.330 201.211 178.893 185.040 176.607 165.547 171.217 172.175 174.386 180.375 188.430 187.872 195.310 198.338 221.595 208.509 209.124 214.143 226.642 226.452 242.419 242.016 237.806 242.172 246.428 243.324 239.764 237.439 224.574 229.288 225.912 217.444
