data/medianmodel_25-Apr-2020.asc
ncols	141
nrows	288
xllcorner	-120191.398
yllcorner	-301404.813
cellsize	2000.000
NODATA_value	-999.250
[rows 150 to 179 of 288, columns 68 to 135 of 141]
5.013 7.349 7.978 11.569 7.648 10.833 11.564 10.060 13.691 14.897 16.440 15.294 16.909 15.600 16.760 15.629 13.336 15.315 14.179 10.160 11.556 5.884 7.242 6.973 4.042 2.382 3.826 -999.250 -999.250 -999.250 -999.250 -999.250 -999.250 -999.250 -999.250 -999.250 -999.250 -999.250 -999.250 -999.250 -999.250 -999.250 -999.250 -999.250 -999.250 -999.250 -999.250 -999.250 -999.250 -999.250 -999.250 -999.250 -999.250 -999.250 -999.250 -999.250 -999.250 -999.250 -999.250 -999.250 -999.250 -999.250 -999.250 -999.250 -999.250 -999.250 -999.250 -999.250
7.532 8.975 10.013 11.167 8.700 11.275 12.283 11.606 12.365 14.313 13.604 14.175 17.774 16.792 19.100 17.145 15.878 14.927 13.961 9.920 12.889 7.407 6.057 2.959 3.730 3.058 4.178 -999.250 -999.250 -999.250 -999.250 -999.250 -999.250 -999.250 -999.250 -999.250 -999.250 -999.250 -999.250 -999.250 -999.250 -999.250 -999.250 -999.250 -999.250 -999.250 -999.250 -999.250 -999.250 -999.250 -999.250 -999.250 -999.250 -999.250 -999.250 -999.250 -999.250 -999.250 -999.250 -999.250 -999.250 -999.250 -999.250 -999.250 -999.250 -999.250 -999.250 -999.250
9.521 11.250 10.833 12.060 9.835 10.195 9.259 12.046 13.064 15.544 13.817 14.541 15.770 16.851 15.754 15.334 15.250 12.039 12.903 10.523 9.621 8.407 8.330 4.804 2.280 5.305 5.075 -999.250 -999.250 -999.250 -999.250 -999.250 -999.250 -999.250 -999.250 -999.250 -999.250 -999.250 -999.250 -999.250 -999.250 -999.250 -999.250 -999.250 -999.250 -999.250 -999.250 -999.250 -999.250 -999.250 -999.250 -999.250 -999.250 -999.250 -999.250 -999.250 -999.250 -999.250 -999.250 -999.250 -999.250 -999.250 -999.250 -999.250 -999.250 -999.250 -999.250 -999.250
9.953 10.729 12.326 10.893 8.496 11.607 11.978 13.760 11.402 13.867 13.329 12.474 13.681 15.041 14.125 15.585 13.373 13.749 12.533 11.313 10.101 10.961 8.361 5.208 1.708 3.358 4.439 -999.250 -999.250 -999.250 -999.250 -999.250 -999.250 -999.250 -999.250 -999.250 -999.250 -999.250 -999.250 -999.250 -999.250 -999.250 -999.250 -999.250 -999.250 -999.250 -999.250 -999.250 -999.250 -999.250 -999.250 -999.250 -999.250 -999.250 -999.250 -999.250 -999.250 -999.250 -999.250 -999.250 -999.250 -999.250 -999.250 -999.250 -999.250 -999.250 -999.250 -999.250
11.020 9.804 8.928 8.382 7.431 10.118 13.398 11.849 11.743 12.659 13.947 13.808 12.318 12.564 12.983 13.190 12.296 11.880 10.977 11.432 13.471 12.812 8.555 5.698 0.000 3.048 2.709 -999.250 -999.250 -999.250 -999.250 -999.250 -999.250 -999.250 -999.250 -999.250 -999.250 -999.250 -999.250 -999.250 -999.250 -999.250 -999.250 -999.250 -999.250 -999.250 -999.250 -999.250 -999.250 -999.250 -999.250 -999.250 -999.250 -999.250 -999.250 -999.250 -999.250 -999.250 -999.250 -999.250 -999.250 -999.250 -999.250 -999.250 -999.250 -999.250 -999.250 -999.250
10.430 10.384 8.241 9.266 9.168 12.198 13.085 11.750 11.276 11.423 11.896 10.961 11.796 12.509 11.780 11.218 10.916 11.698 10.917 13.483 11.316 8.859 6.264 7.711 6.195 4.389 8.883 -999.250 -999.250 -999.250 -999.250 -999.250 -999.250 -999.250 -999.250 -999.250 -999.250 -999.250 -999.250 -999.250 -999.250 -999.250 -999.250 -999.250 -999.250 -999.250 -999.250 -999.250 -999.250 -999.250 -999.250 -999.250 -999.250 -999.250 -999.250 -999.250 -999.250 -999.250 -999.250 -999.250 -999.250 -999.250 -999.250 -999.250 -999.250 -999.250 -999.250 -999.250
9.523 8.401 8.362 9.382 10.856 10.483 11.617 10.434 10.679 11.249 12.700 12.425 7.624 9.791 9.064 8.893 8.565 10.582 11.358 11.697 10.345 11.349 8.182 7.220 7.214 8.728 8.847 9.906 -999.250 -999.250 -999.250 -999.250 -999.250 -999.250 -999.250 -999.250 -999.250 -999.250 -999.250 -999.250 -999.250 -999.250 -999.250 -999.250 -999.250 -999.250 -999.250 -999.250 -999.250 -999.250 -999.250 -999.250 -999.250 -999.250 -999.250 -999.250 -999.250 -999.250 -999.250 -999.250 -999.250 -999.250 -999.250 -999.250 -999.250 -999.250 -999.250 -999.250
7.386 8.486 8.548 10.111 10.382 10.044 9.065 9.856 10.551 11.703 12.536 10.763 10.041 7.252 3.862 5.242 5.589 9.407 11.279 12.750 13.062 13.170 13.878 11.924 9.028 11.025 10.461 12.446 9.656 -999.250 -999.250 -999.250 -999.250 -999.250 -999.250 -999.250 -999.250 -999.250 -999.250 -999.250 -999.250 -999.250 -999.250 -999.250 -999.250 -999.250 -999.250 -999.250 -999.250 -999.250 -999.250 -999.250 -999.250 -999.250 -999.250 -999.250 -999.250 -999.250 -999.250 -999.250 -999.250 -999.250 -999.250 -999.250 -999.250 -999.250 -999.250 -999.250
7.323 9.675 7.954 10.151 9.226 8.362 10.963 10.808 13.282 11.259 10.399 8.936 6.979 7.643 1.905 0.000 3.467 8.338 7.981 12.185 12.845 13.936 13.531 10.501 9.862 12.555 11.779 12.637 11.346 12.266 -999.250 -999.250 -999.250 -999.250 -999.250 -999.250 -999.250 -999.250 -999.250 -999.250 -999.250 -999.250 -999.250 -999.250 -999.250 -999.250 -999.250 -999.250 -999.250 -999.250 -999.250 -999.250 -999.250 -999.250 -999.250 -999.250 -999.250 -999.250 -999.250 -999.250 -999.250 -999.250 -999.250 -999.250 -999.250 -999.250 -999.250 -999.250
7.463 10.144 9.440 8.982 9.439 10.353 11.449 12.606 10.689 11.088 8.799 7.320 6.561 4.981 1.871 2.575 7.197 7.873 9.475 13.079 14.353 13.542 13.683 12.688 11.544 12.739 12.876 13.232 11.089 13.539 -999.250 -999.250 -999.250 -999.250 -999.250 -999.250 -999.250 -999.250 -999.250 -999.250 -999.250 -999.250 -999.250 -999.250 -999.250 -999.250 -999.250 -999.250 -999.250 -999.250 -999.250 -999.250 -999.250 -999.250 -999.250 -999.250 -999.250 -999.250 -999.250 -999.250 -999.250 -999.250 -999.250 -999.250 -999.250 -999.250 -999.250 -999.250
7.627 10.055 8.012 9.082 10.220 7.728 12.406 12.041 10.371 9.795 7.771 9.079 7.757 3.768 5.074 6.231 6.562 10.744 12.257 12.082 13.194 11.765 13.621 14.874 13.196 10.817 11.704 13.585 10.272 11.704 -999.250 -999.250 -999.250 -999.250 -999.250 -999.250 -999.250 -999.250 -999.250 -999.250 -999.250 -999.250 -999.250 -999.250 -999.250 -999.250 -999.250 -999.250 -999.250 -999.250 -999.250 -999.250 -999.250 -999.250 -999.250 -999.250 -999.250 -999.250 -999.250 -999.250 -999.250 -999.250 -999.250 -999.250 -999.250 -999.250 -999.250 -999.250
5.128 7.986 8.228 7.650 10.779 9.460 11.832 11.313 9.980 12.034 11.301 9.887 8.149 4.544 5.484 6.684 9.028 7.948 11.345 14.629 13.729 13.869 14.081 12.876 10.390 10.335 10.704 9.318 11.956 11.048 -999.250 -999.250 -999.250 -999.250 -999.250 -999.250 -999.250 -999.250 -999.250 -999.250 -999.250 -999.250 -999.250 -999.250 -999.250 -999.250 -999.250 -999.250 -999.250 -999.250 -999.250 -999.250 -999.250 -999.250 -999.250 -999.250 -999.250 -999.250 -999.250 -999.250 -999.250 -999.250 -999.250 -999.250 -999.250 -999.250 -999.250 -999.250
5.969 8.762 6.348 5.190 7.639 9.248 7.988 11.481 8.560 8.223 8.519 6.286 3.825 2.282 4.812 7.765 8.982 11.246 11.043 13.313 12.716 13.753 15.466 13.510 11.607 13.083 10.472 8.306 10.218 8.725 -999.250 -999.250 -999.250 -999.250 -999.250 -999.250 -999.250 -999.250 -999.250 -999.250 -999.250 -999.250 -999.250 -999.250 -999.250 -999.250 -999.250 -999.250 -999.250 -999.250 -999.250 -999.250 -999.250 -999.250 -999.250 -999.250 -999.250 -999.250 -999.250 -999.250 -999.250 -999.250 -999.250 -999.250 -999.250 -999.250 -999.250 -999.250
5.932 5.414 5.540 8.103 9.612 10.033 9.377 10.685 9.704 8.772 5.639 5.710 2.583 0.000 4.870 7.826 10.248 8.703 10.940 11.728 12.259 14.113 12.706 13.505 11.013 11.892 9.312 8.078 8.553 10.342 10.002 -999.250 -999.250 -999.250 -999.250 -999.250 -999.250 -999.250 -999.250 -999.250 -999.250 -999.250 -999.250 -999.250 -999.250 -999.250 -999.250 -999.250 -999.250 -999.250 -999.250 -999.250 -999.250 -999.250 -999.250 -999.250 -999.250 -999.250 -999.250 -999.250 -999.250 -999.250 -999.250 -999.250 -999.250 -999.250 -999.250 -999.250
7.848 10.302 6.812 6.914 7.976 6.712 7.610 7.514 6.647 5.974 6.215 6.471 5.129 4.129 6.440 8.929 10.173 9.753 9.442 12.108 12.941 13.816 12.369 11.023 10.747 10.495 9.051 6.389 8.053 7.083 9.286 10.515 -999.250 -999.250 -999.250 -999.250 -999.250 -999.250 -999.250 -999.250 -999.250 -999.250 -999.250 -999.250 -999.250 -999.250 -999.250 -999.250 -999.250 -999.250 -999.250 -999.250 -999.250 -999.250 -999.250 -999.250 -999.250 -999.250 -999.250 -999.250 -999.250 -999.250 -999.250 -999.250 -999.250 -999.250 -999.250 -999.250
9.004 9.232 8.071 6.664 8.561 5.126 6.360 5.853 5.206 7.392 7.510 8.748 6.745 7.546 7.970 8.572 10.854 12.455 11.608 10.569 10.205 10.347 10.701 10.655 9.205 8.235 6.890 6.497 6.750 5.771 7.431 9.087 10.930 12.339 13.976 -999.250 -999.250 -999.250 -999.250 -999.250 -999.250 -999.250 -999.250 -999.250 -999.250 -999.250 -999.250 -999.250 -999.250 -999.250 -999.250 -999.250 -999.250 -999.250 -999.250 -999.250 -999.250 -999.250 -999.250 -999.250 -999.250 -999.250 -999.250 -999.250 -999.250 -999.250 -999.250 -999.250
7.028 7.352 7.498 7.716 5.187 6.306 8.465 4.334 7.624 5.273 7.249 5.123 6.330 7.909 11.395 10.658 11.843 10.305 10.039 9.330 11.111 9.993 10.471 10.602 7.698 6.110 5.623 6.842 4.967 3.953 6.755 7.362 8.883 13.417 16.147 -999.250 -999.250 -999.250 -999.250 -999.250 -999.250 -999.250 -999.250 -999.250 -999.250 -999.250 -999.250 -999.250 -999.250 -999.250 -999.250 -999.250 -999.250 -999.250 -999.250 -999.250 -999.250 -999.250 -999.250 -999.250 -999.250 -999.250 -999.250 -999.250 -999.250 -999.250 -999.250 -999.250
4.724 7.716 8.111 7.212 7.868 8.300 6.457 6.624 7.945 8.704 7.519 4.550 6.612 5.507 8.607 10.108 10.161 8.746 9.140 8.951 8.863 8.241 8.583 7.479 6.703 5.642 7.843 6.042 3.405 1.083 5.440 6.612 9.897 12.996 -999.250 -999.250 -999.250 -999.250 -999.250 -999.250 -999.250 -999.250 -999.250 -999.250 -999.250 -999.250 -999.250 -999.250 -999.250 -999.250 -999.250 -999.250 -999.250 -999.250 -999.250 -999.250 -999.250 -999.250 -999.250 -999.250 -999.250 -999.250 -999.250 -999.250 -999.250 -999.250 -999.250 -999.250
5.752 3.018 5.950 6.406 6.027 7.767 8.211 6.950 6.545 8.052 6.368 6.165 3.699 5.399 5.248 8.250 7.178 8.232 8.337 8.054 6.725 5.792 6.863 6.970 9.061 8.390 8.503 5.004 4.169 1.205 1.584 8.143 11.728 14.215 -999.250 -999.250 -999.250 34.491 30.903 27.216 -999.250 -999.250 -999.250 -999.250 -999.250 -999.250 -999.250 -999.250 -999.250 -999.250 -999.250 -999.250 -999.250 -999.250 -999.250 -999.250 -999.250 -999.250 -999.250 -999.250 -999.250 -999.250 -999.250 -999.250 -999.250 -999.250 -999.250 -999.250
8.034 4.886 1.512 4.823 6.899 7.581 7.520 7.448 7.606 7.790 5.057 6.247 4.294 4.998 5.111 6.427 9.114 8.424 7.884 8.600 7.801 5.339 5.787 7.202 6.256 7.234 6.521 9.487 4.359 3.143 0.000 4.649 12.357 15.051 17.445 26.048 29.665 37.730 40.223 41.710 34.557 -999.250 -999.250 -999.250 -999.250 -999.250 -999.250 -999.250 -999.250 -999.250 -999.250 -999.250 -999.250 -999.250 -999.250 -999.250 -999.250 -999.250 -999.250 -999.250 -999.250 -999.250 -999.250 -999.250 -999.250 -999.250 -999.250 -999.250
5.873 3.328 0.000 4.627 7.297 7.356 7.412 10.381 9.270 6.539 3.387 3.653 0.000 3.416 4.736 3.837 6.925 6.410 6.924 6.757 6.216 4.670 4.770 5.314 6.353 6.378 6.850 8.676 7.205 5.810 4.959 9.517 12.551 16.509 18.905 29.442 35.231 42.299 49.441 50.800 46.434 39.474 -999.250 -999.250 -999.250 -999.250 -999.250 -999.250 -999.250 -999.250 -999.250 -999.250 -999.250 -999.250 -999.250 -999.250 -999.250 -999.250 -999.250 -999.250 -999.250 -999.250 -999.250 -999.250 -999.250 -999.250 -999.250 -999.250
6.753 5.166 3.937 7.991 8.104 9.800 9.323 9.275 9.356 9.689 7.711 3.753 3.331 4.492 5.010 4.275 5.761 6.452 6.274 7.805 7.346 4.993 3.135 2.541 3.467 7.944 7.364 8.419 10.296 8.367 10.777 12.155 16.232 17.327 19.392 24.926 37.774 45.513 46.406 45.994 45.557 41.414 -999.250 -999.250 -999.250 -999.250 -999.250 -999.250 -999.250 -999.250 -999.250 -999.250 -999.250 -999.250 -999.250 -999.250 -999.250 -999.250 -999.250 -999.250 -999.250 -999.250 -999.250 -999.250 -999.250 -999.250 -999.250 -999.250
8.330 7.648 6.178 7.540 9.858 10.193 9.350 11.380 11.864 9.899 4.873 5.868 4.912 3.111 5.566 6.008 8.508 6.985 6.478 5.362 7.190 5.443 2.770 0.000 3.306 6.931 8.915 10.318 10.277 12.283 11.982 15.968 17.202 19.585 25.627 32.040 34.473 39.700 44.065 49.223 43.621 37.546 -999.250 -999.250 -999.250 -999.250 -999.250 -999.250 -999.250 -999.250 -999.250 -999.250 -999.250 -999.250 -999.250 -999.250 -999.250 -999.250 -999.250 -999.250 -999.250 -999.250 -999.250 -999.250 -999.250 -999.250 -999.250 -999.250
10.379 8.901 8.399 8.914 6.226 7.447 9.195 10.630 9.943 8.549 6.211 5.263 6.665 6.621 6.483 5.316 6.416 6.849 6.077 5.012 6.051 5.935 3.959 5.166 3.710 5.871 7.389 9.230 10.837 12.616 13.759 16.358 20.310 24.027 27.192 33.359 29.846 37.995 39.908 49.113 42.190 41.607 27.865 -999.250 -999.250 -999.250 -999.250 -999.250 -999.250 -999.250 -999.250 -999.250 -999.250 -999.250 -999.250 -999.250 -999.250 -999.250 -999.250 -999.250 -999.250 -999.250 -999.250 -999.250 -999.250 -999.250 -999.250 -999.250
7.955 7.833 8.911 10.937 9.225 10.683 9.090 8.361 8.280 8.519 5.319 5.534 3.838 6.257 4.684 5.052 6.598 6.933 5.170 5.163 7.100 7.230 6.125 6.956 6.142 10.884 13.023 13.538 14.227 12.911 15.120 17.287 24.481 25.609 27.293 30.891 31.838 36.583 39.016 41.261 37.175 35.341 -999.250 -999.250 -999.250 -999.250 -999.250 -999.250 -999.250 -999.250 -999.250 -999.250 -999.250 -999.250 -999.250 -999.250 -999.250 -999.250 -999.250 -999.250 -999.250 -999.250 -999.250 -999.250 -999.250 -999.250 -999.250 -999.250
8.184 5.838 7.718 11.499 8.461 8.750 9.581 10.343 7.816 8.494 7.982 4.389 2.601 5.302 6.333 3.012 5.748 7.767 7.684 6.783 5.603 5.805 6.834 8.069 9.937 11.629 14.404 15.330 17.882 14.996 16.413 19.903 25.789 23.704 24.832 32.306 31.336 39.864 40.069 39.912 37.184 -999.250 -999.250 -999.250 -999.250 -999.250 -999.250 -999.250 -999.250 -999.250 -999.250 -999.250 -999.250 -999.250 -999.250 -999.250 -999.250 -999.250 -999.250 -999.250 -999.250 -999.250 -999.250 -999.250 -999.250 -999.250 -999.250 -999.250
10.192 8.910 11.284 10.739 10.420 11.118 10.688 10.765 7.917 5.334 3.653 0.000 2.612 4.040 6.979 4.409 4.174 5.251 5.329 6.435 9.260 8.559 6.884 11.228 12.012 11.494 15.057 16.746 15.766 16.774 21.343 20.821 24.021 23.578 30.644 27.432 35.562 37.548 40.806 37.531 36.560 -999.250 -999.250 -999.250 -999.250 -999.250 -999.250 -999.250 -999.250 -999.250 -999.250 -999.250 -999.250 -999.250 -999.250 -999.250 -999.250 -999.250 -999.250 -999.250 -999.250 -999.250 -999.250 -999.250 -999.250 -999.250 -999.250 -999.250
11.304 10.930 12.114 12.250 10.149 10.141 9.326 11.582 7.971 7.051 4.680 5.842 4.791 5.268 4.303 5.721 6.095 6.433 3.665 7.675 6.058 7.127 8.637 9.514 13.603 13.201 14.969 16.172 22.115 19.486 20.676 22.351 22.764 28.881 26.580 30.315 37.395 34.787 36.206 33.479 -999.250 -999.250 -999.250 -999.250 -999.250 -999.250 -999.250 -999.250 -999.250 -999.250 -999.250 -999.250 -999.250 -999.250 -999.250 -999.250 -999.250 -999.250 -999.250 -999.250 -999.250 -999.250 -999.250 -999.250 -999.250 -999.250 -999.250 -999.250
11.674 10.419 9.526 10.981 9.210 10.660 10.182 10.459 9.133 6.906 5.958 5.485 6.442 8.533 6.261 8.332 7.972 6.925 4.119 7.731 6.603 8.139 7.757 11.060 13.259 13.496 14.644 18.248 19.333 18.331 20.091 21.030 22.359 26.764 30.048 27.995 29.607 32.694 38.114 37.357 -999.250 -999.250 -999.250 -999.250 -999.250 -999.250 -999.250 -999.250 -999.250 -999.250 -999.250 -999.250 -999.250 -999.250 -999.250 -999.250 -999.250 -999.250 -999.250 -999.250 -999.250 -999.250 -999.250 -999.250 -999.250 -999.250 -999.250 -999.250
8.413 10.393 9.976 9.282 7.724 11.660 10.312 10.944 9.177 7.054 7.212 6.957 7.747 4.368 5.838 6.458 5.941 5.102 5.208 5.941 7.644 7.180 8.437 10.603 15.566 13.943 16.200 16.652 18.611 21.418 22.952 24.296 24.610 26.088 27.051 30.868 27.661 34.560 30.096 -999.250 -999.250 -999.250 -999.250 -999.250 -999.250 -999.250 -999.250 -999.250 -999.250 -999.250 -999.250 -999.250 -999.250 -999.250 -999.250 -999.250 -999.250 -999.250 -999.250 -999.250 -999.250 -999.250 -999.250 -999.250 -999.250 -999.250 -999.250 -999.250
