data/medianmodel_24-Oct-2020.asc
ncols	141
nrows	288
xllcorner	-120191.398
yllcorner	-301404.813
cellsize	2000.000
NODATA_value	-999.250
[rows 0 to 29 of 288, columns 66 to 131 of 141]
-999.250 -999.250 -999.250 -999.250 -999.250 -999.250 -999.250 -999.250 -999.250 -999.250 -999.250 -999.250 -999.250 -999.250 -999.250 -999.250 -999.250 -999.250 -999.250 -999.250 -999.250 -999.250 -999.250 -999.250 -999.250 -999.250 -999.250 -999.250 -999.250 -999.250 -999.250 -999.250 -999.250 -999.250 -999.250 -999.250 -999.250 -999.250 -999.250 -999.250 -999.250 -999.250 -999.250 -999.250 -999.250 -999.250 -999.250 -999.250 -999.250 -999.250 -999.250 -999.250 -999.250 -999.250 -999.250 -999.250 -999.250 -999.250 -999.250 -999.250 -999.250 -999.250 -999.250 -999.250 -999.250 -999.250
-999.250 -999.250 -999.250 -999.250 -999.250 -999.250 -999.250 -999.250 -999.250 -999.250 -999.250 -999.250 -999.250 -999.250 -999.250 -999.250 -999.250 -999.250 -999.250 -999.250 -999.250 -999.250 -999.250 -999.250 -999.250 -999.250 -999.250 -999.250 -999.250 -999.250 -999.250 -999.250 -999.250 -999.250 -999.250 -999.250 -999.250 -999.250 -999.250 -999.250 -999.250 -999.250 -999.250 -999.250 -999.250 -999.250 -999.250 -999.250 -999.250 -999.250 -999.250 -999.250 -999.250 -999.250 -999.250 -999.250 -999.250 -999.250 -999.250 -999.250 -999.250 -999.250 -999.250 -999.250 -999.250 -999.250
-999.250 -999.250 -999.250 -999.250 -999.250 -999.250 -999.250 -999.250 -999.250 -999.250 -999.250 -999.250 -999.250 -999.250 -999.250 -999.250 -999.250 -999.250 -999.250 -999.250 -999.250 -999.250 -999.250 -999.250 -999.250 -999.250 -999.250 -999.250 -999.250 -999.250 -999.250 -999.250 -999.250 -999.250 -999.250 -999.250 -999.250 -999.250 -999.250 -999.250 -999.250 -999.250 -999.250 -999.250 -999.250 -999.250 -999.250 -999.250 -999.250 -999.250 -999.250 -999.250 -999.250 -999.250 -999.250 -999.250 -999.250 -999.250 -999.250 -999.250 -999.250 -999.250 -999.250 -999.250 -999.250 -999.250
-999.250 -999.250 -999.250 -999.250 -999.250 -999.250 -999.250 -999.250 -999.250 -999.250 -999.250 -999.250 -999.250 -999.250 -999.250 -999.250 -999.250 -999.250 -999.250 -999.250 -999.250 -999.250 -999.250 -999.250 -999.250 -999.250 -999.250 -999.250 -999.250 -999.250 -999.250 -999.250 -999.250 -999.250 -999.250 -999.250 -999.250 -999.250 -999.250 -999.250 -999.250 -999.250 -999.250 -999.250 -999.250 -999.250 -999.250 -999.250 -999.250 -999.250 -999.250 -999.250 -999.250 -999.250 -999.250 -999.250 -999.250 -999.250 -999.250 -999.250 -999.250 -999.250 -999.250 -999.250 -999.250 -999.250
-999.250 -999.250 -999.250 -999.250 -999.250 -999.250 -999.250 -999.250 -999.250 -999.250 -999.250 -999.250 -999.250 -999.250 -999.250 -999.250 -999.250 -999.250 -999.250 -999.250 -999.250 -999.250 -999.250 -999.250 -999.250 -999.250 -999.250 -999.250 -999.250 -999.250 -999.250 -999.250 -999.250 -999.250 -999.250 -999.250 -999.250 -999.250 -999.250 -999.250 -999.250 -999.250 -999.250 -999.250 -999.250 -999.250 -999.250 -999.250 -999.250 -999.250 -999.250 -999.250 -999.250 -999.250 -999.250 -999.250 -999.250 -999.250 -999.250 -999.250 -999.250 -999.250 -999.250 -999.250 -999.250 -999.250
-999.250 -999.250 -999.250 -999.250 -999.250 -999.250 -999.250 -999.250 -999.250 -999.250 -999.250 -999.250 -999.250 -999.250 -999.250 -999.250 -999.250 -999.250 -999.250 -999.250 -999.250 -999.250 -999.250 -999.250 -999.250 -999.250 -999.250 -999.250 -999.250 -999.250 -999.250 -999.250 -999.250 -999.250 -999.250 -999.250 -999.250 -999.250 -999.250 -999.250 -999.250 -999.250 -999.250 -999.250 -999.250 -999.250 -999.250 -999.250 -999.250 -999.250 -999.250 -999.250 -999.250 -999.250 -999.250 -999.250 -999.250 -999.250 -999.250 -999.250 -999.250 -999.250 -999.250 -999.250 -999.250 -999.250
-999.250 -999.250 -999.250 -999.250 -999.250 -999.250 -999.250 -999.250 -999.250 -999.250 -999.250 -999.250 -999.250 -999.250 -999.250 -999.250 -999.250 -999.250 -999.250 -999.250 -999.250 -999.250 -999.250 -999.250 -999.250 -999.250 -999.250 -999.250 -999.250 -999.250 -999.250 -999.250 -999.250 -999.250 -999.250 -999.250 -999.250 -999.250 -999.250 -999.250 -999.250 -999.250 -999.250 -999.250 -999.250 -999.250 -999.250 -999.250 -999.250 -999.250 -999.250 -999.250 -999.250 -999.250 -999.250 -999.250 -999.250 -999.250 -999.250 -999.250 -999.250 -999.250 -999.250 -999.250 -999.250 -999.250
-999.250 -999.250 -999.250 -999.250 -999.250 -999.250 -999.250 -999.250 -999.250 -999.250 -999.250 -999.250 -999.250 -999.250 -999.250 -999.250 -999.250 -999.250 -999.250 -999.250 -999.250 -999.250 -999.250 -999.250 -999.250 -999.250 -999.250 -999.250 -999.250 -999.250 -999.250 -999.250 -999.250 -999.250 -999.250 -999.250 -999.250 -999.250 -999.250 -999.250 -999.250 -999.250 -999.250 -999.250 -999.250 -999.250 -999.250 -999.250 -999.250 -999.250 -999.250 -999.250 -999.250 -999.250 -999.250 -999.250 -999.250 -999.250 -999.250 -999.250 -999.250 -999.250 -999.250 -999.250 -999.250 -999.250
-999.250 -999.250 -999.250 -999.250 -999.250 -999.250 -999.250 -999.250 -999.250 -999.250 -999.250 -999.250 -999.250 -999.250 -999.250 -999.250 -999.250 -999.250 -999.250 -999.250 -999.250 -999.250 -999.250 -999.250 -999.250 -999.250 -999.250 -999.250 -999.250 -999.250 -999.250 -999.250 -999.250 -999.250 -999.250 -999.250 -999.250 -999.250 -999.250 -999.250 -999.250 -999.250 -999.250 -999.250 -999.250 -999.250 -999.250 -999.250 265.538 -999.250 -999.250 -999.250 -999.250 -999.250 -999.250 -999.250 -999.250 -999.250 -999.250 -999.250 -999.250 -999.250 -999.250 -999.250 -999.250 -999.250
-999.250 -999.250 -999.250 -999.250 -999.250 -999.250 -999.250 -999.250 -999.250 -999.250 -999.250 -999.250 -999.250 -999.250 -999.250 -999.250 -999.250 -999.250 -999.250 -999.250 -999.250 -999.250 -999.250 -999.250 -999.250 -999.250 -999.250 -999.250 -999.250 -999.250 -999.250 -999.250 -999.250 156.566 167.765 160.760 160.320 -999.250 -999.250 -999.250 -999.250 180.098 -999.250 -999.250 -999.250 -999.250 -999.250 -999.250 251.196 228.899 -999.250 -999.250 -999.250 -999.250 -999.250 -999.250 -999.250 -999.250 -999.250 -999.250 -999.250 -999.250 -999.250 -999.250 -999.250 -999.250
-999.250 -999.250 -999.250 -999.250 -999.250 -999.250 -999.250 -999.250 -999.250 -999.250 -999.250 -999.250 -999.250 -999.250 -999.250 -999.250 -999.250 -999.250 -999.250 -999.250 -999.250 -999.250 -999.250 -999.250 -999.250 -999.250 -999.250 -999.250 -999.250 -999.250 -999.250 -999.250 -999.250 158.785 145.444 150.214 148.030 -999.250 -999.250 -999.250 165.974 162.248 191.771 -999.250 -999.250 -999.250 -999.250 -999.250 245.819 242.808 251.523 -999.250 -999.250 -999.250 -999.250 -999.250 -999.250 228.118 235.328 -999.250 -999.250 -999.250 -999.250 -999.250 -999.250 -999.250
-999.250 -999.250 -999.250 -999.250 -999.250 -999.250 -999.250 -999.250 -999.250 -999.250 -999.250 -999.250 -999.250 -999.250 -999.250 -999.250 -999.250 -999.250 -999.250 -999.250 -999.250 -999.250 -999.250 -999.250 -999.250 -999.250 -999.250 -999.250 -999.250 -999.250 -999.250 -999.250 -999.250 155.962 131.586 136.974 134.319 119.795 138.475 136.532 163.852 162.995 183.648 204.724 238.968 223.035 237.178 210.118 255.261 235.615 249.922 243.504 252.047 235.058 277.455 242.983 248.856 257.113 228.700 -999.250 -999.250 -999.250 -999.250 -999.250 -999.250 -999.250
-999.250 -999.250 -999.250 92.883 -999.250 -999.250 -999.250 -999.250 -999.250 -999.250 -999.250 -999.250 -999.250 -999.250 -999.250 -999.250 -999.250 -999.250 -999.250 -999.250 -999.250 -999.250 -999.250 -999.250 -999.250 -999.250 -999.250 -999.250 -999.250 -999.250 -999.250 -999.250 -999.250 120.171 114.416 122.763 107.359 118.149 126.730 132.363 152.963 161.944 193.989 205.328 210.290 244.502 228.251 216.796 249.351 275.048 261.155 246.291 254.414 276.535 306.009 265.321 273.519 238.155 321.461 -999.250 -999.250 -999.250 -999.250 -999.250 -999.250 -999.250
-999.250 -999.250 -999.250 100.971 -999.250 -999.250 -999.250 -999.250 -999.250 -999.250 -999.250 138.112 -999.250 -999.250 -999.250 -999.250 -999.250 -999.250 -999.250 -999.250 -999.250 -999.250 -999.250 -999.250 -999.250 -999.250 -999.250 -999.250 -999.250 -999.250 -999.250 -999.250 -999.250 130.012 127.680 117.812 104.647 129.304 109.706 125.553 138.857 140.814 170.422 194.231 210.256 200.263 241.316 258.196 238.837 270.285 270.093 333.867 343.990 335.572 328.337 306.892 300.489 270.477 289.155 -999.250 -999.250 -999.250 -999.250 -999.250 -999.250 -999.250
-999.250 -999.250 -999.250 102.551 -999.250 -999.250 -999.250 -999.250 140.402 137.202 146.540 151.342 141.984 -999.250 -999.250 -999.250 -999.250 -999.250 -999.250 -999.250 -999.250 -999.250 -999.250 -999.250 -999.250 -999.250 -999.250 -999.250 -999.250 -999.250 -999.250 -999.250 -999.250 111.904 109.075 106.478 120.773 105.426 102.881 121.131 136.203 143.481 185.241 193.490 209.791 243.661 234.091 276.897 284.478 337.487 360.381 370.704 428.208 398.290 344.503 286.569 275.659 298.526 286.804 261.857 -999.250 -999.250 -999.250 -999.250 -999.250 -999.250
112.637 109.874 108.054 119.304 -999.250 -999.250 137.362 139.262 162.381 162.231 150.585 162.851 140.640 128.731 143.210 132.984 -999.250 -999.250 -999.250 -999.250 -999.250 -999.250 -999.250 -999.250 -999.250 -999.250 -999.250 -999.250 -999.250 -999.250 127.343 138.666 121.330 107.035 117.259 106.360 99.508 101.314 96.446 109.357 120.996 121.134 173.386 178.865 198.054 200.903 211.455 247.247 280.618 333.940 397.795 432.475 489.202 429.025 386.615 339.779 294.532 270.735 259.872 216.825 -999.250 -999.250 -999.250 -999.250 -999.250 -999.250
133.783 146.109 150.630 116.312 -999.250 128.345 135.150 146.041 149.485 147.289 144.259 145.657 135.060 136.183 130.050 -999.250 -999.250 -999.250 -999.250 -999.250 136.461 148.079 -999.250 -999.250 -999.250 123.791 -999.250 -999.250 110.292 125.889 127.456 130.314 119.589 107.298 119.647 118.352 148.528 105.198 100.657 97.868 102.899 128.730 152.836 191.156 184.389 203.615 232.097 249.670 317.248 376.634 460.413 505.917 531.999 437.110 408.532 345.488 306.980 298.580 279.307 226.483 -999.250 -999.250 -999.250 -999.250 -999.250 -999.250
128.466 154.847 143.970 133.698 151.729 154.310 134.416 143.044 153.290 158.596 147.651 134.448 133.131 121.978 120.477 -999.250 -999.250 120.203 127.152 139.020 146.753 139.105 130.214 -999.250 131.277 135.535 132.945 105.663 107.993 111.563 122.262 128.109 119.887 131.279 118.958 118.861 107.816 112.608 100.794 109.659 103.279 114.833 127.285 174.426 192.861 215.914 252.406 248.127 355.246 398.834 456.172 541.554 504.202 421.237 382.483 363.547 379.814 278.185 266.173 237.604 -999.250 -999.250 -999.250 -999.250 -999.250 -999.250
122.899 144.399 177.025 163.241 171.464 168.896 139.557 121.962 150.006 156.698 148.034 119.444 125.253 112.493 120.543 104.126 117.224 130.763 133.427 132.108 127.241 142.184 138.221 132.006 129.093 131.038 125.542 122.761 109.441 115.783 122.894 135.991 147.256 133.820 118.815 116.245 115.392 107.359 118.830 121.780 115.092 127.960 164.935 181.507 216.097 213.777 247.301 322.586 337.557 381.501 460.177 447.017 442.071 381.434 419.846 366.722 332.538 299.061 255.515 224.544 -999.250 -999.250 -999.250 -999.250 -999.250 -999.250
126.797 132.827 170.196 178.960 167.409 172.679 164.224 158.324 135.435 138.971 115.708 120.814 103.930 99.858 100.239 109.802 111.069 122.376 129.641 144.157 127.321 138.750 135.736 126.861 118.796 120.832 123.316 113.485 116.966 124.758 130.762 112.280 155.267 163.327 114.854 122.774 124.094 120.254 114.407 118.826 132.028 144.768 159.785 176.503 198.006 259.048 258.986 330.733 351.993 364.732 420.896 458.990 394.759 386.213 367.723 400.728 373.759 328.226 316.724 216.729 -999.250 -999.250 -999.250 -999.250 -999.250 -999.250
141.223 148.677 176.541 170.971 175.459 165.409 160.953 143.109 123.633 119.269 109.404 105.513 90.535 94.987 86.912 85.000 109.252 110.854 120.033 139.345 143.112 147.490 137.192 136.887 131.769 128.513 134.151 135.397 122.822 122.965 155.101 152.964 128.511 134.700 119.990 133.440 109.315 115.871 102.828 120.700 123.484 169.940 170.873 198.130 207.515 220.505 262.365 321.283 355.621 356.597 407.257 414.195 358.133 389.393 355.739 329.848 345.649 325.476 296.006 -999.250 -999.250 -999.250 -999.250 -999.250 -999.250 -999.250
151.932 155.844 176.883 178.817 177.954 177.837 167.666 139.973 140.068 100.865 100.996 93.905 82.081 78.674 76.466 81.162 95.211 102.175 105.833 118.452 126.806 137.254 138.322 135.210 145.798 151.769 143.462 112.454 106.941 135.304 140.861 126.421 131.393 119.838 126.090 127.723 120.625 123.986 122.892 137.303 155.535 174.729 186.681 194.328 200.894 195.650 235.084 305.285 301.813 353.625 385.155 368.056 380.877 374.996 309.169 334.445 279.732 314.908 287.025 -999.250 -999.250 -999.250 -999.250 -999.250 -999.250 -999.250
147.070 163.418 148.344 161.299 162.878 173.404 159.283 125.288 123.067 100.629 90.623 78.849 70.960 72.554 68.111 68.005 73.668 90.082 92.468 114.196 133.161 134.914 146.026 139.431 138.667 142.437 131.324 119.252 121.429 120.923 130.658 137.517 128.973 154.756 146.231 148.744 135.312 124.954 131.132 147.548 178.332 195.805 204.491 192.196 189.871 217.485 263.850 298.500 310.160 331.806 360.823 348.261 320.275 313.969 303.152 282.498 251.343 256.525 243.654 -999.250 -999.250 -999.250 -999.250 -999.250 -999.250 -999.250
151.229 145.120 152.412 138.033 156.608 150.673 133.541 126.276 111.485 92.614 86.295 74.862 62.902 55.502 50.794 67.479 72.400 95.851 95.918 108.876 122.915 125.490 128.337 143.714 139.299 143.439 129.814 112.725 119.418 115.286 128.472 149.388 153.113 166.277 166.805 138.190 143.797 156.096 175.938 200.714 185.326 225.227 216.236 224.420 228.855 255.198 271.679 280.610 296.904 322.602 346.523 317.073 328.996 300.339 316.661 292.855 291.216 236.438 222.917 -999.250 -999.250 -999.250 -999.250 -999.250 -999.250 -999.250
153.637 148.167 153.096 160.394 156.274 140.644 125.154 115.525 101.285 78.297 76.285 74.988 55.790 40.016 50.001 68.865 80.314 102.868 114.186 115.462 122.016 127.708 127.735 142.476 134.938 117.626 117.787 128.537 131.187 124.223 140.626 138.234 149.765 163.802 178.972 152.608 187.232 176.003 183.470 165.877 187.028 198.385 240.655 227.518 218.784 251.957 259.084 294.882 335.579 286.815 341.380 292.669 309.667 280.645 271.778 317.659 256.820 213.177 202.001 -999.250 -999.250 -999.250 -999.250 -999.250 -999.250 -999.250
142.792 158.718 151.431 152.407 146.392 141.151 117.905 110.552 101.744 86.210 81.468 73.833 60.636 51.815 58.109 67.022 79.277 100.285 114.786 115.561 114.454 119.748 135.547 139.569 134.174 121.429 133.252 129.397 134.330 140.240 135.011 134.465 151.847 158.356 178.554 163.027 188.362 191.223 187.314 207.640 194.140 190.594 218.150 228.730 218.282 273.839 225.216 239.689 298.834 251.698 278.931 318.857 261.917 249.957 280.629 242.622 234.508 192.134 176.028 187.406 -999.250 -999.250 -999.250 -999.250 147.091 153.293
113.265 129.504 142.978 125.908 139.164 156.376 131.718 119.532 103.670 113.233 84.956 82.394 63.062 60.788 73.212 75.605 85.877 90.566 118.326 123.195 115.830 109.168 125.526 133.618 137.750 126.977 131.980 140.794 121.259 152.917 134.903 124.024 143.267 152.236 173.483 162.170 190.169 172.977 176.946 193.088 219.233 218.897 242.052 202.468 253.500 231.227 235.559 238.586 250.777 246.480 263.061 306.582 285.363 275.858 245.646 231.785 214.806 193.888 166.052 155.464 158.087 -999.250 135.024 123.520 137.623 147.900
112.454 127.492 129.421 133.991 162.030 156.013 161.652 142.081 126.540 114.972 101.002 97.451 90.836 78.758 87.880 91.030 101.147 103.317 108.471 113.270 105.394 120.440 137.952 118.728 130.528 143.509 127.200 136.094 132.379 148.341 131.741 134.057 136.758 164.952 152.390 166.538 181.002 181.066 193.897 205.164 242.560 239.087 231.584 218.424 245.574 237.638 236.117 241.263 242.903 240.472 214.616 220.343 229.381 220.584 221.195 202.182 207.792 168.497 154.193 131.170 111.808 108.452 111.406 119.182 126.401 126.614
125.547 130.812 136.471 148.038 157.777 167.316 146.260 157.913 142.285 128.121 125.216 109.866 124.890 122.614 112.217 110.202 107.718 110.113 125.410 130.614 119.893 125.383 139.754 128.757 132.191 136.307 126.730 127.532 122.867 137.549 124.573 144.716 127.455 144.459 167.074 159.286 176.402 203.162 235.205 221.344 217.310 256.269 207.925 264.327 260.384 263.896 240.388 248.163 246.694 220.496 209.169 204.512 184.662 206.555 210.803 198.782 182.896 141.621 127.290 118.142 108.673 89.792 83.875 93.537 96.869 106.554
147.432 159.651 165.717 192.838 188.593 179.237 201.242 178.631 180.820 168.531 137.924 145.844 139.201 135.735 140.572 126.099 158.427 140.899 134.393 128.109 151.659 136.640 119.500 115.258 120.934 128.949 129.640 128.034 134.971 130.687 130.463 122.213 120.596 132.648 159.969 162.714 174.416 191.639 214.680 240.985 234.071 234.271 253.671 231.751 246.751 314.132 365.612 250.264 231.316 241.692 220.098 231.381 219.160 220.457 204.502 175.770 158.925 140.059 122.235 97.109 82.466 73.865 72.767 76.489 77.209 83.991
