data/medianmodel_22-Jul-2020.asc
ncols	141
nrows	288
xllcorner	-120191.398
yllcorner	-301404.813
cellsize	2000.000
NODATA_value	-999.250
[rows 155 to 185 of 288, columns 0 to 69 of 141]
-999.250 -999.250 -999.250 -999.250 -999.250 -999.250 -999.250 0.987 0.000 0.000 0.000 0.000 0.000 0.000 0.000 0.076 0.355 3.435 4.798 4.064 5.322 4.646 4.243 5.597 8.491 14.721 10.680 10.031 7.476 8.752 10.433 9.822 9.305 8.345 8.067 8.715 7.356 7.135 4.221 2.684 2.466 0.000 0.000 0.000 0.000 0.000 0.000 0.000 0.000 0.000 0.000 0.000 0.000 0.000 0.000 0.000 0.000 0.000 0.000 0.000 0.000 0.000 0.000 0.000 0.000 0.000 0.000 0.000 0.000 0.000
-999.250 -999.250 -999.250 -999.250 -999.250 -999.250 -999.250 2.806 0.000 0.000 0.000 0.000 0.000 0.000 0.000 0.000 0.000 0.000 0.000 0.592 0.646 0.867 0.758 3.419 6.958 9.088 9.789 9.705 9.449 8.393 9.158 10.254 9.794 11.385 6.999 7.590 7.055 6.619 5.150 0.969 0.000 0.000 0.000 0.000 0.000 0.000 0.000 0.000 0.000 0.000 0.000 0.000 0.000 0.000 0.000 0.000 0.000 0.000 0.000 0.000 0.000 0.000 0.000 0.000 0.000 0.000 0.000 0.000 0.000 0.000
-999.250 -999.250 -999.250 -999.250 -999.250 -999.250 -999.250 4.543 3.260 0.000 0.000 0.000 0.000 0.000 0.000 0.000 0.000 0.000 0.000 0.000 0.000 0.000 0.000 0.182 3.603 6.773 8.581 8.822 9.354 9.155 9.530 7.707 9.682 10.718 8.786 8.206 7.476 6.193 5.057 1.503 0.000 0.000 0.000 0.000 0.000 0.000 0.000 0.000 0.000 0.000 0.000 0.000 0.000 0.000 0.000 0.000 0.000 0.000 0.000 0.000 0.000 0.000 0.000 0.000 0.000 0.000 0.000 0.000 0.000 0.000
-999.250 -999.250 -999.250 -999.250 -999.250 -999.250 -999.250 7.810 6.135 4.055 0.596 0.000 0.000 0.000 0.000 0.000 0.000 0.000 0.000 0.000 0.000 0.000 0.000 0.000 2.163 4.480 7.097 9.595 8.824 9.533 8.624 9.490 10.940 13.445 11.168 10.455 7.697 6.160 5.913 2.250 0.000 0.000 0.000 0.000 0.000 0.000 0.000 0.000 0.000 0.000 0.000 0.000 0.000 0.000 0.000 0.000 0.000 0.000 0.000 0.000 0.000 0.000 0.000 0.000 0.000 0.000 0.000 0.000 0.000 0.000
-999.250 -999.250 -999.250 -999.250 -999.250 -999.250 -999.250 -999.250 9.975 8.057 4.647 1.017 0.000 0.000 0.000 0.000 0.000 0.000 0.000 0.000 0.000 0.000 0.000 0.000 2.173 5.406 8.565 9.629 9.806 14.174 12.998 10.627 10.016 11.265 11.961 14.024 11.365 8.857 6.183 1.973 0.000 0.000 0.000 0.000 0.000 0.000 0.000 0.000 0.000 0.000 0.000 0.000 0.000 0.000 0.000 0.000 0.000 0.000 0.000 0.000 0.000 0.000 0.000 0.000 0.000 0.000 0.000 0.000 0.000 0.000
-999.250 -999.250 -999.250 -999.250 -999.250 -999.250 -999.250 -999.250 13.843 15.471 6.082 3.248 1.929 0.000 0.000 0.000 0.000 0.000 0.000 0.000 0.000 0.000 0.000 0.311 3.351 7.915 11.241 11.069 12.508 14.206 14.053 12.892 11.853 14.017 12.255 14.931 14.320 10.706 6.058 1.013 0.000 0.000 0.000 0.000 0.000 0.000 0.000 0.000 0.000 0.000 0.000 0.000 0.000 0.000 0.000 0.000 0.000 0.000 0.000 0.000 0.000 0.000 0.000 0.000 0.000 0.000 0.000 0.000 0.000 0.000
-999.250 -999.250 -999.250 -999.250 -999.250 -999.250 -999.250 16.833 16.644 13.510 10.245 7.680 5.845 2.338 1.641 0.570 0.000 0.000 0.000 0.000 0.000 0.000 4.202 8.475 10.614 12.634 10.940 15.135 16.502 14.405 11.053 15.821 14.517 13.426 13.025 16.386 22.640 11.857 6.243 1.465 0.000 0.000 0.000 0.000 0.000 0.000 0.000 0.000 0.000 0.000 0.000 0.000 0.000 0.000 0.000 0.000 0.000 0.000 0.000 0.000 0.000 0.000 0.000 0.000 0.000 0.000 0.000 0.000 0.000 0.000
-999.250 -999.250 -999.250 -999.250 -999.250 -999.250 -999.250 17.490 18.627 15.612 11.966 13.381 9.759 7.332 9.791 6.164 7.203 8.401 6.470 2.378 0.000 3.819 10.430 15.264 16.238 18.318 16.344 20.066 18.382 17.903 18.524 16.917 14.372 12.909 10.993 13.354 13.252 8.574 4.828 0.272 0.000 0.000 0.000 0.000 0.000 0.000 0.000 0.000 0.000 0.000 0.000 0.000 0.000 0.000 0.000 0.000 0.000 0.000 0.000 0.000 0.000 0.000 0.000 0.000 0.000 0.000 0.000 0.000 0.000 0.000
-999.250 -999.250 -999.250 -999.250 -999.250 -999.250 -999.250 22.424 20.892 16.441 19.066 15.677 16.523 16.371 16.519 15.678 17.032 19.089 17.976 17.466 14.705 17.353 18.919 21.954 27.353 23.875 31.578 21.434 24.527 21.933 20.281 19.840 19.454 13.925 9.561 8.869 7.601 5.616 4.435 0.515 0.000 0.000 0.000 0.000 0.000 0.000 0.000 0.000 0.000 0.000 0.000 0.000 0.000 0.000 0.000 0.000 0.000 0.000 0.000 0.000 0.000 0.000 0.000 0.000 0.000 0.000 0.000 0.000 0.000 0.000
-999.250 -999.250 -999.250 -999.250 -999.250 -999.250 -999.250 26.799 21.987 21.953 25.783 29.874 27.552 29.361 33.730 34.718 37.302 40.278 34.461 31.702 38.332 38.312 33.434 44.873 43.877 38.739 37.294 32.079 38.409 31.267 26.875 25.107 16.816 14.353 8.920 6.471 4.681 1.317 0.377 0.000 0.000 0.000 0.000 0.000 0.000 0.000 0.000 0.000 0.000 0.000 0.000 0.000 0.000 0.000 0.000 0.000 0.000 0.000 0.000 0.000 0.000 0.000 0.000 0.000 0.000 0.000 0.000 0.000 0.000 0.000
-999.250 -999.250 -999.250 -999.250 -999.250 -999.250 28.359 30.468 33.802 34.926 35.784 37.297 47.793 51.789 60.745 64.496 71.281 69.495 73.826 53.197 57.190 58.004 60.555 62.375 62.298 63.500 63.158 62.448 58.783 39.869 31.646 29.359 18.197 10.887 7.792 6.849 1.710 1.065 0.000 0.000 0.000 0.000 0.000 0.000 0.000 0.000 0.000 0.000 0.000 0.000 0.000 0.000 0.000 0.000 0.000 0.000 0.000 0.000 0.000 0.000 0.000 0.000 0.000 0.000 0.000 0.000 0.000 0.000 0.000 0.000
-999.250 -999.250 -999.250 -999.250 -999.250 -999.250 37.971 39.043 38.432 41.422 46.518 55.420 64.071 61.832 73.386 82.715 78.602 89.850 84.013 81.955 83.361 79.138 80.832 79.421 75.246 77.622 88.075 78.505 71.901 50.702 36.431 24.060 16.745 10.978 6.059 4.598 1.002 0.000 0.000 0.000 0.000 0.000 0.000 0.000 0.000 0.000 0.000 0.000 0.000 0.000 0.000 0.000 0.000 0.000 0.000 0.000 0.000 0.000 0.000 0.000 0.000 0.000 0.000 0.000 0.000 0.000 0.000 0.000 0.000 0.000
-999.250 -999.250 -999.250 -999.250 -999.250 41.060 38.254 48.699 43.845 55.015 67.355 79.889 82.416 85.824 87.523 88.154 99.994 91.627 93.666 93.182 98.413 91.174 90.016 102.783 96.501 90.652 92.989 92.446 73.410 53.964 41.978 22.127 17.785 11.293 6.418 1.939 0.007 0.000 0.000 0.000 0.000 0.000 0.000 0.000 0.000 0.000 0.000 0.000 0.000 0.000 0.000 0.000 0.000 0.000 0.000 0.000 0.000 0.000 0.000 0.000 0.000 0.000 0.000 0.000 0.000 0.000 0.000 0.000 0.000 0.000
-999.250 -999.250 -999.250 -999.250 -999.250 42.401 41.958 52.124 58.779 73.638 78.428 85.318 85.965 95.622 106.354 112.928 104.454 108.658 105.378 108.603 109.535 110.413 117.637 119.622 102.783 105.435 100.363 90.884 80.464 56.175 33.566 24.002 15.187 9.735 5.943 2.919 0.000 0.000 0.000 0.000 0.000 0.000 0.000 0.000 0.000 0.000 0.000 0.000 0.000 0.297 0.000 0.000 0.000 0.000 0.000 0.000 0.000 0.000 0.000 0.000 0.000 0.000 0.000 0.000 0.000 0.000 0.000 0.000 0.000 0.000
-999.250 -999.250 -999.250 -999.250 46.183 41.692 51.964 63.765 71.662 75.592 83.660 93.236 101.508 101.060 113.104 124.533 123.980 116.625 111.643 106.000 110.614 114.903 125.588 118.553 117.091 112.911 100.510 95.964 77.402 61.206 34.072 27.667 18.483 10.336 6.114 1.836 0.000 0.000 0.000 0.000 0.000 0.000 0.000 0.000 0.232 0.737 0.916 0.077 0.000 0.270 0.000 0.000 0.000 0.000 0.000 0.000 0.000 0.000 0.000 0.000 0.000 0.000 0.000 0.000 0.000 0.000 0.000 0.000 0.000 0.000
-999.250 -999.250 -999.250 -999.250 42.017 48.490 60.920 59.729 72.947 82.956 83.414 98.917 116.763 105.567 127.029 133.366 120.390 123.260 118.245 114.313 120.465 119.561 152.093 127.716 116.276 115.802 110.406 82.443 76.866 65.597 42.462 32.934 18.368 12.496 6.360 3.026 0.000 0.000 0.000 0.000 0.000 0.000 0.000 0.705 1.277 2.338 2.368 0.146 0.636 1.065 0.074 0.000 0.000 0.000 0.000 0.000 0.000 0.000 0.000 0.000 0.000 0.000 0.000 0.000 0.000 0.000 0.000 0.000 0.000 0.000
-999.250 -999.250 -999.250 -999.250 48.583 52.399 52.999 76.369 83.272 89.220 95.287 105.797 118.984 119.195 133.711 143.197 141.311 137.602 121.575 117.615 106.396 120.105 131.174 123.781 115.069 106.406 95.630 81.111 72.617 68.297 48.761 39.176 19.862 13.250 7.752 6.675 1.925 0.000 0.000 0.000 0.000 0.000 0.933 0.645 2.578 2.895 3.855 2.213 1.783 0.016 0.000 0.208 0.000 0.000 0.000 0.000 0.000 0.000 0.000 0.000 0.000 0.000 0.000 0.000 0.000 0.000 0.000 0.000 0.000 0.000
-999.250 -999.250 -999.250 -999.250 51.729 60.343 69.877 81.766 90.409 94.121 102.467 120.799 129.806 129.109 149.352 162.992 157.762 132.780 121.566 106.900 90.459 98.435 112.747 117.594 110.596 91.041 85.403 78.519 69.357 55.519 55.597 39.031 20.307 12.789 12.151 9.392 5.135 1.427 0.000 0.000 0.000 0.000 0.034 1.762 3.402 4.004 2.913 2.942 0.280 0.000 0.000 0.000 0.000 0.000 0.000 0.000 0.000 0.000 0.000 0.000 0.000 0.000 0.000 0.000 0.000 0.000 0.000 0.000 0.000 0.000
-999.250 -999.250 -999.250 -999.250 53.972 67.699 81.595 89.161 93.046 106.662 116.246 118.563 121.590 128.579 144.490 164.529 187.776 132.230 106.183 78.236 70.604 86.004 92.393 108.804 96.391 81.568 77.808 80.168 70.779 48.224 44.992 37.049 21.056 13.515 12.273 10.365 6.355 2.840 1.788 2.800 3.012 2.738 3.583 3.239 4.378 4.993 4.044 1.044 0.635 0.567 0.242 0.000 0.000 0.000 0.000 0.000 0.000 0.000 0.000 0.000 0.000 0.000 0.000 0.000 0.000 0.000 0.000 0.000 0.000 0.000
-999.250 -999.250 -999.250 -999.250 60.756 76.868 89.044 90.603 87.127 97.955 112.005 121.547 127.709 130.156 135.263 142.862 131.226 120.801 82.002 38.931 53.419 67.984 81.550 90.136 88.977 86.384 76.626 83.352 74.861 61.675 56.473 43.970 28.922 19.526 16.564 10.728 7.020 4.294 3.604 3.707 3.345 3.257 3.287 5.639 5.134 5.747 2.398 1.382 0.953 1.278 0.090 0.000 0.000 0.000 0.000 0.000 0.000 0.000 0.000 0.000 0.000 0.000 0.000 0.000 0.000 0.000 0.000 0.000 0.000 0.000
-999.250 -999.250 -999.250 -999.250 68.485 85.762 91.247 94.658 99.564 99.706 103.939 117.218 127.441 132.257 138.236 121.320 114.783 94.224 75.603 47.425 46.536 62.990 71.721 83.014 86.120 87.254 89.669 82.431 77.219 58.314 53.267 50.174 34.358 32.083 16.397 14.219 11.129 7.732 6.986 6.574 6.289 4.296 6.023 7.884 5.212 5.036 3.415 0.922 0.000 0.000 0.000 0.000 0.000 0.000 0.000 0.000 0.000 0.000 0.000 0.000 0.000 0.000 0.000 0.000 0.000 0.000 0.000 0.000 0.000 0.000
-999.250 -999.250 -999.250 -999.250 75.239 78.505 97.672 107.291 106.272 109.993 118.386 116.364 124.380 127.332 127.749 123.878 106.707 86.573 70.898 54.741 55.760 65.507 78.475 81.773 81.413 77.347 76.270 80.316 75.198 65.759 61.826 51.118 51.241 37.371 21.997 16.850 10.321 8.600 9.225 7.897 6.629 5.028 8.300 11.447 7.019 4.094 3.357 1.863 0.000 0.000 0.000 0.000 0.000 0.000 0.000 0.000 0.000 0.000 0.000 0.000 0.000 0.000 0.000 0.000 0.000 0.000 0.000 0.000 0.000 0.000
-999.250 -999.250 -999.250 -999.250 77.359 84.964 94.164 102.926 111.943 100.248 112.652 125.595 113.352 124.619 114.572 108.438 94.191 83.434 79.643 70.055 74.351 75.811 77.642 85.050 86.857 86.559 77.299 81.054 67.547 56.414 60.475 60.348 46.989 38.091 26.024 16.892 14.487 11.064 9.781 9.515 6.453 6.267 8.242 8.685 5.829 4.135 4.245 2.700 0.603 0.000 0.000 0.000 0.000 0.000 0.000 0.000 0.000 0.000 0.000 0.000 0.000 0.000 0.000 0.000 0.000 0.000 0.000 0.000 0.000 0.108
-999.250 -999.250 -999.250 -999.250 80.519 84.817 88.111 106.384 106.937 109.963 123.873 122.204 125.657 112.993 108.495 107.166 97.447 87.602 86.234 92.390 96.023 88.925 83.921 81.898 80.283 82.479 83.578 76.089 75.010 73.594 63.122 59.214 45.512 42.364 32.501 27.637 24.038 17.416 12.126 9.637 6.897 6.384 8.660 8.252 6.885 5.603 4.026 3.650 3.070 1.977 1.022 0.000 0.000 0.000 0.000 0.000 0.000 0.000 0.000 0.000 0.000 0.000 0.000 0.000 0.000 0.000 0.000 0.000 0.851 2.341
-999.250 -999.250 -999.250 87.197 92.195 94.441 93.264 95.165 113.978 116.828 115.951 122.180 111.429 107.899 107.630 101.694 102.766 92.892 89.742 104.161 116.937 95.659 91.531 76.760 82.672 78.483 84.774 86.348 74.992 75.707 66.729 70.151 52.797 42.513 47.661 31.706 20.420 21.070 14.126 10.112 9.517 7.451 7.347 9.472 7.436 6.067 4.738 3.733 2.397 2.182 0.033 0.000 0.000 0.000 0.000 0.000 0.000 0.000 0.000 0.000 0.000 0.000 0.000 1.220 1.988 0.937 0.000 0.904 1.369 1.313
-999.250 -999.250 -999.250 93.408 84.433 87.930 87.326 99.532 105.875 123.445 116.593 117.719 111.994 109.940 105.360 105.366 97.746 90.083 94.809 94.745 111.109 94.365 90.530 92.062 87.108 83.372 84.183 88.011 78.030 77.334 68.620 59.888 60.755 56.924 61.710 36.955 28.752 25.755 17.119 12.763 9.888 9.423 10.144 9.064 6.618 4.548 5.536 4.255 3.034 2.243 0.000 0.000 0.000 0.000 0.000 0.000 0.000 0.000 0.000 0.000 0.965 1.505 1.411 3.946 2.052 3.526 4.477 3.692 4.771 3.650
-999.250 -999.250 -999.250 85.670 80.785 82.899 79.045 97.702 109.432 120.191 124.269 119.407 109.654 114.021 109.135 113.789 96.569 93.603 100.689 93.456 92.526 92.227 86.943 84.424 82.947 79.090 83.114 86.143 86.422 78.395 67.831 65.059 54.921 55.172 55.664 41.665 44.138 25.546 18.625 17.457 14.213 12.074 10.922 8.018 6.489 5.266 6.191 5.348 2.054 0.800 0.208 0.000 0.046 0.000 0.000 0.000 0.000 0.000 0.000 0.000 0.277 2.248 3.607 4.656 4.900 5.114 5.427 6.810 7.497 6.246
-999.250 -999.250 80.211 76.264 86.865 84.396 84.973 90.963 105.434 109.173 117.654 122.498 118.733 104.013 106.627 106.955 104.021 102.189 101.989 88.558 87.654 86.770 83.825 91.753 80.688 79.208 81.613 81.171 83.036 80.689 71.954 57.070 57.538 57.829 59.000 51.311 40.880 27.789 24.899 23.014 17.011 12.550 9.618 7.654 5.035 4.130 3.339 5.346 2.534 3.243 0.887 1.109 0.664 0.000 0.000 0.000 0.000 0.000 0.693 0.674 0.584 3.732 4.593 5.096 6.029 8.386 9.198 8.892 8.678 8.849
-999.250 -999.250 77.201 79.275 79.032 83.141 91.094 96.439 108.171 104.839 118.241 121.397 114.633 118.591 118.249 110.638 109.167 101.626 92.170 87.263 -999.250 74.815 74.051 71.261 63.898 74.806 79.505 80.065 75.632 91.497 76.665 65.476 58.388 46.300 63.054 49.195 43.960 30.237 21.183 17.273 19.322 11.161 9.080 7.868 5.171 4.238 2.357 0.579 2.478 0.000 1.235 0.981 0.000 0.000 0.000 0.000 0.000 0.000 1.146 1.772 1.851 4.576 7.447 7.251 7.902 10.548 9.075 9.814 11.012 9.683
-999.250 64.518 80.331 80.978 81.986 90.306 103.155 106.660 112.778 113.570 118.432 123.754 121.967 119.094 122.779 112.618 115.590 101.718 91.325 -999.250 -999.250 73.053 65.200 70.533 54.656 60.613 59.889 65.339 72.922 79.642 63.144 60.802 58.386 44.145 41.859 48.660 34.907 31.083 22.727 16.474 12.119 8.544 11.061 9.226 5.748 4.510 2.394 0.354 0.000 0.067 0.303 0.000 0.071 0.000 0.000 0.037 1.071 0.225 1.644 3.973 2.300 4.569 6.313 8.613 10.919 12.066 14.019 12.233 12.046 14.044
-999.250 73.752 79.257 82.025 89.384 97.822 102.129 108.513 107.595 113.453 118.964 123.986 129.195 129.546 130.429 115.071 100.811 89.496 -999.250 -999.250 -999.250 -999.250 51.517 52.708 43.023 45.710 55.317 58.268 47.607 50.475 57.339 57.085 51.424 38.640 38.923 40.303 34.383 24.710 18.306 15.399 11.799 9.923 11.150 8.027 5.239 3.011 1.547 1.395 0.495 0.799 0.000 0.077 0.000 0.000 0.000 0.000 1.463 2.542 2.548 3.731 5.346 6.226 9.575 9.901 11.943 16.206 18.909 13.784 14.401 12.913
