data/medianmodel_27-Mar-2020.asc
ncols	141
nrows	288
xllcorner	-120191.398
yllcorner	-301404.813
cellsize	2000.000
NODATA_value	-999.250
[rows 155 to 185 of 288, columns 69 to 137 of 141]
8.057 7.135 8.100 7.199 11.085 8.907 8.324 8.517 7.967 9.071 9.834 7.815 4.643 2.703 3.059 3.087 2.041 3.033 4.891 2.323 4.289 4.370 3.404 0.825 1.588 0.048 -999.250 -999.250 -999.250 -999.250 -999.250 -999.250 -999.250 -999.250 -999.250 -999.250 -999.250 -999.250 -999.250 -999.250 -999.250 -999.250 -999.250 -999.250 -999.250 -999.250 -999.250 -999.250 -999.250 -999.250 -999.250 -999.250 -999.250 -999.250 -999.250 -999.250 -999.250 -999.250 -999.250 -999.250 -999.250 -999.250 -999.250 -999.250 -999.250 -999.250 -999.250 -999.250 -999.250
8.272 8.246 8.056 9.739 8.265 6.726 6.585 8.849 8.339 8.550 8.370 7.593 3.423 2.104 2.288 2.028 1.499 1.611 3.545 3.881 3.779 1.336 0.837 1.219 1.135 1.527 3.048 -999.250 -999.250 -999.250 -999.250 -999.250 -999.250 -999.250 -999.250 -999.250 -999.250 -999.250 -999.250 -999.250 -999.250 -999.250 -999.250 -999.250 -999.250 -999.250 -999.250 -999.250 -999.250 -999.250 -999.250 -999.250 -999.250 -999.250 -999.250 -999.250 -999.250 -999.250 -999.250 -999.250 -999.250 -999.250 -999.250 -999.250 -999.250 -999.250 -999.250 -999.250 -999.250
6.251 5.946 5.445 8.975 9.743 10.936 9.684 9.608 8.923 7.114 8.805 8.647 7.237 2.314 1.305 0.835 2.823 3.142 3.914 3.769 2.129 0.242 0.761 1.254 1.718 2.868 1.016 1.542 -999.250 -999.250 -999.250 -999.250 -999.250 -999.250 -999.250 -999.250 -999.250 -999.250 -999.250 -999.250 -999.250 -999.250 -999.250 -999.250 -999.250 -999.250 -999.250 -999.250 -999.250 -999.250 -999.250 -999.250 -999.250 -999.250 -999.250 -999.250 -999.250 -999.250 -999.250 -999.250 -999.250 -999.250 -999.250 -999.250 -999.250 -999.250 -999.250 -999.250 -999.250
6.268 6.387 7.793 8.985 9.913 11.975 11.587 8.205 8.997 9.159 8.006 7.761 4.658 2.364 0.000 2.377 1.962 2.248 5.823 2.931 2.123 0.000 0.220 0.847 3.224 4.008 3.349 1.978 0.403 -999.250 -999.250 -999.250 -999.250 -999.250 -999.250 -999.250 -999.250 -999.250 -999.250 -999.250 -999.250 -999.250 -999.250 -999.250 -999.250 -999.250 -999.250 -999.250 -999.250 -999.250 -999.250 -999.250 -999.250 -999.250 -999.250 -999.250 -999.250 -999.250 -999.250 -999.250 -999.250 -999.250 -999.250 -999.250 -999.250 -999.250 -999.250 -999.250 -999.250
6.168 5.523 7.581 5.027 8.149 10.172 8.653 10.196 8.489 8.617 8.772 7.913 3.636 1.731 0.768 1.499 2.415 4.006 2.637 3.465 3.348 0.868 3.690 1.855 1.979 4.332 5.419 3.662 0.486 -999.250 -999.250 -999.250 -999.250 -999.250 -999.250 -999.250 -999.250 -999.250 -999.250 -999.250 -999.250 -999.250 -999.250 -999.250 -999.250 -999.250 -999.250 -999.250 -999.250 -999.250 -999.250 -999.250 -999.250 -999.250 -999.250 -999.250 -999.250 -999.250 -999.250 -999.250 -999.250 -999.250 -999.250 -999.250 -999.250 -999.250 -999.250 -999.250 -999.250
6.515 6.799 7.783 8.115 7.470 8.020 8.811 8.980 8.461 10.091 6.634 5.220 1.379 3.632 4.587 3.506 3.836 2.757 2.861 3.480 3.445 3.452 5.686 4.507 8.085 5.764 4.293 3.236 2.706 -999.250 -999.250 -999.250 -999.250 -999.250 -999.250 -999.250 -999.250 -999.250 -999.250 -999.250 -999.250 -999.250 -999.250 -999.250 -999.250 -999.250 -999.250 -999.250 -999.250 -999.250 -999.250 -999.250 -999.250 -999.250 -999.250 -999.250 -999.250 -999.250 -999.250 -999.250 -999.250 -999.250 -999.250 -999.250 -999.250 -999.250 -999.250 -999.250 -999.250
5.437 8.261 7.042 9.142 7.758 6.003 8.092 8.904 8.096 7.708 6.078 3.805 5.444 4.008 3.484 3.217 5.096 4.602 3.563 3.907 4.859 5.354 5.831 5.358 6.853 6.937 5.674 6.026 4.302 -999.250 -999.250 -999.250 -999.250 -999.250 -999.250 -999.250 -999.250 -999.250 -999.250 -999.250 -999.250 -999.250 -999.250 -999.250 -999.250 -999.250 -999.250 -999.250 -999.250 -999.250 -999.250 -999.250 -999.250 -999.250 -999.250 -999.250 -999.250 -999.250 -999.250 -999.250 -999.250 -999.250 -999.250 -999.250 -999.250 -999.250 -999.250 -999.250 -999.250
6.053 8.534 5.441 9.084 7.219 6.650 8.567 8.976 8.210 5.349 4.246 5.794 3.169 1.620 2.913 3.056 3.107 2.094 3.320 2.628 4.885 8.005 6.411 6.770 7.768 6.585 5.641 4.807 3.028 -999.250 -999.250 -999.250 -999.250 -999.250 -999.250 -999.250 -999.250 -999.250 -999.250 -999.250 -999.250 -999.250 -999.250 -999.250 -999.250 -999.250 -999.250 -999.250 -999.250 -999.250 -999.250 -999.250 -999.250 -999.250 -999.250 -999.250 -999.250 -999.250 -999.250 -999.250 -999.250 -999.250 -999.250 -999.250 -999.250 -999.250 -999.250 -999.250 -999.250
7.783 7.788 7.381 7.901 7.724 8.107 9.340 6.712 6.167 4.020 4.095 0.819 0.000 1.131 2.981 2.965 4.986 4.788 4.911 3.504 5.740 4.517 5.606 7.471 7.599 6.714 6.747 6.428 5.208 4.580 -999.250 -999.250 -999.250 -999.250 -999.250 -999.250 -999.250 -999.250 -999.250 -999.250 -999.250 -999.250 -999.250 -999.250 -999.250 -999.250 -999.250 -999.250 -999.250 -999.250 -999.250 -999.250 -999.250 -999.250 -999.250 -999.250 -999.250 -999.250 -999.250 -999.250 -999.250 -999.250 -999.250 -999.250 -999.250 -999.250 -999.250 -999.250 -999.250
6.867 7.055 7.211 6.312 6.495 7.166 8.472 6.222 5.397 5.008 3.481 3.045 0.535 1.050 0.940 1.950 4.329 3.298 5.005 6.788 3.696 5.932 6.702 6.172 5.979 7.386 6.839 5.564 4.801 4.871 2.346 -999.250 -999.250 -999.250 -999.250 -999.250 -999.250 -999.250 -999.250 -999.250 -999.250 -999.250 -999.250 -999.250 -999.250 -999.250 -999.250 -999.250 -999.250 -999.250 -999.250 -999.250 -999.250 -999.250 -999.250 -999.250 -999.250 -999.250 -999.250 -999.250 -999.250 -999.250 -999.250 -999.250 -999.250 -999.250 -999.250 -999.250 -999.250
5.134 5.537 6.635 6.218 8.693 7.987 8.355 7.139 6.417 5.145 3.505 2.771 2.046 0.277 3.009 4.097 3.339 6.779 5.810 6.040 5.053 4.361 4.550 6.428 5.646 5.794 6.769 6.081 3.619 5.037 2.509 2.510 0.820 0.000 -999.250 -999.250 -999.250 -999.250 -999.250 -999.250 -999.250 -999.250 -999.250 -999.250 -999.250 -999.250 -999.250 -999.250 -999.250 -999.250 -999.250 -999.250 -999.250 -999.250 -999.250 -999.250 -999.250 -999.250 -999.250 -999.250 -999.250 -999.250 -999.250 -999.250 -999.250 -999.250 -999.250 -999.250 -999.250
5.068 8.279 6.477 9.720 7.974 7.513 7.039 5.789 5.416 6.899 6.553 3.572 2.662 3.303 2.964 1.923 4.631 5.579 6.552 7.294 5.115 4.568 5.581 6.288 7.165 6.658 5.213 4.941 4.113 2.399 2.303 2.560 0.631 1.818 -999.250 -999.250 -999.250 -999.250 -999.250 -999.250 -999.250 -999.250 -999.250 -999.250 -999.250 -999.250 -999.250 -999.250 -999.250 -999.250 -999.250 -999.250 -999.250 -999.250 -999.250 -999.250 -999.250 -999.250 -999.250 -999.250 -999.250 -999.250 -999.250 -999.250 -999.250 -999.250 -999.250 -999.250 -999.250
6.101 5.496 8.171 8.007 8.549 5.498 7.803 7.669 6.010 6.583 5.566 4.174 3.763 2.898 2.778 0.870 5.624 6.070 4.953 4.488 4.522 3.562 4.780 6.107 4.923 6.240 5.292 4.466 2.055 2.589 1.900 1.433 1.778 -999.250 -999.250 -999.250 -999.250 -999.250 -999.250 -999.250 -999.250 -999.250 -999.250 -999.250 -999.250 -999.250 -999.250 -999.250 -999.250 -999.250 -999.250 -999.250 -999.250 -999.250 -999.250 -999.250 -999.250 -999.250 -999.250 -999.250 -999.250 -999.250 -999.250 -999.250 -999.250 -999.250 -999.250 -999.250 -999.250
4.878 5.076 4.006 6.879 6.352 6.626 7.974 6.394 6.165 4.765 4.920 3.140 3.202 3.141 4.268 4.594 4.684 5.998 5.969 5.246 2.031 6.142 5.422 5.298 2.898 3.779 3.303 2.936 1.603 1.541 0.354 1.996 2.906 -999.250 -999.250 -999.250 0.000 0.000 0.000 -999.250 -999.250 -999.250 -999.250 -999.250 -999.250 -999.250 -999.250 -999.250 -999.250 -999.250 -999.250 -999.250 -999.250 -999.250 -999.250 -999.250 -999.250 -999.250 -999.250 -999.250 -999.250 -999.250 -999.250 -999.250 -999.250 -999.250 -999.250 -999.250 -999.250
3.093 0.673 3.081 5.041 4.157 6.109 7.430 5.571 5.241 2.809 1.866 0.332 1.612 2.928 2.361 3.776 4.829 5.691 7.332 6.864 4.822 5.321 3.915 5.893 3.384 3.430 3.766 1.318 0.026 0.000 0.000 3.167 4.107 6.104 6.073 4.193 2.331 2.645 0.000 0.000 -999.250 -999.250 -999.250 -999.250 -999.250 -999.250 -999.250 -999.250 -999.250 -999.250 -999.250 -999.250 -999.250 -999.250 -999.250 -999.250 -999.250 -999.250 -999.250 -999.250 -999.250 -999.250 -999.250 -999.250 -999.250 -999.250 -999.250 -999.250 -999.250
1.524 0.000 2.629 4.331 4.806 6.308 6.809 5.918 4.371 3.047 0.502 0.000 0.660 2.350 2.063 3.317 6.538 6.129 5.558 5.800 3.687 3.067 3.004 3.225 2.888 3.408 1.025 1.918 3.113 0.827 2.250 3.410 5.017 3.198 3.478 4.333 1.262 0.074 0.000 0.000 0.000 -999.250 -999.250 -999.250 -999.250 -999.250 -999.250 -999.250 -999.250 -999.250 -999.250 -999.250 -999.250 -999.250 -999.250 -999.250 -999.250 -999.250 -999.250 -999.250 -999.250 -999.250 -999.250 -999.250 -999.250 -999.250 -999.250 -999.250 -999.250
2.301 0.465 1.680 6.175 4.455 5.593 4.224 6.200 4.157 1.845 1.671 1.448 2.682 2.966 2.813 4.302 7.162 7.670 8.445 6.790 3.772 1.591 0.980 2.779 1.677 3.376 2.509 2.905 5.177 1.564 3.225 4.431 5.215 2.959 3.413 2.986 2.611 0.464 0.000 0.000 0.000 -999.250 -999.250 -999.250 -999.250 -999.250 -999.250 -999.250 -999.250 -999.250 -999.250 -999.250 -999.250 -999.250 -999.250 -999.250 -999.250 -999.250 -999.250 -999.250 -999.250 -999.250 -999.250 -999.250 -999.250 -999.250 -999.250 -999.250 -999.250
1.861 2.415 3.281 6.112 5.365 4.481 5.262 5.101 5.729 3.339 3.130 1.417 3.517 2.510 6.772 4.589 3.977 6.777 5.200 6.000 3.582 0.623 0.000 0.235 3.429 2.923 3.811 5.297 4.247 2.855 4.901 4.700 3.389 3.438 2.366 4.690 2.877 2.520 1.671 0.008 0.000 -999.250 -999.250 -999.250 -999.250 -999.250 -999.250 -999.250 -999.250 -999.250 -999.250 -999.250 -999.250 -999.250 -999.250 -999.250 -999.250 -999.250 -999.250 -999.250 -999.250 -999.250 -999.250 -999.250 -999.250 -999.250 -999.250 -999.250 -999.250
4.548 4.880 3.977 3.871 5.463 5.171 5.456 4.585 5.111 3.834 1.182 2.650 1.758 3.713 5.859 5.730 5.774 7.459 7.508 7.634 4.723 3.268 1.304 1.161 3.863 5.119 5.595 4.110 3.735 3.747 5.346 5.764 5.704 4.722 6.389 4.859 4.351 2.628 1.426 2.974 1.731 0.000 -999.250 -999.250 -999.250 -999.250 -999.250 -999.250 -999.250 -999.250 -999.250 -999.250 -999.250 -999.250 -999.250 -999.250 -999.250 -999.250 -999.250 -999.250 -999.250 -999.250 -999.250 -999.250 -999.250 -999.250 -999.250 -999.250 -999.250
6.213 5.195 5.838 5.919 4.393 5.231 6.753 4.996 4.318 2.477 3.543 3.362 3.917 5.247 5.193 7.820 4.598 7.585 8.159 5.778 3.764 3.933 4.407 3.292 6.710 7.103 4.970 4.346 4.428 4.023 6.169 8.201 4.986 5.939 3.836 6.200 3.985 4.474 4.044 4.354 1.772 -999.250 -999.250 -999.250 -999.250 -999.250 -999.250 -999.250 -999.250 -999.250 -999.250 -999.250 -999.250 -999.250 -999.250 -999.250 -999.250 -999.250 -999.250 -999.250 -999.250 -999.250 -999.250 -999.250 -999.250 -999.250 -999.250 -999.250 -999.250
6.746 5.031 6.476 5.738 5.139 5.803 3.931 3.340 3.558 1.313 2.302 3.564 4.335 5.574 6.209 5.424 4.577 5.815 5.718 6.561 4.776 5.865 6.176 5.941 6.860 9.107 7.226 4.568 5.318 7.540 7.127 8.267 4.928 4.868 5.092 4.926 4.466 2.453 1.700 2.972 -999.250 -999.250 -999.250 -999.250 -999.250 -999.250 -999.250 -999.250 -999.250 -999.250 -999.250 -999.250 -999.250 -999.250 -999.250 -999.250 -999.250 -999.250 -999.250 -999.250 -999.250 -999.250 -999.250 -999.250 -999.250 -999.250 -999.250 -999.250 -999.250
4.105 4.050 6.346 6.037 4.962 5.799 3.578 3.591 4.184 1.799 0.000 1.877 4.084 5.590 5.448 5.144 7.482 7.656 6.091 8.039 6.981 7.625 6.959 7.175 6.532 7.346 7.218 5.450 7.142 7.721 7.975 7.079 5.136 4.094 5.384 7.729 7.900 3.297 1.758 2.666 -999.250 -999.250 -999.250 -999.250 -999.250 -999.250 -999.250 -999.250 -999.250 -999.250 -999.250 -999.250 -999.250 -999.250 -999.250 -999.250 -999.250 -999.250 -999.250 -999.250 -999.250 -999.250 -999.250 -999.250 -999.250 -999.250 -999.250 -999.250 -999.250
4.826 5.384 5.054 7.162 5.207 3.941 5.441 4.665 4.700 3.292 1.487 1.815 2.620 3.254 5.720 3.973 6.828 7.090 3.940 5.730 7.351 6.711 4.927 7.527 8.745 7.353 8.267 5.535 5.953 6.808 9.512 6.344 4.474 7.731 8.033 5.582 4.658 3.917 1.194 -999.250 -999.250 -999.250 -999.250 -999.250 -999.250 -999.250 -999.250 -999.250 -999.250 -999.250 -999.250 -999.250 -999.250 -999.250 -999.250 -999.250 -999.250 -999.250 -999.250 -999.250 -999.250 -999.250 -999.250 -999.250 -999.250 -999.250 -999.250 -999.250 -999.250
2.766 6.020 5.954 7.795 6.294 6.756 4.974 4.543 6.948 5.284 3.193 2.475 2.073 5.939 5.475 7.056 5.985 8.669 6.554 3.340 7.002 7.578 8.540 9.394 9.233 8.200 8.683 7.756 8.044 8.169 7.566 7.752 4.100 4.927 7.063 6.012 6.297 5.109 1.334 -999.250 -999.250 -999.250 -999.250 -999.250 -999.250 -999.250 -999.250 -999.250 -999.250 -999.250 -999.250 -999.250 -999.250 -999.250 -999.250 -999.250 -999.250 -999.250 -999.250 -999.250 -999.250 -999.250 -999.250 -999.250 -999.250 -999.250 -999.250 -999.250 -999.250
3.914 5.615 7.377 5.284 5.638 6.760 5.890 6.937 6.847 3.951 3.179 3.066 5.219 4.900 6.723 5.738 7.118 6.817 6.828 7.564 7.284 6.669 8.180 8.646 7.681 7.992 7.878 9.152 7.137 7.004 8.575 6.153 7.229 5.314 4.641 4.951 5.833 2.596 -999.250 -999.250 -999.250 -999.250 -999.250 -999.250 -999.250 -999.250 -999.250 -999.250 -999.250 -999.250 -999.250 -999.250 -999.250 -999.250 -999.250 -999.250 -999.250 -999.250 -999.250 -999.250 -999.250 -999.250 -999.250 -999.250 -999.250 -999.250 -999.250 -999.250 -999.250
3.547 4.976 6.141 5.534 7.245 6.579 5.083 7.395 7.744 4.423 4.070 3.480 3.095 3.149 6.575 4.443 5.674 5.477 5.886 6.442 5.657 6.197 7.900 6.331 6.884 7.252 7.615 6.184 7.833 6.642 7.232 4.609 6.646 5.149 4.076 3.846 3.847 2.632 -999.250 -999.250 -999.250 -999.250 -999.250 -999.250 -999.250 -999.250 -999.250 -999.250 -999.250 -999.250 -999.250 -999.250 -999.250 -999.250 -999.250 -999.250 -999.250 -999.250 -999.250 -999.250 -999.250 -999.250 -999.250 -999.250 -999.250 -999.250 -999.250 -999.250 -999.250
4.983 6.183 6.025 6.695 7.933 7.289 4.812 7.434 9.237 7.328 6.258 4.982 2.904 2.188 4.374 4.920 4.725 5.510 5.271 3.653 5.532 5.813 6.084 6.995 7.176 5.625 6.855 7.845 7.304 6.955 5.053 5.650 5.897 5.589 3.740 4.068 4.682 3.566 -999.250 -999.250 -999.250 -999.250 -999.250 -999.250 -999.250 -999.250 -999.250 -999.250 -999.250 -999.250 -999.250 -999.250 -999.250 -999.250 -999.250 -999.250 -999.250 -999.250 -999.250 -999.250 -999.250 -999.250 -999.250 -999.250 -999.250 -999.250 -999.250 -999.250 -999.250
5.719 7.356 7.482 6.433 8.476 8.656 6.358 7.434 8.552 9.065 6.113 3.773 2.685 1.002 1.886 3.823 4.819 4.575 4.841 5.448 3.019 4.197 4.079 6.000 3.474 4.725 6.246 6.458 6.975 7.408 6.017 4.632 2.073 2.337 4.133 1.772 2.821 -999.250 -999.250 -999.250 -999.250 -999.250 -999.250 -999.250 -999.250 -999.250 -999.250 -999.250 -999.250 -999.250 -999.250 -999.250 -999.250 -999.250 -999.250 -999.250 -999.250 -999.250 -999.250 -999.250 -999.250 -999.250 -999.250 -999.250 -999.250 -999.250 -999.250 -999.250 -999.250
6.387 6.877 6.546 8.129 7.932 8.328 8.856 9.459 9.415 7.407 4.902 4.282 3.396 0.927 0.000 1.832 2.585 2.906 4.365 3.425 4.049 3.242 2.395 4.966 5.274 6.339 5.904 7.045 7.029 6.191 7.517 5.694 1.195 0.000 1.484 2.123 -999.250 -999.250 -999.250 -999.250 -999.250 -999.250 -999.250 -999.250 -999.250 -999.250 -999.250 -999.250 -999.250 -999.250 -999.250 -999.250 -999.250 -999.250 -999.250 -999.250 -999.250 -999.250 -999.250 -999.250 -999.250 -999.250 -999.250 -999.250 -999.250 -999.250 -999.250 -999.250 -999.250
7.816 5.875 8.471 9.144 8.681 7.548 8.767 7.988 7.574 8.019 6.188 3.950 2.797 2.733 1.143 1.403 1.457 1.815 3.180 4.150 1.590 0.000 2.080 4.943 3.690 3.860 5.820 6.664 7.581 7.311 6.509 5.772 3.107 0.873 0.478 1.547 -999.250 -999.250 -999.250 -999.250 -999.250 -999.250 -999.250 -999.250 -999.250 -999.250 -999.250 -999.250 -999.250 -999.250 -999.250 -999.250 -999.250 -999.250 -999.250 -999.250 -999.250 -999.250 -999.250 -999.250 -999.250 -999.250 -999.250 -999.250 -999.250 -999.250 -999.250 -999.250 -999.250
5.331 7.092 6.602 7.744 8.908 8.853 8.221 7.962 7.713 6.689 5.370 6.029 4.325 2.630 2.564 2.667 1.204 1.097 3.906 2.994 0.066 0.000 0.824 3.851 4.028 5.313 3.963 6.075 5.008 6.812 8.412 3.483 3.310 1.504 -999.250 -999.250 -999.250 -999.250 -999.250 -999.250 -999.250 -999.250 -999.250 -999.250 -999.250 -999.250 -999.250 -999.250 -999.250 -999.250 -999.250 -999.250 -999.250 -999.250 -999.250 -999.250 -999.250 -999.250 -999.250 -999.250 -999.250 -999.250 -999.250 -999.250 -999.250 -999.250 -999.250 -999.250 -999.250
