data/medianmodel_05-Dec-2020.asc
ncols	141
nrows	288
xllcorner	-120191.398
yllcorner	-301404.813
cellsize	2000.000
NODATA_value	-999.250
[rows 0 to 28 of 288, columns 64 to 127 of 141]
-999.250 -999.250 -999.250 -999.250 -999.250 -999.250 -999.250 -999.250 -999.250 -999.250 -999.250 -999.250 -999.250 -999.250 -999.250 -999.250 -999.250 -999.250 -999.250 -999.250 -999.250 -999.250 -999.250 -999.250 -999.250 -999.250 -999.250 -999.250 -999.250 -999.250 -999.250 -999.250 -999.250 -999.250 -999.250 -999.250 -999.250 -999.250 -999.250 -999.250 -999.250 -999.250 -999.250 -999.250 -999.250 -999.250 -999.250 -999.250 -999.250 -999.250 -999.250 -999.250 -999.250 -999.250 -999.250 -999.250 -999.250 -999.250 -999.250 -999.250 -999.250 -999.250 -999.250 -999.250
-999.250 -999.250 -999.250 -999.250 -999.250 -999.250 -999.250 -999.250 -999.250 -999.250 -999.250 -999.250 -999.250 -999.250 -999.250 -999.250 -999.250 -999.250 -999.250 -999.250 -999.250 -999.250 -999.250 -999.250 -999.250 -999.250 -999.250 -999.250 -999.250 -999.250 -999.250 -999.250 -999.250 -999.250 -999.250 -999.250 -999.250 -999.250 -999.250 -999.250 -999.250 -999.250 -999.250 -999.250 -999.250 -999.250 -999.250 -999.250 -999.250 -999.250 -999.250 -999.250 -999.250 -999.250 -999.250 -999.250 -999.250 -999.250 -999.250 -999.250 -999.250 -999.250 -999.250 -999.250
-999.250 -999.250 -999.250 -999.250 -999.250 -999.250 -999.250 -999.250 -999.250 -999.250 -999.250 -999.250 -999.250 -999.250 -999.250 -999.250 -999.250 -999.250 -999.250 -999.250 -999.250 -999.250 -999.250 -999.250 -999.250 -999.250 -999.250 -999.250 -999.250 -999.250 -999.250 -999.250 -999.250 -999.250 -999.250 -999.250 -999.250 -999.250 -999.250 -999.250 -999.250 -999.250 -999.250 -999.250 -999.250 -999.250 -999.250 -999.250 -999.250 -999.250 -999.250 -999.250 -999.250 -999.250 -999.250 -999.250 -999.250 -999.250 -999.250 -999.250 -999.250 -999.250 -999.250 -999.250
-999.250 -999.250 -999.250 -999.250 -999.250 -999.250 -999.250 -999.250 -999.250 -999.250 -999.250 -999.250 -999.250 -999.250 -999.250 -999.250 -999.250 -999.250 -999.250 -999.250 -999.250 -999.250 -999.250 -999.250 -999.250 -999.250 -999.250 -999.250 -999.250 -999.250 -999.250 -999.250 -999.250 -999.250 -999.250 -999.250 -999.250 -999.250 -999.250 -999.250 -999.250 -999.250 -999.250 -999.250 -999.250 -999.250 -999.250 -999.250 -999.250 -999.250 -999.250 -999.250 -999.250 -999.250 -999.250 -999.250 -999.250 -999.250 -999.250 -999.250 -999.250 -999.250 -999.250 -999.250
-999.250 -999.250 -999.250 -999.250 -999.250 -999.250 -999.250 -999.250 -999.250 -999.250 -999.250 -999.250 -999.250 -999.250 -999.250 -999.250 -999.250 -999.250 -999.250 -999.250 -999.250 -999.250 -999.250 -999.250 -999.250 -999.250 -999.250 -999.250 -999.250 -999.250 -999.250 -999.250 -999.250 -999.250 -999.250 -999.250 -999.250 -999.250 -999.250 -999.250 -999.250 -999.250 -999.250 -999.250 -999.250 -999.250 -999.250 -999.250 -999.250 -999.250 -999.250 -999.250 -999.250 -999.250 -999.250 -999.250 -999.250 -999.250 -999.250 -999.250 -999.250 -999.250 -999.250 -999.250
-999.250 -999.250 -999.250 -999.250 -999.250 -999.250 -999.250 -999.250 -999.250 -999.250 -999.250 -999.250 -999.250 -999.250 -999.250 -999.250 -999.250 -999.250 -999.250 -999.250 -999.250 -999.250 -999.250 -999.250 -999.250 -999.250 -999.250 -999.250 -999.250 -999.250 -999.250 -999.250 -999.250 -999.250 -999.250 -999.250 -999.250 -999.250 -999.250 -999.250 -999.250 -999.250 -999.250 -999.250 -999.250 -999.250 -999.250 -999.250 -999.250 -999.250 -999.250 -999.250 -999.250 -999.250 -999.250 -999.250 -999.250 -999.250 -999.250 -999.250 -999.250 -999.250 -999.250 -999.250
-999.250 -999.250 -999.250 -999.250 -999.250 -999.250 -999.250 -999.250 -999.250 -999.250 -999.250 -999.250 -999.250 -999.250 -999.250 -999.250 -999.250 -999.250 -999.250 -999.250 -999.250 -999.250 -999.250 -999.250 -999.250 -999.250 -999.250 -999.250 -999.250 -999.250 -999.250 -999.250 -999.250 -999.250 -999.250 -999.250 -999.250 -999.250 -999.250 -999.250 -999.250 -999.250 -999.250 -999.250 -999.250 -999.250 -999.250 -999.250 -999.250 -999.250 -999.250 -999.250 -999.250 -999.250 -999.250 -999.250 -999.250 -999.250 -999.250 -999.250 -999.250 -999.250 -999.250 -999.250
-999.250 -999.250 -999.250 -999.250 -999.250 -999.250 -999.250 -999.250 -999.250 -999.250 -999.250 -999.250 -999.250 -999.250 -999.250 -999.250 -999.250 -999.250 -999.250 -999.250 -999.250 -999.250 -999.250 -999.250 -999.250 -999.250 -999.250 -999.250 -999.250 -999.250 -999.250 -999.250 -999.250 -999.250 -999.250 -999.250 -999.250 -999.250 -999.250 -999.250 -999.250 -999.250 -999.250 -999.250 -999.250 -999.250 -999.250 -999.250 -999.250 -999.250 -999.250 -999.250 -999.250 -999.250 -999.250 -999.250 -999.250 -999.250 -999.250 -999.250 -999.250 -999.250 -999.250 -999.250
-999.250 -999.250 -999.250 -999.250 -999.250 -999.250 -999.250 -999.250 -999.250 -999.250 -999.250 -999.250 -999.250 -999.250 -999.250 -999.250 -999.250 -999.250 -999.250 -999.250 -999.250 -999.250 -999.250 -999.250 -999.250 -999.250 -999.250 -999.250 -999.250 -999.250 -999.250 -999.250 -999.250 -999.250 -999.250 -999.250 -999.250 -999.250 -999.250 -999.250 -999.250 -999.250 -999.250 -999.250 -999.250 -999.250 -999.250 -999.250 -999.250 -999.250 430.021 -999.250 -999.250 -999.250 -999.250 -999.250 -999.250 -999.250 -999.250 -999.250 -999.250 -999.250 -999.250 -999.250
-999.250 -999.250 -999.250 -999.250 -999.250 -999.250 -999.250 -999.250 -999.250 -999.250 -999.250 -999.250 -999.250 -999.250 -999.250 -999.250 -999.250 -999.250 -999.250 -999.250 -999.250 -999.250 -999.250 -999.250 -999.250 -999.250 -999.250 -999.250 -999.250 -999.250 -999.250 -999.250 -999.250 -999.250 -999.250 705.246 682.143 619.595 583.505 -999.250 -999.250 -999.250 -999.250 476.990 -999.250 -999.250 -999.250 -999.250 -999.250 -999.250 476.423 493.313 -999.250 -999.250 -999.250 -999.250 -999.250 -999.250 -999.250 -999.250 -999.250 -999.250 -999.250 -999.250
-999.250 -999.250 -999.250 -999.250 -999.250 -999.250 -999.250 -999.250 -999.250 -999.250 -999.250 -999.250 -999.250 -999.250 -999.250 -999.250 -999.250 -999.250 -999.250 -999.250 -999.250 -999.250 -999.250 -999.250 -999.250 -999.250 -999.250 -999.250 -999.250 -999.250 -999.250 -999.250 -999.250 -999.250 -999.250 742.046 732.665 645.989 577.185 -999.250 -999.250 -999.250 495.653 490.651 460.197 -999.250 -999.250 -999.250 -999.250 -999.250 474.077 532.549 555.878 -999.250 -999.250 -999.250 -999.250 -999.250 -999.250 725.116 710.852 -999.250 -999.250 -999.250
-999.250 -999.250 -999.250 -999.250 -999.250 -999.250 -999.250 -999.250 -999.250 -999.250 -999.250 -999.250 -999.250 -999.250 -999.250 -999.250 -999.250 -999.250 -999.250 -999.250 -999.250 -999.250 -999.250 -999.250 -999.250 -999.250 -999.250 -999.250 -999.250 -999.250 -999.250 -999.250 -999.250 -999.250 -999.250 826.521 757.556 654.008 639.277 572.532 538.944 541.356 474.558 484.658 457.993 439.495 456.416 473.603 481.692 505.477 511.535 550.669 554.110 517.150 568.827 624.385 666.360 699.570 722.240 705.565 738.363 -999.250 -999.250 -999.250
-999.250 -999.250 -999.250 -999.250 -999.250 462.422 -999.250 -999.250 -999.250 -999.250 -999.250 -999.250 -999.250 -999.250 -999.250 -999.250 -999.250 -999.250 -999.250 -999.250 -999.250 -999.250 -999.250 -999.250 -999.250 -999.250 -999.250 -999.250 -999.250 -999.250 -999.250 -999.250 -999.250 -999.250 -999.250 782.915 801.880 703.967 634.443 544.105 551.524 494.129 478.532 449.679 459.449 439.170 446.836 504.222 491.874 510.526 531.857 530.239 533.411 566.560 625.276 586.138 653.621 681.746 736.904 716.146 699.880 -999.250 -999.250 -999.250
-999.250 -999.250 -999.250 -999.250 -999.250 416.260 -999.250 -999.250 -999.250 -999.250 -999.250 -999.250 -999.250 818.809 -999.250 -999.250 -999.250 -999.250 -999.250 -999.250 -999.250 -999.250 -999.250 -999.250 -999.250 -999.250 -999.250 -999.250 -999.250 -999.250 -999.250 -999.250 -999.250 -999.250 -999.250 831.371 771.136 708.470 669.359 585.288 541.600 509.188 471.437 452.480 459.168 449.285 445.362 466.267 499.055 518.390 549.086 553.862 562.311 586.962 595.710 615.727 648.992 650.163 667.658 748.107 742.671 -999.250 -999.250 -999.250
-999.250 -999.250 -999.250 -999.250 -999.250 462.313 -999.250 -999.250 -999.250 -999.250 626.488 662.932 730.731 786.754 843.001 -999.250 -999.250 -999.250 -999.250 -999.250 -999.250 -999.250 -999.250 -999.250 -999.250 -999.250 -999.250 -999.250 -999.250 -999.250 -999.250 -999.250 -999.250 -999.250 -999.250 903.829 815.146 678.018 650.314 597.074 532.420 519.651 487.412 446.508 439.591 445.749 453.686 464.965 517.703 517.474 535.945 561.744 555.257 585.192 601.258 644.134 659.575 694.627 702.572 728.184 819.184 821.741 -999.250 -999.250
-999.250 -999.250 391.148 414.540 429.630 484.280 -999.250 -999.250 624.082 611.665 643.534 687.303 734.659 819.275 898.082 975.038 1168.167 1234.362 -999.250 -999.250 -999.250 -999.250 -999.250 -999.250 -999.250 -999.250 -999.250 -999.250 -999.250 -999.250 -999.250 -999.250 1256.562 1175.243 1102.938 902.503 804.091 742.346 678.208 571.200 534.934 478.914 469.588 442.591 445.360 481.449 483.580 492.240 504.845 526.076 548.005 581.132 596.050 623.579 624.532 647.716 685.859 720.387 703.127 742.665 797.590 801.340 -999.250 -999.250
-999.250 392.736 413.773 396.732 484.367 489.420 -999.250 556.438 569.668 566.301 631.662 660.107 731.508 852.354 934.266 1087.405 1202.429 -999.250 -999.250 -999.250 -999.250 -999.250 1595.869 1579.583 -999.250 -999.250 -999.250 1581.215 -999.250 -999.250 1361.568 1373.594 1266.569 1115.864 1011.547 886.022 847.379 763.613 665.947 613.332 526.990 499.969 437.677 421.270 438.156 451.042 489.645 500.030 526.455 538.339 571.884 591.992 622.906 634.198 697.510 690.687 724.332 724.991 742.203 800.521 822.700 803.112 -999.250 -999.250
-999.250 410.596 435.362 456.264 466.515 497.928 508.527 522.111 546.019 595.969 652.464 712.499 840.834 913.008 989.753 1149.968 1149.311 -999.250 -999.250 1417.638 1557.808 1613.659 1620.144 1663.663 1667.480 -999.250 1622.832 1628.130 1615.627 1582.150 1428.811 1365.076 1229.171 1057.291 1011.209 928.067 863.632 750.264 713.878 594.649 544.857 457.373 374.387 419.892 448.002 455.516 497.293 514.885 520.062 534.912 591.872 605.103 639.087 678.430 709.050 684.062 709.884 722.539 757.230 778.269 829.284 815.483 -999.250 -999.250
399.348 418.807 453.185 457.071 471.084 486.515 507.284 527.916 563.571 600.994 669.770 699.133 797.339 893.976 1010.866 1123.133 1241.190 1237.982 1369.305 1472.512 1594.557 1663.934 1685.130 1720.031 1844.216 1823.103 1771.049 1716.171 1684.308 1596.386 1517.340 1401.610 1324.025 1231.631 998.822 915.413 808.444 762.631 702.166 597.258 532.825 492.696 433.051 434.964 446.923 448.803 491.152 523.099 541.595 559.342 595.279 605.146 643.673 670.339 693.034 664.851 757.043 776.174 784.760 758.001 804.189 886.024 -999.250 -999.250
413.984 440.205 422.942 465.774 496.550 497.308 515.660 523.802 555.172 605.727 645.396 734.455 786.406 839.637 926.433 1060.784 1217.012 1266.208 1406.022 1566.198 1677.682 1694.057 1799.032 1824.200 1787.793 1817.076 1802.046 1695.649 1690.775 1610.709 1517.634 1404.152 1326.652 1213.657 1125.396 908.327 874.265 794.314 699.365 637.596 563.575 529.569 487.338 474.854 467.157 458.849 507.144 523.984 551.465 572.771 590.882 646.621 670.007 655.813 676.710 710.471 730.387 770.617 747.674 777.080 915.698 918.732 -999.250 -999.250
458.864 454.801 471.571 476.359 495.383 495.506 514.531 525.487 539.740 583.058 621.933 706.016 769.174 834.041 921.352 1048.722 1231.361 1298.847 1424.533 1566.208 1656.426 1736.972 1766.042 1829.419 1864.790 1853.055 1819.212 1741.875 1644.921 1595.731 1492.933 1398.965 1322.459 1270.383 1086.847 1025.871 855.444 795.988 739.919 702.772 633.233 565.118 524.407 508.836 502.558 499.236 507.900 524.838 546.067 599.383 563.574 609.777 640.989 664.178 696.581 681.344 738.651 806.112 804.298 836.773 950.714 -999.250 -999.250 -999.250
478.539 469.783 492.482 502.251 493.415 506.883 502.887 489.052 527.452 547.341 622.871 706.522 713.609 817.572 859.109 916.505 1031.066 1305.932 1387.982 1503.707 1628.699 1668.589 1706.733 1845.309 1888.819 1864.971 1797.689 1683.887 1623.170 1593.206 1523.835 1380.946 1329.943 1184.775 1081.875 1001.138 865.659 849.625 808.164 773.462 679.752 585.269 559.126 528.165 518.889 518.577 505.364 511.576 550.737 605.035 549.576 614.740 605.903 668.941 670.620 711.541 753.588 835.874 818.589 858.248 792.489 -999.250 -999.250 -999.250
540.391 534.706 490.777 514.078 496.494 510.493 511.779 521.298 532.304 546.266 604.768 663.415 706.145 755.366 831.316 881.217 968.084 1249.565 1339.227 1493.315 1587.786 1613.824 1696.604 1823.670 1817.792 1761.778 1699.382 1635.050 1599.323 1536.088 1432.605 1368.772 1222.963 1128.912 1021.818 955.236 893.084 870.514 802.301 772.156 629.075 605.373 555.943 556.844 523.623 531.924 504.822 556.922 546.904 595.463 584.817 601.735 607.623 658.578 651.824 717.429 803.449 791.040 789.376 817.782 799.666 -999.250 -999.250 -999.250
589.889 549.748 540.446 527.994 525.983 521.012 502.605 536.242 538.034 556.904 573.585 624.455 695.705 747.943 807.020 816.152 897.941 1077.537 1306.627 1407.341 1475.550 1624.232 1664.612 1714.025 1697.377 1720.914 1674.460 1651.997 1560.775 1514.964 1432.479 1347.104 1266.540 1167.701 990.846 953.055 862.908 790.750 794.032 740.416 673.976 633.111 586.935 568.869 561.639 537.004 535.837 535.053 559.152 547.086 569.415 552.813 584.209 634.365 670.266 728.694 752.805 740.303 786.554 783.462 734.005 -999.250 -999.250 -999.250
649.983 610.128 562.950 534.195 521.579 521.002 509.836 517.718 552.855 547.939 579.586 590.731 636.465 695.846 733.959 740.296 850.485 1079.982 1284.556 1355.343 1446.749 1529.941 1666.126 1646.521 1642.807 1625.900 1630.104 1541.744 1526.977 1475.067 1383.582 1333.033 1259.435 1146.446 965.433 943.422 839.740 726.983 739.916 644.015 690.138 667.414 573.211 564.917 542.257 544.843 530.742 575.921 572.628 562.396 553.944 554.208 557.955 619.091 624.703 705.852 723.824 699.407 718.529 751.701 786.403 -999.250 -999.250 -999.250
725.102 645.795 594.465 569.524 539.234 535.762 531.266 530.570 530.762 561.404 583.269 593.669 625.910 652.498 725.746 782.856 889.440 1048.051 1236.919 1370.265 1452.879 1511.947 1579.126 1608.930 1609.293 1573.337 1526.597 1508.287 1439.274 1396.362 1346.609 1287.353 1221.971 1064.379 1024.439 915.014 803.406 782.889 739.625 709.276 649.634 661.092 621.198 599.936 576.243 541.271 533.191 544.887 541.888 552.587 547.203 552.965 553.056 592.122 609.260 668.993 704.546 693.070 728.097 741.739 750.845 767.826 -999.250 -999.250
767.835 653.602 610.228 562.549 550.530 528.782 502.956 505.904 524.265 531.991 554.692 596.815 660.248 674.949 741.094 840.978 914.715 1143.468 1228.292 1335.298 1416.213 1521.776 1556.624 1576.154 1536.781 1582.260 1483.665 1440.299 1424.210 1355.007 1362.181 1225.344 1158.698 1002.663 960.856 939.588 854.092 773.635 785.168 725.161 727.718 677.057 633.186 606.015 573.674 553.172 564.818 565.872 576.638 590.740 573.824 551.496 586.020 629.096 612.266 626.964 684.840 665.738 693.292 729.457 808.546 741.948 811.489 -999.250
782.216 705.330 616.135 563.940 553.869 501.290 499.742 499.092 497.272 496.675 530.780 571.691 638.905 697.426 753.157 863.614 988.851 1112.901 1332.127 1386.222 1397.509 1498.985 1471.505 1523.394 1484.465 1490.693 1491.485 1391.796 1397.315 1340.400 1314.916 1239.920 1169.805 1004.841 977.132 901.243 822.726 852.487 784.090 737.093 694.757 684.097 644.831 602.495 606.924 596.680 566.811 569.214 586.928 610.588 569.487 564.210 595.483 625.654 607.493 652.572 735.514 700.319 720.801 710.280 730.997 790.999 840.505 763.416
809.829 700.819 638.223 554.463 527.598 489.753 459.041 471.971 456.497 469.603 509.947 539.879 600.174 711.887 810.477 910.817 1022.435 1240.321 1298.113 1378.689 1411.867 1480.592 1435.868 1434.080 1444.769 1403.375 1426.264 1415.206 1367.330 1300.083 1252.729 1144.023 1057.266 962.850 954.559 886.413 889.291 811.682 792.321 712.515 671.248 658.802 683.873 610.631 592.748 600.506 593.178 589.457 571.783 565.106 563.626 543.088 590.576 602.961 618.477 670.043 680.766 695.550 672.931 753.461 722.521 736.596 762.668 808.790
