data/medianmodel_05-Jun-2020.asc
ncols	141
nrows	288
xllcorner	-120191.398
yllcorner	-301404.813
cellsize	2000.000
NODATA_value	-999.250
[rows 210 to 239 of 288, columns 0 to 68 of 141]
-999.250 -999.250 -999.250 -999.250 -999.250 -999.250 -999.250 -999.250 -999.250 -999.250 -999.250 -999.250 -999.250 -999.250 -999.250 -999.250 -999.250 -999.250 -999.250 -999.250 -999.250 -999.250 -999.250 -999.250 -999.250 -999.250 -999.250 -999.250 -999.250 -999.250 -999.250 12.486 14.996 14.327 16.864 17.786 15.843 14.645 14.595 17.570 16.970 15.704 25.731 18.705 15.752 14.579 12.182 8.805 10.885 10.039 10.560 8.048 8.515 3.869 6.185 3.114 4.747 4.525 3.993 3.395 0.637 0.000 0.000 0.000 0.000 0.000 0.000 0.000 0.000
-999.250 -999.250 -999.250 -999.250 -999.250 -999.250 -999.250 -999.250 -999.250 -999.250 -999.250 -999.250 -999.250 -999.250 -999.250 -999.250 -999.250 -999.250 -999.250 -999.250 -999.250 -999.250 -999.250 -999.250 -999.250 -999.250 -999.250 -999.250 -999.250 -999.250 -999.250 12.365 16.203 13.487 17.182 15.216 20.667 12.861 12.377 18.372 22.496 21.230 14.034 16.073 12.029 13.353 9.953 8.858 8.660 8.615 10.266 9.266 6.393 4.351 0.482 3.375 2.486 3.363 3.742 1.524 0.128 0.000 0.000 0.000 0.000 0.000 0.000 0.000 0.000
-999.250 -999.250 -999.250 -999.250 -999.250 -999.250 -999.250 -999.250 -999.250 -999.250 -999.250 -999.250 -999.250 -999.250 -999.250 -999.250 -999.250 -999.250 -999.250 -999.250 -999.250 -999.250 -999.250 -999.250 -999.250 -999.250 -999.250 -999.250 -999.250 -999.250 -999.250 13.262 12.707 13.915 15.007 15.819 16.771 13.569 14.201 15.434 14.474 13.748 13.206 13.773 14.101 9.149 9.732 7.443 7.661 9.372 8.510 6.650 5.860 2.184 1.622 4.694 5.516 4.287 4.260 3.191 1.748 0.000 0.000 0.000 0.000 0.000 0.000 0.000 0.000
-999.250 -999.250 -999.250 -999.250 -999.250 -999.250 -999.250 -999.250 -999.250 -999.250 -999.250 -999.250 -999.250 -999.250 -999.250 -999.250 -999.250 -999.250 -999.250 -999.250 -999.250 -999.250 -999.250 -999.250 -999.250 -999.250 -999.250 -999.250 -999.250 -999.250 -999.250 14.723 14.295 14.002 17.039 13.564 11.981 13.804 14.081 11.889 10.509 13.161 12.449 13.485 8.717 9.098 10.399 9.195 11.243 8.436 9.004 7.855 8.126 4.716 1.828 4.104 4.922 4.660 4.376 4.039 1.410 1.061 0.000 0.000 0.000 0.000 0.000 0.000 0.000
-999.250 -999.250 -999.250 -999.250 -999.250 -999.250 -999.250 -999.250 -999.250 -999.250 -999.250 -999.250 -999.250 -999.250 -999.250 -999.250 -999.250 -999.250 -999.250 -999.250 -999.250 -999.250 -999.250 -999.250 -999.250 -999.250 -999.250 -999.250 -999.250 -999.250 -999.250 15.278 16.911 15.038 17.686 14.590 14.318 11.997 9.755 9.418 11.819 10.182 10.487 9.663 11.297 11.164 10.564 8.104 7.209 4.678 6.160 8.349 8.111 5.854 4.492 7.098 6.050 3.181 6.348 4.614 3.218 0.685 0.000 0.000 0.000 0.000 0.000 0.000 0.000
-999.250 -999.250 -999.250 -999.250 -999.250 -999.250 -999.250 -999.250 -999.250 -999.250 -999.250 -999.250 -999.250 -999.250 -999.250 -999.250 -999.250 -999.250 -999.250 -999.250 -999.250 -999.250 -999.250 -999.250 -999.250 -999.250 -999.250 -999.250 -999.250 -999.250 -999.250 14.069 13.102 13.634 13.948 11.513 13.122 12.904 10.267 8.425 9.773 11.907 9.031 7.229 8.110 9.067 10.733 8.774 9.669 5.490 6.460 4.430 4.613 6.784 6.908 5.915 7.389 5.249 5.576 1.238 1.570 0.619 0.000 0.000 0.000 0.000 0.000 0.000 0.000
-999.250 -999.250 -999.250 -999.250 -999.250 -999.250 -999.250 -999.250 -999.250 -999.250 -999.250 -999.250 -999.250 -999.250 -999.250 -999.250 -999.250 -999.250 -999.250 -999.250 -999.250 -999.250 -999.250 -999.250 -999.250 -999.250 -999.250 -999.250 -999.250 -999.250 -999.250 13.412 9.620 10.572 10.548 11.713 10.997 10.588 7.333 10.898 8.253 11.132 8.439 9.085 8.640 10.342 7.616 10.478 9.413 9.359 4.430 3.978 5.688 7.719 8.474 4.614 5.315 2.270 4.965 2.458 0.346 0.119 0.000 0.000 0.000 0.000 0.000 0.000 0.000
-999.250 -999.250 -999.250 -999.250 -999.250 -999.250 -999.250 -999.250 -999.250 -999.250 -999.250 -999.250 -999.250 -999.250 -999.250 -999.250 -999.250 -999.250 -999.250 -999.250 -999.250 -999.250 -999.250 -999.250 -999.250 -999.250 -999.250 -999.250 -999.250 -999.250 -999.250 12.046 9.348 11.941 9.425 11.435 14.800 15.345 11.048 9.928 9.627 10.548 7.602 6.440 8.154 6.606 6.772 6.678 6.775 7.206 6.451 4.002 4.421 6.156 6.058 4.964 2.937 1.737 4.934 1.841 0.000 0.000 0.000 0.000 0.000 0.000 0.000 0.000 0.000
-999.250 -999.250 -999.250 -999.250 -999.250 -999.250 -999.250 -999.250 -999.250 -999.250 -999.250 -999.250 -999.250 -999.250 -999.250 -999.250 -999.250 -999.250 -999.250 -999.250 -999.250 -999.250 -999.250 -999.250 -999.250 -999.250 -999.250 -999.250 -999.250 -999.250 -999.250 9.800 12.434 13.387 13.745 11.065 9.394 10.835 7.794 6.054 7.008 7.376 5.059 5.190 6.765 9.228 7.388 6.710 9.074 8.424 6.516 3.624 6.103 5.232 5.829 5.132 2.174 2.113 2.739 0.777 0.000 0.000 0.000 0.000 0.000 0.000 0.000 0.000 0.000
-999.250 -999.250 -999.250 -999.250 -999.250 -999.250 -999.250 -999.250 -999.250 -999.250 -999.250 -999.250 -999.250 -999.250 -999.250 -999.250 -999.250 -999.250 -999.250 -999.250 -999.250 -999.250 -999.250 -999.250 -999.250 -999.250 -999.250 -999.250 -999.250 -999.250 -999.250 10.501 7.958 9.298 11.343 9.508 11.625 7.836 3.907 5.419 2.673 6.831 4.126 3.712 5.267 3.379 4.990 6.781 5.609 4.456 4.585 5.141 7.275 5.458 4.194 2.761 3.451 2.741 0.692 0.491 0.000 0.000 0.000 0.000 0.000 0.000 0.000 0.000 0.000
-999.250 -999.250 -999.250 -999.250 -999.250 -999.250 -999.250 -999.250 -999.250 -999.250 -999.250 -999.250 -999.250 -999.250 -999.250 -999.250 -999.250 -999.250 -999.250 -999.250 -999.250 -999.250 -999.250 -999.250 -999.250 -999.250 -999.250 -999.250 -999.250 -999.250 -999.250 11.435 12.160 9.134 7.863 8.831 7.633 4.227 6.832 3.922 2.740 1.392 3.731 3.650 4.812 4.334 7.103 5.397 4.785 3.888 3.157 4.432 5.197 5.319 3.423 2.580 4.630 1.090 0.065 0.000 0.000 0.000 0.000 0.000 0.000 0.000 0.000 0.000 0.000
-999.250 -999.250 -999.250 -999.250 -999.250 -999.250 -999.250 -999.250 -999.250 -999.250 -999.250 -999.250 -999.250 -999.250 -999.250 -999.250 -999.250 -999.250 -999.250 -999.250 -999.250 -999.250 -999.250 -999.250 -999.250 -999.250 -999.250 -999.250 -999.250 -999.250 -999.250 9.510 10.340 13.219 9.384 9.048 8.979 5.384 6.933 5.513 4.974 1.579 2.605 4.796 3.931 3.508 5.569 7.255 6.023 4.895 2.749 3.032 4.275 3.718 1.307 1.558 0.338 2.514 1.782 0.000 0.000 0.000 0.000 0.000 0.000 0.000 0.000 0.000 0.000
-999.250 -999.250 -999.250 -999.250 -999.250 -999.250 -999.250 -999.250 -999.250 -999.250 -999.250 -999.250 -999.250 -999.250 -999.250 -999.250 -999.250 -999.250 -999.250 -999.250 -999.250 -999.250 -999.250 -999.250 -999.250 -999.250 -999.250 -999.250 -999.250 -999.250 -999.250 8.843 8.826 11.508 10.486 8.719 8.925 7.967 6.420 6.434 4.248 3.118 3.663 3.431 4.308 5.387 5.449 4.832 5.387 3.691 4.488 2.012 3.707 4.357 1.426 0.293 0.000 0.000 0.000 0.000 0.000 0.000 0.000 0.000 0.000 0.000 0.000 0.000 0.000
-999.250 -999.250 -999.250 -999.250 -999.250 -999.250 -999.250 -999.250 -999.250 -999.250 -999.250 -999.250 -999.250 -999.250 -999.250 -999.250 -999.250 -999.250 -999.250 -999.250 -999.250 -999.250 -999.250 -999.250 -999.250 -999.250 -999.250 -999.250 -999.250 -999.250 8.969 10.828 5.603 9.593 10.924 6.874 9.109 7.281 7.320 4.981 4.708 5.677 5.976 8.012 5.956 5.728 5.803 4.146 0.480 2.664 3.697 2.247 1.519 0.734 0.030 0.042 0.000 0.000 0.000 0.000 0.000 0.000 0.000 0.000 0.000 0.000 0.000 0.000 0.000
-999.250 -999.250 -999.250 -999.250 -999.250 -999.250 -999.250 -999.250 -999.250 -999.250 -999.250 -999.250 -999.250 -999.250 -999.250 -999.250 -999.250 -999.250 -999.250 -999.250 -999.250 -999.250 -999.250 -999.250 -999.250 -999.250 -999.250 -999.250 -999.250 -999.250 7.477 9.459 7.855 9.965 7.152 6.148 7.472 8.402 3.833 4.342 4.516 7.925 8.551 9.467 7.744 6.449 2.546 4.660 1.686 3.875 4.257 2.776 1.349 0.410 0.000 0.000 0.000 0.000 0.000 0.000 0.000 0.000 0.000 0.000 0.000 0.000 0.000 0.000 0.000
-999.250 -999.250 -999.250 -999.250 -999.250 -999.250 -999.250 -999.250 -999.250 -999.250 -999.250 -999.250 -999.250 -999.250 -999.250 -999.250 -999.250 -999.250 -999.250 -999.250 -999.250 -999.250 -999.250 -999.250 -999.250 -999.250 -999.250 -999.250 -999.250 -999.250 9.483 10.195 9.187 8.489 8.377 3.391 3.802 6.349 8.005 6.286 7.653 7.459 8.540 8.902 5.684 2.206 3.725 3.870 5.687 4.721 5.670 3.732 1.657 0.000 0.000 0.000 0.000 0.000 0.000 0.000 0.000 0.000 0.000 0.000 0.000 0.000 0.000 0.000 0.000
-999.250 -999.250 -999.250 -999.250 -999.250 -999.250 -999.250 -999.250 -999.250 -999.250 -999.250 -999.250 -999.250 -999.250 -999.250 -999.250 -999.250 -999.250 -999.250 -999.250 -999.250 -999.250 -999.250 -999.250 -999.250 -999.250 -999.250 -999.250 -999.250 -999.250 11.801 10.974 9.682 6.663 5.536 3.307 5.082 5.344 8.225 8.474 6.259 6.966 5.225 6.008 3.909 1.090 2.993 2.169 3.993 3.579 3.410 3.336 2.660 0.000 0.000 0.000 0.000 0.000 0.000 0.000 0.000 0.000 0.000 0.000 0.000 0.000 0.000 0.000 0.000
-999.250 -999.250 -999.250 -999.250 -999.250 -999.250 -999.250 -999.250 -999.250 -999.250 -999.250 -999.250 -999.250 -999.250 -999.250 -999.250 -999.250 -999.250 -999.250 -999.250 -999.250 -999.250 -999.250 -999.250 -999.250 -999.250 -999.250 -999.250 -999.250 12.533 9.583 9.212 7.477 7.793 6.581 6.267 4.381 6.253 7.362 8.036 5.585 6.130 7.271 6.133 2.919 3.697 1.177 0.000 2.842 2.601 2.705 0.221 0.636 0.000 0.000 0.000 0.000 0.000 0.000 0.000 0.000 0.000 0.000 0.000 0.000 0.000 0.000 0.000 0.000
-999.250 -999.250 -999.250 -999.250 -999.250 -999.250 -999.250 -999.250 -999.250 -999.250 -999.250 -999.250 -999.250 -999.250 -999.250 -999.250 -999.250 -999.250 -999.250 -999.250 -999.250 -999.250 -999.250 -999.250 -999.250 -999.250 -999.250 -999.250 -999.250 11.437 7.230 8.347 6.963 5.830 5.889 2.378 3.118 2.357 4.507 5.897 5.196 4.476 4.376 5.926 2.340 0.771 0.938 2.654 2.797 2.030 1.537 0.000 0.000 1.615 0.000 0.000 0.000 0.000 0.000 0.000 0.000 0.000 0.000 0.000 0.000 0.000 0.000 0.000 0.000
-999.250 -999.250 -999.250 -999.250 -999.250 -999.250 -999.250 -999.250 -999.250 -999.250 -999.250 -999.250 -999.250 -999.250 -999.250 -999.250 -999.250 -999.250 -999.250 -999.250 -999.250 -999.250 -999.250 -999.250 -999.250 -999.250 -999.250 -999.250 11.938 10.316 8.175 8.977 7.017 6.643 5.638 1.625 3.473 3.897 4.528 5.588 7.235 6.993 8.013 5.888 2.908 1.593 0.000 0.621 2.814 3.595 1.784 0.383 0.000 0.009 0.000 0.000 0.000 0.000 0.000 0.000 0.000 0.000 0.000 0.000 0.000 0.000 0.000 0.000 0.241
-999.250 -999.250 -999.250 -999.250 -999.250 -999.250 -999.250 -999.250 -999.250 -999.250 -999.250 -999.250 -999.250 -999.250 -999.250 -999.250 -999.250 -999.250 -999.250 -999.250 -999.250 -999.250 -999.250 -999.250 -999.250 -999.250 -999.250 -999.250 9.909 10.078 13.429 11.340 12.818 8.729 10.213 4.737 3.053 4.657 4.271 2.869 5.300 5.030 7.328 5.122 3.412 4.248 0.246 0.211 0.605 1.044 2.479 1.720 0.000 0.000 0.000 0.000 0.000 0.000 0.000 0.000 0.000 0.000 0.000 0.000 0.000 0.000 0.000 0.000 1.343
-999.250 -999.250 -999.250 -999.250 -999.250 -999.250 -999.250 -999.250 -999.250 -999.250 -999.250 -999.250 -999.250 -999.250 -999.250 -999.250 -999.250 -999.250 -999.250 -999.250 -999.250 -999.250 -999.250 -999.250 -999.250 -999.250 -999.250 11.495 9.334 13.343 15.034 20.484 16.778 10.093 9.355 7.649 7.495 7.700 6.158 5.443 6.744 9.794 4.612 7.516 2.967 2.996 0.000 0.371 0.582 2.900 1.575 0.000 1.064 0.000 0.000 0.000 0.000 0.000 0.000 0.000 0.000 0.000 0.000 0.000 0.000 0.000 0.000 0.000 0.000
-999.250 -999.250 -999.250 -999.250 -999.250 -999.250 -999.250 -999.250 -999.250 -999.250 -999.250 -999.250 -999.250 -999.250 -999.250 -999.250 -999.250 -999.250 -999.250 -999.250 -999.250 -999.250 -999.250 -999.250 -999.250 -999.250 -999.250 15.433 13.194 14.061 18.932 36.456 16.087 11.975 9.480 6.531 5.652 9.685 7.164 6.944 5.445 8.792 5.891 4.748 3.276 4.614 2.517 0.939 0.000 1.175 0.000 0.000 0.000 0.000 0.000 0.000 0.000 0.000 0.000 0.000 0.000 0.000 0.000 0.000 0.000 0.000 0.000 0.000 0.000
-999.250 -999.250 -999.250 -999.250 -999.250 -999.250 -999.250 -999.250 -999.250 -999.250 -999.250 -999.250 -999.250 -999.250 -999.250 -999.250 -999.250 -999.250 -999.250 -999.250 -999.250 -999.250 -999.250 -999.250 -999.250 -999.250 -999.250 -999.250 15.058 16.609 16.795 22.275 16.347 11.302 10.682 8.948 8.818 8.722 9.437 7.280 9.606 6.326 3.141 2.674 5.654 4.308 1.963 1.002 0.834 0.067 0.000 0.000 0.000 0.000 0.000 0.000 0.000 0.000 0.000 0.000 0.000 0.000 0.000 0.000 0.000 0.000 0.000 0.000 0.000
-999.250 -999.250 -999.250 -999.250 -999.250 -999.250 -999.250 -999.250 -999.250 -999.250 -999.250 -999.250 -999.250 -999.250 -999.250 -999.250 -999.250 -999.250 -999.250 -999.250 -999.250 -999.250 -999.250 -999.250 -999.250 -999.250 -999.250 -999.250 -999.250 -999.250 13.281 12.150 10.681 4.800 7.218 9.851 7.189 8.417 8.746 5.104 5.813 6.350 2.847 4.926 3.501 5.133 3.436 2.146 1.444 0.000 0.000 0.000 0.000 0.000 0.000 0.000 0.000 0.000 0.000 0.000 0.000 0.000 0.000 0.000 0.000 0.000 0.000 0.000 1.561
-999.250 -999.250 -999.250 -999.250 -999.250 -999.250 -999.250 -999.250 -999.250 -999.250 -999.250 -999.250 -999.250 -999.250 -999.250 -999.250 -999.250 -999.250 -999.250 -999.250 -999.250 -999.250 -999.250 -999.250 -999.250 -999.250 -999.250 -999.250 -999.250 -999.250 10.786 9.946 7.747 9.512 6.591 8.143 5.120 4.811 2.682 2.715 5.862 6.221 4.393 2.674 2.649 3.627 3.780 2.951 2.594 2.019 0.174 0.000 0.000 0.000 0.000 0.000 0.000 0.000 0.000 0.000 0.000 0.000 0.000 0.000 0.000 0.000 0.000 0.000 0.000
-999.250 -999.250 -999.250 -999.250 -999.250 -999.250 -999.250 -999.250 -999.250 -999.250 -999.250 -999.250 -999.250 -999.250 -999.250 -999.250 -999.250 -999.250 -999.250 -999.250 -999.250 -999.250 -999.250 -999.250 -999.250 -999.250 -999.250 -999.250 -999.250 -999.250 11.765 11.681 10.451 9.785 7.256 7.804 8.950 7.542 4.195 3.902 6.610 4.282 4.016 2.779 2.639 1.333 1.267 0.000 0.000 0.000 0.000 0.000 0.000 0.000 0.000 0.000 0.000 0.000 0.000 0.000 0.000 0.000 0.000 0.000 0.000 0.000 0.000 0.000 0.000
-999.250 -999.250 -999.250 -999.250 -999.250 -999.250 -999.250 -999.250 -999.250 -999.250 -999.250 -999.250 -999.250 -999.250 -999.250 -999.250 -999.250 -999.250 -999.250 -999.250 -999.250 -999.250 -999.250 -999.250 -999.250 -999.250 -999.250 -999.250 -999.250 -999.250 -999.250 11.358 9.969 9.049 8.066 8.154 6.609 5.973 2.901 2.087 5.027 3.434 3.436 3.583 2.225 0.000 0.000 0.000 0.088 0.057 0.000 0.000 0.000 0.000 0.000 0.000 0.000 0.000 0.000 0.000 0.000 0.000 0.000 0.000 0.000 0.000 0.000 0.000 0.000
-999.250 -999.250 -999.250 -999.250 -999.250 -999.250 -999.250 -999.250 -999.250 -999.250 -999.250 -999.250 -999.250 -999.250 -999.250 -999.250 -999.250 -999.250 -999.250 -999.250 -999.250 -999.250 -999.250 -999.250 -999.250 -999.250 -999.250 -999.250 -999.250 -999.250 10.055 11.583 10.501 8.927 5.860 7.239 7.269 3.146 1.233 3.027 3.363 4.363 5.407 1.752 1.511 1.350 0.000 0.000 0.000 0.000 0.000 0.000 0.000 0.000 0.000 0.000 0.000 0.000 0.000 0.000 0.000 0.000 0.000 0.000 0.000 0.000 0.000 0.000 0.000
-999.250 -999.250 -999.250 -999.250 -999.250 -999.250 -999.250 -999.250 -999.250 -999.250 -999.250 -999.250 -999.250 -999.250 -999.250 -999.250 -999.250 -999.250 -999.250 -999.250 -999.250 -999.250 -999.250 -999.250 -999.250 -999.250 -999.250 -999.250 -999.250 -999.250 -999.250 10.462 9.518 9.002 6.113 2.350 4.390 3.351 2.310 1.751 3.647 5.010 1.341 2.509 0.058 0.977 1.404 0.000 0.000 0.000 0.000 0.000 0.000 0.000 0.000 0.000 0.000 0.000 0.000 0.000 0.000 0.000 0.000 0.000 0.000 0.000 0.000 0.000 0.000
