data/medianmodel_07-May-2020.asc
ncols	141
nrows	288
xllcorner	-120191.398
yllcorner	-301404.813
cellsize	2000.000
NODATA_value	-999.250
[rows 62 to 92 of 288, columns 69 to 137 of 141]
22.407 14.743 9.563 6.408 1.542 0.000 0.530 8.136 14.662 19.475 24.568 30.402 33.501 42.311 33.227 29.711 28.132 22.829 16.930 9.607 6.417 2.771 0.000 0.000 2.667 2.313 3.994 3.922 8.114 9.368 13.028 16.986 17.047 17.443 15.848 13.479 11.992 8.808 8.966 5.437 7.599 -999.250 -999.250 -999.250 -999.250 -999.250 -999.250 -999.250 -999.250 -999.250 -999.250 -999.250 -999.250 -999.250 -999.250 -999.250 -999.250 -999.250 -999.250 -999.250 -999.250 -999.250 -999.250 -999.250 -999.250 -999.250 -999.250 -999.250 -999.250
16.283 13.681 8.199 6.453 0.000 0.000 3.267 9.366 15.799 22.921 28.804 36.532 43.251 51.356 39.767 34.585 30.502 27.447 18.881 13.015 8.775 3.541 0.000 0.000 0.000 0.214 0.000 0.117 2.572 6.990 12.708 12.588 14.043 13.874 15.448 10.966 9.155 6.715 5.558 5.470 4.361 4.229 -999.250 -999.250 -999.250 -999.250 -999.250 -999.250 -999.250 -999.250 -999.250 -999.250 -999.250 -999.250 -999.250 -999.250 -999.250 -999.250 -999.250 -999.250 -999.250 -999.250 -999.250 -999.250 -999.250 -999.250 -999.250 -999.250 -999.250
13.064 10.488 8.119 4.483 1.104 0.993 1.869 9.518 14.553 24.354 30.997 36.125 44.646 53.470 47.981 41.892 36.766 27.922 21.623 15.022 10.387 5.381 1.795 0.000 0.000 0.000 0.000 0.000 0.000 4.458 7.461 9.167 12.879 13.243 10.604 9.046 7.831 4.749 5.429 2.699 3.026 1.437 3.715 -999.250 -999.250 -999.250 -999.250 -999.250 -999.250 -999.250 -999.250 -999.250 -999.250 -999.250 -999.250 -999.250 -999.250 -999.250 -999.250 -999.250 -999.250 -999.250 -999.250 -999.250 -999.250 -999.250 -999.250 -999.250 -999.250
11.056 10.321 7.030 2.085 1.865 1.061 4.058 10.087 14.607 23.480 30.104 38.113 43.834 48.614 46.875 38.372 35.240 29.897 31.758 19.062 14.416 10.791 3.911 0.585 1.067 0.000 0.000 0.000 0.000 1.996 4.787 7.245 9.447 11.244 10.418 10.233 8.673 5.162 4.154 2.697 0.840 1.574 0.000 -999.250 -999.250 -999.250 -999.250 -999.250 -999.250 -999.250 -999.250 -999.250 -999.250 -999.250 -999.250 -999.250 -999.250 -999.250 -999.250 -999.250 -999.250 -999.250 -999.250 -999.250 -999.250 -999.250 -999.250 -999.250 -999.250
8.362 7.946 6.163 2.514 0.481 1.877 3.792 7.534 13.254 19.654 27.629 34.696 38.801 44.652 40.309 43.320 39.232 38.334 41.402 25.347 21.040 12.547 9.309 4.937 0.448 1.454 0.000 1.650 1.330 1.949 5.543 10.099 8.060 11.738 10.148 8.544 8.689 4.998 3.448 0.358 0.000 0.000 0.766 0.638 -999.250 -999.250 -999.250 -999.250 -999.250 -999.250 -999.250 -999.250 -999.250 -999.250 -999.250 -999.250 -999.250 -999.250 -999.250 -999.250 -999.250 -999.250 -999.250 -999.250 -999.250 -999.250 -999.250 -999.250 -999.250
7.941 5.416 3.439 0.800 0.000 0.000 3.144 10.485 12.327 17.994 31.398 36.287 43.303 43.078 48.631 47.684 45.925 39.331 37.200 34.647 22.538 19.635 13.022 7.865 8.955 5.094 4.026 3.824 4.361 4.057 7.557 8.554 9.064 9.262 8.341 6.335 5.734 4.884 2.936 1.040 0.000 0.000 1.345 1.476 2.549 -999.250 -999.250 -999.250 -999.250 -999.250 -999.250 -999.250 -999.250 -999.250 -999.250 -999.250 -999.250 -999.250 -999.250 -999.250 -999.250 -999.250 -999.250 -999.250 -999.250 -999.250 -999.250 -999.250 -999.250
7.234 2.498 1.210 0.000 0.000 0.095 2.930 6.618 12.825 17.618 23.588 37.476 40.061 42.823 43.901 45.957 49.033 46.206 45.022 39.809 31.830 23.703 16.728 11.061 7.580 9.399 5.560 4.327 5.378 5.458 6.271 9.049 10.494 9.407 8.866 8.150 6.710 5.381 5.015 3.562 0.866 0.433 0.846 0.075 0.566 -999.250 -999.250 -999.250 -999.250 -999.250 -999.250 -999.250 -999.250 -999.250 -999.250 -999.250 -999.250 -999.250 -999.250 -999.250 -999.250 -999.250 -999.250 -999.250 -999.250 -999.250 -999.250 -999.250 -999.250
3.412 2.364 0.922 0.000 0.000 0.138 0.489 3.828 10.969 15.140 23.139 27.075 39.939 41.333 50.659 45.326 47.160 50.144 49.023 42.857 28.219 23.856 18.628 14.256 10.748 10.053 8.299 8.318 9.785 4.845 9.683 10.184 11.013 11.880 9.104 9.056 9.823 10.952 8.447 6.707 4.327 2.664 1.239 1.999 2.740 -999.250 -999.250 -999.250 -999.250 -999.250 -999.250 -999.250 -999.250 -999.250 -999.250 -999.250 -999.250 -999.250 -999.250 -999.250 -999.250 -999.250 -999.250 -999.250 -999.250 -999.250 -999.250 -999.250 -999.250
2.480 3.133 0.000 0.000 0.000 0.365 0.000 1.763 5.661 15.185 19.487 24.406 33.691 41.635 42.912 46.503 52.417 54.658 55.597 44.326 34.771 28.262 22.738 18.205 14.419 14.736 11.790 8.839 7.567 9.788 9.058 11.128 13.419 14.409 14.446 10.650 7.943 12.057 11.089 5.929 7.897 5.635 4.681 3.650 2.732 3.643 2.875 -999.250 -999.250 -999.250 -999.250 -999.250 -999.250 -999.250 -999.250 -999.250 -999.250 -999.250 -999.250 -999.250 -999.250 -999.250 -999.250 -999.250 -999.250 -999.250 -999.250 -999.250 -999.250
4.026 1.679 0.000 0.000 0.000 0.000 0.000 0.000 7.253 9.966 16.026 21.015 29.583 36.285 38.566 40.675 46.947 52.019 47.481 39.279 29.692 36.150 31.236 22.053 20.612 16.232 14.250 12.987 7.596 10.633 15.488 15.828 15.580 16.507 18.396 16.630 11.760 13.700 14.073 9.938 9.546 9.005 8.539 4.795 2.383 4.847 4.592 -999.250 -999.250 -999.250 -999.250 -999.250 -999.250 -999.250 -999.250 -999.250 -999.250 -999.250 -999.250 -999.250 -999.250 -999.250 -999.250 -999.250 -999.250 -999.250 -999.250 -999.250 -999.250
2.930 2.197 2.680 0.001 0.000 0.000 0.000 1.486 2.756 8.799 15.732 18.372 25.291 34.036 30.348 36.073 39.212 45.207 43.788 43.515 41.549 33.094 24.671 25.971 19.617 17.298 16.610 14.280 15.692 16.318 17.661 20.440 18.115 18.576 19.083 18.544 17.246 16.673 15.530 12.357 11.519 10.688 9.481 5.520 4.816 5.630 -999.250 -999.250 -999.250 -999.250 -999.250 -999.250 -999.250 -999.250 -999.250 -999.250 -999.250 -999.250 -999.250 -999.250 -999.250 -999.250 -999.250 -999.250 -999.250 -999.250 -999.250 -999.250 -999.250
2.350 1.977 4.977 3.387 0.000 0.000 1.914 1.720 6.356 9.192 10.939 17.531 22.570 22.831 27.894 27.098 26.515 30.402 34.770 31.348 35.272 30.379 23.001 23.597 21.963 20.023 16.460 15.575 15.772 14.224 20.601 19.355 20.926 19.950 23.227 23.193 23.189 21.244 21.265 17.965 14.659 13.401 8.261 6.469 4.675 2.740 -999.250 -999.250 -999.250 -999.250 -999.250 -999.250 -999.250 -999.250 -999.250 -999.250 -999.250 -999.250 -999.250 -999.250 -999.250 -999.250 -999.250 -999.250 -999.250 -999.250 -999.250 -999.250 -999.250
4.798 4.056 2.670 1.618 1.846 1.651 2.119 3.971 6.146 8.948 12.653 16.199 17.235 17.479 20.936 26.582 22.940 24.781 31.003 26.649 31.906 25.780 21.014 21.337 23.045 17.684 15.096 17.752 15.888 20.309 21.203 20.303 18.396 20.906 22.150 24.059 24.125 23.673 18.617 16.441 16.482 15.818 9.487 5.558 3.103 4.797 -999.250 -999.250 -999.250 -999.250 -999.250 -999.250 -999.250 -999.250 -999.250 -999.250 -999.250 -999.250 -999.250 -999.250 -999.250 -999.250 -999.250 -999.250 -999.250 -999.250 -999.250 -999.250 -999.250
2.697 3.044 4.066 2.636 6.527 1.124 4.734 4.543 5.216 6.954 8.425 11.032 11.657 12.603 16.191 21.899 19.919 21.079 23.557 24.982 25.245 23.626 21.947 22.535 21.026 17.988 18.497 15.890 15.217 20.690 20.380 24.269 27.829 23.700 29.830 35.248 25.415 30.570 23.699 18.717 18.335 11.065 10.162 7.328 5.859 3.994 -999.250 -999.250 -999.250 -999.250 -999.250 -999.250 -999.250 -999.250 -999.250 -999.250 -999.250 -999.250 -999.250 -999.250 -999.250 -999.250 -999.250 -999.250 -999.250 -999.250 -999.250 -999.250 -999.250
3.435 2.413 3.801 3.051 4.833 5.284 6.824 5.459 7.060 6.725 6.932 8.581 10.452 11.622 14.076 18.281 21.496 18.043 17.500 21.822 23.870 18.764 20.861 20.513 17.055 19.371 16.944 14.499 15.030 19.256 23.847 24.750 25.985 30.096 31.191 31.187 33.667 23.884 24.093 21.529 15.276 12.982 7.470 6.558 5.699 4.883 -999.250 -999.250 -999.250 -999.250 -999.250 -999.250 -999.250 -999.250 -999.250 -999.250 -999.250 -999.250 -999.250 -999.250 -999.250 -999.250 -999.250 -999.250 -999.250 -999.250 -999.250 -999.250 -999.250
1.317 3.877 2.894 4.518 3.569 4.864 4.787 5.976 8.636 6.170 6.317 8.009 6.048 9.811 10.641 11.881 12.208 15.132 14.401 17.941 16.498 17.118 17.569 13.916 17.891 14.633 16.011 17.226 17.171 18.414 22.053 24.806 31.255 27.341 30.384 32.922 27.760 21.584 22.973 23.728 13.017 10.626 7.614 5.771 5.989 2.935 -999.250 -999.250 -999.250 -999.250 -999.250 -999.250 -999.250 -999.250 -999.250 -999.250 -999.250 -999.250 -999.250 -999.250 -999.250 -999.250 -999.250 -999.250 -999.250 -999.250 -999.250 -999.250 -999.250
4.119 3.910 5.012 5.979 5.576 5.929 5.110 5.942 6.008 3.202 6.218 4.806 6.567 7.542 9.167 9.659 11.712 12.593 13.633 13.652 14.276 12.810 14.042 12.991 10.789 10.273 12.641 15.271 19.141 21.325 22.146 27.714 27.937 29.600 29.574 27.200 24.354 23.512 19.917 18.552 12.488 9.899 9.249 3.550 3.084 0.982 -999.250 -999.250 -999.250 -999.250 -999.250 -999.250 -999.250 -999.250 -999.250 -999.250 -999.250 -999.250 -999.250 -999.250 -999.250 -999.250 -999.250 -999.250 -999.250 -999.250 -999.250 -999.250 -999.250
4.633 5.970 6.295 8.153 9.485 7.802 5.393 5.208 4.675 2.964 2.897 4.722 6.705 8.594 9.076 9.248 10.691 11.909 10.768 10.495 10.267 10.966 12.754 12.134 8.245 8.760 11.806 14.965 19.305 19.965 22.676 20.969 23.509 26.646 23.555 30.062 26.162 20.397 22.014 14.501 15.762 11.016 7.376 4.223 3.920 1.692 -999.250 -999.250 -999.250 -999.250 -999.250 -999.250 -999.250 -999.250 -999.250 -999.250 -999.250 -999.250 -999.250 -999.250 -999.250 -999.250 -999.250 -999.250 -999.250 -999.250 -999.250 -999.250 -999.250
6.775 8.723 8.360 10.713 12.971 12.455 5.579 4.278 1.989 0.154 2.347 3.833 3.174 6.932 7.525 9.924 8.694 9.958 9.746 8.830 7.767 6.681 12.190 10.034 7.380 8.504 10.224 10.794 17.053 16.938 20.023 20.395 21.609 25.017 26.794 26.778 24.012 20.207 18.949 17.572 14.206 11.094 5.830 5.207 1.263 3.181 1.555 -999.250 -999.250 -999.250 -999.250 -999.250 -999.250 -999.250 -999.250 -999.250 -999.250 -999.250 -999.250 -999.250 -999.250 -999.250 -999.250 -999.250 -999.250 -999.250 -999.250 -999.250 -999.250
7.894 8.849 8.536 12.393 10.740 10.303 11.149 7.733 3.157 0.000 1.547 4.686 7.140 8.069 7.863 10.072 10.411 9.326 10.889 6.590 5.286 5.463 5.854 4.071 3.995 4.665 7.101 10.842 12.528 15.882 15.328 18.122 24.296 24.067 24.854 22.812 22.194 24.204 20.482 17.757 14.784 10.931 5.897 3.607 0.404 1.717 1.464 -999.250 -999.250 -999.250 -999.250 -999.250 -999.250 -999.250 -999.250 -999.250 -999.250 -999.250 -999.250 -999.250 -999.250 -999.250 -999.250 -999.250 -999.250 -999.250 -999.250 -999.250 -999.250
5.141 9.730 13.415 13.316 14.636 13.863 11.661 11.144 10.254 8.336 6.166 9.603 10.186 9.676 10.582 12.739 13.333 11.648 10.022 8.615 5.259 5.782 1.567 1.493 1.933 5.033 3.553 6.358 9.002 14.104 15.270 18.562 19.247 21.702 20.243 21.523 20.255 16.733 17.470 14.735 11.813 10.222 6.383 3.394 1.072 0.830 0.000 -999.250 -999.250 -999.250 -999.250 -999.250 -999.250 -999.250 -999.250 -999.250 -999.250 -999.250 -999.250 -999.250 -999.250 -999.250 -999.250 -999.250 -999.250 -999.250 -999.250 -999.250 -999.250
9.155 11.989 15.650 16.758 18.032 19.844 17.353 20.784 16.751 14.830 12.250 15.284 15.659 13.477 14.323 16.236 13.890 11.684 11.146 7.587 2.580 0.484 1.724 0.000 1.442 3.370 5.899 3.627 8.008 12.086 12.860 15.980 16.204 19.352 18.546 17.997 18.098 14.263 12.279 10.164 11.403 9.193 5.813 5.203 0.035 0.000 0.000 -999.250 -999.250 -999.250 -999.250 -999.250 -999.250 -999.250 -999.250 -999.250 -999.250 -999.250 -999.250 -999.250 -999.250 -999.250 -999.250 -999.250 -999.250 -999.250 -999.250 -999.250 -999.250
14.198 18.394 20.353 26.972 27.105 26.284 28.535 30.673 29.247 21.644 20.894 18.275 17.875 14.976 20.998 22.085 17.734 13.202 11.905 5.504 2.717 0.000 0.000 0.000 0.000 0.034 3.208 5.824 6.430 10.635 17.108 14.447 17.927 17.283 16.790 15.858 12.633 16.767 11.874 8.448 8.631 7.738 4.952 1.987 0.000 0.000 -999.250 -999.250 -999.250 -999.250 -999.250 -999.250 -999.250 -999.250 -999.250 -999.250 -999.250 -999.250 -999.250 -999.250 -999.250 -999.250 -999.250 -999.250 -999.250 -999.250 -999.250 -999.250 -999.250
16.457 21.167 24.393 27.460 39.084 38.749 41.780 43.220 31.067 23.941 19.779 20.223 18.014 19.865 19.123 20.209 16.543 13.749 11.658 6.392 4.906 0.558 0.000 0.000 0.000 1.031 3.732 4.680 5.618 6.265 12.774 16.352 13.740 15.714 15.840 17.070 15.171 15.118 12.779 9.436 7.186 5.638 5.803 2.306 0.000 0.000 -999.250 -999.250 -999.250 -999.250 -999.250 -999.250 -999.250 -999.250 -999.250 -999.250 -999.250 -999.250 -999.250 -999.250 -999.250 -999.250 -999.250 -999.250 -999.250 -999.250 -999.250 -999.250 -999.250
19.546 24.324 27.977 33.417 32.425 41.126 42.335 42.074 36.024 27.165 20.593 19.143 17.451 16.584 18.471 18.652 17.567 13.079 8.363 7.603 2.719 0.502 0.000 1.732 1.979 3.084 2.591 4.141 6.751 10.106 12.336 12.991 13.590 13.845 14.372 16.360 13.665 11.844 11.774 8.428 7.507 6.788 5.342 4.427 0.000 -999.250 -999.250 -999.250 -999.250 -999.250 -999.250 -999.250 -999.250 -999.250 -999.250 -999.250 -999.250 -999.250 -999.250 -999.250 -999.250 -999.250 -999.250 -999.250 -999.250 -999.250 -999.250 -999.250 -999.250
20.247 23.973 30.776 35.567 38.403 34.491 39.210 39.480 38.412 30.683 23.951 21.552 17.775 15.474 17.006 13.416 14.883 14.461 7.584 4.806 1.582 2.425 0.449 0.000 2.015 3.402 3.554 5.602 5.402 10.219 12.520 12.827 14.047 14.540 11.554 10.459 11.322 9.165 8.721 7.586 7.301 5.162 5.150 2.948 2.089 -999.250 -999.250 -999.250 -999.250 -999.250 -999.250 -999.250 -999.250 -999.250 -999.250 -999.250 -999.250 -999.250 -999.250 -999.250 -999.250 -999.250 -999.250 -999.250 -999.250 -999.250 -999.250 -999.250 -999.250
18.696 23.381 26.551 32.212 36.933 37.251 41.283 35.575 34.814 26.320 24.507 19.452 15.255 13.596 13.715 14.039 12.937 10.062 7.477 7.163 3.767 3.590 1.218 0.079 2.107 2.754 5.037 3.951 5.132 7.620 10.380 11.339 13.024 13.295 9.749 8.912 12.634 7.493 7.994 8.266 8.764 6.803 6.341 4.589 1.845 0.652 0.000 -999.250 -999.250 -999.250 -999.250 -999.250 -999.250 -999.250 -999.250 -999.250 -999.250 -999.250 -999.250 -999.250 -999.250 -999.250 -999.250 -999.250 -999.250 -999.250 -999.250 -999.250 -999.250
20.161 22.871 30.831 26.564 30.093 27.200 32.084 25.876 25.099 24.811 18.987 15.512 11.197 11.031 12.857 10.712 9.232 9.226 6.038 4.924 4.117 3.368 0.371 0.538 2.059 1.160 5.103 5.473 6.346 8.668 10.377 10.865 10.715 13.326 9.191 12.489 8.562 7.564 7.458 5.708 5.088 5.679 6.314 4.500 4.249 2.988 2.143 -999.250 -999.250 -999.250 -999.250 -999.250 -999.250 -999.250 -999.250 -999.250 -999.250 -999.250 -999.250 -999.250 -999.250 -999.250 -999.250 -999.250 -999.250 -999.250 -999.250 -999.250 -999.250
18.602 22.660 27.455 22.960 27.827 27.645 28.200 25.071 21.547 18.869 15.368 13.964 8.398 8.073 6.403 6.832 8.130 7.115 7.318 5.349 5.978 2.875 1.267 1.573 1.658 1.549 4.847 4.079 6.510 7.619 10.306 7.408 9.064 11.065 8.795 10.023 7.801 8.360 10.739 4.715 6.110 5.700 7.061 7.976 5.672 4.329 3.038 -999.250 -999.250 -999.250 -999.250 -999.250 -999.250 -999.250 -999.250 -999.250 -999.250 -999.250 -999.250 -999.250 -999.250 -999.250 -999.250 -999.250 -999.250 -999.250 -999.250 -999.250 -999.250
16.841 18.386 21.289 19.021 22.848 23.334 22.024 20.128 15.766 14.760 13.187 11.652 5.737 5.616 3.115 3.359 4.607 5.310 4.992 5.647 4.988 5.012 3.957 1.971 2.102 4.197 1.891 5.882 7.022 9.313 11.935 10.995 12.072 13.001 12.201 9.773 12.555 13.518 10.190 6.801 9.430 7.654 8.884 7.903 5.962 5.715 -999.250 -999.250 -999.250 -999.250 -999.250 -999.250 -999.250 -999.250 -999.250 -999.250 -999.250 -999.250 -999.250 -999.250 -999.250 -999.250 -999.250 -999.250 -999.250 -999.250 -999.250 -999.250 -999.250
11.345 15.859 15.304 17.113 19.591 20.667 18.030 17.167 16.515 13.893 10.859 8.108 5.764 3.735 3.501 2.564 2.356 1.572 1.562 2.021 3.459 3.072 4.300 3.120 3.276 5.724 4.346 7.229 9.495 10.338 11.954 12.450 13.452 12.460 13.457 12.513 11.507 9.492 9.922 6.258 9.527 8.898 7.494 7.341 6.406 6.579 -999.250 -999.250 -999.250 -999.250 -999.250 -999.250 -999.250 -999.250 -999.250 -999.250 -999.250 -999.250 -999.250 -999.250 -999.250 -999.250 -999.250 -999.250 -999.250 -999.250 -999.250 -999.250 -999.250
