data/medianmodel_27-Dec-2020.asc
ncols	141
nrows	288
xllcorner	-120191.398
yllcorner	-301404.813
cellsize	2000.000
NODATA_value	-999.250
[rows 112 to 139 of 288, columns 0 to 64 of 141]
-999.250 -999.250 -999.250 -999.250 -999.250 -999.250 -999.250 -999.250 -999.250 -999.250 -999.250 -999.250 -999.250 -999.250 -999.250 -999.250 -999.250 -999.250 -999.250 -999.250 -999.250 -999.250 -999.250 -999.250 -999.250 -999.250 -999.250 -999.250 328.207 323.885 342.776 348.433 357.223 370.218 397.712 424.852 431.243 440.670 446.487 450.566 453.918 488.203 510.231 511.974 525.453 537.495 523.368 515.572 513.795 504.862 518.141 506.583 483.589 438.060 372.704 314.722 296.152 265.512 206.477 154.693 124.075 123.165 125.119 125.890 137.042
-999.250 -999.250 -999.250 -999.250 -999.250 -999.250 -999.250 -999.250 -999.250 -999.250 -999.250 -999.250 -999.250 -999.250 -999.250 -999.250 -999.250 -999.250 -999.250 -999.250 -999.250 -999.250 -999.250 -999.250 -999.250 -999.250 -999.250 -999.250 324.515 322.692 327.895 344.028 351.726 363.642 373.755 405.909 422.696 435.486 448.655 451.960 473.077 496.554 514.459 525.865 559.235 603.395 536.195 509.726 489.854 498.373 510.481 550.834 492.424 428.565 376.927 340.981 314.646 279.910 223.382 184.405 147.117 139.421 131.585 130.252 138.048
-999.250 -999.250 -999.250 -999.250 -999.250 -999.250 -999.250 -999.250 -999.250 -999.250 -999.250 -999.250 -999.250 -999.250 -999.250 -999.250 -999.250 -999.250 -999.250 -999.250 -999.250 -999.250 -999.250 -999.250 -999.250 -999.250 -999.250 -999.250 313.289 316.550 322.331 343.401 347.519 357.000 364.103 390.701 413.271 432.184 442.286 446.405 463.263 481.879 491.943 512.652 516.916 534.246 508.578 486.616 457.367 475.617 487.438 489.666 475.197 447.859 424.157 393.465 342.841 324.580 286.861 228.762 186.742 158.900 141.359 135.925 136.640
-999.250 -999.250 -999.250 -999.250 -999.250 -999.250 -999.250 -999.250 -999.250 -999.250 -999.250 -999.250 -999.250 -999.250 -999.250 -999.250 -999.250 -999.250 -999.250 -999.250 -999.250 -999.250 -999.250 -999.250 -999.250 -999.250 -999.250 310.963 319.558 330.329 334.444 330.830 334.280 363.918 365.864 368.011 387.930 414.065 434.792 449.766 447.281 466.514 478.406 483.789 483.601 496.142 481.438 451.749 434.406 429.379 447.679 465.808 476.309 467.527 445.789 437.242 422.952 399.889 334.408 303.317 245.965 196.825 174.263 149.260 149.935
-999.250 -999.250 -999.250 -999.250 -999.250 -999.250 -999.250 -999.250 -999.250 -999.250 -999.250 -999.250 -999.250 -999.250 -999.250 -999.250 -999.250 -999.250 -999.250 -999.250 -999.250 -999.250 -999.250 -999.250 -999.250 -999.250 -999.250 309.440 313.246 323.599 324.016 326.204 335.036 351.237 345.704 357.041 379.804 399.003 418.946 427.271 445.323 441.032 459.010 472.276 465.201 456.569 425.177 419.930 378.063 359.723 399.867 450.179 470.123 500.004 496.910 482.047 486.136 470.457 419.911 342.983 299.744 258.884 198.716 172.515 167.008
-999.250 -999.250 -999.250 -999.250 -999.250 -999.250 -999.250 -999.250 -999.250 -999.250 -999.250 -999.250 -999.250 -999.250 -999.250 -999.250 -999.250 -999.250 -999.250 -999.250 -999.250 -999.250 -999.250 -999.250 -999.250 -999.250 -999.250 303.954 316.230 319.534 315.987 325.421 333.867 341.619 345.374 349.156 354.016 372.913 400.384 409.004 417.673 426.615 437.347 448.984 444.058 448.468 432.615 411.247 372.176 333.519 384.560 450.225 495.812 523.778 559.996 543.700 536.793 573.833 477.316 381.696 319.253 290.317 248.733 196.309 195.306
-999.250 -999.250 -999.250 -999.250 -999.250 -999.250 -999.250 -999.250 -999.250 -999.250 -999.250 -999.250 -999.250 -999.250 -999.250 -999.250 -999.250 -999.250 -999.250 -999.250 -999.250 -999.250 -999.250 -999.250 -999.250 -999.250 304.191 318.422 313.998 319.925 327.627 324.743 329.494 332.701 338.855 344.809 342.544 356.024 354.986 360.797 385.279 411.483 425.649 442.711 445.637 446.247 454.092 423.669 409.445 405.066 439.726 496.935 534.274 597.821 585.358 577.426 565.996 546.216 496.627 420.939 349.632 314.849 277.529 239.215 202.972
-999.250 -999.250 -999.250 -999.250 -999.250 -999.250 -999.250 -999.250 -999.250 -999.250 -999.250 -999.250 -999.250 -999.250 -999.250 -999.250 -999.250 -999.250 -999.250 -999.250 -999.250 -999.250 -999.250 -999.250 -999.250 -999.250 306.275 314.963 315.753 308.594 299.573 311.626 324.085 322.087 336.582 328.500 333.161 347.464 341.245 351.125 374.962 385.385 427.832 441.287 449.359 478.467 480.041 471.315 460.064 454.854 517.725 538.678 591.536 641.672 686.934 622.943 614.473 541.812 490.085 435.060 358.779 337.496 319.002 268.742 242.623
-999.250 -999.250 -999.250 -999.250 -999.250 -999.250 -999.250 -999.250 -999.250 -999.250 -999.250 -999.250 -999.250 -999.250 -999.250 -999.250 -999.250 -999.250 -999.250 -999.250 -999.250 -999.250 -999.250 -999.250 -999.250 -999.250 310.639 302.275 313.948 309.940 313.835 324.705 326.405 326.389 322.780 321.310 324.854 338.205 337.100 352.319 359.236 368.916 410.874 434.043 464.365 497.817 504.859 520.510 512.959 542.956 580.943 647.284 696.023 719.424 752.544 708.180 640.514 563.237 504.955 445.378 377.775 341.838 310.327 295.781 280.457
-999.250 -999.250 -999.250 -999.250 -999.250 -999.250 -999.250 -999.250 -999.250 -999.250 -999.250 -999.250 -999.250 -999.250 -999.250 -999.250 -999.250 -999.250 -999.250 -999.250 -999.250 -999.250 -999.250 -999.250 -999.250 306.182 298.735 312.711 308.378 312.401 321.267 328.397 324.078 324.986 321.476 325.354 321.816 327.210 330.518 347.279 348.835 371.382 412.226 453.931 479.816 517.846 559.148 605.416 608.593 621.289 721.714 737.629 783.894 820.037 806.990 772.304 690.405 591.830 527.859 462.670 400.448 378.124 338.855 319.088 292.547
-999.250 -999.250 -999.250 -999.250 -999.250 -999.250 -999.250 -999.250 -999.250 -999.250 -999.250 -999.250 -999.250 -999.250 -999.250 -999.250 -999.250 -999.250 -999.250 -999.250 -999.250 -999.250 -999.250 -999.250 -999.250 310.185 309.021 310.314 316.436 326.980 325.882 326.480 328.601 328.187 324.332 331.525 321.163 318.917 329.959 333.736 345.831 380.216 404.352 448.801 480.459 508.500 586.194 681.120 666.154 702.650 747.304 863.982 907.808 938.257 890.498 836.892 743.076 643.407 545.432 495.205 452.374 403.448 355.057 329.773 319.285
-999.250 -999.250 -999.250 -999.250 -999.250 -999.250 -999.250 -999.250 -999.250 -999.250 -999.250 -999.250 -999.250 -999.250 -999.250 -999.250 -999.250 -999.250 -999.250 -999.250 -999.250 -999.250 -999.250 -999.250 -999.250 318.931 317.248 331.497 333.918 326.950 324.198 326.150 331.334 328.956 320.900 323.980 322.689 321.717 322.574 328.581 339.888 368.183 405.958 439.588 489.833 503.210 561.064 646.086 696.522 748.300 779.501 909.854 964.393 1009.931 1019.179 955.153 806.105 722.378 631.734 521.174 480.128 431.032 390.609 345.075 330.846
-999.250 -999.250 -999.250 -999.250 -999.250 -999.250 -999.250 -999.250 -999.250 -999.250 -999.250 -999.250 -999.250 -999.250 -999.250 -999.250 -999.250 -999.250 -999.250 -999.250 -999.250 -999.250 -999.250 -999.250 306.454 327.816 324.202 338.119 330.580 330.180 344.827 348.219 331.179 332.041 331.166 328.461 323.486 325.603 319.741 322.575 340.962 368.770 383.162 414.019 452.755 494.983 531.158 600.378 677.742 737.569 780.201 931.536 1024.882 1102.938 1145.250 1036.147 917.835 764.553 655.399 551.740 512.231 465.622 413.068 351.854 334.728
-999.250 -999.250 -999.250 -999.250 -999.250 -999.250 -999.250 -999.250 -999.250 -999.250 -999.250 -999.250 -999.250 -999.250 -999.250 -999.250 -999.250 -999.250 -999.250 -999.250 -999.250 -999.250 -999.250 -999.250 318.373 318.349 352.040 347.089 343.872 346.724 354.936 354.907 346.306 346.218 334.335 331.882 330.422 329.313 322.766 324.995 336.880 345.360 357.403 395.433 413.465 452.586 500.997 539.431 632.928 721.580 804.966 927.474 1016.902 1196.290 1346.983 1107.718 965.350 802.632 694.306 582.509 513.542 461.617 418.985 359.905 325.911
-999.250 -999.250 -999.250 -999.250 -999.250 -999.250 -999.250 -999.250 -999.250 -999.250 -999.250 -999.250 -999.250 -999.250 -999.250 -999.250 -999.250 -999.250 -999.250 -999.250 -999.250 -999.250 -999.250 304.370 315.523 328.533 340.314 362.645 356.741 364.723 368.291 373.802 360.812 354.550 343.920 341.563 339.216 323.639 321.276 325.638 325.921 329.360 346.070 360.065 375.920 410.418 442.928 475.017 524.464 660.723 729.637 864.870 989.066 1065.443 1176.400 1006.743 922.315 790.144 700.099 579.145 530.897 477.695 438.126 363.764 326.367
-999.250 -999.250 -999.250 -999.250 -999.250 -999.250 -999.250 -999.250 -999.250 -999.250 -999.250 -999.250 -999.250 -999.250 -999.250 -999.250 -999.250 -999.250 -999.250 -999.250 -999.250 -999.250 -999.250 303.729 318.939 329.937 350.274 387.819 395.690 404.654 394.705 396.199 360.813 359.907 356.325 343.159 332.804 329.483 319.066 315.610 321.338 323.402 326.429 333.011 331.900 351.608 361.261 381.201 427.436 505.148 637.326 766.321 862.442 949.908 949.613 949.169 856.849 736.229 631.502 624.915 520.814 462.653 434.827 375.949 320.202
-999.250 -999.250 -999.250 -999.250 -999.250 -999.250 -999.250 -999.250 -999.250 -999.250 -999.250 -999.250 -999.250 -999.250 -999.250 -999.250 -999.250 -999.250 -999.250 -999.250 -999.250 -999.250 -999.250 301.542 328.815 332.674 361.523 405.513 414.705 419.707 434.607 412.599 388.116 377.515 363.065 351.434 338.945 329.265 330.795 312.625 325.237 312.775 308.673 311.975 311.469 309.385 321.959 317.003 318.327 433.918 527.196 637.777 736.898 774.785 814.883 801.363 733.079 686.316 584.958 528.360 508.405 471.591 439.048 368.077 314.073
-999.250 -999.250 -999.250 -999.250 -999.250 -999.250 -999.250 -999.250 -999.250 -999.250 -999.250 -999.250 -999.250 -999.250 -999.250 -999.250 -999.250 -999.250 -999.250 -999.250 -999.250 -999.250 295.752 299.633 321.696 334.652 353.423 400.404 430.335 439.893 444.306 435.399 423.214 420.962 388.277 368.004 351.638 327.566 327.581 315.021 304.269 303.643 296.424 294.742 288.105 269.901 280.051 284.965 302.830 362.976 443.519 514.506 589.408 639.542 691.585 697.573 681.567 600.931 544.449 508.430 476.408 449.129 399.210 338.765 302.248
-999.250 -999.250 -999.250 -999.250 -999.250 -999.250 -999.250 -999.250 -999.250 -999.250 -999.250 -999.250 -999.250 -999.250 -999.250 -999.250 -999.250 -999.250 -999.250 -999.250 -999.250 -999.250 285.596 307.825 326.794 342.737 374.736 417.750 439.822 461.884 481.730 465.622 443.390 424.817 401.475 369.456 349.133 326.965 316.619 303.038 295.734 286.130 274.921 256.836 260.404 247.702 235.421 259.915 279.370 324.240 360.547 431.162 490.110 526.225 543.570 554.136 565.067 533.622 496.186 472.684 437.566 412.484 373.611 332.275 287.623
-999.250 -999.250 -999.250 -999.250 -999.250 -999.250 -999.250 -999.250 -999.250 -999.250 -999.250 -999.250 -999.250 -999.250 -999.250 -999.250 -999.250 -999.250 -999.250 -999.250 -999.250 270.757 284.518 295.963 329.802 342.638 371.534 406.917 439.705 471.582 532.463 483.025 460.113 438.718 411.162 378.697 351.424 324.741 316.272 305.655 283.574 271.407 260.493 236.331 234.284 213.533 213.547 219.714 237.697 290.606 314.847 350.299 401.648 447.233 461.423 473.535 466.149 457.684 455.167 436.610 414.443 384.135 354.973 324.331 292.608
-999.250 -999.250 -999.250 -999.250 -999.250 -999.250 -999.250 -999.250 -999.250 -999.250 -999.250 -999.250 -999.250 -999.250 -999.250 -999.250 -999.250 -999.250 -999.250 -999.250 -999.250 250.815 274.248 301.963 319.937 340.249 361.591 395.616 423.268 471.296 485.608 476.082 445.148 430.693 404.943 370.029 345.769 330.933 318.369 295.069 274.828 268.258 242.084 215.738 213.004 206.986 199.622 202.821 212.646 219.640 262.248 288.916 316.987 340.670 354.253 390.225 404.388 405.103 402.138 404.834 380.926 358.026 340.618 328.236 304.550
-999.250 -999.250 -999.250 -999.250 -999.250 -999.250 -999.250 -999.250 -999.250 -999.250 -999.250 -999.250 -999.250 -999.250 -999.250 -999.250 -999.250 -999.250 -999.250 -999.250 -999.250 225.864 261.784 291.533 315.763 334.065 354.494 368.817 415.909 418.228 443.342 429.431 432.233 416.347 403.563 383.725 348.438 329.181 314.678 292.859 271.584 249.534 227.152 225.190 198.965 198.906 180.650 188.670 191.685 193.353 206.456 225.822 234.662 270.185 304.706 324.617 337.796 349.771 354.641 366.907 358.285 348.733 331.724 333.205 312.835
-999.250 -999.250 -999.250 -999.250 -999.250 -999.250 -999.250 -999.250 -999.250 -999.250 -999.250 -999.250 -999.250 -999.250 -999.250 -999.250 -999.250 -999.250 -999.250 -999.250 198.414 204.938 244.754 285.918 308.365 328.520 341.181 359.899 371.373 392.685 404.320 408.391 403.529 391.642 376.533 362.236 348.898 334.824 316.107 291.328 273.664 247.482 238.387 218.666 205.497 186.461 189.228 186.103 172.830 173.375 174.333 168.715 175.901 213.866 241.114 287.801 305.703 323.847 326.732 338.903 344.953 353.648 348.979 343.678 344.116
-999.250 -999.250 -999.250 -999.250 -999.250 -999.250 -999.250 -999.250 -999.250 -999.250 -999.250 -999.250 -999.250 -999.250 -999.250 -999.250 -999.250 -999.250 -999.250 -999.250 188.280 197.049 225.311 258.231 282.867 313.582 332.603 344.953 354.357 352.368 367.205 372.117 364.169 367.362 366.370 355.807 343.073 336.586 316.851 290.958 276.060 263.750 241.951 226.999 196.710 198.269 188.177 176.204 181.374 159.757 148.935 150.118 151.654 166.753 193.309 236.036 259.193 283.246 310.709 327.711 334.618 352.017 365.391 378.749 396.225
-999.250 -999.250 -999.250 -999.250 -999.250 -999.250 -999.250 -999.250 -999.250 -999.250 -999.250 -999.250 -999.250 -999.250 -999.250 -999.250 -999.250 -999.250 -999.250 -999.250 170.826 179.204 200.221 229.555 264.065 306.188 320.861 329.228 342.471 338.694 332.457 342.877 353.351 368.084 359.635 338.967 333.234 329.132 308.806 294.073 277.343 258.838 233.367 227.452 199.858 202.975 203.526 191.383 168.300 161.492 154.669 148.268 147.604 152.230 169.322 208.708 233.316 265.107 291.068 312.167 328.149 365.602 382.371 420.175 452.383
-999.250 -999.250 -999.250 -999.250 -999.250 -999.250 -999.250 -999.250 -999.250 -999.250 -999.250 -999.250 -999.250 -999.250 -999.250 -999.250 -999.250 -999.250 -999.250 -999.250 150.011 160.918 177.259 216.026 266.018 301.743 320.972 342.882 351.155 344.127 325.753 352.668 360.072 365.323 356.721 351.473 336.910 326.892 321.643 305.595 281.537 265.449 257.839 238.525 217.911 208.436 197.603 190.808 167.044 169.580 147.497 144.177 139.444 138.120 156.004 185.814 212.403 244.671 259.572 300.933 335.168 378.899 432.755 461.254 503.052
-999.250 -999.250 -999.250 -999.250 -999.250 -999.250 -999.250 -999.250 -999.250 -999.250 -999.250 -999.250 -999.250 -999.250 -999.250 -999.250 -999.250 -999.250 -999.250 124.930 126.267 140.431 174.346 215.881 256.950 293.376 328.890 354.056 385.425 413.580 417.999 425.058 413.469 383.331 383.246 377.599 356.969 341.817 324.842 316.729 300.048 285.970 284.198 257.766 239.662 216.797 215.558 203.431 179.050 164.243 151.750 147.107 138.625 129.525 148.707 169.264 184.940 210.648 260.862 300.859 343.911 422.599 482.553 529.490 571.832
-999.250 -999.250 -999.250 -999.250 -999.250 -999.250 -999.250 -999.250 -999.250 -999.250 -999.250 -999.250 -999.250 -999.250 -999.250 -999.250 -999.250 -999.250 -999.250 112.796 115.072 137.592 166.015 207.981 268.807 314.511 348.679 395.842 445.992 494.890 525.928 500.935 464.546 425.852 415.552 384.672 366.506 351.738 343.334 323.183 314.053 310.479 289.973 283.812 250.695 242.294 224.212 220.874 204.117 179.141 158.614 141.284 141.502 130.539 136.669 150.522 179.287 201.714 246.858 301.343 349.774 439.061 519.321 598.912 698.813
