data/medianmodel_15-Dec-2020.asc
ncols	141
nrows	288
xllcorner	-120191.398
yllcorner	-301404.813
cellsize	2000.000
NODATA_value	-999.250
[rows 232 to 260 of 288, columns 0 to 63 of 141]
-999.250 -999.250 -999.250 -999.250 -999.250 -999.250 -999.250 -999.250 -999.250 -999.250 -999.250 -999.250 -999.250 -999.250 -999.250 -999.250 -999.250 -999.250 -999.250 -999.250 -999.250 -999.250 -999.250 -999.250 -999.250 -999.250 -999.250 156.541 154.880 137.213 127.983 123.952 124.326 125.097 115.314 117.008 120.617 130.659 144.950 155.879 166.025 173.711 179.860 169.743 172.492 163.094 168.404 153.622 132.056 119.100 115.331 90.457 81.780 82.267 62.849 53.435 50.709 45.209 39.822 34.606 29.956 40.596 39.779 53.041
-999.250 -999.250 -999.250 -999.250 -999.250 -999.250 -999.250 -999.250 -999.250 -999.250 -999.250 -999.250 -999.250 -999.250 -999.250 -999.250 -999.250 -999.250 -999.250 -999.250 -999.250 -999.250 -999.250 -999.250 -999.250 -999.250 -999.250 -999.250 153.458 142.342 132.888 128.248 130.677 118.511 118.304 120.407 130.501 135.405 147.226 163.618 163.130 168.956 166.605 168.765 165.380 157.463 148.018 143.788 120.942 106.789 103.506 72.043 71.998 70.745 57.806 47.379 43.702 40.332 35.673 26.974 35.783 37.848 41.040 54.554
-999.250 -999.250 -999.250 -999.250 -999.250 -999.250 -999.250 -999.250 -999.250 -999.250 -999.250 -999.250 -999.250 -999.250 -999.250 -999.250 -999.250 -999.250 -999.250 -999.250 -999.250 -999.250 -999.250 -999.250 -999.250 -999.250 -999.250 -999.250 -999.250 -999.250 142.695 129.092 139.318 131.191 131.178 125.094 131.481 142.038 138.652 146.539 156.835 153.543 156.725 161.270 165.423 160.250 137.346 130.749 114.903 100.316 98.290 76.617 64.029 58.545 46.537 38.518 35.492 26.107 31.420 19.391 32.324 42.016 48.364 56.602
-999.250 -999.250 -999.250 -999.250 -999.250 -999.250 -999.250 -999.250 -999.250 -999.250 -999.250 -999.250 -999.250 -999.250 -999.250 -999.250 -999.250 -999.250 -999.250 -999.250 -999.250 -999.250 -999.250 -999.250 -999.250 -999.250 -999.250 -999.250 -999.250 -999.250 144.190 137.854 142.619 131.895 132.607 136.461 133.478 134.771 152.142 147.100 144.592 147.301 149.877 155.970 155.378 155.344 133.944 126.605 116.717 101.594 93.581 81.284 57.816 54.892 46.290 29.662 35.641 26.773 15.128 15.939 27.332 45.098 54.487 59.733
-999.250 -999.250 -999.250 -999.250 -999.250 -999.250 -999.250 -999.250 -999.250 -999.250 -999.250 -999.250 -999.250 -999.250 -999.250 -999.250 -999.250 -999.250 -999.250 -999.250 -999.250 -999.250 -999.250 -999.250 -999.250 -999.250 -999.250 -999.250 -999.250 -999.250 160.507 156.536 143.572 149.167 145.294 142.373 148.466 145.451 145.819 149.992 158.238 153.830 152.848 140.592 137.393 142.556 126.110 122.652 119.012 99.464 91.783 79.015 61.236 44.808 37.784 38.170 32.390 22.849 15.526 12.126 30.788 48.175 56.896 79.884
-999.250 -999.250 -999.250 -999.250 -999.250 -999.250 -999.250 -999.250 -999.250 -999.250 -999.250 -999.250 -999.250 -999.250 -999.250 -999.250 -999.250 -999.250 -999.250 -999.250 -999.250 -999.250 -999.250 -999.250 -999.250 -999.250 -999.250 -999.250 -999.250 -999.250 -999.250 156.652 153.850 156.001 145.954 150.054 146.744 148.309 147.204 145.688 159.625 163.791 148.231 145.876 135.275 136.856 142.221 139.891 108.741 100.473 81.744 66.975 52.592 47.583 40.178 39.806 37.846 35.943 20.182 20.414 37.573 57.666 69.346 82.823
-999.250 -999.250 -999.250 -999.250 -999.250 -999.250 -999.250 -999.250 -999.250 -999.250 -999.250 -999.250 -999.250 -999.250 -999.250 -999.250 -999.250 -999.250 -999.250 -999.250 -999.250 -999.250 -999.250 -999.250 -999.250 -999.250 -999.250 -999.250 -999.250 -999.250 159.891 164.632 165.195 155.726 159.198 154.856 152.691 158.990 159.636 166.677 166.223 160.004 159.563 148.755 151.607 144.246 144.763 142.268 113.176 97.054 74.745 68.826 66.308 48.304 43.648 43.787 42.160 32.511 40.135 40.869 49.180 64.280 84.250 98.365
-999.250 -999.250 -999.250 -999.250 -999.250 -999.250 -999.250 -999.250 -999.250 -999.250 -999.250 -999.250 -999.250 -999.250 -999.250 -999.250 -999.250 -999.250 -999.250 -999.250 -999.250 -999.250 -999.250 -999.250 -999.250 -999.250 -999.250 -999.250 -999.250 -999.250 -999.250 168.465 179.156 161.240 167.706 166.718 163.691 166.248 163.190 168.432 164.378 167.808 158.714 154.853 145.860 146.601 140.300 121.680 104.560 86.397 87.875 70.976 55.954 52.773 45.552 43.614 41.929 45.064 41.925 49.875 60.998 76.385 95.789 110.636
-999.250 -999.250 -999.250 -999.250 -999.250 -999.250 -999.250 -999.250 -999.250 -999.250 -999.250 -999.250 -999.250 -999.250 -999.250 -999.250 -999.250 -999.250 -999.250 -999.250 -999.250 -999.250 -999.250 -999.250 -999.250 -999.250 -999.250 -999.250 -999.250 -999.250 185.129 186.124 186.851 181.348 185.839 183.320 178.590 177.815 166.978 167.966 165.497 169.864 151.858 152.679 162.716 151.063 139.216 118.357 89.273 88.868 78.094 67.962 63.611 51.355 55.564 52.763 45.841 51.573 66.461 64.344 74.494 89.252 111.346 124.136
-999.250 -999.250 -999.250 -999.250 -999.250 -999.250 -999.250 -999.250 -999.250 -999.250 -999.250 -999.250 -999.250 -999.250 -999.250 -999.250 -999.250 -999.250 -999.250 -999.250 -999.250 -999.250 -999.250 -999.250 -999.250 -999.250 -999.250 -999.250 -999.250 -999.250 188.423 186.166 204.836 190.558 196.304 205.924 190.602 184.212 183.855 179.794 178.783 178.734 172.132 173.163 168.146 160.721 139.315 118.333 109.111 104.330 85.631 77.544 67.720 58.026 54.692 50.013 50.231 56.681 68.182 73.070 83.996 102.096 120.158 143.941
-999.250 -999.250 -999.250 -999.250 -999.250 -999.250 -999.250 -999.250 -999.250 -999.250 -999.250 -999.250 -999.250 -999.250 -999.250 -999.250 -999.250 -999.250 -999.250 -999.250 -999.250 -999.250 -999.250 -999.250 -999.250 -999.250 -999.250 -999.250 -999.250 -999.250 211.221 205.248 213.499 200.173 198.042 209.233 204.354 195.596 208.804 190.071 192.234 194.172 176.931 180.122 173.779 166.311 142.785 119.688 125.684 100.619 87.946 87.502 72.936 64.543 61.328 56.777 58.520 61.467 73.641 85.711 99.090 123.258 142.230 154.502
-999.250 -999.250 -999.250 -999.250 -999.250 -999.250 -999.250 -999.250 -999.250 -999.250 -999.250 -999.250 -999.250 -999.250 -999.250 -999.250 -999.250 -999.250 -999.250 -999.250 -999.250 -999.250 -999.250 -999.250 -999.250 -999.250 -999.250 -999.250 -999.250 -999.250 235.545 236.113 251.961 252.310 224.267 240.618 226.413 209.485 221.042 222.537 209.308 196.196 209.283 188.505 170.767 170.384 147.096 130.025 121.789 105.795 85.591 80.872 70.710 64.457 66.917 62.822 62.096 67.537 72.035 105.911 109.845 134.427 154.538 167.238
-999.250 -999.250 -999.250 -999.250 -999.250 -999.250 -999.250 -999.250 -999.250 -999.250 -999.250 -999.250 -999.250 -999.250 -999.250 -999.250 -999.250 -999.250 -999.250 -999.250 -999.250 -999.250 -999.250 -999.250 -999.250 -999.250 -999.250 -999.250 -999.250 -999.250 241.014 248.563 262.781 265.874 271.619 272.976 283.270 259.727 252.160 238.965 234.561 222.006 199.414 208.300 189.552 174.876 165.656 145.086 135.743 107.110 94.517 89.761 69.917 68.127 72.260 61.235 74.733 80.396 95.850 106.750 129.746 142.561 159.294 169.042
-999.250 -999.250 -999.250 -999.250 -999.250 -999.250 -999.250 -999.250 -999.250 -999.250 -999.250 -999.250 -999.250 -999.250 -999.250 -999.250 -999.250 -999.250 -999.250 -999.250 -999.250 -999.250 -999.250 -999.250 -999.250 -999.250 -999.250 -999.250 -999.250 -999.250 -999.250 252.364 260.963 293.440 280.304 301.561 298.990 286.952 268.856 263.828 235.463 250.520 227.863 207.461 190.839 186.151 171.008 152.174 139.732 112.544 96.905 84.296 74.247 72.244 65.209 66.289 70.644 78.712 100.121 106.509 136.061 158.296 175.599 178.504
-999.250 -999.250 -999.250 -999.250 -999.250 -999.250 -999.250 -999.250 -999.250 -999.250 -999.250 -999.250 -999.250 -999.250 -999.250 -999.250 -999.250 -999.250 -999.250 -999.250 -999.250 -999.250 -999.250 -999.250 -999.250 -999.250 -999.250 -999.250 -999.250 -999.250 -999.250 259.654 272.189 297.998 296.582 318.007 307.804 304.932 278.267 287.296 267.797 258.184 243.465 234.510 218.121 188.200 168.878 155.113 148.590 131.977 104.998 92.620 84.071 69.542 63.097 61.427 68.904 77.882 98.339 123.487 141.017 157.027 171.443 178.874
-999.250 -999.250 -999.250 -999.250 -999.250 -999.250 -999.250 -999.250 -999.250 -999.250 -999.250 -999.250 -999.250 -999.250 -999.250 -999.250 -999.250 -999.250 -999.250 -999.250 -999.250 -999.250 -999.250 -999.250 -999.250 -999.250 -999.250 -999.250 -999.250 -999.250 267.937 277.502 292.491 300.628 309.171 331.869 306.090 298.984 308.837 321.154 286.187 274.379 280.556 245.616 221.328 198.411 182.370 174.515 156.015 143.585 121.059 107.206 82.765 69.361 60.759 57.474 67.172 79.342 89.835 122.543 147.577 160.515 164.255 179.039
-999.250 -999.250 -999.250 -999.250 -999.250 -999.250 -999.250 -999.250 -999.250 -999.250 -999.250 -999.250 -999.250 -999.250 -999.250 -999.250 -999.250 -999.250 -999.250 -999.250 -999.250 -999.250 -999.250 -999.250 -999.250 -999.250 -999.250 -999.250 -999.250 -999.250 288.501 292.701 290.149 306.758 324.801 326.223 345.502 350.196 363.234 347.631 322.726 322.476 299.391 275.966 246.447 202.548 182.715 181.655 160.032 159.791 135.236 108.986 90.172 65.345 54.052 48.035 61.100 77.569 98.682 116.979 134.683 154.486 161.379 179.600
-999.250 -999.250 -999.250 -999.250 -999.250 -999.250 -999.250 -999.250 -999.250 -999.250 -999.250 -999.250 -999.250 -999.250 -999.250 -999.250 -999.250 -999.250 -999.250 -999.250 -999.250 -999.250 -999.250 -999.250 -999.250 -999.250 -999.250 -999.250 -999.250 -999.250 307.310 318.659 311.712 326.291 343.689 348.141 358.311 383.137 386.114 376.100 364.721 337.558 322.651 288.907 267.446 229.123 197.613 186.956 171.113 155.383 139.559 114.715 90.698 67.473 61.540 43.412 64.102 73.496 93.846 119.834 127.638 149.767 166.419 174.287
-999.250 -999.250 -999.250 -999.250 -999.250 -999.250 -999.250 -999.250 -999.250 -999.250 -999.250 -999.250 -999.250 -999.250 -999.250 -999.250 -999.250 -999.250 -999.250 -999.250 -999.250 -999.250 -999.250 -999.250 -999.250 -999.250 -999.250 -999.250 -999.250 -999.250 305.290 329.673 310.930 347.523 349.364 368.966 377.975 405.919 416.037 396.417 379.083 369.487 336.250 316.610 284.947 242.899 241.755 199.917 184.392 170.732 144.661 116.692 93.788 81.731 71.195 64.268 69.350 84.242 104.038 111.682 119.855 141.278 163.721 163.456
-999.250 -999.250 -999.250 -999.250 -999.250 -999.250 -999.250 -999.250 -999.250 -999.250 -999.250 -999.250 -999.250 -999.250 -999.250 -999.250 -999.250 -999.250 -999.250 -999.250 -999.250 -999.250 -999.250 -999.250 -999.250 -999.250 -999.250 -999.250 -999.250 -999.250 309.437 314.230 337.740 359.618 364.599 368.145 389.854 415.687 418.450 420.763 396.246 365.667 339.599 317.171 298.768 267.946 247.392 214.845 187.057 175.179 146.782 132.574 108.045 89.985 82.314 78.212 80.934 90.010 104.793 119.745 126.045 152.080 152.763 166.227
-999.250 -999.250 -999.250 -999.250 -999.250 -999.250 -999.250 -999.250 -999.250 -999.250 -999.250 -999.250 -999.250 -999.250 -999.250 -999.250 -999.250 -999.250 -999.250 -999.250 -999.250 -999.250 -999.250 -999.250 -999.250 -999.250 -999.250 -999.250 -999.250 307.573 305.371 340.768 346.562 355.446 379.233 382.229 394.849 410.736 415.526 413.215 394.192 367.950 348.509 331.173 279.050 258.662 252.133 225.771 198.239 176.163 164.819 131.668 115.390 114.611 97.088 97.173 98.089 107.075 107.268 125.536 134.123 144.663 163.221 173.765
-999.250 -999.250 -999.250 -999.250 -999.250 -999.250 -999.250 -999.250 -999.250 -999.250 -999.250 -999.250 -999.250 -999.250 -999.250 -999.250 -999.250 -999.250 -999.250 -999.250 -999.250 -999.250 -999.250 -999.250 -999.250 -999.250 -999.250 -999.250 -999.250 -999.250 327.808 341.217 334.156 370.962 375.709 392.575 397.836 402.747 404.836 405.614 404.072 376.096 356.800 317.663 308.246 259.498 248.868 253.126 196.029 198.977 173.907 144.502 138.721 130.176 126.895 113.126 106.218 116.154 123.361 131.745 135.009 150.159 158.301 166.384
-999.250 -999.250 -999.250 -999.250 -999.250 -999.250 -999.250 -999.250 -999.250 -999.250 -999.250 -999.250 -999.250 -999.250 -999.250 -999.250 -999.250 -999.250 -999.250 -999.250 -999.250 -999.250 -999.250 -999.250 -999.250 -999.250 -999.250 -999.250 -999.250 -999.250 303.190 319.514 360.747 341.762 363.280 371.710 389.522 391.757 391.574 414.181 398.641 359.105 339.387 307.553 302.646 266.182 238.739 230.913 206.410 190.103 173.787 167.053 146.099 144.003 121.731 112.132 116.552 115.572 126.638 135.402 141.537 152.469 158.357 171.429
-999.250 -999.250 -999.250 -999.250 -999.250 -999.250 -999.250 -999.250 -999.250 -999.250 -999.250 -999.250 -999.250 -999.250 -999.250 -999.250 -999.250 -999.250 -999.250 -999.250 -999.250 -999.250 -999.250 -999.250 -999.250 -999.250 -999.250 -999.250 -999.250 -999.250 -999.250 318.840 330.785 354.624 317.633 341.422 373.348 376.202 383.980 360.702 362.805 353.312 315.817 285.955 289.094 271.631 248.947 237.528 227.577 199.786 176.682 163.701 159.699 143.313 142.393 127.768 122.045 129.135 135.678 128.501 144.221 158.431 161.096 164.280
-999.250 -999.250 -999.250 -999.250 -999.250 -999.250 -999.250 -999.250 -999.250 -999.250 -999.250 -999.250 -999.250 -999.250 -999.250 -999.250 -999.250 -999.250 -999.250 -999.250 -999.250 -999.250 -999.250 -999.250 -999.250 -999.250 -999.250 -999.250 -999.250 -999.250 -999.250 302.934 302.318 313.329 303.723 334.090 337.595 333.434 365.065 353.503 327.743 337.983 312.645 280.990 271.001 250.080 240.258 235.250 228.181 213.345 182.443 162.146 162.305 147.791 131.243 131.193 131.444 137.909 139.907 137.274 150.887 154.065 170.207 166.839
-999.250 -999.250 -999.250 -999.250 -999.250 -999.250 -999.250 -999.250 -999.250 -999.250 -999.250 -999.250 -999.250 -999.250 -999.250 -999.250 -999.250 -999.250 -999.250 -999.250 -999.250 -999.250 -999.250 -999.250 -999.250 -999.250 -999.250 -999.250 -999.250 -999.250 287.611 295.771 281.126 294.929 280.085 294.661 323.422 336.800 352.484 333.704 335.591 304.969 301.260 292.133 259.569 247.097 234.910 222.411 218.133 205.389 193.422 175.612 167.641 154.294 136.729 136.055 147.032 143.884 143.648 144.123 154.652 160.902 161.657 166.579
-999.250 -999.250 -999.250 -999.250 -999.250 -999.250 -999.250 -999.250 -999.250 -999.250 -999.250 -999.250 -999.250 -999.250 -999.250 -999.250 -999.250 -999.250 -999.250 -999.250 -999.250 -999.250 -999.250 -999.250 -999.250 -999.250 -999.250 -999.250 -999.250 -999.250 273.838 269.868 294.205 264.763 282.631 283.659 285.675 332.696 315.359 306.907 284.166 274.006 281.666 267.326 253.130 230.783 244.481 232.408 208.265 199.815 185.228 178.122 173.172 161.768 150.175 152.749 142.419 143.009 136.824 140.879 150.835 155.362 160.650 163.046
-999.250 -999.250 -999.250 -999.250 -999.250 -999.250 -999.250 -999.250 -999.250 -999.250 -999.250 -999.250 -999.250 -999.250 -999.250 -999.250 -999.250 -999.250 -999.250 -999.250 -999.250 -999.250 -999.250 -999.250 -999.250 -999.250 -999.250 -999.250 -999.250 -999.250 258.501 260.465 262.451 262.610 276.086 271.461 276.572 277.625 281.775 271.180 265.121 262.586 286.734 250.347 227.184 236.109 234.087 218.737 208.081 198.835 196.342 186.661 187.917 172.507 155.248 144.156 149.436 150.899 140.562 139.652 151.532 156.924 160.655 154.619
-999.250 -999.250 -999.250 -999.250 -999.250 -999.250 -999.250 -999.250 -999.250 -999.250 -999.250 -999.250 -999.250 -999.250 -999.250 -999.250 -999.250 -999.250 -999.250 -999.250 -999.250 -999.250 -999.250 -999.250 -999.250 -999.250 -999.250 -999.250 -999.250 -999.250 226.898 240.477 245.661 260.266 270.486 256.585 252.835 264.805 265.501 255.465 263.138 269.697 257.424 248.173 231.830 221.187 238.188 200.377 226.113 204.825 196.365 186.308 186.493 179.467 165.558 163.500 141.228 151.831 150.373 153.194 159.111 161.807 156.392 157.066
