data/medianmodel_19-Jul-2020.asc
ncols	141
nrows	288
xllcorner	-120191.398
yllcorner	-301404.813
cellsize	2000.000
NODATA_value	-999.250
[rows 124 to 154 of 288, columns 0 to 69 of 141]
-999.250 -999.250 -999.250 -999.250 -999.250 -999.250 -999.250 -999.250 -999.250 -999.250 -999.250 -999.250 -999.250 -999.250 -999.250 -999.250 -999.250 -999.250 -999.250 -999.250 -999.250 -999.250 -999.250 -999.250 4.468 3.901 2.860 2.952 1.611 1.354 1.213 1.470 2.951 2.252 1.507 1.715 1.294 1.657 2.194 0.536 0.000 0.000 0.000 0.000 0.000 0.000 0.000 0.035 2.928 5.372 8.557 12.187 16.477 20.511 24.010 18.425 11.459 7.546 4.080 0.559 0.000 0.000 0.000 0.000 0.000 0.000 0.000 0.000 0.000 0.000
-999.250 -999.250 -999.250 -999.250 -999.250 -999.250 -999.250 -999.250 -999.250 -999.250 -999.250 -999.250 -999.250 -999.250 -999.250 -999.250 -999.250 -999.250 -999.250 -999.250 -999.250 -999.250 -999.250 -999.250 3.698 5.060 4.559 5.675 4.047 4.584 3.625 3.292 1.652 3.398 2.663 2.985 1.892 3.840 2.204 1.550 0.000 0.000 0.000 0.000 0.000 0.000 0.000 0.000 3.169 6.454 9.036 11.477 15.544 26.250 35.919 20.772 13.893 7.878 5.529 1.498 0.000 0.000 0.000 0.000 0.000 0.000 0.000 0.000 0.000 0.000
-999.250 -999.250 -999.250 -999.250 -999.250 -999.250 -999.250 -999.250 -999.250 -999.250 -999.250 -999.250 -999.250 -999.250 -999.250 -999.250 -999.250 -999.250 -999.250 -999.250 -999.250 -999.250 -999.250 4.249 5.323 5.159 4.953 5.883 7.202 6.300 4.332 3.524 3.523 3.912 3.800 2.246 3.542 3.009 1.075 1.666 0.796 0.000 0.000 0.000 0.000 0.000 0.000 0.000 0.688 4.037 7.515 10.038 14.989 24.062 22.771 21.192 12.788 8.410 6.313 2.679 0.000 0.000 0.000 0.000 0.000 0.000 0.000 0.000 0.943 1.314
-999.250 -999.250 -999.250 -999.250 -999.250 -999.250 -999.250 -999.250 -999.250 -999.250 -999.250 -999.250 -999.250 -999.250 -999.250 -999.250 -999.250 -999.250 -999.250 -999.250 -999.250 -999.250 -999.250 6.632 5.900 7.923 6.507 7.588 6.633 6.491 6.317 6.002 5.347 5.067 5.084 3.060 3.961 4.514 3.441 3.199 0.839 0.000 0.000 0.000 0.000 0.000 0.000 0.000 0.000 0.706 4.694 8.477 12.636 17.131 19.622 14.349 11.192 8.507 6.995 4.468 0.636 0.000 0.000 0.000 0.000 0.000 0.214 2.236 3.159 4.427
-999.250 -999.250 -999.250 -999.250 -999.250 -999.250 -999.250 -999.250 -999.250 -999.250 -999.250 -999.250 -999.250 -999.250 -999.250 -999.250 -999.250 -999.250 -999.250 -999.250 -999.250 -999.250 -999.250 7.292 6.947 7.847 7.195 6.774 7.985 8.466 8.144 7.889 6.656 6.583 5.018 5.516 4.863 4.600 3.672 4.447 1.670 1.867 0.000 0.000 0.000 0.000 0.000 0.000 0.000 0.000 4.286 7.623 10.134 11.782 14.330 11.926 8.705 9.596 5.526 5.186 1.392 0.000 0.000 0.000 0.000 0.553 2.088 3.035 6.002 7.509
-999.250 -999.250 -999.250 -999.250 -999.250 -999.250 -999.250 -999.250 -999.250 -999.250 -999.250 -999.250 -999.250 -999.250 -999.250 -999.250 -999.250 -999.250 -999.250 -999.250 -999.250 -999.250 7.114 8.798 7.574 7.688 8.077 7.195 8.829 7.421 9.488 8.628 8.017 7.009 6.426 6.062 7.036 4.651 5.398 5.026 3.704 2.747 0.000 0.000 0.000 0.000 0.000 0.000 0.000 0.000 1.933 4.501 6.923 9.545 9.079 8.831 8.511 7.223 7.659 4.898 2.821 1.974 0.728 1.056 0.725 1.170 4.216 4.816 7.717 9.678
-999.250 -999.250 -999.250 -999.250 -999.250 -999.250 -999.250 -999.250 -999.250 -999.250 -999.250 -999.250 -999.250 -999.250 -999.250 -999.250 -999.250 -999.250 -999.250 -999.250 -999.250 -999.250 8.170 9.624 10.233 9.959 9.002 8.988 9.933 11.093 11.701 10.596 9.477 8.973 7.162 7.265 6.929 7.489 7.041 6.362 6.636 4.689 1.151 0.303 0.000 0.000 0.000 0.000 0.000 0.000 1.101 3.596 5.010 7.983 8.546 7.970 7.878 8.206 8.346 6.029 3.792 4.332 5.731 5.990 4.813 3.681 4.725 7.243 9.716 11.232
-999.250 -999.250 -999.250 -999.250 -999.250 -999.250 -999.250 -999.250 -999.250 -999.250 -999.250 -999.250 -999.250 -999.250 -999.250 -999.250 -999.250 -999.250 -999.250 -999.250 -999.250 6.111 8.172 10.747 15.581 11.439 9.489 9.608 10.756 10.265 17.563 13.401 10.537 8.687 8.695 8.236 8.362 8.885 9.029 8.103 6.449 5.483 3.381 1.965 1.106 0.000 0.000 0.000 0.000 0.000 0.000 0.296 4.002 5.044 6.639 6.611 8.095 9.800 9.063 8.164 7.380 7.113 6.696 7.116 7.032 6.898 7.702 9.366 13.577 14.350
-999.250 -999.250 -999.250 -999.250 -999.250 -999.250 -999.250 -999.250 -999.250 -999.250 -999.250 -999.250 -999.250 -999.250 -999.250 -999.250 -999.250 -999.250 -999.250 -999.250 -999.250 6.738 6.632 8.857 12.087 9.794 10.067 9.763 9.696 10.137 13.070 13.361 11.686 11.456 9.525 8.511 9.296 11.794 10.648 10.393 8.459 8.036 6.322 4.809 2.335 0.000 0.000 0.000 0.000 0.000 0.000 0.000 0.214 3.753 4.290 7.185 8.806 9.225 10.957 9.879 9.084 7.065 8.668 8.535 6.899 9.006 8.750 12.501 14.705 18.764
-999.250 -999.250 -999.250 -999.250 -999.250 -999.250 -999.250 -999.250 -999.250 -999.250 -999.250 -999.250 -999.250 -999.250 -999.250 -999.250 -999.250 -999.250 -999.250 -999.250 -999.250 6.812 7.665 7.774 8.927 8.758 9.409 9.866 11.052 12.842 12.894 13.174 13.348 13.473 12.032 10.869 9.790 11.528 13.184 11.019 10.134 9.573 8.071 7.036 3.759 2.392 0.000 0.000 0.000 0.000 0.000 0.000 0.000 0.000 4.565 6.890 7.134 10.978 12.169 10.638 10.485 10.383 10.275 9.120 10.002 9.807 10.172 13.937 16.485 27.405
-999.250 -999.250 -999.250 -999.250 -999.250 -999.250 -999.250 -999.250 -999.250 -999.250 -999.250 -999.250 -999.250 -999.250 -999.250 -999.250 -999.250 -999.250 -999.250 -999.250 7.107 5.867 5.465 6.414 5.643 7.325 9.173 8.938 9.772 13.545 14.249 14.938 17.497 18.792 15.104 15.040 12.668 15.098 15.559 15.137 12.838 11.444 8.803 7.690 5.531 4.781 0.524 0.000 0.000 0.000 0.000 0.000 0.000 0.042 3.924 7.075 9.046 10.730 14.713 14.207 15.927 14.276 13.110 11.745 10.979 11.794 12.306 15.313 16.702 18.719
-999.250 -999.250 -999.250 -999.250 -999.250 -999.250 -999.250 -999.250 -999.250 -999.250 -999.250 -999.250 -999.250 -999.250 -999.250 -999.250 -999.250 -999.250 -999.250 -999.250 6.868 4.869 5.650 4.644 5.743 6.848 7.549 8.798 11.191 14.441 17.343 18.657 15.853 16.483 16.150 13.002 14.724 15.089 18.982 20.352 17.279 14.628 12.055 8.217 7.390 3.915 1.873 0.000 0.000 0.000 0.000 0.000 0.000 0.268 4.199 7.021 9.141 14.600 17.109 17.211 14.377 15.276 14.791 12.307 11.158 10.831 10.990 12.725 13.972 15.100
-999.250 -999.250 -999.250 -999.250 -999.250 -999.250 -999.250 -999.250 -999.250 -999.250 -999.250 -999.250 -999.250 -999.250 -999.250 -999.250 -999.250 -999.250 -999.250 -999.250 6.545 3.720 4.679 4.355 4.822 6.586 7.088 9.337 11.707 17.146 22.114 25.560 18.639 17.314 16.519 14.796 15.052 16.245 19.886 22.485 22.452 20.749 13.619 10.764 8.279 6.084 3.721 0.035 0.000 0.000 0.000 0.000 0.000 0.918 4.852 8.131 10.076 14.321 21.256 23.411 19.858 16.873 13.235 11.451 12.317 10.875 11.277 9.572 12.785 12.749
-999.250 -999.250 -999.250 -999.250 -999.250 -999.250 -999.250 -999.250 -999.250 -999.250 -999.250 -999.250 -999.250 -999.250 -999.250 -999.250 -999.250 -999.250 -999.250 -999.250 7.496 4.351 5.179 4.366 2.514 4.705 6.566 8.845 12.882 17.598 31.322 23.125 17.734 18.154 17.508 20.659 18.159 20.392 22.571 24.794 34.057 23.435 16.085 11.880 8.976 7.166 5.377 0.000 0.000 0.000 0.000 0.000 0.000 0.247 5.025 7.990 11.202 14.142 21.367 30.093 20.610 17.074 14.292 11.457 9.664 8.872 8.949 9.661 9.833 9.715
-999.250 -999.250 -999.250 -999.250 -999.250 -999.250 -999.250 -999.250 -999.250 -999.250 -999.250 -999.250 -999.250 -999.250 -999.250 -999.250 -999.250 -999.250 -999.250 8.618 7.877 6.973 4.963 3.492 2.882 3.744 4.680 6.598 11.472 12.806 18.526 18.047 15.206 14.152 17.810 18.819 18.116 21.130 21.607 22.625 27.635 22.667 14.846 12.698 8.566 6.203 5.047 2.342 0.727 0.000 0.000 0.000 0.000 0.476 2.858 6.856 9.575 12.025 16.011 17.325 16.870 13.939 12.024 10.548 9.506 7.621 6.668 6.995 6.604 7.135
-999.250 -999.250 -999.250 -999.250 -999.250 -999.250 -999.250 -999.250 -999.250 -999.250 -999.250 -999.250 -999.250 -999.250 -999.250 -999.250 -999.250 -999.250 -999.250 10.432 9.939 7.866 5.027 2.971 1.374 0.579 1.507 5.876 6.878 9.391 12.257 13.167 12.546 13.447 15.455 15.186 18.094 18.317 17.740 15.748 19.353 18.831 15.961 11.342 8.565 7.303 6.346 4.306 3.443 0.522 0.000 0.000 0.000 0.922 3.518 5.783 7.569 9.444 11.037 12.524 12.218 11.353 8.977 8.358 7.048 4.379 3.115 3.999 5.818 4.942
-999.250 -999.250 -999.250 -999.250 -999.250 -999.250 -999.250 -999.250 -999.250 -999.250 -999.250 -999.250 -999.250 -999.250 -999.250 -999.250 -999.250 -999.250 -999.250 11.058 14.119 7.722 4.893 0.822 0.041 0.022 0.403 1.986 4.018 6.339 8.593 9.453 11.730 12.956 12.901 13.245 18.468 14.090 15.983 16.878 15.308 14.045 11.062 10.537 8.195 7.682 7.569 5.762 6.022 2.849 0.118 0.000 0.000 0.000 3.132 3.536 5.483 6.682 7.266 8.561 8.742 8.909 7.449 5.623 2.766 3.433 2.201 2.719 1.424 1.363
-999.250 -999.250 -999.250 -999.250 -999.250 -999.250 -999.250 -999.250 -999.250 -999.250 -999.250 -999.250 -999.250 -999.250 -999.250 -999.250 -999.250 -999.250 -999.250 9.826 8.127 6.801 3.224 0.911 0.000 0.000 0.000 0.000 1.252 3.325 6.687 6.812 8.098 9.286 10.773 11.792 13.237 14.264 12.166 13.138 14.533 11.757 9.852 7.991 7.988 7.821 6.649 6.506 8.164 3.242 1.410 0.096 0.000 0.000 0.000 2.043 4.200 3.437 3.841 5.843 6.003 4.225 1.908 0.708 0.000 0.000 0.000 0.000 0.000 0.000
-999.250 -999.250 -999.250 -999.250 -999.250 -999.250 -999.250 -999.250 -999.250 -999.250 -999.250 -999.250 -999.250 -999.250 -999.250 -999.250 -999.250 -999.250 -999.250 8.353 7.388 5.232 2.275 1.133 0.000 0.000 0.000 0.000 0.000 1.067 4.419 6.163 7.619 8.489 8.957 11.550 10.785 11.863 11.901 13.139 11.161 10.372 8.525 6.755 6.754 6.732 6.315 5.544 5.033 3.215 1.160 0.000 0.000 0.000 0.000 0.016 0.000 1.462 0.936 0.423 0.363 0.000 0.000 0.000 0.000 0.000 0.000 0.000 0.000 0.000
-999.250 -999.250 -999.250 -999.250 -999.250 -999.250 -999.250 -999.250 -999.250 -999.250 -999.250 -999.250 -999.250 -999.250 -999.250 -999.250 -999.250 -999.250 7.576 9.068 7.018 3.872 2.731 1.867 0.000 0.000 0.000 0.000 0.000 0.551 3.733 5.894 5.358 6.501 7.729 8.870 10.019 11.650 9.204 9.452 9.084 7.611 6.642 6.135 5.323 5.102 4.780 3.166 2.789 1.450 0.000 0.000 0.000 0.000 0.000 0.000 0.000 0.000 0.000 0.000 0.000 0.000 0.000 0.000 0.000 0.000 0.000 0.000 0.000 0.000
-999.250 -999.250 -999.250 -999.250 -999.250 -999.250 -999.250 -999.250 -999.250 -999.250 -999.250 -999.250 -999.250 -999.250 -999.250 -999.250 -999.250 9.073 9.297 8.221 6.830 5.656 3.140 1.851 0.000 0.000 0.000 0.000 0.000 0.872 2.074 3.596 5.867 6.726 8.884 8.891 9.723 9.205 8.983 7.761 7.104 6.148 7.021 7.080 5.346 5.445 4.359 1.704 1.502 0.000 0.000 0.000 0.000 0.000 0.000 0.000 0.000 0.000 0.000 0.000 0.000 0.000 0.000 0.000 0.000 0.000 0.000 0.000 0.000 0.000
-999.250 -999.250 -999.250 -999.250 -999.250 -999.250 -999.250 -999.250 -999.250 -999.250 -999.250 -999.250 -999.250 -999.250 -999.250 -999.250 -999.250 10.262 9.936 10.255 7.774 7.373 3.889 4.745 2.511 2.693 0.554 0.000 0.000 0.678 1.661 3.364 6.280 7.152 7.789 8.871 9.250 8.726 7.806 7.462 7.370 6.920 6.145 5.752 5.946 4.159 3.978 1.281 0.000 0.000 0.000 0.000 0.000 0.000 0.000 0.000 0.000 0.000 0.000 0.000 0.000 0.000 0.000 0.000 0.000 0.000 0.000 0.000 0.000 0.000
-999.250 -999.250 -999.250 -999.250 -999.250 -999.250 -999.250 -999.250 -999.250 -999.250 -999.250 -999.250 -999.250 -999.250 -999.250 11.693 14.089 13.296 12.770 11.235 10.114 9.356 7.448 5.056 4.119 3.416 1.341 1.006 0.757 1.307 1.900 3.294 5.863 6.909 7.604 7.874 7.525 8.547 7.860 7.191 6.728 8.588 6.085 5.639 5.571 4.187 2.554 0.000 0.000 0.000 0.000 0.000 0.000 0.000 0.000 0.000 0.000 0.000 0.000 0.000 0.000 0.000 0.000 0.000 0.000 0.000 0.000 0.000 0.000 0.000
-999.250 -999.250 -999.250 -999.250 -999.250 -999.250 -999.250 -999.250 -999.250 -999.250 -999.250 -999.250 -999.250 -999.250 14.995 15.695 15.848 13.926 14.105 12.619 12.626 10.936 8.369 7.464 7.854 4.846 2.885 2.560 1.687 0.811 1.656 3.262 4.902 6.816 8.912 9.290 10.477 10.696 8.437 7.658 5.901 6.197 6.448 5.986 6.500 6.229 2.441 0.000 0.000 0.000 0.000 0.000 0.000 0.000 0.000 0.000 0.000 0.000 0.000 0.000 0.000 0.000 0.000 0.000 0.000 0.000 0.000 0.000 0.000 0.000
-999.250 -999.250 -999.250 -999.250 -999.250 -999.250 -999.250 -999.250 -999.250 -999.250 -999.250 -999.250 -999.250 -999.250 15.349 14.632 17.743 16.328 16.915 15.213 15.790 10.986 11.007 10.076 8.660 7.231 6.883 4.593 3.816 3.468 4.300 3.870 5.622 7.378 7.960 9.227 11.415 15.614 9.753 6.843 3.930 3.339 4.647 4.645 8.323 9.277 2.138 0.000 0.000 0.000 0.000 0.000 0.000 0.000 0.000 0.000 0.000 0.000 0.000 0.000 0.000 0.000 0.000 0.000 0.000 0.000 0.000 0.000 0.000 0.000
-999.250 -999.250 -999.250 -999.250 -999.250 -999.250 -999.250 -999.250 -999.250 -999.250 -999.250 -999.250 -999.250 13.778 16.202 15.572 18.255 16.013 18.251 20.263 17.978 15.101 12.434 12.452 9.165 7.562 6.699 4.807 3.922 5.565 4.061 6.105 5.844 6.476 8.157 8.231 9.104 9.424 8.055 6.314 4.752 4.255 2.563 2.930 6.724 4.529 1.240 0.000 0.000 0.000 0.000 0.000 0.000 0.000 0.000 0.000 0.000 0.000 0.000 0.000 0.000 0.000 0.000 0.000 0.000 0.000 0.000 0.000 0.000 0.000
-999.250 -999.250 -999.250 -999.250 -999.250 -999.250 -999.250 -999.250 -999.250 -999.250 -999.250 -999.250 10.570 14.883 15.032 15.684 18.746 20.099 20.954 24.236 25.273 21.089 16.047 13.197 11.159 8.676 6.548 5.319 6.277 5.862 4.058 6.334 6.104 6.443 6.936 7.285 7.146 7.107 5.658 4.644 5.247 3.116 0.595 0.791 1.418 0.015 0.000 0.000 0.000 0.000 0.000 0.000 0.000 0.000 0.000 0.000 0.000 0.000 0.000 0.000 0.000 0.000 0.000 0.000 0.000 0.000 0.000 0.000 0.000 0.000
-999.250 -999.250 -999.250 -999.250 -999.250 -999.250 -999.250 -999.250 -999.250 -999.250 -999.250 7.631 8.756 10.845 12.324 13.172 14.972 18.073 25.133 27.330 24.545 22.024 15.844 13.020 12.744 10.666 9.116 7.176 7.399 6.622 6.296 6.749 5.424 7.146 7.250 5.747 6.265 6.218 5.699 2.905 3.494 0.739 0.000 0.000 0.000 0.000 0.000 0.000 0.000 0.000 0.000 0.000 0.000 0.000 0.000 0.000 0.000 0.000 0.000 0.000 0.000 0.000 0.000 0.000 0.000 0.000 0.000 0.000 0.000 0.000
-999.250 -999.250 -999.250 -999.250 -999.250 -999.250 -999.250 -999.250 -999.250 -999.250 8.412 5.801 6.020 8.122 8.875 9.991 14.572 20.817 24.285 31.456 26.922 26.066 17.515 17.653 13.767 11.430 7.445 8.179 7.647 6.570 8.427 6.084 6.717 7.073 6.513 6.305 4.427 6.075 3.885 2.382 1.050 0.274 0.000 0.000 0.000 0.000 0.000 0.000 0.000 0.000 0.000 0.000 0.000 0.000 0.000 0.000 0.000 0.000 0.000 0.000 0.000 0.000 0.000 0.000 0.000 0.000 0.000 0.000 0.000 0.000
-999.250 -999.250 -999.250 -999.250 -999.250 -999.250 -999.250 -999.250 -999.250 6.875 6.174 3.201 2.933 4.875 5.677 8.439 11.292 19.375 25.415 42.379 32.690 23.389 18.897 14.741 12.329 11.579 11.163 8.311 7.437 7.257 6.929 7.157 7.344 6.160 6.777 6.513 5.037 4.372 4.340 1.286 0.000 0.000 0.000 0.000 0.000 0.000 0.000 0.000 0.000 0.000 0.000 0.000 0.000 0.000 0.000 0.000 0.000 0.000 0.000 0.000 0.000 0.000 0.000 0.000 0.000 0.000 0.000 0.000 0.000 0.000
-999.250 -999.250 -999.250 -999.250 -999.250 11.776 11.320 7.898 7.448 5.442 2.459 3.192 0.518 1.349 2.712 5.620 8.822 14.308 19.994 24.783 26.277 20.527 14.669 13.250 12.152 12.153 10.613 9.738 8.738 9.072 7.533 8.257 7.529 6.896 6.184 6.285 6.017 5.145 2.781 1.726 0.996 0.000 0.000 0.000 0.000 0.000 0.000 0.000 0.000 0.000 0.000 0.000 0.000 0.000 0.000 0.000 0.000 0.000 0.000 0.000 0.000 0.000 0.000 0.000 0.000 0.000 0.000 0.000 0.000 0.000
