data/medianmodel_13-Apr-2020.asc
ncols	141
nrows	288
xllcorner	-120191.398
yllcorner	-301404.813
cellsize	2000.000
NODATA_value	-999.250
[rows 60 to 89 of 288, columns 68 to 135 of 141]
219.275 212.570 178.971 145.879 111.612 67.821 31.468 22.563 19.222 15.100 13.897 20.226 22.334 26.611 27.518 24.396 22.465 17.391 17.230 21.648 26.100 40.167 72.756 118.846 175.592 193.879 210.616 302.682 391.567 441.725 529.388 649.551 663.914 792.096 748.496 652.924 574.471 552.161 509.621 439.730 376.339 270.009 210.329 167.198 93.431 51.588 24.782 1.177 -999.250 -999.250 -999.250 -999.250 -999.250 -999.250 -999.250 -999.250 -999.250 -999.250 -999.250 -999.250 -999.250 -999.250 -999.250 -999.250 -999.250 -999.250 -999.250 -999.250
235.999 202.574 191.485 143.446 102.935 56.635 27.910 21.266 16.433 16.911 19.202 22.966 31.762 41.453 34.689 33.062 29.141 22.497 17.156 18.807 24.258 34.468 61.550 87.633 123.825 160.674 199.478 241.695 316.814 353.475 468.831 527.496 575.574 708.447 656.001 673.851 589.973 566.226 505.510 456.536 312.386 237.999 181.298 143.768 93.442 51.513 20.718 -999.250 -999.250 -999.250 -999.250 -999.250 -999.250 -999.250 -999.250 -999.250 -999.250 -999.250 -999.250 -999.250 -999.250 -999.250 -999.250 -999.250 -999.250 -999.250 -999.250 -999.250
234.514 221.022 197.727 153.780 113.691 78.222 25.628 22.944 22.225 22.933 26.927 28.564 41.174 49.322 52.722 43.604 32.931 23.245 17.818 20.417 21.800 29.164 43.744 62.773 93.570 111.857 150.890 169.001 207.553 257.808 303.904 433.427 516.135 538.659 561.972 564.026 543.271 519.644 464.735 419.279 309.152 217.104 -999.250 -999.250 -999.250 -999.250 -999.250 -999.250 -999.250 -999.250 -999.250 -999.250 -999.250 -999.250 -999.250 -999.250 -999.250 -999.250 -999.250 -999.250 -999.250 -999.250 -999.250 -999.250 -999.250 -999.250 -999.250 -999.250
287.739 250.781 213.746 168.879 145.028 96.678 49.737 32.836 30.576 31.312 31.564 37.484 44.610 56.205 71.898 48.894 33.584 25.055 19.216 18.588 17.863 22.571 31.402 38.595 53.725 78.111 86.720 92.672 98.241 137.080 210.402 303.497 419.991 479.395 470.949 539.264 509.055 505.163 424.133 383.597 258.167 207.741 137.568 -999.250 -999.250 -999.250 -999.250 -999.250 -999.250 -999.250 -999.250 -999.250 -999.250 -999.250 -999.250 -999.250 -999.250 -999.250 -999.250 -999.250 -999.250 -999.250 -999.250 -999.250 -999.250 -999.250 -999.250 -999.250
304.457 285.247 237.023 201.491 168.334 118.990 86.847 49.335 36.770 42.280 40.889 42.454 44.501 49.925 55.720 42.805 29.025 24.957 19.716 16.750 17.398 18.791 21.672 25.262 31.388 32.872 37.916 33.525 23.625 0.000 125.238 219.175 322.720 382.996 446.724 444.914 454.654 417.117 345.377 304.211 219.667 167.207 123.242 75.600 -999.250 -999.250 -999.250 -999.250 -999.250 -999.250 -999.250 -999.250 -999.250 -999.250 -999.250 -999.250 -999.250 -999.250 -999.250 -999.250 -999.250 -999.250 -999.250 -999.250 -999.250 -999.250 -999.250 -999.250
330.492 320.846 292.909 240.944 184.656 165.839 121.827 68.375 54.787 47.723 40.781 35.309 36.385 38.592 37.301 36.360 28.379 21.365 17.468 14.340 14.291 11.265 16.257 17.683 21.487 21.624 20.190 17.572 3.330 18.693 88.725 166.931 229.525 331.579 353.441 390.079 352.480 304.008 260.750 239.029 190.859 121.506 81.068 43.472 -999.250 -999.250 -999.250 -999.250 -999.250 -999.250 -999.250 -999.250 -999.250 -999.250 -999.250 -999.250 -999.250 -999.250 -999.250 -999.250 -999.250 -999.250 -999.250 -999.250 -999.250 -999.250 -999.250 -999.250
393.785 390.563 343.584 276.317 225.635 172.673 144.508 93.276 69.275 35.281 31.861 30.370 33.430 31.497 30.742 25.900 22.188 17.882 15.990 12.998 10.142 13.642 12.162 16.836 18.751 14.220 13.642 10.851 11.115 29.941 76.742 133.741 185.969 285.391 243.897 267.124 258.413 261.236 231.400 181.097 138.991 86.410 50.992 29.959 22.264 -999.250 -999.250 -999.250 -999.250 -999.250 -999.250 -999.250 -999.250 -999.250 -999.250 -999.250 -999.250 -999.250 -999.250 -999.250 -999.250 -999.250 -999.250 -999.250 -999.250 -999.250 -999.250 -999.250
418.854 471.617 405.062 309.595 228.935 166.724 134.619 89.896 60.717 40.841 30.949 25.789 27.045 21.667 21.878 19.109 16.491 15.285 13.711 10.399 12.150 13.382 15.417 16.621 16.825 16.266 15.822 15.518 18.469 37.654 67.876 126.778 170.671 207.499 230.807 239.844 240.634 205.923 180.015 133.261 98.163 53.725 34.168 21.303 11.663 0.162 -999.250 -999.250 -999.250 -999.250 -999.250 -999.250 -999.250 -999.250 -999.250 -999.250 -999.250 -999.250 -999.250 -999.250 -999.250 -999.250 -999.250 -999.250 -999.250 -999.250 -999.250 -999.250
478.734 506.402 406.940 327.944 227.732 164.110 139.342 82.218 39.331 29.217 25.591 20.133 18.976 16.271 14.823 10.078 6.791 9.004 11.038 13.703 14.519 18.287 17.602 20.150 17.322 20.752 20.129 18.745 23.567 48.725 62.924 95.186 147.867 170.982 182.394 206.760 211.364 194.554 200.263 139.331 92.351 48.228 26.872 16.304 8.141 0.000 -999.250 -999.250 -999.250 -999.250 -999.250 -999.250 -999.250 -999.250 -999.250 -999.250 -999.250 -999.250 -999.250 -999.250 -999.250 -999.250 -999.250 -999.250 -999.250 -999.250 -999.250 -999.250
413.302 408.953 368.500 272.514 211.019 169.894 107.202 64.130 35.287 22.013 19.351 18.373 14.130 8.632 7.235 2.917 4.752 8.400 11.542 16.290 19.023 21.100 22.509 27.474 26.626 28.267 26.112 24.187 30.713 46.944 77.754 117.417 152.093 162.037 169.048 182.845 178.750 184.662 162.029 110.560 70.133 40.185 23.295 10.959 3.444 0.000 -999.250 -999.250 -999.250 -999.250 -999.250 -999.250 -999.250 -999.250 -999.250 -999.250 -999.250 -999.250 -999.250 -999.250 -999.250 -999.250 -999.250 -999.250 -999.250 -999.250 -999.250 -999.250
356.450 330.410 330.872 262.691 196.060 151.062 96.469 47.316 22.808 11.672 11.970 11.689 5.768 2.372 1.469 0.916 1.116 8.130 14.281 18.532 21.878 23.771 29.637 32.010 30.909 35.415 34.991 35.411 43.761 54.051 74.308 114.512 146.464 149.486 146.411 159.308 144.948 150.849 134.058 86.083 58.152 33.836 24.685 13.458 4.949 0.755 0.000 0.000 -999.250 -999.250 -999.250 -999.250 -999.250 -999.250 -999.250 -999.250 -999.250 -999.250 -999.250 -999.250 -999.250 -999.250 -999.250 -999.250 -999.250 -999.250 -999.250 -999.250
289.177 308.357 260.086 224.286 183.537 144.206 82.605 34.482 0.000 0.000 5.083 2.257 2.338 0.014 0.000 0.000 0.000 4.910 11.647 18.396 23.549 27.924 36.929 43.408 43.986 53.310 44.700 53.523 56.955 65.587 86.526 92.052 123.724 120.439 140.533 134.526 129.183 126.620 102.151 101.346 60.781 32.418 25.703 17.374 4.472 0.854 2.696 3.459 -999.250 -999.250 -999.250 -999.250 -999.250 -999.250 -999.250 -999.250 -999.250 -999.250 -999.250 -999.250 -999.250 -999.250 -999.250 -999.250 -999.250 -999.250 -999.250 -999.250
232.844 252.626 238.475 198.680 164.285 131.022 81.382 31.204 9.851 0.465 1.017 0.474 0.000 0.000 0.000 0.000 0.000 1.798 13.084 20.861 27.001 36.395 48.930 54.251 65.945 68.512 66.920 68.713 85.631 89.720 102.790 118.655 127.939 126.142 141.738 130.714 128.477 115.519 107.349 90.767 55.929 35.858 26.238 16.567 10.076 9.743 2.413 -999.250 -999.250 -999.250 -999.250 -999.250 -999.250 -999.250 -999.250 -999.250 -999.250 -999.250 -999.250 -999.250 -999.250 -999.250 -999.250 -999.250 -999.250 -999.250 -999.250 -999.250
200.856 210.803 208.316 183.529 141.473 100.089 60.539 35.481 19.454 10.430 2.976 2.216 0.000 0.000 0.000 0.000 0.000 1.858 13.454 19.958 28.026 39.960 53.532 76.710 83.277 83.818 83.325 78.757 82.045 92.262 103.827 116.946 122.596 138.252 143.542 138.229 129.929 134.571 107.623 84.191 57.146 37.817 30.222 24.641 18.603 10.566 11.661 -999.250 -999.250 -999.250 -999.250 -999.250 -999.250 -999.250 -999.250 -999.250 -999.250 -999.250 -999.250 -999.250 -999.250 -999.250 -999.250 -999.250 -999.250 -999.250 -999.250 -999.250
212.018 187.598 180.093 150.667 122.493 90.457 63.326 37.833 21.977 15.978 10.502 8.509 0.236 0.000 0.000 0.000 0.000 2.830 10.978 21.813 30.943 41.661 60.944 92.026 100.746 105.791 101.766 98.434 104.730 102.752 110.426 124.412 145.150 156.850 146.084 157.644 153.439 130.378 100.517 80.111 57.349 38.013 36.385 30.000 24.300 18.903 17.893 -999.250 -999.250 -999.250 -999.250 -999.250 -999.250 -999.250 -999.250 -999.250 -999.250 -999.250 -999.250 -999.250 -999.250 -999.250 -999.250 -999.250 -999.250 -999.250 -999.250 -999.250
167.440 164.973 145.528 114.498 98.989 78.948 56.304 36.356 28.295 23.423 15.743 8.497 3.972 0.000 0.000 0.000 0.000 0.000 12.358 23.098 33.143 45.084 69.382 97.997 123.944 112.740 110.781 109.278 118.446 108.329 112.003 118.656 129.485 138.411 139.427 154.370 164.493 147.074 113.417 87.126 81.526 50.074 43.331 34.609 32.551 25.482 25.458 -999.250 -999.250 -999.250 -999.250 -999.250 -999.250 -999.250 -999.250 -999.250 -999.250 -999.250 -999.250 -999.250 -999.250 -999.250 -999.250 -999.250 -999.250 -999.250 -999.250 -999.250
134.546 148.984 129.685 118.667 95.002 80.940 59.621 41.585 30.775 25.845 16.946 12.586 4.322 4.061 0.000 0.000 0.000 0.000 12.574 24.043 32.610 39.546 71.150 92.481 114.813 96.809 107.194 126.844 142.288 120.721 101.898 111.838 133.976 164.808 129.478 145.867 155.176 133.335 113.689 94.797 90.151 61.895 48.923 46.103 36.681 37.225 34.637 -999.250 -999.250 -999.250 -999.250 -999.250 -999.250 -999.250 -999.250 -999.250 -999.250 -999.250 -999.250 -999.250 -999.250 -999.250 -999.250 -999.250 -999.250 -999.250 -999.250 -999.250
109.558 107.929 103.345 100.075 92.721 77.154 68.407 39.858 34.120 25.907 16.908 13.182 6.575 3.348 0.904 0.000 0.646 5.127 11.850 21.191 31.601 46.136 63.260 89.630 97.174 109.501 110.428 120.893 132.868 118.188 116.535 113.795 133.117 132.235 145.793 137.146 143.495 124.653 117.600 96.167 92.817 81.734 62.732 55.980 51.447 47.208 40.316 -999.250 -999.250 -999.250 -999.250 -999.250 -999.250 -999.250 -999.250 -999.250 -999.250 -999.250 -999.250 -999.250 -999.250 -999.250 -999.250 -999.250 -999.250 -999.250 -999.250 -999.250
95.679 97.536 92.686 91.920 78.048 74.440 51.909 44.348 30.320 24.485 15.674 5.105 2.276 2.336 0.000 0.607 1.402 8.199 16.215 20.807 32.671 42.283 61.838 84.503 89.437 90.052 101.467 120.048 122.037 123.796 94.877 121.851 132.375 121.981 148.721 146.946 145.999 128.620 123.618 107.283 96.148 86.190 74.402 66.747 64.998 50.332 51.792 -999.250 -999.250 -999.250 -999.250 -999.250 -999.250 -999.250 -999.250 -999.250 -999.250 -999.250 -999.250 -999.250 -999.250 -999.250 -999.250 -999.250 -999.250 -999.250 -999.250 -999.250
79.941 77.747 84.811 80.976 65.053 62.647 52.624 42.154 31.111 20.704 14.487 2.415 0.083 2.122 0.789 0.000 1.124 8.275 14.455 21.562 31.109 53.456 70.243 87.905 91.985 93.834 90.734 100.546 104.752 104.899 121.205 113.322 104.188 136.585 134.030 112.200 128.371 129.104 110.183 99.491 96.310 83.078 86.755 83.627 79.578 66.997 51.690 -999.250 -999.250 -999.250 -999.250 -999.250 -999.250 -999.250 -999.250 -999.250 -999.250 -999.250 -999.250 -999.250 -999.250 -999.250 -999.250 -999.250 -999.250 -999.250 -999.250 -999.250
61.144 67.822 81.130 85.528 80.152 75.291 58.781 48.719 32.592 21.723 5.516 0.000 0.000 3.466 0.875 0.916 4.006 10.190 20.209 23.513 36.831 50.477 59.930 86.549 85.519 86.022 90.844 86.224 99.803 98.497 104.090 115.446 132.358 122.175 132.391 113.515 113.190 116.590 98.283 106.793 92.340 83.120 91.375 84.299 83.655 70.448 75.726 66.133 -999.250 -999.250 -999.250 -999.250 -999.250 -999.250 -999.250 -999.250 -999.250 -999.250 -999.250 -999.250 -999.250 -999.250 -999.250 -999.250 -999.250 -999.250 -999.250 -999.250
56.153 70.906 84.464 90.224 85.433 85.581 70.731 71.363 61.550 32.327 0.000 6.794 11.191 6.763 5.010 0.000 3.362 10.969 21.535 26.431 40.196 53.007 73.099 82.753 85.219 80.881 82.493 81.269 96.027 98.748 97.344 91.700 92.122 104.419 111.406 107.994 103.219 127.202 98.714 83.845 85.774 83.407 79.581 96.681 85.552 89.392 80.656 73.154 -999.250 -999.250 -999.250 -999.250 -999.250 -999.250 -999.250 -999.250 -999.250 -999.250 -999.250 -999.250 -999.250 -999.250 -999.250 -999.250 -999.250 -999.250 -999.250 -999.250
51.436 62.726 83.021 98.004 98.150 93.785 100.369 100.041 103.150 69.704 44.793 30.653 25.967 19.255 12.659 6.952 1.884 11.268 20.425 35.022 47.788 63.832 81.514 90.972 86.878 83.822 78.840 80.789 81.503 95.197 91.817 89.753 82.948 92.037 109.194 120.515 103.056 112.189 91.428 88.185 81.910 90.119 89.663 88.713 83.925 83.327 79.002 72.956 -999.250 -999.250 -999.250 -999.250 -999.250 -999.250 -999.250 -999.250 -999.250 -999.250 -999.250 -999.250 -999.250 -999.250 -999.250 -999.250 -999.250 -999.250 -999.250 -999.250
53.068 65.340 92.228 95.922 108.831 120.433 146.269 145.541 152.227 113.319 95.170 73.391 53.733 33.347 21.814 10.230 1.327 13.846 27.217 34.986 53.457 77.764 95.557 99.107 88.576 97.107 82.350 83.925 88.883 92.296 89.474 76.745 81.062 85.547 96.139 107.800 96.938 99.389 93.125 77.776 87.113 90.413 85.204 92.882 97.318 87.020 81.524 72.975 -999.250 -999.250 -999.250 -999.250 -999.250 -999.250 -999.250 -999.250 -999.250 -999.250 -999.250 -999.250 -999.250 -999.250 -999.250 -999.250 -999.250 -999.250 -999.250 -999.250
56.418 73.719 93.259 112.608 128.396 141.386 163.845 185.068 213.305 192.750 149.380 126.823 88.767 52.670 35.529 20.678 0.000 17.799 28.282 47.764 65.061 81.887 101.039 94.722 102.381 94.650 93.278 82.681 79.203 77.545 84.034 84.400 77.689 92.210 88.201 93.005 97.088 83.037 83.119 77.013 95.921 94.360 89.001 90.271 92.040 86.720 85.763 -999.250 -999.250 -999.250 -999.250 -999.250 -999.250 -999.250 -999.250 -999.250 -999.250 -999.250 -999.250 -999.250 -999.250 -999.250 -999.250 -999.250 -999.250 -999.250 -999.250 -999.250
59.382 88.248 93.890 110.542 135.454 159.080 197.704 220.717 270.124 219.172 202.724 146.316 121.573 79.716 54.791 40.775 29.090 30.776 43.044 53.466 63.057 84.904 92.324 88.730 86.488 86.413 82.727 82.169 73.055 71.514 59.711 61.821 66.328 70.987 81.639 82.478 76.051 92.468 84.060 92.375 99.996 104.171 99.230 91.732 88.048 79.905 85.068 -999.250 -999.250 -999.250 -999.250 -999.250 -999.250 -999.250 -999.250 -999.250 -999.250 -999.250 -999.250 -999.250 -999.250 -999.250 -999.250 -999.250 -999.250 -999.250 -999.250 -999.250
62.565 83.997 94.054 102.620 135.835 166.469 191.331 223.138 232.399 220.676 195.828 181.467 150.078 105.121 82.237 72.379 60.110 53.449 55.228 66.875 79.866 86.160 90.498 87.034 85.031 85.487 74.467 61.893 65.129 63.192 56.841 50.079 57.374 53.264 62.208 78.761 82.082 77.344 78.294 65.165 87.308 105.918 99.984 87.472 94.096 84.791 -999.250 -999.250 -999.250 -999.250 -999.250 -999.250 -999.250 -999.250 -999.250 -999.250 -999.250 -999.250 -999.250 -999.250 -999.250 -999.250 -999.250 -999.250 -999.250 -999.250 -999.250 -999.250
59.587 83.043 92.930 112.928 141.218 164.178 184.929 209.047 220.655 204.489 189.947 168.757 148.609 114.453 99.078 86.794 88.469 66.384 73.004 85.325 77.711 75.071 88.964 88.940 72.532 75.603 61.864 50.080 48.694 43.648 42.086 39.420 44.050 42.739 45.195 63.105 71.392 70.260 58.658 77.518 79.630 94.508 91.192 92.301 82.310 74.872 -999.250 -999.250 -999.250 -999.250 -999.250 -999.250 -999.250 -999.250 -999.250 -999.250 -999.250 -999.250 -999.250 -999.250 -999.250 -999.250 -999.250 -999.250 -999.250 -999.250 -999.250 -999.250
63.506 76.135 84.521 100.458 117.111 149.425 178.142 193.461 195.609 202.328 202.046 162.931 153.647 128.407 114.812 102.149 86.776 92.303 94.282 88.100 70.179 88.025 88.658 75.393 72.204 64.636 47.681 40.814 33.130 25.661 28.324 29.230 32.789 39.162 42.409 51.216 54.949 55.016 56.406 60.067 78.931 81.118 83.257 80.695 74.910 64.038 56.017 52.661 -999.250 -999.250 -999.250 -999.250 -999.250 -999.250 -999.250 -999.250 -999.250 -999.250 -999.250 -999.250 -999.250 -999.250 -999.250 -999.250 -999.250 -999.250 -999.250 -999.250
56.832 70.910 81.720 100.200 124.821 145.465 149.176 163.507 175.563 187.252 164.752 168.449 157.895 142.462 140.928 129.386 116.067 107.067 101.077 95.512 81.057 75.248 77.822 77.150 69.227 61.843 43.597 33.423 30.065 23.791 21.423 24.573 27.715 35.641 36.945 42.938 47.431 49.600 43.906 49.697 62.741 70.456 80.928 77.912 68.689 53.123 57.143 44.697 -999.250 -999.250 -999.250 -999.250 -999.250 -999.250 -999.250 -999.250 -999.250 -999.250 -999.250 -999.250 -999.250 -999.250 -999.250 -999.250 -999.250 -999.250 -999.250 -999.250
