data/medianmodel_02-Oct-2020.asc
ncols	141
nrows	288
xllcorner	-120191.398
yllcorner	-301404.813
cellsize	2000.000
NODATA_value	-999.250
[rows 240 to 269 of 288, columns 0 to 66 of 141]
-999.250 -999.250 -999.250 -999.250 -999.250 -999.250 -999.250 -999.250 -999.250 -999.250 -999.250 -999.250 -999.250 -999.250 -999.250 -999.250 -999.250 -999.250 -999.250 -999.250 -999.250 -999.250 -999.250 -999.250 -999.250 -999.250 -999.250 -999.250 -999.250 -999.250 27.620 25.212 25.151 25.274 22.945 24.607 28.499 32.868 34.079 45.461 57.891 62.667 71.188 81.216 84.269 97.876 117.122 124.498 126.104 127.407 134.613 129.331 134.498 116.457 119.947 100.057 93.104 75.286 60.356 44.077 33.133 25.436 17.504 14.651 13.706 14.989 17.260
-999.250 -999.250 -999.250 -999.250 -999.250 -999.250 -999.250 -999.250 -999.250 -999.250 -999.250 -999.250 -999.250 -999.250 -999.250 -999.250 -999.250 -999.250 -999.250 -999.250 -999.250 -999.250 -999.250 -999.250 -999.250 -999.250 -999.250 -999.250 -999.250 -999.250 24.008 20.975 22.467 21.030 19.816 22.750 26.099 29.968 37.307 43.633 54.677 60.474 77.556 88.684 108.586 100.995 123.265 129.714 129.082 135.996 147.000 156.448 141.466 140.197 125.875 121.722 102.173 91.619 68.679 49.497 34.042 22.715 12.846 10.066 8.368 9.921 10.113
-999.250 -999.250 -999.250 -999.250 -999.250 -999.250 -999.250 -999.250 -999.250 -999.250 -999.250 -999.250 -999.250 -999.250 -999.250 -999.250 -999.250 -999.250 -999.250 -999.250 -999.250 -999.250 -999.250 -999.250 -999.250 -999.250 -999.250 -999.250 -999.250 -999.250 21.139 19.288 17.920 18.845 19.115 24.536 28.037 32.892 34.046 43.817 56.069 65.936 78.908 99.864 105.985 107.467 124.389 142.303 146.315 168.288 170.563 167.674 165.068 150.876 141.856 131.362 118.185 104.323 76.962 55.312 36.703 19.356 10.743 5.621 1.441 2.631 2.146
-999.250 -999.250 -999.250 -999.250 -999.250 -999.250 -999.250 -999.250 -999.250 -999.250 -999.250 -999.250 -999.250 -999.250 -999.250 -999.250 -999.250 -999.250 -999.250 -999.250 -999.250 -999.250 -999.250 -999.250 -999.250 -999.250 -999.250 -999.250 -999.250 -999.250 21.039 18.219 17.091 18.924 17.281 19.172 19.822 29.848 36.656 42.789 56.358 70.028 84.540 95.785 115.559 133.998 143.815 147.629 179.156 187.996 173.637 171.033 177.699 177.947 173.662 152.906 138.312 114.107 82.179 59.177 35.864 17.862 2.607 0.000 0.000 0.000 0.000
-999.250 -999.250 -999.250 -999.250 -999.250 -999.250 -999.250 -999.250 -999.250 -999.250 -999.250 -999.250 -999.250 -999.250 -999.250 -999.250 -999.250 -999.250 -999.250 -999.250 -999.250 -999.250 -999.250 -999.250 -999.250 -999.250 -999.250 -999.250 -999.250 -999.250 21.389 16.038 17.111 17.889 16.760 18.564 19.440 26.316 33.979 43.043 61.502 75.786 91.386 100.134 113.836 130.609 142.182 178.037 182.495 196.491 200.110 200.227 193.817 194.348 189.432 178.583 156.951 132.984 103.796 69.740 35.262 11.474 0.000 0.000 0.000 0.000 0.000
-999.250 -999.250 -999.250 -999.250 -999.250 -999.250 -999.250 -999.250 -999.250 -999.250 -999.250 -999.250 -999.250 -999.250 -999.250 -999.250 -999.250 -999.250 -999.250 -999.250 -999.250 -999.250 -999.250 -999.250 -999.250 -999.250 -999.250 -999.250 -999.250 -999.250 -999.250 17.457 15.279 12.501 15.799 17.936 17.716 26.198 35.993 46.189 58.794 78.156 95.531 109.152 130.034 138.245 152.515 175.567 189.881 206.576 207.798 218.208 237.570 214.552 216.474 207.724 191.395 161.277 127.206 81.421 41.878 0.000 0.000 0.000 0.000 0.000 0.000
-999.250 -999.250 -999.250 -999.250 -999.250 -999.250 -999.250 -999.250 -999.250 -999.250 -999.250 -999.250 -999.250 -999.250 -999.250 -999.250 -999.250 -999.250 -999.250 -999.250 -999.250 -999.250 -999.250 -999.250 -999.250 -999.250 -999.250 -999.250 -999.250 -999.250 -999.250 18.749 14.721 14.011 16.270 16.423 19.660 26.704 34.082 44.680 59.348 72.192 87.955 103.621 131.874 137.729 155.920 188.199 209.675 222.029 237.515 242.702 244.991 256.755 247.575 236.193 225.742 195.345 137.050 101.115 60.901 26.728 11.382 2.617 0.000 0.000 0.000
-999.250 -999.250 -999.250 -999.250 -999.250 -999.250 -999.250 -999.250 -999.250 -999.250 -999.250 -999.250 -999.250 -999.250 -999.250 -999.250 -999.250 -999.250 -999.250 -999.250 -999.250 -999.250 -999.250 -999.250 -999.250 -999.250 -999.250 -999.250 -999.250 -999.250 24.928 17.051 13.060 11.758 12.000 14.776 17.493 24.717 31.844 46.762 53.668 75.721 97.404 109.016 124.330 142.581 162.799 208.277 220.447 228.034 263.884 262.194 269.119 288.264 291.690 281.036 261.501 216.884 168.453 128.848 77.765 46.507 23.397 11.187 0.941 0.000 0.000
-999.250 -999.250 -999.250 -999.250 -999.250 -999.250 -999.250 -999.250 -999.250 -999.250 -999.250 -999.250 -999.250 -999.250 -999.250 -999.250 -999.250 -999.250 -999.250 -999.250 -999.250 -999.250 -999.250 -999.250 -999.250 -999.250 -999.250 -999.250 -999.250 -999.250 21.267 14.755 11.988 10.284 12.311 12.431 16.815 24.503 33.148 41.930 55.677 67.526 87.969 104.377 125.182 142.678 167.092 192.466 211.417 231.667 266.146 288.029 322.472 303.466 336.011 347.360 290.768 221.747 183.850 141.593 99.089 55.440 33.954 18.319 11.278 2.490 0.000
-999.250 -999.250 -999.250 -999.250 -999.250 -999.250 -999.250 -999.250 -999.250 -999.250 -999.250 -999.250 -999.250 -999.250 -999.250 -999.250 -999.250 -999.250 -999.250 -999.250 -999.250 -999.250 -999.250 -999.250 -999.250 -999.250 -999.250 -999.250 -999.250 -999.250 17.867 14.534 8.668 9.987 7.317 11.314 14.474 20.209 30.674 34.939 56.678 76.271 85.765 108.561 125.021 145.612 161.013 201.814 223.477 266.772 273.973 322.098 329.950 367.989 368.267 369.004 332.137 256.237 201.848 150.888 102.297 72.373 45.454 27.563 14.139 4.398 1.647
-999.250 -999.250 -999.250 -999.250 -999.250 -999.250 -999.250 -999.250 -999.250 -999.250 -999.250 -999.250 -999.250 -999.250 -999.250 -999.250 -999.250 -999.250 -999.250 -999.250 -999.250 -999.250 -999.250 -999.250 -999.250 -999.250 -999.250 -999.250 -999.250 -999.250 17.957 15.685 10.744 7.384 8.722 8.591 11.615 16.844 24.369 36.787 50.232 69.645 88.274 101.549 121.876 143.363 178.726 190.877 216.248 248.787 277.150 310.080 313.105 343.927 372.304 370.156 315.222 267.350 205.955 149.921 117.630 77.189 51.034 31.797 17.493 8.915 4.568
-999.250 -999.250 -999.250 -999.250 -999.250 -999.250 -999.250 -999.250 -999.250 -999.250 -999.250 -999.250 -999.250 -999.250 -999.250 -999.250 -999.250 -999.250 -999.250 -999.250 -999.250 -999.250 -999.250 -999.250 -999.250 -999.250 -999.250 -999.250 -999.250 -999.250 16.337 12.140 10.480 6.897 6.135 4.892 7.826 14.842 20.776 32.366 45.628 66.423 78.892 97.593 122.395 134.895 164.779 188.139 209.739 252.481 269.931 305.465 324.086 338.706 342.731 321.085 308.808 234.746 210.855 155.402 120.245 80.813 51.997 32.101 21.682 11.935 8.558
-999.250 -999.250 -999.250 -999.250 -999.250 -999.250 -999.250 -999.250 -999.250 -999.250 -999.250 -999.250 -999.250 -999.250 -999.250 -999.250 -999.250 -999.250 -999.250 -999.250 -999.250 -999.250 -999.250 -999.250 -999.250 -999.250 -999.250 -999.250 -999.250 22.135 16.887 15.031 10.882 8.206 7.864 6.058 8.408 12.884 20.056 32.237 42.607 63.738 76.595 92.456 115.392 138.599 155.342 170.258 185.132 211.132 256.228 293.605 326.352 312.936 297.537 309.504 272.106 217.888 191.889 156.049 122.888 83.478 53.356 34.331 22.409 14.104 12.017
-999.250 -999.250 -999.250 -999.250 -999.250 -999.250 -999.250 -999.250 -999.250 -999.250 -999.250 -999.250 -999.250 -999.250 -999.250 -999.250 -999.250 -999.250 -999.250 -999.250 -999.250 -999.250 -999.250 -999.250 -999.250 -999.250 -999.250 -999.250 -999.250 -999.250 16.543 13.604 9.736 6.409 4.920 6.199 8.752 12.819 19.422 28.291 44.053 63.148 73.789 97.420 109.057 131.995 150.895 161.907 188.921 206.666 221.049 288.865 285.985 276.354 281.019 238.513 226.742 200.449 174.475 138.888 113.407 75.110 51.815 33.346 20.674 14.784 12.874
-999.250 -999.250 -999.250 -999.250 -999.250 -999.250 -999.250 -999.250 -999.250 -999.250 -999.250 -999.250 -999.250 -999.250 -999.250 -999.250 -999.250 -999.250 -999.250 -999.250 -999.250 -999.250 -999.250 -999.250 -999.250 -999.250 -999.250 -999.250 -999.250 -999.250 16.147 11.681 7.469 4.527 3.245 4.699 9.881 11.288 16.377 29.021 36.048 51.622 71.231 89.927 104.730 122.450 143.851 167.161 167.676 196.234 219.130 243.995 221.480 247.218 257.693 229.017 193.196 175.027 161.732 130.641 90.371 66.312 45.013 30.150 18.003 14.708 15.417
-999.250 -999.250 -999.250 -999.250 -999.250 -999.250 -999.250 -999.250 -999.250 -999.250 -999.250 -999.250 -999.250 -999.250 -999.250 -999.250 -999.250 -999.250 -999.250 -999.250 -999.250 -999.250 -999.250 -999.250 -999.250 -999.250 -999.250 -999.250 -999.250 -999.250 -999.250 11.194 9.096 3.410 1.514 4.651 5.913 10.071 14.493 24.876 35.704 49.550 68.235 80.972 95.476 115.870 127.685 138.761 164.561 179.931 218.147 207.319 210.947 224.419 213.638 197.048 179.735 165.607 143.293 120.079 77.744 55.445 36.238 22.413 13.391 10.760 14.388
-999.250 -999.250 -999.250 -999.250 -999.250 -999.250 -999.250 -999.250 -999.250 -999.250 -999.250 -999.250 -999.250 -999.250 -999.250 -999.250 -999.250 -999.250 -999.250 -999.250 -999.250 -999.250 -999.250 -999.250 -999.250 -999.250 -999.250 -999.250 -999.250 -999.250 -999.250 11.604 9.469 8.313 4.430 1.910 2.242 6.451 15.383 19.812 33.953 51.431 59.797 75.616 80.846 106.332 114.671 136.333 157.576 166.307 187.608 177.422 198.429 188.973 184.734 174.445 155.220 140.588 128.379 93.716 76.290 44.965 29.383 16.056 9.059 6.113 14.255
-999.250 -999.250 -999.250 -999.250 -999.250 -999.250 -999.250 -999.250 -999.250 -999.250 -999.250 -999.250 -999.250 -999.250 -999.250 -999.250 -999.250 -999.250 -999.250 -999.250 -999.250 -999.250 -999.250 -999.250 -999.250 -999.250 -999.250 -999.250 -999.250 -999.250 13.216 10.496 7.957 5.947 3.328 3.856 3.691 7.864 13.171 19.866 27.022 38.054 52.629 63.543 84.035 93.810 108.230 122.902 135.189 141.002 157.908 166.369 160.714 154.398 159.007 143.341 142.740 131.070 118.883 89.957 64.504 46.985 26.597 13.383 0.000 6.389 17.990
-999.250 -999.250 -999.250 -999.250 -999.250 -999.250 -999.250 -999.250 -999.250 -999.250 -999.250 -999.250 -999.250 -999.250 -999.250 -999.250 -999.250 -999.250 -999.250 -999.250 -999.250 -999.250 -999.250 -999.250 -999.250 -999.250 -999.250 -999.250 -999.250 -999.250 11.945 4.171 1.603 1.239 0.066 1.278 1.254 3.842 10.522 15.396 25.552 31.791 44.007 52.217 71.056 79.475 96.763 109.342 117.174 124.308 140.168 142.770 139.773 139.480 143.404 136.534 128.070 125.668 100.501 75.851 59.107 36.910 22.507 13.664 12.263 14.913 26.162
-999.250 -999.250 -999.250 -999.250 -999.250 -999.250 -999.250 -999.250 -999.250 -999.250 -999.250 -999.250 -999.250 -999.250 -999.250 -999.250 -999.250 -999.250 -999.250 -999.250 -999.250 -999.250 -999.250 -999.250 -999.250 -999.250 -999.250 -999.250 -999.250 -999.250 10.749 5.577 0.525 0.000 0.000 0.000 1.022 3.405 8.587 12.885 17.507 26.126 39.058 47.767 61.901 66.049 84.940 105.157 119.043 126.785 117.931 135.377 127.552 140.895 133.706 133.964 122.730 103.262 83.575 70.236 53.498 36.262 25.185 17.211 16.765 23.417 33.456
-999.250 -999.250 -999.250 -999.250 -999.250 -999.250 -999.250 -999.250 -999.250 -999.250 -999.250 -999.250 -999.250 -999.250 -999.250 -999.250 -999.250 -999.250 -999.250 -999.250 -999.250 -999.250 -999.250 -999.250 -999.250 -999.250 -999.250 -999.250 -999.250 -999.250 8.941 4.540 0.000 0.000 0.000 0.000 0.000 0.428 3.253 11.454 16.976 21.670 29.640 35.589 47.573 57.868 80.662 83.622 96.941 110.946 110.785 126.165 124.495 133.483 120.817 114.224 100.605 85.529 79.991 62.629 45.994 37.458 26.765 22.257 22.579 28.380 39.472
-999.250 -999.250 -999.250 -999.250 -999.250 -999.250 -999.250 -999.250 -999.250 -999.250 -999.250 -999.250 -999.250 -999.250 -999.250 -999.250 -999.250 -999.250 -999.250 -999.250 -999.250 -999.250 -999.250 -999.250 -999.250 -999.250 -999.250 -999.250 -999.250 -999.250 8.678 2.798 0.000 0.000 0.000 0.000 0.000 0.000 1.132 7.290 12.454 19.112 23.047 30.541 37.013 51.065 67.013 78.477 83.527 88.206 96.409 109.977 116.311 111.803 102.894 91.022 88.085 77.674 65.144 47.450 38.251 30.905 23.546 22.603 24.793 29.386 45.334
-999.250 -999.250 -999.250 -999.250 -999.250 -999.250 -999.250 -999.250 -999.250 -999.250 -999.250 -999.250 -999.250 -999.250 -999.250 -999.250 -999.250 -999.250 -999.250 -999.250 -999.250 -999.250 -999.250 -999.250 -999.250 -999.250 -999.250 -999.250 -999.250 -999.250 3.782 2.698 0.000 0.000 0.000 0.000 0.041 0.000 0.000 2.400 7.415 13.789 17.553 26.254 30.839 46.535 59.140 68.387 74.152 81.388 91.499 88.800 84.384 91.974 91.218 83.448 76.051 67.769 56.538 46.719 36.426 30.956 24.259 22.937 23.499 33.542 40.240
-999.250 -999.250 -999.250 -999.250 -999.250 -999.250 -999.250 -999.250 -999.250 -999.250 -999.250 -999.250 -999.250 -999.250 -999.250 -999.250 -999.250 -999.250 -999.250 -999.250 -999.250 -999.250 -999.250 -999.250 -999.250 -999.250 -999.250 -999.250 -999.250 6.850 2.298 0.000 0.000 0.000 0.000 0.000 0.000 0.000 0.000 1.445 4.865 10.290 16.573 23.758 27.777 36.042 46.116 49.036 60.680 76.496 86.151 78.937 82.369 81.816 79.872 77.500 67.450 57.326 47.707 39.832 33.576 25.824 22.814 23.114 28.727 35.158 43.890
-999.250 -999.250 -999.250 -999.250 -999.250 -999.250 -999.250 -999.250 -999.250 -999.250 -999.250 -999.250 -999.250 -999.250 -999.250 -999.250 -999.250 -999.250 -999.250 -999.250 -999.250 -999.250 -999.250 -999.250 -999.250 -999.250 -999.250 -999.250 -999.250 3.155 0.000 0.000 0.000 0.000 0.000 0.000 0.000 0.000 0.000 0.000 2.249 7.245 11.479 18.044 24.375 30.793 32.855 45.424 55.367 68.161 65.970 75.535 71.274 73.175 69.241 65.347 60.213 45.366 39.865 35.055 31.559 28.295 26.765 27.820 29.195 36.059 45.812
-999.250 -999.250 -999.250 -999.250 -999.250 -999.250 -999.250 -999.250 -999.250 -999.250 -999.250 -999.250 -999.250 -999.250 -999.250 -999.250 -999.250 -999.250 -999.250 -999.250 -999.250 -999.250 -999.250 -999.250 -999.250 -999.250 -999.250 -999.250 8.481 3.336 0.000 0.000 0.000 0.000 0.000 0.000 0.000 0.000 0.000 0.000 0.000 1.842 8.511 13.076 23.175 24.983 35.423 39.963 43.548 49.294 62.105 65.182 63.476 57.143 62.157 59.389 51.440 42.199 37.987 33.769 29.474 27.930 22.998 23.859 31.048 36.587 44.029
-999.250 -999.250 -999.250 -999.250 -999.250 -999.250 -999.250 -999.250 -999.250 -999.250 -999.250 -999.250 -999.250 -999.250 -999.250 -999.250 -999.250 -999.250 -999.250 -999.250 -999.250 -999.250 -999.250 -999.250 -999.250 -999.250 -999.250 -999.250 7.815 0.676 0.000 0.000 0.000 0.000 0.000 0.000 0.000 0.000 0.000 0.000 0.000 3.200 7.023 13.863 18.659 23.804 30.564 36.443 35.973 45.993 51.641 53.215 51.588 50.424 47.391 48.622 43.109 40.154 34.807 28.244 28.949 27.801 23.839 25.987 26.765 32.784 43.492
-999.250 -999.250 -999.250 -999.250 -999.250 -999.250 -999.250 -999.250 -999.250 -999.250 -999.250 -999.250 -999.250 -999.250 -999.250 -999.250 -999.250 -999.250 -999.250 -999.250 -999.250 -999.250 -999.250 -999.250 -999.250 -999.250 -999.250 12.674 5.674 1.620 0.000 0.000 0.000 0.000 0.000 0.000 0.000 0.293 0.224 0.000 0.000 4.487 9.130 12.845 15.748 18.525 22.692 28.407 35.548 38.782 42.559 42.868 42.455 50.556 43.578 48.461 44.111 40.471 31.781 29.353 26.638 23.879 24.366 22.044 23.631 28.261 35.745
-999.250 -999.250 -999.250 -999.250 -999.250 -999.250 -999.250 -999.250 -999.250 -999.250 -999.250 -999.250 -999.250 -999.250 -999.250 -999.250 -999.250 -999.250 -999.250 -999.250 -999.250 -999.250 -999.250 -999.250 -999.250 -999.250 -999.250 16.186 9.934 3.960 0.000 0.000 2.738 1.655 2.738 3.863 3.955 5.267 4.436 6.677 7.015 11.439 12.401 13.656 18.099 21.571 21.830 28.493 29.625 34.759 41.754 41.124 40.973 43.432 43.502 47.010 44.220 37.973 33.421 31.743 27.933 25.996 21.008 20.983 22.204 27.611 37.250
-999.250 -999.250 -999.250 -999.250 -999.250 -999.250 -999.250 -999.250 -999.250 -999.250 -999.250 -999.250 -999.250 -999.250 -999.250 -999.250 -999.250 -999.250 -999.250 -999.250 -999.250 -999.250 -999.250 -999.250 -999.250 -999.250 -999.250 18.044 13.613 9.416 6.174 4.082 8.394 8.729 8.684 10.409 11.663 10.989 11.094 11.949 14.954 15.243 18.791 19.876 21.364 23.700 24.105 24.972 27.464 31.268 32.761 35.165 39.443 43.369 43.785 46.794 46.754 39.640 35.994 32.106 30.712 31.175 25.224 20.350 19.479 24.744 29.863
