data/medianmodel_18-Oct-2020.asc
ncols	141
nrows	288
xllcorner	-120191.398
yllcorner	-301404.813
cellsize	2000.000
NODATA_value	-999.250
[rows 30 to 59 of 288, columns 67 to 133 of 141]
142.297 131.478 144.722 134.785 148.954 141.563 153.405 137.429 152.891 150.012 142.455 165.055 181.170 164.413 173.885 172.882 160.853 132.836 144.654 130.706 122.098 115.343 115.397 120.953 105.725 117.930 121.174 122.268 120.795 104.980 123.834 113.689 114.449 112.568 111.106 131.374 139.650 137.647 158.268 155.614 173.234 153.141 162.227 177.800 182.100 184.561 170.419 207.176 209.819 208.193 224.282 203.774 214.864 201.335 189.596 164.703 129.767 119.180 105.238 87.326 74.571 75.061 66.283 67.938 63.779 59.471 58.062
124.779 132.448 133.725 130.148 153.597 165.971 171.898 167.166 172.264 196.605 188.951 178.362 221.912 199.471 203.858 200.390 192.392 165.677 158.867 161.743 130.360 130.559 131.809 130.373 119.935 109.025 111.863 114.418 122.713 102.089 102.734 107.036 102.189 106.183 119.687 125.327 130.120 154.827 156.082 160.586 161.351 170.633 155.529 189.170 176.974 187.870 154.517 164.740 191.557 207.944 214.615 237.523 263.037 188.340 171.208 150.787 129.597 96.521 87.933 72.843 69.834 62.088 59.024 51.439 48.823 49.085 56.172
127.660 129.657 126.402 126.109 166.503 174.364 190.260 191.029 192.062 203.936 228.796 236.691 243.919 228.701 230.431 221.253 247.244 208.584 190.575 172.458 141.275 127.444 113.834 109.340 123.946 100.780 103.977 92.580 99.631 97.272 93.745 99.994 86.676 99.139 99.581 121.838 124.194 136.832 123.511 148.454 160.706 158.948 176.069 190.385 185.105 171.489 172.180 160.894 172.801 192.681 217.451 210.485 210.154 182.020 153.618 145.533 114.551 96.063 70.871 65.130 64.856 60.293 41.967 42.432 34.823 39.563 41.088
121.226 129.923 164.380 159.324 181.803 199.197 214.581 219.025 225.020 252.466 283.294 250.165 292.919 282.510 278.494 276.477 250.602 223.628 187.399 174.011 133.992 120.975 100.198 110.251 93.866 88.636 93.252 85.046 81.319 85.014 89.147 92.605 102.910 95.877 91.950 110.439 121.082 140.796 133.949 140.418 164.666 186.002 187.646 206.986 185.397 167.790 191.782 172.497 174.508 183.384 179.229 205.524 188.292 178.425 141.008 143.220 93.930 78.514 69.536 74.694 60.031 46.696 40.482 32.336 25.825 25.617 31.493
127.474 133.278 166.113 165.817 165.710 207.547 249.335 240.048 258.929 272.424 278.247 292.949 300.631 295.335 315.361 314.162 251.293 231.694 210.003 157.001 110.111 115.309 92.740 90.649 93.991 102.177 94.101 83.964 84.549 97.348 81.855 89.133 86.856 87.824 103.825 115.253 121.164 120.376 133.466 133.478 162.372 185.861 202.006 243.162 184.196 173.077 174.178 183.050 195.819 193.620 183.455 202.164 164.361 169.068 139.396 115.334 104.362 89.679 88.181 80.893 62.658 56.632 52.562 39.028 28.246 20.476 19.611
111.584 118.535 137.968 157.734 194.371 218.204 241.991 268.353 255.392 255.644 269.407 292.811 288.959 344.348 334.420 303.283 276.192 219.384 182.876 148.933 110.411 94.393 79.813 85.044 86.304 75.136 75.750 82.747 85.046 87.226 91.228 83.179 87.262 86.227 90.297 116.618 123.294 128.670 141.334 143.597 165.802 184.646 178.683 205.706 207.437 202.968 224.572 204.673 170.187 229.930 193.207 191.510 196.270 174.210 158.853 135.712 115.159 105.770 80.737 79.905 86.713 72.724 50.007 41.854 36.839 23.414 20.723
100.444 104.295 127.815 162.043 179.499 227.246 236.755 269.313 263.418 265.623 315.360 308.778 315.619 303.941 316.732 272.406 237.832 188.286 149.257 119.024 98.872 81.814 62.690 58.242 64.802 61.364 60.792 82.118 88.366 102.290 86.461 102.155 101.131 102.283 104.203 119.567 137.602 151.323 165.772 157.008 155.978 173.069 183.061 208.694 201.798 209.398 209.160 196.205 170.642 198.879 197.487 208.556 211.512 193.920 155.711 134.185 121.416 103.453 109.443 109.401 99.662 88.498 70.617 48.460 43.022 31.706 33.873
76.694 92.567 113.809 135.214 177.357 214.776 224.591 239.061 264.238 271.579 307.665 300.090 283.308 279.590 252.634 237.206 202.612 163.845 131.792 114.551 80.874 53.918 47.514 43.285 58.439 54.292 61.879 60.173 84.170 103.713 105.727 126.691 122.365 108.276 121.165 160.707 158.183 168.780 159.310 169.638 168.363 194.231 211.830 196.343 182.203 194.120 184.412 200.876 193.605 190.119 209.897 193.593 202.079 201.398 165.210 156.150 148.350 128.967 119.141 116.706 101.089 102.341 83.995 67.566 58.477 49.688 46.045
62.153 74.174 87.014 119.007 149.443 173.689 212.125 238.782 285.044 297.791 258.935 261.213 252.452 236.485 211.817 196.730 162.153 125.061 99.650 75.602 60.303 42.605 33.533 25.599 39.269 47.496 50.330 57.779 74.177 93.952 102.074 126.355 145.747 111.887 140.409 162.008 181.776 175.347 203.073 203.499 210.603 219.571 205.204 235.158 201.951 174.966 187.108 187.921 226.491 215.685 213.423 185.697 210.455 203.994 179.245 198.466 181.434 152.983 155.111 121.298 121.304 114.578 78.690 75.454 66.369 61.994 61.457
50.458 54.044 73.795 86.257 132.892 145.959 192.023 253.522 257.090 267.352 270.203 273.971 254.928 222.082 197.791 171.050 149.466 100.181 74.778 60.151 38.491 12.269 18.737 18.643 24.533 42.936 46.253 63.900 86.151 108.856 134.544 150.046 158.569 129.376 150.832 179.280 203.031 218.686 241.653 268.439 242.282 258.731 204.354 223.597 233.329 228.211 218.860 213.039 208.332 188.655 231.134 242.379 212.877 216.390 222.297 231.163 216.585 188.553 179.146 158.963 145.739 144.369 120.126 110.716 94.355 84.972 73.581
37.176 45.576 61.034 77.323 115.106 141.161 179.240 213.596 265.659 258.871 284.198 255.754 246.958 211.863 175.594 129.627 112.669 87.280 70.703 49.904 19.376 0.000 8.259 15.075 23.769 38.541 47.093 65.935 80.314 130.144 138.338 165.748 172.071 174.500 191.926 199.611 221.950 252.277 269.194 261.891 266.682 270.060 254.834 235.751 240.232 249.944 246.410 199.935 209.807 237.543 261.751 250.420 265.539 254.965 251.222 237.080 206.332 220.550 213.685 185.689 170.195 162.116 138.209 133.832 112.823 103.502 92.125
28.794 38.227 54.159 84.418 100.652 119.975 173.361 200.194 234.422 239.559 250.343 243.304 239.789 214.337 181.570 135.078 107.843 82.617 63.586 39.862 18.917 9.855 10.936 14.505 19.844 36.616 54.199 70.273 88.925 124.681 145.633 183.611 177.292 223.491 242.771 221.352 241.861 288.416 286.452 264.882 279.113 294.733 281.302 270.795 266.495 258.752 269.754 238.004 236.088 252.504 258.553 258.802 281.850 244.542 260.694 289.630 255.091 228.951 200.168 164.788 150.161 159.514 133.797 155.039 131.923 110.719 97.882
54.941 49.235 56.332 92.215 119.597 127.515 163.576 200.569 199.895 205.114 190.829 232.024 201.268 199.893 161.776 121.255 92.173 76.343 64.494 45.618 25.372 17.944 14.072 17.024 24.476 46.535 57.299 67.490 94.765 126.197 164.501 196.079 237.716 253.265 265.609 270.518 286.518 289.552 277.982 297.677 304.384 328.169 312.879 329.421 314.990 291.301 265.628 230.742 286.260 286.188 248.150 283.594 296.249 272.155 307.287 274.352 269.893 271.247 242.981 203.018 170.009 162.473 141.037 129.571 120.396 -999.250 -999.250
83.194 64.857 67.785 93.759 125.235 159.196 175.266 168.903 188.947 215.959 205.791 237.312 182.154 165.149 131.877 115.735 100.663 82.594 62.334 45.057 39.625 29.101 16.942 20.825 35.858 44.704 54.002 77.487 100.247 122.448 168.098 189.819 248.131 253.240 314.068 322.363 312.554 337.184 323.573 339.127 318.973 312.798 373.626 350.783 316.432 273.354 273.810 255.503 250.699 300.110 303.599 329.796 329.841 356.494 336.075 275.304 284.437 265.750 210.759 208.075 181.548 160.639 153.309 158.547 130.010 117.654 -999.250
93.431 76.111 86.448 92.269 122.825 148.346 162.876 190.945 227.040 219.566 228.822 208.642 190.079 174.639 115.472 114.773 90.657 88.752 66.366 44.134 43.359 41.175 31.057 32.536 32.667 39.071 49.991 79.191 95.755 131.777 178.662 184.855 237.613 274.076 307.416 298.213 318.389 305.318 304.342 305.092 306.408 301.332 322.659 328.457 317.710 305.942 297.520 272.220 286.994 293.760 318.942 317.635 387.020 376.741 332.012 286.531 292.687 283.510 225.339 228.982 195.893 189.640 156.488 136.273 -999.250 -999.250 -999.250
120.271 88.678 85.319 105.217 116.071 144.187 159.064 194.553 209.492 240.898 219.053 200.424 185.259 152.749 122.598 106.205 79.778 74.796 65.814 60.392 57.608 49.983 40.012 34.324 31.586 41.436 46.929 72.478 90.584 120.468 154.166 194.228 243.160 298.157 296.375 332.937 332.624 300.194 324.740 315.206 282.640 300.906 313.656 301.949 286.626 277.154 293.810 278.531 296.506 285.052 306.696 332.682 366.956 393.232 345.749 325.309 294.270 244.712 238.870 227.201 195.539 167.350 154.961 143.883 -999.250 -999.250 -999.250
138.790 109.561 102.475 87.540 124.493 129.813 159.671 176.173 205.529 244.186 203.133 176.987 165.010 151.676 106.496 89.640 66.372 71.673 68.654 61.340 65.423 57.953 51.163 45.261 37.204 37.769 38.142 56.495 73.696 111.884 147.470 189.789 228.063 285.091 324.332 343.707 320.809 284.546 310.015 290.664 304.067 296.329 344.534 285.520 266.545 260.822 277.593 263.468 276.345 261.586 267.619 303.598 360.266 351.166 329.005 325.270 300.430 278.324 235.351 216.422 205.647 152.993 143.143 -999.250 -999.250 -999.250 -999.250
145.244 102.998 98.417 111.404 104.532 112.518 130.955 146.407 169.279 187.092 172.813 156.004 134.267 115.882 84.444 73.417 66.026 63.497 64.915 62.970 64.388 75.294 60.414 46.184 39.612 31.926 35.547 40.369 57.927 93.489 116.751 172.404 209.132 260.909 330.907 326.643 283.972 273.930 268.099 278.086 279.533 267.349 313.881 286.231 254.013 280.721 260.448 261.337 255.212 257.521 268.159 282.931 288.559 277.123 269.137 301.026 275.425 252.592 231.292 190.902 169.974 -999.250 -999.250 -999.250 -999.250 -999.250 -999.250
153.572 111.265 101.076 90.501 91.649 91.971 101.953 118.708 123.413 146.113 147.140 139.081 126.650 108.060 75.302 58.733 54.072 53.409 56.941 62.022 67.062 71.274 57.059 44.740 31.607 36.796 29.296 17.017 37.532 61.534 108.134 136.814 161.807 230.607 272.363 263.568 249.992 257.342 232.858 240.772 266.945 256.243 274.899 251.806 221.886 199.279 240.285 230.984 218.172 232.471 246.814 232.423 241.978 217.811 244.268 232.522 246.664 220.684 219.675 195.132 131.852 -999.250 -999.250 -999.250 -999.250 -999.250 -999.250
143.727 105.338 92.972 73.891 72.066 71.985 70.343 82.852 95.233 108.894 112.998 117.250 109.602 95.630 75.137 55.947 33.795 47.632 56.813 56.001 59.274 57.499 48.090 35.886 23.424 20.653 10.320 2.250 0.000 43.309 75.168 110.414 127.968 173.792 208.766 226.684 205.666 191.411 177.263 182.872 169.697 193.849 201.322 208.678 178.182 173.098 173.538 190.811 188.839 192.978 188.655 191.909 174.488 191.415 226.863 184.104 -999.250 204.001 172.601 -999.250 -999.250 -999.250 -999.250 -999.250 -999.250 -999.250 -999.250
136.931 101.982 75.415 63.747 48.731 49.777 44.505 57.457 66.000 72.465 94.158 104.585 96.621 83.052 71.197 50.898 49.680 55.431 60.200 58.366 56.492 47.902 48.377 34.646 19.985 11.519 8.075 0.000 2.910 30.126 61.956 86.718 98.438 127.564 139.775 159.506 160.599 149.513 130.186 135.088 143.323 151.303 156.705 129.312 139.734 132.511 133.759 144.662 169.891 171.006 168.944 166.466 162.981 162.600 -999.250 -999.250 -999.250 -999.250 -999.250 -999.250 -999.250 -999.250 -999.250 -999.250 -999.250 -999.250 -999.250
101.635 74.356 63.529 47.404 40.247 35.651 29.023 33.807 51.894 63.392 79.514 79.813 96.724 78.291 70.075 63.593 65.805 66.720 67.689 62.184 52.473 49.366 46.771 32.379 18.209 10.861 0.837 1.431 8.059 18.243 40.166 58.564 74.181 97.517 100.134 99.403 94.136 100.776 81.825 79.492 110.301 98.918 98.318 94.117 105.475 95.568 123.035 117.129 135.581 126.364 137.567 150.832 131.377 -999.250 -999.250 -999.250 -999.250 -999.250 -999.250 -999.250 -999.250 -999.250 -999.250 -999.250 -999.250 -999.250 -999.250
93.706 69.314 48.672 45.058 39.190 27.219 28.321 15.154 46.835 64.842 78.227 79.633 79.182 85.128 74.190 79.342 77.041 72.063 65.805 63.332 52.218 49.246 46.787 31.111 16.288 6.871 4.362 1.709 5.799 12.070 28.265 42.933 56.089 58.286 66.552 58.125 55.071 53.385 48.988 53.525 62.498 70.284 68.608 66.109 60.769 73.605 79.933 86.173 81.532 86.033 94.708 99.630 102.591 -999.250 -999.250 -999.250 -999.250 -999.250 -999.250 -999.250 -999.250 -999.250 -999.250 -999.250 -999.250 -999.250 -999.250
89.155 66.301 53.614 45.311 35.723 34.960 48.692 82.419 65.318 66.845 76.001 86.893 83.331 92.570 104.632 96.175 105.814 91.166 73.780 68.001 63.637 48.446 38.762 25.516 15.425 8.874 0.863 0.104 4.080 15.159 17.448 31.124 40.549 47.798 46.127 37.459 19.758 0.000 23.485 38.791 40.751 42.481 42.900 50.500 43.563 52.836 53.842 61.992 66.394 68.723 79.848 82.545 -999.250 -999.250 -999.250 -999.250 -999.250 -999.250 -999.250 -999.250 -999.250 -999.250 -999.250 -999.250 -999.250 -999.250 -999.250
87.191 74.818 60.586 50.454 43.959 49.210 58.157 73.551 69.886 73.088 80.256 75.736 92.466 100.018 112.308 110.604 115.622 111.021 98.509 77.892 61.788 50.051 39.413 27.959 15.064 9.172 0.000 0.042 2.883 10.063 13.022 16.961 25.147 22.875 31.237 16.128 6.818 0.000 5.718 13.007 21.495 21.281 25.047 27.994 28.365 33.412 36.342 43.051 44.406 49.804 60.768 -999.250 -999.250 -999.250 -999.250 -999.250 -999.250 -999.250 -999.250 -999.250 -999.250 -999.250 -999.250 -999.250 -999.250 -999.250 -999.250
112.540 110.744 97.844 70.960 65.224 57.233 58.103 65.745 62.956 67.088 85.174 96.864 91.643 102.942 121.529 135.182 136.520 132.361 111.420 95.714 77.684 58.200 42.105 24.516 13.942 13.377 8.936 5.198 1.551 4.053 11.657 14.629 17.195 19.041 15.163 12.208 10.437 6.090 5.320 10.441 12.192 17.995 15.049 23.570 15.987 20.568 26.467 23.929 30.401 40.068 56.287 -999.250 -999.250 -999.250 -999.250 -999.250 -999.250 -999.250 -999.250 -999.250 -999.250 -999.250 -999.250 -999.250 -999.250 -999.250 -999.250
179.916 174.861 146.040 100.402 75.829 60.866 56.595 55.782 65.516 73.913 85.064 90.000 101.681 117.390 125.858 146.100 165.755 134.229 110.493 95.483 70.337 55.971 46.477 31.273 22.590 16.120 10.318 5.717 8.981 11.191 11.666 14.615 15.731 12.341 13.868 12.852 11.194 11.795 9.960 10.850 13.113 14.406 13.788 10.193 15.783 13.118 10.338 11.901 16.109 32.415 -999.250 -999.250 -999.250 -999.250 -999.250 -999.250 -999.250 -999.250 -999.250 -999.250 -999.250 -999.250 -999.250 -999.250 -999.250 -999.250 -999.250
277.949 286.081 195.782 122.827 83.420 68.521 56.236 52.553 57.868 68.127 72.831 89.417 104.004 121.785 132.459 153.976 153.480 130.414 103.858 88.039 68.843 53.997 45.328 31.628 19.129 21.277 12.961 11.748 14.326 13.598 14.557 15.396 17.072 15.131 15.377 14.960 15.861 16.302 20.220 14.583 16.309 14.501 13.797 10.700 12.413 13.528 6.624 0.697 0.000 18.384 -999.250 -999.250 -999.250 -999.250 -999.250 -999.250 -999.250 -999.250 -999.250 -999.250 -999.250 -999.250 -999.250 -999.250 -999.250 -999.250 -999.250
285.837 269.577 199.459 147.281 102.994 66.753 52.294 52.142 55.559 61.079 72.515 82.743 99.217 119.218 135.506 146.881 142.356 119.122 110.545 91.544 69.816 57.063 43.359 28.316 18.412 18.579 12.291 13.026 14.329 14.938 20.886 18.072 17.102 20.448 17.518 22.478 19.971 17.235 20.536 19.352 18.884 22.413 21.445 16.016 13.171 13.257 9.727 4.548 8.670 19.922 -999.250 -999.250 -999.250 -999.250 -999.250 -999.250 -999.250 -999.250 -999.250 -999.250 -999.250 -999.250 -999.250 -999.250 -999.250 -999.250 -999.250
344.161 272.150 235.388 155.835 109.020 68.234 54.032 45.986 51.549 56.093 59.513 86.296 95.415 105.293 121.688 115.653 117.390 109.565 89.736 81.780 68.859 51.975 37.508 28.649 18.467 13.777 13.271 14.009 8.399 13.222 13.765 16.001 18.691 21.101 22.656 23.092 25.710 24.052 21.630 24.264 21.241 22.617 21.905 16.772 17.529 19.163 12.237 11.229 16.370 -999.250 -999.250 -999.250 -999.250 -999.250 -999.250 -999.250 -999.250 -999.250 -999.250 -999.250 -999.250 -999.250 -999.250 -999.250 -999.250 -999.250 -999.250
