data/medianmodel_26-May-2020.asc
ncols	141
nrows	288
xllcorner	-120191.398
yllcorner	-301404.813
cellsize	2000.000
NODATA_value	-999.250
[rows 31 to 61 of 288, columns 69 to 137 of 141]
7.804 7.503 5.309 4.066 3.000 2.677 2.117 2.574 2.549 4.957 4.094 4.549 4.768 5.216 6.832 4.479 5.066 4.024 2.933 3.911 1.937 0.449 0.332 0.000 0.000 0.000 0.000 1.039 2.584 2.270 3.327 3.812 3.652 3.154 3.882 7.666 7.316 4.861 7.672 5.867 6.612 3.722 5.680 4.979 8.395 8.528 6.759 7.527 6.907 5.395 6.956 5.652 8.438 8.874 10.569 10.569 14.009 18.248 17.693 14.377 13.223 12.418 12.021 7.802 7.608 7.989 8.529 8.900 9.131
7.024 5.340 3.796 3.631 1.737 0.037 2.401 2.575 3.150 5.168 6.406 8.038 8.774 8.784 8.308 3.856 4.714 2.190 2.913 2.021 2.626 2.064 0.000 0.000 0.000 0.000 2.486 1.343 2.107 4.313 4.286 4.496 5.224 3.419 5.189 6.239 9.334 9.469 8.424 9.433 8.873 5.047 4.923 8.107 6.514 8.892 6.887 7.274 6.207 8.976 6.525 7.483 9.104 9.781 10.022 10.488 12.451 12.401 13.136 12.713 11.764 11.420 10.872 10.105 8.729 7.600 8.318 7.023 8.740
7.167 3.807 2.566 2.881 0.000 0.000 0.000 2.330 3.802 4.573 5.328 9.306 8.806 9.776 8.280 6.524 4.206 2.354 2.882 3.142 2.047 2.747 0.481 0.000 0.261 0.360 2.910 1.760 1.961 3.093 3.193 3.997 1.799 2.647 4.599 5.658 7.391 9.474 8.646 13.778 8.340 6.240 6.254 6.512 7.485 7.509 8.117 7.528 6.550 9.334 9.183 10.302 11.172 9.153 10.399 9.545 11.620 12.702 12.753 10.321 11.377 12.126 10.686 11.824 9.338 8.104 10.469 9.366 8.621
6.828 4.652 3.796 1.294 0.000 0.000 0.000 0.715 3.838 7.626 7.235 11.042 11.407 9.823 7.700 5.981 3.266 3.491 3.506 4.631 2.952 1.656 1.746 1.586 0.645 0.646 2.688 2.000 1.520 4.637 2.605 3.122 2.712 3.978 4.152 5.469 5.932 6.885 7.874 9.258 9.039 6.547 4.079 4.685 7.058 7.139 7.120 8.591 7.645 9.393 10.295 9.613 8.432 8.226 7.925 11.278 12.069 11.158 10.378 11.573 12.108 9.306 9.662 9.749 8.543 10.679 10.470 9.932 8.665
5.216 4.283 2.984 1.449 0.000 0.000 1.536 4.142 5.381 7.653 7.267 10.162 16.721 10.884 4.916 5.307 4.200 1.206 2.525 3.030 2.695 0.243 0.441 0.708 2.273 0.247 1.124 1.748 1.540 2.821 4.054 3.817 3.365 4.916 5.159 5.486 5.154 5.957 7.090 7.647 6.963 3.863 5.515 2.723 4.860 6.535 7.145 9.653 7.937 9.242 8.056 8.758 7.534 8.485 8.177 11.072 11.611 11.328 9.259 9.542 10.219 9.590 8.562 10.984 12.259 14.641 12.174 10.179 -999.250
10.701 8.060 4.790 1.255 1.197 0.548 1.851 4.891 3.828 5.431 9.531 9.657 9.964 8.819 5.022 3.158 4.882 3.387 1.101 1.312 1.588 0.487 0.000 1.026 0.922 2.621 0.269 2.121 1.189 2.362 4.597 1.587 2.529 4.068 6.638 6.275 5.492 4.314 5.593 4.968 5.223 3.990 4.761 5.463 6.125 7.014 6.327 7.221 6.519 6.286 5.336 5.863 6.547 8.983 10.567 6.740 8.346 8.995 7.294 7.696 11.017 11.796 8.850 10.974 8.227 10.078 10.540 8.233 -999.250
10.283 6.752 4.702 2.365 1.075 4.039 2.613 2.412 4.990 4.479 5.505 7.931 8.526 6.308 4.209 3.388 1.543 2.321 2.102 0.000 0.620 0.000 0.220 1.962 0.481 0.921 0.454 0.000 1.099 3.651 3.273 2.571 2.098 4.405 5.326 6.201 4.972 4.500 4.280 3.815 5.646 4.705 4.068 4.974 5.852 8.430 7.541 7.724 4.455 5.489 5.687 7.883 6.102 7.156 7.007 5.050 8.753 6.522 7.817 9.298 8.589 7.276 7.510 5.924 6.487 9.533 10.118 -999.250 -999.250
8.903 7.696 6.584 3.135 3.437 2.413 2.816 5.555 2.743 3.721 6.963 6.829 6.016 5.681 5.200 4.016 2.631 1.974 0.242 1.971 0.000 0.000 0.433 1.639 0.000 0.213 0.069 0.000 0.320 1.841 1.778 3.925 3.648 2.685 4.738 3.610 4.448 5.154 3.875 3.514 5.946 4.754 1.965 3.592 3.933 6.458 5.353 6.740 6.503 6.708 5.588 8.332 5.320 6.348 8.802 6.292 5.112 6.647 5.981 8.582 8.027 7.779 7.498 6.060 6.551 8.421 11.294 -999.250 -999.250
7.910 8.258 5.900 5.070 5.524 3.546 4.087 3.187 4.503 5.024 5.336 5.268 6.018 4.610 3.152 2.982 2.275 0.599 0.000 0.000 0.000 0.000 0.000 0.000 0.032 0.377 0.000 0.000 1.341 0.391 2.150 1.070 2.789 0.990 4.023 3.432 2.614 2.620 1.688 1.218 4.102 4.196 5.504 3.608 4.031 5.206 4.665 4.254 8.235 7.155 4.392 7.688 7.702 7.351 7.800 7.457 7.089 7.251 6.616 7.331 7.810 8.275 8.243 8.277 9.231 9.508 11.753 -999.250 -999.250
7.659 8.308 8.569 4.992 6.691 4.909 2.960 2.310 3.400 4.304 4.139 3.706 2.596 4.077 3.520 3.778 2.237 2.519 0.000 0.000 0.000 0.000 0.000 0.555 0.518 1.120 0.947 0.000 0.000 2.741 2.900 0.268 0.826 2.390 2.156 1.974 0.302 1.988 0.434 0.663 0.882 1.930 5.842 2.103 3.080 5.841 5.572 6.208 4.567 5.187 6.555 7.051 7.888 8.545 7.902 8.547 5.114 7.726 8.065 9.485 7.261 8.888 7.441 10.378 9.549 7.466 -999.250 -999.250 -999.250
8.882 8.605 5.732 6.420 8.215 6.635 4.519 1.652 2.418 2.604 5.798 3.569 2.551 2.551 3.476 3.820 2.213 1.290 0.000 0.000 0.000 0.000 0.646 0.314 1.968 1.147 0.000 0.000 0.000 0.000 1.626 0.239 0.000 2.722 2.603 0.352 0.180 0.283 0.000 0.000 1.028 1.277 3.372 1.842 4.581 5.456 5.123 2.791 6.135 3.387 7.002 7.580 6.479 6.776 7.583 5.873 4.044 7.604 7.197 6.539 9.404 9.593 9.488 9.120 8.028 9.581 9.568 -999.250 -999.250
10.622 9.072 7.196 9.288 6.628 4.542 2.517 3.706 2.780 3.966 6.103 4.385 3.086 1.314 2.059 2.416 2.352 2.434 0.000 0.000 0.000 0.000 0.000 0.000 0.000 0.490 0.633 0.000 0.233 0.000 0.000 0.000 0.000 0.778 0.794 1.169 0.016 0.000 0.000 0.000 0.000 0.029 0.801 0.591 4.193 4.345 4.375 4.556 5.341 1.249 2.588 3.398 4.636 4.722 6.517 4.231 3.692 4.883 6.190 8.441 9.144 6.132 8.940 -999.250 -999.250 -999.250 -999.250 -999.250 -999.250
10.043 9.407 7.928 6.584 5.864 3.137 4.088 4.279 4.357 3.040 2.833 1.748 2.128 0.922 1.032 2.018 0.582 0.537 2.264 0.000 0.000 0.000 0.000 0.000 0.000 0.000 0.000 0.000 0.385 0.000 0.000 0.000 0.000 0.000 0.249 0.433 0.000 0.000 0.000 0.000 0.000 0.000 0.000 0.000 2.751 3.753 2.592 3.406 2.390 2.177 3.430 1.174 3.899 5.194 5.767 4.359 3.691 7.053 8.179 10.371 9.717 8.050 7.449 7.057 -999.250 -999.250 -999.250 -999.250 -999.250
8.625 9.616 8.442 6.256 7.529 3.932 5.678 4.460 2.852 3.008 2.387 1.844 2.786 3.398 2.590 1.272 1.021 0.206 0.000 0.000 0.000 0.000 0.000 0.000 0.000 0.000 0.000 0.000 0.000 0.200 0.000 0.000 0.000 0.000 0.000 0.000 0.000 0.000 0.000 0.000 0.000 0.000 0.000 0.458 3.199 2.315 3.340 2.066 4.929 0.999 1.420 0.631 1.083 3.548 3.566 5.860 5.429 6.248 8.007 6.295 7.346 8.335 -999.250 -999.250 -999.250 -999.250 -999.250 -999.250 -999.250
8.930 11.063 8.194 7.391 7.801 3.475 5.474 5.180 4.451 3.046 2.913 3.507 2.226 2.937 1.892 2.179 0.839 0.000 0.000 0.000 0.000 0.000 0.000 0.000 0.000 0.000 0.000 0.058 0.000 0.000 0.000 0.000 0.000 0.000 0.000 0.000 0.000 0.000 0.849 0.000 0.000 0.027 0.018 1.755 1.951 2.001 2.360 3.193 2.481 2.167 0.000 0.000 0.458 3.781 4.837 7.225 7.594 8.606 8.020 7.654 9.027 6.425 -999.250 -999.250 -999.250 -999.250 -999.250 -999.250 -999.250
10.555 12.596 8.895 8.462 6.977 3.555 3.962 6.005 5.103 3.360 2.876 1.989 1.355 2.178 0.000 0.000 0.000 0.000 0.000 0.000 0.000 0.000 0.000 0.000 0.000 0.000 0.000 0.000 0.000 0.000 0.000 0.000 0.000 0.000 0.000 0.000 0.000 0.458 1.073 1.791 2.439 1.434 1.959 2.933 2.130 4.158 6.692 5.863 3.513 0.212 0.000 0.000 0.861 3.280 6.303 6.183 9.099 8.573 8.429 8.518 7.745 -999.250 -999.250 -999.250 -999.250 -999.250 -999.250 -999.250 -999.250
9.786 10.746 9.689 7.045 4.106 3.688 1.649 3.944 4.949 2.735 2.982 2.351 0.000 0.000 0.000 0.000 0.000 0.000 0.000 0.000 0.000 0.000 0.000 0.000 0.000 0.000 0.000 0.000 0.000 0.000 0.000 0.000 0.000 0.000 0.000 0.000 0.000 1.505 1.389 2.997 3.406 3.115 3.592 3.570 2.909 5.653 5.432 5.399 3.921 2.110 1.370 0.318 2.948 3.574 5.072 6.370 7.502 9.990 7.844 -999.250 -999.250 -999.250 -999.250 -999.250 -999.250 -999.250 -999.250 -999.250 -999.250
8.478 10.361 7.286 4.745 2.192 1.366 0.261 2.477 3.193 2.452 2.781 2.540 0.000 0.000 0.000 0.000 0.000 0.000 0.000 0.000 0.000 0.000 0.000 0.000 0.000 0.000 0.000 0.000 0.000 0.000 0.000 0.000 0.000 0.000 0.000 0.000 0.000 2.129 1.277 5.099 4.073 3.303 3.640 3.221 5.536 6.346 3.728 4.461 4.698 4.074 4.941 4.517 2.295 5.361 6.112 7.060 5.666 8.266 6.956 -999.250 -999.250 -999.250 -999.250 -999.250 -999.250 -999.250 -999.250 -999.250 -999.250
7.668 8.565 4.949 0.664 0.000 0.000 0.000 0.000 0.596 3.461 3.449 1.847 0.000 0.000 0.000 0.000 0.000 0.000 0.000 0.000 0.000 0.000 0.000 0.000 0.000 0.000 0.000 0.000 0.000 0.000 0.000 0.000 0.000 0.000 0.000 0.000 1.512 3.311 1.575 3.935 2.942 2.067 3.063 3.109 5.350 4.995 2.377 3.257 3.983 5.880 6.028 6.032 3.769 5.008 -999.250 4.218 4.889 -999.250 -999.250 -999.250 -999.250 -999.250 -999.250 -999.250 -999.250 -999.250 -999.250 -999.250 -999.250
10.371 8.675 2.541 0.912 0.000 0.000 0.000 0.000 1.005 2.607 2.239 0.338 0.000 0.000 0.000 0.000 0.000 0.000 0.000 0.000 0.000 0.000 0.000 0.000 0.000 0.000 0.000 0.000 0.000 0.000 0.000 0.000 0.000 0.000 0.000 0.000 0.306 0.666 1.433 2.727 4.242 4.583 2.221 4.480 7.461 6.536 3.372 3.193 6.641 7.875 6.392 4.354 -999.250 -999.250 -999.250 -999.250 -999.250 -999.250 -999.250 -999.250 -999.250 -999.250 -999.250 -999.250 -999.250 -999.250 -999.250 -999.250 -999.250
10.532 6.679 2.903 0.000 0.000 0.000 0.000 2.561 4.125 5.667 3.458 0.441 0.000 0.000 0.000 0.000 0.000 0.000 0.000 0.000 0.000 0.000 0.000 0.000 0.000 0.000 0.000 0.000 0.000 0.000 0.000 0.000 0.000 0.000 0.000 0.000 0.000 0.000 0.246 2.038 4.770 5.105 3.833 4.376 2.246 4.703 5.752 5.369 6.725 7.401 6.169 -999.250 -999.250 -999.250 -999.250 -999.250 -999.250 -999.250 -999.250 -999.250 -999.250 -999.250 -999.250 -999.250 -999.250 -999.250 -999.250 -999.250 -999.250
7.963 5.037 3.028 1.867 3.680 0.000 8.766 9.224 7.189 10.670 4.657 4.042 0.945 0.000 0.000 0.000 0.000 0.000 0.000 0.000 0.000 0.096 0.000 0.000 0.000 0.000 0.000 0.000 0.000 0.000 0.000 0.000 0.000 0.000 0.000 0.000 0.000 0.000 3.577 4.820 3.736 5.156 3.322 3.724 2.830 4.777 3.827 4.953 7.092 9.051 7.583 -999.250 -999.250 -999.250 -999.250 -999.250 -999.250 -999.250 -999.250 -999.250 -999.250 -999.250 -999.250 -999.250 -999.250 -999.250 -999.250 -999.250 -999.250
8.522 2.487 2.260 5.932 14.435 38.040 19.298 16.888 10.658 11.006 5.719 3.682 0.509 0.000 0.000 0.000 0.000 0.000 0.000 0.000 0.000 0.000 0.000 0.000 0.000 0.000 0.000 0.000 0.000 0.000 0.000 0.000 0.000 0.000 0.000 0.000 0.000 1.625 3.926 1.832 3.523 3.274 2.764 4.517 2.357 3.372 5.089 6.690 8.139 7.393 -999.250 -999.250 -999.250 -999.250 -999.250 -999.250 -999.250 -999.250 -999.250 -999.250 -999.250 -999.250 -999.250 -999.250 -999.250 -999.250 -999.250 -999.250 -999.250
4.588 0.000 1.403 6.689 14.112 25.322 21.924 18.159 13.340 11.835 5.268 2.298 0.059 0.000 0.000 0.000 0.000 0.000 0.000 0.000 0.000 0.000 0.000 0.000 0.000 0.000 0.000 0.000 0.000 0.000 0.000 0.000 0.000 0.000 0.000 0.000 0.000 2.223 2.770 2.374 2.619 4.533 3.556 6.302 6.702 5.914 7.093 10.395 11.660 -999.250 -999.250 -999.250 -999.250 -999.250 -999.250 -999.250 -999.250 -999.250 -999.250 -999.250 -999.250 -999.250 -999.250 -999.250 -999.250 -999.250 -999.250 -999.250 -999.250
2.647 0.000 0.000 5.864 11.200 19.301 14.157 12.433 14.513 9.399 5.221 1.572 0.119 0.000 0.000 0.000 0.000 0.000 0.000 0.000 0.000 0.000 0.000 0.000 0.000 0.000 0.000 0.000 0.000 0.000 0.000 0.000 0.000 0.000 0.000 0.000 2.560 2.549 3.521 4.062 2.630 2.869 4.826 5.454 8.434 10.243 14.345 12.834 9.536 -999.250 -999.250 -999.250 -999.250 -999.250 -999.250 -999.250 -999.250 -999.250 -999.250 -999.250 -999.250 -999.250 -999.250 -999.250 -999.250 -999.250 -999.250 -999.250 -999.250
1.437 0.000 0.109 5.370 10.448 11.584 10.614 8.660 6.709 4.228 1.327 0.000 0.000 0.000 0.000 0.000 0.000 0.000 0.000 0.000 0.000 0.000 0.151 0.059 0.000 0.143 0.000 0.000 0.000 0.000 0.000 0.000 0.000 0.000 0.000 1.352 2.106 2.888 4.698 3.668 2.622 3.884 4.838 4.877 9.731 13.893 18.521 17.941 -999.250 -999.250 -999.250 -999.250 -999.250 -999.250 -999.250 -999.250 -999.250 -999.250 -999.250 -999.250 -999.250 -999.250 -999.250 -999.250 -999.250 -999.250 -999.250 -999.250 -999.250
2.739 0.000 1.175 4.323 8.034 7.030 4.646 3.722 1.560 0.000 0.000 0.000 0.000 0.000 0.000 0.000 0.000 0.152 0.685 0.198 0.000 1.634 1.021 3.985 2.404 0.983 1.024 0.000 0.000 0.000 0.000 0.000 0.000 0.000 0.000 0.669 3.995 5.212 7.251 5.766 3.874 4.394 6.220 9.052 10.601 17.749 30.321 21.016 -999.250 -999.250 -999.250 -999.250 -999.250 -999.250 -999.250 -999.250 -999.250 -999.250 -999.250 -999.250 -999.250 -999.250 -999.250 -999.250 -999.250 -999.250 -999.250 -999.250 -999.250
3.206 2.255 4.804 4.425 3.379 2.868 1.041 0.610 0.000 0.000 0.000 0.000 0.000 0.000 0.000 0.000 0.111 1.575 3.863 3.964 4.729 2.784 4.470 6.239 5.939 3.268 2.987 2.099 0.000 0.011 0.000 0.000 0.000 0.000 0.000 2.074 1.900 3.419 4.940 6.340 5.404 6.755 7.305 7.258 12.350 14.422 20.809 19.070 -999.250 -999.250 -999.250 -999.250 -999.250 -999.250 -999.250 -999.250 -999.250 -999.250 -999.250 -999.250 -999.250 -999.250 -999.250 -999.250 -999.250 -999.250 -999.250 -999.250 -999.250
3.746 4.475 6.353 6.240 3.638 0.000 0.000 0.683 0.000 0.000 0.000 0.000 0.000 0.000 0.000 0.000 0.083 2.269 2.665 3.923 4.794 7.112 7.081 6.618 5.559 5.040 2.584 1.545 0.648 0.285 0.000 0.000 0.211 0.000 1.108 0.929 1.080 1.226 4.995 7.829 6.563 8.061 7.786 8.700 10.419 10.826 15.643 -999.250 -999.250 -999.250 -999.250 -999.250 -999.250 -999.250 -999.250 -999.250 -999.250 -999.250 -999.250 -999.250 -999.250 -999.250 -999.250 -999.250 -999.250 -999.250 -999.250 -999.250 -999.250
6.837 7.284 5.314 4.194 1.792 0.000 0.000 0.000 0.000 0.000 0.000 0.000 0.000 0.000 0.000 1.035 1.711 4.132 3.941 6.209 7.750 9.840 9.047 11.444 8.487 7.953 2.959 3.620 2.288 0.000 0.059 0.000 0.427 0.287 2.500 4.139 3.233 4.233 6.546 7.810 7.355 7.022 6.915 7.198 9.003 7.922 9.202 -999.250 -999.250 -999.250 -999.250 -999.250 -999.250 -999.250 -999.250 -999.250 -999.250 -999.250 -999.250 -999.250 -999.250 -999.250 -999.250 -999.250 -999.250 -999.250 -999.250 -999.250 -999.250
6.569 5.300 1.793 1.357 0.000 0.000 0.000 0.000 0.000 0.000 0.000 0.000 0.000 0.000 0.000 0.999 1.993 3.173 4.640 11.613 13.677 14.987 15.262 14.487 9.335 8.178 4.742 1.016 1.331 0.000 0.000 0.252 0.235 0.938 1.785 4.079 3.616 5.781 6.309 7.115 6.886 7.537 7.861 6.828 8.325 6.801 -999.250 -999.250 -999.250 -999.250 -999.250 -999.250 -999.250 -999.250 -999.250 -999.250 -999.250 -999.250 -999.250 -999.250 -999.250 -999.250 -999.250 -999.250 -999.250 -999.250 -999.250 -999.250 -999.250
