data/medianmodel_04-Oct-2020.asc
ncols	141
nrows	288
xllcorner	-120191.398
yllcorner	-301404.813
cellsize	2000.000
NODATA_value	-999.250
[rows 90 to 119 of 288, columns 67 to 133 of 141]
38.410 39.677 40.358 46.545 43.634 48.272 47.395 46.705 44.563 41.529 37.061 30.644 24.379 17.921 14.208 8.073 5.431 4.086 6.955 4.881 8.772 7.764 10.440 16.501 17.926 24.443 38.790 39.972 49.335 58.108 61.103 71.679 69.804 66.256 66.235 71.382 71.764 76.915 75.256 73.930 75.253 75.389 73.239 70.945 76.804 71.545 67.112 70.106 67.514 -999.250 -999.250 -999.250 -999.250 -999.250 -999.250 -999.250 -999.250 -999.250 -999.250 -999.250 -999.250 -999.250 -999.250 -999.250 -999.250 -999.250 -999.250
35.795 37.607 43.810 47.960 47.389 42.252 42.926 44.122 43.308 37.614 33.252 29.764 26.441 21.906 15.588 12.225 11.061 8.805 10.337 10.768 11.832 11.857 13.879 15.818 27.773 32.863 37.177 43.357 47.877 56.916 67.943 68.678 71.840 71.054 69.025 71.293 66.995 74.434 80.374 76.407 76.191 74.208 68.921 77.609 77.781 69.101 67.586 67.824 -999.250 -999.250 -999.250 -999.250 -999.250 -999.250 -999.250 -999.250 -999.250 -999.250 -999.250 -999.250 -999.250 -999.250 -999.250 -999.250 -999.250 -999.250 -999.250
35.088 35.624 39.872 39.613 43.946 42.494 38.650 43.910 37.304 35.085 31.593 28.530 24.971 25.122 18.030 15.869 14.595 13.191 11.792 12.504 12.141 13.419 14.584 20.294 28.912 32.784 36.177 40.240 49.921 56.419 60.233 61.107 69.047 72.360 68.814 71.036 69.857 73.955 78.638 76.348 78.209 74.652 70.603 69.494 75.323 70.172 64.272 59.054 -999.250 -999.250 -999.250 -999.250 -999.250 -999.250 -999.250 -999.250 -999.250 -999.250 -999.250 -999.250 -999.250 -999.250 -999.250 -999.250 -999.250 -999.250 -999.250
34.556 34.788 35.826 37.932 39.770 39.505 36.303 36.867 39.891 32.689 30.375 26.207 22.254 21.732 17.790 18.244 20.718 19.146 19.681 17.067 18.156 16.203 18.663 24.827 31.724 32.582 37.531 45.983 44.867 53.599 62.879 69.179 74.776 76.136 75.268 68.076 70.308 75.750 81.344 76.638 78.919 73.915 71.473 68.048 73.312 72.631 67.155 -999.250 -999.250 -999.250 -999.250 -999.250 -999.250 -999.250 -999.250 -999.250 -999.250 -999.250 -999.250 -999.250 -999.250 -999.250 -999.250 -999.250 -999.250 -999.250 -999.250
32.359 33.082 33.118 33.922 35.951 38.097 39.685 37.104 33.466 30.514 30.217 22.492 20.362 19.696 17.384 18.367 20.390 24.024 26.712 24.492 25.776 23.441 23.503 25.765 35.607 35.381 37.392 44.443 48.884 58.077 63.096 67.011 67.445 70.341 74.428 72.941 68.724 80.434 77.354 79.225 73.877 70.965 68.094 66.048 70.627 68.785 65.313 -999.250 -999.250 -999.250 -999.250 -999.250 -999.250 -999.250 -999.250 -999.250 -999.250 -999.250 -999.250 -999.250 -999.250 -999.250 -999.250 -999.250 -999.250 -999.250 -999.250
29.301 31.213 32.210 30.723 36.652 37.971 33.572 30.590 29.088 29.217 25.627 24.710 21.105 16.334 19.993 19.408 26.157 27.608 33.256 30.678 32.525 27.816 33.213 33.686 36.233 38.522 44.521 49.109 49.850 58.649 65.608 73.256 66.152 65.063 68.058 70.688 69.286 80.099 74.311 77.806 76.344 74.187 72.453 69.754 67.225 67.404 67.472 -999.250 -999.250 -999.250 -999.250 -999.250 -999.250 -999.250 -999.250 -999.250 -999.250 -999.250 -999.250 -999.250 -999.250 -999.250 -999.250 -999.250 -999.250 -999.250 -999.250
29.989 29.964 31.085 29.402 31.039 29.486 28.338 27.938 25.359 25.662 23.984 23.390 17.991 19.591 20.484 19.466 24.339 30.527 32.461 32.338 32.057 31.629 33.838 39.846 38.611 43.323 47.280 45.515 58.252 61.442 67.950 70.384 73.479 69.272 67.541 68.644 68.994 72.367 76.549 78.977 76.531 66.932 68.017 67.964 55.570 59.475 61.360 58.902 -999.250 -999.250 -999.250 -999.250 -999.250 -999.250 -999.250 -999.250 -999.250 -999.250 -999.250 -999.250 -999.250 -999.250 -999.250 -999.250 -999.250 -999.250 -999.250
30.189 29.007 34.448 29.972 25.952 25.954 25.905 25.668 25.504 25.117 21.961 20.113 20.645 20.424 19.379 24.863 28.915 30.641 32.879 32.437 32.401 35.473 34.398 33.554 35.344 43.251 48.461 46.674 55.987 59.038 63.558 70.191 74.536 64.584 71.811 66.315 68.639 71.942 74.267 74.891 70.329 71.995 69.908 65.521 61.919 58.613 57.540 60.083 56.609 -999.250 -999.250 -999.250 -999.250 -999.250 -999.250 -999.250 -999.250 -999.250 -999.250 -999.250 -999.250 -999.250 -999.250 -999.250 -999.250 -999.250 -999.250
30.499 29.472 31.062 28.602 28.114 26.598 30.066 28.388 24.486 24.397 22.727 22.617 19.746 17.772 23.364 22.677 23.601 30.637 31.405 30.934 27.786 28.536 31.690 33.472 38.236 45.610 46.890 53.394 61.457 59.009 64.545 66.768 58.734 65.302 71.074 74.094 68.006 74.794 69.493 73.176 66.299 65.313 65.699 64.301 62.194 50.374 53.374 56.975 53.322 38.615 -999.250 -999.250 -999.250 -999.250 -999.250 -999.250 -999.250 -999.250 -999.250 -999.250 -999.250 -999.250 -999.250 -999.250 -999.250 -999.250 -999.250
31.609 25.738 25.666 25.118 26.029 31.164 29.873 25.732 25.785 23.502 19.882 20.450 18.640 19.194 22.705 19.780 26.332 26.695 31.167 27.470 24.941 28.750 35.950 33.290 36.037 41.040 46.729 56.192 55.600 59.808 60.656 53.494 62.231 66.460 68.524 71.930 71.815 75.579 70.960 65.080 69.707 62.494 59.863 56.276 51.875 53.144 50.959 55.694 57.541 -999.250 -999.250 -999.250 -999.250 -999.250 -999.250 -999.250 -999.250 -999.250 -999.250 -999.250 -999.250 -999.250 -999.250 -999.250 -999.250 -999.250 -999.250
29.277 26.788 27.383 26.443 25.382 28.091 27.071 24.763 23.084 26.324 22.728 21.850 20.707 19.305 23.133 22.184 22.888 23.078 28.902 27.659 27.285 27.711 30.694 32.964 33.225 36.817 41.088 49.215 54.939 56.372 52.072 56.606 65.140 65.474 71.860 70.961 69.410 70.695 69.498 65.421 65.836 56.744 53.963 53.630 60.376 54.470 53.331 50.045 55.115 48.089 -999.250 -999.250 -999.250 -999.250 -999.250 -999.250 -999.250 -999.250 -999.250 -999.250 -999.250 -999.250 -999.250 -999.250 -999.250 -999.250 -999.250
28.576 24.555 25.178 22.425 22.234 24.770 24.817 25.901 23.806 26.612 19.906 21.982 19.902 20.806 22.739 23.657 24.558 23.515 24.201 20.858 27.662 29.552 28.439 31.769 37.053 36.557 40.849 49.713 54.503 50.299 52.496 52.335 56.993 64.650 66.763 66.435 67.038 69.476 70.072 60.410 59.216 53.793 56.607 47.514 56.256 50.235 55.337 53.927 -999.250 -999.250 -999.250 -999.250 -999.250 -999.250 -999.250 -999.250 -999.250 -999.250 -999.250 -999.250 -999.250 -999.250 -999.250 -999.250 -999.250 -999.250 -999.250
26.505 23.688 19.227 20.394 19.529 19.771 19.007 20.822 19.851 25.312 24.995 22.510 17.564 19.214 20.374 19.843 22.483 23.346 21.413 24.783 25.256 25.330 29.110 34.378 36.730 36.720 40.749 41.797 47.458 47.813 50.878 52.535 56.821 56.484 65.759 72.681 65.669 70.598 64.577 60.937 63.285 60.930 60.422 55.175 53.567 52.493 51.527 -999.250 -999.250 -999.250 -999.250 -999.250 -999.250 -999.250 -999.250 -999.250 -999.250 -999.250 -999.250 -999.250 -999.250 -999.250 -999.250 -999.250 -999.250 -999.250 -999.250
25.049 20.130 20.578 19.540 18.769 17.708 22.010 22.181 19.558 20.809 20.376 20.811 18.714 18.838 19.943 20.210 20.311 21.648 21.672 20.552 21.373 25.587 31.117 32.999 32.275 41.329 36.506 42.377 52.086 53.564 54.990 54.487 61.221 58.469 62.382 68.712 68.834 67.214 64.661 72.062 61.262 61.962 55.266 58.448 52.488 52.223 44.803 -999.250 -999.250 -999.250 -999.250 -999.250 -999.250 -999.250 -999.250 -999.250 -999.250 -999.250 -999.250 -999.250 -999.250 -999.250 -999.250 -999.250 -999.250 -999.250 -999.250
21.733 21.132 19.319 17.575 16.933 18.436 19.842 20.133 20.273 20.294 21.892 17.893 20.366 18.886 18.497 24.703 22.201 21.365 23.012 21.465 25.061 28.770 31.655 36.308 36.159 41.624 38.956 47.020 59.155 53.782 57.633 53.883 62.169 63.206 67.945 70.628 68.233 68.619 65.216 65.816 66.143 56.737 54.056 55.700 56.977 50.124 -999.250 -999.250 -999.250 -999.250 -999.250 -999.250 -999.250 -999.250 -999.250 -999.250 -999.250 -999.250 -999.250 -999.250 -999.250 -999.250 -999.250 -999.250 -999.250 -999.250 -999.250
21.857 18.468 16.622 15.547 16.756 15.032 17.806 17.297 18.375 16.920 16.526 20.207 19.272 17.729 19.741 26.743 24.487 23.387 24.368 27.438 29.009 33.915 33.940 35.474 40.105 38.144 44.586 49.553 56.016 51.058 55.896 56.081 62.502 64.016 67.494 68.935 67.970 68.885 65.215 68.958 69.523 64.672 -999.250 -999.250 -999.250 -999.250 -999.250 -999.250 -999.250 -999.250 -999.250 -999.250 -999.250 -999.250 -999.250 -999.250 -999.250 -999.250 -999.250 -999.250 -999.250 -999.250 -999.250 -999.250 -999.250 -999.250 -999.250
20.146 19.203 20.523 16.168 14.333 13.877 15.425 14.986 19.244 19.005 19.679 18.614 18.382 17.957 21.704 24.172 25.377 29.757 32.012 33.196 33.016 40.634 37.299 37.465 37.346 37.918 40.491 51.657 53.449 48.976 51.793 57.374 64.621 69.395 68.018 69.810 67.357 67.791 70.918 71.897 -999.250 -999.250 -999.250 -999.250 -999.250 -999.250 -999.250 -999.250 -999.250 -999.250 -999.250 -999.250 -999.250 -999.250 -999.250 -999.250 -999.250 -999.250 -999.250 -999.250 -999.250 -999.250 -999.250 -999.250 -999.250 -999.250 -999.250
21.082 18.468 21.056 17.803 14.864 15.004 15.869 16.510 16.769 17.997 19.785 18.940 23.665 24.947 23.229 24.844 26.644 30.549 36.017 38.939 41.255 41.885 39.600 44.149 43.072 38.190 39.922 54.151 53.031 58.014 54.181 62.113 62.411 65.414 72.602 75.679 73.177 73.523 68.106 68.873 -999.250 -999.250 -999.250 -999.250 -999.250 -999.250 -999.250 -999.250 -999.250 -999.250 -999.250 -999.250 -999.250 -999.250 -999.250 -999.250 -999.250 -999.250 -999.250 -999.250 -999.250 -999.250 -999.250 -999.250 -999.250 -999.250 -999.250
23.383 26.614 23.607 21.548 17.604 15.115 15.192 16.745 15.494 14.903 18.297 23.072 21.189 25.458 28.760 26.569 35.195 33.995 40.677 46.132 47.706 47.108 44.240 37.285 42.080 47.489 49.949 51.712 56.355 55.019 52.549 59.939 58.388 64.139 67.691 78.946 76.484 78.126 69.969 69.908 -999.250 -999.250 -999.250 -999.250 -999.250 -999.250 -999.250 -999.250 -999.250 -999.250 -999.250 -999.250 -999.250 -999.250 -999.250 -999.250 -999.250 -999.250 -999.250 -999.250 -999.250 -999.250 -999.250 -999.250 -999.250 -999.250 -999.250
30.666 24.037 24.260 25.445 23.068 18.832 16.652 16.000 16.270 16.220 19.211 20.454 23.513 28.278 28.556 33.498 37.191 40.476 46.564 49.559 57.585 55.983 49.886 46.340 44.209 46.414 48.037 50.777 53.873 56.297 59.361 54.093 54.358 65.705 73.475 77.565 84.122 77.751 71.904 76.044 -999.250 -999.250 -999.250 -999.250 -999.250 -999.250 -999.250 -999.250 -999.250 -999.250 -999.250 -999.250 -999.250 -999.250 -999.250 -999.250 -999.250 -999.250 -999.250 -999.250 -999.250 -999.250 -999.250 -999.250 -999.250 -999.250 -999.250
31.919 26.667 25.755 22.263 20.774 20.389 19.431 16.131 17.633 18.425 20.537 20.955 25.639 31.180 31.788 33.932 38.208 40.897 50.847 55.121 60.389 59.388 51.765 45.735 47.431 41.858 44.546 51.978 51.617 46.702 63.636 49.651 63.939 73.109 72.698 79.687 78.798 78.941 70.466 72.818 -999.250 -999.250 -999.250 -999.250 -999.250 -999.250 -999.250 -999.250 -999.250 -999.250 -999.250 -999.250 -999.250 -999.250 -999.250 -999.250 -999.250 -999.250 -999.250 -999.250 -999.250 -999.250 -999.250 -999.250 -999.250 -999.250 -999.250
35.654 29.712 23.668 22.925 21.247 19.962 20.592 18.910 18.864 19.614 20.285 26.048 28.291 30.692 34.989 37.183 40.243 48.101 50.830 54.093 56.594 53.440 50.127 44.578 46.126 45.604 47.871 49.155 50.234 53.623 55.691 53.345 64.379 71.864 80.004 73.370 76.889 74.725 66.824 72.899 -999.250 -999.250 -999.250 -999.250 -999.250 -999.250 -999.250 -999.250 -999.250 -999.250 -999.250 -999.250 -999.250 -999.250 -999.250 -999.250 -999.250 -999.250 -999.250 -999.250 -999.250 -999.250 -999.250 -999.250 -999.250 -999.250 -999.250
36.904 31.591 27.964 23.855 19.355 20.913 21.243 19.539 20.156 22.288 24.033 31.416 35.621 33.811 39.241 40.587 44.984 48.264 47.053 49.631 48.543 53.711 52.045 46.543 47.415 49.891 53.441 49.733 46.561 48.745 61.667 58.993 68.119 65.035 75.989 73.511 72.777 70.896 60.406 68.494 68.269 63.204 -999.250 -999.250 -999.250 -999.250 -999.250 -999.250 -999.250 -999.250 -999.250 -999.250 -999.250 -999.250 -999.250 -999.250 -999.250 -999.250 -999.250 -999.250 -999.250 -999.250 -999.250 -999.250 -999.250 -999.250 -999.250
33.117 31.163 27.567 24.771 22.867 22.622 22.434 19.808 18.989 22.023 27.567 32.434 38.078 35.836 39.211 37.714 40.016 42.857 49.716 46.873 51.730 51.450 49.123 50.993 60.099 62.381 60.539 53.697 56.198 50.292 57.291 56.687 59.503 66.444 72.043 72.831 72.463 60.463 63.607 59.779 61.253 59.936 51.585 45.943 -999.250 -999.250 -999.250 -999.250 -999.250 -999.250 -999.250 -999.250 -999.250 -999.250 -999.250 -999.250 -999.250 -999.250 -999.250 -999.250 -999.250 -999.250 -999.250 -999.250 -999.250 -999.250 -999.250
32.863 29.842 26.447 25.428 24.276 24.857 22.260 25.849 23.776 25.369 31.297 33.387 41.740 36.841 36.799 37.876 46.081 43.799 43.054 49.731 44.778 46.236 48.786 54.811 58.390 53.169 55.959 58.141 56.116 58.040 59.723 57.352 58.622 62.713 66.917 67.371 65.214 65.279 61.008 64.971 60.316 63.953 58.355 45.950 -999.250 -999.250 -999.250 -999.250 -999.250 -999.250 -999.250 -999.250 -999.250 -999.250 -999.250 -999.250 -999.250 -999.250 -999.250 -999.250 -999.250 -999.250 -999.250 -999.250 -999.250 -999.250 -999.250
30.238 35.052 29.082 25.473 24.673 30.362 26.060 24.412 24.573 25.571 26.439 28.734 36.902 34.993 38.861 38.486 47.998 45.426 46.639 41.809 47.878 47.242 48.298 51.270 52.091 51.632 49.564 53.646 52.186 56.553 54.970 57.986 61.022 60.540 61.561 68.950 56.386 60.356 55.034 51.366 60.622 58.215 61.456 52.219 48.566 -999.250 -999.250 -999.250 -999.250 -999.250 -999.250 -999.250 -999.250 -999.250 -999.250 -999.250 -999.250 -999.250 -999.250 -999.250 -999.250 -999.250 -999.250 -999.250 -999.250 -999.250 -999.250
30.931 31.613 33.688 31.269 24.676 22.872 25.091 24.898 22.613 25.030 30.124 28.979 35.743 37.334 39.920 38.061 44.168 47.630 46.102 44.940 49.143 46.817 50.063 46.897 46.883 48.960 45.347 47.952 46.806 48.115 60.434 60.733 66.271 65.622 64.653 58.789 66.232 50.554 52.885 58.931 58.976 50.833 54.782 52.158 53.248 51.354 -999.250 -999.250 -999.250 -999.250 -999.250 -999.250 -999.250 -999.250 -999.250 -999.250 -999.250 -999.250 -999.250 -999.250 -999.250 -999.250 -999.250 -999.250 -999.250 -999.250 -999.250
36.650 29.761 37.582 31.480 24.222 26.121 24.527 24.812 23.578 28.889 27.528 27.383 30.211 33.759 40.565 38.651 36.641 35.919 37.550 48.589 48.655 42.741 43.114 43.405 44.932 42.845 51.458 45.569 43.469 48.387 53.740 59.544 63.462 66.361 62.170 60.349 56.542 55.021 55.758 53.315 62.975 50.597 56.887 54.489 52.868 47.250 -999.250 -999.250 -999.250 -999.250 -999.250 -999.250 -999.250 -999.250 -999.250 -999.250 -999.250 -999.250 -999.250 -999.250 -999.250 -999.250 -999.250 -999.250 -999.250 -999.250 -999.250
31.021 31.143 31.382 30.189 27.585 28.557 29.260 29.875 29.537 26.923 28.937 24.274 25.209 28.952 32.258 29.940 35.475 39.960 41.133 46.476 41.795 38.240 34.199 41.016 37.617 45.721 44.250 41.974 38.915 38.180 44.106 48.180 58.572 54.911 54.669 59.402 60.269 56.756 53.390 54.187 53.273 47.228 50.717 45.048 41.835 39.651 44.607 -999.250 -999.250 -999.250 -999.250 -999.250 -999.250 -999.250 -999.250 -999.250 -999.250 -999.250 -999.250 -999.250 -999.250 -999.250 -999.250 -999.250 -999.250 -999.250 -999.250
31.475 29.290 28.971 25.529 26.102 27.530 30.075 25.363 24.881 25.905 26.403 26.493 29.917 33.073 32.984 37.937 33.486 38.380 40.139 44.750 41.540 40.893 36.348 37.518 36.468 36.708 34.532 32.217 35.205 34.017 42.384 44.884 47.185 52.588 54.405 49.281 55.142 54.695 55.633 56.208 53.605 52.069 46.865 39.909 47.580 46.795 -999.250 -999.250 -999.250 -999.250 -999.250 -999.250 -999.250 -999.250 -999.250 -999.250 -999.250 -999.250 -999.250 -999.250 -999.250 -999.250 -999.250 -999.250 -999.250 -999.250 -999.250
