data/medianmodel_28-Jul-2020.asc
ncols	141
nrows	288
xllcorner	-120191.398
yllcorner	-301404.813
cellsize	2000.000
NODATA_value	-999.250
[rows 217 to 247 of 288, columns 0 to 68 of 141]
-999.250 -999.250 -999.250 -999.250 -999.250 -999.250 -999.250 -999.250 -999.250 -999.250 -999.250 -999.250 -999.250 -999.250 -999.250 -999.250 -999.250 -999.250 -999.250 -999.250 -999.250 -999.250 -999.250 -999.250 -999.250 -999.250 -999.250 -999.250 -999.250 -999.250 -999.250 8.557 7.668 2.915 1.733 0.000 0.000 0.000 0.000 0.000 0.000 0.000 0.000 0.000 0.000 0.000 0.000 0.000 3.275 6.186 8.328 10.606 9.272 9.358 9.731 9.189 11.390 10.981 8.563 9.542 6.751 3.164 3.030 0.363 0.000 0.000 4.124 7.573 10.240
-999.250 -999.250 -999.250 -999.250 -999.250 -999.250 -999.250 -999.250 -999.250 -999.250 -999.250 -999.250 -999.250 -999.250 -999.250 -999.250 -999.250 -999.250 -999.250 -999.250 -999.250 -999.250 -999.250 -999.250 -999.250 -999.250 -999.250 -999.250 -999.250 -999.250 -999.250 6.344 6.445 4.555 1.788 0.000 0.000 0.000 0.000 0.000 0.000 0.000 0.000 0.000 0.000 0.000 0.000 2.359 5.474 9.301 12.652 14.250 10.201 11.519 13.626 15.546 15.843 15.108 14.368 10.615 11.231 10.155 8.351 5.879 4.116 5.082 7.842 10.411 12.072
-999.250 -999.250 -999.250 -999.250 -999.250 -999.250 -999.250 -999.250 -999.250 -999.250 -999.250 -999.250 -999.250 -999.250 -999.250 -999.250 -999.250 -999.250 -999.250 -999.250 -999.250 -999.250 -999.250 -999.250 -999.250 -999.250 -999.250 -999.250 -999.250 -999.250 -999.250 6.350 5.881 4.583 3.131 0.000 0.000 0.000 0.000 0.000 0.000 0.000 0.000 0.000 0.000 0.000 0.000 5.108 7.998 10.887 14.508 17.836 16.903 15.825 16.790 16.871 18.711 18.075 20.543 19.242 18.110 14.292 11.943 9.288 9.068 9.956 11.417 13.823 20.225
-999.250 -999.250 -999.250 -999.250 -999.250 -999.250 -999.250 -999.250 -999.250 -999.250 -999.250 -999.250 -999.250 -999.250 -999.250 -999.250 -999.250 -999.250 -999.250 -999.250 -999.250 -999.250 -999.250 -999.250 -999.250 -999.250 -999.250 -999.250 -999.250 -999.250 -999.250 7.211 5.282 1.558 0.000 0.000 0.000 0.000 0.000 0.000 0.000 0.000 0.000 0.000 0.000 0.335 3.217 7.578 9.391 12.106 16.605 15.925 22.781 27.307 25.845 33.465 26.891 27.176 27.830 21.746 19.075 19.374 16.091 14.686 14.069 13.228 14.302 23.143 25.381
-999.250 -999.250 -999.250 -999.250 -999.250 -999.250 -999.250 -999.250 -999.250 -999.250 -999.250 -999.250 -999.250 -999.250 -999.250 -999.250 -999.250 -999.250 -999.250 -999.250 -999.250 -999.250 -999.250 -999.250 -999.250 -999.250 -999.250 -999.250 -999.250 -999.250 -999.250 7.301 4.953 2.426 0.134 0.000 0.000 0.000 0.000 0.000 0.000 0.000 0.000 0.000 0.401 2.072 4.517 7.335 11.410 12.474 17.597 16.110 29.589 38.841 43.453 37.633 32.106 33.271 42.584 31.275 25.323 21.987 23.410 21.344 24.053 20.902 21.790 30.885 31.167
-999.250 -999.250 -999.250 -999.250 -999.250 -999.250 -999.250 -999.250 -999.250 -999.250 -999.250 -999.250 -999.250 -999.250 -999.250 -999.250 -999.250 -999.250 -999.250 -999.250 -999.250 -999.250 -999.250 -999.250 -999.250 -999.250 -999.250 -999.250 -999.250 -999.250 -999.250 10.198 7.004 4.615 1.214 0.529 0.000 0.000 0.000 0.000 0.000 0.000 0.000 0.000 0.000 1.997 4.608 9.288 12.229 15.281 16.080 21.403 36.528 44.948 39.738 46.401 41.645 54.519 53.476 46.672 37.662 30.657 27.158 26.259 34.624 20.670 28.222 34.484 33.033
-999.250 -999.250 -999.250 -999.250 -999.250 -999.250 -999.250 -999.250 -999.250 -999.250 -999.250 -999.250 -999.250 -999.250 -999.250 -999.250 -999.250 -999.250 -999.250 -999.250 -999.250 -999.250 -999.250 -999.250 -999.250 -999.250 -999.250 -999.250 -999.250 -999.250 10.378 10.052 6.314 4.206 4.425 1.336 0.000 0.000 0.000 0.000 0.000 0.000 0.063 0.189 0.188 4.051 6.788 9.405 15.887 16.050 25.602 27.895 36.769 48.730 60.197 63.633 71.328 69.068 66.262 58.174 49.847 43.993 37.552 32.262 28.657 31.161 35.933 31.532 39.384
-999.250 -999.250 -999.250 -999.250 -999.250 -999.250 -999.250 -999.250 -999.250 -999.250 -999.250 -999.250 -999.250 -999.250 -999.250 -999.250 -999.250 -999.250 -999.250 -999.250 -999.250 -999.250 -999.250 -999.250 -999.250 -999.250 -999.250 -999.250 -999.250 -999.250 11.771 11.056 8.737 7.344 4.812 4.211 1.317 0.055 0.000 0.000 0.000 0.000 0.000 2.095 4.487 6.314 7.958 11.037 14.430 23.238 26.186 31.859 48.404 58.091 68.722 70.465 78.793 69.283 72.037 64.881 63.356 43.144 34.756 37.122 36.357 27.150 27.748 27.072 31.156
-999.250 -999.250 -999.250 -999.250 -999.250 -999.250 -999.250 -999.250 -999.250 -999.250 -999.250 -999.250 -999.250 -999.250 -999.250 -999.250 -999.250 -999.250 -999.250 -999.250 -999.250 -999.250 -999.250 -999.250 -999.250 -999.250 -999.250 -999.250 -999.250 -999.250 13.630 12.823 11.441 9.734 9.358 6.160 5.498 2.794 0.756 0.276 0.000 0.559 1.248 3.340 7.763 9.240 11.146 11.742 16.613 23.425 35.187 36.877 45.344 64.016 75.032 73.000 80.458 83.342 84.973 78.679 57.643 55.172 44.739 36.722 36.431 29.859 32.062 27.124 23.011
-999.250 -999.250 -999.250 -999.250 -999.250 -999.250 -999.250 -999.250 -999.250 -999.250 -999.250 -999.250 -999.250 -999.250 -999.250 -999.250 -999.250 -999.250 -999.250 -999.250 -999.250 -999.250 -999.250 -999.250 -999.250 -999.250 -999.250 -999.250 -999.250 -999.250 17.899 13.953 12.367 11.907 11.204 9.409 9.012 7.171 2.371 1.916 0.421 0.000 1.874 4.270 8.452 8.830 13.039 13.924 16.081 26.129 35.379 34.733 56.265 52.143 63.853 78.293 86.465 81.117 81.759 70.369 59.286 54.956 47.922 36.894 30.896 26.989 20.314 22.717 20.031
-999.250 -999.250 -999.250 -999.250 -999.250 -999.250 -999.250 -999.250 -999.250 -999.250 -999.250 -999.250 -999.250 -999.250 -999.250 -999.250 -999.250 -999.250 -999.250 -999.250 -999.250 -999.250 -999.250 -999.250 -999.250 -999.250 -999.250 -999.250 -999.250 23.833 23.757 21.587 19.738 17.588 15.523 12.063 10.596 7.565 6.432 3.323 2.362 2.196 0.078 5.206 7.735 8.938 12.108 14.211 15.434 21.926 22.949 41.529 45.483 58.565 67.789 72.708 84.653 89.229 77.333 67.888 59.908 56.517 38.215 36.837 34.847 25.072 17.688 14.422 16.825
-999.250 -999.250 -999.250 -999.250 -999.250 -999.250 -999.250 -999.250 -999.250 -999.250 -999.250 -999.250 -999.250 -999.250 -999.250 -999.250 -999.250 -999.250 -999.250 -999.250 -999.250 -999.250 -999.250 -999.250 -999.250 -999.250 -999.250 -999.250 -999.250 32.612 26.267 26.097 28.211 25.696 19.731 17.538 14.804 11.143 8.308 6.354 4.756 5.126 3.828 5.152 6.306 9.447 11.875 12.488 14.996 14.510 25.191 40.474 44.367 51.634 70.086 75.983 77.644 78.086 75.363 62.445 56.120 45.132 32.406 27.970 25.970 22.391 19.948 15.616 12.859
-999.250 -999.250 -999.250 -999.250 -999.250 -999.250 -999.250 -999.250 -999.250 -999.250 -999.250 -999.250 -999.250 -999.250 -999.250 -999.250 -999.250 -999.250 -999.250 -999.250 -999.250 -999.250 -999.250 -999.250 -999.250 -999.250 -999.250 -999.250 44.905 37.223 34.375 33.138 35.303 37.317 28.538 25.065 24.313 13.745 10.366 8.706 5.674 3.659 2.670 4.494 4.913 7.974 7.767 11.383 13.058 15.386 20.377 27.429 33.634 49.533 55.578 60.094 69.645 70.006 60.283 64.994 48.975 42.519 26.145 24.540 18.424 16.306 13.194 11.876 10.784
-999.250 -999.250 -999.250 -999.250 -999.250 -999.250 -999.250 -999.250 -999.250 -999.250 -999.250 -999.250 -999.250 -999.250 -999.250 -999.250 -999.250 -999.250 -999.250 -999.250 -999.250 -999.250 -999.250 -999.250 -999.250 -999.250 -999.250 -999.250 47.590 55.262 59.231 59.492 51.703 41.123 36.304 28.171 24.301 18.970 12.993 10.640 8.957 5.671 4.152 5.548 4.954 5.601 8.251 10.040 10.614 12.252 18.680 26.542 37.041 49.561 57.887 49.531 56.427 42.276 39.250 40.200 34.524 27.494 21.931 14.521 13.525 12.986 10.722 9.502 9.144
-999.250 -999.250 -999.250 -999.250 -999.250 -999.250 -999.250 -999.250 -999.250 -999.250 -999.250 -999.250 -999.250 -999.250 -999.250 -999.250 -999.250 -999.250 -999.250 -999.250 -999.250 -999.250 -999.250 -999.250 -999.250 -999.250 -999.250 63.616 66.557 71.929 72.457 70.884 62.294 56.373 41.332 37.023 29.290 19.221 12.411 9.757 8.617 8.352 3.539 4.790 3.566 6.035 5.772 8.950 10.997 11.322 14.235 23.991 29.248 29.889 42.469 45.868 42.209 31.529 22.174 21.579 21.184 19.152 16.263 14.044 10.059 8.248 7.608 5.375 4.586
-999.250 -999.250 -999.250 -999.250 -999.250 -999.250 -999.250 -999.250 -999.250 -999.250 -999.250 -999.250 -999.250 -999.250 -999.250 -999.250 -999.250 -999.250 -999.250 -999.250 -999.250 -999.250 -999.250 -999.250 -999.250 -999.250 -999.250 66.463 71.530 76.427 75.096 80.204 76.498 73.543 63.466 43.253 27.816 21.326 17.098 13.470 8.609 7.668 6.404 3.675 3.418 5.795 5.813 8.439 9.607 10.361 11.947 20.107 21.755 27.029 31.724 32.198 20.975 20.444 16.626 18.122 15.688 12.460 11.059 8.772 5.858 4.842 6.490 5.853 3.248
-999.250 -999.250 -999.250 -999.250 -999.250 -999.250 -999.250 -999.250 -999.250 -999.250 -999.250 -999.250 -999.250 -999.250 -999.250 -999.250 -999.250 -999.250 -999.250 -999.250 -999.250 -999.250 -999.250 -999.250 -999.250 -999.250 -999.250 -999.250 71.691 75.143 77.003 79.178 76.784 66.208 54.692 50.876 35.623 30.519 20.225 14.482 11.304 9.285 6.673 7.199 4.536 7.185 5.526 6.453 7.898 7.635 7.686 11.503 15.896 16.258 17.447 18.888 13.235 14.311 14.849 12.019 9.315 9.517 8.282 4.891 4.512 3.236 1.459 1.339 0.000
-999.250 -999.250 -999.250 -999.250 -999.250 -999.250 -999.250 -999.250 -999.250 -999.250 -999.250 -999.250 -999.250 -999.250 -999.250 -999.250 -999.250 -999.250 -999.250 -999.250 -999.250 -999.250 -999.250 -999.250 -999.250 -999.250 -999.250 -999.250 -999.250 -999.250 72.607 73.782 72.918 64.195 62.476 52.519 44.582 33.303 22.299 17.368 12.729 12.354 10.223 8.415 7.361 6.377 5.774 5.214 4.975 6.006 7.439 10.140 11.484 11.049 12.319 9.838 11.076 9.296 9.003 7.651 6.022 4.681 3.369 2.192 0.000 0.000 0.011 0.000 0.000
-999.250 -999.250 -999.250 -999.250 -999.250 -999.250 -999.250 -999.250 -999.250 -999.250 -999.250 -999.250 -999.250 -999.250 -999.250 -999.250 -999.250 -999.250 -999.250 -999.250 -999.250 -999.250 -999.250 -999.250 -999.250 -999.250 -999.250 -999.250 -999.250 -999.250 73.993 72.518 68.187 55.771 48.354 50.429 34.775 35.395 19.802 15.468 14.289 10.945 10.145 8.046 5.744 5.644 4.128 6.873 5.135 5.469 9.075 6.154 6.652 7.400 8.545 5.554 7.472 5.315 3.996 3.073 0.916 0.428 0.000 0.000 0.000 0.000 0.000 0.000 0.000
-999.250 -999.250 -999.250 -999.250 -999.250 -999.250 -999.250 -999.250 -999.250 -999.250 -999.250 -999.250 -999.250 -999.250 -999.250 -999.250 -999.250 -999.250 -999.250 -999.250 -999.250 -999.250 -999.250 -999.250 -999.250 -999.250 -999.250 -999.250 -999.250 -999.250 68.085 67.151 64.259 61.120 43.009 41.551 29.702 26.779 25.540 15.118 16.568 12.966 8.020 5.949 2.645 3.413 5.685 5.571 7.029 5.663 5.226 4.163 6.276 3.936 2.169 1.807 1.824 0.115 0.000 0.000 0.000 0.000 0.000 0.000 0.000 0.000 0.000 0.000 0.000
-999.250 -999.250 -999.250 -999.250 -999.250 -999.250 -999.250 -999.250 -999.250 -999.250 -999.250 -999.250 -999.250 -999.250 -999.250 -999.250 -999.250 -999.250 -999.250 -999.250 -999.250 -999.250 -999.250 -999.250 -999.250 -999.250 -999.250 -999.250 -999.250 -999.250 -999.250 49.704 57.374 60.345 54.575 38.528 28.551 23.314 19.070 14.037 11.302 10.684 8.867 5.308 3.313 2.671 1.897 3.624 3.402 1.744 1.978 3.353 3.164 0.432 0.000 0.000 0.000 0.000 0.000 0.000 0.000 0.000 0.000 0.000 0.000 0.000 0.000 0.000 0.000
-999.250 -999.250 -999.250 -999.250 -999.250 -999.250 -999.250 -999.250 -999.250 -999.250 -999.250 -999.250 -999.250 -999.250 -999.250 -999.250 -999.250 -999.250 -999.250 -999.250 -999.250 -999.250 -999.250 -999.250 -999.250 -999.250 -999.250 -999.250 -999.250 -999.250 49.120 54.130 56.753 45.802 36.378 42.881 31.604 26.930 19.514 14.047 10.439 9.538 8.429 4.636 2.785 1.677 0.174 2.636 1.305 0.000 0.393 0.022 0.000 0.000 0.000 0.000 0.000 0.000 0.000 0.000 0.000 0.000 0.000 0.000 0.000 0.000 0.000 0.000 0.000
-999.250 -999.250 -999.250 -999.250 -999.250 -999.250 -999.250 -999.250 -999.250 -999.250 -999.250 -999.250 -999.250 -999.250 -999.250 -999.250 -999.250 -999.250 -999.250 -999.250 -999.250 -999.250 -999.250 -999.250 -999.250 -999.250 -999.250 -999.250 -999.250 -999.250 -999.250 50.108 43.206 40.805 42.662 37.087 32.343 22.267 19.744 15.397 11.746 9.688 7.322 5.611 2.134 0.132 0.000 0.440 0.000 0.007 0.085 0.000 0.000 0.000 0.000 0.000 0.000 0.000 0.000 0.000 0.000 0.000 0.000 0.000 0.000 0.000 0.000 0.000 0.000
-999.250 -999.250 -999.250 -999.250 -999.250 -999.250 -999.250 -999.250 -999.250 -999.250 -999.250 -999.250 -999.250 -999.250 -999.250 -999.250 -999.250 -999.250 -999.250 -999.250 -999.250 -999.250 -999.250 -999.250 -999.250 -999.250 -999.250 -999.250 -999.250 -999.250 40.821 39.720 47.053 45.530 48.610 35.745 27.635 22.719 17.517 13.853 10.916 7.527 6.531 6.695 4.248 1.803 0.446 0.176 0.000 0.000 0.000 0.000 0.000 0.000 0.000 0.000 0.000 0.000 0.000 0.000 0.000 0.000 0.000 0.000 0.000 0.000 0.000 0.000 0.000
-999.250 -999.250 -999.250 -999.250 -999.250 -999.250 -999.250 -999.250 -999.250 -999.250 -999.250 -999.250 -999.250 -999.250 -999.250 -999.250 -999.250 -999.250 -999.250 -999.250 -999.250 -999.250 -999.250 -999.250 -999.250 -999.250 -999.250 -999.250 -999.250 -999.250 41.763 34.203 41.009 35.831 37.947 28.381 23.219 18.128 16.232 12.973 11.046 10.791 6.354 6.176 2.845 3.911 2.393 0.264 0.348 0.000 0.000 0.000 0.000 0.000 0.000 0.000 0.000 0.000 0.000 0.000 0.000 0.000 0.000 0.000 0.000 0.000 0.000 0.000 0.000
-999.250 -999.250 -999.250 -999.250 -999.250 -999.250 -999.250 -999.250 -999.250 -999.250 -999.250 -999.250 -999.250 -999.250 -999.250 -999.250 -999.250 -999.250 -999.250 -999.250 -999.250 -999.250 -999.250 -999.250 -999.250 -999.250 -999.250 -999.250 -999.250 -999.250 35.754 38.286 37.358 30.424 31.091 19.973 20.254 15.280 13.507 13.608 13.404 9.266 9.104 7.965 6.693 5.075 2.420 2.777 0.909 0.000 0.000 0.000 0.000 0.000 0.000 0.000 0.000 0.000 0.000 0.000 0.000 0.000 0.000 0.000 0.000 0.000 0.000 0.000 0.000
-999.250 -999.250 -999.250 -999.250 -999.250 -999.250 -999.250 -999.250 -999.250 -999.250 -999.250 -999.250 -999.250 -999.250 -999.250 -999.250 -999.250 -999.250 -999.250 -999.250 -999.250 -999.250 -999.250 -999.250 -999.250 -999.250 -999.250 -999.250 -999.250 -999.250 33.495 30.495 35.716 29.331 25.680 21.449 14.676 12.021 11.079 12.518 13.865 10.692 9.088 7.275 4.030 3.015 4.236 2.636 2.501 0.518 0.000 0.000 0.000 0.000 0.000 0.000 0.000 0.000 0.000 0.000 0.000 0.000 0.000 0.000 0.000 0.000 0.000 0.000 0.000
-999.250 -999.250 -999.250 -999.250 -999.250 -999.250 -999.250 -999.250 -999.250 -999.250 -999.250 -999.250 -999.250 -999.250 -999.250 -999.250 -999.250 -999.250 -999.250 -999.250 -999.250 -999.250 -999.250 -999.250 -999.250 -999.250 -999.250 -999.250 -999.250 -999.250 20.888 28.851 30.449 27.394 21.515 24.389 16.159 13.018 9.577 12.391 12.081 10.221 8.498 8.514 6.431 4.196 3.304 3.630 0.555 0.027 0.000 0.000 0.000 0.000 0.000 0.000 0.000 0.000 0.000 0.000 0.000 0.000 0.000 0.000 0.000 0.000 0.000 0.000 0.000
-999.250 -999.250 -999.250 -999.250 -999.250 -999.250 -999.250 -999.250 -999.250 -999.250 -999.250 -999.250 -999.250 -999.250 -999.250 -999.250 -999.250 -999.250 -999.250 -999.250 -999.250 -999.250 -999.250 -999.250 -999.250 -999.250 -999.250 -999.250 -999.250 -999.250 -999.250 18.080 23.774 20.114 20.888 16.050 10.621 10.674 8.027 8.783 10.851 10.819 9.948 9.479 10.309 5.609 5.484 2.217 1.409 0.000 0.000 0.000 0.000 0.000 0.000 0.000 0.000 0.000 0.000 0.000 0.000 0.000 0.000 0.000 0.000 0.000 0.000 0.000 0.000
-999.250 -999.250 -999.250 -999.250 -999.250 -999.250 -999.250 -999.250 -999.250 -999.250 -999.250 -999.250 -999.250 -999.250 -999.250 -999.250 -999.250 -999.250 -999.250 -999.250 -999.250 -999.250 -999.250 -999.250 -999.250 -999.250 -999.250 -999.250 -999.250 -999.250 -999.250 14.691 18.555 14.799 14.490 12.294 12.922 12.544 11.224 11.088 11.999 8.873 9.014 9.305 10.805 4.802 4.969 4.704 1.596 1.779 0.000 0.000 0.000 0.000 0.000 0.000 0.000 0.000 0.000 0.000 0.000 0.000 0.000 0.000 0.000 0.000 0.000 0.000 0.000
-999.250 -999.250 -999.250 -999.250 -999.250 -999.250 -999.250 -999.250 -999.250 -999.250 -999.250 -999.250 -999.250 -999.250 -999.250 -999.250 -999.250 -999.250 -999.250 -999.250 -999.250 -999.250 -999.250 -999.250 -999.250 -999.250 -999.250 -999.250 -999.250 -999.250 13.627 13.808 14.751 13.271 11.727 11.516 13.902 13.400 12.569 12.544 11.945 10.175 10.257 10.095 8.490 7.036 5.623 3.566 1.642 0.000 0.000 0.000 0.000 0.000 0.000 0.000 0.000 0.000 0.000 0.000 0.000 0.000 0.000 0.000 0.000 0.000 0.000 0.000 0.000
