data/medianmodel_08-Nov-2020.asc
ncols	141
nrows	288
xllcorner	-120191.398
yllcorner	-301404.813
cellsize	2000.000
NODATA_value	-999.250
[rows 116 to 144 of 288, columns 65 to 129 of 141]
215.771 240.290 268.995 269.026 285.809 291.785 317.602 322.972 315.889 328.614 346.126 361.476 360.792 376.253 425.806 456.151 468.358 476.417 551.855 588.163 560.838 585.425 575.002 563.944 525.580 547.945 579.830 565.481 549.662 551.805 521.928 484.611 488.809 489.411 474.618 522.230 478.247 451.632 457.930 481.834 473.476 479.091 455.922 505.320 468.682 525.038 460.128 447.312 -999.250 -999.250 -999.250 -999.250 -999.250 -999.250 -999.250 -999.250 -999.250 -999.250 -999.250 -999.250 -999.250 -999.250 -999.250 -999.250 -999.250
186.871 210.287 209.206 208.774 223.758 261.292 260.982 249.122 274.441 294.170 306.854 337.081 366.121 421.451 439.782 452.461 456.683 467.553 544.084 518.379 542.342 537.726 526.179 531.101 574.965 547.186 539.394 574.800 502.374 489.326 491.266 506.471 508.806 501.713 529.291 526.640 481.546 518.288 521.417 527.883 521.960 508.317 586.365 535.256 552.694 492.757 460.927 458.816 -999.250 -999.250 -999.250 -999.250 -999.250 -999.250 -999.250 -999.250 -999.250 -999.250 -999.250 -999.250 -999.250 -999.250 -999.250 -999.250 -999.250
167.918 173.284 173.157 183.053 210.731 194.923 242.554 247.122 248.106 264.101 297.379 315.282 313.294 334.830 393.647 420.433 465.896 473.064 530.516 514.111 533.029 522.032 509.699 496.181 501.673 498.539 468.533 505.582 524.958 511.150 531.991 548.706 548.054 558.388 569.827 542.052 568.341 572.576 586.247 557.266 557.056 595.925 535.950 528.488 597.659 512.794 497.733 510.844 429.584 -999.250 -999.250 -999.250 -999.250 -999.250 -999.250 -999.250 -999.250 -999.250 -999.250 -999.250 -999.250 -999.250 -999.250 -999.250 -999.250
183.500 166.453 160.950 143.586 164.008 181.680 209.202 198.427 224.278 231.825 277.626 264.735 327.777 327.999 335.779 380.500 452.104 492.565 550.597 573.068 504.412 524.967 537.829 479.368 473.015 491.792 483.394 513.944 457.085 520.846 551.888 546.952 572.479 574.691 589.608 651.677 740.571 668.573 625.710 635.961 643.683 633.223 632.038 660.752 583.128 607.416 551.021 500.518 -999.250 -999.250 -999.250 -999.250 -999.250 -999.250 -999.250 -999.250 -999.250 -999.250 -999.250 -999.250 -999.250 -999.250 -999.250 -999.250 -999.250
165.833 154.655 168.686 136.813 141.884 158.382 162.646 161.207 189.605 234.046 249.602 260.091 314.083 330.116 347.079 370.739 411.511 462.678 486.166 515.326 512.609 461.792 497.842 509.899 491.561 506.389 503.374 462.755 484.896 506.359 557.767 637.468 691.220 672.081 714.600 694.350 718.528 654.447 639.813 658.429 704.727 705.782 644.049 702.871 591.644 620.251 563.895 523.297 -999.250 -999.250 -999.250 -999.250 -999.250 -999.250 -999.250 -999.250 -999.250 -999.250 -999.250 -999.250 -999.250 -999.250 -999.250 -999.250 -999.250
146.835 146.354 142.983 123.081 115.331 83.824 131.652 148.625 189.460 222.153 249.790 265.554 316.116 331.778 320.949 335.548 396.631 419.433 457.906 496.984 475.286 487.152 476.658 466.311 503.123 499.916 486.289 505.368 461.177 491.117 559.741 615.841 698.048 665.154 710.069 734.408 720.065 818.890 702.147 723.543 719.820 690.894 686.861 626.779 627.724 721.102 558.624 546.017 -999.250 -999.250 -999.250 -999.250 -999.250 -999.250 -999.250 -999.250 -999.250 -999.250 -999.250 -999.250 -999.250 -999.250 -999.250 -999.250 -999.250
152.165 127.177 133.739 107.672 84.526 39.976 106.950 154.082 176.873 214.778 222.683 294.205 310.169 313.263 313.668 334.641 355.888 368.091 403.075 437.035 464.029 466.839 436.663 450.462 490.913 478.144 485.856 490.125 462.564 549.148 583.872 627.208 691.066 716.967 746.139 798.771 815.017 745.170 773.557 756.422 782.311 821.044 761.941 701.097 642.835 653.056 592.159 519.024 -999.250 -999.250 -999.250 -999.250 -999.250 -999.250 -999.250 -999.250 -999.250 -999.250 -999.250 -999.250 -999.250 -999.250 -999.250 -999.250 -999.250
151.367 145.384 141.428 110.069 101.611 99.893 133.172 173.784 209.043 235.295 249.313 280.540 293.724 299.301 323.128 322.641 326.689 355.613 374.531 385.838 424.274 446.044 446.061 443.165 426.392 496.869 458.798 445.919 483.717 522.500 563.129 590.928 715.741 790.564 827.214 895.188 821.000 790.022 798.910 840.429 774.678 741.311 725.764 621.781 612.855 681.466 629.769 -999.250 -999.250 -999.250 -999.250 -999.250 -999.250 -999.250 -999.250 -999.250 -999.250 -999.250 -999.250 -999.250 -999.250 -999.250 -999.250 -999.250 -999.250
154.380 155.365 159.282 145.328 137.702 150.518 161.022 195.102 216.106 269.115 275.311 267.748 268.195 280.682 307.678 317.245 316.358 368.759 389.278 396.412 400.177 413.413 410.350 403.537 435.451 388.680 443.581 427.347 460.369 525.785 488.423 539.251 562.945 715.214 807.995 849.882 853.859 863.190 839.040 816.970 766.402 733.120 698.109 568.050 562.411 552.985 577.450 -999.250 -999.250 -999.250 -999.250 -999.250 -999.250 -999.250 -999.250 -999.250 -999.250 -999.250 -999.250 -999.250 -999.250 -999.250 -999.250 -999.250 -999.250
180.974 190.114 177.039 174.439 159.504 176.315 209.178 234.539 255.942 273.645 257.904 252.945 274.638 283.169 305.312 313.252 319.112 362.081 351.328 385.902 354.994 375.519 388.213 393.094 430.819 425.870 424.330 422.455 423.327 485.035 488.755 564.735 615.380 759.367 728.632 754.844 796.517 879.173 802.002 813.246 716.789 640.752 573.081 541.543 540.327 552.415 483.663 -999.250 -999.250 -999.250 -999.250 -999.250 -999.250 -999.250 -999.250 -999.250 -999.250 -999.250 -999.250 -999.250 -999.250 -999.250 -999.250 -999.250 -999.250
205.597 194.612 238.510 206.871 241.035 255.508 263.426 281.799 289.925 292.801 271.591 282.554 264.549 301.068 302.604 321.050 300.967 333.842 334.424 351.513 331.453 351.297 339.088 366.028 364.810 432.487 423.775 426.064 433.843 465.412 544.956 516.088 630.988 705.915 724.074 745.024 795.165 821.954 761.457 750.725 744.306 604.149 581.172 555.815 502.052 527.878 540.622 -999.250 -999.250 -999.250 -999.250 -999.250 -999.250 -999.250 -999.250 -999.250 -999.250 -999.250 -999.250 -999.250 -999.250 -999.250 -999.250 -999.250 -999.250
220.966 231.081 265.028 260.562 255.299 270.654 330.326 324.786 331.668 308.008 284.454 276.526 274.409 308.024 295.495 296.281 324.746 307.280 309.201 307.597 304.649 323.562 317.349 329.346 362.317 380.776 428.419 440.871 467.991 468.677 476.914 505.183 624.700 666.106 696.361 702.781 765.431 799.634 785.421 710.047 647.072 574.153 541.406 486.098 450.962 527.932 -999.250 -999.250 -999.250 -999.250 -999.250 -999.250 -999.250 -999.250 -999.250 -999.250 -999.250 -999.250 -999.250 -999.250 -999.250 -999.250 -999.250 -999.250 -999.250
271.055 294.916 296.501 334.564 343.829 347.487 371.389 338.740 377.777 349.295 316.737 308.405 286.697 301.279 293.955 329.337 322.853 286.716 306.045 289.855 297.992 287.465 294.498 286.610 331.002 393.893 384.929 411.465 417.623 416.548 485.710 520.163 599.527 588.576 623.784 643.390 666.720 662.997 693.462 640.906 608.890 539.504 506.354 536.320 500.204 -999.250 -999.250 -999.250 -999.250 -999.250 -999.250 -999.250 -999.250 -999.250 -999.250 -999.250 -999.250 -999.250 -999.250 -999.250 -999.250 -999.250 -999.250 -999.250 -999.250
288.291 315.476 331.017 374.792 407.968 377.346 404.351 410.120 391.968 369.638 367.795 317.558 346.039 310.030 309.050 337.122 342.022 337.997 322.734 275.057 308.716 309.034 284.877 297.063 306.078 334.144 365.493 382.950 410.604 409.299 436.118 429.792 504.896 542.558 545.547 580.594 579.193 573.000 590.681 552.758 543.358 571.284 544.835 461.595 -999.250 -999.250 -999.250 -999.250 -999.250 -999.250 -999.250 -999.250 -999.250 -999.250 -999.250 -999.250 -999.250 -999.250 -999.250 -999.250 -999.250 -999.250 -999.250 -999.250 -999.250
308.036 358.523 387.599 399.577 445.224 447.296 432.500 444.931 444.025 407.453 399.688 355.043 341.154 359.959 327.386 346.081 337.130 302.854 282.139 312.462 306.662 292.433 311.571 310.508 293.005 319.524 349.480 366.033 386.380 407.767 426.478 468.242 484.028 452.253 501.772 518.001 475.168 437.853 479.864 512.817 479.355 526.118 525.645 472.068 -999.250 -999.250 -999.250 -999.250 -999.250 -999.250 -999.250 -999.250 -999.250 -999.250 -999.250 -999.250 -999.250 -999.250 -999.250 -999.250 -999.250 -999.250 -999.250 -999.250 -999.250
344.643 406.929 408.722 468.410 475.353 471.382 465.728 457.139 458.144 455.855 417.415 356.197 343.976 355.607 341.175 315.699 314.187 297.192 293.778 295.386 307.987 302.898 284.906 288.611 278.444 307.474 297.078 352.196 421.120 381.162 427.927 417.944 443.998 431.409 452.201 474.962 447.004 426.953 426.509 450.884 496.498 482.116 440.225 468.935 -999.250 -999.250 -999.250 -999.250 -999.250 -999.250 -999.250 -999.250 -999.250 -999.250 -999.250 -999.250 -999.250 -999.250 -999.250 -999.250 -999.250 -999.250 -999.250 -999.250 -999.250
366.442 406.603 436.138 493.156 523.395 516.476 500.981 487.964 459.403 440.869 421.047 379.493 320.338 356.654 339.954 314.846 350.384 316.264 301.545 277.310 300.427 305.568 297.071 276.414 271.684 290.265 319.843 346.569 383.338 382.738 401.256 412.005 398.325 437.868 456.718 458.247 478.692 432.618 415.303 499.135 477.331 532.387 460.021 418.230 -999.250 -999.250 -999.250 -999.250 -999.250 -999.250 -999.250 -999.250 -999.250 -999.250 -999.250 -999.250 -999.250 -999.250 -999.250 -999.250 -999.250 -999.250 -999.250 -999.250 -999.250
357.079 409.924 436.002 532.484 589.202 513.956 495.187 491.073 459.120 432.953 398.420 396.081 364.874 349.826 354.836 322.931 313.300 308.599 292.543 287.412 279.997 268.900 267.365 257.590 254.709 281.514 283.741 315.977 368.424 377.699 395.984 372.016 385.780 387.371 432.876 439.440 431.114 419.247 417.678 495.858 513.130 487.290 440.407 -999.250 -999.250 -999.250 -999.250 -999.250 -999.250 -999.250 -999.250 -999.250 -999.250 -999.250 -999.250 -999.250 -999.250 -999.250 -999.250 -999.250 -999.250 -999.250 -999.250 -999.250 -999.250
326.456 416.901 409.176 489.444 538.861 487.282 472.853 457.451 448.609 415.060 434.599 406.423 375.530 358.903 333.361 306.326 302.496 297.472 291.292 261.124 255.373 256.253 251.534 264.740 248.133 265.344 293.336 299.301 321.634 350.754 350.985 362.412 399.288 410.611 378.260 428.085 417.117 460.373 441.696 439.596 466.626 461.439 438.997 -999.250 -999.250 -999.250 -999.250 -999.250 -999.250 -999.250 -999.250 -999.250 -999.250 -999.250 -999.250 -999.250 -999.250 -999.250 -999.250 -999.250 -999.250 -999.250 -999.250 -999.250 -999.250
297.644 369.706 435.434 471.166 492.565 495.299 450.567 419.177 418.218 446.833 420.631 412.626 371.186 359.783 318.640 306.090 294.422 285.242 284.210 255.126 257.450 239.222 243.903 272.894 277.115 256.661 295.342 289.056 308.291 345.700 332.673 341.944 367.679 367.270 416.942 405.410 420.851 432.830 411.635 432.137 442.905 467.545 418.242 -999.250 -999.250 -999.250 -999.250 -999.250 -999.250 -999.250 -999.250 -999.250 -999.250 -999.250 -999.250 -999.250 -999.250 -999.250 -999.250 -999.250 -999.250 -999.250 -999.250 -999.250 -999.250
279.283 341.953 409.683 421.288 424.144 462.008 451.723 425.116 404.594 389.668 378.285 367.616 360.301 325.487 286.260 280.751 277.268 285.249 251.107 251.154 253.200 210.106 239.217 248.909 274.715 253.546 234.551 265.344 293.085 309.791 337.784 326.398 369.878 401.577 395.986 419.666 409.731 421.688 399.300 410.825 431.834 429.405 421.247 -999.250 -999.250 -999.250 -999.250 -999.250 -999.250 -999.250 -999.250 -999.250 -999.250 -999.250 -999.250 -999.250 -999.250 -999.250 -999.250 -999.250 -999.250 -999.250 -999.250 -999.250 -999.250
279.031 294.666 351.581 386.506 382.936 386.061 367.727 402.796 376.278 376.981 366.358 358.776 324.327 312.471 290.137 283.148 252.315 224.994 248.765 237.073 210.119 223.033 241.628 239.411 228.434 246.880 234.718 278.784 304.035 292.798 293.828 324.806 374.168 329.368 344.268 331.312 362.458 395.964 378.772 361.614 373.864 402.704 -999.250 -999.250 -999.250 -999.250 -999.250 -999.250 -999.250 -999.250 -999.250 -999.250 -999.250 -999.250 -999.250 -999.250 -999.250 -999.250 -999.250 -999.250 -999.250 -999.250 -999.250 -999.250 -999.250
244.581 287.600 299.381 302.553 345.538 368.238 374.500 393.824 348.875 336.872 323.619 325.891 307.488 293.244 269.092 246.748 257.378 193.099 208.315 201.054 195.928 -999.250 -999.250 -999.250 -999.250 222.008 235.893 263.629 250.053 256.057 -999.250 -999.250 -999.250 -999.250 -999.250 -999.250 -999.250 -999.250 -999.250 -999.250 -999.250 -999.250 -999.250 -999.250 -999.250 -999.250 -999.250 -999.250 -999.250 -999.250 -999.250 -999.250 -999.250 -999.250 -999.250 -999.250 -999.250 -999.250 -999.250 -999.250 -999.250 -999.250 -999.250 -999.250 -999.250
194.106 215.407 255.275 291.614 311.470 349.800 353.232 371.281 319.541 324.334 299.000 279.068 285.906 270.532 261.769 218.176 195.817 228.848 195.614 173.221 190.352 -999.250 -999.250 -999.250 -999.250 -999.250 -999.250 -999.250 -999.250 -999.250 -999.250 -999.250 -999.250 -999.250 -999.250 -999.250 -999.250 -999.250 -999.250 -999.250 -999.250 -999.250 -999.250 -999.250 -999.250 -999.250 -999.250 -999.250 -999.250 -999.250 -999.250 -999.250 -999.250 -999.250 -999.250 -999.250 -999.250 -999.250 -999.250 -999.250 -999.250 -999.250 -999.250 -999.250 -999.250
163.840 178.106 214.905 246.254 277.376 284.204 278.782 289.317 295.849 284.918 281.168 270.931 256.981 238.259 199.792 190.690 180.086 170.894 163.787 158.472 163.167 -999.250 -999.250 -999.250 -999.250 -999.250 -999.250 -999.250 -999.250 -999.250 -999.250 -999.250 -999.250 -999.250 -999.250 -999.250 -999.250 -999.250 -999.250 -999.250 -999.250 -999.250 -999.250 -999.250 -999.250 -999.250 -999.250 -999.250 -999.250 -999.250 -999.250 -999.250 -999.250 -999.250 -999.250 -999.250 -999.250 -999.250 -999.250 -999.250 -999.250 -999.250 -999.250 -999.250 -999.250
127.752 146.037 164.700 210.647 211.887 216.781 236.234 265.890 272.951 243.072 241.355 241.506 227.932 214.122 171.778 171.738 148.955 156.148 155.451 159.614 140.479 149.751 -999.250 -999.250 -999.250 -999.250 -999.250 -999.250 -999.250 -999.250 -999.250 -999.250 -999.250 -999.250 -999.250 -999.250 -999.250 -999.250 -999.250 -999.250 -999.250 -999.250 -999.250 -999.250 -999.250 -999.250 -999.250 -999.250 -999.250 -999.250 -999.250 -999.250 -999.250 -999.250 -999.250 -999.250 -999.250 -999.250 -999.250 -999.250 -999.250 -999.250 -999.250 -999.250 -999.250
103.000 143.684 145.948 180.125 177.330 191.313 225.649 238.865 236.149 210.892 203.846 192.160 182.253 169.711 154.318 134.964 144.537 131.846 137.921 135.777 127.859 120.102 139.349 -999.250 -999.250 -999.250 -999.250 -999.250 -999.250 -999.250 -999.250 -999.250 -999.250 -999.250 -999.250 -999.250 -999.250 -999.250 -999.250 -999.250 -999.250 -999.250 -999.250 -999.250 -999.250 -999.250 -999.250 -999.250 -999.250 -999.250 -999.250 -999.250 -999.250 -999.250 -999.250 -999.250 -999.250 -999.250 -999.250 -999.250 -999.250 -999.250 -999.250 -999.250 -999.250
134.819 138.067 150.515 168.793 170.764 178.449 203.673 218.756 188.823 184.783 188.689 196.566 161.245 130.402 127.966 117.931 92.957 104.355 111.014 111.650 111.942 106.469 120.349 137.680 -999.250 -999.250 -999.250 -999.250 -999.250 -999.250 -999.250 -999.250 -999.250 -999.250 -999.250 -999.250 -999.250 -999.250 -999.250 -999.250 -999.250 -999.250 -999.250 -999.250 -999.250 -999.250 -999.250 -999.250 -999.250 -999.250 -999.250 -999.250 -999.250 -999.250 -999.250 -999.250 -999.250 -999.250 -999.250 -999.250 -999.250 -999.250 -999.250 -999.250 -999.250
148.593 135.919 153.443 152.704 170.172 171.076 183.046 201.170 181.202 176.402 172.142 172.345 145.462 137.534 98.674 88.742 69.049 72.756 90.115 77.755 89.589 91.343 92.954 93.284 -999.250 -999.250 -999.250 -999.250 -999.250 -999.250 -999.250 -999.250 -999.250 -999.250 -999.250 -999.250 -999.250 -999.250 -999.250 -999.250 -999.250 -999.250 -999.250 -999.250 -999.250 -999.250 -999.250 -999.250 -999.250 -999.250 -999.250 -999.250 -999.250 -999.250 -999.250 -999.250 -999.250 -999.250 -999.250 -999.250 -999.250 -999.250 -999.250 -999.250 -999.250
