data/medianmodel_19-Jun-2020.asc
ncols	141
nrows	288
xllcorner	-120191.398
yllcorner	-301404.813
cellsize	2000.000
NODATA_value	-999.250
[rows 186 to 216 of 288, columns 0 to 68 of 141]
86.540 99.792 93.671 110.117 94.509 94.262 101.934 108.077 144.569 209.503 204.441 196.790 158.892 119.795 114.192 96.705 127.442 89.614 -999.250 -999.250 -999.250 -999.250 -999.250 44.710 40.455 48.910 55.520 42.124 27.105 27.288 30.533 24.651 25.441 18.854 23.063 15.139 17.934 20.015 12.896 14.180 11.031 9.469 8.728 5.804 5.908 5.795 6.473 4.044 2.542 0.202 2.730 0.713 0.000 0.000 0.000 0.000 0.000 0.000 0.000 0.000 0.000 0.000 0.000 0.000 0.000 0.000 0.000 0.000 0.000
-999.250 106.242 88.719 85.551 107.163 91.769 93.683 96.258 88.794 135.856 169.904 225.623 252.572 141.541 97.431 84.694 95.706 105.628 -999.250 -999.250 -999.250 -999.250 41.121 34.335 36.589 44.091 41.820 39.299 24.741 29.423 27.050 26.953 25.285 17.348 22.262 18.570 18.492 15.010 13.084 12.151 11.275 9.599 9.548 7.513 8.891 3.775 4.576 5.778 3.809 1.159 1.323 0.714 0.880 0.000 0.000 0.000 0.000 0.000 0.000 0.000 0.000 0.000 0.000 0.000 0.000 0.000 0.000 0.000 1.509
-999.250 94.260 84.317 62.227 82.157 77.431 79.765 92.749 89.635 92.862 118.026 195.569 189.375 115.664 96.193 106.768 86.420 94.936 -999.250 -999.250 -999.250 35.018 -999.250 28.795 25.139 31.431 24.840 18.678 26.138 30.595 29.664 23.921 22.990 19.246 21.647 17.170 14.822 16.817 11.676 12.790 10.841 10.626 6.276 7.581 6.804 3.141 3.873 2.646 4.398 3.547 3.882 1.038 0.000 0.000 0.000 0.000 0.000 0.000 0.000 0.000 0.000 0.189 0.000 0.000 0.000 0.000 0.000 0.000 2.419
-999.250 80.067 63.724 54.520 70.475 73.049 82.043 77.227 77.603 74.404 77.547 103.119 118.085 88.749 77.880 75.476 84.128 -999.250 -999.250 -999.250 -999.250 29.333 23.478 22.715 21.508 28.587 24.163 15.590 16.203 19.684 16.449 22.183 28.202 19.484 17.304 17.030 20.131 15.995 10.624 8.032 12.654 9.280 7.331 7.937 7.734 4.796 4.645 3.819 3.703 3.340 4.308 1.015 0.512 0.000 0.097 0.000 0.000 0.000 0.000 0.000 0.000 0.554 2.974 2.660 1.607 1.936 2.457 3.859 4.449
-999.250 64.817 69.495 72.563 68.219 63.983 84.448 71.471 72.137 65.488 70.120 89.060 77.390 65.792 63.389 69.682 69.125 -999.250 -999.250 -999.250 39.470 32.706 22.564 19.201 21.003 16.080 18.436 13.473 20.215 14.916 15.325 22.978 26.791 22.575 19.723 17.471 15.532 12.314 8.818 10.225 9.195 9.459 6.564 5.641 5.352 2.498 3.533 0.000 5.013 4.080 5.309 3.452 2.558 0.891 0.000 0.000 0.968 1.012 0.793 2.060 0.135 0.705 3.460 4.532 4.436 6.836 3.263 2.181 7.442
-999.250 -999.250 -999.250 67.043 -999.250 -999.250 86.317 61.930 63.489 -999.250 -999.250 -999.250 45.151 57.372 -999.250 -999.250 -999.250 -999.250 -999.250 -999.250 31.966 26.356 21.462 19.740 18.243 25.569 18.416 8.708 13.252 16.115 17.545 23.583 26.252 16.419 17.461 12.238 15.525 10.258 9.195 12.091 7.008 7.000 6.465 5.074 3.149 3.971 1.945 0.840 3.195 0.000 4.963 3.684 1.329 0.506 0.000 0.000 0.000 0.000 2.146 4.904 1.720 4.260 6.997 4.590 5.247 5.092 5.693 5.888 7.872
-999.250 -999.250 -999.250 -999.250 -999.250 -999.250 -999.250 -999.250 -999.250 -999.250 -999.250 -999.250 -999.250 66.972 56.204 57.106 -999.250 -999.250 -999.250 47.676 41.742 31.284 31.874 20.469 15.738 16.473 15.728 10.884 8.437 14.210 14.211 18.121 21.472 27.630 17.020 15.596 13.295 10.494 9.931 8.200 7.568 7.538 8.768 7.904 5.420 8.885 4.298 4.657 1.692 3.243 3.938 2.963 2.007 0.272 0.000 0.000 0.000 0.000 1.893 4.622 5.790 5.671 5.038 1.832 4.119 5.399 10.172 12.501 11.613
-999.250 -999.250 -999.250 -999.250 -999.250 -999.250 -999.250 -999.250 -999.250 -999.250 -999.250 53.174 59.876 58.344 55.170 57.383 -999.250 -999.250 49.224 70.528 59.813 42.786 34.258 24.811 18.181 10.183 10.376 11.084 10.734 19.591 14.921 15.639 15.730 16.077 14.425 18.087 16.604 10.145 8.860 6.271 7.724 7.001 5.820 8.963 6.332 3.173 3.374 5.115 3.349 6.217 6.122 4.180 1.664 0.000 0.000 0.000 0.000 0.000 3.013 5.297 3.341 3.846 3.527 6.291 2.846 6.962 9.640 13.107 13.107
-999.250 -999.250 -999.250 -999.250 -999.250 -999.250 -999.250 -999.250 -999.250 -999.250 -999.250 54.472 52.288 60.373 47.745 42.873 38.608 40.482 47.240 51.490 58.123 82.289 52.501 31.865 22.740 11.711 17.116 11.612 9.679 14.537 13.507 14.244 9.621 17.363 15.304 15.854 8.955 9.327 6.143 7.555 5.833 9.822 8.383 5.936 5.871 5.036 3.009 2.578 6.254 5.855 4.432 4.922 5.704 4.596 0.653 0.000 0.000 0.000 2.440 5.827 7.432 6.380 5.336 4.406 4.186 10.246 8.613 16.422 12.675
-999.250 -999.250 -999.250 -999.250 -999.250 -999.250 -999.250 -999.250 -999.250 -999.250 -999.250 -999.250 51.980 46.264 34.632 39.410 52.458 48.487 30.905 36.191 45.051 59.890 53.383 30.813 23.289 13.853 16.134 12.310 13.232 11.418 14.816 16.638 11.919 15.668 14.358 14.937 12.758 11.657 7.377 5.875 7.117 8.367 8.599 6.969 8.204 5.775 5.105 2.327 4.869 4.392 3.624 4.419 2.569 2.351 0.794 0.000 0.000 1.585 5.114 8.153 7.442 10.026 9.619 9.746 9.283 13.514 11.785 9.036 20.108
-999.250 -999.250 -999.250 -999.250 -999.250 -999.250 -999.250 -999.250 -999.250 -999.250 -999.250 -999.250 -999.250 40.954 36.182 37.486 32.011 28.441 35.188 36.407 41.525 50.075 46.395 30.480 22.088 18.825 16.858 15.253 16.012 12.156 14.312 15.599 12.183 15.159 14.887 13.267 10.625 11.113 8.260 6.466 7.314 6.835 4.525 3.560 3.342 5.797 7.018 3.987 4.721 2.942 2.609 2.188 1.322 3.875 4.297 4.170 3.134 3.254 4.878 7.180 10.120 12.276 9.096 10.605 13.014 13.193 12.687 18.589 23.188
-999.250 -999.250 -999.250 -999.250 -999.250 -999.250 -999.250 -999.250 -999.250 -999.250 -999.250 -999.250 -999.250 41.363 26.876 47.217 30.220 26.715 22.127 21.057 27.963 28.095 28.504 28.287 25.742 15.066 13.700 15.408 17.056 13.529 10.292 9.927 12.510 11.757 13.848 12.406 8.503 9.275 14.261 8.480 8.503 8.002 4.518 4.349 5.622 5.320 5.069 3.113 0.725 4.827 2.218 1.963 3.470 4.745 4.949 5.056 2.767 5.001 5.967 7.085 11.457 10.003 10.709 12.948 12.570 16.245 13.953 17.482 19.005
-999.250 -999.250 -999.250 -999.250 -999.250 -999.250 -999.250 -999.250 -999.250 -999.250 -999.250 -999.250 -999.250 39.776 49.566 31.421 28.882 20.909 17.503 15.308 20.666 18.219 25.583 21.681 21.652 16.086 16.178 15.165 18.501 16.358 13.401 8.907 10.381 10.499 11.502 9.422 10.154 7.371 8.393 11.347 9.347 5.572 4.745 4.058 4.117 6.351 2.845 2.236 2.812 3.880 4.764 4.602 4.693 3.765 6.526 6.140 6.511 6.693 6.192 9.134 13.415 9.779 8.410 9.526 15.155 9.518 12.026 16.088 25.268
-999.250 -999.250 -999.250 -999.250 -999.250 -999.250 -999.250 -999.250 -999.250 -999.250 -999.250 -999.250 -999.250 -999.250 44.862 35.750 23.916 22.427 23.140 18.462 16.825 17.865 20.955 22.546 21.127 14.702 12.882 14.212 15.991 12.184 13.298 11.164 16.890 16.686 13.193 11.218 8.170 6.507 8.988 7.900 6.268 4.505 5.527 4.507 4.898 5.421 3.519 1.882 2.708 2.041 4.079 4.229 5.743 6.425 6.234 9.949 9.542 8.134 8.801 9.752 7.240 12.707 11.041 11.303 13.446 12.247 10.358 16.011 17.318
-999.250 -999.250 -999.250 -999.250 -999.250 -999.250 -999.250 -999.250 -999.250 -999.250 -999.250 -999.250 -999.250 -999.250 34.910 49.299 25.593 20.483 16.150 16.974 19.585 20.761 19.528 18.684 15.599 12.112 11.126 15.871 27.796 16.811 10.676 13.902 19.562 19.668 12.116 5.930 7.737 7.867 9.371 6.936 5.158 2.289 6.424 4.806 8.534 4.642 3.759 2.328 2.180 2.745 4.641 0.575 1.265 5.232 8.224 8.923 7.416 10.378 11.777 10.464 6.872 12.058 14.449 9.181 12.671 18.000 19.481 16.113 19.717
-999.250 -999.250 -999.250 -999.250 -999.250 -999.250 -999.250 -999.250 -999.250 -999.250 -999.250 -999.250 -999.250 -999.250 30.336 47.908 29.033 33.768 22.828 21.625 19.487 22.102 22.290 18.608 18.788 20.246 12.292 16.168 13.581 12.960 14.576 15.634 17.068 15.048 11.318 8.293 11.222 10.984 10.607 4.925 5.522 3.185 8.087 5.687 3.624 3.382 6.087 3.369 3.534 3.254 0.975 0.559 4.388 6.552 4.976 6.135 7.183 12.279 9.204 9.191 10.459 12.576 13.907 10.527 17.940 22.257 19.515 28.363 27.152
-999.250 -999.250 -999.250 -999.250 -999.250 -999.250 -999.250 -999.250 -999.250 -999.250 -999.250 -999.250 -999.250 -999.250 33.487 41.518 26.195 27.973 27.313 21.915 20.957 20.123 19.370 22.991 14.980 -999.250 13.913 12.090 10.711 10.913 12.200 10.840 8.611 9.862 11.000 9.171 8.003 7.772 9.270 3.136 4.706 5.775 7.417 7.353 4.259 3.862 2.396 3.791 2.855 3.803 3.216 3.987 7.256 4.712 5.867 5.491 8.925 10.428 11.112 11.561 12.814 12.683 14.149 12.345 15.350 23.212 22.177 25.065 21.991
-999.250 -999.250 -999.250 -999.250 -999.250 -999.250 -999.250 -999.250 -999.250 -999.250 -999.250 -999.250 -999.250 -999.250 33.366 29.276 24.732 23.253 31.184 26.176 19.879 18.359 22.585 -999.250 -999.250 -999.250 16.757 11.963 9.855 7.042 8.262 10.412 11.892 10.096 8.503 11.157 11.692 9.629 6.326 6.215 4.798 10.764 7.054 5.602 5.883 4.590 3.906 3.307 4.500 2.821 2.488 6.050 5.464 7.488 8.909 6.462 8.533 10.010 11.715 15.412 16.910 10.287 14.488 15.923 17.887 19.802 21.539 28.503 27.245
-999.250 -999.250 -999.250 -999.250 -999.250 -999.250 -999.250 -999.250 -999.250 -999.250 -999.250 -999.250 -999.250 29.659 21.653 17.860 20.020 25.258 25.870 24.895 22.781 21.682 -999.250 -999.250 -999.250 -999.250 -999.250 14.907 8.421 6.741 9.103 13.762 14.864 12.527 9.905 7.118 7.522 10.481 7.216 7.473 6.147 4.351 4.348 5.042 7.010 3.595 0.680 1.114 5.437 2.317 5.282 5.271 4.903 5.621 6.964 12.390 11.001 9.439 11.480 10.104 11.617 9.027 14.954 18.821 19.198 19.267 15.856 29.576 33.005
-999.250 -999.250 -999.250 -999.250 -999.250 -999.250 -999.250 -999.250 -999.250 -999.250 -999.250 -999.250 -999.250 28.611 27.414 17.569 25.813 27.046 26.630 24.245 -999.250 -999.250 -999.250 -999.250 -999.250 -999.250 -999.250 -999.250 6.469 7.736 7.611 7.181 12.271 11.010 12.487 8.379 9.874 8.631 12.096 8.222 7.097 5.914 4.221 5.329 3.708 0.000 0.000 0.393 5.066 4.565 6.860 5.659 5.030 6.844 7.976 9.769 11.219 14.387 10.853 10.517 9.514 12.016 15.252 15.643 18.540 16.694 17.241 16.222 19.263
-999.250 -999.250 -999.250 -999.250 -999.250 -999.250 -999.250 -999.250 -999.250 -999.250 -999.250 -999.250 22.077 25.457 -999.250 -999.250 -999.250 -999.250 -999.250 -999.250 -999.250 -999.250 -999.250 -999.250 -999.250 -999.250 -999.250 -999.250 -999.250 9.508 7.086 7.803 11.845 11.353 12.810 9.830 4.581 10.561 7.856 7.586 6.172 6.706 2.239 3.656 3.116 0.000 0.000 1.484 3.829 6.585 5.447 4.226 7.379 8.054 8.417 9.495 12.586 12.438 8.396 10.436 11.388 16.848 16.200 21.600 21.715 17.417 17.335 21.293 23.766
-999.250 -999.250 -999.250 -999.250 -999.250 -999.250 -999.250 -999.250 -999.250 -999.250 -999.250 -999.250 -999.250 -999.250 -999.250 -999.250 -999.250 -999.250 -999.250 -999.250 -999.250 -999.250 -999.250 -999.250 -999.250 -999.250 -999.250 -999.250 -999.250 -999.250 6.838 6.068 9.035 8.001 7.722 9.426 4.035 5.921 7.358 5.790 5.027 2.276 2.096 2.956 0.678 0.835 0.929 2.679 2.369 4.823 5.055 4.724 5.787 5.864 5.931 9.875 11.969 10.478 7.171 7.747 10.983 9.998 17.015 16.592 14.439 19.319 16.661 16.303 19.045
-999.250 -999.250 -999.250 -999.250 -999.250 -999.250 -999.250 -999.250 -999.250 -999.250 -999.250 -999.250 -999.250 -999.250 -999.250 -999.250 -999.250 -999.250 -999.250 -999.250 -999.250 -999.250 -999.250 -999.250 -999.250 -999.250 -999.250 -999.250 -999.250 -999.250 6.781 7.439 5.548 6.910 7.048 5.854 6.104 4.110 3.683 5.422 5.245 0.000 0.000 0.000 0.588 0.854 0.478 3.907 5.398 1.651 4.852 5.114 7.256 5.433 4.757 6.777 10.370 11.288 9.473 9.592 9.390 13.920 17.011 10.872 16.866 21.432 17.979 15.960 18.575
-999.250 -999.250 -999.250 -999.250 -999.250 -999.250 -999.250 -999.250 -999.250 -999.250 -999.250 -999.250 -999.250 -999.250 -999.250 -999.250 -999.250 -999.250 -999.250 -999.250 -999.250 -999.250 -999.250 -999.250 -999.250 -999.250 -999.250 -999.250 -999.250 -999.250 4.632 5.156 2.142 4.268 4.574 7.085 4.900 3.320 4.624 1.904 0.541 0.000 0.000 0.000 0.000 0.212 1.180 2.366 3.977 0.720 3.835 6.321 6.253 5.306 6.519 8.640 15.902 9.712 9.653 6.974 11.450 14.844 12.119 15.150 20.483 19.041 17.806 19.181 14.843
-999.250 -999.250 -999.250 -999.250 -999.250 -999.250 -999.250 -999.250 -999.250 -999.250 -999.250 -999.250 -999.250 -999.250 -999.250 -999.250 -999.250 -999.250 -999.250 -999.250 -999.250 -999.250 -999.250 -999.250 -999.250 -999.250 -999.250 -999.250 -999.250 -999.250 -999.250 2.089 2.176 2.773 7.886 5.802 4.005 1.872 0.000 0.047 0.000 0.000 0.000 0.000 0.000 0.000 0.008 1.956 2.265 2.757 6.254 5.388 9.538 7.945 6.685 9.908 8.813 5.838 10.324 9.779 11.553 14.050 12.843 17.197 22.983 25.602 20.544 13.522 13.903
-999.250 -999.250 -999.250 -999.250 -999.250 -999.250 -999.250 -999.250 -999.250 -999.250 -999.250 -999.250 -999.250 -999.250 -999.250 -999.250 -999.250 -999.250 -999.250 -999.250 -999.250 -999.250 -999.250 -999.250 -999.250 -999.250 -999.250 -999.250 -999.250 -999.250 -999.250 0.058 0.123 2.388 2.391 3.736 4.381 3.089 0.000 0.453 0.000 0.000 0.000 0.000 0.000 0.296 2.349 2.309 0.484 2.126 3.074 5.599 6.846 5.041 4.370 7.041 6.554 11.024 8.783 9.218 7.106 8.056 10.629 11.790 18.068 38.873 23.856 14.276 11.937
-999.250 -999.250 -999.250 -999.250 -999.250 -999.250 -999.250 -999.250 -999.250 -999.250 -999.250 -999.250 -999.250 -999.250 -999.250 -999.250 -999.250 -999.250 -999.250 -999.250 -999.250 -999.250 -999.250 -999.250 -999.250 -999.250 -999.250 -999.250 -999.250 -999.250 -999.250 1.535 0.000 0.235 1.671 2.482 1.218 1.402 1.307 0.000 0.000 0.000 0.000 0.000 0.000 0.543 0.000 1.178 1.312 0.000 0.771 1.983 2.962 6.561 2.468 3.070 3.414 4.007 6.697 5.452 3.948 4.166 6.147 9.384 15.889 16.389 12.966 13.811 8.157
-999.250 -999.250 -999.250 -999.250 -999.250 -999.250 -999.250 -999.250 -999.250 -999.250 -999.250 -999.250 -999.250 -999.250 -999.250 -999.250 -999.250 -999.250 -999.250 -999.250 -999.250 -999.250 -999.250 -999.250 -999.250 -999.250 -999.250 -999.250 -999.250 -999.250 -999.250 0.000 0.000 0.000 0.177 0.000 1.258 0.000 0.000 0.539 0.000 0.000 0.000 0.000 0.000 0.000 0.000 0.000 0.312 1.722 3.795 4.001 3.531 3.446 0.309 3.853 3.100 3.629 2.912 3.584 3.791 3.781 6.739 8.930 7.755 9.081 5.837 5.423 7.838
-999.250 -999.250 -999.250 -999.250 -999.250 -999.250 -999.250 -999.250 -999.250 -999.250 -999.250 -999.250 -999.250 -999.250 -999.250 -999.250 -999.250 -999.250 -999.250 -999.250 -999.250 -999.250 -999.250 -999.250 -999.250 -999.250 -999.250 -999.250 -999.250 -999.250 -999.250 0.000 0.000 0.000 0.068 2.673 0.000 0.000 0.000 0.000 0.000 0.000 0.000 0.000 0.000 0.000 0.000 0.009 0.203 0.222 0.094 0.000 0.000 1.569 0.126 1.502 2.974 2.242 4.191 3.040 3.562 3.293 5.906 4.776 4.628 5.996 7.293 4.565 4.272
-999.250 -999.250 -999.250 -999.250 -999.250 -999.250 -999.250 -999.250 -999.250 -999.250 -999.250 -999.250 -999.250 -999.250 -999.250 -999.250 -999.250 -999.250 -999.250 -999.250 -999.250 -999.250 -999.250 -999.250 -999.250 -999.250 -999.250 -999.250 -999.250 -999.250 -999.250 0.000 0.000 0.000 0.410 0.132 0.000 0.000 0.000 0.000 0.000 0.000 0.000 0.000 0.000 0.000 0.000 0.000 0.000 0.000 0.000 0.000 0.490 0.000 0.000 0.260 0.000 0.000 0.421 1.935 3.506 2.530 1.960 3.239 4.344 3.046 1.720 4.080 4.286
-999.250 -999.250 -999.250 -999.250 -999.250 -999.250 -999.250 -999.250 -999.250 -999.250 -999.250 -999.250 -999.250 -999.250 -999.250 -999.250 -999.250 -999.250 -999.250 -999.250 -999.250 -999.250 -999.250 -999.250 -999.250 -999.250 -999.250 -999.250 -999.250 -999.250 -999.250 0.000 0.000 0.450 0.000 0.000 0.940 0.000 0.000 0.000 0.000 0.000 0.000 0.000 0.000 0.000 0.000 0.000 0.000 0.000 0.000 0.000 0.000 0.000 0.000 0.000 0.000 0.000 0.000 0.000 0.248 2.153 0.680 2.527 0.000 0.000 0.000 0.000 0.000
