data/medianmodel_05-Feb-2021.asc
ncols	141
nrows	288
xllcorner	-120191.398
yllcorner	-301404.813
cellsize	2000.000
NODATA_value	-999.250
[rows 168 to 195 of 288, columns 63 to 125 of 141]
659.918 637.067 627.005 596.773 581.739 582.684 576.149 643.128 726.373 877.068 1061.296 1260.990 1499.907 1801.813 2018.558 2250.244 2450.987 2491.968 2507.784 2451.415 2219.157 2064.072 1908.017 1610.175 1352.696 1200.889 1120.511 1003.551 914.028 917.824 893.556 952.609 1043.872 1127.580 1235.781 1381.821 1457.287 1485.687 1588.157 -999.250 -999.250 -999.250 1783.522 1763.807 1755.198 -999.250 -999.250 -999.250 -999.250 -999.250 -999.250 -999.250 -999.250 -999.250 -999.250 -999.250 -999.250 -999.250 -999.250 -999.250 -999.250 -999.250 -999.250
623.814 585.956 538.308 505.228 492.705 505.868 479.074 521.189 670.360 891.399 1088.142 1317.619 1628.057 1907.299 2151.989 2481.585 2723.563 3013.570 3056.366 2643.535 2329.430 2155.630 1982.753 1747.215 1440.972 1240.161 1085.544 971.278 898.235 860.299 914.090 974.055 1075.258 1132.942 1305.373 1418.440 1452.817 1506.155 1563.289 1671.007 1776.629 1693.234 1807.842 1814.749 1779.085 1754.685 -999.250 -999.250 -999.250 -999.250 -999.250 -999.250 -999.250 -999.250 -999.250 -999.250 -999.250 -999.250 -999.250 -999.250 -999.250 -999.250 -999.250
589.807 523.928 499.038 478.395 477.384 440.893 411.624 400.283 640.627 866.987 1098.712 1327.091 1595.100 1926.816 2227.876 2555.510 3173.905 3597.848 3207.931 2939.134 2506.224 2196.030 1953.330 1809.263 1463.441 1309.026 1091.414 939.206 835.143 830.860 851.225 913.086 1022.432 1121.984 1260.093 1320.744 1412.869 1473.473 1555.095 1643.170 1698.376 1778.221 1792.868 1803.680 1765.303 1782.615 1748.164 -999.250 -999.250 -999.250 -999.250 -999.250 -999.250 -999.250 -999.250 -999.250 -999.250 -999.250 -999.250 -999.250 -999.250 -999.250 -999.250
521.525 461.166 446.564 439.189 443.317 439.135 447.831 505.147 643.112 869.603 1063.904 1355.896 1542.535 1843.939 2220.378 2497.531 2935.620 3167.459 3054.713 2750.626 2530.331 2223.245 1977.281 1762.061 1468.076 1301.232 1068.360 866.108 756.637 745.053 816.647 868.220 962.959 1046.722 1176.029 1258.400 1376.759 1428.696 1511.920 1630.831 1695.398 1754.662 1810.228 1791.359 1757.831 1769.907 1683.091 -999.250 -999.250 -999.250 -999.250 -999.250 -999.250 -999.250 -999.250 -999.250 -999.250 -999.250 -999.250 -999.250 -999.250 -999.250 -999.250
488.241 462.475 465.577 433.639 470.630 494.636 521.183 561.140 679.542 845.275 1039.581 1303.701 1510.034 1774.551 2019.717 2305.342 2517.092 2757.066 2690.427 2548.451 2367.902 2143.184 1977.873 1798.680 1451.477 1275.759 1046.065 833.644 638.655 690.980 759.546 862.054 943.583 1053.040 1130.015 1222.957 1307.036 1383.376 1437.758 1553.518 1652.503 1704.006 1752.928 1785.869 1771.227 1740.383 1662.242 -999.250 -999.250 -999.250 -999.250 -999.250 -999.250 -999.250 -999.250 -999.250 -999.250 -999.250 -999.250 -999.250 -999.250 -999.250 -999.250
482.367 457.422 445.488 447.395 495.428 524.002 567.661 625.466 723.972 839.932 1096.079 1224.184 1414.404 1549.834 1775.414 1982.197 2207.607 2282.765 2386.175 2316.251 2160.224 2040.690 1959.249 1771.760 1455.216 1233.932 1046.684 858.076 741.275 726.408 759.635 838.399 926.959 988.492 1136.644 1191.453 1244.635 1285.681 1378.390 1451.763 1658.200 1628.190 1683.421 1730.675 1693.664 1701.928 1665.007 1637.081 -999.250 -999.250 -999.250 -999.250 -999.250 -999.250 -999.250 -999.250 -999.250 -999.250 -999.250 -999.250 -999.250 -999.250 -999.250
481.368 476.792 511.304 534.533 537.799 579.451 627.962 668.719 756.328 887.192 1018.402 1188.941 1281.001 1389.426 1581.606 1621.720 1820.102 1910.612 2095.580 2087.671 1990.406 1928.707 1840.191 1700.589 1440.254 1244.662 1052.493 921.376 831.552 794.471 812.058 857.908 935.946 975.619 1083.457 1164.226 1210.533 1279.000 1311.019 1414.360 1513.527 1615.814 1661.033 1616.532 1563.663 1665.650 1648.328 -999.250 -999.250 -999.250 -999.250 -999.250 -999.250 -999.250 -999.250 -999.250 -999.250 -999.250 -999.250 -999.250 -999.250 -999.250 -999.250
502.085 525.166 575.395 568.135 603.440 629.182 654.831 685.822 774.340 871.366 997.314 1096.499 1210.634 1260.590 1301.238 1305.211 1408.123 1592.711 1815.349 1874.519 1832.974 1823.862 1759.348 1642.637 1389.219 1223.374 1062.467 937.099 887.053 833.703 829.562 849.204 899.199 973.082 1033.379 1053.522 1153.299 1209.034 1297.975 1393.616 1500.825 1584.640 1561.017 1521.903 1515.489 1501.569 -999.250 -999.250 -999.250 -999.250 -999.250 -999.250 -999.250 -999.250 -999.250 -999.250 -999.250 -999.250 -999.250 -999.250 -999.250 -999.250 -999.250
533.285 555.558 575.666 610.947 626.415 675.335 701.509 750.593 834.767 908.197 983.457 1022.193 1126.920 1181.072 1181.722 1166.447 1065.276 1359.264 1568.707 1654.058 1647.735 1647.238 1579.347 1471.962 1376.453 1228.946 1099.666 1006.933 931.470 908.116 897.692 877.705 894.987 971.019 1016.144 1063.352 1111.399 1159.104 1236.287 1330.606 1423.740 1404.846 1455.070 1449.202 1414.265 1364.132 -999.250 -999.250 -999.250 -999.250 -999.250 -999.250 -999.250 -999.250 -999.250 -999.250 -999.250 -999.250 -999.250 -999.250 -999.250 -999.250 -999.250
544.710 580.061 612.479 636.349 663.575 688.325 733.109 781.975 845.219 919.620 997.237 1027.197 1071.376 1091.477 1112.470 1148.256 1157.301 1297.922 1369.456 1516.624 1634.642 1612.026 1511.097 1416.506 1354.925 1252.250 1134.394 1068.168 969.584 930.159 902.824 907.535 922.214 959.214 981.232 1015.048 1111.572 1194.518 1179.169 1250.018 1326.981 1361.787 1329.479 1425.260 1412.472 -999.250 -999.250 -999.250 -999.250 -999.250 -999.250 -999.250 -999.250 -999.250 -999.250 -999.250 -999.250 -999.250 -999.250 -999.250 -999.250 -999.250 -999.250
629.278 632.780 660.559 706.299 718.911 735.462 783.833 814.286 908.643 948.281 1009.875 1027.605 1050.402 1046.880 1128.546 1146.681 1218.091 1318.118 1423.331 1509.967 1613.302 1574.678 1571.173 1458.429 1366.921 1234.520 1152.151 1086.761 993.418 975.355 938.682 913.258 928.968 990.458 990.414 1032.890 1093.002 1140.167 1131.066 1188.078 1259.410 1304.065 1298.530 1309.300 1320.686 -999.250 -999.250 -999.250 -999.250 -999.250 -999.250 -999.250 -999.250 -999.250 -999.250 -999.250 -999.250 -999.250 -999.250 -999.250 -999.250 -999.250 -999.250
686.869 690.106 712.922 724.024 760.177 796.593 796.197 809.708 862.675 947.379 982.240 1059.175 1077.783 1083.982 1163.399 1240.184 1278.595 1397.881 1483.602 1561.637 1576.217 1612.156 1532.835 1439.273 1335.416 1256.897 1124.110 1071.856 1001.487 1000.518 944.191 896.800 918.773 953.225 985.964 1024.724 1049.742 1123.774 1087.607 1104.340 1197.915 1215.936 1230.659 1265.134 -999.250 -999.250 -999.250 -999.250 -999.250 -999.250 -999.250 -999.250 -999.250 -999.250 -999.250 -999.250 -999.250 -999.250 -999.250 -999.250 -999.250 -999.250 -999.250
708.181 737.534 771.255 783.739 777.988 847.059 861.301 912.624 933.471 987.241 1011.828 1052.444 1097.718 1135.752 1234.152 1299.684 1358.505 1406.522 1505.544 1603.585 1640.753 1642.218 1556.283 1468.336 1316.899 1231.725 1133.773 1049.904 1000.340 954.356 933.185 915.764 955.894 950.647 973.084 991.463 1035.034 1066.969 1087.685 1086.294 1185.046 1160.686 1215.630 1254.466 -999.250 -999.250 -999.250 -999.250 -999.250 -999.250 -999.250 -999.250 -999.250 -999.250 -999.250 -999.250 -999.250 -999.250 -999.250 -999.250 -999.250 -999.250 -999.250
767.117 798.105 834.776 857.582 887.389 893.244 942.508 951.691 971.044 1001.598 1013.690 1086.204 1145.705 1217.429 1294.679 1397.286 1393.962 1492.439 1633.999 1710.455 1710.933 1677.970 1636.865 1463.362 1357.602 1264.671 1163.114 1070.271 1005.478 966.141 949.958 931.405 938.439 922.831 965.048 988.219 1025.275 999.758 1064.279 1067.898 1120.973 1144.791 1189.654 1232.227 -999.250 -999.250 -999.250 -999.250 -999.250 -999.250 -999.250 -999.250 -999.250 -999.250 -999.250 -999.250 -999.250 -999.250 -999.250 -999.250 -999.250 -999.250 -999.250
828.500 852.544 884.559 910.308 948.183 964.454 983.365 958.297 985.006 1058.805 1075.238 1109.201 1175.918 1246.383 1350.876 1396.106 1441.761 1539.678 1656.777 1786.521 1833.740 1738.747 1548.199 1460.988 1345.629 1261.038 1142.034 1019.258 990.506 970.916 978.869 937.904 918.524 917.595 920.365 968.704 952.830 981.764 1021.783 1054.053 1074.348 1104.014 1164.927 -999.250 -999.250 -999.250 -999.250 -999.250 -999.250 -999.250 -999.250 -999.250 -999.250 -999.250 -999.250 -999.250 -999.250 -999.250 -999.250 -999.250 -999.250 -999.250 -999.250
940.576 958.171 999.782 957.084 1006.101 991.994 1005.075 1029.607 1051.593 1111.057 1127.505 1131.222 1155.475 1227.104 1314.723 1384.922 1443.483 1525.919 1691.782 1818.986 1924.890 1789.584 1559.353 1449.629 1343.375 1233.672 1120.887 1001.221 952.839 932.447 965.022 924.366 915.728 904.055 949.861 963.326 957.616 972.373 1049.090 1037.607 1050.446 1064.271 -999.250 -999.250 -999.250 -999.250 -999.250 -999.250 -999.250 -999.250 -999.250 -999.250 -999.250 -999.250 -999.250 -999.250 -999.250 -999.250 -999.250 -999.250 -999.250 -999.250 -999.250
1070.533 1070.709 1071.835 1099.602 1092.646 1076.739 1045.565 1025.357 1087.348 1125.289 1148.856 1151.445 1166.085 1219.687 1268.624 1359.596 1403.587 1538.618 1687.587 1818.286 1854.017 1758.410 1566.700 1453.111 1360.087 1198.272 1079.092 979.810 965.848 921.214 933.538 943.484 926.018 933.730 956.147 986.517 1000.661 1004.720 1032.071 1057.469 1071.747 1077.472 -999.250 -999.250 -999.250 -999.250 -999.250 -999.250 -999.250 -999.250 -999.250 -999.250 -999.250 -999.250 -999.250 -999.250 -999.250 -999.250 -999.250 -999.250 -999.250 -999.250 -999.250
1098.534 1150.042 1152.182 1164.435 1159.741 1122.074 1095.018 1112.546 1090.963 1114.957 1160.360 1179.489 1164.790 1225.715 1245.991 1295.525 1392.968 1455.475 1582.783 1650.601 1756.485 1661.644 1599.148 1426.353 1339.950 1181.970 1089.138 986.554 939.581 937.892 924.562 929.719 966.423 958.580 959.166 995.226 978.965 1044.573 1050.905 1056.238 -999.250 -999.250 -999.250 -999.250 -999.250 -999.250 -999.250 -999.250 -999.250 -999.250 -999.250 -999.250 -999.250 -999.250 -999.250 -999.250 -999.250 -999.250 -999.250 -999.250 -999.250 -999.250 -999.250
1137.290 1207.717 1207.131 1206.171 1207.926 1184.960 1181.416 1125.302 1124.359 1102.044 1130.473 1156.166 1210.612 1237.064 1239.204 1326.913 1398.952 1430.664 1470.038 1514.475 1583.702 1533.039 1437.264 1370.466 1281.713 1212.786 1131.549 1022.076 953.500 963.350 1002.097 1004.335 1054.790 1020.824 1043.580 1028.559 1020.707 1087.909 1089.577 -999.250 -999.250 -999.250 -999.250 -999.250 -999.250 -999.250 -999.250 -999.250 -999.250 -999.250 -999.250 -999.250 -999.250 -999.250 -999.250 -999.250 -999.250 -999.250 -999.250 -999.250 -999.250 -999.250 -999.250
1171.298 1208.726 1255.774 1224.239 1200.842 1170.137 1118.638 1159.545 1135.270 1154.181 1118.148 1147.689 1165.133 1222.279 1260.204 1283.520 1324.498 1355.371 1366.107 1441.744 1419.807 1390.987 1381.604 1357.970 1257.436 1208.561 1146.169 1093.335 1068.414 1060.766 1066.273 1052.962 1091.101 1080.302 1081.205 1079.860 1095.868 1073.595 -999.250 -999.250 -999.250 -999.250 -999.250 -999.250 -999.250 -999.250 -999.250 -999.250 -999.250 -999.250 -999.250 -999.250 -999.250 -999.250 -999.250 -999.250 -999.250 -999.250 -999.250 -999.250 -999.250 -999.250 -999.250
1169.151 1193.726 1232.970 1226.184 1173.862 1123.349 1123.039 1118.230 1078.383 1077.686 1146.021 1068.362 1119.943 1179.267 1216.749 1237.542 1281.493 1294.122 1305.012 1382.965 1399.909 1365.765 1322.492 1291.720 1254.315 1234.171 1173.387 1172.170 1176.573 1163.765 1149.330 1130.828 1116.547 1146.457 1148.379 1173.696 1111.560 -999.250 -999.250 -999.250 -999.250 -999.250 -999.250 -999.250 -999.250 -999.250 -999.250 -999.250 -999.250 -999.250 -999.250 -999.250 -999.250 -999.250 -999.250 -999.250 -999.250 -999.250 -999.250 -999.250 -999.250 -999.250 -999.250
1131.826 1183.431 1171.108 1170.009 1178.424 1143.484 1082.928 1075.471 1093.850 1056.514 1071.510 1095.454 1111.558 1166.464 1210.536 1295.712 1268.231 1299.353 1298.732 1317.271 1332.409 1352.516 1347.824 1261.375 1271.728 1262.251 1226.483 1226.159 1225.572 1231.176 1207.170 1228.475 1202.561 1214.862 1179.138 -999.250 -999.250 -999.250 -999.250 -999.250 -999.250 -999.250 -999.250 -999.250 -999.250 -999.250 -999.250 -999.250 -999.250 -999.250 -999.250 -999.250 -999.250 -999.250 -999.250 -999.250 -999.250 -999.250 -999.250 -999.250 -999.250 -999.250 -999.250
1036.019 1115.365 1130.869 1134.827 1142.781 1077.294 1089.561 1043.623 1081.783 1068.461 1051.954 1053.480 1104.071 1146.054 1224.338 1225.323 1221.286 1215.484 1197.021 1253.424 1231.003 1318.944 1312.047 1373.808 1330.034 1342.071 1295.184 1284.903 1283.801 1298.734 1305.118 1314.664 1245.553 1321.660 1231.123 -999.250 -999.250 -999.250 -999.250 -999.250 -999.250 -999.250 -999.250 -999.250 -999.250 -999.250 -999.250 -999.250 -999.250 -999.250 -999.250 -999.250 -999.250 -999.250 -999.250 -999.250 -999.250 -999.250 -999.250 -999.250 -999.250 -999.250 -999.250
1031.460 1075.505 1096.496 1093.701 1112.400 1063.274 1075.478 1013.336 1028.440 1012.725 999.264 1043.270 1099.239 1121.756 1182.738 1218.447 1185.712 1169.972 1177.359 1216.803 1210.003 1230.737 1316.199 1337.729 1404.072 1365.903 1397.925 1425.643 1417.395 1472.387 1423.937 1379.619 1375.924 1300.596 -999.250 -999.250 -999.250 -999.250 -999.250 -999.250 -999.250 -999.250 -999.250 -999.250 -999.250 -999.250 -999.250 -999.250 -999.250 -999.250 -999.250 -999.250 -999.250 -999.250 -999.250 -999.250 -999.250 -999.250 -999.250 -999.250 -999.250 -999.250 -999.250
1056.914 1051.719 1051.470 1062.835 1022.560 1019.078 1005.041 1000.661 1006.714 960.197 990.422 1014.928 1031.668 1102.618 1090.701 1105.091 1111.435 1112.047 1113.701 1135.560 1146.741 1196.073 1296.220 1344.695 1423.915 1457.070 1516.545 1520.203 1520.425 1479.272 1455.039 1448.282 1495.114 1477.832 -999.250 -999.250 -999.250 -999.250 -999.250 -999.250 -999.250 -999.250 -999.250 -999.250 -999.250 -999.250 -999.250 -999.250 -999.250 -999.250 -999.250 -999.250 -999.250 -999.250 -999.250 -999.250 -999.250 -999.250 -999.250 -999.250 -999.250 -999.250 -999.250
953.688 987.186 1019.846 974.294 989.259 957.794 932.979 987.582 947.377 915.222 972.312 1007.882 988.872 1057.447 1073.700 1080.820 1112.627 1106.427 1073.964 1074.257 1054.620 1178.654 1306.175 1280.413 1418.595 1531.296 1580.773 1637.788 1696.891 1633.360 1641.510 1474.081 1465.793 1456.990 -999.250 -999.250 -999.250 -999.250 -999.250 -999.250 -999.250 -999.250 -999.250 -999.250 -999.250 -999.250 -999.250 -999.250 -999.250 -999.250 -999.250 -999.250 -999.250 -999.250 -999.250 -999.250 -999.250 -999.250 -999.250 -999.250 -999.250 -999.250 -999.250
946.382 962.022 972.359 936.073 910.977 892.963 906.379 919.887 929.164 953.290 957.534 986.033 1013.000 1048.206 1037.043 1081.927 1069.299 1077.428 1117.111 1080.995 1125.541 1206.841 1277.359 1372.480 1443.452 1549.828 1732.113 1743.745 1695.445 1732.260 1626.169 1680.299 1563.572 1531.641 -999.250 -999.250 -999.250 -999.250 -999.250 -999.250 -999.250 -999.250 -999.250 -999.250 -999.250 -999.250 -999.250 -999.250 -999.250 -999.250 -999.250 -999.250 -999.250 -999.250 -999.250 -999.250 -999.250 -999.250 -999.250 -999.250 -999.250 -999.250 -999.250
890.298 876.778 875.542 875.570 860.626 840.599 882.186 879.284 892.212 908.033 903.268 926.917 1014.353 1028.455 1025.164 1058.685 1085.722 1079.133 1053.430 1114.550 1152.064 1207.279 1313.120 1415.035 1482.729 1666.498 1777.201 1842.949 1778.116 1740.276 1668.751 1624.480 1579.926 1479.122 1411.676 -999.250 -999.250 -999.250 -999.250 -999.250 -999.250 -999.250 -999.250 -999.250 -999.250 -999.250 -999.250 -999.250 -999.250 -999.250 -999.250 -999.250 -999.250 -999.250 -999.250 -999.250 -999.250 -999.250 -999.250 -999.250 -999.250 -999.250 -999.250
