data/medianmodel_09-Nov-2020.asc
ncols	141
nrows	288
xllcorner	-120191.398
yllcorner	-301404.813
cellsize	2000.000
NODATA_value	-999.250
[rows 232 to 260 of 288, columns 0 to 64 of 141]
-999.250 -999.250 -999.250 -999.250 -999.250 -999.250 -999.250 -999.250 -999.250 -999.250 -999.250 -999.250 -999.250 -999.250 -999.250 -999.250 -999.250 -999.250 -999.250 -999.250 -999.250 -999.250 -999.250 -999.250 -999.250 -999.250 -999.250 599.434 603.390 659.928 781.827 823.915 718.400 565.352 507.298 398.702 305.378 246.085 219.510 202.070 187.764 170.474 171.208 192.076 179.078 166.431 213.095 199.935 245.002 251.172 268.048 276.686 277.340 284.830 282.276 281.750 297.498 296.888 286.617 265.225 282.389 296.344 302.655 272.911 273.588
-999.250 -999.250 -999.250 -999.250 -999.250 -999.250 -999.250 -999.250 -999.250 -999.250 -999.250 -999.250 -999.250 -999.250 -999.250 -999.250 -999.250 -999.250 -999.250 -999.250 -999.250 -999.250 -999.250 -999.250 -999.250 -999.250 -999.250 -999.250 670.911 734.479 758.474 783.238 739.039 605.807 580.759 421.366 361.788 295.722 255.069 221.280 198.070 184.896 192.780 194.711 161.627 172.735 210.633 201.295 228.524 230.407 249.442 260.216 254.050 271.084 286.073 276.314 291.519 291.086 275.620 255.442 264.589 281.400 279.576 286.949 291.982
-999.250 -999.250 -999.250 -999.250 -999.250 -999.250 -999.250 -999.250 -999.250 -999.250 -999.250 -999.250 -999.250 -999.250 -999.250 -999.250 -999.250 -999.250 -999.250 -999.250 -999.250 -999.250 -999.250 -999.250 -999.250 -999.250 -999.250 -999.250 -999.250 -999.250 703.746 652.197 653.143 589.127 533.494 435.127 360.855 311.774 280.724 258.209 236.984 219.460 186.239 185.287 194.015 185.609 202.545 204.986 210.329 220.106 252.560 265.794 256.177 260.341 292.224 262.726 274.245 260.374 263.256 257.431 256.671 290.937 251.697 291.192 279.453
-999.250 -999.250 -999.250 -999.250 -999.250 -999.250 -999.250 -999.250 -999.250 -999.250 -999.250 -999.250 -999.250 -999.250 -999.250 -999.250 -999.250 -999.250 -999.250 -999.250 -999.250 -999.250 -999.250 -999.250 -999.250 -999.250 -999.250 -999.250 -999.250 -999.250 656.276 636.767 613.725 532.940 549.612 454.518 383.513 346.596 290.254 273.439 252.575 204.088 173.058 179.802 202.371 192.217 213.748 212.157 233.815 226.020 244.785 275.658 249.304 265.889 280.665 255.963 244.607 252.403 227.526 240.966 252.881 267.133 277.265 258.240 244.301
-999.250 -999.250 -999.250 -999.250 -999.250 -999.250 -999.250 -999.250 -999.250 -999.250 -999.250 -999.250 -999.250 -999.250 -999.250 -999.250 -999.250 -999.250 -999.250 -999.250 -999.250 -999.250 -999.250 -999.250 -999.250 -999.250 -999.250 -999.250 -999.250 -999.250 599.334 622.803 575.436 561.027 531.637 463.843 423.111 354.832 324.249 279.692 267.382 227.606 200.577 194.129 206.467 204.375 199.949 201.429 216.241 228.348 255.742 236.994 213.144 244.451 259.744 244.485 256.466 248.251 222.600 206.136 235.176 232.631 257.029 248.647 207.893
-999.250 -999.250 -999.250 -999.250 -999.250 -999.250 -999.250 -999.250 -999.250 -999.250 -999.250 -999.250 -999.250 -999.250 -999.250 -999.250 -999.250 -999.250 -999.250 -999.250 -999.250 -999.250 -999.250 -999.250 -999.250 -999.250 -999.250 -999.250 -999.250 -999.250 -999.250 593.792 564.096 537.174 512.613 472.265 379.492 357.151 334.451 279.216 252.116 212.851 205.969 189.534 204.442 218.585 196.800 232.323 237.137 222.836 225.265 215.571 221.281 240.088 256.048 255.165 246.737 239.614 230.329 212.938 213.735 222.078 220.162 220.247 205.194
-999.250 -999.250 -999.250 -999.250 -999.250 -999.250 -999.250 -999.250 -999.250 -999.250 -999.250 -999.250 -999.250 -999.250 -999.250 -999.250 -999.250 -999.250 -999.250 -999.250 -999.250 -999.250 -999.250 -999.250 -999.250 -999.250 -999.250 -999.250 -999.250 -999.250 606.711 585.530 571.864 540.713 504.725 459.885 395.199 345.316 288.135 268.401 215.264 211.444 193.847 195.296 183.878 216.410 196.149 217.614 214.981 218.873 200.439 205.113 224.209 268.981 241.150 210.535 221.598 232.448 227.054 210.455 218.589 212.381 225.026 234.356 217.285
-999.250 -999.250 -999.250 -999.250 -999.250 -999.250 -999.250 -999.250 -999.250 -999.250 -999.250 -999.250 -999.250 -999.250 -999.250 -999.250 -999.250 -999.250 -999.250 -999.250 -999.250 -999.250 -999.250 -999.250 -999.250 -999.250 -999.250 -999.250 -999.250 -999.250 -999.250 542.539 521.723 555.774 504.064 421.627 380.267 328.495 267.742 267.952 213.189 219.377 192.693 196.017 201.245 204.214 214.544 218.814 217.757 210.640 214.661 199.336 219.121 236.952 204.677 212.665 210.493 206.015 194.477 194.809 183.070 197.114 225.303 219.138 214.539
-999.250 -999.250 -999.250 -999.250 -999.250 -999.250 -999.250 -999.250 -999.250 -999.250 -999.250 -999.250 -999.250 -999.250 -999.250 -999.250 -999.250 -999.250 -999.250 -999.250 -999.250 -999.250 -999.250 -999.250 -999.250 -999.250 -999.250 -999.250 -999.250 -999.250 462.487 465.869 493.412 479.476 464.666 420.075 350.846 341.022 269.786 264.437 246.574 227.419 199.889 209.282 186.892 192.558 207.544 172.459 206.622 213.898 209.049 219.026 211.349 211.974 199.755 198.732 184.939 195.272 182.430 188.561 187.476 183.712 193.244 205.578 216.176
-999.250 -999.250 -999.250 -999.250 -999.250 -999.250 -999.250 -999.250 -999.250 -999.250 -999.250 -999.250 -999.250 -999.250 -999.250 -999.250 -999.250 -999.250 -999.250 -999.250 -999.250 -999.250 -999.250 -999.250 -999.250 -999.250 -999.250 -999.250 -999.250 -999.250 419.881 424.223 449.832 465.816 436.700 384.972 333.109 358.963 297.049 246.279 212.242 238.520 228.822 227.370 218.327 219.893 213.072 193.519 184.532 200.631 200.117 222.027 219.588 192.815 194.263 193.058 195.076 169.681 168.982 164.093 150.798 175.415 177.804 186.396 195.982
-999.250 -999.250 -999.250 -999.250 -999.250 -999.250 -999.250 -999.250 -999.250 -999.250 -999.250 -999.250 -999.250 -999.250 -999.250 -999.250 -999.250 -999.250 -999.250 -999.250 -999.250 -999.250 -999.250 -999.250 -999.250 -999.250 -999.250 -999.250 -999.250 -999.250 423.724 392.590 373.345 362.619 402.862 345.371 329.554 332.634 294.884 252.126 259.033 243.080 232.371 207.863 218.306 210.321 202.488 220.272 223.169 221.074 208.415 203.317 186.752 173.849 180.762 181.501 170.034 162.873 152.493 150.489 151.379 149.716 154.369 167.725 172.843
-999.250 -999.250 -999.250 -999.250 -999.250 -999.250 -999.250 -999.250 -999.250 -999.250 -999.250 -999.250 -999.250 -999.250 -999.250 -999.250 -999.250 -999.250 -999.250 -999.250 -999.250 -999.250 -999.250 -999.250 -999.250 -999.250 -999.250 -999.250 -999.250 -999.250 364.009 351.650 371.189 360.291 354.804 369.847 292.412 310.043 293.834 259.899 277.065 237.454 236.727 192.184 199.347 198.807 218.442 208.231 212.895 227.690 201.292 192.142 179.030 168.300 160.177 166.642 165.268 155.090 139.755 143.248 146.823 136.954 126.485 140.073 145.685
-999.250 -999.250 -999.250 -999.250 -999.250 -999.250 -999.250 -999.250 -999.250 -999.250 -999.250 -999.250 -999.250 -999.250 -999.250 -999.250 -999.250 -999.250 -999.250 -999.250 -999.250 -999.250 -999.250 -999.250 -999.250 -999.250 -999.250 -999.250 -999.250 -999.250 332.520 327.967 330.822 310.220 293.417 301.887 283.778 285.277 280.304 260.112 257.917 249.324 243.843 235.983 236.576 221.558 209.804 200.517 189.158 197.243 191.816 185.483 165.186 168.430 170.930 158.909 142.574 133.282 125.708 124.574 87.392 87.012 90.582 108.662 121.033
-999.250 -999.250 -999.250 -999.250 -999.250 -999.250 -999.250 -999.250 -999.250 -999.250 -999.250 -999.250 -999.250 -999.250 -999.250 -999.250 -999.250 -999.250 -999.250 -999.250 -999.250 -999.250 -999.250 -999.250 -999.250 -999.250 -999.250 -999.250 -999.250 -999.250 -999.250 320.548 316.437 302.221 283.331 244.714 274.475 261.905 251.663 259.491 244.221 223.494 218.303 223.136 210.184 204.847 199.408 202.221 187.480 191.997 199.979 192.711 164.158 167.994 163.960 154.577 127.226 118.998 114.498 94.981 75.333 43.172 75.276 93.583 118.200
-999.250 -999.250 -999.250 -999.250 -999.250 -999.250 -999.250 -999.250 -999.250 -999.250 -999.250 -999.250 -999.250 -999.250 -999.250 -999.250 -999.250 -999.250 -999.250 -999.250 -999.250 -999.250 -999.250 -999.250 -999.250 -999.250 -999.250 -999.250 -999.250 -999.250 -999.250 279.121 294.829 290.790 287.677 245.267 252.538 250.895 239.503 231.477 224.673 205.487 226.554 223.076 205.418 186.962 198.839 191.083 167.466 170.639 180.794 176.862 172.219 151.608 156.507 141.648 117.950 108.227 105.418 85.715 77.294 71.396 73.346 85.351 105.649
-999.250 -999.250 -999.250 -999.250 -999.250 -999.250 -999.250 -999.250 -999.250 -999.250 -999.250 -999.250 -999.250 -999.250 -999.250 -999.250 -999.250 -999.250 -999.250 -999.250 -999.250 -999.250 -999.250 -999.250 -999.250 -999.250 -999.250 -999.250 -999.250 -999.250 267.885 277.901 251.829 237.852 248.086 227.749 234.627 240.147 226.695 241.075 216.232 208.806 224.314 217.267 215.918 211.328 177.033 185.412 181.344 195.692 172.662 168.214 167.625 134.131 141.185 110.207 99.732 104.750 103.299 94.706 86.884 84.874 85.126 96.661 112.971
-999.250 -999.250 -999.250 -999.250 -999.250 -999.250 -999.250 -999.250 -999.250 -999.250 -999.250 -999.250 -999.250 -999.250 -999.250 -999.250 -999.250 -999.250 -999.250 -999.250 -999.250 -999.250 -999.250 -999.250 -999.250 -999.250 -999.250 -999.250 -999.250 -999.250 213.328 202.945 209.760 211.105 214.641 211.093 235.178 246.001 229.095 240.513 210.586 202.095 217.897 202.040 222.971 191.978 204.170 177.336 171.577 189.340 177.733 170.908 161.107 151.764 124.240 101.399 90.106 106.407 105.100 110.083 92.510 90.828 100.656 103.468 133.046
-999.250 -999.250 -999.250 -999.250 -999.250 -999.250 -999.250 -999.250 -999.250 -999.250 -999.250 -999.250 -999.250 -999.250 -999.250 -999.250 -999.250 -999.250 -999.250 -999.250 -999.250 -999.250 -999.250 -999.250 -999.250 -999.250 -999.250 -999.250 -999.250 -999.250 194.580 184.532 207.225 188.531 208.950 198.162 196.483 227.797 215.968 200.635 184.610 200.440 207.445 212.589 197.041 199.792 180.965 183.352 171.613 168.680 176.593 155.965 148.692 128.717 98.815 86.824 92.656 113.192 109.057 114.246 110.407 121.880 109.853 121.937 136.474
-999.250 -999.250 -999.250 -999.250 -999.250 -999.250 -999.250 -999.250 -999.250 -999.250 -999.250 -999.250 -999.250 -999.250 -999.250 -999.250 -999.250 -999.250 -999.250 -999.250 -999.250 -999.250 -999.250 -999.250 -999.250 -999.250 -999.250 -999.250 -999.250 -999.250 164.400 164.188 159.482 201.485 202.426 200.099 200.482 207.367 199.713 172.822 182.960 189.181 192.694 224.015 227.205 214.360 199.657 198.928 172.162 180.896 158.217 162.280 149.853 136.677 125.614 107.883 112.943 127.414 117.312 114.820 116.643 116.122 123.987 120.140 113.542
-999.250 -999.250 -999.250 -999.250 -999.250 -999.250 -999.250 -999.250 -999.250 -999.250 -999.250 -999.250 -999.250 -999.250 -999.250 -999.250 -999.250 -999.250 -999.250 -999.250 -999.250 -999.250 -999.250 -999.250 -999.250 -999.250 -999.250 -999.250 -999.250 -999.250 172.603 166.456 182.563 208.412 213.183 190.842 194.441 185.338 184.811 157.786 168.077 180.164 189.278 195.393 223.599 211.536 219.565 186.080 164.226 162.041 151.778 153.454 139.611 133.544 122.111 113.645 117.304 121.837 118.900 117.151 111.270 114.531 112.056 126.359 108.954
-999.250 -999.250 -999.250 -999.250 -999.250 -999.250 -999.250 -999.250 -999.250 -999.250 -999.250 -999.250 -999.250 -999.250 -999.250 -999.250 -999.250 -999.250 -999.250 -999.250 -999.250 -999.250 -999.250 -999.250 -999.250 -999.250 -999.250 -999.250 -999.250 172.628 169.781 180.896 189.476 198.076 222.521 191.090 175.768 168.479 174.246 177.532 185.004 181.100 191.756 210.008 213.851 202.843 200.144 187.072 175.061 145.717 141.963 119.830 126.459 128.507 138.697 154.958 120.367 115.712 130.418 124.773 108.387 101.032 98.619 115.545 129.728
-999.250 -999.250 -999.250 -999.250 -999.250 -999.250 -999.250 -999.250 -999.250 -999.250 -999.250 -999.250 -999.250 -999.250 -999.250 -999.250 -999.250 -999.250 -999.250 -999.250 -999.250 -999.250 -999.250 -999.250 -999.250 -999.250 -999.250 -999.250 -999.250 -999.250 172.298 184.633 190.430 205.170 215.775 188.383 192.584 176.175 192.044 181.560 187.529 182.704 206.432 198.203 207.713 201.161 171.675 173.328 177.090 155.322 164.324 136.183 133.764 137.260 143.778 142.270 135.238 129.360 122.546 131.576 124.601 110.042 125.493 122.534 129.046
-999.250 -999.250 -999.250 -999.250 -999.250 -999.250 -999.250 -999.250 -999.250 -999.250 -999.250 -999.250 -999.250 -999.250 -999.250 -999.250 -999.250 -999.250 -999.250 -999.250 -999.250 -999.250 -999.250 -999.250 -999.250 -999.250 -999.250 -999.250 -999.250 -999.250 158.898 181.040 186.711 190.886 184.262 187.621 187.224 187.158 177.283 163.076 176.356 197.147 206.422 186.041 214.831 215.291 189.934 174.200 172.724 153.833 155.270 137.913 159.248 152.418 144.779 151.323 141.306 124.765 116.813 110.741 130.192 139.225 137.494 131.175 126.404
-999.250 -999.250 -999.250 -999.250 -999.250 -999.250 -999.250 -999.250 -999.250 -999.250 -999.250 -999.250 -999.250 -999.250 -999.250 -999.250 -999.250 -999.250 -999.250 -999.250 -999.250 -999.250 -999.250 -999.250 -999.250 -999.250 -999.250 -999.250 -999.250 -999.250 -999.250 179.138 195.901 181.588 168.196 179.439 181.430 169.435 169.889 171.476 188.498 194.020 204.952 198.325 188.291 205.509 210.299 198.491 184.906 175.117 167.306 141.084 166.170 156.195 157.255 153.342 138.486 111.866 137.494 142.712 147.402 138.036 138.757 106.074 132.832
-999.250 -999.250 -999.250 -999.250 -999.250 -999.250 -999.250 -999.250 -999.250 -999.250 -999.250 -999.250 -999.250 -999.250 -999.250 -999.250 -999.250 -999.250 -999.250 -999.250 -999.250 -999.250 -999.250 -999.250 -999.250 -999.250 -999.250 -999.250 -999.250 -999.250 -999.250 150.015 164.108 169.006 163.092 157.186 167.837 162.527 173.173 170.942 177.905 174.402 192.026 192.292 195.129 201.169 193.683 187.370 173.795 182.562 161.353 172.031 164.210 160.646 162.463 144.937 140.047 124.916 128.493 126.599 132.748 147.744 138.486 120.087 122.406
-999.250 -999.250 -999.250 -999.250 -999.250 -999.250 -999.250 -999.250 -999.250 -999.250 -999.250 -999.250 -999.250 -999.250 -999.250 -999.250 -999.250 -999.250 -999.250 -999.250 -999.250 -999.250 -999.250 -999.250 -999.250 -999.250 -999.250 -999.250 -999.250 -999.250 122.567 133.579 148.969 145.887 157.481 149.537 157.820 150.393 156.487 161.557 167.596 177.913 182.651 177.925 185.958 193.122 175.990 195.129 172.477 167.252 165.340 174.924 189.076 169.897 185.249 157.084 151.491 133.624 130.396 144.921 134.140 123.265 137.054 113.912 89.219
-999.250 -999.250 -999.250 -999.250 -999.250 -999.250 -999.250 -999.250 -999.250 -999.250 -999.250 -999.250 -999.250 -999.250 -999.250 -999.250 -999.250 -999.250 -999.250 -999.250 -999.250 -999.250 -999.250 -999.250 -999.250 -999.250 -999.250 -999.250 -999.250 -999.250 136.163 125.377 137.517 131.954 136.584 142.664 148.500 131.953 158.752 153.080 149.208 156.076 162.522 174.299 173.389 188.746 186.341 180.222 167.547 167.206 178.964 178.009 183.622 192.487 170.476 167.324 155.625 152.537 147.800 153.910 143.818 150.749 140.234 136.093 120.594
-999.250 -999.250 -999.250 -999.250 -999.250 -999.250 -999.250 -999.250 -999.250 -999.250 -999.250 -999.250 -999.250 -999.250 -999.250 -999.250 -999.250 -999.250 -999.250 -999.250 -999.250 -999.250 -999.250 -999.250 -999.250 -999.250 -999.250 -999.250 -999.250 -999.250 130.158 144.410 133.108 133.553 134.965 143.041 137.829 143.643 133.079 126.190 142.727 142.680 147.353 165.457 179.843 186.683 172.330 175.337 169.246 174.944 178.445 186.958 185.384 189.456 184.954 175.021 156.273 154.945 158.870 156.271 159.173 164.419 151.317 145.049 137.582
-999.250 -999.250 -999.250 -999.250 -999.250 -999.250 -999.250 -999.250 -999.250 -999.250 -999.250 -999.250 -999.250 -999.250 -999.250 -999.250 -999.250 -999.250 -999.250 -999.250 -999.250 -999.250 -999.250 -999.250 -999.250 -999.250 -999.250 -999.250 -999.250 -999.250 132.834 126.432 126.567 108.879 117.609 104.276 105.699 99.350 109.225 103.333 101.257 124.476 137.208 142.123 146.179 164.573 153.328 171.988 176.285 165.560 165.188 170.389 184.372 165.328 172.938 195.969 182.023 165.121 155.435 164.650 147.779 161.345 161.598 150.512 166.335
