data/medianmodel_09-Dec-2020.asc
ncols	141
nrows	288
xllcorner	-120191.398
yllcorner	-301404.813
cellsize	2000.000
NODATA_value	-999.250
[rows 0 to 28 of 288, columns 64 to 127 of 141]
-999.250 -999.250 -999.250 -999.250 -999.250 -999.250 -999.250 -999.250 -999.250 -999.250 -999.250 -999.250 -999.250 -999.250 -999.250 -999.250 -999.250 -999.250 -999.250 -999.250 -999.250 -999.250 -999.250 -999.250 -999.250 -999.250 -999.250 -999.250 -999.250 -999.250 -999.250 -999.250 -999.250 -999.250 -999.250 -999.250 -999.250 -999.250 -999.250 -999.250 -999.250 -999.250 -999.250 -999.250 -999.250 -999.250 -999.250 -999.250 -999.250 -999.250 -999.250 -999.250 -999.250 -999.250 -999.250 -999.250 -999.250 -999.250 -999.250 -999.250 -999.250 -999.250 -999.250 -999.250
-999.250 -999.250 -999.250 -999.250 -999.250 -999.250 -999.250 -999.250 -999.250 -999.250 -999.250 -999.250 -999.250 -999.250 -999.250 -999.250 -999.250 -999.250 -999.250 -999.250 -999.250 -999.250 -999.250 -999.250 -999.250 -999.250 -999.250 -999.250 -999.250 -999.250 -999.250 -999.250 -999.250 -999.250 -999.250 -999.250 -999.250 -999.250 -999.250 -999.250 -999.250 -999.250 -999.250 -999.250 -999.250 -999.250 -999.250 -999.250 -999.250 -999.250 -999.250 -999.250 -999.250 -999.250 -999.250 -999.250 -999.250 -999.250 -999.250 -999.250 -999.250 -999.250 -999.250 -999.250
-999.250 -999.250 -999.250 -999.250 -999.250 -999.250 -999.250 -999.250 -999.250 -999.250 -999.250 -999.250 -999.250 -999.250 -999.250 -999.250 -999.250 -999.250 -999.250 -999.250 -999.250 -999.250 -999.250 -999.250 -999.250 -999.250 -999.250 -999.250 -999.250 -999.250 -999.250 -999.250 -999.250 -999.250 -999.250 -999.250 -999.250 -999.250 -999.250 -999.250 -999.250 -999.250 -999.250 -999.250 -999.250 -999.250 -999.250 -999.250 -999.250 -999.250 -999.250 -999.250 -999.250 -999.250 -999.250 -999.250 -999.250 -999.250 -999.250 -999.250 -999.250 -999.250 -999.250 -999.250
-999.250 -999.250 -999.250 -999.250 -999.250 -999.250 -999.250 -999.250 -999.250 -999.250 -999.250 -999.250 -999.250 -999.250 -999.250 -999.250 -999.250 -999.250 -999.250 -999.250 -999.250 -999.250 -999.250 -999.250 -999.250 -999.250 -999.250 -999.250 -999.250 -999.250 -999.250 -999.250 -999.250 -999.250 -999.250 -999.250 -999.250 -999.250 -999.250 -999.250 -999.250 -999.250 -999.250 -999.250 -999.250 -999.250 -999.250 -999.250 -999.250 -999.250 -999.250 -999.250 -999.250 -999.250 -999.250 -999.250 -999.250 -999.250 -999.250 -999.250 -999.250 -999.250 -999.250 -999.250
-999.250 -999.250 -999.250 -999.250 -999.250 -999.250 -999.250 -999.250 -999.250 -999.250 -999.250 -999.250 -999.250 -999.250 -999.250 -999.250 -999.250 -999.250 -999.250 -999.250 -999.250 -999.250 -999.250 -999.250 -999.250 -999.250 -999.250 -999.250 -999.250 -999.250 -999.250 -999.250 -999.250 -999.250 -999.250 -999.250 -999.250 -999.250 -999.250 -999.250 -999.250 -999.250 -999.250 -999.250 -999.250 -999.250 -999.250 -999.250 -999.250 -999.250 -999.250 -999.250 -999.250 -999.250 -999.250 -999.250 -999.250 -999.250 -999.250 -999.250 -999.250 -999.250 -999.250 -999.250
-999.250 -999.250 -999.250 -999.250 -999.250 -999.250 -999.250 -999.250 -999.250 -999.250 -999.250 -999.250 -999.250 -999.250 -999.250 -999.250 -999.250 -999.250 -999.250 -999.250 -999.250 -999.250 -999.250 -999.250 -999.250 -999.250 -999.250 -999.250 -999.250 -999.250 -999.250 -999.250 -999.250 -999.250 -999.250 -999.250 -999.250 -999.250 -999.250 -999.250 -999.250 -999.250 -999.250 -999.250 -999.250 -999.250 -999.250 -999.250 -999.250 -999.250 -999.250 -999.250 -999.250 -999.250 -999.250 -999.250 -999.250 -999.250 -999.250 -999.250 -999.250 -999.250 -999.250 -999.250
-999.250 -999.250 -999.250 -999.250 -999.250 -999.250 -999.250 -999.250 -999.250 -999.250 -999.250 -999.250 -999.250 -999.250 -999.250 -999.250 -999.250 -999.250 -999.250 -999.250 -999.250 -999.250 -999.250 -999.250 -999.250 -999.250 -999.250 -999.250 -999.250 -999.250 -999.250 -999.250 -999.250 -999.250 -999.250 -999.250 -999.250 -999.250 -999.250 -999.250 -999.250 -999.250 -999.250 -999.250 -999.250 -999.250 -999.250 -999.250 -999.250 -999.250 -999.250 -999.250 -999.250 -999.250 -999.250 -999.250 -999.250 -999.250 -999.250 -999.250 -999.250 -999.250 -999.250 -999.250
-999.250 -999.250 -999.250 -999.250 -999.250 -999.250 -999.250 -999.250 -999.250 -999.250 -999.250 -999.250 -999.250 -999.250 -999.250 -999.250 -999.250 -999.250 -999.250 -999.250 -999.250 -999.250 -999.250 -999.250 -999.250 -999.250 -999.250 -999.250 -999.250 -999.250 -999.250 -999.250 -999.250 -999.250 -999.250 -999.250 -999.250 -999.250 -999.250 -999.250 -999.250 -999.250 -999.250 -999.250 -999.250 -999.250 -999.250 -999.250 -999.250 -999.250 -999.250 -999.250 -999.250 -999.250 -999.250 -999.250 -999.250 -999.250 -999.250 -999.250 -999.250 -999.250 -999.250 -999.250
-999.250 -999.250 -999.250 -999.250 -999.250 -999.250 -999.250 -999.250 -999.250 -999.250 -999.250 -999.250 -999.250 -999.250 -999.250 -999.250 -999.250 -999.250 -999.250 -999.250 -999.250 -999.250 -999.250 -999.250 -999.250 -999.250 -999.250 -999.250 -999.250 -999.250 -999.250 -999.250 -999.250 -999.250 -999.250 -999.250 -999.250 -999.250 -999.250 -999.250 -999.250 -999.250 -999.250 -999.250 -999.250 -999.250 -999.250 -999.250 -999.250 -999.250 417.773 -999.250 -999.250 -999.250 -999.250 -999.250 -999.250 -999.250 -999.250 -999.250 -999.250 -999.250 -999.250 -999.250
-999.250 -999.250 -999.250 -999.250 -999.250 -999.250 -999.250 -999.250 -999.250 -999.250 -999.250 -999.250 -999.250 -999.250 -999.250 -999.250 -999.250 -999.250 -999.250 -999.250 -999.250 -999.250 -999.250 -999.250 -999.250 -999.250 -999.250 -999.250 -999.250 -999.250 -999.250 -999.250 -999.250 -999.250 -999.250 721.660 704.159 614.910 492.994 -999.250 -999.250 -999.250 -999.250 405.259 -999.250 -999.250 -999.250 -999.250 -999.250 -999.250 422.725 429.885 -999.250 -999.250 -999.250 -999.250 -999.250 -999.250 -999.250 -999.250 -999.250 -999.250 -999.250 -999.250
-999.250 -999.250 -999.250 -999.250 -999.250 -999.250 -999.250 -999.250 -999.250 -999.250 -999.250 -999.250 -999.250 -999.250 -999.250 -999.250 -999.250 -999.250 -999.250 -999.250 -999.250 -999.250 -999.250 -999.250 -999.250 -999.250 -999.250 -999.250 -999.250 -999.250 -999.250 -999.250 -999.250 -999.250 -999.250 793.695 700.087 630.164 563.945 -999.250 -999.250 -999.250 432.162 410.790 398.556 -999.250 -999.250 -999.250 -999.250 -999.250 407.084 474.198 504.016 -999.250 -999.250 -999.250 -999.250 -999.250 -999.250 690.531 755.733 -999.250 -999.250 -999.250
-999.250 -999.250 -999.250 -999.250 -999.250 -999.250 -999.250 -999.250 -999.250 -999.250 -999.250 -999.250 -999.250 -999.250 -999.250 -999.250 -999.250 -999.250 -999.250 -999.250 -999.250 -999.250 -999.250 -999.250 -999.250 -999.250 -999.250 -999.250 -999.250 -999.250 -999.250 -999.250 -999.250 -999.250 -999.250 834.389 772.802 680.565 580.506 567.528 469.312 493.902 450.436 441.173 408.298 427.659 396.044 389.286 425.770 409.401 458.678 463.654 479.984 507.528 561.430 531.940 553.455 599.327 663.705 679.283 692.944 -999.250 -999.250 -999.250
-999.250 -999.250 -999.250 -999.250 -999.250 424.296 -999.250 -999.250 -999.250 -999.250 -999.250 -999.250 -999.250 -999.250 -999.250 -999.250 -999.250 -999.250 -999.250 -999.250 -999.250 -999.250 -999.250 -999.250 -999.250 -999.250 -999.250 -999.250 -999.250 -999.250 -999.250 -999.250 -999.250 -999.250 -999.250 873.944 837.487 734.223 656.595 546.527 507.252 463.654 456.517 445.950 406.942 401.694 408.937 405.361 454.512 455.497 477.047 516.653 531.137 547.855 551.025 586.778 618.443 635.468 644.902 705.581 732.647 -999.250 -999.250 -999.250
-999.250 -999.250 -999.250 -999.250 -999.250 451.380 -999.250 -999.250 -999.250 -999.250 -999.250 -999.250 -999.250 830.424 -999.250 -999.250 -999.250 -999.250 -999.250 -999.250 -999.250 -999.250 -999.250 -999.250 -999.250 -999.250 -999.250 -999.250 -999.250 -999.250 -999.250 -999.250 -999.250 -999.250 -999.250 950.778 824.828 762.103 619.290 567.420 495.319 488.370 464.828 427.335 424.430 396.516 408.448 441.253 461.064 476.680 507.970 538.673 557.370 572.122 581.963 629.488 651.061 681.582 740.625 774.211 809.847 -999.250 -999.250 -999.250
-999.250 -999.250 -999.250 -999.250 -999.250 451.992 -999.250 -999.250 -999.250 -999.250 694.091 733.757 809.968 847.022 878.632 -999.250 -999.250 -999.250 -999.250 -999.250 -999.250 -999.250 -999.250 -999.250 -999.250 -999.250 -999.250 -999.250 -999.250 -999.250 -999.250 -999.250 -999.250 -999.250 -999.250 947.397 809.786 741.816 672.850 576.883 524.530 495.073 440.797 442.594 432.396 414.799 425.211 454.974 466.510 494.980 540.700 545.392 583.507 621.371 672.080 664.663 689.624 790.004 791.359 833.036 878.365 952.045 -999.250 -999.250
-999.250 -999.250 397.127 407.884 425.587 440.560 -999.250 -999.250 531.683 608.416 685.128 725.343 771.644 854.578 941.956 1009.808 1064.700 1158.557 -999.250 -999.250 -999.250 -999.250 -999.250 -999.250 -999.250 -999.250 -999.250 -999.250 -999.250 -999.250 -999.250 -999.250 1205.466 1161.331 1062.079 932.433 886.206 771.632 687.894 639.590 528.275 467.174 439.914 416.641 412.903 411.664 478.289 472.031 506.506 516.056 567.885 615.133 623.697 669.868 686.651 699.289 711.501 788.659 836.809 830.173 933.967 974.986 -999.250 -999.250
-999.250 396.983 389.954 397.730 419.198 464.199 -999.250 524.385 572.080 616.755 668.728 728.890 734.686 839.360 903.418 965.325 1090.610 -999.250 -999.250 -999.250 -999.250 -999.250 1582.093 1757.049 -999.250 -999.250 -999.250 1502.155 -999.250 -999.250 1282.445 1296.207 1231.708 1157.577 1091.719 961.982 904.683 812.161 710.882 629.279 554.242 466.274 416.781 401.305 408.849 443.935 461.110 478.370 520.055 561.357 619.003 622.620 664.308 680.070 740.540 738.222 779.566 779.435 863.505 869.376 965.765 1001.014 -999.250 -999.250
-999.250 397.184 432.153 418.721 439.673 466.977 504.408 518.676 580.494 616.867 642.405 696.375 783.090 888.741 976.680 996.849 1150.535 -999.250 -999.250 1301.699 1438.908 1634.147 1731.737 1745.357 1839.216 -999.250 1748.600 1604.622 1497.505 1382.230 1353.044 1343.900 1258.236 1185.975 1101.205 975.766 907.545 816.809 671.876 614.536 567.060 494.744 413.116 410.689 428.008 435.535 481.762 474.622 510.906 548.951 600.398 641.849 682.844 708.186 759.483 763.653 786.704 896.972 895.538 939.157 947.424 982.507 -999.250 -999.250
477.727 430.180 446.308 469.447 444.752 469.031 476.643 527.970 558.860 632.068 643.334 653.232 761.248 840.506 926.441 1003.663 1099.307 1179.708 1252.129 1350.620 1493.349 1647.812 1911.732 1963.922 1914.936 1840.705 1800.335 1629.571 1608.017 1466.276 1413.681 1316.297 1240.410 1193.260 1089.689 975.112 899.213 792.388 713.520 649.834 595.587 533.424 493.962 444.660 434.286 443.691 453.294 495.265 508.836 571.388 598.106 638.961 703.282 752.367 814.621 862.564 881.592 889.579 925.729 1005.645 1024.727 984.822 -999.250 -999.250
509.493 513.133 483.278 441.030 443.281 447.569 482.548 504.784 542.812 550.267 604.635 667.359 756.580 810.345 891.260 979.160 1104.532 1199.672 1243.870 1399.421 1567.415 1742.115 1893.838 1965.107 1982.965 2015.593 1856.978 1824.431 1635.228 1507.441 1443.284 1340.372 1229.434 1152.816 1127.752 1005.389 887.379 779.489 701.278 655.531 636.766 560.248 538.375 495.519 467.152 484.906 487.622 525.183 557.599 582.872 634.620 674.518 725.129 747.726 860.353 884.065 923.532 960.168 1018.405 1072.211 1073.868 993.615 -999.250 -999.250
534.241 526.561 484.838 468.723 481.260 454.446 479.078 491.492 491.611 527.210 576.815 642.903 661.612 770.120 858.114 900.555 1085.876 1177.989 1263.192 1476.681 1740.911 1819.193 2026.876 2030.323 2009.135 2032.667 1818.471 1789.312 1653.542 1602.349 1458.213 1339.997 1233.329 1120.102 1086.819 1030.732 917.154 790.471 717.577 690.985 662.202 639.226 573.199 547.997 494.293 506.695 515.683 567.072 600.922 627.849 657.538 691.348 727.021 829.331 894.818 902.316 977.628 984.560 1038.745 1035.706 1152.503 -999.250 -999.250 -999.250
510.918 508.725 507.890 475.334 482.418 469.567 464.859 466.822 491.957 506.333 565.151 594.995 644.781 726.461 760.129 856.986 992.978 1124.889 1286.044 1539.750 1643.117 1863.214 1931.694 1997.814 1995.664 1922.635 1821.042 1757.341 1698.200 1494.851 1399.066 1318.450 1292.848 1193.422 1103.936 1017.715 914.490 760.352 684.326 685.810 652.782 641.188 635.532 557.566 517.074 541.099 567.309 592.894 605.760 651.081 674.680 753.003 765.488 852.716 883.970 973.089 965.855 1012.871 1059.907 1171.456 1180.312 -999.250 -999.250 -999.250
572.639 515.841 525.370 498.470 474.062 456.797 448.179 453.951 460.164 492.749 536.501 552.717 597.615 650.032 685.588 775.653 923.874 1062.667 1252.026 1388.271 1478.875 1735.480 1848.077 1852.894 1943.652 1838.102 1782.961 1752.064 1550.912 1503.839 1340.567 1293.921 1261.906 1168.611 1038.534 1024.461 900.704 835.829 732.732 691.883 679.187 661.400 595.476 579.203 536.038 559.920 583.294 638.239 658.017 685.997 681.607 720.017 792.390 837.039 962.412 974.864 1059.070 1109.595 1113.016 1170.551 1193.042 -999.250 -999.250 -999.250
577.441 576.493 497.663 505.015 449.188 444.961 443.400 435.338 436.580 463.517 471.855 512.640 562.292 612.870 609.186 678.456 835.312 1018.825 1183.284 1330.035 1406.314 1505.501 1599.442 1785.234 1779.655 1703.133 1695.737 1611.286 1558.465 1381.255 1314.804 1255.694 1189.937 1160.995 1124.947 968.994 902.059 807.824 777.968 694.844 677.043 641.498 633.818 633.614 605.181 577.417 641.705 616.208 656.317 709.136 714.312 720.556 810.829 859.647 899.670 967.092 1092.655 1126.472 1108.862 1215.044 1236.633 -999.250 -999.250 -999.250
640.208 582.547 550.701 502.831 454.484 398.019 425.536 404.044 405.391 420.058 445.638 473.924 534.563 566.831 571.518 600.240 801.523 989.147 1144.279 1299.193 1315.187 1510.628 1553.726 1670.139 1742.868 1647.838 1550.465 1461.651 1425.004 1360.680 1320.798 1277.897 1189.076 1156.951 1015.484 999.469 878.476 847.526 726.022 753.190 661.565 664.999 645.431 647.104 630.802 643.132 656.099 665.587 677.641 743.797 764.787 738.356 819.566 892.270 980.810 1060.719 1107.082 1177.813 1163.522 1289.884 1277.011 -999.250 -999.250 -999.250
661.992 596.549 591.870 527.393 460.716 425.981 419.376 407.238 389.934 416.902 436.107 484.070 520.467 555.768 588.297 666.354 833.886 1000.798 1153.757 1247.315 1324.079 1481.534 1496.456 1524.594 1455.804 1470.301 1471.803 1455.110 1382.159 1320.553 1280.474 1232.676 1159.703 1112.797 1012.837 946.202 829.588 807.562 745.186 713.646 688.920 666.617 649.848 604.567 661.333 669.257 669.109 702.620 679.924 732.836 785.320 831.570 879.096 948.231 957.536 1073.655 1089.516 1140.950 1255.584 1300.948 1257.137 1346.590 -999.250 -999.250
665.819 599.306 553.974 523.699 445.463 411.106 387.580 383.297 367.003 387.444 408.942 457.425 498.387 563.338 633.172 715.039 866.747 1006.598 1133.419 1194.452 1312.756 1364.072 1431.469 1412.473 1426.256 1434.194 1367.251 1375.665 1308.362 1275.844 1235.804 1164.154 1068.889 1009.571 956.746 863.354 805.726 756.606 730.678 692.560 680.641 695.713 660.524 645.244 637.563 651.459 677.313 675.200 693.330 697.986 740.946 871.356 901.623 931.816 1021.710 1078.764 1151.731 1186.902 1296.054 1334.904 1422.764 1414.027 1472.713 -999.250
675.035 607.372 553.229 489.606 431.155 404.235 369.915 367.638 357.226 380.299 408.553 440.201 513.728 575.530 697.468 769.972 905.819 1012.206 1129.167 1195.387 1263.108 1365.656 1388.328 1343.156 1384.429 1432.820 1327.253 1330.639 1261.804 1202.420 1152.488 1086.767 1055.305 961.107 901.122 831.562 802.778 754.797 711.572 704.271 693.269 658.520 693.136 660.456 670.346 665.070 678.941 673.122 694.313 741.287 770.372 809.096 884.932 937.199 1040.195 1141.911 1172.303 1201.205 1270.810 1370.727 1415.854 1456.292 1508.143 1491.184
705.696 614.412 523.613 475.518 423.151 397.158 353.625 346.345 349.853 369.902 386.364 439.977 540.134 625.280 719.772 779.255 941.463 1040.055 1129.360 1200.281 1260.916 1321.250 1358.519 1314.487 1315.471 1315.487 1304.371 1259.370 1234.559 1191.332 1122.690 1044.466 947.592 916.375 847.217 813.044 773.171 714.837 692.266 664.414 653.256 674.537 644.557 656.803 652.006 660.813 693.752 666.417 687.220 791.563 739.943 835.700 875.973 910.809 1020.866 1131.586 1209.573 1237.286 1303.784 1392.465 1385.067 1463.586 1549.699 1559.737
