data/medianmodel_08-May-2020.asc
ncols	141
nrows	288
xllcorner	-120191.398
yllcorner	-301404.813
cellsize	2000.000
NODATA_value	-999.250
[rows 155 to 185 of 288, columns 69 to 137 of 141]
1.859 0.648 1.890 2.307 3.124 4.557 5.405 7.617 5.200 6.126 5.738 4.742 4.079 5.926 4.514 3.148 1.520 0.979 0.472 0.066 0.000 0.000 0.000 0.000 0.000 0.066 -999.250 -999.250 -999.250 -999.250 -999.250 -999.250 -999.250 -999.250 -999.250 -999.250 -999.250 -999.250 -999.250 -999.250 -999.250 -999.250 -999.250 -999.250 -999.250 -999.250 -999.250 -999.250 -999.250 -999.250 -999.250 -999.250 -999.250 -999.250 -999.250 -999.250 -999.250 -999.250 -999.250 -999.250 -999.250 -999.250 -999.250 -999.250 -999.250 -999.250 -999.250 -999.250 -999.250
1.851 2.577 1.900 2.818 3.114 4.100 4.685 4.722 4.257 5.346 5.355 2.495 2.771 1.417 3.377 0.186 0.816 0.112 0.772 0.075 0.030 0.000 0.039 1.152 0.000 0.973 1.500 -999.250 -999.250 -999.250 -999.250 -999.250 -999.250 -999.250 -999.250 -999.250 -999.250 -999.250 -999.250 -999.250 -999.250 -999.250 -999.250 -999.250 -999.250 -999.250 -999.250 -999.250 -999.250 -999.250 -999.250 -999.250 -999.250 -999.250 -999.250 -999.250 -999.250 -999.250 -999.250 -999.250 -999.250 -999.250 -999.250 -999.250 -999.250 -999.250 -999.250 -999.250 -999.250
1.676 1.892 1.272 0.692 3.738 3.245 6.099 4.306 3.600 4.599 4.137 0.545 0.910 0.000 0.843 1.929 3.019 1.369 1.722 0.699 0.000 0.000 0.000 0.758 3.001 4.254 2.594 2.182 -999.250 -999.250 -999.250 -999.250 -999.250 -999.250 -999.250 -999.250 -999.250 -999.250 -999.250 -999.250 -999.250 -999.250 -999.250 -999.250 -999.250 -999.250 -999.250 -999.250 -999.250 -999.250 -999.250 -999.250 -999.250 -999.250 -999.250 -999.250 -999.250 -999.250 -999.250 -999.250 -999.250 -999.250 -999.250 -999.250 -999.250 -999.250 -999.250 -999.250 -999.250
4.144 2.349 2.478 1.969 4.028 4.513 4.075 5.714 2.442 5.181 1.924 1.503 0.954 0.000 0.000 0.000 1.703 2.311 1.894 0.742 0.000 0.000 0.282 1.643 3.301 4.302 4.185 2.162 1.646 -999.250 -999.250 -999.250 -999.250 -999.250 -999.250 -999.250 -999.250 -999.250 -999.250 -999.250 -999.250 -999.250 -999.250 -999.250 -999.250 -999.250 -999.250 -999.250 -999.250 -999.250 -999.250 -999.250 -999.250 -999.250 -999.250 -999.250 -999.250 -999.250 -999.250 -999.250 -999.250 -999.250 -999.250 -999.250 -999.250 -999.250 -999.250 -999.250 -999.250
5.482 3.279 2.285 4.688 4.660 4.348 4.361 5.341 5.795 3.678 1.705 1.960 0.059 0.154 0.000 0.000 0.963 3.289 4.657 2.151 0.460 0.000 1.179 3.692 3.559 4.395 1.198 4.537 1.840 -999.250 -999.250 -999.250 -999.250 -999.250 -999.250 -999.250 -999.250 -999.250 -999.250 -999.250 -999.250 -999.250 -999.250 -999.250 -999.250 -999.250 -999.250 -999.250 -999.250 -999.250 -999.250 -999.250 -999.250 -999.250 -999.250 -999.250 -999.250 -999.250 -999.250 -999.250 -999.250 -999.250 -999.250 -999.250 -999.250 -999.250 -999.250 -999.250 -999.250
3.797 3.362 3.975 4.359 3.530 5.013 4.444 4.815 4.145 2.310 3.772 2.362 0.000 0.000 0.000 0.560 0.362 1.078 2.923 4.180 2.356 0.580 2.189 3.053 4.343 2.376 3.154 4.721 2.089 -999.250 -999.250 -999.250 -999.250 -999.250 -999.250 -999.250 -999.250 -999.250 -999.250 -999.250 -999.250 -999.250 -999.250 -999.250 -999.250 -999.250 -999.250 -999.250 -999.250 -999.250 -999.250 -999.250 -999.250 -999.250 -999.250 -999.250 -999.250 -999.250 -999.250 -999.250 -999.250 -999.250 -999.250 -999.250 -999.250 -999.250 -999.250 -999.250 -999.250
1.620 2.198 3.601 4.919 4.230 2.725 3.611 4.222 6.261 1.683 1.387 0.466 0.298 0.000 0.000 0.000 0.498 1.924 2.014 2.155 2.884 3.130 3.955 3.050 2.879 3.857 5.051 1.774 2.168 -999.250 -999.250 -999.250 -999.250 -999.250 -999.250 -999.250 -999.250 -999.250 -999.250 -999.250 -999.250 -999.250 -999.250 -999.250 -999.250 -999.250 -999.250 -999.250 -999.250 -999.250 -999.250 -999.250 -999.250 -999.250 -999.250 -999.250 -999.250 -999.250 -999.250 -999.250 -999.250 -999.250 -999.250 -999.250 -999.250 -999.250 -999.250 -999.250 -999.250
1.765 2.549 4.749 5.966 5.185 3.008 2.393 4.472 2.956 4.546 1.481 1.111 0.000 0.349 1.584 0.847 0.131 0.796 2.171 3.398 5.088 2.492 3.097 2.893 2.737 5.849 3.401 3.756 2.772 -999.250 -999.250 -999.250 -999.250 -999.250 -999.250 -999.250 -999.250 -999.250 -999.250 -999.250 -999.250 -999.250 -999.250 -999.250 -999.250 -999.250 -999.250 -999.250 -999.250 -999.250 -999.250 -999.250 -999.250 -999.250 -999.250 -999.250 -999.250 -999.250 -999.250 -999.250 -999.250 -999.250 -999.250 -999.250 -999.250 -999.250 -999.250 -999.250 -999.250
2.525 2.638 2.564 5.272 6.161 2.904 3.855 4.269 3.751 3.915 1.317 0.095 0.000 0.000 1.039 1.582 2.102 1.206 0.975 4.088 3.004 3.238 5.054 4.801 3.223 2.272 3.527 2.886 4.046 2.026 -999.250 -999.250 -999.250 -999.250 -999.250 -999.250 -999.250 -999.250 -999.250 -999.250 -999.250 -999.250 -999.250 -999.250 -999.250 -999.250 -999.250 -999.250 -999.250 -999.250 -999.250 -999.250 -999.250 -999.250 -999.250 -999.250 -999.250 -999.250 -999.250 -999.250 -999.250 -999.250 -999.250 -999.250 -999.250 -999.250 -999.250 -999.250 -999.250
3.039 4.006 5.270 5.239 4.279 2.649 3.926 3.494 2.391 1.177 1.829 1.031 0.000 0.000 0.524 1.435 2.875 1.842 5.107 1.155 4.082 4.578 4.396 5.477 5.041 2.384 1.878 1.502 2.764 1.378 0.959 -999.250 -999.250 -999.250 -999.250 -999.250 -999.250 -999.250 -999.250 -999.250 -999.250 -999.250 -999.250 -999.250 -999.250 -999.250 -999.250 -999.250 -999.250 -999.250 -999.250 -999.250 -999.250 -999.250 -999.250 -999.250 -999.250 -999.250 -999.250 -999.250 -999.250 -999.250 -999.250 -999.250 -999.250 -999.250 -999.250 -999.250 -999.250
3.464 2.781 4.689 4.012 5.419 2.785 2.743 4.656 1.930 0.646 0.834 0.556 1.204 0.000 0.550 2.067 1.795 1.508 2.294 2.542 3.314 2.358 4.086 5.065 3.836 3.170 2.211 1.680 2.741 2.052 1.705 1.944 0.036 0.000 -999.250 -999.250 -999.250 -999.250 -999.250 -999.250 -999.250 -999.250 -999.250 -999.250 -999.250 -999.250 -999.250 -999.250 -999.250 -999.250 -999.250 -999.250 -999.250 -999.250 -999.250 -999.250 -999.250 -999.250 -999.250 -999.250 -999.250 -999.250 -999.250 -999.250 -999.250 -999.250 -999.250 -999.250 -999.250
3.222 4.274 3.618 5.954 5.178 3.611 4.254 1.736 2.066 1.835 0.897 1.348 2.186 0.343 0.913 2.436 4.472 1.525 2.573 2.195 1.954 1.763 4.460 2.454 6.475 3.847 3.032 2.744 1.707 2.246 2.963 1.072 1.646 1.070 -999.250 -999.250 -999.250 -999.250 -999.250 -999.250 -999.250 -999.250 -999.250 -999.250 -999.250 -999.250 -999.250 -999.250 -999.250 -999.250 -999.250 -999.250 -999.250 -999.250 -999.250 -999.250 -999.250 -999.250 -999.250 -999.250 -999.250 -999.250 -999.250 -999.250 -999.250 -999.250 -999.250 -999.250 -999.250
0.345 1.535 2.219 1.271 2.592 2.974 2.488 0.051 2.200 2.073 0.761 0.516 1.045 2.467 1.746 0.541 1.557 3.948 1.818 2.843 2.753 2.295 2.474 2.187 1.808 0.381 1.119 0.055 0.063 0.396 0.875 0.765 1.336 -999.250 -999.250 -999.250 -999.250 -999.250 -999.250 -999.250 -999.250 -999.250 -999.250 -999.250 -999.250 -999.250 -999.250 -999.250 -999.250 -999.250 -999.250 -999.250 -999.250 -999.250 -999.250 -999.250 -999.250 -999.250 -999.250 -999.250 -999.250 -999.250 -999.250 -999.250 -999.250 -999.250 -999.250 -999.250 -999.250
0.795 0.484 1.616 3.957 2.018 2.515 2.394 0.000 1.227 1.248 0.678 1.411 0.010 0.471 1.377 1.842 2.508 2.400 3.745 3.515 1.226 0.727 0.696 2.601 0.710 1.914 0.409 0.000 0.000 0.000 0.000 1.155 1.909 -999.250 -999.250 -999.250 0.000 0.000 0.000 -999.250 -999.250 -999.250 -999.250 -999.250 -999.250 -999.250 -999.250 -999.250 -999.250 -999.250 -999.250 -999.250 -999.250 -999.250 -999.250 -999.250 -999.250 -999.250 -999.250 -999.250 -999.250 -999.250 -999.250 -999.250 -999.250 -999.250 -999.250 -999.250 -999.250
0.134 0.000 1.917 1.530 2.586 2.431 1.022 1.374 0.754 0.315 0.584 0.000 0.000 0.958 0.124 3.395 2.053 1.529 1.402 0.000 0.300 0.947 0.031 0.732 2.568 3.985 2.998 0.318 0.000 0.000 0.000 0.000 0.189 0.366 1.947 0.114 0.000 0.000 0.000 0.000 -999.250 -999.250 -999.250 -999.250 -999.250 -999.250 -999.250 -999.250 -999.250 -999.250 -999.250 -999.250 -999.250 -999.250 -999.250 -999.250 -999.250 -999.250 -999.250 -999.250 -999.250 -999.250 -999.250 -999.250 -999.250 -999.250 -999.250 -999.250 -999.250
0.000 0.000 0.000 2.159 1.921 2.212 3.995 1.239 2.376 1.585 0.117 0.000 0.000 0.785 0.653 0.000 1.282 2.671 1.149 0.149 0.326 0.000 0.000 0.796 1.683 1.306 1.109 1.033 0.000 0.000 0.000 0.000 0.367 0.944 1.284 2.629 0.000 0.000 0.000 0.000 0.000 -999.250 -999.250 -999.250 -999.250 -999.250 -999.250 -999.250 -999.250 -999.250 -999.250 -999.250 -999.250 -999.250 -999.250 -999.250 -999.250 -999.250 -999.250 -999.250 -999.250 -999.250 -999.250 -999.250 -999.250 -999.250 -999.250 -999.250 -999.250
0.000 0.043 0.204 1.608 3.104 2.999 2.875 0.433 0.595 0.773 0.000 0.000 0.000 0.273 1.652 2.681 1.082 1.662 1.028 0.000 1.590 0.000 0.000 0.133 1.770 3.641 2.322 1.780 0.594 0.458 0.485 0.036 2.072 0.818 1.051 2.474 0.302 0.000 0.000 0.000 0.000 -999.250 -999.250 -999.250 -999.250 -999.250 -999.250 -999.250 -999.250 -999.250 -999.250 -999.250 -999.250 -999.250 -999.250 -999.250 -999.250 -999.250 -999.250 -999.250 -999.250 -999.250 -999.250 -999.250 -999.250 -999.250 -999.250 -999.250 -999.250
1.240 0.721 0.245 0.647 1.012 0.804 3.230 1.906 0.401 0.554 0.000 0.397 1.140 0.000 0.860 1.472 1.665 1.001 1.713 2.474 0.447 0.000 0.000 0.000 0.397 1.896 2.112 1.928 2.105 1.059 1.920 1.504 2.064 0.027 1.599 1.646 1.692 0.552 0.000 0.168 0.000 -999.250 -999.250 -999.250 -999.250 -999.250 -999.250 -999.250 -999.250 -999.250 -999.250 -999.250 -999.250 -999.250 -999.250 -999.250 -999.250 -999.250 -999.250 -999.250 -999.250 -999.250 -999.250 -999.250 -999.250 -999.250 -999.250 -999.250 -999.250
4.017 3.005 1.943 0.202 1.646 1.930 1.839 2.238 2.923 0.748 0.000 0.615 1.226 1.482 1.759 1.745 2.476 0.962 0.490 0.779 0.966 0.000 0.000 0.000 0.980 0.332 2.062 2.842 1.506 2.929 0.000 0.124 1.747 1.993 2.280 1.917 3.900 2.481 1.922 1.595 0.157 0.000 -999.250 -999.250 -999.250 -999.250 -999.250 -999.250 -999.250 -999.250 -999.250 -999.250 -999.250 -999.250 -999.250 -999.250 -999.250 -999.250 -999.250 -999.250 -999.250 -999.250 -999.250 -999.250 -999.250 -999.250 -999.250 -999.250 -999.250
2.968 1.655 2.411 1.216 0.873 1.221 2.014 2.484 2.646 0.000 1.724 0.000 0.254 0.000 1.246 0.528 1.763 2.190 1.054 1.980 0.277 0.000 0.000 0.000 0.000 0.177 1.151 2.234 1.928 1.487 1.076 1.239 1.636 2.263 1.942 3.397 2.855 4.962 2.966 1.695 1.501 -999.250 -999.250 -999.250 -999.250 -999.250 -999.250 -999.250 -999.250 -999.250 -999.250 -999.250 -999.250 -999.250 -999.250 -999.250 -999.250 -999.250 -999.250 -999.250 -999.250 -999.250 -999.250 -999.250 -999.250 -999.250 -999.250 -999.250 -999.250
0.726 1.925 1.840 0.831 2.034 2.246 1.149 3.024 1.434 0.000 0.000 0.000 0.000 0.524 1.089 0.976 1.209 1.215 0.542 0.000 0.000 0.482 0.330 0.888 0.050 1.933 1.659 2.625 1.740 0.986 1.258 2.621 1.623 1.157 0.966 3.190 2.932 5.064 4.369 3.368 -999.250 -999.250 -999.250 -999.250 -999.250 -999.250 -999.250 -999.250 -999.250 -999.250 -999.250 -999.250 -999.250 -999.250 -999.250 -999.250 -999.250 -999.250 -999.250 -999.250 -999.250 -999.250 -999.250 -999.250 -999.250 -999.250 -999.250 -999.250 -999.250
1.780 4.356 3.467 1.862 2.760 1.951 1.548 3.602 1.795 0.000 0.000 0.000 0.292 0.812 0.000 0.765 0.000 0.816 0.000 0.000 0.016 1.334 0.949 1.005 2.002 2.045 3.267 3.628 2.296 2.536 2.367 2.389 2.040 2.234 2.115 2.517 3.897 4.788 3.707 1.903 -999.250 -999.250 -999.250 -999.250 -999.250 -999.250 -999.250 -999.250 -999.250 -999.250 -999.250 -999.250 -999.250 -999.250 -999.250 -999.250 -999.250 -999.250 -999.250 -999.250 -999.250 -999.250 -999.250 -999.250 -999.250 -999.250 -999.250 -999.250 -999.250
1.815 2.826 4.596 2.545 3.427 2.456 1.969 2.992 2.511 0.493 1.593 1.933 0.094 1.799 1.010 1.876 0.000 0.000 0.000 0.000 0.000 0.000 0.000 1.177 0.826 2.935 2.977 4.462 2.920 3.364 4.347 2.249 1.699 3.404 5.258 2.534 2.366 2.871 2.887 -999.250 -999.250 -999.250 -999.250 -999.250 -999.250 -999.250 -999.250 -999.250 -999.250 -999.250 -999.250 -999.250 -999.250 -999.250 -999.250 -999.250 -999.250 -999.250 -999.250 -999.250 -999.250 -999.250 -999.250 -999.250 -999.250 -999.250 -999.250 -999.250 -999.250
2.547 3.637 6.007 3.497 3.869 1.551 2.236 2.777 1.660 1.312 1.889 3.125 1.967 1.551 0.000 0.000 0.000 0.000 0.000 0.000 0.000 0.000 0.000 0.000 0.465 1.930 5.169 9.574 5.505 3.670 6.001 4.983 2.416 4.646 4.288 3.352 1.751 3.055 1.873 -999.250 -999.250 -999.250 -999.250 -999.250 -999.250 -999.250 -999.250 -999.250 -999.250 -999.250 -999.250 -999.250 -999.250 -999.250 -999.250 -999.250 -999.250 -999.250 -999.250 -999.250 -999.250 -999.250 -999.250 -999.250 -999.250 -999.250 -999.250 -999.250 -999.250
3.430 5.463 3.090 4.179 3.145 4.261 4.012 3.733 2.630 3.112 1.383 1.726 3.168 0.000 0.000 0.000 0.000 0.000 0.000 0.000 0.000 0.000 0.000 0.837 1.154 1.779 8.449 7.611 7.945 5.456 5.077 5.504 5.894 4.790 5.159 2.793 2.570 4.970 -999.250 -999.250 -999.250 -999.250 -999.250 -999.250 -999.250 -999.250 -999.250 -999.250 -999.250 -999.250 -999.250 -999.250 -999.250 -999.250 -999.250 -999.250 -999.250 -999.250 -999.250 -999.250 -999.250 -999.250 -999.250 -999.250 -999.250 -999.250 -999.250 -999.250 -999.250
4.329 5.155 5.366 2.114 4.565 4.993 3.580 4.874 4.511 1.837 2.173 2.535 1.784 0.022 0.000 0.000 0.000 0.000 0.000 0.000 0.000 0.000 0.684 1.657 2.706 5.584 5.278 6.799 8.481 8.302 5.198 5.952 6.254 6.861 5.045 4.376 4.808 5.959 -999.250 -999.250 -999.250 -999.250 -999.250 -999.250 -999.250 -999.250 -999.250 -999.250 -999.250 -999.250 -999.250 -999.250 -999.250 -999.250 -999.250 -999.250 -999.250 -999.250 -999.250 -999.250 -999.250 -999.250 -999.250 -999.250 -999.250 -999.250 -999.250 -999.250 -999.250
3.283 5.125 4.218 3.220 3.535 6.441 6.289 4.450 5.517 2.622 1.750 1.647 0.155 0.000 0.000 0.000 0.000 0.000 0.000 0.000 0.000 0.000 0.000 4.009 4.869 7.669 7.520 11.222 11.682 8.184 8.812 8.447 5.274 8.178 6.285 2.621 2.762 4.659 -999.250 -999.250 -999.250 -999.250 -999.250 -999.250 -999.250 -999.250 -999.250 -999.250 -999.250 -999.250 -999.250 -999.250 -999.250 -999.250 -999.250 -999.250 -999.250 -999.250 -999.250 -999.250 -999.250 -999.250 -999.250 -999.250 -999.250 -999.250 -999.250 -999.250 -999.250
2.640 2.755 3.459 3.947 3.796 4.586 7.534 6.167 4.387 3.654 4.619 3.151 0.545 0.000 0.000 0.000 0.000 0.000 0.000 0.000 0.000 0.000 1.027 7.826 8.808 10.973 10.029 12.288 10.870 11.130 9.154 8.408 5.997 5.774 5.202 4.469 4.276 -999.250 -999.250 -999.250 -999.250 -999.250 -999.250 -999.250 -999.250 -999.250 -999.250 -999.250 -999.250 -999.250 -999.250 -999.250 -999.250 -999.250 -999.250 -999.250 -999.250 -999.250 -999.250 -999.250 -999.250 -999.250 -999.250 -999.250 -999.250 -999.250 -999.250 -999.250 -999.250
1.926 2.004 3.219 4.204 5.308 6.823 6.022 6.852 7.415 5.236 5.079 3.054 0.963 0.000 0.000 0.000 0.000 0.000 0.000 0.000 0.000 0.000 3.638 10.370 11.422 12.410 14.291 16.657 14.811 13.839 11.480 7.766 6.079 4.871 3.781 2.960 -999.250 -999.250 -999.250 -999.250 -999.250 -999.250 -999.250 -999.250 -999.250 -999.250 -999.250 -999.250 -999.250 -999.250 -999.250 -999.250 -999.250 -999.250 -999.250 -999.250 -999.250 -999.250 -999.250 -999.250 -999.250 -999.250 -999.250 -999.250 -999.250 -999.250 -999.250 -999.250 -999.250
3.359 5.348 5.744 4.468 4.280 5.018 3.967 3.916 5.156 4.111 4.854 4.384 2.843 0.237 0.000 0.000 0.000 0.843 0.015 0.000 0.000 0.000 8.835 17.520 19.254 16.962 17.455 16.755 19.056 15.596 14.665 11.866 11.048 5.767 4.857 3.606 -999.250 -999.250 -999.250 -999.250 -999.250 -999.250 -999.250 -999.250 -999.250 -999.250 -999.250 -999.250 -999.250 -999.250 -999.250 -999.250 -999.250 -999.250 -999.250 -999.250 -999.250 -999.250 -999.250 -999.250 -999.250 -999.250 -999.250 -999.250 -999.250 -999.250 -999.250 -999.250 -999.250
3.951 6.124 6.307 5.688 4.052 4.302 4.427 6.308 3.200 4.427 4.968 6.885 3.583 3.695 0.753 1.212 2.774 3.130 4.328 4.293 6.798 14.146 21.446 25.936 23.305 20.849 21.098 21.640 21.132 22.898 14.707 12.927 10.261 4.233 -999.250 -999.250 -999.250 -999.250 -999.250 -999.250 -999.250 -999.250 -999.250 -999.250 -999.250 -999.250 -999.250 -999.250 -999.250 -999.250 -999.250 -999.250 -999.250 -999.250 -999.250 -999.250 -999.250 -999.250 -999.250 -999.250 -999.250 -999.250 -999.250 -999.250 -999.250 -999.250 -999.250 -999.250 -999.250
