data/medianmodel_28-Dec-2020.asc
ncols	141
nrows	288
xllcorner	-120191.398
yllcorner	-301404.813
cellsize	2000.000
NODATA_value	-999.250
[rows 196 to 223 of 288, columns 0 to 64 of 141]
-999.250 -999.250 -999.250 -999.250 -999.250 -999.250 -999.250 -999.250 -999.250 -999.250 -999.250 -999.250 -999.250 383.974 376.984 373.042 390.117 429.477 436.234 438.669 446.326 432.288 409.184 385.175 364.145 356.206 352.271 349.224 365.387 381.127 385.029 386.064 374.163 375.257 383.755 404.413 418.102 438.668 429.749 458.860 501.946 501.099 512.169 549.382 562.348 602.100 560.164 551.812 571.245 534.658 525.538 505.658 489.220 457.268 431.079 405.136 389.857 407.827 431.058 430.272 469.593 455.149 465.643 485.356 489.356
-999.250 -999.250 -999.250 -999.250 -999.250 -999.250 -999.250 -999.250 -999.250 -999.250 -999.250 -999.250 -999.250 353.192 360.652 371.407 376.075 402.237 406.432 429.561 428.519 399.865 386.278 364.823 354.432 359.566 360.286 370.552 359.023 378.280 362.285 367.903 364.300 358.219 380.554 388.239 407.113 426.380 430.766 452.997 471.130 470.639 492.672 522.611 532.856 556.874 517.655 520.542 508.559 523.837 520.417 511.622 489.724 462.692 462.568 447.234 470.414 464.302 470.061 479.074 483.320 482.054 476.976 490.038 533.175
-999.250 -999.250 -999.250 -999.250 -999.250 -999.250 -999.250 -999.250 -999.250 -999.250 -999.250 -999.250 -999.250 361.048 382.311 375.423 368.688 392.252 402.447 416.454 402.192 387.558 360.638 358.573 359.228 369.210 369.773 371.424 376.966 362.397 360.784 374.471 361.976 358.760 370.256 376.161 377.515 416.456 437.645 444.287 440.605 469.901 482.483 513.828 511.480 504.154 513.326 501.890 505.535 506.061 507.872 477.636 494.202 462.579 471.442 470.513 479.534 503.414 519.810 512.812 512.792 532.562 524.644 559.541 616.147
-999.250 -999.250 -999.250 -999.250 -999.250 -999.250 -999.250 -999.250 -999.250 -999.250 -999.250 -999.250 -999.250 -999.250 365.890 356.790 358.423 376.387 391.454 379.814 368.246 374.208 344.350 356.454 349.684 375.085 369.716 375.882 396.628 378.367 350.097 377.361 371.509 352.094 351.809 363.696 384.885 409.171 424.059 437.140 434.316 458.517 465.437 462.127 474.748 487.874 479.368 485.312 501.074 487.711 492.002 480.070 484.517 482.000 484.515 513.884 521.817 521.788 555.354 580.640 600.991 592.736 616.560 621.179 631.123
-999.250 -999.250 -999.250 -999.250 -999.250 -999.250 -999.250 -999.250 -999.250 -999.250 -999.250 -999.250 -999.250 -999.250 339.265 345.061 356.753 352.814 368.315 350.402 359.177 362.896 345.794 356.628 361.172 363.438 375.358 385.939 411.723 393.400 374.172 363.214 365.177 349.838 354.217 377.620 387.012 375.097 389.653 412.392 432.495 453.244 454.553 463.641 484.588 458.501 475.697 480.886 467.645 493.871 496.584 474.020 506.783 510.081 498.634 527.481 541.136 571.702 613.450 609.861 670.975 681.126 675.777 680.307 701.926
-999.250 -999.250 -999.250 -999.250 -999.250 -999.250 -999.250 -999.250 -999.250 -999.250 -999.250 -999.250 -999.250 -999.250 344.276 339.684 351.357 347.586 355.154 356.632 357.114 348.859 339.424 353.653 364.444 368.690 363.779 380.845 394.040 388.067 364.579 349.601 347.146 349.111 369.967 354.990 358.261 384.974 362.090 396.701 426.375 412.409 419.257 449.891 454.666 483.904 468.404 472.589 478.962 489.599 496.752 511.097 512.068 521.811 523.865 590.864 623.315 663.771 685.413 696.487 764.485 732.101 724.641 737.834 752.432
-999.250 -999.250 -999.250 -999.250 -999.250 -999.250 -999.250 -999.250 -999.250 -999.250 -999.250 -999.250 -999.250 -999.250 331.555 338.918 347.520 345.803 349.367 354.145 352.420 364.914 343.082 352.205 347.810 -999.250 365.771 367.658 367.129 354.539 358.793 338.037 338.677 335.325 341.192 357.962 368.862 363.882 375.085 368.936 386.141 410.716 425.081 440.646 432.008 473.736 446.900 487.125 476.521 499.912 503.642 526.843 538.169 558.151 582.073 656.250 673.489 723.763 742.476 771.129 793.951 749.378 795.428 832.371 810.115
-999.250 -999.250 -999.250 -999.250 -999.250 -999.250 -999.250 -999.250 -999.250 -999.250 -999.250 -999.250 -999.250 -999.250 337.899 342.490 342.220 353.911 344.133 352.205 341.113 355.332 350.804 -999.250 -999.250 -999.250 347.989 349.675 343.440 350.836 341.977 361.717 327.183 328.757 336.268 342.672 354.458 359.893 352.650 372.654 363.761 390.642 393.093 424.285 435.439 443.370 449.931 468.873 507.479 508.199 508.711 526.843 532.528 564.481 647.942 676.299 771.731 779.284 820.826 851.029 813.203 802.063 848.799 863.507 916.999
-999.250 -999.250 -999.250 -999.250 -999.250 -999.250 -999.250 -999.250 -999.250 -999.250 -999.250 -999.250 -999.250 335.217 333.617 341.975 337.312 340.850 347.238 346.234 338.879 343.090 -999.250 -999.250 -999.250 -999.250 -999.250 338.450 350.283 357.567 338.068 335.722 334.482 334.359 326.476 329.383 331.681 325.988 350.979 345.973 367.641 387.925 381.615 385.269 410.632 437.363 445.974 467.656 484.723 505.565 507.120 514.808 582.118 626.992 687.490 780.723 807.242 905.853 936.664 855.675 939.697 885.607 901.137 938.794 989.656
-999.250 -999.250 -999.250 -999.250 -999.250 -999.250 -999.250 -999.250 -999.250 -999.250 -999.250 -999.250 -999.250 346.426 337.321 327.952 336.668 346.192 341.580 338.335 -999.250 -999.250 -999.250 -999.250 -999.250 -999.250 -999.250 -999.250 342.944 352.544 328.816 328.941 335.159 325.017 326.246 330.836 331.854 337.691 337.057 335.626 345.473 383.621 374.902 393.304 420.555 447.860 417.245 457.904 488.351 508.077 512.945 538.309 655.882 708.477 768.362 804.073 863.850 857.322 895.884 898.128 936.019 966.505 1003.820 984.073 1038.954
-999.250 -999.250 -999.250 -999.250 -999.250 -999.250 -999.250 -999.250 -999.250 -999.250 -999.250 -999.250 336.928 335.625 -999.250 -999.250 -999.250 -999.250 -999.250 -999.250 -999.250 -999.250 -999.250 -999.250 -999.250 -999.250 -999.250 -999.250 -999.250 342.675 336.777 332.835 325.220 323.662 316.328 326.793 328.269 326.544 322.850 330.862 338.135 343.533 362.473 357.445 407.612 420.160 418.943 439.759 470.265 503.856 529.041 550.718 614.435 746.221 737.751 781.893 907.049 921.297 932.188 922.631 963.702 1053.602 1098.602 1093.513 1094.427
-999.250 -999.250 -999.250 -999.250 -999.250 -999.250 -999.250 -999.250 -999.250 -999.250 -999.250 -999.250 -999.250 -999.250 -999.250 -999.250 -999.250 -999.250 -999.250 -999.250 -999.250 -999.250 -999.250 -999.250 -999.250 -999.250 -999.250 -999.250 -999.250 -999.250 322.799 326.073 333.003 330.117 321.712 322.670 318.268 323.278 324.250 322.577 330.836 332.835 343.698 383.810 392.443 408.107 410.838 446.691 473.859 488.812 522.470 558.076 677.153 713.818 793.525 828.194 854.330 925.633 989.167 1005.841 1072.608 1150.983 1191.576 1180.245 1197.842
-999.250 -999.250 -999.250 -999.250 -999.250 -999.250 -999.250 -999.250 -999.250 -999.250 -999.250 -999.250 -999.250 -999.250 -999.250 -999.250 -999.250 -999.250 -999.250 -999.250 -999.250 -999.250 -999.250 -999.250 -999.250 -999.250 -999.250 -999.250 -999.250 -999.250 317.322 317.383 325.557 319.464 324.557 317.050 312.401 318.772 321.189 323.957 320.515 327.275 339.087 355.980 369.909 379.069 402.183 432.903 467.623 477.598 503.306 555.596 643.231 696.225 747.010 840.642 872.744 930.567 938.098 1004.549 1044.074 1150.552 1215.239 1227.723 1238.947
-999.250 -999.250 -999.250 -999.250 -999.250 -999.250 -999.250 -999.250 -999.250 -999.250 -999.250 -999.250 -999.250 -999.250 -999.250 -999.250 -999.250 -999.250 -999.250 -999.250 -999.250 -999.250 -999.250 -999.250 -999.250 -999.250 -999.250 -999.250 -999.250 -999.250 319.988 324.042 323.804 311.549 318.292 318.745 320.702 320.623 321.281 317.660 315.031 322.254 333.486 329.993 348.060 364.135 364.721 407.750 422.380 478.148 505.751 540.374 644.011 699.585 731.690 815.280 854.590 898.579 942.054 1008.707 1119.980 1192.120 1201.324 1265.972 1287.462
-999.250 -999.250 -999.250 -999.250 -999.250 -999.250 -999.250 -999.250 -999.250 -999.250 -999.250 -999.250 -999.250 -999.250 -999.250 -999.250 -999.250 -999.250 -999.250 -999.250 -999.250 -999.250 -999.250 -999.250 -999.250 -999.250 -999.250 -999.250 -999.250 -999.250 -999.250 304.794 320.752 317.502 326.545 317.979 314.813 322.451 329.715 330.873 324.034 318.454 334.505 334.221 336.960 363.695 377.496 397.591 426.541 442.635 483.810 539.683 582.650 621.660 708.147 744.250 804.307 870.604 908.936 960.045 1010.354 1150.640 1198.379 1278.175 1324.147
-999.250 -999.250 -999.250 -999.250 -999.250 -999.250 -999.250 -999.250 -999.250 -999.250 -999.250 -999.250 -999.250 -999.250 -999.250 -999.250 -999.250 -999.250 -999.250 -999.250 -999.250 -999.250 -999.250 -999.250 -999.250 -999.250 -999.250 -999.250 -999.250 -999.250 -999.250 310.896 308.988 314.777 308.067 313.097 312.339 316.256 317.419 318.985 318.774 313.057 328.625 332.729 340.885 348.466 377.111 403.917 416.921 439.106 474.823 513.647 550.353 594.888 636.824 719.194 762.166 771.811 838.884 896.795 957.345 1024.166 1145.190 1218.902 1313.645
-999.250 -999.250 -999.250 -999.250 -999.250 -999.250 -999.250 -999.250 -999.250 -999.250 -999.250 -999.250 -999.250 -999.250 -999.250 -999.250 -999.250 -999.250 -999.250 -999.250 -999.250 -999.250 -999.250 -999.250 -999.250 -999.250 -999.250 -999.250 -999.250 -999.250 -999.250 309.698 310.015 319.828 308.707 316.073 317.264 327.696 335.099 323.344 314.494 323.355 324.078 322.023 322.165 340.198 355.865 383.937 405.363 411.125 457.240 483.720 517.821 581.384 635.428 691.156 700.387 766.901 759.203 831.804 874.393 942.906 998.266 1072.196 1197.059
-999.250 -999.250 -999.250 -999.250 -999.250 -999.250 -999.250 -999.250 -999.250 -999.250 -999.250 -999.250 -999.250 -999.250 -999.250 -999.250 -999.250 -999.250 -999.250 -999.250 -999.250 -999.250 -999.250 -999.250 -999.250 -999.250 -999.250 -999.250 -999.250 -999.250 -999.250 285.116 295.708 302.628 308.200 307.333 317.982 323.695 330.635 329.386 322.063 321.070 323.293 320.964 321.997 336.523 336.998 347.512 352.166 390.713 409.494 454.483 494.926 521.331 549.607 603.959 628.529 680.464 675.515 719.602 770.311 793.818 831.238 906.063 975.409
-999.250 -999.250 -999.250 -999.250 -999.250 -999.250 -999.250 -999.250 -999.250 -999.250 -999.250 -999.250 -999.250 -999.250 -999.250 -999.250 -999.250 -999.250 -999.250 -999.250 -999.250 -999.250 -999.250 -999.250 -999.250 -999.250 -999.250 -999.250 -999.250 -999.250 -999.250 286.132 295.574 294.187 297.762 304.891 314.842 314.429 322.276 317.890 335.463 331.525 331.543 324.926 325.860 331.345 331.349 343.589 347.909 364.515 414.740 439.523 470.568 480.666 499.679 533.490 540.891 542.388 575.073 600.234 640.479 657.371 662.501 690.361 752.565
-999.250 -999.250 -999.250 -999.250 -999.250 -999.250 -999.250 -999.250 -999.250 -999.250 -999.250 -999.250 -999.250 -999.250 -999.250 -999.250 -999.250 -999.250 -999.250 -999.250 -999.250 -999.250 -999.250 -999.250 -999.250 -999.250 -999.250 -999.250 -999.250 -999.250 -999.250 268.096 289.417 278.404 277.703 295.816 310.720 321.005 332.286 320.761 331.955 331.732 330.603 319.462 319.320 323.486 320.182 335.288 356.996 364.276 372.566 401.272 434.215 434.504 451.842 480.049 481.607 502.107 508.850 498.969 501.887 506.323 496.207 510.592 518.392
-999.250 -999.250 -999.250 -999.250 -999.250 -999.250 -999.250 -999.250 -999.250 -999.250 -999.250 -999.250 -999.250 -999.250 -999.250 -999.250 -999.250 -999.250 -999.250 -999.250 -999.250 -999.250 -999.250 -999.250 -999.250 -999.250 -999.250 -999.250 -999.250 -999.250 -999.250 255.680 263.261 282.732 270.467 285.191 299.474 316.373 324.511 326.714 326.620 325.709 334.607 330.381 316.796 315.419 315.105 324.106 321.965 333.581 337.473 347.052 380.729 398.507 410.185 417.242 412.393 429.889 431.068 411.910 395.580 371.916 364.653 340.005 322.232
-999.250 -999.250 -999.250 -999.250 -999.250 -999.250 -999.250 -999.250 -999.250 -999.250 -999.250 -999.250 -999.250 -999.250 -999.250 -999.250 -999.250 -999.250 -999.250 -999.250 -999.250 -999.250 -999.250 -999.250 -999.250 -999.250 -999.250 -999.250 -999.250 -999.250 -999.250 248.824 229.742 256.258 256.572 270.625 293.968 298.258 315.640 329.113 327.184 323.833 323.773 329.217 318.612 300.059 309.722 309.213 311.798 315.292 312.793 317.173 344.549 340.701 356.306 353.002 349.697 350.746 341.231 319.671 302.443 259.386 232.278 197.786 155.326
-999.250 -999.250 -999.250 -999.250 -999.250 -999.250 -999.250 -999.250 -999.250 -999.250 -999.250 -999.250 -999.250 -999.250 -999.250 -999.250 -999.250 -999.250 -999.250 -999.250 -999.250 -999.250 -999.250 -999.250 -999.250 -999.250 -999.250 -999.250 -999.250 -999.250 -999.250 214.332 220.958 250.522 257.896 262.297 277.246 293.774 301.816 312.701 326.374 333.073 323.980 320.282 306.002 296.943 296.293 295.498 292.242 289.309 296.563 290.551 307.789 306.529 305.330 307.529 301.925 310.685 297.414 261.555 231.554 167.921 129.046 102.488 78.984
-999.250 -999.250 -999.250 -999.250 -999.250 -999.250 -999.250 -999.250 -999.250 -999.250 -999.250 -999.250 -999.250 -999.250 -999.250 -999.250 -999.250 -999.250 -999.250 -999.250 -999.250 -999.250 -999.250 -999.250 -999.250 -999.250 -999.250 -999.250 -999.250 -999.250 -999.250 205.246 213.030 215.235 237.400 253.730 257.158 277.708 289.580 295.491 312.826 341.553 324.123 305.664 289.914 279.375 265.375 293.921 276.143 262.188 257.264 271.991 267.507 274.692 281.600 278.646 232.786 257.233 199.870 201.910 154.964 114.409 90.398 48.516 44.178
-999.250 -999.250 -999.250 -999.250 -999.250 -999.250 -999.250 -999.250 -999.250 -999.250 -999.250 -999.250 -999.250 -999.250 -999.250 -999.250 -999.250 -999.250 -999.250 -999.250 -999.250 -999.250 -999.250 -999.250 -999.250 -999.250 -999.250 -999.250 -999.250 -999.250 -999.250 189.361 214.982 215.545 234.327 238.422 248.017 252.956 267.838 281.099 301.099 304.573 292.468 274.794 259.443 246.417 249.946 256.700 231.660 231.619 226.733 218.024 244.996 230.214 256.064 204.921 214.760 193.281 167.715 132.392 119.600 89.322 54.074 31.580 10.688
-999.250 -999.250 -999.250 -999.250 -999.250 -999.250 -999.250 -999.250 -999.250 -999.250 -999.250 -999.250 -999.250 -999.250 -999.250 -999.250 -999.250 -999.250 -999.250 -999.250 -999.250 -999.250 -999.250 -999.250 -999.250 -999.250 -999.250 -999.250 -999.250 -999.250 -999.250 168.813 182.167 199.230 203.742 205.222 211.325 239.798 253.799 259.082 263.552 276.591 257.186 256.438 224.460 220.511 204.227 208.055 200.055 186.365 183.351 191.432 183.393 178.922 195.006 177.299 178.453 162.870 132.976 105.645 96.298 68.536 47.770 23.219 10.094
-999.250 -999.250 -999.250 -999.250 -999.250 -999.250 -999.250 -999.250 -999.250 -999.250 -999.250 -999.250 -999.250 -999.250 -999.250 -999.250 -999.250 -999.250 -999.250 -999.250 -999.250 -999.250 -999.250 -999.250 -999.250 -999.250 -999.250 -999.250 -999.250 -999.250 -999.250 155.757 163.269 174.677 178.496 190.695 208.510 209.799 231.726 214.057 232.628 226.066 222.554 203.028 206.027 208.238 196.389 183.320 179.513 172.201 154.764 161.223 159.977 152.919 154.779 149.186 126.820 136.042 108.018 92.219 74.737 58.385 40.121 25.664 23.190
-999.250 -999.250 -999.250 -999.250 -999.250 -999.250 -999.250 -999.250 -999.250 -999.250 -999.250 -999.250 -999.250 -999.250 -999.250 -999.250 -999.250 -999.250 -999.250 -999.250 -999.250 -999.250 -999.250 -999.250 -999.250 -999.250 -999.250 -999.250 -999.250 -999.250 140.019 135.881 144.729 149.017 156.472 182.440 200.493 193.750 196.934 201.499 194.480 186.826 186.319 172.344 189.586 168.464 158.516 161.848 141.614 138.406 128.045 128.614 132.978 115.869 122.001 123.660 122.682 109.578 97.692 79.281 68.601 55.520 37.734 33.477 32.928
