data/medianmodel_27-May-2020.asc
ncols	141
nrows	288
xllcorner	-120191.398
yllcorner	-301404.813
cellsize	2000.000
NODATA_value	-999.250
[rows 186 to 216 of 288, columns 0 to 68 of 141]
61.033 57.476 61.812 66.186 64.894 62.448 62.304 72.739 81.152 92.233 105.210 127.412 130.054 124.034 86.690 105.694 113.740 112.980 -999.250 -999.250 -999.250 -999.250 -999.250 32.045 30.023 24.983 19.821 19.486 17.909 16.400 15.286 17.246 18.652 18.822 24.617 29.706 29.046 20.118 15.128 15.665 17.918 17.366 17.514 14.458 16.870 15.115 13.496 10.250 11.322 8.989 13.002 7.156 6.930 8.072 9.484 6.632 4.934 4.160 6.503 4.768 4.242 3.232 2.413 1.206 0.000 0.000 0.000 0.000 0.000
-999.250 36.709 43.426 42.581 48.306 59.839 60.922 76.912 93.019 97.351 106.995 129.138 145.568 121.075 102.550 99.812 95.364 82.653 -999.250 -999.250 -999.250 -999.250 32.529 35.185 28.056 24.910 20.746 20.410 16.399 13.447 15.309 17.482 17.921 18.921 28.896 27.530 26.123 19.980 17.418 18.513 15.326 13.787 16.834 14.236 16.424 10.342 9.711 13.652 9.137 7.940 8.434 5.078 6.380 6.648 6.816 4.204 3.126 5.462 5.448 6.435 4.299 4.562 1.249 0.000 0.000 0.000 0.000 0.000 0.000
-999.250 34.451 30.441 33.784 39.300 50.051 57.573 53.450 61.418 79.111 94.791 117.362 137.735 107.793 105.308 89.693 79.111 64.492 -999.250 -999.250 -999.250 34.972 -999.250 26.666 32.311 21.272 14.704 13.685 14.454 12.603 17.158 15.869 14.846 16.028 22.499 18.424 21.203 20.524 22.494 18.243 20.044 15.446 16.221 16.291 14.579 12.997 10.086 9.763 8.676 7.326 6.669 6.157 5.085 6.299 7.170 7.165 5.162 4.565 4.224 4.517 2.668 4.695 2.316 0.000 0.000 0.000 0.000 0.000 0.000
-999.250 33.558 31.634 32.472 30.131 30.954 38.820 47.510 53.067 59.298 73.221 79.040 104.810 99.417 85.267 80.477 70.459 -999.250 -999.250 -999.250 -999.250 35.594 31.326 25.228 23.977 22.458 12.590 9.266 9.396 11.085 15.284 13.323 11.094 14.029 16.964 17.471 21.547 25.326 15.882 19.605 16.986 15.921 14.454 14.152 10.203 8.366 8.354 7.667 4.915 7.054 7.211 6.612 3.754 4.992 6.188 7.387 6.210 2.122 4.022 3.750 1.288 1.260 1.115 0.975 1.901 0.000 0.000 0.000 0.000
-999.250 28.655 27.398 32.770 29.048 30.830 32.156 41.004 47.051 41.375 50.954 62.568 71.259 86.217 67.971 52.263 58.498 -999.250 -999.250 -999.250 36.304 42.522 48.599 32.469 21.140 12.653 8.772 6.869 5.054 8.110 9.912 12.421 12.706 15.373 19.365 15.513 17.158 18.300 17.414 16.437 14.488 15.356 12.043 10.048 9.650 5.978 8.082 8.435 8.011 9.361 7.030 6.422 5.705 5.711 6.593 6.768 5.762 3.206 3.341 1.526 0.955 2.557 1.643 1.394 2.046 1.477 1.421 1.655 1.084
-999.250 -999.250 -999.250 27.007 -999.250 -999.250 34.562 48.922 45.481 -999.250 -999.250 -999.250 49.399 57.141 -999.250 -999.250 -999.250 -999.250 -999.250 -999.250 59.840 53.360 49.109 28.836 16.160 15.363 7.336 5.116 6.679 8.177 11.690 12.691 17.002 20.057 17.706 17.227 21.527 18.372 20.276 16.265 17.920 13.352 7.715 8.494 5.655 6.200 6.323 6.837 7.783 8.119 7.559 8.852 6.272 4.472 5.729 1.756 1.483 0.000 0.705 1.005 0.925 0.576 1.985 2.374 2.383 2.795 1.261 2.978 0.770
-999.250 -999.250 -999.250 -999.250 -999.250 -999.250 -999.250 -999.250 -999.250 -999.250 -999.250 -999.250 -999.250 31.501 29.666 33.254 -999.250 -999.250 -999.250 79.011 57.419 56.534 46.412 31.294 17.551 11.887 11.659 5.825 7.357 7.453 11.599 14.002 15.233 16.115 19.851 22.185 17.798 21.257 19.936 17.718 20.785 11.225 10.033 9.959 8.163 8.885 8.919 6.747 8.693 7.344 7.446 8.755 9.650 5.322 2.637 0.423 0.000 0.000 0.000 0.900 2.814 3.082 3.339 1.450 1.891 2.186 1.514 2.302 2.577
-999.250 -999.250 -999.250 -999.250 -999.250 -999.250 -999.250 -999.250 -999.250 -999.250 -999.250 36.601 28.290 24.233 30.636 33.720 -999.250 -999.250 83.855 94.481 82.321 64.153 52.125 27.658 17.386 11.547 13.107 9.916 10.908 11.337 13.407 13.412 13.853 15.597 18.372 18.598 19.952 19.602 15.468 14.230 13.328 10.596 9.491 8.176 8.281 8.184 6.914 9.234 9.925 8.431 8.377 7.880 6.591 7.103 5.470 1.410 0.000 0.000 0.157 1.526 3.710 4.303 2.232 3.159 4.304 1.829 2.912 2.810 2.383
-999.250 -999.250 -999.250 -999.250 -999.250 -999.250 -999.250 -999.250 -999.250 -999.250 -999.250 34.161 31.146 27.612 26.623 39.281 48.855 61.947 84.335 81.941 88.788 71.421 53.844 26.842 14.560 14.963 17.116 17.316 15.525 13.634 12.198 16.331 17.074 20.587 18.298 19.383 16.649 18.122 17.917 14.426 10.548 11.384 10.033 7.882 8.014 9.968 8.728 8.249 8.772 7.675 8.129 9.497 9.597 8.790 7.067 2.855 0.000 0.000 1.245 3.335 4.661 4.467 2.249 2.576 2.330 3.874 3.705 3.604 3.567
-999.250 -999.250 -999.250 -999.250 -999.250 -999.250 -999.250 -999.250 -999.250 -999.250 -999.250 -999.250 25.628 24.982 33.528 49.946 73.323 71.005 58.788 79.119 66.172 62.407 57.345 29.110 19.713 12.123 13.459 16.957 17.499 16.824 16.446 15.197 22.089 20.992 13.361 15.196 11.790 15.957 17.424 14.653 11.248 12.515 10.399 9.478 10.171 11.748 8.229 9.597 8.664 7.960 7.906 9.054 7.804 5.652 6.022 2.531 2.751 0.821 3.301 3.603 4.448 5.175 4.491 1.158 1.715 2.560 4.671 5.428 3.905
-999.250 -999.250 -999.250 -999.250 -999.250 -999.250 -999.250 -999.250 -999.250 -999.250 -999.250 -999.250 -999.250 34.930 33.352 44.083 57.405 56.425 48.971 65.296 56.051 46.717 31.839 23.772 19.416 17.075 15.377 16.139 15.138 20.818 17.298 19.066 18.555 23.619 13.023 11.178 11.768 14.490 13.418 12.221 13.770 13.500 11.240 11.392 10.050 8.775 9.086 8.728 7.411 9.045 7.155 7.986 6.383 7.336 7.005 5.350 4.827 6.113 4.802 5.086 5.269 4.444 2.013 2.524 3.665 6.578 5.324 4.791 5.060
-999.250 -999.250 -999.250 -999.250 -999.250 -999.250 -999.250 -999.250 -999.250 -999.250 -999.250 -999.250 -999.250 39.339 33.585 40.381 37.317 42.062 36.448 37.116 33.171 32.632 23.380 16.237 16.253 20.135 17.696 13.711 13.607 17.794 17.360 17.619 27.255 21.285 13.821 13.715 9.681 11.376 10.626 11.376 10.561 13.157 10.603 15.963 12.495 10.513 9.749 8.255 6.796 8.361 8.197 9.034 5.637 5.308 7.237 7.246 7.004 7.504 7.245 6.002 6.318 5.980 4.823 3.441 5.379 6.568 4.430 7.054 6.765
-999.250 -999.250 -999.250 -999.250 -999.250 -999.250 -999.250 -999.250 -999.250 -999.250 -999.250 -999.250 -999.250 39.024 45.572 44.784 42.350 34.736 31.857 27.923 27.399 23.174 20.570 16.419 19.281 21.040 17.067 14.912 11.817 13.088 18.794 18.572 18.730 15.852 12.947 12.616 10.165 12.147 14.323 14.034 10.518 10.092 15.774 14.459 11.556 10.361 12.196 8.873 7.876 6.448 7.296 6.238 5.311 6.927 7.918 8.863 7.317 5.533 7.293 5.967 7.307 5.180 6.505 7.512 7.161 7.598 6.468 6.583 5.902
-999.250 -999.250 -999.250 -999.250 -999.250 -999.250 -999.250 -999.250 -999.250 -999.250 -999.250 -999.250 -999.250 -999.250 41.085 34.182 28.251 29.055 26.997 23.878 19.030 26.687 21.156 19.093 22.016 22.714 15.253 14.917 16.031 11.411 15.941 15.155 13.612 16.464 13.731 12.044 12.561 13.864 13.278 10.418 12.180 9.464 10.575 8.692 8.487 9.452 10.695 8.621 9.441 6.320 6.256 6.621 6.971 7.477 9.107 6.752 6.600 7.694 7.463 6.230 8.044 8.370 7.170 6.309 7.380 8.772 11.315 9.035 6.445
-999.250 -999.250 -999.250 -999.250 -999.250 -999.250 -999.250 -999.250 -999.250 -999.250 -999.250 -999.250 -999.250 -999.250 28.683 30.198 28.263 18.568 22.743 25.587 20.077 21.409 16.979 18.158 18.448 14.654 15.889 14.905 22.584 12.575 15.207 14.587 14.438 19.128 12.728 12.335 13.622 12.495 13.147 11.165 9.208 9.019 10.153 9.243 10.860 8.901 9.632 10.526 10.318 8.158 7.468 7.539 8.458 5.659 7.193 8.006 7.103 6.715 5.809 5.883 7.159 7.757 7.159 7.013 7.780 10.248 12.534 7.584 5.535
-999.250 -999.250 -999.250 -999.250 -999.250 -999.250 -999.250 -999.250 -999.250 -999.250 -999.250 -999.250 -999.250 -999.250 25.581 28.807 25.389 19.038 21.965 21.413 19.059 24.125 16.618 17.562 23.140 23.415 17.694 14.253 14.013 12.102 13.751 14.045 11.815 14.311 12.456 11.933 14.653 14.058 15.718 13.446 9.177 8.628 7.745 7.098 8.113 7.718 5.399 7.418 8.815 8.503 8.891 8.925 8.164 9.024 10.602 7.621 6.139 2.680 4.692 6.611 3.456 6.973 8.373 7.661 9.407 8.988 8.460 7.795 5.586
-999.250 -999.250 -999.250 -999.250 -999.250 -999.250 -999.250 -999.250 -999.250 -999.250 -999.250 -999.250 -999.250 -999.250 25.401 24.400 21.628 19.042 20.262 23.683 21.553 21.726 19.278 19.993 18.603 -999.250 16.674 13.266 16.020 16.561 14.223 14.231 15.334 15.167 15.559 15.262 17.426 16.294 13.853 9.795 9.884 9.849 8.733 7.854 6.661 8.060 9.674 6.156 8.240 7.864 9.750 13.366 11.042 9.025 11.294 7.074 4.772 5.144 4.714 7.108 6.784 9.166 5.998 7.940 9.411 7.787 8.148 7.541 4.854
-999.250 -999.250 -999.250 -999.250 -999.250 -999.250 -999.250 -999.250 -999.250 -999.250 -999.250 -999.250 -999.250 -999.250 24.681 25.551 23.905 26.049 21.027 23.019 20.129 24.565 21.524 -999.250 -999.250 -999.250 16.889 17.650 16.340 19.442 15.609 16.641 13.010 15.024 14.168 18.921 16.413 16.607 12.730 10.010 11.655 8.873 8.831 8.575 10.152 8.760 6.758 6.661 8.658 7.243 6.773 12.668 10.047 12.436 9.178 7.966 7.211 6.783 5.235 6.018 5.736 8.082 8.043 6.013 8.592 7.879 7.594 6.260 5.114
-999.250 -999.250 -999.250 -999.250 -999.250 -999.250 -999.250 -999.250 -999.250 -999.250 -999.250 -999.250 -999.250 24.406 22.685 24.476 29.851 26.846 22.839 23.431 21.735 22.338 -999.250 -999.250 -999.250 -999.250 -999.250 15.484 12.703 15.240 15.989 10.925 13.668 14.759 16.646 18.286 16.107 15.350 15.866 12.014 11.762 11.767 9.503 8.200 7.670 6.697 5.920 4.974 6.331 6.338 4.429 5.887 10.304 10.068 10.117 7.919 5.375 5.259 7.059 6.976 5.190 6.716 5.955 5.128 5.965 7.984 6.095 5.220 6.019
-999.250 -999.250 -999.250 -999.250 -999.250 -999.250 -999.250 -999.250 -999.250 -999.250 -999.250 -999.250 -999.250 25.280 23.510 30.561 23.976 19.536 23.376 23.739 -999.250 -999.250 -999.250 -999.250 -999.250 -999.250 -999.250 -999.250 15.179 17.352 15.191 14.175 16.364 14.262 16.860 19.865 13.270 15.743 12.801 9.024 12.240 10.519 8.719 10.849 9.813 7.414 7.238 5.768 6.633 4.109 5.212 6.889 6.574 8.665 9.264 7.403 6.304 4.700 5.042 6.365 5.673 5.032 4.114 4.680 6.228 5.792 5.431 4.476 3.794
-999.250 -999.250 -999.250 -999.250 -999.250 -999.250 -999.250 -999.250 -999.250 -999.250 -999.250 -999.250 22.143 29.462 -999.250 -999.250 -999.250 -999.250 -999.250 -999.250 -999.250 -999.250 -999.250 -999.250 -999.250 -999.250 -999.250 -999.250 -999.250 15.936 13.933 11.905 12.135 15.069 19.225 15.382 15.171 11.995 13.691 12.081 10.477 13.804 10.594 9.091 8.534 8.047 5.156 8.401 7.571 7.261 6.501 8.069 5.950 9.074 7.979 7.193 7.532 5.810 6.434 7.207 5.967 5.663 4.801 4.681 6.664 7.271 5.133 3.715 3.905
-999.250 -999.250 -999.250 -999.250 -999.250 -999.250 -999.250 -999.250 -999.250 -999.250 -999.250 -999.250 -999.250 -999.250 -999.250 -999.250 -999.250 -999.250 -999.250 -999.250 -999.250 -999.250 -999.250 -999.250 -999.250 -999.250 -999.250 -999.250 -999.250 -999.250 13.037 14.797 12.861 11.702 13.345 15.968 12.075 9.524 9.027 12.275 8.157 9.721 7.343 6.867 7.239 6.132 7.613 7.165 6.361 8.933 7.497 7.051 9.736 9.506 7.715 6.456 6.461 5.811 7.369 8.089 6.748 4.522 4.887 9.290 5.646 6.335 5.474 4.616 5.322
-999.250 -999.250 -999.250 -999.250 -999.250 -999.250 -999.250 -999.250 -999.250 -999.250 -999.250 -999.250 -999.250 -999.250 -999.250 -999.250 -999.250 -999.250 -999.250 -999.250 -999.250 -999.250 -999.250 -999.250 -999.250 -999.250 -999.250 -999.250 -999.250 -999.250 17.741 17.219 14.494 14.727 13.099 13.869 12.724 7.918 8.072 8.244 6.692 6.481 7.209 7.632 6.614 7.968 5.334 7.010 9.803 9.360 8.855 5.887 7.105 6.379 5.668 7.420 6.329 5.398 6.418 7.079 6.769 4.929 4.801 4.585 8.190 6.356 6.504 4.210 3.006
-999.250 -999.250 -999.250 -999.250 -999.250 -999.250 -999.250 -999.250 -999.250 -999.250 -999.250 -999.250 -999.250 -999.250 -999.250 -999.250 -999.250 -999.250 -999.250 -999.250 -999.250 -999.250 -999.250 -999.250 -999.250 -999.250 -999.250 -999.250 -999.250 -999.250 14.229 14.017 11.220 12.794 13.954 15.408 14.923 8.930 7.749 9.162 4.717 5.891 6.872 6.631 10.098 8.656 8.647 7.597 8.458 6.019 8.456 8.725 7.334 4.622 4.953 5.787 6.367 5.606 4.267 6.481 6.212 7.787 7.354 8.453 6.549 8.674 9.128 4.141 4.517
-999.250 -999.250 -999.250 -999.250 -999.250 -999.250 -999.250 -999.250 -999.250 -999.250 -999.250 -999.250 -999.250 -999.250 -999.250 -999.250 -999.250 -999.250 -999.250 -999.250 -999.250 -999.250 -999.250 -999.250 -999.250 -999.250 -999.250 -999.250 -999.250 -999.250 -999.250 11.298 12.810 9.836 10.475 13.570 12.530 7.142 7.483 9.940 8.324 6.421 8.577 6.446 11.041 8.445 10.379 9.266 8.926 7.684 6.631 8.013 6.353 7.174 6.425 7.513 6.388 7.493 5.060 5.365 6.805 5.998 7.031 8.316 11.277 13.430 9.981 8.939 6.523
-999.250 -999.250 -999.250 -999.250 -999.250 -999.250 -999.250 -999.250 -999.250 -999.250 -999.250 -999.250 -999.250 -999.250 -999.250 -999.250 -999.250 -999.250 -999.250 -999.250 -999.250 -999.250 -999.250 -999.250 -999.250 -999.250 -999.250 -999.250 -999.250 -999.250 -999.250 9.171 8.613 9.970 9.474 11.782 9.921 9.009 9.339 8.878 9.393 8.765 6.433 7.462 6.316 8.121 11.443 10.841 9.204 6.587 5.901 6.119 8.753 7.348 10.384 6.024 6.792 6.216 5.337 8.066 5.976 7.037 6.353 8.013 11.748 19.436 13.686 7.973 6.073
-999.250 -999.250 -999.250 -999.250 -999.250 -999.250 -999.250 -999.250 -999.250 -999.250 -999.250 -999.250 -999.250 -999.250 -999.250 -999.250 -999.250 -999.250 -999.250 -999.250 -999.250 -999.250 -999.250 -999.250 -999.250 -999.250 -999.250 -999.250 -999.250 -999.250 -999.250 8.175 8.657 7.703 8.588 9.864 9.210 9.160 11.131 10.562 8.014 8.008 6.303 6.950 6.788 10.396 10.622 10.949 7.112 7.454 6.134 5.876 7.277 7.509 8.354 6.434 6.994 4.698 2.436 6.810 6.407 5.880 4.478 8.075 9.656 13.221 10.152 6.509 4.959
-999.250 -999.250 -999.250 -999.250 -999.250 -999.250 -999.250 -999.250 -999.250 -999.250 -999.250 -999.250 -999.250 -999.250 -999.250 -999.250 -999.250 -999.250 -999.250 -999.250 -999.250 -999.250 -999.250 -999.250 -999.250 -999.250 -999.250 -999.250 -999.250 -999.250 -999.250 8.831 8.483 8.481 10.194 11.765 12.010 8.909 9.916 10.801 8.964 6.437 6.063 7.924 6.747 9.497 8.711 11.819 8.581 6.762 7.480 7.939 6.952 6.266 6.751 6.696 5.510 5.795 3.194 4.241 5.441 2.165 1.910 5.151 7.087 8.371 7.623 8.690 3.843
-999.250 -999.250 -999.250 -999.250 -999.250 -999.250 -999.250 -999.250 -999.250 -999.250 -999.250 -999.250 -999.250 -999.250 -999.250 -999.250 -999.250 -999.250 -999.250 -999.250 -999.250 -999.250 -999.250 -999.250 -999.250 -999.250 -999.250 -999.250 -999.250 -999.250 -999.250 6.209 6.761 5.812 8.031 12.297 10.993 8.481 11.108 12.072 10.982 10.950 8.328 7.630 8.311 8.001 8.280 7.352 8.105 8.361 6.666 7.607 5.283 4.880 6.249 5.174 5.320 4.918 4.682 4.457 2.730 2.613 0.971 3.445 2.359 5.205 2.542 3.377 0.854
-999.250 -999.250 -999.250 -999.250 -999.250 -999.250 -999.250 -999.250 -999.250 -999.250 -999.250 -999.250 -999.250 -999.250 -999.250 -999.250 -999.250 -999.250 -999.250 -999.250 -999.250 -999.250 -999.250 -999.250 -999.250 -999.250 -999.250 -999.250 -999.250 -999.250 -999.250 6.251 6.813 8.606 7.226 10.883 11.017 12.655 9.084 9.978 8.644 10.589 9.273 7.482 7.026 7.379 8.354 7.054 6.264 7.594 4.024 5.280 5.569 5.318 4.945 4.240 5.963 4.487 4.361 1.891 2.840 3.306 1.843 0.995 1.764 0.542 0.528 1.858 0.000
-999.250 -999.250 -999.250 -999.250 -999.250 -999.250 -999.250 -999.250 -999.250 -999.250 -999.250 -999.250 -999.250 -999.250 -999.250 -999.250 -999.250 -999.250 -999.250 -999.250 -999.250 -999.250 -999.250 -999.250 -999.250 -999.250 -999.250 -999.250 -999.250 -999.250 -999.250 7.050 8.846 9.830 8.665 9.368 11.128 8.630 8.003 7.515 5.939 8.112 8.009 7.517 6.738 7.929 8.632 7.765 6.528 7.080 6.987 5.594 6.097 3.465 5.290 4.424 3.725 4.793 4.665 2.874 4.063 2.968 0.700 0.000 0.000 0.000 0.000 0.000 0.000
