data/medianmodel_28-May-2020.asc
ncols	141
nrows	288
xllcorner	-120191.398
yllcorner	-301404.813
cellsize	2000.000
NODATA_value	-999.250
[rows 31 to 61 of 288, columns 0 to 68 of 141]
-999.250 -999.250 -999.250 -999.250 -999.250 -999.250 -999.250 -999.250 -999.250 -999.250 -999.250 -999.250 -999.250 -999.250 -999.250 -999.250 -999.250 -999.250 -999.250 -999.250 -999.250 -999.250 -999.250 -999.250 -999.250 -999.250 -999.250 -999.250 -999.250 -999.250 -999.250 -999.250 4.671 6.679 5.712 7.703 9.993 6.429 5.590 4.843 5.375 5.352 7.983 6.952 7.103 7.466 9.564 9.040 9.043 7.010 6.350 6.757 8.372 10.852 13.954 10.828 14.108 18.678 20.023 26.649 22.729 21.537 18.606 11.789 9.500 10.198 7.345 5.479 6.831
-999.250 -999.250 -999.250 -999.250 -999.250 -999.250 -999.250 -999.250 -999.250 -999.250 -999.250 -999.250 -999.250 -999.250 -999.250 -999.250 -999.250 -999.250 -999.250 -999.250 -999.250 -999.250 -999.250 -999.250 -999.250 -999.250 -999.250 -999.250 -999.250 -999.250 -999.250 -999.250 4.845 6.830 6.481 7.417 8.695 5.536 7.308 6.955 8.176 8.342 6.048 8.195 10.962 8.881 11.290 8.553 9.913 9.144 5.914 6.737 10.136 11.840 15.362 16.733 18.532 15.006 22.473 22.447 19.547 12.104 13.126 7.490 6.749 7.324 8.093 5.308 8.564
-999.250 -999.250 -999.250 -999.250 -999.250 -999.250 -999.250 -999.250 -999.250 -999.250 -999.250 -999.250 -999.250 -999.250 -999.250 -999.250 -999.250 -999.250 -999.250 -999.250 -999.250 -999.250 -999.250 -999.250 -999.250 -999.250 -999.250 -999.250 -999.250 -999.250 -999.250 -999.250 6.206 8.778 6.495 6.630 7.598 7.511 8.106 9.212 12.910 9.374 7.502 5.822 8.422 13.458 12.238 12.906 13.138 9.942 10.953 12.607 14.016 14.869 18.797 20.218 18.593 25.646 21.632 21.628 18.691 15.656 8.183 8.116 6.689 5.751 7.435 5.767 6.980
-999.250 -999.250 -999.250 -999.250 -999.250 -999.250 -999.250 -999.250 -999.250 -999.250 -999.250 -999.250 -999.250 -999.250 -999.250 -999.250 -999.250 -999.250 -999.250 -999.250 -999.250 -999.250 -999.250 -999.250 -999.250 -999.250 -999.250 -999.250 -999.250 -999.250 -999.250 -999.250 5.786 6.857 4.661 3.665 4.535 4.481 7.933 7.723 9.687 10.199 8.859 8.322 10.323 13.069 12.609 12.014 13.026 10.267 13.087 13.185 16.727 14.835 16.406 18.645 20.454 22.284 24.156 19.681 18.536 10.207 10.078 6.262 6.399 4.349 5.448 5.727 6.015
-999.250 -999.250 -999.250 -999.250 -999.250 -999.250 -999.250 -999.250 -999.250 -999.250 -999.250 -999.250 -999.250 -999.250 -999.250 -999.250 -999.250 -999.250 -999.250 -999.250 -999.250 -999.250 -999.250 -999.250 -999.250 -999.250 -999.250 -999.250 -999.250 -999.250 -999.250 -999.250 4.690 6.093 3.727 4.069 3.125 8.611 7.592 8.152 7.204 9.238 7.438 6.488 9.973 10.215 12.853 10.934 14.534 11.346 13.802 14.431 13.787 15.465 24.371 24.549 21.861 25.000 23.530 19.426 16.744 13.495 9.199 8.334 6.561 5.367 5.451 6.159 7.152
-999.250 -999.250 -999.250 -999.250 -999.250 -999.250 -999.250 -999.250 -999.250 -999.250 -999.250 -999.250 -999.250 -999.250 -999.250 -999.250 -999.250 -999.250 -999.250 -999.250 -999.250 -999.250 -999.250 -999.250 -999.250 -999.250 -999.250 -999.250 -999.250 -999.250 -999.250 -999.250 5.525 4.499 5.802 5.656 7.127 10.604 9.999 6.743 8.404 8.038 8.550 8.738 12.822 9.266 12.697 13.584 12.647 11.061 13.751 17.935 13.054 14.444 17.842 20.446 25.329 18.117 22.290 19.570 17.993 11.662 11.343 10.133 6.590 6.542 5.549 7.246 7.802
-999.250 -999.250 -999.250 -999.250 -999.250 -999.250 -999.250 -999.250 -999.250 -999.250 -999.250 -999.250 -999.250 -999.250 -999.250 -999.250 -999.250 -999.250 -999.250 -999.250 -999.250 -999.250 -999.250 -999.250 -999.250 -999.250 -999.250 -999.250 -999.250 -999.250 -999.250 -999.250 -999.250 6.489 5.750 7.792 10.527 8.822 9.577 8.381 10.677 10.896 9.963 8.363 10.280 10.672 9.694 13.230 14.480 12.723 12.460 12.557 15.312 16.754 18.741 16.807 23.634 22.093 21.851 21.764 15.661 12.559 10.255 8.932 7.033 4.735 6.160 7.964 7.083
-999.250 -999.250 -999.250 -999.250 -999.250 -999.250 -999.250 -999.250 -999.250 -999.250 -999.250 -999.250 -999.250 -999.250 -999.250 -999.250 -999.250 -999.250 -999.250 -999.250 -999.250 -999.250 -999.250 -999.250 -999.250 -999.250 -999.250 -999.250 -999.250 -999.250 -999.250 -999.250 -999.250 6.508 6.104 7.170 6.238 6.168 8.279 9.364 10.194 8.381 7.686 9.026 9.543 11.353 14.364 11.906 15.064 16.840 15.856 18.810 21.862 21.004 22.675 22.479 21.426 24.012 33.292 20.571 14.820 11.150 8.596 6.931 4.468 5.248 8.773 7.072 6.217
-999.250 -999.250 -999.250 -999.250 -999.250 -999.250 -999.250 -999.250 -999.250 -999.250 -999.250 -999.250 -999.250 -999.250 -999.250 -999.250 -999.250 -999.250 -999.250 -999.250 -999.250 -999.250 -999.250 -999.250 -999.250 -999.250 -999.250 -999.250 -999.250 -999.250 -999.250 -999.250 6.262 6.274 8.076 6.843 6.611 6.895 6.073 9.831 9.563 9.022 8.498 10.036 8.206 8.296 11.616 12.877 17.419 23.049 22.430 26.166 38.737 30.277 27.413 27.216 25.923 25.475 28.066 18.466 14.732 11.149 7.863 8.870 7.718 5.921 7.611 7.457 8.068
-999.250 -999.250 -999.250 -999.250 -999.250 -999.250 -999.250 -999.250 -999.250 -999.250 -999.250 -999.250 -999.250 -999.250 -999.250 -999.250 -999.250 -999.250 -999.250 -999.250 -999.250 -999.250 -999.250 -999.250 -999.250 -999.250 -999.250 -999.250 -999.250 -999.250 -999.250 -999.250 5.744 7.140 10.248 6.084 6.754 6.017 8.715 9.489 9.606 6.836 6.683 8.356 8.022 8.190 9.034 11.245 15.822 26.136 36.949 49.949 60.804 55.188 38.630 32.859 26.237 21.197 19.016 16.660 13.035 10.380 7.438 10.504 6.639 6.214 6.279 9.464 8.937
-999.250 -999.250 -999.250 -999.250 -999.250 -999.250 -999.250 -999.250 -999.250 -999.250 -999.250 -999.250 -999.250 -999.250 -999.250 -999.250 -999.250 -999.250 -999.250 -999.250 -999.250 -999.250 -999.250 -999.250 -999.250 -999.250 -999.250 -999.250 -999.250 -999.250 -999.250 -999.250 -999.250 8.207 11.149 5.947 5.548 5.931 6.731 7.019 7.230 7.661 5.979 5.546 6.835 6.399 8.640 12.227 23.339 36.907 47.779 86.171 103.780 75.780 56.882 33.911 25.052 23.007 18.601 15.485 12.861 10.824 8.893 7.544 6.761 4.840 11.868 14.397 8.967
-999.250 -999.250 -999.250 -999.250 -999.250 -999.250 -999.250 -999.250 -999.250 -999.250 -999.250 -999.250 -999.250 -999.250 -999.250 -999.250 -999.250 -999.250 -999.250 -999.250 -999.250 -999.250 -999.250 -999.250 -999.250 -999.250 -999.250 -999.250 -999.250 -999.250 -999.250 -999.250 -999.250 8.550 7.263 6.025 5.990 4.786 5.818 7.885 6.935 4.052 3.712 4.308 4.459 6.708 10.043 15.092 25.665 28.800 68.862 94.269 138.093 128.474 73.019 42.008 26.325 19.253 15.220 11.830 14.403 11.698 9.957 6.489 4.208 7.007 10.572 11.959 12.533
-999.250 -999.250 -999.250 -999.250 -999.250 -999.250 -999.250 -999.250 -999.250 -999.250 -999.250 -999.250 -999.250 -999.250 -999.250 -999.250 -999.250 -999.250 -999.250 -999.250 -999.250 -999.250 -999.250 -999.250 -999.250 -999.250 -999.250 -999.250 -999.250 -999.250 -999.250 -999.250 -999.250 6.300 5.697 5.188 3.340 4.682 6.629 6.470 4.886 2.368 3.856 2.964 5.550 8.394 11.095 26.449 24.698 47.203 85.076 104.764 126.994 117.572 90.567 67.144 30.550 24.813 17.714 11.750 11.479 11.716 8.973 6.950 8.125 9.623 8.697 9.966 13.150
-999.250 -999.250 -999.250 -999.250 -999.250 -999.250 -999.250 -999.250 -999.250 -999.250 -999.250 -999.250 -999.250 -999.250 -999.250 -999.250 -999.250 -999.250 -999.250 -999.250 -999.250 -999.250 -999.250 -999.250 -999.250 -999.250 -999.250 -999.250 -999.250 -999.250 -999.250 -999.250 -999.250 -999.250 6.261 8.761 5.307 4.686 5.417 5.986 2.840 2.850 3.774 6.991 7.056 9.012 13.945 18.324 22.474 32.877 63.059 87.010 105.468 108.192 81.291 58.051 31.233 18.103 17.756 13.013 13.697 11.012 10.075 7.198 8.143 8.247 11.174 7.999 13.227
-999.250 -999.250 -999.250 -999.250 -999.250 -999.250 -999.250 -999.250 -999.250 -999.250 -999.250 -999.250 -999.250 -999.250 -999.250 -999.250 -999.250 -999.250 -999.250 -999.250 -999.250 -999.250 -999.250 -999.250 -999.250 -999.250 -999.250 -999.250 -999.250 -999.250 -999.250 -999.250 -999.250 -999.250 5.239 4.575 4.774 5.466 4.510 6.441 5.052 4.269 5.425 10.412 8.663 10.077 17.737 16.069 17.117 21.840 37.784 56.000 77.125 90.908 93.303 57.146 34.085 25.604 19.541 20.667 12.607 9.935 8.646 8.470 10.037 9.641 10.298 12.444 12.982
-999.250 -999.250 -999.250 -999.250 -999.250 -999.250 -999.250 -999.250 -999.250 -999.250 -999.250 -999.250 -999.250 -999.250 -999.250 -999.250 -999.250 -999.250 -999.250 -999.250 -999.250 -999.250 -999.250 -999.250 -999.250 -999.250 -999.250 -999.250 -999.250 -999.250 -999.250 -999.250 -999.250 -999.250 4.366 6.646 6.575 5.446 6.253 6.089 6.897 3.966 7.096 6.448 9.266 14.946 15.623 13.736 16.333 18.795 26.442 37.669 59.947 77.614 90.122 71.103 45.834 32.054 25.168 15.048 9.467 8.268 7.260 11.350 7.366 11.588 12.270 11.072 11.190
-999.250 -999.250 -999.250 -999.250 -999.250 -999.250 -999.250 -999.250 -999.250 -999.250 -999.250 -999.250 -999.250 -999.250 -999.250 -999.250 -999.250 -999.250 -999.250 -999.250 -999.250 -999.250 -999.250 -999.250 -999.250 -999.250 -999.250 -999.250 -999.250 -999.250 -999.250 -999.250 -999.250 -999.250 7.381 6.812 6.286 5.358 7.439 5.969 7.053 7.204 5.879 7.263 10.116 14.500 13.038 16.282 15.151 16.536 20.995 28.967 40.548 78.023 106.940 81.830 64.400 41.960 22.945 14.274 14.271 10.284 7.900 8.488 9.591 7.474 9.844 10.258 11.029
-999.250 -999.250 -999.250 -999.250 -999.250 -999.250 -999.250 -999.250 -999.250 -999.250 -999.250 -999.250 -999.250 -999.250 -999.250 -999.250 -999.250 -999.250 -999.250 -999.250 -999.250 -999.250 -999.250 -999.250 -999.250 -999.250 -999.250 -999.250 -999.250 -999.250 -999.250 -999.250 -999.250 -999.250 -999.250 7.066 6.729 8.868 8.564 10.693 8.364 6.843 6.174 8.937 8.845 11.456 17.346 15.604 13.390 16.821 19.361 28.648 34.163 74.210 79.666 72.420 57.452 36.807 23.611 15.653 11.362 8.456 7.520 5.926 8.037 8.439 8.386 8.441 11.358
-999.250 -999.250 -999.250 -999.250 -999.250 -999.250 -999.250 -999.250 -999.250 -999.250 -999.250 -999.250 -999.250 -999.250 -999.250 -999.250 -999.250 -999.250 -999.250 -999.250 -999.250 -999.250 -999.250 -999.250 -999.250 -999.250 -999.250 -999.250 -999.250 -999.250 -999.250 -999.250 -999.250 -999.250 -999.250 5.629 9.848 11.871 14.797 12.460 12.484 11.604 8.032 8.156 8.358 11.611 11.775 15.613 17.059 15.899 18.828 23.483 36.932 57.082 56.888 50.578 48.953 30.246 21.796 13.612 11.447 8.493 5.640 5.135 3.708 6.484 9.534 13.752 14.010
-999.250 -999.250 -999.250 -999.250 -999.250 -999.250 -999.250 -999.250 -999.250 -999.250 -999.250 -999.250 -999.250 -999.250 -999.250 -999.250 -999.250 -999.250 -999.250 -999.250 -999.250 -999.250 -999.250 -999.250 -999.250 -999.250 -999.250 -999.250 -999.250 -999.250 -999.250 -999.250 -999.250 -999.250 -999.250 4.364 9.423 10.995 14.931 21.587 12.916 8.727 7.980 8.027 7.147 8.876 8.421 10.731 11.191 11.587 19.247 21.907 33.551 38.803 40.344 39.615 29.042 19.912 12.254 8.590 6.270 8.291 6.772 5.294 6.939 8.013 11.063 12.427 13.839
-999.250 -999.250 -999.250 -999.250 -999.250 -999.250 -999.250 -999.250 -999.250 -999.250 -999.250 -999.250 -999.250 -999.250 -999.250 -999.250 -999.250 -999.250 -999.250 -999.250 -999.250 -999.250 -999.250 -999.250 -999.250 -999.250 -999.250 -999.250 -999.250 -999.250 -999.250 -999.250 -999.250 -999.250 -999.250 8.193 7.973 12.844 15.967 12.096 10.739 9.165 8.210 6.949 5.587 6.388 9.148 10.534 9.733 11.955 12.290 18.792 20.061 22.691 24.836 26.048 20.157 12.266 11.496 8.015 7.465 5.380 7.714 8.862 9.596 9.896 10.511 14.227 14.090
-999.250 -999.250 -999.250 -999.250 -999.250 -999.250 -999.250 -999.250 -999.250 -999.250 -999.250 -999.250 -999.250 -999.250 -999.250 -999.250 -999.250 -999.250 -999.250 -999.250 -999.250 -999.250 -999.250 -999.250 -999.250 -999.250 -999.250 -999.250 -999.250 -999.250 -999.250 -999.250 -999.250 -999.250 -999.250 9.553 7.772 11.108 11.973 7.857 6.690 4.769 3.954 4.007 4.344 4.774 5.940 7.170 7.996 11.619 11.326 14.521 20.860 19.690 17.962 14.692 12.881 7.518 6.676 4.939 5.843 6.898 7.550 12.231 14.924 15.752 14.077 12.562 11.707
-999.250 -999.250 -999.250 -999.250 -999.250 -999.250 -999.250 -999.250 -999.250 -999.250 -999.250 -999.250 -999.250 -999.250 -999.250 -999.250 -999.250 -999.250 -999.250 -999.250 -999.250 -999.250 -999.250 -999.250 -999.250 -999.250 -999.250 -999.250 -999.250 -999.250 -999.250 -999.250 -999.250 -999.250 -999.250 -999.250 8.642 9.746 9.029 8.334 7.335 4.849 6.368 6.641 6.534 5.334 6.577 6.540 6.674 6.266 7.539 11.536 20.065 17.149 14.478 14.382 10.736 7.838 4.299 3.884 5.079 6.153 8.456 13.332 18.095 22.656 24.716 20.608 12.152
-999.250 -999.250 -999.250 -999.250 -999.250 -999.250 -999.250 -999.250 -999.250 -999.250 -999.250 -999.250 -999.250 -999.250 -999.250 -999.250 -999.250 -999.250 -999.250 -999.250 -999.250 -999.250 -999.250 -999.250 -999.250 -999.250 -999.250 -999.250 -999.250 -999.250 -999.250 -999.250 -999.250 -999.250 -999.250 -999.250 5.364 8.660 10.549 12.003 8.078 7.205 7.982 12.652 8.916 8.581 7.535 7.945 8.128 6.763 6.935 10.266 12.458 14.250 11.387 9.805 9.968 5.267 3.661 2.842 5.985 7.293 8.890 16.156 25.678 31.208 32.484 30.048 9.709
-999.250 -999.250 -999.250 -999.250 -999.250 -999.250 -999.250 -999.250 -999.250 -999.250 -999.250 -999.250 -999.250 -999.250 -999.250 -999.250 -999.250 -999.250 -999.250 -999.250 -999.250 -999.250 -999.250 -999.250 -999.250 -999.250 -999.250 -999.250 -999.250 -999.250 -999.250 -999.250 -999.250 -999.250 -999.250 -999.250 -999.250 8.899 8.792 10.125 7.708 8.786 8.203 7.976 7.643 8.008 7.944 7.848 7.944 7.421 6.614 10.639 12.866 9.456 10.695 10.897 8.078 7.894 5.139 7.610 6.925 9.104 12.503 20.194 28.197 35.608 48.005 22.242 10.596
-999.250 -999.250 -999.250 -999.250 -999.250 -999.250 -999.250 -999.250 -999.250 -999.250 -999.250 -999.250 -999.250 -999.250 -999.250 -999.250 -999.250 -999.250 -999.250 -999.250 -999.250 -999.250 -999.250 -999.250 -999.250 -999.250 -999.250 -999.250 -999.250 -999.250 -999.250 -999.250 -999.250 -999.250 -999.250 -999.250 -999.250 9.069 10.628 12.858 10.289 9.567 10.776 8.153 9.309 10.701 10.686 8.936 8.519 7.174 7.604 7.659 8.719 7.758 9.049 9.727 10.057 9.000 7.868 7.410 9.446 11.440 15.758 17.941 22.416 25.347 25.203 15.504 5.498
-999.250 -999.250 -999.250 -999.250 -999.250 -999.250 -999.250 -999.250 -999.250 -999.250 -999.250 -999.250 -999.250 -999.250 -999.250 -999.250 -999.250 -999.250 -999.250 -999.250 -999.250 -999.250 -999.250 -999.250 -999.250 -999.250 -999.250 -999.250 -999.250 -999.250 -999.250 -999.250 -999.250 -999.250 -999.250 -999.250 -999.250 10.653 11.097 13.227 21.965 12.801 9.998 8.524 7.549 9.834 10.452 9.975 9.334 7.369 6.965 7.926 6.955 6.734 7.265 7.227 7.362 7.029 8.579 15.298 13.161 15.189 12.843 13.741 15.281 18.066 12.566 6.370 0.000
-999.250 -999.250 -999.250 -999.250 -999.250 -999.250 -999.250 -999.250 -999.250 -999.250 -999.250 -999.250 -999.250 -999.250 -999.250 -999.250 -999.250 -999.250 -999.250 -999.250 -999.250 -999.250 -999.250 -999.250 -999.250 -999.250 -999.250 -999.250 -999.250 -999.250 -999.250 -999.250 -999.250 -999.250 -999.250 -999.250 -999.250 10.231 11.766 14.459 16.944 15.162 10.265 11.239 12.635 13.026 12.138 10.017 7.440 6.439 7.363 5.871 8.067 6.333 7.795 3.835 5.899 8.302 11.256 14.292 13.714 8.506 10.744 11.759 10.631 10.113 5.809 1.000 0.000
-999.250 -999.250 -999.250 -999.250 -999.250 -999.250 -999.250 -999.250 -999.250 -999.250 -999.250 -999.250 -999.250 -999.250 -999.250 -999.250 -999.250 -999.250 -999.250 -999.250 -999.250 -999.250 -999.250 -999.250 -999.250 -999.250 -999.250 -999.250 -999.250 -999.250 -999.250 -999.250 -999.250 -999.250 -999.250 -999.250 -999.250 -999.250 13.352 11.611 15.883 12.335 14.489 12.589 12.540 10.146 10.113 8.118 7.756 5.865 6.167 6.413 5.260 6.877 5.721 4.251 6.321 9.609 15.232 16.198 10.144 8.532 8.262 8.488 7.567 4.077 3.504 1.165 0.000
-999.250 -999.250 -999.250 -999.250 -999.250 -999.250 -999.250 -999.250 -999.250 -999.250 -999.250 -999.250 -999.250 -999.250 -999.250 -999.250 -999.250 -999.250 -999.250 -999.250 -999.250 -999.250 -999.250 -999.250 -999.250 -999.250 -999.250 -999.250 -999.250 -999.250 -999.250 -999.250 -999.250 -999.250 -999.250 -999.250 -999.250 -999.250 14.329 15.643 16.283 17.060 16.841 12.743 15.066 10.063 13.181 9.784 7.155 6.504 5.725 5.472 5.829 6.471 4.368 5.244 7.162 10.777 16.444 10.616 9.958 8.091 6.459 6.630 4.921 5.079 3.740 1.312 0.637
-999.250 -999.250 -999.250 -999.250 -999.250 -999.250 -999.250 -999.250 -999.250 -999.250 -999.250 -999.250 -999.250 -999.250 -999.250 -999.250 -999.250 -999.250 -999.250 -999.250 -999.250 -999.250 -999.250 -999.250 -999.250 -999.250 -999.250 -999.250 -999.250 -999.250 -999.250 -999.250 -999.250 -999.250 -999.250 -999.250 -999.250 -999.250 18.574 21.743 21.275 17.093 20.294 12.570 11.544 11.833 11.856 10.729 9.166 6.451 4.652 3.834 4.719 2.947 6.340 5.942 7.785 7.273 9.429 9.376 8.361 7.033 5.809 6.673 5.777 3.908 4.630 3.616 2.163
