data/medianmodel_16-Feb-2021.asc
ncols	141
nrows	288
xllcorner	-120191.398
yllcorner	-301404.813
cellsize	2000.000
NODATA_value	-999.250
[rows 58 to 86 of 288, columns 65 to 129 of 141]
1111.833 1587.533 1976.520 2110.522 1982.249 1513.598 1012.923 796.421 613.339 498.679 458.192 436.829 431.595 422.178 419.417 393.250 371.322 338.382 345.512 373.332 433.502 502.536 573.829 622.997 660.475 653.592 638.121 600.403 551.027 515.277 480.559 458.956 436.431 434.088 431.450 422.959 400.407 350.640 302.136 251.208 231.274 199.726 181.858 171.951 167.615 134.804 126.839 116.644 117.560 115.399 114.719 115.617 -999.250 -999.250 -999.250 -999.250 -999.250 -999.250 -999.250 -999.250 -999.250 -999.250 -999.250 -999.250 -999.250
1370.727 1510.354 1828.577 1914.882 1687.073 1385.597 1086.641 796.491 644.827 547.567 480.226 443.765 451.230 446.314 428.207 431.832 408.404 400.922 428.146 467.170 486.247 525.930 578.256 619.153 636.021 622.867 601.726 569.082 527.136 478.440 452.873 406.658 382.721 384.398 380.542 357.578 340.061 297.594 285.839 243.239 221.425 206.700 182.272 177.084 174.432 158.457 127.416 114.942 117.347 117.313 117.359 -999.250 -999.250 -999.250 -999.250 -999.250 -999.250 -999.250 -999.250 -999.250 -999.250 -999.250 -999.250 -999.250 -999.250
1145.369 1558.717 1661.669 1815.094 1517.362 1323.948 999.285 830.067 660.320 523.032 479.608 457.025 451.496 451.894 465.726 462.109 461.525 464.688 470.377 497.307 515.281 579.975 569.617 600.166 619.421 590.164 578.195 551.132 495.241 424.603 378.059 353.133 322.600 315.912 316.292 297.898 289.104 269.255 248.086 223.772 210.217 197.945 180.740 182.790 172.456 148.927 123.050 125.025 123.637 121.008 118.969 -999.250 -999.250 -999.250 -999.250 -999.250 -999.250 -999.250 -999.250 -999.250 -999.250 -999.250 -999.250 -999.250 -999.250
1116.721 1298.847 1426.713 1498.228 1347.672 1120.602 917.708 793.776 639.699 504.245 474.473 464.641 473.345 477.831 494.043 529.195 534.992 522.742 523.274 540.318 559.255 593.870 577.066 594.965 579.708 582.038 538.660 505.706 472.387 389.859 324.891 277.756 266.767 239.360 236.867 244.225 238.380 227.619 212.855 215.237 199.582 185.183 174.234 172.347 166.312 148.588 134.806 127.692 125.878 128.100 -999.250 -999.250 -999.250 -999.250 -999.250 -999.250 -999.250 -999.250 -999.250 -999.250 -999.250 -999.250 -999.250 -999.250 -999.250
1044.050 1102.358 1250.754 1185.351 1124.380 1026.741 865.319 725.562 607.757 474.116 457.501 468.485 472.884 494.191 529.403 553.416 599.684 618.272 623.297 595.413 606.560 620.473 627.347 606.478 582.871 549.528 510.984 476.490 403.993 344.593 283.087 207.274 176.993 163.812 169.833 176.886 178.103 184.097 187.891 178.264 171.168 173.315 172.965 162.069 160.546 -999.250 -999.250 -999.250 -999.250 -999.250 -999.250 -999.250 -999.250 -999.250 -999.250 -999.250 -999.250 -999.250 -999.250 -999.250 -999.250 -999.250 -999.250 -999.250 -999.250
930.645 990.581 950.669 1022.464 981.915 872.943 742.391 673.917 584.074 495.512 461.874 471.455 487.002 525.560 577.711 615.826 670.095 698.439 673.136 671.121 664.172 658.712 667.566 623.447 602.526 550.402 501.737 437.201 355.740 290.539 215.844 136.125 91.622 92.182 107.381 120.940 134.932 140.324 154.454 159.357 156.376 165.791 163.298 153.247 153.220 142.659 -999.250 -999.250 -999.250 -999.250 -999.250 -999.250 -999.250 -999.250 -999.250 -999.250 -999.250 -999.250 -999.250 -999.250 -999.250 -999.250 -999.250 -999.250 -999.250
862.874 912.776 898.739 872.566 825.105 761.460 708.558 611.475 565.900 510.085 463.245 479.477 483.019 519.665 568.003 625.657 683.105 713.170 700.505 697.734 719.463 715.308 700.928 663.735 631.329 561.325 488.375 431.504 339.389 259.590 175.572 91.191 0.000 29.186 58.812 91.031 102.792 111.095 122.004 135.214 135.117 129.883 143.985 142.811 131.359 123.755 134.057 -999.250 -999.250 -999.250 -999.250 -999.250 -999.250 -999.250 -999.250 -999.250 -999.250 -999.250 -999.250 -999.250 -999.250 -999.250 -999.250 -999.250 -999.250
773.356 834.912 818.637 771.298 715.250 706.723 630.926 567.539 533.114 475.870 459.430 467.590 487.343 541.099 599.485 648.461 679.352 708.112 723.259 731.683 729.773 747.184 715.062 707.619 661.708 579.373 502.915 413.857 325.552 251.577 164.607 90.532 27.264 17.428 42.876 65.440 83.846 97.131 101.157 112.797 119.511 124.782 122.592 130.298 115.260 123.469 132.496 -999.250 -999.250 -999.250 -999.250 -999.250 -999.250 -999.250 -999.250 -999.250 -999.250 -999.250 -999.250 -999.250 -999.250 -999.250 -999.250 -999.250 -999.250
722.458 739.419 707.286 679.337 653.217 592.859 556.975 501.621 484.709 457.323 448.913 462.428 493.795 547.160 575.757 650.400 697.398 700.948 712.970 783.016 762.801 763.390 759.288 727.570 682.466 626.687 504.803 413.970 336.930 240.480 173.156 102.716 60.751 40.417 38.086 54.968 66.988 83.537 95.179 101.924 109.973 116.609 117.180 116.687 110.503 125.036 148.301 145.456 -999.250 -999.250 -999.250 -999.250 -999.250 -999.250 -999.250 -999.250 -999.250 -999.250 -999.250 -999.250 -999.250 -999.250 -999.250 -999.250 -999.250
688.625 666.165 664.146 625.701 584.575 538.504 492.418 471.403 445.368 428.431 437.660 450.241 471.117 516.905 572.107 621.861 681.581 719.658 732.338 764.816 806.648 815.256 801.258 752.609 712.005 634.098 525.686 437.423 363.539 261.515 184.249 131.198 93.481 66.205 56.192 59.509 68.163 82.986 94.257 97.240 110.014 121.848 120.100 114.073 107.450 114.143 144.480 155.315 163.080 -999.250 -999.250 -999.250 -999.250 -999.250 -999.250 -999.250 -999.250 -999.250 -999.250 -999.250 -999.250 -999.250 -999.250 -999.250 -999.250
674.243 627.615 632.483 588.444 528.105 501.446 454.255 446.217 403.806 394.247 412.524 421.743 441.250 502.950 560.698 636.729 686.600 720.084 755.316 798.975 822.184 850.136 840.373 813.141 731.729 680.640 562.510 460.146 371.960 282.126 208.208 161.284 108.124 89.060 78.654 83.552 89.903 90.917 101.212 109.006 115.122 125.253 132.316 125.286 126.243 134.791 156.717 165.634 173.758 -999.250 -999.250 -999.250 -999.250 -999.250 -999.250 -999.250 -999.250 -999.250 -999.250 -999.250 -999.250 -999.250 -999.250 -999.250 -999.250
652.526 613.911 584.831 555.738 491.126 474.263 442.341 423.432 371.475 363.457 372.798 367.625 407.569 473.230 528.828 620.372 671.775 711.701 763.240 801.256 854.876 887.896 876.440 832.439 785.182 698.379 578.568 481.828 382.160 302.867 233.252 184.489 128.087 113.461 97.889 100.969 104.367 113.447 112.499 122.546 137.046 152.576 156.521 162.353 157.675 171.562 174.664 180.834 187.395 -999.250 -999.250 -999.250 -999.250 -999.250 -999.250 -999.250 -999.250 -999.250 -999.250 -999.250 -999.250 -999.250 -999.250 -999.250 -999.250
620.087 598.118 578.430 536.799 489.248 460.235 425.682 383.474 352.727 333.511 320.243 325.148 381.733 463.911 522.055 592.009 641.233 701.319 759.367 806.623 862.863 864.968 945.145 841.016 779.380 704.854 592.653 492.122 398.089 319.748 249.839 203.683 168.305 142.755 129.579 123.457 138.118 151.758 164.326 172.484 176.848 188.113 180.898 179.407 184.724 188.408 189.414 201.155 213.733 219.852 225.844 -999.250 -999.250 -999.250 -999.250 -999.250 -999.250 -999.250 -999.250 -999.250 -999.250 -999.250 -999.250 -999.250 -999.250
591.296 584.539 539.294 526.714 473.110 448.393 416.635 383.686 345.551 340.858 297.876 277.363 361.056 421.518 490.772 550.429 614.266 684.714 720.230 797.538 806.915 840.344 833.725 827.939 758.299 668.448 560.717 473.643 409.715 337.170 273.975 231.280 199.361 176.502 174.146 170.791 177.874 186.658 190.428 211.366 211.225 220.671 206.145 217.538 229.604 233.862 238.718 233.798 250.228 243.266 260.460 -999.250 -999.250 -999.250 -999.250 -999.250 -999.250 -999.250 -999.250 -999.250 -999.250 -999.250 -999.250 -999.250 -999.250
609.266 551.302 533.992 514.582 480.788 452.418 405.972 391.109 370.130 321.641 317.414 313.607 377.222 427.484 491.274 534.236 602.942 651.214 703.063 733.977 757.084 784.690 758.288 741.014 701.406 615.943 519.948 448.142 385.527 333.269 280.645 242.827 215.396 205.176 192.719 213.060 219.400 233.043 237.197 246.407 262.431 257.131 259.554 256.277 251.187 252.022 261.899 256.535 260.129 263.125 -999.250 -999.250 -999.250 -999.250 -999.250 -999.250 -999.250 -999.250 -999.250 -999.250 -999.250 -999.250 -999.250 -999.250 -999.250
583.516 587.183 558.258 506.073 485.150 449.750 425.618 405.468 380.996 364.022 350.967 345.131 394.553 442.783 481.514 523.827 568.899 611.015 652.478 655.520 702.578 707.482 708.724 695.851 628.079 552.830 493.512 431.058 376.168 321.914 289.476 256.930 246.947 235.529 242.318 240.776 263.517 275.320 288.732 289.484 307.903 302.144 287.206 300.092 291.601 273.536 286.432 278.056 289.360 288.296 -999.250 -999.250 -999.250 -999.250 -999.250 -999.250 -999.250 -999.250 -999.250 -999.250 -999.250 -999.250 -999.250 -999.250 -999.250
587.954 586.631 581.696 515.821 480.361 456.610 427.288 418.882 401.861 398.877 382.597 381.700 406.610 448.099 478.698 508.282 577.175 583.288 609.630 617.363 617.743 633.696 617.726 599.443 554.783 498.769 464.090 401.711 345.937 313.797 284.745 269.016 253.460 257.274 263.360 271.518 295.724 309.678 336.629 354.580 362.023 347.285 322.892 342.565 342.600 324.410 315.045 299.787 319.567 314.454 -999.250 -999.250 -999.250 -999.250 -999.250 -999.250 -999.250 -999.250 -999.250 -999.250 -999.250 -999.250 -999.250 -999.250 -999.250
590.597 589.232 541.922 531.243 501.858 466.003 462.583 437.872 423.908 415.190 421.791 414.054 446.904 461.678 466.571 481.671 513.754 514.822 540.251 571.841 584.052 572.187 546.543 528.696 492.220 458.089 403.464 360.563 339.495 301.470 280.717 261.518 261.788 266.762 274.850 293.878 319.993 354.516 393.252 422.982 409.882 379.170 370.644 366.086 347.913 339.251 345.110 341.347 336.504 326.767 -999.250 -999.250 -999.250 -999.250 -999.250 -999.250 -999.250 -999.250 -999.250 -999.250 -999.250 -999.250 -999.250 -999.250 -999.250
569.940 550.629 540.623 533.458 504.600 488.048 460.861 452.097 427.673 441.859 445.783 448.827 464.202 459.805 453.145 466.798 471.135 470.821 492.445 498.666 515.907 501.400 495.451 467.228 450.575 408.199 359.346 334.280 312.157 291.960 274.201 258.238 251.788 263.153 275.402 292.851 331.843 367.425 396.755 431.871 418.993 415.706 413.712 402.565 392.511 390.612 379.137 377.868 357.596 372.617 -999.250 -999.250 -999.250 -999.250 -999.250 -999.250 -999.250 -999.250 -999.250 -999.250 -999.250 -999.250 -999.250 -999.250 -999.250
572.809 544.204 541.378 526.147 509.898 500.324 482.334 454.422 440.869 429.797 418.204 445.878 466.321 428.908 409.119 421.577 426.966 418.432 438.040 441.092 445.016 438.971 434.121 417.843 385.063 340.378 329.832 299.730 280.403 270.632 254.414 258.106 266.706 256.248 282.028 311.847 335.831 392.687 406.221 431.896 429.485 435.392 427.609 429.497 436.203 422.601 415.329 409.452 393.330 411.100 -999.250 -999.250 -999.250 -999.250 -999.250 -999.250 -999.250 -999.250 -999.250 -999.250 -999.250 -999.250 -999.250 -999.250 -999.250
522.877 523.123 514.727 517.245 523.978 486.223 473.885 458.920 425.188 409.930 402.215 405.717 407.168 374.491 363.304 364.410 383.466 379.396 385.212 364.649 377.308 370.364 359.984 340.109 309.924 283.543 272.262 260.497 246.520 242.319 233.429 248.250 257.585 276.213 283.083 324.607 370.670 390.144 418.092 441.053 441.937 447.872 457.356 465.552 463.312 436.239 423.854 433.656 432.856 426.952 -999.250 -999.250 -999.250 -999.250 -999.250 -999.250 -999.250 -999.250 -999.250 -999.250 -999.250 -999.250 -999.250 -999.250 -999.250
489.552 498.320 501.020 511.715 505.565 510.878 488.546 443.613 413.220 403.732 375.650 359.685 341.184 315.972 310.330 298.431 316.421 327.509 330.965 331.472 328.103 314.259 291.029 282.478 261.983 246.772 229.135 224.779 215.241 209.345 219.037 239.876 246.098 269.909 287.292 318.377 363.108 397.314 429.802 438.331 442.417 458.332 480.624 474.567 472.228 486.127 447.643 453.822 442.781 452.233 -999.250 -999.250 -999.250 -999.250 -999.250 -999.250 -999.250 -999.250 -999.250 -999.250 -999.250 -999.250 -999.250 -999.250 -999.250
462.147 481.259 494.730 523.078 506.328 504.817 472.885 437.216 408.883 393.396 346.546 307.093 283.347 266.668 261.398 271.391 283.673 283.591 281.804 270.340 270.333 261.205 259.428 240.679 214.839 205.076 195.161 189.249 190.305 188.775 206.619 222.809 237.862 268.246 282.732 339.552 368.669 406.938 448.867 452.563 457.411 465.005 470.766 490.485 492.358 501.310 494.197 489.709 473.612 468.337 478.387 -999.250 -999.250 -999.250 -999.250 -999.250 -999.250 -999.250 -999.250 -999.250 -999.250 -999.250 -999.250 -999.250 -999.250
464.584 459.771 492.650 508.723 507.266 490.823 447.455 428.512 389.599 348.122 323.997 274.234 249.960 196.767 220.699 239.524 246.919 247.911 247.461 243.963 230.547 231.789 222.800 203.412 178.286 174.200 178.927 174.400 171.074 182.486 186.792 211.899 243.937 264.333 289.295 327.293 378.145 410.188 453.397 462.342 462.903 473.650 472.655 489.002 502.116 526.291 505.204 503.145 503.931 518.682 518.338 -999.250 -999.250 -999.250 -999.250 -999.250 -999.250 -999.250 -999.250 -999.250 -999.250 -999.250 -999.250 -999.250 -999.250
436.517 448.586 465.130 481.933 518.257 477.889 445.323 406.882 360.300 333.644 290.311 273.883 246.485 218.410 200.022 221.696 228.494 228.927 221.389 221.565 200.635 195.881 191.677 177.668 162.178 144.757 158.262 158.791 171.574 172.624 184.333 201.754 233.352 263.102 288.751 336.520 359.706 400.744 430.618 434.035 474.599 489.036 494.018 513.637 531.330 530.878 529.755 532.337 556.175 559.268 524.572 -999.250 -999.250 -999.250 -999.250 -999.250 -999.250 -999.250 -999.250 -999.250 -999.250 -999.250 -999.250 -999.250 -999.250
444.910 456.803 457.252 469.666 478.792 453.313 423.795 377.039 346.793 314.817 284.442 273.940 250.514 232.028 210.239 218.353 227.577 218.266 200.639 203.286 201.280 196.475 183.337 175.320 154.075 130.037 134.363 154.996 166.646 177.992 199.717 214.332 232.877 260.634 276.369 329.417 373.965 396.895 447.146 439.470 478.897 478.912 522.595 533.552 540.016 571.960 581.943 587.055 579.615 568.534 542.968 -999.250 -999.250 -999.250 -999.250 -999.250 -999.250 -999.250 -999.250 -999.250 -999.250 -999.250 -999.250 -999.250 -999.250
448.015 454.179 452.338 452.259 434.384 414.873 375.490 356.388 339.149 314.319 294.031 280.796 262.251 250.228 236.948 231.133 226.165 224.118 214.221 198.763 209.022 219.661 201.144 183.749 164.179 129.908 152.853 175.258 177.268 187.497 213.581 231.884 248.038 270.948 301.095 329.112 380.694 405.241 418.163 446.323 455.932 500.487 519.398 542.759 560.069 600.259 597.134 600.351 599.540 600.343 -999.250 -999.250 -999.250 -999.250 -999.250 -999.250 -999.250 -999.250 -999.250 -999.250 -999.250 -999.250 -999.250 -999.250 -999.250
437.876 441.745 435.735 419.587 390.655 377.125 336.381 316.917 324.950 307.183 293.061 291.734 270.751 256.826 250.543 252.848 239.675 241.684 241.995 246.710 243.034 253.771 247.307 233.303 200.546 189.464 186.368 193.512 200.687 209.329 226.409 234.270 254.830 278.359 308.160 351.978 387.407 398.125 440.502 449.639 483.836 518.365 529.540 564.598 566.353 593.686 577.376 592.179 581.922 607.558 -999.250 -999.250 -999.250 -999.250 -999.250 -999.250 -999.250 -999.250 -999.250 -999.250 -999.250 -999.250 -999.250 -999.250 -999.250
426.525 432.896 412.570 384.778 367.495 345.585 327.669 288.801 294.864 279.708 274.428 273.919 264.799 260.192 258.663 269.125 268.629 271.617 280.892 283.386 292.135 297.552 290.932 282.684 260.334 250.929 243.653 239.491 241.906 243.382 242.780 251.243 278.178 307.052 341.771 362.181 376.277 434.144 457.843 466.327 479.069 522.112 541.783 562.437 574.913 570.904 597.385 614.424 572.039 -999.250 -999.250 -999.250 -999.250 -999.250 -999.250 -999.250 -999.250 -999.250 -999.250 -999.250 -999.250 -999.250 -999.250 -999.250 -999.250
