data/medianmodel_18-Sep-2020.asc
ncols	141
nrows	288
xllcorner	-120191.398
yllcorner	-301404.813
cellsize	2000.000
NODATA_value	-999.250
[rows 30 to 59 of 288, columns 68 to 135 of 141]
0.000 0.000 0.000 0.000 0.000 1.967 4.846 9.108 15.374 19.273 29.191 38.338 48.199 50.486 57.318 59.410 61.262 58.145 60.652 57.622 52.829 43.830 39.776 35.607 26.714 27.679 24.061 23.052 23.743 20.739 21.631 23.751 23.166 23.764 24.564 35.521 43.243 44.923 48.314 59.489 69.675 73.322 76.326 93.219 103.868 105.435 118.666 134.811 160.767 167.057 193.132 205.223 223.146 266.753 263.591 274.610 290.731 305.972 356.536 422.570 319.313 277.546 252.939 218.111 182.662 144.098 113.944 89.834
0.000 0.000 0.000 0.000 0.000 0.000 3.296 8.450 15.425 21.742 28.669 41.905 54.252 56.663 64.215 63.315 61.258 61.468 59.932 53.492 50.112 45.234 33.425 33.256 26.241 24.026 20.995 23.796 24.794 23.151 24.501 24.466 22.956 22.296 27.341 31.773 40.367 45.335 54.688 59.789 69.504 75.706 81.738 92.677 102.900 115.775 117.080 136.347 161.250 165.635 174.316 209.601 209.897 231.912 253.193 267.108 277.887 315.743 368.617 349.769 302.394 256.053 236.113 193.678 161.623 131.323 101.652 84.017
0.000 0.000 0.000 0.000 0.000 0.000 3.914 8.959 15.241 27.090 35.691 43.962 54.516 60.384 62.523 68.815 66.860 63.259 56.685 51.235 46.812 40.568 35.751 30.465 24.297 25.908 22.943 25.558 22.666 28.444 26.795 29.298 24.981 20.675 28.634 36.528 38.113 46.966 51.307 64.027 73.242 80.283 88.363 93.420 94.252 107.705 114.151 134.059 156.912 177.719 181.450 187.985 218.747 229.881 259.759 251.206 285.418 301.974 307.802 305.663 291.159 255.935 229.148 169.100 146.203 105.629 93.737 74.638
0.000 0.000 0.000 0.000 0.000 0.000 0.142 10.388 19.826 29.344 37.814 52.507 60.287 65.769 69.089 67.370 65.257 62.769 55.167 51.662 44.003 39.343 36.433 30.168 26.609 25.884 24.250 22.527 26.025 29.406 30.367 27.958 29.502 28.675 26.677 31.762 35.324 38.235 52.075 59.893 75.778 75.761 85.362 87.270 87.469 96.985 105.870 131.542 148.108 164.913 200.909 204.626 209.907 221.120 224.493 239.056 276.235 279.094 279.248 272.323 265.854 226.413 203.865 161.538 120.609 95.830 75.585 63.589
0.000 0.000 0.000 0.000 0.000 0.000 4.434 13.502 19.420 32.383 45.828 58.599 66.904 73.758 71.167 72.622 65.631 59.163 53.534 47.832 48.269 41.690 33.667 28.422 27.467 28.088 25.367 26.042 27.965 29.554 31.616 31.292 29.015 25.695 28.835 31.503 33.102 34.296 42.868 55.931 63.303 71.132 76.929 78.327 88.732 93.585 104.123 119.265 139.196 148.917 196.966 198.326 205.749 218.016 229.089 229.848 254.597 245.456 260.845 265.845 227.060 201.306 183.286 137.366 99.826 81.989 64.693 44.909
0.000 0.000 0.000 0.000 0.000 0.152 4.302 14.064 22.499 38.747 50.551 61.940 70.660 83.605 80.199 70.913 65.303 62.298 52.846 44.269 39.379 35.182 29.958 32.511 29.203 33.371 27.913 31.439 30.321 32.785 32.138 33.957 33.005 28.119 23.556 28.368 27.200 29.279 34.301 43.252 56.162 60.768 66.800 75.279 76.396 81.718 101.721 108.706 119.331 142.007 162.850 182.189 171.436 197.091 199.271 222.774 223.838 211.106 229.676 211.784 208.563 162.609 143.491 112.636 89.437 65.094 43.924 31.732
0.000 0.000 0.000 0.000 0.000 6.907 11.659 18.901 25.572 40.451 53.659 61.795 71.077 74.049 70.989 64.119 61.936 53.680 50.784 39.176 34.175 30.507 34.116 29.970 28.363 30.633 30.820 29.604 33.221 33.425 35.409 36.775 29.577 26.386 21.424 21.729 22.965 24.950 28.876 34.249 42.700 52.519 56.444 60.951 73.597 80.860 90.631 102.074 113.644 123.528 137.600 143.137 156.124 181.194 183.025 183.562 184.669 190.102 161.541 164.216 151.509 143.672 117.178 95.159 71.232 52.589 37.281 22.799
0.000 0.000 0.000 2.758 5.083 7.816 13.700 18.432 27.860 40.273 53.643 63.142 71.478 69.864 69.573 67.650 61.410 49.302 43.202 39.716 31.138 26.619 28.685 29.236 29.216 34.491 33.903 32.417 30.011 31.562 33.384 30.852 25.914 22.347 19.518 18.049 18.390 20.374 23.635 24.526 33.602 43.971 50.688 57.641 64.605 74.922 84.658 86.608 102.106 102.950 106.639 115.368 133.556 148.644 154.380 164.878 158.018 151.527 141.121 149.494 136.512 117.755 101.189 72.915 56.281 38.035 26.706 16.212
0.000 0.000 0.118 2.562 7.494 12.125 16.141 20.619 33.706 42.835 54.945 66.345 69.680 68.190 66.719 64.528 57.779 46.202 35.892 30.498 28.587 25.295 25.317 25.809 32.575 33.872 35.434 35.068 33.633 35.126 31.203 30.398 24.138 21.640 19.996 15.814 16.030 18.098 16.360 20.826 26.144 30.978 40.740 48.490 57.522 64.791 67.166 79.606 82.636 90.442 98.121 103.396 121.469 118.921 133.704 127.911 118.760 122.910 113.638 116.238 116.075 98.384 83.286 62.620 46.524 30.206 17.646 10.273
0.000 0.201 3.002 4.543 9.050 13.561 16.792 22.808 37.157 44.250 55.831 63.116 64.574 67.845 69.972 63.696 52.727 40.343 34.104 27.739 22.555 21.116 24.184 28.818 30.605 34.477 33.980 37.707 33.379 33.048 33.523 30.076 22.777 19.957 17.301 16.325 12.427 14.196 13.931 16.604 16.101 23.070 30.996 41.918 49.547 56.190 62.889 61.250 70.366 74.877 82.614 96.684 103.627 107.567 110.817 106.969 106.412 101.178 98.276 96.432 90.623 79.518 61.192 45.517 31.555 20.891 10.199 2.319
0.000 0.000 5.186 4.268 9.681 13.144 21.324 25.682 34.844 43.693 56.891 60.671 62.258 59.213 60.518 55.364 48.154 39.287 31.202 22.592 18.305 19.649 21.189 26.780 32.149 35.597 33.179 37.696 38.196 32.376 34.275 28.172 23.108 19.387 17.326 13.264 12.680 9.997 8.987 12.537 17.264 18.653 21.405 27.460 36.616 45.136 49.420 55.192 56.203 68.724 73.445 78.294 77.766 87.116 90.619 90.320 94.844 86.690 83.690 74.528 68.099 59.474 51.381 34.919 20.574 15.592 6.178 -999.250
2.128 5.088 7.029 10.230 11.350 16.379 18.666 22.571 31.054 44.061 52.459 53.532 58.814 57.510 50.818 45.501 41.399 34.785 27.952 21.449 20.671 20.362 21.969 25.048 30.738 33.176 34.614 40.156 39.213 35.405 35.477 32.795 22.041 20.796 16.535 9.966 8.060 6.409 7.014 5.378 10.951 14.703 16.590 22.729 25.468 32.782 39.922 42.165 42.319 50.326 55.687 59.971 62.824 69.360 79.513 81.036 70.465 70.680 61.558 65.011 52.407 39.545 32.307 21.045 14.211 3.599 0.000 0.000
9.070 8.771 11.863 13.849 17.414 17.878 20.695 22.668 29.995 33.187 43.912 42.796 44.396 46.530 39.601 37.818 32.472 31.461 24.872 20.518 18.012 17.393 18.693 26.053 27.995 31.155 43.661 40.566 35.737 34.429 35.181 30.141 22.567 23.339 17.325 10.567 5.865 3.088 5.934 2.965 3.318 6.870 10.070 12.342 18.448 20.914 26.868 34.362 38.483 39.337 46.411 51.388 53.497 55.897 60.205 56.425 58.093 52.303 50.677 47.511 33.696 31.306 21.585 14.230 -999.250 -999.250 -999.250 -999.250
15.966 18.359 16.896 16.409 17.607 19.115 21.397 22.399 24.830 29.472 34.765 37.143 35.497 31.406 27.383 25.586 24.848 21.893 19.940 17.277 16.977 16.792 18.050 24.528 25.276 29.045 35.305 39.584 35.479 31.027 35.093 26.927 24.844 20.892 17.124 10.273 4.198 6.278 1.521 0.000 0.000 0.000 0.275 6.968 8.497 16.338 19.135 20.531 30.963 35.476 37.204 39.340 41.707 42.012 46.410 49.305 44.547 40.210 41.434 38.253 28.644 23.686 18.169 8.817 0.000 -999.250 -999.250 -999.250
22.164 23.384 20.115 20.160 18.630 17.587 18.808 18.251 18.030 21.758 24.471 21.199 23.136 22.121 20.775 17.746 16.879 16.345 16.355 14.634 14.175 14.215 15.833 19.951 22.720 28.620 32.731 34.041 33.891 30.859 30.964 29.002 21.980 21.253 17.674 12.181 8.348 2.313 0.000 0.000 0.000 0.000 0.000 1.705 6.942 11.038 14.914 18.699 22.984 25.033 24.216 26.713 31.875 32.223 36.843 35.824 35.507 36.685 32.660 24.810 22.676 17.748 6.296 -999.250 -999.250 -999.250 -999.250 -999.250
33.102 32.806 23.582 22.044 18.569 15.613 16.007 14.987 15.067 14.706 16.446 13.774 14.269 12.662 12.589 11.050 10.082 11.180 11.581 12.287 14.672 12.034 12.689 15.141 18.186 22.809 24.398 28.835 28.646 25.465 22.554 22.340 22.497 18.420 17.092 12.965 8.552 4.316 0.000 0.000 0.000 0.000 0.000 0.000 0.931 6.699 10.330 15.532 17.638 17.994 21.323 20.811 23.832 24.363 29.739 27.006 30.061 26.563 24.001 21.765 17.315 14.598 4.471 -999.250 -999.250 -999.250 -999.250 -999.250
46.422 47.532 34.127 25.007 21.581 13.007 10.501 9.775 10.008 7.741 5.676 6.386 8.600 4.584 3.974 5.118 6.809 6.631 10.230 10.664 12.939 11.780 10.134 12.723 15.613 19.414 22.758 23.868 24.007 22.411 18.389 17.307 18.542 16.300 15.740 10.436 9.280 7.400 2.670 1.000 0.000 0.000 0.000 0.000 0.181 4.887 10.928 13.968 14.497 17.488 17.655 19.039 20.786 20.549 22.148 27.570 27.562 23.263 20.551 17.707 15.524 12.974 -999.250 -999.250 -999.250 -999.250 -999.250 -999.250
64.179 59.729 51.374 37.771 22.845 14.884 7.775 4.272 1.422 0.000 0.000 0.000 0.000 0.014 0.000 0.000 1.127 6.604 8.394 10.812 18.823 12.126 9.931 8.609 12.631 15.825 20.294 24.031 22.286 19.505 15.704 15.646 16.044 16.545 12.119 13.168 8.064 10.315 4.599 5.399 3.695 4.771 2.862 4.466 6.225 9.023 14.088 15.450 18.849 19.768 21.511 19.760 20.024 21.315 21.563 22.821 25.001 22.977 21.422 18.195 -999.250 -999.250 -999.250 -999.250 -999.250 -999.250 -999.250 -999.250
79.989 74.990 64.410 46.763 31.609 18.398 5.516 0.000 0.000 0.000 0.000 0.000 0.000 0.000 0.000 0.000 0.000 2.604 5.125 8.039 11.486 7.897 7.743 8.474 9.934 14.303 21.263 26.623 22.674 17.539 12.379 11.414 7.861 8.416 7.410 7.476 7.255 7.734 9.715 11.064 9.602 9.515 11.473 10.173 12.974 12.566 15.969 17.210 22.043 24.306 27.515 25.708 24.957 23.120 23.957 23.898 28.552 24.309 22.584 19.536 -999.250 -999.250 -999.250 -999.250 -999.250 -999.250 -999.250 -999.250
89.469 84.137 80.428 62.318 44.069 18.811 1.480 0.000 0.000 0.000 0.000 0.000 0.000 0.000 0.000 0.000 0.000 0.000 3.193 4.380 8.183 6.398 4.923 6.339 8.253 12.255 20.633 35.298 21.421 15.141 8.113 3.509 2.535 0.285 1.042 0.917 4.416 8.459 11.395 13.797 16.917 18.507 16.485 19.822 24.475 23.664 23.233 25.051 32.772 35.086 36.401 36.660 34.599 31.816 27.149 -999.250 27.171 26.650 -999.250 -999.250 -999.250 -999.250 -999.250 -999.250 -999.250 -999.250 -999.250 -999.250
109.388 120.017 121.661 90.521 61.722 26.754 3.319 0.000 0.000 0.000 0.000 0.000 0.000 0.000 0.000 0.000 0.000 1.223 3.064 4.025 4.753 4.454 4.438 4.163 7.559 10.377 16.310 19.930 16.552 7.759 1.687 0.000 0.000 0.000 0.000 0.000 4.182 9.109 13.126 17.538 26.575 25.182 29.747 35.087 33.642 37.828 37.736 41.018 39.262 44.951 48.515 41.746 41.212 -999.250 -999.250 -999.250 -999.250 -999.250 -999.250 -999.250 -999.250 -999.250 -999.250 -999.250 -999.250 -999.250 -999.250 -999.250
158.459 168.879 171.805 135.900 87.481 42.093 7.931 0.000 0.000 0.000 0.000 0.000 0.000 0.000 0.000 0.000 0.000 0.000 0.000 0.000 0.797 3.970 0.695 0.000 1.919 7.180 9.261 10.075 7.790 4.476 0.000 0.000 0.000 0.000 0.000 0.000 3.934 12.074 17.784 23.775 33.396 40.494 44.725 47.682 49.418 51.327 54.773 58.554 58.759 56.055 58.953 58.963 -999.250 -999.250 -999.250 -999.250 -999.250 -999.250 -999.250 -999.250 -999.250 -999.250 -999.250 -999.250 -999.250 -999.250 -999.250 -999.250
219.219 234.660 234.437 192.024 117.582 60.550 0.000 0.000 0.000 0.000 0.000 0.000 0.000 0.000 0.000 0.000 0.000 0.000 0.000 0.000 0.000 0.000 0.000 0.482 0.246 2.454 1.831 5.409 1.773 0.000 0.000 0.000 0.000 0.000 0.000 0.285 8.440 15.845 22.735 30.730 50.160 58.505 60.711 61.864 73.684 75.004 73.020 69.305 79.285 72.775 72.276 69.831 -999.250 -999.250 -999.250 -999.250 -999.250 -999.250 -999.250 -999.250 -999.250 -999.250 -999.250 -999.250 -999.250 -999.250 -999.250 -999.250
217.996 266.816 299.627 253.627 163.582 76.459 6.340 0.000 0.000 0.000 0.000 0.000 0.000 0.000 0.000 0.000 0.000 0.000 0.000 0.000 0.000 0.000 0.000 0.000 0.000 0.000 0.000 0.000 0.000 0.000 0.000 0.000 0.000 0.000 0.000 4.427 12.995 18.280 29.926 49.151 61.867 75.797 83.139 85.272 91.320 94.703 97.832 92.864 89.358 100.561 90.335 -999.250 -999.250 -999.250 -999.250 -999.250 -999.250 -999.250 -999.250 -999.250 -999.250 -999.250 -999.250 -999.250 -999.250 -999.250 -999.250 -999.250
230.684 281.552 378.406 277.674 189.909 92.969 30.091 3.309 0.000 0.000 0.000 0.000 0.000 0.000 0.000 0.000 0.000 0.000 0.000 0.000 0.000 0.000 0.000 0.000 0.000 0.000 0.000 0.000 0.000 0.000 0.000 0.000 0.000 0.000 0.000 7.678 15.986 26.047 36.591 59.862 72.740 83.679 103.073 104.211 114.362 110.895 126.385 127.388 119.522 119.573 -999.250 -999.250 -999.250 -999.250 -999.250 -999.250 -999.250 -999.250 -999.250 -999.250 -999.250 -999.250 -999.250 -999.250 -999.250 -999.250 -999.250 -999.250
195.943 241.842 267.217 220.569 139.029 85.502 37.504 10.669 0.000 0.000 3.993 3.954 5.686 0.000 0.000 0.000 0.000 0.000 0.000 0.000 0.000 0.000 0.000 0.000 0.000 0.000 0.000 0.000 0.000 0.000 0.000 0.000 0.000 0.000 0.409 13.872 22.370 34.635 51.626 72.682 95.774 106.333 124.327 129.664 145.236 142.779 146.827 159.036 152.085 145.435 -999.250 -999.250 -999.250 -999.250 -999.250 -999.250 -999.250 -999.250 -999.250 -999.250 -999.250 -999.250 -999.250 -999.250 -999.250 -999.250 -999.250 -999.250
103.271 150.316 168.545 140.989 99.270 60.178 23.714 10.357 1.554 5.451 13.968 17.640 14.181 6.844 0.000 0.000 0.000 0.000 0.727 0.163 0.000 0.000 0.000 0.000 0.000 0.000 0.000 0.000 0.000 0.000 0.000 0.000 0.000 0.000 5.161 18.350 32.297 47.888 65.065 86.023 105.921 133.572 155.464 164.601 174.674 177.228 182.627 191.335 198.172 -999.250 -999.250 -999.250 -999.250 -999.250 -999.250 -999.250 -999.250 -999.250 -999.250 -999.250 -999.250 -999.250 -999.250 -999.250 -999.250 -999.250 -999.250 -999.250
0.000 64.061 89.570 81.320 58.843 20.084 9.934 2.408 3.184 10.097 21.531 34.668 21.671 14.695 8.291 7.950 7.994 11.921 8.063 8.707 2.993 0.000 0.000 0.000 0.000 0.000 0.000 0.000 0.000 0.000 0.000 0.000 0.000 0.000 9.665 24.345 46.426 60.091 78.963 97.581 128.970 156.873 200.721 208.354 203.996 221.466 232.833 242.571 221.862 -999.250 -999.250 -999.250 -999.250 -999.250 -999.250 -999.250 -999.250 -999.250 -999.250 -999.250 -999.250 -999.250 -999.250 -999.250 -999.250 -999.250 -999.250 -999.250
0.000 18.424 36.209 39.388 23.803 10.251 0.000 0.000 4.659 13.806 19.945 26.195 24.650 17.925 17.185 18.325 23.098 25.415 23.269 19.355 14.886 8.284 0.000 0.000 0.000 0.000 0.000 0.000 0.000 0.000 0.000 0.000 4.716 10.138 21.689 38.872 60.670 78.855 89.546 104.537 135.174 168.518 193.925 227.989 244.471 246.312 256.943 275.073 258.052 -999.250 -999.250 -999.250 -999.250 -999.250 -999.250 -999.250 -999.250 -999.250 -999.250 -999.250 -999.250 -999.250 -999.250 -999.250 -999.250 -999.250 -999.250 -999.250
0.000 0.316 13.259 12.474 8.192 0.419 0.000 0.000 4.027 13.740 20.190 26.852 30.956 26.693 28.356 33.571 49.455 51.734 51.531 37.231 32.000 19.901 7.726 0.000 0.000 0.000 0.000 0.000 0.000 1.852 7.791 7.094 12.465 20.152 34.917 54.505 75.742 88.889 110.396 128.646 150.994 200.857 225.471 251.794 267.439 282.351 291.358 294.103 -999.250 -999.250 -999.250 -999.250 -999.250 -999.250 -999.250 -999.250 -999.250 -999.250 -999.250 -999.250 -999.250 -999.250 -999.250 -999.250 -999.250 -999.250 -999.250 -999.250
