data/medianmodel_17-Sep-2020.asc
ncols	141
nrows	288
xllcorner	-120191.398
yllcorner	-301404.813
cellsize	2000.000
NODATA_value	-999.250
[rows 30 to 59 of 288, columns 68 to 135 of 141]
0.000 0.000 0.000 0.000 0.000 0.000 3.078 8.815 12.706 16.521 23.314 32.759 40.034 44.587 44.766 49.909 50.766 44.549 38.612 29.893 21.738 19.971 16.736 12.977 11.991 8.724 7.194 10.602 12.397 14.094 15.607 18.982 19.892 24.560 24.859 33.514 33.850 39.824 47.081 54.709 61.529 75.837 90.145 95.452 99.305 112.074 114.181 134.178 142.918 170.773 200.285 222.095 216.534 268.881 264.672 282.962 288.734 344.685 426.074 447.427 350.653 298.147 243.430 190.937 171.426 144.621 125.849 96.695
0.000 0.000 0.000 0.000 0.000 0.000 0.113 6.861 10.345 18.880 25.850 32.382 41.937 47.207 49.087 48.612 49.260 41.908 34.558 29.029 25.101 17.621 13.376 12.278 10.812 9.363 8.130 9.413 12.558 13.966 15.569 18.177 22.131 28.256 23.912 26.613 35.345 40.611 48.093 58.398 71.974 83.367 88.088 88.717 98.745 109.247 113.965 128.144 141.227 157.538 172.763 193.525 225.594 254.938 276.423 291.500 314.193 359.699 376.837 375.446 318.429 285.851 245.483 201.866 156.669 145.388 104.195 76.966
0.000 0.000 0.000 0.000 0.000 0.000 3.090 8.224 12.842 18.835 26.781 39.154 46.270 46.951 50.007 47.746 44.415 43.190 35.121 30.241 23.572 19.450 11.695 11.492 11.472 8.345 7.704 10.406 10.755 15.311 17.822 19.118 23.160 24.439 28.154 27.754 34.689 38.839 51.057 60.546 73.626 80.490 82.233 90.975 103.428 108.198 109.641 134.191 144.130 152.500 170.358 210.626 205.312 220.375 276.085 295.981 302.542 324.920 332.750 308.261 299.238 274.914 207.258 179.595 150.664 120.778 99.234 71.540
0.000 0.000 0.000 0.000 0.000 0.000 0.000 5.856 12.295 21.131 27.366 41.102 47.619 54.099 54.161 50.749 43.374 42.469 35.885 25.372 23.479 17.748 15.276 13.055 10.630 8.903 7.732 9.066 14.834 16.749 18.693 22.106 20.795 21.177 26.186 27.708 31.887 39.936 47.995 64.143 82.667 76.471 79.807 87.493 93.258 99.142 102.772 117.840 131.342 151.277 156.689 163.562 172.344 227.901 260.525 274.084 283.472 290.504 287.529 290.789 259.003 225.837 187.574 165.739 121.107 108.108 77.471 61.620
0.000 0.000 0.000 0.000 0.000 0.000 1.010 6.595 14.229 20.526 27.969 40.211 49.169 58.068 56.697 49.287 47.207 42.884 39.894 24.015 22.262 17.846 15.160 14.944 11.716 12.863 14.204 13.224 15.803 19.648 21.975 24.054 24.418 24.090 23.633 27.332 34.521 38.665 49.632 58.803 69.897 75.603 75.418 82.390 88.598 95.345 102.788 109.746 134.514 143.341 151.062 144.041 156.111 189.217 231.708 265.960 260.072 257.837 231.074 253.250 221.240 198.732 164.748 132.590 115.464 92.973 66.894 43.024
0.000 0.000 0.000 0.000 0.000 0.000 2.192 7.072 15.015 19.818 31.199 44.612 52.042 66.884 58.848 50.585 43.550 40.758 31.097 26.312 23.994 19.336 16.235 14.532 13.102 13.303 15.814 14.911 18.538 20.902 27.112 29.984 27.346 24.660 24.103 24.622 28.687 36.073 44.134 53.155 57.061 64.245 66.160 70.057 78.070 86.561 99.394 107.676 124.539 144.892 171.896 158.219 164.763 166.919 183.082 213.996 207.695 215.236 216.891 189.346 177.169 155.744 137.275 109.145 93.030 69.323 43.924 27.388
0.000 0.000 0.000 0.000 0.000 0.180 7.179 8.734 17.252 22.406 35.012 44.816 52.149 57.935 55.437 50.954 42.903 35.841 28.654 24.793 20.496 18.098 17.430 16.783 14.253 15.787 16.852 17.160 17.075 23.003 30.999 36.775 31.447 27.203 20.593 23.502 26.393 31.745 39.172 44.223 47.148 53.855 60.323 61.852 71.711 88.755 101.296 108.041 111.359 125.943 134.268 134.593 147.126 148.181 163.192 192.521 193.960 182.905 198.153 163.090 146.463 143.068 118.611 93.714 71.141 55.479 36.144 21.428
0.000 0.000 0.000 0.000 0.497 2.470 8.746 13.139 15.936 22.299 36.824 42.972 48.334 50.801 52.878 45.958 38.565 33.065 26.898 22.971 22.386 18.966 18.496 16.144 15.934 18.632 15.774 17.092 19.216 22.751 27.726 30.221 28.587 25.040 21.025 21.118 22.857 25.474 26.805 39.238 45.023 45.650 50.581 57.689 65.129 70.648 81.043 94.043 101.498 114.306 109.048 122.468 131.675 132.684 150.448 174.636 171.540 172.664 142.002 127.580 122.426 110.029 95.743 80.513 61.877 42.541 25.465 15.894
0.000 0.000 0.000 0.000 0.000 3.872 8.390 12.634 18.743 26.859 39.650 45.052 51.119 54.318 47.653 42.434 38.734 30.464 26.186 21.690 18.188 15.688 16.165 17.623 19.512 18.323 19.469 18.774 21.816 22.727 24.639 25.639 27.894 21.326 22.061 18.269 20.787 20.902 24.187 26.378 33.995 40.075 44.414 51.677 53.477 64.618 67.103 82.401 96.621 93.734 107.536 119.071 119.155 120.867 126.522 139.327 138.440 123.513 125.980 111.888 102.686 91.194 79.442 62.572 46.501 33.344 19.116 9.270
0.000 0.000 0.000 0.000 1.074 5.692 7.091 16.319 21.710 33.661 41.404 46.222 47.600 50.340 46.306 43.452 40.779 33.168 22.462 20.549 17.637 17.472 16.209 18.819 19.183 21.494 21.304 22.631 23.932 22.892 28.726 23.361 22.581 21.741 19.255 17.105 17.988 17.648 19.640 19.871 22.042 22.285 40.697 41.330 49.258 55.515 61.790 73.200 86.343 89.926 98.255 98.198 100.803 100.297 99.719 111.494 115.657 111.381 97.804 92.387 77.873 74.167 62.387 49.798 32.427 21.409 12.008 0.000
0.000 0.000 0.000 0.012 3.127 8.096 11.751 17.939 25.727 35.731 40.374 43.535 49.292 46.573 45.106 41.979 36.721 30.532 23.832 20.378 18.305 16.649 17.398 19.240 21.548 25.457 25.139 24.603 31.232 28.687 28.126 21.951 20.718 19.299 17.730 15.577 15.503 12.386 15.337 15.946 19.179 21.522 23.556 26.848 38.107 45.378 50.318 56.206 68.094 77.909 88.531 83.209 95.098 96.539 97.980 88.658 94.107 84.749 75.706 74.828 64.337 56.526 47.508 30.709 22.983 12.166 5.652 -999.250
0.000 4.252 4.991 6.490 8.440 12.064 14.734 19.703 28.446 38.285 40.427 43.674 44.524 40.412 40.366 39.307 36.495 29.389 22.420 19.294 20.191 18.550 18.817 19.231 23.706 24.198 29.381 30.187 27.508 28.879 29.085 24.820 21.480 17.732 15.477 10.494 10.751 7.632 7.697 11.153 10.749 13.090 15.980 18.259 22.296 31.265 37.578 44.877 54.738 61.486 64.803 71.624 80.671 78.836 81.370 75.679 77.568 65.660 56.949 54.191 48.340 41.363 28.976 20.722 15.185 7.151 0.000 0.000
7.364 8.200 11.399 11.092 15.632 15.993 17.459 19.924 24.294 33.324 37.508 38.445 40.526 37.526 37.776 38.312 32.950 28.467 22.037 20.847 17.099 17.374 17.879 21.386 21.735 22.926 25.663 27.026 23.107 24.000 21.634 21.151 20.714 16.752 13.283 8.802 8.107 6.889 6.360 5.790 3.583 6.517 8.423 11.883 18.196 20.832 23.214 34.553 40.676 52.636 55.871 58.606 62.279 60.843 61.762 58.706 56.328 53.753 51.076 48.625 35.396 26.449 21.228 13.201 -999.250 -999.250 -999.250 -999.250
10.832 15.050 16.569 17.921 17.395 17.790 19.292 19.204 21.927 25.341 26.938 30.317 32.371 32.136 30.102 32.191 23.838 22.642 20.015 18.779 20.259 17.142 18.926 18.198 18.042 19.719 23.002 21.027 23.252 21.268 20.640 19.233 19.992 16.223 12.355 7.546 4.525 1.914 0.501 0.000 0.000 0.000 0.227 6.482 7.589 13.275 17.723 21.329 28.886 36.111 36.800 41.661 50.045 46.625 48.116 46.038 42.894 39.273 37.186 34.766 29.343 20.425 14.105 9.512 0.000 -999.250 -999.250 -999.250
19.291 22.826 24.012 22.699 20.970 19.045 18.533 18.706 18.099 21.788 20.883 23.632 21.567 23.415 20.313 20.641 16.956 16.379 17.479 16.307 16.847 16.400 15.215 16.137 15.450 15.357 17.066 16.417 19.404 18.530 17.913 16.645 17.311 13.028 11.373 7.579 3.612 1.736 0.000 0.000 0.000 0.000 0.000 0.000 3.269 7.017 9.416 13.156 18.970 21.922 22.881 28.111 34.267 32.383 31.699 30.861 31.506 25.329 22.620 20.601 17.851 12.796 7.680 -999.250 -999.250 -999.250 -999.250 -999.250
27.721 29.129 28.297 27.240 20.849 19.039 16.771 15.277 14.552 15.210 14.412 14.478 12.401 14.700 12.977 11.437 10.744 11.613 11.147 13.031 12.324 11.345 11.053 9.348 10.315 14.134 12.689 13.571 16.042 13.714 13.560 10.112 9.646 9.145 8.392 8.583 4.883 1.521 0.000 0.000 0.000 0.000 0.000 0.000 0.000 0.309 4.938 7.403 10.101 12.037 15.215 19.024 23.832 21.318 19.908 20.345 18.571 14.920 13.490 14.633 8.584 2.928 0.000 -999.250 -999.250 -999.250 -999.250 -999.250
44.081 39.610 37.378 32.855 24.531 18.187 11.485 9.504 10.008 8.158 6.876 4.011 3.785 4.447 3.881 2.129 4.246 4.837 8.726 12.521 13.309 10.773 7.966 5.051 5.306 6.102 8.686 6.144 8.739 7.026 8.482 5.438 4.945 4.502 3.462 6.238 3.929 0.377 0.000 0.000 0.000 0.000 0.000 0.000 0.000 0.000 0.000 0.661 0.645 4.752 7.636 8.768 13.028 11.715 10.884 9.968 11.380 11.169 7.709 7.484 5.713 0.000 -999.250 -999.250 -999.250 -999.250 -999.250 -999.250
52.809 52.112 43.881 39.877 26.612 18.507 7.149 2.010 0.914 0.000 0.000 0.000 0.000 0.000 0.000 0.000 0.000 3.633 5.270 10.837 18.823 10.856 4.339 0.000 0.000 0.000 2.376 4.539 4.009 0.343 1.458 0.000 0.000 0.000 0.000 1.674 5.083 5.295 0.112 0.000 0.000 0.000 0.000 0.000 0.000 0.000 0.000 0.000 0.000 0.000 0.667 3.622 3.751 4.151 1.054 5.903 3.501 1.502 2.917 3.856 -999.250 -999.250 -999.250 -999.250 -999.250 -999.250 -999.250 -999.250
69.211 65.389 59.451 47.979 30.099 16.428 5.913 0.000 0.000 0.000 0.000 0.000 0.000 0.000 0.000 0.000 0.000 0.276 2.934 7.803 8.893 4.605 0.410 0.000 0.000 0.000 0.000 0.000 0.000 0.000 0.000 0.000 0.000 0.000 0.000 0.000 3.310 4.875 5.599 2.016 0.000 0.000 0.000 0.000 0.000 0.000 0.000 0.000 0.000 0.000 0.000 0.000 0.000 0.000 0.000 0.000 0.000 0.000 0.000 0.000 -999.250 -999.250 -999.250 -999.250 -999.250 -999.250 -999.250 -999.250
89.480 88.980 74.891 61.446 41.878 21.232 7.956 0.000 0.000 0.000 0.000 0.000 0.000 0.000 0.000 0.000 0.000 0.000 2.085 3.017 1.425 1.325 0.000 0.000 0.000 0.000 0.000 0.000 0.000 0.000 0.000 0.000 0.000 0.000 0.000 0.000 3.658 5.869 8.143 7.779 3.770 0.000 0.000 0.000 0.000 0.000 0.000 0.000 0.000 0.000 0.000 0.000 0.000 0.000 0.000 -999.250 0.000 0.000 -999.250 -999.250 -999.250 -999.250 -999.250 -999.250 -999.250 -999.250 -999.250 -999.250
115.978 116.865 109.822 96.898 63.750 32.624 6.581 0.000 0.000 0.000 0.000 0.000 0.000 0.000 0.000 0.000 0.000 0.000 0.000 1.568 0.432 0.000 0.000 0.000 0.000 0.000 0.000 0.000 0.000 0.000 0.000 0.000 0.000 0.000 0.000 0.084 6.697 10.036 10.825 12.243 8.673 4.428 1.529 0.000 0.000 0.000 0.000 0.000 0.000 0.000 0.000 0.000 0.000 -999.250 -999.250 -999.250 -999.250 -999.250 -999.250 -999.250 -999.250 -999.250 -999.250 -999.250 -999.250 -999.250 -999.250 -999.250
146.579 149.894 147.491 128.010 95.780 44.689 6.926 0.000 0.000 0.000 0.000 0.000 0.000 0.000 0.000 0.000 0.000 0.308 0.000 0.000 0.000 0.000 0.000 0.000 0.000 0.000 0.000 0.000 0.000 0.000 0.000 0.000 0.000 0.000 0.000 6.274 10.124 12.142 14.108 16.408 17.339 12.965 8.903 6.370 3.621 0.131 0.000 0.000 0.000 0.000 0.000 0.000 -999.250 -999.250 -999.250 -999.250 -999.250 -999.250 -999.250 -999.250 -999.250 -999.250 -999.250 -999.250 -999.250 -999.250 -999.250 -999.250
180.625 212.410 205.558 174.979 121.993 59.245 0.000 0.000 0.000 0.000 0.000 0.000 0.000 0.000 0.000 0.000 0.000 0.000 0.000 0.000 0.000 0.000 0.000 0.000 0.000 0.000 0.000 0.000 0.000 0.000 0.000 0.000 0.000 0.000 2.899 8.654 14.305 15.546 18.773 20.543 19.902 18.480 15.156 14.475 11.721 6.903 2.473 0.000 0.000 0.000 0.000 0.000 -999.250 -999.250 -999.250 -999.250 -999.250 -999.250 -999.250 -999.250 -999.250 -999.250 -999.250 -999.250 -999.250 -999.250 -999.250 -999.250
209.446 273.268 284.968 266.997 164.260 78.053 6.340 0.000 0.000 0.000 0.000 0.000 0.000 0.000 0.000 0.000 0.000 0.000 0.000 0.000 0.000 0.000 0.000 0.000 0.000 0.000 0.000 0.000 0.000 0.000 0.000 0.000 0.000 0.000 0.928 11.861 25.991 21.590 25.341 23.514 24.992 29.117 26.367 21.388 18.728 10.994 8.652 4.048 1.356 4.135 0.786 -999.250 -999.250 -999.250 -999.250 -999.250 -999.250 -999.250 -999.250 -999.250 -999.250 -999.250 -999.250 -999.250 -999.250 -999.250 -999.250 -999.250
229.983 291.346 378.406 298.695 196.506 96.585 32.037 3.613 0.000 0.000 0.000 0.000 0.000 0.000 0.000 0.000 0.000 0.000 0.000 0.000 0.000 0.000 0.000 0.000 0.000 0.000 0.000 0.000 0.000 0.000 0.000 0.000 0.000 0.000 1.691 10.680 19.360 24.685 28.817 30.735 39.314 37.659 37.683 40.723 29.548 20.312 16.974 14.014 9.502 9.164 -999.250 -999.250 -999.250 -999.250 -999.250 -999.250 -999.250 -999.250 -999.250 -999.250 -999.250 -999.250 -999.250 -999.250 -999.250 -999.250 -999.250 -999.250
168.306 248.171 272.311 226.158 154.479 87.778 38.221 10.510 0.000 0.000 2.276 5.289 4.403 0.000 0.000 0.000 0.000 0.000 0.000 0.000 0.000 0.000 0.000 0.000 0.000 0.000 0.000 0.000 0.000 0.000 0.000 0.000 0.000 0.000 1.196 9.723 17.584 25.152 30.996 38.626 48.298 51.633 51.763 54.432 44.946 37.407 32.573 21.915 21.064 20.471 -999.250 -999.250 -999.250 -999.250 -999.250 -999.250 -999.250 -999.250 -999.250 -999.250 -999.250 -999.250 -999.250 -999.250 -999.250 -999.250 -999.250 -999.250
102.119 133.177 149.007 144.093 104.035 57.013 21.815 9.276 1.442 5.748 10.745 17.845 12.921 5.817 0.092 0.000 0.000 0.000 0.000 0.000 0.000 0.000 0.000 0.000 0.000 0.000 0.000 0.000 0.000 0.000 0.000 0.000 0.000 0.000 5.436 15.762 21.685 38.320 38.045 49.749 55.358 67.959 73.470 65.909 58.602 53.130 47.170 40.311 40.862 -999.250 -999.250 -999.250 -999.250 -999.250 -999.250 -999.250 -999.250 -999.250 -999.250 -999.250 -999.250 -999.250 -999.250 -999.250 -999.250 -999.250 -999.250 -999.250
0.000 54.557 79.612 79.601 50.767 12.051 6.327 0.000 3.376 11.124 18.840 34.668 20.826 12.385 6.686 5.682 6.771 5.723 4.436 2.732 0.000 0.000 0.000 0.000 0.000 0.000 0.000 0.000 0.000 0.000 0.000 0.000 0.000 0.000 7.119 18.231 32.630 45.108 49.180 63.552 75.036 89.999 89.201 83.858 82.127 77.218 69.985 60.643 55.761 -999.250 -999.250 -999.250 -999.250 -999.250 -999.250 -999.250 -999.250 -999.250 -999.250 -999.250 -999.250 -999.250 -999.250 -999.250 -999.250 -999.250 -999.250 -999.250
0.000 17.167 34.640 34.631 20.243 1.238 0.000 0.000 1.532 10.785 18.670 23.439 21.662 17.776 14.431 14.412 18.331 18.107 17.604 12.469 5.001 0.000 0.000 0.000 0.000 0.000 0.000 0.000 0.000 0.000 0.000 0.000 0.000 5.933 13.398 26.332 43.283 53.973 64.287 78.362 87.733 95.576 104.341 105.918 112.907 105.270 94.668 87.541 79.845 -999.250 -999.250 -999.250 -999.250 -999.250 -999.250 -999.250 -999.250 -999.250 -999.250 -999.250 -999.250 -999.250 -999.250 -999.250 -999.250 -999.250 -999.250 -999.250
0.000 0.000 9.206 8.759 1.992 0.000 0.000 0.000 1.732 10.707 17.507 19.522 22.815 23.201 24.809 32.740 38.793 42.927 39.682 28.334 14.814 3.965 0.000 0.000 0.000 0.000 0.000 0.000 0.000 0.000 0.000 1.824 8.276 14.069 20.411 40.317 49.888 69.471 78.977 93.472 102.568 112.605 137.742 134.356 144.614 132.513 131.667 105.752 -999.250 -999.250 -999.250 -999.250 -999.250 -999.250 -999.250 -999.250 -999.250 -999.250 -999.250 -999.250 -999.250 -999.250 -999.250 -999.250 -999.250 -999.250 -999.250 -999.250
