data/medianmodel_12-Jul-2020.asc
ncols	141
nrows	288
xllcorner	-120191.398
yllcorner	-301404.813
cellsize	2000.000
NODATA_value	-999.250
[rows 186 to 216 of 288, columns 0 to 68 of 141]
98.532 124.016 119.777 127.775 126.615 121.039 124.556 140.503 153.600 174.501 167.200 160.973 161.664 158.019 144.871 131.419 126.720 120.457 -999.250 -999.250 -999.250 -999.250 -999.250 52.344 39.842 49.355 43.765 38.501 40.545 34.765 37.546 27.893 26.788 22.533 21.800 25.924 23.479 22.677 20.083 17.192 13.113 9.145 8.614 6.743 4.809 5.426 3.586 1.037 3.084 2.520 3.073 5.501 3.356 4.385 4.476 5.206 4.090 5.154 4.936 3.314 3.460 3.402 1.880 0.866 0.000 0.000 0.000 0.000 0.000
-999.250 116.852 108.052 113.361 118.463 119.068 120.907 131.989 143.502 158.393 160.161 168.057 188.478 166.227 152.644 136.444 128.979 107.389 -999.250 -999.250 -999.250 -999.250 55.890 48.843 38.573 33.627 28.065 22.787 25.520 30.233 30.887 26.150 24.319 20.077 19.399 23.430 23.275 18.020 18.338 14.444 15.961 11.585 8.025 6.115 3.189 2.092 0.835 0.000 0.972 1.888 2.907 2.344 1.911 2.990 3.582 2.925 4.148 4.226 4.885 4.195 2.534 2.343 2.699 0.000 0.000 0.000 0.000 0.000 0.000
-999.250 119.946 121.638 119.345 122.719 125.789 120.558 124.582 131.656 140.194 141.392 149.652 161.851 146.194 137.248 129.928 113.998 97.246 -999.250 -999.250 -999.250 63.691 -999.250 37.532 31.362 26.069 21.315 20.981 19.560 20.117 18.819 17.914 19.404 15.813 18.016 18.387 19.963 18.021 17.408 16.078 14.277 11.855 8.864 5.653 4.198 0.774 0.294 0.000 0.336 0.014 0.220 1.470 1.379 2.867 3.042 3.448 2.610 2.692 1.431 1.078 2.245 1.201 0.368 2.150 0.000 0.000 0.000 0.000 0.000
-999.250 118.476 121.131 122.126 123.911 121.298 121.514 119.556 122.319 136.660 134.370 137.853 137.288 140.402 127.907 119.836 110.471 -999.250 -999.250 -999.250 -999.250 45.905 39.874 34.259 26.067 21.570 19.475 16.919 16.330 16.511 15.647 15.189 16.451 13.092 13.635 15.570 19.146 16.748 14.746 12.802 9.801 11.016 8.425 3.938 1.557 0.713 0.000 0.000 0.000 0.000 0.339 0.000 0.824 2.981 0.092 1.888 2.131 0.944 1.411 1.696 1.321 2.013 1.033 0.008 0.000 0.000 0.000 0.000 0.000
-999.250 122.565 131.150 127.336 126.727 119.503 110.310 114.307 118.460 116.765 117.893 122.881 124.529 119.302 108.776 110.702 100.410 -999.250 -999.250 -999.250 59.394 53.050 45.128 34.007 23.495 20.454 16.619 18.015 20.215 14.514 12.965 13.692 11.976 14.688 15.067 15.497 15.387 13.310 11.582 10.687 9.409 8.169 5.379 2.348 0.000 0.000 0.000 0.000 0.000 0.000 0.079 0.648 0.214 1.534 2.149 3.788 4.085 1.737 2.373 2.245 3.292 3.357 1.052 1.146 2.023 0.443 0.422 0.530 0.971
-999.250 -999.250 -999.250 131.936 -999.250 -999.250 98.845 109.984 104.696 -999.250 -999.250 -999.250 102.158 100.549 -999.250 -999.250 -999.250 -999.250 -999.250 -999.250 67.381 58.517 44.850 38.354 27.724 19.555 15.822 15.143 14.456 12.695 11.513 9.907 9.956 11.699 11.559 15.856 17.062 15.026 11.613 11.770 7.423 5.648 3.924 1.444 0.000 0.000 0.000 0.000 0.000 0.000 0.000 0.000 0.282 0.000 1.394 2.327 3.204 3.337 4.024 3.708 3.174 2.371 1.959 2.952 2.084 3.889 4.312 3.096 4.904
-999.250 -999.250 -999.250 -999.250 -999.250 -999.250 -999.250 -999.250 -999.250 -999.250 -999.250 -999.250 -999.250 82.118 103.196 77.035 -999.250 -999.250 -999.250 76.224 70.235 73.485 57.184 48.453 27.886 24.512 18.760 15.192 11.476 11.436 9.492 7.318 9.868 9.456 12.029 12.985 11.936 11.656 11.981 10.644 6.927 3.335 1.930 0.000 0.000 0.000 0.000 0.000 0.000 0.000 0.000 0.000 1.640 0.930 3.020 3.597 5.026 4.715 3.986 4.579 3.278 4.001 1.153 4.926 5.453 4.768 5.821 5.749 6.636
-999.250 -999.250 -999.250 -999.250 -999.250 -999.250 -999.250 -999.250 -999.250 -999.250 -999.250 69.386 67.865 67.939 64.005 70.990 -999.250 -999.250 71.488 79.844 80.354 86.793 79.061 60.037 43.329 29.769 22.174 17.464 14.221 11.419 9.942 6.168 7.372 9.127 8.637 10.723 12.473 10.777 9.701 6.931 6.225 3.369 1.045 0.000 0.000 0.000 0.000 0.000 0.000 0.000 0.000 0.000 1.634 1.634 2.323 3.238 6.391 4.817 3.837 3.588 3.387 5.113 4.895 5.824 6.282 7.297 8.834 8.707 10.807
-999.250 -999.250 -999.250 -999.250 -999.250 -999.250 -999.250 -999.250 -999.250 -999.250 -999.250 56.310 56.045 64.727 68.908 65.987 66.357 69.612 64.860 66.728 86.805 111.789 87.733 69.731 61.315 36.754 32.675 22.655 16.425 12.356 11.419 9.239 7.203 9.337 10.084 8.761 9.308 7.457 7.282 7.235 6.124 3.926 2.161 0.000 0.000 0.000 0.000 0.000 0.000 0.000 0.000 0.000 0.000 0.745 3.297 3.233 5.465 4.865 4.843 5.953 5.825 4.698 5.410 5.899 8.126 9.215 8.919 9.299 11.304
-999.250 -999.250 -999.250 -999.250 -999.250 -999.250 -999.250 -999.250 -999.250 -999.250 -999.250 -999.250 52.080 56.718 64.035 78.664 79.284 67.322 68.016 68.390 83.097 92.020 79.832 63.957 57.284 36.428 30.535 24.192 18.764 13.531 11.444 9.232 7.659 8.235 6.680 10.107 9.801 6.149 6.920 4.779 5.441 1.429 0.597 0.000 0.000 0.000 0.000 0.000 0.000 0.000 0.000 0.000 0.000 0.000 2.883 4.507 4.747 5.074 5.121 6.227 5.424 5.905 6.388 7.905 10.633 10.482 9.142 11.659 14.758
-999.250 -999.250 -999.250 -999.250 -999.250 -999.250 -999.250 -999.250 -999.250 -999.250 -999.250 -999.250 -999.250 55.747 49.587 50.722 63.657 65.018 57.312 61.472 65.644 81.667 64.594 58.952 50.206 38.020 34.764 29.316 22.575 19.183 16.011 13.093 9.879 8.546 8.973 7.335 5.824 7.690 6.208 6.069 2.885 3.000 0.009 0.000 0.000 0.000 0.000 0.000 0.000 0.000 0.000 0.000 0.018 3.179 4.180 6.318 4.811 5.569 7.255 7.733 6.210 5.718 6.874 8.159 10.304 11.756 10.993 14.545 16.747
-999.250 -999.250 -999.250 -999.250 -999.250 -999.250 -999.250 -999.250 -999.250 -999.250 -999.250 -999.250 -999.250 44.121 47.128 46.527 55.630 49.627 50.768 51.376 56.767 53.159 53.145 43.193 48.067 42.727 43.352 36.639 24.420 21.657 18.892 11.854 11.311 10.680 8.915 10.254 7.718 9.676 8.169 6.755 4.419 2.767 1.834 0.000 0.000 0.000 0.057 0.206 0.000 0.187 0.000 0.000 1.660 2.152 4.282 3.982 4.896 5.011 5.898 7.025 7.036 6.468 5.634 6.771 11.121 12.913 14.372 15.297 19.182
-999.250 -999.250 -999.250 -999.250 -999.250 -999.250 -999.250 -999.250 -999.250 -999.250 -999.250 -999.250 -999.250 42.291 36.299 40.900 42.279 47.484 43.372 44.079 47.251 44.189 47.936 40.737 42.970 44.295 42.817 35.091 30.046 26.810 20.278 13.717 11.236 11.523 12.277 10.086 9.198 10.426 8.355 4.469 4.911 4.243 0.858 1.192 0.669 1.151 3.493 2.227 1.276 0.951 2.111 0.403 1.983 3.014 2.708 1.935 3.114 5.255 6.820 9.452 8.142 6.268 6.970 8.166 9.039 12.640 13.584 15.780 22.611
-999.250 -999.250 -999.250 -999.250 -999.250 -999.250 -999.250 -999.250 -999.250 -999.250 -999.250 -999.250 -999.250 -999.250 35.152 31.842 32.588 41.822 42.423 40.675 39.050 40.015 42.884 42.142 47.849 51.955 38.742 36.283 34.921 30.912 22.129 17.718 14.572 12.512 10.932 10.140 9.239 10.545 7.007 5.063 3.994 4.571 3.689 5.417 4.070 3.388 4.843 4.844 5.222 2.764 3.428 2.284 4.993 3.630 3.678 3.523 4.337 6.894 5.422 10.288 8.723 7.997 8.379 8.688 9.891 15.437 16.301 16.244 23.325
-999.250 -999.250 -999.250 -999.250 -999.250 -999.250 -999.250 -999.250 -999.250 -999.250 -999.250 -999.250 -999.250 -999.250 40.113 33.115 23.745 30.677 33.314 34.180 38.688 40.574 44.662 31.859 41.906 34.105 37.208 38.247 46.036 31.306 25.744 17.060 15.659 15.571 12.879 12.372 11.251 10.623 8.439 6.100 4.817 2.689 5.743 4.476 3.525 4.750 7.653 6.196 5.051 5.428 3.288 5.280 2.731 4.230 4.376 4.524 6.316 7.362 6.923 7.377 9.113 8.251 8.097 10.629 11.032 13.667 13.887 17.715 20.069
-999.250 -999.250 -999.250 -999.250 -999.250 -999.250 -999.250 -999.250 -999.250 -999.250 -999.250 -999.250 -999.250 -999.250 35.811 27.620 32.152 34.495 33.902 37.364 40.208 42.871 37.192 33.003 38.793 32.299 32.089 31.086 34.540 28.815 27.724 23.913 19.223 15.642 14.955 15.659 12.879 12.642 10.161 8.508 6.096 6.589 5.239 4.705 5.894 5.862 7.605 6.657 7.053 6.624 6.764 5.047 4.934 3.398 4.449 5.081 5.552 5.387 6.424 5.217 4.213 5.071 9.013 8.790 9.479 9.581 13.209 15.013 15.786
-999.250 -999.250 -999.250 -999.250 -999.250 -999.250 -999.250 -999.250 -999.250 -999.250 -999.250 -999.250 -999.250 -999.250 36.315 29.306 33.244 33.573 27.411 36.867 35.560 45.316 39.045 38.252 27.963 -999.250 23.777 31.480 29.188 24.663 24.061 20.538 14.815 18.788 16.877 14.199 14.362 12.028 8.464 6.688 8.432 7.141 6.817 4.306 6.204 4.776 7.547 6.462 7.399 7.870 8.562 5.685 4.122 5.150 5.394 5.599 4.783 3.387 3.907 4.237 5.174 5.262 7.082 7.448 10.226 10.886 9.695 11.053 15.768
-999.250 -999.250 -999.250 -999.250 -999.250 -999.250 -999.250 -999.250 -999.250 -999.250 -999.250 -999.250 -999.250 -999.250 26.170 33.060 31.925 31.947 33.356 26.492 28.129 28.617 29.363 -999.250 -999.250 -999.250 22.651 24.929 25.546 26.007 20.328 28.003 19.168 15.297 20.349 14.035 12.562 12.444 8.768 6.432 9.779 8.724 7.651 6.275 7.377 5.139 6.739 9.724 7.308 6.353 6.864 6.495 3.987 4.510 4.849 4.477 5.730 3.856 4.101 4.797 4.029 5.336 6.481 7.295 7.923 8.911 10.228 11.549 15.179
-999.250 -999.250 -999.250 -999.250 -999.250 -999.250 -999.250 -999.250 -999.250 -999.250 -999.250 -999.250 -999.250 25.287 29.958 28.932 27.712 29.815 27.023 22.498 25.789 22.971 -999.250 -999.250 -999.250 -999.250 -999.250 21.538 22.121 22.627 23.120 20.540 23.178 20.777 18.999 16.024 12.291 10.237 9.638 9.092 9.314 8.612 8.747 6.541 6.504 6.939 7.217 7.241 7.284 6.664 6.595 4.890 6.437 3.980 4.051 4.532 5.113 3.397 3.867 3.650 3.484 5.459 5.395 7.423 7.152 7.483 10.481 13.753 12.582
-999.250 -999.250 -999.250 -999.250 -999.250 -999.250 -999.250 -999.250 -999.250 -999.250 -999.250 -999.250 -999.250 29.970 30.723 28.341 28.474 23.535 26.840 23.798 -999.250 -999.250 -999.250 -999.250 -999.250 -999.250 -999.250 -999.250 19.558 20.132 17.208 19.792 19.820 17.124 12.133 12.368 13.732 13.133 12.215 12.403 11.187 9.438 9.315 5.365 5.906 5.599 5.630 8.048 6.308 4.998 5.320 4.180 5.815 3.453 3.731 4.205 5.221 2.873 5.190 3.262 3.349 4.209 4.568 5.438 6.036 6.167 7.267 9.026 10.441
-999.250 -999.250 -999.250 -999.250 -999.250 -999.250 -999.250 -999.250 -999.250 -999.250 -999.250 -999.250 34.003 37.616 -999.250 -999.250 -999.250 -999.250 -999.250 -999.250 -999.250 -999.250 -999.250 -999.250 -999.250 -999.250 -999.250 -999.250 -999.250 17.034 19.483 19.881 17.507 17.374 10.935 13.793 14.520 11.912 13.324 12.267 10.695 11.284 8.300 9.635 7.161 5.828 5.299 6.290 5.566 5.033 2.777 3.018 4.486 4.080 3.165 2.793 3.085 2.712 3.848 4.952 2.203 2.780 4.435 3.071 6.811 5.398 8.144 6.985 10.922
-999.250 -999.250 -999.250 -999.250 -999.250 -999.250 -999.250 -999.250 -999.250 -999.250 -999.250 -999.250 -999.250 -999.250 -999.250 -999.250 -999.250 -999.250 -999.250 -999.250 -999.250 -999.250 -999.250 -999.250 -999.250 -999.250 -999.250 -999.250 -999.250 -999.250 14.690 17.124 14.705 11.398 11.577 12.346 12.431 13.635 13.069 14.529 11.055 10.135 9.782 10.399 7.496 6.745 5.558 4.851 5.339 4.651 3.866 3.106 4.513 3.794 4.727 4.498 3.631 2.942 1.838 1.452 1.970 2.573 3.960 2.436 3.233 4.332 5.476 5.957 4.803
-999.250 -999.250 -999.250 -999.250 -999.250 -999.250 -999.250 -999.250 -999.250 -999.250 -999.250 -999.250 -999.250 -999.250 -999.250 -999.250 -999.250 -999.250 -999.250 -999.250 -999.250 -999.250 -999.250 -999.250 -999.250 -999.250 -999.250 -999.250 -999.250 -999.250 12.172 11.664 14.633 15.745 12.587 12.412 11.556 12.288 12.856 12.920 12.368 10.000 10.114 7.970 9.049 7.137 6.258 5.758 4.913 4.707 4.598 1.742 5.377 3.431 3.095 3.096 1.986 2.811 0.924 0.929 0.897 1.914 1.929 0.518 1.246 4.540 4.079 4.391 5.554
-999.250 -999.250 -999.250 -999.250 -999.250 -999.250 -999.250 -999.250 -999.250 -999.250 -999.250 -999.250 -999.250 -999.250 -999.250 -999.250 -999.250 -999.250 -999.250 -999.250 -999.250 -999.250 -999.250 -999.250 -999.250 -999.250 -999.250 -999.250 -999.250 -999.250 13.155 12.242 11.937 13.157 17.339 12.156 12.182 12.680 11.295 14.712 13.883 13.416 11.668 9.104 10.339 7.674 8.128 5.237 4.822 5.606 5.453 4.212 5.249 3.529 3.308 1.321 1.006 0.696 0.000 0.641 0.000 0.188 0.039 0.000 0.000 0.031 2.373 2.794 3.010
-999.250 -999.250 -999.250 -999.250 -999.250 -999.250 -999.250 -999.250 -999.250 -999.250 -999.250 -999.250 -999.250 -999.250 -999.250 -999.250 -999.250 -999.250 -999.250 -999.250 -999.250 -999.250 -999.250 -999.250 -999.250 -999.250 -999.250 -999.250 -999.250 -999.250 -999.250 13.790 15.901 15.049 14.458 12.843 14.370 14.106 12.681 13.703 13.175 13.183 17.154 11.811 11.944 8.618 7.637 6.056 4.324 2.839 3.486 5.534 4.990 3.228 2.423 0.945 1.713 2.604 1.971 0.000 1.502 0.000 0.000 0.000 0.000 0.000 0.000 0.268 0.264
-999.250 -999.250 -999.250 -999.250 -999.250 -999.250 -999.250 -999.250 -999.250 -999.250 -999.250 -999.250 -999.250 -999.250 -999.250 -999.250 -999.250 -999.250 -999.250 -999.250 -999.250 -999.250 -999.250 -999.250 -999.250 -999.250 -999.250 -999.250 -999.250 -999.250 -999.250 17.406 16.092 14.462 17.171 15.076 11.211 11.550 12.782 12.688 13.516 14.179 12.110 12.596 11.158 9.947 5.749 4.849 5.202 4.958 4.716 6.507 4.591 4.031 2.859 0.016 2.022 1.433 0.709 0.912 0.208 0.000 0.000 0.000 0.000 0.000 0.000 0.000 0.000
-999.250 -999.250 -999.250 -999.250 -999.250 -999.250 -999.250 -999.250 -999.250 -999.250 -999.250 -999.250 -999.250 -999.250 -999.250 -999.250 -999.250 -999.250 -999.250 -999.250 -999.250 -999.250 -999.250 -999.250 -999.250 -999.250 -999.250 -999.250 -999.250 -999.250 -999.250 16.763 16.458 13.801 14.722 13.649 12.117 12.168 15.205 13.788 15.367 16.925 16.380 13.672 11.950 11.374 8.827 7.646 5.941 6.446 5.818 4.417 3.614 1.901 2.308 0.119 0.499 0.290 0.000 0.148 0.000 0.000 0.000 0.000 0.000 0.000 0.000 0.000 0.000
-999.250 -999.250 -999.250 -999.250 -999.250 -999.250 -999.250 -999.250 -999.250 -999.250 -999.250 -999.250 -999.250 -999.250 -999.250 -999.250 -999.250 -999.250 -999.250 -999.250 -999.250 -999.250 -999.250 -999.250 -999.250 -999.250 -999.250 -999.250 -999.250 -999.250 -999.250 15.652 14.486 12.551 12.917 15.219 15.222 11.941 12.599 18.207 21.128 16.463 15.699 14.600 12.232 10.738 11.389 9.337 7.042 7.928 4.963 6.185 4.731 3.675 2.472 0.913 1.482 2.273 0.370 0.000 0.000 0.000 0.000 0.000 0.000 0.000 0.000 0.000 0.000
-999.250 -999.250 -999.250 -999.250 -999.250 -999.250 -999.250 -999.250 -999.250 -999.250 -999.250 -999.250 -999.250 -999.250 -999.250 -999.250 -999.250 -999.250 -999.250 -999.250 -999.250 -999.250 -999.250 -999.250 -999.250 -999.250 -999.250 -999.250 -999.250 -999.250 -999.250 12.765 11.780 13.955 15.913 15.133 15.898 16.316 15.095 15.059 20.844 20.120 20.605 16.089 12.786 12.513 10.863 9.630 9.075 7.072 6.855 7.522 6.562 5.707 3.492 3.804 2.717 1.490 0.423 0.000 0.000 0.000 0.000 0.000 0.000 0.000 0.000 0.000 0.000
-999.250 -999.250 -999.250 -999.250 -999.250 -999.250 -999.250 -999.250 -999.250 -999.250 -999.250 -999.250 -999.250 -999.250 -999.250 -999.250 -999.250 -999.250 -999.250 -999.250 -999.250 -999.250 -999.250 -999.250 -999.250 -999.250 -999.250 -999.250 -999.250 -999.250 -999.250 12.804 11.976 12.782 15.474 13.699 17.734 19.431 18.855 20.987 20.937 23.064 21.294 20.381 16.207 13.772 14.030 10.062 12.339 10.112 9.862 8.419 8.260 8.523 6.175 5.669 3.442 0.401 0.000 0.000 0.000 0.000 0.000 0.000 0.000 0.000 0.000 0.000 0.000
-999.250 -999.250 -999.250 -999.250 -999.250 -999.250 -999.250 -999.250 -999.250 -999.250 -999.250 -999.250 -999.250 -999.250 -999.250 -999.250 -999.250 -999.250 -999.250 -999.250 -999.250 -999.250 -999.250 -999.250 -999.250 -999.250 -999.250 -999.250 -999.250 -999.250 -999.250 12.449 12.751 12.463 13.808 15.835 17.979 20.009 22.026 27.066 25.200 26.753 29.459 22.107 18.069 15.662 14.537 14.399 13.283 11.920 9.200 9.964 9.335 7.687 7.285 4.941 2.745 1.243 0.000 0.000 0.000 0.000 0.000 0.000 0.000 0.000 0.000 0.000 0.000
