data/medianmodel_12-Oct-2020.asc
ncols	141
nrows	288
xllcorner	-120191.398
yllcorner	-301404.813
cellsize	2000.000
NODATA_value	-999.250
[rows 60 to 89 of 288, columns 68 to 135 of 141]
193.653 166.048 133.905 114.809 86.391 51.685 38.403 26.876 24.774 23.951 26.478 23.518 21.344 23.285 24.976 20.839 18.925 16.935 16.101 11.814 10.273 7.331 4.838 5.750 0.542 0.334 4.342 2.189 7.857 11.386 15.823 15.204 15.778 21.400 24.721 28.636 31.942 30.181 31.177 35.619 37.969 35.012 33.546 34.382 41.984 35.642 39.726 41.068 -999.250 -999.250 -999.250 -999.250 -999.250 -999.250 -999.250 -999.250 -999.250 -999.250 -999.250 -999.250 -999.250 -999.250 -999.250 -999.250 -999.250 -999.250 -999.250 -999.250
165.295 144.498 133.112 101.777 85.714 61.708 53.338 40.551 39.030 30.622 32.708 34.987 29.610 26.148 20.991 20.992 22.668 17.455 11.991 12.116 8.377 4.331 4.682 4.128 1.374 3.448 3.406 2.427 6.403 11.860 14.599 19.979 20.081 24.541 29.026 33.817 41.013 35.074 35.422 37.805 38.362 44.346 40.257 43.877 42.166 43.660 42.195 -999.250 -999.250 -999.250 -999.250 -999.250 -999.250 -999.250 -999.250 -999.250 -999.250 -999.250 -999.250 -999.250 -999.250 -999.250 -999.250 -999.250 -999.250 -999.250 -999.250 -999.250
163.140 123.938 119.609 104.875 88.613 76.635 64.070 53.405 43.615 44.458 42.166 43.258 39.236 32.207 26.603 26.672 16.849 13.903 12.517 9.668 6.214 0.822 1.384 0.000 0.000 0.791 1.778 8.827 10.561 12.200 17.528 22.650 24.007 27.082 32.069 34.420 41.082 45.739 38.987 39.883 48.670 42.747 -999.250 -999.250 -999.250 -999.250 -999.250 -999.250 -999.250 -999.250 -999.250 -999.250 -999.250 -999.250 -999.250 -999.250 -999.250 -999.250 -999.250 -999.250 -999.250 -999.250 -999.250 -999.250 -999.250 -999.250 -999.250 -999.250
135.648 108.700 97.734 90.839 98.777 97.490 81.366 67.450 61.695 56.842 49.508 53.043 51.816 46.275 41.085 25.727 17.529 9.286 7.871 3.875 1.081 0.981 0.000 0.000 0.000 0.695 2.826 7.894 7.814 13.485 18.285 21.450 32.696 33.789 42.801 46.910 59.154 59.567 57.404 54.275 58.986 66.772 59.518 -999.250 -999.250 -999.250 -999.250 -999.250 -999.250 -999.250 -999.250 -999.250 -999.250 -999.250 -999.250 -999.250 -999.250 -999.250 -999.250 -999.250 -999.250 -999.250 -999.250 -999.250 -999.250 -999.250 -999.250 -999.250
103.772 99.754 90.369 102.088 103.460 107.070 101.470 97.589 92.840 83.439 82.435 68.567 74.059 63.614 39.960 29.941 18.562 8.443 3.136 3.529 3.794 1.093 2.040 0.000 2.062 2.398 4.551 10.444 17.473 21.801 24.730 27.755 38.021 42.240 52.648 48.736 68.380 85.437 75.512 69.250 72.366 69.903 67.124 72.721 -999.250 -999.250 -999.250 -999.250 -999.250 -999.250 -999.250 -999.250 -999.250 -999.250 -999.250 -999.250 -999.250 -999.250 -999.250 -999.250 -999.250 -999.250 -999.250 -999.250 -999.250 -999.250 -999.250 -999.250
77.639 81.791 91.932 89.943 101.947 113.959 129.635 138.241 119.281 105.655 107.787 97.898 81.034 66.423 43.756 26.790 20.729 10.183 3.316 0.908 2.995 0.000 0.403 0.053 2.864 9.587 10.339 13.448 22.286 26.019 32.873 37.769 50.204 57.313 52.131 75.391 81.998 84.946 85.516 87.222 85.497 85.780 79.996 78.238 -999.250 -999.250 -999.250 -999.250 -999.250 -999.250 -999.250 -999.250 -999.250 -999.250 -999.250 -999.250 -999.250 -999.250 -999.250 -999.250 -999.250 -999.250 -999.250 -999.250 -999.250 -999.250 -999.250 -999.250
61.086 65.266 86.990 92.741 107.063 126.511 146.738 159.579 149.390 141.137 130.155 128.479 98.320 68.915 50.522 29.117 18.152 11.706 5.467 1.793 2.954 1.635 3.570 7.679 9.144 12.401 14.998 20.974 26.812 36.937 48.189 61.737 65.941 72.315 80.614 103.806 102.392 96.585 100.116 100.898 104.130 104.426 104.204 88.395 83.765 -999.250 -999.250 -999.250 -999.250 -999.250 -999.250 -999.250 -999.250 -999.250 -999.250 -999.250 -999.250 -999.250 -999.250 -999.250 -999.250 -999.250 -999.250 -999.250 -999.250 -999.250 -999.250 -999.250
30.417 40.140 66.819 97.617 126.201 152.466 167.455 173.159 171.642 165.977 150.405 126.712 102.334 78.886 61.205 35.690 22.698 15.551 11.217 4.137 3.185 6.515 9.805 8.051 15.173 21.493 22.631 27.143 33.878 47.741 68.159 76.989 81.482 105.093 117.124 124.915 121.488 132.103 117.875 124.726 119.910 125.358 101.869 86.293 87.208 74.084 -999.250 -999.250 -999.250 -999.250 -999.250 -999.250 -999.250 -999.250 -999.250 -999.250 -999.250 -999.250 -999.250 -999.250 -999.250 -999.250 -999.250 -999.250 -999.250 -999.250 -999.250 -999.250
13.930 14.469 55.344 100.260 147.339 159.184 194.145 199.238 202.245 181.646 168.002 154.325 124.180 97.778 72.790 45.898 24.563 18.066 16.200 10.470 10.921 14.964 17.262 18.952 21.339 26.485 33.813 43.805 50.907 71.496 81.403 102.631 118.416 126.744 141.725 145.609 138.973 162.254 157.724 143.195 129.542 124.042 106.033 103.517 86.350 86.264 -999.250 -999.250 -999.250 -999.250 -999.250 -999.250 -999.250 -999.250 -999.250 -999.250 -999.250 -999.250 -999.250 -999.250 -999.250 -999.250 -999.250 -999.250 -999.250 -999.250 -999.250 -999.250
14.778 26.675 58.678 110.790 142.760 179.882 201.777 219.773 227.189 203.125 193.152 162.841 133.162 104.667 83.103 53.392 35.384 27.415 20.048 14.440 16.583 28.020 26.916 30.305 39.051 46.593 55.993 48.783 66.110 91.618 101.158 116.317 132.305 167.899 178.668 163.759 180.527 180.678 180.185 175.531 159.922 141.250 115.243 112.803 97.282 83.310 -999.250 -999.250 -999.250 -999.250 -999.250 -999.250 -999.250 -999.250 -999.250 -999.250 -999.250 -999.250 -999.250 -999.250 -999.250 -999.250 -999.250 -999.250 -999.250 -999.250 -999.250 -999.250
15.465 35.752 64.293 112.098 140.732 176.471 204.980 238.842 269.036 252.425 209.409 181.694 148.063 108.082 86.394 73.141 48.173 38.206 29.712 18.532 25.178 36.037 38.578 48.017 57.704 65.786 79.741 86.780 106.537 111.611 135.717 148.339 153.046 163.135 193.492 198.081 220.725 226.589 209.730 182.189 175.508 152.347 140.160 124.347 105.671 97.982 87.391 78.239 -999.250 -999.250 -999.250 -999.250 -999.250 -999.250 -999.250 -999.250 -999.250 -999.250 -999.250 -999.250 -999.250 -999.250 -999.250 -999.250 -999.250 -999.250 -999.250 -999.250
22.261 46.575 70.148 102.772 132.777 179.521 214.701 254.588 320.034 266.676 207.332 176.699 141.506 129.394 101.237 86.800 63.453 58.819 39.843 35.682 46.721 53.237 55.749 63.502 72.941 87.887 105.454 107.624 121.278 148.003 153.391 166.695 194.877 190.441 214.344 228.422 273.534 238.201 230.221 209.934 179.667 171.522 154.038 126.963 117.498 104.910 94.690 89.087 -999.250 -999.250 -999.250 -999.250 -999.250 -999.250 -999.250 -999.250 -999.250 -999.250 -999.250 -999.250 -999.250 -999.250 -999.250 -999.250 -999.250 -999.250 -999.250 -999.250
29.542 49.838 82.146 114.622 147.665 173.647 213.834 247.329 252.619 234.871 207.338 161.712 131.916 118.437 96.426 89.467 76.562 71.971 63.706 68.728 75.094 69.733 81.378 93.579 108.604 110.598 120.992 142.591 148.419 171.693 181.246 194.539 205.847 226.901 264.345 314.130 307.300 301.123 270.479 236.342 202.524 182.767 151.700 124.584 128.768 104.837 98.739 -999.250 -999.250 -999.250 -999.250 -999.250 -999.250 -999.250 -999.250 -999.250 -999.250 -999.250 -999.250 -999.250 -999.250 -999.250 -999.250 -999.250 -999.250 -999.250 -999.250 -999.250
28.782 49.508 70.074 109.020 133.438 160.553 179.874 205.926 217.440 198.676 184.305 145.166 131.619 113.208 104.449 104.591 83.669 81.660 85.943 86.122 89.793 100.840 102.660 107.045 129.044 138.733 129.233 157.942 168.471 175.598 201.463 202.294 232.598 290.337 322.439 342.061 367.107 364.716 304.026 243.315 216.650 186.681 170.047 140.095 126.324 109.702 90.556 -999.250 -999.250 -999.250 -999.250 -999.250 -999.250 -999.250 -999.250 -999.250 -999.250 -999.250 -999.250 -999.250 -999.250 -999.250 -999.250 -999.250 -999.250 -999.250 -999.250 -999.250
23.973 40.643 69.542 99.275 136.310 145.531 167.541 176.316 163.702 164.697 151.060 134.001 117.200 116.688 102.496 103.535 94.050 95.352 92.936 90.092 93.418 100.027 118.856 123.352 145.802 156.671 162.973 169.651 174.124 196.312 212.821 217.583 251.661 306.108 309.272 415.601 435.173 383.450 305.599 262.976 231.299 191.553 182.787 154.073 121.150 95.245 95.231 -999.250 -999.250 -999.250 -999.250 -999.250 -999.250 -999.250 -999.250 -999.250 -999.250 -999.250 -999.250 -999.250 -999.250 -999.250 -999.250 -999.250 -999.250 -999.250 -999.250 -999.250
30.047 36.276 58.322 85.239 104.818 120.756 132.656 139.932 129.301 125.883 104.737 105.526 100.961 96.855 93.889 97.764 103.702 100.601 99.329 96.260 104.164 115.288 114.232 129.304 157.746 166.441 166.201 184.912 187.794 201.846 220.284 236.550 258.308 309.699 329.811 376.572 481.729 422.373 341.559 286.442 243.530 205.267 165.133 142.966 120.794 92.393 70.450 -999.250 -999.250 -999.250 -999.250 -999.250 -999.250 -999.250 -999.250 -999.250 -999.250 -999.250 -999.250 -999.250 -999.250 -999.250 -999.250 -999.250 -999.250 -999.250 -999.250 -999.250
24.190 37.889 60.563 77.893 78.966 92.247 96.539 89.773 87.977 87.582 71.945 74.308 90.001 72.688 86.333 91.408 97.010 107.481 102.350 98.297 102.088 112.234 120.167 124.814 148.350 158.523 167.008 173.632 200.593 194.966 217.321 230.116 281.915 272.555 317.519 353.678 332.426 337.184 327.768 292.731 240.447 202.690 168.987 152.001 121.487 102.780 92.299 -999.250 -999.250 -999.250 -999.250 -999.250 -999.250 -999.250 -999.250 -999.250 -999.250 -999.250 -999.250 -999.250 -999.250 -999.250 -999.250 -999.250 -999.250 -999.250 -999.250 -999.250
29.329 40.923 51.604 63.123 72.631 75.007 62.165 67.456 55.898 43.178 49.840 54.066 63.809 57.817 66.641 76.781 80.682 91.158 100.619 99.464 99.339 104.902 115.348 123.413 132.786 148.265 144.955 161.711 170.946 200.061 221.997 256.149 249.743 269.621 305.975 323.857 315.338 297.765 296.373 286.111 225.480 188.866 173.716 145.401 128.922 112.799 97.437 -999.250 -999.250 -999.250 -999.250 -999.250 -999.250 -999.250 -999.250 -999.250 -999.250 -999.250 -999.250 -999.250 -999.250 -999.250 -999.250 -999.250 -999.250 -999.250 -999.250 -999.250
29.360 41.510 42.388 47.448 50.568 50.640 49.669 45.441 35.251 29.225 30.103 34.583 46.820 39.856 51.299 65.903 68.128 77.632 87.716 86.637 82.368 92.422 103.476 111.827 110.621 127.629 137.749 158.069 164.113 189.632 213.916 257.076 279.870 276.972 277.645 283.813 284.292 298.615 277.908 243.471 215.256 181.629 160.167 141.326 128.042 105.633 97.843 -999.250 -999.250 -999.250 -999.250 -999.250 -999.250 -999.250 -999.250 -999.250 -999.250 -999.250 -999.250 -999.250 -999.250 -999.250 -999.250 -999.250 -999.250 -999.250 -999.250 -999.250
29.271 34.005 49.135 40.722 38.001 38.456 34.714 31.284 27.775 24.433 23.171 27.167 30.377 38.091 46.851 48.773 54.105 67.935 65.887 64.949 70.959 77.937 78.239 87.935 101.531 112.335 128.493 131.870 170.805 190.391 225.480 242.590 260.272 271.902 234.849 254.234 268.433 259.678 275.907 248.227 199.744 183.978 155.970 131.513 114.385 108.086 88.966 -999.250 -999.250 -999.250 -999.250 -999.250 -999.250 -999.250 -999.250 -999.250 -999.250 -999.250 -999.250 -999.250 -999.250 -999.250 -999.250 -999.250 -999.250 -999.250 -999.250 -999.250
41.521 46.340 48.984 46.264 54.167 37.200 33.768 27.758 25.471 21.657 23.752 23.961 26.940 29.096 31.227 35.873 44.790 51.444 53.178 53.719 56.046 61.908 66.283 67.727 87.267 95.382 107.397 145.013 162.254 201.305 198.684 214.831 218.274 242.214 238.838 250.468 233.169 239.695 226.030 202.380 203.445 166.330 137.314 129.781 112.918 90.380 74.569 81.707 -999.250 -999.250 -999.250 -999.250 -999.250 -999.250 -999.250 -999.250 -999.250 -999.250 -999.250 -999.250 -999.250 -999.250 -999.250 -999.250 -999.250 -999.250 -999.250 -999.250
54.154 61.428 60.428 67.988 57.244 38.533 37.448 29.968 31.502 28.126 28.110 26.843 25.307 23.804 32.848 28.472 32.176 36.526 35.793 37.299 47.582 44.800 43.100 53.779 70.835 70.758 75.895 130.129 152.879 159.629 185.856 188.029 216.694 226.086 231.210 230.549 231.138 217.839 189.761 183.582 182.312 144.903 128.194 110.222 104.734 85.923 86.155 88.534 -999.250 -999.250 -999.250 -999.250 -999.250 -999.250 -999.250 -999.250 -999.250 -999.250 -999.250 -999.250 -999.250 -999.250 -999.250 -999.250 -999.250 -999.250 -999.250 -999.250
64.502 87.404 73.296 65.451 60.523 53.821 43.249 42.266 39.196 33.164 32.320 26.072 27.048 23.360 25.709 21.974 26.286 25.377 22.338 25.957 31.466 28.896 31.695 44.600 55.443 66.500 71.200 101.878 111.632 136.875 171.715 177.655 182.084 197.483 184.606 208.546 200.351 204.673 187.482 180.836 158.482 145.520 121.419 107.289 88.715 80.175 79.027 84.915 -999.250 -999.250 -999.250 -999.250 -999.250 -999.250 -999.250 -999.250 -999.250 -999.250 -999.250 -999.250 -999.250 -999.250 -999.250 -999.250 -999.250 -999.250 -999.250 -999.250
60.692 71.412 74.124 72.507 67.546 57.051 59.865 60.546 54.299 44.158 35.368 28.704 24.471 23.167 24.058 23.081 22.836 23.610 23.795 24.817 18.463 16.167 22.577 33.696 43.359 44.574 65.499 75.191 106.421 123.918 156.924 163.305 181.896 175.669 174.008 188.526 194.247 187.706 171.093 155.433 147.743 134.516 129.135 99.597 94.190 84.831 88.385 78.863 -999.250 -999.250 -999.250 -999.250 -999.250 -999.250 -999.250 -999.250 -999.250 -999.250 -999.250 -999.250 -999.250 -999.250 -999.250 -999.250 -999.250 -999.250 -999.250 -999.250
53.596 65.607 73.761 69.319 67.046 69.543 69.878 70.312 61.899 50.291 42.000 26.877 23.466 21.985 20.848 23.857 22.085 18.911 17.244 12.750 11.569 16.531 14.434 24.674 35.587 46.740 60.547 74.880 99.797 110.977 140.731 158.396 172.909 159.845 160.849 179.601 185.512 175.539 163.430 154.905 151.145 129.889 113.797 107.952 105.729 90.394 85.763 -999.250 -999.250 -999.250 -999.250 -999.250 -999.250 -999.250 -999.250 -999.250 -999.250 -999.250 -999.250 -999.250 -999.250 -999.250 -999.250 -999.250 -999.250 -999.250 -999.250 -999.250
56.162 60.948 64.626 74.734 73.430 75.469 73.998 82.166 81.037 55.842 45.236 37.224 28.467 24.435 19.691 20.699 17.033 13.976 11.401 11.557 12.234 12.412 15.651 21.356 31.794 50.763 53.330 70.236 89.380 113.900 121.704 149.607 165.980 168.254 174.781 171.480 171.292 158.559 158.192 162.654 143.958 122.230 119.285 105.751 97.801 99.290 90.377 -999.250 -999.250 -999.250 -999.250 -999.250 -999.250 -999.250 -999.250 -999.250 -999.250 -999.250 -999.250 -999.250 -999.250 -999.250 -999.250 -999.250 -999.250 -999.250 -999.250 -999.250
45.010 57.810 62.760 67.252 72.833 74.177 76.649 80.089 69.584 60.656 45.159 35.090 25.419 22.287 22.787 21.221 13.660 13.852 9.989 8.817 8.331 13.474 19.362 20.956 34.327 38.489 60.036 74.949 78.968 101.720 113.492 136.283 143.877 167.021 173.693 156.806 151.658 139.779 134.310 142.329 140.462 112.068 110.225 99.753 90.926 93.230 -999.250 -999.250 -999.250 -999.250 -999.250 -999.250 -999.250 -999.250 -999.250 -999.250 -999.250 -999.250 -999.250 -999.250 -999.250 -999.250 -999.250 -999.250 -999.250 -999.250 -999.250 -999.250
41.219 52.068 53.288 66.577 69.292 75.147 72.040 74.999 64.738 55.171 49.041 33.705 23.481 18.035 14.703 12.546 11.644 6.530 4.816 5.434 14.007 15.572 24.567 26.457 38.347 44.508 58.072 77.947 93.174 101.176 115.999 132.968 120.797 131.750 160.182 142.439 146.236 136.122 111.249 121.601 127.968 108.331 108.960 95.385 90.372 97.131 -999.250 -999.250 -999.250 -999.250 -999.250 -999.250 -999.250 -999.250 -999.250 -999.250 -999.250 -999.250 -999.250 -999.250 -999.250 -999.250 -999.250 -999.250 -999.250 -999.250 -999.250 -999.250
41.307 43.352 55.924 59.987 63.611 66.654 61.377 60.522 58.919 49.315 37.493 28.498 18.877 14.031 11.506 6.257 6.232 11.349 9.245 10.930 18.300 20.158 24.433 28.173 43.014 45.343 70.687 83.990 101.757 112.910 116.257 119.013 137.553 142.925 146.484 130.155 119.429 132.275 107.649 111.585 115.287 99.097 85.682 80.106 83.779 92.465 93.364 99.381 -999.250 -999.250 -999.250 -999.250 -999.250 -999.250 -999.250 -999.250 -999.250 -999.250 -999.250 -999.250 -999.250 -999.250 -999.250 -999.250 -999.250 -999.250 -999.250 -999.250
31.290 38.676 43.625 53.954 59.380 59.266 55.738 52.632 49.865 42.444 30.148 23.961 15.490 11.214 6.333 4.923 2.297 5.128 14.170 15.297 22.689 25.941 33.290 38.042 49.554 55.150 73.846 86.085 100.670 114.474 115.945 123.197 123.249 125.951 121.151 123.843 110.630 99.304 86.069 98.013 102.335 90.859 80.305 84.330 74.794 88.590 83.035 88.095 -999.250 -999.250 -999.250 -999.250 -999.250 -999.250 -999.250 -999.250 -999.250 -999.250 -999.250 -999.250 -999.250 -999.250 -999.250 -999.250 -999.250 -999.250 -999.250 -999.250
