data/medianmodel_04-Jul-2020.asc
ncols	141
nrows	288
xllcorner	-120191.398
yllcorner	-301404.813
cellsize	2000.000
NODATA_value	-999.250
[rows 155 to 185 of 288, columns 0 to 68 of 141]
-999.250 -999.250 -999.250 -999.250 -999.250 -999.250 -999.250 61.265 63.409 51.977 47.864 50.099 58.512 58.816 65.216 70.996 77.036 72.786 71.670 66.412 65.621 46.555 31.065 17.005 10.669 4.907 0.058 0.000 0.000 0.000 1.448 4.150 12.240 12.714 13.811 13.720 13.878 13.716 11.628 10.581 8.470 8.931 6.907 6.785 3.018 0.547 0.000 0.000 0.000 0.000 0.000 0.000 0.000 0.000 0.000 0.000 0.000 0.000 0.000 0.000 0.000 0.000 0.036 0.000 0.000 0.000 0.000 0.000 0.000
-999.250 -999.250 -999.250 -999.250 -999.250 -999.250 -999.250 51.913 45.623 41.366 40.093 34.188 37.110 37.329 49.471 69.179 66.404 60.715 68.160 67.912 50.847 38.269 31.312 20.493 13.139 6.643 1.949 0.000 0.000 1.246 2.231 6.827 11.766 11.710 13.104 16.616 16.121 16.705 13.783 14.205 8.027 8.071 6.922 4.930 3.079 0.000 0.000 0.000 0.000 0.000 0.000 0.000 0.000 0.000 0.000 0.000 0.000 0.000 0.000 0.000 0.000 0.000 0.000 0.000 0.000 0.000 0.000 0.000 0.000
-999.250 -999.250 -999.250 -999.250 -999.250 -999.250 -999.250 35.889 32.421 34.346 29.418 27.480 28.901 34.017 31.315 43.966 54.766 47.957 53.697 64.077 54.650 32.044 28.401 23.450 14.126 9.229 6.738 1.264 2.025 3.526 4.393 7.868 12.048 12.612 15.034 16.466 18.683 17.011 15.044 13.893 10.909 9.964 6.467 4.415 2.735 0.000 0.000 0.000 0.000 0.000 0.000 0.000 0.000 0.000 0.000 0.000 0.000 0.000 1.232 0.000 0.000 0.000 0.000 0.000 0.000 0.000 0.000 0.000 0.000
-999.250 -999.250 -999.250 -999.250 -999.250 -999.250 -999.250 34.834 27.223 25.637 21.591 22.612 24.691 23.078 30.723 38.733 46.390 43.966 44.098 46.564 48.081 38.972 31.383 24.141 17.397 12.935 8.642 7.240 5.396 4.915 8.490 9.768 14.329 15.313 15.518 17.407 21.023 18.401 16.301 14.134 13.754 9.122 8.590 3.608 0.614 0.000 0.000 0.000 0.000 0.000 0.000 0.000 0.000 0.000 0.000 0.000 0.000 0.000 0.000 0.000 0.000 0.000 0.000 0.000 0.000 0.000 0.000 0.000 0.000
-999.250 -999.250 -999.250 -999.250 -999.250 -999.250 -999.250 -999.250 28.237 21.322 18.371 15.674 18.719 25.054 29.067 37.222 46.280 40.198 52.866 48.487 43.400 38.746 33.792 29.218 20.401 16.851 13.783 10.569 11.919 10.611 14.144 12.695 15.172 17.387 17.822 20.696 22.375 19.963 16.126 14.913 11.868 11.984 8.552 5.726 0.971 0.000 0.000 0.000 0.000 0.000 0.000 0.000 0.000 0.000 0.000 0.000 0.000 0.000 0.000 0.000 0.000 0.000 0.000 0.000 0.000 0.000 0.000 0.000 0.000
-999.250 -999.250 -999.250 -999.250 -999.250 -999.250 -999.250 -999.250 18.856 19.339 14.959 14.320 14.680 21.022 26.994 39.815 36.073 37.644 50.969 59.992 56.202 42.713 33.328 32.434 29.597 23.807 14.859 15.502 15.169 16.363 13.946 14.211 14.256 17.075 18.074 26.341 28.733 20.885 15.158 14.426 12.012 14.166 8.340 4.610 2.844 0.000 0.000 0.000 0.000 0.000 0.000 0.000 0.000 0.000 0.000 0.000 0.000 0.000 0.000 0.000 0.000 0.000 0.000 0.000 0.000 0.000 0.000 0.000 0.000
-999.250 -999.250 -999.250 -999.250 -999.250 -999.250 -999.250 17.446 14.403 14.713 13.076 11.993 12.322 16.133 20.478 28.375 34.614 40.080 49.488 59.379 60.381 58.810 44.932 34.322 35.684 26.616 23.884 18.703 15.316 15.648 15.380 15.022 14.435 18.202 19.646 23.836 34.831 19.373 12.902 9.428 8.591 7.672 5.322 1.916 0.555 0.000 0.000 0.000 0.000 0.000 0.000 0.000 0.000 0.000 0.000 0.000 0.000 0.000 0.000 0.000 0.000 0.000 0.000 0.000 0.000 0.000 0.000 0.000 0.000
-999.250 -999.250 -999.250 -999.250 -999.250 -999.250 -999.250 15.107 13.926 12.935 11.308 14.132 12.685 15.651 17.631 23.198 29.183 41.721 47.028 67.089 73.137 56.285 49.484 43.287 42.383 32.161 30.086 25.232 22.720 17.608 16.586 16.208 14.067 14.213 13.925 15.773 16.973 12.981 6.336 3.569 3.652 3.968 2.291 0.000 0.000 0.000 0.000 0.000 0.000 0.000 0.000 0.000 0.000 0.000 0.000 0.000 0.000 0.000 0.000 0.036 0.000 0.000 0.000 0.000 0.000 0.000 0.000 0.000 0.000
-999.250 -999.250 -999.250 -999.250 -999.250 -999.250 -999.250 19.094 17.034 14.446 15.634 12.611 14.493 15.061 19.867 28.479 36.016 38.425 55.389 68.121 72.309 63.127 53.729 51.700 66.443 54.016 33.944 33.326 23.762 22.339 15.810 13.121 14.387 12.772 11.095 11.252 9.410 4.338 0.000 0.000 0.000 0.000 0.000 0.000 0.000 0.000 0.000 0.000 0.000 0.000 0.000 0.000 0.000 0.000 0.000 0.000 0.000 0.014 0.000 0.774 0.000 0.000 0.000 0.000 0.000 0.000 0.000 0.000 0.000
-999.250 -999.250 -999.250 -999.250 -999.250 -999.250 -999.250 23.369 22.519 17.670 16.442 19.377 18.208 23.291 25.523 30.121 32.853 52.371 62.041 68.133 82.721 70.015 72.876 66.260 60.333 57.234 44.266 42.746 29.227 24.169 16.589 14.461 11.802 8.915 5.922 5.191 1.591 0.000 0.000 0.000 0.000 0.000 0.000 0.000 0.000 0.000 0.000 0.000 0.000 0.000 0.000 0.000 0.000 0.000 0.008 0.000 0.125 0.000 0.029 0.000 0.000 0.000 0.000 0.000 0.000 0.000 0.000 0.000 0.000
-999.250 -999.250 -999.250 -999.250 -999.250 -999.250 26.667 25.427 27.662 28.074 24.421 31.051 27.197 30.959 30.509 36.612 49.512 49.248 58.564 67.953 69.892 66.624 68.333 67.308 56.413 53.197 53.133 48.873 41.227 25.501 19.183 16.776 11.208 6.928 2.970 0.345 0.000 0.000 0.000 0.000 0.000 0.000 0.000 0.000 0.000 0.000 0.000 0.000 0.000 0.000 0.000 0.056 0.242 0.000 1.917 0.000 0.713 0.125 0.462 0.942 0.000 0.000 0.000 0.000 0.000 0.000 0.000 0.000 0.000
-999.250 -999.250 -999.250 -999.250 -999.250 -999.250 33.029 31.550 27.731 36.235 37.250 41.519 35.626 40.878 42.921 41.784 55.779 56.892 67.680 69.124 73.531 72.572 74.634 73.279 70.279 70.901 62.102 64.853 55.568 33.269 22.344 13.914 8.877 4.886 1.535 0.000 0.000 0.000 0.000 0.000 0.000 0.000 0.000 0.000 0.000 0.000 0.000 0.000 0.000 0.000 0.000 0.000 1.724 0.531 0.447 0.000 0.000 0.000 0.000 0.000 0.000 0.000 0.000 0.000 0.000 0.000 0.000 0.000 0.000
-999.250 -999.250 -999.250 -999.250 -999.250 35.982 36.008 32.662 38.374 39.296 48.157 48.480 55.536 51.352 43.240 41.441 41.333 65.262 69.359 73.318 74.031 77.781 69.397 77.330 71.588 84.370 75.184 79.239 62.269 44.473 23.724 16.178 8.150 2.399 0.000 0.000 0.000 0.000 0.000 0.000 0.000 0.000 0.000 0.000 0.000 0.000 0.000 0.000 0.000 0.069 0.916 0.000 1.862 0.014 0.036 0.114 0.000 0.000 0.000 0.000 0.000 0.000 0.000 0.000 0.000 0.000 0.000 0.000 0.000
-999.250 -999.250 -999.250 -999.250 -999.250 50.624 51.083 38.916 43.788 42.599 55.619 67.490 60.492 59.727 59.970 50.219 58.930 65.597 62.059 67.114 72.912 73.931 75.863 80.060 75.888 83.626 76.353 66.210 63.825 42.896 24.502 15.693 7.822 2.263 0.000 0.000 0.000 0.000 0.000 0.000 0.000 0.000 0.000 0.000 0.000 0.000 0.018 0.000 0.247 2.496 3.691 2.337 2.138 0.000 0.000 0.000 0.000 0.000 0.000 0.000 0.000 0.000 0.000 0.000 0.000 0.000 0.000 0.000 0.000
-999.250 -999.250 -999.250 -999.250 41.739 39.985 48.299 39.637 45.328 55.633 58.292 61.576 73.707 71.904 69.976 65.914 67.691 61.838 63.325 71.345 65.047 72.470 79.602 77.960 76.343 80.852 67.422 61.906 57.264 40.415 29.559 16.936 9.756 4.987 0.000 0.000 0.000 0.000 0.000 0.000 0.000 0.000 0.000 0.283 0.371 1.712 0.912 0.507 2.103 2.914 3.753 3.108 1.437 1.305 0.401 0.000 0.000 0.000 0.000 0.000 0.000 0.000 0.000 0.000 0.000 0.000 0.000 0.000 0.000
-999.250 -999.250 -999.250 -999.250 53.282 47.234 58.184 55.113 57.013 61.455 60.423 67.216 74.080 79.831 78.784 72.348 76.525 66.009 53.711 55.956 73.229 68.685 81.722 78.218 62.264 62.150 64.850 57.678 39.965 37.720 24.085 16.406 11.234 3.933 0.000 0.000 0.000 0.000 0.000 0.000 0.000 0.000 0.056 0.000 0.796 0.022 2.302 1.496 0.558 2.099 3.235 2.272 0.382 0.000 0.000 0.000 0.000 0.000 0.000 0.000 0.000 0.000 0.000 0.000 0.000 0.000 0.000 0.000 0.000
-999.250 -999.250 -999.250 -999.250 33.353 41.738 60.123 69.154 60.861 64.610 71.721 70.427 73.713 82.853 94.957 89.440 83.598 80.317 62.718 43.100 53.172 65.529 69.218 67.114 61.087 52.633 50.354 56.283 54.097 36.282 26.491 16.949 13.540 7.971 2.563 0.030 0.000 0.000 0.000 0.000 0.000 0.254 0.151 0.873 3.016 2.448 2.146 2.353 0.768 3.121 2.707 1.563 1.694 0.000 0.000 0.000 0.000 0.000 0.000 0.000 0.000 0.000 0.000 0.000 0.000 0.000 0.000 0.000 0.000
-999.250 -999.250 -999.250 -999.250 37.577 44.001 63.340 73.446 75.613 72.811 70.546 74.549 85.476 86.804 102.139 108.865 104.998 75.092 60.110 35.988 32.520 40.089 44.578 55.229 55.328 50.701 51.610 50.238 42.447 39.658 28.893 20.433 16.285 10.829 5.312 4.696 0.422 0.000 0.000 0.000 0.289 0.839 4.213 2.818 3.152 3.471 3.318 1.720 2.503 3.905 2.029 2.502 0.000 0.000 0.000 0.000 0.000 0.000 0.000 0.000 0.000 0.000 0.000 0.000 0.000 0.000 0.000 0.000 0.000
-999.250 -999.250 -999.250 -999.250 56.745 55.657 65.866 71.870 75.939 76.444 78.763 77.712 103.752 95.879 100.717 112.416 122.054 87.413 56.163 26.843 26.037 26.475 39.701 39.605 47.200 55.571 52.286 52.821 53.737 37.744 31.818 29.290 19.359 13.631 9.306 5.573 2.730 0.000 0.067 1.340 3.442 3.580 5.023 7.340 5.853 6.696 5.329 3.324 4.152 1.775 1.597 2.043 0.000 0.051 0.000 0.000 0.000 0.000 0.000 0.000 0.000 0.000 0.000 0.000 0.000 0.000 0.000 0.000 0.000
-999.250 -999.250 -999.250 -999.250 55.349 64.063 76.444 72.321 75.379 81.520 81.295 80.961 91.870 102.818 100.388 103.890 93.365 75.015 35.736 12.977 18.370 29.214 40.172 45.205 45.136 50.150 59.450 62.612 54.444 50.539 32.550 24.278 17.963 13.975 10.412 6.101 3.876 0.743 1.951 2.680 6.447 7.464 8.816 10.555 9.610 10.008 7.856 6.147 3.387 3.953 3.152 2.555 0.142 0.000 0.000 0.000 0.000 0.000 0.000 0.000 0.000 0.000 0.000 0.000 0.000 0.000 0.000 0.000 0.000
-999.250 -999.250 -999.250 -999.250 61.688 73.380 79.512 78.834 85.208 86.617 91.568 89.985 91.148 95.198 100.107 88.672 78.708 55.817 29.764 19.972 21.490 29.875 46.887 51.077 56.960 57.309 62.610 66.481 61.735 45.082 30.873 24.611 19.914 13.821 14.239 7.996 5.991 3.692 4.851 6.368 7.734 10.843 11.633 11.879 11.626 10.577 8.130 5.659 4.347 3.621 3.564 3.736 0.062 0.000 0.000 0.000 0.000 0.000 0.000 0.000 0.000 0.000 0.000 0.000 0.000 0.000 0.000 0.000 0.000
-999.250 -999.250 -999.250 -999.250 65.442 75.578 87.232 97.859 89.114 102.841 103.050 94.854 84.162 107.989 90.553 74.823 59.622 52.051 40.552 30.858 31.752 38.355 52.542 62.080 77.209 68.351 68.667 71.236 65.453 45.391 43.129 32.404 21.906 21.092 13.754 14.165 10.806 6.606 6.008 8.604 11.974 11.766 13.570 17.171 13.380 10.740 10.874 6.486 6.201 2.472 2.159 1.844 1.654 0.000 0.000 0.000 0.000 0.000 0.000 0.000 0.000 0.000 0.000 0.000 0.000 0.000 0.000 0.000 0.000
-999.250 -999.250 -999.250 -999.250 82.641 81.529 96.102 99.294 108.221 107.879 97.205 96.377 91.432 90.486 90.622 75.986 70.792 63.329 59.827 70.822 70.567 65.574 59.572 74.859 76.395 68.211 73.229 76.123 69.094 53.278 43.112 36.886 28.468 20.024 17.716 17.260 15.741 10.645 11.387 10.212 12.286 12.527 13.677 12.887 11.870 9.704 8.343 7.455 4.712 4.766 3.414 3.388 0.000 0.000 0.000 0.000 0.000 0.000 0.000 0.000 0.000 0.000 0.000 0.000 0.000 0.000 0.000 0.000 0.000
-999.250 -999.250 -999.250 -999.250 96.960 90.312 98.884 107.657 117.242 106.587 121.022 117.705 113.279 108.140 100.109 86.425 82.935 78.298 82.586 98.152 94.730 78.962 80.957 74.798 75.360 75.460 69.532 66.553 66.888 56.400 39.100 39.223 29.474 16.958 18.253 18.378 14.279 13.267 13.930 12.760 13.507 13.868 14.406 12.779 10.578 10.598 8.790 9.318 7.746 4.470 2.853 2.289 0.020 0.000 0.000 0.000 0.000 0.000 0.000 0.000 0.000 0.000 0.000 0.000 0.000 0.000 0.000 0.000 0.000
-999.250 -999.250 -999.250 104.092 110.066 97.405 105.999 121.619 115.628 125.271 125.219 127.598 125.380 116.673 116.129 113.401 101.763 90.823 103.375 117.172 126.799 110.944 87.543 74.207 76.242 74.941 64.259 75.570 72.381 61.051 56.309 56.759 35.345 22.203 21.526 16.850 15.998 18.285 14.272 14.777 13.693 13.609 15.120 14.919 13.377 10.891 8.172 5.669 5.544 3.423 2.627 1.750 0.000 0.000 0.000 0.000 0.000 0.000 0.000 0.000 0.000 0.000 0.000 0.000 0.000 0.000 0.000 0.000 0.000
-999.250 -999.250 -999.250 111.867 109.976 108.802 108.937 117.154 126.438 118.491 124.803 134.598 126.647 123.328 119.130 121.243 126.472 122.585 126.300 118.509 119.599 96.726 102.688 87.853 80.914 72.975 76.779 75.078 70.276 53.912 59.436 47.463 35.238 30.322 26.182 18.427 19.989 19.294 17.382 17.306 15.653 14.969 12.598 13.564 12.477 9.714 7.666 7.668 5.013 4.729 1.878 1.902 0.652 0.124 0.000 0.000 0.000 0.000 0.000 0.000 0.000 0.000 0.000 0.000 0.000 0.000 0.000 0.000 0.000
-999.250 -999.250 -999.250 104.489 110.983 116.212 113.103 121.053 133.486 135.148 137.067 131.641 137.361 130.409 142.018 137.873 135.604 122.188 123.132 119.203 115.786 107.803 106.260 81.659 74.145 78.456 64.416 71.114 57.689 57.143 45.343 35.255 39.987 28.999 27.706 22.122 19.311 21.468 19.315 16.278 18.020 16.192 14.045 12.558 10.968 9.898 9.766 8.118 6.048 3.854 2.275 2.029 1.488 1.913 0.000 0.000 0.000 0.000 0.000 0.000 0.000 0.000 0.000 0.000 0.000 0.000 0.000 0.000 0.000
-999.250 -999.250 100.563 98.148 106.013 121.116 119.571 126.046 134.775 150.012 159.337 157.421 157.314 160.895 162.680 140.129 139.274 136.444 133.420 121.156 107.746 107.427 92.844 90.782 69.838 60.247 56.706 52.353 48.060 54.205 41.730 37.567 41.649 31.147 27.947 21.222 21.363 16.822 19.414 17.965 16.341 16.686 16.110 10.690 10.342 9.624 8.674 6.492 6.034 3.459 1.935 1.956 1.434 1.840 0.730 0.000 0.000 0.000 0.000 0.000 0.000 0.000 0.000 0.000 0.000 0.000 0.000 0.000 0.000
-999.250 -999.250 109.845 101.368 112.403 117.955 136.103 136.686 143.758 169.766 169.248 172.078 177.549 170.741 166.703 166.779 160.568 143.957 133.321 119.003 -999.250 90.621 86.012 76.986 74.547 56.981 56.182 47.884 57.069 55.552 42.020 40.965 37.098 28.506 25.455 25.120 23.782 19.429 18.978 19.899 19.025 14.228 13.884 11.671 9.641 10.509 7.540 6.496 1.934 0.909 2.110 1.989 1.565 0.708 0.619 1.234 0.000 0.000 0.000 0.000 0.000 0.000 0.000 0.000 0.000 0.000 0.000 0.000 0.000
-999.250 101.848 105.026 115.402 128.763 131.841 142.502 135.983 148.128 175.474 196.462 171.302 181.225 179.367 180.380 190.709 173.618 141.500 116.145 -999.250 -999.250 81.093 66.546 62.888 67.229 59.163 38.057 36.586 36.710 39.083 27.142 28.015 28.499 25.392 21.734 23.196 20.616 19.173 18.805 20.885 20.543 14.749 12.820 10.407 9.229 7.629 5.966 2.357 0.539 0.469 0.852 0.222 4.148 2.590 0.878 0.138 1.100 0.000 0.000 0.000 0.000 0.000 0.000 0.000 0.000 0.000 0.000 0.000 0.000
-999.250 113.437 115.655 118.235 129.720 131.488 136.716 151.968 155.964 193.899 175.613 174.850 184.448 186.399 207.697 179.284 151.347 131.626 -999.250 -999.250 -999.250 -999.250 63.227 50.734 46.853 55.134 31.488 25.504 25.259 25.420 21.003 20.710 21.300 21.885 22.820 23.197 27.412 25.333 20.384 19.055 15.394 15.045 10.972 9.158 7.800 5.099 5.827 3.681 0.000 0.298 0.000 0.245 3.004 4.137 1.057 1.749 1.167 0.004 0.000 0.000 0.000 0.000 0.000 0.000 0.000 0.000 0.000 0.000 0.000
