data/medianmodel_11-Dec-2020.asc
ncols	141
nrows	288
xllcorner	-120191.398
yllcorner	-301404.813
cellsize	2000.000
NODATA_value	-999.250
[rows 29 to 57 of 288, columns 64 to 127 of 141]
652.764 548.595 487.940 411.463 357.793 336.258 352.343 301.377 309.952 361.939 428.606 511.701 560.096 697.276 750.912 931.118 1040.768 1150.526 1178.037 1204.593 1374.572 1346.703 1350.550 1334.642 1321.409 1293.185 1196.756 1200.643 1161.930 1116.014 1100.014 1000.974 933.268 855.918 784.333 703.189 639.067 605.836 549.837 508.826 457.787 460.869 448.978 439.503 442.332 501.587 518.547 588.806 654.529 745.311 890.957 1043.027 1148.660 1275.428 1417.574 1647.051 1760.949 2054.921 2147.242 2226.885 2409.040 2427.357 2531.623 2570.003
591.916 530.921 453.847 401.974 366.861 322.881 311.578 288.316 289.992 313.367 374.941 495.628 597.906 697.549 836.612 979.463 1047.530 1147.448 1175.972 1269.263 1330.239 1350.509 1314.791 1290.693 1223.501 1199.323 1230.343 1149.382 1087.672 1049.311 1003.457 965.866 866.454 773.775 702.805 638.322 588.555 548.067 512.732 480.438 437.433 436.308 403.723 383.897 403.674 432.838 501.255 598.758 647.525 719.709 912.119 1019.066 1073.635 1255.395 1422.411 1561.319 1673.769 1905.619 2111.517 2222.176 2291.458 2437.557 2529.311 2634.850
545.774 506.570 434.216 382.954 382.013 338.306 311.438 269.037 260.388 320.244 361.925 467.514 590.176 738.488 941.788 1014.917 1118.460 1171.764 1231.247 1264.917 1283.657 1232.526 1270.680 1216.557 1191.905 1175.940 1117.618 1068.128 1034.045 1015.528 986.795 936.307 760.088 699.742 650.116 631.624 582.357 500.781 470.989 428.123 412.864 389.062 371.030 349.790 384.100 409.725 462.107 555.493 618.688 685.896 844.746 951.946 1114.776 1186.122 1362.503 1537.202 1620.885 1811.159 2128.081 2143.050 2223.685 2330.214 2377.946 2434.051
500.516 473.423 432.016 398.820 361.130 348.670 300.656 269.467 254.205 283.272 348.511 455.522 592.548 745.829 956.212 1042.308 1127.057 1229.848 1309.748 1261.016 1310.556 1245.892 1209.239 1158.777 1100.428 1072.419 1072.921 1019.017 965.507 946.141 878.498 828.803 715.215 652.977 587.571 555.892 510.669 463.019 433.225 380.155 365.537 357.613 346.576 318.260 336.042 377.969 452.728 526.941 611.030 648.903 748.815 947.123 1067.735 1144.047 1274.200 1440.389 1487.829 1718.123 1920.598 2096.261 2119.913 2190.828 2195.504 2220.719
451.090 424.742 420.933 398.191 392.649 364.022 330.227 275.464 233.263 248.023 320.084 446.452 564.577 723.198 929.515 1040.693 1118.906 1235.121 1265.216 1313.141 1329.920 1236.537 1172.766 1088.530 1098.412 1023.654 945.616 910.652 847.539 931.246 769.512 735.921 677.397 627.189 573.796 505.880 474.097 447.745 393.296 368.242 349.615 312.185 293.365 288.243 268.669 356.183 413.394 483.971 593.226 635.776 718.681 841.751 951.962 1068.248 1149.539 1295.753 1480.198 1720.781 1906.880 1959.504 1996.432 2026.012 2094.584 2046.848
403.123 436.732 461.796 454.082 442.520 406.626 379.306 327.120 258.369 199.468 340.780 464.264 622.646 758.028 979.436 1098.282 1202.134 1255.861 1303.897 1282.056 1217.510 1187.792 1115.432 1016.082 958.399 917.094 866.576 830.990 778.112 744.637 689.142 662.309 650.767 560.813 503.204 477.458 440.989 406.749 383.358 356.607 317.476 297.637 270.642 264.420 279.212 318.963 394.060 458.724 532.450 597.675 676.943 756.247 873.392 1044.517 1119.514 1176.700 1300.705 1615.699 1670.067 1789.723 1905.755 1893.770 1837.181 1792.911
478.596 502.785 540.358 556.786 554.167 501.828 453.086 396.963 356.643 341.295 406.073 543.483 673.567 792.130 965.937 1104.681 1209.172 1387.844 1289.445 1219.012 1175.045 1119.889 1043.386 964.075 851.633 809.654 746.754 720.926 674.410 667.426 634.794 612.130 562.394 531.171 495.325 458.252 411.555 397.968 346.956 324.591 313.011 299.731 263.132 261.280 288.846 326.538 397.102 455.930 529.021 593.930 670.289 705.063 805.915 970.779 1092.423 1125.121 1250.333 1295.430 1485.365 1478.367 1656.950 1632.116 1563.386 1418.525
575.684 618.284 652.808 669.199 650.972 632.266 600.709 535.675 469.194 466.490 532.697 595.500 696.655 810.537 987.134 1083.997 1160.217 1289.193 1236.553 1150.980 1112.413 1050.400 944.855 841.897 771.054 696.739 675.339 613.868 581.159 560.408 556.476 529.486 494.524 461.167 437.053 413.717 390.273 377.372 346.023 306.819 297.566 289.463 252.679 282.785 294.182 335.628 384.135 429.190 498.830 539.482 617.428 686.000 781.048 853.465 974.381 1089.482 1202.770 1203.067 1305.179 1355.799 1423.738 1315.341 1324.634 1279.842
654.945 703.412 796.018 866.574 874.205 773.778 687.707 648.788 621.091 613.879 653.722 648.226 782.201 889.555 1017.141 1081.806 1125.815 1152.349 1142.169 1094.773 1044.633 968.595 800.173 755.421 685.613 615.819 571.887 551.474 507.683 493.601 486.213 462.171 444.124 424.254 391.178 377.997 362.942 342.683 300.686 284.764 285.773 277.904 259.907 285.128 293.255 324.723 363.499 408.985 494.633 526.664 589.177 621.614 731.628 829.867 886.628 994.396 1085.119 1109.557 1150.830 1202.521 1259.372 1208.913 1128.909 1145.574
727.263 884.875 982.049 1071.172 1049.822 1024.540 951.314 826.339 741.010 698.582 685.205 728.766 769.184 926.059 973.867 1033.714 1108.933 1102.485 1071.193 1057.991 984.162 887.466 735.189 638.101 592.369 540.786 498.964 481.528 445.319 423.606 436.555 399.766 379.200 369.277 349.487 337.581 330.551 320.347 288.311 276.148 272.480 291.156 289.865 273.977 294.361 322.944 361.604 393.857 421.763 485.313 565.290 643.116 656.853 707.050 790.909 869.910 967.147 1002.147 968.252 1024.027 1077.129 1079.182 1036.731 998.452
843.708 1038.391 1132.731 1245.110 1293.614 1230.613 1106.834 1027.215 928.546 840.012 766.344 751.025 828.367 845.554 898.585 987.612 1039.686 997.568 960.741 909.226 801.383 738.257 670.987 586.116 510.721 453.832 423.208 410.376 394.473 365.955 368.317 360.248 311.456 310.611 298.899 284.798 281.099 270.392 271.306 254.925 255.031 274.490 285.695 280.827 288.772 321.348 340.839 393.666 397.076 460.125 482.200 579.671 606.894 654.007 686.363 728.111 798.357 850.344 858.935 895.625 918.954 918.481 912.882 915.798
969.822 1176.730 1420.020 1509.506 1559.957 1347.364 1225.345 1097.523 1024.314 946.443 874.850 839.421 818.040 833.204 851.493 844.032 880.012 866.545 788.938 744.836 696.473 631.945 590.133 485.520 402.709 393.493 374.793 338.679 333.224 320.606 290.763 282.146 272.831 266.690 250.263 253.142 257.615 237.647 240.308 253.346 263.905 278.441 283.154 296.417 336.941 344.989 360.423 382.344 391.308 427.966 465.000 504.893 522.004 566.286 614.403 622.924 683.075 698.515 718.486 704.492 757.345 818.030 772.185 758.540
1076.179 1314.060 1627.830 1885.977 1710.194 1443.538 1303.680 1175.590 1108.593 1003.725 958.916 855.212 805.341 802.964 787.086 746.047 739.530 698.645 680.284 656.239 590.903 560.108 498.979 454.891 390.240 358.428 320.351 290.374 267.149 268.911 256.246 235.347 218.970 220.845 230.726 225.178 219.294 226.654 233.016 239.970 240.653 286.123 286.284 318.459 344.979 358.087 352.892 354.936 363.139 377.381 402.113 439.954 476.921 503.840 538.709 521.397 559.439 643.359 660.987 650.649 630.426 644.991 623.664 635.473
1162.737 1369.158 1606.988 1774.341 1795.678 1594.359 1364.690 1192.816 1115.362 1016.251 947.702 822.384 771.736 739.762 721.025 662.913 655.667 586.333 598.917 578.736 534.904 478.620 466.012 413.624 375.235 340.455 290.986 276.296 247.899 231.360 204.770 183.067 183.533 192.260 190.413 190.905 195.543 201.711 212.560 232.552 260.891 279.296 315.388 318.990 352.156 379.089 378.336 370.207 371.880 365.980 388.457 395.332 412.352 426.566 431.167 453.439 488.025 527.777 540.564 522.302 527.957 490.930 519.146 515.139
1220.994 1368.977 1561.157 1528.124 1611.796 1532.900 1431.070 1215.465 1097.505 1007.419 908.300 808.118 714.542 688.212 664.330 664.072 580.244 549.842 518.715 524.058 463.129 470.614 438.570 408.425 363.380 332.827 284.119 254.561 236.429 192.688 174.223 142.490 145.377 145.802 144.318 141.233 152.598 163.009 189.848 226.735 237.478 269.422 301.819 339.242 375.833 395.604 377.862 370.240 372.316 372.211 356.588 357.272 379.181 404.050 381.584 383.304 393.400 401.474 422.190 449.304 433.894 451.554 431.176 429.659
1258.322 1374.714 1494.763 1550.235 1451.213 1443.403 1270.672 1148.825 1055.734 959.108 884.506 737.522 681.187 633.018 577.151 551.869 534.256 488.037 464.184 441.197 406.951 425.921 408.670 383.902 363.275 342.357 301.227 235.936 209.615 169.605 138.734 123.449 116.073 115.531 115.087 123.103 131.442 142.369 171.509 218.964 255.601 277.345 327.128 340.708 374.523 387.565 381.901 372.787 374.452 351.969 334.056 351.888 332.332 297.900 329.976 312.894 320.431 344.965 330.877 369.613 380.022 370.183 368.897 363.224
1262.679 1338.818 1369.874 1393.464 1368.371 1295.490 1203.456 1116.627 998.654 926.724 766.949 695.495 620.106 582.173 537.053 482.333 483.563 444.319 407.449 386.037 368.495 380.819 382.869 372.258 372.626 342.212 286.453 237.092 195.899 145.896 120.980 102.910 92.108 92.279 89.350 102.172 111.009 130.796 167.468 213.822 256.274 288.449 337.435 354.774 371.505 379.975 383.724 376.030 366.531 353.284 357.678 336.470 294.029 273.337 274.648 254.076 238.322 279.061 280.465 302.313 304.726 306.086 294.246 307.458
1221.519 1287.469 1366.665 1280.015 1277.553 1158.083 1147.440 1030.294 973.747 872.402 737.925 663.720 548.417 531.214 483.486 455.019 432.392 374.011 333.203 314.571 330.002 358.689 355.111 381.370 388.997 351.441 276.027 224.953 174.405 134.322 97.974 80.427 71.834 77.748 79.447 85.720 99.705 122.986 165.080 216.289 267.716 322.754 351.363 379.036 377.260 389.853 380.763 387.000 373.368 331.524 321.925 308.365 256.516 258.416 235.259 235.923 233.473 237.685 245.988 256.497 265.825 265.052 277.481 272.763
1230.575 1243.425 1202.671 1208.987 1165.134 1114.734 1065.721 984.408 912.906 813.515 713.741 648.410 568.634 494.717 458.929 420.816 377.719 343.547 289.499 259.214 276.478 315.528 331.785 382.620 423.529 367.739 280.501 223.782 165.228 123.257 80.182 51.424 48.421 53.831 70.566 82.864 95.774 115.817 177.904 239.200 315.030 360.394 369.324 380.786 385.134 385.584 374.969 385.857 378.734 348.496 314.611 286.357 256.983 245.925 238.743 220.827 232.370 218.560 226.209 243.262 239.579 268.562 250.012 247.445
1211.792 1229.889 1161.796 1148.558 1097.539 1031.916 1013.213 922.136 817.438 763.515 695.031 642.041 541.344 505.126 444.775 398.153 332.923 305.019 248.087 227.375 238.949 291.118 341.341 365.741 369.495 315.774 268.493 212.595 158.797 109.976 66.855 39.740 38.840 55.892 73.587 88.399 117.673 160.322 222.975 279.644 337.822 370.223 386.230 391.009 389.147 410.869 417.534 379.191 363.259 337.853 329.329 286.828 251.362 254.558 245.482 222.904 215.305 217.230 209.268 217.357 219.233 223.250 242.031 227.277
1175.934 1135.317 1159.929 1103.246 1046.959 976.781 924.846 766.861 752.712 718.871 659.357 600.898 538.636 460.275 438.410 396.808 351.691 329.777 246.554 185.874 239.551 296.603 336.326 337.766 330.168 291.844 243.113 207.671 144.991 100.580 55.717 17.649 32.963 56.267 90.431 119.198 153.672 219.825 290.394 361.716 385.381 412.585 411.079 423.508 439.958 419.009 401.587 391.827 372.115 340.257 313.733 304.952 267.746 251.180 234.853 222.002 212.474 208.753 203.684 -999.250 222.377 211.925 -999.250 -999.250
1159.692 1125.797 1041.546 1066.096 1043.902 886.631 748.852 708.647 684.385 658.620 633.609 589.553 530.022 483.827 446.041 408.220 364.773 355.960 302.575 292.750 276.417 332.082 338.462 335.539 319.410 264.011 225.430 187.656 151.231 105.125 64.853 42.314 47.902 70.445 108.613 147.116 206.906 257.938 352.231 398.961 453.803 466.036 470.542 468.005 467.916 443.365 431.438 400.158 393.257 368.563 330.416 299.297 276.418 268.406 247.445 230.825 219.227 -999.250 -999.250 -999.250 -999.250 -999.250 -999.250 -999.250
1114.325 1120.464 1027.771 978.932 894.733 779.455 660.786 605.739 600.669 589.854 601.205 583.910 531.560 500.950 476.707 460.742 447.945 432.808 397.682 395.984 359.990 372.879 370.455 373.236 326.245 269.962 223.474 191.873 140.959 115.015 79.021 67.980 68.338 85.499 116.500 166.255 220.364 305.237 370.173 456.466 527.218 535.664 555.762 527.783 516.011 488.671 440.947 422.310 408.341 386.493 385.201 324.890 320.099 263.739 254.645 242.783 -999.250 -999.250 -999.250 -999.250 -999.250 -999.250 -999.250 -999.250
1083.094 1080.149 1010.763 905.622 794.081 656.338 584.076 532.574 496.221 519.060 606.152 519.286 532.875 540.170 528.557 544.052 521.641 514.181 501.812 474.522 461.332 444.852 426.527 381.936 337.849 273.215 248.135 192.465 150.355 116.470 92.727 87.608 81.603 106.109 135.304 192.850 238.982 344.304 412.163 519.071 596.018 604.644 596.760 556.526 526.113 502.894 458.681 466.697 431.200 407.812 393.901 367.339 328.270 307.242 309.808 271.474 -999.250 -999.250 -999.250 -999.250 -999.250 -999.250 -999.250 -999.250
1062.442 1046.819 969.959 815.058 712.398 582.085 470.854 438.602 438.064 394.704 291.638 456.519 543.113 608.099 645.519 650.779 637.019 651.667 629.016 596.415 541.014 524.851 462.231 408.490 354.212 299.590 264.142 212.737 153.873 122.081 107.753 101.337 104.276 119.329 137.110 197.525 250.809 347.945 431.029 556.680 688.759 619.804 575.512 555.761 517.472 529.454 477.363 451.857 438.496 408.364 417.512 386.894 349.035 347.752 308.464 -999.250 -999.250 -999.250 -999.250 -999.250 -999.250 -999.250 -999.250 -999.250
1007.619 973.609 953.625 794.013 668.701 532.244 403.633 433.091 452.171 441.750 438.910 531.201 628.215 691.438 721.492 777.321 768.519 746.591 699.054 688.478 643.162 574.326 512.943 464.679 401.056 352.442 279.933 223.206 163.985 130.657 116.553 108.680 111.065 118.461 138.833 176.299 241.286 320.755 400.572 529.063 594.487 579.793 574.573 565.519 538.987 507.683 501.170 471.773 427.007 416.999 390.603 384.301 372.180 345.326 -999.250 -999.250 -999.250 -999.250 -999.250 -999.250 -999.250 -999.250 -999.250 -999.250
996.652 963.952 960.102 775.601 647.533 549.740 511.461 519.375 577.785 581.518 633.131 681.465 722.323 805.428 923.198 945.330 951.083 938.888 894.077 811.904 744.204 656.561 554.945 472.221 413.860 350.877 291.711 224.217 176.189 141.440 119.804 113.311 110.455 119.037 133.947 172.382 223.202 284.027 374.259 454.721 518.479 527.627 522.605 541.319 518.946 523.151 506.520 463.612 446.420 416.123 415.290 375.975 373.822 361.268 -999.250 -999.250 -999.250 -999.250 -999.250 -999.250 -999.250 -999.250 -999.250 -999.250
942.828 966.363 892.899 735.042 660.407 588.110 594.190 620.402 689.310 765.569 800.436 862.353 879.321 936.376 1018.973 1095.117 1074.014 1019.566 975.045 961.379 805.354 668.023 582.949 503.902 428.623 357.691 302.044 243.596 192.053 156.041 128.663 116.723 112.853 121.403 130.491 146.856 190.045 239.968 307.362 379.949 444.453 503.701 515.645 494.300 484.307 501.471 485.962 488.198 459.320 423.204 405.963 392.669 370.755 -999.250 -999.250 -999.250 -999.250 -999.250 -999.250 -999.250 -999.250 -999.250 -999.250 -999.250
873.039 865.155 807.831 711.400 631.351 629.830 641.000 684.989 843.708 980.116 963.571 962.229 985.569 994.198 1082.196 1213.382 1115.389 1050.604 979.217 903.331 770.430 684.149 607.787 519.680 431.571 356.381 285.372 237.767 192.638 149.066 128.086 115.300 115.201 113.926 119.546 133.362 149.713 169.153 248.427 334.119 407.975 438.379 474.835 505.821 479.898 508.914 500.391 475.969 441.666 425.148 407.842 394.178 394.327 -999.250 -999.250 -999.250 -999.250 -999.250 -999.250 -999.250 -999.250 -999.250 -999.250 -999.250
