data/medianmodel_13-Jul-2020.asc
ncols	141
nrows	288
xllcorner	-120191.398
yllcorner	-301404.813
cellsize	2000.000
NODATA_value	-999.250
[rows 31 to 61 of 288, columns 0 to 69 of 141]
-999.250 -999.250 -999.250 -999.250 -999.250 -999.250 -999.250 -999.250 -999.250 -999.250 -999.250 -999.250 -999.250 -999.250 -999.250 -999.250 -999.250 -999.250 -999.250 -999.250 -999.250 -999.250 -999.250 -999.250 -999.250 -999.250 -999.250 -999.250 -999.250 -999.250 -999.250 -999.250 5.960 4.201 3.557 0.262 0.166 0.000 0.000 0.000 0.000 0.000 0.000 0.000 0.867 1.287 2.462 4.201 3.308 4.004 1.751 0.539 0.251 2.463 4.651 1.961 0.000 0.000 0.000 0.000 0.000 0.000 0.000 0.000 0.000 0.000 0.000 0.000 0.000 0.000
-999.250 -999.250 -999.250 -999.250 -999.250 -999.250 -999.250 -999.250 -999.250 -999.250 -999.250 -999.250 -999.250 -999.250 -999.250 -999.250 -999.250 -999.250 -999.250 -999.250 -999.250 -999.250 -999.250 -999.250 -999.250 -999.250 -999.250 -999.250 -999.250 -999.250 -999.250 -999.250 7.021 5.815 5.099 2.619 0.903 0.000 0.000 0.042 0.370 0.000 0.000 0.000 0.402 1.989 4.499 5.419 6.233 5.276 2.295 0.000 1.255 0.382 2.321 0.776 0.000 0.000 0.000 0.000 0.000 0.000 0.000 1.165 1.882 2.012 0.376 0.000 0.000 0.000
-999.250 -999.250 -999.250 -999.250 -999.250 -999.250 -999.250 -999.250 -999.250 -999.250 -999.250 -999.250 -999.250 -999.250 -999.250 -999.250 -999.250 -999.250 -999.250 -999.250 -999.250 -999.250 -999.250 -999.250 -999.250 -999.250 -999.250 -999.250 -999.250 -999.250 -999.250 -999.250 8.008 11.704 5.849 2.117 0.645 0.082 0.000 0.960 3.443 0.000 0.000 0.000 0.329 2.866 4.292 6.031 10.948 5.882 4.353 2.672 1.428 3.188 1.009 0.561 0.000 0.000 0.000 0.000 0.000 0.065 1.124 2.002 3.359 2.551 0.755 0.000 0.000 0.000
-999.250 -999.250 -999.250 -999.250 -999.250 -999.250 -999.250 -999.250 -999.250 -999.250 -999.250 -999.250 -999.250 -999.250 -999.250 -999.250 -999.250 -999.250 -999.250 -999.250 -999.250 -999.250 -999.250 -999.250 -999.250 -999.250 -999.250 -999.250 -999.250 -999.250 -999.250 -999.250 9.176 9.730 7.933 5.515 2.169 0.000 0.263 0.000 0.327 0.000 0.000 0.000 0.000 0.132 1.829 3.879 6.218 5.198 3.857 2.093 1.269 0.922 1.644 0.000 0.022 0.000 0.000 0.000 1.183 0.642 2.558 3.496 6.399 3.431 0.729 0.000 0.000 0.000
-999.250 -999.250 -999.250 -999.250 -999.250 -999.250 -999.250 -999.250 -999.250 -999.250 -999.250 -999.250 -999.250 -999.250 -999.250 -999.250 -999.250 -999.250 -999.250 -999.250 -999.250 -999.250 -999.250 -999.250 -999.250 -999.250 -999.250 -999.250 -999.250 -999.250 -999.250 -999.250 8.638 8.006 7.509 5.331 4.369 2.092 0.000 0.000 0.000 0.000 0.000 0.000 0.000 0.000 0.000 1.042 2.088 3.338 1.368 0.762 1.115 0.000 0.771 0.000 0.345 0.368 1.455 2.306 1.150 1.120 3.268 3.949 3.778 1.560 0.171 0.000 0.000 0.000
-999.250 -999.250 -999.250 -999.250 -999.250 -999.250 -999.250 -999.250 -999.250 -999.250 -999.250 -999.250 -999.250 -999.250 -999.250 -999.250 -999.250 -999.250 -999.250 -999.250 -999.250 -999.250 -999.250 -999.250 -999.250 -999.250 -999.250 -999.250 -999.250 -999.250 -999.250 -999.250 9.574 9.762 8.945 6.388 4.934 2.516 2.195 1.197 0.286 0.000 0.000 0.000 0.000 0.000 0.000 0.000 0.000 0.000 0.456 0.074 0.605 1.788 0.182 0.414 1.831 1.994 3.349 3.743 1.788 2.231 2.714 4.073 4.689 2.524 1.450 0.000 0.000 0.000
-999.250 -999.250 -999.250 -999.250 -999.250 -999.250 -999.250 -999.250 -999.250 -999.250 -999.250 -999.250 -999.250 -999.250 -999.250 -999.250 -999.250 -999.250 -999.250 -999.250 -999.250 -999.250 -999.250 -999.250 -999.250 -999.250 -999.250 -999.250 -999.250 -999.250 -999.250 -999.250 -999.250 13.431 11.078 7.973 7.148 5.954 3.907 2.335 0.212 0.000 0.000 0.000 0.000 0.000 0.000 0.000 0.000 0.000 0.043 1.780 2.834 3.361 2.649 1.156 2.562 4.515 4.437 5.871 4.295 4.085 5.095 5.536 5.325 3.688 2.020 0.000 0.000 0.000
-999.250 -999.250 -999.250 -999.250 -999.250 -999.250 -999.250 -999.250 -999.250 -999.250 -999.250 -999.250 -999.250 -999.250 -999.250 -999.250 -999.250 -999.250 -999.250 -999.250 -999.250 -999.250 -999.250 -999.250 -999.250 -999.250 -999.250 -999.250 -999.250 -999.250 -999.250 -999.250 -999.250 15.352 13.892 14.933 11.362 9.059 5.702 5.730 2.788 0.000 0.000 0.000 0.000 0.000 0.000 0.000 0.000 0.214 2.513 4.459 5.579 4.291 2.628 3.274 3.195 4.226 8.323 5.475 4.521 5.311 6.040 6.353 6.710 4.931 1.388 0.000 0.000 0.000
-999.250 -999.250 -999.250 -999.250 -999.250 -999.250 -999.250 -999.250 -999.250 -999.250 -999.250 -999.250 -999.250 -999.250 -999.250 -999.250 -999.250 -999.250 -999.250 -999.250 -999.250 -999.250 -999.250 -999.250 -999.250 -999.250 -999.250 -999.250 -999.250 -999.250 -999.250 -999.250 20.938 20.216 17.435 15.129 16.495 14.300 10.431 6.121 1.979 0.000 0.000 0.000 0.000 0.000 0.000 0.000 0.000 3.354 5.192 6.833 10.505 6.625 4.813 3.131 2.156 4.425 5.176 4.982 5.783 6.872 7.702 10.834 7.398 4.748 0.666 0.000 0.000 0.000
-999.250 -999.250 -999.250 -999.250 -999.250 -999.250 -999.250 -999.250 -999.250 -999.250 -999.250 -999.250 -999.250 -999.250 -999.250 -999.250 -999.250 -999.250 -999.250 -999.250 -999.250 -999.250 -999.250 -999.250 -999.250 -999.250 -999.250 -999.250 -999.250 -999.250 -999.250 -999.250 23.038 27.984 24.177 20.986 20.085 19.670 14.979 7.877 4.559 0.639 0.000 0.000 0.000 0.000 0.000 0.000 0.724 4.979 7.135 8.538 10.114 9.283 5.813 3.564 1.898 2.441 3.187 4.364 6.347 9.082 10.217 15.756 8.369 4.581 1.395 0.000 0.000 0.000
-999.250 -999.250 -999.250 -999.250 -999.250 -999.250 -999.250 -999.250 -999.250 -999.250 -999.250 -999.250 -999.250 -999.250 -999.250 -999.250 -999.250 -999.250 -999.250 -999.250 -999.250 -999.250 -999.250 -999.250 -999.250 -999.250 -999.250 -999.250 -999.250 -999.250 -999.250 -999.250 -999.250 27.604 33.448 26.911 28.555 20.206 17.660 10.593 4.594 1.882 0.000 1.716 4.557 0.000 0.000 0.000 4.226 6.117 12.519 12.673 12.088 11.503 6.946 4.458 2.685 1.075 1.402 1.553 4.244 7.179 8.675 10.435 7.547 4.239 0.000 0.000 0.000 0.000
-999.250 -999.250 -999.250 -999.250 -999.250 -999.250 -999.250 -999.250 -999.250 -999.250 -999.250 -999.250 -999.250 -999.250 -999.250 -999.250 -999.250 -999.250 -999.250 -999.250 -999.250 -999.250 -999.250 -999.250 -999.250 -999.250 -999.250 -999.250 -999.250 -999.250 -999.250 -999.250 -999.250 30.233 30.602 33.823 31.493 23.262 16.965 11.645 6.441 4.660 2.005 1.329 1.347 0.000 0.000 1.345 7.814 12.903 16.827 18.421 25.108 15.214 9.323 5.815 2.943 1.633 0.507 1.631 2.322 5.287 6.184 7.585 5.293 2.217 0.000 0.000 0.000 0.000
-999.250 -999.250 -999.250 -999.250 -999.250 -999.250 -999.250 -999.250 -999.250 -999.250 -999.250 -999.250 -999.250 -999.250 -999.250 -999.250 -999.250 -999.250 -999.250 -999.250 -999.250 -999.250 -999.250 -999.250 -999.250 -999.250 -999.250 -999.250 -999.250 -999.250 -999.250 -999.250 -999.250 32.814 34.345 41.120 31.641 25.608 19.842 11.472 8.894 5.619 3.982 4.924 2.520 1.609 0.942 4.408 15.716 20.090 24.185 28.671 23.702 17.271 9.831 6.542 4.451 5.317 2.393 1.051 2.052 3.347 2.397 4.009 3.455 1.176 0.000 0.000 0.000 0.000
-999.250 -999.250 -999.250 -999.250 -999.250 -999.250 -999.250 -999.250 -999.250 -999.250 -999.250 -999.250 -999.250 -999.250 -999.250 -999.250 -999.250 -999.250 -999.250 -999.250 -999.250 -999.250 -999.250 -999.250 -999.250 -999.250 -999.250 -999.250 -999.250 -999.250 -999.250 -999.250 -999.250 -999.250 40.491 55.069 38.943 28.991 18.240 11.513 8.522 7.373 6.583 6.828 6.302 5.601 8.875 15.847 29.920 39.362 39.724 40.288 31.761 17.736 9.965 5.220 2.630 1.553 0.000 0.000 0.000 0.506 2.407 1.342 1.190 0.479 0.000 0.000 0.000 0.000
-999.250 -999.250 -999.250 -999.250 -999.250 -999.250 -999.250 -999.250 -999.250 -999.250 -999.250 -999.250 -999.250 -999.250 -999.250 -999.250 -999.250 -999.250 -999.250 -999.250 -999.250 -999.250 -999.250 -999.250 -999.250 -999.250 -999.250 -999.250 -999.250 -999.250 -999.250 -999.250 -999.250 -999.250 39.463 40.582 36.480 26.582 19.751 12.640 9.545 7.190 6.911 13.015 10.699 11.951 17.631 31.249 43.194 62.301 67.151 52.491 34.495 19.634 9.827 4.890 0.587 0.000 0.000 0.000 0.000 0.000 2.052 3.273 1.914 0.027 0.000 0.000 0.000 0.000
-999.250 -999.250 -999.250 -999.250 -999.250 -999.250 -999.250 -999.250 -999.250 -999.250 -999.250 -999.250 -999.250 -999.250 -999.250 -999.250 -999.250 -999.250 -999.250 -999.250 -999.250 -999.250 -999.250 -999.250 -999.250 -999.250 -999.250 -999.250 -999.250 -999.250 -999.250 -999.250 -999.250 -999.250 32.861 29.421 29.016 23.084 18.697 12.913 11.895 8.300 8.350 11.182 11.297 13.967 23.604 39.868 68.782 75.299 100.480 69.916 43.445 22.254 7.044 0.619 0.000 0.000 0.000 0.000 0.000 0.000 1.867 1.502 1.575 0.000 0.000 0.000 0.000 0.000
-999.250 -999.250 -999.250 -999.250 -999.250 -999.250 -999.250 -999.250 -999.250 -999.250 -999.250 -999.250 -999.250 -999.250 -999.250 -999.250 -999.250 -999.250 -999.250 -999.250 -999.250 -999.250 -999.250 -999.250 -999.250 -999.250 -999.250 -999.250 -999.250 -999.250 -999.250 -999.250 -999.250 -999.250 26.109 23.417 22.956 19.513 16.422 11.985 9.298 8.399 7.823 11.364 13.405 17.093 24.141 42.423 69.369 81.508 76.548 61.106 43.002 23.627 4.278 0.000 0.000 0.000 0.000 0.000 0.000 0.567 3.667 2.116 1.095 0.585 0.000 0.000 0.000 0.000
-999.250 -999.250 -999.250 -999.250 -999.250 -999.250 -999.250 -999.250 -999.250 -999.250 -999.250 -999.250 -999.250 -999.250 -999.250 -999.250 -999.250 -999.250 -999.250 -999.250 -999.250 -999.250 -999.250 -999.250 -999.250 -999.250 -999.250 -999.250 -999.250 -999.250 -999.250 -999.250 -999.250 -999.250 -999.250 21.530 16.041 18.131 14.177 12.083 9.920 10.125 10.213 10.190 13.162 16.452 26.072 41.354 55.761 58.355 65.257 52.013 29.894 16.463 4.843 0.000 0.000 0.000 0.000 0.000 0.000 0.717 5.640 3.424 0.000 0.587 0.000 0.000 0.000 0.000
-999.250 -999.250 -999.250 -999.250 -999.250 -999.250 -999.250 -999.250 -999.250 -999.250 -999.250 -999.250 -999.250 -999.250 -999.250 -999.250 -999.250 -999.250 -999.250 -999.250 -999.250 -999.250 -999.250 -999.250 -999.250 -999.250 -999.250 -999.250 -999.250 -999.250 -999.250 -999.250 -999.250 -999.250 -999.250 17.511 15.273 13.588 10.470 11.303 9.387 10.224 11.553 11.957 12.000 17.410 28.695 35.019 41.843 47.794 47.524 36.346 26.544 12.827 3.376 0.000 0.000 0.000 0.000 0.000 0.000 0.000 1.097 0.920 0.316 0.000 0.000 0.000 0.000 0.000
-999.250 -999.250 -999.250 -999.250 -999.250 -999.250 -999.250 -999.250 -999.250 -999.250 -999.250 -999.250 -999.250 -999.250 -999.250 -999.250 -999.250 -999.250 -999.250 -999.250 -999.250 -999.250 -999.250 -999.250 -999.250 -999.250 -999.250 -999.250 -999.250 -999.250 -999.250 -999.250 -999.250 -999.250 -999.250 14.521 12.425 12.194 10.202 10.794 9.919 10.312 14.148 13.256 14.716 16.140 20.116 23.333 22.339 27.404 24.279 23.473 19.251 12.196 5.293 0.000 0.000 0.000 0.000 0.000 0.000 0.000 0.000 0.000 0.000 0.000 0.000 0.000 0.000 0.000
-999.250 -999.250 -999.250 -999.250 -999.250 -999.250 -999.250 -999.250 -999.250 -999.250 -999.250 -999.250 -999.250 -999.250 -999.250 -999.250 -999.250 -999.250 -999.250 -999.250 -999.250 -999.250 -999.250 -999.250 -999.250 -999.250 -999.250 -999.250 -999.250 -999.250 -999.250 -999.250 -999.250 -999.250 -999.250 10.900 11.020 10.173 11.976 8.543 8.936 12.643 20.525 15.488 15.568 14.101 17.272 15.872 16.357 14.660 11.943 16.284 11.251 10.934 6.375 2.645 0.000 0.000 0.000 0.000 0.000 0.000 0.000 0.000 0.000 0.000 0.000 0.000 0.000 0.000
-999.250 -999.250 -999.250 -999.250 -999.250 -999.250 -999.250 -999.250 -999.250 -999.250 -999.250 -999.250 -999.250 -999.250 -999.250 -999.250 -999.250 -999.250 -999.250 -999.250 -999.250 -999.250 -999.250 -999.250 -999.250 -999.250 -999.250 -999.250 -999.250 -999.250 -999.250 -999.250 -999.250 -999.250 -999.250 10.160 8.353 10.444 9.775 7.474 9.616 12.709 13.521 13.239 12.398 10.719 11.602 9.656 7.002 5.809 7.329 9.099 10.384 11.481 7.270 4.462 0.369 0.000 0.000 1.493 1.028 0.060 0.000 0.000 0.000 0.000 0.000 0.000 0.000 0.000
-999.250 -999.250 -999.250 -999.250 -999.250 -999.250 -999.250 -999.250 -999.250 -999.250 -999.250 -999.250 -999.250 -999.250 -999.250 -999.250 -999.250 -999.250 -999.250 -999.250 -999.250 -999.250 -999.250 -999.250 -999.250 -999.250 -999.250 -999.250 -999.250 -999.250 -999.250 -999.250 -999.250 -999.250 -999.250 -999.250 9.824 11.367 9.950 13.826 10.886 11.305 11.640 8.780 9.508 7.968 6.393 5.537 3.637 2.863 4.104 7.399 14.332 10.673 8.384 3.498 1.388 1.285 2.651 7.768 4.765 2.524 1.290 0.345 0.000 0.000 0.000 0.000 0.000 0.000
-999.250 -999.250 -999.250 -999.250 -999.250 -999.250 -999.250 -999.250 -999.250 -999.250 -999.250 -999.250 -999.250 -999.250 -999.250 -999.250 -999.250 -999.250 -999.250 -999.250 -999.250 -999.250 -999.250 -999.250 -999.250 -999.250 -999.250 -999.250 -999.250 -999.250 -999.250 -999.250 -999.250 -999.250 -999.250 -999.250 9.889 12.586 17.997 22.160 13.949 11.109 9.366 9.639 6.729 5.897 4.293 3.937 0.000 0.000 1.220 4.358 7.566 7.263 5.988 3.506 4.247 3.610 4.911 6.735 5.743 4.599 3.924 1.606 0.348 2.879 1.343 0.000 0.000 0.000
-999.250 -999.250 -999.250 -999.250 -999.250 -999.250 -999.250 -999.250 -999.250 -999.250 -999.250 -999.250 -999.250 -999.250 -999.250 -999.250 -999.250 -999.250 -999.250 -999.250 -999.250 -999.250 -999.250 -999.250 -999.250 -999.250 -999.250 -999.250 -999.250 -999.250 -999.250 -999.250 -999.250 -999.250 -999.250 -999.250 -999.250 14.061 17.710 20.728 20.065 13.386 10.836 8.342 6.565 5.203 2.674 0.478 0.000 0.000 0.000 1.173 3.801 3.732 4.794 5.749 6.260 6.315 9.031 10.397 9.609 6.978 5.584 4.542 3.662 2.552 5.334 0.000 0.000 0.000
-999.250 -999.250 -999.250 -999.250 -999.250 -999.250 -999.250 -999.250 -999.250 -999.250 -999.250 -999.250 -999.250 -999.250 -999.250 -999.250 -999.250 -999.250 -999.250 -999.250 -999.250 -999.250 -999.250 -999.250 -999.250 -999.250 -999.250 -999.250 -999.250 -999.250 -999.250 -999.250 -999.250 -999.250 -999.250 -999.250 -999.250 15.701 18.124 22.317 26.570 22.171 16.292 10.835 8.177 4.215 3.270 0.000 0.000 0.000 0.000 0.000 0.851 2.519 4.232 7.746 10.728 9.933 13.585 14.143 14.085 10.354 7.804 5.929 5.609 4.704 2.413 0.000 0.000 0.000
-999.250 -999.250 -999.250 -999.250 -999.250 -999.250 -999.250 -999.250 -999.250 -999.250 -999.250 -999.250 -999.250 -999.250 -999.250 -999.250 -999.250 -999.250 -999.250 -999.250 -999.250 -999.250 -999.250 -999.250 -999.250 -999.250 -999.250 -999.250 -999.250 -999.250 -999.250 -999.250 -999.250 -999.250 -999.250 -999.250 -999.250 17.593 25.559 32.685 41.268 25.592 20.006 13.683 11.368 5.460 1.582 0.525 0.000 0.000 0.000 0.000 1.560 2.572 3.917 10.262 12.513 14.645 16.295 19.931 16.424 15.722 10.556 8.058 7.679 3.461 2.047 0.000 0.000 0.000
-999.250 -999.250 -999.250 -999.250 -999.250 -999.250 -999.250 -999.250 -999.250 -999.250 -999.250 -999.250 -999.250 -999.250 -999.250 -999.250 -999.250 -999.250 -999.250 -999.250 -999.250 -999.250 -999.250 -999.250 -999.250 -999.250 -999.250 -999.250 -999.250 -999.250 -999.250 -999.250 -999.250 -999.250 -999.250 -999.250 -999.250 16.926 19.697 23.596 30.903 26.139 22.504 15.943 15.106 9.545 5.455 2.241 0.000 0.000 0.000 0.089 2.066 5.206 6.544 13.118 18.019 23.557 26.700 31.701 23.242 17.558 12.881 11.085 8.006 4.762 3.023 0.000 0.000 0.000
-999.250 -999.250 -999.250 -999.250 -999.250 -999.250 -999.250 -999.250 -999.250 -999.250 -999.250 -999.250 -999.250 -999.250 -999.250 -999.250 -999.250 -999.250 -999.250 -999.250 -999.250 -999.250 -999.250 -999.250 -999.250 -999.250 -999.250 -999.250 -999.250 -999.250 -999.250 -999.250 -999.250 -999.250 -999.250 -999.250 -999.250 -999.250 15.311 18.149 20.477 21.437 18.514 20.873 17.733 12.032 8.471 5.888 1.124 0.129 0.000 2.059 5.117 8.148 11.322 16.352 24.102 30.868 37.941 30.383 29.334 19.679 17.186 12.809 9.685 7.305 4.058 0.888 0.000 0.000
-999.250 -999.250 -999.250 -999.250 -999.250 -999.250 -999.250 -999.250 -999.250 -999.250 -999.250 -999.250 -999.250 -999.250 -999.250 -999.250 -999.250 -999.250 -999.250 -999.250 -999.250 -999.250 -999.250 -999.250 -999.250 -999.250 -999.250 -999.250 -999.250 -999.250 -999.250 -999.250 -999.250 -999.250 -999.250 -999.250 -999.250 -999.250 10.579 12.468 17.196 19.543 26.326 23.308 21.212 15.489 13.134 8.401 5.987 4.601 2.242 3.711 6.216 12.942 12.756 20.062 29.067 36.927 54.813 46.037 34.778 26.634 19.611 17.858 11.392 7.964 5.077 1.927 0.000 0.000
-999.250 -999.250 -999.250 -999.250 -999.250 -999.250 -999.250 -999.250 -999.250 -999.250 -999.250 -999.250 -999.250 -999.250 -999.250 -999.250 -999.250 -999.250 -999.250 -999.250 -999.250 -999.250 -999.250 -999.250 -999.250 -999.250 -999.250 -999.250 -999.250 -999.250 -999.250 -999.250 -999.250 -999.250 -999.250 -999.250 -999.250 -999.250 6.978 9.288 15.541 21.542 27.107 29.059 29.603 21.226 18.219 13.376 9.337 7.477 5.389 5.169 7.231 9.956 15.155 22.378 27.315 38.983 47.838 39.946 35.934 26.123 23.921 21.404 13.387 10.133 7.250 4.748 0.680 0.000
