data/medianmodel_31-Aug-2020.asc
ncols	141
nrows	288
xllcorner	-120191.398
yllcorner	-301404.813
cellsize	2000.000
NODATA_value	-999.250
[rows 31 to 61 of 288, columns 0 to 68 of 141]
-999.250 -999.250 -999.250 -999.250 -999.250 -999.250 -999.250 -999.250 -999.250 -999.250 -999.250 -999.250 -999.250 -999.250 -999.250 -999.250 -999.250 -999.250 -999.250 -999.250 -999.250 -999.250 -999.250 -999.250 -999.250 -999.250 -999.250 -999.250 -999.250 -999.250 -999.250 -999.250 5.500 5.402 2.606 2.540 2.655 4.465 8.603 10.186 15.482 23.565 30.557 38.896 47.090 54.814 56.268 51.192 46.739 41.128 36.974 34.524 31.824 36.693 41.862 31.353 23.690 16.154 9.749 6.082 3.361 4.971 6.717 9.428 9.378 10.392 10.045 9.186 7.078
-999.250 -999.250 -999.250 -999.250 -999.250 -999.250 -999.250 -999.250 -999.250 -999.250 -999.250 -999.250 -999.250 -999.250 -999.250 -999.250 -999.250 -999.250 -999.250 -999.250 -999.250 -999.250 -999.250 -999.250 -999.250 -999.250 -999.250 -999.250 -999.250 -999.250 -999.250 -999.250 10.239 7.519 6.013 3.634 5.066 5.422 8.286 10.411 13.051 19.144 25.572 33.099 38.493 41.704 42.216 41.024 40.595 37.733 36.956 35.683 34.816 36.063 35.582 30.044 26.071 18.510 13.444 10.118 8.502 8.933 12.181 14.713 15.137 16.482 14.331 12.006 11.153
-999.250 -999.250 -999.250 -999.250 -999.250 -999.250 -999.250 -999.250 -999.250 -999.250 -999.250 -999.250 -999.250 -999.250 -999.250 -999.250 -999.250 -999.250 -999.250 -999.250 -999.250 -999.250 -999.250 -999.250 -999.250 -999.250 -999.250 -999.250 -999.250 -999.250 -999.250 -999.250 16.865 14.630 10.776 9.285 7.352 8.384 9.026 11.389 14.632 17.843 22.051 29.416 32.318 37.364 36.262 37.244 39.961 35.719 34.159 35.461 34.551 33.447 33.196 30.929 26.013 20.105 19.345 13.598 13.786 15.012 18.351 24.404 27.215 24.597 17.573 14.837 13.347
-999.250 -999.250 -999.250 -999.250 -999.250 -999.250 -999.250 -999.250 -999.250 -999.250 -999.250 -999.250 -999.250 -999.250 -999.250 -999.250 -999.250 -999.250 -999.250 -999.250 -999.250 -999.250 -999.250 -999.250 -999.250 -999.250 -999.250 -999.250 -999.250 -999.250 -999.250 -999.250 25.127 20.631 19.157 15.162 14.215 12.550 13.077 12.662 14.144 17.521 22.258 26.113 28.373 30.834 32.915 32.542 35.252 35.328 35.769 36.470 35.487 34.641 34.228 29.313 26.134 24.763 20.602 16.141 17.834 19.276 23.262 29.274 38.393 26.889 20.305 16.670 14.722
-999.250 -999.250 -999.250 -999.250 -999.250 -999.250 -999.250 -999.250 -999.250 -999.250 -999.250 -999.250 -999.250 -999.250 -999.250 -999.250 -999.250 -999.250 -999.250 -999.250 -999.250 -999.250 -999.250 -999.250 -999.250 -999.250 -999.250 -999.250 -999.250 -999.250 -999.250 -999.250 31.564 28.471 26.446 26.584 25.503 20.661 18.162 19.270 17.718 24.487 23.368 25.987 27.100 27.607 30.163 31.905 33.686 36.514 37.701 38.533 38.796 36.805 32.652 31.456 28.163 23.941 20.763 18.165 19.421 19.703 23.220 27.706 30.495 26.408 19.025 14.768 12.482
-999.250 -999.250 -999.250 -999.250 -999.250 -999.250 -999.250 -999.250 -999.250 -999.250 -999.250 -999.250 -999.250 -999.250 -999.250 -999.250 -999.250 -999.250 -999.250 -999.250 -999.250 -999.250 -999.250 -999.250 -999.250 -999.250 -999.250 -999.250 -999.250 -999.250 -999.250 -999.250 40.520 39.631 39.001 37.285 35.658 31.881 29.335 28.020 27.545 28.788 27.200 28.300 28.322 27.940 28.460 31.668 32.849 37.050 38.801 38.738 40.051 37.267 34.244 30.961 29.458 26.594 23.502 21.250 21.848 23.601 25.454 24.819 25.255 20.315 18.132 11.378 10.251
-999.250 -999.250 -999.250 -999.250 -999.250 -999.250 -999.250 -999.250 -999.250 -999.250 -999.250 -999.250 -999.250 -999.250 -999.250 -999.250 -999.250 -999.250 -999.250 -999.250 -999.250 -999.250 -999.250 -999.250 -999.250 -999.250 -999.250 -999.250 -999.250 -999.250 -999.250 -999.250 -999.250 58.073 54.036 50.807 50.712 41.098 39.064 35.198 34.512 32.946 32.451 30.366 28.875 28.125 29.295 30.275 35.578 37.217 38.949 42.149 40.032 39.144 35.184 30.253 27.980 26.468 24.640 23.008 23.781 24.181 26.771 25.296 23.466 18.241 13.670 10.443 6.785
-999.250 -999.250 -999.250 -999.250 -999.250 -999.250 -999.250 -999.250 -999.250 -999.250 -999.250 -999.250 -999.250 -999.250 -999.250 -999.250 -999.250 -999.250 -999.250 -999.250 -999.250 -999.250 -999.250 -999.250 -999.250 -999.250 -999.250 -999.250 -999.250 -999.250 -999.250 -999.250 -999.250 70.871 70.629 64.728 60.608 57.553 49.012 43.812 40.544 38.278 38.839 35.029 31.590 30.037 31.282 33.343 31.496 37.796 38.316 44.466 45.287 41.115 37.431 32.209 29.796 27.981 29.130 24.831 26.383 26.544 27.720 24.937 22.684 16.986 10.901 7.265 2.492
-999.250 -999.250 -999.250 -999.250 -999.250 -999.250 -999.250 -999.250 -999.250 -999.250 -999.250 -999.250 -999.250 -999.250 -999.250 -999.250 -999.250 -999.250 -999.250 -999.250 -999.250 -999.250 -999.250 -999.250 -999.250 -999.250 -999.250 -999.250 -999.250 -999.250 -999.250 -999.250 77.440 85.981 89.946 89.549 77.757 69.862 58.390 56.016 52.984 47.456 43.977 41.224 39.598 36.413 36.064 33.038 33.550 38.806 39.209 45.402 57.121 42.226 36.171 32.248 28.295 28.296 27.990 27.105 26.886 27.092 28.829 28.402 23.238 15.396 10.370 3.221 0.117
-999.250 -999.250 -999.250 -999.250 -999.250 -999.250 -999.250 -999.250 -999.250 -999.250 -999.250 -999.250 -999.250 -999.250 -999.250 -999.250 -999.250 -999.250 -999.250 -999.250 -999.250 -999.250 -999.250 -999.250 -999.250 -999.250 -999.250 -999.250 -999.250 -999.250 -999.250 -999.250 91.285 96.425 100.504 91.892 89.220 76.565 67.753 63.009 59.274 56.555 54.614 50.453 47.782 42.806 38.911 35.930 34.583 34.402 36.393 37.569 39.418 33.748 31.389 31.030 28.618 25.812 27.722 27.542 26.115 29.586 31.219 36.765 25.647 13.934 7.533 0.336 0.000
-999.250 -999.250 -999.250 -999.250 -999.250 -999.250 -999.250 -999.250 -999.250 -999.250 -999.250 -999.250 -999.250 -999.250 -999.250 -999.250 -999.250 -999.250 -999.250 -999.250 -999.250 -999.250 -999.250 -999.250 -999.250 -999.250 -999.250 -999.250 -999.250 -999.250 -999.250 -999.250 -999.250 102.642 125.828 97.953 91.163 79.784 76.717 72.759 67.121 61.363 56.536 55.977 56.199 46.811 39.134 36.159 34.179 31.518 30.726 27.829 25.705 23.643 25.239 26.576 26.051 26.242 26.556 27.237 25.216 28.009 29.781 28.532 24.333 12.606 5.440 0.000 0.000
-999.250 -999.250 -999.250 -999.250 -999.250 -999.250 -999.250 -999.250 -999.250 -999.250 -999.250 -999.250 -999.250 -999.250 -999.250 -999.250 -999.250 -999.250 -999.250 -999.250 -999.250 -999.250 -999.250 -999.250 -999.250 -999.250 -999.250 -999.250 -999.250 -999.250 -999.250 -999.250 -999.250 102.589 101.158 97.524 92.669 85.180 83.476 70.729 63.375 62.975 58.002 54.765 49.494 45.093 39.793 37.279 33.821 30.853 26.975 22.227 16.738 16.407 18.723 21.698 25.444 26.468 25.173 24.774 22.976 23.730 24.774 24.115 17.014 11.075 4.946 0.000 0.000
-999.250 -999.250 -999.250 -999.250 -999.250 -999.250 -999.250 -999.250 -999.250 -999.250 -999.250 -999.250 -999.250 -999.250 -999.250 -999.250 -999.250 -999.250 -999.250 -999.250 -999.250 -999.250 -999.250 -999.250 -999.250 -999.250 -999.250 -999.250 -999.250 -999.250 -999.250 -999.250 -999.250 97.986 103.895 101.469 96.388 89.255 74.008 74.644 64.022 61.580 56.263 54.063 50.544 44.141 39.026 39.674 34.176 29.101 25.470 17.983 15.093 14.725 15.327 19.621 23.524 28.358 22.564 19.735 18.862 18.088 16.748 17.715 12.817 10.616 5.238 0.000 0.000
-999.250 -999.250 -999.250 -999.250 -999.250 -999.250 -999.250 -999.250 -999.250 -999.250 -999.250 -999.250 -999.250 -999.250 -999.250 -999.250 -999.250 -999.250 -999.250 -999.250 -999.250 -999.250 -999.250 -999.250 -999.250 -999.250 -999.250 -999.250 -999.250 -999.250 -999.250 -999.250 -999.250 -999.250 105.581 122.655 94.722 85.339 81.201 69.683 61.389 57.874 59.181 55.521 47.797 39.846 37.117 34.792 35.172 32.415 29.227 26.123 20.915 19.025 18.654 19.402 21.691 21.695 17.414 16.372 15.155 13.470 12.352 12.678 10.633 7.796 3.978 0.389 0.000
-999.250 -999.250 -999.250 -999.250 -999.250 -999.250 -999.250 -999.250 -999.250 -999.250 -999.250 -999.250 -999.250 -999.250 -999.250 -999.250 -999.250 -999.250 -999.250 -999.250 -999.250 -999.250 -999.250 -999.250 -999.250 -999.250 -999.250 -999.250 -999.250 -999.250 -999.250 -999.250 -999.250 -999.250 97.720 98.270 91.167 86.965 71.943 65.793 61.831 56.898 58.007 59.868 44.867 37.915 35.400 35.503 34.094 38.250 38.323 33.348 27.451 26.064 25.358 24.939 19.481 17.871 13.380 13.052 10.542 11.386 9.702 9.145 7.760 5.202 3.404 2.789 1.865
-999.250 -999.250 -999.250 -999.250 -999.250 -999.250 -999.250 -999.250 -999.250 -999.250 -999.250 -999.250 -999.250 -999.250 -999.250 -999.250 -999.250 -999.250 -999.250 -999.250 -999.250 -999.250 -999.250 -999.250 -999.250 -999.250 -999.250 -999.250 -999.250 -999.250 -999.250 -999.250 -999.250 -999.250 93.260 90.154 80.311 72.200 64.951 60.457 55.857 48.110 45.611 42.322 36.514 32.076 31.982 34.224 35.586 40.185 51.121 41.849 36.765 33.094 32.761 28.150 25.304 15.961 12.616 9.313 10.182 9.676 8.231 6.673 5.733 2.649 1.758 1.758 3.285
-999.250 -999.250 -999.250 -999.250 -999.250 -999.250 -999.250 -999.250 -999.250 -999.250 -999.250 -999.250 -999.250 -999.250 -999.250 -999.250 -999.250 -999.250 -999.250 -999.250 -999.250 -999.250 -999.250 -999.250 -999.250 -999.250 -999.250 -999.250 -999.250 -999.250 -999.250 -999.250 -999.250 -999.250 81.269 75.944 70.630 63.306 55.065 47.663 41.426 37.215 35.712 31.517 27.965 27.929 29.493 31.817 37.637 39.970 44.236 42.483 39.671 41.516 47.054 35.712 25.358 17.920 12.531 11.077 8.269 8.275 8.978 7.290 2.881 0.886 0.408 2.104 4.149
-999.250 -999.250 -999.250 -999.250 -999.250 -999.250 -999.250 -999.250 -999.250 -999.250 -999.250 -999.250 -999.250 -999.250 -999.250 -999.250 -999.250 -999.250 -999.250 -999.250 -999.250 -999.250 -999.250 -999.250 -999.250 -999.250 -999.250 -999.250 -999.250 -999.250 -999.250 -999.250 -999.250 -999.250 -999.250 66.104 60.462 51.762 43.545 35.062 28.274 26.049 24.080 23.219 21.066 24.618 28.431 31.128 35.763 40.275 41.918 42.515 42.098 42.418 40.441 34.614 27.022 20.058 15.343 11.425 10.062 10.450 13.160 5.745 1.637 0.000 0.000 1.051 5.042
-999.250 -999.250 -999.250 -999.250 -999.250 -999.250 -999.250 -999.250 -999.250 -999.250 -999.250 -999.250 -999.250 -999.250 -999.250 -999.250 -999.250 -999.250 -999.250 -999.250 -999.250 -999.250 -999.250 -999.250 -999.250 -999.250 -999.250 -999.250 -999.250 -999.250 -999.250 -999.250 -999.250 -999.250 -999.250 55.485 46.656 40.326 30.792 23.106 17.937 12.103 13.225 12.916 14.716 17.832 25.127 29.392 37.079 39.703 41.448 42.219 43.151 41.297 38.895 34.188 30.736 26.618 18.317 16.408 12.793 11.674 10.021 7.478 2.773 0.213 0.000 0.858 4.270
-999.250 -999.250 -999.250 -999.250 -999.250 -999.250 -999.250 -999.250 -999.250 -999.250 -999.250 -999.250 -999.250 -999.250 -999.250 -999.250 -999.250 -999.250 -999.250 -999.250 -999.250 -999.250 -999.250 -999.250 -999.250 -999.250 -999.250 -999.250 -999.250 -999.250 -999.250 -999.250 -999.250 -999.250 -999.250 47.932 40.272 36.105 28.810 14.392 9.627 8.272 8.085 8.104 9.722 14.973 22.750 31.006 36.287 40.131 42.601 44.703 44.259 43.551 41.038 36.801 34.864 26.829 24.998 20.750 17.661 14.261 9.787 8.275 6.886 5.300 2.426 0.651 2.000
-999.250 -999.250 -999.250 -999.250 -999.250 -999.250 -999.250 -999.250 -999.250 -999.250 -999.250 -999.250 -999.250 -999.250 -999.250 -999.250 -999.250 -999.250 -999.250 -999.250 -999.250 -999.250 -999.250 -999.250 -999.250 -999.250 -999.250 -999.250 -999.250 -999.250 -999.250 -999.250 -999.250 -999.250 -999.250 43.128 37.284 34.670 32.505 15.629 9.781 6.639 9.236 7.107 6.779 12.738 20.538 28.074 36.718 40.257 44.317 48.593 50.251 49.162 43.691 38.635 34.248 28.962 28.156 26.118 21.349 17.838 13.556 11.485 7.523 8.200 5.066 1.972 1.813
-999.250 -999.250 -999.250 -999.250 -999.250 -999.250 -999.250 -999.250 -999.250 -999.250 -999.250 -999.250 -999.250 -999.250 -999.250 -999.250 -999.250 -999.250 -999.250 -999.250 -999.250 -999.250 -999.250 -999.250 -999.250 -999.250 -999.250 -999.250 -999.250 -999.250 -999.250 -999.250 -999.250 -999.250 -999.250 39.594 35.854 32.884 27.887 18.841 11.639 5.625 4.432 4.705 4.895 11.041 16.872 25.198 35.378 47.637 46.501 52.916 55.922 54.201 44.288 41.273 36.747 32.571 32.819 33.360 27.934 23.486 18.892 15.134 12.318 10.279 8.371 4.326 2.004
-999.250 -999.250 -999.250 -999.250 -999.250 -999.250 -999.250 -999.250 -999.250 -999.250 -999.250 -999.250 -999.250 -999.250 -999.250 -999.250 -999.250 -999.250 -999.250 -999.250 -999.250 -999.250 -999.250 -999.250 -999.250 -999.250 -999.250 -999.250 -999.250 -999.250 -999.250 -999.250 -999.250 -999.250 -999.250 -999.250 34.332 30.510 28.477 25.848 17.088 9.557 6.283 5.434 6.529 9.132 16.267 25.987 32.799 39.068 44.185 50.614 63.063 54.170 43.537 39.725 35.567 34.819 35.456 42.722 33.001 25.997 23.532 18.145 17.741 13.205 11.749 7.005 2.698
-999.250 -999.250 -999.250 -999.250 -999.250 -999.250 -999.250 -999.250 -999.250 -999.250 -999.250 -999.250 -999.250 -999.250 -999.250 -999.250 -999.250 -999.250 -999.250 -999.250 -999.250 -999.250 -999.250 -999.250 -999.250 -999.250 -999.250 -999.250 -999.250 -999.250 -999.250 -999.250 -999.250 -999.250 -999.250 -999.250 32.327 30.621 30.799 37.857 23.876 11.950 8.026 10.844 7.931 9.220 14.064 23.331 30.073 35.185 38.663 43.562 48.992 44.543 38.999 37.135 33.613 31.903 31.382 30.476 28.571 26.827 25.344 20.770 19.089 19.064 17.351 10.389 3.182
-999.250 -999.250 -999.250 -999.250 -999.250 -999.250 -999.250 -999.250 -999.250 -999.250 -999.250 -999.250 -999.250 -999.250 -999.250 -999.250 -999.250 -999.250 -999.250 -999.250 -999.250 -999.250 -999.250 -999.250 -999.250 -999.250 -999.250 -999.250 -999.250 -999.250 -999.250 -999.250 -999.250 -999.250 -999.250 -999.250 -999.250 27.701 27.531 28.519 22.994 14.229 9.857 8.125 7.914 9.848 13.890 19.600 25.377 31.361 35.289 37.498 37.454 38.185 35.919 35.492 28.740 27.989 27.197 26.593 24.072 26.154 21.262 20.422 18.915 21.099 26.669 10.943 1.940
-999.250 -999.250 -999.250 -999.250 -999.250 -999.250 -999.250 -999.250 -999.250 -999.250 -999.250 -999.250 -999.250 -999.250 -999.250 -999.250 -999.250 -999.250 -999.250 -999.250 -999.250 -999.250 -999.250 -999.250 -999.250 -999.250 -999.250 -999.250 -999.250 -999.250 -999.250 -999.250 -999.250 -999.250 -999.250 -999.250 -999.250 23.168 24.634 22.540 20.805 13.545 9.226 7.058 6.840 10.190 12.626 20.153 25.723 28.564 31.687 33.825 35.313 35.699 31.589 26.990 26.396 24.799 21.557 20.458 20.682 19.171 18.760 17.382 16.961 15.784 14.531 9.070 0.880
-999.250 -999.250 -999.250 -999.250 -999.250 -999.250 -999.250 -999.250 -999.250 -999.250 -999.250 -999.250 -999.250 -999.250 -999.250 -999.250 -999.250 -999.250 -999.250 -999.250 -999.250 -999.250 -999.250 -999.250 -999.250 -999.250 -999.250 -999.250 -999.250 -999.250 -999.250 -999.250 -999.250 -999.250 -999.250 -999.250 -999.250 17.048 16.133 17.272 21.965 12.454 8.357 7.713 8.096 9.857 15.181 24.487 26.245 27.833 30.715 30.752 31.336 31.244 30.685 27.354 22.602 20.124 16.453 16.597 15.811 17.977 18.062 16.616 15.515 12.241 8.963 3.886 0.000
-999.250 -999.250 -999.250 -999.250 -999.250 -999.250 -999.250 -999.250 -999.250 -999.250 -999.250 -999.250 -999.250 -999.250 -999.250 -999.250 -999.250 -999.250 -999.250 -999.250 -999.250 -999.250 -999.250 -999.250 -999.250 -999.250 -999.250 -999.250 -999.250 -999.250 -999.250 -999.250 -999.250 -999.250 -999.250 -999.250 -999.250 10.084 9.626 11.891 12.147 10.355 6.833 8.410 9.828 12.806 13.978 22.920 27.313 29.495 30.685 30.459 30.838 32.369 33.496 31.768 25.307 19.771 16.889 15.244 16.346 16.768 18.770 15.237 13.417 9.675 7.184 1.464 0.000
-999.250 -999.250 -999.250 -999.250 -999.250 -999.250 -999.250 -999.250 -999.250 -999.250 -999.250 -999.250 -999.250 -999.250 -999.250 -999.250 -999.250 -999.250 -999.250 -999.250 -999.250 -999.250 -999.250 -999.250 -999.250 -999.250 -999.250 -999.250 -999.250 -999.250 -999.250 -999.250 -999.250 -999.250 -999.250 -999.250 -999.250 -999.250 5.819 5.970 6.950 6.576 7.160 10.309 12.339 15.093 22.014 25.942 31.638 34.610 34.758 36.465 37.165 39.364 39.731 38.641 35.166 27.159 17.848 20.593 21.145 23.511 22.086 17.560 14.293 9.440 7.010 1.111 0.000
-999.250 -999.250 -999.250 -999.250 -999.250 -999.250 -999.250 -999.250 -999.250 -999.250 -999.250 -999.250 -999.250 -999.250 -999.250 -999.250 -999.250 -999.250 -999.250 -999.250 -999.250 -999.250 -999.250 -999.250 -999.250 -999.250 -999.250 -999.250 -999.250 -999.250 -999.250 -999.250 -999.250 -999.250 -999.250 -999.250 -999.250 -999.250 1.663 2.842 2.801 4.981 8.484 12.139 15.116 22.632 28.723 36.611 39.079 39.488 42.382 46.764 50.272 58.237 59.515 59.845 55.923 42.817 27.406 30.021 33.684 32.155 31.535 27.743 19.662 12.216 8.115 1.735 0.000
-999.250 -999.250 -999.250 -999.250 -999.250 -999.250 -999.250 -999.250 -999.250 -999.250 -999.250 -999.250 -999.250 -999.250 -999.250 -999.250 -999.250 -999.250 -999.250 -999.250 -999.250 -999.250 -999.250 -999.250 -999.250 -999.250 -999.250 -999.250 -999.250 -999.250 -999.250 -999.250 -999.250 -999.250 -999.250 -999.250 -999.250 -999.250 0.000 1.830 3.830 5.014 10.489 15.426 22.011 29.702 36.400 45.438 47.493 53.943 59.554 66.165 67.059 83.054 87.848 86.660 84.036 76.601 60.989 51.516 48.888 46.477 41.617 36.547 28.182 17.898 10.747 3.562 0.000
