data/medianmodel_25-Feb-2021.asc
ncols	141
nrows	288
xllcorner	-120191.398
yllcorner	-301404.813
cellsize	2000.000
NODATA_value	-999.250
[rows 203 to 231 of 288, columns 66 to 131 of 141]
165.508 165.466 154.430 144.274 144.990 142.027 143.967 136.384 119.842 120.413 111.182 109.161 105.473 110.213 105.482 103.908 105.752 106.389 108.565 102.735 99.108 96.565 91.908 82.525 80.635 77.633 73.049 73.659 73.041 -999.250 -999.250 -999.250 -999.250 -999.250 -999.250 -999.250 -999.250 -999.250 -999.250 -999.250 -999.250 -999.250 -999.250 -999.250 -999.250 -999.250 -999.250 -999.250 -999.250 -999.250 -999.250 -999.250 -999.250 -999.250 -999.250 -999.250 -999.250 -999.250 -999.250 -999.250 -999.250 -999.250 -999.250 -999.250 -999.250 -999.250
184.335 171.589 149.533 147.838 140.404 143.450 136.378 130.921 121.060 112.007 104.116 102.653 113.014 104.993 95.225 103.338 105.128 102.009 105.111 107.117 103.006 94.889 92.986 88.767 82.110 73.597 67.707 64.610 71.180 73.794 -999.250 -999.250 -999.250 -999.250 -999.250 -999.250 -999.250 -999.250 -999.250 -999.250 -999.250 -999.250 -999.250 -999.250 -999.250 -999.250 -999.250 -999.250 -999.250 -999.250 -999.250 -999.250 -999.250 -999.250 -999.250 -999.250 -999.250 -999.250 -999.250 -999.250 -999.250 -999.250 -999.250 -999.250 -999.250 -999.250
190.822 179.031 165.229 159.317 149.265 149.716 134.018 127.523 120.628 109.090 106.887 100.818 99.312 105.692 100.480 98.124 98.410 105.007 112.272 116.481 108.793 102.661 93.024 89.288 84.687 70.593 66.117 71.078 65.279 -999.250 -999.250 -999.250 -999.250 -999.250 -999.250 -999.250 -999.250 -999.250 -999.250 -999.250 -999.250 -999.250 -999.250 -999.250 -999.250 -999.250 -999.250 -999.250 -999.250 -999.250 -999.250 -999.250 -999.250 -999.250 -999.250 -999.250 -999.250 -999.250 -999.250 -999.250 -999.250 -999.250 -999.250 -999.250 -999.250 -999.250
193.351 189.010 177.935 166.518 152.298 143.869 129.624 125.446 115.858 99.889 91.482 93.069 96.637 96.249 99.728 96.111 103.167 103.269 113.279 119.820 115.486 103.454 93.697 90.108 79.243 70.188 69.005 66.324 59.679 74.013 -999.250 -999.250 -999.250 -999.250 -999.250 -999.250 -999.250 -999.250 -999.250 -999.250 -999.250 -999.250 -999.250 -999.250 -999.250 -999.250 -999.250 -999.250 -999.250 -999.250 -999.250 -999.250 -999.250 -999.250 -999.250 -999.250 -999.250 -999.250 -999.250 -999.250 -999.250 -999.250 -999.250 -999.250 -999.250 -999.250
210.922 199.192 185.521 170.389 153.150 143.891 130.712 112.124 109.733 98.215 94.685 95.231 94.351 92.228 94.816 89.947 98.578 105.097 109.546 112.183 111.477 102.392 99.295 91.143 90.343 72.798 66.785 68.391 65.462 72.872 77.522 -999.250 -999.250 -999.250 -999.250 -999.250 -999.250 -999.250 -999.250 -999.250 -999.250 -999.250 -999.250 -999.250 -999.250 -999.250 -999.250 -999.250 -999.250 -999.250 -999.250 -999.250 -999.250 -999.250 -999.250 -999.250 -999.250 -999.250 -999.250 -999.250 -999.250 -999.250 -999.250 -999.250 -999.250 -999.250
225.885 212.663 195.806 187.315 156.096 136.523 126.361 121.900 97.319 95.663 93.780 88.203 83.631 89.805 89.047 91.583 91.370 97.040 98.966 106.118 100.973 100.540 89.162 90.325 83.779 74.842 70.705 64.635 69.477 71.354 84.906 -999.250 -999.250 -999.250 -999.250 -999.250 -999.250 -999.250 -999.250 -999.250 -999.250 -999.250 -999.250 -999.250 -999.250 -999.250 -999.250 -999.250 -999.250 -999.250 -999.250 -999.250 -999.250 -999.250 -999.250 -999.250 -999.250 -999.250 -999.250 -999.250 -999.250 -999.250 -999.250 -999.250 -999.250 -999.250
242.841 215.215 199.553 172.013 147.834 138.951 119.903 110.011 100.403 87.981 87.215 84.688 81.808 83.256 84.758 83.695 85.656 87.229 93.472 94.005 95.689 97.838 90.696 89.856 87.553 80.332 75.391 70.353 75.811 79.112 81.633 105.110 -999.250 -999.250 -999.250 -999.250 -999.250 -999.250 -999.250 -999.250 -999.250 -999.250 -999.250 -999.250 -999.250 -999.250 -999.250 -999.250 -999.250 -999.250 -999.250 -999.250 -999.250 -999.250 -999.250 -999.250 -999.250 -999.250 -999.250 -999.250 -999.250 -999.250 -999.250 -999.250 -999.250 -999.250
255.968 214.434 195.395 171.268 147.497 137.107 118.912 107.534 97.063 87.877 82.629 79.165 77.319 73.769 79.325 83.233 76.945 83.519 88.570 95.878 94.411 89.549 91.556 86.488 87.399 84.227 83.987 80.968 83.784 93.393 98.306 123.258 145.818 -999.250 -999.250 -999.250 -999.250 -999.250 -999.250 -999.250 -999.250 -999.250 -999.250 -999.250 -999.250 -999.250 -999.250 -999.250 -999.250 -999.250 -999.250 -999.250 -999.250 -999.250 -999.250 -999.250 -999.250 -999.250 -999.250 -999.250 -999.250 -999.250 -999.250 -999.250 -999.250 -999.250
250.199 211.279 184.851 156.754 141.294 122.066 112.576 100.114 91.955 79.292 77.904 75.871 71.714 67.743 66.499 72.370 77.912 81.511 82.663 93.579 90.132 92.195 92.074 94.756 94.790 92.599 92.582 95.570 101.185 110.026 119.359 146.356 162.303 184.702 -999.250 -999.250 -999.250 -999.250 -999.250 -999.250 -999.250 -999.250 -999.250 -999.250 -999.250 -999.250 -999.250 -999.250 -999.250 -999.250 -999.250 -999.250 -999.250 -999.250 -999.250 -999.250 -999.250 -999.250 -999.250 -999.250 -999.250 -999.250 -999.250 -999.250 -999.250 -999.250
218.931 196.809 165.112 151.716 134.453 121.543 110.184 97.076 91.578 80.639 71.318 66.004 65.570 59.689 62.061 66.542 68.526 75.645 81.287 86.586 93.280 99.446 100.983 97.378 104.794 102.189 111.075 115.309 132.563 136.892 143.985 172.423 189.490 215.251 228.014 -999.250 -999.250 -999.250 -999.250 -999.250 -999.250 -999.250 -999.250 -999.250 -999.250 -999.250 -999.250 -999.250 -999.250 -999.250 -999.250 -999.250 -999.250 -999.250 -999.250 -999.250 -999.250 -999.250 -999.250 -999.250 -999.250 -999.250 -999.250 -999.250 -999.250 -999.250
187.467 160.093 150.811 140.406 128.377 122.124 107.440 96.322 87.640 75.181 67.542 60.642 51.476 55.320 56.694 62.099 71.649 71.806 81.503 89.657 105.517 109.516 112.643 108.361 108.707 119.431 134.096 138.440 141.755 156.047 169.976 191.738 209.530 239.211 254.055 -999.250 -999.250 -999.250 -999.250 -999.250 -999.250 -999.250 -999.250 -999.250 -999.250 -999.250 -999.250 -999.250 -999.250 -999.250 -999.250 -999.250 -999.250 -999.250 -999.250 -999.250 -999.250 -999.250 -999.250 -999.250 -999.250 -999.250 -999.250 -999.250 -999.250 -999.250
142.118 139.790 141.266 130.161 122.745 110.415 100.623 93.195 79.908 78.258 67.336 57.707 53.334 55.421 57.106 62.926 65.817 76.784 80.395 90.866 102.855 115.795 124.121 118.582 120.792 134.921 147.666 158.053 169.108 186.564 205.419 222.127 234.494 262.394 276.899 292.088 -999.250 -999.250 -999.250 -999.250 -999.250 -999.250 -999.250 -999.250 -999.250 -999.250 -999.250 -999.250 -999.250 -999.250 -999.250 -999.250 -999.250 -999.250 -999.250 -999.250 -999.250 -999.250 -999.250 -999.250 -999.250 -999.250 -999.250 -999.250 -999.250 -999.250
107.705 109.532 117.965 120.496 114.365 117.057 101.733 92.921 84.761 73.735 69.621 59.129 55.373 54.218 54.151 59.090 65.856 76.627 85.184 93.703 101.171 110.257 127.551 131.308 138.120 148.970 162.588 177.365 199.133 214.609 240.654 262.053 257.046 274.053 294.700 310.510 332.947 -999.250 -999.250 -999.250 -999.250 -999.250 -999.250 -999.250 -999.250 -999.250 -999.250 -999.250 -999.250 -999.250 -999.250 -999.250 -999.250 -999.250 -999.250 -999.250 -999.250 -999.250 -999.250 -999.250 -999.250 -999.250 -999.250 -999.250 -999.250 -999.250
73.463 91.510 112.152 116.354 122.195 116.726 107.053 96.874 85.363 73.970 67.678 61.456 56.499 55.291 56.266 60.545 61.733 76.986 89.448 99.279 105.900 114.463 132.656 139.199 152.570 169.339 171.788 197.751 218.872 246.965 260.602 271.037 286.788 286.106 291.486 324.977 358.532 -999.250 -999.250 -999.250 -999.250 -999.250 -999.250 -999.250 -999.250 -999.250 -999.250 -999.250 -999.250 -999.250 -999.250 -999.250 -999.250 -999.250 -999.250 -999.250 -999.250 -999.250 -999.250 -999.250 -999.250 -999.250 -999.250 -999.250 -999.250 -999.250
67.966 94.399 111.369 124.895 123.316 129.496 123.099 104.229 87.187 72.595 62.736 60.013 55.839 55.421 59.508 59.869 63.805 72.776 86.588 102.315 115.301 129.537 143.181 149.657 157.059 178.224 195.205 215.957 241.299 272.937 279.197 292.409 309.766 315.695 324.179 356.586 367.052 -999.250 -999.250 -999.250 -999.250 -999.250 -999.250 -999.250 -999.250 -999.250 -999.250 -999.250 -999.250 -999.250 -999.250 -999.250 -999.250 -999.250 -999.250 -999.250 -999.250 -999.250 -999.250 -999.250 -999.250 -999.250 -999.250 -999.250 -999.250 -999.250
91.964 111.502 125.988 134.744 143.818 138.039 124.193 112.173 91.666 78.626 69.036 62.160 59.641 58.576 61.177 69.034 69.621 75.016 92.993 107.254 127.838 142.322 154.060 161.307 176.575 196.299 211.837 232.786 254.132 278.931 296.092 303.612 329.368 347.372 371.135 384.082 409.300 418.606 -999.250 -999.250 -999.250 -999.250 -999.250 -999.250 -999.250 527.518 -999.250 -999.250 -999.250 -999.250 -999.250 -999.250 -999.250 -999.250 -999.250 -999.250 -999.250 -999.250 -999.250 -999.250 -999.250 -999.250 -999.250 -999.250 -999.250 -999.250
130.748 139.385 148.149 167.904 169.674 155.201 138.670 121.635 99.393 87.958 78.068 62.621 59.525 60.622 66.259 68.743 71.829 81.574 92.371 115.188 131.058 145.085 159.964 177.836 205.660 235.283 244.088 264.078 287.391 285.757 322.208 340.729 378.606 364.882 407.069 429.671 441.499 501.912 537.196 -999.250 -999.250 -999.250 701.173 635.520 648.213 713.146 -999.250 -999.250 -999.250 -999.250 -999.250 -999.250 -999.250 -999.250 -999.250 -999.250 -999.250 -999.250 -999.250 -999.250 -999.250 -999.250 -999.250 -999.250 -999.250 -999.250
174.885 168.514 188.400 188.835 195.865 171.248 146.363 126.350 104.427 96.068 85.833 71.247 62.048 59.058 62.427 67.423 71.658 87.026 99.979 116.556 135.945 157.492 168.726 198.660 226.505 259.753 272.181 285.569 293.769 302.465 331.061 352.350 360.734 391.871 428.081 467.399 508.720 526.899 563.255 -999.250 651.484 706.554 716.162 680.345 704.793 -999.250 -999.250 -999.250 -999.250 -999.250 -999.250 -999.250 -999.250 -999.250 -999.250 -999.250 -999.250 -999.250 -999.250 -999.250 -999.250 -999.250 -999.250 -999.250 -999.250 -999.250
217.069 204.293 200.993 203.628 198.113 173.782 157.550 132.772 103.651 96.816 88.238 75.889 66.008 68.238 71.941 72.834 81.268 92.638 105.537 113.968 132.266 162.689 186.528 212.154 247.947 277.781 295.090 307.369 307.507 326.134 323.690 336.106 383.750 416.606 455.757 499.661 535.219 554.514 685.683 661.023 725.243 795.594 790.870 733.887 730.783 -999.250 -999.250 -999.250 -999.250 -999.250 -999.250 -999.250 -999.250 -999.250 -999.250 -999.250 -999.250 -999.250 -999.250 -999.250 -999.250 -999.250 -999.250 -999.250 -999.250 -999.250
246.999 234.306 235.777 213.307 194.344 181.401 155.983 135.163 115.112 101.280 84.349 81.682 69.162 74.234 77.411 80.040 86.431 97.252 107.853 131.536 152.463 168.040 196.566 221.958 252.051 283.216 320.747 315.971 321.032 314.589 345.666 364.847 415.515 445.669 465.075 518.606 608.196 695.325 650.187 719.185 688.646 801.771 764.290 724.554 739.718 -999.250 -999.250 -999.250 -999.250 -999.250 -999.250 -999.250 -999.250 -999.250 -999.250 -999.250 -999.250 -999.250 -999.250 -999.250 -999.250 -999.250 -999.250 -999.250 -999.250 -999.250
254.592 250.440 236.632 214.550 193.700 178.078 153.130 136.336 123.063 105.465 95.252 87.125 74.445 73.835 81.672 83.627 93.150 105.033 122.644 143.301 150.674 180.084 207.839 237.077 254.789 280.750 299.583 315.480 335.553 334.264 333.502 401.976 402.440 457.650 511.118 532.515 557.037 619.880 541.947 674.084 651.496 787.929 734.567 770.744 714.747 -999.250 -999.250 -999.250 -999.250 -999.250 -999.250 -999.250 -999.250 -999.250 -999.250 -999.250 -999.250 -999.250 -999.250 -999.250 -999.250 -999.250 -999.250 -999.250 -999.250 -999.250
262.194 270.094 255.547 215.203 191.612 183.106 164.080 139.225 122.872 113.927 100.128 88.820 78.378 81.157 87.076 92.797 96.324 111.728 127.255 144.698 159.693 187.748 210.827 231.864 251.538 284.886 300.192 305.140 334.915 331.692 338.551 370.021 421.688 423.342 487.363 529.381 554.456 607.740 634.184 640.183 675.834 658.601 611.012 663.063 -999.250 -999.250 -999.250 -999.250 -999.250 -999.250 -999.250 -999.250 -999.250 -999.250 -999.250 -999.250 -999.250 -999.250 -999.250 -999.250 -999.250 -999.250 -999.250 -999.250 -999.250 -999.250
283.352 270.726 248.668 220.406 202.506 180.213 158.559 139.140 122.758 112.943 107.483 90.638 90.348 89.969 92.321 93.561 104.224 121.933 134.182 144.302 159.885 196.377 206.496 238.355 263.546 290.792 290.698 308.128 312.011 329.258 343.762 363.183 395.149 427.529 455.403 483.916 485.004 595.284 609.765 584.657 568.362 663.570 692.711 710.891 -999.250 -999.250 -999.250 -999.250 -999.250 -999.250 -999.250 -999.250 -999.250 -999.250 -999.250 -999.250 -999.250 -999.250 -999.250 -999.250 -999.250 -999.250 -999.250 -999.250 -999.250 -999.250
286.523 275.338 245.133 211.954 192.463 169.814 154.854 138.277 126.493 119.838 105.781 96.456 97.361 94.457 99.079 104.582 116.420 128.067 136.401 149.268 178.373 187.386 205.259 240.180 270.615 292.863 301.884 298.859 330.501 321.887 348.527 379.740 379.756 418.066 411.598 457.614 472.535 551.916 548.568 547.294 549.040 578.336 660.475 636.266 -999.250 -999.250 -999.250 -999.250 -999.250 -999.250 -999.250 -999.250 -999.250 -999.250 -999.250 -999.250 -999.250 -999.250 -999.250 -999.250 -999.250 -999.250 -999.250 -999.250 -999.250 -999.250
295.174 282.028 248.554 211.520 191.355 165.888 148.568 141.269 133.981 122.670 110.293 107.811 102.119 102.204 100.122 122.782 122.564 130.845 149.343 156.000 173.422 195.312 220.433 242.126 260.754 289.092 301.414 300.299 311.789 321.108 346.629 375.195 390.370 388.243 384.279 394.220 468.917 470.211 438.878 555.456 575.281 613.388 607.085 -999.250 -999.250 -999.250 -999.250 -999.250 -999.250 -999.250 -999.250 -999.250 -999.250 -999.250 -999.250 -999.250 -999.250 -999.250 -999.250 -999.250 -999.250 -999.250 -999.250 -999.250 -999.250 -999.250
304.435 274.426 256.891 212.192 185.900 166.566 152.454 147.116 138.829 128.356 124.103 122.333 114.542 108.981 120.023 127.239 133.470 141.263 150.574 165.588 185.127 204.846 212.444 241.618 258.687 277.854 291.929 302.325 315.497 304.297 327.776 358.827 362.324 374.812 368.490 413.457 411.010 424.806 -999.250 -999.250 569.952 616.917 571.094 -999.250 -999.250 -999.250 -999.250 -999.250 -999.250 -999.250 -999.250 -999.250 -999.250 -999.250 -999.250 -999.250 -999.250 -999.250 -999.250 -999.250 -999.250 -999.250 -999.250 -999.250 -999.250 -999.250
300.207 280.674 254.708 223.105 181.661 168.435 163.066 151.565 143.711 128.839 122.450 126.811 125.247 122.302 124.422 131.675 135.529 145.759 153.427 167.829 180.019 207.983 231.906 242.711 265.045 281.927 282.642 296.881 308.463 328.719 350.302 325.819 385.190 355.774 359.031 392.906 411.245 410.202 -999.250 -999.250 -999.250 -999.250 -999.250 -999.250 -999.250 -999.250 -999.250 -999.250 -999.250 -999.250 -999.250 -999.250 -999.250 -999.250 -999.250 -999.250 -999.250 -999.250 -999.250 -999.250 -999.250 -999.250 -999.250 -999.250 -999.250 -999.250
303.752 287.672 264.078 231.204 201.520 187.452 170.241 156.681 152.862 145.087 135.473 133.708 127.609 138.025 129.984 136.352 145.461 150.558 164.943 178.555 192.059 213.994 232.747 251.109 253.468 262.821 276.273 293.313 317.406 329.262 355.989 341.694 361.539 364.950 -999.250 -999.250 385.898 -999.250 -999.250 -999.250 -999.250 -999.250 -999.250 -999.250 -999.250 -999.250 -999.250 -999.250 -999.250 -999.250 -999.250 -999.250 -999.250 -999.250 -999.250 -999.250 -999.250 -999.250 -999.250 -999.250 -999.250 -999.250 -999.250 -999.250 -999.250 -999.250
304.699 288.536 267.555 238.058 222.404 203.044 186.373 179.389 168.431 160.244 144.217 152.257 136.895 144.602 145.523 149.463 156.035 160.685 183.404 191.241 208.272 223.977 243.385 248.715 258.321 262.562 282.328 291.817 305.581 339.213 330.978 333.414 -999.250 -999.250 -999.250 -999.250 -999.250 -999.250 -999.250 -999.250 -999.250 -999.250 -999.250 -999.250 -999.250 -999.250 -999.250 -999.250 -999.250 -999.250 -999.250 -999.250 -999.250 -999.250 -999.250 -999.250 -999.250 -999.250 -999.250 -999.250 -999.250 -999.250 -999.250 -999.250 -999.250 -999.250
