data/medianmodel_27-Jan-2021.asc
ncols	141
nrows	288
xllcorner	-120191.398
yllcorner	-301404.813
cellsize	2000.000
NODATA_value	-999.250
[rows 224 to 251 of 288, columns 0 to 62 of 141]
-999.250 -999.250 -999.250 -999.250 -999.250 -999.250 -999.250 -999.250 -999.250 -999.250 -999.250 -999.250 -999.250 -999.250 -999.250 -999.250 -999.250 -999.250 -999.250 -999.250 -999.250 -999.250 -999.250 -999.250 -999.250 -999.250 -999.250 -999.250 -999.250 -999.250 1542.879 1515.447 1513.669 1469.179 1466.463 1442.678 1435.386 1406.411 1472.118 1487.746 1453.193 1491.793 1476.758 1419.639 1454.063 1393.125 1296.081 1315.876 1276.458 1256.910 1229.986 1137.284 1085.656 1074.727 1082.087 1103.761 1111.514 1148.077 1171.355 1209.790 1284.219 1389.339 1491.529
-999.250 -999.250 -999.250 -999.250 -999.250 -999.250 -999.250 -999.250 -999.250 -999.250 -999.250 -999.250 -999.250 -999.250 -999.250 -999.250 -999.250 -999.250 -999.250 -999.250 -999.250 -999.250 -999.250 -999.250 -999.250 -999.250 -999.250 -999.250 -999.250 -999.250 1381.507 1405.410 1408.646 1422.013 1398.330 1327.576 1353.567 1325.862 1351.321 1423.503 1375.226 1389.265 1434.097 1401.275 1359.284 1406.514 1313.201 1299.201 1330.958 1268.769 1174.715 1076.815 1115.285 1095.105 1036.942 1092.520 1086.934 1074.615 1137.478 1240.899 1337.348 1450.987 1549.982
-999.250 -999.250 -999.250 -999.250 -999.250 -999.250 -999.250 -999.250 -999.250 -999.250 -999.250 -999.250 -999.250 -999.250 -999.250 -999.250 -999.250 -999.250 -999.250 -999.250 -999.250 -999.250 -999.250 -999.250 -999.250 -999.250 -999.250 -999.250 -999.250 -999.250 1351.312 1367.307 1368.274 1329.059 1305.656 1219.351 1246.831 1234.072 1305.203 1336.655 1332.467 1320.042 1328.139 1384.243 1317.222 1360.855 1353.365 1289.485 1309.880 1235.803 1202.113 1200.775 1100.655 1093.123 1056.008 1053.168 1033.199 1015.714 1068.662 1206.659 1335.439 1471.389 1553.943
-999.250 -999.250 -999.250 -999.250 -999.250 -999.250 -999.250 -999.250 -999.250 -999.250 -999.250 -999.250 -999.250 -999.250 -999.250 -999.250 -999.250 -999.250 -999.250 -999.250 -999.250 -999.250 -999.250 -999.250 -999.250 -999.250 -999.250 -999.250 -999.250 1263.546 1243.934 1291.974 1291.326 1208.502 1205.161 1129.577 1117.379 1203.548 1240.238 1243.683 1289.195 1318.714 1280.157 1284.830 1297.490 1335.803 1306.363 1287.945 1307.047 1182.038 1187.609 1162.215 1085.806 1120.287 1082.208 1027.289 999.662 905.035 1071.481 1214.572 1382.302 1441.178 1602.712
-999.250 -999.250 -999.250 -999.250 -999.250 -999.250 -999.250 -999.250 -999.250 -999.250 -999.250 -999.250 -999.250 -999.250 -999.250 -999.250 -999.250 -999.250 -999.250 -999.250 -999.250 -999.250 -999.250 -999.250 -999.250 -999.250 -999.250 -999.250 -999.250 1158.032 1178.995 1202.812 1155.634 1121.095 1081.986 1063.725 1080.632 1104.961 1173.823 1145.519 1200.078 1227.460 1281.271 1315.326 1276.748 1271.357 1239.944 1264.278 1253.926 1248.303 1208.694 1194.252 1119.548 1181.085 1115.973 1091.436 1070.469 1062.794 1144.706 1286.068 1431.496 1485.772 1595.479
-999.250 -999.250 -999.250 -999.250 -999.250 -999.250 -999.250 -999.250 -999.250 -999.250 -999.250 -999.250 -999.250 -999.250 -999.250 -999.250 -999.250 -999.250 -999.250 -999.250 -999.250 -999.250 -999.250 -999.250 -999.250 -999.250 -999.250 -999.250 1127.904 1066.908 1078.714 1098.150 1082.147 1072.683 1057.355 1037.467 958.633 1054.867 1101.164 1123.755 1128.110 1190.531 1238.789 1231.825 1249.427 1185.362 1213.639 1198.609 1207.058 1237.421 1286.848 1266.921 1220.368 1153.671 1166.995 1225.850 1199.029 1239.230 1319.135 1378.690 1496.077 1566.615 1638.677
-999.250 -999.250 -999.250 -999.250 -999.250 -999.250 -999.250 -999.250 -999.250 -999.250 -999.250 -999.250 -999.250 -999.250 -999.250 -999.250 -999.250 -999.250 -999.250 -999.250 -999.250 -999.250 -999.250 -999.250 -999.250 -999.250 -999.250 -999.250 1090.220 1047.526 1036.182 993.537 989.711 1023.413 1018.125 977.948 962.569 990.012 1059.648 1101.531 1132.814 1101.216 1126.920 1189.002 1191.568 1148.890 1218.583 1245.636 1220.499 1267.833 1349.609 1294.402 1299.009 1253.630 1305.166 1314.671 1367.671 1416.718 1501.949 1508.513 1585.248 1625.093 1688.784
-999.250 -999.250 -999.250 -999.250 -999.250 -999.250 -999.250 -999.250 -999.250 -999.250 -999.250 -999.250 -999.250 -999.250 -999.250 -999.250 -999.250 -999.250 -999.250 -999.250 -999.250 -999.250 -999.250 -999.250 -999.250 -999.250 -999.250 1059.535 1049.925 962.813 932.517 908.618 937.600 986.800 970.952 952.189 973.822 970.868 1037.945 1066.594 1105.196 1109.500 1101.083 1091.936 1117.778 1128.107 1162.774 1189.935 1232.398 1246.496 1322.263 1281.203 1320.338 1393.008 1420.287 1462.308 1525.845 1473.597 1591.640 1612.937 1712.763 1716.466 1758.721
-999.250 -999.250 -999.250 -999.250 -999.250 -999.250 -999.250 -999.250 -999.250 -999.250 -999.250 -999.250 -999.250 -999.250 -999.250 -999.250 -999.250 -999.250 -999.250 -999.250 -999.250 -999.250 -999.250 -999.250 -999.250 -999.250 -999.250 1014.939 971.314 883.640 838.054 802.042 857.941 890.960 911.658 920.383 913.509 945.297 993.562 1012.877 1012.350 1042.653 1098.695 1111.962 1125.403 1137.531 1160.614 1169.632 1279.366 1330.093 1352.498 1371.241 1410.517 1513.488 1524.594 1627.196 1647.643 1643.990 1708.000 1764.902 1778.432 1772.938 1802.265
-999.250 -999.250 -999.250 -999.250 -999.250 -999.250 -999.250 -999.250 -999.250 -999.250 -999.250 -999.250 -999.250 -999.250 -999.250 -999.250 -999.250 -999.250 -999.250 -999.250 -999.250 -999.250 -999.250 -999.250 -999.250 -999.250 -999.250 -999.250 895.533 860.138 805.260 817.215 845.804 888.946 861.162 886.430 912.291 956.657 984.963 987.437 1006.637 1042.180 1019.421 1050.072 1118.801 1130.809 1205.123 1264.596 1298.072 1392.523 1440.666 1467.086 1448.099 1553.747 1584.804 1645.905 1704.975 1765.387 1807.328 1821.255 1845.385 1860.599 1892.361
-999.250 -999.250 -999.250 -999.250 -999.250 -999.250 -999.250 -999.250 -999.250 -999.250 -999.250 -999.250 -999.250 -999.250 -999.250 -999.250 -999.250 -999.250 -999.250 -999.250 -999.250 -999.250 -999.250 -999.250 -999.250 -999.250 -999.250 -999.250 -999.250 -999.250 837.752 820.143 839.120 852.899 844.039 863.615 905.752 960.364 970.062 1001.141 963.507 1006.052 1030.049 1066.220 1114.124 1145.912 1236.673 1269.205 1298.072 1461.338 1448.903 1441.696 1526.872 1529.894 1631.926 1697.024 1770.234 1816.436 1876.515 1965.858 1907.560 1928.437 1900.972
-999.250 -999.250 -999.250 -999.250 -999.250 -999.250 -999.250 -999.250 -999.250 -999.250 -999.250 -999.250 -999.250 -999.250 -999.250 -999.250 -999.250 -999.250 -999.250 -999.250 -999.250 -999.250 -999.250 -999.250 -999.250 -999.250 -999.250 -999.250 -999.250 -999.250 855.531 862.500 841.712 843.604 872.206 864.768 930.955 927.090 987.162 1006.654 1017.209 1045.008 1055.616 1087.629 1115.150 1111.979 1162.133 1236.978 1343.355 1463.722 1494.897 1507.333 1524.880 1681.801 1657.928 1756.570 1763.819 1832.525 1937.567 2008.866 1948.136 1887.504 1871.426
-999.250 -999.250 -999.250 -999.250 -999.250 -999.250 -999.250 -999.250 -999.250 -999.250 -999.250 -999.250 -999.250 -999.250 -999.250 -999.250 -999.250 -999.250 -999.250 -999.250 -999.250 -999.250 -999.250 -999.250 -999.250 -999.250 -999.250 -999.250 -999.250 -999.250 845.760 853.204 836.002 848.204 868.982 905.387 911.596 983.047 961.973 1020.322 1046.461 1077.295 1102.695 1110.796 1092.091 1169.863 1138.163 1259.444 1349.329 1409.395 1498.397 1575.908 1602.451 1683.122 1676.766 1715.031 1800.767 1842.787 1888.136 2012.853 1933.448 1882.708 1821.620
-999.250 -999.250 -999.250 -999.250 -999.250 -999.250 -999.250 -999.250 -999.250 -999.250 -999.250 -999.250 -999.250 -999.250 -999.250 -999.250 -999.250 -999.250 -999.250 -999.250 -999.250 -999.250 -999.250 -999.250 -999.250 -999.250 -999.250 -999.250 -999.250 -999.250 -999.250 858.776 883.144 866.565 859.641 914.610 901.357 922.702 935.065 1014.451 1017.985 1093.922 1064.583 1072.467 1104.379 1207.664 1194.831 1255.565 1428.448 1465.117 1501.969 1492.907 1610.365 1680.773 1705.028 1722.209 1772.992 1804.714 1876.591 1934.565 1884.651 1825.150 1807.716
-999.250 -999.250 -999.250 -999.250 -999.250 -999.250 -999.250 -999.250 -999.250 -999.250 -999.250 -999.250 -999.250 -999.250 -999.250 -999.250 -999.250 -999.250 -999.250 -999.250 -999.250 -999.250 -999.250 -999.250 -999.250 -999.250 -999.250 -999.250 -999.250 -999.250 815.009 828.950 878.075 886.778 850.713 837.335 924.589 959.446 946.780 978.177 1018.670 1026.300 1082.314 1110.033 1109.114 1129.412 1211.984 1267.736 1388.124 1397.443 1535.950 1568.635 1628.591 1660.400 1685.964 1723.869 1727.084 1791.668 1833.239 1876.662 1775.366 1773.139 1828.666
-999.250 -999.250 -999.250 -999.250 -999.250 -999.250 -999.250 -999.250 -999.250 -999.250 -999.250 -999.250 -999.250 -999.250 -999.250 -999.250 -999.250 -999.250 -999.250 -999.250 -999.250 -999.250 -999.250 -999.250 -999.250 -999.250 -999.250 -999.250 -999.250 -999.250 -999.250 851.594 849.030 826.553 850.496 896.085 886.693 1011.147 1004.895 980.597 1027.284 1004.881 1063.772 1146.385 1107.155 1157.848 1135.729 1222.186 1326.414 1428.100 1529.840 1621.415 1576.898 1644.370 1656.263 1703.181 1765.360 1722.279 1768.340 1773.384 1763.771 1745.181 1778.428
-999.250 -999.250 -999.250 -999.250 -999.250 -999.250 -999.250 -999.250 -999.250 -999.250 -999.250 -999.250 -999.250 -999.250 -999.250 -999.250 -999.250 -999.250 -999.250 -999.250 -999.250 -999.250 -999.250 -999.250 -999.250 -999.250 -999.250 -999.250 -999.250 -999.250 838.477 802.674 830.849 835.005 842.318 854.422 871.006 929.099 964.811 937.800 984.779 1002.307 1096.666 1187.584 1152.382 1090.669 1150.760 1255.567 1328.057 1361.887 1487.597 1547.903 1564.708 1589.795 1631.195 1659.825 1724.332 1699.716 1632.965 1700.624 1706.203 1719.923 1707.189
-999.250 -999.250 -999.250 -999.250 -999.250 -999.250 -999.250 -999.250 -999.250 -999.250 -999.250 -999.250 -999.250 -999.250 -999.250 -999.250 -999.250 -999.250 -999.250 -999.250 -999.250 -999.250 -999.250 -999.250 -999.250 -999.250 -999.250 -999.250 -999.250 -999.250 793.462 802.524 767.621 747.760 825.385 821.528 844.750 878.567 926.000 890.480 981.682 993.038 1057.534 1157.396 1088.478 1100.251 1117.438 1186.834 1290.179 1363.569 1411.151 1502.233 1565.928 1583.066 1546.700 1591.437 1597.285 1620.481 1623.017 1619.390 1587.823 1575.126 1593.269
-999.250 -999.250 -999.250 -999.250 -999.250 -999.250 -999.250 -999.250 -999.250 -999.250 -999.250 -999.250 -999.250 -999.250 -999.250 -999.250 -999.250 -999.250 -999.250 -999.250 -999.250 -999.250 -999.250 -999.250 -999.250 -999.250 -999.250 -999.250 -999.250 -999.250 766.955 747.388 773.442 773.409 804.587 795.657 815.834 894.056 890.304 927.044 973.361 1006.101 1034.945 1086.644 1088.582 1058.845 1122.486 1196.609 1245.790 1326.007 1434.881 1446.967 1549.376 1565.270 1618.295 1540.599 1553.311 1526.590 1499.829 1476.190 1487.089 1434.691 1400.713
-999.250 -999.250 -999.250 -999.250 -999.250 -999.250 -999.250 -999.250 -999.250 -999.250 -999.250 -999.250 -999.250 -999.250 -999.250 -999.250 -999.250 -999.250 -999.250 -999.250 -999.250 -999.250 -999.250 -999.250 -999.250 -999.250 -999.250 -999.250 -999.250 -999.250 758.953 768.704 769.115 810.584 794.660 768.492 826.275 851.191 869.887 861.327 911.989 1007.621 1027.117 1024.584 1057.686 1086.237 1164.653 1167.965 1229.267 1312.759 1410.694 1391.399 1403.744 1456.731 1483.226 1476.578 1442.452 1478.639 1415.712 1365.364 1364.477 1297.549 1283.787
-999.250 -999.250 -999.250 -999.250 -999.250 -999.250 -999.250 -999.250 -999.250 -999.250 -999.250 -999.250 -999.250 -999.250 -999.250 -999.250 -999.250 -999.250 -999.250 -999.250 -999.250 -999.250 -999.250 -999.250 -999.250 -999.250 -999.250 -999.250 -999.250 -999.250 744.085 744.773 744.711 717.001 750.430 776.168 794.303 823.159 820.928 851.787 906.915 978.083 982.096 1009.054 1046.282 1072.451 1142.194 1142.812 1211.332 1308.125 1344.928 1364.139 1379.240 1396.609 1412.775 1391.293 1404.539 1395.695 1350.467 1294.282 1225.063 1145.163 1122.484
-999.250 -999.250 -999.250 -999.250 -999.250 -999.250 -999.250 -999.250 -999.250 -999.250 -999.250 -999.250 -999.250 -999.250 -999.250 -999.250 -999.250 -999.250 -999.250 -999.250 -999.250 -999.250 -999.250 -999.250 -999.250 -999.250 -999.250 -999.250 -999.250 -999.250 -999.250 695.085 731.364 787.073 782.944 804.515 784.159 797.222 841.171 821.062 862.505 995.243 1026.399 1022.175 1001.526 1009.422 1141.138 1100.066 1180.529 1270.260 1368.703 1394.443 1397.255 1453.312 1404.315 1398.658 1377.670 1316.519 1279.322 1221.072 1091.549 949.777 1010.032
-999.250 -999.250 -999.250 -999.250 -999.250 -999.250 -999.250 -999.250 -999.250 -999.250 -999.250 -999.250 -999.250 -999.250 -999.250 -999.250 -999.250 -999.250 -999.250 -999.250 -999.250 -999.250 -999.250 -999.250 -999.250 -999.250 -999.250 -999.250 -999.250 -999.250 -999.250 724.805 686.742 774.764 803.500 747.351 762.143 767.271 814.599 848.691 887.566 909.735 976.758 978.692 1008.642 1028.083 1124.490 1186.967 1181.825 1194.831 1337.820 1322.199 1376.307 1416.902 1402.614 1339.331 1393.524 1289.639 1201.550 1136.194 1047.171 957.091 1003.064
-999.250 -999.250 -999.250 -999.250 -999.250 -999.250 -999.250 -999.250 -999.250 -999.250 -999.250 -999.250 -999.250 -999.250 -999.250 -999.250 -999.250 -999.250 -999.250 -999.250 -999.250 -999.250 -999.250 -999.250 -999.250 -999.250 -999.250 -999.250 -999.250 -999.250 672.872 697.069 726.887 756.145 756.077 731.720 711.087 749.849 796.456 825.528 830.488 826.455 862.602 963.333 1009.572 1029.623 1054.444 1083.933 1163.790 1177.685 1258.043 1284.674 1323.235 1290.323 1323.831 1305.001 1317.206 1212.273 1166.996 1103.292 1057.529 1022.215 990.888
-999.250 -999.250 -999.250 -999.250 -999.250 -999.250 -999.250 -999.250 -999.250 -999.250 -999.250 -999.250 -999.250 -999.250 -999.250 -999.250 -999.250 -999.250 -999.250 -999.250 -999.250 -999.250 -999.250 -999.250 -999.250 -999.250 -999.250 -999.250 -999.250 -999.250 643.966 636.361 614.501 716.665 659.984 673.337 707.035 745.732 776.871 805.831 822.558 816.627 839.399 923.858 932.382 947.838 1025.365 1070.554 1110.564 1119.050 1191.921 1260.825 1277.300 1281.638 1296.299 1279.034 1228.119 1194.711 1139.815 1117.419 1102.739 1037.914 999.668
-999.250 -999.250 -999.250 -999.250 -999.250 -999.250 -999.250 -999.250 -999.250 -999.250 -999.250 -999.250 -999.250 -999.250 -999.250 -999.250 -999.250 -999.250 -999.250 -999.250 -999.250 -999.250 -999.250 -999.250 -999.250 -999.250 -999.250 -999.250 -999.250 -999.250 630.903 624.466 644.938 652.448 680.239 589.562 671.064 740.146 699.422 784.848 800.166 816.629 832.205 867.883 869.254 925.510 1007.428 1015.813 1060.304 1072.184 1164.846 1202.426 1238.714 1244.209 1229.874 1215.542 1197.001 1166.184 1094.865 1072.841 1036.157 962.227 976.751
-999.250 -999.250 -999.250 -999.250 -999.250 -999.250 -999.250 -999.250 -999.250 -999.250 -999.250 -999.250 -999.250 -999.250 -999.250 -999.250 -999.250 -999.250 -999.250 -999.250 -999.250 -999.250 -999.250 -999.250 -999.250 -999.250 -999.250 -999.250 -999.250 -999.250 701.221 678.240 627.601 646.479 632.597 626.956 661.257 689.273 653.160 714.523 734.666 781.490 810.103 855.251 851.249 938.480 1000.886 999.379 1032.084 1087.025 1139.056 1181.752 1164.807 1192.269 1188.919 1186.232 1145.790 1122.199 1094.039 1037.283 1006.062 987.526 956.555
-999.250 -999.250 -999.250 -999.250 -999.250 -999.250 -999.250 -999.250 -999.250 -999.250 -999.250 -999.250 -999.250 -999.250 -999.250 -999.250 -999.250 -999.250 -999.250 -999.250 -999.250 -999.250 -999.250 -999.250 -999.250 -999.250 -999.250 -999.250 -999.250 -999.250 623.642 615.585 649.055 599.176 619.313 601.623 600.598 625.097 626.230 635.190 706.548 739.291 778.296 833.374 880.924 898.933 929.307 953.411 1017.427 1058.024 1073.852 1138.813 1172.836 1164.626 1164.380 1134.534 1113.249 1044.870 1064.253 1029.771 986.571 976.615 912.706
