data/medianmodel_26-Oct-2020.asc
ncols	141
nrows	288
xllcorner	-120191.398
yllcorner	-301404.813
cellsize	2000.000
NODATA_value	-999.250
[rows 203 to 231 of 288, columns 66 to 131 of 141]
172.414 161.019 155.702 149.680 140.328 144.257 135.320 144.909 147.481 159.999 155.946 162.382 181.554 175.047 162.031 181.669 158.776 157.522 154.066 142.165 125.996 120.915 112.586 93.845 89.336 79.491 82.288 82.238 84.608 -999.250 -999.250 -999.250 -999.250 -999.250 -999.250 -999.250 -999.250 -999.250 -999.250 -999.250 -999.250 -999.250 -999.250 -999.250 -999.250 -999.250 -999.250 -999.250 -999.250 -999.250 -999.250 -999.250 -999.250 -999.250 -999.250 -999.250 -999.250 -999.250 -999.250 -999.250 -999.250 -999.250 -999.250 -999.250 -999.250 -999.250
149.712 142.135 145.851 151.793 160.178 144.326 129.610 145.608 145.401 144.868 140.923 143.201 158.850 133.986 156.535 169.092 150.875 151.944 149.168 138.256 117.797 126.834 112.815 97.430 92.246 82.196 77.416 68.276 74.805 70.300 -999.250 -999.250 -999.250 -999.250 -999.250 -999.250 -999.250 -999.250 -999.250 -999.250 -999.250 -999.250 -999.250 -999.250 -999.250 -999.250 -999.250 -999.250 -999.250 -999.250 -999.250 -999.250 -999.250 -999.250 -999.250 -999.250 -999.250 -999.250 -999.250 -999.250 -999.250 -999.250 -999.250 -999.250 -999.250 -999.250
149.904 144.392 154.945 143.485 128.418 137.417 137.746 126.598 136.455 134.454 124.869 125.713 125.284 145.907 150.783 142.093 167.724 152.919 152.526 137.857 130.288 114.261 114.993 111.401 97.954 94.563 77.786 71.682 60.540 -999.250 -999.250 -999.250 -999.250 -999.250 -999.250 -999.250 -999.250 -999.250 -999.250 -999.250 -999.250 -999.250 -999.250 -999.250 -999.250 -999.250 -999.250 -999.250 -999.250 -999.250 -999.250 -999.250 -999.250 -999.250 -999.250 -999.250 -999.250 -999.250 -999.250 -999.250 -999.250 -999.250 -999.250 -999.250 -999.250 -999.250
146.369 159.880 134.623 133.787 119.215 121.539 122.774 129.493 125.466 119.828 112.536 123.891 125.609 138.560 134.284 144.828 147.929 142.850 131.986 129.805 122.632 117.216 108.805 104.759 84.039 79.329 63.392 68.069 55.532 52.334 -999.250 -999.250 -999.250 -999.250 -999.250 -999.250 -999.250 -999.250 -999.250 -999.250 -999.250 -999.250 -999.250 -999.250 -999.250 -999.250 -999.250 -999.250 -999.250 -999.250 -999.250 -999.250 -999.250 -999.250 -999.250 -999.250 -999.250 -999.250 -999.250 -999.250 -999.250 -999.250 -999.250 -999.250 -999.250 -999.250
150.289 141.476 137.058 141.203 136.091 133.319 122.671 124.941 123.340 105.810 111.337 110.643 123.605 134.797 127.887 143.900 130.133 127.784 123.752 131.031 113.383 110.734 115.481 96.777 82.768 80.370 61.984 57.277 53.146 43.997 29.573 -999.250 -999.250 -999.250 -999.250 -999.250 -999.250 -999.250 -999.250 -999.250 -999.250 -999.250 -999.250 -999.250 -999.250 -999.250 -999.250 -999.250 -999.250 -999.250 -999.250 -999.250 -999.250 -999.250 -999.250 -999.250 -999.250 -999.250 -999.250 -999.250 -999.250 -999.250 -999.250 -999.250 -999.250 -999.250
149.588 148.477 161.924 151.869 147.259 146.790 123.666 111.935 114.159 105.378 97.934 105.976 97.656 110.590 115.982 119.100 122.199 124.788 113.892 130.091 102.167 113.911 115.060 89.188 74.836 69.731 51.500 39.212 31.046 28.002 16.762 -999.250 -999.250 -999.250 -999.250 -999.250 -999.250 -999.250 -999.250 -999.250 -999.250 -999.250 -999.250 -999.250 -999.250 -999.250 -999.250 -999.250 -999.250 -999.250 -999.250 -999.250 -999.250 -999.250 -999.250 -999.250 -999.250 -999.250 -999.250 -999.250 -999.250 -999.250 -999.250 -999.250 -999.250 -999.250
161.357 174.003 174.768 162.505 143.589 131.893 126.038 105.943 111.523 99.251 87.226 85.798 94.762 102.854 107.516 103.135 110.102 116.697 108.555 122.026 101.951 101.100 108.133 85.707 85.875 67.759 48.136 39.791 29.958 16.042 0.000 9.597 -999.250 -999.250 -999.250 -999.250 -999.250 -999.250 -999.250 -999.250 -999.250 -999.250 -999.250 -999.250 -999.250 -999.250 -999.250 -999.250 -999.250 -999.250 -999.250 -999.250 -999.250 -999.250 -999.250 -999.250 -999.250 -999.250 -999.250 -999.250 -999.250 -999.250 -999.250 -999.250 -999.250 -999.250
157.893 148.559 148.056 132.542 117.947 125.354 109.793 106.263 94.518 85.770 71.520 75.752 75.867 78.581 85.832 94.307 109.239 104.703 121.037 97.928 106.274 110.734 90.722 84.843 81.631 61.799 50.894 38.106 29.938 22.737 16.313 12.813 22.007 -999.250 -999.250 -999.250 -999.250 -999.250 -999.250 -999.250 -999.250 -999.250 -999.250 -999.250 -999.250 -999.250 -999.250 -999.250 -999.250 -999.250 -999.250 -999.250 -999.250 -999.250 -999.250 -999.250 -999.250 -999.250 -999.250 -999.250 -999.250 -999.250 -999.250 -999.250 -999.250 -999.250
166.101 151.365 136.214 135.428 109.681 106.207 90.911 89.588 76.560 72.669 63.466 63.082 65.945 65.749 77.186 89.311 93.138 103.748 99.447 97.755 99.601 99.181 98.099 80.535 79.425 63.693 56.907 40.250 37.598 30.932 25.213 29.223 26.754 28.595 -999.250 -999.250 -999.250 -999.250 -999.250 -999.250 -999.250 -999.250 -999.250 -999.250 -999.250 -999.250 -999.250 -999.250 -999.250 -999.250 -999.250 -999.250 -999.250 -999.250 -999.250 -999.250 -999.250 -999.250 -999.250 -999.250 -999.250 -999.250 -999.250 -999.250 -999.250 -999.250
147.154 141.193 124.818 107.321 109.602 87.263 95.321 81.721 64.778 66.045 56.376 53.844 50.255 55.577 70.298 83.218 80.621 98.690 86.546 98.957 98.773 97.244 93.815 90.927 75.797 73.317 60.180 53.216 50.645 43.635 36.319 34.061 32.060 38.031 45.841 -999.250 -999.250 -999.250 -999.250 -999.250 -999.250 -999.250 -999.250 -999.250 -999.250 -999.250 -999.250 -999.250 -999.250 -999.250 -999.250 -999.250 -999.250 -999.250 -999.250 -999.250 -999.250 -999.250 -999.250 -999.250 -999.250 -999.250 -999.250 -999.250 -999.250 -999.250
125.148 119.069 98.418 99.392 85.831 86.326 64.575 70.043 61.721 62.682 53.149 47.513 34.317 53.678 61.406 66.365 86.401 98.949 99.560 86.757 95.160 104.634 94.305 80.453 75.215 76.655 62.752 53.496 43.093 47.167 39.972 45.543 42.880 42.619 46.932 -999.250 -999.250 -999.250 -999.250 -999.250 -999.250 -999.250 -999.250 -999.250 -999.250 -999.250 -999.250 -999.250 -999.250 -999.250 -999.250 -999.250 -999.250 -999.250 -999.250 -999.250 -999.250 -999.250 -999.250 -999.250 -999.250 -999.250 -999.250 -999.250 -999.250 -999.250
81.121 74.241 85.450 77.129 73.969 64.524 60.660 64.726 56.634 60.166 53.365 51.803 45.286 57.268 60.219 63.749 89.027 97.011 101.770 95.688 89.921 86.246 96.849 82.475 77.641 72.655 64.411 54.669 53.923 48.916 50.572 52.126 45.443 45.285 47.792 53.632 -999.250 -999.250 -999.250 -999.250 -999.250 -999.250 -999.250 -999.250 -999.250 -999.250 -999.250 -999.250 -999.250 -999.250 -999.250 -999.250 -999.250 -999.250 -999.250 -999.250 -999.250 -999.250 -999.250 -999.250 -999.250 -999.250 -999.250 -999.250 -999.250 -999.250
52.979 59.474 65.556 64.862 62.183 61.093 57.267 60.077 57.641 60.854 57.684 62.698 52.912 58.179 63.136 80.795 88.607 97.806 99.754 106.955 98.250 90.743 87.784 75.581 70.707 68.966 69.244 62.752 56.932 60.686 55.602 46.303 51.508 53.206 54.436 46.647 44.555 -999.250 -999.250 -999.250 -999.250 -999.250 -999.250 -999.250 -999.250 -999.250 -999.250 -999.250 -999.250 -999.250 -999.250 -999.250 -999.250 -999.250 -999.250 -999.250 -999.250 -999.250 -999.250 -999.250 -999.250 -999.250 -999.250 -999.250 -999.250 -999.250
38.953 51.737 54.440 59.470 56.830 56.420 54.163 65.487 65.570 59.140 58.203 63.642 61.499 62.541 67.909 71.135 89.276 91.860 83.515 92.898 82.032 94.362 91.179 76.465 71.536 63.972 62.546 63.055 55.195 56.256 58.869 61.720 57.041 51.829 50.620 53.534 42.179 -999.250 -999.250 -999.250 -999.250 -999.250 -999.250 -999.250 -999.250 -999.250 -999.250 -999.250 -999.250 -999.250 -999.250 -999.250 -999.250 -999.250 -999.250 -999.250 -999.250 -999.250 -999.250 -999.250 -999.250 -999.250 -999.250 -999.250 -999.250 -999.250
30.267 40.764 51.963 55.592 58.596 62.565 72.823 65.006 77.893 72.595 66.292 66.036 70.325 73.987 76.059 90.799 87.990 78.748 84.544 83.615 86.215 78.418 75.928 69.849 69.558 65.228 67.306 58.793 61.294 55.896 54.608 63.311 60.914 53.408 48.396 47.759 47.801 -999.250 -999.250 -999.250 -999.250 -999.250 -999.250 -999.250 -999.250 -999.250 -999.250 -999.250 -999.250 -999.250 -999.250 -999.250 -999.250 -999.250 -999.250 -999.250 -999.250 -999.250 -999.250 -999.250 -999.250 -999.250 -999.250 -999.250 -999.250 -999.250
43.295 53.157 60.114 65.413 71.493 71.528 76.105 81.240 83.413 80.290 78.169 68.913 81.300 70.792 75.126 105.207 99.775 93.867 95.512 83.740 70.444 78.552 68.470 69.096 63.624 65.348 60.315 56.778 55.689 63.579 58.546 62.417 61.839 54.008 46.315 44.462 44.020 41.251 -999.250 -999.250 -999.250 -999.250 -999.250 -999.250 -999.250 27.697 -999.250 -999.250 -999.250 -999.250 -999.250 -999.250 -999.250 -999.250 -999.250 -999.250 -999.250 -999.250 -999.250 -999.250 -999.250 -999.250 -999.250 -999.250 -999.250 -999.250
58.288 66.749 78.852 88.850 93.016 93.811 97.911 94.946 85.829 97.827 98.259 93.360 94.620 91.056 93.248 111.790 95.403 91.426 98.596 74.113 81.241 90.588 72.499 68.167 60.325 59.435 57.350 54.213 59.066 58.710 65.327 61.467 56.277 53.352 53.995 50.900 47.437 41.250 35.153 -999.250 -999.250 -999.250 17.834 18.450 26.053 32.421 -999.250 -999.250 -999.250 -999.250 -999.250 -999.250 -999.250 -999.250 -999.250 -999.250 -999.250 -999.250 -999.250 -999.250 -999.250 -999.250 -999.250 -999.250 -999.250 -999.250
76.794 84.033 107.473 109.386 108.814 123.879 123.748 114.866 111.730 106.272 104.259 118.547 101.780 99.283 95.858 98.038 99.939 98.335 100.555 93.666 83.371 73.552 66.006 58.688 59.351 56.489 53.558 56.438 57.752 57.407 63.154 64.902 56.467 57.976 53.620 51.351 47.120 39.716 31.585 -999.250 12.298 14.247 16.305 18.898 20.837 -999.250 -999.250 -999.250 -999.250 -999.250 -999.250 -999.250 -999.250 -999.250 -999.250 -999.250 -999.250 -999.250 -999.250 -999.250 -999.250 -999.250 -999.250 -999.250 -999.250 -999.250
99.347 133.377 139.179 134.519 132.572 148.967 144.520 138.677 132.677 127.403 125.252 131.368 119.037 103.082 104.917 100.826 96.439 94.839 93.466 98.452 83.978 80.355 69.726 63.426 61.249 54.721 56.983 56.110 55.805 57.537 58.519 63.476 60.384 54.528 53.472 49.569 45.161 38.344 32.217 21.674 6.939 0.000 12.889 20.454 24.319 -999.250 -999.250 -999.250 -999.250 -999.250 -999.250 -999.250 -999.250 -999.250 -999.250 -999.250 -999.250 -999.250 -999.250 -999.250 -999.250 -999.250 -999.250 -999.250 -999.250 -999.250
129.543 161.574 165.346 171.498 161.599 156.821 169.627 152.978 157.545 148.048 142.449 152.968 120.433 118.337 108.384 95.407 102.680 106.108 100.354 110.796 96.973 81.551 67.327 64.720 63.348 55.830 43.738 51.404 55.840 56.706 60.763 62.603 62.640 58.026 53.855 57.176 46.087 46.348 35.031 28.706 15.848 15.137 22.566 23.660 31.403 -999.250 -999.250 -999.250 -999.250 -999.250 -999.250 -999.250 -999.250 -999.250 -999.250 -999.250 -999.250 -999.250 -999.250 -999.250 -999.250 -999.250 -999.250 -999.250 -999.250 -999.250
157.144 164.613 179.522 178.218 177.825 193.007 196.159 179.503 193.322 187.576 168.786 145.826 134.575 129.746 110.139 106.905 122.379 112.953 97.167 106.348 100.251 81.693 70.041 70.406 66.537 63.908 58.334 53.916 56.046 66.233 62.084 61.774 59.592 64.748 60.002 53.429 48.330 47.915 40.479 34.825 28.645 26.370 33.292 34.305 34.472 -999.250 -999.250 -999.250 -999.250 -999.250 -999.250 -999.250 -999.250 -999.250 -999.250 -999.250 -999.250 -999.250 -999.250 -999.250 -999.250 -999.250 -999.250 -999.250 -999.250 -999.250
165.908 185.458 193.765 209.688 210.083 238.041 231.208 230.543 202.760 220.585 179.049 153.231 141.018 146.616 134.231 119.821 123.093 109.404 108.660 105.549 93.664 83.171 75.577 77.046 59.646 72.450 63.628 60.460 62.733 73.007 76.464 64.721 59.267 72.874 63.273 63.795 60.928 53.473 46.747 40.888 38.695 32.683 35.815 29.035 -999.250 -999.250 -999.250 -999.250 -999.250 -999.250 -999.250 -999.250 -999.250 -999.250 -999.250 -999.250 -999.250 -999.250 -999.250 -999.250 -999.250 -999.250 -999.250 -999.250 -999.250 -999.250
188.195 189.087 203.285 234.946 256.794 272.306 280.352 244.409 247.161 207.243 184.404 177.704 161.274 159.291 139.555 146.486 131.168 129.682 104.735 97.741 95.477 80.053 71.711 71.738 71.680 77.503 68.443 70.011 76.661 73.710 80.010 69.745 63.155 66.616 65.731 57.352 62.715 61.901 58.130 46.590 42.315 41.324 44.798 33.787 -999.250 -999.250 -999.250 -999.250 -999.250 -999.250 -999.250 -999.250 -999.250 -999.250 -999.250 -999.250 -999.250 -999.250 -999.250 -999.250 -999.250 -999.250 -999.250 -999.250 -999.250 -999.250
214.228 216.355 281.553 298.622 307.137 300.137 332.601 291.054 276.546 241.082 191.764 164.294 155.818 149.380 132.008 156.893 138.639 127.765 107.250 97.956 89.438 92.875 82.933 90.427 77.406 74.757 78.413 81.529 82.279 87.528 78.885 83.281 68.073 72.616 68.513 66.778 67.587 60.096 56.238 47.257 44.262 46.912 40.548 34.971 -999.250 -999.250 -999.250 -999.250 -999.250 -999.250 -999.250 -999.250 -999.250 -999.250 -999.250 -999.250 -999.250 -999.250 -999.250 -999.250 -999.250 -999.250 -999.250 -999.250 -999.250 -999.250
211.200 229.110 272.057 342.003 350.728 357.200 393.334 333.406 312.216 265.975 217.898 196.545 159.419 173.521 152.294 152.116 137.675 131.061 101.556 95.717 104.185 98.080 79.458 96.016 91.984 92.399 89.323 75.107 86.580 83.683 81.158 88.188 91.468 82.976 75.835 58.813 69.418 59.116 54.925 48.081 48.429 51.600 46.994 -999.250 -999.250 -999.250 -999.250 -999.250 -999.250 -999.250 -999.250 -999.250 -999.250 -999.250 -999.250 -999.250 -999.250 -999.250 -999.250 -999.250 -999.250 -999.250 -999.250 -999.250 -999.250 -999.250
220.135 249.323 321.268 381.628 402.813 411.437 395.080 361.282 334.787 265.295 226.207 202.205 194.022 164.407 150.616 140.004 128.384 124.145 110.572 99.158 107.820 89.408 100.805 94.260 82.797 93.728 91.246 93.244 71.332 80.693 88.385 101.418 91.058 90.022 74.279 69.322 59.882 58.921 -999.250 -999.250 42.356 40.559 43.597 -999.250 -999.250 -999.250 -999.250 -999.250 -999.250 -999.250 -999.250 -999.250 -999.250 -999.250 -999.250 -999.250 -999.250 -999.250 -999.250 -999.250 -999.250 -999.250 -999.250 -999.250 -999.250 -999.250
263.760 297.949 329.499 409.470 500.313 463.883 395.948 369.678 333.060 303.418 243.853 230.804 222.653 189.733 181.906 133.418 129.956 115.718 107.997 98.252 100.599 101.345 100.268 99.319 105.339 96.025 77.601 90.843 89.355 97.267 97.106 102.506 89.395 75.885 72.814 67.743 71.834 58.996 -999.250 -999.250 -999.250 -999.250 -999.250 -999.250 -999.250 -999.250 -999.250 -999.250 -999.250 -999.250 -999.250 -999.250 -999.250 -999.250 -999.250 -999.250 -999.250 -999.250 -999.250 -999.250 -999.250 -999.250 -999.250 -999.250 -999.250 -999.250
261.429 290.423 328.267 407.905 456.356 475.314 358.761 337.990 289.077 269.921 269.082 239.481 256.426 218.505 183.739 159.713 133.088 103.431 131.003 106.226 101.053 98.268 118.519 119.178 114.728 101.610 100.858 91.333 107.919 110.015 102.815 92.249 91.400 71.858 -999.250 -999.250 55.795 -999.250 -999.250 -999.250 -999.250 -999.250 -999.250 -999.250 -999.250 -999.250 -999.250 -999.250 -999.250 -999.250 -999.250 -999.250 -999.250 -999.250 -999.250 -999.250 -999.250 -999.250 -999.250 -999.250 -999.250 -999.250 -999.250 -999.250 -999.250 -999.250
275.555 310.882 342.868 373.554 426.298 428.282 384.710 321.093 304.818 260.605 251.705 225.700 218.629 206.848 212.446 164.687 147.111 125.789 124.384 114.842 99.884 109.364 101.298 116.404 104.281 114.625 113.316 107.981 102.862 104.004 100.910 94.975 -999.250 -999.250 -999.250 -999.250 -999.250 -999.250 -999.250 -999.250 -999.250 -999.250 -999.250 -999.250 -999.250 -999.250 -999.250 -999.250 -999.250 -999.250 -999.250 -999.250 -999.250 -999.250 -999.250 -999.250 -999.250 -999.250 -999.250 -999.250 -999.250 -999.250 -999.250 -999.250 -999.250 -999.250
