data/medianmodel_19-Oct-2020.asc
ncols	141
nrows	288
xllcorner	-120191.398
yllcorner	-301404.813
cellsize	2000.000
NODATA_value	-999.250
[rows 120 to 149 of 288, columns 0 to 66 of 141]
-999.250 -999.250 -999.250 -999.250 -999.250 -999.250 -999.250 -999.250 -999.250 -999.250 -999.250 -999.250 -999.250 -999.250 -999.250 -999.250 -999.250 -999.250 -999.250 -999.250 -999.250 -999.250 -999.250 -999.250 -999.250 -999.250 46.368 46.194 60.668 56.745 57.441 59.453 51.898 64.732 56.198 50.326 47.159 47.788 47.655 40.954 37.159 38.529 35.758 30.072 34.122 29.196 20.614 17.105 17.063 13.574 8.266 3.120 0.000 0.000 0.000 0.000 0.000 0.000 12.332 25.276 48.544 64.245 68.417 67.540 64.333 62.811 54.956
-999.250 -999.250 -999.250 -999.250 -999.250 -999.250 -999.250 -999.250 -999.250 -999.250 -999.250 -999.250 -999.250 -999.250 -999.250 -999.250 -999.250 -999.250 -999.250 -999.250 -999.250 -999.250 -999.250 -999.250 -999.250 52.075 54.270 56.882 57.887 58.923 54.698 59.793 53.280 56.017 53.124 50.259 54.556 53.717 49.692 43.954 37.491 37.004 34.189 37.707 42.710 36.561 35.156 23.466 29.459 29.362 23.542 18.502 9.858 0.000 0.000 0.000 0.000 0.000 0.000 15.873 29.869 39.974 43.710 46.890 41.177 44.519 40.333
-999.250 -999.250 -999.250 -999.250 -999.250 -999.250 -999.250 -999.250 -999.250 -999.250 -999.250 -999.250 -999.250 -999.250 -999.250 -999.250 -999.250 -999.250 -999.250 -999.250 -999.250 -999.250 -999.250 -999.250 -999.250 53.539 56.114 54.035 62.712 63.757 64.855 60.402 57.826 57.742 57.335 54.309 47.235 44.467 42.708 41.376 44.531 43.145 48.246 54.792 62.999 61.283 55.834 41.532 50.855 56.919 62.044 36.087 23.765 14.709 0.000 0.000 0.000 0.000 0.000 11.724 24.281 30.485 36.543 40.136 41.114 44.555 39.729
-999.250 -999.250 -999.250 -999.250 -999.250 -999.250 -999.250 -999.250 -999.250 -999.250 -999.250 -999.250 -999.250 -999.250 -999.250 -999.250 -999.250 -999.250 -999.250 -999.250 -999.250 -999.250 -999.250 -999.250 -999.250 51.326 51.930 63.048 67.938 73.309 55.396 57.048 53.760 55.635 50.005 55.991 57.923 50.209 52.467 44.543 50.267 66.291 74.765 83.292 97.286 109.284 107.207 107.206 107.710 102.985 93.329 70.204 45.637 20.986 8.773 0.000 0.000 0.000 0.981 10.514 18.450 29.190 28.728 38.958 35.438 36.572 34.055
-999.250 -999.250 -999.250 -999.250 -999.250 -999.250 -999.250 -999.250 -999.250 -999.250 -999.250 -999.250 -999.250 -999.250 -999.250 -999.250 -999.250 -999.250 -999.250 -999.250 -999.250 -999.250 -999.250 -999.250 61.681 55.899 57.738 60.568 66.139 57.455 64.255 58.962 63.246 61.417 54.320 56.746 56.230 57.386 58.971 59.400 68.267 79.531 101.543 129.220 135.889 161.380 179.158 162.495 168.757 150.157 148.850 113.185 74.974 40.858 13.767 0.000 0.000 0.000 0.000 6.351 10.024 21.018 23.963 30.527 35.416 42.170 36.218
-999.250 -999.250 -999.250 -999.250 -999.250 -999.250 -999.250 -999.250 -999.250 -999.250 -999.250 -999.250 -999.250 -999.250 -999.250 -999.250 -999.250 -999.250 -999.250 -999.250 -999.250 -999.250 -999.250 -999.250 59.352 57.953 55.639 64.284 65.076 58.464 68.476 71.613 65.848 62.474 64.582 60.454 64.839 68.646 77.328 78.177 86.243 105.923 115.016 162.504 187.843 228.361 252.196 249.641 255.801 219.095 204.107 172.827 107.103 65.367 17.960 10.529 3.421 0.000 0.152 7.348 15.418 19.185 23.120 34.992 41.094 36.656 40.479
-999.250 -999.250 -999.250 -999.250 -999.250 -999.250 -999.250 -999.250 -999.250 -999.250 -999.250 -999.250 -999.250 -999.250 -999.250 -999.250 -999.250 -999.250 -999.250 -999.250 -999.250 -999.250 -999.250 62.370 57.524 58.076 57.543 65.637 62.047 67.659 68.065 70.867 65.381 63.463 56.788 56.066 57.759 65.932 75.027 95.286 115.374 142.677 166.044 195.385 226.609 269.657 324.769 364.440 368.474 306.721 280.317 206.934 151.154 95.942 56.311 32.635 13.564 7.709 5.454 8.321 10.691 15.198 27.168 35.200 39.937 39.170 41.883
-999.250 -999.250 -999.250 -999.250 -999.250 -999.250 -999.250 -999.250 -999.250 -999.250 -999.250 -999.250 -999.250 -999.250 -999.250 -999.250 -999.250 -999.250 -999.250 -999.250 -999.250 -999.250 -999.250 55.332 61.770 49.192 53.964 58.150 59.291 68.877 71.379 69.937 63.630 60.602 60.723 59.162 60.415 63.577 78.593 108.665 128.677 165.146 184.207 238.055 294.703 309.873 384.682 459.823 498.186 410.924 323.024 258.392 191.625 127.702 81.146 46.293 20.840 12.076 6.767 8.357 12.277 16.290 24.772 37.287 42.170 41.515 52.983
-999.250 -999.250 -999.250 -999.250 -999.250 -999.250 -999.250 -999.250 -999.250 -999.250 -999.250 -999.250 -999.250 -999.250 -999.250 -999.250 -999.250 -999.250 -999.250 -999.250 -999.250 -999.250 -999.250 54.995 57.902 55.555 50.596 61.174 63.045 61.218 65.039 64.992 61.519 62.544 63.070 63.287 64.796 73.079 92.590 106.236 125.485 188.726 210.252 255.722 302.937 421.073 460.953 519.487 606.336 481.531 391.451 278.451 196.018 127.662 84.910 54.339 23.770 12.842 6.350 10.733 12.812 15.882 20.580 36.965 45.512 46.046 60.873
-999.250 -999.250 -999.250 -999.250 -999.250 -999.250 -999.250 -999.250 -999.250 -999.250 -999.250 -999.250 -999.250 -999.250 -999.250 -999.250 -999.250 -999.250 -999.250 -999.250 -999.250 -999.250 51.841 58.627 56.671 64.290 65.254 68.860 64.821 68.709 70.009 64.523 65.475 66.265 65.276 62.822 59.978 81.505 89.325 105.510 137.947 184.873 224.310 282.794 338.567 425.451 465.885 581.374 578.728 468.353 407.174 309.900 187.021 129.517 76.954 49.430 20.235 11.036 6.870 11.651 15.980 21.263 31.238 38.635 49.374 54.795 60.601
-999.250 -999.250 -999.250 -999.250 -999.250 -999.250 -999.250 -999.250 -999.250 -999.250 -999.250 -999.250 -999.250 -999.250 -999.250 -999.250 -999.250 -999.250 -999.250 -999.250 -999.250 -999.250 63.258 66.332 64.876 71.728 63.597 67.764 67.635 71.675 75.734 83.716 71.214 65.922 68.327 76.757 69.386 85.718 101.488 112.070 127.307 200.515 219.549 276.546 316.655 408.175 484.781 508.869 490.690 455.999 363.104 296.320 196.315 130.926 75.260 49.697 20.907 13.219 8.406 12.730 16.070 23.055 32.556 40.652 63.518 67.897 66.344
-999.250 -999.250 -999.250 -999.250 -999.250 -999.250 -999.250 -999.250 -999.250 -999.250 -999.250 -999.250 -999.250 -999.250 -999.250 -999.250 -999.250 -999.250 -999.250 -999.250 -999.250 55.801 57.187 61.525 62.325 64.563 63.825 68.342 73.549 77.110 79.031 81.236 83.291 68.160 69.573 69.988 72.437 95.697 86.113 110.285 132.798 175.381 202.010 244.588 297.245 405.534 434.514 465.689 413.636 395.173 318.264 240.794 172.480 103.126 63.805 35.475 13.692 12.334 8.884 16.416 18.371 24.573 39.980 48.431 63.969 70.318 76.414
-999.250 -999.250 -999.250 -999.250 -999.250 -999.250 -999.250 -999.250 -999.250 -999.250 -999.250 -999.250 -999.250 -999.250 -999.250 -999.250 -999.250 -999.250 -999.250 -999.250 -999.250 59.445 57.441 63.268 64.232 67.050 64.510 71.605 80.751 77.527 78.220 83.804 77.135 65.880 69.492 68.817 72.303 82.974 96.088 116.609 129.539 156.834 194.352 232.783 262.086 295.626 356.101 343.610 353.910 316.332 267.712 188.563 134.424 78.552 49.261 20.752 10.020 1.330 8.314 12.047 18.168 27.835 36.086 45.731 60.128 67.894 79.768
-999.250 -999.250 -999.250 -999.250 -999.250 -999.250 -999.250 -999.250 -999.250 -999.250 -999.250 -999.250 -999.250 -999.250 -999.250 -999.250 -999.250 -999.250 -999.250 -999.250 -999.250 48.679 54.117 57.106 56.647 61.249 68.496 85.576 84.825 83.671 73.322 80.256 80.256 68.643 59.618 66.197 65.598 78.657 84.046 77.478 96.471 135.289 168.957 214.462 218.157 272.494 309.556 302.651 290.404 260.201 189.212 126.867 79.511 48.760 19.972 6.930 0.000 0.000 0.000 9.198 19.613 24.331 34.715 43.947 58.104 65.095 74.230
-999.250 -999.250 -999.250 -999.250 -999.250 -999.250 -999.250 -999.250 -999.250 -999.250 -999.250 -999.250 -999.250 -999.250 -999.250 -999.250 -999.250 -999.250 -999.250 -999.250 41.581 43.869 46.834 48.904 47.360 59.376 67.298 73.215 71.083 90.993 82.865 80.231 78.955 63.717 57.838 61.986 71.129 74.770 72.542 72.447 80.908 100.684 132.034 160.894 190.401 213.411 199.798 209.240 198.389 179.009 117.813 74.866 25.129 12.757 4.994 0.000 0.000 0.000 4.008 11.222 16.737 23.204 34.144 46.413 56.240 66.335 66.756
-999.250 -999.250 -999.250 -999.250 -999.250 -999.250 -999.250 -999.250 -999.250 -999.250 -999.250 -999.250 -999.250 -999.250 -999.250 -999.250 -999.250 -999.250 -999.250 -999.250 39.183 42.125 41.711 48.994 50.418 57.346 64.848 66.320 69.006 70.987 83.756 74.512 72.675 63.670 60.897 62.718 56.973 72.936 76.894 70.271 85.838 98.952 109.716 144.616 155.755 171.495 166.035 173.052 138.273 118.148 90.931 44.178 16.648 0.000 0.000 0.000 0.000 0.000 1.316 8.625 17.415 22.284 35.424 40.237 51.670 59.684 64.588
-999.250 -999.250 -999.250 -999.250 -999.250 -999.250 -999.250 -999.250 -999.250 -999.250 -999.250 -999.250 -999.250 -999.250 -999.250 -999.250 -999.250 -999.250 -999.250 -999.250 38.423 36.562 41.054 42.703 51.501 52.284 62.759 64.770 66.444 69.686 72.780 77.299 71.227 65.642 64.727 63.165 69.761 74.860 70.629 69.440 82.010 78.375 98.474 103.570 126.472 124.733 131.098 116.659 105.256 78.051 58.389 27.673 6.627 0.000 0.000 0.000 0.000 0.000 0.000 4.667 11.360 28.213 34.255 39.948 45.030 64.673 62.213
-999.250 -999.250 -999.250 -999.250 -999.250 -999.250 -999.250 -999.250 -999.250 -999.250 -999.250 -999.250 -999.250 -999.250 -999.250 -999.250 -999.250 -999.250 -999.250 -999.250 36.232 38.648 41.479 50.762 55.451 58.527 62.986 61.887 63.767 74.421 81.438 77.952 69.386 67.165 61.653 72.254 63.696 61.204 71.764 67.570 74.925 81.140 80.378 90.934 94.678 107.534 97.513 81.054 72.240 57.956 40.568 18.802 0.798 0.000 0.000 0.000 0.000 0.000 0.000 0.000 17.403 22.148 32.119 39.618 41.790 49.184 57.723
-999.250 -999.250 -999.250 -999.250 -999.250 -999.250 -999.250 -999.250 -999.250 -999.250 -999.250 -999.250 -999.250 -999.250 -999.250 -999.250 -999.250 -999.250 -999.250 40.952 37.675 39.482 42.952 51.760 59.831 62.639 67.606 67.414 68.020 70.643 74.053 76.859 73.713 61.691 61.327 63.426 57.826 59.160 57.864 60.340 68.761 69.322 70.456 72.689 73.485 88.530 75.337 62.555 53.948 39.744 29.572 15.639 2.640 0.000 0.000 0.000 2.391 1.642 6.796 6.871 16.965 26.970 33.870 40.325 43.739 45.792 57.977
-999.250 -999.250 -999.250 -999.250 -999.250 -999.250 -999.250 -999.250 -999.250 -999.250 -999.250 -999.250 -999.250 -999.250 -999.250 -999.250 -999.250 -999.250 -999.250 38.827 40.070 40.825 42.693 50.863 59.402 62.939 60.801 59.904 57.955 65.174 69.417 66.714 69.238 73.001 57.576 62.447 56.845 57.440 54.124 68.416 65.763 60.878 67.839 69.791 68.699 75.690 80.629 63.166 47.993 35.491 24.617 13.522 7.987 3.239 7.453 8.508 6.712 8.851 13.624 15.259 20.593 31.675 39.360 40.766 41.806 50.913 52.272
-999.250 -999.250 -999.250 -999.250 -999.250 -999.250 -999.250 -999.250 -999.250 -999.250 -999.250 -999.250 -999.250 -999.250 -999.250 -999.250 -999.250 -999.250 -999.250 38.088 42.358 45.182 46.564 51.718 59.322 59.590 61.110 59.536 62.527 60.310 60.150 62.521 68.468 61.539 58.869 59.026 59.049 51.669 60.164 62.563 62.312 65.482 68.016 76.204 73.654 73.272 71.928 57.636 57.064 37.661 25.591 18.362 17.343 15.560 13.945 16.634 19.012 24.660 21.546 19.164 24.100 34.629 41.513 39.963 40.842 48.660 45.845
-999.250 -999.250 -999.250 -999.250 -999.250 -999.250 -999.250 -999.250 -999.250 -999.250 -999.250 -999.250 -999.250 -999.250 -999.250 -999.250 -999.250 -999.250 -999.250 39.191 48.521 50.727 48.013 51.791 58.824 59.005 58.398 62.064 61.981 58.470 57.163 54.754 55.639 54.803 55.758 49.419 53.678 61.444 56.321 57.367 67.649 66.904 72.914 76.840 81.823 93.812 73.130 68.046 57.146 45.424 33.824 37.536 31.461 27.476 23.816 28.501 27.705 35.760 39.954 32.898 34.659 33.517 42.663 42.692 50.437 51.618 48.627
-999.250 -999.250 -999.250 -999.250 -999.250 -999.250 -999.250 -999.250 -999.250 -999.250 -999.250 -999.250 -999.250 -999.250 -999.250 -999.250 -999.250 -999.250 -999.250 43.906 50.818 59.389 59.392 60.286 56.376 61.966 54.397 54.771 65.653 58.728 55.514 48.970 57.095 48.019 51.070 54.343 52.125 60.773 67.596 70.639 77.210 83.968 90.625 87.592 96.895 87.904 83.252 83.500 67.379 53.140 45.132 46.941 40.021 38.997 37.193 39.008 41.233 41.224 39.969 41.482 40.405 47.592 43.098 48.754 47.870 44.776 42.700
-999.250 -999.250 -999.250 -999.250 -999.250 -999.250 -999.250 -999.250 -999.250 -999.250 -999.250 -999.250 -999.250 -999.250 -999.250 -999.250 -999.250 -999.250 40.202 45.949 49.769 49.421 55.065 67.221 63.052 67.473 66.975 58.091 61.713 58.775 52.918 52.618 53.537 45.227 49.201 55.709 54.388 50.549 56.322 72.562 80.695 88.080 102.185 92.746 96.194 101.588 106.679 99.329 91.248 72.869 61.321 59.531 53.845 51.367 42.895 53.248 54.006 48.465 51.919 47.908 44.728 42.960 42.639 46.925 46.083 45.653 42.103
-999.250 -999.250 -999.250 -999.250 -999.250 -999.250 -999.250 -999.250 -999.250 -999.250 -999.250 -999.250 -999.250 -999.250 -999.250 -999.250 -999.250 47.209 44.582 51.725 51.844 56.955 58.307 63.360 67.640 68.684 70.952 67.774 54.760 61.798 54.645 62.517 53.119 51.292 40.020 52.344 54.106 57.095 61.727 75.234 87.804 82.212 104.763 98.831 100.684 104.117 108.216 109.275 97.807 79.498 69.343 64.106 67.837 61.146 66.041 65.203 58.537 55.038 51.598 53.462 42.524 42.984 43.070 43.184 45.426 44.640 39.557
-999.250 -999.250 -999.250 -999.250 -999.250 -999.250 -999.250 -999.250 -999.250 -999.250 -999.250 -999.250 -999.250 -999.250 -999.250 -999.250 -999.250 45.732 47.651 53.380 56.009 51.126 61.309 61.593 67.830 66.835 62.194 59.779 61.203 60.465 57.682 58.084 53.199 48.919 46.347 49.315 59.002 62.555 68.610 78.824 91.320 103.231 113.426 110.970 118.870 117.435 117.212 111.957 98.565 94.109 81.225 82.864 79.398 85.572 85.122 80.161 62.960 57.457 57.046 58.351 49.181 47.831 44.344 40.204 42.843 47.337 37.568
-999.250 -999.250 -999.250 -999.250 -999.250 -999.250 -999.250 -999.250 -999.250 -999.250 -999.250 -999.250 -999.250 -999.250 -999.250 45.895 43.182 44.602 48.299 45.103 53.099 60.406 63.974 55.438 60.737 59.345 58.817 50.767 55.704 61.645 57.499 60.747 62.318 57.032 52.825 49.722 58.471 68.865 70.358 91.842 91.541 108.780 124.325 136.113 139.479 133.366 113.946 112.843 102.243 96.945 91.212 92.713 85.442 103.473 96.392 77.161 65.363 56.931 59.614 57.208 48.169 40.441 36.914 37.420 39.433 40.743 40.517
-999.250 -999.250 -999.250 -999.250 -999.250 -999.250 -999.250 -999.250 -999.250 -999.250 -999.250 -999.250 -999.250 -999.250 38.800 41.875 42.702 42.488 45.929 48.243 57.031 59.683 60.767 60.222 63.344 65.072 61.005 57.855 58.104 65.119 62.592 59.874 66.190 56.600 49.312 48.861 60.667 56.320 71.098 77.599 89.414 111.950 134.975 141.571 146.774 158.569 117.868 99.120 95.044 91.199 94.296 108.095 116.921 124.070 103.828 84.944 75.375 65.116 61.130 55.958 44.817 44.952 38.240 39.751 41.292 34.077 38.316
-999.250 -999.250 -999.250 -999.250 -999.250 -999.250 -999.250 -999.250 -999.250 -999.250 -999.250 -999.250 -999.250 -999.250 34.207 37.754 37.532 43.233 47.289 47.723 59.748 55.506 60.744 61.194 61.325 61.441 62.942 61.636 63.393 61.450 70.172 66.233 66.437 51.348 47.292 55.152 62.443 54.649 63.350 69.896 90.156 108.876 123.878 160.973 184.383 180.907 129.114 93.821 88.916 90.024 99.421 107.669 123.038 121.546 101.991 87.349 71.821 70.054 59.929 55.492 43.468 40.010 38.007 38.183 42.025 35.792 38.808
-999.250 -999.250 -999.250 -999.250 -999.250 -999.250 -999.250 -999.250 -999.250 -999.250 -999.250 -999.250 -999.250 36.612 38.208 32.590 39.507 40.319 47.813 53.237 49.559 55.422 55.463 59.767 60.724 56.742 52.657 51.581 57.487 73.246 67.595 64.810 61.946 58.634 54.511 49.500 54.026 52.993 64.145 80.154 89.626 94.687 125.581 160.772 162.518 151.901 120.611 99.235 99.542 116.855 106.836 119.230 111.066 110.014 93.372 79.530 73.964 65.005 62.738 48.062 44.266 39.887 38.586 41.645 41.477 37.076 35.752
