data/medianmodel_28-Jan-2021.asc
ncols	141
nrows	288
xllcorner	-120191.398
yllcorner	-301404.813
cellsize	2000.000
NODATA_value	-999.250
[rows 168 to 195 of 288, columns 0 to 62 of 141]
-999.250 -999.250 -999.250 -999.250 -999.250 1870.917 1846.155 1840.320 1851.147 1839.182 1784.760 1688.527 1625.071 1613.293 1586.828 1592.070 1599.288 1568.623 1622.569 1586.600 1611.665 1639.185 1673.233 1665.533 1670.073 1678.301 1667.571 1656.176 1615.520 1548.802 1569.409 1540.280 1577.772 1632.685 1671.155 1746.905 1722.379 1779.000 1765.782 1774.664 1742.906 1738.722 1696.769 1635.420 1599.644 1550.236 1470.872 1447.222 1358.235 1383.658 1329.024 1307.253 1285.740 1356.181 1300.559 1292.610 1352.722 1302.817 1228.955 1210.075 1245.169 1257.668 1243.475
-999.250 -999.250 -999.250 -999.250 1887.698 1866.669 1890.568 1854.745 1893.336 1841.775 1834.256 1728.012 1689.298 1629.146 1601.841 1673.358 1701.868 1691.629 1630.344 1653.391 1674.986 1723.327 1750.169 1776.640 1764.028 1778.877 1781.514 1723.591 1687.554 1729.635 1723.317 1693.774 1695.996 1686.404 1815.919 1835.924 1836.487 1865.184 1860.705 1814.523 1820.628 1778.136 1754.907 1707.019 1681.501 1564.822 1478.080 1475.632 1462.311 1374.946 1360.110 1285.493 1223.666 1310.284 1206.596 1222.297 1192.953 1188.462 1112.072 1132.884 1147.623 1136.325 1119.088
-999.250 -999.250 -999.250 -999.250 1959.450 1953.174 1940.042 1928.710 1930.579 1860.322 1800.935 1794.860 1783.551 1725.957 1735.526 1747.129 1723.739 1734.198 1709.232 1785.038 1781.030 1812.155 1800.145 1828.951 1854.358 1832.629 1793.954 1824.908 1781.488 1797.715 1772.649 1786.345 1800.056 1808.321 1903.800 1955.210 1891.387 1917.334 1869.335 1836.196 1900.980 1778.704 1738.402 1707.715 1697.939 1588.908 1509.912 1500.419 1387.981 1346.886 1304.859 1212.462 1235.292 1184.231 1148.911 1188.103 1091.440 1153.794 1070.205 1075.210 1056.599 1074.564 1046.786
-999.250 -999.250 -999.250 -999.250 2060.495 2000.608 1974.609 1977.046 1962.721 1914.014 1860.941 1848.769 1796.066 1824.437 1796.036 1798.828 1780.115 1797.349 1848.482 1787.260 1875.751 1881.112 1924.856 1939.294 1934.799 1888.219 1869.142 1930.425 1900.620 1846.950 1883.751 1878.421 1866.493 1942.061 2061.922 2114.191 2070.013 1992.223 1948.126 1921.113 1829.646 1810.449 1755.915 1694.724 1671.689 1614.834 1507.853 1441.912 1457.704 1326.839 1276.033 1229.285 1208.394 1145.760 1050.671 1044.872 1053.595 1092.845 1018.014 981.133 1016.827 1009.330 955.088
-999.250 -999.250 -999.250 -999.250 2132.941 2105.542 2046.130 2073.492 1943.333 1964.697 1921.484 1889.150 1854.880 1832.532 1784.536 1833.865 1797.944 1845.322 1885.859 1954.822 1985.346 2008.524 1986.646 2002.476 1931.863 1938.245 1973.209 1903.825 1952.655 1919.569 1953.454 1978.206 2011.837 2015.643 2080.779 2216.483 2190.583 2057.925 2048.789 1908.225 1827.805 1790.177 1771.638 1745.567 1662.557 1587.535 1529.635 1410.080 1441.025 1359.137 1312.294 1230.059 1143.342 1098.715 1063.101 1018.448 975.957 1015.838 927.350 957.771 971.977 965.699 909.784
-999.250 -999.250 -999.250 -999.250 2154.848 2116.648 2108.641 2071.029 1998.061 1982.575 1997.039 1884.600 1891.837 1856.805 1804.378 1818.167 1774.481 1901.765 2013.940 2068.873 2063.420 2093.457 2128.161 2122.279 2097.230 2031.833 2025.797 1952.235 2021.634 2080.701 2064.550 2049.830 2082.239 2131.782 2138.046 2170.272 2166.828 2127.006 1986.718 1925.507 1860.482 1846.755 1742.206 1713.479 1644.891 1567.702 1570.327 1503.359 1409.360 1345.287 1304.889 1236.475 1119.889 1156.315 1038.805 966.558 971.200 935.522 905.948 901.405 908.114 881.530 845.002
-999.250 -999.250 -999.250 -999.250 2196.546 2109.596 2162.339 2160.328 2066.113 1984.852 1996.935 1922.856 1879.288 1921.476 1872.639 1886.348 1908.897 2059.472 2169.543 2245.004 2240.866 2247.325 2164.814 2149.759 2109.123 2142.692 2089.957 2107.274 2080.611 2131.810 2117.025 2127.459 2094.876 2178.769 2178.393 2201.420 2183.901 2075.406 2001.784 1869.123 1877.441 1834.329 1732.197 1688.163 1667.963 1592.561 1511.315 1511.128 1475.118 1343.617 1217.312 1259.224 1165.834 1097.270 1061.469 946.863 905.521 873.302 851.283 861.115 847.751 852.434 839.114
-999.250 -999.250 -999.250 -999.250 2131.812 2219.554 2245.628 2235.587 2129.181 2067.575 2005.451 2018.188 1926.374 1956.982 1917.094 1951.616 1996.159 2101.590 2205.806 2236.046 2281.610 2240.213 2257.350 2198.820 2169.235 2133.902 2079.693 2065.569 2072.929 1989.531 2048.382 2086.922 2097.708 2163.629 2172.415 2177.992 2102.283 2063.042 2004.640 1971.426 1855.159 1801.601 1748.194 1707.241 1602.260 1577.621 1491.922 1491.064 1403.173 1417.321 1316.543 1237.626 1142.761 1025.392 982.866 935.437 844.171 806.495 820.957 829.893 816.405 842.706 860.539
-999.250 -999.250 -999.250 -999.250 2183.096 2225.240 2277.210 2263.724 2153.504 2203.627 2035.570 2059.575 1954.363 1959.681 2085.221 2079.639 2117.573 2163.827 2169.757 2229.943 2288.836 2286.135 2224.658 2161.897 2163.770 2157.434 2164.838 2118.025 2034.217 2137.869 2073.418 2080.155 2151.948 2168.965 2114.071 2088.961 2044.237 2021.053 2025.377 1962.611 1890.621 1813.705 1724.451 1654.170 1579.364 1546.751 1460.258 1443.860 1376.102 1312.990 1262.776 1179.175 1102.587 1043.399 1005.029 915.252 832.971 749.154 829.781 855.565 834.908 837.154 878.017
-999.250 -999.250 -999.250 -999.250 2236.847 2271.696 2200.838 2282.030 2269.387 2275.651 2139.399 2129.635 2034.322 2051.326 2127.855 2113.888 2191.128 2222.972 2257.511 2260.380 2278.847 2254.580 2272.564 2232.483 2155.903 2203.847 2167.347 2140.038 2082.414 2139.701 2146.766 2181.077 2113.903 2136.226 2080.186 2031.943 1964.376 1994.333 1951.410 1907.848 1813.025 1825.201 1733.095 1673.735 1614.422 1551.935 1510.345 1398.202 1341.994 1348.207 1287.979 1201.797 1152.665 1047.988 978.605 939.683 862.251 826.455 820.943 832.502 894.380 897.623 878.508
-999.250 -999.250 -999.250 -999.250 2262.848 2258.604 2259.639 2260.988 2295.539 2291.305 2252.285 2138.813 2127.121 2165.554 2139.312 2180.123 2198.597 2253.576 2235.028 2248.874 2307.625 2302.587 2274.112 2168.583 2159.332 2171.977 2082.411 2102.218 2161.888 2187.344 2142.813 2121.241 2056.966 2111.620 2015.153 1939.525 1967.157 1938.897 1830.231 1857.768 1840.644 1785.157 1734.691 1610.188 1595.764 1581.338 1524.182 1488.236 1409.110 1321.313 1283.493 1219.295 1132.557 1122.999 1066.964 975.573 893.147 884.563 893.155 903.208 897.933 949.016 904.174
-999.250 -999.250 -999.250 2248.777 2186.420 2275.695 2331.335 2243.094 2275.034 2289.852 2269.182 2267.703 2205.630 2213.167 2135.262 2185.737 2195.048 2220.902 2309.390 2265.507 2385.934 2280.007 2257.793 2191.847 2143.943 2161.932 2173.541 2188.016 2126.168 2076.321 2108.435 2146.991 2028.364 2059.120 1970.977 1945.007 1908.828 1945.573 1896.176 1856.651 1820.502 1789.010 1747.496 1687.140 1602.657 1588.943 1494.093 1458.634 1364.544 1350.914 1315.732 1280.827 1186.677 1179.535 1089.467 1043.208 991.521 947.526 942.440 958.287 932.725 899.681 896.128
-999.250 -999.250 -999.250 2163.301 2238.931 2263.717 2269.887 2276.599 2259.162 2272.781 2231.761 2323.487 2217.480 2224.638 2228.832 2289.651 2265.900 2343.770 2298.611 2297.121 2336.890 2271.991 2164.705 2165.670 2146.549 2167.989 2124.009 2149.026 2076.101 2023.445 2016.390 2101.671 2006.916 1985.034 2057.617 1956.641 1971.409 1858.910 1858.593 1787.415 1830.469 1748.530 1701.572 1689.717 1628.607 1559.376 1544.520 1461.533 1384.980 1319.011 1320.743 1313.771 1239.137 1226.228 1138.877 1110.132 1104.320 1023.747 1001.266 978.179 1019.886 1006.320 978.801
-999.250 -999.250 -999.250 2149.319 2289.471 2247.307 2339.160 2262.999 2250.198 2289.450 2314.116 2262.328 2190.535 2231.016 2272.409 2270.940 2316.522 2333.971 2318.686 2288.660 2247.224 2205.523 2215.644 2138.204 2173.908 2155.818 2110.780 2076.907 2081.290 2076.956 2037.038 2064.629 1949.645 1937.621 1937.163 1965.252 1918.515 1870.381 1812.908 1761.707 1779.608 1711.342 1697.687 1653.535 1639.058 1562.507 1536.324 1469.443 1397.375 1340.979 1322.921 1342.830 1271.672 1195.702 1222.733 1184.478 1136.108 1099.841 1009.335 1042.922 1091.536 1073.981 1022.774
-999.250 -999.250 2071.327 2113.926 2155.588 2169.861 2276.507 2349.892 2229.911 2314.357 2257.860 2325.817 2319.346 2320.884 2350.839 2259.141 2335.609 2355.832 2267.354 2284.618 2277.174 2182.543 2135.950 2169.284 2164.960 2027.940 2039.987 2029.921 2039.151 2050.059 2021.452 2020.844 1924.291 1901.874 1916.147 1926.309 1909.348 1818.981 1814.381 1741.566 1716.746 1684.849 1651.128 1622.814 1605.250 1588.421 1558.584 1440.471 1393.647 1368.003 1280.881 1293.279 1304.971 1295.669 1203.490 1184.936 1172.483 1189.083 1152.380 1147.749 1131.380 1141.446 1104.753
-999.250 -999.250 2079.913 2157.405 2187.572 2190.379 2175.937 2284.399 2210.222 2246.116 2314.754 2285.519 2322.133 2279.621 2251.774 2255.512 2281.052 2287.989 2233.547 2153.047 -999.250 2127.546 2060.166 2050.585 2021.911 1979.943 1994.448 1964.948 1963.253 1990.066 1962.065 1964.729 1986.507 1945.852 1853.554 1881.042 1879.196 1814.588 1782.415 1736.316 1749.513 1652.983 1591.891 1597.688 1526.070 1547.604 1523.071 1444.980 1420.594 1337.351 1327.497 1334.832 1318.879 1295.564 1307.541 1300.294 1242.381 1271.547 1246.859 1214.830 1209.388 1168.311 1186.387
-999.250 2059.701 2036.372 2079.314 2087.871 2125.573 2268.107 2259.999 2274.811 2234.715 2366.280 2361.339 2344.335 2315.199 2351.990 2287.791 2216.326 2169.709 2189.897 -999.250 -999.250 2044.938 1989.201 1994.163 1934.521 1901.400 1909.027 1956.270 1940.217 1936.364 1913.291 1920.075 1938.997 1924.067 1828.063 1885.623 1822.826 1728.447 1730.124 1690.312 1645.681 1596.224 1550.673 1538.340 1556.139 1559.193 1516.479 1492.345 1412.822 1334.405 1319.280 1345.983 1335.983 1390.263 1359.782 1344.629 1327.509 1328.204 1294.943 1252.479 1239.385 1291.329 1287.575
-999.250 1987.661 2008.573 2065.069 2000.586 2063.827 2239.704 2243.801 2281.360 2276.743 2292.744 2270.181 2273.230 2280.405 2340.302 2287.997 2178.456 2136.134 -999.250 -999.250 -999.250 -999.250 1906.549 1889.140 1897.692 1843.609 1836.303 1853.772 1819.708 1859.601 1833.558 1853.128 1824.267 1846.292 1834.908 1835.504 1766.577 1740.795 1738.411 1674.329 1611.931 1584.307 1533.823 1523.985 1482.756 1516.457 1520.923 1524.068 1475.324 1406.548 1348.401 1398.394 1377.941 1356.770 1345.218 1353.669 1363.525 1356.171 1345.923 1318.116 1334.564 1350.538 1366.844
1839.195 1991.783 1906.593 1921.754 2004.523 2059.587 2163.567 2181.485 2252.868 2330.341 2266.317 2239.939 2238.069 2231.056 2258.916 2188.297 2211.371 2169.787 -999.250 -999.250 -999.250 -999.250 -999.250 1795.336 1800.104 1744.924 1813.998 1793.865 1781.163 1803.757 1823.538 1815.390 1783.222 1756.949 1771.229 1777.414 1701.205 1662.411 1675.941 1632.385 1645.611 1501.877 1514.271 1464.954 1496.260 1428.632 1424.214 1446.425 1471.171 1407.351 1423.588 1428.117 1427.776 1363.308 1370.828 1345.560 1370.945 1387.599 1383.740 1390.290 1430.912 1439.383 1409.142
-999.250 1854.711 1926.197 1928.208 1906.271 1977.622 2075.054 2164.574 2204.379 2241.123 2153.655 2116.576 2072.176 2153.800 2172.613 2206.983 2102.357 2078.640 -999.250 -999.250 -999.250 -999.250 1692.836 1697.931 1650.143 1681.711 1756.616 1725.771 1753.400 1776.006 1764.275 1735.098 1798.368 1734.964 1751.276 1735.027 1696.144 1666.376 1648.516 1580.412 1599.789 1522.604 1485.582 1435.831 1450.961 1491.136 1418.161 1437.644 1489.378 1388.828 1421.890 1478.298 1505.186 1511.244 1524.816 1476.644 1494.413 1528.536 1482.939 1459.764 1499.669 1425.950 1490.957
-999.250 1762.706 1817.495 1853.268 1907.642 1913.461 1998.196 2047.853 2073.733 2088.883 2097.778 2014.297 2007.980 2080.029 2157.687 2199.935 2167.791 2029.740 -999.250 -999.250 -999.250 1657.487 -999.250 1573.673 1570.181 1577.665 1638.419 1673.609 1687.194 1724.269 1767.565 1801.402 1829.757 1799.347 1767.438 1702.842 1737.829 1671.626 1628.968 1647.819 1552.423 1482.320 1419.964 1451.265 1445.216 1374.038 1403.583 1393.636 1381.637 1437.770 1446.205 1548.983 1576.672 1510.202 1579.477 1544.683 1552.677 1583.889 1601.827 1589.494 1524.885 1575.264 1567.242
-999.250 1739.828 1757.508 1758.236 1804.629 1826.778 1924.777 1968.488 2041.578 2073.034 2074.269 1990.001 2019.958 2033.436 2124.681 2102.307 2064.258 -999.250 -999.250 -999.250 -999.250 1526.399 1473.220 1471.370 1521.786 1582.555 1614.716 1604.220 1629.813 1687.434 1755.285 1777.836 1815.060 1787.616 1771.234 1763.638 1748.034 1735.520 1686.472 1581.171 1510.148 1537.395 1421.451 1373.629 1396.630 1347.654 1325.204 1350.977 1395.418 1411.073 1497.041 1477.553 1566.926 1621.195 1616.981 1568.587 1641.128 1659.362 1656.373 1620.632 1538.785 1520.510 1539.899
-999.250 1705.820 1654.625 1632.898 1720.693 1799.849 1875.944 1909.247 1979.383 1972.096 1998.257 1969.472 1970.918 2024.083 1978.112 2070.112 2011.489 -999.250 -999.250 -999.250 1637.898 1496.841 1343.424 1455.156 1546.805 1580.034 1625.534 1624.614 1541.416 1693.861 1740.487 1859.350 1851.276 1823.890 1804.998 1714.818 1770.248 1741.781 1694.286 1637.011 1528.312 1475.842 1403.883 1339.722 1289.755 1278.517 1275.580 1285.326 1345.346 1399.747 1536.783 1529.646 1584.704 1635.208 1697.412 1709.298 1715.483 1766.537 1739.286 1658.285 1658.294 1558.824 1561.598
-999.250 -999.250 -999.250 1626.238 -999.250 -999.250 1814.068 1887.519 1921.405 -999.250 -999.250 -999.250 1930.014 1988.391 -999.250 -999.250 -999.250 -999.250 -999.250 -999.250 1688.623 1606.137 1526.480 1565.282 1636.356 1673.562 1728.343 1736.443 1722.162 1780.350 1856.043 1898.429 1950.510 1877.731 1858.151 1858.383 1785.954 1732.097 1679.995 1648.981 1533.101 1476.714 1475.321 1347.053 1238.955 1190.501 1211.407 1277.247 1351.153 1439.763 1529.771 1608.527 1599.018 1706.739 1737.541 1784.702 1808.784 1816.211 1790.039 1759.888 1690.316 1654.987 1679.987
-999.250 -999.250 -999.250 -999.250 -999.250 -999.250 -999.250 -999.250 -999.250 -999.250 -999.250 -999.250 -999.250 2000.136 1968.823 1971.867 -999.250 -999.250 -999.250 1763.217 1724.550 1694.758 1677.600 1725.980 1749.598 1827.532 1848.365 1891.972 1864.637 1864.590 1923.211 1973.519 2004.950 1944.573 1892.747 1891.970 1869.897 1769.606 1773.801 1707.610 1611.349 1562.422 1533.538 1355.179 1273.894 1128.388 1223.595 1318.455 1402.753 1476.714 1585.540 1605.454 1663.138 1754.539 1801.864 1853.815 1882.026 1886.670 1866.835 1800.719 1726.027 1720.830 1684.968
-999.250 -999.250 -999.250 -999.250 -999.250 -999.250 -999.250 -999.250 -999.250 -999.250 -999.250 1920.992 1943.646 1975.248 1944.638 1958.128 -999.250 -999.250 1878.999 1815.109 1774.905 1751.925 1782.495 1812.640 1876.479 1950.873 2046.747 2037.190 1964.746 2006.012 1985.115 2069.434 2004.870 2082.909 1967.472 2042.477 1886.010 1862.167 1778.403 1765.594 1730.154 1612.332 1579.509 1462.642 1324.181 1265.363 1269.992 1347.038 1448.336 1554.341 1560.094 1623.992 1755.790 1748.919 1852.167 1891.994 1968.428 1939.578 1892.661 1865.486 1793.120 1740.219 1719.962
-999.250 -999.250 -999.250 -999.250 -999.250 -999.250 -999.250 -999.250 -999.250 -999.250 -999.250 1927.398 1943.193 1932.742 1933.443 1964.119 1902.493 1920.201 1870.965 1849.901 1823.220 1832.099 1839.368 1945.240 1996.355 2126.811 2291.929 2190.166 2183.201 2189.503 2123.867 2068.939 2083.839 2023.810 2092.630 2093.620 2055.062 1968.870 1891.239 1876.153 1778.462 1705.905 1632.294 1578.650 1458.592 1371.853 1444.800 1483.478 1554.186 1611.245 1618.981 1632.242 1701.254 1763.619 1830.848 1905.268 1984.136 1932.641 1894.196 1896.617 1847.955 1772.044 1699.325
-999.250 -999.250 -999.250 -999.250 -999.250 -999.250 -999.250 -999.250 -999.250 -999.250 -999.250 -999.250 1910.700 1898.015 1924.567 1935.326 1923.077 1878.104 1902.135 1848.572 1891.941 1893.079 1955.930 2024.090 2111.164 2233.190 2245.646 2261.347 2267.343 2242.498 2224.572 2255.633 2190.765 2181.632 2237.229 2164.161 2143.922 2050.134 1956.644 1924.616 1857.209 1741.611 1686.192 1644.751 1558.166 1508.859 1491.193 1536.957 1591.424 1608.840 1637.295 1680.571 1740.254 1736.350 1805.890 1860.731 1901.125 1874.519 1840.090 1853.468 1780.368 1754.794 1716.038
