data/medianmodel_18-Sep-2020.asc
ncols	141
nrows	288
xllcorner	-120191.398
yllcorner	-301404.813
cellsize	2000.000
NODATA_value	-999.250
[rows 180 to 209 of 288, columns 0 to 67 of 141]
-999.250 -999.250 -999.250 83.662 76.076 87.881 86.367 86.716 85.578 93.456 100.869 100.502 107.230 120.088 116.250 113.657 119.287 119.752 117.909 113.757 104.996 103.240 93.087 92.117 89.431 86.571 87.864 79.224 75.954 73.045 71.315 64.136 62.196 58.821 59.330 54.509 48.911 49.715 42.863 46.865 45.617 49.485 49.052 51.996 49.787 54.971 53.246 46.938 44.302 46.462 43.855 47.631 50.387 41.386 39.978 36.387 28.596 29.028 24.120 21.232 22.115 18.611 16.542 12.982 12.260 11.417 11.636 12.514
-999.250 -999.250 -999.250 86.676 92.394 90.230 95.824 94.332 99.144 104.427 111.114 108.475 118.268 114.079 113.024 120.675 112.999 119.945 112.534 105.178 100.769 94.121 94.124 90.598 89.735 88.186 83.172 82.646 77.848 77.260 67.983 67.070 62.857 56.057 57.781 53.609 50.245 46.172 44.956 43.260 48.863 49.687 51.166 47.955 48.527 51.557 48.051 49.096 47.155 45.269 42.898 47.427 44.931 46.076 40.886 38.617 33.267 33.125 29.324 24.629 23.196 20.710 20.674 17.072 16.212 14.863 16.290 17.396
-999.250 -999.250 82.473 86.414 93.996 94.698 100.705 105.267 104.645 118.941 121.529 117.138 120.333 134.516 115.967 122.284 116.742 116.527 110.496 104.880 96.985 95.613 92.377 89.027 91.409 85.101 87.917 85.512 84.134 82.815 74.184 68.729 64.079 60.322 53.003 50.502 46.976 46.437 46.703 46.616 45.459 46.740 38.593 45.170 47.105 45.485 48.270 45.214 46.888 45.473 44.862 46.651 43.892 47.974 42.984 42.949 37.287 33.874 29.693 28.003 30.101 27.458 21.862 20.923 19.794 19.763 19.796 17.924
-999.250 -999.250 87.767 93.320 100.347 104.839 114.403 111.084 121.602 126.984 127.146 130.273 131.803 121.404 123.855 132.274 121.227 117.203 109.288 96.561 -999.250 95.497 83.355 86.622 86.304 83.616 79.836 86.405 82.477 84.962 79.235 73.368 67.318 63.319 53.384 45.694 48.068 46.008 43.968 41.769 42.589 45.999 39.985 42.988 43.109 45.397 45.133 45.370 48.457 49.919 53.224 48.485 52.361 51.071 44.793 46.946 40.169 39.323 37.646 33.349 32.065 31.225 26.069 20.134 22.171 21.895 20.434 21.020
-999.250 80.338 95.576 94.248 101.725 111.770 107.173 119.475 137.551 138.956 138.159 130.825 135.730 118.783 124.621 136.330 147.880 124.688 106.434 -999.250 -999.250 90.749 83.985 80.226 83.104 78.656 79.614 82.167 80.772 83.736 74.640 67.591 64.327 57.232 53.120 53.091 45.967 43.798 36.929 37.029 38.850 40.304 38.428 38.223 40.268 38.634 41.662 41.594 43.840 49.420 48.943 54.051 47.559 49.759 51.861 47.941 42.256 43.341 45.509 37.675 33.142 29.299 28.824 28.941 26.442 24.019 25.715 23.107
-999.250 88.834 92.280 103.121 111.911 106.251 117.285 131.964 137.312 146.995 146.350 143.102 144.821 130.298 131.665 132.035 128.264 115.919 -999.250 -999.250 -999.250 -999.250 83.181 75.107 75.021 74.619 76.227 74.902 81.661 73.065 75.041 64.134 62.179 56.493 49.853 46.932 46.006 34.377 34.142 34.556 35.185 33.879 37.131 36.522 38.390 43.066 35.175 37.486 38.031 42.820 48.037 52.863 53.590 54.020 52.408 49.410 48.260 49.527 42.142 37.892 37.465 32.423 32.696 29.259 32.931 30.109 29.826 28.777
81.411 92.802 97.419 106.188 102.969 108.496 114.468 134.795 144.188 157.894 151.686 156.598 153.506 145.819 128.838 138.481 125.244 111.971 -999.250 -999.250 -999.250 -999.250 -999.250 74.384 70.763 72.770 76.862 73.793 80.125 75.550 74.266 66.409 62.984 55.995 51.951 44.265 36.588 38.149 34.596 32.059 31.055 29.322 32.907 34.558 34.236 34.676 36.622 39.527 40.736 43.313 47.394 52.328 54.065 54.759 51.592 48.359 56.253 52.248 47.115 41.031 38.891 36.838 37.539 38.721 36.827 36.631 37.898 39.601
-999.250 88.984 93.975 101.728 102.858 116.056 128.190 123.461 139.531 156.645 165.278 174.772 196.626 174.286 146.444 136.007 120.537 107.925 -999.250 -999.250 -999.250 -999.250 71.450 70.677 67.482 70.298 74.514 75.093 74.723 74.176 68.792 64.787 61.247 55.362 51.036 44.216 39.496 36.194 32.751 29.066 26.061 25.683 25.099 27.044 30.660 28.686 30.680 33.693 37.887 41.093 48.262 48.635 52.079 52.299 57.004 55.276 58.998 57.465 49.904 51.354 44.633 47.399 44.472 42.673 40.943 43.303 46.657 46.493
-999.250 90.091 92.492 96.007 104.285 112.587 119.458 126.735 144.907 158.097 165.034 171.150 176.376 164.700 156.334 149.946 120.880 107.829 -999.250 -999.250 -999.250 70.185 -999.250 60.326 63.766 67.335 70.425 74.633 75.684 78.193 68.596 64.286 56.530 54.339 46.817 42.809 35.489 33.303 25.521 22.849 23.410 22.938 20.943 26.089 23.815 23.714 26.258 33.245 35.378 38.128 50.337 46.423 51.473 58.761 57.131 62.214 62.800 56.587 57.836 59.943 57.613 52.433 54.106 51.758 49.920 54.220 51.211 54.657
-999.250 91.965 96.628 104.056 104.167 108.722 115.928 128.246 141.016 150.167 162.084 178.479 160.572 159.524 142.694 135.149 123.698 -999.250 -999.250 -999.250 -999.250 59.012 53.133 53.801 60.244 67.395 71.414 77.538 84.481 79.261 65.419 64.798 55.836 51.934 47.787 38.042 30.290 27.089 21.411 21.785 20.819 21.026 20.591 19.404 21.654 21.367 22.114 30.433 32.134 39.838 45.141 57.127 57.331 59.841 65.629 62.094 65.759 67.546 63.427 63.011 60.585 60.514 52.833 57.424 59.432 59.333 61.188 62.518
-999.250 94.888 100.927 109.078 109.956 111.081 118.776 128.049 140.316 144.870 156.673 169.665 153.184 143.816 133.626 124.445 110.744 -999.250 -999.250 -999.250 65.684 57.440 45.128 54.862 58.111 64.618 68.641 78.075 90.969 77.085 66.399 57.595 54.901 45.888 44.434 37.070 29.192 25.431 22.160 21.492 18.983 19.826 16.868 15.600 17.238 17.648 18.893 22.003 26.843 37.855 43.744 53.311 58.094 62.288 67.331 68.535 75.471 77.520 71.266 68.442 65.984 67.967 64.497 63.227 69.242 64.852 70.541 67.285
-999.250 -999.250 -999.250 100.100 -999.250 -999.250 108.523 121.896 129.959 -999.250 -999.250 -999.250 143.199 128.913 -999.250 -999.250 -999.250 -999.250 -999.250 -999.250 65.345 61.377 53.112 55.104 57.793 63.634 65.897 71.733 76.432 71.987 62.522 54.399 46.018 38.999 33.843 31.840 26.092 23.365 22.719 19.540 17.107 14.923 13.362 12.555 10.863 12.284 15.668 19.350 27.357 31.898 41.722 51.503 58.191 65.750 72.043 79.011 84.470 83.580 78.790 79.432 76.564 69.362 69.292 73.806 72.072 72.973 72.396 74.455
-999.250 -999.250 -999.250 -999.250 -999.250 -999.250 -999.250 -999.250 -999.250 -999.250 -999.250 -999.250 -999.250 113.500 102.280 97.964 -999.250 -999.250 -999.250 72.051 70.097 70.718 65.832 63.776 62.168 62.591 64.351 61.636 63.176 61.492 56.603 53.379 42.245 34.061 32.520 31.593 23.534 21.221 20.230 14.199 12.704 14.913 12.604 9.754 10.054 8.885 14.396 18.615 26.060 35.889 43.330 50.096 57.820 66.057 74.676 87.595 87.850 90.521 85.930 83.944 76.459 75.300 74.101 81.784 80.444 86.853 82.820 80.268
-999.250 -999.250 -999.250 -999.250 -999.250 -999.250 -999.250 -999.250 -999.250 -999.250 -999.250 107.118 105.120 96.570 91.942 88.145 -999.250 -999.250 73.184 73.190 76.158 81.361 75.261 67.744 62.024 56.575 54.486 59.502 57.647 53.425 48.547 42.242 40.572 34.408 31.593 29.332 21.888 19.538 15.286 13.445 11.835 11.468 12.987 10.714 11.604 10.944 15.672 20.087 25.044 32.421 43.047 50.941 58.480 69.941 79.975 87.879 102.256 96.066 92.910 86.239 84.244 83.553 80.864 86.522 88.028 90.902 92.212 91.025
-999.250 -999.250 -999.250 -999.250 -999.250 -999.250 -999.250 -999.250 -999.250 -999.250 -999.250 95.683 88.984 85.352 81.093 80.834 72.421 70.889 69.704 71.543 81.296 91.605 80.483 67.677 61.409 56.529 52.903 51.843 52.475 51.439 48.344 40.425 37.449 35.549 31.990 25.935 22.641 16.618 17.012 13.382 12.686 9.655 7.817 9.488 11.083 15.781 16.567 21.928 26.830 39.155 44.583 54.347 58.837 69.201 75.281 85.675 88.794 93.010 88.444 87.139 86.710 89.394 86.280 89.197 82.818 88.878 93.204 94.780
-999.250 -999.250 -999.250 -999.250 -999.250 -999.250 -999.250 -999.250 -999.250 -999.250 -999.250 -999.250 83.485 77.246 72.900 73.613 67.957 62.712 65.997 72.571 75.788 79.367 75.263 69.000 61.688 57.784 53.347 50.289 48.689 47.018 46.883 42.251 35.717 33.943 30.040 21.379 21.033 18.151 15.771 14.290 10.924 9.156 8.121 10.991 11.961 15.660 19.989 21.720 34.098 35.916 44.020 55.136 62.219 70.212 71.997 75.905 80.618 85.012 86.167 88.215 85.328 87.637 87.097 86.981 90.574 93.305 101.139 98.862
-999.250 -999.250 -999.250 -999.250 -999.250 -999.250 -999.250 -999.250 -999.250 -999.250 -999.250 -999.250 -999.250 70.212 70.735 66.378 62.922 61.767 67.895 73.280 73.522 74.425 71.380 66.496 58.369 55.989 52.740 49.212 47.021 45.767 44.412 42.072 37.844 36.053 31.696 21.045 18.598 15.098 14.372 12.874 11.728 13.784 11.858 11.259 12.580 16.310 19.418 24.629 33.878 38.864 40.924 50.881 60.630 66.640 69.676 72.101 70.461 82.126 80.550 82.651 86.776 85.392 91.169 92.970 90.583 96.219 103.693 107.281
-999.250 -999.250 -999.250 -999.250 -999.250 -999.250 -999.250 -999.250 -999.250 -999.250 -999.250 -999.250 -999.250 74.774 69.712 65.858 64.321 67.876 69.441 70.106 69.529 67.297 67.929 64.670 58.976 56.150 52.793 49.865 49.936 49.057 44.349 40.007 35.466 34.442 29.414 23.239 19.175 16.084 12.428 13.579 11.470 11.060 11.308 13.856 13.699 16.488 19.250 23.773 32.940 35.003 43.823 51.205 56.176 65.594 63.611 74.978 69.247 74.718 78.792 78.626 74.040 81.119 87.349 97.372 102.917 93.645 105.602 111.577
-999.250 -999.250 -999.250 -999.250 -999.250 -999.250 -999.250 -999.250 -999.250 -999.250 -999.250 -999.250 -999.250 67.190 65.769 64.343 65.958 70.294 71.510 72.488 65.489 69.370 62.837 62.191 58.626 57.212 52.024 52.002 49.851 48.326 46.610 45.120 38.536 32.317 28.364 21.427 19.128 17.021 14.389 13.105 13.584 15.362 13.789 13.669 13.063 16.902 17.434 20.723 24.934 34.306 42.835 51.332 54.285 56.478 59.231 61.756 63.741 63.980 66.878 72.313 78.003 79.961 81.368 87.780 93.362 101.446 102.038 115.201
-999.250 -999.250 -999.250 -999.250 -999.250 -999.250 -999.250 -999.250 -999.250 -999.250 -999.250 -999.250 -999.250 -999.250 63.944 63.641 69.523 70.952 79.062 70.206 61.996 62.648 62.495 59.594 49.143 56.231 54.426 56.447 58.373 55.177 50.746 44.673 39.638 36.282 32.082 24.587 19.499 17.877 15.574 15.288 15.371 18.036 13.648 11.809 16.569 15.107 18.713 21.379 25.496 31.822 41.396 49.210 51.583 52.736 58.021 57.039 60.400 58.245 68.230 70.832 75.582 76.332 79.113 82.979 95.081 93.293 107.782 113.023
-999.250 -999.250 -999.250 -999.250 -999.250 -999.250 -999.250 -999.250 -999.250 -999.250 -999.250 -999.250 -999.250 -999.250 67.021 67.553 69.025 74.011 70.604 66.008 61.182 64.579 61.247 60.448 57.146 56.509 57.471 56.664 60.803 51.518 49.540 42.404 38.580 36.266 30.590 28.854 22.321 19.180 17.171 17.334 16.762 16.669 14.999 12.369 14.125 14.427 19.935 21.040 22.778 25.746 34.128 43.066 42.171 48.025 52.416 54.141 55.250 60.479 61.975 72.592 72.464 80.430 77.812 82.863 84.693 90.623 99.181 102.839
-999.250 -999.250 -999.250 -999.250 -999.250 -999.250 -999.250 -999.250 -999.250 -999.250 -999.250 -999.250 -999.250 -999.250 68.139 70.673 69.565 72.011 71.253 66.890 61.720 58.109 62.362 56.565 57.605 52.482 57.408 58.800 57.604 55.331 52.424 49.952 42.685 34.474 32.026 24.404 21.243 21.428 16.745 17.964 15.921 18.025 17.752 17.292 15.199 17.015 18.144 21.765 20.871 24.929 26.100 37.617 41.673 39.124 45.372 51.517 52.593 59.176 60.860 69.734 71.684 75.063 74.806 80.312 83.579 89.152 89.837 99.311
-999.250 -999.250 -999.250 -999.250 -999.250 -999.250 -999.250 -999.250 -999.250 -999.250 -999.250 -999.250 -999.250 -999.250 65.257 70.791 68.378 69.714 70.777 69.768 65.042 57.670 59.008 54.616 57.583 -999.250 55.995 60.015 58.770 55.800 51.716 49.809 42.725 37.291 29.265 28.651 23.257 22.336 23.265 20.839 18.727 21.546 17.625 16.649 17.199 18.760 20.085 21.448 24.202 23.174 30.463 32.899 37.983 39.534 40.136 43.965 53.154 53.213 59.773 60.042 65.587 67.752 70.702 75.210 75.836 83.567 86.618 89.665
-999.250 -999.250 -999.250 -999.250 -999.250 -999.250 -999.250 -999.250 -999.250 -999.250 -999.250 -999.250 -999.250 -999.250 66.962 69.637 68.432 71.872 73.258 66.927 63.910 61.998 60.389 -999.250 -999.250 -999.250 56.987 55.156 55.457 54.431 50.167 47.058 44.363 39.300 38.050 29.974 27.851 25.318 25.775 22.854 24.660 21.338 17.813 18.285 17.520 19.835 18.227 21.610 24.069 25.207 30.948 33.479 34.169 36.118 37.862 44.043 45.009 55.101 60.283 57.893 61.078 59.271 61.940 68.460 70.430 78.522 84.389 84.941
-999.250 -999.250 -999.250 -999.250 -999.250 -999.250 -999.250 -999.250 -999.250 -999.250 -999.250 -999.250 -999.250 64.185 62.474 68.554 69.813 65.336 64.192 65.995 60.411 61.213 -999.250 -999.250 -999.250 -999.250 -999.250 55.822 54.740 50.435 49.373 46.959 41.023 39.032 38.968 35.065 32.399 31.701 28.140 28.474 25.508 22.001 20.238 19.744 19.315 19.438 21.884 20.497 21.671 23.409 22.883 26.174 27.498 29.730 35.229 39.522 39.428 45.820 45.690 49.121 50.387 53.335 60.645 65.394 71.790 73.832 77.861 80.231
-999.250 -999.250 -999.250 -999.250 -999.250 -999.250 -999.250 -999.250 -999.250 -999.250 -999.250 -999.250 -999.250 69.523 60.290 65.005 66.647 61.223 59.855 61.800 -999.250 -999.250 -999.250 -999.250 -999.250 -999.250 -999.250 -999.250 55.499 55.906 54.335 51.699 43.886 40.227 37.918 37.537 29.579 32.667 34.849 30.397 27.783 22.303 25.136 23.194 22.479 22.727 18.814 19.928 19.877 21.917 21.504 21.050 25.021 24.299 29.875 32.947 33.186 41.535 40.356 39.820 45.339 47.323 48.251 58.183 63.017 68.972 73.681 71.248
-999.250 -999.250 -999.250 -999.250 -999.250 -999.250 -999.250 -999.250 -999.250 -999.250 -999.250 -999.250 66.105 65.150 -999.250 -999.250 -999.250 -999.250 -999.250 -999.250 -999.250 -999.250 -999.250 -999.250 -999.250 -999.250 -999.250 -999.250 -999.250 56.143 48.488 49.587 45.952 43.075 42.871 37.671 34.796 35.002 34.706 30.658 35.832 31.075 27.093 24.326 25.455 22.140 20.966 21.076 23.994 21.288 20.891 21.507 20.114 24.164 22.370 24.054 28.713 31.725 30.998 34.785 34.913 35.336 44.729 49.078 54.433 59.812 61.308 60.853
-999.250 -999.250 -999.250 -999.250 -999.250 -999.250 -999.250 -999.250 -999.250 -999.250 -999.250 -999.250 -999.250 -999.250 -999.250 -999.250 -999.250 -999.250 -999.250 -999.250 -999.250 -999.250 -999.250 -999.250 -999.250 -999.250 -999.250 -999.250 -999.250 -999.250 50.021 49.499 49.790 46.750 45.203 42.864 41.775 38.678 38.794 38.659 38.101 34.129 30.607 31.694 27.091 22.699 21.185 22.345 22.012 24.304 20.742 19.136 18.641 19.143 17.706 17.810 20.744 23.401 24.188 27.038 25.787 34.192 34.664 36.077 44.858 50.337 49.216 51.720
-999.250 -999.250 -999.250 -999.250 -999.250 -999.250 -999.250 -999.250 -999.250 -999.250 -999.250 -999.250 -999.250 -999.250 -999.250 -999.250 -999.250 -999.250 -999.250 -999.250 -999.250 -999.250 -999.250 -999.250 -999.250 -999.250 -999.250 -999.250 -999.250 -999.250 49.973 46.293 41.813 44.937 41.423 44.281 45.186 43.992 43.419 41.294 39.292 38.782 35.255 34.874 34.172 24.998 21.780 19.846 20.573 23.135 20.591 17.743 15.063 18.940 16.427 15.224 17.571 20.520 20.058 19.769 24.056 24.216 28.586 31.439 34.036 39.841 40.032 39.954
-999.250 -999.250 -999.250 -999.250 -999.250 -999.250 -999.250 -999.250 -999.250 -999.250 -999.250 -999.250 -999.250 -999.250 -999.250 -999.250 -999.250 -999.250 -999.250 -999.250 -999.250 -999.250 -999.250 -999.250 -999.250 -999.250 -999.250 -999.250 -999.250 -999.250 58.406 52.968 52.987 48.381 44.224 43.185 47.798 45.639 48.659 45.112 44.519 41.172 44.224 39.385 34.653 28.739 21.688 18.669 18.292 19.442 17.959 17.100 14.777 15.794 13.070 17.858 15.320 16.470 18.817 19.310 20.429 22.111 21.784 21.659 22.761 28.901 29.933 32.701
