data/medianmodel_22-Jan-2021.asc
ncols	141
nrows	288
xllcorner	-120191.398
yllcorner	-301404.813
cellsize	2000.000
NODATA_value	-999.250
[rows 196 to 223 of 288, columns 63 to 125 of 141]
1773.376 1721.199 1667.477 1644.672 1553.229 1504.243 1524.116 1553.570 1605.205 1663.839 1704.291 1667.439 1743.650 1804.830 1975.579 2067.791 2067.197 2138.932 2250.539 2367.911 2301.428 2425.690 2254.074 2120.692 1939.416 1930.098 1845.711 1781.010 1683.394 1638.707 1599.072 1462.937 1459.373 1456.026 1382.955 -999.250 -999.250 -999.250 -999.250 -999.250 -999.250 -999.250 -999.250 -999.250 -999.250 -999.250 -999.250 -999.250 -999.250 -999.250 -999.250 -999.250 -999.250 -999.250 -999.250 -999.250 -999.250 -999.250 -999.250 -999.250 -999.250 -999.250 -999.250
1757.336 1663.976 1660.376 1603.087 1489.834 1423.940 1449.176 1477.634 1579.289 1551.273 1657.799 1637.839 1746.614 1865.358 1879.860 1972.222 2052.766 2093.295 2133.770 2209.954 2124.838 2332.374 2219.692 2088.128 1956.110 1856.103 1800.299 1710.341 1655.594 1560.630 1516.180 1415.619 1384.161 1400.139 -999.250 -999.250 -999.250 -999.250 -999.250 -999.250 -999.250 -999.250 -999.250 -999.250 -999.250 -999.250 -999.250 -999.250 -999.250 -999.250 -999.250 -999.250 -999.250 -999.250 -999.250 -999.250 -999.250 -999.250 -999.250 -999.250 -999.250 -999.250 -999.250
1699.398 1644.117 1646.155 1568.272 1427.557 1389.048 1337.072 1400.470 1521.942 1545.225 1550.100 1630.229 1709.954 1735.832 1835.222 1920.302 2020.419 2038.200 2173.836 2272.323 2181.554 2173.408 2136.955 2077.074 2031.534 1878.832 1792.364 1696.588 1639.429 1574.455 1522.838 1404.350 1341.933 -999.250 -999.250 -999.250 -999.250 -999.250 -999.250 -999.250 -999.250 -999.250 -999.250 -999.250 -999.250 -999.250 -999.250 -999.250 -999.250 -999.250 -999.250 -999.250 -999.250 -999.250 -999.250 -999.250 -999.250 -999.250 -999.250 -999.250 -999.250 -999.250 -999.250
1732.174 1701.728 1608.759 1611.595 1552.694 1410.081 1382.298 1512.938 1510.614 1530.665 1547.144 1674.632 1711.096 1775.928 1805.405 1855.628 1914.657 1923.927 2084.569 2094.866 2138.240 2093.770 2140.298 2097.119 2001.496 1847.694 1837.289 1717.524 1631.613 1610.664 1525.135 1384.923 1364.686 -999.250 -999.250 -999.250 -999.250 -999.250 -999.250 -999.250 -999.250 -999.250 -999.250 -999.250 -999.250 -999.250 -999.250 -999.250 -999.250 -999.250 -999.250 -999.250 -999.250 -999.250 -999.250 -999.250 -999.250 -999.250 -999.250 -999.250 -999.250 -999.250 -999.250
1754.356 1713.309 1675.289 1587.488 1548.675 1484.784 1492.597 1497.605 1536.494 1596.187 1560.338 1646.509 1678.046 1698.314 1721.856 1752.714 1838.814 1973.204 1961.525 2082.599 2044.239 2069.577 2057.084 2017.792 2002.641 1885.831 1820.298 1715.014 1644.802 1508.225 1430.959 1376.008 1353.879 -999.250 -999.250 -999.250 -999.250 -999.250 -999.250 -999.250 -999.250 -999.250 -999.250 -999.250 -999.250 -999.250 -999.250 -999.250 -999.250 -999.250 -999.250 -999.250 -999.250 -999.250 -999.250 -999.250 -999.250 -999.250 -999.250 -999.250 -999.250 -999.250 -999.250
1751.832 1693.862 1657.084 1667.121 1629.732 1571.154 1576.873 1538.015 1548.859 1577.033 1584.197 1644.488 1644.208 1645.284 1711.992 1748.069 1822.338 1812.955 1925.363 2014.200 1961.137 2027.713 2028.488 2003.239 2017.415 1906.615 1793.810 1698.014 1574.577 1527.151 1414.125 1327.386 1278.597 -999.250 -999.250 -999.250 -999.250 -999.250 -999.250 -999.250 -999.250 -999.250 -999.250 -999.250 -999.250 -999.250 -999.250 -999.250 -999.250 -999.250 -999.250 -999.250 -999.250 -999.250 -999.250 -999.250 -999.250 -999.250 -999.250 -999.250 -999.250 -999.250 -999.250
1781.373 1718.395 1705.931 1724.820 1730.284 1695.960 1682.803 1626.870 1594.160 1608.073 1488.215 1535.249 1633.363 1589.145 1704.006 1730.764 1749.459 1774.470 1819.944 1934.055 1962.935 1938.900 2022.038 1927.141 1925.003 1886.051 1716.913 1656.326 1560.968 1473.134 1336.470 1304.374 -999.250 -999.250 -999.250 -999.250 -999.250 -999.250 -999.250 -999.250 -999.250 -999.250 -999.250 -999.250 -999.250 -999.250 -999.250 -999.250 -999.250 -999.250 -999.250 -999.250 -999.250 -999.250 -999.250 -999.250 -999.250 -999.250 -999.250 -999.250 -999.250 -999.250 -999.250
1808.823 1759.696 1778.471 1780.633 1733.922 1739.095 1676.041 1621.362 1580.988 1596.229 1527.747 1582.245 1643.506 1645.333 1677.713 1725.421 1743.330 1834.804 1807.562 1928.006 1968.927 1955.030 1995.594 1956.075 1890.096 1827.015 1737.949 1605.596 1508.922 1397.425 1334.362 1222.136 -999.250 -999.250 -999.250 -999.250 -999.250 -999.250 -999.250 -999.250 -999.250 -999.250 -999.250 -999.250 -999.250 -999.250 -999.250 -999.250 -999.250 -999.250 -999.250 -999.250 -999.250 -999.250 -999.250 -999.250 -999.250 -999.250 -999.250 -999.250 -999.250 -999.250 -999.250
1794.952 1770.409 1796.063 1802.639 1777.487 1772.215 1691.041 1705.844 1655.620 1607.569 1584.983 1596.582 1666.367 1670.766 1668.581 1696.193 1745.723 1776.685 1842.696 1886.700 1892.423 1963.477 1951.466 1909.040 1941.106 1800.823 1713.493 1602.089 1498.043 1355.739 1234.978 1206.191 1134.411 -999.250 -999.250 -999.250 -999.250 -999.250 -999.250 -999.250 -999.250 -999.250 -999.250 -999.250 -999.250 -999.250 -999.250 -999.250 -999.250 -999.250 -999.250 -999.250 -999.250 -999.250 -999.250 -999.250 -999.250 -999.250 -999.250 -999.250 -999.250 -999.250 -999.250
1799.428 1933.941 1892.939 1846.346 1832.979 1832.350 1716.885 1771.902 1640.751 1663.241 1663.734 1661.995 1698.558 1621.587 1531.494 1659.939 1677.052 1751.216 1799.729 1786.841 1875.454 1855.183 1911.095 1981.923 1850.408 1759.292 1673.003 1570.838 1443.646 1321.606 1228.500 1161.605 -999.250 -999.250 -999.250 -999.250 -999.250 -999.250 -999.250 -999.250 -999.250 -999.250 -999.250 -999.250 -999.250 -999.250 -999.250 -999.250 -999.250 -999.250 -999.250 -999.250 -999.250 -999.250 -999.250 -999.250 -999.250 -999.250 -999.250 -999.250 -999.250 -999.250 -999.250
1921.543 1947.550 1965.231 1875.128 1929.350 1872.457 1792.908 1794.174 1770.524 1699.960 1692.038 1641.699 1620.521 1618.804 1524.090 1515.415 1573.019 1571.000 1739.654 1756.196 1829.652 1868.307 1977.034 1927.155 1816.648 1736.712 1644.086 1520.833 1431.079 1287.281 1218.399 1110.947 1047.464 -999.250 -999.250 -999.250 -999.250 -999.250 -999.250 -999.250 -999.250 -999.250 -999.250 -999.250 -999.250 -999.250 -999.250 -999.250 -999.250 -999.250 -999.250 -999.250 -999.250 -999.250 -999.250 -999.250 -999.250 -999.250 -999.250 -999.250 -999.250 -999.250 -999.250
1923.526 1965.946 2047.270 1992.620 1928.988 1894.827 1854.200 1884.848 1831.974 1759.575 1658.152 1607.443 1495.425 1447.427 1463.215 1469.312 1513.019 1584.858 1638.927 1698.790 1764.380 1792.952 1822.917 1764.536 1741.480 1660.433 1628.797 1505.257 1339.304 1263.985 1186.912 1048.771 957.440 909.398 -999.250 -999.250 -999.250 -999.250 -999.250 -999.250 -999.250 -999.250 -999.250 -999.250 -999.250 -999.250 -999.250 -999.250 -999.250 -999.250 -999.250 -999.250 -999.250 -999.250 -999.250 -999.250 -999.250 -999.250 -999.250 -999.250 -999.250 -999.250 -999.250
2017.357 2055.179 2096.013 2045.474 2035.008 2071.731 1951.454 1845.595 1871.564 1758.154 1711.984 1657.806 1489.853 1429.044 1399.026 1442.337 1448.978 1505.003 1525.129 1580.554 1667.443 1729.732 1719.482 1689.595 1648.050 1578.372 1491.882 1507.080 1364.311 1265.591 1138.470 1062.785 919.180 861.409 -999.250 -999.250 -999.250 -999.250 -999.250 -999.250 -999.250 -999.250 -999.250 -999.250 -999.250 -999.250 -999.250 -999.250 -999.250 -999.250 -999.250 -999.250 -999.250 -999.250 -999.250 -999.250 -999.250 -999.250 -999.250 -999.250 -999.250 -999.250 -999.250
2056.892 2156.970 2162.577 2214.697 2115.682 2164.596 2041.801 1933.267 1857.874 1771.960 1691.618 1592.256 1419.256 1362.827 1328.662 1347.706 1338.845 1403.866 1423.967 1437.973 1502.191 1580.033 1663.449 1636.016 1548.046 1520.469 1488.282 1450.881 1364.169 1228.156 1176.753 1056.828 908.793 775.510 814.759 -999.250 -999.250 -999.250 -999.250 -999.250 -999.250 -999.250 -999.250 -999.250 -999.250 -999.250 -999.250 -999.250 -999.250 -999.250 -999.250 -999.250 -999.250 -999.250 -999.250 -999.250 -999.250 -999.250 -999.250 -999.250 -999.250 -999.250 -999.250
2003.804 2188.870 2272.850 2385.476 2280.613 2156.954 2019.303 1859.961 1877.401 1783.366 1647.274 1486.281 1360.529 1306.668 1224.461 1220.243 1250.917 1269.899 1312.132 1382.809 1422.192 1492.078 1486.913 1553.173 1515.511 1465.645 1484.919 1402.952 1326.292 1298.271 1207.189 1053.471 945.208 871.473 842.666 859.240 -999.250 -999.250 -999.250 -999.250 -999.250 -999.250 -999.250 -999.250 -999.250 -999.250 -999.250 -999.250 -999.250 -999.250 -999.250 -999.250 -999.250 -999.250 -999.250 -999.250 -999.250 -999.250 -999.250 -999.250 -999.250 -999.250 -999.250
1973.996 2149.107 2429.543 2377.178 2375.879 2255.931 1994.907 1969.816 1811.336 1757.771 1593.786 1444.968 1330.780 1287.438 1180.872 1163.279 1139.434 1177.584 1206.588 1309.812 1390.246 1381.868 1432.822 1463.586 1550.872 1428.127 1410.802 1439.340 1387.352 1278.809 1178.133 1099.191 1022.623 942.400 920.082 957.607 959.573 -999.250 -999.250 -999.250 -999.250 -999.250 -999.250 -999.250 -999.250 -999.250 -999.250 -999.250 -999.250 -999.250 -999.250 -999.250 -999.250 -999.250 -999.250 -999.250 -999.250 -999.250 -999.250 -999.250 -999.250 -999.250 -999.250
1854.582 1965.389 2099.881 2238.819 2231.339 2241.180 2116.305 1984.568 1850.670 1737.937 1597.415 1355.331 1260.737 1155.734 1143.537 1090.113 1052.701 1125.139 1135.091 1257.470 1278.149 1342.016 1398.235 1407.185 1436.891 1473.052 1398.181 1349.782 1371.331 1305.891 1250.756 1155.604 1097.115 1025.038 1035.660 1031.831 1065.088 1116.793 -999.250 -999.250 -999.250 -999.250 -999.250 -999.250 -999.250 -999.250 -999.250 -999.250 -999.250 -999.250 -999.250 -999.250 -999.250 -999.250 -999.250 -999.250 -999.250 -999.250 -999.250 -999.250 -999.250 -999.250 -999.250
1669.704 1776.099 1901.019 2002.322 2113.475 2171.930 2125.619 1990.858 1894.845 1764.931 1585.153 1391.586 1226.033 1112.647 1025.242 995.196 997.773 1025.321 1071.691 1129.176 1231.582 1303.738 1371.643 1377.487 1443.072 1495.382 1415.710 1379.074 1336.432 1316.459 1316.534 1280.927 1195.005 1123.843 1087.415 1127.847 1165.478 1155.601 -999.250 -999.250 -999.250 -999.250 -999.250 -999.250 -999.250 -999.250 -999.250 -999.250 -999.250 -999.250 -999.250 -999.250 -999.250 -999.250 -999.250 -999.250 -999.250 -999.250 -999.250 -999.250 -999.250 -999.250 -999.250
1417.306 1531.564 1685.958 1807.588 1945.470 2157.699 2202.745 2117.214 1988.766 1802.117 1633.396 1330.886 1169.603 994.032 959.838 924.417 955.805 983.641 1023.389 1113.042 1140.593 1235.592 1291.820 1354.909 1423.280 1447.362 1467.142 1458.993 1371.307 1341.534 1356.050 1314.029 1271.080 1230.704 1224.583 1192.059 1205.615 1195.207 1235.062 -999.250 -999.250 -999.250 -999.250 -999.250 -999.250 -999.250 -999.250 -999.250 -999.250 -999.250 -999.250 -999.250 -999.250 -999.250 -999.250 -999.250 -999.250 -999.250 -999.250 -999.250 -999.250 -999.250 -999.250
1195.490 1288.923 1419.206 1621.932 1872.227 2262.405 2277.274 2307.055 2116.642 1891.217 1603.830 1315.934 1057.387 930.197 876.201 882.177 899.001 960.861 938.510 1099.875 1151.328 1209.022 1247.444 1337.086 1361.476 1404.256 1407.941 1450.506 1416.055 1501.013 1429.919 1363.259 1349.548 1316.500 1288.632 1251.424 1289.266 1264.424 1281.687 1350.866 -999.250 -999.250 -999.250 -999.250 -999.250 -999.250 -999.250 -999.250 -999.250 -999.250 -999.250 -999.250 -999.250 -999.250 -999.250 -999.250 -999.250 -999.250 -999.250 -999.250 -999.250 -999.250 -999.250
1030.641 1052.428 1178.883 1597.638 1925.853 2235.723 2502.426 2660.783 2416.968 2069.163 1735.095 1327.578 969.971 842.253 844.963 861.743 867.114 906.460 937.676 1013.418 1096.030 1184.186 1254.363 1293.131 1423.759 1428.179 1513.345 1533.146 1590.356 1598.611 1495.022 1518.481 1466.769 1399.229 1315.606 1285.013 1287.294 1277.801 1311.119 1376.862 -999.250 -999.250 -999.250 -999.250 -999.250 -999.250 -999.250 -999.250 -999.250 -999.250 -999.250 -999.250 -999.250 -999.250 -999.250 -999.250 -999.250 -999.250 -999.250 -999.250 -999.250 -999.250 -999.250
956.104 962.859 847.800 1541.972 2003.286 2560.095 2731.197 2881.460 2735.228 2377.846 1923.200 1397.521 834.846 857.467 882.096 889.254 875.532 920.249 953.012 980.931 1012.706 1151.758 1266.207 1319.486 1403.738 1488.982 1571.135 1636.822 1647.560 1572.501 1573.702 1589.045 1526.667 1464.403 1391.363 1364.606 1393.490 1369.607 1358.983 1434.489 -999.250 -999.250 -999.250 -999.250 -999.250 -999.250 -999.250 -999.250 -999.250 -999.250 -999.250 -999.250 -999.250 -999.250 -999.250 -999.250 -999.250 -999.250 -999.250 -999.250 -999.250 -999.250 -999.250
1039.058 1152.484 1354.035 1798.435 2395.972 2848.300 3144.689 3278.265 3079.477 2677.715 2319.063 1695.858 1269.858 1084.110 1010.708 1020.890 955.969 913.543 941.144 988.446 1108.604 1206.363 1328.541 1413.975 1397.493 1511.200 1576.176 1693.219 1710.716 1718.420 1700.851 1640.153 1593.862 1559.968 1505.354 1444.187 1467.415 1428.844 1453.796 1409.107 1510.912 -999.250 -999.250 -999.250 -999.250 -999.250 -999.250 -999.250 1709.186 -999.250 -999.250 -999.250 -999.250 -999.250 -999.250 -999.250 -999.250 -999.250 -999.250 -999.250 -999.250 -999.250 -999.250
1262.348 1374.798 1680.268 2110.590 2683.547 3084.419 3713.084 3938.467 3711.881 3085.692 2590.597 1972.641 1625.321 1302.642 1179.034 1129.039 1026.627 967.967 996.969 1075.962 1121.618 1196.548 1279.565 1385.623 1464.076 1547.154 1655.549 1730.953 1762.461 1747.132 1731.324 1710.496 1635.715 1571.932 1610.069 1536.973 1581.437 1530.007 1489.350 1466.593 1563.550 1593.678 -999.250 -999.250 -999.250 1743.475 1702.830 1724.954 1723.150 -999.250 -999.250 -999.250 -999.250 -999.250 -999.250 -999.250 -999.250 -999.250 -999.250 -999.250 -999.250 -999.250 -999.250
1376.471 1648.288 2032.189 2549.082 2949.189 3547.937 4110.446 4657.236 4015.602 3338.296 2747.142 2205.392 1811.470 1499.687 1318.814 1220.091 1151.400 1028.881 1044.512 1077.663 1190.665 1226.900 1339.208 1363.833 1447.570 1626.144 1662.047 1739.653 1794.450 1809.586 1803.740 1748.857 1670.979 1653.350 1662.114 1651.473 1549.001 1492.131 1478.233 1557.421 1647.917 1587.143 -999.250 1736.709 1782.610 1778.958 1748.578 1749.286 -999.250 -999.250 -999.250 -999.250 -999.250 -999.250 -999.250 -999.250 -999.250 -999.250 -999.250 -999.250 -999.250 -999.250 -999.250
1621.800 1859.240 2204.048 2758.525 3045.164 3495.356 4073.744 4154.427 4028.023 3357.044 2822.802 2299.875 1862.226 1690.023 1451.286 1261.217 1208.104 1127.846 1101.003 1114.746 1223.814 1231.140 1301.322 1394.275 1514.227 1601.392 1692.988 1739.962 1840.932 1894.918 1837.468 1782.831 1696.109 1684.884 1686.791 1660.714 1596.301 1526.574 1563.388 1586.234 1667.159 1699.114 1727.365 1761.708 1774.786 1774.682 1728.917 1722.704 -999.250 -999.250 -999.250 -999.250 -999.250 -999.250 -999.250 -999.250 -999.250 -999.250 -999.250 -999.250 -999.250 -999.250 -999.250
1766.430 1946.499 2349.743 2702.767 3040.097 3357.291 3702.409 3813.120 3560.670 3183.347 2732.816 2326.082 1986.372 1762.060 1507.756 1306.057 1212.962 1142.211 1149.951 1196.796 1241.336 1257.977 1275.068 1414.802 1438.698 1554.321 1713.332 1748.819 1854.850 2011.955 1858.396 1757.804 1688.084 1677.424 1649.292 1633.968 1673.936 1617.330 1578.668 1587.478 1615.296 1701.622 1676.412 1759.966 1744.476 1750.971 1744.240 1691.172 -999.250 -999.250 -999.250 -999.250 -999.250 -999.250 -999.250 -999.250 -999.250 -999.250 -999.250 -999.250 -999.250 -999.250 -999.250
1807.100 2069.192 2388.799 2578.606 2894.280 3163.486 3359.470 3378.997 3230.781 2959.209 2651.411 2296.248 1903.169 1717.602 1517.117 1344.891 1293.823 1207.476 1168.277 1217.023 1214.657 1254.424 1291.183 1394.912 1549.822 1509.542 1617.673 1754.824 1813.940 1876.892 1805.053 1757.842 1720.150 1704.268 1631.674 1664.032 1618.407 1594.191 1645.883 1624.000 1651.770 1631.768 1721.459 1766.819 1788.316 1761.245 1757.962 1712.501 -999.250 -999.250 -999.250 -999.250 -999.250 -999.250 -999.250 -999.250 -999.250 -999.250 -999.250 -999.250 -999.250 -999.250 -999.250
