data/medianmodel_26-Jun-2020.asc
ncols	141
nrows	288
xllcorner	-120191.398
yllcorner	-301404.813
cellsize	2000.000
NODATA_value	-999.250
[rows 180 to 209 of 288, columns 0 to 68 of 141]
-999.250 -999.250 -999.250 64.258 69.315 85.431 90.309 101.561 103.681 103.585 99.591 111.220 111.475 109.377 112.039 92.844 114.700 113.487 115.084 124.048 121.913 107.472 102.812 93.807 75.140 81.555 79.186 64.730 59.551 57.346 54.339 48.727 48.731 43.769 31.885 24.729 19.345 14.662 9.279 6.701 4.795 3.623 1.641 1.387 0.000 0.000 0.000 0.000 0.000 0.000 0.000 0.000 0.000 0.000 0.000 0.000 0.000 0.000 0.000 0.000 0.000 0.000 0.000 0.000 0.000 0.000 0.000 0.000 0.000
-999.250 -999.250 -999.250 83.980 82.938 90.018 105.727 100.832 100.282 117.849 115.529 119.449 124.474 121.767 122.054 118.085 128.258 131.001 119.845 120.358 124.232 117.888 92.356 86.306 79.393 71.623 71.894 66.220 63.645 58.265 55.114 53.382 43.151 40.431 36.083 29.686 20.132 15.526 10.727 7.959 5.337 3.477 0.500 0.814 0.000 0.000 0.000 0.000 0.000 0.000 0.000 0.000 0.000 0.000 0.000 0.000 0.000 0.000 0.000 0.000 0.000 0.000 0.000 0.000 0.000 0.000 0.000 0.000 0.000
-999.250 -999.250 68.888 85.690 100.335 100.738 124.723 115.298 123.991 126.006 121.328 132.687 129.823 133.157 127.205 132.355 132.394 130.114 124.898 121.188 106.689 99.692 93.603 77.358 66.313 65.411 63.654 63.201 61.739 69.163 59.676 52.662 47.204 39.504 33.314 28.103 21.061 14.039 13.038 9.437 6.685 2.874 2.017 0.033 0.000 0.000 0.000 0.000 0.000 0.000 0.000 0.000 0.000 0.000 0.000 0.000 0.000 0.000 0.000 0.000 0.000 0.000 0.000 0.000 0.000 0.000 0.000 0.000 0.000
-999.250 -999.250 82.430 78.667 96.882 109.371 125.222 134.119 145.508 133.046 134.889 138.689 152.011 145.412 153.963 156.496 151.171 141.324 120.564 109.445 -999.250 90.312 85.063 71.722 61.483 63.303 55.485 57.386 66.702 84.962 63.715 51.229 46.966 37.282 30.980 22.425 21.445 15.456 12.284 8.312 7.746 4.662 2.860 0.105 0.000 0.000 0.000 0.000 0.000 0.000 0.000 0.000 0.000 0.000 0.000 0.000 0.000 0.000 0.000 0.000 0.000 0.000 0.000 0.000 0.000 0.000 0.000 0.000 0.000
-999.250 65.791 75.486 89.645 94.876 103.604 124.040 142.579 154.023 160.092 170.799 160.360 158.725 175.850 173.151 173.199 176.894 136.158 122.209 -999.250 -999.250 78.747 67.535 63.876 59.576 54.702 51.947 51.696 56.229 60.091 55.441 50.278 43.976 35.721 25.358 19.721 19.042 13.316 11.722 9.711 8.024 4.013 2.001 0.016 0.000 0.000 0.000 0.000 0.000 0.000 0.000 0.000 0.000 0.000 0.000 0.000 0.000 0.000 0.000 0.000 0.000 0.000 0.000 0.000 0.000 0.000 0.000 0.000 0.000
-999.250 68.736 79.054 102.132 107.999 114.706 128.681 143.956 158.160 180.742 173.974 166.287 184.247 198.023 192.244 172.148 155.033 126.537 -999.250 -999.250 -999.250 -999.250 64.718 59.848 53.791 44.838 46.973 47.283 51.541 47.702 47.007 42.976 37.094 30.955 21.879 15.893 19.324 15.181 11.685 8.287 5.439 3.727 3.456 0.595 0.000 0.000 0.000 0.000 0.000 0.000 0.000 0.000 0.000 0.000 0.000 0.000 0.000 0.000 0.000 0.000 0.000 0.000 0.000 0.000 0.000 0.000 0.000 0.000 0.000
59.184 68.435 76.519 82.664 95.725 118.208 119.953 123.958 165.963 192.896 191.281 185.101 199.024 196.852 179.392 160.124 127.023 116.342 -999.250 -999.250 -999.250 -999.250 -999.250 45.497 45.297 39.053 38.549 33.153 35.242 37.905 35.203 31.376 27.087 27.674 16.694 16.112 14.851 12.791 10.735 7.966 7.569 3.768 3.051 0.406 0.000 0.000 0.000 0.000 0.000 0.000 0.000 0.000 0.000 0.000 0.000 0.000 0.000 0.000 0.000 0.000 0.000 0.000 0.000 0.000 0.000 0.000 0.000 0.000 0.000
-999.250 66.677 72.638 86.354 89.590 94.390 100.249 108.130 132.310 157.206 175.243 200.333 232.475 186.894 161.747 132.448 109.416 96.755 -999.250 -999.250 -999.250 -999.250 51.668 35.915 34.163 29.202 27.398 26.277 25.103 23.652 26.513 21.127 18.939 19.763 15.622 13.180 11.581 8.727 7.295 7.071 4.957 2.855 2.627 0.000 0.000 0.000 0.000 0.000 0.000 0.000 0.000 0.000 0.000 0.000 0.000 0.000 0.000 0.000 0.000 0.000 0.000 0.000 0.000 0.000 0.000 0.000 0.000 0.000 0.000
-999.250 70.423 67.422 85.112 84.803 91.768 93.831 111.739 121.051 119.937 138.757 164.605 192.174 173.773 129.914 115.993 91.030 83.698 -999.250 -999.250 -999.250 52.601 -999.250 32.392 24.148 22.748 19.066 14.698 15.136 17.346 15.885 13.868 14.728 13.773 10.631 9.681 8.748 6.727 6.448 6.213 4.037 2.447 0.000 0.000 0.000 0.000 0.000 0.000 0.000 0.000 0.000 0.000 0.000 0.000 0.000 0.000 0.000 0.000 0.000 0.000 0.000 0.000 0.000 0.000 0.000 0.000 0.000 0.000 0.000
-999.250 68.933 76.062 78.300 81.113 86.380 88.200 99.125 103.903 102.695 123.198 132.183 139.209 125.515 102.274 89.279 81.227 -999.250 -999.250 -999.250 -999.250 43.851 36.557 27.058 21.506 15.720 12.809 10.120 10.848 10.217 11.471 13.039 9.992 9.888 7.867 7.140 6.553 5.243 4.309 5.124 2.586 0.943 0.361 0.000 0.000 0.000 0.000 0.000 0.000 0.000 0.000 0.000 0.000 0.000 0.000 0.000 0.000 0.000 0.000 0.000 0.000 0.000 0.000 0.000 0.000 0.000 0.000 0.000 0.000
-999.250 64.286 70.621 88.480 82.951 77.456 81.970 85.374 87.545 92.373 96.876 100.897 101.743 96.350 85.154 77.772 70.158 -999.250 -999.250 -999.250 53.152 46.354 38.185 26.640 19.119 14.213 10.373 8.488 10.108 6.691 7.183 7.785 7.938 6.566 7.382 4.151 4.814 3.395 3.443 3.036 1.626 0.486 0.000 0.000 0.000 0.000 0.000 0.000 0.000 0.000 0.000 0.000 0.000 0.000 0.000 0.000 1.202 0.000 0.000 0.000 0.000 0.000 0.000 0.000 0.000 0.000 0.000 0.000 0.000
-999.250 -999.250 -999.250 69.151 -999.250 -999.250 65.352 69.609 67.961 -999.250 -999.250 -999.250 73.530 74.386 -999.250 -999.250 -999.250 -999.250 -999.250 -999.250 58.861 52.263 45.597 33.264 25.434 16.380 11.494 7.274 5.031 4.464 5.099 5.776 5.907 4.849 4.279 4.037 3.144 2.062 1.730 1.030 0.000 0.000 0.000 0.000 0.000 0.000 0.000 0.000 0.000 0.000 0.000 0.000 0.000 0.000 0.000 1.723 2.262 0.675 0.000 0.000 0.000 0.000 0.000 0.000 0.000 0.000 0.000 0.713 0.000
-999.250 -999.250 -999.250 -999.250 -999.250 -999.250 -999.250 -999.250 -999.250 -999.250 -999.250 -999.250 -999.250 61.307 61.083 59.404 -999.250 -999.250 -999.250 62.660 61.709 62.464 56.963 48.516 33.034 21.426 14.459 9.320 4.994 4.426 4.758 4.292 4.412 3.864 3.308 1.973 1.530 0.000 0.000 0.000 0.000 0.000 0.000 0.000 0.000 0.000 0.000 0.000 0.000 0.000 0.000 0.000 0.000 0.000 1.206 3.809 6.330 3.674 2.762 1.041 1.322 0.000 0.000 0.000 0.000 0.000 0.000 1.084 2.794
-999.250 -999.250 -999.250 -999.250 -999.250 -999.250 -999.250 -999.250 -999.250 -999.250 -999.250 46.034 50.189 53.234 54.055 53.834 -999.250 -999.250 61.059 70.528 75.326 73.446 67.567 54.632 45.764 31.717 21.204 14.537 11.814 9.443 4.894 4.614 4.338 2.865 2.648 1.176 0.000 0.000 0.000 0.000 0.000 0.000 0.000 0.000 0.000 0.000 0.000 0.000 0.000 0.000 0.000 0.000 0.000 0.086 2.866 5.874 12.782 5.855 3.997 3.874 1.773 1.446 0.058 0.182 0.000 1.142 2.060 3.327 4.407
-999.250 -999.250 -999.250 -999.250 -999.250 -999.250 -999.250 -999.250 -999.250 -999.250 -999.250 35.722 39.246 42.238 46.514 48.585 55.522 55.310 57.289 62.440 79.099 97.816 79.298 60.179 50.025 38.401 35.787 20.997 16.037 13.736 10.973 7.547 4.318 3.899 3.203 1.543 0.000 0.000 0.000 0.000 0.000 0.000 0.000 0.000 0.000 0.000 0.000 0.000 0.000 0.000 0.000 0.000 0.000 0.071 2.486 6.481 8.308 5.972 3.865 3.785 3.287 2.349 2.450 1.527 1.702 3.167 4.451 5.374 6.245
-999.250 -999.250 -999.250 -999.250 -999.250 -999.250 -999.250 -999.250 -999.250 -999.250 -999.250 -999.250 34.311 36.316 33.963 44.334 56.631 55.217 55.879 59.171 67.530 85.704 74.377 60.404 50.456 42.039 30.771 28.983 21.647 17.864 12.973 9.011 6.702 4.602 2.732 1.649 0.000 0.000 0.000 0.000 0.000 0.000 0.000 0.000 0.000 0.000 0.000 0.000 0.000 0.000 0.000 0.000 0.000 2.106 3.111 3.737 5.020 4.904 3.093 3.730 4.085 3.298 3.472 2.837 3.589 5.363 7.235 10.612 12.386
-999.250 -999.250 -999.250 -999.250 -999.250 -999.250 -999.250 -999.250 -999.250 -999.250 -999.250 -999.250 -999.250 29.324 32.233 37.208 45.350 48.403 51.602 58.291 62.196 62.729 60.309 56.758 49.971 40.773 34.020 29.947 27.674 20.375 16.949 13.315 9.156 5.722 2.966 1.572 0.000 0.000 0.000 0.000 0.000 0.000 0.000 0.000 0.000 0.000 0.000 0.000 0.000 0.000 0.000 0.000 0.000 0.510 2.697 3.811 3.502 2.283 3.078 4.023 4.006 4.096 3.237 4.325 6.629 8.652 9.127 14.587 15.928
-999.250 -999.250 -999.250 -999.250 -999.250 -999.250 -999.250 -999.250 -999.250 -999.250 -999.250 -999.250 -999.250 23.385 31.106 30.675 38.364 37.835 42.100 52.655 56.750 58.944 59.439 52.301 45.192 38.974 32.836 37.254 31.731 25.940 19.492 15.030 11.688 7.252 4.775 1.359 0.000 0.000 0.000 0.000 0.000 0.000 0.000 0.000 0.000 0.000 0.000 0.000 0.000 0.000 0.000 0.000 0.130 0.851 2.208 2.546 3.176 3.618 3.191 5.361 5.275 4.750 5.325 5.861 9.402 11.629 13.768 14.913 20.156
-999.250 -999.250 -999.250 -999.250 -999.250 -999.250 -999.250 -999.250 -999.250 -999.250 -999.250 -999.250 -999.250 17.864 25.049 27.256 30.619 32.663 41.070 42.118 48.723 54.374 52.000 49.853 47.665 44.197 41.306 38.734 35.024 31.795 23.774 19.193 13.279 8.246 5.102 2.662 0.739 0.000 0.000 0.000 0.000 0.000 0.000 0.000 0.000 0.000 0.000 0.000 0.000 0.000 0.000 0.000 0.000 0.429 2.179 3.335 2.092 2.428 4.177 5.372 6.059 5.853 7.129 8.112 7.983 11.166 13.964 19.341 25.361
-999.250 -999.250 -999.250 -999.250 -999.250 -999.250 -999.250 -999.250 -999.250 -999.250 -999.250 -999.250 -999.250 -999.250 15.712 24.796 24.755 29.522 36.639 36.350 38.216 47.558 48.692 47.958 50.534 41.264 42.393 45.881 47.165 38.919 32.289 19.884 14.330 9.917 5.165 4.901 1.719 0.000 0.000 0.000 0.000 0.000 0.000 0.000 0.000 0.000 0.000 0.000 0.000 0.000 0.000 0.446 0.000 1.557 3.583 3.979 4.078 4.642 5.504 5.229 7.400 8.966 11.634 12.355 11.922 12.765 16.239 16.841 25.599
-999.250 -999.250 -999.250 -999.250 -999.250 -999.250 -999.250 -999.250 -999.250 -999.250 -999.250 -999.250 -999.250 -999.250 17.318 18.046 21.439 26.647 27.462 31.792 35.639 41.723 43.302 45.581 47.103 49.610 49.757 52.716 59.066 46.212 35.005 24.171 14.502 12.774 7.322 4.322 2.700 0.000 0.000 0.000 0.000 0.000 0.000 0.000 0.000 0.000 0.000 0.000 0.000 0.000 0.000 0.656 1.381 1.590 2.844 3.249 4.306 4.617 6.365 7.651 8.786 9.278 10.221 11.593 11.471 13.685 16.344 18.894 21.023
-999.250 -999.250 -999.250 -999.250 -999.250 -999.250 -999.250 -999.250 -999.250 -999.250 -999.250 -999.250 -999.250 -999.250 16.257 16.634 20.662 25.984 27.290 32.430 34.701 39.029 43.457 46.120 47.937 48.294 47.872 51.704 50.089 43.007 31.645 23.981 14.910 10.660 6.576 4.268 2.146 0.000 0.000 0.000 0.000 0.000 0.000 0.000 0.000 0.000 0.000 0.000 0.000 0.000 0.000 1.817 1.722 1.852 3.660 5.364 5.683 4.597 6.530 6.689 9.989 12.772 13.416 13.618 14.191 13.243 16.850 17.114 18.660
-999.250 -999.250 -999.250 -999.250 -999.250 -999.250 -999.250 -999.250 -999.250 -999.250 -999.250 -999.250 -999.250 -999.250 20.797 18.664 17.776 24.715 26.267 30.346 33.680 35.658 42.479 46.299 47.580 -999.250 48.353 46.180 45.304 38.144 32.493 19.757 14.380 9.436 7.060 3.777 0.203 0.000 0.000 0.000 0.000 0.000 0.000 0.000 0.000 0.000 0.000 0.000 0.000 0.000 0.133 1.492 3.920 3.925 5.496 5.602 7.192 5.880 7.687 9.164 11.821 10.827 11.420 13.294 12.364 14.856 14.423 13.496 14.523
-999.250 -999.250 -999.250 -999.250 -999.250 -999.250 -999.250 -999.250 -999.250 -999.250 -999.250 -999.250 -999.250 -999.250 17.715 19.749 23.870 26.602 31.951 29.206 29.763 35.668 48.633 -999.250 -999.250 -999.250 44.113 40.787 36.781 34.752 28.051 22.332 15.917 10.363 7.911 2.689 0.060 0.000 0.000 0.000 0.000 0.000 0.000 0.000 0.000 0.000 0.000 0.000 0.000 0.000 1.225 3.228 5.038 6.767 9.729 9.414 12.032 12.771 11.414 10.759 12.674 13.638 12.894 12.754 14.274 12.974 12.630 13.359 14.786
-999.250 -999.250 -999.250 -999.250 -999.250 -999.250 -999.250 -999.250 -999.250 -999.250 -999.250 -999.250 -999.250 20.270 23.341 27.041 29.724 32.565 29.232 34.585 32.338 36.584 -999.250 -999.250 -999.250 -999.250 -999.250 38.003 31.950 31.194 25.990 19.118 14.575 10.896 7.248 1.877 0.000 0.000 0.000 0.000 0.000 0.000 0.000 0.000 0.000 0.000 0.000 0.000 0.000 0.000 1.243 2.431 4.131 7.328 8.519 9.529 11.500 11.723 12.288 13.247 13.218 14.242 14.732 14.587 15.213 14.616 15.099 15.967 13.846
-999.250 -999.250 -999.250 -999.250 -999.250 -999.250 -999.250 -999.250 -999.250 -999.250 -999.250 -999.250 -999.250 22.263 23.172 25.877 25.937 30.685 30.192 30.377 -999.250 -999.250 -999.250 -999.250 -999.250 -999.250 -999.250 -999.250 27.905 25.508 19.294 17.193 13.029 9.812 3.537 0.691 0.000 0.000 0.000 0.000 0.000 0.000 0.000 0.000 0.000 0.000 0.000 0.000 0.000 0.000 2.039 3.458 4.988 6.839 8.750 9.012 10.113 13.728 16.576 15.509 17.518 17.000 14.964 18.686 17.272 15.150 15.584 11.909 13.208
-999.250 -999.250 -999.250 -999.250 -999.250 -999.250 -999.250 -999.250 -999.250 -999.250 -999.250 -999.250 32.365 28.600 -999.250 -999.250 -999.250 -999.250 -999.250 -999.250 -999.250 -999.250 -999.250 -999.250 -999.250 -999.250 -999.250 -999.250 -999.250 22.222 20.375 14.532 9.514 5.121 3.745 0.426 0.103 0.000 0.000 0.000 0.000 0.000 0.000 0.000 0.000 0.000 0.000 0.000 0.000 0.000 0.323 3.142 6.244 7.107 7.347 12.474 13.543 13.971 17.481 14.504 18.664 17.309 18.301 20.714 19.962 18.201 14.397 12.473 9.556
-999.250 -999.250 -999.250 -999.250 -999.250 -999.250 -999.250 -999.250 -999.250 -999.250 -999.250 -999.250 -999.250 -999.250 -999.250 -999.250 -999.250 -999.250 -999.250 -999.250 -999.250 -999.250 -999.250 -999.250 -999.250 -999.250 -999.250 -999.250 -999.250 -999.250 14.642 10.513 8.102 4.032 2.871 1.777 0.000 0.000 0.000 0.000 0.000 0.000 0.000 0.000 0.000 0.000 0.000 0.000 0.000 0.000 1.031 5.353 6.191 7.238 9.754 11.711 14.012 15.853 16.741 14.785 16.864 15.925 19.948 19.978 20.618 18.446 14.835 10.799 5.969
-999.250 -999.250 -999.250 -999.250 -999.250 -999.250 -999.250 -999.250 -999.250 -999.250 -999.250 -999.250 -999.250 -999.250 -999.250 -999.250 -999.250 -999.250 -999.250 -999.250 -999.250 -999.250 -999.250 -999.250 -999.250 -999.250 -999.250 -999.250 -999.250 -999.250 11.402 8.567 5.513 3.772 3.062 0.309 0.000 0.000 0.000 0.000 0.000 0.000 0.000 0.000 0.000 0.000 0.000 0.000 0.000 0.000 0.833 4.164 3.650 6.591 9.719 12.563 14.554 17.538 16.724 17.537 19.775 18.457 18.052 18.036 21.369 18.701 14.534 9.560 7.270
-999.250 -999.250 -999.250 -999.250 -999.250 -999.250 -999.250 -999.250 -999.250 -999.250 -999.250 -999.250 -999.250 -999.250 -999.250 -999.250 -999.250 -999.250 -999.250 -999.250 -999.250 -999.250 -999.250 -999.250 -999.250 -999.250 -999.250 -999.250 -999.250 -999.250 10.631 9.399 6.746 5.079 2.808 2.583 0.000 0.000 0.000 0.000 0.000 0.000 0.000 0.000 0.000 0.000 0.000 0.000 0.000 0.000 1.752 2.430 4.159 6.482 7.795 11.193 12.264 12.870 12.359 13.008 16.301 17.236 18.969 23.023 20.809 19.065 16.949 12.545 7.091
