data/medianmodel_29-Jul-2020.asc
ncols	141
nrows	288
xllcorner	-120191.398
yllcorner	-301404.813
cellsize	2000.000
NODATA_value	-999.250
[rows 186 to 216 of 288, columns 0 to 68 of 141]
53.829 73.116 75.875 73.126 74.368 75.009 78.157 89.005 99.366 107.307 104.631 104.512 98.419 91.112 88.828 79.737 73.347 65.603 -999.250 -999.250 -999.250 -999.250 -999.250 30.580 27.115 29.804 23.307 28.716 28.512 33.613 39.327 40.951 39.808 26.766 25.071 19.414 16.676 14.506 13.540 9.074 8.569 7.252 6.338 4.518 3.221 0.734 0.000 0.000 0.000 0.000 0.000 0.000 0.000 0.961 5.601 7.716 14.705 23.049 37.070 43.177 62.571 70.154 82.319 105.182 121.513 128.271 121.904 113.923 103.099
-999.250 62.012 70.366 75.369 80.088 74.046 68.473 77.748 85.792 94.376 95.799 93.428 103.745 88.056 77.648 75.118 74.755 67.621 -999.250 -999.250 -999.250 -999.250 30.129 22.737 20.069 18.795 19.203 19.283 20.395 20.023 21.385 23.209 22.574 19.339 17.436 14.317 13.703 12.206 10.386 9.503 7.681 7.756 4.884 4.965 4.634 0.398 0.000 0.000 0.000 0.000 0.000 0.000 0.000 0.907 3.939 9.110 13.375 17.592 35.161 47.189 61.132 71.999 85.748 110.430 133.027 144.342 126.121 125.545 109.145
-999.250 57.791 71.762 72.092 75.533 68.162 65.076 71.398 75.001 79.958 81.850 86.558 88.306 86.306 77.019 70.263 69.362 62.006 -999.250 -999.250 -999.250 28.076 -999.250 22.404 19.020 16.732 14.646 11.868 10.719 11.263 11.943 13.761 12.415 12.651 11.357 10.726 10.938 9.275 9.599 7.243 7.661 6.956 5.217 2.490 1.964 0.000 0.000 0.000 0.000 0.000 0.000 0.000 0.000 0.764 3.254 6.984 12.735 22.484 31.207 56.573 51.904 69.591 86.452 96.421 126.807 123.206 127.092 110.087 97.770
-999.250 65.932 69.212 66.013 75.365 62.705 58.645 60.125 63.818 63.816 66.293 73.755 77.624 80.190 68.511 64.694 60.339 -999.250 -999.250 -999.250 -999.250 26.380 22.245 20.449 15.919 13.172 9.791 7.390 6.799 5.989 6.670 8.387 8.885 9.001 9.608 8.595 8.281 6.675 6.371 7.096 5.418 4.895 3.982 0.424 0.000 0.000 0.000 0.000 0.000 0.000 0.000 0.000 0.000 0.000 1.937 7.224 11.535 18.404 29.665 49.717 62.140 75.514 75.656 97.651 115.172 116.531 120.114 104.733 98.284
-999.250 69.516 69.993 70.222 65.336 56.960 55.940 54.532 55.209 57.428 61.931 60.313 63.553 69.937 63.398 52.944 54.700 -999.250 -999.250 -999.250 33.862 31.965 31.242 20.758 15.874 12.925 8.344 5.099 5.054 2.463 2.500 4.851 6.435 7.135 6.396 6.710 7.867 7.885 5.727 4.392 2.319 2.710 1.564 0.000 0.000 0.000 0.000 0.000 0.000 0.000 0.000 0.000 0.000 0.000 1.814 4.726 10.512 15.172 25.127 35.300 48.754 65.708 78.824 86.154 99.321 106.427 109.293 97.756 89.403
-999.250 -999.250 -999.250 63.224 -999.250 -999.250 53.492 46.257 53.614 -999.250 -999.250 -999.250 58.177 58.486 -999.250 -999.250 -999.250 -999.250 -999.250 -999.250 50.029 39.278 38.539 25.878 15.724 11.260 6.594 3.872 0.162 0.000 0.000 0.538 3.523 6.336 5.569 3.951 6.030 4.019 1.727 1.496 0.026 0.050 0.000 0.000 0.000 0.000 0.000 0.000 0.000 0.000 0.000 0.000 0.000 0.000 0.000 2.697 6.802 13.784 17.514 33.362 39.589 44.816 71.272 73.913 89.450 93.873 96.162 91.796 88.501
-999.250 -999.250 -999.250 -999.250 -999.250 -999.250 -999.250 -999.250 -999.250 -999.250 -999.250 -999.250 -999.250 61.418 64.246 69.364 -999.250 -999.250 -999.250 53.499 59.458 58.979 55.637 38.286 26.536 15.417 8.309 3.515 0.055 0.000 0.000 0.000 2.028 3.701 3.338 3.577 1.574 1.477 0.000 0.000 0.000 0.000 0.000 0.000 0.000 0.000 0.000 0.000 0.000 0.000 0.000 0.000 0.000 0.000 0.000 0.000 3.508 9.086 12.632 27.435 27.377 38.006 57.462 75.620 74.700 78.401 77.174 77.137 74.525
-999.250 -999.250 -999.250 -999.250 -999.250 -999.250 -999.250 -999.250 -999.250 -999.250 -999.250 54.350 62.963 59.289 64.986 68.032 -999.250 -999.250 60.729 61.213 69.280 72.841 64.413 54.621 31.746 17.770 9.554 6.709 1.893 0.000 0.000 0.000 1.707 2.520 0.828 0.202 0.000 0.000 0.000 0.000 0.000 0.000 0.000 0.000 0.000 0.000 0.000 0.000 0.000 0.000 0.000 0.000 0.000 0.000 0.000 0.000 0.000 5.418 10.645 13.690 21.842 31.355 40.641 61.972 55.324 64.255 70.109 64.928 57.228
-999.250 -999.250 -999.250 -999.250 -999.250 -999.250 -999.250 -999.250 -999.250 -999.250 -999.250 54.341 59.143 50.599 58.412 55.142 53.871 56.041 60.278 67.696 78.187 96.263 77.426 61.830 32.874 20.326 14.004 7.833 3.806 2.164 2.777 1.779 0.292 0.594 1.582 1.237 0.252 0.000 0.000 0.000 0.000 0.000 0.000 0.000 0.000 0.000 0.000 0.000 0.000 0.000 0.000 0.000 0.000 0.000 0.000 0.000 0.000 0.544 8.469 10.049 15.341 24.254 33.765 43.887 44.549 54.803 56.164 54.911 45.787
-999.250 -999.250 -999.250 -999.250 -999.250 -999.250 -999.250 -999.250 -999.250 -999.250 -999.250 -999.250 54.102 48.705 47.703 44.652 47.093 49.875 59.648 63.498 75.780 79.446 71.460 60.701 38.787 23.601 15.428 9.868 5.582 4.578 4.524 3.559 3.684 1.636 1.630 0.753 0.000 0.000 0.000 0.000 0.000 0.000 0.000 0.000 0.000 0.000 0.000 0.000 0.000 0.000 0.000 0.000 0.000 0.000 0.000 0.000 0.000 0.000 4.684 8.046 12.297 14.284 23.400 26.167 37.715 36.960 42.490 40.406 26.506
-999.250 -999.250 -999.250 -999.250 -999.250 -999.250 -999.250 -999.250 -999.250 -999.250 -999.250 -999.250 -999.250 44.603 44.133 41.111 42.303 45.881 50.475 61.889 62.745 70.932 62.987 59.572 34.727 25.759 18.257 11.982 9.342 8.375 6.781 5.128 4.422 4.225 1.500 1.833 0.000 0.000 0.000 0.000 0.000 0.000 0.000 0.000 0.000 0.000 0.000 0.000 0.000 0.000 0.000 0.000 0.000 0.000 0.000 0.000 0.000 0.000 0.641 3.893 7.560 9.973 13.678 16.637 21.708 22.614 21.121 22.510 22.679
-999.250 -999.250 -999.250 -999.250 -999.250 -999.250 -999.250 -999.250 -999.250 -999.250 -999.250 -999.250 -999.250 42.929 32.602 32.838 32.031 37.643 38.553 55.502 56.934 58.392 51.665 40.084 32.727 31.121 26.529 18.347 13.148 12.338 8.948 8.982 7.260 5.108 3.619 0.641 0.000 0.000 0.000 0.000 0.000 0.000 0.000 0.000 0.000 0.000 0.000 0.000 0.000 0.000 0.000 0.000 0.000 0.000 0.000 0.000 0.000 0.000 0.000 3.694 4.661 6.261 11.077 13.438 11.613 13.682 16.765 18.500 14.193
-999.250 -999.250 -999.250 -999.250 -999.250 -999.250 -999.250 -999.250 -999.250 -999.250 -999.250 -999.250 -999.250 27.508 33.167 28.604 25.320 27.278 31.887 34.376 51.792 46.189 43.350 39.360 36.598 29.030 25.145 20.215 19.529 16.387 12.999 9.389 7.147 7.379 5.629 0.994 0.000 0.000 0.000 0.000 0.000 0.000 0.000 0.000 0.000 0.000 0.000 0.000 0.000 0.000 0.000 0.000 0.000 0.000 0.000 0.000 0.000 0.000 0.000 0.124 1.879 5.500 6.734 7.956 9.906 12.190 13.934 10.689 9.876
-999.250 -999.250 -999.250 -999.250 -999.250 -999.250 -999.250 -999.250 -999.250 -999.250 -999.250 -999.250 -999.250 -999.250 27.126 28.681 27.471 23.780 28.925 30.051 34.518 44.926 40.658 44.167 38.356 32.021 30.994 28.157 32.607 22.624 19.191 15.047 9.288 8.819 7.124 3.311 0.018 0.000 0.000 0.000 0.000 0.000 0.000 0.000 0.000 0.000 0.000 0.000 0.000 0.000 0.000 0.000 0.000 0.000 0.000 0.000 0.000 0.000 0.000 0.000 0.031 2.426 2.915 4.139 6.359 5.965 6.794 5.990 6.546
-999.250 -999.250 -999.250 -999.250 -999.250 -999.250 -999.250 -999.250 -999.250 -999.250 -999.250 -999.250 -999.250 -999.250 24.195 26.729 18.526 18.672 19.846 24.482 27.622 35.064 37.497 39.969 42.672 32.351 41.707 41.004 42.562 28.884 23.227 15.128 13.378 10.777 6.454 4.110 2.572 0.000 0.000 0.000 0.000 0.000 0.000 0.000 0.000 0.000 0.000 0.000 0.000 0.000 0.000 0.000 0.000 0.000 0.000 0.000 0.000 0.000 0.000 0.000 0.000 0.000 0.000 2.443 2.088 2.382 3.291 2.341 2.645
-999.250 -999.250 -999.250 -999.250 -999.250 -999.250 -999.250 -999.250 -999.250 -999.250 -999.250 -999.250 -999.250 -999.250 19.600 16.554 20.410 16.289 16.626 21.751 28.652 28.185 28.726 27.344 33.260 32.704 41.474 39.070 40.878 29.664 27.349 17.677 13.729 10.538 7.799 3.885 3.527 0.385 0.000 0.000 0.000 0.000 0.000 0.000 0.000 0.000 0.000 0.000 0.000 0.000 0.000 0.000 0.000 0.000 0.000 0.000 0.000 0.000 0.000 0.000 0.000 0.000 0.000 0.000 0.000 0.000 0.000 0.311 0.000
-999.250 -999.250 -999.250 -999.250 -999.250 -999.250 -999.250 -999.250 -999.250 -999.250 -999.250 -999.250 -999.250 -999.250 15.304 17.987 16.921 16.879 22.848 24.278 26.443 25.968 31.048 27.718 28.933 -999.250 32.705 27.620 32.760 28.668 25.978 18.705 13.567 10.090 7.851 5.659 4.330 2.668 0.799 0.628 0.000 0.000 0.000 0.000 0.000 0.000 0.000 0.000 0.000 0.000 0.000 0.000 0.000 0.000 0.000 0.000 0.000 0.000 0.000 0.000 0.000 0.000 0.000 0.000 0.000 0.000 0.000 0.000 0.000
-999.250 -999.250 -999.250 -999.250 -999.250 -999.250 -999.250 -999.250 -999.250 -999.250 -999.250 -999.250 -999.250 -999.250 13.908 15.650 16.031 18.869 21.307 23.778 21.724 24.022 23.921 -999.250 -999.250 -999.250 25.305 30.943 30.556 32.184 24.770 17.739 13.724 11.491 9.838 7.261 5.345 3.390 0.000 0.000 0.000 0.000 0.000 0.000 0.000 0.000 0.000 0.000 0.000 0.000 0.000 0.000 0.000 0.000 0.000 0.000 0.000 0.000 0.000 0.000 0.000 0.000 0.000 0.000 0.000 0.000 0.000 0.000 0.000
-999.250 -999.250 -999.250 -999.250 -999.250 -999.250 -999.250 -999.250 -999.250 -999.250 -999.250 -999.250 -999.250 13.410 13.117 14.988 17.076 17.512 20.233 21.334 20.310 21.665 -999.250 -999.250 -999.250 -999.250 -999.250 27.598 28.690 29.900 20.408 17.480 17.125 12.162 9.858 6.662 4.705 3.483 1.275 1.012 0.000 0.000 0.000 0.000 0.000 0.000 0.000 0.000 0.000 0.000 0.000 0.000 0.000 0.000 0.000 0.000 0.000 0.000 0.000 0.000 0.000 0.000 0.000 0.000 0.000 0.000 0.000 0.000 0.000
-999.250 -999.250 -999.250 -999.250 -999.250 -999.250 -999.250 -999.250 -999.250 -999.250 -999.250 -999.250 -999.250 13.091 13.437 17.284 13.248 16.714 15.626 22.195 -999.250 -999.250 -999.250 -999.250 -999.250 -999.250 -999.250 -999.250 25.745 23.229 19.824 19.157 13.120 10.558 8.621 6.647 4.179 3.542 1.936 0.136 0.473 0.000 0.000 0.000 0.000 0.000 0.000 0.000 0.000 0.000 0.000 0.000 0.000 0.000 0.000 0.000 0.000 0.000 0.000 0.000 0.000 0.000 0.000 0.000 0.000 0.000 0.000 0.000 0.000
-999.250 -999.250 -999.250 -999.250 -999.250 -999.250 -999.250 -999.250 -999.250 -999.250 -999.250 -999.250 10.635 11.931 -999.250 -999.250 -999.250 -999.250 -999.250 -999.250 -999.250 -999.250 -999.250 -999.250 -999.250 -999.250 -999.250 -999.250 -999.250 20.530 20.125 18.150 11.289 9.607 9.430 6.808 4.695 2.207 1.199 0.477 0.000 0.000 0.000 0.000 0.000 0.000 0.000 0.000 0.000 0.000 0.000 0.000 0.000 0.000 0.000 0.000 0.000 0.000 0.000 0.000 0.000 0.000 0.000 0.000 0.000 0.000 0.000 0.000 0.000
-999.250 -999.250 -999.250 -999.250 -999.250 -999.250 -999.250 -999.250 -999.250 -999.250 -999.250 -999.250 -999.250 -999.250 -999.250 -999.250 -999.250 -999.250 -999.250 -999.250 -999.250 -999.250 -999.250 -999.250 -999.250 -999.250 -999.250 -999.250 -999.250 -999.250 18.909 12.270 11.068 6.242 7.075 5.111 4.257 2.095 0.397 0.225 0.000 0.000 0.000 0.000 0.000 0.000 0.000 0.000 0.000 0.000 0.000 0.000 0.000 0.000 0.000 0.000 0.000 0.000 0.000 0.000 0.000 0.000 0.000 0.000 0.000 0.000 0.000 0.000 0.000
-999.250 -999.250 -999.250 -999.250 -999.250 -999.250 -999.250 -999.250 -999.250 -999.250 -999.250 -999.250 -999.250 -999.250 -999.250 -999.250 -999.250 -999.250 -999.250 -999.250 -999.250 -999.250 -999.250 -999.250 -999.250 -999.250 -999.250 -999.250 -999.250 -999.250 13.568 13.440 8.753 7.960 6.716 4.706 4.201 0.299 0.000 0.000 0.000 0.000 0.000 0.000 0.000 0.000 0.000 0.000 0.000 0.000 0.000 0.000 0.000 0.000 0.000 0.000 0.000 0.000 0.000 0.000 0.000 0.000 0.000 0.000 0.000 0.000 0.000 0.000 0.000
-999.250 -999.250 -999.250 -999.250 -999.250 -999.250 -999.250 -999.250 -999.250 -999.250 -999.250 -999.250 -999.250 -999.250 -999.250 -999.250 -999.250 -999.250 -999.250 -999.250 -999.250 -999.250 -999.250 -999.250 -999.250 -999.250 -999.250 -999.250 -999.250 -999.250 14.553 12.969 9.000 9.125 5.981 3.714 0.933 0.646 0.000 0.000 0.000 0.000 0.000 0.000 0.000 0.000 0.000 0.000 0.000 0.000 0.000 0.000 0.000 0.000 0.000 0.000 0.000 0.000 0.000 0.000 0.000 0.000 0.000 0.000 0.000 0.000 0.000 0.000 0.000
-999.250 -999.250 -999.250 -999.250 -999.250 -999.250 -999.250 -999.250 -999.250 -999.250 -999.250 -999.250 -999.250 -999.250 -999.250 -999.250 -999.250 -999.250 -999.250 -999.250 -999.250 -999.250 -999.250 -999.250 -999.250 -999.250 -999.250 -999.250 -999.250 -999.250 -999.250 8.097 7.289 5.252 4.460 2.154 1.895 0.493 0.000 0.000 0.000 0.000 0.000 0.000 0.000 0.000 0.000 0.000 0.000 0.000 0.000 0.000 0.000 0.000 0.000 0.000 0.000 0.000 0.000 0.000 0.000 0.000 0.000 0.000 0.000 0.000 0.000 0.000 0.000
-999.250 -999.250 -999.250 -999.250 -999.250 -999.250 -999.250 -999.250 -999.250 -999.250 -999.250 -999.250 -999.250 -999.250 -999.250 -999.250 -999.250 -999.250 -999.250 -999.250 -999.250 -999.250 -999.250 -999.250 -999.250 -999.250 -999.250 -999.250 -999.250 -999.250 -999.250 8.253 6.836 5.136 2.580 2.874 0.668 0.000 0.000 0.000 0.000 0.000 0.000 0.000 0.000 0.000 0.000 0.000 0.000 0.000 0.000 0.000 0.000 0.000 0.000 0.000 0.000 0.000 0.000 0.000 0.000 0.000 0.000 0.000 0.000 0.000 0.000 0.000 0.000
-999.250 -999.250 -999.250 -999.250 -999.250 -999.250 -999.250 -999.250 -999.250 -999.250 -999.250 -999.250 -999.250 -999.250 -999.250 -999.250 -999.250 -999.250 -999.250 -999.250 -999.250 -999.250 -999.250 -999.250 -999.250 -999.250 -999.250 -999.250 -999.250 -999.250 -999.250 8.728 5.741 5.037 4.441 0.050 0.000 0.000 0.000 0.000 0.000 0.000 0.000 0.000 0.000 0.000 0.000 0.000 0.000 0.000 0.000 0.000 0.000 0.000 0.000 0.000 0.000 0.000 0.000 0.000 0.000 0.000 0.000 0.000 0.000 0.000 0.000 0.000 0.000
-999.250 -999.250 -999.250 -999.250 -999.250 -999.250 -999.250 -999.250 -999.250 -999.250 -999.250 -999.250 -999.250 -999.250 -999.250 -999.250 -999.250 -999.250 -999.250 -999.250 -999.250 -999.250 -999.250 -999.250 -999.250 -999.250 -999.250 -999.250 -999.250 -999.250 -999.250 5.652 3.016 2.613 3.181 0.071 0.000 0.000 0.000 0.000 0.000 0.000 0.000 0.000 0.000 0.000 0.000 0.000 0.000 0.000 0.000 0.000 0.000 0.000 0.000 0.000 0.000 0.000 0.000 0.000 0.000 0.000 0.000 0.000 0.000 0.000 0.000 0.000 0.000
-999.250 -999.250 -999.250 -999.250 -999.250 -999.250 -999.250 -999.250 -999.250 -999.250 -999.250 -999.250 -999.250 -999.250 -999.250 -999.250 -999.250 -999.250 -999.250 -999.250 -999.250 -999.250 -999.250 -999.250 -999.250 -999.250 -999.250 -999.250 -999.250 -999.250 -999.250 4.284 2.564 1.896 0.691 0.000 0.000 0.000 0.000 0.000 0.000 0.000 0.000 0.000 0.000 0.000 0.000 0.000 0.000 0.000 0.334 0.197 0.000 1.680 0.997 0.227 0.961 0.000 0.000 0.000 0.000 0.000 0.000 0.000 0.000 0.000 0.000 0.000 0.000
-999.250 -999.250 -999.250 -999.250 -999.250 -999.250 -999.250 -999.250 -999.250 -999.250 -999.250 -999.250 -999.250 -999.250 -999.250 -999.250 -999.250 -999.250 -999.250 -999.250 -999.250 -999.250 -999.250 -999.250 -999.250 -999.250 -999.250 -999.250 -999.250 -999.250 -999.250 5.059 2.039 1.525 0.105 0.000 0.000 0.000 0.000 0.000 0.000 0.000 0.000 0.000 0.000 0.000 0.000 0.061 0.497 1.689 0.902 2.081 3.422 3.813 3.578 3.764 2.977 1.492 1.319 0.000 0.000 0.000 0.000 0.000 0.000 0.000 0.000 0.000 1.348
-999.250 -999.250 -999.250 -999.250 -999.250 -999.250 -999.250 -999.250 -999.250 -999.250 -999.250 -999.250 -999.250 -999.250 -999.250 -999.250 -999.250 -999.250 -999.250 -999.250 -999.250 -999.250 -999.250 -999.250 -999.250 -999.250 -999.250 -999.250 -999.250 -999.250 -999.250 4.455 2.406 3.245 0.028 0.000 0.000 0.000 0.000 0.000 0.000 0.000 0.000 0.000 0.000 0.000 0.000 0.376 1.779 4.550 3.827 3.581 4.294 5.810 6.748 6.935 7.413 4.362 3.356 3.704 1.541 2.009 2.298 0.000 0.000 0.000 0.000 2.040 5.727
