data/medianmodel_17-Feb-2021.asc
ncols	141
nrows	288
xllcorner	-120191.398
yllcorner	-301404.813
cellsize	2000.000
NODATA_value	-999.250
[rows 145 to 173 of 288, columns 65 to 129 of 141]
445.603 522.807 567.563 579.755 619.469 612.216 587.935 556.692 469.948 429.666 392.944 325.509 297.578 287.178 239.537 222.679 214.486 393.465 507.084 669.624 753.163 875.562 1056.883 1148.840 1483.907 1344.304 -999.250 -999.250 -999.250 -999.250 -999.250 -999.250 -999.250 -999.250 -999.250 -999.250 -999.250 -999.250 -999.250 -999.250 -999.250 -999.250 -999.250 -999.250 -999.250 -999.250 -999.250 -999.250 -999.250 -999.250 -999.250 -999.250 -999.250 -999.250 -999.250 -999.250 -999.250 -999.250 -999.250 -999.250 -999.250 -999.250 -999.250 -999.250 -999.250
494.838 575.693 638.000 670.566 680.541 678.732 677.990 612.514 533.633 483.200 427.329 379.237 332.404 325.578 308.260 299.363 327.847 444.589 564.279 690.790 763.535 1030.346 1266.798 1357.164 1519.325 1657.731 1449.415 -999.250 -999.250 -999.250 -999.250 -999.250 -999.250 -999.250 -999.250 -999.250 -999.250 -999.250 -999.250 -999.250 -999.250 -999.250 -999.250 -999.250 -999.250 -999.250 -999.250 -999.250 -999.250 -999.250 -999.250 -999.250 -999.250 -999.250 -999.250 -999.250 -999.250 -999.250 -999.250 -999.250 -999.250 -999.250 -999.250 -999.250 -999.250
558.602 649.659 673.544 757.576 806.567 756.895 702.026 669.660 583.622 528.807 467.462 411.239 395.978 380.549 357.089 393.424 427.347 506.497 608.615 681.493 790.600 1050.184 1233.141 1505.922 1802.348 1748.889 1391.134 -999.250 -999.250 -999.250 -999.250 -999.250 -999.250 -999.250 -999.250 -999.250 -999.250 -999.250 -999.250 -999.250 -999.250 -999.250 -999.250 -999.250 -999.250 -999.250 -999.250 -999.250 -999.250 -999.250 -999.250 -999.250 -999.250 -999.250 -999.250 -999.250 -999.250 -999.250 -999.250 -999.250 -999.250 -999.250 -999.250 -999.250 -999.250
585.832 655.053 737.074 817.622 1011.339 844.745 736.317 671.926 609.988 536.742 476.902 445.005 422.005 418.980 415.141 448.491 498.391 574.982 679.716 717.653 839.545 1079.992 1330.889 1502.933 1725.767 1747.174 1381.172 1143.101 893.557 776.755 -999.250 -999.250 -999.250 -999.250 -999.250 -999.250 -999.250 -999.250 -999.250 -999.250 -999.250 -999.250 -999.250 -999.250 -999.250 -999.250 -999.250 -999.250 -999.250 -999.250 -999.250 -999.250 -999.250 -999.250 -999.250 -999.250 -999.250 -999.250 -999.250 -999.250 -999.250 -999.250 -999.250 -999.250 -999.250
551.656 648.918 710.784 792.666 871.991 796.040 726.458 698.527 602.280 564.183 500.210 462.113 457.310 449.502 450.538 512.234 543.343 603.937 674.965 747.872 830.283 1110.119 1093.759 1359.733 1442.649 1401.275 1201.239 914.339 807.536 678.787 651.146 -999.250 -999.250 -999.250 -999.250 -999.250 -999.250 -999.250 -999.250 -999.250 -999.250 -999.250 -999.250 -999.250 -999.250 -999.250 -999.250 -999.250 -999.250 -999.250 -999.250 -999.250 -999.250 -999.250 -999.250 -999.250 -999.250 -999.250 -999.250 -999.250 -999.250 -999.250 -999.250 -999.250 -999.250
558.257 610.689 683.382 726.551 713.619 721.824 722.466 643.169 608.531 566.606 519.355 496.505 465.960 452.680 462.445 499.421 530.515 601.306 680.066 738.567 826.850 1025.596 1044.897 1008.551 1082.634 992.059 952.868 759.501 682.388 612.995 -999.250 -999.250 -999.250 -999.250 -999.250 -999.250 -999.250 -999.250 -999.250 -999.250 -999.250 -999.250 -999.250 -999.250 -999.250 -999.250 -999.250 -999.250 -999.250 -999.250 -999.250 -999.250 -999.250 -999.250 -999.250 -999.250 -999.250 -999.250 -999.250 -999.250 -999.250 -999.250 -999.250 -999.250 -999.250
512.831 572.109 631.231 691.001 677.970 682.401 638.386 639.176 607.453 553.605 519.909 484.885 460.898 468.383 494.493 513.867 526.360 592.705 669.242 712.757 765.077 806.559 908.485 861.838 830.950 802.147 694.586 615.441 521.714 489.469 -999.250 -999.250 -999.250 -999.250 -999.250 -999.250 -999.250 -999.250 -999.250 -999.250 -999.250 -999.250 -999.250 -999.250 -999.250 -999.250 -999.250 -999.250 -999.250 -999.250 -999.250 -999.250 -999.250 -999.250 -999.250 -999.250 -999.250 -999.250 -999.250 -999.250 -999.250 -999.250 -999.250 -999.250 -999.250
494.165 530.109 579.960 604.932 628.179 640.741 636.296 603.440 590.560 549.322 510.834 465.320 455.056 460.480 477.399 499.739 520.537 554.010 606.498 640.996 686.671 732.531 746.302 719.233 699.959 622.959 565.871 463.382 384.405 385.427 -999.250 -999.250 -999.250 -999.250 -999.250 -999.250 -999.250 -999.250 -999.250 -999.250 -999.250 -999.250 -999.250 -999.250 -999.250 -999.250 -999.250 -999.250 -999.250 -999.250 -999.250 -999.250 -999.250 -999.250 -999.250 -999.250 -999.250 -999.250 -999.250 -999.250 -999.250 -999.250 -999.250 -999.250 -999.250
440.058 489.141 527.051 566.966 591.626 598.776 599.057 596.486 557.534 530.324 493.730 451.366 443.055 426.668 439.158 464.341 506.202 523.114 571.747 572.678 604.686 624.739 595.484 579.237 539.940 446.811 359.431 296.158 285.029 286.817 -999.250 -999.250 -999.250 -999.250 -999.250 -999.250 -999.250 -999.250 -999.250 -999.250 -999.250 -999.250 -999.250 -999.250 -999.250 -999.250 -999.250 -999.250 -999.250 -999.250 -999.250 -999.250 -999.250 -999.250 -999.250 -999.250 -999.250 -999.250 -999.250 -999.250 -999.250 -999.250 -999.250 -999.250 -999.250
380.998 425.438 486.054 508.307 540.674 542.875 540.896 523.471 502.355 474.842 452.167 441.534 387.516 401.548 387.160 420.021 438.521 487.297 483.043 484.514 498.355 496.031 463.879 424.863 374.066 316.216 227.073 133.112 185.024 232.860 -999.250 -999.250 -999.250 -999.250 -999.250 -999.250 -999.250 -999.250 -999.250 -999.250 -999.250 -999.250 -999.250 -999.250 -999.250 -999.250 -999.250 -999.250 -999.250 -999.250 -999.250 -999.250 -999.250 -999.250 -999.250 -999.250 -999.250 -999.250 -999.250 -999.250 -999.250 -999.250 -999.250 -999.250 -999.250
350.169 413.332 426.057 459.852 477.469 482.462 468.297 478.598 477.307 438.658 389.981 346.153 340.866 322.424 325.450 349.880 364.542 365.855 392.042 403.351 415.380 364.820 354.160 327.749 288.411 222.619 162.601 124.018 160.700 200.069 -999.250 -999.250 -999.250 -999.250 -999.250 -999.250 -999.250 -999.250 -999.250 -999.250 -999.250 -999.250 -999.250 -999.250 -999.250 -999.250 -999.250 -999.250 -999.250 -999.250 -999.250 -999.250 -999.250 -999.250 -999.250 -999.250 -999.250 -999.250 -999.250 -999.250 -999.250 -999.250 -999.250 -999.250 -999.250
313.013 355.203 365.152 413.124 430.872 419.257 426.289 420.374 398.713 389.495 332.632 317.638 299.650 292.809 296.668 294.197 292.205 303.466 310.464 306.816 306.695 295.550 267.900 225.174 200.050 168.996 131.899 140.665 180.114 237.831 290.800 -999.250 -999.250 -999.250 -999.250 -999.250 -999.250 -999.250 -999.250 -999.250 -999.250 -999.250 -999.250 -999.250 -999.250 -999.250 -999.250 -999.250 -999.250 -999.250 -999.250 -999.250 -999.250 -999.250 -999.250 -999.250 -999.250 -999.250 -999.250 -999.250 -999.250 -999.250 -999.250 -999.250 -999.250
278.431 301.475 328.833 355.656 359.442 355.441 359.465 334.280 323.770 323.317 295.133 288.427 262.913 242.134 233.907 237.538 218.948 227.821 220.770 223.747 226.298 221.080 206.533 188.281 164.536 125.831 126.529 156.810 212.361 254.010 301.852 413.884 -999.250 -999.250 -999.250 -999.250 -999.250 -999.250 -999.250 -999.250 -999.250 -999.250 -999.250 -999.250 -999.250 -999.250 -999.250 -999.250 -999.250 -999.250 -999.250 -999.250 -999.250 -999.250 -999.250 -999.250 -999.250 -999.250 -999.250 -999.250 -999.250 -999.250 -999.250 -999.250 -999.250
229.390 251.901 278.280 297.167 299.995 294.930 287.535 287.350 289.404 278.729 259.176 232.011 226.557 206.577 195.594 180.909 173.871 172.680 159.796 169.763 175.622 178.332 160.767 146.874 126.278 108.245 150.959 199.496 278.333 320.844 385.816 457.135 530.856 -999.250 -999.250 -999.250 -999.250 -999.250 -999.250 -999.250 -999.250 -999.250 -999.250 -999.250 -999.250 -999.250 -999.250 -999.250 -999.250 -999.250 -999.250 -999.250 -999.250 -999.250 -999.250 -999.250 -999.250 -999.250 -999.250 -999.250 -999.250 -999.250 -999.250 -999.250 -999.250
185.458 205.633 219.805 237.792 237.543 249.230 256.458 233.393 228.651 228.775 216.783 212.811 181.921 168.725 151.501 139.819 126.618 118.056 118.563 127.023 138.210 133.856 131.516 134.157 134.090 151.763 202.954 259.652 317.396 414.451 465.880 505.337 581.579 -999.250 -999.250 -999.250 -999.250 -999.250 -999.250 -999.250 -999.250 -999.250 -999.250 -999.250 -999.250 -999.250 -999.250 -999.250 -999.250 -999.250 -999.250 -999.250 -999.250 -999.250 -999.250 -999.250 -999.250 -999.250 -999.250 -999.250 -999.250 -999.250 -999.250 -999.250 -999.250
146.725 164.726 180.168 201.918 214.643 213.705 194.774 203.023 186.226 182.410 178.714 161.687 142.111 120.485 108.149 99.268 93.537 88.915 90.773 99.153 114.257 119.942 124.835 138.063 170.603 210.842 265.779 325.402 430.484 468.801 550.080 599.047 669.591 -999.250 -999.250 -999.250 -999.250 -999.250 -999.250 -999.250 -999.250 -999.250 -999.250 -999.250 -999.250 -999.250 -999.250 -999.250 -999.250 -999.250 -999.250 -999.250 -999.250 -999.250 -999.250 -999.250 -999.250 -999.250 -999.250 -999.250 -999.250 -999.250 -999.250 -999.250 -999.250
131.743 143.630 163.751 172.484 182.694 184.175 171.011 164.403 151.078 153.313 145.462 125.111 108.289 96.112 79.644 68.924 61.552 61.743 71.772 78.330 95.558 114.482 134.099 162.983 206.730 262.469 307.359 423.240 503.187 563.191 614.242 728.887 762.290 -999.250 -999.250 -999.250 -999.250 -999.250 -999.250 -999.250 -999.250 -999.250 -999.250 -999.250 -999.250 -999.250 -999.250 -999.250 -999.250 -999.250 -999.250 -999.250 -999.250 -999.250 -999.250 -999.250 -999.250 -999.250 -999.250 -999.250 -999.250 -999.250 -999.250 -999.250 -999.250
114.900 126.022 127.473 146.770 168.213 151.912 155.314 140.235 135.919 125.177 112.203 102.124 82.589 74.773 58.273 52.594 40.294 43.645 55.719 70.955 84.380 114.862 153.538 196.015 251.367 311.111 357.509 459.663 570.928 666.095 720.128 836.135 815.233 -999.250 -999.250 -999.250 -999.250 -999.250 -999.250 -999.250 -999.250 -999.250 -999.250 -999.250 -999.250 -999.250 -999.250 -999.250 -999.250 -999.250 -999.250 -999.250 -999.250 -999.250 -999.250 -999.250 -999.250 -999.250 -999.250 -999.250 -999.250 -999.250 -999.250 -999.250 -999.250
102.818 105.715 119.799 123.546 133.118 135.606 130.775 124.347 115.573 104.847 91.812 75.147 65.552 61.601 43.472 37.575 31.596 38.503 51.200 64.173 98.121 126.721 172.784 217.985 286.446 343.425 419.906 550.736 622.097 736.466 810.880 1011.487 1001.601 1024.669 -999.250 -999.250 -999.250 -999.250 -999.250 -999.250 -999.250 -999.250 -999.250 -999.250 -999.250 -999.250 -999.250 -999.250 -999.250 -999.250 -999.250 -999.250 -999.250 -999.250 -999.250 -999.250 -999.250 -999.250 -999.250 -999.250 -999.250 -999.250 -999.250 -999.250 -999.250
103.898 105.031 110.382 116.768 125.404 122.690 119.751 110.632 107.125 94.624 79.721 68.087 63.835 56.639 51.002 37.950 38.947 47.279 60.088 66.970 106.807 137.315 184.221 219.939 310.554 395.232 497.466 568.911 665.899 799.820 951.595 1057.302 1264.302 1343.051 1193.031 -999.250 -999.250 -999.250 -999.250 -999.250 -999.250 -999.250 -999.250 -999.250 -999.250 -999.250 -999.250 -999.250 -999.250 -999.250 -999.250 -999.250 -999.250 -999.250 -999.250 -999.250 -999.250 -999.250 -999.250 -999.250 -999.250 -999.250 -999.250 -999.250 -999.250
89.927 97.219 106.175 110.330 111.688 115.774 112.219 108.041 106.875 90.635 82.741 80.342 74.473 68.665 59.202 61.536 58.274 58.052 74.013 89.764 116.505 148.209 186.230 243.494 331.570 417.921 510.224 660.241 715.984 831.825 1131.651 1310.267 1388.045 1450.053 1302.717 1285.525 1156.736 969.153 -999.250 -999.250 -999.250 -999.250 -999.250 -999.250 -999.250 -999.250 -999.250 -999.250 -999.250 -999.250 -999.250 -999.250 -999.250 -999.250 -999.250 -999.250 -999.250 -999.250 -999.250 -999.250 -999.250 -999.250 -999.250 -999.250 -999.250
89.482 104.964 109.514 110.351 109.559 111.900 110.242 111.704 107.707 109.874 110.684 102.241 98.406 89.503 81.677 74.356 78.403 87.297 90.740 105.968 134.306 161.900 211.339 270.225 340.426 442.996 547.047 640.346 753.508 972.553 1136.447 1627.997 1695.580 1706.055 1710.319 1582.947 1238.054 1085.548 -999.250 -999.250 -999.250 -999.250 -999.250 -999.250 -999.250 -999.250 -999.250 -999.250 -999.250 -999.250 -999.250 -999.250 -999.250 -999.250 -999.250 -999.250 -999.250 -999.250 -999.250 -999.250 -999.250 -999.250 -999.250 -999.250 -999.250
99.342 104.310 112.429 115.824 118.996 116.159 121.037 117.207 124.862 130.755 123.784 124.399 120.705 118.316 107.879 100.597 98.624 101.194 109.077 120.890 144.186 173.678 210.531 272.492 329.468 427.109 525.974 622.036 743.909 879.753 1259.189 1521.871 1837.667 1984.260 1930.675 1692.349 1292.802 -999.250 -999.250 -999.250 -999.250 -999.250 -999.250 -999.250 -999.250 -999.250 -999.250 -999.250 -999.250 -999.250 -999.250 -999.250 -999.250 -999.250 -999.250 -999.250 -999.250 -999.250 -999.250 -999.250 -999.250 -999.250 -999.250 -999.250 -999.250
101.065 111.635 119.990 120.192 128.122 139.831 136.591 150.340 155.818 156.773 161.295 161.838 148.366 143.628 132.490 125.428 123.665 136.826 145.987 140.901 157.875 182.091 215.297 243.315 316.106 412.617 523.899 628.647 725.856 892.778 1199.302 1505.491 1772.773 1992.937 1967.620 1713.747 1467.261 -999.250 -999.250 -999.250 648.916 548.897 400.714 -999.250 -999.250 -999.250 -999.250 -999.250 -999.250 -999.250 -999.250 -999.250 -999.250 -999.250 -999.250 -999.250 -999.250 -999.250 -999.250 -999.250 -999.250 -999.250 -999.250 -999.250 -999.250
110.398 125.126 127.939 136.592 150.060 156.056 161.633 175.963 187.998 202.874 201.507 195.749 192.019 181.803 169.944 164.758 160.822 165.426 169.679 177.235 174.143 189.942 206.353 237.295 290.604 371.563 474.198 605.749 723.416 903.661 1052.155 1642.215 1974.858 1985.816 1956.621 1715.901 1333.325 1048.791 812.344 699.097 576.230 445.571 327.085 242.904 -999.250 -999.250 -999.250 -999.250 -999.250 -999.250 -999.250 -999.250 -999.250 -999.250 -999.250 -999.250 -999.250 -999.250 -999.250 -999.250 -999.250 -999.250 -999.250 -999.250 -999.250
121.222 131.501 146.460 160.616 172.836 164.822 189.077 209.353 223.986 242.883 241.899 233.933 226.121 226.923 214.190 201.749 201.137 205.123 198.697 194.406 200.123 207.707 212.098 219.446 239.681 297.709 411.736 537.108 674.663 824.541 1107.746 1405.566 1918.456 1926.918 1761.775 1469.684 1109.087 978.993 745.404 637.229 541.472 393.127 228.601 193.426 168.798 -999.250 -999.250 -999.250 -999.250 -999.250 -999.250 -999.250 -999.250 -999.250 -999.250 -999.250 -999.250 -999.250 -999.250 -999.250 -999.250 -999.250 -999.250 -999.250 -999.250
141.761 165.702 173.804 186.067 203.310 207.691 225.770 244.655 272.022 298.396 309.358 299.663 305.492 300.224 282.387 268.645 252.528 247.082 236.097 220.128 214.680 213.050 208.120 209.790 206.246 220.541 290.442 444.231 613.118 745.798 976.636 1435.653 1453.798 1554.752 1364.272 1197.439 1049.606 890.193 718.829 638.491 517.575 366.812 233.333 165.110 133.982 -999.250 -999.250 -999.250 -999.250 -999.250 -999.250 -999.250 -999.250 -999.250 -999.250 -999.250 -999.250 -999.250 -999.250 -999.250 -999.250 -999.250 -999.250 -999.250 -999.250
175.352 193.602 215.709 228.818 229.741 252.531 277.834 302.605 330.130 347.914 359.300 380.787 357.834 356.188 341.631 321.650 314.332 310.984 285.382 262.213 226.101 219.219 204.054 195.588 182.326 172.669 168.067 362.504 534.999 704.495 882.774 1029.168 1084.932 1103.647 1075.670 1001.158 912.338 741.773 663.982 556.866 459.564 319.159 223.307 164.413 124.150 -999.250 -999.250 -999.250 -999.250 -999.250 -999.250 -999.250 -999.250 -999.250 -999.250 -999.250 -999.250 -999.250 -999.250 -999.250 -999.250 -999.250 -999.250 -999.250 -999.250
207.816 218.267 239.100 277.833 291.683 305.658 334.253 348.767 388.141 423.429 446.005 458.922 449.554 448.273 441.566 415.288 396.650 372.511 344.716 306.061 281.560 254.522 219.800 201.275 181.023 171.349 211.138 328.782 477.024 617.840 716.828 778.464 856.882 944.576 918.716 823.863 715.779 708.975 591.800 498.267 422.635 296.872 214.669 156.782 117.365 96.332 -999.250 -999.250 -999.250 -999.250 -999.250 -999.250 -999.250 -999.250 -999.250 -999.250 -999.250 -999.250 -999.250 -999.250 -999.250 -999.250 -999.250 -999.250 -999.250
