data/medianmodel_15-Jul-2020.asc
ncols	141
nrows	288
xllcorner	-120191.398
yllcorner	-301404.813
cellsize	2000.000
NODATA_value	-999.250
[rows 217 to 247 of 288, columns 0 to 69 of 141]
-999.250 -999.250 -999.250 -999.250 -999.250 -999.250 -999.250 -999.250 -999.250 -999.250 -999.250 -999.250 -999.250 -999.250 -999.250 -999.250 -999.250 -999.250 -999.250 -999.250 -999.250 -999.250 -999.250 -999.250 -999.250 -999.250 -999.250 -999.250 -999.250 -999.250 -999.250 13.898 11.894 12.817 11.678 11.477 10.788 11.973 9.430 12.077 10.860 11.975 13.940 12.805 11.612 10.730 9.439 7.571 6.342 5.562 4.345 6.684 3.740 2.406 1.796 1.148 0.158 0.026 0.000 0.000 0.000 0.000 0.000 0.000 0.000 0.000 0.000 1.630 5.097 7.555
-999.250 -999.250 -999.250 -999.250 -999.250 -999.250 -999.250 -999.250 -999.250 -999.250 -999.250 -999.250 -999.250 -999.250 -999.250 -999.250 -999.250 -999.250 -999.250 -999.250 -999.250 -999.250 -999.250 -999.250 -999.250 -999.250 -999.250 -999.250 -999.250 -999.250 -999.250 11.091 12.489 12.084 10.820 12.547 10.220 10.308 11.785 12.374 15.537 17.712 19.011 14.796 14.575 13.156 10.557 8.623 6.008 5.919 6.536 5.021 6.134 5.785 5.344 3.139 1.383 0.411 0.000 0.000 0.000 0.000 0.000 0.000 0.000 0.000 0.425 0.939 4.951 10.731
-999.250 -999.250 -999.250 -999.250 -999.250 -999.250 -999.250 -999.250 -999.250 -999.250 -999.250 -999.250 -999.250 -999.250 -999.250 -999.250 -999.250 -999.250 -999.250 -999.250 -999.250 -999.250 -999.250 -999.250 -999.250 -999.250 -999.250 -999.250 -999.250 -999.250 -999.250 10.528 11.968 13.485 12.127 14.828 10.827 11.248 12.206 16.263 19.289 27.324 22.398 18.063 15.632 13.018 10.989 11.022 6.928 6.132 8.515 8.120 8.411 7.847 6.683 5.692 2.878 2.029 1.177 0.197 0.000 0.000 0.000 0.000 0.000 0.000 1.512 3.997 6.883 10.571
-999.250 -999.250 -999.250 -999.250 -999.250 -999.250 -999.250 -999.250 -999.250 -999.250 -999.250 -999.250 -999.250 -999.250 -999.250 -999.250 -999.250 -999.250 -999.250 -999.250 -999.250 -999.250 -999.250 -999.250 -999.250 -999.250 -999.250 -999.250 -999.250 -999.250 -999.250 9.241 12.261 10.024 12.392 14.439 15.037 13.965 15.065 15.883 18.761 19.926 18.957 16.655 17.517 13.675 12.527 12.213 9.431 8.641 6.502 7.685 10.845 8.340 8.903 9.021 5.219 4.642 1.660 2.822 0.352 0.000 0.000 0.000 0.000 0.000 2.657 4.002 8.072 12.486
-999.250 -999.250 -999.250 -999.250 -999.250 -999.250 -999.250 -999.250 -999.250 -999.250 -999.250 -999.250 -999.250 -999.250 -999.250 -999.250 -999.250 -999.250 -999.250 -999.250 -999.250 -999.250 -999.250 -999.250 -999.250 -999.250 -999.250 -999.250 -999.250 -999.250 -999.250 10.299 9.458 10.529 12.759 13.029 14.676 14.828 13.870 14.339 15.678 15.532 16.536 16.778 17.157 14.256 11.398 12.341 11.994 8.247 8.541 8.959 8.768 11.117 9.378 9.841 7.927 4.815 3.867 3.764 3.801 0.000 0.000 0.000 0.000 1.312 1.897 5.307 9.020 11.552
-999.250 -999.250 -999.250 -999.250 -999.250 -999.250 -999.250 -999.250 -999.250 -999.250 -999.250 -999.250 -999.250 -999.250 -999.250 -999.250 -999.250 -999.250 -999.250 -999.250 -999.250 -999.250 -999.250 -999.250 -999.250 -999.250 -999.250 -999.250 -999.250 -999.250 -999.250 5.484 8.983 11.970 11.055 14.804 12.794 14.980 12.692 14.800 14.269 14.345 13.759 18.488 15.509 13.647 13.470 10.311 12.815 9.076 10.758 7.974 9.578 10.538 10.390 10.305 8.546 6.313 6.232 5.537 2.635 0.520 0.000 0.000 0.000 1.716 1.525 3.748 8.508 10.324
-999.250 -999.250 -999.250 -999.250 -999.250 -999.250 -999.250 -999.250 -999.250 -999.250 -999.250 -999.250 -999.250 -999.250 -999.250 -999.250 -999.250 -999.250 -999.250 -999.250 -999.250 -999.250 -999.250 -999.250 -999.250 -999.250 -999.250 -999.250 -999.250 -999.250 7.205 7.897 7.253 12.174 11.453 14.013 11.539 13.132 14.040 13.569 13.378 14.549 19.254 17.487 12.585 15.138 11.015 9.035 10.138 10.823 10.598 13.103 10.941 10.836 11.449 12.060 9.406 8.994 8.123 7.189 4.628 2.023 0.517 0.904 1.895 0.869 1.388 3.618 6.182 7.125
-999.250 -999.250 -999.250 -999.250 -999.250 -999.250 -999.250 -999.250 -999.250 -999.250 -999.250 -999.250 -999.250 -999.250 -999.250 -999.250 -999.250 -999.250 -999.250 -999.250 -999.250 -999.250 -999.250 -999.250 -999.250 -999.250 -999.250 -999.250 -999.250 -999.250 7.923 7.778 9.343 10.543 13.456 11.413 13.794 12.274 12.511 12.372 12.209 12.853 14.588 14.252 13.645 12.689 13.327 12.376 11.763 10.389 10.564 10.537 10.405 9.919 11.656 13.129 11.545 9.542 8.909 6.265 6.412 2.856 1.510 2.397 0.331 0.126 0.699 0.229 2.965 5.018
-999.250 -999.250 -999.250 -999.250 -999.250 -999.250 -999.250 -999.250 -999.250 -999.250 -999.250 -999.250 -999.250 -999.250 -999.250 -999.250 -999.250 -999.250 -999.250 -999.250 -999.250 -999.250 -999.250 -999.250 -999.250 -999.250 -999.250 -999.250 -999.250 -999.250 5.929 4.974 8.188 9.345 10.262 11.193 13.220 12.618 15.499 13.151 11.336 11.818 12.880 17.424 16.756 13.154 12.091 14.881 11.638 11.001 11.547 12.449 11.900 11.068 11.506 14.591 15.197 12.932 9.870 8.854 7.730 4.843 3.374 2.369 1.993 0.218 0.000 0.483 0.758 1.597
-999.250 -999.250 -999.250 -999.250 -999.250 -999.250 -999.250 -999.250 -999.250 -999.250 -999.250 -999.250 -999.250 -999.250 -999.250 -999.250 -999.250 -999.250 -999.250 -999.250 -999.250 -999.250 -999.250 -999.250 -999.250 -999.250 -999.250 -999.250 -999.250 -999.250 4.592 5.752 7.540 7.620 10.313 13.614 15.269 14.035 15.665 12.941 12.427 14.070 15.459 12.936 15.091 12.699 11.410 11.632 11.718 10.279 10.534 10.392 11.095 12.505 15.054 14.982 15.313 21.086 14.450 10.189 8.639 7.458 4.188 2.808 2.664 1.732 0.000 0.000 0.289 0.000
-999.250 -999.250 -999.250 -999.250 -999.250 -999.250 -999.250 -999.250 -999.250 -999.250 -999.250 -999.250 -999.250 -999.250 -999.250 -999.250 -999.250 -999.250 -999.250 -999.250 -999.250 -999.250 -999.250 -999.250 -999.250 -999.250 -999.250 -999.250 -999.250 5.847 5.102 5.781 6.479 7.952 9.918 10.757 13.480 15.758 14.790 14.397 13.534 13.546 12.878 13.254 14.321 12.583 11.832 10.173 12.490 8.640 10.289 10.337 12.116 9.299 15.399 16.655 17.545 25.494 18.773 9.604 9.065 8.306 5.491 2.462 0.202 0.546 0.000 0.000 0.000 0.000
-999.250 -999.250 -999.250 -999.250 -999.250 -999.250 -999.250 -999.250 -999.250 -999.250 -999.250 -999.250 -999.250 -999.250 -999.250 -999.250 -999.250 -999.250 -999.250 -999.250 -999.250 -999.250 -999.250 -999.250 -999.250 -999.250 -999.250 -999.250 -999.250 2.723 4.392 3.189 5.399 8.237 10.407 12.792 17.627 15.806 14.709 15.150 13.640 12.210 13.890 13.644 11.519 11.874 11.499 11.828 9.514 9.671 9.329 6.627 8.623 9.058 11.948 14.324 14.612 20.886 16.194 10.525 9.456 8.485 4.534 3.106 0.000 0.000 0.000 0.000 0.000 0.000
-999.250 -999.250 -999.250 -999.250 -999.250 -999.250 -999.250 -999.250 -999.250 -999.250 -999.250 -999.250 -999.250 -999.250 -999.250 -999.250 -999.250 -999.250 -999.250 -999.250 -999.250 -999.250 -999.250 -999.250 -999.250 -999.250 -999.250 -999.250 1.999 2.573 1.828 2.741 3.870 7.391 10.394 15.075 24.313 19.699 17.787 12.493 12.926 13.370 14.940 10.119 9.209 10.518 9.329 7.913 9.105 7.665 8.960 8.100 7.596 10.085 11.063 11.214 13.465 14.144 12.444 10.525 9.095 7.887 5.529 2.965 0.000 0.000 0.000 0.000 0.000 0.000
-999.250 -999.250 -999.250 -999.250 -999.250 -999.250 -999.250 -999.250 -999.250 -999.250 -999.250 -999.250 -999.250 -999.250 -999.250 -999.250 -999.250 -999.250 -999.250 -999.250 -999.250 -999.250 -999.250 -999.250 -999.250 -999.250 -999.250 -999.250 1.860 0.000 0.000 0.000 1.118 5.021 9.486 12.334 17.042 16.432 15.901 11.977 11.781 12.240 11.334 7.325 9.392 10.197 9.355 10.061 9.029 8.319 8.093 7.016 10.101 8.481 9.584 9.653 12.924 9.792 10.309 10.061 8.123 6.504 4.411 1.451 0.000 0.000 0.000 0.000 0.000 0.000
-999.250 -999.250 -999.250 -999.250 -999.250 -999.250 -999.250 -999.250 -999.250 -999.250 -999.250 -999.250 -999.250 -999.250 -999.250 -999.250 -999.250 -999.250 -999.250 -999.250 -999.250 -999.250 -999.250 -999.250 -999.250 -999.250 -999.250 1.531 0.302 0.000 0.000 0.000 0.036 3.569 6.107 9.709 11.718 11.673 12.276 10.234 11.463 14.677 11.622 10.391 12.122 10.705 9.106 10.050 8.768 7.768 6.888 7.139 7.928 6.306 9.134 9.366 10.159 9.371 8.424 9.080 7.730 3.833 2.581 0.685 0.000 0.000 0.000 0.000 0.000 0.000
-999.250 -999.250 -999.250 -999.250 -999.250 -999.250 -999.250 -999.250 -999.250 -999.250 -999.250 -999.250 -999.250 -999.250 -999.250 -999.250 -999.250 -999.250 -999.250 -999.250 -999.250 -999.250 -999.250 -999.250 -999.250 -999.250 -999.250 0.944 0.000 0.000 0.000 0.000 0.000 2.007 3.425 6.743 9.293 9.537 9.772 8.886 10.738 10.670 10.659 10.439 10.361 10.337 11.187 8.934 7.508 7.482 6.881 8.404 6.923 4.889 7.880 7.781 8.813 9.095 10.296 6.426 5.531 2.441 0.360 0.123 0.000 0.000 0.000 0.000 0.000 0.000
-999.250 -999.250 -999.250 -999.250 -999.250 -999.250 -999.250 -999.250 -999.250 -999.250 -999.250 -999.250 -999.250 -999.250 -999.250 -999.250 -999.250 -999.250 -999.250 -999.250 -999.250 -999.250 -999.250 -999.250 -999.250 -999.250 -999.250 -999.250 0.198 0.000 0.000 0.000 0.000 0.000 0.940 5.361 6.372 7.260 7.401 8.925 10.053 11.378 11.452 8.392 8.264 11.302 10.467 8.458 8.464 7.796 5.289 7.544 6.479 5.141 5.915 6.644 9.114 7.434 7.578 7.747 5.728 3.622 1.045 0.000 0.000 0.000 0.000 0.000 0.000 0.000
-999.250 -999.250 -999.250 -999.250 -999.250 -999.250 -999.250 -999.250 -999.250 -999.250 -999.250 -999.250 -999.250 -999.250 -999.250 -999.250 -999.250 -999.250 -999.250 -999.250 -999.250 -999.250 -999.250 -999.250 -999.250 -999.250 -999.250 -999.250 -999.250 -999.250 0.000 0.000 0.000 0.000 0.132 2.769 5.166 6.694 6.431 8.406 12.697 10.452 10.227 9.620 9.902 9.430 9.901 6.634 7.837 6.667 5.629 6.290 4.699 6.439 6.456 6.297 7.169 7.068 6.899 7.604 4.889 3.719 1.300 0.000 0.000 0.000 0.000 0.000 0.000 0.000
-999.250 -999.250 -999.250 -999.250 -999.250 -999.250 -999.250 -999.250 -999.250 -999.250 -999.250 -999.250 -999.250 -999.250 -999.250 -999.250 -999.250 -999.250 -999.250 -999.250 -999.250 -999.250 -999.250 -999.250 -999.250 -999.250 -999.250 -999.250 -999.250 -999.250 0.000 0.000 0.000 0.000 0.364 1.262 3.177 5.861 7.084 8.648 9.477 10.282 11.128 10.567 9.728 7.841 7.224 8.394 8.175 8.271 7.240 6.254 6.054 4.452 5.651 5.313 7.437 7.359 7.687 8.319 7.861 5.139 0.421 0.000 0.000 0.000 0.000 0.000 0.000 0.000
-999.250 -999.250 -999.250 -999.250 -999.250 -999.250 -999.250 -999.250 -999.250 -999.250 -999.250 -999.250 -999.250 -999.250 -999.250 -999.250 -999.250 -999.250 -999.250 -999.250 -999.250 -999.250 -999.250 -999.250 -999.250 -999.250 -999.250 -999.250 -999.250 -999.250 0.000 0.000 0.329 0.389 0.404 1.855 4.377 6.611 8.143 10.514 9.143 8.372 8.086 9.998 10.072 8.421 8.595 6.525 7.792 8.133 7.778 6.488 5.147 5.883 5.358 6.437 7.678 6.233 8.703 12.126 8.861 4.514 1.964 0.000 0.000 0.000 0.000 0.000 0.000 0.000
-999.250 -999.250 -999.250 -999.250 -999.250 -999.250 -999.250 -999.250 -999.250 -999.250 -999.250 -999.250 -999.250 -999.250 -999.250 -999.250 -999.250 -999.250 -999.250 -999.250 -999.250 -999.250 -999.250 -999.250 -999.250 -999.250 -999.250 -999.250 -999.250 -999.250 -999.250 0.623 2.819 0.831 1.111 3.814 5.331 7.143 7.624 8.447 8.272 9.300 10.268 9.398 9.303 7.239 7.153 9.118 6.819 8.038 6.805 4.870 4.323 4.664 5.148 5.546 7.001 6.560 6.806 7.464 6.832 4.277 1.327 0.000 0.150 0.000 0.000 0.000 0.000 0.000
-999.250 -999.250 -999.250 -999.250 -999.250 -999.250 -999.250 -999.250 -999.250 -999.250 -999.250 -999.250 -999.250 -999.250 -999.250 -999.250 -999.250 -999.250 -999.250 -999.250 -999.250 -999.250 -999.250 -999.250 -999.250 -999.250 -999.250 -999.250 -999.250 -999.250 0.451 0.488 2.996 3.484 5.803 4.150 4.688 6.969 8.477 10.676 9.378 11.387 11.459 10.214 10.119 7.567 6.080 8.532 6.580 6.465 5.492 5.069 4.660 3.959 3.669 3.778 5.198 6.374 5.013 6.003 3.663 4.254 1.545 0.000 0.000 0.000 0.000 0.000 0.000 0.000
-999.250 -999.250 -999.250 -999.250 -999.250 -999.250 -999.250 -999.250 -999.250 -999.250 -999.250 -999.250 -999.250 -999.250 -999.250 -999.250 -999.250 -999.250 -999.250 -999.250 -999.250 -999.250 -999.250 -999.250 -999.250 -999.250 -999.250 -999.250 -999.250 -999.250 -999.250 3.068 4.168 7.122 5.680 6.037 7.928 7.830 9.423 10.264 11.094 10.807 12.986 10.371 10.221 7.651 7.344 5.634 5.229 4.057 4.256 4.643 3.940 1.561 1.078 1.856 3.575 2.676 3.167 4.143 1.343 2.393 0.112 0.000 0.000 0.000 0.000 0.000 0.000 0.000
-999.250 -999.250 -999.250 -999.250 -999.250 -999.250 -999.250 -999.250 -999.250 -999.250 -999.250 -999.250 -999.250 -999.250 -999.250 -999.250 -999.250 -999.250 -999.250 -999.250 -999.250 -999.250 -999.250 -999.250 -999.250 -999.250 -999.250 -999.250 -999.250 -999.250 3.254 6.309 4.786 5.523 4.201 4.286 6.069 7.956 8.952 9.744 11.965 10.596 12.183 9.354 8.285 8.768 7.966 5.649 4.737 3.873 5.212 5.013 3.271 1.565 0.000 0.645 1.012 0.786 1.335 1.604 0.385 0.000 0.000 0.000 0.000 0.642 0.173 0.000 0.000 0.000
-999.250 -999.250 -999.250 -999.250 -999.250 -999.250 -999.250 -999.250 -999.250 -999.250 -999.250 -999.250 -999.250 -999.250 -999.250 -999.250 -999.250 -999.250 -999.250 -999.250 -999.250 -999.250 -999.250 -999.250 -999.250 -999.250 -999.250 -999.250 -999.250 -999.250 5.755 7.295 6.464 4.924 4.961 5.330 6.911 8.579 7.628 9.823 10.580 10.995 10.768 7.731 8.695 9.484 6.669 7.951 4.546 4.034 4.811 2.149 1.293 0.000 0.000 0.000 0.000 0.000 0.000 0.000 0.000 0.000 0.000 0.000 0.000 0.000 0.000 0.000 0.000 0.000
-999.250 -999.250 -999.250 -999.250 -999.250 -999.250 -999.250 -999.250 -999.250 -999.250 -999.250 -999.250 -999.250 -999.250 -999.250 -999.250 -999.250 -999.250 -999.250 -999.250 -999.250 -999.250 -999.250 -999.250 -999.250 -999.250 -999.250 -999.250 -999.250 -999.250 7.500 6.254 7.268 6.301 6.584 7.139 7.294 8.563 9.421 9.481 10.328 9.361 9.020 7.863 6.098 5.910 5.729 4.309 4.546 2.657 0.914 1.029 0.792 0.000 0.000 0.000 0.000 0.000 0.000 0.000 0.000 0.000 0.000 0.000 0.000 0.000 0.000 0.000 0.000 0.525
-999.250 -999.250 -999.250 -999.250 -999.250 -999.250 -999.250 -999.250 -999.250 -999.250 -999.250 -999.250 -999.250 -999.250 -999.250 -999.250 -999.250 -999.250 -999.250 -999.250 -999.250 -999.250 -999.250 -999.250 -999.250 -999.250 -999.250 -999.250 -999.250 -999.250 7.381 7.871 9.004 7.362 7.439 8.368 8.551 10.064 8.896 8.378 9.127 10.047 10.520 9.425 5.911 5.259 6.459 4.031 4.617 1.353 2.806 0.916 0.000 0.000 0.000 0.000 0.000 0.000 0.000 0.000 0.000 0.000 0.000 0.000 0.000 0.000 0.000 0.000 1.344 0.080
-999.250 -999.250 -999.250 -999.250 -999.250 -999.250 -999.250 -999.250 -999.250 -999.250 -999.250 -999.250 -999.250 -999.250 -999.250 -999.250 -999.250 -999.250 -999.250 -999.250 -999.250 -999.250 -999.250 -999.250 -999.250 -999.250 -999.250 -999.250 -999.250 -999.250 8.261 7.596 8.767 8.777 8.403 8.721 9.398 9.647 8.689 10.090 8.312 7.855 8.635 8.824 8.016 6.391 6.322 4.835 3.206 0.073 0.000 0.000 0.000 0.000 0.000 0.000 0.000 0.000 0.000 0.000 0.000 0.000 0.000 0.000 0.000 0.000 0.000 0.000 1.570 0.000
-999.250 -999.250 -999.250 -999.250 -999.250 -999.250 -999.250 -999.250 -999.250 -999.250 -999.250 -999.250 -999.250 -999.250 -999.250 -999.250 -999.250 -999.250 -999.250 -999.250 -999.250 -999.250 -999.250 -999.250 -999.250 -999.250 -999.250 -999.250 -999.250 -999.250 -999.250 8.813 8.949 9.329 8.678 7.840 8.105 8.882 9.454 10.436 11.485 10.565 9.669 9.095 7.319 7.265 3.342 2.419 0.863 0.000 0.000 0.000 0.000 0.000 0.000 0.000 0.000 0.000 0.000 0.000 0.000 0.000 0.000 0.000 0.000 0.000 0.000 0.000 0.000 0.000
-999.250 -999.250 -999.250 -999.250 -999.250 -999.250 -999.250 -999.250 -999.250 -999.250 -999.250 -999.250 -999.250 -999.250 -999.250 -999.250 -999.250 -999.250 -999.250 -999.250 -999.250 -999.250 -999.250 -999.250 -999.250 -999.250 -999.250 -999.250 -999.250 -999.250 -999.250 9.626 9.607 9.168 8.558 9.474 9.552 9.801 9.742 10.921 10.368 8.697 7.168 7.588 5.319 4.962 4.015 2.568 1.672 0.000 0.000 0.000 0.000 0.000 0.000 0.000 0.000 0.000 0.000 0.000 0.000 0.000 0.000 0.000 0.000 0.000 0.000 0.000 0.000 0.000
-999.250 -999.250 -999.250 -999.250 -999.250 -999.250 -999.250 -999.250 -999.250 -999.250 -999.250 -999.250 -999.250 -999.250 -999.250 -999.250 -999.250 -999.250 -999.250 -999.250 -999.250 -999.250 -999.250 -999.250 -999.250 -999.250 -999.250 -999.250 -999.250 -999.250 8.762 8.980 15.005 11.576 9.125 9.376 10.757 10.972 10.216 10.608 9.042 7.200 7.480 5.184 4.706 6.613 3.689 3.535 2.351 0.227 0.000 0.000 0.000 0.000 0.000 0.000 0.000 0.000 0.000 0.000 0.000 0.000 0.000 0.000 0.000 0.000 0.247 0.000 1.074 0.161
