data/medianmodel_19-Apr-2020.asc
ncols	141
nrows	288
xllcorner	-120191.398
yllcorner	-301404.813
cellsize	2000.000
NODATA_value	-999.250
[rows 210 to 239 of 288, columns 0 to 66 of 141]
-999.250 -999.250 -999.250 -999.250 -999.250 -999.250 -999.250 -999.250 -999.250 -999.250 -999.250 -999.250 -999.250 -999.250 -999.250 -999.250 -999.250 -999.250 -999.250 -999.250 -999.250 -999.250 -999.250 -999.250 -999.250 -999.250 -999.250 -999.250 -999.250 -999.250 -999.250 20.837 19.552 19.462 23.272 22.307 22.778 21.303 23.532 22.343 20.920 22.460 17.154 19.320 18.611 18.449 18.044 18.402 18.633 20.113 16.112 16.820 13.640 14.188 17.710 16.689 15.373 15.393 12.949 12.535 11.843 11.147 9.919 11.537 9.430 7.171 7.072
-999.250 -999.250 -999.250 -999.250 -999.250 -999.250 -999.250 -999.250 -999.250 -999.250 -999.250 -999.250 -999.250 -999.250 -999.250 -999.250 -999.250 -999.250 -999.250 -999.250 -999.250 -999.250 -999.250 -999.250 -999.250 -999.250 -999.250 -999.250 -999.250 -999.250 -999.250 20.514 21.149 19.376 21.836 24.123 21.966 23.030 23.496 23.530 22.034 22.376 23.455 21.863 20.008 20.364 19.057 17.412 17.352 18.950 18.690 16.598 15.934 16.621 16.668 14.768 16.519 16.395 13.288 13.245 11.991 12.684 8.044 8.008 5.472 0.000 5.887
-999.250 -999.250 -999.250 -999.250 -999.250 -999.250 -999.250 -999.250 -999.250 -999.250 -999.250 -999.250 -999.250 -999.250 -999.250 -999.250 -999.250 -999.250 -999.250 -999.250 -999.250 -999.250 -999.250 -999.250 -999.250 -999.250 -999.250 -999.250 -999.250 -999.250 -999.250 21.660 21.316 19.308 21.503 24.778 23.004 24.737 24.812 22.273 23.532 21.392 24.215 25.784 24.357 22.230 21.139 20.398 17.135 17.773 14.569 15.440 16.522 15.414 19.562 19.079 17.263 16.738 13.302 12.544 14.435 13.357 10.629 8.993 5.516 4.095 6.642
-999.250 -999.250 -999.250 -999.250 -999.250 -999.250 -999.250 -999.250 -999.250 -999.250 -999.250 -999.250 -999.250 -999.250 -999.250 -999.250 -999.250 -999.250 -999.250 -999.250 -999.250 -999.250 -999.250 -999.250 -999.250 -999.250 -999.250 -999.250 -999.250 -999.250 -999.250 19.778 22.233 22.595 21.312 21.173 26.081 23.954 22.604 26.552 25.063 25.743 25.835 24.870 23.508 22.852 24.085 19.750 19.557 18.638 16.107 16.119 16.151 18.063 18.770 20.412 18.166 15.320 13.282 13.042 14.980 11.729 11.415 7.442 9.695 9.063 5.111
-999.250 -999.250 -999.250 -999.250 -999.250 -999.250 -999.250 -999.250 -999.250 -999.250 -999.250 -999.250 -999.250 -999.250 -999.250 -999.250 -999.250 -999.250 -999.250 -999.250 -999.250 -999.250 -999.250 -999.250 -999.250 -999.250 -999.250 -999.250 -999.250 -999.250 -999.250 18.900 21.871 20.361 20.744 23.317 26.345 24.283 25.690 26.599 30.064 27.637 25.500 27.072 26.584 26.599 24.154 23.086 21.829 20.057 19.726 19.223 19.066 17.483 18.137 20.116 17.928 13.813 14.189 13.590 11.157 12.806 9.713 5.630 7.100 7.944 8.104
-999.250 -999.250 -999.250 -999.250 -999.250 -999.250 -999.250 -999.250 -999.250 -999.250 -999.250 -999.250 -999.250 -999.250 -999.250 -999.250 -999.250 -999.250 -999.250 -999.250 -999.250 -999.250 -999.250 -999.250 -999.250 -999.250 -999.250 -999.250 -999.250 -999.250 -999.250 20.184 21.044 21.101 20.243 21.844 22.768 21.289 22.475 26.620 24.237 23.619 27.702 28.051 24.581 25.302 22.957 24.072 20.533 20.647 21.592 17.791 17.663 19.098 19.613 17.535 16.644 14.701 14.605 12.511 11.998 12.352 10.009 6.718 3.900 7.082 8.487
-999.250 -999.250 -999.250 -999.250 -999.250 -999.250 -999.250 -999.250 -999.250 -999.250 -999.250 -999.250 -999.250 -999.250 -999.250 -999.250 -999.250 -999.250 -999.250 -999.250 -999.250 -999.250 -999.250 -999.250 -999.250 -999.250 -999.250 -999.250 -999.250 -999.250 -999.250 20.769 18.020 16.878 21.220 25.387 22.177 22.107 23.740 28.087 26.750 24.901 25.154 24.644 25.933 25.202 23.909 21.395 20.487 19.449 21.397 18.630 20.015 20.141 20.005 15.187 15.068 15.874 14.305 13.286 12.665 11.490 9.465 10.088 6.505 3.678 8.909
-999.250 -999.250 -999.250 -999.250 -999.250 -999.250 -999.250 -999.250 -999.250 -999.250 -999.250 -999.250 -999.250 -999.250 -999.250 -999.250 -999.250 -999.250 -999.250 -999.250 -999.250 -999.250 -999.250 -999.250 -999.250 -999.250 -999.250 -999.250 -999.250 -999.250 -999.250 17.186 19.426 20.215 25.407 23.084 25.475 21.985 24.963 28.560 25.239 22.118 24.331 26.279 24.720 25.945 23.908 21.475 17.637 19.545 18.907 17.417 15.626 17.052 16.931 15.377 15.767 16.707 14.608 10.970 11.785 10.479 12.506 7.480 5.527 0.000 8.051
-999.250 -999.250 -999.250 -999.250 -999.250 -999.250 -999.250 -999.250 -999.250 -999.250 -999.250 -999.250 -999.250 -999.250 -999.250 -999.250 -999.250 -999.250 -999.250 -999.250 -999.250 -999.250 -999.250 -999.250 -999.250 -999.250 -999.250 -999.250 -999.250 -999.250 -999.250 17.647 19.358 20.924 22.453 24.847 26.304 27.226 23.720 25.050 23.355 23.279 25.546 24.968 28.045 26.541 26.053 21.613 19.451 21.569 19.830 17.349 16.614 16.516 14.804 16.959 14.695 17.175 14.683 15.631 13.446 12.348 12.532 11.000 9.871 11.543 14.912
-999.250 -999.250 -999.250 -999.250 -999.250 -999.250 -999.250 -999.250 -999.250 -999.250 -999.250 -999.250 -999.250 -999.250 -999.250 -999.250 -999.250 -999.250 -999.250 -999.250 -999.250 -999.250 -999.250 -999.250 -999.250 -999.250 -999.250 -999.250 -999.250 -999.250 -999.250 19.043 21.250 21.417 19.859 25.286 26.065 26.097 24.767 24.215 22.942 20.493 22.689 25.167 25.174 25.104 25.646 23.215 20.068 20.070 19.246 16.576 16.015 18.887 17.235 16.648 15.385 16.097 15.031 14.903 16.668 15.607 14.649 14.514 13.860 17.295 18.748
-999.250 -999.250 -999.250 -999.250 -999.250 -999.250 -999.250 -999.250 -999.250 -999.250 -999.250 -999.250 -999.250 -999.250 -999.250 -999.250 -999.250 -999.250 -999.250 -999.250 -999.250 -999.250 -999.250 -999.250 -999.250 -999.250 -999.250 -999.250 -999.250 -999.250 -999.250 19.187 21.364 21.451 22.248 21.689 26.535 25.755 26.698 24.187 24.184 25.591 24.396 28.255 25.548 25.357 24.743 23.153 21.450 20.340 19.641 18.635 18.857 17.196 17.867 16.830 16.783 17.253 15.552 17.765 18.802 15.277 15.547 15.867 17.459 19.601 23.370
-999.250 -999.250 -999.250 -999.250 -999.250 -999.250 -999.250 -999.250 -999.250 -999.250 -999.250 -999.250 -999.250 -999.250 -999.250 -999.250 -999.250 -999.250 -999.250 -999.250 -999.250 -999.250 -999.250 -999.250 -999.250 -999.250 -999.250 -999.250 -999.250 -999.250 -999.250 20.010 21.801 20.042 21.739 21.055 22.781 25.228 26.054 25.877 28.982 26.063 27.221 26.511 26.493 26.633 25.983 23.268 19.537 19.473 18.443 20.384 18.563 20.148 19.998 18.619 16.833 17.155 15.943 15.201 16.536 14.945 17.425 20.018 23.021 22.514 25.760
-999.250 -999.250 -999.250 -999.250 -999.250 -999.250 -999.250 -999.250 -999.250 -999.250 -999.250 -999.250 -999.250 -999.250 -999.250 -999.250 -999.250 -999.250 -999.250 -999.250 -999.250 -999.250 -999.250 -999.250 -999.250 -999.250 -999.250 -999.250 -999.250 -999.250 -999.250 19.850 20.775 20.547 21.275 21.389 22.137 24.267 25.240 26.344 26.467 24.707 26.828 24.035 26.640 26.596 24.394 21.787 21.167 18.813 19.097 19.841 20.759 19.944 20.145 19.954 17.965 17.246 17.629 18.317 18.068 16.901 18.210 21.381 23.408 22.358 27.918
-999.250 -999.250 -999.250 -999.250 -999.250 -999.250 -999.250 -999.250 -999.250 -999.250 -999.250 -999.250 -999.250 -999.250 -999.250 -999.250 -999.250 -999.250 -999.250 -999.250 -999.250 -999.250 -999.250 -999.250 -999.250 -999.250 -999.250 -999.250 -999.250 -999.250 18.101 19.792 20.810 21.410 20.763 23.042 22.992 22.129 26.611 26.994 28.241 31.892 27.105 25.494 28.410 28.154 24.793 23.085 20.357 20.387 19.241 21.172 22.026 21.932 20.044 21.406 20.725 18.537 16.594 17.940 18.132 16.713 18.619 21.047 25.319 27.825 28.903
-999.250 -999.250 -999.250 -999.250 -999.250 -999.250 -999.250 -999.250 -999.250 -999.250 -999.250 -999.250 -999.250 -999.250 -999.250 -999.250 -999.250 -999.250 -999.250 -999.250 -999.250 -999.250 -999.250 -999.250 -999.250 -999.250 -999.250 -999.250 -999.250 -999.250 17.636 18.816 18.350 19.300 18.938 22.051 24.223 23.372 27.604 32.713 29.930 32.912 32.351 28.514 26.341 25.238 26.541 26.964 24.726 20.497 20.897 20.571 21.129 19.204 19.286 21.437 18.397 17.658 17.033 16.698 19.153 16.109 20.749 21.555 25.471 27.150 31.472
-999.250 -999.250 -999.250 -999.250 -999.250 -999.250 -999.250 -999.250 -999.250 -999.250 -999.250 -999.250 -999.250 -999.250 -999.250 -999.250 -999.250 -999.250 -999.250 -999.250 -999.250 -999.250 -999.250 -999.250 -999.250 -999.250 -999.250 -999.250 -999.250 -999.250 14.842 16.974 16.819 19.792 19.140 23.197 24.076 24.260 25.742 27.889 31.342 31.081 31.951 28.526 28.736 27.707 23.995 24.811 22.741 25.663 21.350 19.726 22.355 18.483 19.475 19.991 18.961 15.734 15.648 18.349 19.408 19.225 20.042 22.828 25.649 29.258 30.297
-999.250 -999.250 -999.250 -999.250 -999.250 -999.250 -999.250 -999.250 -999.250 -999.250 -999.250 -999.250 -999.250 -999.250 -999.250 -999.250 -999.250 -999.250 -999.250 -999.250 -999.250 -999.250 -999.250 -999.250 -999.250 -999.250 -999.250 -999.250 -999.250 -999.250 12.601 13.883 17.031 19.478 20.491 19.504 21.837 23.435 25.305 25.993 26.685 26.887 27.735 25.513 25.218 27.139 25.999 24.837 27.163 25.809 20.161 21.743 20.274 21.312 22.247 18.921 17.787 16.568 18.968 20.207 22.121 21.813 22.891 21.376 26.375 29.884 30.042
-999.250 -999.250 -999.250 -999.250 -999.250 -999.250 -999.250 -999.250 -999.250 -999.250 -999.250 -999.250 -999.250 -999.250 -999.250 -999.250 -999.250 -999.250 -999.250 -999.250 -999.250 -999.250 -999.250 -999.250 -999.250 -999.250 -999.250 -999.250 -999.250 11.659 12.533 15.950 17.399 19.430 18.917 18.571 22.194 24.906 25.547 27.436 27.748 26.177 24.427 27.942 28.137 25.211 25.115 26.064 24.891 22.967 22.607 21.112 20.145 23.488 22.791 21.937 17.478 12.747 18.510 19.794 22.891 22.515 22.785 25.464 28.894 28.022 27.814
-999.250 -999.250 -999.250 -999.250 -999.250 -999.250 -999.250 -999.250 -999.250 -999.250 -999.250 -999.250 -999.250 -999.250 -999.250 -999.250 -999.250 -999.250 -999.250 -999.250 -999.250 -999.250 -999.250 -999.250 -999.250 -999.250 -999.250 -999.250 -999.250 10.428 10.447 13.599 14.691 18.159 19.952 21.257 20.577 25.684 25.341 25.048 24.862 25.817 25.682 26.318 25.385 24.101 28.190 27.471 26.293 25.182 23.493 23.698 22.647 24.145 24.719 24.371 21.059 19.500 19.957 23.457 23.058 23.518 23.948 24.592 26.471 27.260 28.992
-999.250 -999.250 -999.250 -999.250 -999.250 -999.250 -999.250 -999.250 -999.250 -999.250 -999.250 -999.250 -999.250 -999.250 -999.250 -999.250 -999.250 -999.250 -999.250 -999.250 -999.250 -999.250 -999.250 -999.250 -999.250 -999.250 -999.250 -999.250 10.679 12.418 12.452 12.837 13.807 16.512 19.148 21.019 20.840 24.963 25.347 23.283 22.808 26.441 29.866 25.670 24.123 24.155 28.082 25.385 26.195 24.343 26.137 22.533 22.343 22.925 23.765 23.406 23.157 23.743 22.348 23.621 23.485 25.362 29.315 26.612 27.691 26.696 26.377
-999.250 -999.250 -999.250 -999.250 -999.250 -999.250 -999.250 -999.250 -999.250 -999.250 -999.250 -999.250 -999.250 -999.250 -999.250 -999.250 -999.250 -999.250 -999.250 -999.250 -999.250 -999.250 -999.250 -999.250 -999.250 -999.250 -999.250 -999.250 8.977 9.462 10.604 9.896 12.046 15.934 18.789 18.752 21.348 25.559 24.368 24.575 25.511 25.601 25.490 23.352 24.363 24.072 26.061 28.148 25.747 25.007 22.023 23.805 21.905 22.867 24.813 27.040 29.367 26.739 23.546 25.064 25.503 29.593 28.165 28.909 25.784 27.262 24.074
-999.250 -999.250 -999.250 -999.250 -999.250 -999.250 -999.250 -999.250 -999.250 -999.250 -999.250 -999.250 -999.250 -999.250 -999.250 -999.250 -999.250 -999.250 -999.250 -999.250 -999.250 -999.250 -999.250 -999.250 -999.250 -999.250 -999.250 8.771 8.675 9.487 8.385 9.467 12.275 14.272 16.651 18.317 20.869 21.931 21.931 23.750 25.313 21.520 23.938 24.324 21.451 25.228 25.322 26.977 28.774 29.452 26.738 25.051 24.054 24.752 24.824 26.394 27.561 27.692 30.330 26.738 29.132 29.268 27.339 25.693 25.260 29.003 25.596
-999.250 -999.250 -999.250 -999.250 -999.250 -999.250 -999.250 -999.250 -999.250 -999.250 -999.250 -999.250 -999.250 -999.250 -999.250 -999.250 -999.250 -999.250 -999.250 -999.250 -999.250 -999.250 -999.250 -999.250 -999.250 -999.250 -999.250 5.412 6.548 6.708 3.677 0.000 7.943 11.584 15.615 17.406 18.975 22.425 22.629 24.133 24.794 22.745 24.140 22.955 25.449 27.758 25.864 27.427 25.686 26.934 28.974 26.169 26.942 28.053 30.409 30.958 28.455 34.678 29.864 31.629 30.994 24.812 27.849 25.400 26.928 26.588 30.479
-999.250 -999.250 -999.250 -999.250 -999.250 -999.250 -999.250 -999.250 -999.250 -999.250 -999.250 -999.250 -999.250 -999.250 -999.250 -999.250 -999.250 -999.250 -999.250 -999.250 -999.250 -999.250 -999.250 -999.250 -999.250 -999.250 -999.250 -999.250 8.662 5.756 4.691 4.158 8.253 10.184 15.414 17.757 16.574 19.376 22.494 23.603 22.942 22.722 25.215 26.541 25.439 26.518 24.638 28.923 26.785 26.989 27.580 27.584 25.731 29.909 34.075 34.735 30.483 33.789 31.530 31.675 32.515 29.813 28.871 28.622 29.124 29.485 31.265
-999.250 -999.250 -999.250 -999.250 -999.250 -999.250 -999.250 -999.250 -999.250 -999.250 -999.250 -999.250 -999.250 -999.250 -999.250 -999.250 -999.250 -999.250 -999.250 -999.250 -999.250 -999.250 -999.250 -999.250 -999.250 -999.250 -999.250 -999.250 -999.250 -999.250 7.119 5.226 9.309 12.295 16.048 16.061 18.598 17.980 21.706 21.266 21.862 22.118 21.549 26.028 28.415 24.830 28.733 26.190 26.475 26.525 30.279 28.794 32.048 28.755 30.526 32.692 35.089 34.164 33.271 35.533 35.136 29.586 28.570 29.354 27.177 30.159 29.265
-999.250 -999.250 -999.250 -999.250 -999.250 -999.250 -999.250 -999.250 -999.250 -999.250 -999.250 -999.250 -999.250 -999.250 -999.250 -999.250 -999.250 -999.250 -999.250 -999.250 -999.250 -999.250 -999.250 -999.250 -999.250 -999.250 -999.250 -999.250 -999.250 -999.250 7.126 9.107 9.993 11.119 13.221 18.360 18.387 20.469 21.329 23.277 24.838 22.977 25.658 27.277 25.835 24.916 24.449 24.504 25.292 27.328 26.974 28.755 28.342 32.906 31.319 33.417 28.238 30.815 34.856 35.108 36.634 29.891 33.627 27.718 27.842 27.996 25.376
-999.250 -999.250 -999.250 -999.250 -999.250 -999.250 -999.250 -999.250 -999.250 -999.250 -999.250 -999.250 -999.250 -999.250 -999.250 -999.250 -999.250 -999.250 -999.250 -999.250 -999.250 -999.250 -999.250 -999.250 -999.250 -999.250 -999.250 -999.250 -999.250 -999.250 8.108 10.048 11.020 13.297 14.903 16.129 18.348 20.928 20.375 21.412 22.708 20.094 24.140 24.044 24.212 24.177 24.844 24.975 24.423 26.278 29.145 30.611 30.926 30.726 30.384 30.308 33.165 33.913 32.615 36.377 36.908 35.507 33.196 32.309 27.632 24.052 29.708
-999.250 -999.250 -999.250 -999.250 -999.250 -999.250 -999.250 -999.250 -999.250 -999.250 -999.250 -999.250 -999.250 -999.250 -999.250 -999.250 -999.250 -999.250 -999.250 -999.250 -999.250 -999.250 -999.250 -999.250 -999.250 -999.250 -999.250 -999.250 -999.250 -999.250 -999.250 11.661 13.374 14.943 14.617 16.790 18.820 20.612 20.313 22.416 19.894 21.266 22.684 22.694 26.489 20.046 25.694 23.387 23.434 23.453 30.046 27.163 29.158 31.137 26.868 27.277 32.384 34.806 33.438 36.171 34.749 31.310 32.850 32.003 29.335 27.484 25.277
-999.250 -999.250 -999.250 -999.250 -999.250 -999.250 -999.250 -999.250 -999.250 -999.250 -999.250 -999.250 -999.250 -999.250 -999.250 -999.250 -999.250 -999.250 -999.250 -999.250 -999.250 -999.250 -999.250 -999.250 -999.250 -999.250 -999.250 -999.250 -999.250 -999.250 12.693 13.050 14.200 14.675 14.504 17.294 19.591 18.869 20.438 20.396 20.276 20.733 24.103 21.514 22.915 21.835 21.972 22.959 23.290 25.638 26.245 25.966 27.328 27.255 25.508 26.718 27.963 30.374 29.822 32.191 30.214 32.255 31.642 28.154 25.566 28.218 28.309
-999.250 -999.250 -999.250 -999.250 -999.250 -999.250 -999.250 -999.250 -999.250 -999.250 -999.250 -999.250 -999.250 -999.250 -999.250 -999.250 -999.250 -999.250 -999.250 -999.250 -999.250 -999.250 -999.250 -999.250 -999.250 -999.250 -999.250 -999.250 -999.250 -999.250 -999.250 15.019 14.547 14.408 15.017 19.289 19.378 20.791 20.332 21.739 23.691 20.639 21.758 20.542 21.565 22.656 21.217 20.942 22.770 22.482 23.088 26.178 26.719 25.564 25.782 22.511 25.676 27.452 25.022 26.950 28.896 29.484 28.021 28.113 26.251 26.255 25.275
