data/medianmodel_06-Oct-2020.asc
ncols	141
nrows	288
xllcorner	-120191.398
yllcorner	-301404.813
cellsize	2000.000
NODATA_value	-999.250
[rows 60 to 89 of 288, columns 67 to 133 of 141]
67.507 67.047 61.924 53.954 45.550 40.008 33.881 32.096 28.666 23.275 17.457 10.579 4.461 1.523 0.000 0.000 0.000 5.537 8.673 10.665 13.915 23.734 29.762 34.697 39.018 42.737 39.974 33.244 32.581 30.288 27.146 28.754 32.533 35.192 47.289 54.204 65.112 81.384 101.434 123.833 132.026 145.271 162.756 176.334 199.170 208.336 230.074 253.975 242.168 -999.250 -999.250 -999.250 -999.250 -999.250 -999.250 -999.250 -999.250 -999.250 -999.250 -999.250 -999.250 -999.250 -999.250 -999.250 -999.250 -999.250 -999.250
56.340 58.634 53.816 49.672 49.480 45.124 43.993 39.839 35.327 28.493 22.239 13.775 6.262 3.257 1.459 0.650 3.562 7.285 13.469 15.567 19.828 30.448 35.970 40.277 50.011 54.052 50.828 41.068 35.567 36.171 31.864 31.646 32.788 39.632 53.204 61.899 70.026 86.504 94.921 109.732 134.126 140.535 152.489 178.837 190.774 200.187 202.581 212.312 -999.250 -999.250 -999.250 -999.250 -999.250 -999.250 -999.250 -999.250 -999.250 -999.250 -999.250 -999.250 -999.250 -999.250 -999.250 -999.250 -999.250 -999.250 -999.250
49.500 51.183 47.060 50.054 51.127 50.453 49.073 51.256 47.124 36.784 26.809 20.837 13.102 8.713 9.447 4.873 7.966 12.721 16.822 25.062 30.790 37.902 45.186 55.765 60.462 57.676 55.862 48.519 39.700 35.625 34.270 37.503 39.439 43.851 49.223 57.922 71.792 75.455 84.421 93.899 114.830 141.224 163.227 -999.250 -999.250 -999.250 -999.250 -999.250 -999.250 -999.250 -999.250 -999.250 -999.250 -999.250 -999.250 -999.250 -999.250 -999.250 -999.250 -999.250 -999.250 -999.250 -999.250 -999.250 -999.250 -999.250 -999.250
41.882 44.174 43.566 42.056 50.020 50.881 55.779 55.306 51.055 43.375 35.289 30.008 23.781 18.788 13.294 10.271 14.651 22.980 27.632 32.580 38.042 47.185 56.660 64.129 77.190 69.654 66.009 56.579 50.888 41.889 41.224 40.663 40.591 46.687 49.409 57.686 67.824 77.161 83.457 94.333 110.069 129.304 158.355 170.011 -999.250 -999.250 -999.250 -999.250 -999.250 -999.250 -999.250 -999.250 -999.250 -999.250 -999.250 -999.250 -999.250 -999.250 -999.250 -999.250 -999.250 -999.250 -999.250 -999.250 -999.250 -999.250 -999.250
31.840 36.429 41.671 42.251 46.933 54.094 57.871 59.793 56.174 52.956 48.062 40.430 33.989 25.416 20.425 21.577 25.663 27.867 34.823 38.954 47.519 60.193 63.134 69.812 76.471 71.792 65.445 60.666 54.881 46.478 43.602 42.068 45.517 47.609 57.327 58.191 72.719 88.292 90.700 92.595 105.129 119.655 139.732 165.049 176.090 -999.250 -999.250 -999.250 -999.250 -999.250 -999.250 -999.250 -999.250 -999.250 -999.250 -999.250 -999.250 -999.250 -999.250 -999.250 -999.250 -999.250 -999.250 -999.250 -999.250 -999.250 -999.250
27.191 28.243 32.494 38.735 52.110 56.330 62.791 66.099 66.798 60.757 60.581 50.316 44.448 40.957 34.030 39.998 35.012 37.112 44.226 45.632 53.848 59.709 64.473 67.689 72.890 72.278 62.846 56.881 50.401 43.724 42.945 47.614 46.759 50.479 57.936 66.053 75.266 81.527 91.635 101.115 114.964 134.702 135.355 148.986 168.638 -999.250 -999.250 -999.250 -999.250 -999.250 -999.250 -999.250 -999.250 -999.250 -999.250 -999.250 -999.250 -999.250 -999.250 -999.250 -999.250 -999.250 -999.250 -999.250 -999.250 -999.250 -999.250
13.919 18.044 24.670 38.064 54.778 63.623 72.641 75.881 85.265 80.101 76.275 65.169 57.154 54.376 51.570 47.228 46.612 46.122 49.270 53.827 57.547 63.073 61.216 65.537 66.649 70.984 65.954 55.690 54.869 47.605 46.816 50.908 55.047 55.271 62.450 68.747 77.147 90.721 98.624 102.970 110.594 114.362 127.574 144.862 155.172 153.048 -999.250 -999.250 -999.250 -999.250 -999.250 -999.250 -999.250 -999.250 -999.250 -999.250 -999.250 -999.250 -999.250 -999.250 -999.250 -999.250 -999.250 -999.250 -999.250 -999.250 -999.250
12.914 9.955 19.591 31.721 53.310 74.672 80.543 83.744 88.672 94.931 95.628 83.614 74.067 70.484 67.953 63.448 58.609 59.237 56.892 58.931 62.476 60.400 59.265 64.571 67.642 64.741 65.378 64.662 54.691 52.687 50.573 50.078 59.154 61.288 66.273 72.427 75.439 85.677 89.042 92.646 101.454 117.756 125.358 133.543 143.993 136.318 133.786 -999.250 -999.250 -999.250 -999.250 -999.250 -999.250 -999.250 -999.250 -999.250 -999.250 -999.250 -999.250 -999.250 -999.250 -999.250 -999.250 -999.250 -999.250 -999.250 -999.250
10.158 8.055 7.234 33.572 52.864 73.290 94.213 102.130 114.968 115.355 107.674 102.215 93.272 82.608 77.942 73.207 70.268 73.593 68.045 64.920 68.159 63.305 64.319 67.215 68.081 68.475 65.382 63.238 54.129 55.018 52.170 54.757 59.874 66.429 65.303 72.040 76.473 79.434 88.393 93.662 100.284 106.905 124.011 105.998 134.129 121.213 118.473 -999.250 -999.250 -999.250 -999.250 -999.250 -999.250 -999.250 -999.250 -999.250 -999.250 -999.250 -999.250 -999.250 -999.250 -999.250 -999.250 -999.250 -999.250 -999.250 -999.250
8.523 8.730 18.275 35.215 58.702 79.311 101.637 127.262 136.205 134.527 124.675 120.899 101.348 94.097 92.697 87.537 82.477 79.731 80.128 77.375 69.763 73.354 70.149 69.060 72.955 73.375 67.231 69.572 60.394 54.003 55.651 55.083 60.612 63.232 67.366 76.757 81.669 82.957 89.916 90.093 102.231 103.861 110.760 104.929 114.104 110.059 101.434 -999.250 -999.250 -999.250 -999.250 -999.250 -999.250 -999.250 -999.250 -999.250 -999.250 -999.250 -999.250 -999.250 -999.250 -999.250 -999.250 -999.250 -999.250 -999.250 -999.250
14.120 16.724 26.975 41.920 65.508 77.447 96.214 131.341 153.809 147.505 143.085 133.071 118.334 113.350 115.868 110.088 105.465 95.338 93.353 83.419 74.129 77.050 75.404 76.964 73.071 71.358 70.140 67.225 66.803 61.493 56.359 60.319 60.118 66.628 61.022 80.478 83.187 95.326 85.922 93.703 98.198 104.206 96.917 104.859 96.625 91.789 89.265 86.809 86.081 -999.250 -999.250 -999.250 -999.250 -999.250 -999.250 -999.250 -999.250 -999.250 -999.250 -999.250 -999.250 -999.250 -999.250 -999.250 -999.250 -999.250 -999.250
21.576 23.229 31.190 47.793 63.258 86.192 97.731 120.141 153.119 170.685 153.336 139.937 123.316 122.585 120.238 127.586 128.840 124.776 109.710 115.453 92.460 91.579 87.523 81.140 76.932 75.881 69.053 71.064 63.308 61.000 64.989 62.803 67.634 75.439 79.162 83.385 93.475 97.638 94.949 89.476 93.992 96.695 100.802 104.179 98.829 83.586 85.639 85.991 85.627 -999.250 -999.250 -999.250 -999.250 -999.250 -999.250 -999.250 -999.250 -999.250 -999.250 -999.250 -999.250 -999.250 -999.250 -999.250 -999.250 -999.250 -999.250
23.068 27.123 35.676 49.974 61.032 87.078 98.408 120.710 147.803 158.819 142.440 133.075 128.408 121.590 137.238 140.830 132.174 150.992 138.641 125.453 114.805 106.312 99.451 88.239 83.498 79.241 75.224 72.849 68.039 68.216 68.287 68.681 76.347 81.217 79.942 84.456 87.771 100.325 109.797 106.350 99.136 94.165 98.751 104.270 102.603 88.350 87.367 89.536 -999.250 -999.250 -999.250 -999.250 -999.250 -999.250 -999.250 -999.250 -999.250 -999.250 -999.250 -999.250 -999.250 -999.250 -999.250 -999.250 -999.250 -999.250 -999.250
22.907 29.163 37.245 45.826 57.365 76.295 89.758 111.818 125.104 137.077 126.906 116.881 123.894 119.787 130.895 147.680 143.263 155.800 158.950 147.864 136.058 122.259 108.759 95.570 87.058 84.499 69.883 63.371 70.509 69.546 77.505 77.305 84.344 86.405 94.656 92.793 111.950 104.027 109.568 110.914 112.593 115.685 95.989 97.113 97.108 92.715 81.540 87.139 -999.250 -999.250 -999.250 -999.250 -999.250 -999.250 -999.250 -999.250 -999.250 -999.250 -999.250 -999.250 -999.250 -999.250 -999.250 -999.250 -999.250 -999.250 -999.250
25.182 35.567 36.911 44.577 51.393 64.545 78.722 85.108 96.468 97.256 97.277 89.886 105.531 115.939 140.509 145.009 144.074 170.360 165.079 164.584 151.363 139.434 129.860 113.679 89.752 87.185 79.138 72.824 75.895 79.905 75.042 79.839 83.380 95.776 105.518 118.500 124.961 129.351 131.463 123.001 111.788 124.668 99.499 97.636 99.953 88.622 88.153 72.919 -999.250 -999.250 -999.250 -999.250 -999.250 -999.250 -999.250 -999.250 -999.250 -999.250 -999.250 -999.250 -999.250 -999.250 -999.250 -999.250 -999.250 -999.250 -999.250
29.118 32.180 38.713 38.834 48.319 57.108 65.978 66.801 70.246 74.134 68.907 76.308 85.829 99.024 118.773 137.493 149.882 175.415 189.666 177.479 167.437 142.774 131.476 113.092 89.589 90.141 83.043 82.328 78.077 86.473 84.991 89.055 93.821 95.142 113.659 133.423 135.328 140.994 138.404 131.911 132.648 119.479 100.200 90.674 89.660 80.619 80.010 73.486 -999.250 -999.250 -999.250 -999.250 -999.250 -999.250 -999.250 -999.250 -999.250 -999.250 -999.250 -999.250 -999.250 -999.250 -999.250 -999.250 -999.250 -999.250 -999.250
31.031 38.263 37.702 49.828 40.787 46.825 50.020 51.806 48.784 45.301 48.103 51.965 71.218 88.023 109.909 132.087 156.032 182.663 214.961 182.393 171.393 145.307 123.577 98.044 89.134 88.288 79.826 78.008 83.799 81.650 89.219 96.026 98.811 100.326 106.367 125.689 135.245 139.711 129.958 138.739 135.393 126.673 101.723 86.404 82.163 81.181 68.291 68.953 -999.250 -999.250 -999.250 -999.250 -999.250 -999.250 -999.250 -999.250 -999.250 -999.250 -999.250 -999.250 -999.250 -999.250 -999.250 -999.250 -999.250 -999.250 -999.250
38.099 35.817 39.894 44.261 39.818 42.774 44.170 36.588 32.276 26.826 17.271 33.498 51.032 68.980 91.086 110.261 137.818 163.955 182.728 167.569 158.156 126.776 122.700 102.876 83.124 86.067 80.761 79.679 80.228 81.702 91.036 94.936 94.067 105.745 107.293 129.029 134.511 138.554 128.027 122.896 114.773 106.933 94.526 81.189 81.373 80.306 71.776 63.554 -999.250 -999.250 -999.250 -999.250 -999.250 -999.250 -999.250 -999.250 -999.250 -999.250 -999.250 -999.250 -999.250 -999.250 -999.250 -999.250 -999.250 -999.250 -999.250
36.651 37.193 40.614 39.008 44.541 40.733 33.611 35.737 26.161 20.672 16.990 23.431 38.597 50.845 69.092 84.029 115.316 133.644 141.577 142.163 133.060 102.253 99.073 92.826 79.036 72.169 76.942 73.872 85.415 85.725 94.413 91.258 97.427 97.581 111.837 131.068 135.079 132.648 123.352 115.517 107.432 89.001 96.350 86.029 78.882 78.303 73.705 66.613 -999.250 -999.250 -999.250 -999.250 -999.250 -999.250 -999.250 -999.250 -999.250 -999.250 -999.250 -999.250 -999.250 -999.250 -999.250 -999.250 -999.250 -999.250 -999.250
39.079 40.537 39.425 40.758 41.508 36.197 38.172 33.615 28.450 21.518 13.576 18.441 26.756 40.238 59.264 68.575 88.841 100.278 99.996 103.421 107.735 85.452 79.258 79.409 70.510 69.104 69.245 72.565 78.170 88.830 92.659 85.513 93.062 95.391 111.280 125.223 133.611 126.616 123.341 111.568 99.092 97.346 91.808 82.727 79.257 76.813 65.018 65.165 -999.250 -999.250 -999.250 -999.250 -999.250 -999.250 -999.250 -999.250 -999.250 -999.250 -999.250 -999.250 -999.250 -999.250 -999.250 -999.250 -999.250 -999.250 -999.250
39.538 46.440 42.752 41.537 42.399 38.315 35.493 34.407 28.896 19.355 15.999 17.371 21.590 31.949 45.294 60.092 71.653 73.386 79.779 74.604 78.564 68.132 66.709 58.633 61.890 62.321 64.425 70.080 72.885 84.473 89.300 85.841 89.662 98.703 102.574 133.319 127.997 131.552 107.984 110.002 103.999 105.883 90.058 79.056 77.185 77.608 67.435 66.167 63.882 -999.250 -999.250 -999.250 -999.250 -999.250 -999.250 -999.250 -999.250 -999.250 -999.250 -999.250 -999.250 -999.250 -999.250 -999.250 -999.250 -999.250 -999.250
43.130 50.072 50.611 46.948 47.177 44.154 41.378 36.064 30.821 20.668 16.571 14.055 18.472 24.923 32.760 40.953 47.664 48.520 49.971 56.007 54.614 48.502 48.796 49.719 50.659 58.603 63.672 57.274 66.460 74.467 82.913 88.493 87.516 97.954 110.973 118.460 114.805 125.235 125.479 114.012 107.170 96.930 91.974 85.686 73.241 77.276 72.573 65.019 71.227 -999.250 -999.250 -999.250 -999.250 -999.250 -999.250 -999.250 -999.250 -999.250 -999.250 -999.250 -999.250 -999.250 -999.250 -999.250 -999.250 -999.250 -999.250
48.389 53.537 61.697 55.533 46.748 40.855 43.230 34.500 28.003 25.069 20.474 15.073 17.024 17.713 21.598 27.759 29.428 30.202 32.252 30.036 32.354 30.198 30.788 32.415 43.427 49.999 51.443 59.752 68.171 73.454 76.331 82.600 91.741 92.398 95.630 107.502 101.148 122.776 104.364 100.533 101.210 91.838 93.492 82.541 85.857 83.451 79.771 75.305 75.274 -999.250 -999.250 -999.250 -999.250 -999.250 -999.250 -999.250 -999.250 -999.250 -999.250 -999.250 -999.250 -999.250 -999.250 -999.250 -999.250 -999.250 -999.250
47.797 54.427 54.449 53.365 51.866 44.743 43.613 38.082 36.772 30.772 24.101 16.102 16.072 16.618 11.982 13.204 15.723 10.856 14.130 16.363 15.837 19.968 22.470 24.796 32.908 42.415 50.359 56.053 62.227 73.021 76.786 70.887 80.696 84.585 91.081 92.876 101.925 99.745 103.971 104.911 106.406 86.254 85.986 81.080 86.803 88.894 85.580 81.042 75.997 -999.250 -999.250 -999.250 -999.250 -999.250 -999.250 -999.250 -999.250 -999.250 -999.250 -999.250 -999.250 -999.250 -999.250 -999.250 -999.250 -999.250 -999.250
46.273 45.971 53.707 47.564 50.080 47.902 42.326 44.119 43.004 37.714 31.783 19.884 18.277 14.640 13.592 8.543 5.758 0.000 2.502 4.944 7.570 8.635 10.849 14.434 23.893 32.771 43.682 54.205 60.703 68.226 71.901 74.300 77.903 81.752 83.894 86.406 94.984 98.398 97.852 98.118 99.968 86.163 84.697 88.180 80.787 84.500 85.628 85.763 -999.250 -999.250 -999.250 -999.250 -999.250 -999.250 -999.250 -999.250 -999.250 -999.250 -999.250 -999.250 -999.250 -999.250 -999.250 -999.250 -999.250 -999.250 -999.250
47.703 50.321 50.803 57.066 51.725 48.452 43.704 49.512 48.151 48.622 34.168 25.047 17.604 12.505 9.295 5.035 0.000 0.000 0.000 0.000 0.000 2.059 6.752 10.578 18.899 27.266 36.065 48.101 56.246 62.659 74.252 83.584 84.492 79.704 83.928 95.306 95.765 98.724 92.951 95.319 87.930 81.196 85.309 78.674 83.079 81.806 83.117 76.204 -999.250 -999.250 -999.250 -999.250 -999.250 -999.250 -999.250 -999.250 -999.250 -999.250 -999.250 -999.250 -999.250 -999.250 -999.250 -999.250 -999.250 -999.250 -999.250
47.918 48.078 50.849 52.019 55.010 47.884 45.145 46.992 46.428 47.336 34.612 26.601 20.035 13.207 7.656 2.728 0.000 0.000 0.000 0.000 0.000 2.207 5.561 10.570 18.324 25.080 36.886 49.145 55.964 66.745 73.019 77.965 79.077 77.846 81.610 93.939 90.375 92.193 91.489 94.909 83.963 78.821 83.647 81.650 78.355 77.605 76.710 -999.250 -999.250 -999.250 -999.250 -999.250 -999.250 -999.250 -999.250 -999.250 -999.250 -999.250 -999.250 -999.250 -999.250 -999.250 -999.250 -999.250 -999.250 -999.250 -999.250
44.609 50.554 47.180 51.036 54.536 52.002 46.517 43.793 44.841 36.239 31.337 28.873 18.542 12.375 8.194 2.799 0.000 0.000 0.000 0.000 0.000 4.632 6.104 13.867 18.944 26.632 35.996 47.712 54.580 65.792 79.694 82.788 81.485 87.306 92.325 101.278 98.254 91.286 85.522 84.575 80.853 72.662 71.444 74.799 72.491 78.473 75.113 -999.250 -999.250 -999.250 -999.250 -999.250 -999.250 -999.250 -999.250 -999.250 -999.250 -999.250 -999.250 -999.250 -999.250 -999.250 -999.250 -999.250 -999.250 -999.250 -999.250
42.077 44.593 49.478 48.961 52.054 50.918 50.870 51.719 40.061 31.838 32.130 27.958 20.601 14.842 7.717 6.002 3.222 0.000 0.000 0.138 1.801 3.172 8.210 15.290 20.884 29.228 31.781 39.322 55.378 69.261 84.683 88.946 88.786 90.122 87.805 89.215 91.420 87.988 79.952 78.934 79.141 67.894 69.595 69.639 67.115 72.037 72.081 68.197 63.113 -999.250 -999.250 -999.250 -999.250 -999.250 -999.250 -999.250 -999.250 -999.250 -999.250 -999.250 -999.250 -999.250 -999.250 -999.250 -999.250 -999.250 -999.250
36.096 38.172 39.669 45.548 53.954 52.398 56.343 45.550 39.881 33.132 28.395 23.688 19.732 16.526 11.421 6.947 3.877 2.908 2.574 6.041 5.541 7.268 10.399 14.021 23.156 28.464 35.515 43.477 58.506 65.966 77.498 83.046 90.604 91.371 90.903 85.063 80.513 83.568 81.761 73.565 72.982 70.651 73.584 72.714 71.223 73.835 67.404 65.152 63.153 -999.250 -999.250 -999.250 -999.250 -999.250 -999.250 -999.250 -999.250 -999.250 -999.250 -999.250 -999.250 -999.250 -999.250 -999.250 -999.250 -999.250 -999.250
