data/medianmodel_01-Apr-2020.asc
ncols	141
nrows	288
xllcorner	-120191.398
yllcorner	-301404.813
cellsize	2000.000
NODATA_value	-999.250
[rows 180 to 209 of 288, columns 0 to 67 of 141]
-999.250 -999.250 -999.250 45.594 47.215 53.174 50.859 45.068 42.443 38.291 34.605 32.577 36.637 31.663 33.690 31.944 24.925 27.560 27.947 30.313 31.965 37.044 36.819 43.098 42.744 45.257 54.463 44.370 48.306 46.243 49.061 49.750 48.098 36.819 53.325 47.045 46.255 46.523 47.994 46.553 47.256 38.071 33.355 40.431 38.230 37.377 36.283 32.938 31.433 29.888 26.715 26.572 24.532 26.358 20.756 15.744 14.206 14.392 13.176 11.297 12.202 12.250 13.183 11.827 9.539 8.162 11.704 10.943
-999.250 -999.250 -999.250 45.692 45.836 49.949 51.900 52.529 53.030 50.271 41.556 41.098 41.744 45.552 39.020 36.190 35.733 35.654 36.155 35.115 44.294 37.979 40.413 40.069 45.346 45.710 50.986 51.147 58.110 56.408 62.512 59.823 56.740 55.295 51.847 57.980 52.146 41.837 43.356 48.393 45.128 44.167 39.737 39.958 36.710 38.584 39.425 30.641 29.564 30.326 26.508 25.708 25.793 22.513 16.911 17.907 13.825 12.660 13.054 13.272 12.883 11.847 12.146 10.261 9.822 10.107 8.494 7.719
-999.250 -999.250 40.046 40.630 46.174 48.062 52.106 48.620 56.550 59.314 47.185 46.086 46.008 48.940 41.686 41.009 43.880 38.677 35.961 40.166 36.629 42.797 40.646 49.139 42.953 51.453 52.492 58.924 70.118 67.697 58.453 67.149 61.675 60.733 57.120 55.966 54.942 46.713 40.565 38.196 45.874 42.995 40.248 40.089 40.626 45.082 31.907 31.685 27.694 26.734 27.899 25.699 22.718 23.116 22.016 15.917 15.368 15.755 13.961 13.294 11.146 10.580 9.743 9.984 10.201 11.042 9.875 8.954
-999.250 -999.250 44.782 45.367 50.893 55.623 52.647 54.501 54.485 60.571 56.494 52.302 50.598 51.865 45.002 48.675 44.915 44.660 49.435 40.879 -999.250 38.181 41.570 48.185 49.323 60.897 59.367 70.566 75.706 81.694 78.911 69.575 75.369 68.689 55.945 55.710 52.111 51.800 47.108 36.906 39.345 36.323 38.214 36.587 37.889 33.499 28.764 29.892 29.275 26.655 26.869 28.702 22.417 21.101 19.793 17.813 15.584 14.779 15.028 12.526 7.334 9.889 11.054 9.559 8.730 11.073 10.485 10.195
-999.250 38.894 47.742 50.068 52.437 51.154 55.323 55.441 61.541 60.660 53.187 51.363 52.831 51.517 53.867 55.952 58.029 53.578 49.283 -999.250 -999.250 48.098 41.534 51.916 57.599 61.992 61.239 67.882 71.145 82.722 85.035 82.326 75.360 62.001 54.527 55.880 50.139 53.570 46.841 41.907 33.275 36.244 33.851 35.872 29.777 30.308 28.849 27.592 29.333 29.693 20.498 20.880 28.044 19.995 21.956 17.342 16.422 15.034 13.650 14.420 12.022 11.460 9.325 10.217 8.916 10.513 8.119 11.029
-999.250 48.023 50.201 51.935 51.320 55.737 55.999 49.841 56.505 61.033 56.177 52.842 53.547 56.133 60.578 60.223 66.194 54.685 -999.250 -999.250 -999.250 -999.250 46.050 47.363 56.577 50.856 57.438 62.348 67.939 72.885 72.487 74.413 68.039 58.767 55.471 47.137 51.359 52.979 41.024 37.038 38.114 35.246 37.423 30.098 21.073 22.402 27.821 25.515 29.837 28.973 23.709 24.793 21.502 19.265 18.020 15.207 17.280 14.691 14.137 13.843 13.027 10.884 12.187 8.024 7.369 5.928 8.048 11.136
45.146 50.405 52.519 54.835 59.077 51.009 52.358 51.913 57.641 67.194 55.124 53.488 53.982 58.609 67.241 75.926 80.971 65.103 -999.250 -999.250 -999.250 -999.250 -999.250 52.124 49.960 57.410 58.012 59.218 58.435 66.651 59.594 66.519 55.728 62.717 55.674 47.500 47.163 48.806 38.787 31.325 24.923 29.184 32.538 25.941 21.512 20.647 22.479 23.954 24.827 20.750 25.492 18.402 23.397 16.575 19.638 16.743 18.585 15.844 13.496 15.156 15.326 14.456 11.921 8.983 5.222 3.236 2.990 11.483
-999.250 51.490 54.763 56.505 54.838 54.483 56.178 54.268 57.264 59.364 56.753 55.110 49.971 58.024 79.759 93.187 99.790 94.857 -999.250 -999.250 -999.250 -999.250 42.575 46.335 47.508 52.815 49.819 52.105 53.360 57.728 58.281 59.336 50.648 42.831 47.325 39.533 36.849 41.679 39.596 32.190 26.471 27.524 26.501 22.334 18.801 20.136 20.085 18.176 15.056 19.993 20.828 19.558 19.103 15.778 18.430 15.599 14.316 16.195 16.716 14.054 15.617 14.158 10.570 7.472 3.236 0.000 4.917 10.404
-999.250 50.420 53.637 60.374 61.947 61.763 60.992 52.078 52.701 52.086 57.333 52.552 57.701 58.955 97.018 111.871 105.701 81.332 -999.250 -999.250 -999.250 44.212 -999.250 44.398 37.601 41.886 40.586 55.722 48.770 50.425 54.003 50.388 48.991 45.764 43.751 35.619 36.516 32.902 31.078 25.836 20.425 19.215 21.081 18.472 14.625 19.571 17.766 19.176 17.331 18.983 21.814 19.111 18.006 15.029 17.784 15.440 15.203 15.229 16.440 13.990 12.672 15.368 13.078 9.676 8.080 9.753 9.212 13.106
-999.250 59.397 58.919 62.957 61.197 56.787 54.541 54.662 55.939 54.524 54.743 56.032 57.285 64.403 81.042 105.421 87.090 -999.250 -999.250 -999.250 -999.250 42.188 38.706 37.287 32.813 41.719 41.175 47.223 40.149 42.261 43.859 48.591 45.145 41.872 44.749 28.338 27.703 28.398 28.684 21.827 29.974 19.920 21.574 19.787 16.941 15.979 15.810 17.327 17.563 19.144 20.413 21.212 17.958 16.933 18.640 16.248 16.027 16.202 13.532 15.822 15.716 17.296 13.406 13.991 13.409 15.006 13.868 15.245
-999.250 51.978 60.596 66.477 61.667 58.996 53.542 54.108 49.606 47.414 50.085 60.877 58.298 59.674 71.956 78.884 94.168 -999.250 -999.250 -999.250 55.359 46.556 31.242 30.596 33.886 34.462 33.925 39.454 40.431 37.090 38.567 48.252 39.195 39.494 34.932 31.974 29.837 30.039 22.753 23.102 18.495 17.950 19.359 17.509 15.377 16.629 16.248 15.103 16.474 18.469 17.687 19.330 14.784 17.881 17.904 14.988 16.166 15.767 13.396 14.147 18.159 18.838 13.767 13.176 15.276 17.946 17.294 15.175
-999.250 -999.250 -999.250 48.231 -999.250 -999.250 51.299 44.417 47.089 -999.250 -999.250 -999.250 51.547 56.309 -999.250 -999.250 -999.250 -999.250 -999.250 -999.250 58.318 46.326 33.584 30.130 32.178 26.053 25.420 31.713 33.708 35.655 34.473 33.642 35.467 33.444 29.303 29.864 28.601 25.623 24.081 20.940 21.870 16.422 18.921 16.343 13.898 12.579 13.958 14.679 17.060 18.385 17.303 14.978 15.691 13.725 14.514 15.548 18.508 14.206 17.357 16.106 17.365 16.005 14.215 14.509 16.311 18.377 20.329 22.934
-999.250 -999.250 -999.250 -999.250 -999.250 -999.250 -999.250 -999.250 -999.250 -999.250 -999.250 -999.250 -999.250 50.553 55.090 56.792 -999.250 -999.250 -999.250 64.214 53.850 42.875 34.502 30.821 23.793 21.613 28.054 29.059 30.218 29.284 29.153 29.807 30.315 26.445 30.172 25.414 27.017 23.324 21.069 21.996 23.363 18.615 18.931 17.329 12.741 8.885 15.612 17.290 19.070 16.785 15.268 16.414 16.046 15.818 17.553 16.014 14.914 15.919 20.029 17.183 16.588 18.297 18.975 18.867 19.338 23.882 21.156 19.236
-999.250 -999.250 -999.250 -999.250 -999.250 -999.250 -999.250 -999.250 -999.250 -999.250 -999.250 46.808 45.366 49.762 51.962 47.326 -999.250 -999.250 58.076 70.528 53.631 41.103 33.857 25.866 23.715 20.985 21.073 23.068 26.441 22.597 26.308 27.585 26.976 28.312 30.695 17.469 25.382 19.048 21.940 18.834 17.370 17.745 15.786 16.230 12.335 12.963 15.719 16.248 16.602 17.945 17.799 18.091 18.686 16.347 14.063 14.508 12.782 16.977 17.468 17.791 16.509 21.012 15.866 19.211 23.460 26.098 24.148 22.698
-999.250 -999.250 -999.250 -999.250 -999.250 -999.250 -999.250 -999.250 -999.250 -999.250 -999.250 39.420 39.630 40.366 42.606 38.403 40.447 45.035 52.349 55.326 50.425 40.368 34.468 28.744 23.841 22.162 20.227 21.003 22.236 23.612 24.356 29.277 28.189 25.546 20.302 22.857 18.989 21.247 20.881 21.059 18.262 19.717 15.308 14.262 14.252 14.813 15.356 17.411 16.877 19.801 16.368 15.691 16.116 14.988 14.184 15.309 16.001 17.994 19.991 20.555 21.140 20.687 23.140 20.036 26.621 27.510 23.415 25.385
-999.250 -999.250 -999.250 -999.250 -999.250 -999.250 -999.250 -999.250 -999.250 -999.250 -999.250 -999.250 33.437 34.457 33.242 28.621 30.402 36.683 40.729 43.838 47.244 37.915 34.508 27.028 23.244 22.072 21.252 23.154 19.864 27.562 21.604 22.284 24.418 22.168 20.342 21.892 18.997 19.918 20.006 17.228 16.838 16.205 16.807 16.277 13.872 12.468 17.871 15.807 15.624 19.936 18.662 15.869 16.272 16.386 14.769 16.009 19.190 18.600 23.503 23.430 21.546 20.700 20.445 23.501 24.762 25.455 24.652 24.918
-999.250 -999.250 -999.250 -999.250 -999.250 -999.250 -999.250 -999.250 -999.250 -999.250 -999.250 -999.250 -999.250 31.612 31.937 25.723 24.015 25.326 30.946 34.123 36.353 32.751 28.768 27.646 23.570 21.347 22.045 22.704 19.568 21.517 22.469 21.146 25.976 26.143 21.354 20.561 17.866 16.548 17.285 17.015 16.252 15.073 14.722 16.780 13.701 14.761 16.276 14.564 17.027 16.604 15.504 17.469 18.042 17.627 17.692 16.513 19.574 18.799 21.806 23.626 21.580 19.707 22.280 23.096 23.942 20.711 24.697 29.132
-999.250 -999.250 -999.250 -999.250 -999.250 -999.250 -999.250 -999.250 -999.250 -999.250 -999.250 -999.250 -999.250 25.218 24.615 18.965 20.105 22.885 23.445 28.526 32.295 29.647 33.245 27.226 21.124 27.604 22.047 19.457 19.460 19.606 20.734 24.313 27.884 20.698 23.427 20.047 15.975 18.580 17.505 17.443 15.564 17.623 17.141 15.447 17.393 15.097 15.549 21.555 18.403 16.127 18.056 16.456 15.255 19.198 19.002 18.049 20.327 17.777 20.936 22.032 20.998 21.416 18.954 22.598 24.483 29.470 30.364 32.221
-999.250 -999.250 -999.250 -999.250 -999.250 -999.250 -999.250 -999.250 -999.250 -999.250 -999.250 -999.250 -999.250 20.705 17.403 17.006 16.559 17.866 17.987 21.290 26.397 24.981 27.044 24.509 23.498 21.603 19.015 17.176 17.654 20.264 20.526 22.403 25.373 21.445 19.900 18.110 18.479 19.579 19.370 15.460 18.078 16.606 13.448 14.524 15.236 17.746 18.235 16.790 16.847 15.717 18.385 19.486 19.696 19.036 17.575 17.468 21.033 19.855 21.599 22.973 22.745 23.258 19.140 24.145 21.547 24.864 29.982 32.526
-999.250 -999.250 -999.250 -999.250 -999.250 -999.250 -999.250 -999.250 -999.250 -999.250 -999.250 -999.250 -999.250 -999.250 16.006 13.239 16.353 16.568 15.427 17.811 20.101 20.851 25.615 21.301 19.358 18.969 19.268 17.571 21.681 22.176 23.880 18.955 18.658 18.304 18.869 16.471 15.258 16.386 18.274 20.692 17.490 14.906 13.862 14.070 15.538 15.881 15.109 16.078 16.512 16.292 17.291 16.684 18.703 19.621 17.855 19.212 18.771 21.584 23.758 23.886 25.154 24.362 22.706 22.004 24.498 23.995 26.581 30.596
-999.250 -999.250 -999.250 -999.250 -999.250 -999.250 -999.250 -999.250 -999.250 -999.250 -999.250 -999.250 -999.250 -999.250 15.503 14.088 13.733 15.718 14.805 18.936 17.452 22.677 22.587 21.181 18.062 18.771 20.847 20.924 22.584 21.191 20.800 19.377 19.393 19.914 19.181 17.184 18.931 16.768 17.011 18.112 18.552 17.047 11.413 14.410 14.760 12.852 16.318 15.860 17.656 20.383 18.235 17.030 17.403 18.637 17.727 17.854 20.677 21.707 22.165 30.069 24.137 26.917 24.065 24.676 23.413 23.180 24.908 26.038
-999.250 -999.250 -999.250 -999.250 -999.250 -999.250 -999.250 -999.250 -999.250 -999.250 -999.250 -999.250 -999.250 -999.250 16.941 18.018 13.603 13.300 15.799 20.025 17.664 19.376 18.632 21.547 17.213 20.093 22.057 25.122 22.483 22.463 23.275 19.529 20.875 20.930 21.616 17.766 20.489 22.212 15.628 14.478 18.413 14.705 13.947 12.875 15.096 12.554 13.375 16.595 19.976 15.444 15.631 14.969 17.106 20.646 17.067 19.384 19.792 21.275 20.821 23.971 28.216 21.531 24.919 22.467 26.490 23.301 32.444 29.521
-999.250 -999.250 -999.250 -999.250 -999.250 -999.250 -999.250 -999.250 -999.250 -999.250 -999.250 -999.250 -999.250 -999.250 15.215 16.682 14.591 16.422 13.686 16.402 15.568 17.275 18.854 17.614 19.723 -999.250 22.624 21.802 22.811 21.636 26.204 22.233 19.995 16.859 18.149 16.858 19.761 22.288 18.483 16.962 17.187 14.963 13.539 14.100 11.804 15.732 14.059 14.346 16.345 14.848 17.910 16.971 21.237 18.199 19.823 17.703 20.550 18.495 20.755 21.152 22.401 25.000 23.879 22.571 27.380 23.613 25.015 25.922
-999.250 -999.250 -999.250 -999.250 -999.250 -999.250 -999.250 -999.250 -999.250 -999.250 -999.250 -999.250 -999.250 -999.250 16.812 14.869 14.323 13.354 13.873 15.155 10.855 14.424 17.482 -999.250 -999.250 -999.250 24.831 24.794 25.163 24.616 23.467 27.589 23.964 19.713 19.333 16.666 17.037 19.179 18.672 18.834 14.993 14.959 15.494 17.366 14.997 14.889 15.652 15.034 14.087 17.066 16.728 19.262 19.701 19.723 18.231 17.212 19.713 17.640 18.903 18.447 23.817 25.741 23.488 25.288 23.261 23.600 21.588 22.196
-999.250 -999.250 -999.250 -999.250 -999.250 -999.250 -999.250 -999.250 -999.250 -999.250 -999.250 -999.250 -999.250 18.391 15.678 15.919 16.434 14.648 15.873 13.078 13.182 20.163 -999.250 -999.250 -999.250 -999.250 -999.250 20.907 25.294 21.583 22.510 29.148 25.319 21.491 17.807 19.455 16.510 15.098 14.562 16.027 13.686 15.308 12.755 18.880 14.867 14.119 12.807 12.642 15.873 15.801 15.853 20.624 18.825 18.183 18.497 17.372 16.769 17.990 14.891 16.309 20.487 20.774 19.240 24.467 24.339 22.621 20.610 21.654
-999.250 -999.250 -999.250 -999.250 -999.250 -999.250 -999.250 -999.250 -999.250 -999.250 -999.250 -999.250 -999.250 18.002 20.195 16.302 15.999 15.779 17.435 14.057 -999.250 -999.250 -999.250 -999.250 -999.250 -999.250 -999.250 -999.250 18.502 19.182 20.562 22.979 24.727 22.769 17.955 15.862 14.452 15.964 17.210 15.749 15.311 14.964 14.040 15.765 13.943 13.218 12.710 14.443 14.711 16.274 16.586 17.985 18.010 19.654 18.877 17.508 16.291 16.055 14.449 13.424 18.807 20.524 21.123 19.019 23.241 17.883 17.691 19.260
-999.250 -999.250 -999.250 -999.250 -999.250 -999.250 -999.250 -999.250 -999.250 -999.250 -999.250 -999.250 22.165 24.147 -999.250 -999.250 -999.250 -999.250 -999.250 -999.250 -999.250 -999.250 -999.250 -999.250 -999.250 -999.250 -999.250 -999.250 -999.250 18.024 19.812 21.171 23.691 22.896 18.014 18.061 15.381 16.631 17.197 13.806 12.371 11.769 11.884 15.357 16.500 14.538 14.541 17.048 17.652 14.972 15.889 17.024 15.580 15.302 14.180 16.154 19.275 15.587 17.312 18.876 18.295 15.444 15.396 20.720 19.492 19.659 18.447 17.440
-999.250 -999.250 -999.250 -999.250 -999.250 -999.250 -999.250 -999.250 -999.250 -999.250 -999.250 -999.250 -999.250 -999.250 -999.250 -999.250 -999.250 -999.250 -999.250 -999.250 -999.250 -999.250 -999.250 -999.250 -999.250 -999.250 -999.250 -999.250 -999.250 -999.250 18.059 15.944 21.126 21.785 25.956 20.259 17.131 16.341 15.024 13.417 11.870 12.548 13.370 12.507 13.258 13.446 16.681 14.779 15.078 13.052 15.635 17.854 15.994 14.799 15.857 15.412 15.482 16.826 17.365 14.000 14.367 15.796 16.304 16.398 15.595 15.843 17.376 16.707
-999.250 -999.250 -999.250 -999.250 -999.250 -999.250 -999.250 -999.250 -999.250 -999.250 -999.250 -999.250 -999.250 -999.250 -999.250 -999.250 -999.250 -999.250 -999.250 -999.250 -999.250 -999.250 -999.250 -999.250 -999.250 -999.250 -999.250 -999.250 -999.250 -999.250 18.466 16.528 24.149 22.995 24.631 18.516 18.491 17.690 16.647 14.927 11.377 11.419 11.248 13.672 13.287 15.144 14.265 15.631 14.752 15.763 15.965 14.432 18.343 17.875 16.426 17.771 15.043 12.779 15.404 13.440 13.175 13.969 15.505 13.814 15.555 15.919 16.108 15.626
-999.250 -999.250 -999.250 -999.250 -999.250 -999.250 -999.250 -999.250 -999.250 -999.250 -999.250 -999.250 -999.250 -999.250 -999.250 -999.250 -999.250 -999.250 -999.250 -999.250 -999.250 -999.250 -999.250 -999.250 -999.250 -999.250 -999.250 -999.250 -999.250 -999.250 16.144 19.108 17.368 21.106 21.804 23.830 17.937 19.732 15.661 14.929 13.894 12.699 10.263 12.748 16.590 15.367 14.952 12.289 14.533 16.950 15.679 18.746 15.877 15.755 16.973 15.128 15.611 15.945 15.995 12.864 11.243 13.434 13.689 12.647 12.319 13.934 12.817 13.244
