data/medianmodel_13-Jul-2020.asc
ncols	141
nrows	288
xllcorner	-120191.398
yllcorner	-301404.813
cellsize	2000.000
NODATA_value	-999.250
[rows 248 to 278 of 288, columns 0 to 69 of 141]
-999.250 -999.250 -999.250 -999.250 -999.250 -999.250 -999.250 -999.250 -999.250 -999.250 -999.250 -999.250 -999.250 -999.250 -999.250 -999.250 -999.250 -999.250 -999.250 -999.250 -999.250 -999.250 -999.250 -999.250 -999.250 -999.250 -999.250 -999.250 -999.250 -999.250 7.668 7.381 9.063 7.445 7.139 8.470 9.298 8.684 8.380 7.618 6.799 5.628 5.547 5.148 5.360 7.626 4.920 4.678 4.810 3.218 2.091 0.000 0.000 0.000 0.000 0.000 0.000 0.000 0.000 0.000 0.000 0.000 0.000 0.629 1.557 2.744 2.548 1.180 0.336 0.750
-999.250 -999.250 -999.250 -999.250 -999.250 -999.250 -999.250 -999.250 -999.250 -999.250 -999.250 -999.250 -999.250 -999.250 -999.250 -999.250 -999.250 -999.250 -999.250 -999.250 -999.250 -999.250 -999.250 -999.250 -999.250 -999.250 -999.250 -999.250 -999.250 -999.250 8.546 10.102 8.694 7.101 7.517 10.249 9.328 9.678 10.256 10.036 7.754 6.911 6.077 6.422 5.255 5.507 4.893 5.189 5.208 1.636 0.000 0.000 0.000 0.000 0.000 0.000 0.000 0.000 0.000 0.000 0.091 0.000 0.395 1.784 0.273 3.437 2.600 2.369 3.539 2.873
-999.250 -999.250 -999.250 -999.250 -999.250 -999.250 -999.250 -999.250 -999.250 -999.250 -999.250 -999.250 -999.250 -999.250 -999.250 -999.250 -999.250 -999.250 -999.250 -999.250 -999.250 -999.250 -999.250 -999.250 -999.250 -999.250 -999.250 -999.250 -999.250 -999.250 11.591 9.981 8.481 7.227 7.147 8.777 8.173 10.434 12.040 12.588 11.809 8.521 6.476 5.187 7.017 5.032 4.013 3.595 2.926 3.216 1.020 0.000 0.000 0.000 0.000 0.000 0.000 0.000 0.000 0.000 0.898 1.410 2.533 1.572 4.874 5.726 4.974 4.240 3.847 1.111
-999.250 -999.250 -999.250 -999.250 -999.250 -999.250 -999.250 -999.250 -999.250 -999.250 -999.250 -999.250 -999.250 -999.250 -999.250 -999.250 -999.250 -999.250 -999.250 -999.250 -999.250 -999.250 -999.250 -999.250 -999.250 -999.250 -999.250 -999.250 -999.250 -999.250 13.390 12.596 8.482 7.612 6.828 8.490 10.147 10.326 13.040 16.183 12.129 7.447 7.724 7.485 7.439 5.862 4.811 3.697 2.956 2.770 1.692 0.535 1.362 0.425 2.541 0.569 0.326 1.395 1.648 1.888 3.469 5.190 5.527 4.811 5.925 6.767 7.912 7.918 5.514 3.816
-999.250 -999.250 -999.250 -999.250 -999.250 -999.250 -999.250 -999.250 -999.250 -999.250 -999.250 -999.250 -999.250 -999.250 -999.250 -999.250 -999.250 -999.250 -999.250 -999.250 -999.250 -999.250 -999.250 -999.250 -999.250 -999.250 -999.250 -999.250 -999.250 15.597 16.726 13.201 11.007 8.106 9.395 8.504 10.488 11.766 13.118 12.083 10.791 7.078 9.195 7.273 5.928 5.985 4.262 5.080 4.565 4.135 2.421 4.026 4.347 3.949 4.792 3.934 4.011 4.743 4.924 6.082 5.035 6.103 7.043 8.702 7.612 10.191 11.543 8.666 6.059 7.958
-999.250 -999.250 -999.250 -999.250 -999.250 -999.250 -999.250 -999.250 -999.250 -999.250 -999.250 -999.250 -999.250 -999.250 -999.250 -999.250 -999.250 -999.250 -999.250 -999.250 -999.250 -999.250 -999.250 -999.250 -999.250 -999.250 -999.250 -999.250 -999.250 -999.250 15.704 13.499 10.472 8.696 11.931 12.085 13.278 11.137 10.272 9.188 9.933 7.704 8.616 6.208 8.089 7.490 8.368 7.222 4.405 5.262 4.789 4.737 5.724 7.372 5.774 6.551 5.761 7.841 9.433 10.520 8.960 8.472 12.573 13.202 12.107 13.047 15.241 14.147 13.186 11.825
-999.250 -999.250 -999.250 -999.250 -999.250 -999.250 -999.250 -999.250 -999.250 -999.250 -999.250 -999.250 -999.250 -999.250 -999.250 -999.250 -999.250 -999.250 -999.250 -999.250 -999.250 -999.250 -999.250 -999.250 -999.250 -999.250 -999.250 -999.250 -999.250 -999.250 18.311 13.948 8.683 8.607 8.608 9.629 9.629 13.367 12.844 11.259 10.788 9.067 8.028 8.247 8.693 8.536 8.597 7.521 6.038 5.424 5.533 7.568 7.567 8.059 10.054 8.167 10.192 10.024 10.502 10.931 13.222 13.601 15.469 17.293 19.153 19.442 20.093 17.149 14.589 12.771
-999.250 -999.250 -999.250 -999.250 -999.250 -999.250 -999.250 -999.250 -999.250 -999.250 -999.250 -999.250 -999.250 -999.250 -999.250 -999.250 -999.250 -999.250 -999.250 -999.250 -999.250 -999.250 -999.250 -999.250 -999.250 -999.250 -999.250 -999.250 -999.250 -999.250 -999.250 16.396 12.692 9.182 13.146 8.768 9.533 11.013 11.970 10.385 8.881 10.525 11.166 11.340 9.128 8.349 10.900 10.204 9.133 6.562 5.233 9.218 9.241 9.881 12.093 12.662 12.679 13.783 13.881 16.443 16.070 19.177 21.794 22.814 20.936 19.114 24.084 21.917 12.937 14.100
-999.250 -999.250 -999.250 -999.250 -999.250 -999.250 -999.250 -999.250 -999.250 -999.250 -999.250 -999.250 -999.250 -999.250 -999.250 -999.250 -999.250 -999.250 -999.250 -999.250 -999.250 -999.250 -999.250 -999.250 -999.250 -999.250 -999.250 -999.250 -999.250 -999.250 -999.250 18.545 12.917 13.681 15.365 11.348 11.560 13.158 12.686 10.759 10.237 11.254 12.734 12.617 13.714 9.733 11.880 11.613 8.958 6.747 7.893 10.624 10.131 11.274 12.405 14.953 13.832 13.543 15.683 18.312 20.952 19.201 24.733 27.659 29.250 26.986 25.412 25.605 16.287 13.344
-999.250 -999.250 -999.250 -999.250 -999.250 -999.250 -999.250 -999.250 -999.250 -999.250 -999.250 -999.250 -999.250 -999.250 -999.250 -999.250 -999.250 -999.250 -999.250 -999.250 -999.250 -999.250 -999.250 -999.250 -999.250 -999.250 -999.250 -999.250 -999.250 -999.250 24.248 22.361 17.309 12.962 16.263 16.161 13.814 12.154 13.997 13.520 12.550 13.094 13.610 14.642 21.697 21.152 13.270 13.466 9.622 8.960 7.376 10.616 8.468 11.979 14.055 18.138 14.943 17.963 14.670 23.059 27.258 23.118 25.125 30.152 44.610 31.155 23.217 20.506 17.644 12.425
-999.250 -999.250 -999.250 -999.250 -999.250 -999.250 -999.250 -999.250 -999.250 -999.250 -999.250 -999.250 -999.250 -999.250 -999.250 -999.250 -999.250 -999.250 -999.250 -999.250 -999.250 -999.250 -999.250 -999.250 -999.250 -999.250 -999.250 -999.250 -999.250 -999.250 32.595 30.316 26.477 24.369 20.743 18.222 20.186 18.557 18.396 17.761 15.493 19.077 17.583 20.844 21.280 17.347 13.104 10.779 11.143 8.329 9.860 10.495 10.744 12.668 15.598 13.240 18.544 18.015 17.488 20.004 25.319 24.128 22.272 31.288 33.661 25.356 25.657 21.096 16.311 11.464
-999.250 -999.250 -999.250 -999.250 -999.250 -999.250 -999.250 -999.250 -999.250 -999.250 -999.250 -999.250 -999.250 -999.250 -999.250 -999.250 -999.250 -999.250 -999.250 -999.250 -999.250 -999.250 -999.250 -999.250 -999.250 -999.250 -999.250 -999.250 -999.250 -999.250 37.765 39.706 34.978 34.715 32.928 21.932 23.557 23.603 25.089 22.673 20.358 31.395 26.210 24.142 20.015 16.038 13.223 11.422 14.060 10.945 9.916 10.159 11.356 13.507 15.599 14.289 17.165 18.345 17.499 20.300 22.416 26.669 23.017 32.226 32.082 25.919 22.801 19.016 14.567 10.186
-999.250 -999.250 -999.250 -999.250 -999.250 -999.250 -999.250 -999.250 -999.250 -999.250 -999.250 -999.250 -999.250 -999.250 -999.250 -999.250 -999.250 -999.250 -999.250 -999.250 -999.250 -999.250 -999.250 -999.250 -999.250 -999.250 -999.250 -999.250 -999.250 -999.250 38.353 41.830 37.697 40.969 46.325 32.620 39.298 38.873 30.568 32.010 30.698 32.690 40.592 33.656 25.637 20.239 16.500 14.117 14.680 13.164 11.049 13.165 11.705 13.864 12.393 14.013 16.744 18.792 22.908 18.429 26.893 29.056 27.200 24.861 24.824 22.934 19.422 16.941 13.721 12.112
-999.250 -999.250 -999.250 -999.250 -999.250 -999.250 -999.250 -999.250 -999.250 -999.250 -999.250 -999.250 -999.250 -999.250 -999.250 -999.250 -999.250 -999.250 -999.250 -999.250 -999.250 -999.250 -999.250 -999.250 -999.250 -999.250 -999.250 -999.250 -999.250 -999.250 49.442 47.288 50.380 55.779 49.350 46.412 44.675 47.473 43.183 35.467 34.906 34.891 43.695 45.844 27.139 28.556 19.396 14.380 13.648 13.770 14.492 12.145 10.938 9.930 14.181 13.985 15.953 17.686 15.955 17.113 23.067 23.227 24.170 20.696 22.400 20.478 17.397 13.464 11.104 10.313
-999.250 -999.250 -999.250 -999.250 -999.250 -999.250 -999.250 -999.250 -999.250 -999.250 -999.250 -999.250 -999.250 -999.250 -999.250 -999.250 -999.250 -999.250 -999.250 -999.250 -999.250 -999.250 -999.250 -999.250 -999.250 -999.250 -999.250 -999.250 -999.250 -999.250 64.037 57.281 69.198 70.100 61.989 59.548 61.293 67.478 58.846 53.759 54.222 52.171 51.676 43.389 39.484 31.712 26.163 16.478 16.306 13.180 11.105 12.052 12.015 13.002 14.113 16.388 14.708 15.807 15.368 19.977 18.395 21.522 20.272 19.151 18.213 16.894 15.529 12.982 10.965 8.931
-999.250 -999.250 -999.250 -999.250 -999.250 -999.250 -999.250 -999.250 -999.250 -999.250 -999.250 -999.250 -999.250 -999.250 -999.250 -999.250 -999.250 -999.250 -999.250 -999.250 -999.250 -999.250 -999.250 -999.250 -999.250 -999.250 -999.250 -999.250 -999.250 60.258 69.573 71.765 68.412 85.107 76.340 77.943 78.188 84.886 71.193 67.050 70.476 61.007 64.571 52.703 48.159 34.127 28.939 20.711 17.241 15.279 10.668 11.436 8.903 11.690 15.387 12.260 12.028 11.250 14.410 16.369 15.713 21.732 21.631 17.442 18.812 14.953 14.426 11.609 9.520 7.044
-999.250 -999.250 -999.250 -999.250 -999.250 -999.250 -999.250 -999.250 -999.250 -999.250 -999.250 -999.250 -999.250 -999.250 -999.250 -999.250 -999.250 -999.250 -999.250 -999.250 -999.250 -999.250 -999.250 -999.250 -999.250 -999.250 -999.250 -999.250 -999.250 64.608 82.863 77.536 84.737 94.030 95.120 90.219 90.862 96.218 80.640 83.569 78.166 67.855 71.560 57.426 54.300 47.912 29.656 25.839 20.619 16.281 12.719 10.472 8.093 8.084 11.447 12.238 12.407 11.214 13.192 12.601 19.208 20.183 23.124 20.238 16.373 12.525 11.566 8.195 6.857 6.606
-999.250 -999.250 -999.250 -999.250 -999.250 -999.250 -999.250 -999.250 -999.250 -999.250 -999.250 -999.250 -999.250 -999.250 -999.250 -999.250 -999.250 -999.250 -999.250 -999.250 -999.250 -999.250 -999.250 -999.250 -999.250 -999.250 -999.250 -999.250 82.153 78.853 89.824 82.824 92.295 110.644 105.345 99.328 93.468 81.274 94.666 92.569 94.895 81.829 78.547 64.115 58.540 55.054 38.788 28.999 22.054 19.868 11.907 12.602 8.144 7.937 9.036 8.758 8.203 9.545 10.717 14.389 15.826 20.155 16.848 17.203 15.197 10.616 7.827 7.844 5.829 6.529
-999.250 -999.250 -999.250 -999.250 -999.250 -999.250 -999.250 -999.250 -999.250 -999.250 -999.250 -999.250 -999.250 -999.250 -999.250 -999.250 -999.250 -999.250 -999.250 -999.250 -999.250 -999.250 -999.250 -999.250 -999.250 -999.250 -999.250 -999.250 100.066 85.718 110.656 109.693 107.143 108.770 98.370 102.509 103.967 88.713 107.277 110.767 102.372 103.794 83.867 80.203 63.659 49.306 40.326 27.547 21.091 18.083 15.001 8.192 7.224 6.925 6.442 7.224 7.063 6.868 8.829 9.926 9.960 13.811 15.134 10.165 11.706 7.542 6.637 5.833 6.186 5.927
-999.250 -999.250 -999.250 -999.250 -999.250 -999.250 -999.250 -999.250 -999.250 -999.250 -999.250 -999.250 -999.250 -999.250 -999.250 -999.250 -999.250 -999.250 -999.250 -999.250 -999.250 -999.250 -999.250 -999.250 -999.250 -999.250 -999.250 97.702 111.784 102.658 114.649 111.990 98.093 113.002 110.791 101.920 94.644 96.510 113.209 119.397 118.180 107.416 79.551 70.406 54.832 48.218 43.757 33.536 18.995 15.426 11.235 8.032 5.554 6.269 8.362 5.498 7.006 8.131 8.023 8.540 8.853 9.697 8.306 7.620 7.747 8.133 8.074 6.561 5.411 5.231
-999.250 -999.250 -999.250 -999.250 -999.250 -999.250 -999.250 -999.250 -999.250 -999.250 -999.250 -999.250 -999.250 -999.250 -999.250 -999.250 -999.250 -999.250 -999.250 -999.250 -999.250 -999.250 -999.250 -999.250 -999.250 -999.250 -999.250 83.799 101.213 115.943 125.134 123.964 117.405 121.397 104.084 84.957 98.031 96.584 99.120 111.534 105.438 86.741 78.810 63.665 62.896 48.665 38.229 24.320 21.442 14.609 10.888 8.843 6.863 4.716 6.911 4.823 5.098 5.805 5.028 7.984 6.728 7.205 8.741 11.055 6.426 6.360 5.967 5.337 4.472 4.759
-999.250 -999.250 -999.250 -999.250 -999.250 -999.250 -999.250 -999.250 -999.250 -999.250 -999.250 -999.250 -999.250 -999.250 -999.250 -999.250 -999.250 -999.250 -999.250 -999.250 -999.250 -999.250 -999.250 -999.250 -999.250 -999.250 -999.250 94.580 112.346 122.685 127.242 115.702 117.832 105.636 102.840 108.823 108.451 95.316 98.026 98.045 78.975 79.866 64.281 50.722 47.248 42.873 28.427 22.192 20.757 14.712 10.616 5.965 4.661 4.218 4.365 2.710 3.654 3.913 4.832 6.378 7.057 8.209 7.407 6.016 5.751 3.305 6.283 4.937 6.242 5.550
-999.250 -999.250 -999.250 -999.250 -999.250 -999.250 -999.250 -999.250 -999.250 -999.250 -999.250 -999.250 -999.250 -999.250 -999.250 -999.250 -999.250 -999.250 -999.250 -999.250 -999.250 -999.250 -999.250 -999.250 -999.250 -999.250 -999.250 91.611 93.220 112.926 116.962 98.614 112.707 110.997 88.456 109.046 94.468 90.570 76.659 74.485 70.334 63.507 55.723 44.976 39.265 29.040 22.368 19.667 14.484 12.243 8.644 5.639 4.270 3.295 0.842 3.416 2.734 4.253 4.587 4.767 6.270 6.507 6.849 4.801 4.053 4.138 6.669 5.665 6.196 6.499
-999.250 -999.250 -999.250 -999.250 -999.250 -999.250 -999.250 -999.250 -999.250 -999.250 -999.250 -999.250 -999.250 -999.250 -999.250 -999.250 -999.250 -999.250 -999.250 -999.250 -999.250 -999.250 -999.250 -999.250 -999.250 -999.250 -999.250 80.656 75.944 77.157 93.662 99.824 104.290 108.451 101.194 105.307 94.322 77.054 80.150 63.704 55.258 51.459 43.619 30.066 22.819 20.122 15.241 14.367 12.056 9.140 6.078 7.425 4.914 4.251 1.794 3.581 3.431 3.597 3.161 4.816 5.018 5.366 5.269 4.678 3.449 4.772 6.687 7.715 8.602 7.570
-999.250 -999.250 -999.250 -999.250 -999.250 -999.250 -999.250 -999.250 -999.250 -999.250 -999.250 -999.250 -999.250 -999.250 -999.250 -999.250 -999.250 -999.250 -999.250 -999.250 -999.250 -999.250 -999.250 -999.250 -999.250 -999.250 -999.250 60.567 65.752 66.473 84.075 87.020 94.722 85.796 104.225 86.281 75.139 65.221 56.579 62.098 51.552 43.623 33.117 23.699 20.434 14.333 9.551 8.298 6.681 5.287 4.757 3.847 3.984 2.563 3.003 2.509 2.748 3.640 3.389 3.811 3.765 4.465 3.577 4.243 5.723 5.271 5.972 6.975 7.599 10.329
-999.250 -999.250 -999.250 -999.250 -999.250 -999.250 -999.250 -999.250 -999.250 -999.250 -999.250 -999.250 -999.250 -999.250 -999.250 -999.250 -999.250 -999.250 -999.250 -999.250 -999.250 -999.250 -999.250 -999.250 -999.250 -999.250 41.480 55.405 52.800 56.884 69.087 77.736 83.681 100.848 82.989 74.301 57.801 60.904 48.256 45.172 41.231 32.810 26.882 21.437 13.374 8.120 6.034 5.623 4.015 2.160 0.086 0.444 2.943 1.123 2.368 4.011 4.444 5.855 4.583 4.910 3.811 5.225 4.594 4.594 4.199 5.369 6.091 9.093 8.015 11.058
-999.250 -999.250 -999.250 -999.250 -999.250 -999.250 -999.250 -999.250 -999.250 -999.250 -999.250 -999.250 -999.250 -999.250 -999.250 -999.250 -999.250 -999.250 -999.250 -999.250 -999.250 -999.250 -999.250 -999.250 -999.250 -999.250 39.220 42.840 43.229 45.983 57.044 59.640 67.538 69.996 75.812 74.689 47.592 50.236 39.776 42.034 38.691 30.656 24.205 15.850 10.319 7.839 5.065 3.104 0.009 0.000 0.000 0.000 1.089 2.302 4.004 4.773 4.796 5.352 4.769 3.651 3.701 3.482 4.776 5.511 4.920 7.110 7.766 8.536 11.219 12.088
-999.250 -999.250 -999.250 -999.250 -999.250 -999.250 -999.250 -999.250 -999.250 -999.250 -999.250 -999.250 -999.250 -999.250 -999.250 -999.250 -999.250 -999.250 -999.250 -999.250 -999.250 -999.250 -999.250 -999.250 -999.250 23.000 30.812 29.544 42.136 34.989 44.250 51.042 62.593 65.220 61.793 51.474 46.646 46.793 44.809 36.340 40.067 34.245 22.334 13.713 7.821 3.639 0.059 0.000 0.000 0.000 0.000 0.000 1.081 1.838 4.002 6.078 7.184 6.102 6.378 4.572 4.637 5.103 7.538 5.766 7.061 6.357 9.063 9.191 10.133 12.034
-999.250 -999.250 -999.250 -999.250 -999.250 -999.250 -999.250 -999.250 -999.250 -999.250 -999.250 -999.250 -999.250 -999.250 -999.250 -999.250 -999.250 -999.250 -999.250 -999.250 -999.250 -999.250 -999.250 -999.250 -999.250 14.910 18.237 19.973 34.958 31.543 35.141 51.086 51.967 52.789 47.721 49.436 50.118 41.779 36.923 33.630 27.772 21.770 15.124 9.364 5.474 1.236 0.000 0.000 0.000 0.000 0.000 0.000 0.000 2.152 5.111 7.801 6.603 6.478 5.336 5.226 6.667 6.494 8.585 8.691 9.177 7.790 9.621 11.291 11.783 11.152
-999.250 -999.250 -999.250 -999.250 -999.250 -999.250 -999.250 -999.250 -999.250 -999.250 -999.250 -999.250 -999.250 -999.250 -999.250 -999.250 -999.250 -999.250 -999.250 -999.250 -999.250 -999.250 -999.250 -999.250 -999.250 7.885 8.818 13.458 18.860 23.329 24.983 40.734 44.285 55.060 44.341 51.574 54.840 39.287 33.025 25.624 19.758 16.448 9.632 6.423 1.983 0.000 0.000 0.000 0.000 0.000 0.000 0.000 0.532 3.941 4.587 6.320 7.788 7.294 5.239 5.832 7.286 8.221 13.101 10.948 8.353 9.876 10.083 11.239 11.726 12.762
-999.250 -999.250 -999.250 -999.250 -999.250 -999.250 -999.250 -999.250 -999.250 -999.250 -999.250 -999.250 -999.250 -999.250 -999.250 -999.250 -999.250 -999.250 -999.250 -999.250 -999.250 -999.250 -999.250 -999.250 4.842 3.778 3.196 8.953 13.051 20.355 27.636 27.717 35.935 44.671 52.771 53.032 43.752 43.029 33.332 22.515 15.194 14.451 8.378 4.376 0.000 0.000 0.000 0.000 0.000 0.000 0.000 0.000 1.646 4.288 5.843 7.452 7.786 5.573 5.881 6.164 7.288 10.488 10.709 10.594 9.857 11.363 14.322 14.137 13.556 12.094
