data/medianmodel_25-Mar-2020.asc
ncols	141
nrows	288
xllcorner	-120191.398
yllcorner	-301404.813
cellsize	2000.000
NODATA_value	-999.250
[rows 124 to 154 of 288, columns 0 to 69 of 141]
-999.250 -999.250 -999.250 -999.250 -999.250 -999.250 -999.250 -999.250 -999.250 -999.250 -999.250 -999.250 -999.250 -999.250 -999.250 -999.250 -999.250 -999.250 -999.250 -999.250 -999.250 -999.250 -999.250 -999.250 12.613 13.312 13.294 10.930 12.970 12.185 15.298 15.691 11.866 13.689 17.087 17.568 15.639 18.527 18.322 19.327 15.868 19.808 16.923 16.490 15.074 12.297 11.921 13.058 15.741 18.719 23.413 25.853 25.618 26.159 27.736 23.364 17.125 10.729 6.925 5.934 5.611 4.751 3.509 5.010 2.638 4.166 1.569 0.000 0.000 0.000
-999.250 -999.250 -999.250 -999.250 -999.250 -999.250 -999.250 -999.250 -999.250 -999.250 -999.250 -999.250 -999.250 -999.250 -999.250 -999.250 -999.250 -999.250 -999.250 -999.250 -999.250 -999.250 -999.250 -999.250 14.847 14.625 14.004 13.568 12.781 12.980 14.045 13.202 14.276 12.814 15.007 15.411 17.764 17.582 18.835 18.357 16.706 16.346 19.021 15.299 18.847 18.419 17.500 21.432 24.221 25.300 24.622 30.255 32.679 32.287 35.919 21.660 16.011 13.991 9.663 3.957 5.276 3.896 2.416 1.912 0.800 1.419 0.569 0.000 0.000 0.000
-999.250 -999.250 -999.250 -999.250 -999.250 -999.250 -999.250 -999.250 -999.250 -999.250 -999.250 -999.250 -999.250 -999.250 -999.250 -999.250 -999.250 -999.250 -999.250 -999.250 -999.250 -999.250 -999.250 16.666 16.087 15.791 14.260 13.482 13.654 14.034 12.809 14.004 13.893 12.282 12.028 11.843 15.625 14.393 17.262 16.680 17.920 19.891 18.718 18.907 21.188 22.108 26.654 28.810 29.891 28.468 29.461 33.427 32.479 34.078 29.887 22.401 16.763 14.421 10.535 7.509 7.078 4.615 0.687 0.000 0.280 0.000 0.000 0.000 0.000 0.537
-999.250 -999.250 -999.250 -999.250 -999.250 -999.250 -999.250 -999.250 -999.250 -999.250 -999.250 -999.250 -999.250 -999.250 -999.250 -999.250 -999.250 -999.250 -999.250 -999.250 -999.250 -999.250 -999.250 17.494 16.703 17.629 18.401 16.036 14.194 12.802 10.634 11.803 11.059 11.885 10.704 12.130 14.892 14.242 16.052 16.895 15.573 18.288 19.177 21.107 22.196 25.465 29.490 33.146 33.613 34.072 35.645 34.699 32.963 28.815 27.360 22.032 15.835 14.400 10.958 8.238 5.370 3.271 0.000 0.000 0.000 0.000 0.000 0.000 0.094 0.405
-999.250 -999.250 -999.250 -999.250 -999.250 -999.250 -999.250 -999.250 -999.250 -999.250 -999.250 -999.250 -999.250 -999.250 -999.250 -999.250 -999.250 -999.250 -999.250 -999.250 -999.250 -999.250 -999.250 15.691 14.957 13.828 15.325 12.345 13.025 8.986 10.816 10.232 9.422 11.620 12.248 13.988 14.404 17.185 16.322 16.051 17.469 21.042 19.760 21.212 21.667 27.585 34.199 39.690 45.475 33.673 30.991 31.449 25.740 25.639 21.257 20.911 17.103 14.556 10.600 8.628 5.618 1.630 0.000 0.000 0.000 0.000 0.000 0.000 0.000 0.000
-999.250 -999.250 -999.250 -999.250 -999.250 -999.250 -999.250 -999.250 -999.250 -999.250 -999.250 -999.250 -999.250 -999.250 -999.250 -999.250 -999.250 -999.250 -999.250 -999.250 -999.250 -999.250 13.747 16.790 18.134 16.138 14.601 14.738 13.338 8.857 8.256 7.960 11.272 8.045 9.566 11.702 12.646 13.383 14.672 15.972 17.837 22.553 21.602 22.560 25.255 29.099 34.843 40.735 40.432 36.567 31.598 28.245 26.575 23.075 19.903 16.948 13.389 10.477 7.860 8.203 5.224 1.232 0.000 0.000 0.000 0.000 0.000 0.897 0.000 0.922
-999.250 -999.250 -999.250 -999.250 -999.250 -999.250 -999.250 -999.250 -999.250 -999.250 -999.250 -999.250 -999.250 -999.250 -999.250 -999.250 -999.250 -999.250 -999.250 -999.250 -999.250 -999.250 13.242 15.202 17.826 14.382 14.933 13.807 11.518 7.568 7.289 7.692 9.570 8.982 8.149 11.937 12.344 13.767 12.677 14.514 17.651 20.337 20.465 22.436 24.823 28.892 33.197 39.791 40.534 31.384 29.308 21.452 21.520 19.315 17.031 14.965 11.809 10.452 7.253 6.339 4.828 2.677 1.785 0.327 0.000 0.000 1.543 1.661 1.861 0.459
-999.250 -999.250 -999.250 -999.250 -999.250 -999.250 -999.250 -999.250 -999.250 -999.250 -999.250 -999.250 -999.250 -999.250 -999.250 -999.250 -999.250 -999.250 -999.250 -999.250 -999.250 13.326 13.859 15.448 15.581 13.269 11.691 11.145 8.107 6.944 4.790 5.728 7.542 8.395 8.389 10.168 11.297 12.791 11.409 12.920 14.393 16.141 15.881 18.736 22.217 25.974 30.587 32.061 33.465 28.004 25.868 19.684 17.762 15.543 13.003 13.496 9.850 7.098 3.674 6.056 4.448 3.492 1.898 0.025 0.425 0.717 0.812 0.849 0.703 0.708
-999.250 -999.250 -999.250 -999.250 -999.250 -999.250 -999.250 -999.250 -999.250 -999.250 -999.250 -999.250 -999.250 -999.250 -999.250 -999.250 -999.250 -999.250 -999.250 -999.250 -999.250 11.871 12.899 13.253 15.183 12.648 11.366 9.405 7.653 5.901 4.349 3.989 6.650 6.137 7.063 7.867 7.522 10.322 10.523 10.384 14.078 14.064 15.969 20.947 21.407 24.289 24.673 27.527 25.980 24.516 21.106 16.613 10.757 10.172 7.621 7.280 7.089 5.135 3.896 3.176 5.670 2.831 1.801 0.599 2.350 1.841 2.037 2.708 0.000 0.000
-999.250 -999.250 -999.250 -999.250 -999.250 -999.250 -999.250 -999.250 -999.250 -999.250 -999.250 -999.250 -999.250 -999.250 -999.250 -999.250 -999.250 -999.250 -999.250 -999.250 -999.250 11.506 12.824 13.606 14.158 11.180 9.059 7.739 6.464 6.432 5.216 2.045 5.037 6.597 5.675 7.606 7.002 8.445 9.937 11.538 12.517 11.709 15.099 17.409 19.432 20.420 21.625 21.960 21.633 20.545 15.216 9.790 5.633 5.540 4.962 6.149 4.771 3.342 3.129 2.093 2.506 1.598 1.380 2.660 1.724 2.699 2.592 2.073 1.176 0.000
-999.250 -999.250 -999.250 -999.250 -999.250 -999.250 -999.250 -999.250 -999.250 -999.250 -999.250 -999.250 -999.250 -999.250 -999.250 -999.250 -999.250 -999.250 -999.250 -999.250 8.339 9.287 8.303 12.048 12.448 8.329 7.822 6.408 6.227 5.221 5.230 3.585 5.652 7.184 5.813 5.170 7.062 8.794 10.061 9.354 11.792 11.880 13.484 14.893 17.499 19.748 20.519 19.930 20.906 16.293 11.785 4.236 0.000 1.630 3.332 3.747 3.020 1.461 1.630 1.822 1.143 1.763 0.355 2.726 1.704 0.754 2.405 3.325 0.282 1.325
-999.250 -999.250 -999.250 -999.250 -999.250 -999.250 -999.250 -999.250 -999.250 -999.250 -999.250 -999.250 -999.250 -999.250 -999.250 -999.250 -999.250 -999.250 -999.250 -999.250 7.111 7.266 6.216 8.533 7.793 7.261 7.135 5.636 6.049 5.552 4.235 5.194 6.059 5.565 5.552 6.873 6.835 7.115 9.043 9.378 9.701 12.314 14.819 13.182 14.306 16.860 17.178 19.588 15.993 13.273 11.461 5.467 3.004 0.000 1.323 1.656 1.129 1.099 1.675 0.555 0.765 0.391 0.752 2.518 0.971 0.618 3.180 2.700 1.312 3.252
-999.250 -999.250 -999.250 -999.250 -999.250 -999.250 -999.250 -999.250 -999.250 -999.250 -999.250 -999.250 -999.250 -999.250 -999.250 -999.250 -999.250 -999.250 -999.250 -999.250 4.776 5.652 5.623 5.567 7.843 5.393 6.974 6.147 5.616 5.737 5.283 5.679 6.585 6.596 6.803 6.805 6.490 6.841 6.555 7.237 8.598 9.975 11.149 12.488 14.866 14.148 13.866 15.261 13.790 10.706 9.853 5.714 3.406 2.450 2.149 1.644 2.077 0.462 0.252 0.140 0.000 0.036 0.000 0.670 1.725 0.833 3.124 4.605 3.643 3.958
-999.250 -999.250 -999.250 -999.250 -999.250 -999.250 -999.250 -999.250 -999.250 -999.250 -999.250 -999.250 -999.250 -999.250 -999.250 -999.250 -999.250 -999.250 -999.250 -999.250 4.877 3.885 4.352 4.154 4.927 6.064 5.812 5.022 5.324 5.513 6.264 6.315 6.580 4.854 4.435 6.684 5.935 6.309 5.285 5.641 6.811 8.420 9.660 12.890 14.091 14.581 12.207 13.801 11.729 11.534 10.319 8.512 5.147 1.837 1.940 2.195 0.870 0.102 0.000 0.000 0.000 0.000 0.346 0.000 0.835 1.731 2.822 3.032 4.909 4.356
-999.250 -999.250 -999.250 -999.250 -999.250 -999.250 -999.250 -999.250 -999.250 -999.250 -999.250 -999.250 -999.250 -999.250 -999.250 -999.250 -999.250 -999.250 -999.250 1.600 2.640 4.044 3.134 4.696 3.357 4.234 5.297 5.571 5.036 3.260 4.834 4.616 4.853 6.045 5.210 5.631 4.005 5.504 6.515 5.927 6.249 7.169 8.033 11.658 13.752 15.180 14.446 15.132 14.445 10.131 9.223 8.391 4.678 4.275 6.529 3.059 2.167 0.276 0.166 0.000 0.000 0.000 0.862 1.722 0.197 1.314 2.499 2.026 3.608 4.267
-999.250 -999.250 -999.250 -999.250 -999.250 -999.250 -999.250 -999.250 -999.250 -999.250 -999.250 -999.250 -999.250 -999.250 -999.250 -999.250 -999.250 -999.250 -999.250 0.891 0.906 0.000 1.980 3.279 3.939 1.951 3.621 5.296 1.899 3.192 2.327 2.761 3.498 5.578 5.038 5.112 5.126 5.377 7.620 5.972 6.129 7.455 5.807 9.272 12.340 12.189 12.013 13.693 11.315 11.259 9.818 7.855 7.537 4.989 3.586 2.595 2.121 0.462 0.487 0.000 0.000 0.000 0.000 1.012 0.133 2.006 1.863 3.675 3.304 3.768
-999.250 -999.250 -999.250 -999.250 -999.250 -999.250 -999.250 -999.250 -999.250 -999.250 -999.250 -999.250 -999.250 -999.250 -999.250 -999.250 -999.250 -999.250 -999.250 0.253 0.000 0.000 0.517 1.372 1.777 3.023 2.332 1.771 1.720 1.544 0.000 0.000 2.384 5.743 5.212 4.837 5.077 5.187 7.099 8.749 6.255 7.078 6.747 9.542 10.667 12.175 12.386 12.948 13.359 11.274 11.468 7.975 7.006 5.954 4.701 2.662 2.082 1.642 0.649 0.000 0.000 0.000 0.000 0.000 1.642 1.899 1.878 3.727 4.212 2.937
-999.250 -999.250 -999.250 -999.250 -999.250 -999.250 -999.250 -999.250 -999.250 -999.250 -999.250 -999.250 -999.250 -999.250 -999.250 -999.250 -999.250 -999.250 -999.250 0.000 0.000 0.466 1.740 1.691 2.958 2.163 2.276 2.166 2.728 0.954 1.417 2.399 2.748 3.812 4.323 5.889 5.478 8.253 6.006 6.511 6.938 7.296 7.039 8.310 8.125 10.997 9.768 10.774 13.606 11.511 10.503 7.385 8.164 6.220 4.710 3.612 2.980 2.852 0.495 0.000 0.000 0.057 0.000 0.368 0.000 1.982 2.693 4.200 4.430 3.028
-999.250 -999.250 -999.250 -999.250 -999.250 -999.250 -999.250 -999.250 -999.250 -999.250 -999.250 -999.250 -999.250 -999.250 -999.250 -999.250 -999.250 -999.250 -999.250 0.000 0.000 1.855 2.300 2.775 3.881 2.356 3.892 2.340 3.758 3.274 3.646 5.070 4.407 5.115 6.729 8.068 8.422 8.054 8.441 8.001 6.855 7.126 6.894 8.642 8.113 9.122 10.307 11.296 10.293 11.534 10.506 7.952 7.461 6.011 4.761 3.351 3.240 2.180 1.250 0.000 0.000 0.178 0.176 0.000 0.000 1.699 2.734 3.102 3.811 3.941
-999.250 -999.250 -999.250 -999.250 -999.250 -999.250 -999.250 -999.250 -999.250 -999.250 -999.250 -999.250 -999.250 -999.250 -999.250 -999.250 -999.250 -999.250 2.111 0.373 1.698 2.065 0.890 1.867 3.045 3.230 4.550 2.237 4.123 4.655 5.238 4.588 7.609 6.488 8.252 8.406 8.476 9.504 7.810 8.474 7.174 7.877 5.321 6.783 7.266 9.683 9.252 10.302 10.661 9.072 8.757 8.296 6.313 4.893 5.736 4.451 2.269 1.689 0.000 0.000 0.000 0.000 1.001 0.294 0.908 2.292 3.453 2.891 4.229 4.799
-999.250 -999.250 -999.250 -999.250 -999.250 -999.250 -999.250 -999.250 -999.250 -999.250 -999.250 -999.250 -999.250 -999.250 -999.250 -999.250 -999.250 3.690 3.992 4.977 3.208 2.914 2.081 3.706 3.515 3.630 4.229 5.142 4.973 5.482 5.952 6.815 8.408 9.434 9.060 10.637 10.943 9.922 9.493 8.734 7.082 7.206 5.837 6.185 4.982 6.204 8.193 8.695 10.583 9.735 8.070 7.167 5.384 3.937 4.766 4.904 3.209 2.919 0.252 0.000 0.000 1.402 2.439 1.894 2.428 1.801 1.838 4.413 4.745 3.448
-999.250 -999.250 -999.250 -999.250 -999.250 -999.250 -999.250 -999.250 -999.250 -999.250 -999.250 -999.250 -999.250 -999.250 -999.250 -999.250 -999.250 5.081 4.936 2.979 4.666 2.967 1.877 2.910 4.065 5.556 3.748 5.925 5.412 6.785 7.850 8.741 9.426 10.419 11.567 11.257 9.873 9.460 11.397 10.375 7.773 5.584 5.757 4.794 5.350 5.822 8.893 9.469 9.331 9.648 10.171 7.184 4.798 3.401 2.311 3.954 5.046 4.039 1.822 1.489 1.824 2.753 0.998 2.554 1.744 2.754 3.165 3.371 3.760 4.836
-999.250 -999.250 -999.250 -999.250 -999.250 -999.250 -999.250 -999.250 -999.250 -999.250 -999.250 -999.250 -999.250 -999.250 -999.250 7.669 7.289 4.796 5.641 2.735 2.149 1.309 2.779 4.001 5.109 5.280 5.066 6.819 7.476 8.612 10.364 11.534 13.533 13.264 13.223 14.651 11.858 13.834 13.234 11.407 7.809 5.725 4.570 4.533 4.314 5.458 7.199 10.250 11.479 9.545 8.962 6.721 3.477 0.483 1.647 4.111 5.665 5.693 4.821 3.044 2.433 4.448 3.798 2.640 3.410 2.660 1.740 3.623 3.654 4.608
-999.250 -999.250 -999.250 -999.250 -999.250 -999.250 -999.250 -999.250 -999.250 -999.250 -999.250 -999.250 -999.250 -999.250 7.356 8.552 7.505 5.336 6.260 4.085 4.676 3.026 2.599 3.084 5.046 6.648 6.379 6.877 7.469 9.350 11.251 13.176 12.852 13.877 16.305 17.306 17.269 17.860 17.190 12.786 9.041 7.152 6.285 3.542 1.583 3.651 6.893 13.096 11.883 9.745 7.408 6.176 2.450 0.000 1.482 4.146 5.800 6.274 6.127 5.922 4.316 5.066 4.680 3.840 3.051 2.034 2.737 2.392 1.034 0.542
-999.250 -999.250 -999.250 -999.250 -999.250 -999.250 -999.250 -999.250 -999.250 -999.250 -999.250 -999.250 -999.250 -999.250 7.702 8.385 6.371 4.991 4.903 4.183 4.236 2.532 2.445 3.420 3.838 5.746 6.483 7.080 8.991 11.038 13.056 15.115 13.839 16.387 16.619 19.761 22.783 23.421 18.885 15.726 11.476 7.203 4.637 1.970 0.000 0.000 6.484 13.403 11.188 8.726 7.476 5.184 2.954 0.420 0.737 3.308 5.470 5.844 5.151 5.421 5.941 4.230 5.754 3.807 2.979 1.741 2.326 3.555 0.000 0.000
-999.250 -999.250 -999.250 -999.250 -999.250 -999.250 -999.250 -999.250 -999.250 -999.250 -999.250 -999.250 -999.250 8.921 6.678 5.707 6.527 8.174 6.620 5.496 4.079 3.013 2.936 0.746 4.665 7.611 8.469 8.089 10.442 11.853 12.708 15.246 15.162 17.582 19.280 19.900 22.320 21.158 19.467 15.586 11.320 8.794 5.491 3.139 0.000 0.153 4.498 8.425 9.072 9.386 6.763 4.025 3.615 3.713 3.127 3.612 5.029 5.555 5.843 6.479 6.265 5.626 3.779 4.090 3.648 2.351 2.973 2.605 2.125 0.000
-999.250 -999.250 -999.250 -999.250 -999.250 -999.250 -999.250 -999.250 -999.250 -999.250 -999.250 -999.250 6.189 6.558 7.387 7.286 6.712 6.915 4.983 4.461 3.061 5.069 3.574 1.170 5.467 8.549 9.349 9.359 10.513 12.910 15.694 13.158 18.051 19.823 20.807 22.445 19.986 20.153 17.962 15.649 12.052 8.749 6.130 3.405 0.002 0.222 1.886 5.953 6.607 4.382 5.378 2.806 3.269 4.906 5.123 4.979 4.882 5.408 5.989 4.744 5.170 5.632 5.284 4.690 3.939 3.481 2.814 2.079 1.161 0.400
-999.250 -999.250 -999.250 -999.250 -999.250 -999.250 -999.250 -999.250 -999.250 -999.250 -999.250 5.718 6.892 7.469 6.758 8.313 8.664 7.256 6.448 4.068 2.827 2.230 2.632 1.680 4.466 7.025 9.194 10.330 10.835 11.772 11.925 15.591 16.205 17.380 20.549 21.422 20.532 18.780 19.557 15.856 13.098 9.798 6.904 3.767 1.075 0.000 1.260 3.295 4.158 4.674 4.403 3.967 3.615 3.883 3.250 4.778 5.060 7.357 7.577 6.945 6.846 5.647 4.694 4.546 4.875 5.562 4.039 1.271 0.464 1.171
-999.250 -999.250 -999.250 -999.250 -999.250 -999.250 -999.250 -999.250 -999.250 -999.250 6.234 6.423 6.852 7.082 7.722 8.186 7.648 5.446 3.077 2.611 1.893 2.757 2.540 2.319 5.199 5.512 7.316 10.175 9.675 10.709 15.213 17.810 18.213 17.870 18.147 20.823 19.615 16.923 17.295 15.258 13.860 10.971 6.979 3.402 1.077 0.000 0.000 1.431 1.602 2.542 6.058 5.021 5.140 3.921 3.030 5.582 4.946 7.568 7.441 6.138 6.840 6.303 5.727 5.306 6.510 5.165 2.237 2.067 3.410 2.780
-999.250 -999.250 -999.250 -999.250 -999.250 -999.250 -999.250 -999.250 -999.250 4.793 5.857 7.234 6.562 8.119 8.218 8.439 6.763 5.928 3.761 1.926 2.449 1.634 1.696 2.474 4.857 5.350 6.734 9.727 11.772 14.528 14.291 16.219 18.820 18.825 19.132 20.036 20.700 18.602 17.433 16.720 15.283 12.353 6.732 2.946 1.519 0.092 0.000 0.000 3.404 4.243 5.622 6.594 5.641 4.051 4.684 6.042 5.255 6.791 8.414 7.644 6.761 5.487 5.102 4.642 5.838 3.554 2.735 3.501 1.641 3.878
-999.250 -999.250 -999.250 -999.250 -999.250 3.035 3.773 3.989 5.948 5.516 6.420 7.935 7.465 8.128 7.642 7.544 5.761 4.841 4.655 4.345 2.188 1.422 1.053 2.391 4.312 5.874 8.465 10.502 14.819 16.978 18.881 17.664 21.066 21.030 21.855 18.330 20.573 19.846 18.201 16.211 16.262 15.591 9.623 6.463 4.233 2.216 0.000 0.000 1.971 3.335 5.384 5.115 4.538 4.193 5.490 5.898 6.303 7.501 8.288 8.150 6.115 6.435 3.839 2.556 5.180 4.449 4.761 4.295 3.978 4.031
