data/medianmodel_26-Nov-2020.asc
ncols	141
nrows	288
xllcorner	-120191.398
yllcorner	-301404.813
cellsize	2000.000
NODATA_value	-999.250
[rows 203 to 231 of 288, columns 64 to 127 of 141]
479.887 502.820 496.880 481.200 497.794 509.711 491.095 492.295 526.401 523.004 526.410 528.816 547.649 514.509 567.111 560.066 566.278 609.926 568.826 631.286 623.001 624.417 672.091 649.008 656.557 621.785 666.987 720.120 709.963 672.416 645.742 -999.250 -999.250 -999.250 -999.250 -999.250 -999.250 -999.250 -999.250 -999.250 -999.250 -999.250 -999.250 -999.250 -999.250 -999.250 -999.250 -999.250 -999.250 -999.250 -999.250 -999.250 -999.250 -999.250 -999.250 -999.250 -999.250 -999.250 -999.250 -999.250 -999.250 -999.250 -999.250 -999.250
458.753 462.421 483.926 483.850 493.690 476.964 477.328 500.497 496.660 499.342 489.849 525.142 518.854 507.493 549.978 551.843 526.569 550.323 583.855 625.315 631.010 662.248 676.334 665.512 585.029 623.816 666.250 698.856 640.137 668.891 648.867 603.122 -999.250 -999.250 -999.250 -999.250 -999.250 -999.250 -999.250 -999.250 -999.250 -999.250 -999.250 -999.250 -999.250 -999.250 -999.250 -999.250 -999.250 -999.250 -999.250 -999.250 -999.250 -999.250 -999.250 -999.250 -999.250 -999.250 -999.250 -999.250 -999.250 -999.250 -999.250 -999.250
452.686 448.202 425.639 445.173 456.613 466.311 439.176 465.978 491.860 497.379 483.950 514.924 526.929 501.360 496.789 497.321 513.169 546.807 573.968 607.693 612.858 624.870 613.766 654.796 623.140 630.348 667.505 614.639 635.223 619.253 606.307 -999.250 -999.250 -999.250 -999.250 -999.250 -999.250 -999.250 -999.250 -999.250 -999.250 -999.250 -999.250 -999.250 -999.250 -999.250 -999.250 -999.250 -999.250 -999.250 -999.250 -999.250 -999.250 -999.250 -999.250 -999.250 -999.250 -999.250 -999.250 -999.250 -999.250 -999.250 -999.250 -999.250
412.831 424.955 451.725 426.092 443.256 448.847 430.625 442.267 463.087 455.745 454.824 462.095 482.999 487.555 476.910 481.159 509.459 547.406 544.526 572.419 616.380 629.056 630.584 618.844 584.041 624.914 619.380 585.377 603.187 601.097 607.134 590.692 -999.250 -999.250 -999.250 -999.250 -999.250 -999.250 -999.250 -999.250 -999.250 -999.250 -999.250 -999.250 -999.250 -999.250 -999.250 -999.250 -999.250 -999.250 -999.250 -999.250 -999.250 -999.250 -999.250 -999.250 -999.250 -999.250 -999.250 -999.250 -999.250 -999.250 -999.250 -999.250
380.063 395.119 375.473 408.805 417.594 405.461 402.521 444.624 436.773 423.591 426.081 417.259 441.324 474.588 457.705 476.310 502.317 525.599 529.929 567.785 567.395 583.385 600.766 615.687 590.882 598.937 585.932 557.309 551.475 535.982 566.253 514.443 492.688 -999.250 -999.250 -999.250 -999.250 -999.250 -999.250 -999.250 -999.250 -999.250 -999.250 -999.250 -999.250 -999.250 -999.250 -999.250 -999.250 -999.250 -999.250 -999.250 -999.250 -999.250 -999.250 -999.250 -999.250 -999.250 -999.250 -999.250 -999.250 -999.250 -999.250 -999.250
371.969 359.570 357.838 381.292 396.078 367.927 363.885 372.597 387.055 378.407 370.812 386.507 383.155 413.291 422.134 448.268 445.109 487.908 496.508 523.551 534.870 549.964 550.562 552.779 543.488 541.447 570.635 530.547 533.100 516.854 498.243 488.031 448.824 -999.250 -999.250 -999.250 -999.250 -999.250 -999.250 -999.250 -999.250 -999.250 -999.250 -999.250 -999.250 -999.250 -999.250 -999.250 -999.250 -999.250 -999.250 -999.250 -999.250 -999.250 -999.250 -999.250 -999.250 -999.250 -999.250 -999.250 -999.250 -999.250 -999.250 -999.250
320.648 308.135 342.142 332.801 359.891 372.497 380.242 359.468 361.512 324.691 352.143 358.982 345.606 350.970 359.236 359.356 382.804 425.903 460.062 485.431 506.048 518.107 540.402 524.975 513.927 515.070 548.194 504.714 524.991 504.685 479.888 438.452 367.347 404.360 -999.250 -999.250 -999.250 -999.250 -999.250 -999.250 -999.250 -999.250 -999.250 -999.250 -999.250 -999.250 -999.250 -999.250 -999.250 -999.250 -999.250 -999.250 -999.250 -999.250 -999.250 -999.250 -999.250 -999.250 -999.250 -999.250 -999.250 -999.250 -999.250 -999.250
256.028 269.105 292.832 300.714 344.233 348.946 380.106 344.735 337.935 346.160 324.944 297.300 298.014 288.645 283.647 330.906 347.553 385.631 403.025 442.063 456.704 472.284 493.083 496.478 508.151 512.822 497.632 480.782 497.879 484.260 450.784 434.764 392.755 370.793 379.333 -999.250 -999.250 -999.250 -999.250 -999.250 -999.250 -999.250 -999.250 -999.250 -999.250 -999.250 -999.250 -999.250 -999.250 -999.250 -999.250 -999.250 -999.250 -999.250 -999.250 -999.250 -999.250 -999.250 -999.250 -999.250 -999.250 -999.250 -999.250 -999.250
230.559 213.800 273.829 296.961 323.199 360.446 354.024 348.153 322.351 333.459 295.585 265.454 254.595 248.927 232.738 244.987 278.117 313.235 339.253 396.286 426.600 461.736 459.998 466.543 483.474 445.652 437.896 448.634 438.875 464.980 449.151 429.412 379.762 383.486 345.811 364.224 -999.250 -999.250 -999.250 -999.250 -999.250 -999.250 -999.250 -999.250 -999.250 -999.250 -999.250 -999.250 -999.250 -999.250 -999.250 -999.250 -999.250 -999.250 -999.250 -999.250 -999.250 -999.250 -999.250 -999.250 -999.250 -999.250 -999.250 -999.250
199.676 224.823 241.074 278.280 328.918 331.476 355.453 333.882 310.674 322.372 273.003 248.169 174.007 161.543 146.222 172.383 222.588 270.984 315.419 353.780 381.265 408.477 435.609 435.273 436.502 435.545 452.061 448.605 454.310 467.687 447.931 413.326 392.684 375.518 346.104 350.119 345.044 -999.250 -999.250 -999.250 -999.250 -999.250 -999.250 -999.250 -999.250 -999.250 -999.250 -999.250 -999.250 -999.250 -999.250 -999.250 -999.250 -999.250 -999.250 -999.250 -999.250 -999.250 -999.250 -999.250 -999.250 -999.250 -999.250 -999.250
204.026 227.679 249.262 281.159 305.642 338.616 322.874 317.959 325.624 283.577 270.483 198.689 162.630 94.548 17.159 95.379 174.857 242.084 265.187 288.877 344.686 360.035 372.189 395.380 397.755 378.348 400.301 418.213 415.243 423.881 407.599 382.227 382.958 373.500 351.227 325.968 304.918 -999.250 -999.250 -999.250 -999.250 -999.250 -999.250 -999.250 -999.250 -999.250 -999.250 -999.250 -999.250 -999.250 -999.250 -999.250 -999.250 -999.250 -999.250 -999.250 -999.250 -999.250 -999.250 -999.250 -999.250 -999.250 -999.250 -999.250
184.749 200.888 235.051 267.486 302.168 304.848 329.400 338.885 306.902 262.245 229.241 180.483 137.640 83.840 67.976 101.288 149.024 192.121 232.937 283.985 319.750 309.115 359.714 341.512 356.121 346.250 394.867 380.294 392.200 377.918 374.054 366.776 364.002 345.401 317.619 336.270 310.801 310.049 -999.250 -999.250 -999.250 -999.250 -999.250 -999.250 -999.250 -999.250 -999.250 -999.250 -999.250 -999.250 -999.250 -999.250 -999.250 -999.250 -999.250 -999.250 -999.250 -999.250 -999.250 -999.250 -999.250 -999.250 -999.250 -999.250
161.727 172.603 217.265 252.178 327.347 367.198 352.464 353.500 319.544 267.681 214.498 161.482 128.669 85.884 82.648 108.583 144.924 164.527 216.806 250.555 285.906 314.676 358.716 327.660 310.810 347.345 361.953 357.088 386.516 389.187 342.020 348.221 347.992 347.816 321.286 315.844 323.926 316.132 302.877 -999.250 -999.250 -999.250 -999.250 -999.250 -999.250 -999.250 -999.250 -999.250 -999.250 -999.250 -999.250 -999.250 -999.250 -999.250 -999.250 -999.250 -999.250 -999.250 -999.250 -999.250 -999.250 -999.250 -999.250 -999.250
151.589 146.271 195.835 257.077 315.269 382.513 375.843 363.102 314.945 257.175 207.111 148.693 115.782 102.564 107.964 129.776 154.531 169.982 195.321 240.676 261.379 293.060 288.714 299.028 346.622 312.668 328.410 328.826 314.106 335.367 307.929 319.584 318.582 340.678 310.849 323.683 310.557 297.570 289.016 -999.250 -999.250 -999.250 -999.250 -999.250 -999.250 -999.250 -999.250 -999.250 -999.250 -999.250 -999.250 -999.250 -999.250 -999.250 -999.250 -999.250 -999.250 -999.250 -999.250 -999.250 -999.250 -999.250 -999.250 -999.250
139.692 80.743 186.123 280.890 342.683 409.952 411.624 389.346 360.622 272.985 207.728 90.744 116.956 126.603 143.837 139.739 159.249 177.961 203.540 240.679 262.989 279.896 284.687 276.313 302.881 292.483 301.633 284.753 283.552 288.367 284.957 277.669 297.007 289.681 289.028 299.736 298.051 267.959 277.926 -999.250 -999.250 -999.250 -999.250 -999.250 -999.250 -999.250 -999.250 -999.250 -999.250 -999.250 -999.250 -999.250 -999.250 -999.250 -999.250 -999.250 -999.250 -999.250 -999.250 -999.250 -999.250 -999.250 -999.250 -999.250
184.628 192.468 256.669 345.231 406.075 448.725 467.365 442.153 393.454 337.214 245.116 163.531 156.378 154.220 157.715 170.552 170.480 183.446 189.268 225.380 233.604 273.567 272.334 258.610 271.508 259.379 268.269 284.528 277.448 258.852 258.860 255.418 262.272 282.574 273.162 282.623 296.832 282.799 290.216 265.588 -999.250 -999.250 -999.250 -999.250 -999.250 -999.250 -999.250 243.544 -999.250 -999.250 -999.250 -999.250 -999.250 -999.250 -999.250 -999.250 -999.250 -999.250 -999.250 -999.250 -999.250 -999.250 -999.250 -999.250
241.774 277.079 345.128 371.773 460.998 496.185 524.163 490.733 443.929 364.282 287.956 239.761 215.091 187.296 171.523 184.236 187.735 212.353 212.613 217.083 242.335 236.187 257.149 255.793 257.171 243.922 220.202 241.498 230.481 219.601 210.653 231.986 248.411 259.986 257.390 261.144 259.795 269.561 259.525 268.884 238.251 -999.250 -999.250 -999.250 221.867 211.751 228.561 240.839 -999.250 -999.250 -999.250 -999.250 -999.250 -999.250 -999.250 -999.250 -999.250 -999.250 -999.250 -999.250 -999.250 -999.250 -999.250 -999.250
268.504 323.067 390.874 431.928 491.905 520.501 587.595 524.122 465.235 383.235 314.518 278.687 243.722 224.063 214.401 198.828 202.768 230.482 218.968 233.044 247.867 248.783 259.363 260.755 250.726 230.883 200.203 172.661 164.151 183.569 194.212 203.413 227.698 251.988 260.379 267.813 253.543 261.850 255.198 240.584 235.587 -999.250 211.827 204.333 209.887 217.115 230.935 -999.250 -999.250 -999.250 -999.250 -999.250 -999.250 -999.250 -999.250 -999.250 -999.250 -999.250 -999.250 -999.250 -999.250 -999.250 -999.250 -999.250
341.616 372.572 441.041 453.205 496.749 522.709 532.147 512.070 483.771 404.340 344.189 303.028 275.969 255.049 226.843 231.939 223.064 225.843 224.514 242.651 246.370 276.540 252.387 235.499 234.479 211.319 176.741 146.264 121.974 142.812 165.020 200.482 231.432 250.714 256.184 267.998 266.460 270.207 255.950 241.840 241.492 225.822 212.105 183.599 215.307 213.128 237.051 -999.250 -999.250 -999.250 -999.250 -999.250 -999.250 -999.250 -999.250 -999.250 -999.250 -999.250 -999.250 -999.250 -999.250 -999.250 -999.250 -999.250
332.144 404.148 431.295 467.028 500.026 503.311 517.230 495.667 471.939 392.796 371.031 328.806 314.266 266.650 256.945 261.047 221.413 235.282 241.840 236.927 242.271 265.626 247.134 237.164 221.077 197.584 173.551 138.021 43.738 114.302 169.476 194.987 215.364 265.539 253.933 245.377 258.667 244.266 248.217 227.681 227.257 252.585 240.268 217.406 209.899 225.524 216.902 -999.250 -999.250 -999.250 -999.250 -999.250 -999.250 -999.250 -999.250 -999.250 -999.250 -999.250 -999.250 -999.250 -999.250 -999.250 -999.250 -999.250
340.854 391.149 427.848 459.796 482.970 481.368 478.679 472.987 443.195 401.401 374.603 339.248 311.926 299.032 262.688 274.195 265.986 277.211 279.852 281.015 271.199 251.164 248.478 249.305 221.785 208.616 187.840 140.383 131.405 143.899 168.900 217.762 243.585 259.471 253.864 251.765 244.460 248.857 237.178 252.226 238.105 252.524 244.249 245.506 225.902 246.153 231.736 -999.250 -999.250 -999.250 -999.250 -999.250 -999.250 -999.250 -999.250 -999.250 -999.250 -999.250 -999.250 -999.250 -999.250 -999.250 -999.250 -999.250
315.881 351.664 389.354 411.479 439.430 439.610 440.816 429.774 442.611 408.884 397.128 352.908 300.404 277.574 287.231 278.562 281.365 287.748 289.553 273.070 281.345 264.072 260.401 261.968 227.940 225.354 226.439 205.533 169.137 164.873 195.074 202.677 229.701 245.061 249.510 243.710 246.437 238.530 267.001 247.785 250.439 268.671 251.251 250.447 246.509 232.086 -999.250 -999.250 -999.250 -999.250 -999.250 -999.250 -999.250 -999.250 -999.250 -999.250 -999.250 -999.250 -999.250 -999.250 -999.250 -999.250 -999.250 -999.250
336.855 347.541 364.737 369.530 420.168 409.637 430.627 423.848 406.641 371.622 392.719 353.888 319.980 293.001 293.000 304.200 280.111 299.466 282.780 286.324 308.689 283.551 268.962 255.168 243.651 248.621 237.668 207.116 199.939 196.357 206.162 237.115 250.382 270.567 251.484 251.724 250.976 232.101 258.405 276.752 269.675 258.111 235.409 251.399 224.215 224.033 -999.250 -999.250 -999.250 -999.250 -999.250 -999.250 -999.250 -999.250 -999.250 -999.250 -999.250 -999.250 -999.250 -999.250 -999.250 -999.250 -999.250 -999.250
337.668 344.029 339.124 346.650 363.192 355.480 369.099 364.385 370.228 359.307 339.352 356.902 329.244 308.006 312.451 299.623 316.885 315.369 289.041 346.124 327.265 308.379 284.257 302.748 264.168 270.748 264.775 254.873 223.318 234.831 233.608 247.975 279.521 281.136 258.565 258.503 270.081 253.453 247.434 260.918 265.474 238.536 237.760 232.941 210.330 217.522 -999.250 -999.250 -999.250 -999.250 -999.250 -999.250 -999.250 -999.250 -999.250 -999.250 -999.250 -999.250 -999.250 -999.250 -999.250 -999.250 -999.250 -999.250
324.455 312.018 310.901 308.784 303.094 304.861 309.490 327.535 340.120 336.068 336.434 336.929 326.599 319.660 334.992 318.579 317.199 341.123 336.605 337.298 349.079 333.200 302.007 324.733 323.397 316.749 278.426 272.559 269.979 252.795 264.133 263.876 276.294 253.297 299.614 252.851 275.835 251.050 256.029 228.685 255.857 252.355 251.370 237.673 208.926 -999.250 -999.250 -999.250 -999.250 -999.250 -999.250 -999.250 -999.250 -999.250 -999.250 -999.250 -999.250 -999.250 -999.250 -999.250 -999.250 -999.250 -999.250 -999.250
276.273 285.346 295.293 303.268 282.412 255.904 242.694 254.495 290.407 328.730 338.251 328.782 333.503 339.380 337.201 345.527 337.715 353.567 345.789 362.437 352.163 347.377 348.408 337.142 323.246 334.516 303.295 318.241 309.087 276.630 276.338 275.003 300.624 271.406 279.995 264.415 250.415 247.261 252.360 252.433 -999.250 -999.250 251.927 223.279 212.668 -999.250 -999.250 -999.250 -999.250 -999.250 -999.250 -999.250 -999.250 -999.250 -999.250 -999.250 -999.250 -999.250 -999.250 -999.250 -999.250 -999.250 -999.250 -999.250
290.320 266.325 280.880 291.463 266.719 214.653 166.771 234.317 287.795 313.871 318.684 316.590 344.571 351.095 332.482 354.387 334.284 364.856 371.641 365.871 356.103 367.489 343.640 377.399 360.981 348.669 348.533 329.239 330.921 350.141 355.572 318.610 295.269 282.861 286.030 267.674 246.016 270.044 257.943 239.660 -999.250 -999.250 -999.250 -999.250 -999.250 -999.250 -999.250 -999.250 -999.250 -999.250 -999.250 -999.250 -999.250 -999.250 -999.250 -999.250 -999.250 -999.250 -999.250 -999.250 -999.250 -999.250 -999.250 -999.250
288.904 270.783 284.681 270.811 254.376 246.135 217.578 232.680 278.930 307.702 317.862 335.705 322.787 337.120 343.534 370.335 349.237 362.600 377.989 384.793 374.787 401.500 382.779 352.979 369.514 367.511 380.335 371.544 362.463 375.029 364.046 350.192 318.270 321.791 285.487 314.032 -999.250 -999.250 257.298 -999.250 -999.250 -999.250 -999.250 -999.250 -999.250 -999.250 -999.250 -999.250 -999.250 -999.250 -999.250 -999.250 -999.250 -999.250 -999.250 -999.250 -999.250 -999.250 -999.250 -999.250 -999.250 -999.250 -999.250 -999.250
285.592 270.802 264.166 275.412 260.361 247.958 248.621 261.791 282.652 306.328 312.803 318.064 329.349 345.851 356.331 365.689 363.685 391.896 416.036 396.692 419.197 388.699 391.260 410.073 398.213 384.544 406.051 406.795 377.621 389.301 365.612 367.748 361.431 336.676 -999.250 -999.250 -999.250 -999.250 -999.250 -999.250 -999.250 -999.250 -999.250 -999.250 -999.250 -999.250 -999.250 -999.250 -999.250 -999.250 -999.250 -999.250 -999.250 -999.250 -999.250 -999.250 -999.250 -999.250 -999.250 -999.250 -999.250 -999.250 -999.250 -999.250
