data/medianmodel_21-Oct-2020.asc
ncols	141
nrows	288
xllcorner	-120191.398
yllcorner	-301404.813
cellsize	2000.000
NODATA_value	-999.250
[rows 232 to 260 of 288, columns 0 to 66 of 141]
-999.250 -999.250 -999.250 -999.250 -999.250 -999.250 -999.250 -999.250 -999.250 -999.250 -999.250 -999.250 -999.250 -999.250 -999.250 -999.250 -999.250 -999.250 -999.250 -999.250 -999.250 -999.250 -999.250 -999.250 -999.250 -999.250 -999.250 83.517 79.256 77.882 97.735 102.078 93.073 81.584 72.454 60.743 50.266 50.045 48.723 47.017 47.491 51.877 60.018 62.194 67.499 63.180 59.435 56.530 55.430 54.912 57.767 57.769 51.149 48.157 47.960 43.656 37.623 40.271 50.754 58.956 75.337 87.342 126.607 142.637 193.152 231.942 255.456
-999.250 -999.250 -999.250 -999.250 -999.250 -999.250 -999.250 -999.250 -999.250 -999.250 -999.250 -999.250 -999.250 -999.250 -999.250 -999.250 -999.250 -999.250 -999.250 -999.250 -999.250 -999.250 -999.250 -999.250 -999.250 -999.250 -999.250 -999.250 88.050 101.731 105.221 101.968 90.814 89.198 70.812 58.247 56.947 55.907 59.197 55.479 53.625 52.024 54.397 57.421 62.216 54.352 63.097 61.253 63.128 56.704 60.153 51.452 45.902 37.925 39.136 36.203 36.167 35.699 47.733 56.547 71.391 83.176 116.717 127.107 156.587 207.561 235.950
-999.250 -999.250 -999.250 -999.250 -999.250 -999.250 -999.250 -999.250 -999.250 -999.250 -999.250 -999.250 -999.250 -999.250 -999.250 -999.250 -999.250 -999.250 -999.250 -999.250 -999.250 -999.250 -999.250 -999.250 -999.250 -999.250 -999.250 -999.250 -999.250 -999.250 95.424 102.767 100.798 80.315 67.171 66.137 60.172 61.249 58.503 59.235 55.780 52.647 51.082 53.606 55.592 61.269 63.787 65.620 71.639 64.905 59.002 56.771 54.466 47.151 38.069 36.234 35.522 37.356 33.697 44.339 59.650 82.073 95.664 125.970 145.720 181.214 201.469
-999.250 -999.250 -999.250 -999.250 -999.250 -999.250 -999.250 -999.250 -999.250 -999.250 -999.250 -999.250 -999.250 -999.250 -999.250 -999.250 -999.250 -999.250 -999.250 -999.250 -999.250 -999.250 -999.250 -999.250 -999.250 -999.250 -999.250 -999.250 -999.250 -999.250 100.542 103.162 95.292 87.068 73.210 70.435 64.192 67.190 62.816 63.894 56.835 50.556 53.815 51.045 54.971 61.287 58.890 59.018 57.232 48.752 52.509 57.487 61.843 50.808 40.101 38.814 36.065 26.627 29.148 39.044 51.026 67.214 83.442 114.275 136.100 185.520 185.549
-999.250 -999.250 -999.250 -999.250 -999.250 -999.250 -999.250 -999.250 -999.250 -999.250 -999.250 -999.250 -999.250 -999.250 -999.250 -999.250 -999.250 -999.250 -999.250 -999.250 -999.250 -999.250 -999.250 -999.250 -999.250 -999.250 -999.250 -999.250 -999.250 -999.250 103.587 108.202 97.224 91.477 82.689 80.615 77.456 68.103 68.425 60.323 58.854 53.162 50.621 53.564 43.690 62.316 57.288 62.166 59.182 52.281 53.848 57.438 59.167 45.076 40.751 35.663 28.807 27.629 23.092 24.251 50.524 60.698 84.215 111.363 121.099 146.387 181.594
-999.250 -999.250 -999.250 -999.250 -999.250 -999.250 -999.250 -999.250 -999.250 -999.250 -999.250 -999.250 -999.250 -999.250 -999.250 -999.250 -999.250 -999.250 -999.250 -999.250 -999.250 -999.250 -999.250 -999.250 -999.250 -999.250 -999.250 -999.250 -999.250 -999.250 -999.250 107.081 101.711 96.118 83.977 78.694 78.047 76.641 71.304 64.678 52.820 55.795 54.425 57.788 53.910 62.570 60.826 59.405 67.612 50.207 51.221 54.800 52.164 48.390 42.904 35.629 28.703 33.179 31.541 39.107 47.251 57.769 76.353 104.342 117.514 153.512 158.371
-999.250 -999.250 -999.250 -999.250 -999.250 -999.250 -999.250 -999.250 -999.250 -999.250 -999.250 -999.250 -999.250 -999.250 -999.250 -999.250 -999.250 -999.250 -999.250 -999.250 -999.250 -999.250 -999.250 -999.250 -999.250 -999.250 -999.250 -999.250 -999.250 -999.250 96.368 88.810 89.415 88.126 82.146 75.983 64.185 66.874 63.554 62.299 54.901 50.758 58.790 63.170 51.630 64.409 65.542 68.332 58.965 61.079 57.734 52.641 48.452 48.675 45.559 38.926 36.324 34.534 37.990 42.120 42.207 61.827 89.078 90.244 109.341 120.628 139.983
-999.250 -999.250 -999.250 -999.250 -999.250 -999.250 -999.250 -999.250 -999.250 -999.250 -999.250 -999.250 -999.250 -999.250 -999.250 -999.250 -999.250 -999.250 -999.250 -999.250 -999.250 -999.250 -999.250 -999.250 -999.250 -999.250 -999.250 -999.250 -999.250 -999.250 -999.250 94.071 93.313 88.239 85.900 72.799 69.353 70.580 64.947 61.264 60.246 54.704 54.698 53.309 57.041 54.190 59.165 62.499 51.971 53.981 52.984 54.157 49.627 47.960 46.147 35.228 35.562 36.150 37.672 38.532 42.234 63.053 64.171 77.477 91.842 118.651 144.992
-999.250 -999.250 -999.250 -999.250 -999.250 -999.250 -999.250 -999.250 -999.250 -999.250 -999.250 -999.250 -999.250 -999.250 -999.250 -999.250 -999.250 -999.250 -999.250 -999.250 -999.250 -999.250 -999.250 -999.250 -999.250 -999.250 -999.250 -999.250 -999.250 -999.250 81.454 90.235 83.753 87.754 79.133 64.654 65.995 56.735 60.967 66.830 59.587 58.630 50.697 55.355 52.748 61.188 60.424 60.231 57.181 54.937 48.954 61.243 51.143 50.561 40.487 34.804 33.587 33.789 40.857 42.172 48.181 56.190 62.332 69.233 72.034 114.478 112.227
-999.250 -999.250 -999.250 -999.250 -999.250 -999.250 -999.250 -999.250 -999.250 -999.250 -999.250 -999.250 -999.250 -999.250 -999.250 -999.250 -999.250 -999.250 -999.250 -999.250 -999.250 -999.250 -999.250 -999.250 -999.250 -999.250 -999.250 -999.250 -999.250 -999.250 84.277 79.556 81.023 80.807 71.015 69.115 65.649 65.145 63.781 78.586 68.575 63.079 61.056 56.155 60.371 68.200 63.810 61.925 55.589 48.855 57.982 53.040 50.879 45.395 45.624 34.141 32.845 36.554 35.903 36.293 45.271 51.228 56.171 61.760 61.168 75.721 89.964
-999.250 -999.250 -999.250 -999.250 -999.250 -999.250 -999.250 -999.250 -999.250 -999.250 -999.250 -999.250 -999.250 -999.250 -999.250 -999.250 -999.250 -999.250 -999.250 -999.250 -999.250 -999.250 -999.250 -999.250 -999.250 -999.250 -999.250 -999.250 -999.250 -999.250 78.444 79.621 80.907 73.808 77.507 79.588 72.524 69.800 68.050 76.303 70.526 66.303 66.863 53.845 59.943 61.999 60.850 58.263 55.054 49.196 53.425 58.617 53.834 46.895 38.954 32.906 27.487 30.458 33.942 32.569 42.023 46.446 51.703 64.818 62.541 68.688 80.101
-999.250 -999.250 -999.250 -999.250 -999.250 -999.250 -999.250 -999.250 -999.250 -999.250 -999.250 -999.250 -999.250 -999.250 -999.250 -999.250 -999.250 -999.250 -999.250 -999.250 -999.250 -999.250 -999.250 -999.250 -999.250 -999.250 -999.250 -999.250 -999.250 -999.250 73.025 67.446 75.426 84.581 78.973 76.121 69.000 73.107 75.431 66.810 67.190 61.696 67.080 64.829 65.758 67.172 58.404 55.628 54.965 50.579 45.587 48.097 42.887 37.011 35.614 32.575 28.280 28.000 28.717 30.648 32.743 38.257 43.638 50.855 57.898 71.882 84.604
-999.250 -999.250 -999.250 -999.250 -999.250 -999.250 -999.250 -999.250 -999.250 -999.250 -999.250 -999.250 -999.250 -999.250 -999.250 -999.250 -999.250 -999.250 -999.250 -999.250 -999.250 -999.250 -999.250 -999.250 -999.250 -999.250 -999.250 -999.250 -999.250 -999.250 71.125 78.727 81.782 74.666 81.941 84.321 78.705 82.071 75.373 71.149 68.977 64.061 66.908 69.461 64.745 73.837 58.097 62.521 58.335 53.064 45.761 43.227 43.570 39.206 33.345 32.183 25.133 19.037 19.668 19.094 27.166 22.330 36.728 41.017 55.305 75.377 81.606
-999.250 -999.250 -999.250 -999.250 -999.250 -999.250 -999.250 -999.250 -999.250 -999.250 -999.250 -999.250 -999.250 -999.250 -999.250 -999.250 -999.250 -999.250 -999.250 -999.250 -999.250 -999.250 -999.250 -999.250 -999.250 -999.250 -999.250 -999.250 -999.250 -999.250 -999.250 75.487 81.051 98.311 93.013 86.226 85.978 81.699 74.261 72.089 73.277 69.849 74.066 71.747 71.137 65.193 53.642 57.051 51.508 44.340 48.269 45.799 33.637 33.655 31.839 29.018 27.966 21.677 15.855 19.491 13.042 14.391 34.821 38.629 53.196 65.258 93.220
-999.250 -999.250 -999.250 -999.250 -999.250 -999.250 -999.250 -999.250 -999.250 -999.250 -999.250 -999.250 -999.250 -999.250 -999.250 -999.250 -999.250 -999.250 -999.250 -999.250 -999.250 -999.250 -999.250 -999.250 -999.250 -999.250 -999.250 -999.250 -999.250 -999.250 -999.250 84.445 78.200 87.991 87.274 95.008 76.398 76.942 84.748 72.685 69.205 76.273 82.451 82.621 80.242 67.904 57.327 63.919 51.716 49.287 38.172 37.253 33.744 30.788 23.533 21.111 17.874 12.050 21.820 20.418 16.894 20.580 33.843 41.091 53.548 76.141 103.214
-999.250 -999.250 -999.250 -999.250 -999.250 -999.250 -999.250 -999.250 -999.250 -999.250 -999.250 -999.250 -999.250 -999.250 -999.250 -999.250 -999.250 -999.250 -999.250 -999.250 -999.250 -999.250 -999.250 -999.250 -999.250 -999.250 -999.250 -999.250 -999.250 -999.250 70.323 78.655 86.729 94.145 94.950 100.736 88.032 99.509 97.488 100.051 91.991 84.050 89.059 78.378 86.911 76.108 70.700 63.811 51.519 48.330 39.197 40.063 29.001 24.430 19.464 19.778 13.008 6.098 13.060 13.930 17.838 29.671 39.031 52.555 65.001 77.333 96.076
-999.250 -999.250 -999.250 -999.250 -999.250 -999.250 -999.250 -999.250 -999.250 -999.250 -999.250 -999.250 -999.250 -999.250 -999.250 -999.250 -999.250 -999.250 -999.250 -999.250 -999.250 -999.250 -999.250 -999.250 -999.250 -999.250 -999.250 -999.250 -999.250 -999.250 74.182 77.707 91.660 82.898 95.877 101.442 104.612 110.913 110.217 109.842 103.543 88.996 101.648 84.817 77.065 67.415 65.630 54.654 49.090 48.738 41.656 35.475 35.949 22.012 15.714 10.494 8.448 7.161 12.308 17.094 25.693 30.315 42.209 53.231 72.962 74.894 87.430
-999.250 -999.250 -999.250 -999.250 -999.250 -999.250 -999.250 -999.250 -999.250 -999.250 -999.250 -999.250 -999.250 -999.250 -999.250 -999.250 -999.250 -999.250 -999.250 -999.250 -999.250 -999.250 -999.250 -999.250 -999.250 -999.250 -999.250 -999.250 -999.250 -999.250 81.083 80.471 93.892 93.811 98.268 95.793 104.058 117.201 120.207 116.797 107.922 103.646 98.881 83.029 76.284 75.969 62.227 57.279 49.179 52.216 44.498 40.329 35.563 28.326 15.400 0.000 9.768 14.024 15.555 24.798 33.213 35.751 41.604 46.192 56.198 74.289 87.552
-999.250 -999.250 -999.250 -999.250 -999.250 -999.250 -999.250 -999.250 -999.250 -999.250 -999.250 -999.250 -999.250 -999.250 -999.250 -999.250 -999.250 -999.250 -999.250 -999.250 -999.250 -999.250 -999.250 -999.250 -999.250 -999.250 -999.250 -999.250 -999.250 -999.250 93.610 101.036 86.747 89.457 106.806 106.306 96.549 111.218 121.561 127.342 124.326 115.983 105.549 85.804 73.458 78.665 63.629 58.887 60.594 59.911 46.355 40.632 40.001 31.668 27.142 15.494 17.338 16.629 21.445 23.841 32.874 36.474 44.816 45.943 53.480 67.396 77.147
-999.250 -999.250 -999.250 -999.250 -999.250 -999.250 -999.250 -999.250 -999.250 -999.250 -999.250 -999.250 -999.250 -999.250 -999.250 -999.250 -999.250 -999.250 -999.250 -999.250 -999.250 -999.250 -999.250 -999.250 -999.250 -999.250 -999.250 -999.250 -999.250 -999.250 84.434 94.801 93.778 93.028 112.175 104.681 105.655 100.950 133.084 137.557 124.266 111.270 106.154 87.541 73.943 79.437 73.140 69.030 61.310 57.898 55.506 52.337 43.014 37.568 31.583 32.309 25.801 26.295 28.299 27.529 28.406 41.345 46.812 51.555 49.388 66.989 76.830
-999.250 -999.250 -999.250 -999.250 -999.250 -999.250 -999.250 -999.250 -999.250 -999.250 -999.250 -999.250 -999.250 -999.250 -999.250 -999.250 -999.250 -999.250 -999.250 -999.250 -999.250 -999.250 -999.250 -999.250 -999.250 -999.250 -999.250 -999.250 -999.250 75.810 83.014 88.579 87.593 90.826 98.433 104.845 98.867 116.429 122.052 130.846 120.986 112.000 92.253 88.427 85.772 71.900 69.265 69.248 64.941 56.752 53.102 51.048 44.971 39.330 32.737 35.019 37.101 26.435 29.949 28.524 35.172 37.988 39.098 49.950 51.414 56.706 78.785
-999.250 -999.250 -999.250 -999.250 -999.250 -999.250 -999.250 -999.250 -999.250 -999.250 -999.250 -999.250 -999.250 -999.250 -999.250 -999.250 -999.250 -999.250 -999.250 -999.250 -999.250 -999.250 -999.250 -999.250 -999.250 -999.250 -999.250 -999.250 -999.250 -999.250 82.529 100.259 95.943 85.726 96.878 97.869 109.056 107.791 105.407 107.985 101.629 100.412 99.434 86.148 72.313 72.865 66.398 67.608 63.386 61.132 52.918 61.640 49.194 48.850 38.732 32.584 34.721 31.018 30.954 30.152 36.892 34.603 41.566 45.256 46.022 56.100 67.404
-999.250 -999.250 -999.250 -999.250 -999.250 -999.250 -999.250 -999.250 -999.250 -999.250 -999.250 -999.250 -999.250 -999.250 -999.250 -999.250 -999.250 -999.250 -999.250 -999.250 -999.250 -999.250 -999.250 -999.250 -999.250 -999.250 -999.250 -999.250 -999.250 -999.250 79.396 84.635 101.384 102.050 87.755 90.061 101.551 96.878 105.391 91.003 95.612 89.566 87.605 90.139 77.762 71.890 73.594 58.484 67.731 59.447 53.066 58.471 54.296 46.307 45.936 47.429 44.202 40.286 37.361 34.648 39.839 38.185 36.685 32.562 39.382 48.102 55.090
-999.250 -999.250 -999.250 -999.250 -999.250 -999.250 -999.250 -999.250 -999.250 -999.250 -999.250 -999.250 -999.250 -999.250 -999.250 -999.250 -999.250 -999.250 -999.250 -999.250 -999.250 -999.250 -999.250 -999.250 -999.250 -999.250 -999.250 -999.250 -999.250 -999.250 -999.250 91.406 94.140 89.146 85.730 78.524 82.779 85.356 96.535 92.956 81.571 80.668 80.594 93.746 73.614 67.424 63.290 56.739 59.377 56.080 63.367 54.839 53.815 53.311 50.206 43.718 44.271 45.459 43.849 42.922 37.700 31.567 33.143 30.322 33.755 44.419 55.419
-999.250 -999.250 -999.250 -999.250 -999.250 -999.250 -999.250 -999.250 -999.250 -999.250 -999.250 -999.250 -999.250 -999.250 -999.250 -999.250 -999.250 -999.250 -999.250 -999.250 -999.250 -999.250 -999.250 -999.250 -999.250 -999.250 -999.250 -999.250 -999.250 -999.250 -999.250 91.530 92.885 90.783 76.802 79.825 81.890 86.223 95.606 89.380 88.938 79.809 73.783 78.490 83.556 75.231 61.006 60.576 64.042 62.192 61.975 50.142 55.535 48.114 49.520 46.068 52.474 45.578 35.861 40.461 36.428 38.965 26.957 27.852 29.285 33.831 55.480
-999.250 -999.250 -999.250 -999.250 -999.250 -999.250 -999.250 -999.250 -999.250 -999.250 -999.250 -999.250 -999.250 -999.250 -999.250 -999.250 -999.250 -999.250 -999.250 -999.250 -999.250 -999.250 -999.250 -999.250 -999.250 -999.250 -999.250 -999.250 -999.250 -999.250 88.704 84.963 85.646 90.558 84.499 86.543 80.951 66.469 84.713 89.786 85.299 85.671 81.707 94.723 77.950 74.339 65.537 57.272 64.881 65.042 60.777 49.737 47.749 50.723 49.609 49.861 40.767 45.483 38.273 40.469 42.097 34.766 32.238 24.645 14.870 35.224 53.405
-999.250 -999.250 -999.250 -999.250 -999.250 -999.250 -999.250 -999.250 -999.250 -999.250 -999.250 -999.250 -999.250 -999.250 -999.250 -999.250 -999.250 -999.250 -999.250 -999.250 -999.250 -999.250 -999.250 -999.250 -999.250 -999.250 -999.250 -999.250 -999.250 -999.250 76.925 74.603 87.916 76.791 81.611 75.506 74.016 67.635 84.352 90.630 83.266 64.623 72.736 97.914 84.520 80.793 74.359 60.318 57.112 61.712 62.357 61.848 60.286 46.375 52.720 49.062 53.992 42.245 44.464 44.392 43.839 45.686 35.109 29.579 35.466 40.980 44.806
-999.250 -999.250 -999.250 -999.250 -999.250 -999.250 -999.250 -999.250 -999.250 -999.250 -999.250 -999.250 -999.250 -999.250 -999.250 -999.250 -999.250 -999.250 -999.250 -999.250 -999.250 -999.250 -999.250 -999.250 -999.250 -999.250 -999.250 -999.250 -999.250 -999.250 76.017 65.344 69.462 76.585 69.585 66.173 69.250 72.930 78.802 89.328 72.131 69.619 73.467 81.509 82.151 80.424 65.515 60.388 66.370 68.386 59.288 62.379 59.743 62.241 53.080 56.896 48.510 52.428 52.582 51.756 47.029 45.180 45.941 42.637 45.541 44.427 56.250
-999.250 -999.250 -999.250 -999.250 -999.250 -999.250 -999.250 -999.250 -999.250 -999.250 -999.250 -999.250 -999.250 -999.250 -999.250 -999.250 -999.250 -999.250 -999.250 -999.250 -999.250 -999.250 -999.250 -999.250 -999.250 -999.250 -999.250 -999.250 -999.250 -999.250 67.533 66.683 65.366 59.860 57.731 65.675 60.673 65.167 80.071 71.360 73.825 65.388 77.821 70.999 82.370 78.226 72.183 65.243 67.844 71.717 61.585 62.735 57.027 58.181 52.005 64.100 50.377 55.246 54.448 55.895 54.212 58.158 57.643 59.197 56.144 62.836 73.628
