data/medianmodel_10-Oct-2020.asc
ncols	141
nrows	288
xllcorner	-120191.398
yllcorner	-301404.813
cellsize	2000.000
NODATA_value	-999.250
[rows 30 to 59 of 288, columns 68 to 135 of 141]
127.850 119.135 124.745 117.630 106.243 96.108 83.229 61.430 46.831 36.808 26.005 20.572 17.606 15.841 20.352 22.153 24.848 29.980 35.822 51.745 53.823 57.480 70.751 85.096 94.733 103.727 101.171 104.471 117.780 111.968 106.892 99.472 99.207 94.900 87.259 107.867 100.046 104.286 114.529 124.457 122.749 138.265 151.812 169.908 177.568 182.765 194.439 210.034 196.301 213.773 208.649 195.313 212.333 182.667 181.277 176.951 157.056 148.279 130.076 124.285 109.671 95.696 81.818 80.211 71.027 70.603 73.951 78.180
95.957 96.771 99.505 91.100 79.911 74.533 66.957 54.623 43.043 32.050 28.593 24.743 19.686 20.206 23.804 29.640 28.642 40.010 39.631 55.374 61.447 61.102 68.831 79.181 84.766 92.778 95.771 95.175 99.243 102.636 94.338 89.047 80.925 86.459 87.003 82.423 87.543 102.828 100.562 105.478 119.419 120.588 140.152 151.773 160.364 168.226 169.789 185.307 181.631 190.924 197.975 183.867 170.634 171.260 164.364 155.476 162.904 147.358 121.355 105.651 96.283 80.477 66.809 65.149 59.836 60.053 65.135 64.859
73.404 76.812 69.879 64.093 65.073 56.479 45.989 47.081 38.102 36.310 32.270 30.367 32.047 33.728 35.490 38.020 38.814 37.085 40.301 54.426 62.199 68.219 71.057 79.000 79.407 78.367 93.613 90.232 97.589 96.829 85.001 79.894 78.011 81.703 76.103 73.653 94.735 93.515 97.907 106.017 111.577 116.499 129.705 134.001 141.687 150.954 157.150 172.076 166.416 179.215 184.829 177.121 168.998 146.895 153.513 143.809 147.425 130.011 121.859 106.049 84.796 75.832 61.808 48.819 49.974 40.575 54.069 56.983
50.814 51.255 51.307 46.269 42.151 39.092 38.352 40.237 41.086 42.967 38.760 39.062 46.964 47.794 47.150 46.517 42.159 46.250 45.946 56.924 68.634 70.125 71.625 80.093 79.591 72.350 78.727 81.797 81.622 77.593 74.088 75.636 72.858 71.786 70.572 73.028 81.561 89.335 90.305 98.157 103.334 111.616 125.209 137.695 144.376 159.974 152.602 165.333 166.267 174.124 175.379 153.240 164.333 151.544 147.669 136.336 127.570 112.037 101.689 95.871 79.275 74.351 53.569 48.605 39.550 41.724 38.837 42.812
35.314 37.033 34.106 31.591 36.838 33.245 32.094 34.283 40.219 48.094 51.409 57.628 64.388 62.938 57.628 50.925 57.255 49.407 48.695 51.922 50.903 58.267 65.657 70.579 69.596 73.148 78.462 70.511 70.392 73.752 74.184 76.101 78.428 69.141 66.120 75.117 76.539 78.354 88.544 80.539 104.480 110.417 118.998 134.723 133.381 147.202 164.765 166.618 165.894 151.007 157.449 162.983 149.995 143.919 137.659 129.324 123.839 111.106 91.915 82.711 76.082 66.083 50.628 41.031 40.756 30.004 31.083 39.515
24.882 24.883 22.714 28.721 27.540 27.915 33.382 38.177 39.294 55.183 64.556 68.840 74.184 83.605 70.761 63.335 52.037 55.822 61.340 50.048 47.313 50.575 54.952 55.325 59.713 60.586 71.825 67.208 65.697 70.246 74.245 74.373 74.034 71.597 63.033 63.781 70.759 64.529 74.692 80.509 92.879 110.032 117.123 130.892 135.476 142.369 162.102 161.249 169.701 167.436 172.567 162.721 152.828 148.149 140.494 125.515 118.814 99.958 85.926 79.456 72.812 58.332 43.917 38.852 28.533 29.091 29.283 31.641
17.879 19.232 18.530 23.129 24.453 28.872 33.365 41.578 49.843 57.933 68.446 81.809 89.867 82.782 78.069 73.379 59.440 58.138 46.411 40.476 46.607 37.132 45.706 43.864 45.754 50.322 52.924 61.312 62.773 66.493 72.525 68.953 67.929 66.483 66.667 68.914 68.989 73.929 75.658 77.518 95.579 106.298 126.082 126.786 122.561 130.209 146.365 150.773 159.580 176.353 175.281 174.076 159.749 139.605 138.544 126.122 111.352 105.041 83.428 79.451 65.950 56.989 50.578 33.192 33.129 27.293 39.012 42.270
20.123 15.496 17.296 22.459 25.923 31.469 36.710 50.384 52.640 63.393 68.350 77.786 90.418 85.827 77.223 72.808 63.086 51.205 50.988 43.748 39.197 35.262 36.917 40.840 37.806 38.958 45.867 58.665 55.695 58.549 57.895 62.759 65.626 64.798 71.145 67.632 75.632 83.201 84.988 93.139 98.883 115.416 120.450 123.720 133.019 133.811 151.841 160.325 162.755 161.015 169.267 177.687 163.517 147.935 137.580 136.864 115.686 98.543 91.915 84.194 80.175 69.906 54.007 44.694 44.834 39.547 40.344 50.580
13.454 15.688 20.139 24.495 26.723 38.890 51.692 61.146 62.780 64.215 74.358 90.701 94.692 83.590 87.270 69.693 66.171 50.930 45.021 36.524 34.010 32.915 28.682 28.316 33.816 35.345 35.221 46.463 52.449 56.104 59.311 64.021 62.910 66.002 62.632 69.750 73.365 78.137 86.451 94.540 107.270 115.041 117.651 137.228 133.851 134.370 148.266 151.155 161.499 151.378 169.531 172.308 165.999 141.997 154.421 135.906 121.944 103.401 91.035 90.606 83.337 70.972 64.625 61.377 58.110 50.446 56.179 63.350
12.527 13.968 19.346 26.746 35.791 48.327 55.778 66.912 69.495 78.420 86.595 95.535 101.798 94.410 81.245 77.697 65.032 49.542 42.632 29.340 26.320 23.419 21.505 23.352 23.861 29.881 36.787 36.355 38.321 48.038 56.524 58.900 56.219 66.194 71.881 73.822 72.658 77.268 88.133 100.789 104.095 120.323 128.448 140.964 129.810 139.284 142.601 168.251 154.570 156.146 162.469 158.214 167.630 166.703 149.952 137.719 135.760 126.865 106.205 98.090 87.288 77.740 69.463 64.484 62.017 63.294 70.920 75.451
7.879 17.215 22.696 30.546 35.094 50.489 58.196 63.317 73.739 82.546 89.076 100.620 97.202 89.194 79.212 67.517 64.985 51.922 39.434 31.901 18.305 17.826 15.212 18.687 20.673 28.057 30.752 29.987 35.578 46.092 51.138 48.209 58.888 58.273 65.407 68.428 74.902 78.063 89.673 103.355 115.320 133.253 141.767 149.019 141.811 140.881 153.134 145.255 168.030 166.901 176.166 165.975 175.513 173.521 151.677 148.866 139.206 139.602 115.199 110.947 98.984 84.165 81.185 77.376 79.373 81.441 84.517 -999.250
6.688 17.032 26.505 39.929 50.657 61.924 68.821 77.693 91.176 84.118 88.729 100.542 96.778 82.582 80.637 68.424 63.301 47.314 41.711 30.681 20.886 19.784 14.270 15.836 17.588 24.245 23.745 30.414 33.161 38.830 42.993 46.997 55.559 58.025 64.264 71.053 73.339 88.436 100.130 118.873 127.976 147.684 150.376 155.863 150.907 156.724 159.480 172.201 169.676 171.220 176.734 174.305 172.325 176.805 164.790 153.210 135.205 132.707 122.917 120.696 99.017 95.309 101.499 89.113 94.451 95.773 94.664 96.226
11.922 19.766 27.277 39.113 56.674 69.631 82.372 82.788 86.067 93.912 99.726 95.787 91.791 87.259 81.632 67.696 63.118 47.905 36.831 30.455 24.798 23.311 16.435 16.540 15.800 16.296 19.635 21.508 27.452 31.730 32.128 37.319 49.013 48.158 59.073 70.602 79.088 86.559 108.771 122.694 132.617 144.591 151.930 162.076 157.994 163.232 168.501 168.105 171.530 173.094 190.044 181.593 181.532 182.222 172.403 169.282 161.169 148.016 137.165 130.670 119.363 101.550 108.678 97.525 -999.250 -999.250 -999.250 -999.250
15.530 22.743 31.077 42.006 57.661 79.231 90.934 91.639 102.519 99.385 100.969 109.602 97.403 90.762 77.217 69.230 61.231 51.852 46.003 38.261 29.647 24.720 21.797 18.890 17.952 15.686 15.516 16.850 23.389 27.395 31.999 36.428 47.158 51.760 60.856 75.766 80.442 92.329 105.791 118.856 138.983 153.846 155.852 158.152 177.086 174.469 174.622 174.616 177.321 179.615 186.539 181.113 210.102 191.256 191.412 180.926 164.050 142.786 136.661 131.234 126.518 118.582 124.179 116.664 110.054 -999.250 -999.250 -999.250
18.601 25.318 31.420 49.668 64.477 76.593 91.426 110.592 108.618 110.103 107.166 104.408 91.944 83.731 74.011 64.326 54.274 54.247 46.795 38.700 35.760 32.065 23.013 19.028 17.829 13.979 15.981 13.551 19.006 24.795 26.729 30.511 36.914 48.497 61.711 75.915 79.487 96.783 106.048 119.392 138.316 163.183 160.248 176.941 169.919 174.370 180.045 179.239 180.016 186.683 201.670 214.485 209.517 193.664 199.045 184.575 160.198 159.428 149.387 125.942 127.670 116.186 112.634 -999.250 -999.250 -999.250 -999.250 -999.250
22.541 26.610 27.709 47.057 59.950 83.580 109.426 121.725 120.869 111.967 108.926 91.289 83.026 74.185 65.065 61.972 54.894 52.754 48.994 43.928 41.755 32.821 24.618 20.118 17.636 14.943 11.258 12.438 16.717 18.349 22.156 27.200 37.129 42.771 59.466 70.775 78.671 90.047 112.238 120.719 136.915 147.613 162.785 170.737 162.703 175.262 184.929 190.883 187.756 190.724 210.575 215.075 226.406 205.997 195.937 184.314 163.511 167.541 146.124 127.362 120.493 115.689 109.173 -999.250 -999.250 -999.250 -999.250 -999.250
24.274 24.511 30.165 44.838 63.941 70.614 92.253 113.931 126.096 108.362 103.052 87.577 70.869 59.831 56.545 51.240 50.925 42.093 39.312 43.416 46.841 42.466 26.633 22.630 18.077 13.930 9.288 14.958 13.078 14.747 18.374 24.338 26.836 35.367 47.520 61.106 75.944 90.530 103.013 116.234 126.527 143.365 164.344 159.153 173.112 176.322 188.815 200.965 191.779 191.675 199.075 215.320 217.485 196.742 187.139 183.073 171.544 148.360 145.488 133.159 132.681 124.176 -999.250 -999.250 -999.250 -999.250 -999.250 -999.250
26.123 25.730 30.170 38.465 51.269 67.295 79.793 97.180 105.393 99.759 88.714 71.939 61.232 51.252 42.831 35.100 34.325 31.994 33.326 35.893 47.059 37.471 27.361 19.708 16.708 12.944 10.734 9.859 9.121 11.982 19.865 24.783 27.536 33.091 45.575 54.400 64.730 89.714 102.161 119.254 124.034 142.808 155.743 153.894 163.104 161.221 184.023 183.286 185.888 183.257 192.694 183.430 197.583 213.809 172.562 178.248 159.013 148.041 143.768 132.354 -999.250 -999.250 -999.250 -999.250 -999.250 -999.250 -999.250 -999.250
24.579 28.587 28.268 37.420 46.314 61.228 69.457 82.831 87.450 86.297 76.002 62.797 44.163 33.922 29.064 19.749 21.085 24.558 30.069 31.119 37.781 30.233 27.487 18.575 18.253 11.594 5.061 2.535 5.679 12.354 19.043 21.872 25.983 30.553 44.658 53.634 66.694 80.515 86.909 105.302 117.060 135.726 147.782 150.468 150.977 165.344 177.993 188.796 178.557 185.087 187.527 190.539 180.866 174.363 168.402 165.729 142.676 156.482 146.067 133.194 -999.250 -999.250 -999.250 -999.250 -999.250 -999.250 -999.250 -999.250
20.200 22.238 22.666 26.041 37.671 51.422 63.146 67.129 74.357 72.971 62.429 46.351 29.771 22.670 15.120 0.000 10.971 19.969 22.555 28.190 27.233 23.357 20.798 19.282 14.495 7.527 2.823 0.000 3.203 6.384 14.900 20.641 25.504 26.989 43.430 52.878 65.951 75.324 86.109 98.017 105.078 124.301 153.987 145.494 151.976 145.351 149.844 164.983 165.854 180.378 180.568 174.807 171.359 174.104 160.164 -999.250 167.080 151.016 -999.250 -999.250 -999.250 -999.250 -999.250 -999.250 -999.250 -999.250 -999.250 -999.250
18.215 17.477 18.754 19.950 25.645 32.685 49.343 52.436 56.828 52.667 50.574 37.098 28.776 17.665 10.521 0.577 8.153 17.802 23.582 23.696 21.882 18.936 17.891 15.590 11.709 5.521 2.041 0.342 6.438 8.514 13.914 19.403 24.251 27.305 36.845 57.126 69.134 80.454 81.158 91.324 107.320 111.304 132.404 127.791 123.822 145.120 143.764 155.650 163.010 161.123 159.585 171.243 161.492 -999.250 -999.250 -999.250 -999.250 -999.250 -999.250 -999.250 -999.250 -999.250 -999.250 -999.250 -999.250 -999.250 -999.250 -999.250
18.365 12.055 12.361 13.836 18.864 26.032 38.040 38.604 39.609 43.659 39.031 29.443 23.870 15.478 7.738 5.666 8.333 12.374 15.503 20.142 20.665 15.372 13.862 7.008 6.766 5.693 4.250 4.936 11.499 11.832 15.458 19.146 23.782 29.378 36.848 52.941 66.557 69.987 76.007 79.622 92.444 106.281 121.081 123.216 128.070 123.880 131.359 128.176 130.686 142.926 150.572 149.544 -999.250 -999.250 -999.250 -999.250 -999.250 -999.250 -999.250 -999.250 -999.250 -999.250 -999.250 -999.250 -999.250 -999.250 -999.250 -999.250
14.932 8.241 0.030 4.691 13.432 20.764 30.308 30.343 31.397 29.182 26.462 22.120 19.903 12.926 8.277 3.509 7.259 12.111 14.516 16.708 14.916 10.586 8.913 6.824 4.943 5.038 11.363 7.608 12.809 12.363 17.790 18.610 21.671 28.739 35.620 47.309 57.593 63.467 68.174 81.933 80.528 100.017 103.748 115.430 116.960 103.648 125.071 112.876 114.924 122.199 126.156 126.250 -999.250 -999.250 -999.250 -999.250 -999.250 -999.250 -999.250 -999.250 -999.250 -999.250 -999.250 -999.250 -999.250 -999.250 -999.250 -999.250
19.902 9.911 0.000 0.000 4.286 14.612 25.360 23.605 20.775 21.536 20.457 19.026 15.829 10.691 7.244 5.407 8.437 9.415 11.793 12.397 11.699 6.982 7.819 8.649 4.347 4.117 5.520 9.437 10.987 12.614 14.075 18.032 24.011 26.704 36.387 44.305 51.982 61.775 63.545 74.027 87.304 89.145 86.321 106.691 98.721 93.486 117.475 109.300 106.998 107.199 117.267 -999.250 -999.250 -999.250 -999.250 -999.250 -999.250 -999.250 -999.250 -999.250 -999.250 -999.250 -999.250 -999.250 -999.250 -999.250 -999.250 -999.250
34.630 25.266 0.000 0.000 0.740 7.815 15.180 18.013 18.144 20.193 17.268 10.460 8.235 6.915 6.110 6.414 5.779 7.349 7.361 8.435 6.418 4.882 7.030 5.308 7.696 4.705 8.788 11.163 8.909 12.676 14.191 15.914 20.582 28.752 31.985 43.310 52.333 51.859 60.878 69.895 71.172 77.255 80.873 92.329 89.114 90.884 87.795 98.285 102.537 96.139 -999.250 -999.250 -999.250 -999.250 -999.250 -999.250 -999.250 -999.250 -999.250 -999.250 -999.250 -999.250 -999.250 -999.250 -999.250 -999.250 -999.250 -999.250
80.948 65.807 35.353 21.177 8.928 5.965 7.763 10.364 12.553 15.242 12.945 13.408 6.711 3.626 1.519 2.467 2.509 5.691 7.472 3.960 4.219 0.000 1.075 6.879 5.790 7.071 8.433 11.601 14.246 12.488 16.686 19.771 19.087 24.406 34.711 39.492 49.367 50.936 59.048 64.504 72.577 72.936 78.443 81.333 90.102 86.157 81.811 79.729 86.080 89.380 -999.250 -999.250 -999.250 -999.250 -999.250 -999.250 -999.250 -999.250 -999.250 -999.250 -999.250 -999.250 -999.250 -999.250 -999.250 -999.250 -999.250 -999.250
150.965 125.911 79.217 45.680 24.042 7.205 6.460 6.798 10.048 15.923 17.567 14.294 13.888 7.566 0.516 0.000 0.000 1.383 4.382 3.635 2.834 0.000 0.403 3.913 4.150 6.101 9.867 8.640 15.489 16.173 16.610 20.165 23.638 27.980 33.758 36.138 39.017 50.215 47.640 59.603 60.196 63.014 66.198 72.334 75.090 69.030 73.392 72.197 71.148 -999.250 -999.250 -999.250 -999.250 -999.250 -999.250 -999.250 -999.250 -999.250 -999.250 -999.250 -999.250 -999.250 -999.250 -999.250 -999.250 -999.250 -999.250 -999.250
246.621 168.579 115.042 69.412 33.804 12.051 8.511 8.659 9.682 13.960 16.120 17.334 15.481 8.417 5.661 0.000 0.000 1.048 0.000 0.598 1.041 0.004 1.939 4.836 2.652 8.362 10.048 12.352 17.190 15.594 18.844 20.335 22.662 30.755 29.635 33.861 34.889 42.311 38.467 47.449 51.803 51.829 56.419 59.824 61.523 63.779 58.754 60.643 68.955 -999.250 -999.250 -999.250 -999.250 -999.250 -999.250 -999.250 -999.250 -999.250 -999.250 -999.250 -999.250 -999.250 -999.250 -999.250 -999.250 -999.250 -999.250 -999.250
212.870 184.214 138.039 90.136 54.059 31.064 18.701 13.427 15.928 15.898 18.068 17.553 11.660 9.569 2.419 0.000 0.000 0.000 0.000 0.804 0.000 0.000 1.092 4.537 3.382 6.249 7.101 10.844 14.942 16.480 18.438 21.348 23.390 28.807 27.800 36.641 42.614 36.132 35.034 42.363 52.683 50.591 51.627 50.415 55.531 56.810 53.751 58.059 70.610 -999.250 -999.250 -999.250 -999.250 -999.250 -999.250 -999.250 -999.250 -999.250 -999.250 -999.250 -999.250 -999.250 -999.250 -999.250 -999.250 -999.250 -999.250 -999.250
188.824 176.242 142.960 98.048 64.847 45.467 29.583 20.019 18.029 17.037 17.820 20.047 9.665 8.845 6.539 2.783 0.000 0.000 0.000 0.000 0.000 0.000 0.000 0.000 3.394 0.660 3.309 9.666 11.432 15.336 17.699 24.488 22.457 29.120 28.326 31.894 35.985 40.424 38.338 43.820 45.842 52.493 59.816 59.611 50.935 49.853 57.382 66.724 -999.250 -999.250 -999.250 -999.250 -999.250 -999.250 -999.250 -999.250 -999.250 -999.250 -999.250 -999.250 -999.250 -999.250 -999.250 -999.250 -999.250 -999.250 -999.250 -999.250
