data/medianmodel_30-Jul-2020.asc
ncols	141
nrows	288
xllcorner	-120191.398
yllcorner	-301404.813
cellsize	2000.000
NODATA_value	-999.250
[rows 180 to 209 of 288, columns 0 to 68 of 141]
-999.250 -999.250 -999.250 58.715 61.892 67.642 71.380 71.701 78.392 81.668 86.452 94.562 90.941 94.568 89.046 82.265 70.785 70.931 64.242 61.009 62.762 55.937 50.600 49.127 51.867 60.447 58.754 64.393 63.021 62.045 61.918 58.928 51.108 40.229 37.614 28.627 30.606 21.320 14.566 10.807 8.011 6.451 4.152 1.170 0.527 0.000 0.000 0.000 0.000 0.000 0.000 0.000 0.000 0.000 0.000 1.412 3.568 7.163 7.463 11.438 17.976 21.838 26.676 30.870 33.247 37.857 42.406 43.749 41.464
-999.250 -999.250 -999.250 56.337 60.834 65.363 72.401 80.544 83.229 86.242 92.727 85.120 94.767 90.802 88.441 84.683 75.465 63.687 63.655 61.125 59.196 54.108 47.163 44.718 46.645 57.730 64.718 59.107 62.810 67.612 62.659 51.435 46.230 52.995 40.380 33.917 30.354 27.853 16.718 10.800 8.906 6.510 2.693 3.176 0.000 0.000 0.000 0.000 0.000 0.000 0.000 0.000 0.000 0.000 2.041 4.784 6.053 8.353 11.508 17.990 19.076 28.213 36.772 37.862 45.839 55.227 56.228 50.108 54.492
-999.250 -999.250 54.394 54.703 68.880 68.840 77.769 78.280 83.969 84.935 85.510 81.388 90.255 77.918 85.321 82.511 71.463 69.679 63.776 61.840 55.117 55.825 49.161 40.596 48.716 53.205 61.106 66.705 67.236 69.682 63.625 47.948 46.898 43.659 40.315 38.995 27.064 22.356 14.652 11.794 9.274 7.320 5.106 1.119 0.000 0.000 0.000 0.000 0.000 0.000 0.000 0.000 0.000 1.555 3.522 8.109 9.228 12.459 16.582 21.982 33.709 36.946 45.338 54.867 58.025 64.861 65.853 65.935 69.848
-999.250 -999.250 56.148 62.186 62.916 73.277 70.435 77.990 85.723 88.586 92.182 83.693 83.880 87.569 90.968 89.046 80.041 68.653 58.136 58.648 -999.250 42.256 41.060 41.004 48.356 54.248 54.800 63.125 66.397 75.159 56.500 45.799 40.797 38.163 38.522 32.956 26.270 20.518 14.080 11.763 7.564 7.888 3.964 2.360 0.368 0.000 0.000 0.000 0.000 0.000 0.000 0.000 0.000 2.837 5.712 7.210 11.006 20.382 22.823 32.016 43.752 48.550 51.775 66.091 83.347 79.251 84.366 85.425 76.524
-999.250 59.911 60.092 62.693 65.528 76.669 72.543 81.392 81.702 86.891 88.587 88.281 95.172 92.388 96.165 86.404 85.639 70.733 59.798 -999.250 -999.250 41.786 36.051 38.595 39.388 37.212 44.172 49.973 59.972 57.023 47.450 48.147 40.169 40.852 33.305 22.632 18.743 17.714 11.811 10.356 7.960 7.035 4.271 4.494 1.619 0.000 0.000 0.000 0.000 0.000 0.000 0.000 0.000 4.192 5.501 9.647 14.316 23.908 25.903 34.554 42.180 57.893 69.429 79.983 90.102 95.177 96.282 97.636 93.895
-999.250 60.769 62.993 61.945 66.228 72.193 72.613 75.439 84.747 89.584 89.467 85.953 96.036 94.164 94.576 79.249 69.163 64.508 -999.250 -999.250 -999.250 -999.250 30.644 28.790 36.759 30.753 31.505 38.253 39.444 46.517 33.946 31.456 38.336 29.752 28.313 22.822 19.801 11.973 10.517 8.337 7.792 6.761 4.115 2.500 0.000 0.000 0.000 0.000 0.000 0.000 0.000 0.000 1.256 2.016 6.719 9.566 15.287 25.778 33.406 39.547 60.896 66.391 76.930 84.555 102.419 100.794 113.828 105.387 101.041
41.443 52.268 65.010 63.886 71.664 67.280 71.150 70.855 81.895 98.109 94.856 88.610 91.414 90.773 87.576 77.586 68.858 64.213 -999.250 -999.250 -999.250 -999.250 -999.250 21.506 22.941 21.896 23.007 21.716 31.263 30.856 21.661 20.652 23.534 21.724 16.700 12.778 13.236 10.570 10.499 8.407 8.159 4.953 3.625 1.198 0.234 0.000 0.000 0.000 0.000 0.000 0.000 0.000 0.501 4.526 8.083 11.521 14.803 31.356 30.957 47.767 57.757 68.686 78.497 94.107 112.714 131.814 128.383 120.442 112.520
-999.250 50.591 61.603 65.711 69.533 68.441 68.559 67.834 75.291 84.805 87.016 90.903 101.029 84.270 81.679 73.247 62.125 58.605 -999.250 -999.250 -999.250 -999.250 17.293 14.835 13.587 14.873 13.171 11.960 17.898 14.984 18.977 14.029 18.116 11.856 11.256 11.687 9.966 10.354 6.993 7.903 6.051 2.739 1.864 0.376 0.000 0.000 0.000 0.000 0.000 0.000 0.000 0.000 0.475 4.312 8.469 10.911 15.840 26.021 36.083 53.551 58.556 69.127 85.678 99.513 121.219 144.342 139.287 132.890 112.307
-999.250 55.118 60.423 64.892 72.520 65.397 65.883 68.299 72.557 68.595 77.792 83.655 83.021 85.125 77.186 70.655 61.284 56.023 -999.250 -999.250 -999.250 24.155 -999.250 12.722 11.361 9.582 9.402 7.711 8.177 10.362 9.826 9.951 9.856 9.264 9.515 7.568 8.621 7.427 5.628 6.245 3.385 0.538 0.974 0.000 0.000 0.000 0.000 0.000 0.000 0.000 0.000 0.000 0.000 4.342 7.156 9.421 13.110 26.892 37.235 49.406 60.174 65.016 87.270 99.226 107.194 132.324 132.776 133.370 119.944
-999.250 54.654 62.760 61.677 62.546 65.281 59.962 60.477 62.180 62.190 63.710 64.686 71.400 70.333 69.061 63.734 61.581 -999.250 -999.250 -999.250 -999.250 23.172 15.124 11.789 10.009 9.573 5.906 3.544 1.855 3.773 6.739 5.571 6.678 7.486 8.872 7.362 5.948 4.355 5.033 2.963 1.705 1.391 0.165 0.000 0.000 0.000 0.000 0.000 0.000 0.000 0.000 0.000 0.000 0.157 4.530 9.457 15.742 24.891 35.283 40.086 57.296 70.971 86.179 88.069 99.633 122.650 120.019 109.384 102.880
-999.250 43.831 58.809 69.286 61.181 62.179 65.937 59.570 57.082 57.854 58.994 58.058 65.601 66.800 66.650 58.688 51.879 -999.250 -999.250 -999.250 37.167 29.805 24.300 13.827 9.933 6.769 2.660 0.000 0.000 0.000 1.884 1.261 2.632 4.887 4.973 4.623 3.457 3.855 2.034 0.111 0.000 0.000 0.000 0.000 0.000 0.000 0.000 0.000 0.000 0.000 0.000 0.000 0.000 0.000 1.492 7.992 12.483 21.629 29.213 37.055 55.539 59.974 74.349 93.554 96.158 102.343 100.991 99.158 83.838
-999.250 -999.250 -999.250 60.610 -999.250 -999.250 65.197 59.503 60.260 -999.250 -999.250 -999.250 55.908 56.944 -999.250 -999.250 -999.250 -999.250 -999.250 -999.250 42.344 34.344 24.870 22.360 12.441 10.224 2.401 0.000 0.000 0.000 0.000 0.000 0.341 1.199 2.280 0.564 1.140 0.347 0.000 0.000 0.000 0.000 0.000 0.000 0.000 0.000 0.000 0.000 0.000 0.000 0.000 0.000 0.000 0.000 1.028 4.627 9.865 13.464 22.561 37.143 46.122 58.849 79.836 83.132 88.136 80.858 94.821 80.865 79.756
-999.250 -999.250 -999.250 -999.250 -999.250 -999.250 -999.250 -999.250 -999.250 -999.250 -999.250 -999.250 -999.250 58.737 51.636 60.057 -999.250 -999.250 -999.250 47.935 50.773 43.447 42.962 32.965 18.673 9.992 5.012 0.574 0.000 0.000 0.000 0.000 0.000 0.000 0.000 0.000 0.000 0.000 0.000 0.000 0.000 0.000 0.000 0.000 0.000 0.000 0.000 0.000 0.000 0.000 0.000 0.000 0.000 0.000 0.000 1.141 4.853 9.514 16.830 23.990 39.585 54.547 65.952 79.548 71.551 73.682 76.027 77.153 77.316
-999.250 -999.250 -999.250 -999.250 -999.250 -999.250 -999.250 -999.250 -999.250 -999.250 -999.250 51.312 45.258 51.486 60.680 61.524 -999.250 -999.250 50.943 54.560 58.650 61.541 54.384 40.271 25.954 13.214 7.463 1.488 0.000 0.000 0.000 0.000 0.000 0.000 0.000 0.000 0.000 0.000 0.000 0.000 0.000 0.000 0.000 0.000 0.000 0.000 0.000 0.000 0.000 0.000 0.000 0.000 0.000 0.000 0.000 0.000 0.000 6.529 13.842 21.264 34.216 42.084 61.695 62.667 67.003 69.413 63.857 58.439 61.114
-999.250 -999.250 -999.250 -999.250 -999.250 -999.250 -999.250 -999.250 -999.250 -999.250 -999.250 46.954 50.824 49.469 47.011 50.329 50.111 55.400 49.977 60.736 70.005 82.289 62.453 44.030 27.207 18.879 10.892 6.539 1.901 0.277 0.000 0.000 0.000 0.000 0.000 0.000 0.000 0.000 0.000 0.000 0.000 0.000 0.000 0.000 0.000 0.000 0.000 0.000 0.000 0.000 0.000 0.000 0.000 0.000 0.000 0.000 0.000 3.312 10.373 18.427 30.776 35.631 42.427 45.483 55.305 65.338 56.033 44.699 49.636
-999.250 -999.250 -999.250 -999.250 -999.250 -999.250 -999.250 -999.250 -999.250 -999.250 -999.250 -999.250 51.721 49.785 44.421 41.078 44.113 45.515 54.532 53.047 61.050 68.731 63.799 43.899 33.682 21.864 14.121 8.591 6.695 4.102 3.120 1.286 0.550 0.000 0.000 0.000 0.000 0.000 0.000 0.000 0.000 0.000 0.000 0.000 0.000 0.000 0.000 0.000 0.000 0.000 0.000 0.000 0.000 0.000 0.000 0.000 0.000 4.606 7.441 11.939 22.829 26.515 33.422 35.550 38.941 47.044 37.159 33.563 33.116
-999.250 -999.250 -999.250 -999.250 -999.250 -999.250 -999.250 -999.250 -999.250 -999.250 -999.250 -999.250 -999.250 37.552 41.781 33.648 37.120 37.796 39.831 45.256 50.135 61.466 58.694 42.861 33.776 21.869 17.460 11.325 10.324 9.698 6.569 5.954 3.636 0.456 0.000 0.000 0.000 0.000 0.000 0.000 0.000 0.000 0.000 0.000 0.000 0.000 0.000 0.000 0.000 0.000 0.000 0.000 0.000 0.000 0.000 0.000 0.000 2.788 4.546 8.348 12.330 24.162 24.263 34.681 29.967 25.732 25.339 24.175 24.203
-999.250 -999.250 -999.250 -999.250 -999.250 -999.250 -999.250 -999.250 -999.250 -999.250 -999.250 -999.250 -999.250 31.954 35.342 33.802 30.990 29.766 32.257 43.880 40.498 46.775 46.035 39.877 30.464 18.642 20.456 18.544 15.776 11.035 8.757 8.496 6.410 5.392 2.182 0.000 0.000 0.000 0.000 0.000 0.000 0.000 0.000 0.000 0.000 0.000 0.000 0.000 0.000 0.000 0.000 0.000 0.000 0.000 0.000 0.000 0.000 0.776 4.410 5.363 9.101 12.150 18.674 20.910 21.434 13.644 15.271 15.752 15.331
-999.250 -999.250 -999.250 -999.250 -999.250 -999.250 -999.250 -999.250 -999.250 -999.250 -999.250 -999.250 -999.250 35.524 30.577 30.714 28.846 25.494 28.548 31.521 36.886 38.833 41.367 38.008 31.700 26.032 22.709 25.098 23.612 18.800 11.270 8.956 6.828 7.610 4.685 0.798 0.000 0.000 0.000 0.000 0.000 0.000 0.000 0.000 0.000 0.000 0.000 0.000 0.000 0.000 0.000 0.000 0.000 0.000 0.000 0.000 0.000 0.000 1.486 3.074 4.839 7.352 9.565 11.553 11.298 12.527 12.011 11.509 9.871
-999.250 -999.250 -999.250 -999.250 -999.250 -999.250 -999.250 -999.250 -999.250 -999.250 -999.250 -999.250 -999.250 -999.250 32.497 31.994 28.342 25.110 28.925 23.299 28.921 33.585 34.901 40.219 31.309 29.188 32.316 35.208 33.011 25.532 18.227 11.775 11.203 8.789 5.830 1.893 0.066 0.000 0.000 0.000 0.000 0.000 0.000 0.000 0.000 0.000 0.000 0.000 0.000 0.000 0.000 0.000 0.000 0.000 0.000 0.000 0.000 0.000 0.000 1.527 1.776 5.868 5.705 7.080 8.172 8.003 6.421 6.663 5.884
-999.250 -999.250 -999.250 -999.250 -999.250 -999.250 -999.250 -999.250 -999.250 -999.250 -999.250 -999.250 -999.250 -999.250 28.103 23.301 25.205 22.887 23.840 22.438 30.596 32.934 32.841 34.642 38.971 39.249 38.132 36.797 42.562 28.128 19.248 17.877 11.791 10.547 7.248 4.163 1.454 0.000 0.000 0.000 0.000 0.000 0.000 0.000 0.000 0.000 0.000 0.000 0.000 0.000 0.000 0.000 0.000 0.000 0.000 0.000 0.000 0.000 0.000 0.000 0.105 1.091 4.177 3.894 3.777 4.043 1.849 2.366 1.909
-999.250 -999.250 -999.250 -999.250 -999.250 -999.250 -999.250 -999.250 -999.250 -999.250 -999.250 -999.250 -999.250 -999.250 22.621 21.123 19.011 18.125 20.302 20.040 26.829 28.370 36.483 35.058 34.253 35.768 40.100 36.910 32.997 22.774 19.744 18.607 13.687 9.620 6.403 4.234 1.280 0.000 0.000 0.000 0.000 0.000 0.000 0.000 0.000 0.000 0.000 0.000 0.000 0.000 0.000 0.000 0.000 0.000 0.000 0.000 0.000 0.000 0.000 0.000 0.000 0.000 0.000 0.568 0.000 0.000 0.000 0.000 0.000
-999.250 -999.250 -999.250 -999.250 -999.250 -999.250 -999.250 -999.250 -999.250 -999.250 -999.250 -999.250 -999.250 -999.250 19.305 19.332 17.588 14.993 19.384 22.633 28.641 29.741 33.187 36.788 39.286 -999.250 30.868 32.935 29.944 21.881 16.480 14.024 12.552 10.656 7.659 2.351 2.346 0.565 0.000 0.000 0.000 0.000 0.000 0.000 0.000 0.000 0.000 0.000 0.000 0.000 0.000 0.000 0.000 0.000 0.000 0.000 0.000 0.000 0.000 0.000 0.000 0.000 0.000 0.000 0.000 0.000 0.000 0.000 0.000
-999.250 -999.250 -999.250 -999.250 -999.250 -999.250 -999.250 -999.250 -999.250 -999.250 -999.250 -999.250 -999.250 -999.250 17.026 14.328 14.765 21.955 15.787 18.750 22.157 26.032 24.684 -999.250 -999.250 -999.250 27.497 30.665 22.379 18.472 13.721 11.892 12.091 10.280 5.965 3.114 2.765 0.033 0.000 0.000 0.000 0.000 0.000 0.000 0.000 0.000 0.000 0.000 0.000 0.000 0.000 0.000 0.000 0.000 0.000 0.000 0.000 0.000 0.000 0.000 0.000 0.000 0.000 0.000 0.000 0.000 0.000 0.000 0.000
-999.250 -999.250 -999.250 -999.250 -999.250 -999.250 -999.250 -999.250 -999.250 -999.250 -999.250 -999.250 -999.250 14.475 15.374 12.737 13.845 18.216 16.434 22.203 20.762 27.102 -999.250 -999.250 -999.250 -999.250 -999.250 24.202 21.707 14.799 12.603 10.667 10.600 8.117 6.142 3.091 0.823 0.958 0.000 0.000 0.000 0.000 0.000 0.000 0.000 0.000 0.000 0.000 0.000 0.000 0.000 0.000 0.000 0.000 0.000 0.000 0.000 0.000 0.000 0.000 0.000 0.000 0.000 0.000 0.000 0.000 0.000 0.000 0.000
-999.250 -999.250 -999.250 -999.250 -999.250 -999.250 -999.250 -999.250 -999.250 -999.250 -999.250 -999.250 -999.250 12.656 11.931 13.200 17.994 17.772 21.107 23.563 -999.250 -999.250 -999.250 -999.250 -999.250 -999.250 -999.250 -999.250 13.862 13.001 12.627 10.549 9.281 7.835 6.716 4.349 3.501 1.569 0.000 0.000 0.000 0.000 0.000 0.000 0.000 0.000 0.000 0.000 0.000 0.000 0.000 0.000 0.000 0.000 0.000 0.000 0.000 0.000 0.000 0.000 0.000 0.000 0.000 0.000 0.000 0.000 0.000 0.000 0.000
-999.250 -999.250 -999.250 -999.250 -999.250 -999.250 -999.250 -999.250 -999.250 -999.250 -999.250 -999.250 9.881 11.481 -999.250 -999.250 -999.250 -999.250 -999.250 -999.250 -999.250 -999.250 -999.250 -999.250 -999.250 -999.250 -999.250 -999.250 -999.250 12.985 12.330 9.228 8.891 7.549 5.458 4.585 2.049 1.656 0.000 0.000 0.000 0.000 0.000 0.000 0.000 0.000 0.000 0.000 0.000 0.000 0.000 0.000 0.000 0.000 0.000 0.000 0.000 0.000 0.000 0.000 0.000 0.000 0.000 0.000 0.000 0.000 0.000 0.000 0.000
-999.250 -999.250 -999.250 -999.250 -999.250 -999.250 -999.250 -999.250 -999.250 -999.250 -999.250 -999.250 -999.250 -999.250 -999.250 -999.250 -999.250 -999.250 -999.250 -999.250 -999.250 -999.250 -999.250 -999.250 -999.250 -999.250 -999.250 -999.250 -999.250 -999.250 10.207 9.705 9.758 7.464 6.365 5.392 3.864 1.807 0.000 0.000 0.000 0.000 0.000 0.000 0.000 0.000 0.000 0.000 0.000 0.000 0.000 0.000 0.000 0.000 0.000 0.000 0.000 0.000 0.000 0.000 0.000 0.000 0.000 0.000 0.000 0.000 0.000 0.000 0.000
-999.250 -999.250 -999.250 -999.250 -999.250 -999.250 -999.250 -999.250 -999.250 -999.250 -999.250 -999.250 -999.250 -999.250 -999.250 -999.250 -999.250 -999.250 -999.250 -999.250 -999.250 -999.250 -999.250 -999.250 -999.250 -999.250 -999.250 -999.250 -999.250 -999.250 8.933 8.378 7.515 6.805 7.118 5.216 4.263 2.083 0.377 0.000 0.000 0.000 0.000 0.000 0.000 0.000 0.000 0.000 0.000 0.000 0.000 0.000 0.000 0.000 0.000 0.000 0.000 0.000 0.000 0.000 0.000 0.000 0.000 0.000 0.000 0.000 0.000 0.000 0.000
-999.250 -999.250 -999.250 -999.250 -999.250 -999.250 -999.250 -999.250 -999.250 -999.250 -999.250 -999.250 -999.250 -999.250 -999.250 -999.250 -999.250 -999.250 -999.250 -999.250 -999.250 -999.250 -999.250 -999.250 -999.250 -999.250 -999.250 -999.250 -999.250 -999.250 8.063 6.846 4.776 5.739 4.888 5.306 3.125 1.676 0.000 0.000 0.000 0.000 0.000 0.000 0.000 0.000 0.000 0.000 0.000 0.000 0.000 0.000 0.000 0.000 0.000 0.000 0.000 0.000 0.000 0.000 0.000 0.000 0.000 0.000 0.000 0.000 0.000 0.000 0.000
