data/medianmodel_28-Jul-2020.asc
ncols	141
nrows	288
xllcorner	-120191.398
yllcorner	-301404.813
cellsize	2000.000
NODATA_value	-999.250
[rows 124 to 154 of 288, columns 0 to 68 of 141]
-999.250 -999.250 -999.250 -999.250 -999.250 -999.250 -999.250 -999.250 -999.250 -999.250 -999.250 -999.250 -999.250 -999.250 -999.250 -999.250 -999.250 -999.250 -999.250 -999.250 -999.250 -999.250 -999.250 -999.250 1.067 0.134 0.000 0.000 0.432 0.105 0.344 0.512 1.076 1.868 1.420 3.577 4.700 5.138 6.425 3.509 1.904 0.000 0.000 0.000 0.000 0.000 0.000 0.000 0.000 0.000 0.000 0.000 0.000 0.000 0.000 0.000 0.000 0.000 0.000 3.347 10.281 18.652 32.131 56.299 77.505 90.407 119.993 140.530 161.129
-999.250 -999.250 -999.250 -999.250 -999.250 -999.250 -999.250 -999.250 -999.250 -999.250 -999.250 -999.250 -999.250 -999.250 -999.250 -999.250 -999.250 -999.250 -999.250 -999.250 -999.250 -999.250 -999.250 -999.250 0.213 0.000 1.565 0.000 1.309 1.703 1.291 1.176 1.415 1.722 2.812 2.244 3.372 4.253 3.778 2.950 0.502 0.000 0.000 0.000 0.000 0.000 0.000 0.000 0.000 0.000 0.000 0.000 0.000 0.000 0.000 0.000 0.000 0.000 0.000 2.118 5.433 13.607 23.936 48.601 65.418 88.329 93.918 122.570 141.995
-999.250 -999.250 -999.250 -999.250 -999.250 -999.250 -999.250 -999.250 -999.250 -999.250 -999.250 -999.250 -999.250 -999.250 -999.250 -999.250 -999.250 -999.250 -999.250 -999.250 -999.250 -999.250 -999.250 0.965 0.454 0.616 0.851 2.255 0.699 2.678 2.437 2.219 2.605 3.195 3.105 2.778 2.532 2.344 1.303 0.000 0.000 0.000 0.000 0.000 0.000 0.000 0.000 0.000 0.000 0.000 0.000 0.000 0.000 0.000 0.000 0.000 0.000 0.000 0.000 0.000 4.389 10.873 16.381 30.879 56.496 72.759 84.609 91.437 109.228
-999.250 -999.250 -999.250 -999.250 -999.250 -999.250 -999.250 -999.250 -999.250 -999.250 -999.250 -999.250 -999.250 -999.250 -999.250 -999.250 -999.250 -999.250 -999.250 -999.250 -999.250 -999.250 -999.250 2.948 2.605 2.576 1.946 4.077 3.634 3.377 4.646 6.421 5.931 4.123 2.079 3.477 1.897 1.839 0.000 0.000 0.000 0.000 0.000 0.000 0.000 0.000 0.000 0.000 0.000 0.000 0.000 0.000 1.018 0.000 0.000 0.000 0.000 0.000 0.000 0.000 0.000 4.665 8.612 16.549 27.846 56.651 69.892 82.321 91.375
-999.250 -999.250 -999.250 -999.250 -999.250 -999.250 -999.250 -999.250 -999.250 -999.250 -999.250 -999.250 -999.250 -999.250 -999.250 -999.250 -999.250 -999.250 -999.250 -999.250 -999.250 -999.250 -999.250 4.142 4.279 4.597 4.511 4.083 5.474 7.523 6.757 6.215 5.301 5.029 3.924 3.534 2.000 1.330 0.000 0.000 0.000 0.000 0.000 0.000 0.000 0.000 0.000 0.000 0.000 0.643 4.200 4.957 6.316 3.988 2.427 0.790 0.000 0.000 0.000 0.000 0.000 0.000 0.000 7.621 14.845 23.719 58.675 72.855 74.252
-999.250 -999.250 -999.250 -999.250 -999.250 -999.250 -999.250 -999.250 -999.250 -999.250 -999.250 -999.250 -999.250 -999.250 -999.250 -999.250 -999.250 -999.250 -999.250 -999.250 -999.250 -999.250 5.203 5.541 5.005 5.153 5.487 7.361 8.441 8.573 7.575 7.735 7.801 4.836 5.409 3.953 2.652 0.714 0.000 0.000 0.000 0.000 0.000 0.000 0.000 0.000 1.125 3.162 4.373 7.619 10.143 14.050 12.583 9.304 6.875 4.461 1.282 0.000 0.000 0.000 0.000 0.000 0.000 3.830 10.233 14.524 28.164 41.680 51.000
-999.250 -999.250 -999.250 -999.250 -999.250 -999.250 -999.250 -999.250 -999.250 -999.250 -999.250 -999.250 -999.250 -999.250 -999.250 -999.250 -999.250 -999.250 -999.250 -999.250 -999.250 -999.250 4.987 7.828 7.325 7.012 7.786 5.932 9.586 10.360 11.976 11.324 9.409 8.324 5.216 4.518 3.248 0.596 0.000 0.000 0.000 0.000 0.000 0.000 0.286 2.899 6.422 8.887 11.000 13.223 17.355 20.260 23.436 17.742 12.572 10.312 6.347 2.893 0.000 0.000 0.000 0.000 0.000 0.000 4.235 9.207 15.763 25.250 38.546
-999.250 -999.250 -999.250 -999.250 -999.250 -999.250 -999.250 -999.250 -999.250 -999.250 -999.250 -999.250 -999.250 -999.250 -999.250 -999.250 -999.250 -999.250 -999.250 -999.250 -999.250 3.779 4.510 8.060 10.387 9.079 8.096 8.344 10.730 11.569 15.966 12.546 9.149 7.956 6.345 4.942 2.882 0.014 0.000 0.000 0.000 0.000 1.009 2.138 5.004 6.816 11.795 14.351 16.950 17.282 30.220 33.833 34.453 24.776 20.653 15.318 11.488 5.615 0.000 0.000 0.000 0.000 0.000 0.000 1.023 2.853 8.582 14.563 26.091
-999.250 -999.250 -999.250 -999.250 -999.250 -999.250 -999.250 -999.250 -999.250 -999.250 -999.250 -999.250 -999.250 -999.250 -999.250 -999.250 -999.250 -999.250 -999.250 -999.250 -999.250 3.190 5.299 5.757 7.012 7.431 7.462 7.077 8.304 10.776 12.434 11.738 10.918 7.979 5.886 3.308 3.025 1.888 0.000 0.000 0.706 0.186 3.301 3.659 8.030 10.356 14.331 19.955 26.447 36.919 47.714 62.674 56.120 44.499 33.715 23.384 13.746 8.418 0.318 0.000 0.000 0.000 0.000 0.000 0.000 0.907 5.143 10.236 13.629
-999.250 -999.250 -999.250 -999.250 -999.250 -999.250 -999.250 -999.250 -999.250 -999.250 -999.250 -999.250 -999.250 -999.250 -999.250 -999.250 -999.250 -999.250 -999.250 -999.250 -999.250 4.207 2.053 3.070 4.598 5.660 6.253 8.245 9.741 9.656 12.202 10.540 10.693 8.166 7.056 4.252 3.640 1.925 0.000 1.907 1.060 3.330 5.365 6.970 10.555 14.212 23.294 32.740 42.625 65.113 70.052 74.229 76.662 62.453 51.206 39.980 17.724 9.640 2.798 0.000 0.000 0.000 0.000 0.000 0.000 0.000 1.607 5.513 9.464
-999.250 -999.250 -999.250 -999.250 -999.250 -999.250 -999.250 -999.250 -999.250 -999.250 -999.250 -999.250 -999.250 -999.250 -999.250 -999.250 -999.250 -999.250 -999.250 -999.250 2.541 3.070 1.707 2.659 4.450 6.191 5.611 9.075 10.422 12.338 11.984 9.207 11.436 9.359 8.160 5.521 3.133 0.456 1.633 1.845 2.653 4.888 7.497 11.208 14.640 23.617 27.603 35.486 55.475 63.871 73.373 84.503 87.951 73.656 55.448 46.549 23.059 12.379 3.515 0.000 0.000 0.000 0.000 0.000 0.000 0.000 0.000 0.025 2.490
-999.250 -999.250 -999.250 -999.250 -999.250 -999.250 -999.250 -999.250 -999.250 -999.250 -999.250 -999.250 -999.250 -999.250 -999.250 -999.250 -999.250 -999.250 -999.250 -999.250 2.374 1.980 1.698 3.476 4.893 6.031 7.027 7.244 11.176 11.632 13.375 12.471 10.182 10.322 6.925 5.206 3.074 3.078 3.269 5.205 7.160 8.237 10.147 13.473 21.686 29.800 35.037 41.636 56.077 71.369 78.050 81.367 81.906 70.867 59.512 35.047 20.599 9.282 3.959 0.000 0.000 0.000 0.000 0.000 0.000 0.000 0.000 0.000 0.000
-999.250 -999.250 -999.250 -999.250 -999.250 -999.250 -999.250 -999.250 -999.250 -999.250 -999.250 -999.250 -999.250 -999.250 -999.250 -999.250 -999.250 -999.250 -999.250 -999.250 1.979 1.673 1.262 1.880 1.731 4.260 7.389 7.406 11.018 13.753 16.782 14.813 10.491 9.945 8.131 4.202 2.721 2.385 4.497 7.014 10.509 11.735 13.938 19.914 33.373 43.852 51.637 52.523 71.033 73.795 80.839 81.273 79.231 69.354 58.209 25.934 16.444 9.315 2.493 0.000 0.000 0.000 0.000 0.000 0.000 0.000 0.000 0.000 0.000
-999.250 -999.250 -999.250 -999.250 -999.250 -999.250 -999.250 -999.250 -999.250 -999.250 -999.250 -999.250 -999.250 -999.250 -999.250 -999.250 -999.250 -999.250 -999.250 -999.250 3.610 2.181 1.327 1.831 3.122 3.700 6.061 9.612 12.170 17.423 25.058 15.723 10.409 9.869 7.773 4.439 3.490 4.194 6.165 9.273 15.893 15.019 15.458 23.184 42.916 49.849 60.750 61.822 66.246 77.717 74.971 73.803 75.648 66.285 39.004 29.038 14.444 10.365 3.400 0.000 0.000 0.000 0.000 0.000 0.000 0.000 0.000 0.000 0.000
-999.250 -999.250 -999.250 -999.250 -999.250 -999.250 -999.250 -999.250 -999.250 -999.250 -999.250 -999.250 -999.250 -999.250 -999.250 -999.250 -999.250 -999.250 -999.250 2.929 3.241 3.731 1.353 2.143 2.403 4.276 5.831 7.640 9.866 12.998 14.106 13.495 9.902 7.967 7.640 5.074 2.953 3.176 6.879 9.522 12.274 14.332 20.395 26.917 44.029 57.022 65.692 67.702 74.805 83.071 76.600 79.746 71.935 61.793 41.969 23.188 13.779 8.575 2.150 0.000 0.000 0.000 0.000 0.000 0.000 0.000 0.000 0.000 0.000
-999.250 -999.250 -999.250 -999.250 -999.250 -999.250 -999.250 -999.250 -999.250 -999.250 -999.250 -999.250 -999.250 -999.250 -999.250 -999.250 -999.250 -999.250 -999.250 5.476 4.906 3.617 3.297 0.650 1.047 1.583 2.869 6.715 7.449 8.955 8.793 9.066 6.161 6.559 6.071 4.797 4.178 3.213 6.854 9.245 10.822 13.717 19.984 24.507 40.553 60.618 67.311 71.737 81.476 85.043 73.917 75.960 61.383 47.326 34.295 19.388 10.775 7.581 2.658 0.000 0.000 0.000 0.000 0.000 0.000 0.000 0.000 0.000 0.000
-999.250 -999.250 -999.250 -999.250 -999.250 -999.250 -999.250 -999.250 -999.250 -999.250 -999.250 -999.250 -999.250 -999.250 -999.250 -999.250 -999.250 -999.250 -999.250 5.478 7.060 3.042 2.334 0.218 0.000 0.114 2.174 3.829 3.817 7.685 8.593 4.308 3.050 3.407 3.618 2.755 5.081 5.250 6.409 8.194 10.975 14.900 20.085 30.428 41.294 53.712 69.997 74.049 85.919 80.283 76.022 69.855 56.430 40.551 29.131 14.025 8.871 3.799 0.356 0.000 0.000 0.000 0.000 0.000 0.000 0.000 0.000 0.000 0.000
-999.250 -999.250 -999.250 -999.250 -999.250 -999.250 -999.250 -999.250 -999.250 -999.250 -999.250 -999.250 -999.250 -999.250 -999.250 -999.250 -999.250 -999.250 -999.250 6.955 4.874 3.029 0.450 0.000 0.000 0.000 0.668 1.489 4.078 3.238 3.781 0.507 0.148 0.000 1.767 2.849 2.560 2.925 4.302 7.048 8.498 13.850 21.159 31.185 41.455 54.621 65.031 76.582 87.080 80.283 72.366 69.513 48.046 27.412 22.120 14.063 7.084 0.767 0.000 0.000 0.000 0.000 0.000 0.000 0.000 0.000 0.000 0.000 0.000
-999.250 -999.250 -999.250 -999.250 -999.250 -999.250 -999.250 -999.250 -999.250 -999.250 -999.250 -999.250 -999.250 -999.250 -999.250 -999.250 -999.250 -999.250 -999.250 4.955 3.175 1.626 0.000 0.000 0.000 0.000 0.000 0.000 0.000 0.000 0.000 0.000 0.000 0.000 0.000 0.000 0.421 0.872 2.469 5.008 10.070 13.055 21.078 29.183 49.714 56.897 69.130 75.215 75.347 72.631 67.623 44.869 37.823 26.314 16.105 11.795 6.840 0.794 0.000 0.000 0.000 0.000 0.000 0.000 0.000 0.000 0.609 1.795 0.850
-999.250 -999.250 -999.250 -999.250 -999.250 -999.250 -999.250 -999.250 -999.250 -999.250 -999.250 -999.250 -999.250 -999.250 -999.250 -999.250 -999.250 -999.250 5.069 5.091 2.845 0.000 0.000 1.867 0.000 0.000 0.000 0.000 0.000 0.000 0.000 0.000 0.000 0.000 0.000 0.000 0.000 0.000 0.391 3.531 6.989 13.854 22.880 36.542 59.263 65.126 73.766 68.687 70.937 65.385 51.602 35.742 32.532 22.043 12.808 8.742 4.737 0.046 0.000 0.000 0.000 0.000 0.000 0.000 0.000 0.040 1.453 3.860 3.228
-999.250 -999.250 -999.250 -999.250 -999.250 -999.250 -999.250 -999.250 -999.250 -999.250 -999.250 -999.250 -999.250 -999.250 -999.250 -999.250 -999.250 6.803 6.495 5.012 3.430 1.054 0.203 0.000 0.000 0.000 0.000 0.000 0.000 0.000 0.000 0.000 0.000 0.000 0.000 0.000 0.000 0.000 0.000 0.000 5.901 10.971 22.944 38.128 61.018 69.388 68.808 63.582 67.696 52.548 40.148 30.546 19.524 13.070 10.267 8.044 3.726 0.468 0.000 0.000 0.000 0.000 0.000 0.000 0.663 2.438 5.211 6.463 7.046
-999.250 -999.250 -999.250 -999.250 -999.250 -999.250 -999.250 -999.250 -999.250 -999.250 -999.250 -999.250 -999.250 -999.250 -999.250 -999.250 -999.250 9.542 8.283 6.041 5.394 3.273 2.423 0.000 0.000 0.000 0.000 0.000 0.000 0.000 0.000 0.000 0.000 0.000 0.000 0.000 0.000 0.000 0.000 0.000 2.666 10.884 24.645 41.781 68.189 73.170 67.035 64.056 48.304 34.333 25.571 21.364 13.142 10.015 7.425 5.719 3.909 3.199 0.000 0.000 0.000 0.000 0.000 0.000 2.355 4.541 7.253 7.932 10.657
-999.250 -999.250 -999.250 -999.250 -999.250 -999.250 -999.250 -999.250 -999.250 -999.250 -999.250 -999.250 -999.250 -999.250 -999.250 9.999 9.167 9.149 9.339 7.913 6.458 5.294 3.394 0.926 0.000 0.000 0.000 0.000 0.000 0.000 0.000 0.000 0.000 0.000 0.000 0.000 0.000 0.000 0.000 0.000 2.366 8.588 32.178 62.248 78.507 80.672 75.181 53.285 41.622 25.501 16.713 13.848 9.520 5.947 3.911 2.360 4.121 8.540 1.521 0.000 0.000 0.000 0.000 1.131 2.881 6.826 8.648 11.987 14.262
-999.250 -999.250 -999.250 -999.250 -999.250 -999.250 -999.250 -999.250 -999.250 -999.250 -999.250 -999.250 -999.250 -999.250 10.924 11.787 12.112 10.537 10.165 10.771 6.954 5.525 5.589 4.201 0.893 0.414 0.000 0.000 0.000 0.000 0.000 0.000 0.000 0.000 0.000 0.000 0.000 0.000 0.000 0.277 5.542 13.126 44.547 76.015 93.245 93.300 79.176 46.277 32.451 17.850 11.007 8.262 3.997 0.000 0.000 0.000 1.528 3.685 0.000 0.000 0.000 0.000 0.000 2.950 5.798 8.385 10.594 13.878 16.043
-999.250 -999.250 -999.250 -999.250 -999.250 -999.250 -999.250 -999.250 -999.250 -999.250 -999.250 -999.250 -999.250 -999.250 11.968 10.558 12.745 10.088 10.745 12.732 9.959 9.409 7.350 6.113 2.184 1.816 0.284 0.000 0.000 0.000 0.000 0.000 0.000 0.000 0.000 0.000 0.000 0.000 0.000 1.434 8.988 18.079 55.700 83.107 110.481 120.605 77.884 40.209 20.944 12.852 8.394 3.619 0.000 0.000 0.000 0.000 0.000 0.000 0.000 0.000 0.000 0.000 1.329 6.356 8.691 10.051 10.672 14.734 17.606
-999.250 -999.250 -999.250 -999.250 -999.250 -999.250 -999.250 -999.250 -999.250 -999.250 -999.250 -999.250 -999.250 11.525 10.964 12.649 11.381 12.673 10.882 11.911 11.788 9.580 8.457 6.851 6.692 2.122 2.251 1.103 0.000 0.000 0.000 0.000 0.000 0.000 0.000 0.000 0.000 0.000 0.000 3.234 9.045 17.488 43.022 73.872 95.418 82.863 59.006 25.713 13.860 9.332 5.555 0.368 0.000 0.000 0.000 0.000 0.000 0.000 0.000 0.000 0.000 1.042 3.088 6.455 8.560 10.765 12.997 14.548 16.624
-999.250 -999.250 -999.250 -999.250 -999.250 -999.250 -999.250 -999.250 -999.250 -999.250 -999.250 -999.250 10.627 11.961 11.090 10.858 12.345 12.028 12.643 12.679 13.273 10.736 8.247 7.912 8.175 3.745 4.022 4.021 0.544 0.000 0.000 0.000 0.000 0.000 0.000 0.000 0.000 0.000 0.000 3.302 8.602 13.340 25.049 38.462 50.916 37.676 22.975 11.415 8.151 3.920 0.000 0.000 0.000 0.000 0.000 0.000 0.000 0.000 0.000 0.000 0.000 2.007 5.896 6.618 8.213 12.695 12.695 14.339 14.465
-999.250 -999.250 -999.250 -999.250 -999.250 -999.250 -999.250 -999.250 -999.250 -999.250 -999.250 7.830 8.983 10.369 12.799 12.678 12.133 14.208 13.215 12.153 13.042 12.238 10.381 9.159 8.630 8.697 6.520 5.608 2.113 1.196 0.313 0.000 0.000 0.000 0.000 0.000 0.000 0.000 0.000 0.000 2.646 7.707 12.663 13.744 12.028 0.000 5.134 4.898 5.427 0.748 0.000 0.000 0.000 0.000 0.000 0.000 0.000 0.000 0.000 0.000 0.000 1.382 5.416 7.511 10.384 10.663 11.924 12.406 13.225
-999.250 -999.250 -999.250 -999.250 -999.250 -999.250 -999.250 -999.250 -999.250 -999.250 5.421 8.247 7.942 10.017 11.668 13.287 13.150 12.831 15.225 15.826 13.940 11.802 11.169 10.217 10.318 6.844 7.624 7.250 5.818 3.453 1.338 0.449 0.000 0.000 0.000 0.000 0.000 0.000 0.000 0.000 0.843 2.508 4.627 4.517 0.479 0.000 0.000 1.056 0.880 0.000 0.000 0.000 0.000 0.000 0.000 0.000 0.000 0.000 0.000 0.000 0.000 1.397 4.627 6.306 8.167 9.204 11.661 12.552 12.259
-999.250 -999.250 -999.250 -999.250 -999.250 -999.250 -999.250 -999.250 -999.250 1.908 3.998 4.817 7.056 9.899 10.930 16.878 13.467 12.936 14.981 23.116 14.563 13.006 10.792 10.650 10.681 10.754 10.830 9.547 8.327 6.206 3.679 2.006 2.289 1.371 0.000 0.197 0.000 0.488 0.435 0.000 0.000 0.000 0.000 0.000 0.000 0.000 1.251 1.863 1.204 0.000 0.000 0.000 0.000 0.000 0.000 0.000 0.000 0.000 0.000 0.000 0.535 4.298 5.998 6.789 10.375 9.218 11.495 11.584 11.558
-999.250 -999.250 -999.250 -999.250 -999.250 0.448 0.000 0.000 0.000 0.000 0.458 0.564 4.749 6.362 7.938 10.102 10.694 10.283 11.349 14.222 13.251 11.582 12.388 11.205 11.446 13.147 13.272 11.490 10.015 8.332 6.866 4.318 4.392 4.099 1.773 2.080 1.290 2.753 0.358 0.000 0.000 0.000 0.000 0.000 0.000 2.556 10.873 4.432 0.978 0.000 0.000 0.000 0.000 0.000 0.000 0.000 0.000 0.000 0.000 0.000 0.724 3.318 5.430 8.342 8.462 10.142 10.326 10.220 12.372
