data/medianmodel_02-Apr-2020.asc
ncols	141
nrows	288
xllcorner	-120191.398
yllcorner	-301404.813
cellsize	2000.000
NODATA_value	-999.250
[rows 120 to 149 of 288, columns 0 to 67 of 141]
-999.250 -999.250 -999.250 -999.250 -999.250 -999.250 -999.250 -999.250 -999.250 -999.250 -999.250 -999.250 -999.250 -999.250 -999.250 -999.250 -999.250 -999.250 -999.250 -999.250 -999.250 -999.250 -999.250 -999.250 -999.250 -999.250 27.103 22.113 23.013 27.001 30.094 24.242 22.070 25.342 23.502 30.361 36.650 48.303 53.292 51.438 55.389 58.596 49.737 52.712 46.566 34.743 27.336 23.743 22.795 26.883 32.660 40.656 38.995 34.901 33.906 29.935 31.609 35.181 44.118 46.123 47.270 50.480 48.846 40.518 38.552 38.905 26.723 26.803
-999.250 -999.250 -999.250 -999.250 -999.250 -999.250 -999.250 -999.250 -999.250 -999.250 -999.250 -999.250 -999.250 -999.250 -999.250 -999.250 -999.250 -999.250 -999.250 -999.250 -999.250 -999.250 -999.250 -999.250 -999.250 21.178 21.163 23.673 20.932 25.445 22.507 30.461 30.586 32.444 23.073 31.435 44.639 52.619 57.607 65.274 63.322 63.131 66.679 57.527 51.340 42.531 23.959 19.116 28.110 39.683 48.380 49.606 52.452 50.550 40.512 42.897 40.962 45.351 58.651 48.066 46.586 43.342 40.889 35.469 37.176 29.045 23.048 19.850
-999.250 -999.250 -999.250 -999.250 -999.250 -999.250 -999.250 -999.250 -999.250 -999.250 -999.250 -999.250 -999.250 -999.250 -999.250 -999.250 -999.250 -999.250 -999.250 -999.250 -999.250 -999.250 -999.250 -999.250 -999.250 19.389 23.451 26.424 21.610 26.936 31.073 28.595 27.732 41.832 33.837 36.494 46.563 52.499 59.923 73.099 64.291 85.802 73.556 65.836 59.936 49.435 45.214 24.919 43.275 62.382 55.727 57.816 56.341 61.591 48.512 43.799 49.691 50.749 54.383 52.792 48.909 40.982 34.937 31.243 27.997 21.833 18.470 17.457
-999.250 -999.250 -999.250 -999.250 -999.250 -999.250 -999.250 -999.250 -999.250 -999.250 -999.250 -999.250 -999.250 -999.250 -999.250 -999.250 -999.250 -999.250 -999.250 -999.250 -999.250 -999.250 -999.250 -999.250 -999.250 16.031 19.097 28.892 25.632 35.770 29.433 23.107 30.106 31.388 38.323 49.315 53.801 62.464 77.729 84.900 94.675 96.998 94.665 93.421 98.053 81.319 75.646 71.282 82.220 92.624 92.163 84.185 77.257 73.295 63.100 52.608 53.812 50.009 55.380 45.631 43.108 38.262 28.662 20.685 21.910 17.614 12.419 11.136
-999.250 -999.250 -999.250 -999.250 -999.250 -999.250 -999.250 -999.250 -999.250 -999.250 -999.250 -999.250 -999.250 -999.250 -999.250 -999.250 -999.250 -999.250 -999.250 -999.250 -999.250 -999.250 -999.250 -999.250 20.405 19.324 20.801 27.624 25.998 22.148 21.975 23.685 37.743 40.705 51.978 59.891 58.064 69.099 85.834 104.403 95.004 108.625 115.251 121.338 120.792 131.918 143.382 135.702 141.649 136.180 132.750 131.693 111.607 103.939 80.938 59.933 56.483 50.051 44.804 47.327 40.805 29.025 23.622 16.619 18.311 12.344 11.145 10.662
-999.250 -999.250 -999.250 -999.250 -999.250 -999.250 -999.250 -999.250 -999.250 -999.250 -999.250 -999.250 -999.250 -999.250 -999.250 -999.250 -999.250 -999.250 -999.250 -999.250 -999.250 -999.250 -999.250 -999.250 17.676 21.882 23.307 26.363 23.660 25.320 20.354 26.647 32.524 36.567 53.607 58.271 69.082 82.661 99.942 113.606 122.966 143.323 147.704 138.509 165.256 185.650 225.064 229.287 223.522 211.818 225.149 154.006 149.667 129.233 107.759 82.549 64.046 51.306 38.878 36.591 33.035 24.912 20.644 18.766 12.974 8.279 8.803 6.973
-999.250 -999.250 -999.250 -999.250 -999.250 -999.250 -999.250 -999.250 -999.250 -999.250 -999.250 -999.250 -999.250 -999.250 -999.250 -999.250 -999.250 -999.250 -999.250 -999.250 -999.250 -999.250 -999.250 17.415 19.039 19.806 23.787 24.287 25.769 28.841 32.174 29.322 31.602 41.493 51.853 60.855 74.626 85.682 106.872 124.987 126.331 178.759 172.635 193.762 245.395 264.988 284.315 301.157 306.932 288.020 255.973 205.443 184.524 138.289 120.781 92.658 66.223 52.383 40.275 33.828 21.868 18.671 16.693 8.635 8.503 6.457 6.031 5.983
-999.250 -999.250 -999.250 -999.250 -999.250 -999.250 -999.250 -999.250 -999.250 -999.250 -999.250 -999.250 -999.250 -999.250 -999.250 -999.250 -999.250 -999.250 -999.250 -999.250 -999.250 -999.250 -999.250 15.515 18.671 19.953 22.395 21.933 30.489 24.467 31.511 29.783 34.811 45.667 56.633 59.541 78.257 98.959 90.107 121.597 143.211 174.403 209.828 241.336 270.862 294.814 332.084 378.388 390.204 334.141 305.943 267.998 229.377 173.030 124.834 89.042 73.061 56.909 47.560 32.888 19.929 16.329 10.521 7.439 4.445 4.130 3.956 6.151
-999.250 -999.250 -999.250 -999.250 -999.250 -999.250 -999.250 -999.250 -999.250 -999.250 -999.250 -999.250 -999.250 -999.250 -999.250 -999.250 -999.250 -999.250 -999.250 -999.250 -999.250 -999.250 -999.250 17.414 16.562 24.374 26.349 21.162 25.890 25.385 27.158 29.758 36.256 35.675 50.195 66.875 93.016 93.378 103.122 117.714 166.679 170.901 219.781 241.398 287.471 328.226 386.968 462.910 469.911 390.844 324.263 275.572 226.010 170.736 134.578 108.015 79.517 64.033 46.808 35.141 21.657 14.931 6.860 3.936 1.940 1.117 3.817 5.144
-999.250 -999.250 -999.250 -999.250 -999.250 -999.250 -999.250 -999.250 -999.250 -999.250 -999.250 -999.250 -999.250 -999.250 -999.250 -999.250 -999.250 -999.250 -999.250 -999.250 -999.250 -999.250 17.032 17.600 17.776 20.950 24.783 26.411 29.815 26.430 26.367 31.612 34.150 35.816 51.375 62.131 76.802 100.538 121.272 139.704 145.779 191.708 224.982 260.362 294.329 340.440 382.259 451.573 449.865 385.323 315.954 265.100 195.509 142.624 118.076 90.920 68.134 58.632 45.237 27.710 19.066 15.240 8.142 4.707 0.815 0.000 0.837 3.778
-999.250 -999.250 -999.250 -999.250 -999.250 -999.250 -999.250 -999.250 -999.250 -999.250 -999.250 -999.250 -999.250 -999.250 -999.250 -999.250 -999.250 -999.250 -999.250 -999.250 -999.250 -999.250 18.409 19.815 19.404 20.097 23.289 23.603 21.234 23.029 23.758 26.698 35.553 44.547 48.133 63.095 87.168 102.011 112.110 123.449 141.103 161.054 230.516 274.960 290.072 342.102 386.173 409.073 406.517 327.463 291.773 244.087 168.552 147.283 110.664 93.621 60.759 57.638 45.906 30.735 21.315 12.721 7.350 1.733 0.790 0.999 1.202 3.073
-999.250 -999.250 -999.250 -999.250 -999.250 -999.250 -999.250 -999.250 -999.250 -999.250 -999.250 -999.250 -999.250 -999.250 -999.250 -999.250 -999.250 -999.250 -999.250 -999.250 -999.250 14.902 18.110 20.862 18.178 18.133 19.973 20.323 20.241 21.302 23.151 27.817 30.953 38.419 49.825 58.144 66.622 67.720 97.132 128.335 128.400 162.768 193.902 233.291 277.316 299.370 328.952 331.634 324.779 285.479 245.598 160.035 137.522 111.496 87.135 65.475 56.197 49.169 35.766 22.827 15.646 7.637 6.132 3.103 0.000 0.148 3.352 3.711
-999.250 -999.250 -999.250 -999.250 -999.250 -999.250 -999.250 -999.250 -999.250 -999.250 -999.250 -999.250 -999.250 -999.250 -999.250 -999.250 -999.250 -999.250 -999.250 -999.250 -999.250 16.050 17.111 16.227 15.520 17.841 17.883 17.898 17.047 18.964 20.591 25.328 28.513 35.201 46.997 50.013 57.990 62.872 79.080 101.211 123.396 141.224 154.781 208.693 249.164 281.134 285.266 288.488 268.613 265.743 188.354 140.054 100.881 73.920 60.370 51.288 44.274 29.041 25.161 17.600 9.889 9.068 6.141 3.096 0.000 2.439 3.172 3.417
-999.250 -999.250 -999.250 -999.250 -999.250 -999.250 -999.250 -999.250 -999.250 -999.250 -999.250 -999.250 -999.250 -999.250 -999.250 -999.250 -999.250 -999.250 -999.250 -999.250 -999.250 13.203 16.559 14.226 15.529 15.028 18.146 16.230 20.007 20.940 23.053 24.157 28.598 26.343 35.051 36.879 41.227 52.298 59.847 68.434 101.124 117.983 135.113 164.319 212.676 248.336 266.620 232.734 213.429 173.022 128.692 88.266 60.090 38.789 39.578 34.591 25.464 23.271 22.072 15.189 9.948 9.225 7.202 0.871 0.000 0.992 3.883 5.203
-999.250 -999.250 -999.250 -999.250 -999.250 -999.250 -999.250 -999.250 -999.250 -999.250 -999.250 -999.250 -999.250 -999.250 -999.250 -999.250 -999.250 -999.250 -999.250 -999.250 14.914 14.195 15.268 16.197 15.425 17.564 15.596 20.117 19.873 18.433 19.457 22.260 25.471 25.344 29.041 38.673 34.482 34.931 55.424 54.686 63.219 81.085 110.873 129.930 133.313 165.107 177.532 169.745 146.280 127.738 97.835 53.190 12.564 14.345 15.303 14.629 13.769 13.276 14.384 9.397 9.004 5.936 2.146 0.000 0.000 1.928 4.404 5.027
-999.250 -999.250 -999.250 -999.250 -999.250 -999.250 -999.250 -999.250 -999.250 -999.250 -999.250 -999.250 -999.250 -999.250 -999.250 -999.250 -999.250 -999.250 -999.250 -999.250 16.316 15.622 16.681 16.113 17.878 18.548 17.631 20.188 18.943 22.475 23.071 22.912 23.734 22.520 24.985 28.727 32.816 36.026 40.758 49.293 56.832 67.332 68.919 88.747 112.760 125.200 127.331 115.875 108.093 95.268 61.044 37.218 12.507 5.648 3.341 4.777 8.033 9.051 8.048 8.830 4.887 3.439 3.833 0.228 0.000 3.834 5.691 6.255
-999.250 -999.250 -999.250 -999.250 -999.250 -999.250 -999.250 -999.250 -999.250 -999.250 -999.250 -999.250 -999.250 -999.250 -999.250 -999.250 -999.250 -999.250 -999.250 -999.250 15.167 16.204 15.885 14.689 15.536 17.001 16.093 19.386 21.822 22.014 25.257 21.421 17.770 19.280 18.821 22.534 20.983 26.027 24.796 35.421 42.794 57.385 62.394 70.372 76.569 96.229 86.333 105.825 76.894 63.556 47.143 23.160 10.206 0.819 0.000 1.162 1.792 3.957 4.344 4.176 1.698 0.585 0.000 0.000 0.127 5.112 6.370 7.377
-999.250 -999.250 -999.250 -999.250 -999.250 -999.250 -999.250 -999.250 -999.250 -999.250 -999.250 -999.250 -999.250 -999.250 -999.250 -999.250 -999.250 -999.250 -999.250 -999.250 15.383 15.112 11.266 14.797 15.586 14.797 15.861 18.251 21.659 23.131 25.058 22.333 18.106 18.341 16.176 15.442 19.688 18.769 18.649 19.894 20.434 37.513 44.901 56.687 63.244 71.024 70.623 61.525 56.232 47.189 28.895 17.113 7.987 0.342 0.000 0.000 0.000 3.651 0.113 0.000 0.000 0.000 0.000 0.000 1.866 3.001 5.785 7.066
-999.250 -999.250 -999.250 -999.250 -999.250 -999.250 -999.250 -999.250 -999.250 -999.250 -999.250 -999.250 -999.250 -999.250 -999.250 -999.250 -999.250 -999.250 -999.250 13.706 14.256 11.380 11.068 9.968 13.750 15.558 16.614 17.238 20.411 17.911 20.349 18.049 16.470 14.603 14.552 14.550 15.248 13.013 16.604 16.125 19.123 22.252 32.224 36.351 50.837 54.861 47.957 45.684 44.152 31.653 20.980 11.771 5.080 0.000 0.000 0.000 0.000 0.000 0.000 0.000 0.000 0.000 0.000 0.027 3.718 4.331 8.220 8.146
-999.250 -999.250 -999.250 -999.250 -999.250 -999.250 -999.250 -999.250 -999.250 -999.250 -999.250 -999.250 -999.250 -999.250 -999.250 -999.250 -999.250 -999.250 -999.250 12.224 11.282 8.148 9.545 10.377 12.746 14.213 14.779 16.820 16.755 15.756 14.991 15.153 14.468 14.759 10.828 10.420 9.592 8.274 9.241 11.143 13.026 15.714 22.488 27.922 31.658 34.646 36.973 31.926 26.658 20.074 14.548 9.115 6.709 0.383 0.000 0.000 0.000 0.000 0.000 0.000 0.000 0.000 0.000 0.681 4.980 7.036 9.586 10.102
-999.250 -999.250 -999.250 -999.250 -999.250 -999.250 -999.250 -999.250 -999.250 -999.250 -999.250 -999.250 -999.250 -999.250 -999.250 -999.250 -999.250 -999.250 -999.250 10.424 7.060 8.521 11.961 9.922 10.963 12.631 13.151 15.240 14.056 12.750 8.593 12.816 13.404 13.448 10.396 8.534 8.201 6.443 4.855 8.613 6.536 10.310 16.095 18.903 22.252 33.383 25.380 27.499 21.100 15.373 13.936 8.062 4.298 0.189 0.000 0.000 0.000 0.000 0.000 0.000 0.000 0.000 0.000 1.014 5.566 4.973 8.951 10.763
-999.250 -999.250 -999.250 -999.250 -999.250 -999.250 -999.250 -999.250 -999.250 -999.250 -999.250 -999.250 -999.250 -999.250 -999.250 -999.250 -999.250 -999.250 -999.250 9.778 7.913 8.569 10.058 10.319 11.071 13.576 13.983 13.665 14.264 12.343 9.992 10.839 9.218 10.311 9.375 8.965 6.647 7.488 5.339 4.713 3.830 7.387 10.367 13.596 18.364 19.649 21.210 18.532 16.327 12.795 10.794 5.902 2.208 0.324 0.000 0.000 0.000 0.000 0.000 0.000 0.000 0.987 0.000 0.000 0.752 6.217 8.895 8.810
-999.250 -999.250 -999.250 -999.250 -999.250 -999.250 -999.250 -999.250 -999.250 -999.250 -999.250 -999.250 -999.250 -999.250 -999.250 -999.250 -999.250 -999.250 -999.250 7.780 8.510 8.537 8.999 9.332 9.924 11.797 15.898 12.971 12.268 12.113 14.400 13.549 8.639 9.916 11.488 11.029 4.882 7.849 4.887 4.061 6.262 5.319 6.543 10.974 12.649 14.490 13.852 15.490 13.189 9.928 7.472 1.648 0.000 0.535 0.000 0.000 0.000 0.000 0.000 0.000 0.000 0.764 1.830 0.468 0.000 5.248 8.729 10.479
-999.250 -999.250 -999.250 -999.250 -999.250 -999.250 -999.250 -999.250 -999.250 -999.250 -999.250 -999.250 -999.250 -999.250 -999.250 -999.250 -999.250 -999.250 9.317 8.271 9.881 11.632 10.770 7.469 9.910 11.489 11.427 15.287 14.329 14.618 14.753 13.097 11.582 11.493 10.998 7.325 6.788 6.787 5.201 5.483 6.869 7.523 9.097 10.233 8.960 13.011 14.375 9.775 7.179 6.501 3.527 0.975 1.284 0.000 0.000 0.000 0.000 0.000 0.000 0.000 1.474 3.275 4.869 1.833 3.767 6.862 7.526 10.568
-999.250 -999.250 -999.250 -999.250 -999.250 -999.250 -999.250 -999.250 -999.250 -999.250 -999.250 -999.250 -999.250 -999.250 -999.250 -999.250 -999.250 11.202 10.879 9.960 8.467 10.024 10.773 9.318 11.254 12.260 15.026 14.620 14.979 14.831 15.147 13.267 12.456 14.892 10.297 10.078 10.453 7.526 5.682 9.200 10.352 9.934 9.534 9.173 8.198 9.402 7.904 6.090 5.393 5.130 3.327 2.822 0.155 0.000 0.000 1.649 1.244 0.967 1.710 0.000 5.009 5.968 6.329 6.333 8.294 6.314 7.082 9.946
-999.250 -999.250 -999.250 -999.250 -999.250 -999.250 -999.250 -999.250 -999.250 -999.250 -999.250 -999.250 -999.250 -999.250 -999.250 -999.250 -999.250 13.021 11.871 9.029 8.340 8.918 9.141 9.721 8.129 12.608 13.454 14.143 14.015 15.687 13.807 12.904 14.568 13.234 11.445 8.650 8.741 10.056 11.271 11.876 10.609 14.206 11.843 9.260 7.156 3.501 7.753 7.062 3.515 3.159 3.064 1.515 0.317 0.000 0.000 3.051 5.818 6.096 6.932 5.360 7.312 10.285 10.918 9.585 8.574 9.092 9.143 10.708
-999.250 -999.250 -999.250 -999.250 -999.250 -999.250 -999.250 -999.250 -999.250 -999.250 -999.250 -999.250 -999.250 -999.250 -999.250 13.322 12.508 13.122 11.729 10.905 10.853 10.427 9.172 10.394 6.551 11.834 15.306 14.329 14.821 16.982 16.332 13.427 14.626 13.945 14.983 13.011 11.761 14.227 14.144 13.472 16.553 17.176 14.204 11.369 7.201 6.574 5.371 8.289 6.855 7.356 6.055 1.689 0.454 0.000 1.734 5.385 8.983 8.540 9.654 11.899 11.986 11.510 13.439 11.758 8.280 13.338 11.071 8.842
-999.250 -999.250 -999.250 -999.250 -999.250 -999.250 -999.250 -999.250 -999.250 -999.250 -999.250 -999.250 -999.250 -999.250 12.924 10.536 14.025 12.588 11.175 10.187 9.691 9.313 10.787 12.106 14.153 12.238 14.842 17.367 16.019 17.923 17.713 17.290 17.159 18.235 15.262 14.258 14.187 14.261 15.381 15.630 17.179 16.995 13.623 9.570 4.732 4.077 7.291 9.360 9.221 10.902 6.425 4.684 0.875 0.000 5.880 9.247 8.065 13.081 13.805 14.219 13.987 14.394 13.757 11.821 9.696 13.287 11.236 7.563
-999.250 -999.250 -999.250 -999.250 -999.250 -999.250 -999.250 -999.250 -999.250 -999.250 -999.250 -999.250 -999.250 -999.250 12.166 14.861 12.884 12.259 11.057 9.021 13.009 11.621 13.305 10.844 14.423 15.266 16.697 16.688 16.491 17.548 17.726 20.279 18.650 17.802 17.508 16.489 16.325 15.614 17.790 17.222 18.544 16.782 12.765 8.541 1.127 0.000 6.670 13.403 12.360 11.268 10.116 8.913 8.224 6.197 7.566 10.514 13.610 13.992 13.789 14.483 10.669 13.634 13.538 10.081 11.160 10.688 8.702 6.239
-999.250 -999.250 -999.250 -999.250 -999.250 -999.250 -999.250 -999.250 -999.250 -999.250 -999.250 -999.250 -999.250 14.260 12.292 11.669 12.760 11.200 11.071 10.497 13.309 11.863 12.750 13.633 13.779 16.265 15.527 19.802 19.047 18.990 20.345 21.933 21.048 20.803 20.439 20.240 20.019 19.173 20.688 20.320 18.609 18.234 14.293 7.526 1.425 1.628 8.525 13.521 14.170 13.940 13.107 10.669 9.128 8.163 10.162 12.984 16.406 13.999 16.586 15.115 13.846 14.461 12.521 10.806 8.695 7.971 7.890 6.730
