data/medianmodel_20-May-2020.asc
ncols	141
nrows	288
xllcorner	-120191.398
yllcorner	-301404.813
cellsize	2000.000
NODATA_value	-999.250
[rows 217 to 247 of 288, columns 0 to 69 of 141]
-999.250 -999.250 -999.250 -999.250 -999.250 -999.250 -999.250 -999.250 -999.250 -999.250 -999.250 -999.250 -999.250 -999.250 -999.250 -999.250 -999.250 -999.250 -999.250 -999.250 -999.250 -999.250 -999.250 -999.250 -999.250 -999.250 -999.250 -999.250 -999.250 -999.250 -999.250 12.624 10.569 14.886 10.778 14.831 15.445 14.486 11.441 13.110 11.788 11.060 10.908 12.205 13.103 7.622 8.334 8.126 9.665 8.046 9.457 7.942 6.865 6.575 7.668 8.095 8.234 5.994 6.787 6.041 5.561 4.731 3.113 1.146 0.000 0.000 0.000 0.000 0.000 0.000
-999.250 -999.250 -999.250 -999.250 -999.250 -999.250 -999.250 -999.250 -999.250 -999.250 -999.250 -999.250 -999.250 -999.250 -999.250 -999.250 -999.250 -999.250 -999.250 -999.250 -999.250 -999.250 -999.250 -999.250 -999.250 -999.250 -999.250 -999.250 -999.250 -999.250 -999.250 11.302 10.476 15.027 17.014 14.178 16.825 14.088 15.347 13.217 12.644 14.607 12.736 10.720 9.481 5.903 8.300 6.884 6.981 8.726 7.011 7.840 7.524 8.657 7.354 7.043 5.744 6.047 5.148 5.173 2.285 3.638 0.805 0.000 0.000 0.000 0.000 0.000 0.000 0.000
-999.250 -999.250 -999.250 -999.250 -999.250 -999.250 -999.250 -999.250 -999.250 -999.250 -999.250 -999.250 -999.250 -999.250 -999.250 -999.250 -999.250 -999.250 -999.250 -999.250 -999.250 -999.250 -999.250 -999.250 -999.250 -999.250 -999.250 -999.250 -999.250 -999.250 -999.250 10.315 11.262 11.558 15.913 15.338 13.256 14.140 13.032 12.500 11.726 13.662 14.431 10.651 7.821 8.778 8.552 10.350 7.728 7.880 7.210 6.751 8.724 9.467 9.731 6.531 6.785 4.517 6.349 4.253 1.990 1.964 0.791 0.789 0.000 0.000 0.000 0.000 0.000 0.000
-999.250 -999.250 -999.250 -999.250 -999.250 -999.250 -999.250 -999.250 -999.250 -999.250 -999.250 -999.250 -999.250 -999.250 -999.250 -999.250 -999.250 -999.250 -999.250 -999.250 -999.250 -999.250 -999.250 -999.250 -999.250 -999.250 -999.250 -999.250 -999.250 -999.250 -999.250 9.613 10.780 11.846 13.846 14.560 12.664 10.123 11.910 12.220 11.458 12.786 11.978 9.628 8.662 9.848 11.114 11.089 9.389 6.664 7.105 5.414 4.556 7.123 8.701 6.647 4.525 4.326 3.770 4.119 4.672 1.396 1.133 1.336 0.000 0.000 0.000 0.000 0.000 0.000
-999.250 -999.250 -999.250 -999.250 -999.250 -999.250 -999.250 -999.250 -999.250 -999.250 -999.250 -999.250 -999.250 -999.250 -999.250 -999.250 -999.250 -999.250 -999.250 -999.250 -999.250 -999.250 -999.250 -999.250 -999.250 -999.250 -999.250 -999.250 -999.250 -999.250 -999.250 9.210 12.378 11.774 13.816 14.004 9.748 12.903 10.048 11.523 11.909 10.731 10.389 8.767 9.711 8.577 10.082 9.294 9.135 7.662 8.256 5.504 6.783 7.628 7.058 6.389 5.344 4.782 4.635 2.969 4.433 4.296 2.107 1.449 1.193 0.000 0.000 0.000 0.000 0.000
-999.250 -999.250 -999.250 -999.250 -999.250 -999.250 -999.250 -999.250 -999.250 -999.250 -999.250 -999.250 -999.250 -999.250 -999.250 -999.250 -999.250 -999.250 -999.250 -999.250 -999.250 -999.250 -999.250 -999.250 -999.250 -999.250 -999.250 -999.250 -999.250 -999.250 -999.250 11.018 13.899 12.464 11.967 13.249 9.512 10.915 8.135 9.143 11.469 10.597 13.667 11.457 7.216 9.524 8.024 8.183 8.147 7.890 6.545 4.292 6.732 8.983 6.172 5.911 3.884 3.599 2.325 4.063 4.552 4.278 4.422 0.755 0.127 0.000 0.000 0.000 0.345 0.862
-999.250 -999.250 -999.250 -999.250 -999.250 -999.250 -999.250 -999.250 -999.250 -999.250 -999.250 -999.250 -999.250 -999.250 -999.250 -999.250 -999.250 -999.250 -999.250 -999.250 -999.250 -999.250 -999.250 -999.250 -999.250 -999.250 -999.250 -999.250 -999.250 -999.250 7.852 13.469 13.517 14.398 12.031 12.352 8.654 8.588 5.355 9.511 8.624 10.683 13.351 9.421 8.922 7.185 6.779 8.941 7.894 6.578 3.533 4.443 7.171 7.046 6.090 4.467 5.055 4.136 4.079 1.725 3.858 4.624 4.181 2.189 1.634 1.680 0.416 0.000 1.117 1.222
-999.250 -999.250 -999.250 -999.250 -999.250 -999.250 -999.250 -999.250 -999.250 -999.250 -999.250 -999.250 -999.250 -999.250 -999.250 -999.250 -999.250 -999.250 -999.250 -999.250 -999.250 -999.250 -999.250 -999.250 -999.250 -999.250 -999.250 -999.250 -999.250 -999.250 8.788 8.643 14.017 16.101 12.206 11.563 9.115 8.704 7.042 6.350 11.680 12.738 11.709 9.558 7.605 6.974 6.850 6.419 4.301 4.585 5.758 6.040 7.110 3.642 5.239 3.439 4.650 3.211 2.120 1.471 2.246 1.775 2.938 3.257 3.431 3.829 2.277 2.839 1.650 1.329
-999.250 -999.250 -999.250 -999.250 -999.250 -999.250 -999.250 -999.250 -999.250 -999.250 -999.250 -999.250 -999.250 -999.250 -999.250 -999.250 -999.250 -999.250 -999.250 -999.250 -999.250 -999.250 -999.250 -999.250 -999.250 -999.250 -999.250 -999.250 -999.250 -999.250 7.364 9.331 10.401 12.921 13.363 12.926 8.944 7.916 9.231 8.579 10.491 10.816 11.450 9.312 10.148 7.327 4.228 3.684 5.241 5.370 5.780 8.597 5.461 6.460 6.350 3.757 4.203 2.873 1.473 0.000 0.760 0.980 2.887 2.706 2.185 3.816 1.924 0.843 0.601 1.154
-999.250 -999.250 -999.250 -999.250 -999.250 -999.250 -999.250 -999.250 -999.250 -999.250 -999.250 -999.250 -999.250 -999.250 -999.250 -999.250 -999.250 -999.250 -999.250 -999.250 -999.250 -999.250 -999.250 -999.250 -999.250 -999.250 -999.250 -999.250 -999.250 -999.250 7.399 7.402 12.227 10.449 11.536 12.377 9.824 10.368 8.666 9.814 8.424 7.323 8.961 10.961 9.287 6.897 8.353 6.246 4.636 6.607 8.556 8.260 6.474 5.208 3.088 1.165 1.346 0.670 0.007 0.000 0.000 1.615 2.705 3.227 3.451 5.112 3.682 0.534 1.933 2.258
-999.250 -999.250 -999.250 -999.250 -999.250 -999.250 -999.250 -999.250 -999.250 -999.250 -999.250 -999.250 -999.250 -999.250 -999.250 -999.250 -999.250 -999.250 -999.250 -999.250 -999.250 -999.250 -999.250 -999.250 -999.250 -999.250 -999.250 -999.250 -999.250 7.432 4.878 6.994 10.534 8.419 7.225 8.958 9.771 7.457 8.453 10.608 9.886 9.655 9.460 11.841 10.357 8.491 6.828 7.702 8.120 6.731 6.696 3.915 5.373 4.347 1.524 0.073 0.000 0.000 0.000 0.757 0.286 2.157 1.482 2.001 1.788 2.866 3.084 0.867 4.053 4.904
-999.250 -999.250 -999.250 -999.250 -999.250 -999.250 -999.250 -999.250 -999.250 -999.250 -999.250 -999.250 -999.250 -999.250 -999.250 -999.250 -999.250 -999.250 -999.250 -999.250 -999.250 -999.250 -999.250 -999.250 -999.250 -999.250 -999.250 -999.250 -999.250 5.403 6.202 6.631 6.681 6.841 6.377 7.040 6.790 6.942 7.046 10.672 9.896 6.813 8.683 9.784 10.933 7.757 6.864 4.770 5.280 7.778 6.979 5.060 5.076 4.672 2.127 0.152 0.000 0.000 0.000 0.000 2.141 1.111 1.153 1.297 5.133 1.575 2.241 3.196 3.512 2.860
-999.250 -999.250 -999.250 -999.250 -999.250 -999.250 -999.250 -999.250 -999.250 -999.250 -999.250 -999.250 -999.250 -999.250 -999.250 -999.250 -999.250 -999.250 -999.250 -999.250 -999.250 -999.250 -999.250 -999.250 -999.250 -999.250 -999.250 -999.250 5.290 6.120 4.860 6.615 4.853 5.414 5.855 4.642 6.947 7.309 8.836 10.819 11.052 7.935 6.705 9.875 9.251 6.588 4.545 3.333 3.725 7.450 6.200 6.047 3.592 4.318 1.810 0.872 0.000 0.000 0.000 0.000 0.422 1.468 2.152 4.026 1.956 3.873 4.752 1.163 3.814 2.971
-999.250 -999.250 -999.250 -999.250 -999.250 -999.250 -999.250 -999.250 -999.250 -999.250 -999.250 -999.250 -999.250 -999.250 -999.250 -999.250 -999.250 -999.250 -999.250 -999.250 -999.250 -999.250 -999.250 -999.250 -999.250 -999.250 -999.250 -999.250 6.448 4.853 4.102 8.924 6.000 6.184 5.504 4.345 6.352 5.620 7.279 9.731 9.860 6.768 7.384 6.635 9.382 7.090 5.995 5.101 5.326 4.096 6.637 5.343 6.601 4.910 2.081 2.065 0.103 0.000 0.000 0.000 0.061 0.589 3.430 3.226 1.789 3.076 2.953 1.903 4.075 3.941
-999.250 -999.250 -999.250 -999.250 -999.250 -999.250 -999.250 -999.250 -999.250 -999.250 -999.250 -999.250 -999.250 -999.250 -999.250 -999.250 -999.250 -999.250 -999.250 -999.250 -999.250 -999.250 -999.250 -999.250 -999.250 -999.250 -999.250 5.784 7.086 5.312 7.995 5.749 2.767 4.562 3.788 5.050 5.684 4.749 5.668 9.208 7.315 7.901 4.781 4.591 5.700 7.385 7.838 6.740 7.925 7.953 5.706 7.324 4.764 5.588 3.348 1.347 1.408 0.578 0.000 0.000 0.000 0.240 0.892 1.591 1.758 3.008 5.244 2.404 1.792 3.398
-999.250 -999.250 -999.250 -999.250 -999.250 -999.250 -999.250 -999.250 -999.250 -999.250 -999.250 -999.250 -999.250 -999.250 -999.250 -999.250 -999.250 -999.250 -999.250 -999.250 -999.250 -999.250 -999.250 -999.250 -999.250 -999.250 -999.250 4.363 5.067 4.973 7.586 7.291 3.394 1.924 3.883 4.864 4.601 5.275 6.595 8.453 8.187 8.771 6.454 6.713 6.452 9.757 11.540 6.726 7.012 7.667 7.335 5.367 5.549 5.297 4.659 2.491 0.548 1.406 0.000 0.000 0.000 0.000 0.173 1.203 0.065 1.236 3.913 2.109 2.607 4.091
-999.250 -999.250 -999.250 -999.250 -999.250 -999.250 -999.250 -999.250 -999.250 -999.250 -999.250 -999.250 -999.250 -999.250 -999.250 -999.250 -999.250 -999.250 -999.250 -999.250 -999.250 -999.250 -999.250 -999.250 -999.250 -999.250 -999.250 -999.250 5.451 5.377 4.018 5.840 5.474 3.317 3.772 3.779 3.928 4.633 7.031 8.231 6.373 6.649 7.462 10.662 6.068 6.724 7.117 7.680 8.304 8.836 9.368 6.504 6.469 7.743 5.104 2.190 0.410 1.550 0.077 0.000 0.000 0.000 0.000 0.000 1.928 1.216 2.251 4.394 3.610 3.893
-999.250 -999.250 -999.250 -999.250 -999.250 -999.250 -999.250 -999.250 -999.250 -999.250 -999.250 -999.250 -999.250 -999.250 -999.250 -999.250 -999.250 -999.250 -999.250 -999.250 -999.250 -999.250 -999.250 -999.250 -999.250 -999.250 -999.250 -999.250 -999.250 -999.250 4.447 4.701 5.627 3.889 3.283 5.141 6.319 6.143 7.436 10.126 8.541 6.704 5.375 3.708 8.323 7.422 5.825 6.948 8.434 7.716 7.738 5.980 5.988 7.693 3.142 2.963 1.268 0.053 0.000 0.000 0.000 0.000 0.000 0.373 0.430 2.045 2.930 3.633 2.014 4.589
-999.250 -999.250 -999.250 -999.250 -999.250 -999.250 -999.250 -999.250 -999.250 -999.250 -999.250 -999.250 -999.250 -999.250 -999.250 -999.250 -999.250 -999.250 -999.250 -999.250 -999.250 -999.250 -999.250 -999.250 -999.250 -999.250 -999.250 -999.250 -999.250 -999.250 5.649 5.397 7.905 6.375 5.149 3.950 5.869 7.551 8.875 7.377 7.432 5.573 4.396 6.672 5.976 5.981 4.842 4.834 7.382 7.328 11.482 6.018 6.978 5.021 3.767 3.282 2.346 0.000 0.000 0.000 0.000 1.146 0.000 1.617 0.135 2.845 4.823 2.801 3.632 2.995
-999.250 -999.250 -999.250 -999.250 -999.250 -999.250 -999.250 -999.250 -999.250 -999.250 -999.250 -999.250 -999.250 -999.250 -999.250 -999.250 -999.250 -999.250 -999.250 -999.250 -999.250 -999.250 -999.250 -999.250 -999.250 -999.250 -999.250 -999.250 -999.250 -999.250 4.317 6.679 7.750 4.499 5.614 5.759 5.263 6.611 6.659 10.097 8.771 6.511 6.919 7.120 6.232 4.801 5.461 7.104 9.092 7.096 9.255 9.813 6.242 5.898 6.465 2.911 1.974 0.000 0.000 0.000 0.000 0.000 0.000 1.011 2.591 2.502 2.569 3.478 5.479 4.187
-999.250 -999.250 -999.250 -999.250 -999.250 -999.250 -999.250 -999.250 -999.250 -999.250 -999.250 -999.250 -999.250 -999.250 -999.250 -999.250 -999.250 -999.250 -999.250 -999.250 -999.250 -999.250 -999.250 -999.250 -999.250 -999.250 -999.250 -999.250 -999.250 -999.250 -999.250 5.903 6.530 6.134 6.648 6.150 4.313 7.860 7.556 7.097 12.371 9.229 6.566 7.587 5.156 4.152 5.495 5.848 8.538 7.215 7.579 9.338 4.431 5.768 4.571 4.701 1.703 1.134 0.000 0.000 0.000 0.000 0.000 0.000 1.320 2.748 2.139 3.680 3.152 2.050
-999.250 -999.250 -999.250 -999.250 -999.250 -999.250 -999.250 -999.250 -999.250 -999.250 -999.250 -999.250 -999.250 -999.250 -999.250 -999.250 -999.250 -999.250 -999.250 -999.250 -999.250 -999.250 -999.250 -999.250 -999.250 -999.250 -999.250 -999.250 -999.250 -999.250 3.190 5.331 7.345 4.617 6.122 4.953 8.410 6.410 9.617 9.804 9.880 7.217 6.377 8.193 5.560 6.513 4.769 7.605 9.260 6.607 6.681 4.948 7.345 4.388 3.154 3.489 1.751 0.161 0.000 0.000 0.000 0.000 0.000 2.773 0.907 0.930 4.050 3.539 2.298 4.005
-999.250 -999.250 -999.250 -999.250 -999.250 -999.250 -999.250 -999.250 -999.250 -999.250 -999.250 -999.250 -999.250 -999.250 -999.250 -999.250 -999.250 -999.250 -999.250 -999.250 -999.250 -999.250 -999.250 -999.250 -999.250 -999.250 -999.250 -999.250 -999.250 -999.250 -999.250 6.180 6.581 7.060 6.732 7.326 6.969 10.702 8.123 7.337 9.351 8.976 6.908 6.855 6.533 5.561 5.626 5.987 6.723 8.276 5.157 6.291 4.516 4.987 3.532 2.692 2.606 0.302 1.597 0.000 0.099 0.000 1.192 2.504 3.326 3.449 4.428 2.441 2.911 2.581
-999.250 -999.250 -999.250 -999.250 -999.250 -999.250 -999.250 -999.250 -999.250 -999.250 -999.250 -999.250 -999.250 -999.250 -999.250 -999.250 -999.250 -999.250 -999.250 -999.250 -999.250 -999.250 -999.250 -999.250 -999.250 -999.250 -999.250 -999.250 -999.250 -999.250 4.300 6.635 6.036 6.791 7.700 8.942 7.263 8.002 7.809 5.760 5.931 8.516 8.287 9.874 7.186 4.465 6.250 7.512 6.865 6.778 6.311 6.515 4.539 5.871 3.887 3.033 1.836 0.413 0.754 0.000 0.097 0.055 1.718 2.108 3.796 4.896 3.837 4.544 1.935 2.462
-999.250 -999.250 -999.250 -999.250 -999.250 -999.250 -999.250 -999.250 -999.250 -999.250 -999.250 -999.250 -999.250 -999.250 -999.250 -999.250 -999.250 -999.250 -999.250 -999.250 -999.250 -999.250 -999.250 -999.250 -999.250 -999.250 -999.250 -999.250 -999.250 -999.250 3.483 8.862 4.861 7.352 8.803 6.208 6.682 6.633 5.468 5.036 3.017 4.987 7.279 7.922 8.361 6.546 5.103 5.481 4.059 6.127 6.336 6.150 4.072 2.098 1.556 1.572 0.339 1.521 0.080 0.000 0.000 0.000 0.941 1.351 4.103 3.391 0.787 1.536 4.443 4.547
-999.250 -999.250 -999.250 -999.250 -999.250 -999.250 -999.250 -999.250 -999.250 -999.250 -999.250 -999.250 -999.250 -999.250 -999.250 -999.250 -999.250 -999.250 -999.250 -999.250 -999.250 -999.250 -999.250 -999.250 -999.250 -999.250 -999.250 -999.250 -999.250 -999.250 4.431 4.999 5.063 7.052 5.553 6.014 5.200 6.859 5.434 4.140 8.103 5.340 8.731 6.126 7.512 5.304 6.995 3.290 5.113 4.305 7.237 5.919 6.278 4.025 3.421 3.268 1.537 0.000 0.000 0.000 0.000 0.000 0.000 0.519 0.000 1.688 0.000 2.384 3.922 2.648
-999.250 -999.250 -999.250 -999.250 -999.250 -999.250 -999.250 -999.250 -999.250 -999.250 -999.250 -999.250 -999.250 -999.250 -999.250 -999.250 -999.250 -999.250 -999.250 -999.250 -999.250 -999.250 -999.250 -999.250 -999.250 -999.250 -999.250 -999.250 -999.250 -999.250 3.689 4.669 5.181 4.980 4.752 4.379 6.985 4.833 3.682 8.030 7.060 6.653 5.856 5.648 6.674 3.511 4.513 3.419 5.836 4.049 4.437 5.574 5.255 3.123 2.292 4.201 2.834 0.573 0.000 0.000 0.000 0.000 0.000 0.000 0.000 0.000 0.798 0.000 3.310 0.843
-999.250 -999.250 -999.250 -999.250 -999.250 -999.250 -999.250 -999.250 -999.250 -999.250 -999.250 -999.250 -999.250 -999.250 -999.250 -999.250 -999.250 -999.250 -999.250 -999.250 -999.250 -999.250 -999.250 -999.250 -999.250 -999.250 -999.250 -999.250 -999.250 -999.250 3.374 2.796 4.914 3.424 3.106 5.558 5.922 6.252 4.629 6.979 7.594 8.264 5.793 6.935 4.741 4.936 6.210 4.843 6.669 4.007 6.847 5.463 3.657 2.057 2.577 0.756 2.833 1.126 0.000 0.000 0.000 0.000 0.000 0.000 0.000 2.502 1.322 1.928 2.052 4.368
-999.250 -999.250 -999.250 -999.250 -999.250 -999.250 -999.250 -999.250 -999.250 -999.250 -999.250 -999.250 -999.250 -999.250 -999.250 -999.250 -999.250 -999.250 -999.250 -999.250 -999.250 -999.250 -999.250 -999.250 -999.250 -999.250 -999.250 -999.250 -999.250 -999.250 -999.250 1.902 4.852 6.236 4.498 4.338 4.934 3.257 4.295 6.947 6.645 4.956 4.399 4.903 5.370 4.011 3.689 6.257 4.524 4.223 3.737 4.756 3.777 3.699 0.000 1.304 1.053 1.340 0.000 0.000 0.000 0.000 0.000 0.000 0.000 0.031 1.925 2.390 3.445 5.693
-999.250 -999.250 -999.250 -999.250 -999.250 -999.250 -999.250 -999.250 -999.250 -999.250 -999.250 -999.250 -999.250 -999.250 -999.250 -999.250 -999.250 -999.250 -999.250 -999.250 -999.250 -999.250 -999.250 -999.250 -999.250 -999.250 -999.250 -999.250 -999.250 -999.250 -999.250 3.902 3.735 3.542 4.023 4.792 5.990 5.821 4.399 4.926 5.367 8.039 4.544 6.435 6.157 5.340 6.115 6.251 3.768 2.632 3.451 4.502 3.639 1.950 0.174 0.139 0.000 0.302 0.000 0.000 0.000 0.000 0.000 0.000 0.011 1.232 1.566 2.909 3.165 3.735
-999.250 -999.250 -999.250 -999.250 -999.250 -999.250 -999.250 -999.250 -999.250 -999.250 -999.250 -999.250 -999.250 -999.250 -999.250 -999.250 -999.250 -999.250 -999.250 -999.250 -999.250 -999.250 -999.250 -999.250 -999.250 -999.250 -999.250 -999.250 -999.250 -999.250 2.631 4.532 5.925 3.870 5.082 7.293 5.510 5.028 5.082 3.956 4.986 7.232 7.442 7.997 10.048 4.641 4.443 4.552 3.638 1.629 1.933 3.632 4.083 2.005 0.771 0.000 0.025 0.000 0.000 0.000 0.000 0.000 0.000 0.000 0.000 0.970 4.308 1.962 3.033 5.845
