data/medianmodel_06-Nov-2020.asc
ncols	141
nrows	288
xllcorner	-120191.398
yllcorner	-301404.813
cellsize	2000.000
NODATA_value	-999.250
[rows 29 to 57 of 288, columns 65 to 129 of 141]
352.096 357.686 320.399 318.774 323.273 284.046 310.412 306.087 301.930 320.626 290.345 306.715 312.068 274.923 287.661 285.930 270.758 265.897 297.716 317.723 312.356 317.917 293.644 298.310 297.846 285.431 249.892 226.642 176.505 128.222 153.380 162.649 159.628 174.011 173.044 157.822 178.594 234.498 234.848 265.105 293.404 332.911 362.027 355.500 338.903 364.796 381.686 363.079 360.807 392.995 377.149 379.283 336.598 363.134 353.835 361.725 325.877 287.665 299.453 297.757 272.524 249.838 233.504 259.912 277.675
373.570 306.740 300.708 306.172 306.633 334.114 322.885 324.144 326.209 314.576 326.896 318.426 317.609 289.346 303.568 293.946 299.437 310.548 299.966 313.872 280.998 319.983 355.510 322.784 325.500 330.872 272.624 247.273 212.867 199.828 183.447 189.825 177.597 211.900 213.212 198.373 212.851 241.929 262.999 299.354 279.757 331.916 377.402 357.338 369.211 394.442 378.732 393.553 397.503 383.734 376.211 383.495 378.141 389.501 374.291 362.843 359.145 329.318 323.014 314.461 278.160 248.041 198.857 251.705 259.742
380.401 314.612 324.908 295.451 325.240 315.692 300.943 309.347 340.821 361.501 347.851 345.507 308.214 315.654 319.043 297.450 308.970 315.457 345.626 329.726 361.513 354.835 361.437 364.010 338.594 315.933 302.976 287.867 254.735 242.407 214.416 236.568 218.616 247.925 247.356 245.996 257.589 265.391 278.645 298.144 317.229 352.682 399.007 409.377 372.247 367.804 412.780 412.159 407.423 365.663 375.260 384.912 378.868 364.595 382.235 357.575 346.000 323.634 316.840 302.117 290.290 256.165 262.742 263.151 274.373
346.362 319.467 324.118 347.804 308.806 325.016 355.890 338.639 346.784 374.705 371.049 360.444 348.082 330.119 336.304 326.880 328.630 335.646 392.600 367.949 417.197 442.135 447.522 428.914 407.073 407.674 378.713 367.511 329.234 294.734 278.204 263.478 260.050 248.173 267.448 232.925 261.613 264.317 285.139 325.915 340.156 346.152 367.217 393.625 390.600 394.831 398.465 413.235 393.031 397.105 351.680 370.204 399.604 381.991 345.385 391.924 377.176 333.581 337.869 278.711 289.625 268.600 288.451 291.193 286.035
354.547 350.502 331.754 341.590 307.231 325.144 339.072 374.632 355.566 388.865 406.837 370.148 380.393 335.443 372.450 378.044 371.357 372.577 429.950 414.766 470.340 478.392 503.948 471.164 456.251 453.777 423.969 436.749 405.182 361.386 326.922 328.727 269.802 271.310 292.025 269.765 277.847 266.358 271.467 295.585 347.589 372.118 385.114 413.337 434.931 420.816 405.195 411.970 403.279 404.205 381.058 355.420 363.090 358.801 398.898 392.675 391.548 354.123 349.654 299.140 277.777 279.809 291.688 284.126 315.439
359.621 319.827 332.616 313.209 328.955 329.567 337.245 355.567 382.314 407.337 402.319 400.349 372.885 370.826 374.000 377.633 396.918 449.735 451.657 450.084 514.949 544.847 573.133 562.480 593.514 575.312 608.220 537.369 461.592 421.434 385.361 350.050 292.222 294.136 290.589 279.256 285.951 286.456 302.322 305.831 321.022 391.173 412.435 425.267 430.815 416.573 414.632 392.806 391.001 358.684 367.794 386.277 359.940 369.689 418.023 397.288 370.740 416.336 339.612 335.208 313.934 311.510 281.928 309.232 310.565
370.329 316.559 349.597 323.964 358.577 340.057 349.455 392.518 376.540 378.495 384.943 381.427 379.430 389.286 392.321 402.374 392.944 442.311 474.487 501.890 540.683 665.295 782.172 751.119 671.082 686.349 707.302 594.273 516.242 417.636 395.095 373.305 338.435 314.611 298.486 297.384 304.822 308.201 310.031 325.155 346.275 375.431 417.874 405.718 392.543 373.014 389.839 385.194 412.930 378.417 390.148 394.980 402.334 388.148 372.613 394.241 393.706 374.547 363.541 372.656 318.580 318.487 329.493 327.839 327.711
359.527 322.794 318.939 326.052 344.953 370.188 355.177 348.576 379.059 376.649 364.218 380.689 398.888 414.845 423.349 410.956 442.804 504.266 538.125 611.256 737.068 751.938 785.510 762.874 757.398 870.694 797.847 675.808 557.066 485.556 420.414 419.159 407.563 388.296 321.780 318.581 311.572 336.612 326.027 341.697 355.643 369.998 373.914 392.640 390.573 393.390 396.183 387.995 413.887 408.182 420.515 405.126 435.149 391.127 424.758 378.529 418.177 432.621 435.088 405.645 398.819 340.947 339.573 332.136 358.219
382.790 352.130 340.809 303.037 326.425 296.514 305.149 317.683 378.091 376.974 393.633 394.793 391.859 425.414 446.247 463.042 517.465 543.688 634.063 681.097 760.160 896.609 897.226 915.335 884.899 915.972 870.227 731.253 577.244 545.583 477.882 440.097 433.118 418.409 386.428 362.569 361.163 337.503 345.869 352.090 363.295 322.769 364.194 385.972 398.120 421.918 392.846 425.929 425.381 433.266 415.293 430.690 427.737 445.768 445.100 450.672 428.737 433.677 455.586 433.412 410.238 394.846 389.148 356.863 390.475
379.239 321.731 313.918 310.996 293.910 284.773 310.819 329.884 350.074 384.551 377.362 394.201 401.468 422.402 442.531 509.032 505.906 587.157 723.438 760.213 884.476 1039.976 947.233 996.669 996.991 843.970 887.238 772.608 647.796 579.360 512.768 481.065 440.552 440.951 438.071 410.733 346.449 370.342 366.044 355.728 360.529 347.372 364.052 365.003 392.959 424.084 421.190 435.972 442.290 449.475 460.213 459.334 494.810 492.697 485.728 466.805 454.735 494.019 469.923 435.905 416.808 442.716 411.131 435.287 449.228
361.760 326.134 288.050 274.216 280.649 289.627 319.027 315.252 352.218 384.104 361.297 374.301 401.527 434.613 473.956 470.057 514.073 659.936 703.371 780.825 973.862 1020.434 1041.343 1193.692 1045.867 931.012 829.347 810.515 651.905 591.998 498.858 507.953 466.176 481.851 482.312 409.990 342.166 356.287 385.375 350.622 358.956 368.182 382.796 391.126 416.165 416.233 406.408 412.908 447.633 463.180 459.655 491.268 517.882 515.063 451.401 508.758 482.942 453.805 434.926 454.396 444.236 430.899 439.990 446.835 432.750
349.706 299.692 269.605 259.982 306.643 300.780 303.743 312.910 358.792 370.893 409.746 381.410 435.307 433.409 470.677 519.563 613.590 723.226 762.422 845.211 901.269 1084.922 1222.951 1299.652 1208.782 1002.036 876.466 769.341 664.481 526.247 504.091 472.316 464.128 460.009 450.774 424.368 409.905 398.333 394.692 361.642 386.949 397.552 411.892 382.761 419.323 399.504 428.118 422.716 440.036 455.187 505.768 533.833 502.764 500.718 548.076 631.518 500.097 515.067 456.520 459.735 488.394 457.713 471.121 460.738 435.059
376.970 281.134 215.952 256.796 264.302 298.455 318.238 347.160 374.749 406.022 435.461 410.256 414.200 465.491 472.131 556.791 585.262 670.817 815.919 794.495 880.019 932.825 1074.340 1125.851 1113.346 961.122 807.280 765.468 704.395 568.521 509.556 481.433 455.573 480.443 453.908 426.629 427.958 403.744 408.540 406.345 381.963 379.549 401.741 425.927 423.944 412.765 440.619 435.687 492.560 481.039 551.035 531.617 507.595 519.687 522.445 577.841 534.951 561.639 488.728 529.915 495.478 486.421 482.896 474.090 466.389
380.708 293.063 277.449 268.802 293.259 323.272 315.907 318.815 370.268 385.408 394.013 403.118 459.591 472.697 544.824 552.272 641.906 698.369 780.066 943.723 969.259 1022.461 979.220 1027.370 1032.214 886.019 854.742 732.532 632.752 560.442 566.118 498.001 455.872 454.301 431.173 424.979 429.158 401.413 410.237 388.451 345.665 397.375 408.622 437.218 453.142 455.125 426.992 457.772 540.850 531.575 545.749 604.880 576.183 603.657 631.048 630.095 657.944 613.274 588.072 518.310 496.127 498.877 467.047 463.459 428.567
392.451 327.557 301.995 276.932 303.201 315.094 350.377 361.202 385.384 417.221 434.531 420.205 457.221 497.824 529.867 616.658 686.569 838.569 748.751 801.003 901.600 861.495 926.614 888.466 919.670 916.848 763.666 718.885 569.606 578.646 520.540 482.729 477.652 429.869 448.306 430.598 445.398 422.822 413.975 417.144 419.830 409.103 437.866 442.100 461.538 458.222 467.100 481.891 529.315 585.050 605.446 592.971 590.146 672.595 664.323 684.408 671.198 635.977 565.506 620.190 563.427 478.911 462.823 460.238 444.609
400.506 385.452 322.473 318.869 332.311 314.754 367.670 383.410 427.823 410.618 450.350 477.220 467.986 502.936 530.363 596.546 668.186 664.917 691.365 637.495 801.976 791.717 808.108 953.825 727.341 751.814 733.415 598.983 508.742 537.682 500.923 478.657 445.664 444.484 451.556 457.804 446.757 430.025 437.189 418.966 433.504 404.930 443.388 434.048 453.905 480.148 485.751 522.164 514.678 553.912 560.304 628.659 757.025 793.046 755.221 785.250 774.340 706.879 655.832 686.177 579.018 514.776 467.246 469.886 453.693
446.013 410.994 373.070 348.593 336.086 347.301 400.462 401.979 408.317 427.030 436.001 478.536 482.363 483.327 513.140 562.517 571.212 594.212 638.945 573.617 732.914 726.884 737.755 767.180 717.453 667.885 610.381 506.411 493.844 473.915 447.424 454.292 437.662 446.986 425.795 458.902 446.953 458.444 427.166 435.162 452.304 451.813 442.519 429.388 466.033 481.377 511.569 577.832 513.683 653.173 597.111 678.967 765.694 756.179 862.371 881.792 857.443 658.658 686.201 614.400 521.392 492.128 475.028 508.033 436.384
461.957 406.353 400.589 385.767 369.595 353.261 375.405 418.664 420.725 445.470 481.666 552.420 524.846 527.925 554.221 541.487 585.303 545.068 563.573 517.657 611.678 628.978 679.660 647.154 674.537 617.287 557.510 491.309 458.945 428.346 415.660 428.717 409.320 438.499 439.984 482.547 470.728 463.255 465.636 433.656 466.702 465.471 445.245 435.595 475.583 515.688 504.103 483.855 625.241 577.453 608.474 625.827 750.208 800.381 824.106 835.052 794.784 781.666 751.373 655.195 513.912 466.414 498.818 477.487 428.002
485.766 470.409 403.625 386.926 381.265 402.635 433.728 431.761 419.590 437.239 457.672 472.793 490.653 497.635 495.510 521.947 529.438 523.486 525.897 519.472 542.018 590.421 561.562 649.412 560.943 486.393 470.150 444.272 386.371 389.703 403.849 401.492 412.584 416.618 430.744 476.562 545.996 456.598 448.178 451.847 413.339 424.113 442.003 469.392 479.561 477.218 499.701 547.463 550.028 612.391 613.824 641.337 718.377 714.537 756.236 842.007 834.800 681.133 641.538 584.199 550.986 455.621 420.064 -999.250 -999.250
487.346 455.097 425.498 397.483 402.755 421.233 432.459 458.925 448.113 435.576 444.718 463.686 461.372 479.263 488.193 466.403 507.194 489.260 498.724 466.553 453.745 505.248 497.885 499.887 485.429 461.520 425.844 384.090 342.734 318.182 321.217 375.345 365.905 397.480 403.757 447.383 446.485 426.439 425.581 422.198 407.541 435.532 466.329 459.596 459.432 522.913 555.396 604.304 611.579 562.022 615.093 616.274 671.684 697.884 707.761 767.675 847.131 684.182 621.223 520.278 582.467 484.260 413.987 -999.250 -999.250
464.238 452.756 427.172 411.547 403.549 416.846 437.237 454.213 467.016 444.351 462.545 451.486 462.335 457.297 450.011 450.668 455.130 469.157 456.235 453.325 474.958 442.666 439.557 457.634 466.089 425.414 404.815 372.614 334.751 287.875 264.737 319.408 319.731 355.337 359.531 385.712 432.242 428.398 415.529 395.669 407.777 411.123 458.946 453.041 492.286 673.925 625.639 625.509 680.305 702.557 607.639 695.036 720.318 752.212 776.562 721.923 723.398 671.771 -999.250 514.347 473.923 -999.250 -999.250 -999.250 -999.250
502.277 460.761 427.564 367.927 418.904 398.968 435.493 445.390 456.136 466.052 460.359 468.110 428.669 429.928 417.630 404.536 448.244 417.628 430.217 414.151 415.738 421.187 416.685 409.670 415.077 380.191 377.885 333.509 296.348 293.489 266.908 277.848 294.341 368.792 392.350 394.047 399.228 399.604 410.412 403.156 418.433 443.698 449.618 497.738 554.382 608.484 678.765 723.308 658.737 681.831 707.775 720.235 770.451 738.464 749.336 815.030 -999.250 -999.250 -999.250 -999.250 -999.250 -999.250 -999.250 -999.250 -999.250
493.386 472.080 405.690 379.060 353.248 357.481 356.827 407.586 438.461 462.070 450.519 425.381 413.698 380.725 374.143 391.083 394.650 409.840 402.192 387.566 389.485 389.002 374.849 395.951 371.897 364.019 357.698 311.737 324.525 286.308 261.076 278.775 306.328 331.087 320.801 351.153 377.923 402.227 374.789 396.817 417.017 416.701 434.761 432.405 501.888 614.908 674.905 665.655 725.706 793.570 714.197 739.465 810.750 810.317 698.695 -999.250 -999.250 -999.250 -999.250 -999.250 -999.250 -999.250 -999.250 -999.250 -999.250
495.491 449.199 396.162 338.292 312.270 316.613 319.529 375.089 434.883 469.768 444.212 414.537 373.738 378.639 381.385 350.617 360.858 362.905 408.741 368.901 386.883 345.581 351.327 389.319 379.121 323.851 328.942 294.652 275.350 275.588 279.568 263.072 284.788 319.777 314.089 362.424 370.667 353.218 391.968 401.233 431.366 435.997 462.699 471.416 508.652 623.811 721.109 753.531 849.896 835.129 809.616 830.077 752.954 741.098 688.319 -999.250 -999.250 -999.250 -999.250 -999.250 -999.250 -999.250 -999.250 -999.250 -999.250
512.191 443.090 406.536 350.960 280.548 241.705 258.696 309.095 367.308 431.116 422.409 397.154 376.866 374.784 352.746 345.203 357.921 377.798 370.996 363.768 382.677 372.247 373.895 362.842 345.051 327.522 337.725 304.394 277.946 274.570 267.284 261.126 316.740 292.641 311.940 322.868 375.506 372.680 375.642 389.863 430.390 440.036 484.787 494.589 514.107 578.244 678.407 765.421 972.439 900.909 954.125 888.205 946.972 943.208 -999.250 -999.250 -999.250 -999.250 -999.250 -999.250 -999.250 -999.250 -999.250 -999.250 -999.250
530.081 464.388 419.184 326.094 247.519 151.362 209.589 260.021 314.304 364.787 353.821 329.797 325.681 299.089 293.385 303.991 344.224 359.615 388.344 379.226 355.120 352.567 358.465 335.770 353.147 307.736 297.456 289.601 275.392 276.935 264.752 261.164 311.483 304.264 323.343 384.449 376.582 410.293 390.903 408.201 444.607 469.004 485.713 517.935 591.960 661.272 803.890 807.741 825.413 899.831 1084.515 989.618 1050.355 -999.250 -999.250 -999.250 -999.250 -999.250 -999.250 -999.250 -999.250 -999.250 -999.250 -999.250 -999.250
491.313 533.390 437.451 327.505 249.676 196.704 189.324 238.633 267.577 272.592 281.298 263.623 243.583 223.372 235.099 249.008 301.729 356.178 381.324 395.512 385.203 369.002 378.326 346.959 294.737 294.404 278.046 288.623 269.092 289.759 261.757 283.695 280.991 327.241 358.886 388.705 399.739 415.102 465.448 448.193 446.370 464.096 474.185 500.300 610.710 656.898 812.341 803.995 933.670 1004.876 1076.313 1026.895 884.155 -999.250 -999.250 -999.250 -999.250 -999.250 -999.250 -999.250 -999.250 -999.250 -999.250 -999.250 -999.250
508.216 485.005 432.655 363.890 260.378 202.769 201.718 213.440 243.136 227.605 227.008 210.367 174.170 143.627 137.075 192.659 260.909 333.910 397.812 386.096 380.256 372.180 352.437 337.247 293.921 279.075 281.098 266.363 279.558 284.844 281.457 315.655 318.953 341.796 375.082 387.909 414.181 440.029 439.242 476.323 456.339 457.496 562.311 592.364 682.678 758.337 783.899 832.925 894.416 1017.529 1100.777 1108.731 -999.250 -999.250 -999.250 -999.250 -999.250 -999.250 -999.250 -999.250 -999.250 -999.250 -999.250 -999.250 -999.250
500.341 461.001 432.482 374.864 333.022 241.883 216.938 214.039 208.877 195.021 157.949 154.173 130.683 101.883 52.002 161.244 255.538 312.467 369.906 367.953 375.877 326.763 332.219 312.061 295.638 252.136 254.294 272.854 257.589 287.522 298.676 289.232 317.112 327.821 391.341 410.293 445.948 440.642 417.960 484.667 447.995 501.035 547.722 610.274 655.008 740.987 719.854 775.781 905.584 1028.509 1091.571 952.042 -999.250 -999.250 -999.250 -999.250 -999.250 -999.250 -999.250 -999.250 -999.250 -999.250 -999.250 -999.250 -999.250
