data/medianmodel_31-Jan-2021.asc
ncols	141
nrows	288
xllcorner	-120191.398
yllcorner	-301404.813
cellsize	2000.000
NODATA_value	-999.250
[rows 84 to 111 of 288, columns 63 to 125 of 141]
2255.265 2220.410 2143.988 2166.839 2187.276 2166.922 2111.449 2046.584 2044.964 1958.344 1912.106 1885.810 1886.990 1826.683 1755.464 1797.069 1802.937 1806.360 1728.343 1700.433 1616.487 1457.597 1574.291 1582.956 1538.131 1451.881 1385.016 1284.642 1297.348 1340.961 1355.742 1384.422 1486.394 1600.734 1665.589 1790.360 1910.593 2020.472 2247.758 2275.927 2353.292 2576.555 2577.152 2837.987 3011.405 3110.033 3364.652 3580.010 3734.285 3880.757 4041.813 4442.539 -999.250 -999.250 -999.250 -999.250 -999.250 -999.250 -999.250 -999.250 -999.250 -999.250 -999.250
2189.684 2125.076 2083.708 2045.018 2058.850 2070.342 1985.767 1985.469 1912.427 1852.013 1791.039 1867.430 1772.708 1723.393 1757.894 1714.560 1684.013 1676.553 1632.053 1562.354 1449.143 1354.654 1349.239 1425.789 1405.631 1346.275 1331.268 1324.829 1315.602 1338.344 1389.345 1431.848 1480.902 1590.043 1693.333 1811.506 1879.716 2074.374 2166.063 2265.022 2373.434 2496.071 2766.686 2928.154 3039.657 3004.950 3428.657 3378.225 3700.063 3976.187 4247.453 4354.011 -999.250 -999.250 -999.250 -999.250 -999.250 -999.250 -999.250 -999.250 -999.250 -999.250 -999.250
2174.861 2106.783 2033.414 1974.582 1968.658 1930.233 1881.948 1841.182 1833.311 1776.786 1805.644 1743.283 1721.169 1661.092 1621.296 1580.809 1579.567 1581.290 1550.124 1435.489 1356.421 1301.583 1318.195 1305.170 1329.364 1337.896 1338.918 1313.802 1284.267 1320.054 1381.181 1443.006 1457.867 1615.834 1662.841 1817.575 1933.560 2035.514 2142.164 2274.962 2349.106 2402.387 2738.765 2852.303 2950.105 3064.247 3192.612 3473.504 3666.864 3919.461 4200.189 -999.250 -999.250 -999.250 -999.250 -999.250 -999.250 -999.250 -999.250 -999.250 -999.250 -999.250 -999.250
2135.873 2043.622 1983.401 1979.527 1938.781 1910.353 1768.582 1762.000 1740.891 1758.716 1678.142 1652.554 1564.009 1617.287 1558.739 1575.822 1509.103 1430.686 1416.808 1366.573 1310.268 1244.077 1279.209 1313.619 1288.234 1270.588 1321.148 1322.193 1325.894 1364.680 1446.884 1442.336 1507.932 1615.742 1691.750 1827.048 1897.839 2066.973 2200.380 2234.167 2383.402 2458.319 2602.844 2666.199 2888.715 2985.917 3446.454 3467.462 3496.196 3459.985 3766.224 -999.250 -999.250 -999.250 -999.250 -999.250 -999.250 -999.250 -999.250 -999.250 -999.250 -999.250 -999.250
2039.680 2004.456 1964.010 1871.296 1858.502 1880.211 1699.092 1678.580 1647.783 1610.970 1634.507 1630.395 1577.475 1515.101 1509.012 1466.301 1462.558 1389.141 1328.473 1270.541 1275.729 1277.126 1278.268 1291.943 1268.750 1318.468 1316.263 1323.205 1333.062 1381.278 1516.619 1501.375 1558.153 1631.853 1665.426 1780.434 1968.549 2089.130 2171.799 2305.646 2434.495 2437.601 2651.791 2720.197 2896.056 3168.916 3129.589 3312.213 3482.607 3598.799 3559.529 3710.129 3648.138 -999.250 -999.250 -999.250 -999.250 -999.250 -999.250 -999.250 -999.250 -999.250 -999.250
1980.297 1919.220 1900.486 1762.552 1722.454 1731.404 1687.478 1628.038 1541.545 1582.302 1594.978 1582.569 1565.398 1487.943 1466.804 1455.067 1365.778 1352.421 1264.930 1202.494 1239.121 1272.416 1342.199 1325.450 1354.268 1367.987 1426.699 1377.524 1358.885 1445.405 1527.364 1547.104 1621.571 1675.062 1678.409 1757.929 1908.648 1991.733 2113.855 2279.130 2343.476 2433.567 2557.173 2735.465 2838.659 2946.120 3108.400 3085.809 3135.327 3320.840 3395.297 3388.337 3523.192 -999.250 -999.250 -999.250 -999.250 -999.250 -999.250 -999.250 -999.250 -999.250 -999.250
1971.271 1899.867 1812.419 1768.591 1702.382 1619.458 1618.961 1581.630 1534.661 1535.329 1586.504 1593.714 1547.852 1581.096 1566.449 1423.662 1380.495 1374.236 1276.833 1178.655 1285.171 1382.654 1450.013 1435.585 1492.945 1500.843 1447.331 1503.006 1511.012 1451.064 1511.109 1572.320 1617.155 1666.985 1728.283 1801.092 1938.429 2103.325 2225.338 2266.618 2295.815 2402.370 2510.361 2719.394 2675.380 2926.172 2814.472 3015.221 3122.863 3106.279 3104.181 3051.966 3271.207 -999.250 -999.250 -999.250 -999.250 -999.250 -999.250 -999.250 -999.250 -999.250 -999.250
1957.567 1829.418 1759.182 1701.547 1632.189 1559.025 1523.156 1554.102 1552.888 1568.139 1574.397 1610.379 1602.030 1630.017 1554.883 1518.454 1434.271 1405.279 1382.242 1359.104 1432.823 1522.858 1613.736 1599.529 1673.638 1587.529 1612.718 1619.161 1578.633 1482.733 1514.122 1616.032 1675.515 1709.299 1800.140 1897.227 1954.083 2073.513 2197.479 2282.911 2294.459 2414.806 2602.579 2697.990 2706.796 2943.617 3057.218 2913.931 3082.423 3092.163 3053.090 3099.858 -999.250 -999.250 -999.250 -999.250 -999.250 -999.250 -999.250 -999.250 -999.250 -999.250 -999.250
1946.674 1869.441 1745.730 1683.024 1622.448 1561.571 1563.233 1541.854 1551.055 1546.955 1597.784 1566.820 1631.474 1608.434 1614.588 1614.018 1572.905 1568.447 1561.677 1567.345 1634.315 1735.621 1775.565 1764.289 1734.272 1733.527 1692.077 1698.039 1677.805 1608.173 1632.957 1684.670 1724.067 1763.626 1881.057 1892.797 1936.030 2130.351 2226.878 2246.220 2277.048 2424.502 2556.335 2545.802 2675.494 2864.993 2932.564 3040.623 2988.425 2803.512 3108.301 3005.502 -999.250 -999.250 -999.250 -999.250 -999.250 -999.250 -999.250 -999.250 -999.250 -999.250 -999.250
1906.373 1879.198 1774.844 1725.899 1610.814 1544.966 1561.842 1580.104 1600.925 1598.895 1586.070 1645.406 1645.868 1683.535 1674.005 1686.181 1684.076 1690.413 1695.693 1748.480 1857.790 1954.226 1991.976 2011.254 1975.509 1876.068 1838.398 1756.737 1739.732 1700.284 1661.444 1674.134 1687.790 1751.297 1843.068 1909.859 2057.392 2092.343 2125.460 2231.505 2270.506 2394.212 2472.531 2506.555 2649.947 2868.933 2777.920 2887.259 2874.692 2887.978 2927.286 -999.250 -999.250 -999.250 -999.250 -999.250 -999.250 -999.250 -999.250 -999.250 -999.250 -999.250 -999.250
2031.655 2009.313 1897.924 1768.923 1607.162 1656.300 1615.949 1611.699 1639.979 1620.708 1663.137 1690.903 1665.010 1732.415 1733.800 1797.648 1818.726 1848.736 1912.161 2020.216 1988.966 2203.692 2308.861 2283.991 2073.514 1980.134 1897.459 1771.857 1741.332 1729.982 1709.654 1763.104 1733.966 1748.773 1866.589 1927.600 1990.528 2061.101 2060.513 2154.607 2208.703 2322.653 2488.332 2528.740 2578.989 2583.389 2670.643 2835.361 2950.077 2830.454 2833.402 -999.250 -999.250 -999.250 -999.250 -999.250 -999.250 -999.250 -999.250 -999.250 -999.250 -999.250 -999.250
2223.353 2244.111 2125.086 2016.225 1919.879 1819.140 1738.758 1675.111 1700.701 1656.082 1671.173 1735.448 1740.976 1792.424 1780.982 1851.845 1916.302 2015.575 2068.839 2082.824 2240.457 2379.919 2560.692 2393.676 2241.669 2079.700 1952.172 1889.459 1782.375 1790.851 1756.925 1788.080 1751.233 1779.158 1777.448 1936.055 1956.129 2009.370 2088.804 2136.449 2175.805 2282.463 2445.825 2430.046 2572.429 2591.815 2600.334 2874.259 2819.943 2728.439 2669.421 -999.250 -999.250 -999.250 -999.250 -999.250 -999.250 -999.250 -999.250 -999.250 -999.250 -999.250 -999.250
2399.633 2464.217 2443.910 2315.824 2203.272 2033.144 1932.536 1741.086 1750.919 1758.754 1748.891 1773.173 1833.367 1825.546 1901.005 1911.186 1983.449 2023.760 2081.533 2232.702 2280.407 2365.901 2468.447 2442.152 2302.941 2089.087 2017.331 1961.923 1871.409 1834.697 1812.224 1778.966 1859.090 1794.397 1827.065 1913.451 1983.197 2018.901 2093.567 2220.110 2287.509 2347.830 2360.495 2484.322 2472.348 2443.923 2507.797 2695.520 2602.533 2600.215 2769.176 2818.815 -999.250 -999.250 -999.250 -999.250 -999.250 -999.250 -999.250 -999.250 -999.250 -999.250 -999.250
2631.429 2812.792 2799.588 2566.968 2400.575 2273.542 2056.749 1968.318 1861.506 1778.439 1749.347 1835.404 1895.391 1935.541 1969.968 1982.147 2015.932 2077.518 2169.920 2285.272 2334.982 2361.476 2401.007 2354.449 2236.828 2132.821 2057.879 1950.302 1884.926 1837.080 1798.391 1791.807 1820.056 1805.353 1826.767 1930.961 1966.573 2076.989 2193.486 2232.256 2256.623 2367.260 2399.345 2408.496 2487.520 2472.397 2461.345 2456.660 2578.912 2540.826 2501.064 2578.356 2704.399 -999.250 -999.250 -999.250 -999.250 -999.250 -999.250 -999.250 -999.250 -999.250 -999.250
2933.556 3509.852 3038.767 2764.552 2516.697 2391.140 2194.370 2016.760 1861.986 1754.738 1761.165 1777.923 1794.038 1946.894 2001.538 2010.503 2072.792 2148.719 2203.654 2200.370 2311.569 2354.023 2315.582 2336.036 2277.185 2162.190 1985.604 2007.360 1907.277 1882.422 1797.437 1758.693 1798.577 1828.510 1931.360 1953.491 1924.444 2073.444 2203.595 2219.302 2262.266 2385.689 2406.588 2395.015 2410.960 2451.387 2428.885 2392.238 2438.656 2358.130 2358.158 2450.138 2539.540 2436.552 -999.250 -999.250 -999.250 -999.250 -999.250 -999.250 -999.250 -999.250 -999.250
3030.782 3203.643 3086.068 2913.693 2623.330 2473.038 2301.560 2084.836 1914.918 1734.795 1785.986 1790.119 1875.652 1879.741 1976.395 2048.395 2089.606 2148.730 2186.849 2263.272 2273.930 2325.125 2293.875 2291.118 2143.311 2060.381 1998.068 1998.863 1927.278 1885.991 1821.073 1764.424 1781.664 1764.725 1890.917 1910.618 1954.418 2011.614 2147.330 2230.722 2306.039 2371.280 2335.058 2384.759 2363.291 2353.485 2391.337 2434.388 2352.413 2382.764 2375.015 2367.427 2377.232 -999.250 -999.250 -999.250 -999.250 -999.250 -999.250 -999.250 -999.250 -999.250 -999.250
2874.161 2962.796 3016.046 2922.179 2569.743 2479.159 2283.543 2180.444 2019.057 1864.208 1890.170 1819.211 1902.467 1913.550 1905.797 2007.638 2079.123 2172.244 2214.566 2268.741 2269.085 2233.784 2251.072 2181.102 2065.633 2008.771 1963.363 1925.186 1928.370 1862.929 1814.759 1808.695 1774.776 1756.743 1797.254 1907.009 1901.943 1970.886 2060.581 2202.698 2204.104 2269.778 2314.568 2319.070 2377.715 2371.552 2313.239 2418.770 2389.093 2354.991 2284.438 2285.681 2281.837 2341.207 -999.250 -999.250 -999.250 -999.250 -999.250 -999.250 -999.250 -999.250 -999.250
2836.623 2847.271 2903.818 2914.955 2629.162 2446.752 2336.369 2246.103 2042.806 1961.596 1919.701 1852.718 1917.710 1910.780 1922.164 2011.708 2139.816 2205.741 2209.276 2122.751 2196.411 2209.115 2209.000 2150.535 2044.215 2001.166 1928.759 1920.303 1857.187 1876.201 1823.295 1823.735 1804.276 1823.594 1808.394 1856.520 1869.840 1950.997 2015.867 2106.278 2171.558 2183.649 2226.045 2237.052 2283.399 2274.374 2182.660 2202.857 2230.702 2306.543 2278.306 2221.878 -999.250 -999.250 -999.250 -999.250 -999.250 -999.250 -999.250 -999.250 -999.250 -999.250 -999.250
2772.864 2814.060 2811.792 2674.638 2560.793 2383.929 2339.211 2244.183 2116.296 2031.550 1978.995 1884.290 1982.143 1900.230 1966.142 2037.403 2106.234 2076.589 2161.634 2094.938 2139.080 2165.552 2065.591 2007.785 1937.886 1936.292 1891.674 1844.276 1869.829 1889.766 1799.735 1745.728 1734.111 1802.597 1770.259 1807.438 1869.489 1852.292 1974.705 2034.262 2080.679 2059.148 2082.779 2131.525 2199.678 2208.839 2143.473 2235.521 2116.488 2191.938 2251.886 -999.250 -999.250 -999.250 -999.250 -999.250 -999.250 -999.250 -999.250 -999.250 -999.250 -999.250 -999.250
2592.365 2770.952 2746.450 2627.174 2541.540 2411.038 2270.786 2216.789 2129.250 2070.450 2096.425 1984.701 1976.092 2019.442 1995.925 2007.047 2066.124 2037.110 2049.121 2038.861 2111.795 2089.355 2051.919 1973.045 1859.491 1912.029 1892.854 1835.382 1782.326 1713.556 1760.735 1756.464 1720.226 1741.744 1698.941 1690.058 1767.318 1847.200 1937.319 2005.718 1951.242 1937.091 2005.548 2043.298 2132.571 2085.680 2065.966 2125.572 2091.356 2147.228 2322.413 -999.250 -999.250 -999.250 -999.250 -999.250 -999.250 -999.250 -999.250 -999.250 -999.250 -999.250 -999.250
2569.936 2568.622 2599.789 2574.163 2484.890 2367.727 2284.450 2258.250 2116.730 2119.798 2047.604 1979.185 1955.511 1963.370 2022.612 2036.283 2008.432 2005.334 1983.794 2027.767 2076.267 1987.598 1979.703 1908.080 1893.510 1846.571 1835.077 1827.729 1750.432 1734.234 1658.716 1673.863 1762.584 1672.514 1669.902 1667.010 1685.473 1734.192 1803.691 1879.122 1913.726 1872.618 1924.717 1966.088 2021.264 1999.092 2033.814 1991.271 2036.834 2080.579 -999.250 -999.250 -999.250 -999.250 -999.250 -999.250 -999.250 -999.250 -999.250 -999.250 -999.250 -999.250 -999.250
2404.217 2469.727 2490.868 2452.193 2418.324 2251.613 2217.137 2193.861 2168.755 2103.220 2025.044 2036.624 1949.270 1943.557 1975.981 2022.334 2018.229 1970.309 1939.038 1975.754 1962.765 1920.860 1936.990 1924.852 1850.433 1812.218 1791.160 1821.489 1814.751 1747.902 1714.306 1687.681 1692.990 1633.293 1630.942 1620.953 1636.499 1695.250 1675.515 1716.443 1776.857 1780.718 1816.007 1865.061 1867.549 1925.614 -999.250 -999.250 -999.250 -999.250 -999.250 -999.250 -999.250 -999.250 -999.250 -999.250 -999.250 -999.250 -999.250 -999.250 -999.250 -999.250 -999.250
2387.843 2466.280 2437.496 2420.337 2330.220 2287.673 2221.181 2174.922 2140.638 2062.344 1997.484 1958.166 1950.462 1926.662 1932.361 1949.755 1938.664 1976.423 1941.500 1983.516 1938.017 1947.736 1916.130 1890.761 1949.903 1836.497 1827.480 1797.755 1709.379 1717.509 1763.785 1660.302 1675.669 1582.112 1575.043 1583.407 1621.276 1613.278 1594.435 1615.074 1630.888 1677.608 1726.098 1709.658 -999.250 -999.250 -999.250 -999.250 -999.250 -999.250 -999.250 -999.250 -999.250 -999.250 -999.250 -999.250 -999.250 -999.250 -999.250 -999.250 -999.250 -999.250 -999.250
2369.711 2422.804 2396.214 2412.864 2361.555 2243.358 2184.196 2131.398 2082.523 1954.889 1915.600 1965.815 1918.126 1922.259 1951.509 1855.739 1971.950 1948.629 1957.012 1932.325 1951.658 1922.444 1989.317 1918.408 1893.672 1866.799 1868.583 1817.587 1717.023 1689.989 1671.036 1597.726 1632.828 1606.474 1529.796 1535.733 1512.155 1514.398 1533.158 1562.516 1578.966 1607.787 1591.799 1642.816 -999.250 -999.250 -999.250 -999.250 -999.250 -999.250 -999.250 -999.250 -999.250 -999.250 -999.250 -999.250 -999.250 -999.250 -999.250 -999.250 -999.250 -999.250 -999.250
2461.207 2392.669 2414.196 2342.702 2260.959 2236.053 2131.276 2061.108 1969.254 1959.040 1904.657 1832.836 1850.093 1910.553 1862.369 1848.901 1954.518 1932.780 1836.618 1844.504 1868.790 1962.943 1951.914 1958.398 1928.429 1921.443 1831.935 1827.900 1676.984 1635.145 1604.348 1635.935 1523.647 1543.726 1506.273 1421.576 1350.654 1396.026 1437.789 1382.897 1405.085 1403.087 1448.379 1554.735 -999.250 -999.250 -999.250 -999.250 -999.250 -999.250 -999.250 -999.250 -999.250 -999.250 -999.250 -999.250 -999.250 -999.250 -999.250 -999.250 -999.250 -999.250 -999.250
2505.312 2424.587 2373.710 2317.284 2211.771 2134.999 2109.359 2016.157 2030.852 1871.504 1868.760 1806.322 1774.159 1862.910 1768.280 1792.215 1801.179 1844.449 1804.131 1762.307 1793.509 1863.375 1894.130 1901.551 1919.930 1915.575 1840.326 1759.532 1679.896 1678.637 1605.074 1506.056 1513.406 1438.574 1433.181 1415.245 1324.902 1346.071 1313.654 1259.164 1261.830 1325.399 1381.337 1515.541 -999.250 -999.250 -999.250 -999.250 -999.250 -999.250 -999.250 -999.250 -999.250 -999.250 -999.250 -999.250 -999.250 -999.250 -999.250 -999.250 -999.250 -999.250 -999.250
2580.181 2461.804 2325.583 2243.965 2196.501 2082.690 1979.298 1945.760 1945.115 1916.181 1807.821 1833.107 1815.462 1809.791 1734.020 1729.593 1732.934 1756.243 1813.359 1698.082 1807.086 1807.181 1896.840 1902.409 1932.440 1840.999 1837.396 1739.127 1709.615 1629.680 1579.923 1539.557 1446.074 1357.692 1281.737 1311.731 1264.442 1250.858 1221.405 1223.413 1218.646 1238.709 1309.422 1317.242 -999.250 -999.250 -999.250 -999.250 -999.250 -999.250 -999.250 -999.250 -999.250 -999.250 -999.250 -999.250 -999.250 -999.250 -999.250 -999.250 -999.250 -999.250 -999.250
2499.344 2417.626 2302.558 2256.083 2097.007 2002.828 1965.235 1899.342 1839.059 1785.693 1749.192 1747.228 1697.724 1700.126 1675.597 1673.797 1705.486 1717.683 1686.648 1683.153 1676.271 1776.190 1851.413 1897.699 1845.014 1813.461 1791.545 1662.535 1654.527 1585.829 1489.580 1456.520 1335.807 1282.818 1269.121 1237.021 1220.213 1205.407 1120.766 1130.364 1099.394 1174.458 1250.741 1282.249 -999.250 -999.250 -999.250 -999.250 -999.250 -999.250 -999.250 -999.250 -999.250 -999.250 -999.250 -999.250 -999.250 -999.250 -999.250 -999.250 -999.250 -999.250 -999.250
