data/medianmodel_20-Nov-2020.asc
ncols	141
nrows	288
xllcorner	-120191.398
yllcorner	-301404.813
cellsize	2000.000
NODATA_value	-999.250
[rows 174 to 202 of 288, columns 0 to 64 of 141]
-999.250 -999.250 -999.250 -999.250 480.042 475.023 463.378 480.610 448.947 463.911 470.955 466.759 436.101 402.559 388.440 373.069 360.354 362.239 372.461 330.911 376.668 425.728 458.975 470.283 497.003 507.787 529.529 516.089 489.916 531.995 492.666 496.805 504.134 520.246 497.308 490.395 499.890 495.316 482.755 498.170 521.048 512.837 500.783 502.874 505.145 549.268 515.536 523.440 545.257 511.995 558.089 595.747 575.405 622.090 620.222 669.110 652.297 635.412 627.030 660.348 633.503 576.653 580.469 510.492 497.325
-999.250 -999.250 -999.250 -999.250 483.032 489.186 471.705 468.387 471.986 469.944 476.760 442.846 449.531 417.158 407.519 387.751 388.327 386.135 395.722 384.930 415.894 465.071 487.363 493.772 531.447 514.748 506.769 492.591 477.686 510.004 516.423 511.924 511.243 486.659 504.704 475.756 489.333 489.223 478.469 512.774 508.077 518.309 502.879 500.269 518.698 502.865 523.839 510.249 519.920 556.267 548.648 586.287 602.000 599.713 665.716 689.979 670.013 684.379 719.453 747.092 635.514 622.528 557.296 531.523 486.030
-999.250 -999.250 -999.250 -999.250 503.141 498.449 493.223 460.998 485.462 486.371 481.433 446.994 460.914 433.026 438.085 395.498 450.385 445.110 462.286 459.509 487.789 495.278 518.817 541.845 528.391 500.140 469.516 466.634 461.077 493.582 493.361 499.831 496.918 487.696 473.702 468.763 480.319 477.202 507.152 521.169 504.555 494.796 505.544 475.073 506.127 517.384 513.023 536.688 540.147 547.666 560.080 568.032 601.773 580.829 621.585 673.620 678.030 773.320 687.969 692.206 732.411 610.411 560.966 523.675 493.485
-999.250 -999.250 -999.250 -999.250 506.000 488.129 511.999 510.831 497.829 494.787 469.975 479.403 471.607 481.537 449.785 452.520 467.578 498.487 487.628 497.250 511.552 509.921 550.254 512.303 510.741 488.884 465.688 463.656 477.374 475.113 488.424 457.800 473.304 481.937 464.929 479.248 488.609 477.669 487.009 509.325 476.012 491.818 501.850 489.600 498.680 488.056 510.672 525.440 524.524 504.004 532.060 571.369 564.283 553.757 620.844 661.985 725.272 747.453 688.212 662.380 634.389 625.829 562.478 558.325 490.903
-999.250 -999.250 -999.250 -999.250 507.206 502.334 509.808 531.260 524.897 508.218 477.930 482.573 461.360 502.109 489.531 489.455 488.058 500.223 525.114 538.859 531.507 540.024 553.309 524.160 523.006 493.574 482.907 493.821 482.638 445.063 428.114 444.830 467.817 458.022 480.387 480.358 442.830 468.681 508.325 487.449 495.710 488.054 542.015 512.029 517.589 501.309 511.188 499.749 496.487 494.876 537.756 557.937 586.846 585.278 585.326 640.292 691.226 720.875 631.305 673.978 615.066 592.169 542.418 535.637 485.856
-999.250 -999.250 -999.250 504.686 499.547 503.988 532.490 534.201 528.372 489.678 509.476 498.530 478.626 496.706 513.998 511.603 506.699 529.177 548.277 555.707 583.980 581.419 554.006 561.638 515.729 501.129 465.961 470.355 442.229 434.919 456.331 407.784 424.694 445.982 443.284 417.627 455.682 456.945 471.967 456.541 471.132 470.907 485.676 481.651 504.336 509.198 504.831 506.146 485.161 507.157 546.183 550.121 615.106 598.476 577.703 606.464 670.663 668.008 643.644 626.726 582.349 550.147 538.449 521.540 493.873
-999.250 -999.250 -999.250 497.783 521.746 527.619 549.944 571.255 512.805 510.400 525.100 518.638 511.303 513.140 503.889 526.706 536.009 534.862 565.438 545.659 569.388 556.829 557.294 545.195 519.624 487.102 471.194 460.309 418.973 386.016 392.625 386.975 444.538 432.141 418.114 397.760 438.115 445.094 431.397 411.162 411.981 432.604 448.865 485.137 498.838 470.969 474.026 505.839 499.977 523.351 542.457 549.252 561.131 585.296 565.025 606.743 594.561 658.087 604.999 627.060 563.948 544.639 517.112 524.214 493.153
-999.250 -999.250 -999.250 503.650 526.932 540.756 559.328 545.068 518.384 536.310 537.012 527.940 519.250 520.458 550.063 554.007 526.004 524.926 564.341 562.835 564.308 557.296 545.920 531.310 500.828 505.892 452.095 408.417 359.983 376.601 346.064 365.477 379.749 401.739 413.416 425.187 400.710 393.508 418.138 434.310 435.002 407.277 423.772 475.835 487.916 482.767 476.352 508.003 471.297 516.585 512.826 550.317 568.155 532.945 538.741 532.537 558.005 555.466 571.819 585.978 589.476 528.089 498.338 497.444 482.099
-999.250 -999.250 522.912 541.888 519.953 527.686 508.400 521.222 558.664 556.190 536.672 540.254 516.787 525.580 551.943 513.905 532.031 548.744 568.380 571.232 551.421 549.237 533.897 496.182 482.490 456.009 427.533 373.200 344.193 333.742 337.812 342.179 364.768 371.378 405.331 379.710 382.947 420.923 399.006 388.418 388.414 387.694 419.076 457.958 447.787 465.084 462.347 479.524 472.995 480.469 485.959 498.792 495.214 513.031 518.973 511.997 526.360 517.011 530.733 520.724 531.228 485.380 483.937 450.698 433.365
-999.250 -999.250 513.653 562.484 551.836 514.993 545.560 511.820 543.385 537.686 564.033 540.927 535.500 549.674 541.247 524.506 546.837 560.299 586.581 568.424 -999.250 526.755 524.721 486.936 499.239 470.725 384.980 373.874 331.155 267.956 321.606 331.072 348.201 360.585 374.440 380.578 404.125 379.289 371.061 374.714 386.840 377.754 403.184 420.466 416.894 453.183 411.700 460.855 456.875 473.906 475.079 489.755 492.061 479.588 480.825 477.155 508.702 520.523 497.135 475.317 483.508 434.721 427.030 374.631 367.952
-999.250 526.586 539.424 551.805 540.585 534.634 537.786 523.742 531.487 532.422 515.989 506.833 530.923 570.123 564.474 547.916 569.057 555.642 570.759 -999.250 -999.250 488.534 477.864 496.808 474.135 446.220 374.134 371.026 338.408 316.726 316.876 331.537 358.817 336.321 360.449 357.990 362.748 364.409 367.647 368.529 368.352 354.482 367.526 392.844 425.073 430.518 406.825 412.137 435.929 436.011 435.267 471.640 451.437 476.323 474.528 508.447 482.539 478.953 473.077 483.159 455.308 404.428 381.736 341.723 320.080
-999.250 559.231 546.638 539.014 535.659 558.958 528.755 504.378 533.969 513.747 512.128 510.822 553.947 552.500 552.005 561.494 563.288 554.155 -999.250 -999.250 -999.250 -999.250 467.199 465.521 438.726 405.193 357.442 360.997 332.470 325.039 319.960 314.452 339.309 324.787 353.512 352.769 352.643 358.196 344.853 353.378 342.530 346.693 346.250 345.489 395.056 397.768 380.158 378.447 412.014 426.702 434.832 419.818 424.348 489.126 461.670 458.326 435.795 422.693 429.432 417.244 410.260 383.864 332.348 292.564 251.435
508.029 553.024 555.708 561.271 538.201 551.714 540.161 531.541 520.657 482.624 506.780 515.891 534.978 557.561 552.359 561.058 563.480 570.196 -999.250 -999.250 -999.250 -999.250 -999.250 463.780 442.569 401.580 345.650 347.028 333.049 328.670 330.606 320.197 331.082 335.962 350.023 341.348 336.869 351.100 350.632 351.526 343.309 353.769 346.428 342.339 368.735 377.113 372.493 362.654 369.410 360.064 390.066 387.403 393.899 421.965 461.981 416.618 386.830 402.628 405.352 412.779 363.416 336.217 288.708 243.581 196.390
-999.250 528.063 558.221 553.440 542.554 545.822 538.347 514.103 513.262 513.181 525.415 522.572 511.119 535.890 560.137 586.659 568.506 558.376 -999.250 -999.250 -999.250 -999.250 461.753 466.083 460.329 398.016 359.405 349.891 340.665 344.806 321.690 329.290 343.175 336.272 332.590 331.274 330.098 357.753 354.450 344.173 339.936 332.706 302.755 319.774 314.353 342.025 330.492 345.058 344.885 354.170 374.595 364.362 373.713 393.815 419.873 391.563 398.426 370.965 380.278 372.142 345.962 305.748 253.110 217.513 170.477
-999.250 532.256 541.365 549.295 554.591 569.727 544.836 529.255 520.798 490.467 498.764 514.688 536.703 537.370 577.734 619.609 592.814 559.055 -999.250 -999.250 -999.250 445.612 -999.250 420.917 389.567 400.744 374.922 348.422 348.868 344.141 333.867 334.475 348.291 323.007 354.100 336.132 343.982 350.190 363.618 328.227 323.097 309.282 299.649 314.644 314.112 296.580 305.210 326.894 344.711 346.241 355.927 368.087 362.594 380.274 377.363 354.286 354.535 364.235 349.892 344.580 340.004 305.447 257.827 220.686 185.517
-999.250 562.037 564.470 581.147 565.791 578.383 553.185 522.544 518.435 483.408 481.526 470.593 511.994 538.905 582.965 595.246 568.378 -999.250 -999.250 -999.250 -999.250 436.840 393.736 377.465 400.961 388.477 373.995 339.556 329.802 316.782 319.645 341.781 346.577 343.513 350.404 328.628 349.169 328.457 345.942 347.146 318.062 294.486 279.104 256.930 250.742 283.912 275.475 284.102 298.624 324.988 339.058 326.957 362.136 368.253 356.703 339.149 334.572 343.567 351.977 329.274 307.105 280.599 254.193 238.971 217.073
-999.250 554.268 563.160 582.843 563.436 543.511 553.683 512.834 489.094 457.316 450.682 400.771 483.618 502.688 570.081 585.120 583.571 -999.250 -999.250 -999.250 440.790 380.600 340.195 351.716 361.087 372.432 366.368 324.797 283.014 322.365 329.901 337.588 350.577 348.033 362.431 345.346 351.079 345.989 345.904 344.822 306.502 285.013 266.935 239.082 217.673 218.618 220.796 247.348 281.064 289.207 325.315 333.575 345.716 335.169 350.378 317.763 321.065 326.899 335.444 324.041 310.694 315.620 281.351 258.855 248.709
-999.250 -999.250 -999.250 556.716 -999.250 -999.250 503.437 510.418 482.442 -999.250 -999.250 -999.250 500.570 556.831 -999.250 -999.250 -999.250 -999.250 -999.250 -999.250 410.272 374.475 357.085 351.406 363.289 368.547 355.467 350.901 334.911 343.762 335.218 335.842 347.770 368.313 345.466 347.366 339.480 330.542 322.004 304.262 278.931 272.355 244.677 210.911 185.449 157.851 178.616 213.399 253.961 274.048 314.382 302.796 325.484 318.672 312.089 320.396 291.784 293.476 326.062 310.856 315.794 305.326 311.041 278.111 275.620
-999.250 -999.250 -999.250 -999.250 -999.250 -999.250 -999.250 -999.250 -999.250 -999.250 -999.250 -999.250 -999.250 566.131 605.002 627.828 -999.250 -999.250 -999.250 439.025 391.580 380.566 358.609 350.506 368.387 372.042 359.011 352.632 340.724 363.256 369.406 352.983 352.789 358.961 348.629 348.934 350.030 337.750 324.895 293.389 293.568 270.049 239.688 190.895 146.494 71.079 135.416 195.352 227.941 254.282 273.583 296.959 305.401 313.104 314.539 283.594 264.356 279.095 310.203 310.551 332.412 324.053 303.104 315.788 314.507
-999.250 -999.250 -999.250 -999.250 -999.250 -999.250 -999.250 -999.250 -999.250 -999.250 -999.250 529.500 542.823 582.300 611.466 666.710 -999.250 -999.250 476.735 396.556 391.319 387.685 359.441 381.194 376.252 373.521 349.931 366.634 358.521 370.470 366.070 356.514 380.611 377.695 382.735 370.196 350.802 348.330 332.028 290.143 270.460 251.122 217.235 193.037 160.122 145.747 163.134 202.368 232.608 258.019 281.572 300.021 305.957 296.604 287.494 265.096 217.294 267.137 301.899 300.981 300.842 330.324 325.823 327.708 324.497
-999.250 -999.250 -999.250 -999.250 -999.250 -999.250 -999.250 -999.250 -999.250 -999.250 -999.250 553.391 554.071 571.248 573.908 596.524 570.959 519.098 481.878 437.625 398.974 372.630 373.930 390.877 390.681 383.536 345.423 366.113 388.442 383.057 370.964 384.261 404.835 378.525 379.306 360.926 357.802 351.808 319.147 293.810 273.814 245.879 215.885 208.749 187.132 182.971 182.431 208.863 233.782 231.388 261.540 300.525 315.433 294.106 288.281 294.534 256.674 288.167 313.503 300.881 315.481 299.564 315.022 316.547 317.937
-999.250 -999.250 -999.250 -999.250 -999.250 -999.250 -999.250 -999.250 -999.250 -999.250 -999.250 -999.250 548.569 596.615 564.391 566.599 531.141 515.223 480.085 464.027 425.773 397.517 388.971 403.611 424.713 424.254 403.884 424.413 412.884 410.351 377.629 428.488 387.006 378.221 381.765 352.791 348.350 333.867 308.116 280.976 280.237 247.971 238.849 216.658 209.333 207.827 212.008 234.633 236.293 246.573 263.740 273.468 288.402 291.451 295.071 298.739 309.976 297.183 323.393 322.577 319.261 321.421 337.254 328.782 339.214
-999.250 -999.250 -999.250 -999.250 -999.250 -999.250 -999.250 -999.250 -999.250 -999.250 -999.250 -999.250 -999.250 558.697 555.781 545.051 550.599 504.629 473.638 461.276 416.749 403.847 430.189 434.449 469.897 458.167 430.883 472.044 461.279 479.854 435.345 438.498 412.826 419.384 417.512 362.387 345.104 330.426 317.981 290.258 291.152 269.656 244.564 239.152 229.432 215.497 229.674 244.245 233.015 249.308 277.368 275.001 299.306 315.337 316.206 308.835 315.342 314.393 325.018 324.794 327.014 349.970 346.699 367.692 362.845
-999.250 -999.250 -999.250 -999.250 -999.250 -999.250 -999.250 -999.250 -999.250 -999.250 -999.250 -999.250 -999.250 552.018 544.542 561.722 533.210 506.075 479.827 436.228 414.157 396.281 429.058 467.650 469.729 482.404 476.240 486.880 482.505 483.022 459.752 425.697 418.832 390.572 373.340 373.320 349.198 337.838 330.533 305.926 293.123 269.072 263.782 246.239 244.061 233.666 235.251 252.799 260.475 235.537 267.475 282.082 299.761 332.668 327.958 328.036 327.623 326.124 310.612 348.695 347.907 325.695 370.815 379.055 361.866
-999.250 -999.250 -999.250 -999.250 -999.250 -999.250 -999.250 -999.250 -999.250 -999.250 -999.250 -999.250 -999.250 538.779 537.326 533.759 495.962 487.958 429.362 406.795 424.587 422.127 457.178 471.457 484.587 465.376 475.027 499.599 511.095 494.910 488.488 466.563 405.179 425.525 396.841 370.642 366.400 367.933 327.512 312.937 296.187 284.075 270.814 250.222 265.588 263.841 255.632 273.262 261.621 245.773 250.407 288.979 305.890 314.557 332.408 356.854 334.825 329.518 321.766 338.121 338.451 360.314 367.026 365.725 371.065
-999.250 -999.250 -999.250 -999.250 -999.250 -999.250 -999.250 -999.250 -999.250 -999.250 -999.250 -999.250 -999.250 -999.250 541.968 496.354 493.484 446.581 374.099 416.545 399.216 432.892 443.841 473.676 506.510 493.999 502.723 509.089 516.873 517.635 502.656 484.692 465.102 463.159 420.670 406.281 394.414 384.979 356.051 324.754 299.432 303.802 286.989 276.429 273.100 265.992 267.070 261.800 257.199 265.116 288.630 276.737 296.214 319.710 337.845 344.434 349.764 348.390 354.881 351.907 350.971 350.676 376.777 377.663 381.764
-999.250 -999.250 -999.250 -999.250 -999.250 -999.250 -999.250 -999.250 -999.250 -999.250 -999.250 -999.250 -999.250 -999.250 509.250 482.208 470.677 440.434 410.985 425.715 442.676 447.262 459.121 485.445 473.796 497.543 508.790 512.996 513.351 528.993 513.736 489.647 458.355 467.601 471.108 461.287 401.055 382.400 366.269 344.129 307.313 307.976 306.359 296.087 296.985 295.650 261.117 280.249 273.474 275.653 309.571 294.424 318.651 338.889 374.497 385.827 352.337 339.027 364.075 379.475 381.534 383.965 374.743 384.473 383.167
-999.250 -999.250 -999.250 -999.250 -999.250 -999.250 -999.250 -999.250 -999.250 -999.250 -999.250 -999.250 -999.250 -999.250 499.647 493.688 476.613 462.134 443.565 448.801 464.557 449.961 471.379 492.174 487.055 495.609 509.611 535.586 538.766 546.594 509.532 494.814 483.701 493.929 443.370 479.913 447.237 376.098 367.438 336.079 319.972 286.613 298.498 285.823 308.432 277.481 277.092 291.462 277.785 305.523 312.362 321.500 322.135 344.183 351.743 396.082 379.794 362.253 376.013 401.883 391.928 395.232 381.480 368.805 433.069
-999.250 -999.250 -999.250 -999.250 -999.250 -999.250 -999.250 -999.250 -999.250 -999.250 -999.250 -999.250 -999.250 -999.250 471.721 464.475 489.070 454.630 466.675 473.587 492.965 468.118 494.023 508.111 497.878 -999.250 540.549 550.973 540.391 557.670 544.782 515.234 503.030 489.759 469.399 470.497 431.482 380.820 357.394 335.189 318.843 312.101 319.964 315.380 299.360 287.260 297.428 295.549 298.720 313.200 323.496 311.308 326.543 346.859 368.978 384.521 386.447 376.881 386.752 410.587 398.099 408.732 398.442 417.596 435.459
