data/medianmodel_18-Nov-2020.asc
ncols	141
nrows	288
xllcorner	-120191.398
yllcorner	-301404.813
cellsize	2000.000
NODATA_value	-999.250
[rows 145 to 173 of 288, columns 0 to 64 of 141]
-999.250 -999.250 -999.250 -999.250 -999.250 -999.250 -999.250 -999.250 -999.250 -999.250 -999.250 -999.250 -999.250 -999.250 -999.250 -999.250 -999.250 408.043 417.076 426.956 446.795 395.749 400.834 383.897 381.131 393.646 372.895 416.540 436.781 476.296 498.269 525.318 566.087 606.779 663.157 645.674 668.038 669.788 600.891 561.507 512.519 443.070 410.998 414.388 394.013 379.847 374.199 393.792 401.865 449.510 508.505 530.368 547.565 570.491 560.864 541.429 540.785 538.893 504.157 457.886 432.707 416.832 347.507 319.427 312.500
-999.250 -999.250 -999.250 -999.250 -999.250 -999.250 -999.250 -999.250 -999.250 -999.250 -999.250 -999.250 -999.250 -999.250 -999.250 387.746 409.769 419.838 414.954 429.781 391.635 421.708 422.669 414.368 407.612 394.690 411.305 425.448 445.955 461.162 536.640 548.619 575.529 684.151 749.058 736.243 779.620 750.999 643.489 577.274 491.623 375.004 385.008 408.001 368.718 346.101 360.810 371.940 387.664 449.517 488.224 534.257 540.594 566.012 550.871 561.418 565.583 569.314 522.617 478.489 477.979 402.290 398.637 359.294 344.966
-999.250 -999.250 -999.250 -999.250 -999.250 -999.250 -999.250 -999.250 -999.250 -999.250 -999.250 -999.250 -999.250 -999.250 388.982 411.558 435.202 383.890 390.996 408.727 403.958 412.033 412.490 399.389 433.639 426.727 396.760 447.160 469.282 507.016 521.341 553.293 636.724 694.112 766.332 792.717 821.147 811.112 695.143 602.969 534.066 462.330 400.241 399.932 356.523 346.511 341.425 329.197 372.451 415.642 468.067 513.136 553.916 570.720 583.864 560.680 587.028 588.706 563.760 516.126 477.917 447.254 419.986 391.251 390.078
-999.250 -999.250 -999.250 -999.250 -999.250 -999.250 -999.250 -999.250 -999.250 -999.250 -999.250 -999.250 -999.250 -999.250 377.194 400.250 406.479 367.370 380.989 379.436 394.491 349.759 375.956 372.502 401.739 402.151 416.190 395.103 480.233 493.467 517.206 580.272 611.817 697.071 750.987 807.245 873.707 905.613 783.972 618.686 529.143 494.672 425.705 379.952 343.025 324.705 314.214 281.464 335.138 402.698 472.811 519.855 566.433 565.036 562.336 586.388 552.598 577.153 548.062 526.433 512.268 470.520 454.545 430.676 401.390
-999.250 -999.250 -999.250 -999.250 -999.250 -999.250 -999.250 -999.250 -999.250 -999.250 -999.250 -999.250 -999.250 343.905 386.324 359.364 370.653 355.830 365.047 370.747 348.496 353.047 370.034 384.919 403.074 429.541 423.653 450.137 482.627 527.565 567.083 588.478 644.874 650.795 736.915 818.856 881.868 855.778 753.808 629.293 534.980 499.354 447.332 344.044 312.351 291.392 310.320 307.978 362.878 383.162 485.677 544.030 549.363 557.019 546.109 556.786 577.930 541.666 515.473 515.420 503.986 534.975 462.714 465.131 417.349
-999.250 -999.250 -999.250 -999.250 -999.250 -999.250 -999.250 -999.250 -999.250 -999.250 -999.250 -999.250 324.495 341.010 345.833 342.371 339.281 345.770 350.149 357.144 344.047 364.258 339.835 400.883 376.543 405.799 431.477 442.366 462.059 541.131 555.256 582.349 628.384 646.844 732.125 773.818 806.440 819.608 734.217 629.251 545.840 491.467 412.425 339.295 291.127 249.145 270.441 324.688 374.729 435.272 481.961 523.875 543.072 526.601 564.383 535.325 530.210 552.024 539.552 535.897 512.011 497.086 485.568 487.142 466.500
-999.250 -999.250 -999.250 -999.250 -999.250 -999.250 -999.250 -999.250 -999.250 -999.250 -999.250 332.843 330.272 316.229 323.287 320.603 329.168 319.919 334.159 336.965 338.457 330.875 329.926 342.198 373.058 384.792 432.127 456.485 462.422 507.908 564.109 594.165 616.352 681.474 714.652 702.421 764.380 771.306 674.614 618.178 550.105 440.210 371.257 299.994 237.637 168.571 255.230 315.460 366.705 411.258 468.350 497.467 522.615 538.828 553.202 573.575 547.166 553.615 519.967 525.095 539.774 471.236 450.908 457.771 445.584
-999.250 -999.250 -999.250 -999.250 -999.250 -999.250 -999.250 -999.250 -999.250 -999.250 348.879 322.416 324.779 294.662 298.835 282.607 286.942 305.260 308.492 311.260 321.648 321.457 332.315 323.838 354.094 378.347 442.726 459.465 485.811 484.043 533.338 552.569 581.466 650.435 704.767 668.226 687.953 659.649 643.096 561.356 519.827 428.458 349.609 309.104 233.188 223.383 261.839 303.797 360.609 381.980 445.931 488.326 541.185 541.953 558.443 586.232 550.570 518.016 531.362 522.176 514.776 497.703 473.436 436.745 444.152
-999.250 -999.250 -999.250 -999.250 -999.250 -999.250 -999.250 -999.250 -999.250 343.749 340.852 330.822 321.038 290.991 297.551 227.848 243.647 253.962 261.246 248.498 275.425 299.453 316.616 328.920 334.915 342.852 399.078 434.124 483.471 476.017 519.147 561.008 600.707 657.302 651.931 630.060 655.203 618.909 585.329 505.309 505.792 423.219 341.073 305.228 255.251 255.029 283.274 333.943 337.192 388.280 437.485 487.134 503.132 557.183 524.101 551.668 552.446 516.808 522.232 515.482 501.280 479.773 474.928 453.175 466.869
-999.250 -999.250 -999.250 -999.250 -999.250 379.184 377.344 380.647 374.910 340.558 322.406 317.131 313.203 299.711 267.763 242.299 240.391 265.693 270.368 273.591 273.183 298.339 311.705 318.376 317.147 321.697 346.902 396.101 464.448 486.564 517.814 511.016 621.847 626.219 661.646 631.526 586.021 586.805 512.853 499.121 426.858 373.935 320.835 314.257 285.251 290.789 293.574 335.033 355.576 365.577 429.416 444.905 485.700 514.883 518.368 522.380 542.869 523.867 525.430 494.518 466.956 442.874 457.126 456.704 439.945
-999.250 -999.250 -999.250 -999.250 -999.250 -999.250 -999.250 357.503 360.596 338.350 318.577 309.565 302.094 295.035 276.244 255.053 250.533 251.880 277.077 283.947 297.936 305.422 313.718 317.393 298.604 260.072 331.440 389.288 454.776 465.190 499.355 509.109 568.600 640.030 593.656 556.761 533.907 530.229 493.999 441.394 388.010 350.608 312.084 312.683 304.747 313.197 336.195 348.350 373.435 416.235 461.492 459.495 472.161 500.836 513.918 520.721 536.516 498.001 481.648 470.660 456.392 430.941 439.950 452.519 419.406
-999.250 -999.250 -999.250 -999.250 -999.250 -999.250 -999.250 346.817 329.870 329.766 308.972 300.200 295.156 276.778 255.443 245.973 251.438 261.573 275.845 292.823 312.109 305.503 318.149 306.995 309.923 312.772 315.845 385.563 443.845 464.167 513.798 538.468 558.243 553.191 568.738 543.306 526.888 511.581 469.137 374.052 368.982 322.427 302.822 294.509 322.906 323.568 351.992 351.062 386.745 401.692 452.256 461.133 469.972 478.424 507.773 499.577 541.763 458.753 436.703 468.233 416.679 412.289 420.877 379.126 404.171
-999.250 -999.250 -999.250 -999.250 -999.250 -999.250 -999.250 318.524 304.958 306.769 296.794 287.600 253.312 252.936 253.356 229.784 255.952 263.645 292.328 306.962 313.481 320.160 333.846 322.178 344.823 331.594 375.248 400.844 445.734 470.690 483.810 518.754 550.362 551.856 534.431 535.577 483.439 462.933 435.463 361.196 318.525 297.834 300.601 297.576 313.462 323.779 394.230 367.806 387.127 428.898 454.031 451.645 454.529 460.731 489.434 507.702 497.915 479.419 464.139 425.605 432.365 388.982 379.133 363.571 350.016
-999.250 -999.250 -999.250 -999.250 -999.250 -999.250 -999.250 292.162 263.705 277.498 284.401 274.652 273.888 244.167 252.399 256.739 272.195 296.595 304.196 320.309 320.974 338.061 339.976 334.033 383.472 372.494 426.590 443.698 443.024 484.767 490.526 519.472 541.493 522.467 506.560 505.234 489.426 448.535 400.152 348.937 304.903 275.053 248.435 278.338 307.014 327.052 373.415 351.052 347.613 426.318 444.858 461.002 451.542 470.903 491.688 480.467 486.174 447.398 470.936 429.185 426.398 387.180 396.571 370.178 334.128
-999.250 -999.250 -999.250 -999.250 -999.250 -999.250 -999.250 -999.250 226.750 222.309 242.947 237.106 246.691 233.611 229.042 230.541 250.130 302.796 305.422 325.703 346.796 350.137 360.873 391.790 418.691 414.830 437.396 472.707 466.417 503.727 496.231 487.363 520.452 534.981 489.069 477.883 468.154 435.300 361.515 298.721 249.198 211.332 217.595 247.667 293.115 338.245 338.306 353.188 386.977 446.956 451.437 482.615 493.921 461.515 467.550 455.339 458.557 446.493 447.830 392.951 382.976 382.092 390.393 344.356 328.248
-999.250 -999.250 -999.250 -999.250 -999.250 -999.250 -999.250 -999.250 208.952 166.312 218.119 237.203 246.444 222.173 218.207 191.113 256.222 300.556 319.926 352.926 363.895 397.382 409.959 417.218 469.961 469.592 474.731 481.763 483.240 488.812 516.682 502.820 522.157 517.508 484.587 493.043 462.323 405.767 354.629 296.278 221.449 127.497 200.781 255.652 307.699 323.516 352.291 370.918 432.503 424.387 449.297 464.705 464.666 464.269 483.703 458.787 426.243 469.275 446.245 428.930 355.326 367.840 355.142 339.828 311.210
-999.250 -999.250 -999.250 -999.250 -999.250 -999.250 -999.250 221.602 223.369 210.502 218.361 232.424 246.981 252.465 251.899 255.185 290.405 318.192 337.302 357.750 372.846 428.268 441.852 452.151 473.501 476.774 467.456 478.899 497.987 491.147 526.423 526.704 519.133 513.695 486.004 480.290 463.245 406.630 332.340 301.283 237.799 210.720 239.786 265.268 312.228 347.375 370.258 412.863 474.720 480.235 484.457 494.248 496.576 491.527 504.389 454.991 455.360 443.655 446.192 409.565 367.238 388.610 343.026 319.249 304.778
-999.250 -999.250 -999.250 -999.250 -999.250 -999.250 -999.250 248.879 240.638 251.782 240.456 246.824 273.619 293.616 276.847 317.188 317.830 327.792 352.700 379.681 372.998 424.947 460.534 466.479 478.977 502.347 479.212 488.889 513.663 498.427 518.073 514.562 516.544 507.539 489.565 491.812 444.340 395.402 334.572 301.827 277.568 285.537 294.332 334.182 344.878 345.751 401.352 387.522 449.508 449.975 465.699 494.860 496.901 461.584 478.129 475.939 451.535 422.603 436.711 408.944 378.793 389.433 345.492 331.860 316.291
-999.250 -999.250 -999.250 -999.250 -999.250 -999.250 -999.250 290.957 263.477 264.682 264.045 288.163 293.614 304.675 306.299 315.159 332.046 338.894 353.909 388.605 416.985 439.407 466.126 471.662 515.994 527.400 509.349 529.632 519.920 514.237 528.429 504.030 497.286 496.685 503.457 482.043 455.072 370.070 319.347 329.068 321.389 325.185 347.033 363.877 375.182 396.039 446.687 435.841 428.998 462.066 481.940 479.763 488.355 478.816 454.359 488.635 436.953 451.014 442.910 395.397 374.085 337.184 333.325 318.148 321.396
-999.250 -999.250 -999.250 -999.250 -999.250 -999.250 -999.250 287.517 289.947 306.090 300.031 316.369 302.900 299.926 322.303 331.581 340.029 348.892 361.024 427.879 431.504 438.584 452.618 477.738 524.936 518.559 509.376 534.146 532.679 531.148 504.029 475.302 483.476 485.927 475.848 473.476 456.988 406.619 399.004 379.633 363.340 366.349 362.584 401.615 407.736 433.395 457.485 467.508 444.525 468.083 486.430 449.333 511.257 500.779 498.012 495.737 464.340 435.362 424.694 376.602 378.694 360.261 340.650 342.016 329.899
-999.250 -999.250 -999.250 -999.250 -999.250 -999.250 312.510 313.956 308.154 311.267 321.258 320.742 317.222 315.788 325.638 337.206 325.318 371.315 382.997 410.956 440.145 444.102 465.399 485.035 503.553 509.480 531.286 531.088 539.924 517.287 508.690 457.157 478.470 499.115 463.932 463.671 453.130 467.308 440.307 415.326 440.962 404.608 422.646 417.978 436.218 458.243 469.661 454.309 435.615 485.861 501.322 529.149 521.443 500.698 500.971 496.103 431.003 491.966 458.303 427.900 415.138 418.135 371.109 347.575 363.186
-999.250 -999.250 -999.250 -999.250 -999.250 -999.250 346.702 333.061 317.624 317.126 316.269 315.770 308.583 327.879 330.697 345.631 354.468 384.566 418.002 404.700 402.562 440.280 475.659 489.796 538.540 527.445 541.979 537.619 536.140 536.525 521.497 506.930 507.560 463.713 453.167 491.146 485.341 483.177 452.371 409.067 438.815 417.679 457.801 450.836 497.620 473.069 464.175 483.510 481.529 508.021 524.691 561.752 527.195 528.277 524.906 488.732 484.775 488.132 463.213 482.369 480.697 429.179 381.562 360.889 364.425
-999.250 -999.250 -999.250 -999.250 -999.250 378.764 352.845 345.680 356.442 327.553 320.035 315.054 307.423 310.251 344.440 344.972 350.396 382.986 377.459 397.149 432.221 434.405 474.239 496.127 485.384 508.012 526.038 537.066 533.559 526.512 511.997 497.058 504.099 506.821 497.580 486.956 519.455 477.032 475.000 470.707 508.976 501.577 468.622 484.171 507.770 514.687 497.719 515.109 514.928 529.807 535.419 534.433 534.218 509.883 559.088 528.068 516.374 500.579 475.700 459.149 440.499 414.080 458.860 412.001 385.110
-999.250 -999.250 -999.250 -999.250 -999.250 407.040 398.528 374.833 364.615 342.846 325.047 303.069 320.862 316.334 333.447 329.513 361.201 354.880 358.736 397.066 390.070 373.129 471.984 475.900 498.429 486.631 499.337 528.195 533.998 503.778 495.776 499.098 486.435 501.573 515.162 503.118 475.694 483.214 502.745 501.762 524.128 516.270 526.444 496.186 508.743 519.747 551.872 592.532 554.210 593.473 574.032 530.530 579.851 572.845 590.890 532.622 539.640 544.459 516.900 489.580 491.158 476.012 462.459 442.996 414.139
-999.250 -999.250 -999.250 -999.250 416.298 430.816 407.869 400.542 371.352 368.733 348.445 337.488 328.497 328.295 327.353 334.081 366.481 358.136 359.245 360.956 376.773 396.154 429.729 459.538 475.473 503.418 518.557 539.456 512.188 523.268 493.923 507.606 485.241 508.395 494.646 506.242 483.910 487.452 514.869 529.547 529.691 523.930 522.995 520.145 573.855 571.168 589.242 614.255 638.676 582.072 628.026 585.619 602.569 611.785 558.778 543.719 558.831 547.105 535.538 512.321 502.821 527.134 501.067 461.936 425.196
-999.250 -999.250 -999.250 -999.250 451.846 430.019 399.389 417.474 404.985 394.937 377.870 355.862 344.196 332.498 339.256 336.250 336.479 334.949 327.307 344.361 349.070 374.041 365.477 419.644 487.622 487.784 530.966 534.160 509.685 510.753 515.346 494.264 505.838 491.290 498.297 502.784 513.203 527.281 542.834 519.456 517.020 571.110 571.233 560.792 568.464 627.022 665.642 673.255 696.277 655.277 719.043 657.111 659.538 603.950 576.600 560.178 584.051 595.615 542.807 529.050 522.044 542.912 511.983 465.862 453.355
-999.250 -999.250 -999.250 -999.250 457.691 466.526 441.498 441.908 421.971 422.808 384.526 356.349 352.590 331.036 333.887 329.143 319.960 317.513 336.267 353.029 374.548 405.365 394.018 420.615 449.031 477.699 507.326 519.832 495.426 507.498 524.918 499.988 513.632 498.911 491.143 500.064 510.077 527.154 540.960 548.795 549.983 561.865 577.663 585.694 650.018 672.792 677.057 639.368 720.681 690.575 693.270 690.278 691.611 647.255 610.957 579.543 569.322 621.744 574.980 563.999 532.208 533.953 520.889 476.641 467.286
-999.250 -999.250 -999.250 -999.250 484.296 464.821 457.613 450.289 459.702 451.088 404.072 373.579 365.322 332.803 322.674 305.270 286.743 322.314 317.681 345.873 353.019 409.557 442.169 431.863 479.910 510.853 525.181 496.761 467.991 509.576 497.617 495.810 504.529 510.037 509.557 474.290 511.839 524.412 543.748 561.884 564.046 606.659 625.965 633.696 621.706 684.110 659.975 719.605 725.684 703.185 739.687 731.531 689.161 713.064 671.858 640.246 631.369 612.393 588.852 555.831 533.876 512.947 488.101 475.801 475.783
-999.250 -999.250 -999.250 -999.250 464.473 474.556 462.516 480.722 484.140 440.994 451.598 415.227 349.566 355.059 323.231 304.798 262.886 302.134 330.560 340.667 360.409 389.118 455.321 449.683 452.385 481.738 498.770 479.813 479.605 485.407 499.479 502.553 509.453 497.754 520.163 522.843 521.655 564.554 560.332 610.888 658.446 638.575 657.982 657.479 688.207 606.166 711.136 809.010 713.468 722.009 788.410 757.810 776.481 780.292 717.063 715.084 638.490 634.418 628.241 609.933 569.005 539.140 518.873 486.006 499.735
