data/medianmodel_03-Jun-2020.asc
ncols	141
nrows	288
xllcorner	-120191.398
yllcorner	-301404.813
cellsize	2000.000
NODATA_value	-999.250
[rows 180 to 209 of 288, columns 0 to 68 of 141]
-999.250 -999.250 -999.250 82.688 104.316 94.077 84.422 80.948 92.272 70.685 78.918 81.077 95.401 95.788 87.122 113.432 87.903 101.805 71.309 97.170 100.237 90.925 64.879 64.340 58.772 59.150 63.414 64.042 60.245 43.292 34.935 37.757 39.480 34.121 28.205 27.470 29.582 28.326 27.573 21.888 26.181 21.561 27.300 31.217 25.711 24.869 20.898 15.896 18.016 18.699 16.347 14.873 12.494 15.722 10.367 6.791 7.278 8.662 6.970 7.987 5.945 0.998 0.588 0.000 0.000 0.000 0.000 0.000 0.000
-999.250 -999.250 -999.250 91.736 87.316 89.205 95.016 92.991 89.217 74.764 61.743 78.704 107.226 120.221 121.701 140.381 121.582 103.626 87.655 98.576 105.426 87.164 71.744 69.841 59.709 56.957 54.908 46.978 40.357 27.991 30.067 33.031 38.185 39.822 33.220 32.097 32.076 34.956 24.543 22.089 22.577 20.404 15.677 15.242 18.601 20.489 18.359 13.327 14.579 13.405 11.458 14.552 11.861 10.532 9.079 7.298 6.182 6.115 9.157 7.309 8.821 3.925 1.743 0.971 0.000 0.000 0.000 0.000 0.000
-999.250 -999.250 101.038 78.034 111.973 90.064 84.662 89.301 103.802 93.143 81.960 102.029 118.517 130.418 112.251 139.462 133.473 107.946 121.342 100.705 104.007 80.277 75.104 67.946 70.401 61.702 39.606 41.967 28.647 27.207 28.968 39.135 34.899 33.658 32.801 23.362 34.771 29.576 22.580 29.477 25.530 23.440 18.538 17.105 15.558 17.998 18.414 23.017 18.026 15.274 12.422 11.651 13.425 10.303 8.147 9.529 7.782 7.632 7.299 5.239 4.517 2.573 4.025 1.283 0.000 0.000 0.000 0.000 0.000
-999.250 -999.250 94.477 102.614 100.997 91.739 107.487 101.721 118.059 109.896 91.759 101.903 101.819 106.722 132.988 138.328 180.240 151.704 121.626 110.680 -999.250 72.576 62.795 62.092 57.498 61.839 57.256 34.131 27.696 29.410 27.643 23.394 22.294 23.205 20.758 20.375 30.157 34.164 24.120 32.724 22.028 26.357 16.314 11.176 13.232 15.507 23.523 19.311 16.933 15.682 13.468 12.229 13.015 10.557 10.941 8.302 6.433 6.732 5.009 3.557 4.629 3.595 3.821 1.837 3.328 0.000 0.000 0.000 0.000
-999.250 106.014 100.502 96.369 113.314 93.663 83.976 93.166 105.352 116.048 109.867 97.505 110.608 115.923 120.616 178.194 206.377 153.520 131.641 -999.250 -999.250 57.278 55.362 45.172 62.264 51.989 37.617 33.200 24.003 20.400 25.706 23.301 26.779 19.753 17.040 19.230 24.436 27.585 27.062 27.413 27.257 18.792 16.093 15.534 12.493 14.709 18.938 18.368 15.482 14.976 13.226 17.623 11.562 11.736 10.308 10.016 9.496 6.431 4.015 5.019 2.938 3.950 4.405 0.779 0.000 0.000 0.000 0.000 0.000
-999.250 93.456 98.801 99.921 108.493 88.126 86.382 121.997 106.218 129.497 132.179 134.840 141.295 124.713 126.720 166.278 202.129 164.348 -999.250 -999.250 -999.250 -999.250 46.956 33.310 48.082 32.797 31.713 21.274 23.076 19.548 18.958 19.233 19.074 20.130 18.819 18.849 26.789 22.462 18.418 18.826 20.255 17.966 14.172 15.010 15.795 15.200 18.517 16.213 13.098 16.067 14.121 14.577 11.791 16.105 9.440 7.284 6.552 4.174 3.304 4.555 5.037 3.706 4.170 0.000 0.000 0.000 0.000 0.000 0.000
93.775 77.369 96.751 100.856 106.921 92.236 89.373 108.957 109.681 145.630 154.150 169.878 147.797 130.403 118.327 129.037 151.675 118.613 -999.250 -999.250 -999.250 -999.250 -999.250 47.346 39.615 42.179 33.192 24.733 20.852 21.555 24.692 17.493 18.869 21.839 19.462 16.953 22.451 23.832 23.426 22.293 17.131 17.561 17.763 17.391 17.044 13.724 12.062 17.681 13.421 12.775 11.039 11.332 12.847 12.422 6.672 6.808 6.395 3.530 4.090 5.628 3.900 3.625 0.996 0.000 0.000 0.000 0.000 0.000 0.000
-999.250 84.535 87.823 98.333 92.583 84.509 72.238 92.374 90.016 109.106 151.522 208.612 214.007 144.986 119.985 100.753 111.249 132.690 -999.250 -999.250 -999.250 -999.250 31.811 29.469 29.894 38.323 40.685 22.325 24.470 22.825 25.562 19.273 16.061 18.286 18.648 20.483 20.774 26.448 25.776 21.526 22.448 18.373 15.961 17.053 15.689 11.661 11.807 11.702 10.659 11.763 9.761 6.883 8.298 10.794 9.583 9.292 4.999 4.133 3.637 3.772 4.633 2.855 2.416 0.000 0.000 0.000 0.000 0.000 0.000
-999.250 70.759 78.225 64.984 70.254 69.877 87.118 85.696 67.688 85.424 114.231 157.340 186.979 145.032 91.017 94.796 95.160 110.636 -999.250 -999.250 -999.250 30.027 -999.250 22.085 27.070 32.918 25.348 23.682 17.088 18.180 16.924 18.239 17.955 20.612 20.173 19.874 21.037 20.659 18.844 20.095 15.891 16.858 17.673 12.433 13.664 13.162 10.489 9.029 5.878 7.914 6.523 5.864 7.140 9.427 8.848 7.598 4.703 5.062 2.226 3.891 5.913 3.758 0.667 0.000 0.000 0.000 0.000 0.000 0.000
-999.250 59.065 62.582 51.349 54.990 66.669 82.752 67.458 54.882 55.312 74.122 109.980 112.327 106.840 91.487 85.435 85.940 -999.250 -999.250 -999.250 -999.250 26.924 20.783 20.868 21.772 22.508 20.009 14.738 14.783 12.693 14.973 17.616 17.116 16.004 16.725 17.089 19.793 15.913 19.878 15.058 11.882 16.983 18.362 12.053 10.925 9.834 9.058 7.616 6.843 5.785 4.333 3.970 7.540 6.089 8.131 5.837 5.432 3.790 2.916 2.936 0.634 1.498 2.532 0.000 0.000 0.000 0.000 0.000 0.000
-999.250 56.647 58.442 49.624 52.632 70.906 94.090 80.738 51.522 53.413 63.441 76.096 80.464 75.507 70.611 70.737 80.041 -999.250 -999.250 -999.250 34.995 23.480 24.300 20.045 19.929 16.166 15.129 12.926 10.108 10.415 17.254 22.156 20.744 19.217 16.342 16.094 14.712 14.550 16.477 13.995 13.064 14.329 13.654 9.376 7.604 4.127 6.917 6.435 5.231 7.084 5.468 4.452 5.631 6.154 5.641 4.034 2.432 2.133 0.904 0.731 0.000 0.034 0.000 0.000 0.000 0.397 0.000 0.000 0.000
-999.250 -999.250 -999.250 61.977 -999.250 -999.250 80.696 93.210 72.916 -999.250 -999.250 -999.250 68.767 69.662 -999.250 -999.250 -999.250 -999.250 -999.250 -999.250 40.273 30.764 22.748 26.782 21.359 18.187 15.694 11.362 12.831 14.560 14.781 20.888 22.669 15.192 17.339 15.281 15.077 19.193 14.141 12.620 11.682 10.091 10.439 6.198 3.899 0.000 4.039 5.379 8.266 8.354 5.713 5.882 6.894 6.980 4.567 1.218 0.005 0.000 0.365 1.505 1.143 0.000 0.000 0.000 0.000 0.000 0.380 1.174 0.000
-999.250 -999.250 -999.250 -999.250 -999.250 -999.250 -999.250 -999.250 -999.250 -999.250 -999.250 -999.250 -999.250 77.798 65.627 41.522 -999.250 -999.250 -999.250 59.001 52.996 34.313 29.185 22.048 18.219 15.191 12.351 11.914 14.907 16.147 12.351 21.979 19.313 18.219 22.073 17.668 16.744 14.154 13.291 13.362 12.868 8.025 7.932 6.497 0.520 0.000 0.252 4.898 6.652 7.445 7.267 4.205 7.403 6.152 4.475 1.587 0.000 0.000 0.000 0.625 0.000 0.000 0.000 0.000 0.000 0.882 0.000 0.911 0.000
-999.250 -999.250 -999.250 -999.250 -999.250 -999.250 -999.250 -999.250 -999.250 -999.250 -999.250 53.541 59.407 69.110 59.083 58.566 -999.250 -999.250 65.677 78.513 59.045 49.001 41.771 24.684 17.770 13.184 13.052 13.706 16.422 17.635 15.433 20.159 19.148 21.870 20.847 16.824 17.865 18.858 16.267 13.468 9.203 7.991 8.327 4.377 1.094 0.249 1.228 6.164 6.819 5.766 5.849 3.930 6.760 5.548 4.587 0.000 0.000 0.000 0.000 0.000 0.000 0.000 0.000 0.000 0.000 1.226 0.000 1.295 1.378
-999.250 -999.250 -999.250 -999.250 -999.250 -999.250 -999.250 -999.250 -999.250 -999.250 -999.250 57.150 50.455 57.693 45.351 50.200 63.787 59.881 55.884 64.277 59.676 66.763 53.359 25.345 20.617 14.302 15.560 14.685 17.318 19.969 17.845 22.637 22.808 18.806 19.064 16.049 15.704 14.910 11.970 13.662 8.893 7.942 7.265 6.992 3.142 4.625 7.252 6.524 5.676 4.653 6.687 5.068 6.854 4.482 0.247 0.000 0.000 0.000 0.000 0.000 0.142 0.533 0.000 1.018 0.000 1.014 0.639 0.000 0.461
-999.250 -999.250 -999.250 -999.250 -999.250 -999.250 -999.250 -999.250 -999.250 -999.250 -999.250 -999.250 37.598 43.389 32.293 57.836 78.688 65.598 50.157 57.596 59.028 49.389 51.800 26.348 16.975 13.523 15.568 17.438 22.822 28.314 22.188 19.744 20.638 19.563 15.968 12.758 13.859 11.475 12.617 14.103 9.623 11.445 8.614 8.525 7.164 8.569 7.796 5.926 4.507 4.380 3.329 5.189 5.985 5.868 3.525 0.708 0.245 0.000 0.000 0.000 0.000 0.000 0.782 1.822 0.000 0.265 0.017 1.995 0.050
-999.250 -999.250 -999.250 -999.250 -999.250 -999.250 -999.250 -999.250 -999.250 -999.250 -999.250 -999.250 -999.250 36.642 40.551 50.903 57.149 55.894 52.944 45.836 47.357 40.206 28.321 23.286 23.948 15.075 18.682 20.076 22.233 20.753 19.546 20.218 15.552 18.829 17.746 19.573 12.858 13.811 8.922 11.029 10.285 12.157 9.793 12.356 8.199 9.466 7.598 5.736 2.712 3.587 4.346 3.077 4.215 2.635 3.592 2.576 0.000 0.749 0.249 0.000 0.000 0.145 0.753 1.204 0.912 0.447 1.122 1.229 4.279
-999.250 -999.250 -999.250 -999.250 -999.250 -999.250 -999.250 -999.250 -999.250 -999.250 -999.250 -999.250 -999.250 35.695 40.313 35.419 32.282 36.942 45.587 37.993 34.712 31.192 20.764 22.997 21.114 22.769 18.966 21.948 15.216 20.680 21.213 17.042 18.175 15.496 18.535 15.947 11.710 14.661 10.143 8.492 10.271 8.840 12.200 12.266 8.459 8.225 6.906 8.218 4.181 3.351 5.150 5.125 5.035 4.729 4.662 4.721 3.022 1.262 2.732 1.161 0.832 0.000 0.850 1.315 0.000 0.305 2.438 0.303 2.238
-999.250 -999.250 -999.250 -999.250 -999.250 -999.250 -999.250 -999.250 -999.250 -999.250 -999.250 -999.250 -999.250 34.118 43.184 44.878 32.034 26.969 23.031 32.456 26.632 23.180 20.988 23.545 20.911 20.110 16.371 17.506 16.873 14.014 14.489 20.785 17.358 19.739 13.929 9.944 12.056 11.530 10.491 8.181 10.506 11.657 10.393 12.203 11.594 9.842 9.186 10.700 8.623 4.152 5.368 5.171 3.566 6.460 4.189 2.545 2.033 4.619 3.455 2.281 1.844 0.918 1.941 2.071 0.000 1.197 1.294 3.833 3.814
-999.250 -999.250 -999.250 -999.250 -999.250 -999.250 -999.250 -999.250 -999.250 -999.250 -999.250 -999.250 -999.250 -999.250 36.463 32.233 34.050 22.868 26.997 24.701 30.880 23.372 25.267 38.455 23.822 25.012 16.928 15.755 16.098 17.352 14.919 18.107 16.074 15.432 14.255 16.415 11.306 11.787 9.582 9.121 7.965 10.872 9.590 10.986 10.738 10.181 10.597 8.536 8.017 4.876 5.937 4.685 3.845 5.081 4.188 2.173 4.750 4.220 3.919 0.033 0.436 0.310 1.556 1.774 1.422 0.954 3.976 3.670 6.085
-999.250 -999.250 -999.250 -999.250 -999.250 -999.250 -999.250 -999.250 -999.250 -999.250 -999.250 -999.250 -999.250 -999.250 29.291 29.338 31.420 23.959 24.113 19.835 25.261 25.434 21.967 21.514 23.851 30.469 17.866 14.623 22.584 15.207 16.642 15.563 16.333 16.466 15.567 17.570 14.105 13.404 11.466 10.988 9.637 7.465 9.097 11.297 8.897 8.318 11.527 8.779 7.380 7.744 5.988 5.272 4.755 5.668 7.314 3.270 5.098 3.832 2.711 3.117 0.966 1.615 2.022 3.514 1.392 1.183 3.745 4.053 4.121
-999.250 -999.250 -999.250 -999.250 -999.250 -999.250 -999.250 -999.250 -999.250 -999.250 -999.250 -999.250 -999.250 -999.250 37.432 41.946 30.995 27.474 25.700 30.557 21.834 24.729 26.121 26.309 23.369 31.502 25.286 15.039 13.430 16.399 16.423 17.080 17.681 16.552 17.502 17.289 8.492 11.642 11.051 9.873 9.881 7.800 8.854 9.433 8.030 6.450 7.287 10.184 8.176 7.677 8.310 5.468 3.080 3.647 5.088 5.881 5.979 1.575 1.340 1.905 1.012 1.345 0.548 2.824 1.131 2.639 3.254 4.193 3.762
-999.250 -999.250 -999.250 -999.250 -999.250 -999.250 -999.250 -999.250 -999.250 -999.250 -999.250 -999.250 -999.250 -999.250 38.715 43.248 33.732 32.774 32.615 28.615 22.620 33.752 25.288 29.937 32.447 -999.250 19.119 14.757 15.302 18.829 16.342 18.264 18.555 20.202 18.153 12.880 14.010 13.168 13.683 10.449 13.482 10.841 11.024 12.320 11.093 11.136 6.928 7.423 9.574 8.911 7.829 6.089 4.659 4.219 3.787 4.885 2.079 4.379 1.044 0.074 0.662 0.000 3.487 2.373 2.670 0.819 2.108 3.237 3.414
-999.250 -999.250 -999.250 -999.250 -999.250 -999.250 -999.250 -999.250 -999.250 -999.250 -999.250 -999.250 -999.250 -999.250 36.835 37.609 33.944 29.533 42.905 31.356 27.243 21.675 24.714 -999.250 -999.250 -999.250 20.819 21.288 14.985 21.030 17.602 17.638 18.543 18.005 13.958 13.787 13.732 14.721 12.918 12.480 12.673 8.918 9.881 10.281 11.109 7.880 6.827 9.700 9.843 7.089 7.194 5.344 6.848 5.466 4.722 3.951 4.573 1.118 1.344 0.000 0.696 0.991 3.615 2.505 0.035 0.181 0.000 1.513 1.950
-999.250 -999.250 -999.250 -999.250 -999.250 -999.250 -999.250 -999.250 -999.250 -999.250 -999.250 -999.250 -999.250 36.123 44.510 43.639 29.942 28.222 34.500 27.253 22.068 23.177 -999.250 -999.250 -999.250 -999.250 -999.250 18.072 19.678 21.171 26.570 19.199 16.594 13.970 16.362 17.716 13.708 14.998 14.450 11.485 11.357 10.726 11.695 10.358 12.758 12.457 11.302 11.778 8.256 6.080 5.555 5.439 6.321 8.088 6.760 3.167 4.766 0.941 0.939 0.240 0.620 0.652 0.994 0.000 0.000 0.000 0.439 1.985 2.390
-999.250 -999.250 -999.250 -999.250 -999.250 -999.250 -999.250 -999.250 -999.250 -999.250 -999.250 -999.250 -999.250 35.726 34.824 41.467 38.192 23.429 29.816 27.724 -999.250 -999.250 -999.250 -999.250 -999.250 -999.250 -999.250 -999.250 24.766 25.688 19.443 14.060 15.545 14.416 20.880 21.952 14.587 13.324 9.353 12.046 11.549 11.199 12.767 13.259 13.265 10.918 9.153 8.760 9.372 7.993 5.617 5.662 8.541 4.008 5.300 3.433 3.892 2.286 1.297 0.000 0.365 0.000 0.000 0.000 0.000 0.215 1.187 0.390 1.768
-999.250 -999.250 -999.250 -999.250 -999.250 -999.250 -999.250 -999.250 -999.250 -999.250 -999.250 -999.250 35.068 28.032 -999.250 -999.250 -999.250 -999.250 -999.250 -999.250 -999.250 -999.250 -999.250 -999.250 -999.250 -999.250 -999.250 -999.250 -999.250 20.512 19.328 16.002 13.268 16.849 19.042 15.910 13.656 11.533 11.189 14.637 15.617 10.515 13.247 12.268 11.555 9.672 9.909 9.081 7.239 8.529 7.286 6.409 4.273 4.222 4.291 3.715 3.230 2.917 1.223 2.725 0.000 0.000 0.000 0.000 0.000 0.000 1.264 0.000 0.839
-999.250 -999.250 -999.250 -999.250 -999.250 -999.250 -999.250 -999.250 -999.250 -999.250 -999.250 -999.250 -999.250 -999.250 -999.250 -999.250 -999.250 -999.250 -999.250 -999.250 -999.250 -999.250 -999.250 -999.250 -999.250 -999.250 -999.250 -999.250 -999.250 -999.250 19.854 17.620 16.258 18.240 18.302 16.157 12.506 10.043 14.123 18.398 18.139 13.120 12.729 12.230 9.753 9.622 6.873 11.141 9.154 7.709 5.568 4.669 4.391 3.980 2.776 4.034 4.365 1.694 0.000 3.111 1.260 0.384 0.013 0.000 0.000 0.000 0.000 0.000 1.164
-999.250 -999.250 -999.250 -999.250 -999.250 -999.250 -999.250 -999.250 -999.250 -999.250 -999.250 -999.250 -999.250 -999.250 -999.250 -999.250 -999.250 -999.250 -999.250 -999.250 -999.250 -999.250 -999.250 -999.250 -999.250 -999.250 -999.250 -999.250 -999.250 -999.250 18.656 14.336 19.517 16.080 14.116 15.657 13.762 14.844 16.608 15.077 12.904 11.121 7.625 7.752 10.476 10.589 9.212 9.876 7.158 9.781 5.069 5.947 6.341 6.002 3.631 1.338 4.130 2.689 1.190 1.856 1.565 0.462 0.147 0.000 0.000 0.000 0.000 0.000 0.000
-999.250 -999.250 -999.250 -999.250 -999.250 -999.250 -999.250 -999.250 -999.250 -999.250 -999.250 -999.250 -999.250 -999.250 -999.250 -999.250 -999.250 -999.250 -999.250 -999.250 -999.250 -999.250 -999.250 -999.250 -999.250 -999.250 -999.250 -999.250 -999.250 -999.250 12.866 14.625 16.468 12.786 14.459 15.865 15.536 13.513 17.401 14.455 14.904 11.071 11.703 10.778 12.141 8.386 7.859 7.954 7.121 7.053 5.723 6.922 7.441 4.366 4.008 3.155 2.826 1.117 4.523 1.539 1.005 0.000 0.000 0.000 0.000 0.000 0.000 0.000 0.000
