data/medianmodel_24-Nov-2020.asc
ncols	141
nrows	288
xllcorner	-120191.398
yllcorner	-301404.813
cellsize	2000.000
NODATA_value	-999.250
[rows 168 to 195 of 288, columns 0 to 64 of 141]
-999.250 -999.250 -999.250 -999.250 -999.250 397.126 419.920 446.736 464.370 482.662 468.102 420.222 431.078 439.803 445.742 444.010 435.274 437.445 445.433 454.098 452.501 441.111 508.441 534.052 593.531 593.634 627.528 681.174 650.806 650.918 632.964 625.362 584.211 568.825 522.810 509.843 491.310 438.832 432.016 398.488 403.272 415.458 419.893 397.191 391.597 410.110 420.066 435.858 433.338 412.792 454.373 473.049 477.747 490.859 467.475 453.402 419.397 430.536 401.462 385.179 386.672 343.690 330.474 297.029 321.755
-999.250 -999.250 -999.250 -999.250 420.943 432.293 419.892 452.933 459.463 501.076 481.460 455.929 442.852 465.041 456.672 455.962 458.058 448.183 449.039 446.557 430.709 439.164 468.158 519.947 548.854 611.310 614.890 644.123 648.465 616.102 610.948 576.992 546.775 552.683 516.435 488.287 467.682 446.393 434.235 402.058 438.605 440.158 437.077 429.459 411.192 414.261 426.490 425.144 437.059 438.186 442.999 480.645 463.550 500.755 494.399 462.096 448.051 420.719 414.933 397.995 385.734 368.234 338.508 316.667 289.434
-999.250 -999.250 -999.250 -999.250 431.966 444.036 438.880 440.773 462.077 489.380 508.361 485.519 482.731 472.354 473.613 467.058 446.966 443.243 433.205 429.929 400.807 426.478 413.148 500.180 523.569 555.733 579.256 637.443 631.882 619.319 568.199 554.761 538.578 526.446 505.391 492.147 471.505 433.033 445.581 447.582 425.081 426.549 442.090 425.371 418.891 402.586 404.782 436.543 439.332 433.171 457.626 500.037 508.805 473.545 510.210 490.824 464.572 458.078 437.005 415.710 411.679 375.272 346.664 310.078 317.572
-999.250 -999.250 -999.250 -999.250 418.917 452.476 420.414 449.502 457.024 488.148 496.215 491.467 480.062 474.162 453.474 470.713 451.197 441.072 417.966 400.530 415.482 415.661 448.986 490.656 492.915 534.782 557.927 573.563 593.655 581.694 576.163 559.538 532.865 510.991 472.893 457.058 451.193 435.823 444.803 442.421 431.508 435.703 440.471 445.908 449.294 427.623 416.417 443.462 447.321 473.941 485.157 489.020 513.293 506.063 485.882 496.402 493.812 452.719 450.815 424.068 427.005 403.803 381.297 349.947 326.758
-999.250 -999.250 -999.250 -999.250 411.047 433.107 443.729 473.847 485.532 494.311 483.781 468.125 503.065 469.948 450.452 445.845 425.961 415.555 392.002 402.492 394.462 429.694 447.291 475.869 491.870 521.871 537.237 543.434 572.722 621.638 576.157 538.565 519.148 516.076 451.227 394.459 429.157 422.659 420.803 419.648 440.598 446.825 448.461 468.899 459.130 440.901 446.977 464.059 493.619 477.607 508.676 515.861 509.221 517.089 512.241 516.909 517.927 473.364 492.106 452.644 459.080 409.567 392.880 386.618 336.919
-999.250 -999.250 -999.250 -999.250 457.469 454.604 490.433 479.569 497.722 499.482 497.500 496.360 469.615 465.506 444.787 433.112 384.940 387.157 367.172 346.409 392.386 426.925 442.239 485.260 497.511 500.800 540.203 549.880 531.763 562.483 562.924 546.130 501.758 498.953 446.465 415.115 430.849 433.577 426.716 428.104 449.462 440.335 476.519 486.051 455.552 465.169 451.673 466.891 484.838 489.799 484.857 520.352 492.337 510.203 523.525 529.451 522.864 505.371 501.734 458.467 449.988 449.839 427.657 395.893 374.718
-999.250 -999.250 -999.250 -999.250 487.488 468.694 456.980 511.439 501.834 515.679 506.475 503.168 487.138 469.648 458.127 440.948 406.576 386.476 336.156 291.980 380.630 417.792 453.031 477.311 515.793 498.066 514.124 542.300 548.735 549.569 525.390 511.831 487.317 479.540 451.138 430.778 426.840 417.332 428.172 428.291 471.486 463.851 453.037 450.018 486.339 463.702 477.544 469.767 496.682 507.386 512.084 497.623 502.451 537.563 547.190 509.984 531.434 509.987 510.372 513.800 470.783 483.940 429.413 400.544 403.345
-999.250 -999.250 -999.250 -999.250 477.203 473.339 458.451 497.280 506.676 497.324 501.320 523.455 509.411 475.952 459.356 449.695 419.504 393.079 369.795 365.367 386.274 428.820 454.605 487.358 531.724 520.615 513.822 547.753 516.161 542.147 513.855 501.581 476.814 472.746 437.662 440.663 412.405 438.903 442.450 448.835 448.590 452.091 459.486 449.313 451.671 489.905 493.621 501.858 496.598 494.395 529.721 511.840 505.295 530.504 552.132 515.054 525.432 540.925 532.033 521.150 510.102 473.494 444.895 417.939 419.846
-999.250 -999.250 -999.250 -999.250 471.481 453.894 468.629 463.356 492.668 505.303 523.860 500.343 504.891 470.165 480.384 455.345 441.300 403.794 406.274 414.958 430.406 449.972 465.391 493.836 503.346 495.377 504.300 530.270 515.258 513.568 491.204 503.350 459.258 442.580 426.934 429.756 428.328 420.994 436.698 431.213 457.980 453.732 442.555 423.559 438.427 482.836 457.735 460.336 501.224 487.333 495.408 504.710 472.929 521.916 503.117 523.115 540.132 555.824 538.200 541.270 523.135 490.192 447.665 414.038 399.917
-999.250 -999.250 -999.250 -999.250 472.074 476.132 476.737 501.982 491.186 516.213 516.416 487.846 488.959 473.525 487.449 453.844 466.082 473.954 452.957 442.249 470.411 476.931 486.634 500.477 516.963 518.078 502.440 502.704 496.743 464.964 454.934 443.442 445.925 402.551 404.129 411.904 414.120 421.675 415.410 441.030 424.057 436.103 446.474 451.518 450.144 487.628 458.896 490.747 480.025 474.713 486.906 495.661 486.774 500.581 527.670 521.110 534.121 538.708 527.744 532.893 519.137 492.313 463.462 443.547 416.240
-999.250 -999.250 -999.250 -999.250 487.424 492.627 507.077 494.712 495.717 516.710 507.798 475.873 501.854 480.811 488.212 483.885 478.339 524.675 496.858 523.369 524.033 523.075 505.969 510.220 516.630 495.492 499.125 480.646 472.274 452.743 449.447 429.308 412.220 399.344 410.403 396.942 408.633 421.745 426.426 445.650 428.957 443.244 453.062 443.270 437.234 461.194 470.639 443.087 435.590 448.946 472.384 496.155 516.232 508.780 503.565 517.850 544.588 517.086 533.608 523.281 494.332 509.718 481.708 463.264 412.165
-999.250 -999.250 -999.250 458.293 511.661 514.111 507.687 494.299 487.158 508.515 518.422 506.009 492.496 496.351 519.709 512.121 516.161 538.529 551.513 553.277 551.576 533.976 520.098 534.673 487.113 492.536 494.250 462.380 434.518 419.730 417.689 409.473 401.605 403.062 395.001 382.310 388.766 415.967 396.151 431.758 429.378 446.700 441.937 456.019 443.738 449.351 462.177 442.615 433.541 446.458 434.872 485.460 491.579 500.062 521.894 510.542 523.658 538.794 506.149 516.600 486.283 477.971 460.413 440.370 419.035
-999.250 -999.250 -999.250 498.090 506.160 498.643 501.598 509.756 517.861 493.577 509.291 500.105 505.918 517.172 522.840 516.675 521.408 537.531 567.872 549.468 557.236 552.132 533.230 510.417 499.223 482.084 455.114 436.979 426.458 415.790 398.836 403.497 404.355 384.253 375.777 386.541 405.405 398.305 399.159 414.868 418.148 446.562 439.797 439.621 433.412 444.968 445.648 450.020 446.627 450.940 439.154 440.440 479.693 456.570 480.631 491.643 497.577 519.711 495.862 483.126 491.510 474.003 442.975 433.435 434.383
-999.250 -999.250 -999.250 477.873 492.688 494.562 505.125 505.938 481.603 499.434 526.184 513.466 544.067 532.322 528.675 542.713 541.904 568.376 600.521 583.184 565.323 552.838 562.957 518.777 481.285 474.295 453.180 440.155 389.407 397.341 394.283 394.212 378.956 391.898 394.431 399.480 406.682 386.294 372.408 413.167 419.796 401.379 409.087 430.656 437.578 441.443 446.560 425.098 443.686 477.782 462.351 423.007 447.617 448.233 479.480 463.778 476.497 460.897 444.851 459.494 474.711 463.796 444.227 428.092 418.580
-999.250 -999.250 484.413 481.667 491.271 482.131 520.452 501.356 506.638 508.705 541.406 504.006 528.267 537.269 532.042 564.264 587.791 584.108 578.907 595.862 556.155 539.437 542.233 518.207 522.038 503.901 444.070 409.623 380.493 355.495 356.763 372.233 389.989 369.134 389.153 394.995 387.656 375.612 381.400 376.367 411.214 401.684 421.303 419.717 421.038 419.099 415.438 415.418 437.372 460.197 438.754 443.987 449.018 450.289 452.950 442.303 459.135 465.794 458.592 462.013 449.804 441.824 410.046 415.713 404.397
-999.250 -999.250 457.431 465.192 459.293 479.739 487.254 511.090 504.126 522.734 528.268 548.289 554.962 527.110 539.519 596.369 620.800 616.267 574.918 581.879 -999.250 531.941 523.909 528.530 507.384 472.126 437.609 410.730 338.792 258.153 307.485 332.308 382.883 382.142 377.966 397.759 378.343 383.269 369.704 370.898 371.589 396.598 412.848 420.077 416.573 416.398 407.808 395.172 447.599 442.650 438.922 445.439 464.710 489.192 463.341 467.098 452.194 473.649 456.540 445.348 428.112 424.950 403.030 393.976 376.825
-999.250 450.142 444.219 502.344 478.959 505.578 501.960 506.341 497.326 526.114 520.244 531.438 545.063 543.043 542.572 580.432 611.642 590.307 586.980 -999.250 -999.250 532.325 526.085 535.831 501.449 463.588 421.812 393.059 345.132 309.585 306.047 314.384 338.549 356.488 356.990 385.291 395.526 371.252 373.945 370.948 394.896 378.242 390.966 379.267 413.837 410.392 417.116 397.728 392.972 426.876 439.922 445.522 446.626 467.056 444.404 432.791 429.135 442.792 474.648 436.151 430.827 424.219 402.214 392.703 363.528
-999.250 468.447 461.915 464.712 509.939 503.692 518.812 504.797 500.820 526.778 516.524 543.024 548.642 533.608 537.787 584.722 594.487 626.658 -999.250 -999.250 -999.250 -999.250 507.017 532.017 490.804 468.444 443.133 396.390 362.598 340.928 328.948 324.013 355.286 345.759 369.735 362.930 375.867 377.233 367.396 370.134 350.446 359.870 375.674 382.786 373.745 396.313 384.382 390.607 400.487 374.324 399.537 398.339 412.034 415.415 414.145 411.963 450.218 445.955 468.481 423.323 426.759 409.589 384.411 355.179 345.837
468.454 458.981 450.578 492.699 515.690 502.525 517.299 520.224 497.313 483.901 516.359 533.245 539.385 531.675 549.549 577.672 583.952 573.297 -999.250 -999.250 -999.250 -999.250 -999.250 511.123 470.049 436.298 424.618 381.728 367.279 354.478 353.499 335.142 362.330 346.547 379.724 341.404 354.094 361.062 354.200 350.500 349.828 341.736 339.990 348.288 354.818 354.892 362.100 357.830 375.301 379.093 387.916 384.099 408.026 401.860 406.515 392.467 450.138 440.825 427.963 425.637 407.316 428.988 382.181 351.283 315.840
-999.250 464.448 465.458 503.028 514.865 488.936 506.638 513.970 507.623 506.626 516.502 530.568 534.475 561.430 571.377 607.464 569.166 603.306 -999.250 -999.250 -999.250 -999.250 496.102 480.934 451.609 437.025 399.161 380.251 381.633 357.084 355.764 349.937 349.810 347.666 363.541 357.413 344.886 354.931 356.269 347.075 326.998 353.762 336.063 329.348 314.376 312.497 316.727 311.170 331.885 354.325 364.219 383.898 399.404 413.906 421.671 417.521 428.281 443.205 416.231 424.751 420.611 404.867 380.149 368.318 309.611
-999.250 493.645 482.756 493.222 506.297 506.908 506.092 500.109 508.797 500.650 494.188 520.707 528.992 543.139 563.629 629.422 585.581 573.560 -999.250 -999.250 -999.250 486.447 -999.250 455.925 433.085 438.540 400.290 381.538 374.808 354.651 352.510 354.428 370.533 354.402 367.779 386.401 366.460 363.672 329.143 339.487 329.735 326.994 331.798 297.504 279.896 255.326 273.533 291.869 307.174 318.942 340.476 359.799 367.694 431.935 437.745 402.867 418.919 433.100 435.737 431.256 422.630 407.676 385.852 374.076 357.094
-999.250 500.428 506.669 507.398 524.298 520.039 497.029 496.353 504.046 473.947 467.714 475.255 527.736 565.408 600.432 610.031 568.765 -999.250 -999.250 -999.250 -999.250 442.816 436.295 419.196 415.776 412.663 397.078 383.569 368.463 358.747 370.251 376.800 375.113 374.880 371.494 371.880 361.575 356.541 343.831 332.752 330.185 323.382 292.055 244.879 235.639 235.868 238.392 260.879 287.806 315.088 317.754 351.534 362.539 403.344 408.591 385.335 387.906 409.918 440.864 431.354 426.422 427.217 405.151 400.763 371.513
-999.250 494.460 513.860 502.790 536.213 530.229 518.366 493.705 497.250 469.327 457.336 406.971 516.062 571.335 607.245 643.077 552.809 -999.250 -999.250 -999.250 477.621 439.819 399.209 410.241 422.029 393.059 384.052 382.313 343.660 370.691 396.415 399.728 396.351 383.023 381.618 374.632 358.874 349.438 320.072 341.276 319.180 291.893 250.986 237.104 205.081 201.329 202.874 232.880 249.129 273.904 320.666 351.202 352.283 370.676 386.351 383.325 386.436 391.160 413.474 420.444 426.918 428.222 434.680 422.224 402.625
-999.250 -999.250 -999.250 500.139 -999.250 -999.250 533.939 499.881 481.655 -999.250 -999.250 -999.250 517.710 572.428 -999.250 -999.250 -999.250 -999.250 -999.250 -999.250 465.187 422.561 424.627 421.250 420.221 426.356 409.625 395.937 379.200 386.770 401.145 413.241 400.220 379.157 364.030 367.561 351.813 342.937 332.498 311.297 299.335 285.185 247.538 198.404 154.427 144.193 150.632 206.037 232.166 253.692 294.332 336.539 349.310 354.908 371.806 381.707 378.262 381.402 387.193 436.056 431.744 450.620 453.673 446.775 421.239
-999.250 -999.250 -999.250 -999.250 -999.250 -999.250 -999.250 -999.250 -999.250 -999.250 -999.250 -999.250 -999.250 577.936 616.377 610.123 -999.250 -999.250 -999.250 490.440 445.576 426.090 406.030 406.392 427.873 410.211 425.718 403.584 400.969 421.440 425.729 429.015 400.368 383.561 377.480 360.619 350.707 357.220 324.401 301.695 295.429 245.392 219.240 176.254 121.878 53.310 128.648 171.898 216.814 230.843 286.066 325.723 341.415 346.357 358.427 360.908 363.957 403.041 422.367 447.841 437.105 477.855 458.916 474.907 445.168
-999.250 -999.250 -999.250 -999.250 -999.250 -999.250 -999.250 -999.250 -999.250 -999.250 -999.250 513.140 537.749 573.971 629.879 672.626 -999.250 -999.250 518.644 441.801 421.427 406.858 396.873 409.522 420.370 401.932 394.719 388.763 407.871 410.443 400.563 411.862 395.962 389.624 382.036 380.431 377.237 352.810 333.400 280.304 261.220 242.856 207.919 162.015 136.806 108.924 146.589 177.651 231.441 239.102 261.639 285.357 334.737 337.804 367.107 348.422 325.941 388.716 429.241 447.104 460.851 443.050 442.488 466.126 475.388
-999.250 -999.250 -999.250 -999.250 -999.250 -999.250 -999.250 -999.250 -999.250 -999.250 -999.250 509.808 562.157 546.787 605.467 631.600 575.746 561.306 524.469 473.618 427.155 372.630 403.156 436.347 404.929 386.922 339.199 395.931 411.941 440.162 454.820 417.240 377.978 376.205 375.206 372.938 338.764 333.795 338.273 302.564 259.027 240.319 215.559 183.567 151.344 163.032 155.975 201.976 237.218 258.174 292.563 319.584 344.938 355.205 380.782 370.335 369.430 393.253 427.326 437.054 439.832 454.993 439.441 435.254 487.047
-999.250 -999.250 -999.250 -999.250 -999.250 -999.250 -999.250 -999.250 -999.250 -999.250 -999.250 -999.250 564.132 556.567 597.309 578.845 556.774 543.653 517.915 480.160 448.754 424.591 418.407 430.112 411.872 392.563 384.647 399.438 443.703 458.998 473.347 426.883 396.774 383.498 383.985 364.327 335.590 340.875 318.490 295.296 248.918 243.503 210.732 204.347 175.429 194.413 196.704 222.035 255.267 269.195 301.501 309.194 349.889 342.862 365.099 382.792 384.507 416.652 429.069 443.576 470.837 462.912 469.665 442.554 487.207
