data/medianmodel_28-Jan-2021.asc
ncols	141
nrows	288
xllcorner	-120191.398
yllcorner	-301404.813
cellsize	2000.000
NODATA_value	-999.250
[rows 56 to 83 of 288, columns 63 to 125 of 141]
1511.092 1586.535 1656.575 1669.187 1587.982 1493.178 1417.244 1421.687 1469.567 1591.727 1663.046 1768.403 1902.976 1985.050 2151.460 2244.332 2158.536 1931.369 1680.701 1318.534 1027.681 1736.425 2316.614 2964.398 3486.821 4223.533 4745.997 4607.606 3883.807 3598.359 3392.476 3028.973 2807.143 2433.215 2148.273 2045.477 1943.982 1838.955 1695.389 1544.232 1204.573 1078.664 931.924 925.550 934.921 962.504 1028.694 1099.228 1118.222 1091.302 1164.035 1162.858 1173.159 1242.980 -999.250 -999.250 -999.250 -999.250 -999.250 -999.250 -999.250 -999.250 -999.250
1538.231 1597.693 1623.945 1660.495 1600.461 1578.376 1558.965 1608.326 1689.473 1802.641 1851.777 1999.430 2056.513 2253.838 2344.036 2473.115 2600.104 2196.472 1870.489 1664.208 1659.163 2046.072 2394.213 3041.972 3500.011 4012.806 4865.838 4973.796 4434.803 3815.271 3480.903 3119.532 2858.769 2657.535 2444.094 2115.252 2012.531 1968.825 1937.567 1621.679 1383.417 1131.219 1031.028 968.750 966.696 1006.639 1067.094 1100.278 1110.727 1144.471 1125.027 1170.837 1121.892 1208.507 -999.250 -999.250 -999.250 -999.250 -999.250 -999.250 -999.250 -999.250 -999.250
1527.273 1591.159 1653.135 1677.592 1662.142 1747.463 1748.968 1755.595 1862.353 1976.467 2087.241 2224.827 2315.363 2340.351 2546.675 2704.225 2759.150 2353.366 2154.281 2102.019 2099.713 2319.216 2833.213 3156.542 3691.986 4398.727 4563.376 4731.976 4860.431 4540.417 3826.919 3472.455 2952.074 2691.845 2390.271 2179.667 1952.178 1861.132 1789.883 1626.618 1361.621 1240.700 1120.925 1021.799 1059.046 1078.123 1081.605 1082.927 1189.759 1147.953 1158.110 1124.500 1170.044 1218.772 -999.250 -999.250 -999.250 -999.250 -999.250 -999.250 -999.250 -999.250 -999.250
1570.231 1618.329 1690.035 1751.500 1747.867 1799.786 1864.860 1969.065 2059.747 2215.390 2239.462 2349.633 2448.424 2641.055 2640.568 2706.073 2734.812 2500.547 2348.726 2421.149 2509.095 2655.134 2989.782 3457.195 4478.613 4809.577 5090.653 5561.366 5977.721 5405.859 4425.741 3586.992 3158.037 2715.810 2384.134 2155.724 1859.807 1714.957 1616.692 1523.624 1374.600 1261.166 1154.014 1119.475 1115.953 1158.474 1143.894 1178.337 1192.412 1194.831 1186.205 1187.033 1256.289 -999.250 -999.250 -999.250 -999.250 -999.250 -999.250 -999.250 -999.250 -999.250 -999.250
1562.305 1630.147 1737.167 1779.399 1855.010 1931.586 1971.033 2102.230 2189.242 2298.377 2464.529 2590.867 2606.591 2778.942 2749.128 2716.116 2689.719 2607.556 2587.752 2698.945 2757.471 2904.962 3221.205 3751.440 4742.127 5306.843 6051.424 6037.445 6253.755 5914.313 5138.180 3644.029 3106.587 2846.579 2177.390 1848.874 1665.183 1498.934 1415.948 1343.899 1300.669 1274.721 1217.436 1228.801 1238.868 1236.401 1234.123 1281.673 1324.592 1260.483 1292.695 1297.539 1314.262 -999.250 -999.250 -999.250 -999.250 -999.250 -999.250 -999.250 -999.250 -999.250 -999.250
1624.970 1728.896 1758.643 1887.711 1938.638 2002.347 2084.361 2243.679 2313.972 2491.766 2667.549 2853.674 2864.220 2859.558 2843.940 2735.046 2772.646 2773.876 2730.165 2754.063 2917.126 3091.725 3458.296 4224.581 5000.415 5964.600 6625.040 6705.680 6843.942 6426.128 5567.922 3940.563 3119.737 2455.346 1931.607 1534.474 1308.682 1263.119 1210.749 1221.658 1260.675 1227.932 1214.981 1204.505 1261.710 1297.300 1356.480 1313.021 1359.781 1360.812 1324.501 1353.376 -999.250 -999.250 -999.250 -999.250 -999.250 -999.250 -999.250 -999.250 -999.250 -999.250 -999.250
1642.778 1773.385 1765.800 1866.269 1931.963 2061.015 2185.217 2320.218 2457.458 2645.539 2800.323 2921.579 2879.091 2883.985 2788.190 2882.538 2778.359 2636.802 2789.595 2899.110 3081.285 3354.070 3865.058 4429.157 5552.266 5982.290 6791.385 7194.747 7065.504 6634.373 5471.632 3759.415 2986.723 2034.939 1407.610 1056.758 928.272 967.976 984.601 1069.343 1152.196 1207.241 1209.961 1282.965 1362.470 1378.046 1382.073 -999.250 -999.250 -999.250 -999.250 -999.250 -999.250 -999.250 -999.250 -999.250 -999.250 -999.250 -999.250 -999.250 -999.250 -999.250 -999.250
1721.559 1786.598 1896.505 1946.972 1981.563 2047.530 2136.295 2265.557 2447.476 2561.629 2822.786 2924.227 2907.871 2908.650 2776.115 2760.769 2845.204 2900.529 2875.300 2917.009 3128.336 3419.065 3947.367 4938.043 6193.148 6497.130 6904.813 7281.389 7526.052 6577.896 5381.623 3822.911 2761.758 1691.360 809.957 573.799 596.575 711.346 822.699 910.110 1047.787 1110.323 1218.629 1339.351 1438.692 1503.685 1565.676 1592.580 -999.250 -999.250 -999.250 -999.250 -999.250 -999.250 -999.250 -999.250 -999.250 -999.250 -999.250 -999.250 -999.250 -999.250 -999.250
1736.476 1827.382 1886.254 1976.870 2085.373 2132.698 2205.299 2324.793 2500.035 2533.551 2708.352 2818.105 2818.515 2810.543 2848.153 2746.260 2877.028 2920.732 2916.862 3125.291 3315.998 3680.284 4381.759 5414.385 6122.162 6574.930 6938.225 7238.923 6863.609 6226.033 4729.143 3456.389 2406.745 1301.113 0.000 155.565 425.856 551.946 737.169 860.126 990.120 1148.737 1260.678 1420.342 1555.320 1625.252 1761.531 1751.120 1791.149 -999.250 -999.250 -999.250 -999.250 -999.250 -999.250 -999.250 -999.250 -999.250 -999.250 -999.250 -999.250 -999.250 -999.250
1765.055 1848.872 1915.381 2021.338 2184.766 2317.670 2306.338 2319.144 2317.973 2519.634 2554.494 2787.406 2766.570 2870.163 2843.478 2872.411 2879.580 2945.563 2946.332 3195.550 3283.011 3867.892 4191.805 5589.810 6205.870 6341.069 6543.501 6733.372 6383.360 5720.939 4115.995 3066.554 2181.071 1233.367 503.491 283.173 398.601 528.798 696.456 846.080 991.414 1196.193 1376.018 1537.271 1643.389 1762.390 1825.129 1915.083 1920.294 -999.250 -999.250 -999.250 -999.250 -999.250 -999.250 -999.250 -999.250 -999.250 -999.250 -999.250 -999.250 -999.250 -999.250
1849.249 1945.706 1976.617 2107.888 2195.621 2303.812 2318.629 2354.366 2360.715 2505.420 2605.075 2736.742 2806.335 2822.864 2766.767 2881.044 2913.664 2961.714 3093.398 3386.386 3606.847 4058.328 5205.374 5330.412 5828.863 6219.837 6173.215 6184.154 5882.789 5102.969 3659.529 3059.367 2167.469 1338.633 806.550 529.202 531.462 567.811 737.625 886.769 1112.879 1278.207 1456.622 1634.050 1733.617 1908.533 1989.773 2024.423 2034.887 2059.060 -999.250 -999.250 -999.250 -999.250 -999.250 -999.250 -999.250 -999.250 -999.250 -999.250 -999.250 -999.250 -999.250
1875.511 1951.118 2092.146 2056.065 2214.878 2302.360 2397.696 2417.426 2399.085 2717.250 2597.160 2619.616 2830.270 2866.880 2878.989 2898.528 2982.730 3117.022 3255.508 3563.452 4054.031 4493.565 5551.808 5696.856 6196.023 6010.222 6031.617 5661.720 5316.856 4170.956 3328.615 2824.048 2083.950 1521.321 1017.714 726.432 646.719 712.198 820.482 941.256 1151.124 1348.578 1556.143 1684.934 1859.562 2056.453 2256.447 2223.544 2136.917 2166.760 2202.737 -999.250 -999.250 -999.250 -999.250 -999.250 -999.250 -999.250 -999.250 -999.250 -999.250 -999.250 -999.250
1909.777 1998.327 2044.793 2201.583 2254.827 2347.575 2409.028 2451.185 2475.395 2561.100 2695.198 2698.679 2675.602 2775.182 2885.987 2846.933 3005.321 3216.957 3416.897 3800.242 4116.691 5315.196 5688.505 6191.939 6181.653 5918.534 5673.639 5420.033 4546.616 3846.988 3170.476 2748.691 2034.887 1561.852 1148.438 874.753 823.393 824.659 943.072 1043.362 1238.774 1458.955 1588.366 1752.618 1904.944 2086.406 2253.090 2236.264 2213.928 2229.435 2225.240 -999.250 -999.250 -999.250 -999.250 -999.250 -999.250 -999.250 -999.250 -999.250 -999.250 -999.250 -999.250
1872.322 2003.925 2056.041 2158.985 2309.193 2328.341 2377.143 2460.060 2450.782 2638.044 2690.931 2579.846 2543.871 2781.417 2906.477 2981.327 2971.204 3334.872 3637.434 4025.696 4630.386 5513.476 6000.266 6154.771 6047.926 5723.965 5603.280 4650.878 3932.492 3354.682 3019.329 2373.299 1921.802 1522.325 1250.109 1043.246 974.771 1017.823 1071.003 1244.659 1339.777 1542.077 1633.872 1780.815 1956.989 2171.475 2283.139 2287.281 2382.492 2415.952 2334.837 -999.250 -999.250 -999.250 -999.250 -999.250 -999.250 -999.250 -999.250 -999.250 -999.250 -999.250 -999.250
1959.487 2010.258 2027.152 2120.929 2174.419 2287.905 2370.455 2400.708 2383.864 2385.146 2460.014 2490.415 2633.419 2832.977 2909.767 2960.137 3171.084 3389.363 3629.136 3937.151 4828.435 5617.987 5863.016 5959.235 5819.126 5817.280 5628.762 4253.206 3399.723 3208.979 2887.413 2266.736 1907.256 1599.548 1372.366 1173.636 1103.393 1121.882 1225.280 1352.192 1463.879 1567.607 1787.754 1905.927 2033.384 2165.534 2264.443 2459.068 2522.323 2541.018 2402.775 2499.827 2336.503 -999.250 -999.250 -999.250 -999.250 -999.250 -999.250 -999.250 -999.250 -999.250 -999.250
1917.866 2012.990 2066.148 2118.060 2199.961 2247.663 2290.513 2324.686 2328.149 2385.887 2419.251 2541.518 2622.938 2602.944 2919.998 3046.237 3096.900 3512.384 3692.451 4214.693 5004.950 5397.370 5596.522 6058.575 5604.679 5509.307 4437.112 3832.801 3325.697 2859.719 2644.133 2119.568 1829.153 1573.084 1399.303 1306.044 1211.400 1236.237 1284.248 1451.413 1526.516 1701.828 1852.698 1993.944 2149.252 2249.924 2329.754 2455.696 2534.938 2611.650 2562.240 2490.562 2320.519 -999.250 -999.250 -999.250 -999.250 -999.250 -999.250 -999.250 -999.250 -999.250 -999.250
2027.877 2153.665 2114.268 2190.664 2226.419 2218.378 2255.182 2335.125 2368.465 2369.310 2408.214 2461.912 2557.496 2741.003 2919.360 3087.874 3261.942 3698.016 3795.527 4115.584 4475.124 5369.282 5748.598 5770.572 5677.078 5076.124 4565.226 3534.795 3336.504 2844.858 2279.610 2118.975 1838.613 1600.634 1414.561 1342.327 1349.507 1335.998 1450.397 1543.725 1660.503 1754.094 1931.405 2065.039 2195.753 2315.414 2325.977 2430.045 2596.504 2605.389 2499.100 2462.477 -999.250 -999.250 -999.250 -999.250 -999.250 -999.250 -999.250 -999.250 -999.250 -999.250 -999.250
2156.687 2109.367 2123.191 2167.507 2178.341 2237.799 2256.295 2358.556 2386.284 2416.403 2393.423 2544.443 2698.365 2791.661 2935.449 3095.089 3231.894 3365.266 3684.772 4577.546 4876.611 5265.556 5646.002 5703.279 5109.228 4947.434 4044.349 3195.220 2986.175 2537.135 2193.786 1911.157 1737.638 1543.085 1465.842 1387.289 1356.338 1390.491 1586.505 1684.893 1805.258 1898.440 1987.147 2164.090 2298.514 2432.007 2457.609 2581.898 2529.567 2674.549 2540.354 2712.710 -999.250 -999.250 -999.250 -999.250 -999.250 -999.250 -999.250 -999.250 -999.250 -999.250 -999.250
2166.889 2184.900 2212.600 2204.130 2216.175 2224.536 2260.081 2254.866 2304.944 2295.112 2494.439 2543.293 2664.548 2816.710 3020.436 3018.692 3236.875 3506.159 3958.096 4667.550 4951.703 5521.417 5728.552 5811.519 5047.879 4239.950 3721.414 3151.849 2771.373 2196.923 1967.334 1819.630 1644.144 1538.523 1508.785 1443.388 1459.784 1489.577 1646.966 1782.044 1968.819 1984.429 2201.678 2334.748 2367.471 2487.291 2564.649 2712.994 2585.686 2688.885 2728.906 2839.935 -999.250 -999.250 -999.250 -999.250 -999.250 -999.250 -999.250 -999.250 -999.250 -999.250 -999.250
2180.443 2240.934 2227.075 2217.896 2254.527 2330.455 2242.005 2263.548 2298.931 2414.104 2431.268 2674.410 2750.667 2873.055 2957.810 3067.392 3273.733 3671.400 4182.918 4580.292 5124.013 6072.485 6132.101 5785.765 5519.652 4096.834 3588.415 3117.914 2522.476 1892.958 1793.545 1737.210 1607.224 1569.396 1544.497 1468.787 1562.691 1635.966 1736.545 1924.323 2034.046 2138.409 2211.043 2350.506 2449.338 2491.960 2634.436 2877.554 2783.879 2739.764 2732.655 2836.304 -999.250 -999.250 -999.250 -999.250 -999.250 -999.250 -999.250 -999.250 -999.250 -999.250 -999.250
2203.385 2268.518 2272.488 2294.855 2295.369 2277.288 2178.156 2256.558 2425.198 2340.941 2424.773 2670.825 2812.491 2897.413 3032.367 3149.131 3303.152 3535.841 3948.651 4530.129 5312.890 5991.522 6018.917 5092.654 4460.541 3651.958 3477.721 3000.136 2447.745 1991.635 1786.022 1645.760 1605.287 1539.240 1569.712 1588.068 1675.073 1766.880 1887.506 1988.090 2074.482 2175.829 2291.361 2395.570 2454.406 2591.170 2681.896 2886.357 2832.003 2773.674 2775.898 2873.130 -999.250 -999.250 -999.250 -999.250 -999.250 -999.250 -999.250 -999.250 -999.250 -999.250 -999.250
2325.107 2343.950 2401.513 2446.714 2327.207 2333.235 2223.020 2321.695 2307.639 2393.527 2529.410 2631.524 2779.825 2955.960 3082.902 3063.099 3270.713 3311.425 3793.043 4148.113 4562.823 5235.307 5004.309 4804.653 4380.373 3538.322 3171.146 2961.528 2470.840 2050.691 1864.105 1704.938 1632.355 1605.007 1582.830 1645.926 1731.374 1818.752 1935.370 1966.057 2104.722 2167.796 2316.551 2413.561 2593.833 2721.103 2888.672 2905.754 2825.712 2934.769 2858.695 2904.907 -999.250 -999.250 -999.250 -999.250 -999.250 -999.250 -999.250 -999.250 -999.250 -999.250 -999.250
2538.643 2534.131 2515.544 2474.826 2395.213 2393.385 2303.977 2356.634 2321.906 2423.499 2484.516 2567.580 2727.330 2927.865 3030.018 3047.922 3202.415 3263.075 3539.307 3692.062 4005.700 4266.965 4079.089 3772.907 3763.846 3238.833 2995.620 2828.892 2372.940 2087.988 1799.943 1661.869 1623.664 1613.205 1589.015 1697.782 1796.433 1902.393 1946.003 2010.294 2204.137 2319.814 2339.647 2480.737 2706.934 2838.278 2880.585 2906.815 2849.401 2946.130 2922.358 2899.546 -999.250 -999.250 -999.250 -999.250 -999.250 -999.250 -999.250 -999.250 -999.250 -999.250 -999.250
2750.580 2495.140 2607.520 2594.618 2480.355 2489.347 2380.923 2309.161 2357.922 2416.001 2416.197 2612.270 2747.597 2917.451 2959.269 3064.254 3203.037 3126.158 3369.777 3297.155 3557.208 3443.420 3572.670 3484.415 3329.716 3132.559 2868.762 2546.757 2258.417 2047.024 1801.842 1712.700 1709.569 1669.842 1655.396 1811.559 1810.535 1921.784 1994.088 2012.964 2144.025 2307.020 2458.393 2481.589 2621.915 2927.703 2858.093 2888.337 2905.807 2817.611 2919.502 2929.488 -999.250 -999.250 -999.250 -999.250 -999.250 -999.250 -999.250 -999.250 -999.250 -999.250 -999.250
2780.045 2594.248 2502.427 2479.751 2467.382 2349.816 2324.479 2325.975 2362.600 2396.845 2374.662 2432.752 2627.083 2748.074 2929.493 3040.254 3063.679 3136.997 3351.757 3278.445 3264.470 3242.815 3091.043 2981.561 2972.668 2803.115 2566.876 2314.762 2060.029 1907.855 1808.167 1669.456 1705.061 1665.597 1747.052 1801.455 1868.528 1928.685 1924.149 1992.904 2147.850 2210.808 2346.903 2477.042 2787.818 2871.743 2886.241 2865.377 2983.068 3068.955 2982.454 3000.591 3086.861 -999.250 -999.250 -999.250 -999.250 -999.250 -999.250 -999.250 -999.250 -999.250 -999.250
2793.742 2656.330 2518.816 2406.892 2402.716 2371.956 2352.943 2307.258 2295.543 2286.281 2314.970 2389.263 2530.688 2658.648 2783.325 2909.346 2958.613 2957.365 3088.691 3019.162 2969.079 2866.335 2755.765 2633.915 2666.059 2420.317 2268.610 2102.841 1908.362 1820.228 1702.567 1696.995 1689.564 1719.967 1800.897 1851.027 1905.354 1986.965 1941.759 2071.889 2166.245 2303.786 2432.094 2504.080 2783.364 2877.300 2924.260 2931.936 3117.285 3118.887 3080.479 3025.777 3196.506 -999.250 -999.250 -999.250 -999.250 -999.250 -999.250 -999.250 -999.250 -999.250 -999.250
2684.706 2738.988 2369.216 2283.295 2289.724 2325.183 2364.035 2317.802 2219.345 2202.014 2269.807 2296.622 2358.864 2439.381 2489.630 2585.650 2789.411 2695.936 2740.807 2623.349 2716.932 2522.051 2480.837 2319.927 2243.093 2082.568 1929.829 1847.370 1773.928 1671.210 1685.873 1673.993 1652.007 1651.657 1824.032 1896.085 1881.965 1945.191 2013.129 2120.951 2236.494 2314.358 2512.191 2634.318 2770.911 2933.629 2900.280 3007.172 3130.497 3185.130 3213.703 3227.731 3289.859 -999.250 -999.250 -999.250 -999.250 -999.250 -999.250 -999.250 -999.250 -999.250 -999.250
2497.906 2607.454 2338.852 2309.740 2300.511 2259.508 2249.476 2205.991 2178.902 2144.365 2110.512 2138.468 2159.530 2203.666 2243.427 2238.044 2310.652 2358.056 2310.663 2350.708 2287.456 2218.832 2197.807 2128.620 2007.848 1913.530 1766.542 1661.570 1636.650 1599.170 1640.015 1614.621 1661.140 1731.486 1793.973 1846.515 1935.917 1959.472 2091.817 2132.690 2168.228 2331.381 2507.029 2719.883 2826.580 2855.117 2929.776 3050.733 3186.476 3281.956 3252.759 3359.976 3453.753 -999.250 -999.250 -999.250 -999.250 -999.250 -999.250 -999.250 -999.250 -999.250 -999.250
