data/medianmodel_06-May-2020.asc
ncols	141
nrows	288
xllcorner	-120191.398
yllcorner	-301404.813
cellsize	2000.000
NODATA_value	-999.250
[rows 124 to 154 of 288, columns 0 to 68 of 141]
-999.250 -999.250 -999.250 -999.250 -999.250 -999.250 -999.250 -999.250 -999.250 -999.250 -999.250 -999.250 -999.250 -999.250 -999.250 -999.250 -999.250 -999.250 -999.250 -999.250 -999.250 -999.250 -999.250 -999.250 8.895 9.231 9.249 11.844 11.934 13.658 14.720 13.640 15.577 14.619 12.910 13.068 11.625 10.924 10.393 9.351 10.298 8.620 5.265 10.544 8.456 8.563 9.096 8.708 7.538 5.962 3.850 1.959 1.266 0.000 0.000 0.000 0.000 0.000 0.000 2.246 1.565 2.280 3.758 5.289 1.210 3.256 2.952 2.763 4.371
-999.250 -999.250 -999.250 -999.250 -999.250 -999.250 -999.250 -999.250 -999.250 -999.250 -999.250 -999.250 -999.250 -999.250 -999.250 -999.250 -999.250 -999.250 -999.250 -999.250 -999.250 -999.250 -999.250 -999.250 9.116 9.587 14.572 12.048 9.854 15.966 13.909 12.951 15.377 11.255 13.505 11.390 10.514 11.595 9.991 8.159 11.137 9.293 5.853 6.607 9.836 7.480 7.358 9.205 5.822 4.311 3.064 0.999 1.529 0.000 0.000 0.000 0.000 0.418 0.576 2.194 2.961 2.701 3.502 4.276 4.062 2.750 3.617 2.504 1.342
-999.250 -999.250 -999.250 -999.250 -999.250 -999.250 -999.250 -999.250 -999.250 -999.250 -999.250 -999.250 -999.250 -999.250 -999.250 -999.250 -999.250 -999.250 -999.250 -999.250 -999.250 -999.250 -999.250 9.736 9.615 14.059 12.925 10.386 15.452 14.844 13.514 14.320 12.271 15.320 15.498 12.085 12.746 8.805 9.159 7.942 5.596 7.669 6.408 8.080 8.661 8.667 6.850 5.666 4.939 2.332 1.338 1.161 0.000 0.000 0.000 0.000 0.000 0.071 1.726 0.938 2.170 2.035 1.236 4.115 3.479 3.304 2.357 3.058 1.418
-999.250 -999.250 -999.250 -999.250 -999.250 -999.250 -999.250 -999.250 -999.250 -999.250 -999.250 -999.250 -999.250 -999.250 -999.250 -999.250 -999.250 -999.250 -999.250 -999.250 -999.250 -999.250 -999.250 6.700 9.231 10.901 14.511 15.626 14.327 14.436 13.166 14.351 13.201 11.874 10.928 10.693 9.939 8.876 8.090 8.047 9.127 6.623 8.031 8.855 7.775 7.100 5.322 3.057 0.973 1.168 0.000 0.243 0.654 0.000 0.002 0.000 0.020 1.385 1.730 1.745 3.784 2.143 1.538 2.285 1.982 3.608 3.658 2.427 3.284
-999.250 -999.250 -999.250 -999.250 -999.250 -999.250 -999.250 -999.250 -999.250 -999.250 -999.250 -999.250 -999.250 -999.250 -999.250 -999.250 -999.250 -999.250 -999.250 -999.250 -999.250 -999.250 -999.250 10.776 7.157 7.372 12.661 10.896 12.614 10.607 16.458 15.134 10.830 15.383 14.287 10.210 10.272 12.890 8.909 7.437 8.028 5.733 4.892 7.487 8.308 4.009 4.826 2.884 0.000 0.000 1.174 0.117 0.092 1.702 2.583 2.260 0.721 2.277 3.289 6.428 2.326 2.467 0.000 1.345 2.025 1.825 3.616 1.396 2.050
-999.250 -999.250 -999.250 -999.250 -999.250 -999.250 -999.250 -999.250 -999.250 -999.250 -999.250 -999.250 -999.250 -999.250 -999.250 -999.250 -999.250 -999.250 -999.250 -999.250 -999.250 -999.250 4.718 6.708 7.075 7.398 10.196 11.192 11.557 11.631 11.055 8.997 11.647 12.368 14.366 9.813 13.036 13.063 10.273 7.410 6.205 6.513 6.361 5.102 5.379 3.911 2.423 2.196 0.000 0.000 0.505 0.000 0.790 1.653 0.779 2.121 1.548 0.822 3.972 5.540 2.707 3.399 2.075 2.273 1.236 1.386 4.305 2.985 2.714
-999.250 -999.250 -999.250 -999.250 -999.250 -999.250 -999.250 -999.250 -999.250 -999.250 -999.250 -999.250 -999.250 -999.250 -999.250 -999.250 -999.250 -999.250 -999.250 -999.250 -999.250 -999.250 5.634 5.451 4.633 5.088 6.556 9.482 8.550 10.020 12.032 12.652 11.142 12.975 12.699 12.561 10.747 10.531 10.184 8.319 6.052 5.417 6.550 6.840 6.556 4.500 3.734 2.339 0.245 0.111 0.250 0.034 1.891 0.010 3.830 3.078 1.854 3.881 3.907 5.617 5.443 4.591 1.496 3.776 4.068 4.401 3.155 2.520 4.009
-999.250 -999.250 -999.250 -999.250 -999.250 -999.250 -999.250 -999.250 -999.250 -999.250 -999.250 -999.250 -999.250 -999.250 -999.250 -999.250 -999.250 -999.250 -999.250 -999.250 -999.250 5.778 3.097 5.522 5.194 6.724 7.759 7.295 10.545 13.777 12.773 12.881 11.241 12.551 12.038 11.560 10.131 9.588 10.484 7.223 6.967 8.274 5.730 6.123 7.080 4.036 3.174 0.142 0.894 0.367 0.000 0.527 0.876 0.000 0.834 1.620 2.638 4.135 3.438 4.177 3.716 5.335 5.035 7.425 6.534 4.839 3.960 1.620 2.649
-999.250 -999.250 -999.250 -999.250 -999.250 -999.250 -999.250 -999.250 -999.250 -999.250 -999.250 -999.250 -999.250 -999.250 -999.250 -999.250 -999.250 -999.250 -999.250 -999.250 -999.250 3.810 3.627 4.564 5.165 6.465 6.315 6.895 9.593 11.278 12.137 11.990 11.748 8.000 7.765 9.340 9.202 11.058 10.304 7.059 5.337 5.082 5.868 7.019 6.161 2.704 2.270 2.522 0.000 0.293 0.000 0.000 0.000 0.000 1.215 1.329 1.456 3.931 4.440 3.542 4.054 5.562 6.016 3.973 7.507 5.394 4.117 2.801 2.287
-999.250 -999.250 -999.250 -999.250 -999.250 -999.250 -999.250 -999.250 -999.250 -999.250 -999.250 -999.250 -999.250 -999.250 -999.250 -999.250 -999.250 -999.250 -999.250 -999.250 -999.250 2.678 4.616 2.997 3.506 3.506 3.979 6.073 5.705 8.496 10.725 9.541 9.087 8.126 5.968 7.692 8.586 8.381 6.795 9.555 5.146 7.037 5.720 4.844 3.965 3.904 4.608 3.471 2.661 2.023 2.364 1.048 0.000 0.000 1.045 2.263 2.611 2.436 2.073 4.014 3.638 5.948 5.364 7.489 5.191 9.388 6.046 2.709 0.585
-999.250 -999.250 -999.250 -999.250 -999.250 -999.250 -999.250 -999.250 -999.250 -999.250 -999.250 -999.250 -999.250 -999.250 -999.250 -999.250 -999.250 -999.250 -999.250 -999.250 4.980 1.205 2.826 2.712 4.813 5.510 4.334 4.678 6.732 7.485 6.557 6.697 6.748 5.329 5.877 6.959 7.062 7.074 7.464 6.671 5.387 5.393 6.703 7.080 5.071 4.513 4.963 2.755 3.124 3.272 2.338 0.628 0.000 0.000 1.115 3.453 2.541 2.783 6.443 3.743 1.941 3.244 4.030 5.562 4.613 7.944 4.245 3.625 0.796
-999.250 -999.250 -999.250 -999.250 -999.250 -999.250 -999.250 -999.250 -999.250 -999.250 -999.250 -999.250 -999.250 -999.250 -999.250 -999.250 -999.250 -999.250 -999.250 -999.250 1.729 2.629 3.829 4.155 2.657 5.155 4.708 4.546 4.703 5.035 4.280 5.279 3.949 4.462 5.009 7.518 7.342 8.009 6.441 6.981 6.663 5.166 6.489 7.636 5.797 7.458 5.607 3.211 5.155 2.136 2.543 2.787 1.721 2.351 2.025 2.140 4.481 4.798 3.423 3.194 1.849 3.586 2.359 5.882 6.202 5.752 5.519 4.114 3.937
-999.250 -999.250 -999.250 -999.250 -999.250 -999.250 -999.250 -999.250 -999.250 -999.250 -999.250 -999.250 -999.250 -999.250 -999.250 -999.250 -999.250 -999.250 -999.250 -999.250 2.914 4.182 2.635 2.255 3.784 3.710 4.513 3.249 4.116 2.020 1.108 0.902 2.099 4.827 5.026 5.908 7.391 7.798 4.574 6.514 4.825 5.126 5.559 6.212 7.156 4.624 5.418 6.698 6.368 4.259 5.681 4.736 6.253 4.058 2.407 3.127 3.442 3.634 1.409 1.993 1.294 1.797 0.943 6.194 7.524 6.265 5.579 5.521 3.618
-999.250 -999.250 -999.250 -999.250 -999.250 -999.250 -999.250 -999.250 -999.250 -999.250 -999.250 -999.250 -999.250 -999.250 -999.250 -999.250 -999.250 -999.250 -999.250 -999.250 3.535 4.009 5.482 3.701 4.371 4.566 4.846 2.327 2.856 1.696 0.000 0.007 2.106 3.537 3.662 6.204 6.788 4.978 6.450 4.904 4.541 4.668 4.979 5.201 6.782 7.007 5.995 6.338 5.367 4.423 5.853 4.098 5.050 5.986 4.520 1.201 2.316 2.495 0.240 0.000 0.000 0.057 2.862 1.616 4.545 3.876 4.173 4.384 5.805
-999.250 -999.250 -999.250 -999.250 -999.250 -999.250 -999.250 -999.250 -999.250 -999.250 -999.250 -999.250 -999.250 -999.250 -999.250 -999.250 -999.250 -999.250 -999.250 2.180 0.799 2.936 6.151 8.332 6.323 4.648 5.766 4.341 2.295 0.070 0.004 1.820 2.815 3.501 4.717 4.927 6.049 5.661 6.143 8.338 5.323 6.903 6.156 8.100 6.864 7.184 6.911 8.320 6.165 5.711 6.800 7.176 6.660 5.287 5.132 4.576 1.152 0.620 0.731 0.000 0.000 0.000 0.000 2.468 4.268 4.449 4.237 3.366 5.583
-999.250 -999.250 -999.250 -999.250 -999.250 -999.250 -999.250 -999.250 -999.250 -999.250 -999.250 -999.250 -999.250 -999.250 -999.250 -999.250 -999.250 -999.250 -999.250 1.524 0.000 4.043 5.242 5.532 7.243 6.051 7.224 4.513 3.810 3.896 2.725 1.812 2.316 4.178 3.469 4.732 6.305 4.211 7.826 8.439 7.080 9.029 9.315 6.811 7.659 5.983 6.741 8.982 8.352 7.655 8.745 6.587 6.385 4.298 6.394 4.592 4.187 4.009 0.000 0.000 0.000 0.000 0.287 0.165 1.771 3.809 6.266 5.945 4.936
-999.250 -999.250 -999.250 -999.250 -999.250 -999.250 -999.250 -999.250 -999.250 -999.250 -999.250 -999.250 -999.250 -999.250 -999.250 -999.250 -999.250 -999.250 -999.250 0.000 0.000 0.411 3.808 6.357 7.762 6.495 6.218 5.835 3.519 4.699 4.296 5.124 3.461 5.043 3.756 3.010 3.913 4.210 5.781 7.590 7.867 10.285 9.711 8.876 6.672 8.098 5.826 6.096 8.541 8.180 8.238 8.023 5.495 6.003 6.430 5.384 4.166 2.851 1.644 0.437 0.000 0.000 0.000 0.193 0.600 2.533 4.457 5.261 4.622
-999.250 -999.250 -999.250 -999.250 -999.250 -999.250 -999.250 -999.250 -999.250 -999.250 -999.250 -999.250 -999.250 -999.250 -999.250 -999.250 -999.250 -999.250 -999.250 1.534 0.196 2.691 4.638 5.389 9.795 9.771 8.113 6.413 5.856 2.965 6.932 4.709 3.691 5.111 2.393 0.398 2.556 4.130 3.715 8.707 8.576 9.801 8.244 10.213 9.062 8.383 7.234 6.613 8.164 9.535 8.891 7.284 8.663 8.865 7.333 5.736 4.158 4.613 1.277 0.116 0.000 0.000 0.000 0.000 0.000 1.341 4.393 6.174 5.468
-999.250 -999.250 -999.250 -999.250 -999.250 -999.250 -999.250 -999.250 -999.250 -999.250 -999.250 -999.250 -999.250 -999.250 -999.250 -999.250 -999.250 -999.250 -999.250 5.070 2.938 4.472 7.815 10.620 11.330 12.007 9.408 9.152 10.202 7.288 6.429 5.448 2.337 3.429 0.444 2.659 1.655 1.652 2.630 6.948 7.779 7.485 9.352 9.165 9.141 9.498 7.410 8.956 7.435 10.881 10.143 10.659 8.430 8.935 7.783 6.849 6.563 5.468 2.015 0.000 0.000 0.000 0.000 0.000 0.000 0.089 3.374 5.012 4.444
-999.250 -999.250 -999.250 -999.250 -999.250 -999.250 -999.250 -999.250 -999.250 -999.250 -999.250 -999.250 -999.250 -999.250 -999.250 -999.250 -999.250 -999.250 7.326 6.461 7.560 8.347 12.203 13.071 11.499 14.759 12.634 12.337 13.452 8.638 4.791 4.921 1.607 1.541 2.408 0.837 2.656 2.855 3.253 5.228 6.586 7.713 8.354 7.901 9.540 8.608 10.336 12.255 11.659 9.499 10.999 11.827 8.170 9.389 8.367 9.236 7.302 5.901 1.899 0.000 0.000 0.000 0.000 0.000 0.000 0.089 0.927 2.347 4.370
-999.250 -999.250 -999.250 -999.250 -999.250 -999.250 -999.250 -999.250 -999.250 -999.250 -999.250 -999.250 -999.250 -999.250 -999.250 -999.250 -999.250 7.337 8.910 8.578 9.457 10.112 13.529 14.844 12.434 15.345 13.323 12.467 14.063 9.714 8.298 4.659 3.756 3.012 0.575 0.000 1.080 2.137 2.808 3.156 5.624 6.863 7.424 8.887 7.098 7.480 7.342 10.946 12.062 9.541 10.558 15.142 14.532 11.326 10.194 10.789 8.317 6.738 4.402 0.000 0.000 0.000 0.000 0.000 0.000 1.003 1.877 2.399 2.052
-999.250 -999.250 -999.250 -999.250 -999.250 -999.250 -999.250 -999.250 -999.250 -999.250 -999.250 -999.250 -999.250 -999.250 -999.250 -999.250 -999.250 7.615 7.957 8.969 10.337 15.299 12.245 16.453 17.893 17.144 14.907 14.046 15.066 12.178 7.962 8.185 4.370 2.337 1.819 1.450 0.636 4.782 2.597 5.057 5.214 6.364 5.210 8.570 9.699 8.976 7.681 10.862 9.069 11.729 13.749 11.816 14.577 15.797 16.696 13.469 10.001 8.520 3.980 2.228 0.662 0.000 0.353 0.000 0.000 0.510 0.589 1.985 2.688
-999.250 -999.250 -999.250 -999.250 -999.250 -999.250 -999.250 -999.250 -999.250 -999.250 -999.250 -999.250 -999.250 -999.250 -999.250 8.810 8.252 9.395 8.772 10.603 10.633 13.723 15.995 16.093 15.115 18.291 17.006 14.916 13.140 12.430 10.533 9.674 9.825 6.216 2.931 2.630 0.000 1.869 2.898 4.624 7.020 8.588 7.803 9.996 10.032 8.599 9.224 7.225 7.796 7.427 11.111 16.211 15.968 17.410 16.298 17.500 10.881 11.386 6.958 5.019 3.096 2.225 0.161 1.001 1.007 1.794 1.782 1.478 0.976
-999.250 -999.250 -999.250 -999.250 -999.250 -999.250 -999.250 -999.250 -999.250 -999.250 -999.250 -999.250 -999.250 -999.250 7.866 9.062 10.850 12.906 12.783 12.104 14.714 13.156 15.209 14.583 17.301 18.012 15.308 15.334 15.822 10.737 12.490 11.896 6.694 7.523 5.043 2.600 0.000 0.000 1.426 2.869 6.359 6.059 8.960 10.534 13.077 9.146 5.488 4.080 3.343 6.431 11.026 17.040 18.615 24.814 19.208 18.010 16.318 13.526 9.621 7.438 6.300 3.701 2.203 0.838 1.445 2.214 0.894 0.213 0.000
-999.250 -999.250 -999.250 -999.250 -999.250 -999.250 -999.250 -999.250 -999.250 -999.250 -999.250 -999.250 -999.250 -999.250 6.994 10.959 9.191 8.750 16.267 11.049 15.268 14.608 14.264 12.255 15.983 15.857 15.221 16.623 16.824 14.800 13.988 9.793 9.346 6.488 6.474 4.735 0.000 0.000 1.535 2.146 6.138 4.946 9.097 11.679 14.648 13.916 4.975 0.000 2.943 5.836 9.016 13.046 19.784 21.175 21.799 20.102 15.363 14.128 12.101 9.830 8.872 7.245 3.744 2.424 0.783 1.238 0.712 0.142 0.000
-999.250 -999.250 -999.250 -999.250 -999.250 -999.250 -999.250 -999.250 -999.250 -999.250 -999.250 -999.250 -999.250 5.289 8.720 7.904 9.653 10.437 12.507 14.829 13.052 11.352 15.111 13.242 15.049 14.958 18.344 18.417 18.277 14.126 14.364 10.446 9.036 8.127 6.553 6.319 3.681 2.857 4.278 4.841 6.510 7.109 8.218 10.285 8.760 6.930 3.136 0.677 2.892 7.915 11.563 15.422 18.435 22.926 21.687 19.182 17.856 14.297 15.104 9.430 8.145 8.481 5.039 3.401 2.026 0.506 0.279 0.041 0.000
-999.250 -999.250 -999.250 -999.250 -999.250 -999.250 -999.250 -999.250 -999.250 -999.250 -999.250 -999.250 5.734 5.573 7.140 9.232 12.791 11.879 13.325 14.491 12.619 12.070 13.375 13.758 16.264 13.521 17.894 14.503 15.143 13.644 15.292 11.711 9.931 10.173 10.467 10.175 6.442 5.548 7.017 8.397 10.138 7.475 5.383 5.844 3.885 1.992 1.817 3.511 5.119 8.726 12.416 17.321 19.741 23.198 19.523 18.306 16.021 11.100 12.301 11.919 9.524 7.830 4.694 2.816 1.701 0.253 0.753 2.535 0.796
-999.250 -999.250 -999.250 -999.250 -999.250 -999.250 -999.250 -999.250 -999.250 -999.250 -999.250 3.668 3.263 3.980 3.587 6.620 10.522 9.954 11.887 11.849 9.704 11.761 14.931 15.961 16.335 19.180 15.395 15.617 13.366 16.196 13.035 12.575 11.716 13.751 12.904 12.104 9.468 7.217 10.621 9.678 9.754 8.742 5.052 2.638 1.651 0.000 3.600 6.353 8.955 9.750 13.713 17.455 19.043 19.271 20.334 19.786 18.167 18.041 13.560 10.771 7.062 8.547 6.943 4.444 1.915 2.504 2.593 1.915 0.633
-999.250 -999.250 -999.250 -999.250 -999.250 -999.250 -999.250 -999.250 -999.250 -999.250 0.061 2.414 2.350 3.381 1.319 2.652 6.276 9.134 11.556 12.202 10.825 10.062 9.872 12.696 15.787 18.984 18.838 18.047 15.738 17.660 17.692 16.074 13.897 14.903 13.073 14.250 10.960 10.438 10.943 9.377 7.689 5.881 5.014 5.076 2.281 1.690 3.926 7.647 9.076 10.043 13.383 20.584 18.250 21.791 20.916 23.340 23.899 21.910 15.264 11.987 8.828 8.931 6.602 4.336 3.085 2.264 1.392 3.033 3.451
-999.250 -999.250 -999.250 -999.250 -999.250 -999.250 -999.250 -999.250 -999.250 0.000 0.000 0.144 1.941 1.012 0.000 0.000 3.292 7.757 9.082 13.484 10.477 9.050 10.817 9.248 16.538 16.868 21.891 18.227 18.113 24.063 24.373 16.607 17.669 20.638 15.306 13.581 14.963 13.931 10.311 11.704 8.143 4.929 5.574 6.202 4.884 6.000 6.694 9.328 13.954 13.342 14.588 18.124 19.813 23.634 22.334 20.377 24.879 22.515 13.688 14.087 10.806 9.573 6.125 4.343 4.306 3.507 1.118 2.895 0.452
-999.250 -999.250 -999.250 -999.250 -999.250 0.000 0.000 0.000 0.000 0.000 0.000 0.000 1.026 0.083 0.000 0.000 1.472 3.925 8.791 8.972 9.061 11.067 11.084 8.965 12.083 15.718 21.758 20.397 24.248 22.673 23.546 20.525 21.283 18.936 17.568 15.920 13.315 13.643 10.631 9.941 5.855 4.259 5.477 5.493 6.169 8.425 10.873 12.351 10.570 10.817 12.020 16.596 21.283 23.543 20.046 20.936 18.839 17.102 16.518 12.729 10.278 7.744 6.478 3.805 2.044 3.337 1.786 1.303 2.095
