data/medianmodel_23-Oct-2020.asc
ncols	141
nrows	288
xllcorner	-120191.398
yllcorner	-301404.813
cellsize	2000.000
NODATA_value	-999.250
[rows 240 to 269 of 288, columns 0 to 65 of 141]
-999.250 -999.250 -999.250 -999.250 -999.250 -999.250 -999.250 -999.250 -999.250 -999.250 -999.250 -999.250 -999.250 -999.250 -999.250 -999.250 -999.250 -999.250 -999.250 -999.250 -999.250 -999.250 -999.250 -999.250 -999.250 -999.250 -999.250 -999.250 -999.250 -999.250 104.889 95.629 107.531 97.360 103.575 87.991 82.611 87.403 81.282 87.247 84.203 92.762 83.691 71.570 80.126 69.865 75.427 72.765 74.204 67.386 67.575 55.392 50.211 45.180 37.132 37.506 39.286 37.193 37.674 39.060 49.985 53.594 63.153 71.409 79.016 105.482
-999.250 -999.250 -999.250 -999.250 -999.250 -999.250 -999.250 -999.250 -999.250 -999.250 -999.250 -999.250 -999.250 -999.250 -999.250 -999.250 -999.250 -999.250 -999.250 -999.250 -999.250 -999.250 -999.250 -999.250 -999.250 -999.250 -999.250 -999.250 -999.250 -999.250 93.314 101.798 101.256 98.933 99.253 84.692 83.234 78.165 91.256 78.223 87.159 73.097 79.329 67.997 67.909 66.985 64.770 70.090 66.712 65.894 59.986 60.556 47.442 41.907 34.003 36.382 34.271 34.218 37.146 39.477 42.989 58.516 64.616 64.143 67.747 85.609
-999.250 -999.250 -999.250 -999.250 -999.250 -999.250 -999.250 -999.250 -999.250 -999.250 -999.250 -999.250 -999.250 -999.250 -999.250 -999.250 -999.250 -999.250 -999.250 -999.250 -999.250 -999.250 -999.250 -999.250 -999.250 -999.250 -999.250 -999.250 -999.250 -999.250 99.614 101.911 99.949 91.803 96.809 91.106 88.221 95.436 81.785 99.533 86.291 79.672 90.185 84.437 75.849 67.211 70.078 68.181 70.078 55.394 54.437 51.335 48.637 37.041 30.655 28.617 32.989 37.260 36.392 36.264 39.587 42.512 51.068 62.897 71.029 86.445
-999.250 -999.250 -999.250 -999.250 -999.250 -999.250 -999.250 -999.250 -999.250 -999.250 -999.250 -999.250 -999.250 -999.250 -999.250 -999.250 -999.250 -999.250 -999.250 -999.250 -999.250 -999.250 -999.250 -999.250 -999.250 -999.250 -999.250 -999.250 -999.250 -999.250 87.502 106.954 102.568 92.053 87.892 82.527 94.329 87.497 92.558 104.222 87.742 85.284 82.837 83.106 72.118 70.203 63.361 59.284 66.981 60.458 55.139 47.159 39.091 37.703 37.412 25.855 32.281 30.347 28.107 31.810 33.945 34.721 42.200 59.437 64.905 72.530
-999.250 -999.250 -999.250 -999.250 -999.250 -999.250 -999.250 -999.250 -999.250 -999.250 -999.250 -999.250 -999.250 -999.250 -999.250 -999.250 -999.250 -999.250 -999.250 -999.250 -999.250 -999.250 -999.250 -999.250 -999.250 -999.250 -999.250 -999.250 -999.250 -999.250 98.020 95.256 110.024 102.960 89.234 112.124 93.000 99.331 111.425 94.079 91.110 85.644 75.055 70.199 66.718 74.450 67.275 58.064 57.986 60.773 57.766 47.356 37.924 35.662 36.344 27.677 25.363 24.609 19.309 22.662 22.176 29.832 39.348 50.327 54.283 65.646
-999.250 -999.250 -999.250 -999.250 -999.250 -999.250 -999.250 -999.250 -999.250 -999.250 -999.250 -999.250 -999.250 -999.250 -999.250 -999.250 -999.250 -999.250 -999.250 -999.250 -999.250 -999.250 -999.250 -999.250 -999.250 -999.250 -999.250 -999.250 -999.250 -999.250 -999.250 94.138 92.298 106.465 105.749 103.037 88.729 93.676 97.590 94.888 83.765 91.168 91.567 74.142 70.129 67.773 67.673 60.137 67.857 60.625 52.960 43.982 33.434 29.972 25.776 32.318 25.239 19.524 20.704 15.814 15.296 14.391 31.575 37.799 48.659 61.667
-999.250 -999.250 -999.250 -999.250 -999.250 -999.250 -999.250 -999.250 -999.250 -999.250 -999.250 -999.250 -999.250 -999.250 -999.250 -999.250 -999.250 -999.250 -999.250 -999.250 -999.250 -999.250 -999.250 -999.250 -999.250 -999.250 -999.250 -999.250 -999.250 -999.250 -999.250 103.516 107.565 99.308 98.485 106.494 100.004 98.388 98.742 106.361 108.110 98.954 82.432 79.459 74.820 69.510 80.865 71.228 73.072 54.532 56.041 51.256 42.374 24.625 23.274 25.602 21.157 17.012 18.229 15.296 13.323 24.099 27.627 38.787 47.420 63.327
-999.250 -999.250 -999.250 -999.250 -999.250 -999.250 -999.250 -999.250 -999.250 -999.250 -999.250 -999.250 -999.250 -999.250 -999.250 -999.250 -999.250 -999.250 -999.250 -999.250 -999.250 -999.250 -999.250 -999.250 -999.250 -999.250 -999.250 -999.250 -999.250 -999.250 98.786 99.505 114.096 117.371 106.997 108.733 110.682 104.344 96.359 105.888 106.977 108.061 99.849 73.547 66.510 72.587 70.735 67.590 61.829 61.740 50.834 42.451 36.173 25.317 19.955 17.314 19.259 18.881 15.555 12.118 17.666 27.772 29.758 44.405 45.686 63.341
-999.250 -999.250 -999.250 -999.250 -999.250 -999.250 -999.250 -999.250 -999.250 -999.250 -999.250 -999.250 -999.250 -999.250 -999.250 -999.250 -999.250 -999.250 -999.250 -999.250 -999.250 -999.250 -999.250 -999.250 -999.250 -999.250 -999.250 -999.250 -999.250 -999.250 93.004 100.919 97.358 111.042 109.924 106.006 114.404 99.600 103.361 111.206 108.862 107.469 101.921 107.859 90.397 81.170 73.394 85.232 63.393 61.400 54.588 50.449 38.387 28.297 18.314 8.543 9.680 16.883 18.199 15.906 19.154 26.854 29.400 35.436 46.317 51.996
-999.250 -999.250 -999.250 -999.250 -999.250 -999.250 -999.250 -999.250 -999.250 -999.250 -999.250 -999.250 -999.250 -999.250 -999.250 -999.250 -999.250 -999.250 -999.250 -999.250 -999.250 -999.250 -999.250 -999.250 -999.250 -999.250 -999.250 -999.250 -999.250 -999.250 96.995 100.172 124.965 118.644 115.369 109.353 116.705 114.267 118.991 128.722 128.387 114.864 116.072 104.173 99.512 79.619 71.803 72.923 63.590 61.128 57.493 50.567 34.732 27.852 14.504 0.000 1.846 10.120 14.577 18.309 25.327 29.248 38.928 36.376 44.302 50.830
-999.250 -999.250 -999.250 -999.250 -999.250 -999.250 -999.250 -999.250 -999.250 -999.250 -999.250 -999.250 -999.250 -999.250 -999.250 -999.250 -999.250 -999.250 -999.250 -999.250 -999.250 -999.250 -999.250 -999.250 -999.250 -999.250 -999.250 -999.250 -999.250 -999.250 111.478 116.597 107.616 109.292 122.987 114.925 129.558 134.580 147.986 155.643 147.571 124.632 113.168 110.985 95.082 89.218 73.655 67.695 63.737 57.862 53.764 59.628 42.111 33.338 16.024 12.108 14.253 15.383 18.354 23.833 24.161 27.317 39.133 37.621 50.955 49.075
-999.250 -999.250 -999.250 -999.250 -999.250 -999.250 -999.250 -999.250 -999.250 -999.250 -999.250 -999.250 -999.250 -999.250 -999.250 -999.250 -999.250 -999.250 -999.250 -999.250 -999.250 -999.250 -999.250 -999.250 -999.250 -999.250 -999.250 -999.250 -999.250 -999.250 92.013 98.757 93.087 97.699 118.146 127.140 120.859 125.083 144.892 165.878 156.842 134.957 117.540 110.858 103.881 97.316 88.590 86.525 62.711 67.285 55.178 55.415 48.582 39.875 33.328 29.376 29.015 30.348 26.565 29.633 28.157 32.269 43.234 45.683 43.898 41.995
-999.250 -999.250 -999.250 -999.250 -999.250 -999.250 -999.250 -999.250 -999.250 -999.250 -999.250 -999.250 -999.250 -999.250 -999.250 -999.250 -999.250 -999.250 -999.250 -999.250 -999.250 -999.250 -999.250 -999.250 -999.250 -999.250 -999.250 -999.250 -999.250 78.188 78.156 87.715 97.276 109.246 113.517 122.434 129.924 135.199 146.805 144.595 145.909 137.488 127.976 113.935 108.122 110.954 102.396 90.674 73.774 65.532 61.270 58.603 57.349 49.464 40.356 37.195 32.208 38.766 32.173 36.103 40.959 32.828 38.093 37.528 41.647 42.947
-999.250 -999.250 -999.250 -999.250 -999.250 -999.250 -999.250 -999.250 -999.250 -999.250 -999.250 -999.250 -999.250 -999.250 -999.250 -999.250 -999.250 -999.250 -999.250 -999.250 -999.250 -999.250 -999.250 -999.250 -999.250 -999.250 -999.250 -999.250 -999.250 -999.250 79.395 95.203 103.702 103.288 109.057 111.319 116.932 140.434 138.005 134.822 131.124 130.920 135.097 114.866 96.099 95.917 92.099 89.399 88.866 75.334 65.405 56.734 50.785 43.829 43.334 43.466 40.913 42.121 34.511 40.360 36.885 42.437 38.686 31.021 33.709 43.866
-999.250 -999.250 -999.250 -999.250 -999.250 -999.250 -999.250 -999.250 -999.250 -999.250 -999.250 -999.250 -999.250 -999.250 -999.250 -999.250 -999.250 -999.250 -999.250 -999.250 -999.250 -999.250 -999.250 -999.250 -999.250 -999.250 -999.250 -999.250 -999.250 -999.250 65.757 84.167 94.304 96.576 110.603 109.398 130.251 129.983 124.548 123.384 111.032 120.525 119.872 121.051 99.061 94.599 96.520 88.556 85.441 75.248 72.558 69.762 63.959 60.076 54.365 48.009 45.002 44.415 43.620 40.663 36.615 33.697 39.123 34.805 32.679 42.629
-999.250 -999.250 -999.250 -999.250 -999.250 -999.250 -999.250 -999.250 -999.250 -999.250 -999.250 -999.250 -999.250 -999.250 -999.250 -999.250 -999.250 -999.250 -999.250 -999.250 -999.250 -999.250 -999.250 -999.250 -999.250 -999.250 -999.250 -999.250 -999.250 -999.250 -999.250 76.044 82.060 93.576 103.302 112.676 105.181 104.177 108.392 106.763 121.470 107.831 126.712 109.568 92.353 103.340 101.537 90.164 81.255 77.084 70.351 67.561 65.534 66.810 57.109 56.827 50.130 48.204 43.475 36.974 32.154 37.585 38.091 38.261 31.507 37.746
-999.250 -999.250 -999.250 -999.250 -999.250 -999.250 -999.250 -999.250 -999.250 -999.250 -999.250 -999.250 -999.250 -999.250 -999.250 -999.250 -999.250 -999.250 -999.250 -999.250 -999.250 -999.250 -999.250 -999.250 -999.250 -999.250 -999.250 -999.250 -999.250 -999.250 -999.250 81.881 85.787 92.731 84.643 101.623 106.818 104.681 101.252 113.850 116.748 120.631 106.075 115.390 105.154 91.057 108.237 97.461 95.071 82.018 78.832 72.576 67.759 66.424 65.008 60.031 59.537 42.170 39.634 35.935 38.913 42.089 34.192 27.716 28.717 29.971
-999.250 -999.250 -999.250 -999.250 -999.250 -999.250 -999.250 -999.250 -999.250 -999.250 -999.250 -999.250 -999.250 -999.250 -999.250 -999.250 -999.250 -999.250 -999.250 -999.250 -999.250 -999.250 -999.250 -999.250 -999.250 -999.250 -999.250 -999.250 -999.250 -999.250 77.487 94.611 95.304 93.720 84.293 92.774 104.548 92.542 96.937 99.773 106.895 110.408 103.688 96.989 91.293 90.878 88.945 98.393 93.352 79.285 75.096 75.360 75.974 68.203 68.750 64.626 61.679 51.360 42.438 41.606 42.292 38.982 35.038 26.843 14.870 33.956
-999.250 -999.250 -999.250 -999.250 -999.250 -999.250 -999.250 -999.250 -999.250 -999.250 -999.250 -999.250 -999.250 -999.250 -999.250 -999.250 -999.250 -999.250 -999.250 -999.250 -999.250 -999.250 -999.250 -999.250 -999.250 -999.250 -999.250 -999.250 -999.250 -999.250 73.327 77.236 93.400 86.875 82.531 88.615 86.942 92.775 93.784 88.101 92.658 109.714 91.247 91.669 88.505 92.022 79.488 95.672 79.174 84.051 73.634 74.178 73.675 82.472 77.359 70.603 61.183 53.615 48.414 49.530 37.617 44.081 37.330 33.492 33.401 38.712
-999.250 -999.250 -999.250 -999.250 -999.250 -999.250 -999.250 -999.250 -999.250 -999.250 -999.250 -999.250 -999.250 -999.250 -999.250 -999.250 -999.250 -999.250 -999.250 -999.250 -999.250 -999.250 -999.250 -999.250 -999.250 -999.250 -999.250 -999.250 -999.250 -999.250 76.167 81.138 80.296 81.092 91.037 95.458 78.134 78.598 89.831 85.864 80.285 102.827 93.126 77.565 71.786 83.626 97.770 84.601 79.374 74.176 79.528 77.721 73.916 76.696 72.667 73.915 69.625 59.126 60.956 55.255 54.943 52.306 49.470 46.612 45.583 52.826
-999.250 -999.250 -999.250 -999.250 -999.250 -999.250 -999.250 -999.250 -999.250 -999.250 -999.250 -999.250 -999.250 -999.250 -999.250 -999.250 -999.250 -999.250 -999.250 -999.250 -999.250 -999.250 -999.250 -999.250 -999.250 -999.250 -999.250 -999.250 -999.250 -999.250 66.826 73.362 90.845 90.000 72.963 77.038 71.907 71.363 73.978 75.624 75.121 78.671 83.813 79.992 84.296 82.628 87.800 78.123 90.384 76.868 63.408 77.716 79.180 85.936 82.486 78.250 67.697 67.048 58.618 63.412 59.403 62.449 63.752 58.879 54.306 58.311
-999.250 -999.250 -999.250 -999.250 -999.250 -999.250 -999.250 -999.250 -999.250 -999.250 -999.250 -999.250 -999.250 -999.250 -999.250 -999.250 -999.250 -999.250 -999.250 -999.250 -999.250 -999.250 -999.250 -999.250 -999.250 -999.250 -999.250 -999.250 -999.250 -999.250 64.210 71.639 71.218 77.771 72.517 71.242 75.003 71.949 61.616 68.241 72.619 68.433 67.374 69.980 70.608 79.229 77.450 68.505 76.131 75.894 73.321 75.438 87.632 79.061 79.749 80.313 71.768 73.504 62.119 69.272 63.925 69.325 66.608 59.401 63.272 57.451
-999.250 -999.250 -999.250 -999.250 -999.250 -999.250 -999.250 -999.250 -999.250 -999.250 -999.250 -999.250 -999.250 -999.250 -999.250 -999.250 -999.250 -999.250 -999.250 -999.250 -999.250 -999.250 -999.250 -999.250 -999.250 -999.250 -999.250 -999.250 -999.250 -999.250 59.662 65.086 69.680 66.013 60.300 66.098 70.880 67.145 62.474 52.985 66.071 62.297 57.579 61.559 74.287 58.987 69.449 59.783 67.510 73.156 78.922 75.955 93.218 85.375 87.006 76.773 78.987 74.640 71.664 69.520 69.557 67.685 67.914 65.407 62.574 64.902
-999.250 -999.250 -999.250 -999.250 -999.250 -999.250 -999.250 -999.250 -999.250 -999.250 -999.250 -999.250 -999.250 -999.250 -999.250 -999.250 -999.250 -999.250 -999.250 -999.250 -999.250 -999.250 -999.250 -999.250 -999.250 -999.250 -999.250 -999.250 -999.250 46.896 47.416 51.641 50.104 54.645 56.878 62.520 61.242 63.390 61.291 71.637 63.890 46.369 57.745 56.770 59.728 62.164 62.631 67.244 62.159 75.331 72.469 71.930 76.376 88.150 91.302 90.764 79.619 83.569 80.062 81.089 79.526 70.391 78.364 69.103 64.327 66.784
-999.250 -999.250 -999.250 -999.250 -999.250 -999.250 -999.250 -999.250 -999.250 -999.250 -999.250 -999.250 -999.250 -999.250 -999.250 -999.250 -999.250 -999.250 -999.250 -999.250 -999.250 -999.250 -999.250 -999.250 -999.250 -999.250 -999.250 -999.250 -999.250 40.008 48.884 43.486 50.784 39.400 45.288 60.531 54.917 61.150 64.904 58.046 52.942 52.754 51.887 53.039 58.341 59.385 64.144 58.465 66.459 63.585 69.703 79.764 83.187 93.251 90.295 91.732 75.742 82.805 84.659 80.015 73.223 73.224 74.149 73.828 79.855 73.760
-999.250 -999.250 -999.250 -999.250 -999.250 -999.250 -999.250 -999.250 -999.250 -999.250 -999.250 -999.250 -999.250 -999.250 -999.250 -999.250 -999.250 -999.250 -999.250 -999.250 -999.250 -999.250 -999.250 -999.250 -999.250 -999.250 -999.250 -999.250 48.375 43.996 42.136 41.347 38.514 38.152 44.595 43.779 54.494 47.996 59.160 57.552 51.039 55.645 58.459 60.889 58.771 58.311 68.081 71.301 68.905 69.388 65.333 74.788 81.367 77.202 80.202 84.120 86.456 85.233 73.228 87.663 78.767 76.575 76.344 93.190 95.449 92.345
-999.250 -999.250 -999.250 -999.250 -999.250 -999.250 -999.250 -999.250 -999.250 -999.250 -999.250 -999.250 -999.250 -999.250 -999.250 -999.250 -999.250 -999.250 -999.250 -999.250 -999.250 -999.250 -999.250 -999.250 -999.250 -999.250 -999.250 -999.250 41.805 33.060 31.252 27.657 28.801 36.070 39.162 43.513 49.327 47.359 46.293 53.310 47.365 47.739 56.587 53.773 58.214 70.116 65.512 69.978 70.259 67.999 68.761 70.588 74.031 71.154 91.546 80.229 76.218 76.495 73.638 71.608 84.830 79.781 74.631 96.130 95.931 79.014
-999.250 -999.250 -999.250 -999.250 -999.250 -999.250 -999.250 -999.250 -999.250 -999.250 -999.250 -999.250 -999.250 -999.250 -999.250 -999.250 -999.250 -999.250 -999.250 -999.250 -999.250 -999.250 -999.250 -999.250 -999.250 -999.250 -999.250 48.808 38.778 28.221 24.625 27.873 27.029 33.727 37.193 43.133 44.653 48.728 49.286 43.371 39.393 52.718 57.837 58.367 63.633 67.576 61.150 71.632 66.145 74.147 70.732 69.834 67.477 68.238 70.323 77.280 67.938 75.747 73.646 76.676 87.457 78.171 85.844 104.525 108.180 96.696
-999.250 -999.250 -999.250 -999.250 -999.250 -999.250 -999.250 -999.250 -999.250 -999.250 -999.250 -999.250 -999.250 -999.250 -999.250 -999.250 -999.250 -999.250 -999.250 -999.250 -999.250 -999.250 -999.250 -999.250 -999.250 -999.250 -999.250 46.804 39.446 31.180 17.876 28.961 29.221 32.869 38.612 44.919 44.030 51.394 55.137 55.493 49.675 61.291 65.097 65.044 63.099 68.251 65.599 67.863 74.345 69.259 78.431 68.181 72.013 74.361 73.780 75.627 71.243 77.019 79.865 80.011 82.483 83.344 92.078 90.480 96.719 108.529
-999.250 -999.250 -999.250 -999.250 -999.250 -999.250 -999.250 -999.250 -999.250 -999.250 -999.250 -999.250 -999.250 -999.250 -999.250 -999.250 -999.250 -999.250 -999.250 -999.250 -999.250 -999.250 -999.250 -999.250 -999.250 -999.250 -999.250 54.105 49.791 38.844 34.026 35.318 36.742 35.351 41.792 53.228 56.172 59.696 66.172 60.736 62.675 70.175 72.422 73.383 75.410 68.459 71.721 74.986 76.295 74.736 75.722 76.184 81.030 77.219 81.654 73.207 73.515 84.748 84.397 75.671 77.123 93.432 84.707 91.165 94.662 101.016
