data/medianmodel_22-Jun-2020.asc
ncols	141
nrows	288
xllcorner	-120191.398
yllcorner	-301404.813
cellsize	2000.000
NODATA_value	-999.250
[rows 155 to 185 of 288, columns 0 to 68 of 141]
-999.250 -999.250 -999.250 -999.250 -999.250 -999.250 -999.250 36.726 37.649 40.677 48.858 56.794 65.509 65.672 60.882 63.187 71.696 71.397 63.059 47.628 32.575 22.575 17.031 13.689 8.007 9.814 4.977 3.099 1.589 3.251 4.416 6.420 8.287 10.735 8.749 9.885 8.685 6.307 3.310 0.663 0.000 0.000 0.000 0.000 0.000 0.000 0.000 0.000 0.000 0.000 0.000 0.000 0.000 0.000 0.000 0.000 0.000 0.000 0.000 0.887 0.614 2.870 2.632 2.544 2.972 3.173 2.739 0.346 0.000
-999.250 -999.250 -999.250 -999.250 -999.250 -999.250 -999.250 29.032 29.963 37.165 47.837 56.410 61.574 64.990 64.206 62.639 65.793 62.459 50.252 43.086 31.334 21.134 15.985 11.892 4.744 5.371 3.243 2.191 2.305 1.156 4.588 7.566 9.754 10.854 12.370 11.142 6.906 5.270 2.034 0.000 0.000 0.000 0.000 0.000 0.000 0.000 0.000 0.000 0.000 0.000 0.000 0.000 0.000 0.000 0.000 0.000 0.000 0.000 1.048 0.000 0.745 2.836 4.023 2.656 5.370 4.541 4.839 3.449 2.919
-999.250 -999.250 -999.250 -999.250 -999.250 -999.250 -999.250 24.350 25.247 29.056 36.874 46.648 55.554 56.685 62.714 67.377 62.314 60.648 51.499 42.630 26.545 16.219 10.597 8.760 3.838 2.138 0.854 1.986 1.940 2.915 6.094 8.940 12.615 12.779 13.688 9.429 10.214 4.369 2.484 0.000 0.000 0.000 0.000 0.000 0.000 0.000 0.000 0.000 0.000 0.000 0.000 0.000 0.000 0.000 0.000 0.000 0.000 0.000 0.000 0.000 1.477 2.570 5.026 5.843 6.766 8.040 5.828 5.026 5.117
-999.250 -999.250 -999.250 -999.250 -999.250 -999.250 -999.250 17.103 22.118 23.498 31.652 39.671 48.402 53.556 73.659 76.014 64.703 56.084 49.140 40.686 21.225 15.105 10.733 4.904 2.154 1.523 2.305 1.985 3.484 4.667 7.873 9.450 13.536 13.354 12.848 13.103 11.557 8.778 4.526 0.589 0.000 0.000 0.000 0.000 0.000 0.000 0.000 0.000 0.000 0.000 0.000 0.000 0.000 0.000 0.000 0.000 0.000 0.000 0.000 0.086 1.841 3.093 4.937 5.209 8.232 9.622 8.065 5.587 6.047
-999.250 -999.250 -999.250 -999.250 -999.250 -999.250 -999.250 -999.250 16.900 18.403 24.070 30.384 36.190 49.781 65.586 79.530 71.576 58.512 51.322 32.010 25.124 15.575 7.963 3.417 2.524 2.724 3.102 3.451 4.459 8.002 12.337 12.901 15.249 15.480 16.102 15.432 14.625 10.127 8.704 1.994 0.000 0.000 0.000 0.000 0.000 0.000 0.000 0.000 0.000 0.000 0.000 0.000 0.000 0.000 0.000 0.000 0.000 0.000 0.000 1.288 2.490 2.994 4.798 4.724 9.687 12.159 10.075 6.328 5.738
-999.250 -999.250 -999.250 -999.250 -999.250 -999.250 -999.250 -999.250 12.179 19.339 19.512 27.346 36.986 49.735 72.331 95.557 69.023 53.052 36.276 28.412 21.128 14.456 9.419 4.501 3.417 3.830 3.233 5.783 7.927 10.211 15.021 16.850 17.484 21.337 18.098 19.963 18.356 13.967 8.252 1.173 0.000 0.000 0.000 0.000 0.000 0.000 0.000 0.000 0.000 0.000 0.000 0.000 0.000 0.000 0.000 0.000 0.000 0.000 0.000 0.399 2.535 2.705 4.508 5.141 11.283 20.008 12.740 11.289 7.161
-999.250 -999.250 -999.250 -999.250 -999.250 -999.250 -999.250 6.034 7.734 11.023 14.935 24.003 31.977 37.973 52.497 64.613 59.201 46.896 31.890 24.005 18.568 13.299 9.097 5.268 4.147 5.545 6.390 9.698 11.704 13.904 17.702 16.138 17.430 18.628 21.143 24.781 29.606 15.636 5.753 2.752 0.000 0.000 0.000 0.000 0.000 0.000 0.000 0.000 0.000 0.000 0.000 0.000 0.000 0.000 0.000 0.000 0.000 0.000 1.044 1.971 1.550 2.151 3.551 8.190 10.295 13.669 11.743 9.853 7.483
-999.250 -999.250 -999.250 -999.250 -999.250 -999.250 -999.250 4.521 4.403 7.242 10.007 18.130 26.041 27.262 37.255 48.091 46.195 40.259 29.660 24.491 21.941 13.149 9.281 4.715 5.839 8.082 10.851 12.990 16.777 19.584 21.033 20.594 19.607 19.909 20.421 20.323 20.020 11.360 4.924 0.648 0.000 0.000 0.000 0.000 0.000 0.000 0.000 0.000 0.000 0.000 0.000 0.000 0.000 0.000 0.000 0.000 0.000 0.000 2.115 0.697 1.942 3.479 4.101 7.038 9.252 7.997 8.365 8.244 4.994
-999.250 -999.250 -999.250 -999.250 -999.250 -999.250 -999.250 3.288 2.992 6.548 7.533 14.718 22.180 26.245 31.164 36.125 42.012 36.252 25.600 22.144 15.498 13.176 9.793 7.721 11.078 10.450 13.341 15.612 18.968 23.308 27.491 26.389 24.335 20.955 18.894 14.681 13.482 9.247 4.435 0.000 0.000 0.000 0.000 0.000 0.000 0.000 0.000 0.000 0.000 0.000 0.000 0.000 0.000 0.000 0.000 0.000 0.000 0.000 0.000 0.267 2.612 3.841 5.416 5.546 5.476 5.077 5.185 3.879 4.877
-999.250 -999.250 -999.250 -999.250 -999.250 -999.250 -999.250 2.676 3.766 4.712 7.215 10.245 17.362 21.854 21.613 25.411 26.098 26.118 28.977 22.323 18.277 13.302 12.621 11.245 13.242 17.387 15.841 20.834 22.697 25.922 28.809 28.700 26.950 19.714 16.408 13.550 8.185 4.971 1.166 0.000 0.000 0.000 0.000 0.000 0.000 0.000 0.000 0.000 0.000 0.000 0.000 0.000 0.000 0.000 0.000 0.000 0.000 0.000 0.000 1.121 2.712 2.772 3.962 4.291 4.169 3.260 3.027 3.728 2.742
-999.250 -999.250 -999.250 -999.250 -999.250 -999.250 6.255 5.116 4.381 5.761 7.630 8.015 16.174 19.328 18.848 19.172 22.353 21.907 22.782 21.487 17.808 16.823 19.600 16.927 18.116 22.155 22.612 21.510 25.650 23.571 27.776 37.747 28.160 18.512 14.537 11.838 6.032 3.089 0.100 0.000 0.000 0.000 0.000 0.000 0.000 0.000 0.000 0.000 0.000 0.000 0.000 0.000 0.000 0.000 0.000 0.000 0.000 1.359 0.000 2.915 2.531 2.445 4.147 4.528 4.649 3.810 2.783 3.117 2.272
-999.250 -999.250 -999.250 -999.250 -999.250 -999.250 11.202 8.792 5.435 7.010 8.453 11.056 13.026 16.317 14.368 18.658 17.648 23.724 23.271 22.411 21.327 19.952 18.645 19.232 21.184 27.050 24.974 28.185 23.737 24.211 25.339 27.593 23.126 16.413 11.642 7.734 5.362 2.038 0.000 0.000 0.000 0.000 0.000 0.000 0.000 0.000 0.000 0.000 0.000 0.000 0.000 0.000 0.000 0.000 0.000 0.000 0.108 0.164 0.621 2.107 3.496 1.644 1.707 2.648 1.620 2.843 2.004 0.407 0.051
-999.250 -999.250 -999.250 -999.250 -999.250 12.886 13.292 12.211 11.333 8.324 9.671 11.751 12.202 13.735 15.281 16.956 18.914 20.817 20.086 19.692 18.460 21.906 23.034 25.399 24.321 28.031 35.792 39.620 29.835 26.964 20.117 20.738 18.492 14.932 9.627 6.238 3.065 0.933 0.000 0.000 0.000 0.000 0.000 0.000 0.000 0.000 0.000 0.000 0.000 0.000 0.000 0.000 0.000 0.000 0.102 0.000 0.000 0.427 0.856 0.000 0.182 0.420 0.801 1.899 0.756 0.756 0.006 0.000 0.000
-999.250 -999.250 -999.250 -999.250 -999.250 17.386 11.833 12.863 9.325 9.127 10.833 15.281 12.984 12.618 13.292 18.521 16.171 23.159 24.920 22.807 21.548 26.909 29.099 32.950 32.769 34.205 37.352 32.479 29.298 25.899 20.095 18.118 15.518 9.570 6.973 3.419 0.044 0.000 0.000 0.000 0.000 0.000 0.000 0.000 0.000 0.000 0.000 0.000 0.000 0.000 0.000 0.000 0.000 0.000 0.031 0.000 0.000 0.000 0.033 0.000 0.000 0.000 0.000 0.169 0.000 0.000 0.000 0.000 0.000
-999.250 -999.250 -999.250 -999.250 17.513 15.267 14.236 13.538 12.467 12.789 12.760 12.361 11.258 11.827 13.387 16.287 24.268 24.316 25.542 25.979 27.339 40.652 41.070 39.132 35.143 37.058 36.440 32.088 26.086 25.968 22.528 16.866 15.787 9.741 3.512 0.183 0.000 0.000 0.000 0.000 0.000 0.000 0.000 0.000 0.000 0.000 0.000 0.000 0.000 0.000 0.000 0.000 0.000 0.000 0.000 0.000 0.000 0.000 0.000 0.000 0.000 0.000 0.000 0.000 0.000 0.000 0.000 0.000 0.000
-999.250 -999.250 -999.250 -999.250 17.964 18.626 17.603 15.456 14.825 15.640 12.713 12.327 10.954 12.433 12.537 17.369 20.316 24.230 27.146 27.989 31.754 45.241 56.751 47.275 34.905 34.897 35.273 31.618 23.428 22.418 17.778 17.472 12.559 4.263 0.514 0.000 0.000 0.000 0.000 0.000 0.000 0.000 0.000 0.000 0.000 0.000 0.000 0.000 0.000 0.000 0.000 0.000 0.000 0.000 0.000 0.000 0.000 0.000 0.000 0.000 0.000 0.000 0.000 0.000 0.000 0.000 0.000 0.000 0.000
-999.250 -999.250 -999.250 -999.250 23.143 21.518 21.368 18.218 17.625 15.379 10.725 12.929 11.878 11.663 17.446 20.305 20.041 24.053 24.768 33.126 32.761 51.430 49.216 49.026 46.330 39.422 37.868 35.083 27.589 25.336 18.186 12.972 7.640 3.318 0.313 0.000 0.000 0.000 0.000 0.000 0.000 0.000 0.000 0.000 0.000 0.000 0.000 0.000 0.000 0.000 0.000 0.000 0.000 0.000 0.000 0.000 0.000 0.000 0.000 0.000 0.000 0.000 0.000 0.000 0.000 0.000 0.000 0.000 0.000
-999.250 -999.250 -999.250 -999.250 27.683 24.404 23.110 19.543 19.102 17.845 14.964 13.120 13.744 14.269 16.807 22.971 29.472 25.713 23.915 34.733 35.620 42.826 52.975 50.459 36.507 36.641 30.951 32.405 26.600 25.382 19.066 10.944 8.094 2.425 0.000 0.000 0.000 0.000 0.000 0.000 0.000 0.000 0.000 0.000 0.000 0.000 0.000 0.000 0.000 0.000 0.000 0.000 0.000 0.000 0.000 0.000 0.000 0.000 0.000 0.000 0.000 0.000 0.000 0.000 0.000 0.000 0.000 0.000 0.000
-999.250 -999.250 -999.250 -999.250 29.989 32.328 28.428 26.531 20.819 14.819 13.552 17.979 16.263 17.248 20.942 28.266 37.555 29.255 29.174 31.473 37.020 39.605 48.313 38.714 32.630 35.319 47.312 34.209 27.790 25.772 19.343 11.490 8.957 2.849 0.000 0.000 0.000 0.000 0.000 0.000 0.000 0.000 0.000 0.000 0.000 0.000 0.000 0.000 0.000 0.000 0.000 0.000 0.000 0.000 0.000 0.000 0.000 0.000 0.000 0.000 0.000 0.000 0.000 0.000 0.000 0.000 0.000 0.000 0.000
-999.250 -999.250 -999.250 -999.250 39.153 36.109 31.628 29.997 30.588 23.448 22.154 21.097 21.433 21.600 18.650 25.709 31.502 30.649 35.352 38.931 39.847 41.403 41.327 44.203 45.364 49.373 41.992 30.438 23.730 20.895 17.036 13.664 7.076 5.326 1.438 0.000 0.000 0.000 0.000 0.000 0.000 0.000 0.000 0.000 0.000 0.000 0.000 0.000 0.000 0.000 0.000 0.000 0.000 0.000 0.000 0.000 0.000 0.000 0.000 0.000 0.000 0.000 0.000 0.000 0.000 0.000 0.000 0.000 0.000
-999.250 -999.250 -999.250 -999.250 35.481 38.846 39.369 37.619 38.003 29.204 27.189 24.526 29.356 25.233 25.493 27.132 30.187 29.498 35.776 40.270 42.858 47.689 40.243 52.193 47.524 53.355 48.826 40.034 34.714 26.026 18.885 14.395 11.259 5.929 3.279 1.270 0.000 0.000 0.000 0.000 0.000 0.000 0.457 2.353 0.517 0.000 0.000 0.000 0.000 0.000 0.000 0.000 0.000 0.000 0.000 0.000 0.000 0.000 0.000 0.000 0.000 0.000 0.000 0.000 0.000 0.000 0.000 0.000 0.000
-999.250 -999.250 -999.250 -999.250 46.345 45.041 51.849 57.772 43.619 36.960 43.679 32.916 35.657 29.671 27.453 28.948 34.884 40.426 46.194 58.370 54.491 53.635 53.435 56.544 51.794 55.251 56.413 39.932 40.020 28.246 19.271 19.291 10.956 8.078 4.005 3.338 2.803 1.241 0.000 0.000 0.000 0.145 1.400 5.724 2.599 0.000 0.000 0.000 0.000 0.000 0.000 0.000 0.000 0.000 0.000 0.000 0.000 0.000 0.000 0.000 0.000 0.000 0.000 0.000 0.000 0.000 0.000 0.000 0.000
-999.250 -999.250 -999.250 -999.250 49.375 53.540 57.113 60.671 52.331 46.055 45.079 38.844 40.505 45.002 50.786 49.765 46.743 60.937 63.941 69.061 77.532 82.492 78.744 58.733 56.294 55.985 49.429 50.991 43.291 30.355 23.333 22.403 14.186 9.318 9.349 6.377 6.673 3.163 1.148 1.562 1.865 1.837 2.166 2.167 0.800 0.127 0.000 0.000 0.000 0.000 0.000 0.000 0.000 0.000 0.000 0.000 0.000 0.000 0.000 0.000 0.000 0.000 0.000 0.000 0.000 0.000 0.000 0.000 0.000
-999.250 -999.250 -999.250 -999.250 59.707 65.767 69.479 64.421 56.391 62.265 60.041 48.890 49.692 55.161 57.345 63.428 63.820 65.343 82.542 89.320 100.952 84.492 83.087 85.443 68.278 70.721 64.055 53.733 38.610 29.106 29.536 23.341 23.328 12.567 11.616 9.279 7.231 4.283 3.270 1.889 2.099 2.680 1.997 2.056 0.746 0.000 0.000 0.000 0.000 0.000 0.000 0.000 0.000 0.000 0.000 0.000 0.000 0.000 0.000 0.000 0.000 0.000 0.000 0.000 0.000 0.000 0.000 0.000 0.000
-999.250 -999.250 -999.250 79.077 75.213 65.148 84.540 74.308 65.724 75.391 71.984 68.829 73.830 67.320 73.863 69.861 73.970 80.201 82.334 98.936 132.435 94.704 87.648 91.485 76.706 65.626 63.378 54.428 50.611 39.435 30.784 27.402 18.727 16.492 13.145 11.922 9.885 6.834 6.047 4.008 2.589 1.796 0.000 1.275 0.849 0.000 0.000 0.000 0.000 0.000 0.000 0.000 0.000 0.000 0.000 0.000 0.000 0.000 0.000 0.000 0.000 0.000 0.000 0.000 0.000 0.000 0.000 0.000 0.000
-999.250 -999.250 -999.250 72.615 76.148 80.568 89.812 89.406 92.677 89.094 91.145 89.883 92.053 92.280 80.364 89.693 96.057 91.966 100.565 99.442 120.064 99.652 91.004 71.676 79.270 62.847 73.637 63.893 54.563 52.547 39.567 37.668 25.286 21.803 15.716 14.655 9.392 8.491 8.270 4.377 2.161 2.482 1.707 1.203 0.926 0.000 0.000 0.000 0.000 0.000 0.000 0.000 0.000 0.000 0.000 0.000 0.000 0.000 0.000 0.000 0.000 0.000 0.000 0.000 0.000 0.000 0.000 0.000 0.000
-999.250 -999.250 -999.250 77.047 91.696 84.229 109.919 91.628 103.112 98.518 103.948 100.336 103.276 95.859 99.307 104.286 111.159 101.799 101.229 103.985 98.078 89.398 84.992 78.806 71.831 71.600 65.943 61.659 57.525 48.750 50.044 39.015 28.217 22.215 20.395 16.364 13.098 9.458 7.646 5.376 4.897 3.234 1.652 2.046 1.920 0.076 0.000 0.000 0.000 0.110 0.000 0.000 0.000 0.000 0.000 0.000 0.000 0.000 0.000 0.000 0.000 0.000 0.000 0.000 0.000 0.000 0.000 0.000 0.000
-999.250 -999.250 80.692 82.459 78.599 111.158 104.947 101.996 110.478 118.078 113.480 123.216 128.638 109.569 122.694 118.320 111.815 133.589 111.903 101.890 85.627 73.669 80.996 69.429 73.529 71.370 60.440 62.388 63.072 60.238 51.250 37.946 28.780 23.484 17.719 18.765 14.746 13.357 8.638 8.351 3.384 2.274 2.231 0.364 0.391 0.000 0.000 0.000 0.000 0.000 0.000 0.000 0.000 0.000 0.000 0.000 0.000 0.000 0.000 0.000 0.000 0.000 0.000 0.000 0.000 0.000 0.000 0.000 0.000
-999.250 -999.250 87.011 94.296 79.180 113.997 125.956 160.359 122.647 109.785 142.857 160.720 148.001 141.605 130.026 152.816 156.494 140.666 138.313 95.989 -999.250 84.293 66.161 63.939 76.724 70.517 59.865 61.279 69.302 68.623 49.450 34.555 32.925 22.620 21.895 19.273 16.086 12.231 9.040 4.101 4.698 5.172 2.745 1.873 1.965 0.000 0.000 0.000 0.000 0.000 0.000 0.000 0.000 0.000 0.000 0.000 0.000 0.000 0.000 0.000 0.000 0.000 0.000 0.000 0.000 0.000 0.000 0.000 0.000
-999.250 91.933 81.577 86.298 122.323 111.709 146.223 127.254 159.202 148.039 154.553 170.422 158.076 169.429 165.720 163.653 186.722 143.767 111.485 -999.250 -999.250 79.495 65.263 64.172 63.229 56.524 54.038 58.455 51.233 50.968 37.731 31.102 25.479 24.170 22.544 21.049 16.558 13.233 10.961 9.701 8.709 7.238 4.218 2.243 2.641 0.000 0.000 0.000 0.000 0.000 0.000 0.000 0.000 0.000 0.000 0.000 0.000 0.000 0.000 0.000 0.000 0.000 0.000 0.000 0.000 0.000 0.000 0.000 0.000
-999.250 81.361 87.725 91.445 115.165 121.811 119.167 149.604 176.189 163.095 163.229 171.051 162.598 167.703 170.608 167.399 144.757 125.233 -999.250 -999.250 -999.250 -999.250 48.946 49.057 48.623 46.999 42.750 42.555 35.014 33.751 26.863 30.756 26.140 23.656 19.686 20.615 15.310 14.882 11.027 9.600 9.727 7.454 4.085 2.845 2.378 0.029 0.992 0.423 0.000 0.000 0.000 0.000 0.000 0.000 0.000 0.000 0.000 0.000 0.000 0.000 0.000 0.000 0.000 0.000 0.000 0.000 0.000 0.000 0.000
