data/medianmodel_04-Jul-2020.asc
ncols	141
nrows	288
xllcorner	-120191.398
yllcorner	-301404.813
cellsize	2000.000
NODATA_value	-999.250
[rows 31 to 61 of 288, columns 0 to 68 of 141]
-999.250 -999.250 -999.250 -999.250 -999.250 -999.250 -999.250 -999.250 -999.250 -999.250 -999.250 -999.250 -999.250 -999.250 -999.250 -999.250 -999.250 -999.250 -999.250 -999.250 -999.250 -999.250 -999.250 -999.250 -999.250 -999.250 -999.250 -999.250 -999.250 -999.250 -999.250 -999.250 0.000 0.000 0.000 0.000 0.000 0.000 0.000 0.000 0.000 0.000 0.000 0.000 0.000 0.000 0.000 2.945 5.480 7.287 11.434 13.789 17.271 24.376 32.560 21.279 15.149 8.508 3.955 0.000 0.000 0.000 0.000 0.000 0.000 0.000 0.000 0.127 0.819
-999.250 -999.250 -999.250 -999.250 -999.250 -999.250 -999.250 -999.250 -999.250 -999.250 -999.250 -999.250 -999.250 -999.250 -999.250 -999.250 -999.250 -999.250 -999.250 -999.250 -999.250 -999.250 -999.250 -999.250 -999.250 -999.250 -999.250 -999.250 -999.250 -999.250 -999.250 -999.250 0.000 0.415 0.000 0.000 0.000 0.000 0.000 0.000 0.505 0.000 0.000 0.000 0.000 0.000 0.000 2.018 5.235 6.053 8.079 11.961 14.656 16.893 20.340 16.706 12.751 6.610 3.452 0.000 0.000 0.000 0.000 0.000 0.000 0.000 0.000 1.256 1.628
-999.250 -999.250 -999.250 -999.250 -999.250 -999.250 -999.250 -999.250 -999.250 -999.250 -999.250 -999.250 -999.250 -999.250 -999.250 -999.250 -999.250 -999.250 -999.250 -999.250 -999.250 -999.250 -999.250 -999.250 -999.250 -999.250 -999.250 -999.250 -999.250 -999.250 -999.250 -999.250 1.134 2.926 0.506 0.000 0.000 0.000 0.137 0.753 3.443 0.279 0.000 0.000 0.000 0.000 0.000 1.961 6.569 5.017 5.265 6.889 10.907 13.963 13.301 13.644 9.136 6.763 1.828 0.000 0.000 0.000 0.000 0.000 2.386 2.540 2.064 2.367 2.218
-999.250 -999.250 -999.250 -999.250 -999.250 -999.250 -999.250 -999.250 -999.250 -999.250 -999.250 -999.250 -999.250 -999.250 -999.250 -999.250 -999.250 -999.250 -999.250 -999.250 -999.250 -999.250 -999.250 -999.250 -999.250 -999.250 -999.250 -999.250 -999.250 -999.250 -999.250 -999.250 1.120 2.024 0.393 0.581 0.066 0.000 0.000 0.340 0.004 0.000 0.000 0.000 0.000 0.000 0.000 0.100 2.392 4.095 3.734 5.547 6.811 9.822 9.779 8.280 6.181 5.413 1.990 0.163 0.000 0.000 0.000 2.498 6.399 3.648 1.416 1.062 3.049
-999.250 -999.250 -999.250 -999.250 -999.250 -999.250 -999.250 -999.250 -999.250 -999.250 -999.250 -999.250 -999.250 -999.250 -999.250 -999.250 -999.250 -999.250 -999.250 -999.250 -999.250 -999.250 -999.250 -999.250 -999.250 -999.250 -999.250 -999.250 -999.250 -999.250 -999.250 -999.250 2.274 2.605 2.104 1.561 0.872 1.949 0.152 0.000 0.000 0.000 0.000 0.000 0.000 0.000 0.000 0.000 0.000 1.014 0.870 3.178 5.710 7.936 6.256 7.405 6.176 5.106 2.459 1.216 0.000 0.000 0.206 0.819 3.205 2.186 1.804 2.709 4.109
-999.250 -999.250 -999.250 -999.250 -999.250 -999.250 -999.250 -999.250 -999.250 -999.250 -999.250 -999.250 -999.250 -999.250 -999.250 -999.250 -999.250 -999.250 -999.250 -999.250 -999.250 -999.250 -999.250 -999.250 -999.250 -999.250 -999.250 -999.250 -999.250 -999.250 -999.250 -999.250 2.067 3.360 4.634 4.477 3.760 3.616 0.154 0.000 0.000 0.000 0.000 0.000 0.000 0.000 0.000 0.000 0.000 0.000 0.473 1.686 4.254 4.128 5.106 5.695 5.883 6.731 4.019 3.078 0.022 0.000 0.000 0.000 0.000 1.555 1.249 1.878 1.780
-999.250 -999.250 -999.250 -999.250 -999.250 -999.250 -999.250 -999.250 -999.250 -999.250 -999.250 -999.250 -999.250 -999.250 -999.250 -999.250 -999.250 -999.250 -999.250 -999.250 -999.250 -999.250 -999.250 -999.250 -999.250 -999.250 -999.250 -999.250 -999.250 -999.250 -999.250 -999.250 -999.250 6.284 5.803 7.261 7.191 4.165 2.435 0.482 0.000 0.000 0.000 0.000 0.000 0.000 0.000 0.000 0.000 0.000 0.000 0.374 2.368 2.633 5.278 4.342 5.347 7.299 7.637 3.905 0.985 0.000 0.000 0.000 0.000 0.000 0.000 0.210 0.649
-999.250 -999.250 -999.250 -999.250 -999.250 -999.250 -999.250 -999.250 -999.250 -999.250 -999.250 -999.250 -999.250 -999.250 -999.250 -999.250 -999.250 -999.250 -999.250 -999.250 -999.250 -999.250 -999.250 -999.250 -999.250 -999.250 -999.250 -999.250 -999.250 -999.250 -999.250 -999.250 -999.250 8.864 10.421 8.608 7.294 5.354 2.057 0.253 0.000 0.000 0.000 0.000 0.000 0.000 0.000 0.000 0.000 0.000 0.000 0.681 2.933 2.977 3.839 3.519 7.004 8.493 10.404 5.983 2.187 0.000 0.000 0.000 0.000 0.000 0.000 0.000 0.229
-999.250 -999.250 -999.250 -999.250 -999.250 -999.250 -999.250 -999.250 -999.250 -999.250 -999.250 -999.250 -999.250 -999.250 -999.250 -999.250 -999.250 -999.250 -999.250 -999.250 -999.250 -999.250 -999.250 -999.250 -999.250 -999.250 -999.250 -999.250 -999.250 -999.250 -999.250 -999.250 11.210 12.864 12.841 11.998 8.662 6.076 3.219 2.081 0.000 0.000 0.000 0.000 0.000 0.000 0.000 0.000 0.000 0.000 0.000 0.000 4.596 2.795 2.943 5.755 6.655 7.198 7.204 4.498 2.578 0.814 0.000 0.000 0.000 0.000 0.000 0.000 0.000
-999.250 -999.250 -999.250 -999.250 -999.250 -999.250 -999.250 -999.250 -999.250 -999.250 -999.250 -999.250 -999.250 -999.250 -999.250 -999.250 -999.250 -999.250 -999.250 -999.250 -999.250 -999.250 -999.250 -999.250 -999.250 -999.250 -999.250 -999.250 -999.250 -999.250 -999.250 -999.250 11.903 14.274 15.706 12.851 8.929 7.527 4.644 2.870 0.974 0.032 0.000 0.000 0.000 0.000 0.000 0.000 0.000 0.000 0.000 0.000 0.313 0.177 2.278 5.035 6.417 6.372 5.226 4.383 2.062 0.000 0.000 0.000 0.000 0.000 0.000 0.000 0.000
-999.250 -999.250 -999.250 -999.250 -999.250 -999.250 -999.250 -999.250 -999.250 -999.250 -999.250 -999.250 -999.250 -999.250 -999.250 -999.250 -999.250 -999.250 -999.250 -999.250 -999.250 -999.250 -999.250 -999.250 -999.250 -999.250 -999.250 -999.250 -999.250 -999.250 -999.250 -999.250 -999.250 14.705 19.113 14.289 12.374 8.805 5.591 2.710 1.421 0.000 0.000 1.340 3.038 0.132 0.000 0.000 0.000 0.000 0.000 0.000 0.000 0.000 2.101 4.542 8.949 9.032 7.287 3.600 2.022 0.000 0.000 0.000 0.000 0.000 0.000 0.000 0.000
-999.250 -999.250 -999.250 -999.250 -999.250 -999.250 -999.250 -999.250 -999.250 -999.250 -999.250 -999.250 -999.250 -999.250 -999.250 -999.250 -999.250 -999.250 -999.250 -999.250 -999.250 -999.250 -999.250 -999.250 -999.250 -999.250 -999.250 -999.250 -999.250 -999.250 -999.250 -999.250 -999.250 13.896 15.639 14.816 13.202 9.574 5.456 5.194 1.654 0.528 0.936 1.733 1.020 0.360 0.133 2.929 1.702 1.712 0.115 0.000 0.000 0.000 2.641 7.184 11.092 12.140 9.519 5.870 2.883 0.000 0.000 0.000 0.000 0.000 0.000 0.000 0.000
-999.250 -999.250 -999.250 -999.250 -999.250 -999.250 -999.250 -999.250 -999.250 -999.250 -999.250 -999.250 -999.250 -999.250 -999.250 -999.250 -999.250 -999.250 -999.250 -999.250 -999.250 -999.250 -999.250 -999.250 -999.250 -999.250 -999.250 -999.250 -999.250 -999.250 -999.250 -999.250 -999.250 14.798 15.062 14.179 13.425 10.170 5.986 4.400 2.836 2.025 1.807 2.001 0.360 0.815 1.950 5.878 4.635 5.269 6.956 5.595 2.647 2.217 4.516 8.189 12.954 19.496 11.853 6.157 3.459 0.842 0.000 0.000 0.000 0.000 0.000 0.000 0.000
-999.250 -999.250 -999.250 -999.250 -999.250 -999.250 -999.250 -999.250 -999.250 -999.250 -999.250 -999.250 -999.250 -999.250 -999.250 -999.250 -999.250 -999.250 -999.250 -999.250 -999.250 -999.250 -999.250 -999.250 -999.250 -999.250 -999.250 -999.250 -999.250 -999.250 -999.250 -999.250 -999.250 -999.250 15.080 18.774 14.514 10.094 7.099 4.526 2.738 2.398 2.998 3.462 2.825 1.676 3.694 7.570 10.678 12.826 14.617 13.749 7.844 6.144 5.496 7.487 11.098 13.553 11.553 6.478 3.570 1.419 0.000 0.000 0.000 0.000 0.000 0.000 0.000
-999.250 -999.250 -999.250 -999.250 -999.250 -999.250 -999.250 -999.250 -999.250 -999.250 -999.250 -999.250 -999.250 -999.250 -999.250 -999.250 -999.250 -999.250 -999.250 -999.250 -999.250 -999.250 -999.250 -999.250 -999.250 -999.250 -999.250 -999.250 -999.250 -999.250 -999.250 -999.250 -999.250 -999.250 13.344 12.832 11.082 7.788 5.771 3.888 3.993 4.940 6.077 7.809 5.827 5.773 6.609 12.511 14.981 19.684 26.572 19.457 13.248 8.028 6.641 5.637 6.543 9.430 6.819 5.632 3.145 0.690 0.000 0.000 0.000 0.000 0.000 0.000 0.000
-999.250 -999.250 -999.250 -999.250 -999.250 -999.250 -999.250 -999.250 -999.250 -999.250 -999.250 -999.250 -999.250 -999.250 -999.250 -999.250 -999.250 -999.250 -999.250 -999.250 -999.250 -999.250 -999.250 -999.250 -999.250 -999.250 -999.250 -999.250 -999.250 -999.250 -999.250 -999.250 -999.250 -999.250 11.320 9.924 7.867 5.966 4.154 4.263 3.620 4.809 5.001 4.552 6.102 7.408 11.959 14.703 18.905 27.715 44.070 24.412 14.982 8.196 5.594 4.428 4.968 5.017 4.607 3.262 1.653 2.209 0.000 0.000 0.000 0.000 0.000 0.000 0.000
-999.250 -999.250 -999.250 -999.250 -999.250 -999.250 -999.250 -999.250 -999.250 -999.250 -999.250 -999.250 -999.250 -999.250 -999.250 -999.250 -999.250 -999.250 -999.250 -999.250 -999.250 -999.250 -999.250 -999.250 -999.250 -999.250 -999.250 -999.250 -999.250 -999.250 -999.250 -999.250 -999.250 -999.250 7.369 5.772 5.305 5.448 4.736 3.690 2.967 4.204 5.441 6.057 6.792 8.016 12.797 16.218 19.360 24.301 29.127 20.750 14.545 7.595 4.278 2.542 2.448 2.407 1.084 1.391 1.441 0.000 0.000 0.000 0.000 0.000 0.000 0.000 0.000
-999.250 -999.250 -999.250 -999.250 -999.250 -999.250 -999.250 -999.250 -999.250 -999.250 -999.250 -999.250 -999.250 -999.250 -999.250 -999.250 -999.250 -999.250 -999.250 -999.250 -999.250 -999.250 -999.250 -999.250 -999.250 -999.250 -999.250 -999.250 -999.250 -999.250 -999.250 -999.250 -999.250 -999.250 -999.250 6.556 4.856 3.216 4.500 3.261 3.385 4.721 6.687 7.248 5.786 9.650 13.238 14.753 17.828 20.733 21.887 16.446 12.014 6.638 3.512 1.364 0.189 0.000 0.000 0.000 0.000 0.000 1.880 0.000 0.000 0.000 0.000 0.000 0.000
-999.250 -999.250 -999.250 -999.250 -999.250 -999.250 -999.250 -999.250 -999.250 -999.250 -999.250 -999.250 -999.250 -999.250 -999.250 -999.250 -999.250 -999.250 -999.250 -999.250 -999.250 -999.250 -999.250 -999.250 -999.250 -999.250 -999.250 -999.250 -999.250 -999.250 -999.250 -999.250 -999.250 -999.250 -999.250 3.829 3.884 4.687 4.712 5.479 5.541 7.674 7.793 8.137 8.808 9.571 12.760 15.737 15.099 18.085 13.905 12.083 9.160 6.411 3.296 0.000 0.000 0.000 0.000 0.000 0.000 0.000 0.000 0.000 0.000 0.000 0.000 0.000 0.000
-999.250 -999.250 -999.250 -999.250 -999.250 -999.250 -999.250 -999.250 -999.250 -999.250 -999.250 -999.250 -999.250 -999.250 -999.250 -999.250 -999.250 -999.250 -999.250 -999.250 -999.250 -999.250 -999.250 -999.250 -999.250 -999.250 -999.250 -999.250 -999.250 -999.250 -999.250 -999.250 -999.250 -999.250 -999.250 3.560 4.078 4.936 5.084 9.354 7.779 9.375 9.157 10.937 9.834 10.327 11.117 12.252 12.713 12.101 10.461 9.080 7.005 5.617 4.584 1.602 0.280 0.827 0.440 0.000 0.000 0.000 0.000 0.000 0.000 0.000 0.000 0.000 0.000
-999.250 -999.250 -999.250 -999.250 -999.250 -999.250 -999.250 -999.250 -999.250 -999.250 -999.250 -999.250 -999.250 -999.250 -999.250 -999.250 -999.250 -999.250 -999.250 -999.250 -999.250 -999.250 -999.250 -999.250 -999.250 -999.250 -999.250 -999.250 -999.250 -999.250 -999.250 -999.250 -999.250 -999.250 -999.250 4.818 5.130 4.827 7.984 7.046 9.476 10.169 14.367 11.307 8.673 10.237 9.498 9.760 8.468 6.707 8.108 6.354 6.179 5.941 5.984 5.250 4.758 4.975 6.205 4.574 4.830 1.440 0.646 0.000 0.000 0.000 0.000 0.000 0.000
-999.250 -999.250 -999.250 -999.250 -999.250 -999.250 -999.250 -999.250 -999.250 -999.250 -999.250 -999.250 -999.250 -999.250 -999.250 -999.250 -999.250 -999.250 -999.250 -999.250 -999.250 -999.250 -999.250 -999.250 -999.250 -999.250 -999.250 -999.250 -999.250 -999.250 -999.250 -999.250 -999.250 -999.250 -999.250 6.960 5.451 6.349 8.599 9.773 10.610 10.946 12.098 10.582 8.372 8.837 7.266 5.686 4.457 3.486 2.957 5.626 7.913 8.836 7.289 8.305 8.997 10.467 11.634 12.559 11.032 8.638 6.316 3.669 0.000 0.000 0.000 0.000 0.000
-999.250 -999.250 -999.250 -999.250 -999.250 -999.250 -999.250 -999.250 -999.250 -999.250 -999.250 -999.250 -999.250 -999.250 -999.250 -999.250 -999.250 -999.250 -999.250 -999.250 -999.250 -999.250 -999.250 -999.250 -999.250 -999.250 -999.250 -999.250 -999.250 -999.250 -999.250 -999.250 -999.250 -999.250 -999.250 -999.250 9.475 10.082 11.376 12.482 12.282 12.003 12.775 12.777 10.373 8.752 6.333 4.529 1.517 1.272 3.054 6.131 12.899 12.493 11.762 12.412 14.664 15.706 18.017 23.303 19.661 15.821 12.226 7.741 4.582 0.750 0.000 0.000 0.000
-999.250 -999.250 -999.250 -999.250 -999.250 -999.250 -999.250 -999.250 -999.250 -999.250 -999.250 -999.250 -999.250 -999.250 -999.250 -999.250 -999.250 -999.250 -999.250 -999.250 -999.250 -999.250 -999.250 -999.250 -999.250 -999.250 -999.250 -999.250 -999.250 -999.250 -999.250 -999.250 -999.250 -999.250 -999.250 -999.250 10.994 10.454 13.930 18.005 15.386 13.715 13.867 15.664 9.648 7.031 4.101 3.852 0.135 0.000 1.392 5.174 9.837 11.347 14.902 15.837 19.130 20.465 24.911 32.730 26.460 23.909 18.799 15.033 12.908 8.561 3.449 0.000 0.000
-999.250 -999.250 -999.250 -999.250 -999.250 -999.250 -999.250 -999.250 -999.250 -999.250 -999.250 -999.250 -999.250 -999.250 -999.250 -999.250 -999.250 -999.250 -999.250 -999.250 -999.250 -999.250 -999.250 -999.250 -999.250 -999.250 -999.250 -999.250 -999.250 -999.250 -999.250 -999.250 -999.250 -999.250 -999.250 -999.250 -999.250 11.381 13.277 16.031 15.442 15.046 13.256 12.720 11.055 6.954 3.105 2.458 0.000 0.000 0.220 3.284 7.379 12.438 18.313 22.120 28.184 35.018 37.102 47.870 48.700 34.820 27.826 24.203 20.343 14.539 10.668 4.837 0.000
-999.250 -999.250 -999.250 -999.250 -999.250 -999.250 -999.250 -999.250 -999.250 -999.250 -999.250 -999.250 -999.250 -999.250 -999.250 -999.250 -999.250 -999.250 -999.250 -999.250 -999.250 -999.250 -999.250 -999.250 -999.250 -999.250 -999.250 -999.250 -999.250 -999.250 -999.250 -999.250 -999.250 -999.250 -999.250 -999.250 -999.250 12.095 15.195 17.824 20.618 16.732 15.508 13.838 11.171 6.521 4.325 0.048 0.000 0.000 0.000 2.780 7.014 12.742 24.092 26.757 46.131 59.825 79.367 63.049 61.788 56.428 52.385 38.741 27.247 20.517 15.579 8.139 4.717
-999.250 -999.250 -999.250 -999.250 -999.250 -999.250 -999.250 -999.250 -999.250 -999.250 -999.250 -999.250 -999.250 -999.250 -999.250 -999.250 -999.250 -999.250 -999.250 -999.250 -999.250 -999.250 -999.250 -999.250 -999.250 -999.250 -999.250 -999.250 -999.250 -999.250 -999.250 -999.250 -999.250 -999.250 -999.250 -999.250 -999.250 11.006 13.934 22.505 30.286 21.458 15.200 12.459 10.366 4.990 3.167 0.000 0.000 0.000 0.000 0.112 6.300 13.681 27.802 53.329 54.514 79.045 98.688 87.720 82.740 79.923 68.955 61.051 38.107 28.374 16.904 12.868 9.865
-999.250 -999.250 -999.250 -999.250 -999.250 -999.250 -999.250 -999.250 -999.250 -999.250 -999.250 -999.250 -999.250 -999.250 -999.250 -999.250 -999.250 -999.250 -999.250 -999.250 -999.250 -999.250 -999.250 -999.250 -999.250 -999.250 -999.250 -999.250 -999.250 -999.250 -999.250 -999.250 -999.250 -999.250 -999.250 -999.250 -999.250 12.925 14.938 18.384 24.196 19.561 15.107 13.974 10.022 6.946 2.095 0.000 0.000 0.000 0.000 0.000 5.286 15.877 33.493 62.255 74.230 101.443 123.488 116.843 104.775 93.932 88.420 71.787 62.143 36.464 21.383 14.460 10.740
-999.250 -999.250 -999.250 -999.250 -999.250 -999.250 -999.250 -999.250 -999.250 -999.250 -999.250 -999.250 -999.250 -999.250 -999.250 -999.250 -999.250 -999.250 -999.250 -999.250 -999.250 -999.250 -999.250 -999.250 -999.250 -999.250 -999.250 -999.250 -999.250 -999.250 -999.250 -999.250 -999.250 -999.250 -999.250 -999.250 -999.250 -999.250 12.492 16.319 15.683 16.630 13.850 14.147 9.612 5.675 4.248 0.000 0.000 0.000 0.000 0.000 1.580 11.598 32.973 71.698 99.006 132.401 143.746 143.226 136.349 115.108 105.536 85.771 66.439 41.342 28.663 18.850 12.353
-999.250 -999.250 -999.250 -999.250 -999.250 -999.250 -999.250 -999.250 -999.250 -999.250 -999.250 -999.250 -999.250 -999.250 -999.250 -999.250 -999.250 -999.250 -999.250 -999.250 -999.250 -999.250 -999.250 -999.250 -999.250 -999.250 -999.250 -999.250 -999.250 -999.250 -999.250 -999.250 -999.250 -999.250 -999.250 -999.250 -999.250 -999.250 9.812 12.760 13.385 15.080 12.957 12.777 9.399 6.925 3.355 0.128 0.000 0.000 0.000 0.000 0.000 6.471 32.358 71.541 111.504 139.855 180.881 158.719 141.377 130.286 118.528 100.798 74.884 50.337 31.711 22.417 14.154
-999.250 -999.250 -999.250 -999.250 -999.250 -999.250 -999.250 -999.250 -999.250 -999.250 -999.250 -999.250 -999.250 -999.250 -999.250 -999.250 -999.250 -999.250 -999.250 -999.250 -999.250 -999.250 -999.250 -999.250 -999.250 -999.250 -999.250 -999.250 -999.250 -999.250 -999.250 -999.250 -999.250 -999.250 -999.250 -999.250 -999.250 -999.250 6.672 7.762 11.547 14.134 12.466 12.135 10.250 5.842 3.883 0.785 0.000 0.000 0.000 0.000 0.200 12.034 33.660 74.053 102.217 132.928 153.572 154.512 142.734 126.244 114.568 91.277 76.826 62.560 41.514 27.608 16.503
