data/medianmodel_03-Jul-2020.asc
ncols	141
nrows	288
xllcorner	-120191.398
yllcorner	-301404.813
cellsize	2000.000
NODATA_value	-999.250
[rows 217 to 247 of 288, columns 0 to 68 of 141]
-999.250 -999.250 -999.250 -999.250 -999.250 -999.250 -999.250 -999.250 -999.250 -999.250 -999.250 -999.250 -999.250 -999.250 -999.250 -999.250 -999.250 -999.250 -999.250 -999.250 -999.250 -999.250 -999.250 -999.250 -999.250 -999.250 -999.250 -999.250 -999.250 -999.250 -999.250 26.489 38.429 44.679 53.389 49.385 57.357 67.235 76.348 79.207 94.274 92.127 82.556 64.664 53.306 45.377 35.757 25.831 21.688 19.253 16.360 12.566 10.233 7.324 6.863 4.861 3.448 3.806 2.835 1.382 0.000 0.000 0.000 0.000 0.000 0.000 0.000 0.000 0.000
-999.250 -999.250 -999.250 -999.250 -999.250 -999.250 -999.250 -999.250 -999.250 -999.250 -999.250 -999.250 -999.250 -999.250 -999.250 -999.250 -999.250 -999.250 -999.250 -999.250 -999.250 -999.250 -999.250 -999.250 -999.250 -999.250 -999.250 -999.250 -999.250 -999.250 -999.250 30.858 37.862 47.061 45.138 54.692 58.420 67.860 74.772 77.823 87.834 98.593 74.788 65.982 56.442 56.183 42.285 30.305 26.749 22.409 15.637 13.188 7.946 8.095 6.739 3.272 4.329 3.850 1.058 1.899 0.307 0.000 0.000 0.000 0.000 0.000 0.000 0.000 0.000
-999.250 -999.250 -999.250 -999.250 -999.250 -999.250 -999.250 -999.250 -999.250 -999.250 -999.250 -999.250 -999.250 -999.250 -999.250 -999.250 -999.250 -999.250 -999.250 -999.250 -999.250 -999.250 -999.250 -999.250 -999.250 -999.250 -999.250 -999.250 -999.250 -999.250 -999.250 26.585 35.503 40.188 44.182 55.466 64.110 66.977 76.052 85.475 92.875 109.297 92.639 82.896 62.288 46.547 44.333 31.493 24.483 20.959 15.776 15.422 12.310 9.848 8.227 5.854 3.137 4.806 2.038 1.046 0.815 0.000 0.000 0.000 0.000 0.000 0.000 0.000 0.000
-999.250 -999.250 -999.250 -999.250 -999.250 -999.250 -999.250 -999.250 -999.250 -999.250 -999.250 -999.250 -999.250 -999.250 -999.250 -999.250 -999.250 -999.250 -999.250 -999.250 -999.250 -999.250 -999.250 -999.250 -999.250 -999.250 -999.250 -999.250 -999.250 -999.250 -999.250 27.045 30.580 38.084 48.947 52.297 61.915 72.784 71.968 79.830 89.905 90.856 81.075 74.714 69.355 51.529 41.623 30.533 25.216 23.382 19.127 14.849 12.526 8.895 6.692 4.392 2.196 2.196 0.658 0.000 0.000 0.000 0.000 0.000 0.000 0.000 0.000 0.000 0.000
-999.250 -999.250 -999.250 -999.250 -999.250 -999.250 -999.250 -999.250 -999.250 -999.250 -999.250 -999.250 -999.250 -999.250 -999.250 -999.250 -999.250 -999.250 -999.250 -999.250 -999.250 -999.250 -999.250 -999.250 -999.250 -999.250 -999.250 -999.250 -999.250 -999.250 -999.250 22.809 25.047 36.763 54.852 45.531 56.790 65.873 73.134 74.522 86.830 81.007 71.243 69.308 59.956 45.558 33.405 26.635 22.802 19.108 17.687 12.714 10.013 7.367 4.337 4.866 2.846 1.064 0.000 0.000 0.000 0.000 0.000 0.000 0.000 0.000 0.000 0.000 0.000
-999.250 -999.250 -999.250 -999.250 -999.250 -999.250 -999.250 -999.250 -999.250 -999.250 -999.250 -999.250 -999.250 -999.250 -999.250 -999.250 -999.250 -999.250 -999.250 -999.250 -999.250 -999.250 -999.250 -999.250 -999.250 -999.250 -999.250 -999.250 -999.250 -999.250 -999.250 23.329 26.270 29.686 41.995 42.406 45.570 64.349 53.720 71.570 73.007 73.361 64.561 52.205 47.125 41.700 34.343 32.414 25.124 22.539 16.686 11.611 10.158 6.101 5.439 3.248 1.016 0.000 0.000 0.000 0.000 0.000 0.000 0.000 0.000 0.000 0.000 0.000 0.000
-999.250 -999.250 -999.250 -999.250 -999.250 -999.250 -999.250 -999.250 -999.250 -999.250 -999.250 -999.250 -999.250 -999.250 -999.250 -999.250 -999.250 -999.250 -999.250 -999.250 -999.250 -999.250 -999.250 -999.250 -999.250 -999.250 -999.250 -999.250 -999.250 -999.250 18.327 20.104 20.972 23.504 32.820 36.657 47.758 47.602 50.832 56.101 62.203 63.276 53.956 44.832 45.452 36.563 30.802 30.024 23.380 19.332 15.351 12.179 6.784 5.602 1.825 1.287 0.036 0.000 0.000 0.000 0.000 0.000 0.000 0.000 0.000 0.000 0.000 0.000 0.000
-999.250 -999.250 -999.250 -999.250 -999.250 -999.250 -999.250 -999.250 -999.250 -999.250 -999.250 -999.250 -999.250 -999.250 -999.250 -999.250 -999.250 -999.250 -999.250 -999.250 -999.250 -999.250 -999.250 -999.250 -999.250 -999.250 -999.250 -999.250 -999.250 -999.250 16.982 19.987 17.827 19.384 31.232 33.121 42.044 50.670 50.026 44.241 46.204 49.714 49.199 40.088 33.993 27.626 27.748 22.456 20.074 18.847 13.309 8.812 8.037 4.697 0.852 0.093 0.000 0.000 0.000 0.000 0.000 0.000 0.000 0.000 0.000 0.000 0.000 0.000 0.000
-999.250 -999.250 -999.250 -999.250 -999.250 -999.250 -999.250 -999.250 -999.250 -999.250 -999.250 -999.250 -999.250 -999.250 -999.250 -999.250 -999.250 -999.250 -999.250 -999.250 -999.250 -999.250 -999.250 -999.250 -999.250 -999.250 -999.250 -999.250 -999.250 -999.250 15.553 15.688 15.957 19.285 21.971 27.725 30.088 34.956 34.375 37.928 41.695 38.792 38.337 31.205 31.237 27.169 22.144 18.304 18.760 14.751 12.084 7.368 6.274 3.841 0.728 0.000 0.000 0.000 0.000 0.000 0.000 0.000 0.000 0.000 0.000 0.000 0.000 0.000 0.000
-999.250 -999.250 -999.250 -999.250 -999.250 -999.250 -999.250 -999.250 -999.250 -999.250 -999.250 -999.250 -999.250 -999.250 -999.250 -999.250 -999.250 -999.250 -999.250 -999.250 -999.250 -999.250 -999.250 -999.250 -999.250 -999.250 -999.250 -999.250 -999.250 -999.250 13.963 14.673 14.571 15.348 17.414 23.091 24.340 22.021 24.999 25.803 32.565 30.420 34.185 26.022 22.451 20.898 17.895 11.553 15.252 11.500 10.485 8.144 5.394 2.155 0.443 0.000 0.000 0.000 0.000 0.000 0.000 0.000 0.000 0.000 0.000 0.000 0.000 0.000 0.000
-999.250 -999.250 -999.250 -999.250 -999.250 -999.250 -999.250 -999.250 -999.250 -999.250 -999.250 -999.250 -999.250 -999.250 -999.250 -999.250 -999.250 -999.250 -999.250 -999.250 -999.250 -999.250 -999.250 -999.250 -999.250 -999.250 -999.250 -999.250 -999.250 7.948 10.531 12.497 13.306 14.927 18.116 18.650 19.697 19.908 21.177 22.996 21.380 22.447 26.181 20.260 19.554 18.200 16.757 13.968 12.428 9.786 9.132 8.543 3.862 1.989 1.056 0.000 0.000 0.000 0.000 0.000 0.000 0.000 0.000 0.000 0.000 0.000 0.000 0.000 0.000
-999.250 -999.250 -999.250 -999.250 -999.250 -999.250 -999.250 -999.250 -999.250 -999.250 -999.250 -999.250 -999.250 -999.250 -999.250 -999.250 -999.250 -999.250 -999.250 -999.250 -999.250 -999.250 -999.250 -999.250 -999.250 -999.250 -999.250 -999.250 -999.250 8.343 10.023 11.084 12.388 11.800 12.363 14.245 14.683 14.457 15.720 18.238 15.701 18.032 18.867 18.622 18.124 16.369 14.907 12.322 12.611 8.906 6.673 4.517 4.268 2.417 0.448 0.025 0.000 0.000 0.000 0.000 0.000 0.000 0.000 0.000 0.000 0.000 0.000 0.000 0.000
-999.250 -999.250 -999.250 -999.250 -999.250 -999.250 -999.250 -999.250 -999.250 -999.250 -999.250 -999.250 -999.250 -999.250 -999.250 -999.250 -999.250 -999.250 -999.250 -999.250 -999.250 -999.250 -999.250 -999.250 -999.250 -999.250 -999.250 -999.250 8.925 8.611 9.633 11.045 10.249 9.161 10.213 12.161 13.893 10.342 12.779 12.494 13.808 12.382 15.139 15.933 14.574 15.075 12.185 14.796 11.701 10.521 4.167 4.034 2.792 2.398 3.429 1.885 0.324 0.049 0.000 0.000 0.440 0.000 0.000 0.000 0.000 0.000 0.000 0.000 0.000
-999.250 -999.250 -999.250 -999.250 -999.250 -999.250 -999.250 -999.250 -999.250 -999.250 -999.250 -999.250 -999.250 -999.250 -999.250 -999.250 -999.250 -999.250 -999.250 -999.250 -999.250 -999.250 -999.250 -999.250 -999.250 -999.250 -999.250 -999.250 9.318 8.761 10.358 10.302 10.776 8.209 8.605 7.561 10.277 10.378 11.192 11.265 10.154 9.717 12.882 9.478 9.270 12.454 11.050 12.026 10.538 7.262 5.680 3.833 5.241 4.173 4.327 3.814 2.943 2.115 1.042 0.356 2.405 1.896 1.386 0.748 0.000 0.000 0.000 0.000 0.000
-999.250 -999.250 -999.250 -999.250 -999.250 -999.250 -999.250 -999.250 -999.250 -999.250 -999.250 -999.250 -999.250 -999.250 -999.250 -999.250 -999.250 -999.250 -999.250 -999.250 -999.250 -999.250 -999.250 -999.250 -999.250 -999.250 -999.250 9.502 8.201 9.507 9.652 12.749 9.666 6.696 7.350 5.525 6.245 8.085 8.057 7.353 7.075 7.031 7.433 9.675 10.931 11.510 11.187 8.317 8.713 6.026 6.473 5.302 3.715 4.658 7.348 5.713 6.779 5.277 4.667 4.615 3.795 2.693 0.500 2.165 0.170 0.000 0.000 0.000 0.000
-999.250 -999.250 -999.250 -999.250 -999.250 -999.250 -999.250 -999.250 -999.250 -999.250 -999.250 -999.250 -999.250 -999.250 -999.250 -999.250 -999.250 -999.250 -999.250 -999.250 -999.250 -999.250 -999.250 -999.250 -999.250 -999.250 -999.250 11.219 9.120 7.608 12.810 14.583 10.613 7.959 6.278 5.183 5.569 5.569 6.310 5.371 4.987 5.298 7.209 10.195 8.050 9.901 11.478 10.074 10.959 10.288 8.644 7.951 7.151 5.735 7.042 7.283 8.128 7.849 8.725 7.899 6.959 4.981 3.542 1.253 1.343 1.449 0.000 0.000 0.000
-999.250 -999.250 -999.250 -999.250 -999.250 -999.250 -999.250 -999.250 -999.250 -999.250 -999.250 -999.250 -999.250 -999.250 -999.250 -999.250 -999.250 -999.250 -999.250 -999.250 -999.250 -999.250 -999.250 -999.250 -999.250 -999.250 -999.250 -999.250 12.940 12.945 12.267 11.785 9.380 9.101 6.410 5.447 4.124 3.849 4.195 4.956 4.904 4.579 6.477 7.495 9.888 14.163 13.386 11.178 11.390 10.594 11.124 9.897 10.573 9.941 8.478 8.561 8.617 9.119 10.742 10.340 8.721 7.302 3.663 3.156 2.601 0.619 0.000 0.000 0.000
-999.250 -999.250 -999.250 -999.250 -999.250 -999.250 -999.250 -999.250 -999.250 -999.250 -999.250 -999.250 -999.250 -999.250 -999.250 -999.250 -999.250 -999.250 -999.250 -999.250 -999.250 -999.250 -999.250 -999.250 -999.250 -999.250 -999.250 -999.250 -999.250 -999.250 13.898 11.493 10.965 8.384 6.788 5.508 4.288 4.966 5.692 3.425 3.574 7.923 8.275 8.860 7.097 11.500 11.285 10.736 11.077 13.174 13.180 11.992 9.285 12.887 12.682 10.900 9.823 11.092 11.707 11.181 10.856 8.423 4.631 3.659 3.753 1.531 0.961 0.000 0.000
-999.250 -999.250 -999.250 -999.250 -999.250 -999.250 -999.250 -999.250 -999.250 -999.250 -999.250 -999.250 -999.250 -999.250 -999.250 -999.250 -999.250 -999.250 -999.250 -999.250 -999.250 -999.250 -999.250 -999.250 -999.250 -999.250 -999.250 -999.250 -999.250 -999.250 12.446 10.869 10.493 11.782 8.154 7.102 6.841 5.958 5.523 4.646 4.447 6.592 7.118 8.440 8.643 10.094 13.289 12.257 12.955 11.685 13.200 12.765 12.297 13.303 12.985 11.363 11.392 11.919 13.856 17.423 14.239 8.090 5.160 4.154 4.605 2.966 0.678 0.000 0.000
-999.250 -999.250 -999.250 -999.250 -999.250 -999.250 -999.250 -999.250 -999.250 -999.250 -999.250 -999.250 -999.250 -999.250 -999.250 -999.250 -999.250 -999.250 -999.250 -999.250 -999.250 -999.250 -999.250 -999.250 -999.250 -999.250 -999.250 -999.250 -999.250 -999.250 11.543 10.489 11.325 9.270 9.168 8.741 9.109 7.255 6.175 5.713 6.012 7.043 7.449 6.883 8.072 8.893 11.640 10.215 12.869 11.337 14.904 12.759 13.354 12.962 10.374 13.493 14.290 14.012 18.079 24.251 15.012 10.399 6.893 3.899 4.249 2.639 1.794 0.000 0.000
-999.250 -999.250 -999.250 -999.250 -999.250 -999.250 -999.250 -999.250 -999.250 -999.250 -999.250 -999.250 -999.250 -999.250 -999.250 -999.250 -999.250 -999.250 -999.250 -999.250 -999.250 -999.250 -999.250 -999.250 -999.250 -999.250 -999.250 -999.250 -999.250 -999.250 -999.250 10.814 11.637 9.614 9.764 6.760 7.924 8.428 7.173 4.878 6.922 7.659 7.965 7.295 9.571 7.664 8.973 8.381 9.753 11.090 14.389 13.421 13.523 13.738 13.585 14.066 14.966 14.889 16.170 18.141 15.387 10.581 6.686 3.746 1.624 1.734 2.533 0.686 0.000
-999.250 -999.250 -999.250 -999.250 -999.250 -999.250 -999.250 -999.250 -999.250 -999.250 -999.250 -999.250 -999.250 -999.250 -999.250 -999.250 -999.250 -999.250 -999.250 -999.250 -999.250 -999.250 -999.250 -999.250 -999.250 -999.250 -999.250 -999.250 -999.250 -999.250 14.871 14.136 13.142 12.168 13.356 9.867 11.057 9.617 5.930 6.968 7.304 6.842 8.636 7.606 7.258 8.532 9.667 8.467 8.320 11.956 12.944 11.737 12.716 13.520 13.073 14.285 13.789 17.320 16.515 14.659 12.862 10.820 5.878 3.384 0.394 0.357 0.075 0.101 0.000
-999.250 -999.250 -999.250 -999.250 -999.250 -999.250 -999.250 -999.250 -999.250 -999.250 -999.250 -999.250 -999.250 -999.250 -999.250 -999.250 -999.250 -999.250 -999.250 -999.250 -999.250 -999.250 -999.250 -999.250 -999.250 -999.250 -999.250 -999.250 -999.250 -999.250 -999.250 13.015 14.136 13.805 12.260 7.610 7.432 6.451 8.688 6.867 6.354 6.264 5.411 7.889 5.810 11.100 8.554 11.139 9.825 10.447 10.065 11.061 9.795 11.487 13.121 14.371 15.732 13.863 13.197 10.923 8.629 6.447 5.724 2.405 0.737 0.000 0.000 0.000 0.000
-999.250 -999.250 -999.250 -999.250 -999.250 -999.250 -999.250 -999.250 -999.250 -999.250 -999.250 -999.250 -999.250 -999.250 -999.250 -999.250 -999.250 -999.250 -999.250 -999.250 -999.250 -999.250 -999.250 -999.250 -999.250 -999.250 -999.250 -999.250 -999.250 -999.250 11.181 13.556 13.893 14.884 11.193 10.311 8.830 8.192 9.544 9.371 6.494 5.303 4.918 8.252 7.220 9.513 8.452 11.071 11.602 10.952 9.826 11.472 11.390 12.417 13.010 13.508 13.634 14.055 12.077 9.232 6.231 4.556 2.864 0.085 0.000 0.000 0.000 0.000 0.000
-999.250 -999.250 -999.250 -999.250 -999.250 -999.250 -999.250 -999.250 -999.250 -999.250 -999.250 -999.250 -999.250 -999.250 -999.250 -999.250 -999.250 -999.250 -999.250 -999.250 -999.250 -999.250 -999.250 -999.250 -999.250 -999.250 -999.250 -999.250 -999.250 -999.250 14.426 16.200 16.542 12.198 10.776 10.619 12.379 8.386 8.879 10.787 9.300 8.134 10.239 9.372 4.776 6.615 8.127 10.180 9.764 11.387 11.599 11.902 13.339 13.894 16.554 13.269 12.265 10.759 11.536 7.598 3.838 2.715 1.546 0.000 0.000 0.000 0.000 0.000 0.000
-999.250 -999.250 -999.250 -999.250 -999.250 -999.250 -999.250 -999.250 -999.250 -999.250 -999.250 -999.250 -999.250 -999.250 -999.250 -999.250 -999.250 -999.250 -999.250 -999.250 -999.250 -999.250 -999.250 -999.250 -999.250 -999.250 -999.250 -999.250 -999.250 -999.250 13.998 16.813 14.757 12.731 13.107 11.661 7.334 7.729 8.293 6.676 7.849 7.683 7.152 8.249 7.766 6.924 8.626 12.616 10.325 14.084 15.269 14.829 13.843 15.700 16.420 12.672 12.667 12.402 9.677 7.629 5.441 2.065 0.000 0.000 0.000 0.000 0.000 0.000 0.000
-999.250 -999.250 -999.250 -999.250 -999.250 -999.250 -999.250 -999.250 -999.250 -999.250 -999.250 -999.250 -999.250 -999.250 -999.250 -999.250 -999.250 -999.250 -999.250 -999.250 -999.250 -999.250 -999.250 -999.250 -999.250 -999.250 -999.250 -999.250 -999.250 -999.250 14.067 12.694 13.358 16.319 12.967 12.310 11.867 8.114 6.456 7.785 6.793 5.378 7.312 5.971 5.703 7.364 8.203 11.865 12.382 13.367 14.572 16.312 18.777 15.034 16.734 15.638 14.592 14.733 10.929 6.339 3.247 3.167 0.000 0.000 0.000 0.000 0.000 0.000 0.000
-999.250 -999.250 -999.250 -999.250 -999.250 -999.250 -999.250 -999.250 -999.250 -999.250 -999.250 -999.250 -999.250 -999.250 -999.250 -999.250 -999.250 -999.250 -999.250 -999.250 -999.250 -999.250 -999.250 -999.250 -999.250 -999.250 -999.250 -999.250 -999.250 -999.250 11.537 12.770 12.919 11.610 11.342 10.383 11.955 10.987 10.419 6.628 4.856 7.029 5.037 6.981 5.526 7.294 7.946 10.194 13.058 15.379 12.983 16.613 16.952 17.266 17.614 15.772 12.728 12.801 9.853 7.390 2.068 0.000 0.000 0.000 0.000 0.000 0.000 0.000 0.000
-999.250 -999.250 -999.250 -999.250 -999.250 -999.250 -999.250 -999.250 -999.250 -999.250 -999.250 -999.250 -999.250 -999.250 -999.250 -999.250 -999.250 -999.250 -999.250 -999.250 -999.250 -999.250 -999.250 -999.250 -999.250 -999.250 -999.250 -999.250 -999.250 -999.250 -999.250 12.009 11.049 10.628 9.490 9.473 7.951 9.117 8.060 6.921 6.096 6.754 5.852 6.646 4.963 6.098 8.335 12.445 14.262 15.306 15.710 17.797 18.781 17.983 21.370 17.290 16.573 13.013 10.174 5.384 1.313 0.000 0.000 0.000 0.000 0.000 0.000 0.000 0.000
-999.250 -999.250 -999.250 -999.250 -999.250 -999.250 -999.250 -999.250 -999.250 -999.250 -999.250 -999.250 -999.250 -999.250 -999.250 -999.250 -999.250 -999.250 -999.250 -999.250 -999.250 -999.250 -999.250 -999.250 -999.250 -999.250 -999.250 -999.250 -999.250 -999.250 -999.250 13.249 12.780 11.163 8.176 8.243 7.071 8.903 6.180 5.879 3.620 6.443 5.576 6.834 6.356 9.361 12.350 14.010 17.988 19.240 16.850 19.516 19.495 18.744 18.930 21.808 18.465 15.496 10.128 5.402 3.128 0.000 0.000 0.000 0.000 0.000 0.000 0.000 0.000
-999.250 -999.250 -999.250 -999.250 -999.250 -999.250 -999.250 -999.250 -999.250 -999.250 -999.250 -999.250 -999.250 -999.250 -999.250 -999.250 -999.250 -999.250 -999.250 -999.250 -999.250 -999.250 -999.250 -999.250 -999.250 -999.250 -999.250 -999.250 -999.250 -999.250 16.066 14.150 13.948 10.091 10.206 8.660 6.805 6.033 4.341 1.874 3.307 3.479 4.572 4.032 6.862 9.737 11.434 14.319 18.150 19.465 20.341 19.826 20.803 19.660 26.510 26.035 23.284 19.379 14.094 7.929 4.404 1.627 0.000 0.000 0.000 0.000 0.000 0.000 0.000
