data/medianmodel_30-Apr-2020.asc
ncols	141
nrows	288
xllcorner	-120191.398
yllcorner	-301404.813
cellsize	2000.000
NODATA_value	-999.250
[rows 240 to 269 of 288, columns 0 to 68 of 141]
-999.250 -999.250 -999.250 -999.250 -999.250 -999.250 -999.250 -999.250 -999.250 -999.250 -999.250 -999.250 -999.250 -999.250 -999.250 -999.250 -999.250 -999.250 -999.250 -999.250 -999.250 -999.250 -999.250 -999.250 -999.250 -999.250 -999.250 -999.250 -999.250 -999.250 9.227 6.639 5.987 7.138 7.968 7.953 8.427 8.527 11.548 15.218 17.153 15.043 15.061 15.903 13.413 13.455 10.808 11.816 11.332 9.848 12.284 8.914 8.408 4.541 6.072 7.375 5.992 4.209 1.912 1.559 0.717 2.590 3.760 3.683 3.628 6.415 7.077 6.868 7.635
-999.250 -999.250 -999.250 -999.250 -999.250 -999.250 -999.250 -999.250 -999.250 -999.250 -999.250 -999.250 -999.250 -999.250 -999.250 -999.250 -999.250 -999.250 -999.250 -999.250 -999.250 -999.250 -999.250 -999.250 -999.250 -999.250 -999.250 -999.250 -999.250 -999.250 8.220 5.926 7.669 6.251 8.555 9.140 10.115 9.441 13.106 13.498 15.665 11.453 11.228 12.661 12.850 13.924 12.404 12.173 12.026 15.165 11.140 10.380 9.527 6.139 6.752 7.218 6.584 5.753 2.817 2.479 1.753 2.647 3.411 3.074 4.643 4.230 5.812 7.863 8.085
-999.250 -999.250 -999.250 -999.250 -999.250 -999.250 -999.250 -999.250 -999.250 -999.250 -999.250 -999.250 -999.250 -999.250 -999.250 -999.250 -999.250 -999.250 -999.250 -999.250 -999.250 -999.250 -999.250 -999.250 -999.250 -999.250 -999.250 -999.250 -999.250 -999.250 7.937 8.110 7.160 6.939 5.941 9.763 7.865 12.723 14.138 13.839 13.902 13.713 11.833 13.204 12.373 12.243 12.576 12.926 14.672 13.093 13.022 12.765 11.065 7.606 7.793 7.504 6.592 4.553 3.855 3.436 3.010 2.096 1.598 3.393 4.380 4.502 5.259 6.173 6.286
-999.250 -999.250 -999.250 -999.250 -999.250 -999.250 -999.250 -999.250 -999.250 -999.250 -999.250 -999.250 -999.250 -999.250 -999.250 -999.250 -999.250 -999.250 -999.250 -999.250 -999.250 -999.250 -999.250 -999.250 -999.250 -999.250 -999.250 -999.250 -999.250 -999.250 6.249 10.438 7.973 10.257 10.069 9.454 11.169 12.379 13.268 13.688 15.808 14.960 15.154 12.867 14.284 14.529 13.568 12.917 13.679 13.138 10.757 9.613 9.457 8.869 8.554 6.165 7.256 5.412 5.432 4.222 1.973 1.760 3.245 4.438 3.715 4.326 5.064 5.623 5.562
-999.250 -999.250 -999.250 -999.250 -999.250 -999.250 -999.250 -999.250 -999.250 -999.250 -999.250 -999.250 -999.250 -999.250 -999.250 -999.250 -999.250 -999.250 -999.250 -999.250 -999.250 -999.250 -999.250 -999.250 -999.250 -999.250 -999.250 -999.250 -999.250 -999.250 8.415 10.096 11.730 9.303 11.738 12.285 10.935 12.895 12.690 14.034 12.522 13.678 15.962 14.373 15.568 13.177 15.549 11.866 10.920 11.532 11.399 12.498 12.810 13.648 10.203 8.425 7.088 5.604 7.233 3.928 3.433 0.566 1.207 4.782 5.427 4.895 5.968 9.138 7.228
-999.250 -999.250 -999.250 -999.250 -999.250 -999.250 -999.250 -999.250 -999.250 -999.250 -999.250 -999.250 -999.250 -999.250 -999.250 -999.250 -999.250 -999.250 -999.250 -999.250 -999.250 -999.250 -999.250 -999.250 -999.250 -999.250 -999.250 -999.250 -999.250 -999.250 -999.250 7.694 10.565 11.623 11.750 11.848 12.927 14.468 12.813 14.069 13.770 11.723 15.706 13.925 14.237 13.214 10.293 10.415 11.512 12.989 12.254 13.122 13.781 15.620 16.515 14.044 8.388 9.197 6.106 5.549 3.607 0.000 2.966 6.695 7.173 7.858 9.999 7.958 9.343
-999.250 -999.250 -999.250 -999.250 -999.250 -999.250 -999.250 -999.250 -999.250 -999.250 -999.250 -999.250 -999.250 -999.250 -999.250 -999.250 -999.250 -999.250 -999.250 -999.250 -999.250 -999.250 -999.250 -999.250 -999.250 -999.250 -999.250 -999.250 -999.250 -999.250 -999.250 8.459 12.439 10.892 12.231 13.533 15.688 14.431 13.271 12.131 14.100 15.586 14.141 14.664 16.583 14.526 13.421 10.642 12.160 14.037 13.498 13.988 15.439 18.684 17.907 14.445 12.034 11.309 10.460 6.789 6.984 6.339 7.630 11.976 12.435 11.605 11.817 11.980 9.397
-999.250 -999.250 -999.250 -999.250 -999.250 -999.250 -999.250 -999.250 -999.250 -999.250 -999.250 -999.250 -999.250 -999.250 -999.250 -999.250 -999.250 -999.250 -999.250 -999.250 -999.250 -999.250 -999.250 -999.250 -999.250 -999.250 -999.250 -999.250 -999.250 -999.250 8.187 10.373 10.515 12.328 12.771 12.467 14.664 13.468 14.051 15.458 14.759 15.684 15.644 16.668 16.867 15.946 14.717 15.205 15.923 14.998 15.523 18.677 18.604 17.262 13.115 17.774 13.517 12.331 10.766 10.760 10.106 11.640 12.988 13.683 13.638 14.221 10.691 12.165 11.802
-999.250 -999.250 -999.250 -999.250 -999.250 -999.250 -999.250 -999.250 -999.250 -999.250 -999.250 -999.250 -999.250 -999.250 -999.250 -999.250 -999.250 -999.250 -999.250 -999.250 -999.250 -999.250 -999.250 -999.250 -999.250 -999.250 -999.250 -999.250 -999.250 -999.250 8.669 8.879 12.465 11.347 10.822 11.806 13.815 14.959 15.880 16.486 15.887 14.172 15.750 19.512 16.242 18.785 16.343 17.897 17.668 18.982 17.960 20.772 18.366 19.515 18.545 17.212 16.662 14.336 14.196 14.463 16.738 15.276 17.255 15.222 16.778 15.423 14.213 16.137 15.908
-999.250 -999.250 -999.250 -999.250 -999.250 -999.250 -999.250 -999.250 -999.250 -999.250 -999.250 -999.250 -999.250 -999.250 -999.250 -999.250 -999.250 -999.250 -999.250 -999.250 -999.250 -999.250 -999.250 -999.250 -999.250 -999.250 -999.250 -999.250 -999.250 -999.250 8.229 10.090 11.503 12.077 12.153 12.752 10.827 13.272 13.781 15.679 15.251 15.724 14.647 15.473 15.391 16.258 19.792 15.878 16.304 18.278 20.550 22.116 20.183 21.178 21.716 21.706 18.525 20.396 18.855 20.429 19.297 21.999 22.541 22.424 21.599 18.435 23.606 16.007 17.448
-999.250 -999.250 -999.250 -999.250 -999.250 -999.250 -999.250 -999.250 -999.250 -999.250 -999.250 -999.250 -999.250 -999.250 -999.250 -999.250 -999.250 -999.250 -999.250 -999.250 -999.250 -999.250 -999.250 -999.250 -999.250 -999.250 -999.250 -999.250 -999.250 -999.250 7.648 11.299 10.423 10.335 11.826 14.013 12.651 12.573 14.061 14.457 13.578 14.039 15.201 16.333 17.479 18.418 19.033 17.733 17.149 17.590 23.949 26.185 25.287 23.298 25.464 24.697 22.590 21.254 23.782 26.555 25.585 29.599 28.610 36.287 29.558 29.371 26.705 26.014 21.543
-999.250 -999.250 -999.250 -999.250 -999.250 -999.250 -999.250 -999.250 -999.250 -999.250 -999.250 -999.250 -999.250 -999.250 -999.250 -999.250 -999.250 -999.250 -999.250 -999.250 -999.250 -999.250 -999.250 -999.250 -999.250 -999.250 -999.250 -999.250 -999.250 -999.250 7.867 9.260 10.223 14.657 13.900 10.014 13.211 14.429 13.064 12.137 14.900 15.157 16.154 17.237 16.589 18.604 20.982 19.559 18.603 23.870 24.589 29.438 27.390 27.333 30.082 32.208 28.401 32.739 32.590 31.786 32.217 31.951 33.565 35.915 31.837 33.103 35.991 29.999 27.190
-999.250 -999.250 -999.250 -999.250 -999.250 -999.250 -999.250 -999.250 -999.250 -999.250 -999.250 -999.250 -999.250 -999.250 -999.250 -999.250 -999.250 -999.250 -999.250 -999.250 -999.250 -999.250 -999.250 -999.250 -999.250 -999.250 -999.250 -999.250 -999.250 8.903 9.790 12.851 12.148 12.585 13.416 12.814 12.137 12.501 14.484 13.818 14.618 15.209 13.913 16.889 19.543 20.953 19.519 17.140 20.156 22.901 28.333 30.501 30.312 31.484 31.305 37.466 37.651 41.301 39.881 37.549 46.043 43.988 39.796 40.383 38.955 39.752 40.373 32.259 32.448
-999.250 -999.250 -999.250 -999.250 -999.250 -999.250 -999.250 -999.250 -999.250 -999.250 -999.250 -999.250 -999.250 -999.250 -999.250 -999.250 -999.250 -999.250 -999.250 -999.250 -999.250 -999.250 -999.250 -999.250 -999.250 -999.250 -999.250 -999.250 -999.250 -999.250 10.217 10.378 9.221 13.041 12.770 13.626 14.043 12.099 13.686 11.612 14.146 14.762 15.460 15.690 19.645 19.657 16.583 19.493 19.999 21.954 33.237 32.498 30.108 31.801 36.631 45.131 47.816 41.877 41.632 43.352 52.420 52.641 43.536 44.709 49.152 46.187 43.958 43.176 36.487
-999.250 -999.250 -999.250 -999.250 -999.250 -999.250 -999.250 -999.250 -999.250 -999.250 -999.250 -999.250 -999.250 -999.250 -999.250 -999.250 -999.250 -999.250 -999.250 -999.250 -999.250 -999.250 -999.250 -999.250 -999.250 -999.250 -999.250 -999.250 -999.250 -999.250 10.028 7.711 11.236 11.764 15.273 15.303 10.506 11.999 10.767 9.895 11.437 12.913 13.360 15.123 18.369 20.756 16.579 21.447 26.344 23.287 28.046 42.561 37.483 38.640 38.588 42.379 45.710 43.289 40.006 49.458 57.999 55.769 57.128 50.570 55.550 58.064 48.452 44.668 38.824
-999.250 -999.250 -999.250 -999.250 -999.250 -999.250 -999.250 -999.250 -999.250 -999.250 -999.250 -999.250 -999.250 -999.250 -999.250 -999.250 -999.250 -999.250 -999.250 -999.250 -999.250 -999.250 -999.250 -999.250 -999.250 -999.250 -999.250 -999.250 -999.250 -999.250 -999.250 10.657 12.845 13.184 12.230 14.943 12.457 12.080 13.116 11.958 10.948 11.201 12.799 14.515 17.493 19.131 21.297 24.090 23.281 28.099 29.601 34.748 35.834 39.100 47.498 45.844 49.900 39.231 51.059 55.687 63.197 67.852 62.294 65.931 57.118 57.268 53.645 41.213 39.183
-999.250 -999.250 -999.250 -999.250 -999.250 -999.250 -999.250 -999.250 -999.250 -999.250 -999.250 -999.250 -999.250 -999.250 -999.250 -999.250 -999.250 -999.250 -999.250 -999.250 -999.250 -999.250 -999.250 -999.250 -999.250 -999.250 -999.250 -999.250 -999.250 -999.250 -999.250 10.136 12.025 10.922 12.550 11.547 11.612 14.372 11.972 11.424 10.886 12.158 10.955 15.972 15.200 17.543 19.421 22.098 25.263 32.520 27.881 31.471 35.221 39.140 45.945 46.905 52.645 47.605 44.242 58.765 55.166 66.328 68.447 68.408 63.263 64.340 53.574 49.539 44.777
-999.250 -999.250 -999.250 -999.250 -999.250 -999.250 -999.250 -999.250 -999.250 -999.250 -999.250 -999.250 -999.250 -999.250 -999.250 -999.250 -999.250 -999.250 -999.250 -999.250 -999.250 -999.250 -999.250 -999.250 -999.250 -999.250 -999.250 -999.250 -999.250 -999.250 9.253 11.377 11.662 12.087 12.469 11.941 13.077 10.807 11.274 10.155 9.130 11.513 12.497 12.985 13.156 17.630 20.531 21.875 21.855 25.634 26.335 29.124 39.197 35.378 40.974 45.728 47.995 50.605 46.930 56.534 63.189 61.776 65.824 71.363 74.349 70.311 60.981 51.948 50.069
-999.250 -999.250 -999.250 -999.250 -999.250 -999.250 -999.250 -999.250 -999.250 -999.250 -999.250 -999.250 -999.250 -999.250 -999.250 -999.250 -999.250 -999.250 -999.250 -999.250 -999.250 -999.250 -999.250 -999.250 -999.250 -999.250 -999.250 -999.250 -999.250 -999.250 7.441 10.510 10.098 9.067 10.992 12.375 9.517 8.835 6.862 8.401 8.973 10.488 13.078 11.041 14.403 15.429 20.621 20.856 20.026 23.056 24.446 28.840 32.157 34.903 42.256 48.264 46.497 48.605 54.321 67.198 57.891 62.215 64.277 76.900 74.906 66.714 64.108 54.106 46.107
-999.250 -999.250 -999.250 -999.250 -999.250 -999.250 -999.250 -999.250 -999.250 -999.250 -999.250 -999.250 -999.250 -999.250 -999.250 -999.250 -999.250 -999.250 -999.250 -999.250 -999.250 -999.250 -999.250 -999.250 -999.250 -999.250 -999.250 -999.250 -999.250 -999.250 7.850 9.361 10.613 9.837 11.090 8.871 8.813 9.358 7.009 7.798 10.496 9.129 11.209 12.878 11.933 15.482 18.277 20.970 23.202 22.667 23.955 28.641 31.357 37.449 44.624 41.231 46.690 52.089 57.121 61.915 63.280 61.170 59.386 67.518 66.267 62.343 53.269 49.034 41.965
-999.250 -999.250 -999.250 -999.250 -999.250 -999.250 -999.250 -999.250 -999.250 -999.250 -999.250 -999.250 -999.250 -999.250 -999.250 -999.250 -999.250 -999.250 -999.250 -999.250 -999.250 -999.250 -999.250 -999.250 -999.250 -999.250 -999.250 -999.250 -999.250 -999.250 8.760 10.104 10.862 11.328 11.071 6.503 10.548 8.085 7.966 10.286 8.923 9.947 10.280 11.680 15.361 12.664 17.437 18.194 17.194 19.272 23.877 22.753 29.705 32.584 37.589 43.072 40.260 49.803 49.604 56.115 58.176 58.527 55.889 61.168 64.655 53.519 51.243 40.992 36.284
-999.250 -999.250 -999.250 -999.250 -999.250 -999.250 -999.250 -999.250 -999.250 -999.250 -999.250 -999.250 -999.250 -999.250 -999.250 -999.250 -999.250 -999.250 -999.250 -999.250 -999.250 -999.250 -999.250 -999.250 -999.250 -999.250 -999.250 -999.250 -999.250 -999.250 8.647 10.039 9.733 9.104 10.960 9.417 7.209 8.436 9.748 10.536 9.286 8.425 10.595 13.352 13.210 11.786 15.024 16.396 16.830 18.409 21.483 22.182 24.268 31.295 38.527 37.318 42.320 51.296 50.783 57.709 56.717 55.753 52.146 48.831 48.787 44.473 47.166 39.335 36.219
-999.250 -999.250 -999.250 -999.250 -999.250 -999.250 -999.250 -999.250 -999.250 -999.250 -999.250 -999.250 -999.250 -999.250 -999.250 -999.250 -999.250 -999.250 -999.250 -999.250 -999.250 -999.250 -999.250 -999.250 -999.250 -999.250 -999.250 -999.250 -999.250 -999.250 8.213 9.836 9.085 10.741 9.596 9.160 8.005 9.657 10.237 9.991 8.961 9.349 9.886 14.509 13.492 14.441 15.501 14.301 14.870 18.119 18.618 20.144 22.465 25.346 34.250 42.956 42.636 46.660 50.665 51.390 56.169 55.846 47.716 44.266 37.765 41.222 35.899 38.954 34.670
-999.250 -999.250 -999.250 -999.250 -999.250 -999.250 -999.250 -999.250 -999.250 -999.250 -999.250 -999.250 -999.250 -999.250 -999.250 -999.250 -999.250 -999.250 -999.250 -999.250 -999.250 -999.250 -999.250 -999.250 -999.250 -999.250 -999.250 -999.250 -999.250 7.294 9.369 9.743 9.111 10.196 8.297 9.463 9.802 7.390 9.523 9.819 8.804 8.426 8.080 8.652 12.135 11.448 10.893 11.627 12.522 18.157 17.323 18.637 20.048 24.555 27.215 34.448 44.101 51.092 43.206 48.767 49.435 48.828 47.593 38.853 39.145 37.536 34.726 30.577 26.082
-999.250 -999.250 -999.250 -999.250 -999.250 -999.250 -999.250 -999.250 -999.250 -999.250 -999.250 -999.250 -999.250 -999.250 -999.250 -999.250 -999.250 -999.250 -999.250 -999.250 -999.250 -999.250 -999.250 -999.250 -999.250 -999.250 -999.250 -999.250 -999.250 6.095 8.260 8.549 8.632 9.853 8.553 6.238 7.074 6.946 6.946 6.820 6.817 6.610 6.550 8.544 10.735 9.382 11.222 14.098 13.582 15.087 17.372 20.549 20.868 24.822 27.859 35.589 42.708 49.227 44.039 48.324 44.894 43.306 46.330 37.504 40.563 33.183 32.081 30.714 23.613
-999.250 -999.250 -999.250 -999.250 -999.250 -999.250 -999.250 -999.250 -999.250 -999.250 -999.250 -999.250 -999.250 -999.250 -999.250 -999.250 -999.250 -999.250 -999.250 -999.250 -999.250 -999.250 -999.250 -999.250 -999.250 -999.250 -999.250 -999.250 5.969 7.003 6.390 7.256 9.001 8.242 7.431 6.963 7.745 5.232 5.059 4.455 1.882 5.313 6.691 7.802 8.894 10.139 11.062 13.188 11.971 9.950 14.372 18.032 20.008 21.307 26.259 27.621 37.719 43.145 40.524 43.155 39.244 38.044 39.811 40.245 38.047 38.729 29.691 26.847 20.663
-999.250 -999.250 -999.250 -999.250 -999.250 -999.250 -999.250 -999.250 -999.250 -999.250 -999.250 -999.250 -999.250 -999.250 -999.250 -999.250 -999.250 -999.250 -999.250 -999.250 -999.250 -999.250 -999.250 -999.250 -999.250 -999.250 -999.250 -999.250 6.255 6.516 6.340 6.742 7.912 6.211 6.685 6.639 6.162 5.149 3.466 0.881 0.000 2.290 5.365 7.477 8.515 9.289 12.253 12.145 12.730 15.376 14.836 17.092 20.267 23.749 23.646 34.906 34.422 39.558 38.710 36.621 33.434 39.070 37.144 38.081 31.457 33.079 24.059 23.840 21.537
-999.250 -999.250 -999.250 -999.250 -999.250 -999.250 -999.250 -999.250 -999.250 -999.250 -999.250 -999.250 -999.250 -999.250 -999.250 -999.250 -999.250 -999.250 -999.250 -999.250 -999.250 -999.250 -999.250 -999.250 -999.250 -999.250 -999.250 5.586 4.563 4.128 4.411 5.385 6.350 5.694 4.279 4.315 5.666 5.752 3.224 0.259 0.000 2.680 6.277 4.815 7.784 7.783 10.656 12.312 10.935 12.977 16.027 16.764 19.140 24.019 24.384 25.285 28.326 28.691 30.495 31.488 35.192 36.183 36.394 40.948 30.299 28.601 27.931 21.983 19.194
-999.250 -999.250 -999.250 -999.250 -999.250 -999.250 -999.250 -999.250 -999.250 -999.250 -999.250 -999.250 -999.250 -999.250 -999.250 -999.250 -999.250 -999.250 -999.250 -999.250 -999.250 -999.250 -999.250 -999.250 -999.250 -999.250 -999.250 4.496 3.545 1.547 0.000 3.203 4.845 6.385 5.487 4.930 5.542 4.802 3.320 2.398 2.234 4.252 5.306 5.623 8.809 6.698 9.792 8.437 10.238 14.093 15.998 18.894 17.253 19.966 22.689 28.774 22.749 27.262 31.215 32.174 28.650 32.808 35.671 34.316 25.190 24.155 22.068 19.168 18.078
-999.250 -999.250 -999.250 -999.250 -999.250 -999.250 -999.250 -999.250 -999.250 -999.250 -999.250 -999.250 -999.250 -999.250 -999.250 -999.250 -999.250 -999.250 -999.250 -999.250 -999.250 -999.250 -999.250 -999.250 -999.250 -999.250 -999.250 5.804 5.905 1.099 0.260 1.958 3.721 5.165 6.240 6.071 5.756 4.225 4.540 4.984 4.288 3.508 4.872 5.114 6.278 6.362 7.965 7.593 6.928 9.382 12.703 17.750 16.508 16.558 21.743 24.739 24.937 25.192 28.548 27.474 30.803 32.080 30.117 26.172 24.491 22.834 20.356 18.760 17.908
