data/medianmodel_08-Jan-2021.asc
ncols	141
nrows	288
xllcorner	-120191.398
yllcorner	-301404.813
cellsize	2000.000
NODATA_value	-999.250
[rows 145 to 173 of 288, columns 64 to 127 of 141]
1064.508 1170.223 1165.464 1130.761 1155.282 1203.614 1232.153 1277.452 1389.901 1482.369 1562.465 1709.735 1779.362 1974.135 2054.991 2125.743 2153.434 2260.353 1855.244 1637.415 1331.344 1083.877 830.357 690.227 532.302 426.983 373.542 -999.250 -999.250 -999.250 -999.250 -999.250 -999.250 -999.250 -999.250 -999.250 -999.250 -999.250 -999.250 -999.250 -999.250 -999.250 -999.250 -999.250 -999.250 -999.250 -999.250 -999.250 -999.250 -999.250 -999.250 -999.250 -999.250 -999.250 -999.250 -999.250 -999.250 -999.250 -999.250 -999.250 -999.250 -999.250 -999.250 -999.250
968.161 1081.201 1084.116 1133.573 1147.778 1165.569 1251.205 1295.131 1496.564 1576.643 1625.130 1780.411 1850.918 1874.601 2032.354 2098.404 2108.526 2076.876 1808.607 1643.838 1337.371 1073.827 837.215 679.231 531.680 401.402 277.364 286.554 -999.250 -999.250 -999.250 -999.250 -999.250 -999.250 -999.250 -999.250 -999.250 -999.250 -999.250 -999.250 -999.250 -999.250 -999.250 -999.250 -999.250 -999.250 -999.250 -999.250 -999.250 -999.250 -999.250 -999.250 -999.250 -999.250 -999.250 -999.250 -999.250 -999.250 -999.250 -999.250 -999.250 -999.250 -999.250 -999.250
862.940 1001.416 1061.924 1062.350 1086.662 1153.744 1231.017 1331.630 1491.112 1582.397 1699.569 1694.180 1891.149 1908.929 1946.450 2038.552 2135.266 1983.084 1779.655 1646.068 1252.239 1067.551 808.717 665.117 466.073 367.434 245.346 240.476 -999.250 -999.250 -999.250 -999.250 -999.250 -999.250 -999.250 -999.250 -999.250 -999.250 -999.250 -999.250 -999.250 -999.250 -999.250 -999.250 -999.250 -999.250 -999.250 -999.250 -999.250 -999.250 -999.250 -999.250 -999.250 -999.250 -999.250 -999.250 -999.250 -999.250 -999.250 -999.250 -999.250 -999.250 -999.250 -999.250
847.047 917.475 1041.958 1056.595 1076.037 1133.926 1265.677 1400.432 1606.972 1652.726 1767.432 1789.843 1888.637 1946.333 2068.551 1998.469 2014.427 1860.763 1766.009 1536.324 1170.393 1081.886 851.462 688.889 492.323 358.757 205.550 261.514 299.259 380.270 459.096 -999.250 -999.250 -999.250 -999.250 -999.250 -999.250 -999.250 -999.250 -999.250 -999.250 -999.250 -999.250 -999.250 -999.250 -999.250 -999.250 -999.250 -999.250 -999.250 -999.250 -999.250 -999.250 -999.250 -999.250 -999.250 -999.250 -999.250 -999.250 -999.250 -999.250 -999.250 -999.250 -999.250
799.804 842.070 1002.813 1044.389 1122.443 1163.966 1252.347 1364.975 1528.668 1642.790 1743.019 1836.287 1847.110 1972.595 1917.280 1881.408 1884.615 1819.057 1684.452 1495.757 1198.995 1060.279 790.184 687.672 548.690 438.469 330.077 345.483 384.589 431.886 476.363 496.640 -999.250 -999.250 -999.250 -999.250 -999.250 -999.250 -999.250 -999.250 -999.250 -999.250 -999.250 -999.250 -999.250 -999.250 -999.250 -999.250 -999.250 -999.250 -999.250 -999.250 -999.250 -999.250 -999.250 -999.250 -999.250 -999.250 -999.250 -999.250 -999.250 -999.250 -999.250 -999.250
779.761 834.829 912.380 1048.609 1131.329 1172.520 1265.950 1376.798 1514.591 1658.175 1688.682 1754.954 1800.863 1832.598 1920.050 1881.790 1826.018 1700.471 1611.949 1389.883 1172.361 1030.279 831.632 706.400 616.979 506.574 451.391 465.131 481.235 501.546 528.053 -999.250 -999.250 -999.250 -999.250 -999.250 -999.250 -999.250 -999.250 -999.250 -999.250 -999.250 -999.250 -999.250 -999.250 -999.250 -999.250 -999.250 -999.250 -999.250 -999.250 -999.250 -999.250 -999.250 -999.250 -999.250 -999.250 -999.250 -999.250 -999.250 -999.250 -999.250 -999.250 -999.250
783.084 835.275 930.279 1039.881 1157.636 1188.503 1273.569 1394.977 1531.572 1618.264 1625.195 1704.767 1823.558 1899.898 1928.530 1870.300 1714.264 1641.506 1513.160 1288.746 1144.468 1067.861 878.947 759.061 686.951 603.066 573.920 595.841 613.472 619.945 597.095 -999.250 -999.250 -999.250 -999.250 -999.250 -999.250 -999.250 -999.250 -999.250 -999.250 -999.250 -999.250 -999.250 -999.250 -999.250 -999.250 -999.250 -999.250 -999.250 -999.250 -999.250 -999.250 -999.250 -999.250 -999.250 -999.250 -999.250 -999.250 -999.250 -999.250 -999.250 -999.250 -999.250
777.364 839.813 967.849 1072.033 1130.334 1215.250 1291.719 1416.427 1543.568 1644.985 1654.595 1796.434 1831.874 1768.365 1965.833 2018.207 1832.868 1665.995 1472.092 1297.106 1141.465 1040.052 892.568 800.231 712.054 676.855 681.786 688.594 689.050 666.324 608.889 -999.250 -999.250 -999.250 -999.250 -999.250 -999.250 -999.250 -999.250 -999.250 -999.250 -999.250 -999.250 -999.250 -999.250 -999.250 -999.250 -999.250 -999.250 -999.250 -999.250 -999.250 -999.250 -999.250 -999.250 -999.250 -999.250 -999.250 -999.250 -999.250 -999.250 -999.250 -999.250 -999.250
733.662 850.537 932.967 1039.823 1170.477 1222.534 1326.450 1447.815 1557.449 1706.607 1799.988 1802.091 1878.263 1815.347 1798.899 1901.732 1778.872 1644.000 1408.392 1247.064 1162.449 1013.774 903.707 828.148 768.837 745.108 745.112 760.425 789.251 717.099 674.843 -999.250 -999.250 -999.250 -999.250 -999.250 -999.250 -999.250 -999.250 -999.250 -999.250 -999.250 -999.250 -999.250 -999.250 -999.250 -999.250 -999.250 -999.250 -999.250 -999.250 -999.250 -999.250 -999.250 -999.250 -999.250 -999.250 -999.250 -999.250 -999.250 -999.250 -999.250 -999.250 -999.250
724.483 830.163 997.480 1003.508 1132.937 1248.724 1345.168 1561.913 1623.304 1693.050 1785.536 1840.599 1842.028 1804.695 1886.545 1819.799 1713.615 1634.827 1422.898 1289.583 1131.737 1068.951 980.825 863.024 798.093 777.311 780.750 782.669 865.225 753.459 693.682 -999.250 -999.250 -999.250 -999.250 -999.250 -999.250 -999.250 -999.250 -999.250 -999.250 -999.250 -999.250 -999.250 -999.250 -999.250 -999.250 -999.250 -999.250 -999.250 -999.250 -999.250 -999.250 -999.250 -999.250 -999.250 -999.250 -999.250 -999.250 -999.250 -999.250 -999.250 -999.250 -999.250
728.797 813.318 941.883 1076.040 1114.560 1329.532 1463.500 1556.881 1695.649 1747.117 1785.889 1903.913 1941.691 2031.880 1929.204 1866.233 1738.133 1559.042 1428.372 1265.843 1178.931 1098.897 1022.064 875.518 798.743 752.224 734.906 745.747 740.720 712.396 666.081 -999.250 -999.250 -999.250 -999.250 -999.250 -999.250 -999.250 -999.250 -999.250 -999.250 -999.250 -999.250 -999.250 -999.250 -999.250 -999.250 -999.250 -999.250 -999.250 -999.250 -999.250 -999.250 -999.250 -999.250 -999.250 -999.250 -999.250 -999.250 -999.250 -999.250 -999.250 -999.250 -999.250
726.810 790.545 967.039 1108.991 1160.356 1263.153 1423.910 1597.479 1679.932 1702.381 1880.336 1944.148 1919.144 1982.577 1952.550 1947.419 1839.035 1734.949 1522.680 1315.225 1183.738 1142.032 987.816 870.675 819.401 730.913 708.979 683.011 660.996 629.896 606.082 556.891 -999.250 -999.250 -999.250 -999.250 -999.250 -999.250 -999.250 -999.250 -999.250 -999.250 -999.250 -999.250 -999.250 -999.250 -999.250 -999.250 -999.250 -999.250 -999.250 -999.250 -999.250 -999.250 -999.250 -999.250 -999.250 -999.250 -999.250 -999.250 -999.250 -999.250 -999.250 -999.250
701.642 768.057 879.571 1068.504 1159.356 1274.823 1412.650 1610.081 1695.018 1780.263 1854.093 2036.745 1983.215 2086.527 2010.503 2058.939 1874.319 1783.499 1586.745 1415.648 1277.521 1151.812 1036.243 919.179 820.598 710.284 628.599 596.376 575.472 518.017 523.996 473.459 450.366 -999.250 -999.250 -999.250 -999.250 -999.250 -999.250 -999.250 -999.250 -999.250 -999.250 -999.250 -999.250 -999.250 -999.250 -999.250 -999.250 -999.250 -999.250 -999.250 -999.250 -999.250 -999.250 -999.250 -999.250 -999.250 -999.250 -999.250 -999.250 -999.250 -999.250 -999.250
688.083 751.742 860.718 1004.695 1153.613 1273.017 1355.480 1588.049 1648.345 1797.762 1983.728 2067.571 2145.806 2248.097 2166.096 2191.427 2124.849 1910.241 1725.626 1470.118 1379.517 1231.495 1100.898 970.191 843.319 717.270 545.733 518.784 492.857 454.988 431.750 403.588 394.455 403.391 -999.250 -999.250 -999.250 -999.250 -999.250 -999.250 -999.250 -999.250 -999.250 -999.250 -999.250 -999.250 -999.250 -999.250 -999.250 -999.250 -999.250 -999.250 -999.250 -999.250 -999.250 -999.250 -999.250 -999.250 -999.250 -999.250 -999.250 -999.250 -999.250 -999.250
672.715 716.148 845.665 991.363 1142.113 1224.919 1384.595 1634.917 1817.196 1818.811 2130.442 2189.627 2250.309 2233.326 2322.537 2348.081 2298.862 2167.666 1977.293 1767.502 1572.375 1327.774 1212.642 1105.466 893.929 751.106 584.329 484.456 451.507 428.576 335.988 322.485 322.263 340.862 -999.250 -999.250 -999.250 -999.250 -999.250 -999.250 -999.250 -999.250 -999.250 -999.250 -999.250 -999.250 -999.250 -999.250 -999.250 -999.250 -999.250 -999.250 -999.250 -999.250 -999.250 -999.250 -999.250 -999.250 -999.250 -999.250 -999.250 -999.250 -999.250 -999.250
638.463 680.272 799.720 915.610 1090.588 1195.038 1369.371 1590.505 1662.788 1879.534 2106.895 2117.783 2297.578 2441.451 2468.327 2643.872 2683.902 2424.950 2227.579 2068.608 1785.176 1539.364 1294.968 1160.320 975.167 748.282 624.067 533.813 431.833 380.411 298.649 247.021 251.922 244.378 -999.250 -999.250 -999.250 -999.250 -999.250 -999.250 -999.250 -999.250 -999.250 -999.250 -999.250 -999.250 -999.250 -999.250 -999.250 -999.250 -999.250 -999.250 -999.250 -999.250 -999.250 -999.250 -999.250 -999.250 -999.250 -999.250 -999.250 -999.250 -999.250 -999.250
621.518 684.219 761.659 853.013 1061.194 1168.510 1335.600 1558.028 1713.420 1854.755 2126.935 2234.921 2384.240 2415.576 2810.892 2990.556 3229.638 2696.518 2755.097 2262.118 2008.182 1677.793 1445.422 1200.596 988.737 812.127 656.933 530.404 435.711 376.461 308.969 253.148 231.880 207.680 -999.250 -999.250 -999.250 -999.250 -999.250 -999.250 -999.250 -999.250 -999.250 -999.250 -999.250 -999.250 -999.250 -999.250 -999.250 -999.250 -999.250 -999.250 -999.250 -999.250 -999.250 -999.250 -999.250 -999.250 -999.250 -999.250 -999.250 -999.250 -999.250 -999.250
679.519 711.830 757.336 847.766 1037.092 1162.147 1270.508 1569.774 1674.122 1924.506 2020.090 2198.666 2358.770 2647.141 3032.904 3179.051 3349.351 3327.070 2871.011 2398.572 2021.319 1736.709 1526.641 1248.566 1086.195 837.546 682.211 561.717 432.344 295.158 298.660 224.228 201.380 179.044 -999.250 -999.250 -999.250 -999.250 -999.250 -999.250 -999.250 -999.250 -999.250 -999.250 -999.250 -999.250 -999.250 -999.250 -999.250 -999.250 -999.250 -999.250 -999.250 -999.250 -999.250 -999.250 -999.250 -999.250 -999.250 -999.250 -999.250 -999.250 -999.250 -999.250
687.479 716.071 773.539 877.241 980.952 1143.395 1179.097 1418.958 1536.886 1826.333 1859.035 2118.200 2267.972 2759.412 3025.624 3201.866 3391.027 3538.705 3156.582 2475.884 2069.860 1708.185 1472.208 1246.167 1026.116 839.534 709.726 597.939 458.313 345.841 270.700 198.470 185.669 166.082 161.995 -999.250 -999.250 -999.250 -999.250 -999.250 -999.250 -999.250 -999.250 -999.250 -999.250 -999.250 -999.250 -999.250 -999.250 -999.250 -999.250 -999.250 -999.250 -999.250 -999.250 -999.250 -999.250 -999.250 -999.250 -999.250 -999.250 -999.250 -999.250 -999.250
687.375 731.737 795.979 851.189 929.208 1125.378 1190.008 1212.572 1354.068 1555.415 1798.115 2018.218 2164.879 2292.688 2538.013 3019.465 3191.190 3091.721 2760.233 2350.630 2061.269 1698.281 1475.103 1262.123 1023.203 838.380 717.063 594.117 481.150 363.898 269.018 191.899 176.115 151.715 137.256 148.148 -999.250 -999.250 -999.250 -999.250 -999.250 -999.250 -999.250 -999.250 -999.250 -999.250 -999.250 -999.250 -999.250 -999.250 -999.250 -999.250 -999.250 -999.250 -999.250 -999.250 -999.250 -999.250 -999.250 -999.250 -999.250 -999.250 -999.250 -999.250
711.228 722.199 772.432 826.624 880.066 1025.698 1107.830 1160.194 1294.667 1555.246 1700.766 1788.794 1934.330 2170.251 2322.783 2372.245 2669.643 2485.127 2368.859 2082.917 1904.783 1685.693 1400.324 1204.028 1022.548 870.683 729.006 645.806 499.074 392.630 249.239 189.969 169.511 140.676 120.911 130.834 161.585 213.798 277.905 -999.250 -999.250 -999.250 -999.250 -999.250 -999.250 -999.250 -999.250 -999.250 -999.250 -999.250 -999.250 -999.250 -999.250 -999.250 -999.250 -999.250 -999.250 -999.250 -999.250 -999.250 -999.250 -999.250 -999.250 -999.250
715.040 729.511 738.583 773.941 832.784 980.071 1050.232 1140.901 1175.447 1277.260 1489.128 1623.424 1712.096 1878.445 1984.722 2047.453 2123.853 2163.356 2038.249 1877.522 1716.773 1609.709 1376.406 1151.521 1023.765 824.685 725.267 610.042 518.758 416.430 300.486 196.737 135.832 129.651 109.944 119.694 154.982 186.132 258.860 -999.250 -999.250 -999.250 -999.250 -999.250 -999.250 -999.250 -999.250 -999.250 -999.250 -999.250 -999.250 -999.250 -999.250 -999.250 -999.250 -999.250 -999.250 -999.250 -999.250 -999.250 -999.250 -999.250 -999.250 -999.250
715.163 718.537 735.450 775.149 787.986 850.069 872.009 994.561 1062.826 1157.841 1271.519 1439.830 1490.159 1569.301 1627.869 1652.758 1673.238 1711.627 1605.305 1583.308 1517.680 1431.333 1256.848 1111.861 971.312 823.232 699.747 617.750 523.330 438.770 332.369 224.910 157.709 121.436 106.393 99.833 137.937 200.401 -999.250 -999.250 -999.250 -999.250 -999.250 -999.250 -999.250 -999.250 -999.250 -999.250 -999.250 -999.250 -999.250 -999.250 -999.250 -999.250 -999.250 -999.250 -999.250 -999.250 -999.250 -999.250 -999.250 -999.250 -999.250 -999.250
709.161 696.351 716.239 739.927 768.829 793.234 807.193 843.525 884.945 982.926 1081.590 1127.573 1189.163 1261.648 1258.277 1246.669 1290.550 1305.316 1259.208 1231.667 1211.231 1194.881 1175.152 1055.257 930.809 808.835 719.469 690.256 562.666 468.831 384.158 292.294 186.568 131.974 106.946 123.227 151.104 221.287 -999.250 -999.250 -999.250 494.088 546.658 625.957 -999.250 -999.250 -999.250 -999.250 -999.250 -999.250 -999.250 -999.250 -999.250 -999.250 -999.250 -999.250 -999.250 -999.250 -999.250 -999.250 -999.250 -999.250 -999.250 -999.250
726.944 706.195 732.194 735.395 730.505 719.276 721.773 722.509 776.209 823.485 896.432 950.438 991.215 1004.104 973.416 925.242 927.698 1017.779 1034.964 1048.602 1056.893 1046.512 1018.232 949.630 908.468 841.949 745.408 702.847 609.998 501.195 440.881 352.215 231.965 170.452 106.383 171.671 206.174 274.615 360.867 424.314 471.070 563.466 599.127 637.808 690.131 -999.250 -999.250 -999.250 -999.250 -999.250 -999.250 -999.250 -999.250 -999.250 -999.250 -999.250 -999.250 -999.250 -999.250 -999.250 -999.250 -999.250 -999.250 -999.250
745.183 728.989 729.622 709.635 669.611 659.942 612.197 668.088 707.398 732.789 779.357 802.371 827.136 785.658 758.760 711.658 571.621 713.527 791.817 852.143 845.095 895.868 921.671 878.992 825.621 809.798 784.939 722.188 642.922 595.328 479.760 420.034 322.663 255.681 259.878 256.679 321.572 367.422 434.393 478.043 538.211 594.207 641.850 698.501 717.991 723.362 -999.250 -999.250 -999.250 -999.250 -999.250 -999.250 -999.250 -999.250 -999.250 -999.250 -999.250 -999.250 -999.250 -999.250 -999.250 -999.250 -999.250 -999.250
783.563 797.568 738.752 712.791 686.484 626.927 614.950 630.099 639.382 659.842 715.954 708.421 721.348 698.678 639.632 572.265 536.434 594.328 685.275 732.755 790.217 806.907 861.491 843.832 868.751 830.349 828.229 782.893 725.607 657.666 571.694 503.994 465.796 418.178 415.020 405.302 454.946 465.071 480.331 529.062 580.065 626.080 678.147 717.915 720.945 747.239 -999.250 -999.250 -999.250 -999.250 -999.250 -999.250 -999.250 -999.250 -999.250 -999.250 -999.250 -999.250 -999.250 -999.250 -999.250 -999.250 -999.250 -999.250
837.515 799.974 782.948 705.980 679.567 636.767 622.037 612.267 588.074 607.943 643.993 632.376 636.355 613.681 581.215 532.485 542.795 584.974 650.159 660.639 734.631 797.921 817.282 829.295 883.156 887.566 852.648 873.950 806.523 732.526 668.965 600.448 587.670 542.878 537.742 533.869 574.303 598.348 632.431 627.677 641.372 703.903 713.868 750.423 749.371 789.429 -999.250 -999.250 -999.250 -999.250 -999.250 -999.250 -999.250 -999.250 -999.250 -999.250 -999.250 -999.250 -999.250 -999.250 -999.250 -999.250 -999.250 -999.250
942.862 866.632 795.569 712.757 680.382 641.603 616.307 608.899 574.053 595.646 583.268 589.628 585.564 545.494 530.756 543.098 576.530 580.821 604.854 693.492 763.848 792.813 805.768 858.664 927.790 929.183 930.016 902.635 862.017 803.516 750.571 725.305 702.893 659.973 653.012 646.413 664.022 706.157 729.670 722.370 747.712 743.460 797.811 805.630 809.205 809.245 842.706 -999.250 -999.250 -999.250 -999.250 -999.250 -999.250 -999.250 -999.250 -999.250 -999.250 -999.250 -999.250 -999.250 -999.250 -999.250 -999.250 -999.250
