data/medianmodel_10-Jan-2021.asc
ncols	141
nrows	288
xllcorner	-120191.398
yllcorner	-301404.813
cellsize	2000.000
NODATA_value	-999.250
[rows 87 to 115 of 288, columns 0 to 63 of 141]
-999.250 -999.250 -999.250 -999.250 -999.250 -999.250 -999.250 -999.250 -999.250 -999.250 -999.250 -999.250 -999.250 -999.250 -999.250 -999.250 -999.250 -999.250 -999.250 -999.250 -999.250 -999.250 -999.250 -999.250 -999.250 -999.250 -999.250 -999.250 -999.250 -999.250 -999.250 -999.250 -999.250 767.242 734.849 707.424 704.209 675.847 660.408 669.836 698.475 729.505 797.565 836.146 890.394 921.269 991.551 1080.578 1173.507 1119.524 1074.754 1065.702 1080.212 1071.208 964.348 948.962 976.650 1019.918 1059.936 1011.453 1046.872 1092.392 1032.022 1021.881
-999.250 -999.250 -999.250 -999.250 -999.250 -999.250 -999.250 -999.250 -999.250 -999.250 -999.250 -999.250 -999.250 -999.250 -999.250 -999.250 -999.250 -999.250 -999.250 -999.250 -999.250 -999.250 -999.250 -999.250 -999.250 -999.250 -999.250 -999.250 -999.250 -999.250 -999.250 -999.250 765.705 730.425 695.570 678.819 664.257 664.052 668.071 664.685 704.226 773.168 846.588 876.677 914.299 957.981 1032.594 1072.198 1114.222 1101.999 1085.821 1055.488 1075.212 1002.927 914.370 936.940 975.281 1016.643 1055.664 1064.149 1063.700 1134.921 1075.250 1042.313
-999.250 -999.250 -999.250 -999.250 -999.250 -999.250 -999.250 -999.250 -999.250 -999.250 -999.250 -999.250 -999.250 -999.250 -999.250 -999.250 -999.250 -999.250 -999.250 -999.250 -999.250 -999.250 -999.250 -999.250 -999.250 -999.250 -999.250 -999.250 -999.250 -999.250 -999.250 -999.250 735.551 700.481 636.630 595.982 595.345 614.527 635.699 680.498 735.437 802.832 897.969 932.602 953.074 970.832 1052.501 1141.306 1140.796 1108.122 1063.199 1025.921 1001.657 1034.723 960.029 963.996 958.161 1013.119 1040.114 1086.657 1057.943 1131.613 1168.383 1132.190
-999.250 -999.250 -999.250 -999.250 -999.250 -999.250 -999.250 -999.250 -999.250 -999.250 -999.250 -999.250 -999.250 -999.250 -999.250 -999.250 -999.250 -999.250 -999.250 -999.250 -999.250 -999.250 -999.250 -999.250 -999.250 -999.250 -999.250 -999.250 -999.250 -999.250 -999.250 -999.250 710.049 642.326 599.802 580.653 571.680 619.915 657.073 685.367 777.340 842.671 911.494 937.933 989.371 1102.544 1109.333 1114.679 1119.627 1093.410 1073.595 1035.141 1011.443 987.660 944.639 949.418 952.022 954.548 986.958 1025.922 1105.155 1143.782 1195.128 1173.789
-999.250 -999.250 -999.250 -999.250 -999.250 -999.250 -999.250 -999.250 -999.250 -999.250 -999.250 -999.250 -999.250 -999.250 -999.250 -999.250 -999.250 -999.250 -999.250 -999.250 -999.250 -999.250 -999.250 -999.250 -999.250 -999.250 -999.250 -999.250 -999.250 -999.250 -999.250 -999.250 687.937 646.571 609.385 583.792 583.325 602.935 694.017 721.092 803.682 855.385 917.847 994.138 1102.229 1177.452 1196.607 1188.177 1172.780 1141.360 1089.269 1088.760 989.981 969.046 926.944 939.927 910.140 926.992 1007.687 1054.620 1065.374 1173.791 1221.506 1191.282
-999.250 -999.250 -999.250 -999.250 -999.250 -999.250 -999.250 -999.250 -999.250 -999.250 -999.250 -999.250 -999.250 -999.250 -999.250 -999.250 -999.250 -999.250 -999.250 -999.250 -999.250 -999.250 -999.250 -999.250 -999.250 -999.250 -999.250 -999.250 -999.250 -999.250 -999.250 716.169 704.191 647.054 634.112 600.704 626.333 629.516 691.545 781.492 815.948 886.358 958.164 1040.714 1113.444 1210.590 1263.337 1239.419 1195.696 1190.113 1157.132 1068.753 1011.979 945.336 891.846 907.114 904.450 916.986 957.432 983.306 1069.760 1118.720 1124.560 1148.686
-999.250 -999.250 -999.250 -999.250 -999.250 -999.250 -999.250 -999.250 -999.250 -999.250 -999.250 -999.250 -999.250 -999.250 -999.250 -999.250 -999.250 -999.250 -999.250 -999.250 -999.250 -999.250 -999.250 -999.250 -999.250 -999.250 -999.250 -999.250 -999.250 -999.250 -999.250 676.593 672.236 645.780 625.384 654.345 656.431 699.978 755.083 809.138 878.109 929.635 971.370 1146.347 1200.191 1241.756 1353.731 1294.045 1222.643 1181.731 1111.419 1068.809 1029.031 935.525 903.798 909.054 903.981 901.309 901.983 911.020 1011.845 1094.516 1103.818 1135.819
-999.250 -999.250 -999.250 -999.250 -999.250 -999.250 -999.250 -999.250 -999.250 -999.250 -999.250 -999.250 -999.250 -999.250 -999.250 -999.250 -999.250 -999.250 -999.250 -999.250 -999.250 -999.250 -999.250 -999.250 -999.250 -999.250 -999.250 -999.250 -999.250 -999.250 -999.250 643.949 665.251 659.658 695.929 708.543 712.905 754.683 817.081 848.750 911.382 967.538 1043.941 1124.458 1189.889 1291.174 1293.218 1250.761 1196.146 1190.341 1104.600 1059.000 1004.736 937.420 909.406 873.788 849.179 856.909 882.397 887.527 926.514 1028.959 1120.849 1187.222
-999.250 -999.250 -999.250 -999.250 -999.250 -999.250 -999.250 -999.250 -999.250 -999.250 -999.250 -999.250 -999.250 -999.250 -999.250 -999.250 -999.250 -999.250 -999.250 -999.250 -999.250 -999.250 -999.250 -999.250 -999.250 -999.250 -999.250 -999.250 -999.250 -999.250 -999.250 657.366 659.504 673.819 701.487 719.243 761.499 810.383 851.293 876.893 928.501 995.329 1077.561 1139.810 1197.246 1297.008 1282.998 1251.186 1225.836 1184.952 1128.666 1029.189 1012.221 935.052 913.344 874.530 858.404 807.566 785.297 822.554 893.777 985.526 1117.153 1229.693
-999.250 -999.250 -999.250 -999.250 -999.250 -999.250 -999.250 -999.250 -999.250 -999.250 -999.250 -999.250 -999.250 -999.250 -999.250 -999.250 -999.250 -999.250 -999.250 -999.250 -999.250 -999.250 -999.250 -999.250 -999.250 -999.250 -999.250 -999.250 -999.250 -999.250 635.636 658.774 665.527 701.207 734.773 755.735 793.737 859.019 893.076 917.406 965.409 1048.992 1149.578 1179.378 1185.260 1273.481 1272.265 1251.709 1218.091 1173.420 1101.238 1055.475 954.769 936.125 885.698 884.404 846.650 786.669 769.843 774.971 895.154 1064.872 1224.776 1286.512
-999.250 -999.250 -999.250 -999.250 -999.250 -999.250 -999.250 -999.250 -999.250 -999.250 -999.250 -999.250 -999.250 -999.250 -999.250 -999.250 -999.250 -999.250 -999.250 -999.250 -999.250 -999.250 -999.250 -999.250 -999.250 -999.250 -999.250 -999.250 -999.250 -999.250 652.235 634.348 659.461 694.080 741.867 785.320 833.959 880.431 912.215 953.920 1005.786 1087.060 1161.800 1166.377 1209.903 1248.929 1260.420 1226.059 1216.930 1125.198 1028.699 965.752 938.132 922.654 893.529 871.087 820.082 838.496 815.967 834.402 919.553 1120.777 1286.805 1420.726
-999.250 -999.250 -999.250 -999.250 -999.250 -999.250 -999.250 -999.250 -999.250 -999.250 -999.250 -999.250 -999.250 -999.250 -999.250 -999.250 -999.250 -999.250 -999.250 -999.250 -999.250 -999.250 -999.250 -999.250 -999.250 -999.250 -999.250 -999.250 -999.250 -999.250 608.207 627.048 648.529 655.906 761.741 787.295 838.728 856.055 897.244 993.470 1069.057 1095.108 1141.775 1188.636 1205.828 1237.575 1212.356 1176.106 1190.327 1088.312 1043.805 954.215 909.480 908.509 906.863 883.949 862.557 851.982 884.622 923.704 1044.302 1217.638 1376.957 1543.863
-999.250 -999.250 -999.250 -999.250 -999.250 -999.250 -999.250 -999.250 -999.250 -999.250 -999.250 -999.250 -999.250 -999.250 -999.250 -999.250 -999.250 -999.250 -999.250 -999.250 -999.250 -999.250 -999.250 -999.250 -999.250 -999.250 -999.250 -999.250 -999.250 -999.250 571.007 588.374 582.089 631.463 709.421 743.115 814.002 855.393 924.413 969.856 1113.936 1082.942 1052.657 1098.310 1162.630 1151.583 1127.634 1114.007 1025.158 1037.612 996.608 941.909 931.370 932.610 947.579 896.901 932.673 908.634 948.254 1032.968 1151.298 1259.634 1389.336 1496.477
-999.250 -999.250 -999.250 -999.250 -999.250 -999.250 -999.250 -999.250 -999.250 -999.250 -999.250 -999.250 -999.250 -999.250 -999.250 -999.250 -999.250 -999.250 -999.250 -999.250 -999.250 -999.250 -999.250 -999.250 -999.250 -999.250 -999.250 -999.250 -999.250 564.751 564.732 574.650 627.591 616.074 703.183 753.272 793.266 838.220 878.130 922.246 969.029 996.709 977.571 1020.056 982.557 1023.679 1093.013 1044.418 1063.442 1041.793 1028.280 1001.514 956.775 966.134 948.685 968.266 1052.943 1029.754 1088.756 1192.222 1214.381 1297.203 1400.348 1465.454
-999.250 -999.250 -999.250 -999.250 -999.250 -999.250 -999.250 -999.250 -999.250 -999.250 -999.250 -999.250 -999.250 -999.250 -999.250 -999.250 -999.250 -999.250 -999.250 -999.250 -999.250 -999.250 -999.250 -999.250 -999.250 -999.250 -999.250 -999.250 -999.250 565.966 554.526 554.278 597.290 672.512 698.229 705.652 714.855 799.224 824.482 870.605 904.541 935.959 941.920 939.247 956.138 951.211 1045.107 1030.293 1061.917 1010.616 1029.228 1037.913 1009.070 998.505 1078.932 1147.320 1186.324 1203.844 1263.423 1274.405 1306.169 1349.141 1421.562 1472.092
-999.250 -999.250 -999.250 -999.250 -999.250 -999.250 -999.250 -999.250 -999.250 -999.250 -999.250 -999.250 -999.250 -999.250 -999.250 -999.250 -999.250 -999.250 -999.250 -999.250 -999.250 -999.250 -999.250 -999.250 -999.250 -999.250 -999.250 -999.250 -999.250 536.701 558.272 576.646 587.758 616.152 623.263 640.979 678.208 714.024 762.529 790.805 838.159 879.823 886.231 871.916 908.074 934.905 967.126 988.061 1017.207 1113.222 1124.553 1175.007 1134.675 1124.580 1240.260 1330.226 1334.076 1394.750 1371.175 1415.373 1449.673 1451.378 1437.467 1434.358
-999.250 -999.250 -999.250 -999.250 -999.250 -999.250 -999.250 -999.250 -999.250 -999.250 -999.250 -999.250 -999.250 -999.250 -999.250 -999.250 -999.250 -999.250 -999.250 -999.250 -999.250 -999.250 -999.250 -999.250 -999.250 -999.250 -999.250 -999.250 -999.250 523.459 533.299 544.757 550.109 556.468 565.012 582.913 622.521 614.358 686.793 732.948 757.821 783.184 797.870 850.605 845.247 902.150 952.883 986.303 1056.823 1140.634 1220.673 1288.630 1293.629 1409.869 1503.967 1612.058 1621.323 1619.790 1561.997 1588.580 1583.251 1608.310 1521.541 1453.319
-999.250 -999.250 -999.250 -999.250 -999.250 -999.250 -999.250 -999.250 -999.250 -999.250 -999.250 -999.250 -999.250 -999.250 -999.250 -999.250 -999.250 -999.250 -999.250 -999.250 -999.250 -999.250 -999.250 -999.250 -999.250 -999.250 -999.250 -999.250 527.178 506.442 525.574 511.673 518.967 525.758 526.236 527.295 560.679 535.294 586.640 634.838 660.700 692.444 728.295 765.156 825.803 862.433 920.955 1006.373 1099.101 1199.030 1307.358 1426.191 1636.521 1756.241 1947.988 1921.755 1900.432 1856.901 1839.951 1734.492 1647.454 1639.956 1566.969 1539.961
-999.250 -999.250 -999.250 -999.250 -999.250 -999.250 -999.250 -999.250 -999.250 -999.250 -999.250 -999.250 -999.250 -999.250 -999.250 -999.250 -999.250 -999.250 -999.250 -999.250 -999.250 -999.250 -999.250 -999.250 -999.250 -999.250 -999.250 -999.250 513.410 515.675 495.820 491.768 497.133 483.213 495.765 507.396 510.833 508.432 513.420 567.333 588.063 674.968 671.888 755.569 793.636 866.896 923.483 1008.053 1153.065 1300.057 1400.074 1674.150 1976.931 2170.718 2214.729 2188.013 2138.531 2072.789 1923.552 1886.097 1716.332 1683.486 1581.642 1594.650
-999.250 -999.250 -999.250 -999.250 -999.250 -999.250 -999.250 -999.250 -999.250 -999.250 -999.250 -999.250 -999.250 -999.250 -999.250 -999.250 -999.250 -999.250 -999.250 -999.250 -999.250 -999.250 -999.250 -999.250 -999.250 -999.250 -999.250 557.643 503.243 520.567 501.805 496.147 479.422 455.573 470.353 480.173 476.817 483.620 459.880 498.037 527.479 593.869 652.277 722.010 780.545 865.585 927.625 1091.767 1222.650 1387.832 1622.519 1980.110 2204.997 2420.629 2491.678 2475.459 2360.407 2287.936 2111.550 2012.339 1901.225 1729.771 1599.026 1497.870
-999.250 -999.250 -999.250 -999.250 -999.250 -999.250 -999.250 -999.250 -999.250 -999.250 -999.250 -999.250 -999.250 -999.250 -999.250 -999.250 -999.250 -999.250 -999.250 -999.250 -999.250 -999.250 -999.250 -999.250 -999.250 -999.250 -999.250 547.264 520.266 502.545 465.845 483.851 479.511 487.798 484.596 469.362 487.833 468.771 453.235 476.304 531.979 586.546 627.515 711.278 800.925 878.321 939.748 1124.367 1235.702 1397.604 1643.270 2037.206 2260.852 2595.859 3055.195 2603.548 2349.271 2170.230 2111.966 1985.841 1840.044 1710.954 1568.646 1516.252
-999.250 -999.250 -999.250 -999.250 -999.250 -999.250 -999.250 -999.250 -999.250 -999.250 -999.250 -999.250 -999.250 -999.250 -999.250 -999.250 -999.250 -999.250 -999.250 -999.250 -999.250 -999.250 -999.250 -999.250 -999.250 -999.250 -999.250 559.713 517.022 505.474 490.849 476.958 477.920 482.314 470.118 459.348 464.792 468.860 461.807 494.196 523.584 576.881 631.777 728.917 798.582 855.680 926.813 1142.507 1261.062 1393.101 1747.207 1945.465 2140.095 2309.433 2496.982 2316.870 2191.690 2045.054 2024.843 1959.010 1888.499 1675.999 1619.955 1427.537
-999.250 -999.250 -999.250 -999.250 -999.250 -999.250 -999.250 -999.250 -999.250 -999.250 -999.250 -999.250 -999.250 -999.250 -999.250 -999.250 -999.250 -999.250 -999.250 -999.250 -999.250 -999.250 -999.250 -999.250 -999.250 -999.250 -999.250 590.901 546.391 528.614 514.069 494.882 488.182 495.828 476.766 446.624 461.346 451.641 490.445 508.289 531.619 586.334 634.614 731.355 795.805 856.791 947.472 1111.482 1219.885 1318.587 1484.697 1709.338 1956.836 1967.248 1992.741 1994.952 1881.557 1787.934 1854.247 1861.208 1820.234 1712.599 1585.736 1417.152
-999.250 -999.250 -999.250 -999.250 -999.250 -999.250 -999.250 -999.250 -999.250 -999.250 -999.250 -999.250 -999.250 -999.250 -999.250 -999.250 -999.250 -999.250 -999.250 -999.250 -999.250 -999.250 -999.250 -999.250 -999.250 -999.250 -999.250 -999.250 567.712 529.069 532.342 530.782 533.755 487.522 494.541 464.903 475.117 493.040 524.518 543.223 563.062 596.367 654.585 699.570 785.957 871.907 954.959 1065.080 1169.326 1289.043 1358.640 1470.577 1486.938 1508.784 1434.701 1500.901 1479.696 1481.726 1682.537 1833.327 1864.316 1700.983 1626.504 1424.945
-999.250 -999.250 -999.250 -999.250 -999.250 -999.250 -999.250 -999.250 -999.250 -999.250 -999.250 -999.250 -999.250 -999.250 -999.250 -999.250 -999.250 -999.250 -999.250 -999.250 -999.250 -999.250 -999.250 -999.250 -999.250 -999.250 -999.250 -999.250 567.812 554.283 564.596 553.384 548.676 509.296 508.412 488.826 496.106 511.524 518.453 574.683 614.775 607.960 693.225 759.935 823.533 847.410 922.280 996.864 1116.219 1202.125 1293.000 1332.563 1326.750 1231.487 1125.738 1068.684 1163.486 1275.616 1470.622 1682.121 1971.091 1691.718 1581.183 1330.349
-999.250 -999.250 -999.250 -999.250 -999.250 -999.250 -999.250 -999.250 -999.250 -999.250 -999.250 -999.250 -999.250 -999.250 -999.250 -999.250 -999.250 -999.250 -999.250 -999.250 -999.250 -999.250 -999.250 -999.250 -999.250 -999.250 -999.250 -999.250 584.343 584.573 568.811 581.173 551.728 527.040 535.450 543.210 564.833 561.306 576.724 592.389 634.149 672.861 731.308 776.807 831.272 860.807 905.271 956.912 1072.972 1128.301 1214.865 1244.954 1142.811 930.506 773.337 571.162 777.887 959.454 1227.691 1417.913 1570.169 1559.775 1464.914 1290.250
-999.250 -999.250 -999.250 -999.250 -999.250 -999.250 -999.250 -999.250 -999.250 -999.250 -999.250 -999.250 -999.250 -999.250 -999.250 -999.250 -999.250 -999.250 -999.250 -999.250 -999.250 -999.250 -999.250 -999.250 -999.250 -999.250 -999.250 -999.250 649.316 603.013 600.956 595.306 583.001 567.838 552.374 567.192 565.803 588.178 638.112 691.156 694.811 712.485 763.934 780.444 828.650 902.273 905.795 960.810 1018.387 1029.280 1108.298 1211.835 969.444 797.642 582.818 498.623 547.593 746.770 912.468 1151.682 1285.705 1311.661 1264.095 1235.369
-999.250 -999.250 -999.250 -999.250 -999.250 -999.250 -999.250 -999.250 -999.250 -999.250 -999.250 -999.250 -999.250 -999.250 -999.250 -999.250 -999.250 -999.250 -999.250 -999.250 -999.250 -999.250 -999.250 -999.250 -999.250 -999.250 -999.250 -999.250 696.822 631.074 638.666 581.892 595.175 575.110 571.758 589.084 603.933 622.211 676.331 717.872 750.945 754.576 783.483 809.437 850.921 865.908 893.668 890.176 902.941 957.179 961.232 957.563 845.931 676.443 534.562 451.139 446.969 559.472 734.370 925.130 1126.200 1156.803 1181.282 1135.523
-999.250 -999.250 -999.250 -999.250 -999.250 -999.250 -999.250 -999.250 -999.250 -999.250 -999.250 -999.250 -999.250 -999.250 -999.250 -999.250 -999.250 -999.250 -999.250 -999.250 -999.250 -999.250 -999.250 -999.250 -999.250 -999.250 -999.250 741.569 704.495 678.459 604.630 611.377 591.329 598.430 580.305 632.683 669.579 702.415 742.666 788.551 803.742 806.890 808.140 833.523 849.882 862.345 873.261 859.136 887.598 895.688 878.978 843.424 783.908 595.838 502.255 399.333 327.774 417.261 583.779 811.992 951.205 1072.668 1084.398 1075.001
