data/medianmodel_21-Mar-2020.asc
ncols	141
nrows	288
xllcorner	-120191.398
yllcorner	-301404.813
cellsize	2000.000
NODATA_value	-999.250
[rows 248 to 278 of 288, columns 0 to 69 of 141]
-999.250 -999.250 -999.250 -999.250 -999.250 -999.250 -999.250 -999.250 -999.250 -999.250 -999.250 -999.250 -999.250 -999.250 -999.250 -999.250 -999.250 -999.250 -999.250 -999.250 -999.250 -999.250 -999.250 -999.250 -999.250 -999.250 -999.250 -999.250 -999.250 -999.250 0.304 0.013 0.020 0.433 0.000 0.000 0.768 0.129 1.074 0.136 0.191 0.233 0.923 1.376 1.480 0.100 0.373 0.000 0.000 0.202 0.000 0.000 0.000 0.000 0.000 0.000 0.000 0.000 0.000 0.000 0.000 0.000 0.000 0.000 0.000 0.018 0.310 1.485 1.156 2.292
-999.250 -999.250 -999.250 -999.250 -999.250 -999.250 -999.250 -999.250 -999.250 -999.250 -999.250 -999.250 -999.250 -999.250 -999.250 -999.250 -999.250 -999.250 -999.250 -999.250 -999.250 -999.250 -999.250 -999.250 -999.250 -999.250 -999.250 -999.250 -999.250 -999.250 0.000 0.639 1.016 0.000 0.364 0.000 0.026 0.000 0.000 0.000 0.000 0.000 1.574 2.245 0.826 0.778 0.321 1.024 0.637 0.730 0.000 0.053 0.000 0.000 0.000 0.000 0.000 0.000 0.000 0.000 0.000 0.000 0.000 0.000 0.000 0.586 0.013 0.000 1.009 0.860
-999.250 -999.250 -999.250 -999.250 -999.250 -999.250 -999.250 -999.250 -999.250 -999.250 -999.250 -999.250 -999.250 -999.250 -999.250 -999.250 -999.250 -999.250 -999.250 -999.250 -999.250 -999.250 -999.250 -999.250 -999.250 -999.250 -999.250 -999.250 -999.250 -999.250 1.457 1.151 0.000 0.701 1.533 0.410 0.000 0.000 0.000 0.000 0.000 0.000 0.287 0.333 0.188 0.208 0.073 0.790 0.131 0.726 0.377 0.000 0.000 0.000 0.000 0.000 0.000 0.000 0.000 0.000 0.000 0.000 0.000 0.000 0.000 0.000 0.059 0.784 0.000 0.833
-999.250 -999.250 -999.250 -999.250 -999.250 -999.250 -999.250 -999.250 -999.250 -999.250 -999.250 -999.250 -999.250 -999.250 -999.250 -999.250 -999.250 -999.250 -999.250 -999.250 -999.250 -999.250 -999.250 -999.250 -999.250 -999.250 -999.250 -999.250 -999.250 -999.250 0.690 0.257 2.401 1.031 0.850 0.130 0.000 0.000 0.000 0.000 0.000 0.000 0.000 1.526 0.052 0.058 0.048 0.791 0.111 0.793 0.747 0.041 0.000 0.038 0.000 0.000 0.000 0.000 0.000 0.000 0.032 0.000 0.000 0.000 0.110 0.000 0.000 0.000 1.083 0.313
-999.250 -999.250 -999.250 -999.250 -999.250 -999.250 -999.250 -999.250 -999.250 -999.250 -999.250 -999.250 -999.250 -999.250 -999.250 -999.250 -999.250 -999.250 -999.250 -999.250 -999.250 -999.250 -999.250 -999.250 -999.250 -999.250 -999.250 -999.250 -999.250 0.122 0.705 0.000 1.362 0.718 0.808 0.000 0.000 0.000 0.000 0.000 0.000 0.173 0.000 0.218 0.000 0.000 0.642 0.859 0.081 0.681 0.177 0.704 0.620 1.120 0.000 0.000 0.000 0.000 0.000 0.000 0.059 0.000 0.000 0.000 0.000 0.000 0.000 0.000 1.283 0.883
-999.250 -999.250 -999.250 -999.250 -999.250 -999.250 -999.250 -999.250 -999.250 -999.250 -999.250 -999.250 -999.250 -999.250 -999.250 -999.250 -999.250 -999.250 -999.250 -999.250 -999.250 -999.250 -999.250 -999.250 -999.250 -999.250 -999.250 -999.250 -999.250 -999.250 0.000 0.829 0.458 0.772 0.000 0.000 0.000 0.000 0.000 0.000 0.000 0.421 0.000 0.000 0.577 0.000 0.219 0.977 0.317 0.000 0.205 0.416 0.846 0.800 0.461 0.000 0.000 0.000 0.000 0.000 0.000 0.000 0.000 0.000 0.000 0.000 0.000 0.000 0.000 0.035
-999.250 -999.250 -999.250 -999.250 -999.250 -999.250 -999.250 -999.250 -999.250 -999.250 -999.250 -999.250 -999.250 -999.250 -999.250 -999.250 -999.250 -999.250 -999.250 -999.250 -999.250 -999.250 -999.250 -999.250 -999.250 -999.250 -999.250 -999.250 -999.250 -999.250 0.352 1.487 1.508 1.748 0.302 0.000 0.000 0.000 0.000 0.000 0.000 0.000 0.026 0.000 0.613 0.216 0.869 0.550 0.801 0.000 0.000 0.004 0.114 0.498 0.095 0.000 0.000 0.000 0.000 0.000 0.000 0.000 0.000 0.000 0.000 0.000 0.000 0.029 0.000 0.000
-999.250 -999.250 -999.250 -999.250 -999.250 -999.250 -999.250 -999.250 -999.250 -999.250 -999.250 -999.250 -999.250 -999.250 -999.250 -999.250 -999.250 -999.250 -999.250 -999.250 -999.250 -999.250 -999.250 -999.250 -999.250 -999.250 -999.250 -999.250 -999.250 -999.250 -999.250 1.386 0.734 0.238 0.433 0.000 0.000 0.000 0.000 0.000 0.000 0.000 0.000 0.000 0.000 0.000 0.000 0.470 0.538 0.000 2.058 0.750 0.134 0.299 0.669 0.000 0.000 0.000 0.000 0.000 0.000 0.000 0.000 0.000 0.000 0.000 0.000 0.027 0.060 0.714
-999.250 -999.250 -999.250 -999.250 -999.250 -999.250 -999.250 -999.250 -999.250 -999.250 -999.250 -999.250 -999.250 -999.250 -999.250 -999.250 -999.250 -999.250 -999.250 -999.250 -999.250 -999.250 -999.250 -999.250 -999.250 -999.250 -999.250 -999.250 -999.250 -999.250 -999.250 0.969 0.118 1.356 0.000 0.000 0.000 0.000 0.000 0.000 0.000 0.000 0.000 0.000 0.001 0.000 0.000 0.657 0.000 0.089 0.463 0.613 0.742 1.581 0.209 0.021 0.483 0.000 0.000 0.000 0.000 0.000 0.000 0.000 0.000 0.000 0.000 0.000 0.280 0.480
-999.250 -999.250 -999.250 -999.250 -999.250 -999.250 -999.250 -999.250 -999.250 -999.250 -999.250 -999.250 -999.250 -999.250 -999.250 -999.250 -999.250 -999.250 -999.250 -999.250 -999.250 -999.250 -999.250 -999.250 -999.250 -999.250 -999.250 -999.250 -999.250 -999.250 0.073 0.000 0.000 0.000 0.000 0.000 0.000 0.000 0.000 0.000 0.000 0.000 0.000 0.000 0.000 0.000 0.000 0.000 0.027 0.154 2.284 1.522 1.088 0.834 0.430 0.254 0.000 0.000 0.440 0.000 0.000 0.170 0.000 0.000 0.000 0.000 0.000 0.000 0.694 0.828
-999.250 -999.250 -999.250 -999.250 -999.250 -999.250 -999.250 -999.250 -999.250 -999.250 -999.250 -999.250 -999.250 -999.250 -999.250 -999.250 -999.250 -999.250 -999.250 -999.250 -999.250 -999.250 -999.250 -999.250 -999.250 -999.250 -999.250 -999.250 -999.250 -999.250 0.000 0.000 0.000 0.000 0.000 0.000 0.000 0.000 0.000 0.000 0.000 0.000 0.000 0.000 0.000 0.000 0.000 1.016 1.145 0.000 1.544 0.941 1.130 1.605 0.000 0.821 0.346 0.522 0.000 0.206 0.142 0.480 0.000 0.000 0.000 0.000 0.000 0.174 0.740 0.756
-999.250 -999.250 -999.250 -999.250 -999.250 -999.250 -999.250 -999.250 -999.250 -999.250 -999.250 -999.250 -999.250 -999.250 -999.250 -999.250 -999.250 -999.250 -999.250 -999.250 -999.250 -999.250 -999.250 -999.250 -999.250 -999.250 -999.250 -999.250 -999.250 -999.250 0.000 0.000 0.000 0.000 0.000 0.000 0.000 0.000 0.000 0.000 0.000 0.000 0.000 0.000 0.000 0.053 0.002 1.095 0.850 0.783 2.325 2.370 1.894 1.845 1.393 0.434 1.221 0.402 0.283 0.000 0.013 0.000 0.197 0.126 0.000 0.000 0.190 0.875 0.870 1.474
-999.250 -999.250 -999.250 -999.250 -999.250 -999.250 -999.250 -999.250 -999.250 -999.250 -999.250 -999.250 -999.250 -999.250 -999.250 -999.250 -999.250 -999.250 -999.250 -999.250 -999.250 -999.250 -999.250 -999.250 -999.250 -999.250 -999.250 -999.250 -999.250 -999.250 0.000 0.000 0.000 0.000 0.000 0.000 0.000 0.000 0.000 0.000 0.000 0.000 0.000 0.000 0.042 0.806 0.205 1.331 0.895 1.654 2.267 2.758 2.508 1.816 1.829 2.298 1.035 1.129 2.119 2.335 0.175 1.096 1.528 1.468 0.985 0.760 0.574 1.629 1.613 1.771
-999.250 -999.250 -999.250 -999.250 -999.250 -999.250 -999.250 -999.250 -999.250 -999.250 -999.250 -999.250 -999.250 -999.250 -999.250 -999.250 -999.250 -999.250 -999.250 -999.250 -999.250 -999.250 -999.250 -999.250 -999.250 -999.250 -999.250 -999.250 -999.250 -999.250 0.000 0.000 0.000 0.000 0.000 0.000 0.000 0.000 0.000 0.000 0.000 0.000 0.000 0.000 0.000 0.000 0.845 0.621 0.512 1.214 1.657 2.086 2.411 2.621 3.649 1.980 2.573 2.229 3.288 2.577 1.739 0.976 1.590 1.420 1.175 1.395 0.231 1.771 1.056 3.410
-999.250 -999.250 -999.250 -999.250 -999.250 -999.250 -999.250 -999.250 -999.250 -999.250 -999.250 -999.250 -999.250 -999.250 -999.250 -999.250 -999.250 -999.250 -999.250 -999.250 -999.250 -999.250 -999.250 -999.250 -999.250 -999.250 -999.250 -999.250 -999.250 -999.250 0.000 0.000 0.000 0.000 0.000 0.000 0.000 0.000 0.000 0.000 0.000 0.000 0.000 0.000 0.000 0.138 0.000 0.181 0.748 0.963 1.766 0.610 1.543 2.544 2.836 3.094 3.353 3.218 2.920 1.796 1.961 1.806 1.234 1.617 1.121 1.869 1.675 2.461 2.264 3.546
-999.250 -999.250 -999.250 -999.250 -999.250 -999.250 -999.250 -999.250 -999.250 -999.250 -999.250 -999.250 -999.250 -999.250 -999.250 -999.250 -999.250 -999.250 -999.250 -999.250 -999.250 -999.250 -999.250 -999.250 -999.250 -999.250 -999.250 -999.250 -999.250 0.000 0.000 0.000 0.000 0.000 0.000 0.000 0.000 0.000 0.000 0.000 0.000 0.000 0.000 0.000 0.000 0.000 0.872 0.000 1.425 1.228 2.287 2.430 2.090 2.166 2.333 2.371 3.267 3.280 2.487 2.644 2.340 2.337 1.987 1.776 2.310 2.079 1.653 2.548 2.759 2.446
-999.250 -999.250 -999.250 -999.250 -999.250 -999.250 -999.250 -999.250 -999.250 -999.250 -999.250 -999.250 -999.250 -999.250 -999.250 -999.250 -999.250 -999.250 -999.250 -999.250 -999.250 -999.250 -999.250 -999.250 -999.250 -999.250 -999.250 -999.250 -999.250 0.000 0.000 0.000 0.000 0.000 0.000 0.000 0.000 0.000 0.000 0.000 0.000 0.000 0.000 0.000 0.000 0.762 2.681 1.178 1.086 1.297 2.282 2.066 3.355 1.978 1.335 3.252 3.992 2.802 2.288 3.040 3.228 3.017 2.384 2.084 3.274 1.454 2.682 3.041 2.654 2.046
-999.250 -999.250 -999.250 -999.250 -999.250 -999.250 -999.250 -999.250 -999.250 -999.250 -999.250 -999.250 -999.250 -999.250 -999.250 -999.250 -999.250 -999.250 -999.250 -999.250 -999.250 -999.250 -999.250 -999.250 -999.250 -999.250 -999.250 -999.250 0.000 0.000 0.000 0.000 0.000 0.000 0.000 0.000 0.000 0.000 0.000 0.000 0.000 0.000 0.000 0.000 0.000 0.341 2.697 1.960 0.830 2.622 3.521 3.118 2.792 1.724 2.591 2.495 4.182 2.495 3.483 2.530 1.877 2.145 4.199 3.015 2.882 3.232 3.447 3.762 2.557 3.277
-999.250 -999.250 -999.250 -999.250 -999.250 -999.250 -999.250 -999.250 -999.250 -999.250 -999.250 -999.250 -999.250 -999.250 -999.250 -999.250 -999.250 -999.250 -999.250 -999.250 -999.250 -999.250 -999.250 -999.250 -999.250 -999.250 -999.250 -999.250 0.000 0.000 0.000 0.000 0.000 0.000 0.000 0.000 0.270 0.000 0.000 0.000 0.000 0.000 0.000 0.089 0.000 2.215 2.997 2.610 2.370 2.478 1.057 3.773 4.090 3.318 2.157 3.575 3.524 4.174 2.426 3.046 3.425 3.237 3.401 4.132 4.363 3.774 3.924 3.823 1.437 2.156
-999.250 -999.250 -999.250 -999.250 -999.250 -999.250 -999.250 -999.250 -999.250 -999.250 -999.250 -999.250 -999.250 -999.250 -999.250 -999.250 -999.250 -999.250 -999.250 -999.250 -999.250 -999.250 -999.250 -999.250 -999.250 -999.250 -999.250 0.000 0.000 0.000 0.000 0.000 0.000 0.000 0.000 0.000 1.427 0.187 0.000 0.000 0.000 0.000 0.563 1.570 1.577 2.337 2.793 3.660 3.460 3.001 1.369 2.821 3.088 4.915 1.944 4.179 3.457 3.787 3.155 4.180 2.678 3.251 3.992 3.513 4.246 2.541 1.747 2.237 2.888 1.016
-999.250 -999.250 -999.250 -999.250 -999.250 -999.250 -999.250 -999.250 -999.250 -999.250 -999.250 -999.250 -999.250 -999.250 -999.250 -999.250 -999.250 -999.250 -999.250 -999.250 -999.250 -999.250 -999.250 -999.250 -999.250 -999.250 -999.250 0.000 0.000 0.000 0.000 0.000 0.000 0.000 0.057 1.752 2.083 1.410 0.488 0.000 0.000 1.708 0.980 3.167 3.016 3.251 4.194 2.897 3.685 2.944 3.745 2.946 3.917 4.751 3.615 2.924 3.323 3.759 4.859 4.661 2.394 4.056 4.801 4.274 3.284 1.488 1.454 1.143 0.931 1.812
-999.250 -999.250 -999.250 -999.250 -999.250 -999.250 -999.250 -999.250 -999.250 -999.250 -999.250 -999.250 -999.250 -999.250 -999.250 -999.250 -999.250 -999.250 -999.250 -999.250 -999.250 -999.250 -999.250 -999.250 -999.250 -999.250 -999.250 0.000 0.000 0.000 0.000 0.000 0.000 0.306 0.941 1.843 2.025 2.125 2.892 1.464 2.593 2.974 3.991 3.670 3.371 4.961 4.067 3.615 3.755 4.240 4.730 3.994 4.015 4.673 4.189 4.429 4.453 4.427 5.608 4.198 4.091 3.556 4.236 4.007 3.777 2.813 2.282 2.636 2.696 1.852
-999.250 -999.250 -999.250 -999.250 -999.250 -999.250 -999.250 -999.250 -999.250 -999.250 -999.250 -999.250 -999.250 -999.250 -999.250 -999.250 -999.250 -999.250 -999.250 -999.250 -999.250 -999.250 -999.250 -999.250 -999.250 -999.250 -999.250 0.000 0.000 0.000 0.000 0.000 0.000 1.721 1.321 2.661 3.092 2.511 1.694 2.559 3.747 4.805 4.457 4.995 5.246 5.114 5.502 4.967 5.242 6.549 5.751 4.646 5.987 4.787 5.248 5.312 5.307 5.524 5.379 4.520 4.393 3.308 3.681 5.066 4.237 3.200 2.452 1.825 1.402 0.889
-999.250 -999.250 -999.250 -999.250 -999.250 -999.250 -999.250 -999.250 -999.250 -999.250 -999.250 -999.250 -999.250 -999.250 -999.250 -999.250 -999.250 -999.250 -999.250 -999.250 -999.250 -999.250 -999.250 -999.250 -999.250 -999.250 -999.250 0.000 0.000 0.000 0.000 0.000 0.611 1.922 1.505 3.276 4.335 3.922 4.539 5.687 5.542 6.298 6.261 5.943 6.384 7.400 6.663 5.583 4.994 6.505 5.693 6.080 6.133 5.060 4.593 4.562 4.799 4.843 4.390 5.682 5.887 3.793 3.108 4.134 3.308 2.001 1.808 1.720 1.102 2.158
-999.250 -999.250 -999.250 -999.250 -999.250 -999.250 -999.250 -999.250 -999.250 -999.250 -999.250 -999.250 -999.250 -999.250 -999.250 -999.250 -999.250 -999.250 -999.250 -999.250 -999.250 -999.250 -999.250 -999.250 -999.250 -999.250 -999.250 0.000 0.000 0.000 0.000 0.384 1.823 3.034 2.732 4.000 5.606 6.548 5.483 5.711 6.598 6.911 7.280 6.808 7.111 7.654 6.862 6.748 7.175 6.352 5.770 6.718 5.744 5.192 3.765 5.934 4.677 4.734 5.082 6.233 4.852 3.899 4.802 5.753 5.172 3.870 3.268 2.880 2.585 0.883
-999.250 -999.250 -999.250 -999.250 -999.250 -999.250 -999.250 -999.250 -999.250 -999.250 -999.250 -999.250 -999.250 -999.250 -999.250 -999.250 -999.250 -999.250 -999.250 -999.250 -999.250 -999.250 -999.250 -999.250 -999.250 -999.250 0.000 0.000 0.000 0.000 0.144 1.939 2.658 4.262 5.100 4.442 5.624 6.337 6.333 5.828 6.417 7.297 8.108 7.081 7.053 6.696 6.134 6.997 6.500 6.790 6.710 6.353 5.203 5.695 5.308 5.667 5.538 6.285 6.494 6.824 5.847 4.968 5.310 5.284 5.348 5.083 4.406 3.961 1.877 0.621
-999.250 -999.250 -999.250 -999.250 -999.250 -999.250 -999.250 -999.250 -999.250 -999.250 -999.250 -999.250 -999.250 -999.250 -999.250 -999.250 -999.250 -999.250 -999.250 -999.250 -999.250 -999.250 -999.250 -999.250 -999.250 -999.250 0.000 0.000 0.000 0.166 0.889 2.673 2.953 4.226 4.158 4.772 4.790 5.839 7.652 8.189 8.535 9.517 9.907 8.785 8.651 7.634 6.554 5.959 7.024 6.883 6.320 6.234 6.108 4.917 5.546 6.699 6.544 7.045 6.969 7.128 5.941 6.475 6.891 6.137 5.972 5.296 4.622 4.055 2.309 1.287
-999.250 -999.250 -999.250 -999.250 -999.250 -999.250 -999.250 -999.250 -999.250 -999.250 -999.250 -999.250 -999.250 -999.250 -999.250 -999.250 -999.250 -999.250 -999.250 -999.250 -999.250 -999.250 -999.250 -999.250 -999.250 0.000 0.000 0.000 0.000 0.092 1.788 2.569 2.203 3.196 4.163 4.767 5.312 6.451 8.279 7.897 9.999 12.617 11.775 10.966 10.116 9.624 7.127 6.389 7.327 6.474 5.483 5.384 6.412 5.221 5.574 6.357 6.399 7.457 7.821 9.570 8.039 6.558 7.030 7.146 6.536 6.264 4.597 4.008 3.627 2.397
-999.250 -999.250 -999.250 -999.250 -999.250 -999.250 -999.250 -999.250 -999.250 -999.250 -999.250 -999.250 -999.250 -999.250 -999.250 -999.250 -999.250 -999.250 -999.250 -999.250 -999.250 -999.250 -999.250 -999.250 -999.250 0.000 0.000 0.000 0.000 0.601 1.058 1.792 2.779 2.876 3.006 6.032 5.565 5.813 7.919 9.267 10.369 12.160 11.677 11.058 9.887 10.046 7.627 6.949 7.252 6.600 5.490 6.153 6.694 6.670 6.055 6.662 6.622 7.092 8.589 7.940 8.949 9.470 9.791 8.482 6.643 7.779 6.589 5.457 4.733 2.404
-999.250 -999.250 -999.250 -999.250 -999.250 -999.250 -999.250 -999.250 -999.250 -999.250 -999.250 -999.250 -999.250 -999.250 -999.250 -999.250 -999.250 -999.250 -999.250 -999.250 -999.250 -999.250 -999.250 -999.250 -999.250 0.000 0.000 0.000 0.000 0.307 0.227 2.167 2.940 2.667 1.896 3.596 4.401 4.124 7.224 9.734 9.693 10.913 11.392 10.977 11.179 11.341 10.476 9.169 7.373 6.390 5.521 6.019 6.840 7.004 7.355 6.440 7.394 8.323 9.252 9.751 9.480 9.928 11.645 10.148 9.561 9.072 7.382 7.343 6.288 4.463
-999.250 -999.250 -999.250 -999.250 -999.250 -999.250 -999.250 -999.250 -999.250 -999.250 -999.250 -999.250 -999.250 -999.250 -999.250 -999.250 -999.250 -999.250 -999.250 -999.250 -999.250 -999.250 -999.250 -999.250 0.000 0.000 0.000 0.000 0.000 0.000 0.001 1.518 2.943 2.622 3.000 3.290 4.702 5.119 5.159 8.391 8.683 10.282 9.399 11.332 12.309 11.683 13.180 10.149 8.058 6.874 5.884 7.420 6.980 7.611 7.333 8.693 7.886 10.075 9.372 10.961 10.552 12.617 10.790 11.036 10.386 9.317 11.013 7.869 7.243 6.098
