data/medianmodel_12-Nov-2020.asc
ncols	141
nrows	288
xllcorner	-120191.398
yllcorner	-301404.813
cellsize	2000.000
NODATA_value	-999.250
[rows 145 to 173 of 288, columns 65 to 129 of 141]
187.632 202.551 220.701 213.416 224.313 224.170 255.612 256.293 263.035 258.716 257.786 256.837 264.318 237.321 226.346 204.267 164.989 181.768 176.612 158.125 139.770 128.844 115.999 92.281 89.757 88.366 -999.250 -999.250 -999.250 -999.250 -999.250 -999.250 -999.250 -999.250 -999.250 -999.250 -999.250 -999.250 -999.250 -999.250 -999.250 -999.250 -999.250 -999.250 -999.250 -999.250 -999.250 -999.250 -999.250 -999.250 -999.250 -999.250 -999.250 -999.250 -999.250 -999.250 -999.250 -999.250 -999.250 -999.250 -999.250 -999.250 -999.250 -999.250 -999.250
209.116 211.819 209.748 212.156 215.751 216.261 234.571 236.355 261.814 252.011 262.294 250.794 252.108 250.091 234.077 227.611 202.659 194.562 175.997 153.616 141.180 146.671 108.723 83.281 81.158 73.226 76.440 -999.250 -999.250 -999.250 -999.250 -999.250 -999.250 -999.250 -999.250 -999.250 -999.250 -999.250 -999.250 -999.250 -999.250 -999.250 -999.250 -999.250 -999.250 -999.250 -999.250 -999.250 -999.250 -999.250 -999.250 -999.250 -999.250 -999.250 -999.250 -999.250 -999.250 -999.250 -999.250 -999.250 -999.250 -999.250 -999.250 -999.250 -999.250
226.525 224.868 224.768 206.440 206.981 230.939 253.491 255.931 278.027 274.341 270.471 259.791 262.199 262.947 239.601 231.593 216.740 203.058 187.196 176.151 161.038 134.236 110.263 94.952 68.745 55.320 72.085 -999.250 -999.250 -999.250 -999.250 -999.250 -999.250 -999.250 -999.250 -999.250 -999.250 -999.250 -999.250 -999.250 -999.250 -999.250 -999.250 -999.250 -999.250 -999.250 -999.250 -999.250 -999.250 -999.250 -999.250 -999.250 -999.250 -999.250 -999.250 -999.250 -999.250 -999.250 -999.250 -999.250 -999.250 -999.250 -999.250 -999.250 -999.250
254.524 227.479 233.912 216.519 183.880 221.768 245.792 277.384 284.616 290.371 282.148 255.406 281.349 280.026 253.592 250.989 240.062 222.600 204.451 196.679 187.461 163.866 124.076 107.548 71.818 34.258 62.931 94.870 109.583 127.235 -999.250 -999.250 -999.250 -999.250 -999.250 -999.250 -999.250 -999.250 -999.250 -999.250 -999.250 -999.250 -999.250 -999.250 -999.250 -999.250 -999.250 -999.250 -999.250 -999.250 -999.250 -999.250 -999.250 -999.250 -999.250 -999.250 -999.250 -999.250 -999.250 -999.250 -999.250 -999.250 -999.250 -999.250 -999.250
269.832 251.162 233.899 238.861 233.375 237.887 245.475 270.385 279.437 282.549 275.469 299.169 285.314 268.240 271.978 286.253 264.084 259.593 230.537 216.937 230.684 198.437 161.311 126.109 100.269 82.639 87.780 116.440 123.211 149.661 165.092 -999.250 -999.250 -999.250 -999.250 -999.250 -999.250 -999.250 -999.250 -999.250 -999.250 -999.250 -999.250 -999.250 -999.250 -999.250 -999.250 -999.250 -999.250 -999.250 -999.250 -999.250 -999.250 -999.250 -999.250 -999.250 -999.250 -999.250 -999.250 -999.250 -999.250 -999.250 -999.250 -999.250 -999.250
292.627 265.726 260.793 271.379 245.189 264.176 268.521 272.127 285.670 282.092 285.233 285.509 295.049 300.022 287.533 273.460 253.463 260.813 242.253 230.490 212.691 203.841 186.485 158.672 131.787 114.103 121.454 129.387 142.058 139.255 -999.250 -999.250 -999.250 -999.250 -999.250 -999.250 -999.250 -999.250 -999.250 -999.250 -999.250 -999.250 -999.250 -999.250 -999.250 -999.250 -999.250 -999.250 -999.250 -999.250 -999.250 -999.250 -999.250 -999.250 -999.250 -999.250 -999.250 -999.250 -999.250 -999.250 -999.250 -999.250 -999.250 -999.250 -999.250
350.552 311.678 289.777 281.133 260.651 243.801 296.261 277.856 282.278 310.456 315.194 339.483 346.373 350.310 313.234 304.885 291.253 269.221 284.694 243.702 246.449 224.861 203.887 187.963 178.365 165.138 132.146 141.104 155.539 173.838 -999.250 -999.250 -999.250 -999.250 -999.250 -999.250 -999.250 -999.250 -999.250 -999.250 -999.250 -999.250 -999.250 -999.250 -999.250 -999.250 -999.250 -999.250 -999.250 -999.250 -999.250 -999.250 -999.250 -999.250 -999.250 -999.250 -999.250 -999.250 -999.250 -999.250 -999.250 -999.250 -999.250 -999.250 -999.250
351.533 326.036 310.120 307.321 274.927 279.779 274.224 282.476 303.265 308.090 327.476 354.634 348.358 362.448 351.634 321.587 331.749 323.889 302.603 272.142 264.567 245.626 231.268 213.352 204.646 197.740 170.938 149.065 160.360 170.089 -999.250 -999.250 -999.250 -999.250 -999.250 -999.250 -999.250 -999.250 -999.250 -999.250 -999.250 -999.250 -999.250 -999.250 -999.250 -999.250 -999.250 -999.250 -999.250 -999.250 -999.250 -999.250 -999.250 -999.250 -999.250 -999.250 -999.250 -999.250 -999.250 -999.250 -999.250 -999.250 -999.250 -999.250 -999.250
346.740 330.545 306.659 294.837 272.878 307.386 295.124 301.168 309.199 332.890 357.422 343.634 345.032 376.170 370.030 390.831 363.042 357.984 299.655 321.517 279.644 260.375 272.746 257.710 235.814 207.389 177.792 133.940 145.962 179.018 -999.250 -999.250 -999.250 -999.250 -999.250 -999.250 -999.250 -999.250 -999.250 -999.250 -999.250 -999.250 -999.250 -999.250 -999.250 -999.250 -999.250 -999.250 -999.250 -999.250 -999.250 -999.250 -999.250 -999.250 -999.250 -999.250 -999.250 -999.250 -999.250 -999.250 -999.250 -999.250 -999.250 -999.250 -999.250
364.646 355.074 325.765 289.330 279.354 300.692 332.299 346.150 347.160 341.948 354.323 356.524 378.189 374.774 403.757 418.492 367.511 343.667 351.926 366.709 304.213 320.020 292.853 276.481 259.805 230.526 197.511 133.112 157.963 183.361 -999.250 -999.250 -999.250 -999.250 -999.250 -999.250 -999.250 -999.250 -999.250 -999.250 -999.250 -999.250 -999.250 -999.250 -999.250 -999.250 -999.250 -999.250 -999.250 -999.250 -999.250 -999.250 -999.250 -999.250 -999.250 -999.250 -999.250 -999.250 -999.250 -999.250 -999.250 -999.250 -999.250 -999.250 -999.250
352.135 335.802 324.040 289.445 316.752 304.125 326.625 353.362 347.400 318.258 387.518 360.108 387.857 375.321 402.162 393.032 379.252 375.076 387.328 381.342 361.665 330.527 323.798 321.557 313.251 271.785 240.811 222.614 203.675 210.738 -999.250 -999.250 -999.250 -999.250 -999.250 -999.250 -999.250 -999.250 -999.250 -999.250 -999.250 -999.250 -999.250 -999.250 -999.250 -999.250 -999.250 -999.250 -999.250 -999.250 -999.250 -999.250 -999.250 -999.250 -999.250 -999.250 -999.250 -999.250 -999.250 -999.250 -999.250 -999.250 -999.250 -999.250 -999.250
371.338 361.629 319.220 334.218 324.002 317.095 322.404 314.956 325.231 352.069 394.548 360.466 370.276 388.686 411.129 410.090 409.318 421.230 420.648 414.425 405.189 377.155 381.688 346.005 332.912 315.612 274.902 289.585 259.628 241.303 227.392 -999.250 -999.250 -999.250 -999.250 -999.250 -999.250 -999.250 -999.250 -999.250 -999.250 -999.250 -999.250 -999.250 -999.250 -999.250 -999.250 -999.250 -999.250 -999.250 -999.250 -999.250 -999.250 -999.250 -999.250 -999.250 -999.250 -999.250 -999.250 -999.250 -999.250 -999.250 -999.250 -999.250 -999.250
379.494 367.760 387.162 355.049 363.487 314.500 323.911 346.937 333.584 353.096 363.838 356.290 372.606 390.032 395.597 399.732 375.482 428.032 435.936 458.278 444.155 425.303 403.242 379.128 360.159 361.074 330.255 298.108 288.093 270.217 249.208 278.564 -999.250 -999.250 -999.250 -999.250 -999.250 -999.250 -999.250 -999.250 -999.250 -999.250 -999.250 -999.250 -999.250 -999.250 -999.250 -999.250 -999.250 -999.250 -999.250 -999.250 -999.250 -999.250 -999.250 -999.250 -999.250 -999.250 -999.250 -999.250 -999.250 -999.250 -999.250 -999.250 -999.250
366.871 356.374 362.183 347.930 322.016 310.259 315.578 332.971 315.694 316.408 353.480 367.436 344.419 367.426 411.776 401.214 418.317 432.716 447.427 430.974 440.893 420.127 402.546 410.279 423.666 387.877 372.349 353.170 334.930 291.501 282.683 316.361 341.890 -999.250 -999.250 -999.250 -999.250 -999.250 -999.250 -999.250 -999.250 -999.250 -999.250 -999.250 -999.250 -999.250 -999.250 -999.250 -999.250 -999.250 -999.250 -999.250 -999.250 -999.250 -999.250 -999.250 -999.250 -999.250 -999.250 -999.250 -999.250 -999.250 -999.250 -999.250 -999.250
353.686 350.037 341.025 348.183 318.632 341.269 297.855 299.363 286.684 327.324 336.116 320.792 348.568 376.520 368.758 345.885 399.618 428.931 428.125 449.453 459.873 430.037 403.463 400.775 444.242 422.149 406.228 388.082 384.915 355.319 366.319 362.479 338.245 -999.250 -999.250 -999.250 -999.250 -999.250 -999.250 -999.250 -999.250 -999.250 -999.250 -999.250 -999.250 -999.250 -999.250 -999.250 -999.250 -999.250 -999.250 -999.250 -999.250 -999.250 -999.250 -999.250 -999.250 -999.250 -999.250 -999.250 -999.250 -999.250 -999.250 -999.250 -999.250
306.789 314.652 320.164 321.386 296.668 280.284 298.383 290.186 312.399 295.794 289.269 325.596 315.655 347.257 329.868 322.723 362.608 416.994 439.445 435.306 450.412 467.226 461.934 450.858 453.753 457.089 450.800 423.437 386.343 411.549 398.147 362.539 368.672 -999.250 -999.250 -999.250 -999.250 -999.250 -999.250 -999.250 -999.250 -999.250 -999.250 -999.250 -999.250 -999.250 -999.250 -999.250 -999.250 -999.250 -999.250 -999.250 -999.250 -999.250 -999.250 -999.250 -999.250 -999.250 -999.250 -999.250 -999.250 -999.250 -999.250 -999.250 -999.250
304.062 303.108 291.739 291.501 284.343 300.626 288.586 274.381 276.551 276.549 280.850 265.038 297.517 301.524 316.781 307.357 313.974 379.340 408.253 416.339 464.965 468.143 443.724 448.555 479.087 444.185 457.751 420.317 422.057 415.217 380.162 398.559 355.264 -999.250 -999.250 -999.250 -999.250 -999.250 -999.250 -999.250 -999.250 -999.250 -999.250 -999.250 -999.250 -999.250 -999.250 -999.250 -999.250 -999.250 -999.250 -999.250 -999.250 -999.250 -999.250 -999.250 -999.250 -999.250 -999.250 -999.250 -999.250 -999.250 -999.250 -999.250 -999.250
308.969 300.220 303.071 309.398 272.853 291.456 292.623 252.344 268.052 266.375 266.939 261.187 256.689 266.757 273.268 266.294 287.784 320.007 352.447 376.893 418.991 448.793 491.238 466.159 486.087 463.365 462.635 459.774 429.379 428.159 444.201 419.760 418.208 -999.250 -999.250 -999.250 -999.250 -999.250 -999.250 -999.250 -999.250 -999.250 -999.250 -999.250 -999.250 -999.250 -999.250 -999.250 -999.250 -999.250 -999.250 -999.250 -999.250 -999.250 -999.250 -999.250 -999.250 -999.250 -999.250 -999.250 -999.250 -999.250 -999.250 -999.250 -999.250
289.591 277.439 284.546 293.578 302.819 284.545 251.796 251.019 241.037 250.248 251.061 252.746 241.997 234.070 253.465 237.201 221.169 275.130 331.804 403.359 430.686 469.987 480.272 450.885 482.814 473.285 471.108 463.612 464.174 462.444 437.686 435.134 402.394 408.038 -999.250 -999.250 -999.250 -999.250 -999.250 -999.250 -999.250 -999.250 -999.250 -999.250 -999.250 -999.250 -999.250 -999.250 -999.250 -999.250 -999.250 -999.250 -999.250 -999.250 -999.250 -999.250 -999.250 -999.250 -999.250 -999.250 -999.250 -999.250 -999.250 -999.250 -999.250
291.871 271.516 269.103 296.128 272.868 285.748 248.934 220.893 219.047 234.099 233.946 241.950 236.268 236.069 230.374 222.754 246.156 284.888 315.791 386.031 404.528 443.252 444.779 463.455 488.798 489.394 491.841 497.617 477.355 460.781 441.677 403.575 439.690 417.770 431.214 -999.250 -999.250 -999.250 -999.250 -999.250 -999.250 -999.250 -999.250 -999.250 -999.250 -999.250 -999.250 -999.250 -999.250 -999.250 -999.250 -999.250 -999.250 -999.250 -999.250 -999.250 -999.250 -999.250 -999.250 -999.250 -999.250 -999.250 -999.250 -999.250 -999.250
289.003 277.346 258.192 261.910 250.580 234.442 233.757 229.417 220.216 211.673 214.625 212.021 217.753 216.042 223.754 231.675 250.386 258.166 310.400 369.933 399.309 437.514 445.504 463.900 491.669 506.802 523.370 519.731 540.531 500.591 462.021 475.201 465.159 440.841 410.140 401.169 424.096 383.502 -999.250 -999.250 -999.250 -999.250 -999.250 -999.250 -999.250 -999.250 -999.250 -999.250 -999.250 -999.250 -999.250 -999.250 -999.250 -999.250 -999.250 -999.250 -999.250 -999.250 -999.250 -999.250 -999.250 -999.250 -999.250 -999.250 -999.250
273.030 269.730 259.824 256.180 222.583 221.901 215.402 216.014 213.493 204.613 198.045 205.480 210.990 198.208 221.086 216.579 242.987 260.665 290.965 342.138 421.865 427.206 467.503 496.416 476.500 554.880 529.741 527.765 528.635 515.151 535.770 534.492 500.800 474.888 449.884 430.168 422.141 429.828 -999.250 -999.250 -999.250 -999.250 -999.250 -999.250 -999.250 -999.250 -999.250 -999.250 -999.250 -999.250 -999.250 -999.250 -999.250 -999.250 -999.250 -999.250 -999.250 -999.250 -999.250 -999.250 -999.250 -999.250 -999.250 -999.250 -999.250
272.277 261.970 246.143 241.273 223.430 212.877 200.423 206.342 181.171 189.157 194.789 201.994 203.281 200.567 202.118 216.542 218.539 252.263 291.114 339.573 415.728 427.033 472.208 491.263 507.744 564.592 520.589 538.577 565.142 526.326 544.676 565.402 505.523 484.474 459.373 441.286 400.956 -999.250 -999.250 -999.250 -999.250 -999.250 -999.250 -999.250 -999.250 -999.250 -999.250 -999.250 -999.250 -999.250 -999.250 -999.250 -999.250 -999.250 -999.250 -999.250 -999.250 -999.250 -999.250 -999.250 -999.250 -999.250 -999.250 -999.250 -999.250
289.986 288.174 244.556 226.724 213.650 215.877 205.431 200.382 187.878 172.122 189.851 191.840 165.915 187.181 170.009 191.159 211.769 242.785 287.628 334.756 394.782 423.236 484.555 524.311 532.367 577.140 575.355 573.719 560.978 578.612 555.782 553.936 551.563 525.525 488.710 420.434 414.673 -999.250 -999.250 -999.250 359.290 354.046 310.052 -999.250 -999.250 -999.250 -999.250 -999.250 -999.250 -999.250 -999.250 -999.250 -999.250 -999.250 -999.250 -999.250 -999.250 -999.250 -999.250 -999.250 -999.250 -999.250 -999.250 -999.250 -999.250
324.785 273.857 248.189 238.229 210.863 193.734 193.496 185.392 202.664 193.545 189.116 180.401 159.520 155.143 136.985 136.561 189.099 226.248 260.729 328.020 397.493 421.447 480.391 506.710 562.079 597.108 621.838 614.544 595.755 576.933 562.710 567.652 515.776 496.454 481.564 465.113 439.244 402.065 407.632 404.540 368.383 346.992 319.995 322.965 -999.250 -999.250 -999.250 -999.250 -999.250 -999.250 -999.250 -999.250 -999.250 -999.250 -999.250 -999.250 -999.250 -999.250 -999.250 -999.250 -999.250 -999.250 -999.250 -999.250 -999.250
300.106 269.816 244.196 231.725 210.071 164.822 195.017 201.841 192.833 188.660 198.557 172.607 166.573 164.523 131.398 100.874 167.000 213.643 268.800 323.153 395.695 428.396 464.855 509.322 557.869 621.567 694.728 627.491 657.278 613.686 597.086 577.291 537.599 507.076 480.551 442.266 434.207 425.469 413.249 377.630 371.817 348.766 330.201 319.332 296.229 -999.250 -999.250 -999.250 -999.250 -999.250 -999.250 -999.250 -999.250 -999.250 -999.250 -999.250 -999.250 -999.250 -999.250 -999.250 -999.250 -999.250 -999.250 -999.250 -999.250
319.561 282.580 258.799 247.621 221.945 202.860 212.953 202.880 200.699 197.319 193.415 194.128 173.454 165.303 152.625 157.686 202.105 228.873 282.783 356.947 421.882 423.367 467.766 517.922 555.220 651.959 683.955 698.799 710.931 612.906 528.774 565.359 521.140 495.493 484.795 444.719 450.016 420.622 408.210 386.334 358.113 321.409 323.597 333.556 324.169 -999.250 -999.250 -999.250 -999.250 -999.250 -999.250 -999.250 -999.250 -999.250 -999.250 -999.250 -999.250 -999.250 -999.250 -999.250 -999.250 -999.250 -999.250 -999.250 -999.250
332.817 293.122 271.961 251.347 241.397 223.969 206.824 217.058 200.616 203.706 214.636 206.741 183.521 178.305 189.890 198.936 227.954 258.585 322.069 377.853 419.240 430.810 470.800 512.272 603.358 696.111 705.882 683.080 658.050 614.249 569.791 513.574 496.231 474.292 437.963 448.904 436.391 435.895 405.405 400.333 380.847 326.136 323.927 329.392 315.021 -999.250 -999.250 -999.250 -999.250 -999.250 -999.250 -999.250 -999.250 -999.250 -999.250 -999.250 -999.250 -999.250 -999.250 -999.250 -999.250 -999.250 -999.250 -999.250 -999.250
316.424 299.221 270.145 276.129 271.182 247.065 232.092 218.453 226.425 228.893 222.917 215.536 215.944 217.053 218.724 240.341 249.645 299.088 333.495 348.661 419.124 431.258 483.202 527.815 595.073 676.849 678.984 702.266 663.214 587.807 541.425 501.959 468.123 441.368 456.184 432.526 431.750 421.775 407.332 365.907 368.558 332.485 328.167 311.499 311.209 310.867 -999.250 -999.250 -999.250 -999.250 -999.250 -999.250 -999.250 -999.250 -999.250 -999.250 -999.250 -999.250 -999.250 -999.250 -999.250 -999.250 -999.250 -999.250 -999.250
