data/medianmodel_24-Sep-2020.asc
ncols	141
nrows	288
xllcorner	-120191.398
yllcorner	-301404.813
cellsize	2000.000
NODATA_value	-999.250
[rows 90 to 119 of 288, columns 0 to 66 of 141]
-999.250 -999.250 -999.250 -999.250 -999.250 -999.250 -999.250 -999.250 -999.250 -999.250 -999.250 -999.250 -999.250 -999.250 -999.250 -999.250 -999.250 -999.250 -999.250 -999.250 -999.250 -999.250 -999.250 -999.250 -999.250 -999.250 -999.250 -999.250 -999.250 -999.250 -999.250 -999.250 9.905 7.475 8.958 11.987 13.193 10.169 8.779 4.487 3.251 6.435 7.098 8.323 8.980 8.772 8.043 8.333 8.212 11.198 11.037 13.987 13.744 18.569 21.744 25.723 34.956 40.803 50.723 56.261 66.868 72.601 72.087 71.761 69.797 70.052 67.279
-999.250 -999.250 -999.250 -999.250 -999.250 -999.250 -999.250 -999.250 -999.250 -999.250 -999.250 -999.250 -999.250 -999.250 -999.250 -999.250 -999.250 -999.250 -999.250 -999.250 -999.250 -999.250 -999.250 -999.250 -999.250 -999.250 -999.250 -999.250 -999.250 -999.250 -999.250 -999.250 5.564 2.593 4.574 8.739 9.926 7.096 7.616 5.322 6.199 5.858 8.703 8.438 7.821 10.813 8.649 8.706 7.946 9.036 10.016 12.203 14.670 16.349 23.219 23.710 30.697 42.187 45.291 53.382 64.141 71.652 71.881 73.146 67.287 64.382 61.110
-999.250 -999.250 -999.250 -999.250 -999.250 -999.250 -999.250 -999.250 -999.250 -999.250 -999.250 -999.250 -999.250 -999.250 -999.250 -999.250 -999.250 -999.250 -999.250 -999.250 -999.250 -999.250 -999.250 -999.250 -999.250 -999.250 -999.250 -999.250 -999.250 -999.250 -999.250 4.077 1.253 0.742 3.253 3.681 6.112 6.071 5.504 5.051 5.794 8.449 8.869 10.187 9.404 12.374 11.630 10.281 9.740 8.844 12.371 11.980 15.236 17.484 18.819 24.049 31.279 40.967 53.266 61.569 68.692 70.308 67.117 69.338 63.811 55.778 51.236
-999.250 -999.250 -999.250 -999.250 -999.250 -999.250 -999.250 -999.250 -999.250 -999.250 -999.250 -999.250 -999.250 -999.250 -999.250 -999.250 -999.250 -999.250 -999.250 -999.250 -999.250 -999.250 -999.250 -999.250 -999.250 -999.250 -999.250 -999.250 -999.250 -999.250 -999.250 1.469 0.000 0.000 0.175 3.688 2.396 6.210 10.575 10.705 9.868 10.684 12.934 11.289 12.122 14.358 18.343 14.440 12.376 11.211 11.451 11.907 12.564 15.990 16.760 26.949 30.700 46.207 52.101 60.730 68.907 68.814 66.042 64.259 54.713 44.199 43.380
-999.250 -999.250 -999.250 -999.250 -999.250 -999.250 -999.250 -999.250 -999.250 -999.250 -999.250 -999.250 -999.250 -999.250 -999.250 -999.250 -999.250 -999.250 -999.250 -999.250 -999.250 -999.250 -999.250 -999.250 -999.250 -999.250 -999.250 -999.250 -999.250 -999.250 -999.250 0.790 0.244 0.000 0.000 3.130 9.135 9.974 14.406 15.542 15.171 13.742 14.457 14.554 14.370 15.345 14.396 13.545 13.547 12.858 14.297 14.792 15.298 16.194 18.190 23.774 30.906 39.776 53.992 67.697 71.206 67.522 62.656 54.182 50.296 39.616 33.130
-999.250 -999.250 -999.250 -999.250 -999.250 -999.250 -999.250 -999.250 -999.250 -999.250 -999.250 -999.250 -999.250 -999.250 -999.250 -999.250 -999.250 -999.250 -999.250 -999.250 -999.250 -999.250 -999.250 -999.250 -999.250 -999.250 -999.250 -999.250 -999.250 -999.250 -999.250 4.864 2.167 0.000 0.000 5.152 11.413 14.081 17.673 21.340 20.313 19.928 19.205 16.732 17.611 15.119 14.714 12.857 13.564 14.246 16.380 16.986 15.051 16.179 15.833 19.221 30.102 35.844 54.642 71.262 73.038 69.002 57.778 50.743 41.714 33.831 28.471
-999.250 -999.250 -999.250 -999.250 -999.250 -999.250 -999.250 -999.250 -999.250 -999.250 -999.250 -999.250 -999.250 -999.250 -999.250 -999.250 -999.250 -999.250 -999.250 -999.250 -999.250 -999.250 -999.250 -999.250 -999.250 -999.250 -999.250 -999.250 -999.250 -999.250 7.289 7.500 4.371 3.703 6.982 13.842 16.755 23.837 26.502 29.150 31.209 27.069 24.887 21.799 19.432 15.611 14.620 16.371 15.705 16.925 19.076 18.061 18.750 17.408 16.145 16.905 21.378 32.427 48.670 76.540 71.542 66.480 57.671 44.929 37.556 28.517 26.683
-999.250 -999.250 -999.250 -999.250 -999.250 -999.250 -999.250 -999.250 -999.250 -999.250 -999.250 -999.250 -999.250 -999.250 -999.250 -999.250 -999.250 -999.250 -999.250 -999.250 -999.250 -999.250 -999.250 -999.250 -999.250 -999.250 -999.250 -999.250 -999.250 -999.250 11.389 11.564 10.786 10.263 13.473 18.311 25.090 32.341 37.203 38.885 41.207 36.025 33.527 28.213 21.142 16.683 15.065 15.339 16.624 18.985 24.053 25.838 26.828 23.308 22.641 14.773 13.482 18.298 35.212 54.189 61.563 57.663 49.681 41.674 36.130 29.286 25.311
-999.250 -999.250 -999.250 -999.250 -999.250 -999.250 -999.250 -999.250 -999.250 -999.250 -999.250 -999.250 -999.250 -999.250 -999.250 -999.250 -999.250 -999.250 -999.250 -999.250 -999.250 -999.250 -999.250 -999.250 -999.250 -999.250 -999.250 -999.250 -999.250 -999.250 14.839 14.251 15.265 17.126 21.098 27.530 34.770 43.137 50.932 51.133 60.893 50.564 43.701 34.525 26.939 20.034 16.996 19.958 21.745 28.231 32.423 35.867 34.539 30.425 26.811 18.310 11.737 0.000 23.404 39.877 48.722 48.359 44.329 39.594 35.187 27.315 19.757
-999.250 -999.250 -999.250 -999.250 -999.250 -999.250 -999.250 -999.250 -999.250 -999.250 -999.250 -999.250 -999.250 -999.250 -999.250 -999.250 -999.250 -999.250 -999.250 -999.250 -999.250 -999.250 -999.250 -999.250 -999.250 -999.250 -999.250 -999.250 -999.250 -999.250 16.244 17.960 20.003 24.544 30.630 34.613 42.440 55.365 59.404 66.899 71.406 59.256 45.613 37.186 30.199 26.099 26.132 26.392 28.577 34.170 38.659 46.354 49.449 42.674 36.992 25.240 17.794 16.392 24.817 35.781 41.335 39.173 37.612 35.293 32.401 22.418 20.616
-999.250 -999.250 -999.250 -999.250 -999.250 -999.250 -999.250 -999.250 -999.250 -999.250 -999.250 -999.250 -999.250 -999.250 -999.250 -999.250 -999.250 -999.250 -999.250 -999.250 -999.250 -999.250 -999.250 -999.250 -999.250 -999.250 -999.250 -999.250 -999.250 16.350 17.636 22.137 25.893 31.215 35.808 42.818 51.141 58.112 67.313 69.210 68.892 62.346 51.436 44.565 35.231 31.879 31.634 33.954 36.831 41.911 52.800 62.333 63.650 63.557 53.206 40.928 31.837 29.474 30.146 35.546 36.035 33.981 32.394 30.055 26.882 21.818 18.755
-999.250 -999.250 -999.250 -999.250 -999.250 -999.250 -999.250 -999.250 -999.250 -999.250 -999.250 -999.250 -999.250 -999.250 -999.250 -999.250 -999.250 -999.250 -999.250 -999.250 -999.250 -999.250 -999.250 -999.250 -999.250 -999.250 -999.250 -999.250 -999.250 20.143 17.818 23.651 28.845 36.182 48.061 47.940 57.514 64.127 68.963 68.683 69.480 57.770 53.770 43.215 38.498 37.279 37.924 36.095 42.794 53.257 66.989 72.258 80.321 83.519 78.127 61.892 48.727 38.361 34.446 34.023 36.055 35.595 32.033 26.942 22.982 21.638 17.712
-999.250 -999.250 -999.250 -999.250 -999.250 -999.250 -999.250 -999.250 -999.250 -999.250 -999.250 -999.250 -999.250 -999.250 -999.250 -999.250 -999.250 -999.250 -999.250 -999.250 -999.250 -999.250 -999.250 -999.250 -999.250 -999.250 -999.250 -999.250 -999.250 18.406 24.146 30.076 35.311 37.179 50.070 53.663 62.343 70.940 75.264 72.049 70.672 63.508 51.272 48.890 41.561 38.067 38.345 42.741 51.817 63.717 74.475 87.147 93.166 109.537 90.749 74.216 62.266 46.915 41.632 34.677 36.559 33.850 30.288 26.034 23.574 19.513 17.928
-999.250 -999.250 -999.250 -999.250 -999.250 -999.250 -999.250 -999.250 -999.250 -999.250 -999.250 -999.250 -999.250 -999.250 -999.250 -999.250 -999.250 -999.250 -999.250 -999.250 -999.250 -999.250 -999.250 -999.250 -999.250 -999.250 -999.250 -999.250 -999.250 20.008 22.284 31.586 37.885 42.889 54.921 60.110 68.348 73.471 75.739 74.481 67.600 65.443 53.524 47.997 47.224 40.322 42.344 46.180 52.410 66.506 76.889 87.899 93.782 98.093 95.819 81.077 66.622 52.910 42.208 37.699 32.812 33.192 30.194 25.446 24.240 15.914 16.736
-999.250 -999.250 -999.250 -999.250 -999.250 -999.250 -999.250 -999.250 -999.250 -999.250 -999.250 -999.250 -999.250 -999.250 -999.250 -999.250 -999.250 -999.250 -999.250 -999.250 -999.250 -999.250 -999.250 -999.250 -999.250 -999.250 -999.250 -999.250 16.534 16.824 22.786 32.884 40.160 50.737 56.859 64.571 69.344 76.717 78.089 78.909 70.527 64.696 56.622 47.198 43.270 41.056 44.930 48.586 57.401 69.069 74.501 83.699 93.983 94.345 88.620 79.710 66.532 50.747 43.543 36.885 32.170 28.023 28.612 26.410 22.548 16.333 13.865
-999.250 -999.250 -999.250 -999.250 -999.250 -999.250 -999.250 -999.250 -999.250 -999.250 -999.250 -999.250 -999.250 -999.250 -999.250 -999.250 -999.250 -999.250 -999.250 -999.250 -999.250 -999.250 -999.250 -999.250 -999.250 -999.250 -999.250 -999.250 17.404 19.091 25.627 33.670 36.980 48.161 54.432 71.808 74.064 78.260 82.283 78.572 68.495 59.848 52.475 44.786 42.470 41.312 42.485 47.891 52.430 63.444 73.077 79.956 84.928 90.448 84.890 73.630 66.146 49.754 39.913 37.766 32.183 31.147 27.160 26.065 22.941 17.473 14.461
-999.250 -999.250 -999.250 -999.250 -999.250 -999.250 -999.250 -999.250 -999.250 -999.250 -999.250 -999.250 -999.250 -999.250 -999.250 -999.250 -999.250 -999.250 -999.250 -999.250 -999.250 -999.250 -999.250 -999.250 -999.250 -999.250 -999.250 15.615 18.363 19.117 24.089 30.422 38.344 43.342 57.719 66.735 74.305 79.497 87.219 73.997 68.251 58.006 50.508 43.087 46.288 40.163 41.802 45.700 55.386 64.574 71.533 79.662 79.861 79.376 76.082 67.233 57.089 46.009 38.421 32.011 28.862 27.291 26.079 25.996 21.604 17.478 14.491
-999.250 -999.250 -999.250 -999.250 -999.250 -999.250 -999.250 -999.250 -999.250 -999.250 -999.250 -999.250 -999.250 -999.250 -999.250 -999.250 -999.250 -999.250 -999.250 -999.250 -999.250 -999.250 -999.250 -999.250 -999.250 -999.250 -999.250 18.244 20.742 21.754 24.806 32.138 36.514 40.227 53.922 58.614 66.258 73.401 81.077 76.659 66.715 57.579 52.899 42.829 41.267 41.418 43.243 46.904 56.374 64.853 67.847 75.314 75.793 74.948 72.056 60.278 44.012 36.868 30.759 27.272 22.656 23.870 24.968 27.238 20.247 16.221 14.084
-999.250 -999.250 -999.250 -999.250 -999.250 -999.250 -999.250 -999.250 -999.250 -999.250 -999.250 -999.250 -999.250 -999.250 -999.250 -999.250 -999.250 -999.250 -999.250 -999.250 -999.250 -999.250 -999.250 -999.250 -999.250 -999.250 -999.250 19.934 20.425 20.936 24.102 26.581 33.265 38.023 43.081 55.732 62.627 69.544 70.695 68.907 64.841 57.759 48.480 41.241 40.215 40.876 41.473 45.050 52.703 57.509 67.291 73.473 72.753 68.718 59.978 49.151 39.773 32.703 23.476 21.216 16.940 18.221 16.103 15.575 14.732 13.742 11.900
-999.250 -999.250 -999.250 -999.250 -999.250 -999.250 -999.250 -999.250 -999.250 -999.250 -999.250 -999.250 -999.250 -999.250 -999.250 -999.250 -999.250 -999.250 -999.250 -999.250 -999.250 -999.250 -999.250 -999.250 -999.250 -999.250 -999.250 20.739 20.496 20.935 23.831 26.340 29.799 37.362 41.278 48.151 59.743 59.569 56.241 57.526 53.849 49.299 46.167 41.093 36.350 42.156 39.733 47.617 52.089 54.146 65.099 68.911 68.382 60.724 46.891 37.324 32.630 22.773 14.795 14.744 11.547 9.924 10.741 11.621 11.069 9.954 7.206
-999.250 -999.250 -999.250 -999.250 -999.250 -999.250 -999.250 -999.250 -999.250 -999.250 -999.250 -999.250 -999.250 -999.250 -999.250 -999.250 -999.250 -999.250 -999.250 -999.250 -999.250 -999.250 -999.250 -999.250 -999.250 -999.250 -999.250 -999.250 16.038 17.754 21.575 23.372 27.303 36.035 39.925 44.477 47.559 47.683 48.966 51.558 46.709 43.056 39.121 34.647 32.651 35.475 37.481 42.204 47.410 60.529 64.472 65.555 63.665 51.182 37.242 29.612 19.500 15.631 11.942 7.640 1.697 2.894 3.803 4.586 7.396 5.320 5.072
-999.250 -999.250 -999.250 -999.250 -999.250 -999.250 -999.250 -999.250 -999.250 -999.250 -999.250 -999.250 -999.250 -999.250 -999.250 -999.250 -999.250 -999.250 -999.250 -999.250 -999.250 -999.250 -999.250 -999.250 -999.250 -999.250 -999.250 -999.250 15.041 18.172 20.856 21.995 26.961 32.117 38.879 39.116 40.762 39.895 41.336 41.771 39.101 37.585 35.706 30.896 28.418 29.005 33.212 38.351 45.263 55.519 68.516 66.130 57.912 41.127 30.599 20.224 13.368 9.581 4.545 0.000 0.000 0.000 1.033 1.487 0.779 0.485 2.425
-999.250 -999.250 -999.250 -999.250 -999.250 -999.250 -999.250 -999.250 -999.250 -999.250 -999.250 -999.250 -999.250 -999.250 -999.250 -999.250 -999.250 -999.250 -999.250 -999.250 -999.250 -999.250 -999.250 -999.250 -999.250 -999.250 -999.250 -999.250 15.950 18.185 20.117 21.514 24.484 32.180 35.064 34.371 33.484 37.146 34.404 37.665 33.470 30.453 27.444 25.584 25.019 26.227 30.376 34.995 44.306 53.312 65.638 67.805 54.039 37.414 23.113 11.656 7.063 2.651 0.000 0.000 0.000 0.000 0.000 0.000 0.000 1.059 0.196
-999.250 -999.250 -999.250 -999.250 -999.250 -999.250 -999.250 -999.250 -999.250 -999.250 -999.250 -999.250 -999.250 -999.250 -999.250 -999.250 -999.250 -999.250 -999.250 -999.250 -999.250 -999.250 -999.250 -999.250 -999.250 -999.250 -999.250 -999.250 15.921 19.556 22.153 20.075 23.230 27.836 31.946 32.855 30.630 31.251 32.354 32.861 31.041 28.669 24.222 21.094 21.628 22.557 24.239 29.421 35.342 46.228 58.637 70.822 50.269 34.944 21.825 11.228 2.783 0.000 0.000 0.000 0.000 0.000 0.000 0.000 0.000 0.209 0.000
-999.250 -999.250 -999.250 -999.250 -999.250 -999.250 -999.250 -999.250 -999.250 -999.250 -999.250 -999.250 -999.250 -999.250 -999.250 -999.250 -999.250 -999.250 -999.250 -999.250 -999.250 -999.250 -999.250 -999.250 -999.250 -999.250 -999.250 -999.250 15.822 19.996 21.815 20.317 22.592 26.532 28.690 30.651 29.914 28.866 30.632 29.723 26.072 23.535 19.380 16.758 15.047 16.700 18.111 23.694 30.514 39.230 47.421 49.229 38.560 31.041 17.172 9.048 2.149 0.000 0.000 0.000 0.000 0.000 0.000 0.000 0.000 0.804 0.000
-999.250 -999.250 -999.250 -999.250 -999.250 -999.250 -999.250 -999.250 -999.250 -999.250 -999.250 -999.250 -999.250 -999.250 -999.250 -999.250 -999.250 -999.250 -999.250 -999.250 -999.250 -999.250 -999.250 -999.250 -999.250 -999.250 -999.250 17.879 17.040 18.615 20.748 21.598 24.223 29.598 27.266 25.629 24.149 26.300 27.842 29.206 23.063 18.396 14.968 13.231 14.773 11.693 13.389 16.382 19.286 24.894 30.064 31.840 30.091 20.993 14.206 4.874 0.000 0.000 0.000 0.000 0.000 0.000 0.000 2.544 2.923 1.078 0.128
-999.250 -999.250 -999.250 -999.250 -999.250 -999.250 -999.250 -999.250 -999.250 -999.250 -999.250 -999.250 -999.250 -999.250 -999.250 -999.250 -999.250 -999.250 -999.250 -999.250 -999.250 -999.250 -999.250 -999.250 -999.250 -999.250 -999.250 16.131 18.682 18.476 20.734 22.474 23.803 24.240 25.011 23.707 22.577 25.216 24.693 24.329 20.014 17.618 13.740 11.481 8.840 9.777 5.097 7.749 10.926 12.197 16.858 18.424 19.647 17.502 11.869 4.589 0.000 0.000 0.000 0.000 0.000 0.542 1.741 4.157 2.822 2.450 0.133
-999.250 -999.250 -999.250 -999.250 -999.250 -999.250 -999.250 -999.250 -999.250 -999.250 -999.250 -999.250 -999.250 -999.250 -999.250 -999.250 -999.250 -999.250 -999.250 -999.250 -999.250 -999.250 -999.250 -999.250 -999.250 -999.250 -999.250 18.481 20.279 19.090 24.623 24.905 24.501 21.909 24.540 21.757 21.860 23.535 19.923 19.844 15.877 13.985 13.057 10.931 4.749 6.186 2.112 0.000 0.000 0.000 6.383 10.385 12.697 11.621 6.639 3.335 0.000 0.000 0.000 2.219 1.237 6.606 4.072 4.805 6.357 3.920 0.114
-999.250 -999.250 -999.250 -999.250 -999.250 -999.250 -999.250 -999.250 -999.250 -999.250 -999.250 -999.250 -999.250 -999.250 -999.250 -999.250 -999.250 -999.250 -999.250 -999.250 -999.250 -999.250 -999.250 -999.250 -999.250 -999.250 16.583 17.377 16.210 19.956 22.878 22.273 18.846 23.255 25.878 21.596 22.405 21.466 23.260 22.690 15.360 12.810 12.003 7.182 2.363 1.661 0.000 0.000 0.000 0.000 0.000 6.441 9.697 8.466 7.269 2.109 0.673 1.969 2.937 6.068 7.390 7.278 7.867 5.630 7.901 8.107 3.364
-999.250 -999.250 -999.250 -999.250 -999.250 -999.250 -999.250 -999.250 -999.250 -999.250 -999.250 -999.250 -999.250 -999.250 -999.250 -999.250 -999.250 -999.250 -999.250 -999.250 -999.250 -999.250 -999.250 -999.250 -999.250 -999.250 19.514 19.649 21.770 21.397 23.582 19.179 23.985 25.400 23.919 25.624 24.688 24.888 22.676 21.097 16.187 15.835 13.280 10.596 5.695 2.681 0.000 0.000 0.000 0.000 0.000 3.652 6.238 7.999 5.566 6.427 7.051 10.680 12.005 11.994 11.671 12.568 11.985 11.587 11.738 9.499 7.988
