data/medianmodel_12-May-2020.asc
ncols	141
nrows	288
xllcorner	-120191.398
yllcorner	-301404.813
cellsize	2000.000
NODATA_value	-999.250
[rows 217 to 247 of 288, columns 0 to 68 of 141]
-999.250 -999.250 -999.250 -999.250 -999.250 -999.250 -999.250 -999.250 -999.250 -999.250 -999.250 -999.250 -999.250 -999.250 -999.250 -999.250 -999.250 -999.250 -999.250 -999.250 -999.250 -999.250 -999.250 -999.250 -999.250 -999.250 -999.250 -999.250 -999.250 -999.250 -999.250 11.377 10.906 9.188 9.228 9.289 9.871 12.472 11.917 12.929 13.574 14.456 12.003 11.331 10.378 10.249 10.573 8.710 8.788 11.636 11.757 11.609 9.872 6.098 6.128 5.954 6.162 6.560 6.996 7.407 4.224 3.859 1.187 0.498 0.000 0.000 0.000 0.000 0.000
-999.250 -999.250 -999.250 -999.250 -999.250 -999.250 -999.250 -999.250 -999.250 -999.250 -999.250 -999.250 -999.250 -999.250 -999.250 -999.250 -999.250 -999.250 -999.250 -999.250 -999.250 -999.250 -999.250 -999.250 -999.250 -999.250 -999.250 -999.250 -999.250 -999.250 -999.250 8.785 8.938 11.936 10.124 11.980 10.515 12.904 12.171 14.089 17.262 16.042 14.195 14.878 13.385 12.638 9.331 11.130 10.858 10.512 11.716 11.417 7.600 6.635 4.258 5.121 3.882 5.635 5.314 7.389 5.778 6.589 3.136 0.697 0.000 0.000 0.000 0.000 0.000
-999.250 -999.250 -999.250 -999.250 -999.250 -999.250 -999.250 -999.250 -999.250 -999.250 -999.250 -999.250 -999.250 -999.250 -999.250 -999.250 -999.250 -999.250 -999.250 -999.250 -999.250 -999.250 -999.250 -999.250 -999.250 -999.250 -999.250 -999.250 -999.250 -999.250 -999.250 6.950 8.164 9.747 10.097 10.696 13.856 9.843 14.931 14.944 18.320 20.493 15.927 14.514 14.167 11.910 11.474 11.340 11.903 8.376 10.957 8.211 6.964 7.315 3.236 4.604 3.646 6.485 8.244 5.006 6.215 1.640 2.109 3.538 1.402 0.904 0.000 0.131 0.000
-999.250 -999.250 -999.250 -999.250 -999.250 -999.250 -999.250 -999.250 -999.250 -999.250 -999.250 -999.250 -999.250 -999.250 -999.250 -999.250 -999.250 -999.250 -999.250 -999.250 -999.250 -999.250 -999.250 -999.250 -999.250 -999.250 -999.250 -999.250 -999.250 -999.250 -999.250 7.581 7.618 12.074 11.224 11.880 12.658 14.547 15.660 14.904 18.046 20.369 16.591 16.100 14.373 14.251 13.458 10.374 9.748 7.527 6.932 8.643 10.375 5.592 5.484 3.263 3.775 7.231 5.411 7.209 5.941 3.705 2.628 4.331 3.937 1.880 0.752 1.146 0.000
-999.250 -999.250 -999.250 -999.250 -999.250 -999.250 -999.250 -999.250 -999.250 -999.250 -999.250 -999.250 -999.250 -999.250 -999.250 -999.250 -999.250 -999.250 -999.250 -999.250 -999.250 -999.250 -999.250 -999.250 -999.250 -999.250 -999.250 -999.250 -999.250 -999.250 -999.250 7.150 8.888 11.683 10.221 12.144 12.768 14.394 13.947 13.640 14.772 17.565 15.140 14.836 15.576 10.678 12.626 10.759 8.973 8.115 8.919 7.479 7.562 4.588 5.261 4.624 4.621 5.400 5.194 6.923 6.201 7.002 3.029 5.657 4.652 3.483 0.908 1.840 0.000
-999.250 -999.250 -999.250 -999.250 -999.250 -999.250 -999.250 -999.250 -999.250 -999.250 -999.250 -999.250 -999.250 -999.250 -999.250 -999.250 -999.250 -999.250 -999.250 -999.250 -999.250 -999.250 -999.250 -999.250 -999.250 -999.250 -999.250 -999.250 -999.250 -999.250 -999.250 7.115 7.437 9.879 9.052 12.311 13.156 12.579 12.029 10.538 14.870 14.796 16.104 15.788 13.280 11.519 10.141 10.293 8.373 7.917 6.956 6.402 6.497 5.796 4.346 5.734 4.008 5.736 4.762 7.083 5.086 7.296 9.051 3.671 5.051 4.927 2.640 1.499 0.000
-999.250 -999.250 -999.250 -999.250 -999.250 -999.250 -999.250 -999.250 -999.250 -999.250 -999.250 -999.250 -999.250 -999.250 -999.250 -999.250 -999.250 -999.250 -999.250 -999.250 -999.250 -999.250 -999.250 -999.250 -999.250 -999.250 -999.250 -999.250 -999.250 -999.250 9.660 7.624 6.921 7.044 7.733 8.578 9.976 10.033 7.928 12.035 11.901 13.932 12.922 11.547 9.659 12.496 10.901 11.403 7.528 5.020 7.679 6.259 6.346 5.852 3.190 2.728 5.698 7.412 5.265 5.066 3.664 4.084 4.037 3.503 2.992 3.455 3.459 4.878 3.274
-999.250 -999.250 -999.250 -999.250 -999.250 -999.250 -999.250 -999.250 -999.250 -999.250 -999.250 -999.250 -999.250 -999.250 -999.250 -999.250 -999.250 -999.250 -999.250 -999.250 -999.250 -999.250 -999.250 -999.250 -999.250 -999.250 -999.250 -999.250 -999.250 -999.250 8.409 7.288 8.711 8.107 10.573 10.101 9.456 9.437 6.161 12.028 13.553 11.939 11.766 9.976 10.105 9.899 10.113 11.517 8.842 7.449 3.715 3.845 5.253 3.503 2.404 3.055 1.762 4.149 4.525 4.149 5.842 2.681 4.491 5.058 4.648 3.874 2.999 5.298 4.551
-999.250 -999.250 -999.250 -999.250 -999.250 -999.250 -999.250 -999.250 -999.250 -999.250 -999.250 -999.250 -999.250 -999.250 -999.250 -999.250 -999.250 -999.250 -999.250 -999.250 -999.250 -999.250 -999.250 -999.250 -999.250 -999.250 -999.250 -999.250 -999.250 -999.250 8.121 8.717 12.200 9.120 11.068 12.276 10.984 10.862 6.117 6.380 8.149 9.484 10.532 11.574 11.168 10.076 9.851 9.290 9.360 5.815 5.683 4.016 3.808 1.571 3.823 1.728 1.622 1.776 2.829 2.017 5.236 3.965 3.886 5.970 6.547 6.516 4.723 3.619 3.960
-999.250 -999.250 -999.250 -999.250 -999.250 -999.250 -999.250 -999.250 -999.250 -999.250 -999.250 -999.250 -999.250 -999.250 -999.250 -999.250 -999.250 -999.250 -999.250 -999.250 -999.250 -999.250 -999.250 -999.250 -999.250 -999.250 -999.250 -999.250 -999.250 -999.250 10.329 9.243 11.347 9.751 10.105 13.332 12.182 10.094 9.560 10.101 8.921 10.968 10.990 10.202 9.224 9.366 9.386 10.344 8.633 7.930 5.481 6.491 6.357 4.990 1.816 2.357 0.273 0.000 0.000 3.954 4.262 2.174 4.464 6.148 5.160 6.552 4.380 3.682 5.639
-999.250 -999.250 -999.250 -999.250 -999.250 -999.250 -999.250 -999.250 -999.250 -999.250 -999.250 -999.250 -999.250 -999.250 -999.250 -999.250 -999.250 -999.250 -999.250 -999.250 -999.250 -999.250 -999.250 -999.250 -999.250 -999.250 -999.250 -999.250 -999.250 10.227 9.063 6.586 7.019 9.327 11.027 11.755 12.184 10.472 10.351 9.749 10.049 11.461 11.735 9.333 7.724 10.989 9.681 10.158 8.666 7.121 6.345 6.216 4.917 3.497 3.361 0.046 0.000 0.000 0.000 2.000 1.544 2.588 4.453 5.694 4.820 4.392 4.859 3.101 6.863
-999.250 -999.250 -999.250 -999.250 -999.250 -999.250 -999.250 -999.250 -999.250 -999.250 -999.250 -999.250 -999.250 -999.250 -999.250 -999.250 -999.250 -999.250 -999.250 -999.250 -999.250 -999.250 -999.250 -999.250 -999.250 -999.250 -999.250 -999.250 -999.250 3.812 6.742 5.288 5.406 7.130 8.861 11.972 12.111 9.594 9.593 7.053 9.037 9.067 10.060 8.291 5.896 9.199 10.898 10.291 7.701 8.795 6.979 5.470 5.174 4.120 3.421 2.569 0.000 0.000 0.000 0.800 3.046 3.595 4.990 4.191 3.690 3.689 5.122 5.357 4.170
-999.250 -999.250 -999.250 -999.250 -999.250 -999.250 -999.250 -999.250 -999.250 -999.250 -999.250 -999.250 -999.250 -999.250 -999.250 -999.250 -999.250 -999.250 -999.250 -999.250 -999.250 -999.250 -999.250 -999.250 -999.250 -999.250 -999.250 -999.250 5.392 5.634 4.087 2.561 3.860 5.655 9.299 12.298 10.420 10.807 9.612 8.623 9.956 7.898 7.681 7.124 9.304 9.158 12.768 9.954 10.534 7.061 8.242 7.907 6.365 4.787 2.441 2.843 0.252 0.000 0.675 0.221 1.425 0.340 4.938 1.297 4.090 4.546 4.224 5.358 5.957
-999.250 -999.250 -999.250 -999.250 -999.250 -999.250 -999.250 -999.250 -999.250 -999.250 -999.250 -999.250 -999.250 -999.250 -999.250 -999.250 -999.250 -999.250 -999.250 -999.250 -999.250 -999.250 -999.250 -999.250 -999.250 -999.250 -999.250 -999.250 1.962 2.496 2.455 2.502 4.182 3.965 6.055 10.430 7.187 9.148 11.425 10.742 11.002 8.979 8.995 9.176 8.902 9.123 9.067 9.537 9.045 7.374 5.957 6.346 6.439 4.431 4.249 2.936 0.990 0.273 1.306 1.570 2.823 1.922 2.123 2.918 3.107 3.770 4.060 6.035 5.577
-999.250 -999.250 -999.250 -999.250 -999.250 -999.250 -999.250 -999.250 -999.250 -999.250 -999.250 -999.250 -999.250 -999.250 -999.250 -999.250 -999.250 -999.250 -999.250 -999.250 -999.250 -999.250 -999.250 -999.250 -999.250 -999.250 -999.250 4.453 2.937 3.220 4.029 1.814 0.807 2.802 4.671 5.743 7.377 9.978 10.991 11.613 12.407 12.142 9.971 9.561 10.358 9.198 10.645 7.448 4.619 8.761 8.071 6.383 5.543 5.069 3.957 2.076 0.848 0.412 1.378 1.752 3.702 1.679 2.574 2.360 3.683 2.992 4.834 4.100 9.058
-999.250 -999.250 -999.250 -999.250 -999.250 -999.250 -999.250 -999.250 -999.250 -999.250 -999.250 -999.250 -999.250 -999.250 -999.250 -999.250 -999.250 -999.250 -999.250 -999.250 -999.250 -999.250 -999.250 -999.250 -999.250 -999.250 -999.250 2.559 2.915 2.666 0.039 0.000 0.000 3.784 6.461 7.193 7.806 10.523 11.368 11.109 8.299 12.892 12.136 11.707 10.699 10.252 9.792 7.839 8.252 8.334 6.562 4.298 4.964 4.312 5.603 4.305 1.162 0.952 0.332 0.425 1.553 1.763 1.533 1.841 3.731 4.147 4.823 5.820 8.033
-999.250 -999.250 -999.250 -999.250 -999.250 -999.250 -999.250 -999.250 -999.250 -999.250 -999.250 -999.250 -999.250 -999.250 -999.250 -999.250 -999.250 -999.250 -999.250 -999.250 -999.250 -999.250 -999.250 -999.250 -999.250 -999.250 -999.250 -999.250 2.293 1.871 0.000 0.000 0.000 3.573 6.485 7.942 10.014 11.196 11.148 11.825 9.077 9.885 10.813 12.298 11.135 10.972 9.778 10.329 10.144 7.660 8.369 5.835 6.600 5.392 5.614 1.931 2.722 1.087 2.162 2.118 1.984 1.406 1.390 1.915 1.018 4.413 5.757 5.738 6.264
-999.250 -999.250 -999.250 -999.250 -999.250 -999.250 -999.250 -999.250 -999.250 -999.250 -999.250 -999.250 -999.250 -999.250 -999.250 -999.250 -999.250 -999.250 -999.250 -999.250 -999.250 -999.250 -999.250 -999.250 -999.250 -999.250 -999.250 -999.250 -999.250 -999.250 1.278 0.000 0.000 2.066 3.364 6.975 8.466 10.813 10.438 9.248 11.405 10.105 9.388 8.348 10.623 9.672 9.126 8.652 9.135 9.003 7.927 8.417 6.726 5.096 2.619 4.626 1.318 0.951 1.793 2.367 0.978 2.738 2.411 2.604 1.440 5.677 5.918 7.110 8.929
-999.250 -999.250 -999.250 -999.250 -999.250 -999.250 -999.250 -999.250 -999.250 -999.250 -999.250 -999.250 -999.250 -999.250 -999.250 -999.250 -999.250 -999.250 -999.250 -999.250 -999.250 -999.250 -999.250 -999.250 -999.250 -999.250 -999.250 -999.250 -999.250 -999.250 1.268 0.565 2.234 2.399 3.977 6.346 8.785 9.776 10.401 9.390 10.150 12.244 9.488 10.856 10.137 9.523 11.288 9.263 9.180 6.751 9.291 8.257 4.429 3.535 4.437 2.499 1.765 0.083 0.706 1.185 0.000 0.870 1.017 5.124 4.329 6.161 9.085 8.908 6.973
-999.250 -999.250 -999.250 -999.250 -999.250 -999.250 -999.250 -999.250 -999.250 -999.250 -999.250 -999.250 -999.250 -999.250 -999.250 -999.250 -999.250 -999.250 -999.250 -999.250 -999.250 -999.250 -999.250 -999.250 -999.250 -999.250 -999.250 -999.250 -999.250 -999.250 1.815 1.599 2.697 4.609 7.706 6.512 9.728 10.695 12.084 9.239 10.013 11.552 9.700 9.035 8.837 8.513 8.590 11.367 9.639 11.118 8.110 7.913 6.767 5.830 3.808 2.553 0.785 0.136 0.000 0.000 0.000 1.120 1.691 3.471 4.885 6.522 8.000 7.520 3.487
-999.250 -999.250 -999.250 -999.250 -999.250 -999.250 -999.250 -999.250 -999.250 -999.250 -999.250 -999.250 -999.250 -999.250 -999.250 -999.250 -999.250 -999.250 -999.250 -999.250 -999.250 -999.250 -999.250 -999.250 -999.250 -999.250 -999.250 -999.250 -999.250 -999.250 -999.250 4.418 2.276 5.892 5.940 7.268 8.216 11.976 9.308 8.704 10.764 11.602 10.158 11.153 10.343 8.026 9.359 9.637 9.758 10.549 8.409 7.763 7.888 4.305 3.814 2.945 0.000 0.243 0.000 0.000 0.000 1.965 1.145 3.409 4.264 5.603 6.295 8.820 8.594
-999.250 -999.250 -999.250 -999.250 -999.250 -999.250 -999.250 -999.250 -999.250 -999.250 -999.250 -999.250 -999.250 -999.250 -999.250 -999.250 -999.250 -999.250 -999.250 -999.250 -999.250 -999.250 -999.250 -999.250 -999.250 -999.250 -999.250 -999.250 -999.250 -999.250 3.626 5.861 5.787 9.583 8.831 6.387 10.461 9.687 10.863 10.727 11.122 9.029 14.222 11.597 10.594 7.689 7.732 10.066 10.053 7.806 7.967 6.638 8.610 3.855 1.974 2.351 0.000 0.431 0.304 0.000 0.238 0.086 3.184 2.535 7.273 6.190 6.006 6.759 6.247
-999.250 -999.250 -999.250 -999.250 -999.250 -999.250 -999.250 -999.250 -999.250 -999.250 -999.250 -999.250 -999.250 -999.250 -999.250 -999.250 -999.250 -999.250 -999.250 -999.250 -999.250 -999.250 -999.250 -999.250 -999.250 -999.250 -999.250 -999.250 -999.250 -999.250 -999.250 5.026 8.977 7.586 9.554 12.005 10.471 12.960 10.858 9.594 11.554 9.020 13.797 10.748 9.907 7.996 7.445 8.637 9.956 7.318 6.294 5.961 5.889 4.700 4.238 0.836 2.508 1.016 1.269 0.886 1.414 1.469 4.607 6.239 7.093 6.069 6.016 6.477 6.462
-999.250 -999.250 -999.250 -999.250 -999.250 -999.250 -999.250 -999.250 -999.250 -999.250 -999.250 -999.250 -999.250 -999.250 -999.250 -999.250 -999.250 -999.250 -999.250 -999.250 -999.250 -999.250 -999.250 -999.250 -999.250 -999.250 -999.250 -999.250 -999.250 -999.250 3.100 5.501 9.439 9.576 12.983 13.918 10.927 9.107 9.816 7.707 6.371 9.736 8.881 10.840 9.306 12.553 8.494 8.814 6.226 7.399 4.818 6.410 5.165 4.057 2.154 3.452 3.382 0.696 0.810 0.566 0.000 1.804 2.848 5.133 6.300 5.189 4.455 5.844 5.849
-999.250 -999.250 -999.250 -999.250 -999.250 -999.250 -999.250 -999.250 -999.250 -999.250 -999.250 -999.250 -999.250 -999.250 -999.250 -999.250 -999.250 -999.250 -999.250 -999.250 -999.250 -999.250 -999.250 -999.250 -999.250 -999.250 -999.250 -999.250 -999.250 -999.250 6.152 8.506 7.654 8.784 10.804 14.720 10.766 8.686 7.432 7.287 8.309 8.576 9.535 8.191 5.654 8.754 8.769 7.845 7.332 5.443 4.707 5.020 3.974 4.354 2.127 1.004 1.102 2.348 1.060 0.000 0.000 0.000 1.405 3.853 5.200 4.787 4.361 5.723 6.625
-999.250 -999.250 -999.250 -999.250 -999.250 -999.250 -999.250 -999.250 -999.250 -999.250 -999.250 -999.250 -999.250 -999.250 -999.250 -999.250 -999.250 -999.250 -999.250 -999.250 -999.250 -999.250 -999.250 -999.250 -999.250 -999.250 -999.250 -999.250 -999.250 -999.250 7.141 9.780 8.168 7.835 7.681 11.575 9.970 9.518 8.610 5.787 7.752 6.943 7.950 6.375 6.052 9.397 6.109 3.504 4.551 4.027 5.350 3.838 3.276 2.302 2.871 2.022 1.887 2.384 0.000 0.000 0.000 1.328 3.348 2.030 2.943 3.031 4.071 5.820 7.185
-999.250 -999.250 -999.250 -999.250 -999.250 -999.250 -999.250 -999.250 -999.250 -999.250 -999.250 -999.250 -999.250 -999.250 -999.250 -999.250 -999.250 -999.250 -999.250 -999.250 -999.250 -999.250 -999.250 -999.250 -999.250 -999.250 -999.250 -999.250 -999.250 -999.250 8.935 12.466 6.944 9.462 6.197 10.165 11.955 9.313 6.229 6.250 9.839 7.193 5.691 8.683 8.610 5.173 4.836 5.411 4.364 0.668 4.074 2.246 2.142 3.248 0.392 0.000 0.000 0.000 0.000 0.000 0.000 0.266 4.251 4.148 2.764 4.440 1.729 3.658 6.493
-999.250 -999.250 -999.250 -999.250 -999.250 -999.250 -999.250 -999.250 -999.250 -999.250 -999.250 -999.250 -999.250 -999.250 -999.250 -999.250 -999.250 -999.250 -999.250 -999.250 -999.250 -999.250 -999.250 -999.250 -999.250 -999.250 -999.250 -999.250 -999.250 -999.250 12.999 10.845 8.087 10.793 7.304 10.316 9.500 9.929 7.105 9.072 8.826 10.394 8.674 8.323 8.119 5.819 1.709 3.266 2.300 2.669 1.572 0.688 1.809 2.578 0.477 0.000 0.000 0.000 0.000 0.000 0.000 0.000 2.411 1.331 1.985 2.154 0.616 5.993 4.643
-999.250 -999.250 -999.250 -999.250 -999.250 -999.250 -999.250 -999.250 -999.250 -999.250 -999.250 -999.250 -999.250 -999.250 -999.250 -999.250 -999.250 -999.250 -999.250 -999.250 -999.250 -999.250 -999.250 -999.250 -999.250 -999.250 -999.250 -999.250 -999.250 -999.250 -999.250 11.087 10.869 10.246 10.138 5.907 8.378 9.180 10.241 9.338 8.940 10.167 10.273 8.357 11.754 5.506 3.873 3.112 1.876 0.938 0.615 0.522 0.000 0.062 0.000 0.000 0.000 0.000 0.000 0.000 0.000 0.000 0.000 1.455 2.921 2.647 2.526 6.504 6.164
-999.250 -999.250 -999.250 -999.250 -999.250 -999.250 -999.250 -999.250 -999.250 -999.250 -999.250 -999.250 -999.250 -999.250 -999.250 -999.250 -999.250 -999.250 -999.250 -999.250 -999.250 -999.250 -999.250 -999.250 -999.250 -999.250 -999.250 -999.250 -999.250 -999.250 -999.250 8.920 10.902 10.717 9.704 11.079 9.032 8.538 9.774 8.566 10.426 10.830 7.983 9.556 8.059 8.363 7.169 5.117 3.098 1.952 1.138 0.451 2.361 0.000 0.000 0.000 0.000 0.000 0.000 0.000 0.000 0.000 0.772 1.790 3.051 2.004 3.469 3.599 7.101
-999.250 -999.250 -999.250 -999.250 -999.250 -999.250 -999.250 -999.250 -999.250 -999.250 -999.250 -999.250 -999.250 -999.250 -999.250 -999.250 -999.250 -999.250 -999.250 -999.250 -999.250 -999.250 -999.250 -999.250 -999.250 -999.250 -999.250 -999.250 -999.250 -999.250 4.751 9.302 9.567 9.665 10.372 8.767 9.855 12.761 11.398 13.089 13.142 12.147 10.025 9.285 6.639 6.229 4.734 5.197 7.090 5.082 4.081 3.120 0.633 0.000 0.000 0.000 0.000 0.000 0.000 0.000 0.080 0.000 0.217 0.436 3.777 3.844 6.172 4.696 5.954
