data/medianmodel_20-Dec-2020.asc
ncols	141
nrows	288
xllcorner	-120191.398
yllcorner	-301404.813
cellsize	2000.000
NODATA_value	-999.250
[rows 232 to 260 of 288, columns 0 to 63 of 141]
-999.250 -999.250 -999.250 -999.250 -999.250 -999.250 -999.250 -999.250 -999.250 -999.250 -999.250 -999.250 -999.250 -999.250 -999.250 -999.250 -999.250 -999.250 -999.250 -999.250 -999.250 -999.250 -999.250 -999.250 -999.250 -999.250 -999.250 90.987 86.716 82.314 78.049 72.913 65.258 60.601 67.193 71.972 85.477 85.449 84.929 94.111 99.139 93.808 94.787 96.809 97.080 89.626 82.682 73.699 74.622 58.987 42.230 35.695 25.949 24.048 22.340 23.359 19.083 15.552 21.621 21.697 34.348 48.654 72.299 85.911
-999.250 -999.250 -999.250 -999.250 -999.250 -999.250 -999.250 -999.250 -999.250 -999.250 -999.250 -999.250 -999.250 -999.250 -999.250 -999.250 -999.250 -999.250 -999.250 -999.250 -999.250 -999.250 -999.250 -999.250 -999.250 -999.250 -999.250 -999.250 91.484 84.114 80.382 74.742 57.739 58.583 65.411 74.459 85.130 86.861 98.035 92.206 93.002 91.580 87.223 91.313 84.406 77.779 74.813 61.240 50.957 34.551 28.024 24.169 23.560 15.424 9.538 12.811 14.139 9.455 16.350 18.184 31.972 38.672 67.395 84.765
-999.250 -999.250 -999.250 -999.250 -999.250 -999.250 -999.250 -999.250 -999.250 -999.250 -999.250 -999.250 -999.250 -999.250 -999.250 -999.250 -999.250 -999.250 -999.250 -999.250 -999.250 -999.250 -999.250 -999.250 -999.250 -999.250 -999.250 -999.250 -999.250 -999.250 82.097 79.872 80.859 70.118 82.548 90.802 91.061 93.308 102.486 96.147 94.324 87.183 98.172 94.247 87.879 83.341 80.462 74.255 46.096 31.935 23.399 19.311 15.366 9.289 8.514 5.529 3.464 9.815 14.762 20.673 26.807 39.251 68.956 91.226
-999.250 -999.250 -999.250 -999.250 -999.250 -999.250 -999.250 -999.250 -999.250 -999.250 -999.250 -999.250 -999.250 -999.250 -999.250 -999.250 -999.250 -999.250 -999.250 -999.250 -999.250 -999.250 -999.250 -999.250 -999.250 -999.250 -999.250 -999.250 -999.250 -999.250 86.713 85.463 87.022 88.673 86.663 88.108 93.141 104.282 109.589 108.111 98.869 97.194 99.039 94.819 88.992 80.290 57.658 54.976 50.385 27.481 23.178 19.456 7.842 5.670 3.894 3.629 0.536 3.046 11.100 21.893 24.409 41.542 75.975 88.025
-999.250 -999.250 -999.250 -999.250 -999.250 -999.250 -999.250 -999.250 -999.250 -999.250 -999.250 -999.250 -999.250 -999.250 -999.250 -999.250 -999.250 -999.250 -999.250 -999.250 -999.250 -999.250 -999.250 -999.250 -999.250 -999.250 -999.250 -999.250 -999.250 -999.250 93.928 93.008 92.245 95.087 95.932 100.651 102.509 108.630 117.257 111.493 105.840 99.927 100.611 92.508 95.923 79.042 68.225 48.443 37.021 29.226 22.045 19.634 4.280 5.895 4.750 1.615 0.000 0.000 12.214 24.251 28.513 39.339 78.230 94.386
-999.250 -999.250 -999.250 -999.250 -999.250 -999.250 -999.250 -999.250 -999.250 -999.250 -999.250 -999.250 -999.250 -999.250 -999.250 -999.250 -999.250 -999.250 -999.250 -999.250 -999.250 -999.250 -999.250 -999.250 -999.250 -999.250 -999.250 -999.250 -999.250 -999.250 -999.250 103.928 106.902 104.170 103.144 108.119 115.829 127.160 128.905 120.632 114.227 110.837 115.700 103.969 93.096 82.015 71.074 35.813 31.258 31.011 21.901 18.632 6.956 12.021 3.548 0.000 0.000 0.000 13.287 18.448 30.107 60.341 82.640 95.874
-999.250 -999.250 -999.250 -999.250 -999.250 -999.250 -999.250 -999.250 -999.250 -999.250 -999.250 -999.250 -999.250 -999.250 -999.250 -999.250 -999.250 -999.250 -999.250 -999.250 -999.250 -999.250 -999.250 -999.250 -999.250 -999.250 -999.250 -999.250 -999.250 -999.250 125.311 126.680 125.079 127.898 112.953 134.316 136.969 142.446 146.701 152.120 138.831 115.927 116.148 109.849 93.866 79.654 78.677 49.857 35.191 27.904 28.343 22.068 5.924 8.364 3.215 3.083 4.658 4.260 19.354 25.685 42.825 63.126 86.614 102.889
-999.250 -999.250 -999.250 -999.250 -999.250 -999.250 -999.250 -999.250 -999.250 -999.250 -999.250 -999.250 -999.250 -999.250 -999.250 -999.250 -999.250 -999.250 -999.250 -999.250 -999.250 -999.250 -999.250 -999.250 -999.250 -999.250 -999.250 -999.250 -999.250 -999.250 -999.250 132.796 153.797 152.558 139.080 153.184 139.512 150.437 160.080 161.212 147.906 155.019 122.164 106.838 97.315 92.478 82.855 74.459 58.879 35.983 31.222 24.343 15.223 6.477 8.268 6.086 8.413 16.611 21.036 36.241 52.043 76.041 94.587 114.104
-999.250 -999.250 -999.250 -999.250 -999.250 -999.250 -999.250 -999.250 -999.250 -999.250 -999.250 -999.250 -999.250 -999.250 -999.250 -999.250 -999.250 -999.250 -999.250 -999.250 -999.250 -999.250 -999.250 -999.250 -999.250 -999.250 -999.250 -999.250 -999.250 -999.250 143.479 132.269 151.021 174.574 180.102 178.618 168.612 171.810 167.792 172.438 168.325 149.650 121.727 115.067 109.694 103.989 94.030 75.665 59.285 38.297 28.494 24.048 16.131 8.238 5.580 5.041 11.157 19.058 32.451 46.152 70.230 92.364 115.014 125.106
-999.250 -999.250 -999.250 -999.250 -999.250 -999.250 -999.250 -999.250 -999.250 -999.250 -999.250 -999.250 -999.250 -999.250 -999.250 -999.250 -999.250 -999.250 -999.250 -999.250 -999.250 -999.250 -999.250 -999.250 -999.250 -999.250 -999.250 -999.250 -999.250 -999.250 149.137 172.745 173.527 187.413 189.903 195.118 188.287 188.190 180.325 176.052 171.586 159.399 144.774 127.728 115.990 107.851 99.715 81.663 67.467 40.483 31.151 25.846 15.435 8.634 13.546 11.440 17.546 23.605 36.587 59.554 85.761 100.808 114.401 164.973
-999.250 -999.250 -999.250 -999.250 -999.250 -999.250 -999.250 -999.250 -999.250 -999.250 -999.250 -999.250 -999.250 -999.250 -999.250 -999.250 -999.250 -999.250 -999.250 -999.250 -999.250 -999.250 -999.250 -999.250 -999.250 -999.250 -999.250 -999.250 -999.250 -999.250 172.667 194.622 188.329 195.920 209.209 221.680 205.149 199.628 197.259 197.239 196.556 190.959 168.512 159.444 149.880 119.291 105.969 93.270 73.592 49.061 35.247 22.836 14.949 16.532 14.130 16.650 15.536 27.831 46.865 74.783 90.442 109.380 131.128 171.530
-999.250 -999.250 -999.250 -999.250 -999.250 -999.250 -999.250 -999.250 -999.250 -999.250 -999.250 -999.250 -999.250 -999.250 -999.250 -999.250 -999.250 -999.250 -999.250 -999.250 -999.250 -999.250 -999.250 -999.250 -999.250 -999.250 -999.250 -999.250 -999.250 -999.250 186.852 199.111 201.915 227.715 232.982 231.793 231.474 233.779 234.769 215.207 201.541 199.284 196.864 186.547 177.837 138.682 115.362 106.407 80.747 71.803 43.548 34.565 24.949 18.378 18.204 15.368 24.287 36.512 66.874 84.394 102.105 123.552 162.887 179.276
-999.250 -999.250 -999.250 -999.250 -999.250 -999.250 -999.250 -999.250 -999.250 -999.250 -999.250 -999.250 -999.250 -999.250 -999.250 -999.250 -999.250 -999.250 -999.250 -999.250 -999.250 -999.250 -999.250 -999.250 -999.250 -999.250 -999.250 -999.250 -999.250 -999.250 197.882 208.574 221.685 236.620 264.121 255.047 254.941 252.909 228.563 240.935 225.191 212.187 205.885 194.023 184.519 172.163 134.292 114.646 96.595 87.191 72.864 37.757 25.987 23.972 18.980 18.519 24.752 32.856 59.831 90.999 118.650 156.625 179.402 187.557
-999.250 -999.250 -999.250 -999.250 -999.250 -999.250 -999.250 -999.250 -999.250 -999.250 -999.250 -999.250 -999.250 -999.250 -999.250 -999.250 -999.250 -999.250 -999.250 -999.250 -999.250 -999.250 -999.250 -999.250 -999.250 -999.250 -999.250 -999.250 -999.250 -999.250 -999.250 217.918 233.389 250.885 260.977 299.564 302.205 272.627 275.523 265.648 249.229 227.152 236.027 210.885 184.290 170.142 142.159 112.854 103.946 88.957 65.858 37.279 30.817 22.918 18.493 16.389 23.563 35.322 75.627 95.146 135.843 187.077 184.454 190.291
-999.250 -999.250 -999.250 -999.250 -999.250 -999.250 -999.250 -999.250 -999.250 -999.250 -999.250 -999.250 -999.250 -999.250 -999.250 -999.250 -999.250 -999.250 -999.250 -999.250 -999.250 -999.250 -999.250 -999.250 -999.250 -999.250 -999.250 -999.250 -999.250 -999.250 -999.250 270.925 253.542 272.966 274.818 293.678 328.318 322.377 313.095 308.603 296.738 293.361 266.754 222.569 207.019 182.478 161.901 120.531 103.514 86.862 67.492 47.510 31.073 26.954 17.856 20.323 23.764 33.884 70.854 92.291 122.752 171.047 178.294 193.195
-999.250 -999.250 -999.250 -999.250 -999.250 -999.250 -999.250 -999.250 -999.250 -999.250 -999.250 -999.250 -999.250 -999.250 -999.250 -999.250 -999.250 -999.250 -999.250 -999.250 -999.250 -999.250 -999.250 -999.250 -999.250 -999.250 -999.250 -999.250 -999.250 -999.250 246.258 259.220 294.357 321.655 303.110 332.334 334.104 356.004 333.458 346.123 337.089 320.895 270.632 234.897 212.123 188.124 165.453 156.034 110.432 97.551 79.298 64.374 36.298 23.705 19.522 17.625 18.565 37.164 60.003 82.784 101.138 134.601 147.945 169.805
-999.250 -999.250 -999.250 -999.250 -999.250 -999.250 -999.250 -999.250 -999.250 -999.250 -999.250 -999.250 -999.250 -999.250 -999.250 -999.250 -999.250 -999.250 -999.250 -999.250 -999.250 -999.250 -999.250 -999.250 -999.250 -999.250 -999.250 -999.250 -999.250 -999.250 270.838 304.506 336.844 338.641 335.914 343.956 368.025 363.460 366.389 356.878 357.761 328.200 286.564 264.757 226.729 204.977 185.227 162.179 121.722 96.563 86.919 73.240 47.878 28.385 22.314 17.619 19.361 30.051 65.263 87.164 93.744 110.531 149.651 141.453
-999.250 -999.250 -999.250 -999.250 -999.250 -999.250 -999.250 -999.250 -999.250 -999.250 -999.250 -999.250 -999.250 -999.250 -999.250 -999.250 -999.250 -999.250 -999.250 -999.250 -999.250 -999.250 -999.250 -999.250 -999.250 -999.250 -999.250 -999.250 -999.250 -999.250 290.416 325.003 317.685 349.714 350.230 347.044 363.927 378.257 389.520 390.735 374.671 367.113 333.986 290.815 264.262 211.007 183.050 169.600 141.917 107.201 88.277 74.451 56.640 30.398 26.479 21.706 21.159 25.842 43.481 64.024 82.826 95.966 111.405 152.887
-999.250 -999.250 -999.250 -999.250 -999.250 -999.250 -999.250 -999.250 -999.250 -999.250 -999.250 -999.250 -999.250 -999.250 -999.250 -999.250 -999.250 -999.250 -999.250 -999.250 -999.250 -999.250 -999.250 -999.250 -999.250 -999.250 -999.250 -999.250 -999.250 -999.250 303.738 331.995 348.452 352.471 362.271 367.271 383.397 386.022 411.024 415.466 392.819 381.822 346.983 319.111 274.249 228.026 207.509 178.343 142.753 111.428 89.956 79.527 67.809 40.903 27.800 21.288 22.635 25.759 36.731 63.530 67.688 83.755 99.537 104.997
-999.250 -999.250 -999.250 -999.250 -999.250 -999.250 -999.250 -999.250 -999.250 -999.250 -999.250 -999.250 -999.250 -999.250 -999.250 -999.250 -999.250 -999.250 -999.250 -999.250 -999.250 -999.250 -999.250 -999.250 -999.250 -999.250 -999.250 -999.250 -999.250 -999.250 324.309 341.687 357.906 375.444 379.669 372.139 388.130 404.411 422.431 469.313 428.912 388.512 359.026 311.545 257.465 230.791 203.694 177.120 163.377 113.739 102.900 87.465 77.822 48.347 31.570 28.879 26.958 26.467 39.046 49.920 61.267 82.685 87.486 100.331
-999.250 -999.250 -999.250 -999.250 -999.250 -999.250 -999.250 -999.250 -999.250 -999.250 -999.250 -999.250 -999.250 -999.250 -999.250 -999.250 -999.250 -999.250 -999.250 -999.250 -999.250 -999.250 -999.250 -999.250 -999.250 -999.250 -999.250 -999.250 -999.250 312.136 342.784 354.036 361.854 366.135 380.250 380.677 390.540 399.189 408.506 430.468 408.317 369.450 351.755 309.249 261.786 241.689 212.139 184.681 159.699 119.798 102.679 93.940 79.168 67.538 38.997 30.645 32.401 27.352 34.853 42.391 62.744 79.660 86.380 92.352
-999.250 -999.250 -999.250 -999.250 -999.250 -999.250 -999.250 -999.250 -999.250 -999.250 -999.250 -999.250 -999.250 -999.250 -999.250 -999.250 -999.250 -999.250 -999.250 -999.250 -999.250 -999.250 -999.250 -999.250 -999.250 -999.250 -999.250 -999.250 -999.250 -999.250 331.801 350.890 364.795 369.266 364.589 380.314 386.474 395.500 390.288 381.360 373.889 367.145 335.090 293.923 250.978 227.916 207.490 193.941 173.467 134.543 107.794 96.044 86.803 76.100 62.138 35.400 27.566 29.947 30.736 49.908 63.667 80.664 77.743 85.177
-999.250 -999.250 -999.250 -999.250 -999.250 -999.250 -999.250 -999.250 -999.250 -999.250 -999.250 -999.250 -999.250 -999.250 -999.250 -999.250 -999.250 -999.250 -999.250 -999.250 -999.250 -999.250 -999.250 -999.250 -999.250 -999.250 -999.250 -999.250 -999.250 -999.250 323.080 338.311 356.099 359.620 380.507 381.425 373.124 368.887 366.455 371.469 355.670 338.512 307.260 266.337 235.786 218.632 198.819 187.474 174.761 135.577 118.528 100.360 93.448 74.322 61.842 44.661 35.877 41.086 38.578 47.571 71.799 73.297 77.687 91.954
-999.250 -999.250 -999.250 -999.250 -999.250 -999.250 -999.250 -999.250 -999.250 -999.250 -999.250 -999.250 -999.250 -999.250 -999.250 -999.250 -999.250 -999.250 -999.250 -999.250 -999.250 -999.250 -999.250 -999.250 -999.250 -999.250 -999.250 -999.250 -999.250 -999.250 -999.250 332.426 335.544 360.980 353.269 360.534 350.234 352.164 355.983 336.487 316.166 329.577 303.720 258.569 252.930 221.997 212.613 185.928 175.960 126.672 108.808 102.508 96.401 86.649 76.715 68.400 56.436 60.681 48.165 55.524 74.657 76.645 77.086 92.108
-999.250 -999.250 -999.250 -999.250 -999.250 -999.250 -999.250 -999.250 -999.250 -999.250 -999.250 -999.250 -999.250 -999.250 -999.250 -999.250 -999.250 -999.250 -999.250 -999.250 -999.250 -999.250 -999.250 -999.250 -999.250 -999.250 -999.250 -999.250 -999.250 -999.250 -999.250 282.071 303.263 333.500 333.962 338.178 343.933 345.742 342.171 329.437 314.027 293.967 283.221 243.084 221.525 210.677 196.497 179.998 156.300 122.413 107.101 106.139 95.179 91.081 82.766 74.380 64.877 69.410 56.944 66.247 72.977 70.284 81.947 83.738
-999.250 -999.250 -999.250 -999.250 -999.250 -999.250 -999.250 -999.250 -999.250 -999.250 -999.250 -999.250 -999.250 -999.250 -999.250 -999.250 -999.250 -999.250 -999.250 -999.250 -999.250 -999.250 -999.250 -999.250 -999.250 -999.250 -999.250 -999.250 -999.250 -999.250 257.843 281.325 314.430 332.296 324.240 330.581 326.976 340.522 315.315 309.940 308.660 281.537 251.676 218.909 203.934 204.440 187.799 179.180 153.675 139.338 123.086 105.269 97.169 91.481 87.143 74.421 62.228 45.508 62.958 76.795 63.463 62.711 83.816 84.078
-999.250 -999.250 -999.250 -999.250 -999.250 -999.250 -999.250 -999.250 -999.250 -999.250 -999.250 -999.250 -999.250 -999.250 -999.250 -999.250 -999.250 -999.250 -999.250 -999.250 -999.250 -999.250 -999.250 -999.250 -999.250 -999.250 -999.250 -999.250 -999.250 -999.250 235.981 258.964 276.225 293.502 309.962 290.183 290.257 284.105 276.616 284.176 274.474 259.643 225.413 224.791 199.629 185.593 170.846 173.127 162.917 130.924 112.898 110.722 100.615 89.103 84.875 82.455 80.022 68.781 60.550 68.908 59.557 70.435 75.964 78.125
-999.250 -999.250 -999.250 -999.250 -999.250 -999.250 -999.250 -999.250 -999.250 -999.250 -999.250 -999.250 -999.250 -999.250 -999.250 -999.250 -999.250 -999.250 -999.250 -999.250 -999.250 -999.250 -999.250 -999.250 -999.250 -999.250 -999.250 -999.250 -999.250 -999.250 219.706 243.511 267.518 268.627 276.149 274.886 252.748 244.544 267.456 250.109 255.286 236.688 217.050 198.709 197.354 190.055 182.480 177.095 144.087 117.360 109.670 103.371 101.016 90.997 90.339 84.989 86.428 75.537 64.460 65.822 61.157 74.375 72.730 78.624
-999.250 -999.250 -999.250 -999.250 -999.250 -999.250 -999.250 -999.250 -999.250 -999.250 -999.250 -999.250 -999.250 -999.250 -999.250 -999.250 -999.250 -999.250 -999.250 -999.250 -999.250 -999.250 -999.250 -999.250 -999.250 -999.250 -999.250 -999.250 -999.250 -999.250 234.624 243.831 238.228 243.073 237.380 227.484 235.792 230.031 225.890 216.681 211.964 224.543 209.052 196.918 193.608 189.842 173.883 170.234 148.969 116.243 105.115 93.605 95.689 95.466 90.284 93.564 84.400 74.217 68.863 68.722 68.325 66.258 70.208 68.942
