data/medianmodel_17-Jun-2020.asc
ncols	141
nrows	288
xllcorner	-120191.398
yllcorner	-301404.813
cellsize	2000.000
NODATA_value	-999.250
[rows 186 to 216 of 288, columns 0 to 68 of 141]
116.620 109.067 106.206 122.067 150.844 107.154 109.312 109.397 175.747 204.138 233.797 222.222 223.024 192.280 122.469 124.016 121.586 129.326 -999.250 -999.250 -999.250 -999.250 -999.250 51.320 43.474 48.857 57.059 54.803 41.754 41.651 42.473 33.240 26.084 26.088 22.776 19.499 21.394 18.280 19.738 23.248 15.679 10.304 11.027 14.283 9.109 8.416 8.860 6.417 7.484 6.724 7.750 4.630 6.583 3.637 1.138 0.000 0.000 0.000 0.000 0.000 0.000 0.000 0.000 0.000 0.000 0.000 0.000 0.000 0.000
-999.250 90.918 107.859 100.356 132.950 113.831 95.093 110.762 141.428 201.250 218.876 243.679 251.486 192.443 128.535 89.475 97.240 96.798 -999.250 -999.250 -999.250 -999.250 48.692 44.668 29.868 30.437 38.516 39.424 27.362 40.233 32.787 25.872 22.459 22.906 23.118 18.151 18.510 14.454 17.563 19.188 12.977 9.055 6.865 8.514 8.615 7.232 6.645 9.419 9.717 7.679 9.163 8.638 4.828 2.685 0.080 0.473 1.479 0.000 0.000 0.000 0.000 0.000 0.000 0.000 0.000 0.000 0.000 0.000 0.000
-999.250 92.395 94.140 90.542 98.312 84.579 97.076 95.982 112.043 144.648 166.135 202.282 211.591 140.818 97.479 103.039 83.412 77.328 -999.250 -999.250 -999.250 34.429 -999.250 31.083 23.255 17.448 31.227 30.097 19.434 20.955 21.739 22.360 27.936 17.767 25.099 16.260 15.100 14.172 18.780 14.033 15.436 12.533 7.602 7.750 8.219 6.759 10.075 7.732 10.517 5.887 5.654 6.899 6.072 5.364 2.824 3.580 0.000 1.407 0.958 0.061 0.000 0.000 0.000 0.000 0.000 0.000 0.000 0.000 0.000
-999.250 72.943 77.736 83.021 85.671 92.285 78.162 84.919 86.027 84.757 112.635 120.040 113.053 113.807 88.709 80.613 81.054 -999.250 -999.250 -999.250 -999.250 21.667 22.608 26.515 26.434 17.068 18.985 21.360 19.238 20.700 19.673 22.873 19.392 20.873 22.992 18.320 13.758 19.957 25.660 16.366 16.336 17.565 15.035 8.554 12.544 9.304 8.316 3.889 7.171 5.957 5.054 4.486 6.954 7.913 6.913 3.118 1.858 3.281 0.948 0.668 0.000 0.000 0.000 0.000 0.000 0.000 0.000 0.000 0.000
-999.250 82.494 70.911 67.881 80.122 64.102 84.465 78.927 85.434 75.966 69.860 86.242 79.580 74.111 74.621 83.289 66.587 -999.250 -999.250 -999.250 20.093 19.885 17.357 17.918 23.364 17.405 18.236 16.713 25.269 15.492 16.821 17.512 25.073 26.704 24.993 29.170 25.670 23.582 31.152 17.921 14.134 12.892 13.202 9.548 8.584 6.839 5.220 6.594 5.168 4.316 6.590 7.149 5.346 6.833 5.740 5.121 0.909 0.874 0.878 1.463 1.167 0.000 0.000 0.148 0.000 0.000 0.000 0.000 0.000
-999.250 -999.250 -999.250 67.202 -999.250 -999.250 83.930 92.833 89.554 -999.250 -999.250 -999.250 75.598 74.992 -999.250 -999.250 -999.250 -999.250 -999.250 -999.250 29.222 21.976 20.497 19.515 20.665 17.335 14.866 18.076 15.174 16.831 16.303 16.755 23.857 17.487 22.876 33.340 23.405 25.275 19.446 16.810 21.573 17.296 8.632 10.188 8.005 4.353 2.437 7.700 4.205 5.380 3.736 5.670 6.584 10.128 6.416 2.656 3.290 1.845 1.112 0.943 0.000 0.000 1.233 0.908 0.000 0.000 0.000 0.000 0.000
-999.250 -999.250 -999.250 -999.250 -999.250 -999.250 -999.250 -999.250 -999.250 -999.250 -999.250 -999.250 -999.250 64.789 70.908 69.602 -999.250 -999.250 -999.250 70.654 53.932 42.405 34.734 28.995 24.107 21.313 10.450 13.497 19.349 19.935 25.171 16.444 21.733 22.075 30.055 26.739 25.423 29.832 16.860 18.218 18.487 13.958 14.822 7.921 5.196 8.885 3.679 9.497 7.238 6.487 1.008 1.289 6.505 7.096 5.561 3.842 0.381 2.261 0.315 0.000 0.000 1.807 2.389 2.299 0.000 0.000 0.000 1.345 0.000
-999.250 -999.250 -999.250 -999.250 -999.250 -999.250 -999.250 -999.250 -999.250 -999.250 -999.250 64.977 62.129 68.330 61.406 66.257 -999.250 -999.250 62.856 83.836 68.720 66.629 53.928 41.779 26.331 17.515 12.117 12.756 19.079 17.653 15.622 18.134 12.374 13.790 17.983 25.110 17.458 19.916 15.237 18.200 11.247 10.449 9.472 10.921 6.703 4.763 7.708 9.348 8.398 10.776 4.918 4.821 6.257 5.754 4.731 2.639 6.391 1.415 1.588 0.000 0.000 2.703 0.939 0.568 0.000 0.000 0.841 1.600 1.758
-999.250 -999.250 -999.250 -999.250 -999.250 -999.250 -999.250 -999.250 -999.250 -999.250 -999.250 52.581 62.593 68.353 56.684 68.896 45.669 52.907 70.540 64.686 72.156 90.052 63.720 33.898 41.066 16.469 17.116 12.876 21.528 20.577 20.096 14.714 18.786 16.470 19.294 23.360 19.477 18.311 13.567 14.137 14.579 11.177 9.363 13.271 8.453 7.751 7.448 7.878 7.035 13.398 7.021 9.654 11.730 7.230 1.834 0.896 2.778 3.438 4.946 0.694 0.000 1.852 1.116 1.460 0.000 0.000 3.584 2.682 2.184
-999.250 -999.250 -999.250 -999.250 -999.250 -999.250 -999.250 -999.250 -999.250 -999.250 -999.250 -999.250 68.625 52.848 52.218 54.260 64.381 54.302 64.585 46.257 53.910 60.828 52.749 45.874 40.372 25.440 14.977 12.617 16.984 19.354 25.639 26.298 22.904 27.648 28.451 16.548 15.706 15.116 13.228 13.181 12.927 10.801 14.316 14.037 9.913 10.765 11.918 9.976 9.313 9.235 8.973 9.285 11.186 8.726 6.211 2.275 3.336 4.228 5.331 7.011 3.943 2.451 3.315 0.663 1.950 1.635 2.912 3.069 0.619
-999.250 -999.250 -999.250 -999.250 -999.250 -999.250 -999.250 -999.250 -999.250 -999.250 -999.250 -999.250 -999.250 58.066 38.459 51.648 45.670 45.366 41.073 44.870 44.420 38.320 39.678 27.713 27.174 23.054 24.761 21.366 22.041 25.923 20.674 19.066 24.239 22.478 22.571 19.390 20.767 18.121 17.480 17.163 11.210 10.550 9.098 16.257 13.485 15.874 17.030 9.964 9.157 9.981 8.266 7.926 7.181 11.956 6.883 5.389 5.078 5.684 4.271 4.384 5.779 7.546 3.294 3.567 2.087 4.432 4.937 3.408 3.255
-999.250 -999.250 -999.250 -999.250 -999.250 -999.250 -999.250 -999.250 -999.250 -999.250 -999.250 -999.250 -999.250 57.826 47.689 35.773 40.894 35.699 33.514 32.305 28.505 22.125 16.970 21.331 25.246 21.604 23.724 22.538 21.730 26.146 27.956 17.084 17.780 27.653 23.039 19.215 21.778 16.873 20.388 17.871 9.501 10.192 9.984 12.223 13.901 12.947 9.732 8.905 6.692 10.073 11.183 10.080 6.941 4.131 5.657 5.382 4.473 2.152 4.130 2.766 5.627 4.388 2.944 4.794 2.707 2.021 1.565 3.531 6.082
-999.250 -999.250 -999.250 -999.250 -999.250 -999.250 -999.250 -999.250 -999.250 -999.250 -999.250 -999.250 -999.250 51.130 44.274 33.124 26.961 35.748 16.729 16.922 17.078 19.362 23.841 20.122 25.120 22.490 21.963 20.122 15.974 18.968 19.669 20.532 13.896 17.677 27.577 15.386 15.481 12.851 12.706 13.287 11.511 12.178 14.428 13.111 16.263 12.925 12.854 12.613 8.311 8.492 7.111 7.858 6.395 5.865 7.066 8.001 4.737 5.730 6.471 4.787 2.466 2.240 1.140 3.954 0.834 1.580 2.351 5.626 7.694
-999.250 -999.250 -999.250 -999.250 -999.250 -999.250 -999.250 -999.250 -999.250 -999.250 -999.250 -999.250 -999.250 -999.250 36.324 35.661 18.135 17.312 17.355 15.911 16.032 24.251 24.475 16.587 18.932 13.258 13.639 15.482 19.076 12.983 13.409 16.223 17.220 18.442 24.560 15.853 13.110 9.329 12.722 15.465 12.767 9.985 10.874 14.947 13.007 12.125 9.604 9.700 5.942 9.406 8.999 7.973 5.084 6.049 10.198 7.495 5.369 4.703 6.186 3.451 2.425 4.721 3.772 5.403 1.690 3.985 3.994 2.824 6.146
-999.250 -999.250 -999.250 -999.250 -999.250 -999.250 -999.250 -999.250 -999.250 -999.250 -999.250 -999.250 -999.250 -999.250 33.771 36.880 24.683 18.110 20.164 14.854 21.126 31.318 28.197 22.589 13.413 9.227 16.596 16.278 22.584 12.105 16.298 16.161 12.089 20.920 35.517 21.201 13.465 8.516 7.679 10.666 10.285 13.291 15.124 9.632 10.549 11.321 9.411 8.764 3.368 6.381 6.323 9.015 7.572 11.511 10.833 7.819 6.555 5.923 5.663 7.114 4.315 5.338 4.771 3.952 7.290 4.111 2.404 3.956 7.273
-999.250 -999.250 -999.250 -999.250 -999.250 -999.250 -999.250 -999.250 -999.250 -999.250 -999.250 -999.250 -999.250 -999.250 26.660 29.578 45.016 28.557 23.963 19.240 22.390 28.873 16.419 17.389 13.880 17.664 20.434 21.578 11.826 8.958 12.661 13.482 18.447 23.942 25.867 22.064 15.599 11.007 10.510 13.967 12.841 14.063 13.656 13.970 14.214 8.525 9.149 9.464 8.337 10.426 7.893 7.393 10.633 8.651 11.426 6.358 6.631 8.760 5.947 2.203 3.703 4.828 4.791 7.114 7.392 6.461 3.372 3.940 4.850
-999.250 -999.250 -999.250 -999.250 -999.250 -999.250 -999.250 -999.250 -999.250 -999.250 -999.250 -999.250 -999.250 -999.250 31.238 35.178 27.483 35.872 26.657 27.884 28.713 31.305 22.279 23.212 14.096 -999.250 11.922 12.512 13.375 9.709 8.527 9.836 12.237 17.199 15.012 19.394 15.982 14.758 13.330 13.609 15.985 10.065 14.057 9.356 9.876 9.764 10.504 6.643 9.390 6.869 8.622 8.545 9.352 8.800 7.566 8.054 10.653 7.229 7.042 4.429 2.272 5.236 4.763 5.636 5.367 4.818 5.944 3.954 2.088
-999.250 -999.250 -999.250 -999.250 -999.250 -999.250 -999.250 -999.250 -999.250 -999.250 -999.250 -999.250 -999.250 -999.250 30.249 27.617 23.553 40.050 33.059 25.198 22.947 22.635 22.777 -999.250 -999.250 -999.250 13.058 14.732 17.263 14.902 9.989 12.322 10.366 14.587 12.860 15.820 15.088 16.290 13.460 11.928 14.074 13.802 12.169 13.183 13.993 7.630 7.280 6.907 8.800 7.629 7.691 7.643 6.017 4.733 7.163 9.409 9.982 8.805 5.768 4.411 4.213 2.982 5.205 5.725 5.903 5.719 3.155 4.450 5.780
-999.250 -999.250 -999.250 -999.250 -999.250 -999.250 -999.250 -999.250 -999.250 -999.250 -999.250 -999.250 -999.250 30.895 28.245 34.872 27.942 28.135 29.391 26.943 22.391 15.955 -999.250 -999.250 -999.250 -999.250 -999.250 11.410 15.812 15.544 12.461 13.133 13.111 15.510 14.267 13.129 13.142 14.610 12.876 7.943 12.923 11.825 10.816 13.288 8.612 9.003 5.281 7.017 6.711 8.377 8.415 6.921 7.730 8.549 8.274 7.306 9.355 9.820 8.075 8.409 5.834 3.877 7.836 5.190 6.505 5.848 6.356 7.941 7.461
-999.250 -999.250 -999.250 -999.250 -999.250 -999.250 -999.250 -999.250 -999.250 -999.250 -999.250 -999.250 -999.250 40.161 31.329 32.107 23.642 30.981 20.371 19.467 -999.250 -999.250 -999.250 -999.250 -999.250 -999.250 -999.250 -999.250 11.253 13.234 15.301 12.291 12.750 16.073 12.879 12.437 17.250 17.802 14.794 12.902 12.205 8.997 11.110 11.903 9.402 6.993 5.853 5.372 4.321 9.579 9.856 7.633 8.789 9.351 9.486 7.072 7.847 10.436 10.697 9.131 4.985 7.576 7.578 7.817 7.135 6.210 6.738 5.865 7.095
-999.250 -999.250 -999.250 -999.250 -999.250 -999.250 -999.250 -999.250 -999.250 -999.250 -999.250 -999.250 37.202 35.091 -999.250 -999.250 -999.250 -999.250 -999.250 -999.250 -999.250 -999.250 -999.250 -999.250 -999.250 -999.250 -999.250 -999.250 -999.250 14.047 16.317 10.025 12.814 12.632 10.975 9.490 9.186 10.919 10.445 14.073 11.727 12.493 9.939 12.224 9.755 7.789 7.919 9.040 7.441 11.173 12.453 8.025 5.791 7.103 7.331 8.082 11.096 8.993 10.856 10.200 7.030 6.229 7.891 8.686 7.729 6.638 7.493 8.911 6.470
-999.250 -999.250 -999.250 -999.250 -999.250 -999.250 -999.250 -999.250 -999.250 -999.250 -999.250 -999.250 -999.250 -999.250 -999.250 -999.250 -999.250 -999.250 -999.250 -999.250 -999.250 -999.250 -999.250 -999.250 -999.250 -999.250 -999.250 -999.250 -999.250 -999.250 19.767 11.242 9.536 11.686 9.085 8.735 16.051 14.055 15.359 15.462 9.701 10.058 12.152 9.080 7.885 6.893 9.295 7.100 9.534 8.258 9.198 4.310 5.490 7.375 9.362 11.205 12.901 12.620 9.521 8.312 6.676 6.222 6.309 7.614 6.470 5.603 6.370 6.901 6.426
-999.250 -999.250 -999.250 -999.250 -999.250 -999.250 -999.250 -999.250 -999.250 -999.250 -999.250 -999.250 -999.250 -999.250 -999.250 -999.250 -999.250 -999.250 -999.250 -999.250 -999.250 -999.250 -999.250 -999.250 -999.250 -999.250 -999.250 -999.250 -999.250 -999.250 17.752 15.257 12.876 13.620 12.242 10.942 12.587 12.942 14.789 12.201 11.954 7.921 6.440 7.192 9.078 6.126 7.806 6.276 8.607 8.596 10.934 8.863 8.376 6.838 7.859 8.766 8.858 9.214 7.794 7.497 8.183 7.814 5.604 5.999 6.073 4.884 4.224 8.041 7.297
-999.250 -999.250 -999.250 -999.250 -999.250 -999.250 -999.250 -999.250 -999.250 -999.250 -999.250 -999.250 -999.250 -999.250 -999.250 -999.250 -999.250 -999.250 -999.250 -999.250 -999.250 -999.250 -999.250 -999.250 -999.250 -999.250 -999.250 -999.250 -999.250 -999.250 18.410 17.363 10.677 13.913 15.474 10.032 12.115 10.140 9.758 10.293 8.955 6.223 5.057 4.762 6.222 7.468 7.021 7.213 9.394 6.286 13.346 10.217 10.502 10.848 6.761 6.543 8.353 8.714 9.019 10.207 10.145 7.226 4.856 6.797 7.774 7.330 9.358 7.408 4.885
-999.250 -999.250 -999.250 -999.250 -999.250 -999.250 -999.250 -999.250 -999.250 -999.250 -999.250 -999.250 -999.250 -999.250 -999.250 -999.250 -999.250 -999.250 -999.250 -999.250 -999.250 -999.250 -999.250 -999.250 -999.250 -999.250 -999.250 -999.250 -999.250 -999.250 -999.250 12.619 11.296 10.797 13.249 12.723 8.804 7.609 8.029 9.242 7.319 7.117 8.577 6.949 4.025 7.318 8.447 12.884 9.940 11.476 10.266 8.984 9.100 12.403 7.503 9.047 7.839 9.302 9.197 7.521 11.974 7.649 6.110 6.658 13.927 14.913 14.356 8.605 6.354
-999.250 -999.250 -999.250 -999.250 -999.250 -999.250 -999.250 -999.250 -999.250 -999.250 -999.250 -999.250 -999.250 -999.250 -999.250 -999.250 -999.250 -999.250 -999.250 -999.250 -999.250 -999.250 -999.250 -999.250 -999.250 -999.250 -999.250 -999.250 -999.250 -999.250 -999.250 9.043 7.583 9.129 11.452 7.472 5.475 7.893 12.886 8.708 4.200 2.285 3.525 3.798 3.540 8.698 7.609 10.588 8.989 7.530 9.641 9.732 8.792 9.316 5.007 3.992 7.097 7.025 8.971 9.859 8.904 8.705 8.269 8.021 12.928 38.873 16.822 9.667 6.241
-999.250 -999.250 -999.250 -999.250 -999.250 -999.250 -999.250 -999.250 -999.250 -999.250 -999.250 -999.250 -999.250 -999.250 -999.250 -999.250 -999.250 -999.250 -999.250 -999.250 -999.250 -999.250 -999.250 -999.250 -999.250 -999.250 -999.250 -999.250 -999.250 -999.250 -999.250 13.958 10.694 9.873 9.255 6.718 7.201 8.177 7.954 8.781 7.047 5.044 2.696 5.933 6.874 13.707 12.689 8.555 8.749 9.679 10.587 8.880 9.490 5.680 6.259 4.975 8.274 9.942 10.053 7.746 8.441 6.618 7.256 6.644 14.058 16.623 13.832 6.609 6.969
-999.250 -999.250 -999.250 -999.250 -999.250 -999.250 -999.250 -999.250 -999.250 -999.250 -999.250 -999.250 -999.250 -999.250 -999.250 -999.250 -999.250 -999.250 -999.250 -999.250 -999.250 -999.250 -999.250 -999.250 -999.250 -999.250 -999.250 -999.250 -999.250 -999.250 -999.250 13.139 18.990 10.680 7.857 9.370 8.097 6.977 9.262 8.641 4.267 6.497 3.303 7.267 7.068 14.968 9.703 15.992 7.287 9.004 11.088 8.472 8.535 6.040 6.184 7.314 7.625 10.115 10.284 11.251 9.657 7.173 6.618 5.553 9.487 8.993 6.045 5.856 0.782
-999.250 -999.250 -999.250 -999.250 -999.250 -999.250 -999.250 -999.250 -999.250 -999.250 -999.250 -999.250 -999.250 -999.250 -999.250 -999.250 -999.250 -999.250 -999.250 -999.250 -999.250 -999.250 -999.250 -999.250 -999.250 -999.250 -999.250 -999.250 -999.250 -999.250 -999.250 16.229 14.013 11.893 11.980 8.807 7.550 7.239 7.901 8.761 5.167 4.965 6.143 5.800 8.379 15.878 8.738 7.765 10.116 11.086 12.284 9.376 4.989 7.038 10.747 6.667 4.576 7.317 12.531 9.052 6.729 6.080 5.311 7.255 5.942 0.787 0.315 0.658 0.000
-999.250 -999.250 -999.250 -999.250 -999.250 -999.250 -999.250 -999.250 -999.250 -999.250 -999.250 -999.250 -999.250 -999.250 -999.250 -999.250 -999.250 -999.250 -999.250 -999.250 -999.250 -999.250 -999.250 -999.250 -999.250 -999.250 -999.250 -999.250 -999.250 -999.250 -999.250 7.226 9.964 8.762 8.084 12.008 9.834 6.858 9.224 7.200 5.425 6.712 4.805 5.012 9.172 10.442 5.004 5.508 5.828 6.118 7.723 4.451 4.287 5.626 6.964 11.353 7.405 5.481 7.319 6.201 7.198 6.248 4.371 4.659 1.345 1.189 0.000 0.000 0.000
-999.250 -999.250 -999.250 -999.250 -999.250 -999.250 -999.250 -999.250 -999.250 -999.250 -999.250 -999.250 -999.250 -999.250 -999.250 -999.250 -999.250 -999.250 -999.250 -999.250 -999.250 -999.250 -999.250 -999.250 -999.250 -999.250 -999.250 -999.250 -999.250 -999.250 -999.250 6.560 10.506 9.737 10.758 8.551 11.354 7.192 8.106 5.005 5.825 4.862 7.333 7.366 10.053 8.856 5.831 3.955 6.441 7.484 7.840 5.927 6.839 5.573 9.686 8.526 8.912 7.463 3.435 3.729 7.577 3.871 0.600 2.178 0.000 0.000 0.000 0.000 0.000
