data/medianmodel_01-Aug-2020.asc
ncols	141
nrows	288
xllcorner	-120191.398
yllcorner	-301404.813
cellsize	2000.000
NODATA_value	-999.250
[rows 155 to 185 of 288, columns 0 to 67 of 141]
-999.250 -999.250 -999.250 -999.250 -999.250 -999.250 -999.250 0.000 0.000 0.000 0.000 0.000 0.191 1.302 1.163 2.837 4.298 6.909 10.066 11.054 9.986 10.736 9.862 11.059 13.241 19.628 17.314 10.945 9.572 7.828 8.266 6.597 6.722 6.427 6.207 5.899 7.256 10.104 11.506 13.187 17.121 19.405 20.130 18.327 18.827 15.830 11.955 8.364 3.902 0.000 0.000 0.000 0.000 0.000 0.000 0.000 0.547 4.047 10.595 18.503 24.966 29.099 49.111 71.069 81.228 88.332 108.259 136.236
-999.250 -999.250 -999.250 -999.250 -999.250 -999.250 -999.250 0.890 1.103 0.961 0.950 0.324 0.843 0.000 0.000 0.686 2.746 4.615 7.518 6.772 8.495 7.292 8.209 8.884 11.557 13.663 13.025 10.858 11.021 10.391 10.340 8.341 7.043 9.038 8.796 8.847 9.226 9.546 9.128 9.601 12.236 10.101 13.555 12.481 11.054 7.491 5.714 3.045 0.059 0.000 0.000 0.000 0.000 0.000 0.000 0.000 0.000 5.226 10.528 17.411 21.634 28.702 41.232 55.917 71.197 79.978 93.872 113.832
-999.250 -999.250 -999.250 -999.250 -999.250 -999.250 -999.250 4.662 4.831 4.702 4.173 2.684 1.023 0.036 0.000 0.000 0.000 2.497 3.353 4.374 5.188 6.078 7.164 6.939 8.131 8.858 9.517 10.144 8.971 8.545 9.378 8.761 9.414 9.266 8.681 11.660 9.260 8.459 7.641 8.387 7.467 6.892 8.259 7.629 7.322 3.989 2.776 0.197 0.000 0.000 0.000 0.000 0.000 0.000 0.000 0.000 0.000 3.242 8.384 17.047 22.270 27.292 36.162 48.036 64.854 79.547 80.334 84.987
-999.250 -999.250 -999.250 -999.250 -999.250 -999.250 -999.250 7.126 9.628 8.814 8.528 5.516 2.751 0.921 0.000 0.000 0.000 0.000 0.287 2.262 2.957 3.674 6.191 4.403 6.130 6.244 7.419 8.688 7.721 7.668 8.617 9.206 9.898 10.402 10.692 10.377 8.295 8.497 6.985 5.827 5.212 3.199 3.750 4.484 5.310 2.452 0.807 0.000 0.000 0.000 0.000 0.000 0.000 0.000 0.000 0.000 0.000 1.207 6.496 9.259 12.222 21.398 29.772 42.474 49.316 62.362 77.338 80.174
-999.250 -999.250 -999.250 -999.250 -999.250 -999.250 -999.250 -999.250 13.690 16.088 14.623 9.616 5.113 2.901 0.000 0.000 0.000 0.000 0.000 0.635 1.183 2.837 3.221 2.400 4.303 6.000 6.315 6.200 5.501 7.326 8.835 8.837 9.754 11.032 12.251 10.195 11.177 9.834 7.872 2.500 0.479 0.158 0.793 1.971 2.199 0.000 0.000 0.000 0.000 0.000 0.000 0.000 0.000 0.000 0.000 0.000 0.000 0.000 1.515 7.252 11.057 17.595 24.047 32.087 42.663 46.665 56.355 61.906
-999.250 -999.250 -999.250 -999.250 -999.250 -999.250 -999.250 -999.250 15.730 27.074 19.002 13.733 8.077 4.859 0.138 0.000 0.000 0.000 0.000 0.663 0.718 2.270 2.775 3.832 2.524 3.029 4.456 5.683 7.043 7.635 8.146 9.221 9.469 11.372 10.784 12.135 14.605 11.478 7.715 3.177 0.000 0.000 0.000 0.000 0.000 0.000 0.000 0.000 0.000 0.000 0.000 0.000 0.000 0.000 0.000 0.000 0.000 0.000 0.330 4.478 7.514 11.061 13.692 21.993 28.682 40.016 44.094 47.589
-999.250 -999.250 -999.250 -999.250 -999.250 -999.250 -999.250 16.416 20.269 20.300 20.061 14.406 10.651 6.309 2.350 0.357 0.000 0.000 0.727 1.711 3.104 2.099 2.547 2.023 2.378 2.652 2.418 4.984 5.376 5.854 6.021 7.076 8.561 8.886 10.210 15.343 22.640 15.313 8.166 5.145 0.000 0.000 0.000 0.000 0.000 0.000 0.000 0.000 0.000 0.000 0.000 0.000 0.000 0.000 0.000 0.000 0.000 0.000 0.000 1.206 4.319 7.456 9.924 12.671 17.101 27.388 32.900 38.096
-999.250 -999.250 -999.250 -999.250 -999.250 -999.250 -999.250 20.940 20.517 22.577 20.489 16.553 11.914 9.279 5.202 3.591 2.047 2.060 2.765 5.248 7.314 4.858 3.161 3.028 3.352 1.474 4.053 4.263 5.796 7.273 6.729 8.482 8.293 8.279 10.604 11.533 15.761 13.707 10.146 4.574 0.547 0.000 0.000 0.000 0.000 0.000 0.000 0.000 0.000 0.000 0.000 0.000 0.000 0.000 0.000 0.000 0.000 0.000 0.000 0.000 0.802 4.762 6.474 9.176 14.927 17.751 23.255 27.896
-999.250 -999.250 -999.250 -999.250 -999.250 -999.250 -999.250 19.425 20.462 19.013 20.614 17.777 12.937 10.419 8.202 5.837 4.976 4.389 6.158 7.244 6.719 5.114 5.325 4.941 4.189 3.760 3.909 5.359 6.318 7.217 7.441 7.337 7.268 8.044 9.075 9.960 11.530 11.500 13.306 5.599 1.075 0.000 0.000 0.000 0.000 0.000 0.000 0.000 0.000 0.000 0.000 0.000 0.000 0.000 0.000 0.000 0.000 0.000 0.000 0.000 0.000 1.125 3.861 5.989 9.132 11.607 13.462 16.728
-999.250 -999.250 -999.250 -999.250 -999.250 -999.250 -999.250 19.191 19.271 22.462 20.248 16.922 16.062 13.731 13.164 10.742 7.969 8.435 6.759 6.668 7.779 5.496 6.013 5.820 6.270 7.098 7.641 8.122 8.571 7.594 8.267 8.117 6.662 7.287 7.611 7.881 7.166 8.413 8.551 4.487 1.671 0.000 0.000 0.000 0.000 0.000 0.000 0.000 0.000 0.000 0.000 0.000 0.000 0.000 0.000 0.000 0.000 0.000 0.000 0.000 0.000 0.000 0.429 2.876 4.701 6.749 9.370 10.433
-999.250 -999.250 -999.250 -999.250 -999.250 -999.250 17.181 19.309 20.910 21.913 22.655 22.724 22.648 20.811 23.832 17.414 13.828 13.911 11.746 8.602 9.570 8.386 5.859 7.517 8.270 9.026 10.777 10.248 10.427 9.810 9.266 12.582 6.267 5.790 4.638 5.912 4.640 4.486 4.990 2.701 0.679 0.421 0.000 0.000 0.000 0.000 0.000 0.000 0.000 0.000 0.000 0.000 0.000 0.000 0.000 0.000 0.000 0.000 0.000 0.000 0.000 0.000 0.000 0.711 1.307 2.601 4.139 7.494
-999.250 -999.250 -999.250 -999.250 -999.250 -999.250 20.547 20.303 21.018 27.795 34.528 32.044 31.878 28.979 28.891 24.165 21.124 19.631 16.316 14.282 12.546 9.914 9.172 9.917 10.122 11.478 17.837 17.329 13.236 10.499 9.514 8.309 5.831 4.933 3.115 3.268 3.026 2.787 1.590 2.151 1.255 0.000 0.000 0.000 0.000 0.000 0.000 0.000 0.000 0.000 0.000 0.000 0.000 0.000 0.000 0.000 0.000 0.000 0.000 0.000 0.000 0.000 0.000 0.000 0.000 0.000 0.000 0.693
-999.250 -999.250 -999.250 -999.250 -999.250 19.010 21.193 25.059 24.653 35.547 40.450 41.057 42.710 40.732 36.569 34.882 36.571 27.347 20.116 21.098 16.193 12.208 12.256 11.988 11.915 14.694 19.242 26.413 17.512 12.338 8.665 6.805 4.796 3.662 2.234 1.227 1.964 1.901 0.000 0.000 0.000 0.000 0.000 0.000 0.000 0.000 0.000 0.000 0.000 0.000 0.000 0.000 0.000 0.000 0.000 0.000 0.000 0.000 0.000 0.000 0.000 0.000 0.000 0.000 0.000 0.000 0.000 0.000
-999.250 -999.250 -999.250 -999.250 -999.250 23.915 28.191 29.862 28.447 35.908 41.181 48.389 48.719 53.944 48.013 46.383 42.450 34.864 33.199 29.998 24.915 18.959 15.006 16.324 18.252 17.515 19.540 21.954 19.241 11.713 8.604 6.270 4.071 1.152 0.000 0.000 0.000 0.000 0.000 0.000 0.000 0.000 0.000 0.000 0.000 0.000 0.000 0.000 0.000 0.000 0.000 0.000 0.000 0.000 0.000 0.000 0.000 0.000 0.000 0.000 0.000 0.000 0.000 0.000 0.000 0.000 0.000 0.000
-999.250 -999.250 -999.250 -999.250 27.176 26.745 31.590 32.509 31.696 39.946 42.496 47.972 57.389 65.911 62.293 64.026 60.516 53.168 48.732 41.152 33.506 20.886 21.909 20.161 18.830 17.168 17.321 20.229 14.441 10.243 8.199 5.790 2.397 1.429 0.000 0.000 0.000 0.000 0.000 0.000 0.000 0.000 0.000 0.000 0.000 0.000 0.000 0.000 0.000 0.000 0.000 0.000 0.000 0.000 0.000 0.000 0.000 0.000 0.000 0.000 0.000 0.000 0.000 0.000 0.000 0.000 0.000 0.000
-999.250 -999.250 -999.250 -999.250 29.232 34.375 35.182 37.431 39.263 46.083 55.359 60.813 65.523 76.374 72.191 81.749 72.711 67.970 58.589 47.262 34.915 28.155 27.241 22.349 18.575 18.220 16.693 15.610 11.598 11.043 7.666 5.866 4.311 1.487 0.000 0.000 0.000 0.000 0.000 0.000 0.000 0.000 0.000 0.000 0.000 0.000 0.000 0.000 0.000 0.000 0.000 0.000 0.000 0.000 0.000 0.000 0.000 0.000 0.000 0.000 0.000 0.000 0.000 0.000 0.000 0.000 0.000 0.000
-999.250 -999.250 -999.250 -999.250 33.088 37.429 39.242 40.827 47.183 54.089 58.560 67.848 82.079 85.755 90.241 92.127 90.541 81.441 63.626 53.319 42.018 30.150 28.079 22.022 21.862 23.263 16.367 15.937 17.492 11.975 9.449 9.479 6.482 2.343 2.313 0.489 0.000 0.000 0.000 0.000 0.000 0.000 0.000 0.000 0.000 0.000 0.000 0.000 0.000 0.000 0.000 0.000 0.000 0.000 0.000 0.000 0.000 0.000 0.000 0.000 0.000 0.000 0.000 0.000 0.000 0.000 0.000 0.000
-999.250 -999.250 -999.250 -999.250 41.708 40.260 43.024 43.032 47.088 50.127 67.296 80.722 92.585 98.866 98.803 107.681 109.303 95.528 74.031 58.012 45.546 34.243 28.899 27.608 22.144 24.465 21.335 22.246 19.282 14.501 10.719 11.170 7.999 6.671 5.167 4.696 0.966 0.000 0.000 0.000 0.000 0.000 0.000 0.000 0.000 0.000 0.000 0.000 0.000 0.000 0.000 0.000 0.000 0.000 0.000 0.000 0.000 0.000 0.000 0.000 0.000 0.000 0.000 0.000 0.000 0.000 0.000 0.000
-999.250 -999.250 -999.250 -999.250 45.086 44.575 48.767 54.254 55.425 66.106 68.134 79.715 99.816 104.633 118.927 129.719 140.832 105.895 75.424 55.811 41.110 37.305 32.992 33.768 24.761 22.423 22.232 24.313 18.596 19.820 17.814 16.924 9.675 9.238 8.499 5.689 3.635 2.625 0.618 1.659 0.650 1.457 0.048 0.002 0.000 0.000 0.000 0.000 0.000 0.000 0.000 0.000 0.000 0.000 0.000 0.000 0.000 0.000 0.000 0.000 0.000 0.000 0.000 0.000 0.000 0.000 0.000 0.000
-999.250 -999.250 -999.250 -999.250 53.760 52.611 53.522 56.618 62.171 69.734 73.628 81.782 99.502 112.156 123.109 136.965 119.062 101.028 75.631 51.908 43.272 40.207 34.217 33.197 32.072 29.419 26.416 25.281 24.701 24.579 22.013 21.693 13.727 11.325 11.459 9.225 6.000 4.388 3.596 4.279 3.987 3.084 4.046 3.331 0.966 0.000 0.000 0.000 0.000 0.000 0.000 0.000 0.000 0.000 0.000 0.000 0.000 0.000 0.000 0.000 0.000 0.000 0.000 0.000 0.000 1.587 2.719 3.689
-999.250 -999.250 -999.250 -999.250 56.295 57.777 61.766 60.111 66.313 66.405 75.542 87.499 89.170 101.539 101.429 109.464 99.895 85.823 66.766 53.701 39.525 39.754 42.177 36.666 38.311 37.294 31.929 33.927 33.098 33.349 25.375 24.247 21.257 17.120 16.115 11.143 8.861 6.945 7.890 6.476 6.763 6.011 5.957 5.981 4.222 0.983 0.000 0.000 0.000 0.000 0.000 0.000 0.000 0.000 0.000 0.000 0.000 0.000 0.000 0.000 0.000 0.000 0.000 0.768 4.646 5.710 5.300 7.323
-999.250 -999.250 -999.250 -999.250 56.052 60.900 65.213 70.741 64.867 69.692 76.073 80.961 84.396 86.657 94.166 93.725 85.112 77.133 62.819 48.137 41.101 41.886 44.931 42.988 42.858 39.475 40.412 34.979 38.335 39.139 32.587 32.377 29.178 23.610 17.929 15.011 14.578 11.955 10.333 10.904 9.932 8.237 8.159 11.447 5.538 2.650 0.000 0.000 0.000 0.000 0.000 0.000 0.000 0.000 0.000 0.000 0.000 0.000 0.000 0.000 0.000 2.626 2.808 4.634 6.772 9.137 10.855 9.932
-999.250 -999.250 -999.250 -999.250 62.822 65.828 68.200 74.822 73.164 72.947 74.236 84.695 84.834 75.653 83.921 78.334 76.692 66.061 56.369 47.218 42.981 41.242 46.828 43.783 46.180 44.408 44.717 48.669 46.301 48.510 41.686 43.306 37.127 30.504 25.289 20.807 19.395 16.310 13.271 13.160 12.711 11.643 9.835 8.816 5.803 3.094 0.000 0.000 0.000 0.000 0.000 0.000 0.000 0.000 0.000 0.000 0.000 0.000 0.000 0.000 3.069 5.306 6.311 8.209 10.772 13.746 17.825 16.520
-999.250 -999.250 -999.250 -999.250 56.336 60.647 66.730 72.217 72.774 68.709 73.525 80.888 78.870 77.291 73.729 73.062 68.530 62.357 56.455 49.880 47.952 44.658 38.684 46.816 46.849 54.531 51.645 55.154 54.965 57.557 50.513 51.885 44.047 37.572 35.363 27.475 26.799 20.105 16.127 11.062 15.797 11.346 10.409 8.667 4.328 2.341 0.000 0.000 0.000 0.000 0.000 0.000 0.000 0.000 0.000 0.000 0.000 0.000 1.894 4.637 6.397 9.994 10.731 15.139 17.039 19.967 24.756 24.007
-999.250 -999.250 -999.250 51.678 62.158 59.626 64.850 64.160 67.280 70.900 72.979 73.216 66.269 74.428 63.919 68.129 59.596 66.268 60.031 52.820 59.173 54.684 44.691 47.451 53.097 55.228 45.950 54.569 62.495 58.279 55.783 46.778 48.483 43.695 37.755 35.173 28.302 21.958 15.895 14.943 14.770 11.651 8.659 6.986 4.172 2.343 0.000 0.000 0.000 0.000 0.000 0.000 0.000 0.000 0.000 0.000 0.000 4.350 5.981 10.371 12.187 14.391 18.834 21.855 24.063 34.123 35.869 37.804
-999.250 -999.250 -999.250 53.176 60.134 63.584 58.346 70.389 75.318 73.609 75.934 69.711 70.328 67.764 63.604 69.569 69.054 65.051 60.498 53.909 52.284 51.859 47.756 46.753 49.958 60.352 61.786 65.702 58.470 64.744 65.709 65.971 57.079 46.834 42.679 38.026 28.655 22.256 16.825 18.083 16.197 10.618 9.278 6.109 4.521 2.433 1.188 0.000 0.000 0.000 0.000 0.000 0.000 0.000 0.000 0.344 3.181 5.964 10.158 12.848 19.978 23.889 28.284 31.035 36.988 41.821 41.427 45.461
-999.250 -999.250 -999.250 58.808 63.222 62.283 72.066 80.167 82.462 71.936 75.891 72.182 72.483 71.366 69.441 70.433 70.907 63.801 66.096 60.070 52.376 50.407 46.777 43.171 48.119 52.738 60.683 68.111 70.634 66.831 73.936 70.370 61.698 52.585 39.066 37.583 29.790 26.698 23.091 19.515 15.348 11.230 8.781 5.447 5.198 2.375 0.481 0.000 0.000 0.000 0.000 0.000 0.000 0.000 1.247 1.586 4.685 10.648 13.531 20.697 28.518 37.043 38.257 46.641 51.284 59.071 51.937 55.326
-999.250 -999.250 59.727 59.803 59.641 64.106 72.947 72.806 79.437 73.429 75.268 70.625 78.572 71.636 68.928 72.598 72.517 65.354 58.682 54.636 53.899 46.801 41.519 49.722 44.841 49.641 58.976 67.850 70.157 75.945 74.371 74.532 62.684 45.133 44.519 40.518 32.658 27.038 20.211 18.050 15.206 10.946 7.170 7.592 4.214 1.900 0.000 0.000 0.000 0.000 0.000 0.000 0.000 0.000 1.035 3.668 8.646 12.059 17.893 26.494 38.804 40.502 45.976 48.726 59.684 63.550 70.787 64.576
-999.250 -999.250 60.118 53.686 63.163 58.486 63.464 69.973 70.480 85.973 83.537 79.721 79.299 80.455 76.784 76.397 71.498 68.320 53.416 58.243 -999.250 52.444 44.055 43.120 41.641 52.188 64.887 63.572 75.662 91.497 80.763 73.409 62.293 41.130 36.418 37.771 27.821 27.310 21.130 15.794 12.249 9.262 6.129 4.820 2.647 2.185 0.044 0.000 0.000 0.000 0.000 0.000 0.000 0.729 3.308 7.549 11.701 17.238 22.952 36.954 44.560 56.243 56.069 63.740 68.828 73.603 76.725 76.310
-999.250 54.415 59.503 55.865 63.638 69.847 71.573 72.798 77.466 82.498 83.934 84.986 79.640 83.939 87.085 76.787 79.556 71.366 59.737 -999.250 -999.250 52.813 47.070 45.426 48.262 60.523 64.704 67.727 68.862 74.486 71.024 58.251 54.476 42.850 34.488 33.763 30.080 23.655 17.765 15.345 10.469 6.295 5.765 3.970 2.245 0.957 0.000 0.000 0.000 0.000 0.000 0.000 0.001 3.343 5.543 8.358 13.461 19.392 24.625 40.268 51.856 59.557 70.143 72.746 80.489 87.871 86.312 95.449
-999.250 49.027 53.476 53.664 61.650 67.130 67.786 73.467 75.816 88.165 86.421 86.132 82.364 85.099 84.686 74.724 71.805 67.621 -999.250 -999.250 -999.250 -999.250 39.111 45.592 45.989 45.957 51.337 59.350 58.146 58.303 60.043 49.783 43.903 39.203 30.696 31.168 28.691 19.832 16.995 14.239 7.880 6.541 3.711 2.246 2.503 0.833 0.000 0.000 0.000 0.000 0.000 0.000 1.387 4.085 5.189 10.773 15.296 25.559 32.429 39.508 59.192 69.116 76.280 87.300 97.049 102.795 97.475 99.774
