data/medianmodel_26-May-2020.asc
ncols	141
nrows	288
xllcorner	-120191.398
yllcorner	-301404.813
cellsize	2000.000
NODATA_value	-999.250
[rows 248 to 278 of 288, columns 0 to 68 of 141]
-999.250 -999.250 -999.250 -999.250 -999.250 -999.250 -999.250 -999.250 -999.250 -999.250 -999.250 -999.250 -999.250 -999.250 -999.250 -999.250 -999.250 -999.250 -999.250 -999.250 -999.250 -999.250 -999.250 -999.250 -999.250 -999.250 -999.250 -999.250 -999.250 -999.250 3.613 2.856 2.205 3.650 2.748 2.526 2.684 2.403 0.606 2.790 3.145 2.270 0.530 2.442 1.991 2.278 2.436 0.079 0.000 0.000 0.565 0.000 0.409 0.000 0.000 0.000 0.000 0.000 0.000 0.000 0.000 0.000 0.000 0.000 0.569 0.000 0.490 2.112 2.106
-999.250 -999.250 -999.250 -999.250 -999.250 -999.250 -999.250 -999.250 -999.250 -999.250 -999.250 -999.250 -999.250 -999.250 -999.250 -999.250 -999.250 -999.250 -999.250 -999.250 -999.250 -999.250 -999.250 -999.250 -999.250 -999.250 -999.250 -999.250 -999.250 -999.250 4.850 3.687 3.068 3.375 2.841 2.387 1.949 2.006 0.621 0.000 0.000 1.672 0.359 1.694 1.606 2.234 1.009 0.000 0.000 0.163 0.759 0.000 0.000 0.000 0.000 0.000 0.000 0.000 0.000 0.051 0.784 0.980 0.000 0.000 2.637 2.777 0.451 3.465 2.011
-999.250 -999.250 -999.250 -999.250 -999.250 -999.250 -999.250 -999.250 -999.250 -999.250 -999.250 -999.250 -999.250 -999.250 -999.250 -999.250 -999.250 -999.250 -999.250 -999.250 -999.250 -999.250 -999.250 -999.250 -999.250 -999.250 -999.250 -999.250 -999.250 -999.250 3.215 3.350 4.367 2.904 1.556 1.634 1.273 1.708 0.000 0.000 0.000 0.000 0.454 0.108 2.549 1.876 2.006 1.899 0.677 0.418 0.883 0.114 0.000 0.000 0.000 0.000 0.000 0.000 0.000 0.614 1.969 2.649 0.144 0.505 0.030 1.508 0.914 2.659 1.832
-999.250 -999.250 -999.250 -999.250 -999.250 -999.250 -999.250 -999.250 -999.250 -999.250 -999.250 -999.250 -999.250 -999.250 -999.250 -999.250 -999.250 -999.250 -999.250 -999.250 -999.250 -999.250 -999.250 -999.250 -999.250 -999.250 -999.250 -999.250 -999.250 -999.250 2.354 0.512 2.427 1.578 3.375 0.295 0.107 0.000 0.000 0.000 0.000 0.000 0.000 0.552 0.630 2.285 0.966 5.284 4.050 1.204 3.357 0.768 0.000 0.000 0.000 0.000 0.000 0.000 0.000 0.788 1.724 1.093 0.606 0.609 3.222 0.934 0.291 1.762 2.759
-999.250 -999.250 -999.250 -999.250 -999.250 -999.250 -999.250 -999.250 -999.250 -999.250 -999.250 -999.250 -999.250 -999.250 -999.250 -999.250 -999.250 -999.250 -999.250 -999.250 -999.250 -999.250 -999.250 -999.250 -999.250 -999.250 -999.250 -999.250 -999.250 2.188 0.704 1.128 1.803 2.231 0.842 2.443 1.283 0.000 0.000 0.000 0.000 0.878 3.130 1.668 1.444 2.915 2.669 4.325 4.429 1.429 1.587 0.421 0.000 0.000 0.000 0.147 0.165 1.134 0.745 0.000 1.308 3.123 2.288 1.466 0.788 0.727 0.157 0.000 0.000
-999.250 -999.250 -999.250 -999.250 -999.250 -999.250 -999.250 -999.250 -999.250 -999.250 -999.250 -999.250 -999.250 -999.250 -999.250 -999.250 -999.250 -999.250 -999.250 -999.250 -999.250 -999.250 -999.250 -999.250 -999.250 -999.250 -999.250 -999.250 -999.250 -999.250 1.030 1.902 3.328 3.383 1.775 4.338 3.497 1.264 0.000 0.000 0.000 1.334 1.301 1.755 1.279 3.514 2.447 3.783 3.285 3.297 0.280 0.000 0.130 0.460 0.000 1.150 0.000 0.000 0.767 0.480 0.133 2.117 1.159 0.000 0.000 1.940 0.000 1.083 0.590
-999.250 -999.250 -999.250 -999.250 -999.250 -999.250 -999.250 -999.250 -999.250 -999.250 -999.250 -999.250 -999.250 -999.250 -999.250 -999.250 -999.250 -999.250 -999.250 -999.250 -999.250 -999.250 -999.250 -999.250 -999.250 -999.250 -999.250 -999.250 -999.250 -999.250 3.034 2.214 2.907 4.842 5.140 4.928 4.996 2.110 3.173 3.018 0.119 2.395 3.075 0.784 3.590 4.424 1.018 1.906 1.515 0.094 1.017 0.170 0.000 0.000 0.000 1.929 1.139 0.839 0.000 2.214 1.373 0.681 0.000 0.000 0.000 0.000 0.000 0.122 1.306
-999.250 -999.250 -999.250 -999.250 -999.250 -999.250 -999.250 -999.250 -999.250 -999.250 -999.250 -999.250 -999.250 -999.250 -999.250 -999.250 -999.250 -999.250 -999.250 -999.250 -999.250 -999.250 -999.250 -999.250 -999.250 -999.250 -999.250 -999.250 -999.250 -999.250 -999.250 2.585 3.088 4.817 7.304 5.595 2.859 3.600 2.672 2.870 2.873 4.038 6.660 1.875 2.246 0.461 1.022 2.212 2.738 1.345 0.598 0.045 2.244 1.697 0.000 0.000 1.841 2.751 1.603 0.324 0.000 0.734 0.000 0.000 0.000 0.000 0.000 0.000 2.220
-999.250 -999.250 -999.250 -999.250 -999.250 -999.250 -999.250 -999.250 -999.250 -999.250 -999.250 -999.250 -999.250 -999.250 -999.250 -999.250 -999.250 -999.250 -999.250 -999.250 -999.250 -999.250 -999.250 -999.250 -999.250 -999.250 -999.250 -999.250 -999.250 -999.250 -999.250 1.543 2.071 2.310 2.632 2.136 5.307 3.142 4.106 2.760 2.545 2.867 2.581 2.377 1.432 0.927 1.671 2.345 2.030 0.000 0.000 0.385 1.152 1.483 0.000 0.521 0.364 0.647 1.393 1.707 0.535 0.108 0.000 0.000 0.000 0.000 0.000 0.917 2.590
-999.250 -999.250 -999.250 -999.250 -999.250 -999.250 -999.250 -999.250 -999.250 -999.250 -999.250 -999.250 -999.250 -999.250 -999.250 -999.250 -999.250 -999.250 -999.250 -999.250 -999.250 -999.250 -999.250 -999.250 -999.250 -999.250 -999.250 -999.250 -999.250 -999.250 0.000 0.000 0.380 3.168 2.934 3.005 3.945 3.767 4.513 4.132 3.619 4.683 2.435 3.680 3.421 2.290 0.000 0.764 0.660 0.019 0.318 1.139 0.321 2.315 0.145 0.245 1.350 2.086 2.521 0.654 0.000 0.000 0.000 0.000 0.000 0.000 0.000 0.000 0.387
-999.250 -999.250 -999.250 -999.250 -999.250 -999.250 -999.250 -999.250 -999.250 -999.250 -999.250 -999.250 -999.250 -999.250 -999.250 -999.250 -999.250 -999.250 -999.250 -999.250 -999.250 -999.250 -999.250 -999.250 -999.250 -999.250 -999.250 -999.250 -999.250 -999.250 0.000 0.000 0.528 0.000 0.209 1.122 0.003 4.081 3.269 4.463 3.695 2.783 2.472 2.181 2.496 0.117 0.000 0.000 2.730 0.184 1.144 0.475 0.461 0.716 1.662 1.058 1.318 2.488 3.325 0.144 0.148 0.000 0.000 0.000 0.000 0.000 0.000 0.000 0.962
-999.250 -999.250 -999.250 -999.250 -999.250 -999.250 -999.250 -999.250 -999.250 -999.250 -999.250 -999.250 -999.250 -999.250 -999.250 -999.250 -999.250 -999.250 -999.250 -999.250 -999.250 -999.250 -999.250 -999.250 -999.250 -999.250 -999.250 -999.250 -999.250 -999.250 0.423 0.428 1.750 0.974 1.447 2.172 1.436 2.512 4.822 4.885 6.599 2.652 3.932 1.025 0.336 0.000 0.000 0.012 2.700 0.709 1.192 0.508 0.895 1.543 1.834 1.462 1.862 2.982 1.003 0.316 0.000 0.834 0.164 0.000 0.000 0.000 0.000 0.000 1.757
-999.250 -999.250 -999.250 -999.250 -999.250 -999.250 -999.250 -999.250 -999.250 -999.250 -999.250 -999.250 -999.250 -999.250 -999.250 -999.250 -999.250 -999.250 -999.250 -999.250 -999.250 -999.250 -999.250 -999.250 -999.250 -999.250 -999.250 -999.250 -999.250 -999.250 0.937 1.729 1.695 2.250 0.747 0.337 0.659 4.210 3.852 3.562 3.979 1.942 1.047 1.395 0.030 0.402 0.000 0.290 0.737 1.969 1.805 0.639 0.325 0.130 0.135 0.416 3.721 0.714 0.000 0.000 0.242 2.841 0.860 0.000 0.631 0.520 0.000 1.857 1.526
-999.250 -999.250 -999.250 -999.250 -999.250 -999.250 -999.250 -999.250 -999.250 -999.250 -999.250 -999.250 -999.250 -999.250 -999.250 -999.250 -999.250 -999.250 -999.250 -999.250 -999.250 -999.250 -999.250 -999.250 -999.250 -999.250 -999.250 -999.250 -999.250 -999.250 0.835 1.998 1.252 1.122 0.547 0.675 2.468 2.490 3.697 1.872 1.046 3.100 0.347 1.237 0.420 0.000 0.337 2.646 3.918 2.378 1.514 0.061 0.629 0.093 0.000 0.000 1.425 2.471 0.000 0.871 0.037 2.147 3.119 0.988 0.735 2.023 1.897 0.955 0.986
-999.250 -999.250 -999.250 -999.250 -999.250 -999.250 -999.250 -999.250 -999.250 -999.250 -999.250 -999.250 -999.250 -999.250 -999.250 -999.250 -999.250 -999.250 -999.250 -999.250 -999.250 -999.250 -999.250 -999.250 -999.250 -999.250 -999.250 -999.250 -999.250 -999.250 1.590 2.011 0.000 0.767 0.000 0.000 0.284 2.939 2.915 0.452 2.955 2.181 0.747 0.607 1.319 1.991 3.587 0.785 1.546 2.573 0.565 2.426 1.730 0.000 0.000 0.000 0.363 0.000 0.411 1.477 1.337 1.744 2.052 1.986 2.109 2.021 0.033 0.719 1.391
-999.250 -999.250 -999.250 -999.250 -999.250 -999.250 -999.250 -999.250 -999.250 -999.250 -999.250 -999.250 -999.250 -999.250 -999.250 -999.250 -999.250 -999.250 -999.250 -999.250 -999.250 -999.250 -999.250 -999.250 -999.250 -999.250 -999.250 -999.250 -999.250 0.000 0.042 0.063 0.162 0.000 0.893 0.840 0.259 1.239 1.027 0.753 2.462 2.041 2.656 2.188 2.693 0.481 1.763 0.900 1.364 2.280 1.605 3.601 2.484 2.386 1.920 0.156 0.000 1.203 0.005 1.975 1.933 0.768 2.157 2.222 4.071 1.651 4.141 3.076 1.846
-999.250 -999.250 -999.250 -999.250 -999.250 -999.250 -999.250 -999.250 -999.250 -999.250 -999.250 -999.250 -999.250 -999.250 -999.250 -999.250 -999.250 -999.250 -999.250 -999.250 -999.250 -999.250 -999.250 -999.250 -999.250 -999.250 -999.250 -999.250 -999.250 0.000 0.000 0.000 0.000 0.000 0.000 0.952 3.658 2.774 0.034 0.000 1.091 0.000 0.473 0.883 1.786 2.133 2.260 0.194 0.000 0.000 0.000 3.395 1.925 4.230 1.659 2.216 1.341 0.638 0.000 1.244 2.432 2.628 3.413 5.096 5.118 2.190 2.330 2.333 3.175
-999.250 -999.250 -999.250 -999.250 -999.250 -999.250 -999.250 -999.250 -999.250 -999.250 -999.250 -999.250 -999.250 -999.250 -999.250 -999.250 -999.250 -999.250 -999.250 -999.250 -999.250 -999.250 -999.250 -999.250 -999.250 -999.250 -999.250 -999.250 0.000 0.000 0.000 0.000 0.000 0.000 0.000 1.428 3.687 0.000 0.000 0.000 0.000 0.000 0.000 0.000 1.865 1.692 0.000 0.000 0.000 0.000 0.000 2.043 2.503 3.124 3.406 3.281 2.960 1.429 1.584 1.303 1.990 2.529 3.252 5.908 3.410 2.579 2.306 3.037 1.729
-999.250 -999.250 -999.250 -999.250 -999.250 -999.250 -999.250 -999.250 -999.250 -999.250 -999.250 -999.250 -999.250 -999.250 -999.250 -999.250 -999.250 -999.250 -999.250 -999.250 -999.250 -999.250 -999.250 -999.250 -999.250 -999.250 -999.250 -999.250 0.000 0.000 0.000 0.000 0.000 0.000 0.000 0.000 0.000 0.000 0.000 0.000 0.000 0.000 0.000 0.000 0.090 1.300 0.000 0.000 0.000 0.000 0.272 0.088 2.546 3.792 2.571 3.817 3.056 2.965 1.761 1.116 0.000 1.286 4.276 2.364 3.410 5.238 4.736 2.329 1.741
-999.250 -999.250 -999.250 -999.250 -999.250 -999.250 -999.250 -999.250 -999.250 -999.250 -999.250 -999.250 -999.250 -999.250 -999.250 -999.250 -999.250 -999.250 -999.250 -999.250 -999.250 -999.250 -999.250 -999.250 -999.250 -999.250 -999.250 0.000 0.000 0.000 0.000 0.000 0.000 0.000 0.000 0.150 0.000 0.000 0.000 0.000 0.000 0.000 0.000 0.000 0.000 0.681 0.000 0.000 0.000 1.789 0.596 2.416 1.797 3.211 2.415 4.159 4.775 3.677 3.767 2.563 1.068 2.001 2.161 3.482 5.236 4.904 5.845 4.711 4.250
-999.250 -999.250 -999.250 -999.250 -999.250 -999.250 -999.250 -999.250 -999.250 -999.250 -999.250 -999.250 -999.250 -999.250 -999.250 -999.250 -999.250 -999.250 -999.250 -999.250 -999.250 -999.250 -999.250 -999.250 -999.250 -999.250 -999.250 0.000 0.000 0.000 0.000 0.000 0.000 0.000 0.000 0.000 0.000 0.000 0.000 0.000 0.000 0.000 0.000 0.339 0.280 0.163 0.871 0.000 0.000 1.547 2.233 1.051 1.787 3.667 2.829 2.494 3.275 3.711 3.351 1.772 1.031 2.742 3.764 4.257 6.591 3.080 4.887 3.873 4.312
-999.250 -999.250 -999.250 -999.250 -999.250 -999.250 -999.250 -999.250 -999.250 -999.250 -999.250 -999.250 -999.250 -999.250 -999.250 -999.250 -999.250 -999.250 -999.250 -999.250 -999.250 -999.250 -999.250 -999.250 -999.250 -999.250 -999.250 0.000 0.000 0.000 0.000 0.000 0.000 0.000 0.000 0.000 0.000 0.000 0.000 0.000 0.000 0.000 0.000 0.000 0.267 0.322 2.692 0.000 0.000 0.000 1.509 1.303 1.778 3.218 3.575 3.314 3.898 2.607 6.295 1.007 1.451 3.282 4.242 5.491 5.396 5.693 3.766 5.085 7.177
-999.250 -999.250 -999.250 -999.250 -999.250 -999.250 -999.250 -999.250 -999.250 -999.250 -999.250 -999.250 -999.250 -999.250 -999.250 -999.250 -999.250 -999.250 -999.250 -999.250 -999.250 -999.250 -999.250 -999.250 -999.250 -999.250 -999.250 0.000 0.000 0.000 0.000 0.000 0.000 0.000 0.000 0.000 0.000 0.000 0.000 0.000 0.000 0.000 0.000 0.000 2.692 2.737 1.082 0.541 0.227 0.000 0.705 2.276 1.100 2.855 2.038 2.243 3.810 5.511 6.051 3.188 3.039 4.311 5.497 4.557 4.775 4.150 3.093 5.304 5.579
-999.250 -999.250 -999.250 -999.250 -999.250 -999.250 -999.250 -999.250 -999.250 -999.250 -999.250 -999.250 -999.250 -999.250 -999.250 -999.250 -999.250 -999.250 -999.250 -999.250 -999.250 -999.250 -999.250 -999.250 -999.250 -999.250 -999.250 0.000 0.000 0.000 0.000 0.000 0.000 0.000 0.000 0.000 0.000 0.688 1.638 1.107 0.000 0.502 0.268 1.264 0.221 1.842 0.366 1.876 0.000 0.155 1.383 2.093 1.693 1.814 1.333 3.281 3.367 5.402 7.354 5.721 5.493 2.835 3.886 4.652 5.521 2.791 3.699 3.218 3.887
-999.250 -999.250 -999.250 -999.250 -999.250 -999.250 -999.250 -999.250 -999.250 -999.250 -999.250 -999.250 -999.250 -999.250 -999.250 -999.250 -999.250 -999.250 -999.250 -999.250 -999.250 -999.250 -999.250 -999.250 -999.250 -999.250 -999.250 0.000 0.000 0.000 0.000 0.000 0.000 0.000 0.000 0.000 0.000 0.078 0.762 0.052 0.666 0.362 1.649 0.854 0.000 1.441 2.445 1.227 0.802 0.298 1.141 2.375 1.812 2.439 3.543 3.446 3.528 4.808 5.668 7.686 5.847 3.136 2.525 4.674 4.129 4.302 4.942 4.596 3.558
-999.250 -999.250 -999.250 -999.250 -999.250 -999.250 -999.250 -999.250 -999.250 -999.250 -999.250 -999.250 -999.250 -999.250 -999.250 -999.250 -999.250 -999.250 -999.250 -999.250 -999.250 -999.250 -999.250 -999.250 -999.250 -999.250 0.000 0.000 0.000 0.000 0.000 0.000 0.000 0.000 0.000 0.000 0.000 0.285 0.000 0.594 0.160 2.399 2.371 1.875 2.109 0.846 0.850 0.759 1.627 1.617 0.465 2.418 1.747 2.253 2.561 2.405 4.172 5.045 4.464 4.001 3.924 4.729 4.300 4.406 3.414 4.944 4.020 4.389 4.222
-999.250 -999.250 -999.250 -999.250 -999.250 -999.250 -999.250 -999.250 -999.250 -999.250 -999.250 -999.250 -999.250 -999.250 -999.250 -999.250 -999.250 -999.250 -999.250 -999.250 -999.250 -999.250 -999.250 -999.250 -999.250 -999.250 0.000 0.000 0.000 0.000 0.000 0.000 0.000 0.000 0.000 0.000 0.000 0.000 0.000 2.350 3.050 5.338 3.686 1.629 1.409 1.068 2.087 1.082 0.508 0.000 0.559 1.818 1.839 2.734 1.800 1.792 3.753 4.603 4.361 4.012 5.399 4.518 5.803 3.767 5.070 7.223 5.151 3.239 4.618
-999.250 -999.250 -999.250 -999.250 -999.250 -999.250 -999.250 -999.250 -999.250 -999.250 -999.250 -999.250 -999.250 -999.250 -999.250 -999.250 -999.250 -999.250 -999.250 -999.250 -999.250 -999.250 -999.250 -999.250 -999.250 0.000 0.000 0.000 0.000 0.000 0.000 0.000 0.000 0.000 0.000 0.000 0.000 1.478 1.649 2.719 3.468 5.407 4.938 2.427 0.019 0.000 0.000 0.000 0.202 0.000 0.295 1.356 1.137 3.111 2.927 4.512 4.280 3.808 2.628 4.060 4.158 4.501 2.301 3.883 5.079 5.743 4.784 6.659 4.759
-999.250 -999.250 -999.250 -999.250 -999.250 -999.250 -999.250 -999.250 -999.250 -999.250 -999.250 -999.250 -999.250 -999.250 -999.250 -999.250 -999.250 -999.250 -999.250 -999.250 -999.250 -999.250 -999.250 -999.250 -999.250 0.000 0.000 0.000 0.000 0.000 0.000 0.000 0.000 0.000 0.000 0.000 0.000 0.188 1.735 1.687 2.724 2.122 2.616 1.652 0.000 0.000 0.000 0.000 0.517 0.374 0.306 2.310 2.569 4.597 6.931 4.675 4.248 5.476 3.341 4.567 4.925 5.492 3.250 2.720 3.025 4.196 3.667 6.293 7.176
-999.250 -999.250 -999.250 -999.250 -999.250 -999.250 -999.250 -999.250 -999.250 -999.250 -999.250 -999.250 -999.250 -999.250 -999.250 -999.250 -999.250 -999.250 -999.250 -999.250 -999.250 -999.250 -999.250 -999.250 -999.250 0.000 0.000 0.000 0.000 0.000 0.000 0.000 0.000 0.000 0.000 0.000 0.000 0.000 0.000 0.952 2.217 0.382 0.000 0.065 0.000 0.000 0.000 0.000 0.000 0.388 2.760 2.965 3.231 2.823 6.121 5.056 4.876 2.532 5.480 4.755 5.043 4.359 5.823 4.193 2.566 4.650 3.063 5.510 4.646
-999.250 -999.250 -999.250 -999.250 -999.250 -999.250 -999.250 -999.250 -999.250 -999.250 -999.250 -999.250 -999.250 -999.250 -999.250 -999.250 -999.250 -999.250 -999.250 -999.250 -999.250 -999.250 -999.250 -999.250 0.000 0.000 0.000 0.000 0.000 0.000 0.000 0.000 0.000 0.000 0.000 0.000 0.000 0.000 0.000 1.316 0.350 0.000 0.000 0.000 0.000 0.000 0.000 0.000 0.000 0.000 0.867 2.019 2.331 1.893 6.302 7.482 6.891 5.588 3.820 4.923 2.739 2.999 3.566 3.982 3.978 3.947 3.681 5.579 5.709
