data/medianmodel_14-Dec-2020.asc
ncols	141
nrows	288
xllcorner	-120191.398
yllcorner	-301404.813
cellsize	2000.000
NODATA_value	-999.250
[rows 0 to 28 of 288, columns 64 to 127 of 141]
-999.250 -999.250 -999.250 -999.250 -999.250 -999.250 -999.250 -999.250 -999.250 -999.250 -999.250 -999.250 -999.250 -999.250 -999.250 -999.250 -999.250 -999.250 -999.250 -999.250 -999.250 -999.250 -999.250 -999.250 -999.250 -999.250 -999.250 -999.250 -999.250 -999.250 -999.250 -999.250 -999.250 -999.250 -999.250 -999.250 -999.250 -999.250 -999.250 -999.250 -999.250 -999.250 -999.250 -999.250 -999.250 -999.250 -999.250 -999.250 -999.250 -999.250 -999.250 -999.250 -999.250 -999.250 -999.250 -999.250 -999.250 -999.250 -999.250 -999.250 -999.250 -999.250 -999.250 -999.250
-999.250 -999.250 -999.250 -999.250 -999.250 -999.250 -999.250 -999.250 -999.250 -999.250 -999.250 -999.250 -999.250 -999.250 -999.250 -999.250 -999.250 -999.250 -999.250 -999.250 -999.250 -999.250 -999.250 -999.250 -999.250 -999.250 -999.250 -999.250 -999.250 -999.250 -999.250 -999.250 -999.250 -999.250 -999.250 -999.250 -999.250 -999.250 -999.250 -999.250 -999.250 -999.250 -999.250 -999.250 -999.250 -999.250 -999.250 -999.250 -999.250 -999.250 -999.250 -999.250 -999.250 -999.250 -999.250 -999.250 -999.250 -999.250 -999.250 -999.250 -999.250 -999.250 -999.250 -999.250
-999.250 -999.250 -999.250 -999.250 -999.250 -999.250 -999.250 -999.250 -999.250 -999.250 -999.250 -999.250 -999.250 -999.250 -999.250 -999.250 -999.250 -999.250 -999.250 -999.250 -999.250 -999.250 -999.250 -999.250 -999.250 -999.250 -999.250 -999.250 -999.250 -999.250 -999.250 -999.250 -999.250 -999.250 -999.250 -999.250 -999.250 -999.250 -999.250 -999.250 -999.250 -999.250 -999.250 -999.250 -999.250 -999.250 -999.250 -999.250 -999.250 -999.250 -999.250 -999.250 -999.250 -999.250 -999.250 -999.250 -999.250 -999.250 -999.250 -999.250 -999.250 -999.250 -999.250 -999.250
-999.250 -999.250 -999.250 -999.250 -999.250 -999.250 -999.250 -999.250 -999.250 -999.250 -999.250 -999.250 -999.250 -999.250 -999.250 -999.250 -999.250 -999.250 -999.250 -999.250 -999.250 -999.250 -999.250 -999.250 -999.250 -999.250 -999.250 -999.250 -999.250 -999.250 -999.250 -999.250 -999.250 -999.250 -999.250 -999.250 -999.250 -999.250 -999.250 -999.250 -999.250 -999.250 -999.250 -999.250 -999.250 -999.250 -999.250 -999.250 -999.250 -999.250 -999.250 -999.250 -999.250 -999.250 -999.250 -999.250 -999.250 -999.250 -999.250 -999.250 -999.250 -999.250 -999.250 -999.250
-999.250 -999.250 -999.250 -999.250 -999.250 -999.250 -999.250 -999.250 -999.250 -999.250 -999.250 -999.250 -999.250 -999.250 -999.250 -999.250 -999.250 -999.250 -999.250 -999.250 -999.250 -999.250 -999.250 -999.250 -999.250 -999.250 -999.250 -999.250 -999.250 -999.250 -999.250 -999.250 -999.250 -999.250 -999.250 -999.250 -999.250 -999.250 -999.250 -999.250 -999.250 -999.250 -999.250 -999.250 -999.250 -999.250 -999.250 -999.250 -999.250 -999.250 -999.250 -999.250 -999.250 -999.250 -999.250 -999.250 -999.250 -999.250 -999.250 -999.250 -999.250 -999.250 -999.250 -999.250
-999.250 -999.250 -999.250 -999.250 -999.250 -999.250 -999.250 -999.250 -999.250 -999.250 -999.250 -999.250 -999.250 -999.250 -999.250 -999.250 -999.250 -999.250 -999.250 -999.250 -999.250 -999.250 -999.250 -999.250 -999.250 -999.250 -999.250 -999.250 -999.250 -999.250 -999.250 -999.250 -999.250 -999.250 -999.250 -999.250 -999.250 -999.250 -999.250 -999.250 -999.250 -999.250 -999.250 -999.250 -999.250 -999.250 -999.250 -999.250 -999.250 -999.250 -999.250 -999.250 -999.250 -999.250 -999.250 -999.250 -999.250 -999.250 -999.250 -999.250 -999.250 -999.250 -999.250 -999.250
-999.250 -999.250 -999.250 -999.250 -999.250 -999.250 -999.250 -999.250 -999.250 -999.250 -999.250 -999.250 -999.250 -999.250 -999.250 -999.250 -999.250 -999.250 -999.250 -999.250 -999.250 -999.250 -999.250 -999.250 -999.250 -999.250 -999.250 -999.250 -999.250 -999.250 -999.250 -999.250 -999.250 -999.250 -999.250 -999.250 -999.250 -999.250 -999.250 -999.250 -999.250 -999.250 -999.250 -999.250 -999.250 -999.250 -999.250 -999.250 -999.250 -999.250 -999.250 -999.250 -999.250 -999.250 -999.250 -999.250 -999.250 -999.250 -999.250 -999.250 -999.250 -999.250 -999.250 -999.250
-999.250 -999.250 -999.250 -999.250 -999.250 -999.250 -999.250 -999.250 -999.250 -999.250 -999.250 -999.250 -999.250 -999.250 -999.250 -999.250 -999.250 -999.250 -999.250 -999.250 -999.250 -999.250 -999.250 -999.250 -999.250 -999.250 -999.250 -999.250 -999.250 -999.250 -999.250 -999.250 -999.250 -999.250 -999.250 -999.250 -999.250 -999.250 -999.250 -999.250 -999.250 -999.250 -999.250 -999.250 -999.250 -999.250 -999.250 -999.250 -999.250 -999.250 -999.250 -999.250 -999.250 -999.250 -999.250 -999.250 -999.250 -999.250 -999.250 -999.250 -999.250 -999.250 -999.250 -999.250
-999.250 -999.250 -999.250 -999.250 -999.250 -999.250 -999.250 -999.250 -999.250 -999.250 -999.250 -999.250 -999.250 -999.250 -999.250 -999.250 -999.250 -999.250 -999.250 -999.250 -999.250 -999.250 -999.250 -999.250 -999.250 -999.250 -999.250 -999.250 -999.250 -999.250 -999.250 -999.250 -999.250 -999.250 -999.250 -999.250 -999.250 -999.250 -999.250 -999.250 -999.250 -999.250 -999.250 -999.250 -999.250 -999.250 -999.250 -999.250 -999.250 -999.250 551.705 -999.250 -999.250 -999.250 -999.250 -999.250 -999.250 -999.250 -999.250 -999.250 -999.250 -999.250 -999.250 -999.250
-999.250 -999.250 -999.250 -999.250 -999.250 -999.250 -999.250 -999.250 -999.250 -999.250 -999.250 -999.250 -999.250 -999.250 -999.250 -999.250 -999.250 -999.250 -999.250 -999.250 -999.250 -999.250 -999.250 -999.250 -999.250 -999.250 -999.250 -999.250 -999.250 -999.250 -999.250 -999.250 -999.250 -999.250 -999.250 678.282 622.487 600.722 568.853 -999.250 -999.250 -999.250 -999.250 463.387 -999.250 -999.250 -999.250 -999.250 -999.250 -999.250 554.030 572.274 -999.250 -999.250 -999.250 -999.250 -999.250 -999.250 -999.250 -999.250 -999.250 -999.250 -999.250 -999.250
-999.250 -999.250 -999.250 -999.250 -999.250 -999.250 -999.250 -999.250 -999.250 -999.250 -999.250 -999.250 -999.250 -999.250 -999.250 -999.250 -999.250 -999.250 -999.250 -999.250 -999.250 -999.250 -999.250 -999.250 -999.250 -999.250 -999.250 -999.250 -999.250 -999.250 -999.250 -999.250 -999.250 -999.250 -999.250 700.265 666.879 613.429 551.953 -999.250 -999.250 -999.250 463.566 444.263 441.244 -999.250 -999.250 -999.250 -999.250 -999.250 541.357 604.241 611.914 -999.250 -999.250 -999.250 -999.250 -999.250 -999.250 957.180 1043.425 -999.250 -999.250 -999.250
-999.250 -999.250 -999.250 -999.250 -999.250 -999.250 -999.250 -999.250 -999.250 -999.250 -999.250 -999.250 -999.250 -999.250 -999.250 -999.250 -999.250 -999.250 -999.250 -999.250 -999.250 -999.250 -999.250 -999.250 -999.250 -999.250 -999.250 -999.250 -999.250 -999.250 -999.250 -999.250 -999.250 -999.250 -999.250 743.488 682.979 624.968 549.704 517.970 525.070 469.998 451.986 440.153 441.537 449.034 446.451 468.764 496.979 529.913 591.446 646.711 706.016 695.076 719.950 893.779 850.146 970.673 1010.371 1018.137 1065.117 -999.250 -999.250 -999.250
-999.250 -999.250 -999.250 -999.250 -999.250 443.363 -999.250 -999.250 -999.250 -999.250 -999.250 -999.250 -999.250 -999.250 -999.250 -999.250 -999.250 -999.250 -999.250 -999.250 -999.250 -999.250 -999.250 -999.250 -999.250 -999.250 -999.250 -999.250 -999.250 -999.250 -999.250 -999.250 -999.250 -999.250 -999.250 759.243 736.887 659.813 617.863 538.498 532.239 488.483 485.238 455.253 453.476 462.628 463.666 496.802 515.241 586.195 649.057 664.513 701.649 771.004 793.809 895.398 912.719 992.190 1075.861 1090.433 1098.816 -999.250 -999.250 -999.250
-999.250 -999.250 -999.250 -999.250 -999.250 442.535 -999.250 -999.250 -999.250 -999.250 -999.250 -999.250 -999.250 783.805 -999.250 -999.250 -999.250 -999.250 -999.250 -999.250 -999.250 -999.250 -999.250 -999.250 -999.250 -999.250 -999.250 -999.250 -999.250 -999.250 -999.250 -999.250 -999.250 -999.250 -999.250 834.816 758.811 681.413 622.945 594.812 551.382 488.023 483.620 459.113 453.663 476.613 472.929 509.511 546.836 589.599 627.300 680.457 698.759 835.968 860.563 938.048 1029.452 1064.399 1066.934 1098.613 1155.386 -999.250 -999.250 -999.250
-999.250 -999.250 -999.250 -999.250 -999.250 443.940 -999.250 -999.250 -999.250 -999.250 618.716 620.640 672.805 773.060 931.682 -999.250 -999.250 -999.250 -999.250 -999.250 -999.250 -999.250 -999.250 -999.250 -999.250 -999.250 -999.250 -999.250 -999.250 -999.250 -999.250 -999.250 -999.250 -999.250 -999.250 815.805 773.341 703.539 631.731 599.417 553.687 506.195 462.373 446.563 457.736 471.678 534.101 547.436 586.964 617.394 649.891 685.567 765.940 847.601 892.597 969.310 1071.188 1086.921 1118.270 1203.732 1244.249 1261.909 -999.250 -999.250
-999.250 -999.250 391.559 394.055 415.108 429.710 -999.250 -999.250 532.200 563.700 628.663 637.606 723.960 758.805 836.591 912.402 1002.523 1143.364 -999.250 -999.250 -999.250 -999.250 -999.250 -999.250 -999.250 -999.250 -999.250 -999.250 -999.250 -999.250 -999.250 -999.250 1163.947 1079.876 956.705 879.621 758.558 694.796 656.540 601.906 557.961 487.011 442.153 432.993 460.839 493.184 534.507 573.319 584.590 648.721 688.091 767.491 870.299 922.620 975.154 1026.911 1141.589 1139.882 1197.996 1303.144 1311.639 1289.312 -999.250 -999.250
-999.250 374.537 384.367 402.925 431.607 430.111 -999.250 459.332 504.238 562.268 595.393 656.997 714.281 792.256 810.838 903.360 1017.763 -999.250 -999.250 -999.250 -999.250 -999.250 1649.644 1576.143 -999.250 -999.250 -999.250 1491.060 -999.250 -999.250 1426.774 1275.739 1206.218 1106.498 1011.652 920.695 762.778 719.457 679.959 599.021 562.482 481.560 448.944 453.063 477.429 504.366 571.917 596.504 619.307 645.909 742.104 830.761 949.593 1013.029 1056.706 1070.007 1130.790 1146.429 1161.916 1276.587 1393.892 1337.973 -999.250 -999.250
-999.250 427.298 400.115 408.857 427.521 441.509 453.550 463.721 506.255 530.063 590.753 651.877 700.710 760.472 860.460 1019.983 1053.899 -999.250 -999.250 1381.428 1467.606 1645.789 1697.510 1771.907 1757.261 -999.250 1785.725 1604.984 1614.160 1451.066 1499.900 1366.166 1239.344 1121.347 1030.593 965.625 755.370 704.791 660.135 600.629 540.635 478.675 426.026 433.908 477.228 498.767 564.577 599.828 647.590 709.209 775.458 857.858 952.564 1023.596 1125.150 1121.573 1200.298 1192.818 1274.176 1330.684 1398.632 1541.830 -999.250 -999.250
451.248 421.250 413.091 436.446 443.477 443.978 457.126 479.177 510.941 529.322 577.639 646.000 684.745 776.559 861.273 922.219 1057.872 1158.563 1341.104 1326.978 1581.183 1713.358 1704.930 1708.043 1822.811 1788.131 1769.418 1758.159 1567.592 1514.396 1484.845 1416.849 1246.874 1133.983 1076.524 996.779 854.299 715.518 682.361 613.839 542.676 492.706 461.963 442.104 477.703 521.247 560.519 633.917 700.699 792.778 817.740 933.083 1019.227 1047.589 1119.696 1180.091 1268.545 1317.183 1368.147 1391.466 1484.492 1563.521 -999.250 -999.250
480.283 459.667 421.820 437.956 462.213 462.339 479.542 507.034 531.780 503.382 561.315 592.876 654.728 694.496 825.229 903.112 1065.681 1109.641 1256.897 1407.934 1683.837 1797.004 1789.456 1865.681 1843.559 1783.651 1743.101 1752.849 1654.309 1571.827 1479.809 1365.337 1197.861 1158.476 1047.564 949.631 787.180 768.875 669.587 628.815 579.013 503.690 458.473 480.475 507.574 541.232 598.651 634.830 744.199 794.082 945.086 992.344 1008.675 1059.537 1157.728 1197.248 1296.960 1357.843 1407.969 1521.339 1719.357 1483.401 -999.250 -999.250
515.859 494.960 490.404 467.864 490.032 458.434 479.779 509.979 515.219 526.852 542.545 576.528 618.548 647.390 743.530 797.286 964.805 1122.705 1215.969 1415.101 1562.813 1756.731 1880.563 1900.480 1889.289 1856.802 1778.085 1725.118 1663.700 1542.942 1469.305 1364.202 1203.019 1131.354 1031.848 875.950 814.376 723.623 664.993 611.522 575.520 547.194 484.467 501.323 528.269 518.982 580.304 641.787 713.677 817.488 849.215 994.955 1012.852 1097.189 1194.294 1228.183 1285.357 1416.690 1568.587 1569.460 1831.457 -999.250 -999.250 -999.250
535.305 506.984 467.519 476.120 460.169 450.019 470.280 477.937 480.132 506.139 513.226 504.119 590.794 629.962 690.886 735.993 911.471 1054.542 1132.972 1260.095 1456.313 1687.595 1863.026 2015.606 1945.611 1949.033 1788.617 1674.012 1645.318 1491.439 1353.925 1256.477 1180.645 1153.500 988.507 888.759 801.394 719.930 667.937 611.285 564.336 512.516 479.205 497.314 511.712 546.200 591.635 664.039 712.970 761.271 919.653 1062.125 1068.049 1193.920 1199.619 1295.873 1403.472 1419.890 1514.718 1724.196 1863.254 -999.250 -999.250 -999.250
558.898 506.998 464.696 449.594 455.719 431.968 435.685 458.542 455.250 462.213 470.973 485.881 547.495 567.440 614.719 690.614 767.416 1003.777 1107.762 1272.778 1404.538 1523.070 1797.923 1909.111 1840.625 1855.313 1743.821 1720.396 1599.528 1413.315 1298.607 1241.474 1168.423 1083.805 955.476 900.028 794.468 729.546 655.044 627.640 565.253 536.251 495.668 507.315 541.444 574.313 621.905 668.476 708.284 839.945 1007.441 1057.844 1132.888 1230.545 1254.756 1362.759 1373.923 1525.195 1627.497 1840.490 1902.717 -999.250 -999.250 -999.250
543.591 474.215 474.338 437.372 434.942 413.718 399.873 409.985 413.023 407.774 421.718 465.616 484.368 494.695 534.260 587.797 688.207 864.014 1064.015 1218.338 1347.397 1461.996 1587.402 1733.741 1653.320 1614.404 1579.562 1560.177 1482.088 1377.433 1326.583 1190.200 1126.404 1086.544 986.503 829.578 751.770 715.326 646.564 633.889 569.407 575.746 526.920 507.682 548.026 575.202 621.136 686.428 852.396 835.833 924.438 1055.486 1116.627 1234.512 1233.036 1385.841 1498.518 1682.477 1854.385 1890.392 2040.851 -999.250 -999.250 -999.250
524.851 494.895 476.285 444.781 434.496 396.987 393.175 377.304 385.576 389.380 408.768 426.118 449.442 459.487 472.514 480.192 648.037 810.584 1035.970 1176.106 1313.284 1396.970 1455.980 1563.057 1559.903 1467.568 1445.222 1479.609 1364.857 1395.705 1251.918 1182.866 1109.407 1084.311 856.758 792.911 751.694 686.250 644.164 622.649 587.508 564.057 551.237 528.272 538.003 579.367 656.238 638.077 691.216 828.155 927.434 1065.106 1151.423 1199.538 1344.120 1415.210 1581.611 1764.642 1830.733 2028.258 2162.217 -999.250 -999.250 -999.250
541.345 501.807 459.985 425.790 396.557 393.218 368.429 337.738 346.434 371.012 414.671 420.548 420.731 449.109 479.164 540.507 673.394 881.571 1034.075 1125.071 1203.985 1297.432 1406.279 1441.940 1427.355 1376.332 1377.139 1335.010 1358.131 1261.854 1159.118 1126.930 1005.479 901.425 835.933 779.904 688.272 652.178 604.911 583.650 561.115 532.929 541.194 524.758 546.682 538.501 588.519 627.875 774.842 870.281 957.036 1032.138 1161.505 1251.131 1376.093 1449.801 1766.223 1676.269 1898.189 2069.064 2173.526 2262.474 -999.250 -999.250
533.754 489.897 453.786 410.171 378.354 368.515 352.187 319.939 338.151 353.870 382.131 408.571 448.582 486.119 551.093 614.873 719.555 878.410 984.010 1106.485 1184.270 1229.695 1302.208 1299.937 1381.678 1313.104 1331.126 1322.939 1261.079 1148.517 1187.185 1094.481 1029.598 956.082 853.925 737.329 679.807 645.681 603.489 581.009 560.901 535.737 519.562 515.916 523.081 529.978 589.102 681.057 729.416 868.186 1055.294 1123.164 1230.012 1333.787 1399.987 1487.840 1601.189 1741.087 1826.405 2026.693 2116.271 2380.402 2471.465 -999.250
528.499 463.666 422.642 394.570 350.871 321.667 297.841 286.798 320.299 322.520 354.481 413.845 449.308 525.297 571.906 650.643 734.784 847.080 1009.914 1095.528 1135.972 1190.129 1268.124 1304.579 1284.192 1268.007 1252.731 1262.462 1180.795 1141.066 1068.567 987.394 944.845 874.405 751.098 669.711 655.170 631.130 575.484 549.419 541.994 494.603 506.283 498.267 512.961 547.139 581.334 642.951 730.582 886.452 933.864 1057.840 1217.403 1333.157 1348.711 1475.217 1680.364 1883.741 2026.025 2093.389 2192.606 2334.522 2368.675 2506.588
508.203 470.761 409.910 387.872 337.721 311.323 284.377 276.671 299.329 332.501 364.246 411.700 479.141 559.384 637.814 696.859 777.988 981.901 1059.471 1121.679 1212.323 1163.461 1245.064 1292.721 1264.186 1222.699 1147.044 1159.267 1137.809 1091.064 1058.959 955.232 863.365 789.690 717.848 654.911 639.102 586.665 545.633 525.695 508.328 481.782 449.889 475.386 495.706 517.923 573.398 616.636 671.703 775.561 912.032 1074.492 1206.777 1333.844 1416.837 1492.144 1674.503 1895.972 2020.919 2112.136 2262.580 2391.428 2586.211 2567.911
