data/medianmodel_18-Apr-2020.asc
ncols	141
nrows	288
xllcorner	-120191.398
yllcorner	-301404.813
cellsize	2000.000
NODATA_value	-999.250
[rows 120 to 149 of 288, columns 67 to 133 of 141]
9.467 8.706 8.926 9.075 6.132 6.224 8.039 7.531 4.693 6.876 5.549 3.859 8.590 9.300 7.597 11.367 8.803 11.564 14.271 13.016 15.964 15.661 14.725 14.071 15.762 14.952 14.848 13.957 14.364 15.068 14.129 14.311 13.343 12.379 14.330 15.243 15.187 17.111 18.912 18.054 20.618 20.340 19.440 18.270 19.884 19.079 -999.250 -999.250 -999.250 -999.250 -999.250 -999.250 -999.250 -999.250 -999.250 -999.250 -999.250 -999.250 -999.250 -999.250 -999.250 -999.250 -999.250 -999.250 -999.250 -999.250 -999.250
8.061 10.321 7.268 5.888 5.358 9.068 6.882 6.659 4.614 3.828 5.410 6.407 9.001 10.448 9.031 9.321 9.715 11.325 14.871 16.563 16.209 16.701 16.774 17.032 14.582 14.364 15.694 15.983 14.976 13.094 14.294 12.611 13.576 12.373 15.654 13.117 15.810 19.122 17.770 16.835 19.079 20.204 19.764 18.548 18.630 14.972 -999.250 -999.250 -999.250 -999.250 -999.250 -999.250 -999.250 -999.250 -999.250 -999.250 -999.250 -999.250 -999.250 -999.250 -999.250 -999.250 -999.250 -999.250 -999.250 -999.250 -999.250
8.593 5.755 4.472 0.000 4.989 9.196 7.683 6.231 8.478 6.487 8.244 9.243 6.793 12.532 10.353 9.210 13.181 11.884 14.360 15.236 16.199 17.325 16.027 16.245 17.526 17.827 17.444 16.221 14.779 13.864 11.094 12.659 8.537 8.991 9.456 11.195 14.323 15.206 16.999 16.276 18.169 18.277 17.305 17.963 15.555 13.375 -999.250 -999.250 -999.250 -999.250 -999.250 -999.250 -999.250 -999.250 -999.250 -999.250 -999.250 -999.250 -999.250 -999.250 -999.250 -999.250 -999.250 -999.250 -999.250 -999.250 -999.250
10.570 8.399 4.762 5.303 9.192 9.861 11.862 9.421 8.734 11.005 10.611 12.127 10.820 13.296 12.373 11.550 11.703 14.165 10.586 14.308 15.303 15.008 15.332 18.418 17.248 17.468 17.440 14.338 15.013 14.415 11.505 10.459 6.236 0.000 7.307 11.092 12.839 15.766 16.224 17.879 16.171 16.937 16.487 16.333 15.361 -999.250 -999.250 -999.250 -999.250 -999.250 -999.250 -999.250 -999.250 -999.250 -999.250 -999.250 -999.250 -999.250 -999.250 -999.250 -999.250 -999.250 -999.250 -999.250 -999.250 -999.250 -999.250
13.244 12.664 9.094 9.569 10.667 12.257 12.768 13.176 13.052 11.163 12.360 12.016 14.167 13.676 12.909 13.160 12.167 13.854 16.920 15.285 14.656 16.593 14.793 16.408 18.413 15.516 15.949 14.692 13.206 12.566 11.128 11.182 6.396 5.541 8.942 10.798 11.435 13.840 15.466 19.774 18.224 18.248 14.403 14.070 14.660 -999.250 -999.250 -999.250 -999.250 -999.250 -999.250 -999.250 -999.250 -999.250 -999.250 -999.250 -999.250 -999.250 -999.250 -999.250 -999.250 -999.250 -999.250 -999.250 -999.250 -999.250 -999.250
14.416 13.136 14.290 12.873 12.486 10.946 12.042 13.061 12.567 14.253 12.665 15.637 14.755 14.717 14.000 13.914 14.307 14.028 17.152 15.524 13.328 13.091 15.913 16.023 14.207 14.558 16.816 14.643 13.991 13.792 12.376 10.168 9.156 6.516 9.129 9.221 10.609 15.489 14.779 17.399 16.454 16.668 17.258 14.185 10.706 -999.250 -999.250 -999.250 -999.250 -999.250 -999.250 -999.250 -999.250 -999.250 -999.250 -999.250 -999.250 -999.250 -999.250 -999.250 -999.250 -999.250 -999.250 -999.250 -999.250 -999.250 -999.250
14.569 14.806 17.128 15.665 14.841 13.878 14.322 15.673 14.586 14.063 14.311 17.348 15.197 15.716 15.524 14.776 13.961 14.878 16.130 14.631 14.926 13.093 13.469 13.604 15.372 16.017 16.523 14.510 14.803 12.225 11.617 9.202 10.064 9.050 8.506 11.741 12.759 15.420 14.405 16.143 16.706 17.031 14.982 16.180 14.971 -999.250 -999.250 -999.250 -999.250 -999.250 -999.250 -999.250 -999.250 -999.250 -999.250 -999.250 -999.250 -999.250 -999.250 -999.250 -999.250 -999.250 -999.250 -999.250 -999.250 -999.250 -999.250
16.490 17.023 15.987 15.242 14.822 11.216 13.297 13.284 14.811 17.074 16.145 13.148 12.884 16.406 14.490 14.531 15.243 16.969 16.068 11.725 9.423 9.892 9.571 11.360 13.614 15.731 14.728 12.448 14.136 13.553 13.780 10.322 8.860 9.334 10.621 10.538 15.643 15.146 14.568 14.917 17.169 17.355 14.634 14.803 -999.250 -999.250 -999.250 -999.250 -999.250 -999.250 -999.250 -999.250 -999.250 -999.250 -999.250 -999.250 -999.250 -999.250 -999.250 -999.250 -999.250 -999.250 -999.250 -999.250 -999.250 -999.250 -999.250
17.299 15.418 13.582 12.150 12.362 12.249 12.073 13.516 12.338 13.533 14.474 13.881 13.324 13.287 13.418 15.171 13.945 16.081 11.521 11.281 9.611 1.924 4.384 7.323 12.355 11.573 12.692 14.050 14.571 14.404 11.031 11.622 12.712 11.241 12.887 13.226 14.390 12.982 13.439 17.108 15.311 15.904 13.512 -999.250 -999.250 -999.250 -999.250 -999.250 -999.250 -999.250 -999.250 -999.250 -999.250 -999.250 -999.250 -999.250 -999.250 -999.250 -999.250 -999.250 -999.250 -999.250 -999.250 -999.250 -999.250 -999.250 -999.250
15.822 17.873 15.439 13.618 13.359 12.478 10.395 11.123 12.011 16.202 12.479 14.074 12.979 11.525 14.680 11.447 13.931 12.408 13.163 10.770 9.201 4.986 8.685 9.318 8.061 12.328 12.874 14.006 12.458 11.267 13.834 13.462 12.852 12.393 13.153 12.611 13.053 15.366 15.786 16.298 17.240 15.067 -999.250 -999.250 -999.250 -999.250 -999.250 -999.250 -999.250 -999.250 -999.250 -999.250 -999.250 -999.250 -999.250 -999.250 -999.250 -999.250 -999.250 -999.250 -999.250 -999.250 -999.250 -999.250 -999.250 -999.250 -999.250
17.618 16.042 14.133 12.766 11.290 7.118 9.385 10.010 13.065 12.131 11.648 14.041 12.723 13.063 13.801 11.059 10.845 11.075 10.465 9.793 11.112 10.057 9.631 12.405 11.928 8.798 13.409 13.217 12.512 13.547 12.584 13.147 15.224 11.897 14.574 11.479 11.225 13.724 16.541 17.130 16.150 14.594 -999.250 -999.250 -999.250 -999.250 -999.250 -999.250 -999.250 -999.250 -999.250 -999.250 -999.250 -999.250 -999.250 -999.250 -999.250 -999.250 -999.250 -999.250 -999.250 -999.250 -999.250 -999.250 -999.250 -999.250 -999.250
15.100 14.061 10.210 8.894 11.324 5.967 10.977 8.874 11.996 11.066 11.154 11.447 12.963 11.973 12.227 11.479 11.795 12.189 15.439 11.983 13.988 9.609 11.931 11.909 13.638 12.129 10.852 13.172 13.999 12.943 13.705 14.080 14.971 13.602 14.213 12.713 12.813 11.870 15.024 15.126 15.366 14.838 -999.250 -999.250 -999.250 -999.250 -999.250 -999.250 -999.250 -999.250 -999.250 -999.250 -999.250 -999.250 -999.250 -999.250 -999.250 -999.250 -999.250 -999.250 -999.250 -999.250 -999.250 -999.250 -999.250 -999.250 -999.250
12.755 10.372 4.945 5.765 9.447 10.848 12.782 9.490 11.142 9.602 7.835 9.541 9.110 14.087 12.434 10.996 12.900 10.001 13.627 14.620 12.609 12.426 15.074 13.401 13.042 11.119 12.514 13.453 14.389 14.168 14.111 16.085 15.528 16.598 16.183 14.898 10.791 13.044 15.280 15.865 13.782 17.507 -999.250 -999.250 -999.250 -999.250 -999.250 -999.250 -999.250 -999.250 -999.250 -999.250 -999.250 -999.250 -999.250 -999.250 -999.250 -999.250 -999.250 -999.250 -999.250 -999.250 -999.250 -999.250 -999.250 -999.250 -999.250
11.550 8.205 0.000 5.145 9.584 11.689 12.010 13.331 13.124 10.479 9.364 9.281 10.350 8.363 9.448 11.185 10.021 9.741 11.063 11.924 12.558 12.138 14.662 14.448 14.098 14.711 14.165 15.126 12.831 14.994 15.452 14.930 16.221 16.530 15.214 10.645 11.075 11.024 13.860 14.870 12.276 -999.250 -999.250 -999.250 -999.250 -999.250 -999.250 -999.250 -999.250 -999.250 -999.250 -999.250 -999.250 -999.250 -999.250 -999.250 -999.250 -999.250 -999.250 -999.250 -999.250 -999.250 -999.250 -999.250 -999.250 -999.250 -999.250
14.468 7.130 7.121 7.147 9.436 8.582 9.932 10.811 12.020 10.347 9.985 5.929 5.227 5.603 8.977 11.588 8.577 9.884 10.998 13.955 15.499 13.108 14.924 16.300 14.233 15.344 17.448 14.578 13.794 14.007 15.579 14.010 17.585 16.764 14.545 12.403 12.257 12.367 13.034 16.507 15.011 -999.250 -999.250 -999.250 -999.250 -999.250 -999.250 -999.250 -999.250 -999.250 -999.250 -999.250 -999.250 -999.250 -999.250 -999.250 -999.250 -999.250 -999.250 -999.250 -999.250 -999.250 -999.250 -999.250 -999.250 -999.250 -999.250
12.314 11.922 10.916 12.641 12.374 13.178 11.662 9.476 9.083 8.071 9.913 3.891 2.715 7.098 7.857 11.649 10.144 11.798 12.008 12.661 13.367 14.098 12.637 14.972 15.442 15.940 17.340 18.470 15.694 16.888 14.334 15.759 18.924 19.184 17.449 13.985 12.615 15.701 13.939 15.537 16.002 -999.250 -999.250 -999.250 -999.250 -999.250 -999.250 -999.250 -999.250 -999.250 -999.250 -999.250 -999.250 -999.250 -999.250 -999.250 -999.250 -999.250 -999.250 -999.250 -999.250 -999.250 -999.250 -999.250 -999.250 -999.250 -999.250
13.955 12.735 12.918 14.608 14.439 14.273 13.169 12.062 8.926 8.936 7.926 4.353 0.000 5.230 8.958 11.900 11.164 12.242 13.291 14.279 14.387 14.124 15.828 15.162 15.215 15.591 17.082 19.040 18.913 17.331 16.272 17.519 18.409 18.569 16.261 13.880 15.611 16.079 15.094 16.116 15.509 -999.250 -999.250 -999.250 -999.250 -999.250 -999.250 -999.250 -999.250 -999.250 -999.250 -999.250 -999.250 -999.250 -999.250 -999.250 -999.250 -999.250 -999.250 -999.250 -999.250 -999.250 -999.250 -999.250 -999.250 -999.250 -999.250
13.639 14.470 14.490 15.352 16.505 14.419 14.761 13.735 11.117 12.629 9.605 7.467 5.089 11.582 9.215 11.188 13.749 9.959 15.675 12.740 16.994 14.258 13.993 16.478 14.596 16.124 15.850 18.876 18.877 20.624 19.231 16.988 19.062 18.544 18.585 14.489 15.052 13.506 15.655 15.045 -999.250 -999.250 -999.250 -999.250 -999.250 -999.250 -999.250 -999.250 -999.250 -999.250 -999.250 -999.250 -999.250 -999.250 -999.250 -999.250 -999.250 -999.250 -999.250 -999.250 -999.250 -999.250 -999.250 -999.250 -999.250 -999.250 -999.250
14.691 15.218 16.351 15.266 16.117 15.438 12.216 15.057 13.293 12.692 10.722 11.889 9.290 9.358 12.691 11.976 13.343 13.520 15.153 -999.250 -999.250 -999.250 -999.250 14.814 15.476 16.285 17.709 19.775 -999.250 -999.250 -999.250 -999.250 -999.250 -999.250 -999.250 -999.250 -999.250 -999.250 -999.250 -999.250 -999.250 -999.250 -999.250 -999.250 -999.250 -999.250 -999.250 -999.250 -999.250 -999.250 -999.250 -999.250 -999.250 -999.250 -999.250 -999.250 -999.250 -999.250 -999.250 -999.250 -999.250 -999.250 -999.250 -999.250 -999.250 -999.250 -999.250
17.280 17.909 17.536 15.507 13.918 14.070 15.397 14.296 15.708 15.991 13.929 12.326 13.239 13.687 14.021 16.043 15.812 14.474 14.206 -999.250 -999.250 -999.250 -999.250 -999.250 -999.250 -999.250 -999.250 -999.250 -999.250 -999.250 -999.250 -999.250 -999.250 -999.250 -999.250 -999.250 -999.250 -999.250 -999.250 -999.250 -999.250 -999.250 -999.250 -999.250 -999.250 -999.250 -999.250 -999.250 -999.250 -999.250 -999.250 -999.250 -999.250 -999.250 -999.250 -999.250 -999.250 -999.250 -999.250 -999.250 -999.250 -999.250 -999.250 -999.250 -999.250 -999.250 -999.250
18.735 17.007 17.818 16.382 15.408 13.804 15.658 16.800 16.163 16.170 14.311 16.647 16.953 15.034 14.901 13.943 14.759 13.793 14.903 -999.250 -999.250 -999.250 -999.250 -999.250 -999.250 -999.250 -999.250 -999.250 -999.250 -999.250 -999.250 -999.250 -999.250 -999.250 -999.250 -999.250 -999.250 -999.250 -999.250 -999.250 -999.250 -999.250 -999.250 -999.250 -999.250 -999.250 -999.250 -999.250 -999.250 -999.250 -999.250 -999.250 -999.250 -999.250 -999.250 -999.250 -999.250 -999.250 -999.250 -999.250 -999.250 -999.250 -999.250 -999.250 -999.250 -999.250 -999.250
17.880 15.685 18.398 18.247 15.465 15.319 15.356 15.374 15.680 15.121 16.941 15.625 16.677 17.054 16.609 17.346 16.334 14.657 13.581 13.258 -999.250 -999.250 -999.250 -999.250 -999.250 -999.250 -999.250 -999.250 -999.250 -999.250 -999.250 -999.250 -999.250 -999.250 -999.250 -999.250 -999.250 -999.250 -999.250 -999.250 -999.250 -999.250 -999.250 -999.250 -999.250 -999.250 -999.250 -999.250 -999.250 -999.250 -999.250 -999.250 -999.250 -999.250 -999.250 -999.250 -999.250 -999.250 -999.250 -999.250 -999.250 -999.250 -999.250 -999.250 -999.250 -999.250 -999.250
16.420 15.586 16.882 18.310 15.793 16.091 15.996 16.362 17.392 17.325 16.390 18.161 16.765 18.092 19.983 18.293 15.615 13.209 14.790 13.805 10.517 -999.250 -999.250 -999.250 -999.250 -999.250 -999.250 -999.250 -999.250 -999.250 -999.250 -999.250 -999.250 -999.250 -999.250 -999.250 -999.250 -999.250 -999.250 -999.250 -999.250 -999.250 -999.250 -999.250 -999.250 -999.250 -999.250 -999.250 -999.250 -999.250 -999.250 -999.250 -999.250 -999.250 -999.250 -999.250 -999.250 -999.250 -999.250 -999.250 -999.250 -999.250 -999.250 -999.250 -999.250 -999.250 -999.250
18.544 14.201 15.637 14.762 14.340 14.717 14.769 17.148 18.134 19.083 17.662 18.386 18.054 20.237 18.978 16.945 17.866 14.856 15.697 14.684 13.411 10.781 -999.250 -999.250 -999.250 -999.250 -999.250 -999.250 -999.250 -999.250 -999.250 -999.250 -999.250 -999.250 -999.250 -999.250 -999.250 -999.250 -999.250 -999.250 -999.250 -999.250 -999.250 -999.250 -999.250 -999.250 -999.250 -999.250 -999.250 -999.250 -999.250 -999.250 -999.250 -999.250 -999.250 -999.250 -999.250 -999.250 -999.250 -999.250 -999.250 -999.250 -999.250 -999.250 -999.250 -999.250 -999.250
13.859 16.089 13.711 16.279 16.203 15.859 16.807 15.824 17.899 17.898 18.064 18.361 19.634 19.908 17.764 15.845 17.098 15.105 14.614 13.636 13.024 11.194 -999.250 -999.250 -999.250 -999.250 -999.250 -999.250 -999.250 -999.250 -999.250 -999.250 -999.250 -999.250 -999.250 -999.250 -999.250 -999.250 -999.250 -999.250 -999.250 -999.250 -999.250 -999.250 -999.250 -999.250 -999.250 -999.250 -999.250 -999.250 -999.250 -999.250 -999.250 -999.250 -999.250 -999.250 -999.250 -999.250 -999.250 -999.250 -999.250 -999.250 -999.250 -999.250 -999.250 -999.250 -999.250
14.074 11.585 13.828 11.734 11.223 12.639 15.221 16.492 18.597 17.230 18.129 18.007 18.089 18.014 16.499 17.486 16.895 15.717 15.143 15.653 12.985 12.356 11.013 9.033 -999.250 -999.250 -999.250 -999.250 -999.250 -999.250 -999.250 -999.250 -999.250 -999.250 -999.250 -999.250 -999.250 -999.250 -999.250 -999.250 -999.250 -999.250 -999.250 -999.250 -999.250 -999.250 -999.250 -999.250 -999.250 -999.250 -999.250 -999.250 -999.250 -999.250 -999.250 -999.250 -999.250 -999.250 -999.250 -999.250 -999.250 -999.250 -999.250 -999.250 -999.250 -999.250 -999.250
10.228 7.345 8.235 11.260 9.943 14.622 15.353 16.663 15.840 18.243 17.499 17.740 17.006 16.216 17.853 16.258 16.542 15.129 14.533 11.891 14.324 11.426 9.432 6.125 7.810 -999.250 -999.250 -999.250 -999.250 -999.250 -999.250 -999.250 -999.250 -999.250 -999.250 -999.250 -999.250 -999.250 -999.250 -999.250 -999.250 -999.250 -999.250 -999.250 -999.250 -999.250 -999.250 -999.250 -999.250 -999.250 -999.250 -999.250 -999.250 -999.250 -999.250 -999.250 -999.250 -999.250 -999.250 -999.250 -999.250 -999.250 -999.250 -999.250 -999.250 -999.250 -999.250
7.830 6.757 4.380 4.560 9.441 10.961 12.198 15.847 17.092 16.481 17.658 17.931 16.336 15.218 18.524 17.666 16.277 12.936 13.407 11.694 11.806 9.834 6.147 4.694 8.841 -999.250 -999.250 -999.250 -999.250 -999.250 -999.250 -999.250 -999.250 -999.250 -999.250 -999.250 -999.250 -999.250 -999.250 -999.250 -999.250 -999.250 -999.250 -999.250 -999.250 -999.250 -999.250 -999.250 -999.250 -999.250 -999.250 -999.250 -999.250 -999.250 -999.250 -999.250 -999.250 -999.250 -999.250 -999.250 -999.250 -999.250 -999.250 -999.250 -999.250 -999.250 -999.250
8.791 5.998 0.000 2.564 9.600 9.905 13.306 13.130 14.625 14.527 15.658 18.148 15.712 16.116 18.863 18.392 14.998 14.623 14.623 13.698 10.701 8.325 4.216 0.000 9.800 15.271 17.575 18.436 -999.250 -999.250 -999.250 -999.250 -999.250 -999.250 -999.250 -999.250 -999.250 -999.250 -999.250 -999.250 -999.250 -999.250 -999.250 -999.250 -999.250 -999.250 -999.250 -999.250 -999.250 -999.250 -999.250 -999.250 -999.250 -999.250 -999.250 -999.250 -999.250 -999.250 -999.250 -999.250 -999.250 -999.250 -999.250 -999.250 -999.250 -999.250 -999.250
9.889 4.938 3.627 3.922 9.268 11.147 11.911 13.341 13.197 14.865 14.641 16.739 18.780 16.139 16.794 16.023 16.347 16.263 14.831 15.279 13.665 12.297 8.475 10.033 15.217 17.287 19.293 24.136 20.003 -999.250 -999.250 -999.250 -999.250 -999.250 -999.250 -999.250 -999.250 -999.250 -999.250 -999.250 -999.250 -999.250 -999.250 -999.250 -999.250 -999.250 -999.250 -999.250 -999.250 -999.250 -999.250 -999.250 -999.250 -999.250 -999.250 -999.250 -999.250 -999.250 -999.250 -999.250 -999.250 -999.250 -999.250 -999.250 -999.250 -999.250 -999.250
