data/medianmodel_05-Aug-2020.asc
ncols	141
nrows	288
xllcorner	-120191.398
yllcorner	-301404.813
cellsize	2000.000
NODATA_value	-999.250
[rows 120 to 149 of 288, columns 0 to 67 of 141]
-999.250 -999.250 -999.250 -999.250 -999.250 -999.250 -999.250 -999.250 -999.250 -999.250 -999.250 -999.250 -999.250 -999.250 -999.250 -999.250 -999.250 -999.250 -999.250 -999.250 -999.250 -999.250 -999.250 -999.250 -999.250 -999.250 4.504 2.979 2.493 1.733 1.477 0.000 0.000 0.000 0.000 0.000 0.000 0.000 0.000 0.000 0.000 0.000 0.000 0.000 0.000 0.000 0.000 0.000 0.000 0.000 0.000 0.000 0.000 0.000 0.000 0.000 0.000 0.000 0.000 9.072 23.091 45.281 61.304 79.957 111.190 130.770 157.656 201.332
-999.250 -999.250 -999.250 -999.250 -999.250 -999.250 -999.250 -999.250 -999.250 -999.250 -999.250 -999.250 -999.250 -999.250 -999.250 -999.250 -999.250 -999.250 -999.250 -999.250 -999.250 -999.250 -999.250 -999.250 -999.250 3.929 4.430 2.193 2.499 0.227 0.094 0.000 0.000 0.000 0.000 0.000 0.000 0.000 0.000 0.000 0.000 0.000 0.000 0.000 0.000 0.000 0.000 0.000 0.000 0.000 0.000 0.000 0.000 0.000 0.000 0.000 0.000 0.000 0.000 8.528 26.554 42.549 63.326 83.046 108.222 147.612 195.964 216.317
-999.250 -999.250 -999.250 -999.250 -999.250 -999.250 -999.250 -999.250 -999.250 -999.250 -999.250 -999.250 -999.250 -999.250 -999.250 -999.250 -999.250 -999.250 -999.250 -999.250 -999.250 -999.250 -999.250 -999.250 -999.250 2.851 3.049 2.861 1.605 0.000 0.278 0.000 0.000 0.000 0.000 0.000 0.000 0.000 0.000 0.000 0.000 0.000 0.000 0.000 0.000 0.000 0.000 0.000 0.000 0.000 0.000 0.000 0.000 0.000 0.000 0.000 0.000 0.000 0.934 9.515 24.241 40.437 63.830 88.475 120.230 150.300 204.929 240.322
-999.250 -999.250 -999.250 -999.250 -999.250 -999.250 -999.250 -999.250 -999.250 -999.250 -999.250 -999.250 -999.250 -999.250 -999.250 -999.250 -999.250 -999.250 -999.250 -999.250 -999.250 -999.250 -999.250 -999.250 -999.250 3.143 3.129 1.142 0.881 0.043 0.000 0.000 0.000 0.000 0.000 0.000 0.000 0.498 3.886 1.351 0.000 0.000 0.000 0.000 0.000 0.000 0.000 0.000 0.000 0.000 0.000 0.000 0.000 0.000 0.000 0.000 0.000 0.000 3.337 12.128 24.476 38.786 61.992 85.598 126.370 152.621 204.149 250.164
-999.250 -999.250 -999.250 -999.250 -999.250 -999.250 -999.250 -999.250 -999.250 -999.250 -999.250 -999.250 -999.250 -999.250 -999.250 -999.250 -999.250 -999.250 -999.250 -999.250 -999.250 -999.250 -999.250 -999.250 1.288 1.635 2.729 0.623 1.046 0.000 0.000 0.000 0.000 0.000 0.000 0.000 0.000 0.000 2.434 0.878 0.000 0.000 0.000 0.000 0.000 0.000 0.000 0.000 0.000 0.000 0.000 0.000 0.000 0.000 0.000 0.000 0.000 0.000 4.012 13.760 32.108 42.037 58.779 86.606 120.629 140.807 190.821 269.886
-999.250 -999.250 -999.250 -999.250 -999.250 -999.250 -999.250 -999.250 -999.250 -999.250 -999.250 -999.250 -999.250 -999.250 -999.250 -999.250 -999.250 -999.250 -999.250 -999.250 -999.250 -999.250 -999.250 -999.250 2.740 2.492 1.743 0.314 0.000 0.000 0.000 0.000 0.000 0.000 0.000 0.000 0.000 0.000 0.000 0.546 0.245 0.000 0.000 0.000 0.000 0.000 0.000 0.000 0.000 0.000 0.000 0.000 0.000 0.000 0.000 0.000 0.000 1.266 4.835 14.340 24.765 41.948 61.629 77.799 104.446 130.417 157.493 218.838
-999.250 -999.250 -999.250 -999.250 -999.250 -999.250 -999.250 -999.250 -999.250 -999.250 -999.250 -999.250 -999.250 -999.250 -999.250 -999.250 -999.250 -999.250 -999.250 -999.250 -999.250 -999.250 -999.250 0.766 0.610 2.004 0.210 0.143 0.000 0.000 0.000 0.000 0.000 0.000 0.000 0.000 0.000 0.000 0.000 0.000 1.109 0.000 0.000 0.000 0.000 0.000 0.000 0.000 0.000 0.000 0.000 0.000 0.000 0.000 0.000 0.000 0.000 0.667 5.655 11.547 18.180 36.266 50.731 73.214 97.669 121.509 140.528 186.998
-999.250 -999.250 -999.250 -999.250 -999.250 -999.250 -999.250 -999.250 -999.250 -999.250 -999.250 -999.250 -999.250 -999.250 -999.250 -999.250 -999.250 -999.250 -999.250 -999.250 -999.250 -999.250 -999.250 0.454 0.000 0.000 0.000 0.000 0.000 0.000 0.000 0.000 0.000 0.000 0.000 0.000 0.000 0.000 0.516 0.849 0.324 0.158 0.000 0.000 0.000 0.000 0.000 0.000 0.000 0.000 0.000 0.000 0.000 0.000 0.000 0.000 0.456 0.003 4.529 9.663 16.778 27.725 42.049 62.181 77.250 103.088 119.138 142.638
-999.250 -999.250 -999.250 -999.250 -999.250 -999.250 -999.250 -999.250 -999.250 -999.250 -999.250 -999.250 -999.250 -999.250 -999.250 -999.250 -999.250 -999.250 -999.250 -999.250 -999.250 -999.250 -999.250 0.790 0.000 0.000 0.000 0.000 0.000 0.000 0.000 0.000 0.000 0.000 0.000 0.000 0.000 0.000 0.583 0.770 1.599 0.821 0.983 0.000 0.000 0.000 0.000 0.000 0.000 0.907 2.116 3.534 4.656 3.790 3.099 2.615 2.173 2.996 3.915 8.428 15.151 22.059 34.301 48.630 71.140 86.128 110.214 144.371
-999.250 -999.250 -999.250 -999.250 -999.250 -999.250 -999.250 -999.250 -999.250 -999.250 -999.250 -999.250 -999.250 -999.250 -999.250 -999.250 -999.250 -999.250 -999.250 -999.250 -999.250 -999.250 0.391 0.371 0.000 0.000 0.000 0.000 0.000 0.000 0.000 0.000 0.000 0.000 0.000 0.000 0.000 0.094 1.134 1.870 1.993 2.304 2.167 2.323 1.863 3.469 4.368 3.354 5.221 8.051 8.150 8.128 9.281 12.096 7.418 9.410 6.075 4.828 5.469 6.543 11.532 16.990 31.695 41.248 64.637 72.950 101.644 117.336
-999.250 -999.250 -999.250 -999.250 -999.250 -999.250 -999.250 -999.250 -999.250 -999.250 -999.250 -999.250 -999.250 -999.250 -999.250 -999.250 -999.250 -999.250 -999.250 -999.250 -999.250 -999.250 0.000 0.371 0.242 0.000 0.000 0.000 0.000 1.951 2.976 0.708 0.000 0.000 0.000 0.000 0.000 0.000 0.382 2.407 4.600 4.302 6.868 6.088 6.803 7.642 9.086 11.404 14.965 17.671 18.640 16.443 21.960 21.833 17.031 11.236 10.393 5.802 4.464 6.082 9.249 15.102 25.036 38.481 59.924 70.636 91.485 96.364
-999.250 -999.250 -999.250 -999.250 -999.250 -999.250 -999.250 -999.250 -999.250 -999.250 -999.250 -999.250 -999.250 -999.250 -999.250 -999.250 -999.250 -999.250 -999.250 -999.250 -999.250 0.206 1.081 1.630 2.597 0.000 0.000 0.000 0.000 1.328 6.386 1.772 0.000 0.000 0.000 0.000 0.000 1.149 2.335 3.729 5.784 6.783 9.105 12.128 12.215 14.613 16.387 18.245 24.948 28.478 35.265 36.740 33.247 32.011 27.273 18.972 12.395 6.806 4.794 5.689 7.378 11.311 21.802 33.398 42.459 57.661 72.713 85.508
-999.250 -999.250 -999.250 -999.250 -999.250 -999.250 -999.250 -999.250 -999.250 -999.250 -999.250 -999.250 -999.250 -999.250 -999.250 -999.250 -999.250 -999.250 -999.250 -999.250 -999.250 0.500 0.000 0.000 0.000 0.000 0.000 0.000 0.000 1.830 2.981 1.318 0.000 0.000 0.000 0.000 0.000 0.657 3.042 3.821 5.800 7.611 11.804 16.873 17.541 19.794 23.723 31.215 35.332 39.084 46.615 45.455 46.677 39.622 33.295 23.115 13.961 7.578 5.941 4.667 7.481 8.458 17.364 31.168 41.830 55.113 69.070 72.382
-999.250 -999.250 -999.250 -999.250 -999.250 -999.250 -999.250 -999.250 -999.250 -999.250 -999.250 -999.250 -999.250 -999.250 -999.250 -999.250 -999.250 -999.250 -999.250 -999.250 -999.250 0.000 0.356 0.000 0.000 0.000 0.000 0.000 0.000 0.000 0.041 0.812 0.000 0.000 0.000 0.000 0.230 0.442 2.942 5.043 7.094 11.067 14.075 19.287 22.356 24.867 34.839 38.941 47.569 49.927 60.478 62.992 68.217 52.622 37.947 26.347 14.954 6.547 4.883 4.077 6.197 11.257 19.517 34.182 43.518 54.619 67.200 67.488
-999.250 -999.250 -999.250 -999.250 -999.250 -999.250 -999.250 -999.250 -999.250 -999.250 -999.250 -999.250 -999.250 -999.250 -999.250 -999.250 -999.250 -999.250 -999.250 -999.250 0.725 0.000 0.446 0.000 0.000 0.000 0.000 0.000 0.000 0.000 0.000 0.000 0.000 0.000 0.000 0.000 0.000 1.392 3.291 4.075 6.425 10.798 15.117 25.575 33.188 38.891 43.608 49.671 59.996 69.482 69.825 71.692 87.951 62.880 44.860 32.935 17.755 7.061 4.285 3.493 6.763 16.029 21.200 36.285 39.180 49.511 61.089 67.710
-999.250 -999.250 -999.250 -999.250 -999.250 -999.250 -999.250 -999.250 -999.250 -999.250 -999.250 -999.250 -999.250 -999.250 -999.250 -999.250 -999.250 -999.250 -999.250 -999.250 0.579 0.197 1.148 0.000 0.045 0.000 0.000 0.000 0.000 0.170 1.571 0.680 0.000 0.000 0.000 0.000 0.451 1.866 2.765 3.621 6.054 9.399 16.729 29.821 38.003 46.451 60.899 65.631 68.430 71.996 75.404 78.014 80.299 63.747 47.147 32.394 16.683 5.316 3.156 3.255 5.302 11.297 23.197 35.721 50.786 56.079 63.621 62.517
-999.250 -999.250 -999.250 -999.250 -999.250 -999.250 -999.250 -999.250 -999.250 -999.250 -999.250 -999.250 -999.250 -999.250 -999.250 -999.250 -999.250 -999.250 -999.250 -999.250 0.574 0.263 1.310 0.776 2.044 0.543 1.400 2.168 1.760 2.253 2.785 1.387 1.715 0.012 0.000 0.000 0.000 0.471 1.663 3.619 7.639 13.047 23.623 35.974 40.658 61.558 64.728 70.762 75.427 75.864 81.099 72.886 72.723 62.604 43.620 33.279 14.641 5.997 1.268 0.761 5.745 14.544 24.232 35.745 49.956 60.304 69.893 72.692
-999.250 -999.250 -999.250 -999.250 -999.250 -999.250 -999.250 -999.250 -999.250 -999.250 -999.250 -999.250 -999.250 -999.250 -999.250 -999.250 -999.250 -999.250 -999.250 -999.250 0.954 0.000 0.441 1.834 3.215 3.115 4.264 3.362 3.821 4.706 6.264 4.023 2.234 1.032 0.000 0.000 0.000 0.000 1.180 3.008 6.811 11.437 22.547 35.787 44.845 64.893 66.331 77.184 81.412 84.364 80.468 76.579 69.911 64.750 43.345 33.707 15.138 6.618 0.000 0.000 7.614 16.565 33.342 44.728 64.055 71.530 83.062 76.139
-999.250 -999.250 -999.250 -999.250 -999.250 -999.250 -999.250 -999.250 -999.250 -999.250 -999.250 -999.250 -999.250 -999.250 -999.250 -999.250 -999.250 -999.250 -999.250 3.029 2.530 2.870 2.463 4.000 4.923 4.450 6.142 7.868 6.969 7.154 7.326 5.432 4.519 3.192 1.377 0.116 0.000 0.342 2.277 4.108 6.334 13.300 29.190 39.491 50.883 68.210 78.699 92.359 89.711 93.030 92.734 76.363 73.705 59.552 44.332 26.464 15.206 5.261 0.000 3.105 10.348 23.276 44.997 58.590 69.554 81.866 86.378 88.138
-999.250 -999.250 -999.250 -999.250 -999.250 -999.250 -999.250 -999.250 -999.250 -999.250 -999.250 -999.250 -999.250 -999.250 -999.250 -999.250 -999.250 -999.250 -999.250 4.046 3.641 4.567 4.466 6.975 8.358 7.721 10.389 11.705 13.018 13.501 11.228 7.974 5.442 3.354 1.058 0.656 0.000 0.234 1.651 3.847 8.411 14.665 27.596 40.356 58.322 70.682 86.943 99.397 107.074 104.944 95.838 84.332 70.992 54.041 40.646 22.769 11.988 5.735 3.454 6.385 15.790 30.718 49.697 71.320 88.785 95.344 108.037 104.557
-999.250 -999.250 -999.250 -999.250 -999.250 -999.250 -999.250 -999.250 -999.250 -999.250 -999.250 -999.250 -999.250 -999.250 -999.250 -999.250 -999.250 -999.250 -999.250 5.557 7.060 6.045 7.487 9.588 14.323 13.232 14.909 14.558 17.639 18.930 21.482 12.778 7.567 3.792 2.003 0.702 0.000 0.000 1.409 3.174 7.457 14.238 27.896 38.880 54.304 70.361 82.973 111.063 115.596 111.149 102.206 80.764 67.322 46.956 35.124 23.642 12.028 4.331 3.878 10.474 19.635 36.589 65.581 81.558 106.182 111.831 119.241 121.692
-999.250 -999.250 -999.250 -999.250 -999.250 -999.250 -999.250 -999.250 -999.250 -999.250 -999.250 -999.250 -999.250 -999.250 -999.250 -999.250 -999.250 -999.250 -999.250 9.247 7.565 9.921 13.366 13.805 18.896 19.105 17.478 20.244 15.667 15.555 16.462 12.509 7.239 3.823 1.589 0.000 0.000 0.000 0.920 1.880 6.971 14.163 26.671 41.267 57.015 69.968 84.848 117.964 136.062 116.931 87.264 82.447 64.764 45.351 28.961 18.219 8.465 3.015 3.426 9.740 20.977 43.362 74.558 102.613 121.391 139.524 144.415 143.225
-999.250 -999.250 -999.250 -999.250 -999.250 -999.250 -999.250 -999.250 -999.250 -999.250 -999.250 -999.250 -999.250 -999.250 -999.250 -999.250 -999.250 -999.250 -999.250 11.617 13.380 17.108 27.422 27.801 28.587 24.344 21.032 20.049 17.116 15.593 13.626 10.519 6.418 3.227 1.639 0.000 0.000 0.000 0.000 1.518 5.795 13.665 23.325 38.321 52.344 68.631 84.886 106.435 115.122 98.071 85.757 68.532 53.862 36.330 28.051 14.854 5.961 0.000 1.555 8.744 30.192 49.902 80.282 111.121 159.566 148.070 153.808 153.183
-999.250 -999.250 -999.250 -999.250 -999.250 -999.250 -999.250 -999.250 -999.250 -999.250 -999.250 -999.250 -999.250 -999.250 -999.250 -999.250 -999.250 -999.250 12.477 12.112 16.912 19.517 31.777 39.212 32.677 26.812 20.766 18.306 15.328 14.780 11.576 8.649 4.712 3.210 1.030 0.000 0.000 0.000 0.000 0.000 4.062 9.260 20.788 32.960 47.919 62.051 79.291 93.325 90.725 77.353 70.612 57.360 40.354 30.268 18.457 10.035 2.881 0.000 0.000 4.899 21.707 50.186 78.750 120.282 143.712 155.339 161.811 171.661
-999.250 -999.250 -999.250 -999.250 -999.250 -999.250 -999.250 -999.250 -999.250 -999.250 -999.250 -999.250 -999.250 -999.250 -999.250 -999.250 -999.250 14.310 13.043 14.271 13.931 19.918 29.061 38.211 33.401 32.331 24.358 17.872 15.648 12.824 9.530 7.554 4.740 2.189 0.000 0.000 0.000 0.000 0.000 0.000 0.000 6.418 17.228 34.885 52.378 60.535 69.266 70.066 72.620 65.798 56.739 44.400 31.341 18.709 11.303 5.961 3.597 0.000 0.000 0.000 24.284 53.179 76.640 109.176 134.977 148.316 170.380 182.810
-999.250 -999.250 -999.250 -999.250 -999.250 -999.250 -999.250 -999.250 -999.250 -999.250 -999.250 -999.250 -999.250 -999.250 -999.250 -999.250 -999.250 12.406 12.830 15.019 19.434 21.574 24.494 30.108 34.803 29.644 23.977 19.978 16.988 12.166 7.339 5.795 3.427 0.777 0.000 0.000 0.000 0.000 0.000 0.000 0.000 4.295 18.346 37.628 50.755 61.570 65.478 67.689 62.022 49.653 38.135 27.320 22.136 11.228 6.509 5.125 5.404 6.870 7.469 13.590 35.308 59.055 91.208 110.196 142.345 162.504 182.665 212.819
-999.250 -999.250 -999.250 -999.250 -999.250 -999.250 -999.250 -999.250 -999.250 -999.250 -999.250 -999.250 -999.250 -999.250 -999.250 14.050 14.502 14.327 15.524 17.782 18.912 21.526 24.293 29.580 30.283 26.875 22.712 16.043 13.459 10.850 6.745 5.255 1.821 0.000 0.000 0.000 0.000 0.000 0.000 0.000 0.000 2.863 25.504 42.199 60.315 66.349 66.667 54.817 50.287 37.418 25.706 18.276 11.659 4.094 4.073 5.321 9.651 19.926 21.803 26.141 42.457 62.560 89.412 113.087 151.543 168.533 174.255 220.062
-999.250 -999.250 -999.250 -999.250 -999.250 -999.250 -999.250 -999.250 -999.250 -999.250 -999.250 -999.250 -999.250 -999.250 15.792 13.578 15.952 18.277 17.357 19.625 17.972 20.572 22.812 23.796 20.994 24.287 18.654 16.272 12.794 9.446 5.957 4.768 2.429 0.000 0.000 0.000 0.000 0.000 0.000 0.065 4.799 14.161 35.210 61.501 75.791 83.800 71.065 45.849 36.880 29.887 16.573 8.167 3.971 0.000 0.655 4.986 11.126 20.171 34.288 39.354 52.071 72.863 93.715 124.845 158.134 183.189 195.048 241.796
-999.250 -999.250 -999.250 -999.250 -999.250 -999.250 -999.250 -999.250 -999.250 -999.250 -999.250 -999.250 -999.250 -999.250 12.529 12.438 16.815 17.299 20.519 18.569 19.048 21.000 19.821 22.121 21.575 22.726 20.566 14.350 10.050 8.354 6.113 3.634 0.368 0.000 0.000 0.000 0.000 0.000 0.901 5.655 13.386 24.905 43.131 76.592 100.869 111.328 70.710 40.209 32.132 18.879 11.398 4.576 0.114 0.000 0.365 6.383 12.652 20.851 36.576 57.003 65.070 71.065 93.546 125.792 137.017 171.936 195.343 234.262
-999.250 -999.250 -999.250 -999.250 -999.250 -999.250 -999.250 -999.250 -999.250 -999.250 -999.250 -999.250 -999.250 12.124 12.857 13.696 14.950 16.523 19.052 21.514 17.725 16.954 18.137 18.274 19.886 15.860 15.068 12.100 9.903 7.771 6.165 4.269 1.807 0.000 0.000 0.000 0.000 2.265 6.145 11.709 21.897 39.472 59.119 83.808 105.861 100.913 74.478 42.547 31.306 18.699 9.114 2.930 0.000 0.000 0.292 4.702 14.546 27.482 36.970 47.670 64.580 76.462 97.499 113.503 136.741 157.274 209.663 217.002
