data/medianmodel_28-Feb-2021.asc
ncols	141
nrows	288
xllcorner	-120191.398
yllcorner	-301404.813
cellsize	2000.000
NODATA_value	-999.250
[rows 150 to 179 of 288, columns 66 to 131 of 141]
80.917 82.286 88.808 86.976 89.017 84.349 79.270 70.229 74.067 76.468 72.635 77.459 72.333 69.879 69.985 71.377 69.891 79.274 76.138 81.310 85.151 89.794 92.961 101.161 110.505 113.057 119.036 124.127 131.166 -999.250 -999.250 -999.250 -999.250 -999.250 -999.250 -999.250 -999.250 -999.250 -999.250 -999.250 -999.250 -999.250 -999.250 -999.250 -999.250 -999.250 -999.250 -999.250 -999.250 -999.250 -999.250 -999.250 -999.250 -999.250 -999.250 -999.250 -999.250 -999.250 -999.250 -999.250 -999.250 -999.250 -999.250 -999.250 -999.250 -999.250
74.451 79.271 83.485 86.376 90.236 82.056 72.454 74.989 79.349 75.511 70.139 71.718 72.423 69.543 71.832 69.188 67.973 78.358 75.704 80.783 86.368 86.670 95.725 104.143 114.744 118.297 125.975 132.363 136.702 -999.250 -999.250 -999.250 -999.250 -999.250 -999.250 -999.250 -999.250 -999.250 -999.250 -999.250 -999.250 -999.250 -999.250 -999.250 -999.250 -999.250 -999.250 -999.250 -999.250 -999.250 -999.250 -999.250 -999.250 -999.250 -999.250 -999.250 -999.250 -999.250 -999.250 -999.250 -999.250 -999.250 -999.250 -999.250 -999.250 -999.250
73.437 75.974 83.707 85.686 86.578 83.410 75.960 69.807 71.601 69.523 70.840 67.692 62.162 66.614 63.929 64.555 67.185 74.610 74.013 77.013 85.017 81.842 90.662 97.479 113.130 109.121 120.585 127.428 134.812 -999.250 -999.250 -999.250 -999.250 -999.250 -999.250 -999.250 -999.250 -999.250 -999.250 -999.250 -999.250 -999.250 -999.250 -999.250 -999.250 -999.250 -999.250 -999.250 -999.250 -999.250 -999.250 -999.250 -999.250 -999.250 -999.250 -999.250 -999.250 -999.250 -999.250 -999.250 -999.250 -999.250 -999.250 -999.250 -999.250 -999.250
73.814 75.297 77.682 79.566 73.979 71.742 71.468 64.910 65.827 62.341 65.335 65.402 60.310 62.627 64.391 65.236 68.403 64.792 64.488 73.513 76.438 78.771 80.855 90.237 105.758 116.485 128.836 135.704 130.388 -999.250 -999.250 -999.250 -999.250 -999.250 -999.250 -999.250 -999.250 -999.250 -999.250 -999.250 -999.250 -999.250 -999.250 -999.250 -999.250 -999.250 -999.250 -999.250 -999.250 -999.250 -999.250 -999.250 -999.250 -999.250 -999.250 -999.250 -999.250 -999.250 -999.250 -999.250 -999.250 -999.250 -999.250 -999.250 -999.250 -999.250
69.119 77.108 72.488 73.707 72.991 75.152 69.840 61.197 59.699 56.920 59.112 57.925 57.246 57.972 56.939 57.140 58.931 61.213 64.777 71.511 71.571 73.507 76.469 85.890 101.209 113.443 133.112 134.293 134.455 -999.250 -999.250 -999.250 -999.250 -999.250 -999.250 -999.250 -999.250 -999.250 -999.250 -999.250 -999.250 -999.250 -999.250 -999.250 -999.250 -999.250 -999.250 -999.250 -999.250 -999.250 -999.250 -999.250 -999.250 -999.250 -999.250 -999.250 -999.250 -999.250 -999.250 -999.250 -999.250 -999.250 -999.250 -999.250 -999.250 -999.250
69.333 72.300 76.514 73.757 72.698 72.513 67.169 65.277 60.157 58.806 58.962 56.614 56.819 57.356 62.268 60.891 58.983 62.965 65.268 70.708 71.652 68.495 74.650 80.407 89.344 106.585 126.362 133.296 141.308 -999.250 -999.250 -999.250 -999.250 -999.250 -999.250 -999.250 -999.250 -999.250 -999.250 -999.250 -999.250 -999.250 -999.250 -999.250 -999.250 -999.250 -999.250 -999.250 -999.250 -999.250 -999.250 -999.250 -999.250 -999.250 -999.250 -999.250 -999.250 -999.250 -999.250 -999.250 -999.250 -999.250 -999.250 -999.250 -999.250 -999.250
71.701 75.034 74.054 71.011 68.791 66.272 64.319 62.749 59.703 58.028 54.260 55.460 55.923 55.732 56.564 60.693 60.389 59.272 62.195 61.960 67.454 68.902 70.976 74.459 84.768 94.771 107.498 128.916 142.164 147.514 -999.250 -999.250 -999.250 -999.250 -999.250 -999.250 -999.250 -999.250 -999.250 -999.250 -999.250 -999.250 -999.250 -999.250 -999.250 -999.250 -999.250 -999.250 -999.250 -999.250 -999.250 -999.250 -999.250 -999.250 -999.250 -999.250 -999.250 -999.250 -999.250 -999.250 -999.250 -999.250 -999.250 -999.250 -999.250 -999.250
72.606 67.532 72.143 69.516 67.935 70.231 66.557 61.878 60.493 56.565 55.680 55.414 54.084 53.273 55.417 59.774 58.806 64.054 66.423 70.464 71.419 66.536 71.497 74.024 79.158 86.546 105.456 129.728 141.161 159.167 165.975 -999.250 -999.250 -999.250 -999.250 -999.250 -999.250 -999.250 -999.250 -999.250 -999.250 -999.250 -999.250 -999.250 -999.250 -999.250 -999.250 -999.250 -999.250 -999.250 -999.250 -999.250 -999.250 -999.250 -999.250 -999.250 -999.250 -999.250 -999.250 -999.250 -999.250 -999.250 -999.250 -999.250 -999.250 -999.250
65.507 67.202 70.079 68.153 66.285 62.809 63.508 63.689 58.414 56.346 55.187 54.708 53.455 51.944 57.514 56.917 60.444 63.918 73.650 75.512 74.793 72.995 76.066 76.077 67.653 89.918 115.019 133.478 148.319 156.936 163.588 179.590 -999.250 -999.250 -999.250 -999.250 -999.250 -999.250 -999.250 -999.250 -999.250 -999.250 -999.250 -999.250 -999.250 -999.250 -999.250 -999.250 -999.250 -999.250 -999.250 -999.250 -999.250 -999.250 -999.250 -999.250 -999.250 -999.250 -999.250 -999.250 -999.250 -999.250 -999.250 -999.250 -999.250 -999.250
62.156 60.004 64.518 67.252 58.971 61.633 57.656 61.112 60.619 56.498 56.068 53.705 52.699 53.464 58.516 63.858 62.510 70.126 77.284 78.409 82.212 82.635 83.117 86.270 87.904 104.043 120.651 143.209 144.780 159.364 176.232 190.064 -999.250 -999.250 -999.250 -999.250 -999.250 -999.250 -999.250 -999.250 -999.250 -999.250 -999.250 -999.250 -999.250 -999.250 -999.250 -999.250 -999.250 -999.250 -999.250 -999.250 -999.250 -999.250 -999.250 -999.250 -999.250 -999.250 -999.250 -999.250 -999.250 -999.250 -999.250 -999.250 -999.250 -999.250
62.802 60.412 60.803 60.370 63.319 64.065 62.184 64.725 59.734 58.270 56.045 55.059 55.306 58.817 59.440 62.366 67.685 73.840 85.984 90.785 93.082 96.842 99.082 106.951 112.474 130.980 141.754 162.251 169.205 179.090 184.323 196.277 -999.250 -999.250 -999.250 -999.250 -999.250 -999.250 -999.250 -999.250 -999.250 -999.250 -999.250 -999.250 -999.250 -999.250 -999.250 -999.250 -999.250 -999.250 -999.250 -999.250 -999.250 -999.250 -999.250 -999.250 -999.250 -999.250 -999.250 -999.250 -999.250 -999.250 -999.250 -999.250 -999.250 -999.250
63.749 67.644 62.851 67.027 64.350 63.843 59.895 61.480 60.909 62.720 56.307 58.159 56.944 59.576 65.894 60.507 71.834 80.512 88.615 96.672 102.970 115.178 122.094 133.217 148.283 164.263 171.296 174.412 188.115 200.348 217.449 211.261 -999.250 -999.250 -999.250 -999.250 -999.250 -999.250 -999.250 -999.250 -999.250 -999.250 -999.250 -999.250 -999.250 -999.250 -999.250 -999.250 -999.250 -999.250 -999.250 -999.250 -999.250 -999.250 -999.250 -999.250 -999.250 -999.250 -999.250 -999.250 -999.250 -999.250 -999.250 -999.250 -999.250 -999.250
65.084 65.007 59.697 62.704 63.747 60.189 61.950 66.521 61.646 61.285 61.091 60.297 61.166 62.844 60.901 64.171 76.000 90.997 102.091 109.854 117.307 130.490 139.280 149.617 168.956 189.991 200.310 208.071 216.076 223.047 226.890 228.225 -999.250 -999.250 -999.250 -999.250 -999.250 -999.250 -999.250 -999.250 -999.250 -999.250 -999.250 -999.250 -999.250 -999.250 -999.250 -999.250 -999.250 -999.250 -999.250 -999.250 -999.250 -999.250 -999.250 -999.250 -999.250 -999.250 -999.250 -999.250 -999.250 -999.250 -999.250 -999.250 -999.250 -999.250
64.217 64.020 57.959 62.755 65.620 66.712 68.655 67.237 64.493 68.127 71.114 67.494 66.205 67.356 66.766 63.191 83.331 99.944 113.950 127.836 143.166 154.274 163.687 173.237 202.039 205.672 226.711 231.602 238.140 245.098 244.017 241.224 244.555 -999.250 -999.250 -999.250 -999.250 -999.250 -999.250 -999.250 -999.250 -999.250 -999.250 -999.250 -999.250 -999.250 -999.250 -999.250 -999.250 -999.250 -999.250 -999.250 -999.250 -999.250 -999.250 -999.250 -999.250 -999.250 -999.250 -999.250 -999.250 -999.250 -999.250 -999.250 -999.250 -999.250
63.519 63.755 63.462 64.928 72.088 71.154 64.608 70.594 74.028 73.518 73.543 69.755 73.166 76.489 75.748 87.231 101.962 123.324 140.753 154.018 161.136 180.706 186.953 204.400 222.462 237.569 234.799 248.636 248.586 261.097 264.562 276.120 274.235 254.383 -999.250 -999.250 -999.250 -999.250 -999.250 -999.250 -999.250 -999.250 -999.250 -999.250 -999.250 -999.250 -999.250 -999.250 -999.250 -999.250 -999.250 -999.250 -999.250 -999.250 -999.250 -999.250 -999.250 -999.250 -999.250 -999.250 -999.250 -999.250 -999.250 -999.250 -999.250 -999.250
58.301 63.728 73.019 71.903 69.384 67.614 67.840 74.202 74.961 78.981 79.802 85.392 84.500 91.533 100.138 101.163 116.557 139.100 155.972 169.898 185.500 192.447 208.898 223.510 245.385 248.718 259.048 276.296 264.446 272.010 278.023 292.501 292.098 270.585 260.275 253.932 238.315 -999.250 -999.250 -999.250 -999.250 -999.250 -999.250 -999.250 -999.250 -999.250 -999.250 -999.250 -999.250 -999.250 -999.250 -999.250 -999.250 -999.250 -999.250 -999.250 -999.250 -999.250 -999.250 -999.250 -999.250 -999.250 -999.250 -999.250 -999.250 -999.250
63.858 70.054 66.091 67.320 73.461 78.592 77.219 81.178 78.071 84.387 88.967 93.221 103.701 103.876 117.972 125.810 139.040 161.259 166.087 182.772 197.964 213.941 233.684 244.478 247.218 262.577 279.926 309.854 315.821 315.006 322.984 318.984 316.430 306.452 274.348 262.068 244.574 -999.250 -999.250 -999.250 -999.250 -999.250 -999.250 -999.250 -999.250 -999.250 -999.250 -999.250 -999.250 -999.250 -999.250 -999.250 -999.250 -999.250 -999.250 -999.250 -999.250 -999.250 -999.250 -999.250 -999.250 -999.250 -999.250 -999.250 -999.250 -999.250
66.758 68.832 73.129 76.586 79.187 82.584 79.398 85.419 84.823 95.872 98.918 109.180 115.141 120.249 129.904 138.789 158.956 177.684 191.354 194.981 210.513 235.030 254.797 265.585 270.531 273.982 304.851 314.461 341.123 328.858 339.269 339.849 330.814 330.160 301.556 274.744 -999.250 -999.250 -999.250 -999.250 -999.250 -999.250 -999.250 -999.250 -999.250 -999.250 -999.250 -999.250 -999.250 -999.250 -999.250 -999.250 -999.250 -999.250 -999.250 -999.250 -999.250 -999.250 -999.250 -999.250 -999.250 -999.250 -999.250 -999.250 -999.250 -999.250
76.273 74.670 74.752 81.903 81.292 80.895 87.432 89.235 95.972 96.573 108.883 115.408 118.565 135.654 143.336 157.493 172.454 179.720 200.347 219.996 232.225 237.127 263.497 263.656 285.527 303.978 322.789 345.627 341.981 345.364 360.580 372.441 369.327 350.047 322.829 310.391 -999.250 -999.250 -999.250 177.707 151.675 129.898 -999.250 -999.250 -999.250 -999.250 -999.250 -999.250 -999.250 -999.250 -999.250 -999.250 -999.250 -999.250 -999.250 -999.250 -999.250 -999.250 -999.250 -999.250 -999.250 -999.250 -999.250 -999.250 -999.250 -999.250
71.716 78.537 81.047 86.630 85.285 90.866 91.620 95.472 100.693 109.964 110.987 122.370 130.195 146.479 161.231 162.562 182.806 196.308 214.074 238.569 251.259 257.578 262.178 307.350 325.473 337.954 344.758 352.391 356.491 376.870 401.595 384.940 390.071 347.300 327.974 295.086 266.022 236.362 200.946 174.934 142.776 116.125 98.840 -999.250 -999.250 -999.250 -999.250 -999.250 -999.250 -999.250 -999.250 -999.250 -999.250 -999.250 -999.250 -999.250 -999.250 -999.250 -999.250 -999.250 -999.250 -999.250 -999.250 -999.250 -999.250 -999.250
71.939 78.308 84.966 92.118 94.184 96.878 99.432 103.781 101.968 110.457 120.717 131.046 137.404 155.602 168.124 178.936 197.234 206.022 220.795 236.767 261.046 278.983 291.129 349.111 329.714 346.846 342.515 382.574 340.217 356.160 374.548 376.760 355.217 332.207 323.259 281.028 267.487 234.601 202.521 166.471 126.212 101.600 91.036 83.960 -999.250 -999.250 -999.250 -999.250 -999.250 -999.250 -999.250 -999.250 -999.250 -999.250 -999.250 -999.250 -999.250 -999.250 -999.250 -999.250 -999.250 -999.250 -999.250 -999.250 -999.250 -999.250
74.572 80.991 88.246 96.567 95.331 100.867 105.208 106.731 114.118 122.122 123.959 134.432 149.611 165.892 174.834 187.606 201.094 222.719 228.453 253.515 268.651 288.037 289.143 330.603 369.133 381.037 392.198 387.265 398.558 371.735 362.678 366.569 354.893 309.538 301.055 268.528 254.958 237.469 201.695 161.853 134.145 104.370 86.232 79.497 -999.250 -999.250 -999.250 -999.250 -999.250 -999.250 -999.250 -999.250 -999.250 -999.250 -999.250 -999.250 -999.250 -999.250 -999.250 -999.250 -999.250 -999.250 -999.250 -999.250 -999.250 -999.250
74.093 84.412 94.218 101.754 103.932 107.502 116.678 110.248 117.870 129.825 143.296 145.946 153.894 165.418 174.738 191.038 209.424 224.095 238.948 264.113 268.557 294.665 318.576 344.244 361.554 403.361 395.935 376.141 368.255 367.976 340.916 362.845 321.537 295.021 280.828 264.023 246.976 226.073 188.691 153.594 126.784 104.034 89.588 81.348 -999.250 -999.250 -999.250 -999.250 -999.250 -999.250 -999.250 -999.250 -999.250 -999.250 -999.250 -999.250 -999.250 -999.250 -999.250 -999.250 -999.250 -999.250 -999.250 -999.250 -999.250 -999.250
83.223 80.292 97.389 101.391 107.635 115.397 122.154 122.687 124.255 136.510 142.815 146.593 152.363 164.870 173.959 186.764 204.073 230.442 250.013 264.618 273.753 279.934 315.334 327.475 345.027 368.695 411.099 390.891 363.482 384.048 327.819 354.784 335.395 303.629 253.820 250.463 224.497 209.697 176.344 148.586 127.635 108.277 87.444 80.651 70.613 -999.250 -999.250 -999.250 -999.250 -999.250 -999.250 -999.250 -999.250 -999.250 -999.250 -999.250 -999.250 -999.250 -999.250 -999.250 -999.250 -999.250 -999.250 -999.250 -999.250 -999.250
82.241 88.732 95.004 106.854 112.336 117.712 120.219 129.275 132.030 137.956 147.664 151.581 159.942 165.136 182.369 193.629 229.232 233.618 259.963 268.637 269.270 271.377 292.026 299.157 319.490 355.142 362.631 344.874 363.561 346.946 333.974 332.693 299.544 271.537 252.931 250.684 219.611 194.010 169.418 147.456 122.704 104.891 85.614 79.272 -999.250 -999.250 -999.250 -999.250 -999.250 -999.250 -999.250 -999.250 -999.250 -999.250 -999.250 -999.250 -999.250 -999.250 -999.250 -999.250 -999.250 -999.250 -999.250 -999.250 -999.250 -999.250
89.330 97.136 110.727 121.382 122.841 130.398 134.881 128.553 144.482 160.481 154.190 157.493 154.803 162.610 177.688 203.768 224.742 237.276 243.579 253.028 265.349 259.171 274.344 282.445 292.583 329.614 332.142 329.782 332.579 311.099 290.834 277.279 264.326 261.393 250.830 239.452 213.084 183.328 161.030 143.441 120.558 102.774 84.618 -999.250 -999.250 -999.250 -999.250 -999.250 -999.250 -999.250 -999.250 -999.250 -999.250 -999.250 -999.250 -999.250 -999.250 -999.250 -999.250 -999.250 -999.250 -999.250 -999.250 -999.250 -999.250 -999.250
92.958 100.260 111.028 125.199 130.856 136.603 140.079 139.597 149.938 151.339 165.234 162.596 164.188 158.658 179.705 204.406 228.334 243.454 246.865 241.318 255.013 254.635 264.815 268.487 290.341 287.262 300.347 304.299 277.654 258.760 262.860 256.749 250.957 243.178 245.719 223.041 196.433 181.396 162.514 140.226 114.313 96.569 80.139 -999.250 -999.250 -999.250 -999.250 -999.250 -999.250 -999.250 -999.250 -999.250 -999.250 -999.250 -999.250 -999.250 -999.250 -999.250 -999.250 -999.250 -999.250 -999.250 -999.250 -999.250 -999.250 -999.250
103.489 109.022 107.789 123.335 131.546 146.096 149.646 160.362 157.310 163.723 166.084 168.640 160.869 170.017 184.489 207.024 221.104 235.492 256.113 246.457 259.197 250.032 252.863 254.176 251.253 265.761 271.275 261.914 253.119 247.470 242.962 239.804 245.642 247.192 224.249 229.168 182.440 167.150 154.709 136.432 111.366 89.589 -999.250 -999.250 -999.250 -999.250 -999.250 -999.250 -999.250 -999.250 -999.250 -999.250 -999.250 -999.250 -999.250 -999.250 -999.250 -999.250 -999.250 -999.250 -999.250 -999.250 -999.250 -999.250 -999.250 -999.250
102.944 127.098 134.202 137.533 138.297 163.938 161.938 170.159 171.190 170.501 173.622 174.716 180.599 180.164 197.804 204.501 218.310 229.617 242.770 247.084 252.714 248.117 245.521 243.417 250.684 250.250 243.142 241.838 227.790 233.490 232.258 225.951 215.219 216.846 206.397 200.242 170.279 159.938 141.892 129.115 105.336 87.704 -999.250 -999.250 -999.250 -999.250 -999.250 -999.250 -999.250 -999.250 -999.250 -999.250 -999.250 -999.250 -999.250 -999.250 -999.250 -999.250 -999.250 -999.250 -999.250 -999.250 -999.250 -999.250 -999.250 -999.250
117.896 136.009 138.303 148.997 162.596 166.184 174.776 186.259 179.024 182.537 183.343 187.928 193.081 189.281 198.800 209.308 220.975 223.353 234.561 237.100 240.972 236.325 236.157 235.616 226.860 226.935 225.089 219.586 218.963 219.686 207.899 205.171 210.724 198.623 191.957 180.656 162.543 151.476 140.680 118.669 97.042 -999.250 -999.250 -999.250 -999.250 -999.250 -999.250 -999.250 -999.250 -999.250 -999.250 -999.250 -999.250 -999.250 -999.250 -999.250 -999.250 -999.250 -999.250 -999.250 -999.250 -999.250 -999.250 -999.250 -999.250 -999.250
