data/medianmodel_30-Jun-2020.asc
ncols	141
nrows	288
xllcorner	-120191.398
yllcorner	-301404.813
cellsize	2000.000
NODATA_value	-999.250
[rows 124 to 154 of 288, columns 0 to 68 of 141]
-999.250 -999.250 -999.250 -999.250 -999.250 -999.250 -999.250 -999.250 -999.250 -999.250 -999.250 -999.250 -999.250 -999.250 -999.250 -999.250 -999.250 -999.250 -999.250 -999.250 -999.250 -999.250 -999.250 -999.250 3.517 2.758 1.047 0.557 0.053 0.556 2.567 3.047 3.688 3.682 5.654 6.231 5.180 6.679 6.275 4.885 1.648 0.000 0.000 0.000 0.000 0.000 0.000 4.091 13.207 23.458 43.995 59.907 81.254 97.135 109.659 87.447 64.301 39.443 25.086 10.963 5.146 0.000 0.000 0.000 0.000 0.000 0.000 0.000 0.000
-999.250 -999.250 -999.250 -999.250 -999.250 -999.250 -999.250 -999.250 -999.250 -999.250 -999.250 -999.250 -999.250 -999.250 -999.250 -999.250 -999.250 -999.250 -999.250 -999.250 -999.250 -999.250 -999.250 -999.250 2.146 1.632 0.000 0.084 0.005 0.970 2.096 2.970 5.084 3.378 4.072 5.013 5.303 4.592 3.594 3.781 1.149 0.776 0.000 0.000 0.000 0.000 0.000 3.346 11.564 24.784 44.358 64.669 91.108 110.281 143.678 102.728 68.223 49.370 28.331 16.570 7.678 3.324 0.000 0.000 0.000 0.000 0.000 0.000 0.000
-999.250 -999.250 -999.250 -999.250 -999.250 -999.250 -999.250 -999.250 -999.250 -999.250 -999.250 -999.250 -999.250 -999.250 -999.250 -999.250 -999.250 -999.250 -999.250 -999.250 -999.250 -999.250 -999.250 2.745 2.519 1.009 0.000 0.000 0.000 2.050 1.969 4.303 4.627 4.586 4.997 4.139 5.548 3.630 3.316 2.516 2.428 0.173 0.684 0.000 0.000 0.000 0.000 1.463 8.907 23.148 40.880 62.293 81.767 101.314 120.099 104.585 65.021 53.560 30.205 18.522 9.023 4.005 0.000 0.000 0.000 0.000 0.000 0.000 0.000
-999.250 -999.250 -999.250 -999.250 -999.250 -999.250 -999.250 -999.250 -999.250 -999.250 -999.250 -999.250 -999.250 -999.250 -999.250 -999.250 -999.250 -999.250 -999.250 -999.250 -999.250 -999.250 -999.250 2.231 1.010 0.000 0.000 0.000 0.000 1.528 2.147 4.222 5.392 4.844 4.958 5.427 6.130 4.822 5.151 4.903 3.082 2.386 0.409 1.183 0.000 0.000 0.000 0.000 5.265 15.731 33.578 53.439 71.872 85.743 84.126 77.630 59.965 48.357 31.642 15.872 9.001 2.758 0.000 0.000 0.000 0.000 0.000 0.000 0.000
-999.250 -999.250 -999.250 -999.250 -999.250 -999.250 -999.250 -999.250 -999.250 -999.250 -999.250 -999.250 -999.250 -999.250 -999.250 -999.250 -999.250 -999.250 -999.250 -999.250 -999.250 -999.250 -999.250 0.519 0.000 0.000 0.000 0.000 0.000 1.510 2.550 4.364 5.973 6.800 7.450 6.958 7.538 9.440 8.212 7.749 8.080 6.674 5.317 4.154 2.190 0.000 0.000 0.000 0.000 12.640 27.487 40.831 54.340 61.119 64.696 56.309 52.274 40.545 29.090 16.170 7.530 2.331 0.000 0.000 0.000 0.000 0.000 0.000 0.000
-999.250 -999.250 -999.250 -999.250 -999.250 -999.250 -999.250 -999.250 -999.250 -999.250 -999.250 -999.250 -999.250 -999.250 -999.250 -999.250 -999.250 -999.250 -999.250 -999.250 -999.250 -999.250 1.229 0.087 0.000 0.000 0.000 0.000 1.947 3.634 5.154 6.318 6.093 8.326 10.297 10.636 11.894 11.441 11.876 10.759 12.344 10.280 8.783 6.008 3.404 1.483 0.000 0.000 0.492 9.211 20.228 30.897 40.213 46.317 49.172 42.791 40.012 33.785 21.752 12.493 4.686 1.152 0.000 0.000 0.000 0.000 0.000 0.000 0.000
-999.250 -999.250 -999.250 -999.250 -999.250 -999.250 -999.250 -999.250 -999.250 -999.250 -999.250 -999.250 -999.250 -999.250 -999.250 -999.250 -999.250 -999.250 -999.250 -999.250 -999.250 -999.250 0.084 0.000 0.000 0.000 0.000 0.000 2.631 5.583 8.660 9.474 8.598 11.225 11.287 12.576 14.279 14.809 18.453 18.661 17.806 15.340 12.273 10.156 8.484 5.968 2.877 0.894 3.199 8.813 16.891 21.641 28.800 37.303 36.326 32.295 27.733 20.141 15.391 9.988 5.485 0.370 0.000 0.000 0.000 0.000 0.000 0.000 0.000
-999.250 -999.250 -999.250 -999.250 -999.250 -999.250 -999.250 -999.250 -999.250 -999.250 -999.250 -999.250 -999.250 -999.250 -999.250 -999.250 -999.250 -999.250 -999.250 -999.250 -999.250 0.000 0.000 0.000 2.597 0.000 0.000 0.000 2.295 6.758 14.369 10.029 9.926 11.101 12.889 15.076 20.710 19.637 24.532 25.676 25.164 21.332 21.826 14.939 10.710 7.733 5.197 3.888 4.809 6.734 12.046 17.997 22.573 24.018 23.183 23.068 19.512 14.105 11.250 8.045 3.421 0.000 0.000 0.000 0.000 0.000 0.000 0.000 0.000
-999.250 -999.250 -999.250 -999.250 -999.250 -999.250 -999.250 -999.250 -999.250 -999.250 -999.250 -999.250 -999.250 -999.250 -999.250 -999.250 -999.250 -999.250 -999.250 -999.250 -999.250 0.000 0.000 0.000 0.000 0.000 0.000 0.000 0.109 4.099 6.929 7.050 9.624 12.174 15.512 17.970 23.113 27.293 28.477 30.098 31.456 28.088 26.351 21.469 14.380 11.681 7.482 5.433 6.157 7.608 9.962 13.346 15.539 15.851 15.428 15.091 12.135 9.601 7.082 3.880 0.562 0.000 0.000 0.000 0.000 0.000 0.000 0.000 0.000
-999.250 -999.250 -999.250 -999.250 -999.250 -999.250 -999.250 -999.250 -999.250 -999.250 -999.250 -999.250 -999.250 -999.250 -999.250 -999.250 -999.250 -999.250 -999.250 -999.250 -999.250 0.000 0.000 0.000 0.000 0.000 0.000 0.000 0.000 0.275 4.184 6.175 8.836 12.600 18.640 22.269 27.753 37.838 36.785 39.094 36.692 37.285 33.641 27.532 21.741 16.823 9.847 8.593 7.765 9.367 8.750 10.096 12.940 11.297 10.653 9.057 7.809 6.386 4.358 1.644 0.441 0.000 0.000 0.000 0.000 0.000 0.000 0.000 0.000
-999.250 -999.250 -999.250 -999.250 -999.250 -999.250 -999.250 -999.250 -999.250 -999.250 -999.250 -999.250 -999.250 -999.250 -999.250 -999.250 -999.250 -999.250 -999.250 -999.250 0.000 0.000 0.000 0.000 0.000 0.000 0.000 0.000 0.000 0.000 0.401 4.346 10.054 12.488 17.634 26.980 33.424 40.218 49.763 46.804 48.596 43.529 39.790 34.540 28.240 19.279 13.509 10.591 8.315 9.105 7.132 9.062 12.564 8.311 5.546 4.164 3.942 3.146 0.622 0.000 0.000 0.000 0.000 0.000 0.000 0.000 0.000 0.000 0.000
-999.250 -999.250 -999.250 -999.250 -999.250 -999.250 -999.250 -999.250 -999.250 -999.250 -999.250 -999.250 -999.250 -999.250 -999.250 -999.250 -999.250 -999.250 -999.250 -999.250 0.000 0.000 0.000 0.000 0.000 0.000 0.000 0.000 0.000 0.000 0.000 3.261 8.438 13.388 18.645 30.711 39.619 49.601 54.878 58.388 54.786 53.463 49.187 41.294 34.533 27.180 16.331 11.300 9.106 7.791 5.128 4.920 4.914 3.755 2.333 0.162 0.210 0.077 0.000 0.000 0.000 0.000 0.000 0.000 0.457 1.563 1.277 0.000 0.000
-999.250 -999.250 -999.250 -999.250 -999.250 -999.250 -999.250 -999.250 -999.250 -999.250 -999.250 -999.250 -999.250 -999.250 -999.250 -999.250 -999.250 -999.250 -999.250 -999.250 0.000 0.000 0.000 0.000 0.000 0.000 0.000 0.000 0.000 0.000 0.000 2.254 7.200 11.720 18.005 27.721 41.139 51.785 60.450 69.371 65.961 61.510 53.948 45.850 35.407 24.476 19.459 12.523 9.978 4.883 4.221 0.912 0.537 0.000 0.000 0.000 0.000 0.000 0.000 0.000 0.000 0.000 0.000 1.253 3.718 3.115 3.276 0.869 0.637
-999.250 -999.250 -999.250 -999.250 -999.250 -999.250 -999.250 -999.250 -999.250 -999.250 -999.250 -999.250 -999.250 -999.250 -999.250 -999.250 -999.250 -999.250 -999.250 -999.250 0.000 0.000 0.000 0.000 0.000 0.000 0.000 0.000 0.000 0.000 0.000 3.736 8.257 11.669 19.313 29.591 38.005 51.758 62.344 75.429 90.818 67.944 55.644 46.138 34.670 25.515 16.009 12.186 6.853 3.743 0.302 0.000 0.000 0.000 0.000 0.000 0.000 0.000 0.000 0.000 0.000 0.000 2.016 3.672 5.055 6.950 5.579 3.680 3.759
-999.250 -999.250 -999.250 -999.250 -999.250 -999.250 -999.250 -999.250 -999.250 -999.250 -999.250 -999.250 -999.250 -999.250 -999.250 -999.250 -999.250 -999.250 -999.250 0.000 0.000 0.000 0.000 0.000 1.248 2.451 4.422 5.339 4.635 5.654 6.476 7.409 11.148 13.497 19.241 28.043 35.139 49.052 58.419 69.994 69.992 64.156 56.596 45.391 33.115 23.307 16.632 10.975 7.337 3.923 0.000 0.000 0.000 0.000 0.000 0.000 0.000 0.000 0.000 0.000 0.000 1.060 4.206 6.410 8.077 7.586 7.454 7.492 5.128
-999.250 -999.250 -999.250 -999.250 -999.250 -999.250 -999.250 -999.250 -999.250 -999.250 -999.250 -999.250 -999.250 -999.250 -999.250 -999.250 -999.250 -999.250 -999.250 0.000 0.000 0.000 0.000 2.507 5.938 6.841 7.639 8.471 10.414 12.727 15.300 15.192 12.919 15.860 19.303 24.914 33.111 44.349 50.376 57.267 61.313 54.402 46.312 43.382 26.915 21.392 16.729 10.267 4.891 0.476 0.000 0.000 0.000 0.000 0.000 0.000 0.000 0.000 0.000 0.000 0.000 2.478 5.940 8.698 10.864 12.173 9.872 7.491 5.268
-999.250 -999.250 -999.250 -999.250 -999.250 -999.250 -999.250 -999.250 -999.250 -999.250 -999.250 -999.250 -999.250 -999.250 -999.250 -999.250 -999.250 -999.250 -999.250 0.000 0.000 0.756 3.390 7.331 9.207 9.434 11.282 14.569 16.662 22.258 34.372 24.256 17.217 16.853 16.757 18.506 27.750 36.896 41.694 45.441 48.047 45.540 35.710 32.321 25.124 18.345 12.356 7.342 4.042 0.000 0.000 0.000 0.000 0.000 0.000 0.000 0.000 0.000 0.000 0.000 0.604 4.033 7.569 13.066 14.736 14.971 13.073 9.868 6.833
-999.250 -999.250 -999.250 -999.250 -999.250 -999.250 -999.250 -999.250 -999.250 -999.250 -999.250 -999.250 -999.250 -999.250 -999.250 -999.250 -999.250 -999.250 -999.250 0.000 1.366 4.818 9.048 11.150 12.377 15.064 13.957 16.149 18.782 22.934 26.803 23.480 18.688 15.431 18.718 20.627 24.409 29.824 30.660 34.848 34.257 35.845 30.031 27.722 19.623 16.371 9.432 6.647 5.442 0.000 0.000 0.000 0.000 0.000 0.000 0.000 0.000 0.000 0.000 0.000 0.176 5.135 9.622 16.139 20.915 18.515 15.821 10.633 8.333
-999.250 -999.250 -999.250 -999.250 -999.250 -999.250 -999.250 -999.250 -999.250 -999.250 -999.250 -999.250 -999.250 -999.250 -999.250 -999.250 -999.250 -999.250 -999.250 3.680 5.874 9.972 15.690 19.742 20.740 16.523 17.762 18.256 20.867 21.437 23.164 20.410 18.070 15.084 15.245 18.984 21.357 25.072 27.070 24.260 25.250 26.246 25.799 22.567 15.440 13.601 9.460 6.161 1.682 0.000 0.000 0.000 0.000 0.000 0.000 0.000 0.000 0.000 0.000 0.000 0.138 4.565 11.613 18.809 31.913 21.556 14.475 10.636 8.227
-999.250 -999.250 -999.250 -999.250 -999.250 -999.250 -999.250 -999.250 -999.250 -999.250 -999.250 -999.250 -999.250 -999.250 -999.250 -999.250 -999.250 -999.250 4.373 6.639 8.876 13.907 20.987 33.610 25.574 19.767 17.145 18.539 20.050 20.514 19.842 16.164 14.615 16.516 15.796 13.572 18.462 21.588 20.521 20.709 20.677 21.716 18.382 16.251 15.173 13.212 8.930 6.475 1.680 0.000 0.000 0.000 0.000 0.000 0.000 0.000 0.000 0.000 0.000 0.000 0.000 4.841 9.536 16.287 19.373 16.401 12.795 8.672 6.577
-999.250 -999.250 -999.250 -999.250 -999.250 -999.250 -999.250 -999.250 -999.250 -999.250 -999.250 -999.250 -999.250 -999.250 -999.250 -999.250 -999.250 6.170 6.220 8.606 12.566 15.718 21.978 24.317 23.227 18.756 19.450 18.526 19.506 19.632 16.677 13.798 13.807 13.718 12.649 13.736 13.977 14.423 13.512 13.564 14.812 14.901 14.144 14.355 13.751 13.697 11.445 6.506 2.554 0.000 0.000 0.000 0.000 0.000 0.000 0.000 0.000 0.000 0.000 0.000 0.000 2.869 7.622 11.897 12.060 12.047 9.655 7.494 5.265
-999.250 -999.250 -999.250 -999.250 -999.250 -999.250 -999.250 -999.250 -999.250 -999.250 -999.250 -999.250 -999.250 -999.250 -999.250 -999.250 -999.250 8.465 10.215 11.966 13.757 14.874 17.065 19.853 19.195 15.458 17.147 17.154 14.844 15.105 14.659 11.787 11.264 10.093 9.255 9.026 8.399 9.925 9.186 11.087 10.444 11.998 12.844 14.026 14.818 16.153 11.063 6.736 3.661 0.000 0.000 0.000 0.000 0.000 0.000 0.000 1.136 3.960 1.413 0.000 0.000 2.983 5.081 6.496 8.819 8.192 4.876 4.201 3.337
-999.250 -999.250 -999.250 -999.250 -999.250 -999.250 -999.250 -999.250 -999.250 -999.250 -999.250 -999.250 -999.250 -999.250 -999.250 12.174 11.945 12.011 12.872 12.033 15.662 14.631 13.826 15.619 16.624 15.103 14.393 14.049 13.362 12.082 10.146 10.036 9.041 7.582 5.774 6.883 6.308 6.751 7.672 6.571 8.109 11.450 12.800 14.281 17.735 18.317 13.360 8.885 4.057 0.118 0.000 0.000 0.000 0.000 0.000 0.791 4.488 11.386 4.439 0.902 0.000 0.866 3.241 4.256 4.777 5.053 3.536 1.702 0.000
-999.250 -999.250 -999.250 -999.250 -999.250 -999.250 -999.250 -999.250 -999.250 -999.250 -999.250 -999.250 -999.250 -999.250 13.050 12.747 13.302 13.720 15.077 13.787 16.847 14.035 14.943 14.114 15.485 13.930 13.557 10.372 10.028 10.035 7.822 7.394 6.722 5.571 5.111 4.082 5.530 6.006 4.535 5.138 5.672 9.576 14.179 19.128 24.013 24.173 16.811 10.104 4.524 0.742 0.000 0.000 0.000 0.000 0.000 0.134 3.208 5.479 3.682 1.726 0.108 0.000 1.544 2.485 4.066 4.375 0.852 0.000 0.000
-999.250 -999.250 -999.250 -999.250 -999.250 -999.250 -999.250 -999.250 -999.250 -999.250 -999.250 -999.250 -999.250 -999.250 15.275 12.562 12.563 13.447 15.240 15.280 17.932 15.496 14.402 13.137 15.444 9.962 10.177 7.917 5.730 6.751 6.447 6.763 5.148 4.852 3.619 2.946 4.105 7.807 5.112 4.985 6.209 9.686 13.613 22.867 32.619 37.109 21.806 13.403 5.923 0.798 0.000 0.000 0.000 0.000 0.000 0.000 1.300 1.793 1.487 0.388 0.000 0.000 0.527 0.370 1.529 0.471 0.000 0.000 0.000
-999.250 -999.250 -999.250 -999.250 -999.250 -999.250 -999.250 -999.250 -999.250 -999.250 -999.250 -999.250 -999.250 16.674 16.361 13.821 15.767 15.856 18.445 19.137 17.020 15.624 14.102 14.243 11.319 10.296 7.547 4.463 5.262 4.789 4.168 4.291 3.574 3.252 2.984 2.276 2.810 2.855 4.303 4.676 6.795 7.610 12.913 19.127 30.207 26.775 17.797 11.743 5.025 0.000 0.000 0.000 0.000 0.000 0.000 0.000 0.000 0.000 0.000 0.000 0.000 0.000 0.000 0.118 0.138 0.000 0.000 0.000 0.000
-999.250 -999.250 -999.250 -999.250 -999.250 -999.250 -999.250 -999.250 -999.250 -999.250 -999.250 -999.250 20.254 15.966 16.739 16.720 15.432 18.438 22.393 23.179 21.412 15.719 13.878 12.883 11.159 8.247 5.956 4.807 2.828 2.212 3.195 2.134 0.837 0.492 0.485 0.947 1.084 2.482 3.091 3.093 5.575 7.327 11.677 14.324 19.070 18.799 14.088 8.201 1.865 0.602 0.000 0.000 0.000 0.000 0.000 0.000 0.000 0.000 0.000 0.000 0.000 0.000 0.000 0.000 0.000 0.000 0.000 0.000 0.000
-999.250 -999.250 -999.250 -999.250 -999.250 -999.250 -999.250 -999.250 -999.250 -999.250 -999.250 26.990 21.628 18.338 15.735 17.848 16.893 20.119 22.904 28.325 26.953 19.755 15.488 13.635 9.242 6.902 4.003 3.070 1.475 2.006 0.800 0.042 0.304 0.000 0.200 0.561 1.002 4.064 1.645 4.156 5.701 7.009 10.302 12.199 14.012 18.730 10.788 5.094 1.298 0.000 0.000 0.000 0.000 0.000 0.000 0.000 0.000 0.000 0.000 0.000 0.000 0.000 0.000 0.000 0.000 0.000 0.000 0.000 0.000
-999.250 -999.250 -999.250 -999.250 -999.250 -999.250 -999.250 -999.250 -999.250 -999.250 32.545 28.280 23.089 17.767 17.838 18.972 19.764 24.700 31.328 33.912 30.373 23.052 15.326 11.460 8.445 4.944 1.703 0.000 0.000 0.213 0.617 0.260 0.107 0.295 0.000 0.153 0.959 3.841 4.841 5.270 5.203 7.811 8.020 10.021 8.404 9.416 5.389 2.444 0.000 0.000 0.000 0.000 0.000 0.000 0.000 0.000 0.000 0.000 0.000 0.000 0.000 0.000 0.000 0.000 0.000 0.000 0.000 0.000 0.000
-999.250 -999.250 -999.250 -999.250 -999.250 -999.250 -999.250 -999.250 -999.250 39.576 33.852 27.907 22.452 18.738 20.404 25.317 22.726 26.070 32.966 46.232 32.596 23.861 17.797 10.503 6.120 1.936 0.000 0.000 0.000 0.000 0.000 1.113 2.185 1.023 2.006 3.513 1.938 4.136 5.129 5.705 5.672 6.453 6.769 5.551 5.616 4.459 1.489 0.000 0.000 0.000 0.000 0.000 0.000 0.000 0.000 0.000 0.000 0.000 0.000 0.000 0.000 0.000 0.000 0.000 0.000 0.000 0.000 0.000 0.000
-999.250 -999.250 -999.250 -999.250 -999.250 51.407 56.602 48.938 41.509 36.788 33.105 27.535 24.429 20.607 22.006 23.078 24.065 27.735 34.935 36.088 30.735 24.530 16.749 8.905 6.038 0.000 0.000 0.000 0.000 0.000 0.000 0.502 1.928 3.591 4.326 4.989 3.818 5.809 5.709 6.542 7.147 6.128 7.187 4.639 1.263 0.000 0.000 0.000 0.000 0.000 0.000 0.000 0.000 0.000 0.000 0.000 0.000 0.000 0.000 0.000 0.000 0.000 0.000 0.000 0.000 0.394 0.000 0.000 0.000
