data/medianmodel_28-Sep-2020.asc
ncols	141
nrows	288
xllcorner	-120191.398
yllcorner	-301404.813
cellsize	2000.000
NODATA_value	-999.250
[rows 90 to 119 of 288, columns 0 to 66 of 141]
-999.250 -999.250 -999.250 -999.250 -999.250 -999.250 -999.250 -999.250 -999.250 -999.250 -999.250 -999.250 -999.250 -999.250 -999.250 -999.250 -999.250 -999.250 -999.250 -999.250 -999.250 -999.250 -999.250 -999.250 -999.250 -999.250 -999.250 -999.250 -999.250 -999.250 -999.250 -999.250 9.414 10.585 9.983 12.041 13.193 11.510 9.464 6.160 4.187 0.986 3.030 0.662 3.754 5.617 9.219 8.526 10.019 10.993 11.016 12.571 16.636 18.200 22.209 23.936 28.299 33.270 42.206 49.246 49.425 62.604 64.499 63.765 59.739 59.928 60.709
-999.250 -999.250 -999.250 -999.250 -999.250 -999.250 -999.250 -999.250 -999.250 -999.250 -999.250 -999.250 -999.250 -999.250 -999.250 -999.250 -999.250 -999.250 -999.250 -999.250 -999.250 -999.250 -999.250 -999.250 -999.250 -999.250 -999.250 -999.250 -999.250 -999.250 -999.250 -999.250 7.029 8.126 6.913 8.174 9.718 8.488 7.648 6.612 8.351 5.893 3.413 7.326 9.756 10.768 14.415 10.909 10.514 10.572 9.624 12.043 12.213 15.670 20.650 24.478 30.389 33.423 39.995 45.417 52.530 58.221 60.291 63.398 57.450 57.059 54.403
-999.250 -999.250 -999.250 -999.250 -999.250 -999.250 -999.250 -999.250 -999.250 -999.250 -999.250 -999.250 -999.250 -999.250 -999.250 -999.250 -999.250 -999.250 -999.250 -999.250 -999.250 -999.250 -999.250 -999.250 -999.250 -999.250 -999.250 -999.250 -999.250 -999.250 -999.250 4.778 2.241 1.990 3.081 3.539 5.006 5.626 5.410 7.832 9.295 10.664 11.057 11.686 12.925 14.480 15.502 14.678 11.622 9.194 11.205 10.570 9.428 13.021 15.460 19.991 26.568 33.767 39.222 53.023 53.606 57.414 59.242 56.758 50.983 46.735 48.113
-999.250 -999.250 -999.250 -999.250 -999.250 -999.250 -999.250 -999.250 -999.250 -999.250 -999.250 -999.250 -999.250 -999.250 -999.250 -999.250 -999.250 -999.250 -999.250 -999.250 -999.250 -999.250 -999.250 -999.250 -999.250 -999.250 -999.250 -999.250 -999.250 -999.250 -999.250 1.815 1.690 0.224 0.026 1.859 5.060 6.655 10.284 10.447 13.393 14.345 14.678 13.797 16.288 20.659 22.012 16.403 13.517 12.368 10.461 11.412 9.961 10.583 14.123 17.584 25.521 30.387 44.255 53.149 56.550 59.589 53.044 50.648 45.886 39.168 39.478
-999.250 -999.250 -999.250 -999.250 -999.250 -999.250 -999.250 -999.250 -999.250 -999.250 -999.250 -999.250 -999.250 -999.250 -999.250 -999.250 -999.250 -999.250 -999.250 -999.250 -999.250 -999.250 -999.250 -999.250 -999.250 -999.250 -999.250 -999.250 -999.250 -999.250 -999.250 1.702 0.000 0.000 0.000 3.293 8.411 9.570 15.002 17.076 17.022 17.513 17.994 16.496 19.358 20.477 19.724 16.609 13.347 12.493 10.593 11.132 7.692 9.521 14.039 17.515 24.677 33.070 45.606 57.599 60.888 59.487 51.881 46.629 40.307 34.778 31.478
-999.250 -999.250 -999.250 -999.250 -999.250 -999.250 -999.250 -999.250 -999.250 -999.250 -999.250 -999.250 -999.250 -999.250 -999.250 -999.250 -999.250 -999.250 -999.250 -999.250 -999.250 -999.250 -999.250 -999.250 -999.250 -999.250 -999.250 -999.250 -999.250 -999.250 -999.250 0.744 1.039 0.000 0.000 5.634 12.299 15.101 18.692 23.262 25.064 25.772 25.402 25.408 24.088 21.053 17.101 14.161 14.619 10.613 9.239 8.731 8.939 8.594 12.864 15.321 24.146 32.662 48.261 62.141 63.599 55.593 48.299 37.694 33.744 31.392 28.710
-999.250 -999.250 -999.250 -999.250 -999.250 -999.250 -999.250 -999.250 -999.250 -999.250 -999.250 -999.250 -999.250 -999.250 -999.250 -999.250 -999.250 -999.250 -999.250 -999.250 -999.250 -999.250 -999.250 -999.250 -999.250 -999.250 -999.250 -999.250 -999.250 -999.250 6.497 3.011 4.208 2.974 5.996 9.896 17.140 20.206 26.615 30.544 31.516 31.423 30.033 27.641 25.142 24.029 18.278 15.379 13.725 13.047 8.832 10.112 10.815 7.366 9.525 12.683 17.867 27.620 44.896 66.973 61.851 52.768 42.482 31.965 29.138 28.167 26.299
-999.250 -999.250 -999.250 -999.250 -999.250 -999.250 -999.250 -999.250 -999.250 -999.250 -999.250 -999.250 -999.250 -999.250 -999.250 -999.250 -999.250 -999.250 -999.250 -999.250 -999.250 -999.250 -999.250 -999.250 -999.250 -999.250 -999.250 -999.250 -999.250 -999.250 5.689 6.043 9.656 10.237 13.390 17.799 23.070 28.800 34.275 39.006 40.919 39.207 36.688 32.357 29.592 25.663 20.086 17.279 16.209 14.409 13.438 14.893 12.774 13.041 10.689 10.756 10.015 15.921 29.909 46.222 53.791 45.996 39.109 31.755 28.085 25.120 25.326
-999.250 -999.250 -999.250 -999.250 -999.250 -999.250 -999.250 -999.250 -999.250 -999.250 -999.250 -999.250 -999.250 -999.250 -999.250 -999.250 -999.250 -999.250 -999.250 -999.250 -999.250 -999.250 -999.250 -999.250 -999.250 -999.250 -999.250 -999.250 -999.250 -999.250 8.156 9.854 12.500 14.685 16.515 22.098 29.297 35.210 44.402 53.141 54.767 51.857 45.186 40.604 32.797 28.368 24.566 20.362 18.189 19.807 16.702 15.690 15.706 14.535 11.768 9.824 4.546 0.000 19.902 32.450 36.963 35.677 33.709 29.487 26.390 24.572 25.913
-999.250 -999.250 -999.250 -999.250 -999.250 -999.250 -999.250 -999.250 -999.250 -999.250 -999.250 -999.250 -999.250 -999.250 -999.250 -999.250 -999.250 -999.250 -999.250 -999.250 -999.250 -999.250 -999.250 -999.250 -999.250 -999.250 -999.250 -999.250 -999.250 -999.250 12.933 14.913 17.013 20.701 26.186 29.672 34.860 44.096 52.512 63.305 71.406 60.932 53.654 48.627 34.836 32.993 29.486 26.361 22.264 23.631 22.286 23.484 19.590 19.421 15.660 12.862 8.527 7.478 17.415 27.057 31.043 29.555 30.826 25.874 24.021 22.398 23.207
-999.250 -999.250 -999.250 -999.250 -999.250 -999.250 -999.250 -999.250 -999.250 -999.250 -999.250 -999.250 -999.250 -999.250 -999.250 -999.250 -999.250 -999.250 -999.250 -999.250 -999.250 -999.250 -999.250 -999.250 -999.250 -999.250 -999.250 -999.250 -999.250 11.363 13.525 17.818 19.560 24.096 29.152 35.169 44.726 46.006 53.889 63.629 67.730 62.763 54.839 49.816 41.528 37.905 33.674 31.251 29.406 27.318 26.428 29.484 27.361 25.689 23.070 19.146 14.355 15.253 21.264 23.984 24.570 27.794 27.442 24.817 24.729 23.161 21.323
-999.250 -999.250 -999.250 -999.250 -999.250 -999.250 -999.250 -999.250 -999.250 -999.250 -999.250 -999.250 -999.250 -999.250 -999.250 -999.250 -999.250 -999.250 -999.250 -999.250 -999.250 -999.250 -999.250 -999.250 -999.250 -999.250 -999.250 -999.250 -999.250 13.856 19.070 20.377 22.930 25.656 30.168 36.741 47.933 50.849 58.870 60.316 65.198 62.490 56.085 51.827 49.223 39.310 37.203 33.741 32.336 32.369 31.772 33.284 32.850 37.040 30.952 26.791 24.056 22.872 21.070 22.275 24.872 26.948 26.461 22.996 24.700 21.411 23.336
-999.250 -999.250 -999.250 -999.250 -999.250 -999.250 -999.250 -999.250 -999.250 -999.250 -999.250 -999.250 -999.250 -999.250 -999.250 -999.250 -999.250 -999.250 -999.250 -999.250 -999.250 -999.250 -999.250 -999.250 -999.250 -999.250 -999.250 -999.250 -999.250 17.075 20.017 24.661 26.419 27.216 32.717 37.637 51.409 56.940 59.997 63.801 62.931 63.321 55.046 53.090 48.660 47.081 40.628 38.961 35.259 36.500 39.688 40.295 43.816 51.117 38.427 30.681 26.902 26.882 21.772 22.990 22.675 22.905 23.493 22.635 22.737 23.802 22.809
-999.250 -999.250 -999.250 -999.250 -999.250 -999.250 -999.250 -999.250 -999.250 -999.250 -999.250 -999.250 -999.250 -999.250 -999.250 -999.250 -999.250 -999.250 -999.250 -999.250 -999.250 -999.250 -999.250 -999.250 -999.250 -999.250 -999.250 -999.250 -999.250 21.819 22.555 26.544 25.448 30.953 36.000 45.263 48.532 53.717 59.710 61.386 62.238 59.205 59.468 56.951 50.206 49.637 44.378 44.027 44.385 49.338 48.840 48.344 48.775 53.285 40.966 35.959 32.009 29.548 25.457 25.967 23.432 21.919 22.330 23.326 23.550 23.022 23.251
-999.250 -999.250 -999.250 -999.250 -999.250 -999.250 -999.250 -999.250 -999.250 -999.250 -999.250 -999.250 -999.250 -999.250 -999.250 -999.250 -999.250 -999.250 -999.250 -999.250 -999.250 -999.250 -999.250 -999.250 -999.250 -999.250 -999.250 -999.250 18.476 19.612 24.544 25.324 27.241 32.143 34.598 42.883 50.562 53.477 56.094 57.780 56.967 61.371 57.170 56.991 55.019 54.349 53.604 52.108 53.606 50.876 51.733 52.652 54.089 52.214 45.744 38.845 34.307 30.667 27.449 25.458 26.123 23.882 26.149 24.617 21.722 19.780 21.666
-999.250 -999.250 -999.250 -999.250 -999.250 -999.250 -999.250 -999.250 -999.250 -999.250 -999.250 -999.250 -999.250 -999.250 -999.250 -999.250 -999.250 -999.250 -999.250 -999.250 -999.250 -999.250 -999.250 -999.250 -999.250 -999.250 -999.250 -999.250 17.375 20.350 24.623 25.182 26.629 29.530 35.029 38.907 50.107 53.368 57.567 59.401 58.284 55.955 52.820 54.186 52.761 54.834 57.392 54.739 55.386 56.942 55.531 56.656 54.723 51.835 50.754 46.319 36.324 32.584 27.048 24.502 25.889 25.692 24.547 24.551 23.018 22.985 18.770
-999.250 -999.250 -999.250 -999.250 -999.250 -999.250 -999.250 -999.250 -999.250 -999.250 -999.250 -999.250 -999.250 -999.250 -999.250 -999.250 -999.250 -999.250 -999.250 -999.250 -999.250 -999.250 -999.250 -999.250 -999.250 -999.250 -999.250 13.038 16.710 19.632 20.315 22.937 24.854 30.801 31.907 40.954 45.895 53.596 59.467 57.334 55.871 55.813 56.646 52.272 53.144 55.116 56.765 57.702 59.359 60.087 58.471 56.909 56.535 55.596 52.438 49.783 43.612 33.666 27.547 24.782 23.999 24.899 25.295 24.091 22.980 22.039 18.720
-999.250 -999.250 -999.250 -999.250 -999.250 -999.250 -999.250 -999.250 -999.250 -999.250 -999.250 -999.250 -999.250 -999.250 -999.250 -999.250 -999.250 -999.250 -999.250 -999.250 -999.250 -999.250 -999.250 -999.250 -999.250 -999.250 -999.250 15.770 17.741 18.854 20.747 22.431 24.799 30.321 32.946 38.178 45.871 52.049 53.517 54.674 55.641 52.798 52.841 54.349 55.858 57.199 60.243 59.248 57.812 59.790 57.077 58.758 60.579 58.632 57.645 50.794 44.640 32.169 25.146 23.030 22.331 21.622 22.521 27.238 22.403 18.514 15.542
-999.250 -999.250 -999.250 -999.250 -999.250 -999.250 -999.250 -999.250 -999.250 -999.250 -999.250 -999.250 -999.250 -999.250 -999.250 -999.250 -999.250 -999.250 -999.250 -999.250 -999.250 -999.250 -999.250 -999.250 -999.250 -999.250 -999.250 15.745 17.084 19.213 20.253 22.687 23.591 28.836 31.950 32.720 41.391 49.673 50.319 50.438 55.011 51.577 56.400 52.767 52.094 53.351 55.306 57.636 54.910 57.475 53.039 57.249 54.866 55.368 50.305 46.402 33.954 28.112 23.697 20.246 17.904 16.752 19.872 17.655 17.210 16.645 13.598
-999.250 -999.250 -999.250 -999.250 -999.250 -999.250 -999.250 -999.250 -999.250 -999.250 -999.250 -999.250 -999.250 -999.250 -999.250 -999.250 -999.250 -999.250 -999.250 -999.250 -999.250 -999.250 -999.250 -999.250 -999.250 -999.250 -999.250 16.275 16.537 20.183 20.427 19.699 23.070 25.330 27.730 29.650 38.454 37.854 46.807 43.959 45.317 49.141 47.052 46.414 49.909 50.144 54.474 54.618 54.014 54.070 50.917 56.158 54.882 50.772 44.624 36.305 30.316 22.571 15.509 15.047 12.869 13.238 12.278 12.260 12.102 12.064 10.412
-999.250 -999.250 -999.250 -999.250 -999.250 -999.250 -999.250 -999.250 -999.250 -999.250 -999.250 -999.250 -999.250 -999.250 -999.250 -999.250 -999.250 -999.250 -999.250 -999.250 -999.250 -999.250 -999.250 -999.250 -999.250 -999.250 -999.250 -999.250 15.507 17.089 18.840 17.898 20.005 22.260 27.499 29.116 30.936 33.117 36.207 37.375 36.987 36.539 44.267 40.313 44.516 45.550 46.368 49.885 51.358 51.855 55.616 53.793 55.431 50.023 42.295 29.872 23.977 18.688 11.213 8.877 5.028 5.070 7.268 8.794 8.373 7.060 7.180
-999.250 -999.250 -999.250 -999.250 -999.250 -999.250 -999.250 -999.250 -999.250 -999.250 -999.250 -999.250 -999.250 -999.250 -999.250 -999.250 -999.250 -999.250 -999.250 -999.250 -999.250 -999.250 -999.250 -999.250 -999.250 -999.250 -999.250 -999.250 15.359 17.331 17.031 15.669 19.219 21.395 24.298 25.830 28.692 28.856 30.766 32.639 33.255 33.421 33.759 37.856 36.188 40.557 41.569 47.211 52.195 51.589 53.491 54.112 46.763 40.244 31.773 26.869 19.152 13.487 11.060 2.994 0.000 2.565 4.633 6.909 4.772 5.430 4.850
-999.250 -999.250 -999.250 -999.250 -999.250 -999.250 -999.250 -999.250 -999.250 -999.250 -999.250 -999.250 -999.250 -999.250 -999.250 -999.250 -999.250 -999.250 -999.250 -999.250 -999.250 -999.250 -999.250 -999.250 -999.250 -999.250 -999.250 -999.250 15.211 15.196 13.633 15.289 16.201 19.762 19.598 22.355 23.638 23.605 26.618 27.479 27.506 30.622 30.336 30.999 32.989 37.938 39.158 39.441 41.447 47.561 52.456 55.007 49.467 39.706 27.826 23.313 15.871 12.118 5.635 2.575 0.000 0.505 0.016 2.296 2.763 3.170 2.046
-999.250 -999.250 -999.250 -999.250 -999.250 -999.250 -999.250 -999.250 -999.250 -999.250 -999.250 -999.250 -999.250 -999.250 -999.250 -999.250 -999.250 -999.250 -999.250 -999.250 -999.250 -999.250 -999.250 -999.250 -999.250 -999.250 -999.250 -999.250 13.567 13.516 14.338 12.891 15.980 17.348 20.288 16.524 20.681 17.024 19.049 21.127 23.699 26.647 25.750 28.684 30.457 33.835 32.716 35.754 36.653 40.553 50.839 55.083 45.017 32.012 26.355 18.019 13.465 7.468 4.116 1.039 0.000 0.000 0.000 1.581 1.845 1.918 0.943
-999.250 -999.250 -999.250 -999.250 -999.250 -999.250 -999.250 -999.250 -999.250 -999.250 -999.250 -999.250 -999.250 -999.250 -999.250 -999.250 -999.250 -999.250 -999.250 -999.250 -999.250 -999.250 -999.250 -999.250 -999.250 -999.250 -999.250 -999.250 11.970 14.495 10.399 10.818 13.264 14.972 13.230 14.576 14.171 14.983 14.685 14.272 16.305 19.846 22.071 22.533 24.958 26.825 26.519 28.017 29.049 32.614 37.878 40.139 34.892 28.294 20.792 14.267 9.275 2.350 0.698 0.000 0.000 0.000 0.000 1.974 0.976 4.020 0.556
-999.250 -999.250 -999.250 -999.250 -999.250 -999.250 -999.250 -999.250 -999.250 -999.250 -999.250 -999.250 -999.250 -999.250 -999.250 -999.250 -999.250 -999.250 -999.250 -999.250 -999.250 -999.250 -999.250 -999.250 -999.250 -999.250 -999.250 13.630 11.964 12.096 11.550 7.885 11.436 14.358 11.857 13.223 13.112 11.968 11.731 11.682 13.658 14.629 16.308 17.907 21.100 20.874 18.834 20.889 19.858 22.711 26.872 28.581 26.338 24.092 18.128 10.567 5.999 1.066 0.398 0.253 0.000 0.000 1.992 2.285 2.309 0.166 1.592
-999.250 -999.250 -999.250 -999.250 -999.250 -999.250 -999.250 -999.250 -999.250 -999.250 -999.250 -999.250 -999.250 -999.250 -999.250 -999.250 -999.250 -999.250 -999.250 -999.250 -999.250 -999.250 -999.250 -999.250 -999.250 -999.250 -999.250 11.741 12.869 10.428 12.797 12.048 11.227 11.915 9.567 11.222 12.141 11.011 10.671 10.104 10.837 11.692 11.449 14.065 14.455 14.272 11.467 11.476 10.288 11.843 14.332 18.162 18.730 15.821 13.016 6.791 1.401 0.000 0.000 1.101 0.804 0.906 3.969 3.640 2.037 2.620 3.848
-999.250 -999.250 -999.250 -999.250 -999.250 -999.250 -999.250 -999.250 -999.250 -999.250 -999.250 -999.250 -999.250 -999.250 -999.250 -999.250 -999.250 -999.250 -999.250 -999.250 -999.250 -999.250 -999.250 -999.250 -999.250 -999.250 -999.250 12.453 14.532 12.335 11.133 12.872 10.014 13.490 10.804 12.525 10.750 9.925 7.437 9.598 7.576 7.187 7.420 9.799 9.792 9.991 9.844 4.743 1.132 0.000 5.045 10.692 14.112 13.598 11.029 5.186 0.000 0.000 0.000 2.112 3.554 4.913 5.375 8.947 10.095 5.334 5.460
-999.250 -999.250 -999.250 -999.250 -999.250 -999.250 -999.250 -999.250 -999.250 -999.250 -999.250 -999.250 -999.250 -999.250 -999.250 -999.250 -999.250 -999.250 -999.250 -999.250 -999.250 -999.250 -999.250 -999.250 -999.250 -999.250 15.954 13.168 16.750 14.779 12.672 13.112 14.418 11.701 13.076 11.118 11.322 10.576 10.388 8.713 10.031 5.468 8.111 7.225 7.876 7.255 3.961 0.184 0.000 0.000 0.000 5.382 8.018 8.184 7.450 6.828 1.802 1.689 4.478 5.867 9.360 11.794 9.708 10.282 11.387 8.578 7.229
-999.250 -999.250 -999.250 -999.250 -999.250 -999.250 -999.250 -999.250 -999.250 -999.250 -999.250 -999.250 -999.250 -999.250 -999.250 -999.250 -999.250 -999.250 -999.250 -999.250 -999.250 -999.250 -999.250 -999.250 -999.250 -999.250 16.432 15.569 15.886 12.804 14.335 13.735 13.875 16.716 14.779 14.243 13.742 13.948 14.153 10.459 9.417 8.530 7.752 6.826 2.104 4.754 2.170 0.212 0.000 0.000 0.000 1.945 5.490 8.063 7.102 9.406 7.174 9.345 11.929 14.270 14.237 14.186 13.629 11.528 13.111 12.527 12.375
