data/medianmodel_07-May-2020.asc
ncols	141
nrows	288
xllcorner	-120191.398
yllcorner	-301404.813
cellsize	2000.000
NODATA_value	-999.250
[rows 31 to 61 of 288, columns 69 to 137 of 141]
14.388 9.631 9.947 9.395 10.706 8.485 8.023 5.058 0.000 0.000 0.000 0.000 0.000 0.247 4.806 7.523 9.461 14.318 17.953 15.997 16.712 15.570 14.307 11.485 7.797 5.899 3.904 2.229 1.151 2.104 1.713 1.355 3.055 5.562 4.490 6.854 8.429 5.569 8.180 8.019 9.934 8.994 8.237 8.063 9.713 9.515 8.321 12.039 13.519 18.071 20.650 20.219 22.226 17.945 19.893 17.709 18.609 20.386 21.936 24.244 25.301 22.649 21.648 18.892 20.675 18.215 17.834 18.348 18.175
14.127 13.686 12.984 10.083 10.884 8.784 6.439 4.365 0.000 0.000 0.000 0.000 0.000 2.925 8.669 16.114 18.192 18.557 22.284 21.793 26.279 22.424 20.017 18.287 13.447 11.431 4.468 4.467 2.662 2.940 0.347 2.192 4.769 3.061 4.329 5.452 4.436 7.628 8.456 7.139 7.843 8.037 9.146 10.222 8.057 6.655 9.714 10.329 13.455 16.213 16.348 19.564 19.270 19.334 23.057 19.940 20.178 21.186 22.528 22.333 22.135 23.304 21.417 23.006 18.967 17.840 18.486 17.627 20.405
11.865 15.330 13.645 14.013 12.637 9.685 6.370 2.360 0.102 0.000 0.000 0.000 0.000 5.587 11.026 21.289 26.008 26.819 32.184 42.057 37.781 27.807 24.036 22.047 22.509 15.074 10.800 7.632 4.641 1.139 3.651 3.261 2.050 2.696 4.056 4.319 4.055 6.839 6.760 6.889 7.721 8.137 8.951 11.701 8.989 7.161 8.524 8.823 11.311 10.308 13.934 17.361 15.785 15.570 17.573 16.345 22.068 21.784 19.306 17.861 20.194 17.993 22.168 21.074 22.685 19.020 20.036 17.363 17.630
11.211 13.067 14.734 13.565 16.622 12.096 5.745 3.764 0.000 0.000 0.000 0.000 0.000 4.336 17.009 24.171 33.830 34.410 35.924 44.338 46.144 38.798 40.299 31.113 29.725 19.069 13.646 11.186 4.729 2.974 2.092 4.748 4.979 3.827 4.409 4.229 4.820 6.118 4.076 3.739 7.095 9.722 8.895 7.057 6.357 8.099 9.259 8.761 7.830 10.654 11.494 14.873 15.598 15.111 15.118 17.482 19.030 19.254 22.792 19.745 18.192 18.295 23.329 28.264 24.307 21.065 18.378 22.282 19.632
10.667 9.529 11.182 11.514 10.761 9.610 8.264 5.934 6.269 0.373 0.000 0.000 0.000 9.021 18.940 31.768 43.287 44.614 54.353 58.267 60.494 50.472 54.156 45.116 34.580 26.019 18.884 13.621 10.015 5.642 3.388 4.543 4.002 2.877 2.908 3.628 6.091 5.684 7.888 7.053 10.095 11.758 7.921 6.619 11.234 11.394 12.811 11.250 10.921 11.380 15.262 14.508 14.085 16.206 14.013 17.588 14.357 14.878 19.036 22.468 22.499 18.643 23.842 29.050 24.728 29.283 22.397 20.455 -999.250
9.649 10.867 10.544 12.009 9.063 8.129 7.909 6.903 3.950 2.426 1.747 5.590 8.716 15.361 24.874 40.638 50.480 60.812 72.051 70.129 67.204 66.801 61.985 56.284 50.978 34.613 26.530 17.805 11.839 6.286 4.597 6.034 4.695 6.378 6.450 9.066 7.661 6.434 9.845 9.614 9.042 13.021 9.508 10.315 9.230 9.365 10.751 11.262 10.135 13.415 15.558 15.061 12.554 12.304 13.440 15.811 13.579 12.914 18.132 20.647 20.632 20.209 28.286 28.273 25.672 28.507 25.355 21.204 -999.250
7.410 8.732 10.716 8.829 9.191 5.320 6.053 5.796 4.993 5.269 6.908 9.974 17.739 30.155 43.539 51.923 67.789 68.739 78.845 73.256 82.732 74.400 72.796 64.257 47.347 39.239 25.580 21.202 13.713 10.468 5.800 7.206 4.122 6.712 7.156 9.902 9.934 14.534 12.562 12.713 13.262 14.694 13.615 14.371 11.577 11.619 11.451 13.847 11.719 13.177 15.266 15.185 15.187 10.489 14.899 14.018 17.402 17.865 19.990 20.159 17.900 23.991 27.509 23.826 33.410 27.110 34.064 -999.250 -999.250
4.855 5.422 7.416 7.824 8.051 6.384 4.078 4.721 3.729 6.948 8.684 15.316 24.313 40.045 46.644 58.248 72.599 84.648 99.693 100.401 98.280 92.439 83.016 77.245 62.508 44.439 28.739 26.012 13.538 12.543 7.423 7.039 3.526 5.400 8.243 11.851 11.963 14.796 13.713 17.522 16.228 14.605 18.707 11.855 12.124 11.738 10.929 10.046 11.040 12.944 15.596 16.991 13.747 12.804 15.338 17.036 17.093 17.592 19.644 19.667 25.251 25.852 32.942 30.117 25.218 25.623 26.647 -999.250 -999.250
2.501 4.949 3.895 6.675 8.626 7.542 6.629 4.379 6.589 7.888 11.898 18.754 29.275 38.649 47.949 59.737 73.049 94.266 107.699 121.006 107.973 98.905 81.325 73.179 60.497 46.108 31.436 24.456 18.753 10.527 8.421 7.236 7.656 7.489 12.439 15.547 16.690 15.961 18.479 20.918 19.702 17.224 18.271 19.032 15.668 12.440 11.568 11.741 12.243 14.336 14.563 11.595 12.657 15.472 15.977 15.662 17.445 16.379 19.468 22.145 21.951 29.219 27.375 24.355 31.834 31.072 22.087 -999.250 -999.250
3.434 4.499 5.154 4.829 5.488 7.682 6.584 10.028 10.204 11.836 11.344 20.457 27.731 39.366 45.881 62.881 81.988 95.448 109.288 128.135 104.580 98.149 83.878 78.017 60.484 45.472 39.623 27.282 25.282 12.101 10.288 7.030 9.340 10.681 13.893 15.940 20.962 19.374 23.910 27.196 25.615 22.125 19.768 20.362 15.820 15.486 13.974 15.192 11.264 14.473 15.371 13.069 11.564 12.731 16.891 15.612 16.568 16.395 18.316 21.106 18.341 20.485 20.400 25.664 23.856 21.300 -999.250 -999.250 -999.250
1.767 3.037 4.741 5.792 6.818 6.362 10.121 9.380 9.834 12.274 14.935 24.709 29.777 46.228 48.503 61.460 74.757 87.340 98.187 99.367 94.753 91.106 82.440 65.296 52.075 43.293 32.941 27.890 19.437 12.545 10.303 6.742 10.525 11.767 16.095 14.164 20.143 21.706 29.386 32.438 31.752 27.441 24.675 18.219 19.271 18.947 12.403 16.102 15.260 13.418 15.275 15.482 13.282 14.540 15.305 20.120 15.121 15.556 16.720 18.703 20.134 20.644 22.866 19.163 18.853 22.128 20.949 -999.250 -999.250
2.027 3.321 5.489 5.785 8.726 8.047 10.276 10.116 11.232 12.233 16.562 25.144 34.829 39.317 42.514 51.865 67.144 77.702 81.507 84.632 83.248 84.728 72.386 61.230 50.700 39.484 28.131 23.147 14.223 9.330 11.903 8.648 9.944 8.681 16.849 17.865 19.456 27.164 32.031 41.352 38.090 34.880 27.996 24.143 24.897 21.901 19.609 16.138 13.955 11.690 13.119 14.754 12.985 12.243 14.671 15.797 15.848 16.454 17.788 20.978 19.185 19.792 15.934 -999.250 -999.250 -999.250 -999.250 -999.250 -999.250
2.781 4.915 3.465 5.962 6.113 6.855 8.070 12.604 13.127 14.074 17.854 19.913 27.006 35.339 31.309 40.129 57.887 62.208 66.008 78.412 66.179 67.328 61.924 50.345 46.639 37.552 25.571 16.620 11.521 8.032 9.653 6.813 6.761 9.385 14.847 17.684 19.927 23.830 30.165 37.280 43.956 39.869 31.072 27.233 28.420 31.064 19.161 14.290 13.942 11.823 11.271 13.903 13.064 12.834 17.796 20.896 16.036 13.829 16.214 18.339 17.901 19.214 16.451 13.005 -999.250 -999.250 -999.250 -999.250 -999.250
6.100 3.721 1.833 6.758 6.858 6.088 9.259 9.434 12.341 12.119 13.623 16.873 23.037 30.592 22.311 30.147 40.569 44.339 51.685 53.233 49.436 47.582 49.899 46.410 35.161 30.920 20.964 13.661 9.482 7.583 6.085 4.862 6.367 8.401 10.540 12.487 17.631 25.334 32.602 32.749 38.234 36.483 31.547 30.816 29.290 20.492 23.663 19.407 16.130 13.181 10.604 10.099 12.682 11.520 10.954 18.516 11.052 16.108 11.788 14.723 12.642 13.970 -999.250 -999.250 -999.250 -999.250 -999.250 -999.250 -999.250
4.222 3.019 5.462 5.048 4.982 4.611 7.546 9.372 7.581 12.044 15.431 13.167 21.012 19.778 23.167 23.287 27.454 35.258 36.707 32.279 31.274 29.847 35.449 35.777 26.625 19.582 15.741 8.856 4.936 4.226 3.227 3.257 3.186 4.988 6.223 10.841 18.589 24.126 31.712 33.818 35.584 33.552 30.016 27.971 28.400 21.522 22.094 16.305 13.899 11.654 9.686 11.916 10.890 12.320 15.158 13.820 13.970 13.997 10.767 8.446 11.593 10.987 -999.250 -999.250 -999.250 -999.250 -999.250 -999.250 -999.250
3.100 3.670 4.541 3.012 4.017 2.170 5.474 8.006 10.662 14.381 16.879 18.277 15.658 18.827 18.802 20.188 19.868 23.280 19.325 19.309 18.448 18.300 18.379 18.622 16.284 14.441 11.361 6.764 6.924 0.801 0.231 0.601 0.480 3.576 5.989 12.407 17.463 24.679 25.785 26.040 28.481 26.316 27.935 22.620 28.202 21.207 20.183 12.719 14.172 9.947 10.379 11.728 9.915 7.513 9.941 9.445 10.421 13.537 11.805 11.817 10.618 -999.250 -999.250 -999.250 -999.250 -999.250 -999.250 -999.250 -999.250
0.543 1.995 1.926 1.144 3.108 3.683 3.504 5.445 9.696 13.536 16.442 12.532 17.123 16.941 16.440 13.904 13.816 15.591 11.207 9.412 8.931 10.311 12.161 11.748 10.289 6.497 5.654 1.765 1.829 0.000 0.651 0.000 0.000 3.736 5.948 9.548 13.421 18.814 20.367 19.378 23.342 24.426 25.112 19.764 23.949 21.881 21.131 17.227 15.107 10.445 8.773 9.040 9.794 8.784 6.995 9.199 9.070 9.546 12.044 -999.250 -999.250 -999.250 -999.250 -999.250 -999.250 -999.250 -999.250 -999.250 -999.250
4.947 2.134 0.000 0.209 0.345 0.732 4.251 5.771 9.315 12.118 12.695 11.823 12.741 13.947 13.716 11.199 9.017 9.948 5.941 3.690 5.033 5.448 6.086 6.247 6.457 2.082 0.000 0.121 0.000 0.000 0.000 0.000 0.000 3.335 4.653 6.644 11.595 14.788 22.424 18.761 20.549 23.453 17.668 18.403 21.443 17.293 17.212 16.151 13.175 12.282 8.202 7.342 8.325 8.055 6.952 9.531 8.642 8.575 10.472 -999.250 -999.250 -999.250 -999.250 -999.250 -999.250 -999.250 -999.250 -999.250 -999.250
2.370 0.000 0.000 0.000 0.000 0.400 1.522 6.172 9.511 10.460 12.537 12.190 12.234 13.788 16.898 12.594 7.610 5.547 3.690 0.764 1.635 1.730 2.064 1.879 0.345 0.074 0.000 0.000 0.000 0.000 0.599 0.000 0.053 1.940 5.171 6.162 9.817 9.922 11.471 16.461 20.710 18.863 18.838 17.384 18.943 17.441 14.358 12.993 14.340 11.738 8.562 7.343 6.719 10.248 -999.250 8.494 6.933 -999.250 -999.250 -999.250 -999.250 -999.250 -999.250 -999.250 -999.250 -999.250 -999.250 -999.250 -999.250
2.053 0.279 0.000 0.000 0.000 0.000 1.321 7.014 7.802 10.588 12.637 12.122 12.269 12.815 11.667 9.699 7.365 3.180 1.779 1.585 0.834 0.355 0.000 0.644 0.000 1.532 0.000 0.000 1.036 1.694 2.657 4.264 2.016 3.434 3.247 3.330 5.765 9.177 8.181 14.184 16.194 14.666 14.503 15.717 9.590 13.062 10.612 9.688 9.956 8.281 6.829 9.548 -999.250 -999.250 -999.250 -999.250 -999.250 -999.250 -999.250 -999.250 -999.250 -999.250 -999.250 -999.250 -999.250 -999.250 -999.250 -999.250 -999.250
1.116 0.000 0.176 0.000 0.000 0.000 0.728 7.314 6.568 8.790 9.720 11.493 12.864 11.137 8.683 5.482 3.721 3.557 2.184 2.271 2.001 1.175 1.969 1.891 2.311 2.910 4.983 4.058 3.950 4.498 7.099 4.886 2.323 1.825 1.341 1.878 3.102 5.897 7.466 9.937 9.518 11.375 13.309 12.120 11.945 6.777 8.241 8.467 7.258 6.907 7.733 -999.250 -999.250 -999.250 -999.250 -999.250 -999.250 -999.250 -999.250 -999.250 -999.250 -999.250 -999.250 -999.250 -999.250 -999.250 -999.250 -999.250 -999.250
1.273 0.000 0.000 0.483 2.075 0.000 4.596 7.125 8.721 10.588 9.233 8.154 8.567 7.933 7.020 3.607 5.797 4.564 4.241 5.259 4.794 1.803 4.924 4.673 5.430 4.454 4.536 7.363 6.859 7.407 7.103 6.025 4.490 4.219 1.558 0.000 0.869 6.386 5.803 8.445 8.071 8.018 7.905 10.821 10.654 6.969 5.364 5.736 6.556 5.565 5.108 -999.250 -999.250 -999.250 -999.250 -999.250 -999.250 -999.250 -999.250 -999.250 -999.250 -999.250 -999.250 -999.250 -999.250 -999.250 -999.250 -999.250 -999.250
2.158 0.000 0.000 3.411 6.878 19.020 11.339 11.223 10.585 6.359 8.023 9.601 6.633 5.055 3.084 4.338 3.596 3.662 6.896 6.536 5.846 5.161 7.052 9.190 7.643 6.185 7.661 7.415 10.376 12.104 12.832 10.063 5.996 5.406 1.826 0.000 2.357 4.573 4.693 5.460 5.233 5.018 4.926 8.167 5.957 3.843 2.767 6.947 4.552 5.405 -999.250 -999.250 -999.250 -999.250 -999.250 -999.250 -999.250 -999.250 -999.250 -999.250 -999.250 -999.250 -999.250 -999.250 -999.250 -999.250 -999.250 -999.250 -999.250
5.891 0.000 1.602 6.363 10.801 19.758 17.608 14.299 11.964 9.782 8.562 8.576 6.772 4.289 3.114 2.700 3.342 5.566 7.021 8.934 11.380 9.201 7.473 7.276 10.296 10.160 9.546 14.999 13.580 14.037 12.403 13.897 12.728 11.301 6.761 5.980 4.683 4.797 6.273 6.970 4.177 3.398 5.583 6.486 4.366 2.118 5.763 4.017 4.929 -999.250 -999.250 -999.250 -999.250 -999.250 -999.250 -999.250 -999.250 -999.250 -999.250 -999.250 -999.250 -999.250 -999.250 -999.250 -999.250 -999.250 -999.250 -999.250 -999.250
11.717 7.109 8.791 11.069 15.572 15.953 17.316 13.875 14.314 10.437 11.092 10.787 6.936 4.513 0.264 1.994 2.156 6.221 6.968 11.102 14.035 12.165 8.383 8.548 8.355 11.313 12.890 14.371 17.011 14.371 18.508 15.020 16.267 13.737 10.221 8.209 6.494 3.314 2.963 4.155 5.187 4.904 1.552 3.409 2.767 1.389 1.798 3.798 3.214 -999.250 -999.250 -999.250 -999.250 -999.250 -999.250 -999.250 -999.250 -999.250 -999.250 -999.250 -999.250 -999.250 -999.250 -999.250 -999.250 -999.250 -999.250 -999.250 -999.250
18.302 13.129 10.666 14.706 17.021 16.959 15.331 13.376 13.638 12.210 13.813 10.725 6.589 3.908 0.000 0.000 3.275 6.580 8.168 9.931 11.620 10.716 9.675 8.537 12.027 10.567 10.501 13.739 16.636 20.648 20.117 21.248 21.026 18.862 14.043 8.192 9.000 3.827 0.863 3.582 2.195 1.349 2.075 2.133 3.324 0.293 0.000 1.377 -999.250 -999.250 -999.250 -999.250 -999.250 -999.250 -999.250 -999.250 -999.250 -999.250 -999.250 -999.250 -999.250 -999.250 -999.250 -999.250 -999.250 -999.250 -999.250 -999.250 -999.250
28.607 19.374 19.022 19.140 20.084 17.195 15.791 13.534 14.060 15.679 17.334 13.117 8.569 5.250 2.606 3.573 6.336 5.798 8.206 9.608 8.239 9.410 11.235 7.164 11.443 10.323 13.255 16.190 17.905 20.967 26.122 28.047 30.755 20.864 17.402 13.640 7.280 6.202 4.404 3.717 0.572 0.000 1.614 2.563 0.000 0.000 0.000 0.000 -999.250 -999.250 -999.250 -999.250 -999.250 -999.250 -999.250 -999.250 -999.250 -999.250 -999.250 -999.250 -999.250 -999.250 -999.250 -999.250 -999.250 -999.250 -999.250 -999.250 -999.250
23.505 23.218 17.659 15.701 17.438 13.511 15.047 13.541 11.643 14.135 15.647 14.545 13.430 7.334 7.365 7.842 7.652 8.953 8.257 5.725 8.051 7.793 8.948 9.982 8.464 12.508 13.943 17.482 19.099 20.556 25.471 32.338 26.984 25.431 20.337 15.971 12.384 8.106 6.110 2.417 2.223 0.327 1.871 0.000 0.000 0.000 0.000 0.000 -999.250 -999.250 -999.250 -999.250 -999.250 -999.250 -999.250 -999.250 -999.250 -999.250 -999.250 -999.250 -999.250 -999.250 -999.250 -999.250 -999.250 -999.250 -999.250 -999.250 -999.250
23.156 18.726 19.105 15.830 13.721 12.072 7.829 8.640 10.223 14.749 16.667 18.040 14.107 13.140 11.099 11.935 14.326 10.731 8.961 8.353 6.002 4.112 6.087 6.855 6.307 7.389 12.672 13.618 17.435 18.402 23.199 25.695 24.815 23.368 19.148 17.286 13.976 7.794 6.306 4.504 6.493 3.276 2.948 0.416 1.036 0.000 0.000 -999.250 -999.250 -999.250 -999.250 -999.250 -999.250 -999.250 -999.250 -999.250 -999.250 -999.250 -999.250 -999.250 -999.250 -999.250 -999.250 -999.250 -999.250 -999.250 -999.250 -999.250 -999.250
24.772 20.159 17.836 11.066 7.345 8.889 7.707 7.861 13.507 17.307 17.934 18.600 17.244 17.837 18.778 15.926 15.518 12.477 10.855 8.823 6.033 6.389 4.006 2.736 4.255 7.777 11.594 12.389 14.056 15.419 21.427 20.605 24.657 21.775 19.337 16.263 13.953 13.246 8.504 7.676 6.659 3.869 2.346 0.345 0.136 1.035 0.771 -999.250 -999.250 -999.250 -999.250 -999.250 -999.250 -999.250 -999.250 -999.250 -999.250 -999.250 -999.250 -999.250 -999.250 -999.250 -999.250 -999.250 -999.250 -999.250 -999.250 -999.250 -999.250
22.203 17.833 12.809 10.591 6.372 3.447 3.296 9.250 12.159 16.277 23.883 25.979 24.431 24.637 25.786 27.739 20.291 19.754 13.811 11.307 7.135 3.726 2.022 1.705 2.018 5.432 6.576 7.504 11.760 15.708 19.460 17.202 16.734 20.345 18.133 16.519 10.088 10.390 9.658 5.323 6.202 2.591 2.007 2.802 1.359 2.988 -999.250 -999.250 -999.250 -999.250 -999.250 -999.250 -999.250 -999.250 -999.250 -999.250 -999.250 -999.250 -999.250 -999.250 -999.250 -999.250 -999.250 -999.250 -999.250 -999.250 -999.250 -999.250 -999.250
