data/medianmodel_23-Nov-2020.asc
ncols	141
nrows	288
xllcorner	-120191.398
yllcorner	-301404.813
cellsize	2000.000
NODATA_value	-999.250
[rows 145 to 173 of 288, columns 65 to 129 of 141]
513.062 548.631 625.178 644.283 662.692 678.186 679.528 654.841 673.990 663.934 662.091 652.628 682.576 730.526 736.815 664.560 676.456 616.356 558.902 498.347 432.767 381.044 345.909 292.752 213.865 167.475 -999.250 -999.250 -999.250 -999.250 -999.250 -999.250 -999.250 -999.250 -999.250 -999.250 -999.250 -999.250 -999.250 -999.250 -999.250 -999.250 -999.250 -999.250 -999.250 -999.250 -999.250 -999.250 -999.250 -999.250 -999.250 -999.250 -999.250 -999.250 -999.250 -999.250 -999.250 -999.250 -999.250 -999.250 -999.250 -999.250 -999.250 -999.250 -999.250
583.470 626.313 683.756 707.211 699.958 756.479 722.713 761.079 689.395 712.109 665.603 752.465 746.939 774.257 745.011 729.500 668.755 664.984 574.712 507.915 428.359 407.877 342.944 280.375 214.997 155.323 149.418 -999.250 -999.250 -999.250 -999.250 -999.250 -999.250 -999.250 -999.250 -999.250 -999.250 -999.250 -999.250 -999.250 -999.250 -999.250 -999.250 -999.250 -999.250 -999.250 -999.250 -999.250 -999.250 -999.250 -999.250 -999.250 -999.250 -999.250 -999.250 -999.250 -999.250 -999.250 -999.250 -999.250 -999.250 -999.250 -999.250 -999.250 -999.250
622.236 632.969 713.366 752.491 825.313 865.079 849.210 815.518 689.989 770.387 731.673 765.135 795.831 828.694 843.167 769.442 728.288 640.580 571.380 534.741 476.453 410.530 357.828 283.405 224.187 167.691 148.615 -999.250 -999.250 -999.250 -999.250 -999.250 -999.250 -999.250 -999.250 -999.250 -999.250 -999.250 -999.250 -999.250 -999.250 -999.250 -999.250 -999.250 -999.250 -999.250 -999.250 -999.250 -999.250 -999.250 -999.250 -999.250 -999.250 -999.250 -999.250 -999.250 -999.250 -999.250 -999.250 -999.250 -999.250 -999.250 -999.250 -999.250 -999.250
621.623 698.674 709.126 775.416 858.106 872.388 859.870 758.029 713.878 814.312 793.163 826.686 857.682 904.848 896.765 840.708 732.549 683.373 600.580 561.007 504.932 465.646 374.926 300.097 240.067 137.033 154.392 176.484 196.106 201.583 -999.250 -999.250 -999.250 -999.250 -999.250 -999.250 -999.250 -999.250 -999.250 -999.250 -999.250 -999.250 -999.250 -999.250 -999.250 -999.250 -999.250 -999.250 -999.250 -999.250 -999.250 -999.250 -999.250 -999.250 -999.250 -999.250 -999.250 -999.250 -999.250 -999.250 -999.250 -999.250 -999.250 -999.250 -999.250
684.903 765.937 782.948 800.462 852.191 832.927 787.267 823.102 778.488 822.202 795.511 827.035 868.707 914.910 937.048 879.724 786.873 672.687 656.969 606.310 561.819 480.545 426.445 349.322 276.708 222.968 208.530 209.190 199.286 213.118 223.581 -999.250 -999.250 -999.250 -999.250 -999.250 -999.250 -999.250 -999.250 -999.250 -999.250 -999.250 -999.250 -999.250 -999.250 -999.250 -999.250 -999.250 -999.250 -999.250 -999.250 -999.250 -999.250 -999.250 -999.250 -999.250 -999.250 -999.250 -999.250 -999.250 -999.250 -999.250 -999.250 -999.250 -999.250
651.022 699.818 749.783 750.444 873.826 787.781 824.425 831.952 805.926 834.524 879.701 895.432 941.680 981.072 968.825 901.773 859.750 792.235 681.024 650.622 585.734 495.587 469.730 401.517 347.666 287.768 255.309 228.602 233.454 241.126 -999.250 -999.250 -999.250 -999.250 -999.250 -999.250 -999.250 -999.250 -999.250 -999.250 -999.250 -999.250 -999.250 -999.250 -999.250 -999.250 -999.250 -999.250 -999.250 -999.250 -999.250 -999.250 -999.250 -999.250 -999.250 -999.250 -999.250 -999.250 -999.250 -999.250 -999.250 -999.250 -999.250 -999.250 -999.250
658.069 674.752 738.369 796.206 868.234 888.486 845.018 897.816 832.557 807.516 784.650 962.313 983.632 985.538 930.055 945.133 939.010 847.581 762.408 689.311 616.034 577.642 555.369 483.035 450.331 376.346 336.904 308.858 274.984 266.429 -999.250 -999.250 -999.250 -999.250 -999.250 -999.250 -999.250 -999.250 -999.250 -999.250 -999.250 -999.250 -999.250 -999.250 -999.250 -999.250 -999.250 -999.250 -999.250 -999.250 -999.250 -999.250 -999.250 -999.250 -999.250 -999.250 -999.250 -999.250 -999.250 -999.250 -999.250 -999.250 -999.250 -999.250 -999.250
624.622 637.268 705.866 703.381 716.108 780.150 835.897 909.995 964.781 885.570 870.555 877.776 972.221 1014.108 1026.423 979.294 928.446 871.882 817.106 818.815 739.300 625.608 576.334 554.278 519.907 449.266 357.971 322.956 314.124 308.368 -999.250 -999.250 -999.250 -999.250 -999.250 -999.250 -999.250 -999.250 -999.250 -999.250 -999.250 -999.250 -999.250 -999.250 -999.250 -999.250 -999.250 -999.250 -999.250 -999.250 -999.250 -999.250 -999.250 -999.250 -999.250 -999.250 -999.250 -999.250 -999.250 -999.250 -999.250 -999.250 -999.250 -999.250 -999.250
602.521 626.547 646.733 703.906 715.002 727.311 777.027 877.033 956.632 1010.353 885.449 899.831 903.949 960.379 1027.204 948.194 1035.058 986.545 963.901 853.477 754.570 702.518 655.667 689.854 611.844 529.501 453.671 342.677 325.159 367.730 -999.250 -999.250 -999.250 -999.250 -999.250 -999.250 -999.250 -999.250 -999.250 -999.250 -999.250 -999.250 -999.250 -999.250 -999.250 -999.250 -999.250 -999.250 -999.250 -999.250 -999.250 -999.250 -999.250 -999.250 -999.250 -999.250 -999.250 -999.250 -999.250 -999.250 -999.250 -999.250 -999.250 -999.250 -999.250
589.719 627.667 650.582 676.127 662.924 683.399 727.482 785.773 873.776 893.990 924.231 928.495 1037.411 943.450 970.028 936.355 1084.468 1071.606 1031.225 967.766 930.553 835.821 869.325 793.231 747.609 635.357 540.296 332.779 386.683 429.389 -999.250 -999.250 -999.250 -999.250 -999.250 -999.250 -999.250 -999.250 -999.250 -999.250 -999.250 -999.250 -999.250 -999.250 -999.250 -999.250 -999.250 -999.250 -999.250 -999.250 -999.250 -999.250 -999.250 -999.250 -999.250 -999.250 -999.250 -999.250 -999.250 -999.250 -999.250 -999.250 -999.250 -999.250 -999.250
577.101 607.150 595.095 608.062 634.958 630.676 631.668 660.584 758.916 840.718 895.500 966.591 936.352 997.020 905.102 981.847 1080.914 1110.204 1140.349 1118.636 1020.400 1051.291 990.955 943.598 901.771 891.574 673.617 591.017 540.779 516.956 -999.250 -999.250 -999.250 -999.250 -999.250 -999.250 -999.250 -999.250 -999.250 -999.250 -999.250 -999.250 -999.250 -999.250 -999.250 -999.250 -999.250 -999.250 -999.250 -999.250 -999.250 -999.250 -999.250 -999.250 -999.250 -999.250 -999.250 -999.250 -999.250 -999.250 -999.250 -999.250 -999.250 -999.250 -999.250
511.184 532.847 530.736 552.148 569.112 603.451 623.535 645.504 756.833 753.159 755.275 892.134 951.223 983.779 935.057 1065.979 1089.849 1152.615 1190.737 1111.808 1059.783 983.091 1074.669 1157.416 1183.564 1158.859 1100.205 919.288 780.964 653.790 571.020 -999.250 -999.250 -999.250 -999.250 -999.250 -999.250 -999.250 -999.250 -999.250 -999.250 -999.250 -999.250 -999.250 -999.250 -999.250 -999.250 -999.250 -999.250 -999.250 -999.250 -999.250 -999.250 -999.250 -999.250 -999.250 -999.250 -999.250 -999.250 -999.250 -999.250 -999.250 -999.250 -999.250 -999.250
456.755 480.425 489.201 516.591 522.641 552.855 555.523 604.500 614.139 633.539 680.767 785.186 833.980 872.748 917.853 1024.443 1043.257 1159.037 1142.770 1124.904 1151.715 1187.266 1247.054 1348.501 1356.355 1350.107 1228.314 1116.115 939.170 739.498 706.077 630.061 -999.250 -999.250 -999.250 -999.250 -999.250 -999.250 -999.250 -999.250 -999.250 -999.250 -999.250 -999.250 -999.250 -999.250 -999.250 -999.250 -999.250 -999.250 -999.250 -999.250 -999.250 -999.250 -999.250 -999.250 -999.250 -999.250 -999.250 -999.250 -999.250 -999.250 -999.250 -999.250 -999.250
365.690 397.148 442.005 475.418 481.957 518.225 548.996 580.204 565.772 591.675 578.862 605.295 691.629 693.062 822.518 958.318 1034.054 1122.303 1150.527 1146.356 1236.432 1279.406 1356.630 1393.328 1530.130 1510.915 1330.658 1226.619 1094.808 912.895 834.037 704.004 692.474 -999.250 -999.250 -999.250 -999.250 -999.250 -999.250 -999.250 -999.250 -999.250 -999.250 -999.250 -999.250 -999.250 -999.250 -999.250 -999.250 -999.250 -999.250 -999.250 -999.250 -999.250 -999.250 -999.250 -999.250 -999.250 -999.250 -999.250 -999.250 -999.250 -999.250 -999.250 -999.250
289.017 326.551 364.791 422.550 468.223 469.270 479.767 494.676 548.122 562.773 559.153 562.914 591.691 623.331 751.837 829.619 878.531 984.732 1059.676 1061.412 1133.285 1248.303 1387.522 1464.092 1508.131 1445.699 1425.521 1224.138 1148.869 1001.935 963.962 814.194 693.873 -999.250 -999.250 -999.250 -999.250 -999.250 -999.250 -999.250 -999.250 -999.250 -999.250 -999.250 -999.250 -999.250 -999.250 -999.250 -999.250 -999.250 -999.250 -999.250 -999.250 -999.250 -999.250 -999.250 -999.250 -999.250 -999.250 -999.250 -999.250 -999.250 -999.250 -999.250 -999.250
153.395 253.463 333.368 363.563 385.844 421.897 477.181 460.165 522.001 528.353 514.026 522.298 565.986 600.763 700.548 695.694 742.354 825.266 916.117 1031.245 1087.712 1174.650 1280.795 1381.350 1413.536 1422.155 1363.029 1242.975 1228.351 1021.650 1027.002 835.735 747.208 -999.250 -999.250 -999.250 -999.250 -999.250 -999.250 -999.250 -999.250 -999.250 -999.250 -999.250 -999.250 -999.250 -999.250 -999.250 -999.250 -999.250 -999.250 -999.250 -999.250 -999.250 -999.250 -999.250 -999.250 -999.250 -999.250 -999.250 -999.250 -999.250 -999.250 -999.250 -999.250
196.394 253.197 297.188 338.000 376.450 364.306 416.623 409.212 465.737 466.613 440.613 486.200 507.394 553.891 559.255 591.615 596.180 680.747 821.145 851.500 1013.706 1125.196 1253.571 1314.344 1318.653 1322.974 1216.628 1145.593 1039.743 1009.520 904.700 781.245 733.509 -999.250 -999.250 -999.250 -999.250 -999.250 -999.250 -999.250 -999.250 -999.250 -999.250 -999.250 -999.250 -999.250 -999.250 -999.250 -999.250 -999.250 -999.250 -999.250 -999.250 -999.250 -999.250 -999.250 -999.250 -999.250 -999.250 -999.250 -999.250 -999.250 -999.250 -999.250 -999.250
261.513 286.583 288.287 335.615 353.141 357.647 367.566 354.144 412.186 434.806 437.042 441.875 438.933 446.115 423.900 449.317 449.601 539.948 651.336 756.881 868.708 1072.363 1179.116 1178.027 1203.178 1218.541 1180.178 1052.576 994.166 1031.652 910.527 793.320 711.599 -999.250 -999.250 -999.250 -999.250 -999.250 -999.250 -999.250 -999.250 -999.250 -999.250 -999.250 -999.250 -999.250 -999.250 -999.250 -999.250 -999.250 -999.250 -999.250 -999.250 -999.250 -999.250 -999.250 -999.250 -999.250 -999.250 -999.250 -999.250 -999.250 -999.250 -999.250 -999.250
276.125 270.346 295.621 322.152 344.335 338.674 341.663 334.270 360.099 359.560 373.995 376.851 356.825 357.429 348.429 317.062 221.169 394.455 526.370 623.912 752.431 882.112 961.199 974.835 1005.890 1130.920 1060.997 906.214 898.976 966.585 872.888 761.256 723.307 627.820 -999.250 -999.250 -999.250 -999.250 -999.250 -999.250 -999.250 -999.250 -999.250 -999.250 -999.250 -999.250 -999.250 -999.250 -999.250 -999.250 -999.250 -999.250 -999.250 -999.250 -999.250 -999.250 -999.250 -999.250 -999.250 -999.250 -999.250 -999.250 -999.250 -999.250 -999.250
327.730 307.367 290.438 305.908 313.842 284.379 322.102 317.984 332.228 316.143 326.862 326.107 322.942 310.044 310.340 281.031 275.518 357.137 464.072 549.199 644.485 753.341 825.600 921.644 921.893 988.395 938.457 886.582 865.465 852.174 751.163 650.760 616.302 540.921 543.229 -999.250 -999.250 -999.250 -999.250 -999.250 -999.250 -999.250 -999.250 -999.250 -999.250 -999.250 -999.250 -999.250 -999.250 -999.250 -999.250 -999.250 -999.250 -999.250 -999.250 -999.250 -999.250 -999.250 -999.250 -999.250 -999.250 -999.250 -999.250 -999.250 -999.250
332.133 301.178 322.884 294.490 296.026 293.765 292.233 297.600 311.268 280.071 273.365 287.934 262.633 282.517 276.979 280.178 308.572 351.163 451.706 545.258 599.777 647.098 660.153 714.539 847.204 796.650 857.460 743.313 737.128 748.927 670.704 639.480 587.836 535.928 502.430 493.538 420.460 398.038 -999.250 -999.250 -999.250 -999.250 -999.250 -999.250 -999.250 -999.250 -999.250 -999.250 -999.250 -999.250 -999.250 -999.250 -999.250 -999.250 -999.250 -999.250 -999.250 -999.250 -999.250 -999.250 -999.250 -999.250 -999.250 -999.250 -999.250
343.610 297.186 286.823 281.985 266.002 259.490 301.773 264.429 272.795 298.260 263.375 261.012 226.315 238.343 258.856 267.382 326.802 352.227 415.156 488.188 549.762 596.365 574.146 601.250 725.155 661.873 683.151 685.958 646.565 656.450 645.719 576.319 540.400 509.463 465.324 443.824 399.431 382.328 -999.250 -999.250 -999.250 -999.250 -999.250 -999.250 -999.250 -999.250 -999.250 -999.250 -999.250 -999.250 -999.250 -999.250 -999.250 -999.250 -999.250 -999.250 -999.250 -999.250 -999.250 -999.250 -999.250 -999.250 -999.250 -999.250 -999.250
320.306 283.584 286.747 255.082 247.440 257.016 256.588 267.840 239.424 243.154 219.606 223.575 212.203 221.620 227.925 257.277 282.343 346.212 401.456 454.152 524.656 544.480 568.229 576.495 642.333 603.246 631.314 645.610 625.507 615.285 597.475 530.271 470.784 449.884 438.067 378.761 370.636 -999.250 -999.250 -999.250 -999.250 -999.250 -999.250 -999.250 -999.250 -999.250 -999.250 -999.250 -999.250 -999.250 -999.250 -999.250 -999.250 -999.250 -999.250 -999.250 -999.250 -999.250 -999.250 -999.250 -999.250 -999.250 -999.250 -999.250 -999.250
324.243 304.143 278.582 245.435 244.476 235.859 231.651 227.208 218.386 220.569 223.971 207.233 219.826 208.680 216.067 251.887 280.019 323.354 372.628 408.015 475.457 479.734 522.879 528.646 554.625 579.552 587.941 573.507 542.810 540.489 536.767 484.895 432.928 399.394 390.276 365.518 355.680 -999.250 -999.250 -999.250 261.053 235.169 197.377 -999.250 -999.250 -999.250 -999.250 -999.250 -999.250 -999.250 -999.250 -999.250 -999.250 -999.250 -999.250 -999.250 -999.250 -999.250 -999.250 -999.250 -999.250 -999.250 -999.250 -999.250 -999.250
319.742 286.579 251.192 236.011 215.988 194.252 203.168 205.596 194.599 212.490 219.837 208.810 197.778 209.485 203.456 222.060 257.434 310.190 331.616 368.552 413.862 473.649 490.765 505.466 529.035 504.770 501.111 517.091 519.056 499.623 484.540 462.726 390.343 319.149 345.727 351.559 349.256 325.074 314.915 258.645 226.391 192.010 170.701 158.930 -999.250 -999.250 -999.250 -999.250 -999.250 -999.250 -999.250 -999.250 -999.250 -999.250 -999.250 -999.250 -999.250 -999.250 -999.250 -999.250 -999.250 -999.250 -999.250 -999.250 -999.250
314.904 312.534 269.557 231.689 202.985 141.276 184.112 193.013 199.730 186.245 208.978 194.795 198.566 172.009 183.370 168.124 222.808 276.104 326.894 348.268 370.566 404.182 438.428 472.632 457.900 464.778 473.860 486.432 469.322 461.399 449.257 433.254 373.218 343.615 331.939 334.155 306.601 318.932 285.437 264.176 215.521 187.554 127.000 149.329 150.130 -999.250 -999.250 -999.250 -999.250 -999.250 -999.250 -999.250 -999.250 -999.250 -999.250 -999.250 -999.250 -999.250 -999.250 -999.250 -999.250 -999.250 -999.250 -999.250 -999.250
338.456 313.862 255.027 228.293 211.814 184.512 192.801 189.750 204.183 190.303 179.081 159.373 168.044 177.494 168.643 169.649 202.532 256.374 306.243 329.851 339.073 373.427 426.082 426.977 419.923 410.595 422.670 410.401 435.689 433.860 422.626 391.351 357.930 348.776 325.760 327.605 289.949 261.006 279.949 261.232 221.832 192.767 156.644 157.598 158.179 -999.250 -999.250 -999.250 -999.250 -999.250 -999.250 -999.250 -999.250 -999.250 -999.250 -999.250 -999.250 -999.250 -999.250 -999.250 -999.250 -999.250 -999.250 -999.250 -999.250
363.160 333.645 260.082 283.830 238.284 214.512 204.349 187.157 178.965 169.418 155.650 157.373 158.093 161.760 169.119 175.370 211.855 227.820 259.691 297.036 319.878 350.131 366.425 392.951 372.384 381.162 336.135 373.625 392.082 390.763 376.333 347.410 343.210 345.514 324.561 323.840 280.383 286.427 262.300 260.640 224.936 191.699 181.769 169.189 169.273 -999.250 -999.250 -999.250 -999.250 -999.250 -999.250 -999.250 -999.250 -999.250 -999.250 -999.250 -999.250 -999.250 -999.250 -999.250 -999.250 -999.250 -999.250 -999.250 -999.250
353.238 333.514 297.609 274.729 262.570 233.029 220.628 208.135 178.816 172.144 163.845 153.919 138.726 145.483 154.858 171.216 185.202 196.794 237.847 256.319 311.465 323.435 346.030 370.691 355.316 350.843 337.800 344.434 361.988 366.868 346.949 353.525 351.359 337.311 320.701 318.501 303.533 245.300 244.248 254.908 248.020 201.005 167.891 172.462 183.713 175.142 -999.250 -999.250 -999.250 -999.250 -999.250 -999.250 -999.250 -999.250 -999.250 -999.250 -999.250 -999.250 -999.250 -999.250 -999.250 -999.250 -999.250 -999.250 -999.250
