data/medianmodel_04-Sep-2020.asc
ncols	141
nrows	288
xllcorner	-120191.398
yllcorner	-301404.813
cellsize	2000.000
NODATA_value	-999.250
[rows 217 to 247 of 288, columns 0 to 68 of 141]
-999.250 -999.250 -999.250 -999.250 -999.250 -999.250 -999.250 -999.250 -999.250 -999.250 -999.250 -999.250 -999.250 -999.250 -999.250 -999.250 -999.250 -999.250 -999.250 -999.250 -999.250 -999.250 -999.250 -999.250 -999.250 -999.250 -999.250 -999.250 -999.250 -999.250 -999.250 49.041 45.620 48.767 54.140 52.973 64.682 61.037 71.237 67.606 63.016 66.657 64.901 62.490 66.488 57.435 52.938 50.856 48.465 46.157 40.632 37.998 35.288 31.314 29.594 23.838 18.901 15.225 13.329 9.455 7.206 1.469 0.000 0.000 0.000 0.000 0.000 0.000 0.000
-999.250 -999.250 -999.250 -999.250 -999.250 -999.250 -999.250 -999.250 -999.250 -999.250 -999.250 -999.250 -999.250 -999.250 -999.250 -999.250 -999.250 -999.250 -999.250 -999.250 -999.250 -999.250 -999.250 -999.250 -999.250 -999.250 -999.250 -999.250 -999.250 -999.250 -999.250 36.554 39.840 43.881 43.765 46.863 49.152 50.720 49.421 49.788 53.034 50.271 50.327 49.343 47.339 47.947 46.593 41.406 40.676 40.647 36.707 30.494 27.586 23.615 21.679 18.889 13.448 9.595 10.178 8.068 4.964 0.749 0.000 0.000 0.000 0.000 0.000 0.000 0.000
-999.250 -999.250 -999.250 -999.250 -999.250 -999.250 -999.250 -999.250 -999.250 -999.250 -999.250 -999.250 -999.250 -999.250 -999.250 -999.250 -999.250 -999.250 -999.250 -999.250 -999.250 -999.250 -999.250 -999.250 -999.250 -999.250 -999.250 -999.250 -999.250 -999.250 -999.250 30.682 37.831 36.345 39.247 35.856 43.119 49.031 43.056 42.036 39.717 40.986 41.190 38.740 40.114 40.816 43.454 39.646 31.870 29.843 28.997 25.456 20.522 19.954 18.530 15.797 12.717 9.165 7.932 7.575 3.838 0.000 0.000 0.000 0.000 0.000 0.000 0.000 0.000
-999.250 -999.250 -999.250 -999.250 -999.250 -999.250 -999.250 -999.250 -999.250 -999.250 -999.250 -999.250 -999.250 -999.250 -999.250 -999.250 -999.250 -999.250 -999.250 -999.250 -999.250 -999.250 -999.250 -999.250 -999.250 -999.250 -999.250 -999.250 -999.250 -999.250 -999.250 36.183 33.417 32.969 29.853 32.572 34.763 34.207 32.763 31.946 28.634 28.310 29.599 30.118 30.630 32.940 33.476 30.306 29.128 24.375 23.787 20.400 19.622 16.860 16.292 14.233 10.351 7.744 4.924 5.747 2.958 0.000 0.000 0.000 0.000 0.000 0.000 0.000 0.000
-999.250 -999.250 -999.250 -999.250 -999.250 -999.250 -999.250 -999.250 -999.250 -999.250 -999.250 -999.250 -999.250 -999.250 -999.250 -999.250 -999.250 -999.250 -999.250 -999.250 -999.250 -999.250 -999.250 -999.250 -999.250 -999.250 -999.250 -999.250 -999.250 -999.250 -999.250 32.842 32.153 28.899 24.277 23.335 24.095 24.732 25.010 22.870 21.257 21.592 22.355 21.172 22.299 23.909 23.752 21.665 19.813 20.039 19.189 18.980 18.101 13.484 10.958 9.351 6.419 3.256 3.427 2.395 0.015 0.000 0.000 0.000 0.000 0.000 0.000 0.000 0.000
-999.250 -999.250 -999.250 -999.250 -999.250 -999.250 -999.250 -999.250 -999.250 -999.250 -999.250 -999.250 -999.250 -999.250 -999.250 -999.250 -999.250 -999.250 -999.250 -999.250 -999.250 -999.250 -999.250 -999.250 -999.250 -999.250 -999.250 -999.250 -999.250 -999.250 -999.250 35.856 23.482 25.923 20.969 18.670 17.747 18.414 18.949 17.387 17.133 16.887 14.674 12.772 13.210 16.415 16.335 14.275 14.563 15.336 15.606 12.305 11.533 10.645 7.598 5.840 4.719 2.676 2.521 0.178 0.000 0.000 0.000 0.000 0.000 0.000 0.000 0.000 0.000
-999.250 -999.250 -999.250 -999.250 -999.250 -999.250 -999.250 -999.250 -999.250 -999.250 -999.250 -999.250 -999.250 -999.250 -999.250 -999.250 -999.250 -999.250 -999.250 -999.250 -999.250 -999.250 -999.250 -999.250 -999.250 -999.250 -999.250 -999.250 -999.250 -999.250 26.081 28.726 25.421 20.628 14.308 14.295 10.358 12.179 10.226 11.046 12.020 9.394 8.655 8.785 10.387 11.070 9.587 7.605 6.723 6.677 8.627 10.081 7.702 5.981 6.195 3.261 0.445 0.005 0.287 0.000 0.000 0.000 0.000 0.000 0.000 0.000 0.000 0.000 0.000
-999.250 -999.250 -999.250 -999.250 -999.250 -999.250 -999.250 -999.250 -999.250 -999.250 -999.250 -999.250 -999.250 -999.250 -999.250 -999.250 -999.250 -999.250 -999.250 -999.250 -999.250 -999.250 -999.250 -999.250 -999.250 -999.250 -999.250 -999.250 -999.250 -999.250 24.579 23.879 19.800 16.498 10.909 8.929 7.800 4.701 6.974 6.996 5.684 7.388 6.026 5.341 5.749 7.742 5.535 2.769 3.121 5.819 5.831 5.113 6.563 4.488 2.111 0.785 0.000 0.000 0.000 0.000 0.000 0.000 0.000 0.000 0.000 0.000 0.000 0.000 0.000
-999.250 -999.250 -999.250 -999.250 -999.250 -999.250 -999.250 -999.250 -999.250 -999.250 -999.250 -999.250 -999.250 -999.250 -999.250 -999.250 -999.250 -999.250 -999.250 -999.250 -999.250 -999.250 -999.250 -999.250 -999.250 -999.250 -999.250 -999.250 -999.250 -999.250 27.110 21.637 20.121 12.420 10.192 7.695 5.428 3.431 4.388 2.077 2.385 3.995 3.092 2.006 2.963 1.536 0.000 0.684 1.792 2.795 2.792 0.255 1.997 2.253 0.117 0.000 0.000 0.000 0.000 0.000 0.000 0.000 0.000 0.000 0.000 0.000 0.000 0.000 0.000
-999.250 -999.250 -999.250 -999.250 -999.250 -999.250 -999.250 -999.250 -999.250 -999.250 -999.250 -999.250 -999.250 -999.250 -999.250 -999.250 -999.250 -999.250 -999.250 -999.250 -999.250 -999.250 -999.250 -999.250 -999.250 -999.250 -999.250 -999.250 -999.250 -999.250 28.020 19.538 16.983 13.664 8.591 6.177 0.625 1.585 0.716 0.000 0.000 0.000 0.000 0.299 0.000 0.000 0.000 0.000 0.750 0.000 0.000 0.000 0.000 0.000 0.000 0.000 0.000 0.000 0.000 0.000 0.000 0.000 0.000 0.000 0.000 0.000 0.000 0.000 0.000
-999.250 -999.250 -999.250 -999.250 -999.250 -999.250 -999.250 -999.250 -999.250 -999.250 -999.250 -999.250 -999.250 -999.250 -999.250 -999.250 -999.250 -999.250 -999.250 -999.250 -999.250 -999.250 -999.250 -999.250 -999.250 -999.250 -999.250 -999.250 -999.250 34.690 29.221 20.130 15.490 12.356 7.504 3.906 0.034 0.137 0.000 0.000 0.000 0.000 0.000 0.000 0.000 0.000 0.000 0.000 0.000 0.000 0.000 0.000 0.000 0.000 0.000 0.000 0.000 0.000 0.000 0.000 0.000 0.000 0.000 0.000 0.000 0.000 0.000 0.000 1.059
-999.250 -999.250 -999.250 -999.250 -999.250 -999.250 -999.250 -999.250 -999.250 -999.250 -999.250 -999.250 -999.250 -999.250 -999.250 -999.250 -999.250 -999.250 -999.250 -999.250 -999.250 -999.250 -999.250 -999.250 -999.250 -999.250 -999.250 -999.250 -999.250 33.956 27.982 22.978 16.695 15.268 9.129 5.406 0.690 0.000 0.000 0.000 0.000 0.000 0.000 0.000 0.000 0.000 0.000 0.000 0.000 0.000 0.000 0.000 0.000 0.000 0.000 0.000 0.000 0.000 0.000 0.000 0.000 0.000 0.000 0.000 0.000 0.000 0.000 0.000 2.504
-999.250 -999.250 -999.250 -999.250 -999.250 -999.250 -999.250 -999.250 -999.250 -999.250 -999.250 -999.250 -999.250 -999.250 -999.250 -999.250 -999.250 -999.250 -999.250 -999.250 -999.250 -999.250 -999.250 -999.250 -999.250 -999.250 -999.250 -999.250 40.459 34.884 34.233 28.535 20.440 17.933 11.658 6.113 3.473 0.000 0.000 0.000 0.000 0.000 0.000 0.000 0.000 0.000 0.000 0.000 0.000 0.000 0.000 0.000 0.000 0.000 0.000 0.000 0.000 0.000 0.000 0.000 0.000 0.000 0.000 0.000 0.000 0.000 0.000 1.211 2.823
-999.250 -999.250 -999.250 -999.250 -999.250 -999.250 -999.250 -999.250 -999.250 -999.250 -999.250 -999.250 -999.250 -999.250 -999.250 -999.250 -999.250 -999.250 -999.250 -999.250 -999.250 -999.250 -999.250 -999.250 -999.250 -999.250 -999.250 -999.250 42.208 39.858 40.606 31.677 27.510 18.854 12.771 9.001 4.641 0.185 0.000 0.000 0.000 0.000 0.000 0.000 0.000 0.000 0.000 0.000 0.000 0.000 0.000 0.000 0.000 0.000 0.000 0.000 0.000 0.000 0.000 0.000 0.000 0.000 0.000 0.000 0.000 0.000 0.000 1.414 2.640
-999.250 -999.250 -999.250 -999.250 -999.250 -999.250 -999.250 -999.250 -999.250 -999.250 -999.250 -999.250 -999.250 -999.250 -999.250 -999.250 -999.250 -999.250 -999.250 -999.250 -999.250 -999.250 -999.250 -999.250 -999.250 -999.250 -999.250 45.079 43.683 42.459 44.371 42.692 35.364 24.223 20.714 12.441 7.847 2.512 1.252 0.000 0.000 0.000 0.000 0.000 0.000 0.000 0.000 0.000 0.000 0.000 0.000 0.000 0.000 0.000 0.000 0.000 0.000 0.000 0.000 0.000 0.000 0.000 0.000 0.000 0.000 0.000 0.000 1.116 1.840
-999.250 -999.250 -999.250 -999.250 -999.250 -999.250 -999.250 -999.250 -999.250 -999.250 -999.250 -999.250 -999.250 -999.250 -999.250 -999.250 -999.250 -999.250 -999.250 -999.250 -999.250 -999.250 -999.250 -999.250 -999.250 -999.250 -999.250 47.126 45.084 45.052 48.108 51.039 43.072 29.497 21.949 16.070 10.507 7.743 4.517 0.000 0.000 0.000 0.000 0.000 0.000 0.000 0.000 0.000 0.000 0.000 0.000 0.000 0.000 0.000 0.000 0.000 0.000 0.000 0.000 0.000 0.000 0.000 0.000 0.000 0.000 0.000 0.000 1.084 2.251
-999.250 -999.250 -999.250 -999.250 -999.250 -999.250 -999.250 -999.250 -999.250 -999.250 -999.250 -999.250 -999.250 -999.250 -999.250 -999.250 -999.250 -999.250 -999.250 -999.250 -999.250 -999.250 -999.250 -999.250 -999.250 -999.250 -999.250 -999.250 46.298 47.189 46.880 45.941 44.840 37.319 25.471 20.950 13.468 9.045 5.107 3.551 0.274 0.000 0.000 0.000 0.000 0.000 0.000 0.000 0.000 0.000 0.000 0.000 0.000 0.000 0.000 0.000 0.000 0.000 0.000 0.000 0.000 0.000 0.000 0.000 0.000 0.000 1.574 1.911 3.707
-999.250 -999.250 -999.250 -999.250 -999.250 -999.250 -999.250 -999.250 -999.250 -999.250 -999.250 -999.250 -999.250 -999.250 -999.250 -999.250 -999.250 -999.250 -999.250 -999.250 -999.250 -999.250 -999.250 -999.250 -999.250 -999.250 -999.250 -999.250 -999.250 -999.250 45.829 43.005 40.929 37.206 28.722 22.532 17.029 12.569 9.707 7.848 2.998 0.000 0.000 0.000 0.000 0.000 0.000 0.000 0.000 0.000 0.000 0.000 0.000 0.000 0.000 0.000 0.000 0.000 0.000 0.000 0.000 0.000 0.000 0.000 0.000 0.120 2.103 4.511 3.011
-999.250 -999.250 -999.250 -999.250 -999.250 -999.250 -999.250 -999.250 -999.250 -999.250 -999.250 -999.250 -999.250 -999.250 -999.250 -999.250 -999.250 -999.250 -999.250 -999.250 -999.250 -999.250 -999.250 -999.250 -999.250 -999.250 -999.250 -999.250 -999.250 -999.250 46.792 43.166 43.815 38.355 33.790 23.796 20.021 14.121 12.170 9.391 3.737 0.397 0.000 0.000 0.000 0.000 0.000 0.000 0.000 0.000 0.000 0.000 0.000 0.000 0.000 0.000 0.000 0.000 0.000 0.000 0.000 0.000 0.000 0.000 0.168 0.221 2.912 3.660 5.323
-999.250 -999.250 -999.250 -999.250 -999.250 -999.250 -999.250 -999.250 -999.250 -999.250 -999.250 -999.250 -999.250 -999.250 -999.250 -999.250 -999.250 -999.250 -999.250 -999.250 -999.250 -999.250 -999.250 -999.250 -999.250 -999.250 -999.250 -999.250 -999.250 -999.250 42.945 43.050 41.123 41.893 30.340 29.383 20.865 17.515 13.458 10.221 6.717 3.546 0.216 0.185 0.000 0.000 0.000 0.000 0.000 0.000 0.000 0.000 0.000 0.000 0.000 0.000 0.000 0.000 0.000 0.000 0.000 0.000 0.000 1.190 2.653 3.398 4.567 5.680 6.088
-999.250 -999.250 -999.250 -999.250 -999.250 -999.250 -999.250 -999.250 -999.250 -999.250 -999.250 -999.250 -999.250 -999.250 -999.250 -999.250 -999.250 -999.250 -999.250 -999.250 -999.250 -999.250 -999.250 -999.250 -999.250 -999.250 -999.250 -999.250 -999.250 -999.250 -999.250 41.353 38.930 37.491 33.401 25.528 23.372 18.156 16.857 13.921 8.491 4.253 3.237 1.814 0.000 0.000 0.000 0.000 0.000 0.000 0.000 0.000 0.000 0.000 0.000 0.000 0.000 0.000 0.000 0.000 0.000 1.064 2.808 2.651 3.554 5.711 7.356 5.327 5.821
-999.250 -999.250 -999.250 -999.250 -999.250 -999.250 -999.250 -999.250 -999.250 -999.250 -999.250 -999.250 -999.250 -999.250 -999.250 -999.250 -999.250 -999.250 -999.250 -999.250 -999.250 -999.250 -999.250 -999.250 -999.250 -999.250 -999.250 -999.250 -999.250 -999.250 37.880 37.063 36.041 34.835 33.366 30.132 24.897 21.532 18.257 16.471 8.201 6.701 3.708 2.788 0.125 0.000 0.000 0.000 0.000 0.000 0.000 0.000 0.000 0.000 0.000 0.000 0.000 0.000 0.000 0.000 1.508 4.042 4.569 5.238 6.588 6.599 6.897 7.403 5.874
-999.250 -999.250 -999.250 -999.250 -999.250 -999.250 -999.250 -999.250 -999.250 -999.250 -999.250 -999.250 -999.250 -999.250 -999.250 -999.250 -999.250 -999.250 -999.250 -999.250 -999.250 -999.250 -999.250 -999.250 -999.250 -999.250 -999.250 -999.250 -999.250 -999.250 -999.250 39.764 36.586 34.810 31.190 30.736 26.192 22.171 19.613 12.702 8.860 7.382 5.692 2.306 0.976 0.171 0.000 0.000 0.000 0.000 0.000 0.000 0.000 0.000 0.000 0.000 0.000 0.433 0.606 2.395 3.971 6.006 6.605 7.988 7.586 9.045 7.428 6.969 6.504
-999.250 -999.250 -999.250 -999.250 -999.250 -999.250 -999.250 -999.250 -999.250 -999.250 -999.250 -999.250 -999.250 -999.250 -999.250 -999.250 -999.250 -999.250 -999.250 -999.250 -999.250 -999.250 -999.250 -999.250 -999.250 -999.250 -999.250 -999.250 -999.250 -999.250 35.786 39.696 33.995 33.032 32.843 29.169 26.167 25.598 21.205 14.127 10.641 8.314 7.911 5.898 4.196 2.580 0.000 0.000 0.000 0.000 0.000 0.000 0.000 0.000 0.000 0.289 2.222 2.580 2.336 4.761 5.823 6.563 8.318 9.071 12.277 9.459 9.861 8.361 8.205
-999.250 -999.250 -999.250 -999.250 -999.250 -999.250 -999.250 -999.250 -999.250 -999.250 -999.250 -999.250 -999.250 -999.250 -999.250 -999.250 -999.250 -999.250 -999.250 -999.250 -999.250 -999.250 -999.250 -999.250 -999.250 -999.250 -999.250 -999.250 -999.250 -999.250 33.397 36.787 37.861 34.192 30.195 30.414 27.709 24.580 21.789 18.990 13.273 9.530 8.826 6.517 5.193 3.672 1.351 0.000 0.000 0.000 0.000 0.000 0.000 0.000 0.000 0.114 1.914 1.155 4.942 5.445 6.242 8.533 9.136 12.439 12.805 12.727 14.115 10.294 8.316
-999.250 -999.250 -999.250 -999.250 -999.250 -999.250 -999.250 -999.250 -999.250 -999.250 -999.250 -999.250 -999.250 -999.250 -999.250 -999.250 -999.250 -999.250 -999.250 -999.250 -999.250 -999.250 -999.250 -999.250 -999.250 -999.250 -999.250 -999.250 -999.250 -999.250 31.085 31.095 31.966 33.483 28.621 32.565 30.341 24.728 23.836 17.812 13.725 11.666 12.557 8.739 6.056 5.376 2.888 0.000 0.000 0.000 0.000 0.000 0.000 0.000 0.393 1.317 3.120 5.159 6.431 7.528 9.304 12.099 16.498 15.950 14.083 12.772 15.607 12.280 11.745
-999.250 -999.250 -999.250 -999.250 -999.250 -999.250 -999.250 -999.250 -999.250 -999.250 -999.250 -999.250 -999.250 -999.250 -999.250 -999.250 -999.250 -999.250 -999.250 -999.250 -999.250 -999.250 -999.250 -999.250 -999.250 -999.250 -999.250 -999.250 -999.250 -999.250 28.269 29.927 30.263 28.514 30.062 27.727 27.581 24.606 21.191 18.137 16.442 11.916 9.998 7.234 5.130 4.859 3.249 0.840 0.000 0.000 0.000 0.000 0.000 0.000 0.183 2.118 5.130 7.253 9.843 11.575 15.055 17.972 17.774 17.086 15.502 14.725 16.569 12.514 11.590
-999.250 -999.250 -999.250 -999.250 -999.250 -999.250 -999.250 -999.250 -999.250 -999.250 -999.250 -999.250 -999.250 -999.250 -999.250 -999.250 -999.250 -999.250 -999.250 -999.250 -999.250 -999.250 -999.250 -999.250 -999.250 -999.250 -999.250 -999.250 -999.250 -999.250 31.397 28.286 30.454 30.653 27.786 26.175 24.442 24.357 22.368 16.831 16.252 13.756 10.045 9.438 5.779 5.556 3.374 0.406 0.000 0.000 0.000 0.000 0.000 0.000 0.001 2.354 5.182 8.301 11.974 17.248 18.826 23.078 22.257 18.211 16.182 14.765 12.720 10.318 11.814
-999.250 -999.250 -999.250 -999.250 -999.250 -999.250 -999.250 -999.250 -999.250 -999.250 -999.250 -999.250 -999.250 -999.250 -999.250 -999.250 -999.250 -999.250 -999.250 -999.250 -999.250 -999.250 -999.250 -999.250 -999.250 -999.250 -999.250 -999.250 -999.250 -999.250 -999.250 27.069 28.556 24.469 27.459 25.405 27.256 24.427 19.639 15.445 14.621 13.664 11.866 8.059 5.251 4.183 1.597 0.138 0.000 0.000 0.000 0.000 0.000 0.000 0.000 0.114 4.229 7.648 11.359 15.400 21.809 28.781 22.507 18.778 16.751 13.114 11.089 12.048 10.597
-999.250 -999.250 -999.250 -999.250 -999.250 -999.250 -999.250 -999.250 -999.250 -999.250 -999.250 -999.250 -999.250 -999.250 -999.250 -999.250 -999.250 -999.250 -999.250 -999.250 -999.250 -999.250 -999.250 -999.250 -999.250 -999.250 -999.250 -999.250 -999.250 -999.250 -999.250 26.972 26.093 25.309 20.888 21.684 22.422 23.726 19.623 18.574 14.279 13.743 9.643 7.732 4.328 3.842 2.002 0.029 0.000 0.000 0.000 0.000 0.000 0.000 0.000 1.776 4.305 7.014 9.631 14.589 19.820 19.579 19.708 18.849 15.222 11.058 9.467 9.752 8.909
-999.250 -999.250 -999.250 -999.250 -999.250 -999.250 -999.250 -999.250 -999.250 -999.250 -999.250 -999.250 -999.250 -999.250 -999.250 -999.250 -999.250 -999.250 -999.250 -999.250 -999.250 -999.250 -999.250 -999.250 -999.250 -999.250 -999.250 -999.250 -999.250 -999.250 22.712 24.816 25.681 27.891 23.646 22.680 22.352 22.611 21.189 19.505 15.588 12.954 10.648 8.868 5.249 3.828 1.407 0.000 0.000 0.000 0.000 0.000 0.000 0.000 0.000 1.120 1.412 2.581 8.000 12.853 16.125 16.418 14.232 15.246 13.299 9.951 9.164 9.058 8.745
