data/medianmodel_04-Aug-2020.asc
ncols	141
nrows	288
xllcorner	-120191.398
yllcorner	-301404.813
cellsize	2000.000
NODATA_value	-999.250
[rows 150 to 179 of 288, columns 68 to 135 of 141]
248.573 237.433 255.788 227.432 202.600 184.464 158.778 127.005 95.423 76.226 58.334 43.895 26.438 17.699 9.224 3.339 0.000 0.000 0.000 0.000 0.000 0.537 4.765 8.336 13.706 18.991 23.375 -999.250 -999.250 -999.250 -999.250 -999.250 -999.250 -999.250 -999.250 -999.250 -999.250 -999.250 -999.250 -999.250 -999.250 -999.250 -999.250 -999.250 -999.250 -999.250 -999.250 -999.250 -999.250 -999.250 -999.250 -999.250 -999.250 -999.250 -999.250 -999.250 -999.250 -999.250 -999.250 -999.250 -999.250 -999.250 -999.250 -999.250 -999.250 -999.250 -999.250 -999.250
217.261 232.802 221.967 199.930 190.477 171.333 150.498 129.003 106.277 69.622 48.848 37.021 32.945 14.673 9.203 3.944 0.000 0.000 0.000 0.000 0.000 3.525 6.414 12.635 18.222 25.376 24.556 -999.250 -999.250 -999.250 -999.250 -999.250 -999.250 -999.250 -999.250 -999.250 -999.250 -999.250 -999.250 -999.250 -999.250 -999.250 -999.250 -999.250 -999.250 -999.250 -999.250 -999.250 -999.250 -999.250 -999.250 -999.250 -999.250 -999.250 -999.250 -999.250 -999.250 -999.250 -999.250 -999.250 -999.250 -999.250 -999.250 -999.250 -999.250 -999.250 -999.250 -999.250
189.608 206.393 201.125 179.200 180.298 162.807 146.763 116.442 92.531 69.313 47.298 37.546 25.229 14.299 6.990 2.603 0.000 0.000 0.000 0.000 0.833 5.004 8.016 15.689 21.729 31.309 33.630 -999.250 -999.250 -999.250 -999.250 -999.250 -999.250 -999.250 -999.250 -999.250 -999.250 -999.250 -999.250 -999.250 -999.250 -999.250 -999.250 -999.250 -999.250 -999.250 -999.250 -999.250 -999.250 -999.250 -999.250 -999.250 -999.250 -999.250 -999.250 -999.250 -999.250 -999.250 -999.250 -999.250 -999.250 -999.250 -999.250 -999.250 -999.250 -999.250 -999.250 -999.250
174.652 180.808 176.593 166.994 167.607 135.620 124.663 104.709 75.922 56.185 41.759 32.842 20.642 13.271 5.335 1.643 0.000 0.000 0.000 0.000 1.861 5.795 9.816 15.800 25.807 28.080 32.674 -999.250 -999.250 -999.250 -999.250 -999.250 -999.250 -999.250 -999.250 -999.250 -999.250 -999.250 -999.250 -999.250 -999.250 -999.250 -999.250 -999.250 -999.250 -999.250 -999.250 -999.250 -999.250 -999.250 -999.250 -999.250 -999.250 -999.250 -999.250 -999.250 -999.250 -999.250 -999.250 -999.250 -999.250 -999.250 -999.250 -999.250 -999.250 -999.250 -999.250 -999.250
148.310 164.159 166.786 156.663 145.624 137.662 110.337 91.426 66.865 50.791 40.126 28.673 20.966 12.084 7.170 1.032 0.000 0.000 0.000 0.000 1.865 5.065 9.546 18.977 33.278 28.315 28.361 -999.250 -999.250 -999.250 -999.250 -999.250 -999.250 -999.250 -999.250 -999.250 -999.250 -999.250 -999.250 -999.250 -999.250 -999.250 -999.250 -999.250 -999.250 -999.250 -999.250 -999.250 -999.250 -999.250 -999.250 -999.250 -999.250 -999.250 -999.250 -999.250 -999.250 -999.250 -999.250 -999.250 -999.250 -999.250 -999.250 -999.250 -999.250 -999.250 -999.250 -999.250
128.216 136.991 135.761 132.156 124.551 115.130 98.362 78.527 61.475 55.071 39.229 25.655 17.868 10.121 4.828 0.000 0.000 0.000 0.000 0.000 0.538 4.739 9.409 15.782 22.588 24.151 25.269 -999.250 -999.250 -999.250 -999.250 -999.250 -999.250 -999.250 -999.250 -999.250 -999.250 -999.250 -999.250 -999.250 -999.250 -999.250 -999.250 -999.250 -999.250 -999.250 -999.250 -999.250 -999.250 -999.250 -999.250 -999.250 -999.250 -999.250 -999.250 -999.250 -999.250 -999.250 -999.250 -999.250 -999.250 -999.250 -999.250 -999.250 -999.250 -999.250 -999.250 -999.250
112.124 110.327 102.221 108.249 108.912 98.078 79.905 68.114 58.444 44.041 31.586 20.317 12.676 8.270 4.991 0.000 0.000 0.000 0.000 0.000 0.000 3.285 5.824 8.871 14.999 15.918 16.789 19.537 -999.250 -999.250 -999.250 -999.250 -999.250 -999.250 -999.250 -999.250 -999.250 -999.250 -999.250 -999.250 -999.250 -999.250 -999.250 -999.250 -999.250 -999.250 -999.250 -999.250 -999.250 -999.250 -999.250 -999.250 -999.250 -999.250 -999.250 -999.250 -999.250 -999.250 -999.250 -999.250 -999.250 -999.250 -999.250 -999.250 -999.250 -999.250 -999.250 -999.250
89.029 91.258 90.677 92.199 84.620 76.578 69.023 57.633 51.199 37.272 23.537 16.804 10.551 5.091 2.527 0.000 0.000 0.000 0.000 0.000 0.000 0.000 1.722 4.870 7.748 10.391 11.671 14.892 16.621 -999.250 -999.250 -999.250 -999.250 -999.250 -999.250 -999.250 -999.250 -999.250 -999.250 -999.250 -999.250 -999.250 -999.250 -999.250 -999.250 -999.250 -999.250 -999.250 -999.250 -999.250 -999.250 -999.250 -999.250 -999.250 -999.250 -999.250 -999.250 -999.250 -999.250 -999.250 -999.250 -999.250 -999.250 -999.250 -999.250 -999.250 -999.250 -999.250
72.139 74.792 79.863 74.098 69.341 62.710 55.450 48.193 40.440 30.291 17.539 12.013 7.864 3.182 0.000 0.000 0.000 0.000 0.000 0.000 0.000 0.000 0.000 1.773 4.059 6.096 9.701 10.383 11.161 12.586 -999.250 -999.250 -999.250 -999.250 -999.250 -999.250 -999.250 -999.250 -999.250 -999.250 -999.250 -999.250 -999.250 -999.250 -999.250 -999.250 -999.250 -999.250 -999.250 -999.250 -999.250 -999.250 -999.250 -999.250 -999.250 -999.250 -999.250 -999.250 -999.250 -999.250 -999.250 -999.250 -999.250 -999.250 -999.250 -999.250 -999.250 -999.250
64.354 67.911 63.652 65.568 63.287 55.225 44.082 40.454 36.102 26.912 16.227 8.873 5.187 0.605 0.000 0.000 0.000 0.000 0.000 0.000 0.000 0.000 0.000 0.000 1.621 3.651 5.671 6.797 7.343 9.368 -999.250 -999.250 -999.250 -999.250 -999.250 -999.250 -999.250 -999.250 -999.250 -999.250 -999.250 -999.250 -999.250 -999.250 -999.250 -999.250 -999.250 -999.250 -999.250 -999.250 -999.250 -999.250 -999.250 -999.250 -999.250 -999.250 -999.250 -999.250 -999.250 -999.250 -999.250 -999.250 -999.250 -999.250 -999.250 -999.250 -999.250 -999.250
46.990 56.146 47.582 49.068 42.916 42.640 36.790 29.519 24.326 19.866 10.086 5.600 1.335 0.000 0.000 0.000 0.000 0.000 0.000 0.000 0.000 0.000 0.000 0.000 0.000 1.400 3.915 5.043 6.187 7.277 -999.250 -999.250 -999.250 -999.250 -999.250 -999.250 -999.250 -999.250 -999.250 -999.250 -999.250 -999.250 -999.250 -999.250 -999.250 -999.250 -999.250 -999.250 -999.250 -999.250 -999.250 -999.250 -999.250 -999.250 -999.250 -999.250 -999.250 -999.250 -999.250 -999.250 -999.250 -999.250 -999.250 -999.250 -999.250 -999.250 -999.250 -999.250
37.695 35.584 37.632 33.402 34.058 34.188 27.674 21.949 18.592 12.074 8.516 4.412 0.000 0.000 0.000 0.000 0.000 0.000 0.000 0.000 0.000 0.000 0.000 0.000 0.000 0.101 3.498 3.671 4.423 4.927 -999.250 -999.250 -999.250 -999.250 -999.250 -999.250 -999.250 -999.250 -999.250 -999.250 -999.250 -999.250 -999.250 -999.250 -999.250 -999.250 -999.250 -999.250 -999.250 -999.250 -999.250 -999.250 -999.250 -999.250 -999.250 -999.250 -999.250 -999.250 -999.250 -999.250 -999.250 -999.250 -999.250 -999.250 -999.250 -999.250 -999.250 -999.250
26.474 26.242 25.914 25.708 20.749 22.460 21.888 18.322 13.570 10.547 6.322 2.576 0.000 0.000 0.000 0.000 0.000 0.000 0.000 0.000 0.000 0.000 0.000 0.000 0.000 0.000 0.489 2.215 1.978 3.242 -999.250 -999.250 -999.250 -999.250 -999.250 -999.250 -999.250 -999.250 -999.250 -999.250 -999.250 -999.250 -999.250 -999.250 -999.250 -999.250 -999.250 -999.250 -999.250 -999.250 -999.250 -999.250 -999.250 -999.250 -999.250 -999.250 -999.250 -999.250 -999.250 -999.250 -999.250 -999.250 -999.250 -999.250 -999.250 -999.250 -999.250 -999.250
16.028 17.806 17.534 18.884 22.335 15.266 16.671 14.027 9.371 8.426 7.033 2.619 0.000 0.000 0.000 0.000 0.000 0.000 0.000 0.000 0.000 0.000 0.000 0.000 0.000 0.000 0.052 0.000 0.056 0.230 0.205 -999.250 -999.250 -999.250 -999.250 -999.250 -999.250 -999.250 -999.250 -999.250 -999.250 -999.250 -999.250 -999.250 -999.250 -999.250 -999.250 -999.250 -999.250 -999.250 -999.250 -999.250 -999.250 -999.250 -999.250 -999.250 -999.250 -999.250 -999.250 -999.250 -999.250 -999.250 -999.250 -999.250 -999.250 -999.250 -999.250 -999.250
11.007 10.554 10.619 16.051 13.036 12.517 13.302 11.604 9.598 8.673 7.416 4.890 3.465 0.938 1.208 1.154 0.000 0.000 0.000 0.000 0.000 0.000 0.000 0.000 0.000 0.000 0.000 0.000 0.000 0.000 0.000 0.000 -999.250 -999.250 -999.250 -999.250 -999.250 -999.250 -999.250 -999.250 -999.250 -999.250 -999.250 -999.250 -999.250 -999.250 -999.250 -999.250 -999.250 -999.250 -999.250 -999.250 -999.250 -999.250 -999.250 -999.250 -999.250 -999.250 -999.250 -999.250 -999.250 -999.250 -999.250 -999.250 -999.250 -999.250 -999.250 -999.250
9.199 7.426 8.893 8.593 9.558 11.043 9.937 11.363 8.395 11.266 11.233 10.378 7.915 6.995 4.913 5.222 4.019 0.591 0.000 0.000 0.000 0.000 0.000 0.000 0.000 0.000 0.000 0.000 0.000 0.000 0.000 0.000 0.000 0.000 0.000 -999.250 -999.250 -999.250 -999.250 -999.250 -999.250 -999.250 -999.250 -999.250 -999.250 -999.250 -999.250 -999.250 -999.250 -999.250 -999.250 -999.250 -999.250 -999.250 -999.250 -999.250 -999.250 -999.250 -999.250 -999.250 -999.250 -999.250 -999.250 -999.250 -999.250 -999.250 -999.250 -999.250
2.620 4.627 4.778 5.937 5.412 7.178 7.783 12.914 11.752 14.726 14.288 16.559 15.370 15.372 13.790 10.735 9.239 4.809 3.252 0.873 0.000 0.000 0.000 0.000 0.000 0.000 0.000 0.000 0.000 0.000 0.000 0.000 0.000 0.000 0.000 -999.250 -999.250 -999.250 -999.250 -999.250 -999.250 -999.250 -999.250 -999.250 -999.250 -999.250 -999.250 -999.250 -999.250 -999.250 -999.250 -999.250 -999.250 -999.250 -999.250 -999.250 -999.250 -999.250 -999.250 -999.250 -999.250 -999.250 -999.250 -999.250 -999.250 -999.250 -999.250 -999.250
0.000 0.000 1.173 2.698 3.946 6.414 7.520 15.291 14.539 17.719 21.472 23.807 25.663 25.642 22.520 15.621 12.463 9.757 6.747 4.246 1.034 0.000 0.000 0.000 0.000 0.000 0.000 0.000 0.000 0.000 0.000 0.000 0.000 0.000 -999.250 -999.250 -999.250 -999.250 -999.250 -999.250 -999.250 -999.250 -999.250 -999.250 -999.250 -999.250 -999.250 -999.250 -999.250 -999.250 -999.250 -999.250 -999.250 -999.250 -999.250 -999.250 -999.250 -999.250 -999.250 -999.250 -999.250 -999.250 -999.250 -999.250 -999.250 -999.250 -999.250 -999.250
0.000 0.000 0.000 1.090 4.232 7.727 10.162 14.502 19.156 30.674 33.043 34.035 42.520 37.914 31.730 24.256 20.575 13.512 9.242 5.835 3.463 0.045 0.000 0.000 0.000 0.000 0.000 0.000 0.000 0.000 0.000 0.000 0.000 0.000 -999.250 -999.250 -999.250 0.000 0.000 0.000 -999.250 -999.250 -999.250 -999.250 -999.250 -999.250 -999.250 -999.250 -999.250 -999.250 -999.250 -999.250 -999.250 -999.250 -999.250 -999.250 -999.250 -999.250 -999.250 -999.250 -999.250 -999.250 -999.250 -999.250 -999.250 -999.250 -999.250 -999.250
0.000 0.000 0.000 0.000 3.028 6.255 10.442 14.206 22.261 33.115 37.633 43.102 50.547 46.266 36.571 35.850 30.734 19.015 11.930 7.836 4.803 2.135 0.000 0.000 0.000 0.000 0.000 0.000 0.000 0.000 0.000 0.000 0.000 0.000 0.000 0.000 0.000 0.000 0.000 0.000 0.000 -999.250 -999.250 -999.250 -999.250 -999.250 -999.250 -999.250 -999.250 -999.250 -999.250 -999.250 -999.250 -999.250 -999.250 -999.250 -999.250 -999.250 -999.250 -999.250 -999.250 -999.250 -999.250 -999.250 -999.250 -999.250 -999.250 -999.250
0.000 0.000 0.000 0.000 2.060 5.537 8.370 13.574 21.696 32.162 38.105 48.880 67.249 54.529 42.473 35.898 27.481 21.332 12.943 9.443 5.119 2.283 0.000 0.000 0.000 0.000 0.000 0.000 0.000 0.000 0.000 0.000 0.000 0.000 0.000 0.000 0.000 0.000 0.000 0.000 0.000 0.000 -999.250 -999.250 -999.250 -999.250 -999.250 -999.250 -999.250 -999.250 -999.250 -999.250 -999.250 -999.250 -999.250 -999.250 -999.250 -999.250 -999.250 -999.250 -999.250 -999.250 -999.250 -999.250 -999.250 -999.250 -999.250 -999.250
0.000 0.000 0.000 0.000 3.338 5.064 8.984 12.821 19.743 31.403 35.079 40.878 47.132 42.160 38.094 34.566 25.374 18.347 12.388 8.346 5.252 1.870 0.000 0.000 0.000 0.000 0.000 0.000 0.000 0.000 0.000 0.000 0.000 0.000 0.000 0.000 0.000 0.000 0.000 0.000 0.000 0.000 -999.250 -999.250 -999.250 -999.250 -999.250 -999.250 -999.250 -999.250 -999.250 -999.250 -999.250 -999.250 -999.250 -999.250 -999.250 -999.250 -999.250 -999.250 -999.250 -999.250 -999.250 -999.250 -999.250 -999.250 -999.250 -999.250
0.000 0.000 0.000 0.279 3.180 5.454 7.850 12.341 17.491 27.312 33.044 35.804 36.168 39.356 31.503 24.036 19.563 13.956 10.894 7.999 5.209 1.434 0.000 0.000 0.000 0.000 0.000 0.000 0.000 0.000 0.000 0.000 0.000 0.000 0.000 0.000 0.000 0.000 0.000 0.000 0.000 0.000 -999.250 -999.250 -999.250 -999.250 -999.250 -999.250 -999.250 -999.250 -999.250 -999.250 -999.250 -999.250 -999.250 -999.250 -999.250 -999.250 -999.250 -999.250 -999.250 -999.250 -999.250 -999.250 -999.250 -999.250 -999.250 -999.250
0.000 0.956 0.796 1.526 3.060 6.109 6.918 9.888 14.600 15.870 17.804 24.147 24.329 26.251 22.785 18.129 14.156 10.260 6.864 5.501 1.706 0.342 0.000 0.000 0.000 0.000 0.000 0.000 0.000 0.000 0.000 0.000 0.000 0.000 0.000 0.000 0.000 0.000 0.000 0.000 0.032 0.002 1.801 -999.250 -999.250 -999.250 -999.250 -999.250 -999.250 -999.250 -999.250 -999.250 -999.250 -999.250 -999.250 -999.250 -999.250 -999.250 -999.250 -999.250 -999.250 -999.250 -999.250 -999.250 -999.250 -999.250 -999.250 -999.250
1.528 2.411 3.159 2.374 3.178 5.280 6.496 7.240 8.728 9.574 12.535 12.477 15.105 13.479 15.016 12.054 9.832 5.849 4.791 3.662 2.232 0.000 0.000 0.000 0.000 0.000 0.000 0.997 0.348 1.344 1.591 0.028 0.771 1.242 0.444 0.000 0.058 0.133 0.038 0.326 0.790 1.022 -999.250 -999.250 -999.250 -999.250 -999.250 -999.250 -999.250 -999.250 -999.250 -999.250 -999.250 -999.250 -999.250 -999.250 -999.250 -999.250 -999.250 -999.250 -999.250 -999.250 -999.250 -999.250 -999.250 -999.250 -999.250 -999.250
3.809 6.134 6.339 5.247 5.023 4.614 5.347 5.736 5.800 6.060 5.543 5.412 6.323 7.969 8.320 7.354 4.756 3.899 3.365 0.965 0.781 0.000 0.000 0.000 0.000 0.000 0.000 1.948 2.694 3.091 3.208 3.042 2.584 3.102 2.380 2.426 2.600 2.611 3.528 3.920 3.585 -999.250 -999.250 -999.250 -999.250 -999.250 -999.250 -999.250 -999.250 -999.250 -999.250 -999.250 -999.250 -999.250 -999.250 -999.250 -999.250 -999.250 -999.250 -999.250 -999.250 -999.250 -999.250 -999.250 -999.250 -999.250 -999.250 -999.250
6.363 8.335 6.891 6.178 5.891 5.509 5.636 3.593 3.282 2.613 0.109 0.000 0.006 3.072 3.965 3.577 3.404 1.440 1.448 0.000 0.000 0.000 0.000 0.000 0.000 0.000 0.000 2.206 2.147 3.356 4.892 4.556 4.939 5.668 5.492 5.223 5.035 5.308 5.505 4.596 4.120 -999.250 -999.250 -999.250 -999.250 -999.250 -999.250 -999.250 -999.250 -999.250 -999.250 -999.250 -999.250 -999.250 -999.250 -999.250 -999.250 -999.250 -999.250 -999.250 -999.250 -999.250 -999.250 -999.250 -999.250 -999.250 -999.250 -999.250
12.092 11.097 13.725 10.750 9.807 7.303 6.468 5.923 2.316 2.394 0.000 0.000 0.000 0.000 0.000 0.000 0.587 0.000 0.000 0.000 0.000 0.000 0.000 0.000 0.000 0.000 2.538 3.491 4.188 4.618 5.218 6.032 7.093 8.577 8.048 8.741 6.250 7.719 6.702 8.234 -999.250 -999.250 -999.250 -999.250 -999.250 -999.250 -999.250 -999.250 -999.250 -999.250 -999.250 -999.250 -999.250 -999.250 -999.250 -999.250 -999.250 -999.250 -999.250 -999.250 -999.250 -999.250 -999.250 -999.250 -999.250 -999.250 -999.250 -999.250
20.248 17.858 18.350 14.955 14.537 9.525 6.789 7.533 4.731 2.571 0.000 0.000 0.000 0.000 0.000 0.000 0.000 0.000 0.000 0.000 0.000 0.000 0.000 0.000 0.000 0.111 1.380 3.976 5.318 6.159 5.793 8.678 11.326 10.729 11.581 12.112 11.665 10.953 8.408 8.530 -999.250 -999.250 -999.250 -999.250 -999.250 -999.250 -999.250 -999.250 -999.250 -999.250 -999.250 -999.250 -999.250 -999.250 -999.250 -999.250 -999.250 -999.250 -999.250 -999.250 -999.250 -999.250 -999.250 -999.250 -999.250 -999.250 -999.250 -999.250
28.874 24.808 27.691 21.861 18.088 12.792 11.665 8.724 5.325 3.620 1.145 0.000 0.000 0.000 0.000 0.000 0.000 0.000 0.000 0.000 0.000 0.000 0.000 0.000 0.000 1.638 1.893 4.569 5.787 5.660 7.677 9.943 12.510 12.958 12.654 13.446 15.279 12.063 11.794 -999.250 -999.250 -999.250 -999.250 -999.250 -999.250 -999.250 -999.250 -999.250 -999.250 -999.250 -999.250 -999.250 -999.250 -999.250 -999.250 -999.250 -999.250 -999.250 -999.250 -999.250 -999.250 -999.250 -999.250 -999.250 -999.250 -999.250 -999.250 -999.250
