data/medianmodel_27-Mar-2020.asc
ncols	141
nrows	288
xllcorner	-120191.398
yllcorner	-301404.813
cellsize	2000.000
NODATA_value	-999.250
[rows 93 to 123 of 288, columns 0 to 68 of 141]
-999.250 -999.250 -999.250 -999.250 -999.250 -999.250 -999.250 -999.250 -999.250 -999.250 -999.250 -999.250 -999.250 -999.250 -999.250 -999.250 -999.250 -999.250 -999.250 -999.250 -999.250 -999.250 -999.250 -999.250 -999.250 -999.250 -999.250 -999.250 -999.250 -999.250 -999.250 12.079 9.503 12.232 13.025 15.187 16.261 16.218 15.741 17.365 19.310 19.216 21.164 18.065 17.521 16.468 14.675 8.101 7.597 5.333 2.758 2.406 0.307 1.246 1.419 0.955 1.813 2.489 5.216 7.103 6.892 7.056 6.426 4.880 5.539 8.038 9.766 11.280 9.952
-999.250 -999.250 -999.250 -999.250 -999.250 -999.250 -999.250 -999.250 -999.250 -999.250 -999.250 -999.250 -999.250 -999.250 -999.250 -999.250 -999.250 -999.250 -999.250 -999.250 -999.250 -999.250 -999.250 -999.250 -999.250 -999.250 -999.250 -999.250 -999.250 -999.250 -999.250 8.872 8.319 10.861 11.899 14.019 13.790 15.768 13.947 15.842 15.630 15.145 17.561 18.602 16.319 18.573 15.527 9.087 7.758 7.359 3.869 5.102 1.899 0.707 0.002 1.141 2.093 4.670 5.504 7.101 8.150 7.529 5.510 8.275 7.872 9.782 9.611 10.786 10.076
-999.250 -999.250 -999.250 -999.250 -999.250 -999.250 -999.250 -999.250 -999.250 -999.250 -999.250 -999.250 -999.250 -999.250 -999.250 -999.250 -999.250 -999.250 -999.250 -999.250 -999.250 -999.250 -999.250 -999.250 -999.250 -999.250 -999.250 -999.250 -999.250 -999.250 -999.250 9.746 8.570 5.941 8.452 9.145 10.953 11.050 13.178 13.390 14.561 14.219 17.208 16.261 15.803 14.825 11.146 10.958 10.573 6.968 6.061 5.609 3.953 2.522 1.632 3.109 2.871 3.254 6.529 8.119 8.191 9.165 8.907 8.223 7.897 9.229 8.706 10.704 9.469
-999.250 -999.250 -999.250 -999.250 -999.250 -999.250 -999.250 -999.250 -999.250 -999.250 -999.250 -999.250 -999.250 -999.250 -999.250 -999.250 -999.250 -999.250 -999.250 -999.250 -999.250 -999.250 -999.250 -999.250 -999.250 -999.250 -999.250 -999.250 -999.250 -999.250 15.114 13.430 10.547 8.412 7.714 8.887 10.226 11.956 10.853 13.265 16.286 15.045 15.213 16.872 16.018 14.619 15.689 14.247 10.676 10.547 10.593 8.166 5.319 5.998 5.280 3.763 4.451 4.628 6.329 9.568 9.803 9.847 7.647 7.678 8.089 6.782 8.113 6.487 9.614
-999.250 -999.250 -999.250 -999.250 -999.250 -999.250 -999.250 -999.250 -999.250 -999.250 -999.250 -999.250 -999.250 -999.250 -999.250 -999.250 -999.250 -999.250 -999.250 -999.250 -999.250 -999.250 -999.250 -999.250 -999.250 -999.250 -999.250 -999.250 -999.250 -999.250 15.962 13.284 11.596 8.125 7.948 8.272 10.559 10.721 13.019 14.779 18.133 19.985 19.197 21.061 20.747 18.521 20.086 18.415 16.399 12.520 12.526 11.322 10.933 8.887 7.226 5.181 1.952 2.300 4.366 7.068 7.488 7.039 7.002 4.179 4.209 6.322 6.718 5.977 7.110
-999.250 -999.250 -999.250 -999.250 -999.250 -999.250 -999.250 -999.250 -999.250 -999.250 -999.250 -999.250 -999.250 -999.250 -999.250 -999.250 -999.250 -999.250 -999.250 -999.250 -999.250 -999.250 -999.250 -999.250 -999.250 -999.250 -999.250 -999.250 -999.250 -999.250 12.484 8.034 10.444 9.283 8.380 10.056 11.492 15.007 14.183 17.877 19.058 22.472 23.001 26.639 25.600 25.827 26.186 26.846 20.267 17.102 16.574 12.885 12.772 12.729 7.558 6.207 2.293 0.000 3.425 3.974 6.635 7.504 6.446 3.365 0.000 2.367 4.563 7.333 4.068
-999.250 -999.250 -999.250 -999.250 -999.250 -999.250 -999.250 -999.250 -999.250 -999.250 -999.250 -999.250 -999.250 -999.250 -999.250 -999.250 -999.250 -999.250 -999.250 -999.250 -999.250 -999.250 -999.250 -999.250 -999.250 -999.250 -999.250 -999.250 -999.250 -999.250 10.083 9.546 9.072 9.586 9.336 11.225 15.334 16.762 19.764 22.196 25.706 25.993 26.156 29.477 32.087 28.549 27.526 28.301 27.394 26.049 21.221 18.810 15.260 16.574 12.274 6.995 4.588 3.000 4.393 4.660 6.320 4.483 5.435 1.823 0.000 2.338 3.045 4.350 3.993
-999.250 -999.250 -999.250 -999.250 -999.250 -999.250 -999.250 -999.250 -999.250 -999.250 -999.250 -999.250 -999.250 -999.250 -999.250 -999.250 -999.250 -999.250 -999.250 -999.250 -999.250 -999.250 -999.250 -999.250 -999.250 -999.250 -999.250 -999.250 -999.250 12.912 9.626 11.586 9.129 10.794 14.061 11.375 17.928 20.986 24.215 27.123 29.255 34.171 33.988 31.693 44.278 38.450 35.504 35.334 35.688 33.893 26.284 24.685 22.640 17.832 14.405 12.567 9.636 4.953 6.295 4.587 6.648 6.339 3.657 3.271 0.351 2.351 3.100 5.704 2.541
-999.250 -999.250 -999.250 -999.250 -999.250 -999.250 -999.250 -999.250 -999.250 -999.250 -999.250 -999.250 -999.250 -999.250 -999.250 -999.250 -999.250 -999.250 -999.250 -999.250 -999.250 -999.250 -999.250 -999.250 -999.250 -999.250 -999.250 -999.250 -999.250 13.958 10.193 10.001 8.367 11.937 14.099 16.372 22.033 24.030 29.998 34.459 36.721 38.019 41.132 43.002 45.529 45.950 43.377 46.036 41.792 35.366 34.477 29.907 25.424 23.154 18.186 15.315 9.639 6.342 3.255 4.891 5.694 4.655 2.772 2.882 2.222 2.727 4.893 4.459 3.794
-999.250 -999.250 -999.250 -999.250 -999.250 -999.250 -999.250 -999.250 -999.250 -999.250 -999.250 -999.250 -999.250 -999.250 -999.250 -999.250 -999.250 -999.250 -999.250 -999.250 -999.250 -999.250 -999.250 -999.250 -999.250 -999.250 -999.250 -999.250 -999.250 12.676 10.438 11.312 10.125 11.780 13.890 18.631 20.792 26.160 36.015 38.733 43.315 43.076 42.133 45.668 50.902 55.524 60.338 55.633 50.931 49.682 41.858 31.001 31.340 29.210 24.046 15.150 10.671 7.718 6.541 6.282 4.906 6.012 2.802 3.510 3.803 4.284 5.752 8.143 6.944
-999.250 -999.250 -999.250 -999.250 -999.250 -999.250 -999.250 -999.250 -999.250 -999.250 -999.250 -999.250 -999.250 -999.250 -999.250 -999.250 -999.250 -999.250 -999.250 -999.250 -999.250 -999.250 -999.250 -999.250 -999.250 -999.250 -999.250 -999.250 -999.250 9.505 7.708 9.031 9.807 11.712 13.727 17.368 21.672 31.276 42.387 44.756 44.023 44.284 47.503 53.569 64.612 75.426 76.780 70.178 73.783 51.799 47.653 34.950 30.407 25.017 19.894 13.073 10.083 7.427 5.981 5.590 5.078 4.714 3.487 4.981 5.548 5.603 7.530 9.896 9.084
-999.250 -999.250 -999.250 -999.250 -999.250 -999.250 -999.250 -999.250 -999.250 -999.250 -999.250 -999.250 -999.250 -999.250 -999.250 -999.250 -999.250 -999.250 -999.250 -999.250 -999.250 -999.250 -999.250 -999.250 -999.250 -999.250 -999.250 -999.250 7.892 9.307 9.437 8.631 10.229 14.581 18.040 22.032 24.321 30.254 42.496 49.337 46.893 62.421 52.437 68.746 78.559 86.107 101.885 98.324 81.977 67.143 52.428 41.527 29.934 22.092 15.493 10.761 9.998 7.167 6.700 5.422 6.095 5.382 4.517 6.003 6.662 8.479 9.208 11.838 12.520
-999.250 -999.250 -999.250 -999.250 -999.250 -999.250 -999.250 -999.250 -999.250 -999.250 -999.250 -999.250 -999.250 -999.250 -999.250 -999.250 -999.250 -999.250 -999.250 -999.250 -999.250 -999.250 -999.250 -999.250 -999.250 -999.250 -999.250 -999.250 7.621 5.859 5.860 7.496 10.886 12.787 18.813 21.813 29.806 35.793 44.020 46.828 48.371 73.805 62.441 61.484 84.991 96.233 119.255 90.476 82.219 58.014 48.704 38.216 26.473 17.474 10.436 6.950 5.509 7.069 6.903 6.510 7.646 8.184 7.992 6.960 7.383 9.922 11.926 14.519 15.359
-999.250 -999.250 -999.250 -999.250 -999.250 -999.250 -999.250 -999.250 -999.250 -999.250 -999.250 -999.250 -999.250 -999.250 -999.250 -999.250 -999.250 -999.250 -999.250 -999.250 -999.250 -999.250 -999.250 -999.250 -999.250 -999.250 -999.250 8.556 8.628 7.264 5.487 6.797 9.483 15.668 21.346 25.134 28.238 33.782 43.609 46.948 52.227 60.334 77.758 77.838 89.172 94.920 107.544 100.772 80.293 54.985 46.737 35.834 22.892 14.182 6.057 2.088 5.104 7.452 8.398 11.627 10.305 8.385 7.977 7.912 10.478 12.340 12.436 13.097 15.400
-999.250 -999.250 -999.250 -999.250 -999.250 -999.250 -999.250 -999.250 -999.250 -999.250 -999.250 -999.250 -999.250 -999.250 -999.250 -999.250 -999.250 -999.250 -999.250 -999.250 -999.250 -999.250 -999.250 -999.250 -999.250 -999.250 -999.250 10.113 4.714 7.382 4.843 5.655 9.430 17.349 19.349 28.133 30.794 34.350 40.456 50.192 54.854 59.347 70.995 79.643 78.565 93.823 97.781 86.132 80.633 56.742 44.323 32.364 19.340 10.200 0.000 0.521 5.267 9.396 10.279 15.034 14.785 17.053 12.519 9.079 10.550 14.356 16.021 13.331 16.954
-999.250 -999.250 -999.250 -999.250 -999.250 -999.250 -999.250 -999.250 -999.250 -999.250 -999.250 -999.250 -999.250 -999.250 -999.250 -999.250 -999.250 -999.250 -999.250 -999.250 -999.250 -999.250 -999.250 -999.250 -999.250 -999.250 -999.250 7.834 4.365 4.299 3.377 6.958 11.281 14.717 21.700 27.321 29.638 37.607 42.115 45.737 51.906 56.586 59.208 66.675 87.702 79.979 90.944 91.360 80.137 58.541 42.299 31.296 20.307 10.389 4.242 4.751 9.439 13.063 16.467 21.477 24.542 23.228 21.270 17.416 17.356 19.384 17.008 17.781 21.712
-999.250 -999.250 -999.250 -999.250 -999.250 -999.250 -999.250 -999.250 -999.250 -999.250 -999.250 -999.250 -999.250 -999.250 -999.250 -999.250 -999.250 -999.250 -999.250 -999.250 -999.250 -999.250 -999.250 -999.250 -999.250 -999.250 -999.250 6.757 7.211 3.783 3.404 7.767 8.487 14.095 18.886 26.720 28.216 33.561 37.255 47.000 49.003 55.556 58.511 73.875 89.407 81.634 79.646 76.556 60.508 47.305 37.223 27.702 24.942 14.852 11.302 10.491 13.562 15.286 21.176 28.600 28.685 30.732 27.679 24.544 20.501 19.818 22.485 21.222 21.762
-999.250 -999.250 -999.250 -999.250 -999.250 -999.250 -999.250 -999.250 -999.250 -999.250 -999.250 -999.250 -999.250 -999.250 -999.250 -999.250 -999.250 -999.250 -999.250 -999.250 -999.250 -999.250 -999.250 -999.250 -999.250 -999.250 -999.250 -999.250 8.689 4.692 3.631 5.162 10.077 16.609 19.411 27.468 29.305 36.121 39.592 39.060 42.907 46.600 49.426 67.074 72.084 83.078 67.303 65.889 54.821 43.051 40.820 32.446 23.996 17.960 13.370 15.047 16.361 19.581 22.485 36.485 40.014 38.519 32.759 30.135 25.243 24.811 25.317 22.634 23.462
-999.250 -999.250 -999.250 -999.250 -999.250 -999.250 -999.250 -999.250 -999.250 -999.250 -999.250 -999.250 -999.250 -999.250 -999.250 -999.250 -999.250 -999.250 -999.250 -999.250 -999.250 -999.250 -999.250 -999.250 -999.250 -999.250 -999.250 -999.250 10.370 7.139 8.181 9.550 11.011 16.025 22.456 24.786 29.191 33.077 38.294 41.458 43.097 52.691 53.972 59.695 64.411 53.750 65.393 51.559 38.746 40.152 36.887 29.198 25.333 18.274 15.987 16.326 17.119 23.377 29.381 40.147 52.562 45.202 33.003 30.226 27.443 27.283 26.707 22.954 26.530
-999.250 -999.250 -999.250 -999.250 -999.250 -999.250 -999.250 -999.250 -999.250 -999.250 -999.250 -999.250 -999.250 -999.250 -999.250 -999.250 -999.250 -999.250 -999.250 -999.250 -999.250 -999.250 -999.250 -999.250 -999.250 -999.250 -999.250 -999.250 10.839 11.714 12.306 14.521 14.172 19.753 22.070 27.433 29.262 32.093 41.110 41.157 45.167 48.779 50.523 53.425 60.546 57.679 51.444 46.863 38.399 39.718 32.298 28.841 25.566 23.740 17.543 17.485 19.568 25.517 32.304 39.603 42.074 38.767 35.617 30.414 27.925 26.605 24.816 24.682 25.457
-999.250 -999.250 -999.250 -999.250 -999.250 -999.250 -999.250 -999.250 -999.250 -999.250 -999.250 -999.250 -999.250 -999.250 -999.250 -999.250 -999.250 -999.250 -999.250 -999.250 -999.250 -999.250 -999.250 -999.250 -999.250 -999.250 -999.250 -999.250 12.666 12.749 14.519 17.813 15.756 20.217 20.333 22.184 32.033 36.544 36.890 41.930 43.147 42.965 50.226 51.541 55.779 62.031 46.910 39.303 38.068 34.985 32.134 31.476 28.262 20.350 15.648 16.780 18.139 24.597 30.355 33.531 34.572 29.780 31.631 28.864 28.559 28.191 27.468 25.155 27.066
-999.250 -999.250 -999.250 -999.250 -999.250 -999.250 -999.250 -999.250 -999.250 -999.250 -999.250 -999.250 -999.250 -999.250 -999.250 -999.250 -999.250 -999.250 -999.250 -999.250 -999.250 -999.250 -999.250 -999.250 -999.250 -999.250 -999.250 -999.250 12.505 13.778 14.763 18.092 18.005 19.834 20.316 24.537 29.285 37.864 37.248 41.015 43.329 43.694 43.696 44.581 49.357 49.279 42.541 39.132 40.183 36.982 30.477 28.637 22.124 16.874 15.342 14.145 14.000 21.543 23.026 25.013 26.133 30.642 31.643 31.449 30.786 26.400 22.763 23.130 25.123
-999.250 -999.250 -999.250 -999.250 -999.250 -999.250 -999.250 -999.250 -999.250 -999.250 -999.250 -999.250 -999.250 -999.250 -999.250 -999.250 -999.250 -999.250 -999.250 -999.250 -999.250 -999.250 -999.250 -999.250 -999.250 -999.250 -999.250 15.666 16.376 16.722 16.614 16.728 19.079 21.787 23.033 27.334 30.050 38.520 37.199 40.888 40.944 40.043 45.412 45.053 43.414 40.948 39.149 37.098 39.015 36.518 31.689 26.964 22.645 16.824 15.000 10.502 13.291 13.284 15.619 22.616 23.461 25.779 24.596 29.400 30.750 27.421 25.383 23.980 23.847
-999.250 -999.250 -999.250 -999.250 -999.250 -999.250 -999.250 -999.250 -999.250 -999.250 -999.250 -999.250 -999.250 -999.250 -999.250 -999.250 -999.250 -999.250 -999.250 -999.250 -999.250 -999.250 -999.250 -999.250 -999.250 -999.250 -999.250 13.814 18.354 15.780 19.196 23.691 24.965 26.385 29.192 29.752 30.758 33.859 38.141 40.204 38.203 38.466 40.457 43.933 37.250 36.817 30.289 32.905 35.576 36.042 29.029 24.080 21.178 14.642 11.576 7.613 8.056 5.595 7.744 13.091 16.147 22.017 24.699 25.176 25.741 26.378 25.100 24.177 24.207
-999.250 -999.250 -999.250 -999.250 -999.250 -999.250 -999.250 -999.250 -999.250 -999.250 -999.250 -999.250 -999.250 -999.250 -999.250 -999.250 -999.250 -999.250 -999.250 -999.250 -999.250 -999.250 -999.250 -999.250 -999.250 -999.250 -999.250 19.819 17.286 19.513 18.106 22.547 24.955 27.124 27.161 29.594 31.397 33.400 34.790 36.286 36.184 35.568 35.218 37.856 34.839 33.265 28.342 27.842 30.402 37.058 31.769 24.296 22.606 15.937 11.301 7.382 1.501 0.000 4.531 9.360 14.480 17.321 23.199 21.149 19.721 22.427 21.462 19.599 20.462
-999.250 -999.250 -999.250 -999.250 -999.250 -999.250 -999.250 -999.250 -999.250 -999.250 -999.250 -999.250 -999.250 -999.250 -999.250 -999.250 -999.250 -999.250 -999.250 -999.250 -999.250 -999.250 -999.250 -999.250 -999.250 -999.250 16.522 16.943 17.350 19.896 22.275 22.290 27.123 29.872 29.535 31.456 26.349 33.139 34.660 31.782 31.441 32.874 36.551 33.469 29.964 25.644 25.262 25.138 26.704 30.414 27.792 25.768 22.407 15.676 11.223 7.802 1.351 0.000 0.634 6.060 12.271 15.011 16.623 20.885 18.827 17.746 16.649 16.735 19.748
-999.250 -999.250 -999.250 -999.250 -999.250 -999.250 -999.250 -999.250 -999.250 -999.250 -999.250 -999.250 -999.250 -999.250 -999.250 -999.250 -999.250 -999.250 -999.250 -999.250 -999.250 -999.250 -999.250 -999.250 -999.250 -999.250 19.852 19.924 18.455 20.030 23.772 22.932 28.417 31.004 30.592 26.999 31.024 30.805 30.534 29.694 31.099 29.410 30.251 26.402 24.641 22.664 17.397 20.347 24.159 25.067 22.568 24.084 20.958 15.766 11.287 8.466 4.216 2.102 1.129 4.296 8.267 13.278 16.221 16.864 14.190 12.473 12.402 14.311 13.674
-999.250 -999.250 -999.250 -999.250 -999.250 -999.250 -999.250 -999.250 -999.250 -999.250 -999.250 -999.250 -999.250 -999.250 -999.250 -999.250 -999.250 -999.250 -999.250 -999.250 -999.250 -999.250 -999.250 -999.250 -999.250 -999.250 21.214 20.171 20.193 26.875 29.215 31.197 28.035 31.510 31.851 36.602 34.093 33.995 33.636 28.540 30.341 29.059 28.043 20.974 17.031 18.956 14.896 13.843 15.921 19.566 19.571 22.197 22.069 17.189 13.186 8.942 4.053 0.000 0.105 2.889 6.720 9.078 12.282 10.717 10.566 10.068 10.091 10.094 10.468
-999.250 -999.250 -999.250 -999.250 -999.250 -999.250 -999.250 -999.250 -999.250 -999.250 -999.250 -999.250 -999.250 -999.250 -999.250 -999.250 -999.250 -999.250 -999.250 -999.250 -999.250 -999.250 -999.250 -999.250 -999.250 22.768 20.041 21.191 22.271 27.193 25.191 28.746 28.160 29.320 32.428 30.893 32.428 39.137 38.890 35.873 33.561 28.646 25.546 18.996 15.339 11.148 9.239 5.965 9.049 13.009 18.448 19.358 18.913 18.592 15.272 10.145 6.678 3.447 0.000 0.834 4.209 6.626 9.306 9.658 10.742 10.430 8.301 6.376 5.881
-999.250 -999.250 -999.250 -999.250 -999.250 -999.250 -999.250 -999.250 -999.250 -999.250 -999.250 -999.250 -999.250 -999.250 -999.250 -999.250 -999.250 -999.250 -999.250 -999.250 -999.250 -999.250 -999.250 -999.250 -999.250 18.303 20.088 19.139 21.866 26.489 25.598 24.805 25.821 32.694 33.151 33.162 33.884 39.634 39.787 35.535 33.446 27.772 24.643 21.512 16.240 9.707 5.955 0.000 7.191 11.579 16.617 19.103 19.278 22.188 19.562 14.875 9.547 5.330 2.897 2.139 3.854 4.802 5.716 5.683 7.174 8.109 7.135 5.720 4.593
-999.250 -999.250 -999.250 -999.250 -999.250 -999.250 -999.250 -999.250 -999.250 -999.250 -999.250 -999.250 -999.250 -999.250 -999.250 -999.250 -999.250 -999.250 -999.250 -999.250 -999.250 -999.250 -999.250 -999.250 -999.250 19.194 20.202 19.085 20.144 21.752 27.913 29.113 29.191 30.911 32.442 33.403 41.182 40.638 46.637 38.228 34.441 28.767 26.043 21.709 20.139 14.089 8.046 7.370 9.093 13.551 18.616 18.954 23.716 23.909 24.045 17.885 10.989 7.999 5.592 4.031 2.556 6.529 4.686 5.801 5.030 5.082 3.941 4.342 2.587
