data/medianmodel_12-Dec-2020.asc
ncols	141
nrows	288
xllcorner	-120191.398
yllcorner	-301404.813
cellsize	2000.000
NODATA_value	-999.250
[rows 116 to 144 of 288, columns 0 to 63 of 141]
-999.250 -999.250 -999.250 -999.250 -999.250 -999.250 -999.250 -999.250 -999.250 -999.250 -999.250 -999.250 -999.250 -999.250 -999.250 -999.250 -999.250 -999.250 -999.250 -999.250 -999.250 -999.250 -999.250 -999.250 -999.250 -999.250 -999.250 313.735 330.020 358.490 364.478 392.278 379.634 413.298 426.455 435.386 463.684 460.729 491.132 478.318 486.259 477.381 450.760 449.267 433.626 417.063 407.834 453.266 429.274 423.365 442.670 488.500 506.257 474.037 440.096 408.668 372.084 366.144 346.099 295.385 251.408 216.237 199.413 193.220
-999.250 -999.250 -999.250 -999.250 -999.250 -999.250 -999.250 -999.250 -999.250 -999.250 -999.250 -999.250 -999.250 -999.250 -999.250 -999.250 -999.250 -999.250 -999.250 -999.250 -999.250 -999.250 -999.250 -999.250 -999.250 -999.250 -999.250 304.066 306.390 337.381 364.270 386.216 389.777 410.183 407.935 423.247 447.608 441.384 476.329 474.981 471.524 456.271 444.159 433.600 429.264 424.865 408.544 411.672 383.028 352.047 381.985 437.247 466.399 458.669 421.368 411.052 399.023 382.555 337.981 270.493 243.315 221.133 195.271 164.311
-999.250 -999.250 -999.250 -999.250 -999.250 -999.250 -999.250 -999.250 -999.250 -999.250 -999.250 -999.250 -999.250 -999.250 -999.250 -999.250 -999.250 -999.250 -999.250 -999.250 -999.250 -999.250 -999.250 -999.250 -999.250 -999.250 299.913 308.488 321.587 327.291 351.663 370.681 394.784 404.220 406.399 391.727 401.505 420.834 442.719 442.819 436.198 433.385 448.538 433.587 430.099 435.128 401.368 400.077 386.396 362.612 371.370 397.620 415.864 408.283 420.004 391.394 371.131 336.892 302.478 249.852 227.481 188.424 183.915 160.294
-999.250 -999.250 -999.250 -999.250 -999.250 -999.250 -999.250 -999.250 -999.250 -999.250 -999.250 -999.250 -999.250 -999.250 -999.250 -999.250 -999.250 -999.250 -999.250 -999.250 -999.250 -999.250 -999.250 -999.250 -999.250 -999.250 310.360 308.300 330.220 345.448 361.540 356.762 393.394 389.538 389.345 386.148 368.918 407.481 423.761 395.199 411.598 423.496 442.199 435.322 444.504 434.923 435.526 401.177 387.654 384.789 388.743 380.471 390.343 393.030 376.303 363.344 321.063 276.160 247.144 213.530 198.258 170.994 165.151 143.031
-999.250 -999.250 -999.250 -999.250 -999.250 -999.250 -999.250 -999.250 -999.250 -999.250 -999.250 -999.250 -999.250 -999.250 -999.250 -999.250 -999.250 -999.250 -999.250 -999.250 -999.250 -999.250 -999.250 -999.250 -999.250 -999.250 327.493 334.062 322.712 353.498 353.151 372.767 388.635 361.859 364.754 376.328 367.591 376.929 364.203 369.719 380.338 399.373 423.453 427.521 436.761 447.342 432.605 443.164 404.322 402.943 407.824 399.880 401.450 390.319 366.565 343.072 288.960 236.229 207.592 175.348 168.926 157.642 144.897 135.958
-999.250 -999.250 -999.250 -999.250 -999.250 -999.250 -999.250 -999.250 -999.250 -999.250 -999.250 -999.250 -999.250 -999.250 -999.250 -999.250 -999.250 -999.250 -999.250 -999.250 -999.250 -999.250 -999.250 -999.250 -999.250 313.675 331.192 356.410 350.873 364.189 361.480 378.794 373.753 358.739 365.675 364.555 355.514 355.223 348.486 343.816 364.064 386.215 392.928 421.631 425.290 436.574 445.128 438.887 431.782 417.255 402.983 396.647 396.961 373.278 365.929 327.794 280.950 212.763 146.628 148.523 147.828 140.411 131.126 126.536
-999.250 -999.250 -999.250 -999.250 -999.250 -999.250 -999.250 -999.250 -999.250 -999.250 -999.250 -999.250 -999.250 -999.250 -999.250 -999.250 -999.250 -999.250 -999.250 -999.250 -999.250 -999.250 -999.250 -999.250 -999.250 318.711 331.866 358.161 331.071 333.513 357.288 378.394 375.867 364.269 362.573 339.901 337.603 331.296 323.704 347.980 341.808 353.363 369.970 393.582 394.830 422.038 429.635 456.849 429.477 419.571 368.466 366.700 393.064 368.905 362.114 317.629 258.287 210.105 158.945 141.787 144.532 134.011 131.613 124.428
-999.250 -999.250 -999.250 -999.250 -999.250 -999.250 -999.250 -999.250 -999.250 -999.250 -999.250 -999.250 -999.250 -999.250 -999.250 -999.250 -999.250 -999.250 -999.250 -999.250 -999.250 -999.250 -999.250 -999.250 -999.250 324.716 335.442 346.284 338.460 353.102 354.236 356.884 360.814 350.623 336.997 347.329 323.594 307.888 283.710 284.785 315.683 319.709 350.882 360.575 396.617 394.735 391.821 416.521 382.228 373.100 364.988 366.039 377.989 389.157 379.429 342.910 286.394 232.487 191.061 171.626 149.709 135.310 130.868 124.039
-999.250 -999.250 -999.250 -999.250 -999.250 -999.250 -999.250 -999.250 -999.250 -999.250 -999.250 -999.250 -999.250 -999.250 -999.250 -999.250 -999.250 -999.250 -999.250 -999.250 -999.250 -999.250 -999.250 -999.250 322.523 325.973 350.974 355.469 347.227 371.906 372.625 368.491 373.932 339.793 352.755 340.154 326.109 297.815 293.720 297.137 304.265 312.575 310.795 344.743 332.447 352.471 352.778 353.969 349.931 359.825 347.954 362.952 361.443 391.277 388.927 354.683 296.395 240.368 201.624 186.414 166.771 152.168 144.612 139.443
-999.250 -999.250 -999.250 -999.250 -999.250 -999.250 -999.250 -999.250 -999.250 -999.250 -999.250 -999.250 -999.250 -999.250 -999.250 -999.250 -999.250 -999.250 -999.250 -999.250 -999.250 -999.250 -999.250 -999.250 310.490 345.430 356.412 370.388 358.736 370.173 357.954 367.613 371.385 354.540 361.660 353.433 334.789 319.081 298.445 295.406 289.174 299.679 276.395 289.839 302.170 303.236 315.934 326.975 297.467 308.191 306.770 330.201 364.131 388.238 413.075 359.762 306.009 264.961 220.211 207.885 194.586 184.751 173.105 154.604
-999.250 -999.250 -999.250 -999.250 -999.250 -999.250 -999.250 -999.250 -999.250 -999.250 -999.250 -999.250 -999.250 -999.250 -999.250 -999.250 -999.250 -999.250 -999.250 -999.250 -999.250 -999.250 -999.250 325.298 325.591 353.430 365.254 365.598 381.130 382.681 376.474 379.641 365.833 382.562 362.231 356.669 351.219 306.833 313.435 279.922 264.250 259.069 257.267 270.604 269.291 267.869 259.031 256.357 246.778 250.028 271.460 288.146 331.894 345.065 364.104 323.839 277.356 252.020 229.057 217.548 211.632 200.436 191.925 183.405
-999.250 -999.250 -999.250 -999.250 -999.250 -999.250 -999.250 -999.250 -999.250 -999.250 -999.250 -999.250 -999.250 -999.250 -999.250 -999.250 -999.250 -999.250 -999.250 -999.250 -999.250 -999.250 -999.250 288.130 324.499 349.908 370.693 392.382 396.622 391.170 385.311 385.502 396.368 375.976 364.016 349.493 338.931 317.630 300.175 268.128 269.403 250.615 254.852 259.093 234.874 228.304 213.331 201.189 194.378 207.045 216.999 244.563 263.906 279.874 287.974 275.891 261.734 230.358 225.462 225.953 229.939 228.595 215.969 191.881
-999.250 -999.250 -999.250 -999.250 -999.250 -999.250 -999.250 -999.250 -999.250 -999.250 -999.250 -999.250 -999.250 -999.250 -999.250 -999.250 -999.250 -999.250 -999.250 -999.250 -999.250 -999.250 -999.250 318.523 319.846 345.705 364.959 391.931 406.360 395.849 414.688 431.305 393.545 399.798 377.459 348.862 347.283 327.982 315.222 269.882 264.647 245.759 220.731 226.597 221.008 186.433 181.027 165.186 136.426 164.950 194.981 204.319 216.457 235.635 247.477 250.128 229.389 231.841 241.202 237.270 228.240 229.216 240.104 212.142
-999.250 -999.250 -999.250 -999.250 -999.250 -999.250 -999.250 -999.250 -999.250 -999.250 -999.250 -999.250 -999.250 -999.250 -999.250 -999.250 -999.250 -999.250 -999.250 -999.250 -999.250 -999.250 251.135 277.058 308.190 337.849 363.343 386.465 386.724 404.241 419.084 408.101 416.979 411.387 401.461 370.343 360.680 351.827 305.781 283.167 246.679 229.895 212.250 211.906 198.285 171.622 151.041 140.590 136.438 139.997 153.677 173.641 190.373 200.896 209.278 217.675 206.884 209.899 220.831 218.483 208.952 226.598 218.174 203.947
-999.250 -999.250 -999.250 -999.250 -999.250 -999.250 -999.250 -999.250 -999.250 -999.250 -999.250 -999.250 -999.250 -999.250 -999.250 -999.250 -999.250 -999.250 -999.250 -999.250 -999.250 -999.250 246.487 266.965 285.803 324.171 344.393 376.465 392.627 420.485 441.558 447.967 419.858 429.574 397.782 386.273 370.090 347.723 313.445 268.145 251.097 230.051 218.651 194.577 173.668 156.340 148.716 133.052 128.449 130.423 135.837 148.222 154.432 159.758 186.685 193.757 191.718 187.220 199.449 204.465 201.692 196.357 193.962 179.431
-999.250 -999.250 -999.250 -999.250 -999.250 -999.250 -999.250 -999.250 -999.250 -999.250 -999.250 -999.250 -999.250 -999.250 -999.250 -999.250 -999.250 -999.250 -999.250 -999.250 -999.250 241.150 239.902 266.165 288.252 332.263 350.995 373.937 407.663 444.068 461.414 458.518 441.247 423.654 415.687 400.289 372.213 339.005 321.128 277.847 244.089 234.124 208.254 196.479 180.645 159.878 146.281 129.487 123.723 121.553 119.969 127.114 131.254 128.966 147.178 156.175 163.461 168.094 168.727 166.623 175.907 185.121 177.941 177.843
-999.250 -999.250 -999.250 -999.250 -999.250 -999.250 -999.250 -999.250 -999.250 -999.250 -999.250 -999.250 -999.250 -999.250 -999.250 -999.250 -999.250 -999.250 -999.250 -999.250 -999.250 223.495 236.815 263.278 290.061 327.782 348.054 372.251 415.848 428.627 443.443 448.714 438.689 408.061 378.427 377.049 350.485 347.284 332.368 300.588 252.806 236.212 222.749 201.857 172.206 162.916 147.587 142.270 134.482 119.025 116.084 114.522 111.773 117.052 125.675 141.197 144.244 149.310 164.758 158.257 164.947 161.284 164.791 151.911
-999.250 -999.250 -999.250 -999.250 -999.250 -999.250 -999.250 -999.250 -999.250 -999.250 -999.250 -999.250 -999.250 -999.250 -999.250 -999.250 -999.250 -999.250 -999.250 -999.250 -999.250 222.181 247.804 248.655 270.706 305.596 334.966 355.070 387.390 423.642 434.119 435.996 422.393 384.998 377.255 366.847 366.470 354.182 327.700 318.386 278.153 247.455 218.771 209.799 182.455 164.980 161.068 147.050 133.745 123.030 110.534 102.163 91.892 99.673 117.582 124.411 129.336 144.554 148.221 152.219 142.745 149.005 146.321 142.692
-999.250 -999.250 -999.250 -999.250 -999.250 -999.250 -999.250 -999.250 -999.250 -999.250 -999.250 -999.250 -999.250 -999.250 -999.250 -999.250 -999.250 -999.250 -999.250 -999.250 195.144 201.202 218.250 235.650 266.161 320.021 341.606 376.247 391.328 413.487 406.826 417.997 409.242 386.390 381.374 368.440 353.060 347.844 328.348 311.160 275.877 248.635 238.907 221.171 199.004 182.086 164.908 144.993 140.421 121.637 110.011 100.615 75.386 92.978 101.876 113.804 124.187 127.795 151.780 146.417 144.497 142.313 139.966 145.533
-999.250 -999.250 -999.250 -999.250 -999.250 -999.250 -999.250 -999.250 -999.250 -999.250 -999.250 -999.250 -999.250 -999.250 -999.250 -999.250 -999.250 -999.250 -999.250 -999.250 177.244 183.994 213.463 237.501 256.025 304.568 338.601 348.675 366.246 386.223 410.290 394.121 401.429 382.516 365.049 367.640 365.328 345.990 314.305 291.946 277.680 245.444 241.932 227.612 215.331 194.441 171.767 163.639 143.550 127.425 116.579 104.821 98.047 91.795 101.425 111.825 123.524 137.330 143.035 147.163 142.001 133.938 135.774 146.253
-999.250 -999.250 -999.250 -999.250 -999.250 -999.250 -999.250 -999.250 -999.250 -999.250 -999.250 -999.250 -999.250 -999.250 -999.250 -999.250 -999.250 -999.250 -999.250 -999.250 167.931 186.304 206.188 221.465 259.185 290.433 333.380 360.345 396.127 388.988 413.497 396.640 382.272 385.657 381.517 378.699 358.880 351.899 317.955 307.146 269.724 252.603 238.466 226.490 216.276 206.642 205.279 185.844 159.187 146.742 132.546 118.674 113.018 106.798 107.517 111.986 122.128 133.932 132.917 145.263 138.060 135.305 139.162 142.983
-999.250 -999.250 -999.250 -999.250 -999.250 -999.250 -999.250 -999.250 -999.250 -999.250 -999.250 -999.250 -999.250 -999.250 -999.250 -999.250 -999.250 -999.250 -999.250 -999.250 153.791 176.431 207.543 231.243 251.551 286.997 327.177 351.533 385.690 399.835 407.192 412.909 411.970 398.556 395.058 395.292 375.385 354.665 317.340 296.413 276.996 254.261 240.742 239.605 247.002 240.459 226.092 201.791 187.682 158.503 153.399 131.286 123.493 117.701 113.680 117.706 125.610 129.778 132.602 150.466 143.986 131.744 138.747 144.479
-999.250 -999.250 -999.250 -999.250 -999.250 -999.250 -999.250 -999.250 -999.250 -999.250 -999.250 -999.250 -999.250 -999.250 -999.250 -999.250 -999.250 -999.250 -999.250 137.681 150.527 171.907 202.273 223.990 255.892 291.688 334.232 372.586 397.225 423.279 433.870 437.426 450.241 433.262 419.921 398.821 378.651 352.917 333.594 322.059 292.832 278.022 262.788 257.579 245.747 241.251 229.426 229.149 199.882 179.568 159.597 157.845 136.644 127.777 125.425 122.393 119.969 122.423 130.678 136.055 138.943 132.307 139.537 147.339
-999.250 -999.250 -999.250 -999.250 -999.250 -999.250 -999.250 -999.250 -999.250 -999.250 -999.250 -999.250 -999.250 -999.250 -999.250 -999.250 -999.250 -999.250 -999.250 136.425 139.373 159.054 184.365 214.910 257.346 302.236 341.707 380.655 424.119 484.651 507.389 461.452 458.093 428.632 412.518 383.823 377.445 362.665 362.790 331.386 300.011 284.976 299.298 274.991 269.461 249.374 234.387 249.624 241.586 211.373 197.849 166.424 142.598 131.314 126.917 123.631 122.825 123.240 123.303 126.910 135.478 139.423 143.314 162.860
-999.250 -999.250 -999.250 -999.250 -999.250 -999.250 -999.250 -999.250 -999.250 -999.250 -999.250 -999.250 -999.250 -999.250 -999.250 -999.250 -999.250 -999.250 -999.250 130.210 127.074 138.405 169.461 212.947 245.093 283.428 352.382 392.769 437.272 499.779 545.650 528.015 479.402 459.909 412.814 383.315 368.393 364.874 343.826 316.797 312.311 322.734 296.758 277.782 271.352 281.060 253.722 253.358 258.596 239.652 215.111 186.218 155.997 138.393 132.915 121.347 121.631 124.080 127.600 126.998 132.686 141.361 150.756 169.957
-999.250 -999.250 -999.250 -999.250 -999.250 -999.250 -999.250 -999.250 -999.250 -999.250 -999.250 -999.250 -999.250 -999.250 -999.250 -999.250 -999.250 -999.250 -999.250 127.827 122.153 134.213 147.468 177.041 233.929 282.749 352.648 392.899 443.689 479.767 537.496 504.980 495.887 476.969 423.072 395.822 377.916 357.251 339.330 332.831 330.149 313.004 282.077 291.582 268.463 285.087 269.664 278.961 288.451 260.677 222.040 189.577 175.304 145.412 137.959 127.604 125.072 131.255 128.556 135.606 143.112 152.066 158.483 175.016
-999.250 -999.250 -999.250 -999.250 -999.250 -999.250 -999.250 -999.250 -999.250 -999.250 -999.250 -999.250 -999.250 -999.250 -999.250 -999.250 -999.250 -999.250 -999.250 127.258 121.819 123.696 136.988 164.966 220.700 284.855 344.620 395.202 446.932 482.672 502.675 501.193 457.920 469.718 410.286 388.946 360.124 336.566 336.094 327.034 333.125 301.217 302.587 293.067 317.425 290.771 281.823 279.218 279.025 264.663 236.022 203.377 168.682 154.500 139.270 135.219 145.072 137.576 139.364 144.283 163.431 176.380 201.740 215.748
-999.250 -999.250 -999.250 -999.250 -999.250 -999.250 -999.250 -999.250 -999.250 -999.250 -999.250 -999.250 -999.250 -999.250 -999.250 -999.250 -999.250 -999.250 135.765 130.789 131.380 128.669 139.973 141.910 209.925 287.176 350.785 421.160 478.901 472.525 474.772 476.677 445.944 443.712 403.381 383.925 369.746 347.780 339.889 323.651 323.407 316.935 299.644 290.725 313.204 301.710 295.374 303.306 305.217 252.175 238.653 202.534 177.263 155.859 147.912 152.651 167.817 164.983 159.451 167.710 199.997 213.367 248.517 282.291
-999.250 -999.250 -999.250 -999.250 -999.250 -999.250 -999.250 -999.250 -999.250 -999.250 -999.250 -999.250 -999.250 -999.250 -999.250 -999.250 -999.250 147.857 145.847 141.838 141.721 148.565 151.314 190.811 222.068 297.198 356.601 393.447 437.171 459.557 476.710 459.776 449.679 426.068 393.384 387.127 371.681 343.589 339.277 325.455 323.491 319.445 311.503 307.712 275.838 269.253 284.925 297.976 304.714 267.955 238.695 209.807 193.608 156.116 157.369 162.931 180.008 197.058 196.654 187.116 232.617 268.334 326.416 381.600
