data/medianmodel_29-Nov-2020.asc
ncols	141
nrows	288
xllcorner	-120191.398
yllcorner	-301404.813
cellsize	2000.000
NODATA_value	-999.250
[rows 87 to 115 of 288, columns 0 to 63 of 141]
-999.250 -999.250 -999.250 -999.250 -999.250 -999.250 -999.250 -999.250 -999.250 -999.250 -999.250 -999.250 -999.250 -999.250 -999.250 -999.250 -999.250 -999.250 -999.250 -999.250 -999.250 -999.250 -999.250 -999.250 -999.250 -999.250 -999.250 -999.250 -999.250 -999.250 -999.250 -999.250 -999.250 551.217 573.184 596.947 572.346 566.613 587.932 689.163 659.552 674.124 757.911 755.041 740.559 712.569 731.584 721.793 719.463 686.372 645.674 595.673 526.699 519.353 450.672 437.922 424.250 406.198 344.367 349.383 350.917 339.980 311.629 312.483
-999.250 -999.250 -999.250 -999.250 -999.250 -999.250 -999.250 -999.250 -999.250 -999.250 -999.250 -999.250 -999.250 -999.250 -999.250 -999.250 -999.250 -999.250 -999.250 -999.250 -999.250 -999.250 -999.250 -999.250 -999.250 -999.250 -999.250 -999.250 -999.250 -999.250 -999.250 -999.250 517.064 501.420 511.115 522.352 512.910 580.166 582.406 607.185 673.886 672.071 758.784 755.333 731.156 769.742 783.913 728.282 744.906 655.171 631.853 637.200 532.607 489.553 454.071 431.791 409.913 393.662 366.192 365.050 354.005 346.373 328.220 328.573
-999.250 -999.250 -999.250 -999.250 -999.250 -999.250 -999.250 -999.250 -999.250 -999.250 -999.250 -999.250 -999.250 -999.250 -999.250 -999.250 -999.250 -999.250 -999.250 -999.250 -999.250 -999.250 -999.250 -999.250 -999.250 -999.250 -999.250 -999.250 -999.250 -999.250 -999.250 -999.250 519.779 515.096 504.972 493.759 482.101 512.767 553.374 586.403 664.960 711.710 716.728 722.098 742.371 756.111 789.526 743.788 727.526 712.901 644.190 601.813 558.030 526.004 470.222 455.672 402.121 378.944 367.382 357.950 348.790 336.145 299.965 309.798
-999.250 -999.250 -999.250 -999.250 -999.250 -999.250 -999.250 -999.250 -999.250 -999.250 -999.250 -999.250 -999.250 -999.250 -999.250 -999.250 -999.250 -999.250 -999.250 -999.250 -999.250 -999.250 -999.250 -999.250 -999.250 -999.250 -999.250 -999.250 -999.250 -999.250 -999.250 -999.250 508.460 498.909 485.304 483.008 426.561 490.634 509.119 571.879 610.996 703.822 721.472 708.547 695.680 767.143 731.432 726.133 708.053 654.490 635.096 630.245 563.734 513.915 480.202 450.968 420.260 406.234 379.216 349.354 330.276 305.563 273.172 299.175
-999.250 -999.250 -999.250 -999.250 -999.250 -999.250 -999.250 -999.250 -999.250 -999.250 -999.250 -999.250 -999.250 -999.250 -999.250 -999.250 -999.250 -999.250 -999.250 -999.250 -999.250 -999.250 -999.250 -999.250 -999.250 -999.250 -999.250 -999.250 -999.250 -999.250 -999.250 -999.250 513.049 507.356 489.803 481.898 459.442 492.512 519.355 579.847 610.659 675.712 706.484 715.729 742.075 727.303 764.275 708.817 718.313 662.651 610.329 592.926 542.131 498.119 491.552 453.459 424.981 387.469 362.066 337.677 322.379 311.651 285.275 297.678
-999.250 -999.250 -999.250 -999.250 -999.250 -999.250 -999.250 -999.250 -999.250 -999.250 -999.250 -999.250 -999.250 -999.250 -999.250 -999.250 -999.250 -999.250 -999.250 -999.250 -999.250 -999.250 -999.250 -999.250 -999.250 -999.250 -999.250 -999.250 -999.250 -999.250 -999.250 519.367 507.576 489.591 491.156 463.615 484.802 501.367 521.379 577.942 558.654 666.981 647.524 698.204 756.178 714.589 709.404 696.328 697.033 653.212 606.124 572.540 511.129 472.271 474.042 444.355 420.900 379.004 357.477 324.805 314.137 309.673 301.851 308.859
-999.250 -999.250 -999.250 -999.250 -999.250 -999.250 -999.250 -999.250 -999.250 -999.250 -999.250 -999.250 -999.250 -999.250 -999.250 -999.250 -999.250 -999.250 -999.250 -999.250 -999.250 -999.250 -999.250 -999.250 -999.250 -999.250 -999.250 -999.250 -999.250 -999.250 -999.250 490.448 490.896 479.742 477.090 480.109 507.588 531.521 521.519 534.600 566.111 613.621 629.673 658.783 701.608 705.574 704.380 652.790 645.877 650.918 633.007 582.843 545.361 519.094 498.857 443.067 406.863 349.426 330.118 311.144 285.200 287.585 270.522 326.060
-999.250 -999.250 -999.250 -999.250 -999.250 -999.250 -999.250 -999.250 -999.250 -999.250 -999.250 -999.250 -999.250 -999.250 -999.250 -999.250 -999.250 -999.250 -999.250 -999.250 -999.250 -999.250 -999.250 -999.250 -999.250 -999.250 -999.250 -999.250 -999.250 -999.250 -999.250 499.164 493.099 493.149 487.810 500.822 512.762 518.947 553.246 567.222 577.059 600.380 598.567 643.616 658.313 666.416 661.147 660.931 608.279 644.483 584.130 545.359 536.141 499.740 484.335 453.100 418.568 349.769 314.241 292.889 264.560 266.202 287.640 314.307
-999.250 -999.250 -999.250 -999.250 -999.250 -999.250 -999.250 -999.250 -999.250 -999.250 -999.250 -999.250 -999.250 -999.250 -999.250 -999.250 -999.250 -999.250 -999.250 -999.250 -999.250 -999.250 -999.250 -999.250 -999.250 -999.250 -999.250 -999.250 -999.250 -999.250 -999.250 481.827 489.691 503.629 498.648 507.226 513.310 515.225 548.068 586.332 586.335 568.678 594.089 611.869 615.103 610.631 591.427 590.212 603.841 602.865 583.073 539.163 517.727 499.437 469.846 453.475 413.924 347.796 270.206 249.685 253.723 264.607 271.672 303.462
-999.250 -999.250 -999.250 -999.250 -999.250 -999.250 -999.250 -999.250 -999.250 -999.250 -999.250 -999.250 -999.250 -999.250 -999.250 -999.250 -999.250 -999.250 -999.250 -999.250 -999.250 -999.250 -999.250 -999.250 -999.250 -999.250 -999.250 -999.250 -999.250 -999.250 491.844 479.380 512.118 515.848 507.757 515.759 543.413 519.700 554.093 589.544 583.825 582.494 569.953 580.923 547.444 515.464 526.328 527.519 551.792 551.452 561.464 562.287 511.094 509.855 471.507 441.988 408.524 346.831 270.143 210.486 243.104 259.146 265.037 254.262
-999.250 -999.250 -999.250 -999.250 -999.250 -999.250 -999.250 -999.250 -999.250 -999.250 -999.250 -999.250 -999.250 -999.250 -999.250 -999.250 -999.250 -999.250 -999.250 -999.250 -999.250 -999.250 -999.250 -999.250 -999.250 -999.250 -999.250 -999.250 -999.250 -999.250 497.376 524.098 522.757 505.687 530.934 522.170 536.409 532.980 555.446 551.328 529.525 572.215 556.247 576.332 502.691 478.988 416.792 484.383 500.633 540.229 569.282 529.557 531.250 503.881 495.865 462.560 417.822 361.678 291.317 258.426 250.799 263.374 261.725 240.512
-999.250 -999.250 -999.250 -999.250 -999.250 -999.250 -999.250 -999.250 -999.250 -999.250 -999.250 -999.250 -999.250 -999.250 -999.250 -999.250 -999.250 -999.250 -999.250 -999.250 -999.250 -999.250 -999.250 -999.250 -999.250 -999.250 -999.250 -999.250 -999.250 -999.250 526.757 548.461 545.333 531.729 528.678 539.741 526.633 516.346 526.411 553.101 539.754 554.614 532.102 523.933 498.633 467.242 460.641 474.887 516.593 543.760 546.392 546.616 538.223 522.092 508.734 489.805 439.324 374.872 334.826 296.209 279.277 261.366 256.852 229.036
-999.250 -999.250 -999.250 -999.250 -999.250 -999.250 -999.250 -999.250 -999.250 -999.250 -999.250 -999.250 -999.250 -999.250 -999.250 -999.250 -999.250 -999.250 -999.250 -999.250 -999.250 -999.250 -999.250 -999.250 -999.250 -999.250 -999.250 -999.250 -999.250 -999.250 580.816 568.373 514.890 552.335 546.006 551.997 557.181 552.557 516.871 545.847 545.543 534.131 525.698 510.824 493.367 493.941 496.661 482.654 504.002 549.439 536.988 536.084 551.787 582.834 542.136 507.913 467.461 423.246 356.910 340.199 320.963 299.112 265.416 255.189
-999.250 -999.250 -999.250 -999.250 -999.250 -999.250 -999.250 -999.250 -999.250 -999.250 -999.250 -999.250 -999.250 -999.250 -999.250 -999.250 -999.250 -999.250 -999.250 -999.250 -999.250 -999.250 -999.250 -999.250 -999.250 -999.250 -999.250 -999.250 -999.250 575.965 587.892 611.573 600.741 587.505 557.048 563.013 556.965 557.490 560.215 552.502 547.474 522.283 518.628 516.146 528.584 495.714 488.558 503.316 512.879 558.569 580.553 603.374 603.283 601.010 562.597 528.404 511.299 468.103 438.083 379.776 341.724 337.286 300.843 278.624
-999.250 -999.250 -999.250 -999.250 -999.250 -999.250 -999.250 -999.250 -999.250 -999.250 -999.250 -999.250 -999.250 -999.250 -999.250 -999.250 -999.250 -999.250 -999.250 -999.250 -999.250 -999.250 -999.250 -999.250 -999.250 -999.250 -999.250 -999.250 -999.250 596.033 601.575 597.789 552.550 577.303 545.908 540.196 586.786 546.565 514.833 536.675 525.531 511.250 514.291 506.522 499.207 491.093 518.287 536.807 543.070 586.262 611.250 635.922 659.461 662.803 637.844 599.392 530.748 501.955 441.773 398.164 377.580 369.789 333.281 315.042
-999.250 -999.250 -999.250 -999.250 -999.250 -999.250 -999.250 -999.250 -999.250 -999.250 -999.250 -999.250 -999.250 -999.250 -999.250 -999.250 -999.250 -999.250 -999.250 -999.250 -999.250 -999.250 -999.250 -999.250 -999.250 -999.250 -999.250 -999.250 -999.250 635.343 635.256 585.445 606.531 551.840 553.412 547.045 538.966 557.885 512.987 498.337 488.472 484.658 479.742 487.252 516.695 490.239 534.736 528.639 565.973 610.762 650.961 680.315 678.677 730.247 675.787 610.413 555.490 511.904 477.317 448.147 423.279 380.118 363.675 357.882
-999.250 -999.250 -999.250 -999.250 -999.250 -999.250 -999.250 -999.250 -999.250 -999.250 -999.250 -999.250 -999.250 -999.250 -999.250 -999.250 -999.250 -999.250 -999.250 -999.250 -999.250 -999.250 -999.250 -999.250 -999.250 -999.250 -999.250 -999.250 -999.250 688.581 654.728 561.996 538.380 552.995 565.958 573.390 567.982 535.978 509.794 506.278 482.305 482.855 497.165 475.774 507.402 496.184 501.809 543.126 581.911 639.561 654.359 683.539 669.688 674.605 637.310 599.835 549.852 515.125 474.288 433.744 438.270 415.197 379.694 360.412
-999.250 -999.250 -999.250 -999.250 -999.250 -999.250 -999.250 -999.250 -999.250 -999.250 -999.250 -999.250 -999.250 -999.250 -999.250 -999.250 -999.250 -999.250 -999.250 -999.250 -999.250 -999.250 -999.250 -999.250 -999.250 -999.250 -999.250 -999.250 675.064 716.524 674.628 663.268 602.897 582.534 560.469 528.348 556.243 537.701 509.158 491.414 489.776 472.500 480.225 462.663 494.765 506.023 491.929 546.801 580.083 621.726 696.467 732.081 678.093 676.952 595.510 536.836 524.880 494.176 492.799 449.186 439.085 416.207 416.817 429.053
-999.250 -999.250 -999.250 -999.250 -999.250 -999.250 -999.250 -999.250 -999.250 -999.250 -999.250 -999.250 -999.250 -999.250 -999.250 -999.250 -999.250 -999.250 -999.250 -999.250 -999.250 -999.250 -999.250 -999.250 -999.250 -999.250 -999.250 -999.250 692.427 705.530 693.214 700.130 638.539 622.733 587.721 565.103 529.798 530.023 502.091 501.913 496.168 487.110 480.055 488.055 492.388 515.635 487.456 533.361 576.735 596.192 689.457 670.651 656.084 620.335 538.146 521.706 517.068 475.801 459.724 447.425 451.743 437.904 437.730 438.022
-999.250 -999.250 -999.250 -999.250 -999.250 -999.250 -999.250 -999.250 -999.250 -999.250 -999.250 -999.250 -999.250 -999.250 -999.250 -999.250 -999.250 -999.250 -999.250 -999.250 -999.250 -999.250 -999.250 -999.250 -999.250 -999.250 -999.250 712.256 700.972 723.204 734.782 696.799 659.749 645.656 641.851 569.746 538.840 501.765 459.880 471.529 492.708 493.136 499.497 503.394 499.955 534.340 527.822 558.544 564.274 646.465 633.602 606.893 584.893 530.801 520.209 504.747 510.988 476.604 461.331 443.807 437.774 438.315 447.326 464.360
-999.250 -999.250 -999.250 -999.250 -999.250 -999.250 -999.250 -999.250 -999.250 -999.250 -999.250 -999.250 -999.250 -999.250 -999.250 -999.250 -999.250 -999.250 -999.250 -999.250 -999.250 -999.250 -999.250 -999.250 -999.250 -999.250 -999.250 743.892 772.554 780.326 756.022 747.952 656.928 656.816 631.716 591.750 576.187 511.112 499.441 515.488 507.777 489.122 494.038 514.281 557.139 563.580 570.844 615.881 627.585 656.591 660.822 642.774 606.960 559.757 461.162 478.602 478.855 457.427 439.561 422.020 418.138 400.486 452.647 463.047
-999.250 -999.250 -999.250 -999.250 -999.250 -999.250 -999.250 -999.250 -999.250 -999.250 -999.250 -999.250 -999.250 -999.250 -999.250 -999.250 -999.250 -999.250 -999.250 -999.250 -999.250 -999.250 -999.250 -999.250 -999.250 -999.250 -999.250 737.003 789.975 812.308 762.085 784.154 737.780 689.119 613.128 625.932 565.310 531.054 544.094 524.255 534.148 515.086 517.633 514.507 537.422 612.128 605.414 660.435 698.395 693.969 672.658 657.092 627.038 559.619 501.598 470.873 454.881 431.756 383.602 382.022 376.712 389.468 427.977 452.051
-999.250 -999.250 -999.250 -999.250 -999.250 -999.250 -999.250 -999.250 -999.250 -999.250 -999.250 -999.250 -999.250 -999.250 -999.250 -999.250 -999.250 -999.250 -999.250 -999.250 -999.250 -999.250 -999.250 -999.250 -999.250 -999.250 -999.250 798.748 787.864 739.134 806.850 792.744 750.208 737.625 676.106 629.704 578.981 555.802 530.726 534.145 497.773 523.967 507.960 520.926 552.853 619.966 626.051 677.140 707.268 740.872 777.941 757.116 719.206 591.245 534.539 505.628 464.753 411.206 373.430 341.816 332.514 341.670 403.678 414.986
-999.250 -999.250 -999.250 -999.250 -999.250 -999.250 -999.250 -999.250 -999.250 -999.250 -999.250 -999.250 -999.250 -999.250 -999.250 -999.250 -999.250 -999.250 -999.250 -999.250 -999.250 -999.250 -999.250 -999.250 -999.250 -999.250 -999.250 -999.250 742.262 811.404 822.461 763.487 771.099 726.992 671.697 608.835 594.049 545.727 533.865 510.358 516.731 511.703 536.490 536.994 598.397 617.283 644.293 745.369 763.347 732.986 852.706 857.671 762.893 690.473 595.692 508.177 459.446 389.215 348.002 288.660 254.887 269.948 340.386 387.959
-999.250 -999.250 -999.250 -999.250 -999.250 -999.250 -999.250 -999.250 -999.250 -999.250 -999.250 -999.250 -999.250 -999.250 -999.250 -999.250 -999.250 -999.250 -999.250 -999.250 -999.250 -999.250 -999.250 -999.250 -999.250 -999.250 -999.250 -999.250 758.414 812.783 805.262 758.784 746.957 755.775 659.261 640.146 630.118 560.043 557.572 554.055 505.846 520.623 539.442 554.833 582.943 601.689 632.064 708.744 753.856 855.652 885.349 931.428 886.449 744.139 623.024 505.042 447.557 360.728 318.013 227.900 157.687 245.745 306.314 373.520
-999.250 -999.250 -999.250 -999.250 -999.250 -999.250 -999.250 -999.250 -999.250 -999.250 -999.250 -999.250 -999.250 -999.250 -999.250 -999.250 -999.250 -999.250 -999.250 -999.250 -999.250 -999.250 -999.250 -999.250 -999.250 -999.250 -999.250 -999.250 758.361 781.845 745.319 754.294 769.164 686.683 681.978 634.148 640.877 589.487 584.624 530.660 548.831 532.256 527.921 507.528 532.345 581.109 585.526 709.394 765.207 838.029 966.029 944.881 872.613 764.463 654.211 524.537 448.966 347.028 292.363 232.940 215.969 242.059 280.754 363.923
-999.250 -999.250 -999.250 -999.250 -999.250 -999.250 -999.250 -999.250 -999.250 -999.250 -999.250 -999.250 -999.250 -999.250 -999.250 -999.250 -999.250 -999.250 -999.250 -999.250 -999.250 -999.250 -999.250 -999.250 -999.250 -999.250 -999.250 -999.250 745.012 711.982 765.541 758.960 772.534 717.721 661.833 667.900 641.524 630.463 573.068 540.725 530.795 521.302 517.706 489.280 539.860 513.168 576.601 679.084 778.259 861.270 1012.623 1093.799 922.379 774.725 644.612 528.295 426.054 349.556 270.743 238.737 233.511 255.324 306.042 355.108
-999.250 -999.250 -999.250 -999.250 -999.250 -999.250 -999.250 -999.250 -999.250 -999.250 -999.250 -999.250 -999.250 -999.250 -999.250 -999.250 -999.250 -999.250 -999.250 -999.250 -999.250 -999.250 -999.250 -999.250 -999.250 -999.250 -999.250 -999.250 742.532 762.290 777.012 749.549 740.147 681.721 626.142 672.865 619.722 587.378 602.122 556.817 572.196 556.821 518.746 518.629 532.745 542.770 578.093 675.003 734.281 844.699 828.034 910.647 843.311 693.322 608.714 498.564 394.739 316.435 258.419 245.921 242.764 254.306 305.466 353.037
-999.250 -999.250 -999.250 -999.250 -999.250 -999.250 -999.250 -999.250 -999.250 -999.250 -999.250 -999.250 -999.250 -999.250 -999.250 -999.250 -999.250 -999.250 -999.250 -999.250 -999.250 -999.250 -999.250 -999.250 -999.250 -999.250 -999.250 719.655 765.260 732.453 743.602 734.823 729.340 661.265 607.084 636.727 575.243 600.113 555.706 549.065 560.123 505.319 534.528 535.636 533.243 516.654 548.376 591.134 662.475 684.491 750.442 790.673 754.613 648.799 546.165 428.578 331.929 245.656 199.719 199.247 221.674 250.640 324.151 340.956
