data/medianmodel_17-Jul-2020.asc
ncols	141
nrows	288
xllcorner	-120191.398
yllcorner	-301404.813
cellsize	2000.000
NODATA_value	-999.250
[rows 31 to 61 of 288, columns 70 to 139 of 141]
0.000 0.000 0.000 0.000 0.000 0.000 0.000 0.009 1.948 2.182 3.540 3.986 4.626 4.999 4.239 2.835 1.960 1.547 0.000 0.000 0.000 0.000 0.000 0.000 0.000 0.000 0.000 1.088 3.460 5.844 8.108 10.220 16.784 27.547 30.987 34.252 38.135 50.446 64.280 70.248 74.088 52.805 44.053 40.877 40.318 34.958 25.416 19.070 15.948 15.121 17.595 11.182 15.621 23.502 35.859 53.477 72.512 89.462 124.743 149.988 162.564 230.229 309.742 310.083 394.174 338.024 367.987 373.173 335.698 333.273
0.000 0.000 0.000 0.000 0.000 0.000 0.018 1.354 3.553 4.273 4.972 5.763 6.789 4.916 4.025 4.377 2.342 2.514 0.000 0.000 0.000 0.000 0.000 0.000 0.000 0.000 0.000 1.084 3.825 6.432 8.882 13.182 15.088 21.735 28.090 31.147 42.148 62.772 63.506 71.688 64.487 64.207 50.464 57.101 41.409 37.394 31.302 23.647 22.754 20.879 19.099 16.685 22.407 29.615 44.025 74.744 92.727 117.252 130.892 156.133 187.902 268.677 311.286 372.373 406.916 392.272 378.012 316.113 338.149 348.439
0.000 0.000 0.000 0.000 0.000 0.000 0.809 1.407 2.974 4.731 6.694 7.306 7.970 7.152 6.166 4.543 3.592 0.000 0.000 0.000 0.000 0.000 0.000 0.000 0.000 0.000 0.000 0.601 3.378 5.716 7.920 10.566 14.223 20.699 24.867 37.583 52.789 69.054 75.778 72.984 74.716 59.566 50.802 49.870 43.752 38.442 38.310 30.179 25.880 21.541 23.007 19.663 26.967 35.272 65.180 91.053 111.695 130.130 146.690 187.324 244.577 284.077 371.373 404.552 436.512 434.021 393.332 365.481 343.871 -999.250
0.000 0.000 0.000 0.000 0.000 0.000 2.117 1.799 4.388 6.985 8.956 11.413 9.605 8.894 6.461 5.241 2.706 0.258 0.000 0.000 0.000 0.000 0.000 0.000 0.000 0.000 0.000 0.000 2.327 5.822 7.284 10.133 14.550 17.066 26.842 38.818 51.998 72.137 69.346 71.924 61.343 48.886 58.811 38.827 46.984 38.648 41.876 31.012 25.600 26.769 21.297 27.154 37.468 47.306 76.602 93.835 114.209 121.664 154.239 201.110 287.035 352.396 412.734 465.346 488.852 492.848 474.551 409.996 -999.250 -999.250
0.000 0.000 0.000 0.000 0.000 0.000 1.200 3.208 4.959 8.785 10.356 16.721 11.555 8.169 8.398 4.422 3.807 0.679 0.000 0.000 0.000 0.000 0.000 0.000 0.000 0.000 0.000 0.000 1.582 4.122 5.747 9.224 13.517 16.426 21.807 30.074 36.764 48.367 49.171 55.461 49.879 41.383 36.666 38.391 38.298 35.920 30.359 36.664 30.889 26.626 33.164 24.887 48.452 65.738 78.508 104.037 124.897 150.191 201.990 251.466 292.597 360.352 437.369 498.923 527.086 476.066 454.259 -999.250 -999.250 -999.250
0.000 0.000 0.000 0.000 0.000 0.000 1.889 3.481 7.270 7.498 9.574 11.654 8.972 9.052 7.214 4.469 3.913 1.877 0.000 0.000 0.000 0.000 0.000 0.000 0.000 0.000 0.000 0.000 1.158 4.597 5.890 7.276 8.676 15.384 19.864 24.601 30.339 38.015 37.427 40.449 39.361 33.782 36.807 41.218 38.392 41.574 45.371 34.660 26.087 23.724 33.945 34.248 41.398 72.287 87.175 108.581 145.630 145.027 188.024 231.838 314.951 359.829 405.272 435.220 490.397 449.732 427.182 -999.250 -999.250 -999.250
0.000 0.000 0.000 0.000 0.000 0.000 2.069 4.288 5.871 7.344 7.092 8.198 6.651 6.123 6.095 4.248 1.386 0.000 0.000 0.000 0.000 0.000 0.000 0.000 0.000 0.000 0.000 0.000 0.000 0.436 4.031 6.413 7.829 9.297 13.196 16.563 23.454 25.618 27.622 30.425 30.479 30.728 29.965 31.010 34.914 34.144 31.859 35.586 33.267 36.935 40.883 43.108 55.511 76.652 90.251 107.017 137.128 150.818 197.485 231.726 320.437 368.507 377.185 396.201 407.218 395.665 -999.250 -999.250 -999.250 -999.250
0.000 0.000 0.000 0.000 0.000 0.000 0.004 2.326 5.295 6.115 5.823 5.467 4.363 5.838 4.740 3.136 1.724 0.000 0.000 0.000 0.000 0.000 0.000 0.000 0.000 0.000 0.000 0.000 0.000 0.000 0.612 3.256 5.256 6.248 8.028 11.500 14.567 17.699 21.341 18.127 25.354 24.680 28.574 24.768 26.341 24.600 28.689 25.411 28.552 32.784 38.813 40.558 50.931 71.920 96.305 114.522 131.793 146.129 174.985 221.073 308.044 324.461 377.055 380.122 400.974 384.565 -999.250 -999.250 -999.250 -999.250
0.000 0.000 0.000 0.000 0.000 0.000 0.000 2.102 3.328 4.471 3.335 3.463 3.402 2.965 1.853 2.692 0.001 0.000 0.000 0.000 0.000 0.000 0.000 0.000 0.000 0.000 0.000 0.000 0.000 0.000 0.000 0.052 3.545 5.679 7.915 7.391 8.828 11.362 12.582 16.560 15.459 20.280 22.315 21.870 21.576 26.002 22.933 23.317 28.900 30.281 34.165 35.821 43.242 75.780 91.821 115.142 129.464 149.892 167.219 219.405 254.602 291.004 345.747 367.860 335.008 370.503 -999.250 -999.250 -999.250 -999.250
0.000 0.000 0.000 0.000 0.000 0.000 0.000 0.000 1.327 2.237 2.864 1.354 0.124 0.320 0.000 0.000 0.000 0.000 0.000 0.000 0.000 0.000 0.000 0.000 0.000 0.000 0.000 0.000 0.000 0.000 0.000 0.000 0.039 2.408 4.254 4.868 6.914 7.572 8.611 9.689 11.760 11.595 15.209 16.231 17.627 26.494 21.307 24.891 22.704 26.881 31.193 33.529 54.108 72.829 90.693 99.765 135.008 140.846 157.467 220.136 233.071 275.574 350.801 319.116 303.830 -999.250 -999.250 -999.250 -999.250 -999.250
0.000 0.000 0.000 0.000 0.000 0.000 0.000 0.000 0.000 0.000 0.100 0.853 0.000 0.000 0.000 0.000 0.000 0.000 0.000 0.000 0.000 0.000 0.000 0.000 0.000 0.000 0.000 0.000 0.000 0.000 0.000 0.000 0.000 0.000 0.097 0.100 0.765 3.258 4.603 5.022 6.770 8.144 11.185 13.338 13.542 18.017 16.754 15.483 17.479 25.774 27.681 37.156 34.360 70.929 83.050 90.935 112.745 129.602 150.376 155.846 193.753 220.033 266.633 246.364 256.076 276.874 -999.250 -999.250 -999.250 -999.250
0.000 0.000 0.000 0.000 0.000 0.000 0.000 0.000 0.000 0.000 0.000 0.000 0.000 0.000 0.000 0.000 0.000 0.000 0.000 0.000 0.000 0.000 0.000 0.000 0.000 0.000 0.000 0.000 0.000 0.000 0.000 0.000 0.000 0.000 0.000 0.000 0.000 0.000 0.541 0.991 5.048 5.831 7.151 9.855 12.419 14.651 15.463 15.589 18.563 22.138 26.455 32.015 36.064 65.693 76.368 83.686 98.785 118.138 150.595 147.500 154.661 175.744 -999.250 -999.250 -999.250 -999.250 -999.250 -999.250 -999.250 -999.250
0.000 0.000 0.000 0.000 0.000 0.000 0.000 0.000 0.000 0.000 0.000 0.000 0.000 0.000 0.000 0.000 0.000 0.000 0.000 0.000 0.000 0.000 0.000 0.000 0.000 0.000 0.000 0.000 0.000 0.000 0.000 0.000 0.000 0.000 0.000 0.000 0.000 0.000 0.000 0.000 1.501 4.908 8.024 9.358 9.644 10.246 13.196 14.504 17.037 20.904 28.579 34.610 46.622 51.136 69.393 76.050 91.367 121.390 140.210 138.755 152.862 145.073 157.966 -999.250 -999.250 -999.250 -999.250 -999.250 -999.250 -999.250
0.000 0.000 0.000 0.000 0.000 0.000 0.000 0.000 0.000 0.000 0.000 0.000 0.000 0.000 0.000 0.000 0.000 0.000 0.000 0.000 0.000 0.000 0.000 0.000 0.000 0.000 0.000 0.000 0.000 0.000 0.000 0.000 0.000 0.000 0.000 0.000 0.000 0.000 0.000 0.000 0.000 4.310 6.657 6.377 9.517 11.461 13.723 10.288 14.390 19.684 27.222 34.068 34.266 46.845 55.796 70.092 77.270 108.565 121.069 132.446 148.144 -999.250 -999.250 -999.250 -999.250 -999.250 -999.250 -999.250 -999.250 -999.250
0.000 0.000 0.000 0.000 0.000 0.000 0.000 0.000 0.000 0.000 0.000 0.000 0.000 0.000 0.000 0.000 0.000 0.000 0.000 0.000 0.000 0.000 0.000 1.091 2.417 0.778 0.642 0.000 0.000 0.000 0.000 0.000 0.000 0.000 0.000 0.000 0.000 0.000 0.000 0.000 0.000 2.329 5.188 8.001 8.466 11.310 10.309 13.024 15.999 24.689 35.748 30.148 33.439 47.187 53.044 66.053 81.015 95.516 99.070 122.177 128.245 -999.250 -999.250 -999.250 -999.250 -999.250 -999.250 -999.250 -999.250 -999.250
0.000 0.000 0.000 0.000 0.000 0.000 0.000 0.000 0.000 0.000 0.000 0.000 0.000 0.000 0.000 0.000 0.000 0.000 0.000 0.000 0.000 0.107 2.015 3.808 4.070 5.060 4.318 3.176 1.091 0.000 0.000 0.000 0.000 0.000 0.000 0.000 0.000 0.000 0.000 0.000 0.000 0.835 3.401 6.374 8.889 7.855 10.802 11.130 18.640 25.874 27.041 31.328 31.514 42.359 56.575 57.283 59.321 74.604 84.424 118.757 -999.250 -999.250 -999.250 -999.250 -999.250 -999.250 -999.250 -999.250 -999.250 -999.250
0.000 0.000 0.000 0.000 0.000 0.000 0.000 0.000 0.000 0.000 0.000 0.000 0.000 0.000 0.000 0.000 0.000 0.000 0.000 0.000 0.271 3.234 3.168 4.675 6.643 7.600 6.887 5.688 2.776 0.443 0.000 0.000 0.000 0.000 0.000 0.000 0.000 0.000 0.000 0.000 0.000 1.886 2.479 4.894 6.587 8.091 9.017 12.204 16.188 20.480 23.287 28.829 29.502 34.981 44.000 54.726 60.728 64.152 -999.250 -999.250 -999.250 -999.250 -999.250 -999.250 -999.250 -999.250 -999.250 -999.250 -999.250 -999.250
0.000 0.000 0.000 0.000 0.000 0.000 0.000 0.000 0.000 0.000 0.000 0.000 0.000 0.000 0.000 0.000 0.000 0.000 0.000 0.000 0.772 3.859 4.337 7.460 8.880 10.080 10.232 6.161 5.441 4.175 1.550 0.185 1.057 0.000 0.081 0.000 0.000 1.792 1.771 1.259 2.589 1.632 3.252 1.936 5.681 8.573 10.748 13.097 13.408 17.185 18.826 27.032 31.431 33.954 35.705 50.672 54.911 54.715 -999.250 -999.250 -999.250 -999.250 -999.250 -999.250 -999.250 -999.250 -999.250 -999.250 -999.250 -999.250
0.000 0.000 0.000 0.000 0.000 0.000 0.000 0.000 0.000 0.000 0.000 0.000 0.000 0.000 0.000 0.000 0.000 0.000 0.000 0.000 1.496 4.065 6.141 8.031 11.856 17.649 9.921 7.975 7.188 6.272 3.450 2.838 3.501 4.923 2.688 3.320 2.699 4.510 3.583 2.948 4.738 4.174 4.915 4.817 6.372 8.564 8.428 11.304 12.813 13.973 20.137 23.648 29.845 -999.250 38.901 42.508 -999.250 -999.250 -999.250 -999.250 -999.250 -999.250 -999.250 -999.250 -999.250 -999.250 -999.250 -999.250 -999.250 -999.250
0.000 0.000 0.000 0.000 0.000 0.000 0.000 0.000 0.000 0.000 0.000 0.000 0.000 0.000 0.000 0.000 0.000 0.000 0.000 0.000 1.443 5.275 7.245 8.801 11.342 11.730 9.805 9.546 7.603 7.123 6.261 6.772 7.055 7.951 6.355 6.543 6.017 5.735 4.598 4.957 5.241 4.550 5.643 4.326 5.816 7.657 8.557 10.193 10.808 15.617 19.599 -999.250 -999.250 -999.250 -999.250 -999.250 -999.250 -999.250 -999.250 -999.250 -999.250 -999.250 -999.250 -999.250 -999.250 -999.250 -999.250 -999.250 -999.250 -999.250
0.000 0.000 0.000 0.000 0.000 0.000 0.000 1.047 0.138 0.277 0.000 0.000 0.000 0.000 0.000 0.000 0.000 0.000 0.000 0.123 3.000 4.394 6.719 7.557 9.815 8.814 10.079 8.617 7.653 7.556 7.860 6.680 10.185 10.521 11.346 10.812 9.171 8.643 7.165 7.307 6.473 5.773 5.877 6.586 5.446 5.945 6.692 8.792 10.303 14.489 -999.250 -999.250 -999.250 -999.250 -999.250 -999.250 -999.250 -999.250 -999.250 -999.250 -999.250 -999.250 -999.250 -999.250 -999.250 -999.250 -999.250 -999.250 -999.250 -999.250
0.000 0.000 0.000 0.000 0.000 1.957 3.705 5.177 2.421 2.079 0.120 0.000 0.000 0.000 0.000 0.000 0.000 0.000 0.000 0.000 0.995 3.361 6.488 7.079 7.718 8.548 8.794 8.559 7.952 8.092 8.103 9.190 10.703 14.363 17.480 15.837 12.501 10.084 7.713 6.552 7.412 6.522 6.956 4.370 5.615 6.295 6.163 6.859 9.171 9.841 -999.250 -999.250 -999.250 -999.250 -999.250 -999.250 -999.250 -999.250 -999.250 -999.250 -999.250 -999.250 -999.250 -999.250 -999.250 -999.250 -999.250 -999.250 -999.250 -999.250
0.000 0.000 0.405 6.159 12.680 8.136 7.162 7.129 6.104 4.450 3.433 1.002 0.000 0.000 0.000 0.000 0.000 0.000 0.000 0.000 0.259 1.187 3.388 5.254 6.451 6.428 6.471 6.917 7.793 8.383 9.167 9.992 12.713 16.851 25.991 18.160 12.848 12.043 8.190 7.659 6.609 7.501 5.186 4.628 4.733 4.446 3.550 5.107 7.331 -999.250 -999.250 -999.250 -999.250 -999.250 -999.250 -999.250 -999.250 -999.250 -999.250 -999.250 -999.250 -999.250 -999.250 -999.250 -999.250 -999.250 -999.250 -999.250 -999.250 -999.250
0.000 0.000 2.859 7.184 10.039 9.863 8.749 8.610 7.977 7.116 5.533 1.554 0.000 0.000 0.000 0.000 0.000 0.000 0.000 0.000 0.000 0.161 1.561 4.563 3.295 4.424 5.220 4.849 6.464 6.765 7.881 8.595 11.374 13.401 16.736 15.342 12.853 10.799 9.594 6.966 6.360 5.139 4.723 3.227 2.422 2.156 2.556 4.384 -999.250 -999.250 -999.250 -999.250 -999.250 -999.250 -999.250 -999.250 -999.250 -999.250 -999.250 -999.250 -999.250 -999.250 -999.250 -999.250 -999.250 -999.250 -999.250 -999.250 -999.250 -999.250
0.000 0.000 1.539 5.747 7.068 10.488 10.274 9.590 8.746 9.396 6.667 4.855 0.028 0.000 0.000 0.000 0.000 0.000 0.000 0.000 0.000 0.000 0.000 0.444 0.689 2.996 2.267 4.209 4.122 4.499 4.709 6.793 8.332 11.268 11.411 11.212 10.124 8.722 7.505 5.831 5.095 4.123 2.566 2.248 1.941 0.156 0.735 0.892 -999.250 -999.250 -999.250 -999.250 -999.250 -999.250 -999.250 -999.250 -999.250 -999.250 -999.250 -999.250 -999.250 -999.250 -999.250 -999.250 -999.250 -999.250 -999.250 -999.250 -999.250 -999.250
0.000 0.928 3.826 6.311 8.477 8.446 11.507 12.313 11.559 12.463 9.039 5.338 1.162 0.000 0.000 0.000 0.000 0.000 0.000 0.000 0.000 0.000 0.000 0.000 0.000 0.000 0.674 2.174 0.995 1.574 0.706 2.771 4.156 6.270 6.094 7.272 6.730 6.025 5.593 5.386 2.561 1.893 1.556 0.000 0.000 0.000 0.000 -999.250 -999.250 -999.250 -999.250 -999.250 -999.250 -999.250 -999.250 -999.250 -999.250 -999.250 -999.250 -999.250 -999.250 -999.250 -999.250 -999.250 -999.250 -999.250 -999.250 -999.250 -999.250 -999.250
0.000 0.000 3.511 8.034 7.552 7.786 9.153 11.952 13.238 17.334 10.525 5.631 2.208 0.000 0.000 0.000 0.000 0.000 0.000 0.000 0.000 0.000 0.000 0.000 0.000 0.000 0.000 0.000 0.000 0.000 0.000 0.000 0.000 2.087 4.089 3.805 4.584 4.212 3.876 3.094 0.877 0.087 0.000 0.000 0.000 0.000 0.000 -999.250 -999.250 -999.250 -999.250 -999.250 -999.250 -999.250 -999.250 -999.250 -999.250 -999.250 -999.250 -999.250 -999.250 -999.250 -999.250 -999.250 -999.250 -999.250 -999.250 -999.250 -999.250 -999.250
0.000 0.000 1.262 4.603 5.068 6.122 8.961 10.102 11.723 12.035 9.408 5.314 2.345 0.000 0.000 0.000 0.000 0.000 0.000 0.000 0.000 0.000 0.000 0.000 0.000 0.000 0.000 0.000 0.000 0.000 0.000 0.000 0.000 1.173 2.565 3.664 3.269 3.143 1.125 0.011 0.000 0.000 0.000 0.000 0.000 0.000 0.000 -999.250 -999.250 -999.250 -999.250 -999.250 -999.250 -999.250 -999.250 -999.250 -999.250 -999.250 -999.250 -999.250 -999.250 -999.250 -999.250 -999.250 -999.250 -999.250 -999.250 -999.250 -999.250 -999.250
0.000 0.000 0.175 2.310 3.437 5.016 7.189 8.498 9.927 8.693 8.160 4.129 3.911 0.839 0.000 0.000 0.000 0.000 0.000 0.000 0.000 0.000 0.000 0.000 0.000 0.000 0.000 0.000 0.000 0.000 0.000 0.000 0.000 0.000 0.000 0.360 0.000 0.000 0.000 0.000 0.000 0.000 0.000 0.000 0.000 0.000 -999.250 -999.250 -999.250 -999.250 -999.250 -999.250 -999.250 -999.250 -999.250 -999.250 -999.250 -999.250 -999.250 -999.250 -999.250 -999.250 -999.250 -999.250 -999.250 -999.250 -999.250 -999.250 -999.250 -999.250
0.000 0.000 0.000 0.000 2.257 2.874 5.326 6.772 7.383 8.326 6.899 5.710 4.328 1.151 0.000 0.000 0.000 0.000 0.000 0.000 0.000 0.000 0.000 0.000 0.000 0.000 0.000 0.000 0.000 0.000 0.000 0.000 0.000 0.000 0.000 0.000 0.000 0.000 0.000 0.000 0.000 0.000 0.000 0.000 0.000 0.000 -999.250 -999.250 -999.250 -999.250 -999.250 -999.250 -999.250 -999.250 -999.250 -999.250 -999.250 -999.250 -999.250 -999.250 -999.250 -999.250 -999.250 -999.250 -999.250 -999.250 -999.250 -999.250 -999.250 -999.250
0.000 0.000 0.000 0.000 0.000 0.237 2.591 4.967 6.461 6.524 6.124 5.471 4.470 3.269 0.000 0.000 0.000 0.000 0.000 0.000 0.000 0.000 0.000 0.000 0.000 0.000 0.000 0.000 0.000 0.000 0.000 0.000 0.000 0.000 0.000 0.000 0.000 0.000 0.000 0.000 0.000 0.000 0.000 0.000 0.000 -999.250 -999.250 -999.250 -999.250 -999.250 -999.250 -999.250 -999.250 -999.250 -999.250 -999.250 -999.250 -999.250 -999.250 -999.250 -999.250 -999.250 -999.250 -999.250 -999.250 -999.250 -999.250 -999.250 -999.250 -999.250
