data/medianmodel_24-Jul-2020.asc
ncols	141
nrows	288
xllcorner	-120191.398
yllcorner	-301404.813
cellsize	2000.000
NODATA_value	-999.250
[rows 31 to 61 of 288, columns 0 to 69 of 141]
-999.250 -999.250 -999.250 -999.250 -999.250 -999.250 -999.250 -999.250 -999.250 -999.250 -999.250 -999.250 -999.250 -999.250 -999.250 -999.250 -999.250 -999.250 -999.250 -999.250 -999.250 -999.250 -999.250 -999.250 -999.250 -999.250 -999.250 -999.250 -999.250 -999.250 -999.250 -999.250 3.871 2.969 0.331 0.000 0.000 0.000 0.000 0.000 0.000 0.000 0.000 0.000 0.000 0.071 1.126 2.764 2.055 3.175 1.141 2.376 2.504 5.174 9.303 3.557 0.565 0.000 0.000 0.000 0.000 0.000 0.000 0.000 0.000 0.000 0.000 0.000 0.000 0.000
-999.250 -999.250 -999.250 -999.250 -999.250 -999.250 -999.250 -999.250 -999.250 -999.250 -999.250 -999.250 -999.250 -999.250 -999.250 -999.250 -999.250 -999.250 -999.250 -999.250 -999.250 -999.250 -999.250 -999.250 -999.250 -999.250 -999.250 -999.250 -999.250 -999.250 -999.250 -999.250 4.413 4.023 1.111 0.000 0.000 0.000 0.000 0.000 0.000 0.000 0.000 0.000 0.000 0.158 2.933 4.903 4.848 3.992 3.966 2.166 1.908 4.695 5.324 2.657 0.530 0.000 0.000 0.000 0.000 0.000 0.000 0.000 0.000 0.000 0.000 0.000 0.000 0.000
-999.250 -999.250 -999.250 -999.250 -999.250 -999.250 -999.250 -999.250 -999.250 -999.250 -999.250 -999.250 -999.250 -999.250 -999.250 -999.250 -999.250 -999.250 -999.250 -999.250 -999.250 -999.250 -999.250 -999.250 -999.250 -999.250 -999.250 -999.250 -999.250 -999.250 -999.250 -999.250 2.984 5.852 2.804 0.000 0.000 0.000 0.000 0.000 2.582 0.000 0.000 0.000 0.000 0.000 2.961 4.773 8.211 5.083 3.558 1.842 1.715 2.687 3.129 1.194 0.000 0.000 0.000 0.000 0.000 0.000 0.000 0.000 0.000 0.000 0.000 0.000 0.000 0.000
-999.250 -999.250 -999.250 -999.250 -999.250 -999.250 -999.250 -999.250 -999.250 -999.250 -999.250 -999.250 -999.250 -999.250 -999.250 -999.250 -999.250 -999.250 -999.250 -999.250 -999.250 -999.250 -999.250 -999.250 -999.250 -999.250 -999.250 -999.250 -999.250 -999.250 -999.250 -999.250 2.635 2.356 1.500 0.000 0.000 0.000 0.000 0.000 0.000 0.000 0.000 0.000 0.000 0.000 2.464 3.528 4.805 4.717 2.308 1.558 1.259 1.612 2.170 0.716 0.000 0.000 0.000 0.000 0.000 0.000 0.000 0.000 0.000 0.000 0.000 0.000 0.000 0.000
-999.250 -999.250 -999.250 -999.250 -999.250 -999.250 -999.250 -999.250 -999.250 -999.250 -999.250 -999.250 -999.250 -999.250 -999.250 -999.250 -999.250 -999.250 -999.250 -999.250 -999.250 -999.250 -999.250 -999.250 -999.250 -999.250 -999.250 -999.250 -999.250 -999.250 -999.250 -999.250 1.572 0.964 0.391 0.000 0.000 0.000 0.000 0.000 0.000 0.000 0.000 0.000 0.000 0.000 0.000 0.131 2.861 3.136 0.961 1.192 0.840 0.368 0.541 0.000 0.000 0.000 0.000 0.000 0.000 0.000 0.000 0.000 0.000 0.000 0.000 0.000 0.000 0.000
-999.250 -999.250 -999.250 -999.250 -999.250 -999.250 -999.250 -999.250 -999.250 -999.250 -999.250 -999.250 -999.250 -999.250 -999.250 -999.250 -999.250 -999.250 -999.250 -999.250 -999.250 -999.250 -999.250 -999.250 -999.250 -999.250 -999.250 -999.250 -999.250 -999.250 -999.250 -999.250 1.613 0.904 0.848 1.964 0.673 0.000 0.000 0.000 0.000 0.000 0.000 0.000 0.000 0.000 0.000 0.000 0.378 1.018 0.867 0.908 0.843 0.754 0.195 0.000 0.000 0.000 0.000 0.000 0.000 0.000 0.000 0.000 0.000 0.000 0.000 0.000 0.000 0.000
-999.250 -999.250 -999.250 -999.250 -999.250 -999.250 -999.250 -999.250 -999.250 -999.250 -999.250 -999.250 -999.250 -999.250 -999.250 -999.250 -999.250 -999.250 -999.250 -999.250 -999.250 -999.250 -999.250 -999.250 -999.250 -999.250 -999.250 -999.250 -999.250 -999.250 -999.250 -999.250 -999.250 4.912 3.589 4.920 3.302 1.975 2.872 1.313 0.000 0.000 0.000 0.000 0.000 0.000 0.000 0.000 0.247 0.751 1.755 0.985 2.174 1.267 1.184 0.013 0.000 0.000 0.000 0.000 0.000 0.000 0.000 0.000 0.000 0.000 0.000 0.000 0.000 0.000
-999.250 -999.250 -999.250 -999.250 -999.250 -999.250 -999.250 -999.250 -999.250 -999.250 -999.250 -999.250 -999.250 -999.250 -999.250 -999.250 -999.250 -999.250 -999.250 -999.250 -999.250 -999.250 -999.250 -999.250 -999.250 -999.250 -999.250 -999.250 -999.250 -999.250 -999.250 -999.250 -999.250 7.658 6.864 7.965 8.322 7.105 6.219 6.280 3.459 0.031 0.000 0.000 0.000 0.000 0.000 0.000 0.000 0.063 1.355 1.344 3.988 3.784 2.558 0.271 0.689 0.000 2.081 0.000 0.000 0.000 0.000 0.000 0.000 0.000 0.000 0.000 0.000 0.000
-999.250 -999.250 -999.250 -999.250 -999.250 -999.250 -999.250 -999.250 -999.250 -999.250 -999.250 -999.250 -999.250 -999.250 -999.250 -999.250 -999.250 -999.250 -999.250 -999.250 -999.250 -999.250 -999.250 -999.250 -999.250 -999.250 -999.250 -999.250 -999.250 -999.250 -999.250 -999.250 8.460 9.550 11.514 10.732 12.368 9.290 8.927 7.336 5.257 1.514 0.574 0.000 0.000 0.000 0.000 0.000 0.000 1.343 3.502 4.872 7.222 5.251 4.531 2.597 1.725 0.000 0.000 0.000 0.000 0.000 0.568 0.754 0.000 0.000 0.000 0.000 0.000 0.000
-999.250 -999.250 -999.250 -999.250 -999.250 -999.250 -999.250 -999.250 -999.250 -999.250 -999.250 -999.250 -999.250 -999.250 -999.250 -999.250 -999.250 -999.250 -999.250 -999.250 -999.250 -999.250 -999.250 -999.250 -999.250 -999.250 -999.250 -999.250 -999.250 -999.250 -999.250 -999.250 14.517 12.867 14.293 14.637 19.192 17.340 15.041 9.219 6.824 2.900 3.038 1.347 1.551 0.000 0.000 0.000 0.000 2.409 4.818 6.663 8.087 7.583 6.266 4.407 3.076 3.794 1.641 0.000 0.000 0.000 2.610 5.252 0.731 0.000 0.000 0.000 0.000 0.000
-999.250 -999.250 -999.250 -999.250 -999.250 -999.250 -999.250 -999.250 -999.250 -999.250 -999.250 -999.250 -999.250 -999.250 -999.250 -999.250 -999.250 -999.250 -999.250 -999.250 -999.250 -999.250 -999.250 -999.250 -999.250 -999.250 -999.250 -999.250 -999.250 -999.250 -999.250 -999.250 -999.250 19.136 22.299 28.684 31.339 29.658 17.160 13.278 8.639 5.408 3.390 3.316 4.557 0.000 0.000 0.000 0.000 2.642 6.530 8.773 11.904 9.977 7.940 6.851 5.083 2.863 2.819 2.264 0.283 0.000 1.507 1.286 0.000 0.000 0.000 0.000 0.000 0.000
-999.250 -999.250 -999.250 -999.250 -999.250 -999.250 -999.250 -999.250 -999.250 -999.250 -999.250 -999.250 -999.250 -999.250 -999.250 -999.250 -999.250 -999.250 -999.250 -999.250 -999.250 -999.250 -999.250 -999.250 -999.250 -999.250 -999.250 -999.250 -999.250 -999.250 -999.250 -999.250 -999.250 39.842 41.412 55.035 60.740 41.693 28.062 20.133 11.014 7.460 4.824 3.534 1.425 0.000 0.000 0.000 0.991 4.576 6.946 12.321 20.923 13.897 9.407 7.719 8.070 6.714 5.119 3.877 1.104 0.457 0.000 0.000 0.000 0.000 0.000 0.000 0.000 0.000
-999.250 -999.250 -999.250 -999.250 -999.250 -999.250 -999.250 -999.250 -999.250 -999.250 -999.250 -999.250 -999.250 -999.250 -999.250 -999.250 -999.250 -999.250 -999.250 -999.250 -999.250 -999.250 -999.250 -999.250 -999.250 -999.250 -999.250 -999.250 -999.250 -999.250 -999.250 -999.250 -999.250 47.917 62.933 73.975 69.105 61.474 41.628 22.473 12.739 7.441 5.866 3.660 2.382 0.000 0.000 2.939 2.829 6.510 7.918 12.426 14.728 12.225 10.116 10.091 10.664 12.406 6.854 3.468 0.833 0.000 0.000 0.000 0.000 0.000 0.000 0.000 0.000 0.000
-999.250 -999.250 -999.250 -999.250 -999.250 -999.250 -999.250 -999.250 -999.250 -999.250 -999.250 -999.250 -999.250 -999.250 -999.250 -999.250 -999.250 -999.250 -999.250 -999.250 -999.250 -999.250 -999.250 -999.250 -999.250 -999.250 -999.250 -999.250 -999.250 -999.250 -999.250 -999.250 -999.250 -999.250 79.171 90.114 79.102 64.015 45.283 25.592 14.655 8.363 6.369 5.591 2.001 0.000 0.000 1.408 4.620 5.999 8.716 10.556 12.125 10.615 8.862 9.316 10.373 7.379 5.608 2.823 1.660 0.000 0.000 0.000 0.000 0.000 0.000 0.000 0.000 0.000
-999.250 -999.250 -999.250 -999.250 -999.250 -999.250 -999.250 -999.250 -999.250 -999.250 -999.250 -999.250 -999.250 -999.250 -999.250 -999.250 -999.250 -999.250 -999.250 -999.250 -999.250 -999.250 -999.250 -999.250 -999.250 -999.250 -999.250 -999.250 -999.250 -999.250 -999.250 -999.250 -999.250 -999.250 75.534 80.003 69.197 59.771 32.061 22.436 12.726 9.973 7.538 7.809 2.431 0.030 0.570 1.374 5.238 7.204 10.621 11.125 9.779 8.952 6.917 6.981 6.465 5.216 4.831 1.678 0.463 0.000 0.000 0.000 0.000 0.000 0.000 0.000 0.000 0.000
-999.250 -999.250 -999.250 -999.250 -999.250 -999.250 -999.250 -999.250 -999.250 -999.250 -999.250 -999.250 -999.250 -999.250 -999.250 -999.250 -999.250 -999.250 -999.250 -999.250 -999.250 -999.250 -999.250 -999.250 -999.250 -999.250 -999.250 -999.250 -999.250 -999.250 -999.250 -999.250 -999.250 -999.250 64.461 70.096 60.684 48.523 26.789 19.760 14.232 9.226 6.445 3.469 0.664 0.785 1.460 2.438 5.363 10.443 17.628 10.615 8.015 7.332 6.262 4.936 5.682 3.680 2.844 0.535 0.000 0.000 0.000 0.000 0.000 0.000 0.000 0.000 0.000 0.000
-999.250 -999.250 -999.250 -999.250 -999.250 -999.250 -999.250 -999.250 -999.250 -999.250 -999.250 -999.250 -999.250 -999.250 -999.250 -999.250 -999.250 -999.250 -999.250 -999.250 -999.250 -999.250 -999.250 -999.250 -999.250 -999.250 -999.250 -999.250 -999.250 -999.250 -999.250 -999.250 -999.250 -999.250 55.131 46.756 40.910 38.614 23.486 19.134 11.900 8.844 6.489 3.071 2.084 1.624 0.592 2.804 6.729 8.030 9.799 8.968 7.057 6.859 6.416 2.447 2.574 1.765 1.523 0.000 0.000 0.000 0.000 0.000 0.000 0.000 0.000 0.000 0.000 0.000
-999.250 -999.250 -999.250 -999.250 -999.250 -999.250 -999.250 -999.250 -999.250 -999.250 -999.250 -999.250 -999.250 -999.250 -999.250 -999.250 -999.250 -999.250 -999.250 -999.250 -999.250 -999.250 -999.250 -999.250 -999.250 -999.250 -999.250 -999.250 -999.250 -999.250 -999.250 -999.250 -999.250 -999.250 -999.250 27.263 31.910 20.889 18.911 13.855 11.242 8.157 6.896 4.772 3.934 3.346 1.352 5.023 6.547 7.097 7.187 6.961 6.548 5.160 4.383 2.486 1.369 0.847 0.178 0.000 0.000 0.000 1.880 0.000 0.000 0.000 0.000 0.000 0.000 0.000
-999.250 -999.250 -999.250 -999.250 -999.250 -999.250 -999.250 -999.250 -999.250 -999.250 -999.250 -999.250 -999.250 -999.250 -999.250 -999.250 -999.250 -999.250 -999.250 -999.250 -999.250 -999.250 -999.250 -999.250 -999.250 -999.250 -999.250 -999.250 -999.250 -999.250 -999.250 -999.250 -999.250 -999.250 -999.250 24.657 22.334 13.685 14.586 13.505 11.387 9.339 9.134 7.755 6.675 5.183 5.573 5.642 4.521 5.681 5.941 4.728 4.460 4.641 3.748 2.840 1.182 1.049 0.697 0.704 0.000 0.000 0.000 0.000 0.000 0.000 0.000 0.000 0.000 0.000
-999.250 -999.250 -999.250 -999.250 -999.250 -999.250 -999.250 -999.250 -999.250 -999.250 -999.250 -999.250 -999.250 -999.250 -999.250 -999.250 -999.250 -999.250 -999.250 -999.250 -999.250 -999.250 -999.250 -999.250 -999.250 -999.250 -999.250 -999.250 -999.250 -999.250 -999.250 -999.250 -999.250 -999.250 -999.250 13.231 16.077 13.155 11.375 17.989 10.943 11.055 12.964 9.102 6.710 5.839 5.111 3.984 4.824 5.069 4.754 3.990 5.375 3.911 2.393 2.223 1.656 2.834 2.120 2.962 0.570 0.272 0.000 0.000 0.000 0.000 0.000 0.000 0.000 0.000
-999.250 -999.250 -999.250 -999.250 -999.250 -999.250 -999.250 -999.250 -999.250 -999.250 -999.250 -999.250 -999.250 -999.250 -999.250 -999.250 -999.250 -999.250 -999.250 -999.250 -999.250 -999.250 -999.250 -999.250 -999.250 -999.250 -999.250 -999.250 -999.250 -999.250 -999.250 -999.250 -999.250 -999.250 -999.250 8.623 8.025 7.469 7.413 9.727 10.672 12.704 20.525 11.752 8.398 6.288 4.473 4.497 3.849 4.379 5.623 4.428 4.872 2.768 4.053 3.466 3.398 4.121 3.067 3.886 3.306 0.687 0.000 0.000 0.000 0.000 0.000 0.000 0.000 0.000
-999.250 -999.250 -999.250 -999.250 -999.250 -999.250 -999.250 -999.250 -999.250 -999.250 -999.250 -999.250 -999.250 -999.250 -999.250 -999.250 -999.250 -999.250 -999.250 -999.250 -999.250 -999.250 -999.250 -999.250 -999.250 -999.250 -999.250 -999.250 -999.250 -999.250 -999.250 -999.250 -999.250 -999.250 -999.250 5.881 6.327 6.729 7.120 7.344 9.757 12.559 12.161 9.719 8.074 6.351 5.213 4.544 4.532 5.809 3.380 4.945 4.992 4.266 2.652 3.289 3.522 3.961 5.923 6.972 5.712 2.010 0.000 0.000 0.000 0.000 0.000 0.000 0.000 0.000
-999.250 -999.250 -999.250 -999.250 -999.250 -999.250 -999.250 -999.250 -999.250 -999.250 -999.250 -999.250 -999.250 -999.250 -999.250 -999.250 -999.250 -999.250 -999.250 -999.250 -999.250 -999.250 -999.250 -999.250 -999.250 -999.250 -999.250 -999.250 -999.250 -999.250 -999.250 -999.250 -999.250 -999.250 -999.250 -999.250 4.894 6.918 9.478 9.870 9.805 9.279 8.217 7.288 6.661 4.779 3.936 1.869 1.981 3.869 2.544 3.673 7.166 4.406 2.820 1.583 3.839 5.275 7.822 11.651 7.134 3.657 0.000 0.000 0.000 0.000 0.000 0.000 0.000 0.000
-999.250 -999.250 -999.250 -999.250 -999.250 -999.250 -999.250 -999.250 -999.250 -999.250 -999.250 -999.250 -999.250 -999.250 -999.250 -999.250 -999.250 -999.250 -999.250 -999.250 -999.250 -999.250 -999.250 -999.250 -999.250 -999.250 -999.250 -999.250 -999.250 -999.250 -999.250 -999.250 -999.250 -999.250 -999.250 -999.250 5.119 7.586 11.224 18.928 12.131 9.991 7.945 7.832 6.484 4.835 4.146 2.222 0.774 1.311 0.031 2.150 2.944 3.051 1.953 3.592 4.934 5.038 6.917 8.166 6.269 3.272 0.474 0.000 0.000 0.000 0.000 0.000 0.000 0.000
-999.250 -999.250 -999.250 -999.250 -999.250 -999.250 -999.250 -999.250 -999.250 -999.250 -999.250 -999.250 -999.250 -999.250 -999.250 -999.250 -999.250 -999.250 -999.250 -999.250 -999.250 -999.250 -999.250 -999.250 -999.250 -999.250 -999.250 -999.250 -999.250 -999.250 -999.250 -999.250 -999.250 -999.250 -999.250 -999.250 -999.250 8.547 11.174 13.875 12.143 9.492 7.977 7.248 6.043 5.464 2.346 1.836 0.998 0.359 0.019 0.000 0.000 0.616 0.109 2.381 5.073 5.031 5.152 5.785 5.655 4.811 2.965 0.000 0.000 0.000 0.000 0.000 0.000 0.000
-999.250 -999.250 -999.250 -999.250 -999.250 -999.250 -999.250 -999.250 -999.250 -999.250 -999.250 -999.250 -999.250 -999.250 -999.250 -999.250 -999.250 -999.250 -999.250 -999.250 -999.250 -999.250 -999.250 -999.250 -999.250 -999.250 -999.250 -999.250 -999.250 -999.250 -999.250 -999.250 -999.250 -999.250 -999.250 -999.250 -999.250 7.725 10.692 11.912 12.673 11.475 7.777 6.533 4.424 3.326 0.777 3.739 0.226 0.000 0.000 0.000 0.000 0.000 0.000 1.947 3.771 4.671 5.284 6.319 5.715 3.628 3.015 0.587 0.000 0.000 0.000 0.000 0.000 0.000
-999.250 -999.250 -999.250 -999.250 -999.250 -999.250 -999.250 -999.250 -999.250 -999.250 -999.250 -999.250 -999.250 -999.250 -999.250 -999.250 -999.250 -999.250 -999.250 -999.250 -999.250 -999.250 -999.250 -999.250 -999.250 -999.250 -999.250 -999.250 -999.250 -999.250 -999.250 -999.250 -999.250 -999.250 -999.250 -999.250 -999.250 7.181 10.099 12.938 19.969 12.329 10.533 6.692 6.042 4.341 4.268 1.370 0.000 0.000 0.000 0.000 0.000 0.000 0.000 0.000 1.774 4.904 6.458 4.865 4.262 3.968 2.533 0.842 0.000 0.000 0.000 0.000 0.000 0.000
-999.250 -999.250 -999.250 -999.250 -999.250 -999.250 -999.250 -999.250 -999.250 -999.250 -999.250 -999.250 -999.250 -999.250 -999.250 -999.250 -999.250 -999.250 -999.250 -999.250 -999.250 -999.250 -999.250 -999.250 -999.250 -999.250 -999.250 -999.250 -999.250 -999.250 -999.250 -999.250 -999.250 -999.250 -999.250 -999.250 -999.250 5.660 8.924 11.306 13.627 11.979 9.118 8.082 5.922 4.153 3.395 1.708 0.000 0.000 0.000 0.000 0.000 0.000 0.000 0.101 2.118 5.675 7.508 7.681 6.137 5.815 4.119 2.283 0.000 0.000 0.000 0.000 0.000 0.000
-999.250 -999.250 -999.250 -999.250 -999.250 -999.250 -999.250 -999.250 -999.250 -999.250 -999.250 -999.250 -999.250 -999.250 -999.250 -999.250 -999.250 -999.250 -999.250 -999.250 -999.250 -999.250 -999.250 -999.250 -999.250 -999.250 -999.250 -999.250 -999.250 -999.250 -999.250 -999.250 -999.250 -999.250 -999.250 -999.250 -999.250 -999.250 6.214 7.637 8.958 9.957 10.382 7.100 5.604 5.501 2.544 1.308 0.000 0.000 0.000 0.000 0.000 0.000 0.000 2.529 4.181 7.466 10.222 9.394 8.312 6.807 4.428 3.064 2.181 0.000 0.000 0.000 0.000 0.000
-999.250 -999.250 -999.250 -999.250 -999.250 -999.250 -999.250 -999.250 -999.250 -999.250 -999.250 -999.250 -999.250 -999.250 -999.250 -999.250 -999.250 -999.250 -999.250 -999.250 -999.250 -999.250 -999.250 -999.250 -999.250 -999.250 -999.250 -999.250 -999.250 -999.250 -999.250 -999.250 -999.250 -999.250 -999.250 -999.250 -999.250 -999.250 4.408 5.912 7.456 8.821 8.942 7.146 6.164 4.970 4.413 0.989 0.000 0.000 0.000 0.000 0.000 0.000 0.294 4.868 7.040 9.138 16.444 11.486 7.140 7.189 4.301 2.759 2.545 0.000 0.000 0.000 0.000 0.000
-999.250 -999.250 -999.250 -999.250 -999.250 -999.250 -999.250 -999.250 -999.250 -999.250 -999.250 -999.250 -999.250 -999.250 -999.250 -999.250 -999.250 -999.250 -999.250 -999.250 -999.250 -999.250 -999.250 -999.250 -999.250 -999.250 -999.250 -999.250 -999.250 -999.250 -999.250 -999.250 -999.250 -999.250 -999.250 -999.250 -999.250 -999.250 2.755 4.515 6.248 6.983 8.297 9.132 6.940 6.079 4.709 4.218 0.288 0.000 0.000 0.000 0.000 0.000 3.389 6.073 6.681 7.964 9.830 10.841 7.831 8.147 6.483 4.468 2.731 1.514 0.000 0.000 0.000 0.000
