data/medianmodel_16-Dec-2020.asc
ncols	141
nrows	288
xllcorner	-120191.398
yllcorner	-301404.813
cellsize	2000.000
NODATA_value	-999.250
[rows 87 to 115 of 288, columns 64 to 127 of 141]
411.784 436.733 454.337 497.935 556.966 562.002 581.889 586.830 555.093 534.907 501.879 441.353 418.751 411.795 395.676 403.243 391.908 405.380 387.492 364.310 338.541 319.034 306.738 313.249 289.613 305.924 305.323 339.801 386.322 436.097 502.035 550.066 607.624 649.480 683.740 671.569 719.787 764.776 798.996 772.812 752.245 811.140 770.751 836.422 756.399 683.740 643.076 635.048 637.285 595.247 -999.250 -999.250 -999.250 -999.250 -999.250 -999.250 -999.250 -999.250 -999.250 -999.250 -999.250 -999.250 -999.250 -999.250
396.009 408.941 435.066 505.770 532.811 569.942 604.684 632.041 606.255 565.674 536.750 492.591 475.116 462.516 460.503 461.419 443.264 433.153 424.925 408.549 408.353 351.746 339.741 320.911 313.010 318.478 306.147 348.025 403.253 431.460 497.621 557.226 603.569 656.932 674.178 673.928 722.578 721.590 748.514 731.530 762.921 788.562 761.022 789.239 741.517 697.518 667.174 647.799 619.897 591.397 581.156 590.729 -999.250 -999.250 -999.250 -999.250 -999.250 -999.250 -999.250 -999.250 -999.250 -999.250 -999.250 -999.250
383.817 397.316 435.650 481.172 539.862 574.517 618.969 678.280 636.514 582.497 556.478 544.855 523.355 495.830 503.532 506.783 505.312 471.445 476.521 445.437 432.491 407.759 359.488 353.313 344.322 356.461 361.044 361.153 390.398 443.857 481.381 546.470 574.754 628.339 645.693 678.580 704.678 704.602 729.025 705.704 702.340 727.175 767.797 724.088 706.240 709.016 650.167 639.568 625.165 602.484 593.420 593.897 -999.250 -999.250 -999.250 -999.250 -999.250 -999.250 -999.250 -999.250 -999.250 -999.250 -999.250 -999.250
332.366 384.630 416.738 453.892 530.287 562.175 611.125 645.267 644.224 618.421 573.850 559.214 554.620 543.072 536.325 541.881 543.506 531.497 540.890 507.653 463.221 428.768 410.311 364.813 352.467 345.620 370.309 386.723 426.334 445.002 479.039 508.652 561.391 589.987 637.575 654.944 685.847 694.303 706.413 728.370 724.747 723.066 715.220 710.242 679.471 687.654 643.657 634.668 614.744 599.083 589.221 582.750 -999.250 -999.250 -999.250 -999.250 -999.250 -999.250 -999.250 -999.250 -999.250 -999.250 -999.250 -999.250
312.576 340.474 383.246 439.020 485.411 549.191 592.315 608.416 615.922 621.193 601.736 572.160 564.587 566.079 574.922 558.912 569.169 555.039 543.834 532.571 457.858 440.515 416.883 394.156 364.320 363.092 388.786 400.890 416.969 412.652 462.394 505.217 542.480 582.694 606.222 625.722 670.721 690.575 700.424 711.703 699.482 691.736 695.765 672.424 674.761 668.731 653.114 625.496 623.181 592.899 586.303 -999.250 -999.250 -999.250 -999.250 -999.250 -999.250 -999.250 -999.250 -999.250 -999.250 -999.250 -999.250 -999.250
272.549 302.663 355.204 408.627 465.934 522.135 560.265 585.670 589.214 623.385 603.323 587.090 580.973 568.718 586.830 603.710 576.145 561.015 549.248 506.961 476.047 445.325 411.157 404.064 382.453 381.138 398.104 389.793 405.259 418.285 461.012 490.049 540.048 555.956 599.457 627.582 638.909 655.421 665.899 665.232 664.814 655.128 680.747 704.310 673.273 642.225 643.185 641.728 619.531 607.089 605.778 -999.250 -999.250 -999.250 -999.250 -999.250 -999.250 -999.250 -999.250 -999.250 -999.250 -999.250 -999.250 -999.250
243.617 280.546 292.009 365.096 422.322 484.880 533.100 561.546 569.831 586.410 606.016 600.692 596.894 584.517 593.403 593.887 577.682 565.702 552.373 509.577 473.552 459.287 423.286 399.566 393.056 385.081 373.336 410.344 397.397 420.183 437.052 458.361 539.169 561.174 568.531 599.920 603.811 626.530 663.323 634.366 649.679 644.238 655.808 683.468 682.089 653.035 652.292 654.346 623.553 632.288 -999.250 -999.250 -999.250 -999.250 -999.250 -999.250 -999.250 -999.250 -999.250 -999.250 -999.250 -999.250 -999.250 -999.250
227.755 248.135 282.183 302.017 403.987 481.144 544.842 574.882 583.558 613.976 616.441 598.356 593.647 609.142 611.716 613.225 594.095 567.021 544.261 520.254 480.026 455.367 432.308 413.119 408.120 408.192 394.143 392.084 383.165 398.735 424.176 447.703 513.342 554.440 563.321 572.472 609.865 623.281 649.118 685.979 645.226 669.375 707.281 682.397 684.154 677.508 656.843 662.108 676.578 623.824 -999.250 -999.250 -999.250 -999.250 -999.250 -999.250 -999.250 -999.250 -999.250 -999.250 -999.250 -999.250 -999.250 -999.250
213.410 234.257 268.449 311.397 390.326 467.315 523.715 578.136 577.618 621.053 610.998 598.105 606.319 627.883 640.715 617.649 605.394 574.168 537.124 530.173 493.922 465.580 441.550 409.278 378.145 387.346 358.107 379.837 368.322 378.413 407.590 427.323 494.273 523.817 540.631 597.553 603.094 629.138 640.176 632.698 667.209 674.136 698.331 723.800 705.023 679.794 707.430 666.809 685.289 665.153 -999.250 -999.250 -999.250 -999.250 -999.250 -999.250 -999.250 -999.250 -999.250 -999.250 -999.250 -999.250 -999.250 -999.250
208.042 232.276 278.298 355.286 412.001 464.154 537.616 574.536 604.826 604.191 621.481 602.294 625.878 633.322 640.707 652.154 612.993 573.944 552.194 542.056 492.380 464.425 441.710 423.366 401.451 374.641 349.440 350.184 348.388 362.779 385.895 418.398 459.314 475.937 547.365 588.157 610.376 622.373 627.761 653.886 658.429 696.522 733.048 737.414 709.354 700.268 751.704 723.480 721.522 686.169 657.287 -999.250 -999.250 -999.250 -999.250 -999.250 -999.250 -999.250 -999.250 -999.250 -999.250 -999.250 -999.250 -999.250
223.984 242.939 287.510 347.214 425.251 479.687 544.234 601.320 625.678 626.967 615.061 623.630 631.393 629.295 630.839 617.819 612.773 588.587 552.710 533.475 495.536 504.941 460.230 428.204 402.822 384.399 350.273 332.326 317.264 308.173 343.279 400.288 441.916 508.332 547.971 582.110 598.745 622.675 647.126 660.673 667.739 708.538 751.326 729.883 720.205 688.302 713.049 725.583 726.219 765.429 672.884 656.079 -999.250 -999.250 -999.250 -999.250 -999.250 -999.250 -999.250 -999.250 -999.250 -999.250 -999.250 -999.250
237.509 259.282 290.113 353.862 418.364 488.629 556.690 614.674 643.135 642.711 646.820 642.369 617.362 617.476 624.775 620.958 608.176 562.647 529.487 494.158 482.909 470.382 443.094 406.036 401.001 377.877 350.867 326.738 310.139 281.338 317.553 389.327 430.151 504.383 551.720 576.192 600.894 643.944 671.797 696.654 695.871 724.730 804.614 806.085 754.685 727.642 712.344 712.075 717.039 727.998 720.643 680.503 657.834 -999.250 -999.250 -999.250 -999.250 -999.250 -999.250 -999.250 -999.250 -999.250 -999.250 -999.250
258.894 266.003 298.810 368.980 433.396 513.474 569.732 612.348 670.025 646.081 644.968 634.274 606.791 605.134 598.655 590.848 598.535 538.960 517.516 510.067 495.634 482.880 455.400 410.516 391.143 367.321 372.647 338.623 308.231 311.096 353.647 403.555 451.078 484.382 567.194 595.895 662.579 658.477 698.837 725.190 765.234 743.100 778.931 821.757 737.708 758.558 759.439 782.208 728.928 724.780 732.625 719.776 -999.250 -999.250 -999.250 -999.250 -999.250 -999.250 -999.250 -999.250 -999.250 -999.250 -999.250 -999.250
271.036 276.788 308.731 378.068 441.558 495.888 549.436 599.995 626.413 618.740 623.847 612.692 582.915 601.028 570.623 553.766 566.947 542.028 491.016 495.766 484.062 462.102 454.941 431.542 397.990 389.422 370.556 349.029 368.427 377.009 414.335 437.741 500.125 545.398 581.501 635.971 689.907 715.810 763.214 777.556 805.798 821.433 849.164 870.007 844.877 795.417 820.316 840.922 800.901 794.595 730.175 737.938 738.573 -999.250 -999.250 -999.250 -999.250 -999.250 -999.250 -999.250 -999.250 -999.250 -999.250 -999.250
263.358 273.943 295.736 353.215 436.979 469.436 547.689 578.366 595.733 605.246 602.246 587.441 572.626 559.395 548.363 553.325 545.514 532.880 489.472 474.396 456.155 448.150 455.567 422.717 402.838 412.383 397.390 379.713 388.412 416.315 456.553 491.939 532.065 584.281 631.023 679.845 708.587 784.710 819.789 884.373 883.945 889.424 956.245 914.677 1007.290 957.244 996.096 936.403 928.889 903.983 772.612 -999.250 -999.250 -999.250 -999.250 -999.250 -999.250 -999.250 -999.250 -999.250 -999.250 -999.250 -999.250 -999.250
266.876 266.473 306.797 383.609 416.854 461.208 530.427 545.472 574.073 570.771 559.154 552.681 558.377 516.244 535.099 530.859 502.054 490.116 451.690 444.926 436.676 448.551 436.599 437.842 419.959 424.706 403.113 413.968 428.426 454.491 516.911 525.357 599.382 659.574 659.383 723.776 739.863 843.333 884.909 940.224 1081.458 949.775 1080.563 1065.274 1078.741 1038.670 1003.893 940.026 995.908 958.896 -999.250 -999.250 -999.250 -999.250 -999.250 -999.250 -999.250 -999.250 -999.250 -999.250 -999.250 -999.250 -999.250 -999.250
239.969 263.225 298.237 324.975 390.548 435.209 461.578 510.687 538.757 546.046 541.056 537.432 503.926 516.826 493.797 493.066 472.022 477.226 450.588 443.311 423.045 438.529 433.495 436.019 435.790 434.925 424.223 443.017 447.599 503.057 528.455 587.090 616.921 687.730 720.540 796.234 848.096 962.873 1064.367 1094.682 1134.347 1134.508 1175.626 1178.003 1115.392 1113.803 1069.461 972.400 1052.420 1029.563 -999.250 -999.250 -999.250 -999.250 -999.250 -999.250 -999.250 -999.250 -999.250 -999.250 -999.250 -999.250 -999.250 -999.250
227.608 245.243 276.235 313.598 365.655 411.370 434.148 458.371 486.682 503.197 487.653 491.561 501.126 474.366 483.814 446.053 442.097 418.269 432.279 423.056 420.370 429.233 431.089 421.306 426.779 420.210 427.855 453.605 459.049 517.251 560.739 609.109 666.009 717.015 761.164 915.015 1016.210 1094.860 1190.934 1181.300 1186.832 1191.039 1179.400 1202.322 1207.534 1136.372 1080.054 1019.869 1045.778 -999.250 -999.250 -999.250 -999.250 -999.250 -999.250 -999.250 -999.250 -999.250 -999.250 -999.250 -999.250 -999.250 -999.250 -999.250
191.154 208.730 263.216 288.751 333.819 379.080 411.162 414.134 442.428 444.522 477.584 465.641 464.864 447.148 433.136 410.295 422.849 421.231 403.851 405.064 415.483 397.944 386.816 415.872 414.153 419.482 446.917 492.349 511.011 553.193 582.439 637.134 674.610 746.845 770.622 944.890 1102.817 1164.366 1232.646 1264.671 1276.600 1253.410 1294.937 1295.681 1265.474 -999.250 -999.250 -999.250 -999.250 -999.250 -999.250 -999.250 -999.250 -999.250 -999.250 -999.250 -999.250 -999.250 -999.250 -999.250 -999.250 -999.250 -999.250 -999.250
166.215 199.493 233.147 263.972 289.161 326.217 379.868 398.332 396.359 422.949 431.378 422.754 440.081 416.082 411.974 412.537 406.187 355.839 361.728 375.386 362.421 400.626 401.109 411.841 415.518 436.177 462.761 503.769 538.734 555.625 613.399 681.045 748.191 792.392 864.098 985.457 1180.818 1201.409 1248.101 1348.861 1490.735 1396.316 1353.269 -999.250 -999.250 -999.250 -999.250 -999.250 -999.250 -999.250 -999.250 -999.250 -999.250 -999.250 -999.250 -999.250 -999.250 -999.250 -999.250 -999.250 -999.250 -999.250 -999.250 -999.250
161.589 181.984 210.849 248.535 267.474 303.183 312.582 336.848 375.665 368.395 393.438 395.223 395.977 406.154 377.062 386.591 375.124 356.756 356.481 345.497 347.434 355.110 353.805 392.796 417.932 411.939 467.011 499.465 552.508 601.581 634.205 722.203 766.046 908.927 1054.326 1113.233 1239.648 1295.999 1364.716 1521.048 1536.017 1592.430 1546.736 -999.250 -999.250 -999.250 -999.250 -999.250 -999.250 -999.250 -999.250 -999.250 -999.250 -999.250 -999.250 -999.250 -999.250 -999.250 -999.250 -999.250 -999.250 -999.250 -999.250 -999.250
150.532 169.551 203.981 237.021 254.959 270.754 304.774 314.023 340.813 342.637 361.145 357.100 330.903 363.497 365.608 356.297 355.202 338.703 343.368 320.061 312.125 316.298 327.022 335.418 394.317 432.565 487.410 506.491 554.128 599.670 665.903 757.395 830.641 991.123 1131.082 1179.830 1288.523 1482.020 1597.153 1617.369 1583.099 1629.113 1592.308 -999.250 -999.250 -999.250 -999.250 -999.250 -999.250 -999.250 -999.250 -999.250 -999.250 -999.250 -999.250 -999.250 -999.250 -999.250 -999.250 -999.250 -999.250 -999.250 -999.250 -999.250
169.998 190.546 216.720 240.465 239.533 276.760 271.016 294.675 304.737 321.143 306.906 326.921 307.329 293.474 305.434 304.526 306.891 303.428 284.600 293.420 303.364 298.973 303.889 319.948 368.605 422.133 479.244 541.097 579.057 624.286 693.509 743.620 847.150 989.576 1123.120 1235.926 1286.477 1356.012 1627.894 1745.531 1662.101 1673.266 1632.795 -999.250 -999.250 -999.250 -999.250 -999.250 -999.250 -999.250 -999.250 -999.250 -999.250 -999.250 -999.250 -999.250 -999.250 -999.250 -999.250 -999.250 -999.250 -999.250 -999.250 -999.250
188.997 184.219 213.499 225.775 242.453 249.858 263.868 277.887 283.212 302.402 300.405 289.224 288.020 284.530 276.925 263.113 283.915 274.232 277.991 277.424 285.420 282.145 285.839 313.267 371.353 428.518 509.375 548.317 599.173 634.811 705.329 759.425 917.506 1026.512 1045.918 1159.791 1277.985 1402.201 1599.324 1641.924 1627.717 1687.907 1548.961 -999.250 -999.250 -999.250 -999.250 -999.250 -999.250 -999.250 -999.250 -999.250 -999.250 -999.250 -999.250 -999.250 -999.250 -999.250 -999.250 -999.250 -999.250 -999.250 -999.250 -999.250
192.897 197.568 203.039 208.516 250.816 243.462 257.664 262.506 255.906 276.236 281.851 267.985 248.916 241.428 254.808 242.960 258.008 253.724 240.123 249.726 266.129 270.352 282.960 316.778 371.722 430.103 504.583 534.699 588.205 634.657 700.458 762.412 889.699 1050.775 1115.028 1187.055 1269.743 1383.350 1547.887 1588.011 1602.716 1630.749 1560.383 -999.250 -999.250 -999.250 -999.250 -999.250 -999.250 -999.250 -999.250 -999.250 -999.250 -999.250 -999.250 -999.250 -999.250 -999.250 -999.250 -999.250 -999.250 -999.250 -999.250 -999.250
205.508 202.152 210.216 219.843 237.070 250.799 261.022 257.733 248.123 239.267 256.487 238.171 217.128 236.138 220.202 218.294 222.867 211.710 217.717 231.860 243.046 257.215 278.681 311.730 331.296 415.878 503.528 550.072 588.904 638.089 717.491 756.423 895.059 916.038 1088.400 1166.434 1216.372 1286.166 1449.548 1527.734 1567.022 1573.356 1545.538 1552.929 1552.516 -999.250 -999.250 -999.250 -999.250 -999.250 -999.250 -999.250 -999.250 -999.250 -999.250 -999.250 -999.250 -999.250 -999.250 -999.250 -999.250 -999.250 -999.250 -999.250
223.437 209.047 210.338 226.267 219.800 232.972 247.709 223.177 212.040 221.730 210.984 191.636 196.594 188.311 186.911 193.608 177.238 191.444 189.265 211.354 237.533 251.924 271.076 299.913 343.797 427.073 464.609 527.241 578.229 637.817 692.845 765.721 802.125 913.500 1044.815 1131.479 1159.422 1206.593 1313.922 1395.216 1426.703 1416.431 1473.781 1587.453 1507.827 1463.496 1395.547 -999.250 -999.250 -999.250 -999.250 -999.250 -999.250 -999.250 -999.250 -999.250 -999.250 -999.250 -999.250 -999.250 -999.250 -999.250 -999.250 -999.250
222.092 219.689 209.130 211.025 212.462 208.542 219.880 208.271 191.142 189.864 185.975 169.905 168.404 158.503 157.780 172.577 172.793 176.337 181.455 192.227 201.963 225.067 253.003 285.102 345.261 399.795 455.054 508.836 546.305 615.641 656.546 714.553 796.128 839.381 1002.006 1085.918 1103.720 1182.116 1248.543 1245.013 1270.803 1334.125 1366.549 1383.973 1288.551 1319.709 1310.728 -999.250 -999.250 -999.250 -999.250 -999.250 -999.250 -999.250 -999.250 -999.250 -999.250 -999.250 -999.250 -999.250 -999.250 -999.250 -999.250 -999.250
234.276 220.982 215.869 193.945 188.194 189.252 179.654 176.900 169.616 158.251 157.641 153.401 157.371 143.187 144.955 141.827 142.106 153.742 157.873 180.407 195.177 218.249 239.102 256.063 325.508 399.093 459.712 477.388 562.515 596.398 627.033 709.023 725.888 820.324 891.124 943.641 1036.962 1114.727 1205.274 1197.073 1185.464 1258.905 1220.653 1287.868 1240.881 1235.590 1234.788 1175.100 -999.250 -999.250 -999.250 -999.250 -999.250 -999.250 -999.250 -999.250 -999.250 -999.250 -999.250 -999.250 -999.250 -999.250 -999.250 -999.250
