data/medianmodel_02-Dec-2020.asc
ncols	141
nrows	288
xllcorner	-120191.398
yllcorner	-301404.813
cellsize	2000.000
NODATA_value	-999.250
[rows 174 to 202 of 288, columns 0 to 63 of 141]
-999.250 -999.250 -999.250 -999.250 412.925 408.186 428.199 405.740 435.711 425.635 446.881 456.892 461.034 467.145 455.819 403.980 378.935 346.351 298.097 240.073 300.042 362.871 424.580 441.039 420.428 427.288 412.560 414.851 402.825 371.973 340.654 344.479 320.599 270.576 244.160 225.410 222.973 227.681 222.432 225.875 240.004 227.541 238.028 244.536 287.540 280.671 275.030 250.210 255.241 223.647 231.279 218.527 207.743 208.991 192.709 188.342 167.749 162.000 151.021 145.243 135.415 145.351 141.525 128.057
-999.250 -999.250 -999.250 -999.250 450.429 408.928 376.883 384.960 380.375 427.446 410.918 417.412 437.893 456.212 415.812 405.182 361.921 335.434 295.267 288.169 323.769 347.910 405.123 370.773 379.134 387.465 396.594 385.335 342.673 354.176 308.606 300.637 291.770 257.940 241.455 220.127 217.705 212.254 220.699 225.612 236.478 239.357 224.756 228.390 244.120 255.366 242.374 250.858 250.873 227.245 233.099 238.697 224.455 211.347 200.606 201.908 184.633 172.751 176.642 165.985 154.601 176.388 155.887 141.335
-999.250 -999.250 -999.250 -999.250 431.031 413.060 387.342 353.707 392.578 402.603 405.731 440.149 437.968 435.562 416.851 387.121 384.200 357.004 336.734 335.594 347.515 373.409 405.194 380.427 380.061 378.700 386.879 344.872 332.635 329.752 309.818 263.565 250.894 229.195 220.526 215.280 209.102 202.059 218.389 213.635 220.398 231.209 230.228 211.780 233.434 236.654 248.655 256.557 259.295 239.612 234.601 244.896 246.725 230.240 241.179 210.819 202.777 169.164 180.313 188.942 201.664 188.519 176.736 172.451
-999.250 -999.250 -999.250 -999.250 437.247 400.805 401.661 400.292 363.057 407.166 412.053 423.058 410.699 453.581 450.285 438.023 389.015 371.425 366.741 353.436 384.402 405.389 409.285 398.746 384.345 400.200 352.357 342.984 315.386 305.703 287.460 250.165 234.408 210.686 209.996 201.175 196.068 199.507 192.178 211.945 205.943 218.417 209.411 229.720 212.795 245.186 247.603 240.869 270.484 271.558 274.809 257.759 257.316 248.800 254.193 234.411 221.785 205.884 207.175 202.387 203.573 205.954 203.293 195.613
-999.250 -999.250 -999.250 -999.250 429.247 409.931 406.353 404.719 412.810 420.480 447.335 435.637 449.919 465.148 473.686 419.274 423.127 389.057 396.356 415.261 406.714 420.064 427.111 411.640 390.783 377.278 356.205 332.314 301.319 266.013 263.406 236.491 222.043 193.618 202.587 196.045 201.663 199.133 191.423 202.561 202.614 228.365 219.068 223.164 226.442 231.217 245.544 238.906 248.523 276.788 263.048 268.687 274.449 269.604 268.235 245.046 227.313 233.676 230.469 238.834 223.575 222.168 233.165 215.228
-999.250 -999.250 -999.250 416.030 440.809 442.121 421.195 436.510 424.006 439.213 449.729 447.908 500.208 497.676 476.172 474.553 469.461 448.898 434.657 424.387 446.614 451.267 435.751 406.382 390.206 377.862 334.372 305.428 282.020 285.174 240.707 238.557 207.760 196.826 197.799 196.238 183.071 183.969 181.670 185.534 201.646 216.625 221.610 216.713 223.483 219.943 229.389 240.927 254.283 269.539 274.372 269.885 262.852 296.284 280.467 244.510 247.681 254.080 248.470 249.814 230.580 231.246 219.404 226.631
-999.250 -999.250 -999.250 453.429 455.076 409.225 436.582 436.804 442.195 425.087 443.919 483.579 497.718 493.251 477.111 478.847 494.107 444.086 458.342 470.952 461.022 461.056 437.195 407.462 408.370 345.897 324.142 285.281 274.871 241.102 242.314 221.093 205.415 196.795 195.246 196.708 174.760 186.821 204.507 189.570 203.999 237.775 229.042 212.621 216.181 231.195 229.631 241.701 239.702 267.937 267.006 269.102 274.836 304.389 294.998 282.293 290.148 258.091 274.510 267.775 247.085 246.356 244.216 233.898
-999.250 -999.250 -999.250 431.871 453.858 447.779 456.047 451.998 455.371 470.479 455.877 493.674 487.566 498.630 505.753 507.724 496.628 480.233 489.490 481.707 466.067 450.955 431.511 399.630 393.421 356.644 323.665 279.145 252.071 235.901 216.186 211.175 206.957 204.488 199.999 189.636 194.954 207.728 206.530 204.875 207.351 229.514 224.718 208.719 222.459 225.816 235.054 241.118 251.973 257.738 266.824 289.967 311.090 300.085 298.908 292.407 303.828 296.108 296.362 293.610 269.107 272.175 289.704 265.382
-999.250 -999.250 435.456 410.643 457.473 467.870 439.023 455.279 480.992 472.022 473.401 482.821 495.261 474.997 497.806 529.432 535.960 506.549 490.774 482.977 473.977 438.326 414.926 404.768 392.319 365.182 320.064 258.704 223.827 197.614 203.029 199.379 208.832 201.511 203.798 204.134 192.068 198.197 203.981 192.313 218.288 208.462 209.053 197.116 214.056 215.619 209.157 235.369 241.007 246.091 271.138 300.052 287.635 321.107 302.109 315.228 336.183 313.189 314.350 315.115 298.265 275.565 292.062 274.962
-999.250 -999.250 428.053 395.941 425.678 458.772 474.100 461.481 480.839 498.392 465.821 497.280 486.367 504.608 463.504 505.526 557.308 493.271 511.844 474.196 -999.250 438.963 422.794 392.967 396.086 360.851 298.919 250.006 198.584 150.317 182.044 204.663 207.789 210.092 212.477 221.005 209.923 213.069 208.009 217.717 210.957 207.778 193.090 190.686 212.498 217.760 214.435 224.374 237.251 277.449 273.698 281.076 300.638 299.339 322.143 323.594 381.737 377.176 331.128 316.105 315.177 311.932 289.483 299.156
-999.250 455.057 426.981 418.903 454.928 465.265 482.064 484.707 509.174 466.141 477.704 482.480 480.058 495.112 487.820 499.270 519.919 510.850 519.410 -999.250 -999.250 449.579 440.183 426.230 386.712 350.846 301.951 250.613 220.292 203.606 211.376 224.151 227.196 228.988 225.818 228.831 223.245 221.689 208.885 220.195 217.984 197.420 195.260 180.666 205.023 202.966 208.654 220.958 243.498 248.867 263.602 296.938 341.943 362.819 334.790 362.051 363.175 366.621 352.973 353.475 352.871 341.202 311.527 305.721
-999.250 423.809 437.554 479.371 466.170 477.290 483.720 483.946 495.599 475.883 484.197 498.894 485.484 455.896 448.774 490.589 508.565 522.017 -999.250 -999.250 -999.250 -999.250 459.729 422.333 409.101 367.854 320.199 290.045 249.972 237.673 247.599 249.254 246.872 260.008 230.174 240.617 242.067 237.960 223.148 216.400 208.319 197.100 176.780 205.128 200.292 216.747 201.998 207.210 228.012 262.016 242.482 291.624 330.730 356.452 359.454 384.093 388.301 386.503 394.680 364.800 358.244 339.116 313.122 318.358
442.731 421.971 440.776 451.745 455.502 480.595 485.592 488.146 468.318 460.396 480.788 476.381 465.372 478.510 488.222 506.441 535.031 579.904 -999.250 -999.250 -999.250 -999.250 -999.250 425.716 382.145 370.405 323.086 299.828 284.648 280.872 284.915 292.157 301.184 259.969 262.188 252.429 235.664 248.953 231.265 223.149 202.512 207.392 182.766 190.840 209.271 207.346 205.163 216.956 240.124 253.855 273.485 275.093 334.793 362.219 388.024 352.591 377.817 397.371 410.358 373.897 342.450 338.510 319.106 311.794
-999.250 441.203 453.931 447.663 443.698 468.167 465.380 487.949 461.648 471.436 471.210 483.916 476.899 476.763 515.109 534.432 582.176 531.873 -999.250 -999.250 -999.250 -999.250 430.437 414.776 391.403 372.155 352.099 342.979 314.780 325.277 314.490 310.577 305.496 275.642 287.608 259.105 249.575 246.542 230.901 209.171 220.327 198.037 203.073 173.876 187.435 188.081 195.549 207.735 228.386 260.930 286.594 328.580 323.727 351.434 379.744 382.963 431.069 412.021 396.186 387.201 369.874 355.552 348.865 329.244
-999.250 447.485 441.535 434.441 456.300 458.317 443.926 460.255 452.885 452.395 449.250 458.022 450.861 486.381 514.019 556.215 592.110 531.588 -999.250 -999.250 -999.250 463.062 -999.250 412.254 379.226 390.533 386.084 375.935 366.645 358.490 317.670 332.385 314.989 296.132 298.922 282.694 264.764 241.037 215.578 219.511 206.118 195.222 187.495 184.018 163.089 161.354 184.603 218.196 215.337 256.527 302.613 318.655 340.418 378.148 366.182 416.603 418.123 438.288 430.371 423.389 411.021 379.441 378.123 332.379
-999.250 410.034 428.591 448.978 450.669 430.555 446.473 414.397 435.874 418.478 405.769 416.974 450.695 488.793 511.046 543.363 544.456 -999.250 -999.250 -999.250 -999.250 440.098 414.818 379.255 391.588 386.144 400.629 396.508 394.285 370.040 346.841 315.568 317.455 289.576 300.143 285.978 273.506 249.395 225.968 217.778 214.623 188.474 167.049 155.992 157.281 152.627 161.338 195.267 216.630 242.092 269.661 306.198 342.467 369.507 386.118 405.567 407.675 451.164 418.432 420.642 436.108 428.969 411.082 399.936
-999.250 406.671 420.274 416.651 419.037 408.523 409.469 389.690 395.818 414.614 391.832 356.805 438.243 489.166 527.456 567.546 546.016 -999.250 -999.250 -999.250 476.476 449.636 390.530 398.672 400.071 411.674 397.721 394.695 389.144 368.709 359.993 351.368 310.470 311.329 319.431 312.599 299.126 278.608 243.511 212.953 189.004 173.263 149.756 130.756 127.948 129.232 145.924 170.921 206.092 228.103 274.929 312.784 342.195 379.897 395.125 403.164 412.379 453.851 428.626 419.265 429.483 444.913 441.346 422.591
-999.250 -999.250 -999.250 414.464 -999.250 -999.250 430.403 421.500 400.077 -999.250 -999.250 -999.250 464.668 504.226 -999.250 -999.250 -999.250 -999.250 -999.250 -999.250 469.358 446.549 421.516 413.509 411.918 401.886 375.613 400.488 375.901 375.067 367.010 355.039 338.469 327.390 320.663 328.129 293.017 261.286 250.553 227.687 220.034 174.224 138.797 117.039 100.998 87.616 113.257 151.764 197.560 223.477 270.589 330.623 355.306 398.904 415.179 415.639 439.097 441.349 449.720 469.141 460.554 454.698 425.494 442.440
-999.250 -999.250 -999.250 -999.250 -999.250 -999.250 -999.250 -999.250 -999.250 -999.250 -999.250 -999.250 -999.250 510.801 536.810 548.763 -999.250 -999.250 -999.250 491.478 478.775 448.293 435.552 418.828 404.118 399.248 359.209 363.737 364.178 373.360 369.355 355.641 365.176 339.215 342.074 321.649 322.914 278.702 247.325 239.621 223.284 181.497 152.958 111.700 84.741 44.425 103.080 146.661 199.725 228.195 254.217 312.374 355.843 410.385 399.111 415.878 436.248 447.166 435.819 444.302 448.495 463.476 460.882 444.218
-999.250 -999.250 -999.250 -999.250 -999.250 -999.250 -999.250 -999.250 -999.250 -999.250 -999.250 449.718 475.212 510.723 536.489 553.127 -999.250 -999.250 516.462 499.022 467.025 462.007 444.062 444.879 393.024 374.706 354.699 338.943 376.073 383.310 376.679 394.290 352.562 353.046 333.947 319.388 333.347 308.282 256.050 227.527 216.565 186.727 167.555 121.514 105.391 99.299 110.418 151.171 210.555 233.770 274.611 312.856 331.911 395.984 393.155 423.994 428.197 439.277 458.572 458.032 483.698 479.623 478.186 454.058
-999.250 -999.250 -999.250 -999.250 -999.250 -999.250 -999.250 -999.250 -999.250 -999.250 -999.250 440.864 489.474 509.475 536.303 521.619 489.875 498.716 500.021 479.320 467.533 434.735 442.406 436.618 405.968 363.703 308.080 350.399 390.897 411.117 402.527 410.303 383.256 364.753 342.958 353.610 334.437 278.006 250.725 224.311 217.506 197.393 186.592 158.726 149.829 139.079 145.632 188.048 210.427 235.037 263.372 317.491 350.935 403.776 407.546 442.304 431.918 458.552 475.920 490.364 483.973 501.306 487.764 462.600
-999.250 -999.250 -999.250 -999.250 -999.250 -999.250 -999.250 -999.250 -999.250 -999.250 -999.250 -999.250 468.656 505.501 484.943 484.619 455.434 481.163 493.494 468.173 473.234 452.083 441.009 452.368 418.343 378.526 366.424 382.527 382.596 375.665 400.682 404.345 416.020 371.927 352.803 348.958 301.175 274.935 252.677 238.788 215.240 199.345 195.715 184.222 174.452 173.278 178.482 197.753 220.355 234.519 266.350 325.120 332.166 372.200 416.223 440.313 461.631 454.952 466.809 464.491 477.852 490.617 485.792 492.831
-999.250 -999.250 -999.250 -999.250 -999.250 -999.250 -999.250 -999.250 -999.250 -999.250 -999.250 -999.250 -999.250 453.125 479.028 450.544 463.277 462.272 446.376 463.054 455.483 448.572 463.882 459.403 444.923 396.175 424.158 416.099 404.076 401.908 426.289 410.678 433.006 427.832 391.579 354.408 326.817 274.395 292.171 243.994 226.550 232.460 232.292 222.388 224.247 195.709 202.655 224.167 245.574 239.099 286.699 313.457 319.351 357.757 409.582 435.239 470.422 426.861 467.514 438.315 467.106 507.556 495.204 511.363
-999.250 -999.250 -999.250 -999.250 -999.250 -999.250 -999.250 -999.250 -999.250 -999.250 -999.250 -999.250 -999.250 445.393 438.951 456.019 430.435 432.045 429.690 432.934 439.995 462.454 464.114 455.097 451.913 432.200 435.241 422.483 433.093 447.813 446.936 437.755 451.764 443.763 412.492 372.352 341.492 312.208 303.183 274.186 260.075 249.822 228.723 227.569 221.791 217.083 215.953 227.604 262.383 261.616 270.293 305.341 337.716 364.839 401.173 410.080 436.818 434.473 475.249 473.539 512.544 504.382 507.745 501.482
-999.250 -999.250 -999.250 -999.250 -999.250 -999.250 -999.250 -999.250 -999.250 -999.250 -999.250 -999.250 -999.250 467.691 461.163 449.076 447.342 396.947 406.929 412.652 434.328 439.249 458.093 460.072 450.179 436.383 444.400 464.844 441.600 420.314 461.702 456.288 446.648 426.249 421.268 364.854 342.286 326.151 307.435 302.638 281.703 266.437 265.257 251.126 236.414 232.587 227.929 251.226 252.854 266.284 291.103 291.346 309.619 349.687 390.104 438.739 442.924 469.873 461.805 492.224 480.523 502.065 499.084 515.765
-999.250 -999.250 -999.250 -999.250 -999.250 -999.250 -999.250 -999.250 -999.250 -999.250 -999.250 -999.250 -999.250 -999.250 429.793 419.630 429.733 397.454 343.245 375.699 396.973 407.851 436.681 438.235 438.658 458.358 450.975 457.341 463.038 445.618 465.550 431.690 443.573 394.689 388.181 382.233 358.025 348.102 336.600 296.201 298.824 300.672 278.384 253.450 258.717 231.471 242.572 250.267 250.151 266.290 289.990 285.003 275.295 321.133 381.857 395.600 410.779 454.428 482.917 479.564 500.434 520.145 463.377 497.867
-999.250 -999.250 -999.250 -999.250 -999.250 -999.250 -999.250 -999.250 -999.250 -999.250 -999.250 -999.250 -999.250 -999.250 416.806 403.495 393.100 384.558 350.832 364.554 394.399 429.322 435.743 456.836 415.565 478.290 479.534 467.228 467.314 474.937 457.055 424.844 435.874 444.274 415.112 407.524 376.512 368.349 343.461 322.046 285.644 296.493 270.433 254.576 277.976 282.835 284.435 281.283 278.458 268.555 271.588 304.775 295.386 318.546 342.135 360.270 397.280 398.253 467.394 465.549 456.370 464.995 507.101 498.521
-999.250 -999.250 -999.250 -999.250 -999.250 -999.250 -999.250 -999.250 -999.250 -999.250 -999.250 -999.250 -999.250 -999.250 389.864 381.230 382.617 370.848 384.396 409.499 420.504 435.113 438.833 453.808 440.444 465.480 481.202 485.747 488.559 495.165 496.871 477.962 458.639 457.534 429.512 398.842 390.103 353.142 347.335 346.948 318.257 310.064 281.218 270.187 281.310 271.135 265.545 242.872 259.680 260.082 291.701 283.677 298.666 334.557 322.249 334.868 378.014 368.783 438.053 421.676 425.152 451.704 460.469 489.907
-999.250 -999.250 -999.250 -999.250 -999.250 -999.250 -999.250 -999.250 -999.250 -999.250 -999.250 -999.250 -999.250 -999.250 392.381 386.900 382.572 377.696 380.539 413.709 433.556 462.021 467.128 478.296 468.625 -999.250 492.133 509.053 513.929 504.366 502.577 499.905 475.447 456.134 393.873 381.146 388.611 377.507 344.872 344.975 340.247 292.807 310.353 286.056 292.043 262.894 249.498 261.824 273.483 261.226 281.908 272.152 297.840 306.868 337.483 320.833 356.262 358.832 359.322 409.860 422.492 439.569 443.009 435.417
