data/medianmodel_15-Feb-2021.asc
ncols	141
nrows	288
xllcorner	-120191.398
yllcorner	-301404.813
cellsize	2000.000
NODATA_value	-999.250
[rows 0 to 28 of 288, columns 65 to 129 of 141]
-999.250 -999.250 -999.250 -999.250 -999.250 -999.250 -999.250 -999.250 -999.250 -999.250 -999.250 -999.250 -999.250 -999.250 -999.250 -999.250 -999.250 -999.250 -999.250 -999.250 -999.250 -999.250 -999.250 -999.250 -999.250 -999.250 -999.250 -999.250 -999.250 -999.250 -999.250 -999.250 -999.250 -999.250 -999.250 -999.250 -999.250 -999.250 -999.250 -999.250 -999.250 -999.250 -999.250 -999.250 -999.250 -999.250 -999.250 -999.250 -999.250 -999.250 -999.250 -999.250 -999.250 -999.250 -999.250 -999.250 -999.250 -999.250 -999.250 -999.250 -999.250 -999.250 -999.250 -999.250 -999.250
-999.250 -999.250 -999.250 -999.250 -999.250 -999.250 -999.250 -999.250 -999.250 -999.250 -999.250 -999.250 -999.250 -999.250 -999.250 -999.250 -999.250 -999.250 -999.250 -999.250 -999.250 -999.250 -999.250 -999.250 -999.250 -999.250 -999.250 -999.250 -999.250 -999.250 -999.250 -999.250 -999.250 -999.250 -999.250 -999.250 -999.250 -999.250 -999.250 -999.250 -999.250 -999.250 -999.250 -999.250 -999.250 -999.250 -999.250 -999.250 -999.250 -999.250 -999.250 -999.250 -999.250 -999.250 -999.250 -999.250 -999.250 -999.250 -999.250 -999.250 -999.250 -999.250 -999.250 -999.250 -999.250
-999.250 -999.250 -999.250 -999.250 -999.250 -999.250 -999.250 -999.250 -999.250 -999.250 -999.250 -999.250 -999.250 -999.250 -999.250 -999.250 -999.250 -999.250 -999.250 -999.250 -999.250 -999.250 -999.250 -999.250 -999.250 -999.250 -999.250 -999.250 -999.250 -999.250 -999.250 -999.250 -999.250 -999.250 -999.250 -999.250 -999.250 -999.250 -999.250 -999.250 -999.250 -999.250 -999.250 -999.250 -999.250 -999.250 -999.250 -999.250 -999.250 -999.250 -999.250 -999.250 -999.250 -999.250 -999.250 -999.250 -999.250 -999.250 -999.250 -999.250 -999.250 -999.250 -999.250 -999.250 -999.250
-999.250 -999.250 -999.250 -999.250 -999.250 -999.250 -999.250 -999.250 -999.250 -999.250 -999.250 -999.250 -999.250 -999.250 -999.250 -999.250 -999.250 -999.250 -999.250 -999.250 -999.250 -999.250 -999.250 -999.250 -999.250 -999.250 -999.250 -999.250 -999.250 -999.250 -999.250 -999.250 -999.250 -999.250 -999.250 -999.250 -999.250 -999.250 -999.250 -999.250 -999.250 -999.250 -999.250 -999.250 -999.250 -999.250 -999.250 -999.250 -999.250 -999.250 -999.250 -999.250 -999.250 -999.250 -999.250 -999.250 -999.250 -999.250 -999.250 -999.250 -999.250 -999.250 -999.250 -999.250 -999.250
-999.250 -999.250 -999.250 -999.250 -999.250 -999.250 -999.250 -999.250 -999.250 -999.250 -999.250 -999.250 -999.250 -999.250 -999.250 -999.250 -999.250 -999.250 -999.250 -999.250 -999.250 -999.250 -999.250 -999.250 -999.250 -999.250 -999.250 -999.250 -999.250 -999.250 -999.250 -999.250 -999.250 -999.250 -999.250 -999.250 -999.250 -999.250 -999.250 -999.250 -999.250 -999.250 -999.250 -999.250 -999.250 -999.250 -999.250 -999.250 -999.250 -999.250 -999.250 -999.250 -999.250 -999.250 -999.250 -999.250 -999.250 -999.250 -999.250 -999.250 -999.250 -999.250 -999.250 -999.250 -999.250
-999.250 -999.250 -999.250 -999.250 -999.250 -999.250 -999.250 -999.250 -999.250 -999.250 -999.250 -999.250 -999.250 -999.250 -999.250 -999.250 -999.250 -999.250 -999.250 -999.250 -999.250 -999.250 -999.250 -999.250 -999.250 -999.250 -999.250 -999.250 -999.250 -999.250 -999.250 -999.250 -999.250 -999.250 -999.250 -999.250 -999.250 -999.250 -999.250 -999.250 -999.250 -999.250 -999.250 -999.250 -999.250 -999.250 -999.250 -999.250 -999.250 -999.250 -999.250 -999.250 -999.250 -999.250 -999.250 -999.250 -999.250 -999.250 -999.250 -999.250 -999.250 -999.250 -999.250 -999.250 -999.250
-999.250 -999.250 -999.250 -999.250 -999.250 -999.250 -999.250 -999.250 -999.250 -999.250 -999.250 -999.250 -999.250 -999.250 -999.250 -999.250 -999.250 -999.250 -999.250 -999.250 -999.250 -999.250 -999.250 -999.250 -999.250 -999.250 -999.250 -999.250 -999.250 -999.250 -999.250 -999.250 -999.250 -999.250 -999.250 -999.250 -999.250 -999.250 -999.250 -999.250 -999.250 -999.250 -999.250 -999.250 -999.250 -999.250 -999.250 -999.250 -999.250 -999.250 -999.250 -999.250 -999.250 -999.250 -999.250 -999.250 -999.250 -999.250 -999.250 -999.250 -999.250 -999.250 -999.250 -999.250 -999.250
-999.250 -999.250 -999.250 -999.250 -999.250 -999.250 -999.250 -999.250 -999.250 -999.250 -999.250 -999.250 -999.250 -999.250 -999.250 -999.250 -999.250 -999.250 -999.250 -999.250 -999.250 -999.250 -999.250 -999.250 -999.250 -999.250 -999.250 -999.250 -999.250 -999.250 -999.250 -999.250 -999.250 -999.250 -999.250 -999.250 -999.250 -999.250 -999.250 -999.250 -999.250 -999.250 -999.250 -999.250 -999.250 -999.250 -999.250 -999.250 -999.250 -999.250 -999.250 -999.250 -999.250 -999.250 -999.250 -999.250 -999.250 -999.250 -999.250 -999.250 -999.250 -999.250 -999.250 -999.250 -999.250
-999.250 -999.250 -999.250 -999.250 -999.250 -999.250 -999.250 -999.250 -999.250 -999.250 -999.250 -999.250 -999.250 -999.250 -999.250 -999.250 -999.250 -999.250 -999.250 -999.250 -999.250 -999.250 -999.250 -999.250 -999.250 -999.250 -999.250 -999.250 -999.250 -999.250 -999.250 -999.250 -999.250 -999.250 -999.250 -999.250 -999.250 -999.250 -999.250 -999.250 -999.250 -999.250 -999.250 -999.250 -999.250 -999.250 -999.250 -999.250 -999.250 382.481 -999.250 -999.250 -999.250 -999.250 -999.250 -999.250 -999.250 -999.250 -999.250 -999.250 -999.250 -999.250 -999.250 -999.250 -999.250
-999.250 -999.250 -999.250 -999.250 -999.250 -999.250 -999.250 -999.250 -999.250 -999.250 -999.250 -999.250 -999.250 -999.250 -999.250 -999.250 -999.250 -999.250 -999.250 -999.250 -999.250 -999.250 -999.250 -999.250 -999.250 -999.250 -999.250 -999.250 -999.250 -999.250 -999.250 -999.250 -999.250 -999.250 183.456 194.285 173.355 178.373 -999.250 -999.250 -999.250 -999.250 219.213 -999.250 -999.250 -999.250 -999.250 -999.250 -999.250 369.120 378.908 -999.250 -999.250 -999.250 -999.250 -999.250 -999.250 -999.250 -999.250 -999.250 -999.250 -999.250 -999.250 -999.250 -999.250
-999.250 -999.250 -999.250 -999.250 -999.250 -999.250 -999.250 -999.250 -999.250 -999.250 -999.250 -999.250 -999.250 -999.250 -999.250 -999.250 -999.250 -999.250 -999.250 -999.250 -999.250 -999.250 -999.250 -999.250 -999.250 -999.250 -999.250 -999.250 -999.250 -999.250 -999.250 -999.250 -999.250 -999.250 194.091 178.757 179.340 184.785 -999.250 -999.250 -999.250 204.861 220.745 240.819 -999.250 -999.250 -999.250 -999.250 -999.250 362.468 379.504 406.449 -999.250 -999.250 -999.250 -999.250 -999.250 -999.250 485.223 485.202 -999.250 -999.250 -999.250 -999.250 -999.250
-999.250 -999.250 -999.250 -999.250 -999.250 -999.250 -999.250 -999.250 -999.250 -999.250 -999.250 -999.250 -999.250 -999.250 -999.250 -999.250 -999.250 -999.250 -999.250 -999.250 -999.250 -999.250 -999.250 -999.250 -999.250 -999.250 -999.250 -999.250 -999.250 -999.250 -999.250 -999.250 -999.250 -999.250 188.093 191.156 187.940 181.897 191.706 186.476 200.038 207.019 225.842 240.527 273.179 286.602 310.283 327.620 350.741 384.377 374.305 381.413 412.854 440.019 419.847 421.374 420.287 459.580 470.198 480.251 -999.250 -999.250 -999.250 -999.250 -999.250
-999.250 -999.250 -999.250 -999.250 443.148 -999.250 -999.250 -999.250 -999.250 -999.250 -999.250 -999.250 -999.250 -999.250 -999.250 -999.250 -999.250 -999.250 -999.250 -999.250 -999.250 -999.250 -999.250 -999.250 -999.250 -999.250 -999.250 -999.250 -999.250 -999.250 -999.250 -999.250 -999.250 -999.250 185.749 182.063 192.701 190.295 185.389 186.564 194.545 210.873 214.346 235.650 245.866 283.150 299.896 333.798 351.828 385.409 404.106 411.730 418.198 432.200 432.098 425.098 436.861 433.547 452.550 444.741 -999.250 -999.250 -999.250 -999.250 -999.250
-999.250 -999.250 -999.250 -999.250 458.175 -999.250 -999.250 -999.250 -999.250 -999.250 -999.250 -999.250 467.897 -999.250 -999.250 -999.250 -999.250 -999.250 -999.250 -999.250 -999.250 -999.250 -999.250 -999.250 -999.250 -999.250 -999.250 -999.250 -999.250 -999.250 -999.250 -999.250 -999.250 -999.250 190.691 188.563 184.716 181.233 177.282 186.638 197.713 208.984 219.838 223.280 246.597 271.667 295.776 330.671 359.630 384.132 415.795 416.053 423.892 426.941 436.827 434.842 443.897 456.075 454.585 453.189 -999.250 -999.250 -999.250 -999.250 -999.250
-999.250 -999.250 -999.250 -999.250 443.481 -999.250 -999.250 -999.250 -999.250 513.809 558.268 518.089 545.030 484.881 -999.250 -999.250 -999.250 -999.250 -999.250 -999.250 -999.250 -999.250 -999.250 -999.250 -999.250 -999.250 -999.250 -999.250 -999.250 -999.250 -999.250 -999.250 -999.250 -999.250 185.521 176.757 183.975 182.972 176.469 184.270 199.362 199.743 212.098 231.757 254.020 301.740 320.764 331.471 375.472 395.246 407.326 426.990 449.105 449.834 445.077 457.141 456.057 470.590 458.352 465.594 456.418 -999.250 -999.250 -999.250 -999.250
-999.250 432.439 418.398 411.580 415.651 -999.250 -999.250 463.398 498.881 537.177 550.169 527.678 549.791 550.520 528.723 529.470 502.939 -999.250 -999.250 -999.250 -999.250 -999.250 -999.250 -999.250 -999.250 -999.250 -999.250 -999.250 -999.250 -999.250 -999.250 201.077 190.371 182.225 183.143 180.284 188.151 189.057 178.246 181.100 187.682 196.291 208.021 222.945 251.264 289.526 315.423 342.441 368.408 404.260 422.285 444.619 465.367 456.834 467.263 444.438 446.155 455.340 454.692 471.286 454.800 -999.250 -999.250 -999.250 -999.250
430.958 402.720 410.717 400.374 420.433 -999.250 438.412 465.828 506.179 541.529 567.580 559.438 582.574 561.126 570.679 559.391 -999.250 -999.250 -999.250 -999.250 -999.250 349.558 316.780 -999.250 -999.250 -999.250 210.635 -999.250 -999.250 196.601 202.859 191.300 190.471 185.211 187.702 180.704 181.472 192.171 184.116 180.753 187.590 191.601 207.274 223.418 247.587 276.139 304.053 333.236 376.538 408.948 440.106 470.297 480.291 482.138 467.724 464.730 455.363 467.202 444.171 440.009 457.393 -999.250 -999.250 -999.250 -999.250
413.948 418.224 388.382 380.555 409.287 413.620 434.959 476.589 514.960 560.396 574.552 609.654 637.135 660.300 611.204 615.329 -999.250 -999.250 482.464 440.954 389.038 351.620 313.839 285.466 -999.250 243.295 221.855 207.664 195.648 195.516 197.516 190.952 188.939 191.427 181.952 177.804 183.656 186.552 181.984 188.634 191.209 193.648 200.182 220.287 240.404 287.362 301.020 336.000 362.088 394.647 428.318 455.614 485.018 489.431 473.992 452.969 481.826 449.402 437.137 420.424 422.304 -999.250 -999.250 -999.250 -999.250
405.961 393.459 385.692 384.015 380.558 390.625 413.385 471.913 518.507 568.061 603.374 632.318 687.102 699.872 671.442 679.375 617.469 568.228 538.098 489.633 414.619 364.819 321.157 281.690 248.610 242.606 223.311 217.865 209.128 209.925 195.245 195.291 191.728 192.952 185.221 187.692 186.947 188.712 193.927 191.958 201.878 211.060 204.674 217.970 227.965 263.144 289.307 319.426 340.937 373.264 412.200 439.888 459.084 474.928 471.718 458.396 452.255 427.673 450.959 425.876 413.686 -999.250 -999.250 -999.250 -999.250
426.777 403.959 369.275 356.185 359.141 368.189 395.142 442.787 499.599 547.362 636.331 706.829 765.088 769.887 752.926 732.464 700.831 640.080 605.874 516.496 438.034 366.268 309.618 274.351 265.517 240.862 235.549 220.601 222.115 219.102 207.576 197.889 192.407 192.773 183.139 188.091 184.451 189.662 196.203 198.652 202.428 217.006 218.728 213.021 238.839 264.851 292.158 319.189 339.059 374.265 404.738 431.687 441.772 448.883 459.186 441.603 436.346 452.527 431.176 424.420 394.875 -999.250 -999.250 -999.250 -999.250
409.621 386.247 371.969 360.408 343.820 345.405 366.757 417.204 489.771 584.255 689.493 729.449 786.752 801.916 789.389 808.422 759.786 732.467 673.188 572.719 465.049 380.774 305.463 270.218 257.889 236.601 229.876 233.742 236.023 230.928 223.027 208.151 202.139 206.319 197.668 204.547 188.595 191.033 198.893 211.749 215.155 218.753 219.655 221.176 241.956 257.218 304.490 306.968 352.871 365.706 369.997 404.896 422.652 423.633 419.086 430.290 421.237 427.982 424.562 418.288 -999.250 -999.250 -999.250 -999.250 -999.250
376.828 388.868 377.014 363.752 353.177 346.571 333.445 435.551 517.451 629.902 746.618 791.747 856.375 871.501 869.513 851.928 819.492 774.704 719.611 599.787 496.214 381.210 274.509 265.640 250.858 252.225 252.834 248.109 244.806 250.368 239.804 236.113 221.839 217.755 219.513 202.726 196.743 195.683 203.335 210.874 217.522 235.786 218.740 221.382 239.916 256.086 304.295 304.220 321.609 351.154 379.340 367.987 402.231 408.222 402.169 414.716 410.191 403.732 407.904 391.566 -999.250 -999.250 -999.250 -999.250 -999.250
361.067 376.497 382.443 380.039 377.487 390.299 404.891 472.580 550.730 684.195 750.360 826.859 899.992 898.285 922.492 908.658 875.652 837.428 750.917 627.660 516.128 411.157 325.685 308.372 271.398 267.359 275.466 253.856 268.708 253.484 248.022 267.165 255.447 236.758 233.012 222.485 218.005 197.962 208.385 220.617 214.675 216.400 204.623 216.547 220.303 249.238 268.027 301.795 327.524 313.384 342.652 366.845 386.298 402.091 390.519 398.127 396.495 392.005 384.572 403.803 -999.250 -999.250 -999.250 -999.250 -999.250
381.836 391.115 387.948 388.787 406.604 439.057 476.501 522.261 602.205 709.071 779.712 878.668 920.183 1038.980 1074.755 1037.824 906.318 863.979 785.828 653.361 536.429 439.594 393.908 340.511 304.393 285.056 282.180 282.592 276.864 268.991 268.634 264.281 272.802 272.415 248.023 250.960 224.033 232.818 221.880 212.078 213.838 212.758 210.457 229.125 232.167 249.591 260.570 281.114 288.673 297.628 308.155 336.566 359.599 358.521 372.971 376.754 375.945 364.127 368.656 369.658 -999.250 -999.250 -999.250 -999.250 -999.250
385.245 400.674 403.174 400.324 418.024 472.555 519.855 562.662 636.362 733.730 811.183 897.868 1008.829 1070.430 1260.504 1135.416 959.218 858.785 768.587 657.642 569.718 472.560 417.851 372.417 339.853 324.352 296.789 301.546 299.505 296.655 299.917 290.853 298.158 268.640 276.795 260.824 241.956 231.269 239.158 217.928 216.196 216.557 210.240 221.901 243.447 260.455 272.188 283.209 294.447 304.696 291.818 327.897 351.089 359.262 370.731 371.014 376.385 368.293 379.313 369.248 -999.250 -999.250 -999.250 -999.250 -999.250
389.664 401.488 422.273 426.704 450.807 514.394 557.883 600.761 679.620 743.568 834.851 902.869 949.654 1055.121 1093.096 1027.648 920.432 861.018 757.192 679.528 584.438 514.495 436.909 383.149 355.415 339.215 327.707 325.092 319.028 326.371 320.641 320.099 302.741 281.298 295.494 277.300 262.371 247.862 257.770 238.131 220.001 215.849 209.938 219.325 224.571 229.553 264.153 275.155 278.089 284.235 293.264 302.179 333.044 335.946 347.401 342.543 339.597 360.166 370.319 337.683 342.384 -999.250 -999.250 -999.250 -999.250
387.169 406.193 421.924 437.719 476.803 514.357 566.431 596.754 684.252 738.072 798.760 854.189 903.362 962.976 982.073 928.787 876.514 831.340 749.977 669.523 567.585 510.844 455.197 407.053 371.291 371.903 362.840 345.683 344.075 356.286 324.851 319.989 317.318 313.793 304.392 287.912 278.654 281.372 260.443 255.608 242.773 216.090 223.036 213.755 216.753 229.499 241.348 256.107 262.965 266.046 291.974 308.191 314.257 308.889 330.036 327.695 320.839 339.258 351.772 349.193 338.272 344.018 -999.250 331.143 336.573
376.622 382.287 408.593 428.010 465.353 490.145 550.868 600.979 658.472 714.552 741.325 830.050 845.990 885.084 893.637 869.759 830.410 793.386 721.960 613.585 581.916 503.753 445.939 430.153 406.430 378.676 380.429 364.595 353.408 354.096 343.620 350.183 343.541 341.594 323.901 320.038 306.174 286.704 286.769 276.085 260.766 235.551 218.468 216.856 213.647 212.502 220.445 226.712 241.227 254.852 271.851 272.932 279.361 296.170 314.815 319.029 302.394 323.746 319.919 311.385 318.656 319.019 328.461 332.661 331.861
378.094 378.850 377.490 400.687 439.220 474.861 516.606 599.085 653.244 697.585 726.362 769.698 822.496 843.876 823.723 822.151 773.676 736.044 663.774 604.521 550.217 490.387 437.235 411.233 396.205 386.527 372.958 368.412 375.260 371.818 374.599 372.218 370.904 361.932 332.754 341.495 333.396 317.013 302.540 291.489 268.766 232.346 220.293 214.828 207.492 203.348 204.717 222.653 222.324 233.026 249.916 267.237 264.325 279.382 298.290 314.420 292.588 309.898 297.535 302.332 300.503 302.401 314.088 319.448 318.893
