data/medianmodel_31-Jul-2020.asc
ncols	141
nrows	288
xllcorner	-120191.398
yllcorner	-301404.813
cellsize	2000.000
NODATA_value	-999.250
[rows 30 to 59 of 288, columns 0 to 68 of 141]
-999.250 -999.250 -999.250 -999.250 -999.250 -999.250 -999.250 -999.250 -999.250 -999.250 -999.250 -999.250 -999.250 -999.250 -999.250 -999.250 -999.250 -999.250 -999.250 -999.250 -999.250 -999.250 -999.250 -999.250 -999.250 -999.250 -999.250 -999.250 -999.250 -999.250 -999.250 0.000 0.000 0.000 0.000 0.000 0.000 0.000 0.000 0.000 0.000 0.000 0.000 0.000 0.000 0.000 1.725 2.484 2.820 4.097 4.003 1.872 0.000 0.000 0.000 0.000 0.000 0.000 0.000 0.000 0.000 0.000 0.000 0.000 0.000 0.000 0.000 0.000 0.000
-999.250 -999.250 -999.250 -999.250 -999.250 -999.250 -999.250 -999.250 -999.250 -999.250 -999.250 -999.250 -999.250 -999.250 -999.250 -999.250 -999.250 -999.250 -999.250 -999.250 -999.250 -999.250 -999.250 -999.250 -999.250 -999.250 -999.250 -999.250 -999.250 -999.250 -999.250 -999.250 0.000 0.000 0.000 0.000 0.000 0.000 0.000 0.000 0.000 0.000 0.000 0.000 0.000 0.000 0.478 0.918 0.737 1.948 1.426 0.101 0.000 0.000 0.000 0.000 0.000 0.000 0.000 0.000 0.000 0.000 0.000 0.000 0.000 0.000 0.000 0.000 0.000
-999.250 -999.250 -999.250 -999.250 -999.250 -999.250 -999.250 -999.250 -999.250 -999.250 -999.250 -999.250 -999.250 -999.250 -999.250 -999.250 -999.250 -999.250 -999.250 -999.250 -999.250 -999.250 -999.250 -999.250 -999.250 -999.250 -999.250 -999.250 -999.250 -999.250 -999.250 -999.250 0.000 0.000 0.000 0.000 0.000 0.000 0.000 0.000 0.000 0.000 0.000 0.000 0.000 0.000 0.000 2.148 4.100 1.063 0.000 0.000 0.000 0.000 0.000 0.000 0.000 0.000 0.000 0.000 0.000 0.000 0.000 0.000 0.000 0.000 0.000 0.000 0.000
-999.250 -999.250 -999.250 -999.250 -999.250 -999.250 -999.250 -999.250 -999.250 -999.250 -999.250 -999.250 -999.250 -999.250 -999.250 -999.250 -999.250 -999.250 -999.250 -999.250 -999.250 -999.250 -999.250 -999.250 -999.250 -999.250 -999.250 -999.250 -999.250 -999.250 -999.250 -999.250 0.000 0.000 0.000 0.000 0.000 0.000 0.000 0.000 0.861 0.000 0.000 0.000 0.000 0.000 0.534 3.009 4.927 1.359 0.000 0.000 0.000 0.000 0.000 0.000 0.000 0.000 0.000 0.000 0.000 0.000 0.000 0.000 0.000 0.000 0.000 0.000 0.000
-999.250 -999.250 -999.250 -999.250 -999.250 -999.250 -999.250 -999.250 -999.250 -999.250 -999.250 -999.250 -999.250 -999.250 -999.250 -999.250 -999.250 -999.250 -999.250 -999.250 -999.250 -999.250 -999.250 -999.250 -999.250 -999.250 -999.250 -999.250 -999.250 -999.250 -999.250 -999.250 0.000 0.000 0.000 0.000 0.000 0.000 0.000 0.000 0.000 0.000 0.000 0.000 0.000 0.000 0.643 1.376 2.118 1.298 0.000 0.000 0.000 0.000 0.000 0.000 0.000 0.000 0.000 0.000 0.000 0.000 0.000 0.000 0.000 0.000 0.000 0.000 0.000
-999.250 -999.250 -999.250 -999.250 -999.250 -999.250 -999.250 -999.250 -999.250 -999.250 -999.250 -999.250 -999.250 -999.250 -999.250 -999.250 -999.250 -999.250 -999.250 -999.250 -999.250 -999.250 -999.250 -999.250 -999.250 -999.250 -999.250 -999.250 -999.250 -999.250 -999.250 -999.250 2.481 4.002 1.316 0.772 1.753 2.544 1.690 1.522 1.593 0.759 0.153 2.049 1.349 0.217 0.678 0.000 0.653 0.000 0.000 0.000 0.000 0.000 0.000 0.000 0.000 0.000 0.000 0.000 0.000 0.000 0.000 0.000 0.000 0.000 0.000 0.000 0.000
-999.250 -999.250 -999.250 -999.250 -999.250 -999.250 -999.250 -999.250 -999.250 -999.250 -999.250 -999.250 -999.250 -999.250 -999.250 -999.250 -999.250 -999.250 -999.250 -999.250 -999.250 -999.250 -999.250 -999.250 -999.250 -999.250 -999.250 -999.250 -999.250 -999.250 -999.250 -999.250 5.621 7.027 6.292 4.320 4.147 5.688 5.048 5.264 3.165 2.534 3.850 2.823 3.163 1.435 1.126 0.619 0.194 0.000 0.000 0.000 0.000 0.000 0.000 0.000 0.000 0.000 0.000 0.000 0.000 0.000 0.000 0.000 0.000 0.000 0.000 0.000 0.000
-999.250 -999.250 -999.250 -999.250 -999.250 -999.250 -999.250 -999.250 -999.250 -999.250 -999.250 -999.250 -999.250 -999.250 -999.250 -999.250 -999.250 -999.250 -999.250 -999.250 -999.250 -999.250 -999.250 -999.250 -999.250 -999.250 -999.250 -999.250 -999.250 -999.250 -999.250 -999.250 -999.250 9.681 8.724 9.085 9.237 11.136 9.523 8.333 6.252 6.483 6.077 4.038 4.375 2.886 2.618 1.752 2.370 1.179 0.345 0.000 0.000 0.000 0.000 0.000 0.000 0.000 0.356 0.000 0.000 0.000 0.000 0.000 0.000 0.000 0.000 0.000 0.000
-999.250 -999.250 -999.250 -999.250 -999.250 -999.250 -999.250 -999.250 -999.250 -999.250 -999.250 -999.250 -999.250 -999.250 -999.250 -999.250 -999.250 -999.250 -999.250 -999.250 -999.250 -999.250 -999.250 -999.250 -999.250 -999.250 -999.250 -999.250 -999.250 -999.250 -999.250 -999.250 -999.250 11.862 11.267 13.250 17.256 17.721 15.616 11.471 9.844 9.678 8.408 6.758 5.401 4.371 3.207 2.748 2.599 2.125 2.247 1.410 1.376 0.000 0.000 0.000 0.000 0.738 4.162 0.444 0.000 0.000 0.000 0.000 0.000 0.000 0.000 0.088 0.000
-999.250 -999.250 -999.250 -999.250 -999.250 -999.250 -999.250 -999.250 -999.250 -999.250 -999.250 -999.250 -999.250 -999.250 -999.250 -999.250 -999.250 -999.250 -999.250 -999.250 -999.250 -999.250 -999.250 -999.250 -999.250 -999.250 -999.250 -999.250 -999.250 -999.250 -999.250 -999.250 14.657 15.105 16.745 21.387 20.099 23.754 20.300 12.455 12.215 13.603 8.709 9.609 9.747 6.857 5.489 4.983 4.303 5.916 4.505 3.739 4.596 3.886 2.163 0.601 0.391 0.719 1.743 0.282 0.000 0.000 0.000 0.000 0.000 0.000 1.043 3.038 2.590
-999.250 -999.250 -999.250 -999.250 -999.250 -999.250 -999.250 -999.250 -999.250 -999.250 -999.250 -999.250 -999.250 -999.250 -999.250 -999.250 -999.250 -999.250 -999.250 -999.250 -999.250 -999.250 -999.250 -999.250 -999.250 -999.250 -999.250 -999.250 -999.250 -999.250 -999.250 -999.250 20.749 22.449 23.321 28.310 30.230 26.706 28.333 19.594 16.903 12.555 12.051 12.318 13.770 8.367 7.742 5.266 6.363 7.447 7.398 8.531 9.159 7.710 6.043 3.838 1.638 0.154 0.379 0.000 0.000 0.000 0.000 0.000 0.000 2.297 4.500 7.150 5.567
-999.250 -999.250 -999.250 -999.250 -999.250 -999.250 -999.250 -999.250 -999.250 -999.250 -999.250 -999.250 -999.250 -999.250 -999.250 -999.250 -999.250 -999.250 -999.250 -999.250 -999.250 -999.250 -999.250 -999.250 -999.250 -999.250 -999.250 -999.250 -999.250 -999.250 -999.250 -999.250 -999.250 36.899 38.226 40.914 46.536 41.014 33.950 26.516 25.312 19.298 12.064 12.974 18.986 9.473 5.971 5.827 5.401 7.937 9.961 12.980 16.816 13.834 9.233 5.568 4.075 2.802 0.612 0.000 0.000 0.000 0.000 0.000 0.000 3.407 7.451 14.397 8.888
-999.250 -999.250 -999.250 -999.250 -999.250 -999.250 -999.250 -999.250 -999.250 -999.250 -999.250 -999.250 -999.250 -999.250 -999.250 -999.250 -999.250 -999.250 -999.250 -999.250 -999.250 -999.250 -999.250 -999.250 -999.250 -999.250 -999.250 -999.250 -999.250 -999.250 -999.250 -999.250 -999.250 48.457 54.102 59.608 55.554 47.457 41.650 35.143 34.096 20.014 12.906 10.339 9.167 7.144 4.406 4.668 4.940 8.827 11.224 18.829 29.292 20.378 11.354 6.987 5.876 4.038 0.582 0.000 0.000 0.000 0.000 0.000 0.000 3.471 6.415 9.231 7.863
-999.250 -999.250 -999.250 -999.250 -999.250 -999.250 -999.250 -999.250 -999.250 -999.250 -999.250 -999.250 -999.250 -999.250 -999.250 -999.250 -999.250 -999.250 -999.250 -999.250 -999.250 -999.250 -999.250 -999.250 -999.250 -999.250 -999.250 -999.250 -999.250 -999.250 -999.250 -999.250 -999.250 63.002 68.897 76.503 70.382 55.867 41.418 36.439 24.631 19.461 12.962 7.848 5.589 3.698 1.504 2.939 5.575 7.483 11.158 19.586 22.835 17.923 13.166 7.397 5.227 5.317 0.807 0.000 0.000 0.000 0.000 0.000 0.173 4.686 6.425 6.016 8.032
-999.250 -999.250 -999.250 -999.250 -999.250 -999.250 -999.250 -999.250 -999.250 -999.250 -999.250 -999.250 -999.250 -999.250 -999.250 -999.250 -999.250 -999.250 -999.250 -999.250 -999.250 -999.250 -999.250 -999.250 -999.250 -999.250 -999.250 -999.250 -999.250 -999.250 -999.250 -999.250 -999.250 -999.250 84.296 95.120 78.422 60.591 41.617 34.135 23.698 11.853 7.801 5.062 1.900 1.235 0.353 2.086 4.545 8.430 11.232 15.678 18.715 13.827 10.915 7.976 4.983 3.631 0.188 0.000 0.000 0.000 0.000 0.000 1.656 3.351 4.869 5.574 7.190
-999.250 -999.250 -999.250 -999.250 -999.250 -999.250 -999.250 -999.250 -999.250 -999.250 -999.250 -999.250 -999.250 -999.250 -999.250 -999.250 -999.250 -999.250 -999.250 -999.250 -999.250 -999.250 -999.250 -999.250 -999.250 -999.250 -999.250 -999.250 -999.250 -999.250 -999.250 -999.250 -999.250 -999.250 73.818 80.845 75.769 59.039 42.268 27.712 20.173 9.224 4.976 2.603 0.000 0.000 0.000 2.075 5.654 10.055 13.119 12.371 13.426 12.801 10.737 6.597 3.929 2.658 0.000 0.000 0.000 0.000 0.000 0.220 1.575 4.507 5.075 4.759 6.597
-999.250 -999.250 -999.250 -999.250 -999.250 -999.250 -999.250 -999.250 -999.250 -999.250 -999.250 -999.250 -999.250 -999.250 -999.250 -999.250 -999.250 -999.250 -999.250 -999.250 -999.250 -999.250 -999.250 -999.250 -999.250 -999.250 -999.250 -999.250 -999.250 -999.250 -999.250 -999.250 -999.250 -999.250 78.183 73.557 62.914 51.157 39.328 28.211 14.664 6.900 0.963 0.000 0.000 0.000 0.000 2.331 5.843 10.837 17.628 15.049 13.791 12.693 10.581 6.506 4.144 0.818 0.000 0.000 0.000 0.000 0.000 1.203 3.696 5.807 6.355 6.787 8.553
-999.250 -999.250 -999.250 -999.250 -999.250 -999.250 -999.250 -999.250 -999.250 -999.250 -999.250 -999.250 -999.250 -999.250 -999.250 -999.250 -999.250 -999.250 -999.250 -999.250 -999.250 -999.250 -999.250 -999.250 -999.250 -999.250 -999.250 -999.250 -999.250 -999.250 -999.250 -999.250 -999.250 -999.250 61.086 58.885 57.788 44.667 25.115 19.985 11.132 4.418 0.444 0.000 0.000 0.000 0.074 3.412 6.660 10.297 12.200 12.095 13.641 12.307 14.972 7.746 3.342 0.000 0.000 0.000 0.000 0.000 0.000 2.414 6.262 7.213 9.484 9.590 10.231
-999.250 -999.250 -999.250 -999.250 -999.250 -999.250 -999.250 -999.250 -999.250 -999.250 -999.250 -999.250 -999.250 -999.250 -999.250 -999.250 -999.250 -999.250 -999.250 -999.250 -999.250 -999.250 -999.250 -999.250 -999.250 -999.250 -999.250 -999.250 -999.250 -999.250 -999.250 -999.250 -999.250 -999.250 -999.250 46.400 41.232 29.951 18.775 15.557 9.364 4.935 0.639 0.000 0.000 0.000 0.182 2.641 7.511 9.725 8.887 10.059 9.926 10.464 10.131 6.270 3.900 0.000 0.000 0.000 0.000 0.000 1.880 5.728 9.202 10.886 14.474 13.095 9.123
-999.250 -999.250 -999.250 -999.250 -999.250 -999.250 -999.250 -999.250 -999.250 -999.250 -999.250 -999.250 -999.250 -999.250 -999.250 -999.250 -999.250 -999.250 -999.250 -999.250 -999.250 -999.250 -999.250 -999.250 -999.250 -999.250 -999.250 -999.250 -999.250 -999.250 -999.250 -999.250 -999.250 -999.250 -999.250 34.584 30.071 18.858 13.921 10.529 9.138 5.533 3.469 1.367 0.000 0.179 1.386 3.844 6.094 7.231 7.919 7.560 7.655 7.300 6.076 4.970 2.016 0.000 0.000 0.000 0.000 3.758 6.442 11.108 16.227 20.356 23.045 21.224 18.656
-999.250 -999.250 -999.250 -999.250 -999.250 -999.250 -999.250 -999.250 -999.250 -999.250 -999.250 -999.250 -999.250 -999.250 -999.250 -999.250 -999.250 -999.250 -999.250 -999.250 -999.250 -999.250 -999.250 -999.250 -999.250 -999.250 -999.250 -999.250 -999.250 -999.250 -999.250 -999.250 -999.250 -999.250 -999.250 23.307 18.015 11.314 9.865 12.952 8.910 7.368 5.402 3.532 0.854 0.559 0.372 2.829 3.900 6.441 7.419 6.871 6.070 4.956 3.409 1.588 0.021 0.000 0.000 0.000 3.069 7.710 11.746 18.638 29.689 37.690 38.059 32.663 25.378
-999.250 -999.250 -999.250 -999.250 -999.250 -999.250 -999.250 -999.250 -999.250 -999.250 -999.250 -999.250 -999.250 -999.250 -999.250 -999.250 -999.250 -999.250 -999.250 -999.250 -999.250 -999.250 -999.250 -999.250 -999.250 -999.250 -999.250 -999.250 -999.250 -999.250 -999.250 -999.250 -999.250 -999.250 -999.250 17.616 13.143 9.441 6.273 8.085 7.644 7.961 10.262 5.618 2.858 0.895 0.029 2.717 4.533 5.873 6.213 5.591 5.278 4.207 1.914 0.000 0.000 0.000 0.000 1.480 6.341 12.614 20.962 35.387 44.235 48.219 48.156 45.044 36.979
-999.250 -999.250 -999.250 -999.250 -999.250 -999.250 -999.250 -999.250 -999.250 -999.250 -999.250 -999.250 -999.250 -999.250 -999.250 -999.250 -999.250 -999.250 -999.250 -999.250 -999.250 -999.250 -999.250 -999.250 -999.250 -999.250 -999.250 -999.250 -999.250 -999.250 -999.250 -999.250 -999.250 -999.250 -999.250 10.047 8.712 6.993 6.780 7.426 7.120 8.913 6.477 5.361 3.453 1.417 1.186 2.170 4.075 6.971 4.937 4.256 4.352 3.015 1.000 0.000 0.000 0.000 0.000 4.460 8.671 18.849 30.679 45.790 53.137 61.012 64.283 57.814 39.646
-999.250 -999.250 -999.250 -999.250 -999.250 -999.250 -999.250 -999.250 -999.250 -999.250 -999.250 -999.250 -999.250 -999.250 -999.250 -999.250 -999.250 -999.250 -999.250 -999.250 -999.250 -999.250 -999.250 -999.250 -999.250 -999.250 -999.250 -999.250 -999.250 -999.250 -999.250 -999.250 -999.250 -999.250 -999.250 -999.250 8.166 8.159 9.529 10.733 9.953 8.328 7.156 4.216 4.164 1.833 0.000 0.930 1.953 3.875 3.677 3.399 7.166 3.072 0.000 0.000 0.000 0.343 1.871 5.826 11.648 23.511 46.179 52.968 70.134 74.075 80.700 62.183 44.166
-999.250 -999.250 -999.250 -999.250 -999.250 -999.250 -999.250 -999.250 -999.250 -999.250 -999.250 -999.250 -999.250 -999.250 -999.250 -999.250 -999.250 -999.250 -999.250 -999.250 -999.250 -999.250 -999.250 -999.250 -999.250 -999.250 -999.250 -999.250 -999.250 -999.250 -999.250 -999.250 -999.250 -999.250 -999.250 -999.250 8.248 10.500 14.946 22.622 13.931 8.341 7.569 7.230 3.669 1.401 0.000 0.000 0.000 0.734 0.243 1.465 2.490 1.304 0.245 0.000 0.183 1.433 5.582 9.875 17.813 34.948 46.033 67.450 86.799 98.070 100.527 78.390 48.339
-999.250 -999.250 -999.250 -999.250 -999.250 -999.250 -999.250 -999.250 -999.250 -999.250 -999.250 -999.250 -999.250 -999.250 -999.250 -999.250 -999.250 -999.250 -999.250 -999.250 -999.250 -999.250 -999.250 -999.250 -999.250 -999.250 -999.250 -999.250 -999.250 -999.250 -999.250 -999.250 -999.250 -999.250 -999.250 -999.250 -999.250 10.066 13.222 15.446 12.316 8.279 5.374 5.073 2.672 0.129 0.000 0.000 0.000 0.000 0.000 0.000 0.000 0.000 0.000 0.027 0.905 3.776 7.966 15.678 27.089 40.890 49.973 71.818 89.366 104.339 128.014 87.591 45.763
-999.250 -999.250 -999.250 -999.250 -999.250 -999.250 -999.250 -999.250 -999.250 -999.250 -999.250 -999.250 -999.250 -999.250 -999.250 -999.250 -999.250 -999.250 -999.250 -999.250 -999.250 -999.250 -999.250 -999.250 -999.250 -999.250 -999.250 -999.250 -999.250 -999.250 -999.250 -999.250 -999.250 -999.250 -999.250 -999.250 -999.250 8.618 10.994 10.076 10.322 8.040 6.004 3.674 1.749 0.000 0.000 0.000 0.000 0.000 0.000 0.000 0.000 0.000 0.000 0.000 1.471 4.392 8.860 15.404 29.803 42.356 53.509 61.302 86.024 95.086 92.337 71.382 39.409
-999.250 -999.250 -999.250 -999.250 -999.250 -999.250 -999.250 -999.250 -999.250 -999.250 -999.250 -999.250 -999.250 -999.250 -999.250 -999.250 -999.250 -999.250 -999.250 -999.250 -999.250 -999.250 -999.250 -999.250 -999.250 -999.250 -999.250 -999.250 -999.250 -999.250 -999.250 -999.250 -999.250 -999.250 -999.250 -999.250 -999.250 7.309 8.371 8.320 11.648 7.734 3.714 1.829 1.038 0.122 0.000 0.000 0.000 0.000 0.000 0.000 0.000 0.000 0.000 0.000 0.189 3.603 8.286 13.810 23.553 38.302 49.628 58.105 63.247 65.585 62.303 42.305 19.730
-999.250 -999.250 -999.250 -999.250 -999.250 -999.250 -999.250 -999.250 -999.250 -999.250 -999.250 -999.250 -999.250 -999.250 -999.250 -999.250 -999.250 -999.250 -999.250 -999.250 -999.250 -999.250 -999.250 -999.250 -999.250 -999.250 -999.250 -999.250 -999.250 -999.250 -999.250 -999.250 -999.250 -999.250 -999.250 -999.250 -999.250 5.614 5.883 7.701 7.369 5.341 2.695 1.423 1.697 0.000 0.000 0.000 0.000 0.000 0.000 0.000 0.000 0.000 0.000 0.000 0.000 1.886 6.558 12.878 21.625 32.214 37.978 43.535 54.582 50.400 40.674 27.600 12.443
-999.250 -999.250 -999.250 -999.250 -999.250 -999.250 -999.250 -999.250 -999.250 -999.250 -999.250 -999.250 -999.250 -999.250 -999.250 -999.250 -999.250 -999.250 -999.250 -999.250 -999.250 -999.250 -999.250 -999.250 -999.250 -999.250 -999.250 -999.250 -999.250 -999.250 -999.250 -999.250 -999.250 -999.250 -999.250 -999.250 -999.250 -999.250 4.838 5.481 5.173 3.968 3.046 2.242 0.361 0.000 0.000 0.000 0.000 0.000 0.000 0.000 0.000 0.000 0.000 0.000 0.000 2.178 5.855 9.598 13.245 23.844 28.505 30.773 33.683 31.188 24.584 16.979 9.592
