data/medianmodel_10-Aug-2020.asc
ncols	141
nrows	288
xllcorner	-120191.398
yllcorner	-301404.813
cellsize	2000.000
NODATA_value	-999.250
[rows 210 to 239 of 288, columns 68 to 135 of 141]
0.000 0.000 0.000 0.000 0.000 0.000 0.000 0.000 0.000 1.648 4.046 5.006 7.178 7.605 12.469 17.156 19.301 21.127 24.096 26.064 22.592 17.296 17.920 16.095 10.813 8.238 4.828 1.127 0.000 0.000 0.000 -999.250 -999.250 -999.250 -999.250 -999.250 -999.250 -999.250 -999.250 -999.250 -999.250 -999.250 -999.250 -999.250 -999.250 -999.250 -999.250 -999.250 -999.250 -999.250 -999.250 -999.250 -999.250 -999.250 -999.250 -999.250 -999.250 -999.250 -999.250 -999.250 -999.250 -999.250 -999.250 -999.250 -999.250 -999.250 -999.250 -999.250
0.000 0.000 0.000 0.000 0.000 0.000 0.000 0.000 0.000 0.154 2.177 3.286 4.738 7.363 8.729 9.660 13.883 17.485 18.519 21.269 23.424 19.540 13.185 15.766 10.235 6.954 4.480 1.465 0.000 0.000 0.000 0.000 -999.250 -999.250 -999.250 -999.250 -999.250 -999.250 -999.250 -999.250 -999.250 -999.250 -999.250 -999.250 -999.250 -999.250 -999.250 -999.250 -999.250 -999.250 -999.250 -999.250 -999.250 -999.250 -999.250 -999.250 -999.250 -999.250 -999.250 -999.250 -999.250 -999.250 -999.250 -999.250 -999.250 -999.250 -999.250 -999.250
0.000 0.000 0.000 0.000 0.000 0.000 0.000 0.000 0.000 0.000 0.040 2.415 3.886 5.264 9.511 8.303 13.572 15.475 15.439 16.841 14.662 16.178 14.092 11.615 11.327 6.835 5.164 2.902 0.000 0.000 0.000 0.000 0.000 -999.250 -999.250 -999.250 -999.250 -999.250 -999.250 -999.250 -999.250 -999.250 -999.250 -999.250 -999.250 -999.250 -999.250 -999.250 -999.250 -999.250 -999.250 -999.250 -999.250 -999.250 -999.250 -999.250 -999.250 -999.250 -999.250 -999.250 -999.250 -999.250 -999.250 -999.250 -999.250 -999.250 -999.250 -999.250
0.000 0.000 0.000 0.000 0.000 0.000 0.000 0.000 0.000 0.000 0.000 0.562 0.954 4.368 8.384 9.098 10.717 13.377 15.785 16.973 17.885 14.201 10.711 11.104 9.884 6.521 5.420 3.715 0.616 0.098 0.000 0.000 0.000 -999.250 -999.250 -999.250 -999.250 -999.250 -999.250 -999.250 -999.250 -999.250 -999.250 -999.250 -999.250 -999.250 -999.250 -999.250 -999.250 -999.250 -999.250 -999.250 -999.250 -999.250 -999.250 -999.250 -999.250 -999.250 -999.250 -999.250 -999.250 -999.250 -999.250 -999.250 -999.250 -999.250 -999.250 -999.250
0.000 0.000 0.000 0.000 0.000 0.000 0.000 0.000 0.000 0.000 0.000 0.000 0.443 4.160 5.610 6.727 7.724 11.303 14.121 14.003 12.869 13.116 13.326 13.689 10.453 10.417 9.450 5.099 4.232 1.456 0.000 0.000 0.000 0.000 -999.250 -999.250 -999.250 -999.250 -999.250 -999.250 -999.250 -999.250 -999.250 -999.250 -999.250 -999.250 -999.250 -999.250 -999.250 -999.250 -999.250 -999.250 -999.250 -999.250 -999.250 -999.250 -999.250 -999.250 -999.250 -999.250 -999.250 -999.250 -999.250 -999.250 -999.250 -999.250 -999.250 -999.250
1.458 1.892 2.136 0.830 0.051 0.000 0.000 0.000 0.000 0.000 0.000 0.000 0.334 2.191 4.738 5.414 6.388 8.024 9.266 14.239 14.592 16.469 13.013 15.330 13.822 11.518 10.450 5.942 5.239 4.164 2.020 0.000 0.000 0.000 0.000 -999.250 -999.250 -999.250 -999.250 -999.250 -999.250 -999.250 -999.250 -999.250 -999.250 -999.250 -999.250 -999.250 -999.250 -999.250 -999.250 -999.250 -999.250 -999.250 -999.250 -999.250 -999.250 -999.250 -999.250 -999.250 -999.250 -999.250 -999.250 -999.250 -999.250 -999.250 -999.250 -999.250
2.543 3.515 3.296 3.115 1.200 0.000 0.000 0.000 0.000 0.000 0.000 0.000 0.621 2.965 3.571 4.169 5.997 7.433 10.549 12.305 13.110 15.727 15.170 13.808 13.327 12.661 10.531 7.581 5.126 4.049 4.087 1.219 0.000 0.000 0.000 -999.250 -999.250 -999.250 -999.250 -999.250 -999.250 -999.250 -999.250 -999.250 -999.250 -999.250 -999.250 -999.250 -999.250 -999.250 -999.250 -999.250 -999.250 -999.250 -999.250 -999.250 -999.250 -999.250 -999.250 -999.250 -999.250 -999.250 -999.250 -999.250 -999.250 -999.250 -999.250 -999.250
4.274 4.657 6.331 5.046 3.121 1.299 0.000 0.000 0.000 0.000 0.000 0.000 0.000 1.568 2.800 4.704 5.485 8.214 6.822 11.878 11.970 17.859 12.907 14.201 15.639 12.662 12.744 10.267 7.794 5.724 4.798 3.437 1.972 2.076 0.000 -999.250 -999.250 -999.250 -999.250 -999.250 -999.250 -999.250 -999.250 -999.250 -999.250 -999.250 -999.250 -999.250 -999.250 -999.250 -999.250 -999.250 -999.250 -999.250 -999.250 -999.250 -999.250 -999.250 -999.250 -999.250 -999.250 -999.250 -999.250 -999.250 -999.250 -999.250 -999.250 -999.250
6.438 8.820 10.094 8.572 5.483 3.234 0.765 0.000 0.000 0.000 0.000 0.000 0.000 0.069 2.365 3.652 5.285 6.397 8.857 9.334 11.420 14.611 13.512 20.094 18.874 20.054 15.509 13.276 12.246 8.733 6.972 6.653 3.928 1.890 0.000 0.000 -999.250 -999.250 -999.250 -999.250 -999.250 -999.250 -999.250 0.329 -999.250 -999.250 -999.250 -999.250 -999.250 -999.250 -999.250 -999.250 -999.250 -999.250 -999.250 -999.250 -999.250 -999.250 -999.250 -999.250 -999.250 -999.250 -999.250 -999.250 -999.250 -999.250 -999.250 -999.250
9.230 14.311 15.319 11.961 5.891 4.656 2.119 0.000 0.000 0.000 0.000 0.000 0.000 0.979 2.816 2.702 6.518 7.260 7.954 9.219 14.030 18.194 21.349 20.947 23.593 19.945 19.217 23.011 16.460 12.323 9.391 7.801 6.311 3.911 2.406 0.000 0.000 -999.250 -999.250 -999.250 0.000 0.000 0.000 0.098 -999.250 -999.250 -999.250 -999.250 -999.250 -999.250 -999.250 -999.250 -999.250 -999.250 -999.250 -999.250 -999.250 -999.250 -999.250 -999.250 -999.250 -999.250 -999.250 -999.250 -999.250 -999.250 -999.250 -999.250
11.832 15.227 21.763 14.836 9.456 5.577 3.769 1.082 0.000 0.000 0.000 0.000 0.000 1.048 2.150 3.605 5.408 6.191 9.443 10.365 16.108 17.472 25.065 24.766 26.811 26.361 22.306 26.235 21.227 15.229 12.311 8.625 6.710 6.097 4.067 2.592 0.000 -999.250 0.000 0.000 0.000 0.000 0.000 -999.250 -999.250 -999.250 -999.250 -999.250 -999.250 -999.250 -999.250 -999.250 -999.250 -999.250 -999.250 -999.250 -999.250 -999.250 -999.250 -999.250 -999.250 -999.250 -999.250 -999.250 -999.250 -999.250 -999.250 -999.250
12.671 14.606 15.160 11.462 8.304 4.744 3.267 1.396 0.000 0.000 0.000 0.000 0.000 1.567 3.076 3.098 4.155 7.751 11.835 14.473 19.164 22.396 24.027 30.574 29.373 29.261 24.718 25.693 18.206 14.604 14.306 11.325 8.309 6.158 4.523 2.378 0.686 0.000 0.000 0.000 0.000 0.000 0.000 -999.250 -999.250 -999.250 -999.250 -999.250 -999.250 -999.250 -999.250 -999.250 -999.250 -999.250 -999.250 -999.250 -999.250 -999.250 -999.250 -999.250 -999.250 -999.250 -999.250 -999.250 -999.250 -999.250 -999.250 -999.250
11.177 12.538 13.238 8.812 7.044 5.342 2.805 2.147 0.698 0.000 0.000 0.000 0.000 1.059 3.320 5.154 6.661 8.436 14.239 18.003 22.167 24.949 24.197 31.744 36.449 34.199 28.939 24.844 21.298 21.869 15.044 12.117 9.636 6.870 5.153 3.407 2.672 0.201 0.000 0.000 0.000 0.000 0.000 -999.250 -999.250 -999.250 -999.250 -999.250 -999.250 -999.250 -999.250 -999.250 -999.250 -999.250 -999.250 -999.250 -999.250 -999.250 -999.250 -999.250 -999.250 -999.250 -999.250 -999.250 -999.250 -999.250 -999.250 -999.250
10.454 9.827 8.118 4.986 6.283 4.252 2.311 1.918 0.325 0.000 0.000 0.000 0.000 0.976 2.458 3.719 5.489 7.407 12.564 16.567 18.476 23.097 27.460 31.608 33.084 29.568 26.941 24.993 21.173 19.290 16.972 12.588 7.328 7.603 5.143 4.092 3.945 2.960 1.158 0.159 0.727 0.647 0.688 -999.250 -999.250 -999.250 -999.250 -999.250 -999.250 -999.250 -999.250 -999.250 -999.250 -999.250 -999.250 -999.250 -999.250 -999.250 -999.250 -999.250 -999.250 -999.250 -999.250 -999.250 -999.250 -999.250 -999.250 -999.250
5.631 7.010 6.456 5.529 5.016 3.602 2.328 1.329 2.520 0.134 0.000 0.000 0.000 0.420 3.028 3.309 5.186 8.584 10.718 16.596 19.066 20.495 24.184 27.985 30.158 25.128 24.721 26.772 25.335 18.427 15.076 13.228 10.255 8.987 8.668 5.710 4.492 4.080 2.772 1.807 1.961 2.239 -999.250 -999.250 -999.250 -999.250 -999.250 -999.250 -999.250 -999.250 -999.250 -999.250 -999.250 -999.250 -999.250 -999.250 -999.250 -999.250 -999.250 -999.250 -999.250 -999.250 -999.250 -999.250 -999.250 -999.250 -999.250 -999.250
4.164 3.775 4.544 4.519 3.575 1.585 1.766 0.999 0.370 0.043 0.000 0.000 0.000 0.000 1.107 3.112 4.258 6.549 9.797 13.178 18.005 20.157 23.012 26.642 25.377 24.706 22.914 22.132 23.803 19.544 15.348 14.971 11.527 10.877 8.181 4.818 5.157 4.940 4.106 3.428 3.415 2.694 -999.250 -999.250 -999.250 -999.250 -999.250 -999.250 -999.250 -999.250 -999.250 -999.250 -999.250 -999.250 -999.250 -999.250 -999.250 -999.250 -999.250 -999.250 -999.250 -999.250 -999.250 -999.250 -999.250 -999.250 -999.250 -999.250
2.833 3.061 3.160 2.311 3.212 1.734 1.450 0.498 0.000 0.000 0.000 0.000 0.000 0.000 0.986 2.474 4.798 7.430 8.004 12.365 17.730 17.089 20.195 21.075 20.267 19.970 22.930 18.443 19.179 20.648 15.930 14.176 13.263 10.706 9.057 5.927 5.398 5.881 3.510 4.329 4.857 3.791 -999.250 -999.250 -999.250 -999.250 -999.250 -999.250 -999.250 -999.250 -999.250 -999.250 -999.250 -999.250 -999.250 -999.250 -999.250 -999.250 -999.250 -999.250 -999.250 -999.250 -999.250 -999.250 -999.250 -999.250 -999.250 -999.250
1.391 2.297 2.613 1.549 1.804 1.292 0.329 0.013 0.000 0.000 0.000 0.000 0.000 0.157 2.556 3.417 4.492 7.509 9.459 11.618 13.410 17.350 20.472 17.251 16.025 20.903 16.742 20.845 20.157 15.149 12.788 12.626 11.624 12.023 10.383 7.047 5.777 4.125 4.332 4.278 4.228 -999.250 -999.250 -999.250 -999.250 -999.250 -999.250 -999.250 -999.250 -999.250 -999.250 -999.250 -999.250 -999.250 -999.250 -999.250 -999.250 -999.250 -999.250 -999.250 -999.250 -999.250 -999.250 -999.250 -999.250 -999.250 -999.250 -999.250
2.014 1.526 2.847 1.574 1.581 1.700 0.678 0.435 0.000 0.000 0.000 0.000 0.000 1.431 1.997 4.401 5.626 6.534 9.472 12.183 11.892 15.429 16.061 12.006 15.855 16.122 15.460 17.529 15.392 15.573 11.852 12.518 8.578 8.341 8.183 7.950 -999.250 -999.250 3.749 3.705 4.829 -999.250 -999.250 -999.250 -999.250 -999.250 -999.250 -999.250 -999.250 -999.250 -999.250 -999.250 -999.250 -999.250 -999.250 -999.250 -999.250 -999.250 -999.250 -999.250 -999.250 -999.250 -999.250 -999.250 -999.250 -999.250 -999.250 -999.250
0.637 2.243 2.978 0.783 1.904 1.289 1.247 0.000 0.000 0.000 0.000 0.000 0.000 1.208 1.289 3.625 4.359 4.839 8.504 10.999 11.220 11.354 12.804 13.812 15.837 13.943 15.331 13.336 14.703 12.104 12.837 12.669 11.150 9.118 7.730 6.445 -999.250 -999.250 -999.250 -999.250 -999.250 -999.250 -999.250 -999.250 -999.250 -999.250 -999.250 -999.250 -999.250 -999.250 -999.250 -999.250 -999.250 -999.250 -999.250 -999.250 -999.250 -999.250 -999.250 -999.250 -999.250 -999.250 -999.250 -999.250 -999.250 -999.250 -999.250 -999.250
0.000 1.741 1.329 1.688 1.020 0.617 0.000 0.000 0.000 0.000 0.000 0.000 0.000 0.000 1.489 1.328 4.347 4.461 7.566 10.245 10.584 10.665 11.016 11.815 12.814 13.019 12.118 13.084 12.235 11.556 12.288 11.733 -999.250 -999.250 6.833 -999.250 -999.250 -999.250 -999.250 -999.250 -999.250 -999.250 -999.250 -999.250 -999.250 -999.250 -999.250 -999.250 -999.250 -999.250 -999.250 -999.250 -999.250 -999.250 -999.250 -999.250 -999.250 -999.250 -999.250 -999.250 -999.250 -999.250 -999.250 -999.250 -999.250 -999.250 -999.250 -999.250
0.390 0.040 1.335 1.366 0.685 0.089 0.000 0.000 0.000 0.000 0.000 0.000 0.000 0.241 1.300 3.356 4.336 3.930 5.722 7.530 11.567 10.322 10.069 9.971 11.227 11.981 12.222 11.997 14.660 13.114 -999.250 -999.250 -999.250 -999.250 -999.250 -999.250 -999.250 -999.250 -999.250 -999.250 -999.250 -999.250 -999.250 -999.250 -999.250 -999.250 -999.250 -999.250 -999.250 -999.250 -999.250 -999.250 -999.250 -999.250 -999.250 -999.250 -999.250 -999.250 -999.250 -999.250 -999.250 -999.250 -999.250 -999.250 -999.250 -999.250 -999.250 -999.250
0.000 0.000 0.991 0.779 0.000 0.000 0.000 0.000 0.000 0.000 0.000 0.000 0.000 0.000 2.072 2.944 4.263 4.271 4.777 5.867 7.482 8.563 7.341 7.958 8.710 12.254 13.940 12.107 10.244 10.095 -999.250 -999.250 -999.250 -999.250 -999.250 -999.250 -999.250 -999.250 -999.250 -999.250 -999.250 -999.250 -999.250 -999.250 -999.250 -999.250 -999.250 -999.250 -999.250 -999.250 -999.250 -999.250 -999.250 -999.250 -999.250 -999.250 -999.250 -999.250 -999.250 -999.250 -999.250 -999.250 -999.250 -999.250 -999.250 -999.250 -999.250 -999.250
0.000 0.000 0.000 0.000 0.000 0.000 0.000 0.000 0.000 0.000 0.000 0.000 0.000 0.171 1.311 3.437 4.112 4.792 5.134 5.879 6.043 6.167 7.353 6.935 7.611 8.867 10.375 10.486 7.421 9.299 -999.250 -999.250 -999.250 -999.250 -999.250 -999.250 -999.250 -999.250 -999.250 -999.250 -999.250 -999.250 -999.250 -999.250 -999.250 -999.250 -999.250 -999.250 -999.250 -999.250 -999.250 -999.250 -999.250 -999.250 -999.250 -999.250 -999.250 -999.250 -999.250 -999.250 -999.250 -999.250 -999.250 -999.250 -999.250 -999.250 -999.250 -999.250
0.000 0.255 0.015 0.069 0.644 0.000 0.000 0.000 0.000 0.000 0.000 0.000 0.000 0.165 0.571 4.031 3.864 3.965 4.379 4.808 5.079 5.300 6.601 7.162 6.948 7.428 7.318 9.096 7.429 6.185 -999.250 -999.250 -999.250 -999.250 -999.250 -999.250 -999.250 -999.250 -999.250 -999.250 -999.250 -999.250 -999.250 -999.250 -999.250 -999.250 -999.250 -999.250 -999.250 -999.250 -999.250 -999.250 -999.250 -999.250 -999.250 -999.250 -999.250 -999.250 -999.250 -999.250 -999.250 -999.250 -999.250 -999.250 -999.250 -999.250 -999.250 -999.250
0.000 0.000 0.000 0.174 0.000 0.000 0.000 0.000 0.000 0.000 0.000 0.000 0.000 0.033 1.018 3.249 4.244 4.697 5.333 5.430 4.877 4.087 6.630 8.535 5.823 6.444 7.568 6.825 6.611 -999.250 -999.250 -999.250 -999.250 -999.250 -999.250 -999.250 -999.250 -999.250 -999.250 -999.250 -999.250 -999.250 -999.250 -999.250 -999.250 -999.250 -999.250 -999.250 -999.250 -999.250 -999.250 -999.250 -999.250 -999.250 -999.250 -999.250 -999.250 -999.250 -999.250 -999.250 -999.250 -999.250 -999.250 -999.250 -999.250 -999.250 -999.250 -999.250
0.000 0.000 0.000 0.000 0.000 0.000 0.000 0.000 0.000 0.000 0.000 0.000 0.000 0.018 1.158 2.872 4.250 6.991 5.492 3.742 2.953 3.711 4.534 5.948 7.364 6.012 5.369 5.898 5.494 -999.250 -999.250 -999.250 -999.250 -999.250 -999.250 -999.250 -999.250 -999.250 -999.250 -999.250 -999.250 -999.250 -999.250 -999.250 -999.250 -999.250 -999.250 -999.250 -999.250 -999.250 -999.250 -999.250 -999.250 -999.250 -999.250 -999.250 -999.250 -999.250 -999.250 -999.250 -999.250 -999.250 -999.250 -999.250 -999.250 -999.250 -999.250 -999.250
0.000 0.000 0.000 0.000 0.000 0.000 0.000 0.000 0.000 0.000 0.000 0.000 0.000 0.000 0.134 1.473 3.896 5.404 4.143 3.657 2.725 3.544 4.548 5.039 5.818 4.103 3.657 3.628 3.667 -999.250 -999.250 -999.250 -999.250 -999.250 -999.250 -999.250 -999.250 -999.250 -999.250 -999.250 -999.250 -999.250 -999.250 -999.250 -999.250 -999.250 -999.250 -999.250 -999.250 -999.250 -999.250 -999.250 -999.250 -999.250 -999.250 -999.250 -999.250 -999.250 -999.250 -999.250 -999.250 -999.250 -999.250 -999.250 -999.250 -999.250 -999.250 -999.250
0.000 0.000 0.000 0.000 0.000 0.000 0.000 0.000 0.000 0.000 0.000 0.000 0.000 0.000 0.273 1.055 3.464 2.910 3.283 2.085 3.094 2.834 3.561 2.977 3.722 5.563 3.877 3.669 -999.250 -999.250 -999.250 -999.250 -999.250 -999.250 -999.250 -999.250 -999.250 -999.250 -999.250 -999.250 -999.250 -999.250 -999.250 -999.250 -999.250 -999.250 -999.250 -999.250 -999.250 -999.250 -999.250 -999.250 -999.250 -999.250 -999.250 -999.250 -999.250 -999.250 -999.250 -999.250 -999.250 -999.250 -999.250 -999.250 -999.250 -999.250 -999.250 -999.250
0.000 0.000 0.000 0.000 0.000 0.000 0.000 0.000 0.000 0.000 0.000 0.000 0.000 0.000 0.274 0.802 2.265 1.006 2.030 1.949 2.271 2.741 2.683 2.512 2.262 3.392 2.701 1.548 -999.250 -999.250 -999.250 -999.250 -999.250 -999.250 -999.250 -999.250 -999.250 -999.250 -999.250 -999.250 -999.250 -999.250 -999.250 -999.250 -999.250 -999.250 -999.250 -999.250 -999.250 -999.250 -999.250 -999.250 -999.250 -999.250 -999.250 -999.250 -999.250 -999.250 -999.250 -999.250 -999.250 -999.250 -999.250 -999.250 -999.250 -999.250 -999.250 -999.250
