data/medianmodel_12-Feb-2021.asc
ncols	141
nrows	288
xllcorner	-120191.398
yllcorner	-301404.813
cellsize	2000.000
NODATA_value	-999.250
[rows 112 to 139 of 288, columns 0 to 64 of 141]
-999.250 -999.250 -999.250 -999.250 -999.250 -999.250 -999.250 -999.250 -999.250 -999.250 -999.250 -999.250 -999.250 -999.250 -999.250 -999.250 -999.250 -999.250 -999.250 -999.250 -999.250 -999.250 -999.250 -999.250 -999.250 -999.250 -999.250 -999.250 476.863 498.952 525.050 575.251 627.170 670.662 741.989 777.155 844.278 876.210 889.564 899.638 897.765 877.814 798.413 778.515 752.193 746.099 776.371 826.744 802.584 800.358 802.434 775.611 818.159 904.868 932.233 944.166 1021.676 1024.518 985.678 871.390 757.187 711.846 676.819 708.154 694.045
-999.250 -999.250 -999.250 -999.250 -999.250 -999.250 -999.250 -999.250 -999.250 -999.250 -999.250 -999.250 -999.250 -999.250 -999.250 -999.250 -999.250 -999.250 -999.250 -999.250 -999.250 -999.250 -999.250 -999.250 -999.250 -999.250 -999.250 -999.250 451.751 482.414 524.621 575.321 640.537 679.157 704.002 756.263 798.184 859.968 883.040 900.230 902.727 880.500 848.610 791.893 751.864 699.261 786.486 834.281 862.273 901.242 886.879 865.596 976.866 1110.069 1191.515 1276.435 1346.246 1366.040 1335.319 1182.635 1037.924 923.881 847.649 822.867 768.992
-999.250 -999.250 -999.250 -999.250 -999.250 -999.250 -999.250 -999.250 -999.250 -999.250 -999.250 -999.250 -999.250 -999.250 -999.250 -999.250 -999.250 -999.250 -999.250 -999.250 -999.250 -999.250 -999.250 -999.250 -999.250 -999.250 -999.250 -999.250 439.664 518.515 529.073 569.899 613.305 679.976 729.238 733.071 806.891 832.688 894.552 911.514 900.337 898.258 835.996 820.775 796.566 812.812 869.823 928.546 961.211 1023.141 1056.552 1113.597 1180.125 1291.517 1526.612 1694.687 1731.350 1782.476 1721.778 1625.500 1302.229 1123.430 1008.864 894.277 847.599
-999.250 -999.250 -999.250 -999.250 -999.250 -999.250 -999.250 -999.250 -999.250 -999.250 -999.250 -999.250 -999.250 -999.250 -999.250 -999.250 -999.250 -999.250 -999.250 -999.250 -999.250 -999.250 -999.250 -999.250 -999.250 -999.250 -999.250 419.914 450.710 480.397 527.129 558.201 618.975 649.283 675.733 708.640 779.662 812.968 880.287 934.579 916.818 896.000 879.719 848.948 910.182 918.572 994.401 1090.723 1121.551 1182.161 1219.335 1315.589 1519.339 1599.214 1761.814 1980.324 2349.715 2459.898 2360.864 1868.009 1650.892 1289.467 1135.490 1008.195 881.451
-999.250 -999.250 -999.250 -999.250 -999.250 -999.250 -999.250 -999.250 -999.250 -999.250 -999.250 -999.250 -999.250 -999.250 -999.250 -999.250 -999.250 -999.250 -999.250 -999.250 -999.250 -999.250 -999.250 -999.250 -999.250 -999.250 -999.250 424.677 445.430 482.901 512.995 538.363 567.275 632.516 637.514 695.963 769.323 797.236 841.141 886.110 917.437 900.234 890.765 912.005 954.605 1011.876 1068.419 1167.255 1252.695 1359.063 1506.747 1552.254 1689.029 1803.663 2104.108 2452.484 2686.077 3019.260 2645.803 2333.223 1777.470 1435.641 1175.154 1025.986 911.382
-999.250 -999.250 -999.250 -999.250 -999.250 -999.250 -999.250 -999.250 -999.250 -999.250 -999.250 -999.250 -999.250 -999.250 -999.250 -999.250 -999.250 -999.250 -999.250 -999.250 -999.250 -999.250 -999.250 -999.250 -999.250 -999.250 -999.250 396.712 446.004 466.786 486.643 516.181 566.928 584.811 590.536 659.017 728.011 753.510 803.816 842.748 876.850 902.398 930.270 951.705 980.065 1072.278 1116.330 1205.156 1404.847 1556.420 1607.457 1642.267 1698.004 1860.820 2341.302 2621.659 3069.318 3404.744 2897.091 2354.380 1761.082 1465.619 1176.889 996.831 886.600
-999.250 -999.250 -999.250 -999.250 -999.250 -999.250 -999.250 -999.250 -999.250 -999.250 -999.250 -999.250 -999.250 -999.250 -999.250 -999.250 -999.250 -999.250 -999.250 -999.250 -999.250 -999.250 -999.250 -999.250 -999.250 -999.250 404.194 405.997 430.901 461.565 469.623 482.562 524.678 562.430 583.836 640.476 680.265 720.230 790.667 810.627 830.746 861.002 897.592 971.489 1042.372 1094.790 1141.047 1265.026 1419.046 1580.219 1607.562 1641.515 1701.349 1860.418 2310.607 2551.727 2786.694 2722.564 2489.770 1935.631 1617.236 1219.077 1074.442 960.464 876.205
-999.250 -999.250 -999.250 -999.250 -999.250 -999.250 -999.250 -999.250 -999.250 -999.250 -999.250 -999.250 -999.250 -999.250 -999.250 -999.250 -999.250 -999.250 -999.250 -999.250 -999.250 -999.250 -999.250 -999.250 -999.250 -999.250 433.721 433.558 436.993 444.329 454.249 472.803 491.910 513.991 569.523 614.556 630.343 701.202 731.437 777.232 784.777 874.107 946.025 975.556 1052.901 1102.711 1188.533 1275.888 1332.372 1441.304 1491.684 1510.812 1610.179 1751.988 1917.193 2157.268 2211.488 2028.232 1713.117 1451.748 1261.639 1091.212 982.089 855.575 805.151
-999.250 -999.250 -999.250 -999.250 -999.250 -999.250 -999.250 -999.250 -999.250 -999.250 -999.250 -999.250 -999.250 -999.250 -999.250 -999.250 -999.250 -999.250 -999.250 -999.250 -999.250 -999.250 -999.250 -999.250 -999.250 -999.250 414.677 447.606 447.198 457.179 450.816 476.052 475.495 493.918 550.332 569.968 596.627 645.921 666.268 746.550 802.662 866.011 897.678 998.957 1045.534 1099.783 1188.085 1230.730 1273.787 1343.541 1481.607 1414.513 1469.988 1579.881 1627.525 1728.139 1599.365 1257.365 1052.281 914.768 887.793 850.497 824.629 786.858 714.404
-999.250 -999.250 -999.250 -999.250 -999.250 -999.250 -999.250 -999.250 -999.250 -999.250 -999.250 -999.250 -999.250 -999.250 -999.250 -999.250 -999.250 -999.250 -999.250 -999.250 -999.250 -999.250 -999.250 -999.250 -999.250 395.308 427.114 428.356 435.665 450.862 449.109 459.444 459.409 479.966 498.558 517.291 545.363 590.906 615.625 681.745 752.296 814.303 908.665 978.024 1040.156 1086.651 1162.220 1187.069 1251.173 1300.379 1239.561 1317.115 1286.937 1280.509 1313.194 1246.998 1115.173 788.443 293.255 436.657 542.171 587.381 615.068 629.968 588.238
-999.250 -999.250 -999.250 -999.250 -999.250 -999.250 -999.250 -999.250 -999.250 -999.250 -999.250 -999.250 -999.250 -999.250 -999.250 -999.250 -999.250 -999.250 -999.250 -999.250 -999.250 -999.250 -999.250 -999.250 -999.250 400.531 397.766 407.581 429.952 423.191 446.512 443.502 448.911 465.910 475.913 506.692 528.591 537.349 566.414 648.165 708.469 789.917 847.025 911.172 993.171 1023.393 1109.607 1179.500 1157.937 1171.566 1139.087 1129.104 1074.898 1054.215 1016.443 927.278 776.087 496.689 289.798 283.310 381.339 440.406 496.316 532.584 519.513
-999.250 -999.250 -999.250 -999.250 -999.250 -999.250 -999.250 -999.250 -999.250 -999.250 -999.250 -999.250 -999.250 -999.250 -999.250 -999.250 -999.250 -999.250 -999.250 -999.250 -999.250 -999.250 -999.250 -999.250 -999.250 373.507 397.466 393.734 427.848 434.275 442.637 444.515 455.816 454.512 461.612 470.455 506.681 526.540 538.272 579.553 685.074 744.751 822.200 896.446 948.593 990.133 1068.377 1105.804 1110.053 1086.281 1032.173 1011.862 903.024 826.441 768.897 675.527 526.398 391.019 279.617 254.030 321.718 365.202 424.911 463.528 463.466
-999.250 -999.250 -999.250 -999.250 -999.250 -999.250 -999.250 -999.250 -999.250 -999.250 -999.250 -999.250 -999.250 -999.250 -999.250 -999.250 -999.250 -999.250 -999.250 -999.250 -999.250 -999.250 -999.250 -999.250 384.858 381.722 392.740 410.024 435.733 432.135 422.297 440.282 441.312 453.408 453.010 446.959 501.041 519.184 546.684 606.451 663.269 733.716 795.663 877.085 931.216 963.863 1017.237 1027.101 1037.878 975.760 927.920 858.637 787.593 657.026 559.907 483.190 414.117 342.036 269.950 252.931 302.834 341.342 381.051 437.037 443.551
-999.250 -999.250 -999.250 -999.250 -999.250 -999.250 -999.250 -999.250 -999.250 -999.250 -999.250 -999.250 -999.250 -999.250 -999.250 -999.250 -999.250 -999.250 -999.250 -999.250 -999.250 -999.250 -999.250 -999.250 373.208 389.632 383.226 406.280 422.136 423.084 418.918 416.936 433.756 435.574 440.966 459.433 473.413 504.768 520.537 611.124 670.124 704.122 790.431 830.009 878.316 925.608 955.001 938.549 919.363 923.701 866.509 780.369 652.382 547.944 448.994 402.775 356.719 306.668 290.166 285.871 325.505 353.248 395.964 423.212 424.692
-999.250 -999.250 -999.250 -999.250 -999.250 -999.250 -999.250 -999.250 -999.250 -999.250 -999.250 -999.250 -999.250 -999.250 -999.250 -999.250 -999.250 -999.250 -999.250 -999.250 -999.250 -999.250 -999.250 356.141 366.807 373.991 387.899 408.058 416.516 403.426 414.102 407.153 405.325 417.879 436.716 446.789 480.340 483.845 523.234 561.029 644.604 699.172 764.217 819.133 833.986 871.198 905.749 925.947 886.970 866.966 823.868 712.366 618.777 517.558 453.567 403.387 356.914 352.638 326.770 335.792 362.237 392.400 427.316 427.429 423.793
-999.250 -999.250 -999.250 -999.250 -999.250 -999.250 -999.250 -999.250 -999.250 -999.250 -999.250 -999.250 -999.250 -999.250 -999.250 -999.250 -999.250 -999.250 -999.250 -999.250 -999.250 -999.250 -999.250 360.392 377.528 384.967 401.203 400.349 393.861 404.438 402.025 426.686 414.584 414.723 432.563 443.484 494.532 517.674 535.322 552.167 619.970 701.831 721.221 831.194 821.517 815.892 838.663 871.058 866.439 862.587 766.888 703.740 634.931 564.278 485.729 437.224 417.262 379.114 384.026 380.124 411.668 422.424 452.997 436.332 427.569
-999.250 -999.250 -999.250 -999.250 -999.250 -999.250 -999.250 -999.250 -999.250 -999.250 -999.250 -999.250 -999.250 -999.250 -999.250 -999.250 -999.250 -999.250 -999.250 -999.250 -999.250 -999.250 -999.250 376.005 375.396 378.533 383.613 382.796 391.283 389.677 393.691 390.101 407.049 406.669 422.526 454.416 486.403 498.444 523.706 534.482 618.625 670.726 711.289 778.906 817.415 805.659 811.457 874.797 864.029 840.720 796.293 716.349 717.967 654.881 566.781 511.411 478.552 458.814 438.328 423.724 439.909 466.407 500.789 466.897 436.823
-999.250 -999.250 -999.250 -999.250 -999.250 -999.250 -999.250 -999.250 -999.250 -999.250 -999.250 -999.250 -999.250 -999.250 -999.250 -999.250 -999.250 -999.250 -999.250 -999.250 -999.250 -999.250 356.416 354.563 367.671 371.524 381.725 384.535 380.563 380.926 373.349 384.829 398.858 410.544 420.172 433.019 476.301 482.700 494.352 560.243 641.913 644.812 661.100 751.240 764.850 805.673 843.117 844.742 863.586 835.901 790.884 755.363 726.199 682.456 641.750 585.643 550.546 517.720 478.824 445.310 464.923 476.902 481.683 451.406 421.023
-999.250 -999.250 -999.250 -999.250 -999.250 -999.250 -999.250 -999.250 -999.250 -999.250 -999.250 -999.250 -999.250 -999.250 -999.250 -999.250 -999.250 -999.250 -999.250 -999.250 -999.250 -999.250 350.932 347.569 363.935 363.547 372.537 379.950 372.926 377.915 384.479 394.957 391.986 410.857 409.901 429.293 458.311 485.710 507.602 540.902 590.092 617.980 659.222 720.743 801.664 799.661 807.280 846.549 834.337 853.696 830.857 811.387 797.419 760.735 695.134 649.271 589.963 568.463 536.093 500.046 489.780 487.291 468.027 450.521 410.975
-999.250 -999.250 -999.250 -999.250 -999.250 -999.250 -999.250 -999.250 -999.250 -999.250 -999.250 -999.250 -999.250 -999.250 -999.250 -999.250 -999.250 -999.250 -999.250 -999.250 -999.250 318.548 354.409 356.082 360.964 369.478 375.469 373.041 372.966 390.312 387.971 408.478 386.427 406.071 418.531 441.953 449.058 472.308 490.874 513.438 565.478 589.320 634.869 705.390 769.673 822.864 826.530 847.794 858.683 886.158 905.255 886.610 866.223 856.072 801.332 721.780 666.955 609.006 570.766 539.128 498.536 499.785 484.043 446.269 411.047
-999.250 -999.250 -999.250 -999.250 -999.250 -999.250 -999.250 -999.250 -999.250 -999.250 -999.250 -999.250 -999.250 -999.250 -999.250 -999.250 -999.250 -999.250 -999.250 -999.250 -999.250 332.488 345.579 353.470 356.699 376.853 369.933 382.922 375.439 364.771 386.984 400.684 389.692 399.946 422.377 435.923 451.415 455.473 470.811 505.752 553.880 585.845 633.942 661.931 726.609 787.045 833.463 898.753 903.735 926.478 964.549 983.091 954.639 947.492 866.961 822.925 783.511 716.204 675.249 578.926 542.536 505.384 481.206 453.727 425.168
-999.250 -999.250 -999.250 -999.250 -999.250 -999.250 -999.250 -999.250 -999.250 -999.250 -999.250 -999.250 -999.250 -999.250 -999.250 -999.250 -999.250 -999.250 -999.250 -999.250 -999.250 329.765 344.865 371.715 371.155 371.940 359.962 370.666 377.389 373.804 403.181 394.269 390.067 404.081 430.509 419.230 447.934 448.118 469.383 505.139 528.575 587.889 596.764 654.960 721.467 764.257 768.955 863.828 935.239 964.051 1001.964 1056.816 1048.689 1001.719 955.936 887.145 803.821 746.538 703.590 676.160 609.055 545.061 489.664 441.400 411.395
-999.250 -999.250 -999.250 -999.250 -999.250 -999.250 -999.250 -999.250 -999.250 -999.250 -999.250 -999.250 -999.250 -999.250 -999.250 -999.250 -999.250 -999.250 -999.250 -999.250 333.273 341.153 353.900 364.929 370.377 384.890 373.599 366.176 376.084 378.690 394.542 385.950 400.534 429.051 430.248 433.281 433.727 456.827 466.345 500.883 521.699 547.017 611.268 653.226 706.999 748.293 788.418 870.446 941.512 996.051 1031.447 1093.127 1143.360 1057.318 962.942 915.728 873.689 827.621 773.485 703.386 652.870 580.075 517.504 465.104 408.878
-999.250 -999.250 -999.250 -999.250 -999.250 -999.250 -999.250 -999.250 -999.250 -999.250 -999.250 -999.250 -999.250 -999.250 -999.250 -999.250 -999.250 -999.250 -999.250 -999.250 333.926 355.694 346.322 372.599 381.146 366.782 380.872 382.650 381.409 397.208 389.401 402.193 413.113 413.112 420.116 444.580 448.232 447.722 454.420 474.769 499.227 537.157 578.097 659.986 686.477 732.160 784.981 858.918 913.817 971.042 1012.727 1076.795 1098.838 1044.711 981.187 965.517 897.596 852.609 808.979 767.883 696.055 634.857 517.415 465.348 409.980
-999.250 -999.250 -999.250 -999.250 -999.250 -999.250 -999.250 -999.250 -999.250 -999.250 -999.250 -999.250 -999.250 -999.250 -999.250 -999.250 -999.250 -999.250 -999.250 -999.250 335.832 351.978 361.057 371.759 374.170 395.555 387.697 381.753 386.850 398.890 400.435 418.655 424.390 426.604 414.769 444.465 445.692 424.430 422.922 448.941 465.708 507.729 534.851 609.223 683.854 706.695 771.987 853.449 885.172 981.044 987.300 1036.384 1068.509 1017.792 971.142 962.029 904.689 871.464 830.599 788.448 706.800 588.042 521.149 462.385 406.773
-999.250 -999.250 -999.250 -999.250 -999.250 -999.250 -999.250 -999.250 -999.250 -999.250 -999.250 -999.250 -999.250 -999.250 -999.250 -999.250 -999.250 -999.250 -999.250 -999.250 346.401 375.356 372.131 389.633 389.586 383.782 399.424 412.599 416.300 419.011 425.985 418.505 424.186 425.927 438.583 435.179 426.702 427.971 436.271 435.942 445.010 485.600 520.766 578.664 650.585 686.188 780.479 807.456 864.381 898.401 939.748 1008.887 1010.467 975.166 921.127 912.186 861.620 836.564 782.226 782.426 664.382 588.094 502.364 460.605 392.771
-999.250 -999.250 -999.250 -999.250 -999.250 -999.250 -999.250 -999.250 -999.250 -999.250 -999.250 -999.250 -999.250 -999.250 -999.250 -999.250 -999.250 -999.250 -999.250 359.806 354.622 357.972 368.048 392.615 393.834 401.570 415.338 427.956 424.574 435.028 437.482 429.206 428.712 427.516 421.785 425.759 412.491 414.213 422.609 425.736 438.809 458.706 508.218 545.124 591.958 691.042 722.130 788.111 808.310 856.501 916.968 933.820 918.175 897.301 898.975 852.546 816.846 790.606 712.036 678.016 638.512 535.475 487.393 437.819 378.843
-999.250 -999.250 -999.250 -999.250 -999.250 -999.250 -999.250 -999.250 -999.250 -999.250 -999.250 -999.250 -999.250 -999.250 -999.250 -999.250 -999.250 -999.250 -999.250 381.612 372.740 381.465 400.763 394.376 407.482 433.611 429.975 421.832 446.089 451.996 463.535 458.446 436.831 455.620 426.922 414.876 422.575 427.462 428.669 434.302 450.453 459.677 490.943 521.039 555.753 643.823 713.842 773.593 794.265 832.800 820.490 844.247 845.204 827.625 783.135 778.851 727.144 678.862 617.324 584.038 524.772 482.624 438.902 403.789 374.658
