data/medianmodel_08-Apr-2020.asc
ncols	141
nrows	288
xllcorner	-120191.398
yllcorner	-301404.813
cellsize	2000.000
NODATA_value	-999.250
[rows 30 to 59 of 288, columns 68 to 135 of 141]
16.409 13.886 15.188 12.433 9.197 13.161 12.419 11.604 12.053 10.659 10.390 9.658 11.103 14.674 12.777 13.222 15.797 16.089 19.022 15.619 16.772 21.147 19.950 19.648 19.374 20.635 22.215 26.554 31.084 36.701 48.451 65.402 57.164 56.488 59.632 60.044 69.800 67.312 78.095 92.093 97.638 105.865 104.357 109.775 127.733 117.015 115.637 148.530 143.135 128.927 125.354 111.588 136.219 156.944 141.342 152.723 142.019 139.562 149.326 149.142 138.729 130.052 101.683 99.303 79.424 71.268 69.731 57.868
14.992 15.177 14.885 13.832 12.535 13.361 13.129 15.486 14.451 15.657 17.788 15.560 15.815 15.553 14.273 16.295 16.367 20.264 15.877 14.935 16.941 21.249 17.828 20.053 20.275 23.974 23.716 26.440 32.987 36.309 44.304 52.916 57.689 53.112 55.950 62.276 69.453 66.267 78.941 99.860 109.669 108.608 113.242 107.056 118.265 123.043 129.564 133.687 123.695 137.790 131.666 127.064 126.744 137.616 141.321 135.976 131.604 150.173 135.737 139.629 133.808 122.882 108.903 93.105 82.065 70.225 63.956 57.724
19.928 18.488 17.400 16.025 13.251 13.287 15.958 15.632 15.314 16.389 17.873 18.779 19.013 16.227 16.792 18.398 16.834 16.473 17.318 18.414 18.401 18.619 18.254 21.349 20.678 22.775 24.725 26.255 34.571 38.188 46.300 52.181 58.923 53.482 58.575 63.456 64.022 66.987 81.668 95.971 109.604 120.413 103.870 101.563 117.339 129.917 138.474 131.250 120.692 132.364 141.666 131.259 136.695 123.737 131.531 126.540 137.712 145.246 134.037 133.541 114.829 92.218 105.492 95.312 78.913 73.687 70.104 76.462
17.456 18.446 15.692 17.098 15.923 14.537 18.672 18.686 21.277 22.720 22.658 23.794 24.624 19.585 21.516 19.093 18.140 20.258 15.958 16.945 19.096 19.219 19.128 17.154 20.741 22.860 25.142 25.348 32.748 39.926 47.347 57.193 59.658 60.738 50.131 58.867 63.648 74.448 85.127 88.962 103.334 109.813 96.158 96.847 100.416 109.704 120.869 104.967 106.790 114.921 95.188 113.289 112.747 117.314 120.918 141.151 121.092 109.756 121.111 105.672 92.151 100.535 99.675 101.063 84.575 65.232 63.499 62.516
17.081 19.595 21.584 21.469 19.362 16.622 24.568 28.257 26.294 31.413 30.280 27.455 26.802 21.907 20.961 22.347 26.313 20.187 22.619 20.728 19.115 20.579 17.970 22.326 21.885 22.969 25.668 29.624 33.041 39.510 46.888 56.578 55.633 58.836 61.823 57.331 62.351 71.084 82.991 79.601 92.401 84.883 88.874 84.920 93.401 80.686 91.325 88.351 103.094 96.255 92.940 102.679 111.183 97.601 95.583 97.698 119.273 101.673 102.264 87.426 91.217 80.712 89.575 95.203 84.188 76.716 67.368 54.957
19.038 23.789 27.871 28.490 26.148 32.131 31.187 32.747 36.930 37.729 39.080 36.886 33.586 25.081 26.644 30.439 31.538 24.075 27.058 23.209 23.145 22.917 22.619 19.171 21.807 23.698 27.499 28.861 33.523 38.298 48.214 52.956 58.329 53.856 53.228 62.255 57.307 58.522 72.690 72.567 75.601 73.851 80.893 74.674 81.591 74.543 75.603 80.110 80.453 90.604 94.289 97.958 89.992 91.956 84.253 83.216 93.795 93.565 85.051 85.665 86.637 81.144 94.430 77.607 80.286 75.521 58.565 49.721
21.754 26.436 32.607 30.850 34.657 36.858 45.058 43.439 47.294 42.392 45.918 43.910 41.341 38.745 32.067 35.594 39.636 31.762 29.623 29.214 23.230 25.752 24.487 22.179 22.865 24.800 27.377 28.718 34.397 38.287 47.007 55.162 54.051 49.226 55.624 60.803 58.225 60.192 66.574 66.972 70.150 55.914 62.186 68.011 65.623 65.623 58.122 64.723 68.334 75.075 77.741 86.692 87.566 75.255 76.155 79.611 82.595 92.191 74.371 76.582 79.483 101.706 82.862 81.820 66.606 61.487 55.721 50.666
21.662 29.147 32.294 33.477 43.817 43.683 55.962 49.458 58.090 54.177 62.458 64.077 57.386 50.784 38.741 45.757 39.695 43.609 36.643 34.559 28.797 26.452 25.837 23.165 22.129 26.329 25.938 27.864 35.095 36.658 43.328 45.441 48.281 44.921 51.818 50.176 44.050 59.444 58.540 65.735 60.397 60.201 61.067 53.555 57.134 57.247 57.503 60.705 53.439 53.483 70.001 66.394 65.537 67.057 63.745 67.273 63.028 67.359 65.568 69.411 70.593 83.133 68.370 69.996 57.666 55.063 52.822 52.006
24.346 27.704 29.830 40.571 50.015 50.075 59.342 69.080 77.458 94.716 73.470 69.564 70.246 57.716 61.349 55.317 49.518 48.796 39.679 37.998 35.618 28.500 23.878 22.422 19.442 22.807 25.649 26.758 29.798 36.410 33.990 36.291 36.940 40.272 41.278 39.907 44.344 46.400 48.013 48.578 56.310 58.933 56.331 52.958 46.894 46.906 50.160 47.835 47.805 43.468 47.071 44.761 58.101 55.562 59.500 62.182 62.196 66.256 70.308 57.029 56.678 58.431 60.873 55.684 49.701 46.439 50.654 52.808
20.787 26.187 30.603 39.379 52.792 57.263 67.063 76.861 91.276 101.199 88.067 85.361 85.616 79.504 71.911 62.842 56.453 55.669 47.035 40.335 36.035 29.665 24.009 18.583 20.234 18.619 19.609 20.828 22.060 27.271 31.249 30.848 32.763 35.661 34.433 32.570 37.432 39.291 43.100 45.192 40.536 38.773 45.685 38.298 38.475 43.483 35.644 43.437 40.488 38.561 37.817 41.220 41.683 47.060 51.384 45.525 50.229 56.352 54.918 54.809 55.932 59.328 49.908 41.468 49.358 45.455 46.433 50.752
21.078 29.803 34.726 48.923 53.873 66.900 88.351 96.210 98.817 93.799 96.312 107.485 102.343 105.170 93.072 73.283 58.584 62.197 52.811 43.435 36.610 27.482 21.566 17.550 17.554 14.996 13.571 18.220 21.866 23.943 25.477 26.419 28.790 30.132 32.384 30.006 29.306 33.447 35.422 39.632 37.899 34.365 36.136 35.647 35.233 37.504 32.303 36.565 35.247 32.507 30.405 37.142 36.039 36.360 42.848 41.655 39.538 50.218 48.555 52.547 48.107 45.254 41.209 49.666 42.639 39.837 42.652 -999.250
23.347 32.425 42.470 50.181 69.976 86.566 94.999 110.217 121.792 115.049 124.321 121.203 109.560 110.437 88.428 94.139 73.217 62.731 53.730 47.686 31.986 24.452 21.405 16.161 15.280 11.253 12.744 13.978 15.537 17.611 18.916 22.077 23.857 29.881 29.444 29.134 27.038 29.186 29.656 28.586 32.624 31.750 28.539 32.872 29.903 27.164 30.022 26.793 31.442 31.000 27.460 29.635 30.549 31.926 29.316 34.032 36.217 40.648 49.285 47.331 46.991 38.316 40.960 41.339 50.409 45.051 41.665 36.445
28.582 36.093 55.434 63.329 78.562 84.146 97.602 108.021 132.705 130.334 141.774 127.989 95.751 108.482 103.640 75.633 77.307 63.274 51.170 40.962 33.108 24.756 17.987 12.866 13.255 10.315 11.823 11.177 13.009 15.866 14.729 20.180 22.773 25.983 26.744 25.472 26.096 25.765 23.797 25.356 26.757 26.077 28.754 23.966 23.620 21.227 20.334 24.033 25.188 24.296 24.971 21.838 27.951 27.570 25.819 30.968 31.747 33.840 41.079 39.729 43.930 39.053 38.300 53.148 -999.250 -999.250 -999.250 -999.250
35.292 42.333 53.917 68.575 80.438 89.586 110.398 147.249 152.106 148.177 145.957 134.640 128.956 106.458 105.618 94.910 82.314 57.201 45.249 33.040 28.951 22.746 19.051 15.632 13.303 11.935 12.153 13.903 15.598 19.045 19.136 23.191 27.641 27.280 24.068 23.639 27.252 24.237 20.599 22.055 22.947 21.978 22.177 21.653 20.753 19.851 16.647 16.754 17.963 20.754 17.649 17.347 20.257 23.589 23.321 24.347 25.968 29.539 33.357 34.853 37.852 40.111 46.612 46.000 48.339 -999.250 -999.250 -999.250
44.007 53.121 68.259 79.384 83.453 106.161 110.827 157.585 176.740 183.930 145.348 155.231 135.738 113.130 92.360 85.142 68.655 54.423 43.024 29.139 22.414 18.592 19.148 14.055 14.199 13.423 14.150 17.172 20.140 26.140 25.326 27.157 29.512 27.605 26.826 27.542 27.306 24.284 24.857 26.235 21.840 18.574 19.008 20.577 16.231 15.656 12.828 9.684 12.842 12.478 13.418 9.597 10.128 14.405 20.507 21.080 22.032 28.564 28.430 32.242 37.110 41.129 39.250 -999.250 -999.250 -999.250 -999.250 -999.250
46.878 52.470 67.645 74.272 91.907 103.688 121.577 180.995 206.083 207.597 195.916 138.110 124.469 90.903 94.168 76.751 59.281 45.113 34.821 27.812 20.794 14.926 16.641 14.180 15.066 15.578 20.048 23.226 27.493 30.709 37.265 32.341 37.775 34.964 36.183 33.490 32.493 29.996 31.231 26.675 23.573 17.029 17.166 15.585 14.071 12.669 12.659 9.876 8.551 9.162 6.623 3.229 0.000 6.972 13.714 14.761 21.433 21.369 23.695 27.940 36.342 38.287 39.356 -999.250 -999.250 -999.250 -999.250 -999.250
45.156 55.199 63.397 79.431 89.329 101.246 129.244 180.084 214.163 190.793 151.959 144.000 123.259 88.342 72.217 64.360 44.352 37.331 24.983 20.799 15.116 14.824 17.280 15.683 17.086 17.475 26.748 28.574 40.649 50.953 54.268 57.213 53.191 49.903 43.621 40.814 46.486 43.457 37.604 33.114 28.029 22.946 22.700 14.856 10.111 11.574 8.449 6.339 1.242 2.138 1.480 0.000 0.000 4.727 8.134 12.938 18.276 23.158 24.475 26.448 27.714 30.273 -999.250 -999.250 -999.250 -999.250 -999.250 -999.250
38.212 46.314 55.561 63.456 82.086 89.547 113.129 143.004 163.489 170.122 145.661 113.010 93.764 81.596 54.922 45.532 35.091 25.918 22.413 16.624 9.412 12.265 14.669 15.692 20.946 23.527 35.483 43.986 56.879 78.221 74.204 84.654 74.594 66.181 63.944 75.554 62.207 59.902 49.140 37.634 29.672 29.829 24.479 18.266 12.020 7.865 3.542 2.697 0.000 0.000 0.000 0.000 1.724 4.957 8.023 10.477 14.414 16.532 19.520 24.695 -999.250 -999.250 -999.250 -999.250 -999.250 -999.250 -999.250 -999.250
30.798 36.669 41.271 46.887 57.671 68.427 87.294 97.865 120.052 128.034 119.088 97.097 78.749 56.305 39.597 30.211 25.979 18.280 15.676 13.818 11.838 13.594 17.140 20.194 27.993 37.871 46.957 65.153 83.342 99.495 107.341 113.984 107.590 99.021 101.835 87.685 80.484 71.097 72.366 59.146 45.935 37.818 30.866 21.289 17.192 9.841 6.136 0.000 0.000 0.000 0.000 0.000 0.996 1.446 7.125 9.580 12.488 14.305 15.685 21.324 -999.250 -999.250 -999.250 -999.250 -999.250 -999.250 -999.250 -999.250
22.424 26.754 27.113 32.732 37.091 49.554 66.910 71.448 81.963 95.045 84.001 76.263 64.507 51.961 30.078 16.898 13.507 12.196 9.955 9.561 11.836 13.973 17.168 28.627 38.523 52.718 67.160 88.246 111.140 122.028 148.724 143.071 141.379 145.993 125.887 117.027 102.295 106.368 93.424 95.616 73.868 54.310 40.792 33.122 23.877 14.925 5.646 0.000 0.000 0.000 0.000 0.000 2.064 3.182 6.796 -999.250 11.663 12.122 -999.250 -999.250 -999.250 -999.250 -999.250 -999.250 -999.250 -999.250 -999.250 -999.250
15.236 18.198 20.770 18.808 21.889 30.997 37.522 52.209 66.501 66.886 63.299 68.771 54.882 39.476 24.106 13.631 9.586 9.964 7.784 8.103 10.172 16.578 24.847 30.934 43.804 60.152 88.658 108.094 151.438 169.813 185.665 214.456 192.381 166.057 167.423 149.037 153.636 161.337 128.726 106.132 88.175 67.137 55.904 40.695 29.104 17.637 9.242 0.048 0.000 0.000 0.000 0.000 1.998 -999.250 -999.250 -999.250 -999.250 -999.250 -999.250 -999.250 -999.250 -999.250 -999.250 -999.250 -999.250 -999.250 -999.250 -999.250
13.335 14.329 13.425 8.992 12.989 12.879 18.120 32.593 45.397 54.351 46.708 43.747 38.757 31.577 23.250 12.365 8.248 4.508 4.487 2.746 8.235 18.220 27.722 38.864 64.668 84.263 107.617 163.964 164.724 188.740 262.588 264.060 260.249 237.645 226.664 195.511 202.995 184.474 178.571 133.715 112.148 89.537 68.633 59.016 40.153 25.182 13.408 1.187 0.000 0.000 0.000 0.000 -999.250 -999.250 -999.250 -999.250 -999.250 -999.250 -999.250 -999.250 -999.250 -999.250 -999.250 -999.250 -999.250 -999.250 -999.250 -999.250
12.262 13.080 9.787 5.263 1.631 7.381 0.000 24.563 32.255 46.060 39.937 33.785 29.365 26.990 20.686 13.021 6.743 1.475 0.000 4.132 7.136 16.177 32.619 49.453 76.595 109.380 149.052 184.677 253.874 268.851 327.771 340.558 341.111 302.008 301.696 271.389 231.507 221.114 201.482 162.928 142.838 115.761 89.249 63.876 48.818 31.006 18.264 9.682 1.560 0.000 0.000 0.000 -999.250 -999.250 -999.250 -999.250 -999.250 -999.250 -999.250 -999.250 -999.250 -999.250 -999.250 -999.250 -999.250 -999.250 -999.250 -999.250
20.705 23.978 14.672 5.497 11.456 20.713 38.040 27.694 28.672 31.820 32.152 27.685 25.599 21.854 15.428 13.650 7.030 0.781 0.000 0.000 2.667 16.214 31.195 57.644 96.158 124.976 199.015 239.616 284.462 348.301 384.130 402.174 399.836 388.992 354.462 319.502 285.900 251.562 237.442 205.887 187.505 145.952 115.191 81.404 56.826 37.991 23.647 12.554 0.734 0.000 0.000 -999.250 -999.250 -999.250 -999.250 -999.250 -999.250 -999.250 -999.250 -999.250 -999.250 -999.250 -999.250 -999.250 -999.250 -999.250 -999.250 -999.250
51.585 48.309 25.227 22.090 17.038 23.626 26.896 27.127 25.980 24.063 23.386 22.203 20.110 18.091 16.115 11.557 7.478 0.000 0.000 0.000 0.000 11.008 33.513 71.200 116.648 183.598 246.348 288.771 340.420 389.346 414.514 468.692 453.182 424.222 438.102 398.523 351.016 315.227 299.774 239.387 194.727 172.775 128.821 76.192 59.223 47.180 23.911 8.846 0.000 0.000 -999.250 -999.250 -999.250 -999.250 -999.250 -999.250 -999.250 -999.250 -999.250 -999.250 -999.250 -999.250 -999.250 -999.250 -999.250 -999.250 -999.250 -999.250
118.369 115.526 93.255 48.844 30.313 23.792 21.960 18.977 17.007 16.502 17.261 16.585 17.945 16.573 16.531 14.000 9.230 0.986 0.000 0.000 0.000 0.000 32.586 61.614 142.740 174.973 247.133 330.353 386.606 424.800 454.565 505.628 512.307 585.813 523.638 433.369 405.113 382.522 347.286 263.578 243.669 171.150 119.641 102.353 62.768 53.371 27.277 13.435 0.000 0.000 -999.250 -999.250 -999.250 -999.250 -999.250 -999.250 -999.250 -999.250 -999.250 -999.250 -999.250 -999.250 -999.250 -999.250 -999.250 -999.250 -999.250 -999.250
255.512 214.271 146.782 87.720 55.750 27.732 19.517 13.093 14.639 10.653 9.285 9.561 10.659 14.421 17.349 16.576 9.358 1.510 0.000 0.000 5.448 18.665 40.003 83.100 134.176 202.605 276.643 336.773 408.519 444.929 514.613 597.746 653.040 713.038 626.123 595.027 460.185 441.860 362.857 318.636 252.817 201.166 163.857 121.345 82.885 54.442 23.751 6.730 0.000 -999.250 -999.250 -999.250 -999.250 -999.250 -999.250 -999.250 -999.250 -999.250 -999.250 -999.250 -999.250 -999.250 -999.250 -999.250 -999.250 -999.250 -999.250 -999.250
394.594 294.492 202.841 132.689 83.239 28.118 14.892 7.526 6.384 2.756 1.206 0.000 5.997 11.031 12.018 12.878 9.312 0.649 0.000 4.594 12.164 26.944 53.864 91.381 140.682 211.905 237.275 342.037 395.798 444.753 511.985 625.077 777.071 830.386 763.985 659.604 541.420 437.801 363.521 329.174 262.422 197.993 168.291 133.847 79.329 56.549 22.381 0.000 0.000 -999.250 -999.250 -999.250 -999.250 -999.250 -999.250 -999.250 -999.250 -999.250 -999.250 -999.250 -999.250 -999.250 -999.250 -999.250 -999.250 -999.250 -999.250 -999.250
357.121 334.058 219.712 167.095 95.615 51.930 21.969 10.171 1.001 0.000 0.000 1.079 5.028 7.613 8.836 8.433 4.978 2.494 0.960 6.498 18.930 31.810 60.319 96.319 135.086 188.419 248.466 307.746 395.438 428.673 502.876 629.056 689.346 757.047 747.485 653.527 596.074 458.807 387.686 340.940 269.267 221.215 177.308 132.472 82.815 52.528 25.862 7.276 0.000 -999.250 -999.250 -999.250 -999.250 -999.250 -999.250 -999.250 -999.250 -999.250 -999.250 -999.250 -999.250 -999.250 -999.250 -999.250 -999.250 -999.250 -999.250 -999.250
348.362 307.919 211.788 184.104 113.299 59.106 24.885 8.930 0.000 0.000 0.000 1.061 2.790 7.935 8.154 9.026 3.453 3.450 3.243 12.139 22.614 35.870 59.615 90.940 144.756 165.387 217.045 298.567 375.673 455.723 486.459 608.283 665.760 660.737 660.233 625.041 512.719 434.015 366.581 314.573 277.416 225.316 185.070 126.539 88.690 65.793 27.585 2.732 -999.250 -999.250 -999.250 -999.250 -999.250 -999.250 -999.250 -999.250 -999.250 -999.250 -999.250 -999.250 -999.250 -999.250 -999.250 -999.250 -999.250 -999.250 -999.250 -999.250
