data/medianmodel_19-Apr-2020.asc
ncols	141
nrows	288
xllcorner	-120191.398
yllcorner	-301404.813
cellsize	2000.000
NODATA_value	-999.250
[rows 150 to 179 of 288, columns 0 to 66 of 141]
-999.250 -999.250 -999.250 -999.250 -999.250 -999.250 -999.250 -999.250 -999.250 -999.250 -999.250 -999.250 17.229 16.784 17.040 18.497 19.119 19.478 20.867 24.403 26.855 28.805 30.359 31.300 31.519 33.184 30.357 32.485 31.396 29.602 32.679 34.713 36.266 40.837 42.026 40.726 41.088 38.642 40.239 36.924 34.351 30.016 29.116 28.412 23.265 22.204 28.764 34.722 36.305 35.560 30.828 27.143 20.252 19.496 19.309 20.067 20.985 20.577 23.815 22.488 22.007 21.948 20.951 19.475 17.271 17.930 15.833
-999.250 -999.250 -999.250 -999.250 -999.250 -999.250 -999.250 -999.250 -999.250 -999.250 -999.250 16.719 12.670 15.670 16.618 17.913 17.718 17.687 21.829 24.846 25.471 25.343 28.663 31.000 31.972 31.081 29.279 33.895 32.738 28.818 34.374 39.333 36.561 39.929 44.135 41.890 41.020 38.525 38.481 40.194 30.972 32.620 30.686 27.556 25.414 18.730 32.415 34.033 37.127 37.754 37.205 32.541 24.954 21.575 20.783 22.881 22.175 23.920 22.370 21.010 22.763 21.971 21.545 18.657 17.143 16.852 15.206
-999.250 -999.250 -999.250 -999.250 -999.250 -999.250 -999.250 -999.250 -999.250 -999.250 17.161 15.327 16.211 15.505 14.143 14.779 15.662 18.076 21.601 21.776 26.432 24.082 26.844 30.188 32.883 35.545 32.962 36.626 34.354 34.665 34.608 37.620 37.026 40.265 38.415 38.511 39.054 37.200 36.496 39.500 40.209 36.625 34.811 32.512 34.083 32.996 41.957 39.220 44.200 38.248 37.214 34.791 30.314 25.063 21.415 21.288 21.588 20.870 24.214 21.643 22.743 23.816 19.621 20.934 18.630 17.021 15.576
-999.250 -999.250 -999.250 -999.250 -999.250 -999.250 -999.250 -999.250 -999.250 18.401 17.403 16.224 16.041 14.337 13.143 8.439 15.110 17.278 19.866 21.190 23.993 23.032 27.073 25.437 28.529 26.646 33.744 29.452 33.446 34.914 37.219 37.392 37.133 38.247 47.194 37.639 38.628 38.560 42.711 42.307 37.243 35.552 40.373 41.162 39.773 48.179 57.336 51.800 54.468 43.436 38.611 35.358 27.177 22.845 24.300 24.150 21.307 24.203 25.185 21.875 22.789 24.154 23.656 19.024 18.494 15.918 15.769
-999.250 -999.250 -999.250 -999.250 -999.250 19.041 18.867 19.895 21.783 19.994 19.353 15.895 15.950 13.153 11.567 13.557 14.374 16.583 18.871 20.446 21.754 24.461 26.009 24.773 27.471 28.122 28.487 29.136 33.849 38.830 37.056 36.814 36.298 38.813 44.681 41.149 42.608 43.381 46.707 48.271 39.943 38.302 38.575 45.336 47.929 63.512 76.112 63.803 53.379 45.520 37.789 37.003 31.336 29.762 25.973 25.416 24.265 22.755 23.998 21.480 21.381 24.800 22.606 20.562 18.428 16.256 14.432
-999.250 -999.250 -999.250 -999.250 -999.250 -999.250 -999.250 20.064 21.726 19.420 17.160 15.559 14.111 14.260 13.539 13.525 14.944 16.668 17.243 19.567 18.203 24.053 24.235 23.891 24.797 24.535 26.734 29.886 34.127 32.331 34.098 42.336 36.368 38.305 44.262 45.200 43.410 42.169 40.059 44.432 40.812 43.284 45.314 46.158 49.095 66.951 68.991 67.823 55.865 51.390 45.847 38.968 38.102 33.184 33.036 26.065 27.769 25.672 25.551 22.497 20.980 21.744 20.393 20.913 18.980 18.346 13.146
-999.250 -999.250 -999.250 -999.250 -999.250 -999.250 -999.250 20.615 19.901 17.309 18.221 16.077 15.147 14.183 14.990 12.324 13.839 17.347 17.645 18.154 17.972 18.186 22.594 26.047 24.913 25.744 28.570 28.473 31.018 37.020 40.817 45.031 37.145 43.382 45.912 42.612 47.995 43.237 40.019 40.420 41.623 43.189 45.005 49.391 52.368 54.938 64.542 62.329 51.485 61.841 55.418 51.310 40.758 35.391 37.108 33.748 31.035 26.355 23.843 23.732 23.492 22.139 20.284 18.609 17.630 17.840 13.471
-999.250 -999.250 -999.250 -999.250 -999.250 -999.250 -999.250 20.320 17.826 18.080 16.163 15.084 13.878 14.066 13.511 13.523 12.931 14.942 17.267 17.949 18.933 17.356 19.707 22.173 23.868 25.388 27.131 30.508 27.067 34.866 36.280 41.603 41.166 39.372 44.483 42.085 41.911 42.762 39.194 43.084 39.889 40.208 46.013 45.419 45.392 55.857 49.717 56.395 60.482 52.939 51.401 44.726 41.078 38.683 34.263 31.009 27.127 26.931 22.759 24.170 21.655 25.115 17.146 17.576 16.564 14.394 13.695
-999.250 -999.250 -999.250 -999.250 -999.250 -999.250 -999.250 19.037 18.163 17.386 16.354 14.704 13.492 13.073 12.395 14.049 12.357 15.901 15.331 17.658 19.097 19.142 20.768 22.467 21.557 21.875 27.645 29.514 28.725 30.568 35.564 43.696 45.572 41.816 47.731 40.260 40.243 43.715 45.240 47.800 40.346 44.192 43.829 45.557 43.959 42.465 40.491 43.647 47.328 50.198 41.876 42.755 42.785 34.758 34.514 33.777 31.790 27.523 24.367 22.378 20.326 23.126 20.153 14.929 14.893 11.419 10.124
-999.250 -999.250 -999.250 -999.250 -999.250 -999.250 -999.250 -999.250 17.334 14.000 13.378 16.528 14.359 12.366 11.567 11.303 12.048 14.190 13.692 15.954 17.985 19.362 20.046 19.666 21.062 23.106 25.636 24.727 30.226 32.307 35.789 39.069 38.221 38.344 44.160 45.465 50.332 45.786 40.608 40.489 39.967 42.090 43.397 44.722 47.841 46.107 44.864 45.312 47.389 56.009 45.917 46.997 32.492 33.937 32.704 33.780 26.626 26.983 24.064 23.386 23.053 23.422 17.980 13.203 10.640 7.360 8.691
-999.250 -999.250 -999.250 -999.250 -999.250 -999.250 -999.250 -999.250 18.244 11.603 15.201 15.573 12.939 11.847 13.103 7.963 11.808 12.385 13.593 15.568 16.117 17.261 19.770 21.430 21.134 23.883 24.624 25.870 32.029 33.780 32.547 36.824 36.373 41.492 40.188 44.463 54.137 47.934 43.409 41.904 38.570 42.499 40.979 44.441 45.346 46.153 44.574 45.243 48.108 48.986 40.972 43.459 35.064 34.513 29.564 29.280 27.226 25.421 24.094 24.441 22.055 20.441 16.960 13.636 10.126 0.000 2.541
-999.250 -999.250 -999.250 -999.250 -999.250 -999.250 -999.250 19.617 15.988 17.211 16.611 17.390 15.001 14.118 11.945 10.822 11.930 13.368 12.585 12.309 12.880 14.886 17.385 18.727 20.838 21.420 26.325 28.909 29.851 27.929 31.527 34.537 35.509 35.864 36.358 41.673 48.763 42.027 37.834 39.835 37.844 35.756 38.234 39.118 37.877 37.207 42.676 42.551 42.086 38.870 41.898 38.071 34.291 32.724 29.334 26.122 24.386 25.187 22.530 23.702 20.353 19.803 15.711 13.968 11.379 6.080 6.470
-999.250 -999.250 -999.250 -999.250 -999.250 -999.250 -999.250 19.675 19.914 17.942 15.112 16.506 15.929 14.303 13.571 14.883 12.498 13.713 12.859 11.715 7.314 12.458 17.773 19.204 20.465 23.378 24.610 25.751 30.861 29.104 31.036 31.674 32.058 29.962 33.870 37.109 36.912 33.735 29.572 31.072 33.949 34.889 33.923 35.286 37.023 33.772 38.257 36.929 39.568 36.854 39.022 40.502 37.971 33.914 32.467 29.827 27.586 23.977 21.252 24.737 21.524 19.052 15.131 12.046 13.039 9.825 7.729
-999.250 -999.250 -999.250 -999.250 -999.250 -999.250 -999.250 20.166 19.605 18.623 19.013 17.744 15.925 16.928 14.265 13.770 12.676 13.433 12.496 13.467 13.478 17.314 18.323 19.641 22.386 25.669 26.477 25.096 29.257 29.529 31.046 31.571 29.997 29.613 30.829 31.013 31.227 28.086 17.741 25.921 28.754 30.157 32.646 33.949 31.709 35.558 36.776 39.659 40.153 41.828 37.981 39.078 33.104 33.763 30.730 30.352 27.878 25.309 24.089 23.745 20.542 17.875 15.002 12.578 13.993 12.750 10.340
-999.250 -999.250 -999.250 -999.250 -999.250 -999.250 -999.250 19.735 20.668 21.472 20.970 16.571 18.372 16.658 14.961 14.593 14.620 12.342 11.820 14.075 12.728 17.312 19.054 22.507 25.080 24.331 29.461 27.803 28.456 29.166 30.269 31.190 29.286 30.084 27.964 27.252 24.989 21.920 20.075 22.450 24.790 33.180 27.619 32.276 33.550 29.714 31.093 34.035 35.465 37.099 39.910 38.986 36.970 33.773 30.849 33.257 28.316 23.038 23.219 23.500 21.999 18.985 18.483 16.535 12.453 12.026 9.267
-999.250 -999.250 -999.250 -999.250 -999.250 -999.250 17.487 20.074 21.416 22.763 21.840 19.592 20.317 18.473 17.617 15.314 14.589 14.314 15.415 12.671 15.466 18.586 19.815 22.106 26.283 22.783 25.313 27.593 28.135 25.579 27.702 25.165 26.066 30.415 27.407 26.758 21.506 21.723 22.443 23.195 25.518 28.906 29.414 29.734 29.270 30.879 30.631 36.323 33.455 34.967 39.651 37.031 41.498 36.403 31.725 32.615 27.624 24.571 23.249 23.421 19.671 18.479 18.401 17.389 14.652 12.650 9.866
-999.250 -999.250 -999.250 -999.250 -999.250 -999.250 23.159 20.931 23.472 23.013 21.791 22.819 21.042 18.549 15.752 17.434 15.538 15.953 17.399 15.593 14.377 18.762 20.693 25.759 24.489 23.039 24.521 25.377 27.229 27.465 27.386 26.047 26.743 27.940 24.299 24.285 21.842 22.445 25.319 27.583 27.737 30.893 28.581 33.359 32.398 31.037 31.284 32.318 35.661 37.114 36.672 40.396 38.677 35.640 32.612 31.627 25.351 23.655 22.151 22.159 22.659 21.331 17.488 15.932 14.186 12.061 11.609
-999.250 -999.250 -999.250 -999.250 -999.250 21.987 21.542 23.711 23.160 22.871 24.127 20.982 19.632 19.544 15.848 15.295 17.684 16.023 16.708 16.104 17.254 18.285 20.140 23.469 24.292 22.105 26.040 26.413 29.803 30.674 31.421 26.578 27.369 27.834 24.739 24.296 23.158 22.510 26.021 28.327 28.401 31.025 34.605 32.872 30.709 33.886 34.764 37.224 36.299 32.485 35.258 37.188 39.884 34.850 32.211 26.541 24.361 25.051 23.407 24.198 22.097 18.427 17.357 15.048 13.316 12.599 10.613
-999.250 -999.250 -999.250 -999.250 -999.250 22.984 23.695 23.710 23.819 22.821 23.961 20.374 20.057 18.434 20.227 16.359 15.260 15.534 16.925 14.676 17.532 17.671 22.213 20.313 24.067 24.323 24.548 26.959 28.579 29.908 31.598 29.499 30.318 25.166 24.188 23.441 22.803 25.362 28.265 29.186 31.018 27.700 32.903 31.613 31.579 37.301 36.449 35.931 38.780 37.078 32.355 38.969 34.449 35.061 31.563 25.063 22.796 24.288 22.319 20.198 21.993 18.754 16.548 15.859 13.718 11.634 9.784
-999.250 -999.250 -999.250 -999.250 26.757 26.092 24.825 24.237 25.661 23.978 21.971 20.837 20.507 18.094 18.615 15.791 14.043 14.543 13.461 15.890 16.621 16.890 17.702 19.241 22.081 24.401 26.196 30.144 28.043 29.707 28.589 27.464 28.662 24.422 23.589 22.702 25.486 25.489 27.549 29.015 29.289 33.970 29.974 35.882 36.237 36.554 36.198 31.849 39.429 38.111 33.193 35.436 33.112 33.884 33.009 23.518 22.914 22.242 21.377 20.761 20.505 19.581 16.576 13.938 13.558 12.281 13.120
-999.250 -999.250 -999.250 -999.250 27.567 26.091 23.468 26.258 27.006 23.008 22.536 20.189 20.245 17.740 15.066 13.841 12.242 10.614 14.877 15.077 16.303 19.147 15.890 20.538 23.305 25.242 26.371 30.380 30.950 30.509 27.406 30.033 30.533 26.889 25.450 25.105 25.243 25.921 30.084 31.665 34.783 36.972 33.765 33.439 38.323 37.310 35.944 37.934 37.165 33.473 28.427 32.508 31.564 33.225 34.335 26.225 23.610 20.648 22.283 20.206 20.679 18.435 16.694 14.092 12.944 15.455 12.277
-999.250 -999.250 -999.250 -999.250 26.641 25.721 23.933 26.005 27.048 27.106 23.626 19.857 17.843 17.172 12.529 11.906 10.729 13.710 14.902 15.442 19.063 19.546 21.151 19.899 26.997 28.267 27.204 29.004 31.016 35.144 32.078 28.762 29.359 27.972 26.388 23.748 26.518 27.008 29.247 30.976 36.003 37.885 36.517 36.025 41.248 36.690 31.912 36.630 35.828 35.618 33.950 34.388 35.727 29.280 27.478 24.546 21.788 21.082 20.441 19.245 17.384 17.188 13.916 13.151 11.945 12.000 11.783
-999.250 -999.250 -999.250 -999.250 27.072 28.262 30.563 29.021 27.035 29.605 26.117 21.124 16.998 13.078 10.778 5.827 5.551 9.732 14.204 15.080 19.056 19.653 23.680 23.820 28.274 32.938 31.821 33.180 32.939 34.632 33.477 34.577 31.780 32.675 28.714 23.480 28.431 29.274 30.783 31.898 37.780 38.125 40.187 37.425 36.951 35.495 33.270 36.626 35.450 36.629 36.131 34.824 37.494 31.587 25.294 24.858 21.099 18.557 18.492 18.430 17.377 16.079 14.437 13.488 12.393 9.078 9.973
-999.250 -999.250 -999.250 -999.250 25.535 26.208 27.655 27.829 30.019 27.364 27.282 20.867 15.870 13.065 10.647 6.112 0.000 6.953 11.587 13.447 17.326 20.371 25.859 27.559 32.671 32.417 35.097 32.620 36.286 33.354 35.010 30.855 31.156 30.946 30.189 28.733 28.407 25.671 30.691 32.949 36.960 40.687 41.574 37.690 37.194 36.629 36.781 38.232 39.150 37.981 36.069 31.852 32.481 30.491 31.562 22.909 19.392 17.485 15.121 15.681 16.514 14.487 15.327 13.766 12.153 13.061 12.627
-999.250 -999.250 -999.250 -999.250 29.705 30.038 32.724 32.900 33.026 32.389 26.301 22.695 16.789 14.273 10.688 8.158 8.082 9.473 14.053 12.977 20.385 27.474 32.797 34.788 34.670 27.115 30.901 33.264 36.477 34.364 35.297 35.714 30.755 32.596 30.700 31.593 33.281 29.536 33.794 31.465 35.946 37.360 40.614 42.510 40.840 39.668 38.053 34.787 37.969 35.690 34.865 31.693 29.335 26.961 23.218 20.539 17.431 13.241 13.093 14.477 12.814 13.526 12.276 12.792 12.666 13.676 13.330
-999.250 -999.250 -999.250 -999.250 30.198 30.091 32.824 32.975 31.777 30.665 26.377 24.001 18.991 16.899 16.528 13.756 17.708 16.703 21.023 24.203 29.749 33.155 34.792 37.081 37.204 38.141 35.299 39.141 39.593 40.867 36.601 34.947 28.865 33.479 31.752 33.917 32.113 29.688 33.485 37.191 34.362 40.930 39.901 41.592 41.953 41.378 36.839 37.829 37.026 35.221 34.573 27.395 28.235 26.944 20.619 19.971 12.775 8.774 9.109 10.322 11.713 12.062 13.444 13.914 15.360 13.531 12.937
-999.250 -999.250 -999.250 -999.250 34.900 31.343 37.369 36.550 35.788 33.450 30.463 25.824 23.108 21.065 20.624 22.337 22.150 22.463 26.295 31.760 37.201 41.643 43.341 41.561 38.888 42.639 39.937 40.893 41.840 37.994 37.582 36.569 33.052 31.811 31.867 36.307 35.621 36.331 34.757 39.141 39.547 41.469 41.883 45.790 42.894 38.692 39.181 34.464 31.226 32.181 31.734 29.366 28.452 24.853 20.102 18.215 10.325 0.000 6.407 11.734 12.530 12.635 10.454 13.350 12.727 14.209 12.526
-999.250 -999.250 -999.250 -999.250 36.614 37.755 39.487 40.165 40.089 34.794 32.657 29.599 27.621 27.738 26.450 26.213 32.750 33.691 37.414 39.196 44.114 46.731 51.764 49.299 47.771 43.571 41.192 40.549 42.883 41.701 40.647 38.209 36.562 33.989 33.261 34.782 31.330 33.072 35.803 41.070 39.796 38.230 38.485 41.811 37.305 34.544 34.629 33.746 29.822 31.566 28.377 26.821 24.993 23.883 20.315 19.435 11.750 7.350 7.508 9.573 11.576 13.635 13.183 11.108 15.342 14.447 13.454
-999.250 -999.250 -999.250 -999.250 39.945 41.914 46.097 39.000 39.941 41.959 37.061 35.808 35.935 35.082 31.500 34.307 37.907 43.016 41.247 55.044 63.262 57.291 58.771 59.533 52.620 54.409 43.706 46.221 41.881 45.897 38.251 40.493 35.980 34.122 30.535 32.769 35.281 36.507 39.073 43.817 40.123 43.854 39.404 39.732 36.135 34.878 35.200 34.842 33.248 30.186 29.968 25.512 25.085 23.218 20.608 18.705 14.485 11.461 11.968 13.735 12.727 10.507 8.485 11.756 13.186 13.575 11.874
-999.250 -999.250 -999.250 36.945 39.401 42.873 42.885 39.558 41.864 41.880 40.663 39.552 39.555 43.370 40.829 44.075 46.155 45.970 56.441 58.495 77.488 77.293 66.308 62.824 51.283 51.063 46.212 49.112 42.632 41.199 41.982 43.424 37.832 34.023 31.536 35.749 34.091 37.513 39.191 39.767 43.286 34.834 35.104 39.392 35.938 33.302 29.925 34.569 30.372 28.671 24.275 23.570 24.032 22.655 20.196 18.263 16.171 11.539 13.024 13.285 12.535 12.756 10.840 12.277 12.499 13.924 14.286
