data/medianmodel_07-Jun-2020.asc
ncols	141
nrows	288
xllcorner	-120191.398
yllcorner	-301404.813
cellsize	2000.000
NODATA_value	-999.250
[rows 30 to 59 of 288, columns 0 to 68 of 141]
-999.250 -999.250 -999.250 -999.250 -999.250 -999.250 -999.250 -999.250 -999.250 -999.250 -999.250 -999.250 -999.250 -999.250 -999.250 -999.250 -999.250 -999.250 -999.250 -999.250 -999.250 -999.250 -999.250 -999.250 -999.250 -999.250 -999.250 -999.250 -999.250 -999.250 -999.250 1.173 1.790 1.517 3.175 4.281 5.663 3.367 3.372 4.761 3.884 4.091 5.982 5.476 8.346 4.633 6.021 7.475 5.687 5.543 4.026 1.960 0.000 0.000 0.000 0.924 3.982 7.716 12.972 15.546 12.089 11.163 10.904 9.188 10.049 10.229 9.016 5.214 5.417
-999.250 -999.250 -999.250 -999.250 -999.250 -999.250 -999.250 -999.250 -999.250 -999.250 -999.250 -999.250 -999.250 -999.250 -999.250 -999.250 -999.250 -999.250 -999.250 -999.250 -999.250 -999.250 -999.250 -999.250 -999.250 -999.250 -999.250 -999.250 -999.250 -999.250 -999.250 -999.250 1.647 1.467 4.512 2.556 3.472 5.802 6.019 4.419 3.768 3.787 4.957 5.787 7.827 7.339 5.838 5.092 5.441 4.554 2.444 1.985 0.329 0.000 0.000 0.000 4.722 7.208 9.860 12.891 11.142 13.799 11.571 8.276 7.158 7.779 5.719 5.902 2.797
-999.250 -999.250 -999.250 -999.250 -999.250 -999.250 -999.250 -999.250 -999.250 -999.250 -999.250 -999.250 -999.250 -999.250 -999.250 -999.250 -999.250 -999.250 -999.250 -999.250 -999.250 -999.250 -999.250 -999.250 -999.250 -999.250 -999.250 -999.250 -999.250 -999.250 -999.250 -999.250 0.422 1.078 2.939 4.175 3.060 6.002 5.814 5.150 6.239 5.873 5.572 5.920 7.455 6.061 5.863 5.473 5.835 5.892 4.891 3.340 0.388 0.000 0.000 0.000 3.076 4.361 8.734 10.119 10.211 11.027 8.762 5.377 7.577 7.108 5.907 5.069 1.755
-999.250 -999.250 -999.250 -999.250 -999.250 -999.250 -999.250 -999.250 -999.250 -999.250 -999.250 -999.250 -999.250 -999.250 -999.250 -999.250 -999.250 -999.250 -999.250 -999.250 -999.250 -999.250 -999.250 -999.250 -999.250 -999.250 -999.250 -999.250 -999.250 -999.250 -999.250 -999.250 3.175 5.852 2.759 4.140 6.213 3.861 4.584 7.407 10.328 6.476 4.434 6.082 6.171 7.410 7.348 7.153 10.401 5.066 5.889 4.599 3.730 2.639 0.879 2.633 4.594 4.088 5.332 9.174 7.864 8.240 7.056 7.429 7.877 7.558 4.508 6.065 5.703
-999.250 -999.250 -999.250 -999.250 -999.250 -999.250 -999.250 -999.250 -999.250 -999.250 -999.250 -999.250 -999.250 -999.250 -999.250 -999.250 -999.250 -999.250 -999.250 -999.250 -999.250 -999.250 -999.250 -999.250 -999.250 -999.250 -999.250 -999.250 -999.250 -999.250 -999.250 -999.250 2.652 3.136 2.621 3.338 4.260 5.569 3.068 5.425 5.724 5.450 7.122 7.316 4.138 7.557 6.371 5.317 7.604 4.720 4.330 4.831 4.915 3.811 2.547 3.863 4.647 6.181 5.158 5.656 6.726 5.412 5.397 7.316 12.797 5.695 4.343 6.021 3.535
-999.250 -999.250 -999.250 -999.250 -999.250 -999.250 -999.250 -999.250 -999.250 -999.250 -999.250 -999.250 -999.250 -999.250 -999.250 -999.250 -999.250 -999.250 -999.250 -999.250 -999.250 -999.250 -999.250 -999.250 -999.250 -999.250 -999.250 -999.250 -999.250 -999.250 -999.250 -999.250 2.956 2.585 2.147 0.241 3.056 1.868 1.746 2.053 4.994 4.406 2.766 6.115 4.823 6.354 4.054 5.745 5.611 3.666 2.959 4.677 3.037 3.070 2.547 3.139 4.641 2.136 4.710 4.110 7.045 5.097 4.019 5.656 5.882 4.451 6.304 6.622 3.923
-999.250 -999.250 -999.250 -999.250 -999.250 -999.250 -999.250 -999.250 -999.250 -999.250 -999.250 -999.250 -999.250 -999.250 -999.250 -999.250 -999.250 -999.250 -999.250 -999.250 -999.250 -999.250 -999.250 -999.250 -999.250 -999.250 -999.250 -999.250 -999.250 -999.250 -999.250 -999.250 2.333 1.512 1.412 1.840 0.497 0.605 2.258 4.810 3.688 5.823 6.002 3.672 5.626 3.211 4.877 5.779 6.451 6.885 5.174 2.722 3.793 3.409 2.872 3.521 2.311 2.443 1.287 1.258 3.941 2.397 3.612 4.126 4.084 3.901 5.972 5.917 1.486
-999.250 -999.250 -999.250 -999.250 -999.250 -999.250 -999.250 -999.250 -999.250 -999.250 -999.250 -999.250 -999.250 -999.250 -999.250 -999.250 -999.250 -999.250 -999.250 -999.250 -999.250 -999.250 -999.250 -999.250 -999.250 -999.250 -999.250 -999.250 -999.250 -999.250 -999.250 -999.250 -999.250 4.304 4.534 2.069 3.214 2.242 0.834 1.393 2.231 4.523 4.135 3.624 5.398 4.362 4.427 8.520 6.231 6.517 6.158 4.829 4.308 2.929 4.890 3.802 0.917 0.624 0.000 0.000 1.383 2.695 2.643 1.038 2.335 3.967 5.814 2.757 0.000
-999.250 -999.250 -999.250 -999.250 -999.250 -999.250 -999.250 -999.250 -999.250 -999.250 -999.250 -999.250 -999.250 -999.250 -999.250 -999.250 -999.250 -999.250 -999.250 -999.250 -999.250 -999.250 -999.250 -999.250 -999.250 -999.250 -999.250 -999.250 -999.250 -999.250 -999.250 -999.250 -999.250 2.040 3.967 3.502 1.817 3.680 2.388 0.931 3.228 4.741 2.444 2.956 5.305 4.534 5.054 5.884 7.022 6.473 4.082 4.091 3.117 2.782 4.415 5.242 3.104 0.825 2.081 0.000 0.000 0.319 0.538 0.000 2.470 1.057 2.110 0.000 0.000
-999.250 -999.250 -999.250 -999.250 -999.250 -999.250 -999.250 -999.250 -999.250 -999.250 -999.250 -999.250 -999.250 -999.250 -999.250 -999.250 -999.250 -999.250 -999.250 -999.250 -999.250 -999.250 -999.250 -999.250 -999.250 -999.250 -999.250 -999.250 -999.250 -999.250 -999.250 -999.250 0.000 1.664 0.650 3.181 4.698 1.450 0.564 1.252 3.416 5.240 4.566 3.112 3.221 4.328 3.704 6.456 7.815 6.498 6.747 7.861 7.222 3.657 3.763 5.607 0.954 1.574 0.000 0.000 0.012 0.000 0.000 0.000 0.000 0.543 0.000 0.000 0.000
-999.250 -999.250 -999.250 -999.250 -999.250 -999.250 -999.250 -999.250 -999.250 -999.250 -999.250 -999.250 -999.250 -999.250 -999.250 -999.250 -999.250 -999.250 -999.250 -999.250 -999.250 -999.250 -999.250 -999.250 -999.250 -999.250 -999.250 -999.250 -999.250 -999.250 -999.250 -999.250 2.739 2.849 2.672 3.147 1.286 4.196 2.115 1.842 2.664 4.025 2.964 0.000 0.000 2.442 4.881 5.843 7.606 6.495 11.043 12.513 12.237 8.889 6.895 4.362 5.257 4.973 2.478 0.195 0.000 0.000 0.000 0.000 0.000 0.000 0.000 0.000 0.000
-999.250 -999.250 -999.250 -999.250 -999.250 -999.250 -999.250 -999.250 -999.250 -999.250 -999.250 -999.250 -999.250 -999.250 -999.250 -999.250 -999.250 -999.250 -999.250 -999.250 -999.250 -999.250 -999.250 -999.250 -999.250 -999.250 -999.250 -999.250 -999.250 -999.250 -999.250 -999.250 -999.250 1.426 6.371 3.584 2.747 3.703 2.848 0.000 3.534 4.010 3.382 2.839 3.038 1.917 6.251 8.226 5.670 7.573 11.114 21.912 29.474 18.966 14.646 6.323 7.614 5.525 3.718 2.740 0.716 0.000 0.000 0.000 0.000 0.000 0.000 0.000 0.000
-999.250 -999.250 -999.250 -999.250 -999.250 -999.250 -999.250 -999.250 -999.250 -999.250 -999.250 -999.250 -999.250 -999.250 -999.250 -999.250 -999.250 -999.250 -999.250 -999.250 -999.250 -999.250 -999.250 -999.250 -999.250 -999.250 -999.250 -999.250 -999.250 -999.250 -999.250 -999.250 -999.250 1.161 2.483 2.564 3.198 3.536 3.788 2.549 2.460 2.668 3.835 2.032 1.921 4.289 10.049 11.466 10.186 9.855 14.100 26.523 50.215 33.010 17.382 6.647 8.126 7.887 5.188 2.826 2.609 0.000 0.000 0.000 0.000 0.000 0.000 0.000 0.000
-999.250 -999.250 -999.250 -999.250 -999.250 -999.250 -999.250 -999.250 -999.250 -999.250 -999.250 -999.250 -999.250 -999.250 -999.250 -999.250 -999.250 -999.250 -999.250 -999.250 -999.250 -999.250 -999.250 -999.250 -999.250 -999.250 -999.250 -999.250 -999.250 -999.250 -999.250 -999.250 -999.250 4.031 1.783 3.175 3.767 4.487 4.034 4.245 1.951 2.648 2.191 3.161 3.758 8.291 14.891 29.388 15.293 11.759 18.244 22.311 26.878 23.871 17.627 9.475 8.837 12.406 5.622 4.314 2.993 0.342 0.000 0.000 0.000 0.000 0.000 0.000 0.000
-999.250 -999.250 -999.250 -999.250 -999.250 -999.250 -999.250 -999.250 -999.250 -999.250 -999.250 -999.250 -999.250 -999.250 -999.250 -999.250 -999.250 -999.250 -999.250 -999.250 -999.250 -999.250 -999.250 -999.250 -999.250 -999.250 -999.250 -999.250 -999.250 -999.250 -999.250 -999.250 -999.250 -999.250 5.947 10.013 4.981 6.663 5.944 3.302 1.788 1.037 0.664 3.387 5.196 8.559 14.437 15.989 19.433 12.509 12.852 14.067 19.478 22.163 13.047 8.470 7.956 5.691 5.661 3.183 3.437 1.544 0.027 0.941 1.446 0.000 0.000 0.000 0.000
-999.250 -999.250 -999.250 -999.250 -999.250 -999.250 -999.250 -999.250 -999.250 -999.250 -999.250 -999.250 -999.250 -999.250 -999.250 -999.250 -999.250 -999.250 -999.250 -999.250 -999.250 -999.250 -999.250 -999.250 -999.250 -999.250 -999.250 -999.250 -999.250 -999.250 -999.250 -999.250 -999.250 -999.250 4.878 5.694 5.945 4.180 5.394 2.298 1.233 1.188 1.550 5.206 3.697 7.639 13.084 17.529 12.300 11.004 8.983 12.705 16.771 19.212 18.088 12.012 7.629 7.652 8.859 3.389 5.447 4.115 2.790 2.235 3.219 0.628 0.000 0.000 0.236
-999.250 -999.250 -999.250 -999.250 -999.250 -999.250 -999.250 -999.250 -999.250 -999.250 -999.250 -999.250 -999.250 -999.250 -999.250 -999.250 -999.250 -999.250 -999.250 -999.250 -999.250 -999.250 -999.250 -999.250 -999.250 -999.250 -999.250 -999.250 -999.250 -999.250 -999.250 -999.250 -999.250 -999.250 4.326 2.771 4.863 4.144 5.364 5.850 4.091 1.443 1.990 6.023 4.852 8.516 10.723 10.662 12.575 8.109 12.340 8.817 15.030 20.347 24.281 15.706 13.438 11.335 7.472 5.185 3.286 4.178 5.897 4.458 5.316 1.293 1.687 1.690 2.868
-999.250 -999.250 -999.250 -999.250 -999.250 -999.250 -999.250 -999.250 -999.250 -999.250 -999.250 -999.250 -999.250 -999.250 -999.250 -999.250 -999.250 -999.250 -999.250 -999.250 -999.250 -999.250 -999.250 -999.250 -999.250 -999.250 -999.250 -999.250 -999.250 -999.250 -999.250 -999.250 -999.250 -999.250 3.707 2.527 2.647 3.183 4.492 5.266 4.340 2.427 1.962 4.122 7.603 10.324 11.147 10.162 9.985 6.868 7.425 7.802 13.686 22.154 36.360 19.981 11.625 12.063 6.938 7.801 3.266 3.563 3.953 3.778 3.686 4.968 3.650 3.397 6.885
-999.250 -999.250 -999.250 -999.250 -999.250 -999.250 -999.250 -999.250 -999.250 -999.250 -999.250 -999.250 -999.250 -999.250 -999.250 -999.250 -999.250 -999.250 -999.250 -999.250 -999.250 -999.250 -999.250 -999.250 -999.250 -999.250 -999.250 -999.250 -999.250 -999.250 -999.250 -999.250 -999.250 -999.250 -999.250 3.402 1.530 4.387 2.973 6.616 5.803 4.461 4.568 7.795 9.612 10.782 10.970 10.909 13.111 7.365 7.480 12.515 14.415 18.719 21.026 18.892 11.256 10.274 9.062 5.779 4.820 5.847 7.520 4.123 1.730 3.148 4.168 5.778 7.329
-999.250 -999.250 -999.250 -999.250 -999.250 -999.250 -999.250 -999.250 -999.250 -999.250 -999.250 -999.250 -999.250 -999.250 -999.250 -999.250 -999.250 -999.250 -999.250 -999.250 -999.250 -999.250 -999.250 -999.250 -999.250 -999.250 -999.250 -999.250 -999.250 -999.250 -999.250 -999.250 -999.250 -999.250 -999.250 5.901 2.319 3.986 4.167 6.716 4.238 3.986 4.092 8.651 7.383 8.028 10.510 9.052 10.297 12.398 9.838 12.359 13.977 15.925 14.301 12.094 10.160 6.895 6.758 4.282 4.385 6.025 8.591 5.881 5.100 4.812 5.594 5.668 7.183
-999.250 -999.250 -999.250 -999.250 -999.250 -999.250 -999.250 -999.250 -999.250 -999.250 -999.250 -999.250 -999.250 -999.250 -999.250 -999.250 -999.250 -999.250 -999.250 -999.250 -999.250 -999.250 -999.250 -999.250 -999.250 -999.250 -999.250 -999.250 -999.250 -999.250 -999.250 -999.250 -999.250 -999.250 -999.250 3.537 4.582 5.921 8.232 11.513 7.192 7.359 8.118 9.849 12.529 7.958 8.291 11.517 7.950 12.333 11.072 10.971 13.614 12.278 9.553 8.588 8.177 8.243 6.075 6.591 6.014 8.819 7.710 6.228 5.927 5.212 5.405 6.428 7.929
-999.250 -999.250 -999.250 -999.250 -999.250 -999.250 -999.250 -999.250 -999.250 -999.250 -999.250 -999.250 -999.250 -999.250 -999.250 -999.250 -999.250 -999.250 -999.250 -999.250 -999.250 -999.250 -999.250 -999.250 -999.250 -999.250 -999.250 -999.250 -999.250 -999.250 -999.250 -999.250 -999.250 -999.250 -999.250 3.870 7.072 9.374 14.257 8.003 6.364 8.206 16.420 11.441 10.864 10.436 10.838 9.836 11.567 14.376 12.165 10.074 11.760 12.050 7.312 6.754 7.391 5.784 4.627 4.940 4.951 4.813 4.249 5.460 6.767 6.540 8.373 8.095 8.730
-999.250 -999.250 -999.250 -999.250 -999.250 -999.250 -999.250 -999.250 -999.250 -999.250 -999.250 -999.250 -999.250 -999.250 -999.250 -999.250 -999.250 -999.250 -999.250 -999.250 -999.250 -999.250 -999.250 -999.250 -999.250 -999.250 -999.250 -999.250 -999.250 -999.250 -999.250 -999.250 -999.250 -999.250 -999.250 5.354 6.227 7.061 8.314 5.092 6.143 8.404 10.105 11.113 9.582 8.959 9.327 8.644 8.993 17.428 10.350 9.261 7.903 7.354 8.582 5.696 6.433 4.855 3.637 1.282 1.810 4.442 5.428 6.452 8.637 7.329 7.682 9.000 8.804
-999.250 -999.250 -999.250 -999.250 -999.250 -999.250 -999.250 -999.250 -999.250 -999.250 -999.250 -999.250 -999.250 -999.250 -999.250 -999.250 -999.250 -999.250 -999.250 -999.250 -999.250 -999.250 -999.250 -999.250 -999.250 -999.250 -999.250 -999.250 -999.250 -999.250 -999.250 -999.250 -999.250 -999.250 -999.250 -999.250 6.968 5.382 8.827 6.989 7.552 7.055 8.723 9.553 10.500 9.483 9.711 8.273 8.283 6.434 5.939 4.198 7.166 4.880 4.844 4.269 6.495 0.525 0.261 3.884 1.294 3.325 4.734 6.949 9.266 12.073 11.918 10.173 7.017
-999.250 -999.250 -999.250 -999.250 -999.250 -999.250 -999.250 -999.250 -999.250 -999.250 -999.250 -999.250 -999.250 -999.250 -999.250 -999.250 -999.250 -999.250 -999.250 -999.250 -999.250 -999.250 -999.250 -999.250 -999.250 -999.250 -999.250 -999.250 -999.250 -999.250 -999.250 -999.250 -999.250 -999.250 -999.250 -999.250 4.822 7.207 8.544 12.465 9.362 5.962 6.390 12.652 8.626 10.523 7.707 7.274 7.700 7.469 5.325 3.663 4.900 5.640 4.833 5.189 5.105 4.569 1.754 1.414 3.682 4.088 5.614 8.461 11.439 14.848 17.948 12.348 7.747
-999.250 -999.250 -999.250 -999.250 -999.250 -999.250 -999.250 -999.250 -999.250 -999.250 -999.250 -999.250 -999.250 -999.250 -999.250 -999.250 -999.250 -999.250 -999.250 -999.250 -999.250 -999.250 -999.250 -999.250 -999.250 -999.250 -999.250 -999.250 -999.250 -999.250 -999.250 -999.250 -999.250 -999.250 -999.250 -999.250 -999.250 6.740 7.212 8.113 8.539 4.922 4.714 7.301 6.702 9.656 8.901 7.373 9.612 7.926 7.425 5.478 4.203 5.664 5.666 5.978 6.438 4.968 4.435 4.517 5.237 4.190 7.411 7.918 11.288 16.637 32.003 14.073 5.926
-999.250 -999.250 -999.250 -999.250 -999.250 -999.250 -999.250 -999.250 -999.250 -999.250 -999.250 -999.250 -999.250 -999.250 -999.250 -999.250 -999.250 -999.250 -999.250 -999.250 -999.250 -999.250 -999.250 -999.250 -999.250 -999.250 -999.250 -999.250 -999.250 -999.250 -999.250 -999.250 -999.250 -999.250 -999.250 -999.250 -999.250 4.856 5.641 5.019 5.147 5.076 4.554 6.133 7.831 8.672 10.247 7.983 12.421 8.439 6.749 6.873 5.276 2.952 6.658 5.956 6.495 4.594 4.748 3.447 6.530 6.772 8.448 7.573 8.994 13.613 13.959 11.392 2.111
-999.250 -999.250 -999.250 -999.250 -999.250 -999.250 -999.250 -999.250 -999.250 -999.250 -999.250 -999.250 -999.250 -999.250 -999.250 -999.250 -999.250 -999.250 -999.250 -999.250 -999.250 -999.250 -999.250 -999.250 -999.250 -999.250 -999.250 -999.250 -999.250 -999.250 -999.250 -999.250 -999.250 -999.250 -999.250 -999.250 -999.250 3.172 5.733 5.583 9.984 4.563 4.848 5.329 6.541 10.562 8.920 8.915 11.319 10.090 6.843 5.388 5.374 5.889 7.318 7.921 6.271 5.656 5.143 3.819 4.448 6.239 7.953 10.411 9.120 9.645 7.978 1.667 0.000
-999.250 -999.250 -999.250 -999.250 -999.250 -999.250 -999.250 -999.250 -999.250 -999.250 -999.250 -999.250 -999.250 -999.250 -999.250 -999.250 -999.250 -999.250 -999.250 -999.250 -999.250 -999.250 -999.250 -999.250 -999.250 -999.250 -999.250 -999.250 -999.250 -999.250 -999.250 -999.250 -999.250 -999.250 -999.250 -999.250 -999.250 4.988 5.148 5.254 5.250 4.838 3.956 7.323 7.222 8.452 7.846 8.551 9.260 7.578 5.771 4.461 7.168 5.263 7.870 7.369 8.511 6.550 4.855 6.072 6.480 6.699 9.541 8.644 6.804 7.000 4.785 0.375 0.000
-999.250 -999.250 -999.250 -999.250 -999.250 -999.250 -999.250 -999.250 -999.250 -999.250 -999.250 -999.250 -999.250 -999.250 -999.250 -999.250 -999.250 -999.250 -999.250 -999.250 -999.250 -999.250 -999.250 -999.250 -999.250 -999.250 -999.250 -999.250 -999.250 -999.250 -999.250 -999.250 -999.250 -999.250 -999.250 -999.250 -999.250 -999.250 4.061 1.440 5.136 7.115 4.874 6.201 7.330 4.727 6.769 6.997 8.546 8.414 6.455 6.284 8.388 6.942 8.463 6.921 10.022 11.432 9.839 9.845 8.383 10.283 7.908 5.752 3.683 4.086 3.597 2.821 0.000
