data/medianmodel_13-Aug-2020.asc
ncols	141
nrows	288
xllcorner	-120191.398
yllcorner	-301404.813
cellsize	2000.000
NODATA_value	-999.250
[rows 240 to 269 of 288, columns 0 to 67 of 141]
-999.250 -999.250 -999.250 -999.250 -999.250 -999.250 -999.250 -999.250 -999.250 -999.250 -999.250 -999.250 -999.250 -999.250 -999.250 -999.250 -999.250 -999.250 -999.250 -999.250 -999.250 -999.250 -999.250 -999.250 -999.250 -999.250 -999.250 -999.250 -999.250 -999.250 5.804 7.840 6.626 5.118 5.605 5.168 4.949 5.757 6.407 5.994 5.370 6.275 6.409 4.813 4.018 3.893 2.139 2.390 0.880 0.296 0.000 0.000 0.000 0.000 0.000 0.000 0.000 0.000 0.000 0.000 0.000 0.000 0.000 0.000 0.000 0.000 0.000 0.000
-999.250 -999.250 -999.250 -999.250 -999.250 -999.250 -999.250 -999.250 -999.250 -999.250 -999.250 -999.250 -999.250 -999.250 -999.250 -999.250 -999.250 -999.250 -999.250 -999.250 -999.250 -999.250 -999.250 -999.250 -999.250 -999.250 -999.250 -999.250 -999.250 -999.250 6.672 7.138 6.437 5.607 6.755 5.703 6.656 6.402 6.708 6.765 7.081 7.487 6.310 5.169 5.158 5.178 3.753 1.862 1.566 0.172 0.000 0.000 0.000 0.000 0.000 0.000 0.000 0.000 0.000 0.000 0.000 0.000 0.000 0.000 0.000 0.000 0.000 0.000
-999.250 -999.250 -999.250 -999.250 -999.250 -999.250 -999.250 -999.250 -999.250 -999.250 -999.250 -999.250 -999.250 -999.250 -999.250 -999.250 -999.250 -999.250 -999.250 -999.250 -999.250 -999.250 -999.250 -999.250 -999.250 -999.250 -999.250 -999.250 -999.250 -999.250 7.227 6.736 6.549 6.819 7.304 6.899 6.618 6.768 8.583 7.959 7.161 8.166 7.452 6.319 7.913 5.837 4.385 2.477 2.667 1.763 0.056 0.000 0.000 0.000 0.000 0.000 0.000 0.000 0.000 0.000 0.000 0.000 0.000 0.000 0.000 0.000 0.000 0.000
-999.250 -999.250 -999.250 -999.250 -999.250 -999.250 -999.250 -999.250 -999.250 -999.250 -999.250 -999.250 -999.250 -999.250 -999.250 -999.250 -999.250 -999.250 -999.250 -999.250 -999.250 -999.250 -999.250 -999.250 -999.250 -999.250 -999.250 -999.250 -999.250 -999.250 6.649 6.880 6.619 7.417 7.153 7.002 6.401 8.149 8.626 7.591 8.369 7.167 8.823 7.665 6.240 5.607 4.180 2.211 3.472 1.268 0.000 0.000 0.000 0.000 0.000 0.000 0.000 0.000 0.000 0.000 0.000 0.000 0.000 0.000 0.000 0.000 0.000 0.000
-999.250 -999.250 -999.250 -999.250 -999.250 -999.250 -999.250 -999.250 -999.250 -999.250 -999.250 -999.250 -999.250 -999.250 -999.250 -999.250 -999.250 -999.250 -999.250 -999.250 -999.250 -999.250 -999.250 -999.250 -999.250 -999.250 -999.250 -999.250 -999.250 -999.250 5.995 6.646 6.781 8.229 8.806 7.919 9.257 8.224 9.061 7.967 8.395 7.650 7.964 7.455 7.776 7.222 5.795 3.960 2.172 1.464 0.629 0.050 0.000 0.000 0.000 0.000 0.000 0.000 0.000 0.000 0.000 0.000 0.000 0.000 0.000 0.000 0.000 0.000
-999.250 -999.250 -999.250 -999.250 -999.250 -999.250 -999.250 -999.250 -999.250 -999.250 -999.250 -999.250 -999.250 -999.250 -999.250 -999.250 -999.250 -999.250 -999.250 -999.250 -999.250 -999.250 -999.250 -999.250 -999.250 -999.250 -999.250 -999.250 -999.250 -999.250 -999.250 6.776 7.634 8.855 9.619 9.760 9.262 8.900 9.126 7.879 8.631 8.378 8.529 7.081 6.221 5.715 5.976 4.149 2.841 1.349 0.752 0.000 0.000 0.000 0.000 0.000 0.000 0.000 0.000 0.000 0.000 0.000 0.000 0.000 0.000 0.000 0.000 0.000
-999.250 -999.250 -999.250 -999.250 -999.250 -999.250 -999.250 -999.250 -999.250 -999.250 -999.250 -999.250 -999.250 -999.250 -999.250 -999.250 -999.250 -999.250 -999.250 -999.250 -999.250 -999.250 -999.250 -999.250 -999.250 -999.250 -999.250 -999.250 -999.250 -999.250 -999.250 8.397 8.394 10.296 11.558 11.248 9.800 8.901 10.850 10.038 9.894 9.335 9.313 8.983 8.100 5.462 5.822 4.103 2.759 2.515 0.506 0.911 0.000 0.000 0.000 0.000 0.000 0.000 0.000 0.000 0.000 0.000 0.000 0.000 0.000 0.000 0.000 0.000
-999.250 -999.250 -999.250 -999.250 -999.250 -999.250 -999.250 -999.250 -999.250 -999.250 -999.250 -999.250 -999.250 -999.250 -999.250 -999.250 -999.250 -999.250 -999.250 -999.250 -999.250 -999.250 -999.250 -999.250 -999.250 -999.250 -999.250 -999.250 -999.250 -999.250 6.636 7.264 8.430 9.858 10.365 11.892 9.940 9.193 10.822 10.594 11.362 11.137 12.107 9.652 9.138 6.501 5.982 5.550 3.699 1.876 1.178 0.117 0.000 0.000 0.000 0.000 0.000 0.000 0.000 0.000 0.000 0.000 0.000 0.000 0.000 0.000 0.000 0.000
-999.250 -999.250 -999.250 -999.250 -999.250 -999.250 -999.250 -999.250 -999.250 -999.250 -999.250 -999.250 -999.250 -999.250 -999.250 -999.250 -999.250 -999.250 -999.250 -999.250 -999.250 -999.250 -999.250 -999.250 -999.250 -999.250 -999.250 -999.250 -999.250 -999.250 7.412 6.355 8.006 7.994 10.524 10.994 11.021 12.816 12.361 12.512 12.734 11.527 11.952 10.772 9.839 8.355 7.760 6.108 4.010 3.203 1.117 0.000 0.000 0.000 0.000 0.000 0.000 0.000 0.000 0.000 0.000 0.000 0.000 0.000 0.000 0.000 0.000 0.000
-999.250 -999.250 -999.250 -999.250 -999.250 -999.250 -999.250 -999.250 -999.250 -999.250 -999.250 -999.250 -999.250 -999.250 -999.250 -999.250 -999.250 -999.250 -999.250 -999.250 -999.250 -999.250 -999.250 -999.250 -999.250 -999.250 -999.250 -999.250 -999.250 -999.250 6.205 5.841 7.754 8.527 10.476 11.073 10.952 12.767 14.390 18.155 15.490 14.891 13.297 11.682 9.786 8.910 6.469 6.179 5.565 2.962 2.106 0.000 0.000 0.000 0.000 0.000 0.000 0.000 0.000 0.000 0.000 0.000 0.000 0.000 0.000 0.000 0.000 0.000
-999.250 -999.250 -999.250 -999.250 -999.250 -999.250 -999.250 -999.250 -999.250 -999.250 -999.250 -999.250 -999.250 -999.250 -999.250 -999.250 -999.250 -999.250 -999.250 -999.250 -999.250 -999.250 -999.250 -999.250 -999.250 -999.250 -999.250 -999.250 -999.250 -999.250 5.198 6.295 7.416 9.240 11.159 13.965 13.492 16.275 15.989 18.290 17.608 17.226 15.015 11.929 11.211 9.672 7.203 6.825 4.716 3.617 2.783 0.444 0.000 0.000 0.000 0.000 0.000 0.000 0.000 0.000 0.000 0.000 0.000 0.000 0.000 0.000 0.000 0.000
-999.250 -999.250 -999.250 -999.250 -999.250 -999.250 -999.250 -999.250 -999.250 -999.250 -999.250 -999.250 -999.250 -999.250 -999.250 -999.250 -999.250 -999.250 -999.250 -999.250 -999.250 -999.250 -999.250 -999.250 -999.250 -999.250 -999.250 -999.250 -999.250 -999.250 5.321 6.373 7.809 9.564 9.288 11.664 15.415 16.377 18.323 24.275 20.221 17.929 16.926 13.607 9.783 9.118 7.375 6.017 5.489 3.256 2.547 0.541 0.000 0.000 0.000 0.000 0.000 0.000 0.000 0.000 0.000 0.000 0.000 0.000 0.000 0.000 0.000 0.000
-999.250 -999.250 -999.250 -999.250 -999.250 -999.250 -999.250 -999.250 -999.250 -999.250 -999.250 -999.250 -999.250 -999.250 -999.250 -999.250 -999.250 -999.250 -999.250 -999.250 -999.250 -999.250 -999.250 -999.250 -999.250 -999.250 -999.250 -999.250 -999.250 4.786 5.315 6.578 7.311 9.729 9.270 13.035 14.141 16.179 20.208 20.017 17.660 16.177 12.977 11.355 10.483 9.405 8.102 7.175 6.070 4.579 3.162 0.857 0.000 0.000 0.000 0.000 0.000 0.000 0.000 0.000 0.000 0.000 0.000 0.000 0.000 0.000 0.000 0.000
-999.250 -999.250 -999.250 -999.250 -999.250 -999.250 -999.250 -999.250 -999.250 -999.250 -999.250 -999.250 -999.250 -999.250 -999.250 -999.250 -999.250 -999.250 -999.250 -999.250 -999.250 -999.250 -999.250 -999.250 -999.250 -999.250 -999.250 -999.250 -999.250 -999.250 5.426 6.421 7.509 8.232 8.666 12.271 13.753 18.626 15.792 16.326 17.394 14.598 12.298 10.660 9.562 9.377 8.003 7.152 5.422 5.579 3.407 2.472 0.669 0.000 0.000 0.000 0.000 0.000 0.000 0.000 0.000 0.000 0.000 0.000 0.000 0.000 0.000 0.000
-999.250 -999.250 -999.250 -999.250 -999.250 -999.250 -999.250 -999.250 -999.250 -999.250 -999.250 -999.250 -999.250 -999.250 -999.250 -999.250 -999.250 -999.250 -999.250 -999.250 -999.250 -999.250 -999.250 -999.250 -999.250 -999.250 -999.250 -999.250 -999.250 -999.250 6.053 5.963 6.065 7.716 6.282 10.027 12.298 15.996 16.831 16.050 16.153 14.120 11.441 10.010 11.120 9.216 7.980 6.693 5.821 5.726 2.847 0.582 0.529 0.868 0.000 0.000 0.000 0.000 0.000 0.000 0.000 0.000 0.000 0.000 0.000 0.000 0.000 0.000
-999.250 -999.250 -999.250 -999.250 -999.250 -999.250 -999.250 -999.250 -999.250 -999.250 -999.250 -999.250 -999.250 -999.250 -999.250 -999.250 -999.250 -999.250 -999.250 -999.250 -999.250 -999.250 -999.250 -999.250 -999.250 -999.250 -999.250 -999.250 -999.250 -999.250 -999.250 7.148 6.848 7.986 8.500 7.890 12.626 14.154 14.342 14.565 12.456 11.605 10.105 8.912 9.851 9.852 8.025 6.699 6.742 4.412 3.135 1.107 2.302 0.970 0.000 0.000 0.000 0.000 0.000 0.000 0.000 0.000 0.000 0.000 0.000 0.000 0.000 0.000
-999.250 -999.250 -999.250 -999.250 -999.250 -999.250 -999.250 -999.250 -999.250 -999.250 -999.250 -999.250 -999.250 -999.250 -999.250 -999.250 -999.250 -999.250 -999.250 -999.250 -999.250 -999.250 -999.250 -999.250 -999.250 -999.250 -999.250 -999.250 -999.250 -999.250 -999.250 6.663 6.722 7.003 7.199 8.091 9.448 12.423 11.580 11.246 13.335 12.848 11.582 10.271 8.797 7.457 8.141 7.639 6.565 4.724 3.321 2.244 1.508 0.687 0.000 0.000 0.000 0.000 0.000 0.000 0.000 0.000 0.000 0.000 0.000 0.000 0.000 0.000
-999.250 -999.250 -999.250 -999.250 -999.250 -999.250 -999.250 -999.250 -999.250 -999.250 -999.250 -999.250 -999.250 -999.250 -999.250 -999.250 -999.250 -999.250 -999.250 -999.250 -999.250 -999.250 -999.250 -999.250 -999.250 -999.250 -999.250 -999.250 -999.250 -999.250 5.260 4.635 4.733 5.493 6.692 8.096 11.159 12.507 9.465 11.366 12.696 12.070 12.755 10.829 9.471 9.083 7.642 7.478 6.227 5.618 3.532 3.738 1.773 0.433 1.259 0.000 0.000 0.000 0.000 0.000 0.000 0.000 0.000 0.000 0.000 0.000 0.000 0.000
-999.250 -999.250 -999.250 -999.250 -999.250 -999.250 -999.250 -999.250 -999.250 -999.250 -999.250 -999.250 -999.250 -999.250 -999.250 -999.250 -999.250 -999.250 -999.250 -999.250 -999.250 -999.250 -999.250 -999.250 -999.250 -999.250 -999.250 -999.250 -999.250 -999.250 2.317 5.432 4.179 4.021 6.788 7.353 7.764 11.037 10.205 11.146 10.769 10.427 10.574 11.211 9.695 8.196 8.105 8.480 7.699 4.752 4.144 3.035 2.355 1.564 1.974 1.269 0.000 0.136 0.000 0.000 0.000 0.000 0.000 0.000 0.000 0.000 0.000 0.000
-999.250 -999.250 -999.250 -999.250 -999.250 -999.250 -999.250 -999.250 -999.250 -999.250 -999.250 -999.250 -999.250 -999.250 -999.250 -999.250 -999.250 -999.250 -999.250 -999.250 -999.250 -999.250 -999.250 -999.250 -999.250 -999.250 -999.250 -999.250 -999.250 -999.250 0.874 1.730 2.591 4.032 4.859 6.247 8.138 9.297 9.343 11.387 10.114 11.072 11.127 12.776 9.540 8.985 9.595 8.009 7.762 7.152 5.678 4.484 4.603 4.027 1.492 1.774 0.136 0.683 0.413 0.000 0.000 0.000 0.007 0.000 0.000 0.000 0.000 0.000
-999.250 -999.250 -999.250 -999.250 -999.250 -999.250 -999.250 -999.250 -999.250 -999.250 -999.250 -999.250 -999.250 -999.250 -999.250 -999.250 -999.250 -999.250 -999.250 -999.250 -999.250 -999.250 -999.250 -999.250 -999.250 -999.250 -999.250 -999.250 -999.250 -999.250 0.795 0.094 2.361 5.671 6.037 5.530 7.534 9.250 8.229 9.856 11.757 11.026 9.109 10.402 10.860 10.062 10.949 10.720 10.418 7.655 6.739 6.499 5.814 4.471 4.407 3.076 2.185 2.913 0.935 1.748 1.506 0.000 0.118 0.000 0.430 0.000 0.000 0.000
-999.250 -999.250 -999.250 -999.250 -999.250 -999.250 -999.250 -999.250 -999.250 -999.250 -999.250 -999.250 -999.250 -999.250 -999.250 -999.250 -999.250 -999.250 -999.250 -999.250 -999.250 -999.250 -999.250 -999.250 -999.250 -999.250 -999.250 -999.250 -999.250 -999.250 0.074 0.201 0.918 3.789 5.667 6.308 7.034 8.312 9.060 11.503 10.212 10.792 9.546 10.932 11.484 10.671 11.575 11.280 10.237 10.850 9.165 8.030 7.719 6.130 6.538 3.071 3.940 5.487 3.811 3.744 2.442 1.481 1.992 0.705 0.848 0.000 0.193 0.000
-999.250 -999.250 -999.250 -999.250 -999.250 -999.250 -999.250 -999.250 -999.250 -999.250 -999.250 -999.250 -999.250 -999.250 -999.250 -999.250 -999.250 -999.250 -999.250 -999.250 -999.250 -999.250 -999.250 -999.250 -999.250 -999.250 -999.250 -999.250 -999.250 -999.250 0.000 0.302 1.004 3.920 4.377 6.532 7.388 8.339 10.272 11.451 10.564 12.207 11.540 10.820 12.804 12.480 12.772 12.302 13.039 10.664 8.693 8.304 8.365 8.085 7.157 5.326 4.935 5.288 3.600 4.190 1.651 2.577 1.356 1.076 0.150 0.000 0.000 0.000
-999.250 -999.250 -999.250 -999.250 -999.250 -999.250 -999.250 -999.250 -999.250 -999.250 -999.250 -999.250 -999.250 -999.250 -999.250 -999.250 -999.250 -999.250 -999.250 -999.250 -999.250 -999.250 -999.250 -999.250 -999.250 -999.250 -999.250 -999.250 -999.250 0.000 0.000 0.010 1.092 2.415 4.671 4.995 7.776 9.096 10.137 9.903 11.209 14.588 14.212 13.647 11.965 13.191 12.774 13.617 14.075 12.894 12.119 9.637 8.444 8.433 7.104 5.945 7.073 6.907 5.591 5.806 4.062 3.031 1.316 1.480 0.240 0.005 0.668 0.161
-999.250 -999.250 -999.250 -999.250 -999.250 -999.250 -999.250 -999.250 -999.250 -999.250 -999.250 -999.250 -999.250 -999.250 -999.250 -999.250 -999.250 -999.250 -999.250 -999.250 -999.250 -999.250 -999.250 -999.250 -999.250 -999.250 -999.250 -999.250 -999.250 0.000 0.000 0.000 0.424 2.555 3.537 6.353 7.620 8.652 12.150 13.200 12.113 15.708 13.698 15.512 13.942 13.397 13.513 13.666 13.735 13.455 14.761 10.695 10.964 8.998 8.380 8.048 7.812 6.142 5.926 6.236 4.691 4.397 2.523 0.483 1.327 0.554 0.000 0.000
-999.250 -999.250 -999.250 -999.250 -999.250 -999.250 -999.250 -999.250 -999.250 -999.250 -999.250 -999.250 -999.250 -999.250 -999.250 -999.250 -999.250 -999.250 -999.250 -999.250 -999.250 -999.250 -999.250 -999.250 -999.250 -999.250 -999.250 -999.250 0.000 0.000 0.000 0.000 0.213 1.909 5.225 7.416 8.391 9.582 14.054 14.695 13.676 14.273 15.292 13.731 17.349 13.739 14.867 14.973 14.598 17.253 16.888 13.920 11.831 10.706 10.676 10.101 8.958 8.829 6.736 6.692 6.026 4.978 4.102 2.426 1.132 0.983 0.000 0.000
-999.250 -999.250 -999.250 -999.250 -999.250 -999.250 -999.250 -999.250 -999.250 -999.250 -999.250 -999.250 -999.250 -999.250 -999.250 -999.250 -999.250 -999.250 -999.250 -999.250 -999.250 -999.250 -999.250 -999.250 -999.250 -999.250 -999.250 -999.250 0.000 0.000 0.000 0.000 0.816 2.897 5.058 7.158 9.529 12.280 15.748 16.293 16.031 17.054 16.862 16.137 15.816 18.686 15.652 16.914 17.402 15.047 18.332 16.204 11.588 11.933 9.775 12.980 11.629 8.895 7.925 6.432 6.774 6.191 5.230 4.829 2.600 0.873 0.426 0.000
-999.250 -999.250 -999.250 -999.250 -999.250 -999.250 -999.250 -999.250 -999.250 -999.250 -999.250 -999.250 -999.250 -999.250 -999.250 -999.250 -999.250 -999.250 -999.250 -999.250 -999.250 -999.250 -999.250 -999.250 -999.250 -999.250 -999.250 0.000 0.000 0.000 0.000 0.000 1.236 3.310 5.870 8.029 10.192 11.588 15.359 16.686 19.697 18.270 16.692 17.644 18.281 16.898 15.274 17.104 18.114 19.764 18.644 16.635 14.238 17.378 14.833 12.402 11.375 11.420 10.315 8.274 7.795 5.888 6.567 3.608 3.710 2.390 1.513 0.000
-999.250 -999.250 -999.250 -999.250 -999.250 -999.250 -999.250 -999.250 -999.250 -999.250 -999.250 -999.250 -999.250 -999.250 -999.250 -999.250 -999.250 -999.250 -999.250 -999.250 -999.250 -999.250 -999.250 -999.250 -999.250 -999.250 -999.250 0.000 0.000 0.000 0.000 0.376 2.771 4.610 7.163 8.584 8.900 10.423 12.354 13.940 15.900 16.331 15.467 14.342 17.093 18.045 15.962 20.290 18.541 18.825 17.632 20.289 16.524 17.611 15.931 13.173 12.627 13.305 11.455 10.785 8.473 7.135 5.821 4.626 4.282 2.451 1.803 0.015
-999.250 -999.250 -999.250 -999.250 -999.250 -999.250 -999.250 -999.250 -999.250 -999.250 -999.250 -999.250 -999.250 -999.250 -999.250 -999.250 -999.250 -999.250 -999.250 -999.250 -999.250 -999.250 -999.250 -999.250 -999.250 -999.250 -999.250 0.000 0.000 0.000 0.000 2.125 4.711 5.590 8.308 10.328 12.613 14.215 12.856 14.131 15.348 14.323 14.099 14.509 15.913 15.185 16.636 20.432 20.300 19.778 19.349 18.980 18.272 16.688 13.487 15.416 14.089 12.611 12.978 11.436 9.315 9.658 6.579 4.904 4.317 3.960 2.091 1.101
