data/medianmodel_18-Feb-2021.asc
ncols	141
nrows	288
xllcorner	-120191.398
yllcorner	-301404.813
cellsize	2000.000
NODATA_value	-999.250
[rows 87 to 115 of 288, columns 65 to 129 of 141]
234.464 231.359 229.727 225.141 229.210 232.780 223.671 213.685 199.512 198.066 199.278 193.995 186.905 184.241 184.713 193.587 199.224 216.968 229.960 249.498 267.695 276.695 283.060 296.984 283.473 277.514 272.133 272.282 267.854 278.080 272.255 271.945 278.479 281.274 290.964 281.406 284.141 291.420 285.217 295.245 321.861 357.065 361.823 372.476 396.915 409.827 412.047 419.309 469.172 -999.250 -999.250 -999.250 -999.250 -999.250 -999.250 -999.250 -999.250 -999.250 -999.250 -999.250 -999.250 -999.250 -999.250 -999.250 -999.250
230.889 219.897 228.516 212.814 207.340 221.397 206.787 198.120 196.462 191.860 188.510 187.474 191.997 198.310 214.593 245.319 259.805 285.816 313.236 358.848 395.250 390.125 388.610 406.612 384.874 367.458 342.038 340.085 304.576 295.097 290.597 295.102 295.106 296.982 296.295 299.832 298.686 304.236 317.784 309.376 330.896 348.064 378.486 395.578 401.469 418.995 426.240 434.993 446.933 451.500 457.653 -999.250 -999.250 -999.250 -999.250 -999.250 -999.250 -999.250 -999.250 -999.250 -999.250 -999.250 -999.250 -999.250 -999.250
237.652 230.000 219.103 205.665 198.037 198.535 200.401 189.434 187.688 186.557 186.496 191.006 199.175 215.493 268.814 298.204 327.030 368.750 420.365 471.823 498.459 530.589 535.872 517.911 494.472 463.814 433.673 415.714 364.448 333.050 311.656 313.951 312.790 307.082 314.785 305.427 311.607 317.918 326.723 330.530 343.365 369.170 380.939 409.504 411.604 419.002 438.161 413.941 417.909 425.314 446.366 -999.250 -999.250 -999.250 -999.250 -999.250 -999.250 -999.250 -999.250 -999.250 -999.250 -999.250 -999.250 -999.250 -999.250
249.382 243.495 222.896 204.214 193.937 186.836 181.423 177.557 176.913 181.940 192.427 194.058 233.943 273.581 303.722 355.948 412.805 468.233 536.462 611.454 610.445 613.564 622.578 599.151 546.176 531.125 504.730 474.904 417.876 373.997 346.154 356.441 331.946 326.819 326.493 315.268 317.227 344.784 346.811 327.665 362.566 390.996 400.080 415.888 402.422 403.785 405.577 407.885 441.522 421.037 455.467 -999.250 -999.250 -999.250 -999.250 -999.250 -999.250 -999.250 -999.250 -999.250 -999.250 -999.250 -999.250 -999.250 -999.250
279.473 259.914 237.597 211.769 194.610 181.433 172.360 173.324 167.975 178.796 188.569 201.730 257.325 296.587 367.063 431.925 526.142 600.886 674.649 705.930 869.588 855.304 680.458 688.395 621.191 593.030 557.160 504.998 480.459 442.118 400.475 361.037 332.622 349.961 322.518 347.402 340.221 338.945 330.893 344.388 378.612 378.424 404.911 410.163 418.571 423.330 433.503 399.262 423.928 431.791 -999.250 -999.250 -999.250 -999.250 -999.250 -999.250 -999.250 -999.250 -999.250 -999.250 -999.250 -999.250 -999.250 -999.250 -999.250
284.499 269.090 240.703 221.782 203.303 179.798 174.306 167.727 172.509 176.775 195.752 220.834 268.994 322.065 415.286 524.784 600.551 683.468 850.153 942.410 1051.089 1075.349 867.522 815.508 714.157 689.567 648.842 586.299 498.479 471.595 414.254 390.891 378.334 372.068 346.745 352.500 357.482 358.882 368.228 368.313 379.665 386.560 397.633 415.143 421.050 417.501 394.697 423.856 427.544 425.678 -999.250 -999.250 -999.250 -999.250 -999.250 -999.250 -999.250 -999.250 -999.250 -999.250 -999.250 -999.250 -999.250 -999.250 -999.250
304.307 291.731 277.128 240.473 208.619 191.616 183.222 164.841 167.028 178.653 193.756 234.104 284.962 360.440 457.711 566.850 672.700 851.517 1221.170 1452.598 1382.235 1273.531 1143.127 1013.461 879.630 763.818 669.959 578.137 536.097 486.091 421.269 405.054 383.279 367.662 367.907 363.880 360.122 361.612 363.068 362.606 398.527 411.425 385.944 389.046 416.753 436.915 388.126 422.621 424.668 -999.250 -999.250 -999.250 -999.250 -999.250 -999.250 -999.250 -999.250 -999.250 -999.250 -999.250 -999.250 -999.250 -999.250 -999.250 -999.250
322.138 305.624 302.017 264.895 233.722 195.041 184.911 171.606 171.010 181.779 200.197 238.324 285.008 372.622 472.768 565.551 704.319 1024.906 1429.821 1763.277 1844.946 1768.023 1445.794 1256.900 1033.541 1031.066 739.280 620.313 554.426 505.284 459.236 419.547 394.888 387.638 395.860 388.144 392.018 392.739 391.962 396.188 412.315 407.858 378.545 389.834 411.944 425.372 418.753 421.346 425.005 -999.250 -999.250 -999.250 -999.250 -999.250 -999.250 -999.250 -999.250 -999.250 -999.250 -999.250 -999.250 -999.250 -999.250 -999.250 -999.250
342.208 325.065 301.542 280.314 235.048 197.884 181.425 174.282 175.606 192.999 216.868 248.357 284.958 361.582 481.816 577.789 777.107 1074.246 1605.512 1893.848 2095.111 1981.705 1748.518 1648.927 1383.625 905.317 713.470 640.158 545.440 501.103 457.614 390.062 399.164 396.635 390.818 387.688 405.580 419.021 385.517 408.962 386.733 392.113 383.119 386.801 398.303 401.229 395.092 394.169 422.217 -999.250 -999.250 -999.250 -999.250 -999.250 -999.250 -999.250 -999.250 -999.250 -999.250 -999.250 -999.250 -999.250 -999.250 -999.250 -999.250
351.816 328.816 308.771 277.253 236.240 206.294 187.061 177.475 187.270 199.758 223.677 256.202 296.203 361.550 454.259 631.235 789.743 1145.070 1587.778 1923.888 2040.530 2007.805 1918.976 1665.582 1281.662 946.311 702.477 631.794 528.699 475.378 436.216 385.779 395.308 395.260 376.576 381.042 397.193 406.507 410.033 423.513 401.478 395.821 383.284 386.750 391.163 391.178 387.637 381.756 390.931 389.259 -999.250 -999.250 -999.250 -999.250 -999.250 -999.250 -999.250 -999.250 -999.250 -999.250 -999.250 -999.250 -999.250 -999.250 -999.250
378.811 341.568 310.735 282.129 253.417 205.756 189.950 184.831 185.853 217.897 259.235 266.156 330.498 388.859 503.143 641.225 753.592 1052.022 1468.245 1868.113 1949.020 1966.035 1721.199 1341.101 1145.063 871.503 674.863 559.499 471.618 419.924 363.928 382.036 377.219 383.334 398.953 391.517 430.403 402.236 431.880 428.395 426.904 412.104 399.806 382.067 403.944 414.022 381.832 377.486 366.218 391.313 367.869 -999.250 -999.250 -999.250 -999.250 -999.250 -999.250 -999.250 -999.250 -999.250 -999.250 -999.250 -999.250 -999.250 -999.250
387.792 351.830 311.234 287.515 246.738 213.020 195.074 189.089 201.601 225.336 262.143 301.358 366.262 436.763 561.102 622.922 792.924 954.553 1230.401 1534.487 1765.937 1695.036 1404.241 1163.444 910.213 739.485 649.862 520.361 390.747 382.153 354.664 356.502 386.402 393.393 398.773 424.588 421.538 418.632 427.098 433.355 440.353 426.352 416.582 392.134 389.510 380.652 405.320 361.744 355.177 369.775 362.683 378.018 -999.250 -999.250 -999.250 -999.250 -999.250 -999.250 -999.250 -999.250 -999.250 -999.250 -999.250 -999.250 -999.250
356.532 337.010 308.946 290.970 260.180 231.916 201.659 186.984 199.063 242.817 283.010 321.668 373.536 474.271 556.436 660.864 729.764 973.368 1075.440 1413.902 1433.335 1184.000 1239.644 969.833 771.773 663.016 594.425 479.965 401.331 359.535 342.726 367.355 385.274 389.245 394.360 417.025 417.170 416.071 443.594 453.472 447.567 422.115 417.318 411.115 397.625 409.120 389.768 372.685 364.978 356.576 359.081 -999.250 -999.250 -999.250 -999.250 -999.250 -999.250 -999.250 -999.250 -999.250 -999.250 -999.250 -999.250 -999.250 -999.250
331.632 319.763 306.369 283.918 262.298 242.677 224.218 213.996 221.957 273.198 317.382 355.779 405.837 466.540 539.226 622.447 752.792 942.234 1001.270 1043.926 1009.313 1061.590 900.927 759.589 638.645 552.587 532.653 478.977 412.418 373.350 349.937 351.100 358.775 402.743 412.540 428.994 418.907 439.199 444.810 436.121 445.536 425.825 430.925 402.599 394.919 399.602 390.334 374.990 383.092 370.357 364.366 331.575 -999.250 -999.250 -999.250 -999.250 -999.250 -999.250 -999.250 -999.250 -999.250 -999.250 -999.250 -999.250 -999.250
327.653 322.640 314.584 282.254 266.949 254.680 240.823 257.397 247.054 301.737 330.898 382.706 429.445 475.560 529.564 608.281 656.761 752.182 800.083 965.108 729.167 696.989 688.445 647.363 572.580 514.903 508.391 451.618 413.677 378.563 363.131 390.214 386.715 400.566 424.341 426.721 432.604 430.604 452.513 445.650 436.796 422.668 419.630 402.933 391.575 372.162 353.265 357.397 359.993 359.077 -999.250 -999.250 -999.250 -999.250 -999.250 -999.250 -999.250 -999.250 -999.250 -999.250 -999.250 -999.250 -999.250 -999.250 -999.250
317.921 305.120 299.879 296.438 282.233 270.757 276.172 282.951 286.788 303.209 324.617 385.246 415.265 477.130 524.916 545.638 579.623 674.687 720.778 690.951 642.866 580.456 563.138 538.912 514.065 495.506 456.880 414.382 397.655 376.914 370.564 386.711 418.505 436.613 417.484 428.456 455.256 456.848 463.120 464.732 452.717 410.704 432.669 430.557 392.875 367.849 381.357 381.065 385.213 -999.250 -999.250 -999.250 -999.250 -999.250 -999.250 -999.250 -999.250 -999.250 -999.250 -999.250 -999.250 -999.250 -999.250 -999.250 -999.250
310.711 299.158 303.504 285.170 274.990 275.020 282.829 289.605 302.684 326.092 333.296 390.288 421.188 474.032 500.542 510.220 549.217 562.050 586.405 544.941 546.685 513.995 433.881 471.249 466.330 456.357 440.282 413.845 378.141 373.787 388.249 390.021 403.917 421.480 427.409 453.691 446.972 457.323 458.929 459.776 446.970 444.301 418.696 432.596 384.033 368.468 357.532 371.058 377.524 -999.250 -999.250 -999.250 -999.250 -999.250 -999.250 -999.250 -999.250 -999.250 -999.250 -999.250 -999.250 -999.250 -999.250 -999.250 -999.250
302.792 311.254 307.687 297.210 278.123 293.727 299.555 303.276 317.861 335.276 360.308 394.248 420.940 450.595 465.002 485.109 501.722 517.242 527.820 499.544 473.184 463.007 402.620 383.888 416.044 403.411 385.830 374.385 390.665 389.344 381.318 402.311 424.098 444.894 451.784 449.299 466.435 466.555 466.813 463.606 438.126 427.718 430.536 415.817 383.639 362.392 349.071 339.762 -999.250 -999.250 -999.250 -999.250 -999.250 -999.250 -999.250 -999.250 -999.250 -999.250 -999.250 -999.250 -999.250 -999.250 -999.250 -999.250 -999.250
317.049 299.529 301.754 297.647 299.256 300.056 299.965 309.668 330.872 325.892 353.908 377.316 417.504 420.607 419.321 475.508 470.655 467.775 461.405 450.826 430.652 400.633 387.012 373.809 377.268 374.495 370.617 356.766 371.099 408.479 396.069 432.470 424.991 448.899 461.813 480.412 469.876 480.567 472.102 474.984 448.285 452.566 421.015 411.622 -999.250 -999.250 -999.250 -999.250 -999.250 -999.250 -999.250 -999.250 -999.250 -999.250 -999.250 -999.250 -999.250 -999.250 -999.250 -999.250 -999.250 -999.250 -999.250 -999.250 -999.250
299.269 298.325 295.968 296.823 302.831 305.646 301.693 317.769 325.848 347.316 371.079 364.497 401.884 400.263 428.042 451.659 431.866 443.899 415.466 406.024 400.564 389.494 388.243 370.575 358.922 363.639 361.153 354.794 358.495 383.733 402.754 429.168 437.865 466.096 485.739 502.914 496.430 483.775 482.727 489.743 462.173 465.066 -999.250 -999.250 -999.250 -999.250 -999.250 -999.250 -999.250 -999.250 -999.250 -999.250 -999.250 -999.250 -999.250 -999.250 -999.250 -999.250 -999.250 -999.250 -999.250 -999.250 -999.250 -999.250 -999.250
297.338 288.534 281.875 292.415 312.416 293.277 297.833 305.152 335.355 333.933 356.440 367.308 377.083 371.191 387.893 408.429 424.917 415.468 391.721 390.020 379.303 370.618 363.622 364.298 386.721 376.333 363.738 371.751 354.486 384.841 401.001 402.156 439.706 458.049 496.975 502.084 514.937 501.602 510.404 500.092 485.878 456.214 -999.250 -999.250 -999.250 -999.250 -999.250 -999.250 -999.250 -999.250 -999.250 -999.250 -999.250 -999.250 -999.250 -999.250 -999.250 -999.250 -999.250 -999.250 -999.250 -999.250 -999.250 -999.250 -999.250
281.299 295.830 284.397 292.522 302.073 288.386 297.139 299.107 308.749 326.960 338.305 345.543 340.232 355.293 379.972 368.227 394.488 402.754 380.545 373.277 376.110 368.254 365.212 379.781 390.929 392.657 381.763 380.680 358.138 374.190 379.213 395.211 422.140 451.225 460.774 498.308 517.417 525.555 514.416 499.792 485.464 454.309 -999.250 -999.250 -999.250 -999.250 -999.250 -999.250 -999.250 -999.250 -999.250 -999.250 -999.250 -999.250 -999.250 -999.250 -999.250 -999.250 -999.250 -999.250 -999.250 -999.250 -999.250 -999.250 -999.250
268.621 285.149 277.422 285.250 301.024 287.930 287.322 302.955 303.304 301.499 320.040 335.693 326.737 342.940 365.633 366.935 378.222 384.478 360.627 379.108 365.732 358.746 375.490 387.875 384.172 397.631 392.615 382.375 365.333 378.645 387.537 418.368 428.949 453.727 477.711 496.431 513.087 535.015 546.793 516.453 473.822 456.868 -999.250 -999.250 -999.250 -999.250 -999.250 -999.250 -999.250 -999.250 -999.250 -999.250 -999.250 -999.250 -999.250 -999.250 -999.250 -999.250 -999.250 -999.250 -999.250 -999.250 -999.250 -999.250 -999.250
256.025 273.193 284.940 298.318 294.758 295.120 287.782 282.975 293.202 297.628 298.422 308.522 332.661 339.696 352.337 373.287 330.169 337.491 356.523 356.353 362.283 372.746 400.075 386.939 379.202 373.831 379.932 358.251 361.377 359.234 368.811 418.528 422.808 441.807 465.469 465.795 489.134 507.830 503.138 484.357 457.686 433.267 -999.250 -999.250 -999.250 -999.250 -999.250 -999.250 -999.250 -999.250 -999.250 -999.250 -999.250 -999.250 -999.250 -999.250 -999.250 -999.250 -999.250 -999.250 -999.250 -999.250 -999.250 -999.250 -999.250
275.113 276.852 290.326 297.791 306.237 303.701 303.072 286.225 286.727 298.694 307.052 307.312 314.056 319.814 348.149 346.775 328.157 341.238 342.809 330.702 349.136 356.193 366.181 368.507 343.841 354.648 344.982 348.914 348.726 355.092 370.019 396.655 405.596 414.803 431.146 450.489 449.270 457.996 479.107 457.135 448.770 425.798 -999.250 -999.250 -999.250 -999.250 -999.250 -999.250 -999.250 -999.250 -999.250 -999.250 -999.250 -999.250 -999.250 -999.250 -999.250 -999.250 -999.250 -999.250 -999.250 -999.250 -999.250 -999.250 -999.250
290.923 277.159 275.118 300.788 306.831 301.433 304.577 302.032 290.187 287.343 296.110 298.406 302.678 310.170 321.167 325.844 311.602 314.539 322.096 301.383 309.153 323.737 325.258 330.394 322.648 323.389 337.529 311.532 331.716 348.008 369.976 362.739 374.766 372.605 407.966 417.294 416.460 415.538 422.743 404.614 409.542 358.004 332.828 329.766 -999.250 -999.250 -999.250 -999.250 -999.250 -999.250 -999.250 -999.250 -999.250 -999.250 -999.250 -999.250 -999.250 -999.250 -999.250 -999.250 -999.250 -999.250 -999.250 -999.250 -999.250
334.266 304.015 301.669 299.618 308.135 322.021 308.882 293.153 273.590 284.653 283.001 283.691 287.346 296.984 301.650 302.873 291.604 294.314 286.442 288.036 289.962 296.768 300.574 293.575 301.784 310.729 304.896 309.222 308.295 333.316 330.607 341.184 344.296 340.868 345.966 359.752 354.305 368.414 365.333 370.845 338.574 325.104 319.601 306.139 293.245 281.422 -999.250 -999.250 -999.250 -999.250 -999.250 -999.250 -999.250 -999.250 -999.250 -999.250 -999.250 -999.250 -999.250 -999.250 -999.250 -999.250 -999.250 -999.250 -999.250
363.295 325.917 307.894 305.841 307.397 300.099 289.497 280.093 270.269 268.641 270.386 279.023 274.692 281.856 280.104 274.545 281.939 273.976 259.099 270.656 266.783 262.748 271.601 279.251 275.056 276.093 303.494 287.786 300.182 308.041 312.270 313.065 308.359 313.316 307.732 310.375 338.417 314.185 320.012 317.532 314.938 298.275 291.707 278.897 255.218 263.123 -999.250 -999.250 -999.250 -999.250 -999.250 -999.250 -999.250 -999.250 -999.250 -999.250 -999.250 -999.250 -999.250 -999.250 -999.250 -999.250 -999.250 -999.250 -999.250
393.664 351.069 330.225 306.785 296.477 288.636 275.029 262.816 258.444 260.128 240.352 238.931 251.395 257.735 260.013 257.873 250.965 253.811 253.848 242.051 242.479 234.705 237.121 236.810 263.762 266.062 266.427 274.460 277.734 279.886 279.592 287.332 280.262 286.326 283.657 292.777 290.216 289.536 284.112 287.272 277.538 270.845 268.418 251.148 248.738 242.981 265.406 -999.250 -999.250 -999.250 -999.250 -999.250 -999.250 -999.250 -999.250 -999.250 -999.250 -999.250 -999.250 -999.250 -999.250 -999.250 -999.250 -999.250 -999.250
