data/medianmodel_18-Apr-2020.asc
ncols	141
nrows	288
xllcorner	-120191.398
yllcorner	-301404.813
cellsize	2000.000
NODATA_value	-999.250
[rows 30 to 59 of 288, columns 67 to 133 of 141]
40.317 36.665 31.640 25.448 22.895 18.831 15.358 14.106 13.457 10.274 7.271 4.734 5.544 7.221 6.003 7.039 8.126 9.345 11.549 11.522 12.280 12.299 11.770 14.045 13.706 11.739 11.724 13.350 17.300 24.888 31.545 39.855 38.334 46.984 48.704 51.177 48.790 56.814 59.409 70.015 64.018 60.231 73.749 74.882 62.905 71.935 68.853 72.708 71.117 76.311 75.921 77.673 80.225 78.620 82.520 75.814 73.521 68.019 73.260 74.344 74.571 65.445 60.117 56.231 51.330 44.901 39.817
40.847 36.818 32.683 31.741 26.198 20.575 18.217 17.137 9.614 9.550 8.588 9.214 4.729 5.323 8.847 6.736 8.245 10.287 10.768 11.816 13.238 14.095 15.265 17.187 15.704 15.252 13.753 17.038 18.357 22.621 26.962 33.732 37.935 42.892 43.572 45.903 54.054 55.575 54.978 51.141 51.954 55.544 62.088 65.311 71.966 68.467 68.176 72.113 69.195 71.288 75.313 80.108 74.717 71.571 71.947 75.995 71.927 78.947 75.971 72.680 72.565 69.347 62.193 56.952 64.479 53.129 45.802
44.022 40.049 36.203 32.645 25.472 20.482 18.841 16.346 13.970 11.188 9.957 8.784 9.241 5.432 8.575 8.357 9.323 12.363 12.530 15.352 15.140 16.356 17.128 19.695 20.003 17.403 18.633 15.701 19.128 21.981 26.015 25.926 24.950 33.473 38.799 39.752 41.397 42.440 42.324 49.803 49.460 49.733 48.520 53.010 64.125 58.090 60.050 70.055 66.134 66.348 70.596 74.654 69.989 65.057 75.408 72.320 73.297 67.459 70.673 70.855 75.383 68.946 62.990 63.509 48.274 50.094 41.317
42.532 41.261 33.705 30.980 24.458 20.759 18.437 17.528 14.220 12.718 12.604 10.506 7.275 3.639 4.589 5.455 10.670 13.132 12.612 16.299 17.253 17.780 17.991 19.976 19.637 15.926 15.501 17.025 19.415 19.783 21.111 21.810 26.431 28.371 35.627 34.958 35.045 36.932 37.929 38.563 39.377 41.334 41.616 46.662 61.179 60.149 61.353 55.576 66.014 67.116 75.001 71.238 66.840 80.131 73.620 76.628 72.762 73.981 71.380 65.339 66.727 61.162 65.690 67.205 49.451 49.134 43.560
43.384 42.852 35.672 30.196 23.647 20.707 16.622 18.089 16.832 14.836 10.525 10.967 7.958 4.296 2.924 10.685 12.033 14.723 16.319 18.561 18.190 19.088 18.481 20.513 15.416 15.877 16.239 16.602 17.456 19.179 20.366 24.157 26.000 30.206 28.535 28.838 30.034 33.032 33.764 31.207 31.445 33.158 39.077 39.938 43.468 49.718 47.127 51.348 66.480 66.398 65.747 73.941 66.356 74.674 69.857 78.785 75.654 75.882 62.217 64.421 68.014 66.893 62.420 53.218 48.697 42.838 42.612
46.782 38.305 32.734 26.929 23.428 20.466 19.357 18.652 18.042 18.118 16.283 13.488 9.415 5.208 0.000 8.458 13.715 18.337 18.584 17.600 19.536 19.840 19.092 18.219 16.915 14.407 15.031 15.277 16.056 16.127 19.769 22.716 23.947 24.782 23.904 19.532 21.697 26.065 25.001 22.255 20.908 26.472 31.477 36.382 37.657 44.752 43.691 46.987 50.835 62.520 60.826 52.551 60.706 58.722 60.788 67.270 62.876 66.974 64.988 64.340 64.878 67.055 46.710 48.896 44.333 44.589 44.403
39.256 33.251 31.088 23.696 22.465 21.094 21.798 22.220 19.275 20.080 17.981 16.106 15.805 12.508 8.811 12.168 16.248 18.271 20.513 21.230 21.928 19.431 19.122 17.624 15.085 13.932 13.403 13.561 16.033 15.281 16.355 20.266 22.984 19.535 19.084 16.422 13.427 18.759 17.449 18.663 19.573 17.846 23.288 23.883 27.705 33.661 41.824 41.467 49.623 57.437 59.598 56.434 59.228 67.343 70.085 69.662 61.874 69.485 75.147 72.854 70.270 64.387 63.845 53.426 45.349 38.892 41.567
35.889 31.904 32.486 29.071 25.987 22.799 21.603 21.164 19.393 22.208 22.117 18.790 18.126 15.881 15.997 17.721 19.248 18.487 19.774 24.616 24.471 23.685 19.851 18.785 18.846 15.853 15.110 11.612 11.500 12.645 14.491 15.323 15.955 14.079 16.306 14.107 11.603 11.662 11.664 11.564 11.421 12.482 16.996 20.255 24.818 30.150 34.383 37.380 50.283 45.745 47.639 48.500 56.538 62.361 77.577 68.871 63.402 71.986 62.956 55.998 55.402 53.609 58.178 48.998 44.549 47.974 44.904
31.862 32.567 31.486 27.406 28.383 26.499 26.178 26.421 25.271 23.949 22.580 21.029 20.623 18.416 18.914 18.509 18.860 22.739 23.559 26.682 27.785 25.700 22.920 19.444 18.487 17.398 12.338 9.759 10.043 6.595 10.667 11.215 8.407 7.352 8.798 7.429 7.520 2.888 3.495 6.263 8.346 9.014 13.977 15.962 20.793 23.011 28.454 33.425 40.418 39.660 38.707 47.404 48.463 61.636 62.794 66.936 59.507 61.466 64.984 51.994 57.966 56.764 57.237 48.599 46.227 53.045 43.460
31.705 30.605 31.182 25.042 27.758 28.504 26.588 27.976 27.944 26.560 25.408 22.061 19.912 20.485 19.318 18.726 21.187 22.653 27.513 28.373 30.312 30.220 25.925 23.077 17.762 12.677 9.119 9.365 6.724 6.255 5.722 4.607 5.572 2.772 5.321 3.684 1.459 1.660 1.073 4.347 2.184 3.375 7.817 10.899 16.876 16.272 21.077 23.828 32.689 36.760 40.903 49.141 51.369 60.207 62.777 67.193 54.762 46.651 62.110 60.315 48.708 51.995 49.223 46.639 45.892 45.727 43.695
29.483 27.770 27.289 26.888 28.303 27.676 28.408 29.960 30.435 25.575 28.622 22.810 21.395 19.572 21.993 20.300 20.565 23.061 24.203 28.290 30.556 36.610 28.921 22.127 19.408 12.205 8.276 5.932 4.212 4.034 1.848 1.940 4.041 3.786 3.262 0.434 0.089 2.171 0.000 3.424 3.821 4.225 5.546 10.117 11.717 14.128 17.326 18.744 24.549 34.863 34.655 38.079 47.035 45.538 51.511 66.853 56.516 51.717 59.240 65.815 53.593 50.194 45.151 48.628 40.849 41.873 39.117
28.794 26.836 28.278 23.870 30.945 27.202 30.131 30.675 34.439 29.481 26.995 21.846 21.287 22.327 20.430 19.105 20.432 23.658 23.804 28.554 31.861 28.837 24.341 20.917 17.206 12.242 7.154 6.331 4.071 2.397 2.128 1.991 2.097 3.506 0.960 0.009 0.748 3.179 2.118 4.812 10.425 9.107 13.130 9.603 10.355 11.565 14.257 16.628 20.504 24.895 31.606 31.702 37.680 45.114 44.116 48.623 49.859 51.521 61.743 67.151 55.101 47.323 42.335 43.526 43.705 38.117 37.328
26.989 24.606 26.243 25.420 24.488 27.513 29.501 33.346 30.679 31.024 28.879 26.461 21.697 21.946 19.748 20.156 18.597 20.462 24.506 23.737 23.142 23.555 20.054 16.292 12.507 10.593 4.824 6.594 4.348 4.538 6.794 3.450 1.426 3.350 5.013 3.821 4.409 8.328 8.600 11.839 12.415 15.079 16.397 11.031 12.873 10.310 11.179 10.718 14.229 18.109 23.066 28.429 30.499 36.734 41.793 45.554 42.577 45.136 58.585 44.462 44.134 41.219 45.748 48.142 35.657 -999.250 -999.250
30.984 25.446 22.069 22.177 22.365 27.333 30.329 29.883 29.589 28.888 26.072 24.300 21.646 21.983 19.424 18.379 18.736 19.194 19.355 20.817 22.700 19.803 17.318 15.563 10.613 7.278 3.107 4.013 5.394 7.645 7.855 9.079 7.092 7.863 8.717 7.949 8.217 11.929 12.095 14.045 18.284 19.751 21.978 17.533 11.643 10.628 6.652 9.384 10.338 13.652 19.647 24.088 28.054 32.873 39.282 38.379 46.979 56.768 45.011 41.513 42.909 43.775 40.414 49.817 39.981 38.795 -999.250
29.261 27.995 22.213 21.405 21.807 25.132 29.827 29.809 29.426 30.077 28.327 23.724 22.460 19.268 18.157 15.155 16.720 13.429 18.607 19.224 17.829 18.240 17.034 12.872 8.079 4.401 4.472 3.956 3.883 8.224 7.602 13.286 12.702 12.174 14.565 14.000 14.252 16.245 18.083 18.415 19.352 20.165 21.555 17.847 13.508 9.841 5.459 2.905 4.237 11.153 14.773 19.639 22.605 36.200 35.625 36.757 46.693 44.003 42.776 40.850 48.033 41.069 42.679 39.334 -999.250 -999.250 -999.250
30.380 24.381 20.373 20.087 18.907 22.193 22.025 29.213 30.724 29.538 28.675 24.906 20.435 19.761 17.654 16.168 15.225 11.525 13.453 14.751 15.685 15.398 12.906 10.688 8.352 4.227 1.507 3.491 8.514 11.073 14.817 17.607 16.865 17.902 17.630 16.644 17.011 19.582 19.969 18.822 20.978 18.895 20.569 15.019 13.528 10.929 5.960 3.019 2.299 6.120 10.407 15.949 20.903 23.832 28.338 30.473 36.479 38.425 38.877 40.337 42.969 42.770 46.510 40.544 -999.250 -999.250 -999.250
29.004 22.434 20.591 20.948 19.081 17.922 21.964 23.787 29.305 36.027 32.350 25.619 20.470 17.982 16.362 14.398 12.439 12.863 8.565 11.627 9.450 14.544 12.695 12.953 8.673 2.685 4.548 4.001 8.689 15.562 20.532 27.962 27.846 24.146 20.524 21.529 23.738 25.676 25.227 23.560 26.242 20.998 20.611 18.885 16.045 13.817 9.527 1.527 2.052 2.930 8.776 11.750 16.254 17.892 23.043 28.175 32.270 35.053 41.663 38.231 39.729 42.575 41.353 -999.250 -999.250 -999.250 -999.250
26.533 22.290 19.814 19.569 19.084 19.135 18.945 20.409 23.493 28.106 29.120 28.501 22.874 17.533 13.908 11.290 10.335 10.088 7.105 8.080 9.218 9.412 11.182 11.670 9.732 9.073 7.717 9.675 14.720 22.690 32.964 41.912 43.184 39.638 33.091 33.301 34.993 35.544 31.591 29.462 29.181 26.004 21.310 22.347 17.698 14.406 9.969 5.511 0.965 4.328 3.033 5.320 11.841 13.076 16.724 21.578 28.597 33.495 32.728 42.492 38.340 -999.250 -999.250 -999.250 -999.250 -999.250 -999.250
27.466 23.243 21.290 20.362 18.361 16.002 16.098 16.048 19.378 25.491 26.818 27.671 24.590 18.145 14.009 10.455 6.882 2.465 3.441 5.834 7.084 11.574 12.295 14.244 15.534 16.223 15.558 17.415 22.429 33.944 49.326 58.018 72.456 72.116 69.025 63.080 55.227 42.520 37.557 36.092 35.569 26.956 28.306 25.531 21.347 15.532 11.480 9.586 0.395 0.277 2.343 0.864 5.074 10.864 13.317 16.011 19.031 24.463 31.391 45.089 44.373 -999.250 -999.250 -999.250 -999.250 -999.250 -999.250
26.249 22.254 22.828 23.042 20.018 15.914 10.206 12.115 17.104 22.232 26.514 27.588 24.157 20.890 15.908 6.388 0.000 0.940 2.998 5.987 9.634 12.198 13.722 17.021 19.562 24.425 27.338 33.316 35.298 53.978 77.944 93.839 118.472 113.850 91.236 97.972 79.218 60.524 47.025 49.290 40.592 38.279 37.784 32.119 29.894 20.372 16.466 10.678 1.713 0.063 0.000 0.000 0.847 2.294 5.527 11.926 -999.250 25.433 31.922 -999.250 -999.250 -999.250 -999.250 -999.250 -999.250 -999.250 -999.250
21.067 20.654 23.173 26.360 22.502 18.190 10.093 9.312 19.038 29.488 33.119 34.799 29.749 21.216 17.104 11.949 4.746 2.729 3.631 3.056 5.736 11.233 15.924 22.854 30.142 37.852 53.626 62.471 73.487 110.047 128.410 162.186 190.223 185.505 172.699 138.211 109.441 74.231 69.462 65.313 58.460 49.769 54.957 39.536 28.685 26.677 18.236 7.268 3.833 1.450 0.000 0.000 0.000 0.000 -999.250 -999.250 -999.250 -999.250 -999.250 -999.250 -999.250 -999.250 -999.250 -999.250 -999.250 -999.250 -999.250
19.626 16.540 19.901 31.803 31.921 27.282 18.786 8.563 28.319 39.370 40.448 43.975 35.638 26.408 20.945 13.723 7.005 5.590 2.847 1.448 3.270 9.202 15.579 25.933 45.601 56.500 74.143 108.586 144.275 188.015 201.889 226.553 242.706 236.110 235.305 204.952 148.429 94.744 84.991 79.619 74.209 66.827 59.218 46.771 35.044 31.133 17.831 14.846 3.410 0.000 0.000 0.000 0.000 -999.250 -999.250 -999.250 -999.250 -999.250 -999.250 -999.250 -999.250 -999.250 -999.250 -999.250 -999.250 -999.250 -999.250
13.330 13.058 18.170 29.150 38.581 47.957 57.070 15.154 77.717 71.160 72.946 60.864 40.285 31.647 23.477 17.329 11.348 3.140 0.472 0.000 2.199 8.949 16.201 31.307 49.242 92.590 111.436 141.951 212.698 240.239 271.463 306.333 302.054 308.822 288.226 249.762 193.441 128.530 100.353 108.931 96.892 82.024 72.267 50.649 41.852 38.049 23.185 12.507 7.464 0.079 0.000 0.000 0.000 -999.250 -999.250 -999.250 -999.250 -999.250 -999.250 -999.250 -999.250 -999.250 -999.250 -999.250 -999.250 -999.250 -999.250
11.372 7.836 10.450 19.068 40.875 80.117 142.319 266.278 179.980 120.257 89.706 68.149 50.056 33.567 24.082 15.378 12.394 3.540 0.000 0.000 0.000 8.457 16.869 34.113 77.646 134.934 165.905 199.429 242.931 285.994 335.718 396.374 404.239 453.453 441.737 363.355 248.714 155.945 161.532 154.715 140.573 110.997 92.557 78.417 53.252 41.246 25.293 17.448 5.390 0.000 0.000 0.000 -999.250 -999.250 -999.250 -999.250 -999.250 -999.250 -999.250 -999.250 -999.250 -999.250 -999.250 -999.250 -999.250 -999.250 -999.250
8.212 8.861 1.612 0.000 42.122 84.356 178.375 214.916 207.196 152.280 109.191 72.414 55.647 35.508 24.504 20.224 11.872 5.451 1.219 0.000 0.000 2.952 19.012 47.436 85.921 138.284 208.969 257.595 269.554 397.214 459.978 501.442 535.427 572.420 590.177 511.768 392.894 263.710 229.701 207.382 193.542 165.860 138.736 89.152 75.098 58.109 32.328 20.111 10.760 0.000 0.000 -999.250 -999.250 -999.250 -999.250 -999.250 -999.250 -999.250 -999.250 -999.250 -999.250 -999.250 -999.250 -999.250 -999.250 -999.250 -999.250
16.553 20.391 15.508 20.697 44.378 84.830 139.135 161.634 143.092 99.010 81.385 69.276 41.776 29.368 21.076 16.533 15.628 10.577 2.924 1.655 0.000 4.081 14.035 54.206 105.118 169.859 255.037 286.734 377.696 436.365 546.421 555.808 599.342 786.517 806.988 698.925 524.631 383.722 299.380 271.090 247.184 206.742 179.184 121.768 94.388 59.631 36.787 19.882 10.283 0.000 0.000 -999.250 -999.250 -999.250 -999.250 -999.250 -999.250 -999.250 -999.250 -999.250 -999.250 -999.250 -999.250 -999.250 -999.250 -999.250 -999.250
38.486 41.842 36.370 38.688 57.370 76.742 93.433 108.339 109.512 87.663 68.065 43.509 23.157 18.674 17.836 16.282 16.576 12.446 7.832 7.311 7.029 13.509 29.111 65.489 113.976 167.094 241.187 282.034 411.937 510.675 591.063 683.168 794.983 1067.679 980.491 826.123 708.048 557.112 446.124 357.391 275.466 239.863 204.520 162.315 121.499 68.718 38.290 21.246 8.247 0.000 -999.250 -999.250 -999.250 -999.250 -999.250 -999.250 -999.250 -999.250 -999.250 -999.250 -999.250 -999.250 -999.250 -999.250 -999.250 -999.250 -999.250
60.724 78.919 60.346 58.378 57.182 72.785 80.337 77.081 69.135 62.574 45.888 23.382 0.000 8.493 13.922 16.320 17.543 14.527 10.535 10.398 14.036 19.651 39.022 70.842 128.821 215.699 270.047 335.669 446.669 546.192 621.388 786.823 850.025 1089.565 1184.069 928.022 708.645 540.943 499.585 461.714 337.501 266.007 213.819 185.814 130.556 81.690 48.270 25.398 0.000 0.000 -999.250 -999.250 -999.250 -999.250 -999.250 -999.250 -999.250 -999.250 -999.250 -999.250 -999.250 -999.250 -999.250 -999.250 -999.250 -999.250 -999.250
76.556 81.338 75.615 70.511 62.073 66.358 57.576 61.405 54.357 38.834 27.129 16.898 3.119 5.480 14.462 16.715 18.499 15.492 14.088 15.615 17.790 23.117 36.856 64.362 140.142 205.280 287.159 384.158 469.255 545.523 699.935 743.587 887.496 1074.052 1014.825 918.738 717.790 576.314 569.095 478.656 368.430 279.652 237.477 193.296 141.079 92.051 55.324 28.739 7.102 0.000 -999.250 -999.250 -999.250 -999.250 -999.250 -999.250 -999.250 -999.250 -999.250 -999.250 -999.250 -999.250 -999.250 -999.250 -999.250 -999.250 -999.250
86.165 94.120 87.671 81.079 69.487 65.047 58.634 47.454 35.253 24.550 22.230 16.811 11.997 12.231 16.271 20.216 19.701 19.338 18.627 16.306 21.104 23.613 38.132 68.380 115.913 211.917 267.085 346.701 394.985 509.642 566.942 708.170 818.407 850.036 903.547 853.055 715.308 620.885 540.158 495.516 378.494 289.443 238.672 197.171 164.607 98.631 59.599 30.949 7.164 -999.250 -999.250 -999.250 -999.250 -999.250 -999.250 -999.250 -999.250 -999.250 -999.250 -999.250 -999.250 -999.250 -999.250 -999.250 -999.250 -999.250 -999.250
