data/medianmodel_17-Aug-2020.asc
ncols	141
nrows	288
xllcorner	-120191.398
yllcorner	-301404.813
cellsize	2000.000
NODATA_value	-999.250
[rows 124 to 154 of 288, columns 0 to 68 of 141]
-999.250 -999.250 -999.250 -999.250 -999.250 -999.250 -999.250 -999.250 -999.250 -999.250 -999.250 -999.250 -999.250 -999.250 -999.250 -999.250 -999.250 -999.250 -999.250 -999.250 -999.250 -999.250 -999.250 -999.250 0.000 0.000 0.000 0.000 0.000 0.000 0.000 0.000 0.000 0.094 0.400 2.997 2.458 3.457 4.582 2.386 0.875 0.000 0.000 0.000 0.000 0.000 0.000 0.000 0.000 0.000 0.000 0.000 0.000 0.000 0.000 0.000 0.000 0.000 0.000 0.000 3.516 7.806 10.005 15.339 19.168 26.275 33.042 42.218 46.464
-999.250 -999.250 -999.250 -999.250 -999.250 -999.250 -999.250 -999.250 -999.250 -999.250 -999.250 -999.250 -999.250 -999.250 -999.250 -999.250 -999.250 -999.250 -999.250 -999.250 -999.250 -999.250 -999.250 -999.250 0.000 0.000 0.000 0.000 0.000 0.000 0.000 0.102 0.789 0.691 0.701 1.271 3.303 3.023 3.061 1.329 0.000 0.000 0.000 0.000 0.000 0.000 0.000 0.000 0.000 0.000 0.000 0.000 0.000 0.000 0.000 0.000 0.000 0.000 0.000 0.000 2.700 6.970 10.028 14.535 17.829 23.235 28.062 34.899 39.521
-999.250 -999.250 -999.250 -999.250 -999.250 -999.250 -999.250 -999.250 -999.250 -999.250 -999.250 -999.250 -999.250 -999.250 -999.250 -999.250 -999.250 -999.250 -999.250 -999.250 -999.250 -999.250 -999.250 0.000 0.000 0.000 0.000 0.000 0.000 0.000 1.610 2.041 2.270 2.556 2.705 2.860 2.494 2.471 1.680 1.065 0.000 0.000 0.000 0.000 0.000 0.000 0.000 0.000 0.000 0.000 0.000 0.000 0.000 0.000 0.000 0.000 0.000 0.000 0.000 0.013 3.273 6.403 9.316 13.503 16.764 19.403 24.048 28.159 33.719
-999.250 -999.250 -999.250 -999.250 -999.250 -999.250 -999.250 -999.250 -999.250 -999.250 -999.250 -999.250 -999.250 -999.250 -999.250 -999.250 -999.250 -999.250 -999.250 -999.250 -999.250 -999.250 -999.250 0.000 0.000 0.000 0.000 0.000 0.000 2.509 2.526 3.436 2.689 4.496 3.204 3.981 2.579 2.524 0.584 0.558 0.000 0.000 0.000 0.000 0.000 0.000 0.000 0.000 0.000 0.000 0.000 0.000 0.000 0.000 0.000 0.000 0.000 0.000 0.000 0.272 4.047 7.203 10.261 12.944 15.602 17.187 19.860 21.408 25.764
-999.250 -999.250 -999.250 -999.250 -999.250 -999.250 -999.250 -999.250 -999.250 -999.250 -999.250 -999.250 -999.250 -999.250 -999.250 -999.250 -999.250 -999.250 -999.250 -999.250 -999.250 -999.250 -999.250 0.000 0.000 0.000 0.000 0.000 1.937 3.490 4.303 5.190 5.724 4.288 3.029 3.523 3.255 3.007 1.966 0.000 0.000 0.000 0.000 0.000 0.000 0.000 0.000 0.000 0.000 0.000 0.000 0.000 0.000 0.000 0.000 0.000 0.000 0.000 0.000 0.663 3.793 6.877 13.720 12.019 13.482 13.747 16.400 16.847 16.991
-999.250 -999.250 -999.250 -999.250 -999.250 -999.250 -999.250 -999.250 -999.250 -999.250 -999.250 -999.250 -999.250 -999.250 -999.250 -999.250 -999.250 -999.250 -999.250 -999.250 -999.250 -999.250 0.000 0.000 0.000 0.000 0.000 1.122 2.751 5.905 6.367 6.544 5.862 5.157 3.900 3.474 3.167 2.518 1.134 1.740 0.153 0.451 0.474 0.000 0.000 0.000 0.000 0.000 0.000 0.000 0.000 0.000 0.000 0.000 0.000 0.000 0.000 0.000 0.000 0.071 3.003 6.092 8.841 9.942 11.019 12.842 13.099 12.962 13.867
-999.250 -999.250 -999.250 -999.250 -999.250 -999.250 -999.250 -999.250 -999.250 -999.250 -999.250 -999.250 -999.250 -999.250 -999.250 -999.250 -999.250 -999.250 -999.250 -999.250 -999.250 -999.250 0.000 0.000 0.000 0.000 0.000 1.160 5.274 7.727 9.254 8.468 6.757 5.914 4.143 2.161 1.521 2.276 1.303 1.795 0.797 0.424 0.000 0.000 0.000 0.000 0.000 0.000 0.000 0.000 0.000 0.000 0.000 0.000 0.000 0.000 0.000 0.000 0.000 0.000 2.910 5.855 7.351 8.476 10.533 10.870 10.738 9.650 8.476
-999.250 -999.250 -999.250 -999.250 -999.250 -999.250 -999.250 -999.250 -999.250 -999.250 -999.250 -999.250 -999.250 -999.250 -999.250 -999.250 -999.250 -999.250 -999.250 -999.250 -999.250 0.000 0.000 0.000 2.597 0.000 0.598 2.005 6.142 9.500 17.563 9.816 8.026 5.932 4.677 3.487 1.926 1.804 1.496 2.666 1.452 0.419 0.703 0.000 0.000 0.000 0.000 0.000 0.000 0.000 0.000 0.000 0.000 0.000 0.000 0.000 0.000 0.000 0.000 0.425 2.293 4.877 7.084 8.777 9.552 9.436 9.445 7.671 5.934
-999.250 -999.250 -999.250 -999.250 -999.250 -999.250 -999.250 -999.250 -999.250 -999.250 -999.250 -999.250 -999.250 -999.250 -999.250 -999.250 -999.250 -999.250 -999.250 -999.250 -999.250 0.000 0.000 0.000 0.000 0.000 0.055 1.950 5.133 7.976 9.719 8.159 6.734 4.397 3.549 2.260 0.861 2.340 1.004 1.617 1.665 0.583 0.562 0.035 0.000 0.000 0.000 0.000 0.000 0.000 0.000 0.000 0.000 0.000 0.000 0.000 0.000 0.000 0.000 0.000 2.638 5.639 8.060 10.592 11.647 12.267 10.117 7.542 3.942
-999.250 -999.250 -999.250 -999.250 -999.250 -999.250 -999.250 -999.250 -999.250 -999.250 -999.250 -999.250 -999.250 -999.250 -999.250 -999.250 -999.250 -999.250 -999.250 -999.250 -999.250 0.000 0.000 0.000 0.000 0.000 0.000 0.866 3.112 5.211 5.750 5.488 4.363 3.982 2.171 1.506 0.697 1.718 0.000 1.149 0.745 1.308 0.321 0.008 0.000 0.000 0.000 0.000 0.000 0.000 0.000 0.000 0.000 0.000 0.000 0.000 0.000 0.000 0.000 0.000 3.539 6.944 9.870 13.135 16.466 15.747 12.766 8.009 4.229
-999.250 -999.250 -999.250 -999.250 -999.250 -999.250 -999.250 -999.250 -999.250 -999.250 -999.250 -999.250 -999.250 -999.250 -999.250 -999.250 -999.250 -999.250 -999.250 -999.250 0.000 0.000 0.000 0.000 0.000 0.018 0.141 0.206 0.592 3.213 3.414 3.246 1.070 2.355 0.441 0.000 0.000 1.222 0.000 0.000 0.709 0.866 0.000 0.000 0.000 0.000 0.000 0.000 0.000 0.000 0.000 0.000 0.000 0.000 0.000 0.000 0.000 0.000 0.000 0.000 3.504 8.477 14.051 18.037 21.308 23.471 19.655 15.577 9.440
-999.250 -999.250 -999.250 -999.250 -999.250 -999.250 -999.250 -999.250 -999.250 -999.250 -999.250 -999.250 -999.250 -999.250 -999.250 -999.250 -999.250 -999.250 -999.250 -999.250 0.000 0.000 1.593 0.690 1.946 1.031 0.000 0.258 0.000 0.556 0.298 0.012 0.031 0.000 0.000 0.000 0.102 0.000 0.000 0.000 0.000 0.121 0.000 0.000 0.000 0.000 0.000 0.000 0.000 0.000 0.000 0.000 0.000 0.000 0.000 0.000 0.000 0.000 0.000 0.000 5.727 10.968 18.969 25.604 30.378 32.385 30.394 25.092 19.125
-999.250 -999.250 -999.250 -999.250 -999.250 -999.250 -999.250 -999.250 -999.250 -999.250 -999.250 -999.250 -999.250 -999.250 -999.250 -999.250 -999.250 -999.250 -999.250 -999.250 0.000 0.914 2.506 3.924 4.426 3.127 1.299 2.060 0.000 0.000 0.000 0.000 0.000 0.000 0.000 0.000 0.000 0.000 0.000 0.000 0.000 0.000 0.000 0.000 0.000 0.000 0.000 0.000 0.000 0.000 0.000 0.000 0.000 0.000 0.000 0.000 0.000 0.000 0.000 0.000 7.984 16.984 26.500 36.320 42.769 43.625 42.734 37.784 29.936
-999.250 -999.250 -999.250 -999.250 -999.250 -999.250 -999.250 -999.250 -999.250 -999.250 -999.250 -999.250 -999.250 -999.250 -999.250 -999.250 -999.250 -999.250 -999.250 -999.250 0.000 2.845 5.321 5.001 4.819 5.769 5.186 3.147 0.470 0.000 0.000 0.000 0.000 0.000 0.000 0.000 0.000 0.000 0.000 0.000 2.271 0.000 0.000 0.000 0.000 0.000 0.000 0.000 0.000 0.000 0.000 0.000 0.000 0.000 0.000 0.000 0.000 0.000 0.000 0.000 9.684 21.745 37.684 48.096 53.202 59.026 55.571 50.504 44.883
-999.250 -999.250 -999.250 -999.250 -999.250 -999.250 -999.250 -999.250 -999.250 -999.250 -999.250 -999.250 -999.250 -999.250 -999.250 -999.250 -999.250 -999.250 -999.250 0.000 1.238 4.268 7.125 8.680 9.463 8.490 7.558 5.900 3.671 1.055 0.000 0.000 0.000 0.000 0.000 0.000 0.000 0.000 0.000 0.000 0.000 0.000 0.000 0.000 0.000 0.246 0.272 1.802 0.110 0.618 0.000 0.000 0.000 0.000 0.000 0.000 0.000 0.000 0.000 5.846 16.775 32.774 48.358 63.456 66.144 70.973 72.387 66.101 57.194
-999.250 -999.250 -999.250 -999.250 -999.250 -999.250 -999.250 -999.250 -999.250 -999.250 -999.250 -999.250 -999.250 -999.250 -999.250 -999.250 -999.250 -999.250 -999.250 0.687 3.262 6.685 9.530 13.387 13.502 12.974 11.065 7.606 6.370 4.413 3.391 0.833 0.000 0.000 0.000 0.000 0.000 0.000 0.000 0.000 0.000 0.000 0.000 0.000 0.000 0.408 2.604 4.439 5.431 3.889 2.045 0.000 0.000 0.000 0.000 0.000 0.000 0.000 1.433 9.869 23.696 45.554 59.677 77.188 85.916 92.355 93.526 80.441 67.164
-999.250 -999.250 -999.250 -999.250 -999.250 -999.250 -999.250 -999.250 -999.250 -999.250 -999.250 -999.250 -999.250 -999.250 -999.250 -999.250 -999.250 -999.250 -999.250 2.789 7.060 9.687 16.036 19.228 19.878 18.299 16.369 12.142 8.785 7.083 8.593 2.978 0.000 0.000 0.000 0.000 0.000 0.000 0.000 0.000 0.000 0.000 0.000 0.000 0.000 1.105 5.056 8.678 10.134 8.627 5.247 2.455 0.000 0.000 0.000 0.000 0.000 0.000 3.142 14.776 32.241 56.313 71.915 105.469 111.285 118.164 107.423 97.963 78.767
-999.250 -999.250 -999.250 -999.250 -999.250 -999.250 -999.250 -999.250 -999.250 -999.250 -999.250 -999.250 -999.250 -999.250 -999.250 -999.250 -999.250 -999.250 -999.250 6.818 10.169 17.074 24.908 29.332 29.129 25.834 20.199 15.929 10.660 7.653 6.493 2.498 0.000 0.000 0.000 0.000 0.000 0.000 0.000 0.000 0.000 0.000 0.000 0.000 0.000 3.491 6.452 11.108 19.049 10.577 6.769 3.520 0.000 0.000 0.000 0.000 0.000 0.000 3.871 16.014 34.682 60.773 91.225 131.264 142.002 135.044 126.089 102.984 83.376
-999.250 -999.250 -999.250 -999.250 -999.250 -999.250 -999.250 -999.250 -999.250 -999.250 -999.250 -999.250 -999.250 -999.250 -999.250 -999.250 -999.250 -999.250 -999.250 10.855 16.755 25.522 36.575 45.443 42.324 33.199 25.180 17.592 11.596 8.612 5.771 2.865 0.000 0.000 0.000 0.000 0.000 0.000 0.000 0.000 0.000 0.000 0.000 0.000 0.000 2.985 6.861 9.803 12.732 9.795 7.021 4.750 1.532 0.118 0.000 0.000 0.000 0.000 2.879 12.330 31.050 61.150 90.452 135.241 175.523 144.502 131.462 111.994 82.139
-999.250 -999.250 -999.250 -999.250 -999.250 -999.250 -999.250 -999.250 -999.250 -999.250 -999.250 -999.250 -999.250 -999.250 -999.250 -999.250 -999.250 -999.250 9.336 14.879 21.456 32.713 46.151 65.353 49.658 37.346 27.887 19.489 13.191 8.631 4.837 1.224 0.000 0.000 0.000 0.000 0.000 0.000 0.000 0.000 0.000 0.000 0.000 0.000 1.164 4.526 6.826 9.374 9.182 8.982 7.975 5.755 3.961 2.583 0.430 0.000 0.000 0.000 0.000 7.731 26.823 55.156 84.870 122.777 138.070 136.522 122.175 104.103 78.573
-999.250 -999.250 -999.250 -999.250 -999.250 -999.250 -999.250 -999.250 -999.250 -999.250 -999.250 -999.250 -999.250 -999.250 -999.250 -999.250 -999.250 8.535 11.446 16.766 24.806 34.880 45.886 52.308 46.880 39.297 28.718 19.964 15.128 8.797 4.308 1.185 0.000 0.000 0.000 0.000 0.000 0.000 0.000 0.000 0.000 0.000 0.000 0.849 5.208 6.221 7.223 8.421 8.682 8.157 8.363 7.674 7.491 6.022 4.258 1.264 0.000 0.000 0.000 0.000 20.424 45.749 70.399 96.838 105.321 113.271 98.074 93.257 67.043
-999.250 -999.250 -999.250 -999.250 -999.250 -999.250 -999.250 -999.250 -999.250 -999.250 -999.250 -999.250 -999.250 -999.250 -999.250 -999.250 -999.250 9.787 13.643 17.347 24.423 31.672 39.051 41.154 39.358 32.444 23.916 18.627 13.142 8.005 4.407 0.168 0.000 0.000 0.000 0.000 0.000 0.000 0.000 0.000 0.000 0.000 1.109 4.753 8.326 9.170 9.076 10.160 8.813 8.126 8.532 9.195 9.086 9.492 7.432 6.003 5.264 4.641 3.177 5.949 18.453 39.623 56.348 71.538 83.537 87.720 77.042 67.487 56.950
-999.250 -999.250 -999.250 -999.250 -999.250 -999.250 -999.250 -999.250 -999.250 -999.250 -999.250 -999.250 -999.250 -999.250 -999.250 6.442 7.947 11.469 14.564 18.018 21.474 27.753 31.199 33.520 32.574 27.754 20.437 16.792 10.160 6.786 3.036 0.000 0.000 0.000 0.000 0.000 0.000 0.000 0.000 0.000 0.000 2.863 5.152 8.633 13.021 14.536 13.121 10.933 9.498 8.750 8.807 11.200 14.531 15.835 12.707 9.629 9.825 14.233 8.369 10.083 19.706 32.186 46.223 55.028 61.218 61.530 60.523 51.577 40.094
-999.250 -999.250 -999.250 -999.250 -999.250 -999.250 -999.250 -999.250 -999.250 -999.250 -999.250 -999.250 -999.250 -999.250 2.307 5.322 8.816 9.480 13.856 16.486 18.430 21.776 25.773 27.000 25.714 20.725 15.988 12.489 8.167 5.104 2.676 0.000 0.000 0.000 0.000 0.000 0.000 0.000 0.000 0.000 0.000 3.104 8.027 14.478 19.608 19.932 17.309 11.704 9.313 8.884 9.525 12.512 16.598 24.814 17.257 12.805 12.572 13.734 11.035 13.498 17.514 26.552 35.995 42.896 47.096 45.728 42.161 32.789 21.785
-999.250 -999.250 -999.250 -999.250 -999.250 -999.250 -999.250 -999.250 -999.250 -999.250 -999.250 -999.250 -999.250 -999.250 4.536 6.031 7.252 9.019 10.382 13.976 16.742 18.240 18.918 19.697 19.571 16.425 12.550 8.993 5.895 1.049 0.000 0.000 0.000 0.000 0.000 0.000 0.000 0.000 0.000 0.000 0.624 5.320 10.527 18.052 28.135 32.471 19.545 13.403 9.266 9.229 10.170 13.104 16.694 18.521 16.014 14.422 13.729 12.052 12.606 13.740 17.098 20.092 27.616 31.951 33.466 29.849 25.219 17.133 9.260
-999.250 -999.250 -999.250 -999.250 -999.250 -999.250 -999.250 -999.250 -999.250 -999.250 -999.250 -999.250 -999.250 2.615 6.016 6.801 8.420 9.296 9.942 11.669 13.225 14.875 15.606 15.330 13.558 11.565 8.966 6.194 2.567 0.000 0.000 0.000 0.000 0.000 0.000 0.000 0.000 0.000 0.000 0.000 1.277 6.486 11.157 17.672 25.377 24.001 19.035 13.778 10.054 10.101 12.459 14.319 14.871 15.672 15.235 15.156 13.628 11.819 11.118 12.982 15.002 16.659 19.673 20.896 21.211 19.166 15.053 8.437 2.641
-999.250 -999.250 -999.250 -999.250 -999.250 -999.250 -999.250 -999.250 -999.250 -999.250 -999.250 -999.250 3.100 4.959 7.589 7.998 9.397 9.223 9.053 9.253 9.607 10.124 10.797 10.269 8.980 8.065 5.738 3.018 0.000 0.000 0.000 0.000 0.000 0.000 0.000 0.000 0.000 0.000 0.000 1.552 4.477 7.996 11.665 16.011 19.167 19.213 17.155 14.498 13.490 11.580 11.944 13.066 14.980 15.976 15.842 13.951 12.591 11.580 10.681 12.932 13.262 13.588 14.532 14.911 13.181 10.922 7.874 4.283 0.000
-999.250 -999.250 -999.250 -999.250 -999.250 -999.250 -999.250 -999.250 -999.250 -999.250 -999.250 0.879 4.785 7.546 9.361 11.562 12.339 9.402 8.149 7.374 7.305 8.086 7.826 8.537 7.741 5.673 4.095 0.134 0.000 0.000 0.000 0.000 0.000 0.000 0.000 0.000 0.000 0.000 0.792 3.338 5.716 8.533 11.158 14.079 16.663 18.730 17.491 15.764 13.527 13.895 13.599 14.965 15.751 16.428 15.792 14.099 13.954 13.122 13.363 11.582 10.609 9.951 9.129 8.566 8.321 6.464 4.036 0.174 0.000
-999.250 -999.250 -999.250 -999.250 -999.250 -999.250 -999.250 -999.250 -999.250 -999.250 0.000 2.125 5.973 8.422 13.684 16.255 14.639 10.764 7.851 6.416 6.066 6.605 7.156 6.445 6.676 5.131 2.333 0.000 0.000 0.000 0.000 0.000 0.000 0.000 0.000 0.000 0.000 0.000 1.161 2.927 6.322 9.120 12.108 14.732 16.809 18.248 19.151 18.304 17.022 16.577 16.082 16.476 17.267 17.527 16.387 15.858 15.341 14.145 13.252 12.167 9.580 8.455 7.111 5.430 4.910 3.766 0.560 0.000 0.000
-999.250 -999.250 -999.250 -999.250 -999.250 -999.250 -999.250 -999.250 -999.250 0.000 0.268 2.507 5.319 9.767 14.889 25.317 17.122 11.119 8.645 7.705 7.421 7.388 8.194 8.374 7.581 5.000 2.067 0.000 0.000 0.000 0.000 0.000 0.000 0.000 0.000 0.000 0.000 0.151 2.796 5.388 7.505 10.773 13.367 15.803 17.950 20.276 22.860 22.678 20.871 19.211 18.889 17.697 18.454 19.435 19.255 18.439 16.685 14.255 13.551 12.191 9.933 6.751 5.305 2.826 0.513 0.000 0.000 0.000 0.000
-999.250 -999.250 -999.250 -999.250 -999.250 4.697 3.773 0.411 0.000 0.000 0.102 3.453 6.214 7.849 12.414 15.901 15.035 12.067 10.317 9.665 9.992 12.408 11.666 11.253 9.651 7.910 5.357 1.817 0.000 0.000 0.000 0.000 0.000 0.000 0.000 0.000 0.000 0.665 3.114 6.106 9.292 12.980 15.431 17.478 20.046 24.718 32.619 28.556 24.543 21.267 20.656 20.441 20.553 21.541 21.762 21.022 18.393 15.384 14.451 13.704 10.269 6.369 5.272 1.715 0.000 0.000 0.000 0.000 0.000
