data/medianmodel_19-Oct-2020.asc
ncols	141
nrows	288
xllcorner	-120191.398
yllcorner	-301404.813
cellsize	2000.000
NODATA_value	-999.250
[rows 120 to 149 of 288, columns 67 to 133 of 141]
45.006 36.990 29.895 25.701 26.050 24.038 25.056 34.976 33.204 43.630 47.109 66.087 72.551 78.458 82.031 82.068 84.204 85.207 105.590 103.602 110.810 118.872 126.197 117.418 119.399 142.388 148.159 165.319 180.809 194.209 181.795 210.172 216.542 242.596 200.881 180.995 185.304 179.309 163.359 180.416 182.233 143.475 141.139 141.236 150.395 159.450 -999.250 -999.250 -999.250 -999.250 -999.250 -999.250 -999.250 -999.250 -999.250 -999.250 -999.250 -999.250 -999.250 -999.250 -999.250 -999.250 -999.250 -999.250 -999.250 -999.250 -999.250
39.907 31.862 29.478 23.020 26.608 22.409 29.958 34.474 39.722 44.633 56.328 57.889 63.235 77.760 79.730 82.913 83.232 93.942 123.496 115.170 113.838 129.724 141.573 153.389 143.910 149.620 170.635 167.330 180.953 224.243 195.653 227.455 240.220 259.168 219.909 188.216 175.631 165.633 166.704 167.293 170.034 146.117 171.051 139.479 158.957 137.983 -999.250 -999.250 -999.250 -999.250 -999.250 -999.250 -999.250 -999.250 -999.250 -999.250 -999.250 -999.250 -999.250 -999.250 -999.250 -999.250 -999.250 -999.250 -999.250 -999.250 -999.250
26.986 28.922 19.059 19.988 25.089 28.151 37.304 35.924 39.661 50.630 59.537 65.200 65.938 86.446 84.711 80.314 92.558 96.383 100.848 130.895 132.407 138.252 150.719 155.917 149.399 154.031 152.928 189.395 172.317 193.431 211.709 211.909 229.341 254.161 218.618 232.246 203.316 166.859 172.442 174.985 180.742 160.563 145.518 131.849 139.859 146.229 -999.250 -999.250 -999.250 -999.250 -999.250 -999.250 -999.250 -999.250 -999.250 -999.250 -999.250 -999.250 -999.250 -999.250 -999.250 -999.250 -999.250 -999.250 -999.250 -999.250 -999.250
31.281 30.022 27.402 22.697 27.759 34.097 34.274 44.496 40.397 53.616 50.015 60.924 72.777 81.582 85.719 85.435 86.011 103.386 115.302 130.588 137.442 123.033 171.259 159.751 149.822 156.142 162.016 178.259 177.040 182.195 223.654 229.836 241.381 273.530 232.145 228.074 196.944 198.250 174.193 167.646 156.718 144.160 143.828 147.852 150.315 -999.250 -999.250 -999.250 -999.250 -999.250 -999.250 -999.250 -999.250 -999.250 -999.250 -999.250 -999.250 -999.250 -999.250 -999.250 -999.250 -999.250 -999.250 -999.250 -999.250 -999.250 -999.250
37.342 28.494 34.108 29.135 28.202 38.757 40.608 40.546 50.188 53.883 54.157 66.702 75.733 88.101 84.823 93.757 93.222 121.160 118.365 129.707 132.765 134.842 143.094 168.948 158.058 174.872 155.304 150.362 181.571 187.745 199.391 222.442 245.820 247.028 233.486 216.209 206.274 178.177 160.376 149.287 141.544 156.669 152.830 136.205 122.521 -999.250 -999.250 -999.250 -999.250 -999.250 -999.250 -999.250 -999.250 -999.250 -999.250 -999.250 -999.250 -999.250 -999.250 -999.250 -999.250 -999.250 -999.250 -999.250 -999.250 -999.250 -999.250
35.079 36.581 37.923 38.737 38.101 40.557 48.554 53.871 52.652 59.068 58.846 73.879 78.615 85.435 92.466 117.846 124.903 144.424 140.895 149.757 160.870 153.095 152.329 164.183 154.678 140.209 152.080 160.111 186.783 184.456 215.974 215.225 210.228 246.618 237.861 235.656 193.000 200.846 168.240 174.977 150.614 147.381 156.339 134.935 129.240 -999.250 -999.250 -999.250 -999.250 -999.250 -999.250 -999.250 -999.250 -999.250 -999.250 -999.250 -999.250 -999.250 -999.250 -999.250 -999.250 -999.250 -999.250 -999.250 -999.250 -999.250 -999.250
39.928 47.411 53.259 50.276 55.418 59.745 47.751 56.417 55.641 63.064 66.435 71.748 74.190 79.895 90.251 113.724 141.619 127.504 144.263 139.463 151.766 160.275 155.997 140.287 143.739 142.583 144.439 158.018 172.763 165.815 172.528 198.189 215.947 230.049 214.505 207.296 204.951 183.181 165.467 152.152 153.414 139.288 147.608 146.661 138.228 -999.250 -999.250 -999.250 -999.250 -999.250 -999.250 -999.250 -999.250 -999.250 -999.250 -999.250 -999.250 -999.250 -999.250 -999.250 -999.250 -999.250 -999.250 -999.250 -999.250 -999.250 -999.250
50.463 60.804 60.323 67.069 61.834 60.773 54.284 54.400 57.307 60.190 66.078 65.509 65.895 86.390 95.090 107.655 119.894 125.193 140.703 148.794 165.282 182.958 164.360 135.557 155.466 166.940 156.248 142.716 151.224 184.631 173.269 194.361 195.491 215.028 211.041 183.526 201.123 188.477 161.943 146.674 133.343 134.108 142.712 137.148 -999.250 -999.250 -999.250 -999.250 -999.250 -999.250 -999.250 -999.250 -999.250 -999.250 -999.250 -999.250 -999.250 -999.250 -999.250 -999.250 -999.250 -999.250 -999.250 -999.250 -999.250 -999.250 -999.250
58.211 60.618 67.294 64.059 60.591 72.423 60.649 55.013 62.724 59.931 66.644 68.485 70.364 84.070 93.234 109.553 117.054 129.092 134.891 163.790 173.930 184.662 176.379 155.546 166.312 162.769 173.609 152.136 155.568 182.869 179.626 179.861 184.298 184.966 183.574 193.385 176.214 170.123 166.181 153.808 143.086 141.317 141.948 -999.250 -999.250 -999.250 -999.250 -999.250 -999.250 -999.250 -999.250 -999.250 -999.250 -999.250 -999.250 -999.250 -999.250 -999.250 -999.250 -999.250 -999.250 -999.250 -999.250 -999.250 -999.250 -999.250 -999.250
61.661 67.483 69.431 75.818 85.819 77.051 75.557 63.385 57.675 55.957 61.964 72.633 83.476 74.899 85.241 95.453 106.854 112.816 119.891 133.848 147.650 171.469 170.280 156.225 146.155 147.471 126.374 135.917 140.328 156.921 184.436 174.312 157.706 162.343 171.866 168.757 162.650 172.631 153.462 139.721 127.382 131.415 -999.250 -999.250 -999.250 -999.250 -999.250 -999.250 -999.250 -999.250 -999.250 -999.250 -999.250 -999.250 -999.250 -999.250 -999.250 -999.250 -999.250 -999.250 -999.250 -999.250 -999.250 -999.250 -999.250 -999.250 -999.250
79.155 74.966 92.350 85.511 85.128 77.713 74.822 65.642 63.539 61.187 61.393 62.167 71.735 65.439 77.076 81.656 102.143 107.499 143.153 138.594 160.322 169.722 147.834 136.530 124.768 138.285 133.116 145.716 160.924 150.345 148.487 164.002 165.462 154.709 146.278 164.114 131.417 151.365 139.228 140.659 138.929 146.233 -999.250 -999.250 -999.250 -999.250 -999.250 -999.250 -999.250 -999.250 -999.250 -999.250 -999.250 -999.250 -999.250 -999.250 -999.250 -999.250 -999.250 -999.250 -999.250 -999.250 -999.250 -999.250 -999.250 -999.250 -999.250
75.247 79.730 88.506 95.500 87.290 83.165 76.811 78.162 69.782 64.477 52.432 53.103 59.100 64.814 54.435 65.005 83.387 96.120 101.372 139.044 147.970 157.448 152.553 139.774 129.826 135.232 147.420 128.922 146.627 153.413 132.907 134.426 138.729 149.413 149.365 155.849 156.968 143.955 136.431 152.767 153.146 145.391 -999.250 -999.250 -999.250 -999.250 -999.250 -999.250 -999.250 -999.250 -999.250 -999.250 -999.250 -999.250 -999.250 -999.250 -999.250 -999.250 -999.250 -999.250 -999.250 -999.250 -999.250 -999.250 -999.250 -999.250 -999.250
81.817 89.590 99.052 100.038 106.623 81.397 87.285 73.849 58.106 59.554 48.804 47.278 44.549 45.606 54.969 62.870 79.083 83.644 104.257 111.666 125.815 130.838 136.050 143.365 141.493 136.336 135.209 140.495 160.774 138.264 129.637 164.919 136.434 140.176 138.803 142.719 142.645 141.857 132.661 135.754 127.326 139.144 -999.250 -999.250 -999.250 -999.250 -999.250 -999.250 -999.250 -999.250 -999.250 -999.250 -999.250 -999.250 -999.250 -999.250 -999.250 -999.250 -999.250 -999.250 -999.250 -999.250 -999.250 -999.250 -999.250 -999.250 -999.250
79.824 95.539 109.619 90.652 88.963 71.941 65.273 69.325 62.433 51.284 46.212 40.098 36.311 34.747 43.303 49.695 59.805 70.875 90.297 101.913 107.012 124.090 129.190 127.107 131.869 120.342 137.578 169.252 138.870 143.248 127.702 151.410 150.048 141.807 119.633 127.102 131.585 116.372 111.936 144.753 133.394 -999.250 -999.250 -999.250 -999.250 -999.250 -999.250 -999.250 -999.250 -999.250 -999.250 -999.250 -999.250 -999.250 -999.250 -999.250 -999.250 -999.250 -999.250 -999.250 -999.250 -999.250 -999.250 -999.250 -999.250 -999.250 -999.250
85.654 99.891 91.564 86.808 87.247 80.784 67.357 62.834 58.725 45.310 38.652 31.357 32.427 31.895 35.092 39.204 49.516 67.299 93.327 103.865 97.020 112.706 116.662 128.552 133.677 120.113 140.582 122.277 138.452 138.262 132.388 132.598 120.485 148.934 134.448 137.011 116.128 107.859 127.463 120.227 148.527 -999.250 -999.250 -999.250 -999.250 -999.250 -999.250 -999.250 -999.250 -999.250 -999.250 -999.250 -999.250 -999.250 -999.250 -999.250 -999.250 -999.250 -999.250 -999.250 -999.250 -999.250 -999.250 -999.250 -999.250 -999.250 -999.250
75.837 83.253 85.186 73.098 72.325 63.402 61.822 47.641 52.480 39.038 24.236 18.123 16.073 18.431 27.023 30.928 39.686 56.390 73.895 84.395 87.283 93.624 100.770 124.002 150.434 130.157 137.289 127.075 120.065 132.911 124.523 115.329 119.523 131.914 132.831 121.253 118.543 137.659 131.343 124.948 149.650 -999.250 -999.250 -999.250 -999.250 -999.250 -999.250 -999.250 -999.250 -999.250 -999.250 -999.250 -999.250 -999.250 -999.250 -999.250 -999.250 -999.250 -999.250 -999.250 -999.250 -999.250 -999.250 -999.250 -999.250 -999.250 -999.250
70.705 77.743 78.133 80.584 70.380 56.485 62.051 46.990 36.800 30.558 14.090 10.508 0.000 6.806 14.957 16.198 30.878 42.509 56.496 66.688 86.563 76.012 93.528 106.525 109.352 118.982 133.440 112.886 117.215 100.213 114.302 113.231 104.264 121.281 116.467 131.767 109.118 126.194 131.677 143.450 141.151 -999.250 -999.250 -999.250 -999.250 -999.250 -999.250 -999.250 -999.250 -999.250 -999.250 -999.250 -999.250 -999.250 -999.250 -999.250 -999.250 -999.250 -999.250 -999.250 -999.250 -999.250 -999.250 -999.250 -999.250 -999.250 -999.250
61.447 74.502 74.500 62.673 65.031 59.676 54.842 43.635 35.073 19.843 14.927 7.127 2.423 7.442 12.748 18.193 29.039 33.583 47.574 61.418 72.371 78.746 82.727 85.023 87.388 88.694 102.643 105.780 108.736 114.233 118.172 118.187 109.783 113.712 112.098 117.963 130.120 122.796 147.800 146.260 -999.250 -999.250 -999.250 -999.250 -999.250 -999.250 -999.250 -999.250 -999.250 -999.250 -999.250 -999.250 -999.250 -999.250 -999.250 -999.250 -999.250 -999.250 -999.250 -999.250 -999.250 -999.250 -999.250 -999.250 -999.250 -999.250 -999.250
56.889 54.982 60.260 58.894 57.717 52.752 47.463 39.252 29.758 14.876 14.388 8.340 6.677 6.351 9.424 16.347 17.576 27.284 40.510 -999.250 -999.250 -999.250 -999.250 65.217 79.976 87.738 92.639 84.612 -999.250 -999.250 -999.250 -999.250 -999.250 -999.250 -999.250 -999.250 -999.250 -999.250 -999.250 -999.250 -999.250 -999.250 -999.250 -999.250 -999.250 -999.250 -999.250 -999.250 -999.250 -999.250 -999.250 -999.250 -999.250 -999.250 -999.250 -999.250 -999.250 -999.250 -999.250 -999.250 -999.250 -999.250 -999.250 -999.250 -999.250 -999.250 -999.250
53.321 50.459 52.180 56.087 54.552 54.736 39.724 36.570 24.560 19.797 11.408 8.755 9.897 10.242 11.360 13.295 15.510 26.366 35.733 -999.250 -999.250 -999.250 -999.250 -999.250 -999.250 -999.250 -999.250 -999.250 -999.250 -999.250 -999.250 -999.250 -999.250 -999.250 -999.250 -999.250 -999.250 -999.250 -999.250 -999.250 -999.250 -999.250 -999.250 -999.250 -999.250 -999.250 -999.250 -999.250 -999.250 -999.250 -999.250 -999.250 -999.250 -999.250 -999.250 -999.250 -999.250 -999.250 -999.250 -999.250 -999.250 -999.250 -999.250 -999.250 -999.250 -999.250 -999.250
54.519 50.309 53.593 55.000 51.893 47.328 43.377 34.510 24.519 17.362 10.784 9.002 8.124 5.463 11.346 13.305 18.219 18.613 32.365 -999.250 -999.250 -999.250 -999.250 -999.250 -999.250 -999.250 -999.250 -999.250 -999.250 -999.250 -999.250 -999.250 -999.250 -999.250 -999.250 -999.250 -999.250 -999.250 -999.250 -999.250 -999.250 -999.250 -999.250 -999.250 -999.250 -999.250 -999.250 -999.250 -999.250 -999.250 -999.250 -999.250 -999.250 -999.250 -999.250 -999.250 -999.250 -999.250 -999.250 -999.250 -999.250 -999.250 -999.250 -999.250 -999.250 -999.250 -999.250
50.965 49.725 44.985 46.223 48.783 41.482 28.903 29.593 21.354 15.622 10.669 3.822 6.907 9.522 13.355 12.603 12.598 14.796 20.862 22.538 -999.250 -999.250 -999.250 -999.250 -999.250 -999.250 -999.250 -999.250 -999.250 -999.250 -999.250 -999.250 -999.250 -999.250 -999.250 -999.250 -999.250 -999.250 -999.250 -999.250 -999.250 -999.250 -999.250 -999.250 -999.250 -999.250 -999.250 -999.250 -999.250 -999.250 -999.250 -999.250 -999.250 -999.250 -999.250 -999.250 -999.250 -999.250 -999.250 -999.250 -999.250 -999.250 -999.250 -999.250 -999.250 -999.250 -999.250
45.827 45.720 45.040 38.963 36.864 33.927 26.592 25.104 19.598 13.672 10.932 9.115 9.245 7.998 12.408 10.415 6.718 11.390 11.277 16.754 19.978 -999.250 -999.250 -999.250 -999.250 -999.250 -999.250 -999.250 -999.250 -999.250 -999.250 -999.250 -999.250 -999.250 -999.250 -999.250 -999.250 -999.250 -999.250 -999.250 -999.250 -999.250 -999.250 -999.250 -999.250 -999.250 -999.250 -999.250 -999.250 -999.250 -999.250 -999.250 -999.250 -999.250 -999.250 -999.250 -999.250 -999.250 -999.250 -999.250 -999.250 -999.250 -999.250 -999.250 -999.250 -999.250 -999.250
40.282 41.813 41.607 35.153 34.174 33.214 24.615 19.984 25.084 20.756 14.302 14.355 13.600 8.959 10.085 4.281 1.875 6.561 5.072 8.814 12.152 17.876 -999.250 -999.250 -999.250 -999.250 -999.250 -999.250 -999.250 -999.250 -999.250 -999.250 -999.250 -999.250 -999.250 -999.250 -999.250 -999.250 -999.250 -999.250 -999.250 -999.250 -999.250 -999.250 -999.250 -999.250 -999.250 -999.250 -999.250 -999.250 -999.250 -999.250 -999.250 -999.250 -999.250 -999.250 -999.250 -999.250 -999.250 -999.250 -999.250 -999.250 -999.250 -999.250 -999.250 -999.250 -999.250
39.090 43.737 37.544 34.304 31.401 30.008 21.195 24.132 21.456 17.857 19.074 18.612 16.142 11.167 2.860 2.744 1.050 0.730 2.433 1.091 7.509 5.739 -999.250 -999.250 -999.250 -999.250 -999.250 -999.250 -999.250 -999.250 -999.250 -999.250 -999.250 -999.250 -999.250 -999.250 -999.250 -999.250 -999.250 -999.250 -999.250 -999.250 -999.250 -999.250 -999.250 -999.250 -999.250 -999.250 -999.250 -999.250 -999.250 -999.250 -999.250 -999.250 -999.250 -999.250 -999.250 -999.250 -999.250 -999.250 -999.250 -999.250 -999.250 -999.250 -999.250 -999.250 -999.250
38.560 38.866 34.292 33.374 32.462 33.042 27.943 19.925 18.559 19.119 18.383 16.917 14.517 9.587 0.000 0.000 0.000 0.000 0.000 0.000 0.246 4.223 14.805 22.941 -999.250 -999.250 -999.250 -999.250 -999.250 -999.250 -999.250 -999.250 -999.250 -999.250 -999.250 -999.250 -999.250 -999.250 -999.250 -999.250 -999.250 -999.250 -999.250 -999.250 -999.250 -999.250 -999.250 -999.250 -999.250 -999.250 -999.250 -999.250 -999.250 -999.250 -999.250 -999.250 -999.250 -999.250 -999.250 -999.250 -999.250 -999.250 -999.250 -999.250 -999.250 -999.250 -999.250
37.760 35.849 29.711 33.250 27.433 23.267 25.494 23.882 23.359 27.335 19.921 20.827 22.355 12.403 4.111 0.088 0.000 0.000 0.000 0.000 2.365 1.905 12.114 23.852 44.361 -999.250 -999.250 -999.250 -999.250 -999.250 -999.250 -999.250 -999.250 -999.250 -999.250 -999.250 -999.250 -999.250 -999.250 -999.250 -999.250 -999.250 -999.250 -999.250 -999.250 -999.250 -999.250 -999.250 -999.250 -999.250 -999.250 -999.250 -999.250 -999.250 -999.250 -999.250 -999.250 -999.250 -999.250 -999.250 -999.250 -999.250 -999.250 -999.250 -999.250 -999.250 -999.250
38.094 33.837 33.328 28.407 30.788 30.537 29.212 24.133 21.209 25.670 20.111 25.704 21.311 14.650 10.332 7.771 0.254 0.340 0.543 6.815 5.963 14.181 14.283 30.719 68.650 -999.250 -999.250 -999.250 -999.250 -999.250 -999.250 -999.250 -999.250 -999.250 -999.250 -999.250 -999.250 -999.250 -999.250 -999.250 -999.250 -999.250 -999.250 -999.250 -999.250 -999.250 -999.250 -999.250 -999.250 -999.250 -999.250 -999.250 -999.250 -999.250 -999.250 -999.250 -999.250 -999.250 -999.250 -999.250 -999.250 -999.250 -999.250 -999.250 -999.250 -999.250 -999.250
41.236 37.862 30.647 32.647 32.323 29.614 24.611 20.802 23.476 25.772 22.465 26.159 23.174 16.606 11.631 9.556 1.653 4.923 5.086 14.434 20.841 26.096 36.201 34.258 88.390 158.864 169.710 179.073 -999.250 -999.250 -999.250 -999.250 -999.250 -999.250 -999.250 -999.250 -999.250 -999.250 -999.250 -999.250 -999.250 -999.250 -999.250 -999.250 -999.250 -999.250 -999.250 -999.250 -999.250 -999.250 -999.250 -999.250 -999.250 -999.250 -999.250 -999.250 -999.250 -999.250 -999.250 -999.250 -999.250 -999.250 -999.250 -999.250 -999.250 -999.250 -999.250
40.289 35.118 38.900 34.283 36.752 37.437 30.952 31.670 26.849 22.681 22.911 23.559 19.126 15.668 10.277 9.474 6.159 10.074 17.649 24.284 38.047 54.941 68.273 103.716 168.250 187.225 209.658 230.099 216.620 -999.250 -999.250 -999.250 -999.250 -999.250 -999.250 -999.250 -999.250 -999.250 -999.250 -999.250 -999.250 -999.250 -999.250 -999.250 -999.250 -999.250 -999.250 -999.250 -999.250 -999.250 -999.250 -999.250 -999.250 -999.250 -999.250 -999.250 -999.250 -999.250 -999.250 -999.250 -999.250 -999.250 -999.250 -999.250 -999.250 -999.250 -999.250
