data/medianmodel_30-Jan-2021.asc
ncols	141
nrows	288
xllcorner	-120191.398
yllcorner	-301404.813
cellsize	2000.000
NODATA_value	-999.250
[rows 168 to 195 of 288, columns 0 to 62 of 141]
-999.250 -999.250 -999.250 -999.250 -999.250 1902.870 1904.454 1848.293 1853.853 1793.327 1771.994 1684.707 1661.646 1639.693 1542.219 1575.474 1612.225 1525.194 1530.386 1615.021 1628.733 1685.365 1688.786 1739.077 1736.484 1735.543 1675.420 1585.591 1568.699 1572.626 1504.534 1489.349 1611.944 1624.540 1679.352 1692.961 1757.660 1721.920 1755.385 1743.620 1680.486 1659.887 1596.209 1561.142 1562.377 1565.074 1553.220 1512.259 1549.702 1510.968 1488.926 1452.208 1353.858 1306.748 1293.113 1257.789 1270.689 1214.586 1216.813 1178.573 1215.114 1119.287 1161.987
-999.250 -999.250 -999.250 -999.250 1886.610 1978.057 1913.329 1941.270 1860.206 1813.708 1786.609 1743.417 1700.653 1636.938 1636.530 1673.600 1629.710 1596.991 1607.393 1700.100 1672.908 1710.870 1809.946 1771.666 1786.346 1765.657 1730.390 1674.108 1617.853 1639.863 1603.225 1649.033 1729.135 1744.754 1747.355 1812.860 1921.597 1856.057 1838.447 1821.995 1700.265 1701.342 1702.013 1654.568 1624.341 1624.230 1613.652 1579.023 1516.658 1513.709 1449.777 1439.210 1419.027 1306.144 1302.913 1235.388 1232.701 1167.973 1150.635 1109.366 1061.934 1062.072 1045.565
-999.250 -999.250 -999.250 -999.250 1986.031 2007.473 2028.884 1951.603 1851.450 1866.944 1813.150 1788.763 1777.863 1764.927 1681.977 1700.055 1678.988 1662.422 1670.210 1770.757 1806.395 1808.978 1841.006 1891.357 1813.335 1819.904 1781.506 1810.371 1730.134 1756.299 1787.179 1759.911 1840.319 1862.453 1940.838 1989.243 1914.125 1906.583 1882.287 1919.121 1897.189 1773.089 1788.192 1683.800 1632.385 1633.542 1593.141 1598.710 1592.952 1505.189 1453.142 1507.366 1366.014 1288.475 1268.391 1220.005 1139.512 1113.122 1069.473 1068.855 1010.095 1002.069 989.870
-999.250 -999.250 -999.250 -999.250 2106.842 2039.449 2130.821 2003.520 1954.825 1897.173 1873.028 1853.907 1849.959 1798.585 1749.704 1716.115 1723.419 1744.461 1836.899 1864.940 1884.537 1937.440 1912.323 1929.631 1958.762 1921.295 1869.910 1861.452 1886.375 1878.185 1893.918 1905.875 2011.095 2033.130 2021.879 2040.523 2091.235 2051.873 1991.630 1972.000 1903.530 1851.390 1780.788 1745.445 1725.355 1685.647 1661.468 1592.682 1529.497 1524.772 1510.142 1449.231 1316.845 1304.388 1252.866 1207.070 1114.145 1050.296 1023.587 1015.942 953.908 900.581 909.939
-999.250 -999.250 -999.250 -999.250 2218.262 2128.578 2120.125 2037.031 2022.187 1932.671 1919.524 1925.121 1788.004 1803.809 1767.410 1737.797 1735.500 1824.184 1867.846 1905.038 1928.532 1976.794 1994.709 2012.401 2045.425 1991.950 2022.512 1940.223 1911.347 1937.842 1982.523 1989.356 2066.807 2145.161 2192.945 2239.962 2217.998 2157.939 2095.312 2018.069 1964.660 1844.243 1843.213 1774.141 1746.058 1760.672 1709.499 1580.517 1530.073 1495.171 1454.725 1378.639 1253.191 1233.074 1197.297 1151.974 1111.816 1033.072 1002.654 957.449 899.557 881.030 846.244
-999.250 -999.250 -999.250 -999.250 2143.567 2186.125 2176.209 2080.121 2043.156 2001.442 1978.591 1963.048 1896.338 1864.762 1802.759 1748.859 1727.537 1842.252 1920.357 1989.618 2015.830 2067.869 2049.752 2092.645 2049.010 2065.856 2044.308 2008.295 2042.248 2033.879 2031.914 2141.672 2165.343 2203.192 2197.714 2274.682 2222.999 2185.103 2105.768 2093.454 1994.012 1955.277 1863.049 1881.613 1776.003 1798.380 1715.524 1667.750 1578.745 1452.656 1428.067 1340.764 1251.967 1238.683 1155.445 1079.952 1044.065 1003.933 983.182 889.631 856.293 876.322 843.486
-999.250 -999.250 -999.250 -999.250 2186.674 2266.008 2268.105 2191.951 2143.583 2052.354 2036.400 2017.401 2021.086 1971.880 1870.699 1863.293 1900.872 1971.125 2023.114 2076.304 2114.827 2171.957 2095.741 2118.043 2169.535 2044.320 2031.522 2042.416 2080.730 2059.313 2158.468 2107.894 2197.560 2194.243 2238.276 2256.042 2260.004 2220.321 2157.901 2115.859 2088.377 1969.898 1952.188 1900.377 1843.393 1776.947 1714.115 1657.287 1581.602 1510.615 1401.243 1331.437 1279.779 1259.392 1116.792 1043.265 999.583 960.070 899.425 869.550 865.758 863.414 841.266
-999.250 -999.250 -999.250 -999.250 2192.276 2281.172 2253.426 2300.171 2204.539 2203.883 2042.657 2053.454 2096.008 1956.966 1949.074 1949.299 2004.433 2066.811 2085.850 2103.289 2132.036 2193.511 2200.820 2137.990 2200.796 2148.153 2090.506 2104.734 2170.278 2115.040 2237.441 2210.999 2197.106 2226.244 2219.513 2245.036 2250.691 2248.173 2179.100 2091.638 2036.651 2009.853 1910.032 1900.515 1812.888 1776.033 1688.039 1645.480 1583.659 1524.413 1456.607 1303.725 1257.871 1173.051 1078.348 1014.465 947.042 867.000 861.032 893.959 858.464 871.579 850.532
-999.250 -999.250 -999.250 -999.250 2243.225 2287.506 2268.403 2327.391 2295.590 2215.793 2117.802 2127.658 2108.824 2090.870 2014.469 2037.471 2080.573 2104.660 2151.316 2228.979 2265.811 2241.622 2254.630 2215.357 2198.367 2159.460 2152.076 2146.972 2163.783 2194.657 2265.716 2225.776 2235.480 2267.247 2197.158 2248.292 2223.206 2243.156 2148.721 2138.251 2092.366 2024.961 1946.292 1894.568 1861.061 1858.203 1703.823 1680.051 1649.543 1521.240 1397.620 1305.257 1246.265 1179.023 1060.692 1013.846 940.842 821.653 848.245 885.599 873.887 882.544 851.351
-999.250 -999.250 -999.250 -999.250 2287.141 2308.332 2294.663 2255.369 2267.321 2247.913 2278.676 2199.911 2146.837 2121.854 2141.665 2155.685 2075.481 2149.987 2223.296 2260.980 2267.727 2255.293 2248.577 2275.588 2253.152 2289.921 2122.337 2193.524 2135.410 2137.837 2207.677 2207.624 2271.166 2226.586 2179.832 2161.576 2217.747 2228.776 2201.506 2089.490 2120.198 2084.780 1970.603 1881.716 1903.187 1821.514 1665.281 1656.867 1561.450 1576.772 1386.544 1290.928 1261.018 1167.439 1072.877 1016.108 951.749 925.741 898.814 896.008 888.809 902.988 857.867
-999.250 -999.250 -999.250 -999.250 2245.433 2268.145 2269.586 2224.365 2312.768 2302.768 2301.516 2249.286 2189.083 2135.169 2219.502 2222.076 2218.615 2181.752 2297.235 2329.421 2313.003 2349.320 2296.140 2263.205 2273.119 2209.324 2163.793 2123.373 2187.837 2151.947 2180.300 2238.197 2258.217 2195.757 2132.300 2217.709 2201.950 2231.648 2244.192 2159.346 2103.940 1993.396 1999.639 1899.581 1830.963 1780.316 1676.534 1667.934 1619.140 1553.210 1488.683 1357.841 1252.851 1186.300 1077.762 1004.437 981.929 954.977 936.399 943.042 974.251 926.156 905.832
-999.250 -999.250 -999.250 2271.026 2294.582 2255.370 2266.466 2310.152 2276.656 2386.663 2340.988 2304.324 2306.776 2204.173 2247.620 2259.924 2264.925 2275.697 2312.208 2285.110 2416.929 2331.534 2342.493 2304.735 2272.584 2224.246 2124.288 2225.282 2218.026 2133.688 2136.355 2135.654 2185.353 2238.279 2178.377 2218.270 2207.588 2230.660 2169.262 2143.847 2000.562 1994.288 1943.909 1886.075 1800.228 1720.459 1697.206 1618.006 1598.086 1537.410 1447.619 1404.213 1279.381 1206.583 1140.010 1102.165 1021.220 1002.211 973.460 988.764 992.983 972.630 959.663
-999.250 -999.250 -999.250 2253.111 2266.278 2277.160 2265.880 2298.852 2339.428 2343.789 2312.870 2324.930 2281.525 2265.404 2262.703 2282.298 2277.092 2271.773 2286.625 2263.699 2293.891 2342.277 2292.220 2295.792 2206.981 2189.435 2181.859 2213.341 2165.913 2203.729 2200.664 2109.719 2140.978 2189.746 2193.741 2126.558 2220.436 2133.296 2066.897 2024.472 1955.363 1959.210 1955.020 1912.039 1837.222 1764.119 1724.542 1708.343 1577.527 1564.239 1462.526 1335.174 1312.671 1259.208 1133.325 1077.213 1060.860 1049.958 991.885 1023.323 1019.943 1037.810 980.949
-999.250 -999.250 -999.250 2257.874 2230.847 2307.388 2272.012 2316.271 2384.353 2352.147 2311.414 2319.574 2332.512 2286.860 2280.908 2305.742 2335.428 2217.665 2280.476 2274.397 2301.352 2293.362 2299.734 2228.920 2228.572 2171.736 2167.154 2200.366 2149.755 2169.678 2144.217 2140.156 2175.734 2113.505 2113.394 2096.336 2087.340 2092.618 2029.192 1940.686 1876.659 1889.436 1873.821 1865.244 1849.972 1746.019 1708.917 1636.542 1578.392 1557.012 1403.235 1394.762 1306.882 1289.236 1185.139 1139.191 1073.734 1089.121 1058.087 1094.857 1068.163 1068.093 1062.544
-999.250 -999.250 2126.845 2176.327 2218.403 2251.470 2241.075 2306.541 2331.268 2358.192 2349.659 2337.243 2373.072 2330.835 2310.405 2335.540 2334.621 2292.843 2259.160 2286.776 2257.090 2224.157 2209.613 2188.108 2082.253 2070.726 2101.525 2141.487 2204.723 2145.762 2108.974 2123.455 2091.849 2080.413 2020.744 2065.477 2059.612 2011.865 1968.924 1915.105 1893.247 1845.355 1793.218 1804.840 1689.855 1647.162 1622.791 1595.338 1571.709 1594.006 1480.618 1395.853 1326.555 1294.871 1227.831 1153.684 1111.509 1086.114 1126.216 1140.170 1125.766 1113.671 1122.353
-999.250 -999.250 2180.303 2207.985 2220.405 2273.181 2280.172 2286.563 2311.595 2363.114 2366.413 2414.194 2369.324 2382.694 2371.739 2345.724 2280.766 2286.449 2282.723 2185.129 -999.250 2147.132 2169.283 2134.719 2076.427 2080.109 2112.485 2128.452 2109.036 2143.651 2035.837 2048.934 2055.101 2034.792 2022.099 2022.284 1962.568 1974.329 1935.623 1852.673 1879.594 1820.964 1772.173 1720.330 1697.404 1637.428 1568.480 1513.769 1530.597 1510.840 1412.865 1394.780 1291.438 1249.957 1235.916 1191.405 1180.289 1146.948 1162.626 1150.864 1121.469 1136.432 1158.861
-999.250 2092.246 2185.448 2235.100 2240.224 2238.074 2263.668 2381.444 2366.659 2348.088 2355.778 2418.325 2400.724 2383.735 2372.452 2313.896 2266.867 2280.664 2259.863 -999.250 -999.250 2072.512 2046.803 2014.848 2034.844 2002.352 2072.754 2021.671 2074.593 2053.572 2083.785 2028.020 2003.065 1990.008 1984.868 1947.214 1943.419 1960.228 1858.534 1782.368 1791.057 1765.018 1766.399 1704.807 1582.447 1610.679 1537.992 1539.661 1539.343 1530.190 1399.313 1378.725 1304.125 1308.268 1237.431 1210.823 1222.712 1191.412 1164.747 1143.867 1144.566 1178.814 1186.260
-999.250 2040.525 2146.525 2157.369 2182.342 2222.673 2310.729 2343.759 2397.049 2402.969 2399.311 2442.261 2422.264 2428.747 2458.368 2347.726 2266.717 2213.268 -999.250 -999.250 -999.250 -999.250 1966.100 1961.923 1967.313 1962.790 1967.468 1983.681 2015.507 2032.442 2084.285 2039.609 1953.448 1962.900 1978.525 1929.725 1902.377 1862.490 1827.528 1776.175 1734.519 1727.102 1772.918 1661.096 1594.019 1509.424 1508.743 1438.311 1516.433 1446.082 1362.338 1318.128 1345.214 1358.283 1280.316 1301.404 1186.148 1188.635 1204.199 1193.551 1177.607 1186.753 1184.563
1969.133 2067.757 2109.580 2092.741 2146.829 2116.892 2278.962 2319.032 2367.950 2440.457 2363.323 2352.865 2357.866 2389.984 2374.642 2298.387 2258.649 2162.415 -999.250 -999.250 -999.250 -999.250 -999.250 1886.527 1935.116 1909.176 1939.921 2000.988 1927.509 1943.399 1922.274 1924.533 1955.173 1923.734 1949.390 1916.001 1916.570 1897.376 1788.197 1758.024 1776.527 1677.486 1675.279 1588.126 1483.657 1487.167 1458.196 1378.436 1413.469 1389.945 1319.410 1393.373 1371.671 1302.796 1336.145 1276.574 1242.485 1215.282 1246.416 1172.243 1264.469 1216.608 1231.125
-999.250 2000.056 1984.332 2042.751 2035.894 2037.001 2189.150 2230.560 2320.448 2349.985 2331.712 2285.318 2225.348 2300.207 2348.406 2258.396 2230.454 2101.117 -999.250 -999.250 -999.250 -999.250 1894.960 1812.297 1827.549 1895.540 1856.428 1869.557 1841.361 1907.610 1882.095 1908.723 1877.002 1902.908 1983.075 1928.656 1870.999 1864.025 1785.099 1777.076 1733.053 1669.181 1626.613 1525.975 1455.302 1375.002 1409.321 1442.853 1450.874 1370.492 1398.003 1333.465 1379.313 1326.724 1323.963 1355.589 1290.261 1300.212 1274.552 1274.819 1212.813 1236.851 1228.635
-999.250 1915.508 1881.420 1930.055 2000.621 2021.187 2170.223 2135.388 2230.741 2279.515 2243.183 2189.288 2165.233 2213.859 2265.253 2244.880 2163.819 2098.824 -999.250 -999.250 -999.250 1780.073 -999.250 1711.603 1737.171 1795.701 1806.492 1761.374 1832.221 1842.826 1842.149 1895.791 1871.520 1903.469 1862.790 1853.406 1802.302 1811.996 1739.637 1757.457 1715.653 1714.925 1593.030 1522.140 1385.667 1338.418 1324.249 1388.654 1426.132 1366.421 1391.830 1349.052 1343.815 1334.960 1424.676 1329.191 1298.833 1305.553 1291.259 1296.959 1254.882 1277.253 1253.581
-999.250 1786.963 1811.617 1859.347 1864.188 1941.042 2019.415 2091.319 2166.001 2189.241 2146.518 2125.557 2109.763 2233.174 2231.083 2188.821 2172.185 -999.250 -999.250 -999.250 -999.250 1617.664 1561.140 1582.675 1637.667 1679.367 1717.636 1771.279 1748.524 1811.821 1865.033 1884.385 1932.164 1962.349 1887.623 1865.105 1868.310 1824.591 1818.476 1810.867 1727.655 1670.859 1491.880 1396.783 1349.228 1325.219 1295.639 1342.995 1329.965 1322.537 1343.233 1306.642 1298.591 1416.792 1404.377 1377.598 1323.516 1340.895 1295.591 1299.649 1308.799 1225.144 1266.889
-999.250 1682.609 1713.789 1722.782 1848.284 1893.833 1919.422 2029.499 2077.318 2129.791 2090.119 2023.584 2113.264 2191.207 2122.788 2158.247 2098.890 -999.250 -999.250 -999.250 1712.320 1584.165 1423.265 1548.107 1638.993 1745.373 1761.052 1750.375 1758.730 1851.171 1873.410 1892.535 1907.722 1879.029 1894.170 1823.925 1842.816 1815.035 1869.970 1748.701 1689.236 1621.611 1502.632 1365.053 1316.092 1249.146 1261.133 1290.009 1343.265 1313.304 1295.105 1425.948 1405.948 1386.035 1438.544 1421.015 1376.138 1349.371 1340.309 1309.479 1303.793 1278.309 1318.929
-999.250 -999.250 -999.250 1677.231 -999.250 -999.250 1920.109 1974.857 1998.552 -999.250 -999.250 -999.250 2062.219 2133.859 -999.250 -999.250 -999.250 -999.250 -999.250 -999.250 1789.608 1638.895 1596.793 1639.261 1741.009 1818.686 1869.683 1857.765 1914.538 1951.205 1965.139 1959.771 1953.043 1943.772 1921.981 1829.380 1859.302 1805.910 1813.944 1832.609 1721.548 1626.171 1529.248 1319.265 1263.925 1177.862 1170.640 1268.283 1313.407 1357.279 1399.071 1469.687 1412.711 1408.661 1471.988 1440.958 1431.658 1373.614 1315.033 1379.421 1293.731 1351.732 1380.569
-999.250 -999.250 -999.250 -999.250 -999.250 -999.250 -999.250 -999.250 -999.250 -999.250 -999.250 -999.250 -999.250 2055.842 2112.627 2090.576 -999.250 -999.250 -999.250 1900.572 1798.333 1755.870 1735.766 1775.889 1859.594 1986.015 2001.896 2021.064 2048.972 2017.565 1977.133 1995.897 1950.141 2051.272 1923.289 1866.027 1871.560 1861.586 1816.900 1749.798 1733.150 1639.283 1475.078 1337.300 1207.660 1075.078 1151.584 1247.086 1313.444 1348.253 1375.385 1415.421 1486.036 1492.944 1475.998 1550.394 1486.279 1452.880 1400.397 1375.422 1371.872 1350.681 1312.795
-999.250 -999.250 -999.250 -999.250 -999.250 -999.250 -999.250 -999.250 -999.250 -999.250 -999.250 1964.808 1998.463 2026.727 2042.051 2074.078 -999.250 -999.250 1990.540 1957.497 1845.922 1813.103 1791.585 1890.434 1997.577 2119.194 2250.313 2171.321 2227.393 2188.284 2059.518 2099.861 2046.383 2041.370 1943.375 1935.396 1951.085 1881.917 1757.279 1746.121 1629.519 1630.273 1417.199 1373.849 1262.496 1174.721 1206.361 1267.273 1376.819 1389.203 1393.541 1419.290 1483.691 1487.789 1496.117 1534.005 1533.841 1482.719 1427.432 1399.901 1391.285 1307.916 1345.516
-999.250 -999.250 -999.250 -999.250 -999.250 -999.250 -999.250 -999.250 -999.250 -999.250 -999.250 2030.975 2027.485 2053.239 2064.707 2036.218 2036.892 1998.994 1998.845 1954.007 1902.915 1878.678 1913.870 1963.059 2120.010 2307.349 2374.395 2363.628 2316.706 2288.537 2283.002 2189.731 2144.945 2120.776 1990.718 2042.311 2065.220 1893.022 1839.913 1809.955 1681.986 1615.147 1541.527 1437.042 1357.008 1320.914 1325.749 1349.289 1411.655 1413.493 1462.798 1459.063 1482.466 1478.120 1505.034 1539.640 1559.090 1499.914 1474.269 1393.003 1402.832 1406.801 1296.933
-999.250 -999.250 -999.250 -999.250 -999.250 -999.250 -999.250 -999.250 -999.250 -999.250 -999.250 -999.250 2021.043 2063.735 2060.795 1995.601 2033.359 2005.648 2028.298 2017.796 2004.457 2000.408 2029.727 2129.646 2218.592 2330.450 2393.407 2397.087 2355.072 2394.445 2361.513 2237.923 2200.248 2213.484 2157.535 2094.985 2052.443 2005.283 1896.381 1801.037 1777.139 1707.450 1653.464 1572.147 1502.141 1485.024 1435.985 1461.789 1408.568 1434.089 1534.452 1497.335 1476.845 1542.178 1509.316 1513.760 1523.222 1525.025 1482.898 1390.424 1381.910 1409.938 1308.846
