data/medianmodel_14-May-2020.asc
ncols	141
nrows	288
xllcorner	-120191.398
yllcorner	-301404.813
cellsize	2000.000
NODATA_value	-999.250
[rows 62 to 92 of 288, columns 69 to 137 of 141]
11.856 12.017 7.717 4.048 0.449 0.000 0.000 2.975 6.155 8.251 12.186 14.382 16.534 18.912 15.052 14.096 10.573 8.090 5.482 1.612 0.984 0.580 0.000 0.000 0.000 0.656 1.166 1.761 5.671 5.987 8.829 12.542 11.780 8.842 10.325 8.532 6.245 7.599 5.709 7.225 4.939 -999.250 -999.250 -999.250 -999.250 -999.250 -999.250 -999.250 -999.250 -999.250 -999.250 -999.250 -999.250 -999.250 -999.250 -999.250 -999.250 -999.250 -999.250 -999.250 -999.250 -999.250 -999.250 -999.250 -999.250 -999.250 -999.250 -999.250 -999.250
11.848 13.082 7.954 4.208 0.123 0.000 0.000 3.008 7.740 10.144 13.134 14.674 20.050 30.814 21.197 16.179 14.890 11.768 8.497 4.812 3.009 0.329 0.000 0.000 0.000 0.000 0.000 0.000 0.801 3.997 7.237 9.809 9.360 9.223 10.585 11.513 12.036 8.809 6.154 7.591 6.345 3.467 -999.250 -999.250 -999.250 -999.250 -999.250 -999.250 -999.250 -999.250 -999.250 -999.250 -999.250 -999.250 -999.250 -999.250 -999.250 -999.250 -999.250 -999.250 -999.250 -999.250 -999.250 -999.250 -999.250 -999.250 -999.250 -999.250 -999.250
12.213 9.569 7.169 4.101 0.358 0.000 1.527 5.222 7.570 11.608 11.971 16.506 23.074 26.628 22.684 18.634 15.656 14.224 7.558 5.593 5.793 2.931 0.000 0.000 0.000 0.000 0.000 0.000 0.000 1.339 4.683 5.318 7.591 8.589 11.855 13.157 8.940 10.427 8.117 7.713 4.961 3.398 1.510 -999.250 -999.250 -999.250 -999.250 -999.250 -999.250 -999.250 -999.250 -999.250 -999.250 -999.250 -999.250 -999.250 -999.250 -999.250 -999.250 -999.250 -999.250 -999.250 -999.250 -999.250 -999.250 -999.250 -999.250 -999.250 -999.250
12.396 11.643 7.106 3.158 0.727 0.351 3.820 5.208 11.400 11.768 13.436 14.738 22.603 22.556 19.974 21.260 18.517 13.183 12.401 9.085 6.080 2.939 0.000 0.000 0.000 0.000 0.000 0.000 0.000 3.067 2.465 4.971 6.649 7.530 9.958 11.386 9.054 11.816 5.844 4.462 3.049 1.610 1.938 -999.250 -999.250 -999.250 -999.250 -999.250 -999.250 -999.250 -999.250 -999.250 -999.250 -999.250 -999.250 -999.250 -999.250 -999.250 -999.250 -999.250 -999.250 -999.250 -999.250 -999.250 -999.250 -999.250 -999.250 -999.250 -999.250
10.527 11.190 8.017 4.596 1.186 2.162 3.553 7.099 5.509 11.165 12.590 15.305 22.669 20.135 17.322 17.817 18.239 16.466 12.740 13.018 11.667 4.615 3.541 0.000 0.000 0.000 0.000 0.000 0.000 0.627 4.724 3.952 7.537 8.815 10.293 7.247 8.326 8.897 6.184 3.248 1.273 0.000 0.000 2.221 -999.250 -999.250 -999.250 -999.250 -999.250 -999.250 -999.250 -999.250 -999.250 -999.250 -999.250 -999.250 -999.250 -999.250 -999.250 -999.250 -999.250 -999.250 -999.250 -999.250 -999.250 -999.250 -999.250 -999.250 -999.250
14.065 8.087 6.112 5.395 3.029 2.289 5.596 4.482 6.673 9.319 12.967 13.512 16.746 17.805 13.993 17.847 17.720 16.552 17.739 13.189 9.200 7.626 2.811 2.812 0.000 0.258 1.474 0.000 1.987 2.423 4.378 3.648 6.178 6.166 8.114 8.329 7.329 7.077 3.830 2.726 0.000 0.000 0.000 1.058 0.281 -999.250 -999.250 -999.250 -999.250 -999.250 -999.250 -999.250 -999.250 -999.250 -999.250 -999.250 -999.250 -999.250 -999.250 -999.250 -999.250 -999.250 -999.250 -999.250 -999.250 -999.250 -999.250 -999.250 -999.250
14.469 9.331 5.564 3.039 1.612 1.416 2.383 3.392 7.535 9.967 12.326 12.486 13.368 12.348 14.749 13.678 15.531 16.297 15.306 14.578 7.038 5.823 3.225 3.921 1.131 1.392 0.696 2.383 2.748 6.086 4.754 9.150 7.915 10.213 10.660 10.338 9.043 7.404 3.750 2.320 0.010 0.000 0.003 0.682 2.033 -999.250 -999.250 -999.250 -999.250 -999.250 -999.250 -999.250 -999.250 -999.250 -999.250 -999.250 -999.250 -999.250 -999.250 -999.250 -999.250 -999.250 -999.250 -999.250 -999.250 -999.250 -999.250 -999.250 -999.250
10.438 7.647 3.846 1.490 0.498 0.035 0.000 1.046 2.845 10.722 9.748 10.951 12.895 14.217 14.012 12.929 13.337 18.243 17.257 13.155 10.645 6.697 4.597 2.203 2.966 1.596 2.242 2.165 3.060 4.902 8.396 11.411 12.962 9.661 15.591 9.958 9.897 8.679 6.256 5.982 3.333 2.492 2.256 3.290 1.377 -999.250 -999.250 -999.250 -999.250 -999.250 -999.250 -999.250 -999.250 -999.250 -999.250 -999.250 -999.250 -999.250 -999.250 -999.250 -999.250 -999.250 -999.250 -999.250 -999.250 -999.250 -999.250 -999.250 -999.250
9.256 5.642 4.979 0.746 1.169 0.000 0.000 0.000 0.641 3.865 6.823 10.201 10.160 12.871 15.595 13.799 13.814 14.789 18.532 15.693 12.368 9.158 7.713 4.578 3.658 2.263 3.945 5.291 5.554 7.345 8.702 12.642 14.120 13.086 11.769 13.036 12.164 8.383 6.754 5.911 5.681 4.354 3.604 3.417 4.161 7.879 7.882 -999.250 -999.250 -999.250 -999.250 -999.250 -999.250 -999.250 -999.250 -999.250 -999.250 -999.250 -999.250 -999.250 -999.250 -999.250 -999.250 -999.250 -999.250 -999.250 -999.250 -999.250 -999.250
11.530 6.607 5.814 2.058 0.000 0.000 0.000 0.000 0.000 3.597 8.336 9.154 5.663 7.474 9.169 10.252 11.337 13.755 13.582 13.979 11.436 7.953 7.814 6.356 4.254 3.691 7.461 8.272 7.991 8.787 12.254 14.900 18.781 19.413 15.269 18.339 16.403 14.216 12.100 7.504 6.552 3.852 6.403 7.434 6.642 7.003 5.642 -999.250 -999.250 -999.250 -999.250 -999.250 -999.250 -999.250 -999.250 -999.250 -999.250 -999.250 -999.250 -999.250 -999.250 -999.250 -999.250 -999.250 -999.250 -999.250 -999.250 -999.250 -999.250
7.714 6.773 4.725 0.926 0.643 0.668 0.000 0.000 0.000 4.415 7.401 6.783 4.928 7.156 6.465 7.334 9.215 9.019 11.361 10.198 7.690 4.594 6.346 4.224 4.971 6.677 6.287 4.712 7.674 12.815 12.812 18.252 19.006 22.289 24.364 19.561 20.003 15.183 14.279 11.916 9.326 6.187 5.437 6.703 6.497 7.353 -999.250 -999.250 -999.250 -999.250 -999.250 -999.250 -999.250 -999.250 -999.250 -999.250 -999.250 -999.250 -999.250 -999.250 -999.250 -999.250 -999.250 -999.250 -999.250 -999.250 -999.250 -999.250 -999.250
9.314 4.566 5.022 2.955 1.597 1.941 2.383 1.984 4.052 4.757 4.721 6.929 5.207 6.050 6.956 4.655 5.888 7.282 6.498 8.720 9.015 3.342 4.009 2.126 1.415 3.551 3.338 7.068 11.147 12.950 15.501 18.495 21.183 21.497 25.490 23.447 19.329 17.397 14.939 12.877 10.092 9.528 7.198 3.653 6.447 5.089 -999.250 -999.250 -999.250 -999.250 -999.250 -999.250 -999.250 -999.250 -999.250 -999.250 -999.250 -999.250 -999.250 -999.250 -999.250 -999.250 -999.250 -999.250 -999.250 -999.250 -999.250 -999.250 -999.250
4.847 5.445 7.018 5.042 2.072 2.921 4.785 3.721 6.535 7.162 6.228 5.095 5.187 5.838 5.236 3.307 2.854 3.652 3.979 5.755 3.927 1.864 0.000 0.000 0.444 2.608 5.444 8.858 12.482 14.687 18.462 21.973 22.733 27.368 33.116 27.997 24.386 17.813 12.942 15.108 12.212 9.298 7.228 7.022 6.253 10.140 -999.250 -999.250 -999.250 -999.250 -999.250 -999.250 -999.250 -999.250 -999.250 -999.250 -999.250 -999.250 -999.250 -999.250 -999.250 -999.250 -999.250 -999.250 -999.250 -999.250 -999.250 -999.250 -999.250
7.714 6.700 7.530 6.300 4.211 6.112 4.453 5.167 7.073 4.965 5.657 6.138 4.815 4.255 2.179 0.804 0.115 0.520 1.421 2.073 1.999 0.660 0.000 0.000 0.000 1.836 4.528 11.184 10.381 15.954 18.772 19.194 23.577 27.784 30.829 35.248 24.227 19.404 15.749 12.993 12.593 9.746 7.877 8.571 7.840 8.611 -999.250 -999.250 -999.250 -999.250 -999.250 -999.250 -999.250 -999.250 -999.250 -999.250 -999.250 -999.250 -999.250 -999.250 -999.250 -999.250 -999.250 -999.250 -999.250 -999.250 -999.250 -999.250 -999.250
5.096 4.472 5.976 6.624 3.466 6.224 3.892 5.154 8.063 8.252 5.703 6.092 3.857 2.519 0.068 0.000 0.000 0.000 0.000 0.000 0.000 0.000 0.000 0.000 0.000 0.960 5.490 10.385 13.221 15.896 19.603 19.268 22.900 24.796 23.207 27.279 23.944 22.998 16.680 14.118 10.676 6.352 6.075 6.991 6.509 5.584 -999.250 -999.250 -999.250 -999.250 -999.250 -999.250 -999.250 -999.250 -999.250 -999.250 -999.250 -999.250 -999.250 -999.250 -999.250 -999.250 -999.250 -999.250 -999.250 -999.250 -999.250 -999.250 -999.250
5.234 4.463 4.491 4.895 4.975 5.901 6.262 5.370 8.636 8.774 5.729 4.974 3.962 1.355 0.000 0.000 0.000 0.000 0.000 0.000 0.000 0.000 0.000 0.000 0.000 0.419 3.776 6.062 11.509 12.250 14.867 15.097 18.769 20.844 20.609 20.682 19.792 19.808 16.689 13.429 10.980 9.418 6.526 5.356 5.530 6.759 -999.250 -999.250 -999.250 -999.250 -999.250 -999.250 -999.250 -999.250 -999.250 -999.250 -999.250 -999.250 -999.250 -999.250 -999.250 -999.250 -999.250 -999.250 -999.250 -999.250 -999.250 -999.250 -999.250
5.025 5.053 3.205 4.186 5.208 6.066 5.856 7.109 7.995 8.309 5.250 3.705 1.613 0.000 0.000 0.000 0.000 0.000 0.000 0.000 0.000 0.000 0.000 0.000 0.000 1.907 4.239 7.891 11.007 13.307 14.993 15.290 18.477 18.930 14.601 21.011 17.217 17.820 17.457 12.510 10.362 9.841 4.159 3.204 3.516 2.128 -999.250 -999.250 -999.250 -999.250 -999.250 -999.250 -999.250 -999.250 -999.250 -999.250 -999.250 -999.250 -999.250 -999.250 -999.250 -999.250 -999.250 -999.250 -999.250 -999.250 -999.250 -999.250 -999.250
3.920 4.336 6.027 4.152 3.800 4.681 4.456 4.192 2.578 5.200 1.975 0.000 0.000 0.000 0.000 0.000 0.000 0.000 0.000 0.000 0.000 0.000 0.000 1.081 2.810 3.330 7.586 10.498 12.462 9.189 13.300 16.344 17.376 18.377 18.013 19.378 16.109 16.675 15.360 11.303 9.209 6.121 7.104 4.529 2.006 2.003 -999.250 -999.250 -999.250 -999.250 -999.250 -999.250 -999.250 -999.250 -999.250 -999.250 -999.250 -999.250 -999.250 -999.250 -999.250 -999.250 -999.250 -999.250 -999.250 -999.250 -999.250 -999.250 -999.250
2.721 4.959 5.814 3.989 4.161 6.272 6.202 2.319 3.146 0.000 0.000 0.000 0.000 0.000 0.000 0.000 0.000 0.000 0.000 0.000 0.000 0.000 0.000 0.000 2.640 3.399 5.405 6.745 9.481 13.660 11.790 12.172 14.468 17.229 17.673 14.777 15.313 13.100 12.844 10.447 9.248 4.454 4.502 4.553 3.423 2.357 2.778 -999.250 -999.250 -999.250 -999.250 -999.250 -999.250 -999.250 -999.250 -999.250 -999.250 -999.250 -999.250 -999.250 -999.250 -999.250 -999.250 -999.250 -999.250 -999.250 -999.250 -999.250 -999.250
2.121 3.567 5.085 7.677 6.468 4.928 7.343 4.860 0.735 0.000 0.000 0.000 0.000 0.000 0.000 0.000 0.000 0.000 0.000 0.000 0.000 0.000 0.000 0.000 0.368 4.409 5.963 6.714 5.874 9.025 12.912 10.968 14.627 14.724 14.143 15.762 13.725 14.336 12.570 11.854 7.929 5.234 3.415 3.196 3.431 3.819 2.343 -999.250 -999.250 -999.250 -999.250 -999.250 -999.250 -999.250 -999.250 -999.250 -999.250 -999.250 -999.250 -999.250 -999.250 -999.250 -999.250 -999.250 -999.250 -999.250 -999.250 -999.250 -999.250
3.085 5.716 4.346 6.305 11.659 9.058 11.528 8.883 5.542 1.392 0.000 0.000 0.000 0.000 0.000 0.000 0.000 0.000 0.000 0.000 0.000 0.000 0.000 0.000 1.059 3.184 5.279 6.659 7.878 8.070 11.856 11.047 13.740 13.623 13.666 13.206 12.285 10.428 10.768 6.507 3.888 2.283 4.267 4.014 2.151 1.139 0.678 -999.250 -999.250 -999.250 -999.250 -999.250 -999.250 -999.250 -999.250 -999.250 -999.250 -999.250 -999.250 -999.250 -999.250 -999.250 -999.250 -999.250 -999.250 -999.250 -999.250 -999.250 -999.250
3.979 3.340 8.178 10.335 12.722 13.944 15.554 11.717 11.478 4.975 2.946 1.655 0.808 0.000 0.000 0.000 0.000 0.000 0.000 0.000 0.000 0.000 0.000 1.722 1.712 2.572 7.128 7.724 7.244 9.863 13.084 14.494 13.510 12.030 14.473 14.305 9.130 6.268 6.522 5.841 4.025 1.347 2.375 0.164 0.000 0.000 0.507 -999.250 -999.250 -999.250 -999.250 -999.250 -999.250 -999.250 -999.250 -999.250 -999.250 -999.250 -999.250 -999.250 -999.250 -999.250 -999.250 -999.250 -999.250 -999.250 -999.250 -999.250 -999.250
7.329 6.274 10.251 13.516 15.450 19.380 14.775 15.294 13.228 12.508 5.064 7.627 3.804 0.363 0.000 0.000 0.000 0.000 0.000 0.000 0.000 0.000 0.000 1.214 4.194 3.826 6.341 8.466 7.901 10.990 10.714 12.360 12.694 9.753 13.791 11.654 8.613 6.967 4.097 4.033 4.916 1.993 2.382 0.144 0.000 0.000 -999.250 -999.250 -999.250 -999.250 -999.250 -999.250 -999.250 -999.250 -999.250 -999.250 -999.250 -999.250 -999.250 -999.250 -999.250 -999.250 -999.250 -999.250 -999.250 -999.250 -999.250 -999.250 -999.250
7.224 8.812 13.121 14.804 16.434 18.643 17.932 21.610 17.038 13.279 7.430 5.709 4.008 2.476 0.273 0.000 0.000 0.000 0.000 0.000 0.000 0.000 0.320 4.553 4.225 5.074 6.761 6.908 8.870 10.981 10.996 12.130 11.453 11.003 10.079 11.951 6.960 6.198 4.531 5.658 2.075 3.075 3.786 0.271 0.000 0.000 -999.250 -999.250 -999.250 -999.250 -999.250 -999.250 -999.250 -999.250 -999.250 -999.250 -999.250 -999.250 -999.250 -999.250 -999.250 -999.250 -999.250 -999.250 -999.250 -999.250 -999.250 -999.250 -999.250
6.792 11.762 13.501 14.926 16.044 20.487 20.035 20.758 16.514 13.719 8.914 8.489 5.315 1.071 0.073 0.000 0.000 0.000 0.000 0.952 1.691 3.164 2.141 3.094 6.528 9.098 7.719 8.956 11.228 12.267 13.525 11.561 12.398 11.712 11.001 11.205 10.446 7.991 7.242 5.985 3.336 1.619 1.679 1.964 0.908 -999.250 -999.250 -999.250 -999.250 -999.250 -999.250 -999.250 -999.250 -999.250 -999.250 -999.250 -999.250 -999.250 -999.250 -999.250 -999.250 -999.250 -999.250 -999.250 -999.250 -999.250 -999.250 -999.250 -999.250
9.749 11.264 13.942 17.148 19.022 19.599 16.052 17.519 16.454 13.179 6.053 7.674 7.449 2.157 1.199 0.034 0.000 0.000 2.594 1.925 1.419 0.752 3.134 5.502 6.647 7.014 8.836 10.507 10.951 11.861 15.573 12.321 11.505 10.432 10.066 11.361 9.621 7.558 6.627 7.569 4.264 3.498 1.373 1.373 1.766 -999.250 -999.250 -999.250 -999.250 -999.250 -999.250 -999.250 -999.250 -999.250 -999.250 -999.250 -999.250 -999.250 -999.250 -999.250 -999.250 -999.250 -999.250 -999.250 -999.250 -999.250 -999.250 -999.250 -999.250
9.035 11.274 13.181 16.276 18.244 15.136 17.185 15.338 14.785 12.427 8.247 7.714 4.240 1.169 0.859 2.429 1.296 1.561 4.722 3.531 3.039 3.297 5.560 6.452 8.260 9.385 9.414 12.108 15.397 14.179 11.919 12.428 11.422 8.443 9.736 11.868 10.405 7.621 7.753 4.464 2.832 4.075 4.273 4.653 3.240 2.183 2.113 -999.250 -999.250 -999.250 -999.250 -999.250 -999.250 -999.250 -999.250 -999.250 -999.250 -999.250 -999.250 -999.250 -999.250 -999.250 -999.250 -999.250 -999.250 -999.250 -999.250 -999.250 -999.250
9.467 10.582 15.415 16.199 16.475 16.714 15.950 16.245 12.768 10.224 7.356 4.392 1.324 0.000 0.000 0.000 0.601 2.595 2.575 5.540 5.896 5.510 5.788 6.111 6.513 8.784 11.637 10.419 14.064 13.236 13.763 13.831 12.805 12.991 9.959 13.155 7.397 6.554 8.175 8.136 4.475 4.858 5.938 3.281 1.573 4.746 5.228 -999.250 -999.250 -999.250 -999.250 -999.250 -999.250 -999.250 -999.250 -999.250 -999.250 -999.250 -999.250 -999.250 -999.250 -999.250 -999.250 -999.250 -999.250 -999.250 -999.250 -999.250 -999.250
6.621 9.136 14.067 15.217 18.208 18.019 14.309 14.553 12.051 8.973 6.366 1.619 0.209 0.000 0.000 0.000 1.652 2.697 1.495 3.285 4.170 5.558 9.058 9.072 6.455 9.881 12.619 13.046 12.483 13.698 12.375 10.637 13.094 11.097 9.943 6.294 9.207 5.066 5.355 9.033 4.631 6.050 5.895 4.752 4.857 4.975 4.483 -999.250 -999.250 -999.250 -999.250 -999.250 -999.250 -999.250 -999.250 -999.250 -999.250 -999.250 -999.250 -999.250 -999.250 -999.250 -999.250 -999.250 -999.250 -999.250 -999.250 -999.250 -999.250
9.216 11.761 13.775 18.258 14.072 15.234 16.173 10.306 10.939 8.624 5.613 3.475 0.000 0.000 0.000 0.000 0.000 2.232 2.093 2.023 3.914 7.100 8.650 9.133 10.055 10.704 12.256 12.256 11.889 10.117 10.920 9.251 8.856 11.523 9.733 5.672 5.719 6.311 5.622 4.601 4.570 5.350 6.200 7.842 3.972 4.838 -999.250 -999.250 -999.250 -999.250 -999.250 -999.250 -999.250 -999.250 -999.250 -999.250 -999.250 -999.250 -999.250 -999.250 -999.250 -999.250 -999.250 -999.250 -999.250 -999.250 -999.250 -999.250 -999.250
7.701 12.359 15.881 17.963 14.781 14.612 15.443 9.102 9.487 8.155 4.672 1.390 0.000 0.000 0.000 0.000 0.000 0.267 0.515 5.888 4.842 6.163 6.796 8.242 7.466 11.280 10.302 11.773 13.175 12.161 9.601 9.506 10.949 10.505 9.904 7.078 6.946 6.723 5.033 5.768 4.883 3.445 6.256 4.114 3.469 4.608 -999.250 -999.250 -999.250 -999.250 -999.250 -999.250 -999.250 -999.250 -999.250 -999.250 -999.250 -999.250 -999.250 -999.250 -999.250 -999.250 -999.250 -999.250 -999.250 -999.250 -999.250 -999.250 -999.250
