data/medianmodel_06-Apr-2020.asc
ncols	141
nrows	288
xllcorner	-120191.398
yllcorner	-301404.813
cellsize	2000.000
NODATA_value	-999.250
[rows 150 to 179 of 288, columns 0 to 67 of 141]
-999.250 -999.250 -999.250 -999.250 -999.250 -999.250 -999.250 -999.250 -999.250 -999.250 -999.250 -999.250 8.998 9.346 8.305 10.763 11.748 14.551 14.381 12.839 19.468 22.128 23.454 25.024 29.931 33.878 33.621 31.583 31.284 35.994 32.835 28.534 31.659 34.884 36.564 29.557 28.790 24.607 31.477 29.590 22.179 19.617 16.252 11.748 2.648 0.948 2.245 4.399 8.715 8.718 8.908 7.869 10.800 14.819 14.713 17.482 17.739 18.568 21.307 19.332 18.476 20.355 20.852 16.845 15.680 15.293 12.346 12.357
-999.250 -999.250 -999.250 -999.250 -999.250 -999.250 -999.250 -999.250 -999.250 -999.250 -999.250 10.721 7.559 6.784 6.884 9.097 10.635 11.169 11.368 13.472 18.211 19.751 21.815 24.238 30.966 36.233 32.226 37.179 34.726 36.753 40.239 35.669 40.215 40.118 33.671 33.569 30.832 31.818 31.262 28.094 26.263 20.322 19.002 12.200 4.074 0.000 3.260 7.245 8.724 13.930 13.441 12.843 15.621 15.423 16.233 16.294 18.842 18.233 20.413 18.832 20.230 19.702 16.333 16.005 14.665 15.247 12.606 11.529
-999.250 -999.250 -999.250 -999.250 -999.250 -999.250 -999.250 -999.250 -999.250 -999.250 14.058 11.954 9.260 6.559 5.724 5.485 8.167 8.459 9.868 15.348 19.322 21.051 23.350 29.465 33.317 36.901 37.687 38.316 40.260 45.445 42.647 41.987 41.391 45.499 35.198 34.810 31.988 31.856 30.657 29.549 27.481 24.674 22.185 15.753 10.963 4.989 6.419 11.016 12.901 15.809 15.612 17.413 17.511 18.648 15.989 18.364 17.554 19.518 19.577 20.783 19.409 22.753 18.927 17.777 16.574 16.061 14.045 11.417
-999.250 -999.250 -999.250 -999.250 -999.250 -999.250 -999.250 -999.250 -999.250 16.921 16.274 12.900 10.378 7.419 2.478 0.000 3.592 10.389 10.472 11.558 18.750 21.499 20.472 27.536 34.554 40.946 41.582 40.826 43.592 44.552 42.097 45.500 47.518 39.577 36.366 38.660 36.739 35.538 34.474 28.835 25.363 25.263 24.069 15.675 13.590 10.175 10.245 14.157 16.901 18.578 18.324 16.950 17.656 18.874 17.074 18.053 18.621 16.901 19.933 23.331 20.793 23.940 21.461 18.687 15.478 14.523 15.680 14.206
-999.250 -999.250 -999.250 -999.250 -999.250 20.986 22.641 20.297 22.306 19.012 17.640 12.608 11.918 9.358 9.364 7.730 8.864 10.517 13.996 17.464 18.327 20.852 25.688 29.635 35.167 40.399 39.541 39.855 46.263 42.648 42.641 46.971 43.538 40.934 40.913 40.206 36.807 41.116 37.094 36.926 35.709 26.724 26.871 18.363 18.470 15.230 10.873 14.984 17.246 18.946 19.687 19.561 17.863 16.216 17.545 19.178 17.780 20.789 22.118 21.892 23.910 20.995 21.948 19.984 15.908 15.886 16.314 18.339
-999.250 -999.250 -999.250 -999.250 -999.250 -999.250 -999.250 20.978 22.027 19.201 20.492 19.515 15.677 13.498 13.619 12.834 15.274 13.817 17.165 16.990 20.459 24.545 24.887 32.090 33.518 39.256 38.633 42.091 46.069 42.133 44.734 42.745 52.823 51.527 41.624 43.403 42.089 43.559 45.765 49.650 37.177 33.732 29.421 23.643 21.912 21.176 19.777 20.110 19.699 20.676 19.430 20.189 20.708 20.380 20.815 20.640 21.477 22.544 21.946 20.074 24.555 23.117 20.089 21.706 18.951 18.288 17.908 16.550
-999.250 -999.250 -999.250 -999.250 -999.250 -999.250 -999.250 24.182 23.391 20.395 23.029 18.796 17.612 16.531 15.729 17.342 17.502 16.953 18.085 19.748 23.302 25.295 27.664 31.426 34.623 38.618 44.088 42.953 48.960 48.766 57.040 45.914 54.599 55.374 49.870 48.734 47.867 48.001 54.582 51.438 42.942 43.282 37.937 29.499 31.201 23.775 23.102 22.848 22.651 21.171 21.657 21.309 23.222 18.139 21.461 20.486 22.343 21.269 22.427 22.998 20.245 23.765 24.112 25.733 19.219 17.797 15.503 17.258
-999.250 -999.250 -999.250 -999.250 -999.250 -999.250 -999.250 23.772 22.936 22.882 21.823 23.798 23.582 16.596 18.950 22.296 21.516 19.893 22.354 25.445 26.676 27.296 27.528 27.195 32.662 37.204 34.645 52.606 49.277 55.039 51.909 59.122 57.738 55.610 53.834 54.939 51.353 48.519 51.301 56.222 47.569 52.857 47.681 37.417 29.790 31.287 29.173 26.134 28.293 26.751 22.805 23.153 24.443 24.584 23.964 22.060 24.922 23.962 24.166 26.478 25.274 24.551 20.463 23.374 21.567 16.888 16.493 13.628
-999.250 -999.250 -999.250 -999.250 -999.250 -999.250 -999.250 20.186 22.675 22.057 21.678 23.858 21.785 22.525 19.295 23.938 22.084 22.813 24.108 28.989 27.014 27.641 30.598 34.256 37.760 38.360 42.513 46.627 49.145 58.227 54.120 49.923 60.558 56.414 56.096 52.951 58.402 52.809 59.910 63.815 63.724 57.109 54.675 51.103 40.832 36.540 29.250 28.480 31.174 26.025 27.095 23.207 26.696 25.415 24.525 26.138 23.742 22.350 24.420 23.341 22.854 21.248 20.179 16.646 20.350 15.018 13.909 14.035
-999.250 -999.250 -999.250 -999.250 -999.250 -999.250 -999.250 -999.250 22.049 22.646 23.659 20.627 22.957 21.184 22.049 23.120 24.077 22.047 27.332 27.327 28.099 29.845 35.608 33.554 34.846 41.923 42.042 45.815 47.635 50.562 56.418 54.255 65.020 56.926 61.809 58.642 57.003 65.876 67.050 67.014 66.431 72.385 61.310 52.691 49.442 47.428 35.448 28.466 27.840 26.096 31.567 30.408 26.492 26.056 22.169 22.019 21.157 22.557 23.179 24.627 23.302 21.001 18.891 16.667 14.986 11.011 13.566 13.181
-999.250 -999.250 -999.250 -999.250 -999.250 -999.250 -999.250 -999.250 24.883 23.206 21.245 21.847 20.487 23.114 23.028 23.889 26.153 25.254 25.002 25.598 27.525 27.806 30.732 35.235 41.099 43.097 41.939 44.381 48.807 54.448 58.166 55.977 55.894 67.137 62.351 58.575 58.583 55.521 61.883 62.647 70.084 84.998 65.228 62.401 51.972 45.967 42.338 32.200 28.397 34.598 33.149 27.249 29.058 22.235 21.883 24.813 21.266 27.660 21.969 24.220 23.913 24.516 18.058 14.939 12.866 6.669 12.550 13.927
-999.250 -999.250 -999.250 -999.250 -999.250 -999.250 -999.250 24.177 24.111 25.358 26.721 25.875 29.569 26.165 23.673 27.192 28.289 25.827 26.356 27.653 31.417 27.328 30.212 33.361 47.042 45.534 48.247 41.411 49.874 39.178 44.573 49.617 72.609 63.372 56.601 56.236 55.729 53.741 59.932 67.102 69.275 70.705 65.643 58.112 53.051 51.420 54.283 38.418 33.833 31.702 33.565 29.777 26.411 23.718 21.220 20.930 23.014 23.850 20.828 22.765 19.808 21.168 20.428 15.811 12.287 8.865 10.512 11.880
-999.250 -999.250 -999.250 -999.250 -999.250 -999.250 -999.250 23.636 25.883 30.745 28.067 26.007 28.809 26.998 22.937 27.825 28.122 27.882 28.691 26.749 29.255 28.387 29.138 33.268 39.130 41.835 41.651 42.816 44.271 45.931 47.481 51.178 58.764 61.183 56.367 51.610 43.524 42.800 42.096 47.377 54.898 56.425 60.812 60.684 56.091 64.227 52.842 41.374 34.311 36.327 32.378 31.883 25.920 26.762 26.030 21.491 22.885 21.951 24.485 24.123 24.845 22.089 17.838 16.519 15.073 11.788 12.076 16.340
-999.250 -999.250 -999.250 -999.250 -999.250 -999.250 -999.250 30.531 27.803 29.348 28.547 28.147 25.946 27.888 24.608 28.918 30.572 25.992 29.421 29.365 28.907 30.122 29.435 30.767 33.221 35.905 44.715 37.285 42.094 49.184 46.974 50.446 55.487 58.385 58.462 43.728 35.403 31.533 26.612 35.621 48.600 49.136 55.894 57.309 55.125 55.020 51.568 42.281 36.088 33.863 34.023 32.846 28.368 28.243 21.476 22.312 23.528 23.496 26.220 27.360 25.118 20.809 20.147 19.240 16.712 14.537 14.358 17.823
-999.250 -999.250 -999.250 -999.250 -999.250 -999.250 -999.250 30.558 35.370 31.276 31.609 25.273 26.725 26.963 23.045 23.403 26.044 22.434 25.529 28.079 26.629 30.256 29.409 25.996 27.698 26.930 31.954 35.432 39.399 46.594 47.552 55.702 59.096 60.686 49.346 42.075 32.846 29.674 28.629 33.089 40.965 42.495 50.860 53.220 57.562 46.483 47.394 47.578 33.207 35.222 31.244 31.426 27.467 30.693 26.927 22.230 24.802 22.428 23.569 23.197 26.787 22.033 22.029 20.041 16.095 16.969 18.579 17.364
-999.250 -999.250 -999.250 -999.250 -999.250 -999.250 35.088 30.067 34.339 29.608 27.268 26.232 23.124 23.893 24.282 23.558 24.916 23.651 26.312 27.406 25.463 23.792 25.967 26.594 26.519 26.500 25.572 30.733 34.744 42.125 49.526 58.717 57.412 48.451 45.790 41.847 34.798 28.895 28.885 33.060 33.119 38.280 43.686 49.213 56.360 45.975 49.695 38.383 36.529 40.197 30.203 25.872 29.780 27.424 27.498 23.467 21.957 22.858 25.345 25.268 24.194 22.309 21.867 17.409 18.739 19.764 16.563 17.332
-999.250 -999.250 -999.250 -999.250 -999.250 -999.250 36.285 33.230 33.904 31.894 27.308 26.177 23.289 26.770 20.521 20.957 21.622 26.183 25.231 23.863 24.367 24.359 24.764 21.856 24.231 21.289 22.346 23.550 24.858 35.841 45.153 48.239 51.305 42.261 38.385 38.932 32.188 27.555 30.335 30.331 28.687 32.032 37.409 45.942 50.258 46.668 42.479 43.828 41.543 41.021 26.916 31.451 30.210 29.304 29.099 21.835 25.337 22.239 19.358 21.973 22.504 21.174 21.387 15.904 18.850 17.714 13.643 15.241
-999.250 -999.250 -999.250 -999.250 -999.250 34.513 29.486 33.849 32.495 35.386 29.276 27.525 26.046 24.931 21.699 21.759 20.309 21.234 22.221 23.603 25.828 24.294 22.643 18.540 18.689 18.150 16.145 13.207 23.112 32.502 37.240 42.181 44.420 38.822 37.636 30.554 33.657 28.838 27.928 28.599 29.851 30.637 33.343 40.813 44.393 51.017 44.115 41.400 43.591 39.906 33.537 31.838 28.870 27.475 23.345 24.177 26.418 21.142 21.944 21.593 19.646 20.961 16.948 15.087 14.972 16.904 15.074 12.754
-999.250 -999.250 -999.250 -999.250 -999.250 29.796 27.600 28.755 33.719 31.172 30.869 30.562 23.495 23.967 20.395 21.194 21.032 18.760 20.992 18.868 20.333 23.058 20.936 21.513 20.223 16.273 16.552 18.071 21.857 27.570 30.789 42.773 45.490 41.926 43.862 37.475 32.658 33.181 30.175 30.462 26.277 32.935 37.577 43.732 52.510 53.265 49.309 45.540 43.487 42.062 33.011 32.024 25.080 25.778 24.189 24.049 27.084 22.531 21.847 18.524 19.754 16.121 15.971 13.322 12.821 14.244 13.258 13.732
-999.250 -999.250 -999.250 -999.250 40.348 37.070 32.981 33.426 30.477 31.319 29.799 26.697 21.956 20.976 23.613 20.466 17.156 19.570 20.050 18.809 17.563 20.448 22.699 21.709 17.616 17.400 18.462 18.680 23.588 24.155 32.877 39.907 40.255 36.993 38.420 34.020 32.831 33.416 39.782 29.431 31.052 37.816 40.866 38.284 42.585 51.716 51.778 41.550 40.188 46.939 35.194 30.610 28.943 25.384 25.491 24.317 25.470 22.789 18.613 20.163 17.732 15.530 14.577 12.459 13.192 15.477 12.430 15.357
-999.250 -999.250 -999.250 -999.250 32.774 31.571 33.242 29.655 30.514 32.476 25.985 25.481 23.518 21.993 21.695 17.493 17.224 15.761 15.339 19.797 19.275 18.493 20.430 18.947 19.819 18.782 18.090 20.912 22.292 24.687 25.903 34.297 36.053 33.374 39.771 31.453 32.461 30.856 34.849 35.559 34.838 40.947 48.597 48.878 49.146 60.342 54.185 42.761 52.801 41.907 36.286 29.345 24.276 24.450 22.404 23.423 23.436 24.463 18.360 20.739 16.343 14.658 15.421 16.484 15.830 17.309 13.350 11.744
-999.250 -999.250 -999.250 -999.250 33.895 29.603 34.376 30.970 33.371 28.000 26.495 23.817 22.033 19.346 17.196 13.171 12.709 9.008 11.185 11.791 15.765 16.904 21.716 21.158 19.697 23.834 22.830 21.636 22.341 24.942 27.653 36.478 35.189 37.494 35.218 32.992 36.383 33.697 36.286 35.238 42.204 46.120 52.596 52.429 57.244 53.862 50.557 43.329 47.399 41.875 32.051 31.709 28.923 27.036 26.771 22.827 25.235 22.562 15.815 16.601 18.311 19.631 14.579 16.877 12.347 11.577 12.210 10.665
-999.250 -999.250 -999.250 -999.250 34.211 30.038 33.464 28.899 31.087 25.227 23.457 22.969 18.027 14.667 14.384 10.860 6.975 4.859 8.281 9.941 11.521 16.626 18.691 21.033 19.615 25.731 27.648 28.377 22.848 26.215 30.827 35.409 42.815 39.662 37.141 32.872 32.569 36.637 35.284 38.982 46.013 50.434 55.931 63.635 61.410 65.832 59.877 61.100 45.423 43.755 37.669 31.397 26.317 28.450 25.822 20.786 18.402 18.225 16.594 16.789 18.785 14.307 15.247 14.888 14.064 11.508 11.274 12.604
-999.250 -999.250 -999.250 -999.250 31.709 28.045 31.658 25.810 26.404 26.151 22.615 22.733 19.159 15.471 10.275 7.210 0.000 1.704 5.218 6.457 10.510 15.142 18.490 19.538 24.040 25.283 26.534 24.371 23.787 27.678 30.841 31.428 33.558 35.770 34.153 35.255 32.383 41.052 46.365 50.398 62.250 52.440 64.211 57.599 65.240 60.706 69.846 61.397 53.154 40.453 41.307 40.501 32.185 24.209 25.803 22.000 14.134 15.932 14.939 15.795 14.677 14.720 14.404 11.178 12.239 9.907 10.162 10.698
-999.250 -999.250 -999.250 -999.250 34.745 35.288 32.349 33.466 29.194 24.029 20.953 21.146 18.963 14.125 10.363 5.521 2.833 1.965 6.708 6.489 11.348 17.240 21.851 22.051 23.497 22.794 27.101 28.223 28.583 31.854 37.239 31.996 30.567 39.347 40.431 40.003 34.499 41.952 49.579 59.217 62.129 63.880 62.716 61.636 68.991 72.758 63.814 65.995 54.012 49.302 42.246 34.420 27.064 25.232 21.159 21.407 15.015 13.902 11.420 12.854 15.255 14.081 13.666 10.480 11.502 8.443 11.958 13.509
-999.250 -999.250 -999.250 -999.250 39.299 37.567 38.137 37.495 33.688 28.808 27.297 23.090 18.674 15.464 11.376 8.580 6.582 6.727 8.322 13.436 15.560 16.777 19.607 24.266 23.817 25.722 29.124 28.688 28.175 28.924 31.143 33.229 35.358 44.268 41.998 40.296 45.703 51.707 52.355 60.404 68.463 65.102 66.647 75.169 76.058 73.706 67.674 63.522 63.087 52.830 48.473 37.492 36.205 26.924 22.744 17.452 12.489 7.130 6.896 9.954 11.744 11.309 10.968 9.373 9.308 10.208 12.928 13.279
-999.250 -999.250 -999.250 -999.250 38.317 39.940 39.988 40.087 32.451 34.633 29.643 28.497 22.315 19.229 15.415 13.351 15.879 11.154 14.114 15.605 20.090 20.169 23.350 24.609 27.658 25.428 35.410 36.845 37.226 35.151 37.577 41.981 38.450 45.133 46.349 45.646 47.222 53.030 64.763 64.355 71.218 69.792 68.566 85.857 73.328 81.879 81.416 63.692 62.213 47.125 44.517 39.390 38.527 29.338 23.855 16.125 10.877 0.000 4.780 6.039 5.691 11.522 9.675 9.142 8.779 9.791 10.997 11.990
-999.250 -999.250 -999.250 -999.250 36.727 41.663 47.095 41.383 37.272 35.754 38.118 32.443 27.591 23.855 21.736 19.691 17.533 16.945 19.981 21.197 23.604 22.561 26.572 33.235 33.256 30.884 39.504 41.469 39.362 41.708 39.983 45.664 42.738 41.731 46.127 44.289 52.439 62.878 66.248 65.663 73.535 70.127 78.275 74.939 85.520 71.198 69.898 69.165 52.744 37.162 46.316 41.506 42.546 34.198 21.958 16.623 12.207 9.236 7.122 5.489 8.739 9.301 10.411 10.359 10.439 10.216 13.616 11.728
-999.250 -999.250 -999.250 -999.250 34.822 38.436 44.751 38.648 38.691 37.491 36.121 33.299 38.470 26.367 23.255 23.863 23.084 21.930 20.981 24.339 26.957 28.242 32.825 36.692 31.895 33.490 41.319 42.513 46.391 50.112 50.501 46.666 48.654 44.288 45.837 58.014 57.509 63.985 60.386 70.903 75.821 79.306 78.653 76.220 85.606 69.007 67.919 64.019 66.798 50.915 52.354 44.405 38.076 31.175 25.603 19.978 13.997 9.947 8.421 9.137 10.284 8.929 9.204 9.505 10.860 8.809 10.080 13.639
-999.250 -999.250 -999.250 35.506 40.662 46.576 40.010 47.999 43.564 41.942 38.565 36.175 35.940 30.712 29.133 29.960 28.770 33.056 29.672 30.066 32.404 34.163 34.076 32.665 37.090 40.765 41.619 43.389 55.470 59.399 49.279 57.302 51.777 46.386 52.769 58.341 50.437 56.838 64.921 63.338 67.567 77.968 76.063 72.594 71.729 67.658 62.739 61.531 53.714 50.536 51.612 40.763 34.966 33.382 23.502 20.374 15.789 12.498 13.071 11.394 9.703 8.446 11.771 9.873 7.742 10.576 11.663 12.748
