data/medianmodel_14-Nov-2020.asc
ncols	141
nrows	288
xllcorner	-120191.398
yllcorner	-301404.813
cellsize	2000.000
NODATA_value	-999.250
[rows 174 to 202 of 288, columns 65 to 129 of 141]
282.347 284.068 287.005 257.478 235.418 238.766 230.694 233.634 242.075 233.733 226.581 212.910 235.378 253.010 247.984 274.418 296.188 338.994 346.831 400.045 439.491 441.101 476.690 496.115 524.175 540.341 604.135 585.562 597.784 573.870 552.944 560.662 511.775 509.196 509.050 473.687 446.228 409.210 404.087 370.021 378.899 353.581 371.258 332.335 318.062 -999.250 -999.250 -999.250 -999.250 -999.250 -999.250 -999.250 -999.250 -999.250 -999.250 -999.250 -999.250 -999.250 -999.250 -999.250 -999.250 -999.250 -999.250 -999.250 -999.250
285.121 269.195 270.666 258.846 247.569 249.046 232.081 244.554 255.164 253.374 270.790 252.958 237.396 255.597 273.094 285.618 313.908 327.439 367.053 420.298 427.928 447.159 465.756 484.583 490.350 510.172 519.429 509.855 511.556 538.683 547.339 521.647 488.789 521.849 506.857 454.196 428.972 394.158 351.647 380.133 355.297 335.534 346.570 349.785 -999.250 -999.250 -999.250 -999.250 -999.250 -999.250 -999.250 -999.250 -999.250 -999.250 -999.250 -999.250 -999.250 -999.250 -999.250 -999.250 -999.250 -999.250 -999.250 -999.250 -999.250
300.124 298.614 309.998 267.534 286.033 258.753 247.374 264.419 245.380 264.835 248.750 241.363 267.673 278.559 271.986 297.938 345.675 373.497 358.033 414.266 416.592 433.879 438.852 452.982 477.032 521.583 519.671 498.146 520.252 566.870 517.506 502.445 477.681 471.968 463.442 443.220 427.864 378.004 380.347 369.450 308.420 344.086 330.263 308.098 -999.250 -999.250 -999.250 -999.250 -999.250 -999.250 -999.250 -999.250 -999.250 -999.250 -999.250 -999.250 -999.250 -999.250 -999.250 -999.250 -999.250 -999.250 -999.250 -999.250 -999.250
305.780 321.767 318.191 289.305 278.627 271.507 275.298 269.927 269.080 268.889 264.831 295.173 283.720 300.648 317.055 340.602 376.638 384.342 390.367 375.761 391.534 388.356 431.661 445.584 469.390 447.985 459.349 492.679 487.005 532.275 509.543 464.878 453.081 439.270 452.002 440.128 425.374 397.159 358.933 338.194 327.585 331.423 303.839 -999.250 -999.250 -999.250 -999.250 -999.250 -999.250 -999.250 -999.250 -999.250 -999.250 -999.250 -999.250 -999.250 -999.250 -999.250 -999.250 -999.250 -999.250 -999.250 -999.250 -999.250 -999.250
305.193 308.486 296.371 285.365 274.814 266.276 261.531 264.471 295.017 276.061 296.881 320.682 339.029 343.154 364.982 365.457 376.739 392.447 409.259 415.194 380.211 389.791 372.883 406.740 401.036 422.155 428.618 477.053 451.233 459.058 475.379 470.359 460.116 453.596 411.567 400.354 364.393 385.396 313.037 327.764 315.098 287.485 264.389 -999.250 -999.250 -999.250 -999.250 -999.250 -999.250 -999.250 -999.250 -999.250 -999.250 -999.250 -999.250 -999.250 -999.250 -999.250 -999.250 -999.250 -999.250 -999.250 -999.250 -999.250 -999.250
282.596 274.120 269.016 276.613 278.332 259.540 263.199 292.615 275.267 282.023 286.580 319.057 348.029 346.193 376.580 383.232 386.573 430.088 416.063 404.426 376.684 369.582 380.611 340.963 353.258 359.211 391.996 406.252 400.609 443.995 436.345 447.269 452.324 436.803 415.619 364.477 360.364 333.690 326.541 301.864 308.661 266.783 -999.250 -999.250 -999.250 -999.250 -999.250 -999.250 -999.250 -999.250 -999.250 -999.250 -999.250 -999.250 -999.250 -999.250 -999.250 -999.250 -999.250 -999.250 -999.250 -999.250 -999.250 -999.250 -999.250
273.632 277.891 272.613 327.312 293.213 277.572 271.971 270.057 277.829 287.920 293.502 336.364 365.311 400.917 394.843 408.985 406.216 426.548 371.319 384.857 381.768 371.108 349.719 341.927 346.136 298.688 350.946 343.366 398.247 420.033 454.152 444.389 467.359 418.438 420.016 382.389 366.889 344.943 326.319 321.676 313.714 299.158 -999.250 -999.250 -999.250 -999.250 -999.250 -999.250 -999.250 -999.250 -999.250 -999.250 -999.250 -999.250 -999.250 -999.250 -999.250 -999.250 -999.250 -999.250 -999.250 -999.250 -999.250 -999.250 -999.250
284.860 281.580 283.206 286.654 314.712 272.919 277.259 277.170 288.957 333.400 337.941 353.733 368.846 385.171 403.692 419.278 419.470 393.933 403.306 391.864 367.397 314.248 303.947 294.305 281.508 291.784 280.051 304.642 361.395 409.403 424.074 456.118 437.687 405.347 402.453 353.050 328.985 305.187 307.081 296.769 277.148 264.228 -999.250 -999.250 -999.250 -999.250 -999.250 -999.250 -999.250 -999.250 -999.250 -999.250 -999.250 -999.250 -999.250 -999.250 -999.250 -999.250 -999.250 -999.250 -999.250 -999.250 -999.250 -999.250 -999.250
281.861 282.013 267.223 278.521 269.744 280.339 271.304 296.710 332.134 342.546 355.856 407.281 421.439 424.624 413.270 440.398 448.102 436.339 430.921 416.823 363.708 333.748 292.836 255.410 239.979 238.206 245.660 305.260 373.035 393.306 396.861 444.432 432.241 407.126 358.006 351.848 296.666 314.732 298.754 266.284 256.753 -999.250 -999.250 -999.250 -999.250 -999.250 -999.250 -999.250 -999.250 -999.250 -999.250 -999.250 -999.250 -999.250 -999.250 -999.250 -999.250 -999.250 -999.250 -999.250 -999.250 -999.250 -999.250 -999.250 -999.250
265.683 272.472 254.469 272.977 303.683 300.201 305.469 305.579 350.605 381.417 410.586 433.058 456.805 470.392 437.650 470.271 441.427 429.046 392.835 409.425 398.715 348.286 303.685 263.840 219.323 197.064 252.678 319.952 380.081 418.940 429.594 421.509 418.483 352.525 361.044 338.853 307.826 272.798 262.616 245.770 -999.250 -999.250 -999.250 -999.250 -999.250 -999.250 -999.250 -999.250 -999.250 -999.250 -999.250 -999.250 -999.250 -999.250 -999.250 -999.250 -999.250 -999.250 -999.250 -999.250 -999.250 -999.250 -999.250 -999.250 -999.250
237.870 245.982 239.100 265.716 283.528 299.090 333.029 337.185 384.745 395.505 404.167 447.041 450.307 452.112 462.130 457.676 449.873 451.160 436.222 436.731 410.732 341.246 301.274 281.510 223.181 118.765 270.510 371.633 413.790 432.775 431.288 419.483 385.231 383.949 351.298 333.215 299.350 301.352 277.140 252.774 -999.250 -999.250 -999.250 -999.250 -999.250 -999.250 -999.250 -999.250 -999.250 -999.250 -999.250 -999.250 -999.250 -999.250 -999.250 -999.250 -999.250 -999.250 -999.250 -999.250 -999.250 -999.250 -999.250 -999.250 -999.250
203.743 209.719 224.696 237.903 287.679 325.469 321.213 339.607 377.558 425.954 394.403 422.242 448.163 477.975 471.654 450.968 473.387 439.597 430.749 423.978 398.128 381.797 373.639 294.167 294.045 327.808 446.135 425.757 445.377 449.689 410.000 386.931 404.983 376.782 350.321 329.652 295.475 273.523 -999.250 -999.250 -999.250 -999.250 -999.250 -999.250 -999.250 -999.250 -999.250 -999.250 -999.250 -999.250 -999.250 -999.250 -999.250 -999.250 -999.250 -999.250 -999.250 -999.250 -999.250 -999.250 -999.250 -999.250 -999.250 -999.250 -999.250
144.429 174.097 212.360 240.548 263.239 299.512 270.703 338.971 372.078 375.273 384.597 377.087 433.675 505.389 495.691 477.301 478.403 455.592 438.688 446.545 455.278 392.349 378.843 379.712 408.256 465.791 587.774 512.843 466.476 457.606 432.649 417.764 392.447 383.735 322.936 313.976 277.949 -999.250 -999.250 -999.250 -999.250 -999.250 -999.250 -999.250 -999.250 -999.250 -999.250 -999.250 -999.250 -999.250 -999.250 -999.250 -999.250 -999.250 -999.250 -999.250 -999.250 -999.250 -999.250 -999.250 -999.250 -999.250 -999.250 -999.250 -999.250
72.171 137.663 207.912 236.080 246.679 244.290 300.417 319.488 376.223 387.533 437.914 441.603 444.972 475.465 502.348 493.767 498.436 488.171 454.913 461.020 435.105 442.502 434.564 418.148 459.857 481.858 519.451 488.626 467.644 442.639 406.985 368.107 342.024 325.364 314.839 268.930 -999.250 -999.250 -999.250 -999.250 -999.250 -999.250 -999.250 -999.250 -999.250 -999.250 -999.250 -999.250 -999.250 -999.250 -999.250 -999.250 -999.250 -999.250 -999.250 -999.250 -999.250 -999.250 -999.250 -999.250 -999.250 -999.250 -999.250 -999.250 -999.250
128.283 152.837 204.564 230.848 263.985 274.587 302.414 340.956 376.438 397.617 433.362 434.888 478.808 466.464 490.487 497.632 501.830 454.526 438.825 443.899 439.524 450.689 422.506 452.082 456.202 471.214 507.284 474.314 442.009 420.014 398.048 369.864 345.330 272.957 252.274 -999.250 -999.250 -999.250 -999.250 -999.250 -999.250 -999.250 -999.250 -999.250 -999.250 -999.250 -999.250 -999.250 -999.250 -999.250 -999.250 -999.250 -999.250 -999.250 -999.250 -999.250 -999.250 -999.250 -999.250 -999.250 -999.250 -999.250 -999.250 -999.250 -999.250
182.832 178.730 216.069 227.195 252.439 288.624 312.230 356.034 393.496 404.503 418.162 453.582 495.870 518.803 493.850 491.348 489.898 520.610 493.203 463.259 439.981 409.524 439.438 440.220 431.209 454.104 450.103 452.401 414.122 397.711 392.013 315.018 309.566 -999.250 -999.250 -999.250 -999.250 -999.250 -999.250 -999.250 -999.250 -999.250 -999.250 -999.250 -999.250 -999.250 -999.250 -999.250 -999.250 -999.250 -999.250 -999.250 -999.250 -999.250 -999.250 -999.250 -999.250 -999.250 -999.250 -999.250 -999.250 -999.250 -999.250 -999.250 -999.250
218.550 215.383 245.550 248.118 281.751 317.813 312.855 343.236 375.709 382.651 421.894 488.824 486.480 488.407 497.249 510.960 518.486 499.341 515.965 482.008 451.465 453.520 416.993 444.724 413.658 401.684 424.057 393.375 369.857 320.640 303.325 298.883 260.926 -999.250 -999.250 -999.250 -999.250 -999.250 -999.250 -999.250 -999.250 -999.250 -999.250 -999.250 -999.250 -999.250 -999.250 -999.250 -999.250 -999.250 -999.250 -999.250 -999.250 -999.250 -999.250 -999.250 -999.250 -999.250 -999.250 -999.250 -999.250 -999.250 -999.250 -999.250 -999.250
218.784 228.258 250.448 285.709 327.905 296.964 330.962 354.299 360.583 391.916 423.569 461.280 494.847 495.129 529.599 519.909 522.148 537.106 500.506 490.132 472.838 451.044 418.548 385.227 373.188 361.290 318.711 322.004 283.226 273.782 270.535 260.340 -999.250 -999.250 -999.250 -999.250 -999.250 -999.250 -999.250 -999.250 -999.250 -999.250 -999.250 -999.250 -999.250 -999.250 -999.250 -999.250 -999.250 -999.250 -999.250 -999.250 -999.250 -999.250 -999.250 -999.250 -999.250 -999.250 -999.250 -999.250 -999.250 -999.250 -999.250 -999.250 -999.250
233.300 252.048 276.624 303.278 325.175 372.747 375.893 416.169 424.844 425.653 450.268 450.096 465.158 495.167 544.568 530.418 539.281 514.714 507.559 495.744 449.842 435.147 402.428 333.192 319.791 299.192 285.544 262.894 242.187 247.220 232.043 218.911 -999.250 -999.250 -999.250 -999.250 -999.250 -999.250 -999.250 -999.250 -999.250 -999.250 -999.250 -999.250 -999.250 -999.250 -999.250 -999.250 -999.250 -999.250 -999.250 -999.250 -999.250 -999.250 -999.250 -999.250 -999.250 -999.250 -999.250 -999.250 -999.250 -999.250 -999.250 -999.250 -999.250
268.681 288.188 291.600 324.698 355.920 389.070 407.831 422.773 433.452 417.167 470.929 484.075 475.710 515.561 513.634 534.145 540.908 540.903 566.661 491.477 485.263 430.610 386.225 337.877 275.695 235.133 216.808 206.350 202.318 213.970 203.744 202.425 -999.250 -999.250 -999.250 -999.250 -999.250 -999.250 -999.250 -999.250 -999.250 -999.250 -999.250 -999.250 -999.250 -999.250 -999.250 -999.250 -999.250 -999.250 -999.250 -999.250 -999.250 -999.250 -999.250 -999.250 -999.250 -999.250 -999.250 -999.250 -999.250 -999.250 -999.250 -999.250 -999.250
275.538 292.799 315.472 323.583 336.549 388.831 423.150 420.503 417.162 448.468 431.712 473.346 528.182 529.008 545.700 539.218 514.165 519.919 532.669 515.339 461.740 404.710 357.925 288.663 210.126 157.352 152.943 157.609 184.295 172.779 193.797 184.636 -999.250 -999.250 -999.250 -999.250 -999.250 -999.250 -999.250 -999.250 -999.250 -999.250 -999.250 -999.250 -999.250 -999.250 -999.250 -999.250 -999.250 -999.250 -999.250 -999.250 -999.250 -999.250 -999.250 -999.250 -999.250 -999.250 -999.250 -999.250 -999.250 -999.250 -999.250 -999.250 -999.250
294.970 295.233 299.146 338.931 375.573 402.583 424.382 424.593 449.940 449.709 469.512 486.149 505.432 521.702 558.935 545.093 536.923 536.912 523.253 505.670 439.808 400.818 312.736 235.009 164.123 40.064 98.345 130.702 143.425 167.722 168.866 173.223 170.674 -999.250 -999.250 -999.250 -999.250 -999.250 -999.250 -999.250 -999.250 -999.250 -999.250 -999.250 -999.250 -999.250 -999.250 -999.250 -999.250 -999.250 -999.250 -999.250 -999.250 -999.250 -999.250 -999.250 -999.250 -999.250 -999.250 -999.250 -999.250 -999.250 -999.250 -999.250 -999.250
317.518 343.183 327.795 324.632 375.092 386.829 381.223 417.332 466.498 461.368 495.008 515.480 513.090 541.229 557.879 558.110 531.056 555.972 529.857 513.430 448.260 396.059 292.361 220.499 176.365 110.565 102.190 114.963 126.534 152.703 145.354 155.161 150.613 -999.250 -999.250 -999.250 -999.250 -999.250 -999.250 -999.250 -999.250 -999.250 -999.250 -999.250 -999.250 -999.250 -999.250 -999.250 -999.250 -999.250 -999.250 -999.250 -999.250 -999.250 -999.250 -999.250 -999.250 -999.250 -999.250 -999.250 -999.250 -999.250 -999.250 -999.250 -999.250
330.552 324.761 351.592 345.228 352.142 389.590 408.409 446.254 490.685 499.973 492.201 521.586 528.248 508.162 511.533 490.033 536.952 533.011 478.261 492.167 473.969 388.969 292.058 238.304 196.725 149.778 139.520 117.688 121.556 126.996 132.890 151.455 -999.250 -999.250 -999.250 -999.250 -999.250 -999.250 -999.250 -999.250 -999.250 -999.250 -999.250 -999.250 -999.250 -999.250 -999.250 -999.250 -999.250 -999.250 -999.250 -999.250 -999.250 -999.250 -999.250 -999.250 -999.250 -999.250 -999.250 -999.250 -999.250 -999.250 -999.250 -999.250 -999.250
332.346 338.709 332.310 352.329 320.440 372.645 415.117 428.633 476.826 487.101 492.108 506.604 517.754 502.031 512.723 488.681 529.942 550.749 500.522 470.777 467.002 413.614 332.328 269.271 213.130 191.632 163.129 135.200 119.896 121.899 124.363 -999.250 -999.250 -999.250 -999.250 -999.250 -999.250 -999.250 -999.250 -999.250 -999.250 -999.250 -999.250 -999.250 -999.250 -999.250 -999.250 -999.250 -999.250 -999.250 -999.250 -999.250 -999.250 -999.250 -999.250 -999.250 -999.250 -999.250 -999.250 -999.250 -999.250 -999.250 -999.250 -999.250 -999.250
353.020 349.231 345.954 358.975 356.216 404.857 405.277 463.669 436.394 491.903 478.031 509.847 495.231 528.181 530.901 527.978 533.718 518.749 469.866 490.120 428.228 416.152 336.594 283.173 246.866 208.506 172.022 140.882 139.273 136.157 112.421 -999.250 -999.250 -999.250 -999.250 -999.250 -999.250 -999.250 -999.250 -999.250 -999.250 -999.250 -999.250 -999.250 -999.250 -999.250 -999.250 -999.250 -999.250 -999.250 -999.250 -999.250 -999.250 -999.250 -999.250 -999.250 -999.250 -999.250 -999.250 -999.250 -999.250 -999.250 -999.250 -999.250 -999.250
342.359 356.569 371.192 379.075 434.490 394.058 387.839 435.941 456.480 457.848 483.324 467.903 494.342 518.403 517.938 548.942 524.568 477.995 502.786 462.321 448.067 379.492 340.264 304.791 255.549 217.050 183.329 153.952 134.035 124.417 121.133 -999.250 -999.250 -999.250 -999.250 -999.250 -999.250 -999.250 -999.250 -999.250 -999.250 -999.250 -999.250 -999.250 -999.250 -999.250 -999.250 -999.250 -999.250 -999.250 -999.250 -999.250 -999.250 -999.250 -999.250 -999.250 -999.250 -999.250 -999.250 -999.250 -999.250 -999.250 -999.250 -999.250 -999.250
371.132 367.385 410.119 429.249 386.108 399.449 446.709 458.502 440.776 487.721 505.337 511.711 498.755 478.428 486.787 500.898 489.487 494.180 511.610 478.493 470.887 372.632 364.148 332.921 267.442 229.394 204.376 167.461 156.916 140.847 128.062 -999.250 -999.250 -999.250 -999.250 -999.250 -999.250 -999.250 -999.250 -999.250 -999.250 -999.250 -999.250 -999.250 -999.250 -999.250 -999.250 -999.250 -999.250 -999.250 -999.250 -999.250 -999.250 -999.250 -999.250 -999.250 -999.250 -999.250 -999.250 -999.250 -999.250 -999.250 -999.250 -999.250 -999.250
359.992 341.873 388.996 403.302 421.625 406.618 443.750 443.361 461.358 455.443 463.207 476.771 455.253 479.833 494.743 460.461 476.794 494.514 491.240 487.306 448.920 399.851 361.278 306.361 292.010 245.134 209.828 204.634 162.583 169.490 -999.250 -999.250 -999.250 -999.250 -999.250 -999.250 -999.250 -999.250 -999.250 -999.250 -999.250 -999.250 -999.250 -999.250 -999.250 -999.250 -999.250 -999.250 -999.250 -999.250 -999.250 -999.250 -999.250 -999.250 -999.250 -999.250 -999.250 -999.250 -999.250 -999.250 -999.250 -999.250 -999.250 -999.250 -999.250
