data/medianmodel_05-Apr-2020.asc
ncols	141
nrows	288
xllcorner	-120191.398
yllcorner	-301404.813
cellsize	2000.000
NODATA_value	-999.250
[rows 240 to 269 of 288, columns 0 to 67 of 141]
-999.250 -999.250 -999.250 -999.250 -999.250 -999.250 -999.250 -999.250 -999.250 -999.250 -999.250 -999.250 -999.250 -999.250 -999.250 -999.250 -999.250 -999.250 -999.250 -999.250 -999.250 -999.250 -999.250 -999.250 -999.250 -999.250 -999.250 -999.250 -999.250 -999.250 13.994 11.655 15.705 17.710 18.900 18.817 17.427 17.934 15.089 18.831 23.575 21.181 21.513 23.348 23.287 19.562 22.209 18.153 18.108 16.026 14.876 15.693 16.758 16.606 11.618 14.732 10.697 9.439 8.926 8.117 10.422 9.817 9.425 10.453 17.430 16.650 12.932 13.076
-999.250 -999.250 -999.250 -999.250 -999.250 -999.250 -999.250 -999.250 -999.250 -999.250 -999.250 -999.250 -999.250 -999.250 -999.250 -999.250 -999.250 -999.250 -999.250 -999.250 -999.250 -999.250 -999.250 -999.250 -999.250 -999.250 -999.250 -999.250 -999.250 -999.250 12.869 13.082 15.353 13.033 16.396 16.435 16.504 18.264 16.715 18.089 20.394 19.722 18.466 19.364 18.190 19.655 22.832 19.887 20.038 18.051 17.385 15.612 14.268 15.478 13.026 14.538 12.112 8.045 10.215 8.551 9.647 8.618 11.624 12.743 14.242 15.428 15.950 13.016
-999.250 -999.250 -999.250 -999.250 -999.250 -999.250 -999.250 -999.250 -999.250 -999.250 -999.250 -999.250 -999.250 -999.250 -999.250 -999.250 -999.250 -999.250 -999.250 -999.250 -999.250 -999.250 -999.250 -999.250 -999.250 -999.250 -999.250 -999.250 -999.250 -999.250 13.926 14.675 16.089 17.365 14.465 14.657 17.999 19.494 21.470 18.450 20.622 20.558 17.778 17.999 17.616 17.724 19.344 20.242 19.281 16.963 15.845 12.118 16.559 11.215 13.418 15.009 14.637 10.844 8.756 9.082 6.599 10.702 8.630 12.053 11.143 14.148 15.904 15.412
-999.250 -999.250 -999.250 -999.250 -999.250 -999.250 -999.250 -999.250 -999.250 -999.250 -999.250 -999.250 -999.250 -999.250 -999.250 -999.250 -999.250 -999.250 -999.250 -999.250 -999.250 -999.250 -999.250 -999.250 -999.250 -999.250 -999.250 -999.250 -999.250 -999.250 15.436 14.451 15.178 14.062 13.353 17.931 20.034 17.049 19.545 19.623 22.404 20.566 17.391 15.963 15.738 18.106 20.467 19.804 18.825 17.616 13.906 14.278 13.247 16.059 13.664 12.793 11.481 8.855 9.509 6.890 7.162 8.130 7.919 9.806 11.473 12.132 14.037 17.419
-999.250 -999.250 -999.250 -999.250 -999.250 -999.250 -999.250 -999.250 -999.250 -999.250 -999.250 -999.250 -999.250 -999.250 -999.250 -999.250 -999.250 -999.250 -999.250 -999.250 -999.250 -999.250 -999.250 -999.250 -999.250 -999.250 -999.250 -999.250 -999.250 -999.250 14.414 15.589 17.156 15.813 14.508 13.678 15.473 15.761 18.523 18.675 20.712 17.540 18.731 17.137 14.390 14.182 14.437 17.242 18.172 15.241 14.320 13.922 12.450 13.637 13.257 10.427 11.308 9.613 8.886 8.312 4.609 5.475 4.150 8.698 11.136 13.383 12.741 13.150
-999.250 -999.250 -999.250 -999.250 -999.250 -999.250 -999.250 -999.250 -999.250 -999.250 -999.250 -999.250 -999.250 -999.250 -999.250 -999.250 -999.250 -999.250 -999.250 -999.250 -999.250 -999.250 -999.250 -999.250 -999.250 -999.250 -999.250 -999.250 -999.250 -999.250 -999.250 18.096 18.022 17.803 16.810 14.099 14.545 17.398 17.290 18.759 17.075 18.345 16.342 16.668 16.603 14.798 15.424 15.453 18.198 15.175 13.124 16.740 13.087 10.898 8.777 11.502 8.557 9.103 7.885 10.049 4.723 0.000 6.087 9.083 14.259 16.995 14.526 15.178
-999.250 -999.250 -999.250 -999.250 -999.250 -999.250 -999.250 -999.250 -999.250 -999.250 -999.250 -999.250 -999.250 -999.250 -999.250 -999.250 -999.250 -999.250 -999.250 -999.250 -999.250 -999.250 -999.250 -999.250 -999.250 -999.250 -999.250 -999.250 -999.250 -999.250 -999.250 14.640 19.138 17.021 19.136 15.200 15.329 15.112 16.184 16.245 17.693 16.664 17.162 16.281 15.746 11.961 13.602 14.397 13.595 15.746 13.121 12.401 9.831 10.481 9.921 10.332 7.974 6.994 7.466 8.424 5.986 6.757 8.816 11.126 15.299 15.768 18.415 13.738
-999.250 -999.250 -999.250 -999.250 -999.250 -999.250 -999.250 -999.250 -999.250 -999.250 -999.250 -999.250 -999.250 -999.250 -999.250 -999.250 -999.250 -999.250 -999.250 -999.250 -999.250 -999.250 -999.250 -999.250 -999.250 -999.250 -999.250 -999.250 -999.250 -999.250 14.101 16.811 21.901 17.700 17.418 15.754 17.307 14.365 14.923 15.457 16.332 16.147 18.321 18.975 17.276 15.759 12.679 14.993 17.182 14.845 16.581 13.654 10.379 7.284 10.334 11.033 10.141 5.505 9.264 9.266 10.067 13.055 10.050 11.475 14.357 15.513 16.471 15.321
-999.250 -999.250 -999.250 -999.250 -999.250 -999.250 -999.250 -999.250 -999.250 -999.250 -999.250 -999.250 -999.250 -999.250 -999.250 -999.250 -999.250 -999.250 -999.250 -999.250 -999.250 -999.250 -999.250 -999.250 -999.250 -999.250 -999.250 -999.250 -999.250 -999.250 13.304 19.188 18.845 19.612 19.660 19.565 16.878 17.791 13.803 12.987 15.046 15.993 16.239 17.387 17.128 16.597 12.574 16.101 18.170 12.491 15.127 10.683 10.008 7.906 4.346 5.658 5.226 6.083 8.969 9.162 13.578 13.586 12.136 11.383 12.441 13.461 10.580 13.081
-999.250 -999.250 -999.250 -999.250 -999.250 -999.250 -999.250 -999.250 -999.250 -999.250 -999.250 -999.250 -999.250 -999.250 -999.250 -999.250 -999.250 -999.250 -999.250 -999.250 -999.250 -999.250 -999.250 -999.250 -999.250 -999.250 -999.250 -999.250 -999.250 -999.250 12.602 16.239 16.681 19.650 19.092 17.272 14.984 15.335 14.675 14.420 12.323 14.703 19.290 16.354 18.504 17.210 15.812 16.543 16.299 12.104 12.924 12.876 10.934 10.279 5.022 0.000 4.614 7.717 9.709 8.076 12.676 12.508 13.518 12.090 14.136 15.559 11.970 16.717
-999.250 -999.250 -999.250 -999.250 -999.250 -999.250 -999.250 -999.250 -999.250 -999.250 -999.250 -999.250 -999.250 -999.250 -999.250 -999.250 -999.250 -999.250 -999.250 -999.250 -999.250 -999.250 -999.250 -999.250 -999.250 -999.250 -999.250 -999.250 -999.250 -999.250 15.448 17.262 20.961 19.115 17.746 17.913 17.493 15.990 13.537 11.829 10.938 14.657 17.138 15.676 15.781 16.023 18.129 17.676 18.442 18.287 15.340 14.626 12.409 10.960 7.163 5.449 5.094 8.158 9.867 9.522 11.287 12.827 12.473 13.844 14.521 16.155 13.907 18.615
-999.250 -999.250 -999.250 -999.250 -999.250 -999.250 -999.250 -999.250 -999.250 -999.250 -999.250 -999.250 -999.250 -999.250 -999.250 -999.250 -999.250 -999.250 -999.250 -999.250 -999.250 -999.250 -999.250 -999.250 -999.250 -999.250 -999.250 -999.250 -999.250 -999.250 19.357 18.992 22.432 15.883 18.454 17.192 16.315 16.042 14.722 8.092 12.934 13.044 15.902 15.620 16.550 17.382 16.210 18.045 18.768 17.531 17.954 15.965 14.346 13.283 11.099 8.137 9.253 10.835 9.705 12.235 14.300 15.163 14.352 13.325 15.760 15.957 16.713 17.223
-999.250 -999.250 -999.250 -999.250 -999.250 -999.250 -999.250 -999.250 -999.250 -999.250 -999.250 -999.250 -999.250 -999.250 -999.250 -999.250 -999.250 -999.250 -999.250 -999.250 -999.250 -999.250 -999.250 -999.250 -999.250 -999.250 -999.250 -999.250 -999.250 15.517 18.580 16.425 20.112 15.920 15.851 16.592 16.199 15.784 12.350 9.428 11.495 13.614 13.903 13.540 16.503 15.513 16.713 18.648 19.611 19.363 17.037 16.547 15.962 13.100 10.648 13.180 13.590 12.487 14.800 14.222 14.288 15.474 15.955 14.978 16.882 19.038 19.138 17.940
-999.250 -999.250 -999.250 -999.250 -999.250 -999.250 -999.250 -999.250 -999.250 -999.250 -999.250 -999.250 -999.250 -999.250 -999.250 -999.250 -999.250 -999.250 -999.250 -999.250 -999.250 -999.250 -999.250 -999.250 -999.250 -999.250 -999.250 -999.250 -999.250 -999.250 19.089 16.846 19.178 17.257 17.554 16.067 16.252 17.277 12.950 11.468 13.539 15.764 14.573 16.712 13.071 18.654 23.796 17.758 19.900 16.778 17.441 15.284 14.113 14.038 12.707 15.421 13.904 13.547 16.159 16.250 14.541 16.578 17.932 16.606 18.381 16.683 19.351 19.923
-999.250 -999.250 -999.250 -999.250 -999.250 -999.250 -999.250 -999.250 -999.250 -999.250 -999.250 -999.250 -999.250 -999.250 -999.250 -999.250 -999.250 -999.250 -999.250 -999.250 -999.250 -999.250 -999.250 -999.250 -999.250 -999.250 -999.250 -999.250 -999.250 -999.250 15.816 19.689 17.502 16.006 14.426 15.623 15.126 17.840 14.634 14.160 16.863 15.273 14.247 15.089 18.347 19.176 19.789 21.014 13.966 13.244 14.966 16.495 17.600 18.005 12.627 17.828 17.094 18.522 17.804 11.895 17.461 18.124 18.826 19.369 18.517 20.898 19.397 20.876
-999.250 -999.250 -999.250 -999.250 -999.250 -999.250 -999.250 -999.250 -999.250 -999.250 -999.250 -999.250 -999.250 -999.250 -999.250 -999.250 -999.250 -999.250 -999.250 -999.250 -999.250 -999.250 -999.250 -999.250 -999.250 -999.250 -999.250 -999.250 -999.250 -999.250 -999.250 17.837 17.752 15.583 15.922 16.923 17.664 17.230 14.188 13.674 16.216 18.017 15.395 17.972 19.969 18.457 22.757 22.485 17.353 15.226 14.977 19.103 18.121 16.861 16.756 17.874 18.167 16.657 16.697 15.750 15.613 19.376 20.330 19.356 17.938 16.391 18.506 22.718
-999.250 -999.250 -999.250 -999.250 -999.250 -999.250 -999.250 -999.250 -999.250 -999.250 -999.250 -999.250 -999.250 -999.250 -999.250 -999.250 -999.250 -999.250 -999.250 -999.250 -999.250 -999.250 -999.250 -999.250 -999.250 -999.250 -999.250 -999.250 -999.250 -999.250 -999.250 14.691 15.852 15.793 16.569 15.428 17.418 16.588 16.344 14.143 19.899 18.329 19.528 20.554 20.232 19.624 17.739 19.274 18.089 19.366 17.951 17.349 19.158 19.611 18.648 16.929 19.330 20.088 21.266 17.420 17.732 17.605 17.270 17.682 18.548 16.196 17.904 22.605
-999.250 -999.250 -999.250 -999.250 -999.250 -999.250 -999.250 -999.250 -999.250 -999.250 -999.250 -999.250 -999.250 -999.250 -999.250 -999.250 -999.250 -999.250 -999.250 -999.250 -999.250 -999.250 -999.250 -999.250 -999.250 -999.250 -999.250 -999.250 -999.250 -999.250 14.976 12.354 14.028 16.077 17.014 12.052 17.099 16.422 17.157 15.932 16.021 17.964 19.471 18.873 19.448 20.496 19.263 18.616 16.475 16.182 19.002 16.173 17.332 18.134 17.522 19.763 19.534 19.316 21.424 22.645 19.495 18.443 19.141 18.067 14.870 17.374 18.818 18.203
-999.250 -999.250 -999.250 -999.250 -999.250 -999.250 -999.250 -999.250 -999.250 -999.250 -999.250 -999.250 -999.250 -999.250 -999.250 -999.250 -999.250 -999.250 -999.250 -999.250 -999.250 -999.250 -999.250 -999.250 -999.250 -999.250 -999.250 -999.250 -999.250 -999.250 12.360 13.676 14.341 16.803 16.608 16.170 15.675 20.005 19.217 18.079 17.027 17.863 20.363 19.159 19.138 15.298 20.797 21.847 21.241 18.232 18.931 17.741 17.382 17.739 17.876 19.176 20.781 21.336 19.961 21.518 20.873 22.192 19.634 18.020 17.059 18.530 17.466 19.028
-999.250 -999.250 -999.250 -999.250 -999.250 -999.250 -999.250 -999.250 -999.250 -999.250 -999.250 -999.250 -999.250 -999.250 -999.250 -999.250 -999.250 -999.250 -999.250 -999.250 -999.250 -999.250 -999.250 -999.250 -999.250 -999.250 -999.250 -999.250 -999.250 -999.250 13.112 18.580 14.024 16.247 14.970 17.814 19.713 22.793 18.604 17.509 19.787 20.693 22.495 17.892 23.138 19.021 18.508 19.502 20.245 20.679 20.903 18.504 21.415 19.417 18.003 21.285 21.387 23.669 20.752 20.135 23.704 22.850 19.533 20.789 21.344 18.490 20.228 22.186
-999.250 -999.250 -999.250 -999.250 -999.250 -999.250 -999.250 -999.250 -999.250 -999.250 -999.250 -999.250 -999.250 -999.250 -999.250 -999.250 -999.250 -999.250 -999.250 -999.250 -999.250 -999.250 -999.250 -999.250 -999.250 -999.250 -999.250 -999.250 -999.250 -999.250 13.906 15.518 13.602 13.170 16.468 17.820 19.726 19.730 20.361 19.863 21.505 21.819 21.404 19.745 19.264 21.251 21.460 21.471 20.947 21.373 25.267 19.239 20.351 20.975 18.405 17.975 22.621 23.062 22.443 22.464 21.541 22.689 18.991 23.506 17.708 18.896 20.464 23.250
-999.250 -999.250 -999.250 -999.250 -999.250 -999.250 -999.250 -999.250 -999.250 -999.250 -999.250 -999.250 -999.250 -999.250 -999.250 -999.250 -999.250 -999.250 -999.250 -999.250 -999.250 -999.250 -999.250 -999.250 -999.250 -999.250 -999.250 -999.250 -999.250 -999.250 11.169 12.919 12.473 15.839 17.204 18.841 19.382 20.320 21.218 18.181 17.195 21.981 20.399 21.973 21.192 24.531 24.983 23.672 22.122 21.174 22.389 22.769 21.990 19.761 18.875 18.015 20.777 22.372 21.106 22.643 22.744 25.347 20.945 23.865 19.433 21.453 17.455 20.925
-999.250 -999.250 -999.250 -999.250 -999.250 -999.250 -999.250 -999.250 -999.250 -999.250 -999.250 -999.250 -999.250 -999.250 -999.250 -999.250 -999.250 -999.250 -999.250 -999.250 -999.250 -999.250 -999.250 -999.250 -999.250 -999.250 -999.250 -999.250 -999.250 -999.250 13.624 8.574 14.914 17.042 16.188 18.196 18.230 22.943 23.118 21.467 22.283 20.553 20.572 20.883 19.338 23.460 19.828 23.979 23.415 23.524 26.119 26.921 25.255 25.114 20.938 23.059 20.443 21.509 24.434 26.979 26.309 23.237 21.513 26.791 22.295 19.612 21.127 17.988
-999.250 -999.250 -999.250 -999.250 -999.250 -999.250 -999.250 -999.250 -999.250 -999.250 -999.250 -999.250 -999.250 -999.250 -999.250 -999.250 -999.250 -999.250 -999.250 -999.250 -999.250 -999.250 -999.250 -999.250 -999.250 -999.250 -999.250 -999.250 -999.250 7.817 9.052 11.232 12.246 16.627 20.327 19.154 19.566 22.290 25.011 21.644 22.627 22.735 22.771 24.230 21.123 22.284 24.343 24.898 21.596 25.131 28.936 24.856 27.352 23.084 21.561 20.721 26.785 29.645 22.919 32.142 28.330 27.665 24.595 25.133 25.469 20.502 21.649 20.804
-999.250 -999.250 -999.250 -999.250 -999.250 -999.250 -999.250 -999.250 -999.250 -999.250 -999.250 -999.250 -999.250 -999.250 -999.250 -999.250 -999.250 -999.250 -999.250 -999.250 -999.250 -999.250 -999.250 -999.250 -999.250 -999.250 -999.250 -999.250 -999.250 7.918 10.359 9.968 13.088 13.624 14.586 18.217 19.910 20.536 21.720 21.891 24.953 22.681 25.662 20.988 20.907 24.954 23.853 23.389 22.194 26.107 28.056 23.691 26.817 23.913 24.500 27.939 25.753 29.568 31.564 28.669 30.150 28.763 25.503 22.667 23.118 24.236 23.843 28.021
-999.250 -999.250 -999.250 -999.250 -999.250 -999.250 -999.250 -999.250 -999.250 -999.250 -999.250 -999.250 -999.250 -999.250 -999.250 -999.250 -999.250 -999.250 -999.250 -999.250 -999.250 -999.250 -999.250 -999.250 -999.250 -999.250 -999.250 -999.250 4.393 6.571 8.276 8.729 12.473 12.119 16.224 17.992 19.829 21.573 22.340 22.833 23.462 22.804 22.852 22.411 21.546 23.924 27.709 26.288 25.330 25.038 27.108 24.449 28.047 25.107 31.341 31.435 29.279 27.311 29.429 25.607 30.865 30.157 29.738 26.195 24.295 28.216 27.197 27.921
-999.250 -999.250 -999.250 -999.250 -999.250 -999.250 -999.250 -999.250 -999.250 -999.250 -999.250 -999.250 -999.250 -999.250 -999.250 -999.250 -999.250 -999.250 -999.250 -999.250 -999.250 -999.250 -999.250 -999.250 -999.250 -999.250 -999.250 -999.250 5.371 5.086 7.228 9.104 12.506 12.580 16.800 17.022 18.140 20.761 21.978 22.429 19.675 20.029 21.845 22.603 24.215 23.285 23.652 24.891 26.741 30.322 25.510 25.257 30.787 37.278 35.676 37.059 32.689 27.461 26.772 28.219 35.819 32.663 31.336 29.327 26.406 28.531 31.450 29.604
-999.250 -999.250 -999.250 -999.250 -999.250 -999.250 -999.250 -999.250 -999.250 -999.250 -999.250 -999.250 -999.250 -999.250 -999.250 -999.250 -999.250 -999.250 -999.250 -999.250 -999.250 -999.250 -999.250 -999.250 -999.250 -999.250 -999.250 5.048 4.089 5.075 3.594 5.781 9.315 14.405 14.625 20.151 20.210 21.000 20.771 21.185 19.697 18.581 20.488 21.970 22.824 21.898 23.641 27.609 25.174 24.009 31.897 27.651 34.810 40.641 35.048 35.409 33.205 29.419 31.090 32.843 32.312 29.745 33.345 30.203 27.026 28.962 33.060 30.604
-999.250 -999.250 -999.250 -999.250 -999.250 -999.250 -999.250 -999.250 -999.250 -999.250 -999.250 -999.250 -999.250 -999.250 -999.250 -999.250 -999.250 -999.250 -999.250 -999.250 -999.250 -999.250 -999.250 -999.250 -999.250 -999.250 -999.250 3.793 4.459 0.239 0.000 6.786 11.378 14.340 16.657 17.799 20.531 20.939 22.844 20.528 20.074 20.500 21.849 23.868 24.858 22.199 25.530 26.151 24.943 25.175 28.058 29.997 34.405 31.720 33.881 38.009 38.171 33.410 32.672 35.659 35.203 32.936 32.338 30.063 24.005 31.018 33.794 32.205
-999.250 -999.250 -999.250 -999.250 -999.250 -999.250 -999.250 -999.250 -999.250 -999.250 -999.250 -999.250 -999.250 -999.250 -999.250 -999.250 -999.250 -999.250 -999.250 -999.250 -999.250 -999.250 -999.250 -999.250 -999.250 -999.250 -999.250 4.806 4.725 3.447 3.476 7.371 13.806 15.112 18.359 17.540 20.004 23.259 21.522 22.174 23.734 20.378 21.359 21.346 21.346 20.734 27.162 28.815 26.387 22.059 26.509 28.942 30.037 39.150 33.922 32.422 32.418 31.633 41.376 35.936 38.486 34.459 33.345 34.096 26.940 29.985 31.384 27.689
