data/medianmodel_06-Jun-2020.asc
ncols	141
nrows	288
xllcorner	-120191.398
yllcorner	-301404.813
cellsize	2000.000
NODATA_value	-999.250
[rows 210 to 239 of 288, columns 0 to 68 of 141]
-999.250 -999.250 -999.250 -999.250 -999.250 -999.250 -999.250 -999.250 -999.250 -999.250 -999.250 -999.250 -999.250 -999.250 -999.250 -999.250 -999.250 -999.250 -999.250 -999.250 -999.250 -999.250 -999.250 -999.250 -999.250 -999.250 -999.250 -999.250 -999.250 -999.250 -999.250 18.007 17.376 14.643 14.134 15.777 10.268 10.625 16.144 14.717 13.682 16.088 25.731 19.046 15.532 13.860 12.052 8.108 8.192 12.713 7.636 10.944 11.782 6.304 4.685 3.938 3.336 3.237 0.000 1.664 0.802 0.000 0.000 0.000 0.000 0.000 0.000 0.000 0.000
-999.250 -999.250 -999.250 -999.250 -999.250 -999.250 -999.250 -999.250 -999.250 -999.250 -999.250 -999.250 -999.250 -999.250 -999.250 -999.250 -999.250 -999.250 -999.250 -999.250 -999.250 -999.250 -999.250 -999.250 -999.250 -999.250 -999.250 -999.250 -999.250 -999.250 -999.250 17.672 17.527 17.851 15.502 12.401 11.168 13.045 10.306 11.084 12.752 17.169 19.453 16.667 13.485 13.304 8.712 9.969 7.609 9.786 8.810 9.520 7.886 6.570 5.630 5.779 4.331 4.727 0.248 1.020 0.000 0.000 0.000 0.000 0.000 0.000 0.000 0.000 0.000
-999.250 -999.250 -999.250 -999.250 -999.250 -999.250 -999.250 -999.250 -999.250 -999.250 -999.250 -999.250 -999.250 -999.250 -999.250 -999.250 -999.250 -999.250 -999.250 -999.250 -999.250 -999.250 -999.250 -999.250 -999.250 -999.250 -999.250 -999.250 -999.250 -999.250 -999.250 16.274 14.668 15.407 20.561 12.275 14.335 12.008 13.643 11.597 12.862 12.135 14.514 13.150 13.393 10.498 7.512 7.730 10.236 11.348 8.323 9.238 8.522 5.122 5.034 5.516 5.220 4.972 1.279 3.712 1.365 0.000 0.000 0.000 0.000 0.000 0.000 0.000 0.000
-999.250 -999.250 -999.250 -999.250 -999.250 -999.250 -999.250 -999.250 -999.250 -999.250 -999.250 -999.250 -999.250 -999.250 -999.250 -999.250 -999.250 -999.250 -999.250 -999.250 -999.250 -999.250 -999.250 -999.250 -999.250 -999.250 -999.250 -999.250 -999.250 -999.250 -999.250 15.983 18.175 17.875 14.931 12.470 12.843 12.614 14.056 11.919 11.752 10.695 8.956 10.416 10.359 9.326 10.883 8.526 13.016 12.860 9.540 10.489 8.541 6.895 6.120 5.368 6.608 3.755 3.058 2.161 0.478 0.000 0.336 0.000 0.000 0.000 0.000 0.000 0.000
-999.250 -999.250 -999.250 -999.250 -999.250 -999.250 -999.250 -999.250 -999.250 -999.250 -999.250 -999.250 -999.250 -999.250 -999.250 -999.250 -999.250 -999.250 -999.250 -999.250 -999.250 -999.250 -999.250 -999.250 -999.250 -999.250 -999.250 -999.250 -999.250 -999.250 -999.250 17.192 15.814 12.529 15.932 9.367 8.723 12.182 13.419 12.569 10.693 10.640 9.127 9.988 11.610 8.367 12.409 13.087 16.884 11.803 12.387 9.913 11.892 7.216 5.039 3.507 4.313 3.905 1.573 0.295 0.000 0.000 0.000 0.000 0.000 0.000 0.000 0.000 0.000
-999.250 -999.250 -999.250 -999.250 -999.250 -999.250 -999.250 -999.250 -999.250 -999.250 -999.250 -999.250 -999.250 -999.250 -999.250 -999.250 -999.250 -999.250 -999.250 -999.250 -999.250 -999.250 -999.250 -999.250 -999.250 -999.250 -999.250 -999.250 -999.250 -999.250 -999.250 16.957 18.183 11.176 11.263 8.329 9.603 12.065 12.347 11.971 10.232 12.204 12.616 16.799 13.860 12.257 10.073 10.885 10.251 11.219 11.460 9.660 7.282 7.224 5.439 4.758 4.550 2.133 1.014 0.000 1.079 0.689 0.087 0.000 0.000 0.000 0.000 0.000 0.000
-999.250 -999.250 -999.250 -999.250 -999.250 -999.250 -999.250 -999.250 -999.250 -999.250 -999.250 -999.250 -999.250 -999.250 -999.250 -999.250 -999.250 -999.250 -999.250 -999.250 -999.250 -999.250 -999.250 -999.250 -999.250 -999.250 -999.250 -999.250 -999.250 -999.250 -999.250 17.760 19.039 11.697 9.257 10.103 7.806 9.381 9.032 11.490 11.512 12.584 13.292 15.317 9.487 12.198 7.151 8.308 8.014 7.989 8.203 8.079 7.350 5.872 7.281 4.897 2.544 2.866 1.889 0.103 0.000 0.000 0.000 0.000 0.000 0.000 0.000 0.000 0.000
-999.250 -999.250 -999.250 -999.250 -999.250 -999.250 -999.250 -999.250 -999.250 -999.250 -999.250 -999.250 -999.250 -999.250 -999.250 -999.250 -999.250 -999.250 -999.250 -999.250 -999.250 -999.250 -999.250 -999.250 -999.250 -999.250 -999.250 -999.250 -999.250 -999.250 -999.250 14.304 12.590 12.298 12.068 9.274 11.458 11.299 8.160 11.683 8.984 8.870 8.945 10.806 9.141 10.113 7.399 8.944 6.487 9.304 8.243 8.792 7.510 5.549 4.627 2.919 2.956 2.956 1.615 1.322 0.000 0.000 0.000 0.000 0.000 0.000 0.000 0.000 0.000
-999.250 -999.250 -999.250 -999.250 -999.250 -999.250 -999.250 -999.250 -999.250 -999.250 -999.250 -999.250 -999.250 -999.250 -999.250 -999.250 -999.250 -999.250 -999.250 -999.250 -999.250 -999.250 -999.250 -999.250 -999.250 -999.250 -999.250 -999.250 -999.250 -999.250 -999.250 14.540 12.958 11.789 8.463 10.351 9.393 10.348 9.133 7.303 8.081 5.641 7.133 9.252 9.654 9.662 9.999 8.498 7.611 6.071 7.649 8.077 4.198 7.047 7.481 5.018 3.226 0.234 3.343 1.672 1.355 0.000 0.000 0.000 0.000 0.000 0.000 0.000 0.000
-999.250 -999.250 -999.250 -999.250 -999.250 -999.250 -999.250 -999.250 -999.250 -999.250 -999.250 -999.250 -999.250 -999.250 -999.250 -999.250 -999.250 -999.250 -999.250 -999.250 -999.250 -999.250 -999.250 -999.250 -999.250 -999.250 -999.250 -999.250 -999.250 -999.250 -999.250 15.622 8.413 8.012 9.431 10.978 10.337 9.268 9.474 8.365 5.670 6.831 5.130 9.169 12.373 9.613 7.896 8.750 9.464 8.289 7.951 6.106 4.915 3.770 4.870 3.358 2.638 2.387 1.524 0.985 0.000 0.000 0.000 0.000 0.000 0.000 0.000 0.000 0.000
-999.250 -999.250 -999.250 -999.250 -999.250 -999.250 -999.250 -999.250 -999.250 -999.250 -999.250 -999.250 -999.250 -999.250 -999.250 -999.250 -999.250 -999.250 -999.250 -999.250 -999.250 -999.250 -999.250 -999.250 -999.250 -999.250 -999.250 -999.250 -999.250 -999.250 -999.250 8.312 7.808 8.108 9.633 9.972 9.730 10.563 10.527 8.528 4.465 3.667 5.550 9.326 9.891 7.335 9.807 8.204 7.141 7.603 6.788 5.272 4.200 4.814 2.336 3.912 3.458 1.303 1.189 0.000 0.000 0.000 0.000 0.000 0.000 0.000 0.000 0.000 0.000
-999.250 -999.250 -999.250 -999.250 -999.250 -999.250 -999.250 -999.250 -999.250 -999.250 -999.250 -999.250 -999.250 -999.250 -999.250 -999.250 -999.250 -999.250 -999.250 -999.250 -999.250 -999.250 -999.250 -999.250 -999.250 -999.250 -999.250 -999.250 -999.250 -999.250 -999.250 11.972 8.804 8.324 11.913 9.456 8.601 8.480 10.076 6.909 7.599 7.322 4.940 6.698 6.723 6.845 5.613 5.406 6.630 4.996 4.260 2.897 2.609 2.373 1.771 2.585 2.617 2.677 0.218 0.000 0.000 0.000 0.000 0.000 0.000 0.000 0.000 0.000 0.000
-999.250 -999.250 -999.250 -999.250 -999.250 -999.250 -999.250 -999.250 -999.250 -999.250 -999.250 -999.250 -999.250 -999.250 -999.250 -999.250 -999.250 -999.250 -999.250 -999.250 -999.250 -999.250 -999.250 -999.250 -999.250 -999.250 -999.250 -999.250 -999.250 -999.250 -999.250 8.647 8.864 8.079 7.551 6.521 8.648 9.159 9.011 7.824 9.762 7.413 3.804 6.260 6.124 6.117 4.147 2.190 3.382 3.361 4.208 1.672 3.312 1.279 3.739 1.878 0.662 0.000 0.295 0.000 0.000 0.000 0.000 0.000 0.000 0.000 0.000 0.000 0.000
-999.250 -999.250 -999.250 -999.250 -999.250 -999.250 -999.250 -999.250 -999.250 -999.250 -999.250 -999.250 -999.250 -999.250 -999.250 -999.250 -999.250 -999.250 -999.250 -999.250 -999.250 -999.250 -999.250 -999.250 -999.250 -999.250 -999.250 -999.250 -999.250 -999.250 8.334 11.150 8.058 7.776 6.358 8.488 8.170 10.173 6.504 7.755 8.930 6.325 3.110 6.485 5.583 5.069 2.372 3.191 1.731 4.161 1.152 3.613 2.639 3.455 0.872 0.414 0.000 0.000 0.000 0.000 0.000 0.000 0.000 0.000 0.000 0.000 0.000 0.000 0.000
-999.250 -999.250 -999.250 -999.250 -999.250 -999.250 -999.250 -999.250 -999.250 -999.250 -999.250 -999.250 -999.250 -999.250 -999.250 -999.250 -999.250 -999.250 -999.250 -999.250 -999.250 -999.250 -999.250 -999.250 -999.250 -999.250 -999.250 -999.250 -999.250 -999.250 10.185 9.031 11.165 5.781 6.884 5.804 5.875 7.270 8.206 6.576 5.550 4.949 5.020 4.806 6.302 2.878 2.258 1.348 4.399 4.852 2.464 3.930 3.682 3.385 1.412 0.000 0.000 0.000 0.000 0.000 0.000 0.000 0.000 0.000 0.000 0.000 0.000 0.000 0.000
-999.250 -999.250 -999.250 -999.250 -999.250 -999.250 -999.250 -999.250 -999.250 -999.250 -999.250 -999.250 -999.250 -999.250 -999.250 -999.250 -999.250 -999.250 -999.250 -999.250 -999.250 -999.250 -999.250 -999.250 -999.250 -999.250 -999.250 -999.250 -999.250 -999.250 9.858 9.485 8.381 6.483 5.535 7.535 8.315 6.850 7.669 5.004 6.933 3.304 5.398 4.356 4.075 4.392 4.453 4.197 6.696 4.169 3.611 1.024 3.433 2.970 0.231 0.000 0.000 0.000 0.000 0.000 0.000 0.000 0.000 0.000 0.000 0.000 0.000 0.000 0.000
-999.250 -999.250 -999.250 -999.250 -999.250 -999.250 -999.250 -999.250 -999.250 -999.250 -999.250 -999.250 -999.250 -999.250 -999.250 -999.250 -999.250 -999.250 -999.250 -999.250 -999.250 -999.250 -999.250 -999.250 -999.250 -999.250 -999.250 -999.250 -999.250 -999.250 13.509 9.971 7.950 7.548 8.677 4.971 7.650 9.766 8.151 7.399 5.603 6.150 6.301 4.672 5.186 4.811 3.537 2.449 3.075 1.930 1.317 0.929 2.197 0.048 0.000 0.000 0.000 0.000 0.000 0.000 0.000 0.000 0.000 0.000 0.000 0.259 0.000 0.000 0.000
-999.250 -999.250 -999.250 -999.250 -999.250 -999.250 -999.250 -999.250 -999.250 -999.250 -999.250 -999.250 -999.250 -999.250 -999.250 -999.250 -999.250 -999.250 -999.250 -999.250 -999.250 -999.250 -999.250 -999.250 -999.250 -999.250 -999.250 -999.250 -999.250 14.133 10.105 15.820 9.717 7.821 8.890 6.343 6.997 6.795 6.607 8.033 4.386 4.498 7.326 5.252 5.223 3.748 5.316 3.224 4.309 3.137 0.419 0.000 0.000 0.000 0.000 0.000 0.000 0.000 0.000 0.000 0.000 0.000 0.000 0.000 0.000 0.000 0.000 0.000 0.000
-999.250 -999.250 -999.250 -999.250 -999.250 -999.250 -999.250 -999.250 -999.250 -999.250 -999.250 -999.250 -999.250 -999.250 -999.250 -999.250 -999.250 -999.250 -999.250 -999.250 -999.250 -999.250 -999.250 -999.250 -999.250 -999.250 -999.250 -999.250 -999.250 11.248 10.479 9.161 8.272 9.108 7.470 4.448 2.529 5.325 7.452 4.396 7.553 7.321 7.152 6.466 4.629 1.908 2.190 2.895 1.151 0.000 0.283 0.000 0.000 0.000 0.000 0.000 0.000 0.000 0.000 0.000 0.000 0.000 0.000 0.000 0.000 0.000 0.000 0.000 0.000
-999.250 -999.250 -999.250 -999.250 -999.250 -999.250 -999.250 -999.250 -999.250 -999.250 -999.250 -999.250 -999.250 -999.250 -999.250 -999.250 -999.250 -999.250 -999.250 -999.250 -999.250 -999.250 -999.250 -999.250 -999.250 -999.250 -999.250 -999.250 9.321 10.646 9.089 9.360 8.270 8.486 6.523 3.197 3.473 3.811 5.133 5.016 4.219 4.595 6.681 5.198 3.739 4.701 5.364 1.757 0.632 1.010 0.000 0.000 0.000 0.000 0.000 0.000 0.000 0.000 0.000 0.000 0.000 0.000 0.000 0.000 0.000 0.000 0.000 0.000 0.000
-999.250 -999.250 -999.250 -999.250 -999.250 -999.250 -999.250 -999.250 -999.250 -999.250 -999.250 -999.250 -999.250 -999.250 -999.250 -999.250 -999.250 -999.250 -999.250 -999.250 -999.250 -999.250 -999.250 -999.250 -999.250 -999.250 -999.250 -999.250 9.767 10.714 14.142 14.112 12.760 10.177 8.905 4.097 3.553 2.455 3.433 6.805 5.724 6.397 6.029 4.627 2.900 7.128 4.923 3.700 1.051 1.486 0.000 0.000 0.000 0.000 0.000 0.000 0.000 0.000 0.000 0.000 0.000 0.000 0.000 0.000 0.000 0.000 0.000 0.000 0.000
-999.250 -999.250 -999.250 -999.250 -999.250 -999.250 -999.250 -999.250 -999.250 -999.250 -999.250 -999.250 -999.250 -999.250 -999.250 -999.250 -999.250 -999.250 -999.250 -999.250 -999.250 -999.250 -999.250 -999.250 -999.250 -999.250 -999.250 14.265 11.522 11.633 13.589 22.177 19.179 11.874 6.979 4.921 4.303 3.496 4.764 5.585 8.082 4.916 5.121 5.664 4.574 1.622 4.949 2.074 3.566 3.728 4.405 0.598 0.000 0.000 0.000 0.000 0.000 0.000 0.000 0.000 0.000 0.000 0.000 0.000 0.000 0.000 0.000 0.000 0.000
-999.250 -999.250 -999.250 -999.250 -999.250 -999.250 -999.250 -999.250 -999.250 -999.250 -999.250 -999.250 -999.250 -999.250 -999.250 -999.250 -999.250 -999.250 -999.250 -999.250 -999.250 -999.250 -999.250 -999.250 -999.250 -999.250 -999.250 14.720 13.963 12.028 19.115 36.456 24.713 14.145 8.407 5.038 5.080 7.809 4.508 7.237 7.641 6.627 6.110 5.577 4.335 4.550 2.611 1.877 0.000 1.108 1.234 0.000 0.000 0.000 0.000 0.000 0.000 0.000 0.000 0.000 0.000 0.000 0.000 0.000 0.000 0.000 0.000 0.000 0.000
-999.250 -999.250 -999.250 -999.250 -999.250 -999.250 -999.250 -999.250 -999.250 -999.250 -999.250 -999.250 -999.250 -999.250 -999.250 -999.250 -999.250 -999.250 -999.250 -999.250 -999.250 -999.250 -999.250 -999.250 -999.250 -999.250 -999.250 -999.250 14.246 14.270 18.134 18.662 20.845 13.652 9.208 7.384 7.024 7.489 5.120 10.023 8.343 5.372 6.881 5.425 6.100 3.507 3.019 2.604 0.000 0.771 0.750 0.000 0.000 0.000 0.000 0.000 0.000 0.000 0.000 0.000 0.000 0.000 0.000 0.000 0.000 0.000 0.000 0.000 0.000
-999.250 -999.250 -999.250 -999.250 -999.250 -999.250 -999.250 -999.250 -999.250 -999.250 -999.250 -999.250 -999.250 -999.250 -999.250 -999.250 -999.250 -999.250 -999.250 -999.250 -999.250 -999.250 -999.250 -999.250 -999.250 -999.250 -999.250 -999.250 -999.250 -999.250 13.908 12.860 11.463 13.716 8.142 7.788 9.494 7.450 6.453 6.469 6.493 6.722 2.899 7.012 6.108 6.013 2.738 4.745 2.536 2.182 0.000 0.830 0.000 0.000 0.000 0.000 0.000 0.000 0.000 0.000 0.000 0.000 0.000 0.000 0.000 0.000 0.000 0.000 0.000
-999.250 -999.250 -999.250 -999.250 -999.250 -999.250 -999.250 -999.250 -999.250 -999.250 -999.250 -999.250 -999.250 -999.250 -999.250 -999.250 -999.250 -999.250 -999.250 -999.250 -999.250 -999.250 -999.250 -999.250 -999.250 -999.250 -999.250 -999.250 -999.250 -999.250 15.019 14.014 11.395 10.297 11.403 8.553 8.131 7.830 5.785 6.705 6.422 7.278 5.391 3.747 5.570 6.250 3.603 4.353 2.008 1.691 0.000 0.000 0.000 0.000 0.000 0.000 0.000 0.000 0.000 0.000 0.000 0.000 0.000 0.000 0.000 0.000 0.000 0.000 0.000
-999.250 -999.250 -999.250 -999.250 -999.250 -999.250 -999.250 -999.250 -999.250 -999.250 -999.250 -999.250 -999.250 -999.250 -999.250 -999.250 -999.250 -999.250 -999.250 -999.250 -999.250 -999.250 -999.250 -999.250 -999.250 -999.250 -999.250 -999.250 -999.250 -999.250 14.472 10.651 13.747 8.538 9.038 8.662 6.344 4.697 8.902 5.512 7.234 7.837 4.116 4.892 2.430 4.837 4.229 1.085 0.034 0.000 0.000 0.000 0.000 0.000 0.000 0.000 0.000 0.000 0.000 0.000 0.000 0.000 0.000 0.000 0.000 0.000 0.000 0.000 0.000
-999.250 -999.250 -999.250 -999.250 -999.250 -999.250 -999.250 -999.250 -999.250 -999.250 -999.250 -999.250 -999.250 -999.250 -999.250 -999.250 -999.250 -999.250 -999.250 -999.250 -999.250 -999.250 -999.250 -999.250 -999.250 -999.250 -999.250 -999.250 -999.250 -999.250 -999.250 12.420 9.542 9.582 8.381 8.276 10.410 8.688 7.918 6.308 8.744 6.532 3.631 3.546 4.234 4.814 3.922 1.420 0.000 0.000 0.000 0.000 0.000 0.000 0.000 0.000 0.000 0.000 0.000 0.000 0.000 0.000 0.000 0.000 0.000 0.000 0.000 0.000 0.000
-999.250 -999.250 -999.250 -999.250 -999.250 -999.250 -999.250 -999.250 -999.250 -999.250 -999.250 -999.250 -999.250 -999.250 -999.250 -999.250 -999.250 -999.250 -999.250 -999.250 -999.250 -999.250 -999.250 -999.250 -999.250 -999.250 -999.250 -999.250 -999.250 -999.250 10.119 12.072 13.534 10.359 8.323 6.248 4.390 6.969 7.294 4.950 5.537 3.402 2.071 2.946 2.917 2.790 4.316 2.288 0.000 0.000 0.000 0.000 0.000 0.000 0.000 0.000 0.000 0.000 0.000 0.000 0.000 0.000 0.000 0.000 0.000 0.000 0.000 0.000 0.000
-999.250 -999.250 -999.250 -999.250 -999.250 -999.250 -999.250 -999.250 -999.250 -999.250 -999.250 -999.250 -999.250 -999.250 -999.250 -999.250 -999.250 -999.250 -999.250 -999.250 -999.250 -999.250 -999.250 -999.250 -999.250 -999.250 -999.250 -999.250 -999.250 -999.250 -999.250 7.233 11.572 9.889 8.383 7.252 5.047 4.939 6.748 6.665 7.258 4.672 4.729 3.526 3.683 3.635 3.524 1.288 0.000 0.000 0.000 0.000 0.000 0.000 0.000 0.000 0.000 0.000 0.000 0.000 0.000 0.000 0.000 0.000 0.000 0.000 0.000 0.000 0.000
