data/medianmodel_30-Sep-2020.asc
ncols	141
nrows	288
xllcorner	-120191.398
yllcorner	-301404.813
cellsize	2000.000
NODATA_value	-999.250
[rows 90 to 119 of 288, columns 0 to 66 of 141]
-999.250 -999.250 -999.250 -999.250 -999.250 -999.250 -999.250 -999.250 -999.250 -999.250 -999.250 -999.250 -999.250 -999.250 -999.250 -999.250 -999.250 -999.250 -999.250 -999.250 -999.250 -999.250 -999.250 -999.250 -999.250 -999.250 -999.250 -999.250 -999.250 -999.250 -999.250 -999.250 10.782 11.818 12.617 11.903 13.193 15.415 19.112 20.473 18.642 17.878 16.477 16.773 16.100 15.796 14.264 16.998 15.763 17.518 16.994 18.497 19.179 24.250 28.702 31.710 38.338 46.166 49.208 55.833 58.899 59.759 60.705 62.553 60.004 62.377 61.818
-999.250 -999.250 -999.250 -999.250 -999.250 -999.250 -999.250 -999.250 -999.250 -999.250 -999.250 -999.250 -999.250 -999.250 -999.250 -999.250 -999.250 -999.250 -999.250 -999.250 -999.250 -999.250 -999.250 -999.250 -999.250 -999.250 -999.250 -999.250 -999.250 -999.250 -999.250 -999.250 8.281 7.926 8.622 11.523 13.450 15.063 18.573 18.417 19.233 21.632 20.107 17.181 17.576 15.142 16.059 16.822 16.501 20.251 15.770 18.524 20.930 25.028 28.248 31.404 36.268 42.714 52.627 57.926 60.001 58.243 60.476 61.813 60.062 61.517 56.286
-999.250 -999.250 -999.250 -999.250 -999.250 -999.250 -999.250 -999.250 -999.250 -999.250 -999.250 -999.250 -999.250 -999.250 -999.250 -999.250 -999.250 -999.250 -999.250 -999.250 -999.250 -999.250 -999.250 -999.250 -999.250 -999.250 -999.250 -999.250 -999.250 -999.250 -999.250 6.772 5.030 7.445 6.590 11.318 12.005 16.208 16.563 18.268 20.012 23.104 20.193 20.580 20.451 18.345 17.829 20.105 18.497 18.832 17.362 15.041 21.278 25.260 27.027 31.342 33.423 47.279 53.430 58.204 59.088 58.516 61.216 57.845 54.983 54.011 54.678
-999.250 -999.250 -999.250 -999.250 -999.250 -999.250 -999.250 -999.250 -999.250 -999.250 -999.250 -999.250 -999.250 -999.250 -999.250 -999.250 -999.250 -999.250 -999.250 -999.250 -999.250 -999.250 -999.250 -999.250 -999.250 -999.250 -999.250 -999.250 -999.250 -999.250 -999.250 5.439 3.310 2.132 3.491 10.015 13.714 14.476 20.041 22.535 23.164 26.134 25.114 26.780 23.656 22.208 22.012 19.469 18.182 17.089 16.496 18.179 19.996 23.736 28.737 29.594 34.873 44.079 47.055 57.410 57.100 59.565 58.223 54.623 51.508 46.419 45.135
-999.250 -999.250 -999.250 -999.250 -999.250 -999.250 -999.250 -999.250 -999.250 -999.250 -999.250 -999.250 -999.250 -999.250 -999.250 -999.250 -999.250 -999.250 -999.250 -999.250 -999.250 -999.250 -999.250 -999.250 -999.250 -999.250 -999.250 -999.250 -999.250 -999.250 -999.250 4.740 0.400 0.000 0.532 8.974 14.839 19.920 23.703 24.994 27.747 29.162 26.656 31.354 26.360 24.893 22.537 18.680 18.649 15.362 17.540 17.631 18.399 21.651 25.438 27.973 30.901 41.769 50.795 57.957 59.696 59.942 55.505 47.937 43.971 36.871 35.544
-999.250 -999.250 -999.250 -999.250 -999.250 -999.250 -999.250 -999.250 -999.250 -999.250 -999.250 -999.250 -999.250 -999.250 -999.250 -999.250 -999.250 -999.250 -999.250 -999.250 -999.250 -999.250 -999.250 -999.250 -999.250 -999.250 -999.250 -999.250 -999.250 -999.250 -999.250 2.531 1.071 0.044 0.000 10.330 16.335 20.480 28.663 34.835 35.571 34.865 29.859 31.068 28.628 25.505 20.381 18.736 16.777 17.708 17.086 15.657 16.981 18.973 22.108 26.528 31.728 42.620 52.883 60.044 63.806 58.984 48.977 43.543 35.248 32.310 31.410
-999.250 -999.250 -999.250 -999.250 -999.250 -999.250 -999.250 -999.250 -999.250 -999.250 -999.250 -999.250 -999.250 -999.250 -999.250 -999.250 -999.250 -999.250 -999.250 -999.250 -999.250 -999.250 -999.250 -999.250 -999.250 -999.250 -999.250 -999.250 -999.250 -999.250 4.233 3.276 6.767 6.225 9.123 14.995 22.506 28.759 34.474 41.250 44.151 43.687 39.104 34.034 30.272 26.219 22.211 21.040 17.800 17.360 16.397 16.676 16.898 17.877 19.485 24.489 27.135 34.455 50.879 66.973 62.245 59.395 48.820 38.297 30.735 31.504 28.552
-999.250 -999.250 -999.250 -999.250 -999.250 -999.250 -999.250 -999.250 -999.250 -999.250 -999.250 -999.250 -999.250 -999.250 -999.250 -999.250 -999.250 -999.250 -999.250 -999.250 -999.250 -999.250 -999.250 -999.250 -999.250 -999.250 -999.250 -999.250 -999.250 -999.250 5.609 9.052 11.651 14.938 16.514 19.160 27.812 37.779 46.476 54.799 51.587 51.930 47.371 43.781 36.670 29.608 25.108 22.684 21.809 19.286 19.384 19.241 19.644 17.618 19.644 19.566 18.736 23.711 37.699 49.619 53.212 50.728 44.948 33.173 27.392 26.934 27.360
-999.250 -999.250 -999.250 -999.250 -999.250 -999.250 -999.250 -999.250 -999.250 -999.250 -999.250 -999.250 -999.250 -999.250 -999.250 -999.250 -999.250 -999.250 -999.250 -999.250 -999.250 -999.250 -999.250 -999.250 -999.250 -999.250 -999.250 -999.250 -999.250 -999.250 11.036 13.228 17.895 19.585 22.270 29.905 34.216 48.241 57.472 63.827 65.459 61.099 56.060 46.280 38.044 30.696 31.084 26.117 24.871 23.877 24.254 22.358 24.185 22.526 19.487 16.320 12.829 11.360 29.557 38.093 43.695 44.344 36.888 30.071 26.390 25.005 25.876
-999.250 -999.250 -999.250 -999.250 -999.250 -999.250 -999.250 -999.250 -999.250 -999.250 -999.250 -999.250 -999.250 -999.250 -999.250 -999.250 -999.250 -999.250 -999.250 -999.250 -999.250 -999.250 -999.250 -999.250 -999.250 -999.250 -999.250 -999.250 -999.250 -999.250 15.021 15.342 18.066 22.051 30.291 33.691 44.352 51.410 59.535 70.055 74.262 63.438 57.188 51.103 38.992 36.805 31.635 29.515 28.191 27.617 28.592 28.380 27.093 26.561 21.312 18.122 16.238 18.394 26.907 32.220 35.643 34.135 32.327 29.260 23.833 25.198 23.700
-999.250 -999.250 -999.250 -999.250 -999.250 -999.250 -999.250 -999.250 -999.250 -999.250 -999.250 -999.250 -999.250 -999.250 -999.250 -999.250 -999.250 -999.250 -999.250 -999.250 -999.250 -999.250 -999.250 -999.250 -999.250 -999.250 -999.250 -999.250 -999.250 14.409 18.114 22.110 23.159 24.881 32.699 36.051 47.260 53.401 60.462 64.219 67.877 61.759 60.181 53.558 47.128 39.416 36.205 34.932 32.867 30.675 33.153 33.614 33.825 30.041 27.700 23.306 23.208 23.887 26.340 30.556 32.927 30.579 29.210 26.858 22.995 22.324 22.201
-999.250 -999.250 -999.250 -999.250 -999.250 -999.250 -999.250 -999.250 -999.250 -999.250 -999.250 -999.250 -999.250 -999.250 -999.250 -999.250 -999.250 -999.250 -999.250 -999.250 -999.250 -999.250 -999.250 -999.250 -999.250 -999.250 -999.250 -999.250 -999.250 16.492 17.465 25.541 27.857 30.167 36.804 38.822 49.455 53.536 61.080 64.905 66.680 63.635 61.992 57.180 52.612 50.446 44.635 40.390 41.278 38.593 40.030 37.006 39.386 34.055 33.730 29.456 26.032 27.414 28.858 28.480 28.204 27.822 26.192 24.013 22.736 22.636 21.824
-999.250 -999.250 -999.250 -999.250 -999.250 -999.250 -999.250 -999.250 -999.250 -999.250 -999.250 -999.250 -999.250 -999.250 -999.250 -999.250 -999.250 -999.250 -999.250 -999.250 -999.250 -999.250 -999.250 -999.250 -999.250 -999.250 -999.250 -999.250 -999.250 16.157 19.309 27.040 30.786 34.990 40.382 43.677 52.504 58.660 61.190 63.391 65.848 67.080 64.429 60.313 57.696 53.142 50.533 45.237 41.635 41.960 43.294 44.457 45.209 43.815 36.927 30.683 27.524 29.049 28.548 29.303 25.909 26.887 25.049 23.957 24.531 24.152 21.795
-999.250 -999.250 -999.250 -999.250 -999.250 -999.250 -999.250 -999.250 -999.250 -999.250 -999.250 -999.250 -999.250 -999.250 -999.250 -999.250 -999.250 -999.250 -999.250 -999.250 -999.250 -999.250 -999.250 -999.250 -999.250 -999.250 -999.250 -999.250 -999.250 17.417 20.669 24.965 31.324 40.816 41.531 48.629 53.674 60.351 62.444 63.945 66.323 62.902 64.768 63.129 60.573 59.901 52.244 49.044 48.503 46.696 40.436 44.951 43.683 44.474 42.570 37.633 30.091 27.126 27.319 25.619 24.083 27.931 23.476 22.034 23.921 21.217 21.484
-999.250 -999.250 -999.250 -999.250 -999.250 -999.250 -999.250 -999.250 -999.250 -999.250 -999.250 -999.250 -999.250 -999.250 -999.250 -999.250 -999.250 -999.250 -999.250 -999.250 -999.250 -999.250 -999.250 -999.250 -999.250 -999.250 -999.250 -999.250 18.131 19.933 20.252 26.990 31.982 38.793 45.872 47.287 53.703 61.486 63.341 63.697 65.733 63.130 64.069 63.494 61.092 58.839 52.855 54.958 49.039 47.874 46.372 40.475 41.421 39.174 42.120 31.979 29.456 28.267 26.738 23.684 24.771 22.409 23.118 25.614 23.351 24.655 22.484
-999.250 -999.250 -999.250 -999.250 -999.250 -999.250 -999.250 -999.250 -999.250 -999.250 -999.250 -999.250 -999.250 -999.250 -999.250 -999.250 -999.250 -999.250 -999.250 -999.250 -999.250 -999.250 -999.250 -999.250 -999.250 -999.250 -999.250 -999.250 16.741 18.874 23.995 26.586 28.243 33.038 39.655 48.690 55.389 61.191 61.574 63.219 64.032 63.681 64.486 64.221 60.514 59.559 55.901 55.256 52.689 46.302 45.351 39.533 35.230 35.351 33.334 30.770 27.908 26.073 23.903 24.477 21.064 24.579 24.897 25.221 20.446 21.148 21.713
-999.250 -999.250 -999.250 -999.250 -999.250 -999.250 -999.250 -999.250 -999.250 -999.250 -999.250 -999.250 -999.250 -999.250 -999.250 -999.250 -999.250 -999.250 -999.250 -999.250 -999.250 -999.250 -999.250 -999.250 -999.250 -999.250 -999.250 15.293 16.126 16.971 22.473 23.666 30.162 35.768 38.748 42.592 52.349 55.453 59.467 59.817 62.825 61.594 64.357 65.154 63.643 59.344 54.597 54.462 48.567 42.435 45.714 40.901 35.785 35.143 31.629 27.444 26.396 24.398 23.059 20.862 21.777 23.361 24.241 26.024 24.363 24.618 21.849
-999.250 -999.250 -999.250 -999.250 -999.250 -999.250 -999.250 -999.250 -999.250 -999.250 -999.250 -999.250 -999.250 -999.250 -999.250 -999.250 -999.250 -999.250 -999.250 -999.250 -999.250 -999.250 -999.250 -999.250 -999.250 -999.250 -999.250 16.138 16.796 22.074 22.103 22.425 27.009 29.563 34.394 38.839 42.646 54.640 57.090 58.547 61.418 61.796 61.215 58.942 59.404 59.515 55.797 54.604 53.222 46.530 41.848 36.438 35.510 30.713 28.823 27.381 24.684 23.296 20.840 18.899 18.106 23.580 22.966 27.238 24.024 21.112 17.698
-999.250 -999.250 -999.250 -999.250 -999.250 -999.250 -999.250 -999.250 -999.250 -999.250 -999.250 -999.250 -999.250 -999.250 -999.250 -999.250 -999.250 -999.250 -999.250 -999.250 -999.250 -999.250 -999.250 -999.250 -999.250 -999.250 -999.250 15.927 17.091 19.044 23.900 23.212 27.623 31.272 32.979 34.805 39.727 46.910 51.062 56.836 54.010 57.928 58.457 58.431 61.792 61.066 56.519 53.123 51.071 48.825 43.170 37.363 33.343 29.797 29.302 24.788 22.346 19.466 20.790 17.210 15.196 15.755 19.961 19.663 18.202 16.611 16.776
-999.250 -999.250 -999.250 -999.250 -999.250 -999.250 -999.250 -999.250 -999.250 -999.250 -999.250 -999.250 -999.250 -999.250 -999.250 -999.250 -999.250 -999.250 -999.250 -999.250 -999.250 -999.250 -999.250 -999.250 -999.250 -999.250 -999.250 17.727 17.810 18.655 23.831 24.234 24.213 28.625 32.209 35.781 41.647 40.062 51.477 53.972 52.457 54.642 58.722 58.966 59.584 59.896 55.862 55.573 52.137 51.180 44.895 40.004 33.348 30.387 26.593 25.892 24.084 17.730 15.480 13.335 12.174 12.933 12.991 13.503 13.813 12.218 12.869
-999.250 -999.250 -999.250 -999.250 -999.250 -999.250 -999.250 -999.250 -999.250 -999.250 -999.250 -999.250 -999.250 -999.250 -999.250 -999.250 -999.250 -999.250 -999.250 -999.250 -999.250 -999.250 -999.250 -999.250 -999.250 -999.250 -999.250 -999.250 17.778 23.819 24.757 26.017 23.415 25.874 28.935 31.865 38.282 41.123 45.014 45.034 48.193 50.830 57.693 59.402 61.617 61.533 53.738 50.964 51.286 48.654 44.134 36.001 32.325 28.712 28.856 26.651 21.074 16.411 13.684 9.621 8.165 7.400 8.216 10.251 10.772 11.925 11.168
-999.250 -999.250 -999.250 -999.250 -999.250 -999.250 -999.250 -999.250 -999.250 -999.250 -999.250 -999.250 -999.250 -999.250 -999.250 -999.250 -999.250 -999.250 -999.250 -999.250 -999.250 -999.250 -999.250 -999.250 -999.250 -999.250 -999.250 -999.250 19.608 22.433 20.708 23.552 24.965 29.013 29.060 32.981 33.518 36.831 40.151 42.614 41.816 51.397 53.786 55.032 57.833 57.140 52.911 52.962 47.299 41.370 38.469 34.165 32.626 29.208 25.429 24.412 20.972 14.880 12.292 6.233 0.000 2.485 6.454 8.024 7.777 6.966 6.687
-999.250 -999.250 -999.250 -999.250 -999.250 -999.250 -999.250 -999.250 -999.250 -999.250 -999.250 -999.250 -999.250 -999.250 -999.250 -999.250 -999.250 -999.250 -999.250 -999.250 -999.250 -999.250 -999.250 -999.250 -999.250 -999.250 -999.250 -999.250 23.394 22.715 22.599 21.151 24.704 28.435 28.974 28.730 30.185 31.739 33.388 33.670 36.351 43.383 48.799 52.066 54.551 57.644 54.797 48.716 44.521 38.168 34.483 32.709 30.898 26.179 23.814 23.313 16.486 13.306 9.631 3.396 0.551 2.368 1.325 5.884 5.933 5.393 3.417
-999.250 -999.250 -999.250 -999.250 -999.250 -999.250 -999.250 -999.250 -999.250 -999.250 -999.250 -999.250 -999.250 -999.250 -999.250 -999.250 -999.250 -999.250 -999.250 -999.250 -999.250 -999.250 -999.250 -999.250 -999.250 -999.250 -999.250 -999.250 22.105 21.914 21.360 20.055 22.555 24.319 26.890 24.569 26.962 27.115 24.319 27.159 32.382 38.036 39.036 46.727 50.334 56.392 51.245 41.399 34.644 32.630 30.911 31.476 27.737 24.927 19.407 17.828 15.682 12.390 8.286 4.065 2.036 4.043 1.510 1.858 4.190 4.394 4.050
-999.250 -999.250 -999.250 -999.250 -999.250 -999.250 -999.250 -999.250 -999.250 -999.250 -999.250 -999.250 -999.250 -999.250 -999.250 -999.250 -999.250 -999.250 -999.250 -999.250 -999.250 -999.250 -999.250 -999.250 -999.250 -999.250 -999.250 -999.250 21.904 21.440 18.228 18.737 23.263 24.459 23.579 22.882 22.409 19.356 18.493 21.562 26.481 29.583 35.076 36.598 43.940 44.447 41.518 35.713 30.053 26.789 25.563 26.873 22.462 21.289 17.930 15.084 14.247 7.832 5.881 3.746 2.739 1.282 2.055 1.026 4.510 3.810 3.149
-999.250 -999.250 -999.250 -999.250 -999.250 -999.250 -999.250 -999.250 -999.250 -999.250 -999.250 -999.250 -999.250 -999.250 -999.250 -999.250 -999.250 -999.250 -999.250 -999.250 -999.250 -999.250 -999.250 -999.250 -999.250 -999.250 -999.250 23.765 23.891 19.758 21.749 21.466 19.805 21.527 21.591 20.859 21.499 19.241 14.762 11.682 19.320 23.817 27.940 30.684 35.634 32.623 31.787 28.409 23.250 18.427 17.282 17.514 15.661 15.902 13.680 13.083 10.779 8.325 4.338 5.568 3.194 5.309 4.352 2.696 5.508 3.621 1.910
-999.250 -999.250 -999.250 -999.250 -999.250 -999.250 -999.250 -999.250 -999.250 -999.250 -999.250 -999.250 -999.250 -999.250 -999.250 -999.250 -999.250 -999.250 -999.250 -999.250 -999.250 -999.250 -999.250 -999.250 -999.250 -999.250 -999.250 24.560 23.281 25.204 23.692 22.960 24.019 22.684 21.303 20.265 18.523 15.532 14.220 12.011 15.372 21.534 25.072 26.332 27.808 27.885 26.017 19.670 13.894 10.382 11.084 13.560 11.726 12.060 11.149 10.492 6.645 2.039 1.582 2.740 3.368 7.798 3.976 6.876 7.195 4.220 7.994
-999.250 -999.250 -999.250 -999.250 -999.250 -999.250 -999.250 -999.250 -999.250 -999.250 -999.250 -999.250 -999.250 -999.250 -999.250 -999.250 -999.250 -999.250 -999.250 -999.250 -999.250 -999.250 -999.250 -999.250 -999.250 -999.250 -999.250 25.700 28.051 28.380 25.420 25.128 27.008 25.024 22.899 23.945 18.636 17.615 15.192 15.862 15.889 17.776 21.273 20.978 19.646 20.437 19.504 14.252 9.503 0.000 3.333 5.091 11.556 11.167 11.752 9.652 1.880 0.000 3.285 6.935 8.787 8.428 9.804 11.589 9.576 9.856 9.737
-999.250 -999.250 -999.250 -999.250 -999.250 -999.250 -999.250 -999.250 -999.250 -999.250 -999.250 -999.250 -999.250 -999.250 -999.250 -999.250 -999.250 -999.250 -999.250 -999.250 -999.250 -999.250 -999.250 -999.250 -999.250 -999.250 25.371 30.155 25.625 27.290 28.299 27.229 28.864 27.292 27.688 27.025 25.466 21.999 20.407 18.911 19.138 21.664 19.347 18.662 18.194 15.328 13.180 10.143 4.622 0.000 1.546 4.991 8.742 8.887 7.255 8.044 4.360 4.428 8.807 12.974 12.730 14.611 13.360 14.788 14.146 13.425 12.944
-999.250 -999.250 -999.250 -999.250 -999.250 -999.250 -999.250 -999.250 -999.250 -999.250 -999.250 -999.250 -999.250 -999.250 -999.250 -999.250 -999.250 -999.250 -999.250 -999.250 -999.250 -999.250 -999.250 -999.250 -999.250 -999.250 29.647 27.801 28.422 27.158 29.768 27.844 30.225 28.190 27.826 29.491 28.230 27.485 24.762 22.848 21.365 19.778 19.623 17.307 16.993 14.323 10.417 9.071 3.745 0.653 3.381 2.560 7.091 6.465 7.918 9.447 9.276 12.217 14.122 18.539 17.089 17.928 19.761 18.381 16.698 18.020 15.599
