data/medianmodel_03-Jul-2020.asc
ncols	141
nrows	288
xllcorner	-120191.398
yllcorner	-301404.813
cellsize	2000.000
NODATA_value	-999.250
[rows 93 to 123 of 288, columns 0 to 68 of 141]
-999.250 -999.250 -999.250 -999.250 -999.250 -999.250 -999.250 -999.250 -999.250 -999.250 -999.250 -999.250 -999.250 -999.250 -999.250 -999.250 -999.250 -999.250 -999.250 -999.250 -999.250 -999.250 -999.250 -999.250 -999.250 -999.250 -999.250 -999.250 -999.250 -999.250 -999.250 0.000 0.000 0.000 1.480 5.556 9.865 14.666 21.230 29.930 29.925 27.607 25.936 30.165 22.961 16.726 11.006 6.304 4.602 2.438 0.000 0.000 0.000 0.000 0.000 0.000 0.000 0.000 0.000 0.000 0.000 0.000 0.000 0.000 0.000 0.000 0.000 0.000 0.000
-999.250 -999.250 -999.250 -999.250 -999.250 -999.250 -999.250 -999.250 -999.250 -999.250 -999.250 -999.250 -999.250 -999.250 -999.250 -999.250 -999.250 -999.250 -999.250 -999.250 -999.250 -999.250 -999.250 -999.250 -999.250 -999.250 -999.250 -999.250 -999.250 -999.250 -999.250 0.000 0.000 0.000 0.572 3.346 7.749 11.493 13.938 20.136 20.775 21.758 21.146 20.339 19.032 15.929 8.571 5.107 0.580 0.000 0.000 0.000 0.000 0.000 0.000 0.000 0.000 0.000 0.000 0.000 0.000 0.000 0.000 0.000 0.000 0.000 0.000 0.000 0.000
-999.250 -999.250 -999.250 -999.250 -999.250 -999.250 -999.250 -999.250 -999.250 -999.250 -999.250 -999.250 -999.250 -999.250 -999.250 -999.250 -999.250 -999.250 -999.250 -999.250 -999.250 -999.250 -999.250 -999.250 -999.250 -999.250 -999.250 -999.250 -999.250 -999.250 -999.250 0.000 0.000 0.000 0.000 1.380 4.614 8.521 13.440 17.927 18.897 19.866 19.073 16.448 17.333 13.796 9.687 5.172 1.079 0.000 0.000 0.000 0.000 0.000 0.000 0.000 0.000 0.000 0.000 0.000 0.000 0.000 0.000 0.000 0.000 0.000 0.000 0.000 0.000
-999.250 -999.250 -999.250 -999.250 -999.250 -999.250 -999.250 -999.250 -999.250 -999.250 -999.250 -999.250 -999.250 -999.250 -999.250 -999.250 -999.250 -999.250 -999.250 -999.250 -999.250 -999.250 -999.250 -999.250 -999.250 -999.250 -999.250 -999.250 -999.250 -999.250 0.000 0.000 0.000 0.000 0.000 0.000 2.272 6.237 9.517 13.175 16.424 16.428 17.155 16.465 15.362 15.158 13.719 7.769 3.164 0.000 0.000 0.000 0.000 0.000 0.000 0.000 0.000 0.000 0.000 0.000 0.000 0.000 0.000 0.000 0.000 0.000 0.000 0.000 0.000
-999.250 -999.250 -999.250 -999.250 -999.250 -999.250 -999.250 -999.250 -999.250 -999.250 -999.250 -999.250 -999.250 -999.250 -999.250 -999.250 -999.250 -999.250 -999.250 -999.250 -999.250 -999.250 -999.250 -999.250 -999.250 -999.250 -999.250 -999.250 -999.250 -999.250 0.000 0.000 0.000 0.000 0.000 0.000 1.469 4.664 7.350 11.332 14.984 13.917 12.628 15.025 16.355 17.501 20.086 10.728 3.368 0.000 0.000 0.000 0.000 0.000 0.000 0.000 0.000 0.000 0.000 0.000 0.000 0.000 0.000 0.000 0.000 0.000 0.000 0.000 0.000
-999.250 -999.250 -999.250 -999.250 -999.250 -999.250 -999.250 -999.250 -999.250 -999.250 -999.250 -999.250 -999.250 -999.250 -999.250 -999.250 -999.250 -999.250 -999.250 -999.250 -999.250 -999.250 -999.250 -999.250 -999.250 -999.250 -999.250 -999.250 -999.250 -999.250 0.000 0.000 0.000 0.000 0.000 0.000 0.000 3.784 6.777 10.160 13.238 13.636 12.257 12.461 13.317 14.398 14.276 8.534 4.631 0.590 0.000 0.000 0.000 0.000 0.000 0.000 0.000 0.000 0.000 0.000 0.000 0.000 0.000 0.000 0.000 0.000 0.000 0.000 0.000
-999.250 -999.250 -999.250 -999.250 -999.250 -999.250 -999.250 -999.250 -999.250 -999.250 -999.250 -999.250 -999.250 -999.250 -999.250 -999.250 -999.250 -999.250 -999.250 -999.250 -999.250 -999.250 -999.250 -999.250 -999.250 -999.250 -999.250 -999.250 -999.250 -999.250 0.000 0.000 0.000 0.000 0.000 0.000 0.000 3.822 7.271 10.185 14.281 11.014 10.167 10.601 8.794 9.490 10.762 6.535 4.380 0.104 0.000 0.000 0.000 0.000 0.000 0.000 0.000 0.000 0.000 0.000 0.000 0.000 0.000 0.000 0.000 0.000 0.000 0.000 0.000
-999.250 -999.250 -999.250 -999.250 -999.250 -999.250 -999.250 -999.250 -999.250 -999.250 -999.250 -999.250 -999.250 -999.250 -999.250 -999.250 -999.250 -999.250 -999.250 -999.250 -999.250 -999.250 -999.250 -999.250 -999.250 -999.250 -999.250 -999.250 -999.250 0.000 0.000 0.000 0.000 0.000 0.000 0.000 0.000 1.518 4.458 7.181 7.937 9.096 7.223 6.799 8.674 9.482 7.351 4.980 4.144 1.890 0.895 0.000 0.000 0.000 0.000 0.649 0.000 0.000 0.000 0.000 0.000 0.000 0.000 0.000 0.000 0.000 0.000 0.000 0.000
-999.250 -999.250 -999.250 -999.250 -999.250 -999.250 -999.250 -999.250 -999.250 -999.250 -999.250 -999.250 -999.250 -999.250 -999.250 -999.250 -999.250 -999.250 -999.250 -999.250 -999.250 -999.250 -999.250 -999.250 -999.250 -999.250 -999.250 -999.250 -999.250 0.000 0.000 0.000 0.000 0.000 0.000 0.000 0.000 0.000 2.415 4.421 4.484 5.358 5.628 5.104 7.085 5.643 5.683 4.789 3.598 3.629 4.239 1.983 2.156 2.020 3.385 3.586 3.227 4.393 3.212 0.421 0.000 0.000 0.000 0.000 0.000 0.000 0.000 0.000 0.000
-999.250 -999.250 -999.250 -999.250 -999.250 -999.250 -999.250 -999.250 -999.250 -999.250 -999.250 -999.250 -999.250 -999.250 -999.250 -999.250 -999.250 -999.250 -999.250 -999.250 -999.250 -999.250 -999.250 -999.250 -999.250 -999.250 -999.250 -999.250 -999.250 0.000 0.000 0.000 0.000 0.000 0.000 0.000 0.000 0.000 0.095 1.631 2.695 2.062 2.260 3.842 4.112 5.441 4.515 4.068 6.483 4.882 6.212 6.914 6.933 7.303 6.816 7.764 10.011 9.452 6.286 3.111 1.144 0.000 0.000 0.000 0.000 0.000 0.000 0.000 0.000
-999.250 -999.250 -999.250 -999.250 -999.250 -999.250 -999.250 -999.250 -999.250 -999.250 -999.250 -999.250 -999.250 -999.250 -999.250 -999.250 -999.250 -999.250 -999.250 -999.250 -999.250 -999.250 -999.250 -999.250 -999.250 -999.250 -999.250 -999.250 -999.250 0.000 0.000 0.000 0.000 0.000 0.000 0.000 0.000 0.000 0.000 0.000 0.000 0.000 0.019 1.805 3.257 4.207 4.115 4.930 6.638 7.688 9.323 12.160 14.093 14.931 14.888 14.166 13.912 10.994 11.410 9.037 3.654 1.680 0.043 0.000 0.000 0.000 0.000 0.000 0.000
-999.250 -999.250 -999.250 -999.250 -999.250 -999.250 -999.250 -999.250 -999.250 -999.250 -999.250 -999.250 -999.250 -999.250 -999.250 -999.250 -999.250 -999.250 -999.250 -999.250 -999.250 -999.250 -999.250 -999.250 -999.250 -999.250 -999.250 -999.250 0.547 0.000 0.000 0.000 0.000 0.000 0.000 0.000 0.000 0.000 0.000 0.000 0.000 0.000 0.000 0.968 2.660 3.737 4.019 6.498 8.330 12.130 14.603 17.463 19.602 22.002 21.422 19.627 18.572 15.882 14.647 10.864 6.616 4.850 0.994 1.111 0.000 0.000 0.000 0.607 1.718
-999.250 -999.250 -999.250 -999.250 -999.250 -999.250 -999.250 -999.250 -999.250 -999.250 -999.250 -999.250 -999.250 -999.250 -999.250 -999.250 -999.250 -999.250 -999.250 -999.250 -999.250 -999.250 -999.250 -999.250 -999.250 -999.250 -999.250 -999.250 0.629 0.000 0.000 0.000 0.000 0.000 0.000 0.000 0.000 0.000 0.000 0.000 0.000 0.000 0.000 0.000 1.439 3.648 7.454 7.790 10.529 13.100 18.008 19.463 25.280 32.609 35.461 30.260 22.032 17.876 12.162 11.511 6.306 4.504 1.598 1.956 1.538 1.604 1.116 2.621 5.077
-999.250 -999.250 -999.250 -999.250 -999.250 -999.250 -999.250 -999.250 -999.250 -999.250 -999.250 -999.250 -999.250 -999.250 -999.250 -999.250 -999.250 -999.250 -999.250 -999.250 -999.250 -999.250 -999.250 -999.250 -999.250 -999.250 -999.250 0.000 0.026 0.000 0.000 0.000 0.000 0.000 0.000 0.000 0.000 0.000 0.000 0.000 0.000 0.000 0.000 0.000 0.065 3.068 5.604 7.686 9.564 14.294 17.705 23.070 24.658 33.953 45.186 41.697 26.680 19.394 14.863 10.298 7.256 5.110 4.604 4.590 3.755 3.533 5.150 6.500 6.685
-999.250 -999.250 -999.250 -999.250 -999.250 -999.250 -999.250 -999.250 -999.250 -999.250 -999.250 -999.250 -999.250 -999.250 -999.250 -999.250 -999.250 -999.250 -999.250 -999.250 -999.250 -999.250 -999.250 -999.250 -999.250 -999.250 -999.250 0.000 0.000 0.000 0.000 0.000 0.000 0.000 0.000 0.000 0.000 0.000 0.000 0.000 0.000 0.000 0.000 0.000 0.000 2.849 5.596 8.118 10.184 14.987 17.874 22.552 27.915 39.388 57.645 42.706 31.257 20.933 16.706 10.041 7.515 6.970 5.240 9.079 7.159 7.750 8.543 10.826 11.146
-999.250 -999.250 -999.250 -999.250 -999.250 -999.250 -999.250 -999.250 -999.250 -999.250 -999.250 -999.250 -999.250 -999.250 -999.250 -999.250 -999.250 -999.250 -999.250 -999.250 -999.250 -999.250 -999.250 -999.250 -999.250 -999.250 -999.250 0.000 0.000 0.000 0.000 0.000 0.000 0.000 0.000 0.000 0.000 0.000 0.000 0.000 0.000 0.000 0.000 0.000 0.000 1.506 3.489 8.070 10.805 12.058 17.416 22.305 25.919 32.870 46.386 35.851 26.774 19.052 15.156 10.285 9.263 6.271 5.411 6.617 8.714 11.091 14.331 14.583 18.220
-999.250 -999.250 -999.250 -999.250 -999.250 -999.250 -999.250 -999.250 -999.250 -999.250 -999.250 -999.250 -999.250 -999.250 -999.250 -999.250 -999.250 -999.250 -999.250 -999.250 -999.250 -999.250 -999.250 -999.250 -999.250 -999.250 -999.250 0.000 0.000 0.000 0.000 0.000 0.000 0.000 0.000 0.000 0.000 0.000 0.000 0.000 0.000 0.000 0.000 0.000 0.000 2.345 4.740 5.970 7.524 10.448 16.319 19.584 23.384 25.833 28.049 26.489 20.667 15.042 12.502 8.435 5.679 3.268 5.036 8.275 9.803 14.346 17.161 19.235 24.453
-999.250 -999.250 -999.250 -999.250 -999.250 -999.250 -999.250 -999.250 -999.250 -999.250 -999.250 -999.250 -999.250 -999.250 -999.250 -999.250 -999.250 -999.250 -999.250 -999.250 -999.250 -999.250 -999.250 -999.250 -999.250 -999.250 -999.250 -999.250 0.000 0.000 0.000 0.000 0.000 0.000 0.000 0.000 0.000 0.000 0.000 0.000 0.000 0.000 0.000 0.000 0.000 0.000 0.843 2.555 4.702 7.878 11.892 14.511 17.387 19.873 18.911 15.731 13.161 11.092 7.101 4.455 2.958 1.996 3.828 8.105 9.538 14.130 17.741 26.534 28.432
-999.250 -999.250 -999.250 -999.250 -999.250 -999.250 -999.250 -999.250 -999.250 -999.250 -999.250 -999.250 -999.250 -999.250 -999.250 -999.250 -999.250 -999.250 -999.250 -999.250 -999.250 -999.250 -999.250 -999.250 -999.250 -999.250 -999.250 -999.250 0.000 0.000 0.000 0.000 0.000 0.000 0.000 0.000 0.000 0.000 0.000 0.000 0.000 0.000 0.000 0.000 0.000 0.000 0.000 0.247 1.978 5.415 9.462 9.106 12.258 14.164 12.458 9.742 6.633 4.347 3.387 0.000 0.000 0.000 2.148 6.045 12.384 15.971 25.433 35.140 39.806
-999.250 -999.250 -999.250 -999.250 -999.250 -999.250 -999.250 -999.250 -999.250 -999.250 -999.250 -999.250 -999.250 -999.250 -999.250 -999.250 -999.250 -999.250 -999.250 -999.250 -999.250 -999.250 -999.250 -999.250 -999.250 -999.250 -999.250 -999.250 0.000 0.000 0.000 0.000 0.000 0.000 0.000 0.000 0.000 0.000 0.000 0.000 0.000 0.000 0.000 0.000 0.000 0.000 0.000 0.000 0.093 2.986 6.445 8.358 8.778 7.670 8.309 5.828 1.297 0.000 0.000 0.000 0.000 0.000 2.602 6.248 11.875 17.775 24.525 37.645 54.860
-999.250 -999.250 -999.250 -999.250 -999.250 -999.250 -999.250 -999.250 -999.250 -999.250 -999.250 -999.250 -999.250 -999.250 -999.250 -999.250 -999.250 -999.250 -999.250 -999.250 -999.250 -999.250 -999.250 -999.250 -999.250 -999.250 -999.250 -999.250 0.000 0.000 0.000 0.000 0.000 0.000 0.000 0.000 1.207 0.251 0.398 1.962 0.212 0.000 0.000 0.000 0.000 0.000 0.000 0.000 0.000 0.375 4.614 7.869 5.179 6.086 5.216 3.008 0.000 0.000 0.000 0.000 0.000 0.000 0.904 6.166 12.246 19.610 27.392 35.217 56.384
-999.250 -999.250 -999.250 -999.250 -999.250 -999.250 -999.250 -999.250 -999.250 -999.250 -999.250 -999.250 -999.250 -999.250 -999.250 -999.250 -999.250 -999.250 -999.250 -999.250 -999.250 -999.250 -999.250 -999.250 -999.250 -999.250 -999.250 -999.250 0.000 0.000 0.000 0.000 0.000 0.000 0.000 0.516 1.560 1.898 3.330 1.772 0.259 0.000 0.000 0.000 0.000 0.000 0.000 0.000 0.000 0.000 2.691 4.493 6.181 5.878 3.809 0.755 0.000 0.000 0.000 0.000 0.000 0.000 0.535 5.066 8.990 17.669 26.753 35.985 43.722
-999.250 -999.250 -999.250 -999.250 -999.250 -999.250 -999.250 -999.250 -999.250 -999.250 -999.250 -999.250 -999.250 -999.250 -999.250 -999.250 -999.250 -999.250 -999.250 -999.250 -999.250 -999.250 -999.250 -999.250 -999.250 -999.250 -999.250 0.000 0.000 0.000 0.000 0.000 0.000 0.000 0.000 1.268 2.193 2.285 4.354 5.841 1.516 0.000 0.000 0.000 0.000 0.000 0.000 0.000 0.000 0.000 0.060 5.779 7.113 9.354 8.094 3.861 0.000 0.000 0.000 0.000 0.000 0.000 0.028 6.024 11.343 17.417 23.008 34.668 40.241
-999.250 -999.250 -999.250 -999.250 -999.250 -999.250 -999.250 -999.250 -999.250 -999.250 -999.250 -999.250 -999.250 -999.250 -999.250 -999.250 -999.250 -999.250 -999.250 -999.250 -999.250 -999.250 -999.250 -999.250 -999.250 -999.250 -999.250 0.000 0.000 0.569 0.000 0.000 0.000 1.023 1.500 2.024 3.471 2.849 3.193 3.950 0.381 0.000 0.000 0.000 0.000 0.000 0.000 0.000 0.000 0.000 1.205 7.765 11.070 14.951 15.107 9.920 1.724 0.000 0.000 0.000 0.000 0.000 0.000 4.148 8.539 14.027 16.622 29.395 37.951
-999.250 -999.250 -999.250 -999.250 -999.250 -999.250 -999.250 -999.250 -999.250 -999.250 -999.250 -999.250 -999.250 -999.250 -999.250 -999.250 -999.250 -999.250 -999.250 -999.250 -999.250 -999.250 -999.250 -999.250 -999.250 -999.250 -999.250 0.000 0.000 0.597 0.000 0.357 1.788 2.514 2.336 4.088 2.219 2.879 4.097 3.027 0.000 0.000 0.000 0.000 0.000 0.000 0.000 0.000 0.000 0.000 6.574 13.967 19.921 21.251 21.352 13.664 4.224 0.000 0.000 0.000 0.000 0.000 0.000 2.443 5.697 11.850 18.045 25.184 31.375
-999.250 -999.250 -999.250 -999.250 -999.250 -999.250 -999.250 -999.250 -999.250 -999.250 -999.250 -999.250 -999.250 -999.250 -999.250 -999.250 -999.250 -999.250 -999.250 -999.250 -999.250 -999.250 -999.250 -999.250 -999.250 -999.250 0.350 0.930 0.000 0.689 0.024 3.407 1.949 4.013 3.445 4.427 4.846 5.779 3.961 2.531 0.000 0.000 0.000 0.000 0.000 0.000 0.000 0.000 0.000 5.258 14.362 21.704 30.364 35.174 29.244 18.721 8.232 0.000 0.000 0.000 0.000 0.000 0.000 0.000 4.165 9.901 14.125 18.775 24.673
-999.250 -999.250 -999.250 -999.250 -999.250 -999.250 -999.250 -999.250 -999.250 -999.250 -999.250 -999.250 -999.250 -999.250 -999.250 -999.250 -999.250 -999.250 -999.250 -999.250 -999.250 -999.250 -999.250 -999.250 -999.250 -999.250 2.463 1.175 0.169 0.119 1.130 3.606 3.661 4.974 5.817 5.712 6.123 7.192 5.421 2.514 0.000 0.000 0.000 0.000 0.000 0.000 0.000 0.000 6.366 16.605 23.640 38.636 45.431 55.316 42.842 26.918 16.721 4.686 0.000 0.000 0.000 0.000 0.000 0.000 1.207 6.623 9.793 15.539 17.824
-999.250 -999.250 -999.250 -999.250 -999.250 -999.250 -999.250 -999.250 -999.250 -999.250 -999.250 -999.250 -999.250 -999.250 -999.250 -999.250 -999.250 -999.250 -999.250 -999.250 -999.250 -999.250 -999.250 -999.250 -999.250 -999.250 3.927 3.304 2.934 1.771 3.392 6.027 5.171 5.394 5.440 5.939 6.791 8.539 6.290 2.032 0.000 0.000 0.000 0.000 0.000 0.000 0.000 1.882 10.317 23.744 37.459 57.439 69.422 68.564 60.065 46.150 24.757 10.825 0.000 0.000 0.000 0.000 0.000 0.000 0.000 3.359 6.923 11.300 13.450
-999.250 -999.250 -999.250 -999.250 -999.250 -999.250 -999.250 -999.250 -999.250 -999.250 -999.250 -999.250 -999.250 -999.250 -999.250 -999.250 -999.250 -999.250 -999.250 -999.250 -999.250 -999.250 -999.250 -999.250 -999.250 4.972 6.561 3.370 4.736 4.314 4.743 5.967 6.613 6.225 8.520 11.929 9.958 9.322 6.650 3.807 0.000 0.000 0.000 0.000 0.000 0.000 0.000 1.393 15.643 33.152 59.794 82.501 107.052 100.777 93.405 64.640 42.410 17.287 0.000 0.000 0.000 0.000 0.000 0.000 0.000 0.000 3.635 8.604 13.868
-999.250 -999.250 -999.250 -999.250 -999.250 -999.250 -999.250 -999.250 -999.250 -999.250 -999.250 -999.250 -999.250 -999.250 -999.250 -999.250 -999.250 -999.250 -999.250 -999.250 -999.250 -999.250 -999.250 -999.250 -999.250 6.704 5.923 4.246 4.881 5.597 5.920 6.876 8.369 9.573 10.075 11.056 10.120 9.812 9.233 4.420 0.396 0.000 0.000 0.000 0.000 0.000 0.000 0.000 20.919 41.949 72.009 109.420 121.982 130.806 110.375 88.049 64.554 29.941 14.470 2.873 0.000 0.000 0.000 0.000 0.000 0.000 0.290 7.027 12.005
-999.250 -999.250 -999.250 -999.250 -999.250 -999.250 -999.250 -999.250 -999.250 -999.250 -999.250 -999.250 -999.250 -999.250 -999.250 -999.250 -999.250 -999.250 -999.250 -999.250 -999.250 -999.250 -999.250 -999.250 -999.250 6.085 5.495 6.075 7.444 5.894 7.366 7.205 8.950 10.245 10.347 10.302 10.310 13.306 15.546 6.718 2.354 0.000 0.000 0.000 0.000 0.000 0.000 7.101 28.869 64.394 88.546 120.260 135.588 158.515 151.216 107.175 76.201 50.759 26.558 12.854 6.730 0.163 0.000 0.000 0.000 0.000 0.000 2.997 8.523
