data/medianmodel_25-Apr-2020.asc
ncols	141
nrows	288
xllcorner	-120191.398
yllcorner	-301404.813
cellsize	2000.000
NODATA_value	-999.250
[rows 90 to 119 of 288, columns 68 to 135 of 141]
18.986 19.550 22.610 28.069 36.552 43.832 50.966 59.603 62.902 58.187 65.627 52.064 49.128 46.787 48.438 44.498 38.170 40.477 35.777 31.301 22.582 21.242 15.684 13.360 11.560 14.018 14.309 11.307 10.332 12.332 12.957 14.436 19.010 19.305 17.090 19.769 22.976 15.230 15.218 16.571 13.363 11.669 10.718 7.211 7.379 2.444 0.563 2.443 -999.250 -999.250 -999.250 -999.250 -999.250 -999.250 -999.250 -999.250 -999.250 -999.250 -999.250 -999.250 -999.250 -999.250 -999.250 -999.250 -999.250 -999.250 -999.250 -999.250
22.453 18.877 23.977 22.944 29.995 40.626 42.569 45.993 53.288 54.098 47.703 45.964 46.391 45.258 42.611 41.208 38.726 36.445 34.579 31.713 23.260 18.548 14.651 10.359 12.676 10.462 10.135 9.016 10.265 8.286 11.188 14.027 12.338 14.559 15.395 19.543 17.386 15.675 15.927 13.598 12.476 10.306 7.101 7.530 4.931 4.564 3.707 -999.250 -999.250 -999.250 -999.250 -999.250 -999.250 -999.250 -999.250 -999.250 -999.250 -999.250 -999.250 -999.250 -999.250 -999.250 -999.250 -999.250 -999.250 -999.250 -999.250 -999.250
25.324 25.108 23.538 26.080 33.568 32.327 34.137 40.234 44.301 47.712 43.149 42.738 39.120 41.387 43.598 36.995 37.005 35.310 28.969 28.240 19.929 18.827 13.670 12.015 10.191 8.760 7.069 6.215 4.285 6.680 6.750 9.372 12.787 12.577 15.384 14.129 16.616 14.904 14.205 12.374 10.262 9.817 8.393 8.737 9.348 7.091 6.195 -999.250 -999.250 -999.250 -999.250 -999.250 -999.250 -999.250 -999.250 -999.250 -999.250 -999.250 -999.250 -999.250 -999.250 -999.250 -999.250 -999.250 -999.250 -999.250 -999.250 -999.250
35.301 35.239 31.369 32.552 33.977 34.927 36.491 31.958 36.413 40.914 34.048 34.493 37.327 38.526 43.210 36.973 36.191 34.028 28.282 33.787 25.867 18.176 14.473 11.379 7.062 7.491 5.580 6.375 6.339 4.693 8.153 9.578 11.815 12.881 11.506 11.166 13.512 14.049 11.932 12.496 10.443 9.199 10.559 8.096 7.396 7.694 -999.250 -999.250 -999.250 -999.250 -999.250 -999.250 -999.250 -999.250 -999.250 -999.250 -999.250 -999.250 -999.250 -999.250 -999.250 -999.250 -999.250 -999.250 -999.250 -999.250 -999.250 -999.250
43.495 45.288 38.683 36.446 36.915 33.896 36.576 33.102 28.227 29.162 28.333 27.378 26.312 32.985 33.652 35.307 38.009 29.953 29.382 27.005 26.188 20.969 14.790 14.229 8.407 6.354 3.897 4.606 4.918 5.695 6.779 6.931 9.040 12.397 10.756 11.635 10.682 11.814 9.924 9.763 12.358 9.448 11.331 12.333 13.317 11.533 -999.250 -999.250 -999.250 -999.250 -999.250 -999.250 -999.250 -999.250 -999.250 -999.250 -999.250 -999.250 -999.250 -999.250 -999.250 -999.250 -999.250 -999.250 -999.250 -999.250 -999.250 -999.250
59.619 50.720 46.870 39.933 41.565 32.860 31.985 28.646 25.513 25.329 18.302 20.860 24.102 27.166 26.689 34.161 34.305 33.256 26.681 24.111 24.812 18.527 14.343 13.234 5.456 5.687 6.431 5.103 5.255 5.067 5.485 6.145 7.617 8.671 9.706 10.372 10.004 12.648 13.633 13.185 10.875 12.664 12.915 13.521 12.991 12.161 -999.250 -999.250 -999.250 -999.250 -999.250 -999.250 -999.250 -999.250 -999.250 -999.250 -999.250 -999.250 -999.250 -999.250 -999.250 -999.250 -999.250 -999.250 -999.250 -999.250 -999.250 -999.250
67.563 54.588 41.032 43.096 43.224 37.467 34.561 31.872 24.007 18.377 17.116 13.493 17.053 19.361 21.651 28.814 27.709 30.530 25.357 27.248 19.865 15.707 14.319 12.615 6.019 4.388 2.432 4.160 5.554 4.845 7.038 9.317 9.580 10.446 9.578 10.588 11.966 10.556 13.309 12.938 13.805 12.465 11.891 13.925 15.087 13.119 13.134 -999.250 -999.250 -999.250 -999.250 -999.250 -999.250 -999.250 -999.250 -999.250 -999.250 -999.250 -999.250 -999.250 -999.250 -999.250 -999.250 -999.250 -999.250 -999.250 -999.250 -999.250
88.690 66.617 48.123 48.474 47.652 43.794 36.448 29.121 20.248 19.077 15.060 13.380 13.599 16.720 18.993 20.565 21.990 25.662 22.114 23.349 16.680 15.743 11.877 7.136 1.259 0.905 1.807 1.539 5.807 8.237 7.859 8.723 9.806 9.417 8.005 10.094 9.740 11.890 12.730 14.184 14.361 15.304 14.902 16.829 15.040 14.939 16.135 16.737 -999.250 -999.250 -999.250 -999.250 -999.250 -999.250 -999.250 -999.250 -999.250 -999.250 -999.250 -999.250 -999.250 -999.250 -999.250 -999.250 -999.250 -999.250 -999.250 -999.250
102.830 79.887 61.140 52.707 43.291 38.460 34.007 26.968 22.533 16.746 14.851 11.273 11.771 14.565 18.556 19.861 18.935 19.942 18.471 15.714 15.856 14.689 10.217 5.463 2.949 0.000 2.212 2.881 6.688 5.414 9.648 9.002 12.519 10.963 9.982 11.709 10.118 11.927 14.722 15.566 18.129 17.045 17.333 14.342 14.693 16.250 15.696 17.523 19.493 -999.250 -999.250 -999.250 -999.250 -999.250 -999.250 -999.250 -999.250 -999.250 -999.250 -999.250 -999.250 -999.250 -999.250 -999.250 -999.250 -999.250 -999.250 -999.250
94.638 82.498 70.024 50.626 46.746 36.928 30.280 22.335 20.246 16.066 14.156 10.785 11.123 14.503 15.795 17.506 17.005 19.169 17.532 16.426 14.538 12.195 10.018 8.333 4.925 4.042 4.997 5.727 9.748 10.270 9.396 8.566 12.949 13.482 12.544 11.306 9.447 15.120 14.998 17.637 17.111 18.983 19.299 16.703 16.981 15.652 18.570 20.723 -999.250 -999.250 -999.250 -999.250 -999.250 -999.250 -999.250 -999.250 -999.250 -999.250 -999.250 -999.250 -999.250 -999.250 -999.250 -999.250 -999.250 -999.250 -999.250 -999.250
74.514 73.513 59.395 48.475 46.448 34.096 28.230 19.681 17.041 16.350 11.860 10.403 9.979 10.614 15.748 16.046 15.814 15.981 15.439 14.435 12.528 9.859 9.633 8.277 5.395 7.236 6.074 8.092 11.313 10.959 11.439 11.737 13.289 13.523 13.886 13.863 15.166 17.197 18.264 19.500 18.311 18.365 21.896 21.073 17.064 19.177 18.880 19.444 19.245 -999.250 -999.250 -999.250 -999.250 -999.250 -999.250 -999.250 -999.250 -999.250 -999.250 -999.250 -999.250 -999.250 -999.250 -999.250 -999.250 -999.250 -999.250 -999.250
73.312 67.199 52.404 45.726 38.939 29.862 24.359 20.945 17.592 14.211 12.719 8.820 9.577 9.734 9.691 13.626 16.043 14.850 14.154 12.480 11.257 10.335 9.211 10.334 9.563 7.710 10.370 10.052 9.658 14.613 11.366 13.187 14.533 14.927 15.486 14.660 17.144 17.139 18.371 19.238 18.934 18.623 19.133 20.412 17.556 22.198 24.307 -999.250 -999.250 -999.250 -999.250 -999.250 -999.250 -999.250 -999.250 -999.250 -999.250 -999.250 -999.250 -999.250 -999.250 -999.250 -999.250 -999.250 -999.250 -999.250 -999.250 -999.250
62.764 59.688 50.138 46.361 38.395 29.365 21.122 18.121 16.979 13.156 11.090 9.292 8.043 10.137 10.431 12.268 11.732 12.275 12.051 10.208 10.252 8.739 7.988 9.496 10.711 10.620 8.740 10.599 10.794 12.695 15.663 13.671 14.207 14.332 15.747 16.239 18.233 15.870 17.755 23.498 19.597 21.551 22.165 22.483 22.076 25.108 -999.250 -999.250 -999.250 -999.250 -999.250 -999.250 -999.250 -999.250 -999.250 -999.250 -999.250 -999.250 -999.250 -999.250 -999.250 -999.250 -999.250 -999.250 -999.250 -999.250 -999.250 -999.250
71.438 53.248 44.158 37.538 37.139 26.409 22.092 17.228 16.108 14.225 11.614 9.004 8.908 10.091 10.634 12.096 10.663 11.789 10.582 6.412 8.915 8.555 10.178 10.816 8.895 11.381 10.276 10.303 12.526 13.054 13.109 15.338 16.256 17.062 18.445 17.928 18.129 17.019 21.285 23.994 20.402 22.134 20.218 22.203 25.815 23.726 -999.250 -999.250 -999.250 -999.250 -999.250 -999.250 -999.250 -999.250 -999.250 -999.250 -999.250 -999.250 -999.250 -999.250 -999.250 -999.250 -999.250 -999.250 -999.250 -999.250 -999.250 -999.250
55.041 40.991 41.149 31.897 31.214 28.484 23.530 18.479 14.648 12.924 10.365 7.042 7.631 9.772 12.046 11.765 9.944 11.495 9.561 9.091 11.022 9.306 11.254 10.593 9.295 10.364 11.755 12.558 13.187 12.524 15.073 15.913 19.173 15.618 17.123 18.360 18.241 22.283 18.643 22.703 17.620 18.469 20.410 19.487 24.422 -999.250 -999.250 -999.250 -999.250 -999.250 -999.250 -999.250 -999.250 -999.250 -999.250 -999.250 -999.250 -999.250 -999.250 -999.250 -999.250 -999.250 -999.250 -999.250 -999.250 -999.250 -999.250 -999.250
45.003 39.235 33.947 29.209 26.715 26.184 20.741 17.925 13.367 12.501 9.855 9.540 8.130 10.056 7.780 10.025 9.726 11.304 12.142 10.021 10.807 8.340 12.422 12.454 11.423 12.319 12.663 11.985 12.104 14.240 14.175 13.767 14.685 17.944 21.384 19.408 21.735 20.483 22.160 19.352 19.162 -999.250 -999.250 -999.250 -999.250 -999.250 -999.250 -999.250 -999.250 -999.250 -999.250 -999.250 -999.250 -999.250 -999.250 -999.250 -999.250 -999.250 -999.250 -999.250 -999.250 -999.250 -999.250 -999.250 -999.250 -999.250 -999.250 -999.250
45.849 40.422 32.125 24.044 22.476 18.460 16.425 14.215 12.983 12.223 8.429 7.493 7.531 9.591 7.850 9.800 10.750 11.829 13.085 10.931 10.833 9.804 12.414 13.574 13.209 11.095 11.808 12.572 13.337 12.367 14.537 14.918 12.881 17.382 19.095 19.197 20.970 20.086 22.429 -999.250 -999.250 -999.250 -999.250 -999.250 -999.250 -999.250 -999.250 -999.250 -999.250 -999.250 -999.250 -999.250 -999.250 -999.250 -999.250 -999.250 -999.250 -999.250 -999.250 -999.250 -999.250 -999.250 -999.250 -999.250 -999.250 -999.250 -999.250 -999.250
38.619 32.758 29.789 27.911 20.895 18.282 13.623 13.874 11.929 9.674 8.262 8.569 8.266 9.676 9.928 11.722 10.796 11.984 12.009 8.843 10.319 8.941 11.374 12.379 11.112 13.731 12.940 15.362 15.419 14.209 11.557 14.013 15.316 15.643 17.523 18.893 21.654 22.606 21.217 -999.250 -999.250 -999.250 -999.250 -999.250 -999.250 -999.250 -999.250 -999.250 -999.250 -999.250 -999.250 -999.250 -999.250 -999.250 -999.250 -999.250 -999.250 -999.250 -999.250 -999.250 -999.250 -999.250 -999.250 -999.250 -999.250 -999.250 -999.250 -999.250
31.351 27.744 26.094 21.824 18.067 15.733 15.021 13.228 11.947 10.340 7.957 6.655 5.523 9.417 10.391 9.998 11.945 11.571 10.800 10.083 10.506 9.802 10.866 13.264 13.634 13.039 13.935 14.977 14.922 15.753 16.621 14.336 15.830 18.450 20.965 20.311 23.812 21.077 20.993 -999.250 -999.250 -999.250 -999.250 -999.250 -999.250 -999.250 -999.250 -999.250 -999.250 -999.250 -999.250 -999.250 -999.250 -999.250 -999.250 -999.250 -999.250 -999.250 -999.250 -999.250 -999.250 -999.250 -999.250 -999.250 -999.250 -999.250 -999.250 -999.250
26.023 23.497 20.386 18.086 14.484 14.346 12.375 11.238 11.544 10.271 7.423 7.527 5.403 6.213 6.954 9.463 11.462 11.403 10.919 9.457 10.669 11.902 12.180 12.481 12.895 14.707 15.033 16.471 16.093 15.386 16.340 16.482 17.340 15.588 20.552 21.030 21.415 23.865 18.732 -999.250 -999.250 -999.250 -999.250 -999.250 -999.250 -999.250 -999.250 -999.250 -999.250 -999.250 -999.250 -999.250 -999.250 -999.250 -999.250 -999.250 -999.250 -999.250 -999.250 -999.250 -999.250 -999.250 -999.250 -999.250 -999.250 -999.250 -999.250 -999.250
19.988 18.086 15.977 15.478 11.200 10.119 9.655 8.976 8.274 8.011 8.530 6.415 7.601 7.090 7.038 10.855 10.953 11.659 10.706 7.549 11.172 11.300 12.732 14.475 13.375 14.869 15.670 16.097 15.491 15.803 16.034 17.815 16.432 18.946 19.479 19.183 22.118 21.321 20.550 -999.250 -999.250 -999.250 -999.250 -999.250 -999.250 -999.250 -999.250 -999.250 -999.250 -999.250 -999.250 -999.250 -999.250 -999.250 -999.250 -999.250 -999.250 -999.250 -999.250 -999.250 -999.250 -999.250 -999.250 -999.250 -999.250 -999.250 -999.250 -999.250
18.081 15.909 13.476 11.896 12.423 10.291 9.731 6.956 6.786 7.528 8.027 5.770 8.633 7.908 8.787 11.653 12.325 12.326 12.006 10.498 11.597 12.269 13.020 14.668 13.575 14.022 14.470 19.820 15.400 17.009 16.749 19.354 21.424 19.666 21.757 19.248 20.995 19.643 17.291 -999.250 -999.250 -999.250 -999.250 -999.250 -999.250 -999.250 -999.250 -999.250 -999.250 -999.250 -999.250 -999.250 -999.250 -999.250 -999.250 -999.250 -999.250 -999.250 -999.250 -999.250 -999.250 -999.250 -999.250 -999.250 -999.250 -999.250 -999.250 -999.250
14.221 12.256 7.508 9.115 9.450 8.331 4.711 10.248 7.844 9.330 7.516 9.562 10.654 9.380 12.185 12.510 11.048 11.880 11.629 13.133 13.889 13.201 15.899 15.679 15.717 15.936 14.317 16.862 17.252 18.339 17.075 19.375 19.881 24.084 22.694 23.343 20.524 19.756 20.764 16.936 15.244 -999.250 -999.250 -999.250 -999.250 -999.250 -999.250 -999.250 -999.250 -999.250 -999.250 -999.250 -999.250 -999.250 -999.250 -999.250 -999.250 -999.250 -999.250 -999.250 -999.250 -999.250 -999.250 -999.250 -999.250 -999.250 -999.250 -999.250
11.878 7.249 0.000 2.323 5.265 7.129 5.216 6.531 6.254 7.361 6.383 8.329 10.597 11.789 11.365 10.304 10.367 11.215 11.331 14.363 16.133 15.095 14.496 15.435 13.066 15.674 13.965 17.471 20.288 20.210 22.123 23.475 21.174 21.736 23.596 25.100 21.466 18.176 19.803 18.098 15.740 13.017 14.977 -999.250 -999.250 -999.250 -999.250 -999.250 -999.250 -999.250 -999.250 -999.250 -999.250 -999.250 -999.250 -999.250 -999.250 -999.250 -999.250 -999.250 -999.250 -999.250 -999.250 -999.250 -999.250 -999.250 -999.250 -999.250
9.904 3.684 0.000 0.808 4.729 3.973 5.786 7.333 3.734 6.730 5.952 9.850 8.893 10.152 11.157 14.870 13.286 11.730 12.130 13.029 15.740 14.728 14.465 14.652 14.267 15.550 15.755 18.857 19.246 21.208 24.598 23.624 31.227 21.815 21.122 20.640 18.288 18.013 18.706 18.564 17.646 15.389 15.539 -999.250 -999.250 -999.250 -999.250 -999.250 -999.250 -999.250 -999.250 -999.250 -999.250 -999.250 -999.250 -999.250 -999.250 -999.250 -999.250 -999.250 -999.250 -999.250 -999.250 -999.250 -999.250 -999.250 -999.250 -999.250
4.303 3.320 0.367 0.649 3.862 5.125 6.037 3.940 3.778 6.434 8.148 9.099 8.832 10.693 10.663 12.901 13.484 13.122 14.540 15.933 13.821 15.780 15.189 13.905 13.452 15.870 15.770 18.102 20.496 19.527 20.990 21.786 20.395 19.019 18.345 17.974 18.782 16.038 13.559 13.667 16.355 17.423 16.768 15.509 -999.250 -999.250 -999.250 -999.250 -999.250 -999.250 -999.250 -999.250 -999.250 -999.250 -999.250 -999.250 -999.250 -999.250 -999.250 -999.250 -999.250 -999.250 -999.250 -999.250 -999.250 -999.250 -999.250 -999.250
7.895 5.316 3.109 4.919 5.334 6.290 4.103 2.694 4.638 7.466 12.510 11.391 11.388 13.577 14.133 13.506 14.914 13.632 16.523 12.978 14.245 15.722 15.002 17.939 15.742 15.642 15.793 15.544 19.745 17.910 17.206 17.967 16.679 16.593 16.970 17.158 16.044 14.744 14.093 13.195 13.972 13.641 15.119 13.634 15.060 -999.250 -999.250 -999.250 -999.250 -999.250 -999.250 -999.250 -999.250 -999.250 -999.250 -999.250 -999.250 -999.250 -999.250 -999.250 -999.250 -999.250 -999.250 -999.250 -999.250 -999.250 -999.250 -999.250
7.215 7.453 3.737 5.024 4.806 4.554 7.246 3.698 4.606 6.085 10.286 12.621 10.869 12.084 11.963 14.562 16.125 13.782 14.968 14.721 15.081 16.976 16.395 16.997 15.947 13.875 14.494 15.518 18.447 16.797 17.778 16.534 14.503 13.817 13.137 12.937 13.355 13.369 12.702 12.880 14.206 13.279 14.198 15.733 15.371 -999.250 -999.250 -999.250 -999.250 -999.250 -999.250 -999.250 -999.250 -999.250 -999.250 -999.250 -999.250 -999.250 -999.250 -999.250 -999.250 -999.250 -999.250 -999.250 -999.250 -999.250 -999.250 -999.250
11.066 7.308 5.381 4.000 5.636 5.257 6.535 3.641 4.982 6.713 7.348 11.878 11.315 12.118 12.830 16.975 16.535 14.683 13.982 18.040 16.104 15.134 14.443 16.924 16.645 15.117 15.643 15.575 14.451 17.160 16.553 17.194 14.124 14.109 13.799 14.273 13.826 13.223 12.843 14.327 14.578 16.397 17.128 13.445 17.841 17.446 -999.250 -999.250 -999.250 -999.250 -999.250 -999.250 -999.250 -999.250 -999.250 -999.250 -999.250 -999.250 -999.250 -999.250 -999.250 -999.250 -999.250 -999.250 -999.250 -999.250 -999.250 -999.250
9.627 6.963 5.803 3.993 6.221 5.948 4.375 6.616 6.494 6.744 6.181 11.484 12.594 12.845 12.754 16.034 15.418 15.646 15.767 15.636 16.071 17.807 17.290 16.033 17.567 15.145 14.073 14.238 15.685 14.777 16.036 13.560 13.355 13.405 11.578 12.858 13.203 11.096 12.155 12.721 12.707 14.631 16.029 17.228 15.530 -999.250 -999.250 -999.250 -999.250 -999.250 -999.250 -999.250 -999.250 -999.250 -999.250 -999.250 -999.250 -999.250 -999.250 -999.250 -999.250 -999.250 -999.250 -999.250 -999.250 -999.250 -999.250 -999.250
