data/medianmodel_05-Jul-2020.asc
ncols	141
nrows	288
xllcorner	-120191.398
yllcorner	-301404.813
cellsize	2000.000
NODATA_value	-999.250
[rows 93 to 123 of 288, columns 0 to 68 of 141]
-999.250 -999.250 -999.250 -999.250 -999.250 -999.250 -999.250 -999.250 -999.250 -999.250 -999.250 -999.250 -999.250 -999.250 -999.250 -999.250 -999.250 -999.250 -999.250 -999.250 -999.250 -999.250 -999.250 -999.250 -999.250 -999.250 -999.250 -999.250 -999.250 -999.250 -999.250 0.000 0.000 0.000 0.000 2.652 6.934 12.518 17.222 25.061 35.913 40.092 47.342 36.351 27.778 19.105 14.675 9.766 5.619 2.538 0.000 0.000 0.000 0.000 0.000 0.000 0.000 0.000 0.000 0.000 0.000 0.000 0.000 0.000 0.000 0.000 0.000 0.000 0.000
-999.250 -999.250 -999.250 -999.250 -999.250 -999.250 -999.250 -999.250 -999.250 -999.250 -999.250 -999.250 -999.250 -999.250 -999.250 -999.250 -999.250 -999.250 -999.250 -999.250 -999.250 -999.250 -999.250 -999.250 -999.250 -999.250 -999.250 -999.250 -999.250 -999.250 -999.250 0.000 0.000 0.000 0.000 1.454 7.177 10.948 17.722 22.139 28.570 29.575 32.011 30.075 20.564 15.606 11.741 7.155 1.673 0.000 0.000 0.000 0.000 0.000 0.000 0.000 0.000 0.000 0.000 0.000 0.000 0.000 0.000 0.000 0.000 0.000 0.000 0.000 0.000
-999.250 -999.250 -999.250 -999.250 -999.250 -999.250 -999.250 -999.250 -999.250 -999.250 -999.250 -999.250 -999.250 -999.250 -999.250 -999.250 -999.250 -999.250 -999.250 -999.250 -999.250 -999.250 -999.250 -999.250 -999.250 -999.250 -999.250 -999.250 -999.250 -999.250 -999.250 0.000 0.000 0.000 0.000 1.658 6.272 9.949 13.064 17.523 21.769 23.741 26.696 23.241 17.171 14.157 11.712 6.653 0.714 0.000 0.000 0.000 0.000 0.000 0.000 0.000 0.000 0.000 0.000 0.000 0.000 0.000 0.000 0.000 0.000 0.000 0.000 0.000 0.000
-999.250 -999.250 -999.250 -999.250 -999.250 -999.250 -999.250 -999.250 -999.250 -999.250 -999.250 -999.250 -999.250 -999.250 -999.250 -999.250 -999.250 -999.250 -999.250 -999.250 -999.250 -999.250 -999.250 -999.250 -999.250 -999.250 -999.250 -999.250 -999.250 -999.250 0.000 0.000 0.000 0.000 0.000 0.426 4.319 7.922 11.984 14.489 15.113 17.030 16.981 16.127 13.713 14.313 12.143 6.505 0.525 0.000 0.000 0.000 0.000 0.000 0.000 0.000 0.000 0.000 0.000 0.000 0.000 0.000 0.000 0.000 0.000 0.000 0.000 0.000 0.000
-999.250 -999.250 -999.250 -999.250 -999.250 -999.250 -999.250 -999.250 -999.250 -999.250 -999.250 -999.250 -999.250 -999.250 -999.250 -999.250 -999.250 -999.250 -999.250 -999.250 -999.250 -999.250 -999.250 -999.250 -999.250 -999.250 -999.250 -999.250 -999.250 -999.250 0.000 0.000 0.000 0.000 0.000 0.511 3.430 5.948 10.787 12.523 12.867 13.444 13.905 13.168 12.279 12.988 15.065 7.226 2.651 0.000 0.000 0.000 0.000 0.000 0.000 0.000 0.000 0.000 0.000 0.000 0.000 0.000 0.000 0.000 0.000 0.000 0.000 0.000 0.000
-999.250 -999.250 -999.250 -999.250 -999.250 -999.250 -999.250 -999.250 -999.250 -999.250 -999.250 -999.250 -999.250 -999.250 -999.250 -999.250 -999.250 -999.250 -999.250 -999.250 -999.250 -999.250 -999.250 -999.250 -999.250 -999.250 -999.250 -999.250 -999.250 -999.250 0.000 0.000 0.000 0.000 0.000 0.000 2.132 3.715 7.380 11.384 12.637 14.397 13.940 12.494 10.305 10.618 9.034 5.365 0.701 0.000 0.000 0.000 0.000 0.000 0.000 0.000 0.000 0.000 0.000 0.000 0.000 0.000 0.000 0.000 0.000 0.000 0.000 0.000 0.000
-999.250 -999.250 -999.250 -999.250 -999.250 -999.250 -999.250 -999.250 -999.250 -999.250 -999.250 -999.250 -999.250 -999.250 -999.250 -999.250 -999.250 -999.250 -999.250 -999.250 -999.250 -999.250 -999.250 -999.250 -999.250 -999.250 -999.250 -999.250 -999.250 -999.250 0.000 0.000 0.000 0.000 0.000 0.000 0.339 2.578 5.736 9.497 14.281 11.750 10.310 7.761 7.030 6.711 5.869 3.939 0.248 0.000 0.000 0.000 0.000 0.000 0.000 0.000 0.000 0.000 0.000 0.000 0.000 0.000 0.000 0.000 0.000 0.000 0.000 0.000 0.000
-999.250 -999.250 -999.250 -999.250 -999.250 -999.250 -999.250 -999.250 -999.250 -999.250 -999.250 -999.250 -999.250 -999.250 -999.250 -999.250 -999.250 -999.250 -999.250 -999.250 -999.250 -999.250 -999.250 -999.250 -999.250 -999.250 -999.250 -999.250 -999.250 0.162 0.000 0.000 0.000 0.000 0.000 0.000 0.000 0.179 3.906 6.005 7.067 6.682 6.518 5.270 5.365 4.915 2.606 1.405 0.104 0.000 0.000 0.000 0.000 0.000 0.000 0.000 0.000 0.000 0.000 0.000 0.000 0.000 0.000 0.000 0.000 0.000 0.000 0.000 0.000
-999.250 -999.250 -999.250 -999.250 -999.250 -999.250 -999.250 -999.250 -999.250 -999.250 -999.250 -999.250 -999.250 -999.250 -999.250 -999.250 -999.250 -999.250 -999.250 -999.250 -999.250 -999.250 -999.250 -999.250 -999.250 -999.250 -999.250 -999.250 -999.250 0.871 0.000 0.000 0.000 0.000 0.000 0.000 0.000 0.000 0.000 1.835 3.696 2.103 3.807 3.659 2.210 2.102 2.260 1.378 0.082 0.806 0.552 1.767 1.636 1.900 1.626 2.833 1.213 0.577 0.000 0.000 0.000 0.000 0.000 0.000 0.000 0.000 0.000 0.000 0.000
-999.250 -999.250 -999.250 -999.250 -999.250 -999.250 -999.250 -999.250 -999.250 -999.250 -999.250 -999.250 -999.250 -999.250 -999.250 -999.250 -999.250 -999.250 -999.250 -999.250 -999.250 -999.250 -999.250 -999.250 -999.250 -999.250 -999.250 -999.250 -999.250 0.000 0.000 0.000 0.000 0.000 0.000 0.000 0.000 0.000 0.000 0.558 0.003 0.318 0.000 0.262 0.292 1.162 0.924 0.111 1.176 2.065 4.136 5.037 6.227 7.303 6.712 6.706 5.405 3.641 2.418 2.142 0.110 0.000 0.000 0.000 0.000 0.000 0.000 0.000 0.000
-999.250 -999.250 -999.250 -999.250 -999.250 -999.250 -999.250 -999.250 -999.250 -999.250 -999.250 -999.250 -999.250 -999.250 -999.250 -999.250 -999.250 -999.250 -999.250 -999.250 -999.250 -999.250 -999.250 -999.250 -999.250 -999.250 -999.250 -999.250 -999.250 0.000 0.000 0.000 0.000 0.000 0.000 0.000 0.000 0.000 0.000 0.000 0.000 0.000 0.014 0.000 0.939 2.022 3.029 2.935 3.488 4.091 8.291 8.991 10.333 12.139 11.358 11.518 10.043 7.835 5.341 4.904 2.619 0.030 0.000 0.000 0.000 0.000 0.000 0.000 0.000
-999.250 -999.250 -999.250 -999.250 -999.250 -999.250 -999.250 -999.250 -999.250 -999.250 -999.250 -999.250 -999.250 -999.250 -999.250 -999.250 -999.250 -999.250 -999.250 -999.250 -999.250 -999.250 -999.250 -999.250 -999.250 -999.250 -999.250 -999.250 0.000 0.000 0.000 0.000 0.000 0.000 0.000 0.000 0.000 0.000 0.000 0.000 0.000 0.000 0.000 0.000 0.586 3.660 4.706 4.462 6.011 7.465 9.608 12.201 13.458 15.399 16.109 15.387 13.651 12.013 8.678 5.998 3.620 1.060 1.231 0.000 0.000 0.000 0.000 0.330 1.765
-999.250 -999.250 -999.250 -999.250 -999.250 -999.250 -999.250 -999.250 -999.250 -999.250 -999.250 -999.250 -999.250 -999.250 -999.250 -999.250 -999.250 -999.250 -999.250 -999.250 -999.250 -999.250 -999.250 -999.250 -999.250 -999.250 -999.250 -999.250 0.000 0.000 0.000 0.000 0.000 0.000 0.000 0.000 0.000 0.000 0.000 0.000 0.000 0.000 0.000 0.217 1.905 5.682 8.199 5.487 6.309 10.302 12.124 16.373 15.460 22.860 24.643 21.262 17.479 13.505 8.988 6.783 3.442 3.653 4.266 2.937 1.925 2.946 2.486 5.418 6.539
-999.250 -999.250 -999.250 -999.250 -999.250 -999.250 -999.250 -999.250 -999.250 -999.250 -999.250 -999.250 -999.250 -999.250 -999.250 -999.250 -999.250 -999.250 -999.250 -999.250 -999.250 -999.250 -999.250 -999.250 -999.250 -999.250 -999.250 0.000 0.000 0.000 0.000 0.000 0.000 0.000 0.000 0.000 0.000 0.000 0.000 0.000 0.000 0.000 0.000 0.000 2.926 4.757 6.671 7.297 7.016 10.271 12.124 15.826 17.949 25.229 30.774 28.532 20.816 13.068 9.098 7.100 5.286 3.446 4.889 5.660 5.717 5.803 7.499 6.203 6.838
-999.250 -999.250 -999.250 -999.250 -999.250 -999.250 -999.250 -999.250 -999.250 -999.250 -999.250 -999.250 -999.250 -999.250 -999.250 -999.250 -999.250 -999.250 -999.250 -999.250 -999.250 -999.250 -999.250 -999.250 -999.250 -999.250 -999.250 0.000 0.000 0.000 0.000 0.000 0.000 0.000 0.000 0.000 0.000 0.000 0.000 0.000 0.000 0.000 0.000 0.249 1.551 4.021 5.790 6.526 7.113 8.665 13.667 15.674 20.741 27.315 43.234 30.081 21.752 14.777 10.980 6.253 3.474 4.178 5.928 9.079 7.831 8.986 9.705 10.947 11.892
-999.250 -999.250 -999.250 -999.250 -999.250 -999.250 -999.250 -999.250 -999.250 -999.250 -999.250 -999.250 -999.250 -999.250 -999.250 -999.250 -999.250 -999.250 -999.250 -999.250 -999.250 -999.250 -999.250 -999.250 -999.250 -999.250 -999.250 0.000 0.000 0.000 0.000 0.000 0.000 0.000 0.000 0.000 0.000 0.000 0.000 0.000 0.000 0.000 0.000 0.251 1.497 4.008 6.173 5.009 6.791 9.014 11.896 14.174 18.108 23.903 28.265 25.213 17.195 13.331 8.811 5.447 2.431 3.002 6.021 8.318 8.330 11.035 13.451 14.184 16.431
-999.250 -999.250 -999.250 -999.250 -999.250 -999.250 -999.250 -999.250 -999.250 -999.250 -999.250 -999.250 -999.250 -999.250 -999.250 -999.250 -999.250 -999.250 -999.250 -999.250 -999.250 -999.250 -999.250 -999.250 -999.250 -999.250 -999.250 0.000 0.000 0.000 0.000 0.000 0.000 0.000 0.000 0.000 0.000 0.000 0.000 0.000 0.000 0.000 0.000 0.282 0.373 1.041 3.953 3.405 5.955 7.887 10.873 13.230 14.317 16.412 19.483 17.306 14.495 8.675 6.684 4.046 1.883 2.394 5.243 8.945 9.847 12.563 16.692 19.130 21.672
-999.250 -999.250 -999.250 -999.250 -999.250 -999.250 -999.250 -999.250 -999.250 -999.250 -999.250 -999.250 -999.250 -999.250 -999.250 -999.250 -999.250 -999.250 -999.250 -999.250 -999.250 -999.250 -999.250 -999.250 -999.250 -999.250 -999.250 -999.250 0.000 0.000 0.000 0.000 0.000 0.000 0.000 0.000 0.000 0.000 0.000 0.000 0.000 0.000 0.000 0.310 0.000 0.098 1.210 0.368 4.231 6.756 7.677 10.749 13.404 13.517 12.917 12.234 11.096 6.799 3.586 1.217 0.000 0.186 4.913 6.461 9.656 12.627 15.836 21.455 26.689
-999.250 -999.250 -999.250 -999.250 -999.250 -999.250 -999.250 -999.250 -999.250 -999.250 -999.250 -999.250 -999.250 -999.250 -999.250 -999.250 -999.250 -999.250 -999.250 -999.250 -999.250 -999.250 -999.250 -999.250 -999.250 -999.250 -999.250 -999.250 0.000 0.000 0.000 0.000 0.000 0.000 0.000 0.000 0.000 0.000 0.000 0.000 0.000 0.000 0.000 0.000 0.000 0.000 0.000 0.000 2.026 5.324 6.769 8.199 9.615 8.524 9.005 7.121 5.400 2.789 0.000 0.000 0.000 0.000 4.349 7.391 12.052 15.466 17.740 25.177 35.161
-999.250 -999.250 -999.250 -999.250 -999.250 -999.250 -999.250 -999.250 -999.250 -999.250 -999.250 -999.250 -999.250 -999.250 -999.250 -999.250 -999.250 -999.250 -999.250 -999.250 -999.250 -999.250 -999.250 -999.250 -999.250 -999.250 -999.250 -999.250 0.000 0.000 0.000 0.000 0.000 0.000 0.000 0.000 0.000 0.000 0.000 0.000 0.000 0.000 0.000 0.000 0.000 0.000 0.000 0.000 0.137 3.072 5.806 6.292 7.348 5.941 6.379 5.828 0.404 0.000 0.000 0.000 0.000 0.000 4.022 6.828 12.485 17.446 24.009 28.908 42.230
-999.250 -999.250 -999.250 -999.250 -999.250 -999.250 -999.250 -999.250 -999.250 -999.250 -999.250 -999.250 -999.250 -999.250 -999.250 -999.250 -999.250 -999.250 -999.250 -999.250 -999.250 -999.250 -999.250 -999.250 -999.250 -999.250 -999.250 -999.250 0.000 0.000 0.000 0.000 0.000 0.000 0.000 0.000 0.000 0.844 1.181 1.639 0.498 0.000 0.000 0.000 0.000 0.000 0.000 0.000 0.000 0.000 4.327 7.869 6.267 5.242 3.424 1.075 0.000 0.000 0.000 0.000 0.000 0.000 1.661 7.189 12.272 23.213 31.503 33.343 51.329
-999.250 -999.250 -999.250 -999.250 -999.250 -999.250 -999.250 -999.250 -999.250 -999.250 -999.250 -999.250 -999.250 -999.250 -999.250 -999.250 -999.250 -999.250 -999.250 -999.250 -999.250 -999.250 -999.250 -999.250 -999.250 -999.250 -999.250 -999.250 0.000 0.000 0.000 0.000 0.007 0.074 0.000 1.484 3.104 3.219 3.044 2.461 2.232 0.000 0.000 0.000 0.000 0.000 0.000 0.000 0.000 0.000 2.223 5.343 7.022 5.702 4.251 0.396 0.000 0.000 0.000 0.000 0.000 0.000 0.549 6.093 11.592 19.913 31.987 37.867 54.740
-999.250 -999.250 -999.250 -999.250 -999.250 -999.250 -999.250 -999.250 -999.250 -999.250 -999.250 -999.250 -999.250 -999.250 -999.250 -999.250 -999.250 -999.250 -999.250 -999.250 -999.250 -999.250 -999.250 -999.250 -999.250 -999.250 -999.250 0.000 0.000 0.000 0.638 0.120 1.667 2.091 2.941 3.705 2.715 4.997 3.926 5.841 0.635 0.000 0.000 0.000 0.000 0.000 0.000 0.000 0.000 0.000 2.668 6.226 8.316 9.624 7.114 3.787 0.000 0.000 0.000 0.000 0.000 0.000 0.455 4.314 9.639 16.917 31.752 37.854 42.870
-999.250 -999.250 -999.250 -999.250 -999.250 -999.250 -999.250 -999.250 -999.250 -999.250 -999.250 -999.250 -999.250 -999.250 -999.250 -999.250 -999.250 -999.250 -999.250 -999.250 -999.250 -999.250 -999.250 -999.250 -999.250 -999.250 -999.250 1.638 0.000 0.300 0.686 1.277 3.552 3.498 3.951 3.338 3.245 2.932 3.965 4.042 0.854 0.000 0.000 0.000 0.000 0.000 0.000 0.000 0.000 0.000 4.318 8.521 11.354 13.267 12.149 9.095 1.919 0.000 0.000 0.000 0.000 0.000 0.000 2.494 8.785 15.676 25.756 28.305 40.080
-999.250 -999.250 -999.250 -999.250 -999.250 -999.250 -999.250 -999.250 -999.250 -999.250 -999.250 -999.250 -999.250 -999.250 -999.250 -999.250 -999.250 -999.250 -999.250 -999.250 -999.250 -999.250 -999.250 -999.250 -999.250 -999.250 -999.250 2.450 1.254 3.959 2.253 2.419 3.641 3.542 3.107 4.300 2.710 4.071 3.946 3.214 0.380 0.000 0.000 0.000 0.000 0.000 0.000 0.000 0.000 0.000 6.567 14.169 16.762 17.847 17.100 12.677 5.170 0.000 0.000 0.000 0.000 0.000 0.000 0.315 9.302 15.172 18.341 27.794 35.707
-999.250 -999.250 -999.250 -999.250 -999.250 -999.250 -999.250 -999.250 -999.250 -999.250 -999.250 -999.250 -999.250 -999.250 -999.250 -999.250 -999.250 -999.250 -999.250 -999.250 -999.250 -999.250 -999.250 -999.250 -999.250 -999.250 3.999 4.868 3.425 4.576 4.927 2.063 5.801 3.023 3.532 4.451 5.289 3.852 4.888 3.186 0.245 0.000 0.000 0.000 0.000 0.000 0.000 0.000 0.000 6.582 13.534 20.972 32.590 30.887 29.524 18.142 11.362 1.746 0.000 0.000 0.000 0.000 0.000 0.403 7.481 11.377 18.218 25.892 33.725
-999.250 -999.250 -999.250 -999.250 -999.250 -999.250 -999.250 -999.250 -999.250 -999.250 -999.250 -999.250 -999.250 -999.250 -999.250 -999.250 -999.250 -999.250 -999.250 -999.250 -999.250 -999.250 -999.250 -999.250 -999.250 -999.250 6.299 4.620 5.967 4.849 2.643 3.718 5.768 4.295 4.098 5.993 4.804 7.147 6.616 2.602 0.000 0.000 0.000 0.000 0.000 0.000 0.000 0.000 4.356 14.573 25.930 35.751 49.022 48.455 37.996 30.352 16.869 5.061 0.000 0.000 0.000 0.000 0.000 0.000 6.707 9.936 15.736 25.930 30.362
-999.250 -999.250 -999.250 -999.250 -999.250 -999.250 -999.250 -999.250 -999.250 -999.250 -999.250 -999.250 -999.250 -999.250 -999.250 -999.250 -999.250 -999.250 -999.250 -999.250 -999.250 -999.250 -999.250 -999.250 -999.250 -999.250 6.764 4.298 3.342 4.268 3.207 4.694 4.771 5.497 5.750 7.773 6.421 8.355 4.904 2.046 0.554 0.000 0.000 0.000 0.000 0.000 0.000 0.069 9.431 24.439 40.278 66.566 73.758 71.882 67.704 44.547 22.467 11.095 0.000 0.000 0.000 0.000 0.000 0.000 3.374 7.308 13.278 17.802 24.797
-999.250 -999.250 -999.250 -999.250 -999.250 -999.250 -999.250 -999.250 -999.250 -999.250 -999.250 -999.250 -999.250 -999.250 -999.250 -999.250 -999.250 -999.250 -999.250 -999.250 -999.250 -999.250 -999.250 -999.250 -999.250 7.004 5.042 5.263 2.487 2.417 4.673 4.764 6.716 6.883 6.621 8.446 10.045 10.169 7.855 4.756 0.043 0.000 0.000 0.000 0.000 0.000 0.000 0.022 14.181 32.181 54.502 79.844 94.063 93.531 80.593 64.043 42.401 18.347 0.000 0.000 0.000 0.000 0.000 0.000 0.000 4.962 9.719 13.294 22.924
-999.250 -999.250 -999.250 -999.250 -999.250 -999.250 -999.250 -999.250 -999.250 -999.250 -999.250 -999.250 -999.250 -999.250 -999.250 -999.250 -999.250 -999.250 -999.250 -999.250 -999.250 -999.250 -999.250 -999.250 -999.250 7.200 7.196 6.558 4.742 5.082 4.880 6.071 6.747 7.342 9.629 8.698 10.057 12.815 11.701 7.198 2.083 0.000 0.000 0.000 0.000 0.000 0.000 0.000 18.297 43.729 81.247 100.015 119.770 127.582 106.203 89.102 68.832 28.220 14.239 5.363 0.000 0.000 0.000 0.000 0.000 0.000 6.456 14.317 18.771
-999.250 -999.250 -999.250 -999.250 -999.250 -999.250 -999.250 -999.250 -999.250 -999.250 -999.250 -999.250 -999.250 -999.250 -999.250 -999.250 -999.250 -999.250 -999.250 -999.250 -999.250 -999.250 -999.250 -999.250 -999.250 7.153 8.663 5.644 5.883 4.836 3.366 6.348 7.099 9.043 7.770 8.224 11.783 14.747 15.546 7.801 1.275 0.000 0.000 0.000 0.000 0.000 0.000 9.270 27.764 57.555 84.688 125.674 144.627 142.800 147.921 120.482 93.390 55.527 29.854 13.680 5.855 0.000 0.000 0.000 0.000 0.000 5.090 10.217 16.197
