data/medianmodel_08-Aug-2020.asc
ncols	141
nrows	288
xllcorner	-120191.398
yllcorner	-301404.813
cellsize	2000.000
NODATA_value	-999.250
[rows 150 to 179 of 288, columns 0 to 67 of 141]
-999.250 -999.250 -999.250 -999.250 -999.250 -999.250 -999.250 -999.250 -999.250 -999.250 -999.250 -999.250 3.686 5.688 7.140 6.754 10.321 15.133 19.506 19.235 20.467 24.215 22.291 23.592 22.020 20.218 18.376 12.257 9.911 9.999 8.069 7.520 6.032 4.059 2.508 2.329 4.031 6.614 9.893 17.342 23.174 32.342 42.410 53.847 61.149 61.671 53.161 36.045 22.535 13.092 10.014 8.568 10.787 11.763 12.539 14.087 18.672 27.674 35.744 39.930 49.705 76.265 90.234 127.750 125.007 161.351 184.954 226.180
-999.250 -999.250 -999.250 -999.250 -999.250 -999.250 -999.250 -999.250 -999.250 -999.250 -999.250 2.341 2.960 4.415 5.792 7.482 10.200 11.764 17.631 18.818 17.867 18.235 17.841 18.544 18.307 20.125 15.431 14.396 10.284 9.051 7.349 5.553 4.683 3.932 4.744 5.323 7.893 10.098 13.733 21.804 36.193 42.565 49.094 57.590 74.351 93.650 57.059 40.588 23.290 13.392 11.966 9.557 9.169 10.458 11.278 13.070 17.821 24.228 31.111 41.827 52.770 64.740 93.612 99.906 123.398 128.644 184.434 224.067
-999.250 -999.250 -999.250 -999.250 -999.250 -999.250 -999.250 -999.250 -999.250 -999.250 0.000 0.000 1.494 3.384 4.655 8.261 9.867 12.453 17.594 18.842 17.454 15.210 13.860 14.522 13.858 18.003 13.541 12.252 10.331 6.241 6.246 5.077 5.518 5.068 7.274 7.675 9.722 13.589 18.182 26.929 32.285 43.195 54.326 62.265 71.486 69.080 52.781 37.362 22.628 15.917 9.452 6.251 8.538 8.719 9.026 11.130 15.978 20.368 25.056 38.045 44.314 59.334 80.603 98.976 99.828 125.609 149.141 160.290
-999.250 -999.250 -999.250 -999.250 -999.250 -999.250 -999.250 -999.250 -999.250 0.000 0.000 0.000 1.277 3.251 4.502 8.439 8.084 10.745 15.988 21.190 14.603 14.249 11.636 10.301 12.226 12.839 11.846 10.198 8.772 6.259 6.165 5.005 5.165 5.348 10.728 11.238 12.386 18.184 24.091 29.492 37.780 41.835 47.856 56.216 54.530 51.180 39.578 27.116 18.609 12.198 7.703 4.348 5.389 7.844 7.505 9.207 12.176 18.930 24.353 35.600 44.168 49.097 65.909 80.821 86.630 104.737 123.361 136.492
-999.250 -999.250 -999.250 -999.250 -999.250 4.254 3.773 1.128 0.100 0.000 0.000 0.002 1.243 1.626 3.142 4.681 5.319 6.375 9.045 13.246 11.242 8.356 6.526 9.207 10.224 9.561 8.972 8.439 9.195 6.978 6.132 6.097 4.345 5.403 9.706 12.654 14.176 17.431 21.909 33.597 38.374 47.536 48.423 44.897 45.526 39.689 21.746 16.646 12.597 7.935 5.604 4.678 4.720 4.510 5.996 6.229 9.352 13.883 22.080 28.545 33.267 42.313 44.609 61.761 76.930 80.364 93.187 106.686
-999.250 -999.250 -999.250 -999.250 -999.250 -999.250 -999.250 3.822 3.725 1.163 0.727 1.215 1.391 0.591 1.553 1.926 2.262 3.967 5.955 7.905 6.744 5.976 5.826 5.822 6.447 9.814 7.809 6.094 5.286 6.889 8.001 6.184 5.970 9.086 10.088 13.279 16.843 18.944 27.503 31.868 37.303 46.638 45.746 41.405 41.636 28.737 17.781 13.665 8.664 6.615 4.628 3.198 3.402 2.594 3.507 4.573 4.654 9.119 11.710 17.990 27.430 34.226 44.404 54.710 57.871 61.660 88.789 88.400
-999.250 -999.250 -999.250 -999.250 -999.250 -999.250 -999.250 6.969 6.041 6.496 4.093 3.148 3.592 2.050 0.132 0.000 0.000 1.486 2.260 3.548 3.960 3.598 3.482 3.869 5.445 6.670 6.479 5.012 5.714 6.223 6.207 5.426 7.397 8.964 12.962 14.134 17.592 21.018 27.026 30.135 35.405 35.297 36.514 37.345 33.696 22.543 18.311 12.770 8.016 5.770 3.340 0.485 2.270 0.731 0.000 1.512 3.079 5.617 9.196 13.822 18.506 22.886 34.554 48.133 53.187 61.670 73.721 67.902
-999.250 -999.250 -999.250 -999.250 -999.250 -999.250 -999.250 10.704 12.731 10.373 8.793 6.903 4.866 2.926 0.853 0.000 0.000 0.000 0.000 0.306 0.007 0.029 1.294 0.887 2.989 3.859 4.956 4.822 6.052 5.037 5.325 5.496 6.528 8.809 9.125 13.114 20.385 20.711 23.877 28.754 33.337 31.621 29.641 29.359 28.193 19.531 15.628 10.343 7.731 6.227 5.634 3.143 0.026 0.000 0.156 0.298 2.378 4.003 4.728 6.596 14.376 18.563 27.264 38.283 42.072 51.935 56.216 63.211
-999.250 -999.250 -999.250 -999.250 -999.250 -999.250 -999.250 19.212 19.763 17.522 14.219 13.025 7.192 4.713 0.515 0.000 0.000 0.000 0.000 0.000 0.000 0.000 0.000 0.000 0.934 1.953 3.139 4.573 4.945 4.170 6.499 4.831 5.878 7.144 9.302 11.901 14.600 20.778 23.370 26.093 26.988 30.840 26.487 25.782 21.545 18.562 11.918 10.737 8.986 6.457 4.832 2.428 0.187 0.000 0.000 0.000 0.000 2.079 3.197 4.731 9.807 16.414 21.103 30.643 39.568 44.882 48.185 51.561
-999.250 -999.250 -999.250 -999.250 -999.250 -999.250 -999.250 -999.250 27.178 25.011 22.924 18.168 12.824 5.959 1.677 0.000 0.000 0.000 0.000 0.000 0.000 0.000 0.000 0.003 0.158 1.234 1.997 4.142 3.769 4.086 4.445 4.530 6.346 5.909 7.344 10.042 15.743 18.220 19.779 22.109 23.330 26.989 24.920 23.053 19.228 16.013 9.942 6.257 7.633 6.569 3.989 3.255 0.000 0.000 0.000 0.000 0.000 0.000 1.292 3.937 5.604 11.947 14.572 21.272 29.688 35.583 40.269 42.825
-999.250 -999.250 -999.250 -999.250 -999.250 -999.250 -999.250 -999.250 36.611 38.677 31.904 24.086 15.020 9.695 3.846 0.000 0.000 0.000 0.000 0.000 0.000 0.000 0.000 0.935 1.312 2.974 3.643 3.945 3.809 3.409 5.163 4.482 5.926 6.212 6.757 10.488 15.315 17.061 18.006 19.015 23.927 28.333 24.105 21.511 17.175 12.249 9.666 7.778 5.990 5.880 4.285 1.124 1.608 0.000 0.000 0.000 0.000 0.000 0.000 1.341 3.333 8.432 10.762 15.485 21.335 26.677 30.918 35.998
-999.250 -999.250 -999.250 -999.250 -999.250 -999.250 -999.250 35.579 36.782 42.462 37.983 30.985 22.030 16.327 9.721 4.263 2.138 0.000 0.000 0.000 0.000 0.000 1.097 2.895 4.733 3.706 4.721 4.838 5.333 4.341 4.800 3.809 4.742 4.508 6.112 8.681 13.932 13.462 15.451 18.191 20.980 19.986 20.780 19.904 18.908 13.315 9.447 8.756 8.803 5.430 5.726 2.999 1.049 0.000 0.000 0.000 0.000 0.000 0.000 0.000 2.174 4.414 7.784 10.654 11.824 17.677 19.823 24.319
-999.250 -999.250 -999.250 -999.250 -999.250 -999.250 -999.250 41.170 38.535 40.926 39.321 33.394 31.074 24.167 17.884 11.502 6.406 3.392 0.911 0.000 0.000 0.958 3.255 5.324 6.096 6.369 6.191 6.275 6.321 5.110 5.597 4.176 4.113 3.961 5.110 7.176 8.801 11.352 11.566 13.530 14.624 18.069 15.833 16.219 15.031 12.924 10.544 8.441 9.195 6.043 4.424 3.734 0.191 0.184 0.000 0.000 0.000 0.000 0.000 0.000 0.000 1.619 4.112 5.949 7.568 11.504 15.535 18.115
-999.250 -999.250 -999.250 -999.250 -999.250 -999.250 -999.250 43.392 44.898 45.154 43.570 39.070 37.712 31.024 25.362 17.771 13.913 7.100 4.419 3.414 3.823 4.245 5.328 5.338 8.867 10.333 9.671 10.298 8.784 7.095 5.035 4.861 3.495 3.228 4.151 4.274 6.027 8.488 13.306 11.883 12.409 15.241 12.824 13.859 11.226 9.812 10.059 11.642 8.451 7.750 6.501 4.041 3.017 1.096 0.000 0.000 0.000 0.000 0.000 0.000 0.000 0.000 1.868 4.282 4.742 7.471 10.239 13.372
-999.250 -999.250 -999.250 -999.250 -999.250 -999.250 -999.250 49.889 47.757 47.727 44.246 41.358 40.022 45.474 35.100 29.997 19.570 14.159 9.197 8.825 8.061 7.699 9.212 10.623 12.526 17.122 19.888 17.419 13.603 9.963 7.306 4.911 3.444 2.066 1.890 3.249 4.889 5.561 8.890 8.754 10.712 11.597 10.694 12.153 11.961 8.562 7.844 8.461 6.276 7.490 6.665 5.317 3.270 0.512 0.000 0.000 0.000 0.000 0.000 0.000 0.000 0.000 0.000 2.302 3.259 4.614 7.381 10.316
-999.250 -999.250 -999.250 -999.250 -999.250 -999.250 46.176 47.269 55.369 54.456 51.953 54.543 50.180 50.706 43.202 38.484 28.771 21.602 14.840 13.964 11.852 12.195 13.698 13.575 18.202 22.523 24.615 25.943 21.272 14.101 9.823 8.388 4.023 1.086 1.171 2.111 3.442 4.225 5.286 7.264 7.954 8.133 8.927 7.479 8.926 8.006 9.461 7.761 7.529 6.408 4.935 4.367 3.904 2.131 0.000 0.000 0.000 0.000 0.000 0.000 0.000 0.000 0.000 0.102 2.521 3.378 2.987 4.536
-999.250 -999.250 -999.250 -999.250 -999.250 -999.250 50.429 54.823 60.303 64.992 62.075 61.818 64.635 58.448 54.733 46.160 37.241 31.344 20.069 18.131 17.975 14.359 18.061 19.800 26.769 26.352 34.098 35.386 29.752 21.040 13.468 6.896 3.722 0.652 0.000 0.541 1.763 2.684 4.591 5.299 6.892 8.834 6.384 7.673 7.869 6.519 6.606 6.107 5.853 5.637 4.450 3.070 2.986 2.681 2.421 0.283 0.000 0.000 0.000 0.000 0.000 0.000 0.000 0.000 0.000 0.000 1.722 2.671
-999.250 -999.250 -999.250 -999.250 -999.250 63.659 54.661 61.819 78.673 61.656 76.846 88.746 88.552 67.380 61.609 55.764 45.506 40.569 30.662 23.378 17.406 17.896 16.701 21.414 24.103 28.760 37.901 48.424 34.636 26.865 14.312 6.625 3.633 0.367 0.000 0.000 0.000 0.749 2.702 4.590 6.079 6.361 5.753 4.931 6.035 6.107 6.906 4.907 5.111 5.846 4.985 4.424 3.201 3.133 3.098 1.829 0.189 0.000 0.000 0.000 0.000 0.000 0.000 0.000 0.000 0.000 0.000 0.000
-999.250 -999.250 -999.250 -999.250 -999.250 63.289 57.139 58.706 69.244 75.838 92.047 108.239 93.468 86.739 71.868 64.908 54.784 47.361 39.729 33.419 20.274 18.930 19.530 18.959 20.395 26.819 35.957 38.987 31.960 23.759 16.887 10.196 4.034 1.751 0.000 0.000 0.000 0.000 1.097 2.298 3.496 5.096 5.345 5.076 4.740 3.832 4.402 5.463 5.591 5.380 5.286 3.170 4.205 3.439 4.107 2.356 1.659 0.704 0.000 0.000 0.000 0.000 0.000 0.000 0.000 0.000 0.000 0.000
-999.250 -999.250 -999.250 -999.250 49.632 55.800 58.663 64.688 71.373 70.880 93.822 99.907 98.409 93.089 93.990 86.716 65.039 55.464 44.914 39.905 27.229 23.686 19.424 19.704 20.900 24.632 31.193 31.617 28.283 24.068 14.925 10.387 4.981 1.930 0.000 0.000 0.000 0.000 0.000 0.156 2.172 4.713 3.503 3.489 3.629 3.774 4.855 4.621 4.224 4.901 5.200 3.469 3.692 4.177 4.693 3.931 3.333 0.489 0.078 0.131 0.000 0.000 0.000 0.000 0.000 0.000 0.000 0.000
-999.250 -999.250 -999.250 -999.250 51.832 51.856 63.068 67.544 82.126 73.217 86.941 98.748 96.021 100.459 95.229 99.103 90.242 63.267 49.433 41.743 34.575 26.122 22.700 21.486 24.460 27.720 29.867 32.096 25.303 24.319 18.457 12.353 5.782 2.764 0.000 0.000 0.000 0.000 0.000 0.000 0.000 0.433 1.837 1.445 1.602 1.815 1.752 3.301 2.488 2.189 3.953 4.334 5.115 5.032 4.878 4.111 3.594 3.837 2.514 2.449 1.733 0.000 0.000 0.000 0.000 0.000 0.000 0.000
-999.250 -999.250 -999.250 -999.250 48.401 52.078 54.053 67.238 73.755 85.806 82.904 99.890 98.648 103.338 105.172 103.576 103.340 87.688 56.350 46.651 38.767 30.057 23.848 22.379 26.545 26.558 27.689 32.724 28.059 26.450 19.444 17.142 10.134 4.903 0.254 0.000 0.000 0.000 0.000 0.000 0.000 0.000 0.000 0.000 0.000 0.519 0.043 1.398 2.291 3.355 4.848 3.124 4.778 5.373 6.314 6.212 6.997 6.862 6.100 5.315 4.019 1.391 0.000 0.000 0.000 0.000 0.000 0.000
-999.250 -999.250 -999.250 -999.250 50.319 55.141 54.340 55.691 68.159 74.065 95.336 99.137 104.913 118.008 111.029 106.951 111.411 106.255 64.055 51.636 42.461 35.478 29.563 29.513 28.218 26.747 30.934 28.703 31.264 25.737 22.354 18.148 12.791 6.041 2.358 0.000 0.000 0.000 0.000 0.000 0.000 0.000 0.000 0.000 0.000 0.000 0.000 0.935 0.604 2.292 4.140 4.748 4.055 6.079 8.060 8.516 8.788 10.114 7.347 6.003 5.765 3.136 2.241 0.148 0.614 0.000 0.000 0.000
-999.250 -999.250 -999.250 -999.250 50.081 49.051 52.582 59.096 62.479 79.855 89.875 104.171 116.282 131.569 129.479 121.187 140.832 107.343 90.823 59.527 48.330 40.504 33.533 31.471 30.205 32.079 33.730 29.261 31.925 28.715 25.348 21.462 17.166 10.443 6.550 3.305 3.445 1.374 1.193 1.769 1.104 1.038 1.979 1.192 0.000 1.069 0.160 0.755 1.400 1.392 4.536 5.079 5.353 5.479 8.626 9.642 13.391 12.814 13.189 7.901 6.875 5.582 3.585 3.071 1.333 0.802 0.000 0.000
-999.250 -999.250 -999.250 -999.250 50.070 48.920 53.332 60.084 74.067 69.263 95.390 97.834 103.519 111.683 101.285 125.641 105.447 94.253 71.823 64.885 47.901 43.606 39.869 33.632 36.839 37.368 36.843 31.655 33.910 33.662 31.837 25.527 21.259 12.566 11.389 8.443 6.640 4.339 4.312 3.571 3.137 3.362 3.332 3.516 3.633 3.715 1.830 2.460 3.431 3.657 4.236 6.037 7.144 8.911 9.441 13.788 14.216 14.251 15.930 11.370 7.310 6.231 5.264 3.724 3.157 1.967 0.000 0.000
-999.250 -999.250 -999.250 -999.250 42.915 47.570 53.986 57.458 59.498 69.018 90.927 91.119 99.507 100.064 103.916 115.683 91.370 85.486 62.428 55.250 48.627 44.289 44.180 40.316 40.359 41.432 39.301 39.417 38.081 36.930 37.972 29.927 23.026 20.371 15.079 12.708 9.335 8.070 6.946 5.289 5.782 4.868 4.919 6.231 5.594 4.369 3.478 4.164 4.894 4.723 5.281 8.922 10.342 9.131 11.945 12.789 16.511 18.433 16.920 12.110 8.078 5.566 5.340 4.194 3.697 3.270 1.757 0.000
-999.250 -999.250 -999.250 -999.250 44.213 49.921 54.897 68.383 63.266 67.782 66.948 84.859 89.671 101.788 100.929 89.971 76.375 58.215 59.885 56.321 48.243 47.560 44.667 44.943 41.560 40.110 39.168 40.892 44.296 40.172 37.324 33.860 30.587 23.146 18.428 18.077 14.359 10.404 9.632 10.257 6.569 6.988 7.096 11.447 7.581 5.708 5.129 5.180 4.091 4.998 7.605 9.192 10.297 10.399 11.400 12.814 18.109 24.166 18.076 11.804 8.889 7.407 6.021 4.958 4.923 3.772 3.269 1.700
-999.250 -999.250 -999.250 -999.250 42.189 48.971 54.398 57.189 58.676 59.689 72.467 81.938 79.756 91.070 93.590 85.285 73.265 57.331 55.017 53.908 48.027 48.768 49.327 49.460 48.280 45.405 42.497 46.562 47.423 43.157 39.304 37.501 37.718 29.725 23.352 18.139 18.617 15.348 13.689 9.949 10.462 8.451 7.812 10.109 6.977 6.901 5.183 5.663 6.986 6.515 7.090 9.209 8.345 9.589 13.229 13.421 17.087 18.886 16.147 11.583 9.694 7.956 6.883 5.761 5.308 4.397 2.851 2.130
-999.250 -999.250 -999.250 -999.250 42.371 44.723 49.106 53.230 52.825 58.725 71.902 62.447 67.383 72.867 66.820 74.244 64.143 57.888 52.199 55.089 51.088 47.987 49.656 48.549 50.454 46.824 46.442 52.963 55.562 46.418 42.012 38.271 36.606 33.041 33.142 25.772 22.194 15.548 11.125 12.559 8.724 8.565 8.485 8.003 7.472 8.073 7.246 6.741 6.986 6.440 5.360 6.639 10.316 9.941 10.411 11.008 14.371 14.299 14.202 12.892 8.674 8.053 8.070 5.324 5.302 3.937 1.829 1.500
-999.250 -999.250 -999.250 36.348 36.859 36.692 44.455 50.918 49.945 53.571 55.297 61.661 64.393 67.026 63.268 59.322 61.564 53.748 54.020 55.721 60.582 52.816 48.530 49.771 49.101 47.691 50.756 53.476 51.338 52.607 44.492 40.909 37.024 36.389 32.726 25.396 23.181 21.470 14.688 13.776 11.704 9.286 8.994 7.698 7.196 8.267 8.195 5.825 6.513 6.227 7.320 6.436 7.673 8.499 11.903 13.245 11.281 12.595 9.767 12.157 11.292 8.495 6.828 5.375 5.197 3.384 2.270 0.998
