data/medianmodel_17-Oct-2020.asc
ncols	141
nrows	288
xllcorner	-120191.398
yllcorner	-301404.813
cellsize	2000.000
NODATA_value	-999.250
[rows 210 to 239 of 288, columns 0 to 66 of 141]
-999.250 -999.250 -999.250 -999.250 -999.250 -999.250 -999.250 -999.250 -999.250 -999.250 -999.250 -999.250 -999.250 -999.250 -999.250 -999.250 -999.250 -999.250 -999.250 -999.250 -999.250 -999.250 -999.250 -999.250 -999.250 -999.250 -999.250 -999.250 -999.250 -999.250 -999.250 57.930 56.776 56.111 51.705 45.488 39.625 39.484 43.029 40.958 39.845 42.032 42.885 47.853 50.302 44.720 42.123 52.388 53.538 56.920 67.630 55.015 53.683 58.875 52.216 51.106 45.516 45.268 41.586 41.732 40.340 39.525 34.380 33.948 32.544 26.951 25.041
-999.250 -999.250 -999.250 -999.250 -999.250 -999.250 -999.250 -999.250 -999.250 -999.250 -999.250 -999.250 -999.250 -999.250 -999.250 -999.250 -999.250 -999.250 -999.250 -999.250 -999.250 -999.250 -999.250 -999.250 -999.250 -999.250 -999.250 -999.250 -999.250 -999.250 -999.250 55.364 52.697 54.512 51.105 49.482 43.961 43.835 42.194 40.322 35.151 41.193 40.632 38.189 38.789 41.157 38.840 41.649 47.734 57.365 65.467 52.520 63.233 49.271 50.878 47.333 41.555 42.776 41.603 38.417 33.850 37.801 32.433 29.466 31.852 19.436 20.628
-999.250 -999.250 -999.250 -999.250 -999.250 -999.250 -999.250 -999.250 -999.250 -999.250 -999.250 -999.250 -999.250 -999.250 -999.250 -999.250 -999.250 -999.250 -999.250 -999.250 -999.250 -999.250 -999.250 -999.250 -999.250 -999.250 -999.250 -999.250 -999.250 -999.250 -999.250 56.597 55.877 47.136 48.942 46.975 40.274 43.415 49.771 44.178 38.584 45.922 42.663 38.061 40.094 41.794 38.035 49.473 49.465 54.774 61.450 52.482 54.263 51.009 46.465 46.095 44.851 42.746 45.690 38.420 39.694 35.020 33.835 29.254 26.994 23.263 21.971
-999.250 -999.250 -999.250 -999.250 -999.250 -999.250 -999.250 -999.250 -999.250 -999.250 -999.250 -999.250 -999.250 -999.250 -999.250 -999.250 -999.250 -999.250 -999.250 -999.250 -999.250 -999.250 -999.250 -999.250 -999.250 -999.250 -999.250 -999.250 -999.250 -999.250 -999.250 52.462 48.090 46.485 47.656 47.052 49.516 45.332 53.026 39.918 45.612 45.867 46.670 41.808 42.910 34.557 42.084 50.417 44.010 50.167 51.188 51.454 48.680 54.169 50.646 45.642 43.776 46.597 46.675 43.859 41.721 38.157 40.252 34.565 30.324 24.511 20.216
-999.250 -999.250 -999.250 -999.250 -999.250 -999.250 -999.250 -999.250 -999.250 -999.250 -999.250 -999.250 -999.250 -999.250 -999.250 -999.250 -999.250 -999.250 -999.250 -999.250 -999.250 -999.250 -999.250 -999.250 -999.250 -999.250 -999.250 -999.250 -999.250 -999.250 -999.250 50.797 44.081 51.582 51.970 43.908 50.536 40.710 43.990 40.043 43.310 52.663 42.082 39.650 36.998 43.923 45.656 42.956 45.279 50.077 45.122 46.469 44.939 49.489 47.962 50.643 50.567 45.017 54.903 50.235 44.049 38.041 39.077 37.298 31.893 27.150 22.871
-999.250 -999.250 -999.250 -999.250 -999.250 -999.250 -999.250 -999.250 -999.250 -999.250 -999.250 -999.250 -999.250 -999.250 -999.250 -999.250 -999.250 -999.250 -999.250 -999.250 -999.250 -999.250 -999.250 -999.250 -999.250 -999.250 -999.250 -999.250 -999.250 -999.250 -999.250 45.099 48.723 53.912 50.955 49.085 45.751 48.743 50.361 48.832 45.139 49.271 42.529 44.939 39.143 39.947 45.295 44.186 53.128 51.184 42.416 42.319 41.028 44.389 44.448 45.640 44.704 48.240 48.453 46.992 42.921 43.680 43.649 38.825 34.981 34.797 25.236
-999.250 -999.250 -999.250 -999.250 -999.250 -999.250 -999.250 -999.250 -999.250 -999.250 -999.250 -999.250 -999.250 -999.250 -999.250 -999.250 -999.250 -999.250 -999.250 -999.250 -999.250 -999.250 -999.250 -999.250 -999.250 -999.250 -999.250 -999.250 -999.250 -999.250 -999.250 42.471 49.414 58.726 59.501 50.073 47.037 51.734 49.947 50.270 56.408 51.498 48.389 47.109 43.285 46.440 42.393 43.670 46.341 49.848 46.053 45.597 46.421 48.327 50.243 45.621 49.636 44.927 45.943 42.724 46.541 46.767 50.121 45.912 38.953 38.930 33.396
-999.250 -999.250 -999.250 -999.250 -999.250 -999.250 -999.250 -999.250 -999.250 -999.250 -999.250 -999.250 -999.250 -999.250 -999.250 -999.250 -999.250 -999.250 -999.250 -999.250 -999.250 -999.250 -999.250 -999.250 -999.250 -999.250 -999.250 -999.250 -999.250 -999.250 -999.250 50.535 50.651 54.055 53.523 49.380 41.932 53.569 45.839 49.161 53.948 48.991 50.569 48.792 46.275 43.351 49.691 52.261 38.750 49.446 43.606 47.584 47.143 52.817 48.627 47.909 48.062 50.604 44.036 45.400 41.468 46.373 43.332 50.413 41.964 40.371 36.907
-999.250 -999.250 -999.250 -999.250 -999.250 -999.250 -999.250 -999.250 -999.250 -999.250 -999.250 -999.250 -999.250 -999.250 -999.250 -999.250 -999.250 -999.250 -999.250 -999.250 -999.250 -999.250 -999.250 -999.250 -999.250 -999.250 -999.250 -999.250 -999.250 -999.250 -999.250 45.433 47.359 50.443 51.283 44.068 47.254 44.841 46.505 44.679 48.537 51.639 44.217 47.381 43.118 48.339 48.759 49.875 44.202 43.770 45.092 41.341 52.978 48.430 49.698 44.602 48.544 46.184 48.942 48.254 42.775 43.485 47.802 51.556 44.986 44.473 40.614
-999.250 -999.250 -999.250 -999.250 -999.250 -999.250 -999.250 -999.250 -999.250 -999.250 -999.250 -999.250 -999.250 -999.250 -999.250 -999.250 -999.250 -999.250 -999.250 -999.250 -999.250 -999.250 -999.250 -999.250 -999.250 -999.250 -999.250 -999.250 -999.250 -999.250 -999.250 48.258 48.751 44.138 46.557 43.492 45.223 47.945 46.400 53.987 49.902 47.818 44.747 41.673 37.628 42.623 47.122 51.670 48.263 41.805 45.351 44.187 49.204 50.471 45.591 50.285 47.410 47.100 52.953 45.578 47.580 53.956 55.070 58.555 54.444 46.551 43.338
-999.250 -999.250 -999.250 -999.250 -999.250 -999.250 -999.250 -999.250 -999.250 -999.250 -999.250 -999.250 -999.250 -999.250 -999.250 -999.250 -999.250 -999.250 -999.250 -999.250 -999.250 -999.250 -999.250 -999.250 -999.250 -999.250 -999.250 -999.250 -999.250 -999.250 -999.250 41.382 43.224 46.753 46.578 39.053 40.890 50.490 47.711 56.020 48.247 46.422 37.638 40.827 43.337 44.919 45.882 44.389 39.795 39.543 44.027 52.987 49.814 48.731 40.957 53.290 49.645 48.255 49.902 53.094 53.327 60.684 62.927 63.669 59.882 54.942 44.811
-999.250 -999.250 -999.250 -999.250 -999.250 -999.250 -999.250 -999.250 -999.250 -999.250 -999.250 -999.250 -999.250 -999.250 -999.250 -999.250 -999.250 -999.250 -999.250 -999.250 -999.250 -999.250 -999.250 -999.250 -999.250 -999.250 -999.250 -999.250 -999.250 -999.250 -999.250 44.909 45.176 48.870 45.621 39.883 40.718 43.426 49.752 48.751 47.137 49.569 44.172 35.405 38.651 40.834 41.364 37.015 46.721 43.409 42.118 43.995 44.931 40.195 46.341 42.960 47.874 48.113 47.070 52.708 59.602 59.321 68.330 63.992 61.025 66.594 59.399
-999.250 -999.250 -999.250 -999.250 -999.250 -999.250 -999.250 -999.250 -999.250 -999.250 -999.250 -999.250 -999.250 -999.250 -999.250 -999.250 -999.250 -999.250 -999.250 -999.250 -999.250 -999.250 -999.250 -999.250 -999.250 -999.250 -999.250 -999.250 -999.250 -999.250 -999.250 47.254 44.840 49.180 44.116 44.899 34.408 42.686 45.787 42.954 50.163 45.143 41.159 42.926 45.205 45.311 43.686 37.924 42.436 38.398 41.009 40.807 44.398 39.740 52.465 50.113 48.140 49.233 48.993 53.338 52.670 63.323 65.992 64.370 75.709 76.501 71.317
-999.250 -999.250 -999.250 -999.250 -999.250 -999.250 -999.250 -999.250 -999.250 -999.250 -999.250 -999.250 -999.250 -999.250 -999.250 -999.250 -999.250 -999.250 -999.250 -999.250 -999.250 -999.250 -999.250 -999.250 -999.250 -999.250 -999.250 -999.250 -999.250 -999.250 39.820 36.283 40.815 43.195 43.084 39.882 40.055 39.262 39.136 39.016 40.763 45.338 47.131 47.452 50.298 40.978 41.235 38.547 40.838 43.168 46.007 44.124 42.952 42.247 50.244 42.863 46.827 45.296 44.781 52.158 55.688 63.232 75.702 75.000 96.290 94.002 100.386
-999.250 -999.250 -999.250 -999.250 -999.250 -999.250 -999.250 -999.250 -999.250 -999.250 -999.250 -999.250 -999.250 -999.250 -999.250 -999.250 -999.250 -999.250 -999.250 -999.250 -999.250 -999.250 -999.250 -999.250 -999.250 -999.250 -999.250 -999.250 -999.250 -999.250 37.466 39.635 39.613 37.288 36.225 36.792 39.579 32.067 36.503 38.852 38.749 41.152 41.697 36.548 42.025 46.847 46.053 35.265 39.054 41.143 36.927 38.924 43.638 41.541 47.088 47.596 46.740 47.184 47.176 54.526 63.111 69.020 73.131 104.644 107.485 113.838 136.593
-999.250 -999.250 -999.250 -999.250 -999.250 -999.250 -999.250 -999.250 -999.250 -999.250 -999.250 -999.250 -999.250 -999.250 -999.250 -999.250 -999.250 -999.250 -999.250 -999.250 -999.250 -999.250 -999.250 -999.250 -999.250 -999.250 -999.250 -999.250 -999.250 -999.250 38.573 35.106 32.176 35.156 32.950 30.173 34.429 35.490 36.494 35.754 39.277 43.001 40.171 38.318 43.677 38.970 48.385 41.487 41.453 37.575 41.488 37.797 41.727 40.997 41.301 41.477 39.697 40.829 42.995 55.151 63.161 76.906 85.507 92.242 110.148 119.296 147.897
-999.250 -999.250 -999.250 -999.250 -999.250 -999.250 -999.250 -999.250 -999.250 -999.250 -999.250 -999.250 -999.250 -999.250 -999.250 -999.250 -999.250 -999.250 -999.250 -999.250 -999.250 -999.250 -999.250 -999.250 -999.250 -999.250 -999.250 -999.250 -999.250 -999.250 34.462 28.895 33.413 30.621 26.029 27.117 29.954 27.165 36.307 33.315 38.361 39.934 42.353 44.767 42.668 45.869 42.825 42.927 40.667 38.075 36.437 38.512 41.945 38.069 41.518 42.353 38.698 39.352 42.931 46.149 61.495 89.145 100.458 106.513 134.579 160.267 164.598
-999.250 -999.250 -999.250 -999.250 -999.250 -999.250 -999.250 -999.250 -999.250 -999.250 -999.250 -999.250 -999.250 -999.250 -999.250 -999.250 -999.250 -999.250 -999.250 -999.250 -999.250 -999.250 -999.250 -999.250 -999.250 -999.250 -999.250 -999.250 -999.250 39.593 36.794 29.504 30.587 22.051 29.039 29.495 24.816 32.324 33.132 32.894 35.085 39.623 39.680 44.265 41.588 45.900 35.911 37.342 47.079 44.722 37.124 37.167 42.551 37.664 35.369 38.945 32.447 38.241 49.669 45.072 60.868 83.701 113.437 133.130 143.600 170.591 189.054
-999.250 -999.250 -999.250 -999.250 -999.250 -999.250 -999.250 -999.250 -999.250 -999.250 -999.250 -999.250 -999.250 -999.250 -999.250 -999.250 -999.250 -999.250 -999.250 -999.250 -999.250 -999.250 -999.250 -999.250 -999.250 -999.250 -999.250 -999.250 -999.250 44.108 37.475 33.690 26.797 31.098 24.394 22.852 21.119 25.219 29.980 30.499 39.278 38.365 43.205 47.570 42.566 38.827 41.423 41.534 41.738 46.333 37.334 38.130 41.527 36.714 40.867 38.040 36.113 34.026 41.841 52.237 57.233 82.676 105.723 148.953 179.416 173.330 200.690
-999.250 -999.250 -999.250 -999.250 -999.250 -999.250 -999.250 -999.250 -999.250 -999.250 -999.250 -999.250 -999.250 -999.250 -999.250 -999.250 -999.250 -999.250 -999.250 -999.250 -999.250 -999.250 -999.250 -999.250 -999.250 -999.250 -999.250 -999.250 36.779 38.965 37.405 36.823 29.071 24.969 21.373 22.316 20.840 28.852 33.675 31.379 38.463 36.504 45.696 37.252 35.900 37.368 42.416 41.764 39.557 38.516 38.758 38.351 35.503 35.649 43.695 36.344 39.734 34.294 45.959 52.261 55.165 77.624 112.026 140.893 166.076 194.956 218.158
-999.250 -999.250 -999.250 -999.250 -999.250 -999.250 -999.250 -999.250 -999.250 -999.250 -999.250 -999.250 -999.250 -999.250 -999.250 -999.250 -999.250 -999.250 -999.250 -999.250 -999.250 -999.250 -999.250 -999.250 -999.250 -999.250 -999.250 -999.250 43.647 42.039 38.695 39.955 30.779 31.450 21.528 24.004 23.027 27.617 32.460 27.310 33.968 37.644 42.923 33.968 39.076 39.448 37.632 42.225 37.114 40.364 39.096 35.062 37.786 37.188 39.925 36.139 35.078 39.728 42.038 43.237 53.226 71.724 106.909 136.499 140.501 180.683 230.719
-999.250 -999.250 -999.250 -999.250 -999.250 -999.250 -999.250 -999.250 -999.250 -999.250 -999.250 -999.250 -999.250 -999.250 -999.250 -999.250 -999.250 -999.250 -999.250 -999.250 -999.250 -999.250 -999.250 -999.250 -999.250 -999.250 -999.250 41.185 44.228 41.718 38.043 37.039 29.958 33.120 28.948 25.988 26.501 27.436 28.108 32.480 40.602 40.091 41.293 40.648 38.950 33.883 44.170 40.566 32.982 41.003 36.025 29.293 31.448 36.364 40.489 37.586 35.379 36.577 38.166 43.957 50.296 73.629 100.822 157.549 154.955 184.111 243.158
-999.250 -999.250 -999.250 -999.250 -999.250 -999.250 -999.250 -999.250 -999.250 -999.250 -999.250 -999.250 -999.250 -999.250 -999.250 -999.250 -999.250 -999.250 -999.250 -999.250 -999.250 -999.250 -999.250 -999.250 -999.250 -999.250 -999.250 45.397 43.371 38.824 37.913 36.456 32.398 33.525 32.549 28.547 28.741 34.013 30.154 36.126 35.157 44.453 40.904 39.961 45.361 37.986 32.223 36.650 40.717 33.873 38.121 41.504 31.712 33.927 35.514 38.660 34.450 36.810 38.843 40.734 47.581 70.193 103.157 127.657 149.638 183.744 248.445
-999.250 -999.250 -999.250 -999.250 -999.250 -999.250 -999.250 -999.250 -999.250 -999.250 -999.250 -999.250 -999.250 -999.250 -999.250 -999.250 -999.250 -999.250 -999.250 -999.250 -999.250 -999.250 -999.250 -999.250 -999.250 -999.250 -999.250 -999.250 37.665 37.060 37.971 34.842 30.925 32.401 31.885 30.675 35.355 28.408 34.906 36.916 35.989 45.989 43.123 40.598 43.109 38.293 37.579 37.216 36.322 40.208 39.043 40.656 37.311 37.949 38.404 30.966 33.373 27.172 35.199 43.810 50.993 67.336 88.582 123.372 142.283 188.017 214.816
-999.250 -999.250 -999.250 -999.250 -999.250 -999.250 -999.250 -999.250 -999.250 -999.250 -999.250 -999.250 -999.250 -999.250 -999.250 -999.250 -999.250 -999.250 -999.250 -999.250 -999.250 -999.250 -999.250 -999.250 -999.250 -999.250 -999.250 -999.250 -999.250 -999.250 39.189 27.472 32.516 29.760 33.173 28.951 31.302 37.177 34.105 32.615 34.540 40.754 38.273 34.930 36.053 40.132 44.255 45.332 40.086 44.893 48.647 36.661 36.182 37.361 36.238 33.323 24.354 25.835 29.148 33.774 43.149 56.656 82.113 90.388 115.318 152.099 194.577
-999.250 -999.250 -999.250 -999.250 -999.250 -999.250 -999.250 -999.250 -999.250 -999.250 -999.250 -999.250 -999.250 -999.250 -999.250 -999.250 -999.250 -999.250 -999.250 -999.250 -999.250 -999.250 -999.250 -999.250 -999.250 -999.250 -999.250 -999.250 -999.250 -999.250 36.708 36.099 32.823 31.569 29.450 36.677 36.707 38.592 38.791 34.329 35.249 37.011 41.677 39.495 42.457 39.309 44.435 44.773 46.054 42.211 47.176 44.642 38.241 35.515 28.921 21.710 22.445 18.677 19.067 21.749 34.198 48.849 65.671 82.344 111.137 143.905 175.969
-999.250 -999.250 -999.250 -999.250 -999.250 -999.250 -999.250 -999.250 -999.250 -999.250 -999.250 -999.250 -999.250 -999.250 -999.250 -999.250 -999.250 -999.250 -999.250 -999.250 -999.250 -999.250 -999.250 -999.250 -999.250 -999.250 -999.250 -999.250 -999.250 -999.250 40.176 40.951 31.785 27.787 32.014 33.396 38.021 39.449 35.804 31.036 42.997 46.426 38.509 42.852 44.018 43.595 39.505 43.394 44.361 45.820 50.716 43.253 45.939 37.472 23.463 18.944 19.383 17.211 14.712 12.126 24.004 40.774 59.412 82.757 93.481 130.868 184.703
-999.250 -999.250 -999.250 -999.250 -999.250 -999.250 -999.250 -999.250 -999.250 -999.250 -999.250 -999.250 -999.250 -999.250 -999.250 -999.250 -999.250 -999.250 -999.250 -999.250 -999.250 -999.250 -999.250 -999.250 -999.250 -999.250 -999.250 -999.250 -999.250 -999.250 -999.250 33.769 32.962 28.972 32.756 40.703 42.576 41.193 38.087 44.077 45.472 43.145 43.755 42.879 38.410 39.943 44.481 44.886 49.087 43.475 45.454 40.436 42.986 34.746 30.331 27.752 19.699 18.179 13.001 14.243 23.942 37.906 52.925 86.714 100.358 131.702 158.701
-999.250 -999.250 -999.250 -999.250 -999.250 -999.250 -999.250 -999.250 -999.250 -999.250 -999.250 -999.250 -999.250 -999.250 -999.250 -999.250 -999.250 -999.250 -999.250 -999.250 -999.250 -999.250 -999.250 -999.250 -999.250 -999.250 -999.250 -999.250 -999.250 -999.250 35.428 40.395 38.949 32.482 36.999 40.112 38.724 40.756 40.071 38.984 44.766 41.333 38.206 40.813 35.222 40.799 44.630 43.536 42.639 44.189 38.311 41.073 39.493 33.760 27.272 21.865 17.689 15.177 15.138 16.669 26.560 34.478 52.643 68.348 91.561 123.322 134.483
-999.250 -999.250 -999.250 -999.250 -999.250 -999.250 -999.250 -999.250 -999.250 -999.250 -999.250 -999.250 -999.250 -999.250 -999.250 -999.250 -999.250 -999.250 -999.250 -999.250 -999.250 -999.250 -999.250 -999.250 -999.250 -999.250 -999.250 -999.250 -999.250 -999.250 -999.250 36.988 40.024 40.231 32.776 39.666 35.542 34.309 37.208 47.935 41.189 42.057 41.964 42.502 38.921 36.595 40.341 48.361 51.967 48.996 45.561 43.272 37.691 31.469 20.518 22.679 22.414 17.767 16.005 23.511 30.935 45.147 47.162 63.417 88.791 92.077 102.190
