data/medianmodel_16-Aug-2020.asc
ncols	141
nrows	288
xllcorner	-120191.398
yllcorner	-301404.813
cellsize	2000.000
NODATA_value	-999.250
[rows 124 to 154 of 288, columns 0 to 68 of 141]
-999.250 -999.250 -999.250 -999.250 -999.250 -999.250 -999.250 -999.250 -999.250 -999.250 -999.250 -999.250 -999.250 -999.250 -999.250 -999.250 -999.250 -999.250 -999.250 -999.250 -999.250 -999.250 -999.250 -999.250 2.653 2.428 2.701 3.470 4.956 5.380 3.275 2.837 4.054 2.465 2.110 1.119 1.794 3.150 4.140 2.607 0.028 0.000 0.000 0.000 0.000 0.000 0.000 0.000 0.000 0.000 0.000 0.000 0.000 0.000 0.000 0.000 0.000 0.000 0.000 1.727 5.340 9.019 12.978 17.179 21.337 25.928 36.793 41.663 47.002
-999.250 -999.250 -999.250 -999.250 -999.250 -999.250 -999.250 -999.250 -999.250 -999.250 -999.250 -999.250 -999.250 -999.250 -999.250 -999.250 -999.250 -999.250 -999.250 -999.250 -999.250 -999.250 -999.250 -999.250 1.827 1.791 2.468 4.045 4.661 5.259 4.251 2.591 2.623 2.839 0.818 0.863 0.251 0.752 1.729 0.586 0.000 0.000 0.000 0.000 0.000 0.000 0.000 0.000 0.000 0.000 0.000 0.000 0.000 0.000 0.000 0.000 0.000 0.000 0.000 1.344 6.185 8.127 11.742 15.522 20.968 26.175 30.335 35.127 39.328
-999.250 -999.250 -999.250 -999.250 -999.250 -999.250 -999.250 -999.250 -999.250 -999.250 -999.250 -999.250 -999.250 -999.250 -999.250 -999.250 -999.250 -999.250 -999.250 -999.250 -999.250 -999.250 -999.250 0.725 0.234 0.476 1.437 2.276 4.599 5.483 4.772 3.733 2.799 1.980 1.078 0.000 0.000 0.017 0.077 0.000 0.000 0.000 0.000 0.000 0.000 0.000 0.000 0.000 0.000 0.000 0.000 0.000 0.000 0.000 0.000 0.000 0.000 0.000 0.000 2.642 5.236 7.554 12.174 13.761 17.865 22.372 25.959 29.168 31.105
-999.250 -999.250 -999.250 -999.250 -999.250 -999.250 -999.250 -999.250 -999.250 -999.250 -999.250 -999.250 -999.250 -999.250 -999.250 -999.250 -999.250 -999.250 -999.250 -999.250 -999.250 -999.250 -999.250 0.000 0.000 0.275 1.554 2.366 2.978 4.576 5.221 3.333 2.748 2.648 1.536 0.155 0.000 0.000 0.000 0.000 0.000 0.000 0.000 0.000 0.000 0.000 0.000 0.000 0.000 0.000 0.000 0.000 0.000 0.000 0.000 0.000 0.000 0.000 0.000 2.027 5.334 9.099 11.445 14.244 15.989 18.496 21.558 23.261 24.539
-999.250 -999.250 -999.250 -999.250 -999.250 -999.250 -999.250 -999.250 -999.250 -999.250 -999.250 -999.250 -999.250 -999.250 -999.250 -999.250 -999.250 -999.250 -999.250 -999.250 -999.250 -999.250 -999.250 0.000 0.000 1.129 2.321 2.750 5.164 6.127 5.166 4.025 2.603 1.743 0.380 0.000 0.000 0.000 0.000 0.000 0.000 0.000 0.000 0.000 0.000 0.000 0.000 0.000 0.000 0.000 0.000 0.000 0.000 0.000 0.000 0.000 0.000 0.000 0.000 1.322 5.029 8.051 13.720 12.799 13.399 16.306 16.874 18.445 18.769
-999.250 -999.250 -999.250 -999.250 -999.250 -999.250 -999.250 -999.250 -999.250 -999.250 -999.250 -999.250 -999.250 -999.250 -999.250 -999.250 -999.250 -999.250 -999.250 -999.250 -999.250 -999.250 0.000 0.000 0.135 0.675 3.283 3.838 6.196 6.686 6.804 5.884 4.266 2.520 0.767 0.000 0.000 0.000 0.000 0.000 0.000 0.000 0.000 0.000 0.000 0.000 0.000 0.000 0.000 0.000 0.000 0.000 0.000 0.000 0.000 0.000 0.000 0.000 0.000 1.555 3.708 7.083 9.178 10.548 12.496 14.549 14.030 13.480 11.574
-999.250 -999.250 -999.250 -999.250 -999.250 -999.250 -999.250 -999.250 -999.250 -999.250 -999.250 -999.250 -999.250 -999.250 -999.250 -999.250 -999.250 -999.250 -999.250 -999.250 -999.250 -999.250 0.000 0.000 0.000 1.575 3.422 5.278 7.019 8.742 8.518 7.591 5.835 2.393 0.963 0.001 0.000 0.000 0.000 0.000 0.000 0.000 0.000 0.000 0.000 0.000 0.000 0.000 0.000 0.000 0.000 0.000 0.000 0.000 0.000 0.000 0.000 0.000 0.000 0.922 3.689 7.116 8.437 9.986 11.304 12.282 12.238 9.932 7.408
-999.250 -999.250 -999.250 -999.250 -999.250 -999.250 -999.250 -999.250 -999.250 -999.250 -999.250 -999.250 -999.250 -999.250 -999.250 -999.250 -999.250 -999.250 -999.250 -999.250 -999.250 0.000 0.000 0.056 2.597 1.815 3.403 5.499 6.928 9.462 14.369 8.021 5.056 1.001 0.432 0.000 0.000 0.000 0.000 0.000 0.000 0.000 0.000 0.000 0.000 0.000 0.000 0.000 0.000 0.127 0.000 0.885 0.321 0.000 0.000 0.000 0.000 0.000 0.000 0.324 4.384 6.605 8.495 11.228 11.935 11.996 10.927 9.197 6.415
-999.250 -999.250 -999.250 -999.250 -999.250 -999.250 -999.250 -999.250 -999.250 -999.250 -999.250 -999.250 -999.250 -999.250 -999.250 -999.250 -999.250 -999.250 -999.250 -999.250 -999.250 0.000 0.000 0.182 2.096 2.901 3.801 6.053 7.357 7.948 7.990 6.099 4.505 1.109 0.067 0.000 0.000 0.000 0.000 0.000 0.000 0.000 0.000 0.000 0.000 0.000 0.110 0.812 1.507 2.615 2.379 2.730 2.732 1.173 0.244 0.000 0.000 0.000 0.000 0.304 3.648 7.598 10.562 12.623 15.033 15.705 14.345 10.396 5.500
-999.250 -999.250 -999.250 -999.250 -999.250 -999.250 -999.250 -999.250 -999.250 -999.250 -999.250 -999.250 -999.250 -999.250 -999.250 -999.250 -999.250 -999.250 -999.250 -999.250 -999.250 0.000 0.215 1.659 2.207 3.087 4.340 5.707 5.363 5.663 4.783 3.223 1.432 0.635 0.000 0.000 0.000 0.000 0.000 0.000 0.000 0.000 0.000 0.000 0.000 0.000 1.484 2.827 4.852 5.285 5.780 6.642 6.684 3.900 0.407 0.000 0.000 0.000 0.000 1.434 6.112 8.990 14.128 18.952 20.281 21.708 20.005 13.878 7.945
-999.250 -999.250 -999.250 -999.250 -999.250 -999.250 -999.250 -999.250 -999.250 -999.250 -999.250 -999.250 -999.250 -999.250 -999.250 -999.250 -999.250 -999.250 -999.250 -999.250 0.868 1.709 2.444 2.669 3.374 4.367 5.635 5.360 4.782 4.065 2.133 0.830 0.000 0.000 0.000 0.000 0.000 0.000 0.000 0.000 0.000 0.000 0.000 0.000 0.000 0.630 3.579 5.194 6.228 6.571 7.396 8.777 12.564 6.635 1.871 0.000 0.000 0.000 0.000 1.509 7.443 12.651 20.308 25.916 29.269 32.734 28.745 24.641 16.593
-999.250 -999.250 -999.250 -999.250 -999.250 -999.250 -999.250 -999.250 -999.250 -999.250 -999.250 -999.250 -999.250 -999.250 -999.250 -999.250 -999.250 -999.250 -999.250 -999.250 3.172 4.811 5.486 6.070 6.859 6.863 6.955 5.167 4.043 2.625 0.021 0.000 0.000 0.000 0.000 0.000 0.000 0.000 0.000 0.000 0.000 0.000 0.000 0.000 0.175 2.266 3.586 5.849 7.371 7.559 8.077 9.485 8.660 6.503 2.737 0.000 0.000 0.000 0.000 2.533 9.383 18.134 28.658 38.422 44.187 46.863 43.945 38.257 28.339
-999.250 -999.250 -999.250 -999.250 -999.250 -999.250 -999.250 -999.250 -999.250 -999.250 -999.250 -999.250 -999.250 -999.250 -999.250 -999.250 -999.250 -999.250 -999.250 -999.250 4.208 7.137 7.789 8.455 9.404 9.633 8.872 7.229 4.612 1.911 0.000 0.000 0.000 0.000 0.000 0.000 0.000 0.000 0.000 0.000 0.000 0.000 0.000 0.891 2.251 3.722 5.490 6.732 7.817 8.129 8.363 8.844 8.203 5.915 2.427 0.000 0.000 0.000 0.000 1.121 10.525 24.424 40.857 50.588 55.631 59.504 58.903 54.374 44.560
-999.250 -999.250 -999.250 -999.250 -999.250 -999.250 -999.250 -999.250 -999.250 -999.250 -999.250 -999.250 -999.250 -999.250 -999.250 -999.250 -999.250 -999.250 -999.250 -999.250 5.956 7.996 10.193 12.635 14.021 13.113 11.311 8.903 6.581 1.749 0.000 0.000 0.000 0.000 0.000 0.000 0.000 0.000 0.000 0.000 2.271 0.642 0.766 1.554 3.858 5.180 6.599 8.417 9.329 9.563 9.009 8.303 7.802 5.758 2.556 0.000 0.000 0.000 0.000 0.000 15.584 33.425 49.805 60.691 68.719 69.442 78.540 73.059 58.212
-999.250 -999.250 -999.250 -999.250 -999.250 -999.250 -999.250 -999.250 -999.250 -999.250 -999.250 -999.250 -999.250 -999.250 -999.250 -999.250 -999.250 -999.250 -999.250 5.857 6.825 9.687 13.316 17.062 17.949 17.723 16.955 12.148 8.410 5.679 1.589 0.000 0.000 0.000 0.000 0.000 0.000 0.000 0.000 0.000 0.000 1.087 1.853 3.759 6.368 7.003 8.438 10.044 10.568 11.120 10.639 8.701 7.938 7.012 2.311 0.000 0.000 0.000 1.256 8.618 23.206 43.791 60.829 78.475 86.032 91.701 88.378 80.747 74.215
-999.250 -999.250 -999.250 -999.250 -999.250 -999.250 -999.250 -999.250 -999.250 -999.250 -999.250 -999.250 -999.250 -999.250 -999.250 -999.250 -999.250 -999.250 -999.250 7.221 9.200 14.158 19.396 24.409 25.686 22.826 20.823 16.465 13.210 9.451 7.195 2.826 0.000 0.000 0.000 0.000 0.000 0.000 0.000 0.000 0.000 0.701 2.540 4.862 7.235 8.543 10.073 11.132 13.340 12.081 10.104 8.935 7.628 6.274 1.911 0.000 0.000 0.272 6.357 14.998 30.186 51.027 72.508 95.571 117.672 122.689 114.550 94.655 78.409
-999.250 -999.250 -999.250 -999.250 -999.250 -999.250 -999.250 -999.250 -999.250 -999.250 -999.250 -999.250 -999.250 -999.250 -999.250 -999.250 -999.250 -999.250 -999.250 9.034 14.119 19.253 25.984 29.800 32.987 31.044 26.385 20.871 16.662 13.174 12.889 6.344 0.984 0.000 0.000 0.000 0.000 0.000 0.000 0.000 0.002 1.387 3.043 6.353 7.440 9.206 11.689 14.077 17.466 15.005 12.546 10.477 7.646 5.820 2.764 0.000 0.000 0.567 7.553 18.290 35.930 60.339 86.614 116.605 136.441 134.531 136.241 117.711 95.139
-999.250 -999.250 -999.250 -999.250 -999.250 -999.250 -999.250 -999.250 -999.250 -999.250 -999.250 -999.250 -999.250 -999.250 -999.250 -999.250 -999.250 -999.250 -999.250 12.658 19.483 27.781 35.119 43.141 44.401 40.598 31.646 24.306 19.030 13.586 10.413 6.698 1.959 0.000 0.000 0.000 0.000 0.000 0.000 0.000 0.244 2.687 3.763 5.869 8.108 10.548 13.860 16.181 21.770 15.902 11.965 10.348 8.079 6.837 2.916 0.000 0.000 0.698 7.071 19.419 41.809 67.633 99.811 135.416 150.364 147.017 137.742 125.664 115.632
-999.250 -999.250 -999.250 -999.250 -999.250 -999.250 -999.250 -999.250 -999.250 -999.250 -999.250 -999.250 -999.250 -999.250 -999.250 -999.250 -999.250 -999.250 -999.250 18.690 25.861 36.761 47.464 55.158 53.412 47.496 38.022 28.527 20.203 16.028 10.418 6.171 1.589 0.000 0.000 0.000 0.000 0.000 0.000 0.000 0.000 2.229 4.932 6.861 8.557 10.100 13.025 15.631 17.667 14.798 11.807 10.138 8.260 6.902 2.478 0.000 0.000 0.000 5.215 15.925 35.555 63.317 112.083 139.653 191.479 162.000 137.746 126.111 113.895
-999.250 -999.250 -999.250 -999.250 -999.250 -999.250 -999.250 -999.250 -999.250 -999.250 -999.250 -999.250 -999.250 -999.250 -999.250 -999.250 -999.250 -999.250 15.802 20.686 29.012 44.519 55.210 72.822 59.303 50.864 41.943 29.436 22.649 15.683 10.006 6.108 2.278 0.000 0.000 0.000 0.000 0.000 0.000 0.000 0.000 1.313 3.796 6.841 8.550 9.810 12.052 12.833 13.748 12.227 9.953 9.151 8.399 5.090 2.729 0.254 0.000 0.000 0.000 8.771 28.582 56.094 86.617 130.894 144.499 142.018 128.282 112.667 93.622
-999.250 -999.250 -999.250 -999.250 -999.250 -999.250 -999.250 -999.250 -999.250 -999.250 -999.250 -999.250 -999.250 -999.250 -999.250 -999.250 -999.250 14.098 18.026 23.706 31.545 42.852 53.857 58.817 54.686 49.632 40.733 28.417 20.521 15.497 9.382 5.910 2.054 0.000 0.000 0.000 0.000 0.000 0.000 0.000 0.000 0.691 3.442 6.897 9.392 9.674 11.296 12.793 11.830 10.602 9.455 8.818 8.556 5.959 5.308 2.294 0.000 0.000 0.000 0.000 23.400 48.835 74.256 100.843 126.187 128.171 106.576 89.733 80.492
-999.250 -999.250 -999.250 -999.250 -999.250 -999.250 -999.250 -999.250 -999.250 -999.250 -999.250 -999.250 -999.250 -999.250 -999.250 -999.250 -999.250 15.674 18.836 25.295 30.567 38.619 48.293 48.065 47.316 45.998 36.541 27.433 19.869 14.582 8.846 5.914 1.877 0.000 0.000 0.000 0.000 0.000 0.000 0.000 0.000 0.975 4.328 8.403 10.709 12.144 12.079 10.989 9.848 9.300 8.960 9.777 9.733 9.254 7.609 6.580 4.859 3.068 0.767 5.423 20.233 40.040 58.065 72.096 80.169 90.152 80.516 75.321 64.800
-999.250 -999.250 -999.250 -999.250 -999.250 -999.250 -999.250 -999.250 -999.250 -999.250 -999.250 -999.250 -999.250 -999.250 -999.250 9.622 12.263 15.079 18.783 21.979 29.241 34.578 39.299 41.703 43.073 39.087 31.555 25.823 18.168 12.249 8.380 4.236 1.744 0.000 0.000 0.000 0.000 0.000 0.000 0.000 0.000 2.863 6.773 10.094 14.654 16.059 13.563 10.716 9.066 8.530 9.336 10.797 13.185 15.532 12.123 8.951 8.139 11.386 6.743 8.945 19.240 33.788 47.262 55.923 61.491 61.803 59.384 55.797 45.859
-999.250 -999.250 -999.250 -999.250 -999.250 -999.250 -999.250 -999.250 -999.250 -999.250 -999.250 -999.250 -999.250 -999.250 7.771 9.016 11.607 12.738 17.917 21.122 24.716 29.998 31.352 34.789 32.619 29.341 26.732 21.114 14.599 9.872 7.033 3.387 0.482 0.000 0.000 0.000 0.000 0.000 0.000 0.000 0.738 5.055 8.638 14.049 19.437 21.661 17.267 11.665 9.699 8.940 9.452 11.918 17.832 24.814 16.571 11.169 9.567 8.927 9.243 11.247 16.966 26.387 35.972 43.981 47.343 45.424 43.393 34.704 25.456
-999.250 -999.250 -999.250 -999.250 -999.250 -999.250 -999.250 -999.250 -999.250 -999.250 -999.250 -999.250 -999.250 -999.250 8.193 9.456 10.924 13.168 15.920 18.552 19.277 22.078 25.314 26.524 26.189 23.908 20.962 16.603 10.555 8.809 6.809 2.858 0.002 0.000 0.000 0.000 0.000 0.000 0.000 0.207 3.009 7.599 11.941 18.889 27.371 32.471 20.751 13.403 10.018 9.273 10.022 12.383 16.069 17.993 15.140 11.521 9.798 8.585 8.904 10.770 15.596 21.755 27.404 31.076 31.044 29.351 24.582 19.831 9.680
-999.250 -999.250 -999.250 -999.250 -999.250 -999.250 -999.250 -999.250 -999.250 -999.250 -999.250 -999.250 -999.250 8.792 8.673 9.317 9.942 11.653 12.785 13.182 14.779 17.989 19.584 19.956 19.053 18.283 15.453 12.263 8.735 7.405 4.283 1.238 0.000 0.000 0.000 0.000 0.000 0.000 0.000 1.323 5.350 8.917 15.790 23.202 31.139 29.602 24.207 17.064 12.418 10.085 10.377 11.840 13.558 14.451 13.478 10.020 9.587 8.957 9.431 10.321 13.197 17.462 19.057 20.936 20.293 17.470 14.319 9.989 3.361
-999.250 -999.250 -999.250 -999.250 -999.250 -999.250 -999.250 -999.250 -999.250 -999.250 -999.250 -999.250 7.801 8.604 9.056 11.058 11.017 9.425 8.922 9.591 11.548 13.777 13.618 14.549 14.353 13.529 11.445 9.316 7.049 6.689 4.140 0.985 0.000 0.000 0.000 0.000 0.000 0.000 0.000 2.563 7.123 11.775 17.830 24.185 30.723 31.421 26.440 19.681 15.420 12.860 12.181 12.248 13.844 14.134 12.709 12.285 10.450 10.636 10.268 11.611 12.141 13.381 13.687 13.780 13.199 10.067 7.733 4.057 0.000
-999.250 -999.250 -999.250 -999.250 -999.250 -999.250 -999.250 -999.250 -999.250 -999.250 -999.250 7.528 9.200 10.003 11.402 13.897 12.165 10.399 9.263 8.569 9.146 9.711 11.381 10.178 9.503 9.644 8.792 7.779 6.536 5.866 2.570 0.095 0.000 0.000 0.000 0.000 0.000 0.000 0.000 3.359 7.514 12.023 17.404 24.148 30.224 37.460 29.471 23.702 19.470 15.829 13.748 14.068 15.386 14.643 15.283 12.166 10.581 11.778 9.415 11.282 10.436 10.721 10.440 10.135 8.626 6.692 3.098 0.133 0.000
-999.250 -999.250 -999.250 -999.250 -999.250 -999.250 -999.250 -999.250 -999.250 -999.250 7.321 8.350 9.692 12.639 14.370 17.839 15.476 12.257 8.499 7.741 7.683 7.587 8.128 8.800 8.372 7.369 6.987 6.649 3.945 2.612 1.020 0.000 0.000 0.000 0.000 0.000 0.000 0.000 0.539 3.818 8.526 12.210 17.676 23.338 28.221 30.697 28.477 24.744 20.749 18.759 16.253 16.391 16.397 16.133 14.758 15.278 13.520 13.664 11.806 11.391 9.930 8.877 8.818 8.112 6.199 3.710 0.205 0.000 0.000
-999.250 -999.250 -999.250 -999.250 -999.250 -999.250 -999.250 -999.250 -999.250 4.781 6.834 7.536 9.210 12.605 17.452 25.317 17.877 12.685 8.667 7.705 8.343 8.196 8.034 8.486 7.839 6.864 4.989 4.127 3.103 1.600 0.063 0.000 0.000 0.000 0.000 0.000 0.000 0.000 1.975 5.693 9.130 14.046 18.435 23.398 26.812 29.072 28.731 26.728 22.740 20.175 19.965 19.646 19.821 19.307 18.387 17.284 16.133 16.563 13.191 12.807 10.454 8.783 8.624 7.249 4.813 1.124 0.000 0.000 0.000
-999.250 -999.250 -999.250 -999.250 -999.250 8.821 7.547 5.637 5.221 4.757 5.390 7.304 8.436 10.968 13.352 16.665 14.854 11.967 11.107 9.765 11.203 10.843 10.749 9.591 9.064 7.153 5.666 5.246 1.919 0.000 0.000 0.000 0.000 0.000 0.000 0.000 0.000 0.450 2.701 7.134 9.663 14.307 19.543 23.777 25.660 28.311 32.619 28.622 27.135 24.360 24.143 24.889 25.451 24.393 22.708 22.015 21.248 20.039 16.939 15.114 12.924 11.041 8.784 6.428 1.763 0.000 0.000 0.000 0.000
