data/medianmodel_07-Sep-2020.asc
ncols	141
nrows	288
xllcorner	-120191.398
yllcorner	-301404.813
cellsize	2000.000
NODATA_value	-999.250
[rows 217 to 247 of 288, columns 0 to 68 of 141]
-999.250 -999.250 -999.250 -999.250 -999.250 -999.250 -999.250 -999.250 -999.250 -999.250 -999.250 -999.250 -999.250 -999.250 -999.250 -999.250 -999.250 -999.250 -999.250 -999.250 -999.250 -999.250 -999.250 -999.250 -999.250 -999.250 -999.250 -999.250 -999.250 -999.250 -999.250 32.666 42.888 40.359 43.990 47.035 47.306 49.369 48.594 49.389 50.818 50.151 49.806 45.164 46.670 46.243 39.377 34.808 36.173 29.816 23.488 20.013 21.273 16.130 11.914 10.318 4.655 3.688 0.880 0.000 0.000 0.000 0.000 0.000 0.000 0.000 0.000 0.253 2.314
-999.250 -999.250 -999.250 -999.250 -999.250 -999.250 -999.250 -999.250 -999.250 -999.250 -999.250 -999.250 -999.250 -999.250 -999.250 -999.250 -999.250 -999.250 -999.250 -999.250 -999.250 -999.250 -999.250 -999.250 -999.250 -999.250 -999.250 -999.250 -999.250 -999.250 -999.250 34.171 43.021 41.128 40.611 45.728 47.828 43.017 45.747 45.949 45.004 44.803 43.409 43.451 39.302 38.630 33.743 28.114 27.401 25.151 18.361 17.218 16.160 13.367 10.405 8.824 2.717 2.898 1.184 0.000 0.000 0.000 0.000 0.000 0.000 0.000 0.000 1.444 4.454
-999.250 -999.250 -999.250 -999.250 -999.250 -999.250 -999.250 -999.250 -999.250 -999.250 -999.250 -999.250 -999.250 -999.250 -999.250 -999.250 -999.250 -999.250 -999.250 -999.250 -999.250 -999.250 -999.250 -999.250 -999.250 -999.250 -999.250 -999.250 -999.250 -999.250 -999.250 32.998 38.544 37.531 37.057 40.352 37.741 36.027 39.775 37.458 38.005 40.986 37.638 34.612 31.717 26.255 24.209 23.627 21.764 20.582 17.076 15.378 14.594 10.725 10.389 6.264 4.034 1.770 0.000 0.000 0.000 0.000 0.000 0.000 0.000 0.000 0.372 4.906 8.936
-999.250 -999.250 -999.250 -999.250 -999.250 -999.250 -999.250 -999.250 -999.250 -999.250 -999.250 -999.250 -999.250 -999.250 -999.250 -999.250 -999.250 -999.250 -999.250 -999.250 -999.250 -999.250 -999.250 -999.250 -999.250 -999.250 -999.250 -999.250 -999.250 -999.250 -999.250 29.343 28.498 26.409 26.722 29.504 30.144 27.932 33.694 25.414 31.032 28.211 28.868 26.503 24.077 22.249 20.615 20.675 17.787 13.698 13.729 12.775 10.536 9.969 8.970 7.529 3.501 0.666 0.000 0.000 0.000 0.000 0.000 0.000 0.000 0.474 3.471 6.874 9.554
-999.250 -999.250 -999.250 -999.250 -999.250 -999.250 -999.250 -999.250 -999.250 -999.250 -999.250 -999.250 -999.250 -999.250 -999.250 -999.250 -999.250 -999.250 -999.250 -999.250 -999.250 -999.250 -999.250 -999.250 -999.250 -999.250 -999.250 -999.250 -999.250 -999.250 -999.250 22.734 23.675 21.856 22.411 24.061 23.181 23.282 19.724 20.971 22.021 21.667 20.831 20.042 18.498 19.600 16.425 16.103 12.661 12.331 12.115 9.383 9.289 7.285 8.426 4.991 2.869 0.000 0.000 0.000 0.000 0.000 0.000 0.000 0.000 2.082 4.038 7.198 9.900
-999.250 -999.250 -999.250 -999.250 -999.250 -999.250 -999.250 -999.250 -999.250 -999.250 -999.250 -999.250 -999.250 -999.250 -999.250 -999.250 -999.250 -999.250 -999.250 -999.250 -999.250 -999.250 -999.250 -999.250 -999.250 -999.250 -999.250 -999.250 -999.250 -999.250 -999.250 21.846 21.582 20.481 18.592 18.671 19.325 20.654 16.920 15.855 18.363 18.584 18.139 16.599 16.370 13.938 15.897 13.740 9.871 9.073 8.487 6.938 6.929 2.981 1.405 0.846 1.241 0.000 0.000 0.000 0.000 0.000 0.000 0.000 0.099 1.955 4.643 7.560 8.846
-999.250 -999.250 -999.250 -999.250 -999.250 -999.250 -999.250 -999.250 -999.250 -999.250 -999.250 -999.250 -999.250 -999.250 -999.250 -999.250 -999.250 -999.250 -999.250 -999.250 -999.250 -999.250 -999.250 -999.250 -999.250 -999.250 -999.250 -999.250 -999.250 -999.250 22.754 20.953 20.187 15.203 16.155 15.366 13.902 14.740 15.728 12.661 15.632 15.818 11.307 14.719 11.734 11.274 10.855 10.843 7.982 6.492 6.553 6.593 3.337 2.231 0.000 0.000 0.000 0.000 0.000 0.000 0.000 0.000 0.000 0.000 0.000 2.429 3.186 4.509 7.177
-999.250 -999.250 -999.250 -999.250 -999.250 -999.250 -999.250 -999.250 -999.250 -999.250 -999.250 -999.250 -999.250 -999.250 -999.250 -999.250 -999.250 -999.250 -999.250 -999.250 -999.250 -999.250 -999.250 -999.250 -999.250 -999.250 -999.250 -999.250 -999.250 -999.250 21.862 22.318 16.301 13.799 12.466 12.069 10.182 10.645 13.899 10.737 11.342 11.290 11.024 13.739 10.550 8.633 9.258 7.015 7.071 4.232 3.063 0.864 0.203 0.000 0.000 0.000 0.000 0.000 0.000 0.000 0.000 0.000 0.000 0.000 0.018 1.429 3.426 4.436 6.260
-999.250 -999.250 -999.250 -999.250 -999.250 -999.250 -999.250 -999.250 -999.250 -999.250 -999.250 -999.250 -999.250 -999.250 -999.250 -999.250 -999.250 -999.250 -999.250 -999.250 -999.250 -999.250 -999.250 -999.250 -999.250 -999.250 -999.250 -999.250 -999.250 -999.250 23.940 18.798 14.753 14.248 11.360 10.420 10.151 9.990 10.584 9.721 8.547 9.069 8.382 7.515 6.736 6.407 6.499 3.480 1.266 1.437 0.123 0.693 0.000 0.000 0.000 0.000 0.000 0.000 0.000 0.000 0.000 0.000 0.000 0.000 0.000 2.843 3.954 3.788 6.310
-999.250 -999.250 -999.250 -999.250 -999.250 -999.250 -999.250 -999.250 -999.250 -999.250 -999.250 -999.250 -999.250 -999.250 -999.250 -999.250 -999.250 -999.250 -999.250 -999.250 -999.250 -999.250 -999.250 -999.250 -999.250 -999.250 -999.250 -999.250 -999.250 -999.250 22.313 21.773 18.090 16.081 14.170 11.005 9.261 7.353 6.346 8.679 7.065 7.075 6.641 5.736 6.234 4.791 3.057 2.026 1.617 0.000 0.000 0.000 0.000 0.000 0.000 0.000 0.000 0.000 0.000 0.000 0.000 0.000 0.000 0.000 0.000 0.793 1.148 3.149 3.773
-999.250 -999.250 -999.250 -999.250 -999.250 -999.250 -999.250 -999.250 -999.250 -999.250 -999.250 -999.250 -999.250 -999.250 -999.250 -999.250 -999.250 -999.250 -999.250 -999.250 -999.250 -999.250 -999.250 -999.250 -999.250 -999.250 -999.250 -999.250 -999.250 28.462 25.610 24.683 19.904 16.031 13.255 11.284 8.027 6.734 6.659 6.375 6.051 3.969 4.386 4.780 1.892 1.192 2.144 0.699 0.000 0.000 0.000 0.000 0.000 0.000 0.000 0.000 0.000 0.000 0.000 0.000 0.000 0.000 0.000 0.000 0.000 1.692 1.283 4.002 5.311
-999.250 -999.250 -999.250 -999.250 -999.250 -999.250 -999.250 -999.250 -999.250 -999.250 -999.250 -999.250 -999.250 -999.250 -999.250 -999.250 -999.250 -999.250 -999.250 -999.250 -999.250 -999.250 -999.250 -999.250 -999.250 -999.250 -999.250 -999.250 -999.250 33.855 25.340 23.909 19.490 17.945 15.050 13.301 10.781 8.427 4.591 3.959 5.003 1.600 2.279 1.013 0.642 0.000 0.000 0.000 0.000 0.000 0.000 0.000 0.000 0.000 0.000 0.000 0.000 0.000 0.000 0.000 0.000 0.000 0.000 0.000 0.000 1.037 1.843 4.429 6.123
-999.250 -999.250 -999.250 -999.250 -999.250 -999.250 -999.250 -999.250 -999.250 -999.250 -999.250 -999.250 -999.250 -999.250 -999.250 -999.250 -999.250 -999.250 -999.250 -999.250 -999.250 -999.250 -999.250 -999.250 -999.250 -999.250 -999.250 -999.250 38.293 38.968 32.612 25.879 21.070 17.530 16.556 13.380 13.893 10.058 7.913 6.056 2.791 1.049 1.715 1.105 0.000 0.000 0.000 0.000 0.000 0.000 0.000 0.000 0.000 0.000 0.000 0.000 0.000 0.000 0.000 0.000 0.000 0.000 0.000 0.000 0.895 2.904 3.904 5.068 7.456
-999.250 -999.250 -999.250 -999.250 -999.250 -999.250 -999.250 -999.250 -999.250 -999.250 -999.250 -999.250 -999.250 -999.250 -999.250 -999.250 -999.250 -999.250 -999.250 -999.250 -999.250 -999.250 -999.250 -999.250 -999.250 -999.250 -999.250 -999.250 41.890 41.547 39.084 32.266 25.259 21.769 19.518 14.538 13.605 10.086 8.542 4.117 2.563 0.000 0.000 0.000 0.000 0.000 0.000 0.000 0.000 0.000 0.000 0.000 0.000 0.000 0.000 0.000 0.000 0.000 0.000 0.000 0.000 0.000 0.000 0.000 0.485 4.293 5.512 7.109 7.829
-999.250 -999.250 -999.250 -999.250 -999.250 -999.250 -999.250 -999.250 -999.250 -999.250 -999.250 -999.250 -999.250 -999.250 -999.250 -999.250 -999.250 -999.250 -999.250 -999.250 -999.250 -999.250 -999.250 -999.250 -999.250 -999.250 -999.250 41.303 43.314 45.535 44.269 42.732 34.044 24.861 21.808 19.137 13.779 11.360 8.609 4.199 0.814 0.000 0.000 0.000 0.000 0.000 0.000 0.000 0.000 0.000 0.000 0.000 0.000 0.000 0.000 0.000 0.000 0.000 0.000 0.000 0.000 0.000 0.000 0.000 0.841 3.132 5.277 6.059 7.300
-999.250 -999.250 -999.250 -999.250 -999.250 -999.250 -999.250 -999.250 -999.250 -999.250 -999.250 -999.250 -999.250 -999.250 -999.250 -999.250 -999.250 -999.250 -999.250 -999.250 -999.250 -999.250 -999.250 -999.250 -999.250 -999.250 -999.250 42.431 44.551 44.843 46.966 51.039 38.180 32.218 24.108 19.621 14.211 14.674 9.165 4.945 1.930 0.327 0.882 0.000 0.000 0.000 0.000 0.000 0.000 0.000 0.000 0.000 0.000 0.000 0.000 0.000 0.000 0.000 0.000 0.000 0.000 0.000 0.000 0.000 0.325 1.484 3.901 5.522 8.492
-999.250 -999.250 -999.250 -999.250 -999.250 -999.250 -999.250 -999.250 -999.250 -999.250 -999.250 -999.250 -999.250 -999.250 -999.250 -999.250 -999.250 -999.250 -999.250 -999.250 -999.250 -999.250 -999.250 -999.250 -999.250 -999.250 -999.250 -999.250 44.274 44.141 45.866 44.112 38.051 31.725 25.454 23.532 19.793 13.765 10.739 8.571 5.197 3.821 0.000 0.000 0.000 0.000 0.000 0.000 0.000 0.000 0.000 0.000 0.000 0.000 0.000 0.000 0.000 0.000 0.000 0.000 0.000 0.000 0.000 0.000 0.688 3.055 5.465 6.490 8.951
-999.250 -999.250 -999.250 -999.250 -999.250 -999.250 -999.250 -999.250 -999.250 -999.250 -999.250 -999.250 -999.250 -999.250 -999.250 -999.250 -999.250 -999.250 -999.250 -999.250 -999.250 -999.250 -999.250 -999.250 -999.250 -999.250 -999.250 -999.250 -999.250 -999.250 44.726 41.184 37.050 31.035 26.493 22.856 22.793 17.756 14.053 11.240 7.514 5.787 2.177 2.945 1.346 0.000 0.000 0.000 0.000 0.000 0.000 0.000 0.000 0.000 0.000 0.000 0.000 0.000 0.000 0.000 0.000 0.000 0.000 0.000 0.680 2.492 4.866 6.470 8.081
-999.250 -999.250 -999.250 -999.250 -999.250 -999.250 -999.250 -999.250 -999.250 -999.250 -999.250 -999.250 -999.250 -999.250 -999.250 -999.250 -999.250 -999.250 -999.250 -999.250 -999.250 -999.250 -999.250 -999.250 -999.250 -999.250 -999.250 -999.250 -999.250 -999.250 43.323 43.823 36.368 28.613 27.156 30.027 25.138 20.041 16.856 12.975 9.097 7.601 7.293 6.128 4.088 0.772 0.000 0.000 0.000 0.000 0.000 0.000 0.000 0.000 0.000 0.000 0.000 0.000 0.000 0.000 0.000 0.000 0.000 0.000 2.500 3.223 3.688 7.836 8.420
-999.250 -999.250 -999.250 -999.250 -999.250 -999.250 -999.250 -999.250 -999.250 -999.250 -999.250 -999.250 -999.250 -999.250 -999.250 -999.250 -999.250 -999.250 -999.250 -999.250 -999.250 -999.250 -999.250 -999.250 -999.250 -999.250 -999.250 -999.250 -999.250 -999.250 40.766 40.644 40.526 35.824 34.145 27.546 23.978 21.850 19.673 14.025 11.117 10.407 7.540 6.899 4.614 2.715 0.027 0.000 0.000 0.000 0.000 0.000 0.000 0.000 0.000 0.000 0.000 0.000 0.000 0.000 0.000 0.000 0.000 0.908 2.132 4.228 6.820 9.502 10.582
-999.250 -999.250 -999.250 -999.250 -999.250 -999.250 -999.250 -999.250 -999.250 -999.250 -999.250 -999.250 -999.250 -999.250 -999.250 -999.250 -999.250 -999.250 -999.250 -999.250 -999.250 -999.250 -999.250 -999.250 -999.250 -999.250 -999.250 -999.250 -999.250 -999.250 -999.250 36.334 34.106 34.504 33.610 28.167 21.892 20.591 18.274 16.048 14.045 13.776 9.016 7.576 6.737 5.115 0.802 0.000 0.000 0.000 0.000 0.000 0.000 0.000 0.000 0.000 0.000 0.000 0.000 0.000 0.000 0.000 1.844 2.733 4.732 5.116 8.310 10.018 10.814
-999.250 -999.250 -999.250 -999.250 -999.250 -999.250 -999.250 -999.250 -999.250 -999.250 -999.250 -999.250 -999.250 -999.250 -999.250 -999.250 -999.250 -999.250 -999.250 -999.250 -999.250 -999.250 -999.250 -999.250 -999.250 -999.250 -999.250 -999.250 -999.250 -999.250 35.515 35.955 37.568 35.307 36.232 37.418 28.375 21.588 18.201 17.523 15.860 11.765 12.167 8.643 7.459 5.634 5.138 2.361 0.992 0.000 0.000 0.000 0.000 0.000 0.000 0.000 0.000 0.000 0.000 0.000 0.000 2.227 3.069 4.982 6.412 8.799 11.584 11.608 11.282
-999.250 -999.250 -999.250 -999.250 -999.250 -999.250 -999.250 -999.250 -999.250 -999.250 -999.250 -999.250 -999.250 -999.250 -999.250 -999.250 -999.250 -999.250 -999.250 -999.250 -999.250 -999.250 -999.250 -999.250 -999.250 -999.250 -999.250 -999.250 -999.250 -999.250 -999.250 35.131 35.437 37.383 35.929 33.766 30.527 25.457 22.319 22.045 18.582 13.634 11.535 9.826 9.349 8.327 6.638 5.196 1.173 0.531 0.000 0.000 0.000 0.000 0.000 0.000 0.000 0.024 0.000 0.000 0.925 3.096 4.673 6.123 9.282 11.664 10.170 13.135 17.257
-999.250 -999.250 -999.250 -999.250 -999.250 -999.250 -999.250 -999.250 -999.250 -999.250 -999.250 -999.250 -999.250 -999.250 -999.250 -999.250 -999.250 -999.250 -999.250 -999.250 -999.250 -999.250 -999.250 -999.250 -999.250 -999.250 -999.250 -999.250 -999.250 -999.250 35.276 37.550 33.202 35.991 37.502 33.951 33.207 25.756 23.354 26.027 22.694 18.481 14.611 12.418 11.253 9.368 9.704 5.786 4.794 1.773 0.000 0.000 0.000 0.000 0.000 0.000 0.142 0.151 0.595 3.627 4.912 4.005 7.508 8.642 10.528 10.945 12.166 17.035 20.838
-999.250 -999.250 -999.250 -999.250 -999.250 -999.250 -999.250 -999.250 -999.250 -999.250 -999.250 -999.250 -999.250 -999.250 -999.250 -999.250 -999.250 -999.250 -999.250 -999.250 -999.250 -999.250 -999.250 -999.250 -999.250 -999.250 -999.250 -999.250 -999.250 -999.250 39.289 41.514 38.713 32.340 36.595 37.827 32.390 32.043 24.238 27.116 25.120 17.703 16.773 16.094 12.779 10.613 10.474 7.261 5.084 4.456 2.949 1.325 0.000 0.000 0.000 0.000 0.000 1.403 1.717 5.558 7.040 9.733 10.430 11.613 13.648 14.721 16.461 17.478 21.072
-999.250 -999.250 -999.250 -999.250 -999.250 -999.250 -999.250 -999.250 -999.250 -999.250 -999.250 -999.250 -999.250 -999.250 -999.250 -999.250 -999.250 -999.250 -999.250 -999.250 -999.250 -999.250 -999.250 -999.250 -999.250 -999.250 -999.250 -999.250 -999.250 -999.250 40.946 40.732 32.026 37.333 39.444 35.379 31.445 31.550 28.315 28.869 23.796 22.265 19.250 16.443 12.846 11.403 11.844 7.800 5.456 5.947 2.912 1.008 0.064 0.000 0.553 0.994 0.094 1.562 4.477 6.750 10.011 12.390 13.901 15.076 17.039 16.912 16.531 22.882 24.630
-999.250 -999.250 -999.250 -999.250 -999.250 -999.250 -999.250 -999.250 -999.250 -999.250 -999.250 -999.250 -999.250 -999.250 -999.250 -999.250 -999.250 -999.250 -999.250 -999.250 -999.250 -999.250 -999.250 -999.250 -999.250 -999.250 -999.250 -999.250 -999.250 -999.250 35.877 32.941 32.803 31.501 36.299 38.504 32.540 35.495 30.617 30.033 26.629 25.873 23.139 20.821 18.908 17.489 10.201 8.915 8.903 8.086 5.406 4.000 2.690 0.398 1.710 0.961 3.158 4.526 5.497 10.634 13.355 15.386 16.988 16.076 18.428 19.335 17.845 18.869 24.090
-999.250 -999.250 -999.250 -999.250 -999.250 -999.250 -999.250 -999.250 -999.250 -999.250 -999.250 -999.250 -999.250 -999.250 -999.250 -999.250 -999.250 -999.250 -999.250 -999.250 -999.250 -999.250 -999.250 -999.250 -999.250 -999.250 -999.250 -999.250 -999.250 -999.250 35.106 35.961 35.421 34.726 32.346 35.683 40.438 37.471 31.971 29.006 27.610 31.959 29.790 25.800 24.926 21.560 17.126 11.518 10.024 7.415 4.969 4.933 3.147 3.029 1.905 0.643 4.142 7.453 7.911 11.026 16.082 21.171 21.627 19.569 17.814 19.768 20.027 21.534 21.565
-999.250 -999.250 -999.250 -999.250 -999.250 -999.250 -999.250 -999.250 -999.250 -999.250 -999.250 -999.250 -999.250 -999.250 -999.250 -999.250 -999.250 -999.250 -999.250 -999.250 -999.250 -999.250 -999.250 -999.250 -999.250 -999.250 -999.250 -999.250 -999.250 -999.250 -999.250 33.736 35.176 36.874 37.833 40.168 41.397 40.562 37.034 38.094 38.503 38.140 36.433 25.896 25.171 23.557 20.164 18.555 12.238 9.870 7.388 3.395 2.506 1.188 1.264 0.015 3.729 6.644 10.063 13.103 19.601 28.781 22.550 19.086 19.294 18.698 19.381 22.266 24.681
-999.250 -999.250 -999.250 -999.250 -999.250 -999.250 -999.250 -999.250 -999.250 -999.250 -999.250 -999.250 -999.250 -999.250 -999.250 -999.250 -999.250 -999.250 -999.250 -999.250 -999.250 -999.250 -999.250 -999.250 -999.250 -999.250 -999.250 -999.250 -999.250 -999.250 -999.250 36.993 30.662 39.670 42.629 42.137 42.622 40.041 43.285 42.859 40.790 39.054 36.341 29.918 27.215 24.825 21.860 17.253 13.544 11.879 8.431 5.741 2.750 0.729 0.000 0.158 0.258 2.951 8.131 10.558 15.047 20.442 19.733 17.380 20.310 22.011 20.837 23.187 24.769
-999.250 -999.250 -999.250 -999.250 -999.250 -999.250 -999.250 -999.250 -999.250 -999.250 -999.250 -999.250 -999.250 -999.250 -999.250 -999.250 -999.250 -999.250 -999.250 -999.250 -999.250 -999.250 -999.250 -999.250 -999.250 -999.250 -999.250 -999.250 -999.250 -999.250 34.809 38.672 37.188 38.299 38.079 43.314 40.317 41.480 45.071 46.133 44.604 43.498 42.728 32.472 33.963 28.457 22.014 19.181 14.417 10.831 6.904 3.728 1.066 1.590 0.000 0.000 0.000 1.024 5.335 7.803 10.905 15.309 16.832 16.032 17.736 18.641 19.892 21.047 21.500
