data/medianmodel_24-Sep-2020.asc
ncols	141
nrows	288
xllcorner	-120191.398
yllcorner	-301404.813
cellsize	2000.000
NODATA_value	-999.250
[rows 30 to 59 of 288, columns 67 to 133 of 141]
0.000 0.000 0.000 0.000 0.000 2.246 7.651 12.586 17.674 26.972 34.357 45.284 56.424 63.762 68.816 72.315 77.025 75.992 68.298 63.885 56.631 58.299 52.694 46.092 42.256 32.600 26.952 23.907 21.355 17.885 14.300 11.036 10.024 8.642 7.957 9.538 11.748 16.354 23.904 35.526 48.465 67.450 88.438 106.366 134.856 167.885 180.525 215.556 321.675 365.493 470.739 526.050 638.077 737.764 768.415 839.706 895.603 905.384 984.211 997.502 1043.997 962.296 848.124 727.628 600.146 483.914 420.168
0.000 0.000 0.000 0.000 0.000 0.000 2.215 8.919 16.086 26.214 34.258 46.080 62.468 71.797 76.093 72.681 80.159 79.083 71.462 67.463 60.562 58.301 50.100 47.514 38.139 31.468 28.061 22.913 20.847 18.709 14.346 14.883 9.894 11.598 8.256 12.691 12.723 16.916 24.614 37.606 55.969 71.084 90.884 110.771 134.782 164.659 196.306 203.914 277.219 325.541 400.513 522.998 607.056 679.883 754.484 813.044 849.604 897.473 909.002 945.858 935.201 887.667 814.796 689.811 555.739 491.789 382.774
0.000 0.000 0.000 0.000 0.000 0.000 0.829 9.363 16.694 28.696 42.325 53.931 65.844 77.439 79.677 81.560 84.438 81.062 76.349 72.310 63.100 56.409 52.264 46.374 37.443 32.542 27.628 23.005 22.106 18.735 17.187 15.565 13.877 12.727 10.733 11.012 14.094 19.422 25.136 40.353 58.437 79.733 92.411 103.235 129.788 160.852 183.056 219.737 258.969 329.176 436.052 549.361 635.478 731.834 744.017 824.331 866.205 860.859 892.646 886.919 869.964 804.747 746.831 606.522 516.347 427.790 284.270
0.000 0.000 0.000 0.000 0.000 0.000 0.000 4.697 16.405 30.593 44.287 58.277 72.326 77.321 87.107 86.501 84.945 84.144 78.984 73.273 65.650 57.529 51.317 38.939 37.220 31.985 26.812 21.035 21.884 21.336 19.088 14.606 15.960 14.229 12.893 12.993 15.513 21.852 29.272 39.364 59.022 82.667 92.119 100.322 121.299 148.938 178.674 196.911 227.295 307.210 338.017 469.531 505.045 598.792 703.180 760.841 799.401 818.297 828.322 829.357 795.105 762.099 644.614 520.986 440.149 339.459 240.663
0.000 0.000 0.000 0.000 0.000 0.000 0.000 7.444 16.558 31.366 45.079 62.014 71.869 87.882 95.675 93.569 94.551 84.939 82.183 75.617 68.604 55.749 48.566 46.635 38.656 31.000 25.661 22.387 22.087 21.801 21.324 20.568 18.308 16.749 14.804 13.584 15.535 17.820 24.596 33.120 50.665 69.192 80.341 85.978 116.103 138.121 168.043 186.718 226.299 282.596 355.510 420.393 482.404 526.568 612.066 679.615 754.690 735.527 739.630 741.917 698.622 651.426 544.053 460.931 312.195 253.419 183.913
0.000 0.000 0.000 0.000 0.000 0.000 0.000 10.133 15.497 30.549 43.170 57.170 74.142 87.347 108.687 97.193 92.385 89.794 77.328 71.372 69.891 54.376 48.975 42.273 35.963 31.329 26.435 24.552 22.446 21.010 22.404 21.318 20.640 17.347 14.974 13.237 12.665 14.699 18.310 27.973 38.423 54.309 68.920 86.709 95.405 115.981 159.236 173.162 204.418 255.952 297.636 386.494 434.890 467.831 546.096 602.420 618.678 633.968 617.953 620.489 560.842 512.323 420.629 301.918 246.482 191.421 123.570
0.000 0.000 0.000 0.000 0.000 0.000 4.264 11.349 21.304 30.273 43.184 55.388 72.700 81.911 93.165 90.122 87.415 81.637 77.639 65.986 64.554 54.067 45.769 39.695 33.732 33.575 28.104 22.396 24.452 22.669 24.549 25.329 27.581 18.567 14.666 9.548 9.914 12.400 14.866 20.230 30.193 40.508 57.845 81.163 94.297 103.704 131.883 160.730 164.834 206.984 257.047 309.439 372.810 436.320 484.370 523.063 551.306 545.709 532.107 522.165 473.970 412.369 288.012 256.977 183.293 132.246 87.116
0.000 0.000 0.000 0.000 0.000 3.958 6.727 15.111 21.030 30.464 42.939 56.263 64.693 75.987 84.573 86.619 82.757 80.063 71.840 68.417 62.569 52.119 46.544 38.535 36.204 30.695 28.806 26.094 26.897 25.501 26.738 24.721 20.219 17.043 13.721 12.061 9.186 8.895 10.002 14.721 19.275 33.352 44.170 63.170 76.716 89.455 110.619 119.319 152.297 188.285 221.004 251.489 308.006 298.840 390.552 378.648 454.880 471.931 428.317 369.883 329.459 257.457 210.968 168.286 144.628 95.885 57.257
0.000 0.000 0.790 2.030 1.345 6.859 10.630 15.537 22.513 30.865 41.190 55.456 68.182 71.029 74.366 78.853 74.999 71.249 66.802 61.744 54.037 46.847 41.570 36.510 34.827 31.296 28.751 28.941 24.824 25.033 30.114 24.529 20.196 14.980 13.165 9.647 3.135 4.005 3.298 10.173 14.071 22.783 31.985 47.345 65.341 84.991 90.243 107.176 124.725 152.652 177.158 211.374 241.817 261.583 253.378 308.734 253.673 296.380 297.060 261.034 252.051 194.847 152.771 118.946 94.687 69.181 34.971
3.032 4.336 5.849 8.455 8.769 10.150 14.306 20.120 27.304 34.380 42.389 53.155 65.250 68.701 69.013 72.473 71.494 68.051 58.805 49.130 48.781 41.162 34.775 33.621 34.571 34.697 31.017 29.348 29.379 26.480 24.557 21.526 18.988 14.977 11.368 7.097 3.695 0.000 0.638 1.298 6.218 14.834 23.120 28.209 44.716 58.550 77.132 87.090 100.623 128.355 141.782 169.358 193.728 194.553 206.109 205.868 191.543 214.887 228.632 208.963 196.615 159.225 122.903 86.368 66.013 38.156 18.731
9.021 9.301 8.768 11.227 10.998 13.546 15.159 25.029 31.629 35.001 41.818 49.482 54.837 61.686 65.479 64.846 61.605 54.520 51.235 43.208 38.152 36.610 32.695 32.373 34.328 31.938 33.863 31.878 29.742 26.380 23.207 20.223 17.749 13.864 11.919 7.125 1.851 0.000 0.000 0.000 1.393 4.692 13.886 21.341 33.396 41.151 55.583 71.360 84.655 96.055 103.424 118.560 146.109 159.617 161.284 180.441 159.400 166.373 187.760 166.142 148.952 116.562 89.768 61.677 39.206 18.963 9.862
14.397 13.698 12.005 12.585 12.919 15.371 19.947 25.966 34.739 37.196 42.641 48.342 48.708 54.127 60.303 55.738 52.292 47.751 42.595 36.737 34.447 31.043 30.954 29.370 31.742 31.811 35.199 37.025 35.253 29.744 24.340 24.065 17.821 13.904 11.836 5.732 0.933 0.000 0.000 0.000 0.000 0.443 7.479 13.082 21.147 30.888 41.836 50.507 68.263 74.012 76.958 91.745 104.757 107.706 114.505 125.230 131.595 126.746 124.410 114.188 103.774 85.121 65.380 37.985 19.365 7.319 0.000
14.562 14.626 15.790 15.821 17.198 18.736 21.271 28.810 34.745 34.330 38.336 45.099 47.098 50.546 55.293 46.749 44.927 40.299 35.518 29.164 27.314 27.011 25.511 28.443 29.610 30.324 33.543 34.168 33.937 31.750 27.535 25.077 19.228 16.251 12.967 9.941 2.496 0.000 0.000 0.000 0.000 0.000 1.071 9.445 15.757 21.534 28.527 37.947 48.887 59.577 60.583 69.619 81.616 84.832 86.459 79.682 89.122 93.533 94.289 80.644 68.021 57.464 38.071 20.791 8.046 -999.250 -999.250
15.489 15.698 16.201 17.529 20.117 21.698 26.828 26.420 33.208 30.398 34.631 37.397 39.410 44.453 44.991 45.136 34.637 34.042 28.732 25.776 22.728 21.830 21.680 23.116 24.521 25.750 29.421 32.252 35.299 32.411 29.224 24.089 21.359 18.333 13.017 11.460 5.539 1.515 0.000 0.000 0.000 0.000 0.000 3.021 11.012 14.863 19.465 27.341 30.776 34.980 38.557 42.153 48.521 61.096 66.860 62.355 59.549 62.745 64.160 49.598 48.249 27.458 19.429 7.582 0.000 0.000 -999.250
21.653 21.877 20.435 23.170 22.953 24.166 26.868 25.911 26.391 28.925 31.964 31.681 32.803 35.467 32.583 36.695 31.707 27.388 23.172 20.069 20.928 19.111 18.319 21.959 21.879 26.424 27.018 30.242 30.763 34.261 28.626 27.311 23.848 23.493 18.734 13.924 9.751 2.046 0.000 0.000 0.000 0.000 0.000 4.069 8.589 13.293 19.073 20.144 21.627 28.127 25.980 27.186 30.401 31.772 35.851 34.704 34.686 41.632 37.699 31.775 21.382 15.880 7.055 0.000 -999.250 -999.250 -999.250
25.911 29.515 29.341 29.086 28.437 27.790 23.082 24.027 24.268 27.093 28.855 29.269 26.191 24.777 25.191 26.959 23.082 21.468 18.598 17.108 15.339 15.006 16.607 16.739 17.616 26.022 28.041 30.279 28.711 28.402 26.230 23.465 28.455 27.546 22.860 16.405 12.515 4.717 0.000 0.000 0.000 0.000 1.251 4.147 9.837 13.038 15.614 17.015 21.828 23.588 21.571 22.291 20.771 11.916 22.000 24.296 25.750 25.416 27.101 19.194 12.432 5.436 0.000 0.000 -999.250 -999.250 -999.250
34.377 35.928 36.472 36.839 30.887 26.626 22.360 21.267 20.626 24.018 23.601 22.002 20.189 16.745 20.253 21.501 20.093 17.809 14.804 13.923 12.762 11.272 12.619 14.081 16.480 17.852 24.264 26.936 28.938 28.033 25.048 26.573 26.284 29.290 26.155 25.131 15.085 11.051 1.754 1.162 0.864 4.084 7.054 9.597 12.639 18.705 23.401 22.687 28.030 27.314 30.922 27.218 21.041 14.656 16.801 21.437 24.904 21.279 17.348 13.961 8.403 1.385 0.000 -999.250 -999.250 -999.250 -999.250
48.154 53.070 53.069 42.402 37.316 30.926 21.311 16.904 15.181 15.008 13.269 13.735 13.984 15.406 15.454 18.067 16.981 14.784 11.684 10.764 10.194 9.412 9.347 9.451 13.645 17.500 20.541 25.258 26.978 27.981 27.744 25.289 24.525 26.775 33.091 23.632 15.816 12.366 10.472 8.996 8.760 9.427 10.662 15.141 21.927 25.156 31.041 35.317 41.545 37.985 38.763 34.147 32.554 29.690 24.356 23.457 26.780 20.470 16.884 13.426 10.998 -999.250 -999.250 -999.250 -999.250 -999.250 -999.250
70.210 71.455 69.964 59.026 47.023 30.915 20.072 13.418 10.431 6.720 5.356 6.097 8.772 10.797 13.123 13.840 15.472 13.254 8.455 6.848 6.471 7.183 4.833 6.475 10.581 13.537 17.931 24.150 29.461 26.518 22.941 21.752 18.220 19.613 20.733 19.825 16.707 13.847 13.243 13.305 13.402 16.405 20.373 22.260 31.814 43.053 54.453 54.607 68.485 62.976 63.733 52.597 48.505 42.543 40.467 38.840 35.047 31.750 24.762 18.494 16.920 -999.250 -999.250 -999.250 -999.250 -999.250 -999.250
87.532 92.391 90.061 72.099 57.341 37.816 22.495 11.765 0.757 0.000 0.000 0.434 2.066 5.031 7.853 13.210 16.898 12.216 8.350 4.628 3.911 2.137 0.000 2.202 4.262 9.285 13.682 24.146 35.298 24.720 18.438 16.215 14.126 15.339 14.545 16.236 15.954 18.765 21.002 19.394 24.032 27.676 34.078 37.910 47.877 54.720 69.967 72.968 83.154 90.758 85.017 78.416 69.503 63.751 55.981 53.477 -999.250 39.493 40.548 -999.250 -999.250 -999.250 -999.250 -999.250 -999.250 -999.250 -999.250
107.918 117.560 112.035 95.737 76.465 51.600 29.066 8.135 0.000 0.000 0.000 0.000 0.000 0.055 2.782 7.481 10.857 8.186 3.620 0.000 0.000 0.000 0.000 0.000 0.570 4.884 12.517 15.200 21.011 18.638 13.107 9.591 10.005 8.447 10.423 12.047 15.162 22.581 27.727 31.216 40.580 39.843 51.700 59.677 71.805 80.138 99.407 99.628 105.683 111.004 104.818 101.675 88.174 90.537 -999.250 -999.250 -999.250 -999.250 -999.250 -999.250 -999.250 -999.250 -999.250 -999.250 -999.250 -999.250 -999.250
144.462 151.741 147.456 121.168 100.421 74.010 33.769 4.973 0.000 0.000 0.000 0.000 0.000 0.000 0.000 0.299 3.329 3.024 0.000 0.000 0.000 0.000 0.000 0.000 0.000 1.887 4.924 10.411 12.066 11.175 8.567 4.028 0.328 1.330 3.417 9.056 14.957 25.282 36.776 41.273 55.698 66.438 75.475 90.037 95.401 103.370 130.777 143.123 168.226 154.718 134.265 117.525 104.746 -999.250 -999.250 -999.250 -999.250 -999.250 -999.250 -999.250 -999.250 -999.250 -999.250 -999.250 -999.250 -999.250 -999.250
161.634 171.734 177.302 167.484 142.121 99.627 45.188 0.000 0.000 0.000 0.000 0.000 0.000 0.000 0.000 0.000 0.000 0.000 0.000 0.000 0.000 0.000 0.000 0.000 0.000 0.000 0.000 2.270 2.317 1.323 0.961 0.000 0.000 0.000 0.000 9.558 18.096 30.869 40.626 56.516 69.892 82.015 102.053 114.714 135.423 157.648 183.119 173.303 173.766 178.961 159.424 143.146 146.056 -999.250 -999.250 -999.250 -999.250 -999.250 -999.250 -999.250 -999.250 -999.250 -999.250 -999.250 -999.250 -999.250 -999.250
192.036 188.490 209.141 206.105 191.306 123.039 66.326 12.680 0.000 0.000 0.000 0.000 0.000 0.000 0.000 0.000 0.000 0.000 0.000 0.000 0.000 0.000 0.000 0.000 0.000 0.000 0.000 0.000 0.000 0.000 0.000 0.000 0.000 0.000 0.000 9.082 22.187 38.986 60.600 80.214 87.484 106.235 130.375 154.816 181.920 189.192 197.486 213.441 205.239 196.176 190.568 200.371 -999.250 -999.250 -999.250 -999.250 -999.250 -999.250 -999.250 -999.250 -999.250 -999.250 -999.250 -999.250 -999.250 -999.250 -999.250
186.220 192.519 215.949 277.498 207.421 136.650 75.838 28.147 5.500 0.000 0.000 0.000 0.000 0.000 0.000 0.000 0.000 0.000 0.000 0.000 0.000 0.000 0.000 0.000 0.000 0.000 0.000 0.000 0.000 0.000 0.000 0.000 0.000 0.000 0.294 11.366 26.062 47.803 73.973 97.243 113.148 132.681 152.545 184.609 201.074 233.786 257.434 254.581 255.945 230.680 231.866 -999.250 -999.250 -999.250 -999.250 -999.250 -999.250 -999.250 -999.250 -999.250 -999.250 -999.250 -999.250 -999.250 -999.250 -999.250 -999.250
168.133 175.692 195.431 200.043 176.040 117.292 69.459 32.300 11.372 0.000 0.000 0.000 0.000 0.000 0.000 0.000 0.000 0.000 0.000 0.000 0.000 0.000 0.000 0.000 0.000 0.000 0.000 0.000 0.000 0.000 0.000 0.000 0.000 0.000 0.000 13.979 33.665 58.772 86.134 116.889 141.772 162.481 182.322 221.323 240.119 279.598 327.434 325.803 294.850 287.095 314.759 -999.250 -999.250 -999.250 -999.250 -999.250 -999.250 -999.250 -999.250 -999.250 -999.250 -999.250 -999.250 -999.250 -999.250 -999.250 -999.250
106.599 98.833 124.413 125.829 108.265 82.450 49.404 22.575 9.067 0.000 0.000 5.449 8.009 5.283 0.000 0.000 0.000 0.000 0.000 0.000 0.000 0.000 0.000 0.000 0.000 0.000 0.000 0.000 0.000 0.000 0.000 0.000 0.000 0.000 0.000 16.475 38.644 70.924 98.879 140.252 180.616 197.508 236.781 281.363 281.450 367.794 374.603 387.605 393.012 476.721 -999.250 -999.250 -999.250 -999.250 -999.250 -999.250 -999.250 -999.250 -999.250 -999.250 -999.250 -999.250 -999.250 -999.250 -999.250 -999.250 -999.250
49.670 9.865 50.717 71.339 68.660 47.206 24.101 13.171 4.691 0.172 0.775 9.047 17.334 12.179 8.529 3.721 5.395 7.080 7.616 3.229 5.107 2.711 0.058 0.000 0.000 0.000 0.000 0.000 0.000 0.000 0.000 0.000 0.000 0.000 0.000 25.740 53.655 81.747 124.323 158.895 195.225 246.169 268.425 342.422 380.730 418.605 494.491 457.363 515.464 521.660 -999.250 -999.250 -999.250 -999.250 -999.250 -999.250 -999.250 -999.250 -999.250 -999.250 -999.250 -999.250 -999.250 -999.250 -999.250 -999.250 -999.250
20.846 3.264 14.792 27.248 31.441 23.838 13.924 4.318 0.000 0.228 3.563 11.494 13.320 14.651 13.958 12.928 14.216 16.416 18.621 14.023 14.590 11.962 9.992 2.933 0.000 0.000 0.000 0.000 0.000 0.000 0.000 0.000 0.000 4.471 16.851 39.505 70.436 96.232 128.347 186.343 225.828 246.204 324.163 385.089 473.871 510.796 529.883 529.493 551.044 512.433 -999.250 -999.250 -999.250 -999.250 -999.250 -999.250 -999.250 -999.250 -999.250 -999.250 -999.250 -999.250 -999.250 -999.250 -999.250 -999.250 -999.250
8.484 0.000 0.000 9.188 11.115 9.920 3.761 0.000 0.000 1.012 7.828 11.707 15.536 17.093 19.950 24.745 25.568 31.850 32.433 33.610 30.472 23.506 15.570 9.828 4.999 0.000 0.000 0.000 0.000 0.000 0.000 1.321 9.715 16.504 32.712 55.369 80.074 105.994 154.659 187.012 234.223 302.471 363.973 395.633 495.199 536.500 577.834 587.875 550.651 -999.250 -999.250 -999.250 -999.250 -999.250 -999.250 -999.250 -999.250 -999.250 -999.250 -999.250 -999.250 -999.250 -999.250 -999.250 -999.250 -999.250 -999.250
