data/medianmodel_12-Dec-2020.asc
ncols	141
nrows	288
xllcorner	-120191.398
yllcorner	-301404.813
cellsize	2000.000
NODATA_value	-999.250
[rows 87 to 115 of 288, columns 0 to 63 of 141]
-999.250 -999.250 -999.250 -999.250 -999.250 -999.250 -999.250 -999.250 -999.250 -999.250 -999.250 -999.250 -999.250 -999.250 -999.250 -999.250 -999.250 -999.250 -999.250 -999.250 -999.250 -999.250 -999.250 -999.250 -999.250 -999.250 -999.250 -999.250 -999.250 -999.250 -999.250 -999.250 -999.250 403.170 409.785 407.685 406.334 393.750 380.414 371.484 371.373 372.115 364.904 410.679 439.821 482.161 487.703 535.826 542.363 536.320 539.152 519.217 494.421 463.464 402.650 388.538 365.536 333.514 324.007 306.487 292.205 306.160 337.023 327.303
-999.250 -999.250 -999.250 -999.250 -999.250 -999.250 -999.250 -999.250 -999.250 -999.250 -999.250 -999.250 -999.250 -999.250 -999.250 -999.250 -999.250 -999.250 -999.250 -999.250 -999.250 -999.250 -999.250 -999.250 -999.250 -999.250 -999.250 -999.250 -999.250 -999.250 -999.250 -999.250 411.685 397.531 403.007 387.472 389.371 372.285 375.622 363.891 346.986 349.017 358.252 396.560 429.177 484.321 519.377 560.558 554.450 567.674 554.812 525.219 539.823 520.477 464.338 437.730 380.726 354.407 359.636 312.641 311.722 320.215 332.101 338.469
-999.250 -999.250 -999.250 -999.250 -999.250 -999.250 -999.250 -999.250 -999.250 -999.250 -999.250 -999.250 -999.250 -999.250 -999.250 -999.250 -999.250 -999.250 -999.250 -999.250 -999.250 -999.250 -999.250 -999.250 -999.250 -999.250 -999.250 -999.250 -999.250 -999.250 -999.250 -999.250 397.983 396.493 391.043 372.160 379.143 361.532 353.802 347.510 341.877 342.346 337.768 400.993 450.238 502.346 526.337 548.164 599.444 571.733 569.166 559.789 565.422 529.359 513.775 464.186 420.358 390.003 364.204 351.433 319.929 304.610 303.929 316.099
-999.250 -999.250 -999.250 -999.250 -999.250 -999.250 -999.250 -999.250 -999.250 -999.250 -999.250 -999.250 -999.250 -999.250 -999.250 -999.250 -999.250 -999.250 -999.250 -999.250 -999.250 -999.250 -999.250 -999.250 -999.250 -999.250 -999.250 -999.250 -999.250 -999.250 -999.250 -999.250 379.611 364.741 366.327 359.117 347.406 350.181 353.601 336.354 341.499 348.752 356.484 408.424 470.681 525.339 566.037 579.542 584.829 604.947 607.560 589.021 603.938 583.219 551.539 537.921 482.945 409.519 385.209 338.433 324.099 288.709 273.172 291.659
-999.250 -999.250 -999.250 -999.250 -999.250 -999.250 -999.250 -999.250 -999.250 -999.250 -999.250 -999.250 -999.250 -999.250 -999.250 -999.250 -999.250 -999.250 -999.250 -999.250 -999.250 -999.250 -999.250 -999.250 -999.250 -999.250 -999.250 -999.250 -999.250 -999.250 -999.250 -999.250 348.189 360.983 368.105 354.416 350.424 341.089 345.603 336.371 340.964 359.932 399.162 456.591 512.950 563.846 610.319 601.919 601.521 629.931 635.851 658.707 675.842 637.320 610.083 590.649 547.896 443.638 382.800 360.592 305.828 260.111 251.739 274.941
-999.250 -999.250 -999.250 -999.250 -999.250 -999.250 -999.250 -999.250 -999.250 -999.250 -999.250 -999.250 -999.250 -999.250 -999.250 -999.250 -999.250 -999.250 -999.250 -999.250 -999.250 -999.250 -999.250 -999.250 -999.250 -999.250 -999.250 -999.250 -999.250 -999.250 -999.250 360.225 345.434 351.607 351.527 345.331 334.136 343.787 357.370 342.984 361.391 388.160 431.890 475.702 530.309 594.117 608.217 644.334 634.927 674.806 690.236 684.633 678.446 684.921 622.734 610.516 589.889 504.080 416.231 358.728 294.528 252.822 224.924 232.043
-999.250 -999.250 -999.250 -999.250 -999.250 -999.250 -999.250 -999.250 -999.250 -999.250 -999.250 -999.250 -999.250 -999.250 -999.250 -999.250 -999.250 -999.250 -999.250 -999.250 -999.250 -999.250 -999.250 -999.250 -999.250 -999.250 -999.250 -999.250 -999.250 -999.250 -999.250 346.580 344.667 343.524 341.588 339.522 336.425 344.912 350.668 359.785 367.775 402.183 441.749 479.045 525.379 588.289 686.037 662.360 669.890 745.403 732.264 772.774 775.466 753.342 674.280 637.201 578.011 527.081 448.439 353.163 279.237 224.833 194.298 214.032
-999.250 -999.250 -999.250 -999.250 -999.250 -999.250 -999.250 -999.250 -999.250 -999.250 -999.250 -999.250 -999.250 -999.250 -999.250 -999.250 -999.250 -999.250 -999.250 -999.250 -999.250 -999.250 -999.250 -999.250 -999.250 -999.250 -999.250 -999.250 -999.250 -999.250 -999.250 345.378 348.705 349.581 350.537 340.305 345.661 339.328 361.043 373.402 378.995 416.874 438.612 475.596 537.557 582.116 636.467 657.999 664.015 694.511 745.565 738.601 807.411 862.067 798.658 736.619 663.428 563.630 440.237 322.365 254.847 205.659 189.067 173.747
-999.250 -999.250 -999.250 -999.250 -999.250 -999.250 -999.250 -999.250 -999.250 -999.250 -999.250 -999.250 -999.250 -999.250 -999.250 -999.250 -999.250 -999.250 -999.250 -999.250 -999.250 -999.250 -999.250 -999.250 -999.250 -999.250 -999.250 -999.250 -999.250 -999.250 -999.250 344.177 360.162 354.225 338.066 348.993 340.362 348.294 350.645 359.448 384.254 406.318 436.058 454.980 517.399 558.464 585.905 613.624 673.466 692.529 755.452 868.881 860.022 825.051 809.680 804.148 750.231 615.058 449.631 304.556 217.799 184.641 163.387 157.404
-999.250 -999.250 -999.250 -999.250 -999.250 -999.250 -999.250 -999.250 -999.250 -999.250 -999.250 -999.250 -999.250 -999.250 -999.250 -999.250 -999.250 -999.250 -999.250 -999.250 -999.250 -999.250 -999.250 -999.250 -999.250 -999.250 -999.250 -999.250 -999.250 -999.250 336.454 351.035 347.463 343.187 321.222 338.192 338.788 342.191 356.152 367.527 390.772 411.114 422.602 433.082 486.583 511.767 551.290 592.086 634.364 663.067 769.231 811.668 934.360 932.791 927.944 904.143 878.525 713.456 530.329 258.324 218.731 184.048 170.789 156.988
-999.250 -999.250 -999.250 -999.250 -999.250 -999.250 -999.250 -999.250 -999.250 -999.250 -999.250 -999.250 -999.250 -999.250 -999.250 -999.250 -999.250 -999.250 -999.250 -999.250 -999.250 -999.250 -999.250 -999.250 -999.250 -999.250 -999.250 -999.250 -999.250 -999.250 330.018 344.658 337.359 333.250 330.041 318.967 341.213 349.605 350.860 374.278 392.760 397.207 405.234 429.599 454.745 498.992 482.073 553.207 617.625 674.246 722.477 807.910 893.498 902.463 991.361 973.127 1029.048 992.510 680.871 459.504 318.278 234.978 189.946 158.934
-999.250 -999.250 -999.250 -999.250 -999.250 -999.250 -999.250 -999.250 -999.250 -999.250 -999.250 -999.250 -999.250 -999.250 -999.250 -999.250 -999.250 -999.250 -999.250 -999.250 -999.250 -999.250 -999.250 -999.250 -999.250 -999.250 -999.250 -999.250 -999.250 -999.250 320.110 332.477 335.398 324.478 323.283 338.360 369.826 363.149 367.501 371.569 379.212 398.666 395.392 410.885 437.632 460.251 496.680 548.638 603.699 672.426 765.865 793.817 878.493 935.992 1003.412 1056.532 1099.507 1192.775 901.185 607.126 399.953 291.127 217.406 171.726
-999.250 -999.250 -999.250 -999.250 -999.250 -999.250 -999.250 -999.250 -999.250 -999.250 -999.250 -999.250 -999.250 -999.250 -999.250 -999.250 -999.250 -999.250 -999.250 -999.250 -999.250 -999.250 -999.250 -999.250 -999.250 -999.250 -999.250 -999.250 -999.250 -999.250 311.239 320.858 327.775 324.300 335.923 345.111 351.789 363.523 365.019 366.177 379.881 380.934 381.536 396.627 399.848 436.305 466.512 530.354 566.032 641.671 665.960 715.474 782.487 881.470 960.153 1000.261 1053.976 1060.266 841.064 618.577 449.663 358.676 237.688 194.140
-999.250 -999.250 -999.250 -999.250 -999.250 -999.250 -999.250 -999.250 -999.250 -999.250 -999.250 -999.250 -999.250 -999.250 -999.250 -999.250 -999.250 -999.250 -999.250 -999.250 -999.250 -999.250 -999.250 -999.250 -999.250 -999.250 -999.250 -999.250 -999.250 312.651 338.002 340.994 339.224 331.951 327.067 346.164 339.719 343.375 348.659 376.595 370.324 376.664 386.126 386.179 403.387 435.977 474.589 502.181 550.183 596.611 632.521 659.497 692.153 739.588 804.320 862.855 939.872 873.031 723.781 594.470 444.330 358.267 241.549 210.145
-999.250 -999.250 -999.250 -999.250 -999.250 -999.250 -999.250 -999.250 -999.250 -999.250 -999.250 -999.250 -999.250 -999.250 -999.250 -999.250 -999.250 -999.250 -999.250 -999.250 -999.250 -999.250 -999.250 -999.250 -999.250 -999.250 -999.250 -999.250 -999.250 343.382 359.456 347.174 350.463 341.366 332.356 350.534 337.660 348.446 348.021 359.406 363.478 369.267 375.072 387.648 411.219 421.120 439.712 498.842 534.936 554.445 589.338 635.459 642.994 646.705 666.510 701.692 700.545 674.908 604.595 540.530 435.585 342.810 248.950 205.941
-999.250 -999.250 -999.250 -999.250 -999.250 -999.250 -999.250 -999.250 -999.250 -999.250 -999.250 -999.250 -999.250 -999.250 -999.250 -999.250 -999.250 -999.250 -999.250 -999.250 -999.250 -999.250 -999.250 -999.250 -999.250 -999.250 -999.250 -999.250 -999.250 344.807 357.107 353.648 364.808 343.509 343.624 335.017 347.291 347.181 330.113 342.361 350.389 363.446 367.318 402.718 423.464 426.051 456.229 466.579 502.161 496.864 529.470 545.494 556.993 547.685 590.693 603.443 585.050 585.855 540.118 458.631 375.645 311.642 238.294 212.337
-999.250 -999.250 -999.250 -999.250 -999.250 -999.250 -999.250 -999.250 -999.250 -999.250 -999.250 -999.250 -999.250 -999.250 -999.250 -999.250 -999.250 -999.250 -999.250 -999.250 -999.250 -999.250 -999.250 -999.250 -999.250 -999.250 -999.250 -999.250 -999.250 364.859 366.051 371.835 365.478 369.761 364.634 338.850 347.238 338.357 341.680 333.589 340.353 365.119 379.916 388.620 395.910 392.003 432.177 458.346 463.990 468.113 496.469 485.061 487.969 492.950 509.773 515.099 488.029 470.883 445.118 384.027 315.102 268.580 219.241 201.901
-999.250 -999.250 -999.250 -999.250 -999.250 -999.250 -999.250 -999.250 -999.250 -999.250 -999.250 -999.250 -999.250 -999.250 -999.250 -999.250 -999.250 -999.250 -999.250 -999.250 -999.250 -999.250 -999.250 -999.250 -999.250 -999.250 -999.250 -999.250 358.601 353.134 369.849 372.966 375.736 365.685 361.124 350.568 337.105 339.599 336.839 337.975 342.616 351.350 359.347 381.930 412.422 404.394 413.929 445.048 435.493 455.682 450.093 448.999 441.334 441.714 420.795 405.061 406.518 375.926 357.455 332.702 281.555 242.678 211.304 188.832
-999.250 -999.250 -999.250 -999.250 -999.250 -999.250 -999.250 -999.250 -999.250 -999.250 -999.250 -999.250 -999.250 -999.250 -999.250 -999.250 -999.250 -999.250 -999.250 -999.250 -999.250 -999.250 -999.250 -999.250 -999.250 -999.250 -999.250 -999.250 369.179 363.268 380.689 370.682 376.854 363.299 364.677 375.720 349.694 335.323 328.662 336.312 356.637 351.170 368.680 389.966 391.690 402.214 428.574 423.852 419.650 449.538 426.358 419.552 391.259 378.827 358.292 340.924 323.640 330.749 305.295 272.011 225.755 208.112 181.584 153.577
-999.250 -999.250 -999.250 -999.250 -999.250 -999.250 -999.250 -999.250 -999.250 -999.250 -999.250 -999.250 -999.250 -999.250 -999.250 -999.250 -999.250 -999.250 -999.250 -999.250 -999.250 -999.250 -999.250 -999.250 -999.250 -999.250 -999.250 359.159 376.567 357.404 369.369 380.306 381.603 361.186 371.794 368.626 357.862 336.755 325.087 344.346 362.827 362.899 375.278 391.345 409.727 397.524 431.756 442.467 435.409 430.841 399.515 388.893 361.703 316.375 283.336 261.556 240.952 258.074 261.258 234.250 204.849 177.940 146.984 134.079
-999.250 -999.250 -999.250 -999.250 -999.250 -999.250 -999.250 -999.250 -999.250 -999.250 -999.250 -999.250 -999.250 -999.250 -999.250 -999.250 -999.250 -999.250 -999.250 -999.250 -999.250 -999.250 -999.250 -999.250 -999.250 -999.250 -999.250 368.428 365.721 377.147 371.681 388.121 388.754 376.475 381.575 379.134 367.615 348.767 348.257 353.410 352.194 359.237 368.942 383.415 404.540 418.542 421.454 439.870 423.095 422.391 402.141 381.054 347.635 287.471 216.169 211.272 231.706 234.479 225.009 215.146 178.946 158.112 128.323 99.873
-999.250 -999.250 -999.250 -999.250 -999.250 -999.250 -999.250 -999.250 -999.250 -999.250 -999.250 -999.250 -999.250 -999.250 -999.250 -999.250 -999.250 -999.250 -999.250 -999.250 -999.250 -999.250 -999.250 -999.250 -999.250 -999.250 -999.250 370.429 384.866 386.383 402.698 394.487 396.775 387.871 393.036 379.834 381.278 364.378 363.741 359.520 347.160 367.883 395.970 408.631 400.274 439.006 434.202 444.589 444.647 432.393 417.455 371.895 351.065 300.716 240.402 217.006 222.327 206.530 211.768 195.162 173.398 152.902 126.702 121.167
-999.250 -999.250 -999.250 -999.250 -999.250 -999.250 -999.250 -999.250 -999.250 -999.250 -999.250 -999.250 -999.250 -999.250 -999.250 -999.250 -999.250 -999.250 -999.250 -999.250 -999.250 -999.250 -999.250 -999.250 -999.250 -999.250 -999.250 359.762 382.467 378.184 391.509 397.847 403.188 390.611 392.307 393.335 368.494 392.231 392.397 361.643 382.361 390.660 394.114 416.040 423.526 439.545 454.742 481.367 503.715 464.864 449.640 416.286 386.912 329.192 269.612 235.109 215.049 204.396 197.724 199.709 177.154 163.030 143.505 139.599
-999.250 -999.250 -999.250 -999.250 -999.250 -999.250 -999.250 -999.250 -999.250 -999.250 -999.250 -999.250 -999.250 -999.250 -999.250 -999.250 -999.250 -999.250 -999.250 -999.250 -999.250 -999.250 -999.250 -999.250 -999.250 -999.250 -999.250 -999.250 375.645 363.003 388.684 399.516 380.761 395.357 384.908 400.599 395.855 398.806 402.571 392.314 408.852 415.829 420.066 424.606 454.480 458.879 489.700 494.448 506.297 500.183 500.778 508.505 463.332 392.274 327.993 249.148 227.754 213.753 201.446 187.155 199.670 191.416 182.403 164.813
-999.250 -999.250 -999.250 -999.250 -999.250 -999.250 -999.250 -999.250 -999.250 -999.250 -999.250 -999.250 -999.250 -999.250 -999.250 -999.250 -999.250 -999.250 -999.250 -999.250 -999.250 -999.250 -999.250 -999.250 -999.250 -999.250 -999.250 -999.250 367.050 358.170 386.467 383.910 377.341 395.695 396.630 394.461 415.508 415.343 414.426 416.641 420.913 444.094 433.012 436.564 443.789 458.978 479.947 513.865 532.465 529.855 556.998 564.439 498.617 416.521 345.507 270.997 247.119 224.604 216.760 214.917 210.250 200.048 190.936 174.790
-999.250 -999.250 -999.250 -999.250 -999.250 -999.250 -999.250 -999.250 -999.250 -999.250 -999.250 -999.250 -999.250 -999.250 -999.250 -999.250 -999.250 -999.250 -999.250 -999.250 -999.250 -999.250 -999.250 -999.250 -999.250 -999.250 -999.250 -999.250 357.120 368.640 372.751 379.976 376.919 424.319 396.963 415.651 411.977 422.121 441.204 438.887 440.031 436.142 449.428 447.983 429.922 461.470 480.723 501.784 545.235 556.478 612.685 610.523 550.339 470.153 383.639 285.581 261.205 260.231 239.847 223.826 215.959 209.077 198.675 175.771
-999.250 -999.250 -999.250 -999.250 -999.250 -999.250 -999.250 -999.250 -999.250 -999.250 -999.250 -999.250 -999.250 -999.250 -999.250 -999.250 -999.250 -999.250 -999.250 -999.250 -999.250 -999.250 -999.250 -999.250 -999.250 -999.250 -999.250 -999.250 355.557 365.956 364.164 383.575 385.862 407.176 409.734 416.677 431.607 438.442 451.736 457.605 475.048 468.658 466.448 460.125 448.700 451.136 494.914 527.813 548.232 581.002 635.790 708.215 590.146 508.212 409.737 336.011 306.313 290.164 277.092 231.955 224.123 221.230 206.640 191.028
-999.250 -999.250 -999.250 -999.250 -999.250 -999.250 -999.250 -999.250 -999.250 -999.250 -999.250 -999.250 -999.250 -999.250 -999.250 -999.250 -999.250 -999.250 -999.250 -999.250 -999.250 -999.250 -999.250 -999.250 -999.250 -999.250 -999.250 -999.250 350.739 353.388 358.626 377.020 395.423 408.201 416.067 422.091 436.835 442.267 462.491 487.925 491.011 491.031 448.969 462.528 459.769 447.307 478.718 509.970 503.913 567.189 613.358 629.443 579.590 497.091 427.826 375.205 353.969 323.324 288.719 267.148 234.936 233.114 196.867 198.810
-999.250 -999.250 -999.250 -999.250 -999.250 -999.250 -999.250 -999.250 -999.250 -999.250 -999.250 -999.250 -999.250 -999.250 -999.250 -999.250 -999.250 -999.250 -999.250 -999.250 -999.250 -999.250 -999.250 -999.250 -999.250 -999.250 -999.250 284.163 330.467 350.511 358.693 379.638 389.197 418.206 412.056 439.406 443.422 452.585 483.751 502.336 487.809 489.548 466.702 441.450 431.544 451.444 453.509 453.001 481.166 492.506 550.525 561.462 545.854 491.058 441.934 398.799 368.709 346.456 314.975 289.669 241.036 231.042 216.649 188.911
