data/medianmodel_10-Apr-2020.asc
ncols	141
nrows	288
xllcorner	-120191.398
yllcorner	-301404.813
cellsize	2000.000
NODATA_value	-999.250
[rows 60 to 89 of 288, columns 68 to 135 of 141]
249.524 233.374 186.040 138.681 96.505 63.656 33.254 20.469 13.659 14.379 15.334 16.177 17.699 20.390 21.738 19.453 18.248 15.942 14.565 16.745 24.730 42.539 70.009 106.441 159.226 216.456 251.945 307.414 349.535 405.101 555.806 630.621 690.276 756.622 706.295 718.521 628.190 602.591 456.007 370.799 338.695 268.880 216.823 130.598 101.379 55.105 32.319 9.180 -999.250 -999.250 -999.250 -999.250 -999.250 -999.250 -999.250 -999.250 -999.250 -999.250 -999.250 -999.250 -999.250 -999.250 -999.250 -999.250 -999.250 -999.250 -999.250 -999.250
260.118 239.873 190.020 143.672 104.009 65.777 31.391 19.386 14.718 15.052 18.046 23.291 25.318 30.193 33.634 28.640 24.970 21.260 18.610 20.774 23.262 37.400 62.988 92.142 124.559 164.167 221.976 253.163 288.963 360.786 385.410 450.346 606.164 622.720 633.480 586.346 614.540 561.208 469.906 367.914 319.363 272.154 169.243 118.362 95.355 56.782 30.275 -999.250 -999.250 -999.250 -999.250 -999.250 -999.250 -999.250 -999.250 -999.250 -999.250 -999.250 -999.250 -999.250 -999.250 -999.250 -999.250 -999.250 -999.250 -999.250 -999.250 -999.250
312.235 271.340 238.131 198.409 116.341 82.762 25.628 22.533 22.252 21.814 25.488 24.766 35.661 44.055 49.346 39.439 33.422 24.112 23.048 19.025 20.850 29.458 40.582 65.549 97.701 109.843 131.171 179.087 205.134 279.593 327.684 379.823 503.346 494.414 525.675 569.601 525.099 499.532 403.536 362.897 333.785 244.794 -999.250 -999.250 -999.250 -999.250 -999.250 -999.250 -999.250 -999.250 -999.250 -999.250 -999.250 -999.250 -999.250 -999.250 -999.250 -999.250 -999.250 -999.250 -999.250 -999.250 -999.250 -999.250 -999.250 -999.250 -999.250 -999.250
333.804 315.903 297.128 237.528 174.305 93.840 65.241 44.041 28.530 28.105 31.809 34.925 42.033 55.770 71.898 45.085 35.307 26.589 19.790 14.820 16.850 21.456 28.728 38.595 63.907 88.078 95.937 94.697 99.731 121.348 219.552 278.394 332.007 468.630 490.189 532.225 446.440 383.668 351.270 332.877 281.659 210.227 151.446 -999.250 -999.250 -999.250 -999.250 -999.250 -999.250 -999.250 -999.250 -999.250 -999.250 -999.250 -999.250 -999.250 -999.250 -999.250 -999.250 -999.250 -999.250 -999.250 -999.250 -999.250 -999.250 -999.250 -999.250 -999.250
368.988 354.383 318.014 289.352 205.016 144.358 95.784 58.972 48.991 39.355 35.727 36.425 45.955 57.402 65.545 42.419 36.027 28.148 19.526 17.026 12.219 17.241 22.728 28.818 38.031 46.943 45.530 42.167 27.248 0.000 107.117 227.544 314.291 360.176 381.352 365.629 364.056 326.201 320.848 289.154 240.521 154.292 117.397 78.953 -999.250 -999.250 -999.250 -999.250 -999.250 -999.250 -999.250 -999.250 -999.250 -999.250 -999.250 -999.250 -999.250 -999.250 -999.250 -999.250 -999.250 -999.250 -999.250 -999.250 -999.250 -999.250 -999.250 -999.250
429.582 389.804 343.421 315.076 267.875 206.425 105.983 75.231 57.850 48.699 35.633 35.151 42.125 42.743 43.769 36.243 31.611 27.191 20.534 16.726 14.277 14.286 17.603 20.854 25.872 27.076 23.628 22.041 14.929 20.128 84.887 141.138 235.783 265.636 303.222 321.130 323.090 274.556 274.038 251.371 180.465 115.666 88.485 57.415 -999.250 -999.250 -999.250 -999.250 -999.250 -999.250 -999.250 -999.250 -999.250 -999.250 -999.250 -999.250 -999.250 -999.250 -999.250 -999.250 -999.250 -999.250 -999.250 -999.250 -999.250 -999.250 -999.250 -999.250
451.343 468.873 416.089 349.378 287.672 210.838 139.320 85.361 60.444 51.749 37.336 37.367 32.295 35.388 31.266 29.901 26.609 22.229 21.003 15.954 15.194 15.728 15.815 18.252 22.064 21.495 21.920 16.938 19.339 36.773 72.001 107.432 172.763 215.974 242.375 261.090 252.544 263.242 224.193 194.308 139.208 90.550 60.101 35.374 21.339 -999.250 -999.250 -999.250 -999.250 -999.250 -999.250 -999.250 -999.250 -999.250 -999.250 -999.250 -999.250 -999.250 -999.250 -999.250 -999.250 -999.250 -999.250 -999.250 -999.250 -999.250 -999.250 -999.250
523.253 565.834 455.846 390.571 298.830 224.369 136.504 94.648 62.298 49.760 37.585 32.874 28.326 27.685 25.085 24.515 21.468 19.427 16.992 16.384 15.169 16.228 17.033 21.177 24.576 25.113 27.795 25.798 36.585 48.454 81.011 111.564 130.758 167.291 196.133 224.968 235.241 212.733 193.933 127.553 101.186 53.725 36.890 22.594 13.915 1.686 -999.250 -999.250 -999.250 -999.250 -999.250 -999.250 -999.250 -999.250 -999.250 -999.250 -999.250 -999.250 -999.250 -999.250 -999.250 -999.250 -999.250 -999.250 -999.250 -999.250 -999.250 -999.250
599.863 658.323 485.225 396.788 292.110 223.998 134.543 96.376 55.356 31.105 28.700 24.184 22.659 20.171 18.542 18.118 16.246 18.226 15.685 16.142 17.837 19.472 22.572 25.995 27.226 32.624 32.421 38.419 50.760 64.772 100.585 114.817 139.180 135.440 163.303 209.534 199.185 189.710 151.033 112.508 82.092 48.436 28.652 19.352 7.696 0.000 -999.250 -999.250 -999.250 -999.250 -999.250 -999.250 -999.250 -999.250 -999.250 -999.250 -999.250 -999.250 -999.250 -999.250 -999.250 -999.250 -999.250 -999.250 -999.250 -999.250 -999.250 -999.250
548.865 582.561 536.007 375.169 320.424 256.031 138.236 81.290 42.238 25.290 19.996 15.048 14.112 14.729 12.412 13.482 10.856 14.364 15.817 19.147 23.302 25.853 24.807 30.693 37.716 39.083 51.378 53.611 56.234 73.182 92.299 112.995 118.034 120.423 143.538 169.412 176.953 146.024 117.499 88.521 66.882 39.309 22.804 12.887 3.341 0.000 -999.250 -999.250 -999.250 -999.250 -999.250 -999.250 -999.250 -999.250 -999.250 -999.250 -999.250 -999.250 -999.250 -999.250 -999.250 -999.250 -999.250 -999.250 -999.250 -999.250 -999.250 -999.250
491.731 515.655 467.474 354.509 309.510 237.477 132.420 73.329 26.679 9.643 8.212 5.778 8.024 7.663 6.581 9.455 9.187 10.869 13.426 18.532 25.885 33.902 38.212 40.209 56.858 52.568 62.203 70.699 82.167 88.606 85.402 101.608 99.760 113.565 115.611 130.074 145.539 111.771 96.282 67.884 59.066 35.311 22.834 13.896 2.164 0.000 0.000 0.000 -999.250 -999.250 -999.250 -999.250 -999.250 -999.250 -999.250 -999.250 -999.250 -999.250 -999.250 -999.250 -999.250 -999.250 -999.250 -999.250 -999.250 -999.250 -999.250 -999.250
415.598 503.065 376.464 331.392 265.150 215.859 112.063 56.807 0.000 0.000 0.000 0.000 3.098 0.000 0.627 0.253 6.477 9.119 13.529 20.705 32.001 40.080 54.591 66.953 69.508 78.397 81.026 86.905 84.695 92.388 92.591 87.257 99.007 103.011 90.981 110.807 117.158 110.575 80.328 64.920 41.800 27.795 19.544 11.017 4.629 0.000 0.000 0.000 -999.250 -999.250 -999.250 -999.250 -999.250 -999.250 -999.250 -999.250 -999.250 -999.250 -999.250 -999.250 -999.250 -999.250 -999.250 -999.250 -999.250 -999.250 -999.250 -999.250
352.279 354.480 331.034 282.539 215.005 169.947 104.374 53.174 18.170 0.821 0.598 0.715 0.140 0.000 0.000 0.000 5.516 9.046 16.202 25.376 37.891 54.427 72.134 85.553 95.806 99.691 104.740 100.251 91.878 104.765 90.898 81.856 88.528 92.621 98.723 95.168 102.320 91.684 71.751 55.651 38.193 26.670 14.871 6.307 4.269 0.000 0.000 -999.250 -999.250 -999.250 -999.250 -999.250 -999.250 -999.250 -999.250 -999.250 -999.250 -999.250 -999.250 -999.250 -999.250 -999.250 -999.250 -999.250 -999.250 -999.250 -999.250 -999.250
300.122 294.447 288.309 242.484 180.922 138.610 101.298 61.845 25.820 16.105 9.524 3.713 0.049 0.000 0.000 0.000 3.432 6.332 18.952 25.985 42.036 67.847 88.483 109.560 112.370 122.319 117.483 110.003 104.429 102.624 99.391 93.305 83.970 83.500 86.711 94.167 92.978 84.736 72.823 56.935 33.098 22.224 15.337 11.937 10.046 6.852 1.571 -999.250 -999.250 -999.250 -999.250 -999.250 -999.250 -999.250 -999.250 -999.250 -999.250 -999.250 -999.250 -999.250 -999.250 -999.250 -999.250 -999.250 -999.250 -999.250 -999.250 -999.250
255.071 243.243 220.779 189.659 164.466 108.885 80.945 58.597 32.687 22.200 14.758 7.136 0.000 0.000 0.000 0.000 0.000 8.644 13.889 25.691 45.452 69.608 94.580 124.797 146.365 160.942 140.451 116.082 113.831 114.189 103.242 94.405 90.870 87.497 85.667 92.776 87.296 79.380 69.597 48.399 31.732 26.637 19.488 12.621 15.645 13.168 8.928 -999.250 -999.250 -999.250 -999.250 -999.250 -999.250 -999.250 -999.250 -999.250 -999.250 -999.250 -999.250 -999.250 -999.250 -999.250 -999.250 -999.250 -999.250 -999.250 -999.250 -999.250
223.773 205.152 206.055 161.329 142.976 115.867 85.351 48.064 34.741 24.732 16.209 9.415 3.341 0.000 0.000 0.000 0.000 3.505 15.992 27.890 48.531 74.714 91.612 139.773 169.014 147.512 137.210 137.089 136.249 117.231 97.712 94.523 86.720 97.832 80.911 90.859 93.996 81.213 59.776 43.139 33.921 30.123 21.998 20.775 19.289 14.673 16.030 -999.250 -999.250 -999.250 -999.250 -999.250 -999.250 -999.250 -999.250 -999.250 -999.250 -999.250 -999.250 -999.250 -999.250 -999.250 -999.250 -999.250 -999.250 -999.250 -999.250 -999.250
167.075 166.869 161.697 130.956 115.263 96.940 81.063 57.436 39.676 28.357 19.712 11.381 2.042 0.000 0.000 0.000 0.000 0.000 14.057 27.659 45.494 63.605 100.093 130.297 137.770 139.101 142.717 133.832 111.786 113.849 96.192 83.687 93.216 79.782 86.974 90.410 89.603 76.740 69.022 41.108 35.829 30.344 26.970 25.968 21.908 21.615 21.675 -999.250 -999.250 -999.250 -999.250 -999.250 -999.250 -999.250 -999.250 -999.250 -999.250 -999.250 -999.250 -999.250 -999.250 -999.250 -999.250 -999.250 -999.250 -999.250 -999.250 -999.250
133.090 143.987 113.206 113.214 101.650 84.198 75.885 57.424 41.703 25.907 19.909 11.554 5.290 0.349 0.000 0.000 0.000 4.032 17.470 27.506 37.509 63.439 84.421 114.904 117.346 116.214 121.933 117.878 117.316 101.073 93.356 83.706 73.987 84.541 87.984 87.249 82.917 81.299 63.879 46.066 41.920 30.801 28.563 26.743 28.956 27.171 27.499 -999.250 -999.250 -999.250 -999.250 -999.250 -999.250 -999.250 -999.250 -999.250 -999.250 -999.250 -999.250 -999.250 -999.250 -999.250 -999.250 -999.250 -999.250 -999.250 -999.250 -999.250
114.830 111.432 112.352 98.932 89.240 82.503 70.058 52.513 38.086 27.214 19.014 9.746 4.809 0.228 0.000 0.000 2.901 10.428 17.760 24.251 37.538 59.109 82.413 103.588 115.440 107.974 111.093 109.154 100.600 94.753 78.236 80.577 85.663 87.063 85.115 85.409 81.165 73.855 64.906 54.308 42.626 40.707 34.016 29.424 34.029 34.676 40.982 -999.250 -999.250 -999.250 -999.250 -999.250 -999.250 -999.250 -999.250 -999.250 -999.250 -999.250 -999.250 -999.250 -999.250 -999.250 -999.250 -999.250 -999.250 -999.250 -999.250 -999.250
95.733 101.398 94.526 86.525 83.396 75.040 70.180 61.500 37.790 24.440 13.660 6.121 1.085 0.134 3.715 0.559 3.769 12.176 19.366 27.590 42.745 60.677 77.369 75.943 99.686 104.790 103.265 101.362 99.035 91.466 64.173 74.327 68.071 68.923 80.338 71.237 72.326 75.475 71.256 59.567 46.631 48.391 44.798 41.990 44.132 44.335 46.714 -999.250 -999.250 -999.250 -999.250 -999.250 -999.250 -999.250 -999.250 -999.250 -999.250 -999.250 -999.250 -999.250 -999.250 -999.250 -999.250 -999.250 -999.250 -999.250 -999.250 -999.250
79.262 84.088 81.317 80.490 88.815 86.501 78.079 67.031 40.994 25.437 7.802 0.000 3.369 4.192 6.674 3.883 10.799 18.552 20.860 27.977 42.037 56.101 73.776 94.112 86.173 97.601 89.652 85.971 91.281 79.207 72.176 63.211 67.893 63.521 77.819 80.015 74.517 71.775 62.952 60.233 62.971 61.106 52.043 50.727 49.468 59.864 66.731 58.937 -999.250 -999.250 -999.250 -999.250 -999.250 -999.250 -999.250 -999.250 -999.250 -999.250 -999.250 -999.250 -999.250 -999.250 -999.250 -999.250 -999.250 -999.250 -999.250 -999.250
80.746 76.091 78.989 75.148 88.891 94.799 92.835 79.943 69.502 32.225 0.000 7.183 13.502 15.503 12.941 12.651 17.162 19.088 26.805 34.406 48.232 65.458 76.654 86.538 81.755 80.926 92.470 81.274 86.494 78.168 66.048 62.632 63.184 73.901 83.666 82.212 85.774 84.310 66.444 60.211 64.718 68.951 60.162 60.128 64.178 67.122 73.021 68.114 -999.250 -999.250 -999.250 -999.250 -999.250 -999.250 -999.250 -999.250 -999.250 -999.250 -999.250 -999.250 -999.250 -999.250 -999.250 -999.250 -999.250 -999.250 -999.250 -999.250
70.261 69.924 81.867 85.145 97.193 96.747 97.639 93.861 95.209 66.126 39.569 30.625 29.450 24.547 23.110 18.414 21.145 20.861 31.890 44.356 52.201 67.541 79.481 90.889 79.356 85.587 81.484 80.074 81.491 77.427 66.851 58.130 65.186 72.006 67.749 70.987 83.548 81.019 72.091 77.633 69.949 68.545 65.295 60.822 67.807 74.647 74.734 80.603 -999.250 -999.250 -999.250 -999.250 -999.250 -999.250 -999.250 -999.250 -999.250 -999.250 -999.250 -999.250 -999.250 -999.250 -999.250 -999.250 -999.250 -999.250 -999.250 -999.250
66.944 68.309 80.087 90.872 101.958 120.575 127.762 148.192 136.789 105.985 82.085 67.084 48.089 41.091 35.819 25.782 26.373 24.655 36.508 47.077 59.249 72.496 85.521 84.072 82.449 89.847 78.902 75.559 79.423 80.076 66.367 59.687 68.502 73.807 60.617 66.671 71.455 75.278 68.287 74.761 65.564 68.846 75.195 70.055 72.412 88.435 93.019 84.614 -999.250 -999.250 -999.250 -999.250 -999.250 -999.250 -999.250 -999.250 -999.250 -999.250 -999.250 -999.250 -999.250 -999.250 -999.250 -999.250 -999.250 -999.250 -999.250 -999.250
60.688 74.716 91.144 103.507 125.042 147.186 151.033 178.733 194.101 153.245 115.676 107.594 93.172 62.215 54.789 37.847 22.085 29.690 36.032 62.936 71.708 88.042 101.039 92.944 91.619 90.949 75.125 69.060 75.010 61.284 65.189 57.273 66.134 71.495 65.469 65.910 68.112 78.163 75.671 59.955 59.733 60.542 73.106 83.369 77.312 81.034 102.916 -999.250 -999.250 -999.250 -999.250 -999.250 -999.250 -999.250 -999.250 -999.250 -999.250 -999.250 -999.250 -999.250 -999.250 -999.250 -999.250 -999.250 -999.250 -999.250 -999.250 -999.250
65.709 77.286 89.467 112.826 142.763 138.249 176.154 207.008 248.514 189.216 143.937 131.576 117.918 85.988 71.918 55.492 45.475 47.445 53.399 67.611 72.415 88.583 99.369 96.200 83.468 81.477 77.070 76.182 66.742 62.942 64.818 63.936 62.376 63.054 53.982 64.883 73.937 81.429 76.082 74.980 59.570 58.872 80.415 74.904 74.290 87.992 108.928 -999.250 -999.250 -999.250 -999.250 -999.250 -999.250 -999.250 -999.250 -999.250 -999.250 -999.250 -999.250 -999.250 -999.250 -999.250 -999.250 -999.250 -999.250 -999.250 -999.250 -999.250
71.517 71.183 87.561 114.449 129.457 168.410 184.761 218.946 222.355 190.659 169.722 129.569 119.347 92.573 85.619 76.833 73.226 72.167 69.753 74.626 91.764 89.856 97.124 101.045 97.015 93.972 88.007 70.915 66.003 67.141 52.221 50.793 53.038 59.584 44.095 69.895 74.536 69.961 68.715 68.582 62.030 61.940 68.204 84.782 81.373 88.644 -999.250 -999.250 -999.250 -999.250 -999.250 -999.250 -999.250 -999.250 -999.250 -999.250 -999.250 -999.250 -999.250 -999.250 -999.250 -999.250 -999.250 -999.250 -999.250 -999.250 -999.250 -999.250
64.101 73.619 84.681 102.650 123.623 152.927 187.598 186.175 196.275 207.006 193.902 153.476 126.185 116.718 99.964 81.389 91.841 85.191 84.134 83.137 91.714 93.021 91.911 100.252 92.348 88.936 76.334 64.768 54.696 48.862 52.452 42.043 52.420 47.332 59.830 55.286 68.590 59.380 66.578 64.359 63.715 60.933 73.326 76.960 83.598 90.929 -999.250 -999.250 -999.250 -999.250 -999.250 -999.250 -999.250 -999.250 -999.250 -999.250 -999.250 -999.250 -999.250 -999.250 -999.250 -999.250 -999.250 -999.250 -999.250 -999.250 -999.250 -999.250
67.643 72.227 83.494 95.429 118.024 142.946 156.365 157.514 176.760 168.728 166.978 132.775 117.956 116.465 115.926 101.955 103.671 91.994 96.075 93.465 93.730 92.172 86.702 92.607 94.798 90.961 68.163 59.034 44.747 33.360 38.585 42.743 46.790 46.486 45.039 53.450 49.611 45.744 54.680 57.952 64.035 71.394 65.022 76.988 73.063 81.840 76.820 82.235 -999.250 -999.250 -999.250 -999.250 -999.250 -999.250 -999.250 -999.250 -999.250 -999.250 -999.250 -999.250 -999.250 -999.250 -999.250 -999.250 -999.250 -999.250 -999.250 -999.250
73.178 74.334 85.174 92.493 110.660 128.181 133.380 142.526 144.547 145.408 144.266 117.504 120.521 118.003 115.508 106.475 106.106 100.585 103.214 91.483 93.841 92.557 84.135 86.392 78.431 73.956 57.249 49.473 36.739 32.355 31.732 35.273 36.552 41.519 40.417 46.944 46.861 41.431 46.771 55.348 49.444 59.299 60.571 64.543 70.125 65.529 83.470 70.041 -999.250 -999.250 -999.250 -999.250 -999.250 -999.250 -999.250 -999.250 -999.250 -999.250 -999.250 -999.250 -999.250 -999.250 -999.250 -999.250 -999.250 -999.250 -999.250 -999.250
