data/medianmodel_04-Sep-2020.asc
ncols	141
nrows	288
xllcorner	-120191.398
yllcorner	-301404.813
cellsize	2000.000
NODATA_value	-999.250
[rows 248 to 278 of 288, columns 0 to 68 of 141]
-999.250 -999.250 -999.250 -999.250 -999.250 -999.250 -999.250 -999.250 -999.250 -999.250 -999.250 -999.250 -999.250 -999.250 -999.250 -999.250 -999.250 -999.250 -999.250 -999.250 -999.250 -999.250 -999.250 -999.250 -999.250 -999.250 -999.250 -999.250 -999.250 -999.250 18.226 22.458 22.093 21.697 21.934 21.918 22.006 22.293 20.271 16.281 15.767 12.119 9.327 8.587 6.461 2.993 2.355 0.928 0.000 0.000 0.000 0.000 0.000 0.000 0.000 0.000 0.193 3.638 5.984 9.594 10.598 10.809 11.361 12.284 9.457 9.397 9.259 8.503 10.742
-999.250 -999.250 -999.250 -999.250 -999.250 -999.250 -999.250 -999.250 -999.250 -999.250 -999.250 -999.250 -999.250 -999.250 -999.250 -999.250 -999.250 -999.250 -999.250 -999.250 -999.250 -999.250 -999.250 -999.250 -999.250 -999.250 -999.250 -999.250 -999.250 -999.250 16.535 17.832 20.943 21.384 19.553 20.730 21.739 22.623 21.524 18.624 16.739 13.525 8.331 8.576 5.422 2.063 3.079 0.885 0.000 0.000 0.000 0.000 0.000 0.000 0.000 0.000 0.000 1.703 4.347 6.333 7.371 7.604 8.666 8.642 7.838 10.436 7.818 8.693 9.529
-999.250 -999.250 -999.250 -999.250 -999.250 -999.250 -999.250 -999.250 -999.250 -999.250 -999.250 -999.250 -999.250 -999.250 -999.250 -999.250 -999.250 -999.250 -999.250 -999.250 -999.250 -999.250 -999.250 -999.250 -999.250 -999.250 -999.250 -999.250 -999.250 -999.250 15.846 18.795 16.155 19.214 17.702 16.180 19.459 21.200 22.152 20.451 18.142 13.683 10.345 8.274 6.296 4.353 1.321 0.104 0.000 0.000 0.000 0.000 0.000 0.000 0.000 0.000 0.000 0.000 1.029 3.695 4.200 6.602 6.493 6.496 6.156 8.328 7.917 6.431 7.530
-999.250 -999.250 -999.250 -999.250 -999.250 -999.250 -999.250 -999.250 -999.250 -999.250 -999.250 -999.250 -999.250 -999.250 -999.250 -999.250 -999.250 -999.250 -999.250 -999.250 -999.250 -999.250 -999.250 -999.250 -999.250 -999.250 -999.250 -999.250 -999.250 -999.250 12.874 13.753 14.487 16.865 17.737 17.011 18.290 19.339 21.166 24.275 17.754 14.068 9.823 8.926 6.576 3.755 2.771 1.116 0.000 0.000 0.000 0.000 0.000 0.000 0.000 0.000 0.000 0.000 0.000 0.479 0.192 2.015 3.032 4.713 5.130 5.342 6.250 7.119 7.894
-999.250 -999.250 -999.250 -999.250 -999.250 -999.250 -999.250 -999.250 -999.250 -999.250 -999.250 -999.250 -999.250 -999.250 -999.250 -999.250 -999.250 -999.250 -999.250 -999.250 -999.250 -999.250 -999.250 -999.250 -999.250 -999.250 -999.250 -999.250 -999.250 10.319 15.478 13.756 11.596 11.635 12.167 14.503 15.893 16.220 17.056 16.627 14.582 11.391 11.436 9.544 5.347 3.752 3.617 0.941 0.218 0.000 0.000 0.000 0.000 0.000 0.000 0.000 0.000 0.000 0.000 0.000 0.000 0.606 0.000 2.292 2.681 4.888 7.294 5.212 7.001
-999.250 -999.250 -999.250 -999.250 -999.250 -999.250 -999.250 -999.250 -999.250 -999.250 -999.250 -999.250 -999.250 -999.250 -999.250 -999.250 -999.250 -999.250 -999.250 -999.250 -999.250 -999.250 -999.250 -999.250 -999.250 -999.250 -999.250 -999.250 -999.250 -999.250 11.744 10.996 9.985 10.220 11.040 11.534 12.735 13.163 13.840 12.089 11.202 10.568 13.783 8.304 5.239 4.784 3.252 1.907 0.000 0.000 0.000 0.000 0.000 0.000 0.000 0.000 0.000 0.000 0.000 0.000 0.000 0.000 0.000 0.000 0.000 1.473 6.636 4.609 6.668
-999.250 -999.250 -999.250 -999.250 -999.250 -999.250 -999.250 -999.250 -999.250 -999.250 -999.250 -999.250 -999.250 -999.250 -999.250 -999.250 -999.250 -999.250 -999.250 -999.250 -999.250 -999.250 -999.250 -999.250 -999.250 -999.250 -999.250 -999.250 -999.250 -999.250 10.216 10.577 8.266 9.001 8.746 8.078 8.736 11.175 11.874 11.820 9.862 10.357 7.586 7.691 5.204 5.500 4.268 2.354 0.653 0.000 0.000 0.000 0.000 0.000 0.000 0.000 0.000 0.000 0.000 0.000 0.000 0.000 0.000 0.000 0.000 0.676 3.140 3.884 5.600
-999.250 -999.250 -999.250 -999.250 -999.250 -999.250 -999.250 -999.250 -999.250 -999.250 -999.250 -999.250 -999.250 -999.250 -999.250 -999.250 -999.250 -999.250 -999.250 -999.250 -999.250 -999.250 -999.250 -999.250 -999.250 -999.250 -999.250 -999.250 -999.250 -999.250 -999.250 8.059 8.174 8.801 8.189 6.863 6.620 7.448 9.203 8.810 10.111 8.257 6.268 5.049 4.135 4.641 2.342 2.299 0.000 0.000 0.000 0.000 0.000 0.000 0.000 0.000 0.000 0.000 0.000 0.000 0.000 0.000 0.000 0.000 0.000 0.000 0.983 1.753 5.683
-999.250 -999.250 -999.250 -999.250 -999.250 -999.250 -999.250 -999.250 -999.250 -999.250 -999.250 -999.250 -999.250 -999.250 -999.250 -999.250 -999.250 -999.250 -999.250 -999.250 -999.250 -999.250 -999.250 -999.250 -999.250 -999.250 -999.250 -999.250 -999.250 -999.250 -999.250 7.109 5.642 7.033 7.588 7.530 8.287 8.043 7.790 7.749 6.349 6.143 4.617 3.471 2.389 2.846 2.297 0.119 0.000 0.000 0.000 0.000 0.000 0.000 0.000 0.000 0.000 0.000 0.000 0.000 0.000 0.000 0.000 0.000 0.000 0.000 0.000 1.139 3.790
-999.250 -999.250 -999.250 -999.250 -999.250 -999.250 -999.250 -999.250 -999.250 -999.250 -999.250 -999.250 -999.250 -999.250 -999.250 -999.250 -999.250 -999.250 -999.250 -999.250 -999.250 -999.250 -999.250 -999.250 -999.250 -999.250 -999.250 -999.250 -999.250 -999.250 4.213 5.879 4.972 4.104 6.005 4.773 5.480 5.370 4.970 5.258 6.112 4.398 2.530 3.213 0.885 0.471 0.000 0.000 0.000 0.000 0.000 0.000 0.000 0.000 0.000 0.000 0.000 0.000 0.000 0.000 0.000 0.000 0.000 0.000 0.000 0.000 0.000 0.632 4.177
-999.250 -999.250 -999.250 -999.250 -999.250 -999.250 -999.250 -999.250 -999.250 -999.250 -999.250 -999.250 -999.250 -999.250 -999.250 -999.250 -999.250 -999.250 -999.250 -999.250 -999.250 -999.250 -999.250 -999.250 -999.250 -999.250 -999.250 -999.250 -999.250 -999.250 4.562 3.545 2.796 2.558 2.158 2.996 2.510 3.120 4.188 4.766 3.087 1.648 3.043 2.742 0.000 0.832 0.627 0.000 0.000 0.000 0.000 0.000 0.000 0.000 0.000 0.000 0.000 0.000 0.000 0.000 0.000 0.000 0.000 0.000 0.000 0.000 0.000 1.568 5.815
-999.250 -999.250 -999.250 -999.250 -999.250 -999.250 -999.250 -999.250 -999.250 -999.250 -999.250 -999.250 -999.250 -999.250 -999.250 -999.250 -999.250 -999.250 -999.250 -999.250 -999.250 -999.250 -999.250 -999.250 -999.250 -999.250 -999.250 -999.250 -999.250 -999.250 3.153 1.706 0.849 0.561 0.737 0.021 0.188 3.268 3.609 4.344 1.961 2.500 2.665 1.932 0.866 0.188 0.000 0.000 0.000 0.000 0.000 0.000 0.000 0.000 0.000 0.000 0.000 0.000 0.000 0.000 0.000 0.000 0.000 0.000 0.232 0.277 4.029 3.063 7.242
-999.250 -999.250 -999.250 -999.250 -999.250 -999.250 -999.250 -999.250 -999.250 -999.250 -999.250 -999.250 -999.250 -999.250 -999.250 -999.250 -999.250 -999.250 -999.250 -999.250 -999.250 -999.250 -999.250 -999.250 -999.250 -999.250 -999.250 -999.250 -999.250 -999.250 0.000 0.000 0.600 0.009 0.430 0.000 0.000 2.467 2.852 2.998 1.900 1.117 1.851 1.669 2.855 0.515 1.238 1.611 1.034 0.000 0.000 0.000 0.000 0.000 0.000 0.000 0.000 0.000 0.000 0.427 1.150 0.160 1.732 1.268 4.464 5.599 5.797 6.821 8.778
-999.250 -999.250 -999.250 -999.250 -999.250 -999.250 -999.250 -999.250 -999.250 -999.250 -999.250 -999.250 -999.250 -999.250 -999.250 -999.250 -999.250 -999.250 -999.250 -999.250 -999.250 -999.250 -999.250 -999.250 -999.250 -999.250 -999.250 -999.250 -999.250 -999.250 0.000 0.000 0.000 0.000 0.000 0.000 0.000 0.000 0.936 2.006 0.402 0.266 1.589 1.342 2.067 2.804 1.437 0.200 0.583 0.209 0.000 0.000 1.012 0.258 1.636 3.033 3.487 3.527 2.518 3.423 4.426 4.134 5.006 5.654 5.465 5.915 7.123 10.322 11.299
-999.250 -999.250 -999.250 -999.250 -999.250 -999.250 -999.250 -999.250 -999.250 -999.250 -999.250 -999.250 -999.250 -999.250 -999.250 -999.250 -999.250 -999.250 -999.250 -999.250 -999.250 -999.250 -999.250 -999.250 -999.250 -999.250 -999.250 -999.250 -999.250 -999.250 0.000 0.000 0.000 0.000 0.000 0.000 0.000 0.000 0.000 0.000 0.000 0.000 0.746 0.092 0.576 0.263 0.955 0.867 0.000 0.587 0.000 2.667 2.303 1.586 3.630 3.242 5.895 6.393 6.791 7.478 10.462 7.076 8.418 7.417 10.831 10.443 11.703 11.179 12.512
-999.250 -999.250 -999.250 -999.250 -999.250 -999.250 -999.250 -999.250 -999.250 -999.250 -999.250 -999.250 -999.250 -999.250 -999.250 -999.250 -999.250 -999.250 -999.250 -999.250 -999.250 -999.250 -999.250 -999.250 -999.250 -999.250 -999.250 -999.250 -999.250 0.000 0.000 0.000 0.000 0.000 0.000 0.000 0.000 0.000 0.000 0.000 0.000 0.000 0.000 1.619 0.830 1.170 1.093 1.970 1.643 2.179 2.833 3.530 4.844 4.647 4.887 5.648 6.701 7.313 8.877 9.263 11.538 9.072 10.816 10.424 12.997 15.081 17.443 13.866 13.690
-999.250 -999.250 -999.250 -999.250 -999.250 -999.250 -999.250 -999.250 -999.250 -999.250 -999.250 -999.250 -999.250 -999.250 -999.250 -999.250 -999.250 -999.250 -999.250 -999.250 -999.250 -999.250 -999.250 -999.250 -999.250 -999.250 -999.250 -999.250 -999.250 0.000 0.000 0.000 0.000 0.000 0.000 0.000 0.000 0.000 0.000 0.000 0.000 0.000 0.000 0.000 1.445 2.743 3.731 4.773 3.683 4.050 4.280 4.342 5.077 7.980 6.665 8.654 9.466 9.921 12.071 14.461 15.581 14.617 16.341 14.509 15.643 16.746 18.068 17.300 16.428
-999.250 -999.250 -999.250 -999.250 -999.250 -999.250 -999.250 -999.250 -999.250 -999.250 -999.250 -999.250 -999.250 -999.250 -999.250 -999.250 -999.250 -999.250 -999.250 -999.250 -999.250 -999.250 -999.250 -999.250 -999.250 -999.250 -999.250 -999.250 0.000 0.000 0.000 0.000 0.000 0.000 0.000 0.000 0.000 0.000 0.000 0.000 0.000 0.000 0.000 0.000 0.000 1.771 4.762 4.068 5.691 6.581 6.181 5.885 5.885 9.491 9.783 13.093 15.726 16.879 17.984 19.566 20.229 21.004 19.753 18.762 20.267 21.249 19.611 19.840 19.869
-999.250 -999.250 -999.250 -999.250 -999.250 -999.250 -999.250 -999.250 -999.250 -999.250 -999.250 -999.250 -999.250 -999.250 -999.250 -999.250 -999.250 -999.250 -999.250 -999.250 -999.250 -999.250 -999.250 -999.250 -999.250 -999.250 -999.250 -999.250 0.000 0.000 0.000 0.000 0.000 0.000 0.000 0.000 0.000 0.000 0.000 0.000 0.000 0.000 0.000 0.000 0.000 1.599 4.728 7.115 7.414 7.690 6.506 7.639 8.827 11.202 13.715 17.600 15.903 19.978 21.650 20.985 20.148 28.284 22.406 24.848 25.960 24.713 22.231 25.303 24.629
-999.250 -999.250 -999.250 -999.250 -999.250 -999.250 -999.250 -999.250 -999.250 -999.250 -999.250 -999.250 -999.250 -999.250 -999.250 -999.250 -999.250 -999.250 -999.250 -999.250 -999.250 -999.250 -999.250 -999.250 -999.250 -999.250 -999.250 0.342 0.000 0.000 0.000 0.000 0.000 0.000 0.000 0.000 0.000 0.000 0.000 0.000 0.000 0.000 0.000 0.789 1.930 3.370 5.333 5.435 9.166 8.253 9.079 12.693 14.360 16.556 18.358 19.133 22.577 23.890 22.754 24.882 25.830 32.635 30.374 32.190 30.321 28.115 29.370 28.384 26.876
-999.250 -999.250 -999.250 -999.250 -999.250 -999.250 -999.250 -999.250 -999.250 -999.250 -999.250 -999.250 -999.250 -999.250 -999.250 -999.250 -999.250 -999.250 -999.250 -999.250 -999.250 -999.250 -999.250 -999.250 -999.250 -999.250 -999.250 0.000 0.000 0.000 0.000 0.000 0.000 0.000 0.000 0.000 0.000 0.000 0.000 0.000 0.000 0.000 1.305 1.195 2.025 4.116 7.044 7.975 9.652 12.029 13.103 17.680 21.172 22.696 24.076 24.567 25.716 30.519 30.494 33.018 36.255 37.945 36.502 35.605 32.864 33.931 33.218 34.255 30.968
-999.250 -999.250 -999.250 -999.250 -999.250 -999.250 -999.250 -999.250 -999.250 -999.250 -999.250 -999.250 -999.250 -999.250 -999.250 -999.250 -999.250 -999.250 -999.250 -999.250 -999.250 -999.250 -999.250 -999.250 -999.250 -999.250 -999.250 2.577 1.476 0.004 0.000 0.000 0.000 0.000 0.000 0.000 0.000 0.000 0.000 0.000 0.000 0.000 1.113 3.619 4.704 6.279 7.533 9.999 11.885 13.589 14.792 19.074 22.739 26.224 25.941 27.128 33.061 35.893 34.793 34.769 38.303 39.735 43.163 39.902 42.160 38.495 40.375 38.273 36.859
-999.250 -999.250 -999.250 -999.250 -999.250 -999.250 -999.250 -999.250 -999.250 -999.250 -999.250 -999.250 -999.250 -999.250 -999.250 -999.250 -999.250 -999.250 -999.250 -999.250 -999.250 -999.250 -999.250 -999.250 -999.250 -999.250 -999.250 5.779 5.077 3.393 1.360 0.000 0.000 0.000 0.000 0.000 0.000 0.000 0.000 0.000 0.000 0.000 1.810 4.168 4.605 7.116 9.445 12.851 15.270 18.315 19.026 23.201 25.824 28.132 30.645 33.592 39.728 41.638 41.304 40.168 42.463 46.662 45.889 46.783 42.919 44.933 42.926 41.978 36.201
-999.250 -999.250 -999.250 -999.250 -999.250 -999.250 -999.250 -999.250 -999.250 -999.250 -999.250 -999.250 -999.250 -999.250 -999.250 -999.250 -999.250 -999.250 -999.250 -999.250 -999.250 -999.250 -999.250 -999.250 -999.250 -999.250 -999.250 7.582 7.402 4.284 2.361 0.171 0.000 0.517 0.000 0.000 0.061 0.794 1.248 2.677 1.269 1.032 3.311 5.420 7.800 8.509 11.611 12.874 16.552 17.554 22.837 23.356 25.460 33.391 36.809 36.827 41.830 43.430 46.016 46.404 47.823 49.256 49.037 48.167 50.011 48.042 44.575 40.224 35.831
-999.250 -999.250 -999.250 -999.250 -999.250 -999.250 -999.250 -999.250 -999.250 -999.250 -999.250 -999.250 -999.250 -999.250 -999.250 -999.250 -999.250 -999.250 -999.250 -999.250 -999.250 -999.250 -999.250 -999.250 -999.250 -999.250 -999.250 10.503 7.393 7.907 5.398 3.918 1.713 1.452 0.585 0.894 3.152 3.629 3.910 4.944 4.844 5.069 6.406 6.888 9.567 10.734 12.744 14.219 18.185 20.248 24.101 27.214 32.189 35.707 37.305 39.085 41.254 44.772 48.146 53.074 55.691 54.878 50.810 52.828 50.945 50.045 46.500 42.235 39.968
-999.250 -999.250 -999.250 -999.250 -999.250 -999.250 -999.250 -999.250 -999.250 -999.250 -999.250 -999.250 -999.250 -999.250 -999.250 -999.250 -999.250 -999.250 -999.250 -999.250 -999.250 -999.250 -999.250 -999.250 -999.250 -999.250 16.723 14.987 12.328 10.221 7.720 5.283 5.320 4.520 3.655 3.958 2.612 5.179 6.689 6.331 6.812 8.655 8.318 9.038 8.910 11.749 13.171 17.354 18.311 19.886 25.081 29.158 32.941 37.365 37.362 39.117 47.533 48.618 51.604 57.556 58.917 59.267 57.259 55.829 51.745 54.550 53.028 46.022 41.815
-999.250 -999.250 -999.250 -999.250 -999.250 -999.250 -999.250 -999.250 -999.250 -999.250 -999.250 -999.250 -999.250 -999.250 -999.250 -999.250 -999.250 -999.250 -999.250 -999.250 -999.250 -999.250 -999.250 -999.250 -999.250 -999.250 21.735 21.112 16.980 14.746 8.726 8.117 8.901 7.153 7.223 6.034 6.159 7.436 9.085 8.854 10.627 11.964 13.221 10.303 13.681 15.102 18.538 17.605 19.557 22.280 24.398 27.115 28.021 37.215 37.455 42.558 47.981 49.059 56.144 56.840 60.543 63.145 64.886 59.691 53.353 52.750 50.090 46.770 42.311
-999.250 -999.250 -999.250 -999.250 -999.250 -999.250 -999.250 -999.250 -999.250 -999.250 -999.250 -999.250 -999.250 -999.250 -999.250 -999.250 -999.250 -999.250 -999.250 -999.250 -999.250 -999.250 -999.250 -999.250 -999.250 31.182 29.239 22.718 20.608 16.516 14.853 11.696 11.033 10.207 8.861 7.863 9.073 8.962 10.310 10.470 12.920 18.023 16.605 16.414 16.238 16.656 17.525 16.851 19.071 23.435 27.127 27.968 33.882 36.600 42.941 44.197 48.122 50.451 58.921 61.736 64.366 75.197 72.666 68.048 56.649 51.935 47.418 45.657 40.968
-999.250 -999.250 -999.250 -999.250 -999.250 -999.250 -999.250 -999.250 -999.250 -999.250 -999.250 -999.250 -999.250 -999.250 -999.250 -999.250 -999.250 -999.250 -999.250 -999.250 -999.250 -999.250 -999.250 -999.250 -999.250 35.897 35.247 30.332 27.974 21.580 21.407 18.106 13.701 16.067 13.005 13.840 13.461 13.294 12.620 12.952 15.379 16.132 16.660 16.213 20.581 19.697 21.324 19.711 20.867 26.207 29.489 35.340 38.334 41.088 43.342 45.617 49.632 50.225 57.811 63.814 70.070 75.110 79.720 76.705 62.469 54.398 50.201 45.987 43.870
-999.250 -999.250 -999.250 -999.250 -999.250 -999.250 -999.250 -999.250 -999.250 -999.250 -999.250 -999.250 -999.250 -999.250 -999.250 -999.250 -999.250 -999.250 -999.250 -999.250 -999.250 -999.250 -999.250 -999.250 -999.250 43.953 39.840 36.865 31.413 28.054 25.386 23.153 20.613 17.859 17.549 16.998 16.332 14.614 16.272 15.999 17.391 18.468 17.130 19.669 20.225 19.715 21.549 21.650 24.991 25.931 33.125 34.263 38.284 39.929 42.102 43.808 51.061 51.180 55.332 65.468 68.117 75.082 87.340 75.762 67.196 56.033 52.536 46.389 40.613
-999.250 -999.250 -999.250 -999.250 -999.250 -999.250 -999.250 -999.250 -999.250 -999.250 -999.250 -999.250 -999.250 -999.250 -999.250 -999.250 -999.250 -999.250 -999.250 -999.250 -999.250 -999.250 -999.250 -999.250 48.667 48.335 45.645 42.102 37.348 32.390 27.325 25.546 23.188 21.977 22.188 20.686 18.760 18.249 17.881 16.738 16.929 16.846 19.748 20.619 20.266 24.708 26.360 22.809 24.220 28.821 32.939 32.380 38.479 40.531 44.679 46.267 49.278 51.579 54.719 60.625 66.801 75.675 79.257 69.453 65.084 58.238 49.967 43.794 41.251
