data/medianmodel_15-Oct-2020.asc
ncols	141
nrows	288
xllcorner	-120191.398
yllcorner	-301404.813
cellsize	2000.000
NODATA_value	-999.250
[rows 90 to 119 of 288, columns 0 to 66 of 141]
-999.250 -999.250 -999.250 -999.250 -999.250 -999.250 -999.250 -999.250 -999.250 -999.250 -999.250 -999.250 -999.250 -999.250 -999.250 -999.250 -999.250 -999.250 -999.250 -999.250 -999.250 -999.250 -999.250 -999.250 -999.250 -999.250 -999.250 -999.250 -999.250 -999.250 -999.250 -999.250 39.523 42.579 38.962 38.860 39.578 41.766 42.299 45.277 45.719 51.655 45.043 45.187 46.379 39.325 40.163 38.549 35.852 38.420 46.732 48.714 51.962 51.401 57.571 52.009 45.054 44.881 42.533 43.511 36.482 38.180 45.529 36.364 30.570 29.034 33.293
-999.250 -999.250 -999.250 -999.250 -999.250 -999.250 -999.250 -999.250 -999.250 -999.250 -999.250 -999.250 -999.250 -999.250 -999.250 -999.250 -999.250 -999.250 -999.250 -999.250 -999.250 -999.250 -999.250 -999.250 -999.250 -999.250 -999.250 -999.250 -999.250 -999.250 -999.250 -999.250 34.539 37.957 36.603 36.980 38.112 40.135 43.222 37.808 43.304 47.350 51.663 47.472 48.868 49.982 50.809 47.138 45.567 49.843 45.926 56.676 55.598 52.580 44.918 36.689 32.845 40.983 36.130 31.940 30.113 33.568 37.056 29.119 27.287 27.152 30.755
-999.250 -999.250 -999.250 -999.250 -999.250 -999.250 -999.250 -999.250 -999.250 -999.250 -999.250 -999.250 -999.250 -999.250 -999.250 -999.250 -999.250 -999.250 -999.250 -999.250 -999.250 -999.250 -999.250 -999.250 -999.250 -999.250 -999.250 -999.250 -999.250 -999.250 -999.250 41.851 37.292 40.512 41.201 39.096 41.229 40.885 48.756 49.056 49.035 50.129 48.670 59.490 56.453 57.839 66.448 55.274 55.899 49.963 49.358 55.940 57.504 46.661 38.352 38.291 32.678 28.086 35.560 31.712 32.128 28.332 25.985 22.115 20.391 19.341 21.991
-999.250 -999.250 -999.250 -999.250 -999.250 -999.250 -999.250 -999.250 -999.250 -999.250 -999.250 -999.250 -999.250 -999.250 -999.250 -999.250 -999.250 -999.250 -999.250 -999.250 -999.250 -999.250 -999.250 -999.250 -999.250 -999.250 -999.250 -999.250 -999.250 -999.250 -999.250 43.935 42.232 49.853 43.876 45.847 43.496 46.337 55.575 51.397 57.177 55.790 63.009 63.194 60.407 65.770 84.379 66.648 61.543 57.001 47.038 53.236 52.502 50.534 38.062 42.535 32.467 31.233 29.062 29.412 24.944 20.328 21.926 16.241 19.966 13.906 14.474
-999.250 -999.250 -999.250 -999.250 -999.250 -999.250 -999.250 -999.250 -999.250 -999.250 -999.250 -999.250 -999.250 -999.250 -999.250 -999.250 -999.250 -999.250 -999.250 -999.250 -999.250 -999.250 -999.250 -999.250 -999.250 -999.250 -999.250 -999.250 -999.250 -999.250 -999.250 50.287 48.759 53.594 50.045 56.818 51.729 60.893 62.694 73.495 79.256 63.644 68.962 68.455 69.864 80.313 75.048 64.518 54.273 52.772 47.264 48.723 42.870 40.397 39.258 33.646 33.975 25.964 21.173 21.712 20.235 17.463 17.938 16.010 19.190 14.414 10.970
-999.250 -999.250 -999.250 -999.250 -999.250 -999.250 -999.250 -999.250 -999.250 -999.250 -999.250 -999.250 -999.250 -999.250 -999.250 -999.250 -999.250 -999.250 -999.250 -999.250 -999.250 -999.250 -999.250 -999.250 -999.250 -999.250 -999.250 -999.250 -999.250 -999.250 -999.250 59.068 53.790 56.680 67.613 64.820 66.955 70.133 80.872 85.837 92.478 78.697 77.991 72.701 73.841 68.862 66.684 60.462 48.737 47.424 47.470 46.885 44.953 39.211 36.360 34.058 28.498 22.069 17.200 12.832 17.061 13.752 10.868 14.604 14.973 17.212 14.788
-999.250 -999.250 -999.250 -999.250 -999.250 -999.250 -999.250 -999.250 -999.250 -999.250 -999.250 -999.250 -999.250 -999.250 -999.250 -999.250 -999.250 -999.250 -999.250 -999.250 -999.250 -999.250 -999.250 -999.250 -999.250 -999.250 -999.250 -999.250 -999.250 -999.250 71.493 74.357 66.732 68.271 73.115 76.219 84.213 91.068 111.972 111.192 95.946 95.298 80.322 80.411 69.777 70.958 58.699 54.807 50.598 48.314 45.970 42.259 42.927 39.520 36.788 34.677 29.110 25.601 14.739 9.568 12.586 14.827 17.404 18.746 22.389 17.071 18.660
-999.250 -999.250 -999.250 -999.250 -999.250 -999.250 -999.250 -999.250 -999.250 -999.250 -999.250 -999.250 -999.250 -999.250 -999.250 -999.250 -999.250 -999.250 -999.250 -999.250 -999.250 -999.250 -999.250 -999.250 -999.250 -999.250 -999.250 -999.250 -999.250 -999.250 75.904 78.451 78.164 74.573 79.868 87.803 94.315 105.218 115.118 138.873 106.675 101.368 100.656 98.516 82.112 69.353 65.281 56.747 52.695 47.184 44.774 43.096 39.896 36.552 39.040 35.741 32.114 28.276 19.978 12.820 10.658 14.710 21.465 25.062 28.617 24.498 19.492
-999.250 -999.250 -999.250 -999.250 -999.250 -999.250 -999.250 -999.250 -999.250 -999.250 -999.250 -999.250 -999.250 -999.250 -999.250 -999.250 -999.250 -999.250 -999.250 -999.250 -999.250 -999.250 -999.250 -999.250 -999.250 -999.250 -999.250 -999.250 -999.250 -999.250 74.140 74.453 64.237 76.148 78.632 86.419 105.007 108.563 137.826 139.769 143.132 128.075 106.620 87.045 76.626 65.207 57.716 52.869 48.183 44.810 39.458 39.711 37.493 35.912 37.075 33.614 29.831 34.079 23.687 13.472 11.012 13.099 19.196 32.849 35.187 29.276 21.335
-999.250 -999.250 -999.250 -999.250 -999.250 -999.250 -999.250 -999.250 -999.250 -999.250 -999.250 -999.250 -999.250 -999.250 -999.250 -999.250 -999.250 -999.250 -999.250 -999.250 -999.250 -999.250 -999.250 -999.250 -999.250 -999.250 -999.250 -999.250 -999.250 -999.250 71.980 71.718 69.546 71.211 71.227 80.975 90.075 102.823 121.892 142.327 154.237 132.647 118.351 87.419 82.537 64.297 56.892 54.500 56.528 46.819 42.558 38.013 34.475 27.399 29.251 24.645 24.969 26.617 19.060 12.950 14.561 11.241 16.310 24.474 28.581 25.965 23.127
-999.250 -999.250 -999.250 -999.250 -999.250 -999.250 -999.250 -999.250 -999.250 -999.250 -999.250 -999.250 -999.250 -999.250 -999.250 -999.250 -999.250 -999.250 -999.250 -999.250 -999.250 -999.250 -999.250 -999.250 -999.250 -999.250 -999.250 -999.250 -999.250 70.056 57.466 65.699 65.718 71.089 68.933 78.583 101.105 104.394 111.023 134.836 128.316 122.319 109.711 94.822 84.839 70.835 66.962 64.513 53.985 45.304 43.750 39.240 32.923 27.242 21.689 16.017 17.210 16.631 17.084 11.195 11.897 9.026 16.381 17.032 18.819 21.258 17.151
-999.250 -999.250 -999.250 -999.250 -999.250 -999.250 -999.250 -999.250 -999.250 -999.250 -999.250 -999.250 -999.250 -999.250 -999.250 -999.250 -999.250 -999.250 -999.250 -999.250 -999.250 -999.250 -999.250 -999.250 -999.250 -999.250 -999.250 -999.250 -999.250 59.262 47.239 59.945 63.632 69.545 77.330 77.715 93.042 87.881 101.042 106.453 96.561 101.719 99.590 86.576 80.062 69.868 72.660 50.696 53.019 48.928 44.547 38.101 31.482 23.498 19.472 15.731 17.082 13.232 12.640 11.636 12.916 6.687 10.938 12.541 10.475 9.716 11.957
-999.250 -999.250 -999.250 -999.250 -999.250 -999.250 -999.250 -999.250 -999.250 -999.250 -999.250 -999.250 -999.250 -999.250 -999.250 -999.250 -999.250 -999.250 -999.250 -999.250 -999.250 -999.250 -999.250 -999.250 -999.250 -999.250 -999.250 -999.250 -999.250 56.716 52.728 56.308 58.072 61.284 62.604 64.153 74.364 84.532 86.316 88.254 91.735 79.270 93.501 84.790 88.860 65.668 63.866 58.132 48.317 47.889 42.578 36.788 33.306 21.907 16.161 14.449 12.772 13.482 13.367 17.886 18.048 19.736 8.987 8.755 7.383 8.398 7.130
-999.250 -999.250 -999.250 -999.250 -999.250 -999.250 -999.250 -999.250 -999.250 -999.250 -999.250 -999.250 -999.250 -999.250 -999.250 -999.250 -999.250 -999.250 -999.250 -999.250 -999.250 -999.250 -999.250 -999.250 -999.250 -999.250 -999.250 -999.250 -999.250 63.362 54.378 62.972 61.632 54.043 53.033 58.041 57.360 65.968 83.848 82.236 80.829 82.142 72.376 78.346 81.580 77.056 70.834 62.008 56.876 47.786 39.079 36.218 28.957 21.634 19.675 19.716 21.209 15.888 17.022 23.151 19.760 12.999 9.082 4.802 1.556 0.408 0.000
-999.250 -999.250 -999.250 -999.250 -999.250 -999.250 -999.250 -999.250 -999.250 -999.250 -999.250 -999.250 -999.250 -999.250 -999.250 -999.250 -999.250 -999.250 -999.250 -999.250 -999.250 -999.250 -999.250 -999.250 -999.250 -999.250 -999.250 -999.250 71.244 66.944 59.363 52.342 49.337 54.950 47.289 51.797 48.624 57.714 63.463 79.657 65.873 70.938 83.355 75.952 81.532 83.966 81.792 81.456 54.773 56.804 41.760 33.378 29.536 24.594 25.997 24.798 31.815 33.832 35.173 37.085 29.682 20.877 11.032 0.000 0.000 0.000 0.000
-999.250 -999.250 -999.250 -999.250 -999.250 -999.250 -999.250 -999.250 -999.250 -999.250 -999.250 -999.250 -999.250 -999.250 -999.250 -999.250 -999.250 -999.250 -999.250 -999.250 -999.250 -999.250 -999.250 -999.250 -999.250 -999.250 -999.250 -999.250 66.822 62.812 61.090 54.534 51.002 51.333 46.192 46.157 42.730 46.435 52.296 57.019 65.483 72.630 71.043 79.752 87.845 91.476 103.603 88.373 67.498 56.385 45.493 39.260 31.827 29.538 29.732 28.436 39.891 46.930 49.083 47.714 39.311 29.770 17.838 1.056 0.000 0.000 0.000
-999.250 -999.250 -999.250 -999.250 -999.250 -999.250 -999.250 -999.250 -999.250 -999.250 -999.250 -999.250 -999.250 -999.250 -999.250 -999.250 -999.250 -999.250 -999.250 -999.250 -999.250 -999.250 -999.250 -999.250 -999.250 -999.250 -999.250 67.600 73.563 69.459 65.494 60.625 48.109 45.949 46.485 46.594 41.561 45.133 51.538 54.941 54.098 70.820 69.242 86.619 87.543 95.632 99.718 87.791 76.935 63.016 46.588 42.774 34.626 34.039 34.324 43.981 48.462 56.796 65.568 72.130 58.076 42.075 27.245 0.000 0.000 0.000 0.000
-999.250 -999.250 -999.250 -999.250 -999.250 -999.250 -999.250 -999.250 -999.250 -999.250 -999.250 -999.250 -999.250 -999.250 -999.250 -999.250 -999.250 -999.250 -999.250 -999.250 -999.250 -999.250 -999.250 -999.250 -999.250 -999.250 -999.250 85.477 85.268 69.714 63.825 52.599 52.011 51.145 49.114 43.380 39.871 45.883 43.558 50.448 51.569 62.387 76.007 90.054 90.985 86.001 91.794 93.802 73.991 54.358 52.173 42.931 37.436 35.551 43.234 55.764 69.432 94.463 115.424 97.938 89.090 72.735 49.590 0.000 9.128 9.422 8.733
-999.250 -999.250 -999.250 -999.250 -999.250 -999.250 -999.250 -999.250 -999.250 -999.250 -999.250 -999.250 -999.250 -999.250 -999.250 -999.250 -999.250 -999.250 -999.250 -999.250 -999.250 -999.250 -999.250 -999.250 -999.250 -999.250 -999.250 81.370 74.134 82.935 62.467 61.806 57.591 43.233 43.236 36.074 41.549 42.379 51.811 47.473 51.341 65.305 82.399 85.190 84.241 91.301 101.094 101.777 73.810 58.829 54.070 42.456 38.074 37.290 44.699 61.874 79.857 118.895 147.360 150.807 151.545 126.489 100.083 64.571 49.945 34.173 25.604
-999.250 -999.250 -999.250 -999.250 -999.250 -999.250 -999.250 -999.250 -999.250 -999.250 -999.250 -999.250 -999.250 -999.250 -999.250 -999.250 -999.250 -999.250 -999.250 -999.250 -999.250 -999.250 -999.250 -999.250 -999.250 -999.250 -999.250 74.243 88.287 78.233 80.004 60.827 47.751 41.910 42.693 33.861 35.704 42.457 43.163 49.208 54.998 72.600 86.674 92.324 97.030 106.775 98.141 99.084 77.255 51.748 46.009 37.460 35.776 37.343 45.916 64.523 109.490 134.279 173.927 183.750 201.584 199.508 159.067 116.803 95.130 66.447 49.232
-999.250 -999.250 -999.250 -999.250 -999.250 -999.250 -999.250 -999.250 -999.250 -999.250 -999.250 -999.250 -999.250 -999.250 -999.250 -999.250 -999.250 -999.250 -999.250 -999.250 -999.250 -999.250 -999.250 -999.250 -999.250 -999.250 -999.250 -999.250 86.398 82.286 64.814 57.379 50.669 41.974 35.914 35.264 35.210 39.074 42.500 53.144 58.241 70.203 96.489 114.617 121.195 123.715 112.976 105.235 68.647 50.968 40.466 32.595 32.663 38.724 42.775 71.540 113.674 161.027 210.808 253.029 302.989 256.563 208.095 175.591 136.060 93.289 63.136
-999.250 -999.250 -999.250 -999.250 -999.250 -999.250 -999.250 -999.250 -999.250 -999.250 -999.250 -999.250 -999.250 -999.250 -999.250 -999.250 -999.250 -999.250 -999.250 -999.250 -999.250 -999.250 -999.250 -999.250 -999.250 -999.250 -999.250 -999.250 69.443 70.279 61.892 57.000 47.401 40.277 32.614 32.574 36.433 39.667 44.035 56.078 75.985 82.935 101.282 125.243 138.314 148.412 116.344 96.533 71.635 48.522 33.211 24.740 22.394 31.063 42.046 71.250 125.713 157.831 203.439 285.874 367.937 308.742 244.108 210.056 171.281 138.844 99.715
-999.250 -999.250 -999.250 -999.250 -999.250 -999.250 -999.250 -999.250 -999.250 -999.250 -999.250 -999.250 -999.250 -999.250 -999.250 -999.250 -999.250 -999.250 -999.250 -999.250 -999.250 -999.250 -999.250 -999.250 -999.250 -999.250 -999.250 -999.250 66.530 68.784 59.401 42.475 43.554 36.822 35.905 34.905 37.293 43.184 43.214 61.614 72.550 81.845 108.879 121.785 141.442 138.704 117.145 87.030 71.176 41.144 30.616 15.678 14.275 24.735 41.105 64.110 101.014 142.668 201.887 278.329 310.823 285.428 256.407 220.362 176.657 161.908 114.024
-999.250 -999.250 -999.250 -999.250 -999.250 -999.250 -999.250 -999.250 -999.250 -999.250 -999.250 -999.250 -999.250 -999.250 -999.250 -999.250 -999.250 -999.250 -999.250 -999.250 -999.250 -999.250 -999.250 -999.250 -999.250 -999.250 -999.250 -999.250 51.452 57.748 53.998 49.095 42.402 39.083 35.462 31.607 36.224 39.342 43.690 52.935 60.714 76.650 94.576 121.660 139.226 146.619 112.299 87.409 56.165 38.485 22.146 7.869 8.725 18.297 29.642 54.781 96.803 141.301 184.031 221.767 273.400 256.685 259.977 205.379 180.393 150.327 109.056
-999.250 -999.250 -999.250 -999.250 -999.250 -999.250 -999.250 -999.250 -999.250 -999.250 -999.250 -999.250 -999.250 -999.250 -999.250 -999.250 -999.250 -999.250 -999.250 -999.250 -999.250 -999.250 -999.250 -999.250 -999.250 -999.250 -999.250 -999.250 53.358 48.641 43.370 45.479 39.618 37.601 36.245 32.574 28.132 38.082 46.914 48.440 52.080 75.425 94.861 85.737 107.369 111.445 98.224 75.456 48.761 35.905 14.765 3.828 1.116 9.971 22.955 43.370 68.280 109.965 159.257 183.228 216.574 219.829 222.398 205.318 183.167 137.107 111.181
-999.250 -999.250 -999.250 -999.250 -999.250 -999.250 -999.250 -999.250 -999.250 -999.250 -999.250 -999.250 -999.250 -999.250 -999.250 -999.250 -999.250 -999.250 -999.250 -999.250 -999.250 -999.250 -999.250 -999.250 -999.250 -999.250 -999.250 45.332 51.780 47.916 45.570 41.913 40.291 34.162 30.311 28.286 29.496 32.684 37.182 46.729 54.002 62.155 75.433 81.487 83.830 78.458 75.132 60.121 38.216 25.823 10.601 0.000 0.000 0.363 11.464 25.370 46.277 84.083 111.771 159.301 169.859 200.687 187.775 178.567 156.636 137.091 127.497
-999.250 -999.250 -999.250 -999.250 -999.250 -999.250 -999.250 -999.250 -999.250 -999.250 -999.250 -999.250 -999.250 -999.250 -999.250 -999.250 -999.250 -999.250 -999.250 -999.250 -999.250 -999.250 -999.250 -999.250 -999.250 -999.250 -999.250 48.070 43.630 46.498 39.794 39.711 38.517 35.485 34.432 32.233 29.928 29.885 31.635 36.649 40.826 50.506 59.189 58.746 58.657 57.247 52.129 39.655 30.618 19.639 6.009 0.000 0.000 0.000 0.837 11.843 20.584 41.311 78.378 118.255 151.029 169.128 147.733 153.781 144.963 135.318 109.555
-999.250 -999.250 -999.250 -999.250 -999.250 -999.250 -999.250 -999.250 -999.250 -999.250 -999.250 -999.250 -999.250 -999.250 -999.250 -999.250 -999.250 -999.250 -999.250 -999.250 -999.250 -999.250 -999.250 -999.250 -999.250 -999.250 -999.250 48.730 50.139 44.255 42.087 33.873 43.859 37.810 34.617 35.747 30.811 32.847 33.248 33.318 32.077 35.610 35.802 38.816 42.660 38.935 34.385 25.135 20.903 18.529 6.352 0.000 0.000 0.000 0.000 0.000 0.000 0.000 43.533 81.413 112.433 126.916 140.831 113.359 104.070 107.693 95.581
-999.250 -999.250 -999.250 -999.250 -999.250 -999.250 -999.250 -999.250 -999.250 -999.250 -999.250 -999.250 -999.250 -999.250 -999.250 -999.250 -999.250 -999.250 -999.250 -999.250 -999.250 -999.250 -999.250 -999.250 -999.250 -999.250 44.966 51.745 45.713 44.202 40.328 35.107 33.042 27.652 30.217 30.466 28.935 27.602 37.233 31.195 25.354 29.426 28.110 24.842 32.088 21.297 15.248 11.973 10.283 7.177 0.288 0.000 0.000 0.000 0.000 0.000 0.000 0.000 29.351 54.072 83.004 101.222 108.814 93.171 93.783 93.179 64.855
-999.250 -999.250 -999.250 -999.250 -999.250 -999.250 -999.250 -999.250 -999.250 -999.250 -999.250 -999.250 -999.250 -999.250 -999.250 -999.250 -999.250 -999.250 -999.250 -999.250 -999.250 -999.250 -999.250 -999.250 -999.250 -999.250 46.195 47.841 48.083 40.733 37.275 33.381 34.547 30.840 25.042 30.683 31.872 29.799 31.164 33.043 28.322 26.087 22.835 18.985 14.967 10.915 7.408 5.714 2.645 1.289 0.000 0.000 0.000 0.000 0.000 0.000 0.000 0.000 16.595 44.165 57.699 71.539 74.232 64.415 71.861 68.068 54.244
