data/medianmodel_22-Dec-2020.asc
ncols	141
nrows	288
xllcorner	-120191.398
yllcorner	-301404.813
cellsize	2000.000
NODATA_value	-999.250
[rows 29 to 57 of 288, columns 64 to 127 of 141]
453.828 435.778 447.165 463.530 448.503 468.012 472.270 499.496 510.732 532.864 542.459 545.600 551.582 581.891 633.361 681.868 700.716 762.569 781.575 901.798 897.714 1012.474 982.507 937.187 1025.442 1098.406 1119.139 1168.580 1170.596 1202.800 1275.476 1177.306 1003.015 939.054 870.116 772.502 755.512 745.383 724.674 756.851 770.384 756.533 841.187 937.488 1027.876 1016.576 1066.114 1164.279 1239.337 1252.327 1289.985 1334.734 1442.230 1581.964 1756.760 1936.811 1965.609 2009.214 2108.013 2174.353 2273.443 2322.927 2302.572 2299.498
413.957 406.811 402.134 399.867 406.477 437.785 445.191 451.119 487.246 505.758 524.338 534.303 557.190 618.196 687.321 743.723 764.430 825.636 859.897 962.866 958.459 993.910 967.724 1018.318 1079.069 1012.881 1069.809 1087.277 1120.096 1198.168 1137.516 1082.636 950.129 882.920 749.768 743.018 684.808 693.086 726.606 764.206 762.528 806.001 849.579 965.215 1060.446 1047.664 1154.140 1177.270 1241.912 1257.332 1399.100 1380.952 1490.866 1803.491 1836.501 1901.136 1988.360 2034.102 2180.584 2213.407 2196.208 2339.232 2353.588 2386.279
378.501 374.606 378.607 380.176 387.290 407.694 438.301 441.727 470.244 482.922 519.734 552.905 573.185 621.352 683.306 730.730 786.617 838.763 889.727 922.595 971.885 961.242 949.994 957.957 960.858 945.072 935.237 1037.387 997.742 1048.584 995.450 924.462 865.010 758.674 718.601 661.529 670.336 648.206 728.442 706.058 756.963 802.339 884.966 969.813 1077.106 1144.222 1193.821 1211.589 1215.563 1256.259 1298.591 1406.213 1732.282 1822.575 1852.419 1902.074 1973.386 2036.829 2120.891 2128.177 2180.024 2233.009 2318.891 2270.323
356.518 360.075 355.119 345.474 375.772 379.410 404.252 422.737 462.314 475.277 499.322 533.465 584.307 667.872 734.251 784.851 800.172 928.025 891.368 925.196 981.258 908.810 965.905 920.656 917.096 900.907 879.779 969.064 920.945 915.629 889.229 816.114 758.002 742.033 674.675 649.936 632.974 658.958 671.456 716.175 779.387 869.645 950.142 1054.453 1169.966 1186.705 1202.737 1237.114 1239.811 1277.347 1342.372 1438.391 1536.581 1755.454 1887.592 1886.210 1948.404 1998.156 2037.845 2103.520 2189.083 2190.323 2117.157 2118.308
310.087 312.531 318.108 339.059 351.078 370.140 371.419 401.313 432.255 474.717 493.515 547.567 604.845 673.132 739.544 771.038 840.893 913.788 923.002 925.410 937.976 929.442 888.419 871.362 863.326 836.940 797.404 762.008 829.570 801.931 727.518 700.107 668.474 614.820 599.822 598.281 570.965 606.270 660.530 713.744 807.134 898.981 984.086 1082.047 1191.789 1208.223 1195.105 1212.572 1245.479 1283.683 1332.607 1382.748 1591.380 1531.390 1581.647 1863.407 1880.402 1977.418 1971.033 1986.027 2033.528 2033.960 2068.173 2024.476
294.344 294.149 309.695 316.835 327.142 362.020 373.334 389.526 418.610 465.425 490.540 547.475 586.311 669.276 750.841 795.106 886.872 962.309 912.506 913.844 910.295 882.937 848.236 815.867 749.473 705.281 690.807 700.717 706.913 666.821 642.041 607.776 573.872 550.687 533.468 529.287 550.489 588.311 624.160 701.663 806.356 880.457 971.999 1054.936 1159.485 1216.163 1246.997 1264.072 1289.068 1298.956 1350.874 1329.839 1395.120 1613.673 1559.956 1812.378 1814.669 1850.875 1953.265 2003.781 1982.756 1944.259 1976.610 1937.246
298.601 303.360 319.007 308.371 334.577 354.020 367.452 377.908 422.024 460.345 486.294 520.238 567.154 684.689 755.218 760.707 873.924 961.458 915.827 881.885 811.003 777.983 737.074 732.948 698.070 639.924 645.372 613.673 600.065 580.244 555.037 516.836 481.855 449.903 448.382 454.799 496.231 530.706 592.339 683.422 772.991 860.151 977.889 1067.471 1163.028 1173.187 1216.725 1210.285 1266.679 1303.267 1275.919 1357.485 1448.423 1539.097 1541.022 1736.255 1750.139 1735.313 1799.909 1888.908 1868.712 1831.407 1856.670 1668.433
332.972 324.456 331.217 343.782 350.157 352.427 369.878 385.065 416.436 459.152 507.990 531.123 564.021 645.368 687.690 754.593 803.454 840.058 844.379 780.922 754.240 723.525 639.565 636.645 582.463 577.753 544.570 557.931 553.464 497.653 477.095 438.274 404.571 388.985 374.147 372.345 434.127 525.725 609.192 700.232 797.166 907.866 1015.740 1118.913 1123.728 1180.128 1199.372 1252.397 1279.456 1285.931 1344.199 1344.946 1458.298 1480.256 1561.165 1657.710 1662.146 1635.380 1681.306 1716.962 1661.477 1482.999 1695.594 1562.057
366.119 366.199 369.985 357.928 355.216 356.456 381.757 389.422 434.915 459.668 500.612 532.952 569.276 613.415 714.919 712.861 738.297 752.578 738.295 724.009 681.607 653.174 583.347 558.758 524.923 501.215 484.003 473.718 470.623 463.224 413.630 379.974 365.299 351.550 354.373 386.716 461.897 518.522 602.520 708.417 876.746 929.200 1008.052 1116.099 1166.090 1149.679 1180.971 1220.072 1254.034 1336.484 1328.024 1343.106 1412.448 1582.916 1488.947 1626.086 1416.482 1482.965 1447.334 1437.553 1426.964 1412.610 1338.301 1281.054
395.163 397.785 391.177 376.278 382.770 384.984 384.437 398.886 433.639 458.693 494.330 515.383 574.121 616.507 644.781 666.649 683.301 670.602 676.882 641.861 604.817 560.968 524.755 476.378 448.128 434.969 419.027 395.081 397.845 378.551 379.600 363.262 347.279 334.345 360.603 401.403 457.180 545.046 623.269 733.162 827.154 918.617 1048.378 1095.140 1153.181 1205.273 1197.671 1231.092 1291.865 1324.055 1288.839 1293.309 1311.794 1279.822 1271.187 1305.421 1260.163 1324.974 1334.182 1264.820 1254.991 1227.866 1182.690 1204.765
471.318 454.550 444.157 402.359 402.706 403.813 408.318 415.527 442.876 468.307 483.836 519.737 546.652 591.900 627.829 678.983 634.008 606.540 611.150 585.385 535.938 516.223 458.405 391.347 365.647 362.686 356.796 333.556 348.623 331.624 318.174 312.956 310.944 324.258 365.361 399.310 470.922 565.314 654.137 720.013 842.418 914.222 1107.021 1117.196 1204.564 1211.983 1268.508 1205.617 1235.328 1263.437 1248.112 1260.005 1247.304 1240.234 1249.399 1215.721 1167.166 1221.111 1189.653 1185.932 1178.308 1141.101 1118.886 1052.376
532.299 489.150 466.794 451.834 430.596 431.455 452.379 452.992 459.918 476.214 495.999 514.324 549.817 556.666 583.469 614.840 605.494 592.546 576.048 540.586 502.823 452.435 397.331 358.086 311.184 291.814 281.446 276.407 278.944 282.467 276.134 287.868 291.374 324.215 350.467 382.632 465.972 553.998 638.425 753.131 805.613 973.035 1126.531 1150.923 1245.976 1269.115 1266.523 1265.948 1237.084 1222.464 1220.553 1207.893 1177.734 1213.539 1170.208 1095.345 1182.455 1117.659 1065.955 1084.894 1020.973 960.107 995.939 918.552
567.324 535.577 508.508 503.887 481.366 473.344 464.811 477.434 490.229 487.717 507.095 514.772 537.169 539.782 568.245 577.128 576.359 559.528 530.569 474.803 450.891 407.375 372.580 311.798 274.261 258.635 254.370 248.110 235.845 247.924 243.774 259.793 284.147 307.335 350.212 404.421 480.287 558.343 646.401 762.954 873.022 1020.029 1074.667 1176.810 1239.566 1264.105 1251.291 1234.251 1246.272 1226.957 1161.057 1167.499 1146.409 1126.651 1116.513 996.522 990.362 952.456 940.143 929.029 886.941 793.252 811.232 824.199
590.108 583.055 571.241 548.797 510.026 501.027 501.986 505.684 509.146 523.410 533.408 536.257 552.942 567.234 572.595 559.478 549.494 532.935 496.006 448.895 418.019 381.856 334.202 291.830 262.952 239.522 220.181 215.669 208.396 223.951 232.394 252.916 265.882 300.548 361.090 416.765 494.350 565.112 650.969 768.159 892.472 988.767 1083.774 1183.593 1255.620 1275.794 1251.752 1248.056 1211.223 1159.798 1091.220 1094.316 1106.552 1004.022 998.445 923.714 880.648 880.705 850.889 756.400 750.959 715.738 690.940 680.625
673.433 638.255 615.766 595.344 578.548 560.502 550.878 539.896 543.217 556.079 577.986 575.020 576.204 589.558 569.150 541.934 527.321 490.828 466.649 423.723 396.981 355.655 326.796 284.638 249.627 224.830 224.942 205.187 198.618 198.627 206.236 225.162 273.251 289.322 332.564 403.005 497.422 561.725 671.896 751.481 870.813 907.373 1104.849 1156.164 1227.410 1428.571 1243.035 1212.392 1184.201 1120.441 1027.221 1003.410 975.466 922.502 881.184 822.762 766.825 736.395 744.174 693.770 650.252 656.252 638.246 597.683
699.304 737.618 685.862 632.573 625.238 609.444 577.660 567.337 557.529 574.573 584.185 603.170 590.650 587.263 572.394 552.323 516.579 466.842 437.679 403.046 378.904 354.006 322.240 298.348 268.573 234.843 208.975 193.467 187.460 167.855 191.934 210.904 253.715 279.259 332.879 420.743 494.296 573.236 659.914 743.082 823.505 951.939 974.173 1134.793 1194.529 1228.849 1208.997 1202.191 1139.697 1014.423 1010.502 928.155 858.880 825.294 771.295 722.445 678.296 640.303 613.630 616.880 600.778 572.663 580.429 544.123
816.347 757.546 738.904 694.648 654.494 625.091 595.751 595.841 580.837 598.841 618.776 643.955 650.381 617.256 569.728 556.448 495.897 453.741 408.890 387.323 359.675 346.704 312.589 295.610 285.624 258.131 211.593 183.798 165.477 158.792 169.620 194.514 225.504 268.944 333.785 389.446 475.212 568.290 617.106 698.819 752.358 853.617 927.359 988.579 1120.803 1103.494 1112.667 1102.957 1046.257 928.065 871.252 866.781 809.854 743.584 659.860 619.224 583.889 566.797 546.962 548.242 534.104 525.702 502.368 484.328
895.475 833.994 766.599 728.688 699.352 642.756 619.692 599.241 591.047 606.015 642.588 689.083 720.548 649.255 570.066 525.077 478.725 458.459 398.060 386.078 355.334 342.756 320.644 321.313 314.736 272.580 225.414 183.633 157.945 122.913 147.658 161.246 196.642 247.428 295.712 361.109 453.131 545.818 604.641 650.512 705.762 746.999 814.645 892.560 944.924 972.103 945.788 959.773 913.494 872.209 803.049 772.531 713.981 654.350 608.850 565.717 527.332 495.071 483.990 477.434 484.180 470.288 435.866 429.296
981.142 907.295 851.555 768.352 724.498 672.644 680.969 657.975 659.930 655.136 635.707 664.985 671.597 612.289 577.866 528.477 481.668 435.424 384.305 367.537 350.253 345.182 333.014 349.698 367.059 288.150 222.611 184.404 137.596 119.231 115.934 124.319 159.987 206.730 259.751 340.060 434.238 545.996 560.292 603.537 630.557 696.559 753.727 762.998 831.156 873.159 875.182 874.353 806.689 750.894 717.353 719.785 639.042 580.358 549.799 506.592 482.062 451.020 431.222 413.915 394.157 386.467 362.734 365.223
965.144 916.658 873.614 782.093 730.841 706.839 645.389 632.786 653.161 628.525 621.561 660.059 651.928 599.012 583.430 563.803 502.184 453.711 394.636 349.697 356.433 332.286 334.998 337.704 331.223 269.476 215.245 182.705 124.968 107.071 96.281 104.704 116.635 166.313 227.477 276.627 377.549 437.699 479.591 524.962 546.250 576.320 617.233 675.395 713.705 741.756 747.758 728.418 713.569 712.269 617.865 623.736 570.722 552.810 513.652 452.226 415.125 390.390 382.580 366.894 361.768 344.879 329.029 307.455
966.398 892.672 836.415 809.413 750.561 696.877 669.734 658.964 660.260 616.192 600.949 630.322 638.681 651.208 641.037 581.035 531.784 493.157 414.087 354.850 364.341 354.025 332.432 311.395 301.636 263.718 217.634 160.947 118.459 85.511 65.565 70.597 96.979 124.094 188.522 233.633 287.458 349.292 386.200 448.506 473.089 502.264 549.986 568.338 607.909 600.729 611.955 608.059 602.055 590.485 537.159 544.658 496.217 490.439 465.210 417.498 383.104 364.073 339.580 -999.250 301.408 311.168 -999.250 -999.250
915.867 888.447 805.913 759.915 739.603 670.969 670.518 631.893 621.485 619.546 603.184 617.497 629.136 642.946 670.160 614.799 584.059 553.731 486.222 438.952 405.282 370.673 358.761 345.962 293.029 256.488 206.181 148.775 110.937 78.209 60.627 55.737 75.990 109.317 141.356 196.088 230.662 276.318 316.929 353.359 391.711 435.444 473.289 489.926 498.319 503.593 524.863 517.387 513.365 509.611 477.875 481.781 459.496 420.683 402.587 382.774 359.615 -999.250 -999.250 -999.250 -999.250 -999.250 -999.250 -999.250
869.737 812.969 778.204 735.566 709.812 687.993 674.012 629.154 633.475 610.613 594.479 643.404 673.045 678.983 707.448 688.467 632.009 612.569 557.808 513.735 480.034 413.803 395.492 359.481 296.569 245.457 202.155 148.854 106.359 71.276 60.225 51.088 57.652 87.393 108.292 131.681 179.015 206.722 229.441 260.973 299.240 338.018 362.873 395.544 392.362 434.613 430.875 442.252 419.645 445.601 430.796 415.526 393.775 378.607 359.352 342.788 -999.250 -999.250 -999.250 -999.250 -999.250 -999.250 -999.250 -999.250
780.526 750.778 722.263 710.527 696.013 687.167 644.746 638.723 664.043 623.526 621.306 702.875 737.803 777.511 749.555 770.217 746.345 718.862 673.633 621.933 560.410 516.524 448.079 377.367 313.941 260.066 208.423 154.704 113.109 90.120 58.156 38.169 46.506 63.380 84.603 106.864 119.156 150.270 171.532 199.072 219.375 250.294 290.413 338.233 363.620 367.716 369.422 377.670 380.713 388.004 377.264 380.651 369.503 342.010 313.973 312.099 -999.250 -999.250 -999.250 -999.250 -999.250 -999.250 -999.250 -999.250
715.912 674.902 679.728 643.297 653.181 676.671 682.307 673.332 697.611 735.535 881.253 837.831 848.946 859.086 832.928 888.539 909.427 894.197 811.231 739.838 677.880 593.830 509.000 445.103 365.530 268.829 212.687 172.566 123.964 95.696 72.249 52.250 46.305 51.400 76.081 84.089 99.567 113.027 124.694 136.783 155.945 190.502 216.624 243.526 268.328 281.394 307.441 312.153 341.190 321.277 319.717 338.555 324.113 313.091 312.808 -999.250 -999.250 -999.250 -999.250 -999.250 -999.250 -999.250 -999.250 -999.250
627.150 625.509 614.909 580.606 584.503 618.053 681.130 683.649 705.230 750.803 841.908 881.552 910.593 925.350 949.838 1027.972 1031.864 1045.746 1027.091 954.831 819.828 678.490 582.277 491.519 383.049 303.614 231.561 186.255 138.863 110.550 92.930 70.702 48.971 52.630 56.386 61.445 84.304 95.544 104.109 103.929 117.789 134.708 165.032 197.360 213.594 235.015 251.140 265.920 277.407 278.405 294.022 297.282 296.361 290.502 -999.250 -999.250 -999.250 -999.250 -999.250 -999.250 -999.250 -999.250 -999.250 -999.250
574.455 567.030 570.727 552.331 528.328 563.399 602.034 634.856 693.904 736.029 847.495 897.722 942.101 975.852 1077.341 1121.402 1146.732 1187.303 1171.606 1152.063 986.309 803.633 631.158 539.003 407.555 322.807 254.347 206.277 165.514 121.892 106.178 100.877 71.522 62.510 57.030 63.965 85.385 85.189 92.169 89.992 100.138 105.983 114.425 129.504 158.336 192.400 200.022 216.882 241.636 248.329 266.510 273.238 281.926 282.468 -999.250 -999.250 -999.250 -999.250 -999.250 -999.250 -999.250 -999.250 -999.250 -999.250
531.872 507.821 489.132 461.886 451.421 493.208 553.598 608.336 676.434 731.980 820.978 926.017 975.220 1101.590 1152.626 1196.049 1188.316 1218.956 1194.348 1243.163 1056.308 845.784 688.902 568.666 441.914 357.286 307.733 248.004 195.815 175.385 119.819 104.216 89.926 69.352 75.933 79.303 90.059 100.581 94.246 85.955 85.989 77.957 102.076 108.914 126.815 138.785 158.720 195.192 217.949 219.899 241.647 268.723 267.006 -999.250 -999.250 -999.250 -999.250 -999.250 -999.250 -999.250 -999.250 -999.250 -999.250 -999.250
497.630 478.721 432.985 390.849 365.000 449.124 514.570 577.760 635.539 743.121 790.633 880.735 933.677 1076.425 1191.743 1230.716 1205.109 1210.436 1189.226 1138.780 1045.011 886.111 722.831 569.425 504.547 400.038 351.285 275.273 246.442 202.774 159.347 118.666 110.060 84.772 86.880 84.606 103.791 123.020 92.739 83.621 66.972 79.600 76.285 98.189 102.843 119.046 144.826 178.702 194.832 199.848 227.825 272.893 261.395 -999.250 -999.250 -999.250 -999.250 -999.250 -999.250 -999.250 -999.250 -999.250 -999.250 -999.250
