data/medianmodel_24-Mar-2020.asc
ncols	141
nrows	288
xllcorner	-120191.398
yllcorner	-301404.813
cellsize	2000.000
NODATA_value	-999.250
[rows 124 to 154 of 288, columns 0 to 69 of 141]
-999.250 -999.250 -999.250 -999.250 -999.250 -999.250 -999.250 -999.250 -999.250 -999.250 -999.250 -999.250 -999.250 -999.250 -999.250 -999.250 -999.250 -999.250 -999.250 -999.250 -999.250 -999.250 -999.250 -999.250 9.920 13.823 13.471 14.070 15.064 14.446 14.972 15.861 16.376 15.935 15.834 15.285 14.077 14.998 14.336 13.129 12.318 7.654 7.632 5.118 4.230 2.675 2.085 3.103 5.227 9.162 15.962 21.814 27.633 28.000 28.720 24.733 16.459 12.146 7.752 4.722 5.162 2.506 1.859 0.302 0.974 0.050 0.000 0.000 0.000 0.000
-999.250 -999.250 -999.250 -999.250 -999.250 -999.250 -999.250 -999.250 -999.250 -999.250 -999.250 -999.250 -999.250 -999.250 -999.250 -999.250 -999.250 -999.250 -999.250 -999.250 -999.250 -999.250 -999.250 -999.250 11.402 14.116 12.543 13.746 15.178 13.065 13.461 13.957 12.615 14.090 14.414 14.416 11.905 16.146 12.808 10.287 8.149 7.129 5.651 3.499 2.825 0.357 1.264 2.298 3.649 8.782 15.660 19.473 26.191 31.399 35.919 27.076 18.778 13.692 11.729 7.058 6.891 2.816 1.301 0.000 0.000 0.000 0.000 0.000 0.000 0.000
-999.250 -999.250 -999.250 -999.250 -999.250 -999.250 -999.250 -999.250 -999.250 -999.250 -999.250 -999.250 -999.250 -999.250 -999.250 -999.250 -999.250 -999.250 -999.250 -999.250 -999.250 -999.250 -999.250 11.561 13.645 15.157 13.349 11.154 12.814 12.477 11.236 9.432 11.331 12.232 10.759 10.495 12.556 11.282 11.018 8.316 6.633 5.332 1.994 2.299 1.627 0.000 0.967 1.177 4.793 6.972 14.283 17.159 24.309 29.727 26.461 24.277 16.853 13.456 10.293 8.836 6.663 3.045 0.934 0.000 0.000 0.000 0.000 0.000 0.000 0.000
-999.250 -999.250 -999.250 -999.250 -999.250 -999.250 -999.250 -999.250 -999.250 -999.250 -999.250 -999.250 -999.250 -999.250 -999.250 -999.250 -999.250 -999.250 -999.250 -999.250 -999.250 -999.250 -999.250 12.185 12.403 12.404 12.650 9.451 9.608 11.218 12.058 11.655 10.564 8.773 9.963 9.230 8.587 7.445 6.018 6.678 5.782 4.342 3.433 1.498 0.041 0.596 0.000 0.000 0.912 5.806 10.572 16.369 19.526 23.990 22.548 21.560 17.285 14.270 10.484 8.595 5.399 2.130 0.000 0.000 0.000 0.000 0.000 0.000 0.000 0.000
-999.250 -999.250 -999.250 -999.250 -999.250 -999.250 -999.250 -999.250 -999.250 -999.250 -999.250 -999.250 -999.250 -999.250 -999.250 -999.250 -999.250 -999.250 -999.250 -999.250 -999.250 -999.250 -999.250 11.560 11.943 10.270 10.417 8.768 9.427 7.965 8.176 10.655 9.144 7.566 7.413 7.444 7.070 6.990 4.574 5.314 3.686 2.958 3.629 1.540 1.885 0.000 0.000 0.000 0.000 2.684 7.508 13.185 16.789 18.363 18.649 16.659 15.465 13.009 11.115 7.708 5.646 0.633 0.000 0.000 0.000 0.000 0.000 0.000 0.000 0.000
-999.250 -999.250 -999.250 -999.250 -999.250 -999.250 -999.250 -999.250 -999.250 -999.250 -999.250 -999.250 -999.250 -999.250 -999.250 -999.250 -999.250 -999.250 -999.250 -999.250 -999.250 -999.250 14.991 15.401 11.295 9.692 8.965 8.255 7.020 7.007 7.618 7.261 6.138 5.427 6.205 5.353 4.837 4.618 3.658 4.266 2.032 2.508 2.389 1.185 1.082 0.000 0.000 0.000 0.772 3.424 7.280 11.498 14.817 14.025 14.119 13.369 10.477 10.767 8.343 7.008 5.373 2.436 0.057 0.000 0.000 0.000 0.000 0.000 0.000 0.020
-999.250 -999.250 -999.250 -999.250 -999.250 -999.250 -999.250 -999.250 -999.250 -999.250 -999.250 -999.250 -999.250 -999.250 -999.250 -999.250 -999.250 -999.250 -999.250 -999.250 -999.250 -999.250 14.325 15.688 14.646 12.546 9.588 7.940 6.093 4.768 4.047 3.662 5.547 4.804 5.582 3.851 3.761 4.419 2.891 3.938 3.221 1.682 0.160 2.822 0.863 0.000 0.000 0.000 0.986 3.540 6.520 7.481 9.272 10.992 13.763 9.003 10.430 9.284 6.148 6.395 4.668 2.706 1.530 0.000 0.000 0.000 0.000 0.000 0.000 0.854
-999.250 -999.250 -999.250 -999.250 -999.250 -999.250 -999.250 -999.250 -999.250 -999.250 -999.250 -999.250 -999.250 -999.250 -999.250 -999.250 -999.250 -999.250 -999.250 -999.250 -999.250 11.561 13.469 15.026 15.581 13.010 9.617 6.800 5.999 3.761 2.395 3.427 3.771 5.709 3.847 4.348 3.297 2.574 2.715 2.230 1.696 1.810 0.786 0.000 0.000 0.000 0.474 0.000 1.401 3.296 2.766 3.818 6.723 7.563 8.109 9.579 7.930 6.749 5.028 4.614 4.611 2.923 1.599 0.000 0.000 0.000 0.000 0.979 0.226 0.000
-999.250 -999.250 -999.250 -999.250 -999.250 -999.250 -999.250 -999.250 -999.250 -999.250 -999.250 -999.250 -999.250 -999.250 -999.250 -999.250 -999.250 -999.250 -999.250 -999.250 -999.250 11.390 13.207 14.189 12.753 11.928 7.750 4.942 4.967 3.082 2.951 3.018 4.073 4.887 4.108 3.470 4.003 3.644 2.300 2.309 1.644 0.936 1.539 0.053 1.210 0.919 0.529 0.387 1.592 0.884 2.645 3.554 4.204 6.305 6.998 7.545 6.775 5.221 4.358 4.418 2.865 1.778 0.837 0.218 0.748 0.279 0.000 0.000 0.000 0.000
-999.250 -999.250 -999.250 -999.250 -999.250 -999.250 -999.250 -999.250 -999.250 -999.250 -999.250 -999.250 -999.250 -999.250 -999.250 -999.250 -999.250 -999.250 -999.250 -999.250 -999.250 11.361 11.178 12.861 10.205 8.402 6.518 3.588 4.882 3.904 2.680 2.928 3.614 4.614 3.419 4.412 5.033 3.242 2.566 2.789 2.586 3.087 2.335 2.192 1.482 0.807 0.924 0.051 1.562 1.396 2.706 2.265 1.188 2.751 4.134 3.942 5.461 3.010 3.788 4.142 2.838 4.236 2.694 1.037 1.511 0.307 0.000 1.916 0.000 0.000
-999.250 -999.250 -999.250 -999.250 -999.250 -999.250 -999.250 -999.250 -999.250 -999.250 -999.250 -999.250 -999.250 -999.250 -999.250 -999.250 -999.250 -999.250 -999.250 -999.250 10.268 9.943 8.397 10.009 8.552 7.078 6.172 4.919 4.795 3.767 2.177 2.535 3.515 4.005 4.291 4.361 6.237 6.115 4.406 3.596 2.118 4.830 3.211 2.427 1.795 2.342 2.268 1.647 1.733 1.889 1.517 1.238 0.000 1.282 2.992 2.644 4.395 3.290 3.690 4.493 2.280 2.196 1.786 1.853 1.886 3.284 1.100 1.935 1.141 0.482
-999.250 -999.250 -999.250 -999.250 -999.250 -999.250 -999.250 -999.250 -999.250 -999.250 -999.250 -999.250 -999.250 -999.250 -999.250 -999.250 -999.250 -999.250 -999.250 -999.250 6.726 9.313 7.790 7.446 6.495 6.839 5.899 4.923 4.388 3.396 4.393 3.499 4.456 3.514 3.843 4.140 5.041 5.385 4.491 5.062 3.704 4.333 5.320 3.721 2.888 4.608 4.513 3.230 3.038 3.456 2.646 2.270 0.627 2.387 3.502 3.104 4.798 3.427 3.077 3.434 2.670 1.978 1.936 1.695 1.899 2.538 2.909 2.528 2.529 2.944
-999.250 -999.250 -999.250 -999.250 -999.250 -999.250 -999.250 -999.250 -999.250 -999.250 -999.250 -999.250 -999.250 -999.250 -999.250 -999.250 -999.250 -999.250 -999.250 -999.250 6.213 6.285 6.689 7.633 7.316 6.209 3.753 2.973 3.810 4.091 4.934 3.299 3.404 4.675 3.693 4.841 5.488 5.264 7.311 6.153 7.138 5.508 5.921 6.657 5.346 6.393 4.871 5.349 5.462 5.380 3.987 4.109 3.483 3.551 2.242 3.842 3.365 1.675 1.538 0.126 0.337 1.021 1.233 0.879 2.106 2.766 3.642 3.463 2.946 3.753
-999.250 -999.250 -999.250 -999.250 -999.250 -999.250 -999.250 -999.250 -999.250 -999.250 -999.250 -999.250 -999.250 -999.250 -999.250 -999.250 -999.250 -999.250 -999.250 -999.250 4.476 4.484 6.389 5.412 5.282 5.356 4.163 3.931 4.198 4.082 6.264 5.652 3.169 5.220 3.945 4.489 6.059 5.776 6.857 6.760 6.811 8.785 8.136 9.218 7.658 8.838 5.532 6.753 7.661 6.218 6.587 5.118 5.356 4.196 3.238 2.850 2.786 2.862 0.000 0.000 0.318 0.578 1.551 0.598 2.431 2.762 2.998 3.612 4.269 2.740
-999.250 -999.250 -999.250 -999.250 -999.250 -999.250 -999.250 -999.250 -999.250 -999.250 -999.250 -999.250 -999.250 -999.250 -999.250 -999.250 -999.250 -999.250 -999.250 3.227 3.192 5.302 3.879 4.555 4.380 5.869 3.882 3.597 4.153 4.425 3.909 4.791 5.052 4.453 4.037 4.282 5.498 6.145 5.924 7.028 7.545 7.039 8.439 10.033 9.564 9.222 9.103 6.841 8.503 9.243 7.708 6.074 7.208 5.896 5.449 3.754 2.395 1.111 0.102 0.000 0.305 0.064 0.531 1.743 1.871 2.501 3.894 2.941 3.414 4.152
-999.250 -999.250 -999.250 -999.250 -999.250 -999.250 -999.250 -999.250 -999.250 -999.250 -999.250 -999.250 -999.250 -999.250 -999.250 -999.250 -999.250 -999.250 -999.250 0.171 1.264 1.759 1.682 2.253 2.419 3.577 2.800 2.780 2.316 1.959 1.118 3.376 4.640 5.473 5.588 3.959 5.133 5.320 6.801 6.072 7.900 7.187 9.349 11.374 10.071 9.664 11.317 9.019 8.963 9.688 9.088 9.109 7.438 6.174 5.571 6.055 4.033 2.308 0.571 1.433 1.430 0.320 0.162 1.299 1.823 0.434 2.065 3.212 2.763 3.709
-999.250 -999.250 -999.250 -999.250 -999.250 -999.250 -999.250 -999.250 -999.250 -999.250 -999.250 -999.250 -999.250 -999.250 -999.250 -999.250 -999.250 -999.250 -999.250 0.000 0.000 0.191 0.428 2.645 2.037 2.860 2.943 0.259 0.991 0.261 0.000 0.168 2.624 3.826 4.958 5.791 5.595 4.784 5.716 6.201 6.851 8.720 8.594 9.999 8.967 8.759 7.149 8.495 9.690 9.780 10.597 9.024 8.900 6.588 6.774 5.209 3.964 3.859 1.381 0.874 0.605 0.325 0.755 0.055 0.214 0.298 2.733 3.049 1.600 2.269
-999.250 -999.250 -999.250 -999.250 -999.250 -999.250 -999.250 -999.250 -999.250 -999.250 -999.250 -999.250 -999.250 -999.250 -999.250 -999.250 -999.250 -999.250 -999.250 0.000 0.000 0.000 0.000 1.515 1.944 2.815 2.699 0.507 0.869 0.130 1.118 3.407 5.376 5.049 4.379 4.765 5.193 6.378 7.227 6.119 7.187 6.827 6.186 8.476 8.274 7.550 7.821 9.857 10.885 9.484 10.894 10.592 7.590 7.253 5.643 5.138 4.434 1.570 0.750 0.000 0.000 0.000 0.349 0.000 0.000 1.521 1.611 3.159 2.826 1.725
-999.250 -999.250 -999.250 -999.250 -999.250 -999.250 -999.250 -999.250 -999.250 -999.250 -999.250 -999.250 -999.250 -999.250 -999.250 -999.250 -999.250 -999.250 -999.250 0.000 0.000 0.478 1.023 2.180 1.695 1.658 1.846 1.132 2.854 2.591 3.052 3.311 4.465 6.088 5.372 5.290 6.988 6.489 5.229 4.733 8.149 8.081 8.630 6.581 7.359 9.762 8.399 10.415 11.269 10.360 12.702 10.024 8.634 7.722 4.636 4.559 4.441 1.217 0.124 0.000 0.000 0.000 0.000 0.000 0.000 0.206 1.472 1.516 1.380 2.078
-999.250 -999.250 -999.250 -999.250 -999.250 -999.250 -999.250 -999.250 -999.250 -999.250 -999.250 -999.250 -999.250 -999.250 -999.250 -999.250 -999.250 -999.250 1.642 1.397 0.000 0.404 0.522 1.867 1.711 1.833 1.570 3.271 2.735 3.032 3.607 3.255 4.708 5.616 5.830 5.432 7.557 7.682 7.523 6.891 6.587 7.358 6.135 7.147 7.754 10.254 10.014 11.555 9.317 10.474 9.132 10.225 8.449 6.253 5.227 5.438 3.494 2.925 0.791 0.000 0.000 0.000 0.000 0.000 0.000 0.000 1.656 0.878 2.162 1.016
-999.250 -999.250 -999.250 -999.250 -999.250 -999.250 -999.250 -999.250 -999.250 -999.250 -999.250 -999.250 -999.250 -999.250 -999.250 -999.250 -999.250 2.402 2.431 3.049 1.793 1.006 1.915 1.103 0.799 1.677 4.294 3.797 3.284 4.279 5.385 6.140 5.719 8.056 6.811 6.244 8.427 7.002 8.212 8.665 7.479 5.016 4.242 6.160 7.499 7.087 7.874 7.357 8.864 9.563 9.325 8.456 7.588 6.816 6.117 5.913 4.317 3.471 0.995 0.000 0.000 0.000 0.000 0.930 0.121 0.000 0.694 2.440 2.440 1.921
-999.250 -999.250 -999.250 -999.250 -999.250 -999.250 -999.250 -999.250 -999.250 -999.250 -999.250 -999.250 -999.250 -999.250 -999.250 -999.250 -999.250 1.680 2.537 2.972 2.382 2.162 2.163 1.722 1.651 1.355 2.943 4.207 4.105 5.577 5.479 6.545 6.337 8.283 7.207 7.438 10.725 7.842 9.331 8.580 5.368 4.792 4.334 5.455 6.136 6.889 9.480 9.357 7.897 9.537 7.964 7.361 5.457 4.682 5.026 6.016 4.195 4.760 1.931 1.549 0.000 0.000 1.017 1.765 1.123 0.727 0.642 0.899 1.447 2.039
-999.250 -999.250 -999.250 -999.250 -999.250 -999.250 -999.250 -999.250 -999.250 -999.250 -999.250 -999.250 -999.250 -999.250 -999.250 3.653 3.727 2.736 3.033 2.799 1.148 1.870 1.339 2.039 1.246 1.350 2.137 4.510 5.049 4.720 7.775 6.464 8.913 9.383 10.171 10.080 12.311 10.077 9.609 7.663 5.752 2.863 2.650 3.053 3.047 5.432 8.240 10.594 9.937 9.594 8.136 5.577 4.714 1.729 0.727 3.584 5.074 5.693 4.252 2.956 1.813 0.635 1.647 2.154 1.229 0.949 0.448 0.867 0.036 0.673
-999.250 -999.250 -999.250 -999.250 -999.250 -999.250 -999.250 -999.250 -999.250 -999.250 -999.250 -999.250 -999.250 -999.250 3.338 3.973 4.170 3.748 4.626 4.481 2.062 3.139 1.418 2.150 2.335 1.308 3.059 4.179 5.709 5.609 8.370 8.059 10.680 9.943 12.106 13.210 13.048 11.996 11.066 8.514 4.427 2.644 2.540 1.373 1.138 2.120 8.512 11.679 9.248 10.022 7.335 4.836 1.539 0.000 1.092 3.132 4.300 3.092 3.789 3.921 4.394 3.424 2.953 0.767 0.293 1.625 0.351 0.433 0.000 0.000
-999.250 -999.250 -999.250 -999.250 -999.250 -999.250 -999.250 -999.250 -999.250 -999.250 -999.250 -999.250 -999.250 -999.250 4.270 3.200 4.534 4.108 4.787 3.594 2.380 2.482 2.786 2.260 2.239 1.912 1.914 5.413 5.809 7.317 7.864 9.643 8.608 8.842 14.345 14.061 14.187 15.614 11.649 9.512 5.709 3.627 4.059 1.438 0.000 0.000 6.173 13.403 11.195 7.236 6.960 3.904 1.844 0.000 1.077 2.710 3.592 4.192 4.262 3.651 3.968 3.843 3.752 3.380 1.544 0.784 1.176 0.318 0.434 0.000
-999.250 -999.250 -999.250 -999.250 -999.250 -999.250 -999.250 -999.250 -999.250 -999.250 -999.250 -999.250 -999.250 4.624 5.674 4.925 3.583 3.569 4.005 3.011 2.821 3.434 2.567 1.587 1.491 1.869 1.470 4.731 5.533 6.118 6.317 9.036 10.414 10.987 13.040 14.069 15.301 14.061 11.639 8.269 5.340 4.513 3.170 0.680 0.000 0.372 3.978 8.224 10.660 6.071 6.338 3.684 2.095 0.816 0.766 2.230 4.151 4.119 4.553 3.636 3.139 3.575 3.387 1.720 3.973 2.077 2.572 1.718 0.580 0.304
-999.250 -999.250 -999.250 -999.250 -999.250 -999.250 -999.250 -999.250 -999.250 -999.250 -999.250 -999.250 5.861 4.693 7.126 6.073 4.271 5.285 4.481 3.616 2.253 3.280 2.636 1.351 2.789 1.517 1.928 5.405 6.599 6.653 7.152 11.064 12.219 13.202 14.294 13.153 14.033 12.551 10.253 7.662 6.966 4.316 2.794 0.765 0.000 0.000 2.009 5.749 7.645 8.221 4.834 3.825 1.654 2.603 2.136 2.062 2.871 4.788 5.385 3.840 4.726 3.952 2.730 3.980 3.326 3.025 1.061 1.125 2.100 2.690
-999.250 -999.250 -999.250 -999.250 -999.250 -999.250 -999.250 -999.250 -999.250 -999.250 -999.250 5.544 5.800 6.300 6.335 5.759 6.341 4.250 3.725 2.613 2.998 1.590 2.593 2.620 2.275 1.987 3.036 4.550 8.442 9.684 9.384 9.550 11.792 14.351 14.912 15.549 15.688 13.956 12.142 8.505 8.853 5.857 4.209 0.208 0.000 0.000 0.466 3.589 5.154 5.766 5.311 3.144 1.829 1.048 1.208 2.099 2.786 3.162 3.998 3.893 4.701 4.764 4.652 4.008 3.507 1.728 3.818 4.034 2.729 4.196
-999.250 -999.250 -999.250 -999.250 -999.250 -999.250 -999.250 -999.250 -999.250 -999.250 6.529 7.080 6.368 6.912 6.899 6.203 6.492 4.046 3.471 2.972 2.090 2.055 3.203 2.272 2.733 4.104 3.799 3.704 6.156 10.912 11.227 10.824 13.801 15.033 15.290 15.510 15.967 16.247 13.971 12.228 9.903 5.250 4.072 2.085 0.000 0.000 0.000 1.454 3.600 3.524 2.247 3.304 1.432 0.873 2.847 3.056 3.058 5.378 4.697 4.045 4.498 3.544 3.244 3.733 3.244 2.752 3.869 4.237 3.407 3.869
-999.250 -999.250 -999.250 -999.250 -999.250 -999.250 -999.250 -999.250 -999.250 4.988 5.862 6.304 8.153 7.452 8.618 8.439 5.877 3.702 3.116 1.926 1.153 2.114 1.722 0.680 3.078 3.858 5.458 6.657 8.541 10.123 8.794 12.777 12.890 14.824 16.215 18.111 15.152 15.599 14.325 14.088 11.013 7.302 4.342 2.058 0.028 0.000 0.000 0.292 3.476 2.773 2.369 2.904 1.345 0.658 2.919 2.930 3.642 4.305 5.002 4.198 3.775 3.305 2.634 4.404 3.061 3.750 2.882 3.399 4.077 4.670
-999.250 -999.250 -999.250 -999.250 -999.250 2.553 3.773 2.852 3.468 4.257 5.925 7.297 8.322 9.066 8.202 5.904 6.310 4.499 2.302 1.580 0.887 0.399 1.724 0.574 2.729 3.792 6.218 6.854 8.869 10.213 13.288 11.954 14.093 16.440 17.435 19.234 19.868 17.927 15.059 15.435 12.334 9.514 6.563 4.075 2.278 0.000 0.000 0.237 1.432 1.313 2.775 2.895 2.769 0.825 1.918 3.446 3.188 6.001 4.508 3.203 3.401 3.263 4.096 4.294 3.862 3.566 3.047 2.440 3.993 3.405
