data/medianmodel_11-Dec-2020.asc
ncols	141
nrows	288
xllcorner	-120191.398
yllcorner	-301404.813
cellsize	2000.000
NODATA_value	-999.250
[rows 232 to 260 of 288, columns 0 to 63 of 141]
-999.250 -999.250 -999.250 -999.250 -999.250 -999.250 -999.250 -999.250 -999.250 -999.250 -999.250 -999.250 -999.250 -999.250 -999.250 -999.250 -999.250 -999.250 -999.250 -999.250 -999.250 -999.250 -999.250 -999.250 -999.250 -999.250 -999.250 153.175 155.632 157.164 151.019 153.117 144.232 142.462 129.440 122.704 121.780 128.865 138.101 134.867 133.680 144.742 139.643 146.289 141.422 134.037 123.914 109.601 105.865 92.359 86.365 72.395 56.722 41.583 43.175 35.265 30.980 28.169 28.602 33.719 37.801 43.773 55.510 63.600
-999.250 -999.250 -999.250 -999.250 -999.250 -999.250 -999.250 -999.250 -999.250 -999.250 -999.250 -999.250 -999.250 -999.250 -999.250 -999.250 -999.250 -999.250 -999.250 -999.250 -999.250 -999.250 -999.250 -999.250 -999.250 -999.250 -999.250 -999.250 155.967 160.148 150.715 145.222 143.410 129.210 131.379 131.923 131.289 131.403 139.203 145.016 132.781 139.203 131.425 135.830 130.500 128.126 114.147 105.213 94.032 88.317 82.515 66.803 45.276 40.672 38.088 35.003 32.243 25.726 25.887 26.908 34.516 48.041 64.018 80.091
-999.250 -999.250 -999.250 -999.250 -999.250 -999.250 -999.250 -999.250 -999.250 -999.250 -999.250 -999.250 -999.250 -999.250 -999.250 -999.250 -999.250 -999.250 -999.250 -999.250 -999.250 -999.250 -999.250 -999.250 -999.250 -999.250 -999.250 -999.250 -999.250 -999.250 159.144 149.299 137.159 136.046 141.592 132.293 137.757 133.960 146.370 134.036 143.068 147.225 144.102 122.800 136.730 124.558 120.251 108.633 99.009 84.031 74.340 65.110 48.101 45.543 36.521 34.717 32.542 25.794 29.970 25.181 35.920 49.585 73.015 86.597
-999.250 -999.250 -999.250 -999.250 -999.250 -999.250 -999.250 -999.250 -999.250 -999.250 -999.250 -999.250 -999.250 -999.250 -999.250 -999.250 -999.250 -999.250 -999.250 -999.250 -999.250 -999.250 -999.250 -999.250 -999.250 -999.250 -999.250 -999.250 -999.250 -999.250 158.269 149.223 149.931 144.650 138.116 135.879 144.754 140.082 139.315 139.834 130.072 134.989 142.961 130.888 129.811 120.036 122.160 108.826 105.750 91.688 78.477 68.283 61.523 46.862 39.547 43.218 31.163 28.195 23.884 26.082 40.229 52.986 78.840 93.560
-999.250 -999.250 -999.250 -999.250 -999.250 -999.250 -999.250 -999.250 -999.250 -999.250 -999.250 -999.250 -999.250 -999.250 -999.250 -999.250 -999.250 -999.250 -999.250 -999.250 -999.250 -999.250 -999.250 -999.250 -999.250 -999.250 -999.250 -999.250 -999.250 -999.250 160.494 163.930 144.885 144.596 151.264 147.671 144.576 152.283 147.264 151.714 145.937 139.104 137.444 145.109 127.565 125.892 115.809 113.878 101.297 96.310 81.618 65.709 63.759 49.520 51.351 47.841 43.737 37.802 29.127 24.251 47.143 65.444 89.452 106.315
-999.250 -999.250 -999.250 -999.250 -999.250 -999.250 -999.250 -999.250 -999.250 -999.250 -999.250 -999.250 -999.250 -999.250 -999.250 -999.250 -999.250 -999.250 -999.250 -999.250 -999.250 -999.250 -999.250 -999.250 -999.250 -999.250 -999.250 -999.250 -999.250 -999.250 -999.250 153.744 152.355 142.967 154.685 156.243 156.755 155.308 153.263 156.717 145.916 144.785 145.684 138.115 134.209 125.951 121.704 109.666 97.563 91.558 83.686 72.362 61.083 56.462 51.754 52.786 50.034 45.776 42.342 44.246 59.749 82.216 98.369 123.363
-999.250 -999.250 -999.250 -999.250 -999.250 -999.250 -999.250 -999.250 -999.250 -999.250 -999.250 -999.250 -999.250 -999.250 -999.250 -999.250 -999.250 -999.250 -999.250 -999.250 -999.250 -999.250 -999.250 -999.250 -999.250 -999.250 -999.250 -999.250 -999.250 -999.250 170.477 165.569 155.784 162.488 169.821 164.420 169.347 171.070 174.768 165.309 153.022 149.973 151.592 134.361 140.031 131.790 126.311 121.378 111.093 109.475 91.834 73.934 70.420 77.323 67.439 60.519 52.649 58.828 61.868 71.856 80.826 95.469 111.303 135.741
-999.250 -999.250 -999.250 -999.250 -999.250 -999.250 -999.250 -999.250 -999.250 -999.250 -999.250 -999.250 -999.250 -999.250 -999.250 -999.250 -999.250 -999.250 -999.250 -999.250 -999.250 -999.250 -999.250 -999.250 -999.250 -999.250 -999.250 -999.250 -999.250 -999.250 -999.250 169.935 173.308 164.437 176.365 181.665 170.729 192.280 182.465 189.640 164.889 169.629 154.551 150.071 139.495 131.087 129.222 124.296 108.181 101.204 100.365 85.699 76.895 78.649 73.015 68.488 64.972 72.520 76.915 92.634 101.805 117.319 130.178 151.521
-999.250 -999.250 -999.250 -999.250 -999.250 -999.250 -999.250 -999.250 -999.250 -999.250 -999.250 -999.250 -999.250 -999.250 -999.250 -999.250 -999.250 -999.250 -999.250 -999.250 -999.250 -999.250 -999.250 -999.250 -999.250 -999.250 -999.250 -999.250 -999.250 -999.250 189.292 179.398 175.326 174.966 187.083 195.774 195.826 192.014 204.456 189.703 185.591 189.686 171.550 152.113 143.864 149.320 132.445 127.022 121.089 107.956 110.941 94.190 90.806 90.195 78.052 73.908 76.730 81.748 92.693 103.921 112.821 131.929 142.897 164.112
-999.250 -999.250 -999.250 -999.250 -999.250 -999.250 -999.250 -999.250 -999.250 -999.250 -999.250 -999.250 -999.250 -999.250 -999.250 -999.250 -999.250 -999.250 -999.250 -999.250 -999.250 -999.250 -999.250 -999.250 -999.250 -999.250 -999.250 -999.250 -999.250 -999.250 184.194 188.336 192.333 201.849 206.622 210.924 192.981 207.135 214.339 203.558 196.846 188.294 189.146 167.373 144.636 147.693 154.321 131.569 124.264 125.516 117.410 104.472 96.309 86.017 86.790 88.552 89.605 93.939 112.538 116.027 127.209 149.281 168.519 175.291
-999.250 -999.250 -999.250 -999.250 -999.250 -999.250 -999.250 -999.250 -999.250 -999.250 -999.250 -999.250 -999.250 -999.250 -999.250 -999.250 -999.250 -999.250 -999.250 -999.250 -999.250 -999.250 -999.250 -999.250 -999.250 -999.250 -999.250 -999.250 -999.250 -999.250 198.592 194.228 203.364 211.958 220.631 221.450 212.403 216.843 208.856 214.755 216.879 220.664 185.968 176.980 165.095 154.728 155.404 140.785 141.562 129.022 124.411 115.483 110.376 102.114 102.247 95.263 99.732 110.137 119.984 127.159 137.636 166.801 178.004 201.879
-999.250 -999.250 -999.250 -999.250 -999.250 -999.250 -999.250 -999.250 -999.250 -999.250 -999.250 -999.250 -999.250 -999.250 -999.250 -999.250 -999.250 -999.250 -999.250 -999.250 -999.250 -999.250 -999.250 -999.250 -999.250 -999.250 -999.250 -999.250 -999.250 -999.250 197.857 198.137 209.780 235.723 256.571 223.639 226.160 227.313 226.448 234.905 226.760 225.388 209.293 190.034 179.145 168.978 158.747 151.808 144.593 138.900 124.720 119.579 114.348 110.928 105.594 108.864 109.606 118.018 130.757 142.502 152.954 175.384 196.943 210.945
-999.250 -999.250 -999.250 -999.250 -999.250 -999.250 -999.250 -999.250 -999.250 -999.250 -999.250 -999.250 -999.250 -999.250 -999.250 -999.250 -999.250 -999.250 -999.250 -999.250 -999.250 -999.250 -999.250 -999.250 -999.250 -999.250 -999.250 -999.250 -999.250 -999.250 193.244 195.135 215.533 256.429 255.105 256.875 235.268 232.137 239.168 256.718 231.480 210.984 221.052 214.234 194.571 183.542 179.727 160.852 155.420 145.855 137.401 129.637 124.897 119.790 110.254 116.938 118.362 124.108 136.732 148.641 176.562 205.848 212.261 208.786
-999.250 -999.250 -999.250 -999.250 -999.250 -999.250 -999.250 -999.250 -999.250 -999.250 -999.250 -999.250 -999.250 -999.250 -999.250 -999.250 -999.250 -999.250 -999.250 -999.250 -999.250 -999.250 -999.250 -999.250 -999.250 -999.250 -999.250 -999.250 -999.250 -999.250 -999.250 220.060 232.108 255.701 253.863 265.895 272.059 260.774 252.734 248.057 240.357 235.395 227.736 222.033 214.412 207.266 200.978 180.883 162.126 153.900 140.751 137.397 138.967 131.078 128.570 125.174 128.594 133.185 143.431 152.995 197.072 215.858 219.691 222.963
-999.250 -999.250 -999.250 -999.250 -999.250 -999.250 -999.250 -999.250 -999.250 -999.250 -999.250 -999.250 -999.250 -999.250 -999.250 -999.250 -999.250 -999.250 -999.250 -999.250 -999.250 -999.250 -999.250 -999.250 -999.250 -999.250 -999.250 -999.250 -999.250 -999.250 -999.250 231.292 251.503 254.488 269.095 261.990 262.998 278.990 275.207 265.174 264.472 244.694 231.889 224.812 226.289 211.764 206.595 187.388 182.361 160.942 159.507 147.412 141.369 133.545 131.016 127.957 136.928 142.544 156.722 173.908 190.696 215.638 226.057 238.666
-999.250 -999.250 -999.250 -999.250 -999.250 -999.250 -999.250 -999.250 -999.250 -999.250 -999.250 -999.250 -999.250 -999.250 -999.250 -999.250 -999.250 -999.250 -999.250 -999.250 -999.250 -999.250 -999.250 -999.250 -999.250 -999.250 -999.250 -999.250 -999.250 -999.250 241.171 258.289 245.201 252.694 258.523 269.082 292.649 293.570 299.150 283.141 268.268 263.855 268.042 242.065 236.640 223.289 212.135 201.999 186.285 167.224 169.222 147.123 141.207 141.057 135.962 132.241 131.134 144.082 152.402 165.580 196.529 203.705 212.380 230.017
-999.250 -999.250 -999.250 -999.250 -999.250 -999.250 -999.250 -999.250 -999.250 -999.250 -999.250 -999.250 -999.250 -999.250 -999.250 -999.250 -999.250 -999.250 -999.250 -999.250 -999.250 -999.250 -999.250 -999.250 -999.250 -999.250 -999.250 -999.250 -999.250 -999.250 246.500 272.074 260.751 268.869 286.926 297.507 308.715 314.950 305.193 307.584 288.115 282.402 264.166 264.597 260.356 228.530 226.560 207.512 193.288 183.768 171.665 148.657 150.073 134.655 132.841 130.595 137.583 139.931 151.552 168.853 187.160 204.769 208.930 224.807
-999.250 -999.250 -999.250 -999.250 -999.250 -999.250 -999.250 -999.250 -999.250 -999.250 -999.250 -999.250 -999.250 -999.250 -999.250 -999.250 -999.250 -999.250 -999.250 -999.250 -999.250 -999.250 -999.250 -999.250 -999.250 -999.250 -999.250 -999.250 -999.250 -999.250 269.920 279.517 285.027 280.295 300.040 310.059 328.887 336.415 326.602 323.955 317.139 314.475 283.456 278.170 261.881 240.979 227.241 224.428 200.741 195.413 174.571 170.382 153.044 140.114 140.775 130.237 139.291 143.259 154.563 155.912 183.964 195.988 195.413 211.939
-999.250 -999.250 -999.250 -999.250 -999.250 -999.250 -999.250 -999.250 -999.250 -999.250 -999.250 -999.250 -999.250 -999.250 -999.250 -999.250 -999.250 -999.250 -999.250 -999.250 -999.250 -999.250 -999.250 -999.250 -999.250 -999.250 -999.250 -999.250 -999.250 -999.250 246.439 262.905 274.937 289.843 312.342 322.296 337.414 343.871 347.528 362.444 341.602 328.600 300.272 292.515 271.826 246.716 241.960 225.675 209.646 200.017 182.510 161.946 152.023 150.794 143.162 135.751 138.060 143.271 152.559 176.540 193.250 192.955 197.900 214.760
-999.250 -999.250 -999.250 -999.250 -999.250 -999.250 -999.250 -999.250 -999.250 -999.250 -999.250 -999.250 -999.250 -999.250 -999.250 -999.250 -999.250 -999.250 -999.250 -999.250 -999.250 -999.250 -999.250 -999.250 -999.250 -999.250 -999.250 -999.250 -999.250 -999.250 261.883 275.274 277.930 316.564 308.953 334.326 324.189 360.790 370.386 368.168 351.201 344.509 322.320 313.233 284.595 252.506 252.918 239.682 223.248 210.209 192.480 178.801 153.476 148.684 143.826 135.223 140.917 148.842 161.750 188.003 189.257 190.072 206.133 210.147
-999.250 -999.250 -999.250 -999.250 -999.250 -999.250 -999.250 -999.250 -999.250 -999.250 -999.250 -999.250 -999.250 -999.250 -999.250 -999.250 -999.250 -999.250 -999.250 -999.250 -999.250 -999.250 -999.250 -999.250 -999.250 -999.250 -999.250 -999.250 -999.250 265.729 288.860 285.525 280.788 304.387 304.339 306.013 334.922 340.438 363.370 365.792 375.867 347.863 336.534 313.993 291.366 274.899 258.563 262.393 241.457 225.091 203.460 187.220 163.332 155.490 145.320 147.940 150.086 150.091 181.040 176.582 197.608 199.304 210.195 199.088
-999.250 -999.250 -999.250 -999.250 -999.250 -999.250 -999.250 -999.250 -999.250 -999.250 -999.250 -999.250 -999.250 -999.250 -999.250 -999.250 -999.250 -999.250 -999.250 -999.250 -999.250 -999.250 -999.250 -999.250 -999.250 -999.250 -999.250 -999.250 -999.250 -999.250 265.983 280.017 279.845 302.056 299.094 306.367 312.517 335.176 364.046 341.591 340.680 337.797 306.876 310.890 290.166 274.301 265.076 253.848 242.488 218.508 212.745 188.393 175.864 166.052 155.715 154.176 151.765 158.852 169.552 169.763 195.675 203.590 201.789 188.027
-999.250 -999.250 -999.250 -999.250 -999.250 -999.250 -999.250 -999.250 -999.250 -999.250 -999.250 -999.250 -999.250 -999.250 -999.250 -999.250 -999.250 -999.250 -999.250 -999.250 -999.250 -999.250 -999.250 -999.250 -999.250 -999.250 -999.250 -999.250 -999.250 -999.250 260.854 276.768 285.438 273.367 301.934 299.514 319.713 324.668 322.348 329.510 332.402 310.706 292.614 292.251 273.543 272.183 249.355 248.351 233.664 229.510 215.398 186.015 168.233 161.562 155.752 166.741 151.349 154.073 161.561 171.369 202.181 195.829 190.129 201.206
-999.250 -999.250 -999.250 -999.250 -999.250 -999.250 -999.250 -999.250 -999.250 -999.250 -999.250 -999.250 -999.250 -999.250 -999.250 -999.250 -999.250 -999.250 -999.250 -999.250 -999.250 -999.250 -999.250 -999.250 -999.250 -999.250 -999.250 -999.250 -999.250 -999.250 -999.250 276.536 279.152 263.050 287.686 292.057 291.463 299.024 293.331 312.241 307.489 288.451 284.868 279.789 266.220 268.765 255.193 252.540 233.534 227.695 209.353 209.007 187.237 157.867 148.860 154.246 154.315 163.602 167.774 162.268 186.370 182.601 191.298 203.736
-999.250 -999.250 -999.250 -999.250 -999.250 -999.250 -999.250 -999.250 -999.250 -999.250 -999.250 -999.250 -999.250 -999.250 -999.250 -999.250 -999.250 -999.250 -999.250 -999.250 -999.250 -999.250 -999.250 -999.250 -999.250 -999.250 -999.250 -999.250 -999.250 -999.250 -999.250 247.100 265.632 260.523 295.909 270.490 291.597 289.280 283.094 292.377 297.376 281.538 305.998 280.535 266.917 231.974 250.599 249.877 229.166 224.054 226.244 213.461 192.192 172.043 164.775 160.396 165.467 160.782 169.911 172.946 185.537 180.774 188.772 198.709
-999.250 -999.250 -999.250 -999.250 -999.250 -999.250 -999.250 -999.250 -999.250 -999.250 -999.250 -999.250 -999.250 -999.250 -999.250 -999.250 -999.250 -999.250 -999.250 -999.250 -999.250 -999.250 -999.250 -999.250 -999.250 -999.250 -999.250 -999.250 -999.250 -999.250 234.357 239.332 264.919 237.421 259.616 259.498 268.966 263.474 283.528 270.504 298.542 273.921 281.656 263.643 259.861 245.259 244.496 233.265 241.369 235.587 222.346 215.936 197.970 184.107 169.769 169.983 164.138 157.153 167.254 157.881 169.716 182.103 187.502 187.174
-999.250 -999.250 -999.250 -999.250 -999.250 -999.250 -999.250 -999.250 -999.250 -999.250 -999.250 -999.250 -999.250 -999.250 -999.250 -999.250 -999.250 -999.250 -999.250 -999.250 -999.250 -999.250 -999.250 -999.250 -999.250 -999.250 -999.250 -999.250 -999.250 -999.250 217.167 224.256 228.082 231.263 240.900 252.884 256.846 252.027 261.046 257.188 258.018 264.947 295.960 268.136 258.947 245.546 245.258 237.831 221.411 226.984 230.063 222.205 201.225 200.357 181.319 188.184 165.178 157.616 163.630 169.298 162.736 168.103 173.188 186.224
-999.250 -999.250 -999.250 -999.250 -999.250 -999.250 -999.250 -999.250 -999.250 -999.250 -999.250 -999.250 -999.250 -999.250 -999.250 -999.250 -999.250 -999.250 -999.250 -999.250 -999.250 -999.250 -999.250 -999.250 -999.250 -999.250 -999.250 -999.250 -999.250 -999.250 200.439 211.038 211.943 211.520 226.185 237.317 246.728 230.069 245.729 247.825 255.905 261.574 260.022 253.814 236.141 242.633 237.189 245.644 220.451 229.294 225.464 209.060 204.566 204.856 204.735 187.958 168.501 156.943 166.073 171.356 170.661 159.083 169.089 180.183
-999.250 -999.250 -999.250 -999.250 -999.250 -999.250 -999.250 -999.250 -999.250 -999.250 -999.250 -999.250 -999.250 -999.250 -999.250 -999.250 -999.250 -999.250 -999.250 -999.250 -999.250 -999.250 -999.250 -999.250 -999.250 -999.250 -999.250 -999.250 -999.250 -999.250 197.646 211.211 211.348 215.639 219.264 219.969 225.817 232.463 233.500 236.345 226.028 245.014 240.811 238.920 254.664 232.447 235.968 225.591 224.531 233.482 232.054 227.363 219.595 221.730 199.707 200.326 193.375 186.307 189.401 176.220 161.584 176.476 170.470 167.428
