data/medianmodel_20-Jan-2021.asc
ncols	141
nrows	288
xllcorner	-120191.398
yllcorner	-301404.813
cellsize	2000.000
NODATA_value	-999.250
[rows 112 to 139 of 288, columns 0 to 62 of 141]
-999.250 -999.250 -999.250 -999.250 -999.250 -999.250 -999.250 -999.250 -999.250 -999.250 -999.250 -999.250 -999.250 -999.250 -999.250 -999.250 -999.250 -999.250 -999.250 -999.250 -999.250 -999.250 -999.250 -999.250 -999.250 -999.250 -999.250 -999.250 942.951 944.630 920.643 917.600 947.635 967.819 900.910 914.598 906.392 932.179 954.792 1008.949 1084.475 1120.653 1196.958 1307.231 1380.067 1420.885 1510.061 1588.224 1693.904 1717.191 1749.850 1748.002 1640.215 1432.029 1309.241 1194.778 1673.376 2179.283 2822.065 3334.573 3777.563 3716.983 3626.536
-999.250 -999.250 -999.250 -999.250 -999.250 -999.250 -999.250 -999.250 -999.250 -999.250 -999.250 -999.250 -999.250 -999.250 -999.250 -999.250 -999.250 -999.250 -999.250 -999.250 -999.250 -999.250 -999.250 -999.250 -999.250 -999.250 -999.250 -999.250 935.225 932.351 921.923 925.526 933.561 941.505 902.883 894.937 915.042 919.480 962.436 990.052 1006.309 1143.682 1217.239 1236.189 1358.753 1409.801 1452.976 1542.377 1623.346 1638.378 1672.824 1794.145 1538.004 1324.666 1205.735 1184.785 1452.685 1901.493 2383.100 2812.527 3160.307 3338.846 3282.618
-999.250 -999.250 -999.250 -999.250 -999.250 -999.250 -999.250 -999.250 -999.250 -999.250 -999.250 -999.250 -999.250 -999.250 -999.250 -999.250 -999.250 -999.250 -999.250 -999.250 -999.250 -999.250 -999.250 -999.250 -999.250 -999.250 -999.250 -999.250 940.354 951.721 949.729 924.571 943.054 923.270 939.073 966.092 938.268 933.832 954.121 954.268 1025.941 1146.258 1247.541 1317.715 1381.022 1433.491 1428.050 1483.416 1484.140 1491.224 1515.263 1516.653 1375.908 1231.282 1093.396 1077.393 1283.176 1595.613 1866.752 2303.874 2818.784 3059.686 3185.910
-999.250 -999.250 -999.250 -999.250 -999.250 -999.250 -999.250 -999.250 -999.250 -999.250 -999.250 -999.250 -999.250 -999.250 -999.250 -999.250 -999.250 -999.250 -999.250 -999.250 -999.250 -999.250 -999.250 -999.250 -999.250 -999.250 -999.250 973.125 957.583 955.280 941.472 923.758 922.415 912.422 969.586 935.551 956.995 944.871 929.225 917.056 1089.509 1214.368 1258.088 1323.854 1362.345 1410.944 1433.640 1426.919 1427.142 1387.954 1367.938 1318.473 1201.829 1105.310 1021.401 989.008 1009.447 1229.544 1622.557 1974.624 2377.759 2798.436 3066.683
-999.250 -999.250 -999.250 -999.250 -999.250 -999.250 -999.250 -999.250 -999.250 -999.250 -999.250 -999.250 -999.250 -999.250 -999.250 -999.250 -999.250 -999.250 -999.250 -999.250 -999.250 -999.250 -999.250 -999.250 -999.250 -999.250 -999.250 939.196 968.453 967.810 949.345 939.843 942.288 953.239 991.836 973.406 960.516 969.587 996.095 1017.312 1147.712 1235.252 1327.911 1322.113 1421.674 1441.835 1419.957 1404.025 1288.311 1228.540 1172.972 1176.784 1110.563 1025.834 945.949 878.996 820.758 927.363 1266.110 1720.154 2145.039 2475.397 2759.332
-999.250 -999.250 -999.250 -999.250 -999.250 -999.250 -999.250 -999.250 -999.250 -999.250 -999.250 -999.250 -999.250 -999.250 -999.250 -999.250 -999.250 -999.250 -999.250 -999.250 -999.250 -999.250 -999.250 -999.250 -999.250 -999.250 -999.250 951.041 956.793 931.821 929.348 979.878 972.968 983.086 1022.900 1007.242 1064.441 1067.608 1094.975 1183.623 1242.584 1289.805 1379.272 1457.094 1465.831 1453.556 1461.206 1346.427 1257.702 1111.729 1134.274 1112.254 1030.256 963.959 901.227 757.010 639.582 573.833 1049.870 1558.354 1885.679 2214.345 2581.128
-999.250 -999.250 -999.250 -999.250 -999.250 -999.250 -999.250 -999.250 -999.250 -999.250 -999.250 -999.250 -999.250 -999.250 -999.250 -999.250 -999.250 -999.250 -999.250 -999.250 -999.250 -999.250 -999.250 -999.250 -999.250 -999.250 975.566 947.723 921.729 926.737 954.159 964.209 1001.990 1076.829 1070.004 1112.510 1170.894 1161.560 1202.611 1244.792 1317.349 1412.501 1462.727 1498.246 1502.900 1490.597 1532.782 1434.425 1321.075 1253.529 1183.315 1141.202 1040.577 990.566 921.468 805.575 758.372 827.856 1132.152 1492.102 1790.951 2065.616 2296.010
-999.250 -999.250 -999.250 -999.250 -999.250 -999.250 -999.250 -999.250 -999.250 -999.250 -999.250 -999.250 -999.250 -999.250 -999.250 -999.250 -999.250 -999.250 -999.250 -999.250 -999.250 -999.250 -999.250 -999.250 -999.250 -999.250 941.714 923.263 915.443 918.844 942.034 979.757 1058.386 1126.159 1135.847 1178.351 1245.376 1267.115 1302.885 1378.587 1468.098 1501.025 1525.318 1585.469 1624.608 1658.932 1658.667 1615.770 1555.826 1401.019 1307.974 1189.654 1095.498 1080.401 1010.250 949.162 981.903 1089.702 1303.602 1536.324 1791.043 2036.413 2113.830
-999.250 -999.250 -999.250 -999.250 -999.250 -999.250 -999.250 -999.250 -999.250 -999.250 -999.250 -999.250 -999.250 -999.250 -999.250 -999.250 -999.250 -999.250 -999.250 -999.250 -999.250 -999.250 -999.250 -999.250 -999.250 -999.250 957.445 939.694 946.691 934.567 986.559 1032.040 1100.213 1080.288 1206.455 1237.273 1329.230 1346.650 1413.956 1491.920 1575.723 1608.745 1669.951 1680.613 1749.889 1777.819 1752.621 1794.657 1692.981 1587.768 1454.584 1320.380 1268.285 1188.462 1201.853 1121.286 1189.835 1367.485 1563.878 1676.902 1758.238 1897.837 1947.095
-999.250 -999.250 -999.250 -999.250 -999.250 -999.250 -999.250 -999.250 -999.250 -999.250 -999.250 -999.250 -999.250 -999.250 -999.250 -999.250 -999.250 -999.250 -999.250 -999.250 -999.250 -999.250 -999.250 -999.250 -999.250 888.583 937.584 959.297 959.819 995.269 1000.501 1040.346 1131.226 1162.137 1274.277 1306.543 1378.377 1440.990 1538.713 1622.842 1626.356 1707.466 1747.039 1780.823 1786.248 1913.384 2015.164 2032.029 1875.532 1747.119 1599.288 1506.786 1379.496 1319.460 1352.934 1332.089 1386.671 1564.456 1788.856 1741.740 1796.679 1892.658 1878.068
-999.250 -999.250 -999.250 -999.250 -999.250 -999.250 -999.250 -999.250 -999.250 -999.250 -999.250 -999.250 -999.250 -999.250 -999.250 -999.250 -999.250 -999.250 -999.250 -999.250 -999.250 -999.250 -999.250 -999.250 -999.250 910.734 949.199 1033.123 959.105 1007.245 1032.275 1121.532 1168.231 1229.023 1270.946 1418.456 1451.893 1563.508 1609.690 1651.996 1719.296 1805.427 1848.141 1862.638 1931.504 2052.173 2190.651 2284.243 2064.332 1879.075 1728.724 1610.421 1508.696 1439.914 1445.746 1506.386 1583.339 1648.727 1831.053 1805.082 1824.286 1751.439 1818.626
-999.250 -999.250 -999.250 -999.250 -999.250 -999.250 -999.250 -999.250 -999.250 -999.250 -999.250 -999.250 -999.250 -999.250 -999.250 -999.250 -999.250 -999.250 -999.250 -999.250 -999.250 -999.250 -999.250 -999.250 -999.250 936.871 1002.965 1035.738 1071.410 1046.652 1046.550 1135.082 1198.091 1229.864 1325.465 1416.449 1557.949 1637.840 1731.408 1744.292 1750.488 1819.584 1828.527 1940.376 2041.066 2176.538 2205.250 2208.420 2077.759 1993.287 1793.459 1725.813 1629.821 1598.374 1610.880 1638.288 1716.019 1703.650 1777.040 1734.438 1777.139 1744.287 1690.869
-999.250 -999.250 -999.250 -999.250 -999.250 -999.250 -999.250 -999.250 -999.250 -999.250 -999.250 -999.250 -999.250 -999.250 -999.250 -999.250 -999.250 -999.250 -999.250 -999.250 -999.250 -999.250 -999.250 -999.250 913.042 955.451 970.505 1045.986 1074.511 1054.073 1061.146 1136.753 1158.890 1263.126 1350.514 1431.758 1543.346 1646.540 1695.117 1779.378 1878.091 1828.760 1903.958 1968.204 2050.462 2092.069 2178.924 2122.267 2090.239 1965.273 1860.904 1786.485 1692.099 1684.077 1718.784 1756.560 1762.857 1748.931 1731.815 1746.050 1710.887 1679.899 1637.139
-999.250 -999.250 -999.250 -999.250 -999.250 -999.250 -999.250 -999.250 -999.250 -999.250 -999.250 -999.250 -999.250 -999.250 -999.250 -999.250 -999.250 -999.250 -999.250 -999.250 -999.250 -999.250 -999.250 -999.250 914.371 926.351 982.934 1019.024 1067.439 1063.651 1102.071 1127.737 1192.125 1239.588 1353.691 1431.719 1499.107 1615.984 1707.120 1770.584 1886.205 1861.087 1896.278 1937.581 1993.607 2111.922 2070.289 2018.309 2041.864 2029.558 1834.578 1841.042 1821.253 1812.614 1831.897 1838.527 1826.046 1765.174 1756.572 1725.222 1691.697 1706.567 1576.457
-999.250 -999.250 -999.250 -999.250 -999.250 -999.250 -999.250 -999.250 -999.250 -999.250 -999.250 -999.250 -999.250 -999.250 -999.250 -999.250 -999.250 -999.250 -999.250 -999.250 -999.250 -999.250 -999.250 832.384 932.521 921.810 955.905 986.145 1082.978 1107.051 1139.036 1163.939 1194.790 1200.741 1313.799 1415.570 1471.908 1604.561 1710.409 1761.323 1815.765 1878.872 1868.656 1902.200 1921.487 1984.076 1971.256 1957.268 1983.472 2037.968 1974.274 1987.991 2004.005 1959.021 1915.221 1801.902 1791.845 1774.974 1740.118 1689.287 1663.882 1580.050 1553.800
-999.250 -999.250 -999.250 -999.250 -999.250 -999.250 -999.250 -999.250 -999.250 -999.250 -999.250 -999.250 -999.250 -999.250 -999.250 -999.250 -999.250 -999.250 -999.250 -999.250 -999.250 -999.250 -999.250 860.554 937.431 960.667 970.738 1020.047 1053.860 1092.484 1141.650 1185.546 1212.722 1221.401 1299.949 1377.890 1492.340 1579.976 1676.342 1757.014 1786.462 1784.853 1840.540 1926.887 1994.227 2006.800 1974.945 1884.957 1913.097 1975.393 1948.691 1985.975 2054.001 2029.755 2018.497 1975.083 1862.581 1740.960 1744.260 1694.383 1630.660 1559.232 1474.373
-999.250 -999.250 -999.250 -999.250 -999.250 -999.250 -999.250 -999.250 -999.250 -999.250 -999.250 -999.250 -999.250 -999.250 -999.250 -999.250 -999.250 -999.250 -999.250 -999.250 -999.250 -999.250 -999.250 877.099 922.943 943.688 966.729 1030.007 1045.761 1124.359 1146.301 1222.826 1218.107 1266.605 1272.851 1408.621 1452.195 1587.212 1637.088 1711.388 1740.703 1827.063 1808.240 1832.917 1970.061 1907.374 1909.910 1924.445 1909.959 2048.042 2028.682 2098.663 2092.666 2104.662 2088.352 1984.387 1846.713 1769.365 1716.283 1727.339 1562.660 1526.994 1433.765
-999.250 -999.250 -999.250 -999.250 -999.250 -999.250 -999.250 -999.250 -999.250 -999.250 -999.250 -999.250 -999.250 -999.250 -999.250 -999.250 -999.250 -999.250 -999.250 -999.250 -999.250 -999.250 883.945 904.146 916.273 934.332 966.150 1032.810 1066.381 1102.534 1154.305 1191.545 1255.765 1292.204 1314.004 1421.320 1528.766 1558.394 1672.132 1687.541 1766.407 1759.920 1869.664 1953.089 1918.585 1890.289 1905.410 1955.118 2001.608 2109.314 2160.505 2243.823 2242.974 2231.851 2145.870 2004.130 1904.611 1731.583 1684.627 1625.187 1493.018 1420.097 1323.555
-999.250 -999.250 -999.250 -999.250 -999.250 -999.250 -999.250 -999.250 -999.250 -999.250 -999.250 -999.250 -999.250 -999.250 -999.250 -999.250 -999.250 -999.250 -999.250 -999.250 -999.250 -999.250 905.952 893.805 933.332 939.629 976.696 1012.282 1065.221 1119.274 1151.845 1186.642 1261.721 1364.206 1415.702 1480.392 1608.460 1586.619 1690.710 1737.463 1837.964 1834.475 1884.920 1980.397 2006.496 1983.205 2077.005 2061.331 2160.384 2178.636 2338.399 2356.881 2279.422 2254.155 2184.176 2064.596 1908.687 1665.222 1590.993 1469.421 1401.238 1326.239 1261.481
-999.250 -999.250 -999.250 -999.250 -999.250 -999.250 -999.250 -999.250 -999.250 -999.250 -999.250 -999.250 -999.250 -999.250 -999.250 -999.250 -999.250 -999.250 -999.250 -999.250 -999.250 905.691 921.410 943.052 932.274 971.220 1007.106 1028.667 1114.242 1164.825 1204.627 1271.634 1328.320 1413.510 1453.062 1487.294 1581.814 1657.844 1692.580 1789.233 1823.451 1839.066 2012.475 2040.761 2087.693 2109.761 2203.189 2337.308 2346.782 2425.772 2443.884 2561.470 2477.978 2369.129 2193.223 1990.820 1838.640 1623.290 1465.652 1433.177 1274.436 1217.028 1127.303
-999.250 -999.250 -999.250 -999.250 -999.250 -999.250 -999.250 -999.250 -999.250 -999.250 -999.250 -999.250 -999.250 -999.250 -999.250 -999.250 -999.250 -999.250 -999.250 -999.250 -999.250 914.684 939.320 970.633 966.096 988.169 1002.875 1052.723 1119.872 1195.883 1303.474 1310.662 1392.691 1453.392 1472.906 1518.110 1562.781 1667.584 1719.845 1730.636 1820.880 1886.448 2005.066 2180.415 2146.544 2194.494 2339.715 2384.581 2447.243 2447.162 2589.636 2725.467 2653.434 2456.424 2330.722 2008.216 1787.677 1588.197 1430.125 1307.582 1204.522 1100.404 1030.550
-999.250 -999.250 -999.250 -999.250 -999.250 -999.250 -999.250 -999.250 -999.250 -999.250 -999.250 -999.250 -999.250 -999.250 -999.250 -999.250 -999.250 -999.250 -999.250 -999.250 -999.250 965.048 983.323 974.540 983.538 1026.204 1037.258 1162.403 1194.528 1217.677 1306.797 1350.621 1426.173 1453.243 1549.014 1569.575 1629.127 1685.714 1692.934 1760.327 1821.478 1928.517 2064.264 2170.120 2118.350 2107.297 2322.927 2351.425 2451.101 2548.184 2769.444 2779.595 2820.603 2694.778 2335.968 2042.564 1743.269 1545.444 1363.363 1167.782 1061.578 959.256 968.770
-999.250 -999.250 -999.250 -999.250 -999.250 -999.250 -999.250 -999.250 -999.250 -999.250 -999.250 -999.250 -999.250 -999.250 -999.250 -999.250 -999.250 -999.250 -999.250 -999.250 985.685 1005.768 1003.775 1042.317 1053.021 1057.331 1170.977 1155.109 1194.360 1265.814 1285.635 1361.027 1416.400 1462.917 1548.283 1563.776 1621.982 1661.189 1723.503 1812.025 1879.328 1948.225 2060.224 2085.956 2145.916 2219.459 2206.974 2291.544 2607.429 2692.188 2800.934 2897.296 3078.276 2694.248 2352.448 2030.111 1718.831 1452.782 1220.524 1023.553 944.391 898.421 891.963
-999.250 -999.250 -999.250 -999.250 -999.250 -999.250 -999.250 -999.250 -999.250 -999.250 -999.250 -999.250 -999.250 -999.250 -999.250 -999.250 -999.250 -999.250 -999.250 -999.250 963.657 1027.800 1053.399 1064.267 1075.933 1104.178 1150.833 1164.691 1219.558 1244.497 1293.650 1398.166 1440.684 1502.459 1509.271 1620.854 1666.163 1650.990 1713.621 1760.260 1851.478 1870.940 1928.353 2125.108 2092.600 2177.460 2198.957 2417.072 2549.376 2731.875 2793.367 2796.744 2858.450 2518.431 2248.900 1846.331 1545.011 1332.789 1078.394 900.512 783.690 784.932 793.436
-999.250 -999.250 -999.250 -999.250 -999.250 -999.250 -999.250 -999.250 -999.250 -999.250 -999.250 -999.250 -999.250 -999.250 -999.250 -999.250 -999.250 -999.250 -999.250 -999.250 1021.522 1040.118 1071.653 1120.234 1150.677 1167.900 1270.071 1246.788 1272.676 1286.027 1368.827 1424.546 1465.889 1474.249 1557.749 1553.384 1588.074 1602.156 1727.137 1794.979 1833.001 1945.678 1921.066 2048.324 2172.364 2110.118 2207.588 2348.129 2478.045 2608.511 2724.059 2693.277 2759.127 2465.043 2065.826 1738.307 1491.470 1174.708 900.706 677.567 668.105 723.469 778.541
-999.250 -999.250 -999.250 -999.250 -999.250 -999.250 -999.250 -999.250 -999.250 -999.250 -999.250 -999.250 -999.250 -999.250 -999.250 -999.250 -999.250 -999.250 -999.250 -999.250 1097.068 1122.517 1114.576 1188.400 1198.573 1262.334 1340.391 1326.653 1355.356 1355.113 1384.451 1428.278 1485.080 1485.026 1572.847 1670.859 1650.834 1727.471 1746.163 1867.664 1893.561 1933.329 2043.257 2029.033 2099.608 2074.811 2260.260 2227.963 2361.967 2488.229 2495.915 2465.693 2493.718 2184.764 1850.931 1625.906 1321.512 1021.276 756.499 481.493 602.936 684.361 781.833
-999.250 -999.250 -999.250 -999.250 -999.250 -999.250 -999.250 -999.250 -999.250 -999.250 -999.250 -999.250 -999.250 -999.250 -999.250 -999.250 -999.250 -999.250 -999.250 1055.077 1086.823 1134.903 1153.582 1232.025 1265.031 1290.888 1322.727 1355.548 1405.571 1411.595 1470.548 1493.150 1515.367 1507.549 1632.894 1601.113 1664.194 1714.225 1779.008 1830.186 1885.021 1934.329 1988.349 2028.045 2011.365 2100.902 2130.511 2242.981 2332.450 2277.213 2278.776 2244.943 2157.775 1926.296 1716.564 1485.931 1217.418 979.174 780.502 644.024 659.642 742.568 883.119
-999.250 -999.250 -999.250 -999.250 -999.250 -999.250 -999.250 -999.250 -999.250 -999.250 -999.250 -999.250 -999.250 -999.250 -999.250 -999.250 -999.250 -999.250 -999.250 1070.327 1115.966 1160.555 1197.584 1235.444 1280.964 1308.885 1332.075 1417.628 1398.198 1457.087 1535.408 1545.953 1527.316 1551.858 1622.304 1651.085 1681.547 1720.005 1745.315 1782.072 1815.931 1894.231 1897.888 1934.600 1944.990 2053.363 2118.254 2139.787 2192.731 2154.455 2182.712 2122.232 1912.040 1765.661 1566.086 1397.355 1161.174 997.913 868.949 728.772 779.093 873.278 981.114
