data/medianmodel_25-Dec-2020.asc
ncols	141
nrows	288
xllcorner	-120191.398
yllcorner	-301404.813
cellsize	2000.000
NODATA_value	-999.250
[rows 145 to 173 of 288, columns 0 to 63 of 141]
-999.250 -999.250 -999.250 -999.250 -999.250 -999.250 -999.250 -999.250 -999.250 -999.250 -999.250 -999.250 -999.250 -999.250 -999.250 -999.250 -999.250 222.106 207.995 234.777 254.554 275.439 297.458 327.493 344.111 392.682 443.416 487.630 504.741 510.949 497.850 498.908 474.513 445.504 394.810 369.013 348.753 347.610 362.667 389.689 405.981 408.542 384.384 356.522 309.825 268.214 224.927 204.219 176.058 170.272 173.824 177.861 186.141 187.000 193.326 169.696 173.923 191.719 175.730 226.018 312.975 440.227 550.856 689.552
-999.250 -999.250 -999.250 -999.250 -999.250 -999.250 -999.250 -999.250 -999.250 -999.250 -999.250 -999.250 -999.250 -999.250 -999.250 248.408 244.243 260.723 256.665 264.942 285.496 303.801 331.558 350.872 377.036 421.018 473.632 499.590 513.808 493.631 496.334 481.539 471.651 436.231 370.272 346.892 340.071 328.000 346.659 370.909 414.177 463.745 403.930 352.481 303.476 254.853 215.729 185.008 161.476 156.476 163.342 186.947 208.840 227.326 219.502 213.786 209.675 233.419 232.590 272.808 345.673 434.964 562.394 719.927
-999.250 -999.250 -999.250 -999.250 -999.250 -999.250 -999.250 -999.250 -999.250 -999.250 -999.250 -999.250 -999.250 -999.250 265.042 293.212 290.000 288.835 284.833 302.917 310.742 341.789 354.475 393.225 422.481 443.373 472.248 500.942 502.893 504.467 489.538 478.463 453.104 409.710 359.744 334.718 301.645 284.042 315.769 351.892 383.481 399.914 368.109 324.982 278.452 251.244 202.878 159.679 149.631 143.622 161.578 193.105 222.871 272.953 242.598 225.755 228.922 248.562 264.313 309.279 362.947 458.055 556.896 735.725
-999.250 -999.250 -999.250 -999.250 -999.250 -999.250 -999.250 -999.250 -999.250 -999.250 -999.250 -999.250 -999.250 -999.250 292.068 298.714 317.313 322.679 331.917 337.941 346.766 383.163 397.161 423.932 447.097 480.395 493.804 510.734 511.107 508.076 497.740 480.516 441.822 404.649 366.170 315.759 290.853 265.438 285.342 335.062 350.805 357.842 341.442 315.026 268.517 245.848 201.721 147.433 137.562 142.536 156.478 190.685 222.447 239.299 237.093 240.637 232.122 254.763 284.712 319.110 369.141 465.231 554.008 715.258
-999.250 -999.250 -999.250 -999.250 -999.250 -999.250 -999.250 -999.250 -999.250 -999.250 -999.250 -999.250 -999.250 297.056 303.132 325.024 331.245 337.867 352.856 361.001 380.791 416.642 438.286 457.797 494.776 497.920 519.817 521.466 495.011 500.372 491.634 479.763 454.883 390.892 345.897 317.207 283.825 277.603 293.905 321.629 334.859 340.672 320.654 309.361 266.212 247.567 218.370 166.449 150.867 144.399 165.250 175.662 209.428 218.600 219.996 225.241 242.342 264.601 289.758 336.250 392.010 455.480 546.192 633.702
-999.250 -999.250 -999.250 -999.250 -999.250 -999.250 -999.250 -999.250 -999.250 -999.250 -999.250 -999.250 298.937 309.194 326.775 333.889 333.039 354.327 373.671 403.537 437.705 469.935 473.903 481.870 502.447 523.673 525.448 531.488 518.751 506.995 500.960 485.817 466.415 411.360 357.309 323.949 283.036 297.271 288.919 318.199 329.882 337.714 337.738 321.486 299.085 289.810 246.475 192.063 163.352 150.622 162.344 180.917 201.957 221.184 230.737 223.450 231.010 250.581 279.616 325.482 372.574 437.777 517.347 580.317
-999.250 -999.250 -999.250 -999.250 -999.250 -999.250 -999.250 -999.250 -999.250 -999.250 -999.250 311.601 307.781 318.304 330.380 332.842 352.814 374.506 413.998 428.821 454.811 492.376 496.956 525.092 575.029 562.482 606.926 543.149 543.538 516.829 501.447 483.360 460.740 418.220 360.137 339.445 310.788 312.788 306.073 308.158 317.482 329.505 323.039 312.432 315.509 337.142 250.891 188.121 154.331 155.234 153.940 165.694 203.745 220.789 225.218 223.495 249.717 257.392 273.019 322.734 357.583 401.208 469.705 550.231
-999.250 -999.250 -999.250 -999.250 -999.250 -999.250 -999.250 -999.250 -999.250 -999.250 325.474 315.538 322.158 324.558 330.993 346.693 351.993 379.241 414.698 468.514 498.196 503.302 544.263 545.376 606.988 614.843 644.392 639.294 568.059 533.456 514.449 514.459 466.475 426.099 356.366 335.429 329.608 320.264 309.317 306.864 305.461 308.878 305.067 293.624 284.769 267.962 224.902 182.481 150.736 155.210 156.838 163.604 177.998 208.868 212.311 221.008 225.519 259.816 265.044 305.227 347.984 379.100 450.809 504.232
-999.250 -999.250 -999.250 -999.250 -999.250 -999.250 -999.250 -999.250 -999.250 344.566 341.159 329.506 319.584 333.273 327.202 354.430 354.263 371.514 418.509 471.952 497.215 533.768 565.648 614.482 656.631 685.774 703.919 692.811 637.151 573.873 562.939 515.047 480.149 450.223 407.202 355.610 335.269 333.462 305.043 293.378 292.124 293.103 277.165 261.246 247.270 216.419 177.170 149.450 146.649 143.697 143.327 156.028 177.753 197.847 205.404 217.992 223.671 232.376 251.704 274.148 299.908 345.266 391.653 462.111
-999.250 -999.250 -999.250 -999.250 -999.250 390.519 407.532 400.868 375.623 362.380 337.664 333.404 331.263 326.426 333.591 333.802 347.272 360.898 410.985 457.046 498.351 531.999 572.512 651.531 726.085 733.660 758.785 736.652 713.869 633.486 570.879 530.644 501.398 471.645 417.009 372.183 339.098 323.650 307.535 287.983 270.178 260.910 248.238 230.201 207.344 165.491 119.604 117.698 126.900 134.444 137.424 142.298 163.691 186.511 197.409 196.353 219.086 217.098 213.395 262.968 286.781 330.103 344.252 407.174
-999.250 -999.250 -999.250 -999.250 -999.250 -999.250 -999.250 395.341 389.641 368.305 342.102 327.292 321.136 311.917 304.047 322.435 333.344 355.366 384.313 414.855 488.571 504.177 564.046 671.441 749.071 814.564 740.303 767.626 675.582 642.097 586.352 547.231 513.929 484.448 433.335 378.920 347.800 317.405 305.467 277.746 249.006 241.324 236.288 188.465 168.339 136.120 112.309 108.329 114.595 119.519 129.877 140.943 160.690 180.741 192.010 191.155 187.892 221.698 222.470 238.418 254.684 283.677 304.504 360.847
-999.250 -999.250 -999.250 -999.250 -999.250 -999.250 -999.250 386.657 389.281 375.428 350.674 335.249 312.516 295.317 292.323 292.211 307.392 326.125 343.541 371.258 457.427 514.416 569.175 611.409 688.049 751.323 750.302 717.210 656.537 603.236 565.820 538.188 514.450 472.165 440.040 398.467 348.156 324.739 295.721 263.649 240.703 223.362 203.051 157.378 133.891 116.981 105.674 112.856 115.295 126.505 135.686 143.158 171.331 175.398 184.686 206.076 198.872 223.872 229.421 227.877 236.634 245.867 283.632 329.295
-999.250 -999.250 -999.250 -999.250 -999.250 -999.250 -999.250 395.224 406.810 388.033 355.565 329.092 308.284 292.631 273.691 273.198 267.282 285.216 305.346 358.680 408.948 489.557 516.626 557.295 609.563 651.726 660.202 727.853 660.798 610.346 543.502 532.622 504.845 469.380 444.535 393.541 361.306 336.274 284.770 251.301 232.969 199.441 168.808 143.769 116.370 109.703 113.003 118.257 122.772 143.474 149.577 151.732 161.168 189.341 208.995 213.638 222.661 227.318 228.129 224.592 238.014 235.269 251.264 274.999
-999.250 -999.250 -999.250 -999.250 -999.250 -999.250 -999.250 418.142 390.616 381.026 359.577 343.725 326.814 286.875 273.759 251.463 240.274 261.284 274.987 322.845 351.632 422.777 468.836 507.934 558.865 562.907 619.807 619.876 621.885 624.313 544.107 527.555 491.714 465.130 440.095 398.238 355.605 338.625 293.396 248.102 209.332 176.762 145.459 134.454 120.594 100.349 112.153 121.519 126.069 144.030 150.007 164.897 180.864 171.998 202.351 212.329 230.146 235.079 229.637 226.043 231.105 222.848 247.703 235.740
-999.250 -999.250 -999.250 -999.250 -999.250 -999.250 -999.250 -999.250 440.873 423.880 391.368 362.238 320.787 289.501 260.995 240.288 238.682 227.090 248.523 288.922 322.708 359.926 409.357 454.923 500.993 522.955 550.924 564.593 546.507 544.059 503.822 491.991 474.107 441.861 429.945 417.692 391.195 349.589 303.778 253.790 194.136 150.833 136.191 123.547 114.627 115.794 125.458 132.080 134.747 150.399 163.687 182.027 196.987 202.337 202.943 217.082 242.154 242.587 235.010 229.188 226.223 231.804 218.959 206.590
-999.250 -999.250 -999.250 -999.250 -999.250 -999.250 -999.250 -999.250 441.059 456.391 403.921 354.206 332.339 292.567 254.401 230.929 229.624 207.307 228.506 244.991 270.076 319.029 354.143 417.197 454.073 484.672 489.656 507.840 514.593 488.092 482.432 456.071 445.946 446.763 425.546 439.029 428.975 364.675 306.804 252.754 190.156 155.829 136.820 136.270 127.106 124.082 133.456 141.044 153.287 160.830 200.131 219.936 231.487 236.135 245.460 258.287 259.477 271.799 265.403 246.407 246.278 233.550 221.250 204.878
-999.250 -999.250 -999.250 -999.250 -999.250 -999.250 -999.250 417.423 433.239 415.686 392.779 350.163 324.445 276.973 245.657 229.801 220.269 200.378 200.494 210.097 218.876 268.604 325.128 356.012 402.898 441.038 463.118 451.636 441.397 443.528 423.998 416.924 390.145 389.698 414.381 439.811 473.694 358.835 289.529 239.837 184.206 150.420 137.571 132.508 131.619 138.725 141.488 160.642 180.501 195.822 248.336 270.103 288.013 276.858 304.708 297.598 319.289 304.490 299.886 320.068 264.916 267.192 235.961 225.266
-999.250 -999.250 -999.250 -999.250 -999.250 -999.250 -999.250 412.153 411.735 405.881 364.495 336.393 311.342 284.060 243.930 225.826 197.558 202.767 183.481 180.842 190.156 238.258 289.494 345.273 363.361 407.848 422.846 412.030 406.440 392.999 351.846 343.459 335.209 347.269 357.933 389.872 371.171 323.460 251.450 207.780 171.892 155.825 141.318 147.335 151.894 161.265 167.378 173.463 210.665 254.659 267.781 291.018 327.423 341.524 359.098 351.532 361.321 362.691 345.311 331.842 327.879 315.917 294.127 276.345
-999.250 -999.250 -999.250 -999.250 -999.250 -999.250 -999.250 386.616 371.789 367.262 353.577 327.496 299.390 285.300 247.060 231.809 207.712 213.654 211.265 206.190 219.403 247.914 298.522 332.305 349.573 370.238 400.362 381.418 369.105 349.121 322.311 298.923 296.800 297.495 310.469 323.230 324.160 268.536 221.769 196.303 170.218 158.246 161.433 165.806 162.906 178.811 197.426 217.602 261.294 293.205 297.639 337.445 358.193 383.042 441.568 428.845 455.980 453.629 439.136 403.326 372.775 365.157 344.354 327.640
-999.250 -999.250 -999.250 -999.250 -999.250 -999.250 -999.250 382.237 369.436 356.469 345.455 333.005 307.545 294.207 267.857 246.628 236.566 232.292 238.362 232.582 250.577 277.886 306.148 335.700 343.274 364.414 364.159 359.056 343.743 324.934 276.492 259.914 244.770 245.320 263.166 277.323 270.327 242.432 221.324 194.478 183.800 176.096 187.301 212.058 213.274 215.065 236.670 274.488 307.592 334.366 352.482 391.352 424.433 475.684 477.694 501.498 526.647 517.370 521.500 472.854 473.003 470.546 395.846 387.446
-999.250 -999.250 -999.250 -999.250 -999.250 -999.250 369.659 358.553 349.384 348.428 341.798 322.880 326.049 295.862 288.549 273.195 269.254 261.478 268.286 280.357 297.088 308.008 335.593 347.807 358.753 367.514 367.852 351.119 330.257 287.540 249.366 209.705 216.643 229.470 246.221 247.681 244.002 228.169 219.235 203.246 195.939 214.525 220.009 219.557 228.861 231.278 272.985 310.622 345.835 353.186 399.725 430.386 485.308 532.046 542.829 579.865 629.206 631.451 590.515 576.312 555.498 529.576 507.518 467.709
-999.250 -999.250 -999.250 -999.250 -999.250 -999.250 363.763 361.048 349.828 345.053 345.283 343.898 323.595 318.231 300.786 294.525 293.337 296.979 305.577 314.169 330.725 345.548 359.952 366.664 379.836 367.594 386.687 380.664 338.981 294.884 249.443 226.618 207.813 226.976 234.306 242.372 237.169 227.997 236.188 218.771 226.185 208.919 232.005 239.836 248.331 273.038 307.785 341.407 372.135 419.903 454.457 484.159 528.689 571.338 616.767 679.418 726.364 737.221 747.979 708.465 650.113 626.847 607.625 555.739
-999.250 -999.250 -999.250 -999.250 -999.250 352.495 348.485 350.243 344.724 337.963 343.512 343.958 335.679 319.446 326.475 318.916 314.367 313.311 335.115 348.443 356.816 365.424 397.115 382.815 385.552 401.398 405.751 413.805 344.516 298.118 254.700 235.159 233.820 228.604 243.102 252.851 251.059 231.092 237.676 242.334 234.944 236.969 241.998 256.038 277.462 307.315 335.860 376.364 426.204 450.858 511.001 548.541 587.158 619.875 727.810 787.438 875.743 922.770 839.629 790.303 777.183 710.164 690.040 657.786
-999.250 -999.250 -999.250 -999.250 -999.250 342.895 338.393 337.749 333.874 342.640 337.973 359.098 341.106 328.165 326.335 328.257 336.346 333.198 364.034 371.083 380.082 407.726 412.221 423.288 407.342 384.989 403.280 374.580 347.728 308.922 279.831 245.526 253.152 252.440 257.206 243.462 241.355 248.133 247.796 258.001 265.593 254.537 249.849 265.210 301.430 329.655 357.571 437.177 452.803 523.238 564.077 627.894 671.183 731.979 836.860 878.639 889.823 972.391 970.240 906.654 901.744 897.345 864.087 772.834
-999.250 -999.250 -999.250 -999.250 341.605 333.709 341.140 328.022 330.922 334.623 345.590 343.332 350.641 336.432 338.379 346.438 357.707 352.075 369.846 414.502 427.477 458.602 452.471 463.680 437.876 417.174 409.373 364.309 340.091 306.462 277.967 257.762 259.669 274.588 271.693 257.089 262.861 270.110 241.492 261.933 264.962 258.687 265.335 284.593 313.673 358.718 405.045 471.623 510.821 590.014 680.045 759.914 810.253 868.735 944.987 1035.821 1001.688 1046.955 1019.590 1035.937 981.692 1011.580 951.786 936.474
-999.250 -999.250 -999.250 -999.250 339.696 333.721 339.417 328.999 333.366 344.518 344.628 336.527 335.080 345.423 348.741 358.261 369.592 381.944 391.334 438.024 464.569 480.455 499.410 468.625 419.254 405.055 395.900 371.848 346.752 312.706 287.583 282.588 278.413 282.195 298.427 283.654 284.125 274.201 279.394 284.903 268.783 273.752 289.787 295.876 335.412 397.512 456.632 509.967 616.915 675.998 759.575 830.363 945.643 979.636 1040.890 1070.306 1162.159 1132.557 1162.884 1204.492 1125.550 1165.375 1023.339 979.377
-999.250 -999.250 -999.250 -999.250 320.150 339.659 337.845 336.438 340.055 347.407 353.994 343.598 348.973 348.957 348.280 358.537 373.924 420.468 423.317 451.750 468.587 460.588 474.182 459.383 429.763 406.349 375.456 362.539 342.368 325.820 299.656 297.917 298.731 305.998 321.201 317.928 314.012 294.056 309.799 285.658 273.897 276.482 297.423 299.942 343.784 389.594 474.722 540.740 640.524 758.769 867.802 932.529 1022.433 1076.897 1126.626 1215.874 1319.882 1279.685 1372.001 1411.791 1276.582 1302.547 1221.654 1135.694
-999.250 -999.250 -999.250 -999.250 327.710 339.754 336.401 341.628 345.037 338.001 353.549 344.363 350.938 351.211 352.689 362.368 400.908 405.577 456.144 460.118 457.535 465.757 450.878 447.020 415.858 401.743 361.660 346.659 337.795 324.823 310.310 298.712 307.638 319.258 337.648 356.891 330.280 296.985 293.534 275.860 272.735 270.893 282.927 307.265 342.468 440.987 513.606 615.262 711.587 838.872 944.110 1044.174 1093.611 1164.620 1298.514 1401.021 1427.940 1472.899 1509.995 1522.011 1553.258 1338.806 1306.387 1184.386
-999.250 -999.250 -999.250 -999.250 333.315 341.405 339.807 337.747 344.744 337.891 347.338 349.450 358.243 350.080 354.318 393.603 413.107 423.481 453.089 474.933 481.783 463.788 442.780 421.179 401.619 384.623 362.122 345.110 328.329 329.409 312.195 296.786 317.651 324.527 332.575 336.754 320.774 298.996 282.295 263.588 266.166 269.005 277.277 306.862 342.843 432.818 514.258 610.116 735.056 929.613 995.552 1097.909 1199.220 1335.824 1495.000 1539.216 1675.196 1736.022 1840.417 1658.954 1576.319 1510.561 1397.981 1318.931
