data/medianmodel_25-Dec-2020.asc
ncols	141
nrows	288
xllcorner	-120191.398
yllcorner	-301404.813
cellsize	2000.000
NODATA_value	-999.250
[rows 232 to 260 of 288, columns 0 to 63 of 141]
-999.250 -999.250 -999.250 -999.250 -999.250 -999.250 -999.250 -999.250 -999.250 -999.250 -999.250 -999.250 -999.250 -999.250 -999.250 -999.250 -999.250 -999.250 -999.250 -999.250 -999.250 -999.250 -999.250 -999.250 -999.250 -999.250 -999.250 89.553 74.110 69.644 61.609 65.622 63.956 67.708 77.295 92.050 107.767 111.343 112.514 98.570 79.338 87.290 77.284 66.518 57.893 46.627 36.014 33.237 24.980 12.552 11.641 11.488 12.802 21.719 12.678 20.145 12.570 19.946 34.489 48.645 60.967 69.013 95.984 133.594
-999.250 -999.250 -999.250 -999.250 -999.250 -999.250 -999.250 -999.250 -999.250 -999.250 -999.250 -999.250 -999.250 -999.250 -999.250 -999.250 -999.250 -999.250 -999.250 -999.250 -999.250 -999.250 -999.250 -999.250 -999.250 -999.250 -999.250 -999.250 93.900 78.444 75.593 63.960 61.586 63.548 70.167 81.821 96.843 112.181 104.772 107.715 94.912 76.790 65.341 56.728 48.547 50.138 34.745 29.475 22.530 10.377 9.215 4.290 1.811 7.116 13.112 14.325 8.201 10.688 23.606 45.325 59.585 72.478 87.697 110.595
-999.250 -999.250 -999.250 -999.250 -999.250 -999.250 -999.250 -999.250 -999.250 -999.250 -999.250 -999.250 -999.250 -999.250 -999.250 -999.250 -999.250 -999.250 -999.250 -999.250 -999.250 -999.250 -999.250 -999.250 -999.250 -999.250 -999.250 -999.250 -999.250 -999.250 86.004 73.690 65.575 73.863 80.523 98.383 89.227 107.172 111.883 105.029 91.640 77.609 70.483 66.098 55.714 32.820 22.460 16.257 13.780 10.769 2.502 0.000 0.022 2.796 5.909 1.945 4.183 14.824 16.879 45.652 53.671 68.205 102.298 120.742
-999.250 -999.250 -999.250 -999.250 -999.250 -999.250 -999.250 -999.250 -999.250 -999.250 -999.250 -999.250 -999.250 -999.250 -999.250 -999.250 -999.250 -999.250 -999.250 -999.250 -999.250 -999.250 -999.250 -999.250 -999.250 -999.250 -999.250 -999.250 -999.250 -999.250 90.749 91.830 89.774 72.887 94.589 104.549 105.986 108.770 110.663 107.896 92.010 94.109 78.734 74.367 55.867 38.109 29.316 14.990 10.749 1.992 0.000 1.153 0.000 0.115 1.739 2.916 0.000 3.936 19.737 40.580 53.753 70.540 71.525 109.408
-999.250 -999.250 -999.250 -999.250 -999.250 -999.250 -999.250 -999.250 -999.250 -999.250 -999.250 -999.250 -999.250 -999.250 -999.250 -999.250 -999.250 -999.250 -999.250 -999.250 -999.250 -999.250 -999.250 -999.250 -999.250 -999.250 -999.250 -999.250 -999.250 -999.250 119.160 108.587 109.029 101.963 106.726 116.090 123.292 119.326 123.326 118.863 117.852 105.394 77.405 72.111 57.411 51.661 34.072 24.103 11.615 6.570 2.398 0.000 0.000 0.000 0.000 0.000 0.000 6.355 17.460 36.377 43.986 56.394 81.290 113.185
-999.250 -999.250 -999.250 -999.250 -999.250 -999.250 -999.250 -999.250 -999.250 -999.250 -999.250 -999.250 -999.250 -999.250 -999.250 -999.250 -999.250 -999.250 -999.250 -999.250 -999.250 -999.250 -999.250 -999.250 -999.250 -999.250 -999.250 -999.250 -999.250 -999.250 -999.250 116.906 126.406 123.204 118.082 121.975 130.929 122.925 131.719 126.983 116.634 115.145 106.426 81.184 75.288 45.012 30.722 27.141 15.712 1.633 0.168 0.000 0.000 0.000 0.000 0.000 0.472 6.226 11.695 33.848 35.099 63.783 84.551 115.134
-999.250 -999.250 -999.250 -999.250 -999.250 -999.250 -999.250 -999.250 -999.250 -999.250 -999.250 -999.250 -999.250 -999.250 -999.250 -999.250 -999.250 -999.250 -999.250 -999.250 -999.250 -999.250 -999.250 -999.250 -999.250 -999.250 -999.250 -999.250 -999.250 -999.250 143.299 138.615 131.047 146.097 144.650 150.395 143.260 147.487 135.643 130.580 134.261 126.351 108.947 102.149 68.344 48.716 27.337 20.584 17.078 5.977 0.000 0.000 0.000 0.000 0.000 0.000 0.000 5.339 16.717 20.722 44.002 67.071 80.672 111.925
-999.250 -999.250 -999.250 -999.250 -999.250 -999.250 -999.250 -999.250 -999.250 -999.250 -999.250 -999.250 -999.250 -999.250 -999.250 -999.250 -999.250 -999.250 -999.250 -999.250 -999.250 -999.250 -999.250 -999.250 -999.250 -999.250 -999.250 -999.250 -999.250 -999.250 -999.250 155.596 149.969 148.538 145.065 156.297 157.706 166.213 155.445 140.951 141.064 141.926 114.136 106.491 84.966 63.665 42.609 20.161 18.362 6.896 2.966 0.000 0.000 0.000 0.000 0.000 0.000 9.428 19.441 24.790 40.966 59.743 80.552 114.136
-999.250 -999.250 -999.250 -999.250 -999.250 -999.250 -999.250 -999.250 -999.250 -999.250 -999.250 -999.250 -999.250 -999.250 -999.250 -999.250 -999.250 -999.250 -999.250 -999.250 -999.250 -999.250 -999.250 -999.250 -999.250 -999.250 -999.250 -999.250 -999.250 -999.250 193.393 170.394 166.982 151.717 165.572 154.235 162.816 172.431 157.571 160.274 165.912 144.035 134.230 120.016 103.100 86.038 51.601 43.340 34.879 15.952 9.641 0.000 0.000 0.000 0.000 0.000 0.000 2.721 15.467 26.300 45.292 62.222 83.949 121.016
-999.250 -999.250 -999.250 -999.250 -999.250 -999.250 -999.250 -999.250 -999.250 -999.250 -999.250 -999.250 -999.250 -999.250 -999.250 -999.250 -999.250 -999.250 -999.250 -999.250 -999.250 -999.250 -999.250 -999.250 -999.250 -999.250 -999.250 -999.250 -999.250 -999.250 186.829 180.593 170.287 181.539 166.327 174.507 188.471 205.338 210.422 182.413 176.406 159.757 146.786 134.122 112.220 108.756 73.601 61.718 40.462 20.944 5.672 0.000 0.000 0.000 0.000 0.000 0.000 7.749 13.861 27.126 57.273 79.000 98.004 117.029
-999.250 -999.250 -999.250 -999.250 -999.250 -999.250 -999.250 -999.250 -999.250 -999.250 -999.250 -999.250 -999.250 -999.250 -999.250 -999.250 -999.250 -999.250 -999.250 -999.250 -999.250 -999.250 -999.250 -999.250 -999.250 -999.250 -999.250 -999.250 -999.250 -999.250 192.787 219.796 195.416 186.655 223.021 215.802 228.572 204.855 225.978 219.343 210.218 191.044 174.285 153.329 148.992 129.414 105.058 82.965 54.655 40.923 12.167 2.971 0.000 0.000 0.000 0.000 0.080 4.334 14.643 38.101 62.652 90.454 107.831 119.742
-999.250 -999.250 -999.250 -999.250 -999.250 -999.250 -999.250 -999.250 -999.250 -999.250 -999.250 -999.250 -999.250 -999.250 -999.250 -999.250 -999.250 -999.250 -999.250 -999.250 -999.250 -999.250 -999.250 -999.250 -999.250 -999.250 -999.250 -999.250 -999.250 -999.250 234.183 221.206 223.963 230.893 219.681 227.748 236.135 252.450 248.120 241.218 221.013 232.405 214.204 193.809 166.450 149.270 126.164 90.936 75.612 50.476 22.016 19.755 4.261 0.000 0.000 0.000 1.296 10.328 26.425 49.216 70.334 92.644 122.642 130.545
-999.250 -999.250 -999.250 -999.250 -999.250 -999.250 -999.250 -999.250 -999.250 -999.250 -999.250 -999.250 -999.250 -999.250 -999.250 -999.250 -999.250 -999.250 -999.250 -999.250 -999.250 -999.250 -999.250 -999.250 -999.250 -999.250 -999.250 -999.250 -999.250 -999.250 248.841 223.212 247.071 233.123 232.666 253.666 263.827 270.261 262.802 257.758 258.146 242.431 227.448 202.473 185.604 147.470 132.197 127.917 80.254 56.210 39.065 21.007 8.269 2.615 0.000 0.505 0.466 11.188 32.942 54.619 81.513 112.659 132.728 144.398
-999.250 -999.250 -999.250 -999.250 -999.250 -999.250 -999.250 -999.250 -999.250 -999.250 -999.250 -999.250 -999.250 -999.250 -999.250 -999.250 -999.250 -999.250 -999.250 -999.250 -999.250 -999.250 -999.250 -999.250 -999.250 -999.250 -999.250 -999.250 -999.250 -999.250 -999.250 251.657 261.796 256.944 257.788 260.580 274.981 294.685 271.066 282.093 261.862 258.005 255.737 241.221 200.743 183.946 146.403 136.175 97.523 66.622 43.208 23.500 16.246 3.851 0.000 2.959 3.580 16.974 41.343 60.630 100.505 143.906 139.923 150.351
-999.250 -999.250 -999.250 -999.250 -999.250 -999.250 -999.250 -999.250 -999.250 -999.250 -999.250 -999.250 -999.250 -999.250 -999.250 -999.250 -999.250 -999.250 -999.250 -999.250 -999.250 -999.250 -999.250 -999.250 -999.250 -999.250 -999.250 -999.250 -999.250 -999.250 -999.250 281.730 267.715 289.018 288.525 296.716 303.951 318.989 306.967 298.121 297.273 286.513 272.825 250.195 222.087 190.167 148.375 133.485 102.322 88.223 66.074 40.784 20.865 9.621 2.549 5.135 5.652 23.595 31.322 58.455 83.200 118.853 133.808 154.411
-999.250 -999.250 -999.250 -999.250 -999.250 -999.250 -999.250 -999.250 -999.250 -999.250 -999.250 -999.250 -999.250 -999.250 -999.250 -999.250 -999.250 -999.250 -999.250 -999.250 -999.250 -999.250 -999.250 -999.250 -999.250 -999.250 -999.250 -999.250 -999.250 -999.250 280.700 306.027 300.696 296.765 307.057 311.313 327.847 341.804 332.376 328.255 316.693 306.985 288.208 263.793 236.450 204.263 169.651 146.824 110.739 87.701 71.595 47.735 27.117 15.004 5.931 6.388 11.724 17.282 30.883 52.985 70.852 103.477 118.928 138.304
-999.250 -999.250 -999.250 -999.250 -999.250 -999.250 -999.250 -999.250 -999.250 -999.250 -999.250 -999.250 -999.250 -999.250 -999.250 -999.250 -999.250 -999.250 -999.250 -999.250 -999.250 -999.250 -999.250 -999.250 -999.250 -999.250 -999.250 -999.250 -999.250 -999.250 300.559 314.861 307.591 327.730 313.728 340.787 345.601 349.896 355.496 350.268 342.362 326.157 317.989 282.250 249.256 207.988 180.192 159.168 129.761 106.007 79.315 48.394 30.764 14.037 17.168 11.033 11.764 20.022 25.508 42.116 62.893 74.427 97.998 115.217
-999.250 -999.250 -999.250 -999.250 -999.250 -999.250 -999.250 -999.250 -999.250 -999.250 -999.250 -999.250 -999.250 -999.250 -999.250 -999.250 -999.250 -999.250 -999.250 -999.250 -999.250 -999.250 -999.250 -999.250 -999.250 -999.250 -999.250 -999.250 -999.250 -999.250 320.170 323.409 328.894 347.047 351.629 353.993 365.206 369.991 369.199 373.401 362.722 348.729 330.831 284.807 250.967 211.820 182.729 147.482 132.411 113.651 76.312 61.750 36.094 26.899 25.043 21.706 18.945 18.751 33.995 46.107 59.628 72.448 80.112 103.991
-999.250 -999.250 -999.250 -999.250 -999.250 -999.250 -999.250 -999.250 -999.250 -999.250 -999.250 -999.250 -999.250 -999.250 -999.250 -999.250 -999.250 -999.250 -999.250 -999.250 -999.250 -999.250 -999.250 -999.250 -999.250 -999.250 -999.250 -999.250 -999.250 -999.250 326.304 343.673 333.553 347.338 371.965 360.409 368.506 390.517 418.321 426.164 416.407 360.870 317.159 282.352 261.166 222.191 170.985 148.610 133.696 112.546 82.368 58.612 51.861 39.820 21.640 20.892 19.413 20.689 28.512 45.814 48.863 64.507 69.868 87.299
-999.250 -999.250 -999.250 -999.250 -999.250 -999.250 -999.250 -999.250 -999.250 -999.250 -999.250 -999.250 -999.250 -999.250 -999.250 -999.250 -999.250 -999.250 -999.250 -999.250 -999.250 -999.250 -999.250 -999.250 -999.250 -999.250 -999.250 -999.250 -999.250 -999.250 335.076 348.828 336.987 348.345 365.677 365.175 403.759 405.942 440.508 465.267 419.827 356.390 333.657 286.659 260.932 231.365 185.345 155.888 140.943 130.288 108.029 68.137 56.476 45.020 27.078 24.431 19.457 22.572 30.332 35.331 49.124 53.829 70.172 74.651
-999.250 -999.250 -999.250 -999.250 -999.250 -999.250 -999.250 -999.250 -999.250 -999.250 -999.250 -999.250 -999.250 -999.250 -999.250 -999.250 -999.250 -999.250 -999.250 -999.250 -999.250 -999.250 -999.250 -999.250 -999.250 -999.250 -999.250 -999.250 -999.250 341.457 338.982 358.344 347.391 350.109 357.923 357.418 387.226 388.510 413.509 425.939 382.797 350.094 322.426 287.069 249.178 224.350 195.001 160.259 141.817 132.209 113.996 74.658 67.057 44.077 25.602 26.849 17.431 26.829 33.218 32.714 40.637 49.309 60.273 60.009
-999.250 -999.250 -999.250 -999.250 -999.250 -999.250 -999.250 -999.250 -999.250 -999.250 -999.250 -999.250 -999.250 -999.250 -999.250 -999.250 -999.250 -999.250 -999.250 -999.250 -999.250 -999.250 -999.250 -999.250 -999.250 -999.250 -999.250 -999.250 -999.250 -999.250 338.194 339.590 344.443 352.199 349.909 363.824 371.971 379.903 386.281 381.879 361.911 342.855 314.805 276.408 256.150 235.036 201.700 166.381 135.703 123.266 106.663 93.253 65.627 57.742 40.982 20.155 22.014 25.131 27.385 40.011 53.600 46.310 57.496 60.904
-999.250 -999.250 -999.250 -999.250 -999.250 -999.250 -999.250 -999.250 -999.250 -999.250 -999.250 -999.250 -999.250 -999.250 -999.250 -999.250 -999.250 -999.250 -999.250 -999.250 -999.250 -999.250 -999.250 -999.250 -999.250 -999.250 -999.250 -999.250 -999.250 -999.250 344.884 344.499 352.887 351.717 340.645 350.038 351.864 363.110 354.565 349.052 342.659 334.383 304.870 280.028 250.774 230.086 198.234 159.080 138.133 125.909 111.818 81.539 69.399 50.123 34.827 33.897 37.309 29.197 22.895 43.887 41.656 43.394 44.603 54.970
-999.250 -999.250 -999.250 -999.250 -999.250 -999.250 -999.250 -999.250 -999.250 -999.250 -999.250 -999.250 -999.250 -999.250 -999.250 -999.250 -999.250 -999.250 -999.250 -999.250 -999.250 -999.250 -999.250 -999.250 -999.250 -999.250 -999.250 -999.250 -999.250 -999.250 -999.250 340.990 348.399 341.716 335.295 334.815 333.358 332.071 333.828 337.171 338.947 302.247 281.002 266.757 231.425 216.911 170.470 156.842 137.603 119.244 108.219 87.436 65.882 54.021 50.399 46.485 37.450 45.637 39.472 39.397 39.423 35.624 47.477 57.130
-999.250 -999.250 -999.250 -999.250 -999.250 -999.250 -999.250 -999.250 -999.250 -999.250 -999.250 -999.250 -999.250 -999.250 -999.250 -999.250 -999.250 -999.250 -999.250 -999.250 -999.250 -999.250 -999.250 -999.250 -999.250 -999.250 -999.250 -999.250 -999.250 -999.250 -999.250 317.016 317.695 311.862 325.563 332.713 338.274 333.871 331.275 323.765 298.288 287.275 266.581 245.944 210.149 192.224 169.433 146.212 135.217 121.407 106.830 86.759 74.518 65.967 53.394 60.898 54.239 47.280 38.216 44.271 45.628 45.661 54.125 54.784
-999.250 -999.250 -999.250 -999.250 -999.250 -999.250 -999.250 -999.250 -999.250 -999.250 -999.250 -999.250 -999.250 -999.250 -999.250 -999.250 -999.250 -999.250 -999.250 -999.250 -999.250 -999.250 -999.250 -999.250 -999.250 -999.250 -999.250 -999.250 -999.250 -999.250 284.546 291.642 295.193 309.204 305.415 306.480 315.716 305.222 307.244 298.267 276.028 269.496 260.883 233.363 207.933 187.771 154.918 140.407 140.915 126.029 108.659 91.944 74.952 72.611 68.550 52.508 54.116 54.414 49.422 50.195 46.398 52.631 48.832 64.324
-999.250 -999.250 -999.250 -999.250 -999.250 -999.250 -999.250 -999.250 -999.250 -999.250 -999.250 -999.250 -999.250 -999.250 -999.250 -999.250 -999.250 -999.250 -999.250 -999.250 -999.250 -999.250 -999.250 -999.250 -999.250 -999.250 -999.250 -999.250 -999.250 -999.250 284.780 266.652 275.834 281.766 284.098 287.824 286.709 283.854 277.850 266.208 243.094 234.647 242.279 209.882 189.917 165.077 159.940 146.539 136.046 123.063 103.883 94.888 93.856 69.584 57.125 58.675 60.021 53.275 52.401 61.862 54.313 55.824 61.408 58.499
-999.250 -999.250 -999.250 -999.250 -999.250 -999.250 -999.250 -999.250 -999.250 -999.250 -999.250 -999.250 -999.250 -999.250 -999.250 -999.250 -999.250 -999.250 -999.250 -999.250 -999.250 -999.250 -999.250 -999.250 -999.250 -999.250 -999.250 -999.250 -999.250 -999.250 268.617 270.692 280.408 259.884 273.896 269.020 266.126 253.642 237.411 231.909 221.200 207.498 194.645 180.221 187.781 165.091 163.787 147.134 131.019 122.712 113.716 76.898 85.404 66.304 57.514 57.527 60.357 57.784 49.337 55.065 58.954 55.516 61.115 69.231
-999.250 -999.250 -999.250 -999.250 -999.250 -999.250 -999.250 -999.250 -999.250 -999.250 -999.250 -999.250 -999.250 -999.250 -999.250 -999.250 -999.250 -999.250 -999.250 -999.250 -999.250 -999.250 -999.250 -999.250 -999.250 -999.250 -999.250 -999.250 -999.250 -999.250 243.707 271.209 267.734 248.353 241.503 260.406 240.647 211.418 214.569 206.813 195.715 172.997 162.793 190.600 169.637 156.572 156.189 149.667 133.657 112.170 104.032 97.425 88.528 67.282 74.722 65.815 57.322 66.528 56.442 49.890 52.414 70.910 68.819 66.784
