data/medianmodel_07-Feb-2021.asc
ncols	141
nrows	288
xllcorner	-120191.398
yllcorner	-301404.813
cellsize	2000.000
NODATA_value	-999.250
[rows 168 to 195 of 288, columns 0 to 63 of 141]
-999.250 -999.250 -999.250 -999.250 -999.250 1387.544 1423.768 1384.623 1333.678 1287.321 1304.444 1204.635 1173.423 1110.003 1079.046 1104.609 1115.650 1144.931 1204.919 1216.205 1282.479 1352.714 1349.510 1368.989 1360.743 1366.748 1326.277 1328.078 1274.825 1229.111 1172.752 1158.743 1143.022 1219.700 1225.693 1277.915 1245.905 1279.851 1247.386 1270.051 1314.179 1270.902 1276.325 1206.449 1127.354 1071.882 1043.526 1041.579 956.456 894.306 826.656 781.271 730.056 677.212 614.988 585.373 546.811 544.459 483.079 454.460 440.017 367.876 332.905 322.457
-999.250 -999.250 -999.250 -999.250 1508.588 1495.817 1458.524 1426.371 1385.301 1320.427 1295.341 1251.982 1226.470 1153.452 1172.426 1161.978 1194.298 1242.818 1267.146 1305.955 1349.527 1384.375 1457.106 1530.739 1477.070 1452.123 1464.059 1368.783 1305.206 1288.769 1272.053 1287.802 1228.352 1288.290 1322.467 1318.477 1345.390 1370.616 1356.107 1335.343 1316.392 1295.269 1274.299 1241.135 1181.472 1096.342 1066.832 991.585 960.091 874.555 845.303 799.283 753.517 680.279 624.477 597.474 544.331 518.137 476.617 424.872 332.184 309.371 309.760 292.711
-999.250 -999.250 -999.250 -999.250 1575.029 1501.019 1515.619 1397.845 1412.346 1397.545 1378.969 1297.566 1242.910 1196.082 1245.857 1194.975 1236.134 1242.856 1325.432 1349.583 1398.867 1478.818 1577.681 1627.298 1613.207 1576.138 1502.905 1442.686 1476.569 1341.674 1372.260 1328.877 1332.825 1365.638 1413.617 1385.384 1395.270 1464.121 1402.850 1358.973 1337.269 1330.580 1317.897 1257.120 1249.474 1139.825 1058.898 1009.491 961.521 928.227 834.257 794.445 727.062 677.266 593.729 573.370 538.845 476.598 440.814 346.920 323.377 313.553 283.870 286.713
-999.250 -999.250 -999.250 -999.250 1618.378 1521.729 1558.568 1544.782 1535.680 1522.770 1399.273 1359.715 1287.678 1277.510 1238.501 1281.153 1267.506 1332.427 1349.471 1377.700 1472.871 1548.685 1631.089 1672.195 1619.263 1622.103 1587.152 1544.264 1547.746 1455.902 1430.024 1389.286 1426.914 1419.535 1463.468 1504.443 1544.379 1500.697 1429.837 1452.940 1441.882 1341.096 1330.582 1299.259 1241.507 1161.790 1108.285 1053.872 988.790 851.886 875.820 773.665 742.114 667.008 600.534 559.788 524.578 463.909 418.328 334.199 297.231 300.234 287.195 264.585
-999.250 -999.250 -999.250 -999.250 1660.668 1625.881 1639.475 1618.133 1589.834 1541.890 1525.847 1404.561 1357.892 1310.262 1301.329 1327.121 1330.280 1345.647 1370.403 1474.175 1544.137 1607.990 1643.690 1655.324 1626.273 1635.998 1582.537 1599.798 1557.566 1565.493 1497.767 1432.586 1438.898 1507.146 1541.112 1582.531 1573.197 1545.804 1458.966 1483.785 1429.372 1369.194 1332.228 1296.741 1288.419 1239.252 1101.425 1062.359 976.559 930.662 874.037 792.155 720.383 652.431 593.230 564.175 529.049 458.820 417.433 331.052 305.400 298.911 293.434 291.589
-999.250 -999.250 -999.250 -999.250 1705.083 1697.286 1687.943 1634.919 1623.454 1586.558 1543.461 1462.742 1405.322 1381.834 1364.562 1323.149 1333.208 1353.729 1396.248 1498.012 1527.327 1617.775 1656.697 1681.849 1666.623 1620.829 1653.696 1614.806 1592.452 1554.736 1576.029 1538.266 1516.709 1556.239 1590.303 1611.996 1597.347 1591.135 1552.694 1464.132 1470.684 1370.310 1294.656 1311.312 1283.797 1172.445 1104.046 1031.388 1008.947 943.292 846.990 801.707 705.572 651.360 580.503 527.100 485.859 427.524 355.232 295.875 293.197 288.549 295.242 304.215
-999.250 -999.250 -999.250 -999.250 1716.809 1711.383 1696.566 1665.727 1660.765 1665.089 1633.780 1569.217 1537.418 1446.499 1447.273 1400.262 1394.883 1417.408 1457.979 1492.344 1598.182 1660.698 1665.811 1714.621 1734.728 1691.561 1711.396 1651.138 1638.238 1627.382 1565.115 1560.604 1547.465 1566.473 1593.178 1652.470 1596.964 1591.496 1611.970 1517.346 1450.894 1412.761 1344.629 1303.694 1272.844 1187.459 1080.610 1034.854 994.875 928.352 852.728 753.860 705.080 651.308 588.509 521.165 460.592 393.464 346.165 304.531 306.698 291.221 284.314 318.205
-999.250 -999.250 -999.250 -999.250 1736.482 1738.402 1750.709 1752.707 1715.121 1708.478 1668.474 1606.572 1625.960 1612.538 1569.477 1486.558 1442.760 1528.410 1512.199 1587.598 1668.430 1688.712 1739.768 1755.245 1763.381 1769.811 1726.155 1707.513 1668.633 1667.251 1611.593 1622.240 1559.245 1579.354 1565.012 1592.966 1608.668 1582.100 1584.693 1490.097 1412.762 1375.070 1384.121 1337.672 1234.349 1198.115 1106.831 1041.147 969.859 926.949 838.147 762.695 706.183 644.209 568.417 511.600 430.235 351.734 356.910 322.244 311.145 312.863 317.529 338.337
-999.250 -999.250 -999.250 -999.250 1731.135 1787.082 1756.036 1814.516 1800.399 1740.555 1760.058 1722.618 1684.901 1660.911 1621.577 1598.267 1591.770 1612.734 1658.923 1697.244 1732.052 1755.917 1767.469 1788.829 1777.259 1783.404 1745.509 1758.352 1690.606 1668.670 1607.199 1634.530 1621.835 1550.484 1599.935 1565.872 1584.379 1534.179 1517.709 1444.692 1452.933 1426.032 1369.440 1350.810 1257.113 1149.369 1077.676 1041.399 951.786 905.286 842.552 767.658 719.350 650.285 553.375 510.889 434.400 338.328 325.035 317.890 343.681 328.420 341.055 333.995
-999.250 -999.250 -999.250 -999.250 1743.352 1819.714 1829.003 1797.777 1825.049 1858.979 1828.270 1776.022 1754.743 1680.699 1653.556 1665.563 1638.044 1680.199 1756.168 1779.907 1791.112 1819.361 1800.148 1827.059 1805.219 1833.838 1740.483 1732.651 1690.853 1683.561 1621.907 1624.136 1607.082 1575.025 1536.018 1542.388 1575.118 1556.581 1460.028 1532.456 1457.315 1377.629 1351.303 1289.124 1217.250 1112.932 1073.895 1053.084 957.792 908.311 868.763 774.870 735.444 644.350 566.419 525.676 467.541 399.096 360.736 369.186 369.911 359.298 365.563 410.796
-999.250 -999.250 -999.250 -999.250 1773.588 1802.879 1818.035 1823.349 1853.817 1896.739 1867.367 1832.777 1770.437 1719.962 1705.740 1680.288 1711.149 1748.766 1796.360 1846.369 1909.777 1889.110 1852.122 1906.521 1910.900 1850.086 1739.171 1673.357 1654.710 1642.839 1611.731 1607.667 1552.489 1568.542 1517.547 1559.789 1565.046 1495.874 1533.388 1431.470 1427.393 1361.755 1343.897 1256.541 1136.582 1085.647 1073.285 1036.840 934.962 866.214 813.468 776.205 718.040 655.449 593.982 542.977 509.430 445.322 418.343 439.516 427.203 457.743 439.881 454.055
-999.250 -999.250 -999.250 1709.721 1768.230 1805.619 1830.000 1829.089 1902.302 1868.770 1918.933 1884.000 1800.917 1805.451 1749.297 1744.347 1768.784 1764.025 1830.460 1896.626 2016.808 1953.662 1884.975 1899.169 1902.342 1792.979 1753.302 1754.158 1673.842 1681.511 1640.039 1606.989 1557.565 1490.728 1517.761 1443.099 1555.696 1522.495 1517.061 1403.146 1349.902 1325.516 1283.981 1225.459 1141.134 1092.423 1028.261 978.082 901.122 856.894 772.141 751.036 689.236 651.843 578.298 555.792 536.318 506.724 473.971 466.129 487.485 506.387 492.953 512.880
-999.250 -999.250 -999.250 1734.335 1793.868 1800.650 1846.983 1858.698 1941.565 1865.796 1838.538 1929.675 1848.486 1789.846 1789.819 1778.005 1763.211 1804.394 1815.962 1921.552 1969.556 1908.013 1913.101 1901.754 1903.962 1801.461 1744.699 1725.945 1683.509 1670.965 1602.510 1559.018 1526.836 1474.413 1451.615 1404.837 1412.768 1385.066 1355.899 1346.357 1303.463 1279.356 1211.854 1184.460 1121.603 1078.890 1003.372 963.186 918.690 824.784 768.807 709.332 679.220 641.552 580.837 547.953 539.003 523.469 482.010 516.912 547.049 542.177 539.007 554.185
-999.250 -999.250 -999.250 1737.851 1810.255 1843.252 1847.902 1888.706 1871.408 1876.757 1886.537 1911.988 1855.932 1850.002 1812.907 1810.077 1812.407 1827.257 1845.155 1886.212 1904.428 1925.194 1876.231 1889.783 1870.166 1825.957 1762.939 1702.369 1682.186 1622.727 1612.869 1554.416 1534.655 1521.678 1490.400 1403.705 1378.733 1371.402 1321.317 1311.795 1278.369 1225.139 1123.329 1083.507 1069.332 1067.341 1005.642 926.249 849.754 813.212 728.550 723.326 671.983 633.693 612.661 563.755 561.045 552.993 555.316 556.395 576.912 580.293 578.788 589.621
-999.250 -999.250 1749.048 1745.642 1820.877 1866.245 1919.842 1868.292 1899.062 1844.952 1958.548 1930.357 1910.981 1865.559 1858.892 1853.319 1847.736 1823.032 1834.507 1874.306 1881.115 1807.126 1839.826 1789.722 1822.602 1796.400 1729.066 1738.747 1657.543 1635.655 1586.722 1571.930 1482.914 1483.699 1460.232 1425.920 1368.673 1332.020 1303.127 1231.253 1164.996 1172.786 1090.413 1077.586 1046.797 987.237 942.632 892.881 852.820 796.011 732.114 704.661 680.451 647.364 622.583 587.474 575.194 567.867 580.168 580.192 598.313 634.092 649.881 658.226
-999.250 -999.250 1686.347 1737.990 1832.950 1867.283 1870.319 1866.197 1947.183 1906.806 1909.614 2001.650 2003.482 1949.490 1872.697 1828.923 1811.432 1827.484 1845.444 1826.198 -999.250 1805.119 1792.029 1741.780 1724.382 1725.549 1695.030 1710.412 1666.592 1565.257 1577.526 1579.131 1453.093 1469.407 1424.967 1427.086 1322.558 1298.819 1332.354 1216.055 1131.881 1144.645 1105.212 1093.435 1016.437 961.030 882.173 838.569 799.885 775.730 759.208 689.221 651.073 654.446 642.399 610.983 589.775 577.030 594.690 610.761 642.076 694.129 694.671 696.196
-999.250 1659.986 1687.908 1770.094 1812.644 1876.214 1907.222 1867.922 1983.703 2029.497 1984.434 1989.986 2021.204 2018.049 1910.109 1876.144 1813.868 1812.978 1820.517 -999.250 -999.250 1739.073 1717.255 1721.675 1734.000 1724.574 1692.342 1669.915 1664.171 1636.249 1567.138 1543.155 1480.947 1400.615 1440.258 1336.075 1314.647 1292.453 1248.391 1147.035 1151.056 1068.874 1060.077 1039.789 997.119 890.355 824.846 807.440 761.449 721.072 692.680 675.249 637.172 641.128 620.002 630.910 609.643 586.839 638.484 664.211 674.568 713.807 739.628 789.879
-999.250 1673.214 1674.788 1727.251 1833.916 1851.334 1876.898 1879.707 1948.820 2057.885 2046.778 2007.096 1985.657 2013.734 2036.792 1906.144 1818.723 1788.505 -999.250 -999.250 -999.250 -999.250 1676.735 1701.900 1700.777 1657.559 1672.956 1681.101 1683.873 1641.226 1607.638 1607.026 1557.677 1520.262 1448.431 1349.655 1345.755 1281.275 1163.657 1119.102 1094.237 1065.801 991.442 942.246 931.722 849.881 793.701 774.733 733.953 690.715 676.062 653.116 609.271 620.494 650.237 631.326 626.681 620.773 642.774 657.688 692.149 754.670 805.818 870.587
1594.804 1654.128 1674.254 1683.881 1719.785 1778.507 1860.845 1855.579 1966.867 2046.234 2028.270 2040.690 1994.478 1964.933 1904.656 1858.961 1818.636 1784.989 -999.250 -999.250 -999.250 -999.250 -999.250 1622.803 1615.478 1637.635 1665.533 1584.142 1630.742 1638.657 1610.634 1609.379 1600.909 1577.888 1420.817 1349.463 1318.566 1285.403 1234.991 1139.608 1071.839 1030.536 980.590 932.047 871.348 859.179 790.832 765.010 706.455 670.241 656.812 638.340 640.585 622.262 626.458 647.814 624.885 632.557 644.926 688.556 724.733 780.512 835.498 887.603
-999.250 1608.665 1645.891 1639.276 1668.217 1754.231 1809.222 1835.401 1912.554 1954.521 1957.361 1951.818 1901.079 1874.246 1836.988 1832.528 1776.309 1738.329 -999.250 -999.250 -999.250 -999.250 1535.872 1560.855 1594.076 1596.633 1612.958 1604.706 1637.076 1603.830 1652.360 1605.505 1591.719 1532.638 1455.464 1364.159 1247.861 1256.357 1181.144 1149.831 1085.725 1009.445 946.568 892.066 866.234 818.630 746.763 721.853 702.546 651.556 645.120 658.439 644.188 630.486 623.534 609.671 642.417 645.844 676.821 718.503 787.125 821.258 847.105 929.745
-999.250 1515.438 1591.434 1645.473 1670.803 1667.827 1779.572 1776.617 1819.070 1838.254 1925.385 1873.739 1839.931 1807.969 1776.422 1747.741 1730.231 1703.579 -999.250 -999.250 -999.250 1483.108 -999.250 1448.283 1549.342 1586.326 1621.304 1647.461 1683.564 1627.909 1627.165 1612.419 1571.440 1515.975 1446.970 1397.081 1296.947 1248.692 1199.366 1100.570 1076.775 1020.557 920.829 864.090 810.996 758.246 681.624 666.728 674.473 676.645 644.721 633.716 647.740 625.615 642.972 601.865 653.503 647.034 675.289 727.479 776.135 808.173 857.114 925.280
-999.250 1553.920 1547.598 1592.961 1618.143 1708.966 1748.311 1750.598 1754.090 1787.750 1844.033 1809.884 1768.251 1743.217 1743.770 1700.262 1700.943 -999.250 -999.250 -999.250 -999.250 1429.606 1380.803 1403.719 1478.380 1573.636 1644.297 1633.641 1692.388 1708.721 1682.172 1635.798 1616.789 1558.461 1512.432 1384.013 1319.591 1247.924 1173.907 1138.935 1070.954 989.144 861.145 817.505 753.984 703.208 667.089 624.201 634.871 626.771 622.549 636.581 636.343 646.117 627.167 631.517 642.379 675.793 688.366 733.560 768.165 804.722 869.514 897.466
-999.250 1517.370 1507.584 1531.778 1630.957 1657.441 1703.871 1719.637 1750.924 1777.767 1734.828 1748.512 1748.465 1725.696 1712.081 1681.604 1690.904 -999.250 -999.250 -999.250 1501.394 1424.022 1303.503 1457.215 1542.423 1654.664 1695.198 1704.818 1682.923 1702.118 1686.724 1682.935 1677.953 1615.762 1495.218 1465.330 1331.835 1221.283 1221.352 1097.484 1005.547 947.570 848.356 770.854 715.604 643.950 641.603 592.446 616.226 616.111 632.356 624.437 633.413 663.920 644.078 644.176 658.839 690.646 721.493 707.080 735.082 797.662 856.646 878.797
-999.250 -999.250 -999.250 1571.413 -999.250 -999.250 1699.287 1728.480 1748.953 -999.250 -999.250 -999.250 1733.229 1729.323 -999.250 -999.250 -999.250 -999.250 -999.250 -999.250 1620.561 1591.828 1525.607 1563.196 1645.130 1705.454 1744.540 1744.668 1750.298 1755.288 1726.511 1741.303 1730.398 1659.457 1583.303 1470.002 1349.411 1257.928 1207.030 1142.037 1048.729 922.726 849.105 764.829 688.732 608.384 593.343 598.697 614.014 623.324 627.215 630.283 667.024 616.976 655.842 659.894 675.759 695.337 703.852 728.494 743.785 780.977 803.705 840.017
-999.250 -999.250 -999.250 -999.250 -999.250 -999.250 -999.250 -999.250 -999.250 -999.250 -999.250 -999.250 -999.250 1708.255 1700.584 1731.325 -999.250 -999.250 -999.250 1744.642 1722.786 1684.773 1668.556 1709.152 1785.034 1822.898 1845.581 1799.649 1813.732 1839.479 1813.866 1765.506 1752.838 1685.528 1608.347 1516.804 1395.816 1274.139 1239.914 1131.239 1038.260 933.281 870.467 790.832 679.633 568.636 582.621 581.931 620.267 636.357 631.251 639.613 655.168 630.226 637.159 660.456 677.216 700.562 708.638 769.091 765.282 772.343 802.919 844.102
-999.250 -999.250 -999.250 -999.250 -999.250 -999.250 -999.250 -999.250 -999.250 -999.250 -999.250 1666.272 1727.979 1709.109 1694.547 1692.509 -999.250 -999.250 1788.322 1848.377 1834.531 1806.944 1804.445 1856.963 1889.282 1892.980 1965.325 1951.544 1934.895 1932.826 1917.488 1829.848 1802.689 1695.944 1635.350 1520.883 1495.446 1378.315 1278.264 1134.936 1010.054 974.890 875.358 787.611 700.936 646.494 611.602 603.989 627.521 613.873 624.898 672.733 676.645 647.249 640.340 669.417 671.055 687.190 732.715 752.533 767.274 777.125 793.791 798.642
-999.250 -999.250 -999.250 -999.250 -999.250 -999.250 -999.250 -999.250 -999.250 -999.250 -999.250 1672.022 1692.497 1722.160 1736.394 1741.990 1746.627 1810.487 1849.693 1874.583 1891.737 1964.072 1927.178 1952.187 2013.225 2017.541 2084.987 2032.493 2024.115 2029.225 1995.210 1965.690 1823.031 1790.024 1681.423 1611.039 1587.048 1401.778 1264.874 1223.055 1122.935 998.992 904.205 802.761 759.791 695.018 671.470 636.908 646.402 666.213 642.233 664.725 650.253 660.353 671.146 694.740 703.169 681.379 703.072 721.723 728.284 745.538 775.139 795.010
-999.250 -999.250 -999.250 -999.250 -999.250 -999.250 -999.250 -999.250 -999.250 -999.250 -999.250 -999.250 1745.638 1810.245 1781.572 1767.991 1750.203 1831.433 1871.636 1948.143 1969.516 1980.791 2024.172 2038.067 2062.460 2113.882 2094.798 2126.041 2054.896 2078.735 2030.090 1946.252 1878.687 1807.917 1723.820 1667.257 1567.016 1471.556 1325.344 1208.073 1100.328 1062.753 964.822 885.457 788.255 752.305 725.590 699.584 685.747 681.483 641.018 679.819 680.485 687.972 685.186 685.362 668.926 689.165 706.077 705.042 721.850 732.081 756.986 767.792
