data/medianmodel_23-May-2020.asc
ncols	141
nrows	288
xllcorner	-120191.398
yllcorner	-301404.813
cellsize	2000.000
NODATA_value	-999.250
[rows 31 to 61 of 288, columns 70 to 139 of 141]
4.774 3.310 1.591 4.863 3.425 3.849 6.172 3.849 4.487 4.567 6.281 7.267 4.289 4.735 2.871 4.495 3.174 3.068 1.028 1.443 0.182 0.839 0.000 0.000 0.000 0.000 0.000 0.957 2.826 3.966 5.471 8.255 7.370 7.963 6.795 7.741 6.202 7.210 6.531 6.965 6.063 5.436 6.804 5.699 6.335 6.778 8.032 7.684 7.218 8.456 7.905 11.148 13.021 9.788 15.032 15.349 22.190 20.090 17.073 12.328 10.591 12.979 14.612 13.089 11.666 9.130 8.487 11.073 11.985 9.220
4.002 3.184 1.218 2.675 5.280 4.675 6.317 4.780 5.421 5.911 6.673 8.560 8.247 4.831 5.965 6.070 4.038 3.397 1.857 1.495 3.751 1.632 1.924 0.191 0.000 0.000 0.640 2.663 2.863 3.850 3.969 6.523 5.647 5.248 6.943 8.295 10.143 8.238 8.437 8.282 7.630 6.747 4.068 5.951 6.242 5.968 6.972 7.270 6.659 7.239 6.413 8.372 10.714 10.733 12.347 15.044 17.828 19.007 13.047 13.153 11.288 13.271 14.742 11.638 13.031 10.877 10.417 9.151 11.242 9.474
4.361 1.770 0.000 0.000 1.370 4.165 5.905 5.272 7.591 9.138 10.283 7.753 8.108 7.077 5.069 3.529 4.919 3.528 3.658 4.906 4.425 4.085 4.328 2.684 1.660 0.000 1.143 1.999 2.892 1.989 3.259 5.438 4.350 4.327 8.535 10.957 9.852 11.487 13.778 10.576 7.486 5.452 6.087 5.816 5.713 4.451 5.636 6.205 7.980 8.346 8.794 8.646 10.740 12.468 12.780 15.885 18.690 15.179 14.072 17.195 12.343 12.826 13.639 12.699 13.524 11.302 10.163 9.606 9.877 -999.250
1.199 0.342 0.000 0.000 0.000 3.801 4.720 7.969 10.925 12.941 13.366 11.949 11.069 7.082 7.376 6.809 3.348 4.470 4.300 5.188 4.973 6.432 5.049 4.502 1.817 0.795 1.221 1.085 2.339 2.363 2.328 3.281 4.902 6.110 8.002 8.064 11.723 10.997 11.027 10.056 8.748 6.604 6.996 5.899 6.276 7.422 7.098 6.229 8.008 6.366 9.278 8.422 9.656 11.432 14.450 14.091 14.426 13.308 12.571 11.667 14.175 12.453 13.996 13.486 14.690 9.661 9.597 10.528 -999.250 -999.250
1.859 0.000 0.000 0.000 0.000 2.259 4.355 9.485 8.567 11.707 14.243 16.721 11.732 8.449 6.788 7.178 4.213 4.525 3.357 4.320 5.160 5.880 6.746 3.368 2.014 2.544 1.929 2.878 1.756 3.839 3.767 1.554 3.867 4.712 5.326 6.708 7.450 9.322 9.870 8.049 8.332 6.695 8.446 8.264 6.882 10.107 8.162 9.537 6.826 7.621 11.804 8.623 9.532 8.046 9.137 11.940 13.071 9.782 12.470 11.104 11.145 13.678 12.591 14.067 14.641 12.139 11.250 -999.250 -999.250 -999.250
2.845 1.964 0.000 0.000 0.000 2.284 4.954 7.436 9.839 12.070 11.707 13.153 11.140 6.839 9.010 6.282 2.516 0.798 2.044 3.286 6.386 4.285 5.227 4.860 4.133 4.107 1.325 4.322 4.729 4.597 3.086 3.327 3.680 5.777 5.168 7.807 9.183 10.507 10.654 7.559 7.574 9.393 8.230 5.749 8.499 10.842 9.849 9.360 7.294 10.316 11.241 8.235 8.090 8.137 7.257 8.812 10.923 11.035 11.715 13.698 10.314 10.537 14.072 12.749 9.900 9.591 9.354 -999.250 -999.250 -999.250
3.373 0.641 0.603 0.078 2.488 4.448 5.829 8.822 7.979 8.468 10.125 11.347 10.096 7.721 7.408 6.353 3.219 0.731 0.893 3.398 5.314 4.574 5.618 5.297 2.613 3.948 3.696 6.393 2.588 4.616 4.444 4.349 4.868 3.637 5.254 7.141 8.813 9.759 7.975 8.378 8.890 7.502 6.743 6.085 8.772 13.136 10.022 7.354 7.995 9.094 11.305 10.303 8.960 5.301 7.721 9.570 8.230 9.137 9.472 9.211 9.894 11.266 11.682 8.632 8.989 6.975 -999.250 -999.250 -999.250 -999.250
4.913 3.632 1.338 3.779 2.478 7.005 5.815 8.875 7.407 6.411 8.719 9.613 9.115 7.176 4.299 4.860 3.255 1.069 0.172 1.897 3.672 3.721 4.665 2.647 3.306 4.646 3.580 5.120 4.459 4.848 5.029 4.630 5.168 5.488 5.403 7.326 8.030 6.590 6.700 4.907 6.130 6.449 6.302 7.316 8.516 9.489 10.761 8.008 9.514 7.796 9.042 7.414 8.636 4.544 5.820 7.432 7.971 10.633 10.163 10.846 9.588 9.851 8.238 9.205 8.405 8.350 -999.250 -999.250 -999.250 -999.250
6.304 4.812 3.495 2.987 5.709 4.744 4.767 7.796 8.277 7.117 8.958 5.675 6.236 5.663 3.509 3.912 3.387 0.159 0.000 0.000 3.468 3.433 2.208 5.222 3.791 3.594 4.238 3.845 4.501 2.953 4.165 4.841 4.334 5.709 3.927 4.634 7.866 5.311 4.934 3.656 1.631 6.960 3.530 5.535 7.660 8.864 11.445 10.943 7.427 6.075 7.073 5.683 6.118 3.952 6.979 6.579 8.036 7.627 8.465 9.440 9.066 8.858 6.845 8.276 8.889 9.635 -999.250 -999.250 -999.250 -999.250
6.323 5.652 4.507 3.460 4.905 5.868 6.147 5.173 6.051 10.760 5.384 5.796 6.334 6.947 5.164 1.541 0.194 0.000 0.000 0.000 0.752 1.398 2.593 1.486 2.413 4.385 4.659 3.796 4.014 5.278 4.814 4.484 3.148 3.026 3.443 1.526 1.573 2.188 3.117 1.502 1.323 0.579 3.272 5.607 7.210 7.505 9.075 8.695 7.204 5.513 5.556 5.674 4.432 3.468 3.971 7.769 7.040 10.000 8.904 8.279 10.998 7.338 9.707 8.687 9.339 -999.250 -999.250 -999.250 -999.250 -999.250
6.720 7.165 5.354 5.527 5.978 6.506 7.478 7.894 9.145 5.735 5.491 7.872 4.811 4.777 6.438 2.517 0.000 0.000 0.000 0.000 0.647 0.806 5.734 3.644 1.939 3.309 4.793 5.552 4.455 4.097 4.466 6.611 5.782 5.025 3.691 2.566 3.204 0.957 0.000 0.021 0.650 0.860 3.541 4.565 5.424 8.271 7.070 5.751 4.486 3.689 4.416 2.692 4.655 4.340 4.122 4.575 8.740 6.026 8.590 8.899 9.111 8.771 10.259 9.040 9.847 8.513 -999.250 -999.250 -999.250 -999.250
8.470 8.025 5.577 4.707 4.698 4.504 7.105 6.677 7.563 6.550 4.618 4.352 5.574 5.163 4.876 0.638 0.000 0.000 0.000 0.000 0.000 0.000 5.884 4.335 2.003 2.118 3.598 5.234 5.826 8.131 6.342 5.156 5.797 6.635 3.995 3.395 0.786 0.000 0.000 0.000 0.000 0.462 2.374 3.763 5.793 6.807 4.201 3.693 3.171 3.515 1.989 3.904 3.086 3.416 4.600 4.769 6.385 6.634 9.886 9.180 9.274 10.157 -999.250 -999.250 -999.250 -999.250 -999.250 -999.250 -999.250 -999.250
9.695 5.578 6.619 4.177 6.685 5.382 7.112 5.045 3.841 7.591 3.477 3.761 3.880 3.209 4.064 3.522 0.000 0.000 0.000 0.000 0.000 3.091 3.885 3.505 1.266 1.528 7.178 4.527 4.934 5.745 7.735 4.847 6.727 7.717 4.908 3.310 3.355 0.000 0.000 0.000 0.000 0.000 1.627 4.149 4.644 4.336 3.433 5.696 4.074 3.127 0.000 0.827 0.220 1.770 3.571 6.668 7.506 9.065 10.518 10.980 10.313 8.674 8.972 -999.250 -999.250 -999.250 -999.250 -999.250 -999.250 -999.250
7.293 9.296 6.675 5.014 4.964 3.513 5.417 4.267 3.883 4.799 3.304 4.358 1.202 1.728 0.294 1.139 0.000 0.000 0.000 0.540 0.000 0.912 1.065 1.983 2.822 3.895 3.827 5.088 6.871 7.741 6.616 5.808 9.829 8.694 8.078 3.997 3.714 3.219 0.000 0.000 0.000 0.000 1.308 0.151 2.808 3.942 2.360 2.715 3.692 1.646 0.000 0.000 0.000 1.938 2.906 5.486 5.670 7.672 12.179 9.153 9.535 -999.250 -999.250 -999.250 -999.250 -999.250 -999.250 -999.250 -999.250 -999.250
9.596 7.938 7.820 5.271 3.983 4.599 4.033 2.956 5.121 2.654 2.593 3.294 2.376 1.404 1.022 0.023 0.000 0.000 0.000 0.000 0.000 0.782 2.328 2.636 4.102 3.319 3.250 6.085 8.444 9.137 7.154 10.048 9.395 8.713 7.047 7.238 4.913 4.788 0.002 0.000 0.459 0.758 1.248 0.267 3.239 4.670 3.561 2.631 0.809 0.000 0.000 0.000 0.843 1.852 6.239 5.088 9.934 7.324 10.462 8.469 9.443 -999.250 -999.250 -999.250 -999.250 -999.250 -999.250 -999.250 -999.250 -999.250
9.103 7.942 4.379 4.076 1.872 1.237 4.003 2.867 5.194 2.960 2.669 3.314 0.000 0.000 0.060 1.556 0.000 0.000 0.000 0.000 0.000 0.000 0.224 0.320 1.902 2.517 4.736 5.910 6.118 9.067 11.475 14.957 10.618 10.743 6.646 6.219 4.811 3.623 3.240 1.013 1.435 1.742 1.571 2.006 2.018 3.204 3.574 4.218 3.804 0.945 0.000 0.000 0.296 2.255 3.474 7.050 7.761 13.401 12.897 8.649 -999.250 -999.250 -999.250 -999.250 -999.250 -999.250 -999.250 -999.250 -999.250 -999.250
8.512 3.739 0.471 0.000 0.000 0.000 1.139 1.753 3.024 3.538 0.783 0.000 0.000 0.000 0.000 0.000 0.000 0.000 0.000 0.000 0.000 0.000 0.000 0.000 0.000 0.000 0.571 6.524 6.409 10.307 12.720 16.545 12.610 9.567 6.006 4.869 3.945 3.153 2.357 3.005 0.991 3.529 2.523 3.260 6.669 3.598 3.756 4.978 3.434 3.788 2.471 1.785 2.214 2.790 4.926 7.004 9.112 9.971 -999.250 -999.250 -999.250 -999.250 -999.250 -999.250 -999.250 -999.250 -999.250 -999.250 -999.250 -999.250
3.541 3.071 0.000 0.000 0.000 0.000 0.000 0.000 0.000 1.646 1.660 0.000 0.000 0.000 0.000 0.000 0.000 0.000 0.000 0.000 0.000 0.000 0.566 0.000 0.000 0.000 0.000 3.913 6.741 8.793 10.293 12.174 10.619 7.501 5.351 4.882 4.126 3.820 2.476 3.352 3.706 4.814 5.702 5.041 7.075 5.185 3.949 5.869 4.382 3.031 1.647 2.990 3.337 6.021 5.455 8.540 7.837 5.995 -999.250 -999.250 -999.250 -999.250 -999.250 -999.250 -999.250 -999.250 -999.250 -999.250 -999.250 -999.250
4.479 0.000 0.000 0.000 0.000 0.000 0.000 0.000 1.951 0.418 0.000 0.000 0.000 0.000 0.000 0.000 0.000 0.000 0.000 0.000 0.000 0.000 0.000 0.000 0.000 0.000 0.000 1.941 5.796 8.205 8.839 7.522 9.035 7.654 3.809 3.686 3.061 2.115 3.831 5.134 5.479 5.621 4.416 4.639 5.949 6.359 3.898 4.699 4.378 3.795 5.556 3.472 5.842 -999.250 5.642 8.676 -999.250 -999.250 -999.250 -999.250 -999.250 -999.250 -999.250 -999.250 -999.250 -999.250 -999.250 -999.250 -999.250 -999.250
6.514 0.982 0.000 0.000 0.000 0.000 0.855 4.628 1.270 0.944 0.000 0.000 0.000 0.000 0.000 0.000 0.000 0.000 0.000 0.000 0.000 0.000 0.000 0.000 0.000 0.000 0.000 0.729 5.487 6.363 7.529 6.043 6.256 4.306 2.827 2.617 2.888 3.937 3.814 4.813 5.921 6.527 2.450 3.162 4.328 5.632 4.312 5.477 7.594 5.706 3.777 -999.250 -999.250 -999.250 -999.250 -999.250 -999.250 -999.250 -999.250 -999.250 -999.250 -999.250 -999.250 -999.250 -999.250 -999.250 -999.250 -999.250 -999.250 -999.250
5.944 2.529 0.713 0.000 0.000 1.608 5.708 8.107 7.603 4.486 1.733 0.073 0.000 0.000 0.000 0.000 0.000 0.000 0.000 0.000 0.000 0.000 0.000 0.000 0.000 0.000 0.000 0.000 2.508 3.450 5.732 3.048 2.144 0.812 0.265 1.204 2.676 3.919 4.401 6.192 5.883 4.360 4.441 3.087 5.397 6.497 9.510 10.698 9.934 5.976 -999.250 -999.250 -999.250 -999.250 -999.250 -999.250 -999.250 -999.250 -999.250 -999.250 -999.250 -999.250 -999.250 -999.250 -999.250 -999.250 -999.250 -999.250 -999.250 -999.250
5.993 2.396 2.538 3.974 0.000 10.869 11.790 11.945 10.831 6.925 4.037 3.190 0.921 0.000 0.000 0.000 0.000 0.000 0.000 0.000 0.000 0.000 0.000 0.000 0.000 0.000 0.260 0.053 0.104 3.355 3.519 1.727 0.000 0.000 0.000 0.000 2.596 4.003 4.848 6.197 4.220 2.098 5.298 7.064 10.186 10.351 9.142 10.969 8.976 5.885 -999.250 -999.250 -999.250 -999.250 -999.250 -999.250 -999.250 -999.250 -999.250 -999.250 -999.250 -999.250 -999.250 -999.250 -999.250 -999.250 -999.250 -999.250 -999.250 -999.250
5.871 1.895 6.752 16.357 38.040 25.477 19.184 12.982 15.620 8.388 6.295 3.292 1.099 0.000 0.000 0.000 0.000 0.000 0.000 0.000 0.000 0.000 0.000 0.352 0.429 0.000 1.167 0.708 0.000 0.893 0.000 0.000 0.000 0.000 0.000 0.000 0.424 2.913 5.042 4.924 3.375 4.162 8.274 9.220 9.355 12.327 12.066 10.180 9.582 -999.250 -999.250 -999.250 -999.250 -999.250 -999.250 -999.250 -999.250 -999.250 -999.250 -999.250 -999.250 -999.250 -999.250 -999.250 -999.250 -999.250 -999.250 -999.250 -999.250 -999.250
0.000 0.420 6.349 17.044 23.217 22.932 18.024 16.297 13.715 8.509 4.937 1.731 0.000 0.000 0.000 0.000 0.000 0.000 0.000 0.000 0.000 0.000 0.000 1.716 2.702 2.094 0.770 0.000 0.000 0.000 0.000 0.000 0.000 0.000 0.000 0.000 0.166 1.575 2.262 4.206 7.775 8.000 8.267 11.680 12.740 13.457 13.804 8.952 -999.250 -999.250 -999.250 -999.250 -999.250 -999.250 -999.250 -999.250 -999.250 -999.250 -999.250 -999.250 -999.250 -999.250 -999.250 -999.250 -999.250 -999.250 -999.250 -999.250 -999.250 -999.250
0.419 0.000 6.050 12.137 18.433 22.210 18.099 15.784 12.213 5.872 2.766 0.000 0.000 0.000 0.000 0.000 0.000 0.000 0.000 0.000 0.000 0.000 0.110 0.224 2.186 1.590 2.185 0.757 0.000 0.000 0.000 0.000 0.000 0.000 0.000 0.000 1.339 1.164 4.328 6.100 7.333 7.857 7.187 13.626 13.757 17.136 13.788 12.760 -999.250 -999.250 -999.250 -999.250 -999.250 -999.250 -999.250 -999.250 -999.250 -999.250 -999.250 -999.250 -999.250 -999.250 -999.250 -999.250 -999.250 -999.250 -999.250 -999.250 -999.250 -999.250
2.183 0.730 5.295 9.892 11.890 16.495 14.800 10.209 5.759 2.565 0.000 0.000 0.000 0.000 0.000 0.000 0.000 0.000 0.000 0.000 0.057 0.000 0.776 0.000 0.837 0.669 0.236 0.647 0.000 0.000 0.000 0.000 0.000 0.000 0.000 1.720 2.989 4.598 5.174 6.379 7.598 11.729 11.094 15.002 17.654 18.113 17.863 -999.250 -999.250 -999.250 -999.250 -999.250 -999.250 -999.250 -999.250 -999.250 -999.250 -999.250 -999.250 -999.250 -999.250 -999.250 -999.250 -999.250 -999.250 -999.250 -999.250 -999.250 -999.250 -999.250
3.297 2.017 3.897 8.034 9.253 10.891 10.831 6.846 3.391 0.000 0.000 0.000 0.000 0.000 0.000 0.000 0.000 0.000 0.442 3.008 3.711 4.454 1.539 0.370 2.888 1.808 0.232 0.644 0.000 0.000 0.000 0.000 0.000 0.000 0.903 2.910 2.970 4.580 6.581 8.863 8.197 13.526 15.173 18.119 19.480 30.321 22.279 -999.250 -999.250 -999.250 -999.250 -999.250 -999.250 -999.250 -999.250 -999.250 -999.250 -999.250 -999.250 -999.250 -999.250 -999.250 -999.250 -999.250 -999.250 -999.250 -999.250 -999.250 -999.250 -999.250
2.604 0.881 3.157 4.365 5.804 5.374 3.743 1.441 0.000 0.000 0.000 0.000 0.000 0.000 0.000 0.000 0.000 2.199 3.775 4.893 9.055 4.016 3.233 1.473 3.371 1.704 0.000 0.094 0.000 0.000 0.000 0.000 0.000 0.052 1.685 3.110 4.535 5.286 9.497 8.086 9.724 9.409 11.361 18.086 19.388 23.927 20.039 -999.250 -999.250 -999.250 -999.250 -999.250 -999.250 -999.250 -999.250 -999.250 -999.250 -999.250 -999.250 -999.250 -999.250 -999.250 -999.250 -999.250 -999.250 -999.250 -999.250 -999.250 -999.250 -999.250
1.723 1.918 1.282 2.775 2.681 1.390 1.325 0.000 0.000 0.000 0.000 0.000 0.000 0.000 0.000 1.014 3.117 4.379 8.168 10.667 11.240 11.974 9.588 7.438 3.626 0.811 0.829 0.619 0.762 0.000 0.000 0.978 1.468 0.196 2.320 4.608 4.800 6.410 8.403 9.289 9.295 8.995 13.971 13.595 17.538 18.175 -999.250 -999.250 -999.250 -999.250 -999.250 -999.250 -999.250 -999.250 -999.250 -999.250 -999.250 -999.250 -999.250 -999.250 -999.250 -999.250 -999.250 -999.250 -999.250 -999.250 -999.250 -999.250 -999.250 -999.250
2.317 1.846 1.071 0.307 0.315 0.000 0.000 0.000 0.000 0.000 0.000 0.000 0.000 0.000 0.000 2.310 6.338 7.417 12.128 14.183 17.317 16.936 13.594 11.564 5.767 4.759 2.500 3.288 0.254 0.000 0.740 2.049 2.659 3.075 3.608 4.760 6.617 7.218 6.745 8.561 7.751 9.244 10.932 11.861 16.698 14.776 -999.250 -999.250 -999.250 -999.250 -999.250 -999.250 -999.250 -999.250 -999.250 -999.250 -999.250 -999.250 -999.250 -999.250 -999.250 -999.250 -999.250 -999.250 -999.250 -999.250 -999.250 -999.250 -999.250 -999.250
5.476 3.686 2.115 0.072 0.000 0.000 0.000 0.000 0.000 0.000 0.000 0.000 0.000 0.000 0.000 2.726 8.609 9.308 13.846 21.125 23.735 21.920 17.169 14.520 10.144 5.807 2.219 1.277 0.180 0.358 0.186 2.823 3.052 3.600 4.819 5.728 5.470 8.315 7.787 7.476 9.015 7.668 5.958 7.509 10.330 -999.250 -999.250 -999.250 -999.250 -999.250 -999.250 -999.250 -999.250 -999.250 -999.250 -999.250 -999.250 -999.250 -999.250 -999.250 -999.250 -999.250 -999.250 -999.250 -999.250 -999.250 -999.250 -999.250 -999.250 -999.250
