data/medianmodel_14-Jan-2021.asc
ncols	141
nrows	288
xllcorner	-120191.398
yllcorner	-301404.813
cellsize	2000.000
NODATA_value	-999.250
[rows 196 to 223 of 288, columns 64 to 127 of 141]
1059.116 1008.294 1011.974 971.178 975.557 938.325 954.356 936.254 939.458 942.059 956.059 945.498 1025.583 1049.984 1069.716 1095.068 1076.741 1136.065 1150.869 1187.360 1196.887 1253.558 1284.415 1274.058 1308.541 1394.938 1426.939 1444.608 1396.480 1419.616 1362.549 1330.957 1273.004 1252.121 -999.250 -999.250 -999.250 -999.250 -999.250 -999.250 -999.250 -999.250 -999.250 -999.250 -999.250 -999.250 -999.250 -999.250 -999.250 -999.250 -999.250 -999.250 -999.250 -999.250 -999.250 -999.250 -999.250 -999.250 -999.250 -999.250 -999.250 -999.250 -999.250 -999.250
1037.795 999.301 1021.567 958.909 935.572 906.698 921.344 945.701 936.892 945.024 954.156 988.061 1019.091 980.183 1046.674 1068.576 1027.785 1072.940 1132.260 1144.990 1210.942 1222.460 1280.763 1348.927 1301.326 1374.358 1392.927 1388.578 1410.066 1402.413 1355.177 1339.606 1301.661 -999.250 -999.250 -999.250 -999.250 -999.250 -999.250 -999.250 -999.250 -999.250 -999.250 -999.250 -999.250 -999.250 -999.250 -999.250 -999.250 -999.250 -999.250 -999.250 -999.250 -999.250 -999.250 -999.250 -999.250 -999.250 -999.250 -999.250 -999.250 -999.250 -999.250 -999.250
1113.309 1040.385 1034.339 981.060 935.469 923.171 950.039 947.952 938.547 932.549 934.741 989.083 955.109 987.802 1067.564 1035.829 1108.529 1172.451 1125.806 1138.525 1224.623 1251.326 1280.961 1319.702 1330.027 1343.781 1397.490 1403.171 1382.729 1384.542 1347.710 1325.669 -999.250 -999.250 -999.250 -999.250 -999.250 -999.250 -999.250 -999.250 -999.250 -999.250 -999.250 -999.250 -999.250 -999.250 -999.250 -999.250 -999.250 -999.250 -999.250 -999.250 -999.250 -999.250 -999.250 -999.250 -999.250 -999.250 -999.250 -999.250 -999.250 -999.250 -999.250 -999.250
1138.186 1054.449 1037.597 1049.169 963.986 987.213 994.597 994.766 984.473 957.986 958.126 952.568 963.806 990.100 1027.546 1063.388 1119.800 1160.191 1189.804 1174.454 1233.819 1257.296 1344.376 1318.338 1333.047 1356.833 1351.625 1393.297 1411.034 1357.940 1344.196 1290.751 -999.250 -999.250 -999.250 -999.250 -999.250 -999.250 -999.250 -999.250 -999.250 -999.250 -999.250 -999.250 -999.250 -999.250 -999.250 -999.250 -999.250 -999.250 -999.250 -999.250 -999.250 -999.250 -999.250 -999.250 -999.250 -999.250 -999.250 -999.250 -999.250 -999.250 -999.250 -999.250
1262.803 1176.812 1158.488 1109.037 1139.131 1064.999 1037.870 1077.975 1008.644 1023.820 985.131 1007.825 980.137 1028.714 1087.032 1094.752 1147.550 1201.859 1239.393 1252.897 1306.384 1270.263 1290.783 1324.291 1296.529 1372.571 1325.621 1333.561 1357.081 1363.601 1342.711 1325.447 -999.250 -999.250 -999.250 -999.250 -999.250 -999.250 -999.250 -999.250 -999.250 -999.250 -999.250 -999.250 -999.250 -999.250 -999.250 -999.250 -999.250 -999.250 -999.250 -999.250 -999.250 -999.250 -999.250 -999.250 -999.250 -999.250 -999.250 -999.250 -999.250 -999.250 -999.250 -999.250
1255.361 1279.806 1270.553 1228.108 1205.605 1153.369 1116.019 1096.789 1052.333 1057.720 1067.806 981.673 994.934 1030.800 1084.219 1153.549 1182.166 1227.585 1264.620 1281.995 1311.317 1327.124 1314.935 1340.760 1335.457 1346.279 1320.512 1341.955 1409.885 1352.846 1371.695 1306.502 -999.250 -999.250 -999.250 -999.250 -999.250 -999.250 -999.250 -999.250 -999.250 -999.250 -999.250 -999.250 -999.250 -999.250 -999.250 -999.250 -999.250 -999.250 -999.250 -999.250 -999.250 -999.250 -999.250 -999.250 -999.250 -999.250 -999.250 -999.250 -999.250 -999.250 -999.250 -999.250
1369.933 1393.469 1324.245 1309.951 1249.320 1217.682 1211.615 1162.368 1159.372 1163.013 1123.543 1106.751 1104.839 1125.377 1141.434 1186.691 1221.061 1234.291 1268.232 1350.875 1343.328 1353.425 1347.980 1333.966 1363.939 1372.892 1325.037 1329.796 1314.438 1270.102 1267.697 -999.250 -999.250 -999.250 -999.250 -999.250 -999.250 -999.250 -999.250 -999.250 -999.250 -999.250 -999.250 -999.250 -999.250 -999.250 -999.250 -999.250 -999.250 -999.250 -999.250 -999.250 -999.250 -999.250 -999.250 -999.250 -999.250 -999.250 -999.250 -999.250 -999.250 -999.250 -999.250 -999.250
1490.294 1446.481 1381.117 1370.797 1341.169 1338.851 1290.368 1237.569 1243.325 1241.879 1223.472 1178.649 1205.947 1172.500 1221.408 1255.271 1274.521 1267.773 1295.573 1400.834 1401.833 1419.668 1434.394 1419.578 1346.840 1388.719 1313.990 1268.907 1295.599 1251.655 1220.193 -999.250 -999.250 -999.250 -999.250 -999.250 -999.250 -999.250 -999.250 -999.250 -999.250 -999.250 -999.250 -999.250 -999.250 -999.250 -999.250 -999.250 -999.250 -999.250 -999.250 -999.250 -999.250 -999.250 -999.250 -999.250 -999.250 -999.250 -999.250 -999.250 -999.250 -999.250 -999.250 -999.250
1744.212 1557.637 1491.655 1493.608 1439.180 1433.829 1407.883 1376.139 1342.785 1312.569 1307.112 1243.092 1225.491 1254.590 1250.857 1325.807 1293.423 1288.745 1325.992 1377.032 1440.697 1512.257 1539.522 1464.312 1413.668 1364.756 1292.586 1267.546 1260.008 1188.992 1203.035 1217.918 -999.250 -999.250 -999.250 -999.250 -999.250 -999.250 -999.250 -999.250 -999.250 -999.250 -999.250 -999.250 -999.250 -999.250 -999.250 -999.250 -999.250 -999.250 -999.250 -999.250 -999.250 -999.250 -999.250 -999.250 -999.250 -999.250 -999.250 -999.250 -999.250 -999.250 -999.250 -999.250
1798.174 1752.311 1622.321 1661.881 1533.752 1567.376 1451.449 1482.242 1379.721 1338.696 1356.475 1314.149 1278.282 1302.742 1296.449 1340.393 1360.271 1356.569 1394.484 1439.078 1487.568 1554.240 1627.588 1450.936 1406.118 1314.763 1304.361 1251.857 1208.195 1200.880 1165.228 -999.250 -999.250 -999.250 -999.250 -999.250 -999.250 -999.250 -999.250 -999.250 -999.250 -999.250 -999.250 -999.250 -999.250 -999.250 -999.250 -999.250 -999.250 -999.250 -999.250 -999.250 -999.250 -999.250 -999.250 -999.250 -999.250 -999.250 -999.250 -999.250 -999.250 -999.250 -999.250 -999.250
1961.552 1928.983 1979.135 1762.894 1842.742 1719.471 1578.832 1588.095 1540.656 1439.682 1423.767 1363.944 1350.394 1347.421 1316.207 1359.234 1364.011 1362.844 1402.924 1500.567 1548.937 1777.334 1577.209 1494.093 1379.830 1310.747 1267.843 1222.719 1226.293 1204.886 1175.892 1165.452 -999.250 -999.250 -999.250 -999.250 -999.250 -999.250 -999.250 -999.250 -999.250 -999.250 -999.250 -999.250 -999.250 -999.250 -999.250 -999.250 -999.250 -999.250 -999.250 -999.250 -999.250 -999.250 -999.250 -999.250 -999.250 -999.250 -999.250 -999.250 -999.250 -999.250 -999.250 -999.250
2032.049 2257.369 2176.510 1979.997 1834.553 1931.673 1833.036 1736.931 1638.847 1487.104 1453.217 1433.932 1347.682 1403.063 1425.726 1367.505 1378.203 1383.649 1457.558 1493.396 1595.000 1651.632 1579.234 1490.238 1358.365 1282.724 1243.214 1231.589 1207.754 1155.574 1168.314 1143.577 1150.881 -999.250 -999.250 -999.250 -999.250 -999.250 -999.250 -999.250 -999.250 -999.250 -999.250 -999.250 -999.250 -999.250 -999.250 -999.250 -999.250 -999.250 -999.250 -999.250 -999.250 -999.250 -999.250 -999.250 -999.250 -999.250 -999.250 -999.250 -999.250 -999.250 -999.250 -999.250
2399.551 2417.384 2368.614 2401.958 2181.442 2080.612 1998.971 1855.622 1688.886 1609.124 1480.880 1443.535 1416.325 1414.829 1399.387 1416.199 1401.043 1429.685 1454.574 1473.740 1528.676 1512.302 1478.226 1444.959 1391.355 1275.868 1223.143 1217.610 1198.925 1161.508 1146.126 1115.993 1118.794 -999.250 -999.250 -999.250 -999.250 -999.250 -999.250 -999.250 -999.250 -999.250 -999.250 -999.250 -999.250 -999.250 -999.250 -999.250 -999.250 -999.250 -999.250 -999.250 -999.250 -999.250 -999.250 -999.250 -999.250 -999.250 -999.250 -999.250 -999.250 -999.250 -999.250 -999.250
2508.063 2635.730 2571.475 2491.036 2374.773 2110.767 2171.756 2058.314 1976.346 1742.404 1749.175 1543.095 1502.390 1407.131 1404.381 1416.817 1403.800 1350.079 1443.852 1454.214 1457.366 1424.060 1422.616 1379.875 1354.703 1310.384 1245.575 1198.767 1138.182 1155.047 1124.656 1077.155 1020.408 1081.625 -999.250 -999.250 -999.250 -999.250 -999.250 -999.250 -999.250 -999.250 -999.250 -999.250 -999.250 -999.250 -999.250 -999.250 -999.250 -999.250 -999.250 -999.250 -999.250 -999.250 -999.250 -999.250 -999.250 -999.250 -999.250 -999.250 -999.250 -999.250 -999.250 -999.250
2635.462 2723.701 2759.307 2694.917 2599.121 2264.922 2297.574 2119.001 2247.260 1835.332 1705.217 1590.802 1583.217 1488.211 1464.827 1423.208 1381.775 1402.815 1389.349 1453.344 1418.364 1417.576 1377.499 1382.023 1316.602 1269.591 1217.462 1140.033 1121.460 1065.437 1046.840 1047.484 1035.155 1048.822 1029.869 -999.250 -999.250 -999.250 -999.250 -999.250 -999.250 -999.250 -999.250 -999.250 -999.250 -999.250 -999.250 -999.250 -999.250 -999.250 -999.250 -999.250 -999.250 -999.250 -999.250 -999.250 -999.250 -999.250 -999.250 -999.250 -999.250 -999.250 -999.250 -999.250
2742.853 2915.452 2706.257 2718.479 2571.349 2530.624 2419.140 2350.150 2046.350 1835.225 1785.124 1683.358 1594.923 1568.354 1488.530 1472.075 1417.540 1363.465 1376.485 1360.381 1414.928 1361.590 1351.108 1323.294 1252.490 1254.692 1208.686 1178.640 1144.167 1071.182 1051.920 1001.246 1046.447 1054.296 1074.715 1034.867 -999.250 -999.250 -999.250 -999.250 -999.250 -999.250 -999.250 -999.250 -999.250 -999.250 -999.250 -999.250 -999.250 -999.250 -999.250 -999.250 -999.250 -999.250 -999.250 -999.250 -999.250 -999.250 -999.250 -999.250 -999.250 -999.250 -999.250 -999.250
2464.127 2743.858 2669.543 2732.057 2603.204 2547.227 2469.766 2595.344 2405.738 2067.780 1751.491 1673.895 1589.023 1583.815 1531.064 1476.174 1374.854 1395.697 1346.920 1365.958 1314.419 1302.057 1285.805 1262.089 1214.499 1201.877 1152.100 1170.345 1095.270 1035.930 1030.167 1006.618 1074.415 1033.518 994.553 992.307 999.562 -999.250 -999.250 -999.250 -999.250 -999.250 -999.250 -999.250 -999.250 -999.250 -999.250 -999.250 -999.250 -999.250 -999.250 -999.250 -999.250 -999.250 -999.250 -999.250 -999.250 -999.250 -999.250 -999.250 -999.250 -999.250 -999.250 -999.250
2402.677 2522.487 2631.717 2601.152 2689.398 2636.985 2633.479 2547.768 2367.771 2003.879 1847.539 1752.574 1599.209 1556.314 1595.745 1439.452 1365.495 1364.622 1316.542 1296.404 1293.504 1262.045 1271.869 1208.404 1172.925 1182.476 1145.335 1093.350 1043.772 996.020 1022.659 1012.920 1052.264 1059.072 1035.557 1040.339 942.259 -999.250 -999.250 -999.250 -999.250 -999.250 -999.250 -999.250 -999.250 -999.250 -999.250 -999.250 -999.250 -999.250 -999.250 -999.250 -999.250 -999.250 -999.250 -999.250 -999.250 -999.250 -999.250 -999.250 -999.250 -999.250 -999.250 -999.250
2116.629 2299.790 2369.344 2658.970 2698.343 2774.828 2754.822 2714.042 2519.380 2168.958 1977.679 1686.055 1530.005 1462.145 1439.090 1407.422 1332.198 1297.712 1277.798 1269.275 1266.674 1261.004 1243.990 1216.668 1153.019 1149.452 1096.607 1052.864 1071.990 1028.135 983.500 1048.461 1030.632 1043.701 1027.350 997.029 979.184 942.070 -999.250 -999.250 -999.250 -999.250 -999.250 -999.250 -999.250 -999.250 -999.250 -999.250 -999.250 -999.250 -999.250 -999.250 -999.250 -999.250 -999.250 -999.250 -999.250 -999.250 -999.250 -999.250 -999.250 -999.250 -999.250 -999.250
1836.837 2113.785 2286.972 2626.900 2716.953 2887.615 2826.728 2906.658 2532.531 2188.387 1776.096 1552.651 1411.166 1379.345 1319.309 1314.207 1276.574 1304.894 1277.319 1242.224 1200.690 1198.164 1217.969 1205.727 1168.256 1139.605 1075.581 1053.938 1018.728 996.785 989.410 1034.843 1050.941 1026.362 973.675 1018.432 961.414 949.137 942.300 -999.250 -999.250 -999.250 -999.250 -999.250 -999.250 -999.250 -999.250 -999.250 -999.250 -999.250 -999.250 -999.250 -999.250 -999.250 -999.250 -999.250 -999.250 -999.250 -999.250 -999.250 -999.250 -999.250 -999.250 -999.250
1688.714 1752.130 2150.104 2596.071 2987.316 2998.076 3412.831 2987.973 2616.397 2253.235 1765.378 1399.512 1269.591 1245.430 1272.909 1252.820 1245.279 1198.781 1232.640 1218.149 1184.258 1175.112 1167.196 1191.781 1114.022 1101.396 1052.780 988.680 1045.162 1036.320 1051.407 1051.917 1017.206 988.464 1018.738 992.049 981.132 923.733 941.936 -999.250 -999.250 -999.250 -999.250 -999.250 -999.250 -999.250 -999.250 -999.250 -999.250 -999.250 -999.250 -999.250 -999.250 -999.250 -999.250 -999.250 -999.250 -999.250 -999.250 -999.250 -999.250 -999.250 -999.250 -999.250
1611.478 1614.857 2247.827 2761.567 3559.427 3669.167 3847.938 3384.846 2842.949 2420.900 1730.570 1197.822 1192.496 1188.295 1207.968 1176.583 1185.865 1224.142 1176.915 1149.623 1202.895 1185.023 1131.698 1124.568 1144.371 1128.904 1029.450 1016.458 1055.498 1053.470 1032.233 1086.558 1018.299 983.216 970.932 965.806 923.482 920.471 882.080 -999.250 -999.250 -999.250 -999.250 -999.250 -999.250 -999.250 -999.250 -999.250 -999.250 -999.250 -999.250 -999.250 -999.250 -999.250 -999.250 -999.250 -999.250 -999.250 -999.250 -999.250 -999.250 -999.250 -999.250 -999.250
1746.717 1950.409 2616.001 2986.232 3845.473 4398.933 4472.986 4019.718 3380.630 2582.587 1909.514 1474.544 1335.501 1226.035 1181.662 1099.980 1164.061 1159.735 1105.496 1140.509 1168.525 1097.799 1129.139 1108.314 1086.827 1063.473 1032.890 1015.062 993.604 1029.411 998.424 1017.381 971.161 964.238 961.997 927.114 886.633 875.265 927.281 847.758 -999.250 -999.250 -999.250 -999.250 -999.250 -999.250 -999.250 809.347 -999.250 -999.250 -999.250 -999.250 -999.250 -999.250 -999.250 -999.250 -999.250 -999.250 -999.250 -999.250 -999.250 -999.250 -999.250 -999.250
2016.077 2374.637 2780.716 3587.154 4110.933 5024.806 5143.545 4695.404 3719.847 2701.633 2309.939 1816.444 1450.715 1333.586 1226.074 1225.184 1164.901 1106.923 1110.859 1054.380 1096.658 1070.190 1072.568 1104.014 1041.482 1047.118 1047.806 1035.211 1016.468 1054.374 995.328 985.183 959.974 959.289 960.501 900.914 902.604 895.971 857.004 842.104 803.812 -999.250 -999.250 -999.250 762.587 780.070 823.956 819.266 -999.250 -999.250 -999.250 -999.250 -999.250 -999.250 -999.250 -999.250 -999.250 -999.250 -999.250 -999.250 -999.250 -999.250 -999.250 -999.250
2350.325 2671.488 2998.682 3691.213 4590.117 5241.215 5636.561 5029.643 3989.734 2919.976 2315.944 2038.608 1658.607 1421.439 1300.192 1244.558 1181.454 1115.087 1068.633 1016.140 1032.398 1041.717 1074.407 1098.307 1069.272 1021.020 1031.404 1067.363 1043.514 1044.601 998.970 952.356 928.049 922.747 916.363 908.269 892.319 861.664 855.334 848.725 779.826 -999.250 750.539 741.801 727.762 730.023 775.132 -999.250 -999.250 -999.250 -999.250 -999.250 -999.250 -999.250 -999.250 -999.250 -999.250 -999.250 -999.250 -999.250 -999.250 -999.250 -999.250 -999.250
2388.024 2802.137 3181.848 3753.649 4398.789 5048.621 5201.421 4775.118 4064.106 3033.813 2529.855 2036.655 1733.554 1516.622 1331.290 1205.320 1177.383 1095.507 1066.447 1094.042 1036.585 963.457 974.443 998.993 1001.290 1040.001 1029.475 1052.712 1075.891 1018.797 960.755 920.011 879.494 909.875 926.158 892.434 871.622 843.124 849.176 852.343 732.287 767.927 744.018 734.394 723.076 746.506 761.380 -999.250 -999.250 -999.250 -999.250 -999.250 -999.250 -999.250 -999.250 -999.250 -999.250 -999.250 -999.250 -999.250 -999.250 -999.250 -999.250 -999.250
2423.426 2634.934 3114.582 3937.968 4203.176 4564.075 4582.191 4467.256 3545.278 2862.924 2570.934 1963.037 1733.381 1479.929 1339.886 1230.108 1173.730 1101.173 1088.206 1000.007 1011.637 987.804 948.953 957.077 1005.200 984.837 992.495 1055.141 1108.033 1001.046 930.615 883.655 862.859 869.220 882.582 912.760 889.900 831.818 825.833 834.966 760.687 745.730 772.958 728.100 738.314 777.738 817.362 -999.250 -999.250 -999.250 -999.250 -999.250 -999.250 -999.250 -999.250 -999.250 -999.250 -999.250 -999.250 -999.250 -999.250 -999.250 -999.250 -999.250
2461.296 2706.186 2974.547 3527.699 3730.823 3860.204 4075.665 3748.440 3208.880 2610.498 2390.601 1962.389 1806.012 1532.816 1357.654 1260.048 1197.592 1151.180 1050.741 1000.837 942.912 947.384 937.584 916.106 931.288 963.055 946.983 991.079 1015.599 947.954 910.650 887.295 828.088 893.812 878.897 881.148 866.077 843.285 849.139 838.289 811.832 758.478 752.908 757.501 765.011 772.030 813.281 -999.250 -999.250 -999.250 -999.250 -999.250 -999.250 -999.250 -999.250 -999.250 -999.250 -999.250 -999.250 -999.250 -999.250 -999.250 -999.250 -999.250
