data/medianmodel_28-Mar-2020.asc
ncols	141
nrows	288
xllcorner	-120191.398
yllcorner	-301404.813
cellsize	2000.000
NODATA_value	-999.250
[rows 93 to 123 of 288, columns 0 to 69 of 141]
-999.250 -999.250 -999.250 -999.250 -999.250 -999.250 -999.250 -999.250 -999.250 -999.250 -999.250 -999.250 -999.250 -999.250 -999.250 -999.250 -999.250 -999.250 -999.250 -999.250 -999.250 -999.250 -999.250 -999.250 -999.250 -999.250 -999.250 -999.250 -999.250 -999.250 -999.250 13.311 13.424 12.878 12.205 13.063 10.739 11.636 13.925 15.846 17.001 14.476 15.055 19.376 15.661 14.979 14.675 11.873 8.195 6.537 3.269 2.452 0.000 0.000 0.000 0.000 0.084 3.259 4.971 7.120 8.031 8.356 6.870 4.641 7.231 7.292 9.507 9.148 9.714 10.377
-999.250 -999.250 -999.250 -999.250 -999.250 -999.250 -999.250 -999.250 -999.250 -999.250 -999.250 -999.250 -999.250 -999.250 -999.250 -999.250 -999.250 -999.250 -999.250 -999.250 -999.250 -999.250 -999.250 -999.250 -999.250 -999.250 -999.250 -999.250 -999.250 -999.250 -999.250 11.003 9.738 10.397 10.168 12.002 10.990 11.613 13.164 13.450 13.586 15.012 15.175 15.079 12.994 16.146 12.367 9.895 8.216 7.169 2.411 2.908 0.988 1.075 0.620 0.258 2.368 2.738 8.328 8.626 7.103 8.255 6.945 5.304 7.549 6.443 9.698 10.786 10.905 9.569
-999.250 -999.250 -999.250 -999.250 -999.250 -999.250 -999.250 -999.250 -999.250 -999.250 -999.250 -999.250 -999.250 -999.250 -999.250 -999.250 -999.250 -999.250 -999.250 -999.250 -999.250 -999.250 -999.250 -999.250 -999.250 -999.250 -999.250 -999.250 -999.250 -999.250 -999.250 10.880 10.408 8.875 8.452 9.124 11.969 13.474 13.692 12.366 13.102 14.449 14.880 14.122 14.891 16.402 13.321 10.667 8.827 7.832 5.612 4.921 2.800 3.888 1.484 3.082 4.892 4.398 6.622 9.326 8.277 6.763 4.650 6.955 6.758 6.423 7.769 8.284 9.560 10.040
-999.250 -999.250 -999.250 -999.250 -999.250 -999.250 -999.250 -999.250 -999.250 -999.250 -999.250 -999.250 -999.250 -999.250 -999.250 -999.250 -999.250 -999.250 -999.250 -999.250 -999.250 -999.250 -999.250 -999.250 -999.250 -999.250 -999.250 -999.250 -999.250 -999.250 11.817 11.615 9.875 10.637 10.553 9.507 10.541 14.192 14.877 14.067 15.366 17.048 22.553 18.681 16.305 17.200 16.988 14.249 11.899 10.018 8.869 8.940 6.141 6.198 5.315 5.405 4.229 3.280 5.568 9.568 7.987 8.187 9.283 5.486 5.659 4.401 5.233 5.947 7.237 5.582
-999.250 -999.250 -999.250 -999.250 -999.250 -999.250 -999.250 -999.250 -999.250 -999.250 -999.250 -999.250 -999.250 -999.250 -999.250 -999.250 -999.250 -999.250 -999.250 -999.250 -999.250 -999.250 -999.250 -999.250 -999.250 -999.250 -999.250 -999.250 -999.250 -999.250 12.355 9.985 8.115 10.426 11.869 14.397 14.146 15.778 15.740 19.490 20.882 22.705 26.095 25.428 23.991 22.933 20.086 17.359 15.800 13.437 10.716 11.771 8.059 8.823 8.415 5.192 3.212 1.651 4.300 5.172 5.079 5.643 7.354 6.499 2.798 2.378 4.098 5.330 6.494 6.254
-999.250 -999.250 -999.250 -999.250 -999.250 -999.250 -999.250 -999.250 -999.250 -999.250 -999.250 -999.250 -999.250 -999.250 -999.250 -999.250 -999.250 -999.250 -999.250 -999.250 -999.250 -999.250 -999.250 -999.250 -999.250 -999.250 -999.250 -999.250 -999.250 -999.250 8.993 10.508 11.041 10.931 14.669 13.376 16.990 17.266 16.389 24.183 23.572 26.120 30.648 29.899 28.578 30.366 25.017 22.633 22.236 17.419 20.168 13.771 10.480 11.001 10.135 6.357 1.982 0.000 4.023 6.343 6.055 6.702 7.301 2.911 0.000 1.707 1.937 3.097 6.920 5.611
-999.250 -999.250 -999.250 -999.250 -999.250 -999.250 -999.250 -999.250 -999.250 -999.250 -999.250 -999.250 -999.250 -999.250 -999.250 -999.250 -999.250 -999.250 -999.250 -999.250 -999.250 -999.250 -999.250 -999.250 -999.250 -999.250 -999.250 -999.250 -999.250 -999.250 8.673 6.856 8.156 9.861 13.180 13.210 17.045 19.205 25.072 23.480 28.563 28.740 28.942 30.922 33.067 32.600 27.972 29.261 27.020 24.397 21.547 20.325 16.849 14.934 11.723 8.582 4.292 1.749 4.895 5.237 7.313 6.110 5.696 1.994 0.691 1.171 3.286 3.888 5.505 3.546
-999.250 -999.250 -999.250 -999.250 -999.250 -999.250 -999.250 -999.250 -999.250 -999.250 -999.250 -999.250 -999.250 -999.250 -999.250 -999.250 -999.250 -999.250 -999.250 -999.250 -999.250 -999.250 -999.250 -999.250 -999.250 -999.250 -999.250 -999.250 -999.250 9.598 8.590 6.846 9.557 10.417 14.347 15.933 18.194 18.636 25.331 26.587 28.869 33.117 32.343 35.410 35.082 34.745 35.155 33.230 36.607 32.417 29.945 28.192 23.538 20.816 14.600 10.200 7.612 2.922 4.953 5.697 4.954 5.217 4.636 3.276 1.597 2.999 2.137 6.314 7.659 5.472
-999.250 -999.250 -999.250 -999.250 -999.250 -999.250 -999.250 -999.250 -999.250 -999.250 -999.250 -999.250 -999.250 -999.250 -999.250 -999.250 -999.250 -999.250 -999.250 -999.250 -999.250 -999.250 -999.250 -999.250 -999.250 -999.250 -999.250 -999.250 -999.250 10.775 10.292 9.156 13.242 13.656 13.488 16.410 17.049 23.743 24.630 32.487 32.561 39.357 44.532 42.952 43.337 41.967 55.332 53.604 42.218 31.823 32.052 31.619 29.472 24.759 20.735 13.170 10.952 9.244 7.486 5.638 4.259 4.237 5.110 3.126 4.773 4.860 3.884 7.068 5.467 4.579
-999.250 -999.250 -999.250 -999.250 -999.250 -999.250 -999.250 -999.250 -999.250 -999.250 -999.250 -999.250 -999.250 -999.250 -999.250 -999.250 -999.250 -999.250 -999.250 -999.250 -999.250 -999.250 -999.250 -999.250 -999.250 -999.250 -999.250 -999.250 -999.250 7.221 8.387 9.189 10.752 12.783 12.984 14.640 18.893 24.331 28.450 31.908 35.822 45.773 46.366 45.776 50.041 56.365 68.522 48.704 45.619 43.144 39.961 33.228 29.534 29.210 19.435 14.510 10.452 9.718 7.541 4.270 5.455 5.173 5.141 5.256 7.049 8.406 6.031 5.426 5.189 6.184
-999.250 -999.250 -999.250 -999.250 -999.250 -999.250 -999.250 -999.250 -999.250 -999.250 -999.250 -999.250 -999.250 -999.250 -999.250 -999.250 -999.250 -999.250 -999.250 -999.250 -999.250 -999.250 -999.250 -999.250 -999.250 -999.250 -999.250 -999.250 -999.250 6.463 6.701 9.835 11.046 11.615 12.616 16.612 21.914 22.667 29.082 33.292 39.904 50.080 56.779 61.844 62.734 70.875 70.971 76.007 53.414 43.617 45.000 39.274 27.431 24.121 18.396 13.998 10.635 7.665 8.240 8.383 8.144 8.426 6.640 7.384 7.220 7.414 10.381 7.603 8.403 8.013
-999.250 -999.250 -999.250 -999.250 -999.250 -999.250 -999.250 -999.250 -999.250 -999.250 -999.250 -999.250 -999.250 -999.250 -999.250 -999.250 -999.250 -999.250 -999.250 -999.250 -999.250 -999.250 -999.250 -999.250 -999.250 -999.250 -999.250 -999.250 6.835 5.250 8.610 7.890 8.580 9.887 13.579 15.085 25.131 24.094 33.736 38.847 43.132 51.029 59.488 61.572 75.209 85.195 88.112 84.072 58.463 48.980 45.754 39.493 28.503 21.314 16.837 10.400 7.641 6.260 7.310 7.932 5.397 8.637 8.794 8.989 8.367 9.126 9.523 11.677 9.705 6.171
-999.250 -999.250 -999.250 -999.250 -999.250 -999.250 -999.250 -999.250 -999.250 -999.250 -999.250 -999.250 -999.250 -999.250 -999.250 -999.250 -999.250 -999.250 -999.250 -999.250 -999.250 -999.250 -999.250 -999.250 -999.250 -999.250 -999.250 -999.250 4.130 6.141 5.929 7.013 7.206 8.167 12.361 16.732 23.994 27.655 36.872 43.599 47.706 60.896 58.298 69.544 83.700 107.664 122.237 95.321 71.056 60.475 43.983 37.508 29.240 19.342 11.536 6.336 4.609 6.506 6.788 9.481 7.319 10.048 10.475 10.549 10.992 8.552 10.747 10.590 13.701 9.565
-999.250 -999.250 -999.250 -999.250 -999.250 -999.250 -999.250 -999.250 -999.250 -999.250 -999.250 -999.250 -999.250 -999.250 -999.250 -999.250 -999.250 -999.250 -999.250 -999.250 -999.250 -999.250 -999.250 -999.250 -999.250 -999.250 -999.250 3.764 5.682 5.984 2.926 5.050 8.222 8.630 13.661 19.397 26.680 32.998 39.645 45.383 46.026 59.206 67.241 74.032 81.341 107.665 104.273 101.307 89.321 64.487 49.313 36.326 28.323 16.365 3.743 1.871 3.229 6.203 9.240 11.972 11.840 10.777 8.108 9.938 10.816 11.048 11.177 12.674 15.892 11.557
-999.250 -999.250 -999.250 -999.250 -999.250 -999.250 -999.250 -999.250 -999.250 -999.250 -999.250 -999.250 -999.250 -999.250 -999.250 -999.250 -999.250 -999.250 -999.250 -999.250 -999.250 -999.250 -999.250 -999.250 -999.250 -999.250 -999.250 6.999 4.221 4.670 4.345 4.187 7.718 11.761 16.899 22.199 28.545 34.023 36.188 42.852 50.537 66.648 66.565 72.457 88.079 103.354 99.780 102.546 77.879 67.112 46.087 38.687 25.623 11.985 0.000 0.000 3.926 6.155 12.428 12.592 14.766 13.764 11.534 9.079 13.758 14.577 13.752 15.699 15.924 15.239
-999.250 -999.250 -999.250 -999.250 -999.250 -999.250 -999.250 -999.250 -999.250 -999.250 -999.250 -999.250 -999.250 -999.250 -999.250 -999.250 -999.250 -999.250 -999.250 -999.250 -999.250 -999.250 -999.250 -999.250 -999.250 -999.250 -999.250 6.529 3.752 3.243 4.059 4.380 9.800 13.125 15.307 20.894 27.606 34.698 37.457 44.513 51.862 66.012 72.963 78.846 82.211 83.652 84.510 96.902 73.459 55.977 56.030 36.873 25.753 12.663 4.981 3.030 6.705 9.330 14.605 18.389 21.189 17.332 17.615 15.050 18.414 19.921 19.895 20.306 18.170 17.689
-999.250 -999.250 -999.250 -999.250 -999.250 -999.250 -999.250 -999.250 -999.250 -999.250 -999.250 -999.250 -999.250 -999.250 -999.250 -999.250 -999.250 -999.250 -999.250 -999.250 -999.250 -999.250 -999.250 -999.250 -999.250 -999.250 -999.250 5.178 4.528 4.837 3.404 8.243 10.413 14.593 19.080 22.518 28.728 28.563 39.570 44.216 44.639 53.328 62.350 65.283 81.802 74.775 78.984 81.207 65.481 48.568 43.506 33.268 28.458 13.899 11.237 9.220 12.245 16.475 20.291 27.460 26.981 26.419 24.050 23.978 24.426 21.448 23.277 22.762 19.305 18.313
-999.250 -999.250 -999.250 -999.250 -999.250 -999.250 -999.250 -999.250 -999.250 -999.250 -999.250 -999.250 -999.250 -999.250 -999.250 -999.250 -999.250 -999.250 -999.250 -999.250 -999.250 -999.250 -999.250 -999.250 -999.250 -999.250 -999.250 -999.250 5.123 6.180 7.220 11.389 12.944 16.943 19.396 21.597 29.948 33.858 38.484 44.215 41.536 47.633 56.850 52.335 66.598 73.225 69.100 60.642 61.759 43.787 42.375 31.324 23.955 18.754 14.799 14.289 16.427 21.099 27.368 33.411 36.831 33.403 32.577 29.486 29.313 29.258 28.049 25.581 22.579 22.284
-999.250 -999.250 -999.250 -999.250 -999.250 -999.250 -999.250 -999.250 -999.250 -999.250 -999.250 -999.250 -999.250 -999.250 -999.250 -999.250 -999.250 -999.250 -999.250 -999.250 -999.250 -999.250 -999.250 -999.250 -999.250 -999.250 -999.250 -999.250 7.244 9.539 12.702 12.380 17.465 18.851 23.971 23.051 28.461 31.446 33.967 41.364 43.662 43.543 50.705 56.537 69.189 60.272 66.376 57.049 54.261 42.371 36.840 31.320 26.013 20.100 17.523 17.307 19.845 22.259 31.578 39.025 52.562 38.853 38.067 29.987 28.755 31.332 32.420 28.777 23.436 21.993
-999.250 -999.250 -999.250 -999.250 -999.250 -999.250 -999.250 -999.250 -999.250 -999.250 -999.250 -999.250 -999.250 -999.250 -999.250 -999.250 -999.250 -999.250 -999.250 -999.250 -999.250 -999.250 -999.250 -999.250 -999.250 -999.250 -999.250 -999.250 9.762 11.425 12.236 17.333 19.786 24.564 27.443 29.776 32.942 31.821 37.790 35.827 40.912 43.922 48.042 57.057 57.195 57.862 49.446 49.782 47.240 39.499 34.770 30.460 25.253 20.980 17.158 17.485 17.800 22.936 28.534 38.336 43.686 41.296 35.506 29.076 30.487 34.374 30.427 28.821 21.217 25.018
-999.250 -999.250 -999.250 -999.250 -999.250 -999.250 -999.250 -999.250 -999.250 -999.250 -999.250 -999.250 -999.250 -999.250 -999.250 -999.250 -999.250 -999.250 -999.250 -999.250 -999.250 -999.250 -999.250 -999.250 -999.250 -999.250 -999.250 -999.250 16.379 14.266 13.132 17.823 19.597 25.928 27.707 29.270 33.374 32.871 37.902 39.782 41.961 42.524 49.939 44.949 50.788 62.031 53.930 47.556 42.531 35.608 32.282 31.476 23.613 18.403 16.052 16.547 15.180 19.970 24.520 30.027 33.524 32.264 30.701 32.606 28.443 29.734 27.918 25.587 26.814 26.000
-999.250 -999.250 -999.250 -999.250 -999.250 -999.250 -999.250 -999.250 -999.250 -999.250 -999.250 -999.250 -999.250 -999.250 -999.250 -999.250 -999.250 -999.250 -999.250 -999.250 -999.250 -999.250 -999.250 -999.250 -999.250 -999.250 -999.250 -999.250 15.565 16.203 17.637 17.238 21.041 19.314 26.509 28.677 31.490 35.058 36.005 39.754 39.883 41.393 45.763 45.413 45.239 49.622 46.774 36.674 38.431 33.204 31.767 27.823 20.472 16.983 13.935 14.458 14.774 17.409 20.989 22.924 27.178 29.108 28.572 27.982 31.571 26.178 27.666 25.554 23.326 26.214
-999.250 -999.250 -999.250 -999.250 -999.250 -999.250 -999.250 -999.250 -999.250 -999.250 -999.250 -999.250 -999.250 -999.250 -999.250 -999.250 -999.250 -999.250 -999.250 -999.250 -999.250 -999.250 -999.250 -999.250 -999.250 -999.250 -999.250 20.144 18.706 19.585 21.824 17.726 16.013 19.127 20.114 27.364 28.441 32.892 38.268 40.888 40.806 40.368 40.407 41.929 38.737 37.961 41.837 37.637 39.568 38.057 32.300 24.632 19.918 14.047 11.941 10.601 9.825 11.502 15.627 19.205 22.822 26.797 27.288 26.535 23.759 20.487 22.118 20.815 24.592 23.948
-999.250 -999.250 -999.250 -999.250 -999.250 -999.250 -999.250 -999.250 -999.250 -999.250 -999.250 -999.250 -999.250 -999.250 -999.250 -999.250 -999.250 -999.250 -999.250 -999.250 -999.250 -999.250 -999.250 -999.250 -999.250 -999.250 -999.250 23.764 23.354 19.340 16.442 18.891 20.037 21.877 22.898 24.903 25.737 32.130 34.063 37.542 33.868 33.761 34.584 34.642 35.187 35.848 39.488 33.554 36.764 35.259 27.556 25.732 18.201 13.988 10.221 5.780 6.569 6.211 10.427 12.908 15.298 22.050 25.201 26.701 23.135 19.910 19.585 21.591 19.817 20.458
-999.250 -999.250 -999.250 -999.250 -999.250 -999.250 -999.250 -999.250 -999.250 -999.250 -999.250 -999.250 -999.250 -999.250 -999.250 -999.250 -999.250 -999.250 -999.250 -999.250 -999.250 -999.250 -999.250 -999.250 -999.250 -999.250 -999.250 21.185 24.581 21.590 21.121 22.923 24.422 24.195 27.067 26.787 28.940 30.249 31.887 34.999 32.615 32.149 29.193 31.769 36.174 31.659 31.373 32.283 33.989 37.058 28.289 25.691 19.888 14.206 8.794 5.110 1.497 0.000 4.092 10.466 14.440 18.771 19.668 20.727 18.716 14.795 16.103 14.404 17.347 15.151
-999.250 -999.250 -999.250 -999.250 -999.250 -999.250 -999.250 -999.250 -999.250 -999.250 -999.250 -999.250 -999.250 -999.250 -999.250 -999.250 -999.250 -999.250 -999.250 -999.250 -999.250 -999.250 -999.250 -999.250 -999.250 -999.250 25.248 28.717 24.448 23.106 24.299 26.937 27.282 27.664 28.746 26.054 26.813 31.047 32.310 33.250 30.100 27.782 30.569 32.865 29.657 26.633 25.127 25.236 27.654 30.281 24.361 20.944 16.134 12.115 10.057 7.048 1.923 0.000 3.249 8.081 10.396 14.928 13.998 16.180 18.910 13.333 11.825 11.993 12.407 12.034
-999.250 -999.250 -999.250 -999.250 -999.250 -999.250 -999.250 -999.250 -999.250 -999.250 -999.250 -999.250 -999.250 -999.250 -999.250 -999.250 -999.250 -999.250 -999.250 -999.250 -999.250 -999.250 -999.250 -999.250 -999.250 -999.250 25.782 27.141 28.885 28.003 23.136 26.537 25.537 27.639 29.726 29.624 30.505 30.944 35.034 30.999 27.195 28.938 27.216 24.465 26.748 21.335 20.431 19.652 19.843 23.264 25.638 22.540 17.156 15.217 10.210 5.367 3.480 0.000 1.604 5.671 9.087 12.022 14.213 13.569 14.696 10.566 9.157 8.496 11.404 9.927
-999.250 -999.250 -999.250 -999.250 -999.250 -999.250 -999.250 -999.250 -999.250 -999.250 -999.250 -999.250 -999.250 -999.250 -999.250 -999.250 -999.250 -999.250 -999.250 -999.250 -999.250 -999.250 -999.250 -999.250 -999.250 -999.250 28.415 29.319 29.278 27.765 25.067 26.177 25.212 28.198 29.091 30.685 30.078 32.647 33.753 31.917 31.276 30.828 26.120 21.293 16.868 13.728 11.748 13.957 15.531 15.760 18.170 20.971 18.840 15.767 12.973 7.408 4.928 0.074 0.000 4.876 7.606 10.483 10.059 10.856 8.576 9.657 8.234 7.221 7.213 8.270
-999.250 -999.250 -999.250 -999.250 -999.250 -999.250 -999.250 -999.250 -999.250 -999.250 -999.250 -999.250 -999.250 -999.250 -999.250 -999.250 -999.250 -999.250 -999.250 -999.250 -999.250 -999.250 -999.250 -999.250 -999.250 21.662 23.605 28.933 27.271 26.289 27.893 27.141 29.492 31.051 31.317 31.102 29.678 34.492 31.823 34.399 31.395 28.679 27.795 18.413 17.108 10.846 6.431 5.966 8.903 13.428 16.264 19.049 17.737 18.446 14.782 10.509 5.364 2.147 0.000 2.934 7.068 7.188 9.517 8.864 8.761 9.627 6.273 5.343 3.571 2.791
-999.250 -999.250 -999.250 -999.250 -999.250 -999.250 -999.250 -999.250 -999.250 -999.250 -999.250 -999.250 -999.250 -999.250 -999.250 -999.250 -999.250 -999.250 -999.250 -999.250 -999.250 -999.250 -999.250 -999.250 -999.250 24.763 26.443 25.527 28.373 27.024 23.892 26.311 26.096 28.393 28.893 37.177 38.291 36.802 37.041 36.126 32.192 26.820 24.322 21.155 14.114 11.850 8.056 0.000 8.619 14.439 17.623 20.814 22.532 21.540 18.283 13.603 11.190 4.085 1.775 2.593 4.270 9.739 7.821 7.720 5.533 5.969 6.044 3.734 3.786 2.488
-999.250 -999.250 -999.250 -999.250 -999.250 -999.250 -999.250 -999.250 -999.250 -999.250 -999.250 -999.250 -999.250 -999.250 -999.250 -999.250 -999.250 -999.250 -999.250 -999.250 -999.250 -999.250 -999.250 -999.250 -999.250 28.184 24.399 24.270 25.013 30.851 24.895 27.752 29.731 32.794 30.768 34.279 34.757 39.935 46.637 38.539 33.755 30.417 22.956 21.655 15.812 15.095 10.980 9.061 13.385 16.335 21.895 25.397 24.271 26.186 22.790 18.182 11.830 7.833 3.323 4.355 6.448 5.970 6.600 4.295 3.391 2.764 3.405 0.930 0.911 1.204
