data/medianmodel_07-Jul-2020.asc
ncols	141
nrows	288
xllcorner	-120191.398
yllcorner	-301404.813
cellsize	2000.000
NODATA_value	-999.250
[rows 248 to 278 of 288, columns 0 to 68 of 141]
-999.250 -999.250 -999.250 -999.250 -999.250 -999.250 -999.250 -999.250 -999.250 -999.250 -999.250 -999.250 -999.250 -999.250 -999.250 -999.250 -999.250 -999.250 -999.250 -999.250 -999.250 -999.250 -999.250 -999.250 -999.250 -999.250 -999.250 -999.250 -999.250 -999.250 11.277 10.954 8.749 7.113 7.402 9.535 7.564 7.283 7.126 6.345 3.954 5.533 5.394 8.399 8.896 8.181 11.299 10.917 13.839 16.072 17.690 18.441 21.445 27.969 31.063 31.070 23.818 16.735 12.362 8.829 5.480 1.030 0.000 0.000 0.000 0.000 0.000 0.000 0.000
-999.250 -999.250 -999.250 -999.250 -999.250 -999.250 -999.250 -999.250 -999.250 -999.250 -999.250 -999.250 -999.250 -999.250 -999.250 -999.250 -999.250 -999.250 -999.250 -999.250 -999.250 -999.250 -999.250 -999.250 -999.250 -999.250 -999.250 -999.250 -999.250 -999.250 11.526 11.565 9.807 6.951 9.174 7.454 8.260 5.797 6.096 6.047 4.840 5.244 4.876 5.906 9.408 8.623 8.527 11.498 13.991 12.970 19.983 19.551 19.744 24.470 33.039 43.412 28.108 18.916 10.435 9.659 6.992 1.556 0.000 0.000 0.000 0.000 0.000 0.000 0.000
-999.250 -999.250 -999.250 -999.250 -999.250 -999.250 -999.250 -999.250 -999.250 -999.250 -999.250 -999.250 -999.250 -999.250 -999.250 -999.250 -999.250 -999.250 -999.250 -999.250 -999.250 -999.250 -999.250 -999.250 -999.250 -999.250 -999.250 -999.250 -999.250 -999.250 13.079 10.834 11.810 9.261 7.321 7.311 6.348 6.070 6.262 5.825 5.809 3.782 5.701 6.541 9.300 11.385 11.031 11.264 12.572 13.242 14.957 17.628 19.255 24.370 33.529 33.612 23.807 20.908 12.090 8.552 5.222 3.056 0.000 0.000 0.000 0.000 0.000 0.000 0.000
-999.250 -999.250 -999.250 -999.250 -999.250 -999.250 -999.250 -999.250 -999.250 -999.250 -999.250 -999.250 -999.250 -999.250 -999.250 -999.250 -999.250 -999.250 -999.250 -999.250 -999.250 -999.250 -999.250 -999.250 -999.250 -999.250 -999.250 -999.250 -999.250 -999.250 13.378 11.526 11.125 10.985 9.239 6.404 6.384 5.791 6.010 8.092 5.974 5.465 6.729 5.626 10.797 11.552 9.835 11.936 13.208 13.275 15.819 14.982 15.557 21.750 27.687 24.803 22.857 15.655 11.602 9.263 5.917 3.048 0.000 0.000 0.000 0.000 0.000 0.000 0.000
-999.250 -999.250 -999.250 -999.250 -999.250 -999.250 -999.250 -999.250 -999.250 -999.250 -999.250 -999.250 -999.250 -999.250 -999.250 -999.250 -999.250 -999.250 -999.250 -999.250 -999.250 -999.250 -999.250 -999.250 -999.250 -999.250 -999.250 -999.250 -999.250 12.742 15.838 13.295 10.998 12.037 9.062 8.907 9.389 8.188 8.317 6.981 7.278 5.817 5.944 7.654 9.459 10.810 11.627 12.076 13.106 12.988 13.145 14.090 15.976 20.314 18.197 18.860 19.150 13.711 11.343 9.824 5.959 2.214 0.000 0.000 0.000 0.000 0.000 0.000 0.000
-999.250 -999.250 -999.250 -999.250 -999.250 -999.250 -999.250 -999.250 -999.250 -999.250 -999.250 -999.250 -999.250 -999.250 -999.250 -999.250 -999.250 -999.250 -999.250 -999.250 -999.250 -999.250 -999.250 -999.250 -999.250 -999.250 -999.250 -999.250 -999.250 -999.250 13.836 13.046 13.543 9.896 11.814 10.956 10.790 9.265 8.834 7.999 8.028 10.298 8.708 9.204 10.594 10.023 10.300 11.074 11.441 11.735 13.258 12.610 14.400 19.477 14.961 14.474 16.933 11.032 11.699 6.720 3.125 0.728 0.000 0.000 0.000 0.000 0.000 0.000 0.000
-999.250 -999.250 -999.250 -999.250 -999.250 -999.250 -999.250 -999.250 -999.250 -999.250 -999.250 -999.250 -999.250 -999.250 -999.250 -999.250 -999.250 -999.250 -999.250 -999.250 -999.250 -999.250 -999.250 -999.250 -999.250 -999.250 -999.250 -999.250 -999.250 -999.250 17.003 18.679 16.469 13.264 11.570 11.790 10.080 11.090 8.770 10.014 13.025 10.822 9.869 7.634 9.943 10.166 9.901 11.731 12.305 14.437 12.471 12.259 13.546 13.103 14.199 14.849 14.820 10.651 7.406 5.520 3.018 1.306 0.000 0.000 0.000 0.000 0.000 0.000 0.000
-999.250 -999.250 -999.250 -999.250 -999.250 -999.250 -999.250 -999.250 -999.250 -999.250 -999.250 -999.250 -999.250 -999.250 -999.250 -999.250 -999.250 -999.250 -999.250 -999.250 -999.250 -999.250 -999.250 -999.250 -999.250 -999.250 -999.250 -999.250 -999.250 -999.250 -999.250 19.365 18.375 13.934 12.906 13.825 12.768 12.681 10.641 13.421 12.431 9.938 12.474 12.177 9.867 10.793 12.633 13.451 10.444 11.140 16.843 16.062 13.853 12.272 15.214 15.044 12.249 6.497 6.655 4.758 1.874 1.890 0.000 0.000 0.000 0.000 0.000 0.000 0.000
-999.250 -999.250 -999.250 -999.250 -999.250 -999.250 -999.250 -999.250 -999.250 -999.250 -999.250 -999.250 -999.250 -999.250 -999.250 -999.250 -999.250 -999.250 -999.250 -999.250 -999.250 -999.250 -999.250 -999.250 -999.250 -999.250 -999.250 -999.250 -999.250 -999.250 -999.250 13.062 23.586 21.984 15.040 12.708 13.937 14.477 14.885 16.544 15.191 14.722 16.683 13.067 12.585 14.054 15.078 16.646 13.036 12.026 11.863 12.480 13.546 12.408 12.084 11.290 11.077 8.539 5.700 5.429 2.948 1.290 0.000 0.000 0.000 0.000 0.000 0.000 0.000
-999.250 -999.250 -999.250 -999.250 -999.250 -999.250 -999.250 -999.250 -999.250 -999.250 -999.250 -999.250 -999.250 -999.250 -999.250 -999.250 -999.250 -999.250 -999.250 -999.250 -999.250 -999.250 -999.250 -999.250 -999.250 -999.250 -999.250 -999.250 -999.250 -999.250 26.264 24.183 23.052 24.373 16.938 12.897 15.853 15.629 23.617 19.377 27.652 18.698 23.541 19.207 18.007 14.011 14.637 17.873 14.616 13.753 12.333 11.975 11.462 13.757 12.409 10.455 8.971 6.579 7.314 3.835 2.210 0.000 0.000 0.000 0.000 0.000 0.000 0.000 0.000
-999.250 -999.250 -999.250 -999.250 -999.250 -999.250 -999.250 -999.250 -999.250 -999.250 -999.250 -999.250 -999.250 -999.250 -999.250 -999.250 -999.250 -999.250 -999.250 -999.250 -999.250 -999.250 -999.250 -999.250 -999.250 -999.250 -999.250 -999.250 -999.250 -999.250 25.083 22.166 28.375 18.854 20.122 15.559 19.689 21.894 27.066 25.495 36.282 31.465 23.388 23.583 23.489 17.330 15.681 15.611 10.320 10.711 11.093 10.778 10.824 11.996 10.466 8.724 7.009 7.424 6.219 4.432 1.579 0.000 0.000 0.000 0.000 0.000 0.000 0.000 0.000
-999.250 -999.250 -999.250 -999.250 -999.250 -999.250 -999.250 -999.250 -999.250 -999.250 -999.250 -999.250 -999.250 -999.250 -999.250 -999.250 -999.250 -999.250 -999.250 -999.250 -999.250 -999.250 -999.250 -999.250 -999.250 -999.250 -999.250 -999.250 -999.250 -999.250 23.875 22.830 21.612 20.473 24.138 25.615 27.922 24.210 34.969 37.821 29.675 33.858 30.319 31.417 22.303 18.191 16.953 13.327 11.752 10.453 11.642 10.477 12.752 14.058 11.642 12.160 7.877 6.620 7.937 4.486 1.368 0.118 0.000 0.000 0.000 0.000 0.000 0.000 0.000
-999.250 -999.250 -999.250 -999.250 -999.250 -999.250 -999.250 -999.250 -999.250 -999.250 -999.250 -999.250 -999.250 -999.250 -999.250 -999.250 -999.250 -999.250 -999.250 -999.250 -999.250 -999.250 -999.250 -999.250 -999.250 -999.250 -999.250 -999.250 -999.250 -999.250 26.528 23.553 20.490 27.804 29.584 31.432 28.771 38.137 38.245 37.477 45.068 36.170 36.331 32.970 25.588 23.618 18.083 16.707 12.931 12.994 13.918 11.884 13.138 12.231 13.683 12.076 11.890 8.921 5.853 2.843 2.217 0.116 0.000 0.000 0.000 0.000 0.000 0.000 0.000
-999.250 -999.250 -999.250 -999.250 -999.250 -999.250 -999.250 -999.250 -999.250 -999.250 -999.250 -999.250 -999.250 -999.250 -999.250 -999.250 -999.250 -999.250 -999.250 -999.250 -999.250 -999.250 -999.250 -999.250 -999.250 -999.250 -999.250 -999.250 -999.250 -999.250 32.415 31.032 32.184 34.357 32.501 34.378 40.177 44.205 53.278 48.988 50.212 52.009 43.005 43.623 31.545 24.902 25.023 16.083 17.066 19.230 16.039 11.955 11.717 12.020 12.217 13.618 11.269 7.608 8.043 4.602 2.579 1.181 0.101 0.000 0.000 0.000 0.293 0.773 0.000
-999.250 -999.250 -999.250 -999.250 -999.250 -999.250 -999.250 -999.250 -999.250 -999.250 -999.250 -999.250 -999.250 -999.250 -999.250 -999.250 -999.250 -999.250 -999.250 -999.250 -999.250 -999.250 -999.250 -999.250 -999.250 -999.250 -999.250 -999.250 -999.250 -999.250 40.089 32.219 36.858 37.905 45.275 42.868 58.846 52.861 59.887 56.911 50.918 55.239 49.779 49.138 37.243 33.382 22.592 26.416 20.065 14.994 15.575 13.038 13.072 12.992 10.694 12.177 11.900 9.854 5.684 5.559 3.873 4.381 2.392 2.126 0.000 0.679 2.488 0.364 0.588
-999.250 -999.250 -999.250 -999.250 -999.250 -999.250 -999.250 -999.250 -999.250 -999.250 -999.250 -999.250 -999.250 -999.250 -999.250 -999.250 -999.250 -999.250 -999.250 -999.250 -999.250 -999.250 -999.250 -999.250 -999.250 -999.250 -999.250 -999.250 -999.250 51.450 44.546 50.983 48.269 47.955 53.862 58.955 59.545 46.523 57.200 67.691 63.624 59.413 54.496 49.223 47.755 33.207 28.329 22.519 17.580 15.244 11.348 11.651 10.295 11.781 9.577 10.252 7.907 9.392 6.689 2.883 2.374 2.685 1.892 3.689 4.241 3.616 1.719 1.235 1.547
-999.250 -999.250 -999.250 -999.250 -999.250 -999.250 -999.250 -999.250 -999.250 -999.250 -999.250 -999.250 -999.250 -999.250 -999.250 -999.250 -999.250 -999.250 -999.250 -999.250 -999.250 -999.250 -999.250 -999.250 -999.250 -999.250 -999.250 -999.250 -999.250 61.187 58.116 60.839 50.259 49.077 67.618 61.174 63.416 62.835 68.142 75.524 71.220 60.142 59.476 63.842 53.558 35.336 23.650 19.984 18.857 16.712 13.663 13.787 12.023 11.019 11.595 9.336 9.558 7.380 6.077 4.801 3.843 3.835 3.706 4.062 3.907 2.210 3.665 3.891 1.845
-999.250 -999.250 -999.250 -999.250 -999.250 -999.250 -999.250 -999.250 -999.250 -999.250 -999.250 -999.250 -999.250 -999.250 -999.250 -999.250 -999.250 -999.250 -999.250 -999.250 -999.250 -999.250 -999.250 -999.250 -999.250 -999.250 -999.250 -999.250 67.710 69.673 69.530 74.308 60.942 55.600 56.416 63.499 62.642 64.972 66.565 78.980 77.599 70.682 70.394 65.867 53.831 44.928 27.674 21.092 21.005 15.553 13.363 14.103 12.817 12.039 10.879 8.583 7.986 6.954 6.115 4.995 4.427 3.874 3.764 3.639 3.294 3.591 5.335 4.026 3.260
-999.250 -999.250 -999.250 -999.250 -999.250 -999.250 -999.250 -999.250 -999.250 -999.250 -999.250 -999.250 -999.250 -999.250 -999.250 -999.250 -999.250 -999.250 -999.250 -999.250 -999.250 -999.250 -999.250 -999.250 -999.250 -999.250 -999.250 -999.250 70.770 76.201 77.536 81.769 81.419 55.874 70.398 66.969 65.339 62.938 70.556 83.934 86.185 78.650 65.716 49.253 50.214 38.781 29.244 25.246 19.006 14.542 15.642 14.437 12.641 12.339 10.880 9.643 8.595 8.849 4.609 5.717 8.020 5.121 4.204 2.244 2.704 1.331 3.978 3.861 5.193
-999.250 -999.250 -999.250 -999.250 -999.250 -999.250 -999.250 -999.250 -999.250 -999.250 -999.250 -999.250 -999.250 -999.250 -999.250 -999.250 -999.250 -999.250 -999.250 -999.250 -999.250 -999.250 -999.250 -999.250 -999.250 -999.250 -999.250 66.269 68.479 80.242 85.192 83.589 84.152 78.724 63.670 66.473 70.100 71.682 71.899 82.393 98.483 81.537 68.087 60.218 44.625 34.819 30.796 21.330 17.419 16.892 15.762 16.201 12.725 11.861 8.753 10.918 10.246 11.301 7.335 6.066 5.832 5.712 7.695 3.760 1.042 2.162 4.231 4.475 6.555
-999.250 -999.250 -999.250 -999.250 -999.250 -999.250 -999.250 -999.250 -999.250 -999.250 -999.250 -999.250 -999.250 -999.250 -999.250 -999.250 -999.250 -999.250 -999.250 -999.250 -999.250 -999.250 -999.250 -999.250 -999.250 -999.250 -999.250 59.703 65.264 81.967 89.382 82.014 77.484 77.806 82.306 76.912 68.517 65.045 64.498 68.109 78.449 72.609 62.954 56.443 45.938 31.277 29.025 17.693 16.134 14.799 13.112 13.367 13.004 9.709 10.781 11.894 12.288 9.825 9.767 7.748 4.222 6.018 7.216 2.240 2.443 3.784 5.226 4.055 7.538
-999.250 -999.250 -999.250 -999.250 -999.250 -999.250 -999.250 -999.250 -999.250 -999.250 -999.250 -999.250 -999.250 -999.250 -999.250 -999.250 -999.250 -999.250 -999.250 -999.250 -999.250 -999.250 -999.250 -999.250 -999.250 -999.250 -999.250 62.336 61.951 76.266 77.787 87.154 83.984 66.897 68.068 73.059 69.412 66.169 62.189 63.524 72.459 61.314 63.685 45.156 39.051 39.027 20.454 20.184 13.145 13.475 9.643 8.832 11.233 9.773 8.944 11.207 12.573 12.268 9.704 8.974 7.944 6.094 5.116 2.669 5.271 3.630 4.998 5.199 5.631
-999.250 -999.250 -999.250 -999.250 -999.250 -999.250 -999.250 -999.250 -999.250 -999.250 -999.250 -999.250 -999.250 -999.250 -999.250 -999.250 -999.250 -999.250 -999.250 -999.250 -999.250 -999.250 -999.250 -999.250 -999.250 -999.250 -999.250 49.077 63.013 74.064 82.137 84.305 77.375 72.075 71.310 69.514 64.742 57.432 49.421 61.830 59.452 60.518 48.554 50.167 36.970 22.945 17.217 15.822 12.750 11.771 8.281 7.355 8.149 11.593 10.574 11.255 11.383 12.268 10.190 6.878 8.341 4.099 3.590 4.855 4.007 3.541 5.366 5.830 5.611
-999.250 -999.250 -999.250 -999.250 -999.250 -999.250 -999.250 -999.250 -999.250 -999.250 -999.250 -999.250 -999.250 -999.250 -999.250 -999.250 -999.250 -999.250 -999.250 -999.250 -999.250 -999.250 -999.250 -999.250 -999.250 -999.250 -999.250 47.100 48.794 60.102 69.294 76.380 70.283 64.175 67.323 69.214 63.571 51.489 53.884 41.750 46.857 45.869 37.911 34.476 25.735 18.231 12.834 13.104 9.556 9.833 9.516 8.947 8.641 10.810 8.671 8.719 12.132 11.946 10.524 11.896 7.359 6.383 3.889 3.842 3.160 5.280 2.234 4.316 5.986
-999.250 -999.250 -999.250 -999.250 -999.250 -999.250 -999.250 -999.250 -999.250 -999.250 -999.250 -999.250 -999.250 -999.250 -999.250 -999.250 -999.250 -999.250 -999.250 -999.250 -999.250 -999.250 -999.250 -999.250 -999.250 -999.250 -999.250 48.899 45.450 57.746 68.315 66.573 64.323 62.139 67.098 69.113 59.410 50.271 41.110 41.155 34.779 35.859 29.174 20.931 15.835 13.307 8.294 8.662 7.148 6.452 8.128 8.897 8.737 10.668 10.610 10.011 13.644 16.778 13.516 11.516 8.014 6.909 6.995 5.497 4.980 2.387 1.872 2.982 5.431
-999.250 -999.250 -999.250 -999.250 -999.250 -999.250 -999.250 -999.250 -999.250 -999.250 -999.250 -999.250 -999.250 -999.250 -999.250 -999.250 -999.250 -999.250 -999.250 -999.250 -999.250 -999.250 -999.250 -999.250 -999.250 -999.250 35.103 37.009 42.522 62.195 56.089 49.302 56.509 60.157 63.476 50.719 56.966 45.032 38.687 31.846 31.691 27.184 23.974 16.132 13.207 11.165 6.402 5.177 3.752 5.933 8.232 7.696 10.151 13.637 13.905 13.757 13.704 19.191 15.331 13.213 12.005 7.538 5.465 3.119 3.216 1.954 1.958 2.976 5.774
-999.250 -999.250 -999.250 -999.250 -999.250 -999.250 -999.250 -999.250 -999.250 -999.250 -999.250 -999.250 -999.250 -999.250 -999.250 -999.250 -999.250 -999.250 -999.250 -999.250 -999.250 -999.250 -999.250 -999.250 -999.250 -999.250 26.007 31.941 39.488 39.945 52.565 54.143 56.671 70.376 75.712 57.745 57.326 41.835 44.266 36.543 33.141 27.302 19.346 13.264 9.913 6.437 0.980 0.264 0.852 2.109 7.230 9.156 9.651 13.923 14.734 16.744 18.480 20.836 15.764 13.809 11.089 8.738 6.420 4.089 3.375 2.511 2.865 4.871 7.171
-999.250 -999.250 -999.250 -999.250 -999.250 -999.250 -999.250 -999.250 -999.250 -999.250 -999.250 -999.250 -999.250 -999.250 -999.250 -999.250 -999.250 -999.250 -999.250 -999.250 -999.250 -999.250 -999.250 -999.250 -999.250 13.588 18.126 22.929 33.983 42.205 51.801 43.032 66.210 75.528 79.575 68.999 53.748 40.103 34.849 33.049 32.813 34.245 18.487 10.625 6.570 0.489 0.000 0.000 0.000 0.664 5.147 9.090 12.957 19.817 21.147 27.520 30.061 23.984 15.835 18.484 12.657 8.801 5.576 5.947 2.936 2.980 3.295 5.960 7.883
-999.250 -999.250 -999.250 -999.250 -999.250 -999.250 -999.250 -999.250 -999.250 -999.250 -999.250 -999.250 -999.250 -999.250 -999.250 -999.250 -999.250 -999.250 -999.250 -999.250 -999.250 -999.250 -999.250 -999.250 -999.250 12.621 15.857 19.081 28.860 39.487 53.812 60.474 68.546 70.386 66.848 63.644 58.734 37.009 35.964 26.525 24.209 19.491 14.937 8.503 2.532 0.000 0.000 0.000 0.000 2.168 5.572 10.811 17.052 25.094 28.594 26.135 30.804 30.270 21.395 19.763 15.451 11.507 10.606 6.391 3.959 3.223 4.738 5.146 7.701
-999.250 -999.250 -999.250 -999.250 -999.250 -999.250 -999.250 -999.250 -999.250 -999.250 -999.250 -999.250 -999.250 -999.250 -999.250 -999.250 -999.250 -999.250 -999.250 -999.250 -999.250 -999.250 -999.250 -999.250 -999.250 6.206 11.526 14.899 23.271 32.677 42.907 52.312 62.279 73.269 74.112 68.880 59.932 45.935 29.708 26.342 24.612 17.125 11.273 8.224 1.173 0.000 0.000 0.000 0.000 3.713 8.281 12.205 19.619 23.025 33.697 36.880 42.636 38.923 30.655 25.388 19.940 14.447 13.101 8.655 5.270 5.087 4.912 7.130 7.252
-999.250 -999.250 -999.250 -999.250 -999.250 -999.250 -999.250 -999.250 -999.250 -999.250 -999.250 -999.250 -999.250 -999.250 -999.250 -999.250 -999.250 -999.250 -999.250 -999.250 -999.250 -999.250 -999.250 -999.250 0.547 1.747 6.613 10.326 21.567 35.539 39.274 46.685 62.502 74.376 70.250 70.248 71.072 60.493 36.436 24.139 24.814 16.661 12.350 5.976 0.594 0.000 0.000 0.000 0.000 4.727 10.121 14.785 24.860 32.855 40.467 55.230 48.381 42.922 33.877 27.762 20.203 13.684 12.474 9.784 7.640 5.638 6.981 5.836 8.667
