data/medianmodel_29-Sep-2020.asc
ncols	141
nrows	288
xllcorner	-120191.398
yllcorner	-301404.813
cellsize	2000.000
NODATA_value	-999.250
[rows 210 to 239 of 288, columns 67 to 133 of 141]
16.839 13.974 12.926 12.060 11.646 11.658 12.256 11.847 11.145 14.128 15.383 18.978 23.428 27.641 32.643 36.202 46.051 53.914 59.279 58.974 61.169 57.169 51.055 41.440 39.044 34.666 28.206 18.767 13.511 6.097 0.136 0.000 -999.250 -999.250 -999.250 -999.250 -999.250 -999.250 -999.250 -999.250 -999.250 -999.250 -999.250 -999.250 -999.250 -999.250 -999.250 -999.250 -999.250 -999.250 -999.250 -999.250 -999.250 -999.250 -999.250 -999.250 -999.250 -999.250 -999.250 -999.250 -999.250 -999.250 -999.250 -999.250 -999.250 -999.250 -999.250
15.204 14.557 14.659 11.196 10.211 10.806 11.509 9.374 6.393 9.283 6.612 10.971 18.229 22.155 28.414 29.752 36.787 47.253 44.195 53.039 54.093 52.052 46.373 50.298 38.934 34.130 30.234 23.476 17.158 13.179 8.546 1.656 0.000 -999.250 -999.250 -999.250 -999.250 -999.250 -999.250 -999.250 -999.250 -999.250 -999.250 -999.250 -999.250 -999.250 -999.250 -999.250 -999.250 -999.250 -999.250 -999.250 -999.250 -999.250 -999.250 -999.250 -999.250 -999.250 -999.250 -999.250 -999.250 -999.250 -999.250 -999.250 -999.250 -999.250 -999.250
15.528 15.067 13.801 13.506 13.661 12.096 7.546 5.447 2.897 1.634 1.922 7.532 10.220 16.456 22.991 28.374 30.998 33.327 39.937 45.588 46.760 50.769 44.872 46.093 42.958 36.829 33.386 29.394 20.541 16.877 14.067 9.800 3.400 0.338 -999.250 -999.250 -999.250 -999.250 -999.250 -999.250 -999.250 -999.250 -999.250 -999.250 -999.250 -999.250 -999.250 -999.250 -999.250 -999.250 -999.250 -999.250 -999.250 -999.250 -999.250 -999.250 -999.250 -999.250 -999.250 -999.250 -999.250 -999.250 -999.250 -999.250 -999.250 -999.250 -999.250
14.129 16.087 17.854 18.526 15.085 11.905 9.410 3.635 0.027 0.000 0.000 0.000 4.532 10.435 16.131 19.175 26.538 29.617 33.774 39.607 46.251 45.532 49.334 50.955 50.106 41.393 38.594 32.393 26.848 22.309 19.163 12.831 8.286 0.399 -999.250 -999.250 -999.250 -999.250 -999.250 -999.250 -999.250 -999.250 -999.250 -999.250 -999.250 -999.250 -999.250 -999.250 -999.250 -999.250 -999.250 -999.250 -999.250 -999.250 -999.250 -999.250 -999.250 -999.250 -999.250 -999.250 -999.250 -999.250 -999.250 -999.250 -999.250 -999.250 -999.250
14.528 21.069 22.233 24.453 21.248 16.971 12.805 3.115 0.000 0.000 0.000 0.000 1.474 9.906 15.379 16.999 22.029 26.898 33.970 36.926 44.634 53.853 51.935 50.937 51.508 51.146 42.205 42.994 33.299 26.870 20.653 16.466 12.939 7.278 0.527 -999.250 -999.250 -999.250 -999.250 -999.250 -999.250 -999.250 -999.250 -999.250 -999.250 -999.250 -999.250 -999.250 -999.250 -999.250 -999.250 -999.250 -999.250 -999.250 -999.250 -999.250 -999.250 -999.250 -999.250 -999.250 -999.250 -999.250 -999.250 -999.250 -999.250 -999.250 -999.250
16.500 24.899 28.649 30.888 27.875 20.680 13.353 5.487 0.000 0.000 0.000 0.000 1.886 8.223 12.150 16.745 20.814 27.769 33.753 36.841 45.473 53.470 54.325 53.846 48.918 52.655 52.390 45.722 39.825 34.627 29.432 20.098 16.618 10.599 6.426 1.815 -999.250 -999.250 -999.250 -999.250 -999.250 -999.250 -999.250 -999.250 -999.250 -999.250 -999.250 -999.250 -999.250 -999.250 -999.250 -999.250 -999.250 -999.250 -999.250 -999.250 -999.250 -999.250 -999.250 -999.250 -999.250 -999.250 -999.250 -999.250 -999.250 -999.250 -999.250
20.998 29.371 38.298 40.334 32.907 29.471 16.039 6.858 0.000 0.000 0.000 1.473 4.303 7.901 11.365 18.068 20.297 28.649 34.712 38.602 43.613 49.869 54.894 56.980 57.195 57.879 60.470 53.888 47.891 37.583 33.359 28.222 22.786 16.688 11.714 7.769 -999.250 -999.250 -999.250 -999.250 -999.250 -999.250 -999.250 -999.250 -999.250 -999.250 -999.250 -999.250 -999.250 -999.250 -999.250 -999.250 -999.250 -999.250 -999.250 -999.250 -999.250 -999.250 -999.250 -999.250 -999.250 -999.250 -999.250 -999.250 -999.250 -999.250 -999.250
28.426 35.714 48.039 54.299 47.021 34.971 24.308 13.021 0.000 0.000 1.097 2.173 4.074 9.652 15.149 18.968 23.497 28.001 33.047 37.649 43.478 50.548 58.713 62.998 63.548 65.567 64.166 60.597 55.774 48.639 36.887 33.848 29.063 23.212 13.099 12.008 -999.250 -999.250 -999.250 -999.250 -999.250 -999.250 -999.250 -999.250 -999.250 -999.250 -999.250 -999.250 -999.250 -999.250 -999.250 -999.250 -999.250 -999.250 -999.250 -999.250 -999.250 -999.250 -999.250 -999.250 -999.250 -999.250 -999.250 -999.250 -999.250 -999.250 -999.250
37.992 56.094 62.802 64.099 62.340 48.174 32.347 20.158 10.601 8.521 8.900 5.048 8.793 10.166 15.607 21.785 24.471 31.539 38.468 42.493 51.696 58.938 69.217 72.876 72.366 71.687 63.019 69.711 62.793 57.947 46.279 40.674 31.393 29.555 20.425 15.918 9.661 -999.250 -999.250 -999.250 -999.250 -999.250 -999.250 -999.250 11.873 -999.250 -999.250 -999.250 -999.250 -999.250 -999.250 -999.250 -999.250 -999.250 -999.250 -999.250 -999.250 -999.250 -999.250 -999.250 -999.250 -999.250 -999.250 -999.250 -999.250 -999.250 -999.250
55.939 67.342 80.599 85.049 74.025 62.724 48.371 32.403 23.114 16.567 13.793 13.829 14.618 15.157 21.593 24.913 29.166 35.463 40.157 46.467 57.033 63.410 72.786 76.849 81.743 79.583 74.817 71.220 69.888 63.121 54.251 46.713 38.528 34.220 25.930 17.185 12.794 8.588 -999.250 -999.250 -999.250 0.000 0.000 5.655 8.726 -999.250 -999.250 -999.250 -999.250 -999.250 -999.250 -999.250 -999.250 -999.250 -999.250 -999.250 -999.250 -999.250 -999.250 -999.250 -999.250 -999.250 -999.250 -999.250 -999.250 -999.250 -999.250
65.893 78.250 93.925 108.814 87.110 74.229 59.889 42.908 35.498 28.786 26.377 21.439 19.910 20.590 22.425 28.413 34.057 37.891 43.699 51.379 55.702 68.183 76.013 86.735 82.835 86.379 84.348 80.651 71.091 64.754 59.882 56.873 47.438 38.873 30.581 20.445 16.688 9.784 -999.250 0.576 0.000 0.000 0.000 5.110 -999.250 -999.250 -999.250 -999.250 -999.250 -999.250 -999.250 -999.250 -999.250 -999.250 -999.250 -999.250 -999.250 -999.250 -999.250 -999.250 -999.250 -999.250 -999.250 -999.250 -999.250 -999.250 -999.250
71.612 82.210 101.322 101.909 91.492 81.128 68.988 54.467 42.338 35.359 31.080 28.614 26.353 27.418 29.097 32.328 35.632 39.835 46.468 57.564 65.232 69.526 83.004 90.553 95.858 100.897 93.778 94.751 81.688 74.892 63.681 63.226 54.956 44.500 36.531 29.900 20.011 13.444 9.410 1.787 0.000 0.000 0.893 7.595 -999.250 -999.250 -999.250 -999.250 -999.250 -999.250 -999.250 -999.250 -999.250 -999.250 -999.250 -999.250 -999.250 -999.250 -999.250 -999.250 -999.250 -999.250 -999.250 -999.250 -999.250 -999.250 -999.250
78.316 88.708 98.030 97.690 85.400 81.381 72.402 61.452 55.665 48.160 42.085 31.605 29.564 28.752 32.187 37.620 43.030 48.438 50.783 59.443 68.925 75.356 84.915 96.167 106.814 116.635 107.811 94.338 89.870 78.434 67.997 64.615 56.923 48.657 37.398 33.424 28.868 18.135 11.767 9.479 6.503 6.397 6.523 10.103 -999.250 -999.250 -999.250 -999.250 -999.250 -999.250 -999.250 -999.250 -999.250 -999.250 -999.250 -999.250 -999.250 -999.250 -999.250 -999.250 -999.250 -999.250 -999.250 -999.250 -999.250 -999.250 -999.250
82.131 90.505 89.975 92.865 85.693 81.562 76.270 70.522 62.934 61.173 46.975 42.960 35.126 37.740 40.670 46.231 46.794 55.348 58.995 62.801 69.192 81.760 95.732 103.709 101.431 106.276 101.437 102.369 86.619 78.027 71.849 62.519 59.469 49.303 44.871 37.123 30.120 25.944 17.116 15.793 13.185 12.569 12.185 11.620 -999.250 -999.250 -999.250 -999.250 -999.250 -999.250 -999.250 -999.250 -999.250 -999.250 -999.250 -999.250 -999.250 -999.250 -999.250 -999.250 -999.250 -999.250 -999.250 -999.250 -999.250 -999.250 -999.250
80.940 90.083 94.178 95.183 92.602 92.597 83.690 74.658 72.417 64.106 54.449 51.728 47.101 52.034 49.468 55.298 54.969 59.256 59.998 71.169 81.696 87.493 89.330 95.254 101.851 105.863 102.060 102.950 95.609 84.722 81.510 69.565 57.871 51.051 47.445 43.516 35.585 29.919 21.612 17.817 18.000 16.104 17.004 -999.250 -999.250 -999.250 -999.250 -999.250 -999.250 -999.250 -999.250 -999.250 -999.250 -999.250 -999.250 -999.250 -999.250 -999.250 -999.250 -999.250 -999.250 -999.250 -999.250 -999.250 -999.250 -999.250 -999.250
84.313 96.090 98.913 100.790 97.739 93.087 88.310 84.577 76.937 67.147 59.088 59.113 60.891 60.629 58.472 56.688 60.325 64.604 63.292 74.582 90.174 88.860 91.505 87.187 104.179 103.830 107.293 95.357 93.778 84.816 88.383 73.533 62.593 56.953 55.029 44.130 34.312 30.369 26.589 25.866 24.594 22.059 20.177 -999.250 -999.250 -999.250 -999.250 -999.250 -999.250 -999.250 -999.250 -999.250 -999.250 -999.250 -999.250 -999.250 -999.250 -999.250 -999.250 -999.250 -999.250 -999.250 -999.250 -999.250 -999.250 -999.250 -999.250
81.922 96.018 99.236 105.639 100.182 97.848 93.167 96.369 89.907 77.613 68.078 69.348 69.325 63.090 61.827 61.930 61.933 68.888 70.042 74.659 89.479 93.453 90.583 94.564 103.191 95.496 102.664 98.567 97.724 83.745 84.552 74.941 63.187 57.555 53.156 46.542 38.287 38.762 29.257 30.355 26.403 26.751 26.200 -999.250 -999.250 -999.250 -999.250 -999.250 -999.250 -999.250 -999.250 -999.250 -999.250 -999.250 -999.250 -999.250 -999.250 -999.250 -999.250 -999.250 -999.250 -999.250 -999.250 -999.250 -999.250 -999.250 -999.250
85.539 93.303 109.078 110.628 104.469 111.038 109.006 109.682 100.298 85.850 75.649 72.977 73.314 71.054 63.754 63.118 66.390 73.263 70.531 81.229 86.666 88.594 88.511 94.522 103.404 88.184 80.106 89.780 96.438 85.109 84.388 77.032 71.155 60.779 53.056 52.186 47.889 39.244 35.267 31.020 30.144 27.207 -999.250 -999.250 -999.250 -999.250 -999.250 -999.250 -999.250 -999.250 -999.250 -999.250 -999.250 -999.250 -999.250 -999.250 -999.250 -999.250 -999.250 -999.250 -999.250 -999.250 -999.250 -999.250 -999.250 -999.250 -999.250
85.854 99.182 113.642 116.672 122.714 122.680 116.831 112.944 105.422 93.147 86.570 84.600 77.615 77.904 72.841 63.564 67.608 71.981 81.954 84.326 87.512 88.780 90.941 93.347 93.751 92.227 85.128 83.886 84.829 87.347 89.126 77.161 70.634 64.706 53.085 50.399 42.721 -999.250 -999.250 38.927 35.208 32.464 -999.250 -999.250 -999.250 -999.250 -999.250 -999.250 -999.250 -999.250 -999.250 -999.250 -999.250 -999.250 -999.250 -999.250 -999.250 -999.250 -999.250 -999.250 -999.250 -999.250 -999.250 -999.250 -999.250 -999.250 -999.250
93.846 97.333 117.698 131.034 132.775 125.343 121.333 108.387 110.467 101.770 92.154 92.626 82.770 81.458 78.830 70.668 75.029 79.245 81.760 82.333 89.361 83.902 86.813 88.526 89.885 93.421 87.370 80.902 82.990 80.574 81.533 74.533 71.135 62.689 56.725 47.536 44.650 -999.250 -999.250 -999.250 -999.250 -999.250 -999.250 -999.250 -999.250 -999.250 -999.250 -999.250 -999.250 -999.250 -999.250 -999.250 -999.250 -999.250 -999.250 -999.250 -999.250 -999.250 -999.250 -999.250 -999.250 -999.250 -999.250 -999.250 -999.250 -999.250 -999.250
84.836 93.697 114.897 116.168 127.371 120.873 116.232 111.277 107.987 101.229 88.375 83.432 79.583 86.018 79.854 81.064 82.995 83.434 76.438 79.052 88.960 82.209 81.823 93.081 82.591 82.302 77.558 76.253 78.007 76.661 72.184 67.524 63.085 -999.250 -999.250 53.794 -999.250 -999.250 -999.250 -999.250 -999.250 -999.250 -999.250 -999.250 -999.250 -999.250 -999.250 -999.250 -999.250 -999.250 -999.250 -999.250 -999.250 -999.250 -999.250 -999.250 -999.250 -999.250 -999.250 -999.250 -999.250 -999.250 -999.250 -999.250 -999.250 -999.250 -999.250
82.016 92.045 106.542 101.197 114.497 112.922 112.160 116.301 107.519 95.230 93.167 86.842 89.189 92.207 79.028 78.417 84.879 85.224 82.335 83.539 82.396 83.601 85.025 75.128 82.915 84.653 84.177 75.709 74.995 71.959 71.455 -999.250 -999.250 -999.250 -999.250 -999.250 -999.250 -999.250 -999.250 -999.250 -999.250 -999.250 -999.250 -999.250 -999.250 -999.250 -999.250 -999.250 -999.250 -999.250 -999.250 -999.250 -999.250 -999.250 -999.250 -999.250 -999.250 -999.250 -999.250 -999.250 -999.250 -999.250 -999.250 -999.250 -999.250 -999.250 -999.250
78.073 81.641 87.307 101.537 108.695 105.422 108.680 103.261 111.381 96.892 89.607 96.174 86.018 87.958 84.130 86.275 85.811 83.559 87.134 89.346 86.661 89.168 87.959 82.081 81.407 83.393 78.977 78.154 73.134 71.279 68.512 -999.250 -999.250 -999.250 -999.250 -999.250 -999.250 -999.250 -999.250 -999.250 -999.250 -999.250 -999.250 -999.250 -999.250 -999.250 -999.250 -999.250 -999.250 -999.250 -999.250 -999.250 -999.250 -999.250 -999.250 -999.250 -999.250 -999.250 -999.250 -999.250 -999.250 -999.250 -999.250 -999.250 -999.250 -999.250 -999.250
77.587 75.946 85.320 91.416 97.596 94.169 105.240 100.373 93.206 87.724 92.835 87.132 87.398 82.225 85.020 83.034 88.560 85.793 88.382 95.977 90.053 92.318 85.669 80.447 73.806 71.240 69.564 72.593 73.304 65.033 64.717 -999.250 -999.250 -999.250 -999.250 -999.250 -999.250 -999.250 -999.250 -999.250 -999.250 -999.250 -999.250 -999.250 -999.250 -999.250 -999.250 -999.250 -999.250 -999.250 -999.250 -999.250 -999.250 -999.250 -999.250 -999.250 -999.250 -999.250 -999.250 -999.250 -999.250 -999.250 -999.250 -999.250 -999.250 -999.250 -999.250
63.480 70.049 78.343 79.682 83.332 88.849 85.617 90.102 88.400 88.395 87.212 83.816 80.522 85.536 84.529 82.678 86.484 90.149 88.481 87.448 86.227 89.285 84.360 82.393 71.938 70.735 72.299 71.861 68.126 67.304 62.402 -999.250 -999.250 -999.250 -999.250 -999.250 -999.250 -999.250 -999.250 -999.250 -999.250 -999.250 -999.250 -999.250 -999.250 -999.250 -999.250 -999.250 -999.250 -999.250 -999.250 -999.250 -999.250 -999.250 -999.250 -999.250 -999.250 -999.250 -999.250 -999.250 -999.250 -999.250 -999.250 -999.250 -999.250 -999.250 -999.250
58.380 60.247 68.381 65.384 72.561 81.693 86.667 88.417 87.118 84.313 84.275 81.975 83.909 85.255 82.456 82.714 94.332 95.380 87.548 84.723 87.321 80.943 79.092 80.531 77.219 72.127 69.748 69.134 74.061 66.192 -999.250 -999.250 -999.250 -999.250 -999.250 -999.250 -999.250 -999.250 -999.250 -999.250 -999.250 -999.250 -999.250 -999.250 -999.250 -999.250 -999.250 -999.250 -999.250 -999.250 -999.250 -999.250 -999.250 -999.250 -999.250 -999.250 -999.250 -999.250 -999.250 -999.250 -999.250 -999.250 -999.250 -999.250 -999.250 -999.250 -999.250
46.705 52.434 58.197 60.090 65.556 75.574 84.499 83.879 82.714 82.439 72.749 76.862 81.734 81.222 82.476 86.012 92.869 101.651 97.875 87.975 86.469 78.167 74.500 76.525 74.654 74.744 70.600 64.399 68.020 65.772 -999.250 -999.250 -999.250 -999.250 -999.250 -999.250 -999.250 -999.250 -999.250 -999.250 -999.250 -999.250 -999.250 -999.250 -999.250 -999.250 -999.250 -999.250 -999.250 -999.250 -999.250 -999.250 -999.250 -999.250 -999.250 -999.250 -999.250 -999.250 -999.250 -999.250 -999.250 -999.250 -999.250 -999.250 -999.250 -999.250 -999.250
34.926 44.472 47.993 52.422 58.015 61.373 74.105 79.027 75.637 77.140 71.255 80.315 80.494 85.560 86.002 85.765 88.651 88.002 94.089 88.874 80.369 76.478 73.873 74.288 69.380 66.953 67.276 63.755 59.821 64.287 -999.250 -999.250 -999.250 -999.250 -999.250 -999.250 -999.250 -999.250 -999.250 -999.250 -999.250 -999.250 -999.250 -999.250 -999.250 -999.250 -999.250 -999.250 -999.250 -999.250 -999.250 -999.250 -999.250 -999.250 -999.250 -999.250 -999.250 -999.250 -999.250 -999.250 -999.250 -999.250 -999.250 -999.250 -999.250 -999.250 -999.250
31.142 33.490 37.515 43.935 45.407 51.620 60.095 66.233 66.373 70.280 68.517 69.551 71.767 80.942 81.296 82.044 89.012 83.958 80.204 88.438 82.462 76.498 72.571 73.806 68.862 63.952 63.224 60.597 63.170 -999.250 -999.250 -999.250 -999.250 -999.250 -999.250 -999.250 -999.250 -999.250 -999.250 -999.250 -999.250 -999.250 -999.250 -999.250 -999.250 -999.250 -999.250 -999.250 -999.250 -999.250 -999.250 -999.250 -999.250 -999.250 -999.250 -999.250 -999.250 -999.250 -999.250 -999.250 -999.250 -999.250 -999.250 -999.250 -999.250 -999.250 -999.250
20.451 26.702 28.321 32.201 43.058 50.103 53.919 56.403 59.077 67.454 70.200 66.707 67.586 71.341 76.605 81.868 84.509 80.601 78.349 76.746 78.650 69.173 67.994 69.492 61.571 63.311 62.213 61.453 51.798 -999.250 -999.250 -999.250 -999.250 -999.250 -999.250 -999.250 -999.250 -999.250 -999.250 -999.250 -999.250 -999.250 -999.250 -999.250 -999.250 -999.250 -999.250 -999.250 -999.250 -999.250 -999.250 -999.250 -999.250 -999.250 -999.250 -999.250 -999.250 -999.250 -999.250 -999.250 -999.250 -999.250 -999.250 -999.250 -999.250 -999.250 -999.250
