data/medianmodel_16-Nov-2020.asc
ncols	141
nrows	288
xllcorner	-120191.398
yllcorner	-301404.813
cellsize	2000.000
NODATA_value	-999.250
[rows 203 to 231 of 288, columns 65 to 129 of 141]
460.504 440.574 438.007 444.120 439.008 456.044 442.781 429.139 461.248 450.895 483.346 485.382 453.467 475.929 461.287 457.873 468.594 470.408 487.847 490.010 468.911 451.321 453.231 407.136 360.571 353.645 309.225 282.558 231.014 193.918 -999.250 -999.250 -999.250 -999.250 -999.250 -999.250 -999.250 -999.250 -999.250 -999.250 -999.250 -999.250 -999.250 -999.250 -999.250 -999.250 -999.250 -999.250 -999.250 -999.250 -999.250 -999.250 -999.250 -999.250 -999.250 -999.250 -999.250 -999.250 -999.250 -999.250 -999.250 -999.250 -999.250 -999.250 -999.250
427.667 449.734 428.438 410.110 431.089 449.423 459.937 439.741 457.506 428.585 462.917 466.607 471.442 455.546 482.328 453.877 470.125 456.959 492.038 494.133 496.116 486.732 468.932 412.215 383.460 350.829 322.137 305.215 255.395 210.460 168.429 -999.250 -999.250 -999.250 -999.250 -999.250 -999.250 -999.250 -999.250 -999.250 -999.250 -999.250 -999.250 -999.250 -999.250 -999.250 -999.250 -999.250 -999.250 -999.250 -999.250 -999.250 -999.250 -999.250 -999.250 -999.250 -999.250 -999.250 -999.250 -999.250 -999.250 -999.250 -999.250 -999.250 -999.250
416.236 452.810 424.174 460.917 423.408 430.342 440.571 454.054 432.694 441.855 437.647 452.195 422.852 450.215 448.389 473.888 496.206 501.020 510.259 503.618 499.771 489.522 469.000 435.137 401.830 358.560 330.919 280.168 238.485 220.921 -999.250 -999.250 -999.250 -999.250 -999.250 -999.250 -999.250 -999.250 -999.250 -999.250 -999.250 -999.250 -999.250 -999.250 -999.250 -999.250 -999.250 -999.250 -999.250 -999.250 -999.250 -999.250 -999.250 -999.250 -999.250 -999.250 -999.250 -999.250 -999.250 -999.250 -999.250 -999.250 -999.250 -999.250 -999.250
417.041 436.402 400.305 444.195 435.723 379.186 430.407 414.698 390.440 438.102 465.899 422.935 433.488 435.313 428.165 465.812 496.963 493.028 492.604 511.520 519.221 493.395 453.588 413.119 362.029 357.555 342.821 269.483 244.883 213.963 170.402 -999.250 -999.250 -999.250 -999.250 -999.250 -999.250 -999.250 -999.250 -999.250 -999.250 -999.250 -999.250 -999.250 -999.250 -999.250 -999.250 -999.250 -999.250 -999.250 -999.250 -999.250 -999.250 -999.250 -999.250 -999.250 -999.250 -999.250 -999.250 -999.250 -999.250 -999.250 -999.250 -999.250 -999.250
452.456 435.682 441.899 435.167 396.831 416.859 400.759 371.161 386.143 402.951 387.145 417.930 395.805 390.876 416.717 433.212 492.070 499.882 493.149 487.036 487.110 443.123 448.169 444.069 428.525 350.149 340.336 291.543 232.570 173.269 143.932 116.935 -999.250 -999.250 -999.250 -999.250 -999.250 -999.250 -999.250 -999.250 -999.250 -999.250 -999.250 -999.250 -999.250 -999.250 -999.250 -999.250 -999.250 -999.250 -999.250 -999.250 -999.250 -999.250 -999.250 -999.250 -999.250 -999.250 -999.250 -999.250 -999.250 -999.250 -999.250 -999.250 -999.250
457.892 458.456 454.692 384.295 397.101 409.031 366.302 388.134 366.382 371.107 377.473 365.974 354.198 373.747 372.630 441.840 458.292 466.365 479.873 499.487 460.810 419.281 417.340 378.979 398.886 357.458 323.699 297.146 204.729 183.891 125.192 79.732 -999.250 -999.250 -999.250 -999.250 -999.250 -999.250 -999.250 -999.250 -999.250 -999.250 -999.250 -999.250 -999.250 -999.250 -999.250 -999.250 -999.250 -999.250 -999.250 -999.250 -999.250 -999.250 -999.250 -999.250 -999.250 -999.250 -999.250 -999.250 -999.250 -999.250 -999.250 -999.250 -999.250
440.338 426.803 421.265 407.705 382.763 381.008 353.166 324.669 338.468 333.577 342.281 328.397 289.109 332.372 325.810 369.647 392.256 460.754 464.116 453.298 410.609 373.736 386.011 406.897 348.381 327.628 273.433 258.605 226.099 186.018 112.172 40.816 65.756 -999.250 -999.250 -999.250 -999.250 -999.250 -999.250 -999.250 -999.250 -999.250 -999.250 -999.250 -999.250 -999.250 -999.250 -999.250 -999.250 -999.250 -999.250 -999.250 -999.250 -999.250 -999.250 -999.250 -999.250 -999.250 -999.250 -999.250 -999.250 -999.250 -999.250 -999.250 -999.250
427.291 412.542 393.746 371.166 351.164 356.309 305.234 323.167 306.016 299.737 292.740 256.872 252.970 265.036 293.590 305.279 328.833 357.578 370.094 396.395 390.916 373.456 361.835 355.142 318.041 314.280 266.062 252.158 205.422 169.200 130.843 97.580 88.337 85.883 -999.250 -999.250 -999.250 -999.250 -999.250 -999.250 -999.250 -999.250 -999.250 -999.250 -999.250 -999.250 -999.250 -999.250 -999.250 -999.250 -999.250 -999.250 -999.250 -999.250 -999.250 -999.250 -999.250 -999.250 -999.250 -999.250 -999.250 -999.250 -999.250 -999.250 -999.250
388.727 385.467 352.544 341.966 340.192 322.943 301.893 262.226 267.507 259.517 238.819 221.039 191.937 206.055 226.495 243.351 279.569 280.288 303.890 334.710 349.413 348.780 363.935 314.174 304.855 305.816 288.633 244.151 214.358 202.871 158.117 128.662 103.244 109.692 102.283 -999.250 -999.250 -999.250 -999.250 -999.250 -999.250 -999.250 -999.250 -999.250 -999.250 -999.250 -999.250 -999.250 -999.250 -999.250 -999.250 -999.250 -999.250 -999.250 -999.250 -999.250 -999.250 -999.250 -999.250 -999.250 -999.250 -999.250 -999.250 -999.250 -999.250
359.865 359.331 341.071 318.850 320.864 282.139 266.067 230.864 246.327 207.324 197.788 171.873 140.214 138.585 147.682 189.147 215.239 235.673 271.119 313.227 292.767 289.482 309.588 314.208 296.722 260.723 252.631 244.636 245.373 199.615 167.216 148.618 125.712 111.329 112.438 110.965 -999.250 -999.250 -999.250 -999.250 -999.250 -999.250 -999.250 -999.250 -999.250 -999.250 -999.250 -999.250 -999.250 -999.250 -999.250 -999.250 -999.250 -999.250 -999.250 -999.250 -999.250 -999.250 -999.250 -999.250 -999.250 -999.250 -999.250 -999.250 -999.250
317.255 321.385 314.999 280.504 285.594 253.659 243.506 225.856 205.149 183.278 156.293 134.825 99.842 34.317 97.385 165.028 190.009 226.305 237.191 273.704 269.865 278.739 271.945 273.737 249.977 254.624 239.808 244.798 211.612 192.632 175.693 149.747 141.329 125.523 130.464 111.882 -999.250 -999.250 -999.250 -999.250 -999.250 -999.250 -999.250 -999.250 -999.250 -999.250 -999.250 -999.250 -999.250 -999.250 -999.250 -999.250 -999.250 -999.250 -999.250 -999.250 -999.250 -999.250 -999.250 -999.250 -999.250 -999.250 -999.250 -999.250 -999.250
252.859 266.390 249.123 256.521 278.067 254.122 246.025 217.687 202.851 165.238 139.006 113.295 79.544 69.900 94.396 129.317 159.233 188.016 227.455 231.653 253.151 268.644 243.576 261.005 243.828 258.217 237.276 235.403 212.630 178.393 178.378 148.915 137.124 134.935 140.653 124.660 125.200 -999.250 -999.250 -999.250 -999.250 -999.250 -999.250 -999.250 -999.250 -999.250 -999.250 -999.250 -999.250 -999.250 -999.250 -999.250 -999.250 -999.250 -999.250 -999.250 -999.250 -999.250 -999.250 -999.250 -999.250 -999.250 -999.250 -999.250 -999.250
193.656 203.378 228.308 259.981 258.944 250.507 235.131 204.978 162.155 136.342 107.492 93.728 82.039 92.093 103.619 130.080 148.313 169.445 189.870 220.763 233.688 244.040 249.491 242.783 242.926 239.441 244.523 201.884 204.393 180.537 166.983 146.326 149.370 147.103 139.315 165.545 135.428 135.362 -999.250 -999.250 -999.250 -999.250 -999.250 -999.250 -999.250 -999.250 -999.250 -999.250 -999.250 -999.250 -999.250 -999.250 -999.250 -999.250 -999.250 -999.250 -999.250 -999.250 -999.250 -999.250 -999.250 -999.250 -999.250 -999.250 -999.250
126.863 163.987 215.784 253.395 263.843 272.058 230.277 194.544 168.603 129.089 73.716 64.708 75.178 91.884 125.324 124.146 138.898 158.622 179.936 192.952 209.548 218.415 207.302 230.868 223.438 225.730 199.103 218.041 194.215 176.137 165.574 149.651 142.022 142.685 156.566 145.361 144.549 138.604 -999.250 -999.250 -999.250 -999.250 -999.250 -999.250 -999.250 -999.250 -999.250 -999.250 -999.250 -999.250 -999.250 -999.250 -999.250 -999.250 -999.250 -999.250 -999.250 -999.250 -999.250 -999.250 -999.250 -999.250 -999.250 -999.250 -999.250
40.371 128.488 188.545 240.931 274.083 261.991 255.579 225.312 190.349 108.568 18.149 58.685 76.525 112.650 110.235 117.899 141.041 150.737 163.492 167.206 197.877 199.818 212.857 194.253 185.025 190.454 178.398 190.941 174.591 164.933 159.790 152.231 148.267 149.328 146.208 148.891 158.501 146.852 -999.250 -999.250 -999.250 -999.250 -999.250 -999.250 -999.250 -999.250 -999.250 -999.250 -999.250 -999.250 -999.250 -999.250 -999.250 -999.250 -999.250 -999.250 -999.250 -999.250 -999.250 -999.250 -999.250 -999.250 -999.250 -999.250 -999.250
135.707 161.864 224.629 252.612 275.507 295.650 293.226 234.653 214.594 150.364 99.853 85.488 100.936 113.945 114.239 121.535 137.630 151.059 147.706 154.044 167.128 185.608 183.952 195.368 174.274 186.989 177.637 158.831 175.070 170.259 155.328 169.446 156.645 146.710 169.382 146.289 156.934 159.838 159.285 -999.250 -999.250 -999.250 -999.250 -999.250 -999.250 -999.250 148.195 -999.250 -999.250 -999.250 -999.250 -999.250 -999.250 -999.250 -999.250 -999.250 -999.250 -999.250 -999.250 -999.250 -999.250 -999.250 -999.250 -999.250 -999.250
187.869 229.731 278.706 277.470 315.777 324.988 321.269 262.563 241.155 187.921 142.569 130.619 123.516 134.432 125.643 131.755 138.056 140.925 163.746 162.244 162.803 184.556 169.517 170.539 163.740 154.456 150.374 151.910 153.940 163.342 158.756 161.650 149.814 154.234 163.463 147.365 171.642 172.353 153.689 159.922 -999.250 -999.250 -999.250 139.416 138.236 132.130 153.093 -999.250 -999.250 -999.250 -999.250 -999.250 -999.250 -999.250 -999.250 -999.250 -999.250 -999.250 -999.250 -999.250 -999.250 -999.250 -999.250 -999.250 -999.250
260.579 251.573 272.232 323.428 331.315 348.205 348.809 308.477 255.849 216.417 179.625 165.496 146.342 138.015 140.235 133.551 137.315 143.627 168.194 160.951 150.852 162.630 168.845 159.749 147.635 135.381 150.059 139.863 138.629 150.394 154.655 146.414 150.772 161.971 174.444 166.232 151.695 156.500 177.474 158.192 -999.250 150.825 130.380 136.829 144.901 143.074 -999.250 -999.250 -999.250 -999.250 -999.250 -999.250 -999.250 -999.250 -999.250 -999.250 -999.250 -999.250 -999.250 -999.250 -999.250 -999.250 -999.250 -999.250 -999.250
279.755 291.946 312.365 349.958 337.035 359.401 335.233 305.237 269.693 227.040 188.353 168.126 177.592 158.604 162.718 163.207 153.839 165.482 157.275 156.724 163.355 152.395 163.496 153.929 143.920 125.266 110.185 102.590 115.223 123.997 140.763 160.126 168.049 162.059 172.887 164.057 162.695 180.614 165.389 179.152 167.810 148.877 122.399 133.668 148.079 156.381 -999.250 -999.250 -999.250 -999.250 -999.250 -999.250 -999.250 -999.250 -999.250 -999.250 -999.250 -999.250 -999.250 -999.250 -999.250 -999.250 -999.250 -999.250 -999.250
332.173 324.845 338.602 335.502 345.036 349.418 333.982 315.125 281.155 250.200 211.331 198.874 193.595 183.762 187.741 190.335 186.137 177.688 145.660 166.773 172.439 159.178 152.479 145.201 146.005 117.926 94.047 43.738 96.591 121.616 151.837 159.370 162.855 162.946 186.021 180.471 177.116 173.122 179.989 191.106 185.034 169.001 161.933 160.808 160.060 183.962 -999.250 -999.250 -999.250 -999.250 -999.250 -999.250 -999.250 -999.250 -999.250 -999.250 -999.250 -999.250 -999.250 -999.250 -999.250 -999.250 -999.250 -999.250 -999.250
353.350 349.852 352.968 316.362 322.317 322.729 319.170 302.240 288.843 267.241 236.321 197.738 208.430 225.746 199.980 210.764 190.539 184.994 188.323 185.354 148.689 150.154 155.586 155.092 151.084 126.909 115.839 95.726 120.147 136.213 144.860 158.602 169.230 177.323 179.389 185.210 176.512 184.978 208.148 185.549 191.972 186.508 181.283 179.284 176.309 164.512 -999.250 -999.250 -999.250 -999.250 -999.250 -999.250 -999.250 -999.250 -999.250 -999.250 -999.250 -999.250 -999.250 -999.250 -999.250 -999.250 -999.250 -999.250 -999.250
377.531 364.568 364.731 349.561 330.411 314.052 334.292 315.299 315.917 260.129 251.496 236.452 220.792 220.691 217.528 221.182 210.947 184.757 193.600 168.882 172.517 183.544 171.888 166.500 154.676 143.013 132.244 123.151 135.646 148.014 155.841 167.359 168.238 163.597 167.989 185.327 200.822 209.431 218.352 210.756 216.392 223.226 205.670 191.054 199.841 -999.250 -999.250 -999.250 -999.250 -999.250 -999.250 -999.250 -999.250 -999.250 -999.250 -999.250 -999.250 -999.250 -999.250 -999.250 -999.250 -999.250 -999.250 -999.250 -999.250
372.892 374.368 384.893 363.095 330.226 328.264 329.094 318.750 289.770 287.512 256.931 229.413 239.896 220.206 246.784 225.624 222.289 211.818 187.526 183.074 190.916 185.186 193.024 180.359 163.918 153.207 141.609 140.756 168.587 157.701 156.999 167.490 174.797 170.935 169.385 189.442 200.525 240.902 245.563 230.438 220.484 228.853 248.928 226.113 182.716 -999.250 -999.250 -999.250 -999.250 -999.250 -999.250 -999.250 -999.250 -999.250 -999.250 -999.250 -999.250 -999.250 -999.250 -999.250 -999.250 -999.250 -999.250 -999.250 -999.250
378.602 379.931 372.021 370.072 340.122 327.702 334.373 314.799 292.180 294.201 268.553 245.250 234.365 250.085 248.086 239.144 244.828 215.011 189.791 181.737 182.078 193.027 180.017 187.560 170.589 180.171 155.368 154.683 172.391 168.242 165.995 177.197 186.136 170.343 168.945 203.130 219.261 238.584 234.825 240.070 212.206 211.721 228.942 210.568 214.301 -999.250 -999.250 -999.250 -999.250 -999.250 -999.250 -999.250 -999.250 -999.250 -999.250 -999.250 -999.250 -999.250 -999.250 -999.250 -999.250 -999.250 -999.250 -999.250 -999.250
354.425 369.244 365.371 364.731 347.408 335.409 343.826 303.849 300.493 290.240 266.263 267.781 273.913 244.456 255.944 259.581 228.329 215.077 197.704 209.470 194.889 188.396 176.075 184.700 191.308 182.072 153.941 158.560 160.580 162.673 192.696 208.660 210.574 178.347 179.344 218.522 203.739 210.217 244.919 213.250 214.633 217.940 223.117 223.464 -999.250 -999.250 -999.250 -999.250 -999.250 -999.250 -999.250 -999.250 -999.250 -999.250 -999.250 -999.250 -999.250 -999.250 -999.250 -999.250 -999.250 -999.250 -999.250 -999.250 -999.250
366.297 350.970 342.580 346.935 364.215 336.039 331.284 341.101 308.674 303.030 287.840 273.771 258.787 267.873 250.153 221.127 215.704 231.240 229.776 223.312 210.961 211.101 209.145 204.449 189.138 198.041 182.067 169.428 170.439 182.237 195.144 213.314 211.577 198.543 209.432 209.866 200.846 219.859 232.506 -999.250 -999.250 233.143 211.774 208.421 -999.250 -999.250 -999.250 -999.250 -999.250 -999.250 -999.250 -999.250 -999.250 -999.250 -999.250 -999.250 -999.250 -999.250 -999.250 -999.250 -999.250 -999.250 -999.250 -999.250 -999.250
349.216 375.776 340.167 346.331 343.970 309.717 345.723 335.761 286.364 283.241 288.548 286.948 293.815 255.345 240.609 241.953 224.882 210.284 223.912 224.972 216.241 216.052 205.820 217.417 225.590 202.065 184.496 166.972 192.240 203.593 204.971 231.713 237.538 212.756 226.796 217.781 203.536 232.817 229.218 -999.250 -999.250 -999.250 -999.250 -999.250 -999.250 -999.250 -999.250 -999.250 -999.250 -999.250 -999.250 -999.250 -999.250 -999.250 -999.250 -999.250 -999.250 -999.250 -999.250 -999.250 -999.250 -999.250 -999.250 -999.250 -999.250
371.178 364.213 373.715 349.178 332.979 330.007 329.966 328.758 339.325 313.806 284.091 320.057 286.397 263.060 277.608 245.915 232.232 234.413 237.347 227.768 223.518 218.845 223.778 222.801 229.866 201.484 197.973 195.016 180.041 206.908 215.970 200.936 220.296 228.144 201.110 -999.250 -999.250 231.800 -999.250 -999.250 -999.250 -999.250 -999.250 -999.250 -999.250 -999.250 -999.250 -999.250 -999.250 -999.250 -999.250 -999.250 -999.250 -999.250 -999.250 -999.250 -999.250 -999.250 -999.250 -999.250 -999.250 -999.250 -999.250 -999.250 -999.250
396.063 359.101 334.063 341.034 315.592 343.933 347.955 328.248 325.183 301.837 298.312 295.443 306.598 282.884 297.069 260.905 255.669 229.475 244.663 222.889 231.159 219.356 209.885 235.513 216.530 223.009 202.700 193.669 192.660 189.317 218.909 233.523 206.559 -999.250 -999.250 -999.250 -999.250 -999.250 -999.250 -999.250 -999.250 -999.250 -999.250 -999.250 -999.250 -999.250 -999.250 -999.250 -999.250 -999.250 -999.250 -999.250 -999.250 -999.250 -999.250 -999.250 -999.250 -999.250 -999.250 -999.250 -999.250 -999.250 -999.250 -999.250 -999.250
