data/medianmodel_15-Jul-2020.asc
ncols	141
nrows	288
xllcorner	-120191.398
yllcorner	-301404.813
cellsize	2000.000
NODATA_value	-999.250
[rows 248 to 278 of 288, columns 0 to 69 of 141]
-999.250 -999.250 -999.250 -999.250 -999.250 -999.250 -999.250 -999.250 -999.250 -999.250 -999.250 -999.250 -999.250 -999.250 -999.250 -999.250 -999.250 -999.250 -999.250 -999.250 -999.250 -999.250 -999.250 -999.250 -999.250 -999.250 -999.250 -999.250 -999.250 -999.250 8.691 9.274 10.801 10.801 9.767 8.591 9.460 9.295 11.414 12.740 12.067 9.788 7.322 6.443 5.299 4.055 5.171 5.732 2.491 0.248 0.000 0.000 0.000 0.000 0.000 0.000 0.000 0.000 0.000 0.000 0.000 0.000 0.000 0.000 0.425 0.000 2.798 1.012 2.700 0.340
-999.250 -999.250 -999.250 -999.250 -999.250 -999.250 -999.250 -999.250 -999.250 -999.250 -999.250 -999.250 -999.250 -999.250 -999.250 -999.250 -999.250 -999.250 -999.250 -999.250 -999.250 -999.250 -999.250 -999.250 -999.250 -999.250 -999.250 -999.250 -999.250 -999.250 8.616 11.160 9.662 8.516 9.350 8.220 8.487 11.569 12.054 12.880 11.600 11.483 8.592 7.506 5.941 4.030 5.069 4.854 4.905 1.510 0.000 0.000 0.000 0.000 0.000 0.000 0.000 0.000 0.000 0.000 0.345 0.250 1.488 0.852 4.678 4.218 4.004 1.931 3.467 2.154
-999.250 -999.250 -999.250 -999.250 -999.250 -999.250 -999.250 -999.250 -999.250 -999.250 -999.250 -999.250 -999.250 -999.250 -999.250 -999.250 -999.250 -999.250 -999.250 -999.250 -999.250 -999.250 -999.250 -999.250 -999.250 -999.250 -999.250 -999.250 -999.250 -999.250 10.373 12.306 10.720 10.779 9.803 9.329 8.786 11.400 12.683 14.234 11.941 9.755 7.663 7.647 8.733 7.782 6.180 6.042 4.323 1.023 0.000 0.000 0.000 0.000 0.000 0.000 0.000 0.000 0.271 1.872 4.153 4.568 5.429 5.873 7.755 7.745 6.077 6.623 4.933 4.056
-999.250 -999.250 -999.250 -999.250 -999.250 -999.250 -999.250 -999.250 -999.250 -999.250 -999.250 -999.250 -999.250 -999.250 -999.250 -999.250 -999.250 -999.250 -999.250 -999.250 -999.250 -999.250 -999.250 -999.250 -999.250 -999.250 -999.250 -999.250 -999.250 -999.250 11.534 8.997 10.227 12.162 10.551 8.363 9.444 12.098 15.440 20.229 13.282 10.203 8.689 8.323 7.727 8.371 8.484 4.974 5.447 2.151 3.297 1.020 0.000 0.000 0.000 0.000 0.417 0.975 4.499 5.693 7.492 9.086 7.914 8.796 10.663 9.825 9.697 8.682 6.868 5.495
-999.250 -999.250 -999.250 -999.250 -999.250 -999.250 -999.250 -999.250 -999.250 -999.250 -999.250 -999.250 -999.250 -999.250 -999.250 -999.250 -999.250 -999.250 -999.250 -999.250 -999.250 -999.250 -999.250 -999.250 -999.250 -999.250 -999.250 -999.250 -999.250 14.498 12.948 11.430 9.210 8.630 11.174 10.713 9.206 11.370 12.405 12.689 10.189 10.265 10.209 12.818 9.208 7.754 8.221 8.619 6.018 3.767 2.972 3.123 1.934 0.000 0.000 0.661 0.482 4.631 6.819 8.996 11.389 11.157 10.312 14.986 11.218 12.117 12.653 10.049 9.437 6.676
-999.250 -999.250 -999.250 -999.250 -999.250 -999.250 -999.250 -999.250 -999.250 -999.250 -999.250 -999.250 -999.250 -999.250 -999.250 -999.250 -999.250 -999.250 -999.250 -999.250 -999.250 -999.250 -999.250 -999.250 -999.250 -999.250 -999.250 -999.250 -999.250 -999.250 12.011 12.985 10.070 10.719 12.175 10.480 9.342 8.837 12.643 12.215 12.164 13.893 11.231 10.027 9.862 11.541 9.920 9.582 7.444 3.812 3.087 4.008 3.316 2.518 1.220 2.502 3.809 4.653 7.241 9.263 11.122 13.632 12.781 16.537 18.691 17.856 15.198 14.414 10.554 9.776
-999.250 -999.250 -999.250 -999.250 -999.250 -999.250 -999.250 -999.250 -999.250 -999.250 -999.250 -999.250 -999.250 -999.250 -999.250 -999.250 -999.250 -999.250 -999.250 -999.250 -999.250 -999.250 -999.250 -999.250 -999.250 -999.250 -999.250 -999.250 -999.250 -999.250 15.428 13.601 14.096 11.895 12.524 10.171 10.704 9.801 14.253 10.515 13.275 11.548 11.922 10.869 11.298 10.071 10.881 10.665 7.959 5.962 4.570 4.324 4.333 3.823 3.017 5.595 6.915 8.523 11.229 12.507 13.859 19.191 17.379 23.309 25.386 25.046 21.578 19.610 14.287 11.796
-999.250 -999.250 -999.250 -999.250 -999.250 -999.250 -999.250 -999.250 -999.250 -999.250 -999.250 -999.250 -999.250 -999.250 -999.250 -999.250 -999.250 -999.250 -999.250 -999.250 -999.250 -999.250 -999.250 -999.250 -999.250 -999.250 -999.250 -999.250 -999.250 -999.250 -999.250 19.171 16.955 15.569 11.986 11.854 9.953 10.804 10.918 11.117 10.986 11.515 10.753 12.392 12.948 9.237 9.233 8.892 8.600 8.660 5.961 6.350 5.744 5.732 6.283 7.457 10.369 13.145 13.671 16.877 17.464 20.451 25.072 27.824 33.412 36.805 27.396 21.041 14.801 15.067
-999.250 -999.250 -999.250 -999.250 -999.250 -999.250 -999.250 -999.250 -999.250 -999.250 -999.250 -999.250 -999.250 -999.250 -999.250 -999.250 -999.250 -999.250 -999.250 -999.250 -999.250 -999.250 -999.250 -999.250 -999.250 -999.250 -999.250 -999.250 -999.250 -999.250 -999.250 18.763 15.505 12.593 13.260 13.351 13.776 13.431 12.381 12.700 10.331 11.064 10.402 11.832 12.567 11.044 9.190 8.055 8.644 8.544 8.156 6.864 5.747 6.469 6.178 8.960 10.624 12.171 14.093 17.739 22.250 26.513 36.950 37.989 40.852 46.289 30.691 21.175 20.349 12.607
-999.250 -999.250 -999.250 -999.250 -999.250 -999.250 -999.250 -999.250 -999.250 -999.250 -999.250 -999.250 -999.250 -999.250 -999.250 -999.250 -999.250 -999.250 -999.250 -999.250 -999.250 -999.250 -999.250 -999.250 -999.250 -999.250 -999.250 -999.250 -999.250 -999.250 24.958 22.059 21.731 17.458 14.540 13.491 11.995 12.532 14.754 12.141 11.602 11.489 11.506 12.500 11.958 11.032 8.638 9.311 8.613 7.524 7.484 6.011 6.158 6.638 8.632 9.860 10.608 12.641 14.623 18.936 27.474 31.887 39.733 40.892 59.480 43.703 34.346 26.811 24.281 17.227
-999.250 -999.250 -999.250 -999.250 -999.250 -999.250 -999.250 -999.250 -999.250 -999.250 -999.250 -999.250 -999.250 -999.250 -999.250 -999.250 -999.250 -999.250 -999.250 -999.250 -999.250 -999.250 -999.250 -999.250 -999.250 -999.250 -999.250 -999.250 -999.250 -999.250 23.601 22.844 23.237 16.968 16.200 23.610 12.857 12.017 13.230 15.601 11.269 12.705 11.778 14.061 13.528 11.249 10.342 9.622 9.132 7.905 7.317 8.640 6.666 6.687 7.471 7.429 11.970 11.836 13.202 20.319 25.125 26.667 32.913 44.117 34.462 42.194 34.457 29.772 23.572 15.541
-999.250 -999.250 -999.250 -999.250 -999.250 -999.250 -999.250 -999.250 -999.250 -999.250 -999.250 -999.250 -999.250 -999.250 -999.250 -999.250 -999.250 -999.250 -999.250 -999.250 -999.250 -999.250 -999.250 -999.250 -999.250 -999.250 -999.250 -999.250 -999.250 -999.250 31.614 29.465 25.446 27.202 25.041 17.728 15.776 19.114 17.308 15.032 11.943 15.591 13.246 12.799 12.260 12.201 11.521 10.255 10.386 9.615 9.827 8.301 6.685 7.996 8.521 7.758 11.142 12.211 17.421 19.711 22.667 28.402 26.655 28.631 29.462 32.616 31.588 25.265 17.890 16.616
-999.250 -999.250 -999.250 -999.250 -999.250 -999.250 -999.250 -999.250 -999.250 -999.250 -999.250 -999.250 -999.250 -999.250 -999.250 -999.250 -999.250 -999.250 -999.250 -999.250 -999.250 -999.250 -999.250 -999.250 -999.250 -999.250 -999.250 -999.250 -999.250 -999.250 38.535 35.453 30.301 31.347 29.237 26.320 23.242 21.896 21.594 16.812 15.110 14.920 12.142 14.727 14.799 13.017 10.940 12.289 11.479 10.067 10.502 10.369 9.174 10.243 9.456 10.139 14.023 12.974 18.350 21.028 23.248 22.024 28.436 26.868 28.668 27.637 29.195 20.285 20.604 17.278
-999.250 -999.250 -999.250 -999.250 -999.250 -999.250 -999.250 -999.250 -999.250 -999.250 -999.250 -999.250 -999.250 -999.250 -999.250 -999.250 -999.250 -999.250 -999.250 -999.250 -999.250 -999.250 -999.250 -999.250 -999.250 -999.250 -999.250 -999.250 -999.250 -999.250 50.503 45.480 37.089 38.781 30.101 24.879 30.379 26.346 20.797 18.021 19.748 17.317 18.605 19.909 19.573 14.190 15.220 15.312 12.061 12.229 8.886 9.005 11.620 10.939 11.776 13.204 15.366 17.489 15.988 22.910 23.753 19.395 21.666 23.540 20.871 21.692 22.345 21.958 17.960 14.827
-999.250 -999.250 -999.250 -999.250 -999.250 -999.250 -999.250 -999.250 -999.250 -999.250 -999.250 -999.250 -999.250 -999.250 -999.250 -999.250 -999.250 -999.250 -999.250 -999.250 -999.250 -999.250 -999.250 -999.250 -999.250 -999.250 -999.250 -999.250 -999.250 -999.250 65.743 58.923 54.999 56.064 48.136 33.400 36.115 30.573 24.204 22.797 19.309 24.445 20.782 20.454 16.945 15.798 15.271 12.214 12.649 13.040 11.199 10.499 9.989 10.712 11.462 15.192 12.835 15.721 15.938 21.519 19.379 19.959 20.520 19.377 17.954 17.193 16.368 15.797 15.408 12.572
-999.250 -999.250 -999.250 -999.250 -999.250 -999.250 -999.250 -999.250 -999.250 -999.250 -999.250 -999.250 -999.250 -999.250 -999.250 -999.250 -999.250 -999.250 -999.250 -999.250 -999.250 -999.250 -999.250 -999.250 -999.250 -999.250 -999.250 -999.250 -999.250 78.987 73.139 72.124 71.857 69.531 50.654 36.991 38.689 37.590 28.555 31.420 26.473 29.495 24.444 25.589 18.439 19.631 15.214 15.327 12.053 9.132 11.069 8.246 9.491 11.398 12.844 13.945 14.847 15.201 19.139 21.732 20.620 21.558 15.245 17.520 21.971 16.827 17.447 15.670 13.853 11.504
-999.250 -999.250 -999.250 -999.250 -999.250 -999.250 -999.250 -999.250 -999.250 -999.250 -999.250 -999.250 -999.250 -999.250 -999.250 -999.250 -999.250 -999.250 -999.250 -999.250 -999.250 -999.250 -999.250 -999.250 -999.250 -999.250 -999.250 -999.250 -999.250 77.258 67.431 76.800 75.878 68.719 58.077 43.788 41.104 33.432 30.396 31.039 29.216 30.551 27.662 25.503 18.964 17.221 18.435 15.977 9.635 9.144 11.393 9.631 7.650 9.503 11.776 13.909 12.408 15.067 19.803 24.821 19.869 19.562 13.892 15.210 15.296 18.200 14.050 14.543 11.596 12.139
-999.250 -999.250 -999.250 -999.250 -999.250 -999.250 -999.250 -999.250 -999.250 -999.250 -999.250 -999.250 -999.250 -999.250 -999.250 -999.250 -999.250 -999.250 -999.250 -999.250 -999.250 -999.250 -999.250 -999.250 -999.250 -999.250 -999.250 -999.250 82.061 84.919 92.798 94.805 94.034 75.863 72.376 60.125 61.138 47.065 37.574 37.494 36.612 29.089 30.210 24.300 28.067 19.524 20.201 13.593 13.963 9.568 9.680 6.514 8.172 9.325 12.640 11.875 12.383 14.018 17.894 15.965 19.089 14.581 17.885 14.845 15.337 14.775 13.042 13.916 10.561 9.964
-999.250 -999.250 -999.250 -999.250 -999.250 -999.250 -999.250 -999.250 -999.250 -999.250 -999.250 -999.250 -999.250 -999.250 -999.250 -999.250 -999.250 -999.250 -999.250 -999.250 -999.250 -999.250 -999.250 -999.250 -999.250 -999.250 -999.250 -999.250 94.794 92.733 105.106 108.900 106.541 88.557 76.406 60.958 60.494 53.056 50.274 52.802 45.285 35.831 30.764 25.764 19.953 23.151 20.479 15.055 10.853 10.329 9.017 4.503 7.673 8.933 11.984 8.413 12.444 15.101 13.408 14.267 18.932 17.479 12.169 13.203 14.301 14.688 14.642 12.040 8.825 8.986
-999.250 -999.250 -999.250 -999.250 -999.250 -999.250 -999.250 -999.250 -999.250 -999.250 -999.250 -999.250 -999.250 -999.250 -999.250 -999.250 -999.250 -999.250 -999.250 -999.250 -999.250 -999.250 -999.250 -999.250 -999.250 -999.250 -999.250 92.085 96.008 104.971 119.649 113.906 110.322 93.294 83.140 73.156 56.239 65.157 60.689 54.109 59.090 46.332 35.322 24.555 21.286 16.517 19.481 13.275 9.960 9.552 8.928 6.566 4.026 6.203 7.149 7.495 10.362 11.600 14.815 15.349 13.235 16.854 16.117 11.466 9.867 12.182 12.216 10.985 8.173 7.623
-999.250 -999.250 -999.250 -999.250 -999.250 -999.250 -999.250 -999.250 -999.250 -999.250 -999.250 -999.250 -999.250 -999.250 -999.250 -999.250 -999.250 -999.250 -999.250 -999.250 -999.250 -999.250 -999.250 -999.250 -999.250 -999.250 -999.250 95.401 104.691 112.828 125.134 121.645 110.415 94.716 81.414 77.271 68.685 61.449 61.714 61.915 52.057 43.900 40.061 32.401 28.787 18.198 16.281 11.615 8.999 8.927 6.699 4.240 4.683 5.082 3.320 10.863 8.410 12.093 11.887 12.066 11.323 13.217 10.897 10.081 9.945 9.649 9.240 9.984 8.750 6.818
-999.250 -999.250 -999.250 -999.250 -999.250 -999.250 -999.250 -999.250 -999.250 -999.250 -999.250 -999.250 -999.250 -999.250 -999.250 -999.250 -999.250 -999.250 -999.250 -999.250 -999.250 -999.250 -999.250 -999.250 -999.250 -999.250 -999.250 92.342 91.739 102.850 111.598 106.896 103.276 94.090 76.798 72.623 60.815 53.587 54.997 48.845 59.995 41.060 31.483 26.887 22.698 18.992 12.570 10.385 6.506 6.803 4.391 4.848 3.069 4.340 4.361 7.512 7.377 8.419 9.064 10.286 10.640 10.603 12.316 9.048 7.780 7.912 9.375 9.465 7.892 8.098
-999.250 -999.250 -999.250 -999.250 -999.250 -999.250 -999.250 -999.250 -999.250 -999.250 -999.250 -999.250 -999.250 -999.250 -999.250 -999.250 -999.250 -999.250 -999.250 -999.250 -999.250 -999.250 -999.250 -999.250 -999.250 -999.250 -999.250 79.219 97.439 92.623 98.256 94.290 89.042 85.542 70.106 64.420 48.426 43.713 50.133 43.052 33.360 38.369 31.103 22.941 18.060 14.865 12.063 9.863 5.457 5.404 2.765 4.349 4.203 3.389 5.260 6.734 5.122 8.652 8.397 7.368 8.579 6.920 8.072 8.499 9.069 7.286 9.822 7.716 6.879 9.211
-999.250 -999.250 -999.250 -999.250 -999.250 -999.250 -999.250 -999.250 -999.250 -999.250 -999.250 -999.250 -999.250 -999.250 -999.250 -999.250 -999.250 -999.250 -999.250 -999.250 -999.250 -999.250 -999.250 -999.250 -999.250 -999.250 -999.250 59.015 66.317 79.383 85.407 78.127 87.059 80.783 64.542 49.903 51.431 48.472 47.161 42.372 30.942 25.536 23.142 17.176 13.263 10.382 9.523 8.137 6.295 4.231 2.353 2.919 1.123 2.690 4.297 3.350 3.979 5.741 6.571 8.582 6.314 6.226 7.508 8.275 6.944 7.511 6.669 8.529 9.134 10.209
-999.250 -999.250 -999.250 -999.250 -999.250 -999.250 -999.250 -999.250 -999.250 -999.250 -999.250 -999.250 -999.250 -999.250 -999.250 -999.250 -999.250 -999.250 -999.250 -999.250 -999.250 -999.250 -999.250 -999.250 -999.250 -999.250 -999.250 43.501 67.141 68.604 74.868 73.261 69.638 70.864 57.553 55.741 53.700 45.197 35.149 34.490 38.659 26.804 24.892 16.350 12.329 9.256 6.267 5.259 4.010 3.550 0.020 0.398 0.006 0.865 1.255 3.569 4.250 3.418 4.173 5.006 5.670 6.619 7.181 8.319 10.124 7.735 8.186 8.600 9.325 11.504
-999.250 -999.250 -999.250 -999.250 -999.250 -999.250 -999.250 -999.250 -999.250 -999.250 -999.250 -999.250 -999.250 -999.250 -999.250 -999.250 -999.250 -999.250 -999.250 -999.250 -999.250 -999.250 -999.250 -999.250 -999.250 -999.250 23.502 36.754 51.119 51.662 69.320 57.946 50.917 59.773 60.957 69.741 65.049 44.672 40.024 40.693 27.818 23.666 21.256 20.886 12.784 7.317 3.447 2.834 0.000 0.000 0.000 0.000 0.000 0.000 0.000 0.013 0.807 3.107 4.770 5.037 5.858 7.707 6.411 7.138 7.831 7.843 8.097 9.845 9.301 11.764
-999.250 -999.250 -999.250 -999.250 -999.250 -999.250 -999.250 -999.250 -999.250 -999.250 -999.250 -999.250 -999.250 -999.250 -999.250 -999.250 -999.250 -999.250 -999.250 -999.250 -999.250 -999.250 -999.250 -999.250 -999.250 -999.250 20.914 26.803 34.049 37.404 44.066 47.209 57.162 58.480 59.448 55.629 41.243 39.872 42.208 33.061 27.619 30.694 21.469 15.285 9.291 4.083 2.100 0.000 0.000 0.000 0.000 0.000 0.000 0.000 0.000 0.669 5.930 4.718 4.813 5.356 6.277 6.605 8.587 8.771 10.091 8.910 10.108 9.884 10.745 11.044
-999.250 -999.250 -999.250 -999.250 -999.250 -999.250 -999.250 -999.250 -999.250 -999.250 -999.250 -999.250 -999.250 -999.250 -999.250 -999.250 -999.250 -999.250 -999.250 -999.250 -999.250 -999.250 -999.250 -999.250 -999.250 13.727 16.015 17.115 20.820 34.326 28.081 45.690 57.399 52.289 51.910 56.916 45.760 33.295 31.930 26.639 29.143 37.849 21.643 13.045 8.177 1.719 1.406 0.000 0.000 0.000 0.000 0.000 0.000 0.000 0.000 0.000 1.629 4.844 3.197 5.501 6.714 8.521 10.311 10.412 10.895 9.938 11.176 12.257 10.848 10.656
-999.250 -999.250 -999.250 -999.250 -999.250 -999.250 -999.250 -999.250 -999.250 -999.250 -999.250 -999.250 -999.250 -999.250 -999.250 -999.250 -999.250 -999.250 -999.250 -999.250 -999.250 -999.250 -999.250 -999.250 -999.250 9.739 12.773 13.905 15.239 20.278 27.658 33.696 40.630 46.157 37.193 40.882 32.573 33.200 28.987 24.840 29.021 23.896 18.343 9.911 3.459 0.467 0.000 0.000 0.000 0.000 0.000 0.000 0.000 0.000 0.000 1.063 2.087 5.552 5.527 5.622 7.141 10.899 13.067 13.954 10.777 13.032 14.458 11.974 11.979 11.982
-999.250 -999.250 -999.250 -999.250 -999.250 -999.250 -999.250 -999.250 -999.250 -999.250 -999.250 -999.250 -999.250 -999.250 -999.250 -999.250 -999.250 -999.250 -999.250 -999.250 -999.250 -999.250 -999.250 -999.250 -999.250 5.890 7.933 8.041 11.476 18.686 24.177 31.583 45.025 39.354 38.954 43.006 50.103 39.228 28.307 23.446 20.201 15.149 13.754 6.774 2.074 0.000 0.000 0.000 0.000 0.000 0.000 0.000 0.000 0.000 0.167 1.288 4.877 6.324 7.158 6.862 9.304 13.225 20.379 14.528 11.629 12.641 12.447 13.688 12.967 12.514
-999.250 -999.250 -999.250 -999.250 -999.250 -999.250 -999.250 -999.250 -999.250 -999.250 -999.250 -999.250 -999.250 -999.250 -999.250 -999.250 -999.250 -999.250 -999.250 -999.250 -999.250 -999.250 -999.250 -999.250 2.302 0.569 2.419 5.094 11.137 14.711 16.439 24.211 30.306 35.701 38.966 48.672 41.793 27.059 22.641 16.006 16.461 11.250 7.598 4.206 0.609 0.000 0.000 0.000 0.000 0.000 0.000 0.000 0.000 0.935 2.310 5.911 4.867 5.185 8.123 8.666 10.091 11.085 13.846 12.169 11.884 14.156 15.863 17.369 14.494 12.249
