data/medianmodel_24-May-2020.asc
ncols	141
nrows	288
xllcorner	-120191.398
yllcorner	-301404.813
cellsize	2000.000
NODATA_value	-999.250
[rows 93 to 123 of 288, columns 70 to 139 of 141]
5.901 6.665 8.043 8.722 7.877 5.258 5.395 3.983 2.023 0.194 1.152 0.957 0.699 1.325 0.085 0.737 1.879 0.418 1.613 2.070 3.661 4.034 3.095 3.806 3.691 2.223 5.724 2.184 2.912 3.241 2.614 3.120 4.210 4.978 4.432 4.126 3.814 3.607 2.263 4.708 1.848 0.337 1.206 0.833 -999.250 -999.250 -999.250 -999.250 -999.250 -999.250 -999.250 -999.250 -999.250 -999.250 -999.250 -999.250 -999.250 -999.250 -999.250 -999.250 -999.250 -999.250 -999.250 -999.250 -999.250 -999.250 -999.250 -999.250 -999.250 -999.250
10.997 13.897 10.860 10.216 7.711 7.472 4.836 3.864 2.729 0.000 0.000 0.000 0.000 0.000 0.251 0.000 0.000 0.000 0.000 1.341 4.427 3.064 3.735 2.720 1.374 1.351 1.442 0.414 2.352 2.207 4.280 3.517 4.268 3.257 1.960 6.378 3.920 3.575 1.641 1.731 0.631 0.402 2.242 3.064 -999.250 -999.250 -999.250 -999.250 -999.250 -999.250 -999.250 -999.250 -999.250 -999.250 -999.250 -999.250 -999.250 -999.250 -999.250 -999.250 -999.250 -999.250 -999.250 -999.250 -999.250 -999.250 -999.250 -999.250 -999.250 -999.250
15.939 13.472 15.601 17.956 11.739 8.866 3.521 0.858 0.000 0.000 0.000 0.000 0.000 0.000 0.000 0.000 0.000 0.000 0.000 0.000 0.018 1.803 3.244 2.319 2.280 1.870 0.537 0.778 1.305 3.468 3.640 1.941 0.325 1.187 2.974 4.715 3.843 3.583 1.649 2.468 1.292 2.646 4.415 3.496 -999.250 -999.250 -999.250 -999.250 -999.250 -999.250 -999.250 -999.250 -999.250 -999.250 -999.250 -999.250 -999.250 -999.250 -999.250 -999.250 -999.250 -999.250 -999.250 -999.250 -999.250 -999.250 -999.250 -999.250 -999.250 -999.250
20.300 20.465 22.414 16.078 16.207 10.511 6.322 2.300 0.000 0.000 0.000 0.000 0.000 0.000 0.000 0.000 0.000 0.000 0.000 0.112 0.994 1.368 1.087 0.079 0.968 0.212 0.623 0.000 0.062 0.735 2.476 1.515 0.848 0.427 0.706 3.782 5.221 4.394 2.105 2.602 0.502 3.244 4.455 3.520 3.129 -999.250 -999.250 -999.250 -999.250 -999.250 -999.250 -999.250 -999.250 -999.250 -999.250 -999.250 -999.250 -999.250 -999.250 -999.250 -999.250 -999.250 -999.250 -999.250 -999.250 -999.250 -999.250 -999.250 -999.250 -999.250
26.494 41.759 34.658 27.280 19.767 17.161 12.041 2.510 0.000 0.000 0.000 0.000 0.000 0.000 0.000 0.000 0.000 0.000 0.510 0.000 0.000 0.855 0.000 0.000 0.000 0.000 0.910 1.866 0.967 0.665 0.379 0.313 0.548 0.000 0.681 1.903 2.913 1.410 2.859 1.631 3.477 2.298 3.627 2.230 6.212 5.395 -999.250 -999.250 -999.250 -999.250 -999.250 -999.250 -999.250 -999.250 -999.250 -999.250 -999.250 -999.250 -999.250 -999.250 -999.250 -999.250 -999.250 -999.250 -999.250 -999.250 -999.250 -999.250 -999.250 -999.250
41.392 47.426 54.953 37.231 27.076 18.310 13.440 5.827 3.635 2.137 1.900 0.000 0.000 0.000 0.000 0.000 0.000 0.000 0.399 0.000 0.000 0.000 0.000 0.000 0.000 0.000 0.280 0.594 3.191 0.740 1.368 0.182 0.000 0.000 0.000 1.181 1.922 0.869 1.734 3.524 2.579 3.132 4.867 6.679 7.798 4.884 5.006 -999.250 -999.250 -999.250 -999.250 -999.250 -999.250 -999.250 -999.250 -999.250 -999.250 -999.250 -999.250 -999.250 -999.250 -999.250 -999.250 -999.250 -999.250 -999.250 -999.250 -999.250 -999.250 -999.250
49.855 53.520 62.328 38.718 31.184 21.332 14.192 8.386 4.136 3.909 1.391 2.479 1.072 0.108 0.000 0.000 0.000 1.691 1.910 0.159 0.000 0.000 0.000 0.000 0.000 0.000 0.680 1.314 2.751 0.975 2.666 0.000 0.000 0.000 0.000 0.000 0.626 1.165 1.426 2.856 5.644 6.309 8.884 7.898 6.446 4.702 -999.250 -999.250 -999.250 -999.250 -999.250 -999.250 -999.250 -999.250 -999.250 -999.250 -999.250 -999.250 -999.250 -999.250 -999.250 -999.250 -999.250 -999.250 -999.250 -999.250 -999.250 -999.250 -999.250 -999.250
46.647 54.839 43.282 40.901 30.196 27.473 15.304 12.163 7.857 4.663 3.141 0.731 0.149 0.290 0.000 0.000 0.000 2.300 1.717 1.728 1.380 0.000 0.000 0.000 0.000 0.000 0.869 2.103 3.968 1.424 0.617 0.124 0.000 0.000 0.000 0.000 3.424 3.672 3.937 5.035 6.927 8.090 8.744 6.878 4.754 6.468 6.434 -999.250 -999.250 -999.250 -999.250 -999.250 -999.250 -999.250 -999.250 -999.250 -999.250 -999.250 -999.250 -999.250 -999.250 -999.250 -999.250 -999.250 -999.250 -999.250 -999.250 -999.250 -999.250 -999.250
35.150 41.472 33.126 28.295 29.440 20.761 14.570 10.378 7.927 7.080 3.670 3.006 1.859 1.105 0.061 1.703 2.614 2.917 2.001 3.281 3.095 0.000 0.847 0.000 0.000 1.320 2.248 3.752 3.675 3.098 4.451 1.088 0.854 0.296 0.072 0.617 3.490 4.915 4.472 5.080 4.295 3.817 5.713 7.707 5.592 -999.250 -999.250 -999.250 -999.250 -999.250 -999.250 -999.250 -999.250 -999.250 -999.250 -999.250 -999.250 -999.250 -999.250 -999.250 -999.250 -999.250 -999.250 -999.250 -999.250 -999.250 -999.250 -999.250 -999.250 -999.250
25.822 28.620 23.757 20.175 15.560 18.597 13.385 11.609 8.809 5.128 3.617 0.722 1.972 0.910 0.814 0.386 0.681 2.243 1.573 3.502 2.280 1.604 0.431 0.237 0.912 2.149 3.754 3.757 4.294 5.509 3.585 1.143 4.218 3.515 3.286 3.312 4.153 5.700 5.522 5.247 4.518 5.292 5.888 6.143 -999.250 -999.250 -999.250 -999.250 -999.250 -999.250 -999.250 -999.250 -999.250 -999.250 -999.250 -999.250 -999.250 -999.250 -999.250 -999.250 -999.250 -999.250 -999.250 -999.250 -999.250 -999.250 -999.250 -999.250 -999.250 -999.250
18.933 18.452 17.637 17.871 10.619 9.751 9.824 8.237 6.278 4.497 2.909 2.543 0.216 1.232 0.773 1.621 2.765 4.275 2.328 2.421 1.736 1.015 0.896 2.153 0.900 2.747 2.073 6.252 5.633 4.419 5.546 5.360 4.358 5.558 3.580 2.902 1.907 4.292 6.885 9.835 5.833 5.597 4.250 4.882 -999.250 -999.250 -999.250 -999.250 -999.250 -999.250 -999.250 -999.250 -999.250 -999.250 -999.250 -999.250 -999.250 -999.250 -999.250 -999.250 -999.250 -999.250 -999.250 -999.250 -999.250 -999.250 -999.250 -999.250 -999.250 -999.250
11.497 10.222 14.499 13.418 7.775 6.293 6.371 8.227 4.309 2.793 3.885 3.675 2.455 1.548 1.868 1.386 1.320 3.146 2.360 3.136 2.990 0.996 1.023 1.861 0.873 2.801 4.897 6.854 5.282 4.501 6.211 5.052 4.048 6.173 6.667 2.413 4.652 3.357 7.145 8.267 6.602 5.535 5.516 -999.250 -999.250 -999.250 -999.250 -999.250 -999.250 -999.250 -999.250 -999.250 -999.250 -999.250 -999.250 -999.250 -999.250 -999.250 -999.250 -999.250 -999.250 -999.250 -999.250 -999.250 -999.250 -999.250 -999.250 -999.250 -999.250 -999.250
7.507 8.775 8.199 5.737 5.446 5.900 4.934 4.357 4.405 1.950 4.363 4.006 3.869 0.997 2.474 1.141 0.483 2.780 2.423 1.665 2.571 1.429 0.295 2.352 3.769 5.343 3.930 4.728 5.418 5.159 5.288 5.760 7.004 7.271 7.141 9.912 7.043 5.852 6.791 -999.250 -999.250 -999.250 -999.250 -999.250 -999.250 -999.250 -999.250 -999.250 -999.250 -999.250 -999.250 -999.250 -999.250 -999.250 -999.250 -999.250 -999.250 -999.250 -999.250 -999.250 -999.250 -999.250 -999.250 -999.250 -999.250 -999.250 -999.250 -999.250 -999.250 -999.250
6.579 4.521 8.157 9.597 5.316 5.671 4.409 3.310 4.217 3.068 1.126 3.492 3.549 2.945 2.825 2.460 0.528 0.447 2.008 1.441 1.887 2.065 3.573 3.160 1.284 3.096 5.221 4.395 6.172 5.883 6.054 5.974 8.742 8.907 10.134 10.245 8.557 -999.250 -999.250 -999.250 -999.250 -999.250 -999.250 -999.250 -999.250 -999.250 -999.250 -999.250 -999.250 -999.250 -999.250 -999.250 -999.250 -999.250 -999.250 -999.250 -999.250 -999.250 -999.250 -999.250 -999.250 -999.250 -999.250 -999.250 -999.250 -999.250 -999.250 -999.250 -999.250 -999.250
5.768 3.498 3.648 8.191 6.286 6.091 5.295 4.478 4.083 3.642 2.137 3.918 2.484 3.666 1.858 0.848 0.000 0.026 0.000 0.212 3.071 3.366 4.486 4.014 4.308 5.468 6.142 8.601 8.097 8.385 9.186 8.729 12.052 10.022 14.656 12.052 7.978 -999.250 -999.250 -999.250 -999.250 -999.250 -999.250 -999.250 -999.250 -999.250 -999.250 -999.250 -999.250 -999.250 -999.250 -999.250 -999.250 -999.250 -999.250 -999.250 -999.250 -999.250 -999.250 -999.250 -999.250 -999.250 -999.250 -999.250 -999.250 -999.250 -999.250 -999.250 -999.250 -999.250
0.942 0.413 4.024 6.567 6.688 7.906 4.949 5.008 4.954 2.647 3.937 2.045 3.728 3.308 0.916 0.050 0.040 0.000 0.000 0.000 1.028 3.631 4.375 3.709 5.050 3.434 6.547 7.681 8.338 11.147 11.147 14.170 13.637 14.356 15.832 11.319 8.659 -999.250 -999.250 -999.250 -999.250 -999.250 -999.250 -999.250 -999.250 -999.250 -999.250 -999.250 -999.250 -999.250 -999.250 -999.250 -999.250 -999.250 -999.250 -999.250 -999.250 -999.250 -999.250 -999.250 -999.250 -999.250 -999.250 -999.250 -999.250 -999.250 -999.250 -999.250 -999.250 -999.250
1.253 0.935 3.184 4.358 6.198 5.191 6.943 6.144 4.153 3.792 2.877 4.153 3.800 4.395 1.639 0.280 0.000 0.000 0.000 0.781 2.162 4.529 4.433 4.916 4.946 4.026 4.450 5.257 7.678 10.281 11.009 12.322 15.732 21.030 15.286 13.382 10.603 -999.250 -999.250 -999.250 -999.250 -999.250 -999.250 -999.250 -999.250 -999.250 -999.250 -999.250 -999.250 -999.250 -999.250 -999.250 -999.250 -999.250 -999.250 -999.250 -999.250 -999.250 -999.250 -999.250 -999.250 -999.250 -999.250 -999.250 -999.250 -999.250 -999.250 -999.250 -999.250 -999.250
1.344 1.324 3.138 3.916 4.732 7.565 3.903 4.032 2.773 4.027 3.851 3.264 2.352 1.404 2.504 0.000 0.000 0.000 0.000 0.000 3.130 3.933 2.840 4.687 6.464 3.308 4.511 4.226 5.485 6.667 9.914 13.379 13.481 17.388 12.859 12.736 11.151 -999.250 -999.250 -999.250 -999.250 -999.250 -999.250 -999.250 -999.250 -999.250 -999.250 -999.250 -999.250 -999.250 -999.250 -999.250 -999.250 -999.250 -999.250 -999.250 -999.250 -999.250 -999.250 -999.250 -999.250 -999.250 -999.250 -999.250 -999.250 -999.250 -999.250 -999.250 -999.250 -999.250
0.000 0.301 0.640 1.133 2.989 4.070 4.063 4.400 2.568 2.811 1.593 4.114 2.069 1.767 0.766 0.000 0.000 0.000 0.000 0.000 1.445 1.799 4.274 4.328 3.893 4.704 3.667 6.281 7.757 7.517 9.896 12.052 10.377 9.720 12.414 10.951 10.411 -999.250 -999.250 -999.250 -999.250 -999.250 -999.250 -999.250 -999.250 -999.250 -999.250 -999.250 -999.250 -999.250 -999.250 -999.250 -999.250 -999.250 -999.250 -999.250 -999.250 -999.250 -999.250 -999.250 -999.250 -999.250 -999.250 -999.250 -999.250 -999.250 -999.250 -999.250 -999.250 -999.250
0.000 0.000 0.531 0.274 0.241 2.826 3.161 2.811 4.623 3.119 3.658 3.765 3.991 3.316 3.186 1.416 0.000 0.000 0.000 0.300 1.197 2.962 2.292 4.564 4.344 5.920 5.334 6.391 5.973 9.117 8.963 9.485 9.276 11.516 10.734 10.083 8.369 10.180 6.845 -999.250 -999.250 -999.250 -999.250 -999.250 -999.250 -999.250 -999.250 -999.250 -999.250 -999.250 -999.250 -999.250 -999.250 -999.250 -999.250 -999.250 -999.250 -999.250 -999.250 -999.250 -999.250 -999.250 -999.250 -999.250 -999.250 -999.250 -999.250 -999.250 -999.250 -999.250
0.000 0.000 0.000 0.000 0.000 3.459 3.976 4.701 2.653 3.338 3.776 3.949 4.112 4.489 3.751 4.361 1.886 1.412 1.184 2.133 2.264 1.246 4.100 4.711 4.823 5.986 5.155 6.851 9.165 8.465 8.397 9.322 9.189 9.367 7.084 8.964 8.323 7.980 6.591 6.801 6.738 -999.250 -999.250 -999.250 -999.250 -999.250 -999.250 -999.250 -999.250 -999.250 -999.250 -999.250 -999.250 -999.250 -999.250 -999.250 -999.250 -999.250 -999.250 -999.250 -999.250 -999.250 -999.250 -999.250 -999.250 -999.250 -999.250 -999.250 -999.250 -999.250
0.000 0.000 0.768 0.000 1.043 2.841 4.464 4.372 3.932 4.418 2.683 4.359 5.095 3.654 3.532 2.749 4.261 2.359 2.776 1.221 3.401 3.737 4.520 4.753 4.051 6.069 6.871 6.887 6.343 6.727 7.844 10.147 6.211 7.232 9.073 8.161 6.616 7.542 6.851 7.667 8.495 -999.250 -999.250 -999.250 -999.250 -999.250 -999.250 -999.250 -999.250 -999.250 -999.250 -999.250 -999.250 -999.250 -999.250 -999.250 -999.250 -999.250 -999.250 -999.250 -999.250 -999.250 -999.250 -999.250 -999.250 -999.250 -999.250 -999.250 -999.250 -999.250
2.588 0.000 2.284 0.914 1.696 1.303 2.435 7.446 4.072 4.077 4.836 4.245 4.531 4.303 4.396 1.818 2.046 0.260 0.431 3.832 2.646 4.372 4.750 6.065 6.334 5.058 6.136 5.968 4.999 5.195 8.366 7.406 6.842 5.466 7.763 8.937 9.425 6.721 8.097 10.072 8.986 7.254 -999.250 -999.250 -999.250 -999.250 -999.250 -999.250 -999.250 -999.250 -999.250 -999.250 -999.250 -999.250 -999.250 -999.250 -999.250 -999.250 -999.250 -999.250 -999.250 -999.250 -999.250 -999.250 -999.250 -999.250 -999.250 -999.250 -999.250 -999.250
0.030 0.262 2.627 1.586 0.025 1.306 4.643 6.364 2.864 4.149 6.418 4.768 4.851 5.581 6.176 1.692 1.521 1.231 2.055 0.000 3.323 2.756 5.138 3.907 7.256 6.548 6.563 7.421 3.837 5.836 5.981 5.262 6.259 5.918 9.173 10.184 7.354 6.868 7.197 8.293 9.279 10.439 5.758 -999.250 -999.250 -999.250 -999.250 -999.250 -999.250 -999.250 -999.250 -999.250 -999.250 -999.250 -999.250 -999.250 -999.250 -999.250 -999.250 -999.250 -999.250 -999.250 -999.250 -999.250 -999.250 -999.250 -999.250 -999.250 -999.250 -999.250
0.159 0.517 0.817 2.846 3.063 3.972 6.039 6.659 4.812 7.426 6.501 6.882 5.788 5.606 3.481 2.566 2.205 2.074 1.388 2.007 3.660 0.863 4.176 5.087 4.744 6.290 5.728 7.149 7.207 7.579 8.012 7.458 7.327 7.641 6.835 8.343 6.024 5.903 4.809 5.825 7.491 7.612 5.416 -999.250 -999.250 -999.250 -999.250 -999.250 -999.250 -999.250 -999.250 -999.250 -999.250 -999.250 -999.250 -999.250 -999.250 -999.250 -999.250 -999.250 -999.250 -999.250 -999.250 -999.250 -999.250 -999.250 -999.250 -999.250 -999.250 -999.250
2.008 1.446 0.161 1.734 2.121 3.753 3.800 2.676 4.207 6.003 6.655 4.621 5.738 5.101 5.228 3.264 3.921 3.981 2.123 3.551 3.235 3.608 2.641 3.633 4.484 6.386 4.502 5.623 4.419 5.078 5.689 4.952 7.605 8.352 9.761 8.144 5.048 4.072 5.731 5.536 7.970 5.740 4.547 3.364 -999.250 -999.250 -999.250 -999.250 -999.250 -999.250 -999.250 -999.250 -999.250 -999.250 -999.250 -999.250 -999.250 -999.250 -999.250 -999.250 -999.250 -999.250 -999.250 -999.250 -999.250 -999.250 -999.250 -999.250 -999.250 -999.250
0.269 1.204 0.000 0.668 2.684 4.042 4.188 3.090 5.192 3.402 5.024 5.405 4.912 3.777 3.032 5.593 6.321 4.613 5.033 3.909 3.525 4.745 3.821 2.873 5.547 5.071 5.705 6.096 4.619 3.522 1.864 3.153 4.046 6.764 6.018 5.635 5.882 5.120 6.260 7.927 5.615 4.498 3.267 -999.250 -999.250 -999.250 -999.250 -999.250 -999.250 -999.250 -999.250 -999.250 -999.250 -999.250 -999.250 -999.250 -999.250 -999.250 -999.250 -999.250 -999.250 -999.250 -999.250 -999.250 -999.250 -999.250 -999.250 -999.250 -999.250 -999.250
0.000 0.591 0.294 0.930 0.860 4.144 4.999 3.317 3.848 3.127 2.069 6.118 5.556 6.936 4.315 5.903 4.599 5.517 4.016 3.786 5.193 2.211 3.403 4.143 3.998 4.420 4.750 3.837 3.734 3.707 1.417 4.035 3.851 5.693 4.298 5.379 5.525 5.733 5.374 5.251 4.401 6.668 4.030 -999.250 -999.250 -999.250 -999.250 -999.250 -999.250 -999.250 -999.250 -999.250 -999.250 -999.250 -999.250 -999.250 -999.250 -999.250 -999.250 -999.250 -999.250 -999.250 -999.250 -999.250 -999.250 -999.250 -999.250 -999.250 -999.250 -999.250
0.000 0.000 0.000 0.000 0.709 0.752 2.140 4.664 3.550 3.373 3.823 5.015 4.657 5.005 5.973 6.577 5.355 4.968 4.958 4.142 3.028 3.527 2.258 4.736 2.780 4.750 2.310 1.727 1.269 0.638 0.407 1.458 4.281 1.625 4.738 4.351 4.194 6.116 6.533 6.150 6.946 5.157 4.715 -999.250 -999.250 -999.250 -999.250 -999.250 -999.250 -999.250 -999.250 -999.250 -999.250 -999.250 -999.250 -999.250 -999.250 -999.250 -999.250 -999.250 -999.250 -999.250 -999.250 -999.250 -999.250 -999.250 -999.250 -999.250 -999.250 -999.250
0.000 0.000 0.000 0.000 0.000 2.089 3.970 3.424 4.276 5.486 4.652 5.533 5.580 5.626 7.974 7.042 4.871 4.693 5.328 6.088 4.947 5.929 3.412 4.755 4.777 4.834 2.436 3.682 1.398 0.000 0.000 1.218 2.091 2.637 5.346 6.009 6.684 7.938 6.925 4.894 5.744 4.300 3.119 -999.250 -999.250 -999.250 -999.250 -999.250 -999.250 -999.250 -999.250 -999.250 -999.250 -999.250 -999.250 -999.250 -999.250 -999.250 -999.250 -999.250 -999.250 -999.250 -999.250 -999.250 -999.250 -999.250 -999.250 -999.250 -999.250 -999.250
0.000 0.000 0.000 0.000 0.606 0.477 2.949 5.441 3.525 5.026 5.746 8.675 7.466 8.802 8.161 5.810 6.178 3.380 4.912 5.318 5.249 4.089 2.884 4.916 4.529 4.778 3.871 2.418 1.820 0.000 0.000 0.000 0.473 2.343 5.960 7.443 5.885 5.137 6.046 5.840 4.837 4.544 -999.250 -999.250 -999.250 -999.250 -999.250 -999.250 -999.250 -999.250 -999.250 -999.250 -999.250 -999.250 -999.250 -999.250 -999.250 -999.250 -999.250 -999.250 -999.250 -999.250 -999.250 -999.250 -999.250 -999.250 -999.250 -999.250 -999.250 -999.250
