data/medianmodel_24-Oct-2020.asc
ncols	141
nrows	288
xllcorner	-120191.398
yllcorner	-301404.813
cellsize	2000.000
NODATA_value	-999.250
[rows 180 to 209 of 288, columns 0 to 65 of 141]
-999.250 -999.250 -999.250 220.063 235.496 246.018 265.623 244.162 284.817 260.262 277.716 286.687 296.865 251.211 257.945 258.268 270.135 280.643 290.985 311.975 293.024 277.390 287.192 250.323 228.798 234.495 240.176 220.282 208.982 215.353 184.344 160.609 165.172 131.230 128.634 116.130 114.533 115.731 100.196 104.451 77.709 77.551 66.197 74.878 73.945 68.090 75.394 79.533 82.072 84.459 75.257 77.948 70.410 63.673 54.055 48.735 41.199 43.538 39.485 34.557 42.816 43.497 40.816 42.258 51.936 62.343
-999.250 -999.250 -999.250 261.799 255.173 263.497 268.175 281.249 275.695 277.830 292.017 257.744 282.852 276.581 287.444 269.793 277.031 269.671 279.685 259.882 292.829 282.686 248.587 261.362 249.879 245.580 238.223 209.448 214.713 214.827 198.904 184.520 149.040 164.641 138.673 110.390 111.409 106.085 118.770 98.439 90.859 88.004 73.144 76.522 76.540 74.114 82.873 75.533 81.992 85.660 82.319 86.363 76.701 70.293 63.095 58.646 57.681 49.283 49.400 44.934 45.207 40.868 40.621 37.212 47.150 58.852
-999.250 -999.250 268.640 283.243 270.679 254.233 287.775 263.332 258.279 277.981 265.588 244.943 291.195 279.581 264.568 259.237 275.100 267.818 269.363 261.095 256.652 277.104 248.148 217.429 203.462 199.655 215.580 201.389 209.358 189.506 189.331 177.313 162.014 140.198 140.536 132.217 122.614 121.517 108.539 105.423 99.910 97.288 89.976 81.052 85.698 82.878 95.900 75.967 90.489 82.626 92.124 84.447 74.174 70.921 65.882 66.040 63.689 60.314 56.601 52.766 57.880 45.351 50.276 45.827 45.284 55.036
-999.250 -999.250 272.741 257.267 280.132 266.460 295.923 261.809 281.678 267.155 285.140 255.959 269.677 267.044 263.925 251.274 276.111 295.111 306.840 237.597 -999.250 275.909 201.679 204.021 193.887 190.024 169.228 198.364 172.822 189.530 173.070 168.126 158.291 134.748 133.363 108.038 130.446 128.609 119.719 98.284 114.727 105.196 105.048 96.333 79.285 80.990 81.148 86.269 88.432 89.227 92.540 90.006 82.959 78.376 73.639 78.502 80.941 64.544 62.858 55.198 51.843 54.401 44.202 54.046 51.828 50.450
-999.250 283.554 262.990 264.382 255.382 276.253 261.583 284.776 257.182 258.535 261.560 298.322 258.387 249.504 284.435 289.722 325.242 284.565 280.204 -999.250 -999.250 222.973 203.526 181.166 167.113 152.996 170.831 154.330 167.721 165.305 165.873 166.563 154.229 140.776 134.844 116.189 140.604 129.227 123.599 110.711 101.941 93.146 89.170 87.667 81.578 101.027 89.321 94.535 91.728 85.877 89.116 80.753 81.807 83.781 86.471 83.273 76.961 78.692 78.507 67.271 58.756 55.187 58.524 54.690 58.668 53.461
-999.250 282.050 268.767 266.699 301.861 260.071 266.999 283.695 283.492 293.898 288.441 266.955 261.663 271.208 280.638 279.779 325.442 279.758 -999.250 -999.250 -999.250 -999.250 175.087 166.165 155.149 159.077 157.846 142.740 151.589 155.226 149.474 151.757 152.344 159.542 131.433 133.758 126.028 115.539 104.241 102.418 103.464 87.600 90.657 94.145 101.995 101.592 92.607 97.187 90.790 93.589 107.467 93.535 103.203 109.843 106.800 110.514 100.883 85.231 90.501 78.594 73.815 70.358 58.480 58.429 55.601 54.593
255.569 247.345 288.856 269.519 281.756 267.536 271.503 282.257 267.184 314.510 314.997 295.152 275.295 274.824 280.245 283.593 308.789 288.524 -999.250 -999.250 -999.250 -999.250 -999.250 170.680 143.788 159.428 132.031 128.076 133.743 127.467 136.678 144.375 133.292 126.470 116.774 127.774 118.541 112.663 107.966 109.236 98.744 98.104 96.699 89.628 96.447 93.351 93.716 98.000 98.728 98.521 96.503 105.791 113.969 122.122 109.264 112.222 102.836 99.870 109.775 97.267 82.462 77.639 70.636 64.139 61.023 58.083
-999.250 255.044 261.473 298.239 295.446 293.672 293.813 267.008 285.896 299.346 315.873 268.980 295.482 310.928 331.423 348.406 307.346 277.238 -999.250 -999.250 -999.250 -999.250 183.761 155.791 156.309 143.295 124.237 114.840 115.758 128.293 133.075 134.125 117.723 124.383 120.933 118.400 114.561 124.887 111.127 118.809 111.015 90.143 90.939 88.243 99.933 88.500 89.785 94.099 105.411 111.723 112.987 114.071 118.652 124.146 123.456 122.269 122.546 118.368 106.537 103.545 90.318 82.163 85.754 82.317 64.560 57.737
-999.250 263.891 265.366 329.401 295.106 297.810 276.078 249.738 266.777 288.428 258.865 270.777 297.947 298.286 342.997 376.436 313.586 293.349 -999.250 -999.250 -999.250 183.639 -999.250 169.008 142.147 140.732 121.014 114.288 116.864 120.544 113.505 117.379 116.418 112.048 104.097 116.011 108.636 127.962 117.731 104.507 107.278 101.041 80.215 94.616 96.688 90.975 100.722 101.922 113.992 113.549 118.428 118.165 126.359 141.896 147.160 168.410 162.805 151.286 140.416 121.462 107.419 98.241 88.577 90.247 72.928 71.727
-999.250 269.758 283.046 276.389 296.527 276.915 248.378 249.714 235.933 235.016 251.468 269.324 300.479 309.842 303.929 310.844 321.116 -999.250 -999.250 -999.250 -999.250 193.474 177.602 165.488 145.917 125.259 111.927 109.173 113.438 115.995 108.323 110.871 121.992 110.125 119.682 125.937 118.702 115.671 123.799 108.112 101.698 107.574 88.402 85.116 85.095 82.397 97.175 94.155 107.513 123.727 128.707 132.444 133.708 152.344 190.760 179.196 180.752 146.889 155.912 148.250 128.784 118.081 110.049 95.356 96.885 94.459
-999.250 276.592 298.283 330.980 281.437 255.622 234.453 227.467 232.179 234.829 250.863 279.018 272.917 290.604 300.716 264.159 255.068 -999.250 -999.250 -999.250 188.794 173.139 182.247 152.305 135.697 114.930 118.598 108.201 106.130 107.450 114.633 112.652 115.861 104.042 114.763 115.951 131.178 136.145 117.497 101.505 97.797 102.891 100.022 99.690 81.948 82.046 82.385 91.945 108.230 109.495 118.594 133.678 148.629 145.730 181.132 191.847 192.642 176.471 186.365 168.100 150.925 132.333 114.751 108.539 102.362 100.369
-999.250 -999.250 -999.250 288.180 -999.250 -999.250 240.027 229.065 228.993 -999.250 -999.250 -999.250 265.261 272.012 -999.250 -999.250 -999.250 -999.250 -999.250 -999.250 179.593 169.772 164.585 148.490 133.783 123.767 123.863 105.450 117.718 102.975 107.922 110.266 114.686 111.506 112.334 125.033 134.416 127.139 113.718 120.210 104.064 98.518 92.299 86.094 80.183 73.312 76.492 90.172 100.519 116.454 130.776 143.866 176.256 188.086 182.872 201.953 188.062 216.116 194.134 187.537 185.030 159.074 132.394 109.712 102.563 91.793
-999.250 -999.250 -999.250 -999.250 -999.250 -999.250 -999.250 -999.250 -999.250 -999.250 -999.250 -999.250 -999.250 278.620 292.077 248.656 -999.250 -999.250 -999.250 168.490 164.262 163.069 159.175 148.218 141.990 135.374 130.184 116.612 118.885 126.886 124.866 118.620 110.604 114.381 113.594 127.885 107.135 115.476 117.356 110.161 117.284 92.194 96.256 93.685 72.397 62.195 75.567 84.651 98.011 118.842 125.889 132.903 169.281 193.201 191.969 210.128 215.505 211.573 191.026 185.218 180.298 151.249 133.844 120.879 119.744 104.537
-999.250 -999.250 -999.250 -999.250 -999.250 -999.250 -999.250 -999.250 -999.250 -999.250 -999.250 221.222 252.296 261.459 265.111 276.268 -999.250 -999.250 160.474 131.742 160.933 164.580 161.319 153.486 136.428 161.757 139.643 138.479 130.962 131.863 138.722 117.451 115.374 114.064 108.717 118.767 107.168 104.804 119.729 113.208 101.742 101.081 93.479 78.321 82.688 73.592 84.262 87.434 93.679 94.888 103.685 116.954 154.367 155.471 190.931 223.560 268.422 221.959 207.816 183.595 173.257 149.358 137.010 126.737 125.768 126.192
-999.250 -999.250 -999.250 -999.250 -999.250 -999.250 -999.250 -999.250 -999.250 -999.250 -999.250 214.611 207.362 217.044 254.376 251.858 200.228 183.455 151.775 152.705 164.595 190.973 168.587 159.992 157.873 158.847 161.820 150.694 137.884 133.108 157.376 138.356 116.599 124.327 113.110 125.508 116.003 109.472 109.081 110.325 105.589 94.151 97.828 89.888 93.666 89.547 85.623 95.745 106.072 110.236 104.831 119.331 148.539 147.747 172.678 209.321 224.657 235.843 202.100 196.530 162.376 153.598 151.685 140.519 122.699 125.437
-999.250 -999.250 -999.250 -999.250 -999.250 -999.250 -999.250 -999.250 -999.250 -999.250 -999.250 -999.250 226.606 226.837 220.183 229.146 209.834 173.661 157.136 147.392 162.536 185.089 165.900 159.700 149.815 166.049 165.685 158.693 160.807 156.235 158.918 148.565 139.572 132.575 122.952 131.296 131.679 102.048 104.925 114.265 106.758 92.067 102.330 103.999 102.101 97.927 114.313 115.354 103.339 113.519 104.760 126.609 130.595 159.042 184.745 189.285 195.214 196.399 178.772 184.280 167.061 148.303 134.359 156.225 139.577 123.809
-999.250 -999.250 -999.250 -999.250 -999.250 -999.250 -999.250 -999.250 -999.250 -999.250 -999.250 -999.250 -999.250 231.044 200.067 205.326 186.596 182.393 174.379 161.876 154.468 159.579 149.383 164.001 168.005 168.886 186.517 181.279 206.391 180.529 161.934 158.396 146.821 141.279 157.545 131.413 124.823 125.685 105.947 104.565 107.259 93.698 94.317 110.887 114.557 102.102 105.865 113.103 111.559 101.154 119.352 115.952 132.295 138.958 158.713 186.438 180.651 154.251 158.982 168.200 162.048 144.819 149.401 126.356 140.573 134.883
-999.250 -999.250 -999.250 -999.250 -999.250 -999.250 -999.250 -999.250 -999.250 -999.250 -999.250 -999.250 -999.250 222.997 208.778 211.166 180.563 188.265 182.859 170.265 151.866 158.798 155.334 163.021 169.597 169.784 184.593 186.715 192.300 194.086 167.626 158.794 160.367 169.039 133.130 118.462 114.421 99.707 109.445 111.487 112.577 109.066 108.462 109.569 118.429 129.739 107.930 119.924 111.341 106.116 117.914 124.307 132.750 142.917 150.018 169.033 172.266 141.142 137.459 138.158 166.813 137.579 125.977 126.555 134.839 132.219
-999.250 -999.250 -999.250 -999.250 -999.250 -999.250 -999.250 -999.250 -999.250 -999.250 -999.250 -999.250 -999.250 181.457 184.489 205.992 184.880 189.461 187.987 184.033 158.358 171.944 162.721 160.244 170.759 180.126 191.698 201.476 202.701 193.928 190.219 175.150 181.408 158.068 132.261 128.518 130.006 120.663 110.395 114.228 102.596 101.506 116.542 118.202 137.347 132.823 134.331 122.155 110.881 114.474 124.903 121.258 122.293 141.883 142.199 152.098 146.898 150.400 149.734 137.334 131.530 140.212 138.622 133.614 125.803 155.243
-999.250 -999.250 -999.250 -999.250 -999.250 -999.250 -999.250 -999.250 -999.250 -999.250 -999.250 -999.250 -999.250 -999.250 182.847 198.422 171.345 191.913 204.404 198.920 189.156 169.828 174.937 158.322 176.987 179.981 189.328 203.105 243.530 200.706 199.936 193.073 186.722 167.132 151.834 155.888 139.145 132.414 115.191 123.879 122.828 121.354 138.795 129.740 141.510 132.937 122.177 134.473 112.021 118.038 114.149 121.345 142.008 129.109 135.645 155.631 136.130 124.092 133.327 155.028 149.933 136.446 148.865 154.402 141.971 155.373
-999.250 -999.250 -999.250 -999.250 -999.250 -999.250 -999.250 -999.250 -999.250 -999.250 -999.250 -999.250 -999.250 -999.250 170.819 190.726 180.673 196.030 196.008 184.433 179.976 179.341 174.190 177.351 203.662 201.887 187.136 216.019 234.526 211.152 215.163 195.143 203.273 168.115 153.995 154.246 153.433 131.300 118.287 120.698 127.628 141.821 140.069 126.824 143.273 148.981 149.167 160.458 140.046 122.082 136.621 106.577 120.151 145.414 124.302 141.953 125.786 125.513 143.642 137.920 137.475 151.482 160.812 157.195 147.936 157.531
-999.250 -999.250 -999.250 -999.250 -999.250 -999.250 -999.250 -999.250 -999.250 -999.250 -999.250 -999.250 -999.250 -999.250 182.770 181.049 185.079 182.952 182.743 180.107 176.630 184.263 192.025 192.257 191.120 214.269 206.432 206.452 230.050 204.366 197.122 186.328 196.853 195.739 174.558 169.140 147.313 135.543 135.849 123.859 124.354 127.824 135.076 124.375 124.151 117.299 135.013 139.588 151.653 153.245 138.571 135.274 137.532 151.577 151.543 151.370 126.771 124.266 137.033 137.859 145.120 145.048 172.472 152.305 137.968 150.295
-999.250 -999.250 -999.250 -999.250 -999.250 -999.250 -999.250 -999.250 -999.250 -999.250 -999.250 -999.250 -999.250 -999.250 187.628 189.433 178.645 182.066 174.446 172.012 194.774 180.947 181.146 178.585 201.591 -999.250 198.315 197.165 197.261 190.687 217.545 207.263 187.872 185.360 164.215 181.619 155.983 156.697 125.915 144.835 145.143 142.611 124.543 119.909 130.707 129.261 129.695 162.425 165.619 164.962 135.004 139.328 149.313 151.776 150.518 144.958 132.565 132.936 147.997 153.563 152.117 150.226 159.307 165.943 165.588 166.755
-999.250 -999.250 -999.250 -999.250 -999.250 -999.250 -999.250 -999.250 -999.250 -999.250 -999.250 -999.250 -999.250 -999.250 175.659 191.603 171.886 179.898 184.041 169.880 176.746 185.125 184.195 -999.250 -999.250 -999.250 204.143 182.084 191.658 196.051 183.164 206.047 217.971 179.221 180.930 175.472 170.483 156.485 141.511 149.183 132.061 136.056 135.539 150.208 127.636 134.761 158.282 136.120 141.274 143.970 128.168 138.442 150.163 155.474 151.354 154.544 147.578 164.476 153.348 140.214 157.156 148.199 153.299 153.085 169.154 139.440
-999.250 -999.250 -999.250 -999.250 -999.250 -999.250 -999.250 -999.250 -999.250 -999.250 -999.250 -999.250 -999.250 177.292 172.410 178.348 166.151 152.829 165.682 172.864 181.101 179.164 -999.250 -999.250 -999.250 -999.250 -999.250 177.939 190.845 182.518 204.893 196.624 178.597 170.217 151.172 174.241 167.947 159.886 147.650 149.032 141.720 122.834 137.776 150.967 132.474 149.532 147.278 131.364 114.927 136.343 132.731 147.905 144.862 151.294 162.429 166.964 155.947 157.266 154.267 135.989 146.240 142.677 155.617 161.312 173.357 159.171
-999.250 -999.250 -999.250 -999.250 -999.250 -999.250 -999.250 -999.250 -999.250 -999.250 -999.250 -999.250 -999.250 172.943 169.531 193.737 173.947 185.213 167.507 169.555 -999.250 -999.250 -999.250 -999.250 -999.250 -999.250 -999.250 -999.250 172.406 170.391 174.578 182.638 162.469 148.229 161.246 163.530 160.338 165.352 147.106 143.989 134.984 134.290 136.457 133.560 162.613 161.108 144.692 119.559 127.433 140.685 113.809 136.717 147.028 136.457 127.114 127.148 128.043 132.925 134.737 147.896 133.298 140.458 124.875 145.926 158.137 155.853
-999.250 -999.250 -999.250 -999.250 -999.250 -999.250 -999.250 -999.250 -999.250 -999.250 -999.250 -999.250 172.684 183.304 -999.250 -999.250 -999.250 -999.250 -999.250 -999.250 -999.250 -999.250 -999.250 -999.250 -999.250 -999.250 -999.250 -999.250 -999.250 185.162 164.445 177.128 159.670 146.548 157.129 160.512 152.204 164.398 122.303 137.825 154.582 144.573 139.847 161.421 153.637 151.996 138.272 129.313 128.854 121.318 127.646 137.100 133.380 129.157 124.948 118.134 141.339 125.696 148.128 146.791 145.485 134.692 157.008 150.731 164.207 166.102
-999.250 -999.250 -999.250 -999.250 -999.250 -999.250 -999.250 -999.250 -999.250 -999.250 -999.250 -999.250 -999.250 -999.250 -999.250 -999.250 -999.250 -999.250 -999.250 -999.250 -999.250 -999.250 -999.250 -999.250 -999.250 -999.250 -999.250 -999.250 -999.250 -999.250 176.645 176.431 171.363 153.789 164.249 166.494 157.760 157.914 167.073 142.277 149.538 156.192 152.605 152.752 161.074 131.600 128.639 122.024 127.561 135.822 124.711 138.488 127.837 132.610 127.051 109.749 113.314 118.526 134.253 132.673 149.204 129.499 168.682 172.622 177.819 184.011
-999.250 -999.250 -999.250 -999.250 -999.250 -999.250 -999.250 -999.250 -999.250 -999.250 -999.250 -999.250 -999.250 -999.250 -999.250 -999.250 -999.250 -999.250 -999.250 -999.250 -999.250 -999.250 -999.250 -999.250 -999.250 -999.250 -999.250 -999.250 -999.250 -999.250 155.722 191.299 176.790 169.087 174.956 162.773 173.752 179.116 161.652 149.367 155.393 162.797 166.115 167.724 150.928 137.416 128.907 134.089 126.077 119.613 126.951 134.748 127.939 125.414 109.373 109.106 116.879 125.651 110.989 125.091 124.282 155.294 174.560 175.723 194.394 183.983
-999.250 -999.250 -999.250 -999.250 -999.250 -999.250 -999.250 -999.250 -999.250 -999.250 -999.250 -999.250 -999.250 -999.250 -999.250 -999.250 -999.250 -999.250 -999.250 -999.250 -999.250 -999.250 -999.250 -999.250 -999.250 -999.250 -999.250 -999.250 -999.250 -999.250 169.821 181.848 175.601 174.352 181.898 172.040 159.846 179.511 153.688 164.346 150.164 164.548 161.920 162.012 150.512 145.559 131.864 127.467 100.021 122.206 110.106 120.218 137.409 120.412 133.982 119.925 117.620 136.145 121.966 124.867 137.362 166.882 187.058 191.727 184.076 179.949
