data/medianmodel_08-Dec-2020.asc
ncols	141
nrows	288
xllcorner	-120191.398
yllcorner	-301404.813
cellsize	2000.000
NODATA_value	-999.250
[rows 203 to 231 of 288, columns 64 to 127 of 141]
473.760 456.769 457.120 449.980 420.001 417.264 419.762 401.929 399.507 383.337 358.954 317.998 309.380 300.216 296.965 291.651 297.995 285.995 293.158 298.042 322.978 366.458 400.183 452.181 482.039 529.996 581.967 618.085 662.687 674.556 758.579 -999.250 -999.250 -999.250 -999.250 -999.250 -999.250 -999.250 -999.250 -999.250 -999.250 -999.250 -999.250 -999.250 -999.250 -999.250 -999.250 -999.250 -999.250 -999.250 -999.250 -999.250 -999.250 -999.250 -999.250 -999.250 -999.250 -999.250 -999.250 -999.250 -999.250 -999.250 -999.250 -999.250
447.302 434.481 427.141 415.522 409.140 396.655 389.169 385.781 366.855 346.616 336.087 312.136 315.320 294.250 290.073 298.426 296.152 281.545 286.033 303.671 337.096 338.997 421.109 449.769 504.659 565.625 595.645 646.158 706.199 721.457 860.414 844.625 -999.250 -999.250 -999.250 -999.250 -999.250 -999.250 -999.250 -999.250 -999.250 -999.250 -999.250 -999.250 -999.250 -999.250 -999.250 -999.250 -999.250 -999.250 -999.250 -999.250 -999.250 -999.250 -999.250 -999.250 -999.250 -999.250 -999.250 -999.250 -999.250 -999.250 -999.250 -999.250
437.253 416.072 389.711 400.712 373.307 373.447 342.772 363.033 337.999 330.052 315.508 311.727 280.154 276.491 254.830 266.134 272.385 287.767 283.518 302.085 305.396 340.596 396.120 464.015 510.778 552.950 626.121 689.886 758.463 809.731 854.580 -999.250 -999.250 -999.250 -999.250 -999.250 -999.250 -999.250 -999.250 -999.250 -999.250 -999.250 -999.250 -999.250 -999.250 -999.250 -999.250 -999.250 -999.250 -999.250 -999.250 -999.250 -999.250 -999.250 -999.250 -999.250 -999.250 -999.250 -999.250 -999.250 -999.250 -999.250 -999.250 -999.250
403.775 395.793 364.164 356.457 372.879 339.003 320.358 318.383 328.707 324.421 279.080 266.245 256.151 253.669 237.751 224.313 230.683 253.446 272.538 297.404 311.558 319.521 385.860 442.082 535.690 589.020 620.272 693.140 771.122 858.650 958.639 935.748 -999.250 -999.250 -999.250 -999.250 -999.250 -999.250 -999.250 -999.250 -999.250 -999.250 -999.250 -999.250 -999.250 -999.250 -999.250 -999.250 -999.250 -999.250 -999.250 -999.250 -999.250 -999.250 -999.250 -999.250 -999.250 -999.250 -999.250 -999.250 -999.250 -999.250 -999.250 -999.250
339.689 345.601 328.243 354.343 317.629 314.660 320.170 302.064 295.394 270.012 252.464 239.304 246.080 225.345 208.212 196.969 212.587 229.603 251.836 278.369 303.877 331.654 391.081 450.061 547.075 616.824 637.260 716.501 793.494 941.529 962.659 1030.497 1063.915 -999.250 -999.250 -999.250 -999.250 -999.250 -999.250 -999.250 -999.250 -999.250 -999.250 -999.250 -999.250 -999.250 -999.250 -999.250 -999.250 -999.250 -999.250 -999.250 -999.250 -999.250 -999.250 -999.250 -999.250 -999.250 -999.250 -999.250 -999.250 -999.250 -999.250 -999.250
292.685 281.357 287.168 303.272 302.875 303.277 300.117 289.554 274.677 250.165 226.295 204.194 189.901 202.611 197.055 184.902 192.554 196.556 245.370 268.120 301.111 356.849 392.529 457.503 529.929 606.518 663.648 764.574 835.246 930.961 1058.850 1069.045 1085.166 -999.250 -999.250 -999.250 -999.250 -999.250 -999.250 -999.250 -999.250 -999.250 -999.250 -999.250 -999.250 -999.250 -999.250 -999.250 -999.250 -999.250 -999.250 -999.250 -999.250 -999.250 -999.250 -999.250 -999.250 -999.250 -999.250 -999.250 -999.250 -999.250 -999.250 -999.250
251.996 250.825 248.401 262.142 272.769 257.018 270.410 246.924 229.888 223.887 191.794 180.222 170.813 149.982 155.305 173.287 182.750 199.163 218.576 257.362 290.821 346.435 393.726 455.345 536.650 595.370 652.558 747.113 835.333 892.291 1004.970 1082.031 1142.857 1089.168 -999.250 -999.250 -999.250 -999.250 -999.250 -999.250 -999.250 -999.250 -999.250 -999.250 -999.250 -999.250 -999.250 -999.250 -999.250 -999.250 -999.250 -999.250 -999.250 -999.250 -999.250 -999.250 -999.250 -999.250 -999.250 -999.250 -999.250 -999.250 -999.250 -999.250
221.389 200.359 204.274 229.692 227.919 217.587 210.311 210.543 201.375 199.274 182.616 173.249 146.010 135.653 137.520 147.635 158.641 178.550 197.175 248.416 296.434 335.725 392.638 464.759 500.359 630.386 637.058 708.147 772.130 881.375 1004.025 1026.414 1076.704 1018.182 1022.787 -999.250 -999.250 -999.250 -999.250 -999.250 -999.250 -999.250 -999.250 -999.250 -999.250 -999.250 -999.250 -999.250 -999.250 -999.250 -999.250 -999.250 -999.250 -999.250 -999.250 -999.250 -999.250 -999.250 -999.250 -999.250 -999.250 -999.250 -999.250 -999.250
184.771 174.927 182.446 185.648 205.709 206.919 200.974 185.651 193.805 182.081 170.440 145.169 118.819 99.008 96.931 111.979 147.403 156.396 179.272 220.645 261.610 326.383 369.911 403.334 484.553 577.314 600.987 662.988 785.644 854.848 882.695 929.236 1030.619 989.276 944.926 948.186 -999.250 -999.250 -999.250 -999.250 -999.250 -999.250 -999.250 -999.250 -999.250 -999.250 -999.250 -999.250 -999.250 -999.250 -999.250 -999.250 -999.250 -999.250 -999.250 -999.250 -999.250 -999.250 -999.250 -999.250 -999.250 -999.250 -999.250 -999.250
161.609 160.685 165.583 176.453 178.037 182.182 183.238 187.849 161.866 169.517 152.990 127.614 102.693 78.141 63.323 75.962 101.504 132.616 167.668 211.155 250.419 298.121 353.836 413.808 487.298 540.492 590.949 646.991 701.019 775.232 791.954 878.973 912.368 935.632 932.840 916.879 909.758 -999.250 -999.250 -999.250 -999.250 -999.250 -999.250 -999.250 -999.250 -999.250 -999.250 -999.250 -999.250 -999.250 -999.250 -999.250 -999.250 -999.250 -999.250 -999.250 -999.250 -999.250 -999.250 -999.250 -999.250 -999.250 -999.250 -999.250
143.694 131.693 141.849 164.451 173.044 170.619 176.232 176.623 165.260 147.468 129.468 114.798 85.046 51.577 17.159 49.814 86.849 117.407 153.787 179.066 216.669 249.416 320.725 358.833 441.680 472.092 543.165 605.453 672.478 715.302 771.993 818.467 849.012 810.072 892.061 871.910 855.936 -999.250 -999.250 -999.250 -999.250 -999.250 -999.250 -999.250 -999.250 -999.250 -999.250 -999.250 -999.250 -999.250 -999.250 -999.250 -999.250 -999.250 -999.250 -999.250 -999.250 -999.250 -999.250 -999.250 -999.250 -999.250 -999.250 -999.250
120.474 110.088 124.631 149.941 156.611 168.530 169.681 164.348 157.346 147.359 123.511 105.950 84.233 55.638 40.730 53.488 74.699 97.892 117.722 162.216 186.366 257.038 308.976 359.933 403.590 437.554 503.569 525.624 628.070 659.712 678.223 732.958 747.622 755.324 825.733 767.563 752.001 797.660 -999.250 -999.250 -999.250 -999.250 -999.250 -999.250 -999.250 -999.250 -999.250 -999.250 -999.250 -999.250 -999.250 -999.250 -999.250 -999.250 -999.250 -999.250 -999.250 -999.250 -999.250 -999.250 -999.250 -999.250 -999.250 -999.250
102.192 104.971 115.362 141.004 157.951 175.022 177.345 179.939 162.020 142.724 116.119 101.810 82.738 67.280 55.300 58.902 79.254 92.050 114.900 151.430 182.712 218.727 270.032 331.658 388.379 420.281 463.042 513.391 567.675 589.328 609.690 668.875 667.872 689.208 690.706 716.352 695.778 699.226 692.334 -999.250 -999.250 -999.250 -999.250 -999.250 -999.250 -999.250 -999.250 -999.250 -999.250 -999.250 -999.250 -999.250 -999.250 -999.250 -999.250 -999.250 -999.250 -999.250 -999.250 -999.250 -999.250 -999.250 -999.250 -999.250
77.291 75.774 100.410 133.537 168.779 178.413 187.288 184.441 179.018 153.375 117.066 93.559 84.837 76.477 66.443 60.964 85.036 104.917 120.631 153.485 182.513 202.121 242.179 279.174 331.763 373.368 386.335 433.892 471.647 522.666 542.597 584.701 611.277 640.579 653.131 650.795 678.995 639.005 643.403 -999.250 -999.250 -999.250 -999.250 -999.250 -999.250 -999.250 -999.250 -999.250 -999.250 -999.250 -999.250 -999.250 -999.250 -999.250 -999.250 -999.250 -999.250 -999.250 -999.250 -999.250 -999.250 -999.250 -999.250 -999.250
57.103 40.371 93.906 141.950 177.128 200.302 201.886 202.739 175.163 159.490 143.039 90.744 93.424 83.830 74.316 79.283 102.387 102.666 108.941 149.398 156.099 187.247 213.633 246.283 256.858 311.276 339.345 372.349 395.271 447.589 481.864 512.005 581.346 572.645 597.492 626.147 649.946 624.804 615.939 -999.250 -999.250 -999.250 -999.250 -999.250 -999.250 -999.250 -999.250 -999.250 -999.250 -999.250 -999.250 -999.250 -999.250 -999.250 -999.250 -999.250 -999.250 -999.250 -999.250 -999.250 -999.250 -999.250 -999.250 -999.250
71.793 79.140 106.792 162.827 188.088 222.023 254.301 231.000 207.662 185.075 162.651 123.426 105.433 103.257 94.266 92.797 98.661 108.086 113.019 140.049 165.417 175.059 184.766 202.819 221.472 270.075 272.507 303.164 317.055 361.718 408.682 429.225 478.684 520.320 571.668 557.415 557.140 569.893 547.671 536.771 -999.250 -999.250 -999.250 -999.250 -999.250 -999.250 -999.250 383.764 -999.250 -999.250 -999.250 -999.250 -999.250 -999.250 -999.250 -999.250 -999.250 -999.250 -999.250 -999.250 -999.250 -999.250 -999.250 -999.250
96.151 102.879 135.811 178.083 221.172 249.436 280.915 276.551 242.350 201.002 172.416 157.161 143.397 124.073 106.297 102.899 108.808 111.097 129.479 130.209 129.188 152.018 160.220 176.244 179.855 181.015 205.167 225.238 247.068 296.712 335.876 370.826 414.987 457.640 493.507 495.022 476.077 518.449 513.816 495.563 506.567 -999.250 -999.250 -999.250 370.383 378.680 364.490 329.245 -999.250 -999.250 -999.250 -999.250 -999.250 -999.250 -999.250 -999.250 -999.250 -999.250 -999.250 -999.250 -999.250 -999.250 -999.250 -999.250
115.896 133.769 163.272 188.203 233.873 283.295 304.679 283.537 256.142 222.472 181.269 169.347 160.221 133.166 116.647 119.280 118.518 125.299 131.272 127.702 130.658 152.112 155.825 158.919 161.295 168.119 170.675 174.619 181.022 224.830 287.476 324.929 360.461 386.804 413.394 421.725 426.665 447.494 450.036 432.977 417.798 -999.250 359.434 360.490 346.587 325.092 344.751 -999.250 -999.250 -999.250 -999.250 -999.250 -999.250 -999.250 -999.250 -999.250 -999.250 -999.250 -999.250 -999.250 -999.250 -999.250 -999.250 -999.250
139.255 150.609 181.340 201.151 248.195 297.513 287.687 281.397 275.000 246.974 196.940 186.407 162.911 135.044 135.707 143.266 140.446 127.919 129.009 134.448 122.623 145.839 149.636 153.355 153.981 141.397 128.407 108.779 114.892 155.824 194.416 256.387 304.682 325.415 363.811 395.327 387.101 395.805 404.153 386.277 390.251 345.935 334.737 305.998 317.729 314.729 298.552 -999.250 -999.250 -999.250 -999.250 -999.250 -999.250 -999.250 -999.250 -999.250 -999.250 -999.250 -999.250 -999.250 -999.250 -999.250 -999.250 -999.250
152.311 156.895 192.605 210.199 232.008 261.397 271.066 286.194 263.615 239.304 210.235 188.644 176.835 162.428 157.794 156.317 148.015 128.799 151.515 138.014 152.205 133.696 149.322 146.611 141.891 125.245 101.255 78.144 43.738 103.421 169.462 199.526 288.151 301.683 313.947 333.405 356.252 371.976 370.083 328.408 332.398 336.349 307.471 300.119 297.365 279.913 277.286 -999.250 -999.250 -999.250 -999.250 -999.250 -999.250 -999.250 -999.250 -999.250 -999.250 -999.250 -999.250 -999.250 -999.250 -999.250 -999.250 -999.250
154.287 161.706 177.262 196.214 225.062 246.878 241.336 252.980 245.958 233.974 231.231 188.366 176.457 167.891 168.539 170.485 170.435 152.521 150.842 152.081 157.809 149.800 143.733 145.127 138.490 124.080 97.210 81.631 71.658 100.246 143.786 183.622 221.905 290.746 294.779 316.872 295.618 303.007 324.191 305.527 281.555 291.496 285.224 277.391 281.110 264.861 249.882 -999.250 -999.250 -999.250 -999.250 -999.250 -999.250 -999.250 -999.250 -999.250 -999.250 -999.250 -999.250 -999.250 -999.250 -999.250 -999.250 -999.250
134.584 157.027 167.465 185.694 190.826 215.795 225.157 238.628 225.134 215.525 199.904 181.081 187.079 177.478 183.187 169.329 170.847 164.453 165.761 153.722 159.717 164.724 164.924 160.199 159.056 117.013 112.868 97.686 101.357 125.170 151.225 174.486 216.544 246.440 273.258 268.674 279.060 282.562 279.433 269.691 270.979 262.358 264.190 230.014 265.390 231.526 -999.250 -999.250 -999.250 -999.250 -999.250 -999.250 -999.250 -999.250 -999.250 -999.250 -999.250 -999.250 -999.250 -999.250 -999.250 -999.250 -999.250 -999.250
122.200 138.627 142.623 167.112 181.724 197.103 193.516 204.643 208.601 179.439 192.876 188.109 181.019 181.069 192.202 181.557 195.983 185.901 183.781 177.986 169.670 176.967 171.035 161.783 167.697 144.078 131.747 112.108 120.014 133.786 167.218 188.136 202.464 211.846 236.621 245.503 237.335 233.507 239.984 258.025 232.032 254.194 222.183 238.924 226.589 212.262 -999.250 -999.250 -999.250 -999.250 -999.250 -999.250 -999.250 -999.250 -999.250 -999.250 -999.250 -999.250 -999.250 -999.250 -999.250 -999.250 -999.250 -999.250
110.433 130.029 140.836 144.100 157.996 164.333 178.306 174.371 180.937 181.389 178.850 194.611 197.775 194.595 201.741 199.125 224.761 211.397 211.768 185.803 199.782 185.965 195.344 175.499 171.906 172.738 153.133 145.271 136.317 156.330 172.517 181.095 199.741 188.576 201.617 209.526 217.119 216.560 211.244 239.024 221.849 201.984 200.361 202.684 215.835 208.408 -999.250 -999.250 -999.250 -999.250 -999.250 -999.250 -999.250 -999.250 -999.250 -999.250 -999.250 -999.250 -999.250 -999.250 -999.250 -999.250 -999.250 -999.250
113.560 113.846 123.051 117.628 121.809 135.456 146.541 145.368 156.641 167.290 169.208 172.644 193.293 207.667 206.979 227.687 226.049 219.827 214.456 223.253 197.325 191.624 197.669 191.766 191.911 195.564 171.458 166.427 166.322 172.207 177.379 170.755 179.920 180.410 184.571 197.805 208.836 221.981 207.709 204.083 185.454 171.560 203.350 193.772 176.203 -999.250 -999.250 -999.250 -999.250 -999.250 -999.250 -999.250 -999.250 -999.250 -999.250 -999.250 -999.250 -999.250 -999.250 -999.250 -999.250 -999.250 -999.250 -999.250
95.885 104.266 112.936 107.018 104.653 104.779 108.358 115.840 140.078 152.938 154.984 171.899 197.778 199.563 222.807 227.776 223.739 248.496 231.172 222.688 225.962 205.285 225.519 218.724 198.281 194.629 193.815 188.347 186.204 187.837 184.657 184.246 200.760 185.828 176.409 180.899 189.310 200.592 192.387 198.541 -999.250 -999.250 178.138 183.197 178.069 -999.250 -999.250 -999.250 -999.250 -999.250 -999.250 -999.250 -999.250 -999.250 -999.250 -999.250 -999.250 -999.250 -999.250 -999.250 -999.250 -999.250 -999.250 -999.250
91.887 99.407 101.683 103.126 93.156 88.318 68.495 103.721 124.779 144.471 160.060 178.132 178.328 181.794 209.685 253.214 244.734 249.183 271.090 274.198 269.007 235.791 234.232 230.048 221.341 214.957 240.482 199.886 207.426 203.918 196.279 199.277 212.647 181.288 188.055 191.633 193.608 199.428 182.650 171.628 -999.250 -999.250 -999.250 -999.250 -999.250 -999.250 -999.250 -999.250 -999.250 -999.250 -999.250 -999.250 -999.250 -999.250 -999.250 -999.250 -999.250 -999.250 -999.250 -999.250 -999.250 -999.250 -999.250 -999.250
88.097 90.525 90.956 100.035 88.736 87.523 85.965 111.305 127.850 150.037 159.980 180.153 187.607 207.787 238.319 238.979 263.737 264.540 287.387 280.257 280.472 282.616 271.693 260.399 246.550 266.113 257.678 238.090 223.185 239.684 194.712 211.597 203.083 201.865 184.526 183.501 -999.250 -999.250 170.768 -999.250 -999.250 -999.250 -999.250 -999.250 -999.250 -999.250 -999.250 -999.250 -999.250 -999.250 -999.250 -999.250 -999.250 -999.250 -999.250 -999.250 -999.250 -999.250 -999.250 -999.250 -999.250 -999.250 -999.250 -999.250
90.543 89.651 97.195 95.137 94.638 101.549 102.408 119.924 132.422 159.763 175.687 180.122 186.826 218.345 246.880 256.554 263.588 287.698 306.349 308.118 298.731 310.934 308.456 276.388 283.337 293.405 288.141 270.688 237.961 249.167 242.168 212.825 209.822 196.526 -999.250 -999.250 -999.250 -999.250 -999.250 -999.250 -999.250 -999.250 -999.250 -999.250 -999.250 -999.250 -999.250 -999.250 -999.250 -999.250 -999.250 -999.250 -999.250 -999.250 -999.250 -999.250 -999.250 -999.250 -999.250 -999.250 -999.250 -999.250 -999.250 -999.250
