data/medianmodel_18-Jul-2020.asc
ncols	141
nrows	288
xllcorner	-120191.398
yllcorner	-301404.813
cellsize	2000.000
NODATA_value	-999.250
[rows 31 to 61 of 288, columns 70 to 139 of 141]
0.000 0.000 0.000 0.000 0.000 0.000 0.437 2.055 0.847 1.869 2.976 4.109 4.330 2.466 2.518 1.114 1.041 0.000 0.000 0.000 0.000 0.000 0.000 0.000 0.000 0.000 0.000 0.069 4.794 6.810 9.333 11.327 13.629 20.446 28.575 38.263 48.121 58.499 69.207 65.162 71.965 64.339 55.939 47.930 41.466 43.916 33.657 28.899 18.582 12.056 6.042 6.857 10.618 14.443 27.876 46.673 68.124 100.763 139.157 166.868 208.942 291.709 297.713 351.427 361.682 360.188 362.639 386.056 390.460 341.167
0.000 0.000 0.000 0.000 0.000 0.000 0.234 2.341 2.345 4.968 5.802 6.216 4.769 4.330 3.168 2.474 0.306 2.208 0.710 0.000 0.000 0.000 0.000 0.000 0.000 0.000 0.000 0.829 3.375 6.731 8.406 10.298 14.611 24.248 31.420 38.217 56.391 67.482 71.712 74.723 69.965 73.311 55.073 52.229 42.442 37.991 33.163 30.352 23.568 18.474 10.905 10.636 12.781 21.392 31.479 49.387 83.693 125.989 140.687 164.018 250.151 306.615 312.351 385.776 372.513 391.193 398.131 372.039 413.048 353.726
0.000 0.000 0.000 0.000 0.000 0.000 0.166 1.835 3.867 6.523 7.550 8.238 8.279 6.360 4.774 3.718 3.147 2.804 0.398 0.000 0.000 0.000 0.000 0.000 0.000 0.000 0.000 0.000 2.809 4.582 8.639 12.477 15.552 17.762 27.124 34.574 46.048 64.379 75.778 70.520 68.475 56.182 54.139 50.181 43.582 33.626 33.515 28.988 21.100 17.779 14.608 15.139 19.426 29.807 44.956 71.039 95.622 117.712 147.705 219.552 256.790 341.404 380.591 448.992 427.920 432.763 448.683 430.931 387.313 -999.250
0.000 0.000 0.000 0.000 0.000 0.000 0.555 1.818 5.125 7.811 10.424 11.068 10.937 7.726 6.397 2.841 4.092 0.711 0.000 0.000 0.000 0.000 0.000 0.000 0.000 0.000 0.000 0.000 1.613 5.702 9.142 11.115 16.410 21.861 29.475 34.518 37.145 51.924 68.121 63.994 60.750 62.605 58.163 47.683 43.994 46.051 44.536 31.588 21.071 21.336 15.095 14.935 26.211 30.743 58.611 78.862 121.699 130.006 155.834 227.467 286.559 357.988 395.149 458.531 488.743 496.040 444.156 462.536 -999.250 -999.250
0.000 0.000 0.000 0.000 0.000 0.000 0.851 4.733 6.711 7.946 10.823 16.721 9.995 8.110 5.472 5.112 2.148 0.378 0.000 0.000 0.000 0.000 0.000 0.000 0.000 0.000 0.000 0.000 2.504 4.896 8.065 10.528 12.751 15.948 22.859 28.682 35.000 44.366 53.922 55.585 47.394 51.791 44.951 41.087 35.084 44.192 38.820 24.571 23.375 20.129 15.825 21.798 23.219 43.884 64.317 87.958 122.005 137.637 185.933 271.210 309.898 342.929 404.678 477.828 527.086 476.526 428.525 -999.250 -999.250 -999.250
0.000 0.000 0.000 0.000 0.000 2.255 1.344 3.193 6.303 7.518 9.087 11.570 9.425 7.601 6.341 4.760 1.612 1.661 0.000 0.000 0.000 0.000 0.000 0.000 0.000 0.000 0.000 0.000 0.931 4.597 6.508 7.629 10.526 16.098 19.720 24.098 28.463 37.950 44.980 38.834 42.219 32.625 50.163 38.655 36.206 44.236 32.559 32.836 28.944 24.673 20.339 20.590 30.867 55.672 74.714 91.668 131.926 145.064 204.835 274.013 350.761 369.955 452.210 462.942 500.581 474.881 483.247 -999.250 -999.250 -999.250
0.000 0.000 0.000 0.000 0.000 2.065 1.178 2.577 2.345 5.519 6.731 8.542 7.321 6.228 6.068 3.167 0.178 0.000 0.000 0.000 0.000 0.000 0.000 0.000 0.000 0.000 0.000 0.000 0.000 1.274 3.760 5.520 8.854 11.946 16.001 25.738 25.099 24.230 29.524 29.344 28.523 30.633 34.808 29.855 29.383 30.858 29.612 32.766 31.333 28.709 26.383 25.830 33.267 58.196 76.481 105.119 122.957 130.794 154.563 242.382 331.001 383.027 405.045 421.857 476.326 462.878 -999.250 -999.250 -999.250 -999.250
0.000 0.000 0.000 0.000 0.000 0.000 1.025 2.369 3.142 4.544 5.934 7.814 6.693 4.419 3.594 0.938 0.000 0.000 0.000 0.000 0.000 0.000 0.000 0.000 0.000 0.000 0.000 0.000 0.000 0.743 2.837 4.894 6.453 8.703 10.160 15.665 18.563 18.438 23.522 25.949 30.982 26.050 34.073 31.518 31.624 29.437 27.594 22.376 26.641 31.520 28.236 33.989 43.153 63.910 81.647 102.797 128.423 140.014 173.059 270.119 302.393 311.579 357.211 393.441 429.532 410.894 -999.250 -999.250 -999.250 -999.250
0.000 0.000 0.000 0.000 0.000 0.000 0.000 1.345 1.879 3.541 3.883 5.212 5.446 3.818 1.779 0.000 0.000 0.000 0.000 0.000 0.000 0.000 0.000 0.000 0.000 0.000 0.000 0.000 0.000 0.000 0.048 0.908 4.102 5.363 6.768 10.150 11.651 12.468 16.190 19.473 21.684 20.092 22.642 20.758 26.101 26.691 23.478 23.561 23.223 24.191 30.506 37.416 47.123 60.142 74.130 99.751 119.811 140.305 160.540 200.192 281.450 318.610 350.258 386.040 356.738 352.988 -999.250 -999.250 -999.250 -999.250
0.000 0.000 0.000 0.000 0.000 0.000 0.000 0.000 0.380 3.792 3.322 4.030 2.521 1.504 0.000 0.000 0.000 0.000 0.000 0.000 0.000 0.000 0.000 0.000 0.000 0.000 0.000 0.000 0.000 0.000 0.000 0.000 2.835 3.446 3.486 5.734 8.726 10.345 11.845 11.892 13.287 16.283 14.952 18.708 21.383 20.682 18.622 16.978 17.097 23.902 41.644 43.463 65.425 51.166 75.115 92.288 117.222 129.609 144.839 193.185 268.316 290.080 309.056 321.789 313.089 -999.250 -999.250 -999.250 -999.250 -999.250
0.000 0.000 0.000 0.000 0.000 0.000 0.000 0.000 0.000 0.273 2.228 1.172 0.000 0.000 0.000 0.000 0.000 0.000 0.000 0.000 0.000 0.000 0.000 0.000 0.000 0.000 0.000 0.000 0.000 0.000 0.000 0.000 0.000 0.000 0.087 1.210 5.400 5.150 6.802 9.064 10.231 11.965 12.820 12.844 14.032 15.354 15.425 13.571 19.482 23.534 34.313 45.660 63.010 64.115 79.931 85.995 90.872 121.633 151.075 189.888 221.389 299.171 324.190 300.295 330.771 296.404 -999.250 -999.250 -999.250 -999.250
0.000 0.000 0.000 0.000 0.000 0.000 0.000 0.000 0.000 0.000 0.000 0.000 0.000 0.000 0.000 0.000 0.000 0.000 0.000 0.000 0.000 0.000 0.000 0.000 0.000 0.000 0.000 0.000 0.000 0.000 0.000 0.000 0.000 0.000 0.000 0.000 0.185 1.466 3.460 2.619 6.197 6.524 7.763 10.053 10.323 11.121 8.948 10.932 15.199 21.936 31.899 43.082 47.089 66.508 72.238 82.270 97.557 128.504 147.644 151.577 181.743 235.752 -999.250 -999.250 -999.250 -999.250 -999.250 -999.250 -999.250 -999.250
0.000 0.000 0.000 0.000 0.000 0.000 0.000 0.000 0.000 0.000 0.000 0.000 0.000 0.000 0.000 0.000 0.000 0.000 0.000 0.000 0.000 0.000 0.000 0.000 0.000 0.000 0.000 0.000 0.000 0.000 0.000 0.000 0.000 0.000 0.000 0.000 0.000 0.000 0.000 0.000 0.000 4.106 6.788 7.964 9.056 9.608 11.832 12.700 18.951 22.219 28.858 38.771 44.887 52.043 71.641 82.154 101.152 113.446 126.614 142.214 144.847 159.195 186.565 -999.250 -999.250 -999.250 -999.250 -999.250 -999.250 -999.250
0.000 0.000 0.000 0.000 0.000 0.000 0.000 0.000 0.000 0.000 0.000 0.000 0.000 0.000 0.000 0.000 0.000 0.000 0.000 0.000 0.000 0.000 0.000 0.994 0.000 0.048 0.000 0.000 0.000 0.000 0.000 0.000 0.000 0.000 0.000 0.000 0.000 0.000 0.000 0.000 0.000 0.663 6.099 5.834 6.664 9.287 8.877 15.531 16.667 22.041 28.394 31.890 34.481 49.582 64.321 72.000 90.383 112.364 118.488 125.885 137.078 -999.250 -999.250 -999.250 -999.250 -999.250 -999.250 -999.250 -999.250 -999.250
0.000 0.000 0.000 0.000 0.000 0.000 0.000 0.000 0.000 0.000 0.000 0.000 0.000 0.000 0.000 0.000 0.000 0.000 0.000 0.000 0.000 0.000 0.378 2.383 1.502 0.976 1.044 0.000 0.000 0.000 0.000 0.000 0.000 0.000 0.000 0.000 0.000 0.000 0.000 0.000 0.000 0.000 0.990 5.579 7.669 7.853 8.719 14.569 17.919 23.474 35.748 30.433 30.567 44.076 59.201 85.067 84.649 110.600 109.263 103.889 110.632 -999.250 -999.250 -999.250 -999.250 -999.250 -999.250 -999.250 -999.250 -999.250
0.000 0.000 0.000 0.000 0.000 0.000 0.000 0.000 0.000 0.000 0.000 0.000 0.000 0.000 0.000 0.000 0.000 0.000 0.000 0.000 0.000 0.303 2.369 3.267 4.560 6.077 5.126 2.637 0.000 0.000 0.000 0.000 0.000 0.000 0.000 0.000 0.000 0.000 0.000 0.000 0.000 0.703 2.730 2.798 7.143 8.723 9.204 13.245 17.536 26.065 28.916 32.626 31.202 42.267 65.584 68.598 81.421 94.532 103.646 96.814 -999.250 -999.250 -999.250 -999.250 -999.250 -999.250 -999.250 -999.250 -999.250 -999.250
0.000 0.000 0.000 0.000 0.000 0.000 0.000 0.000 0.000 0.000 0.000 0.000 0.000 0.000 0.000 0.000 0.000 0.000 0.000 0.000 1.173 3.746 4.996 6.541 7.645 7.579 7.190 6.681 2.027 0.771 0.000 0.000 0.000 0.000 0.000 0.000 0.000 0.000 0.000 0.000 0.000 0.559 3.030 4.256 6.658 8.159 9.886 11.809 12.768 21.204 29.698 30.524 30.197 44.104 58.470 65.838 89.888 82.685 -999.250 -999.250 -999.250 -999.250 -999.250 -999.250 -999.250 -999.250 -999.250 -999.250 -999.250 -999.250
0.000 0.000 0.000 0.000 0.000 0.000 0.000 0.000 0.000 0.000 0.000 0.000 0.000 0.000 0.000 0.000 0.000 0.000 0.000 0.000 0.317 4.534 6.455 8.330 10.652 11.154 11.029 7.996 4.868 3.317 0.211 0.000 0.000 0.003 0.000 0.000 1.146 0.907 1.448 1.154 0.000 1.070 2.993 4.587 4.438 6.400 7.847 10.019 15.506 16.469 25.773 29.967 33.479 44.237 47.806 61.543 71.630 77.137 -999.250 -999.250 -999.250 -999.250 -999.250 -999.250 -999.250 -999.250 -999.250 -999.250 -999.250 -999.250
0.000 0.000 0.000 0.000 0.000 0.000 0.000 0.000 0.000 0.000 0.000 0.000 0.000 0.000 0.000 0.000 0.000 0.000 0.000 0.000 0.930 2.948 5.762 8.446 12.579 17.649 13.384 8.838 6.401 4.173 4.131 3.393 3.893 2.353 3.408 3.481 2.404 3.614 3.522 3.010 0.866 3.127 3.015 3.907 3.379 6.306 7.733 11.730 15.136 19.018 22.142 31.684 40.819 -999.250 44.165 63.605 -999.250 -999.250 -999.250 -999.250 -999.250 -999.250 -999.250 -999.250 -999.250 -999.250 -999.250 -999.250 -999.250 -999.250
0.000 0.000 0.000 0.000 0.000 0.000 0.000 0.000 0.000 0.000 0.000 0.000 0.000 0.000 0.000 0.000 0.000 0.000 0.000 0.000 1.055 4.502 6.436 7.959 9.972 12.344 10.660 9.344 8.533 6.029 6.029 6.662 7.678 6.994 6.975 7.005 6.687 6.323 4.795 4.168 3.384 2.534 3.516 4.743 3.499 5.194 7.042 12.199 13.817 15.644 21.948 -999.250 -999.250 -999.250 -999.250 -999.250 -999.250 -999.250 -999.250 -999.250 -999.250 -999.250 -999.250 -999.250 -999.250 -999.250 -999.250 -999.250 -999.250 -999.250
0.000 0.000 0.000 0.000 0.000 0.000 1.595 1.966 0.655 0.008 0.000 0.000 0.000 0.000 0.000 0.000 0.000 0.000 0.000 0.008 1.556 4.787 6.538 6.703 8.982 8.425 9.706 9.181 8.538 7.229 7.213 7.833 9.075 9.946 11.143 11.670 9.033 8.391 6.151 5.853 2.783 5.420 4.559 4.559 4.123 4.688 6.820 10.108 12.196 16.562 -999.250 -999.250 -999.250 -999.250 -999.250 -999.250 -999.250 -999.250 -999.250 -999.250 -999.250 -999.250 -999.250 -999.250 -999.250 -999.250 -999.250 -999.250 -999.250 -999.250
0.000 0.000 0.000 0.465 0.000 2.806 4.135 4.764 2.899 0.952 0.822 0.000 0.000 0.000 0.000 0.000 0.000 0.000 0.000 0.000 0.753 3.112 4.711 6.143 6.666 6.888 7.579 7.075 7.501 7.998 6.434 8.067 10.243 14.468 17.436 14.808 13.063 8.628 7.505 6.079 6.916 5.842 4.746 3.413 3.402 3.973 5.196 9.870 12.144 14.010 -999.250 -999.250 -999.250 -999.250 -999.250 -999.250 -999.250 -999.250 -999.250 -999.250 -999.250 -999.250 -999.250 -999.250 -999.250 -999.250 -999.250 -999.250 -999.250 -999.250
0.000 0.000 0.635 6.127 12.680 7.019 6.700 6.692 6.768 3.020 2.539 0.339 0.000 0.000 0.000 0.000 0.000 0.000 0.000 0.000 0.284 1.014 2.579 4.398 5.187 5.905 6.257 7.245 6.716 7.498 7.883 9.035 12.508 17.485 25.991 17.157 12.588 8.938 7.249 5.621 5.677 5.774 3.458 2.302 3.035 2.370 3.518 5.755 10.138 -999.250 -999.250 -999.250 -999.250 -999.250 -999.250 -999.250 -999.250 -999.250 -999.250 -999.250 -999.250 -999.250 -999.250 -999.250 -999.250 -999.250 -999.250 -999.250 -999.250 -999.250
0.000 0.000 4.600 6.939 9.511 8.530 9.518 8.792 8.383 7.720 4.318 0.632 0.000 0.000 0.000 0.000 0.000 0.000 0.000 0.000 0.000 0.000 1.312 3.236 4.489 4.192 5.580 5.119 4.537 6.474 7.268 9.702 11.042 14.595 16.047 15.699 11.801 9.790 7.155 6.846 7.325 5.146 3.505 3.277 1.134 1.607 1.300 4.837 -999.250 -999.250 -999.250 -999.250 -999.250 -999.250 -999.250 -999.250 -999.250 -999.250 -999.250 -999.250 -999.250 -999.250 -999.250 -999.250 -999.250 -999.250 -999.250 -999.250 -999.250 -999.250
0.000 0.000 3.118 6.711 8.491 8.920 8.853 8.498 9.161 8.785 5.435 3.197 0.005 0.000 0.000 0.000 0.000 0.000 0.000 0.000 0.000 0.000 0.065 1.595 2.084 3.642 4.327 4.251 2.752 3.699 4.889 5.934 7.466 9.697 9.954 9.756 9.609 8.027 7.597 6.869 4.816 4.095 0.961 1.745 0.512 0.028 0.199 2.369 -999.250 -999.250 -999.250 -999.250 -999.250 -999.250 -999.250 -999.250 -999.250 -999.250 -999.250 -999.250 -999.250 -999.250 -999.250 -999.250 -999.250 -999.250 -999.250 -999.250 -999.250 -999.250
0.000 0.435 4.539 6.151 7.964 8.119 9.941 9.674 12.845 11.169 8.445 5.101 0.857 0.000 0.000 0.000 0.000 0.000 0.000 0.000 0.000 0.000 0.000 0.000 0.099 0.899 1.381 2.093 1.865 1.069 1.765 2.574 4.476 5.635 6.651 6.962 7.008 6.801 7.214 7.058 4.782 1.827 0.644 0.000 0.000 0.000 0.000 -999.250 -999.250 -999.250 -999.250 -999.250 -999.250 -999.250 -999.250 -999.250 -999.250 -999.250 -999.250 -999.250 -999.250 -999.250 -999.250 -999.250 -999.250 -999.250 -999.250 -999.250 -999.250 -999.250
0.000 0.809 5.122 8.034 7.321 7.437 8.733 10.523 12.080 17.334 10.398 7.686 2.550 0.000 0.000 0.000 0.000 0.000 0.000 0.000 0.000 0.000 0.000 0.000 0.000 0.000 0.000 0.386 0.000 0.000 0.000 0.000 0.561 4.223 5.809 4.265 6.124 4.942 5.946 5.713 2.396 0.692 0.000 0.000 0.000 0.000 0.000 -999.250 -999.250 -999.250 -999.250 -999.250 -999.250 -999.250 -999.250 -999.250 -999.250 -999.250 -999.250 -999.250 -999.250 -999.250 -999.250 -999.250 -999.250 -999.250 -999.250 -999.250 -999.250 -999.250
0.000 0.348 2.915 4.805 5.232 5.841 6.712 9.216 9.546 12.803 9.593 6.563 2.027 0.140 0.000 0.000 0.000 0.000 0.000 0.000 0.000 0.000 0.000 0.000 0.000 0.000 0.000 0.000 0.000 0.000 0.000 0.000 0.000 0.019 3.239 2.457 3.663 2.372 3.242 3.425 1.787 0.000 0.000 0.000 0.000 0.000 0.000 -999.250 -999.250 -999.250 -999.250 -999.250 -999.250 -999.250 -999.250 -999.250 -999.250 -999.250 -999.250 -999.250 -999.250 -999.250 -999.250 -999.250 -999.250 -999.250 -999.250 -999.250 -999.250 -999.250
0.000 0.000 0.611 2.069 2.459 3.691 5.877 7.152 8.510 9.324 8.922 6.607 2.789 1.215 0.000 0.000 0.000 0.000 0.000 0.000 0.000 0.000 0.000 0.000 0.000 0.000 0.000 0.000 0.000 0.000 0.000 0.000 0.000 0.000 0.233 0.737 0.528 1.635 2.460 0.792 0.000 0.000 0.000 0.000 0.000 0.000 -999.250 -999.250 -999.250 -999.250 -999.250 -999.250 -999.250 -999.250 -999.250 -999.250 -999.250 -999.250 -999.250 -999.250 -999.250 -999.250 -999.250 -999.250 -999.250 -999.250 -999.250 -999.250 -999.250 -999.250
0.000 0.000 0.000 0.000 0.191 1.933 3.917 4.777 6.327 7.381 7.873 5.704 3.551 2.078 0.000 0.000 0.000 0.000 0.000 0.000 0.000 0.000 0.000 0.000 0.000 0.000 0.000 0.000 0.000 0.000 0.000 0.000 0.000 0.000 0.000 0.000 0.000 0.614 0.007 0.000 0.000 0.000 0.000 0.000 0.000 0.000 -999.250 -999.250 -999.250 -999.250 -999.250 -999.250 -999.250 -999.250 -999.250 -999.250 -999.250 -999.250 -999.250 -999.250 -999.250 -999.250 -999.250 -999.250 -999.250 -999.250 -999.250 -999.250 -999.250 -999.250
0.000 0.000 0.000 0.000 0.000 0.000 1.937 1.920 3.952 5.629 6.968 5.989 6.314 2.602 0.356 0.000 0.000 0.000 0.000 0.000 0.000 0.000 0.000 0.000 0.000 0.000 0.000 0.000 0.000 0.000 0.000 0.000 0.000 0.000 0.000 0.000 0.000 0.000 0.000 0.000 0.000 0.000 0.000 0.000 0.000 -999.250 -999.250 -999.250 -999.250 -999.250 -999.250 -999.250 -999.250 -999.250 -999.250 -999.250 -999.250 -999.250 -999.250 -999.250 -999.250 -999.250 -999.250 -999.250 -999.250 -999.250 -999.250 -999.250 -999.250 -999.250
