data/medianmodel_05-Dec-2020.asc
ncols	141
nrows	288
xllcorner	-120191.398
yllcorner	-301404.813
cellsize	2000.000
NODATA_value	-999.250
[rows 203 to 231 of 288, columns 64 to 127 of 141]
471.445 461.017 474.591 514.319 506.642 480.052 459.905 452.260 440.983 423.977 387.173 427.435 405.206 397.747 390.040 347.170 375.356 401.815 417.349 431.356 442.123 464.746 524.400 557.858 607.608 656.643 685.006 774.718 798.356 788.836 802.845 -999.250 -999.250 -999.250 -999.250 -999.250 -999.250 -999.250 -999.250 -999.250 -999.250 -999.250 -999.250 -999.250 -999.250 -999.250 -999.250 -999.250 -999.250 -999.250 -999.250 -999.250 -999.250 -999.250 -999.250 -999.250 -999.250 -999.250 -999.250 -999.250 -999.250 -999.250 -999.250 -999.250
430.413 459.095 463.140 459.745 462.917 457.803 424.428 425.546 382.743 388.432 363.101 374.723 369.452 354.045 358.727 345.381 357.826 354.185 403.517 411.867 449.852 479.914 525.610 569.498 606.770 650.786 707.175 772.066 812.769 883.161 850.711 870.061 -999.250 -999.250 -999.250 -999.250 -999.250 -999.250 -999.250 -999.250 -999.250 -999.250 -999.250 -999.250 -999.250 -999.250 -999.250 -999.250 -999.250 -999.250 -999.250 -999.250 -999.250 -999.250 -999.250 -999.250 -999.250 -999.250 -999.250 -999.250 -999.250 -999.250 -999.250 -999.250
396.676 411.559 406.946 397.795 419.789 432.360 395.590 376.370 350.906 344.066 344.659 323.862 344.713 351.184 336.601 353.705 336.982 353.997 409.271 418.371 458.476 474.609 521.443 549.951 610.402 648.916 689.265 768.051 856.083 920.380 902.694 -999.250 -999.250 -999.250 -999.250 -999.250 -999.250 -999.250 -999.250 -999.250 -999.250 -999.250 -999.250 -999.250 -999.250 -999.250 -999.250 -999.250 -999.250 -999.250 -999.250 -999.250 -999.250 -999.250 -999.250 -999.250 -999.250 -999.250 -999.250 -999.250 -999.250 -999.250 -999.250 -999.250
366.851 348.776 388.194 351.735 356.288 358.292 350.302 350.664 337.752 342.675 301.772 305.783 322.960 333.843 340.532 335.522 340.224 321.233 364.005 392.575 435.330 449.326 491.341 552.459 594.549 623.149 762.529 779.874 848.904 897.140 942.097 977.409 -999.250 -999.250 -999.250 -999.250 -999.250 -999.250 -999.250 -999.250 -999.250 -999.250 -999.250 -999.250 -999.250 -999.250 -999.250 -999.250 -999.250 -999.250 -999.250 -999.250 -999.250 -999.250 -999.250 -999.250 -999.250 -999.250 -999.250 -999.250 -999.250 -999.250 -999.250 -999.250
299.748 303.566 322.973 325.421 316.005 325.954 337.788 332.780 327.653 280.898 295.507 288.463 282.126 305.324 293.472 297.881 302.709 304.008 336.136 366.635 433.105 445.146 479.827 538.290 574.227 647.309 702.878 796.278 849.226 888.136 939.146 1022.028 1068.556 -999.250 -999.250 -999.250 -999.250 -999.250 -999.250 -999.250 -999.250 -999.250 -999.250 -999.250 -999.250 -999.250 -999.250 -999.250 -999.250 -999.250 -999.250 -999.250 -999.250 -999.250 -999.250 -999.250 -999.250 -999.250 -999.250 -999.250 -999.250 -999.250 -999.250 -999.250
244.673 249.704 274.189 289.532 279.921 274.458 305.737 292.448 272.245 279.485 247.438 243.222 234.921 242.123 246.936 239.257 278.956 275.754 321.441 372.086 405.206 460.643 462.091 527.712 590.217 616.490 717.644 755.775 809.254 866.532 924.977 1020.828 1146.006 -999.250 -999.250 -999.250 -999.250 -999.250 -999.250 -999.250 -999.250 -999.250 -999.250 -999.250 -999.250 -999.250 -999.250 -999.250 -999.250 -999.250 -999.250 -999.250 -999.250 -999.250 -999.250 -999.250 -999.250 -999.250 -999.250 -999.250 -999.250 -999.250 -999.250 -999.250
210.297 211.329 223.350 235.712 248.509 254.127 255.006 273.048 234.798 219.099 224.701 228.121 209.666 206.363 207.403 224.650 235.476 241.758 286.167 334.363 395.569 429.476 473.909 509.999 561.596 623.515 685.860 740.919 777.000 827.486 893.239 953.579 1061.225 1039.286 -999.250 -999.250 -999.250 -999.250 -999.250 -999.250 -999.250 -999.250 -999.250 -999.250 -999.250 -999.250 -999.250 -999.250 -999.250 -999.250 -999.250 -999.250 -999.250 -999.250 -999.250 -999.250 -999.250 -999.250 -999.250 -999.250 -999.250 -999.250 -999.250 -999.250
170.883 159.324 171.458 203.291 222.128 237.363 250.331 230.949 208.181 208.877 203.933 197.087 170.157 172.501 155.893 196.883 210.676 246.478 267.236 319.663 363.493 389.201 427.187 473.871 528.467 580.330 630.276 692.632 760.100 830.641 880.899 933.207 945.638 1036.158 1013.258 -999.250 -999.250 -999.250 -999.250 -999.250 -999.250 -999.250 -999.250 -999.250 -999.250 -999.250 -999.250 -999.250 -999.250 -999.250 -999.250 -999.250 -999.250 -999.250 -999.250 -999.250 -999.250 -999.250 -999.250 -999.250 -999.250 -999.250 -999.250 -999.250
139.273 116.618 155.874 185.130 217.731 223.498 245.526 227.118 216.182 202.417 190.886 165.351 145.014 136.736 130.494 140.428 183.577 202.874 239.856 289.819 323.672 352.827 380.794 465.498 509.798 549.704 596.990 673.362 740.744 792.853 804.501 886.667 919.445 982.236 922.457 922.230 -999.250 -999.250 -999.250 -999.250 -999.250 -999.250 -999.250 -999.250 -999.250 -999.250 -999.250 -999.250 -999.250 -999.250 -999.250 -999.250 -999.250 -999.250 -999.250 -999.250 -999.250 -999.250 -999.250 -999.250 -999.250 -999.250 -999.250 -999.250
140.239 135.835 152.441 188.352 193.652 223.873 228.161 227.067 213.673 201.406 180.834 155.863 119.384 88.653 83.075 97.406 136.319 182.146 213.760 263.078 292.510 322.556 358.796 420.007 485.909 515.406 561.622 644.062 715.450 709.568 829.873 832.978 858.207 894.209 892.314 867.439 776.693 -999.250 -999.250 -999.250 -999.250 -999.250 -999.250 -999.250 -999.250 -999.250 -999.250 -999.250 -999.250 -999.250 -999.250 -999.250 -999.250 -999.250 -999.250 -999.250 -999.250 -999.250 -999.250 -999.250 -999.250 -999.250 -999.250 -999.250
131.605 146.256 171.157 189.449 211.288 225.019 217.780 225.783 222.321 184.267 176.402 138.037 105.724 66.306 17.159 63.836 105.760 141.237 172.168 226.556 269.218 304.280 347.305 410.171 443.994 471.334 517.985 591.296 636.019 725.929 768.122 782.418 777.718 808.979 825.116 822.446 803.045 -999.250 -999.250 -999.250 -999.250 -999.250 -999.250 -999.250 -999.250 -999.250 -999.250 -999.250 -999.250 -999.250 -999.250 -999.250 -999.250 -999.250 -999.250 -999.250 -999.250 -999.250 -999.250 -999.250 -999.250 -999.250 -999.250 -999.250
129.282 135.827 161.051 198.664 217.331 243.130 246.982 225.478 219.166 184.405 166.708 137.254 96.527 63.649 47.615 60.624 84.294 128.049 154.947 206.090 229.266 259.162 322.034 384.728 422.600 429.547 496.324 537.097 607.761 653.716 712.565 713.751 764.378 767.203 728.266 784.990 780.527 780.987 -999.250 -999.250 -999.250 -999.250 -999.250 -999.250 -999.250 -999.250 -999.250 -999.250 -999.250 -999.250 -999.250 -999.250 -999.250 -999.250 -999.250 -999.250 -999.250 -999.250 -999.250 -999.250 -999.250 -999.250 -999.250 -999.250
116.318 132.128 165.220 210.947 249.178 292.710 269.262 278.336 253.406 199.679 162.442 133.520 111.898 80.691 69.723 71.539 92.475 114.871 145.378 185.489 201.995 235.695 320.097 341.508 356.024 398.928 442.971 525.044 539.524 585.839 593.052 638.196 633.984 648.789 663.617 721.291 679.722 704.704 686.419 -999.250 -999.250 -999.250 -999.250 -999.250 -999.250 -999.250 -999.250 -999.250 -999.250 -999.250 -999.250 -999.250 -999.250 -999.250 -999.250 -999.250 -999.250 -999.250 -999.250 -999.250 -999.250 -999.250 -999.250 -999.250
96.836 115.850 159.632 218.108 281.385 309.122 301.834 282.972 251.927 214.444 166.582 123.677 109.124 86.998 82.632 80.066 105.203 129.441 135.540 177.588 190.508 235.264 268.600 287.138 327.495 352.739 410.640 458.596 529.632 539.689 545.604 571.376 579.368 610.208 614.044 612.552 658.740 665.372 649.798 -999.250 -999.250 -999.250 -999.250 -999.250 -999.250 -999.250 -999.250 -999.250 -999.250 -999.250 -999.250 -999.250 -999.250 -999.250 -999.250 -999.250 -999.250 -999.250 -999.250 -999.250 -999.250 -999.250 -999.250 -999.250
96.184 80.743 179.370 264.181 314.562 355.499 355.535 327.841 289.489 224.414 174.177 108.893 112.973 109.005 115.016 101.105 113.693 130.619 141.137 161.559 179.728 218.686 224.314 254.998 267.751 302.632 354.906 398.233 447.274 466.640 514.896 516.540 524.817 542.832 584.909 642.980 610.134 611.650 593.222 -999.250 -999.250 -999.250 -999.250 -999.250 -999.250 -999.250 -999.250 -999.250 -999.250 -999.250 -999.250 -999.250 -999.250 -999.250 -999.250 -999.250 -999.250 -999.250 -999.250 -999.250 -999.250 -999.250 -999.250 -999.250
139.001 154.853 215.745 272.009 358.380 416.179 418.896 359.136 312.509 254.542 205.712 161.096 137.663 123.199 114.573 110.076 125.984 130.076 143.052 161.690 169.591 192.866 202.216 210.115 237.525 272.379 310.100 347.568 358.918 400.696 424.729 449.496 482.794 490.045 541.893 554.407 570.692 568.979 543.966 514.724 -999.250 -999.250 -999.250 -999.250 -999.250 -999.250 -999.250 443.827 -999.250 -999.250 -999.250 -999.250 -999.250 -999.250 -999.250 -999.250 -999.250 -999.250 -999.250 -999.250 -999.250 -999.250 -999.250 -999.250
164.038 211.129 277.601 327.283 378.974 441.785 463.646 459.990 354.652 298.043 240.334 198.228 181.562 145.467 132.072 142.374 141.177 141.731 149.883 162.686 180.136 181.503 176.576 191.715 192.613 215.779 243.109 258.999 268.835 306.425 352.817 368.512 418.503 458.707 465.560 474.685 513.114 512.783 499.941 501.835 497.090 -999.250 -999.250 -999.250 449.617 450.543 437.810 411.770 -999.250 -999.250 -999.250 -999.250 -999.250 -999.250 -999.250 -999.250 -999.250 -999.250 -999.250 -999.250 -999.250 -999.250 -999.250 -999.250
213.107 251.181 308.196 367.356 426.293 482.108 522.307 488.841 414.588 337.294 261.103 223.194 195.451 166.472 160.557 150.147 154.262 142.265 143.981 164.572 172.352 163.936 173.788 179.624 176.557 177.015 183.714 196.734 200.821 234.703 266.722 284.470 351.945 356.729 414.801 410.165 433.107 445.069 456.458 466.974 452.834 -999.250 447.081 434.858 408.775 433.072 426.095 -999.250 -999.250 -999.250 -999.250 -999.250 -999.250 -999.250 -999.250 -999.250 -999.250 -999.250 -999.250 -999.250 -999.250 -999.250 -999.250 -999.250
221.509 270.175 313.513 344.321 431.029 475.437 501.555 471.102 431.901 343.911 267.427 237.952 204.886 187.236 177.986 183.099 169.423 154.677 159.613 163.642 175.105 161.218 161.906 156.602 158.275 141.699 137.276 128.659 129.665 166.897 212.151 249.037 282.802 323.961 342.600 376.156 410.210 413.164 429.120 412.727 435.940 420.456 422.231 367.197 387.824 378.242 367.669 -999.250 -999.250 -999.250 -999.250 -999.250 -999.250 -999.250 -999.250 -999.250 -999.250 -999.250 -999.250 -999.250 -999.250 -999.250 -999.250 -999.250
233.393 268.485 305.417 351.578 402.900 437.521 448.290 448.609 409.549 332.793 283.003 248.659 214.276 187.562 196.210 183.944 183.660 176.411 172.367 186.378 173.543 172.038 154.403 147.718 144.645 125.301 112.943 77.780 29.159 110.024 175.959 212.969 261.188 281.564 302.680 316.627 347.719 396.620 376.153 382.917 363.435 353.218 353.747 343.858 347.565 360.381 350.392 -999.250 -999.250 -999.250 -999.250 -999.250 -999.250 -999.250 -999.250 -999.250 -999.250 -999.250 -999.250 -999.250 -999.250 -999.250 -999.250 -999.250
227.443 261.499 281.045 319.341 359.355 382.317 397.466 365.793 361.080 344.802 313.457 243.721 223.018 215.801 200.044 190.398 206.781 190.601 181.474 179.652 170.598 170.012 167.555 157.869 142.876 112.111 106.424 84.065 68.168 100.419 150.522 193.960 223.733 258.003 289.281 311.856 321.644 341.737 341.149 353.784 333.780 323.690 326.135 338.250 321.159 330.905 332.558 -999.250 -999.250 -999.250 -999.250 -999.250 -999.250 -999.250 -999.250 -999.250 -999.250 -999.250 -999.250 -999.250 -999.250 -999.250 -999.250 -999.250
219.559 253.731 256.306 276.639 318.423 340.569 337.993 323.979 324.517 295.649 269.748 248.826 234.116 219.829 196.121 193.032 187.573 185.004 191.309 188.774 186.920 189.132 170.312 158.643 151.021 137.111 122.919 116.463 101.064 131.408 153.711 187.262 221.934 243.936 261.534 288.886 303.432 314.743 313.047 324.828 317.625 329.896 314.507 318.629 322.128 343.056 -999.250 -999.250 -999.250 -999.250 -999.250 -999.250 -999.250 -999.250 -999.250 -999.250 -999.250 -999.250 -999.250 -999.250 -999.250 -999.250 -999.250 -999.250
206.531 217.985 224.132 238.344 256.488 289.674 283.591 293.367 273.606 264.431 250.185 230.025 216.144 224.539 208.396 184.989 196.029 206.775 204.911 206.998 212.934 187.599 189.883 174.484 154.005 141.761 144.949 130.944 127.501 138.311 148.256 187.321 218.349 234.042 232.175 255.295 273.183 280.934 287.620 299.886 294.433 298.467 289.425 293.458 303.001 309.496 -999.250 -999.250 -999.250 -999.250 -999.250 -999.250 -999.250 -999.250 -999.250 -999.250 -999.250 -999.250 -999.250 -999.250 -999.250 -999.250 -999.250 -999.250
195.261 201.115 205.388 238.111 218.484 235.478 242.166 251.031 246.937 238.136 231.692 226.670 217.301 229.021 199.101 208.829 208.439 217.406 232.515 230.144 209.221 202.335 198.376 205.981 195.378 169.171 166.710 156.509 154.743 153.797 170.889 182.450 208.133 242.864 249.960 245.029 232.006 267.629 270.819 271.242 267.858 275.806 269.668 282.547 277.916 290.351 -999.250 -999.250 -999.250 -999.250 -999.250 -999.250 -999.250 -999.250 -999.250 -999.250 -999.250 -999.250 -999.250 -999.250 -999.250 -999.250 -999.250 -999.250
166.368 183.478 185.063 193.085 194.118 202.284 194.381 204.025 190.282 209.596 209.820 217.007 225.086 213.417 217.145 218.272 239.979 235.265 228.118 245.272 214.181 215.429 245.853 237.880 218.355 199.067 193.476 187.716 181.838 193.464 195.102 204.478 222.492 239.271 237.814 239.080 219.619 241.326 250.836 245.271 261.736 271.907 255.191 271.026 287.819 -999.250 -999.250 -999.250 -999.250 -999.250 -999.250 -999.250 -999.250 -999.250 -999.250 -999.250 -999.250 -999.250 -999.250 -999.250 -999.250 -999.250 -999.250 -999.250
142.977 154.595 152.262 174.899 155.807 149.143 140.854 159.993 179.543 181.642 219.492 214.074 226.267 225.413 232.832 244.875 249.445 246.669 274.097 286.079 269.001 263.542 269.624 253.870 248.074 227.951 206.618 203.695 212.947 197.584 211.909 223.298 216.730 235.796 253.094 221.569 210.134 228.124 249.546 234.638 -999.250 -999.250 255.365 259.357 265.061 -999.250 -999.250 -999.250 -999.250 -999.250 -999.250 -999.250 -999.250 -999.250 -999.250 -999.250 -999.250 -999.250 -999.250 -999.250 -999.250 -999.250 -999.250 -999.250
133.507 127.639 150.824 150.714 130.618 114.172 77.429 122.014 153.751 173.954 199.696 225.399 236.159 228.086 244.791 261.331 265.551 253.119 285.511 298.453 292.423 274.335 290.109 286.220 260.544 240.063 250.047 238.792 227.446 225.196 217.461 217.298 238.104 235.685 252.484 226.631 234.143 241.877 236.896 234.810 -999.250 -999.250 -999.250 -999.250 -999.250 -999.250 -999.250 -999.250 -999.250 -999.250 -999.250 -999.250 -999.250 -999.250 -999.250 -999.250 -999.250 -999.250 -999.250 -999.250 -999.250 -999.250 -999.250 -999.250
124.578 121.650 130.268 134.501 129.111 104.532 108.342 127.215 148.736 159.866 197.084 205.928 229.405 231.060 255.402 275.968 282.124 283.378 322.622 313.851 330.419 310.887 313.458 305.481 302.714 297.278 273.652 273.437 251.351 257.415 254.941 227.074 226.926 238.092 251.803 266.240 -999.250 -999.250 238.413 -999.250 -999.250 -999.250 -999.250 -999.250 -999.250 -999.250 -999.250 -999.250 -999.250 -999.250 -999.250 -999.250 -999.250 -999.250 -999.250 -999.250 -999.250 -999.250 -999.250 -999.250 -999.250 -999.250 -999.250 -999.250
118.235 130.189 127.132 122.594 124.000 123.672 120.161 140.546 149.927 167.031 194.351 210.983 230.687 236.830 256.388 281.727 293.599 297.341 316.718 348.033 352.237 348.779 347.385 346.417 329.793 312.597 299.332 315.022 286.273 271.008 267.375 236.850 248.253 254.625 -999.250 -999.250 -999.250 -999.250 -999.250 -999.250 -999.250 -999.250 -999.250 -999.250 -999.250 -999.250 -999.250 -999.250 -999.250 -999.250 -999.250 -999.250 -999.250 -999.250 -999.250 -999.250 -999.250 -999.250 -999.250 -999.250 -999.250 -999.250 -999.250 -999.250
