data/medianmodel_28-Jun-2020.asc
ncols	141
nrows	288
xllcorner	-120191.398
yllcorner	-301404.813
cellsize	2000.000
NODATA_value	-999.250
[rows 240 to 269 of 288, columns 0 to 68 of 141]
-999.250 -999.250 -999.250 -999.250 -999.250 -999.250 -999.250 -999.250 -999.250 -999.250 -999.250 -999.250 -999.250 -999.250 -999.250 -999.250 -999.250 -999.250 -999.250 -999.250 -999.250 -999.250 -999.250 -999.250 -999.250 -999.250 -999.250 -999.250 -999.250 -999.250 4.767 4.409 1.254 1.290 0.000 0.000 0.000 0.000 0.000 0.000 0.000 0.000 0.000 1.223 2.829 3.088 3.590 3.533 4.026 7.697 7.030 7.419 6.941 6.428 6.096 5.659 3.874 3.167 1.755 0.000 0.000 0.000 0.000 0.000 0.000 0.000 0.000 0.000 0.000
-999.250 -999.250 -999.250 -999.250 -999.250 -999.250 -999.250 -999.250 -999.250 -999.250 -999.250 -999.250 -999.250 -999.250 -999.250 -999.250 -999.250 -999.250 -999.250 -999.250 -999.250 -999.250 -999.250 -999.250 -999.250 -999.250 -999.250 -999.250 -999.250 -999.250 4.709 3.862 0.480 0.689 0.000 0.000 0.000 0.000 0.000 0.000 0.000 0.000 1.382 1.761 2.772 4.506 5.331 5.494 8.357 7.603 8.778 12.434 12.823 10.046 10.088 9.223 8.468 4.498 3.433 1.020 0.000 0.000 0.000 0.000 0.000 0.000 0.000 0.000 0.000
-999.250 -999.250 -999.250 -999.250 -999.250 -999.250 -999.250 -999.250 -999.250 -999.250 -999.250 -999.250 -999.250 -999.250 -999.250 -999.250 -999.250 -999.250 -999.250 -999.250 -999.250 -999.250 -999.250 -999.250 -999.250 -999.250 -999.250 -999.250 -999.250 -999.250 4.212 3.195 2.911 1.233 0.381 0.000 0.000 0.000 0.000 0.000 0.000 0.219 1.399 4.075 3.717 5.725 7.115 10.869 11.941 10.856 11.198 12.299 13.477 14.582 14.262 15.516 11.961 9.362 4.573 2.370 0.532 0.000 0.000 0.000 0.000 0.000 0.000 0.000 0.000
-999.250 -999.250 -999.250 -999.250 -999.250 -999.250 -999.250 -999.250 -999.250 -999.250 -999.250 -999.250 -999.250 -999.250 -999.250 -999.250 -999.250 -999.250 -999.250 -999.250 -999.250 -999.250 -999.250 -999.250 -999.250 -999.250 -999.250 -999.250 -999.250 -999.250 4.580 3.027 1.555 0.000 0.457 0.000 0.000 0.000 0.000 0.000 0.000 0.207 1.647 4.695 6.093 5.925 9.181 9.815 14.238 14.309 15.376 18.800 17.217 19.940 17.537 18.743 15.868 11.436 8.195 4.757 0.746 0.000 0.000 0.000 0.000 0.000 0.000 0.000 0.000
-999.250 -999.250 -999.250 -999.250 -999.250 -999.250 -999.250 -999.250 -999.250 -999.250 -999.250 -999.250 -999.250 -999.250 -999.250 -999.250 -999.250 -999.250 -999.250 -999.250 -999.250 -999.250 -999.250 -999.250 -999.250 -999.250 -999.250 -999.250 -999.250 -999.250 3.698 2.970 2.476 0.740 0.000 0.000 0.000 0.000 0.000 0.000 0.000 0.068 2.384 4.738 5.995 5.548 10.515 12.598 15.184 16.039 21.288 20.648 22.068 24.446 28.650 24.396 20.810 17.435 10.444 5.141 0.921 0.000 0.000 0.000 0.000 0.000 0.000 0.000 0.000
-999.250 -999.250 -999.250 -999.250 -999.250 -999.250 -999.250 -999.250 -999.250 -999.250 -999.250 -999.250 -999.250 -999.250 -999.250 -999.250 -999.250 -999.250 -999.250 -999.250 -999.250 -999.250 -999.250 -999.250 -999.250 -999.250 -999.250 -999.250 -999.250 -999.250 -999.250 3.569 3.460 1.599 0.221 0.000 0.000 0.000 0.000 0.000 0.000 0.055 3.574 5.849 6.304 6.283 9.320 13.929 16.809 26.033 24.736 27.562 29.609 31.533 35.504 29.355 24.956 17.056 13.046 6.695 1.854 0.000 0.000 0.000 0.000 0.000 0.000 0.000 0.000
-999.250 -999.250 -999.250 -999.250 -999.250 -999.250 -999.250 -999.250 -999.250 -999.250 -999.250 -999.250 -999.250 -999.250 -999.250 -999.250 -999.250 -999.250 -999.250 -999.250 -999.250 -999.250 -999.250 -999.250 -999.250 -999.250 -999.250 -999.250 -999.250 -999.250 -999.250 2.700 2.353 0.000 0.000 0.000 0.000 0.000 0.000 0.000 0.000 1.076 2.947 3.936 5.094 7.879 11.910 15.562 18.378 22.541 28.146 32.058 38.545 41.935 39.656 38.203 32.739 21.848 14.117 8.334 3.763 0.000 0.000 0.000 0.000 0.000 0.000 0.000 0.000
-999.250 -999.250 -999.250 -999.250 -999.250 -999.250 -999.250 -999.250 -999.250 -999.250 -999.250 -999.250 -999.250 -999.250 -999.250 -999.250 -999.250 -999.250 -999.250 -999.250 -999.250 -999.250 -999.250 -999.250 -999.250 -999.250 -999.250 -999.250 -999.250 -999.250 4.292 1.848 2.350 0.000 0.000 0.000 0.000 0.000 0.000 0.000 0.000 0.841 1.960 4.316 6.262 8.139 14.444 16.674 21.884 26.560 29.078 33.989 36.296 44.219 45.820 47.561 40.361 29.481 18.443 10.299 4.358 1.646 0.000 0.000 0.000 0.000 0.000 0.000 0.000
-999.250 -999.250 -999.250 -999.250 -999.250 -999.250 -999.250 -999.250 -999.250 -999.250 -999.250 -999.250 -999.250 -999.250 -999.250 -999.250 -999.250 -999.250 -999.250 -999.250 -999.250 -999.250 -999.250 -999.250 -999.250 -999.250 -999.250 -999.250 -999.250 -999.250 4.830 3.572 1.175 0.000 0.000 0.000 0.000 0.000 0.000 0.000 0.000 0.000 2.332 3.626 5.349 9.090 13.315 15.075 20.306 27.559 33.598 36.474 43.351 50.851 53.127 55.981 47.211 33.057 17.752 11.721 6.251 3.798 0.000 0.000 0.000 0.000 0.000 0.000 0.000
-999.250 -999.250 -999.250 -999.250 -999.250 -999.250 -999.250 -999.250 -999.250 -999.250 -999.250 -999.250 -999.250 -999.250 -999.250 -999.250 -999.250 -999.250 -999.250 -999.250 -999.250 -999.250 -999.250 -999.250 -999.250 -999.250 -999.250 -999.250 -999.250 -999.250 5.016 3.556 1.761 0.000 0.000 0.000 0.000 0.000 0.000 0.000 0.000 1.880 2.600 4.399 6.013 12.024 15.285 16.145 23.112 28.960 32.462 37.210 42.251 51.904 57.159 65.118 47.919 33.184 20.604 12.614 7.220 4.080 0.991 0.000 0.000 0.000 0.000 0.000 0.000
-999.250 -999.250 -999.250 -999.250 -999.250 -999.250 -999.250 -999.250 -999.250 -999.250 -999.250 -999.250 -999.250 -999.250 -999.250 -999.250 -999.250 -999.250 -999.250 -999.250 -999.250 -999.250 -999.250 -999.250 -999.250 -999.250 -999.250 -999.250 -999.250 -999.250 3.980 4.845 2.064 0.224 0.000 0.000 0.000 0.000 0.000 0.000 1.477 0.906 3.398 4.449 8.103 10.413 16.755 22.575 20.756 24.234 30.662 35.402 43.151 49.476 54.019 49.782 44.863 32.048 21.933 14.323 8.856 3.623 0.014 0.000 0.000 0.000 0.000 0.000 0.000
-999.250 -999.250 -999.250 -999.250 -999.250 -999.250 -999.250 -999.250 -999.250 -999.250 -999.250 -999.250 -999.250 -999.250 -999.250 -999.250 -999.250 -999.250 -999.250 -999.250 -999.250 -999.250 -999.250 -999.250 -999.250 -999.250 -999.250 -999.250 -999.250 -999.250 4.106 4.182 3.384 1.764 0.000 0.076 0.000 0.000 0.323 4.046 1.417 2.223 3.264 5.135 8.681 10.011 12.691 18.280 18.041 26.956 30.696 37.524 43.502 42.971 39.831 43.189 35.623 26.798 19.944 16.287 8.633 5.726 2.129 0.000 0.000 0.000 0.000 0.000 0.000
-999.250 -999.250 -999.250 -999.250 -999.250 -999.250 -999.250 -999.250 -999.250 -999.250 -999.250 -999.250 -999.250 -999.250 -999.250 -999.250 -999.250 -999.250 -999.250 -999.250 -999.250 -999.250 -999.250 -999.250 -999.250 -999.250 -999.250 -999.250 -999.250 6.899 4.465 3.768 1.835 2.142 0.000 1.225 0.000 0.816 0.343 2.662 2.841 4.425 5.558 7.315 9.127 11.851 16.542 20.195 20.433 26.205 30.315 35.502 37.950 40.765 35.164 36.360 32.636 23.661 16.793 12.533 8.164 5.610 1.503 0.000 0.000 0.000 0.000 0.000 0.000
-999.250 -999.250 -999.250 -999.250 -999.250 -999.250 -999.250 -999.250 -999.250 -999.250 -999.250 -999.250 -999.250 -999.250 -999.250 -999.250 -999.250 -999.250 -999.250 -999.250 -999.250 -999.250 -999.250 -999.250 -999.250 -999.250 -999.250 -999.250 -999.250 -999.250 4.398 2.004 2.359 0.446 0.474 1.898 0.004 0.993 1.376 4.618 3.620 3.333 5.332 8.029 9.033 14.884 14.182 20.434 21.704 28.265 29.747 35.264 37.132 33.030 33.282 33.097 29.097 22.648 13.763 11.643 6.376 3.998 1.233 0.000 0.000 0.000 0.000 0.000 0.000
-999.250 -999.250 -999.250 -999.250 -999.250 -999.250 -999.250 -999.250 -999.250 -999.250 -999.250 -999.250 -999.250 -999.250 -999.250 -999.250 -999.250 -999.250 -999.250 -999.250 -999.250 -999.250 -999.250 -999.250 -999.250 -999.250 -999.250 -999.250 -999.250 -999.250 4.982 3.458 1.935 1.377 3.453 1.917 2.557 3.902 4.570 4.598 3.821 5.455 5.054 9.605 8.937 14.368 14.699 20.669 23.851 30.155 27.919 32.936 29.591 29.832 28.025 29.448 25.686 18.259 14.927 8.458 6.044 2.413 0.141 0.000 0.000 0.000 0.000 0.000 0.000
-999.250 -999.250 -999.250 -999.250 -999.250 -999.250 -999.250 -999.250 -999.250 -999.250 -999.250 -999.250 -999.250 -999.250 -999.250 -999.250 -999.250 -999.250 -999.250 -999.250 -999.250 -999.250 -999.250 -999.250 -999.250 -999.250 -999.250 -999.250 -999.250 -999.250 -999.250 3.282 3.039 1.337 4.006 4.201 5.450 6.431 5.680 7.755 8.375 8.871 10.463 11.649 11.921 15.106 16.762 22.262 26.234 26.352 26.933 25.037 27.544 28.051 26.368 27.127 20.354 17.074 11.271 8.143 4.854 2.684 0.229 0.000 0.000 0.000 0.000 0.000 0.000
-999.250 -999.250 -999.250 -999.250 -999.250 -999.250 -999.250 -999.250 -999.250 -999.250 -999.250 -999.250 -999.250 -999.250 -999.250 -999.250 -999.250 -999.250 -999.250 -999.250 -999.250 -999.250 -999.250 -999.250 -999.250 -999.250 -999.250 -999.250 -999.250 -999.250 -999.250 4.332 3.247 0.992 4.890 4.218 6.049 9.962 11.266 12.793 13.461 17.561 16.201 16.540 18.924 19.886 18.098 22.923 27.827 24.950 24.709 27.948 19.734 19.908 17.583 18.330 15.739 13.544 10.005 6.389 4.560 1.849 0.054 0.000 0.000 0.000 0.000 0.000 0.000
-999.250 -999.250 -999.250 -999.250 -999.250 -999.250 -999.250 -999.250 -999.250 -999.250 -999.250 -999.250 -999.250 -999.250 -999.250 -999.250 -999.250 -999.250 -999.250 -999.250 -999.250 -999.250 -999.250 -999.250 -999.250 -999.250 -999.250 -999.250 -999.250 -999.250 4.059 3.175 3.670 4.092 7.669 5.892 9.297 12.307 15.400 15.905 19.688 19.549 20.863 20.389 19.565 21.384 20.795 22.341 27.611 24.967 23.807 22.481 18.818 16.297 14.999 16.694 13.701 11.194 7.370 4.247 3.072 0.454 0.000 0.000 0.000 0.000 0.000 0.000 0.000
-999.250 -999.250 -999.250 -999.250 -999.250 -999.250 -999.250 -999.250 -999.250 -999.250 -999.250 -999.250 -999.250 -999.250 -999.250 -999.250 -999.250 -999.250 -999.250 -999.250 -999.250 -999.250 -999.250 -999.250 -999.250 -999.250 -999.250 -999.250 -999.250 -999.250 2.779 2.354 2.829 5.878 6.939 6.967 16.071 16.589 19.729 21.359 23.015 23.773 31.524 29.152 24.026 24.093 21.625 26.617 26.798 28.951 22.319 17.831 14.067 15.485 13.259 11.380 13.063 10.528 7.399 4.996 1.158 0.164 0.000 0.000 0.000 0.000 0.000 0.000 0.000
-999.250 -999.250 -999.250 -999.250 -999.250 -999.250 -999.250 -999.250 -999.250 -999.250 -999.250 -999.250 -999.250 -999.250 -999.250 -999.250 -999.250 -999.250 -999.250 -999.250 -999.250 -999.250 -999.250 -999.250 -999.250 -999.250 -999.250 -999.250 -999.250 -999.250 0.000 2.181 3.995 6.863 9.725 12.723 18.246 23.849 26.216 32.853 30.959 35.708 36.028 35.987 39.525 28.764 28.217 28.883 29.874 25.616 20.641 17.153 13.696 11.319 8.912 8.104 8.570 5.292 4.181 2.054 0.079 0.000 0.000 0.000 0.000 0.000 0.000 0.000 0.000
-999.250 -999.250 -999.250 -999.250 -999.250 -999.250 -999.250 -999.250 -999.250 -999.250 -999.250 -999.250 -999.250 -999.250 -999.250 -999.250 -999.250 -999.250 -999.250 -999.250 -999.250 -999.250 -999.250 -999.250 -999.250 -999.250 -999.250 -999.250 -999.250 -999.250 0.000 2.018 4.415 8.084 11.320 15.830 24.527 29.853 35.935 34.031 40.675 43.038 42.293 45.109 39.655 34.866 31.224 28.623 26.044 27.148 21.369 17.056 14.485 9.962 7.003 6.807 5.910 4.922 4.054 2.076 0.000 0.000 0.000 0.000 0.000 0.000 0.000 0.000 0.000
-999.250 -999.250 -999.250 -999.250 -999.250 -999.250 -999.250 -999.250 -999.250 -999.250 -999.250 -999.250 -999.250 -999.250 -999.250 -999.250 -999.250 -999.250 -999.250 -999.250 -999.250 -999.250 -999.250 -999.250 -999.250 -999.250 -999.250 -999.250 -999.250 -999.250 0.000 1.471 5.300 10.652 14.902 21.801 33.246 36.560 38.761 46.603 48.095 53.305 52.666 55.701 51.767 39.880 33.264 31.557 31.424 22.623 20.160 18.339 13.286 11.699 6.606 5.406 5.465 4.425 1.469 0.252 0.000 0.000 0.000 0.000 0.000 0.000 0.000 0.000 0.000
-999.250 -999.250 -999.250 -999.250 -999.250 -999.250 -999.250 -999.250 -999.250 -999.250 -999.250 -999.250 -999.250 -999.250 -999.250 -999.250 -999.250 -999.250 -999.250 -999.250 -999.250 -999.250 -999.250 -999.250 -999.250 -999.250 -999.250 -999.250 -999.250 -999.250 0.000 0.000 5.073 10.903 21.440 29.339 38.132 47.292 48.031 52.322 54.181 55.747 58.129 57.413 57.142 43.810 35.772 34.849 30.177 22.028 19.064 15.842 12.638 8.446 6.153 4.837 2.971 2.230 0.599 0.000 0.000 0.000 0.000 0.000 0.000 0.000 0.000 0.000 0.000
-999.250 -999.250 -999.250 -999.250 -999.250 -999.250 -999.250 -999.250 -999.250 -999.250 -999.250 -999.250 -999.250 -999.250 -999.250 -999.250 -999.250 -999.250 -999.250 -999.250 -999.250 -999.250 -999.250 -999.250 -999.250 -999.250 -999.250 -999.250 -999.250 0.000 0.000 1.154 6.994 13.373 25.525 39.147 46.520 53.153 56.934 60.034 71.116 62.201 60.182 62.551 61.940 47.633 38.401 35.979 34.510 27.880 23.839 17.453 13.381 8.474 6.298 4.048 3.054 0.888 0.744 0.649 0.000 0.000 0.000 0.000 0.000 0.000 0.000 0.000 0.000
-999.250 -999.250 -999.250 -999.250 -999.250 -999.250 -999.250 -999.250 -999.250 -999.250 -999.250 -999.250 -999.250 -999.250 -999.250 -999.250 -999.250 -999.250 -999.250 -999.250 -999.250 -999.250 -999.250 -999.250 -999.250 -999.250 -999.250 -999.250 -999.250 0.000 0.000 2.797 8.506 16.742 29.871 43.481 54.166 61.796 77.476 77.780 83.173 78.481 67.741 68.620 62.616 60.942 50.181 44.433 34.333 29.562 20.982 15.186 12.700 8.327 6.816 6.557 2.915 1.577 0.000 0.000 0.000 0.000 0.000 0.000 0.000 0.000 0.000 0.000 0.000
-999.250 -999.250 -999.250 -999.250 -999.250 -999.250 -999.250 -999.250 -999.250 -999.250 -999.250 -999.250 -999.250 -999.250 -999.250 -999.250 -999.250 -999.250 -999.250 -999.250 -999.250 -999.250 -999.250 -999.250 -999.250 -999.250 -999.250 -999.250 0.000 0.000 0.000 3.701 11.712 19.756 35.671 42.568 63.720 75.813 83.134 92.079 98.931 90.785 82.830 75.167 73.891 57.608 48.770 43.841 30.601 26.271 20.354 14.684 12.137 5.854 7.731 4.841 1.927 1.918 0.000 0.000 0.000 0.000 0.000 0.000 0.000 0.000 0.000 0.000 0.000
-999.250 -999.250 -999.250 -999.250 -999.250 -999.250 -999.250 -999.250 -999.250 -999.250 -999.250 -999.250 -999.250 -999.250 -999.250 -999.250 -999.250 -999.250 -999.250 -999.250 -999.250 -999.250 -999.250 -999.250 -999.250 -999.250 -999.250 -999.250 0.000 0.000 0.000 4.174 12.743 26.880 40.464 49.404 70.919 86.285 93.197 112.670 111.394 108.421 84.265 80.947 64.908 60.258 50.364 41.561 32.731 24.735 19.833 12.055 8.879 7.876 6.453 5.847 2.520 1.634 0.000 0.000 0.000 0.000 0.000 0.000 0.000 0.000 0.000 0.000 0.000
-999.250 -999.250 -999.250 -999.250 -999.250 -999.250 -999.250 -999.250 -999.250 -999.250 -999.250 -999.250 -999.250 -999.250 -999.250 -999.250 -999.250 -999.250 -999.250 -999.250 -999.250 -999.250 -999.250 -999.250 -999.250 -999.250 -999.250 0.000 0.000 0.000 0.000 5.111 15.757 31.474 45.677 56.628 78.297 97.101 95.482 115.490 137.877 111.178 94.462 70.233 58.050 55.652 51.484 48.544 31.283 22.786 14.017 14.436 9.278 6.262 5.705 5.975 5.157 0.515 0.000 0.000 0.000 0.000 0.000 0.000 0.000 0.000 0.000 0.000 0.000
-999.250 -999.250 -999.250 -999.250 -999.250 -999.250 -999.250 -999.250 -999.250 -999.250 -999.250 -999.250 -999.250 -999.250 -999.250 -999.250 -999.250 -999.250 -999.250 -999.250 -999.250 -999.250 -999.250 -999.250 -999.250 -999.250 -999.250 0.000 0.000 0.000 0.000 10.498 25.415 35.858 51.912 63.043 69.749 79.315 90.639 110.379 109.587 107.052 85.837 70.081 56.417 53.582 47.840 34.819 28.354 21.870 15.539 11.343 9.130 7.781 7.681 5.876 5.607 2.933 2.441 0.561 0.000 0.000 0.000 0.000 0.000 0.000 0.000 0.000 0.000
-999.250 -999.250 -999.250 -999.250 -999.250 -999.250 -999.250 -999.250 -999.250 -999.250 -999.250 -999.250 -999.250 -999.250 -999.250 -999.250 -999.250 -999.250 -999.250 -999.250 -999.250 -999.250 -999.250 -999.250 -999.250 -999.250 -999.250 0.000 2.804 5.252 11.110 22.935 36.829 45.344 57.181 63.139 66.492 76.803 86.138 93.755 96.375 86.944 77.555 60.589 56.234 46.943 37.086 31.400 23.440 17.083 14.067 11.367 11.769 9.624 9.107 7.107 6.781 6.280 5.183 2.260 1.023 0.000 0.000 0.000 0.000 0.000 0.000 0.000 0.000
