data/medianmodel_11-Nov-2020.asc
ncols	141
nrows	288
xllcorner	-120191.398
yllcorner	-301404.813
cellsize	2000.000
NODATA_value	-999.250
[rows 0 to 28 of 288, columns 65 to 129 of 141]
-999.250 -999.250 -999.250 -999.250 -999.250 -999.250 -999.250 -999.250 -999.250 -999.250 -999.250 -999.250 -999.250 -999.250 -999.250 -999.250 -999.250 -999.250 -999.250 -999.250 -999.250 -999.250 -999.250 -999.250 -999.250 -999.250 -999.250 -999.250 -999.250 -999.250 -999.250 -999.250 -999.250 -999.250 -999.250 -999.250 -999.250 -999.250 -999.250 -999.250 -999.250 -999.250 -999.250 -999.250 -999.250 -999.250 -999.250 -999.250 -999.250 -999.250 -999.250 -999.250 -999.250 -999.250 -999.250 -999.250 -999.250 -999.250 -999.250 -999.250 -999.250 -999.250 -999.250 -999.250 -999.250
-999.250 -999.250 -999.250 -999.250 -999.250 -999.250 -999.250 -999.250 -999.250 -999.250 -999.250 -999.250 -999.250 -999.250 -999.250 -999.250 -999.250 -999.250 -999.250 -999.250 -999.250 -999.250 -999.250 -999.250 -999.250 -999.250 -999.250 -999.250 -999.250 -999.250 -999.250 -999.250 -999.250 -999.250 -999.250 -999.250 -999.250 -999.250 -999.250 -999.250 -999.250 -999.250 -999.250 -999.250 -999.250 -999.250 -999.250 -999.250 -999.250 -999.250 -999.250 -999.250 -999.250 -999.250 -999.250 -999.250 -999.250 -999.250 -999.250 -999.250 -999.250 -999.250 -999.250 -999.250 -999.250
-999.250 -999.250 -999.250 -999.250 -999.250 -999.250 -999.250 -999.250 -999.250 -999.250 -999.250 -999.250 -999.250 -999.250 -999.250 -999.250 -999.250 -999.250 -999.250 -999.250 -999.250 -999.250 -999.250 -999.250 -999.250 -999.250 -999.250 -999.250 -999.250 -999.250 -999.250 -999.250 -999.250 -999.250 -999.250 -999.250 -999.250 -999.250 -999.250 -999.250 -999.250 -999.250 -999.250 -999.250 -999.250 -999.250 -999.250 -999.250 -999.250 -999.250 -999.250 -999.250 -999.250 -999.250 -999.250 -999.250 -999.250 -999.250 -999.250 -999.250 -999.250 -999.250 -999.250 -999.250 -999.250
-999.250 -999.250 -999.250 -999.250 -999.250 -999.250 -999.250 -999.250 -999.250 -999.250 -999.250 -999.250 -999.250 -999.250 -999.250 -999.250 -999.250 -999.250 -999.250 -999.250 -999.250 -999.250 -999.250 -999.250 -999.250 -999.250 -999.250 -999.250 -999.250 -999.250 -999.250 -999.250 -999.250 -999.250 -999.250 -999.250 -999.250 -999.250 -999.250 -999.250 -999.250 -999.250 -999.250 -999.250 -999.250 -999.250 -999.250 -999.250 -999.250 -999.250 -999.250 -999.250 -999.250 -999.250 -999.250 -999.250 -999.250 -999.250 -999.250 -999.250 -999.250 -999.250 -999.250 -999.250 -999.250
-999.250 -999.250 -999.250 -999.250 -999.250 -999.250 -999.250 -999.250 -999.250 -999.250 -999.250 -999.250 -999.250 -999.250 -999.250 -999.250 -999.250 -999.250 -999.250 -999.250 -999.250 -999.250 -999.250 -999.250 -999.250 -999.250 -999.250 -999.250 -999.250 -999.250 -999.250 -999.250 -999.250 -999.250 -999.250 -999.250 -999.250 -999.250 -999.250 -999.250 -999.250 -999.250 -999.250 -999.250 -999.250 -999.250 -999.250 -999.250 -999.250 -999.250 -999.250 -999.250 -999.250 -999.250 -999.250 -999.250 -999.250 -999.250 -999.250 -999.250 -999.250 -999.250 -999.250 -999.250 -999.250
-999.250 -999.250 -999.250 -999.250 -999.250 -999.250 -999.250 -999.250 -999.250 -999.250 -999.250 -999.250 -999.250 -999.250 -999.250 -999.250 -999.250 -999.250 -999.250 -999.250 -999.250 -999.250 -999.250 -999.250 -999.250 -999.250 -999.250 -999.250 -999.250 -999.250 -999.250 -999.250 -999.250 -999.250 -999.250 -999.250 -999.250 -999.250 -999.250 -999.250 -999.250 -999.250 -999.250 -999.250 -999.250 -999.250 -999.250 -999.250 -999.250 -999.250 -999.250 -999.250 -999.250 -999.250 -999.250 -999.250 -999.250 -999.250 -999.250 -999.250 -999.250 -999.250 -999.250 -999.250 -999.250
-999.250 -999.250 -999.250 -999.250 -999.250 -999.250 -999.250 -999.250 -999.250 -999.250 -999.250 -999.250 -999.250 -999.250 -999.250 -999.250 -999.250 -999.250 -999.250 -999.250 -999.250 -999.250 -999.250 -999.250 -999.250 -999.250 -999.250 -999.250 -999.250 -999.250 -999.250 -999.250 -999.250 -999.250 -999.250 -999.250 -999.250 -999.250 -999.250 -999.250 -999.250 -999.250 -999.250 -999.250 -999.250 -999.250 -999.250 -999.250 -999.250 -999.250 -999.250 -999.250 -999.250 -999.250 -999.250 -999.250 -999.250 -999.250 -999.250 -999.250 -999.250 -999.250 -999.250 -999.250 -999.250
-999.250 -999.250 -999.250 -999.250 -999.250 -999.250 -999.250 -999.250 -999.250 -999.250 -999.250 -999.250 -999.250 -999.250 -999.250 -999.250 -999.250 -999.250 -999.250 -999.250 -999.250 -999.250 -999.250 -999.250 -999.250 -999.250 -999.250 -999.250 -999.250 -999.250 -999.250 -999.250 -999.250 -999.250 -999.250 -999.250 -999.250 -999.250 -999.250 -999.250 -999.250 -999.250 -999.250 -999.250 -999.250 -999.250 -999.250 -999.250 -999.250 -999.250 -999.250 -999.250 -999.250 -999.250 -999.250 -999.250 -999.250 -999.250 -999.250 -999.250 -999.250 -999.250 -999.250 -999.250 -999.250
-999.250 -999.250 -999.250 -999.250 -999.250 -999.250 -999.250 -999.250 -999.250 -999.250 -999.250 -999.250 -999.250 -999.250 -999.250 -999.250 -999.250 -999.250 -999.250 -999.250 -999.250 -999.250 -999.250 -999.250 -999.250 -999.250 -999.250 -999.250 -999.250 -999.250 -999.250 -999.250 -999.250 -999.250 -999.250 -999.250 -999.250 -999.250 -999.250 -999.250 -999.250 -999.250 -999.250 -999.250 -999.250 -999.250 -999.250 -999.250 -999.250 401.282 -999.250 -999.250 -999.250 -999.250 -999.250 -999.250 -999.250 -999.250 -999.250 -999.250 -999.250 -999.250 -999.250 -999.250 -999.250
-999.250 -999.250 -999.250 -999.250 -999.250 -999.250 -999.250 -999.250 -999.250 -999.250 -999.250 -999.250 -999.250 -999.250 -999.250 -999.250 -999.250 -999.250 -999.250 -999.250 -999.250 -999.250 -999.250 -999.250 -999.250 -999.250 -999.250 -999.250 -999.250 -999.250 -999.250 -999.250 -999.250 -999.250 290.085 283.486 327.592 313.403 -999.250 -999.250 -999.250 -999.250 332.245 -999.250 -999.250 -999.250 -999.250 -999.250 -999.250 395.220 432.506 -999.250 -999.250 -999.250 -999.250 -999.250 -999.250 -999.250 -999.250 -999.250 -999.250 -999.250 -999.250 -999.250 -999.250
-999.250 -999.250 -999.250 -999.250 -999.250 -999.250 -999.250 -999.250 -999.250 -999.250 -999.250 -999.250 -999.250 -999.250 -999.250 -999.250 -999.250 -999.250 -999.250 -999.250 -999.250 -999.250 -999.250 -999.250 -999.250 -999.250 -999.250 -999.250 -999.250 -999.250 -999.250 -999.250 -999.250 -999.250 278.324 286.256 287.397 309.827 -999.250 -999.250 -999.250 307.701 386.056 413.258 -999.250 -999.250 -999.250 -999.250 -999.250 406.720 414.502 437.058 -999.250 -999.250 -999.250 -999.250 -999.250 -999.250 456.063 430.980 -999.250 -999.250 -999.250 -999.250 -999.250
-999.250 -999.250 -999.250 -999.250 -999.250 -999.250 -999.250 -999.250 -999.250 -999.250 -999.250 -999.250 -999.250 -999.250 -999.250 -999.250 -999.250 -999.250 -999.250 -999.250 -999.250 -999.250 -999.250 -999.250 -999.250 -999.250 -999.250 -999.250 -999.250 -999.250 -999.250 -999.250 -999.250 -999.250 283.229 282.814 277.392 274.024 306.615 289.445 291.458 359.546 392.588 406.383 371.397 405.004 381.173 393.592 404.557 408.705 427.669 429.293 450.191 473.472 481.484 462.680 449.052 416.246 471.667 421.887 -999.250 -999.250 -999.250 -999.250 -999.250
-999.250 -999.250 -999.250 -999.250 288.196 -999.250 -999.250 -999.250 -999.250 -999.250 -999.250 -999.250 -999.250 -999.250 -999.250 -999.250 -999.250 -999.250 -999.250 -999.250 -999.250 -999.250 -999.250 -999.250 -999.250 -999.250 -999.250 -999.250 -999.250 -999.250 -999.250 -999.250 -999.250 -999.250 256.240 285.256 278.982 271.840 287.202 279.415 314.326 360.053 355.503 335.804 371.207 370.085 382.535 414.860 393.223 425.407 440.437 450.450 496.593 469.628 493.671 476.226 448.469 471.734 433.956 439.550 -999.250 -999.250 -999.250 -999.250 -999.250
-999.250 -999.250 -999.250 -999.250 320.448 -999.250 -999.250 -999.250 -999.250 -999.250 -999.250 -999.250 359.969 -999.250 -999.250 -999.250 -999.250 -999.250 -999.250 -999.250 -999.250 -999.250 -999.250 -999.250 -999.250 -999.250 -999.250 -999.250 -999.250 -999.250 -999.250 -999.250 -999.250 -999.250 305.896 273.271 282.346 280.237 297.108 308.788 281.322 344.175 350.391 343.856 351.803 362.501 375.995 405.750 445.794 434.924 483.473 492.958 522.377 476.176 468.068 497.503 459.594 488.461 450.874 449.213 -999.250 -999.250 -999.250 -999.250 -999.250
-999.250 -999.250 -999.250 -999.250 330.933 -999.250 -999.250 -999.250 -999.250 358.577 391.788 374.857 331.396 347.021 -999.250 -999.250 -999.250 -999.250 -999.250 -999.250 -999.250 -999.250 -999.250 -999.250 -999.250 -999.250 -999.250 -999.250 -999.250 -999.250 -999.250 -999.250 -999.250 -999.250 313.906 282.937 267.624 257.360 268.019 273.128 305.312 308.384 325.604 340.005 351.745 387.799 373.055 364.975 427.989 446.943 480.188 493.269 507.054 505.784 482.266 505.830 489.119 458.129 517.775 464.740 430.264 -999.250 -999.250 -999.250 -999.250
-999.250 274.425 294.759 317.146 325.529 -999.250 -999.250 360.349 330.791 361.178 389.901 404.795 380.130 381.252 374.834 441.529 374.696 -999.250 -999.250 -999.250 -999.250 -999.250 -999.250 -999.250 -999.250 -999.250 -999.250 -999.250 -999.250 -999.250 -999.250 364.013 315.072 299.479 277.990 282.429 237.623 263.708 258.518 275.118 300.862 293.550 307.693 326.272 343.663 366.570 380.433 426.581 441.701 471.320 528.746 515.702 523.323 536.140 491.520 529.205 482.832 496.264 487.482 415.509 386.310 -999.250 -999.250 -999.250 -999.250
283.038 285.142 283.911 295.230 316.663 -999.250 348.366 375.144 380.627 371.155 407.997 400.964 411.818 378.809 393.129 387.860 -999.250 -999.250 -999.250 -999.250 -999.250 484.563 440.431 -999.250 -999.250 -999.250 411.968 -999.250 -999.250 365.962 346.402 353.148 297.913 266.571 266.182 265.157 258.290 253.404 255.212 288.641 257.786 262.257 303.468 336.144 345.100 367.820 435.703 448.490 448.182 495.308 511.488 517.879 503.960 503.265 477.044 514.894 482.023 475.775 467.976 437.038 385.259 -999.250 -999.250 -999.250 -999.250
262.719 303.713 279.911 313.995 309.118 348.749 356.948 364.185 374.934 357.214 371.633 389.979 422.357 452.697 405.976 419.403 -999.250 -999.250 432.704 481.963 453.151 463.532 464.429 432.387 -999.250 430.120 438.837 411.767 397.585 356.189 355.896 308.759 303.610 269.812 261.287 263.707 232.461 267.409 282.646 259.687 262.151 245.288 289.687 332.057 366.008 396.252 410.385 437.406 472.670 496.837 523.556 519.193 508.823 518.099 483.109 486.841 485.242 477.046 441.701 386.873 414.001 -999.250 -999.250 -999.250 -999.250
305.834 326.541 329.774 340.264 367.519 367.490 379.567 376.408 373.692 368.272 365.665 427.609 424.341 441.585 457.401 424.730 439.235 459.368 459.610 463.982 466.235 470.566 464.773 444.438 414.928 412.364 416.207 421.116 378.297 350.613 325.040 305.828 277.987 278.801 241.917 246.681 243.707 265.732 255.271 240.775 258.445 267.420 285.905 333.656 381.137 378.010 373.518 423.758 452.205 473.210 507.824 496.213 513.720 531.879 521.883 494.203 457.240 439.673 414.126 390.944 406.294 -999.250 -999.250 -999.250 -999.250
349.918 309.251 339.970 361.173 393.219 365.175 390.743 379.830 379.098 382.000 394.102 430.884 409.002 431.398 411.813 424.004 440.165 438.511 406.912 463.309 464.850 457.707 470.594 437.796 442.837 437.550 390.694 372.512 366.102 333.345 330.089 271.274 288.066 284.864 245.871 227.493 240.233 243.715 273.097 266.244 264.910 277.715 299.842 310.933 358.057 383.121 405.534 387.251 419.831 460.325 458.983 516.449 464.177 485.446 489.596 474.263 456.369 437.797 413.540 429.104 400.092 -999.250 -999.250 -999.250 -999.250
346.519 343.278 364.905 371.251 381.742 381.629 369.095 374.665 381.242 385.784 382.147 423.324 428.743 429.746 449.397 458.680 440.104 439.176 460.430 464.454 475.748 466.534 472.782 445.752 434.660 450.462 423.343 373.348 329.171 342.739 292.184 264.338 272.430 245.200 238.233 234.595 242.218 237.566 239.455 252.671 262.888 277.487 306.318 304.136 347.559 380.786 386.649 389.696 422.088 417.933 456.160 457.057 468.735 470.008 454.946 461.696 481.364 424.660 398.225 387.367 -999.250 -999.250 -999.250 -999.250 -999.250
323.431 344.395 352.938 394.709 410.301 376.321 366.789 381.532 410.906 401.401 383.847 380.516 397.024 422.811 428.948 447.158 446.607 424.939 451.598 474.010 482.259 450.111 475.307 448.194 419.418 418.856 382.127 368.149 333.843 304.155 272.405 266.271 224.534 233.786 230.871 245.633 242.127 248.228 231.791 247.688 246.429 271.586 294.124 345.409 355.583 378.680 380.467 404.583 402.953 381.002 423.602 428.858 451.296 392.755 442.221 449.873 437.470 416.913 382.488 385.753 -999.250 -999.250 -999.250 -999.250 -999.250
360.940 380.875 360.704 372.633 402.987 404.248 373.028 390.376 420.704 405.815 403.853 376.654 432.498 434.510 420.261 416.492 448.537 435.729 451.409 440.339 465.995 459.588 433.869 424.997 444.192 410.689 410.443 351.558 318.143 294.105 242.330 247.144 224.439 213.051 226.990 245.582 228.325 238.452 247.434 252.966 250.133 258.985 295.850 341.135 361.407 354.442 369.141 412.308 380.110 374.983 392.441 427.095 439.091 434.282 428.139 417.332 413.490 373.257 403.060 370.509 -999.250 -999.250 -999.250 -999.250 -999.250
393.912 399.058 379.949 415.734 396.476 411.218 383.171 400.631 416.332 410.732 380.196 408.836 412.154 408.647 388.697 401.187 402.510 414.669 408.445 438.036 425.372 437.309 437.796 432.545 420.405 391.632 363.692 312.993 294.006 263.495 232.587 232.546 214.231 227.840 228.681 226.542 233.492 230.736 227.347 243.830 271.791 259.437 315.396 357.215 378.649 404.684 409.259 401.286 414.282 374.750 400.075 416.698 439.985 407.972 408.052 396.793 376.040 403.345 366.508 324.568 -999.250 -999.250 -999.250 -999.250 -999.250
382.487 384.430 390.243 396.078 412.841 394.435 417.123 396.252 385.802 423.149 382.612 392.719 384.788 395.347 380.152 417.723 415.307 418.063 403.736 434.559 422.246 401.008 440.837 402.293 402.117 356.899 306.451 295.391 263.290 244.285 251.316 228.638 213.033 219.226 219.129 240.976 241.795 239.107 244.140 254.107 316.605 272.820 298.114 383.295 380.023 366.159 375.688 411.744 376.948 390.088 404.489 411.338 396.442 421.658 387.061 387.635 365.091 363.968 377.306 326.008 -999.250 -999.250 -999.250 -999.250 -999.250
422.210 401.407 416.813 397.374 392.871 406.479 409.761 413.760 411.384 404.735 419.287 405.944 393.986 390.330 388.858 421.245 429.563 417.513 404.145 418.474 439.745 414.181 443.141 398.202 382.293 338.157 297.568 293.123 260.869 255.597 243.089 233.706 220.614 229.953 222.574 231.877 241.797 236.899 241.508 267.817 270.873 312.103 340.813 361.444 366.098 384.148 399.514 402.106 381.089 365.250 403.089 415.992 432.437 393.326 335.120 366.008 319.511 309.654 327.119 296.336 280.237 -999.250 -999.250 -999.250 -999.250
431.591 419.760 390.177 375.706 396.121 409.340 399.424 406.938 396.309 420.905 414.547 394.001 392.173 392.315 380.372 393.877 433.425 432.529 404.002 415.744 414.713 415.425 423.561 397.766 376.245 342.447 304.328 270.789 273.625 279.060 231.621 233.608 236.054 230.466 231.146 241.506 246.422 235.083 255.729 258.587 291.773 323.103 335.513 354.975 401.316 400.336 404.846 384.070 368.653 408.316 424.917 423.794 352.047 366.085 355.102 325.050 346.644 311.367 292.847 313.703 280.115 239.393 -999.250 262.790 261.918
419.742 422.555 401.898 414.298 363.803 380.551 401.839 422.414 436.040 431.220 423.199 395.052 370.568 367.538 392.721 426.726 420.313 445.010 392.575 412.953 416.064 396.544 407.449 402.484 352.292 325.542 320.262 295.870 268.770 257.702 226.834 233.602 226.561 235.553 231.378 227.573 241.041 232.347 244.948 255.472 288.408 328.513 328.526 419.273 415.737 387.444 438.581 409.926 413.057 396.076 389.254 393.246 375.432 332.650 384.613 349.206 324.158 330.604 311.462 261.881 260.957 246.136 244.690 241.285 243.035
461.740 431.051 404.302 415.500 401.684 391.679 414.601 447.595 459.111 438.927 416.929 412.093 394.557 369.584 401.865 434.523 409.690 417.724 414.206 404.993 443.223 432.717 397.441 393.476 404.599 384.890 326.633 308.082 268.680 225.846 230.923 237.913 244.839 250.011 237.970 276.842 271.200 251.227 270.974 301.911 312.245 319.023 363.315 393.213 407.983 427.854 430.603 416.552 410.532 411.823 429.710 408.574 388.852 361.066 345.657 341.709 329.725 318.913 298.922 262.944 252.242 242.432 226.220 231.792 228.668
