data/medianmodel_04-Jun-2020.asc
ncols	141
nrows	288
xllcorner	-120191.398
yllcorner	-301404.813
cellsize	2000.000
NODATA_value	-999.250
[rows 150 to 179 of 288, columns 0 to 68 of 141]
-999.250 -999.250 -999.250 -999.250 -999.250 -999.250 -999.250 -999.250 -999.250 -999.250 -999.250 -999.250 13.102 12.739 13.923 12.162 14.253 11.516 10.235 12.545 9.418 12.097 12.045 14.309 15.191 19.117 18.067 18.045 18.027 20.804 16.946 17.676 14.686 14.456 13.511 12.257 13.634 11.331 13.379 15.086 16.670 12.193 13.459 12.472 15.450 13.199 7.145 3.302 2.600 5.957 4.132 8.689 8.551 7.396 11.927 13.352 12.127 17.195 17.145 10.813 13.122 12.905 13.012 11.449 8.594 10.257 9.008 8.564 5.867
-999.250 -999.250 -999.250 -999.250 -999.250 -999.250 -999.250 -999.250 -999.250 -999.250 -999.250 9.607 13.060 10.458 9.412 10.908 9.888 13.148 12.577 12.355 11.449 13.497 11.390 11.005 15.460 15.260 20.471 17.408 23.340 22.208 15.508 17.755 17.311 19.577 19.099 15.409 15.414 19.938 13.496 15.119 15.659 14.217 15.344 9.295 13.315 18.730 9.377 7.175 3.378 7.092 6.694 6.310 7.753 11.197 10.537 13.969 17.213 16.311 18.491 14.550 14.157 10.424 10.239 9.486 8.648 9.561 8.198 7.567 7.598
-999.250 -999.250 -999.250 -999.250 -999.250 -999.250 -999.250 -999.250 -999.250 -999.250 8.013 14.518 12.894 11.565 11.110 7.504 9.197 9.954 8.427 10.750 11.906 16.167 13.558 17.683 17.238 15.677 15.683 17.872 20.942 21.092 21.112 21.868 21.666 19.084 15.694 18.680 15.415 17.122 14.133 17.530 15.480 18.181 13.540 8.988 10.293 11.186 6.209 4.046 5.756 7.650 8.354 9.049 10.484 8.643 10.993 13.618 13.235 14.954 22.414 20.070 14.999 11.364 11.440 9.050 9.503 9.432 10.037 10.055 8.342
-999.250 -999.250 -999.250 -999.250 -999.250 -999.250 -999.250 -999.250 -999.250 15.071 11.390 14.187 13.033 9.600 9.738 8.439 10.156 10.466 10.361 13.484 14.149 12.015 15.531 14.403 15.845 16.080 15.554 17.080 18.554 20.506 22.689 27.484 27.393 17.878 15.420 20.199 22.560 20.062 21.139 21.441 19.204 16.126 18.138 12.329 9.791 3.482 0.000 0.000 3.849 5.118 8.275 10.215 10.286 9.454 10.085 11.843 14.767 20.266 19.469 19.613 13.291 12.137 9.769 12.400 11.793 8.096 10.138 9.150 7.852
-999.250 -999.250 -999.250 -999.250 -999.250 9.472 7.547 6.312 9.532 10.822 12.844 13.086 11.817 9.475 12.094 9.110 9.353 10.488 12.741 11.621 12.779 13.768 17.474 12.520 13.981 13.250 14.048 14.911 24.731 23.472 18.920 20.972 28.150 24.258 28.394 24.042 25.009 26.180 24.962 24.636 22.507 14.553 14.325 14.386 7.012 5.318 0.000 0.000 1.744 7.073 8.775 11.980 10.025 8.117 10.305 11.553 14.269 15.297 16.430 14.724 13.257 9.561 12.776 13.830 11.000 8.489 10.145 8.897 5.880
-999.250 -999.250 -999.250 -999.250 -999.250 -999.250 -999.250 9.302 8.476 13.252 13.229 12.547 13.436 13.238 13.813 12.662 13.614 15.243 14.506 14.288 15.555 14.538 14.733 14.148 12.958 14.721 13.506 16.771 22.853 29.718 24.185 23.237 26.496 31.458 31.209 25.639 36.159 36.201 36.012 26.056 23.799 15.754 14.323 11.621 9.044 9.224 3.302 5.231 6.744 6.622 8.662 10.421 12.453 8.505 9.502 12.794 15.138 15.247 13.992 15.008 14.400 10.552 15.040 12.949 9.029 6.780 5.852 7.847 6.172
-999.250 -999.250 -999.250 -999.250 -999.250 -999.250 -999.250 13.383 12.658 14.125 13.453 14.003 13.782 14.474 11.955 15.015 17.078 14.865 16.736 20.298 23.405 21.515 14.873 18.567 14.556 15.707 19.566 23.753 21.583 30.246 21.154 23.085 23.114 36.323 35.032 41.674 27.342 34.700 29.751 27.437 25.444 16.614 15.101 13.169 15.051 13.146 11.413 10.356 6.190 7.410 5.453 12.181 10.299 9.060 11.730 10.183 11.736 13.804 11.599 12.294 11.358 9.710 11.297 11.943 10.020 6.438 8.009 5.485 5.666
-999.250 -999.250 -999.250 -999.250 -999.250 -999.250 -999.250 15.393 12.330 13.652 13.262 14.330 18.546 14.659 16.786 16.818 20.037 21.808 18.275 23.676 19.932 32.672 20.845 22.981 22.301 20.892 21.390 22.878 24.729 37.540 41.721 30.988 34.386 32.562 37.026 27.498 32.267 33.159 24.985 22.313 21.979 18.426 17.969 15.972 16.862 16.123 12.449 12.130 8.243 8.925 8.654 12.831 14.888 14.521 11.038 12.379 16.246 16.376 11.865 8.296 10.029 12.514 10.483 10.196 7.606 6.300 6.044 6.025 5.762
-999.250 -999.250 -999.250 -999.250 -999.250 -999.250 -999.250 14.337 12.184 12.536 12.967 15.866 20.048 16.765 12.100 17.910 17.592 21.806 18.941 20.588 25.822 25.645 34.387 36.661 31.104 40.362 50.715 35.362 41.391 39.987 37.809 31.589 25.991 37.583 29.486 18.922 24.056 34.844 29.712 20.917 18.124 15.175 13.931 14.664 15.686 16.462 18.209 13.507 9.281 11.698 8.483 11.710 12.123 16.303 17.795 14.421 17.216 13.074 10.752 11.624 11.503 8.225 11.401 9.238 4.768 2.604 2.504 2.986 2.871
-999.250 -999.250 -999.250 -999.250 -999.250 -999.250 -999.250 -999.250 14.621 15.260 13.106 13.666 15.060 20.513 18.779 17.476 21.613 22.328 18.645 21.318 22.557 28.304 42.407 44.435 51.480 46.550 40.349 42.395 47.754 43.714 54.390 33.390 31.892 36.703 26.962 25.526 22.234 28.281 35.491 19.977 16.792 12.712 11.829 11.546 15.455 14.136 15.509 12.128 11.372 10.846 13.678 13.869 14.550 17.498 18.188 9.748 11.041 11.453 11.573 11.487 13.671 7.376 10.894 9.585 1.527 0.000 0.000 0.000 0.000
-999.250 -999.250 -999.250 -999.250 -999.250 -999.250 -999.250 -999.250 14.803 23.206 16.208 15.619 15.045 16.673 21.235 31.852 24.477 19.001 13.648 20.876 21.304 28.353 38.295 47.529 50.907 54.386 65.237 46.505 66.792 49.501 55.275 48.449 39.953 36.402 35.040 35.284 40.130 48.110 36.802 22.028 13.443 14.166 13.009 16.111 15.661 16.692 15.353 14.675 13.046 13.733 13.606 12.508 13.083 13.776 16.045 13.928 13.076 9.662 11.925 11.594 13.284 8.464 10.359 4.373 0.000 0.000 0.000 0.000 0.710
-999.250 -999.250 -999.250 -999.250 -999.250 -999.250 -999.250 16.386 15.748 15.085 17.213 19.033 20.855 20.810 22.016 25.048 19.591 16.397 17.380 16.854 24.251 43.732 49.941 57.976 63.660 81.174 78.877 66.026 75.066 66.199 50.251 51.984 36.826 48.146 35.963 54.138 71.402 41.616 28.813 19.101 13.936 10.675 11.869 15.034 17.909 15.898 14.652 18.668 15.004 18.071 13.269 11.339 11.379 13.627 13.460 11.131 9.830 7.891 8.521 9.445 11.093 10.849 9.486 6.165 2.611 0.000 0.000 0.388 0.576
-999.250 -999.250 -999.250 -999.250 -999.250 -999.250 -999.250 18.278 18.044 23.255 19.084 20.756 23.070 24.177 21.244 22.075 25.846 26.848 23.514 24.232 29.255 37.549 67.559 81.321 80.228 81.887 86.529 82.042 93.185 82.144 68.453 60.542 52.493 47.388 57.148 44.600 47.833 44.428 42.340 31.040 18.349 13.566 16.371 16.251 17.139 15.907 13.972 14.307 15.648 16.881 11.216 11.656 8.917 12.132 11.223 10.177 11.209 10.464 10.055 7.920 5.950 9.297 8.984 5.867 3.565 3.823 1.816 1.533 0.692
-999.250 -999.250 -999.250 -999.250 -999.250 -999.250 -999.250 23.111 18.347 20.409 22.205 22.449 22.938 23.456 23.795 29.655 23.846 27.824 28.832 33.377 40.368 50.316 74.875 85.754 92.777 93.471 99.126 90.670 86.257 68.041 66.781 48.575 43.278 40.632 37.528 35.253 39.192 45.693 53.224 31.568 27.001 19.426 21.334 19.739 20.456 17.056 13.858 15.918 15.649 14.137 11.498 9.122 13.363 9.552 9.153 11.013 11.285 9.037 7.765 5.682 5.480 7.166 7.419 6.581 3.598 1.979 2.020 1.243 0.190
-999.250 -999.250 -999.250 -999.250 -999.250 -999.250 -999.250 28.942 30.660 25.744 30.550 22.746 18.201 30.929 29.199 38.407 40.346 34.833 47.911 55.996 70.219 64.845 81.977 81.348 97.393 106.455 91.767 97.413 90.671 77.879 44.179 39.852 34.861 27.457 33.624 32.641 32.688 36.533 35.852 31.248 29.597 27.151 27.556 24.484 13.063 16.471 13.526 14.384 16.203 15.030 12.286 10.472 9.382 10.413 8.046 9.579 8.314 7.506 8.336 4.747 7.016 5.268 3.669 3.454 3.128 1.970 1.726 0.621 0.000
-999.250 -999.250 -999.250 -999.250 -999.250 -999.250 21.772 18.576 21.273 22.317 22.878 19.299 22.819 27.657 26.502 27.873 32.048 42.135 43.173 61.828 86.042 91.049 95.292 88.921 91.109 111.200 129.776 133.119 114.804 64.200 37.924 37.747 31.368 31.090 33.931 45.886 36.990 30.411 22.119 36.131 27.877 27.756 31.088 29.476 22.136 20.023 15.395 16.442 17.188 14.372 11.893 9.874 9.536 11.898 9.655 9.318 6.113 6.954 6.037 5.919 6.113 5.159 2.938 3.016 2.358 4.170 1.098 3.199 0.000
-999.250 -999.250 -999.250 -999.250 -999.250 -999.250 16.063 22.622 22.704 28.684 21.441 16.950 23.059 29.242 36.966 36.609 35.365 57.775 52.947 59.412 66.817 77.635 88.637 95.971 86.303 166.397 206.031 202.134 181.671 111.742 47.197 42.599 46.050 36.145 46.028 42.432 27.779 33.438 28.637 26.624 22.427 35.981 32.516 27.715 25.970 22.724 15.838 16.503 20.357 14.173 13.159 11.807 10.558 15.880 10.617 9.516 9.054 6.596 7.313 2.794 5.662 2.457 1.837 0.000 1.307 1.220 2.326 0.000 0.000
-999.250 -999.250 -999.250 -999.250 -999.250 31.689 27.271 30.707 26.463 21.998 15.403 12.390 21.270 28.604 36.421 39.306 47.850 48.243 52.071 57.003 70.986 80.903 91.326 83.111 95.591 132.225 212.517 268.533 234.547 144.529 72.325 44.970 38.340 53.918 72.829 56.846 39.285 30.917 34.459 25.657 26.524 29.279 33.285 25.850 28.823 23.565 17.238 13.130 15.372 13.187 18.506 12.544 9.290 12.254 13.562 8.212 7.584 7.679 6.140 2.847 4.384 3.354 0.469 0.000 0.000 0.011 0.771 0.000 0.000
-999.250 -999.250 -999.250 -999.250 -999.250 30.379 27.966 24.007 21.090 24.085 16.687 15.281 19.459 31.095 35.255 45.690 43.257 48.043 53.912 44.297 67.150 78.725 92.018 101.763 105.042 138.381 204.808 234.087 200.605 139.869 87.331 60.616 52.527 57.998 66.001 57.224 35.980 33.941 28.021 38.913 32.040 27.328 22.439 30.692 25.788 24.973 16.820 13.600 15.580 14.135 11.818 10.663 10.278 9.494 10.221 6.682 9.098 8.938 6.804 6.042 3.898 3.973 0.732 1.592 0.000 1.058 0.000 0.150 0.000
-999.250 -999.250 -999.250 -999.250 27.825 25.481 26.591 27.850 34.403 25.931 23.378 19.159 19.461 23.908 37.142 44.115 55.886 44.213 71.904 67.788 76.293 81.637 105.132 90.339 89.388 109.467 154.648 181.965 143.270 120.697 85.452 64.553 55.492 56.746 48.654 42.762 45.469 43.715 31.302 24.104 26.175 23.612 32.848 35.275 30.151 22.297 19.219 19.056 18.360 16.894 11.234 13.674 10.010 11.387 11.381 6.377 7.955 8.637 9.564 6.399 8.082 2.284 2.451 0.000 0.000 0.000 0.000 0.000 0.000
-999.250 -999.250 -999.250 -999.250 31.637 21.955 24.191 22.895 28.375 36.952 33.413 21.237 25.816 25.502 28.902 36.748 39.062 54.246 58.797 70.203 69.637 101.227 106.692 105.860 95.332 104.103 98.998 115.165 115.754 94.785 80.376 63.738 63.600 50.798 39.074 31.322 28.546 44.328 40.998 39.987 35.746 27.594 28.959 23.196 26.397 30.310 22.576 24.951 15.068 18.946 15.207 14.135 13.943 10.963 7.728 8.051 7.090 7.399 6.818 4.175 3.354 0.000 0.228 0.867 0.000 0.042 0.000 0.000 0.000
-999.250 -999.250 -999.250 -999.250 34.284 23.642 25.396 24.459 33.786 60.328 49.638 46.649 38.932 44.184 30.029 36.985 43.796 49.268 52.676 67.423 74.247 92.376 96.070 79.606 89.685 112.564 108.122 107.178 106.667 90.884 61.492 65.198 60.112 46.369 26.771 23.482 18.125 23.710 34.699 31.510 29.265 23.195 26.055 33.400 23.529 24.890 24.107 21.423 19.914 15.186 16.669 20.265 17.381 14.202 8.823 8.014 7.539 8.545 3.395 3.730 2.472 0.000 0.000 0.000 0.000 1.318 0.000 0.000 0.000
-999.250 -999.250 -999.250 -999.250 25.648 28.983 28.871 35.490 32.661 57.154 45.143 35.815 55.598 39.029 42.575 36.025 37.240 30.841 33.128 37.677 60.522 80.948 95.399 96.574 106.074 116.942 127.078 99.045 93.828 91.317 65.228 68.796 47.767 40.487 25.930 18.784 17.358 22.394 30.411 36.154 28.931 20.207 33.361 30.728 30.543 25.718 19.240 19.168 18.168 17.572 20.930 17.764 14.912 14.061 10.255 9.471 8.669 5.433 2.532 0.726 2.441 1.037 0.617 0.000 1.015 0.540 0.606 0.000 0.000
-999.250 -999.250 -999.250 -999.250 22.177 37.176 50.155 39.667 47.527 47.916 38.794 44.488 40.496 40.608 32.372 33.895 46.944 28.437 21.930 20.282 35.578 77.450 91.603 116.148 113.781 113.436 124.972 114.155 96.070 86.532 82.987 71.243 49.459 40.950 21.770 16.029 17.772 24.837 32.166 26.083 21.336 21.282 32.475 28.318 31.861 26.903 19.063 18.234 13.561 21.766 14.589 13.020 14.846 16.067 14.193 7.714 7.781 6.316 4.171 0.374 1.965 0.936 1.462 0.850 3.030 0.804 0.021 0.000 0.000
-999.250 -999.250 -999.250 -999.250 38.079 45.828 45.905 38.463 35.071 36.222 42.805 47.545 46.758 38.357 40.956 37.025 34.507 26.421 17.084 19.465 30.080 74.236 85.128 104.594 105.738 108.001 97.510 92.166 80.181 75.146 65.781 62.838 58.397 48.303 31.012 21.176 24.160 34.347 26.073 29.630 24.305 23.561 29.923 29.869 25.328 24.194 25.592 26.226 19.368 13.094 13.270 12.153 12.037 13.288 8.978 10.274 6.571 1.548 1.936 0.392 2.008 0.000 1.118 1.349 2.700 0.432 0.336 0.000 0.000
-999.250 -999.250 -999.250 -999.250 39.590 37.056 25.665 36.447 39.129 55.487 34.463 42.122 34.314 38.876 36.593 37.907 34.207 25.141 19.103 22.239 33.267 73.517 90.249 97.089 100.044 90.071 85.670 80.229 71.709 67.520 54.782 49.559 50.969 35.809 26.099 25.627 27.305 36.130 38.184 31.510 25.705 25.696 31.802 29.789 21.829 31.470 21.318 20.075 15.436 15.676 13.751 13.650 15.098 13.238 9.635 6.346 1.158 0.000 0.000 0.000 0.631 0.000 0.000 0.000 1.193 0.204 0.000 0.000 0.000
-999.250 -999.250 -999.250 -999.250 41.913 44.890 35.078 37.729 34.736 46.042 58.324 47.129 40.247 47.366 37.462 44.574 48.479 37.596 36.761 43.260 49.166 65.211 77.845 78.242 86.483 80.737 74.336 67.444 54.204 51.107 52.836 39.533 42.038 32.406 34.576 38.142 31.973 49.859 41.378 27.262 27.156 26.964 27.145 40.066 24.553 24.570 22.335 19.248 20.952 18.735 13.124 16.320 14.526 14.171 8.310 5.823 0.000 0.000 0.000 0.000 2.456 0.589 1.653 0.000 0.000 1.087 0.000 0.000 0.000
-999.250 -999.250 -999.250 -999.250 62.281 58.175 43.573 48.790 43.253 56.519 63.076 63.195 57.630 50.574 44.522 43.722 52.703 46.315 54.286 65.034 64.327 73.762 63.034 67.376 79.347 79.289 84.353 79.744 73.454 43.771 46.704 33.941 31.590 27.716 28.846 35.993 42.038 47.357 36.573 24.679 26.346 36.414 30.809 31.839 22.771 19.399 20.713 20.022 16.765 16.610 16.882 14.365 12.950 13.114 10.859 7.019 3.714 0.000 0.000 1.539 4.372 2.207 0.000 0.000 0.579 0.456 0.000 0.000 0.000
-999.250 -999.250 -999.250 -999.250 52.190 67.744 59.157 54.923 67.578 92.080 87.935 86.417 72.703 66.356 61.439 64.012 71.203 71.630 79.078 85.954 88.132 77.039 55.912 70.429 72.799 79.492 75.447 80.517 60.772 44.764 29.825 32.777 28.899 30.636 43.467 43.756 34.939 48.233 48.635 38.900 27.699 35.917 35.243 33.287 32.653 31.072 18.110 17.205 14.319 14.201 14.578 13.662 10.699 13.387 10.598 9.009 5.526 5.547 3.051 3.215 2.983 1.430 0.000 0.000 0.000 0.000 0.000 0.000 0.000
-999.250 -999.250 -999.250 76.864 67.475 66.449 60.612 58.161 76.360 114.690 106.954 91.807 97.840 84.510 83.955 74.858 81.561 76.380 93.809 102.537 123.981 91.231 78.469 83.110 66.493 66.372 65.263 67.966 45.078 33.052 28.080 34.523 35.928 30.130 33.455 31.098 32.732 40.284 51.454 42.555 36.668 30.657 40.942 33.963 31.327 25.475 19.064 16.769 15.437 15.364 16.188 10.190 11.086 11.964 11.710 9.214 9.412 8.063 4.377 4.351 5.287 0.350 0.000 0.000 0.000 0.000 0.000 0.000 0.000
