data/medianmodel_12-Sep-2020.asc
ncols	141
nrows	288
xllcorner	-120191.398
yllcorner	-301404.813
cellsize	2000.000
NODATA_value	-999.250
[rows 30 to 59 of 288, columns 69 to 137 of 141]
0.000 0.000 0.000 0.000 0.000 0.000 2.539 4.860 11.999 17.628 21.186 23.482 28.909 32.258 26.807 24.292 23.475 22.187 22.055 17.545 13.015 11.016 7.063 4.475 2.821 2.796 6.823 12.589 22.472 28.519 31.397 40.794 43.789 50.379 56.293 60.353 61.816 74.773 81.974 92.813 105.323 108.557 108.738 117.750 128.032 133.926 132.752 178.083 180.586 204.549 192.069 220.398 281.140 409.096 438.710 417.740 395.321 425.451 497.141 396.775 382.044 275.996 222.560 186.083 158.414 113.208 86.441 58.986 43.404
0.000 0.000 0.000 0.000 0.000 0.000 5.584 7.954 13.837 17.523 24.510 28.321 33.440 35.081 36.974 29.437 24.491 24.076 21.544 18.204 14.635 10.020 6.158 4.684 3.299 6.751 10.676 15.366 22.247 30.824 37.260 40.321 45.753 50.443 56.230 63.190 67.930 78.324 85.134 93.567 100.866 104.074 107.792 117.871 115.173 152.106 161.708 185.793 177.822 204.630 185.166 237.222 243.030 433.583 435.577 424.856 363.999 368.713 418.212 333.328 317.293 252.994 216.239 168.260 128.625 100.621 86.911 55.911 37.152
0.000 0.000 0.000 0.000 0.000 0.000 6.174 10.187 16.332 20.328 29.222 31.244 36.939 38.193 40.353 31.888 25.940 23.267 23.431 19.994 16.836 9.768 9.564 4.992 7.675 9.278 13.311 17.530 24.853 31.076 35.921 41.887 53.416 51.903 61.233 62.807 67.064 77.343 93.991 95.193 102.368 104.173 113.761 111.850 113.478 136.694 164.843 177.486 189.641 188.285 208.200 220.451 252.354 323.935 390.583 394.004 411.189 356.786 309.458 325.408 236.234 212.439 198.326 142.816 104.658 83.026 66.061 42.781 22.389
0.000 0.000 0.000 0.000 0.000 0.644 6.910 10.719 17.437 22.239 31.215 39.902 45.976 45.302 42.942 37.919 32.079 29.314 25.242 23.289 17.866 13.278 9.765 9.075 9.354 15.129 19.305 24.836 28.221 34.657 46.493 46.704 52.448 52.220 54.336 60.693 67.478 82.454 87.258 103.334 99.695 96.821 105.888 106.755 138.323 145.903 159.081 159.617 190.942 181.802 204.183 198.901 247.682 271.124 292.937 270.027 302.196 268.661 241.694 258.201 209.053 208.559 165.839 116.211 82.703 63.313 43.694 23.925 14.685
0.000 0.000 0.000 0.000 0.000 2.417 7.340 14.317 20.664 29.218 39.026 48.901 56.025 51.030 48.094 38.389 33.947 33.273 26.306 20.376 18.304 13.302 11.513 10.783 11.444 13.556 21.390 26.324 32.813 40.231 47.396 47.841 48.038 52.818 52.697 57.605 59.367 71.106 78.017 87.622 92.761 103.387 105.457 101.858 107.904 124.359 141.228 134.285 178.406 178.099 173.292 198.818 201.076 220.732 212.541 278.586 229.537 230.486 244.288 227.872 206.220 179.153 130.570 106.086 70.361 40.369 23.468 11.460 0.000
0.000 0.000 0.000 0.000 0.000 3.132 9.652 15.064 21.706 33.564 43.559 55.380 66.884 54.739 46.624 38.504 32.065 28.968 25.694 20.314 17.158 14.155 12.206 11.872 11.626 17.671 22.420 32.317 36.141 46.304 52.684 50.338 52.505 49.192 49.933 51.947 58.503 62.227 74.702 81.746 89.660 93.564 92.259 98.683 101.458 113.421 113.516 142.798 138.544 163.302 161.767 186.207 189.727 208.673 190.570 220.489 224.049 178.401 200.877 215.298 162.946 147.259 110.865 90.603 47.524 14.641 8.573 0.000 -999.250
0.000 0.000 0.000 0.000 0.000 4.000 13.793 18.175 28.133 32.005 42.696 52.790 52.440 50.413 45.675 38.179 30.820 25.786 22.885 20.486 17.591 14.939 13.770 15.561 15.053 17.514 24.544 32.267 40.057 52.011 64.356 53.362 50.920 45.017 43.452 46.750 54.831 56.578 63.482 73.589 74.660 80.612 80.934 87.934 95.325 102.693 106.935 117.423 143.355 141.845 148.660 155.680 193.192 174.853 174.968 219.474 200.899 198.102 191.429 200.024 150.928 109.058 89.341 65.791 37.247 14.450 0.000 0.000 -999.250
0.000 0.000 0.000 0.000 0.000 6.000 13.697 18.365 28.653 32.508 39.022 47.724 49.121 43.330 41.272 35.545 29.457 25.282 20.180 16.486 17.590 16.295 12.849 15.756 16.366 21.866 23.371 30.950 38.422 47.426 52.880 49.129 48.155 45.164 40.500 38.950 44.478 49.179 49.733 59.021 60.111 64.918 67.269 81.134 95.011 89.855 95.286 101.247 121.831 127.354 150.241 148.027 159.020 176.721 190.965 187.016 197.340 206.966 181.677 170.424 131.205 100.864 77.425 50.408 29.275 8.640 0.000 -999.250 -999.250
0.000 0.000 0.000 0.000 0.558 6.811 12.038 18.742 27.449 32.590 38.590 43.521 45.947 40.317 39.194 33.966 29.581 24.815 19.300 16.525 15.817 15.144 15.051 14.016 18.699 21.381 24.973 29.834 34.731 40.876 43.844 42.581 41.855 37.873 32.103 34.426 38.562 41.349 48.342 49.250 48.906 54.112 62.115 72.381 87.316 89.965 92.297 98.286 109.790 110.926 110.920 128.863 146.450 147.994 163.745 163.943 189.647 183.658 157.016 131.931 105.175 84.992 64.526 38.523 21.287 5.743 0.000 -999.250 -999.250
0.000 0.000 0.000 0.000 2.027 6.452 12.908 17.742 24.579 35.137 40.403 42.294 42.292 39.722 33.552 27.726 24.448 19.987 18.139 17.716 15.957 15.283 15.519 15.786 16.813 19.987 24.467 27.276 31.985 31.940 34.582 34.915 37.998 31.609 30.897 30.726 29.288 32.204 35.919 36.525 38.360 40.450 51.896 62.412 78.840 84.526 87.961 95.241 97.314 102.960 110.516 131.536 138.987 138.004 150.228 142.960 128.514 149.356 116.142 108.117 90.629 65.240 42.711 28.912 13.888 2.041 0.000 -999.250 -999.250
0.000 0.000 0.000 0.000 1.570 8.362 17.785 20.745 28.519 36.648 39.686 43.242 41.018 38.674 34.559 31.953 26.743 22.750 19.301 18.305 16.116 16.223 16.036 17.066 17.317 20.574 23.910 25.271 28.397 28.940 29.060 29.266 30.999 26.225 24.919 21.485 20.440 21.274 23.075 27.276 30.534 33.519 43.748 48.762 66.390 77.731 81.246 89.581 94.016 97.303 102.889 105.769 107.504 112.382 125.658 129.160 106.196 105.488 105.438 94.478 69.942 49.780 35.492 17.852 7.005 0.000 -999.250 -999.250 -999.250
0.000 0.000 0.000 0.000 4.488 11.155 16.266 19.400 26.361 34.148 35.290 36.372 37.875 38.846 35.771 30.424 30.075 24.557 22.319 20.241 19.389 17.238 17.660 17.607 20.081 22.231 23.528 23.445 28.148 24.975 24.565 24.061 21.028 18.936 18.394 16.381 15.863 12.555 13.476 15.705 17.423 24.526 27.428 39.201 53.969 64.616 71.718 74.685 79.140 93.737 96.394 103.042 98.496 101.022 95.420 100.253 94.282 89.738 78.533 62.615 51.391 35.940 19.825 8.237 0.018 0.000 0.000 -999.250 -999.250
0.000 0.000 0.000 0.325 4.981 7.345 15.666 21.610 26.048 32.002 34.771 32.825 32.082 35.509 32.437 32.161 29.576 23.844 24.422 20.572 20.712 18.356 18.104 19.301 19.459 20.496 21.930 22.134 21.230 23.450 19.381 18.473 15.930 13.403 12.497 10.771 7.915 7.448 6.739 6.334 8.335 13.786 19.775 29.390 39.076 49.585 54.490 53.290 62.938 75.843 85.994 93.529 94.117 94.656 90.740 88.940 80.952 67.278 59.981 54.474 38.104 22.493 13.343 -999.250 -999.250 -999.250 -999.250 -999.250 -999.250
4.113 2.516 1.175 4.458 5.880 8.691 12.355 17.571 21.227 27.307 28.751 29.534 29.262 29.943 25.763 27.245 24.785 28.447 26.700 22.179 20.259 18.344 18.900 21.611 20.026 21.144 19.629 22.238 21.136 20.223 19.306 16.273 11.537 9.133 8.107 5.857 4.578 2.599 0.000 0.000 0.000 5.594 12.864 18.276 27.320 33.989 41.048 47.353 57.089 62.578 71.670 71.699 82.527 84.791 82.741 77.456 65.437 53.174 41.940 35.026 27.340 11.178 3.304 0.000 -999.250 -999.250 -999.250 -999.250 -999.250
5.732 5.162 5.907 6.923 8.314 7.806 11.070 13.845 16.616 20.458 21.071 24.488 25.860 23.609 22.571 19.536 21.094 22.500 23.699 21.865 18.864 14.629 14.575 15.982 17.555 19.967 18.346 18.809 17.857 19.204 17.438 16.468 9.460 7.301 6.110 3.626 1.325 0.000 0.000 0.000 0.000 0.501 5.788 13.156 18.763 24.894 32.471 34.072 45.136 55.704 61.491 66.120 65.067 62.071 66.773 61.189 51.447 44.442 35.292 21.474 14.009 5.504 -999.250 -999.250 -999.250 -999.250 -999.250 -999.250 -999.250
11.345 10.674 8.647 10.379 8.349 7.189 8.118 9.015 10.316 14.383 16.111 17.396 17.402 18.172 15.890 18.065 16.782 16.971 18.278 15.963 14.505 12.505 12.319 12.578 14.744 14.183 12.602 15.089 14.259 14.071 12.055 12.094 7.161 4.262 2.850 0.000 0.000 0.000 0.000 0.000 0.000 0.000 0.000 7.505 13.704 17.070 19.476 24.947 33.185 37.527 46.693 59.581 57.722 50.481 44.573 41.333 36.404 32.094 23.805 13.942 5.988 0.000 -999.250 -999.250 -999.250 -999.250 -999.250 -999.250 -999.250
16.013 13.422 13.372 11.593 7.721 6.957 3.953 4.003 5.399 7.954 10.031 9.554 11.979 11.440 9.073 9.149 9.464 10.224 11.694 11.088 8.050 7.630 6.349 8.819 9.887 10.386 7.690 9.710 8.402 9.461 8.094 5.550 5.171 3.233 4.000 1.558 0.000 0.000 0.000 0.000 0.000 0.000 0.000 3.972 6.464 12.475 13.348 17.541 23.466 25.755 33.271 37.901 39.629 33.879 38.005 30.107 29.418 20.251 14.009 5.251 0.000 -999.250 -999.250 -999.250 -999.250 -999.250 -999.250 -999.250 -999.250
21.124 19.550 16.174 11.753 7.521 2.134 0.000 0.000 0.000 2.338 3.601 3.537 4.303 3.321 1.514 3.050 2.311 4.876 5.657 9.412 5.854 4.330 1.220 3.760 4.389 4.023 4.253 5.659 4.039 2.305 2.397 0.606 0.000 2.507 4.848 4.556 0.783 0.000 0.000 0.000 0.000 0.000 0.000 0.000 0.956 2.790 6.438 12.002 14.484 17.486 22.681 24.221 24.214 23.254 19.080 17.799 16.964 10.726 4.911 -999.250 -999.250 -999.250 -999.250 -999.250 -999.250 -999.250 -999.250 -999.250 -999.250
25.843 21.682 17.395 11.692 5.383 0.000 0.000 0.000 0.000 0.000 0.000 0.000 0.000 0.000 0.000 0.000 0.000 0.000 0.000 0.695 0.000 0.000 0.000 0.000 0.000 0.000 0.006 0.062 0.000 0.000 0.000 0.000 0.000 1.398 5.264 8.606 7.925 3.806 0.000 0.000 0.000 0.000 0.000 0.000 0.000 0.000 0.815 3.944 8.339 10.769 13.192 16.184 17.227 16.959 13.113 12.460 8.291 7.132 0.318 -999.250 -999.250 -999.250 -999.250 -999.250 -999.250 -999.250 -999.250 -999.250 -999.250
28.592 26.262 19.619 12.422 2.854 0.000 0.000 0.000 0.000 0.000 0.000 0.000 0.000 0.000 0.000 0.000 0.000 0.000 0.000 0.000 0.000 0.000 0.000 0.000 0.000 0.000 0.000 0.000 0.000 0.000 0.000 0.000 0.000 2.694 8.550 11.463 12.274 8.094 2.558 2.445 0.000 0.000 0.000 0.000 0.000 0.000 0.000 0.000 3.037 4.086 6.167 9.804 8.892 7.900 -999.250 3.287 5.073 -999.250 -999.250 -999.250 -999.250 -999.250 -999.250 -999.250 -999.250 -999.250 -999.250 -999.250 -999.250
32.402 29.627 23.504 14.647 3.237 0.000 0.000 0.000 0.000 0.000 0.000 0.000 0.000 0.000 0.000 0.000 0.000 0.000 0.000 0.000 0.000 0.000 0.000 0.000 0.000 0.000 0.000 0.000 0.000 0.000 0.000 0.000 0.000 2.202 8.465 13.151 14.653 13.474 9.705 6.777 2.713 0.000 0.000 0.000 0.000 0.000 0.000 0.000 0.000 0.000 0.000 4.118 -999.250 -999.250 -999.250 -999.250 -999.250 -999.250 -999.250 -999.250 -999.250 -999.250 -999.250 -999.250 -999.250 -999.250 -999.250 -999.250 -999.250
41.609 38.086 31.854 18.887 8.169 0.000 0.000 0.000 0.000 0.000 0.000 0.000 0.000 0.000 0.000 0.000 0.000 0.000 0.000 0.000 0.000 0.000 0.000 0.000 0.000 0.000 0.000 0.000 0.000 0.000 0.000 0.000 0.000 6.220 10.992 15.201 16.598 17.386 14.771 10.809 5.454 2.625 0.000 0.000 0.000 0.000 0.000 0.000 0.000 0.000 0.000 -999.250 -999.250 -999.250 -999.250 -999.250 -999.250 -999.250 -999.250 -999.250 -999.250 -999.250 -999.250 -999.250 -999.250 -999.250 -999.250 -999.250 -999.250
51.279 48.706 44.308 28.478 11.941 0.000 0.000 0.000 0.000 0.000 0.000 0.000 0.000 0.000 0.000 0.000 0.000 0.000 0.000 0.000 0.000 0.000 0.000 0.000 0.000 0.000 0.000 0.000 0.000 0.000 0.000 0.000 0.861 8.723 13.718 18.860 18.852 20.108 18.386 14.109 9.448 4.708 2.833 0.000 0.000 0.000 0.000 0.000 0.000 0.000 0.000 -999.250 -999.250 -999.250 -999.250 -999.250 -999.250 -999.250 -999.250 -999.250 -999.250 -999.250 -999.250 -999.250 -999.250 -999.250 -999.250 -999.250 -999.250
66.260 75.207 67.191 39.716 17.255 0.000 0.000 0.000 0.000 0.000 0.000 0.000 0.000 0.000 0.000 0.000 0.000 0.000 0.000 0.000 0.000 0.000 0.000 0.000 0.000 0.000 0.000 0.000 0.000 0.000 0.000 0.000 0.493 7.916 15.680 25.991 22.164 21.044 20.480 19.301 13.546 11.452 3.929 0.252 0.000 0.000 0.000 0.000 0.000 0.000 -999.250 -999.250 -999.250 -999.250 -999.250 -999.250 -999.250 -999.250 -999.250 -999.250 -999.250 -999.250 -999.250 -999.250 -999.250 -999.250 -999.250 -999.250 -999.250
74.418 100.908 73.745 45.898 21.264 5.165 0.000 0.000 0.000 0.721 0.242 0.000 0.000 0.000 0.000 0.000 0.000 0.000 0.000 0.000 0.000 0.000 0.000 0.000 0.000 0.000 0.000 0.000 0.000 0.000 0.000 0.000 1.973 9.213 12.902 18.400 18.784 21.704 20.437 20.750 18.189 13.214 6.933 1.433 0.000 0.000 0.000 0.000 0.000 -999.250 -999.250 -999.250 -999.250 -999.250 -999.250 -999.250 -999.250 -999.250 -999.250 -999.250 -999.250 -999.250 -999.250 -999.250 -999.250 -999.250 -999.250 -999.250 -999.250
58.094 68.327 58.825 37.890 19.895 8.386 1.492 0.000 4.675 8.477 8.663 6.646 2.002 0.000 0.000 0.000 0.000 0.000 0.000 0.000 0.000 0.000 0.000 0.000 0.000 0.000 0.000 0.000 0.000 0.000 0.000 0.000 3.752 7.320 10.244 13.104 16.035 17.991 19.710 20.538 20.592 19.073 13.615 6.630 0.829 0.000 0.000 0.000 0.000 -999.250 -999.250 -999.250 -999.250 -999.250 -999.250 -999.250 -999.250 -999.250 -999.250 -999.250 -999.250 -999.250 -999.250 -999.250 -999.250 -999.250 -999.250 -999.250 -999.250
37.468 39.315 33.949 22.834 13.076 5.554 3.611 4.210 8.107 16.510 18.263 14.762 6.032 0.000 0.000 0.000 0.000 0.000 0.000 0.000 0.000 0.000 0.000 0.000 0.000 0.000 0.000 0.000 0.000 0.000 0.000 2.880 7.577 8.977 8.344 8.393 10.428 16.065 19.631 23.157 25.524 22.901 18.352 11.004 4.441 0.000 0.000 0.000 -999.250 -999.250 -999.250 -999.250 -999.250 -999.250 -999.250 -999.250 -999.250 -999.250 -999.250 -999.250 -999.250 -999.250 -999.250 -999.250 -999.250 -999.250 -999.250 -999.250 -999.250
11.367 17.738 15.690 10.077 4.017 2.574 1.950 5.607 12.420 21.767 34.668 18.311 9.796 3.249 0.000 2.458 4.990 6.444 4.946 2.695 0.000 0.000 0.000 0.000 0.000 0.000 0.000 0.000 0.000 0.000 0.897 6.402 15.377 10.914 7.469 6.821 10.269 13.924 18.206 21.121 28.097 29.474 24.314 16.813 11.002 4.355 0.000 0.224 -999.250 -999.250 -999.250 -999.250 -999.250 -999.250 -999.250 -999.250 -999.250 -999.250 -999.250 -999.250 -999.250 -999.250 -999.250 -999.250 -999.250 -999.250 -999.250 -999.250 -999.250
2.460 5.092 4.434 0.000 0.000 0.000 0.000 5.375 11.625 18.770 21.922 16.670 9.415 7.362 7.637 10.250 11.651 10.843 11.774 6.946 0.004 0.000 0.000 0.000 0.000 0.000 0.000 0.000 0.000 0.000 0.307 6.131 7.392 7.044 6.075 5.994 7.105 11.875 18.876 20.684 31.804 34.432 35.219 23.787 17.861 9.699 7.190 7.789 -999.250 -999.250 -999.250 -999.250 -999.250 -999.250 -999.250 -999.250 -999.250 -999.250 -999.250 -999.250 -999.250 -999.250 -999.250 -999.250 -999.250 -999.250 -999.250 -999.250 -999.250
0.000 0.000 0.000 0.000 0.000 0.000 0.000 1.622 5.402 12.043 13.211 11.042 8.561 9.309 15.512 20.353 27.565 27.261 24.028 18.048 7.087 0.000 0.000 0.000 0.000 0.000 0.000 0.000 0.000 0.000 0.000 3.051 4.194 4.100 5.893 5.571 9.252 11.026 17.812 25.556 34.254 40.572 38.158 35.972 25.787 22.597 17.125 -999.250 -999.250 -999.250 -999.250 -999.250 -999.250 -999.250 -999.250 -999.250 -999.250 -999.250 -999.250 -999.250 -999.250 -999.250 -999.250 -999.250 -999.250 -999.250 -999.250 -999.250 -999.250
