data/medianmodel_18-Dec-2020.asc
ncols	141
nrows	288
xllcorner	-120191.398
yllcorner	-301404.813
cellsize	2000.000
NODATA_value	-999.250
[rows 232 to 260 of 288, columns 0 to 63 of 141]
-999.250 -999.250 -999.250 -999.250 -999.250 -999.250 -999.250 -999.250 -999.250 -999.250 -999.250 -999.250 -999.250 -999.250 -999.250 -999.250 -999.250 -999.250 -999.250 -999.250 -999.250 -999.250 -999.250 -999.250 -999.250 -999.250 -999.250 110.606 99.604 90.829 86.747 80.204 77.429 77.764 83.087 81.460 79.229 84.451 86.712 88.780 88.172 88.979 86.963 92.602 86.218 78.240 65.678 59.861 36.614 28.737 23.168 17.623 15.657 12.401 8.438 6.729 4.666 4.977 15.191 19.011 31.565 38.154 54.365 74.330
-999.250 -999.250 -999.250 -999.250 -999.250 -999.250 -999.250 -999.250 -999.250 -999.250 -999.250 -999.250 -999.250 -999.250 -999.250 -999.250 -999.250 -999.250 -999.250 -999.250 -999.250 -999.250 -999.250 -999.250 -999.250 -999.250 -999.250 -999.250 98.296 91.594 86.187 82.417 79.085 77.631 83.422 81.019 83.185 86.743 90.893 85.737 85.615 79.203 77.256 86.695 81.935 59.120 48.501 37.713 28.510 21.000 14.666 10.593 5.397 2.774 3.732 0.493 0.077 3.157 11.926 20.632 31.702 36.110 68.411 80.207
-999.250 -999.250 -999.250 -999.250 -999.250 -999.250 -999.250 -999.250 -999.250 -999.250 -999.250 -999.250 -999.250 -999.250 -999.250 -999.250 -999.250 -999.250 -999.250 -999.250 -999.250 -999.250 -999.250 -999.250 -999.250 -999.250 -999.250 -999.250 -999.250 -999.250 90.454 78.329 71.669 78.526 73.733 75.343 81.552 93.092 84.378 87.120 84.217 80.148 79.898 79.709 75.482 67.870 35.180 30.040 24.654 23.731 6.362 9.883 0.000 0.000 0.000 0.000 0.000 0.488 11.044 21.740 29.025 52.017 71.119 89.465
-999.250 -999.250 -999.250 -999.250 -999.250 -999.250 -999.250 -999.250 -999.250 -999.250 -999.250 -999.250 -999.250 -999.250 -999.250 -999.250 -999.250 -999.250 -999.250 -999.250 -999.250 -999.250 -999.250 -999.250 -999.250 -999.250 -999.250 -999.250 -999.250 -999.250 90.742 87.210 84.948 85.277 84.129 84.686 89.707 93.633 86.147 86.101 89.623 84.102 79.225 76.933 59.392 48.984 31.889 36.471 24.757 13.241 12.878 8.841 2.124 0.000 0.000 0.000 0.000 1.864 6.444 22.902 32.373 52.298 77.409 96.542
-999.250 -999.250 -999.250 -999.250 -999.250 -999.250 -999.250 -999.250 -999.250 -999.250 -999.250 -999.250 -999.250 -999.250 -999.250 -999.250 -999.250 -999.250 -999.250 -999.250 -999.250 -999.250 -999.250 -999.250 -999.250 -999.250 -999.250 -999.250 -999.250 -999.250 97.240 94.072 95.431 97.602 98.562 91.926 105.227 102.536 93.009 89.885 95.175 90.807 86.623 81.169 56.001 46.124 43.978 39.030 28.693 20.028 12.227 3.099 0.966 0.000 0.000 0.000 0.000 0.000 10.126 24.251 34.116 72.348 88.082 113.520
-999.250 -999.250 -999.250 -999.250 -999.250 -999.250 -999.250 -999.250 -999.250 -999.250 -999.250 -999.250 -999.250 -999.250 -999.250 -999.250 -999.250 -999.250 -999.250 -999.250 -999.250 -999.250 -999.250 -999.250 -999.250 -999.250 -999.250 -999.250 -999.250 -999.250 -999.250 103.192 96.481 103.347 107.601 112.623 114.903 120.096 105.728 97.499 98.773 97.741 90.118 83.132 74.655 54.666 56.207 30.297 29.357 22.572 14.116 4.368 0.000 0.000 0.000 0.000 0.000 4.090 12.868 25.620 36.869 77.354 98.491 125.543
-999.250 -999.250 -999.250 -999.250 -999.250 -999.250 -999.250 -999.250 -999.250 -999.250 -999.250 -999.250 -999.250 -999.250 -999.250 -999.250 -999.250 -999.250 -999.250 -999.250 -999.250 -999.250 -999.250 -999.250 -999.250 -999.250 -999.250 -999.250 -999.250 -999.250 118.324 118.235 121.471 126.416 120.409 124.415 124.246 119.521 113.743 111.630 126.439 107.569 113.128 100.623 85.558 74.506 40.085 30.651 26.477 20.778 10.528 0.058 1.912 0.000 0.000 0.000 2.544 13.732 22.776 30.438 49.058 85.299 110.043 132.287
-999.250 -999.250 -999.250 -999.250 -999.250 -999.250 -999.250 -999.250 -999.250 -999.250 -999.250 -999.250 -999.250 -999.250 -999.250 -999.250 -999.250 -999.250 -999.250 -999.250 -999.250 -999.250 -999.250 -999.250 -999.250 -999.250 -999.250 -999.250 -999.250 -999.250 -999.250 137.997 140.698 144.870 145.137 153.973 141.469 148.971 139.435 122.398 125.952 122.359 123.829 105.631 95.472 86.095 60.912 35.192 27.096 21.754 10.422 9.913 0.000 0.000 0.000 0.602 5.847 21.831 30.990 54.617 79.402 91.149 119.067 167.137
-999.250 -999.250 -999.250 -999.250 -999.250 -999.250 -999.250 -999.250 -999.250 -999.250 -999.250 -999.250 -999.250 -999.250 -999.250 -999.250 -999.250 -999.250 -999.250 -999.250 -999.250 -999.250 -999.250 -999.250 -999.250 -999.250 -999.250 -999.250 -999.250 -999.250 134.598 159.724 166.003 166.188 177.755 170.547 177.641 170.532 145.314 140.441 135.308 131.834 127.356 107.061 103.871 86.298 75.026 39.914 29.714 24.621 13.844 14.058 6.087 0.000 0.428 3.905 12.187 24.143 38.442 69.966 88.112 109.666 135.128 172.671
-999.250 -999.250 -999.250 -999.250 -999.250 -999.250 -999.250 -999.250 -999.250 -999.250 -999.250 -999.250 -999.250 -999.250 -999.250 -999.250 -999.250 -999.250 -999.250 -999.250 -999.250 -999.250 -999.250 -999.250 -999.250 -999.250 -999.250 -999.250 -999.250 -999.250 167.035 186.068 177.792 176.802 186.423 186.629 186.324 177.848 171.654 174.888 153.300 136.362 130.548 121.880 99.989 93.385 79.944 59.307 34.545 26.387 19.439 11.215 2.972 3.397 1.529 8.016 20.829 30.844 56.609 76.840 94.179 128.131 156.091 183.055
-999.250 -999.250 -999.250 -999.250 -999.250 -999.250 -999.250 -999.250 -999.250 -999.250 -999.250 -999.250 -999.250 -999.250 -999.250 -999.250 -999.250 -999.250 -999.250 -999.250 -999.250 -999.250 -999.250 -999.250 -999.250 -999.250 -999.250 -999.250 -999.250 -999.250 179.954 195.539 185.407 189.398 195.671 207.805 205.693 196.883 190.456 184.695 167.669 152.068 145.709 130.022 115.454 113.278 99.456 78.048 50.111 30.441 20.820 14.378 13.698 8.857 5.645 12.045 24.538 41.175 68.906 88.179 111.076 147.020 175.573 198.065
-999.250 -999.250 -999.250 -999.250 -999.250 -999.250 -999.250 -999.250 -999.250 -999.250 -999.250 -999.250 -999.250 -999.250 -999.250 -999.250 -999.250 -999.250 -999.250 -999.250 -999.250 -999.250 -999.250 -999.250 -999.250 -999.250 -999.250 -999.250 -999.250 -999.250 219.775 220.564 203.854 214.170 216.591 231.600 227.791 215.620 207.066 197.964 205.672 186.211 165.547 158.752 137.829 118.586 99.529 82.144 57.770 29.139 19.128 18.881 8.042 10.030 11.246 16.032 24.108 39.407 75.405 99.646 131.324 174.344 200.602 219.153
-999.250 -999.250 -999.250 -999.250 -999.250 -999.250 -999.250 -999.250 -999.250 -999.250 -999.250 -999.250 -999.250 -999.250 -999.250 -999.250 -999.250 -999.250 -999.250 -999.250 -999.250 -999.250 -999.250 -999.250 -999.250 -999.250 -999.250 -999.250 -999.250 -999.250 240.828 241.460 233.700 242.887 234.373 262.195 249.261 245.449 233.593 240.243 225.732 206.637 181.510 182.471 160.263 126.475 110.067 98.345 75.815 43.589 28.316 16.309 12.231 13.872 17.055 24.754 28.354 51.230 83.424 114.191 164.881 200.894 220.207 219.894
-999.250 -999.250 -999.250 -999.250 -999.250 -999.250 -999.250 -999.250 -999.250 -999.250 -999.250 -999.250 -999.250 -999.250 -999.250 -999.250 -999.250 -999.250 -999.250 -999.250 -999.250 -999.250 -999.250 -999.250 -999.250 -999.250 -999.250 -999.250 -999.250 -999.250 -999.250 254.203 268.203 274.599 260.731 273.087 276.201 290.175 285.499 276.937 259.249 228.504 203.062 192.645 175.914 149.307 128.982 109.356 88.783 67.602 31.853 24.780 16.098 10.874 10.558 19.319 30.387 67.316 89.279 124.356 176.062 230.249 224.687 223.857
-999.250 -999.250 -999.250 -999.250 -999.250 -999.250 -999.250 -999.250 -999.250 -999.250 -999.250 -999.250 -999.250 -999.250 -999.250 -999.250 -999.250 -999.250 -999.250 -999.250 -999.250 -999.250 -999.250 -999.250 -999.250 -999.250 -999.250 -999.250 -999.250 -999.250 -999.250 294.376 289.176 296.336 325.519 335.855 326.906 344.567 323.142 321.017 294.798 274.420 238.993 209.187 193.715 157.393 133.537 122.811 101.679 82.904 49.508 30.397 19.864 15.407 14.749 23.146 29.151 51.802 85.524 123.822 158.747 189.141 212.029 218.021
-999.250 -999.250 -999.250 -999.250 -999.250 -999.250 -999.250 -999.250 -999.250 -999.250 -999.250 -999.250 -999.250 -999.250 -999.250 -999.250 -999.250 -999.250 -999.250 -999.250 -999.250 -999.250 -999.250 -999.250 -999.250 -999.250 -999.250 -999.250 -999.250 -999.250 306.347 312.643 325.919 316.994 342.268 355.164 360.553 369.625 373.774 354.451 319.019 299.400 263.429 227.909 202.358 177.076 133.598 128.745 107.393 89.969 63.327 36.471 26.121 19.888 9.477 21.365 30.360 41.567 81.446 109.088 133.115 170.276 188.272 201.928
-999.250 -999.250 -999.250 -999.250 -999.250 -999.250 -999.250 -999.250 -999.250 -999.250 -999.250 -999.250 -999.250 -999.250 -999.250 -999.250 -999.250 -999.250 -999.250 -999.250 -999.250 -999.250 -999.250 -999.250 -999.250 -999.250 -999.250 -999.250 -999.250 -999.250 342.412 345.906 352.406 350.357 364.418 381.246 376.601 405.299 400.886 383.579 368.884 325.633 292.586 247.381 229.641 192.773 170.261 142.939 118.630 97.861 77.679 53.998 32.921 24.350 21.092 19.649 30.541 48.929 76.576 98.429 122.666 143.184 176.166 194.512
-999.250 -999.250 -999.250 -999.250 -999.250 -999.250 -999.250 -999.250 -999.250 -999.250 -999.250 -999.250 -999.250 -999.250 -999.250 -999.250 -999.250 -999.250 -999.250 -999.250 -999.250 -999.250 -999.250 -999.250 -999.250 -999.250 -999.250 -999.250 -999.250 -999.250 335.816 349.204 361.663 365.624 362.351 379.160 397.034 426.574 417.986 417.398 395.936 366.928 313.562 271.293 251.055 204.885 182.068 170.344 137.775 107.430 92.226 72.276 42.419 27.644 22.866 21.706 23.995 36.600 67.021 89.310 111.226 139.677 178.636 183.001
-999.250 -999.250 -999.250 -999.250 -999.250 -999.250 -999.250 -999.250 -999.250 -999.250 -999.250 -999.250 -999.250 -999.250 -999.250 -999.250 -999.250 -999.250 -999.250 -999.250 -999.250 -999.250 -999.250 -999.250 -999.250 -999.250 -999.250 -999.250 -999.250 -999.250 357.557 346.329 358.922 386.770 385.686 392.025 406.815 457.304 450.750 465.558 405.477 376.735 348.003 290.945 251.332 242.603 189.901 175.870 146.693 119.551 95.334 79.927 69.068 33.404 31.501 28.720 28.083 40.359 64.487 85.734 100.172 130.049 160.942 179.773
-999.250 -999.250 -999.250 -999.250 -999.250 -999.250 -999.250 -999.250 -999.250 -999.250 -999.250 -999.250 -999.250 -999.250 -999.250 -999.250 -999.250 -999.250 -999.250 -999.250 -999.250 -999.250 -999.250 -999.250 -999.250 -999.250 -999.250 -999.250 -999.250 -999.250 370.034 378.956 371.607 373.749 386.821 404.936 429.330 438.402 468.473 509.771 444.464 390.635 362.743 323.843 284.772 249.579 210.258 183.217 155.434 119.827 99.168 85.104 73.957 53.665 42.337 36.519 32.094 38.419 62.444 79.218 94.318 120.056 135.255 167.488
-999.250 -999.250 -999.250 -999.250 -999.250 -999.250 -999.250 -999.250 -999.250 -999.250 -999.250 -999.250 -999.250 -999.250 -999.250 -999.250 -999.250 -999.250 -999.250 -999.250 -999.250 -999.250 -999.250 -999.250 -999.250 -999.250 -999.250 -999.250 -999.250 352.480 371.843 365.092 368.698 368.160 377.713 397.191 420.349 445.153 456.812 468.729 430.425 391.109 353.147 321.289 289.008 263.212 219.224 191.124 172.390 137.126 111.637 98.168 88.075 78.889 67.900 39.437 39.633 41.763 53.261 80.639 95.022 100.009 126.390 153.388
-999.250 -999.250 -999.250 -999.250 -999.250 -999.250 -999.250 -999.250 -999.250 -999.250 -999.250 -999.250 -999.250 -999.250 -999.250 -999.250 -999.250 -999.250 -999.250 -999.250 -999.250 -999.250 -999.250 -999.250 -999.250 -999.250 -999.250 -999.250 -999.250 -999.250 359.059 367.974 369.174 375.417 371.020 378.990 417.622 407.461 416.929 409.378 394.640 388.440 347.327 309.761 287.900 244.882 214.498 182.633 155.738 132.456 115.135 99.950 89.053 81.134 74.456 70.697 62.918 46.825 68.438 79.501 85.067 93.776 110.167 136.019
-999.250 -999.250 -999.250 -999.250 -999.250 -999.250 -999.250 -999.250 -999.250 -999.250 -999.250 -999.250 -999.250 -999.250 -999.250 -999.250 -999.250 -999.250 -999.250 -999.250 -999.250 -999.250 -999.250 -999.250 -999.250 -999.250 -999.250 -999.250 -999.250 -999.250 351.087 357.765 363.907 381.539 379.986 375.564 398.189 399.801 387.801 397.138 382.893 357.725 338.651 304.553 259.923 256.115 205.430 191.064 171.821 150.526 123.221 122.051 102.287 94.769 70.277 75.776 59.970 56.821 66.776 76.376 82.579 88.274 103.167 126.770
-999.250 -999.250 -999.250 -999.250 -999.250 -999.250 -999.250 -999.250 -999.250 -999.250 -999.250 -999.250 -999.250 -999.250 -999.250 -999.250 -999.250 -999.250 -999.250 -999.250 -999.250 -999.250 -999.250 -999.250 -999.250 -999.250 -999.250 -999.250 -999.250 -999.250 -999.250 344.701 355.126 360.662 366.011 372.312 383.597 373.884 370.563 357.592 352.666 323.292 316.464 287.859 266.329 238.988 212.837 185.252 176.698 139.996 124.783 122.523 105.418 93.313 79.308 76.257 78.047 83.539 70.418 84.691 76.140 89.479 102.693 121.331
-999.250 -999.250 -999.250 -999.250 -999.250 -999.250 -999.250 -999.250 -999.250 -999.250 -999.250 -999.250 -999.250 -999.250 -999.250 -999.250 -999.250 -999.250 -999.250 -999.250 -999.250 -999.250 -999.250 -999.250 -999.250 -999.250 -999.250 -999.250 -999.250 -999.250 -999.250 334.299 319.415 344.808 346.934 345.927 357.087 350.629 349.775 359.515 332.467 317.852 296.891 282.811 254.729 216.243 203.356 186.109 169.539 147.721 129.828 115.811 104.171 91.190 82.378 80.300 82.407 76.704 74.089 83.047 84.429 87.517 96.288 118.670
-999.250 -999.250 -999.250 -999.250 -999.250 -999.250 -999.250 -999.250 -999.250 -999.250 -999.250 -999.250 -999.250 -999.250 -999.250 -999.250 -999.250 -999.250 -999.250 -999.250 -999.250 -999.250 -999.250 -999.250 -999.250 -999.250 -999.250 -999.250 -999.250 -999.250 305.979 306.589 325.690 323.532 327.470 338.387 310.695 334.820 308.082 302.083 294.068 279.267 269.431 259.947 241.572 220.690 206.496 189.991 174.749 147.782 132.831 112.490 104.102 92.538 95.281 87.244 84.386 86.924 81.308 81.614 82.823 88.595 95.622 109.328
-999.250 -999.250 -999.250 -999.250 -999.250 -999.250 -999.250 -999.250 -999.250 -999.250 -999.250 -999.250 -999.250 -999.250 -999.250 -999.250 -999.250 -999.250 -999.250 -999.250 -999.250 -999.250 -999.250 -999.250 -999.250 -999.250 -999.250 -999.250 -999.250 -999.250 306.104 286.059 298.033 302.051 293.211 298.322 303.150 305.188 284.882 295.349 268.837 268.279 232.072 223.971 218.904 204.960 188.855 172.277 168.892 147.765 129.870 115.103 100.095 93.446 94.384 85.600 84.014 81.661 79.731 79.152 84.225 90.221 94.745 103.113
-999.250 -999.250 -999.250 -999.250 -999.250 -999.250 -999.250 -999.250 -999.250 -999.250 -999.250 -999.250 -999.250 -999.250 -999.250 -999.250 -999.250 -999.250 -999.250 -999.250 -999.250 -999.250 -999.250 -999.250 -999.250 -999.250 -999.250 -999.250 -999.250 -999.250 253.828 281.207 295.179 297.642 280.209 263.695 260.668 257.610 268.052 256.042 248.516 234.079 223.013 211.796 199.896 187.745 183.856 159.371 157.151 135.054 133.661 108.280 102.940 91.481 86.682 85.640 85.096 81.586 78.730 86.245 85.798 89.260 92.385 95.587
-999.250 -999.250 -999.250 -999.250 -999.250 -999.250 -999.250 -999.250 -999.250 -999.250 -999.250 -999.250 -999.250 -999.250 -999.250 -999.250 -999.250 -999.250 -999.250 -999.250 -999.250 -999.250 -999.250 -999.250 -999.250 -999.250 -999.250 -999.250 -999.250 -999.250 228.957 255.673 259.714 277.964 259.636 248.051 233.324 238.850 246.238 230.459 220.332 208.159 197.692 197.958 189.202 182.953 169.888 157.161 137.762 131.051 127.024 119.678 107.302 101.033 96.432 89.468 95.690 90.082 90.237 92.439 88.792 86.403 88.350 93.779
