data/medianmodel_28-Nov-2020.asc
ncols	141
nrows	288
xllcorner	-120191.398
yllcorner	-301404.813
cellsize	2000.000
NODATA_value	-999.250
[rows 145 to 173 of 288, columns 64 to 127 of 141]
747.960 808.466 994.828 1133.542 1211.889 1300.920 1329.564 1358.872 1320.941 1269.499 1190.357 1101.508 979.847 939.338 792.207 750.687 715.881 676.456 613.266 559.703 516.556 494.613 442.819 395.934 347.274 328.756 332.048 -999.250 -999.250 -999.250 -999.250 -999.250 -999.250 -999.250 -999.250 -999.250 -999.250 -999.250 -999.250 -999.250 -999.250 -999.250 -999.250 -999.250 -999.250 -999.250 -999.250 -999.250 -999.250 -999.250 -999.250 -999.250 -999.250 -999.250 -999.250 -999.250 -999.250 -999.250 -999.250 -999.250 -999.250 -999.250 -999.250 -999.250
895.333 1109.904 1186.947 1320.794 1421.435 1497.114 1520.337 1434.608 1423.773 1429.507 1324.754 1217.280 1134.106 996.620 934.502 844.165 764.459 731.188 690.400 644.424 543.588 525.295 490.560 452.471 384.035 325.117 334.833 354.305 -999.250 -999.250 -999.250 -999.250 -999.250 -999.250 -999.250 -999.250 -999.250 -999.250 -999.250 -999.250 -999.250 -999.250 -999.250 -999.250 -999.250 -999.250 -999.250 -999.250 -999.250 -999.250 -999.250 -999.250 -999.250 -999.250 -999.250 -999.250 -999.250 -999.250 -999.250 -999.250 -999.250 -999.250 -999.250 -999.250
981.500 1234.269 1345.176 1498.469 1642.906 1721.316 1651.790 1547.203 1497.754 1425.382 1398.356 1299.072 1160.625 1097.419 1031.190 935.533 919.868 814.574 718.439 680.626 628.115 533.744 529.782 468.763 427.099 350.044 320.432 343.217 -999.250 -999.250 -999.250 -999.250 -999.250 -999.250 -999.250 -999.250 -999.250 -999.250 -999.250 -999.250 -999.250 -999.250 -999.250 -999.250 -999.250 -999.250 -999.250 -999.250 -999.250 -999.250 -999.250 -999.250 -999.250 -999.250 -999.250 -999.250 -999.250 -999.250 -999.250 -999.250 -999.250 -999.250 -999.250 -999.250
1020.751 1295.179 1390.006 1551.213 1766.101 1838.799 1779.919 1685.441 1514.268 1506.471 1438.927 1377.539 1223.256 1226.602 1100.208 1028.785 975.876 921.744 790.212 743.921 691.525 595.042 562.199 515.595 449.781 399.257 308.325 413.927 487.510 530.991 552.072 -999.250 -999.250 -999.250 -999.250 -999.250 -999.250 -999.250 -999.250 -999.250 -999.250 -999.250 -999.250 -999.250 -999.250 -999.250 -999.250 -999.250 -999.250 -999.250 -999.250 -999.250 -999.250 -999.250 -999.250 -999.250 -999.250 -999.250 -999.250 -999.250 -999.250 -999.250 -999.250 -999.250
1054.492 1236.674 1409.812 1578.856 1652.641 1829.114 1817.937 1742.590 1540.396 1558.751 1441.013 1404.129 1315.371 1232.038 1110.728 1015.811 1035.295 958.227 886.225 820.593 752.786 711.124 610.358 596.260 534.215 509.998 501.004 531.936 595.251 645.026 636.807 629.200 -999.250 -999.250 -999.250 -999.250 -999.250 -999.250 -999.250 -999.250 -999.250 -999.250 -999.250 -999.250 -999.250 -999.250 -999.250 -999.250 -999.250 -999.250 -999.250 -999.250 -999.250 -999.250 -999.250 -999.250 -999.250 -999.250 -999.250 -999.250 -999.250 -999.250 -999.250 -999.250
1053.753 1165.633 1413.957 1492.254 1611.965 1749.988 1741.266 1685.510 1587.495 1555.906 1496.519 1469.761 1395.636 1295.435 1232.497 1139.831 1110.149 1020.307 897.984 920.820 917.600 813.868 714.030 715.734 692.972 665.512 622.068 701.252 728.430 739.450 729.978 -999.250 -999.250 -999.250 -999.250 -999.250 -999.250 -999.250 -999.250 -999.250 -999.250 -999.250 -999.250 -999.250 -999.250 -999.250 -999.250 -999.250 -999.250 -999.250 -999.250 -999.250 -999.250 -999.250 -999.250 -999.250 -999.250 -999.250 -999.250 -999.250 -999.250 -999.250 -999.250 -999.250
1004.033 1197.059 1292.537 1435.788 1520.944 1596.223 1657.159 1644.060 1619.939 1525.481 1487.062 1404.666 1376.132 1276.603 1204.250 1148.094 1142.090 1114.527 1013.636 961.738 998.779 946.136 911.051 843.690 798.405 735.908 810.594 836.285 814.307 825.433 808.252 -999.250 -999.250 -999.250 -999.250 -999.250 -999.250 -999.250 -999.250 -999.250 -999.250 -999.250 -999.250 -999.250 -999.250 -999.250 -999.250 -999.250 -999.250 -999.250 -999.250 -999.250 -999.250 -999.250 -999.250 -999.250 -999.250 -999.250 -999.250 -999.250 -999.250 -999.250 -999.250 -999.250
946.749 1092.318 1199.186 1371.854 1471.371 1475.238 1488.337 1484.852 1490.581 1486.964 1457.249 1355.418 1362.592 1318.218 1282.368 1160.680 1168.801 1057.327 1133.316 1171.031 1076.741 1094.295 1073.532 1098.264 1032.746 986.498 996.243 1021.373 940.123 859.744 956.135 -999.250 -999.250 -999.250 -999.250 -999.250 -999.250 -999.250 -999.250 -999.250 -999.250 -999.250 -999.250 -999.250 -999.250 -999.250 -999.250 -999.250 -999.250 -999.250 -999.250 -999.250 -999.250 -999.250 -999.250 -999.250 -999.250 -999.250 -999.250 -999.250 -999.250 -999.250 -999.250 -999.250
839.825 1024.329 1047.217 1175.085 1355.220 1415.661 1416.736 1453.967 1464.506 1435.280 1443.754 1400.446 1328.513 1303.942 1241.457 1150.050 1146.768 1159.899 1163.572 1157.887 1190.380 1261.626 1303.491 1230.792 1221.041 1207.578 1119.808 1102.600 1007.095 1042.142 1071.392 -999.250 -999.250 -999.250 -999.250 -999.250 -999.250 -999.250 -999.250 -999.250 -999.250 -999.250 -999.250 -999.250 -999.250 -999.250 -999.250 -999.250 -999.250 -999.250 -999.250 -999.250 -999.250 -999.250 -999.250 -999.250 -999.250 -999.250 -999.250 -999.250 -999.250 -999.250 -999.250 -999.250
812.507 845.892 954.392 1112.863 1204.403 1280.272 1370.551 1446.052 1347.136 1337.364 1341.933 1333.563 1303.860 1323.887 1263.740 1224.894 1185.571 1208.697 1235.709 1259.577 1260.088 1357.831 1368.222 1375.333 1365.785 1340.910 1315.873 1186.080 1098.170 1153.123 1177.437 -999.250 -999.250 -999.250 -999.250 -999.250 -999.250 -999.250 -999.250 -999.250 -999.250 -999.250 -999.250 -999.250 -999.250 -999.250 -999.250 -999.250 -999.250 -999.250 -999.250 -999.250 -999.250 -999.250 -999.250 -999.250 -999.250 -999.250 -999.250 -999.250 -999.250 -999.250 -999.250 -999.250
703.121 741.402 877.622 886.167 1051.934 1145.829 1250.199 1150.552 1211.356 1258.030 1203.424 1266.232 1188.707 1214.863 1283.034 1272.605 1237.159 1242.830 1255.157 1247.239 1307.808 1342.364 1408.808 1451.923 1457.652 1485.437 1433.655 1321.890 1356.832 1271.567 1229.062 -999.250 -999.250 -999.250 -999.250 -999.250 -999.250 -999.250 -999.250 -999.250 -999.250 -999.250 -999.250 -999.250 -999.250 -999.250 -999.250 -999.250 -999.250 -999.250 -999.250 -999.250 -999.250 -999.250 -999.250 -999.250 -999.250 -999.250 -999.250 -999.250 -999.250 -999.250 -999.250 -999.250
582.518 647.039 724.112 820.327 879.089 953.694 999.018 1075.978 1053.235 1062.894 1082.539 1102.273 1097.784 1127.553 1136.590 1223.079 1267.698 1253.485 1283.093 1365.632 1377.604 1444.396 1427.481 1554.597 1532.336 1505.610 1496.457 1462.652 1429.609 1363.038 1358.495 1234.268 -999.250 -999.250 -999.250 -999.250 -999.250 -999.250 -999.250 -999.250 -999.250 -999.250 -999.250 -999.250 -999.250 -999.250 -999.250 -999.250 -999.250 -999.250 -999.250 -999.250 -999.250 -999.250 -999.250 -999.250 -999.250 -999.250 -999.250 -999.250 -999.250 -999.250 -999.250 -999.250
515.879 536.504 601.434 673.167 763.634 814.844 851.287 889.404 952.350 951.363 913.646 939.333 953.654 1090.674 1078.376 1117.009 1223.121 1132.746 1274.465 1308.976 1400.117 1487.886 1481.126 1541.373 1598.223 1618.594 1617.348 1576.247 1518.000 1464.239 1398.779 1299.037 1315.398 -999.250 -999.250 -999.250 -999.250 -999.250 -999.250 -999.250 -999.250 -999.250 -999.250 -999.250 -999.250 -999.250 -999.250 -999.250 -999.250 -999.250 -999.250 -999.250 -999.250 -999.250 -999.250 -999.250 -999.250 -999.250 -999.250 -999.250 -999.250 -999.250 -999.250 -999.250
429.890 427.487 502.602 567.295 643.335 731.637 760.283 778.228 805.255 785.867 821.997 869.245 830.972 942.721 915.536 1021.584 1047.422 1100.688 1154.724 1278.364 1362.332 1439.545 1494.663 1554.401 1691.395 1669.110 1727.404 1611.364 1549.865 1516.789 1438.535 1365.625 1259.999 1156.574 -999.250 -999.250 -999.250 -999.250 -999.250 -999.250 -999.250 -999.250 -999.250 -999.250 -999.250 -999.250 -999.250 -999.250 -999.250 -999.250 -999.250 -999.250 -999.250 -999.250 -999.250 -999.250 -999.250 -999.250 -999.250 -999.250 -999.250 -999.250 -999.250 -999.250
312.532 283.186 361.155 449.699 518.967 603.415 634.576 682.329 715.832 722.228 729.990 706.481 764.287 819.894 793.650 934.678 1018.795 1028.241 1133.422 1204.482 1312.476 1444.243 1442.731 1489.572 1592.231 1632.586 1697.548 1598.741 1490.578 1487.968 1418.513 1273.616 1235.686 1080.823 -999.250 -999.250 -999.250 -999.250 -999.250 -999.250 -999.250 -999.250 -999.250 -999.250 -999.250 -999.250 -999.250 -999.250 -999.250 -999.250 -999.250 -999.250 -999.250 -999.250 -999.250 -999.250 -999.250 -999.250 -999.250 -999.250 -999.250 -999.250 -999.250 -999.250
211.477 153.395 274.164 362.087 472.321 520.540 549.428 550.178 634.404 634.415 643.322 658.617 701.301 707.875 707.596 757.768 795.604 890.858 995.880 1038.431 1219.676 1328.815 1333.122 1366.906 1467.004 1522.258 1552.010 1553.805 1490.002 1423.787 1322.027 1199.045 1173.580 1021.337 -999.250 -999.250 -999.250 -999.250 -999.250 -999.250 -999.250 -999.250 -999.250 -999.250 -999.250 -999.250 -999.250 -999.250 -999.250 -999.250 -999.250 -999.250 -999.250 -999.250 -999.250 -999.250 -999.250 -999.250 -999.250 -999.250 -999.250 -999.250 -999.250 -999.250
199.354 196.933 232.179 315.413 391.727 449.504 497.341 502.013 521.113 524.379 578.024 623.992 579.875 599.212 631.912 612.333 634.848 700.663 772.166 878.852 1025.386 1169.914 1251.349 1309.189 1400.669 1404.888 1403.867 1460.370 1426.798 1367.653 1244.895 1171.085 1072.072 1049.550 -999.250 -999.250 -999.250 -999.250 -999.250 -999.250 -999.250 -999.250 -999.250 -999.250 -999.250 -999.250 -999.250 -999.250 -999.250 -999.250 -999.250 -999.250 -999.250 -999.250 -999.250 -999.250 -999.250 -999.250 -999.250 -999.250 -999.250 -999.250 -999.250 -999.250
212.072 224.399 248.851 295.569 333.294 355.706 422.685 428.967 474.016 478.589 525.114 543.830 499.532 499.566 493.006 491.451 502.838 500.809 579.996 697.453 842.429 935.943 1169.682 1202.404 1243.598 1313.570 1412.953 1360.291 1268.244 1266.005 1236.011 1059.091 977.072 952.454 -999.250 -999.250 -999.250 -999.250 -999.250 -999.250 -999.250 -999.250 -999.250 -999.250 -999.250 -999.250 -999.250 -999.250 -999.250 -999.250 -999.250 -999.250 -999.250 -999.250 -999.250 -999.250 -999.250 -999.250 -999.250 -999.250 -999.250 -999.250 -999.250 -999.250
203.258 213.233 247.141 269.291 303.881 317.277 366.401 384.757 387.418 398.187 407.969 444.512 431.980 440.855 438.299 394.594 339.497 284.360 456.048 583.265 702.955 813.897 977.716 1107.281 1151.722 1228.698 1219.534 1217.741 1112.779 1195.681 1129.426 1052.396 926.826 844.356 860.793 -999.250 -999.250 -999.250 -999.250 -999.250 -999.250 -999.250 -999.250 -999.250 -999.250 -999.250 -999.250 -999.250 -999.250 -999.250 -999.250 -999.250 -999.250 -999.250 -999.250 -999.250 -999.250 -999.250 -999.250 -999.250 -999.250 -999.250 -999.250 -999.250
191.176 207.274 226.717 259.904 266.882 299.820 317.857 337.083 357.080 370.330 398.133 384.917 396.031 398.774 371.630 322.078 307.410 305.208 379.567 499.711 570.611 715.673 856.492 914.010 968.307 1047.115 1074.803 1047.003 1050.027 1047.254 876.988 884.363 844.974 823.672 737.874 673.839 -999.250 -999.250 -999.250 -999.250 -999.250 -999.250 -999.250 -999.250 -999.250 -999.250 -999.250 -999.250 -999.250 -999.250 -999.250 -999.250 -999.250 -999.250 -999.250 -999.250 -999.250 -999.250 -999.250 -999.250 -999.250 -999.250 -999.250 -999.250
219.808 231.525 232.052 235.912 247.894 260.443 299.489 314.140 305.977 317.736 330.762 325.224 327.231 322.376 307.385 312.668 302.828 311.767 381.290 466.609 536.999 592.608 680.437 756.651 801.360 873.188 971.363 968.346 925.264 902.168 848.545 772.565 772.353 727.194 651.755 634.388 552.258 517.706 501.487 -999.250 -999.250 -999.250 -999.250 -999.250 -999.250 -999.250 -999.250 -999.250 -999.250 -999.250 -999.250 -999.250 -999.250 -999.250 -999.250 -999.250 -999.250 -999.250 -999.250 -999.250 -999.250 -999.250 -999.250 -999.250
236.558 236.621 226.158 244.334 236.401 254.125 279.743 271.316 265.371 283.633 282.931 279.532 278.839 292.263 294.320 292.331 302.559 314.175 357.032 444.682 472.291 560.125 583.327 688.834 728.313 748.419 785.863 766.429 759.809 772.627 697.915 705.091 673.419 638.525 566.956 563.271 531.088 497.668 499.424 -999.250 -999.250 -999.250 -999.250 -999.250 -999.250 -999.250 -999.250 -999.250 -999.250 -999.250 -999.250 -999.250 -999.250 -999.250 -999.250 -999.250 -999.250 -999.250 -999.250 -999.250 -999.250 -999.250 -999.250 -999.250
252.451 250.302 240.764 216.598 222.070 242.763 242.377 245.343 235.171 251.401 239.300 248.071 241.999 238.814 250.153 249.828 271.828 304.736 337.666 388.390 435.476 514.071 513.114 506.675 600.727 624.047 624.723 643.973 662.030 658.615 653.450 597.276 558.191 534.308 510.106 508.588 504.496 493.672 -999.250 -999.250 -999.250 -999.250 -999.250 -999.250 -999.250 -999.250 -999.250 -999.250 -999.250 -999.250 -999.250 -999.250 -999.250 -999.250 -999.250 -999.250 -999.250 -999.250 -999.250 -999.250 -999.250 -999.250 -999.250 -999.250
283.407 256.716 235.863 221.207 228.514 230.440 218.876 222.672 211.206 229.279 229.955 230.486 213.734 218.088 230.036 235.564 241.354 263.949 299.480 323.744 390.326 436.138 496.087 508.114 536.573 548.584 568.045 579.310 571.159 563.418 554.213 544.247 503.450 474.569 468.508 459.058 451.017 432.585 -999.250 -999.250 -999.250 338.322 325.631 292.493 -999.250 -999.250 -999.250 -999.250 -999.250 -999.250 -999.250 -999.250 -999.250 -999.250 -999.250 -999.250 -999.250 -999.250 -999.250 -999.250 -999.250 -999.250 -999.250 -999.250
282.928 242.083 227.156 231.278 220.854 211.415 186.902 194.366 193.847 196.199 193.982 193.529 196.664 211.062 212.265 211.573 221.389 253.701 277.154 318.160 358.390 411.024 446.449 481.547 462.013 500.065 515.316 511.834 506.367 501.064 501.008 483.133 467.157 398.624 354.610 398.362 411.143 390.042 407.367 376.361 334.803 298.207 274.750 251.920 257.403 -999.250 -999.250 -999.250 -999.250 -999.250 -999.250 -999.250 -999.250 -999.250 -999.250 -999.250 -999.250 -999.250 -999.250 -999.250 -999.250 -999.250 -999.250 -999.250
296.035 255.481 221.203 213.033 207.831 183.726 141.276 187.512 179.915 195.909 179.345 166.934 184.400 192.154 188.512 183.286 201.749 229.184 261.325 300.925 327.101 347.895 386.807 394.904 433.500 446.235 429.070 446.899 458.386 455.559 435.673 424.346 390.715 353.043 345.125 347.101 348.841 368.097 337.770 330.414 305.393 274.775 236.971 190.500 222.880 245.274 -999.250 -999.250 -999.250 -999.250 -999.250 -999.250 -999.250 -999.250 -999.250 -999.250 -999.250 -999.250 -999.250 -999.250 -999.250 -999.250 -999.250 -999.250
297.947 278.822 264.541 233.375 221.914 188.130 165.892 177.186 186.007 176.066 173.418 164.755 174.623 175.254 177.311 184.287 194.358 235.250 248.654 261.713 288.829 317.522 341.652 383.299 362.649 384.426 371.600 352.136 366.481 381.372 383.879 374.693 347.494 354.642 332.313 336.945 314.835 319.045 332.657 305.218 294.587 266.947 245.039 201.928 220.379 220.536 -999.250 -999.250 -999.250 -999.250 -999.250 -999.250 -999.250 -999.250 -999.250 -999.250 -999.250 -999.250 -999.250 -999.250 -999.250 -999.250 -999.250 -999.250
335.133 268.784 263.119 244.318 217.152 198.580 183.686 182.199 185.487 179.043 156.971 166.929 167.140 170.959 171.808 167.456 171.292 197.343 231.401 236.570 258.645 273.537 306.564 326.454 324.284 302.766 295.359 268.908 315.748 335.620 358.759 347.373 336.317 303.812 326.290 329.654 318.696 312.801 286.767 285.969 278.939 263.275 254.752 234.495 217.540 204.839 -999.250 -999.250 -999.250 -999.250 -999.250 -999.250 -999.250 -999.250 -999.250 -999.250 -999.250 -999.250 -999.250 -999.250 -999.250 -999.250 -999.250 -999.250
343.629 307.147 265.420 244.072 222.128 206.303 201.854 175.435 170.976 171.014 166.281 158.488 166.601 152.396 155.809 154.068 166.049 189.265 192.615 222.326 263.052 243.617 243.569 257.143 261.594 263.300 270.420 263.823 291.742 302.399 316.945 311.959 321.426 320.238 306.879 304.100 302.679 290.502 309.622 309.950 293.218 279.879 244.096 250.009 230.308 232.219 224.856 -999.250 -999.250 -999.250 -999.250 -999.250 -999.250 -999.250 -999.250 -999.250 -999.250 -999.250 -999.250 -999.250 -999.250 -999.250 -999.250 -999.250
