data/medianmodel_17-Sep-2020.asc
ncols	141
nrows	288
xllcorner	-120191.398
yllcorner	-301404.813
cellsize	2000.000
NODATA_value	-999.250
[rows 60 to 89 of 288, columns 68 to 135 of 141]
0.000 0.000 0.000 0.000 0.000 0.000 0.000 0.000 0.354 11.450 18.676 23.468 29.351 36.471 46.940 60.052 73.180 79.201 71.282 64.254 41.846 18.209 0.000 0.000 0.000 0.000 0.000 0.000 0.000 0.000 1.790 6.465 12.931 23.115 37.083 48.143 63.781 87.515 102.751 106.341 129.548 138.202 151.837 163.760 172.174 168.452 173.509 149.830 -999.250 -999.250 -999.250 -999.250 -999.250 -999.250 -999.250 -999.250 -999.250 -999.250 -999.250 -999.250 -999.250 -999.250 -999.250 -999.250 -999.250 -999.250 -999.250 -999.250
0.000 0.000 0.000 0.000 0.000 0.000 0.000 0.000 3.452 15.652 22.361 31.621 37.989 47.583 64.516 89.875 117.739 126.822 125.242 105.165 83.131 43.931 12.070 0.000 0.000 0.000 0.000 0.000 0.000 0.000 7.079 11.490 19.099 31.065 48.023 64.310 85.308 101.536 118.487 140.679 149.699 157.418 162.365 199.308 204.610 204.079 179.946 -999.250 -999.250 -999.250 -999.250 -999.250 -999.250 -999.250 -999.250 -999.250 -999.250 -999.250 -999.250 -999.250 -999.250 -999.250 -999.250 -999.250 -999.250 -999.250 -999.250 -999.250
0.000 0.000 0.000 0.000 0.000 0.000 0.000 0.000 11.343 20.170 33.797 43.285 53.158 67.624 88.151 132.586 163.387 211.292 214.608 201.271 152.776 92.478 36.932 0.000 0.000 0.000 0.000 0.000 0.056 5.651 9.760 17.788 30.555 45.679 66.253 85.687 99.467 118.857 153.377 177.389 181.736 197.797 -999.250 -999.250 -999.250 -999.250 -999.250 -999.250 -999.250 -999.250 -999.250 -999.250 -999.250 -999.250 -999.250 -999.250 -999.250 -999.250 -999.250 -999.250 -999.250 -999.250 -999.250 -999.250 -999.250 -999.250 -999.250 -999.250
0.000 0.000 0.000 0.000 0.000 0.000 0.000 7.998 16.450 36.241 52.689 66.618 86.789 98.261 123.254 202.241 262.642 307.397 313.030 301.717 263.911 149.295 89.880 0.000 7.663 10.970 11.895 10.786 9.234 10.334 18.488 28.586 43.395 57.644 80.932 108.573 121.087 144.804 167.900 213.544 259.929 263.230 239.085 -999.250 -999.250 -999.250 -999.250 -999.250 -999.250 -999.250 -999.250 -999.250 -999.250 -999.250 -999.250 -999.250 -999.250 -999.250 -999.250 -999.250 -999.250 -999.250 -999.250 -999.250 -999.250 -999.250 -999.250 -999.250
0.000 0.000 0.000 0.000 0.000 0.000 0.549 15.972 24.427 48.892 71.674 96.411 121.907 148.929 237.108 317.066 382.334 438.898 451.120 393.642 319.307 269.133 160.188 89.231 61.726 47.746 36.603 26.555 22.298 21.801 30.565 43.553 58.964 70.757 92.061 117.781 137.824 160.736 208.114 279.481 290.102 297.044 288.706 283.049 -999.250 -999.250 -999.250 -999.250 -999.250 -999.250 -999.250 -999.250 -999.250 -999.250 -999.250 -999.250 -999.250 -999.250 -999.250 -999.250 -999.250 -999.250 -999.250 -999.250 -999.250 -999.250 -999.250 -999.250
0.000 0.000 0.000 0.000 0.000 1.407 10.071 19.110 42.862 62.525 98.223 138.781 185.205 259.111 324.261 417.924 485.088 602.856 582.121 552.213 440.100 379.880 275.711 195.009 134.766 98.410 73.367 51.180 43.857 43.294 45.330 54.934 67.729 82.932 100.107 137.395 167.621 194.540 255.203 286.836 320.762 336.630 325.935 305.206 -999.250 -999.250 -999.250 -999.250 -999.250 -999.250 -999.250 -999.250 -999.250 -999.250 -999.250 -999.250 -999.250 -999.250 -999.250 -999.250 -999.250 -999.250 -999.250 -999.250 -999.250 -999.250 -999.250 -999.250
3.370 3.251 1.341 0.000 0.000 3.831 13.415 27.677 47.365 76.990 124.755 177.488 257.654 314.350 434.261 486.035 549.789 867.627 840.814 761.520 587.012 571.526 405.413 299.161 207.131 147.209 110.474 87.127 66.487 60.023 59.920 63.759 76.487 93.911 111.999 137.921 180.084 211.808 269.308 300.551 346.258 405.833 372.164 369.901 310.897 -999.250 -999.250 -999.250 -999.250 -999.250 -999.250 -999.250 -999.250 -999.250 -999.250 -999.250 -999.250 -999.250 -999.250 -999.250 -999.250 -999.250 -999.250 -999.250 -999.250 -999.250 -999.250 -999.250
8.645 10.460 9.001 3.423 0.387 1.989 12.665 23.910 49.650 93.224 133.707 214.259 319.599 401.951 494.531 671.381 841.500 833.224 1130.165 1018.648 797.614 698.509 478.191 357.588 275.729 225.324 166.805 114.314 87.894 78.611 67.201 71.314 83.009 99.401 115.254 145.200 197.983 243.244 281.112 326.358 391.774 501.433 419.761 406.865 348.137 345.019 -999.250 -999.250 -999.250 -999.250 -999.250 -999.250 -999.250 -999.250 -999.250 -999.250 -999.250 -999.250 -999.250 -999.250 -999.250 -999.250 -999.250 -999.250 -999.250 -999.250 -999.250 -999.250
16.517 21.703 12.412 4.142 0.000 0.457 9.193 21.044 50.424 91.885 150.416 209.946 325.710 454.377 581.247 716.074 942.396 1255.319 1279.110 1302.201 1003.308 766.410 563.805 475.283 314.379 255.350 182.651 133.154 101.177 86.904 80.443 75.225 82.953 95.401 106.960 141.337 176.429 219.768 285.579 311.044 364.489 404.341 408.990 353.312 367.435 336.702 -999.250 -999.250 -999.250 -999.250 -999.250 -999.250 -999.250 -999.250 -999.250 -999.250 -999.250 -999.250 -999.250 -999.250 -999.250 -999.250 -999.250 -999.250 -999.250 -999.250 -999.250 -999.250
14.497 14.300 10.834 2.986 0.000 0.000 1.950 14.676 43.797 95.672 146.442 239.554 352.069 426.846 636.959 884.788 1274.635 1347.117 1470.148 1481.307 1268.450 977.339 808.434 460.972 397.090 270.495 199.670 132.559 119.516 93.270 75.630 80.349 81.542 99.032 110.100 138.250 164.480 205.627 257.046 274.465 343.325 352.095 334.195 355.193 357.384 341.009 -999.250 -999.250 -999.250 -999.250 -999.250 -999.250 -999.250 -999.250 -999.250 -999.250 -999.250 -999.250 -999.250 -999.250 -999.250 -999.250 -999.250 -999.250 -999.250 -999.250 -999.250 -999.250
10.239 10.551 7.989 1.799 0.000 0.000 0.000 6.379 29.408 83.453 160.747 250.478 339.340 446.902 550.610 962.645 1098.507 1268.840 1468.378 1630.838 1465.006 1188.868 918.404 564.631 390.378 307.148 204.221 133.566 111.554 94.579 76.340 73.939 74.902 86.602 95.120 123.500 150.127 175.072 225.882 251.001 286.081 314.739 297.602 327.340 364.277 302.314 326.878 327.439 -999.250 -999.250 -999.250 -999.250 -999.250 -999.250 -999.250 -999.250 -999.250 -999.250 -999.250 -999.250 -999.250 -999.250 -999.250 -999.250 -999.250 -999.250 -999.250 -999.250
9.351 6.014 2.707 0.000 0.000 0.000 0.000 0.000 0.000 69.182 147.650 217.110 325.562 463.118 499.222 634.754 866.549 1084.327 1346.666 1424.388 1324.312 1071.937 799.822 535.901 362.970 288.756 191.843 124.725 102.850 80.934 68.306 60.753 64.860 74.290 83.963 100.112 120.078 152.677 203.720 232.419 259.994 275.013 314.678 310.166 318.448 301.612 319.475 301.484 -999.250 -999.250 -999.250 -999.250 -999.250 -999.250 -999.250 -999.250 -999.250 -999.250 -999.250 -999.250 -999.250 -999.250 -999.250 -999.250 -999.250 -999.250 -999.250 -999.250
5.477 4.126 3.487 0.220 0.000 0.000 0.000 0.000 14.912 62.394 131.929 201.538 281.311 372.350 439.845 504.734 628.988 728.216 1058.284 1037.117 877.968 805.589 558.353 393.571 295.962 225.364 152.282 107.681 81.371 61.775 49.357 49.447 47.400 59.134 62.133 82.065 103.837 141.025 168.957 210.675 243.978 272.798 270.493 272.063 305.099 282.880 278.820 -999.250 -999.250 -999.250 -999.250 -999.250 -999.250 -999.250 -999.250 -999.250 -999.250 -999.250 -999.250 -999.250 -999.250 -999.250 -999.250 -999.250 -999.250 -999.250 -999.250 -999.250
2.083 2.912 1.914 0.790 0.000 0.000 0.000 7.121 25.014 56.299 95.886 158.812 229.618 281.059 354.896 455.258 471.587 607.230 640.324 595.444 510.503 525.620 421.708 316.749 226.730 150.538 94.307 68.674 48.509 41.023 33.944 34.146 33.457 41.208 44.548 58.883 80.585 107.229 134.296 172.961 203.616 217.241 252.017 278.550 284.814 289.141 256.337 -999.250 -999.250 -999.250 -999.250 -999.250 -999.250 -999.250 -999.250 -999.250 -999.250 -999.250 -999.250 -999.250 -999.250 -999.250 -999.250 -999.250 -999.250 -999.250 -999.250 -999.250
0.065 2.549 3.045 0.074 0.300 0.000 1.580 13.779 27.288 49.792 89.275 124.434 172.664 224.558 279.338 320.455 345.289 389.616 437.945 414.742 390.277 350.481 307.827 229.213 137.548 74.035 48.898 31.412 22.310 18.608 16.383 17.549 17.363 17.548 18.435 24.212 37.834 65.776 100.407 135.023 156.390 189.551 202.860 241.970 253.163 266.012 242.896 -999.250 -999.250 -999.250 -999.250 -999.250 -999.250 -999.250 -999.250 -999.250 -999.250 -999.250 -999.250 -999.250 -999.250 -999.250 -999.250 -999.250 -999.250 -999.250 -999.250 -999.250
0.000 0.000 0.510 2.660 0.539 0.840 5.798 15.988 23.956 45.763 68.730 99.115 121.683 147.496 180.816 218.371 219.679 282.238 271.128 272.172 259.438 233.703 179.363 106.922 0.000 8.849 7.325 6.297 7.202 7.439 5.138 4.684 6.477 5.418 3.540 1.981 0.000 33.545 69.798 102.856 124.925 161.969 175.572 192.441 219.891 203.292 226.690 -999.250 -999.250 -999.250 -999.250 -999.250 -999.250 -999.250 -999.250 -999.250 -999.250 -999.250 -999.250 -999.250 -999.250 -999.250 -999.250 -999.250 -999.250 -999.250 -999.250 -999.250
0.000 0.071 1.579 2.298 1.935 2.140 6.794 14.327 23.805 40.496 53.929 69.543 80.460 93.313 100.896 109.193 113.448 107.481 137.356 148.503 131.378 127.110 88.173 49.854 0.000 0.000 0.000 0.000 0.000 0.000 0.000 0.000 0.000 0.000 0.000 0.000 0.000 20.612 45.525 70.652 102.074 124.310 138.017 144.928 171.336 187.219 200.311 -999.250 -999.250 -999.250 -999.250 -999.250 -999.250 -999.250 -999.250 -999.250 -999.250 -999.250 -999.250 -999.250 -999.250 -999.250 -999.250 -999.250 -999.250 -999.250 -999.250 -999.250
0.309 5.140 4.545 5.480 6.128 6.682 7.608 11.742 21.327 43.178 44.028 46.421 52.277 53.629 56.663 57.625 53.296 54.324 65.155 82.842 80.452 63.255 43.273 20.709 0.000 0.000 0.000 0.000 0.000 0.000 0.000 0.000 0.000 0.000 0.000 0.000 0.000 14.597 36.484 55.627 83.082 96.807 113.157 127.089 137.294 185.703 160.823 -999.250 -999.250 -999.250 -999.250 -999.250 -999.250 -999.250 -999.250 -999.250 -999.250 -999.250 -999.250 -999.250 -999.250 -999.250 -999.250 -999.250 -999.250 -999.250 -999.250 -999.250
10.847 12.398 11.453 10.513 9.310 8.128 11.279 11.660 17.206 22.851 27.406 26.762 29.352 22.272 27.665 20.467 20.547 19.248 20.817 28.031 39.417 29.322 16.964 6.938 0.000 0.000 0.000 0.000 0.000 0.000 0.000 0.000 0.000 0.000 0.000 0.000 0.000 11.014 24.819 43.489 66.955 84.865 99.332 102.453 123.325 140.670 136.243 -999.250 -999.250 -999.250 -999.250 -999.250 -999.250 -999.250 -999.250 -999.250 -999.250 -999.250 -999.250 -999.250 -999.250 -999.250 -999.250 -999.250 -999.250 -999.250 -999.250 -999.250
21.523 20.472 18.571 18.476 16.108 13.173 11.248 10.434 9.597 13.568 15.152 14.994 12.848 10.931 9.557 4.428 3.571 0.779 2.739 6.208 8.834 9.204 1.329 0.000 0.000 0.000 0.000 0.000 0.000 0.000 0.000 0.000 0.000 0.000 0.000 0.000 0.000 7.023 19.681 35.636 51.396 72.496 83.592 89.213 107.227 107.527 111.173 -999.250 -999.250 -999.250 -999.250 -999.250 -999.250 -999.250 -999.250 -999.250 -999.250 -999.250 -999.250 -999.250 -999.250 -999.250 -999.250 -999.250 -999.250 -999.250 -999.250 -999.250
36.939 35.340 31.957 27.947 21.501 17.112 13.589 8.685 6.637 6.601 4.554 7.029 2.782 0.758 0.000 0.000 0.000 0.000 0.000 0.000 0.000 0.000 0.000 0.000 0.000 0.000 0.000 0.000 0.000 0.000 0.000 0.000 0.000 0.000 0.000 0.000 0.000 2.750 15.648 31.127 46.809 57.050 66.035 76.323 86.203 86.432 88.592 89.847 -999.250 -999.250 -999.250 -999.250 -999.250 -999.250 -999.250 -999.250 -999.250 -999.250 -999.250 -999.250 -999.250 -999.250 -999.250 -999.250 -999.250 -999.250 -999.250 -999.250
51.055 55.155 45.598 38.017 24.921 19.008 14.911 9.297 4.576 0.000 0.000 0.000 0.000 0.000 0.000 0.000 0.000 0.000 0.000 0.000 0.000 0.000 0.000 0.000 0.000 0.000 0.000 0.000 0.000 0.000 0.000 0.000 0.000 0.000 0.000 0.000 0.000 0.485 11.338 18.252 38.000 41.265 54.844 63.473 69.644 63.937 74.173 70.529 -999.250 -999.250 -999.250 -999.250 -999.250 -999.250 -999.250 -999.250 -999.250 -999.250 -999.250 -999.250 -999.250 -999.250 -999.250 -999.250 -999.250 -999.250 -999.250 -999.250
63.028 73.008 53.105 39.326 32.915 19.584 14.307 8.136 2.427 0.218 0.000 0.000 0.000 0.000 0.000 0.000 0.000 0.000 0.000 0.000 0.000 1.517 2.740 2.967 0.000 0.000 0.000 0.000 0.000 0.000 0.000 0.000 0.000 0.000 0.000 0.000 0.000 0.000 3.049 13.163 21.534 31.967 41.722 46.920 49.605 49.146 50.586 52.946 -999.250 -999.250 -999.250 -999.250 -999.250 -999.250 -999.250 -999.250 -999.250 -999.250 -999.250 -999.250 -999.250 -999.250 -999.250 -999.250 -999.250 -999.250 -999.250 -999.250
62.597 58.765 51.584 40.415 26.913 19.101 16.210 7.761 4.879 2.424 0.000 0.000 0.000 0.000 0.000 0.000 0.000 0.000 0.000 0.000 1.696 5.268 8.428 7.968 3.509 0.000 0.000 0.000 0.000 0.000 0.000 0.000 0.000 0.000 0.000 0.000 0.000 0.000 1.987 7.480 17.249 22.254 32.664 33.102 33.269 32.145 36.756 35.954 -999.250 -999.250 -999.250 -999.250 -999.250 -999.250 -999.250 -999.250 -999.250 -999.250 -999.250 -999.250 -999.250 -999.250 -999.250 -999.250 -999.250 -999.250 -999.250 -999.250
55.155 50.125 44.845 36.849 28.060 16.956 14.568 8.535 8.463 3.050 1.915 0.000 0.000 0.000 0.000 0.000 0.000 0.000 0.000 0.000 5.759 9.781 14.434 7.900 4.519 0.064 0.000 0.000 0.000 0.000 0.000 0.000 0.000 0.000 0.000 0.000 0.000 0.000 1.970 7.705 9.082 15.166 17.800 17.879 18.460 18.454 17.153 -999.250 -999.250 -999.250 -999.250 -999.250 -999.250 -999.250 -999.250 -999.250 -999.250 -999.250 -999.250 -999.250 -999.250 -999.250 -999.250 -999.250 -999.250 -999.250 -999.250 -999.250
48.331 42.179 39.776 32.328 21.844 17.217 13.464 11.461 10.805 6.697 4.731 0.884 2.160 0.998 0.000 0.000 1.441 0.407 3.712 3.574 5.610 9.604 10.652 6.732 1.945 0.000 0.000 0.000 0.000 0.000 0.000 0.000 0.000 0.000 0.000 0.000 0.000 0.000 0.000 1.535 4.038 6.629 8.823 9.155 8.739 6.673 7.951 -999.250 -999.250 -999.250 -999.250 -999.250 -999.250 -999.250 -999.250 -999.250 -999.250 -999.250 -999.250 -999.250 -999.250 -999.250 -999.250 -999.250 -999.250 -999.250 -999.250 -999.250
50.211 43.077 37.208 29.724 23.874 18.988 16.394 11.691 10.119 9.195 6.940 4.810 4.737 5.558 3.517 3.153 3.550 3.542 3.143 3.867 4.084 3.990 3.534 3.126 0.100 0.462 0.000 0.000 0.000 0.554 0.000 0.000 0.000 0.000 0.000 0.000 0.000 0.000 0.000 0.000 0.000 0.238 0.674 2.050 1.964 0.015 -999.250 -999.250 -999.250 -999.250 -999.250 -999.250 -999.250 -999.250 -999.250 -999.250 -999.250 -999.250 -999.250 -999.250 -999.250 -999.250 -999.250 -999.250 -999.250 -999.250 -999.250 -999.250
47.064 38.877 36.571 29.644 24.390 19.333 15.993 11.878 9.902 9.871 9.469 7.820 9.799 10.750 8.206 8.325 6.666 2.293 1.607 3.084 1.703 0.585 1.334 0.602 0.000 0.000 0.000 0.000 5.002 10.250 7.742 5.775 0.345 0.427 0.559 0.000 0.000 0.000 0.000 0.000 0.000 0.000 0.000 0.000 0.000 0.000 -999.250 -999.250 -999.250 -999.250 -999.250 -999.250 -999.250 -999.250 -999.250 -999.250 -999.250 -999.250 -999.250 -999.250 -999.250 -999.250 -999.250 -999.250 -999.250 -999.250 -999.250 -999.250
44.910 40.017 37.859 36.469 27.527 20.454 17.614 16.700 14.663 12.539 13.524 11.575 13.459 13.128 11.335 9.382 6.093 3.083 1.393 0.000 0.000 0.000 0.000 0.000 0.000 0.000 0.000 1.882 12.726 23.095 14.911 10.972 8.158 5.403 1.829 0.833 0.041 0.000 0.000 0.000 0.000 0.000 0.000 0.000 0.000 0.000 0.000 0.000 -999.250 -999.250 -999.250 -999.250 -999.250 -999.250 -999.250 -999.250 -999.250 -999.250 -999.250 -999.250 -999.250 -999.250 -999.250 -999.250 -999.250 -999.250 -999.250 -999.250
40.695 38.587 38.074 38.539 31.594 24.447 25.002 22.763 21.209 18.296 15.837 17.393 18.011 19.123 18.505 16.492 8.049 1.971 1.444 0.000 0.000 0.000 0.000 0.000 0.000 0.000 0.000 5.534 13.930 18.571 15.027 13.714 11.788 10.060 6.626 0.935 3.225 0.000 0.000 0.000 0.000 0.000 0.000 0.000 0.000 0.000 0.000 0.000 -999.250 -999.250 -999.250 -999.250 -999.250 -999.250 -999.250 -999.250 -999.250 -999.250 -999.250 -999.250 -999.250 -999.250 -999.250 -999.250 -999.250 -999.250 -999.250 -999.250
