data/medianmodel_14-Aug-2020.asc
ncols	141
nrows	288
xllcorner	-120191.398
yllcorner	-301404.813
cellsize	2000.000
NODATA_value	-999.250
[rows 180 to 209 of 288, columns 0 to 67 of 141]
-999.250 -999.250 -999.250 33.171 35.784 38.980 39.499 41.016 42.481 43.668 45.475 50.362 50.953 45.065 46.823 44.842 44.619 49.042 51.101 56.492 64.830 62.909 54.764 51.291 48.339 49.422 45.006 47.851 46.374 43.237 42.564 39.015 38.477 30.655 23.469 17.166 10.948 7.973 2.624 0.000 0.000 0.000 4.580 12.177 22.066 38.678 51.412 70.007 103.393 128.015 157.383 197.570 252.325 279.942 344.165 340.866 370.053 379.316 401.245 382.528 400.023 346.754 273.673 255.792 196.538 183.644 141.646 127.675
-999.250 -999.250 -999.250 36.091 38.275 37.635 38.439 42.562 42.163 44.294 44.198 45.598 46.960 43.225 43.463 43.546 44.561 46.198 51.286 52.098 55.469 52.548 52.451 48.989 50.809 48.250 49.395 49.646 46.097 48.073 45.414 44.338 37.852 35.450 28.480 20.503 14.407 7.877 4.398 0.726 0.000 1.143 4.719 12.811 23.087 38.484 54.608 70.722 100.754 124.003 157.411 200.370 197.615 233.258 274.120 319.502 339.774 324.399 362.035 300.024 325.161 261.049 279.626 215.165 190.379 151.555 137.005 112.501
-999.250 -999.250 34.516 34.551 35.412 38.424 41.536 43.427 43.528 43.865 42.624 44.081 44.316 43.524 44.566 44.851 44.044 45.430 45.948 47.717 49.888 51.083 50.131 50.158 50.419 50.904 47.468 50.710 50.985 54.771 47.803 42.673 39.662 35.641 29.107 20.982 15.594 7.512 3.177 0.826 0.000 0.452 4.630 9.508 22.567 36.509 51.302 76.411 92.907 116.290 141.914 179.591 188.266 225.959 278.575 286.463 310.292 289.011 327.546 315.597 265.200 254.995 174.622 184.528 167.776 133.471 110.051 90.762
-999.250 -999.250 31.421 34.778 35.667 36.391 37.073 43.460 43.297 46.105 44.286 43.639 43.110 44.077 44.504 42.426 43.659 44.978 47.475 45.467 -999.250 48.686 50.179 47.433 48.259 47.814 49.948 50.262 53.737 62.087 54.291 45.346 41.287 34.907 26.683 19.078 12.633 7.047 3.530 0.023 0.000 0.159 4.861 10.248 18.721 33.484 44.661 55.410 82.953 84.315 133.754 140.722 165.603 195.558 222.382 246.116 254.888 235.498 273.335 306.269 238.260 203.918 173.306 160.307 135.980 130.578 95.250 67.846
-999.250 32.363 33.418 32.839 33.751 39.127 41.821 45.728 47.563 47.695 48.669 45.402 45.580 44.551 45.532 44.643 46.329 46.910 46.473 -999.250 -999.250 43.861 46.761 49.859 47.165 47.085 50.162 52.071 54.501 51.072 47.637 44.893 40.050 34.588 23.907 18.012 11.213 7.369 4.627 0.025 0.000 0.000 1.537 6.705 9.756 22.613 37.787 49.902 67.099 84.824 114.141 127.435 136.180 168.371 186.002 222.614 213.062 221.386 223.554 214.632 207.166 190.717 148.690 130.724 120.275 99.824 76.734 49.991
-999.250 33.159 35.977 37.918 38.447 42.837 42.279 45.573 48.118 52.079 47.478 46.326 46.360 49.604 51.306 44.524 45.623 46.170 -999.250 -999.250 -999.250 -999.250 45.013 46.417 45.131 46.088 46.052 46.976 52.757 43.035 45.088 44.394 36.553 30.500 21.283 17.936 13.664 6.924 4.254 0.000 0.000 0.000 1.942 5.663 9.095 19.211 35.792 42.625 54.208 70.129 95.226 118.942 140.803 160.943 159.633 156.000 177.680 160.574 191.083 201.580 198.193 148.842 127.029 95.929 75.296 53.318 43.917 34.576
34.218 36.722 36.030 37.946 41.337 41.600 41.574 45.836 51.483 59.530 51.967 49.366 49.689 47.752 47.741 47.011 43.740 43.312 -999.250 -999.250 -999.250 -999.250 -999.250 41.404 42.394 41.908 41.972 46.545 45.012 43.291 45.095 42.238 34.098 26.346 20.489 16.011 10.238 7.932 5.276 0.940 0.000 0.000 0.199 4.403 8.942 14.223 25.776 40.652 49.792 68.052 93.511 118.789 130.690 130.982 142.406 128.707 146.731 146.651 147.407 153.456 132.391 125.087 96.135 75.770 47.159 29.188 18.540 14.846
-999.250 38.011 38.172 38.132 41.026 41.100 44.688 49.021 51.580 52.571 51.080 52.930 53.773 50.093 46.823 47.338 44.820 43.074 -999.250 -999.250 -999.250 -999.250 41.557 39.269 42.386 41.209 42.368 43.526 44.339 42.295 41.284 39.182 32.870 21.742 18.565 17.044 9.443 7.960 4.915 1.212 0.045 0.000 0.000 0.734 5.520 11.817 21.442 35.726 48.146 59.131 75.168 105.655 118.927 130.834 125.793 126.414 125.023 135.180 121.554 125.195 117.642 86.982 75.518 51.310 27.303 0.000 0.000 2.416
-999.250 38.429 39.212 40.327 39.794 43.336 42.216 43.433 49.369 53.483 54.955 53.112 49.212 49.647 50.279 55.151 46.715 42.561 -999.250 -999.250 -999.250 36.263 -999.250 34.191 35.972 38.618 38.644 44.941 44.099 43.264 41.848 35.272 28.012 22.983 18.339 12.334 10.406 8.154 5.312 2.007 0.417 0.000 0.000 0.000 4.617 9.541 21.014 32.175 44.273 48.512 66.681 89.135 106.964 110.013 115.164 117.776 122.398 121.998 113.996 112.242 91.981 74.442 52.828 34.768 15.047 0.000 0.000 0.000
-999.250 37.927 37.808 38.974 42.414 42.104 41.326 46.146 50.984 53.030 54.369 54.967 50.307 49.597 49.462 48.561 47.952 -999.250 -999.250 -999.250 -999.250 35.011 27.436 28.627 28.401 31.959 38.190 42.806 44.900 41.878 37.709 31.890 24.868 20.738 18.259 11.645 9.372 7.561 4.622 2.186 0.000 0.000 0.000 0.000 1.558 8.502 14.956 27.154 37.429 43.574 54.938 70.268 92.577 92.816 109.662 114.381 100.595 103.650 105.061 91.566 80.269 58.351 40.891 24.326 11.013 1.516 0.000 0.000
-999.250 38.733 38.047 39.792 39.678 39.947 40.566 42.290 46.822 51.674 51.649 62.004 51.443 49.810 50.343 47.838 48.383 -999.250 -999.250 -999.250 40.948 31.864 24.300 24.382 26.851 31.704 36.994 41.595 45.484 40.239 36.961 27.903 22.728 17.001 13.398 11.239 9.124 5.426 4.225 1.230 0.000 0.000 0.000 0.000 0.000 5.886 10.392 16.968 27.540 41.063 53.608 56.951 76.934 82.168 86.623 94.479 92.572 81.346 85.621 72.657 67.681 47.537 38.985 21.534 7.903 0.363 0.000 0.000
-999.250 -999.250 -999.250 38.175 -999.250 -999.250 38.919 42.076 46.396 -999.250 -999.250 -999.250 47.446 45.421 -999.250 -999.250 -999.250 -999.250 -999.250 -999.250 45.275 37.268 28.996 24.567 23.051 27.266 31.737 34.353 35.827 33.286 32.053 23.876 19.909 16.168 12.356 8.617 6.550 5.536 1.171 0.000 0.000 0.000 0.000 0.000 0.000 0.948 7.399 11.936 23.839 37.768 50.122 55.016 70.550 79.366 82.553 93.172 86.339 78.770 75.579 61.652 53.302 43.082 32.094 18.864 7.202 0.000 0.000 0.000
-999.250 -999.250 -999.250 -999.250 -999.250 -999.250 -999.250 -999.250 -999.250 -999.250 -999.250 -999.250 -999.250 42.994 42.366 42.004 -999.250 -999.250 -999.250 60.457 53.413 42.219 34.002 28.220 21.661 21.041 26.754 26.709 28.535 26.695 27.705 22.067 17.904 12.332 9.579 6.807 4.656 3.720 1.275 0.000 0.000 0.000 0.000 0.000 0.000 0.000 5.447 12.870 25.617 35.583 42.988 53.042 60.885 72.006 68.693 86.688 87.261 78.770 70.359 58.497 47.472 42.307 30.724 15.714 5.501 0.000 0.000 0.000
-999.250 -999.250 -999.250 -999.250 -999.250 -999.250 -999.250 -999.250 -999.250 -999.250 -999.250 42.200 35.872 38.529 35.236 37.861 -999.250 -999.250 62.523 82.505 54.367 43.773 36.030 26.937 21.475 22.843 22.723 24.091 23.008 23.671 22.224 19.391 16.646 9.608 8.455 6.487 4.472 2.349 0.808 0.000 0.000 0.000 0.000 0.000 0.000 0.228 6.170 12.202 21.922 36.788 44.115 50.334 59.741 68.424 73.416 80.930 95.865 83.069 63.353 51.014 42.721 34.887 22.651 16.224 5.409 0.000 0.000 0.000
-999.250 -999.250 -999.250 -999.250 -999.250 -999.250 -999.250 -999.250 -999.250 -999.250 -999.250 36.240 32.445 29.719 27.138 25.694 35.325 40.308 54.205 63.370 52.523 40.368 37.059 27.917 21.853 21.856 23.339 22.761 22.464 21.183 20.872 18.146 17.020 13.465 8.884 5.762 4.336 0.520 0.000 0.000 0.000 0.000 0.000 0.000 1.097 4.893 7.638 13.020 22.263 29.696 41.169 51.855 52.496 59.687 64.953 72.862 82.889 67.735 57.734 43.706 38.992 29.885 19.789 10.508 6.776 0.701 0.000 0.000
-999.250 -999.250 -999.250 -999.250 -999.250 -999.250 -999.250 -999.250 -999.250 -999.250 -999.250 -999.250 29.853 22.939 19.772 18.750 20.268 34.361 42.732 48.615 45.438 38.951 32.545 25.221 22.058 21.100 21.024 23.588 23.743 22.481 20.422 18.893 17.771 12.697 10.982 6.582 3.650 1.982 0.495 0.000 0.000 0.000 0.000 0.994 4.727 6.099 9.639 13.000 21.719 26.495 40.020 45.297 50.587 54.873 58.956 68.794 68.223 59.448 46.537 44.392 37.143 28.847 20.241 12.392 7.258 1.746 0.000 0.000
-999.250 -999.250 -999.250 -999.250 -999.250 -999.250 -999.250 -999.250 -999.250 -999.250 -999.250 -999.250 -999.250 17.845 15.248 14.184 18.558 26.078 34.225 40.564 41.298 35.604 33.147 31.177 24.074 22.740 21.056 20.919 24.206 24.055 22.070 19.119 17.493 14.683 10.964 6.826 3.783 0.956 0.389 0.427 1.222 0.691 1.955 3.437 6.146 9.189 11.996 16.682 23.410 30.928 37.132 39.444 45.883 48.724 49.549 52.710 56.344 52.826 44.081 45.046 34.152 26.110 17.535 10.908 5.681 3.576 1.442 0.000
-999.250 -999.250 -999.250 -999.250 -999.250 -999.250 -999.250 -999.250 -999.250 -999.250 -999.250 -999.250 -999.250 16.322 14.218 13.354 16.525 21.931 24.023 29.735 34.104 31.411 28.447 24.623 23.551 23.680 28.440 25.857 25.452 27.916 24.988 21.257 19.190 15.443 10.171 8.636 5.737 2.820 1.781 3.045 2.176 4.269 5.166 6.185 8.644 12.332 13.995 18.953 23.472 32.713 34.824 40.278 42.453 45.661 47.452 48.862 49.777 46.915 44.500 42.311 36.481 28.251 19.630 11.404 6.692 4.560 1.986 1.326
-999.250 -999.250 -999.250 -999.250 -999.250 -999.250 -999.250 -999.250 -999.250 -999.250 -999.250 -999.250 -999.250 15.520 14.386 11.668 13.911 16.576 20.381 22.368 25.807 26.079 28.569 26.041 26.427 24.684 29.874 32.988 29.437 32.283 25.598 23.015 17.249 14.277 11.580 8.340 7.241 4.771 3.434 3.645 5.678 6.518 6.814 9.434 10.026 13.172 18.559 19.492 23.794 31.022 34.918 39.079 39.446 43.237 43.306 45.039 41.589 42.415 40.247 38.730 36.695 25.936 18.514 13.617 9.161 8.244 3.713 4.423
-999.250 -999.250 -999.250 -999.250 -999.250 -999.250 -999.250 -999.250 -999.250 -999.250 -999.250 -999.250 -999.250 -999.250 11.958 11.631 11.804 16.104 19.283 21.477 26.718 25.088 23.856 23.592 25.537 30.509 38.970 38.011 38.926 36.860 27.748 25.805 18.977 16.678 12.879 10.421 7.179 4.706 6.297 5.494 7.564 9.786 8.022 10.323 11.190 11.957 16.806 20.387 23.779 29.573 29.106 38.071 37.083 39.099 42.568 41.825 39.547 39.161 36.190 36.003 33.210 26.286 20.038 14.991 9.952 10.425 6.981 6.138
-999.250 -999.250 -999.250 -999.250 -999.250 -999.250 -999.250 -999.250 -999.250 -999.250 -999.250 -999.250 -999.250 -999.250 11.979 12.506 12.436 13.519 16.367 18.902 20.949 25.221 24.345 24.270 26.405 34.226 35.413 39.174 43.431 40.628 34.233 28.299 22.635 18.979 18.104 13.014 9.661 8.192 7.974 8.505 9.095 9.897 11.293 11.952 12.751 14.967 18.838 19.988 25.709 29.048 29.179 33.767 36.261 39.915 40.428 39.641 45.016 42.658 37.852 39.189 34.609 26.216 22.807 14.004 13.744 10.946 9.373 7.126
-999.250 -999.250 -999.250 -999.250 -999.250 -999.250 -999.250 -999.250 -999.250 -999.250 -999.250 -999.250 -999.250 -999.250 13.639 12.784 16.065 14.024 14.333 15.740 19.641 20.012 26.619 23.834 30.974 32.030 35.576 38.868 40.341 37.661 37.695 28.801 25.923 22.495 17.150 13.657 12.270 11.734 10.329 10.217 12.570 11.093 12.349 12.632 12.866 16.190 16.454 21.042 21.673 28.541 35.432 36.652 38.851 37.900 41.539 39.870 40.016 39.146 38.047 33.414 29.746 28.908 22.881 17.347 12.398 10.055 8.929 7.755
-999.250 -999.250 -999.250 -999.250 -999.250 -999.250 -999.250 -999.250 -999.250 -999.250 -999.250 -999.250 -999.250 -999.250 13.622 12.428 15.782 14.397 15.937 16.691 18.416 19.593 21.136 23.449 29.922 -999.250 34.979 35.419 36.634 39.257 32.443 28.545 30.623 25.048 21.447 17.536 17.581 16.837 16.421 15.486 13.818 13.716 14.730 14.044 15.318 17.433 18.999 19.127 25.248 26.254 31.674 35.279 36.937 38.656 39.163 38.333 39.542 35.640 33.515 31.238 26.403 23.117 19.226 13.730 11.821 9.514 7.959 7.408
-999.250 -999.250 -999.250 -999.250 -999.250 -999.250 -999.250 -999.250 -999.250 -999.250 -999.250 -999.250 -999.250 -999.250 13.822 12.645 12.617 13.147 17.240 16.493 18.019 20.249 21.486 -999.250 -999.250 -999.250 32.926 36.813 35.818 35.670 33.015 28.654 24.924 25.469 21.815 19.452 20.546 19.568 18.680 15.710 16.732 17.430 14.022 17.239 17.983 17.434 17.174 19.636 24.868 26.731 32.509 36.480 35.353 34.008 36.000 32.931 33.433 30.168 25.359 25.391 22.166 20.692 15.725 13.861 8.641 8.303 7.458 6.724
-999.250 -999.250 -999.250 -999.250 -999.250 -999.250 -999.250 -999.250 -999.250 -999.250 -999.250 -999.250 -999.250 11.934 12.754 12.840 12.733 15.176 16.597 17.086 19.874 22.149 -999.250 -999.250 -999.250 -999.250 -999.250 33.916 35.594 36.456 33.173 29.976 23.755 22.898 22.425 19.889 21.958 21.781 21.089 18.373 18.348 18.073 16.724 17.164 18.460 20.302 21.405 23.746 24.418 24.120 25.971 29.520 29.190 29.079 24.738 26.129 27.276 28.409 20.906 18.495 17.727 12.658 12.965 8.947 7.473 6.174 5.593 6.300
-999.250 -999.250 -999.250 -999.250 -999.250 -999.250 -999.250 -999.250 -999.250 -999.250 -999.250 -999.250 -999.250 12.399 11.687 13.930 12.884 16.006 15.727 16.582 -999.250 -999.250 -999.250 -999.250 -999.250 -999.250 -999.250 -999.250 35.023 31.934 27.436 25.582 25.174 23.739 24.645 24.809 21.836 19.907 23.374 21.680 20.081 19.808 18.348 19.141 19.714 18.612 20.653 20.689 22.091 23.027 21.727 29.955 25.185 27.059 24.098 26.719 21.157 22.533 18.129 13.580 9.631 8.893 9.389 8.311 5.268 4.082 3.717 3.137
-999.250 -999.250 -999.250 -999.250 -999.250 -999.250 -999.250 -999.250 -999.250 -999.250 -999.250 -999.250 11.903 12.464 -999.250 -999.250 -999.250 -999.250 -999.250 -999.250 -999.250 -999.250 -999.250 -999.250 -999.250 -999.250 -999.250 -999.250 -999.250 29.792 28.479 27.372 25.861 28.487 24.654 23.286 20.786 19.519 23.509 21.954 21.634 19.163 18.605 21.394 25.304 22.481 22.558 23.544 20.226 21.660 22.877 25.794 23.498 26.844 21.707 22.156 18.299 17.027 14.114 10.256 8.098 7.026 5.581 6.698 4.331 4.110 1.627 1.203
-999.250 -999.250 -999.250 -999.250 -999.250 -999.250 -999.250 -999.250 -999.250 -999.250 -999.250 -999.250 -999.250 -999.250 -999.250 -999.250 -999.250 -999.250 -999.250 -999.250 -999.250 -999.250 -999.250 -999.250 -999.250 -999.250 -999.250 -999.250 -999.250 -999.250 27.160 24.844 27.327 27.801 23.995 27.225 23.464 25.052 23.731 24.465 23.813 23.825 23.284 25.143 25.901 22.590 23.442 23.641 19.868 23.599 20.058 20.543 21.958 19.432 17.907 17.668 13.341 13.017 10.974 8.139 6.234 4.938 2.922 2.982 2.632 1.023 0.439 0.000
-999.250 -999.250 -999.250 -999.250 -999.250 -999.250 -999.250 -999.250 -999.250 -999.250 -999.250 -999.250 -999.250 -999.250 -999.250 -999.250 -999.250 -999.250 -999.250 -999.250 -999.250 -999.250 -999.250 -999.250 -999.250 -999.250 -999.250 -999.250 -999.250 -999.250 26.974 25.248 24.006 26.095 27.942 27.409 26.723 25.303 27.392 25.474 25.434 30.259 30.375 29.014 30.056 29.062 23.757 21.017 23.537 21.036 21.221 20.461 18.945 19.609 17.523 10.913 9.246 8.870 7.452 6.553 5.732 3.149 2.732 1.395 0.964 0.000 0.269 0.000
-999.250 -999.250 -999.250 -999.250 -999.250 -999.250 -999.250 -999.250 -999.250 -999.250 -999.250 -999.250 -999.250 -999.250 -999.250 -999.250 -999.250 -999.250 -999.250 -999.250 -999.250 -999.250 -999.250 -999.250 -999.250 -999.250 -999.250 -999.250 -999.250 -999.250 23.833 27.050 25.312 27.872 25.795 27.128 29.816 28.235 26.332 29.109 31.915 35.460 35.313 36.584 32.233 28.775 26.677 25.012 20.901 19.792 18.058 17.223 18.232 14.292 13.406 10.927 7.759 6.707 3.972 2.337 1.783 1.308 0.501 0.000 0.000 0.000 0.000 0.000
