data/medianmodel_10-Jun-2020.asc
ncols	141
nrows	288
xllcorner	-120191.398
yllcorner	-301404.813
cellsize	2000.000
NODATA_value	-999.250
[rows 186 to 216 of 288, columns 0 to 68 of 141]
92.559 93.601 116.708 91.583 75.668 118.891 128.476 174.905 181.756 196.729 204.747 216.055 215.558 157.742 116.611 133.991 137.011 137.041 -999.250 -999.250 -999.250 -999.250 -999.250 53.725 44.075 29.307 33.969 28.527 23.927 41.047 35.970 32.208 27.646 24.804 23.975 22.568 25.574 20.396 19.568 19.230 18.939 15.573 19.815 18.886 20.031 17.249 19.127 14.114 13.944 7.695 8.749 8.475 8.766 5.809 8.126 6.377 5.067 5.148 3.491 3.117 1.051 2.920 2.870 0.000 0.000 0.000 0.000 0.000 0.000
-999.250 103.287 95.074 78.622 90.124 124.995 113.830 120.039 158.194 170.127 202.234 236.152 252.029 205.517 136.608 97.383 114.361 94.490 -999.250 -999.250 -999.250 -999.250 43.442 34.174 33.215 33.258 25.081 25.680 28.140 27.609 33.174 37.251 33.675 24.593 22.682 28.170 24.978 27.175 29.377 19.829 19.380 12.618 16.843 17.050 14.949 12.423 13.777 13.515 11.488 12.141 9.071 7.228 9.404 6.924 5.542 6.912 5.152 1.087 3.260 2.573 0.646 2.228 0.000 0.000 0.000 0.000 0.000 0.000 0.000
-999.250 99.219 86.866 78.518 111.025 81.675 92.669 110.205 122.904 148.910 158.582 214.953 215.718 180.230 104.337 108.338 81.231 85.714 -999.250 -999.250 -999.250 34.204 -999.250 24.246 20.886 24.966 18.820 20.485 18.765 22.092 26.612 27.611 26.053 22.439 18.191 19.151 29.098 32.464 26.377 20.457 18.951 12.885 15.780 15.454 14.236 11.056 11.525 12.490 10.951 13.995 9.672 9.778 9.544 5.977 5.652 5.826 3.182 0.644 0.000 2.566 2.129 1.717 0.000 0.000 0.000 0.000 0.000 0.000 0.000
-999.250 83.031 78.104 73.025 78.560 89.109 101.979 95.729 121.475 106.296 84.294 119.627 127.820 143.896 91.777 75.746 79.032 -999.250 -999.250 -999.250 -999.250 25.549 19.073 20.377 22.190 18.234 14.343 14.300 13.465 18.163 21.267 25.885 25.166 25.158 20.443 25.298 25.985 21.723 26.025 30.601 17.782 14.182 11.796 14.877 12.483 12.535 9.873 8.781 11.236 11.829 11.742 7.509 5.960 7.338 5.409 5.467 2.359 2.455 1.351 2.841 2.965 2.114 0.000 0.000 0.000 0.000 0.000 0.000 0.000
-999.250 81.883 73.252 63.200 68.914 79.808 82.003 100.555 99.180 80.340 65.169 72.714 91.683 94.988 108.194 73.889 74.503 -999.250 -999.250 -999.250 51.847 37.483 24.300 19.215 19.399 19.569 13.459 14.662 20.215 18.598 19.114 21.349 25.955 23.404 19.982 21.418 28.917 24.128 22.804 17.621 24.193 20.530 14.082 15.039 11.497 7.961 8.586 9.899 10.916 13.464 10.769 9.496 8.400 8.083 9.017 3.861 4.378 2.659 2.966 0.524 2.091 0.744 0.172 0.000 0.000 0.000 0.000 0.000 0.000
-999.250 -999.250 -999.250 74.496 -999.250 -999.250 79.289 87.012 96.589 -999.250 -999.250 -999.250 86.607 93.448 -999.250 -999.250 -999.250 -999.250 -999.250 -999.250 50.760 51.605 21.841 18.255 20.997 23.267 16.566 20.001 14.297 16.843 17.293 28.293 29.225 22.810 18.455 22.872 21.972 18.712 18.264 20.111 18.114 16.771 14.207 13.183 10.766 7.393 4.959 6.001 10.569 10.559 7.327 9.445 10.991 7.658 8.029 4.590 4.129 4.687 3.895 2.379 0.991 2.692 1.525 0.124 0.000 0.000 0.000 0.000 0.000
-999.250 -999.250 -999.250 -999.250 -999.250 -999.250 -999.250 -999.250 -999.250 -999.250 -999.250 -999.250 -999.250 70.895 71.189 72.806 -999.250 -999.250 -999.250 74.632 87.769 69.723 31.624 19.816 25.671 21.071 14.794 16.069 15.312 14.351 18.499 24.224 25.485 27.691 21.272 22.763 24.931 17.996 16.826 12.835 13.273 11.823 10.538 8.655 7.948 8.885 5.766 6.005 6.130 6.640 7.761 8.429 8.926 7.592 5.189 3.178 4.032 3.691 3.240 1.484 2.119 1.163 0.000 0.073 0.000 0.000 0.179 0.000 0.000
-999.250 -999.250 -999.250 -999.250 -999.250 -999.250 -999.250 -999.250 -999.250 -999.250 -999.250 85.704 77.591 84.118 74.152 84.596 -999.250 -999.250 59.844 79.844 79.230 70.438 62.886 30.002 18.785 16.413 10.565 12.889 13.529 23.910 22.447 28.929 22.944 19.482 19.109 21.194 17.181 17.385 14.495 13.282 13.505 8.190 9.848 10.473 6.740 5.608 6.369 6.006 7.751 7.364 6.817 8.870 7.711 5.164 3.290 4.920 6.391 2.372 3.070 1.474 1.507 0.000 1.345 0.981 0.211 0.000 0.212 0.000 0.000
-999.250 -999.250 -999.250 -999.250 -999.250 -999.250 -999.250 -999.250 -999.250 -999.250 -999.250 69.602 67.862 72.087 67.454 85.870 75.773 65.783 58.628 55.714 66.172 97.816 71.680 43.358 21.257 15.484 14.004 11.804 17.769 22.711 28.171 25.714 17.907 15.625 20.362 19.089 18.717 14.256 12.064 8.825 12.022 10.888 10.392 9.281 8.772 7.695 7.825 7.178 8.593 8.997 7.768 7.552 4.443 4.047 2.197 2.137 2.837 0.522 2.084 2.057 3.116 3.101 2.352 3.596 2.182 1.352 0.000 0.302 0.000
-999.250 -999.250 -999.250 -999.250 -999.250 -999.250 -999.250 -999.250 -999.250 -999.250 -999.250 -999.250 65.210 68.054 60.093 61.967 81.668 57.448 48.110 37.360 55.831 63.666 55.675 41.113 20.771 20.500 15.576 16.146 22.890 25.997 26.240 18.316 21.528 18.434 21.004 18.004 20.026 16.340 12.202 15.249 13.108 12.572 15.266 15.062 12.571 10.273 7.189 7.691 6.546 6.542 6.913 5.121 6.696 4.408 3.744 2.311 2.809 3.139 0.000 2.006 2.974 3.232 0.559 0.436 3.141 1.622 0.036 0.000 0.000
-999.250 -999.250 -999.250 -999.250 -999.250 -999.250 -999.250 -999.250 -999.250 -999.250 -999.250 -999.250 -999.250 56.870 52.676 46.024 69.094 51.596 37.322 47.144 56.446 40.086 35.499 23.961 17.454 18.074 16.433 21.387 25.927 26.454 25.431 21.688 23.550 18.935 19.954 17.742 19.832 14.372 11.054 14.849 14.925 15.598 16.043 16.354 14.024 11.731 10.090 8.683 8.422 7.151 4.535 7.984 6.543 4.512 5.795 3.143 5.760 3.744 2.994 4.907 3.208 2.939 1.775 0.586 1.663 2.751 1.862 0.575 0.000
-999.250 -999.250 -999.250 -999.250 -999.250 -999.250 -999.250 -999.250 -999.250 -999.250 -999.250 -999.250 -999.250 53.997 45.690 52.523 43.399 45.944 33.921 33.666 40.576 39.445 35.405 22.557 21.222 18.963 21.526 26.526 37.174 24.199 19.532 24.497 24.808 18.913 16.980 15.918 14.120 18.247 16.072 11.393 9.470 14.110 10.113 10.822 13.043 13.367 8.872 8.680 5.812 7.480 7.132 5.891 6.149 4.377 5.164 6.144 7.334 4.656 4.903 3.256 4.319 1.894 1.718 2.186 3.322 1.825 0.918 0.000 0.431
-999.250 -999.250 -999.250 -999.250 -999.250 -999.250 -999.250 -999.250 -999.250 -999.250 -999.250 -999.250 -999.250 40.630 34.739 50.912 38.925 35.969 25.016 27.916 30.920 29.123 29.782 30.309 20.932 21.216 24.728 25.123 25.517 18.046 15.623 23.934 18.638 21.006 17.986 23.522 21.584 17.318 16.647 15.940 12.577 13.605 11.732 11.661 12.290 12.662 11.463 10.574 8.656 6.358 8.047 8.403 4.833 6.564 6.638 7.792 3.498 3.564 3.580 2.748 2.841 1.398 0.526 1.721 0.000 0.000 0.503 1.334 2.426
-999.250 -999.250 -999.250 -999.250 -999.250 -999.250 -999.250 -999.250 -999.250 -999.250 -999.250 -999.250 -999.250 -999.250 39.265 35.853 30.205 24.385 23.140 29.480 30.859 31.034 34.099 32.715 24.932 24.975 19.601 21.743 16.796 17.318 18.128 23.177 19.270 12.618 18.658 20.357 24.699 21.149 18.000 12.153 10.790 11.933 13.487 14.717 15.033 14.485 10.142 11.519 9.531 10.435 8.035 9.417 9.347 6.777 7.896 4.969 4.018 1.093 4.238 0.000 0.553 2.719 2.077 1.780 0.784 0.000 0.000 0.000 1.478
-999.250 -999.250 -999.250 -999.250 -999.250 -999.250 -999.250 -999.250 -999.250 -999.250 -999.250 -999.250 -999.250 -999.250 28.043 35.576 19.680 20.066 23.022 26.989 37.832 33.370 37.772 23.156 20.644 26.332 22.454 20.381 25.190 20.443 16.056 23.117 17.984 13.373 15.493 18.055 21.444 18.705 16.045 15.296 12.342 11.755 14.326 12.612 16.158 13.712 12.070 9.234 11.161 11.333 8.680 14.043 13.239 10.880 8.712 5.019 3.625 2.544 1.526 1.423 3.864 2.966 5.839 3.691 1.212 0.000 0.000 0.000 0.000
-999.250 -999.250 -999.250 -999.250 -999.250 -999.250 -999.250 -999.250 -999.250 -999.250 -999.250 -999.250 -999.250 -999.250 28.787 31.181 24.092 22.845 24.606 29.060 34.037 30.116 25.507 24.940 17.026 19.953 17.368 18.693 18.659 19.031 15.055 18.512 20.618 13.036 13.050 18.409 15.311 17.090 18.700 16.804 14.222 14.039 16.405 16.317 17.508 14.637 12.027 11.493 12.013 10.803 12.430 10.355 11.467 10.674 5.646 3.807 4.532 2.938 0.435 4.344 4.218 3.790 2.363 3.573 2.459 0.000 0.000 0.080 1.652
-999.250 -999.250 -999.250 -999.250 -999.250 -999.250 -999.250 -999.250 -999.250 -999.250 -999.250 -999.250 -999.250 -999.250 30.749 35.346 32.157 35.967 43.732 34.310 46.107 31.927 22.595 21.247 21.480 -999.250 22.949 18.811 18.392 22.396 19.307 22.765 21.394 23.668 19.839 13.976 16.457 19.234 20.580 20.467 16.739 21.232 15.813 18.321 14.861 11.832 12.537 13.224 9.147 11.078 9.534 8.105 8.890 8.631 5.665 5.154 5.010 2.720 2.396 3.990 5.457 1.252 0.955 1.734 0.000 1.329 0.034 0.632 1.874
-999.250 -999.250 -999.250 -999.250 -999.250 -999.250 -999.250 -999.250 -999.250 -999.250 -999.250 -999.250 -999.250 -999.250 45.362 46.019 52.705 43.491 39.478 46.724 46.173 30.088 25.891 -999.250 -999.250 -999.250 29.665 22.677 22.276 15.818 19.839 18.862 19.293 21.359 20.971 18.501 20.446 17.816 16.582 20.648 17.929 21.511 19.241 15.776 13.154 8.382 8.100 6.838 9.293 11.597 9.707 11.231 9.641 9.004 6.059 3.533 5.412 0.402 2.281 2.654 2.136 0.007 0.215 1.697 0.000 2.517 0.000 0.237 0.559
-999.250 -999.250 -999.250 -999.250 -999.250 -999.250 -999.250 -999.250 -999.250 -999.250 -999.250 -999.250 -999.250 47.001 46.824 38.478 47.484 45.142 51.488 47.756 50.811 26.808 -999.250 -999.250 -999.250 -999.250 -999.250 23.191 14.005 16.367 19.262 19.356 16.755 22.868 21.863 14.558 18.951 19.601 19.567 21.018 13.726 21.462 21.751 16.213 12.855 10.897 13.312 12.608 10.554 9.572 9.715 7.225 7.809 6.539 4.349 4.322 3.782 1.721 0.417 1.537 2.858 0.624 0.000 0.000 0.000 0.000 1.258 0.642 3.535
-999.250 -999.250 -999.250 -999.250 -999.250 -999.250 -999.250 -999.250 -999.250 -999.250 -999.250 -999.250 -999.250 39.240 36.144 39.491 60.273 45.835 30.466 43.549 -999.250 -999.250 -999.250 -999.250 -999.250 -999.250 -999.250 -999.250 20.177 18.384 13.684 14.439 21.353 20.960 19.036 16.928 14.238 15.422 22.671 19.278 19.511 19.065 17.407 17.321 12.878 15.499 15.057 12.975 11.911 11.204 10.485 8.325 9.522 9.588 7.043 4.030 1.932 2.484 0.000 0.000 2.975 0.245 1.290 0.000 0.094 0.000 1.183 0.000 1.011
-999.250 -999.250 -999.250 -999.250 -999.250 -999.250 -999.250 -999.250 -999.250 -999.250 -999.250 -999.250 41.876 39.133 -999.250 -999.250 -999.250 -999.250 -999.250 -999.250 -999.250 -999.250 -999.250 -999.250 -999.250 -999.250 -999.250 -999.250 -999.250 19.199 20.689 13.470 20.624 17.824 21.559 16.879 16.301 19.787 20.936 19.146 15.282 17.895 15.571 20.486 15.396 16.334 17.349 16.564 12.863 10.797 9.668 9.001 10.168 8.451 4.990 6.255 4.393 1.973 0.000 2.298 3.905 0.025 1.042 0.000 0.000 0.000 1.488 0.547 0.039
-999.250 -999.250 -999.250 -999.250 -999.250 -999.250 -999.250 -999.250 -999.250 -999.250 -999.250 -999.250 -999.250 -999.250 -999.250 -999.250 -999.250 -999.250 -999.250 -999.250 -999.250 -999.250 -999.250 -999.250 -999.250 -999.250 -999.250 -999.250 -999.250 -999.250 20.698 15.934 13.122 15.260 16.005 21.011 18.180 16.864 16.987 18.163 20.198 21.326 18.565 23.893 19.279 14.180 14.775 15.488 14.145 11.649 9.792 9.637 9.565 6.786 6.489 4.414 4.041 2.068 3.514 0.813 2.206 0.000 2.445 1.139 0.353 1.174 2.636 0.000 0.000
-999.250 -999.250 -999.250 -999.250 -999.250 -999.250 -999.250 -999.250 -999.250 -999.250 -999.250 -999.250 -999.250 -999.250 -999.250 -999.250 -999.250 -999.250 -999.250 -999.250 -999.250 -999.250 -999.250 -999.250 -999.250 -999.250 -999.250 -999.250 -999.250 -999.250 15.595 18.358 15.991 12.687 14.074 21.317 19.288 19.545 14.787 14.888 15.413 16.820 20.306 21.316 21.413 16.977 10.477 12.462 11.513 15.576 14.792 11.386 7.824 5.331 4.265 4.866 3.372 2.023 2.892 1.506 2.549 2.830 2.092 2.562 3.010 1.239 0.000 0.000 0.000
-999.250 -999.250 -999.250 -999.250 -999.250 -999.250 -999.250 -999.250 -999.250 -999.250 -999.250 -999.250 -999.250 -999.250 -999.250 -999.250 -999.250 -999.250 -999.250 -999.250 -999.250 -999.250 -999.250 -999.250 -999.250 -999.250 -999.250 -999.250 -999.250 -999.250 21.413 19.575 14.301 12.991 20.193 13.864 11.343 13.632 13.128 11.926 19.465 16.182 20.771 24.334 18.322 13.143 11.592 16.962 14.633 13.288 10.914 6.694 6.341 5.114 3.834 6.272 3.566 3.201 1.886 2.094 2.539 1.123 1.560 0.000 0.000 0.000 0.000 0.000 0.000
-999.250 -999.250 -999.250 -999.250 -999.250 -999.250 -999.250 -999.250 -999.250 -999.250 -999.250 -999.250 -999.250 -999.250 -999.250 -999.250 -999.250 -999.250 -999.250 -999.250 -999.250 -999.250 -999.250 -999.250 -999.250 -999.250 -999.250 -999.250 -999.250 -999.250 -999.250 13.273 16.299 13.986 13.958 19.393 15.887 18.237 17.819 19.601 18.094 17.852 25.731 16.023 12.724 13.722 16.270 14.593 13.901 14.193 10.204 10.999 10.386 7.679 5.841 6.958 4.702 5.437 2.337 2.904 0.562 1.010 0.432 0.000 0.000 0.000 0.000 0.000 0.000
-999.250 -999.250 -999.250 -999.250 -999.250 -999.250 -999.250 -999.250 -999.250 -999.250 -999.250 -999.250 -999.250 -999.250 -999.250 -999.250 -999.250 -999.250 -999.250 -999.250 -999.250 -999.250 -999.250 -999.250 -999.250 -999.250 -999.250 -999.250 -999.250 -999.250 -999.250 13.847 11.858 13.941 17.310 16.009 14.543 14.631 16.415 16.220 18.280 15.157 13.072 12.700 13.095 16.723 12.321 14.130 13.301 9.377 14.125 10.602 10.666 8.617 5.721 6.338 8.836 5.620 3.240 1.844 2.339 1.546 0.000 0.000 0.000 0.000 0.000 0.000 0.000
-999.250 -999.250 -999.250 -999.250 -999.250 -999.250 -999.250 -999.250 -999.250 -999.250 -999.250 -999.250 -999.250 -999.250 -999.250 -999.250 -999.250 -999.250 -999.250 -999.250 -999.250 -999.250 -999.250 -999.250 -999.250 -999.250 -999.250 -999.250 -999.250 -999.250 -999.250 12.923 15.228 13.784 12.717 18.675 9.621 12.365 16.219 20.778 15.694 14.438 14.730 12.822 14.211 13.299 15.202 11.772 9.787 9.003 9.723 10.038 7.008 9.178 5.824 8.945 8.341 6.657 5.356 2.857 4.105 2.342 0.000 0.000 0.000 0.000 0.000 0.000 0.000
-999.250 -999.250 -999.250 -999.250 -999.250 -999.250 -999.250 -999.250 -999.250 -999.250 -999.250 -999.250 -999.250 -999.250 -999.250 -999.250 -999.250 -999.250 -999.250 -999.250 -999.250 -999.250 -999.250 -999.250 -999.250 -999.250 -999.250 -999.250 -999.250 -999.250 -999.250 16.352 12.757 10.531 13.200 15.012 14.776 8.983 9.417 15.645 17.111 12.817 17.035 16.696 13.794 15.307 15.208 12.461 10.485 7.694 7.640 9.258 8.985 7.902 5.916 6.689 5.172 6.419 5.797 4.643 0.000 0.000 0.035 0.000 0.000 0.000 0.000 0.000 0.000
-999.250 -999.250 -999.250 -999.250 -999.250 -999.250 -999.250 -999.250 -999.250 -999.250 -999.250 -999.250 -999.250 -999.250 -999.250 -999.250 -999.250 -999.250 -999.250 -999.250 -999.250 -999.250 -999.250 -999.250 -999.250 -999.250 -999.250 -999.250 -999.250 -999.250 -999.250 11.505 11.952 12.936 16.404 11.592 9.042 10.523 9.723 9.733 12.739 12.960 15.830 16.815 14.390 15.148 10.054 11.339 10.991 8.635 7.662 8.162 8.088 10.897 5.688 5.933 7.050 7.861 3.393 1.982 0.439 0.000 2.067 0.000 0.000 0.000 0.000 0.000 0.000
-999.250 -999.250 -999.250 -999.250 -999.250 -999.250 -999.250 -999.250 -999.250 -999.250 -999.250 -999.250 -999.250 -999.250 -999.250 -999.250 -999.250 -999.250 -999.250 -999.250 -999.250 -999.250 -999.250 -999.250 -999.250 -999.250 -999.250 -999.250 -999.250 -999.250 -999.250 11.916 13.374 10.716 12.522 14.452 10.936 14.112 10.984 11.141 12.203 13.114 15.162 12.959 10.070 11.023 10.647 10.266 6.713 6.516 9.230 9.850 8.685 7.056 6.119 6.151 3.403 2.588 3.478 0.477 0.000 0.000 0.000 0.000 0.000 0.000 0.000 0.000 0.000
-999.250 -999.250 -999.250 -999.250 -999.250 -999.250 -999.250 -999.250 -999.250 -999.250 -999.250 -999.250 -999.250 -999.250 -999.250 -999.250 -999.250 -999.250 -999.250 -999.250 -999.250 -999.250 -999.250 -999.250 -999.250 -999.250 -999.250 -999.250 -999.250 -999.250 -999.250 9.045 9.784 11.612 11.709 11.598 13.386 11.985 8.510 9.138 11.552 13.140 13.008 11.925 11.577 13.061 10.911 10.059 8.639 8.417 8.696 10.781 12.296 8.352 5.436 6.975 0.606 2.410 0.919 0.807 0.014 1.570 0.000 0.000 0.000 0.000 0.000 0.000 0.000
