data/medianmodel_07-Sep-2020.asc
ncols	141
nrows	288
xllcorner	-120191.398
yllcorner	-301404.813
cellsize	2000.000
NODATA_value	-999.250
[rows 93 to 123 of 288, columns 0 to 68 of 141]
-999.250 -999.250 -999.250 -999.250 -999.250 -999.250 -999.250 -999.250 -999.250 -999.250 -999.250 -999.250 -999.250 -999.250 -999.250 -999.250 -999.250 -999.250 -999.250 -999.250 -999.250 -999.250 -999.250 -999.250 -999.250 -999.250 -999.250 -999.250 -999.250 -999.250 -999.250 2.133 0.000 0.760 0.526 1.267 4.210 5.096 6.891 9.683 10.578 11.957 10.879 12.389 16.550 18.508 25.680 19.470 16.788 15.484 12.584 11.212 12.596 12.421 14.524 17.379 20.268 22.184 24.512 25.759 26.336 21.302 15.631 11.698 7.993 4.885 2.600 2.409 3.910
-999.250 -999.250 -999.250 -999.250 -999.250 -999.250 -999.250 -999.250 -999.250 -999.250 -999.250 -999.250 -999.250 -999.250 -999.250 -999.250 -999.250 -999.250 -999.250 -999.250 -999.250 -999.250 -999.250 -999.250 -999.250 -999.250 -999.250 -999.250 -999.250 -999.250 -999.250 0.667 2.234 3.171 4.034 5.107 7.862 10.885 12.735 13.988 16.848 14.961 14.761 17.243 17.675 16.742 18.356 14.348 13.062 13.183 10.596 10.449 10.239 10.487 11.374 15.518 18.785 21.946 32.566 33.831 37.219 25.716 18.461 13.933 7.776 4.556 0.000 0.000 0.152
-999.250 -999.250 -999.250 -999.250 -999.250 -999.250 -999.250 -999.250 -999.250 -999.250 -999.250 -999.250 -999.250 -999.250 -999.250 -999.250 -999.250 -999.250 -999.250 -999.250 -999.250 -999.250 -999.250 -999.250 -999.250 -999.250 -999.250 -999.250 -999.250 -999.250 -999.250 2.083 2.580 5.173 8.452 9.221 11.934 15.824 18.003 21.466 21.087 22.142 18.893 18.492 17.350 14.974 12.318 11.094 8.270 8.313 8.589 9.427 8.029 8.796 9.078 10.844 16.196 24.738 38.244 46.477 44.417 31.578 21.471 13.262 7.691 1.284 0.000 0.000 0.000
-999.250 -999.250 -999.250 -999.250 -999.250 -999.250 -999.250 -999.250 -999.250 -999.250 -999.250 -999.250 -999.250 -999.250 -999.250 -999.250 -999.250 -999.250 -999.250 -999.250 -999.250 -999.250 -999.250 -999.250 -999.250 -999.250 -999.250 -999.250 -999.250 -999.250 3.217 4.784 5.777 7.536 10.575 11.575 14.240 20.771 25.098 29.353 33.259 29.709 24.969 19.899 17.997 10.638 8.085 7.037 5.375 4.317 5.356 5.453 5.698 6.601 8.011 7.020 10.981 19.776 38.096 57.405 44.885 37.177 20.986 14.449 7.937 1.343 0.000 0.000 0.000
-999.250 -999.250 -999.250 -999.250 -999.250 -999.250 -999.250 -999.250 -999.250 -999.250 -999.250 -999.250 -999.250 -999.250 -999.250 -999.250 -999.250 -999.250 -999.250 -999.250 -999.250 -999.250 -999.250 -999.250 -999.250 -999.250 -999.250 -999.250 -999.250 -999.250 4.147 5.887 5.831 9.653 11.939 15.729 20.224 26.134 32.409 42.952 42.248 39.684 28.677 24.641 17.162 9.645 5.022 2.424 1.764 1.058 2.803 5.114 5.154 4.067 3.133 2.909 5.630 11.472 24.859 38.034 39.275 30.259 22.891 13.389 8.183 1.829 0.000 0.000 0.000
-999.250 -999.250 -999.250 -999.250 -999.250 -999.250 -999.250 -999.250 -999.250 -999.250 -999.250 -999.250 -999.250 -999.250 -999.250 -999.250 -999.250 -999.250 -999.250 -999.250 -999.250 -999.250 -999.250 -999.250 -999.250 -999.250 -999.250 -999.250 -999.250 -999.250 5.841 7.349 8.553 10.606 14.818 17.392 21.319 30.632 43.919 51.176 50.359 46.620 40.994 26.933 20.031 12.053 6.297 2.635 0.650 2.284 6.097 6.046 6.636 5.562 3.493 2.466 0.000 0.000 13.130 22.110 24.218 23.230 19.023 11.543 8.797 2.938 0.000 0.000 0.000
-999.250 -999.250 -999.250 -999.250 -999.250 -999.250 -999.250 -999.250 -999.250 -999.250 -999.250 -999.250 -999.250 -999.250 -999.250 -999.250 -999.250 -999.250 -999.250 -999.250 -999.250 -999.250 -999.250 -999.250 -999.250 -999.250 -999.250 -999.250 -999.250 -999.250 5.398 9.230 11.221 12.714 17.182 19.506 25.069 36.784 46.873 53.092 68.550 53.113 42.499 30.222 20.743 15.066 9.254 6.114 3.647 4.179 7.336 9.366 10.540 8.887 7.763 3.269 0.000 1.419 9.007 15.687 17.437 16.880 13.463 9.951 6.002 2.638 0.168 0.000 0.000
-999.250 -999.250 -999.250 -999.250 -999.250 -999.250 -999.250 -999.250 -999.250 -999.250 -999.250 -999.250 -999.250 -999.250 -999.250 -999.250 -999.250 -999.250 -999.250 -999.250 -999.250 -999.250 -999.250 -999.250 -999.250 -999.250 -999.250 -999.250 -999.250 5.137 8.068 9.084 9.910 14.787 15.855 19.247 27.362 35.994 44.174 52.422 55.491 51.917 45.080 36.536 23.542 17.793 12.273 9.648 8.864 8.943 8.771 10.860 11.860 11.742 10.664 6.108 3.586 4.810 7.557 10.435 12.053 11.800 10.976 8.776 6.470 2.177 0.900 0.000 0.446
-999.250 -999.250 -999.250 -999.250 -999.250 -999.250 -999.250 -999.250 -999.250 -999.250 -999.250 -999.250 -999.250 -999.250 -999.250 -999.250 -999.250 -999.250 -999.250 -999.250 -999.250 -999.250 -999.250 -999.250 -999.250 -999.250 -999.250 -999.250 -999.250 5.521 7.776 8.651 10.410 12.144 14.703 19.910 24.536 27.760 36.136 45.789 45.759 45.421 41.360 32.290 23.722 17.202 13.653 11.889 11.362 11.376 10.827 13.599 16.930 18.978 16.518 8.727 7.310 7.282 5.535 8.347 8.821 8.960 7.964 6.084 5.022 4.049 0.134 0.926 0.850
-999.250 -999.250 -999.250 -999.250 -999.250 -999.250 -999.250 -999.250 -999.250 -999.250 -999.250 -999.250 -999.250 -999.250 -999.250 -999.250 -999.250 -999.250 -999.250 -999.250 -999.250 -999.250 -999.250 -999.250 -999.250 -999.250 -999.250 -999.250 -999.250 5.256 9.162 9.893 11.253 12.206 15.311 17.101 19.663 23.122 25.650 31.776 35.370 39.356 35.855 26.350 21.441 20.320 15.041 13.567 12.921 12.963 12.570 14.523 20.041 29.210 18.785 12.341 7.725 5.555 4.617 4.354 7.770 7.925 6.310 6.512 3.761 1.607 1.573 1.975 1.663
-999.250 -999.250 -999.250 -999.250 -999.250 -999.250 -999.250 -999.250 -999.250 -999.250 -999.250 -999.250 -999.250 -999.250 -999.250 -999.250 -999.250 -999.250 -999.250 -999.250 -999.250 -999.250 -999.250 -999.250 -999.250 -999.250 -999.250 -999.250 -999.250 6.735 7.684 8.607 9.857 10.288 11.701 13.649 17.409 16.732 20.106 21.494 24.515 24.537 27.402 24.620 20.653 19.189 17.865 15.550 15.304 13.938 12.957 14.360 17.512 19.000 16.194 10.766 7.603 4.949 4.332 3.167 6.228 6.461 4.768 5.069 3.607 4.141 1.353 2.157 2.165
-999.250 -999.250 -999.250 -999.250 -999.250 -999.250 -999.250 -999.250 -999.250 -999.250 -999.250 -999.250 -999.250 -999.250 -999.250 -999.250 -999.250 -999.250 -999.250 -999.250 -999.250 -999.250 -999.250 -999.250 -999.250 -999.250 -999.250 -999.250 6.519 7.453 8.131 9.919 8.958 8.142 9.234 9.319 9.946 10.398 12.261 14.588 17.327 17.954 20.367 19.336 19.882 20.576 19.902 18.303 15.681 13.117 12.209 12.449 13.030 12.543 11.080 7.965 6.584 5.185 1.286 1.918 4.183 5.287 5.562 4.695 5.967 4.645 2.834 2.625 3.145
-999.250 -999.250 -999.250 -999.250 -999.250 -999.250 -999.250 -999.250 -999.250 -999.250 -999.250 -999.250 -999.250 -999.250 -999.250 -999.250 -999.250 -999.250 -999.250 -999.250 -999.250 -999.250 -999.250 -999.250 -999.250 -999.250 -999.250 -999.250 7.298 8.716 8.006 9.164 5.151 5.677 7.151 5.072 7.558 5.693 7.188 8.819 11.109 13.644 16.716 17.740 19.099 20.272 26.832 19.507 16.109 13.228 10.897 9.873 11.805 9.463 6.898 4.097 1.761 0.432 0.525 0.350 2.909 6.298 6.141 7.317 6.472 6.438 2.906 3.201 1.579
-999.250 -999.250 -999.250 -999.250 -999.250 -999.250 -999.250 -999.250 -999.250 -999.250 -999.250 -999.250 -999.250 -999.250 -999.250 -999.250 -999.250 -999.250 -999.250 -999.250 -999.250 -999.250 -999.250 -999.250 -999.250 -999.250 -999.250 9.319 10.998 8.920 9.770 8.788 6.616 5.155 3.245 2.360 3.676 2.081 3.965 4.736 8.723 12.030 14.328 16.757 18.049 18.316 20.797 18.063 14.455 10.772 9.913 7.084 6.073 4.217 1.547 0.000 0.000 0.000 0.000 0.458 3.420 5.603 9.933 11.695 9.921 6.763 6.293 3.040 3.188
-999.250 -999.250 -999.250 -999.250 -999.250 -999.250 -999.250 -999.250 -999.250 -999.250 -999.250 -999.250 -999.250 -999.250 -999.250 -999.250 -999.250 -999.250 -999.250 -999.250 -999.250 -999.250 -999.250 -999.250 -999.250 -999.250 -999.250 9.695 10.857 11.225 11.001 10.290 6.092 6.955 3.158 2.336 1.482 0.142 3.196 5.423 6.797 10.251 11.016 11.628 13.725 17.374 16.374 15.369 11.217 9.954 8.121 2.670 1.079 0.000 0.000 0.000 0.000 0.000 0.000 0.793 4.309 6.576 10.330 18.159 11.192 7.214 5.586 2.175 1.003
-999.250 -999.250 -999.250 -999.250 -999.250 -999.250 -999.250 -999.250 -999.250 -999.250 -999.250 -999.250 -999.250 -999.250 -999.250 -999.250 -999.250 -999.250 -999.250 -999.250 -999.250 -999.250 -999.250 -999.250 -999.250 -999.250 -999.250 9.256 10.772 12.734 12.620 11.268 8.533 5.029 4.261 1.114 0.315 1.378 0.287 3.034 4.480 8.715 10.149 12.854 12.002 14.614 12.961 12.088 9.591 7.976 6.877 3.516 0.051 0.000 0.000 0.000 0.000 0.000 0.000 0.000 1.442 3.828 7.579 10.502 9.047 5.736 1.791 1.523 0.000
-999.250 -999.250 -999.250 -999.250 -999.250 -999.250 -999.250 -999.250 -999.250 -999.250 -999.250 -999.250 -999.250 -999.250 -999.250 -999.250 -999.250 -999.250 -999.250 -999.250 -999.250 -999.250 -999.250 -999.250 -999.250 -999.250 -999.250 10.062 11.519 15.442 18.724 11.071 8.801 6.191 3.532 0.700 2.634 2.201 3.466 5.271 4.995 8.599 11.268 10.421 11.309 11.738 12.097 8.879 8.613 5.536 1.825 2.139 0.000 0.000 0.000 0.000 0.000 0.000 0.000 0.000 0.000 2.639 2.505 5.295 4.781 4.067 1.995 0.321 0.000
-999.250 -999.250 -999.250 -999.250 -999.250 -999.250 -999.250 -999.250 -999.250 -999.250 -999.250 -999.250 -999.250 -999.250 -999.250 -999.250 -999.250 -999.250 -999.250 -999.250 -999.250 -999.250 -999.250 -999.250 -999.250 -999.250 -999.250 -999.250 10.302 11.492 11.932 10.061 7.695 5.187 3.121 4.636 4.043 4.680 3.327 4.983 7.082 8.413 10.008 10.850 12.395 10.772 10.976 8.515 7.790 3.194 0.388 0.000 0.000 0.000 0.477 0.994 0.268 0.000 0.000 0.000 0.000 0.000 0.000 0.430 0.401 0.870 0.871 0.000 0.000
-999.250 -999.250 -999.250 -999.250 -999.250 -999.250 -999.250 -999.250 -999.250 -999.250 -999.250 -999.250 -999.250 -999.250 -999.250 -999.250 -999.250 -999.250 -999.250 -999.250 -999.250 -999.250 -999.250 -999.250 -999.250 -999.250 -999.250 -999.250 8.406 9.271 8.819 8.546 5.803 5.302 4.476 4.736 3.984 5.593 5.475 7.271 8.810 8.680 8.331 10.486 10.899 11.628 10.833 8.567 5.313 2.574 0.000 0.000 0.000 0.266 3.291 6.656 4.329 0.576 0.000 0.000 0.000 0.000 0.000 0.000 0.000 0.000 0.000 0.000 0.000
-999.250 -999.250 -999.250 -999.250 -999.250 -999.250 -999.250 -999.250 -999.250 -999.250 -999.250 -999.250 -999.250 -999.250 -999.250 -999.250 -999.250 -999.250 -999.250 -999.250 -999.250 -999.250 -999.250 -999.250 -999.250 -999.250 -999.250 -999.250 7.372 8.714 7.406 6.740 5.627 5.274 3.290 6.242 6.153 5.101 5.730 7.875 8.629 8.454 8.953 10.683 11.348 12.569 8.911 6.711 4.556 0.000 0.000 0.000 0.000 0.901 5.471 11.656 6.636 1.259 0.000 0.000 0.000 0.000 0.000 0.000 0.000 0.000 0.000 0.000 0.000
-999.250 -999.250 -999.250 -999.250 -999.250 -999.250 -999.250 -999.250 -999.250 -999.250 -999.250 -999.250 -999.250 -999.250 -999.250 -999.250 -999.250 -999.250 -999.250 -999.250 -999.250 -999.250 -999.250 -999.250 -999.250 -999.250 -999.250 -999.250 7.820 7.171 7.296 6.783 4.926 5.179 5.999 5.297 6.376 7.098 8.663 9.152 9.468 9.465 8.800 10.198 13.204 16.918 9.657 4.485 2.797 0.000 0.000 0.000 0.000 0.158 3.196 6.216 5.199 1.088 0.000 0.000 0.000 0.000 0.000 0.000 0.000 0.000 0.000 0.000 0.000
-999.250 -999.250 -999.250 -999.250 -999.250 -999.250 -999.250 -999.250 -999.250 -999.250 -999.250 -999.250 -999.250 -999.250 -999.250 -999.250 -999.250 -999.250 -999.250 -999.250 -999.250 -999.250 -999.250 -999.250 -999.250 -999.250 -999.250 -999.250 7.664 6.752 7.708 3.552 5.253 5.219 6.794 7.071 6.511 8.570 9.963 11.659 10.694 10.083 8.837 8.252 9.568 10.027 8.841 5.135 0.000 0.000 0.000 0.000 0.000 0.000 1.249 3.318 0.160 0.000 0.000 0.000 0.000 0.000 0.000 0.000 0.000 0.167 0.052 1.134 1.857
-999.250 -999.250 -999.250 -999.250 -999.250 -999.250 -999.250 -999.250 -999.250 -999.250 -999.250 -999.250 -999.250 -999.250 -999.250 -999.250 -999.250 -999.250 -999.250 -999.250 -999.250 -999.250 -999.250 -999.250 -999.250 -999.250 -999.250 4.693 4.852 7.046 5.877 4.427 3.853 5.765 7.063 6.646 8.734 9.530 11.711 17.523 11.472 10.134 9.610 8.662 8.930 8.257 5.133 3.143 0.000 0.000 0.000 0.000 0.000 0.000 0.000 0.000 0.000 0.000 0.000 0.000 0.000 0.000 0.000 0.325 1.050 2.320 4.710 7.574 6.504
-999.250 -999.250 -999.250 -999.250 -999.250 -999.250 -999.250 -999.250 -999.250 -999.250 -999.250 -999.250 -999.250 -999.250 -999.250 -999.250 -999.250 -999.250 -999.250 -999.250 -999.250 -999.250 -999.250 -999.250 -999.250 -999.250 -999.250 2.388 6.160 7.346 5.314 4.814 4.309 5.800 6.442 8.149 10.020 10.546 12.684 13.059 11.511 8.858 8.255 7.464 5.285 4.365 1.186 0.980 0.000 0.000 0.000 0.000 0.000 0.000 0.000 0.000 0.000 0.000 0.000 0.000 0.000 0.000 0.116 1.511 4.488 7.832 7.905 11.567 13.486
-999.250 -999.250 -999.250 -999.250 -999.250 -999.250 -999.250 -999.250 -999.250 -999.250 -999.250 -999.250 -999.250 -999.250 -999.250 -999.250 -999.250 -999.250 -999.250 -999.250 -999.250 -999.250 -999.250 -999.250 -999.250 -999.250 -999.250 1.644 3.961 4.059 4.987 3.583 4.668 6.674 5.987 8.893 8.911 11.789 10.538 10.771 10.631 8.922 7.194 5.098 3.884 3.803 0.000 0.000 0.000 0.000 0.000 0.000 0.000 0.000 0.000 0.000 0.000 0.000 0.000 0.000 0.000 0.000 1.148 4.459 7.905 10.161 13.232 17.304 18.227
-999.250 -999.250 -999.250 -999.250 -999.250 -999.250 -999.250 -999.250 -999.250 -999.250 -999.250 -999.250 -999.250 -999.250 -999.250 -999.250 -999.250 -999.250 -999.250 -999.250 -999.250 -999.250 -999.250 -999.250 -999.250 -999.250 0.833 3.270 4.896 4.623 4.840 4.450 5.035 3.905 6.047 8.534 10.363 11.477 11.068 9.284 9.490 8.648 6.473 3.213 2.798 0.514 0.000 0.000 0.000 0.000 0.000 0.000 0.000 0.000 0.000 0.000 0.000 0.000 0.000 0.000 0.000 0.797 3.027 5.679 10.116 13.432 17.039 20.602 25.696
-999.250 -999.250 -999.250 -999.250 -999.250 -999.250 -999.250 -999.250 -999.250 -999.250 -999.250 -999.250 -999.250 -999.250 -999.250 -999.250 -999.250 -999.250 -999.250 -999.250 -999.250 -999.250 -999.250 -999.250 -999.250 -999.250 2.551 2.327 3.876 4.590 3.277 3.188 5.717 5.777 7.588 9.300 8.857 11.063 10.700 10.292 8.070 7.029 6.693 2.270 0.000 0.000 0.000 0.000 0.000 0.000 0.000 0.000 0.000 0.000 0.000 0.000 0.000 0.000 0.000 0.000 0.000 0.000 3.014 5.518 11.314 17.516 21.265 26.342 31.790
-999.250 -999.250 -999.250 -999.250 -999.250 -999.250 -999.250 -999.250 -999.250 -999.250 -999.250 -999.250 -999.250 -999.250 -999.250 -999.250 -999.250 -999.250 -999.250 -999.250 -999.250 -999.250 -999.250 -999.250 -999.250 -999.250 2.171 2.549 4.588 5.152 5.121 3.230 6.431 8.246 9.202 9.448 9.563 11.043 11.821 9.540 7.540 4.921 4.355 1.180 0.000 0.000 0.000 0.000 0.000 0.000 0.000 0.000 0.000 0.000 0.000 0.000 0.000 0.000 0.000 0.000 0.000 0.000 2.599 8.839 13.640 17.638 27.095 37.490 42.959
-999.250 -999.250 -999.250 -999.250 -999.250 -999.250 -999.250 -999.250 -999.250 -999.250 -999.250 -999.250 -999.250 -999.250 -999.250 -999.250 -999.250 -999.250 -999.250 -999.250 -999.250 -999.250 -999.250 -999.250 -999.250 3.660 3.443 3.541 4.317 5.830 5.559 5.554 8.662 8.769 9.864 9.745 10.791 10.575 12.496 11.194 9.493 6.614 4.464 2.304 0.000 0.000 0.000 0.000 0.000 0.000 0.000 0.000 0.000 1.511 0.169 0.000 0.000 0.000 0.000 0.000 0.000 1.320 5.417 9.973 14.853 21.446 26.762 41.269 50.363
-999.250 -999.250 -999.250 -999.250 -999.250 -999.250 -999.250 -999.250 -999.250 -999.250 -999.250 -999.250 -999.250 -999.250 -999.250 -999.250 -999.250 -999.250 -999.250 -999.250 -999.250 -999.250 -999.250 -999.250 -999.250 3.444 4.189 3.773 3.639 6.731 7.046 7.372 8.596 9.633 9.607 10.128 12.667 13.526 16.261 13.084 10.644 8.403 5.450 2.016 0.000 0.000 0.000 0.000 0.000 0.000 0.000 0.828 2.314 3.443 1.450 1.122 0.000 0.000 0.000 0.000 0.000 1.883 7.268 10.334 16.942 25.208 36.260 44.187 54.050
-999.250 -999.250 -999.250 -999.250 -999.250 -999.250 -999.250 -999.250 -999.250 -999.250 -999.250 -999.250 -999.250 -999.250 -999.250 -999.250 -999.250 -999.250 -999.250 -999.250 -999.250 -999.250 -999.250 -999.250 -999.250 3.622 5.737 5.135 6.162 5.966 8.293 9.565 8.065 10.173 11.937 11.167 13.452 16.237 21.375 14.693 10.832 9.403 4.672 1.730 0.000 0.000 0.000 0.000 0.000 0.000 0.000 1.957 4.256 6.041 5.788 3.902 0.768 0.000 0.000 0.000 0.000 0.738 7.242 12.416 18.280 23.532 34.534 44.132 51.323
