data/medianmodel_01-Oct-2020.asc
ncols	141
nrows	288
xllcorner	-120191.398
yllcorner	-301404.813
cellsize	2000.000
NODATA_value	-999.250
[rows 90 to 119 of 288, columns 0 to 66 of 141]
-999.250 -999.250 -999.250 -999.250 -999.250 -999.250 -999.250 -999.250 -999.250 -999.250 -999.250 -999.250 -999.250 -999.250 -999.250 -999.250 -999.250 -999.250 -999.250 -999.250 -999.250 -999.250 -999.250 -999.250 -999.250 -999.250 -999.250 -999.250 -999.250 -999.250 -999.250 -999.250 11.202 9.979 11.634 13.258 13.193 16.721 20.278 20.928 24.473 22.534 21.167 18.413 15.615 14.536 14.297 13.000 14.158 11.808 11.909 11.545 11.195 12.138 13.792 16.078 18.232 19.505 19.409 25.730 28.332 30.987 34.147 37.316 46.710 46.523 51.401
-999.250 -999.250 -999.250 -999.250 -999.250 -999.250 -999.250 -999.250 -999.250 -999.250 -999.250 -999.250 -999.250 -999.250 -999.250 -999.250 -999.250 -999.250 -999.250 -999.250 -999.250 -999.250 -999.250 -999.250 -999.250 -999.250 -999.250 -999.250 -999.250 -999.250 -999.250 -999.250 8.827 7.863 9.882 11.544 14.608 16.733 18.107 20.373 23.006 24.229 21.627 20.414 16.809 17.457 15.651 15.351 13.028 12.433 11.670 11.443 12.078 14.088 14.988 17.749 19.208 21.803 25.775 26.547 29.490 31.032 33.054 33.423 39.831 42.410 46.328
-999.250 -999.250 -999.250 -999.250 -999.250 -999.250 -999.250 -999.250 -999.250 -999.250 -999.250 -999.250 -999.250 -999.250 -999.250 -999.250 -999.250 -999.250 -999.250 -999.250 -999.250 -999.250 -999.250 -999.250 -999.250 -999.250 -999.250 -999.250 -999.250 -999.250 -999.250 9.702 4.359 3.865 6.495 10.507 12.792 15.857 19.324 21.995 22.572 20.787 21.004 20.674 19.041 18.369 17.437 15.220 13.322 12.172 12.314 12.718 11.576 14.239 15.453 15.559 18.751 25.304 26.942 28.295 31.127 31.987 30.832 30.960 34.121 37.388 38.422
-999.250 -999.250 -999.250 -999.250 -999.250 -999.250 -999.250 -999.250 -999.250 -999.250 -999.250 -999.250 -999.250 -999.250 -999.250 -999.250 -999.250 -999.250 -999.250 -999.250 -999.250 -999.250 -999.250 -999.250 -999.250 -999.250 -999.250 -999.250 -999.250 -999.250 -999.250 7.467 3.656 1.772 6.304 9.447 13.427 17.828 20.210 23.950 26.759 26.137 25.749 24.691 21.812 20.750 18.343 16.529 14.600 13.901 14.320 12.239 13.732 14.450 15.128 16.389 18.311 24.544 26.392 28.864 30.990 32.195 31.236 33.673 32.022 34.038 36.108
-999.250 -999.250 -999.250 -999.250 -999.250 -999.250 -999.250 -999.250 -999.250 -999.250 -999.250 -999.250 -999.250 -999.250 -999.250 -999.250 -999.250 -999.250 -999.250 -999.250 -999.250 -999.250 -999.250 -999.250 -999.250 -999.250 -999.250 -999.250 -999.250 -999.250 -999.250 3.971 2.809 0.000 2.187 7.893 14.921 20.737 22.445 27.001 29.035 31.635 30.297 27.123 24.153 22.199 18.528 18.440 17.908 16.009 14.448 13.067 13.891 14.977 15.903 16.901 20.191 22.103 26.535 31.237 31.030 32.567 31.469 32.844 31.087 33.910 32.360
-999.250 -999.250 -999.250 -999.250 -999.250 -999.250 -999.250 -999.250 -999.250 -999.250 -999.250 -999.250 -999.250 -999.250 -999.250 -999.250 -999.250 -999.250 -999.250 -999.250 -999.250 -999.250 -999.250 -999.250 -999.250 -999.250 -999.250 -999.250 -999.250 -999.250 -999.250 2.982 1.563 0.000 0.000 10.120 17.883 22.594 28.896 30.582 33.422 32.474 36.537 32.072 31.000 26.317 20.776 19.104 18.878 18.206 15.180 13.911 14.523 14.007 15.922 14.691 18.576 22.753 29.496 32.951 32.960 32.818 30.723 30.937 32.099 30.601 30.452
-999.250 -999.250 -999.250 -999.250 -999.250 -999.250 -999.250 -999.250 -999.250 -999.250 -999.250 -999.250 -999.250 -999.250 -999.250 -999.250 -999.250 -999.250 -999.250 -999.250 -999.250 -999.250 -999.250 -999.250 -999.250 -999.250 -999.250 -999.250 -999.250 -999.250 7.575 4.718 6.476 7.592 10.028 16.539 23.096 29.459 34.535 39.050 40.627 41.701 37.506 36.019 33.046 30.342 21.765 20.519 23.373 20.669 16.714 16.156 14.148 15.635 15.994 15.524 17.129 20.867 29.919 38.270 33.475 33.146 30.419 29.086 27.849 28.834 29.044
-999.250 -999.250 -999.250 -999.250 -999.250 -999.250 -999.250 -999.250 -999.250 -999.250 -999.250 -999.250 -999.250 -999.250 -999.250 -999.250 -999.250 -999.250 -999.250 -999.250 -999.250 -999.250 -999.250 -999.250 -999.250 -999.250 -999.250 -999.250 -999.250 -999.250 8.217 8.304 10.361 11.915 15.837 22.631 29.802 32.060 42.998 49.483 52.588 50.968 43.592 41.401 34.785 31.437 25.108 22.709 23.455 22.882 18.904 20.312 16.847 17.634 14.195 15.645 15.896 16.927 24.083 30.096 31.516 30.325 28.887 27.620 26.416 26.348 29.111
-999.250 -999.250 -999.250 -999.250 -999.250 -999.250 -999.250 -999.250 -999.250 -999.250 -999.250 -999.250 -999.250 -999.250 -999.250 -999.250 -999.250 -999.250 -999.250 -999.250 -999.250 -999.250 -999.250 -999.250 -999.250 -999.250 -999.250 -999.250 -999.250 -999.250 12.255 13.708 15.104 17.728 22.092 27.266 34.137 46.008 53.017 54.684 61.203 58.728 52.594 45.300 37.161 31.621 30.407 28.193 26.896 25.736 25.402 25.850 20.933 19.221 17.205 17.021 14.820 11.360 19.309 25.671 27.669 29.787 28.488 27.219 26.390 26.067 29.892
-999.250 -999.250 -999.250 -999.250 -999.250 -999.250 -999.250 -999.250 -999.250 -999.250 -999.250 -999.250 -999.250 -999.250 -999.250 -999.250 -999.250 -999.250 -999.250 -999.250 -999.250 -999.250 -999.250 -999.250 -999.250 -999.250 -999.250 -999.250 -999.250 -999.250 14.116 16.990 19.835 23.121 29.392 36.540 40.474 54.790 55.219 62.190 71.406 63.341 55.715 57.739 43.425 35.746 33.017 31.504 29.753 29.458 28.247 27.649 28.857 22.757 19.918 17.336 15.267 14.770 17.786 22.412 25.276 26.583 26.162 25.742 24.212 24.202 27.979
-999.250 -999.250 -999.250 -999.250 -999.250 -999.250 -999.250 -999.250 -999.250 -999.250 -999.250 -999.250 -999.250 -999.250 -999.250 -999.250 -999.250 -999.250 -999.250 -999.250 -999.250 -999.250 -999.250 -999.250 -999.250 -999.250 -999.250 -999.250 -999.250 14.508 16.177 20.927 22.888 28.110 35.647 40.506 48.666 52.992 62.357 70.071 72.301 65.417 57.902 59.881 50.607 41.446 36.223 33.405 31.953 33.962 31.971 32.240 29.341 26.437 22.287 18.144 17.006 17.020 17.564 20.065 21.876 21.809 24.652 25.147 20.818 21.836 24.470
-999.250 -999.250 -999.250 -999.250 -999.250 -999.250 -999.250 -999.250 -999.250 -999.250 -999.250 -999.250 -999.250 -999.250 -999.250 -999.250 -999.250 -999.250 -999.250 -999.250 -999.250 -999.250 -999.250 -999.250 -999.250 -999.250 -999.250 -999.250 -999.250 16.523 18.818 20.636 27.315 31.756 35.666 44.755 51.925 59.002 65.664 69.134 69.974 68.388 65.014 59.248 54.361 42.112 36.713 36.726 34.116 34.291 36.489 34.880 32.389 31.310 26.229 19.454 18.554 18.126 16.486 18.133 18.870 20.332 21.155 23.388 21.043 22.652 20.573
-999.250 -999.250 -999.250 -999.250 -999.250 -999.250 -999.250 -999.250 -999.250 -999.250 -999.250 -999.250 -999.250 -999.250 -999.250 -999.250 -999.250 -999.250 -999.250 -999.250 -999.250 -999.250 -999.250 -999.250 -999.250 -999.250 -999.250 -999.250 -999.250 17.999 19.902 27.203 30.222 34.875 38.915 47.918 53.351 64.345 68.427 66.250 71.273 69.784 64.953 60.083 56.392 51.379 46.257 39.797 40.147 40.780 35.375 36.419 36.038 36.512 30.666 23.677 19.202 17.686 17.704 18.556 17.340 18.698 20.907 20.488 20.820 23.224 23.616
-999.250 -999.250 -999.250 -999.250 -999.250 -999.250 -999.250 -999.250 -999.250 -999.250 -999.250 -999.250 -999.250 -999.250 -999.250 -999.250 -999.250 -999.250 -999.250 -999.250 -999.250 -999.250 -999.250 -999.250 -999.250 -999.250 -999.250 -999.250 -999.250 21.188 26.664 29.599 31.030 34.535 41.753 49.699 59.214 62.821 68.518 68.844 73.421 71.495 66.341 62.823 61.056 53.963 48.730 49.648 43.322 42.646 36.541 36.520 35.609 34.505 31.448 26.042 23.588 18.155 18.018 16.323 16.338 18.416 18.187 21.872 23.308 19.788 22.079
-999.250 -999.250 -999.250 -999.250 -999.250 -999.250 -999.250 -999.250 -999.250 -999.250 -999.250 -999.250 -999.250 -999.250 -999.250 -999.250 -999.250 -999.250 -999.250 -999.250 -999.250 -999.250 -999.250 -999.250 -999.250 -999.250 -999.250 -999.250 18.634 20.116 24.976 28.697 34.667 41.005 44.316 52.783 61.946 67.888 65.390 67.608 70.478 69.763 69.744 68.785 63.252 58.865 59.232 54.564 50.489 45.090 40.991 37.045 36.615 35.323 31.905 27.529 22.696 18.285 17.075 17.098 15.563 17.837 17.642 21.034 21.803 23.052 20.890
-999.250 -999.250 -999.250 -999.250 -999.250 -999.250 -999.250 -999.250 -999.250 -999.250 -999.250 -999.250 -999.250 -999.250 -999.250 -999.250 -999.250 -999.250 -999.250 -999.250 -999.250 -999.250 -999.250 -999.250 -999.250 -999.250 -999.250 -999.250 18.299 23.997 28.071 31.417 37.821 44.963 47.537 58.084 61.718 66.484 69.995 69.896 67.775 69.685 66.009 66.374 66.196 59.059 57.392 55.429 49.889 46.415 38.995 43.642 37.398 34.656 30.876 27.682 22.301 18.079 16.930 15.884 15.337 17.570 18.750 19.790 24.364 21.426 21.359
-999.250 -999.250 -999.250 -999.250 -999.250 -999.250 -999.250 -999.250 -999.250 -999.250 -999.250 -999.250 -999.250 -999.250 -999.250 -999.250 -999.250 -999.250 -999.250 -999.250 -999.250 -999.250 -999.250 -999.250 -999.250 -999.250 -999.250 16.193 19.254 25.095 28.776 32.724 40.149 45.995 49.041 56.438 61.566 64.115 71.361 68.474 69.748 72.284 66.326 67.636 63.205 59.112 58.335 55.674 58.935 48.980 43.882 39.976 37.632 33.843 31.539 27.939 20.479 17.996 16.251 15.364 17.313 16.029 17.270 18.267 19.554 18.581 19.675
-999.250 -999.250 -999.250 -999.250 -999.250 -999.250 -999.250 -999.250 -999.250 -999.250 -999.250 -999.250 -999.250 -999.250 -999.250 -999.250 -999.250 -999.250 -999.250 -999.250 -999.250 -999.250 -999.250 -999.250 -999.250 -999.250 -999.250 17.675 19.185 25.446 29.231 32.163 36.412 38.260 48.821 58.502 64.208 64.048 69.881 71.047 70.343 66.973 64.209 68.634 61.478 61.659 59.356 53.379 53.330 49.391 45.769 42.408 37.365 32.335 28.823 25.462 22.043 18.287 14.748 13.793 14.287 15.019 15.426 18.159 18.772 18.266 15.108
-999.250 -999.250 -999.250 -999.250 -999.250 -999.250 -999.250 -999.250 -999.250 -999.250 -999.250 -999.250 -999.250 -999.250 -999.250 -999.250 -999.250 -999.250 -999.250 -999.250 -999.250 -999.250 -999.250 -999.250 -999.250 -999.250 -999.250 16.718 18.776 24.735 28.187 32.002 34.144 37.692 44.286 52.352 56.757 62.966 63.772 63.297 66.576 66.039 63.768 66.046 66.004 59.405 58.183 53.512 52.365 49.128 40.923 40.068 35.119 31.957 29.618 23.393 18.408 18.175 17.179 13.134 13.798 12.356 13.926 15.605 15.852 15.430 17.563
-999.250 -999.250 -999.250 -999.250 -999.250 -999.250 -999.250 -999.250 -999.250 -999.250 -999.250 -999.250 -999.250 -999.250 -999.250 -999.250 -999.250 -999.250 -999.250 -999.250 -999.250 -999.250 -999.250 -999.250 -999.250 -999.250 -999.250 18.967 17.714 20.668 25.533 29.977 32.658 35.146 40.257 44.579 49.120 51.953 53.645 61.210 63.517 63.344 65.163 64.001 63.955 59.491 55.029 53.118 51.298 49.810 45.008 36.930 35.516 31.188 27.988 21.385 20.582 17.101 13.972 10.231 9.449 9.574 11.608 12.656 13.472 15.250 15.736
-999.250 -999.250 -999.250 -999.250 -999.250 -999.250 -999.250 -999.250 -999.250 -999.250 -999.250 -999.250 -999.250 -999.250 -999.250 -999.250 -999.250 -999.250 -999.250 -999.250 -999.250 -999.250 -999.250 -999.250 -999.250 -999.250 -999.250 -999.250 17.244 22.635 23.106 28.162 29.487 32.580 35.724 41.619 48.244 49.134 52.561 54.814 57.498 57.821 63.295 65.719 62.927 59.901 54.174 48.250 52.496 46.179 39.529 37.423 35.407 31.810 27.338 22.147 19.068 15.625 10.501 6.199 2.647 4.474 7.572 10.545 13.895 14.580 15.794
-999.250 -999.250 -999.250 -999.250 -999.250 -999.250 -999.250 -999.250 -999.250 -999.250 -999.250 -999.250 -999.250 -999.250 -999.250 -999.250 -999.250 -999.250 -999.250 -999.250 -999.250 -999.250 -999.250 -999.250 -999.250 -999.250 -999.250 -999.250 18.283 20.518 23.472 28.768 30.406 32.953 34.416 35.386 39.010 42.016 42.355 48.915 56.936 57.526 63.641 64.301 65.225 61.089 58.513 53.520 52.313 46.061 38.973 34.336 33.372 30.555 28.697 24.148 19.519 15.411 10.255 4.836 0.000 1.292 6.510 6.431 9.937 13.805 14.695
-999.250 -999.250 -999.250 -999.250 -999.250 -999.250 -999.250 -999.250 -999.250 -999.250 -999.250 -999.250 -999.250 -999.250 -999.250 -999.250 -999.250 -999.250 -999.250 -999.250 -999.250 -999.250 -999.250 -999.250 -999.250 -999.250 -999.250 -999.250 22.295 21.217 24.405 25.871 29.737 28.763 30.888 32.192 32.183 32.998 36.240 39.193 44.046 53.796 53.919 58.059 60.926 58.005 59.433 50.470 46.345 40.905 35.908 33.365 32.790 28.074 23.625 23.313 18.018 12.996 8.257 3.246 0.000 4.186 6.969 7.579 10.083 12.081 14.587
-999.250 -999.250 -999.250 -999.250 -999.250 -999.250 -999.250 -999.250 -999.250 -999.250 -999.250 -999.250 -999.250 -999.250 -999.250 -999.250 -999.250 -999.250 -999.250 -999.250 -999.250 -999.250 -999.250 -999.250 -999.250 -999.250 -999.250 -999.250 21.602 21.536 25.135 26.949 27.894 28.986 28.574 29.848 27.200 29.728 30.479 33.215 36.651 45.390 51.016 54.018 58.300 62.031 52.593 43.870 40.640 32.850 31.006 31.476 28.767 24.340 20.904 18.034 13.899 11.848 5.816 3.532 1.285 4.992 5.127 7.924 9.274 13.877 14.756
-999.250 -999.250 -999.250 -999.250 -999.250 -999.250 -999.250 -999.250 -999.250 -999.250 -999.250 -999.250 -999.250 -999.250 -999.250 -999.250 -999.250 -999.250 -999.250 -999.250 -999.250 -999.250 -999.250 -999.250 -999.250 -999.250 -999.250 -999.250 23.448 24.611 23.662 27.026 27.639 24.913 24.719 25.212 26.770 25.762 25.065 27.034 31.494 37.344 46.592 47.657 49.266 49.432 43.242 36.565 31.921 29.105 24.330 24.876 21.907 19.418 16.497 14.879 12.651 10.364 6.635 4.178 3.822 4.309 7.559 7.700 10.129 13.169 15.450
-999.250 -999.250 -999.250 -999.250 -999.250 -999.250 -999.250 -999.250 -999.250 -999.250 -999.250 -999.250 -999.250 -999.250 -999.250 -999.250 -999.250 -999.250 -999.250 -999.250 -999.250 -999.250 -999.250 -999.250 -999.250 -999.250 -999.250 19.855 26.615 25.984 25.830 24.814 25.788 25.172 22.531 24.052 25.333 21.660 17.349 17.523 26.456 30.901 37.330 38.363 40.287 35.385 33.855 28.763 20.844 20.716 16.879 17.435 17.631 15.870 15.843 11.941 8.618 6.064 4.599 4.471 7.355 8.399 8.509 10.168 12.382 13.394 15.308
-999.250 -999.250 -999.250 -999.250 -999.250 -999.250 -999.250 -999.250 -999.250 -999.250 -999.250 -999.250 -999.250 -999.250 -999.250 -999.250 -999.250 -999.250 -999.250 -999.250 -999.250 -999.250 -999.250 -999.250 -999.250 -999.250 -999.250 21.341 27.710 23.734 26.595 24.613 26.150 25.107 22.609 24.776 24.251 21.531 19.493 19.995 25.826 28.996 31.707 32.328 30.481 28.891 26.214 21.494 14.218 10.882 10.818 12.549 12.501 11.278 10.418 7.531 2.181 0.821 2.820 5.383 9.302 9.241 11.565 11.653 12.759 14.339 15.916
-999.250 -999.250 -999.250 -999.250 -999.250 -999.250 -999.250 -999.250 -999.250 -999.250 -999.250 -999.250 -999.250 -999.250 -999.250 -999.250 -999.250 -999.250 -999.250 -999.250 -999.250 -999.250 -999.250 -999.250 -999.250 -999.250 -999.250 23.744 24.626 28.111 27.160 27.462 28.019 28.244 27.211 24.072 25.402 22.864 21.436 19.963 26.359 25.543 25.322 28.146 22.807 21.991 20.087 15.792 9.236 0.000 2.318 5.132 6.910 8.463 8.299 3.442 0.408 0.000 2.172 4.689 10.366 11.706 12.600 12.407 13.451 15.680 16.330
-999.250 -999.250 -999.250 -999.250 -999.250 -999.250 -999.250 -999.250 -999.250 -999.250 -999.250 -999.250 -999.250 -999.250 -999.250 -999.250 -999.250 -999.250 -999.250 -999.250 -999.250 -999.250 -999.250 -999.250 -999.250 -999.250 26.443 26.194 28.954 27.711 28.412 28.517 30.835 28.363 27.992 27.488 27.061 27.177 25.538 26.678 28.672 25.906 24.838 21.939 19.402 18.449 16.133 12.451 7.031 0.060 3.324 3.581 5.179 8.786 8.049 7.154 4.806 7.897 8.652 9.991 13.299 15.107 15.819 15.349 15.276 17.506 17.136
-999.250 -999.250 -999.250 -999.250 -999.250 -999.250 -999.250 -999.250 -999.250 -999.250 -999.250 -999.250 -999.250 -999.250 -999.250 -999.250 -999.250 -999.250 -999.250 -999.250 -999.250 -999.250 -999.250 -999.250 -999.250 -999.250 28.125 29.572 31.845 32.335 31.831 32.439 32.737 29.864 29.757 31.732 33.773 33.044 33.057 31.141 31.948 27.791 25.550 19.983 20.046 17.275 14.327 11.781 5.792 2.288 4.388 4.337 6.795 6.989 7.379 9.877 8.713 11.880 14.037 17.215 17.297 20.354 18.341 18.669 16.776 18.601 17.963
