data/medianmodel_15-Jun-2020.asc
ncols	141
nrows	288
xllcorner	-120191.398
yllcorner	-301404.813
cellsize	2000.000
NODATA_value	-999.250
[rows 186 to 216 of 288, columns 0 to 68 of 141]
141.082 122.794 101.848 134.134 96.560 131.177 143.273 154.455 167.125 197.240 211.408 226.548 216.891 182.879 160.890 133.656 130.709 133.806 -999.250 -999.250 -999.250 -999.250 -999.250 53.022 43.603 32.734 42.150 37.339 33.586 24.873 23.479 28.018 34.069 25.020 20.261 22.942 20.186 25.284 17.596 20.717 11.239 12.769 9.401 8.463 11.899 10.227 13.765 12.525 9.494 12.980 11.394 8.779 7.393 8.173 8.259 6.944 6.289 4.033 1.250 1.349 2.439 0.000 0.543 0.000 0.000 0.000 0.000 0.000 0.000
-999.250 97.416 90.700 90.695 85.429 126.637 142.925 135.886 149.969 178.851 204.945 237.419 255.288 192.924 160.090 104.520 90.621 123.538 -999.250 -999.250 -999.250 -999.250 36.982 41.741 31.388 46.257 43.717 47.506 41.515 27.943 25.470 23.157 29.879 25.131 27.846 28.335 22.249 24.852 21.349 14.941 11.633 10.556 11.278 14.697 9.918 19.314 15.955 22.937 14.324 12.442 8.705 8.671 8.875 8.133 8.922 4.971 4.727 3.897 3.382 2.652 0.427 1.985 0.134 0.000 0.000 0.000 0.000 0.000 0.000
-999.250 109.723 83.159 73.183 81.947 121.584 150.621 132.853 135.175 130.681 167.148 199.815 212.307 176.956 132.773 104.806 103.033 94.328 -999.250 -999.250 -999.250 46.059 -999.250 29.442 38.337 46.487 53.377 29.397 25.444 34.991 25.522 18.407 17.793 19.033 19.273 20.520 20.629 26.887 21.471 13.258 12.559 10.327 12.363 13.087 14.153 20.737 18.898 19.108 16.889 12.147 7.467 7.420 8.670 6.712 9.143 7.077 4.958 5.179 4.649 5.679 3.387 2.978 0.919 0.000 0.000 0.000 0.000 0.000 0.000
-999.250 103.428 85.450 70.436 72.524 97.726 111.470 114.165 96.021 80.397 90.115 131.731 157.064 144.464 102.102 91.867 84.538 -999.250 -999.250 -999.250 -999.250 35.231 20.026 17.424 28.975 29.925 40.247 21.396 21.703 23.947 19.482 20.688 16.436 19.454 23.060 29.123 29.366 16.938 18.659 16.180 15.282 13.884 13.956 15.892 14.240 16.101 13.854 16.113 17.177 9.700 7.127 7.348 7.587 7.961 15.759 8.261 9.075 6.816 4.052 5.360 5.700 1.885 3.504 3.445 0.000 0.000 0.000 0.830 0.000
-999.250 93.966 80.556 71.626 61.557 93.147 120.852 105.446 87.064 70.087 72.411 77.223 84.192 120.340 89.278 76.080 86.945 -999.250 -999.250 -999.250 39.038 35.548 26.035 20.583 32.133 29.544 23.839 17.002 20.215 15.082 19.161 17.555 18.823 20.082 19.588 24.112 19.193 15.596 12.667 10.000 10.981 11.361 13.601 15.159 12.133 10.610 8.788 14.834 12.622 6.144 8.403 6.475 6.541 6.797 9.331 9.021 5.854 5.948 4.998 2.334 4.309 4.201 1.506 2.702 0.175 1.880 0.000 1.648 4.995
-999.250 -999.250 -999.250 56.432 -999.250 -999.250 116.653 109.020 75.318 -999.250 -999.250 -999.250 75.913 89.014 -999.250 -999.250 -999.250 -999.250 -999.250 -999.250 53.014 30.485 35.206 22.762 31.033 33.483 25.397 13.884 10.709 11.266 24.299 29.036 19.069 16.904 23.387 19.405 29.667 15.770 20.434 15.228 12.990 16.245 12.145 13.047 11.965 7.141 9.217 11.192 11.192 8.240 7.320 9.401 8.587 8.719 8.598 7.136 2.936 3.352 2.060 3.112 2.894 3.912 2.701 3.901 2.520 2.494 0.635 0.499 2.862
-999.250 -999.250 -999.250 -999.250 -999.250 -999.250 -999.250 -999.250 -999.250 -999.250 -999.250 -999.250 -999.250 78.312 74.539 68.639 -999.250 -999.250 -999.250 54.000 65.348 53.184 48.939 26.011 25.677 20.754 16.895 11.677 11.885 18.187 31.855 17.737 27.835 19.325 33.718 45.830 35.508 14.146 16.221 15.395 16.552 9.829 7.863 7.262 6.912 8.885 5.264 8.034 8.691 8.132 7.395 8.900 11.178 9.371 5.341 2.198 2.701 2.079 3.035 3.169 4.778 5.632 5.758 4.233 2.839 5.597 1.319 0.307 3.644
-999.250 -999.250 -999.250 -999.250 -999.250 -999.250 -999.250 -999.250 -999.250 -999.250 -999.250 77.837 86.872 87.486 65.651 73.947 -999.250 -999.250 64.007 78.513 66.782 69.394 62.549 59.169 47.586 24.007 15.324 11.843 13.438 21.713 36.474 35.483 24.953 14.835 22.937 27.354 23.746 20.632 17.367 14.793 12.752 13.189 11.788 11.229 6.232 5.911 7.171 5.964 9.254 4.914 7.559 9.741 11.829 8.348 5.234 3.183 6.391 3.170 6.220 4.199 5.713 1.910 4.060 1.722 2.870 2.999 1.685 1.508 4.645
-999.250 -999.250 -999.250 -999.250 -999.250 -999.250 -999.250 -999.250 -999.250 -999.250 -999.250 82.701 76.313 69.351 58.189 50.249 46.183 39.426 53.913 65.400 71.853 96.263 63.682 56.362 30.043 15.747 12.448 10.575 10.576 20.858 21.760 21.712 19.957 17.342 19.028 24.868 16.713 23.728 18.597 23.423 15.740 18.708 16.537 10.285 7.833 7.245 4.534 10.724 7.087 6.341 10.162 10.342 10.151 8.495 5.772 4.619 3.760 4.066 4.498 3.622 4.597 5.519 3.440 1.655 3.548 1.390 0.695 1.288 3.908
-999.250 -999.250 -999.250 -999.250 -999.250 -999.250 -999.250 -999.250 -999.250 -999.250 -999.250 -999.250 62.506 49.010 53.722 56.386 72.726 46.171 50.630 50.267 67.208 80.520 67.033 51.665 21.684 11.125 8.490 11.270 12.729 18.549 24.587 12.459 17.415 16.484 18.605 26.186 17.443 12.579 14.241 24.371 15.185 15.951 11.629 12.925 10.592 8.784 8.680 11.509 10.442 9.762 9.447 11.219 8.720 7.357 8.574 5.297 6.997 9.137 8.026 4.974 5.417 6.531 2.830 1.409 3.703 5.226 0.647 2.428 2.268
-999.250 -999.250 -999.250 -999.250 -999.250 -999.250 -999.250 -999.250 -999.250 -999.250 -999.250 -999.250 -999.250 39.546 48.793 54.371 59.570 50.522 43.022 40.917 54.571 60.352 62.861 48.376 19.808 13.562 13.808 17.408 17.456 24.379 20.010 26.568 16.982 30.614 26.437 15.615 15.266 16.531 17.696 16.975 23.210 13.150 17.504 12.737 11.952 15.067 11.462 9.940 11.565 9.508 10.145 8.329 8.454 4.827 5.600 5.743 8.621 6.733 5.839 4.809 5.865 4.966 3.511 4.037 4.024 6.399 1.265 0.195 1.740
-999.250 -999.250 -999.250 -999.250 -999.250 -999.250 -999.250 -999.250 -999.250 -999.250 -999.250 -999.250 -999.250 36.979 52.259 47.499 52.387 38.316 31.865 43.407 52.596 47.087 47.478 36.868 22.994 21.771 21.442 21.033 20.691 30.431 21.673 30.499 19.320 23.618 18.489 16.301 16.780 13.380 19.244 19.136 21.125 17.535 12.302 13.393 13.854 12.158 10.105 15.059 10.305 12.550 8.804 8.868 8.184 8.255 9.535 7.844 5.709 8.568 5.737 5.626 4.638 4.922 3.912 4.484 4.696 3.730 4.383 5.694 5.344
-999.250 -999.250 -999.250 -999.250 -999.250 -999.250 -999.250 -999.250 -999.250 -999.250 -999.250 -999.250 -999.250 42.956 56.981 51.174 47.851 25.912 18.834 28.900 35.817 34.590 38.441 35.099 23.097 30.347 21.091 16.264 14.113 17.900 27.922 24.546 19.774 24.328 14.130 16.351 16.503 14.111 15.328 23.347 20.802 20.979 21.368 16.779 15.356 12.367 13.249 15.490 12.587 7.775 9.144 8.168 11.337 8.970 7.303 7.351 5.273 6.343 7.257 4.463 4.573 2.243 2.355 2.715 4.232 5.466 5.003 3.550 7.138
-999.250 -999.250 -999.250 -999.250 -999.250 -999.250 -999.250 -999.250 -999.250 -999.250 -999.250 -999.250 -999.250 -999.250 49.897 46.290 38.257 19.991 17.355 15.136 25.553 33.962 22.206 26.134 20.439 28.254 20.207 15.055 12.568 14.681 18.893 19.644 23.567 15.504 17.286 14.846 14.037 10.686 14.371 17.868 20.743 18.373 14.780 15.587 12.999 12.422 9.238 9.269 9.459 9.172 9.644 9.690 11.089 12.022 7.645 5.572 4.495 3.410 5.136 3.701 5.720 5.137 3.913 5.286 5.725 7.059 5.511 8.032 7.442
-999.250 -999.250 -999.250 -999.250 -999.250 -999.250 -999.250 -999.250 -999.250 -999.250 -999.250 -999.250 -999.250 -999.250 63.455 45.727 36.173 23.407 19.392 16.670 23.808 28.833 27.751 25.828 25.732 23.413 15.584 14.753 17.372 13.097 13.196 16.953 20.730 22.851 21.495 19.825 20.763 15.911 18.676 17.486 16.264 20.943 19.297 20.836 12.678 10.002 8.781 11.338 11.034 9.067 11.065 8.708 9.928 10.063 10.619 6.093 4.877 5.787 5.695 4.093 3.903 4.679 3.357 3.407 5.068 10.605 11.276 9.430 5.947
-999.250 -999.250 -999.250 -999.250 -999.250 -999.250 -999.250 -999.250 -999.250 -999.250 -999.250 -999.250 -999.250 -999.250 59.703 42.208 41.931 37.939 45.295 29.582 30.929 20.606 19.227 23.214 23.129 19.144 12.571 10.993 11.636 10.545 13.559 19.260 17.791 17.341 18.516 16.695 17.280 16.994 14.105 16.833 16.567 15.520 19.546 13.353 9.921 10.639 13.742 12.466 11.416 11.191 9.609 10.759 11.721 8.935 8.834 7.611 7.768 5.776 6.332 6.441 3.512 4.284 1.252 3.356 6.095 9.227 12.501 7.798 6.906
-999.250 -999.250 -999.250 -999.250 -999.250 -999.250 -999.250 -999.250 -999.250 -999.250 -999.250 -999.250 -999.250 -999.250 30.287 41.228 42.087 44.266 48.100 50.438 53.490 26.332 23.321 19.735 19.137 -999.250 17.789 15.942 12.664 12.358 15.375 18.737 14.657 16.573 15.080 15.444 21.496 14.617 13.791 17.651 15.384 16.943 17.326 11.598 14.156 14.206 12.928 11.230 9.906 9.712 10.185 10.072 11.586 8.744 5.273 5.967 7.237 4.257 7.409 7.183 7.167 6.261 4.973 4.751 6.609 5.265 6.970 6.960 5.551
-999.250 -999.250 -999.250 -999.250 -999.250 -999.250 -999.250 -999.250 -999.250 -999.250 -999.250 -999.250 -999.250 -999.250 36.105 38.398 49.724 31.955 46.332 45.777 45.627 31.213 19.098 -999.250 -999.250 -999.250 17.426 17.152 13.511 15.808 14.745 18.266 22.962 17.584 19.356 25.765 19.986 20.671 15.924 15.854 14.260 13.069 14.195 13.277 12.654 18.246 18.353 12.436 8.295 8.803 8.312 9.356 12.610 11.254 8.894 9.255 7.810 4.155 8.221 6.623 8.762 6.878 10.932 5.846 6.333 4.094 4.066 3.359 3.828
-999.250 -999.250 -999.250 -999.250 -999.250 -999.250 -999.250 -999.250 -999.250 -999.250 -999.250 -999.250 -999.250 31.508 31.761 31.044 46.120 41.146 37.532 34.224 33.231 23.206 -999.250 -999.250 -999.250 -999.250 -999.250 16.057 10.435 15.483 18.730 22.440 19.731 23.397 22.020 24.166 28.574 22.509 19.071 22.712 17.706 18.794 15.481 15.841 12.592 15.546 13.680 8.590 8.748 6.691 9.228 7.582 8.481 11.639 9.776 7.280 6.555 5.802 5.969 5.367 4.569 4.365 5.541 8.448 8.384 3.361 2.093 2.032 5.093
-999.250 -999.250 -999.250 -999.250 -999.250 -999.250 -999.250 -999.250 -999.250 -999.250 -999.250 -999.250 -999.250 42.649 34.868 46.835 43.607 44.157 41.694 32.045 -999.250 -999.250 -999.250 -999.250 -999.250 -999.250 -999.250 -999.250 16.428 14.497 15.215 17.481 17.953 19.595 28.918 19.415 23.630 15.085 21.169 24.728 19.399 25.143 23.884 12.386 13.516 15.570 14.773 10.424 8.321 8.418 7.475 11.484 8.011 9.724 9.048 7.912 6.291 5.940 6.243 4.345 6.044 4.646 6.009 4.809 7.679 4.544 4.581 4.130 4.929
-999.250 -999.250 -999.250 -999.250 -999.250 -999.250 -999.250 -999.250 -999.250 -999.250 -999.250 -999.250 33.052 36.049 -999.250 -999.250 -999.250 -999.250 -999.250 -999.250 -999.250 -999.250 -999.250 -999.250 -999.250 -999.250 -999.250 -999.250 -999.250 14.246 21.132 21.591 21.754 22.341 16.208 25.466 18.236 20.328 23.674 16.522 21.065 22.230 18.386 13.328 11.615 10.665 11.507 9.715 8.056 9.505 8.368 10.907 9.402 10.013 7.462 10.569 5.378 5.609 5.253 8.674 8.808 10.489 9.106 6.350 5.493 6.450 3.609 5.401 4.183
-999.250 -999.250 -999.250 -999.250 -999.250 -999.250 -999.250 -999.250 -999.250 -999.250 -999.250 -999.250 -999.250 -999.250 -999.250 -999.250 -999.250 -999.250 -999.250 -999.250 -999.250 -999.250 -999.250 -999.250 -999.250 -999.250 -999.250 -999.250 -999.250 -999.250 15.474 15.494 17.174 18.985 29.777 21.893 13.363 18.193 20.853 18.133 17.427 15.810 14.889 13.439 11.591 9.367 13.974 6.482 9.124 8.977 11.625 9.873 9.878 9.592 7.694 7.865 8.699 8.287 7.338 8.360 9.041 8.154 8.856 5.779 5.067 4.056 5.307 4.295 8.577
-999.250 -999.250 -999.250 -999.250 -999.250 -999.250 -999.250 -999.250 -999.250 -999.250 -999.250 -999.250 -999.250 -999.250 -999.250 -999.250 -999.250 -999.250 -999.250 -999.250 -999.250 -999.250 -999.250 -999.250 -999.250 -999.250 -999.250 -999.250 -999.250 -999.250 13.529 13.747 14.384 17.838 20.700 21.605 22.576 23.397 19.263 17.836 22.203 16.982 14.764 15.326 10.625 10.541 9.563 7.217 12.119 12.316 9.412 8.907 7.624 11.660 9.826 6.202 7.215 6.950 6.580 9.305 7.164 7.120 5.672 4.966 6.914 5.586 5.662 3.833 5.592
-999.250 -999.250 -999.250 -999.250 -999.250 -999.250 -999.250 -999.250 -999.250 -999.250 -999.250 -999.250 -999.250 -999.250 -999.250 -999.250 -999.250 -999.250 -999.250 -999.250 -999.250 -999.250 -999.250 -999.250 -999.250 -999.250 -999.250 -999.250 -999.250 -999.250 15.479 13.428 15.784 19.324 16.194 16.671 24.984 20.328 14.555 10.972 12.622 16.708 12.814 18.335 11.870 9.814 12.971 8.567 9.458 12.756 16.822 12.083 11.505 8.348 8.413 7.570 6.742 5.243 7.078 9.271 8.746 6.015 3.794 7.775 6.810 8.969 7.181 3.873 5.177
-999.250 -999.250 -999.250 -999.250 -999.250 -999.250 -999.250 -999.250 -999.250 -999.250 -999.250 -999.250 -999.250 -999.250 -999.250 -999.250 -999.250 -999.250 -999.250 -999.250 -999.250 -999.250 -999.250 -999.250 -999.250 -999.250 -999.250 -999.250 -999.250 -999.250 -999.250 15.157 15.179 15.368 16.089 26.774 17.892 18.602 15.444 10.565 13.358 14.774 25.731 16.639 11.678 10.157 13.954 9.032 9.104 9.054 9.629 8.784 8.250 8.177 6.023 8.592 8.718 6.696 6.522 8.939 8.257 7.722 6.420 8.146 9.889 8.294 3.531 4.023 1.333
-999.250 -999.250 -999.250 -999.250 -999.250 -999.250 -999.250 -999.250 -999.250 -999.250 -999.250 -999.250 -999.250 -999.250 -999.250 -999.250 -999.250 -999.250 -999.250 -999.250 -999.250 -999.250 -999.250 -999.250 -999.250 -999.250 -999.250 -999.250 -999.250 -999.250 -999.250 17.468 18.565 15.518 12.441 10.740 19.311 13.045 16.553 12.467 15.776 14.349 14.643 13.057 14.675 9.503 8.705 8.751 9.805 8.099 9.005 8.973 9.000 7.386 6.172 8.145 8.181 9.164 9.004 7.196 7.179 8.742 5.426 3.951 9.120 19.436 6.826 2.165 1.141
-999.250 -999.250 -999.250 -999.250 -999.250 -999.250 -999.250 -999.250 -999.250 -999.250 -999.250 -999.250 -999.250 -999.250 -999.250 -999.250 -999.250 -999.250 -999.250 -999.250 -999.250 -999.250 -999.250 -999.250 -999.250 -999.250 -999.250 -999.250 -999.250 -999.250 -999.250 19.702 20.491 18.227 12.735 14.325 12.962 9.962 13.844 10.957 10.130 10.357 11.207 8.615 11.167 8.528 7.046 8.209 7.963 9.554 10.935 8.733 7.692 8.058 8.608 8.474 6.360 9.088 9.165 5.658 4.335 9.465 6.997 5.488 5.650 8.182 6.248 2.794 0.000
-999.250 -999.250 -999.250 -999.250 -999.250 -999.250 -999.250 -999.250 -999.250 -999.250 -999.250 -999.250 -999.250 -999.250 -999.250 -999.250 -999.250 -999.250 -999.250 -999.250 -999.250 -999.250 -999.250 -999.250 -999.250 -999.250 -999.250 -999.250 -999.250 -999.250 -999.250 13.371 13.595 23.087 15.212 16.947 9.966 13.069 9.453 9.866 9.453 9.638 9.032 7.949 9.656 5.243 5.636 4.536 7.067 8.165 9.953 11.639 8.591 7.810 8.924 7.349 6.731 8.636 7.780 9.552 6.055 4.005 4.062 5.116 3.282 2.903 2.960 3.297 0.928
-999.250 -999.250 -999.250 -999.250 -999.250 -999.250 -999.250 -999.250 -999.250 -999.250 -999.250 -999.250 -999.250 -999.250 -999.250 -999.250 -999.250 -999.250 -999.250 -999.250 -999.250 -999.250 -999.250 -999.250 -999.250 -999.250 -999.250 -999.250 -999.250 -999.250 -999.250 13.169 12.580 13.587 13.180 14.562 11.232 8.211 16.824 9.750 4.672 7.383 6.955 7.369 8.716 6.674 3.991 6.960 8.362 10.060 9.037 6.095 8.156 8.568 9.570 7.081 3.506 5.237 6.316 7.101 6.117 4.253 7.008 5.131 4.759 3.929 4.175 2.429 0.000
-999.250 -999.250 -999.250 -999.250 -999.250 -999.250 -999.250 -999.250 -999.250 -999.250 -999.250 -999.250 -999.250 -999.250 -999.250 -999.250 -999.250 -999.250 -999.250 -999.250 -999.250 -999.250 -999.250 -999.250 -999.250 -999.250 -999.250 -999.250 -999.250 -999.250 -999.250 9.802 16.105 13.435 12.120 11.770 9.893 7.588 8.843 12.697 7.708 6.758 8.714 8.336 7.463 8.797 7.654 4.519 8.750 7.415 4.476 6.394 10.375 10.392 9.548 9.137 6.969 5.877 3.298 5.518 3.652 2.297 3.431 4.909 0.345 0.000 0.000 0.000 0.000
-999.250 -999.250 -999.250 -999.250 -999.250 -999.250 -999.250 -999.250 -999.250 -999.250 -999.250 -999.250 -999.250 -999.250 -999.250 -999.250 -999.250 -999.250 -999.250 -999.250 -999.250 -999.250 -999.250 -999.250 -999.250 -999.250 -999.250 -999.250 -999.250 -999.250 -999.250 10.102 8.650 11.846 11.942 11.455 9.545 12.321 9.778 10.154 7.441 4.731 8.454 7.739 7.555 4.658 5.054 5.997 5.756 5.390 7.187 7.309 8.059 8.645 8.140 8.576 6.867 5.466 3.200 4.847 1.391 1.842 0.282 0.352 0.000 0.000 0.000 0.000 0.000
