data/medianmodel_17-Nov-2020.asc
ncols	141
nrows	288
xllcorner	-120191.398
yllcorner	-301404.813
cellsize	2000.000
NODATA_value	-999.250
[rows 145 to 173 of 288, columns 0 to 64 of 141]
-999.250 -999.250 -999.250 -999.250 -999.250 -999.250 -999.250 -999.250 -999.250 -999.250 -999.250 -999.250 -999.250 -999.250 -999.250 -999.250 -999.250 422.243 392.185 395.094 384.356 367.906 357.312 337.753 350.624 362.241 376.296 407.126 415.933 473.308 502.479 515.703 545.359 608.935 626.252 705.178 711.687 641.258 642.766 573.389 501.674 431.155 425.290 419.157 405.685 387.688 389.094 376.538 400.116 415.345 453.524 478.365 498.433 514.652 526.139 533.350 539.117 508.325 486.810 453.107 435.719 376.755 340.232 311.313 313.000
-999.250 -999.250 -999.250 -999.250 -999.250 -999.250 -999.250 -999.250 -999.250 -999.250 -999.250 -999.250 -999.250 -999.250 -999.250 421.820 408.189 390.240 362.449 378.009 339.100 348.716 362.307 339.091 359.394 394.805 417.102 420.413 443.253 482.733 505.349 550.535 577.172 649.926 728.090 729.091 781.418 753.602 655.461 612.643 517.698 395.042 433.759 402.669 383.291 388.180 383.917 380.129 377.472 432.646 460.832 474.623 532.295 546.727 560.175 536.153 560.274 577.854 525.001 520.996 458.870 400.660 389.515 346.366 328.273
-999.250 -999.250 -999.250 -999.250 -999.250 -999.250 -999.250 -999.250 -999.250 -999.250 -999.250 -999.250 -999.250 -999.250 387.893 403.659 386.065 403.330 384.010 366.455 353.781 331.139 355.617 346.876 367.147 391.483 417.644 434.466 463.173 502.610 548.288 587.017 646.472 674.749 735.680 770.701 792.796 809.115 749.302 645.960 541.286 450.150 436.614 388.141 357.536 357.450 336.598 355.873 368.287 417.789 476.334 508.054 538.543 595.534 581.027 580.298 591.779 560.602 563.247 532.488 486.865 466.430 444.705 377.030 361.675
-999.250 -999.250 -999.250 -999.250 -999.250 -999.250 -999.250 -999.250 -999.250 -999.250 -999.250 -999.250 -999.250 -999.250 386.285 396.496 390.748 385.081 375.666 351.567 353.640 330.512 357.545 362.825 364.066 380.254 403.637 443.574 479.621 510.249 521.693 552.250 599.877 681.010 728.871 830.026 908.781 897.806 796.006 650.462 550.911 481.157 422.567 397.415 355.474 343.260 332.730 308.270 353.380 405.479 461.577 528.974 547.550 579.449 602.010 611.878 597.709 572.427 571.706 527.084 474.148 478.089 440.649 399.977 389.693
-999.250 -999.250 -999.250 -999.250 -999.250 -999.250 -999.250 -999.250 -999.250 -999.250 -999.250 -999.250 -999.250 362.444 362.431 344.808 347.256 342.066 334.496 352.205 354.274 335.574 353.237 360.764 361.396 395.178 369.585 452.164 478.566 504.328 515.748 568.973 609.752 707.882 759.085 780.256 802.290 838.686 718.872 575.728 531.605 488.322 406.807 374.381 335.767 321.431 312.347 334.368 349.967 407.328 490.265 523.879 553.927 600.450 605.250 628.119 611.341 576.358 555.954 590.489 511.853 488.527 450.602 428.677 439.519
-999.250 -999.250 -999.250 -999.250 -999.250 -999.250 -999.250 -999.250 -999.250 -999.250 -999.250 -999.250 338.177 330.241 321.540 328.510 322.876 304.259 335.446 332.880 330.067 328.744 336.870 341.726 349.339 382.188 405.654 451.512 457.472 515.394 533.866 563.055 633.659 693.767 717.725 745.337 788.681 781.609 654.088 583.848 532.194 462.241 395.590 348.693 326.036 270.827 299.397 316.797 363.266 435.038 492.053 524.093 576.619 617.934 598.990 602.394 589.045 594.649 592.953 561.353 512.411 495.985 457.961 454.077 433.846
-999.250 -999.250 -999.250 -999.250 -999.250 -999.250 -999.250 -999.250 -999.250 -999.250 -999.250 331.103 318.682 309.262 305.335 298.150 299.192 300.445 303.887 310.997 308.351 304.230 331.160 327.203 343.896 365.925 388.370 432.829 478.053 486.452 493.356 590.720 609.683 646.227 691.881 691.261 695.498 707.161 630.084 592.937 525.025 437.930 382.650 325.280 263.845 206.031 273.427 315.614 365.399 433.533 450.905 505.871 549.294 566.032 584.120 605.021 590.243 607.815 550.205 549.398 530.245 523.790 497.898 473.808 460.108
-999.250 -999.250 -999.250 -999.250 -999.250 -999.250 -999.250 -999.250 -999.250 -999.250 348.185 327.022 317.820 297.294 292.564 287.239 289.905 271.844 267.878 294.409 299.340 313.752 312.537 321.891 348.985 359.747 367.750 391.238 456.068 486.218 529.081 570.494 620.299 637.850 607.633 615.916 617.354 668.310 568.096 508.943 475.453 413.961 362.978 315.733 261.909 254.889 306.874 333.717 385.728 400.600 462.072 523.252 579.762 585.079 583.242 556.675 569.949 573.996 571.960 534.799 544.305 495.878 476.837 477.715 471.743
-999.250 -999.250 -999.250 -999.250 -999.250 -999.250 -999.250 -999.250 -999.250 333.768 328.041 338.090 301.900 286.576 260.052 219.409 243.581 269.142 250.785 229.234 271.690 287.581 303.888 308.179 323.396 329.656 356.140 390.492 439.248 467.076 477.206 544.092 556.998 549.638 556.224 560.590 557.178 566.009 538.782 483.561 477.467 413.976 344.375 323.269 306.406 311.380 338.670 358.057 406.334 448.587 481.563 520.481 545.553 542.262 582.640 541.085 567.834 536.794 513.604 533.087 541.500 516.774 474.905 462.390 463.832
-999.250 -999.250 -999.250 -999.250 -999.250 335.401 350.930 346.595 355.283 331.996 315.159 306.595 301.261 275.497 233.378 229.845 231.738 246.802 240.070 273.773 262.339 295.044 298.162 277.787 261.379 285.397 322.910 399.303 416.543 458.967 464.636 505.628 511.464 499.406 542.752 556.731 537.682 530.766 490.182 426.141 390.808 353.173 333.461 327.731 326.102 331.758 358.813 390.871 421.376 466.204 474.066 508.875 509.599 546.151 536.576 520.406 516.563 488.184 518.818 517.815 523.158 520.654 479.975 426.502 415.056
-999.250 -999.250 -999.250 -999.250 -999.250 -999.250 -999.250 330.451 345.782 327.148 304.940 299.674 286.073 274.658 257.535 233.394 228.370 234.127 236.652 240.483 267.753 274.274 276.215 249.894 240.642 230.630 307.134 365.009 405.475 464.219 444.442 474.274 542.050 543.887 563.619 525.521 504.790 480.316 470.183 463.368 364.584 336.220 321.800 319.654 323.486 348.316 367.798 383.294 428.421 478.733 503.544 562.419 504.977 521.374 529.409 505.095 499.357 521.277 474.668 463.374 473.548 496.660 451.151 444.345 400.716
-999.250 -999.250 -999.250 -999.250 -999.250 -999.250 -999.250 324.288 323.922 318.794 297.464 280.773 274.203 270.267 250.341 256.616 242.490 234.890 235.355 260.447 276.842 273.551 285.619 271.974 259.261 270.737 323.532 341.769 373.872 440.512 453.923 485.712 531.593 505.628 505.063 502.216 511.912 472.384 465.459 405.062 360.180 340.420 318.223 336.157 314.265 343.528 389.322 420.362 426.423 504.422 513.573 524.983 494.953 505.346 504.817 515.935 522.167 503.930 509.128 476.897 457.778 443.864 436.817 437.381 409.865
-999.250 -999.250 -999.250 -999.250 -999.250 -999.250 -999.250 303.744 275.437 274.776 252.133 254.536 247.493 254.322 240.818 244.916 242.539 255.587 272.193 271.487 298.461 280.973 306.850 298.637 301.394 298.629 338.602 349.951 406.012 407.462 462.475 468.270 511.585 507.237 528.158 490.607 475.512 445.709 426.408 358.413 332.918 321.487 310.832 297.569 315.583 343.140 369.508 398.570 470.695 480.453 493.757 511.578 474.480 489.194 477.089 516.011 482.554 474.282 510.860 503.884 475.285 414.923 426.525 403.408 358.424
-999.250 -999.250 -999.250 -999.250 -999.250 -999.250 -999.250 272.640 253.361 233.003 234.951 228.700 234.971 224.333 226.766 223.184 236.372 229.667 254.536 296.238 283.156 311.747 304.537 309.020 293.846 331.423 362.625 360.286 405.410 443.625 462.478 470.544 479.621 507.658 502.810 474.994 451.783 453.372 398.419 351.255 285.184 257.048 261.276 279.382 309.855 329.143 367.962 404.219 446.205 452.386 463.437 478.470 472.326 508.623 484.739 467.962 469.958 460.991 489.980 478.076 462.608 423.639 376.853 378.507 351.707
-999.250 -999.250 -999.250 -999.250 -999.250 -999.250 -999.250 -999.250 222.117 197.441 195.662 204.351 213.883 218.978 210.442 191.853 213.771 235.400 265.951 301.045 302.641 315.475 335.390 320.283 335.192 331.544 365.655 376.840 426.623 446.931 433.840 472.221 499.486 496.004 516.384 496.980 499.985 464.898 398.224 313.419 230.955 185.022 193.362 249.995 306.162 332.806 380.654 406.967 460.942 431.435 473.821 479.801 482.387 458.748 460.836 472.445 485.847 471.267 479.160 447.172 420.601 399.503 402.187 369.751 335.955
-999.250 -999.250 -999.250 -999.250 -999.250 -999.250 -999.250 -999.250 206.268 150.841 191.215 199.321 198.333 195.805 204.954 175.187 221.307 263.573 303.071 307.688 321.129 317.572 334.351 330.487 354.297 352.939 370.636 426.685 470.008 477.703 477.459 496.280 489.808 495.312 524.365 510.930 492.636 457.718 383.268 301.793 212.823 99.164 179.901 248.274 280.281 334.052 375.529 406.622 393.506 429.160 455.660 450.583 471.089 472.468 467.230 459.035 453.469 466.863 475.189 468.390 449.924 408.447 398.542 376.026 319.591
-999.250 -999.250 -999.250 -999.250 -999.250 -999.250 -999.250 244.795 230.932 202.041 194.710 211.409 212.822 209.413 200.397 195.607 259.397 280.269 298.343 318.189 327.571 345.250 355.040 366.455 380.308 391.151 413.390 448.927 432.677 455.285 472.791 466.009 486.840 490.232 518.937 531.180 510.266 431.928 345.796 281.186 215.820 180.076 195.909 244.744 288.147 321.513 351.654 387.129 394.102 410.792 467.313 452.968 441.163 482.949 458.499 492.977 478.529 518.244 484.952 489.002 462.540 442.349 384.674 355.740 322.462
-999.250 -999.250 -999.250 -999.250 -999.250 -999.250 -999.250 237.472 241.601 214.915 221.509 221.262 223.370 229.370 235.959 239.727 293.693 297.836 321.336 326.205 314.488 371.571 406.537 415.837 426.847 419.017 401.701 442.239 465.192 492.488 506.017 467.101 504.554 495.800 485.012 498.026 474.154 418.904 341.545 293.039 241.001 239.128 218.255 281.574 313.372 325.334 343.693 371.308 406.502 461.196 465.189 484.888 449.160 475.497 465.804 506.011 482.575 474.304 455.040 412.329 477.370 464.959 392.331 349.091 341.751
-999.250 -999.250 -999.250 -999.250 -999.250 -999.250 -999.250 275.308 261.864 228.005 239.186 237.351 239.951 273.596 268.255 287.915 310.333 317.576 330.176 336.979 347.261 385.210 421.337 455.844 449.174 448.597 471.800 468.166 489.580 507.682 488.472 466.259 461.948 472.842 474.903 464.494 458.969 394.401 314.912 292.110 284.333 255.034 280.106 286.097 305.450 349.399 418.095 404.719 405.993 445.340 494.839 485.224 493.367 481.234 468.643 500.913 484.947 503.848 457.351 441.277 455.030 464.144 410.100 370.889 353.771
-999.250 -999.250 -999.250 -999.250 -999.250 -999.250 -999.250 276.690 286.893 254.176 261.629 266.448 266.962 297.137 297.975 316.317 320.640 315.228 353.597 369.564 406.380 436.302 463.598 443.726 438.252 466.908 504.566 507.846 515.019 501.428 503.279 481.412 492.075 470.778 484.539 457.968 433.866 402.298 344.810 328.047 310.691 306.982 310.598 334.862 368.994 378.777 440.594 454.731 447.588 453.146 476.150 494.547 507.127 528.215 528.866 519.488 492.723 514.890 475.707 484.835 485.153 475.547 428.794 401.881 403.174
-999.250 -999.250 -999.250 -999.250 -999.250 -999.250 312.873 294.536 273.262 283.634 260.734 270.195 292.001 299.838 303.600 319.597 344.658 343.911 361.500 398.305 417.767 450.901 449.960 481.251 458.907 484.242 514.725 544.071 524.763 531.417 501.213 457.157 471.511 467.455 475.646 419.965 422.810 411.530 399.500 355.123 340.217 356.690 338.853 383.979 388.638 413.963 463.563 455.805 487.471 469.013 491.248 502.331 531.966 525.970 529.281 547.859 539.273 511.769 501.356 511.130 497.547 474.990 439.596 429.751 406.242
-999.250 -999.250 -999.250 -999.250 -999.250 -999.250 311.212 280.221 301.661 291.252 286.710 292.187 302.244 320.885 311.667 325.412 317.605 338.003 365.348 392.606 403.324 441.669 433.308 456.632 503.036 491.735 523.225 546.372 538.222 517.692 510.354 501.054 469.057 471.961 460.893 466.189 424.088 394.559 385.249 379.389 393.358 399.705 435.413 410.271 440.852 432.785 472.309 474.156 498.133 504.255 525.722 534.174 551.754 565.985 531.667 564.433 543.481 534.293 505.892 514.893 507.329 503.984 428.984 432.163 383.944
-999.250 -999.250 -999.250 -999.250 -999.250 330.655 330.001 312.180 302.959 306.229 311.902 302.516 316.147 313.062 327.899 332.936 334.999 345.731 367.600 385.196 404.628 396.241 434.779 457.451 483.169 508.244 525.805 550.273 558.076 527.027 494.456 490.012 475.444 495.786 485.832 484.085 467.425 433.870 425.233 449.901 453.213 459.045 485.195 455.178 492.397 514.039 536.029 521.242 536.851 522.175 563.522 560.304 552.818 589.989 546.016 561.163 559.168 594.197 564.218 508.946 501.563 463.025 435.034 427.063 362.287
-999.250 -999.250 -999.250 -999.250 -999.250 368.197 343.379 351.192 338.728 316.020 304.086 282.695 304.789 325.260 324.553 336.188 348.305 359.394 382.860 387.767 409.615 390.572 400.602 460.365 496.467 521.048 542.519 565.444 570.115 512.890 534.709 532.689 508.186 536.126 486.218 481.759 467.673 446.185 471.943 506.126 483.691 507.752 524.922 523.836 559.859 563.068 629.806 534.889 583.705 592.812 630.087 622.017 579.975 583.956 584.686 597.082 582.622 555.362 525.512 521.917 497.797 456.703 443.883 401.507 392.019
-999.250 -999.250 -999.250 -999.250 351.161 353.399 372.773 370.835 358.154 341.190 332.031 333.090 329.340 324.824 331.729 328.410 337.259 333.328 375.184 375.226 413.299 394.122 415.535 440.006 468.141 509.761 569.797 517.736 554.578 534.913 523.723 523.482 494.353 502.710 492.429 476.540 477.964 490.247 490.654 534.058 533.927 537.316 564.219 587.843 609.159 635.573 639.890 595.356 589.361 621.207 616.129 635.293 587.706 593.753 620.504 595.337 595.942 537.495 588.687 520.875 515.347 504.769 427.055 426.013 426.471
-999.250 -999.250 -999.250 -999.250 378.346 369.624 399.009 379.097 356.249 382.313 357.352 355.702 357.158 352.671 338.346 350.044 333.429 344.508 351.050 366.604 357.624 371.350 374.557 432.910 459.655 496.663 543.180 546.981 543.712 522.238 526.515 531.310 487.119 498.337 483.063 453.110 486.276 488.408 529.204 552.897 568.842 638.454 636.249 687.578 644.703 708.037 654.516 682.894 631.311 581.938 689.162 690.173 635.554 601.241 648.651 639.398 595.160 558.508 587.551 586.273 526.735 529.754 497.952 456.297 437.930
-999.250 -999.250 -999.250 -999.250 373.760 381.933 400.918 396.546 394.885 397.706 374.791 380.475 352.755 352.044 346.386 349.167 334.290 344.345 351.827 360.453 373.416 381.143 421.221 456.241 476.807 493.177 503.333 521.591 529.948 549.004 522.920 533.763 523.611 514.683 486.628 479.813 496.973 509.613 535.560 592.587 643.797 680.960 684.751 740.933 809.114 764.619 809.692 744.076 743.762 726.272 682.860 721.009 701.725 731.094 660.183 692.358 566.058 610.842 586.553 579.699 583.531 550.792 530.701 478.402 456.533
-999.250 -999.250 -999.250 -999.250 399.316 423.109 413.732 405.077 402.750 393.822 421.743 376.356 355.198 352.478 357.970 354.493 335.178 333.472 356.153 366.341 384.032 368.000 419.224 454.735 485.220 517.773 520.766 493.216 511.050 518.407 504.145 534.169 527.800 503.299 485.692 478.986 517.986 518.818 582.596 622.206 699.584 758.754 834.122 835.771 838.082 874.990 790.810 857.503 778.512 849.341 789.417 774.227 843.791 885.179 726.425 692.454 670.865 665.931 604.865 583.040 577.032 552.180 519.981 481.796 431.422
-999.250 -999.250 -999.250 -999.250 462.055 454.642 438.658 416.010 434.538 405.370 423.477 392.007 368.516 375.647 372.191 337.839 300.441 331.715 350.306 356.592 383.409 401.223 419.733 503.015 467.401 528.882 507.415 520.579 481.207 506.732 510.162 508.402 510.913 508.199 528.864 509.979 540.740 553.668 601.486 631.062 707.928 735.811 780.910 791.428 883.531 870.628 881.825 883.363 811.182 859.988 934.317 943.418 909.550 791.196 843.288 774.680 759.816 716.341 688.798 675.572 606.131 581.924 525.113 472.310 431.106
