data/medianmodel_20-Apr-2020.asc
ncols	141
nrows	288
xllcorner	-120191.398
yllcorner	-301404.813
cellsize	2000.000
NODATA_value	-999.250
[rows 90 to 119 of 288, columns 0 to 66 of 141]
-999.250 -999.250 -999.250 -999.250 -999.250 -999.250 -999.250 -999.250 -999.250 -999.250 -999.250 -999.250 -999.250 -999.250 -999.250 -999.250 -999.250 -999.250 -999.250 -999.250 -999.250 -999.250 -999.250 -999.250 -999.250 -999.250 -999.250 -999.250 -999.250 -999.250 -999.250 -999.250 19.704 25.127 29.667 32.519 35.180 39.057 38.423 35.380 34.485 36.423 34.485 36.354 41.046 41.512 44.664 42.687 36.535 32.628 33.768 31.619 24.293 23.268 22.903 20.809 25.823 29.246 28.215 28.966 31.930 35.218 34.147 35.666 36.643 40.752 40.117
-999.250 -999.250 -999.250 -999.250 -999.250 -999.250 -999.250 -999.250 -999.250 -999.250 -999.250 -999.250 -999.250 -999.250 -999.250 -999.250 -999.250 -999.250 -999.250 -999.250 -999.250 -999.250 -999.250 -999.250 -999.250 -999.250 -999.250 -999.250 -999.250 -999.250 -999.250 -999.250 14.986 17.921 21.558 26.687 27.610 29.673 31.266 32.274 30.019 35.181 35.445 38.790 44.759 46.224 45.335 47.511 41.638 36.508 33.394 27.493 26.991 28.227 23.527 23.091 25.410 27.699 30.706 29.240 30.954 35.589 39.344 36.236 45.552 50.238 45.423
-999.250 -999.250 -999.250 -999.250 -999.250 -999.250 -999.250 -999.250 -999.250 -999.250 -999.250 -999.250 -999.250 -999.250 -999.250 -999.250 -999.250 -999.250 -999.250 -999.250 -999.250 -999.250 -999.250 -999.250 -999.250 -999.250 -999.250 -999.250 -999.250 -999.250 -999.250 9.230 12.320 15.231 19.909 22.054 26.012 27.559 26.794 30.051 31.190 33.126 38.394 39.628 49.645 56.103 53.962 54.715 49.741 42.454 35.158 29.638 27.347 28.262 25.780 22.103 24.670 25.985 30.016 30.458 34.783 37.529 44.719 49.993 53.328 60.506 57.376
-999.250 -999.250 -999.250 -999.250 -999.250 -999.250 -999.250 -999.250 -999.250 -999.250 -999.250 -999.250 -999.250 -999.250 -999.250 -999.250 -999.250 -999.250 -999.250 -999.250 -999.250 -999.250 -999.250 -999.250 -999.250 -999.250 -999.250 -999.250 -999.250 -999.250 -999.250 6.047 9.246 12.293 15.937 17.915 21.853 23.608 26.258 30.501 29.293 33.690 36.133 44.527 48.173 57.370 73.373 58.939 57.840 44.060 39.547 32.148 28.723 26.848 27.563 26.565 24.517 27.390 35.652 32.694 41.217 43.210 53.666 64.858 76.317 75.874 75.017
-999.250 -999.250 -999.250 -999.250 -999.250 -999.250 -999.250 -999.250 -999.250 -999.250 -999.250 -999.250 -999.250 -999.250 -999.250 -999.250 -999.250 -999.250 -999.250 -999.250 -999.250 -999.250 -999.250 -999.250 -999.250 -999.250 -999.250 -999.250 -999.250 -999.250 -999.250 3.656 6.000 8.644 14.155 15.761 20.901 25.568 27.251 27.715 30.078 34.618 41.109 40.875 50.703 56.451 59.738 53.367 48.336 40.248 34.858 34.258 30.935 26.702 26.465 25.456 25.499 29.749 36.085 44.788 55.363 65.073 76.266 83.035 99.543 98.019 105.645
-999.250 -999.250 -999.250 -999.250 -999.250 -999.250 -999.250 -999.250 -999.250 -999.250 -999.250 -999.250 -999.250 -999.250 -999.250 -999.250 -999.250 -999.250 -999.250 -999.250 -999.250 -999.250 -999.250 -999.250 -999.250 -999.250 -999.250 -999.250 -999.250 -999.250 -999.250 4.147 7.116 9.079 8.452 15.843 19.338 24.263 27.434 27.285 32.102 35.043 37.554 41.808 43.736 42.374 41.925 47.016 45.465 35.865 32.974 31.098 29.380 27.820 27.502 27.539 27.277 29.824 38.229 53.104 68.498 75.441 93.900 118.668 139.760 127.849 131.970
-999.250 -999.250 -999.250 -999.250 -999.250 -999.250 -999.250 -999.250 -999.250 -999.250 -999.250 -999.250 -999.250 -999.250 -999.250 -999.250 -999.250 -999.250 -999.250 -999.250 -999.250 -999.250 -999.250 -999.250 -999.250 -999.250 -999.250 -999.250 -999.250 -999.250 6.652 8.160 10.248 11.851 14.213 20.879 20.439 22.405 29.378 33.464 38.295 39.892 33.904 39.710 38.761 34.552 33.293 35.114 31.956 32.903 32.849 30.361 28.947 26.491 27.245 24.130 25.937 32.931 40.846 66.973 76.991 103.145 129.186 146.029 179.916 177.069 189.224
-999.250 -999.250 -999.250 -999.250 -999.250 -999.250 -999.250 -999.250 -999.250 -999.250 -999.250 -999.250 -999.250 -999.250 -999.250 -999.250 -999.250 -999.250 -999.250 -999.250 -999.250 -999.250 -999.250 -999.250 -999.250 -999.250 -999.250 -999.250 -999.250 -999.250 9.570 12.458 12.388 15.765 17.968 22.432 23.158 25.599 32.297 38.329 42.636 41.576 40.944 37.640 34.753 29.873 20.086 25.236 32.057 34.429 33.942 32.631 30.343 28.433 26.377 24.607 23.089 28.670 40.711 61.433 82.297 115.380 145.443 198.315 216.959 215.543 218.582
-999.250 -999.250 -999.250 -999.250 -999.250 -999.250 -999.250 -999.250 -999.250 -999.250 -999.250 -999.250 -999.250 -999.250 -999.250 -999.250 -999.250 -999.250 -999.250 -999.250 -999.250 -999.250 -999.250 -999.250 -999.250 -999.250 -999.250 -999.250 -999.250 -999.250 11.730 15.560 15.972 18.062 20.564 24.508 25.817 28.237 35.526 43.216 43.583 47.189 44.157 36.604 30.971 25.444 28.166 29.622 32.184 33.105 35.719 30.349 26.619 28.136 25.704 27.017 23.343 22.720 41.232 62.019 95.589 133.265 178.568 205.397 263.899 252.145 217.343
-999.250 -999.250 -999.250 -999.250 -999.250 -999.250 -999.250 -999.250 -999.250 -999.250 -999.250 -999.250 -999.250 -999.250 -999.250 -999.250 -999.250 -999.250 -999.250 -999.250 -999.250 -999.250 -999.250 -999.250 -999.250 -999.250 -999.250 -999.250 -999.250 -999.250 12.689 15.219 17.125 19.711 21.971 23.571 29.324 34.744 39.935 47.077 54.269 49.981 52.212 41.943 35.881 32.621 33.162 36.003 37.021 39.502 36.101 31.688 31.934 30.778 27.610 26.366 28.304 34.166 50.085 71.750 103.209 149.726 196.319 227.325 234.229 231.973 205.244
-999.250 -999.250 -999.250 -999.250 -999.250 -999.250 -999.250 -999.250 -999.250 -999.250 -999.250 -999.250 -999.250 -999.250 -999.250 -999.250 -999.250 -999.250 -999.250 -999.250 -999.250 -999.250 -999.250 -999.250 -999.250 -999.250 -999.250 -999.250 -999.250 9.259 13.741 16.899 19.834 22.466 22.941 24.632 27.656 36.914 39.255 49.453 52.338 47.751 51.123 51.480 39.617 37.799 38.504 45.751 43.181 43.037 36.846 37.882 35.013 33.510 28.787 29.887 34.426 40.453 61.785 86.553 104.785 164.660 196.404 205.146 228.096 215.594 199.478
-999.250 -999.250 -999.250 -999.250 -999.250 -999.250 -999.250 -999.250 -999.250 -999.250 -999.250 -999.250 -999.250 -999.250 -999.250 -999.250 -999.250 -999.250 -999.250 -999.250 -999.250 -999.250 -999.250 -999.250 -999.250 -999.250 -999.250 -999.250 -999.250 6.797 13.793 17.004 20.401 22.102 21.800 26.770 28.213 34.847 37.731 44.239 47.704 47.047 56.280 50.349 45.586 46.548 50.475 56.524 51.925 51.571 45.487 40.353 40.763 36.561 32.993 33.109 37.095 46.618 57.095 72.516 104.268 148.835 188.156 190.540 191.490 207.130 182.622
-999.250 -999.250 -999.250 -999.250 -999.250 -999.250 -999.250 -999.250 -999.250 -999.250 -999.250 -999.250 -999.250 -999.250 -999.250 -999.250 -999.250 -999.250 -999.250 -999.250 -999.250 -999.250 -999.250 -999.250 -999.250 -999.250 -999.250 -999.250 -999.250 8.365 13.481 14.569 17.166 19.497 22.871 26.005 27.607 30.496 35.446 41.677 47.089 50.171 61.413 63.449 55.398 58.566 58.148 63.950 57.005 54.705 45.951 46.293 44.762 43.815 37.019 34.243 33.905 42.397 52.300 68.585 88.802 125.188 161.706 166.026 176.174 175.472 153.456
-999.250 -999.250 -999.250 -999.250 -999.250 -999.250 -999.250 -999.250 -999.250 -999.250 -999.250 -999.250 -999.250 -999.250 -999.250 -999.250 -999.250 -999.250 -999.250 -999.250 -999.250 -999.250 -999.250 -999.250 -999.250 -999.250 -999.250 -999.250 -999.250 8.431 10.207 14.980 16.534 18.955 22.367 27.917 26.696 27.683 37.102 36.749 46.968 56.976 64.529 69.462 69.487 67.736 69.327 72.346 64.438 59.137 46.455 51.266 47.295 39.738 36.362 33.635 34.555 39.093 42.929 65.237 77.229 100.527 123.552 141.437 142.618 154.962 109.696
-999.250 -999.250 -999.250 -999.250 -999.250 -999.250 -999.250 -999.250 -999.250 -999.250 -999.250 -999.250 -999.250 -999.250 -999.250 -999.250 -999.250 -999.250 -999.250 -999.250 -999.250 -999.250 -999.250 -999.250 -999.250 -999.250 -999.250 -999.250 0.396 10.256 10.900 13.477 16.832 21.416 20.625 24.876 24.392 24.302 28.775 38.261 56.565 65.913 65.636 80.957 88.151 82.910 89.227 83.162 76.405 59.948 56.984 53.314 41.897 41.459 31.666 32.557 32.816 34.979 42.387 51.450 65.569 74.371 96.705 107.419 101.085 109.196 97.174
-999.250 -999.250 -999.250 -999.250 -999.250 -999.250 -999.250 -999.250 -999.250 -999.250 -999.250 -999.250 -999.250 -999.250 -999.250 -999.250 -999.250 -999.250 -999.250 -999.250 -999.250 -999.250 -999.250 -999.250 -999.250 -999.250 -999.250 -999.250 5.604 10.511 13.672 15.547 18.706 21.072 18.996 21.026 21.207 22.486 27.813 43.512 56.521 71.868 88.053 101.521 113.473 115.404 126.709 101.980 92.214 69.834 50.850 50.415 43.852 35.274 26.823 24.558 27.854 30.445 38.397 48.200 55.434 62.481 70.838 79.960 73.476 66.233 69.770
-999.250 -999.250 -999.250 -999.250 -999.250 -999.250 -999.250 -999.250 -999.250 -999.250 -999.250 -999.250 -999.250 -999.250 -999.250 -999.250 -999.250 -999.250 -999.250 -999.250 -999.250 -999.250 -999.250 -999.250 -999.250 -999.250 -999.250 0.000 6.184 12.397 14.051 15.875 16.526 19.195 18.585 20.830 25.958 23.987 23.787 47.630 69.593 87.623 104.715 121.094 149.564 156.710 132.750 119.939 117.224 77.762 60.171 50.630 37.758 27.418 19.934 19.509 20.429 25.030 30.787 39.291 41.146 44.561 44.377 48.462 51.240 53.873 48.259
-999.250 -999.250 -999.250 -999.250 -999.250 -999.250 -999.250 -999.250 -999.250 -999.250 -999.250 -999.250 -999.250 -999.250 -999.250 -999.250 -999.250 -999.250 -999.250 -999.250 -999.250 -999.250 -999.250 -999.250 -999.250 -999.250 -999.250 0.608 7.061 12.990 13.796 17.047 17.122 17.992 18.746 22.919 28.481 33.812 40.012 56.231 80.857 114.139 151.521 178.507 175.202 195.900 178.245 160.528 136.648 102.676 74.131 58.859 35.226 24.654 14.411 15.247 18.688 22.597 28.587 31.773 34.307 34.347 32.959 27.238 30.500 33.315 33.228
-999.250 -999.250 -999.250 -999.250 -999.250 -999.250 -999.250 -999.250 -999.250 -999.250 -999.250 -999.250 -999.250 -999.250 -999.250 -999.250 -999.250 -999.250 -999.250 -999.250 -999.250 -999.250 -999.250 -999.250 -999.250 -999.250 -999.250 5.619 11.393 12.211 13.012 15.183 16.013 15.982 17.115 27.121 30.259 39.327 57.477 77.629 108.887 140.411 176.977 205.890 213.393 209.194 205.539 190.971 174.590 115.558 90.534 59.841 37.297 25.035 17.427 16.122 18.013 19.875 24.771 27.471 27.806 31.844 27.537 21.596 22.048 25.273 21.372
-999.250 -999.250 -999.250 -999.250 -999.250 -999.250 -999.250 -999.250 -999.250 -999.250 -999.250 -999.250 -999.250 -999.250 -999.250 -999.250 -999.250 -999.250 -999.250 -999.250 -999.250 -999.250 -999.250 -999.250 -999.250 -999.250 -999.250 5.894 9.520 12.027 10.213 13.805 18.026 17.412 19.413 28.661 31.164 46.512 64.727 92.659 140.092 167.841 208.174 235.745 261.422 250.479 217.006 221.919 197.602 159.001 88.705 55.227 37.387 25.533 19.907 17.336 18.886 20.933 22.594 25.447 26.364 26.472 21.619 17.763 17.395 17.714 16.636
-999.250 -999.250 -999.250 -999.250 -999.250 -999.250 -999.250 -999.250 -999.250 -999.250 -999.250 -999.250 -999.250 -999.250 -999.250 -999.250 -999.250 -999.250 -999.250 -999.250 -999.250 -999.250 -999.250 -999.250 -999.250 -999.250 -999.250 -999.250 9.219 9.881 11.423 13.523 16.432 17.157 19.777 27.674 34.573 56.814 73.684 119.177 161.036 210.307 222.238 257.421 292.362 285.880 260.456 227.943 200.096 154.248 82.242 56.144 39.515 24.971 20.591 17.840 16.879 20.805 22.107 24.886 27.829 23.933 20.978 18.940 16.315 14.457 13.643
-999.250 -999.250 -999.250 -999.250 -999.250 -999.250 -999.250 -999.250 -999.250 -999.250 -999.250 -999.250 -999.250 -999.250 -999.250 -999.250 -999.250 -999.250 -999.250 -999.250 -999.250 -999.250 -999.250 -999.250 -999.250 -999.250 -999.250 -999.250 6.277 10.820 14.088 11.838 13.095 13.990 19.189 27.102 39.270 53.501 90.582 140.697 186.411 214.493 278.484 300.811 319.724 330.002 276.262 243.663 210.271 149.662 106.969 54.183 35.799 27.628 18.657 16.526 16.683 17.407 19.707 23.587 26.281 24.058 19.857 18.644 15.408 13.286 11.821
-999.250 -999.250 -999.250 -999.250 -999.250 -999.250 -999.250 -999.250 -999.250 -999.250 -999.250 -999.250 -999.250 -999.250 -999.250 -999.250 -999.250 -999.250 -999.250 -999.250 -999.250 -999.250 -999.250 -999.250 -999.250 -999.250 -999.250 -999.250 8.157 10.674 11.514 11.071 12.147 12.358 17.999 23.596 31.090 57.648 77.873 118.636 198.033 247.152 287.226 298.384 355.386 380.631 332.734 271.025 223.738 157.516 78.326 49.694 33.076 21.593 16.837 11.656 14.087 15.685 19.948 21.622 23.525 22.671 20.159 18.226 15.364 12.117 9.648
-999.250 -999.250 -999.250 -999.250 -999.250 -999.250 -999.250 -999.250 -999.250 -999.250 -999.250 -999.250 -999.250 -999.250 -999.250 -999.250 -999.250 -999.250 -999.250 -999.250 -999.250 -999.250 -999.250 -999.250 -999.250 -999.250 -999.250 -999.250 9.027 9.659 7.890 8.698 11.433 12.502 14.695 21.130 26.878 38.510 64.951 105.754 192.352 255.164 271.500 341.184 418.627 484.971 343.006 260.751 232.657 152.510 74.043 39.345 24.464 15.520 13.840 9.547 12.547 14.179 18.153 19.533 22.303 21.283 18.204 16.901 14.760 10.586 8.274
-999.250 -999.250 -999.250 -999.250 -999.250 -999.250 -999.250 -999.250 -999.250 -999.250 -999.250 -999.250 -999.250 -999.250 -999.250 -999.250 -999.250 -999.250 -999.250 -999.250 -999.250 -999.250 -999.250 -999.250 -999.250 -999.250 -999.250 -999.250 5.647 9.915 11.380 8.009 10.409 7.741 13.517 15.541 19.799 27.993 45.862 77.620 147.412 216.836 278.474 311.906 434.744 414.373 341.267 258.071 195.244 124.718 68.531 37.252 18.177 11.093 8.735 6.543 6.948 9.497 13.456 17.633 18.423 20.051 16.339 16.077 14.072 10.233 7.452
-999.250 -999.250 -999.250 -999.250 -999.250 -999.250 -999.250 -999.250 -999.250 -999.250 -999.250 -999.250 -999.250 -999.250 -999.250 -999.250 -999.250 -999.250 -999.250 -999.250 -999.250 -999.250 -999.250 -999.250 -999.250 -999.250 -999.250 3.036 8.329 10.732 10.773 10.957 9.650 8.596 9.991 14.597 16.575 24.247 26.998 40.888 108.784 202.117 257.461 276.041 290.445 351.000 278.466 226.226 152.816 94.607 46.236 25.062 14.888 7.587 5.336 2.776 3.296 5.725 10.774 16.047 17.778 17.737 16.118 13.760 11.323 10.449 7.567
-999.250 -999.250 -999.250 -999.250 -999.250 -999.250 -999.250 -999.250 -999.250 -999.250 -999.250 -999.250 -999.250 -999.250 -999.250 -999.250 -999.250 -999.250 -999.250 -999.250 -999.250 -999.250 -999.250 -999.250 -999.250 -999.250 -999.250 4.971 8.888 10.014 11.748 10.768 10.936 9.298 9.733 11.670 13.917 16.861 29.070 53.681 101.394 170.545 214.544 245.517 273.504 263.493 238.210 193.199 98.919 58.103 33.862 14.498 8.273 2.388 0.261 1.117 0.285 1.560 8.723 15.663 15.597 16.662 15.319 13.924 11.611 8.597 4.669
-999.250 -999.250 -999.250 -999.250 -999.250 -999.250 -999.250 -999.250 -999.250 -999.250 -999.250 -999.250 -999.250 -999.250 -999.250 -999.250 -999.250 -999.250 -999.250 -999.250 -999.250 -999.250 -999.250 -999.250 -999.250 -999.250 -999.250 4.987 10.928 10.861 10.701 10.792 12.344 10.510 11.366 12.767 12.538 18.033 30.800 51.360 77.445 119.216 191.879 210.926 219.139 224.236 197.311 154.665 74.586 18.529 12.468 7.839 0.448 0.766 3.016 2.173 0.000 0.000 7.850 12.954 15.511 14.294 15.963 14.311 10.346 9.462 5.352
-999.250 -999.250 -999.250 -999.250 -999.250 -999.250 -999.250 -999.250 -999.250 -999.250 -999.250 -999.250 -999.250 -999.250 -999.250 -999.250 -999.250 -999.250 -999.250 -999.250 -999.250 -999.250 -999.250 -999.250 -999.250 -999.250 7.114 7.441 6.756 10.418 12.772 9.429 11.862 14.321 10.570 11.794 14.917 23.969 28.402 46.505 64.876 104.565 128.052 164.888 160.956 162.964 130.489 81.047 54.158 18.968 4.196 0.000 0.000 0.000 3.910 4.344 3.977 7.876 11.460 16.553 15.161 14.248 14.456 14.683 11.517 7.051 6.648
-999.250 -999.250 -999.250 -999.250 -999.250 -999.250 -999.250 -999.250 -999.250 -999.250 -999.250 -999.250 -999.250 -999.250 -999.250 -999.250 -999.250 -999.250 -999.250 -999.250 -999.250 -999.250 -999.250 -999.250 -999.250 -999.250 3.840 8.439 7.850 9.446 10.305 10.450 9.927 12.427 13.618 14.545 17.961 23.439 28.646 39.949 63.969 82.849 98.106 107.075 111.086 94.812 80.742 62.974 32.932 15.734 4.069 0.000 0.867 1.468 5.676 8.011 10.966 14.156 16.278 17.844 18.195 13.869 15.625 13.206 12.039 8.213 4.738
