data/medianmodel_07-Dec-2020.asc
ncols	141
nrows	288
xllcorner	-120191.398
yllcorner	-301404.813
cellsize	2000.000
NODATA_value	-999.250
[rows 58 to 86 of 288, columns 64 to 127 of 141]
743.147 734.032 658.310 578.062 524.022 517.055 544.691 654.173 719.692 844.926 929.534 1019.487 1081.775 1242.669 1316.275 1314.737 1142.454 858.912 585.597 409.999 289.560 219.354 198.661 180.690 185.174 181.416 188.347 183.361 193.362 179.446 188.087 187.820 191.292 199.914 207.751 243.449 279.473 313.423 379.143 456.528 547.677 637.163 687.640 750.030 824.543 858.218 947.515 945.743 1027.710 1088.356 1127.211 1081.041 1141.163 -999.250 -999.250 -999.250 -999.250 -999.250 -999.250 -999.250 -999.250 -999.250 -999.250 -999.250
672.439 667.459 636.516 554.997 547.332 540.282 577.487 652.640 695.644 759.594 859.521 938.749 1057.541 1162.141 1152.726 1115.907 1003.655 771.628 549.143 412.109 271.686 207.058 180.928 151.301 162.628 162.852 152.129 155.909 155.529 172.802 180.538 186.559 187.382 192.432 211.884 257.382 292.758 346.727 406.641 485.610 584.178 640.635 677.452 789.100 803.254 910.367 1002.085 1047.224 1008.926 1051.986 1017.934 1089.094 -999.250 -999.250 -999.250 -999.250 -999.250 -999.250 -999.250 -999.250 -999.250 -999.250 -999.250 -999.250
650.866 626.809 569.182 543.509 542.200 542.851 562.163 607.455 630.134 637.061 692.858 741.041 845.542 932.631 936.510 888.706 817.674 668.039 500.220 363.490 258.025 189.299 152.835 138.748 139.190 138.669 134.459 135.765 143.962 153.118 166.307 173.423 182.229 194.015 224.940 267.481 308.154 362.058 443.954 516.114 584.708 654.922 693.971 739.638 827.530 922.151 956.207 979.043 999.592 1055.674 1014.421 1055.725 -999.250 -999.250 -999.250 -999.250 -999.250 -999.250 -999.250 -999.250 -999.250 -999.250 -999.250 -999.250
617.555 562.351 528.978 508.052 535.187 524.469 536.934 538.469 532.425 541.518 551.693 591.586 671.373 709.184 694.550 665.328 648.978 541.943 398.096 276.726 203.446 154.214 127.477 107.670 107.070 103.624 100.324 105.454 106.325 135.757 137.525 145.183 179.447 202.997 217.340 280.907 337.542 409.026 471.220 518.828 566.691 647.041 686.429 739.488 793.790 857.121 934.837 939.854 978.446 1017.296 1014.214 -999.250 -999.250 -999.250 -999.250 -999.250 -999.250 -999.250 -999.250 -999.250 -999.250 -999.250 -999.250 -999.250
546.369 523.949 494.308 500.792 514.887 521.841 520.626 493.515 459.198 420.020 358.790 477.126 540.082 570.585 582.085 530.258 480.671 391.594 282.023 189.902 144.963 119.884 102.346 93.846 79.354 74.676 67.600 67.162 81.385 111.819 123.182 146.017 175.450 203.259 233.822 288.077 360.638 405.377 482.689 556.747 583.416 644.150 692.524 759.292 773.028 805.649 -999.250 -999.250 -999.250 -999.250 -999.250 -999.250 -999.250 -999.250 -999.250 -999.250 -999.250 -999.250 -999.250 -999.250 -999.250 -999.250 -999.250 -999.250
547.046 480.325 496.412 459.533 471.731 481.408 456.415 453.488 404.878 372.881 346.693 394.157 431.363 462.576 446.601 419.017 374.900 259.506 133.525 123.095 101.646 87.525 74.391 68.567 55.046 54.496 44.751 38.595 70.530 87.792 114.396 137.377 156.307 196.453 256.007 317.969 386.589 443.080 502.977 564.513 627.889 672.871 692.606 772.119 774.988 855.691 903.365 -999.250 -999.250 -999.250 -999.250 -999.250 -999.250 -999.250 -999.250 -999.250 -999.250 -999.250 -999.250 -999.250 -999.250 -999.250 -999.250 -999.250
488.977 490.738 465.530 445.096 444.471 436.456 426.361 414.796 382.884 340.842 336.119 339.137 385.809 387.300 373.387 334.243 275.984 212.002 130.866 97.118 78.077 56.273 44.576 48.500 43.308 45.326 41.867 41.043 56.028 90.695 121.950 143.887 170.907 196.207 273.250 353.870 415.589 476.291 534.456 598.326 627.013 705.793 732.533 729.596 797.461 838.114 884.223 939.230 -999.250 -999.250 -999.250 -999.250 -999.250 -999.250 -999.250 -999.250 -999.250 -999.250 -999.250 -999.250 -999.250 -999.250 -999.250 -999.250
466.703 459.515 419.386 438.236 438.839 431.250 409.251 403.909 375.921 353.012 339.969 324.235 339.889 321.707 298.627 284.458 235.230 189.320 131.337 87.114 58.215 47.373 39.955 36.302 35.844 40.952 40.135 48.814 65.771 92.122 128.241 161.971 193.422 246.340 303.928 371.751 456.281 488.455 557.946 604.682 689.841 710.710 732.060 760.417 805.011 837.915 909.240 911.258 -999.250 -999.250 -999.250 -999.250 -999.250 -999.250 -999.250 -999.250 -999.250 -999.250 -999.250 -999.250 -999.250 -999.250 -999.250 -999.250
457.918 466.877 421.846 423.253 431.194 421.336 406.835 377.781 358.321 354.193 355.612 332.188 319.779 286.547 280.921 255.630 230.649 181.320 136.956 98.165 66.167 51.336 37.480 35.295 34.779 37.559 41.486 54.036 86.200 103.522 145.478 174.344 220.339 275.123 328.669 405.377 481.484 530.198 570.639 667.976 704.559 758.491 766.486 757.447 812.944 862.274 879.820 940.644 895.578 -999.250 -999.250 -999.250 -999.250 -999.250 -999.250 -999.250 -999.250 -999.250 -999.250 -999.250 -999.250 -999.250 -999.250 -999.250
460.102 448.070 399.738 418.028 408.437 407.254 392.148 387.570 383.661 380.773 353.336 330.896 319.414 294.053 259.183 251.133 227.185 182.121 145.675 111.712 83.427 62.926 42.065 37.001 34.193 40.586 53.093 80.367 93.940 130.671 162.080 207.555 251.668 330.336 394.889 434.207 517.860 569.571 586.089 680.149 761.267 770.111 802.462 791.868 846.778 859.599 859.893 892.428 879.810 887.965 -999.250 -999.250 -999.250 -999.250 -999.250 -999.250 -999.250 -999.250 -999.250 -999.250 -999.250 -999.250 -999.250 -999.250
430.858 425.952 410.141 409.575 401.065 405.122 396.544 399.955 407.534 379.169 379.939 353.996 343.466 309.672 290.540 247.268 229.204 217.701 182.186 147.561 114.849 89.178 53.741 40.510 38.998 45.957 64.040 87.775 120.205 147.902 199.240 244.317 302.976 370.519 436.517 505.552 561.010 596.633 652.779 732.715 756.722 799.336 809.738 813.680 875.833 845.281 945.498 868.596 908.550 885.969 -999.250 -999.250 -999.250 -999.250 -999.250 -999.250 -999.250 -999.250 -999.250 -999.250 -999.250 -999.250 -999.250 -999.250
395.232 410.444 395.851 409.143 395.450 395.317 384.632 419.588 403.818 402.697 397.587 365.757 356.313 334.976 313.463 274.702 273.136 240.791 205.146 187.689 168.109 126.001 88.967 49.409 52.072 73.526 85.111 122.095 139.438 182.820 219.958 281.944 347.474 415.076 477.239 511.072 567.636 624.888 686.307 736.481 772.900 789.638 872.556 885.549 877.651 889.962 854.842 900.101 906.951 923.097 -999.250 -999.250 -999.250 -999.250 -999.250 -999.250 -999.250 -999.250 -999.250 -999.250 -999.250 -999.250 -999.250 -999.250
402.834 396.028 383.689 385.900 384.880 395.241 411.041 415.948 425.016 390.896 399.972 378.734 382.314 358.805 316.363 307.112 319.569 275.748 253.485 235.832 202.887 177.028 125.721 55.597 88.320 95.762 117.235 139.724 175.820 207.660 241.711 309.914 361.384 457.071 488.044 541.888 596.049 673.603 712.728 754.533 798.621 883.215 927.994 951.133 929.902 906.831 904.739 940.465 943.895 873.311 827.446 841.347 -999.250 -999.250 -999.250 -999.250 -999.250 -999.250 -999.250 -999.250 -999.250 -999.250 -999.250 -999.250
375.969 369.180 392.871 393.958 384.428 390.102 392.589 405.248 430.930 417.750 406.282 402.155 384.041 375.440 348.939 348.750 360.123 324.065 312.862 301.082 269.588 250.608 202.377 168.838 146.748 152.121 153.156 178.168 206.367 248.823 296.216 345.739 408.540 454.989 500.645 566.881 635.347 719.993 783.917 826.642 842.576 919.183 935.124 910.340 948.186 945.461 966.790 906.133 943.492 868.094 861.580 910.041 -999.250 -999.250 -999.250 -999.250 -999.250 -999.250 -999.250 -999.250 -999.250 -999.250 -999.250 -999.250
367.191 356.421 387.291 388.493 385.088 389.192 417.961 407.574 414.523 407.671 442.177 412.262 405.066 401.930 385.665 376.357 384.966 387.872 386.132 370.822 331.894 319.902 306.585 267.527 233.248 205.809 211.298 221.160 241.675 256.430 320.606 389.841 444.032 512.200 568.652 591.215 668.717 757.028 918.757 880.414 882.656 897.679 908.266 909.735 901.310 889.992 915.275 946.345 903.450 820.070 811.915 -999.250 -999.250 -999.250 -999.250 -999.250 -999.250 -999.250 -999.250 -999.250 -999.250 -999.250 -999.250 -999.250
341.126 353.148 367.338 389.222 407.315 398.149 389.325 415.715 399.434 398.716 407.922 400.509 400.831 418.134 400.881 404.461 390.402 421.215 420.623 411.082 428.091 409.141 395.256 362.647 304.810 283.666 262.609 276.219 281.832 330.839 348.196 408.802 491.501 536.600 602.230 647.107 681.168 755.446 866.769 940.578 947.875 987.069 942.383 929.257 947.836 886.404 924.477 930.393 859.322 818.305 833.667 -999.250 -999.250 -999.250 -999.250 -999.250 -999.250 -999.250 -999.250 -999.250 -999.250 -999.250 -999.250 -999.250
325.596 345.753 366.281 374.433 378.346 395.418 408.294 405.590 401.972 399.517 401.174 415.259 396.855 413.035 425.219 404.130 427.032 449.919 480.027 498.173 511.909 489.727 469.052 434.441 389.237 333.929 319.355 296.768 293.535 312.809 371.722 442.595 509.681 566.153 613.950 689.459 722.446 774.038 898.768 956.539 1021.435 1004.157 953.146 950.497 996.061 906.596 832.488 843.328 835.917 832.990 751.931 -999.250 -999.250 -999.250 -999.250 -999.250 -999.250 -999.250 -999.250 -999.250 -999.250 -999.250 -999.250 -999.250
301.488 328.796 335.537 362.082 378.472 392.289 385.057 367.011 383.961 399.398 386.413 382.585 389.224 394.842 407.197 412.186 466.905 488.675 545.189 563.104 580.517 568.500 551.217 493.412 440.715 386.432 370.938 327.210 292.958 343.029 409.370 504.494 553.030 615.378 668.236 674.135 747.497 801.060 919.655 986.718 1022.207 949.662 932.277 890.278 904.067 870.331 808.440 846.075 773.001 810.380 709.347 -999.250 -999.250 -999.250 -999.250 -999.250 -999.250 -999.250 -999.250 -999.250 -999.250 -999.250 -999.250 -999.250
291.287 338.035 349.839 361.908 386.892 400.151 380.939 376.713 378.368 394.741 388.387 394.344 394.628 385.998 386.586 424.319 489.115 502.970 530.160 592.956 613.091 666.380 588.434 524.323 472.853 414.082 388.084 372.774 367.520 389.547 461.636 527.835 577.497 591.801 673.906 733.801 794.990 880.141 906.059 985.563 1022.600 939.755 949.313 877.342 850.888 814.650 831.110 783.114 729.196 693.672 618.515 -999.250 -999.250 -999.250 -999.250 -999.250 -999.250 -999.250 -999.250 -999.250 -999.250 -999.250 -999.250 -999.250
298.378 317.740 354.052 375.838 368.865 393.647 391.913 388.492 382.724 385.409 379.925 374.312 378.052 362.694 395.122 428.013 470.833 505.144 520.992 585.813 585.826 623.624 586.036 515.145 475.164 432.896 428.306 389.117 403.908 445.011 516.900 568.006 631.949 651.107 686.557 798.410 848.124 907.046 923.361 999.857 1015.917 937.705 897.404 830.264 820.422 754.691 716.988 699.073 657.050 615.830 591.627 -999.250 -999.250 -999.250 -999.250 -999.250 -999.250 -999.250 -999.250 -999.250 -999.250 -999.250 -999.250 -999.250
283.779 327.266 338.986 374.635 387.368 384.190 389.860 391.474 387.572 376.377 378.999 391.895 373.786 376.127 403.383 407.981 426.524 483.165 499.046 521.775 534.670 569.081 549.206 509.940 471.906 450.094 424.430 435.356 442.498 487.773 544.009 556.872 639.049 696.203 708.106 789.561 860.885 819.505 860.105 939.541 952.757 935.038 888.139 854.530 777.355 686.789 652.631 601.996 572.433 588.525 524.355 -999.250 -999.250 -999.250 -999.250 -999.250 -999.250 -999.250 -999.250 -999.250 -999.250 -999.250 -999.250 -999.250
281.626 308.079 356.649 369.601 379.792 377.719 395.713 393.994 368.285 369.450 378.878 366.450 366.019 369.800 374.625 415.747 417.343 424.046 487.085 468.662 495.734 492.917 498.110 461.941 449.827 433.106 431.067 425.538 446.848 500.787 533.111 566.058 639.563 692.882 729.684 767.440 759.436 810.366 814.166 845.700 849.010 841.981 905.074 824.360 736.862 666.267 605.990 582.458 558.191 498.947 465.102 -999.250 -999.250 -999.250 -999.250 -999.250 -999.250 -999.250 -999.250 -999.250 -999.250 -999.250 -999.250 -999.250
299.321 319.672 343.877 361.584 392.000 390.718 378.600 383.015 383.177 369.983 358.412 369.691 359.338 353.291 368.282 386.258 396.320 410.407 438.088 431.948 448.861 430.543 422.418 416.219 394.172 401.915 433.174 435.216 482.902 497.467 514.759 594.205 618.747 681.026 720.112 701.782 709.224 767.777 803.120 840.109 762.858 803.665 835.987 719.744 673.346 639.799 579.892 519.750 499.743 465.204 461.806 415.848 -999.250 -999.250 -999.250 -999.250 -999.250 -999.250 -999.250 -999.250 -999.250 -999.250 -999.250 -999.250
296.765 325.242 338.615 380.685 396.084 402.132 385.797 376.198 373.607 359.156 353.487 360.090 338.438 322.492 337.315 352.015 363.717 389.861 394.110 381.181 376.890 385.043 393.807 409.584 396.466 398.358 416.011 443.630 480.998 502.808 534.598 566.419 630.098 653.394 649.431 673.975 694.555 744.026 774.564 781.537 788.006 760.931 733.626 700.205 660.153 585.983 547.515 491.305 458.235 428.929 402.436 375.240 -999.250 -999.250 -999.250 -999.250 -999.250 -999.250 -999.250 -999.250 -999.250 -999.250 -999.250 -999.250
281.116 333.972 352.547 368.771 406.127 413.372 404.758 394.556 387.552 371.105 334.046 315.535 305.222 301.136 309.354 323.255 328.608 340.010 342.975 317.218 292.166 314.505 359.190 378.235 376.371 381.838 410.843 433.221 450.926 512.363 536.785 576.974 615.416 623.161 626.840 675.965 702.668 752.507 753.402 688.796 784.703 730.207 688.802 675.828 636.368 577.033 526.301 499.192 414.905 379.225 339.531 311.015 -999.250 -999.250 -999.250 -999.250 -999.250 -999.250 -999.250 -999.250 -999.250 -999.250 -999.250 -999.250
292.624 324.615 362.337 381.033 400.260 427.414 429.185 403.131 380.246 356.837 332.235 297.274 263.546 261.517 298.461 305.158 314.481 318.588 286.002 260.660 245.990 278.779 293.439 329.831 365.381 378.974 395.051 415.919 463.279 510.968 560.611 600.523 630.987 650.721 647.205 658.111 717.809 727.316 731.083 697.333 706.433 674.388 683.441 625.590 622.405 543.697 512.865 452.556 393.697 349.256 300.866 278.179 -999.250 -999.250 -999.250 -999.250 -999.250 -999.250 -999.250 -999.250 -999.250 -999.250 -999.250 -999.250
325.032 330.473 357.470 382.950 397.593 415.128 414.511 397.581 380.515 360.887 334.022 269.054 235.530 249.546 287.149 306.770 299.794 297.196 289.638 247.420 198.763 250.267 265.442 325.776 377.302 374.309 375.289 420.609 474.261 526.146 550.041 593.082 629.691 661.413 631.506 663.477 695.602 720.249 702.564 706.897 700.135 685.605 666.176 595.781 562.868 537.879 451.185 398.932 363.171 316.752 240.137 -999.250 -999.250 -999.250 -999.250 -999.250 -999.250 -999.250 -999.250 -999.250 -999.250 -999.250 -999.250 -999.250
312.348 323.479 360.918 389.088 408.740 412.069 426.784 408.663 377.680 359.796 310.609 253.097 189.087 225.629 270.624 294.506 340.743 311.802 306.947 267.897 250.800 248.437 290.635 338.245 360.212 377.169 399.055 439.615 487.373 533.566 553.345 594.089 638.923 645.778 648.060 654.829 681.110 682.058 710.233 711.548 689.024 657.405 617.371 602.722 551.493 518.750 458.421 399.272 335.726 299.643 235.465 -999.250 -999.250 -999.250 -999.250 -999.250 -999.250 -999.250 -999.250 -999.250 -999.250 -999.250 -999.250 -999.250
290.902 317.247 349.820 390.656 404.038 396.816 428.137 419.051 403.802 385.414 332.345 285.288 266.226 276.042 297.648 341.509 348.486 357.167 321.623 302.171 303.023 298.674 305.913 333.143 375.755 374.667 420.108 448.193 501.112 539.553 588.602 641.785 651.810 654.501 663.554 668.338 683.450 671.782 667.772 671.983 661.528 640.989 611.419 556.944 540.617 487.149 415.481 376.822 317.819 279.246 -999.250 -999.250 -999.250 -999.250 -999.250 -999.250 -999.250 -999.250 -999.250 -999.250 -999.250 -999.250 -999.250 -999.250
