data/medianmodel_13-Jan-2021.asc
ncols	141
nrows	288
xllcorner	-120191.398
yllcorner	-301404.813
cellsize	2000.000
NODATA_value	-999.250
[rows 168 to 195 of 288, columns 64 to 127 of 141]
864.497 840.911 832.746 865.577 824.714 809.863 882.784 966.619 1062.198 1128.999 1241.397 1318.025 1443.161 1429.572 1550.553 1552.012 1569.430 1669.112 1671.745 1561.158 1531.467 1540.654 1366.656 1329.202 1284.071 1226.363 1119.773 1030.167 907.871 801.722 683.597 590.730 459.752 430.944 354.244 384.274 420.016 516.338 -999.250 -999.250 -999.250 857.674 935.232 998.161 -999.250 -999.250 -999.250 -999.250 -999.250 -999.250 -999.250 -999.250 -999.250 -999.250 -999.250 -999.250 -999.250 -999.250 -999.250 -999.250 -999.250 -999.250 -999.250 -999.250
881.828 844.803 824.182 820.051 783.231 736.227 761.051 837.786 894.692 1030.503 1118.354 1145.249 1249.903 1282.705 1325.266 1355.189 1319.200 1429.542 1475.959 1457.709 1405.555 1480.240 1394.439 1356.072 1318.874 1242.834 1182.836 1127.022 988.353 903.735 773.825 645.632 571.706 478.765 354.610 440.966 468.085 547.142 618.226 689.630 823.354 902.208 1010.856 1091.621 1150.058 -999.250 -999.250 -999.250 -999.250 -999.250 -999.250 -999.250 -999.250 -999.250 -999.250 -999.250 -999.250 -999.250 -999.250 -999.250 -999.250 -999.250 -999.250 -999.250
870.879 847.314 783.937 738.556 688.282 672.211 635.743 726.006 802.207 880.757 959.155 1029.013 1079.598 1088.411 1114.708 1131.934 1109.617 1203.935 1242.238 1265.981 1321.442 1341.452 1378.813 1361.380 1312.172 1249.294 1219.385 1158.981 1080.776 942.662 888.050 789.661 676.985 568.595 519.123 550.236 594.499 632.923 695.102 763.150 864.482 959.572 1060.215 1155.702 1187.516 1169.580 -999.250 -999.250 -999.250 -999.250 -999.250 -999.250 -999.250 -999.250 -999.250 -999.250 -999.250 -999.250 -999.250 -999.250 -999.250 -999.250 -999.250 -999.250
879.151 836.136 782.657 753.229 668.741 642.778 638.403 642.050 731.970 768.748 851.656 907.751 945.574 956.329 957.463 970.766 1000.862 1090.843 1157.045 1213.550 1270.987 1261.079 1299.861 1336.122 1357.726 1324.503 1316.010 1256.020 1192.175 1064.952 979.021 908.412 840.951 719.660 659.225 667.903 678.602 727.408 775.533 838.979 892.414 1001.849 1101.118 1178.849 1181.456 1210.146 -999.250 -999.250 -999.250 -999.250 -999.250 -999.250 -999.250 -999.250 -999.250 -999.250 -999.250 -999.250 -999.250 -999.250 -999.250 -999.250 -999.250 -999.250
939.219 892.225 836.234 763.601 700.575 636.449 645.100 669.527 720.571 756.256 796.593 830.816 840.722 847.969 874.743 876.606 943.709 1023.923 1072.179 1169.722 1241.481 1263.852 1330.046 1343.899 1381.449 1406.193 1374.764 1378.151 1272.398 1188.502 1085.473 1019.305 967.244 894.178 861.041 839.916 787.578 797.348 887.720 924.740 982.203 1063.337 1104.156 1185.111 1178.817 1193.539 -999.250 -999.250 -999.250 -999.250 -999.250 -999.250 -999.250 -999.250 -999.250 -999.250 -999.250 -999.250 -999.250 -999.250 -999.250 -999.250 -999.250 -999.250
1007.758 925.867 859.574 809.343 747.627 726.802 687.276 674.035 684.029 696.508 719.262 781.422 757.183 786.059 814.606 835.655 857.563 988.275 1030.247 1169.248 1226.503 1295.176 1336.845 1369.108 1445.751 1442.019 1471.138 1443.549 1367.763 1262.884 1227.539 1136.689 1108.595 1025.734 993.016 960.892 937.979 910.787 945.005 1034.535 1086.974 1130.377 1135.664 1177.149 1210.545 1236.799 1235.904 -999.250 -999.250 -999.250 -999.250 -999.250 -999.250 -999.250 -999.250 -999.250 -999.250 -999.250 -999.250 -999.250 -999.250 -999.250 -999.250 -999.250
1075.212 1001.571 892.794 880.734 804.108 780.609 714.989 697.042 691.490 704.582 680.652 774.123 776.664 722.472 770.049 787.164 849.315 942.994 1045.968 1192.429 1255.174 1317.434 1370.249 1463.575 1550.150 1546.984 1500.541 1505.194 1459.797 1421.374 1342.994 1224.869 1190.622 1170.160 1094.231 1060.661 1047.999 1039.160 1050.599 1116.950 1159.528 1143.454 1177.087 1193.604 1209.344 1201.572 -999.250 -999.250 -999.250 -999.250 -999.250 -999.250 -999.250 -999.250 -999.250 -999.250 -999.250 -999.250 -999.250 -999.250 -999.250 -999.250 -999.250 -999.250
1142.205 1038.743 962.072 901.801 860.725 818.266 753.491 743.036 714.405 742.584 771.831 749.879 768.894 724.079 725.108 752.179 820.851 941.019 1086.264 1219.276 1303.379 1394.691 1472.810 1559.954 1632.989 1663.398 1562.159 1551.767 1548.790 1550.410 1418.723 1331.520 1284.784 1263.715 1242.239 1177.989 1192.575 1153.194 1142.498 1157.268 1198.753 1198.590 1236.233 1192.978 1253.651 -999.250 -999.250 -999.250 -999.250 -999.250 -999.250 -999.250 -999.250 -999.250 -999.250 -999.250 -999.250 -999.250 -999.250 -999.250 -999.250 -999.250 -999.250 -999.250
1209.115 1159.848 1055.471 1017.829 896.783 842.911 833.956 781.748 765.957 798.225 737.068 775.608 753.678 741.714 744.245 725.295 871.268 1013.160 1145.021 1284.419 1387.901 1394.904 1516.371 1667.584 1661.487 1744.683 1763.070 1703.243 1631.448 1565.146 1547.445 1497.432 1372.679 1372.519 1324.287 1265.692 1282.370 1285.713 1234.685 1259.657 1232.248 1218.449 1270.615 1264.553 1329.033 -999.250 -999.250 -999.250 -999.250 -999.250 -999.250 -999.250 -999.250 -999.250 -999.250 -999.250 -999.250 -999.250 -999.250 -999.250 -999.250 -999.250 -999.250 -999.250
1265.287 1185.843 1156.264 1081.154 989.387 886.560 877.313 834.171 828.429 822.066 789.805 792.752 770.824 774.700 802.780 854.187 934.931 1091.026 1273.718 1361.835 1491.951 1523.862 1693.218 1927.322 1875.606 1926.132 1846.932 1851.858 1955.469 1860.341 1623.564 1633.702 1558.232 1521.211 1437.049 1427.122 1391.049 1361.512 1307.718 1308.078 1298.548 1333.662 1316.740 1326.028 -999.250 -999.250 -999.250 -999.250 -999.250 -999.250 -999.250 -999.250 -999.250 -999.250 -999.250 -999.250 -999.250 -999.250 -999.250 -999.250 -999.250 -999.250 -999.250 -999.250
1307.103 1261.456 1177.350 1110.815 1023.706 954.305 952.492 890.402 908.860 849.895 874.528 849.739 848.275 837.026 897.828 986.582 1029.054 1240.174 1350.074 1522.543 1596.463 1692.764 1791.352 1959.328 2117.105 2055.220 2103.642 2105.840 2149.945 1827.390 1819.254 1721.638 1622.732 1639.774 1572.863 1538.092 1439.528 1356.211 1409.101 1397.875 1342.490 1343.130 1319.384 1347.586 -999.250 -999.250 -999.250 -999.250 -999.250 -999.250 -999.250 -999.250 -999.250 -999.250 -999.250 -999.250 -999.250 -999.250 -999.250 -999.250 -999.250 -999.250 -999.250 -999.250
1369.502 1320.382 1230.507 1191.272 1128.649 1040.442 966.012 952.841 942.696 926.729 933.341 884.702 917.905 956.264 990.074 1082.075 1177.639 1295.449 1452.341 1627.640 1693.280 1828.867 2009.524 2127.158 2281.149 2452.512 2399.252 2349.035 2255.726 2124.302 1888.630 1717.458 1654.245 1628.797 1593.735 1553.023 1493.250 1535.710 1466.467 1470.965 1449.861 1391.296 1368.186 -999.250 -999.250 -999.250 -999.250 -999.250 -999.250 -999.250 -999.250 -999.250 -999.250 -999.250 -999.250 -999.250 -999.250 -999.250 -999.250 -999.250 -999.250 -999.250 -999.250 -999.250
1347.685 1283.666 1270.561 1223.156 1147.497 1071.352 1019.111 1013.480 1011.817 1017.363 946.839 973.362 987.821 1023.521 1052.479 1143.333 1264.338 1356.573 1568.959 1682.283 1821.296 1955.039 2101.102 2262.979 2544.998 2581.858 2579.014 2547.542 2415.029 2254.231 2050.637 1834.451 1827.565 1639.302 1622.833 1624.130 1618.551 1626.249 1577.224 1560.397 1541.891 1507.531 1444.105 -999.250 -999.250 -999.250 -999.250 -999.250 -999.250 -999.250 -999.250 -999.250 -999.250 -999.250 -999.250 -999.250 -999.250 -999.250 -999.250 -999.250 -999.250 -999.250 -999.250 -999.250
1394.746 1334.497 1311.146 1252.108 1166.677 1130.841 1077.754 1041.193 997.287 1017.565 995.229 1033.905 1058.188 1101.790 1140.561 1204.028 1292.303 1476.653 1663.247 1752.638 2058.863 2229.429 2365.890 2335.711 2699.599 2717.872 2775.055 2629.490 2536.727 2363.172 2176.834 1806.827 1759.338 1649.380 1691.089 1705.796 1599.157 1643.137 1570.198 1638.449 1482.780 1470.980 1497.264 -999.250 -999.250 -999.250 -999.250 -999.250 -999.250 -999.250 -999.250 -999.250 -999.250 -999.250 -999.250 -999.250 -999.250 -999.250 -999.250 -999.250 -999.250 -999.250 -999.250 -999.250
1379.485 1339.885 1315.626 1285.054 1228.155 1199.355 1173.037 1101.060 1072.359 1038.737 1042.088 1079.407 1145.028 1151.341 1218.498 1268.137 1332.802 1509.789 1693.833 1832.759 2092.310 2287.295 2423.700 2611.619 2827.077 2809.589 2771.010 2646.248 2524.110 2355.224 1964.458 1831.969 1748.923 1650.846 1667.002 1681.612 1651.182 1681.076 1672.446 1640.377 1556.909 1462.736 -999.250 -999.250 -999.250 -999.250 -999.250 -999.250 -999.250 -999.250 -999.250 -999.250 -999.250 -999.250 -999.250 -999.250 -999.250 -999.250 -999.250 -999.250 -999.250 -999.250 -999.250 -999.250
1352.022 1359.900 1361.307 1322.713 1324.353 1229.433 1232.027 1169.688 1086.605 1096.098 1120.522 1146.772 1161.207 1218.950 1306.821 1325.929 1380.155 1448.497 1705.722 1964.174 2062.528 2300.497 2586.224 2692.141 2735.334 2884.478 2952.096 2706.575 2491.675 2261.776 1946.994 1932.575 1837.205 1731.545 1693.856 1642.111 1665.994 1756.961 1870.616 1703.739 1607.374 -999.250 -999.250 -999.250 -999.250 -999.250 -999.250 -999.250 -999.250 -999.250 -999.250 -999.250 -999.250 -999.250 -999.250 -999.250 -999.250 -999.250 -999.250 -999.250 -999.250 -999.250 -999.250 -999.250
1389.262 1426.984 1392.283 1373.423 1288.742 1270.366 1248.493 1142.937 1157.037 1089.064 1168.708 1147.060 1172.388 1256.821 1300.030 1358.334 1488.021 1506.628 1658.698 1878.741 1998.755 2285.900 2468.711 2630.551 2765.753 3030.375 3310.570 2655.872 2290.230 2212.829 1989.245 1829.238 1751.638 1726.595 1711.126 1723.251 1620.648 1715.531 1741.519 1661.867 1570.332 -999.250 -999.250 -999.250 -999.250 -999.250 -999.250 -999.250 -999.250 -999.250 -999.250 -999.250 -999.250 -999.250 -999.250 -999.250 -999.250 -999.250 -999.250 -999.250 -999.250 -999.250 -999.250 -999.250
1466.654 1439.232 1439.629 1382.787 1326.995 1261.339 1213.105 1250.712 1180.328 1136.678 1187.979 1183.733 1194.802 1225.240 1255.610 1332.026 1434.186 1598.797 1640.684 1719.999 1902.902 2167.650 2391.229 2615.269 2615.836 2726.723 2557.961 2230.143 1892.214 1855.192 1778.175 1706.298 1621.231 1689.180 1806.539 1683.059 1633.189 1650.819 1629.311 -999.250 -999.250 -999.250 -999.250 -999.250 -999.250 -999.250 -999.250 -999.250 -999.250 -999.250 -999.250 -999.250 -999.250 -999.250 -999.250 -999.250 -999.250 -999.250 -999.250 -999.250 -999.250 -999.250 -999.250 -999.250
1551.095 1547.564 1490.935 1417.674 1381.341 1311.573 1219.078 1217.607 1214.783 1153.058 1165.159 1141.616 1224.465 1194.588 1265.968 1316.432 1357.844 1470.754 1583.751 1629.076 1836.253 1861.585 2248.791 2229.922 2333.895 2364.145 1908.964 1423.720 1527.351 1596.494 1606.211 1554.925 1613.464 1620.216 1656.803 1600.096 1627.696 1650.745 -999.250 -999.250 -999.250 -999.250 -999.250 -999.250 -999.250 -999.250 -999.250 -999.250 -999.250 -999.250 -999.250 -999.250 -999.250 -999.250 -999.250 -999.250 -999.250 -999.250 -999.250 -999.250 -999.250 -999.250 -999.250 -999.250
1540.913 1674.365 1496.600 1412.162 1351.896 1293.483 1236.767 1241.683 1219.057 1131.525 1135.864 1129.912 1179.567 1183.717 1229.721 1295.780 1346.572 1441.791 1539.393 1586.591 1798.412 1707.139 1937.323 2066.890 1914.588 1873.778 1611.043 1465.700 1417.893 1489.573 1431.470 1538.087 1488.893 1618.114 1594.782 1623.097 1577.488 -999.250 -999.250 -999.250 -999.250 -999.250 -999.250 -999.250 -999.250 -999.250 -999.250 -999.250 -999.250 -999.250 -999.250 -999.250 -999.250 -999.250 -999.250 -999.250 -999.250 -999.250 -999.250 -999.250 -999.250 -999.250 -999.250 -999.250
1444.799 1496.038 1459.347 1394.246 1337.202 1276.836 1217.567 1210.208 1200.595 1182.091 1195.054 1149.201 1159.476 1187.822 1261.313 1262.506 1320.473 1362.104 1489.995 1570.576 1602.990 1675.011 1851.650 1805.222 1704.750 1663.847 1548.634 1440.915 1405.600 1367.845 1442.963 1412.753 1439.689 1520.834 1518.303 1466.510 -999.250 -999.250 -999.250 -999.250 -999.250 -999.250 -999.250 -999.250 -999.250 -999.250 -999.250 -999.250 -999.250 -999.250 -999.250 -999.250 -999.250 -999.250 -999.250 -999.250 -999.250 -999.250 -999.250 -999.250 -999.250 -999.250 -999.250 -999.250
1345.195 1360.174 1377.139 1325.980 1306.625 1284.835 1199.144 1143.005 1149.930 1170.117 1167.803 1153.029 1158.762 1170.786 1209.374 1288.061 1283.689 1349.263 1443.247 1464.148 1498.202 1567.659 1606.256 1696.653 1671.377 1534.645 1459.460 1391.838 1381.762 1350.130 1368.385 1402.418 1451.213 1436.985 -999.250 -999.250 -999.250 -999.250 -999.250 -999.250 -999.250 -999.250 -999.250 -999.250 -999.250 -999.250 -999.250 -999.250 -999.250 -999.250 -999.250 -999.250 -999.250 -999.250 -999.250 -999.250 -999.250 -999.250 -999.250 -999.250 -999.250 -999.250 -999.250 -999.250
1285.371 1281.410 1306.420 1318.236 1270.695 1259.488 1203.213 1136.572 1122.239 1142.129 1117.748 1156.916 1179.119 1130.146 1185.167 1190.628 1219.070 1308.614 1365.438 1413.827 1484.179 1477.881 1505.510 1520.979 1625.948 1470.428 1402.205 1388.792 1373.619 1343.754 1348.347 1362.649 1379.634 1409.082 -999.250 -999.250 -999.250 -999.250 -999.250 -999.250 -999.250 -999.250 -999.250 -999.250 -999.250 -999.250 -999.250 -999.250 -999.250 -999.250 -999.250 -999.250 -999.250 -999.250 -999.250 -999.250 -999.250 -999.250 -999.250 -999.250 -999.250 -999.250 -999.250 -999.250
1234.684 1249.400 1248.734 1276.804 1231.143 1195.546 1115.812 1110.124 1118.003 1070.107 1068.589 1092.021 1114.676 1073.895 1122.184 1170.492 1180.548 1198.224 1272.330 1383.420 1358.794 1394.269 1446.517 1450.396 1474.918 1426.974 1368.039 1334.572 1337.769 1319.244 1326.221 1350.611 1393.571 -999.250 -999.250 -999.250 -999.250 -999.250 -999.250 -999.250 -999.250 -999.250 -999.250 -999.250 -999.250 -999.250 -999.250 -999.250 -999.250 -999.250 -999.250 -999.250 -999.250 -999.250 -999.250 -999.250 -999.250 -999.250 -999.250 -999.250 -999.250 -999.250 -999.250 -999.250
1218.619 1208.923 1204.783 1185.066 1169.431 1171.058 1114.691 1118.914 1050.860 1022.631 1017.694 1019.966 1026.549 1053.034 1064.050 1150.293 1143.341 1174.530 1212.957 1254.446 1307.328 1329.954 1346.687 1379.675 1410.262 1414.977 1371.987 1356.907 1334.374 1298.104 1303.194 1305.770 1335.150 -999.250 -999.250 -999.250 -999.250 -999.250 -999.250 -999.250 -999.250 -999.250 -999.250 -999.250 -999.250 -999.250 -999.250 -999.250 -999.250 -999.250 -999.250 -999.250 -999.250 -999.250 -999.250 -999.250 -999.250 -999.250 -999.250 -999.250 -999.250 -999.250 -999.250 -999.250
1081.491 1147.469 1096.829 1128.374 1091.999 1083.859 1078.969 1089.250 1022.032 998.365 975.571 1004.816 1019.771 1060.027 1030.070 1055.497 1088.206 1112.016 1167.470 1196.285 1238.300 1287.055 1351.465 1359.447 1365.390 1364.555 1378.460 1357.188 1316.934 1282.266 1306.736 1319.008 1310.242 -999.250 -999.250 -999.250 -999.250 -999.250 -999.250 -999.250 -999.250 -999.250 -999.250 -999.250 -999.250 -999.250 -999.250 -999.250 -999.250 -999.250 -999.250 -999.250 -999.250 -999.250 -999.250 -999.250 -999.250 -999.250 -999.250 -999.250 -999.250 -999.250 -999.250 -999.250
1079.061 1076.352 1056.993 1011.769 1048.510 990.594 1007.641 962.487 958.940 937.095 948.317 959.333 953.331 1009.609 994.600 1018.670 1032.127 1101.492 1099.910 1136.511 1179.187 1227.025 1291.046 1323.315 1347.237 1370.981 1395.332 1386.911 1303.494 1304.457 1283.810 1286.056 1276.851 -999.250 -999.250 -999.250 -999.250 -999.250 -999.250 -999.250 -999.250 -999.250 -999.250 -999.250 -999.250 -999.250 -999.250 -999.250 -999.250 -999.250 -999.250 -999.250 -999.250 -999.250 -999.250 -999.250 -999.250 -999.250 -999.250 -999.250 -999.250 -999.250 -999.250 -999.250
1042.997 1007.255 1022.564 1026.555 976.762 942.840 912.650 919.152 932.023 907.840 886.159 932.385 946.328 959.266 972.957 1034.824 1035.507 1052.963 1062.428 1072.257 1157.760 1206.234 1241.244 1298.838 1350.689 1342.057 1422.276 1342.789 1301.432 1283.157 1294.707 1259.605 1206.311 1198.647 -999.250 -999.250 -999.250 -999.250 -999.250 -999.250 -999.250 -999.250 -999.250 -999.250 -999.250 -999.250 -999.250 -999.250 -999.250 -999.250 -999.250 -999.250 -999.250 -999.250 -999.250 -999.250 -999.250 -999.250 -999.250 -999.250 -999.250 -999.250 -999.250 -999.250
