data/medianmodel_29-Oct-2020.asc
ncols	141
nrows	288
xllcorner	-120191.398
yllcorner	-301404.813
cellsize	2000.000
NODATA_value	-999.250
[rows 203 to 231 of 288, columns 66 to 131 of 141]
212.568 198.853 208.562 217.989 202.268 190.308 203.159 198.407 221.572 208.911 201.675 204.559 223.881 226.370 226.384 203.555 221.636 217.289 202.564 215.111 172.594 170.096 142.809 117.569 110.937 97.596 95.500 91.650 82.912 -999.250 -999.250 -999.250 -999.250 -999.250 -999.250 -999.250 -999.250 -999.250 -999.250 -999.250 -999.250 -999.250 -999.250 -999.250 -999.250 -999.250 -999.250 -999.250 -999.250 -999.250 -999.250 -999.250 -999.250 -999.250 -999.250 -999.250 -999.250 -999.250 -999.250 -999.250 -999.250 -999.250 -999.250 -999.250 -999.250 -999.250
232.747 231.225 217.054 223.677 221.905 167.639 186.713 203.515 185.495 193.550 196.117 206.187 203.858 240.469 214.773 206.217 192.274 185.272 186.062 169.413 161.650 153.711 146.897 128.664 103.550 91.557 79.407 88.341 82.303 64.120 -999.250 -999.250 -999.250 -999.250 -999.250 -999.250 -999.250 -999.250 -999.250 -999.250 -999.250 -999.250 -999.250 -999.250 -999.250 -999.250 -999.250 -999.250 -999.250 -999.250 -999.250 -999.250 -999.250 -999.250 -999.250 -999.250 -999.250 -999.250 -999.250 -999.250 -999.250 -999.250 -999.250 -999.250 -999.250 -999.250
200.347 218.417 215.760 214.325 228.567 173.358 170.995 181.533 190.387 187.437 182.642 163.506 187.002 209.660 207.927 180.187 163.471 174.383 165.137 166.478 137.283 132.892 126.671 117.096 97.753 91.150 77.357 66.075 70.569 -999.250 -999.250 -999.250 -999.250 -999.250 -999.250 -999.250 -999.250 -999.250 -999.250 -999.250 -999.250 -999.250 -999.250 -999.250 -999.250 -999.250 -999.250 -999.250 -999.250 -999.250 -999.250 -999.250 -999.250 -999.250 -999.250 -999.250 -999.250 -999.250 -999.250 -999.250 -999.250 -999.250 -999.250 -999.250 -999.250 -999.250
215.720 235.367 223.893 211.388 190.609 189.772 190.382 170.938 175.255 177.799 174.819 159.926 169.395 182.432 161.034 165.213 156.017 165.657 160.371 149.775 150.302 135.884 136.360 118.051 94.907 74.925 73.516 65.030 56.524 48.694 -999.250 -999.250 -999.250 -999.250 -999.250 -999.250 -999.250 -999.250 -999.250 -999.250 -999.250 -999.250 -999.250 -999.250 -999.250 -999.250 -999.250 -999.250 -999.250 -999.250 -999.250 -999.250 -999.250 -999.250 -999.250 -999.250 -999.250 -999.250 -999.250 -999.250 -999.250 -999.250 -999.250 -999.250 -999.250 -999.250
225.362 251.472 239.288 236.157 215.694 167.074 173.146 165.985 159.998 148.891 160.375 163.069 142.546 150.377 146.425 145.887 160.707 140.029 134.107 134.488 130.286 143.373 128.790 117.976 82.689 72.027 60.157 58.724 48.670 44.931 32.464 -999.250 -999.250 -999.250 -999.250 -999.250 -999.250 -999.250 -999.250 -999.250 -999.250 -999.250 -999.250 -999.250 -999.250 -999.250 -999.250 -999.250 -999.250 -999.250 -999.250 -999.250 -999.250 -999.250 -999.250 -999.250 -999.250 -999.250 -999.250 -999.250 -999.250 -999.250 -999.250 -999.250 -999.250 -999.250
254.652 260.326 236.369 232.834 242.029 194.459 199.301 193.252 170.999 148.548 144.602 134.142 127.756 134.333 155.571 130.916 154.535 130.465 144.182 132.974 122.306 110.136 128.873 102.263 88.035 72.536 60.985 50.014 40.300 32.615 19.586 -999.250 -999.250 -999.250 -999.250 -999.250 -999.250 -999.250 -999.250 -999.250 -999.250 -999.250 -999.250 -999.250 -999.250 -999.250 -999.250 -999.250 -999.250 -999.250 -999.250 -999.250 -999.250 -999.250 -999.250 -999.250 -999.250 -999.250 -999.250 -999.250 -999.250 -999.250 -999.250 -999.250 -999.250 -999.250
260.914 226.206 230.331 226.579 209.791 195.690 199.831 167.365 155.075 132.707 120.247 117.392 129.497 125.175 135.938 133.362 131.464 137.975 122.697 128.499 123.797 108.385 115.461 128.844 103.171 91.976 65.153 56.711 37.436 24.996 0.000 14.904 -999.250 -999.250 -999.250 -999.250 -999.250 -999.250 -999.250 -999.250 -999.250 -999.250 -999.250 -999.250 -999.250 -999.250 -999.250 -999.250 -999.250 -999.250 -999.250 -999.250 -999.250 -999.250 -999.250 -999.250 -999.250 -999.250 -999.250 -999.250 -999.250 -999.250 -999.250 -999.250 -999.250 -999.250
251.160 222.262 224.907 234.926 209.778 225.260 193.943 186.878 142.055 122.425 124.016 100.627 96.391 99.217 104.215 123.554 114.877 115.902 109.926 118.183 112.895 105.008 108.786 108.026 105.260 84.805 74.764 54.802 42.607 29.249 18.127 20.347 24.307 -999.250 -999.250 -999.250 -999.250 -999.250 -999.250 -999.250 -999.250 -999.250 -999.250 -999.250 -999.250 -999.250 -999.250 -999.250 -999.250 -999.250 -999.250 -999.250 -999.250 -999.250 -999.250 -999.250 -999.250 -999.250 -999.250 -999.250 -999.250 -999.250 -999.250 -999.250 -999.250 -999.250
235.255 229.251 212.197 215.310 195.555 186.596 167.897 158.608 148.358 112.817 96.012 83.082 90.340 88.659 82.815 92.957 110.241 107.536 119.297 121.682 95.628 94.405 107.659 97.833 88.945 85.755 81.493 57.543 52.289 41.654 32.163 32.937 31.262 29.477 -999.250 -999.250 -999.250 -999.250 -999.250 -999.250 -999.250 -999.250 -999.250 -999.250 -999.250 -999.250 -999.250 -999.250 -999.250 -999.250 -999.250 -999.250 -999.250 -999.250 -999.250 -999.250 -999.250 -999.250 -999.250 -999.250 -999.250 -999.250 -999.250 -999.250 -999.250 -999.250
201.856 207.449 195.214 177.931 164.770 153.822 153.153 126.235 135.774 101.471 74.297 65.855 65.393 65.113 62.920 79.229 89.800 92.722 106.404 103.165 100.281 93.338 76.970 84.560 80.806 84.095 74.341 78.775 58.991 52.492 47.814 41.658 39.292 33.903 41.001 -999.250 -999.250 -999.250 -999.250 -999.250 -999.250 -999.250 -999.250 -999.250 -999.250 -999.250 -999.250 -999.250 -999.250 -999.250 -999.250 -999.250 -999.250 -999.250 -999.250 -999.250 -999.250 -999.250 -999.250 -999.250 -999.250 -999.250 -999.250 -999.250 -999.250 -999.250
180.366 169.992 162.050 145.599 145.516 131.749 148.860 131.081 100.055 78.637 64.857 51.074 34.317 37.543 59.628 65.338 81.838 78.753 104.842 92.356 87.338 83.852 80.467 94.221 88.872 78.334 65.769 80.316 64.626 57.314 52.841 48.955 40.160 43.588 36.717 -999.250 -999.250 -999.250 -999.250 -999.250 -999.250 -999.250 -999.250 -999.250 -999.250 -999.250 -999.250 -999.250 -999.250 -999.250 -999.250 -999.250 -999.250 -999.250 -999.250 -999.250 -999.250 -999.250 -999.250 -999.250 -999.250 -999.250 -999.250 -999.250 -999.250 -999.250
119.351 121.275 138.456 135.630 126.382 131.391 120.770 108.474 92.077 70.360 57.745 41.465 38.965 47.501 53.789 61.401 76.144 86.768 89.798 90.814 86.400 96.049 81.112 89.540 84.931 77.350 75.587 68.317 70.314 64.121 54.734 56.625 47.261 50.598 53.046 48.248 -999.250 -999.250 -999.250 -999.250 -999.250 -999.250 -999.250 -999.250 -999.250 -999.250 -999.250 -999.250 -999.250 -999.250 -999.250 -999.250 -999.250 -999.250 -999.250 -999.250 -999.250 -999.250 -999.250 -999.250 -999.250 -999.250 -999.250 -999.250 -999.250 -999.250
92.265 100.041 114.764 122.209 125.990 129.872 107.859 95.729 73.409 59.934 49.642 40.627 35.025 38.732 51.067 52.637 61.839 81.534 88.512 89.452 98.736 93.933 77.393 85.804 86.757 71.029 80.345 76.257 66.823 58.314 61.607 61.581 52.653 56.614 53.988 55.561 50.610 -999.250 -999.250 -999.250 -999.250 -999.250 -999.250 -999.250 -999.250 -999.250 -999.250 -999.250 -999.250 -999.250 -999.250 -999.250 -999.250 -999.250 -999.250 -999.250 -999.250 -999.250 -999.250 -999.250 -999.250 -999.250 -999.250 -999.250 -999.250 -999.250
60.424 92.699 110.732 132.967 134.125 146.272 120.099 98.451 69.065 51.954 41.052 39.710 37.819 45.697 49.691 52.911 59.459 81.144 75.735 78.333 88.029 96.813 88.838 84.529 74.917 83.572 71.596 77.673 80.098 65.615 61.278 68.403 61.674 60.009 62.755 58.128 56.481 -999.250 -999.250 -999.250 -999.250 -999.250 -999.250 -999.250 -999.250 -999.250 -999.250 -999.250 -999.250 -999.250 -999.250 -999.250 -999.250 -999.250 -999.250 -999.250 -999.250 -999.250 -999.250 -999.250 -999.250 -999.250 -999.250 -999.250 -999.250 -999.250
57.576 90.219 105.399 147.086 148.291 145.844 127.157 106.518 70.564 36.298 39.397 40.361 39.463 41.479 52.028 62.075 64.671 62.399 64.483 75.813 74.814 73.408 83.383 89.265 86.068 78.993 86.565 83.242 72.425 69.370 68.145 72.839 63.960 66.052 60.844 57.829 55.573 -999.250 -999.250 -999.250 -999.250 -999.250 -999.250 -999.250 -999.250 -999.250 -999.250 -999.250 -999.250 -999.250 -999.250 -999.250 -999.250 -999.250 -999.250 -999.250 -999.250 -999.250 -999.250 -999.250 -999.250 -999.250 -999.250 -999.250 -999.250 -999.250
60.613 98.503 128.656 159.375 189.267 159.369 149.453 117.724 82.051 57.410 49.042 44.625 41.079 38.276 51.196 55.515 68.137 61.989 57.109 75.784 67.025 72.922 74.543 86.555 94.844 70.349 76.469 73.800 79.247 75.585 73.009 73.809 63.518 65.427 57.077 49.423 51.887 40.115 -999.250 -999.250 -999.250 -999.250 -999.250 -999.250 -999.250 26.062 -999.250 -999.250 -999.250 -999.250 -999.250 -999.250 -999.250 -999.250 -999.250 -999.250 -999.250 -999.250 -999.250 -999.250 -999.250 -999.250 -999.250 -999.250 -999.250 -999.250
86.649 128.734 169.207 183.563 205.875 180.879 163.526 139.010 105.674 68.836 58.653 54.239 49.034 54.330 48.568 55.254 58.832 67.189 67.896 66.438 55.860 64.031 63.165 69.554 72.378 69.456 75.786 70.927 78.370 76.985 69.178 67.039 71.765 71.776 61.256 62.093 50.053 42.459 35.396 -999.250 -999.250 -999.250 25.830 22.302 33.082 29.084 -999.250 -999.250 -999.250 -999.250 -999.250 -999.250 -999.250 -999.250 -999.250 -999.250 -999.250 -999.250 -999.250 -999.250 -999.250 -999.250 -999.250 -999.250 -999.250 -999.250
110.105 138.929 185.696 203.501 217.628 201.466 178.015 163.099 141.219 95.895 71.897 62.067 55.109 51.732 59.429 50.380 59.847 64.846 69.408 66.276 54.096 61.263 61.251 62.782 71.748 63.150 62.801 65.759 66.255 67.846 70.765 74.728 72.723 67.969 59.921 66.250 51.154 40.321 36.915 -999.250 22.612 16.194 16.886 22.305 32.822 -999.250 -999.250 -999.250 -999.250 -999.250 -999.250 -999.250 -999.250 -999.250 -999.250 -999.250 -999.250 -999.250 -999.250 -999.250 -999.250 -999.250 -999.250 -999.250 -999.250 -999.250
124.090 164.027 190.863 198.867 215.060 196.305 190.792 186.778 148.983 106.530 100.102 82.118 68.698 63.161 56.730 48.431 57.849 61.855 62.775 64.955 63.694 60.744 56.805 60.668 63.506 61.664 55.578 60.762 74.698 71.316 71.471 75.570 67.225 77.294 58.457 61.222 53.977 44.148 31.812 23.332 22.884 0.000 18.924 24.618 29.738 -999.250 -999.250 -999.250 -999.250 -999.250 -999.250 -999.250 -999.250 -999.250 -999.250 -999.250 -999.250 -999.250 -999.250 -999.250 -999.250 -999.250 -999.250 -999.250 -999.250 -999.250
147.436 178.674 200.909 219.824 208.513 204.098 173.291 161.340 144.878 125.326 105.633 90.928 84.469 67.883 69.648 63.646 58.197 60.979 64.197 68.611 72.543 65.149 61.402 54.507 64.693 56.512 43.738 60.081 78.387 73.843 65.227 70.957 67.854 71.646 72.062 62.426 45.541 42.811 37.254 36.878 26.183 21.764 21.676 29.901 31.345 -999.250 -999.250 -999.250 -999.250 -999.250 -999.250 -999.250 -999.250 -999.250 -999.250 -999.250 -999.250 -999.250 -999.250 -999.250 -999.250 -999.250 -999.250 -999.250 -999.250 -999.250
169.744 182.278 198.879 224.726 212.097 206.259 175.397 194.741 158.358 132.834 124.981 91.778 85.591 94.263 70.422 66.094 66.136 62.595 60.152 67.112 66.599 66.149 63.530 56.687 54.833 56.586 63.371 59.552 67.248 73.185 71.132 68.428 66.346 63.659 69.896 53.083 46.227 47.012 44.943 37.951 30.940 24.968 26.302 26.464 33.017 -999.250 -999.250 -999.250 -999.250 -999.250 -999.250 -999.250 -999.250 -999.250 -999.250 -999.250 -999.250 -999.250 -999.250 -999.250 -999.250 -999.250 -999.250 -999.250 -999.250 -999.250
177.174 196.746 211.016 221.830 229.886 202.590 199.036 184.777 163.575 138.119 119.928 112.717 94.375 87.593 83.455 70.272 70.962 68.427 67.611 63.125 69.916 74.139 56.548 58.300 53.886 60.024 59.378 64.580 66.310 67.664 76.989 69.994 67.086 70.255 66.983 66.970 58.964 55.836 50.202 43.638 33.167 28.608 29.609 31.321 -999.250 -999.250 -999.250 -999.250 -999.250 -999.250 -999.250 -999.250 -999.250 -999.250 -999.250 -999.250 -999.250 -999.250 -999.250 -999.250 -999.250 -999.250 -999.250 -999.250 -999.250 -999.250
202.930 220.861 226.456 237.710 217.637 209.994 191.699 190.986 169.545 135.122 150.593 119.832 98.021 83.168 76.183 81.231 80.273 76.606 73.572 67.374 74.449 70.303 70.315 66.830 61.328 65.904 58.333 61.135 67.572 80.554 71.086 78.519 70.875 72.537 69.611 63.934 64.031 57.621 58.383 56.027 44.780 34.898 40.271 36.721 -999.250 -999.250 -999.250 -999.250 -999.250 -999.250 -999.250 -999.250 -999.250 -999.250 -999.250 -999.250 -999.250 -999.250 -999.250 -999.250 -999.250 -999.250 -999.250 -999.250 -999.250 -999.250
193.472 213.620 236.680 222.064 215.139 204.032 206.530 189.404 167.563 142.275 139.802 134.079 100.735 92.218 85.342 93.244 101.766 94.390 83.921 79.184 80.084 75.261 73.989 83.381 74.753 66.591 65.442 76.496 73.969 74.284 69.970 86.015 79.724 69.840 60.394 63.875 64.472 55.719 60.971 58.150 51.592 50.611 42.363 35.121 -999.250 -999.250 -999.250 -999.250 -999.250 -999.250 -999.250 -999.250 -999.250 -999.250 -999.250 -999.250 -999.250 -999.250 -999.250 -999.250 -999.250 -999.250 -999.250 -999.250 -999.250 -999.250
183.629 212.682 224.744 229.192 238.166 214.141 192.309 187.205 191.203 170.174 137.863 132.695 114.269 106.063 110.918 110.811 112.311 98.406 98.612 88.627 84.644 81.724 87.457 84.650 82.384 75.543 77.848 77.131 83.591 86.633 86.908 86.582 78.918 70.021 84.355 70.331 57.418 60.198 62.259 63.910 51.141 57.702 44.987 -999.250 -999.250 -999.250 -999.250 -999.250 -999.250 -999.250 -999.250 -999.250 -999.250 -999.250 -999.250 -999.250 -999.250 -999.250 -999.250 -999.250 -999.250 -999.250 -999.250 -999.250 -999.250 -999.250
168.941 197.704 219.581 227.661 234.790 218.391 225.799 199.200 179.247 177.080 134.486 135.907 107.419 129.108 108.632 108.675 118.371 96.470 93.554 93.512 85.906 83.946 78.397 84.824 94.260 80.428 71.912 78.964 72.733 89.403 92.703 73.679 77.725 74.519 68.736 70.001 70.193 57.404 -999.250 -999.250 57.148 58.015 50.327 -999.250 -999.250 -999.250 -999.250 -999.250 -999.250 -999.250 -999.250 -999.250 -999.250 -999.250 -999.250 -999.250 -999.250 -999.250 -999.250 -999.250 -999.250 -999.250 -999.250 -999.250 -999.250 -999.250
169.396 185.813 203.067 210.987 235.266 230.402 201.388 196.062 177.996 183.603 164.308 144.014 147.892 113.818 134.576 119.379 122.591 103.364 111.892 96.538 102.185 85.530 85.528 84.090 108.385 105.226 98.021 99.113 79.958 93.543 92.660 76.811 83.907 77.646 61.092 68.071 68.006 58.309 -999.250 -999.250 -999.250 -999.250 -999.250 -999.250 -999.250 -999.250 -999.250 -999.250 -999.250 -999.250 -999.250 -999.250 -999.250 -999.250 -999.250 -999.250 -999.250 -999.250 -999.250 -999.250 -999.250 -999.250 -999.250 -999.250 -999.250 -999.250
149.159 158.000 178.731 193.775 233.232 213.852 198.811 220.868 199.666 171.690 150.831 132.663 145.662 123.250 109.757 119.286 115.014 114.385 104.803 112.210 105.830 103.537 96.124 109.471 101.305 95.733 105.900 113.403 102.785 107.208 106.381 100.327 102.111 79.901 -999.250 -999.250 65.043 -999.250 -999.250 -999.250 -999.250 -999.250 -999.250 -999.250 -999.250 -999.250 -999.250 -999.250 -999.250 -999.250 -999.250 -999.250 -999.250 -999.250 -999.250 -999.250 -999.250 -999.250 -999.250 -999.250 -999.250 -999.250 -999.250 -999.250 -999.250 -999.250
128.438 139.211 180.854 195.830 209.740 222.666 206.142 187.056 210.680 168.654 159.868 145.373 143.226 128.165 113.951 128.475 130.149 109.902 108.752 106.042 111.033 113.256 120.239 108.514 125.649 116.748 90.967 102.471 107.733 91.702 104.703 103.394 -999.250 -999.250 -999.250 -999.250 -999.250 -999.250 -999.250 -999.250 -999.250 -999.250 -999.250 -999.250 -999.250 -999.250 -999.250 -999.250 -999.250 -999.250 -999.250 -999.250 -999.250 -999.250 -999.250 -999.250 -999.250 -999.250 -999.250 -999.250 -999.250 -999.250 -999.250 -999.250 -999.250 -999.250
