data/medianmodel_30-Nov-2020.asc
ncols	141
nrows	288
xllcorner	-120191.398
yllcorner	-301404.813
cellsize	2000.000
NODATA_value	-999.250
[rows 174 to 202 of 288, columns 0 to 63 of 141]
-999.250 -999.250 -999.250 -999.250 426.335 431.164 453.669 422.746 436.633 482.650 476.807 462.778 484.975 441.982 413.434 370.871 366.498 355.967 315.712 259.538 325.035 373.954 379.575 429.070 450.211 441.187 470.078 455.116 449.773 445.350 410.645 400.352 356.954 342.099 315.927 289.442 271.794 279.686 282.164 306.981 315.113 283.183 281.660 319.072 316.969 280.785 314.744 313.308 273.742 277.523 250.867 250.826 241.643 218.241 184.894 195.051 185.877 177.070 185.223 162.976 166.054 167.682 159.619 155.400
-999.250 -999.250 -999.250 -999.250 393.646 420.028 434.342 424.837 452.649 460.279 461.301 461.147 450.409 426.637 433.350 404.718 346.992 350.761 320.341 313.589 345.268 382.810 390.845 441.828 430.922 443.222 452.569 467.610 459.254 419.067 376.602 380.452 363.064 341.618 332.692 304.546 281.834 302.699 286.837 279.312 296.067 296.305 279.626 286.749 280.414 294.181 302.873 287.545 283.912 286.508 281.212 255.847 237.457 207.894 197.584 205.127 196.934 200.058 189.596 177.779 171.034 169.583 173.974 175.589
-999.250 -999.250 -999.250 -999.250 438.245 460.475 437.927 419.732 442.271 462.878 479.309 478.480 444.822 439.966 436.492 410.359 384.739 389.591 359.793 381.188 369.996 384.726 412.551 425.825 441.760 430.603 417.799 425.300 396.461 369.567 352.773 343.933 370.470 332.990 327.696 290.709 279.415 281.823 281.465 308.515 302.530 300.888 288.402 269.017 294.144 310.226 313.904 287.443 292.405 292.656 283.184 257.877 235.772 220.460 213.846 214.053 212.036 193.330 198.723 189.937 183.733 184.935 191.777 181.801
-999.250 -999.250 -999.250 -999.250 443.029 465.405 472.825 472.878 464.924 442.886 484.474 475.189 473.800 474.537 456.634 441.192 404.627 410.940 418.045 434.079 450.906 444.998 440.498 432.097 406.428 425.214 405.411 391.705 406.899 354.309 358.548 352.447 352.504 335.816 299.217 284.319 286.899 277.659 274.410 266.966 282.430 289.956 302.185 290.223 308.578 312.770 308.545 293.447 313.862 292.394 282.345 260.666 233.900 233.041 238.498 228.353 228.724 209.866 222.342 204.243 208.627 199.943 201.407 180.466
-999.250 -999.250 -999.250 -999.250 464.578 463.685 477.392 474.686 470.998 476.375 491.780 487.055 488.913 483.469 475.017 460.037 446.090 462.246 458.651 481.868 481.677 477.059 461.878 441.262 403.104 381.364 376.474 380.078 371.846 329.029 319.815 312.725 310.684 308.971 284.353 273.677 284.253 280.727 274.541 276.832 277.120 277.426 291.886 298.202 311.521 325.873 318.780 306.785 293.062 285.235 278.219 270.521 245.873 266.255 265.430 245.713 228.107 235.707 241.584 253.824 243.954 208.886 200.131 197.417
-999.250 -999.250 -999.250 479.924 452.524 488.815 520.615 507.317 486.951 484.739 491.714 501.892 506.862 528.198 512.373 513.043 502.454 484.079 478.150 491.512 505.787 481.374 471.398 435.335 423.506 394.789 370.696 374.106 343.043 312.453 296.482 295.386 300.547 279.277 268.763 256.246 265.734 271.538 272.386 284.572 260.954 287.702 293.184 306.310 305.224 320.329 330.685 302.244 312.992 292.788 276.368 276.461 258.657 284.919 270.627 247.328 255.258 260.432 246.330 258.605 247.489 243.942 223.975 231.252
-999.250 -999.250 -999.250 455.957 484.261 491.035 502.897 509.505 496.695 525.797 497.846 502.207 542.611 546.526 534.076 524.033 536.532 528.057 493.437 511.841 514.069 492.998 471.474 440.720 442.165 431.879 376.272 342.321 338.377 288.412 251.096 285.899 275.213 270.810 254.468 257.771 257.252 260.184 248.288 267.915 258.735 281.427 279.030 305.823 284.804 305.049 325.092 293.846 312.087 322.715 311.148 300.509 286.055 297.288 316.744 259.340 271.887 279.583 271.175 285.405 272.715 286.019 262.174 253.878
-999.250 -999.250 -999.250 485.368 487.606 512.531 536.736 520.819 541.780 481.549 516.157 520.274 532.771 562.503 526.882 523.345 535.641 527.268 514.800 520.936 527.467 477.972 472.477 430.173 428.091 397.165 341.880 315.750 291.963 261.322 263.937 260.375 254.194 244.428 241.733 243.963 232.087 250.898 268.497 252.296 278.801 278.366 271.190 286.893 310.715 298.052 305.139 316.070 324.081 315.311 327.018 324.412 315.647 326.064 317.833 311.965 297.308 308.039 307.774 302.064 302.732 290.236 276.617 281.472
-999.250 -999.250 501.633 524.507 492.558 503.214 522.963 539.341 521.083 510.358 497.757 491.425 541.793 552.297 534.704 526.939 544.086 576.040 537.078 506.211 506.678 501.259 452.026 447.939 405.818 389.686 342.071 309.050 256.228 229.653 220.366 221.795 234.705 232.944 250.246 240.564 248.363 244.434 246.006 252.694 252.709 271.678 253.649 280.245 273.614 273.898 273.584 295.925 295.568 306.888 327.336 310.900 338.653 320.451 331.078 344.068 346.657 337.450 338.155 337.644 332.908 311.801 311.380 314.467
-999.250 -999.250 510.618 493.759 513.438 524.884 510.348 520.641 556.258 511.946 515.748 508.104 523.011 537.848 556.868 543.011 530.632 540.558 523.090 533.709 -999.250 494.469 484.740 443.315 414.832 389.235 352.048 307.751 257.806 186.262 206.555 222.137 223.310 228.684 231.986 250.002 254.535 255.587 271.803 230.455 231.997 242.903 247.624 250.385 267.882 250.483 279.427 285.128 288.520 288.651 318.195 329.967 325.761 333.305 337.833 370.942 361.275 351.918 369.320 341.193 320.205 335.182 327.576 281.699
-999.250 474.000 480.736 510.770 517.676 519.171 499.088 508.011 528.592 521.991 502.857 520.595 506.022 511.358 511.115 511.525 556.421 572.102 547.790 -999.250 -999.250 505.937 497.776 433.205 410.656 401.347 351.768 323.360 268.738 227.282 218.252 215.044 230.548 207.449 223.263 228.506 236.615 246.242 246.551 255.804 240.844 234.145 267.361 242.331 246.649 254.739 259.492 269.470 263.991 276.922 303.581 347.234 336.895 360.253 357.875 368.004 351.656 376.411 374.620 381.167 352.322 359.671 323.553 322.864
-999.250 482.193 504.090 498.972 520.139 492.939 505.139 514.012 517.747 555.025 508.449 505.702 506.675 480.627 458.665 505.003 535.020 539.134 -999.250 -999.250 -999.250 -999.250 469.804 454.211 424.336 413.398 372.502 345.216 300.300 271.555 234.274 212.684 219.959 243.262 244.990 241.398 236.466 264.502 237.786 249.264 247.062 228.667 243.499 243.070 215.417 241.970 244.532 272.400 267.535 283.270 317.158 335.710 364.653 389.719 347.517 371.178 363.553 383.187 414.786 406.682 376.224 379.870 363.387 333.732
518.241 499.738 495.019 498.765 507.941 532.102 514.971 520.661 527.711 508.940 499.646 513.423 502.257 489.705 494.021 514.361 576.127 569.757 -999.250 -999.250 -999.250 -999.250 -999.250 467.630 438.243 414.435 372.985 348.314 331.601 277.320 259.541 245.856 258.505 265.925 268.996 254.731 260.785 255.445 241.774 242.342 218.030 215.528 210.534 203.483 198.291 215.835 232.779 240.127 260.000 295.326 315.047 325.748 352.364 373.448 375.293 393.566 405.173 376.558 381.188 422.326 387.644 373.222 352.353 342.386
-999.250 485.509 487.851 487.716 515.890 512.006 508.800 506.225 524.016 490.484 487.706 499.293 489.392 487.524 530.327 554.947 550.083 541.858 -999.250 -999.250 -999.250 -999.250 487.358 469.200 456.475 395.172 403.284 358.644 330.997 300.779 272.563 282.597 257.074 272.752 271.956 266.808 256.090 248.471 238.361 217.545 210.535 207.792 200.661 194.697 206.440 193.041 213.858 215.068 221.034 271.350 315.484 327.266 354.218 360.450 371.169 384.328 411.718 413.360 436.503 426.620 408.641 408.575 379.389 329.609
-999.250 483.164 486.002 494.951 491.905 499.704 485.348 496.399 494.758 469.867 467.636 479.616 497.421 504.824 552.936 602.534 599.653 582.685 -999.250 -999.250 -999.250 514.755 -999.250 466.154 444.402 422.703 400.636 378.582 351.043 322.488 283.330 273.380 282.820 280.274 267.653 265.225 249.053 235.519 239.198 215.489 194.869 211.771 201.096 186.354 196.177 201.892 202.852 205.908 242.616 285.708 305.430 324.858 355.605 373.968 378.899 416.585 427.973 431.049 443.728 430.865 424.083 420.541 390.333 352.926
-999.250 485.717 492.713 484.553 486.633 478.730 483.939 481.345 473.378 465.192 431.961 448.505 498.978 514.600 573.947 600.506 610.158 -999.250 -999.250 -999.250 -999.250 471.151 447.846 451.498 423.297 413.192 419.484 370.426 353.695 332.253 328.069 296.630 297.782 288.410 267.242 262.968 259.006 235.196 238.655 221.644 202.541 187.044 183.918 165.835 164.994 179.891 184.597 204.968 251.440 276.055 326.821 343.019 372.875 370.632 403.180 423.267 416.907 431.235 425.081 455.728 431.059 432.798 428.490 406.377
-999.250 446.541 467.804 463.466 487.480 481.018 483.861 471.194 465.826 442.769 418.830 392.316 472.880 505.010 562.205 601.269 567.987 -999.250 -999.250 -999.250 492.145 452.484 395.737 436.905 426.091 402.783 422.275 376.125 353.768 349.357 342.116 308.497 313.608 288.627 304.539 286.178 275.800 262.502 234.237 217.738 213.129 199.454 176.752 154.289 139.386 131.186 153.706 193.443 230.181 295.854 327.787 343.699 372.709 379.810 427.019 420.710 446.514 448.826 460.769 431.215 442.474 437.409 424.231 412.079
-999.250 -999.250 -999.250 469.733 -999.250 -999.250 442.518 472.960 461.737 -999.250 -999.250 -999.250 463.806 521.809 -999.250 -999.250 -999.250 -999.250 -999.250 -999.250 493.351 478.832 447.735 426.862 408.813 393.171 383.597 368.682 359.679 331.162 353.520 342.575 317.620 311.020 317.731 308.527 259.449 235.194 238.017 215.790 220.392 180.030 157.876 136.955 120.091 99.290 128.174 172.743 213.845 280.447 322.470 359.482 368.985 408.055 392.610 405.470 449.664 456.635 471.474 460.146 443.667 436.116 436.913 428.403
-999.250 -999.250 -999.250 -999.250 -999.250 -999.250 -999.250 -999.250 -999.250 -999.250 -999.250 -999.250 -999.250 542.763 558.693 615.323 -999.250 -999.250 -999.250 499.635 486.845 463.014 452.024 432.047 395.842 388.348 360.233 371.485 371.383 365.771 359.226 346.920 330.323 324.532 317.237 303.353 265.936 248.448 252.217 218.472 226.028 190.596 166.390 133.941 103.397 44.425 109.050 163.574 218.273 264.034 312.128 347.686 378.551 407.907 426.059 418.199 460.348 452.005 456.072 440.659 452.152 438.315 423.855 444.031
-999.250 -999.250 -999.250 -999.250 -999.250 -999.250 -999.250 -999.250 -999.250 -999.250 -999.250 480.200 494.697 558.502 569.944 588.030 -999.250 -999.250 526.137 500.353 473.022 455.245 423.055 407.707 380.671 365.326 357.397 358.974 372.801 366.043 376.203 350.701 360.078 338.563 312.858 292.992 292.167 256.309 253.007 220.311 208.794 189.873 167.662 160.157 122.118 104.149 126.207 174.946 219.915 282.635 302.792 377.281 380.343 413.921 441.077 458.183 434.588 468.683 442.240 456.694 436.765 430.697 443.908 468.190
-999.250 -999.250 -999.250 -999.250 -999.250 -999.250 -999.250 -999.250 -999.250 -999.250 -999.250 486.291 489.237 522.745 538.065 559.006 546.724 521.442 499.771 484.012 468.277 425.420 420.863 404.388 391.347 375.480 331.420 362.962 380.805 384.279 370.393 391.765 353.772 343.767 332.777 343.365 308.535 284.221 247.713 225.731 203.452 191.956 178.115 168.390 149.210 143.753 151.338 191.316 235.304 272.680 316.345 352.807 382.809 413.156 434.680 461.255 466.170 453.762 460.339 453.019 452.679 457.983 468.553 483.802
-999.250 -999.250 -999.250 -999.250 -999.250 -999.250 -999.250 -999.250 -999.250 -999.250 -999.250 -999.250 503.045 492.653 518.328 503.547 493.586 493.062 485.703 483.264 452.823 441.035 431.396 422.522 382.064 391.873 386.792 414.261 410.119 399.432 390.554 382.444 370.323 357.677 344.823 354.596 315.082 292.308 259.281 229.553 229.729 206.948 180.672 180.403 176.992 174.521 188.084 195.871 249.880 278.410 321.344 340.422 378.260 419.042 442.658 464.188 468.560 468.799 471.421 477.624 466.161 465.380 458.712 469.625
-999.250 -999.250 -999.250 -999.250 -999.250 -999.250 -999.250 -999.250 -999.250 -999.250 -999.250 -999.250 -999.250 506.272 476.307 474.679 486.350 473.407 479.707 466.051 473.372 470.040 443.469 461.403 436.863 415.693 432.635 441.188 458.048 432.267 421.456 448.468 404.284 397.683 366.844 389.318 338.870 299.122 306.514 273.515 238.035 234.873 207.524 205.629 202.835 190.193 185.046 206.870 256.660 308.685 338.846 368.714 397.763 420.889 436.226 449.425 467.240 452.505 473.125 504.834 485.272 485.711 490.616 494.349
-999.250 -999.250 -999.250 -999.250 -999.250 -999.250 -999.250 -999.250 -999.250 -999.250 -999.250 -999.250 -999.250 462.298 469.332 455.288 448.671 445.568 442.605 468.883 471.979 460.032 474.708 470.113 453.096 427.310 439.852 450.759 457.547 454.720 445.337 434.358 429.858 418.178 403.854 407.841 349.022 338.783 277.202 278.008 257.389 238.543 220.861 215.784 212.343 205.281 215.443 241.110 283.319 327.877 347.630 356.862 395.516 424.355 450.225 433.165 443.634 474.800 461.140 484.365 482.927 484.444 487.055 481.130
-999.250 -999.250 -999.250 -999.250 -999.250 -999.250 -999.250 -999.250 -999.250 -999.250 -999.250 -999.250 -999.250 458.793 459.422 457.294 422.409 417.099 409.087 426.890 446.123 440.813 453.130 454.959 445.215 475.126 470.489 466.628 472.463 469.607 452.266 453.383 436.313 425.410 390.099 416.625 362.698 350.865 310.428 279.368 279.808 267.158 238.035 243.362 234.079 231.863 252.716 260.249 289.157 330.198 351.433 367.175 360.633 399.855 439.208 437.638 430.822 456.569 470.540 477.571 495.030 477.096 500.311 478.804
-999.250 -999.250 -999.250 -999.250 -999.250 -999.250 -999.250 -999.250 -999.250 -999.250 -999.250 -999.250 -999.250 -999.250 420.620 428.352 416.171 395.706 358.672 404.708 459.798 447.644 450.009 463.058 465.699 451.947 492.209 464.653 484.748 475.626 479.239 471.193 450.543 428.225 428.483 404.605 382.399 352.561 315.774 292.435 273.108 254.438 272.269 273.347 255.920 246.952 260.293 271.287 274.236 302.388 354.288 352.136 377.371 415.514 425.394 464.104 453.859 453.577 470.176 483.610 458.960 478.900 486.578 479.225
-999.250 -999.250 -999.250 -999.250 -999.250 -999.250 -999.250 -999.250 -999.250 -999.250 -999.250 -999.250 -999.250 -999.250 402.225 396.165 410.047 399.724 403.885 406.192 437.706 451.540 437.592 485.942 471.230 498.785 497.824 497.340 504.664 506.413 474.006 478.691 483.748 483.361 417.958 410.167 384.558 363.986 321.795 307.201 272.118 252.466 262.317 268.909 279.925 274.044 265.637 320.931 317.225 329.569 321.057 357.123 377.435 393.671 419.389 416.239 444.052 439.300 433.593 444.993 460.467 444.174 506.168 494.891
-999.250 -999.250 -999.250 -999.250 -999.250 -999.250 -999.250 -999.250 -999.250 -999.250 -999.250 -999.250 -999.250 -999.250 437.638 417.716 403.439 432.610 448.929 432.191 458.209 459.621 447.937 479.614 482.875 517.567 482.778 496.411 501.159 503.434 516.366 511.455 483.336 476.474 464.928 423.304 369.583 374.484 332.894 305.106 300.056 299.645 261.259 276.372 274.242 268.571 275.771 288.863 303.653 344.685 334.552 373.863 366.518 394.414 392.440 397.201 408.767 438.390 433.744 444.237 447.747 438.250 466.672 468.307
-999.250 -999.250 -999.250 -999.250 -999.250 -999.250 -999.250 -999.250 -999.250 -999.250 -999.250 -999.250 -999.250 -999.250 434.540 425.951 441.737 426.090 413.102 442.136 459.657 471.794 472.985 483.020 450.646 -999.250 518.462 508.080 498.800 493.903 496.439 500.372 501.962 485.096 464.457 416.007 391.448 366.731 349.334 333.784 329.165 316.056 292.380 290.525 276.886 298.907 297.504 332.734 322.793 345.860 359.133 361.819 367.664 361.111 402.632 385.108 404.731 428.545 460.297 407.511 439.215 441.138 437.016 438.146
