data/medianmodel_04-Apr-2020.asc
ncols	141
nrows	288
xllcorner	-120191.398
yllcorner	-301404.813
cellsize	2000.000
NODATA_value	-999.250
[rows 240 to 269 of 288, columns 0 to 67 of 141]
-999.250 -999.250 -999.250 -999.250 -999.250 -999.250 -999.250 -999.250 -999.250 -999.250 -999.250 -999.250 -999.250 -999.250 -999.250 -999.250 -999.250 -999.250 -999.250 -999.250 -999.250 -999.250 -999.250 -999.250 -999.250 -999.250 -999.250 -999.250 -999.250 -999.250 15.362 16.761 19.956 19.031 18.728 20.262 22.533 22.571 23.544 22.481 19.179 19.333 18.677 21.867 17.740 21.241 25.296 19.927 18.766 22.980 22.698 17.230 15.900 13.394 13.931 9.337 9.927 11.491 11.971 8.583 8.145 8.717 11.648 14.248 15.082 16.430 17.116 17.146
-999.250 -999.250 -999.250 -999.250 -999.250 -999.250 -999.250 -999.250 -999.250 -999.250 -999.250 -999.250 -999.250 -999.250 -999.250 -999.250 -999.250 -999.250 -999.250 -999.250 -999.250 -999.250 -999.250 -999.250 -999.250 -999.250 -999.250 -999.250 -999.250 -999.250 17.882 21.828 20.679 20.177 20.258 18.960 19.282 21.917 22.361 21.023 18.447 17.412 22.678 17.944 17.696 20.210 21.237 22.064 20.489 17.640 17.787 19.077 15.252 13.356 12.161 12.151 10.327 9.760 7.769 8.329 7.381 9.718 11.494 12.319 12.979 15.883 17.431 17.538
-999.250 -999.250 -999.250 -999.250 -999.250 -999.250 -999.250 -999.250 -999.250 -999.250 -999.250 -999.250 -999.250 -999.250 -999.250 -999.250 -999.250 -999.250 -999.250 -999.250 -999.250 -999.250 -999.250 -999.250 -999.250 -999.250 -999.250 -999.250 -999.250 -999.250 17.783 17.709 20.305 20.920 21.953 20.452 22.002 21.286 21.813 20.998 19.323 18.207 16.539 17.918 19.923 19.139 22.081 19.161 18.812 15.709 16.830 15.425 12.973 10.889 12.466 9.849 9.843 8.465 8.782 8.128 8.234 9.390 11.434 14.859 15.122 16.385 16.528 14.638
-999.250 -999.250 -999.250 -999.250 -999.250 -999.250 -999.250 -999.250 -999.250 -999.250 -999.250 -999.250 -999.250 -999.250 -999.250 -999.250 -999.250 -999.250 -999.250 -999.250 -999.250 -999.250 -999.250 -999.250 -999.250 -999.250 -999.250 -999.250 -999.250 -999.250 15.618 16.321 18.182 19.345 19.024 20.026 20.234 23.116 21.032 19.453 18.528 17.504 16.968 16.660 18.351 15.844 20.933 20.835 18.540 18.264 15.881 14.190 12.161 13.015 9.278 9.046 8.136 7.137 7.963 8.285 6.638 8.075 7.576 12.386 17.894 17.205 17.284 19.612
-999.250 -999.250 -999.250 -999.250 -999.250 -999.250 -999.250 -999.250 -999.250 -999.250 -999.250 -999.250 -999.250 -999.250 -999.250 -999.250 -999.250 -999.250 -999.250 -999.250 -999.250 -999.250 -999.250 -999.250 -999.250 -999.250 -999.250 -999.250 -999.250 -999.250 16.706 17.764 21.455 19.449 20.507 19.133 19.560 20.414 18.113 21.111 17.643 14.585 16.355 17.420 12.440 16.027 16.073 17.118 18.156 15.059 14.904 12.232 12.140 10.243 8.559 7.706 9.439 7.161 8.502 8.145 7.478 2.468 8.134 14.501 14.992 17.202 16.952 12.917
-999.250 -999.250 -999.250 -999.250 -999.250 -999.250 -999.250 -999.250 -999.250 -999.250 -999.250 -999.250 -999.250 -999.250 -999.250 -999.250 -999.250 -999.250 -999.250 -999.250 -999.250 -999.250 -999.250 -999.250 -999.250 -999.250 -999.250 -999.250 -999.250 -999.250 -999.250 15.823 19.735 19.256 17.126 20.662 20.091 17.759 18.860 22.480 19.621 18.916 17.139 16.397 12.993 16.060 16.670 15.584 15.746 14.038 12.071 11.353 11.193 7.548 7.640 7.958 5.894 6.444 7.137 6.939 3.339 0.000 5.592 12.362 14.857 17.174 16.989 15.965
-999.250 -999.250 -999.250 -999.250 -999.250 -999.250 -999.250 -999.250 -999.250 -999.250 -999.250 -999.250 -999.250 -999.250 -999.250 -999.250 -999.250 -999.250 -999.250 -999.250 -999.250 -999.250 -999.250 -999.250 -999.250 -999.250 -999.250 -999.250 -999.250 -999.250 -999.250 14.592 18.496 21.130 19.737 17.700 16.913 16.686 19.301 21.581 19.106 18.952 17.542 16.513 13.993 15.277 16.999 15.849 14.922 14.312 12.582 13.112 9.626 6.736 6.403 6.572 4.900 7.508 8.829 7.507 5.238 7.296 9.016 11.418 14.981 15.728 17.512 19.263
-999.250 -999.250 -999.250 -999.250 -999.250 -999.250 -999.250 -999.250 -999.250 -999.250 -999.250 -999.250 -999.250 -999.250 -999.250 -999.250 -999.250 -999.250 -999.250 -999.250 -999.250 -999.250 -999.250 -999.250 -999.250 -999.250 -999.250 -999.250 -999.250 -999.250 14.843 17.959 17.717 17.244 18.498 17.563 16.284 20.040 21.959 19.884 20.248 19.604 18.547 17.323 14.132 15.119 15.572 15.610 13.894 11.572 12.050 14.668 7.985 5.329 6.405 6.726 5.475 8.885 6.417 6.433 8.416 9.867 10.867 13.709 15.568 16.068 16.313 17.310
-999.250 -999.250 -999.250 -999.250 -999.250 -999.250 -999.250 -999.250 -999.250 -999.250 -999.250 -999.250 -999.250 -999.250 -999.250 -999.250 -999.250 -999.250 -999.250 -999.250 -999.250 -999.250 -999.250 -999.250 -999.250 -999.250 -999.250 -999.250 -999.250 -999.250 14.059 17.745 20.614 20.111 20.250 19.298 19.416 19.069 18.242 20.571 16.820 18.911 19.840 17.190 19.739 17.341 16.019 14.432 16.378 11.679 10.908 10.484 9.338 7.760 5.632 0.965 3.092 5.773 8.708 8.147 7.869 11.431 11.716 13.001 12.926 15.013 19.696 17.246
-999.250 -999.250 -999.250 -999.250 -999.250 -999.250 -999.250 -999.250 -999.250 -999.250 -999.250 -999.250 -999.250 -999.250 -999.250 -999.250 -999.250 -999.250 -999.250 -999.250 -999.250 -999.250 -999.250 -999.250 -999.250 -999.250 -999.250 -999.250 -999.250 -999.250 19.073 18.460 19.885 17.711 24.113 20.769 20.112 17.706 17.022 14.970 15.555 17.202 17.962 18.547 18.403 17.222 17.543 13.817 14.929 15.564 11.988 10.375 9.979 9.746 4.157 0.000 4.690 7.366 7.339 10.813 12.177 13.358 11.509 14.627 16.230 15.248 19.370 18.771
-999.250 -999.250 -999.250 -999.250 -999.250 -999.250 -999.250 -999.250 -999.250 -999.250 -999.250 -999.250 -999.250 -999.250 -999.250 -999.250 -999.250 -999.250 -999.250 -999.250 -999.250 -999.250 -999.250 -999.250 -999.250 -999.250 -999.250 -999.250 -999.250 -999.250 19.059 17.948 18.797 18.102 21.172 19.263 16.368 15.570 14.243 9.782 13.261 15.093 17.074 15.797 16.476 13.687 18.032 15.727 14.645 12.986 12.541 13.501 11.564 8.019 7.797 5.364 6.460 9.801 8.611 9.944 13.430 10.616 13.807 17.584 17.213 15.982 17.562 21.030
-999.250 -999.250 -999.250 -999.250 -999.250 -999.250 -999.250 -999.250 -999.250 -999.250 -999.250 -999.250 -999.250 -999.250 -999.250 -999.250 -999.250 -999.250 -999.250 -999.250 -999.250 -999.250 -999.250 -999.250 -999.250 -999.250 -999.250 -999.250 -999.250 -999.250 20.600 17.379 18.160 18.921 21.896 17.739 19.242 16.963 11.777 8.092 9.652 15.480 14.770 14.585 16.545 15.833 15.716 16.857 13.776 13.497 13.639 11.513 11.656 10.804 8.746 7.148 7.316 9.691 11.529 13.340 10.034 11.976 13.284 16.374 17.253 17.936 17.134 20.266
-999.250 -999.250 -999.250 -999.250 -999.250 -999.250 -999.250 -999.250 -999.250 -999.250 -999.250 -999.250 -999.250 -999.250 -999.250 -999.250 -999.250 -999.250 -999.250 -999.250 -999.250 -999.250 -999.250 -999.250 -999.250 -999.250 -999.250 -999.250 -999.250 18.066 16.680 19.819 21.197 17.624 17.115 19.806 19.800 17.602 12.528 14.040 12.589 14.874 13.387 16.349 16.218 17.323 18.389 15.002 13.838 13.512 15.019 12.218 12.518 15.121 12.266 13.508 12.953 11.607 13.187 13.473 14.188 12.243 14.843 17.077 17.948 15.156 19.686 18.154
-999.250 -999.250 -999.250 -999.250 -999.250 -999.250 -999.250 -999.250 -999.250 -999.250 -999.250 -999.250 -999.250 -999.250 -999.250 -999.250 -999.250 -999.250 -999.250 -999.250 -999.250 -999.250 -999.250 -999.250 -999.250 -999.250 -999.250 -999.250 -999.250 -999.250 18.769 20.315 19.996 19.827 20.363 19.598 14.849 16.587 19.107 14.326 13.665 14.711 15.564 16.080 17.319 19.109 18.625 14.211 13.397 17.127 16.748 15.272 15.969 15.401 14.116 13.962 13.313 15.089 15.685 15.234 14.101 14.590 17.052 17.034 15.691 17.889 17.227 16.718
-999.250 -999.250 -999.250 -999.250 -999.250 -999.250 -999.250 -999.250 -999.250 -999.250 -999.250 -999.250 -999.250 -999.250 -999.250 -999.250 -999.250 -999.250 -999.250 -999.250 -999.250 -999.250 -999.250 -999.250 -999.250 -999.250 -999.250 -999.250 -999.250 -999.250 20.052 18.022 20.056 19.310 17.943 17.726 16.864 18.219 18.123 16.341 16.091 16.043 16.070 15.775 15.610 19.296 16.671 19.074 17.189 19.304 16.836 19.122 14.861 17.829 13.875 15.248 14.900 14.685 17.983 17.225 15.137 14.375 17.027 18.491 18.654 16.309 15.618 15.773
-999.250 -999.250 -999.250 -999.250 -999.250 -999.250 -999.250 -999.250 -999.250 -999.250 -999.250 -999.250 -999.250 -999.250 -999.250 -999.250 -999.250 -999.250 -999.250 -999.250 -999.250 -999.250 -999.250 -999.250 -999.250 -999.250 -999.250 -999.250 -999.250 -999.250 -999.250 16.142 19.712 18.322 18.846 16.593 16.513 15.266 16.079 15.546 18.528 16.492 15.923 17.284 14.920 15.230 15.346 16.058 17.045 17.767 17.021 19.174 13.367 13.612 18.701 18.855 17.431 16.704 16.935 19.332 13.747 15.698 16.392 16.740 15.652 13.899 15.235 20.984
-999.250 -999.250 -999.250 -999.250 -999.250 -999.250 -999.250 -999.250 -999.250 -999.250 -999.250 -999.250 -999.250 -999.250 -999.250 -999.250 -999.250 -999.250 -999.250 -999.250 -999.250 -999.250 -999.250 -999.250 -999.250 -999.250 -999.250 -999.250 -999.250 -999.250 -999.250 18.563 17.824 16.187 15.571 16.167 16.915 18.337 16.410 18.477 19.805 18.080 19.160 17.912 14.585 18.510 16.957 17.501 18.047 19.295 17.915 12.831 14.015 13.440 17.001 15.939 14.524 16.800 16.747 17.774 18.542 19.249 19.010 15.950 17.753 17.237 20.761 23.264
-999.250 -999.250 -999.250 -999.250 -999.250 -999.250 -999.250 -999.250 -999.250 -999.250 -999.250 -999.250 -999.250 -999.250 -999.250 -999.250 -999.250 -999.250 -999.250 -999.250 -999.250 -999.250 -999.250 -999.250 -999.250 -999.250 -999.250 -999.250 -999.250 -999.250 16.905 17.933 19.042 18.260 17.183 17.057 18.088 13.484 18.323 18.558 18.994 16.098 16.645 16.207 14.443 19.355 19.108 17.454 19.209 18.953 17.074 17.773 15.985 13.566 13.741 14.701 15.609 15.842 17.020 20.217 19.804 19.010 21.193 17.119 14.870 19.225 20.827 19.486
-999.250 -999.250 -999.250 -999.250 -999.250 -999.250 -999.250 -999.250 -999.250 -999.250 -999.250 -999.250 -999.250 -999.250 -999.250 -999.250 -999.250 -999.250 -999.250 -999.250 -999.250 -999.250 -999.250 -999.250 -999.250 -999.250 -999.250 -999.250 -999.250 -999.250 14.284 15.461 17.762 16.089 18.458 16.470 15.105 16.471 17.516 19.200 17.756 16.300 15.380 17.021 17.465 16.933 16.683 19.368 19.876 20.249 15.061 14.743 13.993 13.183 17.371 14.007 14.169 18.384 17.084 18.567 19.261 20.808 21.141 21.028 19.324 18.532 18.850 19.129
-999.250 -999.250 -999.250 -999.250 -999.250 -999.250 -999.250 -999.250 -999.250 -999.250 -999.250 -999.250 -999.250 -999.250 -999.250 -999.250 -999.250 -999.250 -999.250 -999.250 -999.250 -999.250 -999.250 -999.250 -999.250 -999.250 -999.250 -999.250 -999.250 -999.250 12.227 15.612 15.035 19.448 13.988 19.999 18.023 14.140 19.157 16.751 17.297 17.636 17.042 16.695 14.815 17.014 17.126 21.012 19.530 19.163 15.664 13.104 14.013 18.303 17.910 18.052 20.425 18.428 15.218 19.966 19.307 20.110 18.888 22.069 18.838 21.079 20.685 20.213
-999.250 -999.250 -999.250 -999.250 -999.250 -999.250 -999.250 -999.250 -999.250 -999.250 -999.250 -999.250 -999.250 -999.250 -999.250 -999.250 -999.250 -999.250 -999.250 -999.250 -999.250 -999.250 -999.250 -999.250 -999.250 -999.250 -999.250 -999.250 -999.250 -999.250 14.521 15.713 18.128 18.378 15.416 15.451 16.336 16.205 17.881 20.041 19.908 21.284 16.614 17.592 17.182 18.412 16.822 21.346 20.156 21.200 17.112 17.011 17.727 20.152 21.401 22.281 23.149 18.005 17.856 19.152 17.774 21.087 20.616 25.260 21.844 23.202 24.952 25.450
-999.250 -999.250 -999.250 -999.250 -999.250 -999.250 -999.250 -999.250 -999.250 -999.250 -999.250 -999.250 -999.250 -999.250 -999.250 -999.250 -999.250 -999.250 -999.250 -999.250 -999.250 -999.250 -999.250 -999.250 -999.250 -999.250 -999.250 -999.250 -999.250 -999.250 7.934 12.548 16.061 18.747 13.547 15.750 18.862 13.882 18.121 17.371 21.942 19.720 20.253 19.461 19.039 19.492 16.175 17.755 18.393 18.151 18.999 17.907 23.763 21.083 19.928 22.863 23.130 21.259 20.365 20.441 22.377 22.301 22.084 21.920 25.603 24.093 23.817 22.587
-999.250 -999.250 -999.250 -999.250 -999.250 -999.250 -999.250 -999.250 -999.250 -999.250 -999.250 -999.250 -999.250 -999.250 -999.250 -999.250 -999.250 -999.250 -999.250 -999.250 -999.250 -999.250 -999.250 -999.250 -999.250 -999.250 -999.250 -999.250 -999.250 -999.250 10.825 14.698 12.994 15.905 17.309 16.863 15.930 16.096 16.900 20.768 20.525 20.626 19.206 17.327 16.322 17.897 15.439 18.586 18.758 20.506 19.848 21.329 22.348 24.413 25.577 20.418 25.181 21.645 20.352 23.790 21.194 21.286 25.933 23.856 26.183 26.077 21.429 22.631
-999.250 -999.250 -999.250 -999.250 -999.250 -999.250 -999.250 -999.250 -999.250 -999.250 -999.250 -999.250 -999.250 -999.250 -999.250 -999.250 -999.250 -999.250 -999.250 -999.250 -999.250 -999.250 -999.250 -999.250 -999.250 -999.250 -999.250 -999.250 -999.250 7.419 9.847 14.307 15.050 17.538 16.906 17.489 16.091 16.174 17.504 20.708 22.960 19.730 19.451 18.672 20.322 16.971 19.327 18.273 21.523 21.147 24.495 24.998 24.962 21.795 25.688 26.487 24.304 25.651 26.988 26.397 26.205 24.084 28.175 22.844 27.585 26.209 22.245 22.313
-999.250 -999.250 -999.250 -999.250 -999.250 -999.250 -999.250 -999.250 -999.250 -999.250 -999.250 -999.250 -999.250 -999.250 -999.250 -999.250 -999.250 -999.250 -999.250 -999.250 -999.250 -999.250 -999.250 -999.250 -999.250 -999.250 -999.250 -999.250 -999.250 8.403 7.395 11.409 15.697 17.077 18.998 18.332 20.581 19.032 20.644 20.397 20.852 19.244 19.653 20.398 23.757 21.795 19.699 20.256 19.592 26.405 27.412 29.918 27.882 25.463 25.964 27.506 25.962 26.977 27.700 26.512 26.453 26.475 29.826 23.981 24.559 27.050 24.233 22.259
-999.250 -999.250 -999.250 -999.250 -999.250 -999.250 -999.250 -999.250 -999.250 -999.250 -999.250 -999.250 -999.250 -999.250 -999.250 -999.250 -999.250 -999.250 -999.250 -999.250 -999.250 -999.250 -999.250 -999.250 -999.250 -999.250 -999.250 -999.250 2.977 5.255 9.821 12.166 14.912 13.521 17.724 20.558 19.877 20.924 20.973 18.264 20.561 18.403 17.277 21.457 24.346 20.304 21.464 22.026 23.656 25.236 26.828 27.687 32.328 29.998 27.593 26.532 28.071 26.862 28.463 25.786 29.181 28.988 26.410 27.092 27.368 26.638 21.544 22.902
-999.250 -999.250 -999.250 -999.250 -999.250 -999.250 -999.250 -999.250 -999.250 -999.250 -999.250 -999.250 -999.250 -999.250 -999.250 -999.250 -999.250 -999.250 -999.250 -999.250 -999.250 -999.250 -999.250 -999.250 -999.250 -999.250 -999.250 -999.250 5.171 6.190 5.678 11.733 14.374 14.721 16.861 20.138 20.588 19.014 21.243 17.514 20.147 19.109 18.837 20.026 24.308 26.032 22.806 24.792 23.236 29.080 29.297 28.338 24.731 29.553 28.581 28.932 25.651 28.199 28.864 29.386 31.522 30.834 23.041 26.363 24.667 28.233 28.232 25.877
-999.250 -999.250 -999.250 -999.250 -999.250 -999.250 -999.250 -999.250 -999.250 -999.250 -999.250 -999.250 -999.250 -999.250 -999.250 -999.250 -999.250 -999.250 -999.250 -999.250 -999.250 -999.250 -999.250 -999.250 -999.250 -999.250 -999.250 1.776 5.386 4.552 5.303 6.372 13.495 14.552 17.175 21.253 19.185 20.153 21.899 21.833 19.697 19.243 19.420 23.841 25.217 27.252 24.763 23.429 25.969 26.484 26.267 27.668 23.594 24.595 34.195 27.558 29.610 33.118 35.046 31.750 28.724 27.236 26.627 28.562 30.076 27.357 23.523 20.969
-999.250 -999.250 -999.250 -999.250 -999.250 -999.250 -999.250 -999.250 -999.250 -999.250 -999.250 -999.250 -999.250 -999.250 -999.250 -999.250 -999.250 -999.250 -999.250 -999.250 -999.250 -999.250 -999.250 -999.250 -999.250 -999.250 -999.250 3.472 4.099 2.559 0.000 5.543 13.860 19.366 16.922 20.494 20.367 23.805 23.137 23.453 24.236 23.751 21.975 20.398 22.653 24.337 24.871 27.617 30.351 29.001 29.328 27.199 30.415 26.029 36.397 31.441 35.349 33.390 33.540 33.017 29.516 27.792 27.177 30.131 27.977 26.897 26.372 25.482
-999.250 -999.250 -999.250 -999.250 -999.250 -999.250 -999.250 -999.250 -999.250 -999.250 -999.250 -999.250 -999.250 -999.250 -999.250 -999.250 -999.250 -999.250 -999.250 -999.250 -999.250 -999.250 -999.250 -999.250 -999.250 -999.250 -999.250 5.849 6.492 5.781 4.460 7.502 13.251 14.099 17.593 18.716 21.941 25.248 22.826 23.265 25.177 28.330 29.895 27.305 25.290 25.444 25.215 28.094 27.322 29.666 35.429 26.205 31.974 28.424 33.153 33.927 33.836 32.984 33.113 32.581 33.534 32.067 28.228 28.746 33.272 30.439 28.777 28.610
