data/medianmodel_09-Jan-2021.asc
ncols	141
nrows	288
xllcorner	-120191.398
yllcorner	-301404.813
cellsize	2000.000
NODATA_value	-999.250
[rows 87 to 115 of 288, columns 0 to 63 of 141]
-999.250 -999.250 -999.250 -999.250 -999.250 -999.250 -999.250 -999.250 -999.250 -999.250 -999.250 -999.250 -999.250 -999.250 -999.250 -999.250 -999.250 -999.250 -999.250 -999.250 -999.250 -999.250 -999.250 -999.250 -999.250 -999.250 -999.250 -999.250 -999.250 -999.250 -999.250 -999.250 -999.250 741.036 730.034 698.449 669.691 641.685 657.916 670.667 706.897 742.499 774.091 851.630 867.831 913.495 1005.122 1049.047 1117.352 1154.859 1073.321 1099.040 1083.914 1048.711 1072.093 979.977 952.597 896.502 942.700 945.164 954.449 1009.560 1013.687 1027.297
-999.250 -999.250 -999.250 -999.250 -999.250 -999.250 -999.250 -999.250 -999.250 -999.250 -999.250 -999.250 -999.250 -999.250 -999.250 -999.250 -999.250 -999.250 -999.250 -999.250 -999.250 -999.250 -999.250 -999.250 -999.250 -999.250 -999.250 -999.250 -999.250 -999.250 -999.250 -999.250 681.713 678.335 675.682 651.392 606.815 609.008 617.655 664.269 711.125 752.421 809.248 846.640 908.284 1001.298 1055.054 1082.813 1093.725 1105.008 1091.578 1058.332 1048.082 1033.205 969.719 974.381 935.738 896.806 918.944 998.243 951.339 1042.052 1052.586 1027.512
-999.250 -999.250 -999.250 -999.250 -999.250 -999.250 -999.250 -999.250 -999.250 -999.250 -999.250 -999.250 -999.250 -999.250 -999.250 -999.250 -999.250 -999.250 -999.250 -999.250 -999.250 -999.250 -999.250 -999.250 -999.250 -999.250 -999.250 -999.250 -999.250 -999.250 -999.250 -999.250 661.009 667.494 650.554 565.683 555.199 573.709 584.197 649.377 707.252 782.290 865.016 881.620 989.527 1059.679 1118.919 1129.925 1104.754 1070.296 1032.363 1050.264 1048.766 952.599 926.263 954.956 977.796 934.996 917.302 944.397 1031.225 1003.209 1097.353 1089.485
-999.250 -999.250 -999.250 -999.250 -999.250 -999.250 -999.250 -999.250 -999.250 -999.250 -999.250 -999.250 -999.250 -999.250 -999.250 -999.250 -999.250 -999.250 -999.250 -999.250 -999.250 -999.250 -999.250 -999.250 -999.250 -999.250 -999.250 -999.250 -999.250 -999.250 -999.250 -999.250 664.234 621.267 621.922 571.922 540.897 566.037 621.915 671.698 733.365 778.654 863.401 935.239 1084.477 1101.626 1171.994 1166.156 1123.386 1045.866 1056.365 1027.556 994.456 949.084 938.157 919.136 931.230 924.389 909.161 939.746 1009.518 1066.190 1130.629 1151.682
-999.250 -999.250 -999.250 -999.250 -999.250 -999.250 -999.250 -999.250 -999.250 -999.250 -999.250 -999.250 -999.250 -999.250 -999.250 -999.250 -999.250 -999.250 -999.250 -999.250 -999.250 -999.250 -999.250 -999.250 -999.250 -999.250 -999.250 -999.250 -999.250 -999.250 -999.250 -999.250 678.512 636.670 612.125 582.103 575.871 575.942 651.554 726.001 797.439 843.066 890.239 1012.582 1135.564 1158.683 1209.076 1212.445 1147.946 1150.065 1066.380 1043.646 1034.062 937.788 941.645 908.933 912.487 945.466 909.347 900.561 941.601 1000.071 1131.785 1134.838
-999.250 -999.250 -999.250 -999.250 -999.250 -999.250 -999.250 -999.250 -999.250 -999.250 -999.250 -999.250 -999.250 -999.250 -999.250 -999.250 -999.250 -999.250 -999.250 -999.250 -999.250 -999.250 -999.250 -999.250 -999.250 -999.250 -999.250 -999.250 -999.250 -999.250 -999.250 685.684 633.536 643.352 615.798 637.835 634.177 665.904 692.037 753.111 821.387 886.199 985.111 1050.988 1145.096 1204.417 1256.225 1217.694 1205.199 1129.866 1100.174 1082.575 973.075 950.765 937.719 874.428 907.023 886.402 883.880 886.482 939.383 996.758 1082.870 1117.676
-999.250 -999.250 -999.250 -999.250 -999.250 -999.250 -999.250 -999.250 -999.250 -999.250 -999.250 -999.250 -999.250 -999.250 -999.250 -999.250 -999.250 -999.250 -999.250 -999.250 -999.250 -999.250 -999.250 -999.250 -999.250 -999.250 -999.250 -999.250 -999.250 -999.250 -999.250 666.811 645.695 640.826 644.916 659.839 671.696 689.697 737.454 804.621 875.848 931.046 1075.933 1110.961 1207.598 1256.621 1342.725 1215.124 1186.150 1134.870 1107.990 1030.098 952.307 904.225 872.751 877.467 865.969 858.243 874.166 880.004 895.997 1010.383 1080.551 1118.657
-999.250 -999.250 -999.250 -999.250 -999.250 -999.250 -999.250 -999.250 -999.250 -999.250 -999.250 -999.250 -999.250 -999.250 -999.250 -999.250 -999.250 -999.250 -999.250 -999.250 -999.250 -999.250 -999.250 -999.250 -999.250 -999.250 -999.250 -999.250 -999.250 -999.250 -999.250 640.128 643.716 669.910 687.374 700.933 720.683 751.789 776.929 853.422 870.688 962.022 1034.042 1145.130 1194.265 1310.174 1301.129 1227.646 1206.822 1144.776 1105.416 1072.751 990.586 906.452 859.078 825.728 824.257 810.155 825.227 832.103 883.252 938.903 1047.572 1167.692
-999.250 -999.250 -999.250 -999.250 -999.250 -999.250 -999.250 -999.250 -999.250 -999.250 -999.250 -999.250 -999.250 -999.250 -999.250 -999.250 -999.250 -999.250 -999.250 -999.250 -999.250 -999.250 -999.250 -999.250 -999.250 -999.250 -999.250 -999.250 -999.250 -999.250 -999.250 657.577 661.307 642.919 693.036 701.830 737.146 770.635 823.053 883.557 937.599 985.119 1081.185 1154.144 1193.359 1219.431 1228.614 1237.410 1209.654 1114.369 1112.644 1041.234 950.239 890.106 842.315 841.307 781.476 771.035 779.494 787.169 859.081 955.148 1056.997 1169.075
-999.250 -999.250 -999.250 -999.250 -999.250 -999.250 -999.250 -999.250 -999.250 -999.250 -999.250 -999.250 -999.250 -999.250 -999.250 -999.250 -999.250 -999.250 -999.250 -999.250 -999.250 -999.250 -999.250 -999.250 -999.250 -999.250 -999.250 -999.250 -999.250 -999.250 688.418 681.040 671.389 685.402 690.078 730.209 745.121 801.805 819.753 898.535 958.877 993.660 1070.208 1143.387 1164.981 1194.178 1212.093 1196.738 1152.929 1130.478 1080.445 974.401 908.582 884.998 843.981 819.356 794.934 750.315 737.638 746.269 851.576 954.928 1088.707 1187.496
-999.250 -999.250 -999.250 -999.250 -999.250 -999.250 -999.250 -999.250 -999.250 -999.250 -999.250 -999.250 -999.250 -999.250 -999.250 -999.250 -999.250 -999.250 -999.250 -999.250 -999.250 -999.250 -999.250 -999.250 -999.250 -999.250 -999.250 -999.250 -999.250 -999.250 670.859 688.105 660.469 685.091 694.453 707.881 767.678 791.934 831.583 919.332 1013.444 1077.809 1098.984 1112.139 1173.736 1166.464 1210.204 1202.278 1127.209 1072.866 1037.056 928.074 878.992 850.037 839.790 799.899 788.143 750.894 755.143 783.691 866.352 966.210 1125.534 1207.480
-999.250 -999.250 -999.250 -999.250 -999.250 -999.250 -999.250 -999.250 -999.250 -999.250 -999.250 -999.250 -999.250 -999.250 -999.250 -999.250 -999.250 -999.250 -999.250 -999.250 -999.250 -999.250 -999.250 -999.250 -999.250 -999.250 -999.250 -999.250 -999.250 -999.250 649.286 596.294 609.385 636.439 687.611 707.201 744.751 807.867 858.130 965.092 1028.135 1077.352 1111.403 1128.712 1156.939 1164.189 1165.787 1165.133 1061.807 997.001 956.382 900.680 871.873 834.088 821.711 802.145 781.773 772.464 808.615 828.893 926.948 1075.256 1149.696 1230.771
-999.250 -999.250 -999.250 -999.250 -999.250 -999.250 -999.250 -999.250 -999.250 -999.250 -999.250 -999.250 -999.250 -999.250 -999.250 -999.250 -999.250 -999.250 -999.250 -999.250 -999.250 -999.250 -999.250 -999.250 -999.250 -999.250 -999.250 -999.250 -999.250 -999.250 634.531 632.132 617.135 654.723 658.754 715.446 749.929 796.382 875.775 952.480 1079.661 1051.294 1049.631 1089.870 1096.099 1092.304 1053.174 1060.269 1034.604 1030.739 949.723 888.656 862.257 846.686 824.269 826.176 844.197 858.361 871.678 905.753 994.914 1081.727 1168.528 1229.068
-999.250 -999.250 -999.250 -999.250 -999.250 -999.250 -999.250 -999.250 -999.250 -999.250 -999.250 -999.250 -999.250 -999.250 -999.250 -999.250 -999.250 -999.250 -999.250 -999.250 -999.250 -999.250 -999.250 -999.250 -999.250 -999.250 -999.250 -999.250 -999.250 670.794 628.213 626.968 584.870 647.581 680.131 671.747 715.089 801.705 845.234 896.091 965.517 1017.060 1009.729 998.781 1064.380 1033.375 1040.392 1051.068 1065.735 967.777 888.000 888.213 854.029 855.570 863.261 892.307 940.518 954.480 975.831 975.560 1061.467 1139.236 1190.639 1225.000
-999.250 -999.250 -999.250 -999.250 -999.250 -999.250 -999.250 -999.250 -999.250 -999.250 -999.250 -999.250 -999.250 -999.250 -999.250 -999.250 -999.250 -999.250 -999.250 -999.250 -999.250 -999.250 -999.250 -999.250 -999.250 -999.250 -999.250 -999.250 -999.250 660.462 583.624 576.601 605.901 592.053 672.590 650.468 689.372 746.400 808.910 875.201 929.163 931.082 961.348 952.246 949.991 961.979 932.713 953.312 990.897 950.448 960.100 925.428 887.340 899.096 946.159 1051.106 1087.667 1126.127 1098.290 1124.768 1159.177 1172.931 1204.269 1233.170
-999.250 -999.250 -999.250 -999.250 -999.250 -999.250 -999.250 -999.250 -999.250 -999.250 -999.250 -999.250 -999.250 -999.250 -999.250 -999.250 -999.250 -999.250 -999.250 -999.250 -999.250 -999.250 -999.250 -999.250 -999.250 -999.250 -999.250 -999.250 -999.250 591.105 571.333 552.349 548.444 577.323 595.098 604.050 652.298 713.856 779.796 838.267 860.421 878.714 850.549 875.299 856.614 887.767 926.894 997.994 988.013 1067.718 1003.959 1029.615 1059.702 1000.438 1182.798 1248.374 1271.777 1270.742 1276.459 1251.750 1218.155 1231.707 1223.867 1229.851
-999.250 -999.250 -999.250 -999.250 -999.250 -999.250 -999.250 -999.250 -999.250 -999.250 -999.250 -999.250 -999.250 -999.250 -999.250 -999.250 -999.250 -999.250 -999.250 -999.250 -999.250 -999.250 -999.250 -999.250 -999.250 -999.250 -999.250 -999.250 -999.250 565.318 526.166 544.162 539.588 534.318 553.822 576.239 607.760 675.628 728.931 790.116 802.092 803.969 795.710 815.838 837.370 885.746 919.793 995.737 1068.078 1113.294 1163.349 1198.614 1247.797 1311.046 1427.140 1466.046 1551.839 1497.549 1414.633 1401.566 1325.407 1260.457 1260.580 1250.047
-999.250 -999.250 -999.250 -999.250 -999.250 -999.250 -999.250 -999.250 -999.250 -999.250 -999.250 -999.250 -999.250 -999.250 -999.250 -999.250 -999.250 -999.250 -999.250 -999.250 -999.250 -999.250 -999.250 -999.250 -999.250 -999.250 -999.250 -999.250 577.181 544.051 517.947 495.990 498.822 520.373 526.888 537.777 558.230 587.450 660.922 697.605 719.719 744.235 755.906 781.678 812.472 843.803 914.807 1031.260 1106.148 1208.948 1277.866 1360.563 1561.208 1763.182 1799.088 1821.253 1941.112 1810.347 1626.489 1515.924 1443.229 1308.527 1328.617 1298.924
-999.250 -999.250 -999.250 -999.250 -999.250 -999.250 -999.250 -999.250 -999.250 -999.250 -999.250 -999.250 -999.250 -999.250 -999.250 -999.250 -999.250 -999.250 -999.250 -999.250 -999.250 -999.250 -999.250 -999.250 -999.250 -999.250 -999.250 -999.250 535.670 515.056 482.869 459.879 483.191 488.894 497.723 498.115 524.414 527.568 569.406 592.442 632.050 694.501 714.242 714.435 762.333 816.389 901.868 1035.878 1132.162 1236.365 1420.498 1677.981 1859.257 2047.209 2119.976 2224.110 2075.243 1989.945 1855.668 1659.650 1558.833 1492.596 1388.220 1298.622
-999.250 -999.250 -999.250 -999.250 -999.250 -999.250 -999.250 -999.250 -999.250 -999.250 -999.250 -999.250 -999.250 -999.250 -999.250 -999.250 -999.250 -999.250 -999.250 -999.250 -999.250 -999.250 -999.250 -999.250 -999.250 -999.250 -999.250 575.716 567.787 512.803 484.168 463.220 474.009 477.172 493.010 489.757 506.293 487.829 479.702 527.847 569.027 601.076 694.137 716.997 753.851 837.778 901.384 1055.859 1221.352 1307.216 1616.698 1847.115 2077.054 2330.370 2565.053 2328.873 2215.266 2165.059 2072.762 1831.471 1671.421 1557.617 1379.572 1336.544
-999.250 -999.250 -999.250 -999.250 -999.250 -999.250 -999.250 -999.250 -999.250 -999.250 -999.250 -999.250 -999.250 -999.250 -999.250 -999.250 -999.250 -999.250 -999.250 -999.250 -999.250 -999.250 -999.250 -999.250 -999.250 -999.250 -999.250 620.389 535.867 539.439 477.217 457.517 447.624 479.016 459.010 503.190 485.432 471.819 472.578 513.874 554.674 582.212 677.887 714.843 769.953 831.124 922.262 1061.160 1255.406 1385.409 1637.114 1865.907 2123.953 2405.875 3026.373 2694.821 2372.636 2258.058 2093.198 1957.854 1743.452 1693.183 1484.191 1380.062
-999.250 -999.250 -999.250 -999.250 -999.250 -999.250 -999.250 -999.250 -999.250 -999.250 -999.250 -999.250 -999.250 -999.250 -999.250 -999.250 -999.250 -999.250 -999.250 -999.250 -999.250 -999.250 -999.250 -999.250 -999.250 -999.250 -999.250 580.352 540.987 509.159 479.571 465.162 476.343 476.998 506.628 469.803 459.867 466.189 488.086 502.662 543.856 575.249 655.105 696.838 763.388 820.935 937.068 1092.275 1246.033 1355.855 1586.701 1737.680 2006.316 2197.602 2310.086 2371.692 2210.820 2129.891 2036.354 1955.895 1882.318 1759.146 1614.573 1407.909
-999.250 -999.250 -999.250 -999.250 -999.250 -999.250 -999.250 -999.250 -999.250 -999.250 -999.250 -999.250 -999.250 -999.250 -999.250 -999.250 -999.250 -999.250 -999.250 -999.250 -999.250 -999.250 -999.250 -999.250 -999.250 -999.250 -999.250 595.390 561.259 515.476 495.344 482.004 462.888 473.061 481.679 487.544 456.349 487.505 495.028 528.368 546.386 587.129 643.376 713.870 776.074 826.302 948.073 1032.829 1190.663 1283.703 1476.858 1622.292 1884.582 1946.060 1990.241 1954.533 1929.459 1802.392 1825.119 1961.124 1962.933 1821.159 1651.790 1499.837
-999.250 -999.250 -999.250 -999.250 -999.250 -999.250 -999.250 -999.250 -999.250 -999.250 -999.250 -999.250 -999.250 -999.250 -999.250 -999.250 -999.250 -999.250 -999.250 -999.250 -999.250 -999.250 -999.250 -999.250 -999.250 -999.250 -999.250 -999.250 572.852 531.571 498.703 476.233 468.084 481.991 491.781 510.411 484.546 507.794 514.599 524.132 560.580 579.505 645.752 709.008 772.336 850.788 913.184 1037.014 1120.351 1245.999 1368.103 1424.840 1528.644 1558.919 1467.719 1472.753 1454.636 1553.688 1628.825 1910.071 1912.752 1813.286 1603.028 1440.083
-999.250 -999.250 -999.250 -999.250 -999.250 -999.250 -999.250 -999.250 -999.250 -999.250 -999.250 -999.250 -999.250 -999.250 -999.250 -999.250 -999.250 -999.250 -999.250 -999.250 -999.250 -999.250 -999.250 -999.250 -999.250 -999.250 -999.250 -999.250 598.324 537.151 531.440 519.776 481.176 516.334 509.794 508.517 531.219 527.829 545.123 579.420 581.594 658.936 687.233 726.909 755.676 797.470 868.525 920.157 985.312 1170.663 1264.073 1311.893 1297.557 1216.234 1075.662 994.757 1055.771 1240.212 1429.807 1725.133 1971.091 1848.797 1536.725 1406.596
-999.250 -999.250 -999.250 -999.250 -999.250 -999.250 -999.250 -999.250 -999.250 -999.250 -999.250 -999.250 -999.250 -999.250 -999.250 -999.250 -999.250 -999.250 -999.250 -999.250 -999.250 -999.250 -999.250 -999.250 -999.250 -999.250 -999.250 -999.250 641.864 572.054 576.065 552.157 529.848 517.997 531.510 542.467 551.132 575.300 587.855 607.463 614.125 687.240 710.699 731.813 750.788 797.683 846.863 884.563 956.799 1157.112 1220.504 1214.279 1147.779 972.244 759.248 524.537 753.793 971.486 1222.015 1473.371 1623.529 1579.453 1420.685 1292.128
-999.250 -999.250 -999.250 -999.250 -999.250 -999.250 -999.250 -999.250 -999.250 -999.250 -999.250 -999.250 -999.250 -999.250 -999.250 -999.250 -999.250 -999.250 -999.250 -999.250 -999.250 -999.250 -999.250 -999.250 -999.250 -999.250 -999.250 -999.250 659.530 643.365 570.130 576.771 558.459 564.545 555.322 550.829 612.715 643.345 643.314 688.661 706.542 707.451 723.953 732.235 761.831 806.406 826.631 861.034 915.229 1032.125 1140.541 1235.442 1043.526 802.821 593.723 479.490 552.621 773.857 1014.068 1196.631 1283.691 1325.702 1317.377 1224.891
-999.250 -999.250 -999.250 -999.250 -999.250 -999.250 -999.250 -999.250 -999.250 -999.250 -999.250 -999.250 -999.250 -999.250 -999.250 -999.250 -999.250 -999.250 -999.250 -999.250 -999.250 -999.250 -999.250 -999.250 -999.250 -999.250 -999.250 -999.250 680.034 657.341 635.881 598.924 583.461 582.155 586.634 587.763 614.981 693.599 706.337 734.760 742.111 753.954 753.026 753.239 770.845 799.808 813.054 838.563 882.257 929.939 976.745 1012.955 859.035 708.806 523.057 431.771 451.629 601.823 798.635 958.019 1115.497 1217.534 1211.781 1184.118
-999.250 -999.250 -999.250 -999.250 -999.250 -999.250 -999.250 -999.250 -999.250 -999.250 -999.250 -999.250 -999.250 -999.250 -999.250 -999.250 -999.250 -999.250 -999.250 -999.250 -999.250 -999.250 -999.250 -999.250 -999.250 -999.250 -999.250 723.617 730.133 672.724 629.294 635.947 619.868 632.463 628.177 633.607 676.204 738.940 754.001 788.551 769.741 756.956 785.436 781.581 781.314 784.455 782.452 802.937 835.075 843.593 876.401 862.850 786.974 655.884 521.299 402.491 380.177 441.164 579.789 816.617 980.736 1122.114 1109.028 1119.815
