data/medianmodel_04-Sep-2020.asc
ncols	141
nrows	288
xllcorner	-120191.398
yllcorner	-301404.813
cellsize	2000.000
NODATA_value	-999.250
[rows 31 to 61 of 288, columns 0 to 68 of 141]
-999.250 -999.250 -999.250 -999.250 -999.250 -999.250 -999.250 -999.250 -999.250 -999.250 -999.250 -999.250 -999.250 -999.250 -999.250 -999.250 -999.250 -999.250 -999.250 -999.250 -999.250 -999.250 -999.250 -999.250 -999.250 -999.250 -999.250 -999.250 -999.250 -999.250 -999.250 -999.250 13.559 9.777 6.791 5.907 7.033 6.805 9.904 13.857 20.096 30.691 39.339 49.964 59.340 67.874 74.778 71.323 58.584 53.333 47.508 42.933 38.957 37.111 37.211 29.743 23.701 11.383 8.849 6.900 6.112 5.910 8.487 8.586 12.927 11.251 10.861 9.432 10.758
-999.250 -999.250 -999.250 -999.250 -999.250 -999.250 -999.250 -999.250 -999.250 -999.250 -999.250 -999.250 -999.250 -999.250 -999.250 -999.250 -999.250 -999.250 -999.250 -999.250 -999.250 -999.250 -999.250 -999.250 -999.250 -999.250 -999.250 -999.250 -999.250 -999.250 -999.250 -999.250 14.657 9.221 7.528 7.814 6.963 5.299 6.813 9.768 12.660 22.625 39.011 49.352 53.019 56.032 64.293 60.196 51.018 49.867 48.215 46.686 43.869 40.580 37.219 32.426 25.215 18.462 12.601 9.580 8.010 9.748 10.525 17.348 18.062 18.505 16.356 13.469 13.056
-999.250 -999.250 -999.250 -999.250 -999.250 -999.250 -999.250 -999.250 -999.250 -999.250 -999.250 -999.250 -999.250 -999.250 -999.250 -999.250 -999.250 -999.250 -999.250 -999.250 -999.250 -999.250 -999.250 -999.250 -999.250 -999.250 -999.250 -999.250 -999.250 -999.250 -999.250 -999.250 17.489 14.630 11.946 10.275 8.899 9.246 10.105 9.114 11.189 21.543 37.514 45.180 51.063 52.227 53.721 54.318 52.004 49.258 48.117 48.185 47.586 43.964 42.674 33.935 30.084 22.685 16.242 11.342 11.427 12.783 18.024 22.223 25.950 25.434 20.642 15.473 15.371
-999.250 -999.250 -999.250 -999.250 -999.250 -999.250 -999.250 -999.250 -999.250 -999.250 -999.250 -999.250 -999.250 -999.250 -999.250 -999.250 -999.250 -999.250 -999.250 -999.250 -999.250 -999.250 -999.250 -999.250 -999.250 -999.250 -999.250 -999.250 -999.250 -999.250 -999.250 -999.250 25.660 22.593 18.656 16.150 15.549 12.807 11.912 15.409 17.530 26.065 33.978 40.216 46.198 50.270 54.364 51.931 53.082 53.687 56.130 56.711 48.921 49.841 44.790 41.175 33.872 26.211 18.800 14.679 13.898 16.423 20.620 26.300 38.393 30.040 21.952 19.429 17.755
-999.250 -999.250 -999.250 -999.250 -999.250 -999.250 -999.250 -999.250 -999.250 -999.250 -999.250 -999.250 -999.250 -999.250 -999.250 -999.250 -999.250 -999.250 -999.250 -999.250 -999.250 -999.250 -999.250 -999.250 -999.250 -999.250 -999.250 -999.250 -999.250 -999.250 -999.250 -999.250 36.878 33.805 30.889 27.406 25.762 22.980 21.234 23.260 27.188 28.502 35.473 43.805 46.399 49.650 54.298 56.235 57.792 58.716 56.750 65.432 59.162 57.426 48.346 42.522 38.071 28.989 21.803 18.453 16.872 17.966 22.451 25.223 28.060 26.343 17.803 20.598 17.299
-999.250 -999.250 -999.250 -999.250 -999.250 -999.250 -999.250 -999.250 -999.250 -999.250 -999.250 -999.250 -999.250 -999.250 -999.250 -999.250 -999.250 -999.250 -999.250 -999.250 -999.250 -999.250 -999.250 -999.250 -999.250 -999.250 -999.250 -999.250 -999.250 -999.250 -999.250 -999.250 48.896 48.920 42.879 42.265 41.848 39.425 35.828 36.015 37.127 40.578 42.321 47.798 50.239 51.142 53.407 63.676 61.195 71.535 66.934 69.609 71.419 69.296 59.615 47.338 39.116 28.531 22.003 17.099 13.604 17.276 19.759 21.413 22.031 22.402 20.019 16.519 13.472
-999.250 -999.250 -999.250 -999.250 -999.250 -999.250 -999.250 -999.250 -999.250 -999.250 -999.250 -999.250 -999.250 -999.250 -999.250 -999.250 -999.250 -999.250 -999.250 -999.250 -999.250 -999.250 -999.250 -999.250 -999.250 -999.250 -999.250 -999.250 -999.250 -999.250 -999.250 -999.250 -999.250 58.722 57.404 53.672 51.508 50.351 48.058 49.249 50.130 48.990 51.247 54.587 59.725 58.332 61.710 67.645 74.096 80.639 82.532 82.469 80.961 78.295 72.123 55.840 44.012 31.085 22.295 19.266 18.164 17.926 19.953 18.293 19.092 19.450 15.714 12.213 10.173
-999.250 -999.250 -999.250 -999.250 -999.250 -999.250 -999.250 -999.250 -999.250 -999.250 -999.250 -999.250 -999.250 -999.250 -999.250 -999.250 -999.250 -999.250 -999.250 -999.250 -999.250 -999.250 -999.250 -999.250 -999.250 -999.250 -999.250 -999.250 -999.250 -999.250 -999.250 -999.250 -999.250 77.059 78.077 77.927 76.795 68.565 66.859 65.717 63.341 69.096 63.388 71.170 70.373 71.716 71.238 71.903 77.187 80.903 86.892 88.591 91.170 85.657 76.759 68.021 46.570 35.239 24.969 22.586 19.813 17.768 16.789 15.778 15.894 13.155 10.602 8.903 4.783
-999.250 -999.250 -999.250 -999.250 -999.250 -999.250 -999.250 -999.250 -999.250 -999.250 -999.250 -999.250 -999.250 -999.250 -999.250 -999.250 -999.250 -999.250 -999.250 -999.250 -999.250 -999.250 -999.250 -999.250 -999.250 -999.250 -999.250 -999.250 -999.250 -999.250 -999.250 -999.250 89.649 94.720 94.286 90.832 86.934 80.621 78.315 75.353 73.876 77.286 76.009 78.013 80.989 77.912 72.972 73.090 77.944 80.201 84.779 93.988 107.019 89.479 80.427 69.493 55.459 45.829 36.184 28.823 23.177 22.099 19.228 18.082 14.639 10.075 7.502 3.284 1.679
-999.250 -999.250 -999.250 -999.250 -999.250 -999.250 -999.250 -999.250 -999.250 -999.250 -999.250 -999.250 -999.250 -999.250 -999.250 -999.250 -999.250 -999.250 -999.250 -999.250 -999.250 -999.250 -999.250 -999.250 -999.250 -999.250 -999.250 -999.250 -999.250 -999.250 -999.250 -999.250 90.518 111.704 110.233 98.234 94.724 86.314 84.354 82.563 78.822 80.112 86.408 84.545 86.205 81.828 77.003 72.714 69.287 78.314 80.160 84.089 85.936 82.325 79.011 71.217 68.713 56.267 47.290 43.470 35.491 25.308 22.829 21.008 13.248 7.920 2.843 0.000 0.000
-999.250 -999.250 -999.250 -999.250 -999.250 -999.250 -999.250 -999.250 -999.250 -999.250 -999.250 -999.250 -999.250 -999.250 -999.250 -999.250 -999.250 -999.250 -999.250 -999.250 -999.250 -999.250 -999.250 -999.250 -999.250 -999.250 -999.250 -999.250 -999.250 -999.250 -999.250 -999.250 -999.250 116.303 136.978 106.626 95.266 87.415 83.420 81.863 79.362 77.930 83.805 87.832 97.208 81.817 72.187 63.009 61.622 66.175 69.192 68.390 65.384 68.833 71.808 76.369 72.306 68.293 56.603 49.858 40.007 34.540 25.430 19.531 16.147 8.600 3.381 0.000 0.000
-999.250 -999.250 -999.250 -999.250 -999.250 -999.250 -999.250 -999.250 -999.250 -999.250 -999.250 -999.250 -999.250 -999.250 -999.250 -999.250 -999.250 -999.250 -999.250 -999.250 -999.250 -999.250 -999.250 -999.250 -999.250 -999.250 -999.250 -999.250 -999.250 -999.250 -999.250 -999.250 -999.250 105.259 105.742 101.824 93.372 88.603 85.039 83.696 80.987 79.192 79.780 79.421 80.653 74.975 59.544 51.410 53.942 59.117 54.360 51.632 46.031 51.741 64.734 75.843 80.487 80.418 70.320 58.727 47.665 39.948 29.463 23.849 15.724 8.821 3.435 0.539 0.000
-999.250 -999.250 -999.250 -999.250 -999.250 -999.250 -999.250 -999.250 -999.250 -999.250 -999.250 -999.250 -999.250 -999.250 -999.250 -999.250 -999.250 -999.250 -999.250 -999.250 -999.250 -999.250 -999.250 -999.250 -999.250 -999.250 -999.250 -999.250 -999.250 -999.250 -999.250 -999.250 -999.250 99.636 95.266 93.540 87.428 84.046 77.209 81.430 78.518 75.785 72.960 72.133 65.707 60.275 50.032 44.082 47.481 49.574 49.100 46.763 48.298 53.750 66.455 73.662 81.336 90.390 75.503 60.795 52.399 40.975 33.941 24.170 19.868 13.074 6.839 6.511 4.106
-999.250 -999.250 -999.250 -999.250 -999.250 -999.250 -999.250 -999.250 -999.250 -999.250 -999.250 -999.250 -999.250 -999.250 -999.250 -999.250 -999.250 -999.250 -999.250 -999.250 -999.250 -999.250 -999.250 -999.250 -999.250 -999.250 -999.250 -999.250 -999.250 -999.250 -999.250 -999.250 -999.250 -999.250 87.982 85.107 80.562 76.815 76.244 71.971 64.160 64.913 62.700 59.463 53.510 48.476 43.396 43.458 45.637 45.965 48.700 50.685 52.067 59.432 74.957 79.854 80.279 81.296 72.443 64.808 50.405 41.703 32.673 26.853 20.090 14.911 9.818 6.696 7.230
-999.250 -999.250 -999.250 -999.250 -999.250 -999.250 -999.250 -999.250 -999.250 -999.250 -999.250 -999.250 -999.250 -999.250 -999.250 -999.250 -999.250 -999.250 -999.250 -999.250 -999.250 -999.250 -999.250 -999.250 -999.250 -999.250 -999.250 -999.250 -999.250 -999.250 -999.250 -999.250 -999.250 -999.250 83.684 77.918 72.761 69.677 63.964 58.941 57.317 52.514 49.830 49.456 44.175 43.308 40.602 41.760 44.130 50.406 55.142 58.888 67.075 74.839 77.856 82.750 80.808 75.746 72.087 61.156 47.403 40.656 33.611 25.504 20.243 18.208 11.537 9.514 7.784
-999.250 -999.250 -999.250 -999.250 -999.250 -999.250 -999.250 -999.250 -999.250 -999.250 -999.250 -999.250 -999.250 -999.250 -999.250 -999.250 -999.250 -999.250 -999.250 -999.250 -999.250 -999.250 -999.250 -999.250 -999.250 -999.250 -999.250 -999.250 -999.250 -999.250 -999.250 -999.250 -999.250 -999.250 79.391 72.413 68.509 57.493 53.404 50.257 47.348 43.858 42.029 36.592 37.836 35.074 33.730 39.766 47.701 55.251 68.749 71.887 75.398 79.810 84.475 86.276 78.640 74.312 59.103 52.736 44.934 39.802 32.069 26.643 21.208 16.911 14.863 11.308 13.024
-999.250 -999.250 -999.250 -999.250 -999.250 -999.250 -999.250 -999.250 -999.250 -999.250 -999.250 -999.250 -999.250 -999.250 -999.250 -999.250 -999.250 -999.250 -999.250 -999.250 -999.250 -999.250 -999.250 -999.250 -999.250 -999.250 -999.250 -999.250 -999.250 -999.250 -999.250 -999.250 -999.250 -999.250 76.590 68.280 56.997 50.231 46.510 42.186 38.349 35.281 30.027 27.820 24.857 28.601 31.703 37.970 46.595 55.474 67.805 73.749 79.742 88.198 100.524 87.595 77.690 67.480 52.957 48.874 43.879 39.309 29.217 24.138 21.831 19.956 15.957 12.503 14.112
-999.250 -999.250 -999.250 -999.250 -999.250 -999.250 -999.250 -999.250 -999.250 -999.250 -999.250 -999.250 -999.250 -999.250 -999.250 -999.250 -999.250 -999.250 -999.250 -999.250 -999.250 -999.250 -999.250 -999.250 -999.250 -999.250 -999.250 -999.250 -999.250 -999.250 -999.250 -999.250 -999.250 -999.250 -999.250 64.346 55.399 46.823 42.983 36.968 29.957 24.369 21.242 21.117 19.946 24.538 32.146 35.269 46.600 53.154 62.369 70.646 79.816 86.452 87.132 83.432 76.057 64.804 52.980 46.295 41.420 32.505 31.959 22.488 17.897 15.659 15.373 14.863 17.400
-999.250 -999.250 -999.250 -999.250 -999.250 -999.250 -999.250 -999.250 -999.250 -999.250 -999.250 -999.250 -999.250 -999.250 -999.250 -999.250 -999.250 -999.250 -999.250 -999.250 -999.250 -999.250 -999.250 -999.250 -999.250 -999.250 -999.250 -999.250 -999.250 -999.250 -999.250 -999.250 -999.250 -999.250 -999.250 58.644 49.461 44.103 33.617 26.358 20.140 16.333 13.791 13.314 15.258 18.248 25.719 34.645 45.675 50.336 63.170 72.831 76.518 78.635 82.584 79.275 75.843 59.417 51.312 45.479 36.064 30.526 24.412 20.119 16.001 13.795 14.278 13.343 15.238
-999.250 -999.250 -999.250 -999.250 -999.250 -999.250 -999.250 -999.250 -999.250 -999.250 -999.250 -999.250 -999.250 -999.250 -999.250 -999.250 -999.250 -999.250 -999.250 -999.250 -999.250 -999.250 -999.250 -999.250 -999.250 -999.250 -999.250 -999.250 -999.250 -999.250 -999.250 -999.250 -999.250 -999.250 -999.250 52.130 46.512 42.216 33.356 21.587 14.714 10.095 8.601 7.899 10.480 17.111 22.374 35.711 45.102 49.633 60.072 72.595 73.968 80.538 80.989 79.194 71.398 57.882 49.660 44.405 36.973 30.381 22.180 21.641 17.491 14.649 11.851 14.190 12.302
-999.250 -999.250 -999.250 -999.250 -999.250 -999.250 -999.250 -999.250 -999.250 -999.250 -999.250 -999.250 -999.250 -999.250 -999.250 -999.250 -999.250 -999.250 -999.250 -999.250 -999.250 -999.250 -999.250 -999.250 -999.250 -999.250 -999.250 -999.250 -999.250 -999.250 -999.250 -999.250 -999.250 -999.250 -999.250 50.831 46.043 45.158 43.340 24.969 14.517 7.801 8.210 5.925 9.622 13.289 21.886 31.634 44.231 52.352 63.145 73.032 76.550 77.386 75.425 71.083 68.669 54.928 51.507 43.635 36.699 30.178 24.281 18.072 17.640 16.107 11.186 12.489 11.031
-999.250 -999.250 -999.250 -999.250 -999.250 -999.250 -999.250 -999.250 -999.250 -999.250 -999.250 -999.250 -999.250 -999.250 -999.250 -999.250 -999.250 -999.250 -999.250 -999.250 -999.250 -999.250 -999.250 -999.250 -999.250 -999.250 -999.250 -999.250 -999.250 -999.250 -999.250 -999.250 -999.250 -999.250 -999.250 49.271 45.570 40.849 38.067 27.081 15.162 9.232 5.124 4.243 6.576 12.759 20.953 30.621 42.679 53.447 56.863 68.586 75.393 79.088 69.555 71.135 61.279 53.129 47.773 44.526 41.873 32.168 24.636 18.417 16.768 17.431 16.212 15.029 8.333
-999.250 -999.250 -999.250 -999.250 -999.250 -999.250 -999.250 -999.250 -999.250 -999.250 -999.250 -999.250 -999.250 -999.250 -999.250 -999.250 -999.250 -999.250 -999.250 -999.250 -999.250 -999.250 -999.250 -999.250 -999.250 -999.250 -999.250 -999.250 -999.250 -999.250 -999.250 -999.250 -999.250 -999.250 -999.250 -999.250 44.074 43.078 36.053 28.809 20.420 8.940 5.887 5.175 8.398 12.717 18.670 28.567 40.229 47.403 53.603 64.671 78.828 72.090 67.002 66.976 53.923 54.527 48.112 48.547 40.321 33.407 27.620 21.482 19.784 19.233 19.498 12.108 6.666
-999.250 -999.250 -999.250 -999.250 -999.250 -999.250 -999.250 -999.250 -999.250 -999.250 -999.250 -999.250 -999.250 -999.250 -999.250 -999.250 -999.250 -999.250 -999.250 -999.250 -999.250 -999.250 -999.250 -999.250 -999.250 -999.250 -999.250 -999.250 -999.250 -999.250 -999.250 -999.250 -999.250 -999.250 -999.250 -999.250 41.703 38.647 36.204 36.472 22.384 13.894 7.033 9.639 8.806 12.855 19.349 26.881 34.276 43.412 48.870 57.391 62.222 63.114 53.968 56.308 52.313 47.167 44.059 42.646 40.332 32.747 31.574 26.981 25.596 26.359 22.910 14.134 6.630
-999.250 -999.250 -999.250 -999.250 -999.250 -999.250 -999.250 -999.250 -999.250 -999.250 -999.250 -999.250 -999.250 -999.250 -999.250 -999.250 -999.250 -999.250 -999.250 -999.250 -999.250 -999.250 -999.250 -999.250 -999.250 -999.250 -999.250 -999.250 -999.250 -999.250 -999.250 -999.250 -999.250 -999.250 -999.250 -999.250 -999.250 36.694 32.977 30.316 23.061 15.975 8.671 8.759 8.627 11.747 18.406 23.563 31.538 39.866 45.906 52.124 51.146 49.701 49.873 47.173 45.241 42.731 40.267 39.483 36.943 35.447 31.165 26.751 26.680 28.037 32.003 17.064 6.391
-999.250 -999.250 -999.250 -999.250 -999.250 -999.250 -999.250 -999.250 -999.250 -999.250 -999.250 -999.250 -999.250 -999.250 -999.250 -999.250 -999.250 -999.250 -999.250 -999.250 -999.250 -999.250 -999.250 -999.250 -999.250 -999.250 -999.250 -999.250 -999.250 -999.250 -999.250 -999.250 -999.250 -999.250 -999.250 -999.250 -999.250 31.814 26.025 26.392 24.012 16.916 11.750 8.253 11.019 16.576 19.487 25.167 32.782 35.893 44.223 45.703 46.263 48.076 45.269 43.205 41.403 38.129 37.677 31.757 34.475 33.652 34.845 30.431 29.003 26.163 20.923 11.444 1.634
-999.250 -999.250 -999.250 -999.250 -999.250 -999.250 -999.250 -999.250 -999.250 -999.250 -999.250 -999.250 -999.250 -999.250 -999.250 -999.250 -999.250 -999.250 -999.250 -999.250 -999.250 -999.250 -999.250 -999.250 -999.250 -999.250 -999.250 -999.250 -999.250 -999.250 -999.250 -999.250 -999.250 -999.250 -999.250 -999.250 -999.250 24.402 24.348 25.178 30.286 19.897 14.125 10.188 12.612 16.982 24.892 26.872 34.396 41.055 45.372 45.999 46.518 45.330 43.134 43.181 37.102 32.912 31.940 29.593 33.010 35.251 37.534 33.960 30.175 20.520 14.635 5.621 0.000
-999.250 -999.250 -999.250 -999.250 -999.250 -999.250 -999.250 -999.250 -999.250 -999.250 -999.250 -999.250 -999.250 -999.250 -999.250 -999.250 -999.250 -999.250 -999.250 -999.250 -999.250 -999.250 -999.250 -999.250 -999.250 -999.250 -999.250 -999.250 -999.250 -999.250 -999.250 -999.250 -999.250 -999.250 -999.250 -999.250 -999.250 18.990 17.634 18.800 20.399 16.132 14.643 14.452 16.825 19.007 26.032 33.270 35.724 43.023 45.773 47.691 45.167 46.357 45.028 42.845 44.884 33.455 27.836 32.100 36.674 36.165 36.562 38.096 26.661 20.827 10.855 3.978 0.000
-999.250 -999.250 -999.250 -999.250 -999.250 -999.250 -999.250 -999.250 -999.250 -999.250 -999.250 -999.250 -999.250 -999.250 -999.250 -999.250 -999.250 -999.250 -999.250 -999.250 -999.250 -999.250 -999.250 -999.250 -999.250 -999.250 -999.250 -999.250 -999.250 -999.250 -999.250 -999.250 -999.250 -999.250 -999.250 -999.250 -999.250 -999.250 11.664 14.657 14.570 16.858 18.785 19.449 21.415 26.163 33.819 38.481 42.874 49.641 53.062 52.130 51.988 58.969 57.146 57.274 53.472 42.703 33.385 39.897 45.080 44.140 44.012 40.230 33.866 21.798 13.815 6.332 0.000
-999.250 -999.250 -999.250 -999.250 -999.250 -999.250 -999.250 -999.250 -999.250 -999.250 -999.250 -999.250 -999.250 -999.250 -999.250 -999.250 -999.250 -999.250 -999.250 -999.250 -999.250 -999.250 -999.250 -999.250 -999.250 -999.250 -999.250 -999.250 -999.250 -999.250 -999.250 -999.250 -999.250 -999.250 -999.250 -999.250 -999.250 -999.250 7.683 8.838 10.951 15.857 18.505 24.444 30.137 36.013 42.833 46.579 52.151 67.940 73.139 71.922 74.752 77.650 86.562 95.092 87.426 71.217 43.850 54.575 55.566 56.703 51.901 48.039 37.117 26.718 16.278 7.969 1.435
-999.250 -999.250 -999.250 -999.250 -999.250 -999.250 -999.250 -999.250 -999.250 -999.250 -999.250 -999.250 -999.250 -999.250 -999.250 -999.250 -999.250 -999.250 -999.250 -999.250 -999.250 -999.250 -999.250 -999.250 -999.250 -999.250 -999.250 -999.250 -999.250 -999.250 -999.250 -999.250 -999.250 -999.250 -999.250 -999.250 -999.250 -999.250 5.138 7.949 11.303 12.461 21.842 28.345 37.730 43.061 48.292 66.192 71.324 82.701 87.560 91.051 95.698 125.190 123.111 133.360 120.918 114.775 101.899 97.700 86.654 79.014 68.059 56.128 45.619 35.900 21.549 11.853 3.189
