data/medianmodel_05-Feb-2021.asc
ncols	141
nrows	288
xllcorner	-120191.398
yllcorner	-301404.813
cellsize	2000.000
NODATA_value	-999.250
[rows 252 to 279 of 288, columns 0 to 62 of 141]
-999.250 -999.250 -999.250 -999.250 -999.250 -999.250 -999.250 -999.250 -999.250 -999.250 -999.250 -999.250 -999.250 -999.250 -999.250 -999.250 -999.250 -999.250 -999.250 -999.250 -999.250 -999.250 -999.250 -999.250 -999.250 -999.250 -999.250 -999.250 -999.250 435.764 464.983 477.791 514.731 553.396 537.340 579.969 616.843 659.756 663.395 686.244 746.706 798.199 849.259 885.987 962.636 1004.060 1034.473 1065.601 1084.432 1090.922 1112.216 1124.145 1088.529 1064.620 1028.669 1030.024 988.613 969.948 956.883 896.448 866.191 859.684 829.609
-999.250 -999.250 -999.250 -999.250 -999.250 -999.250 -999.250 -999.250 -999.250 -999.250 -999.250 -999.250 -999.250 -999.250 -999.250 -999.250 -999.250 -999.250 -999.250 -999.250 -999.250 -999.250 -999.250 -999.250 -999.250 -999.250 -999.250 -999.250 -999.250 -999.250 463.282 470.451 495.701 581.713 557.341 593.620 628.973 664.015 691.176 727.226 782.721 838.583 863.861 960.521 947.738 966.804 1008.607 1049.758 1084.178 1104.681 1084.829 1076.566 1027.734 1022.669 989.281 994.431 921.953 893.184 891.209 847.911 796.927 779.451 754.728
-999.250 -999.250 -999.250 -999.250 -999.250 -999.250 -999.250 -999.250 -999.250 -999.250 -999.250 -999.250 -999.250 -999.250 -999.250 -999.250 -999.250 -999.250 -999.250 -999.250 -999.250 -999.250 -999.250 -999.250 -999.250 -999.250 -999.250 -999.250 -999.250 -999.250 493.641 501.387 529.619 562.250 609.592 637.197 657.139 700.603 752.509 770.006 812.687 841.413 924.735 948.226 1012.646 1002.989 1047.924 1016.653 1045.898 1052.500 1052.255 1048.962 1046.423 1026.784 974.128 959.282 854.383 843.373 826.938 812.290 742.151 716.189 666.470
-999.250 -999.250 -999.250 -999.250 -999.250 -999.250 -999.250 -999.250 -999.250 -999.250 -999.250 -999.250 -999.250 -999.250 -999.250 -999.250 -999.250 -999.250 -999.250 -999.250 -999.250 -999.250 -999.250 -999.250 -999.250 -999.250 -999.250 -999.250 -999.250 -999.250 -999.250 519.770 519.510 579.791 624.265 669.282 691.746 749.251 782.721 807.406 861.478 914.533 926.831 986.037 1023.809 1036.964 1037.408 1045.183 1091.940 1031.449 1031.320 1028.745 1019.183 993.877 972.958 896.261 863.469 807.946 759.658 739.432 671.417 661.253 602.126
-999.250 -999.250 -999.250 -999.250 -999.250 -999.250 -999.250 -999.250 -999.250 -999.250 -999.250 -999.250 -999.250 -999.250 -999.250 -999.250 -999.250 -999.250 -999.250 -999.250 -999.250 -999.250 -999.250 -999.250 -999.250 -999.250 -999.250 -999.250 -999.250 -999.250 -999.250 515.807 567.878 564.099 628.139 671.250 736.663 771.900 796.601 845.073 916.311 927.513 959.073 1045.556 1042.398 1036.193 1037.765 1051.301 1077.630 1013.587 1006.141 1000.220 1008.876 950.731 919.233 847.606 829.604 795.293 737.151 694.029 662.378 625.937 558.643
-999.250 -999.250 -999.250 -999.250 -999.250 -999.250 -999.250 -999.250 -999.250 -999.250 -999.250 -999.250 -999.250 -999.250 -999.250 -999.250 -999.250 -999.250 -999.250 -999.250 -999.250 -999.250 -999.250 -999.250 -999.250 -999.250 -999.250 -999.250 -999.250 -999.250 499.848 532.764 575.321 624.853 667.112 725.336 785.918 810.342 849.531 909.158 983.470 1021.355 1045.970 1066.417 1022.432 1028.240 1089.602 1059.653 1034.495 1023.892 1026.374 963.319 956.473 915.151 909.313 832.919 806.881 746.749 721.405 701.129 639.507 578.159 521.477
-999.250 -999.250 -999.250 -999.250 -999.250 -999.250 -999.250 -999.250 -999.250 -999.250 -999.250 -999.250 -999.250 -999.250 -999.250 -999.250 -999.250 -999.250 -999.250 -999.250 -999.250 -999.250 -999.250 -999.250 -999.250 -999.250 -999.250 -999.250 -999.250 -999.250 528.144 559.524 582.252 628.048 709.280 765.569 822.590 866.939 894.963 954.455 956.927 1033.083 1058.758 1045.844 1009.006 1078.533 1088.441 1041.312 1018.871 985.137 966.712 934.932 917.501 923.213 889.810 845.524 819.937 753.768 716.637 689.782 616.103 582.382 489.894
-999.250 -999.250 -999.250 -999.250 -999.250 -999.250 -999.250 -999.250 -999.250 -999.250 -999.250 -999.250 -999.250 -999.250 -999.250 -999.250 -999.250 -999.250 -999.250 -999.250 -999.250 -999.250 -999.250 -999.250 -999.250 -999.250 -999.250 -999.250 -999.250 -999.250 528.245 550.592 588.464 667.140 711.416 788.907 858.990 900.212 992.787 1025.782 1064.374 1095.455 1095.995 1104.555 1117.626 1132.712 1072.010 1012.030 989.209 970.861 946.828 969.584 906.644 857.928 829.359 807.445 788.620 745.040 702.884 689.454 657.853 584.361 564.804
-999.250 -999.250 -999.250 -999.250 -999.250 -999.250 -999.250 -999.250 -999.250 -999.250 -999.250 -999.250 -999.250 -999.250 -999.250 -999.250 -999.250 -999.250 -999.250 -999.250 -999.250 -999.250 -999.250 -999.250 -999.250 -999.250 -999.250 -999.250 -999.250 -999.250 502.115 536.107 624.541 680.146 749.229 850.849 911.061 1011.247 1040.796 1097.625 1116.388 1151.111 1163.405 1224.580 1181.537 1155.729 1130.880 1102.474 1035.528 1004.352 1000.869 953.892 907.003 831.846 807.834 808.501 770.672 719.921 694.569 686.283 660.971 594.935 606.221
-999.250 -999.250 -999.250 -999.250 -999.250 -999.250 -999.250 -999.250 -999.250 -999.250 -999.250 -999.250 -999.250 -999.250 -999.250 -999.250 -999.250 -999.250 -999.250 -999.250 -999.250 -999.250 -999.250 -999.250 -999.250 -999.250 -999.250 -999.250 -999.250 -999.250 468.724 513.848 610.953 671.693 751.351 874.207 914.836 1068.133 1123.658 1182.453 1198.750 1210.086 1271.968 1230.091 1215.572 1229.973 1140.070 1141.032 1061.463 1015.668 964.588 992.421 904.341 835.639 810.692 780.113 780.939 728.926 715.815 675.683 649.594 628.820 627.473
-999.250 -999.250 -999.250 -999.250 -999.250 -999.250 -999.250 -999.250 -999.250 -999.250 -999.250 -999.250 -999.250 -999.250 -999.250 -999.250 -999.250 -999.250 -999.250 -999.250 -999.250 -999.250 -999.250 -999.250 -999.250 -999.250 -999.250 -999.250 -999.250 -999.250 431.342 538.984 605.876 694.127 794.705 889.770 1020.309 1148.505 1214.926 1261.387 1293.480 1356.651 1401.343 1329.053 1251.048 1298.794 1195.642 1192.138 1129.683 1030.391 1028.954 990.136 928.044 832.319 800.585 809.546 783.325 739.463 718.009 698.100 688.156 659.106 635.292
-999.250 -999.250 -999.250 -999.250 -999.250 -999.250 -999.250 -999.250 -999.250 -999.250 -999.250 -999.250 -999.250 -999.250 -999.250 -999.250 -999.250 -999.250 -999.250 -999.250 -999.250 -999.250 -999.250 -999.250 -999.250 -999.250 -999.250 -999.250 -999.250 366.071 440.225 508.393 581.350 683.115 809.223 936.050 1079.932 1210.452 1317.525 1349.682 1411.954 1500.747 1484.698 1398.267 1357.765 1305.802 1239.826 1183.374 1112.263 1066.954 994.867 933.110 901.117 833.401 824.882 797.649 788.483 754.017 712.477 707.961 690.902 698.819 662.951
-999.250 -999.250 -999.250 -999.250 -999.250 -999.250 -999.250 -999.250 -999.250 -999.250 -999.250 -999.250 -999.250 -999.250 -999.250 -999.250 -999.250 -999.250 -999.250 -999.250 -999.250 -999.250 -999.250 -999.250 -999.250 -999.250 -999.250 -999.250 -999.250 346.081 405.784 454.716 586.252 685.418 827.917 983.325 1137.794 1230.739 1367.243 1463.320 1546.937 1574.287 1488.288 1471.247 1408.336 1342.050 1240.900 1226.345 1104.301 1043.588 980.593 957.057 892.533 875.214 822.357 811.250 773.355 741.770 734.165 730.192 712.788 736.696 709.441
-999.250 -999.250 -999.250 -999.250 -999.250 -999.250 -999.250 -999.250 -999.250 -999.250 -999.250 -999.250 -999.250 -999.250 -999.250 -999.250 -999.250 -999.250 -999.250 -999.250 -999.250 -999.250 -999.250 -999.250 -999.250 -999.250 -999.250 -999.250 204.347 305.767 342.041 438.142 559.676 691.742 834.491 972.055 1105.803 1293.902 1406.482 1530.433 1675.015 1660.359 1593.975 1550.949 1446.516 1331.130 1247.443 1172.453 1122.000 1031.687 976.604 967.255 898.387 887.905 887.034 850.356 832.805 780.577 758.473 741.234 752.572 727.436 735.443
-999.250 -999.250 -999.250 -999.250 -999.250 -999.250 -999.250 -999.250 -999.250 -999.250 -999.250 -999.250 -999.250 -999.250 -999.250 -999.250 -999.250 -999.250 -999.250 -999.250 -999.250 -999.250 -999.250 -999.250 -999.250 -999.250 -999.250 -999.250 196.599 214.170 286.209 410.026 529.307 676.180 849.059 1021.235 1172.140 1334.022 1506.717 1683.643 1762.396 1691.653 1666.210 1593.662 1423.536 1346.716 1232.345 1151.240 1127.799 1073.983 978.277 955.819 929.557 882.953 869.762 857.664 828.854 806.550 772.557 815.052 791.690 763.647 765.717
-999.250 -999.250 -999.250 -999.250 -999.250 -999.250 -999.250 -999.250 -999.250 -999.250 -999.250 -999.250 -999.250 -999.250 -999.250 -999.250 -999.250 -999.250 -999.250 -999.250 -999.250 -999.250 -999.250 -999.250 -999.250 -999.250 -999.250 174.682 177.087 178.563 224.390 362.755 504.094 671.735 833.425 1010.067 1190.950 1296.590 1491.393 1734.108 1851.487 1768.994 1652.169 1558.162 1427.908 1351.004 1184.422 1141.630 1061.883 1064.767 983.693 971.738 915.625 913.748 933.014 872.453 837.889 867.816 884.715 810.143 796.556 776.361 818.487
-999.250 -999.250 -999.250 -999.250 -999.250 -999.250 -999.250 -999.250 -999.250 -999.250 -999.250 -999.250 -999.250 -999.250 -999.250 -999.250 -999.250 -999.250 -999.250 -999.250 -999.250 -999.250 -999.250 -999.250 -999.250 -999.250 -999.250 155.234 168.936 172.203 160.887 327.617 513.312 641.331 807.112 961.559 1157.909 1277.276 1447.707 1628.472 1725.643 1694.442 1630.439 1465.202 1388.045 1270.598 1200.941 1127.417 1099.327 1059.048 1003.221 1011.857 957.840 904.863 881.456 879.862 890.774 882.000 868.897 882.823 821.979 838.539 815.727
-999.250 -999.250 -999.250 -999.250 -999.250 -999.250 -999.250 -999.250 -999.250 -999.250 -999.250 -999.250 -999.250 -999.250 -999.250 -999.250 -999.250 -999.250 -999.250 -999.250 -999.250 -999.250 -999.250 -999.250 -999.250 -999.250 -999.250 153.809 175.413 183.596 246.281 359.287 509.778 651.017 778.087 931.336 1064.817 1211.364 1346.955 1464.434 1534.098 1492.080 1441.177 1418.767 1307.352 1253.890 1167.871 1095.267 1050.582 1026.346 1025.170 992.049 950.633 925.054 882.251 915.181 900.817 886.722 883.392 863.974 867.738 837.025 844.772
-999.250 -999.250 -999.250 -999.250 -999.250 -999.250 -999.250 -999.250 -999.250 -999.250 -999.250 -999.250 -999.250 -999.250 -999.250 -999.250 -999.250 -999.250 -999.250 -999.250 -999.250 -999.250 -999.250 -999.250 -999.250 -999.250 -999.250 170.934 203.729 227.494 297.566 403.484 537.514 646.895 738.720 883.235 1037.943 1166.748 1232.065 1325.764 1325.970 1372.396 1305.679 1247.618 1194.712 1164.910 1055.788 1021.409 971.167 961.173 946.158 979.036 916.856 906.696 910.481 905.147 927.803 899.175 894.006 872.351 897.199 879.724 890.944
-999.250 -999.250 -999.250 -999.250 -999.250 -999.250 -999.250 -999.250 -999.250 -999.250 -999.250 -999.250 -999.250 -999.250 -999.250 -999.250 -999.250 -999.250 -999.250 -999.250 -999.250 -999.250 -999.250 -999.250 -999.250 -999.250 -999.250 213.975 264.953 315.942 375.864 451.153 561.770 652.227 728.868 837.577 983.860 1076.273 1093.152 1155.534 1228.115 1206.107 1171.539 1081.519 1087.896 1030.878 985.834 960.881 948.350 955.395 928.996 948.545 884.170 922.043 900.598 904.844 921.851 921.040 908.820 923.087 897.543 908.209 945.592
-999.250 -999.250 -999.250 -999.250 -999.250 -999.250 -999.250 -999.250 -999.250 -999.250 -999.250 -999.250 -999.250 -999.250 -999.250 -999.250 -999.250 -999.250 -999.250 -999.250 -999.250 -999.250 -999.250 -999.250 -999.250 -999.250 -999.250 243.517 304.600 336.398 412.547 510.990 576.808 670.271 754.203 816.418 896.521 975.588 1026.122 995.464 1070.394 1079.256 1020.569 954.783 938.223 945.722 919.768 895.519 905.329 897.948 887.975 936.078 908.260 880.155 892.601 919.820 930.656 888.243 895.927 906.058 949.733 962.027 937.780
-999.250 -999.250 -999.250 -999.250 -999.250 -999.250 -999.250 -999.250 -999.250 -999.250 -999.250 -999.250 -999.250 -999.250 -999.250 -999.250 -999.250 -999.250 -999.250 -999.250 -999.250 -999.250 -999.250 -999.250 -999.250 -999.250 241.624 275.574 345.854 402.482 452.651 535.013 618.281 674.987 730.245 785.864 809.449 855.930 897.894 911.456 940.700 899.157 901.651 873.759 842.758 850.366 866.982 877.087 836.642 854.318 875.604 871.827 918.950 878.202 889.646 902.403 894.375 872.470 938.212 915.225 950.725 1044.800 998.508
-999.250 -999.250 -999.250 -999.250 -999.250 -999.250 -999.250 -999.250 -999.250 -999.250 -999.250 -999.250 -999.250 -999.250 -999.250 -999.250 -999.250 -999.250 -999.250 -999.250 -999.250 -999.250 -999.250 -999.250 -999.250 -999.250 289.962 320.387 370.922 428.429 504.026 568.736 614.629 652.136 732.298 766.820 773.767 799.842 783.281 795.243 769.095 750.598 782.623 755.625 763.191 770.796 782.681 801.900 803.004 839.606 817.611 838.880 867.556 863.695 889.614 891.195 916.616 900.893 934.001 962.446 1024.624 1099.203 1037.483
-999.250 -999.250 -999.250 -999.250 -999.250 -999.250 -999.250 -999.250 -999.250 -999.250 -999.250 -999.250 -999.250 -999.250 -999.250 -999.250 -999.250 -999.250 -999.250 -999.250 -999.250 -999.250 -999.250 -999.250 -999.250 228.146 239.435 330.152 382.264 425.573 491.197 549.126 638.512 674.771 726.378 748.648 746.743 725.330 718.425 705.039 677.162 632.626 660.228 662.910 687.999 709.490 707.157 704.783 754.023 798.920 823.598 822.491 837.213 862.545 867.623 864.242 894.082 927.585 963.090 969.337 1038.690 1080.822 1087.089
-999.250 -999.250 -999.250 -999.250 -999.250 -999.250 -999.250 -999.250 -999.250 -999.250 -999.250 -999.250 -999.250 -999.250 -999.250 -999.250 -999.250 -999.250 -999.250 -999.250 -999.250 -999.250 -999.250 -999.250 -999.250 212.998 244.764 308.735 385.015 472.571 500.133 576.741 630.031 687.624 717.635 726.070 723.827 696.725 689.090 668.040 621.948 588.643 599.285 630.484 630.200 651.785 645.383 662.455 712.415 763.068 781.183 814.620 848.617 850.571 857.464 870.472 905.142 921.355 990.562 1039.680 1063.460 1098.995 1119.105
-999.250 -999.250 -999.250 -999.250 -999.250 -999.250 -999.250 -999.250 -999.250 -999.250 -999.250 -999.250 -999.250 -999.250 -999.250 -999.250 -999.250 -999.250 -999.250 -999.250 -999.250 -999.250 -999.250 -999.250 -999.250 246.160 258.487 310.154 385.039 455.493 522.492 607.390 622.412 672.525 701.107 727.411 709.508 686.869 669.798 633.791 603.844 566.194 578.150 554.790 561.555 563.744 583.430 622.951 672.576 700.915 778.446 810.907 825.019 842.426 858.054 869.471 869.774 920.289 986.636 1043.752 1076.024 1160.733 1144.155
-999.250 -999.250 -999.250 -999.250 -999.250 -999.250 -999.250 -999.250 -999.250 -999.250 -999.250 -999.250 -999.250 -999.250 -999.250 -999.250 -999.250 -999.250 -999.250 -999.250 -999.250 -999.250 -999.250 -999.250 184.154 225.071 239.775 313.957 388.907 464.484 530.962 574.031 648.473 678.766 692.177 725.475 721.776 689.196 659.228 621.327 589.454 561.643 533.990 521.093 508.022 495.349 483.262 565.458 668.624 694.346 742.987 780.897 832.695 845.125 859.835 861.895 891.658 908.496 959.148 987.224 1035.098 1118.619 1112.924
-999.250 -999.250 -999.250 -999.250 -999.250 -999.250 -999.250 -999.250 -999.250 -999.250 -999.250 -999.250 -999.250 -999.250 -999.250 -999.250 -999.250 -999.250 -999.250 -999.250 -999.250 -999.250 -999.250 -999.250 203.426 194.024 261.715 311.284 394.144 447.328 531.468 576.740 636.233 687.551 713.142 753.934 -999.250 -999.250 -999.250 -999.250 -999.250 -999.250 543.403 517.306 484.203 503.156 508.378 567.173 629.993 674.102 722.081 766.901 825.173 844.544 846.739 865.581 886.104 911.765 988.409 1015.928 1069.840 1105.934 1098.944
