data/medianmodel_10-Feb-2021.asc
ncols	141
nrows	288
xllcorner	-120191.398
yllcorner	-301404.813
cellsize	2000.000
NODATA_value	-999.250
[rows 203 to 231 of 288, columns 0 to 63 of 141]
-999.250 -999.250 -999.250 -999.250 -999.250 -999.250 -999.250 -999.250 -999.250 -999.250 -999.250 -999.250 -999.250 -999.250 1488.409 1471.288 1493.164 1549.264 1544.696 1615.060 1654.168 1736.802 1745.325 -999.250 -999.250 -999.250 1840.609 1916.812 1977.910 1904.410 1895.176 1895.310 1767.016 1650.430 1557.046 1469.334 1481.347 1437.016 1309.858 1285.370 1234.354 1176.603 1069.802 1046.944 981.853 978.250 920.219 817.858 801.862 673.341 670.492 609.130 612.072 600.958 597.765 579.607 559.994 575.872 568.471 561.004 570.041 554.961 513.177 520.611
-999.250 -999.250 -999.250 -999.250 -999.250 -999.250 -999.250 -999.250 -999.250 -999.250 -999.250 -999.250 -999.250 1404.803 1472.075 1515.039 1520.986 1562.672 1571.917 1631.928 1619.980 1698.528 -999.250 -999.250 -999.250 -999.250 -999.250 1920.389 1925.229 1920.182 1806.725 1805.030 1746.450 1591.693 1587.480 1526.578 1506.612 1408.593 1410.684 1315.210 1286.179 1200.351 1112.619 1061.896 1010.407 909.736 933.158 859.814 848.986 779.203 698.736 660.488 627.882 607.971 593.249 572.125 593.103 605.692 583.501 560.543 556.218 565.190 543.550 507.622
-999.250 -999.250 -999.250 -999.250 -999.250 -999.250 -999.250 -999.250 -999.250 -999.250 -999.250 -999.250 -999.250 1413.763 1452.917 1515.724 1559.518 1576.479 1608.307 1600.015 -999.250 -999.250 -999.250 -999.250 -999.250 -999.250 -999.250 -999.250 1879.489 1844.147 1766.673 1806.083 1768.896 1653.276 1564.075 1530.844 1440.361 1427.513 1361.273 1379.052 1317.078 1255.286 1174.427 1114.517 1040.033 977.273 947.987 906.750 891.567 775.686 781.131 769.214 667.621 638.234 608.895 600.169 617.918 590.163 575.691 577.379 552.062 557.255 540.736 520.945
-999.250 -999.250 -999.250 -999.250 -999.250 -999.250 -999.250 -999.250 -999.250 -999.250 -999.250 -999.250 1373.066 1381.892 -999.250 -999.250 -999.250 -999.250 -999.250 -999.250 -999.250 -999.250 -999.250 -999.250 -999.250 -999.250 -999.250 -999.250 -999.250 1888.195 1887.105 1789.598 1865.507 1628.385 1553.706 1535.997 1506.588 1438.870 1430.979 1382.447 1343.803 1309.573 1212.664 1140.062 1090.619 1054.685 1004.958 966.596 885.065 842.550 832.893 768.135 656.136 677.641 621.120 615.713 618.891 602.105 574.153 560.315 572.191 556.996 546.948 545.280
-999.250 -999.250 -999.250 -999.250 -999.250 -999.250 -999.250 -999.250 -999.250 -999.250 -999.250 -999.250 -999.250 -999.250 -999.250 -999.250 -999.250 -999.250 -999.250 -999.250 -999.250 -999.250 -999.250 -999.250 -999.250 -999.250 -999.250 -999.250 -999.250 -999.250 1803.986 1718.581 1694.889 1560.490 1534.613 1505.697 1457.003 1428.055 1471.721 1438.344 1352.490 1347.009 1270.557 1141.425 1151.078 1094.243 1064.079 964.857 875.186 845.698 805.801 763.830 662.761 644.202 639.950 639.429 624.627 631.160 581.283 580.300 561.940 560.926 562.270 550.187
-999.250 -999.250 -999.250 -999.250 -999.250 -999.250 -999.250 -999.250 -999.250 -999.250 -999.250 -999.250 -999.250 -999.250 -999.250 -999.250 -999.250 -999.250 -999.250 -999.250 -999.250 -999.250 -999.250 -999.250 -999.250 -999.250 -999.250 -999.250 -999.250 -999.250 1607.134 1662.959 1628.487 1598.578 1559.911 1522.157 1459.319 1434.965 1495.177 1445.402 1351.220 1311.470 1235.346 1271.243 1157.810 1115.422 1078.934 1031.964 973.060 874.150 858.859 763.593 692.314 659.964 637.072 639.867 620.591 586.252 568.228 575.592 575.935 561.581 557.228 559.838
-999.250 -999.250 -999.250 -999.250 -999.250 -999.250 -999.250 -999.250 -999.250 -999.250 -999.250 -999.250 -999.250 -999.250 -999.250 -999.250 -999.250 -999.250 -999.250 -999.250 -999.250 -999.250 -999.250 -999.250 -999.250 -999.250 -999.250 -999.250 -999.250 -999.250 1559.918 1585.893 1575.866 1579.001 1554.009 1552.044 1472.829 1511.692 1494.945 1477.609 1387.775 1347.332 1295.871 1275.717 1229.606 1169.180 1069.346 1014.060 1024.103 979.751 920.883 862.155 784.990 732.444 654.543 622.295 625.783 592.024 566.846 554.436 550.784 535.710 532.073 565.932
-999.250 -999.250 -999.250 -999.250 -999.250 -999.250 -999.250 -999.250 -999.250 -999.250 -999.250 -999.250 -999.250 -999.250 -999.250 -999.250 -999.250 -999.250 -999.250 -999.250 -999.250 -999.250 -999.250 -999.250 -999.250 -999.250 -999.250 -999.250 -999.250 -999.250 -999.250 1515.136 1528.943 1510.135 1533.946 1553.037 1481.224 1499.370 1464.272 1496.209 1422.951 1375.703 1338.022 1284.525 1248.879 1185.168 1097.154 1062.420 1036.672 992.174 952.631 819.118 778.327 783.756 697.340 636.846 643.153 609.867 581.886 521.444 532.702 513.993 517.294 526.055
-999.250 -999.250 -999.250 -999.250 -999.250 -999.250 -999.250 -999.250 -999.250 -999.250 -999.250 -999.250 -999.250 -999.250 -999.250 -999.250 -999.250 -999.250 -999.250 -999.250 -999.250 -999.250 -999.250 -999.250 -999.250 -999.250 -999.250 -999.250 -999.250 -999.250 -999.250 1545.297 1586.035 1557.906 1586.978 1435.459 1452.771 1445.216 1477.972 1395.869 1442.197 1397.101 1360.866 1303.142 1284.624 1155.586 1114.735 1123.390 1082.722 1004.857 954.423 847.852 848.461 727.612 721.292 663.034 616.804 579.762 552.686 517.223 472.746 487.820 485.281 521.087
-999.250 -999.250 -999.250 -999.250 -999.250 -999.250 -999.250 -999.250 -999.250 -999.250 -999.250 -999.250 -999.250 -999.250 -999.250 -999.250 -999.250 -999.250 -999.250 -999.250 -999.250 -999.250 -999.250 -999.250 -999.250 -999.250 -999.250 -999.250 -999.250 -999.250 -999.250 1547.368 1563.500 1552.823 1533.618 1492.508 1460.258 1446.410 1468.640 1448.579 1447.208 1426.777 1448.159 1318.946 1256.598 1194.427 1179.431 1129.000 1103.015 1011.228 967.102 931.059 868.002 723.048 677.402 640.422 603.034 567.152 519.220 471.039 453.013 434.883 455.545 456.366
-999.250 -999.250 -999.250 -999.250 -999.250 -999.250 -999.250 -999.250 -999.250 -999.250 -999.250 -999.250 -999.250 -999.250 -999.250 -999.250 -999.250 -999.250 -999.250 -999.250 -999.250 -999.250 -999.250 -999.250 -999.250 -999.250 -999.250 -999.250 -999.250 -999.250 -999.250 1491.438 1523.664 1541.599 1530.316 1514.250 1515.465 1484.394 1493.637 1389.852 1401.929 1390.701 1420.133 1365.218 1309.024 1235.870 1150.663 1154.877 1091.434 1053.163 1016.394 924.494 860.390 771.478 758.067 646.262 596.530 550.659 490.175 453.180 421.381 405.628 370.349 393.354
-999.250 -999.250 -999.250 -999.250 -999.250 -999.250 -999.250 -999.250 -999.250 -999.250 -999.250 -999.250 -999.250 -999.250 -999.250 -999.250 -999.250 -999.250 -999.250 -999.250 -999.250 -999.250 -999.250 -999.250 -999.250 -999.250 -999.250 -999.250 -999.250 -999.250 -999.250 1432.112 1501.529 1486.938 1515.652 1520.011 1482.988 1457.835 1459.205 1476.031 1425.971 1442.292 1423.080 1381.331 1350.307 1300.909 1229.555 1168.450 1099.828 1061.035 1060.212 931.440 871.943 745.045 747.287 638.099 618.845 578.455 484.471 440.455 392.397 369.475 317.659 302.796
-999.250 -999.250 -999.250 -999.250 -999.250 -999.250 -999.250 -999.250 -999.250 -999.250 -999.250 -999.250 -999.250 -999.250 -999.250 -999.250 -999.250 -999.250 -999.250 -999.250 -999.250 -999.250 -999.250 -999.250 -999.250 -999.250 -999.250 -999.250 -999.250 -999.250 -999.250 1400.256 1415.449 1533.962 1557.914 1529.657 1514.786 1472.183 1479.781 1476.535 1495.516 1511.338 1504.209 1418.596 1366.972 1287.493 1278.880 1195.561 1172.280 1100.871 1066.411 945.052 897.618 812.653 693.299 657.261 620.788 588.143 468.045 424.577 387.511 318.233 262.138 236.933
-999.250 -999.250 -999.250 -999.250 -999.250 -999.250 -999.250 -999.250 -999.250 -999.250 -999.250 -999.250 -999.250 -999.250 -999.250 -999.250 -999.250 -999.250 -999.250 -999.250 -999.250 -999.250 -999.250 -999.250 -999.250 -999.250 -999.250 -999.250 -999.250 -999.250 -999.250 1351.863 1406.707 1444.154 1553.011 1550.009 1508.288 1503.153 1488.339 1502.058 1549.823 1525.345 1513.526 1456.939 1376.729 1336.276 1308.961 1266.153 1183.963 1067.484 1035.079 978.203 881.354 828.914 780.290 639.055 625.425 579.918 529.815 435.794 364.150 283.382 230.115 198.120
-999.250 -999.250 -999.250 -999.250 -999.250 -999.250 -999.250 -999.250 -999.250 -999.250 -999.250 -999.250 -999.250 -999.250 -999.250 -999.250 -999.250 -999.250 -999.250 -999.250 -999.250 -999.250 -999.250 -999.250 -999.250 -999.250 -999.250 -999.250 -999.250 -999.250 -999.250 1286.357 1335.739 1330.002 1451.825 1445.651 1448.882 1398.119 1471.244 1475.563 1530.503 1526.355 1505.439 1458.649 1393.796 1385.197 1266.077 1245.598 1168.597 1121.342 1015.810 968.640 886.569 834.600 771.488 686.904 624.692 578.730 532.057 453.234 376.623 288.104 237.848 192.688
-999.250 -999.250 -999.250 -999.250 -999.250 -999.250 -999.250 -999.250 -999.250 -999.250 -999.250 -999.250 -999.250 -999.250 -999.250 -999.250 -999.250 -999.250 -999.250 -999.250 -999.250 -999.250 -999.250 -999.250 -999.250 -999.250 -999.250 -999.250 -999.250 -999.250 -999.250 1312.235 1271.633 1309.368 1361.458 1367.416 1432.995 1428.347 1459.949 1477.325 1533.417 1572.932 1483.110 1493.257 1418.784 1361.802 1274.437 1240.973 1160.402 1138.039 1078.174 984.363 972.359 883.477 782.956 723.737 648.926 607.152 519.609 452.486 393.129 339.074 278.886 222.260
-999.250 -999.250 -999.250 -999.250 -999.250 -999.250 -999.250 -999.250 -999.250 -999.250 -999.250 -999.250 -999.250 -999.250 -999.250 -999.250 -999.250 -999.250 -999.250 -999.250 -999.250 -999.250 -999.250 -999.250 -999.250 -999.250 -999.250 -999.250 -999.250 -999.250 -999.250 1250.875 1270.737 1261.334 1289.101 1329.318 1376.201 1342.457 1408.230 1434.651 1531.613 1577.977 1528.427 1457.331 1393.049 1400.686 1279.368 1261.394 1248.981 1158.377 1109.129 1027.190 965.783 902.418 845.773 779.026 666.704 621.572 569.116 486.620 447.254 382.122 334.500 295.115
-999.250 -999.250 -999.250 -999.250 -999.250 -999.250 -999.250 -999.250 -999.250 -999.250 -999.250 -999.250 -999.250 -999.250 -999.250 -999.250 -999.250 -999.250 -999.250 -999.250 -999.250 -999.250 -999.250 -999.250 -999.250 -999.250 -999.250 -999.250 -999.250 -999.250 -999.250 1216.494 1190.608 1211.867 1206.982 1277.503 1329.586 1359.759 1308.063 1393.404 1405.127 1480.814 1503.228 1430.036 1370.805 1319.838 1271.867 1264.139 1175.437 1156.925 1134.459 1026.970 985.319 890.294 841.483 797.410 706.575 645.444 591.750 555.585 488.354 446.924 404.033 392.706
-999.250 -999.250 -999.250 -999.250 -999.250 -999.250 -999.250 -999.250 -999.250 -999.250 -999.250 -999.250 -999.250 -999.250 -999.250 -999.250 -999.250 -999.250 -999.250 -999.250 -999.250 -999.250 -999.250 -999.250 -999.250 -999.250 -999.250 -999.250 -999.250 -999.250 -999.250 1171.512 1178.968 1156.201 1221.731 1161.698 1264.793 1305.407 1320.828 1353.347 1392.192 1423.610 1429.776 1412.392 1334.851 1280.790 1203.271 1199.918 1134.782 1084.160 1122.559 1032.735 971.960 872.281 866.519 806.526 793.283 680.196 637.685 582.137 541.386 492.235 465.464 463.768
-999.250 -999.250 -999.250 -999.250 -999.250 -999.250 -999.250 -999.250 -999.250 -999.250 -999.250 -999.250 -999.250 -999.250 -999.250 -999.250 -999.250 -999.250 -999.250 -999.250 -999.250 -999.250 -999.250 -999.250 -999.250 -999.250 -999.250 -999.250 -999.250 -999.250 -999.250 1080.070 1128.630 1117.143 1137.527 1150.709 1187.034 1197.630 1215.826 1281.905 1311.709 1323.764 1365.812 1361.590 1323.182 1276.871 1230.794 1211.161 1188.977 1092.211 1099.731 1036.644 1016.616 904.973 888.249 846.541 781.792 752.360 649.368 614.803 585.611 571.157 568.593 554.791
-999.250 -999.250 -999.250 -999.250 -999.250 -999.250 -999.250 -999.250 -999.250 -999.250 -999.250 -999.250 -999.250 -999.250 -999.250 -999.250 -999.250 -999.250 -999.250 -999.250 -999.250 -999.250 -999.250 -999.250 -999.250 -999.250 -999.250 -999.250 -999.250 -999.250 997.007 1032.752 1041.215 1058.967 1055.203 1072.440 1082.307 1118.611 1148.908 1189.195 1247.594 1281.845 1313.653 1303.894 1284.220 1275.116 1232.693 1184.485 1153.725 1109.164 1065.202 1029.909 996.800 971.500 951.429 879.281 843.527 805.317 691.253 658.209 626.450 636.293 617.628 601.071
-999.250 -999.250 -999.250 -999.250 -999.250 -999.250 -999.250 -999.250 -999.250 -999.250 -999.250 -999.250 -999.250 -999.250 -999.250 -999.250 -999.250 -999.250 -999.250 -999.250 -999.250 -999.250 -999.250 -999.250 -999.250 -999.250 -999.250 -999.250 -999.250 -999.250 957.380 961.149 1027.268 1022.220 1007.343 1007.493 1036.586 1062.884 1125.847 1136.882 1231.378 1267.147 1253.429 1249.796 1237.733 1261.213 1243.014 1210.359 1149.666 1113.101 1090.341 1110.029 1036.333 1000.272 1000.939 940.472 885.327 848.677 786.711 741.988 726.615 688.388 693.858 727.178
-999.250 -999.250 -999.250 -999.250 -999.250 -999.250 -999.250 -999.250 -999.250 -999.250 -999.250 -999.250 -999.250 -999.250 -999.250 -999.250 -999.250 -999.250 -999.250 -999.250 -999.250 -999.250 -999.250 -999.250 -999.250 -999.250 -999.250 -999.250 -999.250 -999.250 885.646 889.564 887.018 927.024 975.187 931.546 1018.948 1011.182 1081.804 1089.227 1079.128 1125.427 1234.870 1202.673 1249.307 1245.740 1166.071 1157.082 1166.154 1171.110 1109.466 1106.340 1079.717 1030.667 1014.712 1013.624 883.706 938.724 867.175 809.364 868.587 819.225 819.791 843.543
-999.250 -999.250 -999.250 -999.250 -999.250 -999.250 -999.250 -999.250 -999.250 -999.250 -999.250 -999.250 -999.250 -999.250 -999.250 -999.250 -999.250 -999.250 -999.250 -999.250 -999.250 -999.250 -999.250 -999.250 -999.250 -999.250 -999.250 -999.250 -999.250 -999.250 836.348 847.922 867.121 829.984 866.716 861.874 886.577 899.898 1002.536 972.399 1010.583 1062.821 1098.977 1133.679 1167.886 1200.399 1167.610 1159.338 1186.057 1173.604 1103.952 1155.748 1126.123 1061.374 1057.653 1037.628 1000.982 992.401 984.870 933.253 946.313 898.878 929.767 937.164
-999.250 -999.250 -999.250 -999.250 -999.250 -999.250 -999.250 -999.250 -999.250 -999.250 -999.250 -999.250 -999.250 -999.250 -999.250 -999.250 -999.250 -999.250 -999.250 -999.250 -999.250 -999.250 -999.250 -999.250 -999.250 -999.250 -999.250 -999.250 -999.250 753.341 791.851 757.121 792.202 767.426 767.199 752.864 801.699 817.272 846.134 880.251 957.299 1022.593 1062.997 1055.402 1111.356 1129.638 1152.008 1129.641 1156.166 1123.150 1114.747 1201.744 1168.025 1101.005 1112.373 1091.703 1072.012 1019.758 1031.318 1000.804 1021.223 993.307 964.050 1029.996
-999.250 -999.250 -999.250 -999.250 -999.250 -999.250 -999.250 -999.250 -999.250 -999.250 -999.250 -999.250 -999.250 -999.250 -999.250 -999.250 -999.250 -999.250 -999.250 -999.250 -999.250 -999.250 -999.250 -999.250 -999.250 -999.250 -999.250 -999.250 -999.250 643.559 669.941 706.954 695.719 708.011 695.291 693.595 680.907 753.459 815.632 860.690 928.208 922.808 983.094 1021.344 1052.075 1101.021 1101.503 1116.409 1161.122 1124.112 1174.087 1248.786 1208.290 1160.439 1168.418 1159.384 1135.970 1113.295 1097.974 1088.035 1072.611 1078.905 1050.308 1031.495
-999.250 -999.250 -999.250 -999.250 -999.250 -999.250 -999.250 -999.250 -999.250 -999.250 -999.250 -999.250 -999.250 -999.250 -999.250 -999.250 -999.250 -999.250 -999.250 -999.250 -999.250 -999.250 -999.250 -999.250 -999.250 -999.250 -999.250 -999.250 649.530 640.415 653.071 639.314 643.476 634.496 627.710 625.260 625.195 669.324 773.778 842.432 901.499 859.793 902.997 958.934 1048.239 1057.437 1110.909 1133.339 1148.494 1201.668 1192.769 1202.324 1212.396 1252.494 1279.714 1229.305 1213.209 1278.662 1215.675 1211.597 1214.521 1242.803 1234.130 1144.631
-999.250 -999.250 -999.250 -999.250 -999.250 -999.250 -999.250 -999.250 -999.250 -999.250 -999.250 -999.250 -999.250 -999.250 -999.250 -999.250 -999.250 -999.250 -999.250 -999.250 -999.250 -999.250 -999.250 -999.250 -999.250 -999.250 -999.250 -999.250 638.908 636.309 616.410 624.188 624.175 615.735 614.241 611.186 623.409 635.374 678.800 788.909 825.101 897.871 903.172 904.705 1015.229 1042.340 1099.625 1114.207 1169.880 1167.675 1213.034 1189.468 1200.677 1274.508 1333.266 1355.097 1334.238 1324.479 1326.704 1317.757 1279.579 1284.126 1257.101 1150.145
-999.250 -999.250 -999.250 -999.250 -999.250 -999.250 -999.250 -999.250 -999.250 -999.250 -999.250 -999.250 -999.250 -999.250 -999.250 -999.250 -999.250 -999.250 -999.250 -999.250 -999.250 -999.250 -999.250 -999.250 -999.250 -999.250 -999.250 605.927 618.041 614.561 607.622 605.945 608.834 590.164 603.288 610.617 631.228 644.662 737.826 797.496 805.731 873.395 983.529 969.497 932.880 1052.544 1105.914 1119.723 1114.719 1177.726 1243.644 1263.899 1273.829 1332.887 1393.222 1398.603 1445.920 1425.398 1391.246 1382.766 1374.158 1311.970 1326.393 1304.030
