data/medianmodel_08-May-2020.asc
ncols	141
nrows	288
xllcorner	-120191.398
yllcorner	-301404.813
cellsize	2000.000
NODATA_value	-999.250
[rows 93 to 123 of 288, columns 0 to 68 of 141]
-999.250 -999.250 -999.250 -999.250 -999.250 -999.250 -999.250 -999.250 -999.250 -999.250 -999.250 -999.250 -999.250 -999.250 -999.250 -999.250 -999.250 -999.250 -999.250 -999.250 -999.250 -999.250 -999.250 -999.250 -999.250 -999.250 -999.250 -999.250 -999.250 -999.250 -999.250 0.000 0.000 0.163 3.571 6.392 11.376 13.328 21.057 24.515 20.805 22.700 24.476 24.024 23.146 19.598 22.012 15.679 13.991 8.963 10.681 9.114 6.726 8.504 9.048 6.130 7.611 3.066 1.353 0.000 0.000 0.000 0.000 0.000 0.000 0.000 0.000 2.361 5.517
-999.250 -999.250 -999.250 -999.250 -999.250 -999.250 -999.250 -999.250 -999.250 -999.250 -999.250 -999.250 -999.250 -999.250 -999.250 -999.250 -999.250 -999.250 -999.250 -999.250 -999.250 -999.250 -999.250 -999.250 -999.250 -999.250 -999.250 -999.250 -999.250 -999.250 -999.250 0.000 0.000 0.000 0.776 2.721 9.328 12.208 13.888 19.176 19.111 18.082 20.757 19.914 18.213 17.791 15.718 10.865 8.782 10.249 11.681 9.895 8.692 9.790 7.351 7.297 5.356 4.010 1.423 0.000 0.000 0.000 0.000 0.000 0.000 0.000 0.000 0.000 3.787
-999.250 -999.250 -999.250 -999.250 -999.250 -999.250 -999.250 -999.250 -999.250 -999.250 -999.250 -999.250 -999.250 -999.250 -999.250 -999.250 -999.250 -999.250 -999.250 -999.250 -999.250 -999.250 -999.250 -999.250 -999.250 -999.250 -999.250 -999.250 -999.250 -999.250 -999.250 0.660 0.752 0.000 0.000 3.724 10.384 12.811 15.646 17.082 18.548 15.304 15.760 17.351 15.019 12.361 11.494 10.270 9.891 8.952 8.011 8.620 9.654 9.810 11.271 8.394 5.464 3.744 1.883 0.000 0.000 0.000 0.000 0.000 0.000 0.000 0.000 0.000 2.561
-999.250 -999.250 -999.250 -999.250 -999.250 -999.250 -999.250 -999.250 -999.250 -999.250 -999.250 -999.250 -999.250 -999.250 -999.250 -999.250 -999.250 -999.250 -999.250 -999.250 -999.250 -999.250 -999.250 -999.250 -999.250 -999.250 -999.250 -999.250 -999.250 -999.250 1.895 0.000 0.000 1.347 0.710 6.148 6.242 12.255 14.959 14.081 14.923 15.364 14.223 11.747 11.322 6.850 4.103 6.164 5.589 6.175 6.799 9.417 10.874 9.466 8.783 10.428 9.014 6.790 3.078 0.000 0.000 0.000 0.000 0.000 0.000 0.000 0.000 2.849 3.882
-999.250 -999.250 -999.250 -999.250 -999.250 -999.250 -999.250 -999.250 -999.250 -999.250 -999.250 -999.250 -999.250 -999.250 -999.250 -999.250 -999.250 -999.250 -999.250 -999.250 -999.250 -999.250 -999.250 -999.250 -999.250 -999.250 -999.250 -999.250 -999.250 -999.250 3.028 3.111 1.951 3.110 2.985 5.925 9.079 10.987 11.402 15.164 17.494 15.200 11.179 8.757 6.173 2.409 0.000 1.602 4.038 6.574 4.323 8.500 9.599 10.011 8.521 9.677 10.873 9.995 5.311 1.277 0.000 0.000 0.000 0.000 0.000 0.000 1.546 3.205 4.494
-999.250 -999.250 -999.250 -999.250 -999.250 -999.250 -999.250 -999.250 -999.250 -999.250 -999.250 -999.250 -999.250 -999.250 -999.250 -999.250 -999.250 -999.250 -999.250 -999.250 -999.250 -999.250 -999.250 -999.250 -999.250 -999.250 -999.250 -999.250 -999.250 -999.250 4.542 6.716 4.758 3.808 5.887 8.980 7.764 10.613 12.425 14.634 17.784 15.708 14.432 8.642 7.687 4.694 2.212 0.000 4.906 7.480 5.145 9.025 13.008 14.410 13.166 11.820 10.710 11.360 4.978 3.675 3.349 0.000 0.000 0.000 0.000 0.188 3.350 6.426 9.073
-999.250 -999.250 -999.250 -999.250 -999.250 -999.250 -999.250 -999.250 -999.250 -999.250 -999.250 -999.250 -999.250 -999.250 -999.250 -999.250 -999.250 -999.250 -999.250 -999.250 -999.250 -999.250 -999.250 -999.250 -999.250 -999.250 -999.250 -999.250 -999.250 -999.250 7.988 6.454 5.064 5.080 5.473 7.797 10.341 11.388 12.063 16.632 22.850 18.889 14.049 10.182 10.524 6.063 4.588 5.896 7.116 8.089 8.005 12.176 16.197 15.261 15.590 14.729 12.162 11.621 7.543 7.299 4.543 1.835 0.000 0.000 0.000 1.715 2.179 5.601 8.671
-999.250 -999.250 -999.250 -999.250 -999.250 -999.250 -999.250 -999.250 -999.250 -999.250 -999.250 -999.250 -999.250 -999.250 -999.250 -999.250 -999.250 -999.250 -999.250 -999.250 -999.250 -999.250 -999.250 -999.250 -999.250 -999.250 -999.250 -999.250 -999.250 8.809 8.199 6.661 4.626 5.106 7.764 5.238 8.303 10.124 14.182 15.361 16.481 14.968 11.730 14.165 10.489 8.443 9.530 11.382 12.570 10.483 15.008 16.341 16.879 16.794 15.571 14.482 13.016 11.082 9.833 8.815 4.043 0.262 0.000 0.000 0.000 1.722 3.888 4.554 8.673
-999.250 -999.250 -999.250 -999.250 -999.250 -999.250 -999.250 -999.250 -999.250 -999.250 -999.250 -999.250 -999.250 -999.250 -999.250 -999.250 -999.250 -999.250 -999.250 -999.250 -999.250 -999.250 -999.250 -999.250 -999.250 -999.250 -999.250 -999.250 -999.250 7.419 8.457 9.941 7.607 6.051 5.536 6.963 8.729 9.960 12.147 17.763 15.960 15.761 15.230 16.807 15.281 13.088 14.113 18.316 16.394 13.447 13.962 17.075 20.731 20.553 18.543 15.999 13.452 11.216 11.600 7.932 4.440 2.438 0.000 0.000 0.000 0.316 4.426 4.496 9.652
-999.250 -999.250 -999.250 -999.250 -999.250 -999.250 -999.250 -999.250 -999.250 -999.250 -999.250 -999.250 -999.250 -999.250 -999.250 -999.250 -999.250 -999.250 -999.250 -999.250 -999.250 -999.250 -999.250 -999.250 -999.250 -999.250 -999.250 -999.250 -999.250 5.868 7.969 7.067 5.390 8.079 6.322 7.128 8.879 11.316 11.456 14.763 15.777 17.321 16.546 16.958 18.923 19.155 19.317 19.623 21.015 19.995 18.706 18.165 21.312 29.210 19.559 14.756 13.805 13.861 11.395 9.683 5.995 3.421 1.089 1.657 1.183 1.746 2.999 3.990 6.494
-999.250 -999.250 -999.250 -999.250 -999.250 -999.250 -999.250 -999.250 -999.250 -999.250 -999.250 -999.250 -999.250 -999.250 -999.250 -999.250 -999.250 -999.250 -999.250 -999.250 -999.250 -999.250 -999.250 -999.250 -999.250 -999.250 -999.250 -999.250 -999.250 6.003 6.219 5.554 9.455 6.160 6.827 4.404 7.494 8.552 11.623 13.633 19.656 18.449 18.679 21.786 25.447 26.018 25.810 23.356 25.447 22.602 21.514 25.236 24.416 22.579 18.213 12.836 12.992 11.503 9.545 9.755 8.619 3.785 1.804 1.961 0.845 2.627 3.200 4.277 7.545
-999.250 -999.250 -999.250 -999.250 -999.250 -999.250 -999.250 -999.250 -999.250 -999.250 -999.250 -999.250 -999.250 -999.250 -999.250 -999.250 -999.250 -999.250 -999.250 -999.250 -999.250 -999.250 -999.250 -999.250 -999.250 -999.250 -999.250 -999.250 9.800 7.374 4.993 4.658 4.252 2.670 3.707 2.517 5.744 4.675 8.642 14.174 20.572 20.800 25.787 27.381 32.578 40.187 37.977 35.361 36.101 25.866 24.252 24.064 20.392 17.635 16.881 12.146 11.377 11.303 9.616 11.439 9.205 4.430 2.123 0.700 0.059 1.792 1.949 3.374 4.403
-999.250 -999.250 -999.250 -999.250 -999.250 -999.250 -999.250 -999.250 -999.250 -999.250 -999.250 -999.250 -999.250 -999.250 -999.250 -999.250 -999.250 -999.250 -999.250 -999.250 -999.250 -999.250 -999.250 -999.250 -999.250 -999.250 -999.250 -999.250 8.146 8.146 5.039 4.470 2.181 1.288 1.144 2.666 2.286 3.244 6.515 12.836 20.117 24.706 29.037 35.048 36.796 41.802 52.174 45.671 35.571 34.451 27.842 23.992 20.416 16.547 13.032 9.879 10.602 10.812 13.279 13.342 11.526 8.815 8.226 2.391 2.221 1.873 4.662 2.779 2.172
-999.250 -999.250 -999.250 -999.250 -999.250 -999.250 -999.250 -999.250 -999.250 -999.250 -999.250 -999.250 -999.250 -999.250 -999.250 -999.250 -999.250 -999.250 -999.250 -999.250 -999.250 -999.250 -999.250 -999.250 -999.250 -999.250 -999.250 9.076 8.917 6.937 3.732 1.735 0.060 1.233 1.021 0.000 0.718 2.883 3.965 11.590 17.413 23.269 32.832 42.076 38.974 41.837 44.647 49.088 48.047 35.141 26.735 24.334 19.367 15.487 14.236 10.872 13.171 15.150 17.841 17.285 17.115 11.732 9.938 6.888 6.161 5.855 5.255 4.763 2.231
-999.250 -999.250 -999.250 -999.250 -999.250 -999.250 -999.250 -999.250 -999.250 -999.250 -999.250 -999.250 -999.250 -999.250 -999.250 -999.250 -999.250 -999.250 -999.250 -999.250 -999.250 -999.250 -999.250 -999.250 -999.250 -999.250 -999.250 7.888 6.793 3.974 1.873 0.732 0.000 0.000 0.156 0.000 0.000 1.956 5.403 12.097 21.243 25.681 42.784 36.676 43.018 50.081 50.696 52.595 44.827 38.343 32.411 22.015 18.710 13.672 14.411 14.710 13.029 15.620 20.063 20.884 22.757 19.188 13.444 9.079 7.448 6.338 8.289 6.056 3.329
-999.250 -999.250 -999.250 -999.250 -999.250 -999.250 -999.250 -999.250 -999.250 -999.250 -999.250 -999.250 -999.250 -999.250 -999.250 -999.250 -999.250 -999.250 -999.250 -999.250 -999.250 -999.250 -999.250 -999.250 -999.250 -999.250 -999.250 7.066 5.766 2.238 1.416 0.102 0.000 0.000 0.000 0.000 0.000 1.099 5.474 13.620 23.561 33.505 47.043 45.883 52.803 54.063 53.511 52.898 41.939 37.443 25.373 19.544 17.527 14.109 12.812 12.191 13.625 20.500 26.902 29.132 32.953 31.418 24.970 21.055 16.674 11.888 9.780 7.388 3.677
-999.250 -999.250 -999.250 -999.250 -999.250 -999.250 -999.250 -999.250 -999.250 -999.250 -999.250 -999.250 -999.250 -999.250 -999.250 -999.250 -999.250 -999.250 -999.250 -999.250 -999.250 -999.250 -999.250 -999.250 -999.250 -999.250 -999.250 4.975 3.414 1.236 1.702 0.000 0.000 0.000 0.000 0.000 0.000 2.261 9.102 14.608 22.663 37.392 48.646 48.773 56.381 58.563 58.090 54.706 42.359 39.425 32.592 22.406 17.570 10.134 11.515 10.649 17.865 24.227 34.918 43.222 44.932 47.025 39.177 37.664 27.903 18.977 12.851 7.622 6.261
-999.250 -999.250 -999.250 -999.250 -999.250 -999.250 -999.250 -999.250 -999.250 -999.250 -999.250 -999.250 -999.250 -999.250 -999.250 -999.250 -999.250 -999.250 -999.250 -999.250 -999.250 -999.250 -999.250 -999.250 -999.250 -999.250 -999.250 -999.250 4.617 2.665 1.809 0.000 0.000 0.000 0.000 0.000 0.000 2.814 8.032 15.036 23.238 32.427 48.160 57.300 60.207 63.052 65.500 43.647 45.615 35.649 29.431 25.904 14.493 10.117 9.759 10.060 18.131 26.771 38.595 56.153 65.975 60.210 53.864 44.807 34.305 22.767 16.308 12.955 9.072
-999.250 -999.250 -999.250 -999.250 -999.250 -999.250 -999.250 -999.250 -999.250 -999.250 -999.250 -999.250 -999.250 -999.250 -999.250 -999.250 -999.250 -999.250 -999.250 -999.250 -999.250 -999.250 -999.250 -999.250 -999.250 -999.250 -999.250 -999.250 5.270 5.908 2.513 1.538 0.000 0.000 0.000 0.000 0.000 1.876 7.078 14.105 21.949 42.405 48.610 53.641 59.052 64.843 64.543 58.617 42.912 35.992 25.182 22.028 13.902 10.538 6.424 10.354 18.183 25.848 45.131 63.896 78.844 68.775 55.211 46.059 40.791 28.493 20.019 15.723 10.114
-999.250 -999.250 -999.250 -999.250 -999.250 -999.250 -999.250 -999.250 -999.250 -999.250 -999.250 -999.250 -999.250 -999.250 -999.250 -999.250 -999.250 -999.250 -999.250 -999.250 -999.250 -999.250 -999.250 -999.250 -999.250 -999.250 -999.250 -999.250 7.002 5.816 4.035 0.293 0.000 0.000 0.000 0.000 0.000 1.595 7.913 10.228 21.643 36.138 53.001 58.802 70.883 72.085 70.226 58.034 47.113 38.305 26.659 21.804 13.443 8.568 3.852 5.828 15.319 27.202 46.354 61.228 71.096 66.450 57.404 51.238 42.393 30.291 23.054 14.688 9.469
-999.250 -999.250 -999.250 -999.250 -999.250 -999.250 -999.250 -999.250 -999.250 -999.250 -999.250 -999.250 -999.250 -999.250 -999.250 -999.250 -999.250 -999.250 -999.250 -999.250 -999.250 -999.250 -999.250 -999.250 -999.250 -999.250 -999.250 -999.250 9.112 5.768 3.715 0.291 0.000 0.000 0.000 0.000 0.000 0.000 2.632 8.023 17.108 39.180 45.973 51.658 74.055 78.949 67.324 52.924 51.211 36.719 28.692 23.607 13.746 7.593 4.160 7.614 10.832 21.981 38.246 47.425 50.024 59.116 53.836 49.605 40.363 32.912 26.242 15.546 9.100
-999.250 -999.250 -999.250 -999.250 -999.250 -999.250 -999.250 -999.250 -999.250 -999.250 -999.250 -999.250 -999.250 -999.250 -999.250 -999.250 -999.250 -999.250 -999.250 -999.250 -999.250 -999.250 -999.250 -999.250 -999.250 -999.250 -999.250 -999.250 8.613 6.853 5.020 4.690 0.000 0.000 0.000 0.000 0.000 0.000 0.000 3.470 15.345 33.168 48.213 54.378 62.822 69.370 60.451 55.671 39.229 31.783 24.870 17.414 10.742 4.983 5.178 5.820 10.159 18.827 25.122 40.908 47.981 49.948 55.417 45.718 43.575 34.604 26.571 17.283 11.742
-999.250 -999.250 -999.250 -999.250 -999.250 -999.250 -999.250 -999.250 -999.250 -999.250 -999.250 -999.250 -999.250 -999.250 -999.250 -999.250 -999.250 -999.250 -999.250 -999.250 -999.250 -999.250 -999.250 -999.250 -999.250 -999.250 -999.250 7.632 9.139 7.508 6.218 2.318 0.000 0.000 0.000 0.000 0.000 0.000 0.000 0.000 13.209 21.884 37.867 44.424 55.409 56.719 45.052 43.261 37.023 30.032 18.109 14.139 7.946 2.702 1.527 1.686 5.067 13.575 21.230 34.818 37.152 43.242 37.889 40.874 33.306 32.040 24.369 17.235 12.172
-999.250 -999.250 -999.250 -999.250 -999.250 -999.250 -999.250 -999.250 -999.250 -999.250 -999.250 -999.250 -999.250 -999.250 -999.250 -999.250 -999.250 -999.250 -999.250 -999.250 -999.250 -999.250 -999.250 -999.250 -999.250 -999.250 -999.250 6.892 8.215 6.994 5.943 1.861 0.292 0.000 0.000 0.000 0.000 0.000 0.000 0.241 7.615 17.826 24.962 32.328 46.954 51.565 44.200 36.861 32.025 24.974 15.628 10.393 5.885 0.331 0.000 0.000 1.964 7.718 16.316 22.957 31.653 35.780 32.410 33.247 31.790 29.013 18.503 16.262 14.479
-999.250 -999.250 -999.250 -999.250 -999.250 -999.250 -999.250 -999.250 -999.250 -999.250 -999.250 -999.250 -999.250 -999.250 -999.250 -999.250 -999.250 -999.250 -999.250 -999.250 -999.250 -999.250 -999.250 -999.250 -999.250 -999.250 -999.250 7.852 6.146 5.818 5.563 4.384 0.947 0.000 0.000 0.000 0.000 0.000 0.000 1.099 6.401 17.224 22.671 31.961 34.654 36.306 33.681 30.456 25.918 18.529 15.122 9.658 4.942 0.304 0.000 0.000 0.000 0.000 8.623 17.168 22.556 24.858 35.136 30.385 24.033 23.962 22.139 15.471 12.083
-999.250 -999.250 -999.250 -999.250 -999.250 -999.250 -999.250 -999.250 -999.250 -999.250 -999.250 -999.250 -999.250 -999.250 -999.250 -999.250 -999.250 -999.250 -999.250 -999.250 -999.250 -999.250 -999.250 -999.250 -999.250 -999.250 10.281 9.504 7.988 5.959 6.371 3.865 1.628 0.000 0.000 0.000 0.000 0.000 0.000 2.048 9.025 14.928 20.477 22.956 23.625 29.854 30.349 23.358 21.387 16.834 11.877 8.618 5.149 0.467 0.000 0.000 0.000 0.000 4.383 11.978 15.846 21.346 22.992 22.691 21.411 20.967 17.646 13.800 12.454
-999.250 -999.250 -999.250 -999.250 -999.250 -999.250 -999.250 -999.250 -999.250 -999.250 -999.250 -999.250 -999.250 -999.250 -999.250 -999.250 -999.250 -999.250 -999.250 -999.250 -999.250 -999.250 -999.250 -999.250 -999.250 -999.250 7.232 7.908 8.926 5.396 6.152 4.454 4.841 1.627 0.010 0.000 0.000 0.000 0.009 4.581 10.174 12.355 20.527 19.407 22.403 22.000 20.335 22.325 21.235 15.270 11.613 9.405 4.177 0.086 0.000 0.000 0.000 0.000 3.352 8.512 10.807 15.798 16.201 20.302 17.165 14.844 16.499 16.701 13.549
-999.250 -999.250 -999.250 -999.250 -999.250 -999.250 -999.250 -999.250 -999.250 -999.250 -999.250 -999.250 -999.250 -999.250 -999.250 -999.250 -999.250 -999.250 -999.250 -999.250 -999.250 -999.250 -999.250 -999.250 -999.250 -999.250 6.356 9.180 6.626 7.020 7.059 5.451 4.567 2.350 0.132 0.331 0.601 0.731 1.202 5.053 10.313 9.212 16.498 18.830 16.830 16.505 18.635 18.309 20.399 14.747 12.080 6.708 3.707 2.131 0.000 0.000 0.000 0.000 0.336 5.167 9.775 10.737 12.779 13.122 13.783 13.036 17.652 15.499 13.030
-999.250 -999.250 -999.250 -999.250 -999.250 -999.250 -999.250 -999.250 -999.250 -999.250 -999.250 -999.250 -999.250 -999.250 -999.250 -999.250 -999.250 -999.250 -999.250 -999.250 -999.250 -999.250 -999.250 -999.250 -999.250 6.716 5.550 7.536 7.449 8.868 7.824 5.556 4.831 5.713 1.242 1.602 1.961 2.884 3.029 5.243 6.898 11.640 12.380 17.737 18.852 18.133 16.423 20.457 18.360 15.719 12.110 8.115 5.892 4.042 2.210 1.383 0.000 0.000 0.000 1.895 6.728 8.209 9.887 11.635 11.832 12.641 15.469 14.475 13.846
-999.250 -999.250 -999.250 -999.250 -999.250 -999.250 -999.250 -999.250 -999.250 -999.250 -999.250 -999.250 -999.250 -999.250 -999.250 -999.250 -999.250 -999.250 -999.250 -999.250 -999.250 -999.250 -999.250 -999.250 -999.250 5.339 6.329 7.910 7.326 7.978 7.037 5.110 4.505 4.365 3.750 4.425 3.195 4.945 3.731 4.146 7.699 10.474 12.940 18.513 18.148 16.678 20.651 24.919 19.977 16.334 10.665 8.159 6.276 6.099 7.049 2.784 0.068 0.000 0.000 1.030 4.270 6.304 7.895 8.910 7.337 11.743 14.976 15.472 14.998
-999.250 -999.250 -999.250 -999.250 -999.250 -999.250 -999.250 -999.250 -999.250 -999.250 -999.250 -999.250 -999.250 -999.250 -999.250 -999.250 -999.250 -999.250 -999.250 -999.250 -999.250 -999.250 -999.250 -999.250 -999.250 4.779 6.250 6.292 7.491 5.681 8.101 3.918 4.763 7.359 8.332 6.159 3.347 3.891 5.830 9.230 7.065 7.939 11.798 13.599 15.614 15.648 14.893 16.450 16.719 12.532 12.484 12.725 8.605 11.349 9.089 5.034 3.501 1.040 0.056 2.283 2.364 6.357 7.632 7.124 7.400 10.556 10.383 14.608 14.383
