data/medianmodel_29-Sep-2020.asc
ncols	141
nrows	288
xllcorner	-120191.398
yllcorner	-301404.813
cellsize	2000.000
NODATA_value	-999.250
[rows 150 to 179 of 288, columns 0 to 66 of 141]
-999.250 -999.250 -999.250 -999.250 -999.250 -999.250 -999.250 -999.250 -999.250 -999.250 -999.250 -999.250 21.649 21.033 14.886 11.284 11.356 13.473 14.691 16.356 19.893 26.910 31.031 32.699 38.894 40.567 47.944 51.632 56.442 60.309 66.507 67.685 66.667 66.603 67.576 71.107 72.185 83.444 93.792 116.115 155.819 169.898 222.439 257.207 290.448 286.855 210.074 143.000 91.840 66.584 62.180 61.179 59.133 59.241 61.755 60.011 55.456 52.818 48.467 45.702 40.122 39.449 36.019 32.330 33.237 30.608 32.539
-999.250 -999.250 -999.250 -999.250 -999.250 -999.250 -999.250 -999.250 -999.250 -999.250 -999.250 26.040 16.848 14.482 8.997 6.276 5.064 9.172 12.420 15.399 18.301 27.921 30.496 38.905 39.166 47.820 54.320 57.367 61.149 64.886 65.167 73.642 69.057 73.839 73.655 75.764 79.197 92.940 106.282 125.148 159.913 183.814 204.116 258.999 270.205 280.952 189.332 142.619 91.672 70.973 62.940 59.453 57.670 57.267 55.212 55.903 52.500 47.204 40.832 40.504 37.790 34.332 28.933 28.304 29.101 27.688 29.830
-999.250 -999.250 -999.250 -999.250 -999.250 -999.250 -999.250 -999.250 -999.250 -999.250 32.101 24.205 15.025 10.167 3.010 0.000 3.154 6.349 12.622 18.846 22.216 30.817 36.932 47.835 46.174 54.133 60.804 66.363 63.525 71.296 71.142 76.204 77.270 79.926 82.148 81.744 89.388 97.345 126.249 132.485 155.993 187.450 220.199 222.778 249.196 198.894 158.040 114.315 84.729 66.859 58.928 56.542 55.983 55.710 56.834 48.998 44.894 39.642 35.173 31.144 32.643 24.718 24.218 20.466 22.336 25.787 24.229
-999.250 -999.250 -999.250 -999.250 -999.250 -999.250 -999.250 -999.250 -999.250 47.818 35.195 27.737 16.305 9.409 1.516 0.000 0.000 5.282 13.716 19.263 26.074 32.396 39.393 51.635 54.639 63.984 66.477 70.210 70.146 76.667 80.892 81.085 84.598 81.780 82.097 84.885 92.507 105.047 122.802 143.729 160.950 175.407 190.258 198.097 179.230 150.309 105.952 81.884 68.679 61.130 54.806 51.332 52.003 51.008 50.645 42.802 35.884 35.068 28.992 27.687 21.729 24.567 17.492 15.893 20.758 18.166 22.420
-999.250 -999.250 -999.250 -999.250 -999.250 83.840 79.242 69.190 61.234 53.414 38.949 30.319 19.678 11.878 7.447 1.445 3.619 9.549 13.143 19.467 27.606 36.173 44.388 53.081 63.941 71.957 78.813 79.332 77.688 81.360 85.598 85.260 80.867 82.352 86.995 94.887 89.905 101.949 117.940 127.800 151.316 158.507 158.514 155.506 134.204 95.486 54.366 54.983 56.134 52.635 51.479 42.663 45.374 44.832 41.653 34.242 32.323 28.660 25.599 18.561 17.708 16.042 14.114 11.979 14.900 18.141 16.939
-999.250 -999.250 -999.250 -999.250 -999.250 -999.250 -999.250 67.769 65.834 55.275 47.899 31.897 24.461 15.904 12.457 11.556 8.725 10.570 14.197 20.092 27.955 39.170 46.059 59.283 71.335 88.326 82.075 81.307 78.180 84.368 84.752 83.081 86.442 86.836 92.293 86.087 93.349 93.396 109.425 117.601 138.152 137.246 129.690 123.190 101.571 75.026 52.790 41.592 41.712 40.677 37.242 38.604 39.258 37.026 32.729 30.899 26.409 22.356 16.877 14.896 13.659 11.432 11.866 12.363 12.241 15.546 13.681
-999.250 -999.250 -999.250 -999.250 -999.250 -999.250 -999.250 67.204 64.323 55.791 43.668 31.909 27.703 24.169 18.286 16.072 15.209 16.421 16.275 21.893 27.534 36.547 47.579 57.576 70.118 76.865 82.907 79.309 78.361 80.636 83.517 89.321 89.400 87.280 89.076 83.785 86.594 96.577 98.708 96.305 107.965 102.339 105.645 89.531 74.776 58.675 45.227 34.533 32.486 31.565 32.073 30.695 29.146 28.942 24.314 25.310 19.275 15.246 11.946 11.312 8.258 10.845 12.930 11.621 12.965 14.946 13.386
-999.250 -999.250 -999.250 -999.250 -999.250 -999.250 -999.250 62.664 58.907 53.715 47.552 37.019 28.954 27.778 24.898 20.249 19.218 19.868 18.048 23.210 30.771 36.618 50.979 55.108 63.377 75.343 74.834 75.142 75.894 79.695 78.683 87.522 90.694 83.385 88.416 88.172 89.890 91.492 84.407 83.777 78.518 78.798 75.900 69.523 60.808 46.682 35.158 32.700 28.185 27.346 24.336 26.705 23.834 21.769 20.743 18.492 14.744 11.172 11.066 10.014 5.716 7.795 9.073 12.600 13.938 14.604 18.962
-999.250 -999.250 -999.250 -999.250 -999.250 -999.250 -999.250 60.850 55.430 48.220 40.914 33.852 30.528 28.036 30.075 27.892 25.871 21.676 24.109 26.962 29.265 37.950 47.389 55.695 61.111 68.191 71.149 69.050 73.181 79.318 82.527 88.043 88.934 92.801 90.416 91.157 87.328 84.618 81.308 71.405 63.540 55.901 54.019 50.108 41.446 35.104 30.466 29.119 25.533 23.054 21.393 21.168 21.224 17.131 15.456 14.751 12.363 7.758 7.638 9.038 7.347 7.586 9.968 14.526 18.685 18.477 20.478
-999.250 -999.250 -999.250 -999.250 -999.250 -999.250 -999.250 -999.250 51.109 41.885 34.231 31.517 30.470 31.620 31.104 32.146 29.221 27.717 25.236 27.117 30.764 33.840 43.335 55.275 60.020 63.457 66.630 68.759 72.753 73.680 78.990 88.802 86.459 89.306 91.883 93.537 94.242 85.702 68.677 62.040 43.932 35.479 31.271 29.066 29.941 26.972 22.653 24.479 20.910 16.740 16.470 17.830 16.883 13.928 12.709 10.748 8.642 8.061 8.734 10.130 7.302 11.218 13.607 18.560 20.301 23.950 26.308
-999.250 -999.250 -999.250 -999.250 -999.250 -999.250 -999.250 -999.250 46.686 38.677 35.237 32.737 34.066 35.081 34.754 39.815 32.748 29.877 25.342 26.941 28.904 35.978 45.879 49.015 56.055 64.797 60.664 63.827 68.672 71.723 79.215 83.418 85.712 85.877 92.411 100.351 105.452 84.408 68.711 49.277 30.975 14.166 15.693 16.713 17.707 18.344 20.347 16.431 14.443 14.873 14.495 14.623 13.091 10.459 11.424 8.200 8.870 4.752 6.967 10.204 12.442 18.102 21.924 23.670 27.886 33.347 32.817
-999.250 -999.250 -999.250 -999.250 -999.250 -999.250 -999.250 52.334 46.127 38.703 34.448 32.792 35.334 32.632 35.631 36.456 33.468 29.991 26.884 28.514 29.494 33.499 43.819 50.858 55.490 60.756 61.597 68.188 67.249 65.947 72.458 75.668 77.149 83.435 90.069 99.232 114.941 81.632 57.694 38.490 23.053 12.689 9.072 10.456 11.264 12.018 14.252 13.640 12.505 11.828 11.910 10.938 8.516 8.211 7.580 8.876 8.806 9.482 9.040 12.091 17.576 22.564 27.141 29.378 32.206 39.318 38.422
-999.250 -999.250 -999.250 -999.250 -999.250 -999.250 -999.250 57.870 46.414 42.525 37.250 38.594 36.943 34.183 36.253 39.203 33.721 31.776 27.763 30.180 29.255 38.309 44.523 53.563 56.773 59.481 66.847 65.803 66.628 68.274 69.602 71.740 70.527 72.102 80.141 82.107 80.680 71.130 49.978 30.829 17.769 10.774 6.251 4.381 7.877 8.201 10.618 10.089 9.199 8.316 7.659 7.807 3.559 3.617 4.801 6.032 11.229 11.552 13.211 15.896 22.756 29.468 31.497 36.736 38.659 49.092 53.338
-999.250 -999.250 -999.250 -999.250 -999.250 -999.250 -999.250 51.077 48.595 45.505 43.263 40.925 39.812 39.291 36.079 40.896 37.946 35.960 33.457 34.368 36.783 40.884 49.480 60.126 63.418 68.030 68.757 68.681 68.626 69.168 66.208 64.311 66.968 64.283 67.792 66.884 65.102 55.759 39.918 26.618 13.932 7.641 3.252 3.522 5.481 6.983 6.943 6.514 5.676 7.950 5.814 7.101 4.327 1.216 4.194 7.551 10.212 12.594 20.361 21.456 30.599 36.843 43.598 48.347 52.595 59.160 61.424
-999.250 -999.250 -999.250 -999.250 -999.250 -999.250 -999.250 52.701 46.957 46.395 45.890 39.747 39.098 39.224 42.243 40.772 44.157 42.511 38.907 41.428 47.561 49.715 56.139 63.404 63.286 75.326 73.209 75.792 71.546 68.328 64.801 62.352 61.475 59.097 56.349 56.580 52.915 45.592 31.453 23.114 13.883 7.616 2.477 1.552 3.299 3.206 4.574 3.869 0.287 0.635 2.311 2.500 0.000 3.004 4.516 8.231 12.201 15.241 25.239 29.537 33.951 39.956 50.804 53.746 60.821 62.353 68.330
-999.250 -999.250 -999.250 -999.250 -999.250 -999.250 52.338 48.043 44.901 45.545 42.898 45.693 45.270 48.263 48.132 44.121 45.772 44.633 47.188 49.217 54.504 55.133 63.856 67.673 76.564 78.235 81.321 76.099 72.298 68.874 65.768 58.717 55.799 53.886 52.131 45.200 39.414 31.106 26.420 17.548 12.793 11.196 8.433 5.382 1.982 1.893 2.202 0.000 0.000 0.000 0.000 0.000 0.000 2.210 4.858 10.137 14.886 19.018 29.599 32.530 40.875 48.479 53.902 65.840 67.879 73.538 82.647
-999.250 -999.250 -999.250 -999.250 -999.250 -999.250 52.029 48.490 53.277 48.545 50.969 51.683 52.995 53.498 51.949 49.794 49.573 48.525 50.419 57.378 60.437 65.200 70.324 74.113 76.149 81.316 89.826 83.647 81.247 75.532 66.090 57.845 52.070 46.626 43.373 35.695 30.994 25.484 19.736 15.242 13.486 10.823 8.762 3.948 1.422 0.000 0.142 1.294 0.000 0.000 0.000 0.000 2.385 6.444 9.416 12.715 17.358 25.082 31.965 40.483 50.914 57.108 61.037 75.374 82.581 90.300 96.634
-999.250 -999.250 -999.250 -999.250 -999.250 56.106 54.226 51.927 53.253 53.765 54.515 60.819 57.564 59.665 55.731 54.139 53.082 56.974 61.500 63.396 69.489 71.315 77.410 79.811 88.839 85.670 91.716 96.848 82.742 75.012 64.330 55.301 49.426 44.752 38.518 32.293 25.027 20.915 17.042 14.430 12.033 10.630 5.805 5.315 0.983 3.088 0.000 0.000 0.000 0.000 0.000 0.000 1.033 3.941 8.954 14.845 19.273 26.126 34.183 45.315 49.953 60.376 72.336 81.014 89.330 100.501 102.717
-999.250 -999.250 -999.250 -999.250 -999.250 57.241 52.339 53.126 58.068 56.772 59.025 68.763 66.505 60.266 59.119 56.357 57.888 61.370 70.682 73.151 76.370 77.540 85.243 86.023 95.972 94.665 87.964 91.624 84.288 74.205 65.888 59.333 48.219 42.186 32.593 29.569 20.797 17.327 13.926 11.904 9.543 6.368 2.091 2.230 1.284 0.348 0.000 0.215 0.000 0.000 0.000 0.550 7.958 10.165 13.353 19.212 23.174 30.884 36.187 43.404 54.480 64.129 75.865 88.519 95.980 101.532 118.142
-999.250 -999.250 -999.250 -999.250 59.148 57.484 55.248 57.101 58.407 57.430 59.537 63.552 61.266 61.587 58.121 60.003 63.722 67.263 74.366 79.500 86.076 90.039 89.579 93.276 93.121 97.018 91.504 82.644 74.024 74.974 66.366 56.350 50.022 38.681 31.110 26.518 19.436 16.655 13.213 11.147 6.174 8.187 8.052 6.556 7.155 4.365 2.110 2.184 2.060 2.442 2.523 7.148 10.475 12.104 13.857 21.463 25.727 31.903 39.194 51.124 59.491 66.327 73.620 83.127 102.834 104.947 115.011
-999.250 -999.250 -999.250 -999.250 59.772 55.877 59.910 56.003 57.975 54.658 59.919 62.802 61.720 62.160 61.414 64.998 69.504 73.811 81.184 87.258 95.038 104.490 108.962 105.559 96.308 93.998 89.871 85.243 76.758 73.995 63.447 54.252 52.079 40.467 29.110 26.702 21.059 15.980 13.501 12.171 13.107 11.152 11.931 10.525 11.096 11.443 11.329 9.747 10.966 10.059 10.474 9.490 9.777 15.689 19.586 24.740 26.737 34.710 42.251 55.030 60.152 68.269 76.091 84.516 91.394 109.466 122.735
-999.250 -999.250 -999.250 -999.250 56.534 54.135 56.590 53.140 55.087 53.369 56.219 58.862 58.470 61.729 61.010 66.818 70.746 85.045 89.246 100.511 107.559 110.020 115.389 105.066 100.208 93.802 89.895 85.112 80.506 76.090 58.266 53.965 51.713 42.175 33.082 27.735 21.677 16.421 16.972 14.199 15.034 16.780 16.374 14.646 14.211 13.656 13.546 13.230 14.746 14.522 14.079 12.988 13.593 17.287 21.689 28.890 31.919 38.134 47.394 57.181 59.972 72.093 80.096 84.092 92.277 103.372 128.418
-999.250 -999.250 -999.250 -999.250 57.890 59.341 57.086 56.855 60.139 56.949 59.182 65.944 59.641 61.488 60.853 62.893 70.090 85.016 96.181 113.291 121.805 122.034 116.377 108.012 101.241 97.853 85.004 86.551 81.110 77.534 64.812 58.285 54.083 44.765 33.763 28.176 24.385 21.499 18.848 18.003 19.721 24.886 22.717 23.874 23.359 23.447 20.492 20.812 18.661 18.594 19.704 18.230 17.899 24.152 21.155 27.950 32.496 36.079 42.212 53.467 60.467 75.890 78.791 82.201 91.428 103.839 124.560
-999.250 -999.250 -999.250 -999.250 62.441 64.396 58.980 60.729 62.774 62.976 61.337 64.609 60.014 61.436 64.589 66.785 75.110 94.114 115.295 141.665 138.396 124.863 118.586 105.880 104.558 98.814 89.827 86.137 83.359 74.293 64.164 56.004 45.267 42.270 32.786 28.643 27.790 23.972 25.367 26.598 28.161 28.422 27.489 30.802 31.398 31.020 29.530 29.016 25.599 25.495 25.312 26.451 25.009 23.488 22.829 26.730 29.854 34.559 42.127 52.274 60.041 64.769 70.852 84.641 90.079 97.483 107.156
-999.250 -999.250 -999.250 -999.250 65.643 66.129 63.464 65.404 67.737 65.699 64.379 67.392 67.015 69.039 71.611 82.525 89.127 109.695 137.402 162.211 149.844 144.679 120.833 112.792 104.273 98.680 89.687 85.252 86.224 72.511 64.047 57.074 50.396 42.453 35.362 32.220 30.272 28.881 30.776 29.653 31.352 36.189 36.613 37.778 41.076 37.147 35.182 32.675 34.361 31.232 27.479 31.888 25.925 26.959 26.471 25.271 26.841 30.989 35.838 47.568 52.319 63.321 67.335 76.120 86.139 86.433 95.125
-999.250 -999.250 -999.250 -999.250 73.658 75.055 70.939 74.425 76.253 73.320 78.708 71.910 69.312 78.639 84.956 95.874 106.766 122.654 138.448 158.145 152.430 133.170 124.643 111.214 100.418 95.087 89.498 84.527 76.034 69.342 63.566 55.745 50.257 43.199 39.877 38.018 31.910 34.672 33.107 33.562 38.828 41.400 46.829 50.616 48.253 42.668 45.330 38.773 37.716 33.536 32.393 31.387 29.177 29.621 24.551 26.047 25.963 27.027 33.206 41.132 47.290 56.964 64.769 72.617 72.750 83.831 88.986
-999.250 -999.250 -999.250 -999.250 82.199 82.511 82.011 86.069 82.695 83.709 77.898 81.156 81.517 83.317 92.904 110.371 118.877 125.860 131.124 144.179 146.026 127.712 125.007 117.322 101.750 95.969 88.357 85.159 75.772 66.285 60.520 56.337 52.194 49.538 44.569 37.838 34.191 34.493 40.623 41.965 45.724 51.131 57.307 62.962 57.742 53.532 50.561 46.548 38.626 40.286 34.709 31.499 28.333 26.923 25.532 23.972 21.920 24.166 31.524 34.043 45.432 51.084 60.693 64.686 70.506 80.945 84.495
-999.250 -999.250 -999.250 -999.250 89.387 90.407 95.148 94.388 94.253 94.116 91.990 94.629 100.200 97.260 107.802 118.245 128.636 137.706 140.430 134.975 137.607 131.919 118.042 105.705 101.964 99.698 93.270 86.123 70.844 67.793 62.574 57.580 52.919 47.728 40.816 38.308 40.082 36.900 40.595 41.636 46.641 53.075 58.491 60.550 58.752 54.049 50.566 47.139 40.207 36.934 37.595 29.559 27.529 23.811 27.365 26.190 23.436 25.107 29.264 34.064 39.930 47.452 56.857 62.248 68.490 66.703 69.592
-999.250 -999.250 -999.250 -999.250 100.951 101.234 103.235 105.292 99.727 103.032 104.057 105.536 112.786 116.536 123.387 130.172 125.042 140.379 134.453 141.151 136.521 123.436 121.016 108.661 112.390 100.238 93.332 89.232 76.871 74.471 65.034 59.404 53.502 50.336 47.066 41.696 39.894 41.996 43.037 47.867 50.435 51.592 58.440 60.536 56.610 56.510 46.747 45.055 43.649 40.923 36.198 31.910 30.010 27.731 22.748 26.050 25.872 23.007 25.161 31.320 35.926 44.098 50.490 56.970 59.021 64.164 65.244
-999.250 -999.250 -999.250 98.017 101.871 108.632 107.171 117.488 112.823 110.371 113.602 124.665 115.578 124.049 136.156 145.303 140.491 138.339 143.893 145.388 138.070 127.861 116.037 111.955 104.366 101.150 96.680 95.127 86.902 77.264 68.479 64.677 54.962 51.952 50.437 41.932 40.721 42.071 44.605 47.618 50.564 53.652 53.047 62.643 56.732 54.763 42.242 43.709 42.368 36.102 33.740 32.633 31.406 26.049 25.609 24.827 23.761 22.961 26.197 29.644 33.113 39.962 47.085 56.317 58.493 62.251 64.898
