data/medianmodel_10-Oct-2020.asc
ncols	141
nrows	288
xllcorner	-120191.398
yllcorner	-301404.813
cellsize	2000.000
NODATA_value	-999.250
[rows 150 to 179 of 288, columns 68 to 135 of 141]
0.000 0.000 1.654 3.212 4.052 11.058 8.262 0.337 3.999 1.682 0.000 0.000 2.457 0.000 0.665 0.696 5.798 8.513 14.281 18.438 22.280 33.859 54.088 70.677 85.565 107.390 103.451 -999.250 -999.250 -999.250 -999.250 -999.250 -999.250 -999.250 -999.250 -999.250 -999.250 -999.250 -999.250 -999.250 -999.250 -999.250 -999.250 -999.250 -999.250 -999.250 -999.250 -999.250 -999.250 -999.250 -999.250 -999.250 -999.250 -999.250 -999.250 -999.250 -999.250 -999.250 -999.250 -999.250 -999.250 -999.250 -999.250 -999.250 -999.250 -999.250 -999.250 -999.250
0.000 0.000 0.000 2.176 3.955 3.960 1.020 4.163 0.804 1.210 2.179 0.000 0.000 1.607 2.936 3.926 10.014 18.588 21.276 24.141 31.387 49.409 70.584 96.428 113.766 121.547 114.528 -999.250 -999.250 -999.250 -999.250 -999.250 -999.250 -999.250 -999.250 -999.250 -999.250 -999.250 -999.250 -999.250 -999.250 -999.250 -999.250 -999.250 -999.250 -999.250 -999.250 -999.250 -999.250 -999.250 -999.250 -999.250 -999.250 -999.250 -999.250 -999.250 -999.250 -999.250 -999.250 -999.250 -999.250 -999.250 -999.250 -999.250 -999.250 -999.250 -999.250 -999.250
0.000 0.000 0.000 1.302 5.504 6.015 4.997 4.114 5.235 1.426 2.684 1.139 1.181 3.591 1.100 6.300 14.226 16.614 21.949 30.140 44.370 69.731 84.585 117.285 140.632 143.050 137.282 -999.250 -999.250 -999.250 -999.250 -999.250 -999.250 -999.250 -999.250 -999.250 -999.250 -999.250 -999.250 -999.250 -999.250 -999.250 -999.250 -999.250 -999.250 -999.250 -999.250 -999.250 -999.250 -999.250 -999.250 -999.250 -999.250 -999.250 -999.250 -999.250 -999.250 -999.250 -999.250 -999.250 -999.250 -999.250 -999.250 -999.250 -999.250 -999.250 -999.250 -999.250
0.000 0.000 0.000 0.000 5.033 7.026 3.995 3.210 3.202 2.058 5.059 5.048 3.178 5.835 8.055 7.139 14.245 19.506 27.192 37.589 53.806 69.705 99.363 128.643 153.381 153.912 153.437 -999.250 -999.250 -999.250 -999.250 -999.250 -999.250 -999.250 -999.250 -999.250 -999.250 -999.250 -999.250 -999.250 -999.250 -999.250 -999.250 -999.250 -999.250 -999.250 -999.250 -999.250 -999.250 -999.250 -999.250 -999.250 -999.250 -999.250 -999.250 -999.250 -999.250 -999.250 -999.250 -999.250 -999.250 -999.250 -999.250 -999.250 -999.250 -999.250 -999.250 -999.250
0.000 0.000 0.000 0.266 5.373 9.055 7.719 6.409 1.580 2.031 4.748 4.727 3.296 5.730 5.144 10.381 15.358 17.780 26.503 41.019 52.196 69.638 96.558 129.113 166.389 153.697 143.017 -999.250 -999.250 -999.250 -999.250 -999.250 -999.250 -999.250 -999.250 -999.250 -999.250 -999.250 -999.250 -999.250 -999.250 -999.250 -999.250 -999.250 -999.250 -999.250 -999.250 -999.250 -999.250 -999.250 -999.250 -999.250 -999.250 -999.250 -999.250 -999.250 -999.250 -999.250 -999.250 -999.250 -999.250 -999.250 -999.250 -999.250 -999.250 -999.250 -999.250 -999.250
0.000 0.000 0.000 5.243 8.261 11.020 6.357 7.128 6.539 5.761 8.756 6.151 6.794 2.692 9.412 9.457 11.123 18.407 23.076 33.786 54.476 68.200 87.356 111.185 139.025 138.594 126.344 -999.250 -999.250 -999.250 -999.250 -999.250 -999.250 -999.250 -999.250 -999.250 -999.250 -999.250 -999.250 -999.250 -999.250 -999.250 -999.250 -999.250 -999.250 -999.250 -999.250 -999.250 -999.250 -999.250 -999.250 -999.250 -999.250 -999.250 -999.250 -999.250 -999.250 -999.250 -999.250 -999.250 -999.250 -999.250 -999.250 -999.250 -999.250 -999.250 -999.250 -999.250
0.910 4.788 4.452 5.689 6.885 10.946 8.264 10.066 7.737 9.982 9.075 5.891 5.527 5.471 6.930 7.548 4.157 13.362 17.645 25.682 36.501 57.651 72.403 87.160 106.663 114.821 111.932 116.542 -999.250 -999.250 -999.250 -999.250 -999.250 -999.250 -999.250 -999.250 -999.250 -999.250 -999.250 -999.250 -999.250 -999.250 -999.250 -999.250 -999.250 -999.250 -999.250 -999.250 -999.250 -999.250 -999.250 -999.250 -999.250 -999.250 -999.250 -999.250 -999.250 -999.250 -999.250 -999.250 -999.250 -999.250 -999.250 -999.250 -999.250 -999.250 -999.250 -999.250
4.869 9.165 12.545 13.254 12.300 15.855 14.548 14.402 14.448 11.857 9.625 10.946 4.901 5.851 5.847 2.700 7.630 11.805 19.857 21.693 27.232 34.928 42.297 63.981 81.737 82.283 87.251 93.733 96.187 -999.250 -999.250 -999.250 -999.250 -999.250 -999.250 -999.250 -999.250 -999.250 -999.250 -999.250 -999.250 -999.250 -999.250 -999.250 -999.250 -999.250 -999.250 -999.250 -999.250 -999.250 -999.250 -999.250 -999.250 -999.250 -999.250 -999.250 -999.250 -999.250 -999.250 -999.250 -999.250 -999.250 -999.250 -999.250 -999.250 -999.250 -999.250 -999.250
14.540 18.711 18.333 21.640 21.135 22.407 19.911 17.762 18.170 14.373 15.319 9.735 7.208 8.919 2.310 0.000 2.894 8.910 12.720 19.021 21.299 18.003 18.041 41.193 62.021 69.973 79.123 82.744 84.975 78.832 -999.250 -999.250 -999.250 -999.250 -999.250 -999.250 -999.250 -999.250 -999.250 -999.250 -999.250 -999.250 -999.250 -999.250 -999.250 -999.250 -999.250 -999.250 -999.250 -999.250 -999.250 -999.250 -999.250 -999.250 -999.250 -999.250 -999.250 -999.250 -999.250 -999.250 -999.250 -999.250 -999.250 -999.250 -999.250 -999.250 -999.250 -999.250
21.571 29.144 34.741 35.154 34.605 29.732 31.574 31.033 26.674 20.311 18.858 17.623 10.101 7.282 6.683 1.585 3.069 5.908 7.956 11.867 11.938 14.300 17.846 31.372 42.691 52.336 60.486 62.874 62.779 63.803 -999.250 -999.250 -999.250 -999.250 -999.250 -999.250 -999.250 -999.250 -999.250 -999.250 -999.250 -999.250 -999.250 -999.250 -999.250 -999.250 -999.250 -999.250 -999.250 -999.250 -999.250 -999.250 -999.250 -999.250 -999.250 -999.250 -999.250 -999.250 -999.250 -999.250 -999.250 -999.250 -999.250 -999.250 -999.250 -999.250 -999.250 -999.250
48.252 54.234 65.978 55.615 57.187 51.013 53.197 40.500 37.425 29.353 25.301 25.656 16.952 14.840 11.134 6.192 3.354 5.750 4.936 6.856 6.929 12.317 17.312 25.920 31.002 36.708 49.903 62.056 62.513 59.831 -999.250 -999.250 -999.250 -999.250 -999.250 -999.250 -999.250 -999.250 -999.250 -999.250 -999.250 -999.250 -999.250 -999.250 -999.250 -999.250 -999.250 -999.250 -999.250 -999.250 -999.250 -999.250 -999.250 -999.250 -999.250 -999.250 -999.250 -999.250 -999.250 -999.250 -999.250 -999.250 -999.250 -999.250 -999.250 -999.250 -999.250 -999.250
68.525 81.103 77.968 77.611 81.282 74.176 71.535 59.433 48.422 44.357 36.409 27.320 21.443 17.377 16.442 11.250 6.713 3.926 5.364 0.922 8.457 11.959 14.658 20.104 26.901 35.939 39.376 51.253 45.826 44.783 -999.250 -999.250 -999.250 -999.250 -999.250 -999.250 -999.250 -999.250 -999.250 -999.250 -999.250 -999.250 -999.250 -999.250 -999.250 -999.250 -999.250 -999.250 -999.250 -999.250 -999.250 -999.250 -999.250 -999.250 -999.250 -999.250 -999.250 -999.250 -999.250 -999.250 -999.250 -999.250 -999.250 -999.250 -999.250 -999.250 -999.250 -999.250
108.401 114.022 111.487 119.892 105.699 99.486 94.697 74.087 63.817 53.875 46.343 32.330 26.066 24.400 20.535 12.994 7.815 4.045 1.266 1.161 4.675 9.080 8.934 16.916 21.440 22.327 30.018 31.495 38.430 34.739 -999.250 -999.250 -999.250 -999.250 -999.250 -999.250 -999.250 -999.250 -999.250 -999.250 -999.250 -999.250 -999.250 -999.250 -999.250 -999.250 -999.250 -999.250 -999.250 -999.250 -999.250 -999.250 -999.250 -999.250 -999.250 -999.250 -999.250 -999.250 -999.250 -999.250 -999.250 -999.250 -999.250 -999.250 -999.250 -999.250 -999.250 -999.250
128.715 141.244 138.028 136.344 143.502 132.538 117.634 90.846 80.351 69.227 50.195 36.175 29.834 31.596 19.600 12.924 5.020 2.586 0.349 1.141 4.359 6.633 8.399 10.798 16.860 19.668 22.222 26.610 28.487 27.360 23.599 -999.250 -999.250 -999.250 -999.250 -999.250 -999.250 -999.250 -999.250 -999.250 -999.250 -999.250 -999.250 -999.250 -999.250 -999.250 -999.250 -999.250 -999.250 -999.250 -999.250 -999.250 -999.250 -999.250 -999.250 -999.250 -999.250 -999.250 -999.250 -999.250 -999.250 -999.250 -999.250 -999.250 -999.250 -999.250 -999.250 -999.250
162.551 166.838 178.049 170.085 157.243 155.345 133.337 110.322 102.520 77.247 57.201 46.165 33.311 25.147 14.671 10.577 5.026 0.000 0.000 0.000 1.995 4.217 3.518 8.638 12.374 18.816 18.005 22.344 19.155 22.222 18.782 17.211 -999.250 -999.250 -999.250 -999.250 -999.250 -999.250 -999.250 -999.250 -999.250 -999.250 -999.250 -999.250 -999.250 -999.250 -999.250 -999.250 -999.250 -999.250 -999.250 -999.250 -999.250 -999.250 -999.250 -999.250 -999.250 -999.250 -999.250 -999.250 -999.250 -999.250 -999.250 -999.250 -999.250 -999.250 -999.250 -999.250
176.737 195.322 202.010 193.409 185.346 167.020 160.744 133.367 105.832 82.555 66.162 54.922 29.471 23.164 13.382 7.393 0.000 0.000 0.000 0.000 0.000 2.126 4.618 6.755 5.359 10.713 12.268 16.038 17.520 15.730 16.015 15.558 9.562 12.100 11.717 -999.250 -999.250 -999.250 -999.250 -999.250 -999.250 -999.250 -999.250 -999.250 -999.250 -999.250 -999.250 -999.250 -999.250 -999.250 -999.250 -999.250 -999.250 -999.250 -999.250 -999.250 -999.250 -999.250 -999.250 -999.250 -999.250 -999.250 -999.250 -999.250 -999.250 -999.250 -999.250 -999.250
239.902 256.242 259.654 253.406 205.490 179.410 171.033 151.585 124.948 93.475 74.132 46.911 30.143 19.772 7.725 0.000 0.000 0.000 0.000 0.000 0.000 0.195 7.029 3.858 4.063 6.787 7.784 11.582 9.413 12.735 14.438 8.580 9.044 6.814 10.153 -999.250 -999.250 -999.250 -999.250 -999.250 -999.250 -999.250 -999.250 -999.250 -999.250 -999.250 -999.250 -999.250 -999.250 -999.250 -999.250 -999.250 -999.250 -999.250 -999.250 -999.250 -999.250 -999.250 -999.250 -999.250 -999.250 -999.250 -999.250 -999.250 -999.250 -999.250 -999.250 -999.250
276.958 268.989 287.389 274.523 258.289 212.463 190.911 173.651 145.502 108.759 74.289 47.292 28.708 15.233 4.914 0.000 0.000 0.000 0.000 0.000 0.000 0.000 0.670 3.207 2.792 5.402 6.038 4.674 6.944 7.202 7.644 6.086 5.254 2.658 -999.250 -999.250 -999.250 -999.250 -999.250 -999.250 -999.250 -999.250 -999.250 -999.250 -999.250 -999.250 -999.250 -999.250 -999.250 -999.250 -999.250 -999.250 -999.250 -999.250 -999.250 -999.250 -999.250 -999.250 -999.250 -999.250 -999.250 -999.250 -999.250 -999.250 -999.250 -999.250 -999.250 -999.250
280.700 302.907 324.225 315.149 287.418 256.160 223.825 184.618 156.833 116.315 81.003 51.110 23.273 7.818 0.017 0.000 0.000 0.000 0.000 0.000 0.000 0.000 1.544 3.174 3.791 3.932 3.455 4.853 6.675 3.421 2.826 7.006 3.313 2.991 -999.250 -999.250 -999.250 1.029 1.299 6.562 -999.250 -999.250 -999.250 -999.250 -999.250 -999.250 -999.250 -999.250 -999.250 -999.250 -999.250 -999.250 -999.250 -999.250 -999.250 -999.250 -999.250 -999.250 -999.250 -999.250 -999.250 -999.250 -999.250 -999.250 -999.250 -999.250 -999.250 -999.250
318.113 347.999 366.101 340.423 284.350 274.828 254.211 197.792 163.117 124.697 79.862 50.765 16.610 0.137 0.000 0.000 0.000 0.000 0.000 0.000 0.950 0.000 0.000 4.034 4.478 4.391 2.960 2.670 3.201 1.266 0.000 0.000 3.217 2.025 7.516 1.215 3.079 2.825 0.000 1.150 0.303 -999.250 -999.250 -999.250 -999.250 -999.250 -999.250 -999.250 -999.250 -999.250 -999.250 -999.250 -999.250 -999.250 -999.250 -999.250 -999.250 -999.250 -999.250 -999.250 -999.250 -999.250 -999.250 -999.250 -999.250 -999.250 -999.250 -999.250
386.897 423.473 447.375 375.184 327.788 287.505 257.831 232.108 177.064 123.179 90.199 41.672 0.000 0.000 0.000 0.000 0.000 0.000 0.000 0.000 0.000 0.000 0.720 0.816 2.644 5.014 8.400 7.750 2.273 3.892 4.165 1.561 7.420 6.822 8.743 3.399 3.352 1.796 0.334 0.000 0.091 0.000 -999.250 -999.250 -999.250 -999.250 -999.250 -999.250 -999.250 -999.250 -999.250 -999.250 -999.250 -999.250 -999.250 -999.250 -999.250 -999.250 -999.250 -999.250 -999.250 -999.250 -999.250 -999.250 -999.250 -999.250 -999.250 -999.250
354.708 388.493 394.736 388.941 316.704 318.749 269.277 222.726 182.279 146.351 93.355 47.926 22.306 11.328 3.180 0.355 0.000 0.000 0.000 0.000 0.000 0.913 0.000 0.819 4.532 5.155 9.714 8.423 7.813 6.006 8.093 7.276 8.659 7.654 4.551 2.616 7.149 7.427 4.585 0.849 0.955 2.103 -999.250 -999.250 -999.250 -999.250 -999.250 -999.250 -999.250 -999.250 -999.250 -999.250 -999.250 -999.250 -999.250 -999.250 -999.250 -999.250 -999.250 -999.250 -999.250 -999.250 -999.250 -999.250 -999.250 -999.250 -999.250 -999.250
311.490 352.792 366.322 376.752 328.798 307.964 270.735 236.454 168.731 145.258 102.926 64.569 37.767 19.400 13.695 5.684 1.340 0.000 2.167 0.034 2.424 3.899 0.852 0.000 3.112 8.792 11.982 11.134 11.522 13.648 8.908 8.590 10.745 7.579 10.670 7.759 11.604 9.685 5.842 6.960 4.212 2.990 -999.250 -999.250 -999.250 -999.250 -999.250 -999.250 -999.250 -999.250 -999.250 -999.250 -999.250 -999.250 -999.250 -999.250 -999.250 -999.250 -999.250 -999.250 -999.250 -999.250 -999.250 -999.250 -999.250 -999.250 -999.250 -999.250
295.588 309.956 307.971 323.677 336.078 318.794 265.525 210.061 170.000 138.618 105.416 89.184 56.791 30.685 18.621 10.060 4.682 4.217 4.279 4.224 4.122 7.111 3.116 6.642 8.724 12.672 14.349 13.476 16.970 15.966 14.108 12.826 12.442 10.149 14.519 11.803 10.720 10.983 8.872 8.068 5.251 5.171 5.596 -999.250 -999.250 -999.250 -999.250 -999.250 -999.250 -999.250 -999.250 -999.250 -999.250 -999.250 -999.250 -999.250 -999.250 -999.250 -999.250 -999.250 -999.250 -999.250 -999.250 -999.250 -999.250 -999.250 -999.250 -999.250
258.376 286.011 304.142 304.335 289.916 275.972 237.780 211.357 186.304 149.996 124.727 99.257 66.017 45.225 26.776 17.733 9.115 6.927 7.698 7.681 9.409 8.286 7.719 9.554 7.429 10.955 16.909 17.715 17.696 17.504 19.029 17.098 16.683 13.881 16.110 12.359 12.481 14.694 14.161 13.308 8.879 7.928 -999.250 -999.250 -999.250 -999.250 -999.250 -999.250 -999.250 -999.250 -999.250 -999.250 -999.250 -999.250 -999.250 -999.250 -999.250 -999.250 -999.250 -999.250 -999.250 -999.250 -999.250 -999.250 -999.250 -999.250 -999.250 -999.250
259.344 234.885 241.960 254.007 275.269 275.514 231.699 201.033 179.510 156.173 127.099 105.066 79.617 52.335 33.840 21.066 13.073 11.686 11.258 12.479 10.773 12.564 10.686 9.262 12.047 11.583 16.264 17.604 18.950 18.428 18.933 20.700 16.882 16.713 16.560 16.464 17.880 16.553 10.543 13.034 11.879 -999.250 -999.250 -999.250 -999.250 -999.250 -999.250 -999.250 -999.250 -999.250 -999.250 -999.250 -999.250 -999.250 -999.250 -999.250 -999.250 -999.250 -999.250 -999.250 -999.250 -999.250 -999.250 -999.250 -999.250 -999.250 -999.250 -999.250
214.736 209.168 204.659 226.287 218.069 210.936 212.435 183.019 170.018 135.106 129.239 113.327 84.232 58.967 35.913 24.421 15.201 6.479 8.773 8.311 11.564 14.461 13.434 14.572 15.377 13.343 19.800 17.638 18.556 19.979 22.902 18.981 21.168 21.120 18.254 17.389 15.504 14.454 13.287 13.056 11.385 -999.250 -999.250 -999.250 -999.250 -999.250 -999.250 -999.250 -999.250 -999.250 -999.250 -999.250 -999.250 -999.250 -999.250 -999.250 -999.250 -999.250 -999.250 -999.250 -999.250 -999.250 -999.250 -999.250 -999.250 -999.250 -999.250 -999.250
181.812 189.115 188.836 197.152 188.062 202.146 182.837 171.192 154.313 130.509 120.882 99.132 77.410 58.586 39.481 26.958 14.756 11.229 5.605 9.701 9.762 10.688 15.282 14.260 16.066 16.963 17.499 19.700 21.464 18.094 22.126 18.826 22.216 21.371 18.181 20.425 15.708 16.481 15.857 16.748 -999.250 -999.250 -999.250 -999.250 -999.250 -999.250 -999.250 -999.250 -999.250 -999.250 -999.250 -999.250 -999.250 -999.250 -999.250 -999.250 -999.250 -999.250 -999.250 -999.250 -999.250 -999.250 -999.250 -999.250 -999.250 -999.250 -999.250 -999.250
181.027 175.513 180.200 168.646 157.942 163.838 163.444 142.995 135.337 131.759 110.193 92.430 68.760 55.407 37.815 25.120 19.849 12.890 12.723 11.232 8.869 11.495 12.618 12.016 20.344 18.971 20.044 19.884 20.387 17.906 19.353 19.748 21.211 20.721 22.467 20.448 17.920 18.065 14.564 13.927 -999.250 -999.250 -999.250 -999.250 -999.250 -999.250 -999.250 -999.250 -999.250 -999.250 -999.250 -999.250 -999.250 -999.250 -999.250 -999.250 -999.250 -999.250 -999.250 -999.250 -999.250 -999.250 -999.250 -999.250 -999.250 -999.250 -999.250 -999.250
128.735 152.614 156.663 152.445 153.797 136.076 140.857 127.026 119.077 122.087 102.640 87.073 72.897 50.930 36.858 26.129 17.220 14.080 12.679 11.505 12.049 12.539 15.111 15.802 17.528 18.102 18.054 18.219 19.604 17.185 19.709 20.575 21.518 22.153 21.892 18.433 18.034 17.011 16.492 -999.250 -999.250 -999.250 -999.250 -999.250 -999.250 -999.250 -999.250 -999.250 -999.250 -999.250 -999.250 -999.250 -999.250 -999.250 -999.250 -999.250 -999.250 -999.250 -999.250 -999.250 -999.250 -999.250 -999.250 -999.250 -999.250 -999.250 -999.250 -999.250
