data/medianmodel_26-Nov-2020.asc
ncols	141
nrows	288
xllcorner	-120191.398
yllcorner	-301404.813
cellsize	2000.000
NODATA_value	-999.250
[rows 87 to 115 of 288, columns 0 to 63 of 141]
-999.250 -999.250 -999.250 -999.250 -999.250 -999.250 -999.250 -999.250 -999.250 -999.250 -999.250 -999.250 -999.250 -999.250 -999.250 -999.250 -999.250 -999.250 -999.250 -999.250 -999.250 -999.250 -999.250 -999.250 -999.250 -999.250 -999.250 -999.250 -999.250 -999.250 -999.250 -999.250 -999.250 571.722 575.298 614.235 627.144 600.701 599.952 658.086 669.749 654.688 677.129 729.753 734.121 742.596 775.790 754.906 752.129 690.008 691.913 643.020 595.426 551.300 505.669 482.605 458.797 394.240 352.818 341.346 341.481 311.502 335.349 324.570
-999.250 -999.250 -999.250 -999.250 -999.250 -999.250 -999.250 -999.250 -999.250 -999.250 -999.250 -999.250 -999.250 -999.250 -999.250 -999.250 -999.250 -999.250 -999.250 -999.250 -999.250 -999.250 -999.250 -999.250 -999.250 -999.250 -999.250 -999.250 -999.250 -999.250 -999.250 -999.250 505.823 529.900 551.396 563.713 585.576 552.200 571.601 594.649 643.950 670.587 676.747 738.567 730.613 748.183 771.038 733.078 782.135 723.802 681.594 637.851 575.346 525.490 503.682 470.630 441.782 407.605 365.423 322.057 307.781 317.836 332.940 337.775
-999.250 -999.250 -999.250 -999.250 -999.250 -999.250 -999.250 -999.250 -999.250 -999.250 -999.250 -999.250 -999.250 -999.250 -999.250 -999.250 -999.250 -999.250 -999.250 -999.250 -999.250 -999.250 -999.250 -999.250 -999.250 -999.250 -999.250 -999.250 -999.250 -999.250 -999.250 -999.250 532.594 553.753 527.600 528.811 525.401 533.437 552.120 572.667 650.721 673.673 696.132 771.109 762.686 779.944 761.017 784.032 761.719 696.194 654.629 622.241 571.914 534.172 479.785 449.973 428.747 411.540 383.042 355.057 305.305 291.603 313.448 313.558
-999.250 -999.250 -999.250 -999.250 -999.250 -999.250 -999.250 -999.250 -999.250 -999.250 -999.250 -999.250 -999.250 -999.250 -999.250 -999.250 -999.250 -999.250 -999.250 -999.250 -999.250 -999.250 -999.250 -999.250 -999.250 -999.250 -999.250 -999.250 -999.250 -999.250 -999.250 -999.250 520.405 536.551 518.026 498.173 474.934 521.359 529.390 583.024 628.904 692.132 727.009 702.869 736.189 761.619 722.840 724.565 722.613 683.976 580.937 584.975 521.567 517.722 464.273 470.816 404.091 410.819 348.069 347.876 324.635 296.914 257.996 297.235
-999.250 -999.250 -999.250 -999.250 -999.250 -999.250 -999.250 -999.250 -999.250 -999.250 -999.250 -999.250 -999.250 -999.250 -999.250 -999.250 -999.250 -999.250 -999.250 -999.250 -999.250 -999.250 -999.250 -999.250 -999.250 -999.250 -999.250 -999.250 -999.250 -999.250 -999.250 -999.250 539.949 522.216 511.291 487.000 491.071 510.822 527.139 572.530 604.789 642.457 657.841 696.923 755.378 769.025 770.832 755.131 705.994 637.291 629.949 586.360 516.858 476.500 471.174 462.219 423.258 396.490 364.130 328.491 309.183 289.747 284.848 300.779
-999.250 -999.250 -999.250 -999.250 -999.250 -999.250 -999.250 -999.250 -999.250 -999.250 -999.250 -999.250 -999.250 -999.250 -999.250 -999.250 -999.250 -999.250 -999.250 -999.250 -999.250 -999.250 -999.250 -999.250 -999.250 -999.250 -999.250 -999.250 -999.250 -999.250 -999.250 527.245 528.767 540.583 531.773 493.164 508.206 547.384 562.705 569.776 637.655 642.074 605.253 642.745 694.109 743.290 740.599 706.329 748.237 646.861 584.361 539.405 521.724 489.861 473.089 437.629 392.480 359.649 346.360 304.815 294.828 287.693 299.617 326.330
-999.250 -999.250 -999.250 -999.250 -999.250 -999.250 -999.250 -999.250 -999.250 -999.250 -999.250 -999.250 -999.250 -999.250 -999.250 -999.250 -999.250 -999.250 -999.250 -999.250 -999.250 -999.250 -999.250 -999.250 -999.250 -999.250 -999.250 -999.250 -999.250 -999.250 -999.250 530.555 530.033 524.310 554.897 538.768 555.434 545.535 603.588 586.102 601.681 613.981 605.297 639.891 690.533 727.053 700.712 668.255 679.678 643.690 552.520 556.441 510.813 476.388 451.745 445.000 356.430 329.752 297.934 281.911 269.351 277.934 307.923 311.362
-999.250 -999.250 -999.250 -999.250 -999.250 -999.250 -999.250 -999.250 -999.250 -999.250 -999.250 -999.250 -999.250 -999.250 -999.250 -999.250 -999.250 -999.250 -999.250 -999.250 -999.250 -999.250 -999.250 -999.250 -999.250 -999.250 -999.250 -999.250 -999.250 -999.250 -999.250 506.757 519.736 526.742 517.562 517.679 570.115 555.506 563.801 623.156 586.191 579.063 580.324 633.322 663.825 688.199 671.991 618.524 663.226 609.496 565.801 554.532 523.205 481.421 435.918 397.716 361.059 325.565 278.251 251.979 238.707 249.466 272.528 289.984
-999.250 -999.250 -999.250 -999.250 -999.250 -999.250 -999.250 -999.250 -999.250 -999.250 -999.250 -999.250 -999.250 -999.250 -999.250 -999.250 -999.250 -999.250 -999.250 -999.250 -999.250 -999.250 -999.250 -999.250 -999.250 -999.250 -999.250 -999.250 -999.250 -999.250 -999.250 496.923 518.791 512.422 532.454 545.834 536.102 560.316 575.628 569.590 601.194 600.303 628.978 610.919 634.218 626.625 621.730 615.120 607.174 613.081 582.061 559.751 518.435 494.036 427.056 390.582 370.132 335.574 254.311 221.077 210.431 229.111 241.671 276.469
-999.250 -999.250 -999.250 -999.250 -999.250 -999.250 -999.250 -999.250 -999.250 -999.250 -999.250 -999.250 -999.250 -999.250 -999.250 -999.250 -999.250 -999.250 -999.250 -999.250 -999.250 -999.250 -999.250 -999.250 -999.250 -999.250 -999.250 -999.250 -999.250 -999.250 533.203 505.379 526.704 538.296 566.755 569.792 575.950 557.894 537.364 566.296 622.069 615.081 602.191 585.121 590.034 571.367 575.959 563.321 590.009 585.426 596.429 562.439 507.951 502.440 461.996 416.153 362.604 332.301 266.613 172.216 193.295 218.257 255.561 259.862
-999.250 -999.250 -999.250 -999.250 -999.250 -999.250 -999.250 -999.250 -999.250 -999.250 -999.250 -999.250 -999.250 -999.250 -999.250 -999.250 -999.250 -999.250 -999.250 -999.250 -999.250 -999.250 -999.250 -999.250 -999.250 -999.250 -999.250 -999.250 -999.250 -999.250 534.968 535.837 544.779 577.026 594.010 594.606 598.839 590.866 552.445 559.284 555.216 561.441 596.442 583.412 573.477 525.559 512.202 544.796 596.377 594.858 578.304 562.981 535.720 504.730 465.182 437.175 394.243 339.223 273.484 239.916 231.693 248.613 261.926 250.852
-999.250 -999.250 -999.250 -999.250 -999.250 -999.250 -999.250 -999.250 -999.250 -999.250 -999.250 -999.250 -999.250 -999.250 -999.250 -999.250 -999.250 -999.250 -999.250 -999.250 -999.250 -999.250 -999.250 -999.250 -999.250 -999.250 -999.250 -999.250 -999.250 -999.250 536.322 580.169 589.814 580.907 599.790 592.850 601.096 588.275 546.449 540.049 523.581 562.074 568.203 546.893 540.579 519.024 542.525 549.036 567.340 598.400 574.108 586.886 554.259 513.841 483.022 448.080 418.637 352.153 321.338 300.264 275.572 285.276 280.560 245.382
-999.250 -999.250 -999.250 -999.250 -999.250 -999.250 -999.250 -999.250 -999.250 -999.250 -999.250 -999.250 -999.250 -999.250 -999.250 -999.250 -999.250 -999.250 -999.250 -999.250 -999.250 -999.250 -999.250 -999.250 -999.250 -999.250 -999.250 -999.250 -999.250 -999.250 594.623 573.048 565.424 550.160 542.954 563.314 545.607 519.241 520.573 544.485 516.980 529.037 546.274 537.429 512.332 521.500 522.053 532.970 560.735 593.057 570.023 604.792 572.935 523.584 506.177 478.980 436.295 389.679 346.311 336.083 319.574 316.548 293.357 289.085
-999.250 -999.250 -999.250 -999.250 -999.250 -999.250 -999.250 -999.250 -999.250 -999.250 -999.250 -999.250 -999.250 -999.250 -999.250 -999.250 -999.250 -999.250 -999.250 -999.250 -999.250 -999.250 -999.250 -999.250 -999.250 -999.250 -999.250 -999.250 -999.250 628.814 612.836 571.119 545.064 577.099 562.225 554.451 554.624 547.405 523.720 526.962 521.096 528.925 533.458 544.296 535.304 525.974 523.066 537.398 576.661 625.552 606.970 583.295 541.998 533.754 497.402 477.308 481.439 433.354 383.413 385.463 375.947 358.560 349.858 344.475
-999.250 -999.250 -999.250 -999.250 -999.250 -999.250 -999.250 -999.250 -999.250 -999.250 -999.250 -999.250 -999.250 -999.250 -999.250 -999.250 -999.250 -999.250 -999.250 -999.250 -999.250 -999.250 -999.250 -999.250 -999.250 -999.250 -999.250 -999.250 -999.250 693.042 647.610 645.590 613.885 583.180 563.874 558.805 563.125 538.973 526.116 537.231 524.565 529.259 536.127 531.507 516.874 524.646 501.957 551.976 590.844 619.930 597.900 565.998 565.931 543.127 512.585 482.079 482.315 460.664 430.558 416.899 426.282 429.508 431.585 399.135
-999.250 -999.250 -999.250 -999.250 -999.250 -999.250 -999.250 -999.250 -999.250 -999.250 -999.250 -999.250 -999.250 -999.250 -999.250 -999.250 -999.250 -999.250 -999.250 -999.250 -999.250 -999.250 -999.250 -999.250 -999.250 -999.250 -999.250 -999.250 -999.250 641.573 634.044 649.901 643.971 589.370 572.717 541.802 569.974 521.169 530.957 517.922 520.211 512.601 552.212 519.268 532.308 529.297 565.298 546.625 599.790 601.304 601.788 586.868 558.250 554.988 538.781 502.066 487.840 460.755 465.755 459.219 463.279 442.458 451.985 445.942
-999.250 -999.250 -999.250 -999.250 -999.250 -999.250 -999.250 -999.250 -999.250 -999.250 -999.250 -999.250 -999.250 -999.250 -999.250 -999.250 -999.250 -999.250 -999.250 -999.250 -999.250 -999.250 -999.250 -999.250 -999.250 -999.250 -999.250 -999.250 -999.250 660.094 634.530 662.684 635.318 591.538 550.749 538.938 548.987 526.030 517.492 516.555 490.035 495.761 524.585 522.472 526.191 532.934 526.695 520.989 561.159 569.852 595.153 592.526 556.286 588.113 542.583 513.208 490.612 494.043 488.412 479.989 481.014 463.102 486.951 476.756
-999.250 -999.250 -999.250 -999.250 -999.250 -999.250 -999.250 -999.250 -999.250 -999.250 -999.250 -999.250 -999.250 -999.250 -999.250 -999.250 -999.250 -999.250 -999.250 -999.250 -999.250 -999.250 -999.250 -999.250 -999.250 -999.250 -999.250 -999.250 694.935 690.381 685.399 654.330 618.689 631.460 609.587 596.716 557.444 525.582 515.930 486.004 491.018 493.894 489.685 511.410 526.870 507.417 507.282 521.904 566.214 576.421 569.625 565.662 564.716 553.423 555.822 539.324 515.431 510.434 511.800 492.530 481.386 502.109 493.064 510.096
-999.250 -999.250 -999.250 -999.250 -999.250 -999.250 -999.250 -999.250 -999.250 -999.250 -999.250 -999.250 -999.250 -999.250 -999.250 -999.250 -999.250 -999.250 -999.250 -999.250 -999.250 -999.250 -999.250 -999.250 -999.250 -999.250 -999.250 -999.250 778.628 706.995 735.029 686.445 669.712 645.856 621.924 590.507 530.503 529.244 502.568 470.142 496.990 465.351 485.342 513.067 496.866 512.758 503.108 521.041 570.009 602.123 598.507 595.193 570.665 567.432 576.477 527.445 510.095 504.105 487.182 503.930 505.404 506.827 540.880 528.832
-999.250 -999.250 -999.250 -999.250 -999.250 -999.250 -999.250 -999.250 -999.250 -999.250 -999.250 -999.250 -999.250 -999.250 -999.250 -999.250 -999.250 -999.250 -999.250 -999.250 -999.250 -999.250 -999.250 -999.250 -999.250 -999.250 -999.250 752.965 755.851 784.501 768.085 793.460 729.030 653.468 626.136 551.709 533.122 519.109 471.773 480.893 476.781 477.531 503.639 517.126 511.597 521.069 525.528 555.278 619.129 647.557 636.765 647.472 633.849 619.289 541.816 529.412 497.483 461.136 466.766 485.119 500.484 531.362 559.591 600.520
-999.250 -999.250 -999.250 -999.250 -999.250 -999.250 -999.250 -999.250 -999.250 -999.250 -999.250 -999.250 -999.250 -999.250 -999.250 -999.250 -999.250 -999.250 -999.250 -999.250 -999.250 -999.250 -999.250 -999.250 -999.250 -999.250 -999.250 815.013 784.991 803.672 816.425 798.725 766.640 741.948 621.029 586.632 569.726 514.166 491.622 457.556 479.352 469.111 500.271 511.220 532.573 528.168 558.609 611.305 683.004 697.979 678.393 688.998 634.769 616.918 533.218 513.135 503.939 476.176 466.605 465.830 494.921 514.714 567.786 635.555
-999.250 -999.250 -999.250 -999.250 -999.250 -999.250 -999.250 -999.250 -999.250 -999.250 -999.250 -999.250 -999.250 -999.250 -999.250 -999.250 -999.250 -999.250 -999.250 -999.250 -999.250 -999.250 -999.250 -999.250 -999.250 -999.250 -999.250 781.243 876.958 843.877 783.147 774.917 813.784 704.190 647.550 602.741 564.084 518.322 500.882 470.299 474.394 484.560 506.865 524.863 522.719 553.619 631.864 632.128 761.078 768.615 750.868 749.803 750.657 702.193 603.537 530.695 483.417 482.209 432.411 416.358 456.120 461.480 511.620 546.669
-999.250 -999.250 -999.250 -999.250 -999.250 -999.250 -999.250 -999.250 -999.250 -999.250 -999.250 -999.250 -999.250 -999.250 -999.250 -999.250 -999.250 -999.250 -999.250 -999.250 -999.250 -999.250 -999.250 -999.250 -999.250 -999.250 -999.250 843.801 828.271 867.404 835.787 806.351 744.147 723.875 646.478 612.267 583.028 508.920 476.169 473.017 494.754 492.695 510.251 496.611 536.908 574.678 657.595 706.890 809.068 875.870 922.320 877.250 838.446 719.181 648.127 570.403 491.057 445.949 404.386 373.368 369.802 391.562 449.451 499.468
-999.250 -999.250 -999.250 -999.250 -999.250 -999.250 -999.250 -999.250 -999.250 -999.250 -999.250 -999.250 -999.250 -999.250 -999.250 -999.250 -999.250 -999.250 -999.250 -999.250 -999.250 -999.250 -999.250 -999.250 -999.250 -999.250 -999.250 -999.250 861.596 833.936 851.614 821.243 788.710 724.957 648.347 601.995 570.918 517.169 498.512 495.562 507.594 522.437 523.075 534.447 539.504 588.708 639.247 729.572 856.386 982.107 974.774 987.604 907.476 775.702 651.914 560.499 481.685 436.317 358.699 301.318 278.349 324.430 403.951 474.236
-999.250 -999.250 -999.250 -999.250 -999.250 -999.250 -999.250 -999.250 -999.250 -999.250 -999.250 -999.250 -999.250 -999.250 -999.250 -999.250 -999.250 -999.250 -999.250 -999.250 -999.250 -999.250 -999.250 -999.250 -999.250 -999.250 -999.250 -999.250 816.144 841.079 838.411 809.824 782.307 740.193 662.266 594.063 560.153 535.992 509.655 511.362 521.625 507.080 497.581 526.022 535.310 552.900 632.533 791.795 882.845 1037.102 1066.030 1103.793 961.398 801.810 680.199 552.714 474.684 418.995 318.999 238.228 157.687 260.415 339.342 416.071
-999.250 -999.250 -999.250 -999.250 -999.250 -999.250 -999.250 -999.250 -999.250 -999.250 -999.250 -999.250 -999.250 -999.250 -999.250 -999.250 -999.250 -999.250 -999.250 -999.250 -999.250 -999.250 -999.250 -999.250 -999.250 -999.250 -999.250 -999.250 750.647 809.700 806.625 841.653 752.788 726.801 622.114 559.973 607.114 569.698 528.613 516.406 516.526 509.298 518.949 516.881 518.287 545.055 661.150 774.975 940.784 1101.512 1198.651 1221.895 1073.179 840.344 692.106 518.708 459.321 372.527 308.276 224.306 193.444 252.681 317.237 394.602
-999.250 -999.250 -999.250 -999.250 -999.250 -999.250 -999.250 -999.250 -999.250 -999.250 -999.250 -999.250 -999.250 -999.250 -999.250 -999.250 -999.250 -999.250 -999.250 -999.250 -999.250 -999.250 -999.250 -999.250 -999.250 -999.250 -999.250 -999.250 775.773 770.867 774.605 765.536 727.788 682.297 644.406 605.832 562.646 519.091 519.022 521.221 509.019 491.954 491.317 510.052 506.236 490.611 628.119 755.532 912.038 1041.823 1201.276 1306.264 1110.552 884.440 684.689 546.409 443.242 358.691 283.248 241.909 235.791 255.955 309.386 362.686
-999.250 -999.250 -999.250 -999.250 -999.250 -999.250 -999.250 -999.250 -999.250 -999.250 -999.250 -999.250 -999.250 -999.250 -999.250 -999.250 -999.250 -999.250 -999.250 -999.250 -999.250 -999.250 -999.250 -999.250 -999.250 -999.250 -999.250 -999.250 757.495 772.064 747.609 774.730 747.069 702.429 619.026 584.120 580.858 539.431 527.736 504.295 505.272 490.756 514.497 519.510 514.058 544.956 636.001 771.417 879.681 995.452 1101.852 1113.356 963.580 806.286 655.615 522.576 407.145 328.556 274.727 218.510 248.576 263.969 312.466 372.513
-999.250 -999.250 -999.250 -999.250 -999.250 -999.250 -999.250 -999.250 -999.250 -999.250 -999.250 -999.250 -999.250 -999.250 -999.250 -999.250 -999.250 -999.250 -999.250 -999.250 -999.250 -999.250 -999.250 -999.250 -999.250 -999.250 -999.250 675.745 785.285 746.514 787.109 772.254 693.625 652.483 622.381 584.666 580.170 547.084 513.607 461.449 504.889 503.557 498.706 522.509 547.251 567.154 610.367 683.208 768.461 821.108 881.878 961.898 871.657 713.416 597.757 462.550 372.527 282.161 230.484 224.427 238.817 256.795 298.125 334.116
