data/medianmodel_17-May-2020.asc
ncols	141
nrows	288
xllcorner	-120191.398
yllcorner	-301404.813
cellsize	2000.000
NODATA_value	-999.250
[rows 93 to 123 of 288, columns 69 to 137 of 141]
8.342 13.929 18.988 20.833 13.587 15.114 10.671 8.061 5.789 4.652 4.633 4.027 3.613 4.313 2.793 3.121 2.855 3.368 4.105 2.287 3.917 3.206 3.217 5.540 5.865 5.498 8.047 7.380 6.555 8.899 9.504 6.538 5.065 5.753 6.399 9.342 7.841 9.225 9.973 9.463 8.815 8.460 10.271 10.813 11.055 -999.250 -999.250 -999.250 -999.250 -999.250 -999.250 -999.250 -999.250 -999.250 -999.250 -999.250 -999.250 -999.250 -999.250 -999.250 -999.250 -999.250 -999.250 -999.250 -999.250 -999.250 -999.250 -999.250 -999.250
14.501 17.252 20.878 21.639 20.934 16.304 12.994 9.921 9.797 6.400 4.584 4.736 4.151 4.216 3.807 2.361 0.151 0.557 2.638 3.742 5.132 3.656 5.542 5.913 4.080 5.311 7.989 6.471 8.080 7.964 6.610 6.399 7.558 5.322 7.043 7.357 8.786 8.303 4.978 8.149 7.810 11.652 9.787 8.683 8.644 -999.250 -999.250 -999.250 -999.250 -999.250 -999.250 -999.250 -999.250 -999.250 -999.250 -999.250 -999.250 -999.250 -999.250 -999.250 -999.250 -999.250 -999.250 -999.250 -999.250 -999.250 -999.250 -999.250 -999.250
18.693 19.717 20.654 24.750 22.396 20.918 15.554 14.295 10.222 7.284 6.350 2.961 3.996 1.940 0.417 1.010 0.000 0.000 0.000 2.145 3.700 3.873 4.755 5.017 2.804 2.201 3.755 5.125 6.361 7.605 6.987 7.281 7.833 6.616 7.736 4.977 7.873 7.469 7.035 7.596 8.869 7.540 8.295 7.960 8.871 -999.250 -999.250 -999.250 -999.250 -999.250 -999.250 -999.250 -999.250 -999.250 -999.250 -999.250 -999.250 -999.250 -999.250 -999.250 -999.250 -999.250 -999.250 -999.250 -999.250 -999.250 -999.250 -999.250 -999.250
20.590 26.601 27.103 32.994 26.340 19.744 16.269 14.804 11.614 7.182 4.498 4.525 2.464 1.701 0.076 0.000 0.000 0.000 0.000 0.180 1.917 3.997 4.216 2.475 3.236 3.587 2.808 4.464 4.278 7.151 6.743 7.076 6.522 7.680 8.261 8.789 9.004 7.166 8.620 8.268 7.155 7.257 7.204 7.798 7.445 5.765 -999.250 -999.250 -999.250 -999.250 -999.250 -999.250 -999.250 -999.250 -999.250 -999.250 -999.250 -999.250 -999.250 -999.250 -999.250 -999.250 -999.250 -999.250 -999.250 -999.250 -999.250 -999.250 -999.250
24.495 30.956 41.301 37.877 38.363 31.072 22.145 17.463 13.240 7.908 6.962 3.630 2.175 0.000 0.000 0.000 0.000 0.000 0.000 0.721 4.306 4.467 3.471 0.214 1.034 0.457 0.267 3.701 2.994 4.803 6.060 6.823 6.006 7.082 9.390 7.424 8.028 6.796 7.573 9.378 7.687 7.775 9.379 8.982 7.096 5.107 6.506 -999.250 -999.250 -999.250 -999.250 -999.250 -999.250 -999.250 -999.250 -999.250 -999.250 -999.250 -999.250 -999.250 -999.250 -999.250 -999.250 -999.250 -999.250 -999.250 -999.250 -999.250 -999.250
32.060 37.272 52.382 53.105 47.257 39.131 26.290 21.048 12.450 6.211 5.892 3.247 2.034 0.302 0.758 0.000 0.286 2.763 1.540 1.273 2.075 1.026 0.734 0.000 0.000 0.000 0.912 3.995 3.373 5.796 5.675 6.246 6.586 7.393 9.654 8.771 8.353 6.900 6.709 7.257 8.735 10.766 8.288 7.270 6.658 4.306 4.665 4.554 -999.250 -999.250 -999.250 -999.250 -999.250 -999.250 -999.250 -999.250 -999.250 -999.250 -999.250 -999.250 -999.250 -999.250 -999.250 -999.250 -999.250 -999.250 -999.250 -999.250 -999.250
35.112 47.298 52.096 67.522 47.938 31.777 29.493 20.847 13.963 10.509 4.940 4.262 2.151 3.109 1.072 1.020 0.927 1.994 0.567 2.282 1.398 0.000 0.000 0.000 0.000 0.000 1.842 2.107 3.277 7.148 9.135 7.455 6.151 7.246 9.236 9.447 9.324 7.375 7.551 7.430 8.759 7.091 8.172 8.021 6.146 5.112 4.025 -999.250 -999.250 -999.250 -999.250 -999.250 -999.250 -999.250 -999.250 -999.250 -999.250 -999.250 -999.250 -999.250 -999.250 -999.250 -999.250 -999.250 -999.250 -999.250 -999.250 -999.250 -999.250
33.070 43.499 54.125 52.347 39.894 29.847 27.741 20.989 14.724 10.904 7.253 4.833 4.230 3.662 3.712 2.541 2.226 2.663 2.723 3.010 2.019 0.000 0.000 0.000 0.000 1.399 0.002 3.694 4.559 5.113 5.791 7.892 7.923 7.679 8.618 7.321 7.062 6.772 7.388 7.208 7.662 7.897 9.045 6.976 7.452 5.248 4.230 3.469 -999.250 -999.250 -999.250 -999.250 -999.250 -999.250 -999.250 -999.250 -999.250 -999.250 -999.250 -999.250 -999.250 -999.250 -999.250 -999.250 -999.250 -999.250 -999.250 -999.250 -999.250
33.015 42.150 33.702 43.981 39.452 33.150 27.876 20.032 15.319 11.265 9.265 7.208 4.191 4.123 5.301 5.050 1.816 1.938 2.534 2.002 1.481 0.199 0.036 0.040 1.343 2.610 0.689 4.820 6.037 5.676 5.767 7.436 5.703 6.577 5.670 3.990 4.843 5.857 6.514 4.756 7.527 7.177 5.736 4.683 4.124 4.449 -999.250 -999.250 -999.250 -999.250 -999.250 -999.250 -999.250 -999.250 -999.250 -999.250 -999.250 -999.250 -999.250 -999.250 -999.250 -999.250 -999.250 -999.250 -999.250 -999.250 -999.250 -999.250 -999.250
24.819 35.718 37.085 36.445 33.368 26.712 20.028 16.951 10.942 9.040 6.417 4.821 4.344 4.504 3.603 1.396 2.423 2.659 2.274 1.739 3.102 0.524 0.829 1.560 1.419 1.685 4.256 3.792 5.775 7.879 7.596 5.678 5.883 4.655 4.087 4.845 4.689 6.344 4.300 6.458 7.183 6.970 6.435 4.703 5.475 -999.250 -999.250 -999.250 -999.250 -999.250 -999.250 -999.250 -999.250 -999.250 -999.250 -999.250 -999.250 -999.250 -999.250 -999.250 -999.250 -999.250 -999.250 -999.250 -999.250 -999.250 -999.250 -999.250 -999.250
17.868 28.990 31.141 29.323 22.444 22.902 12.561 13.228 11.466 7.812 5.434 5.793 6.781 6.077 4.929 2.947 2.784 2.685 2.137 0.806 1.072 1.156 1.371 2.731 3.114 4.018 4.119 3.866 6.698 7.419 7.273 5.612 5.004 3.605 3.251 4.384 3.383 3.954 5.381 7.506 6.907 6.202 5.683 4.722 4.530 -999.250 -999.250 -999.250 -999.250 -999.250 -999.250 -999.250 -999.250 -999.250 -999.250 -999.250 -999.250 -999.250 -999.250 -999.250 -999.250 -999.250 -999.250 -999.250 -999.250 -999.250 -999.250 -999.250 -999.250
16.471 19.438 24.532 21.116 16.887 15.246 11.127 9.609 9.249 10.829 7.981 5.733 7.598 6.440 4.387 4.060 1.930 1.016 2.288 0.021 0.542 1.290 0.671 1.584 0.862 4.357 3.928 5.194 6.153 5.863 5.326 4.860 4.616 5.605 4.258 3.119 4.185 2.809 2.141 3.512 6.048 6.008 9.711 6.121 -999.250 -999.250 -999.250 -999.250 -999.250 -999.250 -999.250 -999.250 -999.250 -999.250 -999.250 -999.250 -999.250 -999.250 -999.250 -999.250 -999.250 -999.250 -999.250 -999.250 -999.250 -999.250 -999.250 -999.250 -999.250
15.859 17.238 17.324 14.469 12.162 11.338 12.599 7.479 11.124 7.452 8.833 6.673 7.804 8.145 7.282 3.206 1.736 1.449 0.770 0.114 0.172 1.087 2.251 0.000 2.301 3.676 3.805 3.498 2.427 5.706 4.300 4.537 4.363 2.981 2.268 2.088 2.938 4.594 3.086 2.092 -999.250 -999.250 -999.250 -999.250 -999.250 -999.250 -999.250 -999.250 -999.250 -999.250 -999.250 -999.250 -999.250 -999.250 -999.250 -999.250 -999.250 -999.250 -999.250 -999.250 -999.250 -999.250 -999.250 -999.250 -999.250 -999.250 -999.250 -999.250 -999.250
12.034 13.922 13.515 10.009 9.166 9.514 9.977 7.940 7.211 8.889 7.030 7.443 7.845 8.002 5.765 5.112 2.510 1.804 0.377 0.977 0.324 1.373 1.793 0.000 2.483 2.436 3.449 3.086 3.946 4.158 5.134 4.134 1.882 2.278 1.445 2.792 2.495 1.890 -999.250 -999.250 -999.250 -999.250 -999.250 -999.250 -999.250 -999.250 -999.250 -999.250 -999.250 -999.250 -999.250 -999.250 -999.250 -999.250 -999.250 -999.250 -999.250 -999.250 -999.250 -999.250 -999.250 -999.250 -999.250 -999.250 -999.250 -999.250 -999.250 -999.250 -999.250
8.088 9.264 10.081 8.598 5.293 6.735 7.388 6.514 5.887 6.482 5.012 6.642 5.978 6.587 5.698 4.201 2.735 3.116 0.862 0.975 3.666 0.365 1.066 0.000 1.562 1.819 3.242 3.918 5.418 4.438 4.406 2.038 2.310 0.214 0.517 2.368 0.065 0.515 -999.250 -999.250 -999.250 -999.250 -999.250 -999.250 -999.250 -999.250 -999.250 -999.250 -999.250 -999.250 -999.250 -999.250 -999.250 -999.250 -999.250 -999.250 -999.250 -999.250 -999.250 -999.250 -999.250 -999.250 -999.250 -999.250 -999.250 -999.250 -999.250 -999.250 -999.250
6.117 7.271 9.148 9.118 6.120 5.232 5.906 4.856 5.930 5.448 6.392 5.515 5.432 5.759 6.521 4.897 1.898 4.009 3.970 1.516 1.654 1.414 0.938 1.253 2.744 3.348 3.756 3.444 5.304 3.849 3.545 2.258 0.378 0.000 0.000 0.000 0.000 1.478 -999.250 -999.250 -999.250 -999.250 -999.250 -999.250 -999.250 -999.250 -999.250 -999.250 -999.250 -999.250 -999.250 -999.250 -999.250 -999.250 -999.250 -999.250 -999.250 -999.250 -999.250 -999.250 -999.250 -999.250 -999.250 -999.250 -999.250 -999.250 -999.250 -999.250 -999.250
5.074 6.371 5.968 5.507 4.536 4.139 6.193 7.773 7.230 5.831 7.528 7.044 5.756 4.949 4.504 4.015 1.857 3.075 1.377 3.461 1.916 1.825 1.564 0.588 1.778 2.135 4.396 4.264 5.003 3.585 4.690 1.008 0.619 0.000 0.000 0.000 0.000 0.522 -999.250 -999.250 -999.250 -999.250 -999.250 -999.250 -999.250 -999.250 -999.250 -999.250 -999.250 -999.250 -999.250 -999.250 -999.250 -999.250 -999.250 -999.250 -999.250 -999.250 -999.250 -999.250 -999.250 -999.250 -999.250 -999.250 -999.250 -999.250 -999.250 -999.250 -999.250
3.687 1.558 4.332 4.179 1.651 0.902 4.077 6.437 7.390 7.147 7.914 6.493 4.668 4.351 4.498 3.754 3.989 3.377 3.774 3.063 2.935 0.000 3.323 1.470 1.889 2.192 4.037 3.490 4.047 4.357 3.010 1.398 0.000 0.000 0.000 0.682 0.918 0.760 -999.250 -999.250 -999.250 -999.250 -999.250 -999.250 -999.250 -999.250 -999.250 -999.250 -999.250 -999.250 -999.250 -999.250 -999.250 -999.250 -999.250 -999.250 -999.250 -999.250 -999.250 -999.250 -999.250 -999.250 -999.250 -999.250 -999.250 -999.250 -999.250 -999.250 -999.250
1.612 1.704 1.832 1.423 2.947 3.174 2.422 5.803 5.495 8.952 6.278 6.646 4.004 4.447 3.038 4.109 5.465 3.783 3.815 2.520 2.271 1.059 3.008 2.403 3.094 3.418 4.559 4.911 3.865 4.729 1.989 1.889 1.402 0.000 0.000 0.000 0.544 1.259 -999.250 -999.250 -999.250 -999.250 -999.250 -999.250 -999.250 -999.250 -999.250 -999.250 -999.250 -999.250 -999.250 -999.250 -999.250 -999.250 -999.250 -999.250 -999.250 -999.250 -999.250 -999.250 -999.250 -999.250 -999.250 -999.250 -999.250 -999.250 -999.250 -999.250 -999.250
0.650 0.239 0.119 1.853 4.463 2.261 4.953 5.925 5.810 7.475 6.948 5.840 6.583 3.669 6.088 1.949 5.870 4.289 3.833 4.534 3.713 1.763 2.245 2.147 3.256 2.294 3.115 6.091 4.496 3.365 0.750 1.533 0.983 1.082 1.131 0.330 2.515 2.169 4.114 4.753 -999.250 -999.250 -999.250 -999.250 -999.250 -999.250 -999.250 -999.250 -999.250 -999.250 -999.250 -999.250 -999.250 -999.250 -999.250 -999.250 -999.250 -999.250 -999.250 -999.250 -999.250 -999.250 -999.250 -999.250 -999.250 -999.250 -999.250 -999.250 -999.250
1.028 0.000 0.000 2.622 5.279 6.249 6.713 6.934 8.100 7.655 8.702 7.725 4.444 5.631 3.806 3.345 4.352 5.577 2.930 2.552 3.075 3.055 4.944 3.154 2.351 2.698 5.991 3.810 3.730 3.980 4.237 2.700 2.212 2.424 1.613 1.522 2.426 2.090 5.851 3.404 3.005 2.245 -999.250 -999.250 -999.250 -999.250 -999.250 -999.250 -999.250 -999.250 -999.250 -999.250 -999.250 -999.250 -999.250 -999.250 -999.250 -999.250 -999.250 -999.250 -999.250 -999.250 -999.250 -999.250 -999.250 -999.250 -999.250 -999.250 -999.250
0.510 0.000 0.869 3.782 3.412 4.259 5.351 7.025 8.996 10.732 10.745 6.183 3.651 6.471 4.227 3.570 6.206 5.350 4.529 2.558 4.242 3.734 4.659 3.133 3.008 2.846 4.676 5.822 3.902 3.694 2.863 4.426 3.408 2.686 2.855 4.939 3.005 3.343 4.526 6.183 5.983 7.292 -999.250 -999.250 -999.250 -999.250 -999.250 -999.250 -999.250 -999.250 -999.250 -999.250 -999.250 -999.250 -999.250 -999.250 -999.250 -999.250 -999.250 -999.250 -999.250 -999.250 -999.250 -999.250 -999.250 -999.250 -999.250 -999.250 -999.250
1.937 1.989 2.189 3.740 5.664 6.397 10.292 11.380 10.945 7.127 7.945 4.953 5.710 2.967 4.495 5.243 4.476 5.383 4.312 3.886 2.625 4.544 5.309 4.322 1.531 1.455 2.769 2.436 2.843 4.379 4.366 5.358 5.132 4.767 5.425 6.829 5.327 4.312 4.711 7.428 4.905 5.810 4.244 -999.250 -999.250 -999.250 -999.250 -999.250 -999.250 -999.250 -999.250 -999.250 -999.250 -999.250 -999.250 -999.250 -999.250 -999.250 -999.250 -999.250 -999.250 -999.250 -999.250 -999.250 -999.250 -999.250 -999.250 -999.250 -999.250
6.419 5.903 4.049 6.026 8.832 8.167 7.879 8.449 9.401 8.273 8.434 8.200 5.679 5.546 5.713 4.631 6.315 4.860 3.141 2.503 3.848 1.593 2.790 2.822 3.905 4.448 4.024 4.037 4.704 5.474 7.139 7.771 5.498 5.082 5.884 6.355 7.482 5.289 6.667 10.205 6.970 5.297 5.686 3.483 -999.250 -999.250 -999.250 -999.250 -999.250 -999.250 -999.250 -999.250 -999.250 -999.250 -999.250 -999.250 -999.250 -999.250 -999.250 -999.250 -999.250 -999.250 -999.250 -999.250 -999.250 -999.250 -999.250 -999.250 -999.250
7.255 8.501 6.049 8.824 7.663 8.279 8.055 8.470 8.089 10.184 10.834 7.990 8.198 6.924 8.395 4.779 8.518 6.603 5.102 3.452 3.748 2.357 3.532 3.917 4.209 6.334 4.121 6.339 5.461 5.711 5.846 5.743 4.292 5.518 6.578 6.504 6.248 7.464 7.952 9.388 6.254 6.774 5.040 5.394 -999.250 -999.250 -999.250 -999.250 -999.250 -999.250 -999.250 -999.250 -999.250 -999.250 -999.250 -999.250 -999.250 -999.250 -999.250 -999.250 -999.250 -999.250 -999.250 -999.250 -999.250 -999.250 -999.250 -999.250 -999.250
8.308 10.814 10.446 8.633 8.833 8.026 10.749 9.906 9.817 8.273 7.705 8.626 7.380 7.461 9.361 9.558 8.931 7.917 6.403 7.271 4.913 3.826 3.131 5.654 5.294 6.118 5.070 3.859 5.080 4.681 5.965 5.043 7.269 7.933 8.364 7.804 8.059 6.628 9.477 8.598 5.368 6.158 5.392 4.638 4.393 -999.250 -999.250 -999.250 -999.250 -999.250 -999.250 -999.250 -999.250 -999.250 -999.250 -999.250 -999.250 -999.250 -999.250 -999.250 -999.250 -999.250 -999.250 -999.250 -999.250 -999.250 -999.250 -999.250 -999.250
11.170 14.316 11.088 13.083 12.335 10.905 10.698 9.363 9.737 11.029 7.918 8.612 7.536 8.278 7.073 10.501 8.494 8.515 8.358 6.182 5.994 4.793 4.021 5.180 5.203 5.191 4.629 5.478 5.060 4.474 3.858 4.119 5.547 7.010 7.982 8.537 7.152 10.173 9.233 8.444 6.945 6.778 7.493 6.198 -999.250 -999.250 -999.250 -999.250 -999.250 -999.250 -999.250 -999.250 -999.250 -999.250 -999.250 -999.250 -999.250 -999.250 -999.250 -999.250 -999.250 -999.250 -999.250 -999.250 -999.250 -999.250 -999.250 -999.250 -999.250
12.516 15.669 15.660 16.599 11.891 11.728 13.616 8.529 9.189 9.669 9.095 10.211 9.208 8.364 9.792 11.056 10.477 8.033 8.311 6.412 5.128 5.270 4.381 5.008 4.903 4.876 6.405 5.242 3.826 4.216 5.102 4.222 3.118 5.783 5.094 9.539 9.727 6.884 9.238 12.342 8.805 8.472 10.566 8.140 -999.250 -999.250 -999.250 -999.250 -999.250 -999.250 -999.250 -999.250 -999.250 -999.250 -999.250 -999.250 -999.250 -999.250 -999.250 -999.250 -999.250 -999.250 -999.250 -999.250 -999.250 -999.250 -999.250 -999.250 -999.250
13.675 17.723 16.762 15.018 15.441 11.259 8.608 9.626 10.642 8.694 7.732 10.272 8.344 8.853 9.437 10.543 8.433 9.948 7.521 5.181 5.604 5.892 4.387 3.658 3.076 6.560 4.394 3.995 4.940 2.010 2.413 1.940 3.307 3.817 4.630 7.311 10.364 11.538 12.000 9.759 10.297 9.596 9.783 6.620 -999.250 -999.250 -999.250 -999.250 -999.250 -999.250 -999.250 -999.250 -999.250 -999.250 -999.250 -999.250 -999.250 -999.250 -999.250 -999.250 -999.250 -999.250 -999.250 -999.250 -999.250 -999.250 -999.250 -999.250 -999.250
17.003 19.988 15.682 15.168 13.123 11.795 10.366 10.165 10.662 9.601 8.718 8.654 7.614 9.539 10.064 7.815 7.471 8.040 6.297 4.690 4.288 6.087 6.138 5.577 6.530 4.342 3.954 2.375 2.378 2.321 0.000 0.000 0.683 3.895 4.448 6.744 8.986 8.749 11.393 12.545 9.939 10.439 7.867 7.404 -999.250 -999.250 -999.250 -999.250 -999.250 -999.250 -999.250 -999.250 -999.250 -999.250 -999.250 -999.250 -999.250 -999.250 -999.250 -999.250 -999.250 -999.250 -999.250 -999.250 -999.250 -999.250 -999.250 -999.250 -999.250
13.851 17.678 16.841 16.432 11.986 11.696 9.720 8.599 6.804 9.037 8.756 9.253 7.998 9.521 8.200 4.699 5.214 5.381 6.668 4.351 4.466 6.793 5.087 6.325 4.642 3.562 3.785 2.331 3.491 0.955 0.000 0.000 1.989 3.417 4.381 5.564 8.005 8.859 7.894 8.945 9.189 10.159 11.431 -999.250 -999.250 -999.250 -999.250 -999.250 -999.250 -999.250 -999.250 -999.250 -999.250 -999.250 -999.250 -999.250 -999.250 -999.250 -999.250 -999.250 -999.250 -999.250 -999.250 -999.250 -999.250 -999.250 -999.250 -999.250 -999.250
