data/medianmodel_22-Oct-2020.asc
ncols	141
nrows	288
xllcorner	-120191.398
yllcorner	-301404.813
cellsize	2000.000
NODATA_value	-999.250
[rows 174 to 202 of 288, columns 67 to 133 of 141]
45.895 47.677 52.530 50.570 47.773 42.758 38.106 33.011 34.454 28.201 19.417 15.030 13.203 14.316 17.277 27.078 31.541 41.546 53.842 54.214 58.378 57.113 57.812 54.286 52.402 53.145 55.728 55.136 53.416 47.915 49.449 52.889 62.691 59.983 56.435 56.230 60.714 64.736 75.746 84.975 81.227 82.333 83.208 -999.250 -999.250 -999.250 -999.250 -999.250 -999.250 -999.250 -999.250 -999.250 -999.250 -999.250 -999.250 -999.250 -999.250 -999.250 -999.250 -999.250 -999.250 -999.250 -999.250 -999.250 -999.250 -999.250 -999.250
40.808 52.033 52.723 49.150 40.888 41.279 42.331 37.136 39.161 31.910 28.003 21.638 17.788 18.749 23.760 29.817 37.942 52.257 61.526 68.931 67.947 64.090 61.409 67.093 66.668 67.390 61.972 66.757 64.545 64.380 67.201 62.880 60.829 63.016 61.724 57.613 65.353 68.216 75.163 76.056 78.830 78.834 -999.250 -999.250 -999.250 -999.250 -999.250 -999.250 -999.250 -999.250 -999.250 -999.250 -999.250 -999.250 -999.250 -999.250 -999.250 -999.250 -999.250 -999.250 -999.250 -999.250 -999.250 -999.250 -999.250 -999.250 -999.250
47.518 49.090 53.155 58.262 43.217 60.088 49.139 49.634 41.815 42.920 38.439 30.308 22.666 26.574 31.989 36.618 47.224 57.608 63.047 83.093 90.410 81.646 84.227 79.199 87.414 79.366 89.986 83.144 88.855 74.887 70.832 70.258 70.422 67.698 68.641 69.774 61.270 61.908 75.472 79.347 81.185 77.733 -999.250 -999.250 -999.250 -999.250 -999.250 -999.250 -999.250 -999.250 -999.250 -999.250 -999.250 -999.250 -999.250 -999.250 -999.250 -999.250 -999.250 -999.250 -999.250 -999.250 -999.250 -999.250 -999.250 -999.250 -999.250
52.171 55.122 55.624 64.909 63.228 63.878 63.038 64.024 62.686 55.321 49.366 38.184 38.122 37.456 43.209 44.193 54.533 71.492 74.391 89.214 115.485 113.464 102.409 95.924 116.306 106.475 104.347 114.730 101.964 90.577 85.549 79.309 88.992 78.256 71.858 68.413 69.864 72.146 73.551 72.890 86.673 -999.250 -999.250 -999.250 -999.250 -999.250 -999.250 -999.250 -999.250 -999.250 -999.250 -999.250 -999.250 -999.250 -999.250 -999.250 -999.250 -999.250 -999.250 -999.250 -999.250 -999.250 -999.250 -999.250 -999.250 -999.250 -999.250
46.998 53.966 58.738 60.580 70.704 68.015 71.397 82.389 75.141 58.141 55.573 40.252 54.373 46.475 60.852 62.444 79.740 97.828 101.597 139.069 144.490 149.705 153.615 143.127 156.223 143.473 138.465 127.965 129.801 126.829 96.667 113.527 99.469 81.053 67.186 72.368 69.479 72.545 84.838 89.052 77.863 -999.250 -999.250 -999.250 -999.250 -999.250 -999.250 -999.250 -999.250 -999.250 -999.250 -999.250 -999.250 -999.250 -999.250 -999.250 -999.250 -999.250 -999.250 -999.250 -999.250 -999.250 -999.250 -999.250 -999.250 -999.250 -999.250
49.026 54.506 65.365 65.869 67.678 74.882 81.717 77.040 71.676 70.049 65.535 62.050 58.724 62.364 65.660 80.463 92.467 123.591 135.307 163.066 168.983 180.144 183.524 189.104 185.551 191.956 189.984 171.813 164.207 149.082 132.234 132.801 117.331 77.882 69.950 71.262 57.825 74.155 74.136 71.866 -999.250 -999.250 -999.250 -999.250 -999.250 -999.250 -999.250 -999.250 -999.250 -999.250 -999.250 -999.250 -999.250 -999.250 -999.250 -999.250 -999.250 -999.250 -999.250 -999.250 -999.250 -999.250 -999.250 -999.250 -999.250 -999.250 -999.250
51.003 58.386 65.817 71.562 78.938 83.439 86.227 83.010 87.643 83.968 76.116 88.752 69.658 76.382 83.859 97.283 119.177 143.810 158.196 187.480 200.735 244.946 250.184 246.986 249.146 246.800 244.018 222.836 210.324 180.919 148.588 131.751 104.696 88.049 82.735 75.073 65.575 72.339 70.273 83.287 -999.250 -999.250 -999.250 -999.250 -999.250 -999.250 -999.250 -999.250 -999.250 -999.250 -999.250 -999.250 -999.250 -999.250 -999.250 -999.250 -999.250 -999.250 -999.250 -999.250 -999.250 -999.250 -999.250 -999.250 -999.250 -999.250 -999.250
54.983 68.745 70.114 71.952 79.954 95.757 87.932 93.700 99.705 93.360 84.267 89.717 98.361 97.824 101.900 136.225 144.035 169.176 198.596 221.265 249.199 293.250 320.711 332.950 344.820 358.721 342.820 280.817 257.194 235.576 187.718 155.912 135.773 105.065 99.331 95.036 81.913 81.147 84.565 85.831 -999.250 -999.250 -999.250 -999.250 -999.250 -999.250 -999.250 -999.250 -999.250 -999.250 -999.250 -999.250 -999.250 -999.250 -999.250 -999.250 -999.250 -999.250 -999.250 -999.250 -999.250 -999.250 -999.250 -999.250 -999.250 -999.250 -999.250
62.708 71.375 75.219 78.223 77.017 103.989 92.473 95.697 102.849 89.401 108.020 104.344 129.357 124.866 140.607 155.840 176.791 202.806 222.656 268.049 288.029 372.150 409.491 422.951 444.613 452.868 393.381 346.495 308.445 283.580 214.967 196.713 156.377 130.865 104.576 103.206 90.896 76.631 90.714 -999.250 -999.250 -999.250 -999.250 -999.250 -999.250 -999.250 -999.250 -999.250 -999.250 -999.250 -999.250 -999.250 -999.250 -999.250 -999.250 -999.250 -999.250 -999.250 -999.250 -999.250 -999.250 -999.250 -999.250 -999.250 -999.250 -999.250 -999.250
76.704 74.678 75.853 91.984 92.288 84.740 104.828 106.648 98.382 89.928 99.762 126.062 139.277 151.993 168.617 189.070 227.844 264.612 300.606 319.238 393.964 423.858 494.775 525.475 529.393 516.368 468.930 405.303 388.283 339.802 309.077 269.508 202.218 156.998 127.238 107.171 95.061 82.708 -999.250 -999.250 -999.250 -999.250 -999.250 -999.250 -999.250 -999.250 -999.250 -999.250 -999.250 -999.250 -999.250 -999.250 -999.250 -999.250 -999.250 -999.250 -999.250 -999.250 -999.250 -999.250 -999.250 -999.250 -999.250 -999.250 -999.250 -999.250 -999.250
83.024 90.513 81.537 93.996 94.968 94.687 102.094 101.956 125.812 111.643 118.169 132.894 147.777 172.255 188.353 212.300 250.973 275.481 350.057 363.347 440.183 547.912 591.421 623.515 586.881 616.995 585.118 503.434 509.396 388.332 339.071 283.742 241.472 177.553 142.106 129.494 103.736 96.318 -999.250 -999.250 -999.250 -999.250 -999.250 -999.250 -999.250 -999.250 -999.250 -999.250 -999.250 -999.250 -999.250 -999.250 -999.250 -999.250 -999.250 -999.250 -999.250 -999.250 -999.250 -999.250 -999.250 -999.250 -999.250 -999.250 -999.250 -999.250 -999.250
72.661 81.314 97.215 92.539 100.000 98.808 107.696 136.041 134.635 116.110 129.073 145.305 169.050 200.687 215.713 237.429 297.858 313.763 360.618 421.497 478.237 586.525 615.924 724.668 771.838 708.163 621.918 600.985 522.527 453.476 369.719 333.297 266.500 186.601 154.132 124.551 -999.250 -999.250 -999.250 -999.250 -999.250 -999.250 -999.250 -999.250 -999.250 -999.250 -999.250 -999.250 -999.250 -999.250 -999.250 -999.250 -999.250 -999.250 -999.250 -999.250 -999.250 -999.250 -999.250 -999.250 -999.250 -999.250 -999.250 -999.250 -999.250 -999.250 -999.250
69.291 86.250 95.582 91.038 102.062 95.533 100.972 117.369 140.260 129.285 131.730 166.590 181.051 209.661 218.234 264.641 272.130 309.957 356.547 426.765 530.217 623.013 644.277 737.754 901.254 732.077 684.684 589.931 497.021 470.301 383.407 329.508 223.845 182.058 140.734 -999.250 -999.250 -999.250 -999.250 -999.250 -999.250 -999.250 -999.250 -999.250 -999.250 -999.250 -999.250 -999.250 -999.250 -999.250 -999.250 -999.250 -999.250 -999.250 -999.250 -999.250 -999.250 -999.250 -999.250 -999.250 -999.250 -999.250 -999.250 -999.250 -999.250 -999.250 -999.250
74.747 90.253 92.421 100.141 90.658 104.563 107.892 112.221 123.161 147.787 145.415 147.629 178.329 192.417 231.172 258.575 288.362 347.215 379.183 476.241 556.780 610.982 653.308 673.083 769.769 687.616 602.779 515.404 465.597 408.965 346.494 298.324 238.875 189.384 -999.250 -999.250 -999.250 -999.250 -999.250 -999.250 -999.250 -999.250 -999.250 -999.250 -999.250 -999.250 -999.250 -999.250 -999.250 -999.250 -999.250 -999.250 -999.250 -999.250 -999.250 -999.250 -999.250 -999.250 -999.250 -999.250 -999.250 -999.250 -999.250 -999.250 -999.250 -999.250 -999.250
75.389 97.057 90.235 102.197 100.071 102.510 109.098 127.151 136.788 151.586 162.221 171.070 191.889 203.410 239.523 270.636 299.216 326.895 322.249 385.299 442.154 546.101 619.690 597.086 670.481 669.228 603.512 509.327 506.138 390.400 354.570 278.712 223.372 -999.250 -999.250 -999.250 -999.250 -999.250 -999.250 -999.250 -999.250 -999.250 -999.250 -999.250 -999.250 -999.250 -999.250 -999.250 -999.250 -999.250 -999.250 -999.250 -999.250 -999.250 -999.250 -999.250 -999.250 -999.250 -999.250 -999.250 -999.250 -999.250 -999.250 -999.250 -999.250 -999.250 -999.250
73.301 93.543 99.495 104.897 117.711 118.992 110.862 107.577 128.500 139.875 157.930 166.483 192.557 215.421 244.832 250.026 291.544 304.567 316.870 423.107 462.797 466.547 521.338 554.149 596.323 567.982 548.192 452.990 398.692 363.987 329.716 -999.250 -999.250 -999.250 -999.250 -999.250 -999.250 -999.250 -999.250 -999.250 -999.250 -999.250 -999.250 -999.250 -999.250 -999.250 -999.250 -999.250 -999.250 -999.250 -999.250 -999.250 -999.250 -999.250 -999.250 -999.250 -999.250 -999.250 -999.250 -999.250 -999.250 -999.250 -999.250 -999.250 -999.250 -999.250 -999.250
104.125 105.175 110.423 120.491 122.397 133.663 132.929 126.870 128.099 140.132 144.125 169.682 184.833 210.885 240.608 254.924 285.792 283.229 361.178 372.058 397.875 444.368 493.279 510.345 487.431 484.689 445.255 476.122 330.114 344.440 298.014 -999.250 -999.250 -999.250 -999.250 -999.250 -999.250 -999.250 -999.250 -999.250 -999.250 -999.250 -999.250 -999.250 -999.250 -999.250 -999.250 -999.250 -999.250 -999.250 -999.250 -999.250 -999.250 -999.250 -999.250 -999.250 -999.250 -999.250 -999.250 -999.250 -999.250 -999.250 -999.250 -999.250 -999.250 -999.250 -999.250
94.688 116.602 124.319 126.791 106.896 132.528 129.815 132.255 132.982 130.790 151.195 175.945 193.928 212.877 234.321 243.272 266.305 288.655 306.723 358.725 398.753 381.602 413.098 434.358 395.003 390.453 359.787 322.726 301.979 271.149 -999.250 -999.250 -999.250 -999.250 -999.250 -999.250 -999.250 -999.250 -999.250 -999.250 -999.250 -999.250 -999.250 -999.250 -999.250 -999.250 -999.250 -999.250 -999.250 -999.250 -999.250 -999.250 -999.250 -999.250 -999.250 -999.250 -999.250 -999.250 -999.250 -999.250 -999.250 -999.250 -999.250 -999.250 -999.250 -999.250 -999.250
104.576 136.949 122.555 114.844 115.547 131.518 110.752 117.025 134.718 157.834 159.037 170.278 199.238 219.420 244.453 259.248 274.462 346.549 311.391 329.625 303.907 330.623 321.214 302.702 322.193 287.546 311.343 285.093 272.988 227.600 -999.250 -999.250 -999.250 -999.250 -999.250 -999.250 -999.250 -999.250 -999.250 -999.250 -999.250 -999.250 -999.250 -999.250 -999.250 -999.250 -999.250 -999.250 -999.250 -999.250 -999.250 -999.250 -999.250 -999.250 -999.250 -999.250 -999.250 -999.250 -999.250 -999.250 -999.250 -999.250 -999.250 -999.250 -999.250 -999.250 -999.250
117.519 130.449 117.887 124.618 128.186 120.253 128.354 135.750 130.331 139.281 163.028 170.916 197.916 220.756 245.019 278.995 314.812 292.774 259.555 300.518 252.458 283.951 242.597 237.430 221.769 226.972 242.067 237.588 203.096 216.329 -999.250 -999.250 -999.250 -999.250 -999.250 -999.250 -999.250 -999.250 -999.250 -999.250 -999.250 -999.250 -999.250 -999.250 -999.250 -999.250 -999.250 -999.250 -999.250 -999.250 -999.250 -999.250 -999.250 -999.250 -999.250 -999.250 -999.250 -999.250 -999.250 -999.250 -999.250 -999.250 -999.250 -999.250 -999.250 -999.250 -999.250
126.185 122.791 125.354 129.961 121.881 114.041 134.181 134.445 138.718 147.830 157.471 181.719 186.504 205.312 226.615 233.863 263.733 246.641 231.601 201.040 203.015 197.491 187.349 160.912 153.875 158.793 153.657 180.259 178.637 163.442 -999.250 -999.250 -999.250 -999.250 -999.250 -999.250 -999.250 -999.250 -999.250 -999.250 -999.250 -999.250 -999.250 -999.250 -999.250 -999.250 -999.250 -999.250 -999.250 -999.250 -999.250 -999.250 -999.250 -999.250 -999.250 -999.250 -999.250 -999.250 -999.250 -999.250 -999.250 -999.250 -999.250 -999.250 -999.250 -999.250 -999.250
132.635 134.782 136.819 144.127 130.942 118.618 127.978 127.949 137.551 153.435 152.169 170.614 187.345 196.635 223.758 202.537 235.279 215.758 182.816 168.557 164.944 141.901 124.636 100.160 97.761 106.861 112.965 101.333 127.284 122.898 129.257 -999.250 -999.250 -999.250 -999.250 -999.250 -999.250 -999.250 -999.250 -999.250 -999.250 -999.250 -999.250 -999.250 -999.250 -999.250 -999.250 -999.250 -999.250 -999.250 -999.250 -999.250 -999.250 -999.250 -999.250 -999.250 -999.250 -999.250 -999.250 -999.250 -999.250 -999.250 -999.250 -999.250 -999.250 -999.250 -999.250
148.950 146.107 150.177 152.230 120.381 142.531 145.619 135.621 139.257 155.826 160.407 166.259 176.438 191.204 179.902 190.353 188.427 167.317 172.425 135.846 121.008 111.093 87.763 78.844 72.780 78.939 69.437 75.698 79.567 93.615 123.114 -999.250 -999.250 -999.250 -999.250 -999.250 -999.250 -999.250 -999.250 -999.250 -999.250 -999.250 -999.250 -999.250 -999.250 -999.250 -999.250 -999.250 -999.250 -999.250 -999.250 -999.250 -999.250 -999.250 -999.250 -999.250 -999.250 -999.250 -999.250 -999.250 -999.250 -999.250 -999.250 -999.250 -999.250 -999.250 -999.250
167.570 153.328 163.416 162.649 144.080 141.668 126.580 146.921 147.452 155.301 153.858 151.514 174.706 182.173 174.667 170.559 176.486 151.606 126.083 128.917 110.497 81.513 67.042 65.339 52.015 60.394 60.996 70.935 71.138 86.614 -999.250 -999.250 -999.250 -999.250 -999.250 -999.250 -999.250 -999.250 -999.250 -999.250 -999.250 -999.250 -999.250 -999.250 -999.250 -999.250 -999.250 -999.250 -999.250 -999.250 -999.250 -999.250 -999.250 -999.250 -999.250 -999.250 -999.250 -999.250 -999.250 -999.250 -999.250 -999.250 -999.250 -999.250 -999.250 -999.250 -999.250
147.000 153.793 183.108 168.740 156.311 148.017 141.196 145.623 145.745 140.860 140.794 154.079 160.420 161.609 168.943 169.849 155.328 140.351 106.317 86.834 79.349 71.835 55.666 54.664 46.901 49.556 55.895 63.897 76.931 -999.250 -999.250 -999.250 -999.250 -999.250 -999.250 -999.250 -999.250 -999.250 -999.250 -999.250 -999.250 -999.250 -999.250 -999.250 -999.250 -999.250 -999.250 -999.250 -999.250 -999.250 -999.250 -999.250 -999.250 -999.250 -999.250 -999.250 -999.250 -999.250 -999.250 -999.250 -999.250 -999.250 -999.250 -999.250 -999.250 -999.250 -999.250
147.197 162.938 178.078 167.723 151.347 138.325 156.765 131.509 138.807 145.292 132.579 149.093 165.457 163.202 156.054 157.723 141.987 116.445 98.553 86.275 79.985 60.063 54.737 50.145 45.529 42.915 48.794 68.686 92.938 -999.250 -999.250 -999.250 -999.250 -999.250 -999.250 -999.250 -999.250 -999.250 -999.250 -999.250 -999.250 -999.250 -999.250 -999.250 -999.250 -999.250 -999.250 -999.250 -999.250 -999.250 -999.250 -999.250 -999.250 -999.250 -999.250 -999.250 -999.250 -999.250 -999.250 -999.250 -999.250 -999.250 -999.250 -999.250 -999.250 -999.250 -999.250
167.615 168.392 170.303 160.083 143.894 138.380 136.794 136.627 139.227 138.018 142.591 135.947 149.662 145.239 148.380 138.831 118.876 103.359 100.906 89.391 74.869 66.964 49.457 47.230 48.162 57.955 49.673 61.089 87.891 -999.250 -999.250 -999.250 -999.250 -999.250 -999.250 -999.250 -999.250 -999.250 -999.250 -999.250 -999.250 -999.250 -999.250 -999.250 -999.250 -999.250 -999.250 -999.250 -999.250 -999.250 -999.250 -999.250 -999.250 -999.250 -999.250 -999.250 -999.250 -999.250 -999.250 -999.250 -999.250 -999.250 -999.250 -999.250 -999.250 -999.250 -999.250
145.194 152.257 151.710 135.014 132.997 130.672 138.794 136.262 147.800 140.251 144.831 123.872 138.522 119.246 133.299 131.690 110.642 98.440 98.997 91.017 69.362 68.058 52.163 54.000 56.043 58.594 66.745 66.613 75.394 -999.250 -999.250 -999.250 -999.250 -999.250 -999.250 -999.250 -999.250 -999.250 -999.250 -999.250 -999.250 -999.250 -999.250 -999.250 -999.250 -999.250 -999.250 -999.250 -999.250 -999.250 -999.250 -999.250 -999.250 -999.250 -999.250 -999.250 -999.250 -999.250 -999.250 -999.250 -999.250 -999.250 -999.250 -999.250 -999.250 -999.250 -999.250
140.727 137.943 131.616 132.782 141.459 128.818 131.860 121.687 125.460 136.585 121.853 125.124 129.519 127.397 118.906 99.594 114.265 90.806 88.523 83.888 71.922 66.524 61.923 59.306 58.803 57.212 59.499 58.642 -999.250 -999.250 -999.250 -999.250 -999.250 -999.250 -999.250 -999.250 -999.250 -999.250 -999.250 -999.250 -999.250 -999.250 -999.250 -999.250 -999.250 -999.250 -999.250 -999.250 -999.250 -999.250 -999.250 -999.250 -999.250 -999.250 -999.250 -999.250 -999.250 -999.250 -999.250 -999.250 -999.250 -999.250 -999.250 -999.250 -999.250 -999.250 -999.250
