data/medianmodel_18-Jun-2020.asc
ncols	141
nrows	288
xllcorner	-120191.398
yllcorner	-301404.813
cellsize	2000.000
NODATA_value	-999.250
[rows 93 to 123 of 288, columns 69 to 137 of 141]
0.000 0.000 0.000 0.000 0.000 0.000 0.000 0.000 0.000 0.000 0.000 0.000 0.000 0.000 0.000 0.000 0.000 0.000 0.000 0.000 0.000 0.000 0.000 0.000 0.000 0.000 0.000 0.000 1.058 0.000 0.384 1.428 2.776 3.961 4.385 3.793 5.919 6.362 4.837 3.523 4.875 5.415 4.358 4.670 6.533 -999.250 -999.250 -999.250 -999.250 -999.250 -999.250 -999.250 -999.250 -999.250 -999.250 -999.250 -999.250 -999.250 -999.250 -999.250 -999.250 -999.250 -999.250 -999.250 -999.250 -999.250 -999.250 -999.250 -999.250
0.000 0.000 0.000 0.000 0.000 0.000 0.000 0.000 0.000 0.000 0.000 0.000 0.000 0.000 0.000 0.000 0.000 0.000 0.000 0.000 0.000 0.000 0.000 0.000 0.000 0.000 0.000 1.408 0.270 1.242 1.568 1.876 4.371 3.815 1.040 4.252 4.751 4.508 5.815 2.975 3.447 3.045 5.703 4.484 6.507 -999.250 -999.250 -999.250 -999.250 -999.250 -999.250 -999.250 -999.250 -999.250 -999.250 -999.250 -999.250 -999.250 -999.250 -999.250 -999.250 -999.250 -999.250 -999.250 -999.250 -999.250 -999.250 -999.250 -999.250
0.000 0.000 0.000 0.000 0.000 0.000 0.000 0.000 0.000 0.000 0.157 0.000 0.000 0.000 0.000 0.000 0.000 0.000 0.000 0.000 0.000 0.000 0.000 0.000 0.000 0.000 0.000 0.000 0.628 1.160 3.397 2.263 6.842 4.756 3.069 1.471 0.000 4.293 2.687 2.385 4.109 3.864 7.203 4.535 6.742 -999.250 -999.250 -999.250 -999.250 -999.250 -999.250 -999.250 -999.250 -999.250 -999.250 -999.250 -999.250 -999.250 -999.250 -999.250 -999.250 -999.250 -999.250 -999.250 -999.250 -999.250 -999.250 -999.250 -999.250
0.000 0.000 0.000 0.000 0.000 0.000 0.000 0.000 0.000 0.603 8.995 0.000 0.000 0.000 0.000 0.000 0.000 0.000 0.000 0.000 0.000 0.000 0.000 0.000 0.122 0.000 0.000 0.000 0.000 3.377 3.359 2.966 3.585 6.403 1.345 0.000 1.682 3.687 0.421 2.663 3.043 4.525 3.793 5.399 5.771 5.527 -999.250 -999.250 -999.250 -999.250 -999.250 -999.250 -999.250 -999.250 -999.250 -999.250 -999.250 -999.250 -999.250 -999.250 -999.250 -999.250 -999.250 -999.250 -999.250 -999.250 -999.250 -999.250 -999.250
0.000 0.000 0.000 0.000 0.000 0.000 0.000 0.000 0.000 0.000 0.875 0.000 0.000 0.000 0.000 0.000 0.000 0.000 0.000 0.000 0.000 0.000 0.000 3.107 5.084 4.127 0.905 0.000 0.307 3.308 4.364 4.217 4.450 3.556 3.870 1.141 2.126 1.292 1.496 0.441 3.477 3.370 4.015 2.575 4.801 4.578 4.595 -999.250 -999.250 -999.250 -999.250 -999.250 -999.250 -999.250 -999.250 -999.250 -999.250 -999.250 -999.250 -999.250 -999.250 -999.250 -999.250 -999.250 -999.250 -999.250 -999.250 -999.250 -999.250
0.000 0.000 0.000 0.000 0.000 0.000 0.000 0.000 0.000 0.000 0.000 0.000 0.000 0.000 0.000 0.000 0.000 0.000 0.000 0.000 0.000 0.000 0.929 6.165 15.630 6.017 1.067 2.272 3.100 4.203 3.760 0.178 0.785 0.718 3.359 4.138 4.662 6.109 1.927 4.014 0.557 3.061 4.466 1.771 5.116 5.729 5.868 6.296 -999.250 -999.250 -999.250 -999.250 -999.250 -999.250 -999.250 -999.250 -999.250 -999.250 -999.250 -999.250 -999.250 -999.250 -999.250 -999.250 -999.250 -999.250 -999.250 -999.250 -999.250
0.000 0.000 0.000 0.000 0.000 0.000 0.000 0.000 0.000 0.000 0.000 0.000 0.000 0.000 0.000 0.000 0.000 0.000 0.000 0.000 0.000 0.000 0.742 3.727 5.615 5.867 3.204 2.129 3.960 2.805 2.483 2.989 1.756 3.023 3.826 9.447 3.139 1.741 2.391 2.649 2.645 2.035 4.231 2.616 2.300 4.676 1.691 -999.250 -999.250 -999.250 -999.250 -999.250 -999.250 -999.250 -999.250 -999.250 -999.250 -999.250 -999.250 -999.250 -999.250 -999.250 -999.250 -999.250 -999.250 -999.250 -999.250 -999.250 -999.250
0.000 0.000 0.000 0.000 0.000 0.000 0.000 0.000 0.000 0.000 0.000 0.000 0.000 0.000 0.000 0.000 0.000 0.000 0.000 0.000 0.000 0.000 0.000 0.666 2.530 4.159 1.221 2.993 4.284 3.050 3.632 5.615 5.025 2.358 3.361 3.867 3.145 1.305 1.556 2.690 2.685 1.477 2.662 2.401 3.548 3.651 1.768 3.708 -999.250 -999.250 -999.250 -999.250 -999.250 -999.250 -999.250 -999.250 -999.250 -999.250 -999.250 -999.250 -999.250 -999.250 -999.250 -999.250 -999.250 -999.250 -999.250 -999.250 -999.250
0.000 0.000 0.000 0.000 0.000 0.000 0.000 0.000 0.000 0.000 0.000 0.000 0.000 0.000 0.000 0.000 0.000 0.000 0.000 0.000 0.000 0.000 0.000 0.059 0.109 2.128 4.094 2.079 3.653 3.794 5.165 5.692 4.798 1.838 2.409 1.605 0.931 2.523 3.500 4.051 1.483 3.561 4.189 3.831 4.196 0.854 -999.250 -999.250 -999.250 -999.250 -999.250 -999.250 -999.250 -999.250 -999.250 -999.250 -999.250 -999.250 -999.250 -999.250 -999.250 -999.250 -999.250 -999.250 -999.250 -999.250 -999.250 -999.250 -999.250
0.000 0.000 0.000 0.000 0.000 0.000 0.000 0.000 0.000 0.000 0.000 0.000 0.000 0.000 0.000 0.000 0.000 0.000 0.000 0.000 0.000 0.000 0.000 0.562 4.488 2.942 2.582 2.709 2.676 2.977 2.572 4.336 3.848 2.435 3.799 1.052 1.698 0.049 0.386 1.772 2.049 5.622 4.184 3.436 3.710 -999.250 -999.250 -999.250 -999.250 -999.250 -999.250 -999.250 -999.250 -999.250 -999.250 -999.250 -999.250 -999.250 -999.250 -999.250 -999.250 -999.250 -999.250 -999.250 -999.250 -999.250 -999.250 -999.250 -999.250
0.000 0.000 0.000 0.000 0.000 0.000 0.000 0.000 0.000 0.000 0.000 0.000 0.000 0.000 0.000 0.000 0.000 0.000 0.000 0.000 0.000 0.000 0.740 1.294 3.977 3.202 3.762 0.839 2.292 1.591 3.869 4.980 7.085 6.327 6.588 4.863 4.075 1.141 2.393 1.614 2.571 2.674 2.536 4.247 3.506 -999.250 -999.250 -999.250 -999.250 -999.250 -999.250 -999.250 -999.250 -999.250 -999.250 -999.250 -999.250 -999.250 -999.250 -999.250 -999.250 -999.250 -999.250 -999.250 -999.250 -999.250 -999.250 -999.250 -999.250
0.000 0.000 0.000 0.000 0.000 0.000 0.000 0.000 0.000 0.000 0.000 0.000 0.000 0.000 0.000 0.000 0.000 0.000 0.000 0.000 0.000 0.000 0.000 1.368 1.830 1.197 5.970 2.691 3.110 3.109 1.579 4.654 5.059 5.186 4.194 3.256 3.400 5.645 4.141 3.312 4.391 5.266 6.251 6.531 -999.250 -999.250 -999.250 -999.250 -999.250 -999.250 -999.250 -999.250 -999.250 -999.250 -999.250 -999.250 -999.250 -999.250 -999.250 -999.250 -999.250 -999.250 -999.250 -999.250 -999.250 -999.250 -999.250 -999.250 -999.250
0.000 0.000 0.000 0.000 0.000 0.000 0.000 0.000 0.000 0.000 0.000 0.000 0.000 0.000 0.000 0.000 0.000 0.000 0.000 0.000 0.000 0.000 0.000 0.000 1.881 3.137 2.054 5.321 1.382 3.737 4.562 4.077 3.082 4.590 3.841 3.901 4.795 7.993 5.218 5.948 -999.250 -999.250 -999.250 -999.250 -999.250 -999.250 -999.250 -999.250 -999.250 -999.250 -999.250 -999.250 -999.250 -999.250 -999.250 -999.250 -999.250 -999.250 -999.250 -999.250 -999.250 -999.250 -999.250 -999.250 -999.250 -999.250 -999.250 -999.250 -999.250
0.000 0.000 0.000 0.000 0.000 0.000 0.000 0.000 0.000 0.000 0.000 0.000 0.000 0.000 0.000 0.000 0.000 0.000 0.000 0.000 0.000 0.000 0.000 0.000 2.853 4.904 2.564 2.979 3.647 5.436 4.661 4.193 4.560 6.640 6.383 6.380 7.915 9.848 -999.250 -999.250 -999.250 -999.250 -999.250 -999.250 -999.250 -999.250 -999.250 -999.250 -999.250 -999.250 -999.250 -999.250 -999.250 -999.250 -999.250 -999.250 -999.250 -999.250 -999.250 -999.250 -999.250 -999.250 -999.250 -999.250 -999.250 -999.250 -999.250 -999.250 -999.250
0.000 0.000 0.000 0.000 0.000 0.000 0.000 0.000 0.000 0.000 0.000 0.000 0.000 0.000 0.000 0.000 0.000 0.000 0.000 0.000 0.000 0.000 2.853 2.315 3.463 3.233 3.313 3.329 3.825 7.098 4.468 4.256 3.054 5.621 7.009 5.824 5.958 8.968 -999.250 -999.250 -999.250 -999.250 -999.250 -999.250 -999.250 -999.250 -999.250 -999.250 -999.250 -999.250 -999.250 -999.250 -999.250 -999.250 -999.250 -999.250 -999.250 -999.250 -999.250 -999.250 -999.250 -999.250 -999.250 -999.250 -999.250 -999.250 -999.250 -999.250 -999.250
0.000 0.000 0.000 0.000 0.000 0.000 0.000 0.000 0.000 0.000 0.000 0.000 0.000 0.000 0.000 0.000 0.000 0.000 0.000 0.000 0.000 0.000 0.044 3.553 2.751 4.030 4.010 5.391 4.503 4.153 3.813 5.553 6.671 9.872 11.034 9.193 7.999 6.367 -999.250 -999.250 -999.250 -999.250 -999.250 -999.250 -999.250 -999.250 -999.250 -999.250 -999.250 -999.250 -999.250 -999.250 -999.250 -999.250 -999.250 -999.250 -999.250 -999.250 -999.250 -999.250 -999.250 -999.250 -999.250 -999.250 -999.250 -999.250 -999.250 -999.250 -999.250
0.000 0.000 0.000 0.000 0.000 0.000 0.000 0.000 0.000 0.000 0.000 0.000 0.000 0.000 0.000 0.000 0.000 0.000 0.493 0.000 0.000 0.000 0.041 1.883 4.416 4.072 3.546 2.772 5.157 4.473 3.155 8.848 4.245 7.674 21.030 10.391 10.154 7.015 -999.250 -999.250 -999.250 -999.250 -999.250 -999.250 -999.250 -999.250 -999.250 -999.250 -999.250 -999.250 -999.250 -999.250 -999.250 -999.250 -999.250 -999.250 -999.250 -999.250 -999.250 -999.250 -999.250 -999.250 -999.250 -999.250 -999.250 -999.250 -999.250 -999.250 -999.250
0.000 0.000 0.000 0.000 0.000 0.000 0.000 0.000 0.000 0.000 0.000 0.000 0.000 0.000 0.000 0.000 0.000 0.134 7.549 2.734 0.506 0.962 0.000 0.565 4.431 6.129 3.753 4.075 4.886 4.988 3.138 4.143 4.529 5.321 10.634 10.226 9.425 13.859 -999.250 -999.250 -999.250 -999.250 -999.250 -999.250 -999.250 -999.250 -999.250 -999.250 -999.250 -999.250 -999.250 -999.250 -999.250 -999.250 -999.250 -999.250 -999.250 -999.250 -999.250 -999.250 -999.250 -999.250 -999.250 -999.250 -999.250 -999.250 -999.250 -999.250 -999.250
0.000 0.000 0.000 0.000 0.000 0.000 0.000 0.000 0.000 0.000 0.000 0.000 0.000 0.000 0.000 0.000 2.105 0.200 2.111 1.473 1.489 1.244 0.221 1.561 3.901 2.649 3.891 5.529 8.669 6.315 4.588 5.089 3.571 5.247 6.021 6.078 6.535 8.066 -999.250 -999.250 -999.250 -999.250 -999.250 -999.250 -999.250 -999.250 -999.250 -999.250 -999.250 -999.250 -999.250 -999.250 -999.250 -999.250 -999.250 -999.250 -999.250 -999.250 -999.250 -999.250 -999.250 -999.250 -999.250 -999.250 -999.250 -999.250 -999.250 -999.250 -999.250
0.000 0.000 0.000 0.000 0.039 0.000 0.000 0.000 0.000 0.000 0.000 0.000 0.000 0.000 0.272 2.639 3.490 1.701 2.054 0.000 1.644 0.845 1.187 3.816 4.244 3.866 2.127 2.391 4.481 5.911 4.913 4.445 5.398 4.519 4.884 5.144 6.645 7.645 5.687 4.126 -999.250 -999.250 -999.250 -999.250 -999.250 -999.250 -999.250 -999.250 -999.250 -999.250 -999.250 -999.250 -999.250 -999.250 -999.250 -999.250 -999.250 -999.250 -999.250 -999.250 -999.250 -999.250 -999.250 -999.250 -999.250 -999.250 -999.250 -999.250 -999.250
0.000 0.000 0.000 0.000 0.689 0.195 1.208 0.395 0.000 0.000 0.000 1.769 1.781 0.723 0.974 3.975 2.582 4.687 2.098 3.636 0.939 3.734 1.982 2.976 2.089 1.323 1.487 1.331 4.476 5.035 4.064 2.961 4.194 5.453 4.645 6.356 3.943 4.477 4.349 3.363 4.090 5.832 -999.250 -999.250 -999.250 -999.250 -999.250 -999.250 -999.250 -999.250 -999.250 -999.250 -999.250 -999.250 -999.250 -999.250 -999.250 -999.250 -999.250 -999.250 -999.250 -999.250 -999.250 -999.250 -999.250 -999.250 -999.250 -999.250 -999.250
0.000 0.000 0.000 3.471 3.848 1.018 2.522 3.777 3.159 5.348 2.045 1.200 1.759 1.883 2.656 3.340 2.901 1.996 1.124 3.905 2.312 1.586 4.312 3.140 2.246 3.035 1.723 1.787 1.891 3.234 2.162 4.116 6.414 5.241 4.870 3.402 2.161 3.090 3.529 4.141 6.405 3.991 -999.250 -999.250 -999.250 -999.250 -999.250 -999.250 -999.250 -999.250 -999.250 -999.250 -999.250 -999.250 -999.250 -999.250 -999.250 -999.250 -999.250 -999.250 -999.250 -999.250 -999.250 -999.250 -999.250 -999.250 -999.250 -999.250 -999.250
2.403 0.000 3.906 6.838 4.859 4.601 4.128 6.215 11.025 6.056 7.491 4.390 3.664 4.819 4.890 1.680 4.676 2.930 3.900 3.009 4.764 3.557 6.111 4.199 4.430 3.515 4.594 2.601 1.404 3.031 2.728 3.633 6.375 5.057 5.383 0.392 2.538 3.100 2.928 1.783 5.593 2.933 6.114 -999.250 -999.250 -999.250 -999.250 -999.250 -999.250 -999.250 -999.250 -999.250 -999.250 -999.250 -999.250 -999.250 -999.250 -999.250 -999.250 -999.250 -999.250 -999.250 -999.250 -999.250 -999.250 -999.250 -999.250 -999.250 -999.250
4.258 4.136 6.722 9.579 9.242 5.203 6.627 7.130 8.035 6.548 11.065 10.273 5.464 8.345 7.980 4.542 4.138 2.603 4.054 2.782 4.826 4.200 3.505 3.082 2.074 5.368 7.293 4.836 2.049 3.052 2.273 4.515 6.226 2.657 5.105 0.736 1.441 0.724 4.281 2.940 4.095 2.228 2.787 3.602 -999.250 -999.250 -999.250 -999.250 -999.250 -999.250 -999.250 -999.250 -999.250 -999.250 -999.250 -999.250 -999.250 -999.250 -999.250 -999.250 -999.250 -999.250 -999.250 -999.250 -999.250 -999.250 -999.250 -999.250 -999.250
7.517 7.503 9.353 10.973 6.364 8.456 9.095 7.340 9.004 7.773 9.752 7.280 7.846 6.583 4.311 5.207 4.621 4.822 5.074 5.982 3.161 3.184 2.732 1.910 1.444 3.444 6.022 3.960 3.076 4.180 1.439 2.986 6.218 5.733 1.207 0.515 2.470 1.949 2.857 3.949 1.170 2.014 1.060 1.486 -999.250 -999.250 -999.250 -999.250 -999.250 -999.250 -999.250 -999.250 -999.250 -999.250 -999.250 -999.250 -999.250 -999.250 -999.250 -999.250 -999.250 -999.250 -999.250 -999.250 -999.250 -999.250 -999.250 -999.250 -999.250
11.112 9.818 13.673 12.597 16.755 14.519 8.996 12.453 11.678 9.403 9.589 10.576 8.811 7.378 6.077 7.597 4.919 7.201 5.143 2.143 4.921 1.857 1.160 3.876 3.865 2.538 0.000 1.730 3.541 4.617 4.112 5.910 1.176 1.764 2.566 4.327 3.087 3.180 3.632 1.124 0.386 1.398 2.494 3.739 4.159 -999.250 -999.250 -999.250 -999.250 -999.250 -999.250 -999.250 -999.250 -999.250 -999.250 -999.250 -999.250 -999.250 -999.250 -999.250 -999.250 -999.250 -999.250 -999.250 -999.250 -999.250 -999.250 -999.250 -999.250
12.357 12.597 15.483 19.474 20.560 17.321 15.654 11.841 9.284 7.184 9.463 11.595 7.432 5.699 8.932 6.012 3.145 6.488 5.790 6.817 3.617 3.056 6.753 7.447 4.030 1.360 0.000 3.158 2.296 1.296 2.568 0.491 4.423 3.508 3.664 4.665 3.049 3.339 2.452 4.091 0.000 1.211 0.000 0.594 -999.250 -999.250 -999.250 -999.250 -999.250 -999.250 -999.250 -999.250 -999.250 -999.250 -999.250 -999.250 -999.250 -999.250 -999.250 -999.250 -999.250 -999.250 -999.250 -999.250 -999.250 -999.250 -999.250 -999.250 -999.250
21.572 29.735 16.512 21.850 24.310 17.028 12.656 8.814 10.768 10.629 14.121 14.003 11.201 6.471 7.184 7.810 4.394 6.547 5.786 7.147 8.087 7.887 7.848 7.323 3.878 0.487 0.872 0.735 1.325 0.692 0.000 0.000 2.087 0.000 3.029 2.668 3.206 3.618 2.794 2.362 2.449 0.245 2.654 1.979 -999.250 -999.250 -999.250 -999.250 -999.250 -999.250 -999.250 -999.250 -999.250 -999.250 -999.250 -999.250 -999.250 -999.250 -999.250 -999.250 -999.250 -999.250 -999.250 -999.250 -999.250 -999.250 -999.250 -999.250 -999.250
26.555 45.395 23.839 21.461 18.375 15.355 20.758 11.346 11.531 15.633 15.571 14.129 8.340 8.667 7.235 6.761 8.997 7.529 7.006 6.881 10.500 5.889 10.544 5.163 5.827 2.164 1.835 4.365 1.945 0.490 0.000 0.000 0.000 0.000 1.783 4.530 0.670 5.541 0.482 2.635 3.207 1.645 3.863 6.407 -999.250 -999.250 -999.250 -999.250 -999.250 -999.250 -999.250 -999.250 -999.250 -999.250 -999.250 -999.250 -999.250 -999.250 -999.250 -999.250 -999.250 -999.250 -999.250 -999.250 -999.250 -999.250 -999.250 -999.250 -999.250
43.215 59.964 29.100 20.171 15.618 15.176 16.514 14.242 12.885 10.381 12.045 13.573 12.074 12.037 6.664 7.439 10.017 9.377 6.884 12.221 9.086 7.984 9.137 5.620 4.534 2.822 2.672 2.542 1.555 0.000 0.000 0.000 0.000 0.000 3.554 1.387 3.266 3.885 4.231 3.000 7.019 2.596 5.214 3.967 -999.250 -999.250 -999.250 -999.250 -999.250 -999.250 -999.250 -999.250 -999.250 -999.250 -999.250 -999.250 -999.250 -999.250 -999.250 -999.250 -999.250 -999.250 -999.250 -999.250 -999.250 -999.250 -999.250 -999.250 -999.250
33.943 29.425 22.225 19.260 15.903 13.561 19.922 16.091 13.503 13.756 9.644 13.335 13.212 10.430 8.497 8.899 7.716 7.950 7.572 7.780 8.964 4.482 4.417 3.745 1.522 0.000 0.575 3.764 2.742 0.192 0.000 0.000 0.000 0.000 3.001 0.586 3.082 4.979 2.930 3.986 5.685 6.553 4.309 -999.250 -999.250 -999.250 -999.250 -999.250 -999.250 -999.250 -999.250 -999.250 -999.250 -999.250 -999.250 -999.250 -999.250 -999.250 -999.250 -999.250 -999.250 -999.250 -999.250 -999.250 -999.250 -999.250 -999.250 -999.250 -999.250
