data/medianmodel_28-Apr-2020.asc
ncols	141
nrows	288
xllcorner	-120191.398
yllcorner	-301404.813
cellsize	2000.000
NODATA_value	-999.250
[rows 60 to 89 of 288, columns 68 to 135 of 141]
60.735 56.155 57.195 46.066 38.475 32.771 23.040 20.077 19.036 17.172 16.713 16.928 17.572 12.498 12.694 10.120 10.466 6.860 3.818 4.302 4.946 7.221 11.788 15.104 20.707 29.977 38.876 60.655 77.409 79.853 100.797 114.747 137.142 149.973 129.206 133.072 116.035 104.853 83.672 68.495 51.814 41.477 30.180 19.938 15.197 10.526 4.731 0.000 -999.250 -999.250 -999.250 -999.250 -999.250 -999.250 -999.250 -999.250 -999.250 -999.250 -999.250 -999.250 -999.250 -999.250 -999.250 -999.250 -999.250 -999.250 -999.250 -999.250
65.995 60.789 54.754 43.688 33.436 27.072 19.476 17.241 17.917 16.630 18.793 19.290 17.245 18.005 15.830 15.209 14.569 8.876 6.577 8.523 6.968 6.958 5.653 6.973 16.147 22.049 40.425 50.554 60.879 73.454 74.979 98.953 119.287 125.713 129.150 117.702 115.885 84.719 81.839 71.250 55.202 40.609 31.847 17.716 14.315 10.111 2.937 -999.250 -999.250 -999.250 -999.250 -999.250 -999.250 -999.250 -999.250 -999.250 -999.250 -999.250 -999.250 -999.250 -999.250 -999.250 -999.250 -999.250 -999.250 -999.250 -999.250 -999.250
58.326 50.368 49.123 41.132 27.660 20.222 12.814 14.193 14.873 16.575 17.725 22.943 21.462 21.255 21.320 19.053 15.972 12.689 10.895 9.785 8.277 5.671 3.314 3.674 8.670 20.941 24.277 36.498 48.066 51.595 60.994 77.490 94.950 108.882 98.686 102.651 91.090 90.901 80.278 59.967 48.599 40.355 -999.250 -999.250 -999.250 -999.250 -999.250 -999.250 -999.250 -999.250 -999.250 -999.250 -999.250 -999.250 -999.250 -999.250 -999.250 -999.250 -999.250 -999.250 -999.250 -999.250 -999.250 -999.250 -999.250 -999.250 -999.250 -999.250
52.673 47.525 44.447 39.695 32.708 20.661 16.432 14.776 17.228 17.962 27.260 23.361 24.386 25.055 30.814 26.191 21.763 17.272 15.114 14.637 10.769 5.100 2.062 0.000 7.726 13.024 17.788 22.245 25.228 28.647 42.396 59.893 75.606 87.712 88.231 88.258 88.285 78.874 59.634 47.933 42.078 28.354 19.315 -999.250 -999.250 -999.250 -999.250 -999.250 -999.250 -999.250 -999.250 -999.250 -999.250 -999.250 -999.250 -999.250 -999.250 -999.250 -999.250 -999.250 -999.250 -999.250 -999.250 -999.250 -999.250 -999.250 -999.250 -999.250
48.931 48.454 42.832 43.893 30.378 26.616 21.806 19.044 18.326 19.905 21.211 23.237 26.005 26.582 32.571 28.803 29.163 20.597 19.125 17.162 12.632 10.508 4.960 3.727 6.200 9.401 9.428 11.838 9.753 0.000 24.528 45.029 72.285 76.844 92.374 85.951 82.507 73.583 58.005 43.514 32.884 23.992 18.840 12.964 -999.250 -999.250 -999.250 -999.250 -999.250 -999.250 -999.250 -999.250 -999.250 -999.250 -999.250 -999.250 -999.250 -999.250 -999.250 -999.250 -999.250 -999.250 -999.250 -999.250 -999.250 -999.250 -999.250 -999.250
42.596 47.350 41.960 42.501 31.540 27.303 24.937 20.397 22.615 19.776 23.358 26.942 32.227 30.893 37.852 32.723 28.482 31.104 26.674 21.352 15.710 13.722 9.915 6.742 6.991 8.116 6.707 9.011 3.959 7.453 21.496 41.087 57.174 67.814 82.112 77.643 76.568 52.166 49.810 39.825 22.395 14.697 9.999 8.616 -999.250 -999.250 -999.250 -999.250 -999.250 -999.250 -999.250 -999.250 -999.250 -999.250 -999.250 -999.250 -999.250 -999.250 -999.250 -999.250 -999.250 -999.250 -999.250 -999.250 -999.250 -999.250 -999.250 -999.250
42.485 46.795 43.681 38.823 35.947 24.319 27.087 25.420 26.223 24.158 29.310 29.327 33.139 35.102 36.455 30.538 32.233 33.618 29.381 28.968 18.231 13.956 14.380 11.202 10.878 7.723 7.248 9.995 9.204 10.552 16.670 32.549 47.581 61.729 68.229 64.085 69.122 60.749 42.980 31.571 19.619 8.581 5.363 5.168 0.980 -999.250 -999.250 -999.250 -999.250 -999.250 -999.250 -999.250 -999.250 -999.250 -999.250 -999.250 -999.250 -999.250 -999.250 -999.250 -999.250 -999.250 -999.250 -999.250 -999.250 -999.250 -999.250 -999.250
44.029 42.463 42.634 40.552 37.834 32.628 30.421 29.480 26.375 25.039 27.359 29.425 28.763 26.748 28.713 32.277 33.352 32.550 31.709 29.340 22.201 20.989 17.812 17.292 14.688 13.344 10.335 10.116 11.278 12.513 21.898 31.544 41.975 52.578 59.155 64.798 63.396 51.263 39.489 25.882 14.465 0.000 1.863 1.397 0.000 0.000 -999.250 -999.250 -999.250 -999.250 -999.250 -999.250 -999.250 -999.250 -999.250 -999.250 -999.250 -999.250 -999.250 -999.250 -999.250 -999.250 -999.250 -999.250 -999.250 -999.250 -999.250 -999.250
42.512 43.406 42.116 38.716 34.286 28.413 29.580 29.641 24.249 24.018 29.983 28.365 30.187 32.995 37.976 34.304 35.401 35.969 37.727 36.488 32.859 27.334 26.512 21.436 22.303 14.981 14.073 14.916 16.708 17.879 20.818 26.848 39.504 46.130 50.544 55.149 50.748 39.802 38.636 23.066 15.708 4.587 1.323 2.036 0.000 0.000 -999.250 -999.250 -999.250 -999.250 -999.250 -999.250 -999.250 -999.250 -999.250 -999.250 -999.250 -999.250 -999.250 -999.250 -999.250 -999.250 -999.250 -999.250 -999.250 -999.250 -999.250 -999.250
37.030 38.462 35.506 32.996 34.043 31.280 30.238 28.366 27.480 22.596 28.124 26.139 29.169 32.303 36.293 33.037 35.388 35.502 45.874 43.859 35.120 37.214 28.471 26.772 21.647 19.478 19.343 20.129 20.779 20.480 19.468 24.251 28.442 43.387 40.979 43.452 44.488 37.170 25.818 18.977 15.076 9.595 4.540 0.104 0.925 0.000 -999.250 -999.250 -999.250 -999.250 -999.250 -999.250 -999.250 -999.250 -999.250 -999.250 -999.250 -999.250 -999.250 -999.250 -999.250 -999.250 -999.250 -999.250 -999.250 -999.250 -999.250 -999.250
35.457 31.686 30.957 28.509 35.899 31.483 26.647 23.575 23.644 23.407 28.163 30.171 25.527 32.529 32.342 35.163 41.350 40.244 50.246 55.597 40.912 42.199 29.424 25.248 28.566 22.892 20.843 23.371 24.760 26.901 24.494 32.720 33.934 41.171 39.792 42.292 40.415 38.809 30.018 23.686 15.804 10.964 6.016 4.653 3.211 0.285 0.000 0.000 -999.250 -999.250 -999.250 -999.250 -999.250 -999.250 -999.250 -999.250 -999.250 -999.250 -999.250 -999.250 -999.250 -999.250 -999.250 -999.250 -999.250 -999.250 -999.250 -999.250
25.709 21.756 25.446 26.743 31.102 30.970 24.138 22.212 21.336 20.305 22.679 23.523 22.486 23.737 23.937 31.361 32.794 39.295 52.391 46.041 40.285 42.349 31.324 31.609 27.571 22.973 27.920 32.468 29.868 31.816 30.910 34.216 36.770 38.130 43.175 42.040 41.713 39.458 29.705 27.108 19.399 16.545 10.544 6.910 4.457 0.749 1.131 0.000 -999.250 -999.250 -999.250 -999.250 -999.250 -999.250 -999.250 -999.250 -999.250 -999.250 -999.250 -999.250 -999.250 -999.250 -999.250 -999.250 -999.250 -999.250 -999.250 -999.250
18.925 18.992 22.564 22.718 28.222 24.702 23.909 19.599 17.743 17.845 22.264 23.049 24.789 20.891 19.789 30.938 28.389 39.705 44.093 41.767 40.667 41.050 37.906 30.988 32.166 31.047 31.268 33.506 36.921 39.437 39.481 37.439 39.907 42.058 41.008 41.436 42.627 33.914 34.228 31.026 25.055 17.176 12.022 7.960 3.142 1.823 3.458 -999.250 -999.250 -999.250 -999.250 -999.250 -999.250 -999.250 -999.250 -999.250 -999.250 -999.250 -999.250 -999.250 -999.250 -999.250 -999.250 -999.250 -999.250 -999.250 -999.250 -999.250
16.920 19.892 21.872 23.496 26.611 22.957 20.846 18.324 18.954 16.606 19.326 24.752 21.960 21.658 22.407 28.360 28.767 32.508 39.859 41.881 38.650 36.099 39.728 40.141 31.993 34.843 38.968 39.410 42.177 33.581 37.963 41.070 44.540 42.144 45.957 43.134 46.889 42.422 35.185 29.824 23.228 15.859 13.209 10.236 7.969 3.504 3.643 -999.250 -999.250 -999.250 -999.250 -999.250 -999.250 -999.250 -999.250 -999.250 -999.250 -999.250 -999.250 -999.250 -999.250 -999.250 -999.250 -999.250 -999.250 -999.250 -999.250 -999.250
12.962 16.716 18.565 17.100 22.176 18.914 22.821 18.360 17.519 16.625 14.107 19.838 19.035 19.924 23.512 23.338 27.010 28.077 31.468 32.143 35.099 37.570 42.240 40.420 42.094 37.886 39.489 41.893 41.681 41.090 41.532 41.727 46.410 47.808 49.373 51.394 52.106 46.187 42.110 36.300 25.901 20.071 14.444 11.872 9.125 3.600 4.697 -999.250 -999.250 -999.250 -999.250 -999.250 -999.250 -999.250 -999.250 -999.250 -999.250 -999.250 -999.250 -999.250 -999.250 -999.250 -999.250 -999.250 -999.250 -999.250 -999.250 -999.250
13.413 14.116 19.074 17.535 20.188 16.483 18.264 18.924 17.754 15.253 16.235 18.278 19.276 19.127 20.778 22.437 24.600 22.588 30.546 26.022 28.189 28.294 36.560 42.971 45.070 43.254 37.926 41.923 43.397 47.212 42.532 45.992 42.569 47.966 45.534 50.817 58.748 52.006 40.409 40.441 31.523 20.380 15.815 11.383 11.222 5.337 5.088 -999.250 -999.250 -999.250 -999.250 -999.250 -999.250 -999.250 -999.250 -999.250 -999.250 -999.250 -999.250 -999.250 -999.250 -999.250 -999.250 -999.250 -999.250 -999.250 -999.250 -999.250
15.295 15.923 17.253 19.043 21.002 18.152 16.864 17.687 17.164 19.487 15.909 15.884 17.454 17.678 18.965 23.089 20.590 21.496 23.359 27.645 26.325 27.778 33.574 40.089 38.698 40.481 40.533 39.278 39.672 42.518 40.748 44.909 43.254 45.526 45.487 53.112 50.234 46.915 44.797 33.466 24.000 21.993 16.677 12.648 10.825 8.180 6.805 -999.250 -999.250 -999.250 -999.250 -999.250 -999.250 -999.250 -999.250 -999.250 -999.250 -999.250 -999.250 -999.250 -999.250 -999.250 -999.250 -999.250 -999.250 -999.250 -999.250 -999.250
13.313 14.715 15.908 19.102 18.124 19.131 18.336 18.509 17.989 17.271 16.817 13.577 13.729 17.004 17.925 19.483 23.717 21.826 25.994 26.522 25.595 32.836 31.634 37.192 37.972 35.606 33.838 39.848 39.166 41.239 42.042 43.733 48.871 50.634 45.156 46.640 46.033 44.009 40.556 35.128 22.616 20.544 19.354 15.689 13.388 10.568 8.139 -999.250 -999.250 -999.250 -999.250 -999.250 -999.250 -999.250 -999.250 -999.250 -999.250 -999.250 -999.250 -999.250 -999.250 -999.250 -999.250 -999.250 -999.250 -999.250 -999.250 -999.250
15.776 15.185 16.097 18.291 21.757 22.531 22.067 19.692 19.087 16.701 15.533 13.355 14.055 14.285 16.023 20.059 21.262 23.973 25.399 26.197 24.027 25.182 26.866 29.296 31.448 34.625 36.413 35.144 41.699 42.306 40.098 44.145 43.145 42.347 42.999 45.818 42.655 43.901 38.031 30.691 29.770 18.999 18.968 15.006 13.254 11.386 9.391 -999.250 -999.250 -999.250 -999.250 -999.250 -999.250 -999.250 -999.250 -999.250 -999.250 -999.250 -999.250 -999.250 -999.250 -999.250 -999.250 -999.250 -999.250 -999.250 -999.250 -999.250
16.271 14.312 18.929 26.733 25.164 21.352 29.541 22.599 20.376 16.001 10.838 11.829 12.557 16.377 20.192 23.610 24.111 23.928 28.382 30.246 31.148 31.120 31.079 33.227 39.853 39.451 32.040 33.753 44.692 42.112 40.330 40.782 40.685 46.744 38.907 40.599 41.580 38.465 35.586 28.163 22.759 19.529 17.092 16.218 12.442 8.882 8.672 -999.250 -999.250 -999.250 -999.250 -999.250 -999.250 -999.250 -999.250 -999.250 -999.250 -999.250 -999.250 -999.250 -999.250 -999.250 -999.250 -999.250 -999.250 -999.250 -999.250 -999.250
16.241 19.446 21.477 29.441 33.728 30.751 34.926 26.546 18.925 17.962 12.867 11.400 13.348 15.737 21.949 27.753 27.665 29.326 37.356 28.050 33.049 30.639 33.272 34.855 30.449 30.747 29.061 36.674 36.830 38.295 41.274 43.756 42.065 39.627 33.614 38.322 38.069 33.884 35.744 29.823 22.760 22.181 18.220 13.760 13.532 8.228 9.353 7.256 -999.250 -999.250 -999.250 -999.250 -999.250 -999.250 -999.250 -999.250 -999.250 -999.250 -999.250 -999.250 -999.250 -999.250 -999.250 -999.250 -999.250 -999.250 -999.250 -999.250
16.773 17.702 23.739 29.409 38.486 42.016 42.812 35.123 34.022 25.464 14.055 17.291 20.485 18.953 25.150 27.433 34.414 30.709 32.381 39.274 30.889 34.227 30.221 28.864 33.611 23.726 25.211 34.887 36.572 38.336 35.914 43.729 42.445 37.921 30.069 38.719 41.781 36.711 35.033 26.732 25.142 21.513 20.278 14.463 13.648 9.572 9.559 7.471 -999.250 -999.250 -999.250 -999.250 -999.250 -999.250 -999.250 -999.250 -999.250 -999.250 -999.250 -999.250 -999.250 -999.250 -999.250 -999.250 -999.250 -999.250 -999.250 -999.250
14.339 18.509 22.840 36.708 43.777 46.525 49.208 48.586 50.930 45.671 33.181 31.894 35.798 30.463 28.753 38.190 39.415 33.302 33.232 28.052 26.956 22.745 19.280 26.246 28.663 25.620 28.326 26.482 27.249 29.941 42.900 45.092 40.286 39.066 39.679 47.656 41.840 33.856 26.107 26.612 26.458 20.876 17.555 14.236 13.063 11.589 6.233 6.026 -999.250 -999.250 -999.250 -999.250 -999.250 -999.250 -999.250 -999.250 -999.250 -999.250 -999.250 -999.250 -999.250 -999.250 -999.250 -999.250 -999.250 -999.250 -999.250 -999.250
17.667 21.236 30.372 40.291 48.668 64.993 62.751 71.700 79.655 68.526 54.591 50.287 45.299 38.270 41.689 43.132 42.435 37.695 35.049 27.431 22.075 18.546 18.959 19.052 23.774 22.163 22.037 22.047 28.172 28.673 40.448 45.705 45.321 42.862 42.165 36.617 41.119 37.830 30.596 21.549 22.005 21.966 15.067 13.004 11.452 7.180 3.758 2.407 -999.250 -999.250 -999.250 -999.250 -999.250 -999.250 -999.250 -999.250 -999.250 -999.250 -999.250 -999.250 -999.250 -999.250 -999.250 -999.250 -999.250 -999.250 -999.250 -999.250
20.662 25.909 39.188 51.264 65.358 73.081 92.798 97.873 101.683 97.584 83.332 75.729 62.536 51.825 47.190 47.502 44.170 44.346 35.025 31.511 21.609 20.912 14.434 17.882 18.418 17.604 23.168 24.100 30.621 24.195 31.845 38.388 41.698 38.690 44.275 31.670 35.582 33.035 29.831 24.293 22.244 19.681 17.344 12.533 9.291 5.187 0.000 -999.250 -999.250 -999.250 -999.250 -999.250 -999.250 -999.250 -999.250 -999.250 -999.250 -999.250 -999.250 -999.250 -999.250 -999.250 -999.250 -999.250 -999.250 -999.250 -999.250 -999.250
23.864 26.482 39.751 56.056 68.220 74.460 94.102 114.547 135.062 115.480 98.265 83.160 75.182 57.137 53.614 50.612 45.926 40.194 32.687 28.937 22.592 19.129 16.009 15.811 15.712 17.337 19.392 20.149 22.264 24.661 26.172 29.701 37.648 36.385 35.406 37.584 33.973 26.972 24.092 26.755 19.000 16.815 13.517 10.469 9.313 5.073 2.351 -999.250 -999.250 -999.250 -999.250 -999.250 -999.250 -999.250 -999.250 -999.250 -999.250 -999.250 -999.250 -999.250 -999.250 -999.250 -999.250 -999.250 -999.250 -999.250 -999.250 -999.250
23.312 28.855 37.537 48.322 61.646 77.330 105.024 111.853 120.301 118.930 102.033 83.272 70.393 70.331 54.102 52.652 43.092 34.119 33.185 24.816 20.975 20.140 16.019 13.711 15.187 15.761 17.521 17.675 21.111 22.214 21.253 27.699 27.964 29.679 32.713 29.678 22.750 24.584 23.829 22.510 18.229 17.888 16.832 11.429 9.263 6.188 -999.250 -999.250 -999.250 -999.250 -999.250 -999.250 -999.250 -999.250 -999.250 -999.250 -999.250 -999.250 -999.250 -999.250 -999.250 -999.250 -999.250 -999.250 -999.250 -999.250 -999.250 -999.250
25.262 27.527 33.531 44.208 52.912 66.223 88.951 104.418 117.833 104.852 99.879 85.537 75.825 64.379 55.247 49.148 42.370 32.121 28.285 24.278 19.854 17.771 13.961 16.205 12.075 13.761 14.163 13.057 16.680 18.685 20.679 22.524 20.771 22.121 26.808 24.178 20.477 19.490 19.512 19.594 16.152 14.866 14.351 10.355 10.854 10.674 -999.250 -999.250 -999.250 -999.250 -999.250 -999.250 -999.250 -999.250 -999.250 -999.250 -999.250 -999.250 -999.250 -999.250 -999.250 -999.250 -999.250 -999.250 -999.250 -999.250 -999.250 -999.250
26.094 26.317 29.385 29.311 45.883 56.800 67.005 90.932 101.962 95.611 87.824 70.885 71.583 54.700 53.097 44.814 43.099 33.294 24.972 24.396 18.383 17.168 14.363 12.939 14.497 11.015 10.779 12.438 13.565 12.831 17.855 19.123 20.578 17.257 17.504 21.177 18.409 18.322 16.072 16.120 16.414 13.236 12.938 11.613 7.970 9.788 6.953 4.647 -999.250 -999.250 -999.250 -999.250 -999.250 -999.250 -999.250 -999.250 -999.250 -999.250 -999.250 -999.250 -999.250 -999.250 -999.250 -999.250 -999.250 -999.250 -999.250 -999.250
30.127 20.646 20.109 23.123 37.470 45.220 63.136 68.824 71.540 77.774 74.559 65.840 57.446 49.500 45.578 46.601 41.069 29.224 29.372 21.056 20.266 16.951 13.805 15.581 13.608 12.315 11.357 12.111 12.031 12.398 14.399 16.500 17.150 16.935 17.272 20.497 18.668 16.277 13.590 13.975 16.669 12.772 15.136 11.393 10.618 7.676 6.384 5.536 -999.250 -999.250 -999.250 -999.250 -999.250 -999.250 -999.250 -999.250 -999.250 -999.250 -999.250 -999.250 -999.250 -999.250 -999.250 -999.250 -999.250 -999.250 -999.250 -999.250
