data/medianmodel_16-Dec-2020.asc
ncols	141
nrows	288
xllcorner	-120191.398
yllcorner	-301404.813
cellsize	2000.000
NODATA_value	-999.250
[rows 0 to 28 of 288, columns 64 to 127 of 141]
-999.250 -999.250 -999.250 -999.250 -999.250 -999.250 -999.250 -999.250 -999.250 -999.250 -999.250 -999.250 -999.250 -999.250 -999.250 -999.250 -999.250 -999.250 -999.250 -999.250 -999.250 -999.250 -999.250 -999.250 -999.250 -999.250 -999.250 -999.250 -999.250 -999.250 -999.250 -999.250 -999.250 -999.250 -999.250 -999.250 -999.250 -999.250 -999.250 -999.250 -999.250 -999.250 -999.250 -999.250 -999.250 -999.250 -999.250 -999.250 -999.250 -999.250 -999.250 -999.250 -999.250 -999.250 -999.250 -999.250 -999.250 -999.250 -999.250 -999.250 -999.250 -999.250 -999.250 -999.250
-999.250 -999.250 -999.250 -999.250 -999.250 -999.250 -999.250 -999.250 -999.250 -999.250 -999.250 -999.250 -999.250 -999.250 -999.250 -999.250 -999.250 -999.250 -999.250 -999.250 -999.250 -999.250 -999.250 -999.250 -999.250 -999.250 -999.250 -999.250 -999.250 -999.250 -999.250 -999.250 -999.250 -999.250 -999.250 -999.250 -999.250 -999.250 -999.250 -999.250 -999.250 -999.250 -999.250 -999.250 -999.250 -999.250 -999.250 -999.250 -999.250 -999.250 -999.250 -999.250 -999.250 -999.250 -999.250 -999.250 -999.250 -999.250 -999.250 -999.250 -999.250 -999.250 -999.250 -999.250
-999.250 -999.250 -999.250 -999.250 -999.250 -999.250 -999.250 -999.250 -999.250 -999.250 -999.250 -999.250 -999.250 -999.250 -999.250 -999.250 -999.250 -999.250 -999.250 -999.250 -999.250 -999.250 -999.250 -999.250 -999.250 -999.250 -999.250 -999.250 -999.250 -999.250 -999.250 -999.250 -999.250 -999.250 -999.250 -999.250 -999.250 -999.250 -999.250 -999.250 -999.250 -999.250 -999.250 -999.250 -999.250 -999.250 -999.250 -999.250 -999.250 -999.250 -999.250 -999.250 -999.250 -999.250 -999.250 -999.250 -999.250 -999.250 -999.250 -999.250 -999.250 -999.250 -999.250 -999.250
-999.250 -999.250 -999.250 -999.250 -999.250 -999.250 -999.250 -999.250 -999.250 -999.250 -999.250 -999.250 -999.250 -999.250 -999.250 -999.250 -999.250 -999.250 -999.250 -999.250 -999.250 -999.250 -999.250 -999.250 -999.250 -999.250 -999.250 -999.250 -999.250 -999.250 -999.250 -999.250 -999.250 -999.250 -999.250 -999.250 -999.250 -999.250 -999.250 -999.250 -999.250 -999.250 -999.250 -999.250 -999.250 -999.250 -999.250 -999.250 -999.250 -999.250 -999.250 -999.250 -999.250 -999.250 -999.250 -999.250 -999.250 -999.250 -999.250 -999.250 -999.250 -999.250 -999.250 -999.250
-999.250 -999.250 -999.250 -999.250 -999.250 -999.250 -999.250 -999.250 -999.250 -999.250 -999.250 -999.250 -999.250 -999.250 -999.250 -999.250 -999.250 -999.250 -999.250 -999.250 -999.250 -999.250 -999.250 -999.250 -999.250 -999.250 -999.250 -999.250 -999.250 -999.250 -999.250 -999.250 -999.250 -999.250 -999.250 -999.250 -999.250 -999.250 -999.250 -999.250 -999.250 -999.250 -999.250 -999.250 -999.250 -999.250 -999.250 -999.250 -999.250 -999.250 -999.250 -999.250 -999.250 -999.250 -999.250 -999.250 -999.250 -999.250 -999.250 -999.250 -999.250 -999.250 -999.250 -999.250
-999.250 -999.250 -999.250 -999.250 -999.250 -999.250 -999.250 -999.250 -999.250 -999.250 -999.250 -999.250 -999.250 -999.250 -999.250 -999.250 -999.250 -999.250 -999.250 -999.250 -999.250 -999.250 -999.250 -999.250 -999.250 -999.250 -999.250 -999.250 -999.250 -999.250 -999.250 -999.250 -999.250 -999.250 -999.250 -999.250 -999.250 -999.250 -999.250 -999.250 -999.250 -999.250 -999.250 -999.250 -999.250 -999.250 -999.250 -999.250 -999.250 -999.250 -999.250 -999.250 -999.250 -999.250 -999.250 -999.250 -999.250 -999.250 -999.250 -999.250 -999.250 -999.250 -999.250 -999.250
-999.250 -999.250 -999.250 -999.250 -999.250 -999.250 -999.250 -999.250 -999.250 -999.250 -999.250 -999.250 -999.250 -999.250 -999.250 -999.250 -999.250 -999.250 -999.250 -999.250 -999.250 -999.250 -999.250 -999.250 -999.250 -999.250 -999.250 -999.250 -999.250 -999.250 -999.250 -999.250 -999.250 -999.250 -999.250 -999.250 -999.250 -999.250 -999.250 -999.250 -999.250 -999.250 -999.250 -999.250 -999.250 -999.250 -999.250 -999.250 -999.250 -999.250 -999.250 -999.250 -999.250 -999.250 -999.250 -999.250 -999.250 -999.250 -999.250 -999.250 -999.250 -999.250 -999.250 -999.250
-999.250 -999.250 -999.250 -999.250 -999.250 -999.250 -999.250 -999.250 -999.250 -999.250 -999.250 -999.250 -999.250 -999.250 -999.250 -999.250 -999.250 -999.250 -999.250 -999.250 -999.250 -999.250 -999.250 -999.250 -999.250 -999.250 -999.250 -999.250 -999.250 -999.250 -999.250 -999.250 -999.250 -999.250 -999.250 -999.250 -999.250 -999.250 -999.250 -999.250 -999.250 -999.250 -999.250 -999.250 -999.250 -999.250 -999.250 -999.250 -999.250 -999.250 -999.250 -999.250 -999.250 -999.250 -999.250 -999.250 -999.250 -999.250 -999.250 -999.250 -999.250 -999.250 -999.250 -999.250
-999.250 -999.250 -999.250 -999.250 -999.250 -999.250 -999.250 -999.250 -999.250 -999.250 -999.250 -999.250 -999.250 -999.250 -999.250 -999.250 -999.250 -999.250 -999.250 -999.250 -999.250 -999.250 -999.250 -999.250 -999.250 -999.250 -999.250 -999.250 -999.250 -999.250 -999.250 -999.250 -999.250 -999.250 -999.250 -999.250 -999.250 -999.250 -999.250 -999.250 -999.250 -999.250 -999.250 -999.250 -999.250 -999.250 -999.250 -999.250 -999.250 -999.250 484.755 -999.250 -999.250 -999.250 -999.250 -999.250 -999.250 -999.250 -999.250 -999.250 -999.250 -999.250 -999.250 -999.250
-999.250 -999.250 -999.250 -999.250 -999.250 -999.250 -999.250 -999.250 -999.250 -999.250 -999.250 -999.250 -999.250 -999.250 -999.250 -999.250 -999.250 -999.250 -999.250 -999.250 -999.250 -999.250 -999.250 -999.250 -999.250 -999.250 -999.250 -999.250 -999.250 -999.250 -999.250 -999.250 -999.250 -999.250 -999.250 534.993 494.356 488.509 451.254 -999.250 -999.250 -999.250 -999.250 389.373 -999.250 -999.250 -999.250 -999.250 -999.250 -999.250 500.081 542.477 -999.250 -999.250 -999.250 -999.250 -999.250 -999.250 -999.250 -999.250 -999.250 -999.250 -999.250 -999.250
-999.250 -999.250 -999.250 -999.250 -999.250 -999.250 -999.250 -999.250 -999.250 -999.250 -999.250 -999.250 -999.250 -999.250 -999.250 -999.250 -999.250 -999.250 -999.250 -999.250 -999.250 -999.250 -999.250 -999.250 -999.250 -999.250 -999.250 -999.250 -999.250 -999.250 -999.250 -999.250 -999.250 -999.250 -999.250 522.711 500.165 492.798 444.535 -999.250 -999.250 -999.250 366.721 372.959 414.343 -999.250 -999.250 -999.250 -999.250 -999.250 573.559 618.504 625.846 -999.250 -999.250 -999.250 -999.250 -999.250 -999.250 1145.634 1151.462 -999.250 -999.250 -999.250
-999.250 -999.250 -999.250 -999.250 -999.250 -999.250 -999.250 -999.250 -999.250 -999.250 -999.250 -999.250 -999.250 -999.250 -999.250 -999.250 -999.250 -999.250 -999.250 -999.250 -999.250 -999.250 -999.250 -999.250 -999.250 -999.250 -999.250 -999.250 -999.250 -999.250 -999.250 -999.250 -999.250 -999.250 -999.250 575.716 550.229 522.565 469.907 432.086 431.745 408.531 385.700 386.370 415.159 444.009 431.979 490.854 547.721 566.592 585.550 623.960 664.465 706.791 776.921 919.033 930.236 1038.034 1067.527 1148.783 1196.042 -999.250 -999.250 -999.250
-999.250 -999.250 -999.250 -999.250 -999.250 602.416 -999.250 -999.250 -999.250 -999.250 -999.250 -999.250 -999.250 -999.250 -999.250 -999.250 -999.250 -999.250 -999.250 -999.250 -999.250 -999.250 -999.250 -999.250 -999.250 -999.250 -999.250 -999.250 -999.250 -999.250 -999.250 -999.250 -999.250 -999.250 -999.250 595.700 550.591 525.868 476.495 429.579 408.263 413.062 386.346 401.370 417.023 453.428 470.753 479.613 543.455 574.825 613.222 643.450 705.516 760.529 854.539 907.145 1066.598 1055.030 1138.989 1181.740 1233.871 -999.250 -999.250 -999.250
-999.250 -999.250 -999.250 -999.250 -999.250 585.801 -999.250 -999.250 -999.250 -999.250 -999.250 -999.250 -999.250 784.363 -999.250 -999.250 -999.250 -999.250 -999.250 -999.250 -999.250 -999.250 -999.250 -999.250 -999.250 -999.250 -999.250 -999.250 -999.250 -999.250 -999.250 -999.250 -999.250 -999.250 -999.250 626.673 586.102 529.215 477.025 417.485 394.651 396.554 380.029 392.277 414.524 458.199 520.193 554.481 578.063 618.394 650.443 689.936 738.690 818.025 915.088 910.272 1060.038 1109.568 1177.165 1216.776 1331.271 -999.250 -999.250 -999.250
-999.250 -999.250 -999.250 -999.250 -999.250 589.047 -999.250 -999.250 -999.250 -999.250 747.687 733.022 758.335 774.242 867.368 -999.250 -999.250 -999.250 -999.250 -999.250 -999.250 -999.250 -999.250 -999.250 -999.250 -999.250 -999.250 -999.250 -999.250 -999.250 -999.250 -999.250 -999.250 -999.250 -999.250 661.420 604.998 557.142 489.514 449.898 422.732 403.557 408.163 417.668 429.442 458.091 513.591 572.433 598.474 642.918 686.137 743.899 810.772 855.338 971.504 1096.233 1102.860 1129.312 1277.989 1264.472 1362.998 1458.128 -999.250 -999.250
-999.250 -999.250 527.747 559.789 583.442 593.649 -999.250 -999.250 681.666 666.249 703.020 725.558 801.702 799.541 927.662 960.781 1060.113 1077.974 -999.250 -999.250 -999.250 -999.250 -999.250 -999.250 -999.250 -999.250 -999.250 -999.250 -999.250 -999.250 -999.250 -999.250 876.918 768.640 707.883 659.681 633.275 586.438 536.751 466.088 431.896 384.183 392.997 404.119 418.750 469.180 530.878 580.879 635.005 653.223 690.139 792.024 912.029 917.388 1058.519 1153.519 1166.432 1160.293 1317.656 1438.766 1442.214 1444.748 -999.250 -999.250
-999.250 527.505 550.414 552.203 567.852 617.764 -999.250 677.855 677.977 674.272 676.520 714.895 789.696 767.193 874.934 973.568 1125.067 -999.250 -999.250 -999.250 -999.250 -999.250 1608.507 1432.253 -999.250 -999.250 -999.250 1380.760 -999.250 -999.250 1085.884 1012.612 826.514 855.605 724.445 643.631 606.838 558.085 525.553 470.322 433.385 405.067 386.319 408.797 444.491 460.683 543.385 573.210 643.663 697.488 751.814 816.620 947.581 1086.386 1145.185 1170.332 1261.329 1264.088 1339.171 1546.040 1350.143 1582.978 -999.250 -999.250
-999.250 564.767 574.408 576.152 587.455 617.338 618.212 649.187 675.650 662.363 707.183 722.870 751.454 840.366 845.172 950.245 1090.045 -999.250 -999.250 1385.706 1510.474 1581.809 1611.155 1620.605 1580.014 -999.250 1557.210 1363.883 1323.642 1266.505 1137.424 1031.855 927.306 826.565 742.495 681.961 604.784 574.669 543.064 482.099 456.207 400.841 374.387 429.100 455.346 519.803 577.432 614.377 669.303 729.819 807.707 891.441 1042.773 1139.644 1176.997 1243.302 1292.527 1397.080 1506.868 1574.513 1660.933 1637.876 -999.250 -999.250
558.904 578.518 574.935 603.453 605.275 631.069 649.942 657.559 654.610 673.495 711.760 704.980 725.127 757.071 837.554 944.104 919.828 1114.344 1237.000 1532.970 1563.060 1617.407 1674.674 1740.294 1608.736 1658.134 1580.409 1579.062 1555.543 1446.629 1181.831 1069.469 956.154 848.184 765.205 700.154 633.220 591.273 560.269 503.003 449.772 424.309 419.434 438.962 484.044 519.705 570.098 630.747 726.082 806.534 881.127 970.689 1067.361 1210.999 1276.206 1298.909 1525.668 1530.261 1587.099 1655.023 1626.234 1708.863 -999.250 -999.250
598.667 611.901 600.248 603.721 615.810 638.317 662.859 679.385 669.060 671.084 678.463 688.644 713.500 737.544 800.790 841.855 964.316 1162.263 1308.172 1437.906 1570.326 1640.655 1702.834 1741.347 1679.661 1704.875 1642.893 1612.492 1578.628 1346.646 1251.379 1116.578 993.947 892.057 826.475 748.904 660.085 590.075 562.661 516.946 466.978 462.325 451.919 483.063 537.161 539.377 580.954 648.613 699.660 823.993 983.138 951.520 1126.089 1229.860 1260.142 1518.550 1628.135 1631.167 1671.331 1694.715 1660.106 1700.940 -999.250 -999.250
611.873 610.219 585.118 592.746 642.129 640.068 661.700 683.715 674.356 662.895 674.932 662.846 709.903 744.991 814.329 829.790 900.753 1045.851 1209.385 1466.631 1583.514 1639.092 1789.635 1852.667 1751.293 1756.170 1683.964 1659.558 1562.121 1350.399 1217.295 1134.581 1069.091 858.276 777.377 713.666 662.149 624.266 574.883 532.739 473.520 488.060 500.982 523.913 546.496 578.019 611.273 634.299 720.055 816.360 937.472 1088.317 1171.898 1223.665 1386.577 1570.107 1649.089 1646.405 1726.078 1699.069 1718.256 -999.250 -999.250 -999.250
618.407 611.400 599.426 606.518 618.065 649.093 656.553 711.348 685.739 657.948 630.203 628.020 653.774 687.763 706.422 847.555 957.154 1067.329 1249.638 1448.767 1651.953 1734.479 1818.076 1980.022 1849.696 1762.664 1717.627 1609.476 1566.813 1300.751 1249.868 1140.618 1099.473 958.087 817.794 742.215 689.267 641.782 600.513 566.472 533.960 515.443 524.060 524.725 560.014 591.388 617.607 669.488 755.368 892.560 1011.852 1105.518 1248.952 1313.463 1509.782 1577.901 1644.745 1717.189 1773.345 1802.099 1869.937 -999.250 -999.250 -999.250
649.329 625.221 613.659 616.718 591.954 606.692 620.509 642.755 625.356 610.022 603.863 612.923 598.902 596.685 643.479 729.986 869.210 1048.567 1207.984 1373.930 1556.881 1647.663 1719.155 1788.466 1780.539 1713.995 1638.974 1625.750 1563.217 1329.457 1228.796 1120.585 1061.788 939.235 812.111 760.557 704.070 643.434 598.847 569.376 546.189 544.820 550.646 542.998 572.947 629.645 674.130 708.197 803.525 866.042 984.171 1206.406 1251.427 1384.309 1554.902 1620.765 1654.605 1753.916 1819.078 1913.366 1943.045 -999.250 -999.250 -999.250
645.434 611.352 608.084 611.148 582.134 581.763 588.104 608.076 581.700 572.269 561.328 556.956 565.982 575.276 592.358 646.642 759.618 1028.224 1198.851 1298.756 1396.795 1595.226 1619.495 1677.095 1623.608 1656.666 1610.834 1535.524 1460.256 1301.053 1164.249 1108.930 1026.369 916.562 852.307 754.308 698.875 655.660 618.908 600.687 585.338 544.854 543.720 560.991 594.900 583.411 636.891 702.698 782.781 951.982 1097.019 1203.350 1337.629 1417.110 1578.652 1669.641 1671.003 1720.708 1810.854 1908.984 1990.255 -999.250 -999.250 -999.250
665.478 632.068 602.083 591.184 567.218 564.003 555.402 549.375 550.991 550.350 547.168 539.528 535.350 560.389 566.950 560.224 725.937 949.762 1055.329 1259.883 1411.479 1518.845 1577.522 1576.907 1614.105 1654.528 1603.383 1516.658 1310.758 1229.075 1190.801 1134.403 996.195 874.971 833.476 740.814 693.788 658.779 629.685 581.786 561.047 567.710 572.447 578.089 598.422 602.460 639.323 691.827 876.743 998.700 1122.753 1281.585 1309.376 1580.922 1621.398 1706.251 1704.050 1799.321 1931.176 1888.856 2101.149 -999.250 -999.250 -999.250
673.157 636.330 586.230 568.939 547.212 521.541 519.195 507.294 500.470 489.646 517.092 536.114 544.311 545.346 568.153 646.517 765.343 885.857 1175.814 1201.942 1356.231 1399.130 1402.631 1525.422 1560.134 1507.694 1507.167 1354.193 1284.085 1184.556 1144.870 1059.551 944.964 833.150 803.921 761.882 673.602 618.885 617.379 579.836 565.803 563.851 560.159 572.938 606.201 636.992 653.954 724.616 863.310 971.112 1116.410 1282.535 1398.621 1586.472 1661.338 1798.086 1808.164 1869.778 1899.062 2085.732 2349.691 2496.845 -999.250 -999.250
690.829 619.920 572.060 551.044 524.844 499.335 465.426 482.329 456.729 468.013 492.044 487.193 532.720 563.644 614.515 714.317 788.885 960.177 1120.424 1248.693 1265.855 1369.128 1402.049 1416.298 1367.383 1402.821 1359.985 1252.546 1199.881 1145.879 1090.263 984.713 907.728 825.043 726.929 723.583 649.607 619.753 612.664 584.047 580.330 562.214 553.864 586.578 595.784 641.253 657.745 731.009 855.370 939.630 1149.392 1210.996 1410.498 1635.000 1672.681 1761.335 1902.577 1915.942 2026.782 2324.846 2594.670 2562.640 2520.812 -999.250
664.511 600.768 568.502 509.398 490.960 442.036 437.278 431.572 460.017 446.762 458.903 500.116 533.352 600.419 675.648 743.975 842.120 1062.873 1078.447 1225.008 1279.571 1364.378 1339.856 1294.550 1227.295 1331.868 1232.869 1198.293 1112.078 1083.321 1030.491 955.169 939.658 802.173 708.681 668.649 636.316 596.454 578.067 571.179 563.599 544.322 541.935 577.543 615.213 602.263 679.200 750.670 773.436 961.798 1082.999 1255.851 1500.273 1630.482 1765.502 1795.801 1931.017 1920.593 2071.611 2393.735 2669.567 2762.961 2774.880 2806.582
639.897 583.613 552.106 525.852 473.004 425.199 414.993 425.417 434.281 434.432 465.356 514.610 580.420 635.959 681.134 814.794 968.601 1094.144 1158.617 1220.592 1214.808 1316.211 1359.472 1289.376 1236.294 1163.793 1180.492 1094.369 1084.022 1072.940 1040.754 877.527 809.073 736.277 674.443 631.071 610.708 591.996 566.219 553.238 542.873 540.903 550.037 573.357 595.116 606.301 639.073 733.924 766.990 958.249 1096.171 1231.249 1485.439 1632.656 1732.940 1798.624 1853.653 1999.118 2339.964 2478.958 2746.546 2917.620 2969.506 2889.414
