data/medianmodel_18-Oct-2020.asc
ncols	141
nrows	288
xllcorner	-120191.398
yllcorner	-301404.813
cellsize	2000.000
NODATA_value	-999.250
[rows 210 to 239 of 288, columns 67 to 133 of 141]
84.507 75.965 73.108 70.757 63.217 59.548 54.398 46.577 42.273 45.702 37.633 38.485 37.696 39.725 41.841 44.796 45.498 45.703 51.679 47.604 41.469 42.380 41.051 43.760 44.873 32.854 25.650 18.506 10.585 6.882 10.556 11.961 -999.250 -999.250 -999.250 -999.250 -999.250 -999.250 -999.250 -999.250 -999.250 -999.250 -999.250 -999.250 -999.250 -999.250 -999.250 -999.250 -999.250 -999.250 -999.250 -999.250 -999.250 -999.250 -999.250 -999.250 -999.250 -999.250 -999.250 -999.250 -999.250 -999.250 -999.250 -999.250 -999.250 -999.250 -999.250
76.262 61.473 61.238 63.198 60.056 53.866 47.185 49.283 38.756 32.023 35.270 31.935 33.453 37.285 37.658 41.913 39.417 42.247 47.628 41.165 46.809 38.559 39.194 42.524 42.830 29.727 25.636 19.929 18.703 18.339 15.719 16.701 19.643 -999.250 -999.250 -999.250 -999.250 -999.250 -999.250 -999.250 -999.250 -999.250 -999.250 -999.250 -999.250 -999.250 -999.250 -999.250 -999.250 -999.250 -999.250 -999.250 -999.250 -999.250 -999.250 -999.250 -999.250 -999.250 -999.250 -999.250 -999.250 -999.250 -999.250 -999.250 -999.250 -999.250 -999.250
74.641 59.139 63.556 58.023 43.670 54.007 46.029 42.118 34.954 27.868 22.662 22.884 31.063 37.422 38.722 36.013 39.230 47.210 43.103 43.062 43.611 45.993 37.172 44.408 38.373 35.018 33.893 22.025 21.577 19.433 17.716 16.281 19.555 17.245 -999.250 -999.250 -999.250 -999.250 -999.250 -999.250 -999.250 -999.250 -999.250 -999.250 -999.250 -999.250 -999.250 -999.250 -999.250 -999.250 -999.250 -999.250 -999.250 -999.250 -999.250 -999.250 -999.250 -999.250 -999.250 -999.250 -999.250 -999.250 -999.250 -999.250 -999.250 -999.250 -999.250
76.171 59.974 54.832 49.764 47.952 46.144 43.637 41.374 28.535 19.905 17.757 17.159 27.295 35.812 37.008 33.719 37.734 35.737 40.222 48.575 46.091 44.237 35.840 44.769 41.905 34.882 32.486 24.977 25.536 21.033 20.598 18.959 19.769 22.462 -999.250 -999.250 -999.250 -999.250 -999.250 -999.250 -999.250 -999.250 -999.250 -999.250 -999.250 -999.250 -999.250 -999.250 -999.250 -999.250 -999.250 -999.250 -999.250 -999.250 -999.250 -999.250 -999.250 -999.250 -999.250 -999.250 -999.250 -999.250 -999.250 -999.250 -999.250 -999.250 -999.250
61.904 55.997 48.778 46.353 42.690 41.996 42.846 40.774 34.525 29.733 25.195 22.315 25.490 37.451 31.245 38.959 43.162 42.974 46.080 45.874 43.382 46.538 41.967 44.214 35.748 28.818 26.867 24.453 31.004 23.920 31.496 20.199 21.965 18.488 20.466 -999.250 -999.250 -999.250 -999.250 -999.250 -999.250 -999.250 -999.250 -999.250 -999.250 -999.250 -999.250 -999.250 -999.250 -999.250 -999.250 -999.250 -999.250 -999.250 -999.250 -999.250 -999.250 -999.250 -999.250 -999.250 -999.250 -999.250 -999.250 -999.250 -999.250 -999.250 -999.250
55.941 47.647 42.588 42.894 42.762 44.162 39.568 39.786 40.270 38.444 32.999 34.732 35.031 36.084 38.282 42.462 42.055 53.952 47.501 45.471 43.011 48.637 47.865 48.639 43.325 33.011 27.956 28.852 34.531 29.605 35.283 26.568 29.324 27.882 23.127 23.834 -999.250 -999.250 -999.250 -999.250 -999.250 -999.250 -999.250 -999.250 -999.250 -999.250 -999.250 -999.250 -999.250 -999.250 -999.250 -999.250 -999.250 -999.250 -999.250 -999.250 -999.250 -999.250 -999.250 -999.250 -999.250 -999.250 -999.250 -999.250 -999.250 -999.250 -999.250
44.614 45.995 33.117 33.064 38.863 39.508 42.093 45.681 45.763 42.345 42.171 37.252 45.671 48.101 43.234 41.917 38.927 44.863 46.867 49.752 40.747 41.953 53.094 45.973 45.156 36.330 37.775 33.054 36.072 37.296 33.787 26.787 25.402 27.805 27.393 24.940 -999.250 -999.250 -999.250 -999.250 -999.250 -999.250 -999.250 -999.250 -999.250 -999.250 -999.250 -999.250 -999.250 -999.250 -999.250 -999.250 -999.250 -999.250 -999.250 -999.250 -999.250 -999.250 -999.250 -999.250 -999.250 -999.250 -999.250 -999.250 -999.250 -999.250 -999.250
42.552 35.456 36.233 34.935 36.207 39.980 45.877 48.441 54.447 51.370 45.360 49.370 47.448 55.471 48.613 41.955 46.374 49.224 42.916 48.854 53.225 46.032 49.426 47.524 37.035 38.891 38.364 32.869 39.537 40.221 43.073 37.173 36.205 27.875 22.567 27.835 -999.250 -999.250 -999.250 -999.250 -999.250 -999.250 -999.250 -999.250 -999.250 -999.250 -999.250 -999.250 -999.250 -999.250 -999.250 -999.250 -999.250 -999.250 -999.250 -999.250 -999.250 -999.250 -999.250 -999.250 -999.250 -999.250 -999.250 -999.250 -999.250 -999.250 -999.250
37.596 33.434 35.395 34.640 40.649 49.740 45.563 48.682 54.436 53.560 50.153 51.196 51.920 50.657 52.558 54.633 50.742 44.980 42.610 48.747 53.770 44.897 49.176 42.585 41.600 37.499 35.972 40.572 40.848 42.205 39.284 40.605 35.448 30.790 26.101 21.198 16.849 -999.250 -999.250 -999.250 -999.250 -999.250 -999.250 -999.250 10.727 -999.250 -999.250 -999.250 -999.250 -999.250 -999.250 -999.250 -999.250 -999.250 -999.250 -999.250 -999.250 -999.250 -999.250 -999.250 -999.250 -999.250 -999.250 -999.250 -999.250 -999.250 -999.250
41.715 39.178 40.139 40.568 43.735 51.258 54.450 54.503 57.581 58.795 61.879 58.727 54.414 51.994 57.222 53.645 55.987 51.328 51.944 49.604 43.331 43.350 41.573 37.165 41.897 37.918 40.459 45.234 46.859 40.421 41.575 41.260 34.560 35.022 28.783 25.564 16.891 13.796 -999.250 -999.250 -999.250 5.853 6.867 12.444 12.584 -999.250 -999.250 -999.250 -999.250 -999.250 -999.250 -999.250 -999.250 -999.250 -999.250 -999.250 -999.250 -999.250 -999.250 -999.250 -999.250 -999.250 -999.250 -999.250 -999.250 -999.250 -999.250
43.532 49.955 52.236 43.526 53.239 59.100 62.836 56.815 63.145 69.938 66.053 65.867 68.894 61.315 64.080 60.365 64.796 54.255 47.943 53.009 49.222 42.887 39.299 35.576 41.999 43.198 41.517 41.040 42.993 42.983 39.602 41.018 38.484 35.794 27.084 22.116 17.444 8.188 -999.250 5.924 0.337 2.043 7.561 9.102 -999.250 -999.250 -999.250 -999.250 -999.250 -999.250 -999.250 -999.250 -999.250 -999.250 -999.250 -999.250 -999.250 -999.250 -999.250 -999.250 -999.250 -999.250 -999.250 -999.250 -999.250 -999.250 -999.250
71.361 61.500 71.516 70.154 72.811 82.682 88.855 80.501 78.262 70.607 75.656 80.164 72.695 69.856 68.575 62.075 62.907 66.470 50.359 47.129 40.132 38.103 40.820 42.852 46.602 39.681 36.766 47.861 46.648 44.470 43.318 45.493 40.992 29.882 32.385 28.712 21.166 13.343 6.569 2.943 0.000 1.168 9.879 12.136 -999.250 -999.250 -999.250 -999.250 -999.250 -999.250 -999.250 -999.250 -999.250 -999.250 -999.250 -999.250 -999.250 -999.250 -999.250 -999.250 -999.250 -999.250 -999.250 -999.250 -999.250 -999.250 -999.250
85.576 96.733 101.210 101.939 104.214 103.316 110.531 102.874 96.262 86.275 92.112 76.750 82.582 84.279 66.332 64.020 61.520 56.152 51.885 43.392 40.062 37.299 38.641 37.975 42.883 36.449 41.747 46.409 42.320 43.544 43.355 44.622 42.044 38.647 38.232 29.655 18.889 15.189 10.254 6.672 8.366 9.509 8.283 15.159 -999.250 -999.250 -999.250 -999.250 -999.250 -999.250 -999.250 -999.250 -999.250 -999.250 -999.250 -999.250 -999.250 -999.250 -999.250 -999.250 -999.250 -999.250 -999.250 -999.250 -999.250 -999.250 -999.250
112.900 102.793 123.844 111.055 116.652 118.609 116.191 114.018 116.382 100.397 97.787 97.489 102.298 81.968 76.128 63.510 59.844 57.903 59.413 50.001 37.557 43.056 36.430 41.713 41.259 41.178 42.249 39.608 40.575 38.295 40.645 49.337 47.732 39.620 38.303 33.508 25.194 18.542 15.279 13.257 12.236 14.387 15.356 16.962 -999.250 -999.250 -999.250 -999.250 -999.250 -999.250 -999.250 -999.250 -999.250 -999.250 -999.250 -999.250 -999.250 -999.250 -999.250 -999.250 -999.250 -999.250 -999.250 -999.250 -999.250 -999.250 -999.250
130.598 139.737 148.667 166.718 150.601 140.991 128.632 133.641 133.317 114.920 99.454 110.718 106.892 95.360 78.342 80.349 60.013 55.952 64.460 58.124 48.737 48.755 46.163 43.713 50.302 42.338 41.119 42.514 37.817 36.914 42.431 43.140 47.695 40.367 35.225 32.187 31.887 25.157 18.223 13.926 15.347 21.088 17.500 -999.250 -999.250 -999.250 -999.250 -999.250 -999.250 -999.250 -999.250 -999.250 -999.250 -999.250 -999.250 -999.250 -999.250 -999.250 -999.250 -999.250 -999.250 -999.250 -999.250 -999.250 -999.250 -999.250 -999.250
157.567 163.392 181.934 190.267 207.896 188.892 162.914 146.238 171.196 126.622 119.405 107.592 102.382 104.910 106.129 83.520 66.054 61.697 57.498 49.136 48.105 50.593 45.972 47.833 52.455 52.382 46.586 44.245 41.661 38.080 42.557 47.248 48.638 40.878 35.444 27.565 26.195 27.674 25.703 22.903 27.609 16.722 23.776 -999.250 -999.250 -999.250 -999.250 -999.250 -999.250 -999.250 -999.250 -999.250 -999.250 -999.250 -999.250 -999.250 -999.250 -999.250 -999.250 -999.250 -999.250 -999.250 -999.250 -999.250 -999.250 -999.250 -999.250
178.656 209.692 242.963 240.670 259.325 236.603 199.750 182.399 174.667 143.339 148.626 128.515 118.130 107.599 101.434 83.084 76.206 59.145 61.957 55.330 49.238 54.809 53.084 51.846 50.656 54.004 46.809 46.780 53.665 51.084 46.892 49.694 45.702 43.816 40.006 29.496 30.957 39.607 34.329 30.827 28.089 24.593 22.580 -999.250 -999.250 -999.250 -999.250 -999.250 -999.250 -999.250 -999.250 -999.250 -999.250 -999.250 -999.250 -999.250 -999.250 -999.250 -999.250 -999.250 -999.250 -999.250 -999.250 -999.250 -999.250 -999.250 -999.250
207.052 237.225 274.973 281.362 311.791 301.694 261.982 219.949 193.772 168.286 147.257 129.475 117.515 103.041 99.159 89.657 88.284 78.504 65.845 57.969 54.603 54.641 54.520 53.861 54.598 53.840 54.793 47.520 53.320 44.792 51.828 44.971 47.745 42.763 45.334 40.408 37.038 29.734 31.419 35.937 28.870 28.398 -999.250 -999.250 -999.250 -999.250 -999.250 -999.250 -999.250 -999.250 -999.250 -999.250 -999.250 -999.250 -999.250 -999.250 -999.250 -999.250 -999.250 -999.250 -999.250 -999.250 -999.250 -999.250 -999.250 -999.250 -999.250
277.684 283.728 325.100 345.689 358.500 311.154 309.800 256.444 207.849 174.464 164.247 123.409 121.385 122.090 96.058 97.026 85.184 84.948 66.451 60.901 60.513 59.072 65.850 59.683 73.014 56.025 58.939 48.590 53.953 50.337 47.371 59.182 48.903 48.398 46.166 45.371 41.315 -999.250 -999.250 36.739 32.365 26.163 -999.250 -999.250 -999.250 -999.250 -999.250 -999.250 -999.250 -999.250 -999.250 -999.250 -999.250 -999.250 -999.250 -999.250 -999.250 -999.250 -999.250 -999.250 -999.250 -999.250 -999.250 -999.250 -999.250 -999.250 -999.250
299.001 337.002 370.404 410.971 367.749 357.197 306.558 256.437 233.369 178.246 171.873 160.440 124.964 112.784 94.866 97.412 92.955 85.071 87.880 74.484 59.226 60.433 60.063 65.861 63.681 59.880 64.553 55.975 50.881 52.471 59.040 56.599 56.474 47.490 43.265 42.587 46.221 -999.250 -999.250 -999.250 -999.250 -999.250 -999.250 -999.250 -999.250 -999.250 -999.250 -999.250 -999.250 -999.250 -999.250 -999.250 -999.250 -999.250 -999.250 -999.250 -999.250 -999.250 -999.250 -999.250 -999.250 -999.250 -999.250 -999.250 -999.250 -999.250 -999.250
292.191 323.352 360.523 368.804 364.884 340.884 276.950 257.366 215.300 201.027 179.775 153.600 128.165 119.228 102.790 96.412 91.534 93.020 71.473 64.254 61.988 62.193 62.088 69.402 69.253 68.620 67.305 53.571 56.962 55.207 52.132 48.241 51.035 -999.250 -999.250 50.730 -999.250 -999.250 -999.250 -999.250 -999.250 -999.250 -999.250 -999.250 -999.250 -999.250 -999.250 -999.250 -999.250 -999.250 -999.250 -999.250 -999.250 -999.250 -999.250 -999.250 -999.250 -999.250 -999.250 -999.250 -999.250 -999.250 -999.250 -999.250 -999.250 -999.250 -999.250
285.853 303.117 332.515 335.801 312.308 294.538 282.741 270.438 234.308 183.931 173.038 155.236 142.609 106.932 96.750 91.324 96.668 86.689 67.955 69.928 60.229 64.915 67.252 74.965 63.836 65.357 64.379 60.348 56.644 59.994 50.034 -999.250 -999.250 -999.250 -999.250 -999.250 -999.250 -999.250 -999.250 -999.250 -999.250 -999.250 -999.250 -999.250 -999.250 -999.250 -999.250 -999.250 -999.250 -999.250 -999.250 -999.250 -999.250 -999.250 -999.250 -999.250 -999.250 -999.250 -999.250 -999.250 -999.250 -999.250 -999.250 -999.250 -999.250 -999.250 -999.250
217.598 269.161 280.706 308.502 277.073 297.713 293.176 252.351 235.250 196.025 172.338 166.535 146.244 115.579 101.658 92.825 81.049 83.873 70.229 58.770 61.178 57.401 69.522 70.744 71.555 62.541 61.755 59.628 59.110 52.957 44.932 -999.250 -999.250 -999.250 -999.250 -999.250 -999.250 -999.250 -999.250 -999.250 -999.250 -999.250 -999.250 -999.250 -999.250 -999.250 -999.250 -999.250 -999.250 -999.250 -999.250 -999.250 -999.250 -999.250 -999.250 -999.250 -999.250 -999.250 -999.250 -999.250 -999.250 -999.250 -999.250 -999.250 -999.250 -999.250 -999.250
215.704 273.477 255.154 278.767 268.284 260.493 276.723 220.642 215.920 199.759 176.589 157.491 129.305 105.164 84.135 81.350 80.777 68.884 59.012 54.613 56.176 58.615 61.227 72.922 61.482 69.462 67.227 67.298 55.132 52.112 41.607 -999.250 -999.250 -999.250 -999.250 -999.250 -999.250 -999.250 -999.250 -999.250 -999.250 -999.250 -999.250 -999.250 -999.250 -999.250 -999.250 -999.250 -999.250 -999.250 -999.250 -999.250 -999.250 -999.250 -999.250 -999.250 -999.250 -999.250 -999.250 -999.250 -999.250 -999.250 -999.250 -999.250 -999.250 -999.250 -999.250
180.571 203.110 211.311 235.479 260.563 236.390 231.227 208.802 234.789 172.813 164.709 138.307 118.173 119.233 86.660 71.629 74.094 58.241 57.205 44.217 48.203 50.719 58.513 54.586 68.499 57.960 65.605 63.376 57.748 49.972 46.648 -999.250 -999.250 -999.250 -999.250 -999.250 -999.250 -999.250 -999.250 -999.250 -999.250 -999.250 -999.250 -999.250 -999.250 -999.250 -999.250 -999.250 -999.250 -999.250 -999.250 -999.250 -999.250 -999.250 -999.250 -999.250 -999.250 -999.250 -999.250 -999.250 -999.250 -999.250 -999.250 -999.250 -999.250 -999.250 -999.250
149.801 183.244 210.387 223.935 233.430 216.881 181.965 165.721 178.558 182.307 171.196 154.794 123.953 101.379 99.235 72.388 62.158 50.667 47.736 40.356 50.328 52.988 57.332 53.308 53.983 63.774 64.589 70.294 72.543 54.442 -999.250 -999.250 -999.250 -999.250 -999.250 -999.250 -999.250 -999.250 -999.250 -999.250 -999.250 -999.250 -999.250 -999.250 -999.250 -999.250 -999.250 -999.250 -999.250 -999.250 -999.250 -999.250 -999.250 -999.250 -999.250 -999.250 -999.250 -999.250 -999.250 -999.250 -999.250 -999.250 -999.250 -999.250 -999.250 -999.250 -999.250
138.316 153.429 176.012 200.402 177.139 180.284 181.828 168.652 169.042 181.491 146.704 135.562 118.153 110.968 86.720 62.392 53.519 43.459 34.955 41.715 48.945 49.251 54.785 51.012 58.746 58.400 61.274 63.824 62.417 53.438 -999.250 -999.250 -999.250 -999.250 -999.250 -999.250 -999.250 -999.250 -999.250 -999.250 -999.250 -999.250 -999.250 -999.250 -999.250 -999.250 -999.250 -999.250 -999.250 -999.250 -999.250 -999.250 -999.250 -999.250 -999.250 -999.250 -999.250 -999.250 -999.250 -999.250 -999.250 -999.250 -999.250 -999.250 -999.250 -999.250 -999.250
120.299 128.157 134.736 133.569 154.165 176.602 162.723 157.725 160.904 166.054 169.653 123.764 107.390 104.046 76.794 59.607 59.799 47.232 39.697 44.245 45.326 51.059 54.010 50.249 53.639 61.305 67.250 66.953 65.561 60.127 -999.250 -999.250 -999.250 -999.250 -999.250 -999.250 -999.250 -999.250 -999.250 -999.250 -999.250 -999.250 -999.250 -999.250 -999.250 -999.250 -999.250 -999.250 -999.250 -999.250 -999.250 -999.250 -999.250 -999.250 -999.250 -999.250 -999.250 -999.250 -999.250 -999.250 -999.250 -999.250 -999.250 -999.250 -999.250 -999.250 -999.250
113.687 110.188 127.669 131.717 136.506 134.559 160.588 143.247 153.067 152.276 133.345 134.230 107.711 92.483 78.000 62.261 56.163 48.887 51.764 51.383 50.661 54.233 56.611 71.067 62.741 61.195 63.676 67.038 54.341 -999.250 -999.250 -999.250 -999.250 -999.250 -999.250 -999.250 -999.250 -999.250 -999.250 -999.250 -999.250 -999.250 -999.250 -999.250 -999.250 -999.250 -999.250 -999.250 -999.250 -999.250 -999.250 -999.250 -999.250 -999.250 -999.250 -999.250 -999.250 -999.250 -999.250 -999.250 -999.250 -999.250 -999.250 -999.250 -999.250 -999.250 -999.250
97.766 108.900 126.725 105.271 127.747 152.134 169.318 165.258 155.157 152.954 131.944 119.534 114.284 96.844 68.632 66.142 59.637 59.312 57.790 54.240 56.156 58.239 53.014 63.537 62.504 54.673 63.730 65.072 59.074 -999.250 -999.250 -999.250 -999.250 -999.250 -999.250 -999.250 -999.250 -999.250 -999.250 -999.250 -999.250 -999.250 -999.250 -999.250 -999.250 -999.250 -999.250 -999.250 -999.250 -999.250 -999.250 -999.250 -999.250 -999.250 -999.250 -999.250 -999.250 -999.250 -999.250 -999.250 -999.250 -999.250 -999.250 -999.250 -999.250 -999.250 -999.250
