data/medianmodel_15-Sep-2020.asc
ncols	141
nrows	288
xllcorner	-120191.398
yllcorner	-301404.813
cellsize	2000.000
NODATA_value	-999.250
[rows 30 to 59 of 288, columns 0 to 68 of 141]
-999.250 -999.250 -999.250 -999.250 -999.250 -999.250 -999.250 -999.250 -999.250 -999.250 -999.250 -999.250 -999.250 -999.250 -999.250 -999.250 -999.250 -999.250 -999.250 -999.250 -999.250 -999.250 -999.250 -999.250 -999.250 -999.250 -999.250 -999.250 -999.250 -999.250 -999.250 20.027 10.573 6.124 2.208 3.442 4.453 8.981 8.720 11.700 15.115 15.889 19.228 30.477 38.437 44.635 52.154 59.047 62.581 72.819 85.956 95.351 104.834 126.315 118.138 106.912 86.758 64.357 39.074 18.806 10.010 1.949 0.000 0.000 0.000 0.000 0.000 0.000 0.000
-999.250 -999.250 -999.250 -999.250 -999.250 -999.250 -999.250 -999.250 -999.250 -999.250 -999.250 -999.250 -999.250 -999.250 -999.250 -999.250 -999.250 -999.250 -999.250 -999.250 -999.250 -999.250 -999.250 -999.250 -999.250 -999.250 -999.250 -999.250 -999.250 -999.250 -999.250 -999.250 15.050 8.634 5.922 5.667 9.932 11.740 13.189 16.128 18.672 23.062 27.770 32.630 39.151 40.685 47.469 54.456 64.934 71.510 85.441 100.239 106.574 117.532 139.541 115.761 90.948 67.105 46.553 24.998 12.332 4.033 0.000 0.000 0.000 0.000 0.000 0.000 0.000
-999.250 -999.250 -999.250 -999.250 -999.250 -999.250 -999.250 -999.250 -999.250 -999.250 -999.250 -999.250 -999.250 -999.250 -999.250 -999.250 -999.250 -999.250 -999.250 -999.250 -999.250 -999.250 -999.250 -999.250 -999.250 -999.250 -999.250 -999.250 -999.250 -999.250 -999.250 -999.250 22.598 12.417 12.543 16.025 19.167 18.824 24.077 25.077 27.355 28.249 30.992 36.616 41.597 43.618 52.085 55.726 67.001 77.128 91.472 98.369 107.369 122.903 124.121 109.672 83.863 70.109 46.077 29.603 14.382 3.617 0.000 0.000 0.000 0.000 0.000 0.000 0.000
-999.250 -999.250 -999.250 -999.250 -999.250 -999.250 -999.250 -999.250 -999.250 -999.250 -999.250 -999.250 -999.250 -999.250 -999.250 -999.250 -999.250 -999.250 -999.250 -999.250 -999.250 -999.250 -999.250 -999.250 -999.250 -999.250 -999.250 -999.250 -999.250 -999.250 -999.250 -999.250 34.079 23.408 24.444 27.331 30.656 29.643 33.929 35.025 39.591 38.902 41.277 44.321 45.227 52.508 57.679 60.988 68.426 79.030 95.198 100.997 111.784 113.122 107.817 101.670 88.504 64.836 46.667 29.769 15.158 7.062 0.000 0.000 0.000 0.000 0.000 0.000 0.000
-999.250 -999.250 -999.250 -999.250 -999.250 -999.250 -999.250 -999.250 -999.250 -999.250 -999.250 -999.250 -999.250 -999.250 -999.250 -999.250 -999.250 -999.250 -999.250 -999.250 -999.250 -999.250 -999.250 -999.250 -999.250 -999.250 -999.250 -999.250 -999.250 -999.250 -999.250 -999.250 52.122 49.086 47.951 49.370 51.018 50.014 50.056 47.684 52.033 48.385 54.538 53.611 55.530 60.546 66.478 68.586 79.197 90.411 101.297 109.114 105.423 105.456 105.861 97.547 81.236 64.279 44.194 28.433 16.861 9.037 0.022 0.000 0.000 0.000 0.000 0.000 0.000
-999.250 -999.250 -999.250 -999.250 -999.250 -999.250 -999.250 -999.250 -999.250 -999.250 -999.250 -999.250 -999.250 -999.250 -999.250 -999.250 -999.250 -999.250 -999.250 -999.250 -999.250 -999.250 -999.250 -999.250 -999.250 -999.250 -999.250 -999.250 -999.250 -999.250 -999.250 -999.250 74.712 70.787 70.167 68.236 69.983 70.275 63.039 56.569 61.621 62.563 62.042 63.823 68.572 66.900 73.089 82.115 89.234 97.055 107.946 115.502 116.009 110.332 100.148 92.007 78.052 61.381 39.963 25.322 16.579 7.345 2.467 0.000 0.000 0.000 0.000 0.000 0.000
-999.250 -999.250 -999.250 -999.250 -999.250 -999.250 -999.250 -999.250 -999.250 -999.250 -999.250 -999.250 -999.250 -999.250 -999.250 -999.250 -999.250 -999.250 -999.250 -999.250 -999.250 -999.250 -999.250 -999.250 -999.250 -999.250 -999.250 -999.250 -999.250 -999.250 -999.250 -999.250 90.157 93.061 91.224 95.989 91.511 88.163 81.841 74.311 73.957 71.732 74.439 73.834 76.917 71.653 85.971 88.721 96.479 106.916 121.124 116.608 123.333 116.596 101.917 92.360 69.674 53.018 36.633 23.894 17.973 11.877 8.596 3.078 0.696 0.000 0.000 0.000 0.000
-999.250 -999.250 -999.250 -999.250 -999.250 -999.250 -999.250 -999.250 -999.250 -999.250 -999.250 -999.250 -999.250 -999.250 -999.250 -999.250 -999.250 -999.250 -999.250 -999.250 -999.250 -999.250 -999.250 -999.250 -999.250 -999.250 -999.250 -999.250 -999.250 -999.250 -999.250 -999.250 -999.250 119.801 127.449 108.744 111.262 102.636 95.717 87.192 86.770 83.511 84.909 82.730 83.506 86.001 93.810 92.371 113.282 114.673 122.182 134.162 138.792 123.503 115.758 91.311 71.565 54.542 33.822 23.601 20.134 14.751 12.415 9.244 6.208 0.000 0.000 0.000 0.000
-999.250 -999.250 -999.250 -999.250 -999.250 -999.250 -999.250 -999.250 -999.250 -999.250 -999.250 -999.250 -999.250 -999.250 -999.250 -999.250 -999.250 -999.250 -999.250 -999.250 -999.250 -999.250 -999.250 -999.250 -999.250 -999.250 -999.250 -999.250 -999.250 -999.250 -999.250 -999.250 -999.250 159.010 153.409 144.854 132.021 120.781 110.670 107.559 95.560 95.403 99.330 99.636 92.160 97.138 96.275 102.832 120.858 120.821 132.957 157.202 170.602 135.835 118.865 92.619 72.195 51.186 35.373 26.144 20.502 18.999 14.768 13.035 9.266 4.821 0.000 0.000 0.000
-999.250 -999.250 -999.250 -999.250 -999.250 -999.250 -999.250 -999.250 -999.250 -999.250 -999.250 -999.250 -999.250 -999.250 -999.250 -999.250 -999.250 -999.250 -999.250 -999.250 -999.250 -999.250 -999.250 -999.250 -999.250 -999.250 -999.250 -999.250 -999.250 -999.250 -999.250 -999.250 185.323 200.319 187.587 183.510 135.930 152.195 115.935 110.222 107.329 97.471 101.766 100.509 107.822 99.240 96.597 99.544 115.938 127.772 133.044 176.699 200.251 142.358 116.264 93.858 72.233 50.182 37.973 29.506 20.629 20.669 23.009 20.561 13.745 8.965 3.987 0.000 0.000
-999.250 -999.250 -999.250 -999.250 -999.250 -999.250 -999.250 -999.250 -999.250 -999.250 -999.250 -999.250 -999.250 -999.250 -999.250 -999.250 -999.250 -999.250 -999.250 -999.250 -999.250 -999.250 -999.250 -999.250 -999.250 -999.250 -999.250 -999.250 -999.250 -999.250 -999.250 -999.250 182.044 211.358 240.445 208.243 164.127 143.066 124.826 114.718 106.434 106.772 115.510 113.386 117.117 105.391 103.824 97.459 106.770 120.330 126.983 127.956 155.961 128.697 107.199 97.014 71.282 54.991 41.561 32.745 28.085 26.339 27.016 31.513 19.179 11.465 3.822 0.000 0.000
-999.250 -999.250 -999.250 -999.250 -999.250 -999.250 -999.250 -999.250 -999.250 -999.250 -999.250 -999.250 -999.250 -999.250 -999.250 -999.250 -999.250 -999.250 -999.250 -999.250 -999.250 -999.250 -999.250 -999.250 -999.250 -999.250 -999.250 -999.250 -999.250 -999.250 -999.250 -999.250 -999.250 227.497 258.027 203.534 175.733 147.223 119.809 106.145 103.253 97.501 100.863 111.404 131.383 112.571 102.240 95.589 102.103 107.108 111.306 116.447 110.897 103.124 97.071 83.847 67.678 54.966 44.026 37.612 33.031 29.201 30.671 25.869 19.393 11.540 6.337 0.000 0.000
-999.250 -999.250 -999.250 -999.250 -999.250 -999.250 -999.250 -999.250 -999.250 -999.250 -999.250 -999.250 -999.250 -999.250 -999.250 -999.250 -999.250 -999.250 -999.250 -999.250 -999.250 -999.250 -999.250 -999.250 -999.250 -999.250 -999.250 -999.250 -999.250 -999.250 -999.250 -999.250 -999.250 198.479 203.987 187.971 163.925 127.269 116.790 104.329 93.402 99.303 91.177 98.978 105.041 99.205 96.107 94.610 97.173 101.181 102.031 97.909 96.246 96.527 85.908 82.448 66.662 56.695 45.176 36.734 34.024 28.056 25.884 23.321 16.708 14.914 7.633 4.210 4.388
-999.250 -999.250 -999.250 -999.250 -999.250 -999.250 -999.250 -999.250 -999.250 -999.250 -999.250 -999.250 -999.250 -999.250 -999.250 -999.250 -999.250 -999.250 -999.250 -999.250 -999.250 -999.250 -999.250 -999.250 -999.250 -999.250 -999.250 -999.250 -999.250 -999.250 -999.250 -999.250 -999.250 170.731 165.587 159.365 136.023 116.378 102.009 95.082 88.493 84.026 77.519 74.490 80.377 82.326 79.164 83.756 88.491 89.517 89.381 90.554 93.314 95.505 91.095 84.461 76.150 60.260 49.310 37.884 33.530 30.678 27.542 23.985 19.508 18.239 13.280 12.065 12.471
-999.250 -999.250 -999.250 -999.250 -999.250 -999.250 -999.250 -999.250 -999.250 -999.250 -999.250 -999.250 -999.250 -999.250 -999.250 -999.250 -999.250 -999.250 -999.250 -999.250 -999.250 -999.250 -999.250 -999.250 -999.250 -999.250 -999.250 -999.250 -999.250 -999.250 -999.250 -999.250 -999.250 -999.250 126.199 116.397 105.990 98.040 88.771 82.014 75.455 68.730 62.103 59.403 61.625 67.716 66.642 73.289 74.268 81.547 91.075 89.108 101.575 105.440 106.138 104.767 87.088 70.097 55.151 46.823 38.410 32.887 30.086 26.059 23.299 22.200 21.770 18.415 19.260
-999.250 -999.250 -999.250 -999.250 -999.250 -999.250 -999.250 -999.250 -999.250 -999.250 -999.250 -999.250 -999.250 -999.250 -999.250 -999.250 -999.250 -999.250 -999.250 -999.250 -999.250 -999.250 -999.250 -999.250 -999.250 -999.250 -999.250 -999.250 -999.250 -999.250 -999.250 -999.250 -999.250 -999.250 110.724 96.880 87.966 84.148 75.550 70.572 64.611 53.863 46.565 41.647 45.858 55.876 62.434 64.919 70.911 76.786 91.586 96.087 116.502 121.722 125.078 118.040 100.207 78.399 63.564 54.366 38.822 31.101 29.004 28.335 26.499 26.837 27.080 25.702 28.980
-999.250 -999.250 -999.250 -999.250 -999.250 -999.250 -999.250 -999.250 -999.250 -999.250 -999.250 -999.250 -999.250 -999.250 -999.250 -999.250 -999.250 -999.250 -999.250 -999.250 -999.250 -999.250 -999.250 -999.250 -999.250 -999.250 -999.250 -999.250 -999.250 -999.250 -999.250 -999.250 -999.250 -999.250 87.630 82.577 76.824 73.465 63.752 55.249 50.303 35.784 37.325 35.114 37.138 46.859 55.258 60.522 65.786 80.339 95.191 104.866 128.657 160.907 190.781 151.447 115.559 93.810 79.411 56.800 43.786 34.137 29.610 27.759 33.227 30.663 33.470 35.599 41.035
-999.250 -999.250 -999.250 -999.250 -999.250 -999.250 -999.250 -999.250 -999.250 -999.250 -999.250 -999.250 -999.250 -999.250 -999.250 -999.250 -999.250 -999.250 -999.250 -999.250 -999.250 -999.250 -999.250 -999.250 -999.250 -999.250 -999.250 -999.250 -999.250 -999.250 -999.250 -999.250 -999.250 -999.250 80.643 75.899 71.046 60.975 51.835 48.617 42.865 33.631 28.107 28.660 31.566 38.923 51.486 56.988 70.538 82.560 94.511 115.409 148.858 186.005 235.269 185.420 123.818 107.166 82.607 60.388 48.323 35.481 32.713 28.899 32.983 36.093 40.550 51.468 52.232
-999.250 -999.250 -999.250 -999.250 -999.250 -999.250 -999.250 -999.250 -999.250 -999.250 -999.250 -999.250 -999.250 -999.250 -999.250 -999.250 -999.250 -999.250 -999.250 -999.250 -999.250 -999.250 -999.250 -999.250 -999.250 -999.250 -999.250 -999.250 -999.250 -999.250 -999.250 -999.250 -999.250 -999.250 -999.250 69.693 65.248 58.893 47.605 43.124 37.033 29.090 22.858 21.944 26.081 35.225 45.223 57.639 67.582 83.508 98.070 123.114 146.595 177.152 200.751 177.914 138.811 102.638 79.745 64.775 48.197 36.569 33.839 32.259 35.507 46.173 55.703 64.242 63.921
-999.250 -999.250 -999.250 -999.250 -999.250 -999.250 -999.250 -999.250 -999.250 -999.250 -999.250 -999.250 -999.250 -999.250 -999.250 -999.250 -999.250 -999.250 -999.250 -999.250 -999.250 -999.250 -999.250 -999.250 -999.250 -999.250 -999.250 -999.250 -999.250 -999.250 -999.250 -999.250 -999.250 -999.250 -999.250 63.591 61.380 54.534 52.010 43.093 36.531 26.410 19.685 17.958 22.410 29.077 39.726 47.484 66.769 81.354 98.042 120.813 136.952 161.100 162.891 139.732 128.884 110.317 91.836 68.391 48.155 39.064 34.420 35.568 44.537 61.360 70.496 77.822 82.242
-999.250 -999.250 -999.250 -999.250 -999.250 -999.250 -999.250 -999.250 -999.250 -999.250 -999.250 -999.250 -999.250 -999.250 -999.250 -999.250 -999.250 -999.250 -999.250 -999.250 -999.250 -999.250 -999.250 -999.250 -999.250 -999.250 -999.250 -999.250 -999.250 -999.250 -999.250 -999.250 -999.250 -999.250 -999.250 63.269 54.942 49.533 50.207 48.931 33.564 23.280 15.817 15.110 15.818 26.305 32.746 44.449 59.980 73.795 90.556 109.642 130.487 146.994 139.477 136.859 118.078 97.381 86.521 65.003 48.243 39.141 37.743 41.829 47.679 66.778 77.995 93.284 95.631
-999.250 -999.250 -999.250 -999.250 -999.250 -999.250 -999.250 -999.250 -999.250 -999.250 -999.250 -999.250 -999.250 -999.250 -999.250 -999.250 -999.250 -999.250 -999.250 -999.250 -999.250 -999.250 -999.250 -999.250 -999.250 -999.250 -999.250 -999.250 -999.250 -999.250 -999.250 -999.250 -999.250 -999.250 -999.250 57.396 54.340 45.700 47.332 39.872 29.991 19.576 14.367 12.153 15.770 22.867 33.641 42.748 57.552 71.609 82.688 109.713 122.973 119.703 125.977 122.356 104.226 95.473 71.306 59.406 49.547 38.100 40.300 44.922 58.771 71.966 89.071 112.310 124.838
-999.250 -999.250 -999.250 -999.250 -999.250 -999.250 -999.250 -999.250 -999.250 -999.250 -999.250 -999.250 -999.250 -999.250 -999.250 -999.250 -999.250 -999.250 -999.250 -999.250 -999.250 -999.250 -999.250 -999.250 -999.250 -999.250 -999.250 -999.250 -999.250 -999.250 -999.250 -999.250 -999.250 -999.250 -999.250 56.968 47.863 46.958 44.292 36.675 31.983 20.801 15.709 14.061 16.181 19.946 30.644 43.496 52.844 73.199 82.959 100.099 115.766 118.327 111.749 106.054 92.800 86.652 66.720 52.642 41.591 39.000 40.777 51.134 64.857 78.939 96.443 122.320 166.669
-999.250 -999.250 -999.250 -999.250 -999.250 -999.250 -999.250 -999.250 -999.250 -999.250 -999.250 -999.250 -999.250 -999.250 -999.250 -999.250 -999.250 -999.250 -999.250 -999.250 -999.250 -999.250 -999.250 -999.250 -999.250 -999.250 -999.250 -999.250 -999.250 -999.250 -999.250 -999.250 -999.250 -999.250 -999.250 -999.250 46.531 45.018 42.318 37.959 30.678 26.205 19.273 19.234 20.107 22.481 30.212 38.777 50.044 63.722 80.329 102.124 123.259 110.954 98.991 100.590 86.027 69.686 56.165 46.606 36.170 36.289 40.008 47.441 59.897 79.196 100.671 146.026 192.236
-999.250 -999.250 -999.250 -999.250 -999.250 -999.250 -999.250 -999.250 -999.250 -999.250 -999.250 -999.250 -999.250 -999.250 -999.250 -999.250 -999.250 -999.250 -999.250 -999.250 -999.250 -999.250 -999.250 -999.250 -999.250 -999.250 -999.250 -999.250 -999.250 -999.250 -999.250 -999.250 -999.250 -999.250 -999.250 -999.250 44.709 46.556 44.206 48.475 36.863 29.210 23.293 25.906 21.427 25.384 31.405 38.647 43.713 61.950 72.092 90.077 99.362 98.858 94.450 80.085 69.572 61.577 47.564 38.008 33.631 31.903 36.402 42.763 50.551 66.508 88.458 132.990 210.537
-999.250 -999.250 -999.250 -999.250 -999.250 -999.250 -999.250 -999.250 -999.250 -999.250 -999.250 -999.250 -999.250 -999.250 -999.250 -999.250 -999.250 -999.250 -999.250 -999.250 -999.250 -999.250 -999.250 -999.250 -999.250 -999.250 -999.250 -999.250 -999.250 -999.250 -999.250 -999.250 -999.250 -999.250 -999.250 -999.250 -999.250 43.201 45.478 45.630 44.182 31.707 29.037 25.564 22.384 24.113 30.386 36.710 44.289 56.602 66.345 74.451 81.610 92.182 75.475 73.154 64.557 49.886 38.815 33.787 28.414 28.504 30.176 32.285 37.992 50.045 74.675 103.497 159.795
-999.250 -999.250 -999.250 -999.250 -999.250 -999.250 -999.250 -999.250 -999.250 -999.250 -999.250 -999.250 -999.250 -999.250 -999.250 -999.250 -999.250 -999.250 -999.250 -999.250 -999.250 -999.250 -999.250 -999.250 -999.250 -999.250 -999.250 -999.250 -999.250 -999.250 -999.250 -999.250 -999.250 -999.250 -999.250 -999.250 -999.250 42.937 41.941 46.871 48.493 39.765 31.157 28.780 24.285 26.361 30.419 35.073 40.753 50.149 62.670 66.782 69.159 77.985 71.260 57.946 51.938 42.209 30.148 24.531 25.386 22.562 23.111 21.378 23.132 29.179 37.722 53.193 85.188
-999.250 -999.250 -999.250 -999.250 -999.250 -999.250 -999.250 -999.250 -999.250 -999.250 -999.250 -999.250 -999.250 -999.250 -999.250 -999.250 -999.250 -999.250 -999.250 -999.250 -999.250 -999.250 -999.250 -999.250 -999.250 -999.250 -999.250 -999.250 -999.250 -999.250 -999.250 -999.250 -999.250 -999.250 -999.250 -999.250 -999.250 40.878 43.121 52.147 56.910 42.629 34.542 30.625 28.086 30.842 35.176 33.083 39.080 44.253 53.330 63.473 64.891 63.553 62.845 54.424 47.320 33.041 25.631 18.658 18.720 16.803 15.785 12.161 11.900 9.865 9.701 8.870 0.000
-999.250 -999.250 -999.250 -999.250 -999.250 -999.250 -999.250 -999.250 -999.250 -999.250 -999.250 -999.250 -999.250 -999.250 -999.250 -999.250 -999.250 -999.250 -999.250 -999.250 -999.250 -999.250 -999.250 -999.250 -999.250 -999.250 -999.250 -999.250 -999.250 -999.250 -999.250 -999.250 -999.250 -999.250 -999.250 -999.250 -999.250 38.880 44.878 47.848 50.593 43.075 40.400 35.060 30.961 33.569 39.302 41.189 39.281 44.502 53.033 59.632 58.705 57.737 56.141 49.442 41.651 28.057 20.567 18.762 17.799 14.540 12.720 8.067 0.000 0.000 0.000 0.000 0.000
-999.250 -999.250 -999.250 -999.250 -999.250 -999.250 -999.250 -999.250 -999.250 -999.250 -999.250 -999.250 -999.250 -999.250 -999.250 -999.250 -999.250 -999.250 -999.250 -999.250 -999.250 -999.250 -999.250 -999.250 -999.250 -999.250 -999.250 -999.250 -999.250 -999.250 -999.250 -999.250 -999.250 -999.250 -999.250 -999.250 -999.250 -999.250 40.286 41.962 46.790 43.917 36.281 34.523 33.383 35.933 37.042 40.950 42.540 47.841 53.953 57.953 59.517 61.825 57.776 48.906 39.310 26.470 19.048 17.337 20.593 16.793 11.122 3.203 0.000 0.000 0.000 0.000 0.000
