data/medianmodel_13-Jan-2021.asc
ncols	141
nrows	288
xllcorner	-120191.398
yllcorner	-301404.813
cellsize	2000.000
NODATA_value	-999.250
[rows 84 to 111 of 288, columns 0 to 63 of 141]
-999.250 -999.250 -999.250 -999.250 -999.250 -999.250 -999.250 -999.250 -999.250 -999.250 -999.250 -999.250 -999.250 -999.250 -999.250 -999.250 -999.250 -999.250 -999.250 -999.250 -999.250 -999.250 -999.250 -999.250 -999.250 -999.250 -999.250 -999.250 -999.250 -999.250 -999.250 -999.250 -999.250 959.716 933.934 885.980 852.967 810.522 775.889 761.798 761.772 792.449 805.003 826.487 862.689 917.966 962.917 1070.902 1161.728 1172.761 1234.909 1286.107 1311.894 1383.533 1417.076 1430.630 1447.470 1421.637 1430.601 1482.227 1483.512 1497.806 1389.200 1363.119
-999.250 -999.250 -999.250 -999.250 -999.250 -999.250 -999.250 -999.250 -999.250 -999.250 -999.250 -999.250 -999.250 -999.250 -999.250 -999.250 -999.250 -999.250 -999.250 -999.250 -999.250 -999.250 -999.250 -999.250 -999.250 -999.250 -999.250 -999.250 -999.250 -999.250 -999.250 -999.250 -999.250 904.766 876.395 829.142 774.354 743.891 732.482 751.785 752.007 775.982 807.870 836.139 872.594 969.439 1010.652 1080.659 1171.263 1242.710 1245.433 1281.682 1298.783 1398.589 1398.384 1416.881 1458.977 1397.195 1470.463 1422.302 1433.999 1414.068 1456.867 1372.544
-999.250 -999.250 -999.250 -999.250 -999.250 -999.250 -999.250 -999.250 -999.250 -999.250 -999.250 -999.250 -999.250 -999.250 -999.250 -999.250 -999.250 -999.250 -999.250 -999.250 -999.250 -999.250 -999.250 -999.250 -999.250 -999.250 -999.250 -999.250 -999.250 -999.250 -999.250 -999.250 -999.250 838.896 811.126 791.674 736.795 691.187 734.252 737.285 766.114 831.552 847.781 894.695 945.386 1048.156 1063.723 1149.004 1237.113 1239.293 1262.171 1290.330 1299.808 1348.456 1407.057 1384.694 1375.994 1382.794 1363.545 1423.954 1419.178 1434.041 1424.177 1350.755
-999.250 -999.250 -999.250 -999.250 -999.250 -999.250 -999.250 -999.250 -999.250 -999.250 -999.250 -999.250 -999.250 -999.250 -999.250 -999.250 -999.250 -999.250 -999.250 -999.250 -999.250 -999.250 -999.250 -999.250 -999.250 -999.250 -999.250 -999.250 -999.250 -999.250 -999.250 -999.250 -999.250 782.481 739.985 706.479 687.180 670.085 719.234 729.789 761.563 855.010 891.572 930.936 990.677 1032.757 1116.425 1148.233 1199.176 1275.242 1274.292 1295.253 1300.827 1313.755 1323.166 1325.513 1347.845 1338.315 1321.506 1388.464 1368.663 1382.304 1331.125 1317.835
-999.250 -999.250 -999.250 -999.250 -999.250 -999.250 -999.250 -999.250 -999.250 -999.250 -999.250 -999.250 -999.250 -999.250 -999.250 -999.250 -999.250 -999.250 -999.250 -999.250 -999.250 -999.250 -999.250 -999.250 -999.250 -999.250 -999.250 -999.250 -999.250 -999.250 -999.250 -999.250 765.022 679.761 681.032 660.908 650.971 634.768 661.332 756.306 797.723 852.159 925.276 945.142 1009.475 1069.572 1118.384 1143.539 1170.778 1212.010 1230.229 1258.001 1283.168 1285.853 1268.173 1302.988 1316.394 1309.761 1331.423 1316.443 1288.807 1307.100 1345.131 1338.938
-999.250 -999.250 -999.250 -999.250 -999.250 -999.250 -999.250 -999.250 -999.250 -999.250 -999.250 -999.250 -999.250 -999.250 -999.250 -999.250 -999.250 -999.250 -999.250 -999.250 -999.250 -999.250 -999.250 -999.250 -999.250 -999.250 -999.250 -999.250 -999.250 -999.250 -999.250 -999.250 704.529 658.180 658.865 621.882 628.892 628.008 668.681 758.856 838.859 896.191 976.233 998.426 1028.015 1115.276 1168.815 1213.640 1195.443 1209.288 1289.958 1279.313 1249.034 1212.355 1242.616 1240.779 1249.590 1268.587 1300.321 1274.979 1292.959 1317.093 1330.786 1338.641
-999.250 -999.250 -999.250 -999.250 -999.250 -999.250 -999.250 -999.250 -999.250 -999.250 -999.250 -999.250 -999.250 -999.250 -999.250 -999.250 -999.250 -999.250 -999.250 -999.250 -999.250 -999.250 -999.250 -999.250 -999.250 -999.250 -999.250 -999.250 -999.250 -999.250 -999.250 -999.250 653.406 638.857 648.366 623.396 615.655 638.558 709.266 812.505 864.726 935.012 1005.239 1034.298 1069.567 1120.428 1203.356 1195.699 1254.183 1240.839 1273.170 1241.386 1203.765 1202.488 1205.659 1242.236 1209.952 1190.167 1204.921 1224.708 1257.142 1308.656 1362.067 1304.068
-999.250 -999.250 -999.250 -999.250 -999.250 -999.250 -999.250 -999.250 -999.250 -999.250 -999.250 -999.250 -999.250 -999.250 -999.250 -999.250 -999.250 -999.250 -999.250 -999.250 -999.250 -999.250 -999.250 -999.250 -999.250 -999.250 -999.250 -999.250 -999.250 -999.250 -999.250 -999.250 648.360 643.775 610.149 622.849 642.814 667.426 772.873 810.133 894.333 970.125 1028.202 1066.590 1103.249 1174.771 1202.474 1236.732 1233.094 1236.528 1229.232 1231.470 1234.307 1166.598 1175.281 1183.785 1174.396 1142.834 1165.181 1222.198 1237.131 1264.903 1274.698 1277.195
-999.250 -999.250 -999.250 -999.250 -999.250 -999.250 -999.250 -999.250 -999.250 -999.250 -999.250 -999.250 -999.250 -999.250 -999.250 -999.250 -999.250 -999.250 -999.250 -999.250 -999.250 -999.250 -999.250 -999.250 -999.250 -999.250 -999.250 -999.250 -999.250 -999.250 -999.250 645.360 626.176 623.195 621.351 647.281 683.568 739.512 770.260 868.555 966.598 990.096 1043.297 1109.666 1170.260 1214.893 1230.774 1250.889 1250.145 1221.627 1221.947 1203.714 1192.399 1155.701 1091.330 1107.607 1108.822 1117.057 1125.426 1146.794 1201.748 1231.991 1258.895 1268.657
-999.250 -999.250 -999.250 -999.250 -999.250 -999.250 -999.250 -999.250 -999.250 -999.250 -999.250 -999.250 -999.250 -999.250 -999.250 -999.250 -999.250 -999.250 -999.250 -999.250 -999.250 -999.250 -999.250 -999.250 -999.250 -999.250 -999.250 -999.250 -999.250 -999.250 -999.250 654.782 647.421 626.196 645.756 654.253 703.626 791.393 880.220 937.604 968.574 1043.995 1123.548 1190.589 1243.132 1272.658 1291.364 1272.359 1256.718 1244.924 1240.445 1190.699 1146.944 1119.773 1081.292 1064.763 1068.819 1088.428 1125.442 1126.122 1163.974 1215.584 1245.457 1276.491
-999.250 -999.250 -999.250 -999.250 -999.250 -999.250 -999.250 -999.250 -999.250 -999.250 -999.250 -999.250 -999.250 -999.250 -999.250 -999.250 -999.250 -999.250 -999.250 -999.250 -999.250 -999.250 -999.250 -999.250 -999.250 -999.250 -999.250 -999.250 -999.250 -999.250 -999.250 648.619 640.101 663.265 671.384 701.655 732.669 795.960 880.921 986.108 1020.305 1083.789 1172.463 1207.020 1292.770 1294.968 1311.473 1320.849 1317.322 1249.920 1214.586 1208.203 1162.466 1123.624 1029.662 1041.560 1058.473 993.586 1016.855 1053.969 1152.046 1219.250 1284.532 1299.017
-999.250 -999.250 -999.250 -999.250 -999.250 -999.250 -999.250 -999.250 -999.250 -999.250 -999.250 -999.250 -999.250 -999.250 -999.250 -999.250 -999.250 -999.250 -999.250 -999.250 -999.250 -999.250 -999.250 -999.250 -999.250 -999.250 -999.250 -999.250 -999.250 -999.250 -999.250 627.613 651.540 653.899 693.036 731.297 786.779 829.597 919.117 1015.564 1041.389 1148.915 1171.864 1257.311 1298.685 1380.419 1408.057 1354.374 1316.675 1310.102 1288.689 1212.599 1166.522 1073.009 1057.407 1020.333 1002.897 956.798 959.510 1014.728 1116.866 1220.077 1309.890 1372.051
-999.250 -999.250 -999.250 -999.250 -999.250 -999.250 -999.250 -999.250 -999.250 -999.250 -999.250 -999.250 -999.250 -999.250 -999.250 -999.250 -999.250 -999.250 -999.250 -999.250 -999.250 -999.250 -999.250 -999.250 -999.250 -999.250 -999.250 -999.250 -999.250 -999.250 639.300 648.892 648.266 681.551 714.261 772.360 815.174 865.165 969.171 1059.532 1099.714 1183.118 1228.787 1288.755 1343.120 1429.497 1472.512 1415.203 1321.943 1331.570 1278.980 1229.987 1207.212 1093.105 1053.006 975.385 954.265 982.971 951.304 1004.592 1167.538 1276.512 1395.191 1537.910
-999.250 -999.250 -999.250 -999.250 -999.250 -999.250 -999.250 -999.250 -999.250 -999.250 -999.250 -999.250 -999.250 -999.250 -999.250 -999.250 -999.250 -999.250 -999.250 -999.250 -999.250 -999.250 -999.250 -999.250 -999.250 -999.250 -999.250 -999.250 -999.250 -999.250 614.501 637.772 680.412 689.814 723.668 764.108 823.181 870.677 974.472 1024.356 1121.127 1195.116 1237.370 1289.353 1363.428 1473.500 1571.758 1468.051 1341.062 1316.989 1296.627 1282.077 1178.327 1165.094 1063.100 1013.953 956.206 948.939 1004.298 1090.835 1267.804 1389.515 1556.322 1739.105
-999.250 -999.250 -999.250 -999.250 -999.250 -999.250 -999.250 -999.250 -999.250 -999.250 -999.250 -999.250 -999.250 -999.250 -999.250 -999.250 -999.250 -999.250 -999.250 -999.250 -999.250 -999.250 -999.250 -999.250 -999.250 -999.250 -999.250 -999.250 -999.250 -999.250 622.316 618.298 682.522 707.203 739.726 766.738 830.908 890.059 982.580 1074.542 1157.230 1192.250 1212.785 1245.511 1343.917 1402.695 1474.899 1411.344 1346.778 1291.315 1288.263 1268.917 1226.880 1200.918 1151.929 1109.718 1063.317 1011.019 1103.091 1177.905 1303.214 1478.617 1673.544 1945.504
-999.250 -999.250 -999.250 -999.250 -999.250 -999.250 -999.250 -999.250 -999.250 -999.250 -999.250 -999.250 -999.250 -999.250 -999.250 -999.250 -999.250 -999.250 -999.250 -999.250 -999.250 -999.250 -999.250 -999.250 -999.250 -999.250 -999.250 -999.250 -999.250 -999.250 637.420 626.618 664.833 677.269 757.612 785.893 844.261 895.086 962.861 1048.720 1176.773 1184.327 1199.594 1223.651 1299.605 1308.441 1327.258 1348.422 1331.380 1288.270 1308.357 1300.724 1305.567 1278.963 1238.732 1233.162 1193.533 1172.622 1202.860 1276.885 1466.394 1600.616 1735.069 2046.797
-999.250 -999.250 -999.250 -999.250 -999.250 -999.250 -999.250 -999.250 -999.250 -999.250 -999.250 -999.250 -999.250 -999.250 -999.250 -999.250 -999.250 -999.250 -999.250 -999.250 -999.250 -999.250 -999.250 -999.250 -999.250 -999.250 -999.250 -999.250 -999.250 611.848 618.267 640.981 670.197 685.192 735.017 793.667 842.995 868.285 936.605 1012.664 1124.667 1130.974 1185.754 1196.259 1236.633 1279.837 1277.657 1296.849 1306.305 1311.071 1339.060 1317.725 1351.888 1330.631 1341.593 1358.138 1316.454 1310.554 1352.258 1378.709 1551.882 1707.400 1844.988 1904.067
-999.250 -999.250 -999.250 -999.250 -999.250 -999.250 -999.250 -999.250 -999.250 -999.250 -999.250 -999.250 -999.250 -999.250 -999.250 -999.250 -999.250 -999.250 -999.250 -999.250 -999.250 -999.250 -999.250 -999.250 -999.250 -999.250 -999.250 -999.250 -999.250 631.560 634.767 664.377 666.452 675.408 733.652 776.829 820.010 822.992 885.984 972.587 1009.081 1064.620 1092.020 1153.945 1171.730 1215.919 1272.339 1280.453 1299.412 1347.321 1349.863 1382.976 1400.167 1446.854 1466.056 1473.649 1460.000 1490.159 1568.531 1516.786 1647.103 1759.110 1903.021 1913.088
-999.250 -999.250 -999.250 -999.250 -999.250 -999.250 -999.250 -999.250 -999.250 -999.250 -999.250 -999.250 -999.250 -999.250 -999.250 -999.250 -999.250 -999.250 -999.250 -999.250 -999.250 -999.250 -999.250 -999.250 -999.250 -999.250 -999.250 -999.250 -999.250 623.368 644.189 666.768 653.018 702.113 718.678 726.033 767.147 825.990 831.391 880.597 903.077 989.889 1020.808 1066.440 1120.748 1146.297 1233.925 1254.685 1304.054 1367.093 1411.609 1464.504 1531.386 1606.543 1661.205 1753.348 1710.699 1676.870 1658.390 1603.390 1689.595 1906.647 1857.787 1814.423
-999.250 -999.250 -999.250 -999.250 -999.250 -999.250 -999.250 -999.250 -999.250 -999.250 -999.250 -999.250 -999.250 -999.250 -999.250 -999.250 -999.250 -999.250 -999.250 -999.250 -999.250 -999.250 -999.250 -999.250 -999.250 -999.250 -999.250 -999.250 -999.250 615.843 623.366 637.619 645.130 690.344 725.287 711.296 738.075 773.117 774.912 828.733 887.491 911.647 958.369 1009.852 1047.484 1126.453 1190.896 1235.868 1320.619 1423.475 1509.537 1611.257 1689.045 1829.391 1904.981 2098.033 2138.698 2114.232 2000.548 1844.846 1733.007 1787.483 1794.485 1782.919
-999.250 -999.250 -999.250 -999.250 -999.250 -999.250 -999.250 -999.250 -999.250 -999.250 -999.250 -999.250 -999.250 -999.250 -999.250 -999.250 -999.250 -999.250 -999.250 -999.250 -999.250 -999.250 -999.250 -999.250 -999.250 -999.250 -999.250 -999.250 652.216 642.780 623.437 648.736 652.109 653.668 661.509 658.495 655.986 670.215 687.296 772.259 836.348 859.247 935.459 958.298 990.322 1079.342 1144.297 1249.990 1347.094 1431.631 1570.568 1684.132 1846.212 2132.078 2248.597 2349.050 2342.705 2307.506 2136.768 2050.049 1751.068 1762.721 1729.238 1842.530
-999.250 -999.250 -999.250 -999.250 -999.250 -999.250 -999.250 -999.250 -999.250 -999.250 -999.250 -999.250 -999.250 -999.250 -999.250 -999.250 -999.250 -999.250 -999.250 -999.250 -999.250 -999.250 -999.250 -999.250 -999.250 -999.250 -999.250 -999.250 643.112 632.102 619.340 638.492 628.572 653.016 659.951 620.454 619.577 609.262 624.657 696.479 767.508 840.858 903.518 946.281 967.349 1023.292 1100.130 1212.989 1354.512 1519.227 1672.021 1820.576 2253.986 2468.019 2522.622 2525.228 2506.561 2226.687 2305.987 2162.988 1980.476 1834.981 1719.625 1835.792
-999.250 -999.250 -999.250 -999.250 -999.250 -999.250 -999.250 -999.250 -999.250 -999.250 -999.250 -999.250 -999.250 -999.250 -999.250 -999.250 -999.250 -999.250 -999.250 -999.250 -999.250 -999.250 -999.250 -999.250 -999.250 -999.250 -999.250 670.459 644.867 614.542 628.945 652.273 638.337 661.458 626.031 606.472 612.870 607.755 618.459 686.688 723.446 754.192 853.157 890.514 969.496 1025.719 1119.272 1250.866 1388.471 1483.858 1647.441 1906.940 2224.921 2641.073 2800.728 2781.325 2624.806 2518.835 2374.172 2261.484 2110.868 1854.889 1698.141 1667.524
-999.250 -999.250 -999.250 -999.250 -999.250 -999.250 -999.250 -999.250 -999.250 -999.250 -999.250 -999.250 -999.250 -999.250 -999.250 -999.250 -999.250 -999.250 -999.250 -999.250 -999.250 -999.250 -999.250 -999.250 -999.250 -999.250 -999.250 645.843 648.480 624.881 618.955 616.986 645.756 625.531 623.977 608.927 600.978 604.663 601.205 631.995 692.118 733.247 804.058 870.519 930.213 1030.191 1115.091 1254.401 1386.245 1524.452 1679.920 2080.443 2329.930 2642.269 3228.131 2842.058 2532.347 2509.350 2436.990 2287.566 2276.703 2009.465 1714.051 1607.046
-999.250 -999.250 -999.250 -999.250 -999.250 -999.250 -999.250 -999.250 -999.250 -999.250 -999.250 -999.250 -999.250 -999.250 -999.250 -999.250 -999.250 -999.250 -999.250 -999.250 -999.250 -999.250 -999.250 -999.250 -999.250 -999.250 -999.250 647.716 633.468 622.221 622.794 644.646 613.325 615.566 624.459 602.909 597.968 594.353 619.684 648.825 691.220 702.570 739.345 821.036 918.198 998.139 1103.747 1204.936 1312.742 1466.469 1695.314 1857.049 2273.661 2420.134 2608.158 2532.015 2459.266 2366.676 2302.452 2298.440 2262.289 2129.431 1932.828 1776.245
-999.250 -999.250 -999.250 -999.250 -999.250 -999.250 -999.250 -999.250 -999.250 -999.250 -999.250 -999.250 -999.250 -999.250 -999.250 -999.250 -999.250 -999.250 -999.250 -999.250 -999.250 -999.250 -999.250 -999.250 -999.250 -999.250 -999.250 656.742 628.039 626.728 646.841 631.622 616.894 617.738 618.398 619.538 587.239 592.685 592.533 632.397 692.886 725.812 774.491 809.123 889.524 983.380 1069.835 1210.123 1284.207 1457.765 1529.352 1814.177 1899.905 2035.869 2149.169 2158.783 2201.380 2248.391 2390.311 2439.241 2318.135 2274.900 2124.193 1894.884
-999.250 -999.250 -999.250 -999.250 -999.250 -999.250 -999.250 -999.250 -999.250 -999.250 -999.250 -999.250 -999.250 -999.250 -999.250 -999.250 -999.250 -999.250 -999.250 -999.250 -999.250 -999.250 -999.250 -999.250 -999.250 -999.250 -999.250 -999.250 633.716 670.492 666.345 646.236 623.971 603.920 612.712 618.541 604.086 605.712 630.126 659.430 692.793 758.315 770.107 801.183 868.598 954.733 1046.039 1175.978 1276.418 1360.852 1460.009 1536.862 1691.078 1676.492 1646.136 1654.305 1724.418 1918.723 2259.634 2388.995 2493.103 2469.019 2247.850 2194.292
-999.250 -999.250 -999.250 -999.250 -999.250 -999.250 -999.250 -999.250 -999.250 -999.250 -999.250 -999.250 -999.250 -999.250 -999.250 -999.250 -999.250 -999.250 -999.250 -999.250 -999.250 -999.250 -999.250 -999.250 -999.250 -999.250 -999.250 -999.250 676.237 655.338 638.304 648.274 630.636 634.112 630.815 609.692 627.061 615.023 635.607 664.514 690.079 726.077 776.316 849.575 890.920 956.630 1029.825 1163.098 1221.876 1312.110 1389.531 1434.907 1429.125 1364.911 1310.298 1280.238 1388.527 1600.043 1948.761 2373.498 2733.246 2481.202 2437.671 2264.948
