data/medianmodel_21-May-2020.asc
ncols	141
nrows	288
xllcorner	-120191.398
yllcorner	-301404.813
cellsize	2000.000
NODATA_value	-999.250
[rows 93 to 123 of 288, columns 0 to 68 of 141]
-999.250 -999.250 -999.250 -999.250 -999.250 -999.250 -999.250 -999.250 -999.250 -999.250 -999.250 -999.250 -999.250 -999.250 -999.250 -999.250 -999.250 -999.250 -999.250 -999.250 -999.250 -999.250 -999.250 -999.250 -999.250 -999.250 -999.250 -999.250 -999.250 -999.250 -999.250 6.950 5.458 5.935 4.599 3.928 6.523 7.335 8.529 7.885 8.633 8.332 6.260 6.022 4.386 2.865 3.669 2.142 2.890 3.851 5.063 7.088 5.739 5.510 5.820 6.721 2.927 0.000 0.000 0.000 0.000 0.000 0.000 0.000 0.000 0.000 0.000 0.000 3.051
-999.250 -999.250 -999.250 -999.250 -999.250 -999.250 -999.250 -999.250 -999.250 -999.250 -999.250 -999.250 -999.250 -999.250 -999.250 -999.250 -999.250 -999.250 -999.250 -999.250 -999.250 -999.250 -999.250 -999.250 -999.250 -999.250 -999.250 -999.250 -999.250 -999.250 -999.250 6.850 1.813 0.000 0.000 2.436 5.536 8.296 5.624 7.262 6.570 5.587 5.118 5.881 5.936 2.168 2.796 0.504 2.244 3.865 7.202 3.251 6.492 3.856 6.196 3.653 1.805 0.510 0.000 0.000 0.000 0.000 0.000 0.000 0.000 0.000 0.000 0.000 3.074
-999.250 -999.250 -999.250 -999.250 -999.250 -999.250 -999.250 -999.250 -999.250 -999.250 -999.250 -999.250 -999.250 -999.250 -999.250 -999.250 -999.250 -999.250 -999.250 -999.250 -999.250 -999.250 -999.250 -999.250 -999.250 -999.250 -999.250 -999.250 -999.250 -999.250 -999.250 1.546 0.000 0.000 0.000 0.000 3.391 9.543 6.318 8.970 6.873 6.701 6.784 4.415 2.737 0.675 0.564 0.000 1.737 3.576 6.508 5.741 5.984 5.223 6.572 3.607 2.609 1.843 0.000 0.000 0.000 0.000 0.000 1.449 2.630 4.533 3.263 4.877 10.365
-999.250 -999.250 -999.250 -999.250 -999.250 -999.250 -999.250 -999.250 -999.250 -999.250 -999.250 -999.250 -999.250 -999.250 -999.250 -999.250 -999.250 -999.250 -999.250 -999.250 -999.250 -999.250 -999.250 -999.250 -999.250 -999.250 -999.250 -999.250 -999.250 -999.250 3.005 2.021 1.582 0.000 0.000 1.763 5.443 8.207 10.591 9.648 8.801 10.964 8.150 5.414 3.104 0.000 0.000 0.000 0.000 4.449 5.440 7.604 7.012 7.091 7.986 5.551 5.429 3.992 0.000 0.000 0.000 0.001 3.482 6.820 10.798 13.192 10.249 10.548 16.471
-999.250 -999.250 -999.250 -999.250 -999.250 -999.250 -999.250 -999.250 -999.250 -999.250 -999.250 -999.250 -999.250 -999.250 -999.250 -999.250 -999.250 -999.250 -999.250 -999.250 -999.250 -999.250 -999.250 -999.250 -999.250 -999.250 -999.250 -999.250 -999.250 -999.250 4.774 3.917 2.624 1.024 3.084 4.642 8.193 9.343 12.485 12.194 13.882 11.014 11.289 8.948 2.431 0.000 0.000 0.000 0.000 1.645 4.930 5.743 5.441 4.481 7.085 11.232 9.015 8.687 3.798 0.083 0.000 4.637 6.671 13.930 14.914 18.773 15.434 13.746 17.306
-999.250 -999.250 -999.250 -999.250 -999.250 -999.250 -999.250 -999.250 -999.250 -999.250 -999.250 -999.250 -999.250 -999.250 -999.250 -999.250 -999.250 -999.250 -999.250 -999.250 -999.250 -999.250 -999.250 -999.250 -999.250 -999.250 -999.250 -999.250 -999.250 -999.250 6.220 5.314 6.602 3.954 5.883 10.174 7.247 10.616 12.034 14.947 17.792 17.766 12.275 8.140 4.350 0.210 0.000 0.000 0.000 0.000 3.706 4.603 5.463 5.914 9.239 11.029 7.336 11.360 6.128 4.192 1.893 5.834 9.748 17.711 26.390 20.900 17.102 20.028 25.602
-999.250 -999.250 -999.250 -999.250 -999.250 -999.250 -999.250 -999.250 -999.250 -999.250 -999.250 -999.250 -999.250 -999.250 -999.250 -999.250 -999.250 -999.250 -999.250 -999.250 -999.250 -999.250 -999.250 -999.250 -999.250 -999.250 -999.250 -999.250 -999.250 -999.250 5.410 4.656 5.350 7.576 9.225 8.957 8.549 11.987 13.033 18.609 22.850 15.831 12.402 7.876 5.347 3.995 2.039 0.028 0.293 1.367 4.126 6.692 5.086 4.574 7.428 8.643 8.191 11.294 7.869 7.720 6.862 9.863 15.128 17.309 20.679 23.058 17.511 20.271 29.488
-999.250 -999.250 -999.250 -999.250 -999.250 -999.250 -999.250 -999.250 -999.250 -999.250 -999.250 -999.250 -999.250 -999.250 -999.250 -999.250 -999.250 -999.250 -999.250 -999.250 -999.250 -999.250 -999.250 -999.250 -999.250 -999.250 -999.250 -999.250 -999.250 8.893 6.493 7.888 9.396 9.801 10.376 9.521 11.932 12.366 15.693 15.476 16.284 14.204 14.231 8.923 5.420 4.115 4.220 3.550 4.386 2.229 4.762 5.259 6.823 5.002 5.717 8.231 8.470 7.964 9.230 9.934 12.559 13.403 14.569 17.837 22.121 18.134 21.691 18.864 24.612
-999.250 -999.250 -999.250 -999.250 -999.250 -999.250 -999.250 -999.250 -999.250 -999.250 -999.250 -999.250 -999.250 -999.250 -999.250 -999.250 -999.250 -999.250 -999.250 -999.250 -999.250 -999.250 -999.250 -999.250 -999.250 -999.250 -999.250 -999.250 -999.250 5.037 5.020 7.122 9.988 9.301 9.538 9.299 9.715 11.420 13.365 12.404 12.981 13.471 13.283 11.975 7.821 7.489 6.961 4.897 3.451 7.984 4.890 6.429 6.995 5.901 6.056 3.845 6.010 7.473 8.007 10.334 10.146 13.867 14.790 18.510 19.212 19.692 20.750 18.924 21.065
-999.250 -999.250 -999.250 -999.250 -999.250 -999.250 -999.250 -999.250 -999.250 -999.250 -999.250 -999.250 -999.250 -999.250 -999.250 -999.250 -999.250 -999.250 -999.250 -999.250 -999.250 -999.250 -999.250 -999.250 -999.250 -999.250 -999.250 -999.250 -999.250 3.410 4.848 10.253 8.727 7.987 8.662 9.122 7.568 10.361 11.769 11.979 12.326 14.504 13.367 12.863 11.068 8.566 9.676 10.030 7.502 9.225 6.747 7.066 5.878 7.303 5.751 2.974 6.014 7.371 9.264 9.984 12.453 12.599 15.934 14.267 18.773 15.374 18.307 20.426 20.898
-999.250 -999.250 -999.250 -999.250 -999.250 -999.250 -999.250 -999.250 -999.250 -999.250 -999.250 -999.250 -999.250 -999.250 -999.250 -999.250 -999.250 -999.250 -999.250 -999.250 -999.250 -999.250 -999.250 -999.250 -999.250 -999.250 -999.250 -999.250 -999.250 2.904 5.465 8.379 8.409 6.913 7.458 6.836 5.561 7.752 10.783 8.859 9.566 12.478 14.013 13.313 14.268 11.884 11.410 13.175 10.315 10.125 6.912 9.416 9.432 7.617 5.467 5.663 3.999 6.466 7.425 10.018 11.969 10.182 11.111 14.231 15.216 14.348 14.454 16.778 19.746
-999.250 -999.250 -999.250 -999.250 -999.250 -999.250 -999.250 -999.250 -999.250 -999.250 -999.250 -999.250 -999.250 -999.250 -999.250 -999.250 -999.250 -999.250 -999.250 -999.250 -999.250 -999.250 -999.250 -999.250 -999.250 -999.250 -999.250 -999.250 6.195 3.254 5.074 6.488 9.521 8.160 7.721 7.765 6.079 10.719 12.831 10.336 10.123 12.313 14.564 13.089 15.212 14.127 14.973 14.583 13.299 11.916 9.022 6.405 8.656 7.266 7.240 6.718 7.222 5.130 7.775 11.495 9.093 7.502 8.199 7.527 8.745 9.128 10.232 13.721 16.497
-999.250 -999.250 -999.250 -999.250 -999.250 -999.250 -999.250 -999.250 -999.250 -999.250 -999.250 -999.250 -999.250 -999.250 -999.250 -999.250 -999.250 -999.250 -999.250 -999.250 -999.250 -999.250 -999.250 -999.250 -999.250 -999.250 -999.250 -999.250 5.555 3.838 3.136 5.335 6.239 6.209 5.406 9.763 12.085 11.896 13.400 11.727 10.902 8.351 10.842 15.154 15.136 14.669 18.634 14.950 12.155 12.890 10.673 9.000 9.726 9.804 8.286 9.311 6.702 11.029 7.184 8.571 9.761 8.040 4.897 3.805 3.633 5.857 8.286 11.041 10.477
-999.250 -999.250 -999.250 -999.250 -999.250 -999.250 -999.250 -999.250 -999.250 -999.250 -999.250 -999.250 -999.250 -999.250 -999.250 -999.250 -999.250 -999.250 -999.250 -999.250 -999.250 -999.250 -999.250 -999.250 -999.250 -999.250 -999.250 4.056 2.723 2.707 2.272 3.295 5.207 5.749 4.887 6.817 11.356 12.634 15.858 14.387 12.878 14.542 14.467 14.214 13.645 15.001 16.783 14.327 9.549 10.421 8.335 7.999 9.818 9.739 11.505 12.614 13.450 13.163 9.329 8.655 4.641 4.427 2.871 0.000 2.042 4.137 3.514 5.133 9.131
-999.250 -999.250 -999.250 -999.250 -999.250 -999.250 -999.250 -999.250 -999.250 -999.250 -999.250 -999.250 -999.250 -999.250 -999.250 -999.250 -999.250 -999.250 -999.250 -999.250 -999.250 -999.250 -999.250 -999.250 -999.250 -999.250 -999.250 3.276 3.029 0.536 2.217 3.858 3.973 5.252 4.673 6.976 11.900 12.929 14.239 17.395 13.402 14.265 15.726 14.476 13.650 16.568 12.785 12.499 10.575 9.856 8.771 8.160 8.100 12.669 14.411 12.325 11.797 12.580 11.401 10.608 10.715 4.254 1.713 0.000 0.809 2.666 3.739 5.597 5.331
-999.250 -999.250 -999.250 -999.250 -999.250 -999.250 -999.250 -999.250 -999.250 -999.250 -999.250 -999.250 -999.250 -999.250 -999.250 -999.250 -999.250 -999.250 -999.250 -999.250 -999.250 -999.250 -999.250 -999.250 -999.250 -999.250 -999.250 1.997 1.939 0.000 0.172 0.611 1.885 4.817 4.475 8.502 11.073 13.399 11.186 14.070 15.384 15.643 16.594 19.758 18.758 14.791 16.441 14.628 12.448 11.601 12.837 9.968 7.485 10.271 12.659 12.316 10.936 11.323 12.336 10.676 10.381 5.631 4.093 2.190 2.058 3.372 2.181 3.926 4.264
-999.250 -999.250 -999.250 -999.250 -999.250 -999.250 -999.250 -999.250 -999.250 -999.250 -999.250 -999.250 -999.250 -999.250 -999.250 -999.250 -999.250 -999.250 -999.250 -999.250 -999.250 -999.250 -999.250 -999.250 -999.250 -999.250 -999.250 2.282 1.160 1.231 1.702 1.011 1.330 2.053 4.014 6.171 7.727 9.745 10.683 13.644 16.050 17.276 25.834 24.906 20.504 25.897 21.315 16.475 14.943 12.115 11.629 9.916 5.724 8.782 11.153 12.836 11.669 12.442 14.518 15.215 13.173 11.940 8.459 4.360 4.287 8.410 5.099 4.888 7.941
-999.250 -999.250 -999.250 -999.250 -999.250 -999.250 -999.250 -999.250 -999.250 -999.250 -999.250 -999.250 -999.250 -999.250 -999.250 -999.250 -999.250 -999.250 -999.250 -999.250 -999.250 -999.250 -999.250 -999.250 -999.250 -999.250 -999.250 -999.250 3.873 1.243 2.657 2.966 3.319 6.324 5.276 6.750 7.418 9.810 7.500 11.406 18.592 22.279 32.997 37.262 40.592 33.075 29.045 21.329 16.952 14.827 12.102 9.700 7.936 9.642 10.614 12.906 14.289 15.504 19.286 16.786 18.161 13.293 11.785 10.232 7.186 7.408 7.598 7.452 3.632
-999.250 -999.250 -999.250 -999.250 -999.250 -999.250 -999.250 -999.250 -999.250 -999.250 -999.250 -999.250 -999.250 -999.250 -999.250 -999.250 -999.250 -999.250 -999.250 -999.250 -999.250 -999.250 -999.250 -999.250 -999.250 -999.250 -999.250 -999.250 3.795 4.017 4.376 4.882 4.015 3.960 5.484 9.918 8.313 9.793 10.343 11.700 14.433 25.876 37.306 39.647 48.302 45.554 36.940 29.877 28.109 16.684 12.723 9.125 9.258 10.175 15.124 20.360 16.836 17.909 19.374 20.701 26.281 18.352 14.110 11.660 10.880 9.129 5.973 4.459 5.658
-999.250 -999.250 -999.250 -999.250 -999.250 -999.250 -999.250 -999.250 -999.250 -999.250 -999.250 -999.250 -999.250 -999.250 -999.250 -999.250 -999.250 -999.250 -999.250 -999.250 -999.250 -999.250 -999.250 -999.250 -999.250 -999.250 -999.250 -999.250 6.268 3.993 6.508 6.916 7.413 7.811 10.228 11.278 8.096 9.637 10.866 13.149 17.650 26.060 37.258 51.587 58.102 58.876 49.608 33.374 25.545 14.523 10.932 8.461 7.847 10.039 15.711 23.313 23.658 21.856 19.062 19.156 20.441 17.973 17.810 12.358 9.518 9.666 10.137 4.096 4.197
-999.250 -999.250 -999.250 -999.250 -999.250 -999.250 -999.250 -999.250 -999.250 -999.250 -999.250 -999.250 -999.250 -999.250 -999.250 -999.250 -999.250 -999.250 -999.250 -999.250 -999.250 -999.250 -999.250 -999.250 -999.250 -999.250 -999.250 -999.250 7.502 4.635 5.369 6.496 5.666 6.442 6.911 7.797 9.549 8.049 12.003 12.256 17.272 29.228 48.432 57.783 72.296 78.949 60.675 45.458 24.959 14.646 10.422 7.869 6.304 7.475 14.194 21.582 21.707 20.215 17.377 20.207 16.094 17.153 15.044 11.124 11.493 8.153 7.261 3.896 1.607
-999.250 -999.250 -999.250 -999.250 -999.250 -999.250 -999.250 -999.250 -999.250 -999.250 -999.250 -999.250 -999.250 -999.250 -999.250 -999.250 -999.250 -999.250 -999.250 -999.250 -999.250 -999.250 -999.250 -999.250 -999.250 -999.250 -999.250 -999.250 4.794 5.709 4.228 6.517 9.495 9.129 4.907 9.884 8.215 6.596 7.945 11.857 19.100 27.758 40.613 60.435 59.637 66.966 57.292 35.919 20.740 14.276 10.879 8.460 8.400 11.514 13.600 21.115 22.002 24.249 22.738 21.110 17.813 15.104 10.450 11.252 10.307 8.294 4.857 3.216 0.000
-999.250 -999.250 -999.250 -999.250 -999.250 -999.250 -999.250 -999.250 -999.250 -999.250 -999.250 -999.250 -999.250 -999.250 -999.250 -999.250 -999.250 -999.250 -999.250 -999.250 -999.250 -999.250 -999.250 -999.250 -999.250 -999.250 -999.250 6.949 5.571 5.768 6.334 5.802 9.222 6.502 6.612 7.578 5.350 7.415 8.628 11.682 15.184 23.447 31.663 43.062 45.262 52.586 49.126 30.660 20.712 16.074 10.366 9.796 8.394 12.421 16.945 20.810 23.248 29.018 21.722 20.107 17.125 17.013 14.475 8.716 6.864 7.622 4.951 1.302 0.013
-999.250 -999.250 -999.250 -999.250 -999.250 -999.250 -999.250 -999.250 -999.250 -999.250 -999.250 -999.250 -999.250 -999.250 -999.250 -999.250 -999.250 -999.250 -999.250 -999.250 -999.250 -999.250 -999.250 -999.250 -999.250 -999.250 -999.250 7.420 4.899 4.340 4.669 5.686 8.386 7.237 7.847 4.998 4.476 7.376 7.291 9.786 12.847 18.250 22.636 29.487 30.382 42.152 29.487 26.477 20.012 15.099 11.539 9.312 7.114 12.030 18.038 19.288 25.603 27.858 26.555 23.120 17.381 18.311 11.814 7.676 6.565 5.397 1.661 0.585 0.844
-999.250 -999.250 -999.250 -999.250 -999.250 -999.250 -999.250 -999.250 -999.250 -999.250 -999.250 -999.250 -999.250 -999.250 -999.250 -999.250 -999.250 -999.250 -999.250 -999.250 -999.250 -999.250 -999.250 -999.250 -999.250 -999.250 -999.250 4.122 3.367 6.707 5.764 8.155 6.045 4.149 7.492 6.785 4.184 5.487 6.529 7.417 10.188 11.063 15.836 20.653 23.486 24.146 21.700 20.187 18.737 18.529 11.586 8.109 10.523 11.993 17.749 23.031 26.864 38.255 27.942 18.100 14.835 13.779 12.461 8.297 6.577 4.754 1.882 1.282 0.356
-999.250 -999.250 -999.250 -999.250 -999.250 -999.250 -999.250 -999.250 -999.250 -999.250 -999.250 -999.250 -999.250 -999.250 -999.250 -999.250 -999.250 -999.250 -999.250 -999.250 -999.250 -999.250 -999.250 -999.250 -999.250 -999.250 2.463 7.289 4.668 6.136 9.855 8.162 7.281 4.511 4.671 7.017 6.464 6.905 2.756 3.505 3.851 7.924 12.094 14.502 15.824 14.738 16.376 14.183 14.377 11.618 11.212 10.209 9.789 13.270 16.827 16.872 19.842 24.349 23.049 19.724 14.363 12.676 13.269 9.422 4.949 4.588 4.314 0.812 3.139
-999.250 -999.250 -999.250 -999.250 -999.250 -999.250 -999.250 -999.250 -999.250 -999.250 -999.250 -999.250 -999.250 -999.250 -999.250 -999.250 -999.250 -999.250 -999.250 -999.250 -999.250 -999.250 -999.250 -999.250 -999.250 -999.250 1.125 5.291 4.576 3.270 4.932 3.716 3.753 3.691 5.134 5.032 3.344 3.307 3.141 2.165 3.147 3.044 8.664 7.990 10.453 9.967 12.001 10.537 9.253 6.120 10.086 9.510 10.105 15.178 16.605 19.519 16.775 16.555 15.677 12.759 8.935 10.498 11.936 6.826 5.397 5.909 2.415 2.816 2.519
-999.250 -999.250 -999.250 -999.250 -999.250 -999.250 -999.250 -999.250 -999.250 -999.250 -999.250 -999.250 -999.250 -999.250 -999.250 -999.250 -999.250 -999.250 -999.250 -999.250 -999.250 -999.250 -999.250 -999.250 -999.250 -999.250 5.230 3.536 3.404 4.296 5.590 5.915 7.438 5.012 5.179 2.094 2.876 2.217 2.830 2.275 1.177 1.746 4.585 6.069 4.375 4.323 5.656 4.085 3.817 6.639 6.934 7.583 8.329 11.165 14.500 15.998 13.619 11.641 5.894 5.395 3.885 4.209 6.607 8.888 5.587 5.069 4.013 2.269 0.020
-999.250 -999.250 -999.250 -999.250 -999.250 -999.250 -999.250 -999.250 -999.250 -999.250 -999.250 -999.250 -999.250 -999.250 -999.250 -999.250 -999.250 -999.250 -999.250 -999.250 -999.250 -999.250 -999.250 -999.250 -999.250 2.244 1.900 3.920 3.247 4.386 5.174 8.320 7.752 6.853 6.397 4.454 1.821 1.988 0.281 0.107 0.494 0.268 4.970 2.125 4.123 2.074 1.109 1.735 0.166 2.990 6.910 5.445 9.102 10.135 9.981 12.308 8.661 3.336 0.000 0.000 0.962 1.985 3.904 5.916 4.186 4.572 6.903 2.503 0.471
-999.250 -999.250 -999.250 -999.250 -999.250 -999.250 -999.250 -999.250 -999.250 -999.250 -999.250 -999.250 -999.250 -999.250 -999.250 -999.250 -999.250 -999.250 -999.250 -999.250 -999.250 -999.250 -999.250 -999.250 -999.250 1.365 2.855 4.011 3.042 5.777 8.970 6.973 6.037 6.305 4.699 4.595 1.014 0.000 0.000 0.000 1.264 0.183 0.467 1.151 2.086 0.445 0.000 0.000 0.000 1.141 4.548 8.711 9.423 9.473 8.334 6.543 4.192 0.183 0.000 0.000 0.000 0.160 3.958 6.500 6.662 3.338 4.615 1.830 1.013
-999.250 -999.250 -999.250 -999.250 -999.250 -999.250 -999.250 -999.250 -999.250 -999.250 -999.250 -999.250 -999.250 -999.250 -999.250 -999.250 -999.250 -999.250 -999.250 -999.250 -999.250 -999.250 -999.250 -999.250 -999.250 4.845 3.576 5.228 3.755 3.089 5.735 5.774 5.349 5.884 5.221 3.633 1.377 0.000 0.000 0.000 0.957 2.034 2.937 2.570 4.754 0.000 0.000 0.000 0.000 0.000 3.734 7.766 10.293 9.685 12.072 6.911 1.498 0.000 0.000 0.000 0.000 0.000 1.197 3.200 4.581 5.444 4.584 3.790 0.564
