data/medianmodel_15-Jan-2021.asc
ncols	141
nrows	288
xllcorner	-120191.398
yllcorner	-301404.813
cellsize	2000.000
NODATA_value	-999.250
[rows 252 to 279 of 288, columns 0 to 63 of 141]
-999.250 -999.250 -999.250 -999.250 -999.250 -999.250 -999.250 -999.250 -999.250 -999.250 -999.250 -999.250 -999.250 -999.250 -999.250 -999.250 -999.250 -999.250 -999.250 -999.250 -999.250 -999.250 -999.250 -999.250 -999.250 -999.250 -999.250 -999.250 -999.250 262.408 272.780 252.703 241.078 243.742 238.374 256.292 257.367 275.709 285.395 312.911 347.689 460.535 517.096 594.218 706.304 735.401 835.465 902.977 956.596 1091.045 1177.660 1211.728 1317.402 1361.922 1404.318 1412.189 1380.956 1384.645 1345.318 1336.332 1350.711 1283.906 1267.723 1252.264
-999.250 -999.250 -999.250 -999.250 -999.250 -999.250 -999.250 -999.250 -999.250 -999.250 -999.250 -999.250 -999.250 -999.250 -999.250 -999.250 -999.250 -999.250 -999.250 -999.250 -999.250 -999.250 -999.250 -999.250 -999.250 -999.250 -999.250 -999.250 -999.250 -999.250 246.605 257.031 232.568 200.021 230.230 235.528 233.550 259.871 262.021 310.022 356.283 428.377 534.843 554.350 656.217 736.145 776.937 861.138 980.095 1045.892 1137.847 1203.941 1286.874 1317.603 1348.822 1387.694 1400.580 1388.049 1386.420 1363.845 1360.409 1332.385 1349.419 1338.031
-999.250 -999.250 -999.250 -999.250 -999.250 -999.250 -999.250 -999.250 -999.250 -999.250 -999.250 -999.250 -999.250 -999.250 -999.250 -999.250 -999.250 -999.250 -999.250 -999.250 -999.250 -999.250 -999.250 -999.250 -999.250 -999.250 -999.250 -999.250 -999.250 -999.250 253.085 255.944 208.202 212.329 242.050 240.851 223.302 259.963 250.171 301.950 329.622 410.003 500.348 538.184 678.182 738.541 780.274 865.557 955.305 1054.181 1097.704 1184.952 1280.809 1289.619 1316.848 1319.720 1341.726 1373.801 1428.690 1349.965 1433.484 1398.900 1361.173 1421.566
-999.250 -999.250 -999.250 -999.250 -999.250 -999.250 -999.250 -999.250 -999.250 -999.250 -999.250 -999.250 -999.250 -999.250 -999.250 -999.250 -999.250 -999.250 -999.250 -999.250 -999.250 -999.250 -999.250 -999.250 -999.250 -999.250 -999.250 -999.250 -999.250 -999.250 -999.250 243.533 237.879 223.102 206.622 231.087 218.798 242.573 252.117 273.064 314.571 389.028 513.248 507.796 594.818 754.369 775.037 858.953 969.945 1038.011 1130.856 1145.032 1212.578 1281.855 1328.041 1307.336 1372.907 1391.961 1396.620 1391.033 1399.173 1402.921 1453.090 1445.513
-999.250 -999.250 -999.250 -999.250 -999.250 -999.250 -999.250 -999.250 -999.250 -999.250 -999.250 -999.250 -999.250 -999.250 -999.250 -999.250 -999.250 -999.250 -999.250 -999.250 -999.250 -999.250 -999.250 -999.250 -999.250 -999.250 -999.250 -999.250 -999.250 -999.250 -999.250 216.263 244.216 245.293 248.390 185.324 245.787 229.079 235.062 247.640 298.599 405.811 483.999 540.726 530.667 687.337 737.374 785.595 913.564 964.771 1060.096 1139.921 1159.571 1268.577 1292.967 1337.603 1378.087 1437.992 1401.408 1425.536 1433.041 1472.726 1489.484 1520.349
-999.250 -999.250 -999.250 -999.250 -999.250 -999.250 -999.250 -999.250 -999.250 -999.250 -999.250 -999.250 -999.250 -999.250 -999.250 -999.250 -999.250 -999.250 -999.250 -999.250 -999.250 -999.250 -999.250 -999.250 -999.250 -999.250 -999.250 -999.250 -999.250 -999.250 221.024 218.591 219.205 184.479 184.274 175.433 230.313 210.907 226.203 241.220 274.431 374.676 451.280 470.777 563.016 671.893 740.000 783.973 855.319 899.274 1061.140 1123.423 1149.332 1259.616 1293.091 1326.096 1312.713 1410.023 1412.573 1467.350 1465.123 1482.905 1518.468 1597.065
-999.250 -999.250 -999.250 -999.250 -999.250 -999.250 -999.250 -999.250 -999.250 -999.250 -999.250 -999.250 -999.250 -999.250 -999.250 -999.250 -999.250 -999.250 -999.250 -999.250 -999.250 -999.250 -999.250 -999.250 -999.250 -999.250 -999.250 -999.250 -999.250 -999.250 221.497 207.954 232.944 210.106 137.404 187.337 203.078 177.632 240.525 250.684 278.390 314.212 428.009 469.752 569.701 634.563 711.078 842.743 876.106 941.103 1046.615 1047.110 1141.807 1189.019 1257.406 1313.564 1341.106 1381.745 1416.919 1477.624 1475.025 1485.861 1503.428 1556.887
-999.250 -999.250 -999.250 -999.250 -999.250 -999.250 -999.250 -999.250 -999.250 -999.250 -999.250 -999.250 -999.250 -999.250 -999.250 -999.250 -999.250 -999.250 -999.250 -999.250 -999.250 -999.250 -999.250 -999.250 -999.250 -999.250 -999.250 -999.250 -999.250 -999.250 230.256 227.570 214.300 191.752 187.736 175.506 165.434 192.030 206.785 240.279 250.762 279.713 331.213 456.319 474.912 625.679 715.540 772.170 847.242 967.901 1025.533 1040.161 1098.852 1182.694 1236.550 1277.479 1352.449 1377.334 1422.199 1449.694 1509.546 1555.184 1485.576 1543.531
-999.250 -999.250 -999.250 -999.250 -999.250 -999.250 -999.250 -999.250 -999.250 -999.250 -999.250 -999.250 -999.250 -999.250 -999.250 -999.250 -999.250 -999.250 -999.250 -999.250 -999.250 -999.250 -999.250 -999.250 -999.250 -999.250 -999.250 -999.250 -999.250 -999.250 251.287 229.529 194.960 163.755 147.755 122.972 95.140 118.941 165.661 219.327 243.151 259.954 319.939 333.593 477.171 536.389 718.604 814.538 803.771 925.834 986.179 1017.707 1105.335 1130.918 1254.457 1289.701 1327.560 1365.219 1366.043 1468.492 1481.104 1543.610 1515.214 1507.442
-999.250 -999.250 -999.250 -999.250 -999.250 -999.250 -999.250 -999.250 -999.250 -999.250 -999.250 -999.250 -999.250 -999.250 -999.250 -999.250 -999.250 -999.250 -999.250 -999.250 -999.250 -999.250 -999.250 -999.250 -999.250 -999.250 -999.250 -999.250 -999.250 -999.250 234.478 209.857 173.998 106.702 129.101 133.650 92.502 111.612 135.458 206.171 210.024 239.629 268.986 326.667 461.923 517.225 594.096 731.811 798.167 849.705 926.969 1031.015 1090.068 1144.016 1218.294 1289.227 1326.116 1302.345 1374.954 1395.176 1414.952 1429.394 1511.897 1499.074
-999.250 -999.250 -999.250 -999.250 -999.250 -999.250 -999.250 -999.250 -999.250 -999.250 -999.250 -999.250 -999.250 -999.250 -999.250 -999.250 -999.250 -999.250 -999.250 -999.250 -999.250 -999.250 -999.250 -999.250 -999.250 -999.250 -999.250 -999.250 -999.250 -999.250 175.503 183.643 221.560 120.248 126.472 99.769 101.355 90.111 147.830 165.687 135.615 201.196 258.186 316.656 384.906 481.518 548.606 676.294 776.735 798.855 918.563 925.064 1006.368 1113.627 1240.611 1266.015 1289.024 1347.231 1350.328 1382.302 1412.133 1410.776 1405.402 1448.571
-999.250 -999.250 -999.250 -999.250 -999.250 -999.250 -999.250 -999.250 -999.250 -999.250 -999.250 -999.250 -999.250 -999.250 -999.250 -999.250 -999.250 -999.250 -999.250 -999.250 -999.250 -999.250 -999.250 -999.250 -999.250 -999.250 -999.250 -999.250 -999.250 248.879 232.107 178.853 165.865 151.846 102.767 108.154 66.653 88.557 84.359 118.340 135.457 225.757 243.822 263.242 358.667 430.812 608.003 630.536 726.749 771.759 889.388 887.851 1008.936 1077.849 1197.972 1239.587 1297.472 1316.943 1333.201 1351.330 1400.430 1351.530 1428.044 1403.000
-999.250 -999.250 -999.250 -999.250 -999.250 -999.250 -999.250 -999.250 -999.250 -999.250 -999.250 -999.250 -999.250 -999.250 -999.250 -999.250 -999.250 -999.250 -999.250 -999.250 -999.250 -999.250 -999.250 -999.250 -999.250 -999.250 -999.250 -999.250 -999.250 242.186 246.381 205.838 133.643 78.325 82.261 58.346 98.117 43.378 35.072 69.124 84.458 91.308 245.325 264.620 292.577 407.798 512.519 583.839 729.206 766.513 815.868 828.965 945.689 1058.603 1125.707 1194.711 1235.350 1266.370 1299.268 1322.870 1336.125 1320.640 1356.442 1418.584
-999.250 -999.250 -999.250 -999.250 -999.250 -999.250 -999.250 -999.250 -999.250 -999.250 -999.250 -999.250 -999.250 -999.250 -999.250 -999.250 -999.250 -999.250 -999.250 -999.250 -999.250 -999.250 -999.250 -999.250 -999.250 -999.250 -999.250 -999.250 276.544 249.360 239.501 217.963 193.392 113.648 94.114 87.491 56.814 36.464 31.542 33.144 60.979 76.862 205.133 246.856 305.220 414.175 506.427 584.505 582.371 741.077 803.139 880.951 929.471 992.436 1066.197 1139.118 1182.192 1233.580 1259.445 1318.372 1350.696 1333.500 1327.357 1383.389
-999.250 -999.250 -999.250 -999.250 -999.250 -999.250 -999.250 -999.250 -999.250 -999.250 -999.250 -999.250 -999.250 -999.250 -999.250 -999.250 -999.250 -999.250 -999.250 -999.250 -999.250 -999.250 -999.250 -999.250 -999.250 -999.250 -999.250 -999.250 255.205 245.612 230.842 217.580 155.861 133.647 71.090 48.692 56.311 37.870 31.324 27.239 36.074 84.071 185.494 232.332 290.497 361.876 448.203 525.373 597.554 708.680 719.950 815.068 879.094 935.655 1033.074 1124.721 1117.794 1183.745 1206.584 1279.826 1288.309 1344.964 1329.570 1301.219
-999.250 -999.250 -999.250 -999.250 -999.250 -999.250 -999.250 -999.250 -999.250 -999.250 -999.250 -999.250 -999.250 -999.250 -999.250 -999.250 -999.250 -999.250 -999.250 -999.250 -999.250 -999.250 -999.250 -999.250 -999.250 -999.250 -999.250 273.107 293.554 243.606 238.077 246.194 199.563 186.407 147.706 99.053 37.198 48.070 28.282 33.034 39.393 62.506 152.774 225.727 278.833 353.595 432.723 514.123 587.754 696.063 708.347 789.724 829.245 927.835 1012.131 1085.356 1095.665 1142.984 1194.915 1246.992 1281.125 1313.045 1232.081 1245.272
-999.250 -999.250 -999.250 -999.250 -999.250 -999.250 -999.250 -999.250 -999.250 -999.250 -999.250 -999.250 -999.250 -999.250 -999.250 -999.250 -999.250 -999.250 -999.250 -999.250 -999.250 -999.250 -999.250 -999.250 -999.250 -999.250 -999.250 263.710 271.798 258.503 232.392 233.342 214.485 164.710 147.606 105.679 50.063 54.586 62.811 47.913 83.474 132.053 187.422 228.642 268.824 349.766 430.211 465.929 583.391 602.452 712.462 757.131 851.963 888.983 956.230 1054.633 1118.789 1159.337 1175.362 1209.545 1255.353 1300.371 1271.842 1265.454
-999.250 -999.250 -999.250 -999.250 -999.250 -999.250 -999.250 -999.250 -999.250 -999.250 -999.250 -999.250 -999.250 -999.250 -999.250 -999.250 -999.250 -999.250 -999.250 -999.250 -999.250 -999.250 -999.250 -999.250 -999.250 -999.250 -999.250 241.435 264.619 255.677 239.146 235.321 230.072 180.858 181.117 165.953 108.327 106.681 89.845 128.733 117.452 180.063 215.047 230.116 280.760 306.451 460.224 510.259 556.539 631.440 702.050 709.198 792.325 867.701 944.155 1024.578 1097.431 1108.928 1121.593 1197.800 1190.206 1220.137 1196.322 1205.000
-999.250 -999.250 -999.250 -999.250 -999.250 -999.250 -999.250 -999.250 -999.250 -999.250 -999.250 -999.250 -999.250 -999.250 -999.250 -999.250 -999.250 -999.250 -999.250 -999.250 -999.250 -999.250 -999.250 -999.250 -999.250 -999.250 -999.250 273.605 275.332 271.662 231.815 234.823 235.219 240.813 208.093 218.015 218.550 188.820 178.324 168.146 161.622 182.686 235.586 270.919 277.027 355.203 409.081 498.845 541.057 666.131 672.329 730.272 755.674 864.763 953.564 1021.596 1119.929 1156.220 1156.994 1206.865 1221.472 1224.535 1171.717 1137.636
-999.250 -999.250 -999.250 -999.250 -999.250 -999.250 -999.250 -999.250 -999.250 -999.250 -999.250 -999.250 -999.250 -999.250 -999.250 -999.250 -999.250 -999.250 -999.250 -999.250 -999.250 -999.250 -999.250 -999.250 -999.250 -999.250 -999.250 302.422 279.031 249.945 245.716 270.264 254.157 243.461 244.683 237.906 222.301 237.366 213.894 233.618 217.935 238.027 250.757 260.610 306.042 348.837 443.331 482.410 563.941 593.974 661.389 730.057 778.200 826.193 972.820 1053.075 1068.769 1138.225 1162.089 1190.559 1161.009 1195.323 1148.200 1146.104
-999.250 -999.250 -999.250 -999.250 -999.250 -999.250 -999.250 -999.250 -999.250 -999.250 -999.250 -999.250 -999.250 -999.250 -999.250 -999.250 -999.250 -999.250 -999.250 -999.250 -999.250 -999.250 -999.250 -999.250 -999.250 -999.250 -999.250 281.602 276.657 281.697 293.344 276.418 269.418 273.208 265.616 265.024 257.759 262.187 248.464 266.607 255.040 256.217 284.602 304.776 308.855 359.384 392.826 475.098 573.359 600.126 697.531 735.134 782.494 855.033 971.694 1018.161 1060.062 1126.565 1180.202 1155.055 1180.658 1178.333 1210.774 1124.879
-999.250 -999.250 -999.250 -999.250 -999.250 -999.250 -999.250 -999.250 -999.250 -999.250 -999.250 -999.250 -999.250 -999.250 -999.250 -999.250 -999.250 -999.250 -999.250 -999.250 -999.250 -999.250 -999.250 -999.250 -999.250 -999.250 272.602 291.110 313.371 291.974 320.644 299.652 321.766 315.322 322.844 337.795 310.219 305.485 315.032 297.076 303.797 290.374 285.159 318.198 316.787 380.001 395.223 481.372 545.418 588.949 684.253 761.407 818.174 881.294 957.154 1020.591 1106.398 1135.589 1182.946 1210.325 1194.958 1211.353 1151.173 1110.128
-999.250 -999.250 -999.250 -999.250 -999.250 -999.250 -999.250 -999.250 -999.250 -999.250 -999.250 -999.250 -999.250 -999.250 -999.250 -999.250 -999.250 -999.250 -999.250 -999.250 -999.250 -999.250 -999.250 -999.250 -999.250 -999.250 292.177 295.264 347.513 327.424 358.519 388.606 370.271 423.330 406.086 366.537 429.283 393.475 379.898 405.165 329.836 321.590 345.404 295.116 364.922 343.920 437.346 479.609 543.459 603.522 659.136 730.542 815.124 856.926 987.817 1026.162 1127.826 1164.028 1173.528 1178.286 1178.825 1167.610 1126.317 1096.200
-999.250 -999.250 -999.250 -999.250 -999.250 -999.250 -999.250 -999.250 -999.250 -999.250 -999.250 -999.250 -999.250 -999.250 -999.250 -999.250 -999.250 -999.250 -999.250 -999.250 -999.250 -999.250 -999.250 -999.250 -999.250 289.561 286.388 305.238 305.237 344.729 386.681 456.777 465.397 469.524 470.334 470.589 459.569 491.649 455.953 430.341 434.685 410.937 376.473 325.895 373.619 355.304 436.316 482.629 504.876 598.434 659.807 733.302 807.515 875.062 969.840 1065.274 1104.408 1208.753 1207.123 1175.145 1241.626 1189.929 1153.862 1115.173
-999.250 -999.250 -999.250 -999.250 -999.250 -999.250 -999.250 -999.250 -999.250 -999.250 -999.250 -999.250 -999.250 -999.250 -999.250 -999.250 -999.250 -999.250 -999.250 -999.250 -999.250 -999.250 -999.250 -999.250 -999.250 276.936 295.465 288.643 331.560 356.258 425.532 478.077 534.704 548.815 552.851 564.381 546.470 491.936 488.983 452.991 439.377 444.587 406.670 394.012 425.427 370.776 416.966 503.592 528.967 578.220 623.049 735.076 822.346 924.314 1006.187 1107.889 1193.162 1231.577 1233.501 1219.532 1228.847 1195.462 1191.985 1128.876
-999.250 -999.250 -999.250 -999.250 -999.250 -999.250 -999.250 -999.250 -999.250 -999.250 -999.250 -999.250 -999.250 -999.250 -999.250 -999.250 -999.250 -999.250 -999.250 -999.250 -999.250 -999.250 -999.250 -999.250 -999.250 274.818 274.797 284.695 304.329 345.640 486.937 537.164 605.756 546.881 599.107 622.097 572.217 528.841 538.717 501.625 490.613 488.520 442.109 451.627 395.410 386.321 445.787 494.650 555.227 612.783 615.580 734.823 846.038 942.363 1076.164 1137.122 1228.381 1254.701 1252.017 1279.563 1278.523 1242.568 1228.583 1208.621
-999.250 -999.250 -999.250 -999.250 -999.250 -999.250 -999.250 -999.250 -999.250 -999.250 -999.250 -999.250 -999.250 -999.250 -999.250 -999.250 -999.250 -999.250 -999.250 -999.250 -999.250 -999.250 -999.250 -999.250 264.549 275.007 281.673 292.899 348.459 380.579 472.438 520.719 585.193 652.509 637.463 636.363 624.993 580.643 551.035 521.181 503.023 529.441 505.946 462.179 445.561 425.566 461.295 515.711 580.320 666.609 710.124 764.154 905.729 1011.483 1101.765 1218.618 1300.704 1308.414 1303.476 1301.355 1291.084 1265.435 1245.417 1201.532
-999.250 -999.250 -999.250 -999.250 -999.250 -999.250 -999.250 -999.250 -999.250 -999.250 -999.250 -999.250 -999.250 -999.250 -999.250 -999.250 -999.250 -999.250 -999.250 -999.250 -999.250 -999.250 -999.250 -999.250 242.524 252.231 271.291 301.707 309.648 424.079 486.825 553.483 582.736 665.507 687.843 707.842 -999.250 -999.250 -999.250 -999.250 -999.250 -999.250 517.491 508.734 501.193 501.922 514.566 542.764 647.387 722.622 787.526 838.089 969.415 1091.989 1232.234 1307.551 1321.990 1309.999 1297.326 1305.142 1285.198 1277.108 1236.194 1214.481
