data/medianmodel_02-Aug-2020.asc
ncols	141
nrows	288
xllcorner	-120191.398
yllcorner	-301404.813
cellsize	2000.000
NODATA_value	-999.250
[rows 155 to 185 of 288, columns 0 to 67 of 141]
-999.250 -999.250 -999.250 -999.250 -999.250 -999.250 -999.250 0.000 0.000 0.000 0.000 0.000 0.000 0.000 0.585 3.385 5.689 9.138 10.497 12.927 12.949 10.167 9.096 8.924 7.578 9.814 6.469 4.679 3.714 1.969 1.638 2.880 1.499 3.155 3.167 4.670 6.285 7.539 11.132 15.403 19.154 23.064 23.765 25.531 21.471 19.954 14.411 6.829 4.273 0.000 0.000 0.000 0.000 0.000 0.000 4.181 9.151 14.357 32.281 30.998 37.073 52.694 57.639 73.646 87.900 88.626 102.600 111.598
-999.250 -999.250 -999.250 -999.250 -999.250 -999.250 -999.250 3.685 4.001 3.205 2.277 1.337 1.915 0.000 0.000 0.708 4.617 6.389 7.467 7.401 8.040 8.642 6.383 6.048 6.312 5.703 5.227 4.738 3.805 3.826 2.542 1.832 3.953 2.358 3.584 4.852 4.912 7.101 9.014 12.517 12.833 19.117 19.118 14.658 15.306 11.357 8.488 4.371 1.233 0.000 0.000 0.000 0.000 0.000 0.000 1.609 7.322 13.020 21.961 27.407 37.796 39.309 44.036 63.496 72.962 83.165 86.115 98.897
-999.250 -999.250 -999.250 -999.250 -999.250 -999.250 -999.250 8.477 8.053 8.017 5.764 4.607 3.016 0.499 0.147 0.000 0.652 3.168 4.467 5.677 5.624 4.355 3.649 4.434 4.108 4.197 3.202 3.838 2.294 3.592 2.905 1.683 3.244 2.711 4.241 4.498 5.134 5.733 8.109 7.770 8.235 9.052 9.933 10.817 7.790 5.450 3.147 1.734 0.000 0.000 0.000 0.000 0.000 0.000 0.000 0.637 3.878 8.668 16.354 22.599 22.748 31.561 38.157 47.062 64.922 68.176 80.388 81.685
-999.250 -999.250 -999.250 -999.250 -999.250 -999.250 -999.250 13.763 12.974 13.276 8.704 7.562 5.837 2.702 0.000 0.000 0.000 0.000 1.887 2.539 2.226 1.669 1.452 2.000 1.047 1.676 2.337 1.142 1.783 2.857 3.225 3.029 2.149 3.124 4.438 4.939 4.756 5.717 5.319 4.847 4.467 4.889 5.634 4.432 3.552 1.670 0.000 0.000 0.000 0.000 0.000 0.000 0.000 0.000 0.000 0.674 3.981 7.233 9.780 14.526 20.414 25.480 30.415 38.564 43.550 51.017 64.931 80.890
-999.250 -999.250 -999.250 -999.250 -999.250 -999.250 -999.250 -999.250 22.054 21.623 15.811 11.351 8.647 4.330 0.000 0.000 0.000 0.000 0.000 0.938 0.114 0.000 0.000 0.013 1.160 0.451 2.306 0.392 2.199 2.240 3.656 3.477 3.232 3.868 5.464 5.792 6.638 7.727 6.160 3.071 1.036 1.106 0.640 0.317 0.100 0.000 0.000 0.000 0.000 0.000 0.000 0.000 0.000 0.000 0.000 0.135 2.474 5.390 9.572 10.498 15.284 21.403 22.365 32.820 37.770 45.902 54.119 65.755
-999.250 -999.250 -999.250 -999.250 -999.250 -999.250 -999.250 -999.250 27.718 34.809 22.071 15.155 9.070 5.024 0.384 0.000 0.000 0.000 1.036 0.721 0.543 0.000 0.000 0.000 0.083 1.187 2.549 2.088 2.335 2.914 3.914 3.654 4.162 4.250 6.911 8.272 10.303 9.377 6.992 4.138 0.027 0.000 0.000 0.000 0.000 0.000 0.000 0.000 0.000 0.000 0.000 0.000 0.000 0.000 0.000 0.000 0.194 4.046 6.816 8.408 10.186 13.974 21.117 23.719 32.358 40.016 41.478 47.789
-999.250 -999.250 -999.250 -999.250 -999.250 -999.250 -999.250 24.441 27.495 29.656 22.104 16.000 11.092 7.530 2.599 0.863 0.936 0.850 1.878 2.853 3.450 0.755 0.000 0.416 2.098 0.448 2.750 3.789 3.620 2.772 3.521 4.325 5.090 4.941 5.976 10.142 19.157 11.537 7.547 4.885 0.067 0.000 0.000 0.000 0.000 0.000 0.000 0.000 0.000 0.000 0.000 0.000 0.000 0.000 0.000 0.000 0.000 3.148 3.826 4.738 7.967 9.994 12.421 15.755 25.438 30.208 33.571 32.890
-999.250 -999.250 -999.250 -999.250 -999.250 -999.250 -999.250 25.724 23.378 21.426 19.050 15.901 11.982 7.733 5.361 4.079 3.997 3.867 4.938 5.294 7.314 4.418 2.208 1.340 2.565 2.744 3.484 3.845 3.642 3.043 3.347 4.631 4.885 5.518 6.533 9.285 11.407 10.598 9.807 5.531 2.489 0.000 0.000 0.000 0.000 0.000 0.000 0.000 0.000 0.000 0.000 0.000 0.000 0.000 0.000 0.000 0.000 0.000 0.766 2.471 4.907 5.306 7.590 12.091 15.425 17.912 22.603 29.172
-999.250 -999.250 -999.250 -999.250 -999.250 -999.250 -999.250 22.111 21.013 20.293 18.543 18.047 14.821 10.621 8.645 7.302 6.905 6.240 7.365 7.177 7.677 5.089 3.790 2.855 4.117 3.608 4.834 4.780 5.115 4.716 5.121 5.720 5.400 5.056 5.463 7.772 8.130 10.514 13.306 7.194 2.890 0.000 0.000 0.000 0.000 0.000 0.000 0.000 0.000 0.000 0.000 0.000 0.000 0.000 0.000 0.000 0.000 0.000 0.000 0.000 0.591 2.960 4.969 8.566 8.515 11.212 16.864 18.510
-999.250 -999.250 -999.250 -999.250 -999.250 -999.250 -999.250 22.781 22.399 22.060 18.069 17.820 16.764 13.837 12.585 14.710 11.776 8.616 8.675 9.018 8.707 6.500 4.728 3.729 4.858 5.266 5.565 6.852 6.196 6.062 6.879 8.628 7.006 5.894 4.969 6.619 7.009 7.445 8.719 5.868 1.789 0.098 0.000 0.000 0.000 0.000 0.000 0.000 0.000 0.000 0.000 0.000 0.000 0.000 0.000 0.000 0.000 0.000 0.000 0.000 0.000 0.707 2.136 2.351 3.989 5.665 7.181 9.430
-999.250 -999.250 -999.250 -999.250 -999.250 -999.250 21.465 21.949 22.447 29.546 25.953 23.312 23.274 19.587 19.776 19.042 17.596 15.650 16.192 13.868 11.136 8.562 7.861 6.938 6.705 6.947 8.618 9.056 10.564 9.784 8.817 12.582 9.482 6.502 5.625 4.763 5.701 5.267 5.109 3.918 1.928 1.394 0.000 0.000 0.000 0.000 0.000 0.000 0.000 0.000 0.000 0.000 0.000 0.000 0.000 0.000 0.000 0.000 0.000 0.000 0.000 0.000 0.000 0.000 1.738 2.787 3.965 4.067
-999.250 -999.250 -999.250 -999.250 -999.250 -999.250 22.042 21.814 30.071 33.613 31.785 28.769 28.925 25.556 26.064 26.989 25.405 21.461 21.682 16.179 13.593 12.075 9.276 8.498 9.610 12.956 14.787 17.457 12.572 10.337 9.369 9.121 8.359 5.279 4.912 4.722 4.643 4.796 4.043 3.406 1.781 0.352 0.553 0.000 0.000 0.000 0.000 0.000 0.000 0.000 0.000 0.000 0.000 0.000 0.000 0.000 0.000 0.000 0.000 0.000 0.000 0.000 0.000 0.000 0.000 0.000 0.424 0.457
-999.250 -999.250 -999.250 -999.250 -999.250 21.024 24.706 22.570 33.949 35.750 35.048 32.948 33.768 37.579 37.035 36.642 37.295 36.097 27.627 22.661 17.863 17.432 10.404 11.114 11.229 14.772 19.788 26.413 18.235 11.216 9.394 8.213 6.499 5.285 3.573 3.791 3.479 3.206 2.646 2.360 1.600 1.161 1.902 0.000 0.000 0.000 0.000 0.000 0.000 0.000 0.000 0.000 0.000 0.000 0.000 0.000 0.000 0.000 0.000 0.000 0.000 0.000 0.000 0.000 0.000 0.000 0.000 0.000
-999.250 -999.250 -999.250 -999.250 -999.250 20.357 26.711 33.303 36.251 34.855 37.910 43.296 41.065 43.490 45.307 48.144 44.086 42.685 36.049 32.271 25.229 21.840 15.234 14.517 15.083 16.064 22.196 20.226 15.738 11.006 8.374 6.005 5.739 6.065 4.511 2.978 4.332 1.707 1.546 2.305 1.673 3.643 2.850 0.422 0.000 0.000 0.000 0.000 0.000 0.000 0.000 0.000 0.000 0.000 0.000 0.000 0.000 0.000 0.000 0.000 0.000 0.000 0.000 0.000 0.000 0.000 0.000 0.000
-999.250 -999.250 -999.250 -999.250 21.366 27.099 34.141 33.922 37.331 43.308 45.372 45.236 50.342 53.819 61.479 62.136 59.877 57.444 46.952 39.226 32.103 24.523 21.841 16.825 16.983 17.733 18.341 18.327 12.170 12.520 8.638 6.653 5.822 3.910 3.845 1.889 1.260 0.111 0.394 0.864 1.533 1.198 1.825 0.718 0.000 0.000 0.000 0.000 0.000 0.000 0.000 0.000 0.000 0.000 0.000 0.000 0.000 0.000 0.000 0.000 0.000 0.000 0.000 0.000 0.000 0.000 0.000 0.000
-999.250 -999.250 -999.250 -999.250 30.916 32.756 38.632 39.075 45.413 43.829 51.986 48.263 60.387 67.873 70.149 76.901 73.452 69.290 59.065 46.296 35.391 29.404 27.241 22.068 18.796 17.361 16.103 12.264 13.986 10.618 9.588 7.061 5.506 3.792 2.131 1.150 0.000 0.000 0.000 0.000 0.000 0.451 1.142 0.376 0.000 0.000 0.000 0.000 0.000 0.000 0.000 0.000 0.000 0.000 0.000 0.000 0.000 0.000 0.000 0.000 0.000 0.000 0.000 0.000 0.000 0.000 0.000 0.000
-999.250 -999.250 -999.250 -999.250 33.340 41.682 39.684 45.526 50.250 54.270 62.567 64.105 71.013 83.559 90.144 97.075 98.183 82.520 68.193 53.997 40.612 33.983 25.536 22.335 19.917 17.711 16.620 13.863 14.887 10.112 9.660 8.321 5.242 4.264 3.361 2.450 0.000 0.000 0.000 0.000 0.000 0.051 0.901 0.403 0.000 0.000 0.000 0.000 0.000 0.000 0.000 0.000 0.000 0.000 0.000 0.000 0.000 0.000 0.000 0.000 0.000 0.000 0.000 0.000 0.000 0.000 0.000 0.000
-999.250 -999.250 -999.250 -999.250 37.225 38.623 40.585 43.341 46.494 57.493 60.892 81.030 88.746 91.089 118.692 120.655 132.340 100.969 79.988 58.617 40.929 34.955 28.687 24.541 22.428 18.913 23.255 18.695 18.767 13.529 10.963 9.289 6.768 5.402 4.209 4.696 1.656 0.000 0.000 0.000 0.000 1.132 0.659 0.000 0.000 0.000 0.000 0.000 0.000 0.000 0.000 0.000 0.000 0.000 0.000 0.000 0.000 0.000 0.000 0.000 0.000 0.000 0.000 0.000 0.000 0.000 0.000 0.000
-999.250 -999.250 -999.250 -999.250 42.586 41.964 50.392 47.959 60.667 61.484 71.887 92.607 100.639 107.982 137.291 140.611 159.609 120.764 83.733 55.089 41.539 35.693 30.672 27.877 23.187 21.600 27.580 23.973 22.712 18.734 13.939 10.503 8.728 9.065 5.585 4.164 1.505 0.000 0.000 0.000 0.000 0.000 0.797 0.120 0.000 0.000 0.000 0.000 0.000 0.000 0.000 0.000 0.000 0.000 0.000 0.000 0.000 0.000 0.000 0.000 0.000 0.000 0.000 0.000 0.000 0.000 0.000 0.000
-999.250 -999.250 -999.250 -999.250 42.966 51.997 56.448 52.310 62.298 65.006 82.294 92.003 109.583 119.180 132.055 141.774 137.794 103.969 76.340 51.908 40.766 34.667 33.311 29.406 28.699 26.525 28.106 28.609 25.277 23.879 21.002 17.250 13.288 10.300 8.744 5.663 4.446 2.163 1.694 0.822 0.115 1.799 2.836 2.074 0.005 0.000 0.000 0.000 0.000 0.000 0.000 0.000 0.000 0.000 0.000 0.000 0.000 0.000 0.000 0.000 0.000 0.000 0.000 0.000 0.000 0.000 0.782 0.780
-999.250 -999.250 -999.250 -999.250 48.519 56.116 59.215 65.872 66.108 65.929 83.261 86.967 108.331 127.255 121.817 122.643 110.800 87.569 67.944 50.588 39.356 33.639 30.162 28.764 31.306 32.104 35.877 31.723 34.369 30.205 29.369 23.492 20.003 15.410 11.316 9.102 6.635 4.146 4.144 3.610 3.261 3.584 5.479 5.120 2.973 0.454 0.000 0.000 0.000 0.000 0.000 0.000 0.000 0.000 0.000 0.000 0.000 0.000 0.000 0.000 0.000 0.000 0.000 0.074 1.964 2.478 3.692 6.290
-999.250 -999.250 -999.250 -999.250 51.724 52.884 63.024 73.099 73.190 74.671 81.049 92.916 109.150 113.404 109.186 90.874 90.344 79.600 68.947 47.923 37.813 32.065 32.217 34.379 40.399 38.123 42.178 37.560 36.400 34.619 28.341 29.195 25.085 18.786 11.827 12.559 8.538 6.745 8.286 5.501 5.215 5.661 6.954 11.447 5.718 2.081 0.000 0.000 0.000 0.000 0.000 0.000 0.000 0.000 0.000 0.000 0.000 0.000 0.000 0.000 1.720 3.157 3.839 3.744 5.131 6.728 9.216 10.037
-999.250 -999.250 -999.250 -999.250 55.418 55.447 71.962 70.178 72.370 78.997 81.077 85.339 97.838 97.076 94.817 86.429 79.149 68.436 54.861 50.019 42.705 40.114 40.839 35.000 37.337 44.544 46.788 38.822 41.455 39.399 39.217 30.766 30.149 21.204 17.481 15.554 12.840 10.121 9.673 8.864 7.837 7.692 8.850 8.938 5.428 1.436 0.000 0.000 0.000 0.000 0.000 0.000 0.000 0.000 0.000 0.000 0.000 0.000 0.168 2.703 4.742 7.068 10.664 9.175 8.018 12.706 11.809 14.467
-999.250 -999.250 -999.250 -999.250 57.798 59.677 62.140 71.502 74.273 79.211 83.930 84.677 90.046 86.555 82.648 76.557 76.789 67.592 59.246 53.615 49.511 45.998 43.806 38.791 41.079 45.464 49.861 45.204 45.219 48.181 43.142 38.593 33.437 28.816 27.952 19.184 17.912 15.981 10.649 11.514 7.548 8.530 7.868 6.987 4.725 3.863 0.232 0.000 0.000 0.000 0.000 0.000 0.000 0.000 0.000 0.000 0.430 0.733 3.559 4.799 6.387 11.427 11.071 13.058 18.154 20.973 21.808 22.431
-999.250 -999.250 -999.250 47.677 58.838 64.465 72.128 69.486 77.439 76.752 77.285 71.307 80.186 74.806 75.810 72.509 67.436 66.994 63.529 56.074 59.173 50.607 46.600 44.576 46.496 49.125 53.273 55.983 53.445 51.239 48.044 44.634 39.335 38.235 35.024 25.788 18.908 21.015 16.059 10.521 10.984 9.174 8.405 5.403 4.538 4.137 0.642 0.000 0.000 0.000 0.000 0.000 0.000 0.000 0.000 1.240 2.210 3.390 5.417 8.874 9.495 17.574 22.196 20.516 26.583 26.533 29.419 30.179
-999.250 -999.250 -999.250 56.249 58.955 70.585 67.776 73.765 77.479 76.182 75.807 81.362 80.853 79.943 72.084 69.531 59.192 60.113 61.471 63.996 58.430 59.596 48.779 49.895 50.154 53.744 52.168 58.202 55.555 62.567 57.389 52.912 47.856 42.931 36.187 30.388 24.506 19.351 16.159 11.885 11.746 9.769 8.257 6.190 4.055 1.938 0.000 0.000 0.000 0.000 0.000 0.000 0.000 0.000 0.823 3.328 7.224 7.841 9.562 14.300 17.925 26.317 27.965 30.807 36.921 36.388 38.043 49.423
-999.250 -999.250 -999.250 58.696 56.689 67.619 69.609 71.704 77.868 70.853 80.030 87.263 79.375 79.208 71.311 69.044 68.341 65.408 56.857 56.714 56.250 58.043 60.212 51.885 60.017 60.444 66.085 65.464 70.941 72.055 75.600 64.427 52.843 45.854 36.878 32.224 27.392 24.186 17.922 13.841 11.434 12.265 8.421 5.718 3.173 1.866 0.000 0.000 0.000 0.000 0.000 0.000 0.000 0.085 2.525 4.895 8.037 11.930 16.549 18.599 27.271 30.087 38.163 39.251 46.894 48.762 47.743 57.690
-999.250 -999.250 52.024 57.580 52.460 64.973 68.510 74.464 74.544 83.931 78.613 82.616 79.381 72.868 67.038 70.409 67.471 64.777 65.558 64.762 58.669 54.426 55.833 53.165 58.456 63.732 65.030 69.592 76.890 80.346 76.863 65.941 52.038 43.909 41.772 38.865 32.145 19.994 18.426 14.627 11.658 8.359 7.818 5.803 3.629 1.088 0.000 0.000 0.000 0.000 0.000 0.000 0.000 0.000 3.315 6.418 11.873 17.049 22.024 31.800 35.426 40.404 46.144 47.601 51.557 63.605 68.355 71.962
-999.250 -999.250 51.032 53.259 55.063 67.084 70.412 70.875 80.536 80.118 83.241 83.163 82.203 78.240 70.691 74.198 73.456 67.130 60.130 55.981 -999.250 60.921 58.051 55.323 52.294 63.524 63.674 75.223 81.228 94.765 77.141 62.072 54.889 51.719 39.709 35.545 27.080 22.562 15.668 12.438 12.744 8.789 6.425 4.525 2.191 0.399 0.000 0.000 0.000 0.000 0.000 0.000 1.876 2.933 4.450 9.574 15.905 19.766 31.796 35.942 39.716 42.958 55.896 60.753 77.019 72.131 78.109 82.349
-999.250 48.660 49.462 51.768 59.303 63.005 67.736 74.027 75.619 84.074 83.879 80.226 81.627 77.523 77.876 77.069 78.620 59.907 53.916 -999.250 -999.250 51.452 59.987 49.611 45.334 48.858 59.623 60.717 72.333 77.994 74.413 66.450 61.125 40.810 36.204 32.902 29.013 21.262 15.652 13.496 14.452 10.218 7.300 4.754 1.933 0.597 0.000 0.000 0.000 0.000 0.000 0.000 2.120 4.427 8.098 10.522 20.693 25.731 29.251 37.168 50.836 51.543 63.632 74.757 85.172 86.847 93.957 86.683
-999.250 50.212 57.057 60.792 63.366 61.379 70.215 73.518 73.742 81.793 82.615 85.326 81.444 78.002 80.359 75.038 70.019 61.887 -999.250 -999.250 -999.250 -999.250 48.708 43.000 44.110 42.449 46.097 54.256 60.262 60.424 55.889 52.944 46.427 42.241 31.526 29.356 19.604 19.232 18.575 13.128 12.437 10.946 7.178 3.678 2.399 0.218 0.000 0.000 0.000 0.000 0.000 0.000 2.646 2.850 8.872 16.348 20.229 27.169 33.305 42.413 54.447 62.581 73.685 81.253 95.673 99.973 97.302 94.457
