data/medianmodel_28-May-2020.asc
ncols	141
nrows	288
xllcorner	-120191.398
yllcorner	-301404.813
cellsize	2000.000
NODATA_value	-999.250
[rows 217 to 247 of 288, columns 0 to 68 of 141]
-999.250 -999.250 -999.250 -999.250 -999.250 -999.250 -999.250 -999.250 -999.250 -999.250 -999.250 -999.250 -999.250 -999.250 -999.250 -999.250 -999.250 -999.250 -999.250 -999.250 -999.250 -999.250 -999.250 -999.250 -999.250 -999.250 -999.250 -999.250 -999.250 -999.250 -999.250 4.387 6.743 8.012 7.977 6.264 4.953 5.386 4.191 2.881 4.697 2.443 3.468 4.772 8.490 7.134 4.209 4.285 4.091 5.325 4.543 6.409 2.711 7.164 6.296 5.846 3.003 2.655 3.254 1.973 0.891 1.314 0.000 0.000 0.000 0.000 0.000 0.000 0.000
-999.250 -999.250 -999.250 -999.250 -999.250 -999.250 -999.250 -999.250 -999.250 -999.250 -999.250 -999.250 -999.250 -999.250 -999.250 -999.250 -999.250 -999.250 -999.250 -999.250 -999.250 -999.250 -999.250 -999.250 -999.250 -999.250 -999.250 -999.250 -999.250 -999.250 -999.250 4.344 7.992 5.505 6.732 7.036 4.992 4.812 5.728 2.620 1.472 2.983 1.946 4.334 4.561 5.750 4.893 4.779 3.844 3.608 4.061 4.856 3.199 5.123 4.088 3.153 2.885 1.077 1.204 0.679 1.437 0.531 0.000 0.000 0.000 0.000 0.000 0.000 0.000
-999.250 -999.250 -999.250 -999.250 -999.250 -999.250 -999.250 -999.250 -999.250 -999.250 -999.250 -999.250 -999.250 -999.250 -999.250 -999.250 -999.250 -999.250 -999.250 -999.250 -999.250 -999.250 -999.250 -999.250 -999.250 -999.250 -999.250 -999.250 -999.250 -999.250 -999.250 6.651 6.952 6.422 5.279 3.733 4.599 4.687 4.023 3.988 3.406 6.831 5.226 4.052 5.116 3.822 2.902 2.755 5.601 2.381 1.526 2.681 1.641 3.667 2.327 2.437 0.768 0.289 0.171 0.721 2.330 1.707 0.000 0.000 0.000 0.000 0.000 0.000 0.000
-999.250 -999.250 -999.250 -999.250 -999.250 -999.250 -999.250 -999.250 -999.250 -999.250 -999.250 -999.250 -999.250 -999.250 -999.250 -999.250 -999.250 -999.250 -999.250 -999.250 -999.250 -999.250 -999.250 -999.250 -999.250 -999.250 -999.250 -999.250 -999.250 -999.250 -999.250 7.135 5.595 6.030 7.312 3.805 6.426 4.396 2.839 2.524 3.080 4.763 5.938 4.385 3.855 3.233 2.662 3.307 3.479 4.399 3.799 1.265 0.766 3.538 1.149 1.663 2.307 1.943 2.332 1.508 0.000 0.000 0.000 0.000 0.000 0.000 0.000 0.000 0.000
-999.250 -999.250 -999.250 -999.250 -999.250 -999.250 -999.250 -999.250 -999.250 -999.250 -999.250 -999.250 -999.250 -999.250 -999.250 -999.250 -999.250 -999.250 -999.250 -999.250 -999.250 -999.250 -999.250 -999.250 -999.250 -999.250 -999.250 -999.250 -999.250 -999.250 -999.250 5.597 7.273 5.170 6.339 7.850 6.650 3.908 4.893 2.516 2.049 4.444 2.843 3.919 5.030 4.881 3.560 4.676 2.821 3.297 2.413 2.508 1.923 0.000 0.690 1.215 2.600 1.596 1.493 2.378 0.172 0.000 0.016 0.000 0.000 0.000 0.000 0.000 0.000
-999.250 -999.250 -999.250 -999.250 -999.250 -999.250 -999.250 -999.250 -999.250 -999.250 -999.250 -999.250 -999.250 -999.250 -999.250 -999.250 -999.250 -999.250 -999.250 -999.250 -999.250 -999.250 -999.250 -999.250 -999.250 -999.250 -999.250 -999.250 -999.250 -999.250 -999.250 4.869 3.534 4.616 7.112 7.362 7.921 5.584 4.525 3.022 1.180 3.218 3.584 3.368 3.501 3.676 4.556 4.183 4.819 2.216 0.406 0.232 0.641 0.000 0.000 0.000 0.000 0.000 0.361 0.685 0.216 0.000 0.000 0.063 0.000 0.000 0.000 0.000 0.000
-999.250 -999.250 -999.250 -999.250 -999.250 -999.250 -999.250 -999.250 -999.250 -999.250 -999.250 -999.250 -999.250 -999.250 -999.250 -999.250 -999.250 -999.250 -999.250 -999.250 -999.250 -999.250 -999.250 -999.250 -999.250 -999.250 -999.250 -999.250 -999.250 -999.250 5.274 4.550 5.563 5.170 5.331 6.438 6.927 5.507 3.831 2.834 2.776 4.504 4.936 4.266 4.250 2.376 3.203 5.076 3.938 1.927 2.574 1.557 0.977 0.850 0.000 0.000 0.019 0.000 0.000 0.000 0.000 0.000 0.000 0.000 0.000 0.000 0.000 0.000 0.000
-999.250 -999.250 -999.250 -999.250 -999.250 -999.250 -999.250 -999.250 -999.250 -999.250 -999.250 -999.250 -999.250 -999.250 -999.250 -999.250 -999.250 -999.250 -999.250 -999.250 -999.250 -999.250 -999.250 -999.250 -999.250 -999.250 -999.250 -999.250 -999.250 -999.250 4.645 2.470 4.474 4.173 4.566 5.355 5.085 2.469 2.892 4.635 4.369 4.752 4.048 4.069 6.699 4.953 4.174 4.416 3.455 2.093 2.137 2.996 2.532 0.777 0.059 0.000 0.000 0.000 0.000 0.000 0.000 0.075 0.000 0.000 0.000 0.000 0.000 0.091 0.000
-999.250 -999.250 -999.250 -999.250 -999.250 -999.250 -999.250 -999.250 -999.250 -999.250 -999.250 -999.250 -999.250 -999.250 -999.250 -999.250 -999.250 -999.250 -999.250 -999.250 -999.250 -999.250 -999.250 -999.250 -999.250 -999.250 -999.250 -999.250 -999.250 -999.250 4.212 4.018 3.287 3.057 3.499 3.749 4.557 3.806 5.295 3.967 6.876 4.340 3.422 4.211 5.308 5.007 3.848 2.755 3.952 3.269 2.723 3.185 1.845 0.236 2.164 0.000 0.000 0.000 0.000 0.000 0.230 0.000 0.000 0.000 0.000 0.000 0.000 0.000 0.000
-999.250 -999.250 -999.250 -999.250 -999.250 -999.250 -999.250 -999.250 -999.250 -999.250 -999.250 -999.250 -999.250 -999.250 -999.250 -999.250 -999.250 -999.250 -999.250 -999.250 -999.250 -999.250 -999.250 -999.250 -999.250 -999.250 -999.250 -999.250 -999.250 -999.250 5.561 2.791 2.768 3.388 3.171 3.533 3.026 1.414 4.097 5.578 5.532 5.952 6.130 4.449 5.669 4.605 4.735 3.186 4.366 3.768 2.420 1.419 1.056 0.642 0.000 0.000 0.000 0.000 0.000 0.000 0.000 0.112 0.321 1.184 0.000 0.000 0.000 0.000 0.000
-999.250 -999.250 -999.250 -999.250 -999.250 -999.250 -999.250 -999.250 -999.250 -999.250 -999.250 -999.250 -999.250 -999.250 -999.250 -999.250 -999.250 -999.250 -999.250 -999.250 -999.250 -999.250 -999.250 -999.250 -999.250 -999.250 -999.250 -999.250 -999.250 4.675 5.810 4.251 2.852 4.440 4.125 1.365 2.167 1.720 2.851 6.079 5.622 6.408 4.628 4.837 3.455 4.351 4.813 4.524 2.395 1.721 2.286 2.207 1.090 1.047 0.000 0.000 0.000 0.000 0.000 0.000 0.000 0.110 0.707 0.000 0.098 0.219 0.891 1.263 0.033
-999.250 -999.250 -999.250 -999.250 -999.250 -999.250 -999.250 -999.250 -999.250 -999.250 -999.250 -999.250 -999.250 -999.250 -999.250 -999.250 -999.250 -999.250 -999.250 -999.250 -999.250 -999.250 -999.250 -999.250 -999.250 -999.250 -999.250 -999.250 -999.250 5.086 6.807 5.344 4.105 4.202 3.468 1.627 2.494 2.331 2.525 3.806 3.397 5.740 5.622 3.927 5.423 4.064 3.852 4.187 2.771 1.348 1.596 2.240 1.195 0.000 0.000 0.000 0.000 0.000 0.000 0.000 0.000 0.280 0.000 0.000 0.000 0.000 0.000 0.642 2.119
-999.250 -999.250 -999.250 -999.250 -999.250 -999.250 -999.250 -999.250 -999.250 -999.250 -999.250 -999.250 -999.250 -999.250 -999.250 -999.250 -999.250 -999.250 -999.250 -999.250 -999.250 -999.250 -999.250 -999.250 -999.250 -999.250 -999.250 -999.250 3.887 6.183 6.019 6.935 5.868 3.976 3.816 2.092 3.473 2.118 1.992 2.769 3.036 3.838 4.004 2.734 3.517 4.092 4.816 3.102 3.938 2.313 0.721 0.000 0.000 0.000 0.000 0.000 0.000 0.000 0.000 0.000 0.000 0.000 0.000 0.256 0.000 0.000 0.883 0.433 0.602
-999.250 -999.250 -999.250 -999.250 -999.250 -999.250 -999.250 -999.250 -999.250 -999.250 -999.250 -999.250 -999.250 -999.250 -999.250 -999.250 -999.250 -999.250 -999.250 -999.250 -999.250 -999.250 -999.250 -999.250 -999.250 -999.250 -999.250 -999.250 5.495 7.809 5.609 7.370 7.826 4.696 3.205 0.899 1.949 1.414 1.419 4.077 4.221 2.209 3.182 3.750 3.367 4.665 3.739 3.611 3.295 2.659 1.356 1.468 0.000 0.000 0.000 0.000 0.000 0.000 0.000 0.000 0.000 0.000 0.000 0.000 0.000 0.056 2.033 0.396 1.412
-999.250 -999.250 -999.250 -999.250 -999.250 -999.250 -999.250 -999.250 -999.250 -999.250 -999.250 -999.250 -999.250 -999.250 -999.250 -999.250 -999.250 -999.250 -999.250 -999.250 -999.250 -999.250 -999.250 -999.250 -999.250 -999.250 -999.250 4.959 6.838 6.216 7.957 9.052 9.258 5.358 4.344 2.477 0.856 2.714 2.755 4.035 4.576 3.615 3.319 4.302 4.751 2.898 4.296 2.734 4.432 4.023 2.391 0.207 0.000 0.000 1.001 0.282 0.000 0.000 0.000 0.000 0.000 0.000 1.555 0.493 0.391 0.908 1.114 0.000 0.000
-999.250 -999.250 -999.250 -999.250 -999.250 -999.250 -999.250 -999.250 -999.250 -999.250 -999.250 -999.250 -999.250 -999.250 -999.250 -999.250 -999.250 -999.250 -999.250 -999.250 -999.250 -999.250 -999.250 -999.250 -999.250 -999.250 -999.250 4.870 6.093 6.273 9.937 14.583 10.926 8.084 6.624 6.459 3.702 3.266 4.125 4.080 4.454 3.768 3.491 3.352 3.369 2.532 3.023 5.000 2.044 2.508 2.141 3.929 1.620 1.925 0.134 0.476 0.000 0.000 0.000 0.000 0.000 0.182 0.000 0.629 0.000 0.000 0.000 0.067 1.093
-999.250 -999.250 -999.250 -999.250 -999.250 -999.250 -999.250 -999.250 -999.250 -999.250 -999.250 -999.250 -999.250 -999.250 -999.250 -999.250 -999.250 -999.250 -999.250 -999.250 -999.250 -999.250 -999.250 -999.250 -999.250 -999.250 -999.250 -999.250 4.275 6.397 8.026 10.633 9.015 9.917 8.560 6.360 5.083 3.566 5.567 5.592 4.466 4.486 3.973 3.860 3.343 2.870 5.041 3.995 4.253 3.579 2.374 2.426 3.654 0.737 0.481 0.000 0.000 0.000 0.000 0.000 0.000 0.000 0.000 0.000 0.000 0.000 0.000 0.000 0.447
-999.250 -999.250 -999.250 -999.250 -999.250 -999.250 -999.250 -999.250 -999.250 -999.250 -999.250 -999.250 -999.250 -999.250 -999.250 -999.250 -999.250 -999.250 -999.250 -999.250 -999.250 -999.250 -999.250 -999.250 -999.250 -999.250 -999.250 -999.250 -999.250 -999.250 7.813 6.520 7.595 8.053 7.100 7.412 6.014 4.559 3.534 5.471 3.997 3.973 1.863 3.063 4.227 4.317 4.031 4.121 4.872 1.284 2.801 0.620 0.596 0.000 0.560 0.000 0.000 0.000 0.000 0.000 0.000 0.000 0.000 0.000 0.784 0.335 1.323 1.173 2.509
-999.250 -999.250 -999.250 -999.250 -999.250 -999.250 -999.250 -999.250 -999.250 -999.250 -999.250 -999.250 -999.250 -999.250 -999.250 -999.250 -999.250 -999.250 -999.250 -999.250 -999.250 -999.250 -999.250 -999.250 -999.250 -999.250 -999.250 -999.250 -999.250 -999.250 8.042 5.408 5.348 6.569 4.920 6.793 5.835 4.073 4.429 2.961 3.697 3.162 2.217 4.124 5.081 4.343 3.710 4.448 4.661 4.172 0.077 0.948 0.000 0.000 0.000 0.000 0.000 0.000 0.000 0.000 0.000 0.000 0.000 0.000 0.000 1.310 0.501 0.000 1.570
-999.250 -999.250 -999.250 -999.250 -999.250 -999.250 -999.250 -999.250 -999.250 -999.250 -999.250 -999.250 -999.250 -999.250 -999.250 -999.250 -999.250 -999.250 -999.250 -999.250 -999.250 -999.250 -999.250 -999.250 -999.250 -999.250 -999.250 -999.250 -999.250 -999.250 5.111 6.932 6.534 4.706 6.069 3.926 6.417 3.612 5.890 3.366 3.855 1.516 2.709 3.158 4.638 5.760 2.821 4.617 2.866 0.350 0.791 0.199 0.000 0.000 0.000 0.000 0.000 0.000 0.000 0.000 0.000 0.000 0.000 0.000 0.000 0.218 0.000 0.000 0.000
-999.250 -999.250 -999.250 -999.250 -999.250 -999.250 -999.250 -999.250 -999.250 -999.250 -999.250 -999.250 -999.250 -999.250 -999.250 -999.250 -999.250 -999.250 -999.250 -999.250 -999.250 -999.250 -999.250 -999.250 -999.250 -999.250 -999.250 -999.250 -999.250 -999.250 -999.250 7.119 5.839 5.967 6.923 6.175 3.988 2.968 5.326 5.413 2.958 1.587 4.959 2.996 4.306 4.609 3.020 2.885 3.924 1.488 0.639 0.000 0.000 0.000 0.000 0.000 0.000 0.000 0.000 0.000 0.000 0.000 0.000 0.000 0.000 0.000 0.000 0.000 0.000
-999.250 -999.250 -999.250 -999.250 -999.250 -999.250 -999.250 -999.250 -999.250 -999.250 -999.250 -999.250 -999.250 -999.250 -999.250 -999.250 -999.250 -999.250 -999.250 -999.250 -999.250 -999.250 -999.250 -999.250 -999.250 -999.250 -999.250 -999.250 -999.250 -999.250 7.227 6.220 8.153 7.449 6.501 5.868 4.034 4.264 3.316 3.926 3.800 2.057 2.528 2.233 3.461 2.765 1.008 1.998 2.876 2.086 0.045 0.000 0.000 0.000 0.000 0.000 0.000 0.000 0.000 0.000 0.000 0.000 0.000 0.000 0.000 0.000 0.000 0.000 0.000
-999.250 -999.250 -999.250 -999.250 -999.250 -999.250 -999.250 -999.250 -999.250 -999.250 -999.250 -999.250 -999.250 -999.250 -999.250 -999.250 -999.250 -999.250 -999.250 -999.250 -999.250 -999.250 -999.250 -999.250 -999.250 -999.250 -999.250 -999.250 -999.250 -999.250 -999.250 6.658 7.357 7.790 4.676 5.419 3.855 4.217 2.254 2.484 2.893 3.245 2.736 0.791 2.286 1.475 0.995 3.186 2.198 3.418 2.327 0.000 0.000 0.000 0.000 0.000 0.000 0.000 0.000 0.000 0.000 0.000 0.000 0.000 0.000 0.248 0.000 0.000 0.067
-999.250 -999.250 -999.250 -999.250 -999.250 -999.250 -999.250 -999.250 -999.250 -999.250 -999.250 -999.250 -999.250 -999.250 -999.250 -999.250 -999.250 -999.250 -999.250 -999.250 -999.250 -999.250 -999.250 -999.250 -999.250 -999.250 -999.250 -999.250 -999.250 -999.250 5.465 5.537 8.148 7.709 5.529 6.227 2.779 2.227 2.306 1.661 1.874 2.348 2.173 2.207 0.326 0.000 2.609 1.798 1.408 1.607 2.143 0.000 0.000 0.000 0.000 0.000 0.000 0.000 0.000 0.000 0.000 0.000 0.000 0.000 0.171 0.000 0.000 0.000 0.000
-999.250 -999.250 -999.250 -999.250 -999.250 -999.250 -999.250 -999.250 -999.250 -999.250 -999.250 -999.250 -999.250 -999.250 -999.250 -999.250 -999.250 -999.250 -999.250 -999.250 -999.250 -999.250 -999.250 -999.250 -999.250 -999.250 -999.250 -999.250 -999.250 -999.250 5.924 7.490 6.677 7.595 8.031 4.480 3.385 2.097 1.862 2.327 0.969 1.691 0.446 1.736 2.314 1.368 0.911 0.650 1.040 0.919 0.738 0.707 0.000 0.335 0.000 0.000 0.000 0.000 0.000 0.000 0.000 0.000 0.000 0.000 0.000 0.000 0.000 0.000 0.000
-999.250 -999.250 -999.250 -999.250 -999.250 -999.250 -999.250 -999.250 -999.250 -999.250 -999.250 -999.250 -999.250 -999.250 -999.250 -999.250 -999.250 -999.250 -999.250 -999.250 -999.250 -999.250 -999.250 -999.250 -999.250 -999.250 -999.250 -999.250 -999.250 -999.250 5.779 6.647 8.462 7.777 6.225 5.425 2.156 2.384 1.045 1.819 2.923 1.150 2.032 1.154 0.719 2.004 0.101 0.547 1.866 0.028 0.251 1.578 0.000 0.000 0.000 0.000 0.000 0.000 0.000 0.000 0.000 0.000 0.000 0.000 0.000 0.000 0.000 0.000 0.000
-999.250 -999.250 -999.250 -999.250 -999.250 -999.250 -999.250 -999.250 -999.250 -999.250 -999.250 -999.250 -999.250 -999.250 -999.250 -999.250 -999.250 -999.250 -999.250 -999.250 -999.250 -999.250 -999.250 -999.250 -999.250 -999.250 -999.250 -999.250 -999.250 -999.250 6.769 8.507 7.756 7.236 6.346 4.076 3.986 3.777 3.046 3.137 3.152 0.792 0.474 1.132 0.845 2.388 0.222 0.077 0.233 1.225 1.387 0.891 1.644 0.689 0.268 0.000 0.000 0.000 0.000 0.000 0.000 0.000 0.000 0.000 0.000 0.000 0.000 0.000 0.000
-999.250 -999.250 -999.250 -999.250 -999.250 -999.250 -999.250 -999.250 -999.250 -999.250 -999.250 -999.250 -999.250 -999.250 -999.250 -999.250 -999.250 -999.250 -999.250 -999.250 -999.250 -999.250 -999.250 -999.250 -999.250 -999.250 -999.250 -999.250 -999.250 -999.250 5.228 5.936 7.463 6.135 5.998 4.354 4.629 3.758 3.504 1.463 2.744 0.970 0.423 1.211 1.239 0.554 0.000 0.172 0.909 0.020 0.819 0.000 0.000 0.000 0.000 0.000 0.000 0.000 0.000 0.000 0.000 0.000 0.000 0.000 0.000 0.000 0.000 0.000 0.000
-999.250 -999.250 -999.250 -999.250 -999.250 -999.250 -999.250 -999.250 -999.250 -999.250 -999.250 -999.250 -999.250 -999.250 -999.250 -999.250 -999.250 -999.250 -999.250 -999.250 -999.250 -999.250 -999.250 -999.250 -999.250 -999.250 -999.250 -999.250 -999.250 -999.250 -999.250 4.546 5.070 3.915 4.165 4.370 3.693 2.198 1.528 2.859 1.242 1.998 2.573 0.000 0.000 0.287 0.000 0.000 0.000 1.616 0.994 0.001 0.000 0.000 0.000 0.000 0.000 0.000 0.000 0.000 0.000 0.000 0.000 0.000 0.000 0.000 0.000 0.000 0.000
-999.250 -999.250 -999.250 -999.250 -999.250 -999.250 -999.250 -999.250 -999.250 -999.250 -999.250 -999.250 -999.250 -999.250 -999.250 -999.250 -999.250 -999.250 -999.250 -999.250 -999.250 -999.250 -999.250 -999.250 -999.250 -999.250 -999.250 -999.250 -999.250 -999.250 -999.250 4.762 5.659 3.634 3.939 3.432 2.435 1.481 1.828 2.209 0.546 0.993 2.716 0.434 0.000 0.000 0.000 0.000 0.000 1.401 1.203 0.866 0.000 0.000 0.000 0.000 0.000 0.000 0.000 0.000 0.000 0.000 0.000 0.000 0.000 0.000 0.000 0.000 0.000
-999.250 -999.250 -999.250 -999.250 -999.250 -999.250 -999.250 -999.250 -999.250 -999.250 -999.250 -999.250 -999.250 -999.250 -999.250 -999.250 -999.250 -999.250 -999.250 -999.250 -999.250 -999.250 -999.250 -999.250 -999.250 -999.250 -999.250 -999.250 -999.250 -999.250 4.642 3.278 3.807 3.215 2.942 2.396 2.415 1.188 0.163 0.000 0.283 0.900 2.728 0.095 0.000 0.709 0.000 0.256 1.138 0.000 0.000 1.157 0.000 0.000 0.000 0.000 0.000 0.000 0.000 0.000 0.000 0.000 0.000 0.000 0.000 0.000 0.000 0.000 0.000
