data/medianmodel_09-Sep-2020.asc
ncols	141
nrows	288
xllcorner	-120191.398
yllcorner	-301404.813
cellsize	2000.000
NODATA_value	-999.250
[rows 62 to 92 of 288, columns 69 to 137 of 141]
0.000 0.000 0.000 0.000 0.000 0.000 6.145 13.240 18.816 29.151 30.841 30.537 25.884 28.622 60.308 88.884 91.744 104.404 96.515 85.571 57.911 21.051 0.000 0.000 0.000 0.000 0.000 0.000 0.000 0.000 0.000 0.000 0.000 0.000 0.000 0.000 0.000 0.000 0.000 1.579 9.466 -999.250 -999.250 -999.250 -999.250 -999.250 -999.250 -999.250 -999.250 -999.250 -999.250 -999.250 -999.250 -999.250 -999.250 -999.250 -999.250 -999.250 -999.250 -999.250 -999.250 -999.250 -999.250 -999.250 -999.250 -999.250 -999.250 -999.250 -999.250
0.000 0.000 0.000 0.000 0.000 0.000 1.701 9.785 17.322 25.017 32.382 34.998 34.646 30.814 92.394 122.531 149.560 151.539 150.760 142.719 90.845 44.229 0.000 3.247 8.374 7.802 4.752 0.404 0.000 0.000 0.000 0.000 0.000 0.000 0.000 0.000 0.000 0.000 0.000 0.000 5.019 10.928 -999.250 -999.250 -999.250 -999.250 -999.250 -999.250 -999.250 -999.250 -999.250 -999.250 -999.250 -999.250 -999.250 -999.250 -999.250 -999.250 -999.250 -999.250 -999.250 -999.250 -999.250 -999.250 -999.250 -999.250 -999.250 -999.250 -999.250
0.000 0.000 0.000 0.000 0.000 0.000 0.466 8.744 18.341 33.904 41.942 55.778 71.972 87.177 137.264 180.613 273.763 308.143 257.746 219.987 143.106 99.253 59.356 42.274 29.712 20.107 16.592 10.714 0.000 0.000 0.000 0.000 0.000 0.000 0.000 0.000 0.000 0.000 0.000 0.000 2.236 10.888 15.774 -999.250 -999.250 -999.250 -999.250 -999.250 -999.250 -999.250 -999.250 -999.250 -999.250 -999.250 -999.250 -999.250 -999.250 -999.250 -999.250 -999.250 -999.250 -999.250 -999.250 -999.250 -999.250 -999.250 -999.250 -999.250 -999.250
4.865 0.000 0.000 0.000 0.000 0.000 3.001 14.012 30.856 46.999 68.600 77.655 96.414 144.915 201.908 307.414 473.280 521.150 420.233 382.149 211.071 141.844 105.787 91.064 65.637 46.444 37.372 21.881 9.335 1.916 0.000 0.000 0.000 0.000 0.000 0.000 0.000 0.000 0.000 0.000 1.084 9.821 15.920 -999.250 -999.250 -999.250 -999.250 -999.250 -999.250 -999.250 -999.250 -999.250 -999.250 -999.250 -999.250 -999.250 -999.250 -999.250 -999.250 -999.250 -999.250 -999.250 -999.250 -999.250 -999.250 -999.250 -999.250 -999.250 -999.250
7.873 0.000 0.000 0.000 0.000 0.000 8.097 19.672 42.830 68.342 84.286 99.611 151.552 158.296 294.060 453.627 531.605 685.565 616.465 489.987 338.002 190.264 174.545 137.081 105.092 82.087 61.645 35.529 20.949 10.531 3.103 0.000 0.000 0.000 0.000 0.000 0.000 0.000 0.000 0.000 0.000 7.646 14.525 21.597 -999.250 -999.250 -999.250 -999.250 -999.250 -999.250 -999.250 -999.250 -999.250 -999.250 -999.250 -999.250 -999.250 -999.250 -999.250 -999.250 -999.250 -999.250 -999.250 -999.250 -999.250 -999.250 -999.250 -999.250 -999.250
11.263 3.441 0.000 0.000 0.000 0.311 8.085 20.448 51.673 76.644 90.440 144.560 172.443 226.331 347.260 567.770 720.560 861.067 729.377 606.080 599.590 395.403 314.655 159.129 144.264 102.511 82.659 46.670 30.577 14.963 8.168 1.415 0.000 0.000 0.000 0.000 0.000 0.000 0.000 0.000 0.000 7.106 13.965 21.037 26.134 -999.250 -999.250 -999.250 -999.250 -999.250 -999.250 -999.250 -999.250 -999.250 -999.250 -999.250 -999.250 -999.250 -999.250 -999.250 -999.250 -999.250 -999.250 -999.250 -999.250 -999.250 -999.250 -999.250 -999.250
14.469 4.274 0.000 0.000 0.000 0.041 9.082 23.623 45.762 84.410 112.704 159.865 267.563 294.205 506.820 677.790 877.635 983.945 862.388 830.642 735.643 631.992 412.841 196.853 153.901 115.766 86.671 64.541 41.201 18.249 10.246 3.831 0.000 0.000 0.000 0.000 0.000 0.000 0.000 0.000 0.000 7.282 12.779 19.176 24.037 -999.250 -999.250 -999.250 -999.250 -999.250 -999.250 -999.250 -999.250 -999.250 -999.250 -999.250 -999.250 -999.250 -999.250 -999.250 -999.250 -999.250 -999.250 -999.250 -999.250 -999.250 -999.250 -999.250 -999.250
9.410 2.172 0.000 0.000 0.000 0.000 6.919 21.583 47.006 81.760 127.094 191.960 216.180 461.185 570.323 796.181 980.874 1028.148 1064.401 945.352 782.947 672.608 523.786 307.994 170.831 126.519 94.218 72.565 44.118 25.867 13.768 6.406 2.101 0.000 0.000 0.000 0.000 0.000 0.000 0.000 0.568 8.264 13.943 18.558 21.931 -999.250 -999.250 -999.250 -999.250 -999.250 -999.250 -999.250 -999.250 -999.250 -999.250 -999.250 -999.250 -999.250 -999.250 -999.250 -999.250 -999.250 -999.250 -999.250 -999.250 -999.250 -999.250 -999.250 -999.250
4.869 0.245 0.000 0.000 0.000 0.000 0.000 11.235 42.707 82.627 134.632 169.979 249.494 337.961 552.693 753.036 899.034 1057.904 1167.532 1012.202 883.300 776.787 524.744 298.280 182.699 138.462 96.013 66.528 44.510 24.043 10.313 5.750 1.069 0.000 0.000 0.000 0.000 0.000 0.000 0.000 2.277 8.635 13.675 17.921 23.428 21.143 22.859 -999.250 -999.250 -999.250 -999.250 -999.250 -999.250 -999.250 -999.250 -999.250 -999.250 -999.250 -999.250 -999.250 -999.250 -999.250 -999.250 -999.250 -999.250 -999.250 -999.250 -999.250 -999.250
0.000 0.000 0.000 0.000 0.000 0.000 0.000 0.000 35.914 78.348 116.039 154.404 234.457 285.176 484.334 612.325 793.610 933.204 1040.927 980.515 826.546 615.209 472.016 233.667 151.716 115.854 81.773 63.681 35.482 22.462 10.659 3.589 0.000 0.000 0.000 0.000 0.000 0.000 0.000 0.000 3.640 9.870 14.345 17.542 21.924 22.328 24.201 -999.250 -999.250 -999.250 -999.250 -999.250 -999.250 -999.250 -999.250 -999.250 -999.250 -999.250 -999.250 -999.250 -999.250 -999.250 -999.250 -999.250 -999.250 -999.250 -999.250 -999.250 -999.250
0.000 0.000 0.000 0.000 0.000 0.000 0.000 9.021 33.399 65.021 104.476 152.226 200.000 276.349 356.437 446.086 621.210 693.444 834.328 908.593 692.382 546.313 325.988 168.736 134.497 103.115 70.179 43.657 25.642 15.211 9.474 5.041 0.000 0.000 0.000 0.000 0.000 0.000 0.000 0.000 4.536 10.146 13.983 15.796 21.957 22.632 -999.250 -999.250 -999.250 -999.250 -999.250 -999.250 -999.250 -999.250 -999.250 -999.250 -999.250 -999.250 -999.250 -999.250 -999.250 -999.250 -999.250 -999.250 -999.250 -999.250 -999.250 -999.250 -999.250
0.000 0.000 0.000 0.000 0.000 0.000 0.718 12.159 34.273 61.220 88.949 134.257 155.964 178.249 211.831 307.638 502.206 499.070 531.410 633.567 566.617 418.073 223.118 143.366 93.122 71.063 47.877 29.910 16.085 8.147 7.762 0.082 0.000 0.000 0.000 0.000 0.000 0.000 0.000 1.945 3.542 9.053 14.038 14.680 20.690 23.971 -999.250 -999.250 -999.250 -999.250 -999.250 -999.250 -999.250 -999.250 -999.250 -999.250 -999.250 -999.250 -999.250 -999.250 -999.250 -999.250 -999.250 -999.250 -999.250 -999.250 -999.250 -999.250 -999.250
0.000 0.000 0.000 0.000 0.000 0.000 5.599 14.373 31.355 48.875 72.646 89.016 112.507 119.009 138.974 166.976 182.144 215.500 278.642 310.934 329.486 188.196 137.469 88.072 52.569 40.610 29.391 14.691 6.519 2.434 0.000 0.000 0.000 0.000 0.000 0.000 0.000 0.000 0.000 2.647 7.518 8.206 12.854 14.466 18.584 20.742 -999.250 -999.250 -999.250 -999.250 -999.250 -999.250 -999.250 -999.250 -999.250 -999.250 -999.250 -999.250 -999.250 -999.250 -999.250 -999.250 -999.250 -999.250 -999.250 -999.250 -999.250 -999.250 -999.250
0.000 0.000 0.000 0.000 0.000 1.664 7.793 15.825 31.028 44.394 54.866 62.560 78.494 74.698 69.947 100.390 107.556 129.820 141.371 145.259 127.859 104.638 76.958 0.000 8.557 10.788 8.669 3.634 0.000 0.000 0.000 0.000 0.000 0.000 0.000 0.000 0.000 0.000 1.002 5.233 7.738 11.030 12.316 13.688 16.773 22.256 -999.250 -999.250 -999.250 -999.250 -999.250 -999.250 -999.250 -999.250 -999.250 -999.250 -999.250 -999.250 -999.250 -999.250 -999.250 -999.250 -999.250 -999.250 -999.250 -999.250 -999.250 -999.250 -999.250
0.000 0.000 0.000 0.000 0.000 2.329 9.175 18.655 30.822 35.881 36.146 39.954 36.491 35.765 37.625 24.915 0.000 41.652 70.320 84.451 81.214 52.672 25.757 0.000 0.000 0.000 0.000 0.000 0.000 0.000 0.000 0.000 0.000 0.000 0.000 0.000 0.000 0.495 3.583 8.938 7.660 10.053 12.693 15.321 15.040 15.519 -999.250 -999.250 -999.250 -999.250 -999.250 -999.250 -999.250 -999.250 -999.250 -999.250 -999.250 -999.250 -999.250 -999.250 -999.250 -999.250 -999.250 -999.250 -999.250 -999.250 -999.250 -999.250 -999.250
0.000 0.000 0.000 0.000 0.000 2.068 10.791 18.145 34.542 25.785 21.998 18.356 15.264 12.121 4.344 0.000 0.000 0.524 25.567 37.322 32.384 22.852 7.679 0.000 0.000 0.000 0.000 0.000 0.000 0.000 0.000 0.000 0.000 0.000 0.000 0.000 0.000 0.998 4.536 6.791 7.026 11.469 13.412 13.509 14.232 11.846 -999.250 -999.250 -999.250 -999.250 -999.250 -999.250 -999.250 -999.250 -999.250 -999.250 -999.250 -999.250 -999.250 -999.250 -999.250 -999.250 -999.250 -999.250 -999.250 -999.250 -999.250 -999.250 -999.250
0.000 0.000 0.000 0.000 0.000 1.114 7.192 12.473 16.788 14.620 13.690 8.556 4.548 0.000 0.000 0.000 0.000 0.000 2.708 11.183 12.529 10.642 5.142 0.000 0.000 0.000 0.000 0.000 0.000 0.000 0.000 0.000 0.000 0.000 0.000 0.000 0.000 2.267 5.171 6.046 7.956 10.337 12.727 12.854 12.002 11.650 -999.250 -999.250 -999.250 -999.250 -999.250 -999.250 -999.250 -999.250 -999.250 -999.250 -999.250 -999.250 -999.250 -999.250 -999.250 -999.250 -999.250 -999.250 -999.250 -999.250 -999.250 -999.250 -999.250
5.463 1.722 0.134 0.000 0.000 0.706 3.972 5.695 7.457 6.123 5.646 1.898 0.000 0.000 0.000 0.000 0.000 0.000 0.000 1.294 4.199 6.440 5.947 1.035 0.000 0.000 0.000 0.000 0.000 0.000 0.000 0.000 0.000 0.000 0.000 0.000 0.000 2.568 6.131 5.589 8.001 9.323 9.382 10.741 11.663 10.084 -999.250 -999.250 -999.250 -999.250 -999.250 -999.250 -999.250 -999.250 -999.250 -999.250 -999.250 -999.250 -999.250 -999.250 -999.250 -999.250 -999.250 -999.250 -999.250 -999.250 -999.250 -999.250 -999.250
14.148 11.157 6.662 2.493 1.190 0.000 0.000 0.469 1.108 0.052 0.000 0.000 0.000 0.000 0.000 0.000 0.000 0.000 0.000 4.681 9.681 11.982 10.736 9.868 8.468 3.352 0.003 0.000 0.000 0.000 0.000 0.000 0.000 0.000 0.000 0.000 0.784 2.221 4.206 5.901 7.705 7.013 8.960 8.321 7.259 7.852 7.588 -999.250 -999.250 -999.250 -999.250 -999.250 -999.250 -999.250 -999.250 -999.250 -999.250 -999.250 -999.250 -999.250 -999.250 -999.250 -999.250 -999.250 -999.250 -999.250 -999.250 -999.250 -999.250
27.529 21.143 12.333 8.133 3.805 1.404 0.000 0.000 0.000 0.000 0.000 0.000 0.000 0.000 0.000 0.000 0.000 0.000 4.998 10.269 16.840 21.373 22.810 17.796 13.661 9.515 4.237 0.000 0.000 0.000 0.000 0.000 0.000 0.000 0.000 0.392 2.918 3.889 7.504 6.538 7.939 5.133 3.616 4.832 2.378 3.461 5.266 -999.250 -999.250 -999.250 -999.250 -999.250 -999.250 -999.250 -999.250 -999.250 -999.250 -999.250 -999.250 -999.250 -999.250 -999.250 -999.250 -999.250 -999.250 -999.250 -999.250 -999.250 -999.250
47.301 30.308 19.856 11.593 7.457 5.493 3.389 0.841 0.000 0.000 0.000 0.000 0.000 0.000 0.000 0.000 0.000 2.975 10.651 18.515 29.390 34.686 34.019 27.765 24.908 14.969 8.852 1.643 0.000 0.000 0.000 0.000 0.000 0.000 0.000 0.194 4.543 6.293 7.197 7.769 6.632 4.493 2.923 1.547 1.420 0.812 1.014 -999.250 -999.250 -999.250 -999.250 -999.250 -999.250 -999.250 -999.250 -999.250 -999.250 -999.250 -999.250 -999.250 -999.250 -999.250 -999.250 -999.250 -999.250 -999.250 -999.250 -999.250 -999.250
37.573 31.196 23.179 12.694 11.112 7.781 7.190 3.754 1.801 0.000 0.000 0.000 0.000 0.000 0.000 0.000 0.000 9.499 17.178 28.306 39.464 50.624 44.370 36.159 29.012 19.476 10.794 4.452 0.035 0.000 0.000 0.000 0.000 0.000 0.581 4.264 6.284 7.145 7.813 6.173 4.709 2.215 0.948 0.000 0.000 0.000 0.000 -999.250 -999.250 -999.250 -999.250 -999.250 -999.250 -999.250 -999.250 -999.250 -999.250 -999.250 -999.250 -999.250 -999.250 -999.250 -999.250 -999.250 -999.250 -999.250 -999.250 -999.250 -999.250
33.360 30.902 25.331 18.413 13.197 10.684 10.561 9.783 6.030 3.686 0.000 0.000 0.000 0.000 0.000 0.000 1.385 11.685 18.478 33.940 48.970 72.171 51.610 39.870 27.530 17.902 11.549 6.091 0.597 0.000 0.000 1.014 0.793 4.834 6.036 7.616 7.035 6.948 6.331 3.171 2.889 0.000 0.000 0.000 0.000 0.000 -999.250 -999.250 -999.250 -999.250 -999.250 -999.250 -999.250 -999.250 -999.250 -999.250 -999.250 -999.250 -999.250 -999.250 -999.250 -999.250 -999.250 -999.250 -999.250 -999.250 -999.250 -999.250 -999.250
31.733 29.265 27.379 20.294 17.627 14.162 13.783 16.207 9.237 4.165 0.000 0.000 0.000 0.000 0.000 0.000 1.001 9.954 16.178 29.342 41.811 49.870 45.585 35.314 25.914 16.468 12.209 8.327 4.317 2.552 4.812 6.187 6.853 9.726 10.480 9.851 10.285 9.744 8.737 5.750 0.523 0.000 0.000 0.000 0.000 0.000 -999.250 -999.250 -999.250 -999.250 -999.250 -999.250 -999.250 -999.250 -999.250 -999.250 -999.250 -999.250 -999.250 -999.250 -999.250 -999.250 -999.250 -999.250 -999.250 -999.250 -999.250 -999.250 -999.250
27.133 28.471 28.133 23.702 22.411 16.146 15.288 15.044 10.187 4.167 0.000 0.000 0.000 0.000 0.000 0.000 0.147 6.034 13.027 23.936 30.664 34.900 32.921 26.055 21.392 13.964 12.480 10.310 9.549 8.819 10.421 9.747 9.695 10.814 11.623 11.778 11.918 10.845 9.867 5.832 0.737 0.000 0.000 0.000 0.000 -999.250 -999.250 -999.250 -999.250 -999.250 -999.250 -999.250 -999.250 -999.250 -999.250 -999.250 -999.250 -999.250 -999.250 -999.250 -999.250 -999.250 -999.250 -999.250 -999.250 -999.250 -999.250 -999.250 -999.250
29.974 31.706 31.973 27.356 25.780 20.062 17.378 14.748 8.633 4.835 0.000 0.000 0.000 0.000 0.000 0.000 0.000 3.895 8.981 14.421 18.820 19.390 19.990 18.588 16.032 13.048 12.614 13.009 13.662 14.201 13.213 14.413 12.562 15.619 13.137 13.619 12.212 10.987 8.343 4.954 1.091 0.000 0.000 0.000 0.000 -999.250 -999.250 -999.250 -999.250 -999.250 -999.250 -999.250 -999.250 -999.250 -999.250 -999.250 -999.250 -999.250 -999.250 -999.250 -999.250 -999.250 -999.250 -999.250 -999.250 -999.250 -999.250 -999.250 -999.250
30.298 32.057 31.258 32.452 28.345 24.945 20.222 16.855 12.172 7.690 0.254 0.000 0.000 0.000 0.000 0.000 0.000 0.000 3.171 7.273 11.221 12.074 13.464 12.695 11.527 10.889 13.166 15.145 23.095 18.189 17.292 16.625 15.593 16.209 16.544 15.208 11.809 10.379 7.390 3.593 0.000 0.000 0.000 0.000 0.000 0.000 0.000 -999.250 -999.250 -999.250 -999.250 -999.250 -999.250 -999.250 -999.250 -999.250 -999.250 -999.250 -999.250 -999.250 -999.250 -999.250 -999.250 -999.250 -999.250 -999.250 -999.250 -999.250 -999.250
29.428 33.022 38.539 32.540 31.136 29.434 24.764 20.997 15.233 12.465 5.685 2.515 0.000 0.000 0.000 0.000 0.000 0.000 0.000 1.837 3.177 6.448 6.258 6.336 9.412 11.564 13.271 15.583 19.196 19.958 20.380 20.933 19.440 18.368 15.066 14.033 12.130 10.344 6.790 2.584 0.000 0.000 0.000 0.000 0.000 0.000 0.000 -999.250 -999.250 -999.250 -999.250 -999.250 -999.250 -999.250 -999.250 -999.250 -999.250 -999.250 -999.250 -999.250 -999.250 -999.250 -999.250 -999.250 -999.250 -999.250 -999.250 -999.250 -999.250
24.924 29.473 33.446 35.465 33.796 32.374 31.036 25.809 24.774 18.140 13.184 6.888 0.482 0.000 0.000 0.000 0.000 0.000 0.000 0.000 0.000 0.000 2.633 4.021 9.263 12.364 13.928 16.323 20.576 21.698 19.980 23.090 22.357 19.707 16.169 12.038 11.094 8.282 4.370 1.904 0.000 0.000 0.000 0.000 0.000 0.000 0.000 -999.250 -999.250 -999.250 -999.250 -999.250 -999.250 -999.250 -999.250 -999.250 -999.250 -999.250 -999.250 -999.250 -999.250 -999.250 -999.250 -999.250 -999.250 -999.250 -999.250 -999.250 -999.250
22.425 25.694 30.980 30.913 37.328 34.122 37.527 37.441 35.426 29.422 18.262 12.957 7.997 1.294 0.000 0.000 0.000 0.000 0.000 0.000 0.000 0.000 1.811 6.800 9.612 12.722 14.864 17.467 18.263 22.826 21.420 21.903 19.242 19.017 14.963 10.115 7.796 6.345 1.985 0.000 0.000 0.000 0.000 0.000 0.000 0.000 -999.250 -999.250 -999.250 -999.250 -999.250 -999.250 -999.250 -999.250 -999.250 -999.250 -999.250 -999.250 -999.250 -999.250 -999.250 -999.250 -999.250 -999.250 -999.250 -999.250 -999.250 -999.250 -999.250
15.445 22.347 25.715 32.987 35.932 38.492 41.515 42.050 39.107 37.114 29.866 21.862 14.740 9.604 3.379 0.000 0.000 0.000 0.000 0.000 0.000 1.182 5.097 8.438 11.481 15.142 15.691 16.639 18.766 20.755 19.781 17.453 18.448 15.303 13.103 10.368 6.726 3.803 1.119 0.000 0.000 0.000 0.000 0.000 0.000 0.000 -999.250 -999.250 -999.250 -999.250 -999.250 -999.250 -999.250 -999.250 -999.250 -999.250 -999.250 -999.250 -999.250 -999.250 -999.250 -999.250 -999.250 -999.250 -999.250 -999.250 -999.250 -999.250 -999.250
