data/medianmodel_08-Dec-2020.asc
ncols	141
nrows	288
xllcorner	-120191.398
yllcorner	-301404.813
cellsize	2000.000
NODATA_value	-999.250
[rows 145 to 173 of 288, columns 0 to 63 of 141]
-999.250 -999.250 -999.250 -999.250 -999.250 -999.250 -999.250 -999.250 -999.250 -999.250 -999.250 -999.250 -999.250 -999.250 -999.250 -999.250 -999.250 187.087 192.536 204.756 201.127 223.296 246.683 253.938 284.352 300.156 335.149 363.826 373.206 352.920 368.265 360.640 348.141 343.887 359.687 359.066 354.333 334.137 356.853 354.288 326.658 321.135 302.289 285.911 280.822 238.785 230.799 221.292 220.898 189.410 178.186 165.833 147.797 138.564 145.234 158.186 160.214 178.551 192.244 218.405 257.453 300.331 378.299 444.971
-999.250 -999.250 -999.250 -999.250 -999.250 -999.250 -999.250 -999.250 -999.250 -999.250 -999.250 -999.250 -999.250 -999.250 -999.250 186.507 197.590 203.764 204.687 210.455 232.081 257.786 274.829 299.695 308.696 315.914 362.492 379.230 373.754 388.550 404.660 373.423 384.559 377.850 371.377 353.098 347.078 331.266 338.939 337.478 319.845 300.575 299.809 280.546 278.608 246.681 225.593 202.038 188.401 185.643 170.952 153.103 128.323 113.190 129.448 157.185 175.463 196.413 215.975 245.380 285.625 322.567 398.034 493.568
-999.250 -999.250 -999.250 -999.250 -999.250 -999.250 -999.250 -999.250 -999.250 -999.250 -999.250 -999.250 -999.250 -999.250 203.102 191.555 191.013 221.782 233.864 261.659 265.181 274.243 307.790 318.553 356.687 363.096 397.688 417.072 397.272 413.750 411.452 413.466 394.759 400.465 376.598 368.069 355.150 314.841 318.433 328.571 309.985 293.589 291.160 283.018 259.878 237.658 218.252 205.701 191.214 180.956 165.268 141.017 102.844 74.442 120.325 162.665 178.011 202.250 226.607 277.171 311.344 399.814 445.121 554.142
-999.250 -999.250 -999.250 -999.250 -999.250 -999.250 -999.250 -999.250 -999.250 -999.250 -999.250 -999.250 -999.250 -999.250 205.895 205.085 216.611 228.221 241.720 262.328 280.860 304.569 323.000 353.296 388.266 399.701 443.366 432.648 443.203 476.998 457.193 414.570 426.013 427.916 393.671 374.796 345.979 312.280 314.846 336.193 311.935 301.984 320.088 300.780 253.811 241.210 221.766 201.045 209.306 207.040 178.570 152.319 119.438 115.255 146.794 174.592 185.483 221.294 273.370 302.442 362.054 399.657 475.811 562.562
-999.250 -999.250 -999.250 -999.250 -999.250 -999.250 -999.250 -999.250 -999.250 -999.250 -999.250 -999.250 -999.250 225.396 231.429 240.891 226.523 233.063 262.287 290.406 312.751 343.659 360.317 388.205 414.761 451.330 491.148 479.787 492.681 486.622 473.851 450.994 446.270 429.641 408.207 379.678 360.531 337.456 343.316 326.579 321.208 332.649 348.425 324.174 288.650 290.491 285.913 263.769 263.156 239.771 204.724 176.960 161.847 173.945 171.391 186.360 208.972 251.110 288.587 316.899 353.314 411.618 473.322 554.023
-999.250 -999.250 -999.250 -999.250 -999.250 -999.250 -999.250 -999.250 -999.250 -999.250 -999.250 -999.250 217.146 232.366 221.094 235.836 234.946 255.549 278.456 296.751 345.321 361.675 400.240 433.610 463.953 492.574 492.156 504.247 511.993 497.775 499.965 474.592 459.137 442.579 409.712 405.354 384.047 368.923 334.348 372.096 351.370 349.500 363.365 344.022 338.081 341.016 347.297 323.506 314.733 286.536 264.566 229.037 208.175 190.634 196.246 202.246 229.319 263.443 284.400 309.772 335.163 398.778 458.380 578.750
-999.250 -999.250 -999.250 -999.250 -999.250 -999.250 -999.250 -999.250 -999.250 -999.250 -999.250 260.484 239.240 219.205 219.682 215.026 239.976 257.671 280.765 291.696 336.314 388.210 411.031 439.326 468.818 540.405 541.810 548.991 523.278 501.592 549.607 502.732 477.991 413.851 433.664 398.584 385.230 379.975 370.731 379.874 378.354 359.595 392.468 391.479 389.879 393.332 404.278 378.161 376.105 353.175 323.076 283.977 262.645 241.481 248.593 253.604 247.101 278.677 300.142 323.174 348.582 418.185 460.449 560.594
-999.250 -999.250 -999.250 -999.250 -999.250 -999.250 -999.250 -999.250 -999.250 -999.250 287.615 259.949 259.196 219.242 204.159 196.410 199.198 235.731 236.536 292.832 350.636 376.559 446.414 468.192 519.809 563.599 570.463 560.130 581.715 558.282 535.586 483.979 477.901 458.597 459.004 435.805 408.429 379.424 392.225 381.170 399.851 415.672 424.699 435.793 481.877 500.014 507.701 456.909 427.171 398.910 384.161 327.837 288.080 275.045 263.530 269.922 287.127 279.268 294.038 324.397 347.939 417.617 471.476 566.390
-999.250 -999.250 -999.250 -999.250 -999.250 -999.250 -999.250 -999.250 -999.250 334.138 300.861 261.654 235.358 208.320 192.770 177.215 186.041 210.759 245.496 273.540 322.903 371.854 434.942 472.292 555.511 598.609 611.535 622.971 614.690 611.579 570.718 575.910 525.751 487.575 467.055 438.820 424.953 402.211 404.573 395.977 408.597 419.783 450.867 470.509 522.693 573.394 602.830 575.805 513.404 441.443 431.138 365.953 332.401 297.711 279.185 277.157 277.620 276.501 303.938 317.205 344.981 385.234 429.983 479.829
-999.250 -999.250 -999.250 -999.250 -999.250 425.292 411.305 384.252 375.347 345.696 301.956 283.770 240.689 217.604 186.710 179.572 186.697 222.012 256.460 291.125 328.254 363.131 442.665 508.546 584.498 634.407 651.912 665.786 665.937 631.652 626.983 575.445 518.787 474.880 485.932 450.175 416.546 421.618 353.682 385.260 397.587 434.998 433.531 492.717 555.523 634.376 695.879 672.771 599.623 506.052 476.455 424.319 380.459 343.562 317.410 288.579 287.100 288.323 286.580 336.718 348.808 374.947 398.758 442.038
-999.250 -999.250 -999.250 -999.250 -999.250 -999.250 -999.250 368.271 375.341 323.148 302.188 265.830 242.668 202.648 184.783 184.972 189.836 215.702 240.708 274.538 320.652 398.546 435.566 528.630 592.036 677.168 659.326 671.558 657.642 655.226 611.272 574.207 529.515 514.594 475.056 475.453 429.207 392.872 382.542 377.413 369.710 394.113 435.655 473.751 532.927 596.721 657.702 648.640 581.508 567.282 486.022 448.901 381.579 375.818 330.407 317.009 324.612 299.966 279.792 320.994 350.278 364.194 365.482 413.061
-999.250 -999.250 -999.250 -999.250 -999.250 -999.250 -999.250 377.208 357.488 312.850 291.703 255.516 217.483 193.655 185.596 182.060 188.791 200.102 219.937 259.838 328.470 375.868 445.963 518.987 589.491 650.561 665.396 655.940 640.067 620.600 590.888 537.298 538.771 518.524 461.609 419.316 376.146 358.263 355.262 344.968 344.713 350.002 387.588 447.754 497.941 551.731 617.195 611.028 556.730 532.235 494.708 473.356 412.031 363.968 355.014 328.360 324.409 308.156 302.898 304.865 316.065 323.825 319.312 374.803
-999.250 -999.250 -999.250 -999.250 -999.250 -999.250 -999.250 359.794 330.390 299.432 275.769 234.723 196.089 180.601 168.704 175.885 171.785 177.131 203.480 234.747 287.413 375.590 445.218 514.192 553.476 630.903 632.294 646.032 658.556 607.119 566.183 538.172 486.663 449.625 440.005 420.355 383.118 365.501 320.839 310.203 297.660 297.574 333.611 379.169 430.517 495.469 538.077 535.024 525.777 509.064 480.955 454.388 436.745 383.731 336.428 333.897 296.316 309.888 299.400 301.352 292.294 292.410 306.763 306.809
-999.250 -999.250 -999.250 -999.250 -999.250 -999.250 -999.250 324.383 302.088 273.841 245.767 217.415 189.138 177.796 163.860 155.562 166.378 173.296 192.341 230.947 273.675 350.730 400.193 469.663 531.839 607.577 601.872 614.686 609.695 563.668 561.084 508.308 472.350 421.124 423.651 421.851 380.737 319.007 299.643 259.768 226.530 221.653 272.226 315.117 367.777 449.247 475.817 483.887 490.035 499.120 460.253 472.005 443.274 396.588 361.717 357.878 324.281 293.135 285.275 284.513 280.198 280.177 272.934 279.504
-999.250 -999.250 -999.250 -999.250 -999.250 -999.250 -999.250 -999.250 275.280 230.578 217.618 212.106 202.415 181.358 158.945 147.219 155.297 163.366 173.405 205.707 271.838 325.324 385.324 433.941 486.719 582.228 602.914 592.455 583.341 560.625 532.341 492.373 460.148 429.825 412.269 403.895 346.560 307.951 274.514 223.650 163.262 149.544 188.129 262.113 322.069 390.840 430.579 446.061 456.081 452.629 454.626 446.664 415.052 399.153 349.258 353.590 311.531 286.754 275.244 268.724 246.046 228.438 221.384 210.201
-999.250 -999.250 -999.250 -999.250 -999.250 -999.250 -999.250 -999.250 251.185 212.725 217.595 214.110 210.331 184.346 167.006 135.372 153.228 158.207 182.746 203.606 243.250 308.388 356.641 422.442 498.536 541.939 561.732 570.051 550.603 525.521 536.542 498.666 436.028 419.589 418.476 389.504 356.894 309.394 260.140 179.406 111.643 42.499 150.845 222.685 301.128 337.499 394.986 413.528 410.651 440.022 419.276 436.861 428.398 376.812 391.377 348.854 323.393 276.892 256.213 215.125 212.802 193.947 178.791 172.502
-999.250 -999.250 -999.250 -999.250 -999.250 -999.250 -999.250 274.328 258.271 249.061 276.564 239.598 242.146 205.595 191.839 190.128 181.825 180.317 181.110 180.952 204.329 285.945 337.273 435.425 475.556 502.319 532.737 544.100 568.266 489.406 502.781 475.329 424.988 407.208 400.621 392.059 369.203 312.929 254.230 179.838 116.958 101.177 139.175 206.698 282.910 318.556 344.763 406.259 401.249 401.988 433.091 419.033 405.413 357.591 353.972 333.327 303.752 249.429 241.320 217.223 197.130 188.283 171.145 164.958
-999.250 -999.250 -999.250 -999.250 -999.250 -999.250 -999.250 300.752 289.241 284.063 289.458 288.071 283.329 259.892 252.683 235.386 216.958 215.677 198.113 185.623 175.528 277.318 360.129 437.749 448.717 499.507 533.162 531.252 547.769 515.568 483.295 464.475 431.187 389.851 389.926 387.713 372.430 323.726 255.980 198.725 155.962 143.320 172.742 206.539 263.973 294.259 350.856 379.138 397.572 407.633 405.301 397.636 384.018 354.037 330.239 297.600 277.510 248.667 220.169 200.369 194.005 197.290 177.250 171.664
-999.250 -999.250 -999.250 -999.250 -999.250 -999.250 -999.250 306.644 305.065 307.903 298.527 295.035 295.851 307.842 304.933 287.343 281.421 282.526 272.298 259.876 276.002 304.409 388.286 454.758 463.549 530.811 529.726 539.551 516.864 497.525 449.466 429.670 412.907 396.866 386.503 363.488 346.115 311.810 257.252 211.669 177.447 168.988 186.928 236.201 265.966 298.675 327.147 369.218 363.717 383.924 385.748 360.012 336.349 331.540 290.717 291.384 283.574 241.828 224.584 184.920 182.784 186.611 169.712 172.945
-999.250 -999.250 -999.250 -999.250 -999.250 -999.250 -999.250 323.419 345.285 356.078 350.443 336.500 324.870 358.835 340.420 323.910 324.579 333.398 330.876 313.655 363.200 384.428 444.892 465.603 481.254 525.572 551.163 558.052 525.876 494.415 438.889 396.953 401.415 374.443 369.235 353.615 324.839 300.280 278.362 230.780 198.158 184.513 200.855 237.877 275.827 294.755 318.518 356.366 348.529 349.032 338.731 338.028 308.624 307.331 293.619 253.652 269.763 263.399 217.595 179.389 171.247 175.483 160.669 169.211
-999.250 -999.250 -999.250 -999.250 -999.250 -999.250 338.241 355.616 383.645 376.344 385.246 369.141 389.395 378.245 380.069 373.252 368.849 379.627 394.798 406.154 422.624 434.602 476.497 505.831 531.008 550.197 540.364 548.635 510.879 489.937 415.850 356.499 368.084 368.990 355.075 314.506 324.161 285.314 270.225 256.118 215.849 212.530 220.112 254.180 271.402 291.519 305.467 343.585 366.169 318.385 314.564 311.402 298.454 296.825 267.550 245.800 249.137 226.558 211.727 191.649 165.013 168.592 166.583 182.613
-999.250 -999.250 -999.250 -999.250 -999.250 -999.250 380.865 374.486 402.784 423.217 421.401 418.711 424.625 400.420 425.082 400.070 423.391 376.164 424.776 460.341 480.197 476.153 543.325 551.401 572.808 610.676 585.746 556.466 532.533 487.665 435.539 383.329 340.836 353.193 315.366 314.253 297.420 290.020 270.957 267.803 233.323 231.183 224.515 266.140 295.364 297.557 294.976 314.059 319.626 327.173 301.357 289.002 260.348 244.282 255.241 241.181 227.806 200.818 192.474 177.999 174.373 163.604 163.334 174.867
-999.250 -999.250 -999.250 -999.250 -999.250 358.624 374.053 390.623 427.461 439.884 453.127 448.354 466.822 477.527 433.192 451.602 435.449 441.317 467.488 477.727 496.526 536.641 590.602 598.804 604.873 629.500 604.958 589.893 524.428 508.451 436.468 382.806 351.844 321.330 297.291 287.098 278.207 278.818 275.674 253.253 242.956 263.923 242.804 233.549 276.695 285.830 293.088 280.666 298.716 285.985 277.123 263.332 259.343 222.734 215.053 214.160 203.230 188.585 177.110 168.454 167.077 169.793 157.671 174.150
-999.250 -999.250 -999.250 -999.250 -999.250 375.241 387.534 416.403 425.323 449.508 470.313 494.079 482.086 486.190 450.468 444.942 464.859 501.835 497.353 497.349 524.219 610.407 638.392 635.845 632.877 645.754 631.481 609.684 570.553 500.690 447.242 403.260 355.361 306.725 296.919 277.147 280.862 259.907 275.128 261.832 272.903 249.739 262.007 253.298 280.488 288.255 279.922 291.856 269.519 256.802 238.734 245.201 250.514 197.668 192.069 194.946 184.614 179.859 168.838 170.166 169.956 179.416 162.252 168.843
-999.250 -999.250 -999.250 -999.250 377.893 377.998 395.703 422.422 420.374 444.720 461.067 473.519 491.492 495.822 490.773 478.438 461.248 455.857 462.755 529.915 588.074 621.802 677.799 665.025 655.309 653.895 648.197 617.002 565.183 498.615 454.762 399.387 355.674 312.655 282.965 271.521 257.483 236.105 253.312 258.738 252.539 240.498 235.770 251.755 266.850 259.082 266.888 278.274 239.470 210.833 219.897 223.043 212.997 203.404 183.197 176.035 164.995 161.975 164.888 167.119 168.686 171.865 177.710 169.942
-999.250 -999.250 -999.250 -999.250 383.305 383.414 386.166 399.444 414.322 443.549 482.888 482.715 458.824 454.934 457.337 434.918 435.624 465.405 468.280 526.631 571.039 626.207 701.444 675.511 679.440 654.632 626.149 609.341 546.761 475.569 438.799 392.327 357.523 310.326 288.335 271.516 248.720 247.986 251.535 245.799 249.452 231.780 244.510 242.194 225.052 247.946 270.386 267.521 222.860 221.419 213.211 195.608 197.210 179.664 156.426 169.294 139.101 157.761 149.124 150.063 160.667 158.798 160.613 170.219
-999.250 -999.250 -999.250 -999.250 372.805 381.471 389.905 414.234 416.902 427.946 467.719 454.466 431.467 442.414 423.690 432.519 405.719 435.080 438.064 483.291 518.138 596.166 646.632 642.798 625.736 631.301 576.916 566.278 483.211 460.536 449.413 396.795 342.036 304.908 283.505 269.019 256.819 245.195 231.720 243.849 263.929 242.981 237.319 224.143 242.571 242.690 232.448 236.338 204.246 213.759 196.507 182.039 181.204 165.609 138.274 135.145 139.411 146.723 138.358 138.082 136.952 156.846 161.009 167.999
-999.250 -999.250 -999.250 -999.250 382.149 383.229 388.944 402.544 411.071 441.350 429.544 430.136 429.564 410.844 393.915 373.810 367.947 381.787 380.325 403.575 437.382 521.669 559.802 575.721 582.207 560.066 584.777 563.374 468.201 451.188 408.524 351.216 335.010 300.871 272.788 225.405 232.559 247.005 248.243 243.405 229.956 232.915 234.634 227.713 225.323 231.743 221.795 236.620 217.014 198.554 180.600 167.834 162.012 144.638 111.756 107.214 119.451 126.829 139.878 137.923 134.947 133.861 166.481 171.383
-999.250 -999.250 -999.250 -999.250 372.082 378.528 356.117 397.425 388.857 399.762 417.216 391.680 400.772 395.061 384.912 352.682 319.219 323.209 305.974 309.067 367.048 421.537 485.979 510.896 526.735 526.073 507.073 472.913 442.014 418.251 387.907 352.317 302.329 296.203 263.442 247.396 236.136 249.727 248.403 228.190 243.584 234.227 238.877 225.393 232.407 224.319 214.512 218.477 201.993 203.081 205.166 173.941 154.451 142.259 108.531 101.876 100.009 106.493 113.348 131.616 126.375 128.103 139.280 147.835
