data/medianmodel_30-Oct-2020.asc
ncols	141
nrows	288
xllcorner	-120191.398
yllcorner	-301404.813
cellsize	2000.000
NODATA_value	-999.250
[rows 116 to 144 of 288, columns 66 to 131 of 141]
78.896 76.261 69.100 72.767 71.898 74.945 90.597 106.507 120.505 128.759 157.477 171.074 202.590 253.317 303.367 282.717 315.936 325.136 324.485 314.983 297.369 341.352 318.870 339.492 336.428 373.210 387.894 431.889 402.865 408.777 415.236 430.821 469.059 442.417 502.480 460.388 440.880 422.490 485.237 461.744 519.309 479.999 471.704 456.778 445.210 436.458 405.576 -999.250 -999.250 -999.250 -999.250 -999.250 -999.250 -999.250 -999.250 -999.250 -999.250 -999.250 -999.250 -999.250 -999.250 -999.250 -999.250 -999.250 -999.250 -999.250
73.172 75.059 68.851 68.731 61.214 70.736 82.976 98.049 112.715 123.961 147.406 199.162 206.479 228.007 278.529 286.996 310.887 340.893 301.766 288.752 275.361 267.417 329.115 352.684 349.803 400.058 398.344 417.676 424.409 435.732 501.934 555.788 618.484 556.206 575.395 525.987 470.116 445.332 520.315 513.850 551.335 538.086 514.079 414.900 453.185 436.473 359.257 -999.250 -999.250 -999.250 -999.250 -999.250 -999.250 -999.250 -999.250 -999.250 -999.250 -999.250 -999.250 -999.250 -999.250 -999.250 -999.250 -999.250 -999.250 -999.250
72.432 63.226 69.250 58.004 56.486 78.271 80.797 100.356 111.543 140.138 171.891 195.905 228.473 248.044 269.055 299.256 322.872 306.637 294.697 265.691 275.880 316.819 287.017 341.341 351.301 373.154 363.575 420.771 401.842 484.495 535.642 658.553 646.747 611.284 638.229 613.647 640.841 545.567 554.584 533.448 579.060 538.034 523.671 463.636 474.707 457.645 406.595 404.032 -999.250 -999.250 -999.250 -999.250 -999.250 -999.250 -999.250 -999.250 -999.250 -999.250 -999.250 -999.250 -999.250 -999.250 -999.250 -999.250 -999.250 -999.250
72.786 60.230 66.091 58.925 58.429 61.990 66.503 91.801 115.127 128.923 163.419 176.008 187.805 257.893 273.111 276.356 284.055 295.190 296.763 279.742 289.823 284.285 309.602 335.937 371.480 383.805 394.757 436.116 441.698 546.118 563.300 690.822 735.892 755.094 638.374 709.736 632.595 712.907 666.202 575.328 546.892 518.849 519.519 500.921 534.821 439.042 423.693 -999.250 -999.250 -999.250 -999.250 -999.250 -999.250 -999.250 -999.250 -999.250 -999.250 -999.250 -999.250 -999.250 -999.250 -999.250 -999.250 -999.250 -999.250 -999.250
63.213 62.941 48.459 53.444 48.958 60.979 62.802 77.445 109.886 120.417 145.706 182.287 184.785 223.698 246.223 258.933 272.534 284.760 273.069 267.724 286.123 292.513 358.500 354.775 344.084 357.204 393.456 418.204 532.758 552.178 556.641 682.583 766.399 728.198 782.173 794.115 707.138 657.721 651.608 681.217 451.488 588.417 597.377 520.870 496.933 395.217 407.037 -999.250 -999.250 -999.250 -999.250 -999.250 -999.250 -999.250 -999.250 -999.250 -999.250 -999.250 -999.250 -999.250 -999.250 -999.250 -999.250 -999.250 -999.250 -999.250
64.603 54.372 51.361 44.423 47.139 51.855 60.591 74.546 104.246 119.780 148.089 168.009 189.346 216.906 229.179 225.583 238.584 253.150 286.559 285.345 284.116 305.827 355.938 305.401 322.131 347.653 368.850 448.087 542.461 595.476 692.423 777.531 843.079 903.346 947.078 928.194 739.483 741.098 742.504 703.743 669.708 640.424 626.904 481.992 440.168 442.722 425.460 -999.250 -999.250 -999.250 -999.250 -999.250 -999.250 -999.250 -999.250 -999.250 -999.250 -999.250 -999.250 -999.250 -999.250 -999.250 -999.250 -999.250 -999.250 -999.250
65.143 51.291 56.720 38.343 19.988 43.498 54.186 81.256 102.239 119.952 153.262 179.218 179.754 205.592 221.726 235.737 257.012 257.159 255.384 261.574 261.067 308.299 331.202 319.374 312.748 354.336 384.980 468.914 517.069 603.174 709.982 850.149 865.787 928.149 1041.796 1002.611 829.466 852.638 844.219 711.546 709.154 625.258 639.202 582.972 417.373 453.551 485.612 -999.250 -999.250 -999.250 -999.250 -999.250 -999.250 -999.250 -999.250 -999.250 -999.250 -999.250 -999.250 -999.250 -999.250 -999.250 -999.250 -999.250 -999.250 -999.250
64.375 57.358 55.598 48.763 44.086 47.002 60.180 83.416 96.445 121.876 162.501 149.881 169.571 210.895 244.260 214.195 239.419 289.453 259.064 265.519 295.484 273.650 308.576 323.869 309.158 358.735 436.153 504.244 574.952 594.557 731.025 836.847 859.159 1074.020 1181.151 1073.719 923.877 908.491 770.085 725.499 732.980 612.860 615.127 559.629 490.438 483.426 -999.250 -999.250 -999.250 -999.250 -999.250 -999.250 -999.250 -999.250 -999.250 -999.250 -999.250 -999.250 -999.250 -999.250 -999.250 -999.250 -999.250 -999.250 -999.250 -999.250
75.868 72.399 68.291 61.419 54.412 56.709 60.173 72.488 93.346 116.375 125.658 172.642 188.543 212.725 225.579 219.202 222.724 237.052 258.287 263.781 266.728 305.462 315.493 325.011 317.421 365.299 409.758 501.680 568.252 594.638 766.232 815.457 916.029 976.699 1091.573 1032.816 866.061 855.581 756.304 615.727 590.422 615.604 574.671 541.188 493.117 490.503 -999.250 -999.250 -999.250 -999.250 -999.250 -999.250 -999.250 -999.250 -999.250 -999.250 -999.250 -999.250 -999.250 -999.250 -999.250 -999.250 -999.250 -999.250 -999.250 -999.250
81.498 71.092 71.016 67.468 61.161 63.817 66.911 74.644 95.805 126.536 156.116 162.438 207.572 224.601 247.303 251.338 251.664 264.470 245.566 258.797 271.044 269.107 333.927 338.987 353.365 373.111 418.565 446.338 556.339 598.639 620.395 763.384 842.769 882.031 893.069 1027.510 896.698 810.605 718.192 715.734 643.961 590.277 558.476 430.874 442.965 480.973 -999.250 -999.250 -999.250 -999.250 -999.250 -999.250 -999.250 -999.250 -999.250 -999.250 -999.250 -999.250 -999.250 -999.250 -999.250 -999.250 -999.250 -999.250 -999.250 -999.250
82.442 72.076 75.786 75.049 73.258 70.147 80.513 87.891 101.798 136.180 172.431 185.245 198.363 218.619 218.202 241.092 281.976 278.796 283.462 281.499 265.031 304.914 332.248 339.781 319.739 358.918 368.611 445.814 509.342 621.750 630.157 663.230 740.966 827.097 804.962 901.845 797.622 670.796 636.450 595.879 571.278 590.287 555.419 484.213 419.007 464.269 -999.250 -999.250 -999.250 -999.250 -999.250 -999.250 -999.250 -999.250 -999.250 -999.250 -999.250 -999.250 -999.250 -999.250 -999.250 -999.250 -999.250 -999.250 -999.250 -999.250
105.004 96.693 80.725 91.209 83.024 72.383 86.554 109.888 124.119 151.136 159.005 182.502 213.498 218.594 243.201 270.197 300.258 296.182 269.449 288.744 304.880 306.761 339.783 339.435 330.789 341.101 371.646 420.968 501.706 585.744 624.386 611.609 642.419 766.158 804.972 795.955 757.618 697.120 577.008 530.530 560.030 657.952 454.628 411.661 388.741 -999.250 -999.250 -999.250 -999.250 -999.250 -999.250 -999.250 -999.250 -999.250 -999.250 -999.250 -999.250 -999.250 -999.250 -999.250 -999.250 -999.250 -999.250 -999.250 -999.250 -999.250
97.065 88.661 91.641 84.853 87.944 86.642 85.959 94.158 128.049 144.669 161.103 193.066 230.037 237.782 249.872 268.758 295.200 263.570 282.193 283.185 297.937 320.936 303.922 326.223 304.748 344.894 359.363 433.415 487.784 469.401 604.411 615.298 677.146 596.032 644.769 710.347 697.266 643.556 546.882 643.682 561.130 563.205 488.982 360.285 -999.250 -999.250 -999.250 -999.250 -999.250 -999.250 -999.250 -999.250 -999.250 -999.250 -999.250 -999.250 -999.250 -999.250 -999.250 -999.250 -999.250 -999.250 -999.250 -999.250 -999.250 -999.250
103.072 91.536 88.163 85.489 89.071 91.718 107.852 116.927 124.954 138.424 192.645 199.211 234.060 226.205 242.852 271.626 260.682 256.209 264.055 290.382 307.875 306.672 297.187 273.062 275.761 287.144 320.297 402.376 432.237 472.345 546.682 561.747 500.134 615.713 595.185 683.287 614.677 611.175 605.008 515.900 509.513 514.094 424.596 -999.250 -999.250 -999.250 -999.250 -999.250 -999.250 -999.250 -999.250 -999.250 -999.250 -999.250 -999.250 -999.250 -999.250 -999.250 -999.250 -999.250 -999.250 -999.250 -999.250 -999.250 -999.250 -999.250
97.360 88.783 87.065 85.195 89.209 95.288 120.300 126.556 162.703 168.430 187.500 205.690 253.105 256.705 262.130 258.432 242.334 243.510 299.099 279.732 292.577 287.587 276.251 277.269 256.789 287.766 316.386 356.411 373.557 410.725 534.115 492.585 516.255 525.518 606.115 563.730 590.894 577.530 575.282 552.427 500.248 479.163 403.663 -999.250 -999.250 -999.250 -999.250 -999.250 -999.250 -999.250 -999.250 -999.250 -999.250 -999.250 -999.250 -999.250 -999.250 -999.250 -999.250 -999.250 -999.250 -999.250 -999.250 -999.250 -999.250 -999.250
95.704 84.551 86.576 92.409 82.241 114.937 122.312 141.159 163.564 173.171 190.246 232.705 253.321 271.813 275.334 269.856 258.634 271.223 296.859 306.992 303.583 288.357 248.104 241.267 263.803 301.402 307.906 324.951 363.632 403.157 416.257 515.422 515.960 506.883 489.389 522.974 554.918 541.357 458.556 503.391 496.916 409.919 364.579 -999.250 -999.250 -999.250 -999.250 -999.250 -999.250 -999.250 -999.250 -999.250 -999.250 -999.250 -999.250 -999.250 -999.250 -999.250 -999.250 -999.250 -999.250 -999.250 -999.250 -999.250 -999.250 -999.250
93.448 85.666 75.606 86.555 81.377 108.323 118.289 154.472 175.557 174.236 193.672 224.294 245.669 259.993 266.958 263.029 279.862 293.455 313.437 321.276 297.535 284.782 261.654 237.637 276.691 289.534 301.380 348.350 333.360 369.236 397.321 464.384 473.904 482.870 450.806 493.493 431.348 477.972 498.210 461.245 458.713 379.328 340.878 -999.250 -999.250 -999.250 -999.250 -999.250 -999.250 -999.250 -999.250 -999.250 -999.250 -999.250 -999.250 -999.250 -999.250 -999.250 -999.250 -999.250 -999.250 -999.250 -999.250 -999.250 -999.250 -999.250
78.813 76.944 79.076 68.512 83.974 94.733 116.954 133.705 178.489 194.429 194.219 218.336 226.827 258.484 261.041 279.262 275.837 292.863 260.261 314.590 318.698 270.426 255.399 254.847 251.186 251.609 328.005 336.851 343.033 316.182 400.125 384.842 437.332 469.134 449.127 472.798 498.482 497.555 442.979 447.987 412.247 371.550 -999.250 -999.250 -999.250 -999.250 -999.250 -999.250 -999.250 -999.250 -999.250 -999.250 -999.250 -999.250 -999.250 -999.250 -999.250 -999.250 -999.250 -999.250 -999.250 -999.250 -999.250 -999.250 -999.250 -999.250
72.406 75.316 81.097 77.493 88.794 101.665 114.681 155.124 173.323 183.974 210.954 206.676 218.542 243.498 247.919 285.219 303.959 291.500 281.041 295.439 286.779 287.393 248.407 255.727 259.053 272.495 333.850 310.905 301.688 341.689 386.553 374.650 404.259 336.593 376.862 389.191 455.921 473.263 438.157 402.317 398.977 357.670 -999.250 -999.250 -999.250 -999.250 -999.250 -999.250 -999.250 -999.250 -999.250 -999.250 -999.250 -999.250 -999.250 -999.250 -999.250 -999.250 -999.250 -999.250 -999.250 -999.250 -999.250 -999.250 -999.250 -999.250
74.393 76.692 71.157 83.016 92.607 97.448 107.172 144.370 156.163 165.747 212.793 248.494 245.825 242.233 262.993 273.543 287.828 290.775 267.372 226.157 258.787 271.046 260.238 233.327 266.504 294.576 316.549 315.548 299.640 306.282 367.819 349.390 356.297 365.963 344.510 395.003 424.353 425.967 422.609 446.411 435.738 375.883 -999.250 -999.250 -999.250 -999.250 -999.250 -999.250 -999.250 -999.250 -999.250 -999.250 -999.250 -999.250 -999.250 -999.250 -999.250 -999.250 -999.250 -999.250 -999.250 -999.250 -999.250 -999.250 -999.250 -999.250
71.207 73.168 78.441 85.694 107.662 96.180 107.800 141.673 164.846 175.611 208.126 236.035 228.947 254.453 266.084 233.411 241.568 238.981 239.236 235.176 223.799 231.262 263.533 248.219 258.518 249.820 271.244 254.820 273.625 308.287 365.437 338.080 342.761 353.013 349.391 350.799 343.850 353.538 402.152 427.433 408.622 418.518 -999.250 -999.250 -999.250 -999.250 -999.250 -999.250 -999.250 -999.250 -999.250 -999.250 -999.250 -999.250 -999.250 -999.250 -999.250 -999.250 -999.250 -999.250 -999.250 -999.250 -999.250 -999.250 -999.250 -999.250
71.415 72.592 86.542 83.699 88.927 88.882 111.546 125.438 148.019 177.238 196.259 213.762 210.740 238.203 233.503 217.596 238.529 252.761 237.974 236.649 219.616 238.427 231.713 217.441 214.854 229.288 243.785 239.335 245.298 299.956 324.379 318.386 302.897 282.220 339.601 395.045 378.490 360.390 381.255 438.983 473.588 -999.250 -999.250 -999.250 -999.250 -999.250 -999.250 -999.250 -999.250 -999.250 -999.250 -999.250 -999.250 -999.250 -999.250 -999.250 -999.250 -999.250 -999.250 -999.250 -999.250 -999.250 -999.250 -999.250 -999.250 -999.250
72.462 76.744 74.410 83.523 86.628 98.727 114.219 126.939 158.118 151.825 192.153 207.544 218.858 223.746 219.640 217.513 232.687 227.814 242.465 225.848 -999.250 -999.250 -999.250 -999.250 198.211 210.489 221.016 231.347 269.475 -999.250 -999.250 -999.250 -999.250 -999.250 -999.250 -999.250 -999.250 -999.250 -999.250 -999.250 -999.250 -999.250 -999.250 -999.250 -999.250 -999.250 -999.250 -999.250 -999.250 -999.250 -999.250 -999.250 -999.250 -999.250 -999.250 -999.250 -999.250 -999.250 -999.250 -999.250 -999.250 -999.250 -999.250 -999.250 -999.250 -999.250
69.764 65.743 65.610 79.067 84.135 90.214 101.920 125.951 135.906 138.905 178.556 187.211 192.124 196.867 205.264 203.567 207.793 208.549 211.356 202.759 -999.250 -999.250 -999.250 -999.250 -999.250 -999.250 -999.250 -999.250 -999.250 -999.250 -999.250 -999.250 -999.250 -999.250 -999.250 -999.250 -999.250 -999.250 -999.250 -999.250 -999.250 -999.250 -999.250 -999.250 -999.250 -999.250 -999.250 -999.250 -999.250 -999.250 -999.250 -999.250 -999.250 -999.250 -999.250 -999.250 -999.250 -999.250 -999.250 -999.250 -999.250 -999.250 -999.250 -999.250 -999.250 -999.250
74.554 71.710 66.302 68.626 69.350 81.817 95.157 111.445 124.828 138.840 151.622 153.674 155.124 169.880 184.401 182.490 195.382 190.661 185.897 180.947 -999.250 -999.250 -999.250 -999.250 -999.250 -999.250 -999.250 -999.250 -999.250 -999.250 -999.250 -999.250 -999.250 -999.250 -999.250 -999.250 -999.250 -999.250 -999.250 -999.250 -999.250 -999.250 -999.250 -999.250 -999.250 -999.250 -999.250 -999.250 -999.250 -999.250 -999.250 -999.250 -999.250 -999.250 -999.250 -999.250 -999.250 -999.250 -999.250 -999.250 -999.250 -999.250 -999.250 -999.250 -999.250 -999.250
62.742 77.573 70.633 67.593 79.837 79.644 89.832 94.908 118.253 133.444 149.469 140.509 128.179 140.258 150.334 154.676 169.768 182.993 165.206 154.371 162.542 -999.250 -999.250 -999.250 -999.250 -999.250 -999.250 -999.250 -999.250 -999.250 -999.250 -999.250 -999.250 -999.250 -999.250 -999.250 -999.250 -999.250 -999.250 -999.250 -999.250 -999.250 -999.250 -999.250 -999.250 -999.250 -999.250 -999.250 -999.250 -999.250 -999.250 -999.250 -999.250 -999.250 -999.250 -999.250 -999.250 -999.250 -999.250 -999.250 -999.250 -999.250 -999.250 -999.250 -999.250 -999.250
67.038 70.092 71.585 68.097 70.744 79.347 92.425 101.343 102.750 120.469 117.846 112.707 133.480 124.852 140.693 125.020 134.542 133.995 137.101 134.969 144.034 159.754 -999.250 -999.250 -999.250 -999.250 -999.250 -999.250 -999.250 -999.250 -999.250 -999.250 -999.250 -999.250 -999.250 -999.250 -999.250 -999.250 -999.250 -999.250 -999.250 -999.250 -999.250 -999.250 -999.250 -999.250 -999.250 -999.250 -999.250 -999.250 -999.250 -999.250 -999.250 -999.250 -999.250 -999.250 -999.250 -999.250 -999.250 -999.250 -999.250 -999.250 -999.250 -999.250 -999.250 -999.250
73.601 69.669 71.487 78.913 76.029 75.141 82.462 107.927 107.858 101.863 94.395 105.494 117.341 110.047 105.483 107.377 103.153 100.835 124.202 114.777 128.580 148.279 138.639 -999.250 -999.250 -999.250 -999.250 -999.250 -999.250 -999.250 -999.250 -999.250 -999.250 -999.250 -999.250 -999.250 -999.250 -999.250 -999.250 -999.250 -999.250 -999.250 -999.250 -999.250 -999.250 -999.250 -999.250 -999.250 -999.250 -999.250 -999.250 -999.250 -999.250 -999.250 -999.250 -999.250 -999.250 -999.250 -999.250 -999.250 -999.250 -999.250 -999.250 -999.250 -999.250 -999.250
78.726 80.658 76.912 89.459 78.209 83.038 92.052 99.279 101.905 93.775 100.867 83.633 93.648 86.050 84.306 73.325 76.553 85.324 91.693 106.146 123.964 123.731 139.136 -999.250 -999.250 -999.250 -999.250 -999.250 -999.250 -999.250 -999.250 -999.250 -999.250 -999.250 -999.250 -999.250 -999.250 -999.250 -999.250 -999.250 -999.250 -999.250 -999.250 -999.250 -999.250 -999.250 -999.250 -999.250 -999.250 -999.250 -999.250 -999.250 -999.250 -999.250 -999.250 -999.250 -999.250 -999.250 -999.250 -999.250 -999.250 -999.250 -999.250 -999.250 -999.250 -999.250
