data/medianmodel_20-Feb-2021.asc
ncols	141
nrows	288
xllcorner	-120191.398
yllcorner	-301404.813
cellsize	2000.000
NODATA_value	-999.250
[rows 29 to 57 of 288, columns 65 to 129 of 141]
176.720 203.019 211.162 241.199 270.191 304.538 355.808 411.166 449.068 467.967 527.229 563.602 547.491 555.050 543.578 548.741 513.363 500.023 472.473 454.086 393.784 347.356 309.330 267.117 238.389 211.350 172.931 146.272 121.019 87.731 111.067 131.521 146.023 160.141 171.234 181.538 181.555 171.887 169.536 164.828 154.363 153.474 154.654 150.088 152.809 155.044 154.866 156.923 166.971 174.025 176.201 200.956 202.963 212.085 201.699 208.244 217.756 213.615 222.320 229.361 232.421 232.319 227.184 226.855 204.483
154.559 174.807 184.276 204.545 237.016 254.181 305.634 352.191 401.602 425.452 476.652 514.128 521.993 519.577 519.144 532.576 472.096 459.183 471.221 422.263 358.065 334.044 305.377 266.770 244.449 207.762 193.142 158.712 143.810 135.613 142.365 156.529 176.974 192.152 195.759 199.919 198.723 197.749 176.449 179.024 179.573 158.289 150.481 151.054 144.895 158.117 154.714 157.214 160.507 165.980 179.026 184.433 194.388 199.872 197.949 204.088 217.853 217.781 212.159 218.280 220.408 221.616 223.714 208.307 188.310
148.123 154.359 161.205 174.889 208.303 220.974 252.241 277.296 328.434 384.534 407.114 459.914 451.825 464.235 475.725 466.456 443.220 419.243 418.486 401.073 352.154 311.014 289.098 272.024 244.469 226.683 210.486 197.624 172.800 166.224 174.703 189.853 209.082 215.809 233.541 234.695 228.800 217.163 213.856 193.152 184.676 165.892 158.576 149.513 147.616 148.465 146.910 153.125 154.785 157.356 168.013 170.460 184.092 193.452 195.198 190.557 201.764 209.164 208.850 202.056 210.675 209.502 205.963 190.587 174.768
136.368 142.051 149.583 155.391 174.386 176.580 200.245 215.526 242.939 289.635 323.858 369.927 409.437 422.599 420.465 428.847 411.852 391.466 397.389 363.438 307.342 275.004 267.889 258.350 242.167 230.905 215.299 209.892 209.628 206.247 205.836 230.524 245.822 249.493 258.322 262.649 257.802 257.899 230.439 218.724 192.152 166.186 159.924 148.544 149.310 146.404 141.422 151.514 146.979 146.299 153.260 161.555 181.441 185.946 183.152 177.802 191.912 194.597 197.831 191.344 193.771 182.970 173.701 175.020 159.415
134.150 135.225 139.028 137.367 143.347 145.907 155.480 153.405 171.203 203.013 260.458 297.814 346.376 354.015 371.314 368.734 365.397 380.480 345.447 314.468 289.585 258.021 251.391 239.020 221.486 223.010 226.406 220.806 220.724 227.911 241.390 243.451 269.185 281.253 298.134 294.973 281.386 268.535 253.969 227.346 204.923 174.982 159.049 137.779 144.679 144.968 142.120 151.821 142.016 145.203 142.114 155.292 160.307 167.861 171.191 169.329 171.641 186.865 171.781 178.899 173.065 174.818 156.403 154.018 149.666
128.337 124.189 131.459 133.798 135.577 126.308 113.995 118.003 99.734 153.553 205.518 255.622 291.358 304.006 334.929 337.119 329.412 329.273 302.390 288.818 266.327 255.022 236.741 236.413 205.551 224.071 227.256 233.675 248.312 253.293 254.703 290.088 317.260 339.447 331.252 332.632 324.176 270.118 257.915 242.567 223.752 196.473 167.237 154.017 146.098 141.281 140.476 141.868 138.078 142.047 146.979 147.699 150.744 154.624 150.617 153.618 158.732 163.958 162.610 158.451 156.860 155.487 147.424 143.656 132.491
126.588 125.889 124.090 117.384 118.085 104.816 108.660 99.324 109.048 130.197 171.216 216.840 237.878 259.536 287.970 285.450 292.618 277.352 271.962 256.254 237.454 228.250 208.428 201.476 198.892 208.648 226.173 245.458 258.639 266.452 292.280 320.107 330.641 371.752 379.876 358.133 323.860 297.597 274.246 246.461 233.434 205.225 175.723 157.414 146.749 141.913 136.267 132.635 133.154 136.374 137.448 139.558 136.707 148.118 145.196 147.534 150.185 148.813 155.157 149.453 147.235 142.419 138.143 132.657 126.528
120.707 119.237 122.546 117.227 113.470 111.455 105.207 100.853 105.591 132.412 155.462 199.727 222.876 235.122 251.585 250.801 258.273 250.572 248.771 229.561 202.660 199.040 191.045 181.453 183.681 189.389 227.766 243.451 253.124 279.150 309.849 340.785 359.463 390.574 413.717 383.606 351.120 326.399 286.615 260.507 241.456 210.851 186.649 158.451 150.227 139.500 133.308 126.108 121.011 123.644 130.026 127.352 132.760 139.022 135.623 134.553 137.427 140.649 143.182 138.888 135.562 132.564 125.135 115.235 109.513
127.578 122.855 128.770 123.842 113.633 109.330 92.226 94.740 108.511 128.773 153.879 184.082 203.103 211.147 225.443 237.492 241.780 229.258 223.424 214.149 180.857 170.922 166.279 162.196 171.567 183.873 213.373 237.904 265.397 283.657 309.112 362.084 372.601 389.683 398.275 381.113 355.388 331.272 285.212 266.057 250.821 225.082 187.868 161.732 143.440 130.047 120.506 118.953 119.560 121.327 126.444 122.218 120.035 127.510 123.686 124.224 121.018 123.691 125.966 127.819 120.164 116.307 122.079 101.949 101.285
136.488 139.972 138.563 131.036 127.912 120.986 117.091 113.458 121.427 129.072 149.490 167.062 181.077 203.494 220.634 224.247 218.793 209.711 213.704 180.942 165.249 159.508 150.641 142.952 153.485 168.530 198.072 223.709 247.203 285.853 336.053 352.484 353.309 391.098 383.447 382.934 352.493 317.743 292.747 271.097 248.062 222.247 190.837 157.886 146.919 127.752 124.908 114.492 111.715 118.677 108.803 112.402 119.124 116.273 114.884 113.205 115.724 116.215 108.788 105.847 98.726 101.507 94.363 99.112 87.186
138.339 147.028 155.889 154.038 139.299 135.526 133.790 124.574 132.091 144.951 152.906 161.267 178.644 184.274 206.325 208.529 206.703 206.004 186.865 176.543 157.784 148.620 134.277 136.587 148.468 158.164 188.527 224.340 246.309 284.387 320.893 341.049 354.963 372.657 382.646 359.413 347.092 320.929 302.830 265.497 243.288 202.622 175.019 149.413 134.288 133.525 108.972 97.828 93.115 97.297 91.881 101.776 112.668 106.830 105.060 105.211 100.299 94.336 90.984 77.942 79.987 80.224 83.340 81.485 69.766
153.861 165.746 172.366 164.173 154.336 149.597 145.889 135.001 143.402 146.008 151.500 161.500 177.356 180.346 196.225 194.248 191.925 184.649 174.809 158.736 154.508 138.795 123.607 109.830 137.710 158.828 179.788 217.046 257.735 281.594 308.324 333.679 345.348 364.140 368.134 347.505 347.567 320.717 291.952 262.913 234.048 195.848 161.950 140.146 128.856 115.204 98.392 90.472 90.565 102.027 90.371 88.135 88.308 92.889 97.331 91.866 87.198 82.456 80.838 68.903 66.751 65.817 63.568 63.987 62.248
172.300 189.414 201.555 188.938 170.214 156.686 154.328 145.512 151.627 150.989 154.060 166.264 178.390 177.339 189.268 177.411 175.976 174.739 167.635 156.011 152.029 148.676 142.715 134.692 149.246 168.494 189.058 210.491 246.129 277.006 293.385 317.651 344.035 359.667 362.376 340.069 340.294 316.901 286.577 259.887 225.043 180.263 147.341 127.003 118.668 95.795 83.246 86.372 85.489 90.308 86.130 85.670 78.826 74.012 77.478 81.666 75.070 77.559 73.306 60.339 63.516 55.700 60.187 54.055 45.753
189.363 193.318 199.504 196.347 175.659 166.433 159.161 158.130 150.047 154.108 166.905 166.931 169.861 173.727 185.059 175.032 179.586 169.243 164.329 156.240 156.744 154.862 156.039 156.705 165.933 178.378 190.858 205.429 233.704 259.396 286.032 305.051 315.857 351.904 354.395 347.182 331.213 318.143 279.219 254.039 235.954 183.214 148.361 114.408 90.579 76.495 78.909 70.114 69.876 70.675 77.540 75.608 68.033 73.488 66.828 66.873 64.552 68.737 61.942 59.960 56.169 53.411 48.830 42.811 43.568
191.518 190.146 197.994 192.276 174.634 169.246 163.846 163.162 153.545 156.886 164.158 166.499 173.251 174.568 173.904 177.786 177.830 167.587 158.891 166.278 160.751 169.458 163.660 177.049 191.121 188.832 203.858 212.781 235.990 265.398 275.467 289.165 324.570 329.862 351.968 345.357 332.780 312.759 283.483 246.356 214.977 176.903 141.867 102.438 65.934 66.345 74.093 63.710 61.049 65.895 73.235 69.227 67.871 64.270 61.265 61.232 66.054 56.413 51.756 53.670 48.652 49.319 44.859 39.847 37.614
198.917 194.000 195.627 180.200 167.112 169.645 165.320 157.925 156.841 160.779 161.341 168.336 175.245 169.371 168.429 166.069 163.258 162.259 163.900 168.121 172.349 177.293 186.982 192.620 195.353 209.740 207.619 226.378 239.093 255.077 272.262 282.670 314.477 319.688 348.242 335.494 331.761 307.463 282.521 257.942 214.715 169.872 143.011 103.393 74.033 67.171 65.155 55.814 57.285 60.463 54.473 54.390 61.542 62.181 59.681 53.970 49.825 48.144 49.252 45.774 46.721 38.493 37.475 40.692 36.895
214.518 197.438 197.635 170.721 163.382 163.071 155.795 154.156 153.366 158.707 161.387 177.533 173.950 160.403 155.980 157.163 157.459 162.128 160.410 170.986 179.191 187.673 195.083 214.996 215.135 227.353 233.368 232.568 248.447 253.244 260.933 281.652 304.921 313.454 346.159 351.139 336.180 308.314 277.222 242.014 202.046 173.030 135.772 104.456 78.559 64.454 59.648 52.988 59.199 51.564 46.345 48.628 49.448 56.363 50.006 47.664 50.362 46.669 42.567 48.260 44.222 40.934 36.428 34.328 38.719
210.848 196.420 192.675 175.526 162.725 157.129 158.210 152.084 152.352 150.626 158.419 174.132 166.679 157.160 150.840 146.759 148.174 148.393 155.255 164.201 171.827 182.490 215.799 234.853 234.636 229.630 244.145 239.406 248.314 245.409 261.690 284.012 313.936 317.849 334.762 343.057 342.316 318.720 270.331 235.475 194.472 162.181 135.337 111.341 83.720 68.340 58.151 60.181 62.669 52.681 51.967 55.476 50.770 50.019 46.921 42.956 41.767 40.422 39.520 39.189 40.314 41.495 37.519 34.038 38.974
208.746 191.008 176.762 161.018 157.031 154.811 146.554 146.750 146.066 148.719 151.212 157.987 156.729 147.830 143.353 142.995 137.369 140.633 136.237 156.622 171.100 194.900 218.951 244.706 245.256 247.156 246.104 240.156 241.767 248.388 250.895 269.707 291.866 297.843 318.905 338.193 347.452 310.953 257.508 220.230 177.385 152.793 125.171 98.131 81.347 65.602 64.515 64.703 59.245 54.563 50.650 52.692 56.850 52.320 47.009 46.496 45.933 40.657 37.024 42.779 42.191 39.907 38.984 -999.250 -999.250
193.897 186.054 168.111 153.184 144.314 133.528 129.434 139.001 138.897 139.395 139.334 146.995 143.512 141.000 132.656 133.329 130.111 124.681 122.071 141.902 166.819 200.222 218.272 236.090 241.508 243.341 250.297 245.623 246.226 245.037 243.952 265.638 275.445 295.195 294.135 309.365 299.596 274.269 247.896 210.311 170.914 140.426 114.217 100.766 77.188 68.311 61.500 60.647 58.677 56.865 56.114 58.119 53.573 52.515 41.222 42.966 45.656 40.239 39.624 42.989 44.192 40.175 42.821 -999.250 -999.250
195.568 175.383 158.283 153.884 145.389 132.969 128.228 125.140 127.207 134.095 133.970 139.243 139.432 131.971 130.867 121.705 114.807 112.485 101.386 139.546 167.278 192.642 216.782 233.602 233.227 245.451 248.330 244.198 237.019 230.125 229.439 253.294 255.302 264.077 270.733 281.759 266.369 253.168 220.295 178.208 146.866 129.472 101.902 84.004 64.627 67.548 57.419 60.699 52.959 51.163 57.655 62.491 57.701 56.378 52.661 50.628 39.387 40.940 -999.250 41.387 43.744 -999.250 -999.250 -999.250 -999.250
191.459 175.026 153.296 146.848 133.137 123.541 111.525 112.466 120.066 128.107 134.635 138.228 142.714 128.516 121.695 115.091 116.802 111.390 118.878 135.256 162.645 191.278 220.293 230.152 235.085 251.654 247.952 241.672 224.776 233.311 231.979 246.257 246.684 268.215 258.225 249.161 239.445 220.176 183.198 149.435 127.041 111.807 86.385 70.295 64.965 56.028 60.009 60.674 58.041 62.719 56.225 61.764 60.436 60.101 54.206 51.036 -999.250 -999.250 -999.250 -999.250 -999.250 -999.250 -999.250 -999.250 -999.250
184.164 174.149 165.476 149.063 121.753 115.427 111.985 108.203 121.778 128.958 135.044 143.329 140.174 131.238 126.510 122.627 118.029 117.937 129.167 143.795 172.476 205.516 216.975 231.145 239.134 254.176 258.060 249.449 239.545 238.093 238.062 236.817 243.386 247.879 256.037 240.497 213.858 175.756 148.358 121.210 95.913 83.259 75.832 68.967 65.628 57.891 60.783 58.197 68.369 61.670 66.196 63.238 59.725 62.828 61.672 -999.250 -999.250 -999.250 -999.250 -999.250 -999.250 -999.250 -999.250 -999.250 -999.250
202.253 191.831 184.469 172.345 147.007 131.251 109.416 118.142 138.125 136.384 154.214 152.987 150.981 139.765 139.038 121.717 120.064 124.350 133.198 146.372 170.709 202.022 223.277 242.097 250.694 259.349 261.608 244.435 239.928 239.085 243.339 234.040 242.616 239.937 245.705 226.876 200.376 157.105 126.051 82.872 65.742 64.997 65.170 61.575 58.117 60.914 65.466 64.819 70.689 69.917 69.653 76.056 68.769 69.078 66.247 -999.250 -999.250 -999.250 -999.250 -999.250 -999.250 -999.250 -999.250 -999.250 -999.250
234.220 226.425 239.203 241.782 198.082 149.943 131.450 146.008 169.710 202.878 194.717 180.050 161.473 152.284 133.370 125.686 130.613 127.349 138.916 156.505 174.565 205.425 230.053 243.866 263.642 271.460 267.839 258.646 256.426 250.540 240.671 239.582 239.981 240.229 237.277 221.238 195.362 154.578 113.828 51.982 59.578 62.825 63.240 64.858 61.000 60.402 61.355 70.684 73.876 79.418 80.015 82.473 74.382 79.566 -999.250 -999.250 -999.250 -999.250 -999.250 -999.250 -999.250 -999.250 -999.250 -999.250 -999.250
269.297 281.935 341.594 386.144 317.914 201.816 201.989 220.261 238.644 237.147 224.906 197.460 176.667 157.591 137.724 127.785 131.600 136.836 147.144 154.427 181.968 199.354 232.301 253.683 270.399 272.903 263.816 264.960 248.524 254.567 248.610 242.092 234.703 235.126 245.244 228.186 207.768 175.719 131.375 93.910 72.517 69.667 65.236 63.656 62.937 65.510 70.063 80.486 79.546 85.739 96.796 92.205 82.245 -999.250 -999.250 -999.250 -999.250 -999.250 -999.250 -999.250 -999.250 -999.250 -999.250 -999.250 -999.250
378.332 346.704 517.176 544.617 521.958 457.240 374.557 324.965 306.885 279.832 242.860 219.733 192.406 160.305 139.752 133.563 135.643 143.244 143.894 162.597 193.208 218.667 246.397 263.527 280.702 281.815 281.173 262.538 253.133 255.368 247.129 239.748 252.166 245.902 250.574 240.384 229.368 204.356 157.573 131.716 102.508 89.436 80.611 74.950 71.043 71.737 80.952 84.976 86.312 99.575 99.919 98.840 102.767 -999.250 -999.250 -999.250 -999.250 -999.250 -999.250 -999.250 -999.250 -999.250 -999.250 -999.250 -999.250
536.779 653.454 902.758 911.354 807.471 633.927 531.551 455.708 396.471 330.185 274.297 238.427 205.361 164.591 145.643 141.710 140.888 146.973 149.179 176.076 201.153 237.197 253.266 286.895 291.368 285.581 281.379 274.354 260.891 255.169 246.531 243.010 248.622 252.856 262.919 266.987 262.340 234.193 193.981 147.966 126.756 107.452 100.138 86.578 78.553 80.433 82.749 84.615 97.271 107.540 110.502 114.553 -999.250 -999.250 -999.250 -999.250 -999.250 -999.250 -999.250 -999.250 -999.250 -999.250 -999.250 -999.250 -999.250
759.141 937.218 1297.043 1588.241 1184.333 952.866 630.157 525.997 461.940 384.732 291.217 252.307 215.454 181.754 156.006 153.528 157.775 169.374 173.106 200.913 225.300 246.819 263.596 284.166 287.116 301.438 285.257 269.490 252.418 250.287 248.627 243.014 237.716 254.313 266.643 275.272 292.173 244.982 202.271 165.831 140.497 126.544 112.135 100.329 100.467 92.771 92.912 90.599 103.970 118.490 121.286 120.158 -999.250 -999.250 -999.250 -999.250 -999.250 -999.250 -999.250 -999.250 -999.250 -999.250 -999.250 -999.250 -999.250
