data/medianmodel_06-Feb-2021.asc
ncols	141
nrows	288
xllcorner	-120191.398
yllcorner	-301404.813
cellsize	2000.000
NODATA_value	-999.250
[rows 168 to 195 of 288, columns 0 to 63 of 141]
-999.250 -999.250 -999.250 -999.250 -999.250 1541.668 1433.361 1420.746 1373.992 1308.205 1269.412 1278.492 1239.969 1206.886 1149.984 1134.449 1138.053 1166.846 1181.533 1239.435 1330.383 1436.700 1435.539 1411.709 1438.758 1385.163 1322.132 1293.990 1221.999 1219.043 1217.862 1190.528 1233.750 1269.401 1266.305 1297.441 1330.420 1312.269 1385.472 1340.620 1268.486 1196.003 1165.954 1091.932 1101.768 1070.916 1044.060 994.787 963.758 905.686 836.539 782.281 756.066 676.415 617.136 593.491 557.654 528.180 485.236 424.774 379.838 359.699 362.014 324.882
-999.250 -999.250 -999.250 -999.250 1555.585 1507.878 1498.801 1422.354 1427.864 1408.857 1344.695 1324.853 1296.065 1328.906 1253.032 1249.127 1206.390 1223.421 1260.934 1335.610 1402.687 1492.545 1564.255 1605.628 1551.876 1449.235 1357.763 1322.026 1248.386 1315.743 1276.521 1263.274 1258.479 1322.483 1374.854 1357.330 1427.772 1437.970 1479.239 1388.623 1288.582 1261.304 1232.219 1157.351 1127.167 1107.542 1060.947 981.974 919.767 886.452 837.105 805.458 717.083 681.699 616.404 579.622 557.425 486.043 435.507 410.132 350.834 358.051 353.007 350.227
-999.250 -999.250 -999.250 -999.250 1616.569 1542.362 1443.697 1463.118 1491.401 1458.919 1407.384 1395.524 1374.474 1301.891 1255.190 1268.741 1272.023 1270.619 1345.452 1420.381 1507.225 1629.806 1638.972 1631.031 1599.888 1527.932 1388.588 1407.219 1362.367 1357.925 1310.107 1315.844 1314.328 1375.772 1448.328 1486.213 1472.478 1480.346 1467.345 1421.450 1371.377 1366.242 1215.756 1241.683 1176.420 1138.523 1058.943 1008.601 945.451 887.286 836.016 795.685 716.486 637.933 613.346 563.419 548.030 456.188 442.665 407.287 372.460 349.048 319.954 327.629
-999.250 -999.250 -999.250 -999.250 1641.297 1629.198 1561.076 1545.953 1576.788 1510.267 1502.016 1439.070 1370.987 1357.392 1286.098 1302.931 1276.954 1371.911 1417.846 1531.603 1577.984 1672.435 1680.990 1688.073 1604.737 1631.647 1563.193 1436.884 1427.905 1391.669 1376.945 1385.979 1390.953 1428.263 1487.054 1547.178 1567.861 1561.567 1510.848 1459.345 1386.414 1376.526 1277.461 1282.050 1198.464 1146.908 1140.643 1020.685 1012.549 930.839 861.671 811.039 732.912 617.499 595.041 571.232 517.895 460.334 388.551 414.022 374.543 330.492 337.486 346.469
-999.250 -999.250 -999.250 -999.250 1681.443 1640.737 1638.092 1665.076 1647.617 1590.845 1543.151 1493.951 1419.882 1348.160 1368.242 1332.292 1306.413 1359.426 1435.501 1576.197 1579.147 1677.397 1665.117 1689.809 1720.589 1671.212 1620.542 1524.307 1532.716 1493.874 1481.730 1469.749 1462.600 1488.573 1534.531 1620.099 1624.102 1640.745 1506.760 1486.223 1486.807 1412.949 1359.611 1306.181 1213.760 1177.560 1109.012 1086.369 1012.513 949.960 859.364 782.397 706.285 635.609 595.229 544.763 485.819 397.510 398.498 361.196 352.790 353.675 315.597 310.259
-999.250 -999.250 -999.250 -999.250 1719.724 1710.672 1693.223 1700.746 1666.347 1664.513 1616.144 1578.583 1590.757 1486.789 1391.633 1359.374 1361.374 1380.014 1459.853 1550.914 1631.581 1680.622 1695.464 1701.353 1661.903 1665.617 1701.072 1614.482 1652.757 1548.023 1546.003 1586.804 1590.764 1562.368 1604.665 1639.554 1628.202 1605.834 1497.888 1507.629 1442.127 1441.219 1354.665 1306.860 1278.312 1196.768 1180.540 1080.043 1032.379 937.529 849.181 788.259 722.419 640.786 576.490 540.268 469.844 425.589 403.401 376.539 365.158 343.790 334.812 327.299
-999.250 -999.250 -999.250 -999.250 1770.634 1757.485 1773.000 1750.576 1744.145 1743.491 1711.243 1662.840 1582.810 1503.002 1514.022 1503.568 1476.442 1496.716 1532.015 1550.740 1658.827 1721.211 1717.682 1697.219 1734.428 1708.727 1691.054 1643.543 1647.832 1660.807 1615.313 1614.534 1669.721 1645.005 1647.978 1618.505 1604.989 1620.162 1578.207 1546.696 1488.510 1480.505 1388.185 1325.243 1250.884 1222.981 1135.949 1100.101 997.870 917.884 820.381 794.754 691.803 616.734 581.096 538.824 478.948 417.876 389.045 376.976 371.823 373.276 343.781 345.665
-999.250 -999.250 -999.250 -999.250 1781.332 1745.722 1788.162 1799.791 1796.735 1788.649 1774.154 1705.223 1674.512 1555.338 1582.345 1545.815 1554.645 1606.081 1614.134 1691.567 1752.211 1783.221 1735.658 1805.316 1783.161 1767.822 1719.764 1668.858 1660.961 1693.663 1629.854 1647.789 1599.113 1635.632 1637.258 1611.263 1591.095 1605.649 1649.902 1532.535 1513.419 1444.629 1378.314 1310.851 1258.403 1223.885 1127.602 1076.050 981.883 897.336 854.266 756.021 682.971 640.254 575.752 516.795 436.307 386.536 381.074 369.975 363.337 370.271 380.502 399.556
-999.250 -999.250 -999.250 -999.250 1793.861 1823.986 1823.703 1816.874 1841.135 1853.715 1784.054 1756.025 1765.473 1702.911 1638.886 1669.924 1637.690 1660.190 1689.599 1765.764 1809.352 1840.869 1792.217 1843.408 1792.176 1782.063 1783.511 1745.678 1722.107 1660.050 1636.582 1662.087 1616.494 1583.154 1597.162 1624.179 1620.913 1637.893 1563.896 1507.013 1478.957 1453.616 1397.652 1356.534 1272.684 1178.319 1130.721 1021.130 966.561 920.356 821.897 771.947 706.138 622.517 586.976 529.041 429.666 362.494 369.181 382.299 401.401 417.334 415.288 404.231
-999.250 -999.250 -999.250 -999.250 1804.492 1829.086 1833.069 1874.160 1873.873 1883.673 1844.143 1820.097 1796.298 1769.644 1743.578 1695.276 1724.065 1761.699 1826.863 1834.561 1842.561 1905.304 1884.279 1882.930 1844.154 1789.247 1783.545 1763.630 1701.238 1696.775 1662.917 1656.289 1617.151 1579.491 1544.020 1582.748 1610.859 1604.038 1582.295 1507.553 1431.964 1439.662 1394.047 1312.879 1222.468 1185.356 1072.930 1044.252 965.692 904.407 837.755 764.195 709.511 623.382 585.750 552.017 473.527 423.595 422.938 428.082 441.315 438.931 456.942 445.962
-999.250 -999.250 -999.250 -999.250 1835.162 1866.230 1865.373 1900.496 1930.525 1885.801 1853.986 1869.205 1854.385 1833.358 1833.937 1821.119 1795.425 1813.991 1823.681 1926.368 1975.622 1914.826 1900.006 1854.077 1850.428 1823.238 1775.809 1775.784 1723.859 1693.201 1700.968 1710.533 1661.146 1604.589 1565.841 1565.649 1581.111 1493.464 1519.558 1555.444 1418.365 1354.794 1353.750 1266.034 1248.320 1150.046 1068.512 995.158 952.010 850.942 842.786 789.601 714.356 660.031 618.705 560.337 542.172 509.950 475.855 434.800 452.507 457.484 523.396 509.721
-999.250 -999.250 -999.250 1813.827 1814.834 1868.330 1901.773 1929.240 1963.560 1893.775 1883.871 1882.825 1873.036 1873.030 1866.968 1848.047 1835.338 1828.041 1900.683 1969.129 2069.641 2013.101 1876.207 1862.434 1846.868 1862.571 1824.746 1773.881 1768.668 1709.303 1686.898 1623.008 1627.318 1574.111 1540.628 1557.972 1480.758 1488.089 1556.124 1471.160 1441.573 1335.013 1305.094 1256.388 1193.195 1160.121 1084.002 985.634 981.387 891.009 858.572 782.271 744.288 686.314 646.489 593.061 569.885 552.144 540.402 510.967 515.437 541.319 572.853 571.566
-999.250 -999.250 -999.250 1768.379 1782.460 1891.701 1870.374 1927.711 1938.495 1928.245 1882.371 1853.892 1920.831 1916.858 1876.422 1897.139 1882.562 1844.120 1881.341 1959.622 2051.844 1934.221 1905.841 1877.946 1841.704 1814.585 1785.599 1746.873 1716.922 1668.715 1620.551 1616.781 1584.911 1582.114 1535.821 1504.580 1519.519 1507.377 1503.006 1419.431 1388.993 1325.455 1210.932 1186.532 1184.128 1077.133 1031.721 994.817 958.718 880.200 847.324 803.751 759.677 706.452 679.427 620.719 617.544 595.319 565.337 547.613 563.091 572.175 597.221 590.796
-999.250 -999.250 -999.250 1821.560 1830.793 1855.292 1849.877 1908.119 1938.805 1922.700 1912.217 1889.680 1949.487 1887.364 1931.443 1911.114 1948.547 1918.085 1934.427 1910.789 1933.438 1913.801 1913.980 1871.843 1812.497 1798.414 1803.276 1711.237 1671.150 1674.274 1628.981 1623.961 1544.211 1530.763 1525.097 1447.347 1420.788 1369.857 1389.825 1334.332 1321.310 1279.804 1210.081 1172.024 1120.370 1056.223 1030.128 1015.011 935.957 903.837 834.856 815.736 781.042 747.556 697.826 672.936 628.315 605.203 606.165 594.728 583.776 627.278 641.855 663.539
-999.250 -999.250 1752.867 1797.938 1848.857 1845.359 1847.119 1907.008 1897.168 1921.396 1931.026 1952.931 1964.409 1956.322 1929.062 1938.397 1926.831 1954.051 1882.116 1862.236 1905.188 1868.358 1862.988 1867.758 1807.388 1817.981 1786.956 1756.540 1688.610 1626.971 1590.642 1586.243 1547.557 1580.261 1486.875 1447.260 1386.852 1364.373 1368.286 1358.594 1289.839 1274.500 1172.948 1109.593 1110.535 1050.756 1040.286 971.358 932.749 901.225 839.560 779.277 752.475 715.143 690.460 668.838 668.048 634.313 638.792 634.123 671.985 684.051 701.116 771.664
-999.250 -999.250 1801.377 1776.649 1830.609 1842.696 1891.509 1931.382 1917.754 1952.545 1957.275 2012.849 2007.045 2015.070 1957.963 1942.216 1931.991 1911.042 1909.907 1879.558 -999.250 1857.075 1797.917 1783.764 1804.541 1807.360 1793.349 1699.844 1645.838 1578.328 1599.579 1505.120 1553.550 1530.567 1517.090 1479.677 1442.005 1470.448 1377.890 1304.879 1253.349 1240.253 1170.150 1084.851 1055.046 990.145 1005.660 946.974 882.348 885.267 803.548 806.788 770.010 722.663 721.629 715.826 674.010 668.636 673.287 709.396 698.140 752.979 817.798 812.550
-999.250 1723.487 1770.034 1772.143 1824.825 1833.517 1937.407 1924.495 1972.533 2048.274 2009.847 1992.555 2024.071 2055.577 2040.123 1999.297 1902.783 1910.019 1884.288 -999.250 -999.250 1835.117 1779.017 1794.369 1773.253 1758.065 1720.121 1709.854 1598.628 1608.479 1551.976 1477.903 1563.384 1484.575 1459.591 1407.456 1415.315 1414.554 1333.590 1314.146 1200.535 1234.097 1131.970 1072.834 972.512 959.584 970.915 920.620 858.763 864.953 804.903 790.067 741.920 747.118 721.083 698.538 661.172 665.918 718.933 737.783 758.743 803.508 859.391 924.708
-999.250 1761.313 1727.053 1742.443 1791.489 1880.925 1875.983 1936.241 2046.559 2021.241 2044.491 2011.534 2054.273 2072.670 2081.917 1984.107 1912.519 1868.000 -999.250 -999.250 -999.250 -999.250 1715.875 1732.986 1669.967 1718.089 1690.348 1644.364 1605.771 1593.241 1567.664 1521.613 1473.437 1489.245 1509.654 1438.319 1412.292 1397.104 1285.662 1252.417 1221.287 1166.298 1128.467 1097.142 993.891 909.156 908.828 853.368 838.567 821.215 823.036 764.993 779.375 784.320 716.445 725.423 730.678 724.289 732.349 775.423 808.807 871.208 960.924 972.548
1645.575 1682.400 1728.653 1726.125 1796.368 1818.314 1844.083 1856.792 1936.812 2044.956 2020.798 1988.220 2011.788 1997.283 2004.495 1921.950 1850.131 1829.131 -999.250 -999.250 -999.250 -999.250 -999.250 1689.194 1643.974 1709.563 1649.259 1596.046 1599.685 1576.860 1567.334 1551.346 1587.530 1430.410 1481.248 1410.856 1401.326 1342.494 1285.090 1259.687 1199.880 1177.735 1097.349 1017.394 968.481 894.437 825.128 830.562 782.319 811.817 802.276 752.628 769.515 759.763 769.814 728.164 711.484 763.840 780.252 796.672 859.243 924.771 989.093 1041.233
-999.250 1647.277 1715.911 1710.614 1750.953 1791.898 1817.770 1836.936 1893.250 1932.605 1942.482 1934.957 1945.618 1939.036 1924.707 1863.308 1833.796 1780.229 -999.250 -999.250 -999.250 -999.250 1594.511 1619.901 1667.624 1654.480 1621.226 1580.898 1612.150 1560.307 1558.620 1527.398 1601.809 1523.773 1462.814 1380.321 1344.410 1337.547 1289.812 1254.664 1215.578 1102.957 1065.319 1007.222 986.098 850.507 823.576 767.643 798.903 788.380 761.955 751.227 731.201 714.773 752.904 747.420 710.582 741.479 768.851 800.834 857.013 907.683 1024.909 1086.548
-999.250 1609.227 1621.357 1655.085 1657.953 1746.498 1762.540 1812.042 1828.211 1849.410 1866.437 1866.525 1874.896 1865.649 1859.750 1809.564 1774.932 1747.529 -999.250 -999.250 -999.250 1558.059 -999.250 1576.001 1619.590 1616.231 1640.686 1661.060 1642.537 1619.919 1596.249 1625.182 1596.222 1557.324 1490.164 1382.734 1382.843 1369.290 1290.250 1249.373 1152.616 1080.934 1050.874 964.265 918.046 841.783 828.323 797.925 765.841 787.222 734.665 755.505 745.046 710.798 716.081 725.683 743.356 754.450 821.330 844.372 901.260 944.002 1015.969 1076.142
-999.250 1629.300 1604.448 1614.807 1626.869 1654.583 1716.695 1707.248 1753.240 1784.576 1809.958 1800.776 1846.063 1832.149 1792.577 1815.236 1776.085 -999.250 -999.250 -999.250 -999.250 1397.135 1432.977 1506.584 1566.580 1631.066 1651.722 1648.707 1671.453 1635.268 1625.244 1648.788 1601.234 1553.939 1524.470 1392.184 1337.418 1352.561 1280.797 1188.489 1144.854 1068.394 991.850 942.926 878.668 836.624 812.324 822.946 756.953 738.406 734.540 730.560 707.619 718.463 758.268 748.782 769.417 783.057 808.461 861.146 897.716 948.186 995.463 1096.731
-999.250 1544.291 1580.688 1501.348 1575.396 1599.982 1670.288 1686.359 1750.954 1740.694 1795.780 1775.568 1791.806 1781.409 1769.290 1771.939 1745.344 -999.250 -999.250 -999.250 1653.644 1485.757 1338.216 1447.301 1585.683 1683.158 1673.393 1702.109 1672.816 1702.718 1710.306 1687.038 1646.697 1564.321 1574.730 1461.818 1348.603 1309.376 1280.334 1170.026 1130.870 1069.669 989.197 897.727 828.517 819.583 804.624 788.307 760.582 742.061 742.671 704.997 725.888 720.291 750.681 754.197 778.115 813.691 811.702 842.792 901.587 925.309 985.694 1047.132
-999.250 -999.250 -999.250 1522.828 -999.250 -999.250 1652.381 1700.406 1711.548 -999.250 -999.250 -999.250 1784.179 1791.019 -999.250 -999.250 -999.250 -999.250 -999.250 -999.250 1686.131 1618.375 1547.758 1560.893 1679.108 1751.980 1777.594 1763.122 1760.145 1806.475 1763.072 1730.859 1734.663 1689.272 1633.500 1501.793 1411.676 1380.946 1286.623 1201.313 1103.326 1012.000 971.471 850.977 816.619 752.166 741.935 772.743 735.917 778.363 759.437 739.796 755.008 727.784 737.016 768.432 804.857 791.191 823.738 894.682 902.872 907.653 984.978 1048.907
-999.250 -999.250 -999.250 -999.250 -999.250 -999.250 -999.250 -999.250 -999.250 -999.250 -999.250 -999.250 -999.250 1782.167 1765.999 1751.331 -999.250 -999.250 -999.250 1774.581 1772.190 1762.389 1729.936 1703.216 1762.321 1800.617 1830.756 1841.447 1862.357 1879.252 1842.685 1783.504 1799.063 1739.547 1649.242 1621.336 1459.894 1361.194 1283.349 1218.776 1090.222 1030.407 974.118 865.772 798.767 728.565 740.953 778.433 774.718 768.322 731.750 769.711 760.436 761.116 760.588 791.673 773.573 803.859 811.278 882.755 880.371 883.883 933.820 986.946
-999.250 -999.250 -999.250 -999.250 -999.250 -999.250 -999.250 -999.250 -999.250 -999.250 -999.250 1780.593 1797.918 1786.312 1749.952 1746.343 -999.250 -999.250 1816.174 1888.299 1856.968 1827.175 1847.309 1844.730 1859.067 1949.766 1979.369 1987.014 1970.350 1919.185 1961.021 1881.650 1867.152 1753.044 1737.673 1614.951 1504.705 1372.465 1346.345 1188.747 1137.623 1067.615 949.274 898.664 834.916 780.380 765.773 759.900 807.011 771.305 776.084 759.736 776.879 772.712 759.390 769.202 773.311 796.725 831.862 858.417 871.672 854.688 936.110 923.168
-999.250 -999.250 -999.250 -999.250 -999.250 -999.250 -999.250 -999.250 -999.250 -999.250 -999.250 1777.359 1804.329 1778.376 1783.456 1771.847 1786.538 1818.629 1823.103 1882.924 1883.212 1981.151 1974.955 1962.679 1968.231 2043.767 2123.885 2073.673 2042.958 2013.948 2008.993 1955.035 1927.003 1823.368 1669.986 1673.663 1568.480 1469.333 1333.144 1282.963 1150.049 1084.656 1011.740 955.422 907.574 815.953 800.534 802.779 799.900 804.501 828.097 830.759 805.245 787.362 779.083 751.614 795.957 818.755 844.898 863.168 887.912 862.767 896.568 910.312
-999.250 -999.250 -999.250 -999.250 -999.250 -999.250 -999.250 -999.250 -999.250 -999.250 -999.250 -999.250 1779.090 1815.611 1848.130 1799.584 1808.026 1820.367 1869.159 1897.986 1980.811 2036.638 2034.340 2085.944 2048.229 2142.836 2200.411 2192.984 2156.951 2083.621 2098.951 2048.762 1909.109 1896.756 1785.610 1699.258 1650.102 1525.313 1411.400 1313.339 1191.686 1119.787 1075.454 969.131 939.832 887.312 840.753 859.377 822.870 831.772 821.012 856.816 821.109 833.638 792.795 792.354 792.022 813.976 842.544 854.523 871.865 873.072 898.971 879.960
