data/medianmodel_05-Jun-2020.asc
ncols	141
nrows	288
xllcorner	-120191.398
yllcorner	-301404.813
cellsize	2000.000
NODATA_value	-999.250
[rows 180 to 209 of 288, columns 0 to 68 of 141]
-999.250 -999.250 -999.250 79.682 82.866 79.742 70.085 64.302 79.869 63.959 85.486 80.090 106.774 90.161 98.673 104.717 98.675 94.174 83.533 91.221 106.478 105.090 79.126 67.229 63.117 54.768 38.800 40.186 39.052 41.620 46.795 51.387 32.251 26.562 28.631 23.692 17.241 18.021 20.405 24.271 30.699 19.848 17.647 14.636 20.913 19.504 18.859 17.365 20.923 16.020 14.660 10.463 9.793 11.919 9.614 9.881 11.635 6.372 5.594 7.276 6.556 6.051 1.251 0.000 0.000 0.109 0.000 0.000 0.000
-999.250 -999.250 -999.250 81.260 89.417 74.624 65.495 77.368 78.280 76.781 106.100 97.266 110.888 113.146 102.509 108.351 103.498 75.122 79.497 100.046 99.922 79.942 68.343 66.163 64.167 59.292 39.983 55.557 39.492 32.650 39.883 29.803 24.230 24.181 27.079 19.176 21.464 18.754 20.975 23.835 33.721 24.561 17.183 15.938 14.696 22.798 14.343 13.171 14.486 18.788 11.166 12.436 14.569 11.271 12.407 11.830 8.746 9.384 5.756 6.685 5.985 4.575 1.691 0.324 0.920 0.000 0.000 0.000 0.000
-999.250 -999.250 95.896 91.398 84.529 83.249 84.785 87.241 77.286 84.834 86.341 104.404 99.338 113.800 125.676 123.955 141.674 114.627 109.694 97.562 110.604 86.248 64.062 69.316 76.733 51.935 40.564 27.512 26.836 25.456 26.857 26.409 25.156 25.258 26.766 18.843 16.513 16.416 23.957 30.479 25.096 30.262 18.470 15.538 19.924 25.124 17.355 14.962 16.293 16.099 12.698 11.660 12.087 10.952 12.859 10.579 7.668 8.790 5.079 4.585 4.901 6.353 2.810 3.008 1.361 0.000 0.000 0.000 0.000
-999.250 -999.250 89.075 104.963 100.586 87.422 86.157 77.248 82.498 74.342 87.416 96.204 100.761 107.310 133.036 164.223 142.542 144.691 107.614 117.078 -999.250 83.950 72.506 59.964 46.916 35.739 34.978 29.238 26.507 29.410 21.308 24.250 21.410 29.635 25.877 20.217 21.774 20.403 19.538 24.860 21.176 21.654 16.881 21.229 14.011 27.331 19.831 13.518 11.731 11.210 11.258 12.345 13.204 14.613 11.102 12.995 8.177 7.480 6.165 7.298 5.034 4.387 1.090 0.002 0.000 0.000 0.053 0.000 0.000
-999.250 87.113 83.612 96.144 90.476 97.557 84.873 85.598 96.016 87.406 90.306 105.575 105.623 120.959 117.557 146.782 194.677 156.201 130.381 -999.250 -999.250 63.861 61.115 47.156 35.976 44.791 29.154 22.508 22.677 18.274 20.993 24.838 22.645 23.781 20.976 25.429 24.509 14.980 19.239 19.181 22.421 18.387 17.706 17.519 18.400 17.830 17.907 16.070 12.917 13.939 11.214 13.160 14.445 12.729 6.947 10.535 7.591 7.781 6.152 9.003 6.632 5.729 1.163 0.000 0.000 0.000 0.000 0.000 0.000
-999.250 78.173 88.418 99.589 116.254 104.682 107.515 103.824 100.720 124.453 113.869 154.456 141.120 121.919 135.992 123.455 166.070 152.431 -999.250 -999.250 -999.250 -999.250 58.459 43.842 34.506 37.537 32.902 24.570 21.116 20.945 22.282 23.243 22.312 22.741 22.498 23.238 26.152 22.655 20.057 21.579 17.560 17.668 18.476 15.084 15.178 14.305 14.716 14.104 10.906 10.283 11.455 11.924 12.122 10.299 9.170 6.540 9.249 7.171 7.748 6.411 5.435 3.619 2.009 0.000 0.000 0.000 0.000 0.000 0.000
75.764 70.166 87.117 99.697 86.971 103.703 116.520 104.635 132.044 156.361 141.944 194.057 172.683 169.261 126.616 106.522 127.743 127.518 -999.250 -999.250 -999.250 -999.250 -999.250 42.847 50.635 46.425 31.605 24.611 28.270 23.288 21.603 23.911 27.751 20.191 25.405 25.451 21.967 24.502 15.526 20.979 13.828 16.324 14.349 13.899 12.439 18.012 11.891 10.553 11.707 9.903 10.149 14.089 10.470 9.839 7.626 5.997 9.250 8.148 3.992 4.325 4.622 4.451 1.880 0.000 0.000 0.000 0.000 0.000 0.000
-999.250 91.827 82.426 85.545 87.590 87.714 94.284 116.297 129.889 140.635 167.332 194.053 227.043 188.995 113.342 88.861 100.579 106.861 -999.250 -999.250 -999.250 -999.250 31.866 25.001 28.370 34.358 32.776 26.183 24.360 16.294 21.787 20.317 20.047 23.256 33.493 23.872 23.665 25.915 18.999 21.752 15.783 17.710 10.752 9.931 12.832 14.745 10.475 8.020 11.442 7.435 7.501 9.657 5.453 9.531 9.912 7.615 5.926 3.893 3.650 3.137 3.423 4.264 2.049 0.000 0.000 0.000 0.000 0.000 0.000
-999.250 91.181 71.540 55.533 55.576 86.225 84.860 85.459 108.466 115.547 145.947 184.746 193.265 140.177 99.108 99.114 100.200 129.527 -999.250 -999.250 -999.250 32.069 -999.250 20.995 28.968 29.681 33.974 20.527 18.798 15.343 18.735 15.245 26.250 25.252 26.761 21.072 21.977 24.224 22.313 25.974 18.647 16.695 13.323 12.433 12.739 12.385 10.300 8.712 9.638 7.629 4.776 7.819 8.095 7.036 6.703 7.808 6.261 5.552 3.486 4.017 2.518 3.069 1.384 0.000 0.000 0.000 0.000 0.000 0.000
-999.250 83.527 59.697 64.622 64.539 76.138 103.235 87.774 104.052 87.041 100.297 110.447 130.228 132.698 97.982 102.988 110.148 -999.250 -999.250 -999.250 -999.250 24.000 22.746 23.308 24.204 23.120 18.437 17.181 14.559 14.182 15.763 22.538 21.947 17.565 21.116 15.097 19.638 21.559 25.902 19.510 14.371 14.968 12.424 14.754 9.358 9.996 6.752 7.925 8.082 9.505 6.745 5.188 7.706 5.904 5.211 8.474 7.356 5.040 5.339 5.671 2.251 1.732 2.235 0.416 0.000 0.000 0.000 0.000 0.000
-999.250 52.591 51.889 57.582 66.680 81.659 92.839 92.367 89.817 78.075 69.010 82.296 90.474 94.836 88.569 84.472 99.952 -999.250 -999.250 -999.250 34.030 30.829 27.771 18.646 20.918 16.328 15.466 12.972 15.162 9.936 18.545 22.828 21.381 19.444 15.445 13.986 17.409 18.546 21.024 25.095 17.541 14.826 15.464 10.339 8.086 6.247 6.129 6.516 9.432 11.278 7.003 5.625 6.638 6.988 8.904 7.810 4.322 6.271 3.223 3.147 1.941 1.966 4.152 0.035 0.041 0.000 0.000 0.000 0.000
-999.250 -999.250 -999.250 50.491 -999.250 -999.250 84.462 81.859 73.329 -999.250 -999.250 -999.250 79.729 71.091 -999.250 -999.250 -999.250 -999.250 -999.250 -999.250 37.083 34.113 25.776 24.706 19.021 18.085 16.737 15.440 11.404 12.003 15.856 18.753 19.828 18.538 14.613 19.231 22.843 23.753 26.651 25.549 21.060 15.084 14.698 8.093 5.859 2.468 1.031 5.058 7.912 10.824 6.383 7.336 10.268 9.377 7.230 2.852 2.351 4.428 2.751 2.200 2.533 0.122 1.138 0.070 0.000 0.000 0.000 0.000 0.000
-999.250 -999.250 -999.250 -999.250 -999.250 -999.250 -999.250 -999.250 -999.250 -999.250 -999.250 -999.250 -999.250 65.499 51.408 55.486 -999.250 -999.250 -999.250 64.839 54.410 37.853 34.314 24.183 21.529 20.545 17.131 15.937 12.835 14.061 14.704 17.226 21.450 23.833 17.479 18.627 19.470 20.882 20.422 21.301 12.000 13.335 11.554 9.323 0.312 0.000 0.787 5.509 5.650 8.580 4.730 10.123 8.410 6.817 5.797 2.580 2.049 2.693 0.588 1.604 1.115 0.127 0.863 0.462 0.000 0.000 0.000 0.000 0.000
-999.250 -999.250 -999.250 -999.250 -999.250 -999.250 -999.250 -999.250 -999.250 -999.250 -999.250 80.025 57.985 52.774 57.550 69.806 -999.250 -999.250 62.963 87.828 68.903 53.255 51.023 28.855 20.191 18.119 14.245 16.172 12.327 15.598 18.250 20.134 19.983 22.734 17.266 20.000 16.171 17.525 15.683 16.204 18.666 17.288 12.537 8.448 6.080 0.748 1.502 5.279 5.170 8.269 8.389 6.959 9.228 7.949 6.132 4.834 6.391 3.429 1.880 0.686 1.764 1.479 1.973 1.708 0.267 0.000 0.000 0.000 0.000
-999.250 -999.250 -999.250 -999.250 -999.250 -999.250 -999.250 -999.250 -999.250 -999.250 -999.250 69.394 61.791 58.015 65.812 57.507 67.907 61.733 60.781 88.265 84.901 80.737 58.590 32.751 20.359 14.406 17.116 14.012 13.941 11.108 18.692 18.081 18.571 17.092 17.953 23.868 17.302 17.061 16.928 15.884 12.832 12.534 12.806 8.566 9.594 6.072 5.718 7.179 6.593 6.791 5.733 6.906 8.499 10.147 6.030 3.392 4.634 4.787 3.963 3.076 3.926 1.617 1.915 1.655 1.541 0.250 0.000 0.000 0.000
-999.250 -999.250 -999.250 -999.250 -999.250 -999.250 -999.250 -999.250 -999.250 -999.250 -999.250 -999.250 59.188 61.405 64.244 63.718 85.245 70.237 52.914 73.444 66.634 61.575 46.432 25.782 22.194 19.127 11.947 15.096 18.892 14.239 17.826 20.010 23.884 18.649 21.425 21.950 16.750 16.640 15.238 15.819 14.789 16.731 11.123 13.272 11.466 12.627 8.494 7.606 8.735 10.546 5.161 7.217 8.481 5.595 6.381 4.998 3.797 3.776 1.634 3.632 2.877 1.155 1.024 1.905 2.694 1.957 0.501 0.000 0.000
-999.250 -999.250 -999.250 -999.250 -999.250 -999.250 -999.250 -999.250 -999.250 -999.250 -999.250 -999.250 -999.250 55.637 48.130 58.642 51.028 71.473 57.253 55.783 67.706 58.918 41.672 26.219 18.768 25.396 17.562 19.651 18.555 17.414 17.206 22.879 21.948 20.421 17.930 22.801 21.943 14.429 16.400 11.915 13.038 17.769 11.359 14.872 11.028 10.844 7.565 8.252 9.865 8.601 6.796 5.921 9.151 6.407 5.528 3.859 5.423 4.605 5.320 3.642 3.117 1.658 1.394 1.729 4.978 1.607 0.723 0.005 1.986
-999.250 -999.250 -999.250 -999.250 -999.250 -999.250 -999.250 -999.250 -999.250 -999.250 -999.250 -999.250 -999.250 49.204 48.393 46.232 37.378 37.755 38.900 41.517 66.635 48.510 30.884 32.044 20.662 24.020 18.205 22.447 16.973 17.883 18.568 20.964 25.677 16.565 25.864 26.393 18.068 13.288 13.977 13.331 16.248 13.641 14.642 15.943 12.620 9.603 7.829 10.631 10.998 11.310 7.786 7.491 9.359 6.657 4.417 5.772 3.791 2.612 3.924 7.631 3.871 3.239 1.588 2.443 1.412 0.438 0.621 0.545 1.053
-999.250 -999.250 -999.250 -999.250 -999.250 -999.250 -999.250 -999.250 -999.250 -999.250 -999.250 -999.250 -999.250 33.656 50.152 35.113 33.417 23.448 23.459 28.855 48.989 30.381 31.166 28.267 28.887 26.874 31.700 18.934 22.298 21.934 23.265 17.412 22.214 19.310 21.210 25.050 17.778 14.211 11.745 12.513 17.203 15.510 14.242 13.683 10.074 10.346 9.623 7.365 8.791 10.482 8.186 8.847 8.569 6.019 5.019 1.076 3.135 3.506 5.262 5.304 4.072 2.299 0.754 0.636 1.331 1.476 0.615 0.374 0.000
-999.250 -999.250 -999.250 -999.250 -999.250 -999.250 -999.250 -999.250 -999.250 -999.250 -999.250 -999.250 -999.250 -999.250 54.469 41.638 31.005 25.638 25.069 21.420 28.034 28.984 35.088 30.862 31.215 31.856 30.986 26.266 22.458 22.473 19.922 24.935 25.815 19.153 17.109 19.684 16.015 16.805 14.029 12.498 13.411 14.032 14.428 13.130 13.947 13.154 10.870 11.105 8.309 8.995 12.062 9.699 6.922 5.827 4.209 3.959 1.794 6.506 6.601 3.696 1.303 2.476 3.473 2.236 0.939 0.000 0.000 0.109 0.000
-999.250 -999.250 -999.250 -999.250 -999.250 -999.250 -999.250 -999.250 -999.250 -999.250 -999.250 -999.250 -999.250 -999.250 47.351 51.689 32.460 27.640 19.688 21.865 25.755 24.424 20.805 31.267 28.855 28.643 28.039 27.401 31.270 21.662 19.928 21.882 25.353 19.241 16.750 15.215 14.361 17.580 12.716 13.469 13.090 11.959 14.529 14.293 17.366 15.156 17.136 9.345 8.855 10.240 11.630 9.056 11.377 6.886 3.317 3.277 3.648 6.030 4.730 3.493 2.013 2.469 3.772 0.000 0.000 0.312 0.000 0.000 0.000
-999.250 -999.250 -999.250 -999.250 -999.250 -999.250 -999.250 -999.250 -999.250 -999.250 -999.250 -999.250 -999.250 -999.250 38.638 32.118 29.431 24.993 36.489 33.967 29.429 23.567 24.239 25.541 21.126 26.133 25.067 22.434 19.609 17.714 20.805 19.639 19.514 16.814 13.895 13.207 13.768 11.643 10.385 13.149 12.958 13.450 13.970 14.206 13.823 17.067 13.354 13.586 9.468 9.220 10.777 8.136 9.874 5.623 3.892 7.156 4.464 7.491 5.389 2.894 0.000 2.182 0.935 2.259 1.574 0.426 0.000 0.135 0.000
-999.250 -999.250 -999.250 -999.250 -999.250 -999.250 -999.250 -999.250 -999.250 -999.250 -999.250 -999.250 -999.250 -999.250 34.749 32.171 33.043 29.116 28.009 35.935 34.061 28.040 33.183 21.175 21.761 -999.250 21.709 21.929 19.696 12.347 20.790 14.688 18.158 16.197 13.350 10.032 14.575 13.021 8.208 14.470 13.863 14.069 11.409 14.404 14.349 12.262 14.674 11.596 9.523 12.828 6.840 8.960 7.802 5.178 5.008 5.458 6.233 4.729 3.109 3.624 1.608 1.434 0.266 0.082 0.000 0.000 0.048 1.014 0.000
-999.250 -999.250 -999.250 -999.250 -999.250 -999.250 -999.250 -999.250 -999.250 -999.250 -999.250 -999.250 -999.250 -999.250 36.156 27.138 33.749 25.006 39.620 49.144 46.823 39.369 30.821 -999.250 -999.250 -999.250 24.910 22.389 18.637 15.942 18.835 28.957 17.638 17.173 15.445 18.477 15.682 16.207 15.519 15.161 14.745 17.558 15.755 13.290 12.819 13.141 12.785 12.877 8.219 12.438 10.857 11.853 9.387 8.808 4.261 6.417 7.921 5.943 4.085 2.755 2.776 1.694 1.047 0.144 0.000 0.432 0.210 0.000 0.000
-999.250 -999.250 -999.250 -999.250 -999.250 -999.250 -999.250 -999.250 -999.250 -999.250 -999.250 -999.250 -999.250 28.074 28.585 33.799 20.892 23.814 25.009 41.547 46.907 41.139 -999.250 -999.250 -999.250 -999.250 -999.250 20.339 18.169 16.564 20.379 22.895 15.254 14.520 14.366 20.318 18.755 18.442 19.074 14.847 14.016 14.415 12.587 11.124 11.861 11.294 9.443 8.796 9.780 9.693 8.997 7.619 9.216 6.407 3.206 4.977 5.584 2.782 4.232 1.603 3.274 2.096 0.000 0.000 0.083 2.646 0.000 0.000 0.000
-999.250 -999.250 -999.250 -999.250 -999.250 -999.250 -999.250 -999.250 -999.250 -999.250 -999.250 -999.250 -999.250 36.040 30.924 32.595 32.462 26.496 29.015 43.147 -999.250 -999.250 -999.250 -999.250 -999.250 -999.250 -999.250 -999.250 17.910 21.465 15.808 16.399 14.618 14.836 22.421 26.127 25.194 18.740 20.699 18.167 14.982 16.478 13.430 18.718 16.207 11.526 9.375 11.612 8.217 7.919 8.317 10.775 6.403 5.143 4.770 5.389 2.137 3.728 2.578 5.204 2.149 0.000 0.000 0.000 0.745 0.005 0.000 0.000 0.030
-999.250 -999.250 -999.250 -999.250 -999.250 -999.250 -999.250 -999.250 -999.250 -999.250 -999.250 -999.250 38.308 36.455 -999.250 -999.250 -999.250 -999.250 -999.250 -999.250 -999.250 -999.250 -999.250 -999.250 -999.250 -999.250 -999.250 -999.250 -999.250 20.074 15.777 11.794 15.677 19.453 23.106 18.094 19.039 21.466 15.784 18.104 18.241 12.044 15.165 17.270 14.452 11.178 10.308 11.754 11.183 8.366 8.276 5.196 7.220 5.234 6.212 5.113 3.133 2.632 3.314 3.078 0.000 0.000 0.000 0.000 0.000 0.000 0.000 0.000 0.000
-999.250 -999.250 -999.250 -999.250 -999.250 -999.250 -999.250 -999.250 -999.250 -999.250 -999.250 -999.250 -999.250 -999.250 -999.250 -999.250 -999.250 -999.250 -999.250 -999.250 -999.250 -999.250 -999.250 -999.250 -999.250 -999.250 -999.250 -999.250 -999.250 -999.250 16.241 20.444 19.740 15.648 19.731 16.694 17.503 14.340 15.235 17.479 11.832 18.014 16.348 17.389 17.459 13.688 10.017 10.435 10.370 11.304 5.364 8.712 9.624 9.376 7.145 2.973 4.056 1.778 1.634 0.000 0.000 0.000 0.000 0.000 0.000 0.000 0.000 0.000 0.000
-999.250 -999.250 -999.250 -999.250 -999.250 -999.250 -999.250 -999.250 -999.250 -999.250 -999.250 -999.250 -999.250 -999.250 -999.250 -999.250 -999.250 -999.250 -999.250 -999.250 -999.250 -999.250 -999.250 -999.250 -999.250 -999.250 -999.250 -999.250 -999.250 -999.250 17.218 18.619 18.406 15.072 19.038 17.398 18.396 22.670 14.574 14.995 16.830 18.416 16.176 15.027 15.757 16.121 12.477 12.602 11.012 11.596 9.483 11.691 9.237 7.514 6.068 4.742 4.870 2.653 2.207 2.316 0.286 0.724 0.000 0.000 0.000 0.000 0.000 0.000 0.000
-999.250 -999.250 -999.250 -999.250 -999.250 -999.250 -999.250 -999.250 -999.250 -999.250 -999.250 -999.250 -999.250 -999.250 -999.250 -999.250 -999.250 -999.250 -999.250 -999.250 -999.250 -999.250 -999.250 -999.250 -999.250 -999.250 -999.250 -999.250 -999.250 -999.250 17.864 19.861 14.327 17.734 15.301 14.739 14.882 16.128 15.749 17.270 15.367 16.457 15.537 17.755 18.395 16.926 11.485 12.482 11.597 10.640 12.381 9.828 8.661 7.063 5.518 3.126 4.445 5.176 4.184 3.727 2.839 2.486 0.000 0.000 0.000 0.000 0.000 0.000 0.000
