data/medianmodel_09-May-2020.asc
ncols	141
nrows	288
xllcorner	-120191.398
yllcorner	-301404.813
cellsize	2000.000
NODATA_value	-999.250
[rows 93 to 123 of 288, columns 0 to 68 of 141]
-999.250 -999.250 -999.250 -999.250 -999.250 -999.250 -999.250 -999.250 -999.250 -999.250 -999.250 -999.250 -999.250 -999.250 -999.250 -999.250 -999.250 -999.250 -999.250 -999.250 -999.250 -999.250 -999.250 -999.250 -999.250 -999.250 -999.250 -999.250 -999.250 -999.250 -999.250 0.653 1.119 1.022 2.419 3.725 9.659 13.564 17.575 18.512 21.649 23.184 25.918 19.047 21.075 20.986 22.012 16.353 13.154 12.495 10.514 11.071 9.949 8.583 7.753 7.382 7.221 4.659 0.813 0.000 0.000 0.000 0.000 0.000 0.000 0.000 0.507 2.167 6.113
-999.250 -999.250 -999.250 -999.250 -999.250 -999.250 -999.250 -999.250 -999.250 -999.250 -999.250 -999.250 -999.250 -999.250 -999.250 -999.250 -999.250 -999.250 -999.250 -999.250 -999.250 -999.250 -999.250 -999.250 -999.250 -999.250 -999.250 -999.250 -999.250 -999.250 -999.250 1.319 0.000 0.000 0.000 2.560 8.731 10.786 15.629 16.387 18.972 19.134 17.062 15.009 17.723 17.011 12.927 10.950 12.192 9.386 9.372 10.468 8.468 10.019 9.933 8.609 7.947 3.847 0.824 0.000 0.000 0.000 0.000 0.000 0.000 0.000 0.000 0.000 3.317
-999.250 -999.250 -999.250 -999.250 -999.250 -999.250 -999.250 -999.250 -999.250 -999.250 -999.250 -999.250 -999.250 -999.250 -999.250 -999.250 -999.250 -999.250 -999.250 -999.250 -999.250 -999.250 -999.250 -999.250 -999.250 -999.250 -999.250 -999.250 -999.250 -999.250 -999.250 3.025 0.721 0.000 0.000 4.565 7.456 11.794 14.121 18.435 15.868 15.997 16.439 12.740 14.910 12.228 8.379 7.333 7.423 9.036 10.238 9.224 11.029 11.241 11.311 9.869 7.497 7.711 2.205 0.000 0.000 0.000 0.000 0.000 0.000 0.000 0.000 0.000 2.201
-999.250 -999.250 -999.250 -999.250 -999.250 -999.250 -999.250 -999.250 -999.250 -999.250 -999.250 -999.250 -999.250 -999.250 -999.250 -999.250 -999.250 -999.250 -999.250 -999.250 -999.250 -999.250 -999.250 -999.250 -999.250 -999.250 -999.250 -999.250 -999.250 -999.250 6.329 2.351 1.427 0.157 0.000 4.739 8.998 12.656 16.586 14.597 15.289 17.089 14.885 12.594 12.816 8.681 2.775 3.327 3.652 6.056 9.180 7.822 10.112 12.705 12.821 12.299 7.560 5.945 2.715 0.000 0.000 0.000 0.000 0.000 0.000 0.000 0.000 2.499 4.091
-999.250 -999.250 -999.250 -999.250 -999.250 -999.250 -999.250 -999.250 -999.250 -999.250 -999.250 -999.250 -999.250 -999.250 -999.250 -999.250 -999.250 -999.250 -999.250 -999.250 -999.250 -999.250 -999.250 -999.250 -999.250 -999.250 -999.250 -999.250 -999.250 -999.250 3.605 1.663 2.187 0.704 3.519 6.467 7.933 12.328 12.769 12.778 14.866 15.525 14.947 10.395 8.465 3.667 0.000 0.000 2.224 4.827 7.078 9.986 11.414 13.067 13.436 12.057 8.517 7.816 4.821 0.841 0.000 0.000 0.000 0.000 0.000 0.000 0.000 1.843 7.020
-999.250 -999.250 -999.250 -999.250 -999.250 -999.250 -999.250 -999.250 -999.250 -999.250 -999.250 -999.250 -999.250 -999.250 -999.250 -999.250 -999.250 -999.250 -999.250 -999.250 -999.250 -999.250 -999.250 -999.250 -999.250 -999.250 -999.250 -999.250 -999.250 -999.250 5.495 4.288 5.254 5.970 4.522 6.590 9.435 11.074 14.470 19.788 19.899 16.882 16.161 10.996 8.164 3.768 0.379 1.744 3.981 6.592 9.957 13.885 12.351 12.298 13.611 13.653 11.786 11.360 7.043 2.125 0.000 0.000 0.000 0.000 0.000 0.000 0.691 3.382 8.210
-999.250 -999.250 -999.250 -999.250 -999.250 -999.250 -999.250 -999.250 -999.250 -999.250 -999.250 -999.250 -999.250 -999.250 -999.250 -999.250 -999.250 -999.250 -999.250 -999.250 -999.250 -999.250 -999.250 -999.250 -999.250 -999.250 -999.250 -999.250 -999.250 -999.250 4.821 2.262 3.998 4.692 4.669 8.485 8.880 10.653 17.308 18.212 22.850 17.056 15.691 12.109 11.168 7.652 6.961 5.947 8.403 10.935 12.223 13.234 16.357 14.162 15.619 13.884 13.798 10.986 9.523 6.625 1.362 0.029 0.000 0.000 0.000 0.000 2.408 3.774 5.367
-999.250 -999.250 -999.250 -999.250 -999.250 -999.250 -999.250 -999.250 -999.250 -999.250 -999.250 -999.250 -999.250 -999.250 -999.250 -999.250 -999.250 -999.250 -999.250 -999.250 -999.250 -999.250 -999.250 -999.250 -999.250 -999.250 -999.250 -999.250 -999.250 6.503 4.174 6.990 6.643 5.637 8.492 9.605 11.248 12.654 15.977 15.179 17.995 16.478 15.264 14.321 10.356 11.306 12.867 10.747 11.461 15.291 16.985 17.698 20.249 17.047 16.356 16.745 17.477 13.732 10.790 5.740 4.196 0.877 0.000 0.000 0.000 0.006 1.694 1.883 8.135
-999.250 -999.250 -999.250 -999.250 -999.250 -999.250 -999.250 -999.250 -999.250 -999.250 -999.250 -999.250 -999.250 -999.250 -999.250 -999.250 -999.250 -999.250 -999.250 -999.250 -999.250 -999.250 -999.250 -999.250 -999.250 -999.250 -999.250 -999.250 -999.250 5.591 5.492 6.326 2.597 6.434 7.856 9.588 10.411 10.628 12.392 17.108 17.922 16.365 15.336 16.840 14.763 18.851 15.607 17.286 18.687 20.402 21.717 20.298 22.053 21.734 21.086 17.645 16.598 13.303 9.973 7.577 2.489 1.953 1.415 0.445 0.000 0.000 1.212 3.781 7.329
-999.250 -999.250 -999.250 -999.250 -999.250 -999.250 -999.250 -999.250 -999.250 -999.250 -999.250 -999.250 -999.250 -999.250 -999.250 -999.250 -999.250 -999.250 -999.250 -999.250 -999.250 -999.250 -999.250 -999.250 -999.250 -999.250 -999.250 -999.250 -999.250 6.751 6.113 5.421 3.476 4.452 6.507 7.965 8.956 9.621 14.822 13.690 15.341 15.986 18.648 19.072 19.017 16.077 20.477 22.977 20.115 26.189 26.610 21.851 27.260 29.210 18.746 16.352 15.749 12.310 9.838 5.283 6.002 5.001 1.157 0.779 0.392 0.494 0.000 4.304 5.529
-999.250 -999.250 -999.250 -999.250 -999.250 -999.250 -999.250 -999.250 -999.250 -999.250 -999.250 -999.250 -999.250 -999.250 -999.250 -999.250 -999.250 -999.250 -999.250 -999.250 -999.250 -999.250 -999.250 -999.250 -999.250 -999.250 -999.250 -999.250 -999.250 8.172 4.781 5.854 4.628 3.947 6.022 5.222 5.936 9.248 9.642 13.446 15.467 16.980 19.652 22.202 24.397 22.540 30.180 30.959 26.287 28.688 28.581 24.986 30.292 22.295 19.386 18.295 17.776 13.766 11.780 10.227 9.955 4.801 2.359 0.568 0.020 0.020 2.106 2.637 6.716
-999.250 -999.250 -999.250 -999.250 -999.250 -999.250 -999.250 -999.250 -999.250 -999.250 -999.250 -999.250 -999.250 -999.250 -999.250 -999.250 -999.250 -999.250 -999.250 -999.250 -999.250 -999.250 -999.250 -999.250 -999.250 -999.250 -999.250 -999.250 7.074 7.888 7.868 4.401 1.902 2.743 1.717 1.554 7.058 8.614 9.937 13.446 21.355 20.516 23.618 27.610 30.156 39.021 47.125 36.950 33.866 30.007 30.233 24.240 22.341 18.307 20.642 17.899 16.307 14.350 14.745 12.229 9.841 4.481 3.827 3.973 1.195 0.235 1.618 1.308 5.412
-999.250 -999.250 -999.250 -999.250 -999.250 -999.250 -999.250 -999.250 -999.250 -999.250 -999.250 -999.250 -999.250 -999.250 -999.250 -999.250 -999.250 -999.250 -999.250 -999.250 -999.250 -999.250 -999.250 -999.250 -999.250 -999.250 -999.250 -999.250 5.726 5.566 4.678 2.261 2.655 2.376 0.626 2.077 2.383 6.421 7.887 12.660 15.445 22.070 25.581 28.223 39.096 48.957 52.174 43.437 39.318 30.784 25.014 18.224 20.856 16.959 15.202 16.783 16.799 15.127 14.490 13.569 13.718 9.553 5.510 2.983 3.289 2.423 1.493 3.639 2.791
-999.250 -999.250 -999.250 -999.250 -999.250 -999.250 -999.250 -999.250 -999.250 -999.250 -999.250 -999.250 -999.250 -999.250 -999.250 -999.250 -999.250 -999.250 -999.250 -999.250 -999.250 -999.250 -999.250 -999.250 -999.250 -999.250 -999.250 3.303 3.092 4.547 3.672 3.937 3.535 1.423 1.027 0.011 1.123 4.508 3.965 11.593 15.340 20.709 24.202 32.558 44.475 46.243 49.492 44.723 41.830 35.285 23.586 19.543 16.432 15.198 14.976 13.127 15.095 15.751 16.516 15.280 16.589 13.772 10.013 4.962 4.759 3.494 4.295 6.036 5.964
-999.250 -999.250 -999.250 -999.250 -999.250 -999.250 -999.250 -999.250 -999.250 -999.250 -999.250 -999.250 -999.250 -999.250 -999.250 -999.250 -999.250 -999.250 -999.250 -999.250 -999.250 -999.250 -999.250 -999.250 -999.250 -999.250 -999.250 4.664 4.675 4.456 3.509 3.433 1.909 0.662 0.000 0.000 0.000 0.576 2.948 9.908 18.127 20.467 31.315 34.115 43.325 46.880 48.131 48.007 39.456 27.926 26.553 18.461 14.379 13.440 14.411 13.220 16.448 17.775 21.070 17.633 20.251 18.206 15.869 9.079 8.615 8.147 6.219 4.120 5.984
-999.250 -999.250 -999.250 -999.250 -999.250 -999.250 -999.250 -999.250 -999.250 -999.250 -999.250 -999.250 -999.250 -999.250 -999.250 -999.250 -999.250 -999.250 -999.250 -999.250 -999.250 -999.250 -999.250 -999.250 -999.250 -999.250 -999.250 7.163 4.631 3.123 2.112 0.212 0.000 0.000 0.000 0.000 0.000 0.000 3.568 13.029 17.014 27.486 28.352 35.382 46.950 55.565 50.342 48.063 41.106 31.764 22.268 16.786 10.496 10.207 9.942 12.545 15.276 19.057 29.808 24.226 30.442 28.985 25.028 15.723 13.183 11.044 9.195 6.173 4.406
-999.250 -999.250 -999.250 -999.250 -999.250 -999.250 -999.250 -999.250 -999.250 -999.250 -999.250 -999.250 -999.250 -999.250 -999.250 -999.250 -999.250 -999.250 -999.250 -999.250 -999.250 -999.250 -999.250 -999.250 -999.250 -999.250 -999.250 6.074 3.833 3.071 1.702 0.000 0.000 0.000 0.000 0.000 0.000 0.954 5.024 12.174 18.847 25.298 33.980 42.779 50.877 55.666 51.932 47.612 41.706 37.522 23.375 14.245 13.668 8.496 7.021 10.226 15.240 20.027 32.361 43.383 45.786 48.565 39.546 30.308 21.787 12.373 9.569 9.712 6.851
-999.250 -999.250 -999.250 -999.250 -999.250 -999.250 -999.250 -999.250 -999.250 -999.250 -999.250 -999.250 -999.250 -999.250 -999.250 -999.250 -999.250 -999.250 -999.250 -999.250 -999.250 -999.250 -999.250 -999.250 -999.250 -999.250 -999.250 -999.250 6.764 4.653 0.876 0.000 0.000 0.000 0.000 0.000 0.000 1.374 5.311 11.568 17.808 29.143 38.343 50.606 53.049 53.419 60.133 50.732 36.761 30.987 22.616 17.305 12.341 7.567 3.871 7.763 14.998 24.956 36.745 51.472 64.247 66.098 48.365 37.122 25.382 18.843 13.633 10.846 4.084
-999.250 -999.250 -999.250 -999.250 -999.250 -999.250 -999.250 -999.250 -999.250 -999.250 -999.250 -999.250 -999.250 -999.250 -999.250 -999.250 -999.250 -999.250 -999.250 -999.250 -999.250 -999.250 -999.250 -999.250 -999.250 -999.250 -999.250 -999.250 5.075 5.305 2.710 0.000 0.000 0.000 0.000 0.000 0.000 1.628 3.421 11.675 18.633 26.067 43.047 54.209 62.410 58.795 59.500 50.481 39.678 28.193 19.889 15.493 11.171 5.785 1.434 5.994 14.499 25.087 41.890 60.551 78.844 69.579 57.211 45.086 33.447 27.762 14.963 12.471 8.327
-999.250 -999.250 -999.250 -999.250 -999.250 -999.250 -999.250 -999.250 -999.250 -999.250 -999.250 -999.250 -999.250 -999.250 -999.250 -999.250 -999.250 -999.250 -999.250 -999.250 -999.250 -999.250 -999.250 -999.250 -999.250 -999.250 -999.250 -999.250 3.624 7.466 4.216 0.414 0.000 0.000 0.000 0.000 0.000 0.564 3.221 9.978 19.891 27.999 38.011 54.452 66.876 66.176 60.271 52.492 38.861 27.253 20.880 15.422 9.808 2.170 0.000 0.000 10.001 23.178 40.899 53.592 70.459 71.332 56.993 50.996 45.659 26.758 18.422 11.347 7.196
-999.250 -999.250 -999.250 -999.250 -999.250 -999.250 -999.250 -999.250 -999.250 -999.250 -999.250 -999.250 -999.250 -999.250 -999.250 -999.250 -999.250 -999.250 -999.250 -999.250 -999.250 -999.250 -999.250 -999.250 -999.250 -999.250 -999.250 -999.250 7.799 5.674 4.498 1.992 0.000 0.000 0.000 0.000 0.000 0.000 5.176 11.817 18.340 27.246 32.491 49.766 74.165 78.949 63.341 47.804 34.920 21.877 19.400 15.738 7.925 1.107 0.000 0.000 8.457 16.992 31.050 42.619 50.581 57.698 57.195 49.574 39.760 33.330 18.485 13.265 5.152
-999.250 -999.250 -999.250 -999.250 -999.250 -999.250 -999.250 -999.250 -999.250 -999.250 -999.250 -999.250 -999.250 -999.250 -999.250 -999.250 -999.250 -999.250 -999.250 -999.250 -999.250 -999.250 -999.250 -999.250 -999.250 -999.250 -999.250 -999.250 8.685 7.827 2.648 1.532 0.000 0.000 0.000 0.000 0.000 0.000 0.000 5.119 17.471 25.418 36.509 44.307 62.236 68.081 61.611 46.252 31.129 22.700 16.405 11.924 4.396 0.229 0.000 2.167 7.934 12.814 23.243 31.947 44.305 58.178 53.247 39.611 38.376 33.006 16.672 15.658 9.856
-999.250 -999.250 -999.250 -999.250 -999.250 -999.250 -999.250 -999.250 -999.250 -999.250 -999.250 -999.250 -999.250 -999.250 -999.250 -999.250 -999.250 -999.250 -999.250 -999.250 -999.250 -999.250 -999.250 -999.250 -999.250 -999.250 -999.250 4.599 5.290 7.933 5.016 1.641 0.000 0.000 0.000 0.000 0.000 0.000 0.000 0.000 12.018 22.071 30.883 46.556 51.816 55.588 48.099 39.787 26.389 18.194 13.086 8.303 5.766 0.822 0.000 0.074 3.759 10.170 20.203 23.945 37.666 45.253 45.688 43.471 36.318 27.413 17.882 14.405 11.971
-999.250 -999.250 -999.250 -999.250 -999.250 -999.250 -999.250 -999.250 -999.250 -999.250 -999.250 -999.250 -999.250 -999.250 -999.250 -999.250 -999.250 -999.250 -999.250 -999.250 -999.250 -999.250 -999.250 -999.250 -999.250 -999.250 -999.250 4.785 7.216 7.110 3.678 1.704 0.000 0.000 0.000 0.000 0.000 0.000 0.000 2.590 10.232 17.245 27.663 36.463 48.286 41.121 41.105 33.492 25.806 17.254 11.047 7.069 4.511 0.329 0.000 0.000 0.481 4.527 13.073 17.935 29.582 36.669 35.263 33.898 34.225 23.296 18.820 16.411 13.191
-999.250 -999.250 -999.250 -999.250 -999.250 -999.250 -999.250 -999.250 -999.250 -999.250 -999.250 -999.250 -999.250 -999.250 -999.250 -999.250 -999.250 -999.250 -999.250 -999.250 -999.250 -999.250 -999.250 -999.250 -999.250 -999.250 -999.250 4.173 8.126 8.106 5.256 2.443 0.000 0.000 0.000 0.000 0.000 0.000 0.000 2.058 8.111 17.777 23.812 35.093 37.893 42.646 38.441 36.689 21.152 18.529 11.297 7.418 3.088 0.000 0.000 0.000 0.000 0.000 7.780 14.663 21.747 24.708 24.923 25.555 25.661 18.189 18.217 14.733 11.724
-999.250 -999.250 -999.250 -999.250 -999.250 -999.250 -999.250 -999.250 -999.250 -999.250 -999.250 -999.250 -999.250 -999.250 -999.250 -999.250 -999.250 -999.250 -999.250 -999.250 -999.250 -999.250 -999.250 -999.250 -999.250 -999.250 5.051 4.915 5.125 4.345 6.356 4.064 0.501 0.000 0.000 0.000 0.000 0.000 1.597 2.082 8.061 13.009 18.669 29.188 33.175 34.305 33.925 24.769 21.585 16.615 10.823 8.977 3.762 0.000 0.000 0.000 0.000 0.000 4.672 11.003 16.066 19.255 20.878 24.439 23.626 19.679 16.869 13.157 10.351
-999.250 -999.250 -999.250 -999.250 -999.250 -999.250 -999.250 -999.250 -999.250 -999.250 -999.250 -999.250 -999.250 -999.250 -999.250 -999.250 -999.250 -999.250 -999.250 -999.250 -999.250 -999.250 -999.250 -999.250 -999.250 -999.250 4.344 6.504 6.906 4.828 5.322 5.149 2.389 1.187 0.000 0.000 0.000 0.000 2.827 4.053 5.765 12.788 15.707 20.832 28.994 30.440 26.907 24.097 18.825 19.168 11.470 7.983 3.496 1.782 0.000 0.000 0.000 0.000 4.148 8.170 14.159 14.042 15.239 18.022 17.832 17.303 14.595 15.415 13.247
-999.250 -999.250 -999.250 -999.250 -999.250 -999.250 -999.250 -999.250 -999.250 -999.250 -999.250 -999.250 -999.250 -999.250 -999.250 -999.250 -999.250 -999.250 -999.250 -999.250 -999.250 -999.250 -999.250 -999.250 -999.250 -999.250 5.298 7.759 6.586 4.973 6.364 6.644 6.218 3.077 1.540 0.047 0.000 1.147 3.069 7.121 5.988 12.136 13.997 14.746 25.350 26.693 21.143 21.052 18.826 16.168 11.734 6.801 6.469 1.713 2.039 0.000 0.000 0.000 0.042 5.207 11.331 12.480 13.370 14.446 14.639 12.701 13.961 15.209 13.897
-999.250 -999.250 -999.250 -999.250 -999.250 -999.250 -999.250 -999.250 -999.250 -999.250 -999.250 -999.250 -999.250 -999.250 -999.250 -999.250 -999.250 -999.250 -999.250 -999.250 -999.250 -999.250 -999.250 -999.250 -999.250 6.822 10.077 8.705 8.261 6.625 6.909 7.483 9.090 6.738 1.847 0.968 1.324 2.211 3.651 7.789 8.496 10.692 17.588 16.557 21.536 24.448 25.783 20.555 16.556 12.043 10.223 7.887 5.385 6.357 1.191 0.304 0.000 0.000 0.000 3.220 8.335 9.860 9.096 9.457 11.743 12.613 12.942 14.631 15.829
-999.250 -999.250 -999.250 -999.250 -999.250 -999.250 -999.250 -999.250 -999.250 -999.250 -999.250 -999.250 -999.250 -999.250 -999.250 -999.250 -999.250 -999.250 -999.250 -999.250 -999.250 -999.250 -999.250 -999.250 -999.250 6.597 7.997 8.706 8.364 6.204 7.562 9.217 8.574 7.066 4.132 4.039 5.577 3.788 5.654 6.141 6.909 10.677 11.927 14.942 19.685 20.392 23.432 24.919 14.353 12.793 11.130 9.042 11.534 6.968 5.200 2.637 1.927 0.807 0.000 2.372 5.162 7.706 6.938 5.440 7.010 9.317 12.107 12.916 13.975
-999.250 -999.250 -999.250 -999.250 -999.250 -999.250 -999.250 -999.250 -999.250 -999.250 -999.250 -999.250 -999.250 -999.250 -999.250 -999.250 -999.250 -999.250 -999.250 -999.250 -999.250 -999.250 -999.250 -999.250 -999.250 7.144 8.602 8.547 10.973 9.818 6.578 8.008 9.896 6.968 6.338 5.910 4.742 6.460 5.830 5.941 7.842 10.309 12.584 15.523 15.462 20.356 18.122 17.017 12.374 12.419 12.937 9.835 10.443 9.596 8.474 6.062 5.768 3.144 3.175 3.562 4.922 7.148 5.078 4.347 5.914 8.403 10.437 12.878 13.093
