data/medianmodel_03-May-2020.asc
ncols	141
nrows	288
xllcorner	-120191.398
yllcorner	-301404.813
cellsize	2000.000
NODATA_value	-999.250
[rows 155 to 185 of 288, columns 0 to 68 of 141]
-999.250 -999.250 -999.250 -999.250 -999.250 -999.250 -999.250 5.716 2.064 7.572 1.597 5.368 6.432 5.281 6.100 6.191 6.433 9.504 8.445 6.798 9.826 13.621 8.938 10.799 10.349 9.814 8.495 16.645 15.488 16.140 16.790 22.961 21.653 24.931 19.648 21.730 19.378 18.476 18.975 21.371 17.043 20.085 15.633 10.076 13.662 17.066 18.938 14.980 14.707 11.218 11.609 9.404 5.087 6.221 8.157 5.936 7.045 8.112 7.934 12.122 6.346 5.022 7.763 3.830 4.655 5.614 4.293 2.851 1.096
-999.250 -999.250 -999.250 -999.250 -999.250 -999.250 -999.250 4.959 6.159 6.474 1.184 6.198 4.197 8.981 4.214 5.280 5.622 6.247 8.161 8.403 9.841 11.524 11.283 12.937 20.144 12.860 18.721 12.661 18.639 20.505 13.951 18.064 22.431 16.155 20.758 25.383 15.623 17.951 20.914 16.553 13.928 16.595 17.343 10.072 16.511 13.347 13.387 11.088 9.498 10.011 14.657 10.924 7.741 11.406 11.033 10.349 8.454 7.544 6.646 9.646 5.463 2.931 1.828 7.282 6.298 1.322 4.825 4.403 2.810
-999.250 -999.250 -999.250 -999.250 -999.250 -999.250 -999.250 6.086 1.705 5.160 3.705 4.406 11.409 6.104 2.540 5.060 7.323 2.062 4.268 6.093 10.804 10.101 10.059 17.211 16.977 13.266 12.752 18.000 17.781 17.717 20.924 17.477 29.942 18.652 15.279 19.243 20.040 22.441 22.227 20.718 23.534 12.918 18.931 21.145 13.816 9.787 13.884 10.049 15.417 14.904 10.681 8.851 10.440 10.614 17.607 15.240 9.826 7.056 9.965 13.851 12.078 5.534 7.247 4.150 5.809 3.714 0.143 5.652 2.076
-999.250 -999.250 -999.250 -999.250 -999.250 -999.250 -999.250 9.319 5.445 4.979 5.652 6.447 7.869 3.616 7.300 5.318 5.786 4.289 8.389 5.622 9.655 11.263 14.940 15.132 10.946 16.350 16.379 15.159 17.238 18.886 24.912 22.714 20.584 32.953 12.544 21.354 18.317 20.505 16.645 15.771 22.156 17.563 18.203 12.321 15.450 15.272 17.091 16.021 17.687 15.906 10.800 12.300 11.964 14.512 10.101 6.839 7.744 7.268 6.085 6.551 6.616 9.457 6.522 4.800 2.964 4.418 4.844 0.000 0.277
-999.250 -999.250 -999.250 -999.250 -999.250 -999.250 -999.250 -999.250 6.163 5.396 6.024 9.136 8.119 4.793 6.121 5.984 6.869 4.844 6.028 8.568 8.190 10.922 11.289 16.245 17.491 19.888 18.588 15.460 20.627 17.986 17.945 27.066 25.440 24.717 21.584 23.370 20.330 24.088 23.310 19.113 19.533 18.267 15.611 16.148 16.371 15.432 13.065 14.908 13.060 10.436 14.405 11.667 9.527 6.839 10.530 9.820 5.868 9.963 6.275 8.349 5.027 7.269 2.983 8.327 1.808 2.636 5.788 0.000 0.000
-999.250 -999.250 -999.250 -999.250 -999.250 -999.250 -999.250 -999.250 8.323 7.735 5.754 8.492 4.825 7.066 3.752 0.000 2.585 5.758 8.849 11.308 9.547 8.689 17.015 20.452 21.934 25.718 32.107 21.802 23.736 18.623 23.419 29.830 21.788 21.860 19.407 25.943 20.866 18.401 23.354 23.037 20.332 28.333 14.171 12.100 11.806 16.441 15.405 14.252 16.225 11.494 14.474 13.217 9.323 9.059 11.334 9.917 10.247 12.229 6.870 9.342 9.274 7.818 2.647 4.850 3.922 0.000 1.461 3.710 1.358
-999.250 -999.250 -999.250 -999.250 -999.250 -999.250 -999.250 9.233 8.684 9.713 12.330 9.827 9.772 5.861 2.654 5.029 3.256 7.661 8.459 12.130 10.013 17.852 24.449 24.383 17.880 18.411 26.809 22.472 29.582 20.880 26.557 27.899 22.587 29.902 26.237 22.327 38.313 23.595 23.196 16.236 22.801 18.418 16.242 19.183 13.726 17.494 14.323 14.975 11.360 13.956 16.080 13.182 8.197 16.155 14.489 9.033 12.718 9.825 13.863 10.200 8.478 8.539 5.086 4.261 3.987 1.244 4.849 2.074 0.000
-999.250 -999.250 -999.250 -999.250 -999.250 -999.250 -999.250 12.372 13.052 10.362 9.076 11.433 10.537 5.084 5.748 7.862 8.331 10.250 8.135 7.628 0.000 19.260 24.742 22.153 27.055 30.541 22.057 27.620 21.926 30.936 24.477 17.549 26.617 23.477 24.654 19.449 15.948 18.699 18.246 21.092 17.499 23.231 26.761 18.707 19.551 15.322 21.872 16.343 16.673 18.083 12.892 13.983 14.752 16.310 15.487 7.843 13.026 12.742 11.477 6.608 4.811 4.864 6.404 3.829 5.078 5.503 3.134 3.197 4.319
-999.250 -999.250 -999.250 -999.250 -999.250 -999.250 -999.250 9.318 9.398 10.331 11.230 7.511 6.814 8.560 9.073 6.749 9.480 9.167 11.520 8.604 10.563 17.553 22.797 26.434 36.275 34.719 26.835 27.212 25.649 28.197 30.135 23.138 28.474 34.186 22.040 17.014 18.617 21.815 13.306 15.253 18.169 18.892 23.983 12.108 27.663 17.769 21.082 20.299 17.699 14.267 15.453 16.342 15.241 15.210 12.469 10.227 10.781 10.288 9.278 9.570 5.392 9.043 9.845 3.465 5.404 3.290 3.980 0.000 2.859
-999.250 -999.250 -999.250 -999.250 -999.250 -999.250 -999.250 8.378 13.236 10.731 7.431 8.570 8.120 6.688 8.496 11.391 7.760 10.577 12.203 13.310 11.590 17.448 21.014 28.863 34.540 43.379 35.760 28.765 29.471 22.228 29.253 21.998 22.695 21.536 21.674 17.462 16.730 12.822 17.435 18.790 21.057 23.228 15.996 25.508 17.616 20.696 16.916 15.909 22.953 17.701 23.120 16.401 14.069 11.358 9.309 11.711 9.126 8.360 9.484 10.813 5.656 8.701 8.542 8.244 3.037 1.256 4.971 2.528 0.815
-999.250 -999.250 -999.250 -999.250 -999.250 -999.250 14.347 13.049 14.305 10.745 8.784 9.259 11.816 9.650 8.925 12.550 12.127 13.915 18.962 16.345 12.504 22.159 20.896 22.436 37.110 31.216 31.479 24.456 32.574 28.052 32.677 33.553 24.573 24.624 18.072 22.684 18.043 18.309 22.857 19.893 17.877 16.754 18.624 17.425 16.698 20.947 20.007 19.624 19.665 24.231 18.052 14.366 16.646 12.151 10.228 9.770 7.863 10.392 9.444 10.932 10.270 10.200 9.320 3.924 4.775 3.869 1.754 6.953 1.273
-999.250 -999.250 -999.250 -999.250 -999.250 -999.250 16.174 15.178 12.092 9.557 7.460 14.352 10.491 9.974 13.392 16.506 15.458 19.313 14.922 17.990 20.079 26.105 33.967 28.652 28.762 39.270 29.135 33.765 37.567 32.965 34.753 25.474 24.148 23.758 16.953 20.303 20.678 15.888 20.535 22.781 26.091 16.809 23.338 20.793 16.768 24.822 14.849 20.501 16.096 20.366 14.484 14.559 8.980 10.834 8.529 13.237 13.992 8.216 12.168 14.490 13.178 9.470 8.255 7.850 5.888 3.183 0.602 1.795 5.293
-999.250 -999.250 -999.250 -999.250 -999.250 12.348 16.506 18.627 14.861 13.919 15.524 15.962 13.826 17.174 18.606 15.704 12.622 12.966 16.759 14.227 21.484 22.970 30.562 23.333 29.480 32.821 42.587 92.446 42.411 31.808 26.958 25.939 30.143 22.898 21.241 18.540 12.013 20.541 23.404 22.754 22.813 21.282 22.281 18.268 21.434 21.999 17.037 21.830 19.357 24.559 21.397 15.877 17.464 11.147 12.945 11.179 8.852 7.116 9.423 4.523 9.665 12.998 8.082 7.748 8.085 9.744 8.944 1.836 3.726
-999.250 -999.250 -999.250 -999.250 -999.250 17.467 13.324 12.763 10.760 11.528 9.770 5.094 11.770 13.308 15.880 14.565 17.348 22.386 16.663 18.410 24.443 18.265 25.260 31.995 31.409 38.140 46.025 46.878 35.120 32.843 28.569 30.646 19.362 17.585 24.123 25.845 21.172 15.532 16.143 18.617 27.348 22.404 16.726 26.476 23.172 24.390 26.608 20.915 14.420 14.179 21.963 21.718 18.125 14.828 16.692 10.604 12.033 9.878 11.426 10.582 4.895 8.263 8.105 8.563 5.972 5.018 5.061 6.255 3.206
-999.250 -999.250 -999.250 -999.250 11.787 17.245 13.938 14.756 10.177 10.609 14.378 12.776 12.988 14.296 16.856 11.083 18.932 24.625 24.967 22.852 23.972 21.295 21.042 25.652 31.786 22.705 30.117 37.800 39.209 43.932 44.730 42.576 26.100 26.788 23.802 26.259 20.773 13.622 19.742 24.619 24.008 22.932 18.729 28.042 28.211 20.852 31.924 30.678 18.730 23.515 22.373 16.916 19.188 13.326 16.101 11.425 10.558 9.488 6.312 9.704 4.155 4.268 6.679 3.012 5.741 2.431 5.602 2.356 4.563
-999.250 -999.250 -999.250 -999.250 10.384 12.653 12.017 16.238 19.761 18.666 12.008 17.112 10.965 15.290 20.096 15.818 17.878 15.234 16.257 18.764 16.943 18.653 24.971 24.553 20.965 32.741 31.089 34.032 32.068 34.290 18.749 31.033 23.821 28.806 16.208 21.821 14.710 16.934 19.064 23.825 26.464 22.279 27.939 15.229 25.027 27.021 28.619 22.820 16.834 21.402 17.990 13.895 14.782 15.478 15.850 14.293 9.491 13.308 10.558 8.206 5.428 6.129 7.135 5.037 8.351 6.782 4.632 8.448 3.396
-999.250 -999.250 -999.250 -999.250 22.725 26.313 18.139 14.570 16.542 17.421 17.456 14.716 17.468 17.006 22.543 17.998 16.462 17.445 18.049 18.784 15.695 24.049 23.033 26.675 25.826 32.701 38.875 43.114 38.098 33.757 32.002 26.418 26.795 25.561 17.099 21.924 19.969 22.217 24.526 29.705 21.550 21.449 23.290 23.554 25.395 28.781 34.288 28.331 26.901 17.570 13.115 18.316 17.988 16.410 15.235 17.929 9.782 11.787 8.090 8.560 5.642 9.505 7.274 6.901 8.366 3.956 5.506 5.938 2.200
-999.250 -999.250 -999.250 -999.250 20.374 18.293 22.108 10.561 12.872 23.698 22.126 15.500 13.174 17.286 17.642 22.604 13.884 17.911 20.361 17.679 25.122 26.334 28.326 30.585 38.924 32.460 28.673 40.414 31.406 31.660 35.384 19.708 18.398 22.020 17.239 9.392 13.960 24.096 16.115 25.790 27.373 31.659 21.039 21.332 30.305 23.950 22.673 19.115 29.480 15.977 27.145 20.633 16.392 17.283 21.380 10.579 10.007 10.366 7.907 5.911 8.411 8.227 9.776 9.549 7.789 7.024 4.604 5.644 6.862
-999.250 -999.250 -999.250 -999.250 22.112 23.627 14.652 21.121 26.745 21.631 22.740 16.751 18.959 16.209 21.005 17.774 9.389 14.001 22.148 24.524 25.721 31.299 26.007 39.163 37.759 33.400 30.375 30.568 27.256 23.643 34.692 18.557 23.171 20.848 19.282 17.820 23.645 23.663 29.438 23.066 23.537 21.607 25.621 24.053 29.047 26.804 25.030 27.703 22.087 25.409 21.909 17.750 19.847 19.129 15.865 13.441 8.672 8.914 9.196 4.911 8.358 9.705 5.192 8.838 6.527 5.828 8.254 7.412 2.495
-999.250 -999.250 -999.250 -999.250 19.703 24.653 27.235 23.852 18.342 30.223 15.893 15.971 14.126 16.508 13.809 21.275 15.547 16.284 22.122 25.954 33.362 29.870 25.748 31.869 33.359 31.229 37.668 36.994 24.623 25.007 30.459 25.343 24.856 28.464 25.124 22.834 16.121 17.540 27.953 29.743 29.522 22.536 31.267 24.980 24.429 28.344 34.062 21.038 21.709 23.667 22.240 19.176 20.016 18.895 12.720 11.394 12.196 10.812 10.092 13.109 7.737 6.593 7.408 5.348 2.323 5.897 6.756 5.256 5.678
-999.250 -999.250 -999.250 -999.250 20.205 33.648 23.763 30.841 27.208 36.124 22.552 23.391 17.618 16.478 19.480 26.501 23.225 26.271 30.634 22.459 26.263 24.872 28.153 28.729 29.526 31.238 30.385 37.018 26.093 25.456 24.098 23.443 16.806 17.668 18.093 26.990 24.069 27.367 24.788 22.306 38.848 25.094 25.245 38.678 34.253 32.868 29.284 16.873 24.229 18.425 25.620 21.561 21.071 18.548 19.476 9.701 10.926 7.188 7.452 10.342 6.395 8.540 12.252 5.968 8.798 6.703 6.472 5.247 2.703
-999.250 -999.250 -999.250 -999.250 24.938 22.246 24.271 23.581 25.532 26.254 28.794 27.673 29.816 19.655 22.938 19.600 26.882 27.598 28.703 22.651 21.992 25.425 34.749 24.413 33.809 27.378 38.624 27.212 35.298 30.131 28.306 28.718 20.965 34.061 20.568 31.184 31.484 29.515 24.555 30.752 34.340 23.444 25.980 51.514 31.731 28.053 28.431 21.047 36.580 24.434 22.757 19.163 15.653 18.026 12.622 15.718 6.151 0.000 6.310 6.807 9.377 2.691 6.405 8.505 4.992 3.866 5.144 5.035 4.945
-999.250 -999.250 -999.250 -999.250 34.022 34.862 34.166 26.663 19.732 23.700 25.431 29.482 31.820 32.021 35.706 21.432 26.947 35.299 34.367 40.898 30.161 25.557 25.623 27.631 36.164 34.670 29.745 38.799 41.120 22.130 31.032 27.750 29.114 24.877 27.178 28.485 29.796 26.387 36.036 26.075 29.255 28.568 30.082 29.481 39.194 38.336 28.930 27.010 27.096 29.453 31.474 20.635 22.451 19.516 18.088 16.437 14.674 8.076 12.428 7.827 9.212 8.442 6.911 3.065 4.898 8.038 4.648 3.155 2.456
-999.250 -999.250 -999.250 -999.250 27.026 32.289 30.647 38.340 22.035 31.188 38.674 32.623 30.407 35.316 41.070 33.809 34.705 38.390 37.473 38.947 41.031 35.802 33.297 26.650 31.658 31.483 30.555 32.427 26.085 24.360 29.176 24.340 32.789 36.632 32.976 24.974 23.149 25.187 22.770 30.347 32.858 27.523 27.173 21.410 36.621 34.623 26.436 33.114 27.010 26.922 29.571 29.126 19.448 20.387 14.362 18.035 13.893 10.140 9.072 8.701 7.441 4.351 8.692 3.595 8.857 3.345 8.058 3.785 5.690
-999.250 -999.250 -999.250 36.661 30.166 28.458 40.811 38.874 35.320 34.385 37.965 38.181 34.450 37.176 43.784 37.023 43.696 46.922 45.179 49.538 61.286 26.440 49.688 34.425 41.073 37.976 29.109 31.312 25.982 26.493 23.190 31.754 28.821 28.348 22.601 26.486 24.995 31.106 26.484 19.318 28.718 27.980 30.638 24.274 29.388 26.389 26.714 22.857 30.435 24.924 23.845 22.320 14.741 14.715 16.561 12.391 13.831 13.139 10.325 7.742 9.758 6.090 8.963 3.393 6.136 6.602 9.551 6.298 4.070
-999.250 -999.250 -999.250 45.181 48.022 37.032 40.689 45.239 55.010 39.194 38.789 40.334 42.866 44.037 40.337 39.328 48.040 47.337 58.427 48.410 29.886 37.701 39.488 37.001 33.468 15.762 29.695 21.472 19.021 25.025 31.297 21.086 22.563 15.300 28.839 27.945 26.472 32.151 34.873 26.032 23.229 36.698 20.452 24.451 38.326 31.742 28.177 28.094 22.743 24.427 27.516 30.892 24.527 30.546 25.249 21.946 16.532 11.525 11.179 11.796 8.011 9.816 5.989 2.540 11.040 6.581 5.630 4.872 6.780
-999.250 -999.250 -999.250 45.001 34.262 32.128 43.466 40.919 33.469 52.653 37.985 44.385 44.099 48.197 55.605 43.176 42.816 39.965 54.299 56.811 34.398 36.494 35.336 32.221 31.552 25.290 25.704 24.953 23.253 21.520 26.447 22.274 21.997 19.099 27.667 24.586 27.263 24.501 22.077 28.450 31.517 26.423 31.500 22.500 33.051 24.423 27.115 23.751 27.714 29.666 29.265 16.145 17.320 17.588 23.001 25.925 14.961 10.974 17.822 11.472 12.195 13.908 7.026 5.129 9.491 9.139 6.543 5.531 4.735
-999.250 -999.250 52.774 51.992 52.499 46.062 59.651 44.586 38.368 40.613 54.195 42.683 36.279 43.718 45.317 50.221 50.494 58.304 40.311 70.080 49.348 35.258 37.370 29.529 24.145 35.908 23.881 18.970 19.618 26.186 17.223 22.641 21.893 20.792 21.601 23.732 24.297 26.204 28.705 22.430 24.544 31.655 27.675 28.203 30.528 28.093 39.799 29.553 29.615 28.321 20.898 19.726 17.950 18.344 16.670 16.931 16.252 13.657 14.545 10.220 23.205 12.452 6.733 3.665 5.704 5.427 6.105 8.893 7.489
-999.250 -999.250 48.627 53.213 38.505 50.187 45.768 41.438 53.737 52.652 60.921 56.572 65.319 46.748 57.284 62.412 53.061 52.687 53.885 44.365 -999.250 35.080 29.971 26.413 24.095 20.136 23.797 25.612 21.715 19.607 17.636 29.005 29.877 21.986 21.805 19.770 20.962 25.228 31.391 26.164 33.352 26.091 30.911 25.160 27.539 22.891 28.227 29.004 24.662 29.796 23.628 23.095 19.935 18.091 20.308 25.054 20.078 16.276 12.654 15.284 14.073 12.021 10.444 8.950 6.087 5.948 7.320 9.331 8.813
-999.250 42.694 45.686 44.208 46.958 45.514 35.486 43.504 47.282 54.765 56.872 49.552 54.589 40.133 48.194 62.924 102.486 64.678 45.731 -999.250 -999.250 25.242 25.686 26.516 26.625 24.685 18.039 29.154 31.587 17.914 27.746 30.894 23.283 20.649 23.655 25.337 23.886 26.542 36.542 22.511 32.784 27.879 31.416 22.796 30.251 36.659 33.568 30.671 31.553 19.125 21.127 21.672 18.846 23.231 20.432 18.756 15.569 15.336 19.699 13.412 9.799 9.265 5.701 7.649 5.931 7.130 4.475 4.780 5.303
-999.250 37.619 33.585 51.950 45.164 38.217 42.361 54.437 56.767 49.111 55.913 58.503 50.181 40.306 56.870 47.442 65.719 61.598 -999.250 -999.250 -999.250 -999.250 31.678 22.458 33.528 29.249 21.104 19.091 19.947 17.406 17.117 19.501 20.056 19.032 24.330 16.480 23.486 19.995 22.096 27.036 27.325 31.557 27.761 31.947 34.538 31.099 28.735 28.243 22.496 17.619 17.671 16.978 20.704 14.824 16.708 17.287 24.309 17.074 22.574 13.635 12.165 8.871 10.614 14.031 6.309 4.203 7.939 5.612 6.697
