data/medianmodel_16-Nov-2020.asc
ncols	141
nrows	288
xllcorner	-120191.398
yllcorner	-301404.813
cellsize	2000.000
NODATA_value	-999.250
[rows 29 to 57 of 288, columns 65 to 129 of 141]
654.307 543.416 531.744 512.580 498.325 490.205 472.162 483.620 477.208 481.701 483.172 478.088 510.938 512.393 526.807 541.429 531.138 563.304 574.606 639.385 590.474 558.106 564.357 584.721 548.589 507.031 501.542 487.104 450.197 371.170 419.948 450.648 442.256 423.670 437.074 466.336 504.835 540.627 506.401 496.130 589.930 555.237 606.378 560.811 581.367 566.191 559.658 565.679 568.204 574.279 513.826 515.603 508.994 523.102 490.928 491.469 454.158 450.793 422.996 406.205 372.917 339.569 302.334 294.553 302.921
568.623 561.670 525.000 551.432 499.172 493.194 495.159 463.110 476.507 484.217 494.116 471.938 499.673 504.770 498.494 511.078 558.031 525.043 552.637 588.567 550.897 535.597 531.937 542.108 565.225 537.173 530.090 505.379 462.413 434.739 444.936 443.654 443.176 447.614 449.286 475.895 507.840 536.883 532.841 555.403 574.543 558.242 595.178 595.487 593.040 605.253 583.621 586.103 550.361 565.756 554.652 509.602 523.263 539.651 522.653 498.498 472.091 475.437 445.139 373.524 346.695 306.595 248.571 281.101 310.470
583.966 568.434 544.997 539.696 515.223 482.806 503.424 480.057 481.777 491.939 488.924 503.129 483.831 518.724 525.266 557.670 583.285 578.124 566.282 574.624 560.161 563.978 543.702 548.805 588.754 541.888 491.977 488.360 483.406 471.242 457.099 432.383 450.612 508.370 471.118 502.211 497.026 537.098 509.599 556.087 565.205 557.470 577.912 642.542 641.873 610.694 632.207 580.517 579.967 581.976 551.692 543.215 508.317 526.987 503.759 477.087 466.576 403.158 446.285 380.208 366.600 333.117 293.584 294.031 284.074
602.305 589.217 556.525 586.660 490.439 509.049 498.702 494.610 477.989 513.145 512.918 540.365 518.090 482.174 501.798 522.706 573.298 589.731 626.475 575.566 577.875 577.549 574.361 625.324 634.990 568.830 522.832 468.500 497.039 473.316 449.444 470.810 466.651 508.394 526.252 491.715 493.355 533.762 551.759 521.265 536.199 598.103 587.375 601.617 647.004 639.547 638.029 591.319 570.581 561.426 540.071 538.905 519.238 493.555 500.393 483.801 456.725 450.331 455.957 417.691 377.918 354.701 318.456 309.765 335.300
603.232 567.724 580.821 541.054 502.028 476.468 508.968 501.192 489.395 511.199 538.720 563.706 518.912 519.162 535.478 525.390 594.658 605.951 574.119 643.002 594.874 577.772 603.329 588.082 596.747 589.348 557.947 484.149 484.871 505.577 477.932 474.037 474.371 498.977 525.717 483.140 507.394 496.014 510.103 556.087 546.518 590.055 570.609 626.894 674.931 602.541 685.775 596.159 614.584 601.786 581.915 535.318 522.388 512.792 520.049 453.774 482.447 490.742 451.971 394.222 397.955 401.190 346.455 367.015 355.029
651.680 601.316 579.078 537.462 523.848 489.453 505.696 500.875 498.670 501.231 515.300 574.118 556.666 565.451 559.496 590.929 594.100 620.855 592.262 656.354 664.609 613.050 616.058 661.084 610.044 605.942 568.645 520.854 506.639 520.686 476.341 463.896 501.758 524.203 510.554 495.676 506.744 522.922 501.094 525.127 532.888 568.899 588.452 682.101 687.472 620.941 662.686 621.622 642.612 626.895 599.391 588.434 595.071 555.693 546.431 506.452 478.661 505.441 468.941 421.257 397.594 406.957 401.989 388.135 375.002
625.903 605.334 596.476 585.274 551.474 511.175 523.610 507.148 519.784 501.877 530.625 516.251 526.068 577.876 603.651 569.985 618.677 606.086 588.703 704.759 674.531 679.512 626.614 688.314 709.127 701.496 620.152 564.618 567.286 524.838 521.530 518.363 495.169 512.044 483.526 490.191 516.401 524.079 501.045 491.077 515.930 545.443 605.938 693.675 736.886 665.915 739.197 706.050 621.764 636.384 601.076 710.924 632.427 638.472 527.708 545.988 517.270 500.476 481.048 464.218 469.893 453.191 444.807 462.579 440.544
621.715 570.425 526.064 559.386 539.683 502.919 521.169 538.700 531.639 528.208 511.798 532.999 546.270 531.121 557.444 586.337 569.633 593.002 638.555 719.265 659.503 613.849 771.587 660.204 762.417 709.628 689.742 615.580 554.104 526.623 527.687 525.796 519.216 488.598 473.476 489.579 507.636 526.740 526.234 500.333 522.637 569.655 616.663 617.222 603.083 738.842 784.117 789.078 697.864 633.475 670.505 618.032 647.360 619.460 550.507 565.491 524.331 506.322 472.584 470.818 471.640 489.657 460.577 463.184 456.791
662.880 547.426 526.877 518.670 518.541 532.785 525.746 584.729 512.047 504.800 531.095 551.472 507.787 534.486 566.034 604.225 567.944 636.860 633.215 691.077 661.302 683.585 710.178 769.747 743.548 737.556 641.310 658.386 569.032 521.869 548.105 519.021 527.028 494.478 494.092 497.591 497.595 487.886 522.449 509.174 537.251 568.756 627.819 620.741 693.980 639.336 733.477 804.367 824.670 800.623 718.597 690.370 693.791 651.863 628.071 582.937 577.384 592.153 515.858 490.539 487.913 472.999 504.512 490.616 487.031
601.919 557.288 535.766 543.698 495.926 514.750 530.578 540.382 534.991 513.620 507.397 536.701 516.194 546.574 565.689 625.003 606.634 707.733 680.689 708.220 707.792 774.846 801.831 781.054 751.466 701.836 664.450 620.386 580.891 544.752 524.283 514.019 516.563 467.372 460.634 478.119 482.272 463.958 504.710 560.851 546.913 627.970 632.135 685.567 771.133 696.263 819.415 747.531 837.858 803.501 743.926 846.412 732.567 685.382 681.918 678.952 624.810 665.630 588.992 530.983 533.277 524.168 499.901 506.020 522.488
573.307 539.657 518.676 533.728 511.291 515.270 521.156 513.560 497.703 496.495 487.578 523.296 512.965 547.796 572.237 560.275 574.526 697.143 646.215 713.497 766.106 807.869 818.110 832.552 782.075 686.173 649.292 628.798 543.180 560.976 574.047 534.469 503.131 478.148 475.913 502.420 453.000 472.813 495.973 508.357 546.558 599.197 627.330 773.211 686.663 741.652 794.500 891.284 827.731 764.514 776.679 706.834 693.196 776.318 800.736 700.971 754.411 762.541 647.055 625.286 566.089 496.509 541.735 507.122 476.829
596.858 556.877 539.386 547.378 508.831 496.296 502.720 512.869 533.868 531.821 528.441 523.489 533.452 533.752 566.016 578.007 612.405 619.811 677.910 728.483 827.240 785.078 832.013 860.333 775.669 655.046 638.163 640.285 569.237 526.964 549.369 505.578 476.625 479.014 492.347 478.359 422.788 460.798 465.763 518.118 516.844 544.807 575.987 665.462 712.764 752.537 902.657 881.478 865.377 876.645 868.066 772.656 712.688 720.480 746.634 671.662 760.982 796.829 658.006 557.346 562.943 554.644 553.234 518.310 505.367
586.135 569.032 619.061 579.344 510.907 505.742 498.323 502.283 519.324 545.050 569.728 548.465 557.013 583.109 568.449 565.385 579.163 634.493 665.763 745.598 771.206 767.438 809.477 844.163 702.753 668.566 595.005 539.600 528.159 524.392 497.750 488.770 440.265 453.044 431.403 405.441 401.260 447.941 437.964 493.371 553.024 593.720 625.832 693.254 735.624 848.926 959.883 870.523 868.502 917.938 846.950 828.947 840.546 865.388 791.072 742.370 694.574 718.860 612.842 599.589 582.903 560.332 584.765 522.827 511.063
638.991 647.198 626.733 562.548 518.159 556.749 551.185 557.872 566.893 553.599 530.527 575.650 602.809 655.662 690.649 652.540 691.671 662.001 627.996 693.292 687.663 666.541 694.042 768.217 717.996 666.802 559.552 541.663 493.619 493.022 459.104 441.359 409.199 394.910 363.201 404.025 393.987 447.654 474.425 510.039 547.780 568.844 621.743 691.365 779.582 885.831 854.776 903.440 896.798 861.538 747.419 837.069 888.114 817.435 861.399 770.992 795.557 694.103 683.831 602.344 610.722 600.682 522.148 459.279 480.048
718.684 735.126 641.593 582.751 591.870 558.428 527.241 531.536 521.281 574.197 552.889 583.186 612.607 662.565 681.998 640.907 631.366 679.434 647.334 669.113 661.988 662.796 644.528 662.197 654.537 630.974 567.713 518.899 470.010 452.499 426.526 374.129 369.783 351.024 336.420 348.958 374.548 386.622 447.211 510.475 496.207 571.751 629.322 731.074 835.165 846.760 879.206 846.199 834.803 822.825 792.110 844.303 839.831 843.358 790.032 846.623 792.643 714.783 743.277 621.164 641.675 597.158 539.172 503.314 535.142
872.095 792.074 670.998 671.659 617.457 564.799 562.031 561.270 524.799 554.391 535.638 593.576 634.922 657.270 646.647 667.709 701.927 632.564 683.981 666.883 662.961 668.390 641.239 608.236 590.951 575.981 539.939 514.156 455.555 397.564 415.824 335.810 333.050 291.562 283.531 302.376 347.631 391.766 452.841 488.961 536.507 548.600 597.554 669.249 787.409 859.383 881.894 886.866 828.929 890.244 897.343 850.584 890.854 933.499 856.641 842.149 760.333 743.379 722.902 691.683 604.690 557.652 506.989 513.764 535.460
893.566 777.959 701.284 672.542 648.434 603.116 630.907 594.392 570.382 587.729 566.341 639.573 640.580 638.405 661.858 660.830 702.424 647.232 665.437 616.623 685.387 697.182 587.675 591.722 630.903 572.353 533.560 477.962 447.770 416.569 327.680 318.235 290.554 279.831 270.591 264.170 266.889 341.013 405.252 470.013 529.948 596.423 633.789 764.494 806.788 871.825 823.005 834.950 987.982 864.513 932.689 928.447 926.924 905.075 878.027 893.708 875.954 807.290 727.727 738.059 601.770 556.049 516.610 552.689 523.033
931.735 749.826 768.546 658.513 716.674 616.463 628.238 618.291 588.982 628.610 594.558 650.494 688.944 697.335 697.494 667.053 634.588 634.926 633.217 624.150 665.316 639.116 640.466 591.757 572.714 539.710 510.890 477.250 450.858 390.732 330.063 283.899 245.155 247.538 236.788 203.191 218.926 287.844 381.579 491.053 555.957 583.882 645.356 766.123 849.422 856.513 982.345 979.919 971.739 979.437 883.870 877.526 946.789 997.843 924.086 890.252 829.203 892.995 738.859 723.912 668.395 575.752 528.033 546.245 532.833
961.162 810.617 726.151 677.180 705.919 632.088 675.200 713.343 709.289 643.119 644.692 681.251 643.904 757.859 673.981 681.778 615.540 602.183 644.506 633.661 637.888 635.663 606.354 583.529 535.565 485.769 484.249 462.385 409.575 371.264 317.161 262.419 243.715 233.274 207.076 187.068 148.908 264.911 380.977 499.510 528.696 607.608 654.286 743.075 828.026 828.807 954.613 937.150 978.844 905.532 837.517 948.594 985.056 1016.359 993.599 990.816 949.213 991.940 845.256 771.063 662.481 600.746 524.646 -999.250 -999.250
957.608 883.207 734.893 710.900 668.509 676.139 723.544 709.064 706.324 667.053 668.366 749.685 700.631 677.422 716.668 690.822 674.202 603.396 637.168 674.832 609.116 597.032 576.431 554.556 528.953 495.072 494.435 448.623 365.626 331.250 275.790 243.561 250.655 228.177 223.882 226.898 229.465 319.161 403.042 499.947 530.125 692.356 705.897 740.440 948.567 982.369 938.053 1037.719 946.154 1019.688 898.673 1024.483 1026.908 1141.602 1033.382 981.788 912.999 837.866 862.088 759.081 644.024 608.842 545.960 -999.250 -999.250
873.272 877.854 757.858 727.697 638.331 625.628 679.886 743.575 791.956 865.379 841.174 811.837 783.889 659.898 655.729 668.666 655.874 645.565 642.109 576.644 586.990 569.060 551.334 534.158 485.578 482.905 477.694 403.874 353.849 305.915 247.088 249.983 238.899 246.305 243.221 262.092 303.399 346.120 485.223 552.797 558.665 699.354 726.379 809.855 1018.679 979.094 1095.898 1034.978 1110.438 1063.823 1120.624 1066.767 1085.418 1106.790 1033.231 862.610 829.654 800.750 -999.250 832.959 678.098 -999.250 -999.250 -999.250 -999.250
956.382 751.310 671.438 655.231 592.362 576.049 686.171 760.792 805.468 963.299 924.936 873.837 826.101 681.454 640.477 612.051 644.710 655.002 618.339 552.286 523.313 522.085 528.953 506.305 515.207 499.931 430.771 363.133 348.414 289.322 264.858 246.448 253.517 251.294 288.396 304.220 326.751 430.453 492.328 565.309 676.064 727.184 750.564 873.462 1027.484 1020.507 1069.168 1089.011 1123.898 1226.486 1212.065 1145.887 1191.911 1146.047 1123.371 937.210 -999.250 -999.250 -999.250 -999.250 -999.250 -999.250 -999.250 -999.250 -999.250
813.041 726.911 587.702 560.373 532.087 495.055 588.455 700.342 772.830 919.940 942.314 871.600 789.877 734.972 655.189 603.797 590.650 655.291 553.224 528.757 524.627 519.667 473.554 477.011 460.940 418.775 372.837 360.106 329.715 296.544 274.575 275.345 271.072 279.161 321.968 367.298 409.284 468.386 547.777 638.980 743.872 800.305 818.006 986.093 1041.566 1141.186 1186.454 1276.640 1307.254 1374.394 1237.318 1159.232 1213.365 1236.712 1134.218 -999.250 -999.250 -999.250 -999.250 -999.250 -999.250 -999.250 -999.250 -999.250 -999.250
757.073 675.902 565.280 499.747 509.948 476.643 498.704 581.061 657.046 924.383 851.945 772.878 720.395 693.428 611.871 566.213 586.479 569.680 510.618 503.986 485.467 485.670 463.410 420.494 429.033 371.314 362.567 344.962 311.248 270.229 265.274 270.517 277.472 298.600 329.007 372.511 437.135 515.317 552.896 697.055 827.823 957.706 939.502 1034.852 1128.526 1257.416 1288.349 1337.950 1338.098 1352.309 1346.363 1337.770 1308.413 1278.301 1329.564 -999.250 -999.250 -999.250 -999.250 -999.250 -999.250 -999.250 -999.250 -999.250 -999.250
782.451 643.456 567.667 485.659 416.726 365.094 378.254 459.398 495.372 488.176 647.230 655.218 671.195 597.376 582.569 532.813 503.103 475.492 457.486 448.219 399.931 403.432 379.026 371.670 362.413 347.916 354.237 325.309 297.714 283.617 252.471 278.331 277.240 319.774 340.600 384.773 460.884 518.686 578.247 753.736 927.082 953.569 1131.976 1085.058 1234.740 1249.459 1311.351 1259.017 1480.846 1446.677 1588.619 1339.788 1233.025 1340.751 -999.250 -999.250 -999.250 -999.250 -999.250 -999.250 -999.250 -999.250 -999.250 -999.250 -999.250
767.112 662.172 549.706 448.112 325.966 227.043 290.713 380.925 431.989 456.727 524.465 588.342 597.395 561.921 576.421 518.506 490.044 403.254 358.302 348.560 340.448 330.341 337.231 333.210 321.756 318.036 324.854 321.218 310.254 310.213 272.989 284.348 303.134 337.412 365.798 451.455 505.542 545.620 595.254 797.806 883.884 925.464 1072.458 1147.200 1286.399 1310.592 1366.105 1370.009 1478.778 1606.759 1626.692 1449.264 1376.575 -999.250 -999.250 -999.250 -999.250 -999.250 -999.250 -999.250 -999.250 -999.250 -999.250 -999.250 -999.250
752.176 693.407 574.324 455.289 329.379 277.287 296.531 344.834 382.857 446.256 488.437 537.404 563.458 600.956 558.961 516.540 439.882 339.565 267.128 256.979 255.205 268.559 294.396 271.482 252.632 303.981 312.097 334.520 328.459 297.562 303.792 326.802 329.932 365.202 457.101 482.050 519.056 616.215 664.449 772.897 914.031 947.315 997.720 1118.760 1294.754 1287.111 1320.053 1444.999 1818.772 2008.615 1690.304 1783.399 1417.234 -999.250 -999.250 -999.250 -999.250 -999.250 -999.250 -999.250 -999.250 -999.250 -999.250 -999.250 -999.250
764.464 647.467 581.537 497.065 372.900 337.208 309.687 357.024 402.085 424.706 480.872 546.236 563.191 619.007 583.136 517.538 415.573 272.298 149.179 189.546 230.502 244.772 246.099 247.876 253.010 272.042 274.508 318.940 313.191 300.540 296.702 319.900 380.911 417.984 464.276 490.508 566.596 636.576 659.964 768.574 927.715 1064.999 1188.859 1276.913 1356.548 1341.506 1564.445 1744.401 1914.690 2124.458 2063.085 1920.349 -999.250 -999.250 -999.250 -999.250 -999.250 -999.250 -999.250 -999.250 -999.250 -999.250 -999.250 -999.250 -999.250
739.979 653.544 596.003 503.107 455.347 386.713 358.251 372.427 393.653 432.565 495.463 513.174 533.158 555.377 572.023 501.124 413.390 281.451 204.368 193.932 210.119 212.400 223.914 231.511 229.869 251.802 282.420 294.065 323.172 318.873 327.933 355.823 376.350 448.976 495.214 544.736 584.346 662.766 780.618 930.822 1036.360 1092.341 1146.771 1312.115 1487.831 1552.973 1645.088 1892.251 2025.751 2135.914 2092.177 1931.335 -999.250 -999.250 -999.250 -999.250 -999.250 -999.250 -999.250 -999.250 -999.250 -999.250 -999.250 -999.250 -999.250
