data/medianmodel_23-May-2020.asc
ncols	141
nrows	288
xllcorner	-120191.398
yllcorner	-301404.813
cellsize	2000.000
NODATA_value	-999.250
[rows 62 to 92 of 288, columns 0 to 69 of 141]
-999.250 -999.250 -999.250 -999.250 -999.250 -999.250 -999.250 -999.250 -999.250 -999.250 -999.250 -999.250 -999.250 -999.250 -999.250 -999.250 -999.250 -999.250 -999.250 -999.250 -999.250 -999.250 -999.250 -999.250 -999.250 -999.250 -999.250 -999.250 -999.250 -999.250 -999.250 -999.250 -999.250 -999.250 -999.250 -999.250 -999.250 -999.250 41.435 50.820 39.842 24.971 19.688 16.150 12.484 12.011 16.283 12.422 12.966 15.161 16.645 15.643 18.172 18.130 15.652 13.934 19.398 22.622 20.516 20.583 22.403 20.763 17.055 14.610 15.961 13.936 13.500 12.642 12.238 6.020
-999.250 -999.250 -999.250 -999.250 -999.250 -999.250 -999.250 -999.250 -999.250 -999.250 -999.250 -999.250 -999.250 -999.250 -999.250 -999.250 -999.250 -999.250 -999.250 -999.250 -999.250 -999.250 -999.250 -999.250 -999.250 -999.250 -999.250 -999.250 -999.250 -999.250 -999.250 -999.250 -999.250 -999.250 -999.250 -999.250 -999.250 -999.250 44.883 41.963 30.986 25.310 16.909 15.200 9.916 10.518 11.105 13.525 12.310 15.284 17.836 18.623 17.898 16.036 13.030 16.003 17.126 15.909 13.104 17.511 18.863 16.174 16.446 15.097 12.710 12.876 11.845 9.378 10.536 5.940
-999.250 -999.250 -999.250 -999.250 -999.250 -999.250 -999.250 -999.250 -999.250 -999.250 -999.250 -999.250 -999.250 -999.250 -999.250 -999.250 -999.250 -999.250 -999.250 -999.250 -999.250 -999.250 -999.250 -999.250 -999.250 -999.250 -999.250 -999.250 -999.250 -999.250 -999.250 -999.250 -999.250 -999.250 -999.250 -999.250 -999.250 -999.250 37.808 31.747 22.459 19.064 18.930 14.994 13.002 12.603 14.551 10.845 14.088 14.977 12.375 15.140 13.332 14.036 13.190 13.585 11.862 13.070 12.585 13.215 16.547 12.390 17.854 14.571 13.620 12.698 9.565 9.538 5.743 4.249
-999.250 -999.250 -999.250 -999.250 -999.250 -999.250 -999.250 -999.250 -999.250 -999.250 -999.250 -999.250 -999.250 -999.250 -999.250 -999.250 -999.250 -999.250 -999.250 -999.250 -999.250 -999.250 -999.250 -999.250 -999.250 -999.250 -999.250 -999.250 -999.250 -999.250 -999.250 -999.250 -999.250 -999.250 -999.250 -999.250 -999.250 -999.250 34.955 31.525 23.517 19.487 20.918 16.744 14.358 12.821 12.821 13.907 16.072 13.267 11.455 12.545 14.632 13.602 12.900 13.732 11.004 9.564 9.780 11.874 12.613 10.901 12.380 13.204 15.010 12.183 11.914 9.197 5.193 5.500
-999.250 -999.250 -999.250 -999.250 -999.250 -999.250 -999.250 -999.250 -999.250 -999.250 -999.250 -999.250 -999.250 -999.250 -999.250 -999.250 -999.250 -999.250 -999.250 -999.250 -999.250 -999.250 -999.250 -999.250 -999.250 -999.250 -999.250 -999.250 -999.250 -999.250 -999.250 -999.250 -999.250 -999.250 -999.250 -999.250 -999.250 -999.250 29.427 24.155 22.918 17.617 17.202 16.752 15.955 18.327 12.444 15.794 14.837 15.171 10.959 11.010 10.513 15.793 14.479 10.937 9.515 8.693 8.753 12.905 12.207 9.596 9.999 11.685 13.154 12.085 10.922 8.245 5.893 6.444
-999.250 -999.250 -999.250 -999.250 -999.250 -999.250 -999.250 -999.250 -999.250 -999.250 -999.250 -999.250 -999.250 -999.250 -999.250 -999.250 -999.250 -999.250 -999.250 -999.250 -999.250 -999.250 -999.250 -999.250 -999.250 -999.250 -999.250 -999.250 -999.250 -999.250 -999.250 -999.250 -999.250 -999.250 -999.250 -999.250 -999.250 33.779 30.863 25.528 22.461 19.963 17.654 21.175 24.658 19.462 19.402 17.677 12.071 12.676 9.884 14.034 13.879 14.120 12.840 9.939 11.559 9.825 7.678 9.549 9.117 9.194 7.305 11.353 10.477 9.844 9.225 7.877 6.057 6.757
-999.250 -999.250 -999.250 -999.250 -999.250 -999.250 -999.250 -999.250 -999.250 -999.250 -999.250 -999.250 -999.250 -999.250 -999.250 -999.250 -999.250 -999.250 -999.250 -999.250 -999.250 -999.250 -999.250 -999.250 -999.250 -999.250 -999.250 -999.250 -999.250 -999.250 -999.250 -999.250 -999.250 -999.250 -999.250 -999.250 -999.250 23.477 32.393 26.352 23.504 22.048 20.324 27.874 31.479 26.935 19.947 15.259 16.537 11.142 11.760 10.703 12.118 12.310 10.752 10.269 9.405 10.451 9.855 13.150 7.281 6.640 9.643 9.622 10.785 9.996 6.489 6.228 4.985 7.234
-999.250 -999.250 -999.250 -999.250 -999.250 -999.250 -999.250 -999.250 -999.250 -999.250 -999.250 -999.250 -999.250 -999.250 -999.250 -999.250 -999.250 -999.250 -999.250 -999.250 -999.250 -999.250 -999.250 -999.250 -999.250 -999.250 -999.250 -999.250 -999.250 -999.250 -999.250 -999.250 -999.250 -999.250 -999.250 -999.250 -999.250 28.772 27.744 29.188 24.882 21.703 23.522 31.189 39.923 40.987 22.484 16.265 12.537 10.008 12.319 10.940 9.866 12.740 13.550 10.625 9.983 10.360 13.193 10.302 8.282 8.814 8.926 9.969 9.094 7.042 4.026 4.327 4.817 3.262
-999.250 -999.250 -999.250 -999.250 -999.250 -999.250 -999.250 -999.250 -999.250 -999.250 -999.250 -999.250 -999.250 -999.250 -999.250 -999.250 -999.250 -999.250 -999.250 -999.250 -999.250 -999.250 -999.250 -999.250 -999.250 -999.250 -999.250 -999.250 -999.250 -999.250 -999.250 -999.250 -999.250 -999.250 -999.250 -999.250 -999.250 21.461 28.919 33.174 25.470 25.501 21.551 22.424 32.223 36.028 21.967 16.429 15.446 15.182 11.815 9.179 9.257 11.845 10.055 13.013 7.930 10.557 11.269 11.751 6.346 10.506 9.531 7.024 8.482 7.652 6.382 4.916 3.761 3.804
-999.250 -999.250 -999.250 -999.250 -999.250 -999.250 -999.250 -999.250 -999.250 -999.250 -999.250 -999.250 -999.250 -999.250 -999.250 -999.250 -999.250 -999.250 -999.250 -999.250 -999.250 -999.250 -999.250 -999.250 -999.250 -999.250 -999.250 -999.250 -999.250 -999.250 -999.250 -999.250 -999.250 -999.250 -999.250 -999.250 18.149 25.581 24.208 23.717 24.808 19.867 24.958 21.153 25.527 27.002 19.047 18.410 11.116 11.737 11.150 9.181 9.276 8.740 12.022 9.965 10.895 12.250 10.005 11.536 10.652 8.790 8.289 7.506 8.776 8.580 7.756 5.925 5.154 4.299
-999.250 -999.250 -999.250 -999.250 -999.250 -999.250 -999.250 -999.250 -999.250 -999.250 -999.250 -999.250 -999.250 -999.250 -999.250 -999.250 -999.250 -999.250 -999.250 -999.250 -999.250 -999.250 -999.250 -999.250 -999.250 -999.250 -999.250 -999.250 -999.250 -999.250 -999.250 -999.250 -999.250 -999.250 -999.250 -999.250 16.263 16.221 19.844 19.830 17.957 19.112 16.034 20.759 22.209 25.753 17.510 15.343 12.668 13.065 10.501 9.678 7.543 8.899 8.866 10.751 10.572 10.566 10.846 10.276 7.614 6.929 6.789 8.047 8.165 5.175 5.993 5.102 3.630 4.852
-999.250 -999.250 -999.250 -999.250 -999.250 -999.250 -999.250 -999.250 -999.250 -999.250 -999.250 -999.250 -999.250 -999.250 -999.250 -999.250 -999.250 -999.250 -999.250 -999.250 -999.250 -999.250 -999.250 -999.250 -999.250 -999.250 -999.250 -999.250 -999.250 -999.250 -999.250 -999.250 -999.250 -999.250 -999.250 -999.250 11.878 12.153 15.174 14.668 18.522 17.212 17.279 17.683 17.365 20.055 14.611 13.632 14.453 14.067 11.728 7.896 7.989 8.538 7.259 8.056 7.600 4.509 7.507 7.922 8.895 7.001 9.591 8.187 7.761 7.224 6.425 4.871 6.209 3.185
-999.250 -999.250 -999.250 -999.250 -999.250 -999.250 -999.250 -999.250 -999.250 -999.250 -999.250 -999.250 -999.250 -999.250 -999.250 -999.250 -999.250 -999.250 -999.250 -999.250 -999.250 -999.250 -999.250 -999.250 -999.250 -999.250 -999.250 -999.250 -999.250 -999.250 -999.250 -999.250 -999.250 -999.250 -999.250 -999.250 6.328 8.448 9.767 10.777 12.044 12.608 13.503 13.855 13.866 15.081 11.454 15.711 13.726 12.612 12.233 11.703 8.508 6.764 6.928 7.864 4.868 5.518 5.966 8.425 8.110 8.638 7.832 7.537 6.423 6.072 5.557 5.669 5.229 5.156
-999.250 -999.250 -999.250 -999.250 -999.250 -999.250 -999.250 -999.250 -999.250 -999.250 -999.250 -999.250 -999.250 -999.250 -999.250 -999.250 -999.250 -999.250 -999.250 -999.250 -999.250 -999.250 -999.250 -999.250 -999.250 -999.250 -999.250 -999.250 -999.250 -999.250 -999.250 -999.250 -999.250 -999.250 -999.250 5.151 4.748 3.890 3.054 5.660 8.223 7.888 9.678 8.549 8.949 11.275 9.958 12.364 16.685 17.408 14.349 12.131 9.225 8.362 5.580 5.413 4.601 6.073 6.620 5.311 4.767 8.607 7.392 5.946 6.219 5.151 4.324 5.564 6.641 5.399
-999.250 -999.250 -999.250 -999.250 -999.250 -999.250 -999.250 -999.250 -999.250 -999.250 -999.250 -999.250 -999.250 -999.250 -999.250 -999.250 -999.250 -999.250 -999.250 -999.250 -999.250 -999.250 -999.250 -999.250 -999.250 -999.250 -999.250 -999.250 -999.250 -999.250 -999.250 -999.250 -999.250 -999.250 -999.250 5.455 3.724 0.139 0.000 1.784 5.511 7.691 5.282 4.444 6.262 9.055 12.267 14.601 17.204 18.668 16.926 15.925 10.606 8.742 5.603 6.304 2.016 3.613 3.674 4.162 3.977 4.517 6.492 4.878 5.301 4.966 2.272 2.152 3.271 2.154
-999.250 -999.250 -999.250 -999.250 -999.250 -999.250 -999.250 -999.250 -999.250 -999.250 -999.250 -999.250 -999.250 -999.250 -999.250 -999.250 -999.250 -999.250 -999.250 -999.250 -999.250 -999.250 -999.250 -999.250 -999.250 -999.250 -999.250 -999.250 -999.250 -999.250 -999.250 -999.250 -999.250 -999.250 -999.250 6.010 2.814 0.000 0.000 0.000 0.120 3.869 3.444 1.679 4.347 6.808 8.557 15.923 19.238 22.058 18.760 17.643 10.958 7.467 3.802 2.471 0.113 0.000 0.000 0.762 3.610 3.174 2.469 1.558 3.113 0.956 0.986 0.000 1.190 2.146
-999.250 -999.250 -999.250 -999.250 -999.250 -999.250 -999.250 -999.250 -999.250 -999.250 -999.250 -999.250 -999.250 -999.250 -999.250 -999.250 -999.250 -999.250 -999.250 -999.250 -999.250 -999.250 -999.250 -999.250 -999.250 -999.250 -999.250 -999.250 -999.250 -999.250 -999.250 -999.250 -999.250 -999.250 -999.250 6.628 3.184 0.088 0.000 0.000 0.000 0.386 0.000 0.000 0.379 5.045 9.322 16.823 21.786 35.301 23.911 17.624 12.169 7.191 3.163 0.000 0.000 0.000 0.000 0.000 1.060 0.357 0.437 2.122 2.579 1.065 0.885 0.363 2.265 1.931
-999.250 -999.250 -999.250 -999.250 -999.250 -999.250 -999.250 -999.250 -999.250 -999.250 -999.250 -999.250 -999.250 -999.250 -999.250 -999.250 -999.250 -999.250 -999.250 -999.250 -999.250 -999.250 -999.250 -999.250 -999.250 -999.250 -999.250 -999.250 -999.250 -999.250 -999.250 -999.250 -999.250 -999.250 10.358 8.526 8.102 4.441 1.876 2.397 0.999 0.239 0.000 0.000 0.000 0.950 7.161 12.706 20.498 24.296 26.802 18.151 11.608 9.015 2.991 0.758 0.000 0.000 0.000 0.000 0.000 0.000 0.000 0.000 0.000 0.329 0.274 1.678 0.747 1.977
-999.250 -999.250 -999.250 -999.250 -999.250 -999.250 -999.250 -999.250 -999.250 -999.250 -999.250 -999.250 -999.250 -999.250 -999.250 -999.250 -999.250 -999.250 -999.250 -999.250 -999.250 -999.250 -999.250 -999.250 -999.250 -999.250 -999.250 -999.250 -999.250 -999.250 -999.250 -999.250 -999.250 -999.250 13.980 13.364 11.763 11.688 6.068 4.944 3.409 0.950 0.000 0.000 0.000 0.000 4.041 10.816 17.131 20.160 19.611 14.932 12.248 6.986 4.014 3.264 0.000 0.000 0.000 0.000 0.000 0.000 0.000 0.000 1.578 1.995 0.565 1.190 1.684 1.415
-999.250 -999.250 -999.250 -999.250 -999.250 -999.250 -999.250 -999.250 -999.250 -999.250 -999.250 -999.250 -999.250 -999.250 -999.250 -999.250 -999.250 -999.250 -999.250 -999.250 -999.250 -999.250 -999.250 -999.250 -999.250 -999.250 -999.250 -999.250 -999.250 -999.250 -999.250 -999.250 -999.250 -999.250 22.359 18.340 15.788 14.706 9.959 7.139 6.160 3.643 0.000 0.000 0.000 0.000 5.292 8.190 14.652 14.366 16.895 17.788 13.951 8.790 4.236 4.534 0.925 0.000 0.000 0.000 0.000 0.000 0.089 1.621 1.569 3.309 1.991 1.308 2.078 0.735
-999.250 -999.250 -999.250 -999.250 -999.250 -999.250 -999.250 -999.250 -999.250 -999.250 -999.250 -999.250 -999.250 -999.250 -999.250 -999.250 -999.250 -999.250 -999.250 -999.250 -999.250 -999.250 -999.250 -999.250 -999.250 -999.250 -999.250 -999.250 -999.250 -999.250 -999.250 -999.250 -999.250 -999.250 26.692 33.893 27.888 21.475 15.382 13.362 10.084 6.606 3.901 0.234 0.000 1.075 6.090 8.169 13.193 11.543 15.054 15.073 9.844 7.286 5.545 6.293 4.198 1.003 1.292 0.490 0.000 0.000 3.206 1.635 1.894 2.611 1.074 1.960 0.883 3.085
-999.250 -999.250 -999.250 -999.250 -999.250 -999.250 -999.250 -999.250 -999.250 -999.250 -999.250 -999.250 -999.250 -999.250 -999.250 -999.250 -999.250 -999.250 -999.250 -999.250 -999.250 -999.250 -999.250 -999.250 -999.250 -999.250 -999.250 -999.250 -999.250 -999.250 -999.250 -999.250 -999.250 24.585 37.960 46.513 32.875 23.294 18.420 21.592 13.412 7.023 7.013 4.474 2.482 3.260 3.935 7.102 8.644 9.406 12.221 9.948 9.155 11.347 6.273 3.983 5.363 2.453 6.593 4.191 1.611 3.308 3.314 3.759 2.216 2.867 3.214 2.654 3.147 3.605
-999.250 -999.250 -999.250 -999.250 -999.250 -999.250 -999.250 -999.250 -999.250 -999.250 -999.250 -999.250 -999.250 -999.250 -999.250 -999.250 -999.250 -999.250 -999.250 -999.250 -999.250 -999.250 -999.250 -999.250 -999.250 -999.250 -999.250 -999.250 -999.250 -999.250 -999.250 -999.250 -999.250 23.020 36.508 38.734 34.965 26.025 18.439 17.806 15.563 10.270 8.533 9.244 4.910 4.351 4.987 5.060 9.778 10.478 12.168 7.803 9.417 9.197 6.806 4.257 4.403 6.471 4.550 5.076 3.568 3.707 2.515 3.769 1.622 2.921 2.729 3.654 3.608 3.596
-999.250 -999.250 -999.250 -999.250 -999.250 -999.250 -999.250 -999.250 -999.250 -999.250 -999.250 -999.250 -999.250 -999.250 -999.250 -999.250 -999.250 -999.250 -999.250 -999.250 -999.250 -999.250 -999.250 -999.250 -999.250 -999.250 -999.250 -999.250 -999.250 -999.250 -999.250 -999.250 -999.250 25.015 32.853 33.585 31.962 25.594 19.386 15.517 12.475 9.872 8.707 7.918 9.647 8.408 9.457 8.320 6.851 7.434 8.081 7.590 8.829 7.366 3.146 6.115 5.475 4.494 4.345 5.039 4.959 3.622 3.480 3.164 4.327 2.737 3.441 5.153 5.635 4.116
-999.250 -999.250 -999.250 -999.250 -999.250 -999.250 -999.250 -999.250 -999.250 -999.250 -999.250 -999.250 -999.250 -999.250 -999.250 -999.250 -999.250 -999.250 -999.250 -999.250 -999.250 -999.250 -999.250 -999.250 -999.250 -999.250 -999.250 -999.250 -999.250 -999.250 -999.250 -999.250 -999.250 24.267 26.573 30.919 27.152 23.194 18.660 14.903 14.073 12.819 9.271 11.567 12.434 8.909 9.747 7.361 10.852 9.878 7.704 5.594 3.941 4.978 4.528 3.894 5.164 4.191 4.934 3.036 4.029 2.074 1.540 0.000 0.575 2.518 4.645 5.890 6.860 6.935
-999.250 -999.250 -999.250 -999.250 -999.250 -999.250 -999.250 -999.250 -999.250 -999.250 -999.250 -999.250 -999.250 -999.250 -999.250 -999.250 -999.250 -999.250 -999.250 -999.250 -999.250 -999.250 -999.250 -999.250 -999.250 -999.250 -999.250 -999.250 -999.250 -999.250 -999.250 -999.250 -999.250 18.313 20.094 22.309 21.289 19.237 17.817 17.308 13.356 10.861 11.377 13.317 12.305 8.955 9.150 7.913 9.065 9.432 7.471 4.441 4.670 3.608 4.260 3.683 2.177 3.646 2.330 4.876 2.654 1.594 1.662 1.298 1.008 1.764 2.663 5.438 6.325 6.991
-999.250 -999.250 -999.250 -999.250 -999.250 -999.250 -999.250 -999.250 -999.250 -999.250 -999.250 -999.250 -999.250 -999.250 -999.250 -999.250 -999.250 -999.250 -999.250 -999.250 -999.250 -999.250 -999.250 -999.250 -999.250 -999.250 -999.250 -999.250 -999.250 -999.250 -999.250 -999.250 13.622 16.775 17.299 22.077 20.684 16.063 15.019 12.080 17.310 13.846 16.467 15.315 13.202 9.938 9.806 8.600 5.280 4.541 4.157 5.285 3.098 3.648 3.297 0.568 0.540 1.840 3.262 2.462 1.464 1.587 0.213 1.728 0.000 0.225 2.042 4.819 6.507 6.421
-999.250 -999.250 -999.250 -999.250 -999.250 -999.250 -999.250 -999.250 -999.250 -999.250 -999.250 -999.250 -999.250 -999.250 -999.250 -999.250 -999.250 -999.250 -999.250 -999.250 -999.250 -999.250 -999.250 -999.250 -999.250 -999.250 -999.250 -999.250 -999.250 -999.250 -999.250 -999.250 10.292 14.483 15.412 17.576 13.760 14.270 10.758 11.871 15.051 14.892 20.596 16.308 10.048 9.783 7.316 6.056 5.678 4.842 3.943 4.211 6.447 4.304 2.311 2.170 4.827 2.632 1.906 2.790 0.602 0.137 0.000 0.000 0.000 0.782 0.923 4.430 6.155 8.344
-999.250 -999.250 -999.250 -999.250 -999.250 -999.250 -999.250 -999.250 -999.250 -999.250 -999.250 -999.250 -999.250 -999.250 -999.250 -999.250 -999.250 -999.250 -999.250 -999.250 -999.250 -999.250 -999.250 -999.250 -999.250 -999.250 -999.250 -999.250 -999.250 -999.250 -999.250 -999.250 9.044 14.440 12.825 13.757 13.193 12.233 10.120 10.535 10.138 14.063 16.145 13.872 9.491 8.369 7.671 3.867 5.099 4.492 4.433 5.841 4.938 5.681 7.070 4.880 4.442 3.388 2.203 1.135 0.000 0.000 0.000 0.000 0.000 0.000 0.015 2.091 5.070 7.235
-999.250 -999.250 -999.250 -999.250 -999.250 -999.250 -999.250 -999.250 -999.250 -999.250 -999.250 -999.250 -999.250 -999.250 -999.250 -999.250 -999.250 -999.250 -999.250 -999.250 -999.250 -999.250 -999.250 -999.250 -999.250 -999.250 -999.250 -999.250 -999.250 -999.250 -999.250 -999.250 8.980 8.604 9.135 11.057 10.882 8.466 7.117 10.227 7.827 10.605 12.441 11.152 7.511 5.392 6.933 4.522 3.885 7.007 4.283 4.193 5.611 6.625 6.521 5.074 3.692 3.308 3.552 0.680 0.000 0.000 0.000 0.000 0.000 0.000 0.000 0.035 1.939 4.611
-999.250 -999.250 -999.250 -999.250 -999.250 -999.250 -999.250 -999.250 -999.250 -999.250 -999.250 -999.250 -999.250 -999.250 -999.250 -999.250 -999.250 -999.250 -999.250 -999.250 -999.250 -999.250 -999.250 -999.250 -999.250 -999.250 -999.250 -999.250 -999.250 -999.250 -999.250 6.687 6.809 8.899 8.508 6.559 8.711 5.178 7.083 6.291 8.105 8.284 8.352 7.931 8.352 4.408 4.128 2.055 2.979 4.247 4.893 4.924 5.024 3.853 7.097 4.702 2.582 2.072 0.000 0.000 0.000 0.000 0.000 0.000 0.000 0.000 0.000 0.000 2.571 4.848
