data/medianmodel_06-Aug-2020.asc
ncols	141
nrows	288
xllcorner	-120191.398
yllcorner	-301404.813
cellsize	2000.000
NODATA_value	-999.250
[rows 210 to 239 of 288, columns 68 to 135 of 141]
0.000 0.000 0.000 0.000 0.000 0.000 0.000 0.000 0.000 0.000 0.101 5.189 9.049 11.360 15.723 21.490 22.898 26.676 30.730 39.233 36.270 38.667 46.076 44.263 41.189 41.565 40.273 39.002 36.728 36.451 35.142 -999.250 -999.250 -999.250 -999.250 -999.250 -999.250 -999.250 -999.250 -999.250 -999.250 -999.250 -999.250 -999.250 -999.250 -999.250 -999.250 -999.250 -999.250 -999.250 -999.250 -999.250 -999.250 -999.250 -999.250 -999.250 -999.250 -999.250 -999.250 -999.250 -999.250 -999.250 -999.250 -999.250 -999.250 -999.250 -999.250 -999.250
0.000 0.000 0.000 0.000 0.000 0.000 0.000 0.000 0.000 0.000 0.000 3.157 6.263 10.630 13.397 19.299 23.999 26.033 32.113 34.518 40.966 40.480 45.855 46.325 42.747 40.906 41.644 41.181 41.681 43.540 39.008 28.956 -999.250 -999.250 -999.250 -999.250 -999.250 -999.250 -999.250 -999.250 -999.250 -999.250 -999.250 -999.250 -999.250 -999.250 -999.250 -999.250 -999.250 -999.250 -999.250 -999.250 -999.250 -999.250 -999.250 -999.250 -999.250 -999.250 -999.250 -999.250 -999.250 -999.250 -999.250 -999.250 -999.250 -999.250 -999.250 -999.250
0.000 0.000 0.000 0.000 0.000 0.000 0.000 0.000 0.000 0.000 0.000 0.952 6.384 10.326 15.077 19.469 26.485 31.260 33.147 39.189 41.055 44.029 46.349 43.835 45.021 43.069 41.202 42.405 41.622 48.534 41.620 32.678 29.979 -999.250 -999.250 -999.250 -999.250 -999.250 -999.250 -999.250 -999.250 -999.250 -999.250 -999.250 -999.250 -999.250 -999.250 -999.250 -999.250 -999.250 -999.250 -999.250 -999.250 -999.250 -999.250 -999.250 -999.250 -999.250 -999.250 -999.250 -999.250 -999.250 -999.250 -999.250 -999.250 -999.250 -999.250 -999.250
0.000 0.000 0.000 0.000 0.000 0.000 0.000 0.000 0.000 0.000 0.000 2.961 6.660 10.572 13.193 23.005 28.444 32.702 36.500 41.274 39.626 52.776 57.865 51.093 51.323 51.709 54.151 49.438 44.909 44.770 41.920 34.341 31.907 -999.250 -999.250 -999.250 -999.250 -999.250 -999.250 -999.250 -999.250 -999.250 -999.250 -999.250 -999.250 -999.250 -999.250 -999.250 -999.250 -999.250 -999.250 -999.250 -999.250 -999.250 -999.250 -999.250 -999.250 -999.250 -999.250 -999.250 -999.250 -999.250 -999.250 -999.250 -999.250 -999.250 -999.250 -999.250
0.000 0.000 0.000 0.000 0.000 0.000 0.000 0.000 0.000 0.000 0.000 3.731 7.323 10.922 19.878 26.255 31.219 38.769 41.414 41.833 43.303 48.710 55.930 58.855 55.706 53.352 58.127 49.234 55.855 47.248 42.574 37.791 35.771 30.798 -999.250 -999.250 -999.250 -999.250 -999.250 -999.250 -999.250 -999.250 -999.250 -999.250 -999.250 -999.250 -999.250 -999.250 -999.250 -999.250 -999.250 -999.250 -999.250 -999.250 -999.250 -999.250 -999.250 -999.250 -999.250 -999.250 -999.250 -999.250 -999.250 -999.250 -999.250 -999.250 -999.250 -999.250
0.000 0.000 0.000 0.000 0.000 0.000 0.000 0.000 0.000 0.000 0.088 3.316 7.632 12.147 23.850 26.557 34.854 35.814 41.542 47.532 52.452 56.367 58.870 62.265 62.057 62.221 62.163 59.800 56.435 49.974 47.389 41.263 33.570 32.729 27.330 -999.250 -999.250 -999.250 -999.250 -999.250 -999.250 -999.250 -999.250 -999.250 -999.250 -999.250 -999.250 -999.250 -999.250 -999.250 -999.250 -999.250 -999.250 -999.250 -999.250 -999.250 -999.250 -999.250 -999.250 -999.250 -999.250 -999.250 -999.250 -999.250 -999.250 -999.250 -999.250 -999.250
0.664 1.367 1.401 1.427 0.000 0.000 0.000 0.000 0.000 0.000 2.995 6.212 10.043 15.898 27.607 33.135 37.765 38.345 42.982 54.570 61.657 61.544 64.628 68.778 71.015 67.916 66.016 65.478 64.050 59.071 57.672 43.948 38.881 32.818 26.849 -999.250 -999.250 -999.250 -999.250 -999.250 -999.250 -999.250 -999.250 -999.250 -999.250 -999.250 -999.250 -999.250 -999.250 -999.250 -999.250 -999.250 -999.250 -999.250 -999.250 -999.250 -999.250 -999.250 -999.250 -999.250 -999.250 -999.250 -999.250 -999.250 -999.250 -999.250 -999.250 -999.250
2.384 3.894 4.499 3.271 1.388 0.000 0.000 0.000 0.000 0.110 3.971 6.466 10.649 19.185 28.589 32.442 44.900 54.347 55.146 57.138 65.233 64.309 66.850 75.508 76.730 76.696 69.984 82.830 72.028 68.349 63.763 51.944 44.416 36.279 29.237 -999.250 -999.250 -999.250 -999.250 -999.250 -999.250 -999.250 -999.250 -999.250 -999.250 -999.250 -999.250 -999.250 -999.250 -999.250 -999.250 -999.250 -999.250 -999.250 -999.250 -999.250 -999.250 -999.250 -999.250 -999.250 -999.250 -999.250 -999.250 -999.250 -999.250 -999.250 -999.250 -999.250
5.171 6.025 7.134 6.406 4.626 3.531 0.000 0.000 0.113 2.409 5.780 8.168 14.137 19.478 28.849 34.393 41.362 54.227 63.616 61.290 61.696 67.441 76.447 80.292 84.896 77.982 77.076 78.721 78.106 71.724 67.621 63.051 49.354 39.228 31.009 24.024 -999.250 -999.250 -999.250 -999.250 -999.250 -999.250 -999.250 0.000 -999.250 -999.250 -999.250 -999.250 -999.250 -999.250 -999.250 -999.250 -999.250 -999.250 -999.250 -999.250 -999.250 -999.250 -999.250 -999.250 -999.250 -999.250 -999.250 -999.250 -999.250 -999.250 -999.250 -999.250
7.678 10.016 11.736 10.822 6.854 4.702 3.623 2.542 2.504 3.773 5.315 7.828 12.746 19.296 28.101 34.629 47.897 59.654 62.420 65.789 75.311 78.740 83.498 87.385 101.187 95.843 94.630 93.508 98.834 78.657 69.642 63.236 50.424 40.697 32.644 18.719 14.228 -999.250 -999.250 -999.250 0.000 0.000 0.000 0.000 -999.250 -999.250 -999.250 -999.250 -999.250 -999.250 -999.250 -999.250 -999.250 -999.250 -999.250 -999.250 -999.250 -999.250 -999.250 -999.250 -999.250 -999.250 -999.250 -999.250 -999.250 -999.250 -999.250 -999.250
8.698 15.523 21.763 13.110 8.926 5.328 3.781 3.393 3.157 4.024 5.730 9.680 17.929 25.607 30.096 40.283 55.866 55.662 62.017 68.961 75.172 91.498 94.998 91.391 92.686 101.374 110.926 101.049 107.118 84.687 70.361 61.910 53.285 45.922 34.021 24.353 13.413 -999.250 4.846 0.000 0.000 0.000 0.000 -999.250 -999.250 -999.250 -999.250 -999.250 -999.250 -999.250 -999.250 -999.250 -999.250 -999.250 -999.250 -999.250 -999.250 -999.250 -999.250 -999.250 -999.250 -999.250 -999.250 -999.250 -999.250 -999.250 -999.250 -999.250
9.043 13.233 16.853 12.694 8.679 6.520 4.474 4.208 3.058 5.748 7.614 10.778 15.258 23.251 36.823 37.582 45.455 59.870 62.239 72.570 82.259 94.307 101.121 110.220 121.320 116.504 109.904 110.305 107.450 94.325 71.012 58.082 50.016 44.045 40.965 26.360 15.728 9.646 4.503 0.000 0.000 0.000 0.000 -999.250 -999.250 -999.250 -999.250 -999.250 -999.250 -999.250 -999.250 -999.250 -999.250 -999.250 -999.250 -999.250 -999.250 -999.250 -999.250 -999.250 -999.250 -999.250 -999.250 -999.250 -999.250 -999.250 -999.250 -999.250
9.084 11.243 13.136 11.115 8.561 5.885 4.258 4.166 3.993 5.365 6.865 9.779 17.709 27.693 36.658 41.163 46.939 59.082 61.119 75.469 79.397 88.971 97.313 116.401 138.504 122.653 117.831 108.726 97.408 89.201 73.800 65.900 57.240 43.541 37.637 26.837 17.596 8.590 4.420 0.000 0.000 0.000 0.000 -999.250 -999.250 -999.250 -999.250 -999.250 -999.250 -999.250 -999.250 -999.250 -999.250 -999.250 -999.250 -999.250 -999.250 -999.250 -999.250 -999.250 -999.250 -999.250 -999.250 -999.250 -999.250 -999.250 -999.250 -999.250
9.206 9.127 9.087 10.212 6.580 5.501 5.409 4.604 5.231 4.978 7.893 11.984 16.784 25.411 31.609 40.511 45.146 52.565 59.879 66.794 79.380 94.690 93.293 113.508 111.643 119.066 114.663 111.124 94.520 96.270 76.906 65.604 58.276 42.358 35.045 27.030 21.254 9.842 5.621 0.972 0.000 0.000 0.000 -999.250 -999.250 -999.250 -999.250 -999.250 -999.250 -999.250 -999.250 -999.250 -999.250 -999.250 -999.250 -999.250 -999.250 -999.250 -999.250 -999.250 -999.250 -999.250 -999.250 -999.250 -999.250 -999.250 -999.250 -999.250
6.416 8.214 8.234 6.635 7.024 5.468 3.973 3.812 4.843 6.112 7.425 11.550 14.743 20.783 33.784 36.165 43.382 45.843 59.697 71.022 90.953 94.569 97.541 97.497 98.017 102.259 104.028 102.020 90.295 86.560 80.391 66.089 58.671 52.473 36.664 29.657 18.712 12.186 5.548 1.699 0.000 0.000 -999.250 -999.250 -999.250 -999.250 -999.250 -999.250 -999.250 -999.250 -999.250 -999.250 -999.250 -999.250 -999.250 -999.250 -999.250 -999.250 -999.250 -999.250 -999.250 -999.250 -999.250 -999.250 -999.250 -999.250 -999.250 -999.250
5.546 5.260 5.641 6.126 4.733 2.928 3.083 4.263 5.067 6.426 7.627 9.065 17.461 23.831 29.049 34.215 40.502 53.579 60.197 69.903 75.971 75.755 70.176 83.680 85.150 93.663 104.004 104.754 87.071 75.414 64.354 60.432 49.878 43.632 37.957 28.810 18.681 13.158 5.190 3.588 0.819 0.000 -999.250 -999.250 -999.250 -999.250 -999.250 -999.250 -999.250 -999.250 -999.250 -999.250 -999.250 -999.250 -999.250 -999.250 -999.250 -999.250 -999.250 -999.250 -999.250 -999.250 -999.250 -999.250 -999.250 -999.250 -999.250 -999.250
4.854 6.319 4.401 3.882 3.077 2.001 2.475 2.444 4.923 6.342 7.406 9.530 14.458 18.902 26.457 33.941 42.177 45.886 54.691 63.969 62.909 67.219 74.764 77.598 78.328 76.444 80.344 75.074 73.395 66.039 53.286 55.131 46.891 47.384 36.925 30.890 23.838 15.076 7.461 4.667 0.768 0.000 -999.250 -999.250 -999.250 -999.250 -999.250 -999.250 -999.250 -999.250 -999.250 -999.250 -999.250 -999.250 -999.250 -999.250 -999.250 -999.250 -999.250 -999.250 -999.250 -999.250 -999.250 -999.250 -999.250 -999.250 -999.250 -999.250
3.432 4.580 4.186 2.070 1.581 0.632 1.442 2.962 4.157 6.097 6.654 11.986 17.781 19.554 27.107 33.493 35.828 37.134 51.091 47.819 57.313 64.210 65.565 66.079 69.236 68.190 68.567 69.108 66.756 61.560 53.714 50.094 51.388 40.743 34.689 28.199 22.489 13.871 6.146 4.373 0.576 -999.250 -999.250 -999.250 -999.250 -999.250 -999.250 -999.250 -999.250 -999.250 -999.250 -999.250 -999.250 -999.250 -999.250 -999.250 -999.250 -999.250 -999.250 -999.250 -999.250 -999.250 -999.250 -999.250 -999.250 -999.250 -999.250 -999.250
2.672 3.591 3.927 3.235 0.720 0.833 1.246 2.553 4.717 6.124 6.005 7.130 9.529 17.801 25.881 25.412 28.208 40.004 49.737 50.228 55.132 61.661 58.920 64.382 61.290 59.185 57.266 60.593 55.463 56.746 48.148 49.221 40.852 38.626 33.650 22.598 -999.250 -999.250 8.655 6.354 2.480 -999.250 -999.250 -999.250 -999.250 -999.250 -999.250 -999.250 -999.250 -999.250 -999.250 -999.250 -999.250 -999.250 -999.250 -999.250 -999.250 -999.250 -999.250 -999.250 -999.250 -999.250 -999.250 -999.250 -999.250 -999.250 -999.250 -999.250
2.177 4.383 5.956 3.498 1.970 0.137 1.587 0.573 2.579 5.197 4.867 6.118 6.744 10.362 14.739 21.259 27.599 36.706 42.836 44.387 55.961 61.092 60.423 60.148 57.991 51.338 53.456 55.861 54.651 59.736 48.028 44.010 35.769 35.435 33.026 22.536 -999.250 -999.250 -999.250 -999.250 -999.250 -999.250 -999.250 -999.250 -999.250 -999.250 -999.250 -999.250 -999.250 -999.250 -999.250 -999.250 -999.250 -999.250 -999.250 -999.250 -999.250 -999.250 -999.250 -999.250 -999.250 -999.250 -999.250 -999.250 -999.250 -999.250 -999.250 -999.250
1.601 2.410 3.526 0.914 1.090 0.320 0.000 0.000 0.415 1.287 3.725 5.074 6.351 9.261 17.333 19.612 22.092 30.937 36.666 41.348 41.042 40.868 47.349 49.178 47.385 49.569 50.035 45.716 51.971 48.983 43.411 39.925 -999.250 -999.250 24.456 -999.250 -999.250 -999.250 -999.250 -999.250 -999.250 -999.250 -999.250 -999.250 -999.250 -999.250 -999.250 -999.250 -999.250 -999.250 -999.250 -999.250 -999.250 -999.250 -999.250 -999.250 -999.250 -999.250 -999.250 -999.250 -999.250 -999.250 -999.250 -999.250 -999.250 -999.250 -999.250 -999.250
0.000 0.000 0.000 0.000 0.000 0.000 0.000 0.000 0.000 0.138 1.218 3.314 5.330 6.982 11.432 19.380 19.758 27.575 28.755 28.414 35.043 40.087 40.858 43.915 44.326 40.176 36.049 39.159 42.061 35.614 -999.250 -999.250 -999.250 -999.250 -999.250 -999.250 -999.250 -999.250 -999.250 -999.250 -999.250 -999.250 -999.250 -999.250 -999.250 -999.250 -999.250 -999.250 -999.250 -999.250 -999.250 -999.250 -999.250 -999.250 -999.250 -999.250 -999.250 -999.250 -999.250 -999.250 -999.250 -999.250 -999.250 -999.250 -999.250 -999.250 -999.250 -999.250
0.000 0.000 0.000 0.013 0.113 0.000 0.000 0.000 0.000 0.000 0.000 0.073 5.287 6.088 7.593 11.359 15.159 21.102 21.422 22.397 26.442 31.470 30.758 36.579 35.285 34.199 33.588 30.936 31.957 33.384 -999.250 -999.250 -999.250 -999.250 -999.250 -999.250 -999.250 -999.250 -999.250 -999.250 -999.250 -999.250 -999.250 -999.250 -999.250 -999.250 -999.250 -999.250 -999.250 -999.250 -999.250 -999.250 -999.250 -999.250 -999.250 -999.250 -999.250 -999.250 -999.250 -999.250 -999.250 -999.250 -999.250 -999.250 -999.250 -999.250 -999.250 -999.250
0.000 0.000 0.000 0.000 0.000 0.000 0.000 0.000 0.000 0.000 0.000 0.000 1.178 4.384 5.537 7.462 9.949 10.329 18.289 16.876 21.025 21.683 20.720 29.057 28.939 26.792 26.169 28.203 27.193 23.508 -999.250 -999.250 -999.250 -999.250 -999.250 -999.250 -999.250 -999.250 -999.250 -999.250 -999.250 -999.250 -999.250 -999.250 -999.250 -999.250 -999.250 -999.250 -999.250 -999.250 -999.250 -999.250 -999.250 -999.250 -999.250 -999.250 -999.250 -999.250 -999.250 -999.250 -999.250 -999.250 -999.250 -999.250 -999.250 -999.250 -999.250 -999.250
0.000 0.000 0.000 0.000 0.000 0.000 0.000 0.000 0.000 0.000 0.000 0.000 0.072 0.955 3.871 4.765 6.467 8.526 12.633 12.370 13.897 16.774 18.929 19.241 28.452 26.017 27.650 23.789 23.209 19.825 -999.250 -999.250 -999.250 -999.250 -999.250 -999.250 -999.250 -999.250 -999.250 -999.250 -999.250 -999.250 -999.250 -999.250 -999.250 -999.250 -999.250 -999.250 -999.250 -999.250 -999.250 -999.250 -999.250 -999.250 -999.250 -999.250 -999.250 -999.250 -999.250 -999.250 -999.250 -999.250 -999.250 -999.250 -999.250 -999.250 -999.250 -999.250
0.000 0.000 0.000 0.000 0.000 0.000 0.000 0.000 0.000 0.000 0.000 0.000 0.000 0.000 1.096 2.185 4.905 7.059 7.793 7.500 8.633 11.696 11.328 16.432 16.534 18.978 23.287 19.067 21.049 -999.250 -999.250 -999.250 -999.250 -999.250 -999.250 -999.250 -999.250 -999.250 -999.250 -999.250 -999.250 -999.250 -999.250 -999.250 -999.250 -999.250 -999.250 -999.250 -999.250 -999.250 -999.250 -999.250 -999.250 -999.250 -999.250 -999.250 -999.250 -999.250 -999.250 -999.250 -999.250 -999.250 -999.250 -999.250 -999.250 -999.250 -999.250 -999.250
0.000 0.000 0.000 0.000 0.000 0.000 0.000 0.000 0.000 0.000 0.000 0.000 0.000 0.000 0.000 1.002 3.836 6.991 5.022 4.388 5.689 8.328 7.684 8.655 12.740 11.550 14.919 15.139 13.002 -999.250 -999.250 -999.250 -999.250 -999.250 -999.250 -999.250 -999.250 -999.250 -999.250 -999.250 -999.250 -999.250 -999.250 -999.250 -999.250 -999.250 -999.250 -999.250 -999.250 -999.250 -999.250 -999.250 -999.250 -999.250 -999.250 -999.250 -999.250 -999.250 -999.250 -999.250 -999.250 -999.250 -999.250 -999.250 -999.250 -999.250 -999.250 -999.250
0.000 0.000 0.000 0.000 0.000 0.000 0.000 0.000 0.000 0.000 0.000 0.000 0.000 0.000 0.000 0.000 1.349 3.364 3.703 2.720 3.228 6.934 6.563 6.942 8.149 7.279 7.650 10.420 9.813 -999.250 -999.250 -999.250 -999.250 -999.250 -999.250 -999.250 -999.250 -999.250 -999.250 -999.250 -999.250 -999.250 -999.250 -999.250 -999.250 -999.250 -999.250 -999.250 -999.250 -999.250 -999.250 -999.250 -999.250 -999.250 -999.250 -999.250 -999.250 -999.250 -999.250 -999.250 -999.250 -999.250 -999.250 -999.250 -999.250 -999.250 -999.250 -999.250
0.000 0.000 0.000 0.000 0.000 0.000 0.000 0.000 0.000 0.000 0.000 0.000 0.000 0.000 0.000 0.000 0.000 0.000 0.000 0.935 2.394 3.832 3.678 4.740 5.306 5.999 6.909 6.279 -999.250 -999.250 -999.250 -999.250 -999.250 -999.250 -999.250 -999.250 -999.250 -999.250 -999.250 -999.250 -999.250 -999.250 -999.250 -999.250 -999.250 -999.250 -999.250 -999.250 -999.250 -999.250 -999.250 -999.250 -999.250 -999.250 -999.250 -999.250 -999.250 -999.250 -999.250 -999.250 -999.250 -999.250 -999.250 -999.250 -999.250 -999.250 -999.250 -999.250
0.000 0.000 0.000 0.000 0.000 0.000 0.000 0.000 0.000 0.000 0.000 0.000 0.000 0.000 0.000 0.000 0.000 0.000 0.000 0.000 1.138 2.205 2.287 3.384 2.643 4.356 3.204 6.309 -999.250 -999.250 -999.250 -999.250 -999.250 -999.250 -999.250 -999.250 -999.250 -999.250 -999.250 -999.250 -999.250 -999.250 -999.250 -999.250 -999.250 -999.250 -999.250 -999.250 -999.250 -999.250 -999.250 -999.250 -999.250 -999.250 -999.250 -999.250 -999.250 -999.250 -999.250 -999.250 -999.250 -999.250 -999.250 -999.250 -999.250 -999.250 -999.250 -999.250
