data/medianmodel_08-Feb-2021.asc
ncols	141
nrows	288
xllcorner	-120191.398
yllcorner	-301404.813
cellsize	2000.000
NODATA_value	-999.250
[rows 84 to 111 of 288, columns 0 to 63 of 141]
-999.250 -999.250 -999.250 -999.250 -999.250 -999.250 -999.250 -999.250 -999.250 -999.250 -999.250 -999.250 -999.250 -999.250 -999.250 -999.250 -999.250 -999.250 -999.250 -999.250 -999.250 -999.250 -999.250 -999.250 -999.250 -999.250 -999.250 -999.250 -999.250 -999.250 -999.250 -999.250 -999.250 824.648 800.822 824.192 818.499 800.856 796.876 773.746 786.632 759.898 768.640 743.582 739.606 736.379 775.968 796.111 822.684 892.250 967.418 1031.009 1172.163 1213.642 1286.592 1259.731 1310.551 1289.121 1272.213 1180.979 1232.988 1214.157 1237.488 1205.885
-999.250 -999.250 -999.250 -999.250 -999.250 -999.250 -999.250 -999.250 -999.250 -999.250 -999.250 -999.250 -999.250 -999.250 -999.250 -999.250 -999.250 -999.250 -999.250 -999.250 -999.250 -999.250 -999.250 -999.250 -999.250 -999.250 -999.250 -999.250 -999.250 -999.250 -999.250 -999.250 -999.250 760.424 785.828 780.685 778.608 778.228 743.139 768.060 758.139 751.435 744.940 709.653 724.994 750.183 751.869 764.189 799.052 835.825 913.697 981.791 1118.963 1162.196 1275.360 1274.160 1294.364 1267.159 1227.762 1236.700 1164.006 1240.198 1270.978 1273.531
-999.250 -999.250 -999.250 -999.250 -999.250 -999.250 -999.250 -999.250 -999.250 -999.250 -999.250 -999.250 -999.250 -999.250 -999.250 -999.250 -999.250 -999.250 -999.250 -999.250 -999.250 -999.250 -999.250 -999.250 -999.250 -999.250 -999.250 -999.250 -999.250 -999.250 -999.250 -999.250 -999.250 723.997 720.759 711.402 759.008 743.109 692.913 731.199 754.356 777.320 737.499 706.702 740.076 745.705 752.030 761.750 746.609 826.254 892.574 973.210 1029.484 1103.485 1233.683 1278.216 1212.552 1192.696 1208.081 1207.612 1202.565 1265.802 1280.673 1299.454
-999.250 -999.250 -999.250 -999.250 -999.250 -999.250 -999.250 -999.250 -999.250 -999.250 -999.250 -999.250 -999.250 -999.250 -999.250 -999.250 -999.250 -999.250 -999.250 -999.250 -999.250 -999.250 -999.250 -999.250 -999.250 -999.250 -999.250 -999.250 -999.250 -999.250 -999.250 -999.250 -999.250 663.771 681.639 688.323 684.503 699.630 683.180 712.119 750.311 734.035 746.032 736.761 732.224 766.602 769.090 757.870 746.294 810.601 871.159 933.731 1007.916 1026.753 1146.405 1186.267 1171.242 1180.991 1196.995 1153.927 1218.891 1296.434 1325.408 1284.454
-999.250 -999.250 -999.250 -999.250 -999.250 -999.250 -999.250 -999.250 -999.250 -999.250 -999.250 -999.250 -999.250 -999.250 -999.250 -999.250 -999.250 -999.250 -999.250 -999.250 -999.250 -999.250 -999.250 -999.250 -999.250 -999.250 -999.250 -999.250 -999.250 -999.250 -999.250 -999.250 654.830 627.564 619.516 625.716 626.686 660.462 676.451 717.247 722.059 757.125 781.008 777.059 770.785 764.623 769.162 775.983 776.411 798.579 837.599 899.677 970.084 991.301 1055.066 1092.721 1109.412 1151.800 1181.766 1227.077 1239.149 1267.204 1268.791 1204.420
-999.250 -999.250 -999.250 -999.250 -999.250 -999.250 -999.250 -999.250 -999.250 -999.250 -999.250 -999.250 -999.250 -999.250 -999.250 -999.250 -999.250 -999.250 -999.250 -999.250 -999.250 -999.250 -999.250 -999.250 -999.250 -999.250 -999.250 -999.250 -999.250 -999.250 -999.250 -999.250 613.098 602.572 584.654 564.489 548.724 599.300 654.156 679.809 737.427 763.606 803.229 806.343 792.880 798.875 783.255 789.853 791.034 812.919 859.369 866.130 916.010 961.195 988.165 1018.431 1055.051 1118.690 1138.070 1149.820 1256.131 1269.886 1275.231 1219.903
-999.250 -999.250 -999.250 -999.250 -999.250 -999.250 -999.250 -999.250 -999.250 -999.250 -999.250 -999.250 -999.250 -999.250 -999.250 -999.250 -999.250 -999.250 -999.250 -999.250 -999.250 -999.250 -999.250 -999.250 -999.250 -999.250 -999.250 -999.250 -999.250 -999.250 -999.250 -999.250 584.205 578.751 568.721 539.694 514.512 569.695 666.492 713.756 753.456 803.988 811.006 825.349 814.498 841.907 823.210 821.081 794.866 827.307 834.598 884.994 905.862 923.969 948.110 985.929 1056.030 1046.878 1131.798 1227.945 1222.080 1274.928 1305.156 1227.080
-999.250 -999.250 -999.250 -999.250 -999.250 -999.250 -999.250 -999.250 -999.250 -999.250 -999.250 -999.250 -999.250 -999.250 -999.250 -999.250 -999.250 -999.250 -999.250 -999.250 -999.250 -999.250 -999.250 -999.250 -999.250 -999.250 -999.250 -999.250 -999.250 -999.250 -999.250 -999.250 597.572 596.148 577.556 584.145 572.400 602.649 685.682 738.342 802.908 844.181 849.837 863.408 860.335 862.431 854.554 833.256 844.612 839.253 855.372 875.239 905.156 921.718 918.452 967.297 1000.856 1075.897 1096.646 1241.252 1211.124 1261.004 1250.885 1221.274
-999.250 -999.250 -999.250 -999.250 -999.250 -999.250 -999.250 -999.250 -999.250 -999.250 -999.250 -999.250 -999.250 -999.250 -999.250 -999.250 -999.250 -999.250 -999.250 -999.250 -999.250 -999.250 -999.250 -999.250 -999.250 -999.250 -999.250 -999.250 -999.250 -999.250 -999.250 639.975 619.526 617.953 639.544 630.892 644.058 664.390 742.542 804.995 825.895 874.748 889.993 882.565 886.313 867.284 865.402 894.519 905.696 867.321 905.224 914.814 919.359 895.397 923.548 965.837 965.145 1018.571 1124.725 1179.282 1206.377 1211.698 1224.606 1190.417
-999.250 -999.250 -999.250 -999.250 -999.250 -999.250 -999.250 -999.250 -999.250 -999.250 -999.250 -999.250 -999.250 -999.250 -999.250 -999.250 -999.250 -999.250 -999.250 -999.250 -999.250 -999.250 -999.250 -999.250 -999.250 -999.250 -999.250 -999.250 -999.250 -999.250 -999.250 654.790 654.232 682.531 672.299 696.373 694.091 737.774 796.839 846.857 859.462 886.666 926.878 916.411 925.751 924.995 902.487 953.265 944.241 974.890 947.210 937.185 948.703 910.596 899.421 939.599 968.332 982.356 1071.152 1116.174 1182.941 1150.896 1214.929 1207.950
-999.250 -999.250 -999.250 -999.250 -999.250 -999.250 -999.250 -999.250 -999.250 -999.250 -999.250 -999.250 -999.250 -999.250 -999.250 -999.250 -999.250 -999.250 -999.250 -999.250 -999.250 -999.250 -999.250 -999.250 -999.250 -999.250 -999.250 -999.250 -999.250 -999.250 -999.250 662.049 694.730 711.623 725.181 757.642 759.624 789.272 843.247 895.307 909.601 929.895 972.261 954.566 1007.281 1033.117 1012.665 1053.788 1085.182 1043.727 1011.350 963.124 944.201 926.978 890.019 887.101 947.248 1017.410 1062.771 1114.994 1134.741 1182.012 1227.038 1172.091
-999.250 -999.250 -999.250 -999.250 -999.250 -999.250 -999.250 -999.250 -999.250 -999.250 -999.250 -999.250 -999.250 -999.250 -999.250 -999.250 -999.250 -999.250 -999.250 -999.250 -999.250 -999.250 -999.250 -999.250 -999.250 -999.250 -999.250 -999.250 -999.250 -999.250 -999.250 697.987 735.205 773.766 769.101 805.904 828.249 851.088 895.902 959.906 963.017 999.714 1034.625 1086.008 1158.562 1178.730 1162.035 1144.394 1149.158 1110.393 1117.064 1070.045 980.593 958.299 893.419 898.286 904.963 958.808 1061.745 1141.227 1168.437 1198.065 1236.459 1243.434
-999.250 -999.250 -999.250 -999.250 -999.250 -999.250 -999.250 -999.250 -999.250 -999.250 -999.250 -999.250 -999.250 -999.250 -999.250 -999.250 -999.250 -999.250 -999.250 -999.250 -999.250 -999.250 -999.250 -999.250 -999.250 -999.250 -999.250 -999.250 -999.250 -999.250 721.373 759.857 811.648 815.409 828.134 862.254 890.850 940.377 967.634 1016.784 1026.709 1114.331 1200.377 1254.300 1318.689 1273.161 1325.314 1271.890 1255.532 1270.190 1226.411 1168.010 1041.865 971.852 895.764 866.000 828.862 867.557 981.892 1157.673 1222.363 1211.978 1298.595 1288.144
-999.250 -999.250 -999.250 -999.250 -999.250 -999.250 -999.250 -999.250 -999.250 -999.250 -999.250 -999.250 -999.250 -999.250 -999.250 -999.250 -999.250 -999.250 -999.250 -999.250 -999.250 -999.250 -999.250 -999.250 -999.250 -999.250 -999.250 -999.250 -999.250 -999.250 746.131 788.293 815.438 879.395 872.722 893.182 927.824 967.776 1017.079 1073.135 1132.081 1222.586 1282.007 1330.784 1408.156 1376.186 1406.046 1391.152 1391.045 1315.375 1274.660 1174.033 1106.888 1001.997 942.433 852.349 753.350 744.819 891.102 1058.856 1163.306 1241.771 1288.422 1356.550
-999.250 -999.250 -999.250 -999.250 -999.250 -999.250 -999.250 -999.250 -999.250 -999.250 -999.250 -999.250 -999.250 -999.250 -999.250 -999.250 -999.250 -999.250 -999.250 -999.250 -999.250 -999.250 -999.250 -999.250 -999.250 -999.250 -999.250 -999.250 -999.250 -999.250 787.808 797.071 853.998 889.112 924.317 958.001 1016.901 1082.719 1118.613 1228.677 1259.397 1323.207 1386.003 1416.016 1452.208 1458.149 1435.094 1437.249 1430.435 1405.408 1373.021 1278.443 1173.386 1104.805 973.792 867.566 725.064 590.708 826.769 991.287 1100.232 1270.024 1370.900 1416.935
-999.250 -999.250 -999.250 -999.250 -999.250 -999.250 -999.250 -999.250 -999.250 -999.250 -999.250 -999.250 -999.250 -999.250 -999.250 -999.250 -999.250 -999.250 -999.250 -999.250 -999.250 -999.250 -999.250 -999.250 -999.250 -999.250 -999.250 -999.250 -999.250 -999.250 802.294 821.043 877.092 927.259 982.910 1040.753 1128.956 1180.264 1246.945 1319.594 1356.717 1421.568 1452.067 1506.791 1532.070 1515.697 1530.016 1477.405 1496.549 1477.764 1436.707 1392.098 1285.318 1163.762 1037.017 919.730 812.387 778.773 837.921 970.964 1085.568 1239.071 1334.552 1399.862
-999.250 -999.250 -999.250 -999.250 -999.250 -999.250 -999.250 -999.250 -999.250 -999.250 -999.250 -999.250 -999.250 -999.250 -999.250 -999.250 -999.250 -999.250 -999.250 -999.250 -999.250 -999.250 -999.250 -999.250 -999.250 -999.250 -999.250 -999.250 -999.250 763.263 821.926 878.438 906.628 968.807 978.734 1062.087 1140.013 1248.642 1374.738 1395.158 1453.219 1477.708 1524.649 1554.321 1595.878 1600.163 1536.365 1535.474 1511.943 1499.764 1469.173 1414.070 1383.783 1208.290 1101.279 994.345 912.338 903.168 964.213 1019.482 1192.188 1267.376 1353.693 1377.019
-999.250 -999.250 -999.250 -999.250 -999.250 -999.250 -999.250 -999.250 -999.250 -999.250 -999.250 -999.250 -999.250 -999.250 -999.250 -999.250 -999.250 -999.250 -999.250 -999.250 -999.250 -999.250 -999.250 -999.250 -999.250 -999.250 -999.250 -999.250 -999.250 798.399 863.810 910.732 959.039 974.550 1030.889 1138.296 1254.643 1346.728 1428.107 1444.099 1477.399 1506.360 1589.800 1605.456 1621.511 1614.798 1579.481 1572.865 1534.535 1577.615 1511.931 1456.946 1439.691 1378.589 1266.621 1076.545 1000.684 1017.198 1035.861 1100.349 1192.332 1268.336 1348.478 1359.291
-999.250 -999.250 -999.250 -999.250 -999.250 -999.250 -999.250 -999.250 -999.250 -999.250 -999.250 -999.250 -999.250 -999.250 -999.250 -999.250 -999.250 -999.250 -999.250 -999.250 -999.250 -999.250 -999.250 -999.250 -999.250 -999.250 -999.250 -999.250 -999.250 853.089 880.026 914.874 979.920 1011.125 1086.131 1176.347 1290.729 1413.490 1458.674 1494.162 1517.136 1557.785 1580.455 1666.428 1624.082 1654.457 1618.029 1595.166 1560.770 1525.944 1524.144 1491.816 1453.204 1445.889 1273.249 1143.527 1106.404 1075.611 1080.429 1133.553 1195.225 1316.634 1334.345 1382.554
-999.250 -999.250 -999.250 -999.250 -999.250 -999.250 -999.250 -999.250 -999.250 -999.250 -999.250 -999.250 -999.250 -999.250 -999.250 -999.250 -999.250 -999.250 -999.250 -999.250 -999.250 -999.250 -999.250 -999.250 -999.250 -999.250 -999.250 -999.250 -999.250 822.498 902.448 946.190 977.055 1044.010 1108.457 1218.151 1365.123 1462.020 1508.138 1536.221 1600.752 1587.980 1615.126 1641.646 1673.220 1674.804 1661.207 1653.818 1662.041 1567.647 1511.418 1446.076 1381.986 1352.263 1268.437 1121.914 1093.473 1107.369 1080.352 1126.297 1213.519 1287.330 1365.638 1396.117
-999.250 -999.250 -999.250 -999.250 -999.250 -999.250 -999.250 -999.250 -999.250 -999.250 -999.250 -999.250 -999.250 -999.250 -999.250 -999.250 -999.250 -999.250 -999.250 -999.250 -999.250 -999.250 -999.250 -999.250 -999.250 -999.250 -999.250 -999.250 777.985 842.115 900.576 952.254 1039.971 1097.405 1193.756 1257.226 1370.816 1469.490 1499.277 1569.746 1633.246 1602.795 1643.707 1664.526 1721.812 1701.050 1705.192 1702.338 1639.096 1562.851 1464.546 1404.833 1361.292 1196.335 1164.295 1082.465 1071.079 1058.127 1140.637 1175.245 1198.865 1301.762 1380.692 1433.865
-999.250 -999.250 -999.250 -999.250 -999.250 -999.250 -999.250 -999.250 -999.250 -999.250 -999.250 -999.250 -999.250 -999.250 -999.250 -999.250 -999.250 -999.250 -999.250 -999.250 -999.250 -999.250 -999.250 -999.250 -999.250 -999.250 -999.250 -999.250 799.481 851.147 884.867 934.895 972.463 1119.411 1171.067 1313.458 1401.785 1448.070 1513.350 1608.296 1642.879 1653.097 1683.524 1689.851 1718.512 1708.810 1737.400 1681.292 1571.651 1492.202 1433.056 1334.099 1184.589 1082.003 1021.251 1007.114 1024.792 1040.019 1057.987 1189.506 1185.550 1291.268 1398.101 1443.757
-999.250 -999.250 -999.250 -999.250 -999.250 -999.250 -999.250 -999.250 -999.250 -999.250 -999.250 -999.250 -999.250 -999.250 -999.250 -999.250 -999.250 -999.250 -999.250 -999.250 -999.250 -999.250 -999.250 -999.250 -999.250 -999.250 -999.250 740.531 806.888 843.362 882.511 908.852 1000.041 1071.443 1169.958 1247.459 1344.828 1425.020 1522.360 1620.926 1598.618 1613.947 1700.114 1728.513 1692.684 1683.618 1677.349 1629.347 1514.723 1431.200 1349.937 1247.941 1105.709 984.275 916.509 926.867 950.512 951.963 1017.036 1125.462 1212.597 1301.548 1403.076 1454.907
-999.250 -999.250 -999.250 -999.250 -999.250 -999.250 -999.250 -999.250 -999.250 -999.250 -999.250 -999.250 -999.250 -999.250 -999.250 -999.250 -999.250 -999.250 -999.250 -999.250 -999.250 -999.250 -999.250 -999.250 -999.250 -999.250 -999.250 757.689 776.257 824.888 854.492 894.414 1008.733 1073.970 1133.682 1197.771 1286.820 1404.993 1445.766 1538.530 1558.450 1612.803 1626.744 1660.682 1608.593 1620.160 1606.692 1517.092 1485.210 1397.865 1298.435 1127.534 994.339 909.809 821.444 846.398 902.001 924.277 959.746 1003.659 1099.401 1285.585 1368.878 1452.697
-999.250 -999.250 -999.250 -999.250 -999.250 -999.250 -999.250 -999.250 -999.250 -999.250 -999.250 -999.250 -999.250 -999.250 -999.250 -999.250 -999.250 -999.250 -999.250 -999.250 -999.250 -999.250 -999.250 -999.250 -999.250 -999.250 -999.250 728.155 817.033 813.664 854.216 918.726 982.034 1058.338 1095.453 1241.062 1325.975 1370.462 1415.960 1472.056 1519.025 1522.040 1587.278 1539.341 1580.104 1595.551 1533.596 1477.443 1411.258 1346.774 1204.847 1139.880 976.547 898.728 839.814 826.955 837.180 911.451 968.457 995.025 1122.764 1251.848 1268.058 1383.161
-999.250 -999.250 -999.250 -999.250 -999.250 -999.250 -999.250 -999.250 -999.250 -999.250 -999.250 -999.250 -999.250 -999.250 -999.250 -999.250 -999.250 -999.250 -999.250 -999.250 -999.250 -999.250 -999.250 -999.250 -999.250 -999.250 -999.250 726.320 784.565 802.250 817.063 890.619 960.320 1016.608 1095.093 1157.766 1262.031 1322.089 1369.672 1398.247 1471.631 1462.722 1467.556 1538.212 1530.715 1495.637 1448.004 1427.503 1402.675 1306.962 1160.105 1067.512 978.270 922.089 855.116 846.162 856.319 887.081 933.377 960.798 1067.995 1163.070 1223.838 1349.640
-999.250 -999.250 -999.250 -999.250 -999.250 -999.250 -999.250 -999.250 -999.250 -999.250 -999.250 -999.250 -999.250 -999.250 -999.250 -999.250 -999.250 -999.250 -999.250 -999.250 -999.250 -999.250 -999.250 -999.250 -999.250 -999.250 -999.250 -999.250 780.896 794.852 803.009 841.267 905.247 955.417 1042.411 1179.595 1217.933 1298.697 1367.738 1402.201 1416.229 1446.769 1436.693 1456.947 1471.159 1433.961 1391.405 1387.974 1331.769 1289.790 1141.953 1035.326 973.545 913.205 913.851 869.358 895.789 890.125 960.848 967.019 987.982 1071.041 1224.367 1216.376
-999.250 -999.250 -999.250 -999.250 -999.250 -999.250 -999.250 -999.250 -999.250 -999.250 -999.250 -999.250 -999.250 -999.250 -999.250 -999.250 -999.250 -999.250 -999.250 -999.250 -999.250 -999.250 -999.250 -999.250 -999.250 -999.250 -999.250 -999.250 746.590 800.955 820.039 827.959 898.644 924.691 1015.893 1134.249 1123.491 1229.705 1291.050 1345.025 1376.214 1396.538 1399.483 1399.108 1401.350 1394.217 1405.594 1365.422 1315.525 1216.274 1184.832 1050.465 1013.534 949.560 921.874 908.651 906.064 933.576 949.418 973.788 998.686 1050.119 1088.607 1136.203
