data/medianmodel_09-Oct-2020.asc
ncols	141
nrows	288
xllcorner	-120191.398
yllcorner	-301404.813
cellsize	2000.000
NODATA_value	-999.250
[rows 60 to 89 of 288, columns 68 to 135 of 141]
159.671 148.115 110.361 91.049 64.161 46.816 27.513 20.915 17.995 17.148 15.656 12.407 9.428 6.246 3.252 0.000 0.000 0.000 0.000 0.000 0.000 0.000 0.000 0.000 2.749 4.084 13.817 14.750 20.710 20.289 25.413 26.811 34.153 38.988 42.367 48.737 48.886 61.949 59.842 59.074 64.311 61.683 58.840 54.138 62.004 57.988 58.062 53.075 -999.250 -999.250 -999.250 -999.250 -999.250 -999.250 -999.250 -999.250 -999.250 -999.250 -999.250 -999.250 -999.250 -999.250 -999.250 -999.250 -999.250 -999.250 -999.250 -999.250
142.403 122.726 105.755 87.235 70.789 52.552 39.183 31.285 27.616 24.039 19.761 16.273 15.366 10.907 6.749 8.005 2.153 2.183 0.274 0.000 0.000 0.000 0.000 0.000 5.554 6.612 13.480 17.945 20.841 23.807 28.986 35.597 38.298 49.125 50.587 51.639 60.273 66.068 64.725 62.870 62.119 69.648 64.681 59.715 66.969 70.801 54.029 -999.250 -999.250 -999.250 -999.250 -999.250 -999.250 -999.250 -999.250 -999.250 -999.250 -999.250 -999.250 -999.250 -999.250 -999.250 -999.250 -999.250 -999.250 -999.250 -999.250 -999.250
122.643 107.350 99.186 80.788 70.982 56.653 51.256 38.399 37.561 33.552 28.530 22.608 19.471 17.395 14.173 9.596 6.636 4.297 1.175 0.000 0.000 0.000 0.000 0.000 2.884 7.431 12.647 17.823 23.035 27.988 38.986 40.069 42.021 58.100 63.181 62.578 68.738 67.958 68.243 76.394 68.936 75.144 -999.250 -999.250 -999.250 -999.250 -999.250 -999.250 -999.250 -999.250 -999.250 -999.250 -999.250 -999.250 -999.250 -999.250 -999.250 -999.250 -999.250 -999.250 -999.250 -999.250 -999.250 -999.250 -999.250 -999.250 -999.250 -999.250
104.144 88.258 88.144 80.986 72.508 67.895 60.641 59.869 59.627 55.553 45.680 29.395 28.388 28.710 20.542 15.711 11.931 6.815 1.967 0.000 0.000 0.000 0.000 0.000 2.871 8.477 15.491 18.620 28.622 35.774 44.734 55.154 61.615 72.510 73.430 78.308 76.003 84.455 85.315 79.618 78.196 77.551 72.706 -999.250 -999.250 -999.250 -999.250 -999.250 -999.250 -999.250 -999.250 -999.250 -999.250 -999.250 -999.250 -999.250 -999.250 -999.250 -999.250 -999.250 -999.250 -999.250 -999.250 -999.250 -999.250 -999.250 -999.250 -999.250
90.107 81.730 74.163 78.794 78.837 74.883 76.769 74.563 71.751 67.872 57.988 41.877 38.816 34.248 27.794 19.703 16.300 12.400 4.400 0.000 0.000 0.000 0.000 2.003 8.626 11.120 20.167 27.950 35.192 43.602 51.478 65.584 73.033 79.737 87.913 91.381 91.736 94.308 97.896 97.946 98.248 98.815 97.958 89.326 -999.250 -999.250 -999.250 -999.250 -999.250 -999.250 -999.250 -999.250 -999.250 -999.250 -999.250 -999.250 -999.250 -999.250 -999.250 -999.250 -999.250 -999.250 -999.250 -999.250 -999.250 -999.250 -999.250 -999.250
64.026 60.880 69.363 66.206 82.643 88.640 94.701 97.935 98.180 94.412 76.251 66.672 48.055 41.058 33.169 25.082 22.294 16.908 8.280 5.261 0.103 0.000 2.190 7.187 15.264 21.021 23.900 34.203 45.291 52.386 58.362 65.701 78.254 91.407 95.704 94.912 99.335 103.962 103.208 100.765 109.603 110.484 104.549 98.520 -999.250 -999.250 -999.250 -999.250 -999.250 -999.250 -999.250 -999.250 -999.250 -999.250 -999.250 -999.250 -999.250 -999.250 -999.250 -999.250 -999.250 -999.250 -999.250 -999.250 -999.250 -999.250 -999.250 -999.250
38.512 42.734 58.912 69.828 89.683 100.298 114.787 116.599 127.013 110.753 99.621 89.222 69.393 62.669 45.346 30.707 23.612 19.030 13.232 8.216 1.475 4.760 9.100 13.513 16.341 24.807 31.789 45.986 53.697 65.785 72.289 81.261 99.176 112.349 112.084 111.775 110.079 121.469 115.602 120.712 122.252 123.862 110.133 108.290 95.149 -999.250 -999.250 -999.250 -999.250 -999.250 -999.250 -999.250 -999.250 -999.250 -999.250 -999.250 -999.250 -999.250 -999.250 -999.250 -999.250 -999.250 -999.250 -999.250 -999.250 -999.250 -999.250 -999.250
20.706 21.313 41.473 72.343 93.278 110.015 126.365 147.746 146.275 130.708 119.466 106.575 92.422 81.873 62.119 49.981 33.278 21.829 17.697 10.751 4.803 7.468 13.070 15.612 23.966 36.265 48.187 68.192 63.144 83.113 87.746 100.860 110.871 114.487 133.518 129.010 125.732 145.085 136.029 137.178 130.292 143.267 122.092 112.184 108.534 105.776 -999.250 -999.250 -999.250 -999.250 -999.250 -999.250 -999.250 -999.250 -999.250 -999.250 -999.250 -999.250 -999.250 -999.250 -999.250 -999.250 -999.250 -999.250 -999.250 -999.250 -999.250 -999.250
9.385 0.000 33.028 76.447 104.865 133.539 144.306 170.838 173.284 166.521 140.682 123.993 105.822 92.924 83.576 65.258 43.063 31.090 22.025 14.154 11.688 11.908 15.766 25.350 32.720 44.331 59.517 71.129 79.595 84.725 100.624 119.172 133.207 135.586 138.007 158.602 145.553 154.234 157.931 152.949 156.612 155.832 130.828 121.243 117.120 103.291 -999.250 -999.250 -999.250 -999.250 -999.250 -999.250 -999.250 -999.250 -999.250 -999.250 -999.250 -999.250 -999.250 -999.250 -999.250 -999.250 -999.250 -999.250 -999.250 -999.250 -999.250 -999.250
12.991 21.194 42.798 83.552 119.251 154.244 176.118 185.271 200.928 181.013 166.310 145.236 127.154 108.000 88.258 72.617 56.535 38.255 25.674 19.308 16.299 19.254 24.702 29.276 38.400 51.173 66.186 78.195 91.700 104.279 112.696 133.441 154.181 153.825 164.254 173.359 162.383 178.243 177.339 171.010 157.851 159.160 136.807 120.118 123.656 109.442 -999.250 -999.250 -999.250 -999.250 -999.250 -999.250 -999.250 -999.250 -999.250 -999.250 -999.250 -999.250 -999.250 -999.250 -999.250 -999.250 -999.250 -999.250 -999.250 -999.250 -999.250 -999.250
22.389 30.170 62.236 93.147 139.645 174.020 204.138 217.391 237.174 205.479 174.413 147.140 130.528 117.948 96.218 82.819 66.103 53.364 31.413 18.532 22.665 26.235 28.987 47.909 53.602 64.363 72.962 86.347 107.602 117.510 136.705 145.886 170.615 187.575 188.503 191.975 171.450 182.540 181.796 182.169 174.344 168.880 159.380 140.446 125.533 99.975 100.049 95.265 -999.250 -999.250 -999.250 -999.250 -999.250 -999.250 -999.250 -999.250 -999.250 -999.250 -999.250 -999.250 -999.250 -999.250 -999.250 -999.250 -999.250 -999.250 -999.250 -999.250
22.455 43.912 65.748 98.815 144.912 180.235 206.702 241.880 277.363 205.946 179.188 155.049 132.668 115.227 104.233 85.819 78.443 59.279 40.266 33.715 28.808 33.718 38.635 55.256 60.663 76.253 89.510 105.421 116.485 147.442 155.770 162.489 184.818 197.587 202.610 215.159 226.205 207.641 192.739 177.000 179.589 165.321 165.839 132.916 128.958 113.577 105.509 95.762 -999.250 -999.250 -999.250 -999.250 -999.250 -999.250 -999.250 -999.250 -999.250 -999.250 -999.250 -999.250 -999.250 -999.250 -999.250 -999.250 -999.250 -999.250 -999.250 -999.250
28.289 45.138 66.180 100.512 131.320 167.303 193.638 217.655 222.419 190.252 178.984 163.324 138.762 120.800 105.406 93.061 84.559 72.844 57.762 46.184 48.364 41.456 49.100 70.867 87.752 93.628 105.948 115.274 134.973 150.650 174.273 182.895 212.480 215.714 243.128 235.867 220.788 240.442 219.779 207.280 192.810 181.375 176.069 142.656 137.658 126.439 98.573 -999.250 -999.250 -999.250 -999.250 -999.250 -999.250 -999.250 -999.250 -999.250 -999.250 -999.250 -999.250 -999.250 -999.250 -999.250 -999.250 -999.250 -999.250 -999.250 -999.250 -999.250
31.665 43.133 66.407 88.001 114.634 154.407 171.031 185.852 173.491 167.173 155.815 133.701 129.037 113.148 104.182 104.579 97.228 81.176 70.411 70.435 63.187 62.420 71.096 80.473 87.853 104.055 110.241 120.350 138.265 164.826 183.744 196.468 219.414 224.136 249.579 248.398 270.262 276.454 261.181 231.133 201.145 194.296 182.575 152.881 143.530 122.902 97.727 -999.250 -999.250 -999.250 -999.250 -999.250 -999.250 -999.250 -999.250 -999.250 -999.250 -999.250 -999.250 -999.250 -999.250 -999.250 -999.250 -999.250 -999.250 -999.250 -999.250 -999.250
36.377 46.611 60.649 86.078 101.171 130.026 137.204 156.784 142.355 125.508 114.085 109.144 109.543 105.381 104.651 97.557 97.941 91.042 86.276 79.969 76.706 78.765 73.224 83.826 95.996 107.063 114.110 126.103 160.270 170.665 196.043 217.613 236.738 243.830 263.543 289.749 294.654 286.268 268.193 258.858 256.220 206.985 188.467 159.042 147.174 129.719 104.353 -999.250 -999.250 -999.250 -999.250 -999.250 -999.250 -999.250 -999.250 -999.250 -999.250 -999.250 -999.250 -999.250 -999.250 -999.250 -999.250 -999.250 -999.250 -999.250 -999.250 -999.250
35.405 41.777 58.684 75.185 90.637 102.942 107.785 106.046 111.144 100.444 89.667 91.216 93.442 94.646 97.510 97.074 97.962 98.983 91.002 86.956 80.336 76.179 80.899 89.688 101.409 114.711 116.714 146.920 164.913 185.711 195.945 217.748 240.787 271.452 294.239 299.457 340.736 310.499 297.591 294.606 261.055 226.738 185.450 162.697 148.450 121.853 115.081 -999.250 -999.250 -999.250 -999.250 -999.250 -999.250 -999.250 -999.250 -999.250 -999.250 -999.250 -999.250 -999.250 -999.250 -999.250 -999.250 -999.250 -999.250 -999.250 -999.250 -999.250
37.024 49.349 61.182 70.055 85.976 87.898 91.769 78.601 72.120 56.712 57.268 65.838 67.348 73.763 83.167 91.581 99.476 107.481 92.346 89.772 85.686 76.019 84.481 86.042 93.224 109.322 138.733 157.690 176.619 184.543 211.721 225.307 241.310 278.648 282.136 318.519 305.147 321.668 287.345 291.468 228.960 214.564 182.365 162.446 139.349 118.969 107.751 -999.250 -999.250 -999.250 -999.250 -999.250 -999.250 -999.250 -999.250 -999.250 -999.250 -999.250 -999.250 -999.250 -999.250 -999.250 -999.250 -999.250 -999.250 -999.250 -999.250 -999.250
37.937 51.563 57.399 68.823 73.232 76.765 66.864 56.939 38.431 17.271 28.766 35.890 46.264 55.433 66.180 73.863 85.153 90.038 86.929 78.602 71.897 77.061 80.010 85.659 88.260 107.010 142.016 155.284 181.278 191.605 192.267 235.022 264.377 279.750 295.461 308.073 324.610 291.210 279.927 240.100 231.030 198.932 187.911 158.421 147.106 116.557 99.827 -999.250 -999.250 -999.250 -999.250 -999.250 -999.250 -999.250 -999.250 -999.250 -999.250 -999.250 -999.250 -999.250 -999.250 -999.250 -999.250 -999.250 -999.250 -999.250 -999.250 -999.250
42.999 50.915 57.431 57.046 65.386 63.507 54.209 42.017 25.267 18.534 18.452 28.259 35.939 44.045 55.511 64.163 69.014 71.219 73.259 69.820 61.689 61.911 70.557 84.621 89.254 108.862 125.617 145.933 168.066 195.207 194.030 221.012 242.126 270.166 286.471 290.931 320.417 275.159 268.663 250.529 224.121 194.542 177.923 170.893 132.414 115.144 108.831 -999.250 -999.250 -999.250 -999.250 -999.250 -999.250 -999.250 -999.250 -999.250 -999.250 -999.250 -999.250 -999.250 -999.250 -999.250 -999.250 -999.250 -999.250 -999.250 -999.250 -999.250
45.186 57.029 61.469 58.498 61.322 54.883 47.589 34.980 24.685 20.741 21.500 21.928 31.834 34.795 38.517 46.500 51.698 59.399 61.271 50.648 53.544 60.549 67.959 70.591 84.431 98.265 110.916 132.396 152.710 163.641 185.050 216.926 239.272 265.166 294.639 286.794 283.670 288.155 269.675 238.684 214.229 197.691 178.862 169.302 148.939 113.674 99.442 -999.250 -999.250 -999.250 -999.250 -999.250 -999.250 -999.250 -999.250 -999.250 -999.250 -999.250 -999.250 -999.250 -999.250 -999.250 -999.250 -999.250 -999.250 -999.250 -999.250 -999.250
55.202 56.511 59.692 64.230 66.771 55.600 45.839 38.129 27.451 23.697 21.018 23.169 23.559 26.756 32.242 35.832 31.290 38.011 36.429 36.452 35.998 46.298 55.629 65.771 73.748 89.224 96.526 118.201 151.299 162.666 168.592 188.157 226.093 223.858 256.787 265.107 265.326 255.080 237.259 215.715 190.210 175.936 162.881 143.346 137.004 108.291 100.831 76.957 -999.250 -999.250 -999.250 -999.250 -999.250 -999.250 -999.250 -999.250 -999.250 -999.250 -999.250 -999.250 -999.250 -999.250 -999.250 -999.250 -999.250 -999.250 -999.250 -999.250
59.974 69.886 64.986 65.693 63.599 63.465 45.935 38.147 34.459 30.554 28.110 26.767 23.975 22.183 21.195 21.713 23.521 21.272 24.944 23.207 27.014 31.357 40.491 51.068 65.390 81.964 102.457 123.845 147.152 136.248 164.594 187.911 187.232 222.342 236.555 228.423 220.590 207.267 207.918 193.526 162.649 152.996 152.464 137.790 120.596 105.753 94.431 82.615 -999.250 -999.250 -999.250 -999.250 -999.250 -999.250 -999.250 -999.250 -999.250 -999.250 -999.250 -999.250 -999.250 -999.250 -999.250 -999.250 -999.250 -999.250 -999.250 -999.250
59.090 68.895 67.392 68.834 67.967 61.599 57.725 47.506 47.578 37.243 27.340 25.560 20.037 18.902 16.032 13.302 13.300 17.060 15.011 11.542 13.344 17.547 25.183 33.191 48.078 69.576 90.928 110.399 121.825 143.866 153.148 169.538 176.103 205.534 195.768 227.747 206.055 187.854 181.849 173.053 163.764 142.271 143.758 122.221 120.300 102.232 92.535 89.436 -999.250 -999.250 -999.250 -999.250 -999.250 -999.250 -999.250 -999.250 -999.250 -999.250 -999.250 -999.250 -999.250 -999.250 -999.250 -999.250 -999.250 -999.250 -999.250 -999.250
55.052 59.587 58.847 64.457 56.680 63.673 60.365 51.777 55.449 42.513 30.522 25.442 21.348 18.073 12.591 7.290 4.184 4.301 4.033 3.577 2.299 4.054 13.760 26.042 41.433 61.619 82.756 95.974 101.971 120.784 135.979 163.917 171.701 174.755 186.503 185.058 193.649 188.322 178.285 172.426 158.693 151.035 124.836 116.914 103.924 94.036 88.293 88.492 -999.250 -999.250 -999.250 -999.250 -999.250 -999.250 -999.250 -999.250 -999.250 -999.250 -999.250 -999.250 -999.250 -999.250 -999.250 -999.250 -999.250 -999.250 -999.250 -999.250
52.427 50.387 55.973 56.218 49.514 56.459 63.377 62.747 60.522 45.164 31.482 26.962 19.936 15.212 9.899 2.200 0.000 0.000 0.000 0.000 0.000 0.000 0.000 18.661 36.038 52.897 71.579 82.791 94.188 100.638 138.188 158.716 148.111 160.773 168.823 176.055 174.556 172.374 172.462 157.639 132.396 126.577 117.666 100.834 90.237 92.985 85.763 -999.250 -999.250 -999.250 -999.250 -999.250 -999.250 -999.250 -999.250 -999.250 -999.250 -999.250 -999.250 -999.250 -999.250 -999.250 -999.250 -999.250 -999.250 -999.250 -999.250 -999.250
48.701 48.220 47.004 50.070 57.001 62.676 64.410 63.965 70.232 54.506 41.629 28.391 18.954 14.116 6.026 0.715 0.000 0.000 0.000 0.000 0.000 0.000 1.848 16.265 31.960 48.140 66.698 80.773 82.909 101.133 124.848 142.634 137.719 136.802 151.458 156.026 157.131 158.113 148.589 137.067 116.824 106.120 97.661 88.809 89.540 85.547 79.506 -999.250 -999.250 -999.250 -999.250 -999.250 -999.250 -999.250 -999.250 -999.250 -999.250 -999.250 -999.250 -999.250 -999.250 -999.250 -999.250 -999.250 -999.250 -999.250 -999.250 -999.250
38.193 50.885 50.480 57.835 59.173 55.425 59.240 66.354 65.653 54.259 39.791 30.567 21.201 15.860 8.440 3.426 0.000 0.000 0.000 0.000 0.000 0.000 11.251 17.925 31.672 43.648 53.985 70.912 82.138 95.249 107.805 127.007 130.343 128.426 135.356 142.110 147.862 134.459 127.266 115.943 112.524 100.355 88.434 82.810 79.791 78.359 -999.250 -999.250 -999.250 -999.250 -999.250 -999.250 -999.250 -999.250 -999.250 -999.250 -999.250 -999.250 -999.250 -999.250 -999.250 -999.250 -999.250 -999.250 -999.250 -999.250 -999.250 -999.250
40.674 45.468 46.569 55.170 58.636 58.937 60.725 65.442 53.228 43.143 35.656 26.179 17.369 11.421 1.845 0.663 0.000 0.000 0.000 0.000 0.418 2.896 8.382 18.522 28.921 47.602 51.691 73.046 81.225 96.197 110.672 117.275 118.766 119.350 119.265 128.932 134.622 117.736 109.018 105.298 97.395 90.730 78.254 72.268 74.497 79.931 -999.250 -999.250 -999.250 -999.250 -999.250 -999.250 -999.250 -999.250 -999.250 -999.250 -999.250 -999.250 -999.250 -999.250 -999.250 -999.250 -999.250 -999.250 -999.250 -999.250 -999.250 -999.250
36.108 46.358 46.297 50.632 48.962 57.808 60.397 54.513 52.853 37.628 29.156 18.744 15.839 9.068 1.955 0.232 0.000 0.000 0.000 3.951 5.160 10.269 14.749 20.563 27.711 41.815 58.459 70.539 84.447 100.080 106.290 110.162 108.218 105.069 105.061 109.761 109.534 96.394 91.267 86.748 82.430 68.062 66.761 67.427 66.143 60.428 56.953 66.637 -999.250 -999.250 -999.250 -999.250 -999.250 -999.250 -999.250 -999.250 -999.250 -999.250 -999.250 -999.250 -999.250 -999.250 -999.250 -999.250 -999.250 -999.250 -999.250 -999.250
33.864 37.347 45.809 46.246 44.703 44.236 42.638 41.632 39.262 30.349 25.263 20.178 13.495 4.180 0.000 0.000 0.000 0.229 6.891 7.381 14.792 19.396 18.134 22.972 29.513 44.431 61.201 73.188 83.194 97.296 106.882 109.820 111.722 103.434 110.036 97.663 93.055 83.785 82.249 74.403 74.350 59.695 56.187 59.805 56.550 57.439 54.038 58.678 -999.250 -999.250 -999.250 -999.250 -999.250 -999.250 -999.250 -999.250 -999.250 -999.250 -999.250 -999.250 -999.250 -999.250 -999.250 -999.250 -999.250 -999.250 -999.250 -999.250
