data/medianmodel_08-Apr-2020.asc
ncols	141
nrows	288
xllcorner	-120191.398
yllcorner	-301404.813
cellsize	2000.000
NODATA_value	-999.250
[rows 120 to 149 of 288, columns 68 to 135 of 141]
21.798 16.550 14.190 10.906 9.816 4.279 7.419 11.333 10.256 12.158 13.843 13.091 14.554 16.420 17.892 18.704 17.019 22.308 20.939 20.735 19.163 15.579 16.014 16.291 16.137 17.958 18.031 16.500 17.450 18.089 12.862 14.581 14.647 12.814 14.749 17.258 16.085 18.511 18.935 18.433 18.779 23.070 21.428 17.646 17.495 -999.250 -999.250 -999.250 -999.250 -999.250 -999.250 -999.250 -999.250 -999.250 -999.250 -999.250 -999.250 -999.250 -999.250 -999.250 -999.250 -999.250 -999.250 -999.250 -999.250 -999.250 -999.250 -999.250
21.664 12.016 10.866 9.622 9.944 10.259 6.822 7.469 10.228 11.424 14.511 13.757 13.659 14.868 20.486 18.523 19.907 20.040 20.690 20.915 18.758 19.193 19.549 18.341 16.797 17.528 16.957 15.534 15.012 12.255 14.113 13.109 12.631 12.072 13.501 14.535 14.956 15.680 17.163 19.796 18.570 21.165 19.316 17.329 20.897 -999.250 -999.250 -999.250 -999.250 -999.250 -999.250 -999.250 -999.250 -999.250 -999.250 -999.250 -999.250 -999.250 -999.250 -999.250 -999.250 -999.250 -999.250 -999.250 -999.250 -999.250 -999.250 -999.250
18.214 8.270 0.000 3.085 6.921 6.838 8.438 7.290 9.116 12.490 18.796 16.723 21.197 17.574 19.456 17.893 19.603 19.071 17.929 21.297 18.465 16.968 16.888 16.593 19.729 14.404 18.321 19.684 15.761 16.142 15.312 9.812 9.308 8.432 11.382 12.267 14.564 16.641 20.258 17.516 19.328 18.740 20.693 17.355 20.237 -999.250 -999.250 -999.250 -999.250 -999.250 -999.250 -999.250 -999.250 -999.250 -999.250 -999.250 -999.250 -999.250 -999.250 -999.250 -999.250 -999.250 -999.250 -999.250 -999.250 -999.250 -999.250 -999.250
15.434 11.210 3.861 4.956 8.489 9.439 7.695 8.888 10.049 12.395 16.035 18.694 18.837 19.208 22.240 20.619 19.790 17.251 18.677 17.053 18.684 18.148 15.530 14.514 14.919 16.218 16.297 16.076 15.530 12.984 10.254 8.962 0.000 4.824 10.344 14.639 16.301 13.677 16.014 16.429 18.611 20.125 17.026 18.628 -999.250 -999.250 -999.250 -999.250 -999.250 -999.250 -999.250 -999.250 -999.250 -999.250 -999.250 -999.250 -999.250 -999.250 -999.250 -999.250 -999.250 -999.250 -999.250 -999.250 -999.250 -999.250 -999.250 -999.250
16.501 12.456 8.952 7.920 10.879 8.485 8.203 10.606 11.472 10.486 13.696 16.055 17.805 20.556 20.027 20.374 18.252 19.831 18.480 16.519 16.131 14.424 13.400 13.657 17.280 14.617 17.023 14.170 13.589 11.114 7.828 6.355 2.458 7.142 11.861 15.866 16.381 18.628 16.975 16.530 14.167 16.019 18.814 18.199 -999.250 -999.250 -999.250 -999.250 -999.250 -999.250 -999.250 -999.250 -999.250 -999.250 -999.250 -999.250 -999.250 -999.250 -999.250 -999.250 -999.250 -999.250 -999.250 -999.250 -999.250 -999.250 -999.250 -999.250
14.352 13.286 12.053 11.154 11.173 10.158 10.162 9.351 10.659 10.917 14.852 15.674 18.626 19.903 16.673 18.223 19.951 18.133 15.731 15.244 15.877 11.296 12.509 14.752 17.092 16.752 14.438 14.647 14.226 11.124 11.828 8.161 4.575 8.231 14.579 17.514 15.737 17.931 17.625 19.635 18.253 16.673 16.548 18.642 -999.250 -999.250 -999.250 -999.250 -999.250 -999.250 -999.250 -999.250 -999.250 -999.250 -999.250 -999.250 -999.250 -999.250 -999.250 -999.250 -999.250 -999.250 -999.250 -999.250 -999.250 -999.250 -999.250 -999.250
11.686 12.564 14.054 12.287 9.925 9.032 11.919 12.916 11.322 13.642 13.651 14.109 17.543 20.201 16.884 17.182 18.650 16.229 16.695 16.125 14.457 12.509 13.558 14.908 16.602 13.729 12.931 13.729 13.604 11.501 11.325 11.890 11.204 9.134 13.283 15.141 13.852 18.034 18.023 18.289 23.157 16.557 18.381 17.814 -999.250 -999.250 -999.250 -999.250 -999.250 -999.250 -999.250 -999.250 -999.250 -999.250 -999.250 -999.250 -999.250 -999.250 -999.250 -999.250 -999.250 -999.250 -999.250 -999.250 -999.250 -999.250 -999.250 -999.250
8.340 14.456 14.292 10.611 10.721 9.656 12.150 11.772 14.045 15.095 15.284 18.182 18.758 20.923 23.033 16.109 16.718 14.461 17.012 16.119 13.724 11.890 14.721 15.189 15.728 13.054 13.139 11.959 13.709 13.846 12.111 11.922 11.854 13.066 15.044 14.081 15.872 14.882 16.806 18.350 18.919 19.251 20.356 -999.250 -999.250 -999.250 -999.250 -999.250 -999.250 -999.250 -999.250 -999.250 -999.250 -999.250 -999.250 -999.250 -999.250 -999.250 -999.250 -999.250 -999.250 -999.250 -999.250 -999.250 -999.250 -999.250 -999.250 -999.250
9.393 11.933 10.003 12.984 14.857 11.901 12.941 12.625 14.628 18.531 17.063 19.839 20.654 20.932 19.663 21.077 19.853 18.895 17.827 14.951 7.694 13.747 13.890 17.352 17.336 14.826 14.023 16.377 15.120 13.268 11.740 12.095 12.740 12.165 12.652 14.833 16.580 15.986 18.000 17.826 16.140 18.790 -999.250 -999.250 -999.250 -999.250 -999.250 -999.250 -999.250 -999.250 -999.250 -999.250 -999.250 -999.250 -999.250 -999.250 -999.250 -999.250 -999.250 -999.250 -999.250 -999.250 -999.250 -999.250 -999.250 -999.250 -999.250 -999.250
5.361 10.320 9.131 11.336 13.966 14.879 14.775 12.941 14.665 16.502 20.700 24.619 22.381 23.631 20.963 20.836 21.407 20.686 20.545 16.847 14.313 16.958 16.309 19.508 15.060 14.722 16.666 15.798 13.380 17.494 16.849 15.873 15.259 13.470 14.842 16.740 14.976 14.863 15.870 16.438 15.684 -999.250 -999.250 -999.250 -999.250 -999.250 -999.250 -999.250 -999.250 -999.250 -999.250 -999.250 -999.250 -999.250 -999.250 -999.250 -999.250 -999.250 -999.250 -999.250 -999.250 -999.250 -999.250 -999.250 -999.250 -999.250 -999.250 -999.250
7.242 7.334 9.062 11.431 11.602 15.741 12.095 14.161 17.721 17.364 20.712 23.721 23.077 23.962 22.150 23.583 23.400 22.033 17.199 18.787 20.018 15.337 17.617 16.179 16.968 19.465 18.112 17.265 16.305 15.602 17.494 13.997 12.710 15.107 15.448 15.808 14.947 13.277 15.955 15.439 14.020 -999.250 -999.250 -999.250 -999.250 -999.250 -999.250 -999.250 -999.250 -999.250 -999.250 -999.250 -999.250 -999.250 -999.250 -999.250 -999.250 -999.250 -999.250 -999.250 -999.250 -999.250 -999.250 -999.250 -999.250 -999.250 -999.250 -999.250
4.657 6.739 10.491 12.873 14.302 15.729 13.713 16.441 17.814 17.848 22.366 23.232 25.011 22.875 22.695 22.653 25.118 26.167 22.545 18.430 19.981 18.692 17.174 16.964 17.127 15.816 16.337 16.631 16.728 16.089 16.069 15.435 16.515 13.463 12.409 14.583 16.510 16.015 15.797 15.041 15.438 -999.250 -999.250 -999.250 -999.250 -999.250 -999.250 -999.250 -999.250 -999.250 -999.250 -999.250 -999.250 -999.250 -999.250 -999.250 -999.250 -999.250 -999.250 -999.250 -999.250 -999.250 -999.250 -999.250 -999.250 -999.250 -999.250 -999.250
5.097 5.812 7.243 10.694 15.686 17.660 17.785 21.807 19.789 22.503 24.064 26.411 26.430 25.526 23.211 25.812 27.273 27.060 25.122 23.464 20.510 19.758 18.587 17.588 17.048 17.951 19.603 21.654 18.530 18.004 15.276 15.876 21.261 15.264 13.976 15.391 15.692 15.478 15.055 15.798 14.746 -999.250 -999.250 -999.250 -999.250 -999.250 -999.250 -999.250 -999.250 -999.250 -999.250 -999.250 -999.250 -999.250 -999.250 -999.250 -999.250 -999.250 -999.250 -999.250 -999.250 -999.250 -999.250 -999.250 -999.250 -999.250 -999.250 -999.250
0.882 0.000 7.208 12.452 18.000 19.335 21.452 23.843 21.909 24.400 23.554 23.724 27.224 27.237 24.417 26.040 24.067 24.716 26.516 28.131 22.368 21.380 18.353 18.335 17.247 17.736 17.046 16.370 16.492 18.589 16.710 16.163 18.178 16.332 17.593 15.783 15.297 14.778 16.305 14.300 -999.250 -999.250 -999.250 -999.250 -999.250 -999.250 -999.250 -999.250 -999.250 -999.250 -999.250 -999.250 -999.250 -999.250 -999.250 -999.250 -999.250 -999.250 -999.250 -999.250 -999.250 -999.250 -999.250 -999.250 -999.250 -999.250 -999.250 -999.250
4.714 5.083 11.790 14.970 18.984 20.842 24.456 24.524 23.519 23.800 27.105 26.654 28.061 30.600 27.220 30.681 26.587 23.061 23.717 24.654 23.741 23.656 19.837 18.462 19.367 17.058 15.982 14.134 17.957 18.615 18.754 18.178 17.405 17.305 17.170 14.532 16.609 17.328 13.586 15.934 -999.250 -999.250 -999.250 -999.250 -999.250 -999.250 -999.250 -999.250 -999.250 -999.250 -999.250 -999.250 -999.250 -999.250 -999.250 -999.250 -999.250 -999.250 -999.250 -999.250 -999.250 -999.250 -999.250 -999.250 -999.250 -999.250 -999.250 -999.250
10.320 11.423 14.726 15.563 21.197 19.226 26.982 24.990 26.549 27.278 28.408 29.043 29.072 30.310 29.588 29.657 24.343 23.316 21.040 20.086 19.448 20.407 24.181 17.118 15.334 12.970 15.401 17.882 19.041 20.529 20.921 15.751 18.263 17.009 13.637 14.024 15.085 15.298 17.125 14.379 -999.250 -999.250 -999.250 -999.250 -999.250 -999.250 -999.250 -999.250 -999.250 -999.250 -999.250 -999.250 -999.250 -999.250 -999.250 -999.250 -999.250 -999.250 -999.250 -999.250 -999.250 -999.250 -999.250 -999.250 -999.250 -999.250 -999.250 -999.250
15.501 17.460 18.910 22.392 20.528 23.380 29.560 31.711 31.458 28.733 32.097 31.807 29.242 28.087 31.462 28.169 28.817 24.164 25.384 21.367 18.416 16.329 19.229 18.861 19.693 18.655 20.268 19.238 15.803 17.696 18.586 16.502 15.480 16.214 16.995 16.596 15.871 18.290 17.119 15.094 -999.250 -999.250 -999.250 -999.250 -999.250 -999.250 -999.250 -999.250 -999.250 -999.250 -999.250 -999.250 -999.250 -999.250 -999.250 -999.250 -999.250 -999.250 -999.250 -999.250 -999.250 -999.250 -999.250 -999.250 -999.250 -999.250 -999.250 -999.250
15.892 19.843 23.962 22.983 22.611 27.553 27.764 30.735 30.484 29.949 32.715 33.747 28.754 33.417 29.281 28.382 25.005 22.606 20.270 20.619 20.133 18.174 18.797 17.542 15.297 12.970 15.795 17.373 18.325 18.068 21.064 18.903 18.709 17.604 17.036 17.655 15.907 17.246 15.005 -999.250 -999.250 -999.250 -999.250 -999.250 -999.250 -999.250 -999.250 -999.250 -999.250 -999.250 -999.250 -999.250 -999.250 -999.250 -999.250 -999.250 -999.250 -999.250 -999.250 -999.250 -999.250 -999.250 -999.250 -999.250 -999.250 -999.250 -999.250 -999.250
19.899 20.210 21.303 20.849 21.198 27.019 28.836 29.983 28.855 27.805 30.960 34.539 28.767 29.995 27.173 25.234 25.022 22.030 -999.250 -999.250 -999.250 -999.250 14.849 14.925 14.113 14.222 14.986 -999.250 -999.250 -999.250 -999.250 -999.250 -999.250 -999.250 -999.250 -999.250 -999.250 -999.250 -999.250 -999.250 -999.250 -999.250 -999.250 -999.250 -999.250 -999.250 -999.250 -999.250 -999.250 -999.250 -999.250 -999.250 -999.250 -999.250 -999.250 -999.250 -999.250 -999.250 -999.250 -999.250 -999.250 -999.250 -999.250 -999.250 -999.250 -999.250 -999.250 -999.250
23.002 20.886 19.962 21.525 23.389 25.685 28.539 28.628 28.705 23.847 27.185 27.913 25.909 26.740 27.949 24.147 22.837 19.975 -999.250 -999.250 -999.250 -999.250 -999.250 -999.250 -999.250 -999.250 -999.250 -999.250 -999.250 -999.250 -999.250 -999.250 -999.250 -999.250 -999.250 -999.250 -999.250 -999.250 -999.250 -999.250 -999.250 -999.250 -999.250 -999.250 -999.250 -999.250 -999.250 -999.250 -999.250 -999.250 -999.250 -999.250 -999.250 -999.250 -999.250 -999.250 -999.250 -999.250 -999.250 -999.250 -999.250 -999.250 -999.250 -999.250 -999.250 -999.250 -999.250 -999.250
22.583 23.898 22.777 23.038 23.869 26.176 27.631 26.730 27.743 24.312 22.308 23.261 23.532 23.599 23.192 21.955 17.591 17.758 -999.250 -999.250 -999.250 -999.250 -999.250 -999.250 -999.250 -999.250 -999.250 -999.250 -999.250 -999.250 -999.250 -999.250 -999.250 -999.250 -999.250 -999.250 -999.250 -999.250 -999.250 -999.250 -999.250 -999.250 -999.250 -999.250 -999.250 -999.250 -999.250 -999.250 -999.250 -999.250 -999.250 -999.250 -999.250 -999.250 -999.250 -999.250 -999.250 -999.250 -999.250 -999.250 -999.250 -999.250 -999.250 -999.250 -999.250 -999.250 -999.250 -999.250
22.319 22.489 22.600 22.131 23.056 22.056 24.522 25.567 24.191 22.340 21.414 22.046 19.671 20.777 20.356 18.646 17.365 17.785 19.729 -999.250 -999.250 -999.250 -999.250 -999.250 -999.250 -999.250 -999.250 -999.250 -999.250 -999.250 -999.250 -999.250 -999.250 -999.250 -999.250 -999.250 -999.250 -999.250 -999.250 -999.250 -999.250 -999.250 -999.250 -999.250 -999.250 -999.250 -999.250 -999.250 -999.250 -999.250 -999.250 -999.250 -999.250 -999.250 -999.250 -999.250 -999.250 -999.250 -999.250 -999.250 -999.250 -999.250 -999.250 -999.250 -999.250 -999.250 -999.250 -999.250
20.337 21.350 24.011 21.747 21.523 20.810 21.837 19.104 22.359 19.135 17.265 17.097 16.348 16.967 15.951 17.176 19.369 18.226 16.015 18.642 -999.250 -999.250 -999.250 -999.250 -999.250 -999.250 -999.250 -999.250 -999.250 -999.250 -999.250 -999.250 -999.250 -999.250 -999.250 -999.250 -999.250 -999.250 -999.250 -999.250 -999.250 -999.250 -999.250 -999.250 -999.250 -999.250 -999.250 -999.250 -999.250 -999.250 -999.250 -999.250 -999.250 -999.250 -999.250 -999.250 -999.250 -999.250 -999.250 -999.250 -999.250 -999.250 -999.250 -999.250 -999.250 -999.250 -999.250 -999.250
18.317 20.448 20.331 18.387 18.077 21.032 17.238 17.383 18.341 19.162 17.017 16.510 14.726 11.648 13.022 15.012 17.136 16.689 13.989 13.773 15.160 -999.250 -999.250 -999.250 -999.250 -999.250 -999.250 -999.250 -999.250 -999.250 -999.250 -999.250 -999.250 -999.250 -999.250 -999.250 -999.250 -999.250 -999.250 -999.250 -999.250 -999.250 -999.250 -999.250 -999.250 -999.250 -999.250 -999.250 -999.250 -999.250 -999.250 -999.250 -999.250 -999.250 -999.250 -999.250 -999.250 -999.250 -999.250 -999.250 -999.250 -999.250 -999.250 -999.250 -999.250 -999.250 -999.250 -999.250
20.434 18.754 18.248 18.293 16.152 18.554 15.804 17.110 13.449 15.973 13.321 13.161 10.415 9.575 7.341 13.174 12.834 12.168 12.012 12.626 11.601 -999.250 -999.250 -999.250 -999.250 -999.250 -999.250 -999.250 -999.250 -999.250 -999.250 -999.250 -999.250 -999.250 -999.250 -999.250 -999.250 -999.250 -999.250 -999.250 -999.250 -999.250 -999.250 -999.250 -999.250 -999.250 -999.250 -999.250 -999.250 -999.250 -999.250 -999.250 -999.250 -999.250 -999.250 -999.250 -999.250 -999.250 -999.250 -999.250 -999.250 -999.250 -999.250 -999.250 -999.250 -999.250 -999.250 -999.250
15.778 15.823 16.480 15.698 16.965 16.771 17.349 16.510 15.393 12.853 12.056 11.338 5.979 0.000 2.886 9.709 11.297 14.052 11.306 10.633 13.094 10.683 9.968 -999.250 -999.250 -999.250 -999.250 -999.250 -999.250 -999.250 -999.250 -999.250 -999.250 -999.250 -999.250 -999.250 -999.250 -999.250 -999.250 -999.250 -999.250 -999.250 -999.250 -999.250 -999.250 -999.250 -999.250 -999.250 -999.250 -999.250 -999.250 -999.250 -999.250 -999.250 -999.250 -999.250 -999.250 -999.250 -999.250 -999.250 -999.250 -999.250 -999.250 -999.250 -999.250 -999.250 -999.250 -999.250
15.626 12.808 14.302 12.633 15.351 15.286 13.459 15.710 12.423 11.852 11.897 7.852 8.863 3.987 5.476 9.616 12.055 14.252 12.519 9.457 8.991 8.365 9.353 9.818 -999.250 -999.250 -999.250 -999.250 -999.250 -999.250 -999.250 -999.250 -999.250 -999.250 -999.250 -999.250 -999.250 -999.250 -999.250 -999.250 -999.250 -999.250 -999.250 -999.250 -999.250 -999.250 -999.250 -999.250 -999.250 -999.250 -999.250 -999.250 -999.250 -999.250 -999.250 -999.250 -999.250 -999.250 -999.250 -999.250 -999.250 -999.250 -999.250 -999.250 -999.250 -999.250 -999.250 -999.250
11.719 9.693 7.679 11.019 10.553 11.574 11.576 12.869 15.296 14.065 12.183 9.402 6.051 7.558 11.949 12.809 13.160 12.617 11.710 10.144 6.801 5.913 4.517 8.508 -999.250 -999.250 -999.250 -999.250 -999.250 -999.250 -999.250 -999.250 -999.250 -999.250 -999.250 -999.250 -999.250 -999.250 -999.250 -999.250 -999.250 -999.250 -999.250 -999.250 -999.250 -999.250 -999.250 -999.250 -999.250 -999.250 -999.250 -999.250 -999.250 -999.250 -999.250 -999.250 -999.250 -999.250 -999.250 -999.250 -999.250 -999.250 -999.250 -999.250 -999.250 -999.250 -999.250 -999.250
9.348 0.000 4.402 9.832 11.070 12.867 11.496 13.104 12.915 12.064 13.929 8.692 7.932 8.520 10.454 12.358 12.716 11.724 10.698 12.587 7.071 5.792 0.000 8.730 14.683 17.825 15.156 -999.250 -999.250 -999.250 -999.250 -999.250 -999.250 -999.250 -999.250 -999.250 -999.250 -999.250 -999.250 -999.250 -999.250 -999.250 -999.250 -999.250 -999.250 -999.250 -999.250 -999.250 -999.250 -999.250 -999.250 -999.250 -999.250 -999.250 -999.250 -999.250 -999.250 -999.250 -999.250 -999.250 -999.250 -999.250 -999.250 -999.250 -999.250 -999.250 -999.250 -999.250
7.702 2.989 7.518 8.790 12.813 12.574 13.472 10.246 10.300 10.017 13.878 8.447 9.419 9.664 10.409 11.409 10.832 11.845 12.789 9.398 9.134 7.973 10.988 14.194 19.604 22.152 21.359 21.345 -999.250 -999.250 -999.250 -999.250 -999.250 -999.250 -999.250 -999.250 -999.250 -999.250 -999.250 -999.250 -999.250 -999.250 -999.250 -999.250 -999.250 -999.250 -999.250 -999.250 -999.250 -999.250 -999.250 -999.250 -999.250 -999.250 -999.250 -999.250 -999.250 -999.250 -999.250 -999.250 -999.250 -999.250 -999.250 -999.250 -999.250 -999.250 -999.250 -999.250
