data/medianmodel_27-Feb-2021.asc
ncols	141
nrows	288
xllcorner	-120191.398
yllcorner	-301404.813
cellsize	2000.000
NODATA_value	-999.250
[rows 145 to 173 of 288, columns 66 to 131 of 141]
70.856 75.142 80.595 84.223 80.189 82.194 80.718 82.401 83.617 78.453 82.638 79.203 74.415 75.224 76.685 82.495 84.972 84.889 92.537 98.447 108.577 108.971 116.994 116.604 118.571 -999.250 -999.250 -999.250 -999.250 -999.250 -999.250 -999.250 -999.250 -999.250 -999.250 -999.250 -999.250 -999.250 -999.250 -999.250 -999.250 -999.250 -999.250 -999.250 -999.250 -999.250 -999.250 -999.250 -999.250 -999.250 -999.250 -999.250 -999.250 -999.250 -999.250 -999.250 -999.250 -999.250 -999.250 -999.250 -999.250 -999.250 -999.250 -999.250 -999.250 -999.250
72.246 82.255 87.367 85.834 87.805 86.016 81.995 80.662 87.025 88.717 84.393 79.286 79.705 78.070 80.638 87.404 89.793 95.613 96.275 99.743 107.715 122.422 123.061 125.593 126.857 131.846 -999.250 -999.250 -999.250 -999.250 -999.250 -999.250 -999.250 -999.250 -999.250 -999.250 -999.250 -999.250 -999.250 -999.250 -999.250 -999.250 -999.250 -999.250 -999.250 -999.250 -999.250 -999.250 -999.250 -999.250 -999.250 -999.250 -999.250 -999.250 -999.250 -999.250 -999.250 -999.250 -999.250 -999.250 -999.250 -999.250 -999.250 -999.250 -999.250 -999.250
81.476 81.018 84.757 88.833 88.205 92.863 87.164 84.970 87.761 83.766 83.933 78.679 76.893 77.391 81.537 81.773 86.873 92.538 101.828 99.562 111.604 120.673 121.928 125.631 137.439 130.137 -999.250 -999.250 -999.250 -999.250 -999.250 -999.250 -999.250 -999.250 -999.250 -999.250 -999.250 -999.250 -999.250 -999.250 -999.250 -999.250 -999.250 -999.250 -999.250 -999.250 -999.250 -999.250 -999.250 -999.250 -999.250 -999.250 -999.250 -999.250 -999.250 -999.250 -999.250 -999.250 -999.250 -999.250 -999.250 -999.250 -999.250 -999.250 -999.250 -999.250
83.845 85.167 90.347 91.940 94.672 96.056 91.211 87.674 86.826 82.008 82.895 78.495 75.894 75.651 77.075 80.745 86.329 88.453 98.168 107.173 114.411 117.427 123.147 131.234 137.033 134.884 134.700 139.127 143.321 -999.250 -999.250 -999.250 -999.250 -999.250 -999.250 -999.250 -999.250 -999.250 -999.250 -999.250 -999.250 -999.250 -999.250 -999.250 -999.250 -999.250 -999.250 -999.250 -999.250 -999.250 -999.250 -999.250 -999.250 -999.250 -999.250 -999.250 -999.250 -999.250 -999.250 -999.250 -999.250 -999.250 -999.250 -999.250 -999.250 -999.250
84.628 86.877 89.153 94.134 93.201 89.948 86.286 84.532 83.559 79.918 76.394 73.639 69.889 67.995 71.636 78.780 79.641 90.893 99.319 96.556 102.144 118.977 123.087 126.043 132.351 136.460 138.720 142.476 138.522 147.236 -999.250 -999.250 -999.250 -999.250 -999.250 -999.250 -999.250 -999.250 -999.250 -999.250 -999.250 -999.250 -999.250 -999.250 -999.250 -999.250 -999.250 -999.250 -999.250 -999.250 -999.250 -999.250 -999.250 -999.250 -999.250 -999.250 -999.250 -999.250 -999.250 -999.250 -999.250 -999.250 -999.250 -999.250 -999.250 -999.250
79.903 85.221 92.153 92.587 90.507 88.454 87.116 82.584 81.876 77.572 70.689 70.888 69.312 69.173 71.357 76.314 76.622 81.713 91.188 100.007 102.487 114.438 124.722 129.972 136.773 139.882 140.639 134.726 142.603 -999.250 -999.250 -999.250 -999.250 -999.250 -999.250 -999.250 -999.250 -999.250 -999.250 -999.250 -999.250 -999.250 -999.250 -999.250 -999.250 -999.250 -999.250 -999.250 -999.250 -999.250 -999.250 -999.250 -999.250 -999.250 -999.250 -999.250 -999.250 -999.250 -999.250 -999.250 -999.250 -999.250 -999.250 -999.250 -999.250 -999.250
77.724 79.981 83.133 89.027 88.486 86.857 84.092 84.309 80.599 80.121 73.673 68.133 70.972 69.170 69.188 74.219 71.247 77.596 86.219 88.068 96.512 107.411 123.096 124.449 128.147 133.303 142.104 133.021 138.938 -999.250 -999.250 -999.250 -999.250 -999.250 -999.250 -999.250 -999.250 -999.250 -999.250 -999.250 -999.250 -999.250 -999.250 -999.250 -999.250 -999.250 -999.250 -999.250 -999.250 -999.250 -999.250 -999.250 -999.250 -999.250 -999.250 -999.250 -999.250 -999.250 -999.250 -999.250 -999.250 -999.250 -999.250 -999.250 -999.250 -999.250
76.240 75.670 80.296 82.023 82.242 86.109 79.665 82.104 72.727 72.076 68.533 68.206 67.624 63.456 69.170 71.819 68.514 77.452 77.445 83.175 89.281 96.913 109.325 116.242 122.495 129.311 138.708 140.290 135.120 -999.250 -999.250 -999.250 -999.250 -999.250 -999.250 -999.250 -999.250 -999.250 -999.250 -999.250 -999.250 -999.250 -999.250 -999.250 -999.250 -999.250 -999.250 -999.250 -999.250 -999.250 -999.250 -999.250 -999.250 -999.250 -999.250 -999.250 -999.250 -999.250 -999.250 -999.250 -999.250 -999.250 -999.250 -999.250 -999.250 -999.250
75.491 78.203 80.616 81.452 79.526 76.150 78.715 75.387 69.572 66.054 59.970 60.912 60.581 57.222 67.421 66.823 65.158 65.093 77.811 79.631 83.876 93.472 102.767 111.257 116.925 129.969 135.372 142.311 137.590 -999.250 -999.250 -999.250 -999.250 -999.250 -999.250 -999.250 -999.250 -999.250 -999.250 -999.250 -999.250 -999.250 -999.250 -999.250 -999.250 -999.250 -999.250 -999.250 -999.250 -999.250 -999.250 -999.250 -999.250 -999.250 -999.250 -999.250 -999.250 -999.250 -999.250 -999.250 -999.250 -999.250 -999.250 -999.250 -999.250 -999.250
67.516 67.296 75.122 75.317 73.578 71.150 69.101 64.061 58.217 58.907 59.227 58.208 56.104 56.859 65.878 63.564 62.076 64.525 68.959 73.295 77.597 87.446 89.632 97.957 105.906 124.073 133.112 133.093 133.446 -999.250 -999.250 -999.250 -999.250 -999.250 -999.250 -999.250 -999.250 -999.250 -999.250 -999.250 -999.250 -999.250 -999.250 -999.250 -999.250 -999.250 -999.250 -999.250 -999.250 -999.250 -999.250 -999.250 -999.250 -999.250 -999.250 -999.250 -999.250 -999.250 -999.250 -999.250 -999.250 -999.250 -999.250 -999.250 -999.250 -999.250
65.612 65.542 70.538 69.126 66.633 69.802 64.611 62.367 55.775 55.685 52.852 50.031 48.882 55.491 56.607 54.688 59.410 65.025 69.195 70.574 73.006 79.239 86.804 92.693 102.479 117.449 126.326 136.502 131.026 -999.250 -999.250 -999.250 -999.250 -999.250 -999.250 -999.250 -999.250 -999.250 -999.250 -999.250 -999.250 -999.250 -999.250 -999.250 -999.250 -999.250 -999.250 -999.250 -999.250 -999.250 -999.250 -999.250 -999.250 -999.250 -999.250 -999.250 -999.250 -999.250 -999.250 -999.250 -999.250 -999.250 -999.250 -999.250 -999.250 -999.250
63.201 66.689 65.336 66.409 64.057 64.760 60.330 57.041 53.574 54.677 46.970 48.342 48.254 44.962 48.870 56.050 59.014 60.391 65.517 70.609 72.138 75.139 80.390 82.357 93.766 103.341 115.346 127.949 128.937 134.386 -999.250 -999.250 -999.250 -999.250 -999.250 -999.250 -999.250 -999.250 -999.250 -999.250 -999.250 -999.250 -999.250 -999.250 -999.250 -999.250 -999.250 -999.250 -999.250 -999.250 -999.250 -999.250 -999.250 -999.250 -999.250 -999.250 -999.250 -999.250 -999.250 -999.250 -999.250 -999.250 -999.250 -999.250 -999.250 -999.250
65.460 65.690 63.559 57.952 56.245 61.770 57.761 51.719 49.566 48.557 51.941 43.709 41.797 47.587 46.784 54.675 59.005 60.673 65.583 70.609 68.961 73.034 76.557 80.009 82.276 91.395 112.693 120.224 140.280 145.917 157.141 -999.250 -999.250 -999.250 -999.250 -999.250 -999.250 -999.250 -999.250 -999.250 -999.250 -999.250 -999.250 -999.250 -999.250 -999.250 -999.250 -999.250 -999.250 -999.250 -999.250 -999.250 -999.250 -999.250 -999.250 -999.250 -999.250 -999.250 -999.250 -999.250 -999.250 -999.250 -999.250 -999.250 -999.250 -999.250
62.430 60.335 56.527 55.922 55.740 57.702 53.888 50.495 45.264 45.360 48.900 37.527 32.715 38.834 48.459 52.661 56.541 63.918 68.217 75.258 75.327 77.331 77.457 80.821 72.163 88.445 113.020 132.218 139.545 160.370 176.381 180.237 -999.250 -999.250 -999.250 -999.250 -999.250 -999.250 -999.250 -999.250 -999.250 -999.250 -999.250 -999.250 -999.250 -999.250 -999.250 -999.250 -999.250 -999.250 -999.250 -999.250 -999.250 -999.250 -999.250 -999.250 -999.250 -999.250 -999.250 -999.250 -999.250 -999.250 -999.250 -999.250 -999.250 -999.250
58.690 57.548 51.289 52.379 52.738 51.576 47.847 44.664 44.561 45.516 43.366 37.909 30.565 34.447 40.935 53.308 56.850 64.947 71.028 78.777 82.487 83.311 88.260 90.086 94.145 110.389 128.219 155.332 157.591 168.855 186.079 181.653 -999.250 -999.250 -999.250 -999.250 -999.250 -999.250 -999.250 -999.250 -999.250 -999.250 -999.250 -999.250 -999.250 -999.250 -999.250 -999.250 -999.250 -999.250 -999.250 -999.250 -999.250 -999.250 -999.250 -999.250 -999.250 -999.250 -999.250 -999.250 -999.250 -999.250 -999.250 -999.250 -999.250 -999.250
53.823 52.068 50.243 55.089 48.280 50.998 47.264 38.460 30.123 34.008 35.326 35.297 30.243 33.724 38.543 48.271 61.437 66.178 74.554 83.618 90.987 93.119 106.099 108.347 122.731 132.618 144.483 168.821 186.491 191.938 195.644 200.986 -999.250 -999.250 -999.250 -999.250 -999.250 -999.250 -999.250 -999.250 -999.250 -999.250 -999.250 -999.250 -999.250 -999.250 -999.250 -999.250 -999.250 -999.250 -999.250 -999.250 -999.250 -999.250 -999.250 -999.250 -999.250 -999.250 -999.250 -999.250 -999.250 -999.250 -999.250 -999.250 -999.250 -999.250
54.958 53.968 48.174 48.167 49.499 45.853 49.442 40.202 36.635 41.448 36.393 31.632 31.295 30.509 38.568 46.262 57.238 70.022 82.322 89.326 101.410 115.630 113.305 132.682 141.786 160.501 176.173 180.128 206.564 206.591 207.221 222.140 -999.250 -999.250 -999.250 -999.250 -999.250 -999.250 -999.250 -999.250 -999.250 -999.250 -999.250 -999.250 -999.250 -999.250 -999.250 -999.250 -999.250 -999.250 -999.250 -999.250 -999.250 -999.250 -999.250 -999.250 -999.250 -999.250 -999.250 -999.250 -999.250 -999.250 -999.250 -999.250 -999.250 -999.250
47.835 46.722 46.619 46.373 47.901 45.243 44.643 40.817 40.945 36.489 36.694 27.779 27.212 32.029 34.441 39.316 57.641 74.142 92.035 106.573 119.104 125.888 133.059 145.257 163.482 185.204 203.093 203.933 220.625 231.273 235.996 227.570 -999.250 -999.250 -999.250 -999.250 -999.250 -999.250 -999.250 -999.250 -999.250 -999.250 -999.250 -999.250 -999.250 -999.250 -999.250 -999.250 -999.250 -999.250 -999.250 -999.250 -999.250 -999.250 -999.250 -999.250 -999.250 -999.250 -999.250 -999.250 -999.250 -999.250 -999.250 -999.250 -999.250 -999.250
48.857 48.115 45.481 47.724 46.121 47.757 45.152 43.626 41.922 35.839 35.268 35.201 35.378 36.027 32.646 31.596 58.441 81.624 100.434 128.177 143.966 156.526 168.931 176.237 187.941 203.174 220.489 237.902 243.821 248.438 258.931 239.650 252.172 -999.250 -999.250 -999.250 -999.250 -999.250 -999.250 -999.250 -999.250 -999.250 -999.250 -999.250 -999.250 -999.250 -999.250 -999.250 -999.250 -999.250 -999.250 -999.250 -999.250 -999.250 -999.250 -999.250 -999.250 -999.250 -999.250 -999.250 -999.250 -999.250 -999.250 -999.250 -999.250 -999.250
43.816 46.668 45.205 49.994 43.680 47.093 49.323 45.219 40.016 43.891 40.966 40.957 49.092 52.693 52.641 57.724 77.110 93.302 119.392 144.973 164.705 180.847 190.546 200.390 211.490 220.800 238.437 247.758 252.585 259.405 257.524 263.611 271.813 265.082 -999.250 -999.250 -999.250 -999.250 -999.250 -999.250 -999.250 -999.250 -999.250 -999.250 -999.250 -999.250 -999.250 -999.250 -999.250 -999.250 -999.250 -999.250 -999.250 -999.250 -999.250 -999.250 -999.250 -999.250 -999.250 -999.250 -999.250 -999.250 -999.250 -999.250 -999.250 -999.250
46.030 46.827 50.701 52.652 48.951 45.121 47.004 53.152 52.085 52.556 50.557 50.914 60.105 63.330 70.740 82.238 94.737 117.068 131.807 157.855 179.155 187.217 201.388 219.114 232.914 244.822 258.665 267.353 273.924 272.203 274.810 283.301 298.873 278.444 265.315 261.233 217.898 -999.250 -999.250 -999.250 -999.250 -999.250 -999.250 -999.250 -999.250 -999.250 -999.250 -999.250 -999.250 -999.250 -999.250 -999.250 -999.250 -999.250 -999.250 -999.250 -999.250 -999.250 -999.250 -999.250 -999.250 -999.250 -999.250 -999.250 -999.250 -999.250
46.613 42.892 50.359 48.225 52.432 52.935 52.347 56.046 57.440 59.551 64.279 68.282 73.715 79.766 88.783 103.935 121.893 135.395 158.078 177.260 200.368 217.363 218.728 234.619 250.881 262.644 279.073 288.594 290.746 294.039 310.871 314.638 314.616 324.077 284.591 244.051 224.014 -999.250 -999.250 -999.250 -999.250 -999.250 -999.250 -999.250 -999.250 -999.250 -999.250 -999.250 -999.250 -999.250 -999.250 -999.250 -999.250 -999.250 -999.250 -999.250 -999.250 -999.250 -999.250 -999.250 -999.250 -999.250 -999.250 -999.250 -999.250 -999.250
51.549 46.925 48.962 51.341 53.901 55.445 58.245 59.231 60.090 71.171 73.169 78.491 85.843 93.617 115.373 126.985 142.546 153.895 181.755 194.505 211.302 227.625 240.433 258.726 269.696 284.165 286.414 297.918 320.314 325.733 331.515 357.824 366.099 339.379 288.373 267.216 -999.250 -999.250 -999.250 -999.250 -999.250 -999.250 -999.250 -999.250 -999.250 -999.250 -999.250 -999.250 -999.250 -999.250 -999.250 -999.250 -999.250 -999.250 -999.250 -999.250 -999.250 -999.250 -999.250 -999.250 -999.250 -999.250 -999.250 -999.250 -999.250 -999.250
51.029 45.919 51.744 53.589 58.359 62.706 65.929 68.487 69.007 76.931 82.015 93.222 102.999 112.182 128.229 142.500 157.763 171.167 191.661 218.380 227.444 234.196 256.134 271.515 281.184 296.054 313.051 322.435 337.338 350.422 354.885 381.149 377.248 352.197 296.369 273.381 -999.250 -999.250 -999.250 171.118 139.982 125.023 -999.250 -999.250 -999.250 -999.250 -999.250 -999.250 -999.250 -999.250 -999.250 -999.250 -999.250 -999.250 -999.250 -999.250 -999.250 -999.250 -999.250 -999.250 -999.250 -999.250 -999.250 -999.250 -999.250 -999.250
52.430 54.223 58.855 62.071 60.361 67.728 71.805 71.781 78.092 84.953 91.206 104.597 114.798 128.593 152.695 169.152 174.252 199.346 210.871 242.087 254.465 254.702 274.876 276.263 322.748 326.379 337.316 334.999 353.292 360.150 384.151 410.305 425.532 360.736 324.203 287.745 257.232 221.222 206.985 178.171 136.298 113.450 101.680 -999.250 -999.250 -999.250 -999.250 -999.250 -999.250 -999.250 -999.250 -999.250 -999.250 -999.250 -999.250 -999.250 -999.250 -999.250 -999.250 -999.250 -999.250 -999.250 -999.250 -999.250 -999.250 -999.250
54.869 55.862 62.901 65.114 70.638 74.637 80.376 84.641 95.498 95.660 101.537 115.827 124.586 145.710 168.124 186.882 191.944 209.236 235.422 247.281 254.413 264.944 289.099 327.346 318.522 337.889 347.733 363.734 351.335 359.399 365.442 381.096 373.711 353.495 335.871 271.875 252.200 221.218 193.981 157.397 129.850 101.600 93.751 83.760 -999.250 -999.250 -999.250 -999.250 -999.250 -999.250 -999.250 -999.250 -999.250 -999.250 -999.250 -999.250 -999.250 -999.250 -999.250 -999.250 -999.250 -999.250 -999.250 -999.250 -999.250 -999.250
61.099 63.887 68.181 75.417 81.218 84.544 84.228 93.572 101.203 108.239 121.479 131.831 141.497 155.209 184.079 194.388 201.858 221.028 239.297 251.571 257.965 286.499 295.995 315.899 344.312 366.255 371.513 379.300 352.195 352.210 339.443 340.803 361.210 335.414 294.359 276.816 241.378 216.137 180.301 152.709 126.072 106.114 85.318 81.633 -999.250 -999.250 -999.250 -999.250 -999.250 -999.250 -999.250 -999.250 -999.250 -999.250 -999.250 -999.250 -999.250 -999.250 -999.250 -999.250 -999.250 -999.250 -999.250 -999.250 -999.250 -999.250
67.569 66.319 75.632 80.619 87.917 96.449 101.756 107.236 119.480 122.107 128.980 140.305 149.760 162.020 180.557 189.354 209.794 224.389 238.883 257.234 270.615 300.420 311.039 319.593 364.893 403.361 402.845 351.823 330.983 331.835 328.369 348.782 357.012 313.078 283.615 263.921 245.974 212.161 181.849 156.217 127.684 101.114 86.740 73.995 -999.250 -999.250 -999.250 -999.250 -999.250 -999.250 -999.250 -999.250 -999.250 -999.250 -999.250 -999.250 -999.250 -999.250 -999.250 -999.250 -999.250 -999.250 -999.250 -999.250 -999.250 -999.250
72.871 77.839 85.939 86.585 96.766 113.405 113.490 124.894 130.524 131.093 138.909 142.790 157.234 172.487 182.269 196.045 217.690 227.004 246.951 257.997 273.853 279.461 302.888 344.130 370.983 355.804 374.805 344.002 333.754 300.829 330.884 333.144 317.565 289.614 277.494 254.269 231.108 200.425 177.584 146.602 124.025 101.252 89.228 74.870 62.950 -999.250 -999.250 -999.250 -999.250 -999.250 -999.250 -999.250 -999.250 -999.250 -999.250 -999.250 -999.250 -999.250 -999.250 -999.250 -999.250 -999.250 -999.250 -999.250 -999.250 -999.250
