data/medianmodel_03-Sep-2020.asc
ncols	141
nrows	288
xllcorner	-120191.398
yllcorner	-301404.813
cellsize	2000.000
NODATA_value	-999.250
[rows 248 to 278 of 288, columns 0 to 68 of 141]
-999.250 -999.250 -999.250 -999.250 -999.250 -999.250 -999.250 -999.250 -999.250 -999.250 -999.250 -999.250 -999.250 -999.250 -999.250 -999.250 -999.250 -999.250 -999.250 -999.250 -999.250 -999.250 -999.250 -999.250 -999.250 -999.250 -999.250 -999.250 -999.250 -999.250 17.276 16.886 16.952 16.523 18.014 19.573 21.228 20.893 24.297 24.052 19.975 18.840 14.649 8.795 8.889 7.004 5.099 4.964 0.486 0.059 0.000 0.000 0.000 0.000 0.000 0.000 0.000 1.773 4.338 5.855 8.077 10.095 11.111 11.203 9.766 10.761 9.944 10.503 9.349
-999.250 -999.250 -999.250 -999.250 -999.250 -999.250 -999.250 -999.250 -999.250 -999.250 -999.250 -999.250 -999.250 -999.250 -999.250 -999.250 -999.250 -999.250 -999.250 -999.250 -999.250 -999.250 -999.250 -999.250 -999.250 -999.250 -999.250 -999.250 -999.250 -999.250 16.293 15.497 15.662 16.934 18.338 18.384 22.298 22.859 25.547 26.327 23.521 20.179 16.296 10.132 8.571 7.166 5.694 3.253 1.813 0.000 0.000 0.000 0.000 0.000 0.000 0.000 0.000 0.000 2.662 3.889 5.819 6.624 7.598 8.101 8.294 9.576 8.577 8.023 8.586
-999.250 -999.250 -999.250 -999.250 -999.250 -999.250 -999.250 -999.250 -999.250 -999.250 -999.250 -999.250 -999.250 -999.250 -999.250 -999.250 -999.250 -999.250 -999.250 -999.250 -999.250 -999.250 -999.250 -999.250 -999.250 -999.250 -999.250 -999.250 -999.250 -999.250 15.664 13.142 13.063 14.236 17.582 19.827 21.509 21.481 26.175 27.959 25.611 22.218 16.289 12.501 9.904 6.699 5.116 4.390 0.385 0.000 0.000 0.000 0.000 0.000 0.000 0.000 0.000 0.000 0.000 3.335 3.567 3.878 5.102 6.332 6.143 5.591 6.920 6.975 6.627
-999.250 -999.250 -999.250 -999.250 -999.250 -999.250 -999.250 -999.250 -999.250 -999.250 -999.250 -999.250 -999.250 -999.250 -999.250 -999.250 -999.250 -999.250 -999.250 -999.250 -999.250 -999.250 -999.250 -999.250 -999.250 -999.250 -999.250 -999.250 -999.250 -999.250 17.403 14.706 16.011 12.054 17.846 18.844 19.766 22.785 26.603 32.366 26.473 23.100 18.089 13.340 11.531 7.498 4.692 3.609 1.787 0.000 0.000 0.000 0.000 0.000 0.000 0.000 0.000 0.000 0.000 0.000 0.000 1.746 0.910 2.778 4.644 5.011 5.241 5.331 5.610
-999.250 -999.250 -999.250 -999.250 -999.250 -999.250 -999.250 -999.250 -999.250 -999.250 -999.250 -999.250 -999.250 -999.250 -999.250 -999.250 -999.250 -999.250 -999.250 -999.250 -999.250 -999.250 -999.250 -999.250 -999.250 -999.250 -999.250 -999.250 -999.250 13.220 14.115 13.461 11.608 11.546 18.791 20.215 21.005 24.759 25.927 24.960 25.670 20.449 17.656 16.452 9.812 6.923 4.484 0.640 0.000 0.000 0.000 0.000 0.000 0.000 0.000 0.000 0.000 0.000 0.000 0.000 0.000 0.000 0.000 0.000 0.520 1.704 2.554 2.966 2.514
-999.250 -999.250 -999.250 -999.250 -999.250 -999.250 -999.250 -999.250 -999.250 -999.250 -999.250 -999.250 -999.250 -999.250 -999.250 -999.250 -999.250 -999.250 -999.250 -999.250 -999.250 -999.250 -999.250 -999.250 -999.250 -999.250 -999.250 -999.250 -999.250 -999.250 15.867 10.980 12.380 14.804 15.869 16.681 17.552 19.896 20.319 19.475 19.352 18.651 15.349 10.622 8.043 7.000 4.513 0.896 0.646 0.000 0.000 0.000 0.000 0.000 0.000 0.000 0.000 0.000 0.000 0.000 0.000 0.000 0.000 0.000 0.000 0.687 0.612 2.260 0.193
-999.250 -999.250 -999.250 -999.250 -999.250 -999.250 -999.250 -999.250 -999.250 -999.250 -999.250 -999.250 -999.250 -999.250 -999.250 -999.250 -999.250 -999.250 -999.250 -999.250 -999.250 -999.250 -999.250 -999.250 -999.250 -999.250 -999.250 -999.250 -999.250 -999.250 14.063 11.073 11.904 16.339 13.670 17.849 16.626 16.289 14.848 16.841 16.851 12.816 12.785 9.253 7.323 4.684 2.023 0.658 0.006 0.000 0.000 0.000 0.000 0.000 0.000 0.000 0.000 0.000 0.000 0.000 0.000 0.000 0.000 0.000 0.000 0.000 0.000 1.121 0.000
-999.250 -999.250 -999.250 -999.250 -999.250 -999.250 -999.250 -999.250 -999.250 -999.250 -999.250 -999.250 -999.250 -999.250 -999.250 -999.250 -999.250 -999.250 -999.250 -999.250 -999.250 -999.250 -999.250 -999.250 -999.250 -999.250 -999.250 -999.250 -999.250 -999.250 -999.250 11.002 9.564 9.957 12.769 12.834 12.710 13.648 16.088 14.226 9.786 10.119 10.387 7.308 6.855 5.004 2.841 0.040 0.000 0.000 0.000 0.000 0.000 0.000 0.000 0.000 0.000 0.000 0.000 0.000 0.000 0.000 0.000 0.000 0.000 0.000 0.000 0.000 0.454
-999.250 -999.250 -999.250 -999.250 -999.250 -999.250 -999.250 -999.250 -999.250 -999.250 -999.250 -999.250 -999.250 -999.250 -999.250 -999.250 -999.250 -999.250 -999.250 -999.250 -999.250 -999.250 -999.250 -999.250 -999.250 -999.250 -999.250 -999.250 -999.250 -999.250 -999.250 7.630 8.449 7.442 7.909 7.760 9.853 9.349 9.059 10.226 8.799 8.201 7.453 5.690 6.017 4.571 1.376 0.000 0.000 0.000 0.000 0.000 0.000 0.000 0.000 0.000 0.000 0.000 0.000 0.000 0.000 0.000 0.000 0.000 0.000 0.000 0.000 0.000 0.000
-999.250 -999.250 -999.250 -999.250 -999.250 -999.250 -999.250 -999.250 -999.250 -999.250 -999.250 -999.250 -999.250 -999.250 -999.250 -999.250 -999.250 -999.250 -999.250 -999.250 -999.250 -999.250 -999.250 -999.250 -999.250 -999.250 -999.250 -999.250 -999.250 -999.250 7.073 8.217 5.863 7.178 8.840 5.470 6.147 9.133 7.369 8.598 8.600 6.371 6.896 5.697 4.138 2.958 0.526 0.000 0.000 0.000 0.000 0.000 0.000 0.000 0.000 0.000 0.000 0.000 0.000 0.000 0.000 0.000 0.000 0.000 0.000 0.000 0.000 0.000 0.000
-999.250 -999.250 -999.250 -999.250 -999.250 -999.250 -999.250 -999.250 -999.250 -999.250 -999.250 -999.250 -999.250 -999.250 -999.250 -999.250 -999.250 -999.250 -999.250 -999.250 -999.250 -999.250 -999.250 -999.250 -999.250 -999.250 -999.250 -999.250 -999.250 -999.250 7.501 6.791 7.308 5.781 6.242 5.995 5.938 6.876 5.629 5.403 6.039 5.420 4.440 5.153 4.347 2.368 0.000 0.000 0.000 0.000 0.000 0.000 0.000 0.000 0.000 0.000 0.000 0.000 0.000 0.000 0.000 0.000 0.000 0.000 0.000 0.000 0.000 0.000 0.000
-999.250 -999.250 -999.250 -999.250 -999.250 -999.250 -999.250 -999.250 -999.250 -999.250 -999.250 -999.250 -999.250 -999.250 -999.250 -999.250 -999.250 -999.250 -999.250 -999.250 -999.250 -999.250 -999.250 -999.250 -999.250 -999.250 -999.250 -999.250 -999.250 -999.250 5.627 2.014 4.357 4.684 5.897 6.513 5.450 5.714 4.744 4.559 4.315 5.196 5.552 4.704 3.519 2.663 1.971 0.943 0.079 0.000 0.000 0.000 0.000 0.000 0.000 0.000 0.000 0.000 0.000 0.000 0.000 0.000 0.000 0.000 0.000 0.000 0.000 0.000 0.063
-999.250 -999.250 -999.250 -999.250 -999.250 -999.250 -999.250 -999.250 -999.250 -999.250 -999.250 -999.250 -999.250 -999.250 -999.250 -999.250 -999.250 -999.250 -999.250 -999.250 -999.250 -999.250 -999.250 -999.250 -999.250 -999.250 -999.250 -999.250 -999.250 -999.250 2.543 1.522 3.147 1.890 4.343 2.480 3.529 4.916 3.861 3.564 3.947 5.031 3.968 2.462 4.031 1.218 1.396 0.971 0.000 0.000 0.000 0.000 0.043 0.000 0.000 0.000 1.296 0.167 0.000 0.000 0.000 0.166 0.000 0.485 0.044 0.429 0.393 1.286 1.534
-999.250 -999.250 -999.250 -999.250 -999.250 -999.250 -999.250 -999.250 -999.250 -999.250 -999.250 -999.250 -999.250 -999.250 -999.250 -999.250 -999.250 -999.250 -999.250 -999.250 -999.250 -999.250 -999.250 -999.250 -999.250 -999.250 -999.250 -999.250 -999.250 -999.250 0.823 0.000 0.000 0.000 0.000 0.009 0.000 0.000 0.000 0.296 1.398 1.657 0.979 0.752 0.149 0.098 0.220 0.000 0.000 0.000 0.000 0.525 2.459 1.770 2.531 2.568 3.058 2.034 1.488 4.248 4.784 3.828 3.099 4.340 3.474 3.520 1.867 4.595 4.603
-999.250 -999.250 -999.250 -999.250 -999.250 -999.250 -999.250 -999.250 -999.250 -999.250 -999.250 -999.250 -999.250 -999.250 -999.250 -999.250 -999.250 -999.250 -999.250 -999.250 -999.250 -999.250 -999.250 -999.250 -999.250 -999.250 -999.250 -999.250 -999.250 -999.250 0.000 0.000 0.000 0.000 0.000 0.000 0.000 0.000 0.000 0.000 0.000 0.071 0.000 0.441 0.612 0.000 0.113 0.491 0.000 0.000 0.135 1.934 3.972 3.713 4.072 4.314 5.093 5.267 6.742 6.065 9.382 8.835 8.812 6.277 7.772 6.660 5.669 5.391 5.242
-999.250 -999.250 -999.250 -999.250 -999.250 -999.250 -999.250 -999.250 -999.250 -999.250 -999.250 -999.250 -999.250 -999.250 -999.250 -999.250 -999.250 -999.250 -999.250 -999.250 -999.250 -999.250 -999.250 -999.250 -999.250 -999.250 -999.250 -999.250 -999.250 0.000 0.000 0.000 0.000 0.000 0.000 0.000 0.000 0.000 0.000 0.000 0.000 0.000 0.000 0.000 0.242 0.000 0.000 0.262 1.423 2.739 1.119 5.511 5.753 6.613 6.339 8.208 7.816 8.633 9.663 11.832 11.530 11.383 13.042 10.989 7.282 7.917 8.746 8.210 7.273
-999.250 -999.250 -999.250 -999.250 -999.250 -999.250 -999.250 -999.250 -999.250 -999.250 -999.250 -999.250 -999.250 -999.250 -999.250 -999.250 -999.250 -999.250 -999.250 -999.250 -999.250 -999.250 -999.250 -999.250 -999.250 -999.250 -999.250 -999.250 -999.250 0.000 0.000 0.000 0.000 0.000 0.000 0.000 0.000 0.000 0.000 0.000 0.000 0.000 0.000 0.000 0.311 0.000 0.658 1.293 2.596 4.365 5.810 6.509 7.068 9.102 9.863 9.926 9.843 13.059 11.465 14.600 13.304 12.542 14.054 11.973 9.139 10.002 11.349 9.920 8.536
-999.250 -999.250 -999.250 -999.250 -999.250 -999.250 -999.250 -999.250 -999.250 -999.250 -999.250 -999.250 -999.250 -999.250 -999.250 -999.250 -999.250 -999.250 -999.250 -999.250 -999.250 -999.250 -999.250 -999.250 -999.250 -999.250 -999.250 -999.250 0.000 0.000 0.000 0.000 0.000 0.000 0.000 0.000 0.000 0.000 0.000 0.000 0.000 0.000 0.000 0.000 0.000 0.000 1.308 3.602 4.801 5.985 6.647 8.837 10.408 14.870 16.087 18.476 17.538 18.102 19.373 18.553 18.697 22.911 20.578 20.240 14.264 14.065 16.010 14.952 10.875
-999.250 -999.250 -999.250 -999.250 -999.250 -999.250 -999.250 -999.250 -999.250 -999.250 -999.250 -999.250 -999.250 -999.250 -999.250 -999.250 -999.250 -999.250 -999.250 -999.250 -999.250 -999.250 -999.250 -999.250 -999.250 -999.250 -999.250 -999.250 0.000 0.000 0.000 0.000 0.000 0.000 0.000 0.000 0.000 0.000 0.000 0.000 0.000 0.000 0.000 0.000 0.004 2.943 2.496 4.749 5.897 7.127 8.956 10.982 12.146 16.751 18.741 22.163 22.131 22.059 22.167 20.153 22.670 25.977 28.124 23.693 23.099 25.621 23.280 21.134 19.722
-999.250 -999.250 -999.250 -999.250 -999.250 -999.250 -999.250 -999.250 -999.250 -999.250 -999.250 -999.250 -999.250 -999.250 -999.250 -999.250 -999.250 -999.250 -999.250 -999.250 -999.250 -999.250 -999.250 -999.250 -999.250 -999.250 -999.250 2.367 0.188 0.000 0.000 0.000 0.000 0.000 0.000 0.000 0.000 0.000 0.000 0.000 0.000 0.000 0.000 0.000 0.609 2.132 4.790 4.932 9.209 11.015 13.039 13.789 16.462 21.259 23.127 23.713 25.474 27.747 25.451 27.340 24.990 26.778 28.398 29.007 28.441 27.837 28.260 25.925 20.744
-999.250 -999.250 -999.250 -999.250 -999.250 -999.250 -999.250 -999.250 -999.250 -999.250 -999.250 -999.250 -999.250 -999.250 -999.250 -999.250 -999.250 -999.250 -999.250 -999.250 -999.250 -999.250 -999.250 -999.250 -999.250 -999.250 -999.250 2.925 0.484 0.000 0.000 0.000 0.000 0.000 0.000 0.000 0.000 0.000 0.000 0.000 0.000 0.000 0.000 0.174 1.579 3.268 5.782 7.709 10.640 11.884 14.168 16.717 19.416 22.437 26.005 28.843 30.072 29.805 30.893 31.461 29.986 32.611 33.811 35.409 37.470 35.028 32.779 28.332 23.865
-999.250 -999.250 -999.250 -999.250 -999.250 -999.250 -999.250 -999.250 -999.250 -999.250 -999.250 -999.250 -999.250 -999.250 -999.250 -999.250 -999.250 -999.250 -999.250 -999.250 -999.250 -999.250 -999.250 -999.250 -999.250 -999.250 -999.250 5.149 4.194 0.986 0.000 0.000 0.000 0.000 0.000 0.000 0.000 0.000 0.000 0.000 0.000 0.000 0.000 0.493 1.242 4.687 4.678 7.547 13.447 14.955 17.564 20.804 21.656 27.623 29.081 31.763 35.600 38.817 36.253 35.399 32.744 32.188 38.637 40.306 39.995 38.050 35.378 32.079 28.741
-999.250 -999.250 -999.250 -999.250 -999.250 -999.250 -999.250 -999.250 -999.250 -999.250 -999.250 -999.250 -999.250 -999.250 -999.250 -999.250 -999.250 -999.250 -999.250 -999.250 -999.250 -999.250 -999.250 -999.250 -999.250 -999.250 -999.250 6.193 3.531 2.547 0.000 0.000 0.000 0.000 0.000 0.000 0.000 0.000 0.000 0.000 0.000 0.000 0.396 1.063 3.464 5.226 5.587 7.562 13.426 18.301 20.321 23.799 25.576 31.221 30.698 36.327 38.809 42.069 42.531 43.719 41.788 39.890 41.676 42.529 43.773 36.479 36.648 34.203 30.916
-999.250 -999.250 -999.250 -999.250 -999.250 -999.250 -999.250 -999.250 -999.250 -999.250 -999.250 -999.250 -999.250 -999.250 -999.250 -999.250 -999.250 -999.250 -999.250 -999.250 -999.250 -999.250 -999.250 -999.250 -999.250 -999.250 -999.250 7.860 7.555 5.856 3.740 0.616 0.141 0.000 0.000 0.000 0.000 0.000 0.000 0.000 0.000 0.000 0.907 3.552 4.493 5.870 7.789 10.521 15.042 18.311 21.580 21.418 29.787 33.666 39.098 40.226 42.723 43.581 46.670 48.165 48.799 46.376 44.611 45.168 43.856 41.837 38.914 38.552 39.072
-999.250 -999.250 -999.250 -999.250 -999.250 -999.250 -999.250 -999.250 -999.250 -999.250 -999.250 -999.250 -999.250 -999.250 -999.250 -999.250 -999.250 -999.250 -999.250 -999.250 -999.250 -999.250 -999.250 -999.250 -999.250 -999.250 -999.250 13.590 11.077 6.841 6.435 4.125 0.596 0.000 0.000 0.000 0.000 0.000 0.000 1.067 1.127 2.173 3.061 3.706 5.254 6.794 10.298 12.444 14.723 20.856 20.722 25.775 26.005 34.165 37.991 43.395 43.742 46.876 50.962 53.291 49.802 55.778 50.634 51.582 50.510 45.848 45.675 43.219 39.447
-999.250 -999.250 -999.250 -999.250 -999.250 -999.250 -999.250 -999.250 -999.250 -999.250 -999.250 -999.250 -999.250 -999.250 -999.250 -999.250 -999.250 -999.250 -999.250 -999.250 -999.250 -999.250 -999.250 -999.250 -999.250 -999.250 23.344 17.641 16.127 10.897 9.093 6.438 4.566 2.858 1.882 2.307 0.631 0.219 1.584 3.599 3.545 4.781 5.233 6.290 7.458 9.719 14.529 14.481 18.243 20.659 23.195 23.940 27.217 34.309 40.591 43.535 44.530 49.859 52.599 57.278 54.386 57.501 56.893 53.229 52.103 51.390 48.531 45.309 44.446
-999.250 -999.250 -999.250 -999.250 -999.250 -999.250 -999.250 -999.250 -999.250 -999.250 -999.250 -999.250 -999.250 -999.250 -999.250 -999.250 -999.250 -999.250 -999.250 -999.250 -999.250 -999.250 -999.250 -999.250 -999.250 -999.250 26.702 21.931 21.789 16.635 13.667 8.970 8.427 5.791 4.604 4.982 3.540 3.665 4.452 5.090 6.484 8.545 8.750 8.358 10.092 10.535 12.786 15.795 19.179 20.729 24.203 26.458 31.098 36.326 39.471 44.250 47.657 48.735 56.703 62.060 62.739 64.737 63.142 60.622 57.939 58.518 51.439 50.729 47.023
-999.250 -999.250 -999.250 -999.250 -999.250 -999.250 -999.250 -999.250 -999.250 -999.250 -999.250 -999.250 -999.250 -999.250 -999.250 -999.250 -999.250 -999.250 -999.250 -999.250 -999.250 -999.250 -999.250 -999.250 -999.250 34.551 28.608 26.499 22.870 23.897 18.444 16.108 9.750 8.266 7.327 4.856 5.295 5.967 5.866 7.843 9.144 14.419 11.173 10.613 11.389 13.687 17.705 15.964 24.106 23.025 25.762 27.332 30.515 38.311 41.639 42.628 48.606 51.356 57.608 62.059 68.963 72.022 68.485 65.997 61.095 59.069 57.335 48.114 45.958
-999.250 -999.250 -999.250 -999.250 -999.250 -999.250 -999.250 -999.250 -999.250 -999.250 -999.250 -999.250 -999.250 -999.250 -999.250 -999.250 -999.250 -999.250 -999.250 -999.250 -999.250 -999.250 -999.250 -999.250 -999.250 37.369 33.648 29.686 28.861 28.235 20.741 18.758 16.376 11.035 8.974 7.901 6.389 7.134 7.496 9.580 11.693 10.697 9.829 11.943 13.298 18.037 19.592 20.706 25.338 27.073 28.850 30.964 34.391 37.379 44.811 44.389 51.402 56.847 55.288 62.168 69.632 77.422 78.556 74.967 70.825 61.809 54.660 46.549 43.297
-999.250 -999.250 -999.250 -999.250 -999.250 -999.250 -999.250 -999.250 -999.250 -999.250 -999.250 -999.250 -999.250 -999.250 -999.250 -999.250 -999.250 -999.250 -999.250 -999.250 -999.250 -999.250 -999.250 -999.250 -999.250 45.595 40.975 38.661 32.724 29.208 25.349 20.776 18.018 17.499 13.154 10.439 10.842 10.366 9.710 12.739 12.928 11.094 10.413 15.620 17.312 20.980 21.881 22.296 26.207 27.618 33.125 33.495 33.166 38.936 42.025 44.797 48.413 57.021 59.352 63.950 68.823 77.594 88.796 74.136 73.585 62.418 49.660 45.838 39.498
-999.250 -999.250 -999.250 -999.250 -999.250 -999.250 -999.250 -999.250 -999.250 -999.250 -999.250 -999.250 -999.250 -999.250 -999.250 -999.250 -999.250 -999.250 -999.250 -999.250 -999.250 -999.250 -999.250 -999.250 49.919 50.588 46.913 43.068 34.812 29.258 25.889 22.716 21.940 22.229 16.985 18.034 15.248 11.967 10.705 11.325 10.490 11.594 12.176 14.072 19.130 22.633 26.360 25.236 25.831 28.243 30.290 29.705 31.604 37.049 44.388 48.772 53.699 57.085 57.725 60.472 64.458 76.472 79.077 70.393 64.208 54.892 50.490 43.257 36.112
