data/medianmodel_01-Dec-2020.asc
ncols	141
nrows	288
xllcorner	-120191.398
yllcorner	-301404.813
cellsize	2000.000
NODATA_value	-999.250
[rows 58 to 86 of 288, columns 64 to 127 of 141]
814.132 804.075 712.929 619.235 535.218 514.587 552.724 627.058 680.591 759.598 847.855 882.544 1045.871 1204.649 1346.859 1287.221 1033.910 741.874 522.807 308.435 214.337 190.566 192.211 200.489 241.109 257.192 278.519 305.618 320.896 317.790 329.931 359.817 376.282 366.741 388.412 452.528 481.587 509.976 562.542 585.577 653.342 715.698 822.945 1002.766 1145.762 1292.718 1384.117 1540.658 1665.856 1849.640 1971.017 2043.356 2023.579 -999.250 -999.250 -999.250 -999.250 -999.250 -999.250 -999.250 -999.250 -999.250 -999.250 -999.250
822.262 711.515 628.499 554.759 535.813 545.900 615.864 628.167 637.091 731.899 823.469 889.542 1020.548 1040.140 1163.146 1159.156 920.946 702.097 505.967 354.065 246.195 204.069 202.051 219.263 248.597 281.388 297.821 329.632 313.842 321.809 345.152 350.949 365.570 386.652 420.606 449.790 496.270 510.324 575.874 555.139 642.754 686.459 826.506 938.246 1091.413 1259.877 1333.341 1470.446 1647.202 1805.220 1962.585 1988.239 -999.250 -999.250 -999.250 -999.250 -999.250 -999.250 -999.250 -999.250 -999.250 -999.250 -999.250 -999.250
731.498 656.964 626.862 564.286 517.311 537.553 563.884 587.310 621.244 649.773 715.959 770.972 928.219 980.875 1015.097 940.235 784.177 625.590 462.889 303.164 236.955 200.107 212.897 236.261 270.064 293.883 300.645 345.135 344.568 359.362 366.298 345.415 382.363 425.270 425.388 466.565 517.346 533.259 566.363 563.468 623.643 710.585 858.157 981.489 1086.277 1088.105 1271.315 1421.582 1559.133 1738.759 1857.768 1935.361 -999.250 -999.250 -999.250 -999.250 -999.250 -999.250 -999.250 -999.250 -999.250 -999.250 -999.250 -999.250
687.018 621.557 599.170 558.163 559.268 554.288 574.239 590.948 572.198 613.693 658.786 687.193 753.548 800.231 816.289 764.579 615.872 507.763 388.538 287.947 237.295 217.810 220.141 247.601 259.876 305.274 334.524 350.333 387.361 373.778 371.016 322.185 362.671 389.477 422.548 472.629 528.823 536.097 548.637 565.891 651.737 701.337 755.173 946.003 975.730 1088.655 1186.199 1244.715 1358.534 1588.501 1712.428 -999.250 -999.250 -999.250 -999.250 -999.250 -999.250 -999.250 -999.250 -999.250 -999.250 -999.250 -999.250 -999.250
630.022 596.325 612.298 571.502 558.395 525.729 567.259 547.957 580.779 548.442 512.558 601.090 629.483 649.686 660.109 590.513 509.130 393.344 286.425 217.169 201.937 207.235 217.767 236.689 252.651 308.689 350.448 390.551 384.005 366.088 340.918 340.691 316.727 351.783 380.438 455.092 486.527 516.676 514.240 554.585 633.884 677.575 707.282 843.401 915.549 995.528 -999.250 -999.250 -999.250 -999.250 -999.250 -999.250 -999.250 -999.250 -999.250 -999.250 -999.250 -999.250 -999.250 -999.250 -999.250 -999.250 -999.250 -999.250
579.476 556.935 525.710 571.799 513.563 512.353 570.833 527.889 531.467 505.334 506.776 521.555 543.920 549.786 544.369 474.072 417.943 301.348 164.339 182.955 171.848 185.050 213.783 250.407 265.462 326.125 352.825 385.951 381.707 350.634 321.109 327.876 313.258 317.937 363.715 432.372 462.412 501.961 525.181 544.381 592.634 648.938 695.637 757.943 866.187 942.390 1108.220 -999.250 -999.250 -999.250 -999.250 -999.250 -999.250 -999.250 -999.250 -999.250 -999.250 -999.250 -999.250 -999.250 -999.250 -999.250 -999.250 -999.250
510.174 555.739 512.634 530.804 496.425 506.733 516.850 494.280 511.265 530.855 515.069 495.262 500.956 498.214 478.547 414.668 343.210 268.446 191.758 163.947 155.239 161.220 170.273 225.542 271.746 306.310 343.600 386.459 379.239 370.999 346.713 306.669 292.349 283.410 361.348 400.736 457.833 474.135 472.089 555.775 580.709 584.975 600.934 676.995 802.644 853.380 962.960 961.085 -999.250 -999.250 -999.250 -999.250 -999.250 -999.250 -999.250 -999.250 -999.250 -999.250 -999.250 -999.250 -999.250 -999.250 -999.250 -999.250
509.935 500.581 498.642 505.493 488.660 484.038 499.284 497.209 495.678 495.522 528.621 497.888 500.263 455.781 424.466 391.266 300.882 257.413 202.650 161.264 153.428 152.716 168.067 210.765 237.584 261.569 304.239 327.836 333.295 339.509 333.339 315.687 312.501 304.735 378.122 398.294 433.457 472.047 484.562 499.779 550.432 554.427 569.996 639.289 686.365 749.766 817.263 886.313 -999.250 -999.250 -999.250 -999.250 -999.250 -999.250 -999.250 -999.250 -999.250 -999.250 -999.250 -999.250 -999.250 -999.250 -999.250 -999.250
495.971 497.206 482.890 499.577 478.579 484.190 496.300 476.541 489.921 495.631 522.284 508.988 500.369 464.960 432.623 365.683 334.042 249.358 205.340 165.764 140.637 137.685 157.579 176.805 205.880 233.007 252.971 287.232 290.479 284.201 286.840 315.545 321.763 341.217 389.123 428.360 440.284 429.652 442.743 497.202 492.762 528.611 550.954 553.974 606.352 596.422 718.773 794.657 900.545 -999.250 -999.250 -999.250 -999.250 -999.250 -999.250 -999.250 -999.250 -999.250 -999.250 -999.250 -999.250 -999.250 -999.250 -999.250
501.518 467.475 464.943 460.532 479.392 474.846 485.727 505.533 504.122 515.254 520.078 517.920 492.710 450.498 401.876 356.109 319.607 258.485 219.137 169.369 131.452 125.166 127.503 141.425 161.493 204.094 221.925 246.244 268.372 269.577 282.075 295.528 335.999 355.501 366.250 385.703 411.672 409.574 424.124 431.629 425.989 478.398 482.479 511.774 512.479 501.433 616.287 720.757 773.884 900.726 -999.250 -999.250 -999.250 -999.250 -999.250 -999.250 -999.250 -999.250 -999.250 -999.250 -999.250 -999.250 -999.250 -999.250
493.210 479.741 461.917 468.146 462.155 455.762 488.084 501.924 505.786 506.802 494.894 521.645 515.956 467.602 408.693 363.414 306.014 264.571 213.647 155.436 126.515 108.468 97.068 104.306 118.781 158.028 203.477 223.776 252.120 256.546 264.949 281.207 311.753 340.411 349.583 376.240 372.855 384.224 386.909 399.850 397.525 442.508 455.339 470.294 460.405 501.858 578.062 688.319 766.792 831.902 -999.250 -999.250 -999.250 -999.250 -999.250 -999.250 -999.250 -999.250 -999.250 -999.250 -999.250 -999.250 -999.250 -999.250
481.990 460.139 474.722 480.308 458.512 465.299 495.379 494.779 530.008 531.919 533.632 517.926 509.703 474.356 439.011 378.063 320.702 258.688 212.954 169.091 120.284 99.959 81.966 73.037 103.069 129.466 180.968 202.397 242.232 234.036 271.182 271.822 294.366 340.166 371.478 343.994 359.593 383.759 370.912 357.279 353.200 359.995 409.368 434.004 452.156 504.409 562.838 659.241 717.210 747.036 -999.250 -999.250 -999.250 -999.250 -999.250 -999.250 -999.250 -999.250 -999.250 -999.250 -999.250 -999.250 -999.250 -999.250
444.246 476.052 452.754 472.908 458.673 481.634 486.128 506.921 549.755 545.020 552.142 538.796 515.938 503.928 475.236 380.836 338.399 259.245 211.809 161.879 132.110 99.456 61.442 18.532 84.193 122.301 161.852 196.895 231.795 260.390 268.089 276.316 287.992 308.870 324.062 305.079 354.318 371.468 355.339 364.135 331.709 351.497 381.464 410.108 443.232 481.596 533.175 621.875 631.297 697.029 751.758 794.538 -999.250 -999.250 -999.250 -999.250 -999.250 -999.250 -999.250 -999.250 -999.250 -999.250 -999.250 -999.250
446.013 462.592 455.691 445.183 473.856 478.787 482.114 514.309 520.552 557.026 567.732 587.014 554.726 510.968 473.053 443.269 347.954 284.045 231.210 192.263 135.721 105.965 67.357 60.708 92.315 125.825 167.903 219.814 244.149 259.256 279.913 282.341 305.377 300.313 316.810 305.987 321.745 328.240 310.306 328.142 336.267 330.021 357.416 373.908 422.667 482.539 541.656 607.551 638.703 660.378 694.617 765.767 -999.250 -999.250 -999.250 -999.250 -999.250 -999.250 -999.250 -999.250 -999.250 -999.250 -999.250 -999.250
449.464 449.816 432.508 433.296 447.450 454.097 500.693 513.899 529.731 577.127 585.573 582.729 555.431 505.017 458.484 421.651 375.649 306.435 255.100 200.757 144.779 108.932 100.399 99.033 120.187 152.451 194.192 224.680 259.859 264.475 271.572 271.481 289.831 275.328 290.554 313.599 324.308 296.525 304.226 297.749 307.383 324.009 338.502 384.628 419.320 495.238 499.036 580.105 606.896 612.647 673.731 -999.250 -999.250 -999.250 -999.250 -999.250 -999.250 -999.250 -999.250 -999.250 -999.250 -999.250 -999.250 -999.250
430.042 424.202 434.065 418.395 437.858 471.481 500.237 509.411 542.872 557.208 603.651 581.872 577.276 556.420 491.170 438.354 376.347 337.370 282.458 224.800 169.079 137.225 124.090 136.649 150.578 191.359 216.884 241.896 253.320 274.163 277.174 281.839 263.456 274.181 277.828 281.966 292.855 263.010 265.391 283.916 294.657 321.224 325.968 351.717 424.085 435.166 513.270 553.480 614.603 627.821 675.737 -999.250 -999.250 -999.250 -999.250 -999.250 -999.250 -999.250 -999.250 -999.250 -999.250 -999.250 -999.250 -999.250
401.783 410.603 424.344 428.437 448.338 454.499 468.962 499.510 538.246 582.114 592.069 580.555 601.338 542.288 530.728 474.724 423.747 365.310 289.310 229.790 195.996 143.799 135.016 161.345 174.449 224.027 249.533 274.902 295.928 287.709 302.872 298.887 285.618 317.470 293.000 280.246 263.169 260.816 269.217 256.450 248.567 271.741 314.489 356.386 398.941 444.486 506.158 548.289 541.257 587.859 576.826 -999.250 -999.250 -999.250 -999.250 -999.250 -999.250 -999.250 -999.250 -999.250 -999.250 -999.250 -999.250 -999.250
375.033 418.779 423.381 410.099 455.762 470.023 493.648 483.577 516.726 542.425 586.169 602.389 591.156 561.839 529.311 490.954 441.481 389.320 305.974 231.136 169.362 138.135 140.548 184.218 213.796 248.711 257.185 287.642 304.225 314.931 315.319 334.143 324.162 332.415 307.798 302.600 291.213 275.127 269.483 250.073 223.240 271.172 307.801 359.140 398.745 434.962 473.214 509.960 531.834 551.274 576.176 -999.250 -999.250 -999.250 -999.250 -999.250 -999.250 -999.250 -999.250 -999.250 -999.250 -999.250 -999.250 -999.250
352.946 388.393 404.914 423.644 439.047 444.450 479.098 483.141 503.301 541.927 572.650 579.394 594.422 569.709 544.750 474.184 468.438 401.000 309.820 251.651 182.484 107.481 144.572 198.197 231.695 240.219 270.199 319.168 349.218 338.555 354.520 376.171 371.053 356.594 336.881 334.557 301.539 281.238 257.626 246.343 257.645 282.405 308.443 368.838 379.917 433.643 455.449 476.602 478.512 500.037 554.446 -999.250 -999.250 -999.250 -999.250 -999.250 -999.250 -999.250 -999.250 -999.250 -999.250 -999.250 -999.250 -999.250
328.148 375.640 383.484 427.416 450.099 466.230 468.383 505.347 511.326 550.115 579.268 586.679 591.652 587.219 563.757 505.502 470.664 404.271 344.826 263.707 209.986 178.593 188.684 217.590 228.110 250.233 292.167 349.374 355.680 386.841 394.071 378.309 389.384 353.216 341.511 353.071 331.500 301.086 279.463 276.776 306.165 316.713 328.331 404.377 393.608 399.123 445.808 458.061 469.056 465.473 488.506 -999.250 -999.250 -999.250 -999.250 -999.250 -999.250 -999.250 -999.250 -999.250 -999.250 -999.250 -999.250 -999.250
345.189 368.377 391.819 454.561 450.346 442.984 473.861 475.916 531.126 509.414 529.807 534.087 554.391 548.823 553.416 502.043 464.083 428.394 385.330 312.733 240.329 231.512 233.231 250.738 257.380 291.988 322.466 371.140 384.411 418.567 424.247 404.339 400.554 381.186 384.000 363.406 366.045 327.641 341.867 315.637 341.537 349.661 339.632 380.365 397.529 417.299 435.990 432.481 441.509 433.304 448.692 -999.250 -999.250 -999.250 -999.250 -999.250 -999.250 -999.250 -999.250 -999.250 -999.250 -999.250 -999.250 -999.250
316.780 336.738 379.581 434.580 434.743 458.429 462.453 490.743 493.373 497.438 523.898 547.814 516.591 546.659 540.756 505.953 478.349 442.327 343.938 310.683 274.273 243.439 252.460 273.318 299.965 345.122 357.142 408.721 445.685 462.265 438.131 458.643 464.276 428.890 392.926 383.842 382.241 372.358 364.494 350.732 345.820 364.963 375.108 388.140 387.466 421.249 440.717 437.090 452.966 442.255 451.381 -999.250 -999.250 -999.250 -999.250 -999.250 -999.250 -999.250 -999.250 -999.250 -999.250 -999.250 -999.250 -999.250
346.523 358.452 377.353 432.112 444.737 437.496 444.949 474.308 475.132 498.741 510.033 516.422 519.027 497.613 513.698 490.868 456.802 426.196 346.381 297.339 263.780 254.443 261.835 297.649 321.666 350.693 388.007 419.687 447.849 471.497 454.279 463.806 471.744 450.976 441.278 439.440 414.454 407.271 398.125 394.081 428.460 386.527 396.671 392.124 388.847 393.968 419.248 407.421 424.798 414.212 403.830 388.863 -999.250 -999.250 -999.250 -999.250 -999.250 -999.250 -999.250 -999.250 -999.250 -999.250 -999.250 -999.250
345.585 333.851 391.312 426.641 444.812 439.688 448.379 467.960 489.120 493.991 479.670 470.437 476.535 487.695 477.864 463.329 438.358 372.611 327.302 286.690 258.782 267.285 267.810 305.877 349.030 392.347 436.771 448.749 483.679 457.320 479.965 483.150 494.877 515.582 505.864 483.249 443.873 467.613 452.963 443.027 462.632 441.248 409.982 428.060 401.665 394.191 397.856 417.565 411.667 401.686 378.401 381.984 -999.250 -999.250 -999.250 -999.250 -999.250 -999.250 -999.250 -999.250 -999.250 -999.250 -999.250 -999.250
333.187 334.364 365.394 383.607 409.447 444.221 441.363 448.391 462.175 470.725 470.950 477.045 468.107 461.805 436.502 446.433 388.790 356.170 303.454 258.299 230.536 252.120 266.375 317.244 376.382 425.860 466.657 484.353 488.592 489.980 478.442 482.272 524.642 515.911 514.347 511.231 484.770 489.851 467.620 471.902 462.288 463.930 432.931 441.914 420.634 409.663 401.531 409.079 374.101 363.804 356.329 342.112 -999.250 -999.250 -999.250 -999.250 -999.250 -999.250 -999.250 -999.250 -999.250 -999.250 -999.250 -999.250
304.870 296.716 344.018 373.941 383.163 409.473 408.754 418.463 413.568 415.846 428.619 398.207 416.595 406.476 402.796 383.110 377.570 325.682 275.854 234.792 203.877 228.438 270.689 339.582 404.757 450.195 487.598 524.267 512.594 519.148 522.847 531.012 556.163 600.936 580.768 527.595 501.823 515.155 503.863 494.784 475.293 439.820 448.369 441.594 444.446 438.652 388.165 399.606 375.939 363.907 329.664 330.000 -999.250 -999.250 -999.250 -999.250 -999.250 -999.250 -999.250 -999.250 -999.250 -999.250 -999.250 -999.250
280.294 290.504 305.856 353.533 338.922 367.164 363.729 370.488 354.239 363.922 338.796 357.348 344.188 347.429 368.375 354.388 344.473 307.703 261.802 229.382 154.594 227.630 289.854 357.186 411.546 462.216 519.630 522.797 550.822 576.550 579.124 610.136 606.012 628.153 627.047 597.395 551.455 511.344 536.138 508.390 479.179 467.615 466.387 457.128 464.419 446.357 385.753 362.936 372.443 351.963 308.748 -999.250 -999.250 -999.250 -999.250 -999.250 -999.250 -999.250 -999.250 -999.250 -999.250 -999.250 -999.250 -999.250
266.327 270.232 286.096 296.573 307.846 309.264 307.494 291.971 303.836 297.132 296.186 287.191 248.514 292.538 354.836 372.244 365.110 315.492 280.623 256.151 244.965 271.235 300.179 405.012 448.712 502.799 552.194 568.956 585.793 611.597 611.709 687.399 694.099 701.846 648.536 598.583 585.774 570.822 554.024 519.787 490.526 486.031 472.059 455.128 450.263 463.250 419.284 402.579 357.327 352.614 343.930 -999.250 -999.250 -999.250 -999.250 -999.250 -999.250 -999.250 -999.250 -999.250 -999.250 -999.250 -999.250 -999.250
249.269 242.313 252.492 279.365 254.565 267.342 268.544 258.270 254.339 255.161 261.037 279.702 280.926 317.830 352.832 385.444 380.109 343.962 340.605 318.389 324.035 331.382 355.483 430.662 466.815 529.229 588.888 628.993 656.488 658.178 685.283 698.336 745.766 739.548 707.464 666.144 633.163 618.533 588.321 564.793 503.866 495.109 482.462 472.030 455.184 445.011 401.214 398.606 360.114 349.555 -999.250 -999.250 -999.250 -999.250 -999.250 -999.250 -999.250 -999.250 -999.250 -999.250 -999.250 -999.250 -999.250 -999.250
