data/medianmodel_15-May-2020.asc
ncols	141
nrows	288
xllcorner	-120191.398
yllcorner	-301404.813
cellsize	2000.000
NODATA_value	-999.250
[rows 31 to 61 of 288, columns 0 to 68 of 141]
-999.250 -999.250 -999.250 -999.250 -999.250 -999.250 -999.250 -999.250 -999.250 -999.250 -999.250 -999.250 -999.250 -999.250 -999.250 -999.250 -999.250 -999.250 -999.250 -999.250 -999.250 -999.250 -999.250 -999.250 -999.250 -999.250 -999.250 -999.250 -999.250 -999.250 -999.250 -999.250 12.963 17.140 19.235 20.604 27.381 28.562 33.453 38.911 49.317 44.090 49.034 64.973 52.152 64.800 71.481 83.463 90.038 83.082 77.860 62.282 38.480 32.627 23.257 16.599 13.064 14.703 19.073 19.718 18.601 21.289 22.884 21.961 19.332 19.200 15.041 11.273 8.916
-999.250 -999.250 -999.250 -999.250 -999.250 -999.250 -999.250 -999.250 -999.250 -999.250 -999.250 -999.250 -999.250 -999.250 -999.250 -999.250 -999.250 -999.250 -999.250 -999.250 -999.250 -999.250 -999.250 -999.250 -999.250 -999.250 -999.250 -999.250 -999.250 -999.250 -999.250 -999.250 14.446 17.717 21.727 24.010 26.180 30.784 38.162 47.183 50.407 49.734 50.676 56.456 50.641 59.035 52.422 51.928 50.014 55.056 53.210 37.073 27.832 18.957 15.169 6.660 4.990 4.971 10.693 16.303 18.836 16.638 17.679 16.656 15.258 13.348 11.076 8.050 7.613
-999.250 -999.250 -999.250 -999.250 -999.250 -999.250 -999.250 -999.250 -999.250 -999.250 -999.250 -999.250 -999.250 -999.250 -999.250 -999.250 -999.250 -999.250 -999.250 -999.250 -999.250 -999.250 -999.250 -999.250 -999.250 -999.250 -999.250 -999.250 -999.250 -999.250 -999.250 -999.250 12.183 23.408 23.171 25.113 32.007 38.017 35.994 44.993 60.248 51.243 43.601 47.163 48.010 42.314 37.398 37.007 45.435 38.817 30.980 24.184 17.495 12.894 8.658 2.286 0.716 3.641 5.065 11.698 15.556 10.770 12.452 12.177 8.849 9.709 7.847 5.751 3.628
-999.250 -999.250 -999.250 -999.250 -999.250 -999.250 -999.250 -999.250 -999.250 -999.250 -999.250 -999.250 -999.250 -999.250 -999.250 -999.250 -999.250 -999.250 -999.250 -999.250 -999.250 -999.250 -999.250 -999.250 -999.250 -999.250 -999.250 -999.250 -999.250 -999.250 -999.250 -999.250 16.857 20.859 27.279 24.645 25.621 33.830 36.386 46.567 46.025 49.136 51.922 45.034 42.542 34.751 31.325 32.436 31.248 27.487 23.341 17.182 16.253 11.008 4.555 2.380 1.483 6.065 4.178 7.826 8.187 7.982 7.306 5.480 6.399 5.521 4.732 4.324 3.598
-999.250 -999.250 -999.250 -999.250 -999.250 -999.250 -999.250 -999.250 -999.250 -999.250 -999.250 -999.250 -999.250 -999.250 -999.250 -999.250 -999.250 -999.250 -999.250 -999.250 -999.250 -999.250 -999.250 -999.250 -999.250 -999.250 -999.250 -999.250 -999.250 -999.250 -999.250 -999.250 17.011 20.137 22.852 30.978 31.307 30.407 34.490 37.398 43.951 41.851 35.663 37.118 33.630 27.244 29.661 24.751 20.528 19.906 16.686 16.482 14.578 12.679 6.215 5.828 7.228 7.375 7.286 5.333 6.317 5.923 5.492 3.004 3.319 4.276 3.974 1.984 0.976
-999.250 -999.250 -999.250 -999.250 -999.250 -999.250 -999.250 -999.250 -999.250 -999.250 -999.250 -999.250 -999.250 -999.250 -999.250 -999.250 -999.250 -999.250 -999.250 -999.250 -999.250 -999.250 -999.250 -999.250 -999.250 -999.250 -999.250 -999.250 -999.250 -999.250 -999.250 -999.250 16.291 16.799 22.371 22.192 24.494 31.366 31.103 33.076 32.438 32.397 38.840 25.449 30.808 28.599 22.217 22.683 19.932 21.262 15.809 16.429 15.725 18.504 15.919 13.396 12.062 11.811 11.423 8.843 7.377 6.056 3.279 1.741 0.168 1.056 2.849 1.078 0.214
-999.250 -999.250 -999.250 -999.250 -999.250 -999.250 -999.250 -999.250 -999.250 -999.250 -999.250 -999.250 -999.250 -999.250 -999.250 -999.250 -999.250 -999.250 -999.250 -999.250 -999.250 -999.250 -999.250 -999.250 -999.250 -999.250 -999.250 -999.250 -999.250 -999.250 -999.250 -999.250 -999.250 19.846 23.106 17.212 21.445 28.097 27.285 27.154 30.614 31.526 30.323 25.954 22.401 19.003 21.693 28.284 29.074 26.480 20.711 24.221 24.048 24.831 20.285 15.191 18.495 16.918 18.319 12.635 11.997 6.130 4.207 1.271 0.356 0.709 1.074 0.000 0.000
-999.250 -999.250 -999.250 -999.250 -999.250 -999.250 -999.250 -999.250 -999.250 -999.250 -999.250 -999.250 -999.250 -999.250 -999.250 -999.250 -999.250 -999.250 -999.250 -999.250 -999.250 -999.250 -999.250 -999.250 -999.250 -999.250 -999.250 -999.250 -999.250 -999.250 -999.250 -999.250 -999.250 20.318 21.571 19.182 22.521 22.828 25.318 25.912 22.725 25.134 30.311 26.512 20.646 19.785 20.271 25.554 34.222 27.908 26.847 32.572 34.447 36.390 31.090 26.621 27.582 21.921 22.888 15.457 12.422 9.670 4.319 2.852 0.531 0.199 0.000 0.000 0.000
-999.250 -999.250 -999.250 -999.250 -999.250 -999.250 -999.250 -999.250 -999.250 -999.250 -999.250 -999.250 -999.250 -999.250 -999.250 -999.250 -999.250 -999.250 -999.250 -999.250 -999.250 -999.250 -999.250 -999.250 -999.250 -999.250 -999.250 -999.250 -999.250 -999.250 -999.250 -999.250 17.893 20.800 20.649 16.883 16.643 19.315 18.492 21.181 19.145 21.126 22.845 22.213 21.989 20.834 23.129 31.072 32.446 33.203 36.194 39.165 49.899 48.019 41.855 33.392 33.537 30.508 25.015 19.814 15.168 10.095 7.146 5.854 2.758 1.142 0.000 0.000 0.000
-999.250 -999.250 -999.250 -999.250 -999.250 -999.250 -999.250 -999.250 -999.250 -999.250 -999.250 -999.250 -999.250 -999.250 -999.250 -999.250 -999.250 -999.250 -999.250 -999.250 -999.250 -999.250 -999.250 -999.250 -999.250 -999.250 -999.250 -999.250 -999.250 -999.250 -999.250 -999.250 19.046 20.754 21.005 20.524 17.175 15.896 18.083 17.443 14.368 15.696 14.741 16.326 17.367 15.673 25.081 30.703 33.342 36.054 33.974 41.209 52.365 62.238 48.871 46.989 46.921 40.898 32.078 27.395 19.843 14.332 10.602 10.504 7.707 3.235 0.000 0.000 0.000
-999.250 -999.250 -999.250 -999.250 -999.250 -999.250 -999.250 -999.250 -999.250 -999.250 -999.250 -999.250 -999.250 -999.250 -999.250 -999.250 -999.250 -999.250 -999.250 -999.250 -999.250 -999.250 -999.250 -999.250 -999.250 -999.250 -999.250 -999.250 -999.250 -999.250 -999.250 -999.250 -999.250 19.608 22.299 20.682 15.692 14.454 12.316 12.584 9.779 10.018 11.043 13.475 15.948 17.478 25.609 31.659 37.867 38.461 38.749 49.058 66.937 71.204 65.363 68.441 53.584 47.502 33.997 29.225 23.899 16.724 10.445 10.285 7.445 2.003 0.000 0.000 0.000
-999.250 -999.250 -999.250 -999.250 -999.250 -999.250 -999.250 -999.250 -999.250 -999.250 -999.250 -999.250 -999.250 -999.250 -999.250 -999.250 -999.250 -999.250 -999.250 -999.250 -999.250 -999.250 -999.250 -999.250 -999.250 -999.250 -999.250 -999.250 -999.250 -999.250 -999.250 -999.250 -999.250 16.816 17.655 17.178 14.561 12.030 11.237 9.322 7.808 7.749 8.020 10.215 12.783 16.965 22.321 38.573 38.945 47.258 49.147 68.090 92.062 87.214 80.491 79.035 72.521 60.243 48.344 36.815 27.505 21.247 12.854 9.605 4.834 1.990 0.324 0.000 0.000
-999.250 -999.250 -999.250 -999.250 -999.250 -999.250 -999.250 -999.250 -999.250 -999.250 -999.250 -999.250 -999.250 -999.250 -999.250 -999.250 -999.250 -999.250 -999.250 -999.250 -999.250 -999.250 -999.250 -999.250 -999.250 -999.250 -999.250 -999.250 -999.250 -999.250 -999.250 -999.250 -999.250 17.231 19.858 17.754 17.408 15.936 11.535 8.676 6.002 6.231 10.031 10.559 13.393 18.579 28.163 45.551 40.181 48.399 50.636 73.706 93.247 88.028 102.574 94.701 91.952 85.073 73.522 61.911 40.327 26.359 13.493 9.815 8.308 3.615 0.254 3.090 1.161
-999.250 -999.250 -999.250 -999.250 -999.250 -999.250 -999.250 -999.250 -999.250 -999.250 -999.250 -999.250 -999.250 -999.250 -999.250 -999.250 -999.250 -999.250 -999.250 -999.250 -999.250 -999.250 -999.250 -999.250 -999.250 -999.250 -999.250 -999.250 -999.250 -999.250 -999.250 -999.250 -999.250 -999.250 17.492 21.277 17.303 13.828 10.387 9.025 6.797 6.709 6.274 8.036 14.221 22.551 26.316 34.635 42.391 43.362 48.213 76.344 98.594 105.993 121.220 116.553 103.013 98.094 83.877 71.459 39.037 25.804 19.914 13.914 8.178 5.254 1.910 0.030 0.941
-999.250 -999.250 -999.250 -999.250 -999.250 -999.250 -999.250 -999.250 -999.250 -999.250 -999.250 -999.250 -999.250 -999.250 -999.250 -999.250 -999.250 -999.250 -999.250 -999.250 -999.250 -999.250 -999.250 -999.250 -999.250 -999.250 -999.250 -999.250 -999.250 -999.250 -999.250 -999.250 -999.250 -999.250 17.354 16.992 15.399 13.384 10.681 10.178 5.569 5.653 6.811 10.412 12.985 17.630 22.180 28.194 38.142 42.859 53.928 86.346 105.513 120.994 125.464 123.251 117.403 101.547 83.355 59.682 41.213 25.270 22.962 11.347 12.076 5.669 4.531 2.820 0.727
-999.250 -999.250 -999.250 -999.250 -999.250 -999.250 -999.250 -999.250 -999.250 -999.250 -999.250 -999.250 -999.250 -999.250 -999.250 -999.250 -999.250 -999.250 -999.250 -999.250 -999.250 -999.250 -999.250 -999.250 -999.250 -999.250 -999.250 -999.250 -999.250 -999.250 -999.250 -999.250 -999.250 -999.250 19.272 15.297 16.486 13.215 11.061 10.805 10.301 9.950 7.889 10.745 14.609 16.907 19.078 29.889 30.630 41.691 52.884 89.146 117.287 155.101 153.063 157.727 124.644 105.634 78.631 56.084 40.259 25.432 18.492 16.632 12.010 10.027 6.595 4.704 2.975
-999.250 -999.250 -999.250 -999.250 -999.250 -999.250 -999.250 -999.250 -999.250 -999.250 -999.250 -999.250 -999.250 -999.250 -999.250 -999.250 -999.250 -999.250 -999.250 -999.250 -999.250 -999.250 -999.250 -999.250 -999.250 -999.250 -999.250 -999.250 -999.250 -999.250 -999.250 -999.250 -999.250 -999.250 19.897 19.263 16.381 13.670 14.819 13.877 12.294 12.166 10.035 13.130 13.667 17.838 22.983 25.048 32.485 38.831 55.936 92.805 135.224 162.504 179.660 174.270 127.687 109.922 87.330 52.602 38.458 28.095 20.216 16.164 10.773 7.870 8.496 8.878 3.361
-999.250 -999.250 -999.250 -999.250 -999.250 -999.250 -999.250 -999.250 -999.250 -999.250 -999.250 -999.250 -999.250 -999.250 -999.250 -999.250 -999.250 -999.250 -999.250 -999.250 -999.250 -999.250 -999.250 -999.250 -999.250 -999.250 -999.250 -999.250 -999.250 -999.250 -999.250 -999.250 -999.250 -999.250 -999.250 22.560 17.152 14.516 16.045 16.840 12.669 9.138 11.702 12.788 13.327 16.168 21.663 24.356 31.147 47.130 68.221 93.154 122.247 153.079 168.259 167.404 131.601 114.750 83.551 60.828 43.419 27.396 22.559 15.650 13.950 12.592 12.524 7.862 5.526
-999.250 -999.250 -999.250 -999.250 -999.250 -999.250 -999.250 -999.250 -999.250 -999.250 -999.250 -999.250 -999.250 -999.250 -999.250 -999.250 -999.250 -999.250 -999.250 -999.250 -999.250 -999.250 -999.250 -999.250 -999.250 -999.250 -999.250 -999.250 -999.250 -999.250 -999.250 -999.250 -999.250 -999.250 -999.250 23.906 18.501 18.133 18.989 20.128 18.883 17.640 18.359 17.188 18.373 19.128 20.421 25.456 33.426 46.196 68.792 94.336 114.812 127.406 142.227 125.982 123.760 114.826 85.574 62.009 38.565 25.116 19.064 18.292 15.734 13.955 13.719 9.782 6.630
-999.250 -999.250 -999.250 -999.250 -999.250 -999.250 -999.250 -999.250 -999.250 -999.250 -999.250 -999.250 -999.250 -999.250 -999.250 -999.250 -999.250 -999.250 -999.250 -999.250 -999.250 -999.250 -999.250 -999.250 -999.250 -999.250 -999.250 -999.250 -999.250 -999.250 -999.250 -999.250 -999.250 -999.250 -999.250 25.949 22.511 24.461 28.007 26.624 23.188 23.300 20.601 17.251 21.491 20.315 21.008 23.729 31.571 36.332 46.888 75.431 80.674 113.798 105.507 110.643 93.420 92.894 78.742 56.105 33.513 23.759 20.844 15.828 17.698 18.164 13.865 11.089 8.866
-999.250 -999.250 -999.250 -999.250 -999.250 -999.250 -999.250 -999.250 -999.250 -999.250 -999.250 -999.250 -999.250 -999.250 -999.250 -999.250 -999.250 -999.250 -999.250 -999.250 -999.250 -999.250 -999.250 -999.250 -999.250 -999.250 -999.250 -999.250 -999.250 -999.250 -999.250 -999.250 -999.250 -999.250 -999.250 22.006 31.217 32.421 39.348 30.540 30.301 28.405 31.813 24.452 22.027 18.265 18.797 21.280 23.762 35.404 38.560 56.783 63.482 79.418 79.954 86.577 72.478 64.200 48.279 38.618 26.347 21.882 21.813 16.357 18.348 22.909 18.556 13.388 12.031
-999.250 -999.250 -999.250 -999.250 -999.250 -999.250 -999.250 -999.250 -999.250 -999.250 -999.250 -999.250 -999.250 -999.250 -999.250 -999.250 -999.250 -999.250 -999.250 -999.250 -999.250 -999.250 -999.250 -999.250 -999.250 -999.250 -999.250 -999.250 -999.250 -999.250 -999.250 -999.250 -999.250 -999.250 -999.250 24.002 29.383 33.344 30.152 34.698 28.864 30.310 23.783 23.695 22.954 19.870 17.540 18.537 21.485 33.695 28.814 36.559 39.731 45.135 56.366 58.738 52.645 41.198 42.334 34.272 25.672 23.184 23.328 23.692 23.205 18.608 20.333 15.395 11.323
-999.250 -999.250 -999.250 -999.250 -999.250 -999.250 -999.250 -999.250 -999.250 -999.250 -999.250 -999.250 -999.250 -999.250 -999.250 -999.250 -999.250 -999.250 -999.250 -999.250 -999.250 -999.250 -999.250 -999.250 -999.250 -999.250 -999.250 -999.250 -999.250 -999.250 -999.250 -999.250 -999.250 -999.250 -999.250 -999.250 23.753 35.887 25.723 31.929 29.293 25.800 24.504 24.490 21.680 22.575 21.079 18.099 22.260 22.787 24.116 22.019 22.932 27.481 31.904 32.313 33.894 33.298 33.181 31.070 22.686 28.161 24.945 24.809 24.163 27.705 23.964 18.643 11.813
-999.250 -999.250 -999.250 -999.250 -999.250 -999.250 -999.250 -999.250 -999.250 -999.250 -999.250 -999.250 -999.250 -999.250 -999.250 -999.250 -999.250 -999.250 -999.250 -999.250 -999.250 -999.250 -999.250 -999.250 -999.250 -999.250 -999.250 -999.250 -999.250 -999.250 -999.250 -999.250 -999.250 -999.250 -999.250 -999.250 26.316 33.489 27.731 30.470 28.510 25.026 21.674 26.508 21.704 20.509 19.626 17.929 17.546 14.298 14.133 14.173 14.292 19.255 19.502 20.642 20.617 24.137 22.853 20.372 21.980 22.640 22.547 25.613 26.443 32.505 27.475 17.018 14.146
-999.250 -999.250 -999.250 -999.250 -999.250 -999.250 -999.250 -999.250 -999.250 -999.250 -999.250 -999.250 -999.250 -999.250 -999.250 -999.250 -999.250 -999.250 -999.250 -999.250 -999.250 -999.250 -999.250 -999.250 -999.250 -999.250 -999.250 -999.250 -999.250 -999.250 -999.250 -999.250 -999.250 -999.250 -999.250 -999.250 -999.250 31.061 30.666 28.391 28.380 24.627 21.301 23.745 23.506 21.908 19.545 19.334 17.191 14.227 15.694 11.441 12.803 14.425 14.414 15.154 17.188 16.439 16.211 19.484 24.306 23.093 29.577 25.251 32.661 33.021 37.337 22.684 13.819
-999.250 -999.250 -999.250 -999.250 -999.250 -999.250 -999.250 -999.250 -999.250 -999.250 -999.250 -999.250 -999.250 -999.250 -999.250 -999.250 -999.250 -999.250 -999.250 -999.250 -999.250 -999.250 -999.250 -999.250 -999.250 -999.250 -999.250 -999.250 -999.250 -999.250 -999.250 -999.250 -999.250 -999.250 -999.250 -999.250 -999.250 29.655 25.537 28.292 29.393 25.252 21.499 24.267 20.845 19.569 17.868 18.124 19.208 17.646 18.401 14.168 14.876 12.052 18.575 14.987 13.798 15.454 15.342 20.103 18.546 23.781 25.478 26.391 27.097 23.619 24.694 20.713 17.621
-999.250 -999.250 -999.250 -999.250 -999.250 -999.250 -999.250 -999.250 -999.250 -999.250 -999.250 -999.250 -999.250 -999.250 -999.250 -999.250 -999.250 -999.250 -999.250 -999.250 -999.250 -999.250 -999.250 -999.250 -999.250 -999.250 -999.250 -999.250 -999.250 -999.250 -999.250 -999.250 -999.250 -999.250 -999.250 -999.250 -999.250 28.586 27.377 31.647 36.609 27.583 22.074 22.804 20.745 20.491 15.154 20.895 15.384 18.159 19.394 17.766 16.971 17.870 16.227 18.258 15.761 17.014 15.475 17.439 20.387 22.003 22.223 20.845 20.191 23.622 17.434 16.980 19.730
-999.250 -999.250 -999.250 -999.250 -999.250 -999.250 -999.250 -999.250 -999.250 -999.250 -999.250 -999.250 -999.250 -999.250 -999.250 -999.250 -999.250 -999.250 -999.250 -999.250 -999.250 -999.250 -999.250 -999.250 -999.250 -999.250 -999.250 -999.250 -999.250 -999.250 -999.250 -999.250 -999.250 -999.250 -999.250 -999.250 -999.250 25.257 24.872 25.951 28.186 26.583 24.030 21.819 18.614 19.970 18.100 18.686 18.980 21.583 21.431 26.938 21.243 21.230 21.489 20.682 20.424 17.990 17.164 17.940 17.853 20.758 21.045 20.621 20.866 21.829 19.031 17.353 16.313
-999.250 -999.250 -999.250 -999.250 -999.250 -999.250 -999.250 -999.250 -999.250 -999.250 -999.250 -999.250 -999.250 -999.250 -999.250 -999.250 -999.250 -999.250 -999.250 -999.250 -999.250 -999.250 -999.250 -999.250 -999.250 -999.250 -999.250 -999.250 -999.250 -999.250 -999.250 -999.250 -999.250 -999.250 -999.250 -999.250 -999.250 -999.250 21.019 27.281 27.901 26.884 26.395 24.186 18.529 21.590 22.878 26.559 26.820 27.578 30.992 32.840 28.957 33.563 29.214 25.439 25.170 24.631 19.901 18.810 16.847 18.802 20.377 17.139 19.262 17.461 18.474 17.845 15.873
-999.250 -999.250 -999.250 -999.250 -999.250 -999.250 -999.250 -999.250 -999.250 -999.250 -999.250 -999.250 -999.250 -999.250 -999.250 -999.250 -999.250 -999.250 -999.250 -999.250 -999.250 -999.250 -999.250 -999.250 -999.250 -999.250 -999.250 -999.250 -999.250 -999.250 -999.250 -999.250 -999.250 -999.250 -999.250 -999.250 -999.250 -999.250 21.403 25.098 29.545 31.430 23.188 26.386 22.822 22.663 24.255 31.147 27.315 31.141 33.136 39.795 43.749 51.767 41.344 35.569 25.905 21.814 21.925 18.967 16.943 16.073 18.873 17.547 13.247 13.730 15.080 17.246 12.919
-999.250 -999.250 -999.250 -999.250 -999.250 -999.250 -999.250 -999.250 -999.250 -999.250 -999.250 -999.250 -999.250 -999.250 -999.250 -999.250 -999.250 -999.250 -999.250 -999.250 -999.250 -999.250 -999.250 -999.250 -999.250 -999.250 -999.250 -999.250 -999.250 -999.250 -999.250 -999.250 -999.250 -999.250 -999.250 -999.250 -999.250 -999.250 29.817 32.114 30.224 29.050 25.800 25.137 20.649 21.887 26.468 26.428 27.726 35.268 41.345 47.214 45.804 40.207 40.571 34.672 26.472 21.046 19.789 20.564 15.839 17.605 15.423 15.616 14.584 12.080 14.974 13.478 13.598
