data/medianmodel_05-May-2020.asc
ncols	141
nrows	288
xllcorner	-120191.398
yllcorner	-301404.813
cellsize	2000.000
NODATA_value	-999.250
[rows 186 to 216 of 288, columns 0 to 68 of 141]
50.862 55.846 53.747 56.045 58.186 66.381 59.562 60.816 69.175 74.859 75.246 86.773 85.192 68.919 63.051 76.463 79.662 83.460 -999.250 -999.250 -999.250 -999.250 -999.250 43.260 31.574 24.718 19.783 14.075 15.389 10.831 12.169 9.938 9.016 10.135 14.394 18.777 18.038 17.784 18.079 15.646 17.170 14.378 18.279 15.604 11.846 12.356 9.643 11.109 11.970 12.660 14.069 15.575 14.714 10.826 16.258 11.595 11.522 11.696 9.220 7.989 5.664 4.455 3.595 1.712 0.706 0.000 1.313 3.131 2.517
-999.250 56.048 55.160 55.848 52.766 57.977 58.582 56.968 61.491 64.441 74.758 91.545 101.572 81.264 70.329 70.800 75.231 72.144 -999.250 -999.250 -999.250 -999.250 39.371 34.108 24.079 22.221 20.924 18.218 12.016 14.922 10.429 10.028 11.490 14.455 20.484 16.023 18.058 20.130 19.112 18.255 17.875 17.147 15.027 10.226 8.449 11.393 12.951 8.628 11.177 13.824 11.428 12.666 12.074 9.991 10.688 14.610 10.901 11.885 10.015 9.318 6.506 6.919 3.272 1.709 0.019 0.000 0.000 2.193 2.179
-999.250 48.881 50.454 53.652 51.297 53.445 56.603 55.650 57.871 52.672 61.449 80.751 78.476 85.104 70.460 73.599 75.205 69.979 -999.250 -999.250 -999.250 46.509 -999.250 30.763 25.443 21.228 17.530 16.623 12.981 13.387 11.923 12.585 15.384 12.090 15.765 17.340 20.134 23.504 20.473 16.606 17.321 13.703 13.245 9.811 6.064 6.866 10.140 7.381 9.153 14.460 10.539 11.334 13.078 10.631 13.004 12.922 11.142 12.792 9.786 7.724 6.310 5.150 5.635 2.922 3.548 1.652 2.338 2.412 6.403
-999.250 49.192 51.894 50.233 52.481 51.305 48.650 47.292 49.411 48.424 49.215 59.006 66.407 62.552 63.737 70.224 73.068 -999.250 -999.250 -999.250 -999.250 36.898 35.178 26.506 22.192 19.268 18.862 16.054 15.269 14.554 13.190 13.555 12.153 14.752 14.222 15.825 16.932 26.305 17.544 16.989 16.593 15.592 12.084 6.133 7.095 6.696 7.012 6.204 8.277 10.040 14.436 12.791 10.592 9.131 10.123 12.036 14.273 11.401 10.159 8.758 7.599 6.620 4.673 5.068 4.738 4.152 3.710 4.297 4.998
-999.250 44.551 47.897 52.901 49.581 51.571 43.238 42.749 45.728 44.714 39.111 43.403 53.587 57.521 59.655 65.952 61.444 -999.250 -999.250 -999.250 42.284 34.070 29.507 25.586 19.879 18.817 14.569 13.018 15.162 11.350 11.999 12.451 14.199 13.413 12.488 15.957 18.190 18.873 19.542 18.795 13.299 12.354 8.144 7.184 6.174 4.584 4.504 6.012 7.540 9.215 10.162 12.259 10.610 11.635 14.207 12.671 12.248 11.628 11.723 7.680 7.035 10.029 9.217 6.120 6.661 5.733 2.968 4.622 5.724
-999.250 -999.250 -999.250 50.804 -999.250 -999.250 43.422 41.692 35.807 -999.250 -999.250 -999.250 43.736 51.851 -999.250 -999.250 -999.250 -999.250 -999.250 -999.250 41.001 29.411 27.355 20.884 16.864 14.451 12.220 10.861 12.558 9.796 10.697 10.013 12.765 12.403 16.080 15.851 15.547 17.828 16.451 17.089 13.578 8.215 5.368 4.599 3.208 2.072 1.887 2.837 4.407 6.166 7.854 9.026 11.202 10.179 13.672 14.517 13.031 11.624 14.721 13.358 11.505 10.526 7.188 6.923 7.061 6.905 6.245 4.073 4.879
-999.250 -999.250 -999.250 -999.250 -999.250 -999.250 -999.250 -999.250 -999.250 -999.250 -999.250 -999.250 -999.250 44.603 51.874 49.880 -999.250 -999.250 -999.250 44.851 38.053 29.702 24.404 20.911 17.968 12.761 10.817 10.318 9.758 8.495 8.692 9.929 14.381 14.222 12.365 14.074 16.525 19.580 16.432 13.372 12.804 9.382 7.401 3.932 2.223 0.000 0.000 1.044 3.669 7.320 5.444 9.094 11.389 12.072 13.290 13.754 16.281 15.479 15.509 12.163 11.800 10.113 10.410 10.874 7.198 7.725 6.472 4.658 5.416
-999.250 -999.250 -999.250 -999.250 -999.250 -999.250 -999.250 -999.250 -999.250 -999.250 -999.250 38.276 40.267 39.332 43.591 45.552 -999.250 -999.250 42.336 43.914 38.285 34.794 26.533 19.493 14.344 10.623 7.035 7.588 6.816 6.071 5.055 6.986 11.800 11.360 12.707 16.009 14.400 13.955 16.756 11.245 9.064 6.535 7.306 6.247 2.514 1.356 3.257 3.219 3.900 4.864 7.234 8.301 13.157 14.688 14.118 20.197 19.173 18.236 17.488 15.067 15.905 13.563 10.578 9.469 7.020 6.638 8.119 5.022 4.312
-999.250 -999.250 -999.250 -999.250 -999.250 -999.250 -999.250 -999.250 -999.250 -999.250 -999.250 36.064 31.697 33.455 30.902 32.896 29.070 32.923 35.883 37.523 39.620 34.158 26.432 17.387 13.811 9.511 6.224 4.581 4.583 5.607 5.954 8.619 7.749 9.703 12.143 11.593 15.058 13.879 11.306 9.093 9.595 7.012 4.855 4.428 3.297 3.290 3.891 4.433 7.516 7.750 8.804 9.191 9.419 15.856 14.411 16.715 18.760 17.182 18.070 14.826 15.264 11.929 12.209 8.203 6.276 8.247 6.423 5.653 5.454
-999.250 -999.250 -999.250 -999.250 -999.250 -999.250 -999.250 -999.250 -999.250 -999.250 -999.250 -999.250 29.905 26.727 23.601 21.511 22.056 25.034 26.722 29.874 30.383 28.633 24.393 17.773 15.693 10.125 6.684 4.954 4.808 5.247 5.575 6.592 6.041 9.022 9.874 11.737 9.461 11.409 9.784 14.695 10.112 10.354 5.015 3.833 3.907 3.436 3.603 5.835 6.335 8.646 10.154 10.419 9.850 14.477 17.849 16.033 16.252 18.392 19.005 19.376 14.608 11.595 10.527 8.608 5.205 6.180 8.390 4.624 4.230
-999.250 -999.250 -999.250 -999.250 -999.250 -999.250 -999.250 -999.250 -999.250 -999.250 -999.250 -999.250 -999.250 19.374 18.977 20.306 16.901 18.144 19.561 23.490 22.512 21.402 19.846 18.506 10.055 10.134 9.985 6.619 6.734 4.940 7.289 7.823 7.277 8.546 10.246 11.520 12.916 11.587 10.444 10.269 7.743 9.259 7.146 9.025 4.947 5.257 6.129 8.387 9.168 9.012 9.781 12.338 10.277 13.825 15.035 19.127 14.784 15.195 14.795 16.659 15.648 12.704 9.149 6.242 7.965 7.790 7.643 6.669 2.661
-999.250 -999.250 -999.250 -999.250 -999.250 -999.250 -999.250 -999.250 -999.250 -999.250 -999.250 -999.250 -999.250 18.225 17.833 14.904 15.756 12.889 13.169 18.029 16.750 16.939 19.157 17.811 12.392 11.055 8.835 8.391 8.319 5.177 7.021 8.950 9.396 11.844 11.707 10.115 10.012 10.763 10.741 9.781 9.264 8.592 10.346 10.595 8.694 8.949 11.990 8.193 6.351 11.625 10.383 12.365 13.697 13.245 16.469 16.402 12.147 17.397 15.889 11.800 12.844 10.079 10.117 10.128 7.000 7.163 5.724 4.211 3.051
-999.250 -999.250 -999.250 -999.250 -999.250 -999.250 -999.250 -999.250 -999.250 -999.250 -999.250 -999.250 -999.250 17.561 14.103 12.675 13.242 10.370 10.077 12.099 12.538 16.060 10.127 10.926 12.950 7.930 9.373 8.585 7.402 3.756 5.325 7.373 8.415 11.636 12.292 9.906 8.620 9.383 10.519 15.120 15.624 9.492 9.408 10.686 10.577 11.351 11.446 8.121 9.654 12.365 16.563 12.867 13.096 14.179 15.018 11.962 15.971 14.821 18.392 13.509 10.316 8.481 11.995 12.695 7.646 8.582 6.104 4.516 4.107
-999.250 -999.250 -999.250 -999.250 -999.250 -999.250 -999.250 -999.250 -999.250 -999.250 -999.250 -999.250 -999.250 -999.250 11.478 11.192 8.595 7.652 7.713 9.260 11.297 10.395 10.002 12.519 10.960 9.923 10.170 8.679 6.877 7.161 6.926 8.699 10.501 7.499 8.590 8.369 13.949 15.079 12.006 14.888 13.521 14.805 11.206 13.088 12.877 8.863 11.522 11.487 10.991 11.934 14.269 12.623 9.762 14.959 15.273 9.327 11.742 12.952 14.939 14.056 10.890 9.789 12.366 8.647 8.063 7.844 4.653 6.494 5.316
-999.250 -999.250 -999.250 -999.250 -999.250 -999.250 -999.250 -999.250 -999.250 -999.250 -999.250 -999.250 -999.250 -999.250 7.961 9.025 8.764 6.985 7.137 6.674 8.694 7.767 8.928 13.502 8.642 13.637 7.929 8.752 9.555 8.235 7.449 7.393 8.243 11.643 10.123 9.457 9.747 11.690 10.821 10.047 13.713 14.099 12.651 18.105 14.102 10.523 11.834 12.451 12.905 17.262 11.943 12.273 11.930 16.139 15.644 13.160 8.994 11.262 9.882 11.326 10.912 10.442 11.777 10.415 6.571 8.355 8.432 7.944 7.573
-999.250 -999.250 -999.250 -999.250 -999.250 -999.250 -999.250 -999.250 -999.250 -999.250 -999.250 -999.250 -999.250 -999.250 9.270 9.896 7.938 6.335 4.781 5.096 8.034 8.119 6.942 7.168 10.213 9.327 8.802 8.189 8.392 8.666 10.519 7.825 9.939 11.536 11.898 9.953 10.086 13.136 11.001 13.405 11.396 14.509 16.251 16.816 12.885 13.305 10.411 12.339 13.401 14.899 13.995 12.215 9.142 11.812 8.779 14.497 11.305 8.784 9.747 9.779 10.663 8.550 8.783 7.360 7.898 9.950 7.451 7.569 5.120
-999.250 -999.250 -999.250 -999.250 -999.250 -999.250 -999.250 -999.250 -999.250 -999.250 -999.250 -999.250 -999.250 -999.250 7.385 6.390 7.087 6.912 6.521 6.233 7.343 7.133 6.821 8.155 9.907 -999.250 9.290 9.328 8.749 9.621 7.761 8.122 11.903 13.158 12.536 12.248 10.610 10.838 9.825 7.532 8.944 13.201 12.102 11.083 12.026 12.393 14.593 14.972 10.558 12.808 14.203 11.232 11.042 11.319 9.274 11.090 12.594 8.292 6.770 8.865 11.224 7.806 8.150 8.005 5.947 8.233 7.978 7.406 6.784
-999.250 -999.250 -999.250 -999.250 -999.250 -999.250 -999.250 -999.250 -999.250 -999.250 -999.250 -999.250 -999.250 -999.250 7.517 5.827 7.769 6.366 7.774 8.921 7.155 7.151 4.126 -999.250 -999.250 -999.250 8.943 9.328 8.797 6.419 6.011 7.719 7.944 10.946 10.410 12.352 9.999 11.288 12.137 8.049 8.519 10.990 14.885 10.115 11.229 17.687 18.642 15.359 14.004 14.266 10.468 8.393 7.771 12.494 9.481 7.830 9.241 7.164 6.334 7.004 6.453 8.022 8.579 7.660 8.364 7.473 7.161 9.583 9.437
-999.250 -999.250 -999.250 -999.250 -999.250 -999.250 -999.250 -999.250 -999.250 -999.250 -999.250 -999.250 -999.250 8.286 5.594 9.265 6.742 10.117 9.026 7.469 8.635 5.877 -999.250 -999.250 -999.250 -999.250 -999.250 9.598 7.715 9.323 6.803 6.582 8.731 10.070 10.080 11.121 12.777 10.093 8.433 8.616 10.586 10.847 10.777 9.479 9.416 18.325 15.169 14.188 15.311 11.251 15.497 14.314 10.974 14.518 11.097 8.980 9.084 6.008 7.453 4.517 5.981 5.861 7.813 7.733 5.513 9.398 9.524 7.846 6.998
-999.250 -999.250 -999.250 -999.250 -999.250 -999.250 -999.250 -999.250 -999.250 -999.250 -999.250 -999.250 -999.250 9.614 8.927 6.652 10.520 9.359 9.044 6.678 -999.250 -999.250 -999.250 -999.250 -999.250 -999.250 -999.250 -999.250 7.304 9.217 8.160 8.570 7.787 8.936 9.429 9.851 8.691 13.952 9.376 13.376 7.428 8.408 10.457 8.178 10.379 9.686 12.450 10.423 15.235 15.031 14.140 15.426 14.046 16.926 13.826 10.659 7.980 8.428 7.261 4.770 5.183 7.469 8.223 5.897 7.993 6.942 5.059 7.116 9.882
-999.250 -999.250 -999.250 -999.250 -999.250 -999.250 -999.250 -999.250 -999.250 -999.250 -999.250 -999.250 9.965 14.005 -999.250 -999.250 -999.250 -999.250 -999.250 -999.250 -999.250 -999.250 -999.250 -999.250 -999.250 -999.250 -999.250 -999.250 -999.250 8.119 8.671 7.738 7.576 8.697 8.996 9.378 8.920 5.436 9.487 9.772 9.494 8.163 8.486 8.018 6.636 8.718 8.713 10.496 13.320 11.293 16.587 15.050 7.892 10.611 12.285 9.353 9.053 10.451 10.470 7.021 7.648 6.261 6.046 5.249 7.160 6.500 7.549 6.226 9.337
-999.250 -999.250 -999.250 -999.250 -999.250 -999.250 -999.250 -999.250 -999.250 -999.250 -999.250 -999.250 -999.250 -999.250 -999.250 -999.250 -999.250 -999.250 -999.250 -999.250 -999.250 -999.250 -999.250 -999.250 -999.250 -999.250 -999.250 -999.250 -999.250 -999.250 8.039 7.895 7.146 8.229 7.657 7.742 6.729 8.458 5.957 8.030 8.300 8.293 7.615 5.180 5.168 9.627 12.036 10.367 11.163 10.401 10.467 9.094 6.521 9.918 9.399 5.750 6.779 10.171 8.253 6.594 7.728 5.860 4.719 5.876 7.291 7.295 8.368 7.919 8.501
-999.250 -999.250 -999.250 -999.250 -999.250 -999.250 -999.250 -999.250 -999.250 -999.250 -999.250 -999.250 -999.250 -999.250 -999.250 -999.250 -999.250 -999.250 -999.250 -999.250 -999.250 -999.250 -999.250 -999.250 -999.250 -999.250 -999.250 -999.250 -999.250 -999.250 5.463 4.001 7.945 9.120 6.994 6.876 5.224 6.381 5.520 5.367 5.401 7.104 3.109 5.424 5.471 8.349 10.836 8.763 10.287 7.463 11.444 10.138 11.460 12.251 9.157 6.750 8.485 10.210 11.494 7.559 5.566 4.446 4.419 5.522 5.563 5.583 4.957 6.353 5.382
-999.250 -999.250 -999.250 -999.250 -999.250 -999.250 -999.250 -999.250 -999.250 -999.250 -999.250 -999.250 -999.250 -999.250 -999.250 -999.250 -999.250 -999.250 -999.250 -999.250 -999.250 -999.250 -999.250 -999.250 -999.250 -999.250 -999.250 -999.250 -999.250 -999.250 5.571 7.623 7.437 7.573 6.871 6.530 5.051 5.225 5.954 4.696 2.704 2.122 0.000 1.394 2.937 5.592 7.624 6.658 7.718 10.082 8.205 10.526 12.108 13.439 9.700 9.546 6.823 9.862 7.728 5.587 7.306 3.790 2.068 3.044 4.941 3.214 5.724 7.036 4.518
-999.250 -999.250 -999.250 -999.250 -999.250 -999.250 -999.250 -999.250 -999.250 -999.250 -999.250 -999.250 -999.250 -999.250 -999.250 -999.250 -999.250 -999.250 -999.250 -999.250 -999.250 -999.250 -999.250 -999.250 -999.250 -999.250 -999.250 -999.250 -999.250 -999.250 -999.250 6.199 6.268 9.624 12.783 9.785 8.065 4.492 5.926 5.465 3.346 0.819 0.000 0.393 3.016 3.643 5.446 8.080 7.149 7.251 7.647 9.137 10.136 9.966 7.813 8.719 6.795 5.170 7.303 4.432 4.011 2.886 2.108 1.895 1.950 0.669 2.429 5.586 4.492
-999.250 -999.250 -999.250 -999.250 -999.250 -999.250 -999.250 -999.250 -999.250 -999.250 -999.250 -999.250 -999.250 -999.250 -999.250 -999.250 -999.250 -999.250 -999.250 -999.250 -999.250 -999.250 -999.250 -999.250 -999.250 -999.250 -999.250 -999.250 -999.250 -999.250 -999.250 8.428 8.435 7.228 8.351 11.463 8.189 7.695 6.770 6.456 4.840 3.564 2.086 1.675 1.573 4.544 5.119 6.686 8.971 8.749 8.103 8.083 8.709 10.460 9.371 7.617 7.803 7.835 7.800 5.745 3.798 2.577 4.185 1.496 0.011 0.000 1.554 3.445 4.513
-999.250 -999.250 -999.250 -999.250 -999.250 -999.250 -999.250 -999.250 -999.250 -999.250 -999.250 -999.250 -999.250 -999.250 -999.250 -999.250 -999.250 -999.250 -999.250 -999.250 -999.250 -999.250 -999.250 -999.250 -999.250 -999.250 -999.250 -999.250 -999.250 -999.250 -999.250 5.282 5.813 7.308 8.730 9.484 9.372 6.857 8.848 6.100 7.270 7.207 3.946 3.193 5.639 6.059 7.186 7.461 7.798 6.251 8.436 6.535 8.442 8.693 7.988 8.070 9.350 6.198 4.529 2.868 2.583 4.402 3.001 3.629 1.002 0.065 0.306 1.813 1.930
-999.250 -999.250 -999.250 -999.250 -999.250 -999.250 -999.250 -999.250 -999.250 -999.250 -999.250 -999.250 -999.250 -999.250 -999.250 -999.250 -999.250 -999.250 -999.250 -999.250 -999.250 -999.250 -999.250 -999.250 -999.250 -999.250 -999.250 -999.250 -999.250 -999.250 -999.250 7.185 8.108 7.003 9.457 7.877 10.641 8.561 10.761 8.996 5.501 5.873 5.779 4.921 7.350 6.721 5.044 6.552 7.410 7.653 10.199 8.668 7.890 7.854 6.068 7.263 7.279 4.843 5.790 3.756 4.957 3.892 3.154 1.853 0.693 1.444 1.351 0.000 2.200
-999.250 -999.250 -999.250 -999.250 -999.250 -999.250 -999.250 -999.250 -999.250 -999.250 -999.250 -999.250 -999.250 -999.250 -999.250 -999.250 -999.250 -999.250 -999.250 -999.250 -999.250 -999.250 -999.250 -999.250 -999.250 -999.250 -999.250 -999.250 -999.250 -999.250 -999.250 4.627 7.195 7.043 8.268 10.995 9.210 8.107 9.974 8.542 6.272 7.291 5.992 6.625 5.792 7.095 6.437 7.318 6.963 10.695 10.364 8.394 8.196 8.492 2.657 6.832 6.213 4.197 6.046 2.262 2.495 1.815 2.023 0.302 1.374 0.000 1.648 0.000 2.900
-999.250 -999.250 -999.250 -999.250 -999.250 -999.250 -999.250 -999.250 -999.250 -999.250 -999.250 -999.250 -999.250 -999.250 -999.250 -999.250 -999.250 -999.250 -999.250 -999.250 -999.250 -999.250 -999.250 -999.250 -999.250 -999.250 -999.250 -999.250 -999.250 -999.250 -999.250 5.586 6.408 7.585 6.414 9.606 11.148 10.502 10.824 9.292 7.361 7.951 7.221 7.190 6.367 8.173 6.833 5.525 7.711 8.331 10.100 8.223 8.526 4.773 3.199 4.263 4.539 4.916 5.743 2.824 1.030 0.460 1.356 0.601 0.524 0.000 0.559 0.000 0.513
-999.250 -999.250 -999.250 -999.250 -999.250 -999.250 -999.250 -999.250 -999.250 -999.250 -999.250 -999.250 -999.250 -999.250 -999.250 -999.250 -999.250 -999.250 -999.250 -999.250 -999.250 -999.250 -999.250 -999.250 -999.250 -999.250 -999.250 -999.250 -999.250 -999.250 -999.250 8.899 8.719 8.269 9.475 9.486 12.656 10.251 7.071 9.933 8.612 8.523 8.827 8.954 7.069 11.420 7.690 7.472 8.031 10.101 8.026 8.234 7.623 5.340 6.912 5.398 6.005 5.998 4.944 2.757 0.648 0.153 1.655 2.675 0.890 0.000 0.000 0.000 0.001
