data/medianmodel_24-Mar-2020.asc
ncols	141
nrows	288
xllcorner	-120191.398
yllcorner	-301404.813
cellsize	2000.000
NODATA_value	-999.250
[rows 93 to 123 of 288, columns 0 to 69 of 141]
-999.250 -999.250 -999.250 -999.250 -999.250 -999.250 -999.250 -999.250 -999.250 -999.250 -999.250 -999.250 -999.250 -999.250 -999.250 -999.250 -999.250 -999.250 -999.250 -999.250 -999.250 -999.250 -999.250 -999.250 -999.250 -999.250 -999.250 -999.250 -999.250 -999.250 -999.250 4.375 5.574 5.524 6.595 8.057 7.944 9.658 13.733 12.905 14.792 15.810 15.129 12.029 12.051 7.526 3.669 2.511 1.397 1.289 1.182 0.809 0.000 0.000 0.000 0.000 0.000 0.000 0.000 0.842 0.813 1.865 3.692 6.626 8.326 7.349 8.272 9.203 9.502 7.942
-999.250 -999.250 -999.250 -999.250 -999.250 -999.250 -999.250 -999.250 -999.250 -999.250 -999.250 -999.250 -999.250 -999.250 -999.250 -999.250 -999.250 -999.250 -999.250 -999.250 -999.250 -999.250 -999.250 -999.250 -999.250 -999.250 -999.250 -999.250 -999.250 -999.250 -999.250 2.312 2.328 2.374 2.085 2.881 5.610 6.859 10.489 10.246 11.367 13.749 11.029 10.328 8.974 6.491 4.382 2.176 1.564 1.576 1.239 0.000 0.000 0.000 0.000 0.000 0.000 0.000 0.000 0.395 0.207 1.885 3.851 6.327 6.719 9.515 10.335 10.786 9.439 6.888
-999.250 -999.250 -999.250 -999.250 -999.250 -999.250 -999.250 -999.250 -999.250 -999.250 -999.250 -999.250 -999.250 -999.250 -999.250 -999.250 -999.250 -999.250 -999.250 -999.250 -999.250 -999.250 -999.250 -999.250 -999.250 -999.250 -999.250 -999.250 -999.250 -999.250 -999.250 1.535 0.162 0.000 0.000 0.877 3.184 3.964 6.162 8.951 9.229 11.257 10.032 7.340 8.340 6.393 5.118 4.276 3.675 2.748 0.988 1.719 1.717 0.000 0.000 0.000 0.000 0.000 0.000 0.000 0.184 1.577 3.513 6.105 7.455 8.164 8.506 9.275 7.701 8.478
-999.250 -999.250 -999.250 -999.250 -999.250 -999.250 -999.250 -999.250 -999.250 -999.250 -999.250 -999.250 -999.250 -999.250 -999.250 -999.250 -999.250 -999.250 -999.250 -999.250 -999.250 -999.250 -999.250 -999.250 -999.250 -999.250 -999.250 -999.250 -999.250 -999.250 2.148 0.000 0.000 0.000 0.000 0.073 0.941 2.711 4.436 5.913 6.467 7.333 8.181 8.981 9.974 8.433 6.065 5.796 4.440 4.282 2.110 2.958 3.050 1.909 0.000 0.015 0.000 0.000 0.000 0.000 0.153 3.045 2.702 5.120 4.970 5.983 7.298 6.759 5.446 6.284
-999.250 -999.250 -999.250 -999.250 -999.250 -999.250 -999.250 -999.250 -999.250 -999.250 -999.250 -999.250 -999.250 -999.250 -999.250 -999.250 -999.250 -999.250 -999.250 -999.250 -999.250 -999.250 -999.250 -999.250 -999.250 -999.250 -999.250 -999.250 -999.250 -999.250 0.657 0.000 0.000 0.000 0.000 0.000 0.500 2.072 5.271 5.781 7.042 8.260 9.690 11.208 12.260 10.759 10.043 7.791 6.769 6.226 5.333 3.972 5.110 3.684 2.433 2.227 0.000 0.000 0.000 0.000 0.000 1.044 2.471 1.274 1.799 3.298 3.546 4.240 5.188 3.085
-999.250 -999.250 -999.250 -999.250 -999.250 -999.250 -999.250 -999.250 -999.250 -999.250 -999.250 -999.250 -999.250 -999.250 -999.250 -999.250 -999.250 -999.250 -999.250 -999.250 -999.250 -999.250 -999.250 -999.250 -999.250 -999.250 -999.250 -999.250 -999.250 -999.250 0.000 0.000 0.000 0.000 0.000 0.402 2.063 2.497 5.290 6.975 7.665 9.351 11.280 12.050 14.118 13.746 12.681 9.690 11.220 11.689 7.739 6.409 6.491 6.555 5.420 3.910 1.430 0.000 0.000 0.000 0.000 0.220 0.238 0.000 0.000 0.503 3.224 1.482 3.301 2.311
-999.250 -999.250 -999.250 -999.250 -999.250 -999.250 -999.250 -999.250 -999.250 -999.250 -999.250 -999.250 -999.250 -999.250 -999.250 -999.250 -999.250 -999.250 -999.250 -999.250 -999.250 -999.250 -999.250 -999.250 -999.250 -999.250 -999.250 -999.250 -999.250 -999.250 0.000 0.000 0.000 0.000 0.335 2.104 3.957 5.343 5.625 7.664 8.569 11.154 13.983 14.621 17.513 14.317 13.436 13.629 13.649 13.778 10.582 11.001 9.698 7.772 6.270 4.291 1.890 0.824 0.371 0.008 0.874 0.347 0.000 0.000 0.000 0.573 0.736 2.304 2.115 0.898
-999.250 -999.250 -999.250 -999.250 -999.250 -999.250 -999.250 -999.250 -999.250 -999.250 -999.250 -999.250 -999.250 -999.250 -999.250 -999.250 -999.250 -999.250 -999.250 -999.250 -999.250 -999.250 -999.250 -999.250 -999.250 -999.250 -999.250 -999.250 -999.250 0.000 0.000 0.000 0.000 0.127 0.659 1.349 4.341 5.884 8.379 8.253 10.612 12.469 15.541 16.938 17.014 17.760 17.046 15.942 16.399 15.605 15.999 13.269 12.564 9.161 8.264 5.904 4.887 2.427 0.194 1.012 1.020 0.591 1.135 0.140 0.472 1.506 3.031 3.111 3.294 2.385
-999.250 -999.250 -999.250 -999.250 -999.250 -999.250 -999.250 -999.250 -999.250 -999.250 -999.250 -999.250 -999.250 -999.250 -999.250 -999.250 -999.250 -999.250 -999.250 -999.250 -999.250 -999.250 -999.250 -999.250 -999.250 -999.250 -999.250 -999.250 -999.250 0.000 0.000 0.000 0.000 0.000 1.415 2.434 5.949 7.069 9.979 10.063 11.913 15.910 17.124 19.476 17.730 19.459 20.371 22.645 19.541 19.684 16.682 16.431 12.034 12.290 9.593 7.676 5.802 3.149 2.932 3.079 0.987 1.642 0.442 3.031 1.928 3.803 3.596 3.323 2.969 4.145
-999.250 -999.250 -999.250 -999.250 -999.250 -999.250 -999.250 -999.250 -999.250 -999.250 -999.250 -999.250 -999.250 -999.250 -999.250 -999.250 -999.250 -999.250 -999.250 -999.250 -999.250 -999.250 -999.250 -999.250 -999.250 -999.250 -999.250 -999.250 -999.250 0.000 0.000 0.000 0.265 1.058 2.383 5.074 7.378 7.542 8.811 13.042 15.797 16.586 17.893 22.950 22.376 22.825 26.623 26.837 26.334 24.452 20.464 18.608 14.695 14.605 10.141 7.027 6.110 4.983 4.575 3.264 2.878 2.066 1.591 4.419 4.056 5.144 4.739 4.506 6.661 5.239
-999.250 -999.250 -999.250 -999.250 -999.250 -999.250 -999.250 -999.250 -999.250 -999.250 -999.250 -999.250 -999.250 -999.250 -999.250 -999.250 -999.250 -999.250 -999.250 -999.250 -999.250 -999.250 -999.250 -999.250 -999.250 -999.250 -999.250 -999.250 -999.250 0.000 0.000 0.000 0.000 3.107 4.216 5.354 7.660 9.228 12.702 12.768 17.555 20.127 23.722 25.689 28.229 31.387 32.222 34.266 30.591 26.980 20.562 17.025 15.495 12.622 11.177 5.954 4.435 4.543 4.319 3.952 3.603 3.510 5.060 4.263 4.667 5.924 6.877 6.105 8.404 6.463
-999.250 -999.250 -999.250 -999.250 -999.250 -999.250 -999.250 -999.250 -999.250 -999.250 -999.250 -999.250 -999.250 -999.250 -999.250 -999.250 -999.250 -999.250 -999.250 -999.250 -999.250 -999.250 -999.250 -999.250 -999.250 -999.250 -999.250 -999.250 0.000 0.000 0.000 0.000 0.647 3.139 4.360 6.070 8.467 13.939 14.675 16.039 21.410 26.810 25.010 26.782 31.939 35.674 42.229 43.398 31.532 28.110 21.487 16.466 13.470 12.482 7.256 7.319 5.462 4.152 5.010 4.195 3.998 4.649 5.809 5.793 7.056 7.127 8.045 8.686 9.739 9.183
-999.250 -999.250 -999.250 -999.250 -999.250 -999.250 -999.250 -999.250 -999.250 -999.250 -999.250 -999.250 -999.250 -999.250 -999.250 -999.250 -999.250 -999.250 -999.250 -999.250 -999.250 -999.250 -999.250 -999.250 -999.250 -999.250 -999.250 -999.250 0.000 0.000 0.000 0.033 1.823 3.127 5.826 8.647 10.194 14.394 15.887 17.001 24.737 29.434 31.062 30.534 34.636 44.191 57.392 45.792 34.897 24.921 19.916 15.314 14.106 8.912 5.904 4.236 3.791 4.171 3.693 5.708 4.597 6.030 5.496 6.568 9.096 9.520 10.026 9.665 11.817 11.143
-999.250 -999.250 -999.250 -999.250 -999.250 -999.250 -999.250 -999.250 -999.250 -999.250 -999.250 -999.250 -999.250 -999.250 -999.250 -999.250 -999.250 -999.250 -999.250 -999.250 -999.250 -999.250 -999.250 -999.250 -999.250 -999.250 -999.250 0.000 0.000 0.000 0.000 0.069 3.099 4.215 6.906 9.297 12.664 15.805 19.822 19.791 26.279 29.108 31.517 32.583 36.470 43.496 45.901 42.735 33.174 27.413 19.698 13.800 11.992 6.669 2.086 1.402 2.294 3.357 4.010 5.431 5.218 7.330 7.791 7.646 9.315 10.869 14.272 13.802 13.015 10.103
-999.250 -999.250 -999.250 -999.250 -999.250 -999.250 -999.250 -999.250 -999.250 -999.250 -999.250 -999.250 -999.250 -999.250 -999.250 -999.250 -999.250 -999.250 -999.250 -999.250 -999.250 -999.250 -999.250 -999.250 -999.250 -999.250 -999.250 0.000 0.000 0.000 0.000 1.894 4.865 5.774 7.066 12.044 15.269 17.790 18.144 24.400 28.413 27.961 28.071 34.328 36.324 38.708 39.166 35.350 26.902 23.874 17.390 13.728 8.165 3.669 0.000 0.000 1.739 3.703 5.062 6.276 6.813 9.105 9.762 9.079 10.628 13.850 15.330 16.384 14.892 14.291
-999.250 -999.250 -999.250 -999.250 -999.250 -999.250 -999.250 -999.250 -999.250 -999.250 -999.250 -999.250 -999.250 -999.250 -999.250 -999.250 -999.250 -999.250 -999.250 -999.250 -999.250 -999.250 -999.250 -999.250 -999.250 -999.250 -999.250 0.000 0.000 0.000 0.000 2.007 5.235 6.666 11.200 14.319 15.709 19.525 21.907 23.241 27.462 26.943 30.774 31.049 32.741 33.904 31.961 29.152 26.560 23.214 16.986 12.239 8.022 3.297 0.000 0.712 3.060 5.433 7.344 8.363 10.703 11.599 12.623 12.726 13.425 15.575 15.754 17.889 17.579 14.869
-999.250 -999.250 -999.250 -999.250 -999.250 -999.250 -999.250 -999.250 -999.250 -999.250 -999.250 -999.250 -999.250 -999.250 -999.250 -999.250 -999.250 -999.250 -999.250 -999.250 -999.250 -999.250 -999.250 -999.250 -999.250 -999.250 -999.250 0.000 0.000 0.000 0.000 2.039 6.385 10.833 13.988 16.509 20.344 19.220 21.224 20.835 24.682 25.199 28.477 32.864 28.186 28.096 26.961 26.203 21.471 17.619 14.687 10.594 6.732 2.619 1.393 1.718 4.712 7.086 10.835 12.755 14.389 14.156 13.713 15.075 16.460 16.180 16.659 19.883 18.257 16.657
-999.250 -999.250 -999.250 -999.250 -999.250 -999.250 -999.250 -999.250 -999.250 -999.250 -999.250 -999.250 -999.250 -999.250 -999.250 -999.250 -999.250 -999.250 -999.250 -999.250 -999.250 -999.250 -999.250 -999.250 -999.250 -999.250 -999.250 -999.250 0.000 0.000 1.621 3.982 8.546 13.548 16.407 18.789 21.260 22.310 19.757 22.116 25.108 25.048 25.611 23.391 24.030 25.673 25.228 23.110 17.524 15.091 9.220 6.308 5.893 1.834 2.364 4.829 5.916 9.670 10.650 14.038 17.505 17.649 16.617 17.337 17.054 21.066 20.289 19.940 19.287 18.631
-999.250 -999.250 -999.250 -999.250 -999.250 -999.250 -999.250 -999.250 -999.250 -999.250 -999.250 -999.250 -999.250 -999.250 -999.250 -999.250 -999.250 -999.250 -999.250 -999.250 -999.250 -999.250 -999.250 -999.250 -999.250 -999.250 -999.250 -999.250 1.629 2.354 3.885 7.088 12.016 14.916 16.765 20.000 24.400 21.664 24.862 24.781 23.820 23.520 23.437 21.359 23.930 22.973 21.066 18.872 16.207 10.348 8.582 4.270 1.238 2.300 2.269 4.784 7.511 9.695 13.306 17.837 26.281 22.211 20.952 19.748 18.516 20.791 19.570 20.359 20.901 20.776
-999.250 -999.250 -999.250 -999.250 -999.250 -999.250 -999.250 -999.250 -999.250 -999.250 -999.250 -999.250 -999.250 -999.250 -999.250 -999.250 -999.250 -999.250 -999.250 -999.250 -999.250 -999.250 -999.250 -999.250 -999.250 -999.250 -999.250 -999.250 3.664 3.609 4.504 9.326 13.041 16.026 17.850 25.108 22.891 25.466 25.205 28.388 25.750 21.138 17.776 18.167 19.539 19.102 18.589 15.825 14.995 9.570 4.649 1.488 0.071 0.569 2.901 5.828 6.920 10.179 13.963 16.769 19.158 22.929 19.675 18.000 20.690 19.278 19.725 18.033 20.484 21.392
-999.250 -999.250 -999.250 -999.250 -999.250 -999.250 -999.250 -999.250 -999.250 -999.250 -999.250 -999.250 -999.250 -999.250 -999.250 -999.250 -999.250 -999.250 -999.250 -999.250 -999.250 -999.250 -999.250 -999.250 -999.250 -999.250 -999.250 -999.250 3.645 5.130 6.711 11.897 12.927 16.959 16.058 22.679 28.256 29.591 30.877 31.370 25.230 24.648 19.601 17.614 17.081 16.918 17.071 15.568 13.863 10.880 3.838 0.000 0.491 2.394 3.727 4.914 8.135 9.457 12.399 15.687 18.004 18.742 19.523 18.797 18.609 19.539 19.738 18.062 18.238 22.678
-999.250 -999.250 -999.250 -999.250 -999.250 -999.250 -999.250 -999.250 -999.250 -999.250 -999.250 -999.250 -999.250 -999.250 -999.250 -999.250 -999.250 -999.250 -999.250 -999.250 -999.250 -999.250 -999.250 -999.250 -999.250 -999.250 -999.250 -999.250 5.371 5.919 11.944 10.957 12.169 14.929 18.168 21.489 26.302 31.090 30.848 34.807 31.156 28.238 22.322 18.078 15.420 16.460 15.324 16.294 14.994 13.087 9.571 5.064 3.788 2.656 5.216 4.482 5.248 6.885 11.837 13.379 14.790 17.057 16.889 16.160 16.558 16.448 19.001 18.292 18.039 20.604
-999.250 -999.250 -999.250 -999.250 -999.250 -999.250 -999.250 -999.250 -999.250 -999.250 -999.250 -999.250 -999.250 -999.250 -999.250 -999.250 -999.250 -999.250 -999.250 -999.250 -999.250 -999.250 -999.250 -999.250 -999.250 -999.250 -999.250 5.133 7.700 9.656 12.092 13.740 15.588 15.735 19.379 22.865 27.395 30.608 32.124 40.888 33.062 25.814 21.289 18.360 17.048 16.171 16.461 17.532 19.874 17.145 16.053 11.905 9.384 6.227 4.812 4.560 5.701 6.022 7.557 11.281 14.720 14.370 14.911 13.399 14.426 15.917 16.526 16.501 18.399 20.150
-999.250 -999.250 -999.250 -999.250 -999.250 -999.250 -999.250 -999.250 -999.250 -999.250 -999.250 -999.250 -999.250 -999.250 -999.250 -999.250 -999.250 -999.250 -999.250 -999.250 -999.250 -999.250 -999.250 -999.250 -999.250 -999.250 -999.250 4.371 8.955 11.119 13.009 12.997 16.685 18.054 19.020 22.057 28.481 30.677 30.857 32.890 30.436 24.749 21.305 19.489 18.699 16.918 18.744 19.789 23.418 28.807 21.590 15.947 13.816 9.292 6.590 5.559 3.298 1.375 3.600 6.813 10.191 11.750 11.954 11.096 12.031 13.721 14.704 15.433 18.396 15.629
-999.250 -999.250 -999.250 -999.250 -999.250 -999.250 -999.250 -999.250 -999.250 -999.250 -999.250 -999.250 -999.250 -999.250 -999.250 -999.250 -999.250 -999.250 -999.250 -999.250 -999.250 -999.250 -999.250 -999.250 -999.250 -999.250 -999.250 9.280 9.551 11.068 16.254 17.230 21.346 21.025 22.136 22.974 27.150 26.559 26.486 27.830 28.835 25.814 20.049 18.230 16.193 17.895 19.500 25.558 29.132 37.058 28.603 20.182 16.264 12.396 10.295 6.359 1.471 0.000 1.012 5.084 7.696 9.423 10.386 9.171 12.886 12.329 14.319 13.071 15.298 15.402
-999.250 -999.250 -999.250 -999.250 -999.250 -999.250 -999.250 -999.250 -999.250 -999.250 -999.250 -999.250 -999.250 -999.250 -999.250 -999.250 -999.250 -999.250 -999.250 -999.250 -999.250 -999.250 -999.250 -999.250 -999.250 -999.250 5.913 10.956 12.536 16.060 17.086 18.141 22.817 21.472 26.313 22.399 26.605 24.003 24.423 26.396 25.051 23.975 21.470 16.745 16.709 15.178 15.666 20.893 24.874 29.702 28.584 24.886 18.770 15.565 11.106 7.016 2.343 0.000 0.001 4.469 6.434 6.066 8.030 8.464 8.814 10.871 9.706 11.493 11.753 11.859
-999.250 -999.250 -999.250 -999.250 -999.250 -999.250 -999.250 -999.250 -999.250 -999.250 -999.250 -999.250 -999.250 -999.250 -999.250 -999.250 -999.250 -999.250 -999.250 -999.250 -999.250 -999.250 -999.250 -999.250 -999.250 -999.250 6.606 13.332 13.950 15.640 17.893 20.258 26.144 20.773 19.217 23.286 22.712 21.960 26.698 24.539 22.942 23.236 19.013 16.373 15.884 14.711 13.972 16.077 18.723 24.850 24.449 23.562 19.330 17.168 13.841 8.252 5.037 1.139 0.000 2.445 2.666 4.838 6.228 8.393 8.019 6.162 8.439 7.942 9.880 9.487
-999.250 -999.250 -999.250 -999.250 -999.250 -999.250 -999.250 -999.250 -999.250 -999.250 -999.250 -999.250 -999.250 -999.250 -999.250 -999.250 -999.250 -999.250 -999.250 -999.250 -999.250 -999.250 -999.250 -999.250 -999.250 -999.250 7.569 10.519 15.762 15.194 16.039 18.481 21.166 22.595 19.904 21.256 21.319 21.850 19.729 22.629 18.730 18.287 15.951 14.685 10.592 11.883 10.162 15.167 16.978 20.685 22.620 24.293 21.050 18.078 14.689 11.536 6.112 3.633 0.000 0.000 3.763 4.343 5.561 6.309 7.292 5.577 5.578 6.520 6.278 5.976
-999.250 -999.250 -999.250 -999.250 -999.250 -999.250 -999.250 -999.250 -999.250 -999.250 -999.250 -999.250 -999.250 -999.250 -999.250 -999.250 -999.250 -999.250 -999.250 -999.250 -999.250 -999.250 -999.250 -999.250 -999.250 9.694 9.955 11.051 13.469 15.725 17.187 17.096 18.744 18.463 17.531 19.329 18.867 18.934 18.844 17.910 16.477 15.606 14.873 11.687 9.422 8.848 5.488 7.255 14.097 17.726 20.563 23.102 21.671 20.954 16.220 13.397 9.271 3.151 0.000 0.000 2.072 4.302 4.415 5.348 5.201 5.122 4.571 3.040 3.823 2.372
-999.250 -999.250 -999.250 -999.250 -999.250 -999.250 -999.250 -999.250 -999.250 -999.250 -999.250 -999.250 -999.250 -999.250 -999.250 -999.250 -999.250 -999.250 -999.250 -999.250 -999.250 -999.250 -999.250 -999.250 -999.250 12.386 11.438 13.681 14.959 15.058 17.633 14.877 16.276 17.906 17.054 18.542 18.954 17.825 18.753 16.572 15.999 13.421 10.866 9.157 6.231 5.093 0.634 0.000 7.644 14.245 16.424 20.145 20.453 20.821 18.559 15.708 11.449 6.567 2.149 0.229 1.673 2.479 3.955 3.241 3.584 3.790 3.555 1.898 1.896 0.000
-999.250 -999.250 -999.250 -999.250 -999.250 -999.250 -999.250 -999.250 -999.250 -999.250 -999.250 -999.250 -999.250 -999.250 -999.250 -999.250 -999.250 -999.250 -999.250 -999.250 -999.250 -999.250 -999.250 -999.250 -999.250 13.354 12.912 13.072 16.045 15.948 17.447 15.408 14.956 16.457 16.954 17.242 18.035 17.850 17.489 15.394 14.210 10.607 10.380 8.340 4.881 3.205 0.156 0.382 6.128 9.720 15.499 19.238 22.441 25.235 23.495 20.578 14.872 9.274 5.685 2.358 3.603 3.230 0.466 1.844 1.051 2.550 0.109 0.000 0.000 0.000
