data/medianmodel_19-Nov-2020.asc
ncols	141
nrows	288
xllcorner	-120191.398
yllcorner	-301404.813
cellsize	2000.000
NODATA_value	-999.250
[rows 174 to 202 of 288, columns 0 to 64 of 141]
-999.250 -999.250 -999.250 -999.250 495.223 476.511 520.005 484.961 471.450 478.882 489.337 514.929 466.234 472.010 407.340 383.665 367.176 348.370 350.875 337.399 394.846 436.281 482.867 470.277 477.516 518.011 519.135 508.129 480.678 474.601 468.309 478.549 456.605 474.372 462.200 478.530 495.005 506.320 493.662 516.813 512.859 515.335 510.774 536.798 529.724 530.812 545.957 592.923 577.482 590.315 641.708 651.560 684.510 700.627 724.475 714.189 727.756 700.491 708.997 653.780 602.807 578.844 517.314 523.686 494.816
-999.250 -999.250 -999.250 -999.250 494.150 487.516 507.301 492.836 496.042 476.595 477.916 484.288 479.989 471.345 426.504 414.376 405.946 372.535 379.621 356.191 434.258 445.586 478.271 498.156 496.856 492.862 516.835 497.490 447.516 460.219 480.566 446.169 461.625 467.515 484.870 490.452 494.491 500.871 483.029 526.085 519.181 536.908 525.140 520.813 548.868 530.296 539.558 544.339 577.093 602.332 616.992 651.047 648.503 687.160 665.984 747.440 762.342 744.470 824.089 711.396 601.593 576.976 558.795 519.529 492.653
-999.250 -999.250 -999.250 -999.250 482.156 497.104 517.515 460.998 504.563 497.032 512.130 499.458 497.446 490.817 450.964 473.068 437.525 441.051 422.829 427.543 485.053 517.406 518.757 507.226 508.034 488.672 508.591 481.465 472.590 463.832 464.727 458.323 463.142 448.449 440.295 473.380 479.244 485.664 497.680 514.563 522.690 548.325 542.249 515.139 546.095 536.202 573.524 611.946 617.944 623.272 591.975 625.098 631.053 598.193 636.061 668.167 743.310 773.320 770.287 741.800 590.455 589.200 570.071 496.899 490.899
-999.250 -999.250 -999.250 -999.250 522.868 493.581 512.489 516.897 519.803 490.273 503.155 523.433 518.640 500.939 491.262 511.726 476.660 485.366 484.913 489.648 521.858 535.262 550.525 523.644 523.536 514.474 480.739 487.752 489.381 473.686 437.897 447.510 423.154 457.807 475.258 477.825 459.254 457.787 492.483 496.590 528.967 533.338 512.022 523.703 519.026 538.755 579.132 617.439 597.161 598.427 627.837 601.829 583.938 618.178 627.405 718.170 764.651 772.940 734.686 680.263 637.715 572.236 527.660 506.846 468.737
-999.250 -999.250 -999.250 -999.250 518.771 534.484 543.982 504.626 527.469 511.797 508.372 500.125 543.573 524.074 518.047 531.727 511.106 520.943 529.215 566.642 568.363 556.668 547.378 543.483 539.412 504.429 483.985 474.494 481.657 481.315 445.215 427.847 395.597 397.438 436.135 468.336 416.401 457.945 442.878 460.106 501.255 477.357 487.966 483.322 500.507 541.031 591.220 580.156 563.604 591.059 585.904 593.091 609.177 661.299 682.596 694.973 711.447 698.357 682.755 644.462 605.701 564.815 518.580 489.285 493.931
-999.250 -999.250 -999.250 511.236 520.665 543.167 531.903 516.178 522.093 516.023 516.519 514.521 513.132 550.210 569.076 543.582 546.855 573.491 566.944 577.810 586.093 576.549 555.988 519.083 532.659 454.181 450.616 471.245 432.086 406.916 401.436 378.532 376.295 425.267 399.632 417.436 401.024 401.599 401.186 436.063 443.864 460.030 467.395 455.788 491.387 543.296 515.410 560.777 587.250 578.999 565.178 542.648 568.873 590.634 615.736 598.004 671.445 646.708 617.190 618.883 573.035 568.265 550.899 488.949 495.268
-999.250 -999.250 -999.250 514.690 544.028 549.259 491.957 541.010 522.634 504.023 516.842 513.832 531.331 534.662 529.478 548.832 548.209 565.288 583.115 561.921 564.781 560.220 529.919 525.467 506.039 499.260 462.649 415.503 417.146 380.850 362.735 360.182 370.275 370.580 388.819 390.448 378.320 385.739 414.154 414.831 417.234 465.410 447.132 457.246 503.702 499.990 498.726 532.966 539.159 539.645 549.694 569.589 573.237 579.865 581.558 586.958 642.990 660.745 610.649 599.633 545.646 516.356 531.521 501.531 458.416
-999.250 -999.250 -999.250 540.602 541.111 532.033 531.360 552.680 535.840 503.963 563.507 545.506 556.648 543.438 554.975 588.969 562.398 589.209 593.600 539.938 574.080 541.342 515.115 526.216 491.967 474.378 427.300 390.008 366.948 359.596 367.999 358.938 363.304 380.890 374.760 382.350 388.738 380.130 426.996 400.435 394.600 410.586 431.454 465.893 468.984 466.876 476.879 491.283 516.111 511.923 520.446 566.527 575.711 582.642 582.157 573.403 618.022 581.761 595.053 561.849 526.327 499.847 499.745 472.028 465.343
-999.250 -999.250 534.362 518.867 544.356 532.856 516.443 549.812 536.432 542.293 549.752 579.668 552.901 586.137 582.048 563.384 573.102 588.192 581.605 592.143 542.667 533.048 523.110 506.929 473.493 471.071 407.183 355.649 347.719 340.351 350.792 354.217 350.047 367.135 390.518 402.029 377.574 361.633 394.897 356.554 377.706 370.328 400.662 405.769 383.826 463.575 481.546 465.419 500.473 517.482 524.731 558.928 578.976 594.585 556.673 583.276 563.758 561.196 557.726 544.985 538.705 507.664 479.723 449.113 375.327
-999.250 -999.250 547.565 572.287 553.026 530.456 526.295 558.019 544.246 525.473 552.462 560.482 570.070 558.596 582.144 578.994 557.847 566.331 558.573 546.946 -999.250 497.367 493.528 497.549 468.813 477.073 415.416 364.328 333.835 267.956 314.730 331.996 347.869 329.248 342.578 380.763 359.318 356.602 362.093 362.400 384.598 376.600 381.755 417.953 377.565 412.505 427.812 445.796 440.082 469.802 501.836 539.530 514.551 541.149 562.034 527.639 496.985 493.991 509.464 506.300 501.709 490.105 428.768 395.371 359.850
-999.250 545.341 546.804 562.781 512.701 547.303 550.044 545.536 528.792 526.933 576.033 561.411 573.664 567.467 559.797 574.262 579.352 567.620 549.754 -999.250 -999.250 489.536 488.134 470.295 498.378 438.173 400.826 349.878 351.024 305.871 318.519 313.134 328.651 329.028 343.639 359.231 346.660 346.717 351.432 347.080 350.967 351.163 379.361 402.712 375.745 371.730 405.407 420.872 444.459 435.660 455.099 496.680 508.659 521.566 535.680 528.134 502.882 493.389 489.561 464.052 460.878 441.404 399.494 351.767 314.906
-999.250 561.692 536.276 545.446 577.260 541.714 555.913 550.164 549.202 541.342 528.146 550.237 550.078 572.219 564.368 559.892 559.043 551.796 -999.250 -999.250 -999.250 -999.250 466.447 445.434 445.656 449.668 368.873 353.012 335.620 336.252 330.405 318.730 328.835 340.927 341.542 339.300 330.008 335.952 321.006 342.731 346.181 360.127 347.837 374.343 355.854 362.728 368.256 356.427 405.056 434.842 395.320 471.210 500.427 510.173 495.504 524.758 495.731 467.450 454.956 450.583 398.340 387.977 346.187 315.012 286.920
531.785 559.960 537.075 562.024 559.391 558.163 547.966 535.157 520.160 489.522 504.125 526.519 549.554 551.366 587.162 573.957 577.113 531.606 -999.250 -999.250 -999.250 -999.250 -999.250 422.992 403.564 410.326 372.784 348.107 345.967 334.640 336.114 333.187 343.300 351.603 331.184 334.597 330.765 344.604 354.327 346.855 334.782 347.156 341.123 341.576 351.349 332.628 343.754 340.788 360.709 387.486 379.817 444.382 458.024 472.074 438.993 467.643 452.147 433.128 425.370 395.763 370.876 369.702 323.526 261.621 221.830
-999.250 530.983 537.486 570.169 584.236 573.697 552.346 543.238 523.543 503.849 497.316 533.933 513.834 548.531 586.421 575.134 586.019 550.465 -999.250 -999.250 -999.250 -999.250 423.659 395.753 417.553 382.751 364.842 364.285 348.360 342.035 332.061 329.194 320.155 339.223 343.447 358.287 338.246 333.224 335.363 322.371 322.649 319.425 314.962 320.467 316.378 305.368 301.677 312.101 325.287 348.313 340.642 361.657 421.705 429.803 414.778 395.197 402.000 408.627 399.040 389.815 366.559 335.081 298.686 234.084 188.487
-999.250 546.355 563.130 579.101 570.662 561.687 533.212 516.889 512.742 503.466 503.901 516.256 520.242 547.626 585.232 616.076 582.447 574.801 -999.250 -999.250 -999.250 448.712 -999.250 374.464 382.414 369.117 359.429 335.968 320.852 330.027 345.770 329.243 326.766 344.422 338.300 336.796 343.167 324.660 332.616 326.121 324.673 317.563 305.360 272.522 280.974 280.517 266.572 270.157 288.723 321.820 342.351 341.709 370.974 376.035 377.613 379.366 365.105 411.865 399.132 379.674 357.612 329.176 284.952 233.155 196.414
-999.250 561.882 597.900 616.410 583.147 542.578 530.279 536.745 488.709 502.291 465.620 476.023 516.446 537.860 542.824 582.672 578.700 -999.250 -999.250 -999.250 -999.250 417.389 414.121 372.923 349.248 373.048 342.758 331.578 315.632 325.888 322.535 315.226 339.592 343.346 345.690 338.804 345.170 331.422 336.878 323.615 300.790 290.343 251.464 218.870 214.034 225.409 256.783 262.537 278.737 294.403 327.304 331.855 344.593 370.549 356.355 367.251 346.720 366.259 391.669 367.604 343.783 325.904 281.506 264.187 242.787
-999.250 543.487 583.870 612.805 575.159 560.333 521.214 491.224 498.494 501.833 464.595 412.608 521.125 537.834 552.781 594.032 557.272 -999.250 -999.250 -999.250 467.677 414.317 341.931 362.917 358.420 341.202 349.901 313.948 272.906 310.036 323.036 319.420 333.592 346.331 355.031 330.348 342.919 327.948 326.250 304.763 275.369 253.279 230.727 201.914 189.026 182.712 202.231 229.532 273.752 283.896 302.294 312.370 326.751 340.412 327.522 323.451 332.210 331.664 366.110 359.460 351.274 347.101 322.921 285.541 287.762
-999.250 -999.250 -999.250 571.689 -999.250 -999.250 510.406 489.771 461.510 -999.250 -999.250 -999.250 511.400 557.671 -999.250 -999.250 -999.250 -999.250 -999.250 -999.250 422.199 388.630 362.770 359.063 354.027 332.384 335.800 335.042 325.599 335.434 328.161 332.464 339.967 344.490 352.395 350.455 334.072 319.907 314.167 309.589 280.376 252.139 222.898 184.599 162.199 150.154 175.898 199.496 234.603 276.494 259.865 296.324 305.096 309.942 319.033 312.425 330.044 327.932 342.864 355.513 328.015 332.062 338.408 321.397 305.137
-999.250 -999.250 -999.250 -999.250 -999.250 -999.250 -999.250 -999.250 -999.250 -999.250 -999.250 -999.250 -999.250 603.866 609.344 620.329 -999.250 -999.250 -999.250 424.247 385.643 378.656 349.634 353.887 376.287 370.906 361.827 349.620 341.474 330.052 336.035 352.291 356.003 367.840 348.266 346.575 329.368 338.084 311.166 327.129 270.441 252.542 215.016 180.434 136.846 71.079 151.324 187.948 220.290 278.704 269.379 268.443 284.498 287.632 293.680 273.824 279.155 296.686 318.560 320.969 325.382 321.462 330.762 333.668 316.179
-999.250 -999.250 -999.250 -999.250 -999.250 -999.250 -999.250 -999.250 -999.250 -999.250 -999.250 542.168 570.402 605.286 618.045 662.569 -999.250 -999.250 454.987 367.280 362.670 360.923 367.761 352.738 390.445 369.326 352.763 357.017 346.111 368.204 382.947 357.130 373.664 377.603 384.568 334.107 344.233 335.268 345.943 289.607 272.022 226.565 208.146 191.782 150.844 134.694 156.334 182.068 210.454 248.034 273.616 262.523 278.665 263.373 282.214 252.347 230.076 279.836 310.093 332.234 338.975 335.352 335.787 347.360 351.650
-999.250 -999.250 -999.250 -999.250 -999.250 -999.250 -999.250 -999.250 -999.250 -999.250 -999.250 518.665 558.671 584.271 612.612 606.533 568.564 495.927 468.493 407.601 383.011 352.446 374.474 369.974 380.111 365.419 350.091 379.061 394.679 377.355 379.743 374.988 384.978 362.264 387.122 359.227 346.258 325.047 320.904 296.234 273.602 249.397 212.926 188.661 180.124 173.052 176.418 194.247 236.191 250.548 267.573 270.996 285.309 296.864 294.761 279.130 281.729 313.668 317.998 330.144 344.463 349.442 348.187 372.895 379.304
-999.250 -999.250 -999.250 -999.250 -999.250 -999.250 -999.250 -999.250 -999.250 -999.250 -999.250 -999.250 518.063 576.858 587.841 558.531 526.372 511.585 486.693 421.823 395.974 391.763 394.626 390.875 377.446 386.219 400.120 395.623 416.124 427.794 410.591 384.196 404.768 389.278 374.420 361.914 363.863 325.006 296.634 287.389 297.458 246.892 228.332 219.093 204.156 204.520 198.012 215.953 233.630 264.299 266.001 302.507 300.039 307.479 305.896 280.772 295.935 311.511 310.292 321.689 340.063 350.527 347.143 356.117 381.630
-999.250 -999.250 -999.250 -999.250 -999.250 -999.250 -999.250 -999.250 -999.250 -999.250 -999.250 -999.250 -999.250 563.199 549.354 542.374 512.855 500.912 486.890 449.156 424.264 380.934 388.239 372.623 406.126 457.685 418.027 435.362 448.750 471.323 461.984 433.977 395.922 425.609 378.833 404.914 388.588 317.078 322.791 313.450 286.362 267.163 253.104 229.842 240.713 217.287 218.489 244.599 253.202 255.692 270.337 296.488 295.216 290.948 308.990 306.228 303.247 298.747 322.721 316.755 345.282 368.671 360.351 381.853 403.755
-999.250 -999.250 -999.250 -999.250 -999.250 -999.250 -999.250 -999.250 -999.250 -999.250 -999.250 -999.250 -999.250 539.676 534.992 503.986 520.321 477.421 449.361 430.291 418.552 408.733 394.983 404.367 416.724 433.781 452.775 449.851 424.724 460.754 483.775 466.005 402.312 406.309 412.174 373.523 373.631 332.844 347.507 342.670 309.143 294.978 280.104 241.488 246.609 240.913 242.547 281.665 258.371 255.804 257.630 296.061 302.864 298.365 326.421 326.365 324.895 321.994 337.366 357.430 349.420 365.337 370.972 386.989 397.659
-999.250 -999.250 -999.250 -999.250 -999.250 -999.250 -999.250 -999.250 -999.250 -999.250 -999.250 -999.250 -999.250 499.606 487.060 484.003 424.187 422.203 393.169 395.911 431.301 430.547 414.009 424.695 438.851 452.601 445.370 501.903 474.395 486.566 470.728 489.053 440.245 421.112 415.180 383.069 384.193 369.591 339.937 323.705 305.908 276.197 282.378 283.091 269.005 266.387 285.949 286.331 272.205 261.676 292.613 305.477 321.166 338.715 326.602 306.898 308.728 328.253 343.958 355.921 357.671 352.414 358.958 371.408 411.022
-999.250 -999.250 -999.250 -999.250 -999.250 -999.250 -999.250 -999.250 -999.250 -999.250 -999.250 -999.250 -999.250 -999.250 445.933 459.291 397.214 369.715 331.675 370.107 415.082 416.633 450.172 414.600 457.951 484.638 466.752 501.294 523.525 498.269 501.457 491.023 507.159 464.656 427.278 429.547 405.385 400.101 350.444 336.817 314.143 313.738 293.979 287.064 286.794 308.101 293.712 308.027 300.319 288.712 313.442 303.487 310.864 329.866 337.767 328.163 338.957 311.198 364.723 374.924 386.294 397.346 397.245 385.943 396.723
-999.250 -999.250 -999.250 -999.250 -999.250 -999.250 -999.250 -999.250 -999.250 -999.250 -999.250 -999.250 -999.250 -999.250 432.730 440.133 410.191 390.521 371.633 391.877 438.356 457.237 454.807 450.142 467.428 500.278 508.094 515.827 521.168 517.837 503.495 517.109 468.680 468.393 440.077 427.913 389.384 415.209 395.269 345.395 318.109 312.096 288.302 294.024 308.241 293.754 295.455 311.393 300.131 320.253 305.451 327.105 325.457 340.556 336.660 356.890 355.460 368.537 355.593 405.710 432.284 445.268 405.401 429.398 408.817
-999.250 -999.250 -999.250 -999.250 -999.250 -999.250 -999.250 -999.250 -999.250 -999.250 -999.250 -999.250 -999.250 -999.250 424.155 446.164 467.259 405.334 400.385 431.351 445.831 447.412 468.083 473.537 480.010 513.844 494.381 528.593 528.979 553.574 517.192 507.208 503.289 510.572 464.679 401.813 399.971 364.978 371.863 359.744 337.706 342.594 308.693 309.767 299.959 322.444 299.046 324.718 317.173 326.615 358.806 329.335 355.114 377.307 358.317 355.021 396.297 381.640 388.850 387.634 414.657 444.019 419.552 420.477 438.230
-999.250 -999.250 -999.250 -999.250 -999.250 -999.250 -999.250 -999.250 -999.250 -999.250 -999.250 -999.250 -999.250 -999.250 393.447 415.620 443.091 422.550 416.268 427.500 447.503 455.281 435.352 465.270 488.917 -999.250 512.355 530.639 523.283 518.299 516.537 508.002 515.351 488.848 465.559 463.830 402.005 391.202 377.562 338.053 338.826 347.713 345.947 314.295 315.619 309.628 310.473 307.533 330.557 341.288 354.721 369.184 348.774 349.098 364.605 394.248 420.175 386.351 383.177 412.582 451.249 434.144 445.430 453.148 419.253
