data/medianmodel_30-Aug-2020.asc
ncols	141
nrows	288
xllcorner	-120191.398
yllcorner	-301404.813
cellsize	2000.000
NODATA_value	-999.250
[rows 31 to 61 of 288, columns 0 to 68 of 141]
-999.250 -999.250 -999.250 -999.250 -999.250 -999.250 -999.250 -999.250 -999.250 -999.250 -999.250 -999.250 -999.250 -999.250 -999.250 -999.250 -999.250 -999.250 -999.250 -999.250 -999.250 -999.250 -999.250 -999.250 -999.250 -999.250 -999.250 -999.250 -999.250 -999.250 -999.250 -999.250 8.388 5.759 4.176 4.962 7.237 7.272 11.980 13.114 17.881 26.725 34.795 41.495 47.597 51.033 53.170 50.227 44.102 39.434 35.459 33.719 34.519 37.352 41.862 30.723 23.078 17.998 11.879 9.210 8.557 8.138 8.616 10.866 11.246 10.053 10.927 10.623 9.525
-999.250 -999.250 -999.250 -999.250 -999.250 -999.250 -999.250 -999.250 -999.250 -999.250 -999.250 -999.250 -999.250 -999.250 -999.250 -999.250 -999.250 -999.250 -999.250 -999.250 -999.250 -999.250 -999.250 -999.250 -999.250 -999.250 -999.250 -999.250 -999.250 -999.250 -999.250 -999.250 11.607 9.265 5.975 7.283 8.054 9.657 10.090 12.018 14.189 20.013 28.356 34.699 39.848 42.150 43.367 41.985 40.766 36.902 34.761 33.162 34.802 35.778 35.668 31.063 27.502 21.066 15.698 12.796 11.629 13.691 14.761 17.333 17.051 17.789 15.752 13.065 12.721
-999.250 -999.250 -999.250 -999.250 -999.250 -999.250 -999.250 -999.250 -999.250 -999.250 -999.250 -999.250 -999.250 -999.250 -999.250 -999.250 -999.250 -999.250 -999.250 -999.250 -999.250 -999.250 -999.250 -999.250 -999.250 -999.250 -999.250 -999.250 -999.250 -999.250 -999.250 -999.250 16.854 14.630 11.964 9.976 10.565 11.812 12.401 12.785 16.353 18.118 24.080 31.223 34.329 37.193 38.429 38.020 38.319 35.992 32.996 32.655 34.814 35.932 33.921 29.927 28.252 22.964 21.475 18.065 17.427 17.714 20.562 22.835 26.318 23.976 19.024 15.970 13.562
-999.250 -999.250 -999.250 -999.250 -999.250 -999.250 -999.250 -999.250 -999.250 -999.250 -999.250 -999.250 -999.250 -999.250 -999.250 -999.250 -999.250 -999.250 -999.250 -999.250 -999.250 -999.250 -999.250 -999.250 -999.250 -999.250 -999.250 -999.250 -999.250 -999.250 -999.250 -999.250 25.756 21.127 18.345 16.411 17.576 16.804 15.479 16.235 17.042 20.797 22.150 26.893 31.233 34.084 34.582 33.098 30.896 32.948 32.778 34.012 34.823 33.780 31.270 28.818 27.847 26.376 23.427 24.374 21.282 22.821 26.117 30.326 38.393 30.489 23.860 17.641 14.317
-999.250 -999.250 -999.250 -999.250 -999.250 -999.250 -999.250 -999.250 -999.250 -999.250 -999.250 -999.250 -999.250 -999.250 -999.250 -999.250 -999.250 -999.250 -999.250 -999.250 -999.250 -999.250 -999.250 -999.250 -999.250 -999.250 -999.250 -999.250 -999.250 -999.250 -999.250 -999.250 35.424 33.465 27.883 26.566 27.143 27.017 24.335 23.817 21.712 24.268 24.733 26.282 29.945 32.193 30.831 31.423 31.595 34.191 34.689 33.893 33.092 34.765 32.327 28.838 27.870 28.327 27.407 27.628 27.406 27.323 29.984 32.790 33.067 28.966 23.644 18.397 13.485
-999.250 -999.250 -999.250 -999.250 -999.250 -999.250 -999.250 -999.250 -999.250 -999.250 -999.250 -999.250 -999.250 -999.250 -999.250 -999.250 -999.250 -999.250 -999.250 -999.250 -999.250 -999.250 -999.250 -999.250 -999.250 -999.250 -999.250 -999.250 -999.250 -999.250 -999.250 -999.250 46.385 43.565 41.804 40.333 39.205 36.498 32.548 30.932 28.100 27.719 29.451 28.329 29.347 30.388 30.407 31.114 33.194 33.150 36.373 37.165 37.532 36.988 36.120 32.322 31.441 29.321 28.817 29.167 28.907 31.053 29.750 31.381 30.114 24.459 19.848 14.418 12.775
-999.250 -999.250 -999.250 -999.250 -999.250 -999.250 -999.250 -999.250 -999.250 -999.250 -999.250 -999.250 -999.250 -999.250 -999.250 -999.250 -999.250 -999.250 -999.250 -999.250 -999.250 -999.250 -999.250 -999.250 -999.250 -999.250 -999.250 -999.250 -999.250 -999.250 -999.250 -999.250 -999.250 58.453 56.592 53.978 55.383 49.716 41.452 40.551 38.154 34.432 30.775 30.946 33.595 32.502 30.410 30.411 33.748 34.995 37.413 38.917 40.012 39.335 37.716 34.716 33.388 31.962 31.300 31.509 30.487 31.577 30.632 30.274 27.382 20.925 16.576 12.452 7.711
-999.250 -999.250 -999.250 -999.250 -999.250 -999.250 -999.250 -999.250 -999.250 -999.250 -999.250 -999.250 -999.250 -999.250 -999.250 -999.250 -999.250 -999.250 -999.250 -999.250 -999.250 -999.250 -999.250 -999.250 -999.250 -999.250 -999.250 -999.250 -999.250 -999.250 -999.250 -999.250 -999.250 71.074 69.567 66.244 66.997 59.779 53.425 50.841 43.417 38.964 38.570 35.704 34.710 33.530 32.088 32.834 35.189 34.968 38.733 41.298 44.624 42.731 38.950 34.868 33.058 33.675 37.453 32.570 32.080 32.255 35.092 33.090 29.067 18.484 12.906 9.773 4.159
-999.250 -999.250 -999.250 -999.250 -999.250 -999.250 -999.250 -999.250 -999.250 -999.250 -999.250 -999.250 -999.250 -999.250 -999.250 -999.250 -999.250 -999.250 -999.250 -999.250 -999.250 -999.250 -999.250 -999.250 -999.250 -999.250 -999.250 -999.250 -999.250 -999.250 -999.250 -999.250 85.448 89.977 91.961 84.706 82.595 73.548 64.166 58.211 53.644 46.209 43.134 39.280 38.323 36.141 33.421 33.741 34.903 33.545 37.575 42.270 53.181 43.386 38.318 36.532 33.912 33.068 33.697 31.813 31.922 33.480 37.126 36.161 29.483 18.980 11.082 6.188 0.357
-999.250 -999.250 -999.250 -999.250 -999.250 -999.250 -999.250 -999.250 -999.250 -999.250 -999.250 -999.250 -999.250 -999.250 -999.250 -999.250 -999.250 -999.250 -999.250 -999.250 -999.250 -999.250 -999.250 -999.250 -999.250 -999.250 -999.250 -999.250 -999.250 -999.250 -999.250 -999.250 92.327 94.188 101.357 97.174 89.652 86.745 73.307 65.989 60.963 55.496 48.038 44.155 42.677 39.215 37.061 35.283 34.794 33.601 35.225 36.798 38.673 36.045 33.089 31.424 30.170 31.300 30.048 30.761 30.350 33.122 35.821 42.017 27.866 15.885 9.025 0.995 0.000
-999.250 -999.250 -999.250 -999.250 -999.250 -999.250 -999.250 -999.250 -999.250 -999.250 -999.250 -999.250 -999.250 -999.250 -999.250 -999.250 -999.250 -999.250 -999.250 -999.250 -999.250 -999.250 -999.250 -999.250 -999.250 -999.250 -999.250 -999.250 -999.250 -999.250 -999.250 -999.250 -999.250 106.225 127.421 103.394 94.237 88.885 84.558 74.976 66.828 56.775 52.461 48.023 50.123 40.298 37.310 33.948 34.080 33.869 28.752 27.215 26.389 25.582 24.261 27.615 26.853 27.773 26.690 27.810 28.634 30.717 30.785 30.628 25.044 14.360 5.119 0.000 0.000
-999.250 -999.250 -999.250 -999.250 -999.250 -999.250 -999.250 -999.250 -999.250 -999.250 -999.250 -999.250 -999.250 -999.250 -999.250 -999.250 -999.250 -999.250 -999.250 -999.250 -999.250 -999.250 -999.250 -999.250 -999.250 -999.250 -999.250 -999.250 -999.250 -999.250 -999.250 -999.250 -999.250 106.361 114.048 109.378 99.993 96.379 87.181 76.687 67.890 58.312 53.758 50.299 46.035 39.942 37.430 34.989 33.016 30.037 25.038 20.796 16.738 17.567 19.278 22.279 25.532 27.305 23.275 24.980 23.652 24.115 25.380 24.233 17.932 11.688 5.808 0.000 0.000
-999.250 -999.250 -999.250 -999.250 -999.250 -999.250 -999.250 -999.250 -999.250 -999.250 -999.250 -999.250 -999.250 -999.250 -999.250 -999.250 -999.250 -999.250 -999.250 -999.250 -999.250 -999.250 -999.250 -999.250 -999.250 -999.250 -999.250 -999.250 -999.250 -999.250 -999.250 -999.250 -999.250 106.748 116.460 118.559 109.969 97.990 90.260 87.164 75.453 62.445 55.204 50.061 43.336 39.840 37.250 38.204 33.880 29.843 25.372 20.630 15.706 14.333 16.132 20.472 22.161 26.585 21.458 18.443 18.342 18.340 20.465 18.340 15.222 10.985 6.191 0.000 0.000
-999.250 -999.250 -999.250 -999.250 -999.250 -999.250 -999.250 -999.250 -999.250 -999.250 -999.250 -999.250 -999.250 -999.250 -999.250 -999.250 -999.250 -999.250 -999.250 -999.250 -999.250 -999.250 -999.250 -999.250 -999.250 -999.250 -999.250 -999.250 -999.250 -999.250 -999.250 -999.250 -999.250 -999.250 119.490 140.177 109.197 98.969 92.337 80.769 71.539 60.170 57.696 53.304 44.869 39.093 36.686 34.838 32.194 32.591 29.397 24.640 20.745 18.563 19.353 20.651 19.699 18.877 17.061 15.178 13.029 12.700 13.811 13.558 10.502 7.543 2.920 0.313 0.000
-999.250 -999.250 -999.250 -999.250 -999.250 -999.250 -999.250 -999.250 -999.250 -999.250 -999.250 -999.250 -999.250 -999.250 -999.250 -999.250 -999.250 -999.250 -999.250 -999.250 -999.250 -999.250 -999.250 -999.250 -999.250 -999.250 -999.250 -999.250 -999.250 -999.250 -999.250 -999.250 -999.250 -999.250 103.949 110.449 106.736 91.124 86.320 75.609 64.639 58.993 54.755 57.265 44.032 38.853 35.192 33.948 34.405 36.803 37.991 32.578 28.338 25.613 26.205 24.050 21.058 15.286 11.818 11.051 9.884 10.150 9.146 9.396 7.488 3.338 1.704 0.188 0.000
-999.250 -999.250 -999.250 -999.250 -999.250 -999.250 -999.250 -999.250 -999.250 -999.250 -999.250 -999.250 -999.250 -999.250 -999.250 -999.250 -999.250 -999.250 -999.250 -999.250 -999.250 -999.250 -999.250 -999.250 -999.250 -999.250 -999.250 -999.250 -999.250 -999.250 -999.250 -999.250 -999.250 -999.250 95.350 96.644 90.882 87.594 72.814 62.617 54.389 48.944 44.487 42.254 38.734 34.636 34.028 33.907 36.867 39.232 49.358 40.055 33.737 35.979 35.293 29.988 21.832 14.759 11.879 9.760 8.819 8.664 6.612 5.896 3.791 2.697 0.000 0.000 0.381
-999.250 -999.250 -999.250 -999.250 -999.250 -999.250 -999.250 -999.250 -999.250 -999.250 -999.250 -999.250 -999.250 -999.250 -999.250 -999.250 -999.250 -999.250 -999.250 -999.250 -999.250 -999.250 -999.250 -999.250 -999.250 -999.250 -999.250 -999.250 -999.250 -999.250 -999.250 -999.250 -999.250 -999.250 91.231 87.352 86.778 75.213 59.561 52.966 42.108 38.025 32.926 29.238 29.393 29.539 30.303 33.305 35.399 40.049 43.680 41.155 40.053 42.096 47.054 35.606 25.385 17.884 13.318 11.001 8.509 8.125 6.788 4.098 1.038 0.000 0.000 0.000 2.425
-999.250 -999.250 -999.250 -999.250 -999.250 -999.250 -999.250 -999.250 -999.250 -999.250 -999.250 -999.250 -999.250 -999.250 -999.250 -999.250 -999.250 -999.250 -999.250 -999.250 -999.250 -999.250 -999.250 -999.250 -999.250 -999.250 -999.250 -999.250 -999.250 -999.250 -999.250 -999.250 -999.250 -999.250 -999.250 73.082 65.605 58.870 45.604 35.973 29.498 24.714 20.759 18.706 20.632 24.641 26.029 30.459 35.603 38.953 40.755 42.956 43.046 43.385 42.712 36.702 28.107 19.098 14.493 11.652 9.920 9.724 11.280 5.796 1.618 0.000 0.000 0.000 2.794
-999.250 -999.250 -999.250 -999.250 -999.250 -999.250 -999.250 -999.250 -999.250 -999.250 -999.250 -999.250 -999.250 -999.250 -999.250 -999.250 -999.250 -999.250 -999.250 -999.250 -999.250 -999.250 -999.250 -999.250 -999.250 -999.250 -999.250 -999.250 -999.250 -999.250 -999.250 -999.250 -999.250 -999.250 -999.250 59.533 53.893 45.833 35.822 22.764 16.882 13.490 10.791 11.398 12.198 17.808 22.741 30.183 31.979 38.161 41.386 43.310 45.289 43.820 40.935 38.631 30.191 26.244 22.260 17.677 14.317 10.683 9.297 5.950 2.136 0.000 0.000 0.000 1.929
-999.250 -999.250 -999.250 -999.250 -999.250 -999.250 -999.250 -999.250 -999.250 -999.250 -999.250 -999.250 -999.250 -999.250 -999.250 -999.250 -999.250 -999.250 -999.250 -999.250 -999.250 -999.250 -999.250 -999.250 -999.250 -999.250 -999.250 -999.250 -999.250 -999.250 -999.250 -999.250 -999.250 -999.250 -999.250 55.415 42.349 37.938 28.583 14.392 8.305 7.834 6.668 6.667 8.062 13.073 17.480 25.426 32.315 36.837 40.785 43.625 45.360 43.575 42.864 38.440 32.531 30.067 25.545 21.518 17.600 15.166 11.490 8.592 4.869 2.044 0.000 0.000 1.901
-999.250 -999.250 -999.250 -999.250 -999.250 -999.250 -999.250 -999.250 -999.250 -999.250 -999.250 -999.250 -999.250 -999.250 -999.250 -999.250 -999.250 -999.250 -999.250 -999.250 -999.250 -999.250 -999.250 -999.250 -999.250 -999.250 -999.250 -999.250 -999.250 -999.250 -999.250 -999.250 -999.250 -999.250 -999.250 45.628 38.080 34.441 32.505 16.578 8.121 4.906 8.210 3.559 6.141 11.763 15.522 22.696 32.228 37.325 40.856 46.684 47.848 45.349 44.548 39.465 35.680 31.308 29.189 27.287 24.486 20.404 17.352 12.351 6.653 2.827 0.000 0.000 0.000
-999.250 -999.250 -999.250 -999.250 -999.250 -999.250 -999.250 -999.250 -999.250 -999.250 -999.250 -999.250 -999.250 -999.250 -999.250 -999.250 -999.250 -999.250 -999.250 -999.250 -999.250 -999.250 -999.250 -999.250 -999.250 -999.250 -999.250 -999.250 -999.250 -999.250 -999.250 -999.250 -999.250 -999.250 -999.250 39.951 34.117 32.407 26.174 18.225 11.411 5.884 3.327 3.746 6.273 9.735 15.796 20.661 29.415 39.504 42.129 48.782 55.358 53.389 44.629 40.388 36.209 34.814 33.639 32.760 29.656 25.240 19.979 12.532 12.256 6.152 3.346 1.210 0.000
-999.250 -999.250 -999.250 -999.250 -999.250 -999.250 -999.250 -999.250 -999.250 -999.250 -999.250 -999.250 -999.250 -999.250 -999.250 -999.250 -999.250 -999.250 -999.250 -999.250 -999.250 -999.250 -999.250 -999.250 -999.250 -999.250 -999.250 -999.250 -999.250 -999.250 -999.250 -999.250 -999.250 -999.250 -999.250 -999.250 34.849 30.996 28.647 25.154 15.303 9.707 6.378 5.276 6.306 9.517 14.077 20.836 27.807 34.850 41.377 51.242 67.362 55.109 46.772 40.232 36.311 33.298 35.478 40.780 31.504 25.961 19.359 15.745 13.947 10.269 6.461 3.444 0.000
-999.250 -999.250 -999.250 -999.250 -999.250 -999.250 -999.250 -999.250 -999.250 -999.250 -999.250 -999.250 -999.250 -999.250 -999.250 -999.250 -999.250 -999.250 -999.250 -999.250 -999.250 -999.250 -999.250 -999.250 -999.250 -999.250 -999.250 -999.250 -999.250 -999.250 -999.250 -999.250 -999.250 -999.250 -999.250 -999.250 35.529 30.302 30.321 37.395 22.961 13.714 8.849 10.844 7.251 8.721 14.062 18.081 26.585 32.329 38.800 46.750 54.780 48.955 42.267 39.009 33.592 30.610 31.780 34.584 29.406 26.548 19.581 17.041 15.315 15.127 10.978 5.830 0.000
-999.250 -999.250 -999.250 -999.250 -999.250 -999.250 -999.250 -999.250 -999.250 -999.250 -999.250 -999.250 -999.250 -999.250 -999.250 -999.250 -999.250 -999.250 -999.250 -999.250 -999.250 -999.250 -999.250 -999.250 -999.250 -999.250 -999.250 -999.250 -999.250 -999.250 -999.250 -999.250 -999.250 -999.250 -999.250 -999.250 -999.250 30.826 29.760 29.212 23.285 15.617 9.486 8.860 7.884 8.724 12.308 18.983 25.850 31.137 36.971 40.576 43.555 41.475 36.874 33.372 29.498 27.052 27.246 26.689 26.730 24.456 19.403 17.331 16.002 15.615 21.336 8.820 0.696
-999.250 -999.250 -999.250 -999.250 -999.250 -999.250 -999.250 -999.250 -999.250 -999.250 -999.250 -999.250 -999.250 -999.250 -999.250 -999.250 -999.250 -999.250 -999.250 -999.250 -999.250 -999.250 -999.250 -999.250 -999.250 -999.250 -999.250 -999.250 -999.250 -999.250 -999.250 -999.250 -999.250 -999.250 -999.250 -999.250 -999.250 23.511 25.148 24.469 21.678 14.616 10.652 7.785 7.510 9.626 14.023 17.189 21.551 27.377 33.261 38.146 39.827 36.566 33.330 27.402 25.921 23.117 22.291 21.315 21.778 19.559 16.417 15.436 13.762 13.481 11.682 6.305 0.000
-999.250 -999.250 -999.250 -999.250 -999.250 -999.250 -999.250 -999.250 -999.250 -999.250 -999.250 -999.250 -999.250 -999.250 -999.250 -999.250 -999.250 -999.250 -999.250 -999.250 -999.250 -999.250 -999.250 -999.250 -999.250 -999.250 -999.250 -999.250 -999.250 -999.250 -999.250 -999.250 -999.250 -999.250 -999.250 -999.250 -999.250 19.898 17.497 17.805 22.298 14.085 9.838 6.745 7.989 10.185 16.032 19.051 22.901 28.576 29.838 34.605 34.758 31.451 31.387 27.050 24.603 22.669 19.262 17.854 17.995 16.839 13.343 13.358 11.720 10.490 8.505 2.328 0.000
-999.250 -999.250 -999.250 -999.250 -999.250 -999.250 -999.250 -999.250 -999.250 -999.250 -999.250 -999.250 -999.250 -999.250 -999.250 -999.250 -999.250 -999.250 -999.250 -999.250 -999.250 -999.250 -999.250 -999.250 -999.250 -999.250 -999.250 -999.250 -999.250 -999.250 -999.250 -999.250 -999.250 -999.250 -999.250 -999.250 -999.250 12.968 13.087 13.065 12.874 10.392 8.800 8.739 8.935 13.197 16.122 19.377 26.157 31.193 31.231 35.674 33.367 33.775 30.573 29.122 24.445 19.201 16.886 15.180 16.828 17.399 13.976 13.397 10.821 8.348 3.928 0.000 0.000
-999.250 -999.250 -999.250 -999.250 -999.250 -999.250 -999.250 -999.250 -999.250 -999.250 -999.250 -999.250 -999.250 -999.250 -999.250 -999.250 -999.250 -999.250 -999.250 -999.250 -999.250 -999.250 -999.250 -999.250 -999.250 -999.250 -999.250 -999.250 -999.250 -999.250 -999.250 -999.250 -999.250 -999.250 -999.250 -999.250 -999.250 -999.250 8.635 7.209 7.414 8.076 7.433 7.856 11.483 15.364 20.488 24.690 29.652 34.235 32.818 38.185 38.352 39.844 39.646 38.151 36.341 26.855 17.972 19.413 20.258 21.646 18.152 15.798 11.288 8.978 3.549 0.000 0.000
-999.250 -999.250 -999.250 -999.250 -999.250 -999.250 -999.250 -999.250 -999.250 -999.250 -999.250 -999.250 -999.250 -999.250 -999.250 -999.250 -999.250 -999.250 -999.250 -999.250 -999.250 -999.250 -999.250 -999.250 -999.250 -999.250 -999.250 -999.250 -999.250 -999.250 -999.250 -999.250 -999.250 -999.250 -999.250 -999.250 -999.250 -999.250 4.437 3.611 4.753 6.439 8.279 9.690 14.599 18.502 25.129 29.825 35.502 39.670 40.840 47.811 52.177 58.237 60.028 66.190 55.199 45.744 27.406 33.647 32.691 32.569 29.168 23.033 15.630 11.338 7.641 2.516 0.000
-999.250 -999.250 -999.250 -999.250 -999.250 -999.250 -999.250 -999.250 -999.250 -999.250 -999.250 -999.250 -999.250 -999.250 -999.250 -999.250 -999.250 -999.250 -999.250 -999.250 -999.250 -999.250 -999.250 -999.250 -999.250 -999.250 -999.250 -999.250 -999.250 -999.250 -999.250 -999.250 -999.250 -999.250 -999.250 -999.250 -999.250 -999.250 0.000 1.236 2.224 4.162 8.228 12.348 18.697 24.997 32.401 37.680 44.934 54.897 60.727 74.074 82.953 92.274 98.150 93.621 96.240 75.544 67.800 61.068 56.477 52.015 39.152 32.248 24.780 14.917 9.363 4.748 0.000
