data/medianmodel_25-Jan-2021.asc
ncols	141
nrows	288
xllcorner	-120191.398
yllcorner	-301404.813
cellsize	2000.000
NODATA_value	-999.250
[rows 196 to 223 of 288, columns 0 to 62 of 141]
-999.250 -999.250 -999.250 -999.250 -999.250 -999.250 -999.250 -999.250 -999.250 -999.250 -999.250 -999.250 -999.250 1653.964 1626.806 1654.695 1611.674 1621.654 1643.074 1616.637 1654.067 1695.170 1737.341 1815.230 1888.934 1951.104 2021.448 2036.175 2017.550 2011.252 2009.096 2034.789 1985.486 1930.133 1937.433 1894.012 1969.712 1875.156 1901.552 1877.284 1803.712 1774.216 1721.093 1708.354 1671.799 1666.475 1682.957 1763.586 1758.335 1766.247 1827.300 1858.915 1816.059 1851.655 1846.226 1873.855 1845.456 1866.012 1899.047 1803.492 1782.906 1791.439 1791.137
-999.250 -999.250 -999.250 -999.250 -999.250 -999.250 -999.250 -999.250 -999.250 -999.250 -999.250 -999.250 -999.250 1613.672 1625.054 1611.033 1624.490 1648.535 1658.877 1657.687 1692.563 1759.071 1881.989 1898.598 1962.701 2045.029 2090.704 2097.257 2091.124 2056.508 2171.804 2152.465 2117.987 2095.210 2062.609 2014.235 1982.423 1956.073 2003.689 1947.825 1877.906 1836.541 1796.835 1804.328 1737.329 1792.080 1840.571 1829.926 1851.565 1833.800 1819.462 1841.209 1927.830 1848.256 1885.647 1868.805 1823.515 1841.005 1865.828 1854.815 1804.698 1809.764 1730.201
-999.250 -999.250 -999.250 -999.250 -999.250 -999.250 -999.250 -999.250 -999.250 -999.250 -999.250 -999.250 -999.250 1575.880 1631.078 1655.209 1633.637 1700.430 1670.050 1708.316 1771.331 1796.740 1854.809 1969.507 2090.215 2093.217 2205.499 2216.914 2187.694 2268.846 2299.499 2293.101 2253.512 2227.728 2173.945 2035.604 2019.231 2002.379 2006.021 1968.407 1919.571 1885.072 1879.967 1850.395 1866.987 1904.290 1915.401 1888.620 1864.162 1849.137 1865.999 1898.813 1958.837 1911.285 1900.983 1904.373 1871.901 1857.729 1871.923 1843.698 1819.522 1795.754 1769.311
-999.250 -999.250 -999.250 -999.250 -999.250 -999.250 -999.250 -999.250 -999.250 -999.250 -999.250 -999.250 -999.250 -999.250 1562.610 1608.929 1654.311 1660.971 1641.020 1728.424 1761.741 1856.116 1940.764 2012.107 2191.424 2213.073 2296.963 2324.323 2418.455 2444.162 2453.577 2399.191 2313.291 2242.196 2238.498 2134.998 2132.835 2066.617 2089.895 2058.433 2043.564 1992.984 1996.091 1897.671 1940.098 1989.020 1941.154 1949.754 1889.534 1881.618 1915.540 1940.645 1971.766 1915.497 1944.060 1949.609 1975.945 1907.031 1945.164 1841.604 1788.020 1751.840 1789.889
-999.250 -999.250 -999.250 -999.250 -999.250 -999.250 -999.250 -999.250 -999.250 -999.250 -999.250 -999.250 -999.250 -999.250 1613.038 1632.126 1696.530 1687.380 1722.583 1737.624 1878.669 1954.561 1995.693 2100.170 2163.937 2351.135 2475.119 2473.732 2593.680 2514.164 2570.809 2516.166 2363.021 2419.434 2380.456 2381.277 2192.001 2163.513 2226.173 2202.873 2138.955 1941.261 2052.759 1973.699 1967.281 2008.668 1977.719 2038.122 1961.505 1987.833 1963.741 1984.573 2032.842 1949.787 1982.067 1994.553 1991.939 2023.811 2016.130 1881.132 1886.530 1811.257 1744.295
-999.250 -999.250 -999.250 -999.250 -999.250 -999.250 -999.250 -999.250 -999.250 -999.250 -999.250 -999.250 -999.250 -999.250 1588.723 1637.516 1725.248 1764.702 1780.568 1846.055 1917.173 2008.996 2014.270 2093.803 2257.480 2427.358 2576.679 2546.652 2643.359 2607.671 2635.244 2486.313 2441.679 2491.267 2382.583 2346.350 2315.180 2311.722 2340.548 2333.380 2210.193 2225.420 2119.124 2075.097 2028.346 2070.982 2025.492 1992.199 2091.626 1911.604 2006.499 2018.135 2032.837 2004.308 2027.949 1953.523 1964.608 1984.971 2075.063 1897.639 1890.070 1837.335 1744.330
-999.250 -999.250 -999.250 -999.250 -999.250 -999.250 -999.250 -999.250 -999.250 -999.250 -999.250 -999.250 -999.250 -999.250 1580.787 1696.504 1729.491 1752.014 1794.907 1846.096 1892.234 2036.243 2058.657 2116.224 2252.063 -999.250 2480.755 2530.663 2603.529 2615.111 2632.019 2478.999 2609.407 2540.856 2489.863 2518.722 2315.914 2300.907 2371.822 2368.932 2377.051 2306.149 2308.479 2263.809 2169.353 2163.501 2121.045 2081.435 1994.776 2013.236 2088.399 2030.742 2000.814 2082.882 2007.193 1976.446 1972.847 1965.940 1965.562 1864.780 1853.919 1837.962 1884.977
-999.250 -999.250 -999.250 -999.250 -999.250 -999.250 -999.250 -999.250 -999.250 -999.250 -999.250 -999.250 -999.250 -999.250 1693.315 1689.961 1727.528 1784.773 1840.736 1823.245 1854.829 2038.482 2133.953 -999.250 -999.250 -999.250 2412.614 2470.871 2511.222 2637.745 2479.380 2581.260 2589.350 2573.150 2597.607 2641.829 2504.398 2399.523 2535.807 2481.617 2353.707 2439.729 2328.535 2331.595 2174.811 2200.106 2141.615 2160.108 2073.688 2210.259 2108.584 2147.115 2130.389 2082.746 2062.434 2010.065 1964.670 2017.198 1913.552 1852.425 1893.733 1858.310 1920.270
-999.250 -999.250 -999.250 -999.250 -999.250 -999.250 -999.250 -999.250 -999.250 -999.250 -999.250 -999.250 -999.250 1565.651 1631.748 1735.418 1792.981 1773.587 1836.309 1879.178 1871.797 1985.866 -999.250 -999.250 -999.250 -999.250 -999.250 2467.670 2475.180 2455.643 2556.418 2665.723 2671.753 2653.486 2555.999 2664.993 2542.834 2444.230 2528.791 2579.890 2522.580 2391.727 2369.942 2321.117 2334.647 2261.572 2150.666 2234.673 2224.633 2245.112 2197.408 2136.875 2096.854 2104.513 2053.060 2019.239 2005.054 2010.386 1970.043 1931.010 1918.141 1906.808 1873.215
-999.250 -999.250 -999.250 -999.250 -999.250 -999.250 -999.250 -999.250 -999.250 -999.250 -999.250 -999.250 -999.250 1655.234 1680.995 1766.723 1764.465 1790.073 1829.543 1812.869 -999.250 -999.250 -999.250 -999.250 -999.250 -999.250 -999.250 -999.250 2326.153 2507.232 2463.228 2520.959 2523.428 2597.195 2604.699 2645.924 2640.283 2644.438 2546.653 2380.162 2634.290 2515.374 2510.709 2428.470 2391.363 2221.901 2395.836 2301.551 2216.765 2158.089 2104.246 2102.017 2133.589 2165.792 2081.218 2147.909 2047.463 1976.319 1952.288 1983.147 1955.778 1922.204 1824.561
-999.250 -999.250 -999.250 -999.250 -999.250 -999.250 -999.250 -999.250 -999.250 -999.250 -999.250 -999.250 1571.482 1599.414 -999.250 -999.250 -999.250 -999.250 -999.250 -999.250 -999.250 -999.250 -999.250 -999.250 -999.250 -999.250 -999.250 -999.250 -999.250 2378.984 2298.655 2338.869 2393.843 2420.833 2397.446 2591.059 2614.622 2592.325 2608.574 2523.504 2526.824 2600.115 2460.834 2483.852 2354.609 2353.819 2309.354 2213.149 2210.397 2120.744 2088.762 2078.979 2094.191 2142.184 2076.529 2032.925 2042.641 1934.616 1923.074 1946.618 1963.471 1855.329 1802.093
-999.250 -999.250 -999.250 -999.250 -999.250 -999.250 -999.250 -999.250 -999.250 -999.250 -999.250 -999.250 -999.250 -999.250 -999.250 -999.250 -999.250 -999.250 -999.250 -999.250 -999.250 -999.250 -999.250 -999.250 -999.250 -999.250 -999.250 -999.250 -999.250 -999.250 2377.905 2353.508 2409.539 2462.059 2403.462 2536.960 2579.439 2592.232 2649.638 2628.229 2520.903 2478.999 2600.292 2494.064 2514.272 2303.770 2359.397 2296.018 2293.302 2240.277 2132.590 2109.388 2094.484 2152.279 1980.476 2013.632 1919.940 1927.903 1894.826 1894.793 1922.503 1852.578 1824.175
-999.250 -999.250 -999.250 -999.250 -999.250 -999.250 -999.250 -999.250 -999.250 -999.250 -999.250 -999.250 -999.250 -999.250 -999.250 -999.250 -999.250 -999.250 -999.250 -999.250 -999.250 -999.250 -999.250 -999.250 -999.250 -999.250 -999.250 -999.250 -999.250 -999.250 2297.287 2283.173 2240.281 2260.899 2340.431 2367.154 2436.036 2523.258 2510.096 2597.607 2657.374 2517.549 2633.436 2602.274 2513.889 2284.396 2457.785 2450.190 2238.239 2168.196 2158.509 2116.338 2130.034 2182.680 2082.632 1944.725 1899.611 1875.276 1877.395 1976.257 1894.963 1838.646 1834.178
-999.250 -999.250 -999.250 -999.250 -999.250 -999.250 -999.250 -999.250 -999.250 -999.250 -999.250 -999.250 -999.250 -999.250 -999.250 -999.250 -999.250 -999.250 -999.250 -999.250 -999.250 -999.250 -999.250 -999.250 -999.250 -999.250 -999.250 -999.250 -999.250 -999.250 2208.517 2270.201 2315.845 2267.549 2351.072 2289.253 2491.944 2514.742 2502.198 2556.958 2598.407 2619.564 2681.393 2610.320 2546.905 2479.524 2465.217 2303.562 2384.856 2168.626 2138.668 2168.634 2099.596 2122.808 1989.369 1935.131 1912.814 1790.202 1816.282 1865.595 1844.675 1818.838 1847.171
-999.250 -999.250 -999.250 -999.250 -999.250 -999.250 -999.250 -999.250 -999.250 -999.250 -999.250 -999.250 -999.250 -999.250 -999.250 -999.250 -999.250 -999.250 -999.250 -999.250 -999.250 -999.250 -999.250 -999.250 -999.250 -999.250 -999.250 -999.250 -999.250 -999.250 -999.250 2155.479 2187.450 2133.034 2234.632 2300.078 2421.358 2427.873 2415.519 2520.753 2608.464 2688.403 2804.700 2677.491 2547.381 2621.289 2383.192 2419.074 2372.802 2203.768 2134.601 2010.988 1985.698 2012.572 2041.687 1887.013 1849.748 1841.476 1840.596 1872.129 1774.604 1807.595 1782.114
-999.250 -999.250 -999.250 -999.250 -999.250 -999.250 -999.250 -999.250 -999.250 -999.250 -999.250 -999.250 -999.250 -999.250 -999.250 -999.250 -999.250 -999.250 -999.250 -999.250 -999.250 -999.250 -999.250 -999.250 -999.250 -999.250 -999.250 -999.250 -999.250 -999.250 -999.250 2151.261 2083.626 2135.385 2173.015 2318.631 2215.900 2410.158 2415.287 2458.973 2416.651 2685.861 2658.281 2567.446 2439.516 2350.063 2332.087 2290.888 2276.841 2140.199 2098.875 2025.576 2050.477 1936.197 1961.125 1909.874 1859.612 1783.169 1816.814 1778.237 1769.148 1791.694 1735.660
-999.250 -999.250 -999.250 -999.250 -999.250 -999.250 -999.250 -999.250 -999.250 -999.250 -999.250 -999.250 -999.250 -999.250 -999.250 -999.250 -999.250 -999.250 -999.250 -999.250 -999.250 -999.250 -999.250 -999.250 -999.250 -999.250 -999.250 -999.250 -999.250 -999.250 -999.250 2034.273 2048.025 2114.915 2124.383 2200.737 2223.458 2315.386 2316.981 2390.736 2405.569 2568.881 2510.213 2506.253 2438.053 2347.160 2271.739 2249.840 2135.857 2095.210 2058.481 1957.892 1969.154 1975.542 1919.970 1822.038 1737.310 1792.540 1803.933 1657.435 1671.062 1651.498 1674.913
-999.250 -999.250 -999.250 -999.250 -999.250 -999.250 -999.250 -999.250 -999.250 -999.250 -999.250 -999.250 -999.250 -999.250 -999.250 -999.250 -999.250 -999.250 -999.250 -999.250 -999.250 -999.250 -999.250 -999.250 -999.250 -999.250 -999.250 -999.250 -999.250 -999.250 -999.250 2031.790 2054.273 2049.820 2112.879 2057.668 2111.694 2213.232 2174.933 2189.172 2289.315 2381.902 2354.365 2359.013 2346.267 2171.141 2147.828 2101.829 2130.812 2054.738 1990.426 1983.911 1901.298 1885.956 1834.943 1822.400 1708.675 1752.102 1667.917 1599.252 1612.725 1567.903 1521.484
-999.250 -999.250 -999.250 -999.250 -999.250 -999.250 -999.250 -999.250 -999.250 -999.250 -999.250 -999.250 -999.250 -999.250 -999.250 -999.250 -999.250 -999.250 -999.250 -999.250 -999.250 -999.250 -999.250 -999.250 -999.250 -999.250 -999.250 -999.250 -999.250 -999.250 -999.250 2041.251 2074.307 2001.630 2079.833 1965.681 2017.765 2064.613 2082.255 2119.139 2217.546 2255.373 2226.884 2293.043 2188.383 2124.037 2066.645 2038.976 2039.179 1997.342 1924.777 1861.571 1874.104 1795.756 1723.348 1697.414 1594.019 1546.629 1543.703 1511.284 1479.250 1424.453 1383.053
-999.250 -999.250 -999.250 -999.250 -999.250 -999.250 -999.250 -999.250 -999.250 -999.250 -999.250 -999.250 -999.250 -999.250 -999.250 -999.250 -999.250 -999.250 -999.250 -999.250 -999.250 -999.250 -999.250 -999.250 -999.250 -999.250 -999.250 -999.250 -999.250 -999.250 -999.250 2026.546 1942.486 1989.637 1925.868 1896.976 1991.649 2038.943 2008.631 1994.631 2077.812 2110.837 2100.372 2067.135 2049.907 1951.430 1955.332 1966.506 1982.919 1943.750 1865.018 1893.596 1808.534 1688.910 1663.123 1545.016 1503.485 1482.825 1430.956 1422.986 1368.066 1359.519 1299.204
-999.250 -999.250 -999.250 -999.250 -999.250 -999.250 -999.250 -999.250 -999.250 -999.250 -999.250 -999.250 -999.250 -999.250 -999.250 -999.250 -999.250 -999.250 -999.250 -999.250 -999.250 -999.250 -999.250 -999.250 -999.250 -999.250 -999.250 -999.250 -999.250 -999.250 -999.250 1908.870 1894.891 1910.531 1910.557 2015.971 1980.272 1942.821 1969.878 1964.807 1959.637 1967.712 1947.667 1934.770 1916.631 1914.213 1933.024 1899.390 1892.385 1824.769 1753.276 1734.861 1705.334 1654.818 1598.172 1576.209 1429.508 1397.812 1379.273 1382.775 1317.030 1235.936 1224.046
-999.250 -999.250 -999.250 -999.250 -999.250 -999.250 -999.250 -999.250 -999.250 -999.250 -999.250 -999.250 -999.250 -999.250 -999.250 -999.250 -999.250 -999.250 -999.250 -999.250 -999.250 -999.250 -999.250 -999.250 -999.250 -999.250 -999.250 -999.250 -999.250 -999.250 -999.250 1843.662 1807.171 1792.704 1796.590 1828.175 1865.331 1858.597 1865.259 1866.449 1836.295 1839.806 1833.843 1854.517 1852.562 1858.708 1863.160 1804.587 1749.931 1765.615 1708.180 1669.385 1628.223 1596.623 1549.550 1461.703 1410.507 1337.804 1358.074 1260.745 1250.971 1186.473 1168.514
-999.250 -999.250 -999.250 -999.250 -999.250 -999.250 -999.250 -999.250 -999.250 -999.250 -999.250 -999.250 -999.250 -999.250 -999.250 -999.250 -999.250 -999.250 -999.250 -999.250 -999.250 -999.250 -999.250 -999.250 -999.250 -999.250 -999.250 -999.250 -999.250 -999.250 -999.250 1732.289 1788.651 1728.417 1817.441 1811.987 1781.089 1701.596 1722.123 1731.282 1720.359 1724.947 1718.575 1744.873 1724.485 1772.352 1766.260 1807.077 1731.481 1716.035 1593.945 1611.630 1555.883 1576.755 1502.370 1426.170 1344.951 1355.999 1252.309 1235.256 1254.619 1182.183 1198.606
-999.250 -999.250 -999.250 -999.250 -999.250 -999.250 -999.250 -999.250 -999.250 -999.250 -999.250 -999.250 -999.250 -999.250 -999.250 -999.250 -999.250 -999.250 -999.250 -999.250 -999.250 -999.250 -999.250 -999.250 -999.250 -999.250 -999.250 -999.250 -999.250 -999.250 -999.250 1666.809 1687.706 1728.736 1745.155 1762.997 1755.783 1643.615 1625.310 1598.627 1626.233 1584.808 1649.384 1654.476 1678.696 1702.792 1669.143 1696.836 1612.847 1669.919 1626.548 1562.591 1487.306 1570.367 1546.371 1438.086 1362.934 1315.255 1305.260 1198.370 1251.959 1172.716 1305.639
-999.250 -999.250 -999.250 -999.250 -999.250 -999.250 -999.250 -999.250 -999.250 -999.250 -999.250 -999.250 -999.250 -999.250 -999.250 -999.250 -999.250 -999.250 -999.250 -999.250 -999.250 -999.250 -999.250 -999.250 -999.250 -999.250 -999.250 -999.250 -999.250 -999.250 -999.250 1592.482 1600.111 1621.222 1624.565 1659.360 1619.478 1565.763 1550.407 1535.406 1540.049 1539.806 1552.279 1572.891 1544.133 1571.325 1629.768 1575.929 1611.397 1650.942 1604.539 1541.796 1502.887 1506.460 1409.786 1438.885 1346.074 1324.478 1321.294 1273.001 1322.962 1284.990 1303.474
-999.250 -999.250 -999.250 -999.250 -999.250 -999.250 -999.250 -999.250 -999.250 -999.250 -999.250 -999.250 -999.250 -999.250 -999.250 -999.250 -999.250 -999.250 -999.250 -999.250 -999.250 -999.250 -999.250 -999.250 -999.250 -999.250 -999.250 -999.250 -999.250 -999.250 -999.250 1511.920 1533.260 1504.242 1522.565 1620.545 1568.910 1454.864 1451.495 1444.142 1410.389 1443.347 1480.444 1469.228 1470.528 1508.009 1521.794 1527.806 1547.733 1545.070 1508.713 1469.777 1451.416 1431.426 1367.627 1385.731 1336.643 1328.971 1292.129 1302.027 1344.678 1383.444 1400.053
-999.250 -999.250 -999.250 -999.250 -999.250 -999.250 -999.250 -999.250 -999.250 -999.250 -999.250 -999.250 -999.250 -999.250 -999.250 -999.250 -999.250 -999.250 -999.250 -999.250 -999.250 -999.250 -999.250 -999.250 -999.250 -999.250 -999.250 -999.250 -999.250 -999.250 -999.250 1498.531 1451.268 1393.898 1446.000 1419.330 1374.823 1353.221 1331.359 1321.995 1307.495 1366.749 1410.749 1403.742 1405.300 1399.439 1453.487 1445.584 1448.815 1459.384 1419.838 1425.840 1438.246 1399.685 1359.149 1294.678 1259.334 1272.568 1306.065 1296.681 1316.952 1428.769 1484.484
-999.250 -999.250 -999.250 -999.250 -999.250 -999.250 -999.250 -999.250 -999.250 -999.250 -999.250 -999.250 -999.250 -999.250 -999.250 -999.250 -999.250 -999.250 -999.250 -999.250 -999.250 -999.250 -999.250 -999.250 -999.250 -999.250 -999.250 -999.250 -999.250 -999.250 1392.171 1389.100 1387.291 1341.634 1353.368 1303.114 1296.448 1220.925 1208.593 1216.630 1271.745 1243.277 1309.157 1315.772 1305.390 1268.955 1310.145 1407.234 1383.362 1390.624 1360.708 1320.072 1313.601 1332.634 1294.297 1287.490 1266.328 1264.342 1206.594 1245.400 1311.651 1423.301 1559.038
