data/medianmodel_15-Feb-2021.asc
ncols	141
nrows	288
xllcorner	-120191.398
yllcorner	-301404.813
cellsize	2000.000
NODATA_value	-999.250
[rows 87 to 115 of 288, columns 65 to 129 of 141]
456.252 436.977 446.289 444.859 425.357 393.960 368.060 329.557 327.924 314.701 316.364 295.625 270.836 275.217 285.448 298.947 321.606 335.463 373.670 381.717 384.129 395.915 390.612 395.065 386.393 354.667 361.449 357.263 340.161 356.949 371.786 380.075 386.899 414.911 442.849 436.457 503.642 503.831 546.665 625.854 617.097 635.301 633.685 679.078 687.117 675.274 712.863 756.029 725.822 -999.250 -999.250 -999.250 -999.250 -999.250 -999.250 -999.250 -999.250 -999.250 -999.250 -999.250 -999.250 -999.250 -999.250 -999.250 -999.250
459.494 459.816 444.520 430.392 412.007 381.850 341.328 329.970 316.843 306.022 302.872 304.883 306.283 288.996 305.310 320.172 342.668 394.376 416.671 452.649 475.964 482.908 476.724 450.086 438.002 442.461 425.363 423.192 427.002 403.509 415.753 417.336 413.149 435.505 457.366 440.132 469.951 522.526 557.709 571.840 623.973 651.316 659.773 664.127 702.359 694.422 761.034 735.917 738.829 759.123 758.328 -999.250 -999.250 -999.250 -999.250 -999.250 -999.250 -999.250 -999.250 -999.250 -999.250 -999.250 -999.250 -999.250 -999.250
464.898 467.238 441.471 411.616 399.282 380.839 339.140 342.967 312.780 314.324 324.373 309.050 323.279 333.464 355.053 381.660 404.295 430.286 500.271 536.267 588.415 601.388 587.959 544.933 553.272 534.136 507.024 486.210 464.263 439.039 456.755 437.740 438.589 454.401 462.271 479.875 489.627 536.449 571.502 568.362 622.050 650.151 696.668 694.992 723.271 710.733 723.185 747.255 735.705 747.220 717.210 -999.250 -999.250 -999.250 -999.250 -999.250 -999.250 -999.250 -999.250 -999.250 -999.250 -999.250 -999.250 -999.250 -999.250
470.384 469.288 457.564 427.310 413.155 386.726 363.975 365.541 358.789 337.811 364.342 349.982 356.841 363.845 381.167 422.488 477.217 516.671 602.269 672.313 707.569 747.550 745.933 676.726 668.322 646.297 594.584 574.810 526.661 513.082 492.402 472.666 470.605 479.810 477.294 509.517 512.375 512.374 561.074 587.836 618.855 678.976 663.608 702.039 707.118 714.237 723.528 733.566 710.864 715.865 735.795 -999.250 -999.250 -999.250 -999.250 -999.250 -999.250 -999.250 -999.250 -999.250 -999.250 -999.250 -999.250 -999.250 -999.250
507.926 480.871 482.861 446.817 421.164 399.822 391.706 390.063 366.697 372.010 365.994 377.785 382.747 387.901 426.996 481.962 577.274 634.217 712.978 794.220 842.641 841.962 814.544 818.696 773.259 723.657 659.528 615.923 573.231 556.311 518.963 512.043 512.148 514.163 532.563 520.123 541.488 552.311 559.322 585.995 645.151 681.181 688.514 676.160 680.011 712.902 737.091 729.148 715.237 694.363 -999.250 -999.250 -999.250 -999.250 -999.250 -999.250 -999.250 -999.250 -999.250 -999.250 -999.250 -999.250 -999.250 -999.250 -999.250
519.304 524.885 499.055 460.807 423.411 408.817 409.821 390.644 369.576 376.319 375.388 392.855 408.255 431.902 477.011 571.363 654.928 741.874 853.213 886.808 1020.872 1069.185 926.633 878.641 851.165 806.980 732.604 659.496 623.092 589.714 570.099 528.513 520.168 533.823 540.605 554.227 545.153 549.115 558.352 611.535 672.781 697.029 706.640 678.181 720.926 731.504 747.595 733.273 723.816 691.080 -999.250 -999.250 -999.250 -999.250 -999.250 -999.250 -999.250 -999.250 -999.250 -999.250 -999.250 -999.250 -999.250 -999.250 -999.250
527.293 540.083 520.479 498.005 451.882 433.152 427.287 409.433 397.100 383.216 391.004 419.798 433.623 479.294 557.982 644.116 790.345 852.888 957.446 1143.737 1251.936 1275.608 1135.122 1047.484 940.611 874.078 786.044 724.326 654.755 656.991 578.658 558.678 508.235 541.136 550.993 551.288 557.538 565.036 588.520 615.478 653.210 711.153 706.217 710.399 712.682 717.291 742.362 739.057 687.469 -999.250 -999.250 -999.250 -999.250 -999.250 -999.250 -999.250 -999.250 -999.250 -999.250 -999.250 -999.250 -999.250 -999.250 -999.250 -999.250
524.647 541.068 550.102 490.268 460.093 450.015 424.999 428.971 406.108 399.465 410.515 446.569 479.108 532.606 594.680 713.411 818.401 975.455 1188.054 1313.054 1417.779 1409.925 1267.711 1126.866 1030.004 918.649 853.740 769.761 637.591 632.060 587.964 562.195 552.901 518.639 541.907 557.632 587.604 577.096 613.733 640.431 695.241 706.053 706.620 722.457 703.753 725.544 701.252 713.900 723.308 -999.250 -999.250 -999.250 -999.250 -999.250 -999.250 -999.250 -999.250 -999.250 -999.250 -999.250 -999.250 -999.250 -999.250 -999.250 -999.250
510.853 530.597 544.072 508.626 484.219 456.192 444.592 423.312 410.982 425.624 428.053 445.992 514.433 547.855 605.745 748.404 888.681 1158.386 1341.720 1553.108 1829.066 1615.044 1371.369 1198.661 1110.235 914.359 853.024 783.137 672.206 625.026 585.763 537.197 533.044 551.073 545.083 563.944 585.428 628.197 640.016 666.850 726.291 721.777 720.194 737.277 748.840 698.284 722.350 727.003 719.434 -999.250 -999.250 -999.250 -999.250 -999.250 -999.250 -999.250 -999.250 -999.250 -999.250 -999.250 -999.250 -999.250 -999.250 -999.250 -999.250
515.146 516.890 491.266 484.718 473.696 463.542 457.707 437.438 432.981 439.881 483.762 475.450 515.738 572.517 620.671 787.483 917.742 1175.595 1422.234 1504.419 1685.473 1656.762 1417.865 1302.949 1150.703 952.375 844.303 741.265 661.217 596.167 568.745 557.054 524.629 537.044 553.403 582.755 612.293 632.044 671.718 697.448 709.203 738.818 739.237 731.302 748.827 708.962 710.419 713.149 707.227 687.295 -999.250 -999.250 -999.250 -999.250 -999.250 -999.250 -999.250 -999.250 -999.250 -999.250 -999.250 -999.250 -999.250 -999.250 -999.250
526.585 521.336 499.894 477.365 463.950 448.191 441.363 453.391 448.277 458.971 499.313 521.061 550.804 601.525 692.439 819.952 918.051 1042.510 1343.213 1540.133 1440.363 1383.370 1296.944 1224.872 1077.255 909.602 838.224 728.085 639.924 595.226 553.579 532.886 528.924 546.940 551.887 586.510 616.445 661.118 710.416 718.811 734.495 732.634 749.340 746.257 735.959 712.063 694.688 719.242 712.836 705.856 669.380 -999.250 -999.250 -999.250 -999.250 -999.250 -999.250 -999.250 -999.250 -999.250 -999.250 -999.250 -999.250 -999.250 -999.250
534.886 517.500 510.884 489.327 465.536 449.117 454.430 448.999 463.543 494.063 510.080 519.463 583.164 643.860 718.751 844.711 903.108 1132.696 1225.871 1391.684 1372.395 1339.520 1246.042 1109.670 927.429 883.271 809.738 698.303 562.676 550.624 560.350 547.399 527.401 539.332 554.951 581.593 624.457 635.104 709.826 746.178 746.472 725.754 750.221 721.010 736.787 723.618 726.887 709.979 689.328 660.629 634.809 618.839 -999.250 -999.250 -999.250 -999.250 -999.250 -999.250 -999.250 -999.250 -999.250 -999.250 -999.250 -999.250 -999.250
529.272 516.808 485.428 474.434 460.193 455.502 454.929 462.266 460.423 487.143 519.162 578.815 632.465 695.212 741.614 816.203 898.729 1029.627 1162.958 1182.511 1182.672 1212.383 1093.176 899.796 871.346 823.488 762.799 686.118 578.110 559.804 536.961 535.930 531.524 535.420 585.572 599.129 635.196 649.736 720.032 765.234 759.553 753.805 719.170 694.096 707.650 711.635 696.446 683.605 700.034 627.992 631.768 -999.250 -999.250 -999.250 -999.250 -999.250 -999.250 -999.250 -999.250 -999.250 -999.250 -999.250 -999.250 -999.250 -999.250
484.034 495.577 472.722 457.616 464.293 459.726 455.735 471.632 476.966 499.838 545.012 561.165 659.548 707.920 765.472 810.351 872.308 919.657 1032.360 982.514 1085.068 1028.312 898.471 839.641 823.865 787.325 694.016 639.957 538.583 518.649 494.681 523.108 517.981 515.377 554.330 603.901 622.920 662.011 687.222 719.890 738.801 742.236 735.448 711.318 716.853 705.828 674.957 684.280 691.714 649.152 653.624 624.112 -999.250 -999.250 -999.250 -999.250 -999.250 -999.250 -999.250 -999.250 -999.250 -999.250 -999.250 -999.250 -999.250
475.067 477.471 468.658 469.689 469.682 462.395 461.267 484.834 492.958 528.476 572.543 612.243 673.420 704.117 745.554 801.992 850.400 861.615 879.752 885.990 883.497 872.559 835.608 768.738 759.543 726.527 637.455 609.822 548.877 532.787 538.900 529.370 519.250 536.655 545.597 586.382 602.554 611.770 634.749 692.075 701.860 688.480 699.857 681.465 695.394 688.343 662.265 663.074 688.967 632.544 -999.250 -999.250 -999.250 -999.250 -999.250 -999.250 -999.250 -999.250 -999.250 -999.250 -999.250 -999.250 -999.250 -999.250 -999.250
496.192 473.005 455.590 468.322 469.298 468.480 467.825 504.988 520.282 549.563 567.206 615.356 673.068 712.123 745.717 789.513 840.656 804.146 816.564 867.496 846.772 802.190 727.893 725.092 672.588 651.708 611.923 569.104 558.441 549.017 532.488 523.989 529.653 553.269 555.125 590.966 573.833 594.485 613.287 619.529 665.456 667.922 656.566 690.003 660.880 623.430 635.054 656.653 668.390 -999.250 -999.250 -999.250 -999.250 -999.250 -999.250 -999.250 -999.250 -999.250 -999.250 -999.250 -999.250 -999.250 -999.250 -999.250 -999.250
460.888 454.899 471.533 463.797 462.216 484.926 490.195 489.807 534.657 555.759 590.949 642.485 661.026 704.647 742.653 749.993 781.937 770.938 793.774 779.597 751.381 704.343 615.556 617.927 627.610 600.536 558.018 555.861 536.633 539.254 545.615 511.592 514.895 544.359 520.766 546.274 547.239 562.018 568.824 605.054 632.851 628.707 651.078 640.776 608.928 612.231 631.352 600.763 599.727 -999.250 -999.250 -999.250 -999.250 -999.250 -999.250 -999.250 -999.250 -999.250 -999.250 -999.250 -999.250 -999.250 -999.250 -999.250 -999.250
445.523 456.971 467.183 453.724 481.294 468.549 489.785 509.931 521.218 549.927 583.182 612.942 668.645 667.022 680.744 722.555 755.001 747.546 752.442 735.807 704.756 653.313 603.241 593.330 556.682 563.405 531.585 526.091 534.969 528.081 537.852 508.590 512.429 493.211 472.094 505.138 524.014 528.855 559.322 570.785 597.883 624.172 630.726 630.967 597.308 589.628 624.974 575.318 -999.250 -999.250 -999.250 -999.250 -999.250 -999.250 -999.250 -999.250 -999.250 -999.250 -999.250 -999.250 -999.250 -999.250 -999.250 -999.250 -999.250
465.148 452.431 462.589 481.643 467.257 490.377 486.604 497.987 507.692 544.627 565.498 593.066 644.724 635.268 648.430 672.184 726.551 731.674 720.425 719.768 660.359 628.393 603.332 614.265 569.252 541.337 527.603 549.092 536.897 542.922 540.030 503.799 498.345 502.208 489.200 501.879 478.880 519.432 547.012 553.432 573.463 558.863 586.413 579.643 -999.250 -999.250 -999.250 -999.250 -999.250 -999.250 -999.250 -999.250 -999.250 -999.250 -999.250 -999.250 -999.250 -999.250 -999.250 -999.250 -999.250 -999.250 -999.250 -999.250 -999.250
454.060 462.014 468.095 453.765 486.779 485.321 473.247 520.433 538.540 543.125 555.564 577.457 597.379 600.321 613.747 665.923 696.524 732.273 721.801 727.744 703.910 637.873 633.153 617.176 574.421 536.612 511.434 515.011 527.834 506.320 507.016 503.373 475.100 486.644 480.102 468.165 469.992 495.371 522.607 502.742 527.851 522.742 -999.250 -999.250 -999.250 -999.250 -999.250 -999.250 -999.250 -999.250 -999.250 -999.250 -999.250 -999.250 -999.250 -999.250 -999.250 -999.250 -999.250 -999.250 -999.250 -999.250 -999.250 -999.250 -999.250
450.652 446.425 458.477 466.100 492.118 487.856 498.005 524.224 526.214 552.090 549.664 592.254 585.302 628.530 644.083 668.755 680.615 655.870 701.969 703.560 678.918 642.678 605.886 608.416 586.290 558.149 513.880 514.235 485.056 511.726 477.174 450.410 456.999 466.811 460.145 435.753 452.719 448.136 489.139 481.417 481.841 456.778 -999.250 -999.250 -999.250 -999.250 -999.250 -999.250 -999.250 -999.250 -999.250 -999.250 -999.250 -999.250 -999.250 -999.250 -999.250 -999.250 -999.250 -999.250 -999.250 -999.250 -999.250 -999.250 -999.250
450.878 442.120 468.465 476.781 483.512 479.340 499.700 517.032 548.263 535.086 571.918 545.207 584.232 611.267 612.345 634.814 638.943 644.791 692.575 697.822 667.619 652.926 640.592 624.140 604.927 538.766 518.550 493.923 482.843 461.784 451.957 449.072 462.024 448.284 430.015 413.083 439.729 421.332 439.062 438.040 444.346 457.192 -999.250 -999.250 -999.250 -999.250 -999.250 -999.250 -999.250 -999.250 -999.250 -999.250 -999.250 -999.250 -999.250 -999.250 -999.250 -999.250 -999.250 -999.250 -999.250 -999.250 -999.250 -999.250 -999.250
429.541 437.099 449.980 457.239 481.374 472.523 491.552 501.857 513.021 527.618 575.453 561.001 551.071 568.071 583.059 607.247 576.566 633.839 669.148 651.224 673.670 683.847 680.939 634.748 620.288 572.653 523.461 485.624 501.115 474.609 451.052 440.143 450.347 431.588 403.408 400.035 415.935 399.035 399.579 420.884 413.074 408.110 -999.250 -999.250 -999.250 -999.250 -999.250 -999.250 -999.250 -999.250 -999.250 -999.250 -999.250 -999.250 -999.250 -999.250 -999.250 -999.250 -999.250 -999.250 -999.250 -999.250 -999.250 -999.250 -999.250
440.675 441.515 432.181 451.822 470.979 484.080 473.616 487.672 483.505 511.729 525.942 527.500 566.291 546.403 565.869 588.730 587.959 637.501 659.738 650.094 665.034 674.423 709.568 675.272 612.752 571.389 514.320 483.261 467.645 470.449 435.298 426.230 427.810 419.949 388.346 384.180 386.645 399.284 384.151 385.549 386.709 385.187 -999.250 -999.250 -999.250 -999.250 -999.250 -999.250 -999.250 -999.250 -999.250 -999.250 -999.250 -999.250 -999.250 -999.250 -999.250 -999.250 -999.250 -999.250 -999.250 -999.250 -999.250 -999.250 -999.250
460.499 450.779 444.261 452.765 452.351 458.001 471.363 459.907 475.050 477.404 488.339 510.238 540.400 530.498 547.456 577.253 581.216 612.096 625.926 631.204 649.115 654.501 669.305 642.442 591.696 557.913 525.970 501.583 459.067 436.454 412.172 404.295 414.970 403.585 374.657 360.675 362.545 369.243 346.441 373.834 354.620 366.358 -999.250 -999.250 -999.250 -999.250 -999.250 -999.250 -999.250 -999.250 -999.250 -999.250 -999.250 -999.250 -999.250 -999.250 -999.250 -999.250 -999.250 -999.250 -999.250 -999.250 -999.250 -999.250 -999.250
468.934 455.845 440.956 463.824 473.328 463.200 460.738 462.097 462.839 461.717 482.021 484.524 483.004 538.201 535.739 564.881 578.035 583.764 606.638 602.537 605.994 631.124 637.784 623.152 578.160 536.108 515.044 467.391 442.027 409.700 375.466 387.772 381.493 365.452 346.565 337.147 325.466 337.817 325.440 345.786 335.570 357.344 342.705 311.987 -999.250 -999.250 -999.250 -999.250 -999.250 -999.250 -999.250 -999.250 -999.250 -999.250 -999.250 -999.250 -999.250 -999.250 -999.250 -999.250 -999.250 -999.250 -999.250 -999.250 -999.250
498.505 463.334 444.267 457.009 462.577 470.647 455.904 456.638 444.399 442.133 448.656 462.851 484.861 483.456 495.906 556.510 550.767 544.094 565.257 575.086 611.286 589.396 613.767 582.563 585.266 528.016 497.649 446.951 426.513 370.953 369.634 348.581 358.623 340.087 341.885 324.243 314.347 296.212 317.543 308.750 314.478 304.794 307.880 300.189 300.787 286.934 -999.250 -999.250 -999.250 -999.250 -999.250 -999.250 -999.250 -999.250 -999.250 -999.250 -999.250 -999.250 -999.250 -999.250 -999.250 -999.250 -999.250 -999.250 -999.250
523.334 489.482 448.247 457.208 440.747 459.627 442.076 450.749 433.045 438.636 449.336 438.091 440.328 460.957 464.309 510.953 519.614 520.212 523.357 531.493 552.668 570.513 557.759 569.282 551.206 494.362 470.646 440.368 407.140 370.091 344.725 344.327 338.857 308.509 321.804 306.709 281.063 261.517 274.692 279.910 283.849 280.694 285.529 296.798 270.700 295.269 -999.250 -999.250 -999.250 -999.250 -999.250 -999.250 -999.250 -999.250 -999.250 -999.250 -999.250 -999.250 -999.250 -999.250 -999.250 -999.250 -999.250 -999.250 -999.250
582.737 522.565 471.321 453.604 433.326 424.347 434.512 420.543 419.645 410.916 435.276 440.074 445.612 442.117 484.144 496.103 499.377 519.108 486.563 514.282 526.372 546.595 566.098 530.194 507.642 457.501 430.975 419.583 388.746 330.519 339.630 312.465 325.431 303.717 283.974 282.494 263.461 254.163 254.600 258.183 245.143 252.478 257.885 248.755 262.629 250.702 246.877 -999.250 -999.250 -999.250 -999.250 -999.250 -999.250 -999.250 -999.250 -999.250 -999.250 -999.250 -999.250 -999.250 -999.250 -999.250 -999.250 -999.250 -999.250
