data/medianmodel_17-Apr-2020.asc
ncols	141
nrows	288
xllcorner	-120191.398
yllcorner	-301404.813
cellsize	2000.000
NODATA_value	-999.250
[rows 180 to 209 of 288, columns 0 to 66 of 141]
-999.250 -999.250 -999.250 40.159 43.786 43.487 39.874 38.331 41.576 42.267 41.641 40.772 36.427 38.155 41.079 42.768 45.105 42.298 48.218 56.024 58.487 71.417 58.828 56.398 47.523 44.154 44.781 39.823 38.860 38.381 34.253 34.999 32.777 36.917 38.793 38.542 43.448 38.238 37.549 38.639 37.834 38.080 34.450 37.960 35.117 34.360 36.181 35.667 33.335 36.774 33.113 32.539 27.160 21.902 18.280 16.938 14.090 14.491 9.724 13.342 13.401 12.210 10.819 9.773 11.247 8.853 9.129
-999.250 -999.250 -999.250 44.779 46.067 45.799 41.761 42.312 49.951 42.842 39.031 38.082 38.492 39.138 44.655 46.183 52.960 44.203 49.938 58.026 58.870 62.273 64.502 54.333 50.832 44.200 42.893 42.226 39.091 37.085 36.300 34.136 34.858 32.856 34.297 33.641 36.334 36.007 34.632 34.868 29.417 33.026 31.837 35.327 37.517 34.877 35.925 41.299 33.843 32.350 31.173 33.579 28.885 25.036 19.804 16.813 14.311 13.619 12.979 14.689 14.143 13.996 12.619 11.377 10.762 12.118 11.927
-999.250 -999.250 43.083 44.005 44.558 46.115 40.761 43.803 39.872 46.360 41.970 41.636 41.512 39.020 43.950 48.283 54.384 46.004 56.673 57.864 60.223 60.448 52.982 47.219 49.320 36.053 38.422 39.442 40.786 36.486 32.698 34.908 30.631 32.836 29.757 31.085 32.458 30.394 32.137 34.129 36.447 32.541 33.407 30.079 30.318 33.928 33.275 29.821 35.641 31.787 30.962 29.132 24.429 22.390 19.586 15.394 14.517 13.036 11.127 11.992 12.934 12.985 15.026 11.241 12.437 8.508 11.455
-999.250 -999.250 45.640 48.809 46.503 50.411 39.704 41.647 47.063 48.501 46.499 48.568 44.408 44.940 48.329 52.349 53.544 61.086 60.560 51.659 -999.250 49.733 52.721 47.105 44.130 43.857 42.049 38.942 35.718 35.945 31.233 32.325 27.796 29.897 28.481 32.091 31.834 30.475 31.689 35.028 32.850 33.353 29.153 29.085 30.053 29.730 31.792 31.081 31.206 29.991 31.405 28.740 22.994 21.505 18.532 17.396 15.051 13.803 13.306 9.594 10.268 12.766 14.847 12.341 12.195 10.601 8.910
-999.250 48.341 47.250 53.462 50.225 48.204 55.375 48.623 51.287 48.062 45.267 46.679 44.928 43.619 46.596 50.003 65.984 66.851 62.839 -999.250 -999.250 47.031 44.140 39.552 42.516 36.871 37.904 35.380 35.069 33.666 32.975 30.221 29.666 29.235 28.817 28.093 29.450 29.397 31.190 27.393 27.996 29.636 29.442 30.340 26.362 31.263 26.743 29.670 27.967 31.286 27.997 26.205 21.538 21.452 19.040 17.375 16.244 13.409 13.649 11.380 11.465 12.587 12.606 12.751 12.546 8.720 10.204
-999.250 57.441 65.457 60.996 56.957 54.872 63.989 54.148 62.393 60.493 56.944 57.753 55.076 51.066 51.306 54.492 56.029 57.670 -999.250 -999.250 -999.250 -999.250 48.506 38.447 42.419 39.829 36.152 31.921 34.804 31.017 33.786 34.301 30.589 26.587 29.980 27.046 27.536 27.840 29.231 25.803 26.330 29.461 27.418 25.853 27.543 25.441 24.700 25.593 23.319 21.853 25.360 25.412 22.238 22.196 20.679 16.184 14.192 11.228 12.589 10.721 13.347 11.767 11.322 10.617 10.383 7.350 8.740
49.545 65.054 66.148 56.000 54.895 54.711 60.578 66.174 62.140 64.384 57.712 66.241 64.427 59.987 58.365 54.963 59.158 53.948 -999.250 -999.250 -999.250 -999.250 -999.250 40.267 38.569 34.770 35.326 33.273 33.203 29.441 29.179 26.990 26.675 28.570 26.730 27.639 25.505 24.710 25.664 26.243 28.109 29.068 25.401 24.340 22.765 22.861 21.925 21.376 24.256 20.046 19.597 21.959 21.903 19.745 16.939 14.949 14.139 13.334 13.668 11.217 12.150 11.315 10.100 8.227 7.894 4.809 8.357
-999.250 64.500 63.994 69.641 64.957 53.393 59.639 51.757 60.981 58.425 66.132 68.218 76.586 72.775 76.550 65.021 64.743 54.676 -999.250 -999.250 -999.250 -999.250 46.828 39.067 35.609 37.295 32.213 31.010 29.241 29.495 26.660 26.751 25.610 23.167 27.358 24.833 25.672 24.595 21.980 27.783 26.108 23.477 20.943 22.425 21.970 18.801 20.320 20.889 22.959 19.046 18.775 18.887 19.249 19.185 17.686 13.169 15.949 13.852 15.892 14.050 11.942 12.330 9.195 6.005 2.265 0.000 5.977
-999.250 68.054 62.657 73.447 70.386 58.416 68.191 55.410 56.744 55.450 57.641 60.820 62.885 67.305 72.438 86.160 69.760 59.617 -999.250 -999.250 -999.250 44.799 -999.250 38.411 36.815 30.232 29.946 27.443 28.577 24.723 24.353 21.660 21.164 23.691 25.898 23.141 21.832 22.770 22.680 24.952 24.494 24.342 20.056 21.111 17.481 16.395 16.349 17.468 20.358 17.282 19.085 17.269 14.724 15.700 15.903 16.406 14.639 15.374 12.948 12.578 12.690 13.864 10.645 5.568 4.821 5.221 9.948
-999.250 60.453 66.434 77.252 62.212 58.744 56.035 53.170 50.718 55.769 47.047 53.659 53.312 65.793 69.907 68.662 63.708 -999.250 -999.250 -999.250 -999.250 33.795 34.202 30.154 29.051 24.913 23.311 25.093 21.541 23.505 22.466 19.477 20.121 22.903 22.244 24.908 24.022 23.710 25.291 23.747 25.177 23.221 19.925 17.710 15.795 16.658 15.961 17.007 17.893 15.748 15.429 14.089 14.468 16.118 16.292 15.346 13.224 12.883 12.739 13.575 12.928 11.582 8.484 9.327 8.606 10.641 11.826
-999.250 47.415 59.790 82.394 73.266 54.751 52.745 51.952 45.103 48.173 46.981 47.912 53.259 61.065 53.232 63.829 54.543 -999.250 -999.250 -999.250 38.284 34.877 31.242 27.359 24.326 24.439 20.559 19.529 20.215 21.141 20.596 19.749 18.767 19.944 23.646 20.454 23.757 22.812 21.210 26.027 22.088 21.660 18.928 16.091 15.835 14.832 12.994 14.729 15.203 15.168 13.187 14.775 16.261 13.717 13.428 14.263 12.839 11.860 11.717 12.641 13.219 10.954 10.613 10.027 8.233 11.064 12.815
-999.250 -999.250 -999.250 53.841 -999.250 -999.250 49.143 41.704 41.443 -999.250 -999.250 -999.250 43.402 52.701 -999.250 -999.250 -999.250 -999.250 -999.250 -999.250 37.944 32.720 29.507 25.737 22.466 18.653 18.811 17.158 19.642 20.343 20.195 18.553 18.989 19.898 21.807 19.292 19.907 20.464 20.992 22.774 20.020 18.649 15.927 13.197 11.852 8.283 9.050 10.453 16.006 15.123 13.097 16.336 15.360 13.714 12.985 10.393 7.585 9.058 9.948 12.108 11.090 13.443 14.787 12.729 13.995 12.065 12.886
-999.250 -999.250 -999.250 -999.250 -999.250 -999.250 -999.250 -999.250 -999.250 -999.250 -999.250 -999.250 -999.250 43.869 44.445 47.125 -999.250 -999.250 -999.250 41.645 34.626 32.948 28.650 23.613 20.943 18.392 16.308 16.222 18.099 15.874 16.914 17.179 16.491 20.715 20.099 21.712 18.252 18.468 20.739 18.483 17.042 17.344 13.642 11.065 3.483 0.000 5.114 9.708 15.313 12.885 13.284 14.106 15.240 12.897 9.423 8.504 4.629 6.173 8.220 12.700 13.598 12.825 12.222 13.763 13.772 14.094 13.747
-999.250 -999.250 -999.250 -999.250 -999.250 -999.250 -999.250 -999.250 -999.250 -999.250 -999.250 33.042 40.050 37.582 38.702 43.185 -999.250 -999.250 40.942 43.914 33.062 29.519 24.283 19.794 17.199 15.806 14.291 13.121 15.698 15.642 15.305 14.951 17.490 17.896 16.347 15.468 18.209 16.872 16.619 17.469 16.398 14.956 12.901 10.793 7.569 3.267 7.455 11.659 14.293 14.948 13.373 13.118 12.453 11.047 7.194 2.438 0.000 4.522 9.210 12.109 11.474 13.881 13.520 15.789 12.169 14.285 13.819
-999.250 -999.250 -999.250 -999.250 -999.250 -999.250 -999.250 -999.250 -999.250 -999.250 -999.250 34.074 36.085 37.723 39.779 38.181 41.164 37.741 39.297 35.779 31.805 27.947 22.890 19.503 15.304 13.617 4.668 10.974 14.281 15.863 16.641 15.957 16.800 16.307 13.755 15.692 18.171 16.122 14.747 15.565 15.086 13.992 13.427 11.488 9.091 8.713 10.350 12.614 14.759 14.374 15.024 13.609 13.276 11.355 8.866 6.478 4.129 6.869 11.671 12.747 13.742 15.498 11.721 12.774 15.035 14.805 12.879
-999.250 -999.250 -999.250 -999.250 -999.250 -999.250 -999.250 -999.250 -999.250 -999.250 -999.250 -999.250 33.582 37.620 37.793 36.611 45.901 39.148 34.395 33.758 30.807 25.846 22.363 18.451 15.257 11.801 10.414 12.385 15.206 16.497 16.249 16.398 15.362 18.131 15.826 16.812 17.616 16.361 15.803 16.696 14.739 13.406 14.253 14.156 7.641 13.735 12.524 14.984 14.466 14.220 13.664 12.527 10.849 10.959 10.484 8.519 8.344 10.453 12.168 14.198 13.779 13.557 15.264 10.449 14.850 14.213 13.398
-999.250 -999.250 -999.250 -999.250 -999.250 -999.250 -999.250 -999.250 -999.250 -999.250 -999.250 -999.250 -999.250 38.038 36.740 36.020 35.823 36.955 36.929 32.086 28.845 23.772 20.161 17.416 15.883 13.135 12.211 14.228 14.995 16.675 17.141 14.490 16.152 16.279 15.731 16.014 17.179 17.874 16.653 14.480 16.550 15.682 15.951 16.970 14.902 13.424 13.201 12.908 13.221 14.637 13.770 14.855 11.357 15.724 12.556 9.148 11.747 15.239 12.611 14.235 13.295 15.055 15.437 15.198 14.823 14.151 13.642
-999.250 -999.250 -999.250 -999.250 -999.250 -999.250 -999.250 -999.250 -999.250 -999.250 -999.250 -999.250 -999.250 34.204 37.605 35.178 31.594 30.036 31.165 25.881 25.511 22.172 19.249 17.483 17.242 15.050 13.089 14.907 18.052 17.204 15.401 15.922 17.878 15.560 16.799 16.550 15.866 19.784 17.982 13.761 14.621 16.784 15.014 14.100 12.332 14.960 12.153 12.668 14.410 16.695 14.759 14.969 13.144 13.611 13.971 12.343 15.624 14.841 12.196 14.286 11.367 13.063 13.316 15.446 15.368 15.198 11.670
-999.250 -999.250 -999.250 -999.250 -999.250 -999.250 -999.250 -999.250 -999.250 -999.250 -999.250 -999.250 -999.250 29.844 31.294 31.107 29.541 23.638 22.033 21.099 21.294 19.624 16.862 16.510 18.147 16.667 15.809 18.092 16.134 17.624 19.786 18.341 17.201 19.479 18.784 17.248 18.616 18.386 17.706 16.493 16.270 17.223 16.456 16.034 15.116 15.484 13.054 15.335 14.517 15.912 14.808 15.640 13.753 12.071 14.006 14.540 14.120 13.894 12.207 10.525 12.808 14.032 14.059 15.142 15.361 12.815 12.859
-999.250 -999.250 -999.250 -999.250 -999.250 -999.250 -999.250 -999.250 -999.250 -999.250 -999.250 -999.250 -999.250 -999.250 25.306 27.380 23.310 19.668 13.498 15.896 17.883 17.626 18.200 17.228 18.973 17.640 16.558 17.791 18.055 18.595 18.477 22.380 18.415 18.260 21.231 19.072 17.087 18.141 19.770 17.503 19.218 19.428 17.234 15.947 16.062 16.503 15.939 16.346 16.603 14.128 14.557 14.865 13.600 13.449 15.357 15.844 15.385 12.914 14.744 11.601 13.611 15.064 14.526 14.213 15.189 10.952 12.767
-999.250 -999.250 -999.250 -999.250 -999.250 -999.250 -999.250 -999.250 -999.250 -999.250 -999.250 -999.250 -999.250 -999.250 23.572 24.331 21.658 19.417 15.489 15.521 17.510 17.439 19.177 19.867 18.926 19.881 17.734 18.486 17.372 17.096 17.614 21.819 20.684 18.137 19.457 23.232 20.273 21.337 18.909 19.485 20.008 20.879 15.435 14.707 17.752 14.513 16.513 18.735 15.987 14.928 15.343 14.746 14.594 15.176 14.377 15.748 14.659 15.754 13.682 15.671 14.736 16.452 15.849 15.593 13.377 14.395 12.809
-999.250 -999.250 -999.250 -999.250 -999.250 -999.250 -999.250 -999.250 -999.250 -999.250 -999.250 -999.250 -999.250 -999.250 23.531 22.113 19.404 18.125 15.652 17.160 16.548 16.981 18.619 20.107 19.968 18.613 18.137 19.983 20.449 18.738 19.712 21.079 25.404 20.883 23.159 24.092 23.476 21.150 22.319 20.610 20.285 18.930 19.769 18.155 15.774 16.727 17.556 16.966 15.374 14.612 15.257 16.124 15.726 16.414 14.677 12.593 12.668 15.649 15.046 15.989 16.230 15.133 15.681 14.722 15.848 14.950 14.072
-999.250 -999.250 -999.250 -999.250 -999.250 -999.250 -999.250 -999.250 -999.250 -999.250 -999.250 -999.250 -999.250 -999.250 19.379 18.811 20.574 18.242 17.554 15.525 16.390 15.441 17.177 20.474 19.361 -999.250 19.916 20.401 21.118 18.915 19.570 22.697 24.589 21.691 19.852 23.660 22.896 21.930 23.383 21.950 22.668 20.916 19.425 17.259 19.253 18.301 18.629 15.356 15.884 16.581 16.850 16.921 16.161 15.211 17.119 14.771 12.411 13.441 15.404 15.717 15.535 13.809 16.380 15.009 16.584 16.038 16.679
-999.250 -999.250 -999.250 -999.250 -999.250 -999.250 -999.250 -999.250 -999.250 -999.250 -999.250 -999.250 -999.250 -999.250 19.086 19.895 18.732 18.764 16.872 14.789 15.078 16.810 17.306 -999.250 -999.250 -999.250 18.093 20.236 20.217 20.876 21.286 23.030 24.063 22.690 22.305 20.538 19.860 19.593 21.112 20.158 21.367 20.249 23.312 20.206 19.510 21.228 19.336 21.528 18.794 17.512 17.334 17.043 17.599 16.502 14.213 16.511 14.396 15.646 15.831 15.088 12.882 15.083 16.846 15.637 16.293 16.471 17.676
-999.250 -999.250 -999.250 -999.250 -999.250 -999.250 -999.250 -999.250 -999.250 -999.250 -999.250 -999.250 -999.250 17.933 17.898 19.561 16.642 16.379 14.865 16.926 17.155 18.081 -999.250 -999.250 -999.250 -999.250 -999.250 20.229 20.013 24.315 24.882 22.526 20.155 23.060 22.563 24.560 20.493 20.335 19.707 20.639 19.854 23.627 21.322 22.123 21.421 22.075 20.744 19.146 17.914 17.550 18.668 17.305 17.101 16.338 15.865 15.469 15.594 15.258 15.781 15.052 13.744 15.136 15.075 15.062 16.113 14.817 16.887
-999.250 -999.250 -999.250 -999.250 -999.250 -999.250 -999.250 -999.250 -999.250 -999.250 -999.250 -999.250 -999.250 16.329 16.813 16.647 16.137 16.604 14.483 17.634 -999.250 -999.250 -999.250 -999.250 -999.250 -999.250 -999.250 -999.250 24.821 23.635 23.484 22.211 20.742 22.347 20.141 23.963 21.991 20.646 21.487 22.637 21.127 20.524 18.577 23.584 20.450 21.268 20.606 18.521 18.643 16.524 19.825 16.767 18.003 16.304 15.754 14.580 14.877 16.479 15.125 16.224 14.367 14.764 15.106 15.345 15.402 15.794 17.371
-999.250 -999.250 -999.250 -999.250 -999.250 -999.250 -999.250 -999.250 -999.250 -999.250 -999.250 -999.250 17.004 17.194 -999.250 -999.250 -999.250 -999.250 -999.250 -999.250 -999.250 -999.250 -999.250 -999.250 -999.250 -999.250 -999.250 -999.250 -999.250 23.716 23.474 21.770 18.830 20.063 20.719 21.783 20.919 22.718 20.992 25.324 20.662 21.514 19.907 23.388 21.913 21.172 23.983 22.577 19.190 16.902 19.710 14.554 17.179 17.359 14.801 14.849 14.493 15.502 14.029 12.357 13.453 14.578 14.146 13.771 13.845 14.634 15.875
-999.250 -999.250 -999.250 -999.250 -999.250 -999.250 -999.250 -999.250 -999.250 -999.250 -999.250 -999.250 -999.250 -999.250 -999.250 -999.250 -999.250 -999.250 -999.250 -999.250 -999.250 -999.250 -999.250 -999.250 -999.250 -999.250 -999.250 -999.250 -999.250 -999.250 26.103 23.184 21.208 24.101 21.391 21.826 21.146 22.868 20.909 23.719 24.745 21.283 19.264 21.633 20.745 21.415 21.848 21.188 19.805 19.786 18.758 16.645 16.154 17.098 17.329 15.630 16.407 15.880 10.691 11.102 12.639 14.239 14.655 12.315 12.071 13.488 15.569
-999.250 -999.250 -999.250 -999.250 -999.250 -999.250 -999.250 -999.250 -999.250 -999.250 -999.250 -999.250 -999.250 -999.250 -999.250 -999.250 -999.250 -999.250 -999.250 -999.250 -999.250 -999.250 -999.250 -999.250 -999.250 -999.250 -999.250 -999.250 -999.250 -999.250 21.498 19.525 21.300 23.878 24.339 23.944 20.531 23.125 24.250 22.778 24.743 23.322 20.483 21.508 21.605 21.875 20.088 22.067 19.959 20.425 18.350 15.047 13.349 16.508 14.487 14.646 16.044 13.973 14.016 13.334 14.120 13.300 13.331 11.896 11.741 15.294 14.484
-999.250 -999.250 -999.250 -999.250 -999.250 -999.250 -999.250 -999.250 -999.250 -999.250 -999.250 -999.250 -999.250 -999.250 -999.250 -999.250 -999.250 -999.250 -999.250 -999.250 -999.250 -999.250 -999.250 -999.250 -999.250 -999.250 -999.250 -999.250 -999.250 -999.250 17.860 18.127 19.574 20.245 25.930 22.023 21.293 25.251 23.038 26.371 24.637 21.952 21.522 21.916 21.708 19.422 21.347 20.533 18.884 19.604 16.724 15.697 13.515 14.761 17.055 13.621 14.707 13.722 11.508 12.859 11.456 10.814 10.972 8.538 12.493 12.443 12.094
