data/medianmodel_30-Oct-2020.asc
ncols	141
nrows	288
xllcorner	-120191.398
yllcorner	-301404.813
cellsize	2000.000
NODATA_value	-999.250
[rows 145 to 173 of 288, columns 66 to 131 of 141]
82.799 84.693 83.285 90.710 74.816 82.253 87.000 91.788 93.595 74.345 89.735 96.454 85.517 72.661 68.432 49.497 66.401 70.598 81.609 112.900 120.690 110.732 131.268 148.349 146.903 -999.250 -999.250 -999.250 -999.250 -999.250 -999.250 -999.250 -999.250 -999.250 -999.250 -999.250 -999.250 -999.250 -999.250 -999.250 -999.250 -999.250 -999.250 -999.250 -999.250 -999.250 -999.250 -999.250 -999.250 -999.250 -999.250 -999.250 -999.250 -999.250 -999.250 -999.250 -999.250 -999.250 -999.250 -999.250 -999.250 -999.250 -999.250 -999.250 -999.250 -999.250
99.346 81.207 93.348 97.609 88.621 84.740 78.225 91.447 80.569 75.991 84.359 86.024 82.292 67.005 65.161 60.954 64.182 76.833 80.797 94.233 99.557 92.394 108.007 117.399 122.831 121.617 -999.250 -999.250 -999.250 -999.250 -999.250 -999.250 -999.250 -999.250 -999.250 -999.250 -999.250 -999.250 -999.250 -999.250 -999.250 -999.250 -999.250 -999.250 -999.250 -999.250 -999.250 -999.250 -999.250 -999.250 -999.250 -999.250 -999.250 -999.250 -999.250 -999.250 -999.250 -999.250 -999.250 -999.250 -999.250 -999.250 -999.250 -999.250 -999.250 -999.250
119.686 113.744 103.306 95.036 86.984 81.663 79.166 79.781 74.282 76.856 74.974 74.659 70.844 68.940 62.073 62.754 63.423 67.335 73.123 91.012 84.520 86.076 90.915 100.268 90.811 104.642 -999.250 -999.250 -999.250 -999.250 -999.250 -999.250 -999.250 -999.250 -999.250 -999.250 -999.250 -999.250 -999.250 -999.250 -999.250 -999.250 -999.250 -999.250 -999.250 -999.250 -999.250 -999.250 -999.250 -999.250 -999.250 -999.250 -999.250 -999.250 -999.250 -999.250 -999.250 -999.250 -999.250 -999.250 -999.250 -999.250 -999.250 -999.250 -999.250 -999.250
145.227 122.218 102.204 91.940 92.778 100.002 90.263 81.005 88.153 86.012 84.206 80.052 65.638 64.847 66.851 67.123 74.310 69.860 76.683 72.415 83.545 78.650 72.449 73.645 68.517 86.165 101.951 116.964 141.668 -999.250 -999.250 -999.250 -999.250 -999.250 -999.250 -999.250 -999.250 -999.250 -999.250 -999.250 -999.250 -999.250 -999.250 -999.250 -999.250 -999.250 -999.250 -999.250 -999.250 -999.250 -999.250 -999.250 -999.250 -999.250 -999.250 -999.250 -999.250 -999.250 -999.250 -999.250 -999.250 -999.250 -999.250 -999.250 -999.250 -999.250
129.423 119.038 122.970 106.382 92.719 94.018 98.873 84.189 84.487 83.114 84.434 76.799 65.691 74.307 64.956 71.319 74.305 69.146 72.404 70.869 73.505 86.834 81.357 77.690 74.873 77.871 91.366 88.056 117.396 151.884 -999.250 -999.250 -999.250 -999.250 -999.250 -999.250 -999.250 -999.250 -999.250 -999.250 -999.250 -999.250 -999.250 -999.250 -999.250 -999.250 -999.250 -999.250 -999.250 -999.250 -999.250 -999.250 -999.250 -999.250 -999.250 -999.250 -999.250 -999.250 -999.250 -999.250 -999.250 -999.250 -999.250 -999.250 -999.250 -999.250
140.974 132.872 117.182 107.996 105.954 113.917 106.337 100.786 92.430 81.846 86.339 83.112 74.908 81.403 72.714 72.766 78.900 79.725 71.407 69.025 78.224 77.922 76.111 78.291 76.981 76.680 81.571 95.056 118.038 -999.250 -999.250 -999.250 -999.250 -999.250 -999.250 -999.250 -999.250 -999.250 -999.250 -999.250 -999.250 -999.250 -999.250 -999.250 -999.250 -999.250 -999.250 -999.250 -999.250 -999.250 -999.250 -999.250 -999.250 -999.250 -999.250 -999.250 -999.250 -999.250 -999.250 -999.250 -999.250 -999.250 -999.250 -999.250 -999.250 -999.250
132.438 128.272 119.848 108.996 110.490 117.078 124.189 106.692 94.055 89.514 82.514 83.490 71.496 79.546 71.747 68.192 73.423 74.929 63.614 62.970 75.271 73.498 76.858 86.532 80.021 70.848 72.124 84.862 92.634 -999.250 -999.250 -999.250 -999.250 -999.250 -999.250 -999.250 -999.250 -999.250 -999.250 -999.250 -999.250 -999.250 -999.250 -999.250 -999.250 -999.250 -999.250 -999.250 -999.250 -999.250 -999.250 -999.250 -999.250 -999.250 -999.250 -999.250 -999.250 -999.250 -999.250 -999.250 -999.250 -999.250 -999.250 -999.250 -999.250 -999.250
140.935 112.603 119.365 115.610 125.833 122.984 119.310 105.090 99.496 90.592 91.173 87.744 83.544 71.640 86.924 76.612 79.483 67.184 69.419 67.863 77.858 81.831 81.734 76.483 74.809 70.577 78.802 76.991 94.097 -999.250 -999.250 -999.250 -999.250 -999.250 -999.250 -999.250 -999.250 -999.250 -999.250 -999.250 -999.250 -999.250 -999.250 -999.250 -999.250 -999.250 -999.250 -999.250 -999.250 -999.250 -999.250 -999.250 -999.250 -999.250 -999.250 -999.250 -999.250 -999.250 -999.250 -999.250 -999.250 -999.250 -999.250 -999.250 -999.250 -999.250
140.970 118.650 108.235 122.803 111.618 127.835 116.367 103.130 102.272 99.906 90.475 82.179 81.889 75.666 90.811 80.747 71.365 83.771 81.859 72.068 75.545 78.094 75.411 68.641 70.517 79.331 71.747 74.109 73.414 -999.250 -999.250 -999.250 -999.250 -999.250 -999.250 -999.250 -999.250 -999.250 -999.250 -999.250 -999.250 -999.250 -999.250 -999.250 -999.250 -999.250 -999.250 -999.250 -999.250 -999.250 -999.250 -999.250 -999.250 -999.250 -999.250 -999.250 -999.250 -999.250 -999.250 -999.250 -999.250 -999.250 -999.250 -999.250 -999.250 -999.250
161.425 147.314 148.609 130.021 124.110 114.465 110.266 112.325 95.993 95.890 105.669 93.555 85.479 82.671 78.748 71.164 78.503 73.417 85.954 79.250 73.326 73.548 80.214 79.738 73.887 71.831 66.556 76.578 86.421 -999.250 -999.250 -999.250 -999.250 -999.250 -999.250 -999.250 -999.250 -999.250 -999.250 -999.250 -999.250 -999.250 -999.250 -999.250 -999.250 -999.250 -999.250 -999.250 -999.250 -999.250 -999.250 -999.250 -999.250 -999.250 -999.250 -999.250 -999.250 -999.250 -999.250 -999.250 -999.250 -999.250 -999.250 -999.250 -999.250 -999.250
159.427 149.576 127.061 124.738 118.537 118.423 118.669 116.123 105.295 93.289 102.477 90.652 79.828 83.125 79.486 78.672 74.966 76.863 75.813 86.389 82.620 82.423 86.707 74.728 73.655 76.490 69.584 72.802 84.468 -999.250 -999.250 -999.250 -999.250 -999.250 -999.250 -999.250 -999.250 -999.250 -999.250 -999.250 -999.250 -999.250 -999.250 -999.250 -999.250 -999.250 -999.250 -999.250 -999.250 -999.250 -999.250 -999.250 -999.250 -999.250 -999.250 -999.250 -999.250 -999.250 -999.250 -999.250 -999.250 -999.250 -999.250 -999.250 -999.250 -999.250
163.550 154.298 141.863 128.625 118.039 121.861 126.170 107.302 118.380 111.778 92.474 93.450 87.793 77.357 80.562 74.603 84.791 78.744 76.614 84.105 86.025 84.118 90.527 86.527 76.940 77.803 75.408 87.459 92.073 87.173 -999.250 -999.250 -999.250 -999.250 -999.250 -999.250 -999.250 -999.250 -999.250 -999.250 -999.250 -999.250 -999.250 -999.250 -999.250 -999.250 -999.250 -999.250 -999.250 -999.250 -999.250 -999.250 -999.250 -999.250 -999.250 -999.250 -999.250 -999.250 -999.250 -999.250 -999.250 -999.250 -999.250 -999.250 -999.250 -999.250
141.189 157.481 169.503 138.756 108.338 114.633 128.749 111.151 109.184 108.638 103.900 106.705 92.565 75.813 87.415 79.580 82.783 80.088 73.314 73.511 75.694 75.970 75.875 78.311 80.597 84.028 83.102 82.387 89.100 83.403 74.945 -999.250 -999.250 -999.250 -999.250 -999.250 -999.250 -999.250 -999.250 -999.250 -999.250 -999.250 -999.250 -999.250 -999.250 -999.250 -999.250 -999.250 -999.250 -999.250 -999.250 -999.250 -999.250 -999.250 -999.250 -999.250 -999.250 -999.250 -999.250 -999.250 -999.250 -999.250 -999.250 -999.250 -999.250 -999.250
152.048 143.760 155.433 153.272 145.021 114.637 96.241 110.956 97.117 102.167 104.604 94.957 90.124 82.932 84.781 82.935 72.845 63.918 77.161 75.297 76.634 82.983 77.610 86.197 81.183 94.237 82.797 83.895 85.831 96.858 91.462 95.129 -999.250 -999.250 -999.250 -999.250 -999.250 -999.250 -999.250 -999.250 -999.250 -999.250 -999.250 -999.250 -999.250 -999.250 -999.250 -999.250 -999.250 -999.250 -999.250 -999.250 -999.250 -999.250 -999.250 -999.250 -999.250 -999.250 -999.250 -999.250 -999.250 -999.250 -999.250 -999.250 -999.250 -999.250
139.932 135.520 155.569 165.577 137.163 145.410 114.569 105.410 114.209 99.653 112.512 104.628 98.600 95.550 78.201 80.302 75.875 74.287 68.832 67.672 80.196 84.703 91.855 93.769 85.609 90.688 107.713 101.321 94.362 107.881 95.318 90.283 -999.250 -999.250 -999.250 -999.250 -999.250 -999.250 -999.250 -999.250 -999.250 -999.250 -999.250 -999.250 -999.250 -999.250 -999.250 -999.250 -999.250 -999.250 -999.250 -999.250 -999.250 -999.250 -999.250 -999.250 -999.250 -999.250 -999.250 -999.250 -999.250 -999.250 -999.250 -999.250 -999.250 -999.250
141.379 145.812 143.117 131.183 116.287 117.052 105.946 97.302 98.671 101.693 98.627 114.035 93.475 85.980 83.262 76.479 71.626 68.538 65.283 72.033 82.959 84.069 94.632 89.183 103.883 113.485 109.652 115.780 115.889 106.211 125.624 93.670 -999.250 -999.250 -999.250 -999.250 -999.250 -999.250 -999.250 -999.250 -999.250 -999.250 -999.250 -999.250 -999.250 -999.250 -999.250 -999.250 -999.250 -999.250 -999.250 -999.250 -999.250 -999.250 -999.250 -999.250 -999.250 -999.250 -999.250 -999.250 -999.250 -999.250 -999.250 -999.250 -999.250 -999.250
137.698 115.565 112.683 101.732 91.833 98.060 86.054 94.175 103.434 107.495 94.180 92.849 93.888 80.447 77.246 71.232 68.300 65.592 78.657 80.277 88.536 87.441 114.118 120.647 126.724 120.045 129.912 133.395 122.532 130.856 125.801 120.536 -999.250 -999.250 -999.250 -999.250 -999.250 -999.250 -999.250 -999.250 -999.250 -999.250 -999.250 -999.250 -999.250 -999.250 -999.250 -999.250 -999.250 -999.250 -999.250 -999.250 -999.250 -999.250 -999.250 -999.250 -999.250 -999.250 -999.250 -999.250 -999.250 -999.250 -999.250 -999.250 -999.250 -999.250
141.306 125.891 109.174 127.440 104.445 87.406 86.014 92.568 98.276 108.986 96.165 88.942 91.996 84.009 73.809 73.032 75.681 82.133 70.989 85.216 84.821 87.246 118.441 109.115 130.970 140.985 149.415 161.926 141.574 137.710 134.880 132.298 -999.250 -999.250 -999.250 -999.250 -999.250 -999.250 -999.250 -999.250 -999.250 -999.250 -999.250 -999.250 -999.250 -999.250 -999.250 -999.250 -999.250 -999.250 -999.250 -999.250 -999.250 -999.250 -999.250 -999.250 -999.250 -999.250 -999.250 -999.250 -999.250 -999.250 -999.250 -999.250 -999.250 -999.250
130.122 116.739 110.389 104.410 104.154 107.025 81.078 82.458 90.212 98.909 92.850 82.983 85.505 71.725 69.459 63.191 74.922 76.348 76.851 78.742 84.857 97.155 112.100 123.930 162.451 161.173 160.492 156.392 160.441 146.882 133.651 133.791 131.963 -999.250 -999.250 -999.250 -999.250 -999.250 -999.250 -999.250 -999.250 -999.250 -999.250 -999.250 -999.250 -999.250 -999.250 -999.250 -999.250 -999.250 -999.250 -999.250 -999.250 -999.250 -999.250 -999.250 -999.250 -999.250 -999.250 -999.250 -999.250 -999.250 -999.250 -999.250 -999.250 -999.250
123.963 114.491 105.797 96.132 99.925 80.500 81.726 82.576 79.289 84.022 74.257 80.306 71.268 67.599 73.637 67.321 73.103 74.755 72.945 79.903 87.134 90.866 106.546 127.114 120.250 146.101 148.159 172.392 165.191 154.741 153.462 162.914 174.754 157.411 -999.250 -999.250 -999.250 -999.250 -999.250 -999.250 -999.250 -999.250 -999.250 -999.250 -999.250 -999.250 -999.250 -999.250 -999.250 -999.250 -999.250 -999.250 -999.250 -999.250 -999.250 -999.250 -999.250 -999.250 -999.250 -999.250 -999.250 -999.250 -999.250 -999.250 -999.250 -999.250
114.198 103.737 88.504 94.391 97.870 77.118 74.040 72.805 72.595 79.405 69.247 70.375 69.868 65.468 67.076 63.861 64.746 71.913 68.974 80.614 90.664 95.061 111.154 133.711 130.183 159.598 143.803 152.821 176.704 181.875 184.601 184.355 177.367 177.551 185.089 170.315 148.257 -999.250 -999.250 -999.250 -999.250 -999.250 -999.250 -999.250 -999.250 -999.250 -999.250 -999.250 -999.250 -999.250 -999.250 -999.250 -999.250 -999.250 -999.250 -999.250 -999.250 -999.250 -999.250 -999.250 -999.250 -999.250 -999.250 -999.250 -999.250 -999.250
104.764 99.401 86.402 85.544 90.253 82.272 69.914 64.764 60.065 64.348 59.517 61.330 62.075 53.470 56.610 55.360 56.741 66.760 74.063 86.338 89.331 99.391 102.997 121.667 137.294 143.012 150.162 169.665 172.644 186.984 173.075 189.557 197.597 194.208 189.190 179.913 176.743 -999.250 -999.250 -999.250 -999.250 -999.250 -999.250 -999.250 -999.250 -999.250 -999.250 -999.250 -999.250 -999.250 -999.250 -999.250 -999.250 -999.250 -999.250 -999.250 -999.250 -999.250 -999.250 -999.250 -999.250 -999.250 -999.250 -999.250 -999.250 -999.250
109.169 87.933 87.454 77.295 83.398 74.740 61.425 55.679 54.434 54.903 45.291 49.913 43.755 45.976 44.885 46.790 50.229 59.573 67.296 86.266 94.148 87.392 114.233 120.511 123.302 133.623 164.939 183.104 183.823 200.732 185.530 181.628 188.078 209.908 195.783 197.402 -999.250 -999.250 -999.250 -999.250 -999.250 -999.250 -999.250 -999.250 -999.250 -999.250 -999.250 -999.250 -999.250 -999.250 -999.250 -999.250 -999.250 -999.250 -999.250 -999.250 -999.250 -999.250 -999.250 -999.250 -999.250 -999.250 -999.250 -999.250 -999.250 -999.250
88.294 87.651 78.498 73.327 63.830 61.598 50.458 47.651 46.267 32.281 29.259 38.298 33.645 30.355 36.159 30.572 47.556 56.482 71.947 78.331 92.877 101.814 154.739 126.916 143.172 144.166 141.650 164.066 180.140 195.192 201.513 204.107 197.727 205.928 193.194 185.214 -999.250 -999.250 -999.250 164.673 151.626 105.931 -999.250 -999.250 -999.250 -999.250 -999.250 -999.250 -999.250 -999.250 -999.250 -999.250 -999.250 -999.250 -999.250 -999.250 -999.250 -999.250 -999.250 -999.250 -999.250 -999.250 -999.250 -999.250 -999.250 -999.250
92.154 88.782 79.622 59.851 53.928 45.699 42.368 48.771 39.960 27.543 21.955 21.799 19.885 18.187 17.054 27.971 40.249 54.703 71.994 80.010 80.438 115.267 124.336 114.546 128.363 158.148 139.297 167.434 175.152 182.767 194.257 209.281 212.766 215.747 194.065 172.948 165.516 162.784 148.354 147.570 137.310 114.769 120.883 -999.250 -999.250 -999.250 -999.250 -999.250 -999.250 -999.250 -999.250 -999.250 -999.250 -999.250 -999.250 -999.250 -999.250 -999.250 -999.250 -999.250 -999.250 -999.250 -999.250 -999.250 -999.250 -999.250
96.047 77.414 64.900 52.586 23.546 36.693 41.326 35.643 25.936 25.906 18.084 14.077 8.169 4.305 0.000 21.998 41.608 60.455 80.038 92.749 95.044 121.925 145.577 126.682 137.382 116.650 155.028 179.112 180.915 179.418 200.896 198.427 219.347 203.157 187.285 183.474 174.811 177.452 150.549 145.687 138.982 114.300 116.448 119.019 -999.250 -999.250 -999.250 -999.250 -999.250 -999.250 -999.250 -999.250 -999.250 -999.250 -999.250 -999.250 -999.250 -999.250 -999.250 -999.250 -999.250 -999.250 -999.250 -999.250 -999.250 -999.250
81.301 70.477 65.844 51.298 40.767 36.248 38.994 39.964 26.951 20.629 17.198 15.741 14.259 11.059 11.577 22.675 36.409 56.078 84.804 110.252 116.411 123.315 125.743 142.451 131.130 113.737 143.180 168.488 187.910 201.625 194.313 181.846 186.295 192.032 189.472 166.887 174.366 151.940 143.909 133.435 124.892 127.527 114.282 103.843 -999.250 -999.250 -999.250 -999.250 -999.250 -999.250 -999.250 -999.250 -999.250 -999.250 -999.250 -999.250 -999.250 -999.250 -999.250 -999.250 -999.250 -999.250 -999.250 -999.250 -999.250 -999.250
75.853 68.821 69.287 66.047 48.134 41.902 45.845 36.866 28.815 18.500 18.372 14.601 13.040 17.895 23.304 35.777 53.557 68.984 91.115 121.103 122.920 134.145 140.990 152.283 153.496 134.454 154.274 174.460 164.415 184.673 183.215 196.646 178.063 184.155 170.719 170.407 153.010 148.007 141.425 128.656 116.216 121.176 123.442 118.526 -999.250 -999.250 -999.250 -999.250 -999.250 -999.250 -999.250 -999.250 -999.250 -999.250 -999.250 -999.250 -999.250 -999.250 -999.250 -999.250 -999.250 -999.250 -999.250 -999.250 -999.250 -999.250
80.337 68.200 68.282 63.878 59.343 39.581 47.720 37.855 33.500 33.724 18.683 11.254 15.877 22.572 29.846 47.948 67.272 87.275 106.049 142.565 154.467 157.467 161.882 172.452 169.426 159.622 168.741 187.427 172.296 180.855 163.432 169.142 174.313 153.779 172.089 180.207 135.415 146.495 128.888 127.929 121.522 126.908 140.700 119.461 115.129 -999.250 -999.250 -999.250 -999.250 -999.250 -999.250 -999.250 -999.250 -999.250 -999.250 -999.250 -999.250 -999.250 -999.250 -999.250 -999.250 -999.250 -999.250 -999.250 -999.250 -999.250
