data/medianmodel_13-Sep-2020.asc
ncols	141
nrows	288
xllcorner	-120191.398
yllcorner	-301404.813
cellsize	2000.000
NODATA_value	-999.250
[rows 30 to 59 of 288, columns 69 to 137 of 141]
0.000 0.000 0.000 0.000 0.000 0.000 4.605 7.330 11.547 16.206 22.662 27.640 32.782 31.070 31.016 28.516 24.294 20.823 21.470 18.146 13.933 10.487 8.420 4.456 2.783 5.568 10.843 15.946 24.856 30.154 35.795 40.841 45.702 44.234 57.851 56.691 60.052 64.643 75.603 88.229 99.499 102.181 102.554 112.490 109.569 136.513 142.705 184.496 215.630 211.434 233.686 307.666 251.309 294.422 347.928 329.217 392.746 414.836 497.141 376.071 337.770 240.865 200.880 150.128 112.110 100.279 74.542 49.776 39.860
0.000 0.000 0.000 0.000 0.000 3.179 5.209 13.308 18.560 25.537 29.432 32.006 36.392 39.073 36.719 32.444 24.658 23.255 22.476 16.146 15.283 13.379 9.432 9.308 6.828 10.552 13.927 18.301 27.069 31.602 39.887 48.361 50.820 49.761 57.894 63.152 65.411 72.356 78.205 92.852 100.773 98.078 106.210 118.089 126.563 126.334 157.236 182.911 194.499 228.346 231.820 231.983 302.690 278.457 316.096 386.767 368.095 397.592 426.982 354.958 344.140 244.075 179.677 146.611 111.404 89.585 61.987 44.648 31.034
0.000 0.000 0.000 0.000 0.000 4.160 7.048 13.734 21.546 25.957 33.926 37.302 43.133 40.995 38.012 35.932 29.130 23.800 22.550 18.473 13.918 12.088 11.152 10.029 12.244 16.822 20.531 26.279 32.197 34.165 42.773 47.123 54.213 55.848 58.935 65.330 66.211 70.826 82.936 98.852 101.495 104.754 105.175 117.397 117.753 120.964 158.734 169.866 192.205 212.970 234.614 283.181 272.586 245.017 302.134 280.532 324.341 346.011 320.893 267.312 245.476 194.617 175.829 148.054 112.116 84.327 63.622 38.378 17.222
0.000 0.000 0.000 0.000 0.000 1.760 9.264 14.655 21.603 35.083 37.201 41.266 45.211 51.617 42.318 38.947 33.733 30.058 22.204 17.192 15.271 12.466 11.485 12.203 14.955 19.094 24.691 32.156 38.550 38.345 48.973 51.165 48.294 59.211 59.241 62.126 64.895 72.006 79.420 103.334 100.954 105.097 112.424 109.181 116.182 144.235 155.320 161.528 165.632 174.537 192.797 227.397 235.473 251.680 257.707 249.208 276.181 273.965 250.777 229.184 212.592 192.002 179.209 136.062 104.923 69.257 44.533 27.103 8.433
0.000 0.000 0.000 0.000 0.000 2.958 9.459 16.971 24.155 36.498 39.972 51.619 51.777 50.752 47.629 40.903 32.904 30.726 25.586 18.016 16.246 14.076 15.550 13.909 20.072 20.812 27.743 34.218 38.069 42.022 50.375 52.709 54.376 57.657 58.330 61.177 62.594 67.423 82.553 95.939 97.892 99.116 107.139 107.762 118.212 136.741 157.842 154.674 153.207 159.825 186.165 183.262 203.033 211.065 235.410 237.841 269.603 254.190 246.259 194.569 200.742 166.042 153.569 113.742 77.778 51.498 28.884 13.559 0.854
0.000 0.000 0.000 0.000 0.495 4.430 10.031 18.577 28.274 36.723 44.575 55.668 66.884 59.001 46.041 40.830 33.952 35.214 24.736 21.051 18.593 14.331 16.769 16.929 20.112 23.883 33.643 37.752 41.401 50.135 58.886 57.035 52.772 55.290 58.952 57.478 61.061 65.303 70.254 79.090 90.049 95.254 102.991 102.790 112.416 120.616 126.015 138.135 136.706 156.978 170.261 170.192 193.899 178.219 191.362 230.512 222.894 231.810 192.847 184.908 150.238 136.939 120.842 98.257 61.550 29.283 14.431 2.313 -999.250
0.000 0.000 0.000 0.000 0.397 6.944 12.242 22.611 29.486 36.780 43.312 51.908 59.120 53.983 47.001 38.940 34.738 31.392 26.720 22.819 19.634 17.023 17.808 16.711 22.722 28.239 34.207 40.827 43.261 54.018 64.356 59.209 52.502 49.338 49.618 53.714 55.102 59.671 63.193 65.742 67.161 79.181 98.531 95.642 100.800 113.134 119.264 132.030 136.155 156.866 164.072 173.394 178.362 182.866 169.817 209.593 203.434 184.513 167.049 160.931 141.521 119.034 105.856 82.151 50.338 22.088 7.658 0.000 -999.250
0.000 0.000 0.000 0.000 4.379 9.198 13.368 25.027 29.204 36.357 44.422 51.281 50.124 46.310 45.040 37.643 34.609 30.925 25.472 20.152 17.874 18.612 17.973 20.113 21.242 27.479 32.035 36.213 41.223 49.136 55.605 53.717 47.530 42.857 41.416 44.892 43.982 51.362 54.766 55.031 61.600 71.101 79.118 94.244 99.601 113.974 123.966 111.026 127.722 157.803 154.615 179.756 188.420 174.396 185.842 180.504 180.253 135.240 129.553 131.327 119.479 96.260 81.402 59.812 36.539 15.152 2.498 -999.250 -999.250
0.000 0.000 0.000 0.000 4.518 9.979 16.533 24.009 29.469 37.084 41.528 46.231 45.898 43.235 38.868 37.689 33.384 27.295 25.755 18.502 18.371 20.495 17.099 19.239 23.602 28.088 30.531 34.956 40.093 43.098 48.442 45.571 38.635 37.651 35.361 35.877 37.241 35.681 43.008 47.719 53.383 60.802 72.345 85.008 83.763 99.181 128.640 113.985 119.580 116.372 151.571 160.418 170.829 174.046 165.198 167.559 169.168 130.061 119.380 113.021 98.118 74.715 63.489 42.686 26.174 9.797 0.000 -999.250 -999.250
0.000 0.000 0.000 0.938 3.463 11.467 16.535 23.632 31.495 37.970 40.576 41.947 44.209 42.664 38.172 35.377 30.310 27.367 21.130 18.245 17.749 20.218 19.053 22.020 22.639 26.121 28.933 29.809 33.826 39.515 37.421 38.801 36.500 32.826 27.982 28.930 30.752 31.448 36.323 36.244 40.428 49.280 62.129 66.205 70.846 86.163 94.786 105.192 99.433 111.532 124.109 151.301 153.818 145.854 145.175 149.759 135.450 115.015 110.884 101.441 80.723 57.024 47.975 31.171 13.205 3.366 0.000 -999.250 -999.250
0.000 0.000 0.000 0.000 7.930 10.030 15.653 23.174 31.851 35.456 41.441 42.356 44.720 41.162 41.072 40.443 33.192 24.642 22.939 18.305 18.840 19.909 22.672 19.991 23.953 26.295 29.502 28.405 31.659 34.823 33.474 34.520 31.400 27.764 24.566 24.076 24.203 26.330 29.704 28.420 31.642 39.568 50.654 56.303 57.906 69.753 76.115 86.000 94.395 118.856 119.091 138.130 124.803 116.228 108.551 124.844 117.870 118.084 106.298 82.079 67.494 44.759 30.510 19.016 11.066 0.123 -999.250 -999.250 -999.250
0.000 0.000 0.551 4.195 6.388 11.365 17.843 24.710 30.246 35.326 36.783 43.430 42.618 40.763 38.335 36.591 34.503 28.973 23.640 19.448 18.340 20.458 20.217 22.753 25.858 26.425 28.112 30.851 30.485 31.742 34.600 27.134 25.543 20.908 19.460 18.296 17.212 17.650 19.611 16.646 19.219 28.547 39.285 49.021 55.416 57.808 71.002 81.061 91.771 88.376 105.491 106.793 105.313 108.036 102.662 101.377 97.051 100.103 88.219 65.129 50.000 32.942 27.297 10.141 3.859 0.000 0.000 -999.250 -999.250
2.310 2.951 4.308 4.402 9.825 15.188 18.967 23.790 30.836 35.118 35.812 38.822 36.821 38.034 37.826 34.391 33.713 28.924 22.948 20.421 19.907 19.376 20.180 21.976 23.003 23.203 24.901 26.465 28.990 29.777 29.021 26.292 19.026 15.675 14.917 10.616 13.199 10.104 10.329 7.911 10.971 15.385 22.040 30.637 42.616 55.335 60.615 62.302 68.756 77.947 91.028 90.472 93.224 86.887 95.081 85.697 74.198 89.561 66.429 53.834 38.362 28.219 16.542 -999.250 -999.250 -999.250 -999.250 -999.250 -999.250
7.839 6.477 8.420 8.567 11.324 15.386 20.922 22.679 25.930 28.693 32.175 33.974 34.845 32.649 32.295 31.895 31.236 23.953 22.552 17.533 19.154 17.402 20.377 20.527 22.274 21.840 24.345 25.466 28.666 23.506 23.259 19.886 15.776 11.716 10.396 8.674 6.740 3.896 3.384 0.026 0.000 5.030 13.308 21.203 29.839 34.828 40.633 47.403 61.853 65.327 78.848 83.233 80.022 74.048 67.151 68.157 65.037 64.151 58.055 46.378 32.256 20.243 9.956 0.000 -999.250 -999.250 -999.250 -999.250 -999.250
11.191 13.732 12.737 11.368 12.326 15.214 17.477 16.427 20.608 21.249 25.561 31.000 27.069 28.441 29.628 28.565 24.211 20.643 17.987 15.011 17.382 17.805 17.660 22.207 18.413 22.605 22.623 23.028 22.735 24.548 19.300 17.720 11.052 10.631 8.562 5.521 1.834 0.000 0.000 0.000 0.000 0.000 6.490 10.913 18.199 25.076 29.802 38.149 44.915 53.261 63.007 66.469 67.290 66.758 57.086 50.737 53.742 52.681 39.803 33.781 25.486 10.883 -999.250 -999.250 -999.250 -999.250 -999.250 -999.250 -999.250
18.451 19.966 18.385 15.734 14.514 13.596 12.961 10.678 13.790 16.777 17.310 19.157 20.780 17.680 20.075 20.499 16.634 14.588 14.634 11.528 12.703 14.574 13.405 16.687 17.162 19.246 18.440 18.761 16.401 15.976 14.771 11.047 8.732 6.852 5.058 4.880 0.021 0.000 0.000 0.000 0.000 0.000 0.170 2.676 8.098 11.610 20.740 28.727 34.048 40.388 47.432 59.581 57.218 59.396 49.497 43.971 37.875 36.136 31.709 19.163 16.968 7.445 -999.250 -999.250 -999.250 -999.250 -999.250 -999.250 -999.250
23.886 24.113 18.437 17.538 14.562 10.582 9.153 6.005 5.042 10.005 13.354 11.475 12.240 12.303 12.470 12.181 9.983 11.227 10.578 10.263 8.901 10.526 9.471 9.943 11.475 11.008 13.427 12.743 12.047 10.296 10.080 5.660 4.601 4.278 3.289 2.119 0.471 0.000 0.000 0.000 0.000 0.000 0.000 0.000 4.393 6.835 13.462 18.579 23.848 31.952 37.782 39.667 40.853 40.549 37.464 34.812 28.125 27.858 22.623 12.429 7.117 -999.250 -999.250 -999.250 -999.250 -999.250 -999.250 -999.250 -999.250
30.228 31.637 26.863 18.749 14.822 8.618 3.644 2.407 1.059 1.530 4.944 5.843 5.515 4.952 4.615 5.518 4.581 4.643 7.591 9.412 5.922 4.532 4.957 4.927 7.640 7.645 8.527 7.836 6.272 5.409 3.590 0.814 0.000 1.134 3.660 2.946 1.182 0.000 0.000 0.000 0.000 0.000 0.000 0.000 0.361 3.370 4.816 10.560 14.166 20.655 23.046 25.320 26.486 27.654 25.773 28.962 24.130 20.302 16.730 -999.250 -999.250 -999.250 -999.250 -999.250 -999.250 -999.250 -999.250 -999.250 -999.250
39.131 38.655 31.491 18.480 13.464 5.637 0.064 0.000 0.000 0.000 0.000 0.000 0.000 0.000 0.417 0.000 0.000 0.000 0.060 0.842 0.000 0.000 0.000 0.000 1.094 3.445 1.144 0.693 0.000 0.000 0.000 0.000 0.000 0.350 3.545 5.865 3.338 1.186 0.000 0.000 0.000 0.000 0.000 0.000 0.000 0.000 2.197 4.416 7.063 10.741 11.673 14.402 16.943 18.467 15.970 16.344 13.927 10.587 6.877 -999.250 -999.250 -999.250 -999.250 -999.250 -999.250 -999.250 -999.250 -999.250 -999.250
44.279 46.727 36.197 22.646 10.885 1.405 0.000 0.000 0.000 0.000 0.000 0.000 0.000 0.000 0.000 0.000 0.000 0.000 0.000 0.000 0.000 0.000 0.000 0.000 0.000 0.000 0.000 0.000 0.000 0.000 0.000 0.000 0.000 0.486 5.694 7.095 7.666 4.199 0.861 0.000 0.000 0.000 0.000 0.000 0.000 0.000 0.000 0.000 1.209 2.527 5.092 8.587 9.086 9.986 -999.250 9.445 7.397 -999.250 -999.250 -999.250 -999.250 -999.250 -999.250 -999.250 -999.250 -999.250 -999.250 -999.250 -999.250
59.806 56.497 43.659 28.302 12.499 0.000 0.000 0.000 0.000 0.000 0.000 0.000 0.000 0.000 0.000 0.000 0.000 0.000 0.000 0.000 0.000 0.000 0.000 0.000 0.000 0.000 0.000 0.000 0.000 0.000 0.000 0.000 0.000 0.993 5.929 9.225 11.692 10.828 6.649 1.051 0.000 0.000 0.000 0.000 0.000 0.000 0.000 0.000 0.000 0.000 0.000 1.650 -999.250 -999.250 -999.250 -999.250 -999.250 -999.250 -999.250 -999.250 -999.250 -999.250 -999.250 -999.250 -999.250 -999.250 -999.250 -999.250 -999.250
68.569 69.937 59.054 38.199 17.264 0.000 0.000 0.000 0.000 0.000 0.000 0.000 0.000 0.000 0.000 0.000 0.000 0.000 0.000 0.000 0.000 0.000 0.000 0.000 0.000 0.000 0.000 0.000 0.000 0.000 0.000 0.000 0.000 3.602 8.062 13.175 14.961 15.684 10.481 8.996 4.293 0.000 0.000 0.000 0.000 0.000 0.000 0.000 0.000 0.000 0.000 -999.250 -999.250 -999.250 -999.250 -999.250 -999.250 -999.250 -999.250 -999.250 -999.250 -999.250 -999.250 -999.250 -999.250 -999.250 -999.250 -999.250 -999.250
95.599 101.027 87.768 55.225 24.049 0.000 0.000 0.000 0.000 0.000 0.000 0.000 0.000 0.000 0.000 0.000 0.000 0.000 0.000 0.000 0.000 0.000 0.000 0.000 0.000 0.000 0.000 0.000 0.000 0.000 0.000 0.000 0.000 4.834 12.027 15.504 19.222 19.287 20.222 13.053 10.600 4.389 1.924 0.000 0.000 0.000 0.000 0.000 0.000 0.000 0.000 -999.250 -999.250 -999.250 -999.250 -999.250 -999.250 -999.250 -999.250 -999.250 -999.250 -999.250 -999.250 -999.250 -999.250 -999.250 -999.250 -999.250 -999.250
107.174 129.163 116.439 78.050 36.663 0.000 0.000 0.000 0.000 0.000 0.000 0.000 0.000 0.000 0.000 0.000 0.000 0.000 0.000 0.000 0.000 0.000 0.000 0.000 0.000 0.000 0.000 0.000 0.000 0.000 0.000 0.000 0.000 6.932 13.629 25.991 25.113 24.341 22.243 19.825 15.038 11.821 5.239 1.816 0.000 0.000 0.000 0.000 0.000 0.000 -999.250 -999.250 -999.250 -999.250 -999.250 -999.250 -999.250 -999.250 -999.250 -999.250 -999.250 -999.250 -999.250 -999.250 -999.250 -999.250 -999.250 -999.250 -999.250
117.632 176.589 133.375 92.519 44.442 14.091 0.000 0.000 0.000 0.000 1.927 0.000 0.000 0.000 0.000 0.000 0.000 0.000 0.000 0.000 0.000 0.000 0.000 0.000 0.000 0.000 0.000 0.000 0.000 0.000 0.000 0.000 0.414 6.968 13.558 20.417 25.436 26.955 27.466 28.470 23.578 16.896 10.495 6.576 1.406 0.000 0.000 0.000 0.000 -999.250 -999.250 -999.250 -999.250 -999.250 -999.250 -999.250 -999.250 -999.250 -999.250 -999.250 -999.250 -999.250 -999.250 -999.250 -999.250 -999.250 -999.250 -999.250 -999.250
103.130 111.896 102.451 71.369 41.744 18.212 6.770 1.096 4.742 7.378 10.108 6.373 2.782 0.000 0.000 0.000 0.000 0.000 0.000 0.000 0.000 0.000 0.000 0.000 0.000 0.000 0.000 0.000 0.000 0.000 0.000 0.000 3.851 7.504 14.587 21.101 22.404 25.525 30.009 32.727 33.002 26.360 13.599 12.419 6.370 0.000 0.000 0.000 0.000 -999.250 -999.250 -999.250 -999.250 -999.250 -999.250 -999.250 -999.250 -999.250 -999.250 -999.250 -999.250 -999.250 -999.250 -999.250 -999.250 -999.250 -999.250 -999.250 -999.250
65.457 75.316 67.826 46.955 28.842 13.963 9.261 6.063 9.394 16.413 22.373 14.787 8.016 0.230 0.000 0.000 0.302 1.061 0.000 0.000 0.000 0.000 0.000 0.000 0.000 0.000 0.000 0.000 0.000 0.000 0.000 2.760 7.314 11.014 15.928 17.804 22.346 30.898 33.150 37.691 37.542 32.230 24.446 18.597 13.375 1.911 0.000 0.000 -999.250 -999.250 -999.250 -999.250 -999.250 -999.250 -999.250 -999.250 -999.250 -999.250 -999.250 -999.250 -999.250 -999.250 -999.250 -999.250 -999.250 -999.250 -999.250 -999.250 -999.250
27.270 35.735 35.648 26.193 12.051 8.267 8.109 9.258 14.389 22.947 34.668 20.459 10.828 6.135 4.121 4.057 4.418 5.698 2.605 0.000 0.000 0.000 0.000 0.000 0.000 0.000 0.000 0.000 0.000 0.000 1.209 6.218 15.377 14.587 15.824 21.918 24.960 32.298 38.351 42.592 43.370 45.287 36.471 30.964 21.078 10.864 0.000 2.184 -999.250 -999.250 -999.250 -999.250 -999.250 -999.250 -999.250 -999.250 -999.250 -999.250 -999.250 -999.250 -999.250 -999.250 -999.250 -999.250 -999.250 -999.250 -999.250 -999.250 -999.250
6.936 14.783 15.809 10.316 4.556 2.838 3.661 8.367 14.832 20.689 24.627 18.415 11.734 10.166 9.989 14.136 12.179 13.093 10.375 6.539 0.000 0.000 0.000 0.000 0.000 0.000 0.000 0.000 0.000 0.000 3.986 7.790 12.045 17.741 20.699 25.801 32.109 36.009 42.320 49.860 55.956 58.233 51.678 45.296 33.496 19.917 16.523 16.294 -999.250 -999.250 -999.250 -999.250 -999.250 -999.250 -999.250 -999.250 -999.250 -999.250 -999.250 -999.250 -999.250 -999.250 -999.250 -999.250 -999.250 -999.250 -999.250 -999.250 -999.250
0.000 0.524 2.953 1.033 0.000 0.000 1.635 6.959 11.735 17.394 16.973 15.684 11.953 15.303 19.428 27.260 29.091 26.295 20.257 16.522 5.476 0.000 0.000 0.000 0.000 0.000 0.000 0.000 0.000 0.000 4.478 8.357 12.231 17.736 23.692 29.755 38.532 42.428 53.973 59.766 63.753 70.941 63.358 59.255 52.968 41.696 32.002 -999.250 -999.250 -999.250 -999.250 -999.250 -999.250 -999.250 -999.250 -999.250 -999.250 -999.250 -999.250 -999.250 -999.250 -999.250 -999.250 -999.250 -999.250 -999.250 -999.250 -999.250 -999.250
