data/medianmodel_26-Feb-2021.asc
ncols	141
nrows	288
xllcorner	-120191.398
yllcorner	-301404.813
cellsize	2000.000
NODATA_value	-999.250
[rows 87 to 115 of 288, columns 66 to 131 of 141]
75.879 88.095 97.585 109.583 120.074 126.078 135.055 136.540 135.101 125.238 129.738 136.550 141.529 144.509 166.305 181.970 183.787 190.039 204.610 219.144 218.208 226.867 210.673 196.396 176.419 158.916 143.825 135.329 118.396 109.736 105.206 93.348 85.613 86.517 79.211 73.534 66.795 69.494 74.438 78.136 88.348 93.223 101.814 118.503 129.548 141.086 156.711 171.229 -999.250 -999.250 -999.250 -999.250 -999.250 -999.250 -999.250 -999.250 -999.250 -999.250 -999.250 -999.250 -999.250 -999.250 -999.250 -999.250 -999.250 -999.250
77.729 89.224 97.518 109.120 126.395 132.740 135.870 139.243 132.319 136.072 140.528 151.533 163.784 176.031 203.576 217.288 230.016 258.538 279.995 285.039 292.172 298.367 281.430 266.015 234.358 203.324 186.975 171.574 147.687 133.410 122.080 110.344 96.996 85.059 83.527 77.037 72.350 69.306 78.896 83.980 85.620 93.076 92.483 107.501 122.091 140.138 151.886 166.675 187.554 193.439 -999.250 -999.250 -999.250 -999.250 -999.250 -999.250 -999.250 -999.250 -999.250 -999.250 -999.250 -999.250 -999.250 -999.250 -999.250 -999.250
70.351 78.534 87.805 105.090 120.939 138.739 135.058 145.635 138.721 140.363 151.110 164.614 174.795 200.488 231.985 268.995 286.521 327.611 350.251 390.750 397.876 375.670 363.147 315.545 286.664 257.595 229.988 209.689 186.095 158.068 135.563 123.235 103.572 92.594 86.790 76.852 74.217 77.300 83.534 77.148 83.096 93.868 98.181 106.703 112.288 134.764 141.756 154.642 176.056 192.602 -999.250 -999.250 -999.250 -999.250 -999.250 -999.250 -999.250 -999.250 -999.250 -999.250 -999.250 -999.250 -999.250 -999.250 -999.250 -999.250
65.953 67.437 78.370 93.034 106.534 126.371 131.129 139.291 143.238 153.149 161.976 178.042 199.971 226.096 261.968 306.439 363.284 412.417 456.910 517.215 492.505 469.755 440.971 376.171 346.892 316.448 273.002 233.812 208.778 177.180 153.163 130.888 114.424 95.267 86.396 78.771 79.261 80.075 74.152 78.687 82.233 86.832 89.796 98.687 115.964 131.343 141.815 145.963 161.606 172.717 -999.250 -999.250 -999.250 -999.250 -999.250 -999.250 -999.250 -999.250 -999.250 -999.250 -999.250 -999.250 -999.250 -999.250 -999.250 -999.250
56.108 52.718 68.755 81.807 94.655 104.614 124.854 125.186 136.290 150.732 160.081 190.915 217.142 258.891 299.558 345.932 457.030 521.451 539.093 584.105 611.854 599.171 530.532 471.191 463.046 361.849 301.523 267.165 221.209 195.539 156.829 136.802 120.729 95.636 81.896 81.846 81.196 79.505 73.575 79.463 81.377 86.271 86.174 92.656 108.303 122.048 133.161 154.405 153.391 -999.250 -999.250 -999.250 -999.250 -999.250 -999.250 -999.250 -999.250 -999.250 -999.250 -999.250 -999.250 -999.250 -999.250 -999.250 -999.250 -999.250
44.721 43.224 48.246 70.058 81.013 96.247 109.886 114.923 127.120 142.962 157.708 203.695 242.378 266.129 339.532 433.826 488.754 626.382 665.794 736.995 777.062 738.202 677.188 535.127 485.259 390.444 322.222 281.016 237.324 217.005 166.967 141.687 123.819 111.141 101.158 90.868 92.528 82.699 76.294 75.870 79.137 85.683 91.874 88.647 95.534 113.934 126.939 143.456 155.811 -999.250 -999.250 -999.250 -999.250 -999.250 -999.250 -999.250 -999.250 -999.250 -999.250 -999.250 -999.250 -999.250 -999.250 -999.250 -999.250 -999.250
41.120 28.960 38.645 53.598 71.287 79.798 88.145 106.746 126.813 140.080 157.509 196.914 232.322 277.300 350.374 482.018 561.391 717.356 864.438 937.749 996.662 889.317 818.118 651.687 532.819 470.515 356.670 299.476 246.448 207.050 173.960 144.474 121.472 117.717 103.859 95.598 91.866 88.046 81.232 82.691 85.473 82.629 94.600 96.622 101.672 113.191 118.432 140.512 -999.250 -999.250 -999.250 -999.250 -999.250 -999.250 -999.250 -999.250 -999.250 -999.250 -999.250 -999.250 -999.250 -999.250 -999.250 -999.250 -999.250 -999.250
53.889 21.573 41.150 53.338 69.182 75.806 85.551 91.672 121.331 130.837 155.686 179.206 225.939 283.133 402.747 517.892 714.459 882.585 1074.830 1135.631 1116.353 967.599 835.025 696.641 551.073 489.214 368.152 307.029 247.603 202.981 167.007 145.125 129.035 121.292 116.307 97.229 90.736 86.299 84.627 83.395 87.172 83.483 91.773 104.503 111.094 118.515 126.778 137.273 -999.250 -999.250 -999.250 -999.250 -999.250 -999.250 -999.250 -999.250 -999.250 -999.250 -999.250 -999.250 -999.250 -999.250 -999.250 -999.250 -999.250 -999.250
84.396 65.267 65.374 67.960 70.066 74.868 78.170 90.501 113.213 135.672 145.089 175.279 212.610 274.003 375.863 526.918 709.392 944.073 1146.637 1296.974 1218.135 1073.079 888.206 665.135 539.890 478.639 356.000 277.120 226.627 196.915 158.939 139.719 134.510 128.433 113.651 103.724 95.733 87.069 88.969 83.640 89.037 92.624 101.550 94.042 111.258 124.300 129.716 137.574 -999.250 -999.250 -999.250 -999.250 -999.250 -999.250 -999.250 -999.250 -999.250 -999.250 -999.250 -999.250 -999.250 -999.250 -999.250 -999.250 -999.250 -999.250
134.203 115.253 92.018 77.198 75.734 72.564 78.900 89.236 104.761 133.662 151.602 179.658 211.402 242.871 390.245 530.388 734.140 977.453 1117.450 1216.430 1141.147 1058.208 901.625 716.418 554.176 391.083 321.403 247.645 206.286 164.999 145.232 127.694 114.149 117.622 113.516 105.560 102.342 94.261 94.415 88.681 86.859 90.020 100.983 101.703 115.671 123.644 139.522 144.083 157.515 -999.250 -999.250 -999.250 -999.250 -999.250 -999.250 -999.250 -999.250 -999.250 -999.250 -999.250 -999.250 -999.250 -999.250 -999.250 -999.250 -999.250
178.685 148.930 122.375 98.729 85.519 82.819 83.925 93.045 103.734 129.621 160.485 205.171 230.201 294.214 437.534 530.796 658.945 879.325 1018.995 1064.741 1091.054 1016.373 773.605 641.840 501.616 384.736 268.936 200.470 161.097 135.990 123.994 115.798 110.780 112.909 108.122 104.697 99.658 98.390 99.324 98.261 95.119 98.815 100.985 118.562 123.147 133.155 142.807 147.020 156.162 155.147 -999.250 -999.250 -999.250 -999.250 -999.250 -999.250 -999.250 -999.250 -999.250 -999.250 -999.250 -999.250 -999.250 -999.250 -999.250 -999.250
219.677 178.994 149.236 125.205 96.182 87.957 81.859 92.335 114.260 132.460 175.261 214.326 260.272 325.606 449.799 548.672 634.456 804.460 893.533 1021.011 964.892 863.888 695.907 557.605 449.115 334.887 239.029 125.039 116.747 109.349 117.531 115.647 117.890 115.951 115.245 109.678 103.636 100.142 94.574 103.845 105.651 115.292 116.284 119.028 132.764 134.652 140.585 150.207 160.499 177.463 193.152 -999.250 -999.250 -999.250 -999.250 -999.250 -999.250 -999.250 -999.250 -999.250 -999.250 -999.250 -999.250 -999.250 -999.250 -999.250
242.298 201.286 168.031 134.409 115.005 101.980 83.104 94.832 114.162 142.371 182.522 220.690 279.181 330.932 439.303 527.341 649.114 803.708 804.675 843.946 736.366 695.935 552.698 457.338 374.855 285.720 201.950 136.097 118.327 107.587 110.808 118.346 121.352 129.199 137.658 120.333 121.777 110.203 103.921 119.774 120.722 130.859 137.704 133.623 138.754 134.537 151.663 166.456 188.049 202.318 -999.250 -999.250 -999.250 -999.250 -999.250 -999.250 -999.250 -999.250 -999.250 -999.250 -999.250 -999.250 -999.250 -999.250 -999.250 -999.250
252.706 214.739 185.847 152.172 130.790 107.929 102.599 110.387 129.646 149.284 193.335 232.885 275.397 318.373 412.298 513.529 636.192 629.740 709.002 662.912 638.909 542.734 461.800 360.172 299.154 240.012 185.501 146.950 124.656 112.558 128.133 126.091 130.302 139.718 146.520 143.856 145.691 150.909 138.380 136.361 138.969 148.854 151.855 152.727 149.193 148.920 157.315 184.379 193.160 207.899 209.933 -999.250 -999.250 -999.250 -999.250 -999.250 -999.250 -999.250 -999.250 -999.250 -999.250 -999.250 -999.250 -999.250 -999.250 -999.250
250.741 219.492 193.625 167.665 141.281 127.409 118.807 125.156 144.877 160.777 188.729 234.790 275.529 336.228 419.065 475.880 505.776 552.836 536.316 508.814 485.117 430.005 347.683 291.580 245.171 206.286 165.557 143.308 127.028 129.089 135.996 142.367 151.041 154.105 172.342 173.790 176.717 174.103 181.686 170.135 165.140 164.985 174.382 183.528 164.295 159.307 167.321 194.637 205.170 -999.250 -999.250 -999.250 -999.250 -999.250 -999.250 -999.250 -999.250 -999.250 -999.250 -999.250 -999.250 -999.250 -999.250 -999.250 -999.250 -999.250
235.414 219.343 179.640 161.072 150.706 130.550 125.814 135.558 154.506 176.251 203.123 222.750 263.238 300.032 359.206 403.006 450.841 440.544 435.148 372.866 316.134 272.055 249.004 223.772 199.610 180.994 146.073 149.405 138.190 140.007 145.172 152.717 176.586 194.317 202.350 208.155 200.819 205.307 205.713 204.166 200.679 198.800 195.901 191.220 195.119 191.121 192.792 202.669 -999.250 -999.250 -999.250 -999.250 -999.250 -999.250 -999.250 -999.250 -999.250 -999.250 -999.250 -999.250 -999.250 -999.250 -999.250 -999.250 -999.250 -999.250
219.489 218.946 194.719 180.493 153.754 147.363 137.460 139.690 151.371 176.639 199.566 223.690 231.854 281.410 299.139 337.026 352.876 337.565 328.284 286.971 227.273 147.477 163.620 170.238 160.413 150.956 144.691 145.760 140.274 147.342 162.089 171.723 181.439 196.499 216.806 221.547 238.780 238.033 239.212 232.754 228.035 209.383 213.207 209.762 205.133 202.813 195.680 214.429 -999.250 -999.250 -999.250 -999.250 -999.250 -999.250 -999.250 -999.250 -999.250 -999.250 -999.250 -999.250 -999.250 -999.250 -999.250 -999.250 -999.250 -999.250
224.708 211.817 196.527 178.950 164.924 138.991 143.866 141.782 141.507 156.404 177.108 202.947 218.087 244.855 259.596 268.839 281.762 274.159 262.863 224.569 186.342 139.886 126.868 133.145 135.935 136.796 133.568 141.817 153.638 162.077 183.680 206.739 203.321 231.053 240.418 245.252 263.286 253.343 263.423 249.246 240.695 240.101 230.437 211.986 219.765 209.359 214.936 -999.250 -999.250 -999.250 -999.250 -999.250 -999.250 -999.250 -999.250 -999.250 -999.250 -999.250 -999.250 -999.250 -999.250 -999.250 -999.250 -999.250 -999.250 -999.250
214.328 208.498 186.318 176.690 158.740 151.557 137.645 144.045 145.166 143.018 160.808 184.620 199.433 210.185 225.569 222.292 234.168 223.900 215.561 194.265 163.822 134.793 123.480 124.063 128.483 136.618 141.382 150.427 152.461 174.626 191.645 203.197 222.315 239.411 271.823 281.559 298.075 288.265 293.030 278.479 275.317 258.925 243.954 -999.250 -999.250 -999.250 -999.250 -999.250 -999.250 -999.250 -999.250 -999.250 -999.250 -999.250 -999.250 -999.250 -999.250 -999.250 -999.250 -999.250 -999.250 -999.250 -999.250 -999.250 -999.250 -999.250
206.277 199.554 184.536 168.433 160.751 143.535 144.423 133.605 139.740 142.708 148.279 165.612 174.158 184.785 192.385 196.143 196.265 192.381 186.580 166.622 146.894 138.411 128.408 124.231 129.362 133.404 145.720 153.875 165.552 182.409 204.394 211.248 244.430 271.632 283.824 290.307 328.361 319.203 326.544 301.295 286.848 -999.250 -999.250 -999.250 -999.250 -999.250 -999.250 -999.250 -999.250 -999.250 -999.250 -999.250 -999.250 -999.250 -999.250 -999.250 -999.250 -999.250 -999.250 -999.250 -999.250 -999.250 -999.250 -999.250 -999.250 -999.250
202.372 187.507 172.580 159.846 154.843 159.432 145.488 131.211 126.483 137.441 137.225 147.931 150.384 157.928 161.129 167.379 163.373 166.484 158.128 145.637 139.593 130.005 127.052 125.070 135.391 141.080 140.149 150.850 177.958 192.342 204.275 219.761 247.755 278.704 295.054 313.087 340.366 366.183 346.647 322.745 289.257 -999.250 -999.250 -999.250 -999.250 -999.250 -999.250 -999.250 -999.250 -999.250 -999.250 -999.250 -999.250 -999.250 -999.250 -999.250 -999.250 -999.250 -999.250 -999.250 -999.250 -999.250 -999.250 -999.250 -999.250 -999.250
180.610 166.542 160.711 155.918 147.647 142.582 138.832 121.380 128.799 129.606 127.877 139.424 143.638 144.233 151.979 142.210 145.841 139.734 133.685 131.322 126.668 128.540 129.257 126.303 127.863 132.207 137.633 162.520 177.141 193.159 212.240 241.904 248.763 278.519 288.967 304.810 355.658 409.567 395.364 366.209 291.107 -999.250 -999.250 -999.250 -999.250 -999.250 -999.250 -999.250 -999.250 -999.250 -999.250 -999.250 -999.250 -999.250 -999.250 -999.250 -999.250 -999.250 -999.250 -999.250 -999.250 -999.250 -999.250 -999.250 -999.250 -999.250
172.458 159.894 158.483 148.074 134.948 126.559 122.999 119.227 105.709 117.135 107.260 126.924 124.507 135.257 134.080 127.989 128.836 127.238 123.842 125.126 122.157 127.813 119.145 125.053 127.233 134.120 143.939 160.207 177.400 196.043 214.396 229.138 251.415 270.149 310.453 341.797 371.572 420.610 397.296 362.861 334.366 -999.250 -999.250 -999.250 -999.250 -999.250 -999.250 -999.250 -999.250 -999.250 -999.250 -999.250 -999.250 -999.250 -999.250 -999.250 -999.250 -999.250 -999.250 -999.250 -999.250 -999.250 -999.250 -999.250 -999.250 -999.250
156.685 158.393 143.734 134.920 124.293 119.446 115.539 102.948 101.556 99.489 97.940 110.504 110.313 117.794 105.047 103.488 115.734 104.792 107.700 111.774 109.210 117.003 116.929 121.628 130.525 132.612 143.433 159.706 171.179 187.433 204.303 215.282 239.055 260.660 293.480 323.845 354.688 387.700 380.523 346.287 326.978 -999.250 -999.250 -999.250 -999.250 -999.250 -999.250 -999.250 -999.250 -999.250 -999.250 -999.250 -999.250 -999.250 -999.250 -999.250 -999.250 -999.250 -999.250 -999.250 -999.250 -999.250 -999.250 -999.250 -999.250 -999.250
151.588 144.375 131.801 125.985 118.228 116.539 99.734 98.641 92.607 97.590 95.305 93.671 90.450 88.979 88.479 87.347 96.692 91.655 97.166 101.794 102.635 108.173 107.564 119.954 113.773 134.672 150.792 158.278 179.989 193.304 206.051 221.554 238.775 267.021 283.225 302.435 338.401 359.483 342.047 316.702 313.803 -999.250 -999.250 -999.250 -999.250 -999.250 -999.250 -999.250 -999.250 -999.250 -999.250 -999.250 -999.250 -999.250 -999.250 -999.250 -999.250 -999.250 -999.250 -999.250 -999.250 -999.250 -999.250 -999.250 -999.250 -999.250
149.118 132.265 130.163 118.710 111.301 102.970 96.833 82.220 84.212 77.608 79.621 80.812 81.409 80.297 77.935 78.786 85.349 84.464 90.217 87.566 90.120 100.140 105.572 112.682 121.360 132.875 142.803 154.653 167.553 177.588 193.034 209.797 243.912 255.153 261.650 282.584 302.807 310.798 302.894 278.934 282.023 275.739 272.197 -999.250 -999.250 -999.250 -999.250 -999.250 -999.250 -999.250 -999.250 -999.250 -999.250 -999.250 -999.250 -999.250 -999.250 -999.250 -999.250 -999.250 -999.250 -999.250 -999.250 -999.250 -999.250 -999.250
142.715 130.738 123.072 104.524 99.084 96.102 87.415 84.586 73.997 75.533 76.934 73.238 71.048 70.615 70.831 68.230 68.183 77.258 73.952 77.929 83.310 89.599 97.101 102.428 108.249 120.431 135.131 143.736 160.808 163.995 172.711 207.010 220.922 241.446 248.314 262.649 274.971 279.560 280.809 269.314 268.987 266.890 272.789 252.809 260.834 -999.250 -999.250 -999.250 -999.250 -999.250 -999.250 -999.250 -999.250 -999.250 -999.250 -999.250 -999.250 -999.250 -999.250 -999.250 -999.250 -999.250 -999.250 -999.250 -999.250 -999.250
135.063 121.230 108.733 91.427 89.006 82.696 80.349 77.438 70.692 70.101 67.160 65.268 62.993 56.267 59.120 60.791 56.541 62.013 67.461 66.885 71.492 78.579 86.742 92.427 101.290 111.759 122.089 135.982 143.744 146.361 175.789 187.548 192.977 211.319 224.359 228.834 249.800 252.977 256.603 271.589 250.538 257.792 250.513 260.214 258.240 -999.250 -999.250 -999.250 -999.250 -999.250 -999.250 -999.250 -999.250 -999.250 -999.250 -999.250 -999.250 -999.250 -999.250 -999.250 -999.250 -999.250 -999.250 -999.250 -999.250 -999.250
130.985 120.205 103.379 88.768 86.536 75.509 78.108 70.260 64.153 59.799 60.342 57.793 55.127 53.015 51.242 55.734 50.492 51.611 51.224 51.457 60.226 64.028 74.509 86.918 92.580 111.486 115.736 120.548 124.597 129.985 147.057 161.446 168.205 179.570 199.412 205.786 226.217 240.187 235.568 244.537 231.971 234.916 242.768 244.058 245.770 247.661 -999.250 -999.250 -999.250 -999.250 -999.250 -999.250 -999.250 -999.250 -999.250 -999.250 -999.250 -999.250 -999.250 -999.250 -999.250 -999.250 -999.250 -999.250 -999.250 -999.250
