data/medianmodel_15-Jan-2021.asc
ncols	141
nrows	288
xllcorner	-120191.398
yllcorner	-301404.813
cellsize	2000.000
NODATA_value	-999.250
[rows 112 to 139 of 288, columns 64 to 127 of 141]
2654.072 2656.749 2622.073 2630.034 2547.154 2766.496 2793.170 2717.040 2561.064 2444.855 2205.423 2120.059 1971.793 1884.671 1749.106 1648.233 1572.870 1519.476 1467.955 1439.186 1452.775 1347.341 1355.322 1346.713 1338.845 1293.115 1326.871 1297.187 1324.259 1366.485 1380.639 1334.915 1307.891 1295.241 1331.027 1345.838 1381.005 1415.811 1460.482 1466.240 1483.803 1436.112 1465.889 1456.015 1439.511 -999.250 -999.250 -999.250 -999.250 -999.250 -999.250 -999.250 -999.250 -999.250 -999.250 -999.250 -999.250 -999.250 -999.250 -999.250 -999.250 -999.250 -999.250 -999.250
2623.496 2564.379 2605.244 2638.780 2611.047 2725.402 3071.588 2678.003 2562.239 2420.150 2196.738 2033.007 2002.406 1801.853 1655.397 1651.839 1547.444 1491.120 1461.147 1421.257 1365.507 1360.131 1315.492 1372.052 1360.142 1333.507 1326.543 1345.639 1367.707 1376.003 1331.418 1316.104 1330.686 1333.303 1361.104 1408.278 1359.800 1425.311 1467.213 1464.898 1450.319 1473.785 1468.029 1461.680 1440.211 1429.866 1358.762 -999.250 -999.250 -999.250 -999.250 -999.250 -999.250 -999.250 -999.250 -999.250 -999.250 -999.250 -999.250 -999.250 -999.250 -999.250 -999.250 -999.250
2331.076 2494.976 2674.567 2592.897 2572.758 2630.917 2745.275 2702.310 2490.097 2232.041 2073.704 1944.384 1861.601 1676.376 1583.603 1619.391 1496.950 1490.465 1504.396 1422.955 1399.454 1350.848 1348.485 1398.845 1371.253 1349.347 1326.426 1310.788 1366.532 1347.444 1320.019 1329.389 1348.333 1311.219 1329.160 1371.341 1439.846 1437.425 1425.650 1451.717 1430.174 1450.015 1457.109 1446.020 1459.917 1396.692 1350.912 -999.250 -999.250 -999.250 -999.250 -999.250 -999.250 -999.250 -999.250 -999.250 -999.250 -999.250 -999.250 -999.250 -999.250 -999.250 -999.250 -999.250
2342.908 2417.384 2389.489 2357.352 2398.128 2428.279 2540.408 2367.730 2239.296 2201.837 1979.561 1910.913 1817.991 1605.530 1520.476 1496.294 1496.921 1465.387 1363.852 1362.473 1354.291 1274.107 1349.030 1356.592 1353.707 1359.531 1346.290 1361.111 1379.375 1347.981 1349.321 1355.151 1395.398 1361.356 1370.791 1380.700 1443.290 1404.220 1405.774 1418.204 1440.758 1445.925 1413.594 1400.193 1407.959 1344.929 1331.746 1326.596 -999.250 -999.250 -999.250 -999.250 -999.250 -999.250 -999.250 -999.250 -999.250 -999.250 -999.250 -999.250 -999.250 -999.250 -999.250 -999.250
2208.505 2150.909 2292.017 2256.649 2275.843 2259.083 2186.654 2093.510 2014.307 1876.706 1831.910 1646.672 1631.548 1568.053 1482.156 1406.364 1469.214 1389.109 1378.725 1350.996 1325.656 1237.992 1294.147 1297.005 1336.804 1352.695 1331.477 1335.558 1387.954 1371.951 1386.020 1335.201 1381.226 1422.872 1401.986 1415.414 1415.054 1424.747 1392.556 1404.421 1409.028 1437.501 1411.217 1371.126 1374.402 1356.682 1345.739 1285.262 1305.428 -999.250 -999.250 -999.250 -999.250 -999.250 -999.250 -999.250 -999.250 -999.250 -999.250 -999.250 -999.250 -999.250 -999.250 -999.250
2047.872 2086.840 2136.568 2083.005 2045.593 2042.155 1984.706 1892.158 1704.334 1654.929 1591.022 1526.412 1405.492 1458.619 1349.840 1400.273 1374.331 1312.134 1314.960 1351.303 1266.078 1245.058 1278.196 1281.652 1273.447 1295.588 1278.458 1325.533 1397.959 1375.861 1389.536 1396.408 1392.738 1404.980 1440.850 1432.921 1460.864 1435.308 1452.939 1413.433 1391.213 1368.407 1356.377 1393.923 1318.483 1348.243 1294.333 1308.455 1284.181 -999.250 -999.250 -999.250 -999.250 -999.250 -999.250 -999.250 -999.250 -999.250 -999.250 -999.250 -999.250 -999.250 -999.250 -999.250
1886.453 1881.291 1826.263 1903.988 1817.232 1747.677 1682.684 1596.741 1527.273 1387.341 1371.469 1310.961 1253.038 1261.510 1242.403 1280.497 1281.961 1220.625 1266.060 1206.022 1225.828 1204.276 1263.283 1303.552 1263.066 1321.648 1329.707 1369.979 1318.353 1337.251 1351.660 1374.552 1377.220 1415.718 1406.585 1399.608 1471.937 1478.419 1455.281 1411.091 1386.434 1354.118 1333.494 1324.377 1326.329 1297.614 1325.152 1245.316 1296.435 1242.948 -999.250 -999.250 -999.250 -999.250 -999.250 -999.250 -999.250 -999.250 -999.250 -999.250 -999.250 -999.250 -999.250 -999.250
1733.935 1685.473 1656.786 1629.347 1476.113 1478.528 1408.110 1349.920 1222.877 1162.214 1159.891 1116.274 1127.914 1129.036 1174.826 1148.195 1182.574 1161.011 1164.895 1158.838 1168.716 1118.558 1199.400 1199.897 1255.443 1279.929 1357.634 1346.061 1345.933 1344.563 1343.096 1368.938 1375.248 1392.959 1413.214 1459.057 1419.027 1456.269 1474.711 1420.492 1368.181 1366.252 1357.857 1348.450 1352.449 1336.445 1295.568 1257.018 1227.018 -999.250 -999.250 -999.250 -999.250 -999.250 -999.250 -999.250 -999.250 -999.250 -999.250 -999.250 -999.250 -999.250 -999.250 -999.250
1691.899 1571.756 1445.308 1386.081 1302.868 1205.943 1152.555 1025.922 1011.544 940.045 895.402 912.718 1010.672 1034.905 1038.822 1050.674 1027.559 1030.881 1128.745 1169.411 1133.881 1184.961 1174.577 1185.182 1275.070 1246.942 1263.747 1321.896 1355.435 1364.039 1308.345 1342.784 1419.188 1430.363 1424.698 1446.364 1470.423 1473.845 1464.377 1435.080 1403.273 1346.115 1342.512 1360.033 1343.048 1328.731 1291.930 1284.776 1181.580 -999.250 -999.250 -999.250 -999.250 -999.250 -999.250 -999.250 -999.250 -999.250 -999.250 -999.250 -999.250 -999.250 -999.250 -999.250
1581.016 1460.938 1295.179 1233.092 1072.437 926.708 794.464 763.521 762.361 743.652 742.406 784.297 827.801 894.190 941.815 968.071 972.966 1023.625 1027.672 1119.731 1144.932 1129.285 1136.707 1154.853 1171.414 1259.157 1268.708 1354.180 1364.335 1347.117 1346.724 1321.008 1363.714 1363.258 1413.446 1460.282 1480.509 1489.341 1433.153 1403.968 1356.764 1326.523 1342.811 1412.358 1346.521 1270.361 1265.901 1277.079 1277.028 -999.250 -999.250 -999.250 -999.250 -999.250 -999.250 -999.250 -999.250 -999.250 -999.250 -999.250 -999.250 -999.250 -999.250 -999.250
1483.591 1320.282 1180.269 1030.881 873.214 692.806 499.700 519.414 633.909 604.023 683.264 700.273 712.215 794.603 788.121 909.600 929.533 949.667 979.533 1028.656 1079.875 1049.501 1134.940 1124.175 1180.677 1211.789 1274.546 1315.637 1303.337 1309.073 1341.405 1296.933 1362.423 1436.131 1414.856 1416.893 1453.396 1448.629 1407.150 1422.492 1421.015 1342.909 1376.681 1411.704 1369.311 1325.393 1206.040 1224.314 1240.615 -999.250 -999.250 -999.250 -999.250 -999.250 -999.250 -999.250 -999.250 -999.250 -999.250 -999.250 -999.250 -999.250 -999.250 -999.250
1367.053 1161.613 1008.046 844.699 731.539 543.042 409.024 414.337 458.358 518.870 503.733 548.935 615.186 723.576 750.619 767.075 862.675 886.542 948.755 955.984 999.191 1012.052 1087.588 1094.729 1129.367 1244.011 1249.425 1281.601 1313.160 1330.953 1344.845 1370.258 1378.002 1416.675 1424.817 1453.036 1504.414 1435.920 1397.146 1407.230 1353.853 1386.247 1365.571 1335.164 1350.907 1291.855 1239.881 1255.862 -999.250 -999.250 -999.250 -999.250 -999.250 -999.250 -999.250 -999.250 -999.250 -999.250 -999.250 -999.250 -999.250 -999.250 -999.250 -999.250
1292.095 1051.737 954.637 751.325 615.324 475.792 314.346 293.265 337.328 421.585 478.285 518.315 532.644 643.821 695.562 758.577 742.157 776.819 824.822 891.100 965.259 997.073 1032.208 1084.445 1125.936 1179.634 1196.505 1208.896 1260.905 1309.639 1377.705 1388.467 1366.290 1388.790 1440.918 1441.028 1414.075 1405.822 1385.397 1371.881 1340.089 1365.626 1377.025 1337.202 1278.494 1268.842 1207.474 1186.850 -999.250 -999.250 -999.250 -999.250 -999.250 -999.250 -999.250 -999.250 -999.250 -999.250 -999.250 -999.250 -999.250 -999.250 -999.250 -999.250
1153.257 993.216 837.458 687.710 545.972 431.865 300.377 286.108 270.169 307.664 382.961 415.156 434.138 540.947 675.611 631.234 718.645 726.342 773.347 818.249 936.125 941.489 1028.602 1069.964 1146.322 1164.229 1177.255 1222.084 1287.489 1350.772 1349.463 1365.569 1383.754 1372.359 1431.238 1404.501 1379.885 1346.734 1353.748 1384.091 1384.069 1407.908 1351.587 1303.260 1221.223 1229.753 1237.820 1193.772 -999.250 -999.250 -999.250 -999.250 -999.250 -999.250 -999.250 -999.250 -999.250 -999.250 -999.250 -999.250 -999.250 -999.250 -999.250 -999.250
1080.957 938.394 752.336 588.245 470.799 348.820 301.763 263.863 273.289 263.840 300.096 324.656 422.348 492.991 564.815 635.819 632.923 705.451 704.443 767.790 849.845 906.107 1007.875 1069.359 1138.050 1180.538 1164.434 1256.330 1314.018 1295.328 1364.632 1325.748 1359.193 1368.376 1394.068 1358.526 1360.510 1350.168 1328.015 1354.756 1348.069 1311.399 1306.956 1310.464 1260.351 1195.009 1245.855 1151.803 -999.250 -999.250 -999.250 -999.250 -999.250 -999.250 -999.250 -999.250 -999.250 -999.250 -999.250 -999.250 -999.250 -999.250 -999.250 -999.250
1012.124 875.571 716.337 553.387 391.163 321.101 261.567 250.513 266.522 259.413 266.433 308.886 396.718 448.845 444.362 535.657 582.611 652.311 706.848 742.260 823.425 911.180 981.520 1059.464 1149.837 1168.509 1185.453 1170.870 1256.971 1292.085 1329.680 1313.157 1354.900 1348.937 1369.367 1332.334 1355.979 1341.421 1328.307 1332.929 1358.919 1328.651 1335.976 1306.074 1278.216 1260.343 1248.638 -999.250 -999.250 -999.250 -999.250 -999.250 -999.250 -999.250 -999.250 -999.250 -999.250 -999.250 -999.250 -999.250 -999.250 -999.250 -999.250 -999.250
943.912 790.447 664.797 491.887 449.685 306.860 264.792 261.961 263.367 250.714 260.174 282.431 347.891 445.044 413.315 441.763 537.842 589.738 655.057 733.095 809.350 915.398 990.937 1041.185 1157.982 1150.113 1183.809 1171.253 1183.599 1234.626 1312.452 1313.582 1303.232 1336.583 1339.501 1327.687 1345.699 1338.251 1327.995 1284.687 1316.743 1333.915 1315.502 1300.818 1262.648 1288.486 -999.250 -999.250 -999.250 -999.250 -999.250 -999.250 -999.250 -999.250 -999.250 -999.250 -999.250 -999.250 -999.250 -999.250 -999.250 -999.250 -999.250 -999.250
874.631 755.524 580.757 466.363 339.335 297.795 268.228 268.018 236.214 253.286 245.142 290.385 329.238 336.533 361.218 409.408 507.953 579.308 677.051 738.645 793.841 926.552 937.677 1032.462 1065.555 1136.512 1121.899 1171.878 1201.663 1266.469 1245.030 1286.979 1291.622 1326.526 1329.470 1309.368 1304.231 1297.054 1325.182 1312.164 1330.090 1307.057 1310.721 1318.415 1344.762 -999.250 -999.250 -999.250 -999.250 -999.250 -999.250 -999.250 -999.250 -999.250 -999.250 -999.250 -999.250 -999.250 -999.250 -999.250 -999.250 -999.250 -999.250 -999.250
795.819 697.855 540.506 478.099 368.878 308.426 254.064 246.690 249.107 257.139 270.498 293.757 320.318 347.209 359.305 411.417 506.399 597.196 691.817 697.512 762.196 842.318 931.639 1023.768 1034.486 1087.290 1110.872 1142.037 1166.864 1187.910 1201.284 1260.533 1290.111 1305.677 1225.524 1268.560 1259.576 1254.811 1282.917 1266.824 1248.714 1269.784 1230.268 1263.438 1305.991 -999.250 -999.250 -999.250 -999.250 -999.250 -999.250 -999.250 -999.250 -999.250 -999.250 -999.250 -999.250 -999.250 -999.250 -999.250 -999.250 -999.250 -999.250 -999.250
751.580 670.760 580.089 466.833 351.175 283.681 249.644 262.059 244.599 251.460 259.504 273.633 311.727 317.572 335.997 430.119 519.904 569.686 654.057 699.956 752.821 817.426 917.802 997.109 1028.576 1089.525 1148.750 1150.208 1195.483 1200.732 1232.832 1261.325 1256.743 1242.058 1207.742 1249.798 1257.050 1247.565 1227.022 1226.423 1237.822 1223.541 1209.278 1239.306 1233.920 -999.250 -999.250 -999.250 -999.250 -999.250 -999.250 -999.250 -999.250 -999.250 -999.250 -999.250 -999.250 -999.250 -999.250 -999.250 -999.250 -999.250 -999.250 -999.250
739.497 665.893 557.429 442.332 325.455 286.570 262.594 262.150 259.027 246.703 258.980 274.062 258.067 283.400 330.936 434.484 469.780 536.746 641.734 735.065 776.781 800.340 911.813 975.859 1008.809 1112.799 1157.735 1188.822 1200.177 1216.283 1206.776 1207.648 1200.671 1193.978 1239.604 1224.317 1235.982 1145.512 1178.184 1168.454 1193.295 1231.907 1193.093 1217.761 1199.561 -999.250 -999.250 -999.250 -999.250 -999.250 -999.250 -999.250 -999.250 -999.250 -999.250 -999.250 -999.250 -999.250 -999.250 -999.250 -999.250 -999.250 -999.250 -999.250
707.147 642.244 577.990 479.105 325.158 315.155 301.174 267.759 271.593 282.194 266.345 263.365 265.485 290.716 342.012 420.768 473.374 575.619 641.833 737.700 800.817 843.020 925.938 986.676 1011.308 1107.748 1163.493 1148.663 1191.236 1217.081 1236.634 1224.065 1229.614 1218.110 1221.521 1209.385 1227.327 1189.224 1197.057 1249.877 1234.242 1176.748 1172.411 1251.920 -999.250 -999.250 -999.250 -999.250 -999.250 -999.250 -999.250 -999.250 -999.250 -999.250 -999.250 -999.250 -999.250 -999.250 -999.250 -999.250 -999.250 -999.250 -999.250 -999.250
694.321 656.201 633.069 519.920 487.236 390.303 343.090 315.455 299.908 297.392 294.734 282.245 285.721 279.263 363.680 408.483 480.695 602.826 697.345 745.903 792.748 884.093 960.683 963.061 1028.695 1145.113 1137.748 1230.034 1180.349 1252.775 1254.909 1214.198 1235.088 1274.933 1221.793 1218.758 1179.329 1175.733 1173.773 1183.204 1212.979 1203.524 1173.208 1243.045 -999.250 -999.250 -999.250 -999.250 -999.250 -999.250 -999.250 -999.250 -999.250 -999.250 -999.250 -999.250 -999.250 -999.250 -999.250 -999.250 -999.250 -999.250 -999.250 -999.250
743.152 696.093 701.067 588.542 531.980 510.451 479.083 408.032 425.839 367.311 347.382 290.914 325.440 350.339 347.226 415.860 488.211 612.971 745.508 808.318 925.122 935.408 979.130 1010.435 1096.681 1181.207 1205.818 1265.897 1176.579 1266.522 1247.173 1245.791 1229.178 1237.872 1249.147 1260.232 1199.382 1176.205 1138.565 1209.494 1166.436 1155.124 1215.102 1179.281 -999.250 -999.250 -999.250 -999.250 -999.250 -999.250 -999.250 -999.250 -999.250 -999.250 -999.250 -999.250 -999.250 -999.250 -999.250 -999.250 -999.250 -999.250 -999.250 -999.250
772.093 760.963 749.425 693.947 660.634 599.937 561.999 535.929 499.182 496.206 459.160 472.098 451.683 455.302 491.053 477.099 588.139 728.757 832.769 933.680 1011.635 1041.222 1056.901 1092.673 1064.818 1171.169 1257.756 1304.913 1194.108 1243.645 1207.434 1234.449 1214.756 1246.229 1263.604 1229.727 1151.924 1150.058 1130.833 1130.478 1147.829 1172.393 1195.263 1229.244 -999.250 -999.250 -999.250 -999.250 -999.250 -999.250 -999.250 -999.250 -999.250 -999.250 -999.250 -999.250 -999.250 -999.250 -999.250 -999.250 -999.250 -999.250 -999.250 -999.250
858.257 824.033 820.422 775.980 736.345 717.054 701.869 631.396 622.733 564.017 542.656 598.067 587.418 576.344 640.895 693.014 748.088 880.827 1011.821 1046.443 1082.151 1126.579 1118.050 1139.871 1162.609 1199.735 1196.943 1287.654 1224.958 1228.543 1258.530 1238.317 1230.854 1240.159 1217.240 1218.361 1188.320 1179.533 1216.276 1155.469 1145.847 1120.982 1153.337 -999.250 -999.250 -999.250 -999.250 -999.250 -999.250 -999.250 -999.250 -999.250 -999.250 -999.250 -999.250 -999.250 -999.250 -999.250 -999.250 -999.250 -999.250 -999.250 -999.250 -999.250
980.921 965.988 955.798 923.423 871.260 853.432 806.614 755.197 728.320 738.279 692.816 705.178 730.097 769.495 812.782 859.184 1015.538 1076.474 1168.723 1207.188 1240.958 1244.406 -999.250 -999.250 -999.250 -999.250 1166.023 1220.611 1201.498 1205.046 1223.529 -999.250 -999.250 -999.250 -999.250 -999.250 -999.250 -999.250 -999.250 -999.250 -999.250 -999.250 -999.250 -999.250 -999.250 -999.250 -999.250 -999.250 -999.250 -999.250 -999.250 -999.250 -999.250 -999.250 -999.250 -999.250 -999.250 -999.250 -999.250 -999.250 -999.250 -999.250 -999.250 -999.250
1106.344 1142.752 1123.322 1093.444 1011.867 997.805 941.325 894.439 834.626 867.065 845.401 870.428 924.450 994.670 1042.787 1138.959 1221.640 1328.056 1360.386 1367.770 1356.506 1352.863 -999.250 -999.250 -999.250 -999.250 -999.250 -999.250 -999.250 -999.250 -999.250 -999.250 -999.250 -999.250 -999.250 -999.250 -999.250 -999.250 -999.250 -999.250 -999.250 -999.250 -999.250 -999.250 -999.250 -999.250 -999.250 -999.250 -999.250 -999.250 -999.250 -999.250 -999.250 -999.250 -999.250 -999.250 -999.250 -999.250 -999.250 -999.250 -999.250 -999.250 -999.250 -999.250
