data/medianmodel_20-Jan-2021.asc
ncols	141
nrows	288
xllcorner	-120191.398
yllcorner	-301404.813
cellsize	2000.000
NODATA_value	-999.250
[rows 56 to 83 of 288, columns 63 to 125 of 141]
917.563 954.248 984.844 962.945 836.316 707.429 712.250 823.252 933.836 1126.066 1372.683 1563.773 1704.978 1859.726 1971.073 2068.616 2055.943 1818.753 1541.937 1379.903 1077.408 1257.786 1453.870 1627.142 1790.860 1996.133 2121.205 2059.693 1973.808 1708.433 1637.087 1551.514 1423.573 1358.998 1373.336 1357.157 1375.678 1510.920 1491.404 1396.117 1171.430 1020.274 962.671 949.130 943.877 939.178 962.957 960.467 957.281 923.350 893.170 815.777 815.299 978.780 -999.250 -999.250 -999.250 -999.250 -999.250 -999.250 -999.250 -999.250 -999.250
919.465 943.166 943.738 873.135 710.242 562.297 715.488 942.145 1038.786 1219.930 1397.871 1668.630 1837.118 1963.530 2184.858 2243.475 2322.760 2016.210 1727.597 1577.759 1454.339 1517.690 1650.989 1764.468 1926.622 2043.908 2252.535 2208.337 2046.105 1844.925 1699.807 1595.832 1561.542 1454.705 1403.737 1409.813 1486.094 1643.766 1845.302 1581.319 1356.674 1206.953 1094.134 1085.808 1079.694 1081.432 1070.699 1038.024 1012.480 1001.701 935.799 811.364 667.071 911.372 -999.250 -999.250 -999.250 -999.250 -999.250 -999.250 -999.250 -999.250 -999.250
916.115 928.447 922.519 879.012 802.944 737.237 820.068 1014.899 1238.802 1393.004 1608.227 1792.221 2039.922 2116.297 2269.732 2369.704 2218.862 2133.443 1908.427 1811.348 1725.772 1746.301 1797.182 1959.774 2110.439 2242.439 2234.468 2279.955 2171.869 2014.932 1927.940 1711.900 1632.862 1469.985 1410.951 1473.246 1522.907 1643.863 1711.950 1623.294 1502.883 1335.639 1294.083 1310.957 1285.157 1268.826 1246.384 1217.110 1214.848 1180.251 1079.122 958.513 917.836 978.685 -999.250 -999.250 -999.250 -999.250 -999.250 -999.250 -999.250 -999.250 -999.250
941.807 943.047 933.800 926.517 922.540 899.391 1045.181 1197.696 1439.077 1629.128 1800.003 1993.742 2202.412 2173.518 2349.427 2406.207 2301.598 2274.363 2110.934 2020.122 2039.261 2013.701 2045.415 2181.848 2292.365 2495.382 2525.180 2546.200 2336.803 2217.375 2058.137 1844.295 1637.969 1504.827 1406.080 1409.448 1445.748 1481.788 1586.467 1535.117 1575.686 1455.512 1441.766 1429.920 1430.661 1439.557 1410.274 1433.437 1367.482 1302.671 1277.121 1222.971 1145.879 -999.250 -999.250 -999.250 -999.250 -999.250 -999.250 -999.250 -999.250 -999.250 -999.250
948.824 1001.117 975.266 992.705 1014.059 1075.325 1201.255 1389.185 1574.096 1847.591 2090.703 2257.422 2396.455 2491.403 2547.901 2505.324 2556.321 2365.877 2216.242 2173.331 2210.277 2250.105 2340.110 2460.712 2569.562 2580.129 2815.992 2872.372 2645.493 2449.179 2170.165 1884.205 1663.885 1478.808 1270.104 1219.192 1299.040 1404.630 1478.450 1544.328 1574.190 1599.234 1592.052 1631.793 1655.387 1692.286 1651.094 1655.672 1611.143 1565.482 1509.253 1454.699 1392.395 -999.250 -999.250 -999.250 -999.250 -999.250 -999.250 -999.250 -999.250 -999.250 -999.250
1027.791 1061.300 1086.281 1119.324 1154.037 1281.365 1416.708 1545.742 1728.496 2029.296 2334.162 2547.027 2573.329 2582.193 2586.270 2670.107 2656.368 2614.163 2360.023 2427.265 2381.144 2582.179 2536.973 2672.852 2831.370 2966.745 3099.966 3112.668 2856.156 2654.798 2328.803 1898.703 1529.315 1253.619 1111.494 1011.665 1071.188 1217.865 1371.772 1484.864 1567.017 1638.759 1718.727 1756.734 1761.009 1870.131 1903.351 1924.779 1874.965 1826.732 1765.956 1728.667 -999.250 -999.250 -999.250 -999.250 -999.250 -999.250 -999.250 -999.250 -999.250 -999.250 -999.250
1137.177 1119.119 1208.515 1225.322 1301.586 1444.612 1518.306 1738.619 1925.884 2213.965 2553.302 2806.253 2793.435 2758.179 2701.737 2757.982 2692.069 2622.298 2576.987 2610.196 2650.521 2667.773 2788.071 2968.073 2975.243 3128.613 3327.779 3260.184 3123.215 2891.988 2307.590 1777.030 1332.790 1008.556 815.330 782.288 910.662 1042.367 1296.538 1436.657 1625.864 1667.626 1793.190 1962.212 2008.454 2102.116 2178.196 -999.250 -999.250 -999.250 -999.250 -999.250 -999.250 -999.250 -999.250 -999.250 -999.250 -999.250 -999.250 -999.250 -999.250 -999.250 -999.250
1249.581 1295.985 1336.207 1413.192 1488.063 1594.193 1679.994 1868.064 2091.090 2256.102 2548.028 2791.960 2849.340 2796.697 2881.258 2933.217 2854.282 2687.349 2772.466 2793.755 2862.029 2882.246 2905.262 3068.909 3284.600 3334.152 3469.472 3520.087 3589.348 2873.223 2261.601 1692.695 1207.065 718.676 440.000 486.663 695.515 953.550 1206.154 1460.257 1624.913 1774.095 1961.812 2157.921 2262.007 2577.199 2448.488 2426.948 -999.250 -999.250 -999.250 -999.250 -999.250 -999.250 -999.250 -999.250 -999.250 -999.250 -999.250 -999.250 -999.250 -999.250 -999.250
1338.792 1356.557 1414.869 1503.980 1607.146 1685.505 1811.080 2028.040 2088.074 2216.626 2444.040 2662.514 2748.264 2762.344 2903.233 2831.117 2961.034 2902.759 2875.625 2949.858 3070.590 3096.887 3116.180 3247.986 3334.359 3465.492 3366.131 3356.199 3203.727 2850.470 2139.592 1644.022 1103.731 544.038 0.000 303.752 606.236 870.441 1175.324 1414.387 1619.548 1829.749 2181.112 2195.208 2500.949 2755.782 2839.686 2884.024 2806.105 -999.250 -999.250 -999.250 -999.250 -999.250 -999.250 -999.250 -999.250 -999.250 -999.250 -999.250 -999.250 -999.250 -999.250
1395.133 1447.694 1499.800 1580.018 1695.083 1804.641 1946.809 2042.121 2186.835 2263.333 2384.236 2626.345 2738.298 2873.354 2896.799 2914.554 2956.976 2961.379 2994.361 3063.827 3076.834 3293.986 3281.671 3577.087 3566.850 3484.977 3462.043 3290.763 3112.543 2630.994 2159.220 1614.412 1068.515 605.958 380.398 430.520 638.104 917.334 1196.017 1441.577 1623.133 1920.960 2183.752 2587.140 2814.855 2986.766 3134.313 3242.327 3062.709 -999.250 -999.250 -999.250 -999.250 -999.250 -999.250 -999.250 -999.250 -999.250 -999.250 -999.250 -999.250 -999.250 -999.250
1438.161 1540.520 1658.608 1676.118 1743.226 1887.435 1982.789 2053.524 2165.469 2208.229 2399.821 2529.985 2700.594 2736.597 2726.479 2961.990 2973.953 3016.236 3005.192 3198.770 3306.361 3635.343 3698.398 3588.525 3510.682 3715.328 3337.646 3205.787 3000.956 2592.648 2051.118 1651.057 1213.292 793.780 622.505 623.566 809.314 991.564 1240.153 1540.396 1753.160 2064.060 2343.185 2735.388 2929.698 3325.441 3408.415 3505.485 3182.598 3104.198 -999.250 -999.250 -999.250 -999.250 -999.250 -999.250 -999.250 -999.250 -999.250 -999.250 -999.250 -999.250 -999.250
1576.776 1648.861 1681.120 1723.599 1821.256 1919.644 1992.404 2067.441 2140.775 2173.641 2254.815 2393.514 2629.793 2670.089 2734.376 2897.703 3067.100 3110.641 3263.827 3338.747 3611.550 3648.617 3905.348 3874.679 3647.988 3603.921 3484.825 3193.718 2916.261 2513.142 2130.519 1687.227 1313.633 1046.031 894.283 891.599 957.808 1073.760 1355.534 1633.581 1891.844 2196.726 2606.023 2842.620 3083.923 3632.401 3993.553 3870.852 3472.980 3200.659 3159.653 -999.250 -999.250 -999.250 -999.250 -999.250 -999.250 -999.250 -999.250 -999.250 -999.250 -999.250 -999.250
1611.361 1631.289 1755.499 1785.434 1814.161 1952.360 2119.655 2096.757 2081.780 2145.972 2128.906 2229.485 2421.604 2574.051 2585.358 2826.107 3049.980 3344.489 3663.021 3742.467 3879.652 3985.414 4091.035 4085.695 3893.867 3753.284 3634.958 3223.372 2900.448 2312.837 1966.827 1701.069 1433.331 1241.121 1064.528 1007.143 1156.060 1280.370 1513.263 1760.130 1970.166 2265.999 2696.893 2862.314 3207.041 3543.959 3715.389 3659.019 3559.603 3454.085 3123.646 -999.250 -999.250 -999.250 -999.250 -999.250 -999.250 -999.250 -999.250 -999.250 -999.250 -999.250 -999.250
1711.493 1720.959 1781.773 1862.013 1859.244 1976.909 2041.950 2066.574 2105.408 2063.702 2033.397 2121.293 2319.954 2544.562 2619.200 2819.361 3222.421 3414.742 3793.178 3912.623 4180.024 4293.705 4198.814 4083.354 4176.726 3977.540 3554.457 3349.607 2805.535 2417.152 2013.754 1713.512 1513.576 1272.718 1272.409 1258.023 1363.406 1434.667 1584.089 1796.544 2094.833 2310.575 2652.604 2845.596 3152.609 3381.044 3451.687 3534.386 3492.682 3368.434 3149.457 -999.250 -999.250 -999.250 -999.250 -999.250 -999.250 -999.250 -999.250 -999.250 -999.250 -999.250 -999.250
1744.969 1760.454 1792.065 1821.575 1908.292 1988.008 2062.453 2014.600 1996.330 1986.378 1922.590 2119.652 2219.040 2276.191 2538.849 2797.657 3281.701 3643.299 3792.753 3985.862 4214.386 4287.249 4362.421 4379.126 4336.545 4051.641 3788.497 3365.685 2827.952 2285.172 2005.728 1780.805 1588.515 1426.764 1376.302 1381.106 1428.489 1541.144 1703.944 1855.231 2172.024 2324.991 2643.142 2750.992 2843.802 3253.185 3293.229 3392.606 3176.062 3106.585 2943.426 2849.926 2980.109 -999.250 -999.250 -999.250 -999.250 -999.250 -999.250 -999.250 -999.250 -999.250 -999.250
1784.690 1848.074 1780.496 1892.004 1830.549 1900.078 1923.876 1873.928 1937.842 1967.159 1944.176 1990.018 2080.099 2176.232 2506.689 3018.125 3412.807 3756.751 4055.453 4089.188 4295.473 4546.714 4557.336 4573.121 4358.147 4110.230 3824.536 3298.222 2959.912 2454.582 2135.864 1756.077 1695.218 1550.846 1503.032 1499.681 1499.330 1672.047 1799.472 2063.804 2278.148 2280.959 2460.524 2757.659 2873.353 2971.109 3105.989 3123.326 3020.660 2900.042 2857.849 2722.628 2885.685 -999.250 -999.250 -999.250 -999.250 -999.250 -999.250 -999.250 -999.250 -999.250 -999.250
1866.801 1795.261 1882.016 1905.012 2000.978 1888.462 1876.896 1828.447 1895.497 1994.836 1916.053 2018.034 2120.999 2246.600 2732.313 2984.455 3425.023 3824.836 4162.927 4321.892 4593.846 4926.316 4678.628 4637.803 4341.935 4166.381 3825.377 3459.031 2877.512 2435.184 2093.456 1825.675 1708.202 1623.385 1614.950 1612.704 1654.104 1791.436 1845.864 2100.914 2282.722 2346.695 2478.633 2667.466 2816.768 2894.561 3056.879 3013.154 2893.530 2904.343 2973.884 2910.620 -999.250 -999.250 -999.250 -999.250 -999.250 -999.250 -999.250 -999.250 -999.250 -999.250 -999.250
2035.093 1992.117 1837.288 1932.133 1969.571 1926.593 1928.590 1845.124 1896.568 1978.459 2048.848 2144.829 2163.009 2387.377 2634.468 3027.484 3464.300 3877.654 4222.183 4564.384 4953.956 5180.403 4923.528 4762.889 4726.341 4408.469 4002.474 3508.278 2855.945 2388.866 2072.721 1835.336 1803.661 1676.262 1602.584 1683.187 1699.546 1805.654 1928.615 2106.355 2252.276 2385.316 2587.799 2709.882 2629.032 2799.550 2887.901 2975.123 2967.098 2941.187 2968.361 2804.513 -999.250 -999.250 -999.250 -999.250 -999.250 -999.250 -999.250 -999.250 -999.250 -999.250 -999.250
2058.364 1997.431 2032.734 1872.835 1868.045 1964.737 1939.111 1887.902 1935.709 2095.146 2015.258 2219.126 2188.111 2350.351 2699.578 3049.823 3491.770 3946.071 4205.846 4632.158 5039.444 5509.588 5626.108 5387.999 5015.925 4362.816 4109.775 3559.960 2954.977 2358.442 2057.387 1854.849 1750.940 1713.331 1761.889 1784.622 1749.147 1930.063 1993.918 2202.913 2226.831 2377.700 2472.955 2583.543 2678.108 2718.766 2726.202 2809.870 2851.591 2830.758 2873.158 2669.839 -999.250 -999.250 -999.250 -999.250 -999.250 -999.250 -999.250 -999.250 -999.250 -999.250 -999.250
2096.233 2042.092 2029.706 1987.685 1949.707 1894.271 1886.043 1887.639 1991.761 2042.238 2129.010 2159.404 2231.057 2458.841 2677.853 3075.676 3734.778 4015.363 4532.412 4908.322 5320.315 5895.876 6384.557 5798.178 5125.216 4489.031 4196.402 3612.837 2889.640 2264.789 2106.567 1900.492 1769.232 1774.372 1780.662 1762.947 1807.578 1930.668 1995.721 2208.591 2259.243 2396.898 2473.073 2613.977 2617.929 2686.541 2539.115 2591.996 2654.232 2705.854 2595.702 2645.757 -999.250 -999.250 -999.250 -999.250 -999.250 -999.250 -999.250 -999.250 -999.250 -999.250 -999.250
2138.309 2138.207 2054.943 2027.531 1927.540 1962.451 1893.948 1893.016 1948.541 2001.460 2040.085 2071.249 2315.738 2409.083 2642.669 3157.155 3665.497 4160.016 4533.551 5117.571 5823.208 6629.510 6921.754 6134.092 5540.583 5013.927 4350.520 3567.847 2945.534 2381.284 2164.916 2045.711 1844.277 1764.235 1733.355 1789.887 1789.631 1840.025 1978.019 2153.457 2159.338 2268.994 2373.722 2486.091 2520.800 2649.887 2470.022 2501.095 2450.782 2633.998 2517.015 2424.651 -999.250 -999.250 -999.250 -999.250 -999.250 -999.250 -999.250 -999.250 -999.250 -999.250 -999.250
2202.948 2244.747 2133.872 2027.726 1927.056 1986.251 1904.595 1903.749 1942.186 2002.067 2160.038 2163.079 2314.814 2473.741 2651.123 3172.262 3714.986 4169.502 4499.067 5079.132 5543.088 5951.971 6586.212 6002.233 4975.680 4686.121 4291.946 3549.448 3033.282 2459.864 2264.062 2123.525 1839.063 1803.846 1751.941 1824.863 1811.859 1927.778 2034.220 2128.835 2184.133 2259.107 2303.858 2568.497 2317.298 2315.848 2306.233 2311.482 2310.729 2387.445 2370.787 2258.008 -999.250 -999.250 -999.250 -999.250 -999.250 -999.250 -999.250 -999.250 -999.250 -999.250 -999.250
2311.817 2211.833 2119.320 2069.294 2034.658 2039.507 1912.296 2003.149 2050.523 2141.861 2201.955 2312.897 2430.155 2604.975 2870.376 3310.706 3747.263 4264.345 4473.595 4733.720 5299.655 5906.751 5900.212 5584.746 4896.532 4431.731 3954.328 3445.536 2948.404 2671.264 2215.387 2022.442 1984.280 1778.058 1785.538 1822.610 1863.049 1961.435 1980.223 2129.097 2102.886 2195.823 2229.650 2312.761 2283.441 2312.755 2212.452 2231.234 2184.543 2176.762 2171.794 2219.464 -999.250 -999.250 -999.250 -999.250 -999.250 -999.250 -999.250 -999.250 -999.250 -999.250 -999.250
2355.005 2285.708 2213.384 2039.199 2007.988 1941.945 1874.464 1958.107 1982.229 2148.258 2203.849 2446.651 2428.783 2855.572 3232.531 3564.168 3952.716 4120.239 4471.454 4595.454 5085.266 5356.792 5343.967 4926.450 4485.327 4099.587 3697.080 3195.954 2816.472 2545.945 2246.090 2002.136 1859.479 1785.971 1786.424 1778.588 1875.497 1897.713 2004.735 2084.239 2062.258 2150.192 2258.452 2089.189 2126.325 2151.240 2039.129 2047.665 2014.699 2145.245 2215.618 2131.349 -999.250 -999.250 -999.250 -999.250 -999.250 -999.250 -999.250 -999.250 -999.250 -999.250 -999.250
2436.408 2315.436 2197.431 2104.205 1994.464 1825.471 1840.092 1941.449 1978.786 2049.298 2219.292 2352.446 2653.755 3025.032 3521.457 3863.828 3908.780 4157.257 4371.354 4429.445 4565.905 4649.350 4726.365 4419.874 4317.111 3758.503 3375.380 3022.379 2507.308 2399.730 2107.100 1896.289 1861.419 1796.442 1803.293 1792.534 1907.633 1884.243 2005.324 1997.377 2026.768 2044.273 2063.768 2103.792 2065.100 2034.423 1961.953 1915.216 1899.060 1981.247 2013.664 2025.856 2064.114 -999.250 -999.250 -999.250 -999.250 -999.250 -999.250 -999.250 -999.250 -999.250 -999.250
2531.552 2341.418 2211.846 2146.537 1990.747 1855.303 1855.860 1909.464 1939.321 2057.489 2160.636 2336.745 2612.919 3010.572 3556.327 4132.115 4013.740 4118.820 4339.436 4220.902 4532.813 4482.148 4182.398 4025.601 3814.933 3374.051 3023.651 2723.247 2291.444 2146.817 1906.540 1833.972 1831.384 1843.262 1808.172 1704.029 1752.075 1916.730 1959.569 2010.154 1938.050 1938.041 1851.777 1868.533 1924.190 1948.974 1872.193 1808.443 1794.804 1840.064 1860.691 1902.349 1940.716 -999.250 -999.250 -999.250 -999.250 -999.250 -999.250 -999.250 -999.250 -999.250 -999.250
2424.216 2366.159 2134.741 1967.142 1938.619 1859.614 1832.409 1858.849 1931.853 1912.626 2164.592 2257.519 2575.063 2826.064 3222.553 3614.476 3954.799 4028.731 4019.996 4044.815 4094.846 4104.057 3913.439 3628.607 3358.883 3005.906 2699.175 2401.602 2051.071 1896.572 1756.481 1758.095 1757.558 1758.851 1729.515 1714.052 1725.817 1811.592 1849.353 1833.664 1865.234 1853.034 1785.466 1787.949 1830.225 1847.133 1835.349 1814.985 1772.371 1735.680 1780.363 1820.728 1854.662 -999.250 -999.250 -999.250 -999.250 -999.250 -999.250 -999.250 -999.250 -999.250 -999.250
2345.048 2257.869 2128.812 2026.244 1912.176 1847.461 1825.760 1830.271 1884.143 1929.756 1976.446 2089.173 2284.610 2503.158 2865.526 3401.359 3631.597 3554.162 3662.939 3912.847 3828.469 3966.436 3704.161 3311.349 3106.274 2831.492 2256.179 1919.543 1792.541 1703.441 1701.799 1697.945 1679.892 1685.625 1727.901 1695.143 1678.818 1675.402 1773.941 1816.034 1856.873 1800.994 1756.951 1724.442 1711.313 1743.788 1763.958 1702.892 1728.918 1697.304 1699.721 1815.730 1818.655 -999.250 -999.250 -999.250 -999.250 -999.250 -999.250 -999.250 -999.250 -999.250 -999.250
