data/medianmodel_30-Dec-2020.asc
ncols	141
nrows	288
xllcorner	-120191.398
yllcorner	-301404.813
cellsize	2000.000
NODATA_value	-999.250
[rows 116 to 144 of 288, columns 0 to 64 of 141]
-999.250 -999.250 -999.250 -999.250 -999.250 -999.250 -999.250 -999.250 -999.250 -999.250 -999.250 -999.250 -999.250 -999.250 -999.250 -999.250 -999.250 -999.250 -999.250 -999.250 -999.250 -999.250 -999.250 -999.250 -999.250 -999.250 -999.250 241.444 227.345 238.090 278.452 298.824 310.975 329.170 328.871 358.548 385.842 419.203 453.639 491.447 513.885 530.605 553.923 584.894 584.781 555.954 533.206 497.138 475.383 454.968 481.918 506.362 523.497 503.180 472.415 433.219 396.600 354.342 318.700 285.238 261.902 234.338 211.482 197.349 178.722
-999.250 -999.250 -999.250 -999.250 -999.250 -999.250 -999.250 -999.250 -999.250 -999.250 -999.250 -999.250 -999.250 -999.250 -999.250 -999.250 -999.250 -999.250 -999.250 -999.250 -999.250 -999.250 -999.250 -999.250 -999.250 -999.250 -999.250 217.747 240.270 249.634 288.428 293.175 308.533 324.579 339.418 358.097 376.985 409.372 430.660 478.670 503.429 511.060 543.091 579.343 587.841 544.690 524.211 477.773 453.429 407.634 461.965 504.351 543.066 546.354 540.804 499.606 474.031 459.067 395.889 362.300 325.994 289.295 274.134 240.168 225.728
-999.250 -999.250 -999.250 -999.250 -999.250 -999.250 -999.250 -999.250 -999.250 -999.250 -999.250 -999.250 -999.250 -999.250 -999.250 -999.250 -999.250 -999.250 -999.250 -999.250 -999.250 -999.250 -999.250 -999.250 -999.250 -999.250 221.074 229.457 252.916 264.260 269.220 290.995 317.318 317.025 339.025 354.549 365.914 393.381 418.180 457.697 475.077 507.356 545.957 552.619 554.228 529.093 532.174 524.620 484.573 476.286 524.267 545.207 584.667 598.607 596.017 544.305 529.900 531.025 493.465 443.067 397.560 366.759 327.030 306.980 286.106
-999.250 -999.250 -999.250 -999.250 -999.250 -999.250 -999.250 -999.250 -999.250 -999.250 -999.250 -999.250 -999.250 -999.250 -999.250 -999.250 -999.250 -999.250 -999.250 -999.250 -999.250 -999.250 -999.250 -999.250 -999.250 -999.250 225.906 247.047 247.689 262.478 274.489 302.721 314.265 324.686 331.733 338.133 356.813 368.320 398.637 416.492 460.901 473.095 509.034 537.803 569.690 564.549 561.423 576.831 574.018 569.196 566.232 599.329 640.339 707.272 705.789 647.949 595.312 594.337 575.075 549.469 479.149 426.554 363.339 344.410 331.657
-999.250 -999.250 -999.250 -999.250 -999.250 -999.250 -999.250 -999.250 -999.250 -999.250 -999.250 -999.250 -999.250 -999.250 -999.250 -999.250 -999.250 -999.250 -999.250 -999.250 -999.250 -999.250 -999.250 -999.250 -999.250 -999.250 238.523 250.168 240.901 261.565 274.089 302.482 323.781 313.567 319.419 329.320 345.203 357.742 378.644 406.918 443.893 486.000 494.784 537.030 578.581 600.324 639.033 675.509 697.407 660.873 658.294 681.577 767.280 787.860 792.570 768.426 749.634 744.441 705.058 619.885 554.689 491.252 440.622 400.975 366.810
-999.250 -999.250 -999.250 -999.250 -999.250 -999.250 -999.250 -999.250 -999.250 -999.250 -999.250 -999.250 -999.250 -999.250 -999.250 -999.250 -999.250 -999.250 -999.250 -999.250 -999.250 -999.250 -999.250 -999.250 -999.250 248.662 256.484 256.390 269.087 288.011 295.789 303.263 312.267 314.389 319.233 323.299 326.106 337.366 359.431 389.498 434.522 466.466 520.470 539.007 597.583 629.610 729.619 772.645 785.813 759.447 758.331 806.213 811.807 854.946 879.883 848.213 847.403 843.339 850.440 736.531 635.269 556.054 494.394 449.806 405.784
-999.250 -999.250 -999.250 -999.250 -999.250 -999.250 -999.250 -999.250 -999.250 -999.250 -999.250 -999.250 -999.250 -999.250 -999.250 -999.250 -999.250 -999.250 -999.250 -999.250 -999.250 -999.250 -999.250 -999.250 -999.250 231.219 250.291 266.469 280.052 308.321 311.798 312.165 312.485 311.513 311.358 319.132 322.234 331.439 349.264 374.601 423.018 474.167 495.830 569.374 636.834 700.181 775.987 838.940 821.980 822.259 844.433 899.630 892.502 958.874 984.751 935.265 925.546 907.904 848.364 791.736 696.008 616.444 562.860 516.500 460.085
-999.250 -999.250 -999.250 -999.250 -999.250 -999.250 -999.250 -999.250 -999.250 -999.250 -999.250 -999.250 -999.250 -999.250 -999.250 -999.250 -999.250 -999.250 -999.250 -999.250 -999.250 -999.250 -999.250 -999.250 -999.250 261.064 272.332 280.593 288.851 304.846 318.110 329.844 317.762 326.983 323.721 323.655 325.557 325.848 336.177 370.067 422.452 474.310 499.693 569.657 618.850 690.873 771.739 809.447 846.401 856.453 933.887 948.433 978.320 1054.327 1060.323 1098.991 972.134 928.349 864.751 790.136 742.719 675.332 597.919 552.350 473.474
-999.250 -999.250 -999.250 -999.250 -999.250 -999.250 -999.250 -999.250 -999.250 -999.250 -999.250 -999.250 -999.250 -999.250 -999.250 -999.250 -999.250 -999.250 -999.250 -999.250 -999.250 -999.250 -999.250 -999.250 262.882 275.464 287.024 301.996 316.752 318.045 330.096 346.837 336.052 339.712 330.553 328.914 328.717 332.340 346.947 380.984 428.625 465.926 508.361 553.258 636.778 691.034 779.402 798.119 804.676 850.812 934.039 993.103 1033.224 1195.414 1255.678 1240.158 1037.501 969.095 889.124 787.228 780.992 697.252 620.433 551.803 487.784
-999.250 -999.250 -999.250 -999.250 -999.250 -999.250 -999.250 -999.250 -999.250 -999.250 -999.250 -999.250 -999.250 -999.250 -999.250 -999.250 -999.250 -999.250 -999.250 -999.250 -999.250 -999.250 -999.250 -999.250 278.164 299.777 308.397 323.101 335.236 336.559 354.545 358.554 361.118 360.883 354.852 351.696 343.558 338.801 371.130 381.342 428.581 460.865 479.097 533.430 585.840 709.573 746.067 770.567 811.763 869.581 950.424 1012.435 1116.230 1276.734 1400.862 1307.440 1108.984 1001.026 874.169 831.185 772.992 698.398 650.611 560.214 502.934
-999.250 -999.250 -999.250 -999.250 -999.250 -999.250 -999.250 -999.250 -999.250 -999.250 -999.250 -999.250 -999.250 -999.250 -999.250 -999.250 -999.250 -999.250 -999.250 -999.250 -999.250 -999.250 -999.250 280.563 287.533 306.053 319.049 332.534 360.213 369.842 380.744 375.447 384.995 373.897 375.620 357.308 359.641 357.460 366.313 395.389 431.877 444.477 499.694 534.717 605.453 649.900 715.685 755.029 759.466 880.260 957.949 982.684 1077.827 1134.070 1233.991 1199.517 1114.856 955.042 895.432 845.645 762.474 715.080 622.392 562.884 500.800
-999.250 -999.250 -999.250 -999.250 -999.250 -999.250 -999.250 -999.250 -999.250 -999.250 -999.250 -999.250 -999.250 -999.250 -999.250 -999.250 -999.250 -999.250 -999.250 -999.250 -999.250 -999.250 -999.250 282.745 296.905 326.207 346.322 361.037 377.943 393.738 408.894 425.943 424.385 409.362 375.315 372.481 381.755 376.086 387.578 397.045 429.068 438.831 484.553 528.992 569.797 631.795 670.163 708.344 741.141 786.153 848.558 946.232 1008.553 1045.564 1024.811 1080.902 1033.876 957.218 891.707 840.948 786.047 732.931 653.749 575.261 496.921
-999.250 -999.250 -999.250 -999.250 -999.250 -999.250 -999.250 -999.250 -999.250 -999.250 -999.250 -999.250 -999.250 -999.250 -999.250 -999.250 -999.250 -999.250 -999.250 -999.250 -999.250 -999.250 -999.250 293.709 311.370 339.507 369.673 383.547 412.453 439.532 460.435 440.656 448.026 433.736 415.543 412.697 398.367 404.585 402.839 402.593 428.147 440.487 475.731 494.913 537.773 572.555 636.141 643.429 712.445 762.249 820.306 869.736 943.287 989.079 968.298 959.021 982.873 918.740 840.339 804.665 785.391 726.601 679.152 585.315 493.125
-999.250 -999.250 -999.250 -999.250 -999.250 -999.250 -999.250 -999.250 -999.250 -999.250 -999.250 -999.250 -999.250 -999.250 -999.250 -999.250 -999.250 -999.250 -999.250 -999.250 -999.250 -999.250 274.981 294.033 320.759 348.878 370.495 409.432 436.320 478.258 487.695 484.153 478.076 454.601 430.743 414.583 414.247 415.628 420.497 414.985 431.258 447.733 480.897 501.419 513.746 543.585 580.077 590.713 660.063 742.606 762.020 829.262 869.036 851.733 897.479 894.091 871.491 865.435 811.447 802.052 760.831 689.656 603.923 547.113 465.459
-999.250 -999.250 -999.250 -999.250 -999.250 -999.250 -999.250 -999.250 -999.250 -999.250 -999.250 -999.250 -999.250 -999.250 -999.250 -999.250 -999.250 -999.250 -999.250 -999.250 -999.250 -999.250 271.145 312.900 331.671 355.230 384.939 421.246 468.027 501.415 524.053 509.235 484.345 469.649 440.268 436.459 416.286 426.111 416.320 425.370 429.192 443.716 432.872 473.290 495.436 520.430 555.753 565.404 613.991 705.837 746.765 751.997 797.409 795.763 812.833 798.277 779.954 760.074 713.621 700.674 667.908 620.479 570.274 498.596 440.195
-999.250 -999.250 -999.250 -999.250 -999.250 -999.250 -999.250 -999.250 -999.250 -999.250 -999.250 -999.250 -999.250 -999.250 -999.250 -999.250 -999.250 -999.250 -999.250 -999.250 -999.250 262.618 281.797 302.962 347.980 374.107 395.231 422.970 474.639 524.630 577.966 526.674 503.044 482.502 448.476 435.160 439.351 423.333 414.225 422.274 430.454 428.688 440.140 460.940 482.663 506.036 536.134 553.073 583.339 646.146 656.787 666.493 690.393 688.324 728.501 716.008 689.226 641.495 629.168 640.792 605.409 574.548 558.652 486.478 436.074
-999.250 -999.250 -999.250 -999.250 -999.250 -999.250 -999.250 -999.250 -999.250 -999.250 -999.250 -999.250 -999.250 -999.250 -999.250 -999.250 -999.250 -999.250 -999.250 -999.250 -999.250 246.392 278.103 294.062 329.705 362.367 404.845 428.836 472.937 501.461 528.671 514.827 499.318 478.748 464.296 445.265 436.994 445.558 428.457 416.456 425.237 413.373 417.501 457.609 468.195 491.350 520.848 542.876 550.004 558.854 590.355 589.009 601.399 611.341 603.153 581.730 585.777 575.872 535.187 546.662 548.561 510.376 519.498 480.649 444.056
-999.250 -999.250 -999.250 -999.250 -999.250 -999.250 -999.250 -999.250 -999.250 -999.250 -999.250 -999.250 -999.250 -999.250 -999.250 -999.250 -999.250 -999.250 -999.250 -999.250 -999.250 237.617 271.497 294.682 327.376 364.976 397.131 412.345 444.333 481.325 483.025 488.654 468.517 465.922 463.027 440.874 440.607 445.775 417.915 428.358 421.124 418.117 411.932 424.022 433.573 480.038 479.380 505.446 542.623 503.624 533.839 543.578 543.507 547.899 530.118 517.592 501.662 484.923 489.369 490.798 482.426 477.874 491.386 467.097 470.543
-999.250 -999.250 -999.250 -999.250 -999.250 -999.250 -999.250 -999.250 -999.250 -999.250 -999.250 -999.250 -999.250 -999.250 -999.250 -999.250 -999.250 -999.250 -999.250 -999.250 211.362 240.973 255.552 285.502 327.977 365.167 390.331 423.648 424.454 442.770 454.268 454.705 463.884 453.927 446.689 435.848 431.905 426.099 439.115 422.325 409.123 415.440 428.831 422.836 435.761 441.253 471.949 471.234 482.654 465.392 473.918 480.096 502.576 473.899 460.250 435.536 441.615 424.407 423.258 420.818 445.304 450.239 476.445 516.466 508.432
-999.250 -999.250 -999.250 -999.250 -999.250 -999.250 -999.250 -999.250 -999.250 -999.250 -999.250 -999.250 -999.250 -999.250 -999.250 -999.250 -999.250 -999.250 -999.250 -999.250 189.919 207.160 249.384 271.676 325.455 360.543 400.425 410.233 423.709 438.440 443.575 452.942 444.696 452.944 434.717 427.161 418.830 420.375 420.006 416.240 413.261 398.961 406.314 424.163 418.564 433.038 434.426 447.491 430.378 416.572 433.821 440.727 431.300 422.375 390.323 377.617 371.183 367.161 365.375 373.694 406.713 437.897 499.229 532.597 558.004
-999.250 -999.250 -999.250 -999.250 -999.250 -999.250 -999.250 -999.250 -999.250 -999.250 -999.250 -999.250 -999.250 -999.250 -999.250 -999.250 -999.250 -999.250 -999.250 -999.250 197.466 215.820 249.032 276.225 317.782 370.973 398.715 418.507 443.858 424.037 433.642 443.271 451.195 450.867 436.357 429.595 425.437 424.353 413.625 406.678 413.830 400.266 405.860 403.288 412.331 400.078 414.334 407.315 388.002 391.402 397.768 377.189 380.392 357.984 341.063 330.547 325.527 316.832 317.158 326.222 393.126 459.098 522.803 568.018 593.189
-999.250 -999.250 -999.250 -999.250 -999.250 -999.250 -999.250 -999.250 -999.250 -999.250 -999.250 -999.250 -999.250 -999.250 -999.250 -999.250 -999.250 -999.250 -999.250 -999.250 205.586 200.461 252.774 269.926 317.416 369.889 412.693 447.276 446.750 452.937 444.779 473.081 470.706 460.990 458.784 433.241 431.471 421.833 420.225 405.375 406.412 404.154 397.042 395.109 393.219 386.559 383.070 369.549 364.020 355.257 358.865 349.117 332.953 324.398 322.133 307.838 278.171 277.807 263.623 270.840 386.979 492.679 589.328 657.661 769.167
-999.250 -999.250 -999.250 -999.250 -999.250 -999.250 -999.250 -999.250 -999.250 -999.250 -999.250 -999.250 -999.250 -999.250 -999.250 -999.250 -999.250 -999.250 -999.250 163.787 181.092 187.276 240.572 288.624 326.145 375.955 430.608 474.966 490.064 494.780 531.135 546.966 519.893 500.947 471.944 467.374 450.690 448.178 432.554 411.191 420.467 404.122 411.870 404.682 390.795 380.912 368.953 365.020 351.049 333.547 328.449 326.609 314.422 293.159 281.205 265.937 258.206 236.234 268.206 317.976 423.758 552.750 702.111 783.971 867.520
-999.250 -999.250 -999.250 -999.250 -999.250 -999.250 -999.250 -999.250 -999.250 -999.250 -999.250 -999.250 -999.250 -999.250 -999.250 -999.250 -999.250 -999.250 -999.250 172.918 164.788 167.555 215.530 268.375 312.478 366.702 440.319 505.826 545.006 583.153 621.997 605.900 570.051 531.120 518.879 483.927 452.952 452.827 450.383 435.540 426.537 445.482 429.774 428.522 408.438 386.708 379.466 352.199 334.057 319.730 309.377 295.184 283.933 277.424 259.511 236.539 220.446 223.359 273.955 342.553 466.943 609.880 789.969 925.172 999.890
-999.250 -999.250 -999.250 -999.250 -999.250 -999.250 -999.250 -999.250 -999.250 -999.250 -999.250 -999.250 -999.250 -999.250 -999.250 -999.250 -999.250 -999.250 -999.250 164.938 176.491 179.637 204.080 266.952 321.243 382.013 450.688 531.468 590.949 667.018 786.251 706.384 616.630 552.612 520.524 501.861 482.373 465.561 470.514 464.192 467.926 480.774 453.797 448.382 426.290 404.055 362.574 353.614 333.250 308.304 278.493 263.657 251.498 243.124 228.896 209.876 197.738 220.805 275.243 363.205 506.770 694.996 889.380 1032.658 1232.210
-999.250 -999.250 -999.250 -999.250 -999.250 -999.250 -999.250 -999.250 -999.250 -999.250 -999.250 -999.250 -999.250 -999.250 -999.250 -999.250 -999.250 -999.250 -999.250 164.317 185.401 181.821 202.286 269.864 323.503 379.986 448.635 523.806 577.830 675.620 720.085 704.233 642.107 593.595 556.339 534.533 506.502 494.177 507.824 513.967 513.565 525.629 493.915 480.181 442.698 405.051 371.104 344.545 321.106 287.935 273.855 250.289 239.579 236.718 221.825 188.461 180.354 190.999 259.094 358.723 498.333 741.932 937.549 1226.426 1531.244
-999.250 -999.250 -999.250 -999.250 -999.250 -999.250 -999.250 -999.250 -999.250 -999.250 -999.250 -999.250 -999.250 -999.250 -999.250 -999.250 -999.250 -999.250 -999.250 184.357 177.860 182.269 220.040 265.848 322.750 386.080 464.919 521.553 579.057 638.623 684.474 639.826 596.489 576.983 552.903 533.285 508.855 526.180 527.686 550.335 558.520 544.259 519.728 487.090 458.396 428.351 375.686 343.909 326.021 294.850 288.418 259.875 233.505 224.524 204.238 186.078 165.190 166.840 227.472 322.890 485.282 723.299 979.008 1413.130 1675.443
-999.250 -999.250 -999.250 -999.250 -999.250 -999.250 -999.250 -999.250 -999.250 -999.250 -999.250 -999.250 -999.250 -999.250 -999.250 -999.250 -999.250 -999.250 223.062 215.943 194.269 208.720 230.124 267.015 327.385 405.913 469.249 531.837 568.664 599.114 601.198 629.816 597.874 556.958 522.553 498.398 515.244 538.352 532.251 560.942 579.190 560.691 551.123 522.171 476.198 436.028 384.163 357.685 327.725 307.618 275.552 259.430 250.709 225.134 210.430 181.130 172.341 158.269 176.953 265.157 442.838 683.240 911.590 1172.927 1547.024
-999.250 -999.250 -999.250 -999.250 -999.250 -999.250 -999.250 -999.250 -999.250 -999.250 -999.250 -999.250 -999.250 -999.250 -999.250 -999.250 -999.250 272.732 252.487 263.177 250.897 257.510 270.003 308.612 351.359 416.329 477.550 533.654 571.935 582.943 591.062 580.473 572.052 543.691 505.079 511.194 504.626 537.064 525.669 567.835 640.847 600.230 571.890 528.970 477.523 423.396 388.687 355.928 337.600 306.371 302.406 295.216 273.919 259.015 220.433 199.674 186.202 174.439 146.295 160.385 376.775 595.539 841.644 1021.093 1314.501
