data/medianmodel_20-Feb-2021.asc
ncols	141
nrows	288
xllcorner	-120191.398
yllcorner	-301404.813
cellsize	2000.000
NODATA_value	-999.250
[rows 87 to 115 of 288, columns 0 to 64 of 141]
-999.250 -999.250 -999.250 -999.250 -999.250 -999.250 -999.250 -999.250 -999.250 -999.250 -999.250 -999.250 -999.250 -999.250 -999.250 -999.250 -999.250 -999.250 -999.250 -999.250 -999.250 -999.250 -999.250 -999.250 -999.250 -999.250 -999.250 -999.250 -999.250 -999.250 -999.250 -999.250 -999.250 251.841 239.160 232.710 239.941 241.801 244.684 248.811 259.488 286.500 295.160 304.065 292.814 287.339 272.714 252.757 240.318 208.866 189.853 172.942 154.455 140.611 113.923 93.502 86.982 86.988 103.966 112.605 124.147 143.287 151.162 158.399 167.616
-999.250 -999.250 -999.250 -999.250 -999.250 -999.250 -999.250 -999.250 -999.250 -999.250 -999.250 -999.250 -999.250 -999.250 -999.250 -999.250 -999.250 -999.250 -999.250 -999.250 -999.250 -999.250 -999.250 -999.250 -999.250 -999.250 -999.250 -999.250 -999.250 -999.250 -999.250 -999.250 233.445 228.443 209.223 206.539 198.070 210.994 225.405 246.021 256.483 270.060 281.871 287.973 282.096 259.265 251.038 238.356 227.280 194.669 167.944 155.408 143.973 133.281 99.616 82.300 82.260 89.220 103.038 119.200 127.527 146.210 154.937 162.419 169.043
-999.250 -999.250 -999.250 -999.250 -999.250 -999.250 -999.250 -999.250 -999.250 -999.250 -999.250 -999.250 -999.250 -999.250 -999.250 -999.250 -999.250 -999.250 -999.250 -999.250 -999.250 -999.250 -999.250 -999.250 -999.250 -999.250 -999.250 -999.250 -999.250 -999.250 -999.250 -999.250 212.782 213.225 186.030 177.385 171.850 184.029 208.569 233.930 247.047 261.901 280.101 269.622 257.051 248.108 241.603 224.470 214.162 183.265 155.098 138.872 126.291 115.243 102.098 79.205 86.882 86.313 100.383 121.261 131.678 149.801 164.639 175.004 175.851
-999.250 -999.250 -999.250 -999.250 -999.250 -999.250 -999.250 -999.250 -999.250 -999.250 -999.250 -999.250 -999.250 -999.250 -999.250 -999.250 -999.250 -999.250 -999.250 -999.250 -999.250 -999.250 -999.250 -999.250 -999.250 -999.250 -999.250 -999.250 -999.250 -999.250 -999.250 -999.250 205.041 204.921 184.370 158.135 145.119 162.359 187.766 212.811 230.306 251.359 257.852 262.600 260.301 249.768 228.816 211.879 191.210 180.026 158.525 145.307 133.081 121.077 106.281 89.487 87.570 91.611 99.987 120.375 135.293 159.838 193.497 192.235 182.023
-999.250 -999.250 -999.250 -999.250 -999.250 -999.250 -999.250 -999.250 -999.250 -999.250 -999.250 -999.250 -999.250 -999.250 -999.250 -999.250 -999.250 -999.250 -999.250 -999.250 -999.250 -999.250 -999.250 -999.250 -999.250 -999.250 -999.250 -999.250 -999.250 -999.250 -999.250 -999.250 209.667 197.483 183.429 156.126 153.474 167.269 178.492 201.856 214.325 239.099 244.820 254.543 250.472 242.390 228.380 222.546 201.706 190.849 164.217 148.270 137.849 128.068 113.660 108.608 94.660 109.572 118.535 138.670 151.226 172.373 193.873 199.178 204.599
-999.250 -999.250 -999.250 -999.250 -999.250 -999.250 -999.250 -999.250 -999.250 -999.250 -999.250 -999.250 -999.250 -999.250 -999.250 -999.250 -999.250 -999.250 -999.250 -999.250 -999.250 -999.250 -999.250 -999.250 -999.250 -999.250 -999.250 -999.250 -999.250 -999.250 -999.250 222.650 221.777 202.218 182.520 180.506 163.438 166.505 182.441 195.586 219.881 237.874 243.218 243.502 246.609 248.924 239.333 219.905 210.741 200.570 178.178 160.964 145.695 132.316 116.483 98.127 107.014 107.516 124.666 149.394 160.681 184.476 207.243 217.780 225.048
-999.250 -999.250 -999.250 -999.250 -999.250 -999.250 -999.250 -999.250 -999.250 -999.250 -999.250 -999.250 -999.250 -999.250 -999.250 -999.250 -999.250 -999.250 -999.250 -999.250 -999.250 -999.250 -999.250 -999.250 -999.250 -999.250 -999.250 -999.250 -999.250 -999.250 -999.250 224.960 213.647 210.513 204.491 185.325 176.581 183.749 201.148 208.336 226.115 241.886 253.953 255.669 260.569 253.183 242.131 240.001 230.633 210.246 192.725 171.438 152.738 134.174 116.956 115.270 112.079 107.961 125.733 144.794 179.240 205.944 219.335 231.120 240.700
-999.250 -999.250 -999.250 -999.250 -999.250 -999.250 -999.250 -999.250 -999.250 -999.250 -999.250 -999.250 -999.250 -999.250 -999.250 -999.250 -999.250 -999.250 -999.250 -999.250 -999.250 -999.250 -999.250 -999.250 -999.250 -999.250 -999.250 -999.250 -999.250 -999.250 -999.250 237.213 235.613 224.353 229.074 208.647 196.688 202.140 212.709 233.500 236.090 246.196 264.198 278.806 277.955 282.797 272.355 261.959 254.379 243.712 232.296 199.472 175.944 149.536 124.540 119.862 116.196 112.405 133.702 155.504 177.311 211.033 235.836 244.855 251.315
-999.250 -999.250 -999.250 -999.250 -999.250 -999.250 -999.250 -999.250 -999.250 -999.250 -999.250 -999.250 -999.250 -999.250 -999.250 -999.250 -999.250 -999.250 -999.250 -999.250 -999.250 -999.250 -999.250 -999.250 -999.250 -999.250 -999.250 -999.250 -999.250 -999.250 -999.250 251.433 245.095 242.074 245.098 233.412 234.568 231.113 236.887 249.337 265.702 271.927 281.253 306.193 322.252 321.127 315.733 325.610 296.978 269.742 250.539 223.945 184.855 157.941 145.064 115.118 107.976 113.988 135.153 155.057 183.742 214.258 241.273 264.109 277.176
-999.250 -999.250 -999.250 -999.250 -999.250 -999.250 -999.250 -999.250 -999.250 -999.250 -999.250 -999.250 -999.250 -999.250 -999.250 -999.250 -999.250 -999.250 -999.250 -999.250 -999.250 -999.250 -999.250 -999.250 -999.250 -999.250 -999.250 -999.250 -999.250 -999.250 255.808 251.422 252.361 254.375 250.524 245.906 239.235 255.757 267.385 286.956 280.355 292.275 301.038 322.115 353.408 360.009 353.586 357.377 324.258 301.608 273.990 245.550 217.843 181.435 149.435 124.737 108.262 109.256 128.631 162.648 201.693 234.924 266.118 309.782 302.500
-999.250 -999.250 -999.250 -999.250 -999.250 -999.250 -999.250 -999.250 -999.250 -999.250 -999.250 -999.250 -999.250 -999.250 -999.250 -999.250 -999.250 -999.250 -999.250 -999.250 -999.250 -999.250 -999.250 -999.250 -999.250 -999.250 -999.250 -999.250 -999.250 -999.250 249.162 254.426 249.859 260.579 250.373 259.911 272.967 279.643 284.724 293.107 315.431 315.125 325.078 343.515 364.261 387.818 396.706 386.314 364.427 347.300 300.747 273.815 243.390 209.493 163.995 138.143 103.995 95.369 121.983 162.838 207.389 243.611 281.210 332.645 371.055
-999.250 -999.250 -999.250 -999.250 -999.250 -999.250 -999.250 -999.250 -999.250 -999.250 -999.250 -999.250 -999.250 -999.250 -999.250 -999.250 -999.250 -999.250 -999.250 -999.250 -999.250 -999.250 -999.250 -999.250 -999.250 -999.250 -999.250 -999.250 -999.250 -999.250 269.787 251.187 259.338 258.190 263.483 285.743 292.715 298.008 309.521 308.753 334.800 344.353 367.312 366.448 397.958 413.849 423.028 395.867 386.819 365.537 331.969 304.998 273.082 243.737 203.489 152.689 114.146 68.159 117.991 161.941 220.861 263.839 311.368 358.808 404.645
-999.250 -999.250 -999.250 -999.250 -999.250 -999.250 -999.250 -999.250 -999.250 -999.250 -999.250 -999.250 -999.250 -999.250 -999.250 -999.250 -999.250 -999.250 -999.250 -999.250 -999.250 -999.250 -999.250 -999.250 -999.250 -999.250 -999.250 -999.250 -999.250 -999.250 267.820 262.548 266.118 277.742 283.598 302.265 315.730 333.006 330.640 346.842 357.031 377.661 388.899 402.842 435.047 429.117 432.984 415.570 403.352 389.915 364.488 342.232 327.573 275.042 239.858 196.453 151.867 134.515 150.236 192.812 234.714 276.787 325.506 368.834 393.290
-999.250 -999.250 -999.250 -999.250 -999.250 -999.250 -999.250 -999.250 -999.250 -999.250 -999.250 -999.250 -999.250 -999.250 -999.250 -999.250 -999.250 -999.250 -999.250 -999.250 -999.250 -999.250 -999.250 -999.250 -999.250 -999.250 -999.250 -999.250 -999.250 270.065 268.179 269.699 280.033 284.809 314.888 318.498 340.102 362.366 387.275 376.986 382.380 394.570 400.239 427.742 430.561 440.533 444.618 442.404 437.037 405.203 408.618 384.120 368.661 331.734 281.329 236.069 200.291 176.490 185.749 223.402 247.275 289.189 320.069 330.047 370.974
-999.250 -999.250 -999.250 -999.250 -999.250 -999.250 -999.250 -999.250 -999.250 -999.250 -999.250 -999.250 -999.250 -999.250 -999.250 -999.250 -999.250 -999.250 -999.250 -999.250 -999.250 -999.250 -999.250 -999.250 -999.250 -999.250 -999.250 -999.250 -999.250 264.738 279.550 292.242 298.646 307.126 319.084 349.623 371.418 393.844 400.394 418.517 418.340 420.235 430.799 439.189 447.013 443.219 447.813 473.882 445.610 433.173 412.054 409.123 414.244 404.716 338.316 287.379 246.344 216.426 225.604 230.007 247.555 283.944 308.779 339.338 351.026
-999.250 -999.250 -999.250 -999.250 -999.250 -999.250 -999.250 -999.250 -999.250 -999.250 -999.250 -999.250 -999.250 -999.250 -999.250 -999.250 -999.250 -999.250 -999.250 -999.250 -999.250 -999.250 -999.250 -999.250 -999.250 -999.250 -999.250 -999.250 -999.250 252.515 265.297 286.122 300.579 333.052 355.567 374.474 407.746 426.409 428.035 444.489 452.358 449.580 449.847 465.232 462.338 467.603 475.579 468.034 455.127 456.723 442.680 442.434 439.030 452.753 372.252 311.252 263.342 244.868 240.940 239.593 252.928 292.536 300.149 329.596 356.158
-999.250 -999.250 -999.250 -999.250 -999.250 -999.250 -999.250 -999.250 -999.250 -999.250 -999.250 -999.250 -999.250 -999.250 -999.250 -999.250 -999.250 -999.250 -999.250 -999.250 -999.250 -999.250 -999.250 -999.250 -999.250 -999.250 -999.250 -999.250 -999.250 264.254 271.411 289.463 323.286 355.258 368.102 396.633 431.449 442.760 455.471 462.027 480.935 460.151 470.944 480.171 486.009 479.456 487.147 476.521 454.875 453.248 446.686 452.788 453.894 415.974 360.243 300.775 268.898 250.455 246.433 242.920 263.883 264.137 286.457 320.488 322.265
-999.250 -999.250 -999.250 -999.250 -999.250 -999.250 -999.250 -999.250 -999.250 -999.250 -999.250 -999.250 -999.250 -999.250 -999.250 -999.250 -999.250 -999.250 -999.250 -999.250 -999.250 -999.250 -999.250 -999.250 -999.250 -999.250 -999.250 -999.250 263.856 260.849 280.242 300.729 334.780 370.672 393.254 414.625 453.702 465.728 476.672 488.108 493.272 475.184 486.440 489.636 485.539 506.632 519.405 494.548 484.001 455.123 440.057 429.682 403.767 373.414 353.123 288.870 262.169 243.289 233.425 234.912 244.689 251.128 264.911 279.237 291.038
-999.250 -999.250 -999.250 -999.250 -999.250 -999.250 -999.250 -999.250 -999.250 -999.250 -999.250 -999.250 -999.250 -999.250 -999.250 -999.250 -999.250 -999.250 -999.250 -999.250 -999.250 -999.250 -999.250 -999.250 -999.250 -999.250 -999.250 -999.250 271.275 272.475 280.851 310.549 344.220 388.517 406.122 451.112 457.918 483.741 506.674 499.050 487.787 477.181 500.296 495.645 472.513 523.814 562.736 509.267 479.184 454.418 426.356 412.060 382.720 348.878 300.334 263.790 249.147 232.973 230.171 226.950 232.841 248.844 263.536 256.812 277.253
-999.250 -999.250 -999.250 -999.250 -999.250 -999.250 -999.250 -999.250 -999.250 -999.250 -999.250 -999.250 -999.250 -999.250 -999.250 -999.250 -999.250 -999.250 -999.250 -999.250 -999.250 -999.250 -999.250 -999.250 -999.250 -999.250 -999.250 261.939 271.746 294.467 305.447 322.110 364.642 386.380 413.443 450.655 450.591 506.752 551.063 502.175 488.159 483.737 485.102 494.150 494.807 474.962 487.268 482.766 467.152 428.127 408.560 380.157 352.754 315.393 289.170 251.010 245.284 239.710 231.546 225.351 223.399 228.257 252.647 262.098 271.873
-999.250 -999.250 -999.250 -999.250 -999.250 -999.250 -999.250 -999.250 -999.250 -999.250 -999.250 -999.250 -999.250 -999.250 -999.250 -999.250 -999.250 -999.250 -999.250 -999.250 -999.250 -999.250 -999.250 -999.250 -999.250 -999.250 -999.250 263.670 278.360 297.226 316.442 350.326 371.441 394.115 432.429 454.790 479.966 486.353 504.989 511.261 495.364 484.558 473.519 452.565 455.309 457.862 461.709 456.344 433.170 411.291 388.789 354.345 329.895 296.132 273.815 259.596 249.660 241.493 226.335 209.192 205.199 219.989 237.886 272.381 256.448
-999.250 -999.250 -999.250 -999.250 -999.250 -999.250 -999.250 -999.250 -999.250 -999.250 -999.250 -999.250 -999.250 -999.250 -999.250 -999.250 -999.250 -999.250 -999.250 -999.250 -999.250 -999.250 -999.250 -999.250 -999.250 -999.250 -999.250 255.561 281.088 291.194 329.187 351.895 367.489 398.793 420.976 453.629 472.803 468.383 473.176 484.696 486.020 473.097 468.515 458.964 443.711 454.436 442.979 421.404 392.558 365.762 348.184 321.462 314.174 299.072 285.234 278.230 259.988 252.848 229.452 197.640 191.649 199.618 224.111 242.723 243.832
-999.250 -999.250 -999.250 -999.250 -999.250 -999.250 -999.250 -999.250 -999.250 -999.250 -999.250 -999.250 -999.250 -999.250 -999.250 -999.250 -999.250 -999.250 -999.250 -999.250 -999.250 -999.250 -999.250 -999.250 -999.250 -999.250 -999.250 268.893 280.256 294.931 325.123 357.448 382.257 401.092 443.662 457.081 466.059 473.187 465.924 478.991 476.428 462.718 444.262 420.454 419.005 410.103 395.204 383.506 362.672 341.091 327.696 321.824 315.354 306.192 315.452 326.139 319.785 304.708 256.264 215.488 182.315 176.457 196.659 223.642 229.488
-999.250 -999.250 -999.250 -999.250 -999.250 -999.250 -999.250 -999.250 -999.250 -999.250 -999.250 -999.250 -999.250 -999.250 -999.250 -999.250 -999.250 -999.250 -999.250 -999.250 -999.250 -999.250 -999.250 -999.250 -999.250 -999.250 -999.250 -999.250 273.770 301.608 333.814 362.942 380.062 414.361 434.140 448.067 455.226 444.270 467.605 452.429 440.435 425.654 419.761 388.207 367.398 356.646 366.735 317.708 328.813 305.774 298.601 307.261 324.238 345.081 379.253 396.954 399.941 375.041 329.244 240.252 180.509 174.976 196.011 213.330 225.938
-999.250 -999.250 -999.250 -999.250 -999.250 -999.250 -999.250 -999.250 -999.250 -999.250 -999.250 -999.250 -999.250 -999.250 -999.250 -999.250 -999.250 -999.250 -999.250 -999.250 -999.250 -999.250 -999.250 -999.250 -999.250 -999.250 -999.250 -999.250 294.018 335.100 351.450 372.791 391.045 404.435 431.633 429.183 439.445 443.586 452.338 440.055 424.054 396.232 384.275 346.219 333.857 319.881 312.193 325.267 306.216 300.440 294.161 333.173 360.991 416.916 457.786 497.325 490.420 457.553 428.800 333.282 183.969 218.460 225.921 248.154 244.415
-999.250 -999.250 -999.250 -999.250 -999.250 -999.250 -999.250 -999.250 -999.250 -999.250 -999.250 -999.250 -999.250 -999.250 -999.250 -999.250 -999.250 -999.250 -999.250 -999.250 -999.250 -999.250 -999.250 -999.250 -999.250 -999.250 -999.250 -999.250 302.391 325.630 353.392 357.698 378.342 411.008 433.080 424.969 428.343 442.539 434.290 415.410 394.222 385.042 363.986 326.545 306.332 272.163 294.774 315.442 324.978 340.099 333.772 357.218 419.211 481.859 519.568 635.272 682.108 633.599 604.182 494.444 392.616 338.853 303.264 291.532 268.242
-999.250 -999.250 -999.250 -999.250 -999.250 -999.250 -999.250 -999.250 -999.250 -999.250 -999.250 -999.250 -999.250 -999.250 -999.250 -999.250 -999.250 -999.250 -999.250 -999.250 -999.250 -999.250 -999.250 -999.250 -999.250 -999.250 -999.250 -999.250 300.769 300.971 345.974 370.658 370.133 384.686 394.751 410.272 416.630 438.923 438.431 419.107 404.631 395.986 366.149 307.885 285.732 248.125 299.071 326.462 375.901 387.398 392.297 385.584 492.900 574.533 692.702 887.447 866.646 887.346 868.112 741.057 552.465 485.723 412.737 347.548 302.724
-999.250 -999.250 -999.250 -999.250 -999.250 -999.250 -999.250 -999.250 -999.250 -999.250 -999.250 -999.250 -999.250 -999.250 -999.250 -999.250 -999.250 -999.250 -999.250 -999.250 -999.250 -999.250 -999.250 -999.250 -999.250 -999.250 -999.250 -999.250 292.713 308.850 345.978 364.213 374.364 370.245 382.203 413.265 416.264 421.139 440.384 429.768 417.934 389.535 372.795 328.478 308.255 314.274 326.855 388.868 412.768 456.013 470.244 482.610 583.599 661.745 896.493 1109.747 1191.194 1326.179 1141.867 928.831 750.957 540.643 477.936 394.905 353.126
-999.250 -999.250 -999.250 -999.250 -999.250 -999.250 -999.250 -999.250 -999.250 -999.250 -999.250 -999.250 -999.250 -999.250 -999.250 -999.250 -999.250 -999.250 -999.250 -999.250 -999.250 -999.250 -999.250 -999.250 -999.250 -999.250 -999.250 272.277 290.139 299.417 339.593 340.130 363.298 371.818 377.804 386.004 414.057 417.413 434.610 455.608 425.259 400.400 383.728 340.616 342.933 378.356 393.331 435.294 495.666 534.025 531.601 598.656 748.284 848.809 1054.319 1477.522 1719.305 1812.394 1685.702 1320.228 963.596 757.944 521.917 437.070 367.771
