data/medianmodel_17-Sep-2020.asc
ncols	141
nrows	288
xllcorner	-120191.398
yllcorner	-301404.813
cellsize	2000.000
NODATA_value	-999.250
[rows 210 to 239 of 288, columns 0 to 67 of 141]
-999.250 -999.250 -999.250 -999.250 -999.250 -999.250 -999.250 -999.250 -999.250 -999.250 -999.250 -999.250 -999.250 -999.250 -999.250 -999.250 -999.250 -999.250 -999.250 -999.250 -999.250 -999.250 -999.250 -999.250 -999.250 -999.250 -999.250 -999.250 -999.250 -999.250 -999.250 44.115 44.005 45.888 47.319 44.875 44.649 42.378 41.629 40.371 39.498 40.081 42.885 33.815 31.396 20.799 19.593 14.969 14.715 9.259 9.229 1.616 6.236 5.376 4.236 4.522 0.903 0.665 0.876 1.833 3.445 2.641 3.183 1.896 4.092 1.355 4.408 8.185
-999.250 -999.250 -999.250 -999.250 -999.250 -999.250 -999.250 -999.250 -999.250 -999.250 -999.250 -999.250 -999.250 -999.250 -999.250 -999.250 -999.250 -999.250 -999.250 -999.250 -999.250 -999.250 -999.250 -999.250 -999.250 -999.250 -999.250 -999.250 -999.250 -999.250 -999.250 47.473 46.666 48.715 46.470 48.755 49.797 44.406 44.071 44.961 40.901 41.854 41.459 35.245 32.116 23.279 19.224 16.804 11.710 10.817 12.157 3.427 1.977 3.224 1.607 0.000 0.113 0.265 0.000 0.000 0.000 0.000 0.000 0.000 0.000 0.000 0.000 5.901
-999.250 -999.250 -999.250 -999.250 -999.250 -999.250 -999.250 -999.250 -999.250 -999.250 -999.250 -999.250 -999.250 -999.250 -999.250 -999.250 -999.250 -999.250 -999.250 -999.250 -999.250 -999.250 -999.250 -999.250 -999.250 -999.250 -999.250 -999.250 -999.250 -999.250 -999.250 52.055 55.798 50.761 48.810 52.968 48.786 46.898 49.362 50.064 42.772 43.147 39.399 36.110 34.737 27.069 19.705 19.700 16.916 11.141 9.644 2.874 5.118 3.103 0.003 0.459 2.257 0.000 0.000 0.000 0.000 0.000 0.000 0.000 0.000 0.000 0.000 0.693
-999.250 -999.250 -999.250 -999.250 -999.250 -999.250 -999.250 -999.250 -999.250 -999.250 -999.250 -999.250 -999.250 -999.250 -999.250 -999.250 -999.250 -999.250 -999.250 -999.250 -999.250 -999.250 -999.250 -999.250 -999.250 -999.250 -999.250 -999.250 -999.250 -999.250 -999.250 58.862 52.916 55.300 60.094 52.597 52.699 51.080 51.673 50.383 46.531 46.820 43.905 40.770 35.300 29.707 24.185 19.198 15.980 14.079 11.904 8.157 4.699 2.651 2.124 1.164 0.000 0.000 0.000 0.000 0.000 0.000 0.000 0.000 0.000 0.000 0.000 0.695
-999.250 -999.250 -999.250 -999.250 -999.250 -999.250 -999.250 -999.250 -999.250 -999.250 -999.250 -999.250 -999.250 -999.250 -999.250 -999.250 -999.250 -999.250 -999.250 -999.250 -999.250 -999.250 -999.250 -999.250 -999.250 -999.250 -999.250 -999.250 -999.250 -999.250 -999.250 61.266 56.523 62.951 50.482 57.896 56.159 58.641 54.151 50.128 51.283 50.323 45.710 44.225 41.785 34.716 33.373 24.451 20.317 17.362 10.895 7.018 5.457 4.779 3.468 1.426 0.084 0.000 0.000 0.000 0.000 0.000 0.000 0.000 0.000 0.000 0.000 0.852
-999.250 -999.250 -999.250 -999.250 -999.250 -999.250 -999.250 -999.250 -999.250 -999.250 -999.250 -999.250 -999.250 -999.250 -999.250 -999.250 -999.250 -999.250 -999.250 -999.250 -999.250 -999.250 -999.250 -999.250 -999.250 -999.250 -999.250 -999.250 -999.250 -999.250 -999.250 60.983 60.925 66.442 62.359 60.581 59.279 58.521 55.189 59.097 57.503 57.987 49.369 49.338 43.594 39.164 36.746 31.611 23.150 19.654 13.343 9.077 6.560 4.550 1.670 0.473 0.097 0.000 0.000 0.000 0.000 0.000 0.000 0.000 0.000 0.000 0.000 2.201
-999.250 -999.250 -999.250 -999.250 -999.250 -999.250 -999.250 -999.250 -999.250 -999.250 -999.250 -999.250 -999.250 -999.250 -999.250 -999.250 -999.250 -999.250 -999.250 -999.250 -999.250 -999.250 -999.250 -999.250 -999.250 -999.250 -999.250 -999.250 -999.250 -999.250 -999.250 62.006 64.741 66.171 68.058 66.923 67.627 71.855 68.054 62.576 65.426 59.362 57.044 52.155 49.046 44.508 39.816 31.462 23.986 20.534 14.961 12.287 10.172 7.795 2.167 1.228 0.950 0.000 0.000 0.000 0.000 0.000 0.000 0.000 0.000 0.000 0.604 7.995
-999.250 -999.250 -999.250 -999.250 -999.250 -999.250 -999.250 -999.250 -999.250 -999.250 -999.250 -999.250 -999.250 -999.250 -999.250 -999.250 -999.250 -999.250 -999.250 -999.250 -999.250 -999.250 -999.250 -999.250 -999.250 -999.250 -999.250 -999.250 -999.250 -999.250 -999.250 66.949 65.292 70.620 66.464 72.108 75.683 75.808 73.996 70.558 69.240 67.098 68.081 62.392 57.263 47.509 42.042 37.834 26.420 23.456 16.615 13.694 10.179 6.177 2.085 0.000 0.000 0.000 0.000 0.000 0.000 0.000 0.000 0.000 0.000 0.000 3.727 10.145
-999.250 -999.250 -999.250 -999.250 -999.250 -999.250 -999.250 -999.250 -999.250 -999.250 -999.250 -999.250 -999.250 -999.250 -999.250 -999.250 -999.250 -999.250 -999.250 -999.250 -999.250 -999.250 -999.250 -999.250 -999.250 -999.250 -999.250 -999.250 -999.250 -999.250 -999.250 69.901 69.753 73.641 70.388 73.658 76.531 84.817 81.634 76.835 74.667 74.430 76.836 69.620 54.939 51.070 44.525 39.436 28.944 23.176 18.731 12.216 10.428 4.285 1.880 0.387 0.000 0.000 0.000 0.000 0.000 0.000 0.000 0.000 0.000 0.213 8.788 13.933
-999.250 -999.250 -999.250 -999.250 -999.250 -999.250 -999.250 -999.250 -999.250 -999.250 -999.250 -999.250 -999.250 -999.250 -999.250 -999.250 -999.250 -999.250 -999.250 -999.250 -999.250 -999.250 -999.250 -999.250 -999.250 -999.250 -999.250 -999.250 -999.250 -999.250 -999.250 65.675 70.799 80.313 77.536 80.341 78.089 82.148 83.752 83.279 81.549 88.804 84.662 71.272 59.899 54.932 47.318 38.394 34.005 22.488 19.058 15.484 8.009 7.187 3.483 0.000 0.000 0.000 0.000 0.000 0.000 0.000 0.000 0.314 3.563 6.664 13.340 17.470
-999.250 -999.250 -999.250 -999.250 -999.250 -999.250 -999.250 -999.250 -999.250 -999.250 -999.250 -999.250 -999.250 -999.250 -999.250 -999.250 -999.250 -999.250 -999.250 -999.250 -999.250 -999.250 -999.250 -999.250 -999.250 -999.250 -999.250 -999.250 -999.250 -999.250 -999.250 78.857 76.046 85.356 82.371 87.607 79.997 86.002 89.405 85.306 92.382 95.044 88.302 81.970 67.131 58.729 54.171 43.171 34.458 35.446 20.582 16.706 10.877 6.960 2.146 0.000 0.000 0.000 0.000 0.000 0.000 0.000 0.000 1.587 6.176 9.841 16.463 19.095
-999.250 -999.250 -999.250 -999.250 -999.250 -999.250 -999.250 -999.250 -999.250 -999.250 -999.250 -999.250 -999.250 -999.250 -999.250 -999.250 -999.250 -999.250 -999.250 -999.250 -999.250 -999.250 -999.250 -999.250 -999.250 -999.250 -999.250 -999.250 -999.250 -999.250 -999.250 84.120 87.030 99.342 99.056 87.831 89.590 93.000 95.488 94.515 93.124 93.260 88.584 83.948 70.981 61.775 57.222 50.604 42.151 32.388 23.727 17.671 11.636 9.812 5.422 0.275 0.000 0.000 0.000 0.000 0.000 0.000 0.000 4.218 10.065 14.786 18.971 21.207
-999.250 -999.250 -999.250 -999.250 -999.250 -999.250 -999.250 -999.250 -999.250 -999.250 -999.250 -999.250 -999.250 -999.250 -999.250 -999.250 -999.250 -999.250 -999.250 -999.250 -999.250 -999.250 -999.250 -999.250 -999.250 -999.250 -999.250 -999.250 -999.250 -999.250 -999.250 81.041 91.170 101.247 103.977 98.361 96.591 96.447 102.554 95.903 93.262 99.990 93.200 85.392 74.926 66.441 59.904 51.119 43.421 33.025 27.215 17.601 12.654 6.514 7.072 1.506 0.000 0.000 0.000 0.000 0.000 0.000 0.000 2.971 7.056 12.159 18.762 21.202
-999.250 -999.250 -999.250 -999.250 -999.250 -999.250 -999.250 -999.250 -999.250 -999.250 -999.250 -999.250 -999.250 -999.250 -999.250 -999.250 -999.250 -999.250 -999.250 -999.250 -999.250 -999.250 -999.250 -999.250 -999.250 -999.250 -999.250 -999.250 -999.250 -999.250 80.175 92.950 99.755 110.194 100.288 100.745 104.769 104.437 102.818 103.742 110.137 106.245 98.387 90.638 77.547 67.558 61.735 52.733 50.031 39.513 33.994 20.532 14.166 10.076 3.687 3.222 0.000 0.000 0.000 0.000 0.000 0.000 0.000 2.459 7.656 11.256 18.015 21.880
-999.250 -999.250 -999.250 -999.250 -999.250 -999.250 -999.250 -999.250 -999.250 -999.250 -999.250 -999.250 -999.250 -999.250 -999.250 -999.250 -999.250 -999.250 -999.250 -999.250 -999.250 -999.250 -999.250 -999.250 -999.250 -999.250 -999.250 -999.250 -999.250 -999.250 87.678 99.752 104.666 106.259 116.343 107.186 114.469 115.346 111.584 115.672 109.678 102.912 102.218 88.297 80.498 73.674 69.426 60.326 50.877 42.246 35.735 20.269 19.281 12.767 6.982 0.427 0.000 0.000 0.000 0.000 0.000 0.000 0.000 0.000 7.692 13.576 16.629 20.998
-999.250 -999.250 -999.250 -999.250 -999.250 -999.250 -999.250 -999.250 -999.250 -999.250 -999.250 -999.250 -999.250 -999.250 -999.250 -999.250 -999.250 -999.250 -999.250 -999.250 -999.250 -999.250 -999.250 -999.250 -999.250 -999.250 -999.250 -999.250 -999.250 -999.250 91.484 93.250 103.401 108.113 113.268 119.310 124.428 125.452 127.031 125.783 130.119 113.111 104.028 97.355 89.587 74.649 69.256 61.110 55.693 46.829 38.046 28.606 20.271 15.014 9.256 5.943 0.000 0.000 0.000 0.000 0.000 0.000 0.000 1.542 6.646 13.537 12.961 20.248
-999.250 -999.250 -999.250 -999.250 -999.250 -999.250 -999.250 -999.250 -999.250 -999.250 -999.250 -999.250 -999.250 -999.250 -999.250 -999.250 -999.250 -999.250 -999.250 -999.250 -999.250 -999.250 -999.250 -999.250 -999.250 -999.250 -999.250 -999.250 -999.250 -999.250 95.089 100.790 106.061 121.644 125.825 146.879 147.647 145.497 141.903 137.161 120.799 120.078 116.647 101.960 94.167 83.382 74.620 67.132 56.657 51.541 40.521 36.228 22.861 16.244 10.311 5.445 0.258 0.000 0.000 0.000 0.000 0.000 0.000 0.000 4.792 9.866 15.257 17.084
-999.250 -999.250 -999.250 -999.250 -999.250 -999.250 -999.250 -999.250 -999.250 -999.250 -999.250 -999.250 -999.250 -999.250 -999.250 -999.250 -999.250 -999.250 -999.250 -999.250 -999.250 -999.250 -999.250 -999.250 -999.250 -999.250 -999.250 -999.250 -999.250 89.168 93.284 104.749 110.635 128.401 146.423 150.072 165.500 167.786 163.243 145.888 141.542 132.646 114.174 112.476 110.639 90.750 85.996 77.835 71.779 56.127 47.778 40.827 24.567 17.982 14.084 9.454 3.659 0.000 0.000 0.000 0.000 0.000 0.000 0.000 3.799 8.687 15.068 16.562
-999.250 -999.250 -999.250 -999.250 -999.250 -999.250 -999.250 -999.250 -999.250 -999.250 -999.250 -999.250 -999.250 -999.250 -999.250 -999.250 -999.250 -999.250 -999.250 -999.250 -999.250 -999.250 -999.250 -999.250 -999.250 -999.250 -999.250 -999.250 -999.250 99.949 107.352 107.925 124.171 140.200 154.956 181.393 184.728 173.564 177.548 160.894 147.954 147.788 120.486 118.792 101.957 107.090 92.666 83.786 78.949 59.086 51.826 43.357 32.948 23.526 19.014 13.344 6.390 1.451 0.000 0.000 0.000 0.000 0.000 0.080 2.264 8.408 10.117 15.170
-999.250 -999.250 -999.250 -999.250 -999.250 -999.250 -999.250 -999.250 -999.250 -999.250 -999.250 -999.250 -999.250 -999.250 -999.250 -999.250 -999.250 -999.250 -999.250 -999.250 -999.250 -999.250 -999.250 -999.250 -999.250 -999.250 -999.250 -999.250 88.222 105.051 100.379 112.399 121.566 141.506 153.727 189.111 236.185 205.867 178.910 173.586 156.280 133.077 124.635 115.361 112.854 100.794 94.853 86.449 71.791 63.358 56.014 49.592 42.318 28.605 23.894 18.914 12.881 6.045 0.000 0.000 0.000 0.000 0.000 0.000 0.349 3.576 10.287 13.365
-999.250 -999.250 -999.250 -999.250 -999.250 -999.250 -999.250 -999.250 -999.250 -999.250 -999.250 -999.250 -999.250 -999.250 -999.250 -999.250 -999.250 -999.250 -999.250 -999.250 -999.250 -999.250 -999.250 -999.250 -999.250 -999.250 -999.250 -999.250 90.316 98.169 101.709 110.435 122.564 143.139 150.863 186.332 213.927 208.512 195.667 172.990 139.448 137.285 134.826 116.588 111.041 96.749 100.518 94.262 90.891 73.852 59.416 58.593 49.584 41.355 32.934 21.322 16.716 9.228 4.087 0.000 0.000 0.000 0.000 0.000 0.000 2.197 6.481 13.807
-999.250 -999.250 -999.250 -999.250 -999.250 -999.250 -999.250 -999.250 -999.250 -999.250 -999.250 -999.250 -999.250 -999.250 -999.250 -999.250 -999.250 -999.250 -999.250 -999.250 -999.250 -999.250 -999.250 -999.250 -999.250 -999.250 -999.250 87.887 85.211 96.857 102.531 106.632 130.195 135.362 168.871 175.465 186.848 186.541 190.387 179.396 163.580 138.678 130.753 124.671 116.360 101.974 104.197 100.314 93.880 84.681 79.581 70.448 64.910 54.736 42.762 35.735 25.173 12.963 7.839 0.625 0.000 0.000 0.000 0.000 0.000 0.126 3.954 6.296
-999.250 -999.250 -999.250 -999.250 -999.250 -999.250 -999.250 -999.250 -999.250 -999.250 -999.250 -999.250 -999.250 -999.250 -999.250 -999.250 -999.250 -999.250 -999.250 -999.250 -999.250 -999.250 -999.250 -999.250 -999.250 -999.250 -999.250 79.301 90.618 95.989 99.377 109.369 121.054 138.478 143.742 147.395 150.652 152.693 156.938 157.059 156.952 142.221 139.301 133.885 120.920 107.104 115.158 119.872 106.045 99.144 96.851 88.458 78.274 66.841 54.705 41.574 27.277 16.418 10.500 3.799 0.000 0.000 0.000 0.000 0.000 0.000 0.132 2.800
-999.250 -999.250 -999.250 -999.250 -999.250 -999.250 -999.250 -999.250 -999.250 -999.250 -999.250 -999.250 -999.250 -999.250 -999.250 -999.250 -999.250 -999.250 -999.250 -999.250 -999.250 -999.250 -999.250 -999.250 -999.250 -999.250 -999.250 -999.250 79.865 93.576 97.262 99.836 109.776 118.939 140.424 136.227 145.828 141.973 137.646 145.371 139.771 154.542 137.654 133.952 117.843 130.764 121.584 112.288 111.505 125.009 103.802 99.744 96.857 82.360 67.899 50.998 35.705 21.735 13.272 7.467 0.704 0.000 0.000 0.000 0.000 0.000 0.000 0.000
-999.250 -999.250 -999.250 -999.250 -999.250 -999.250 -999.250 -999.250 -999.250 -999.250 -999.250 -999.250 -999.250 -999.250 -999.250 -999.250 -999.250 -999.250 -999.250 -999.250 -999.250 -999.250 -999.250 -999.250 -999.250 -999.250 -999.250 -999.250 -999.250 -999.250 84.500 90.021 96.174 104.314 124.190 130.000 123.783 130.788 144.339 140.521 133.797 147.702 158.108 134.158 131.944 129.713 130.667 124.600 127.776 133.087 131.731 111.455 96.721 86.236 77.037 56.490 44.947 30.215 19.540 10.921 5.221 0.000 0.000 0.000 0.000 0.000 0.000 0.000
-999.250 -999.250 -999.250 -999.250 -999.250 -999.250 -999.250 -999.250 -999.250 -999.250 -999.250 -999.250 -999.250 -999.250 -999.250 -999.250 -999.250 -999.250 -999.250 -999.250 -999.250 -999.250 -999.250 -999.250 -999.250 -999.250 -999.250 -999.250 -999.250 -999.250 81.052 91.745 91.700 101.991 108.408 108.986 112.501 128.074 126.768 141.073 141.267 152.454 147.358 143.248 148.572 145.495 133.994 150.605 138.884 142.276 131.831 136.065 105.328 106.218 94.843 74.713 54.602 35.098 23.999 18.053 7.603 4.275 0.000 0.000 0.000 0.000 0.000 0.000
-999.250 -999.250 -999.250 -999.250 -999.250 -999.250 -999.250 -999.250 -999.250 -999.250 -999.250 -999.250 -999.250 -999.250 -999.250 -999.250 -999.250 -999.250 -999.250 -999.250 -999.250 -999.250 -999.250 -999.250 -999.250 -999.250 -999.250 -999.250 -999.250 -999.250 76.384 85.785 87.449 95.354 100.778 105.962 114.453 128.010 113.433 122.755 134.571 146.067 150.791 157.419 159.875 141.875 145.477 136.401 142.271 152.201 161.810 137.939 130.662 108.956 98.141 82.258 59.339 47.542 41.192 24.251 11.339 4.445 0.000 0.000 0.000 0.000 0.000 0.000
-999.250 -999.250 -999.250 -999.250 -999.250 -999.250 -999.250 -999.250 -999.250 -999.250 -999.250 -999.250 -999.250 -999.250 -999.250 -999.250 -999.250 -999.250 -999.250 -999.250 -999.250 -999.250 -999.250 -999.250 -999.250 -999.250 -999.250 -999.250 -999.250 -999.250 -999.250 73.404 78.701 88.861 91.796 98.440 99.670 115.342 110.657 131.875 141.462 144.473 161.046 155.563 145.675 143.828 160.028 174.287 157.991 172.770 187.255 154.774 148.352 124.822 101.875 91.086 74.693 57.273 44.879 28.640 16.739 6.585 0.214 0.000 0.000 0.000 0.000 0.000
-999.250 -999.250 -999.250 -999.250 -999.250 -999.250 -999.250 -999.250 -999.250 -999.250 -999.250 -999.250 -999.250 -999.250 -999.250 -999.250 -999.250 -999.250 -999.250 -999.250 -999.250 -999.250 -999.250 -999.250 -999.250 -999.250 -999.250 -999.250 -999.250 -999.250 60.369 66.836 74.455 79.335 84.462 92.335 101.401 115.969 115.158 124.841 141.274 136.235 139.182 149.275 165.569 156.329 185.097 180.303 195.951 230.508 196.051 194.291 156.830 138.318 112.237 101.078 86.766 71.427 58.040 35.639 19.457 11.862 6.543 0.000 0.000 0.000 0.000 0.000
-999.250 -999.250 -999.250 -999.250 -999.250 -999.250 -999.250 -999.250 -999.250 -999.250 -999.250 -999.250 -999.250 -999.250 -999.250 -999.250 -999.250 -999.250 -999.250 -999.250 -999.250 -999.250 -999.250 -999.250 -999.250 -999.250 -999.250 -999.250 -999.250 -999.250 -999.250 54.586 60.082 66.636 79.371 82.876 89.640 101.942 103.073 114.076 130.122 120.413 122.490 156.610 176.208 196.715 205.385 227.136 209.391 244.183 236.613 210.781 199.776 176.701 138.561 120.731 104.933 81.122 70.934 45.947 24.498 16.331 6.997 0.364 0.000 0.000 0.000 0.000
