data/medianmodel_16-May-2020.asc
ncols	141
nrows	288
xllcorner	-120191.398
yllcorner	-301404.813
cellsize	2000.000
NODATA_value	-999.250
[rows 62 to 92 of 288, columns 69 to 137 of 141]
10.898 9.199 11.666 5.889 1.815 0.000 0.000 0.000 1.790 5.174 5.965 9.340 12.348 13.817 13.500 9.784 7.605 5.685 4.126 4.646 1.263 0.000 0.000 0.000 0.000 0.000 1.252 1.467 2.943 3.803 5.671 10.457 9.753 9.970 7.647 7.320 6.354 4.585 4.008 3.627 3.529 -999.250 -999.250 -999.250 -999.250 -999.250 -999.250 -999.250 -999.250 -999.250 -999.250 -999.250 -999.250 -999.250 -999.250 -999.250 -999.250 -999.250 -999.250 -999.250 -999.250 -999.250 -999.250 -999.250 -999.250 -999.250 -999.250 -999.250 -999.250
12.328 8.773 5.231 5.159 1.860 0.000 0.000 1.843 1.578 5.941 9.528 14.212 16.640 20.542 15.482 12.549 8.984 6.395 3.372 3.887 0.070 0.000 0.000 0.000 0.000 0.000 0.000 0.000 0.053 1.003 3.473 6.508 9.271 7.138 5.436 7.539 5.981 4.433 3.684 3.764 2.580 2.943 -999.250 -999.250 -999.250 -999.250 -999.250 -999.250 -999.250 -999.250 -999.250 -999.250 -999.250 -999.250 -999.250 -999.250 -999.250 -999.250 -999.250 -999.250 -999.250 -999.250 -999.250 -999.250 -999.250 -999.250 -999.250 -999.250 -999.250
8.993 5.185 7.831 3.080 1.465 0.606 0.521 2.822 2.800 7.200 9.147 12.750 15.179 15.529 13.494 13.183 8.499 4.653 3.857 2.567 0.956 0.000 0.000 0.000 0.000 0.000 0.000 0.000 0.000 0.993 5.382 7.352 6.828 8.691 7.523 8.215 6.577 5.645 2.860 2.885 2.809 1.736 2.380 -999.250 -999.250 -999.250 -999.250 -999.250 -999.250 -999.250 -999.250 -999.250 -999.250 -999.250 -999.250 -999.250 -999.250 -999.250 -999.250 -999.250 -999.250 -999.250 -999.250 -999.250 -999.250 -999.250 -999.250 -999.250 -999.250
7.897 7.675 5.313 2.076 1.822 1.081 2.171 2.007 4.006 7.688 9.405 12.457 12.879 15.496 14.534 12.425 7.530 5.768 4.705 2.170 0.421 0.740 0.000 0.000 0.000 0.000 0.000 0.000 0.000 1.984 3.211 6.206 5.806 8.506 9.352 6.164 6.409 3.310 2.316 1.189 1.739 1.091 0.000 -999.250 -999.250 -999.250 -999.250 -999.250 -999.250 -999.250 -999.250 -999.250 -999.250 -999.250 -999.250 -999.250 -999.250 -999.250 -999.250 -999.250 -999.250 -999.250 -999.250 -999.250 -999.250 -999.250 -999.250 -999.250 -999.250
9.891 9.183 5.109 4.156 2.211 0.650 1.923 1.495 3.753 9.768 9.635 11.061 11.705 11.111 10.474 9.226 5.901 4.373 3.036 1.537 1.413 0.198 0.000 0.000 0.000 0.000 0.000 0.000 0.974 1.992 5.941 5.815 7.522 7.172 6.324 4.638 4.043 2.535 0.112 0.000 0.000 0.000 0.550 1.042 -999.250 -999.250 -999.250 -999.250 -999.250 -999.250 -999.250 -999.250 -999.250 -999.250 -999.250 -999.250 -999.250 -999.250 -999.250 -999.250 -999.250 -999.250 -999.250 -999.250 -999.250 -999.250 -999.250 -999.250 -999.250
10.930 9.661 6.646 4.410 3.077 3.868 1.853 2.491 3.604 5.297 8.716 10.884 11.868 11.769 12.137 8.106 6.788 3.779 3.338 1.078 0.000 0.565 0.000 0.012 0.000 0.000 0.000 0.172 2.044 2.986 5.490 8.325 7.495 6.398 8.869 4.518 4.000 3.554 0.754 0.000 0.000 0.000 1.989 2.169 2.365 -999.250 -999.250 -999.250 -999.250 -999.250 -999.250 -999.250 -999.250 -999.250 -999.250 -999.250 -999.250 -999.250 -999.250 -999.250 -999.250 -999.250 -999.250 -999.250 -999.250 -999.250 -999.250 -999.250 -999.250
14.469 12.079 9.356 4.516 3.805 0.177 1.648 1.333 2.854 5.185 9.339 11.732 9.433 8.653 8.539 6.744 3.934 4.449 0.685 0.000 0.000 0.000 0.000 0.000 0.000 0.000 0.000 3.289 2.601 5.360 3.965 6.613 7.630 9.658 10.836 10.266 6.248 4.074 1.775 0.609 0.733 0.000 2.592 3.778 4.054 -999.250 -999.250 -999.250 -999.250 -999.250 -999.250 -999.250 -999.250 -999.250 -999.250 -999.250 -999.250 -999.250 -999.250 -999.250 -999.250 -999.250 -999.250 -999.250 -999.250 -999.250 -999.250 -999.250 -999.250
11.750 9.605 7.695 5.773 3.406 1.257 0.251 0.000 0.000 3.704 10.088 7.745 9.433 9.045 6.703 6.222 2.633 1.852 0.000 0.000 0.000 0.000 0.023 1.464 1.344 1.310 2.554 0.966 3.681 1.674 5.523 7.449 9.612 7.346 11.656 9.066 6.436 6.092 4.313 2.112 3.672 3.331 1.751 4.992 3.213 -999.250 -999.250 -999.250 -999.250 -999.250 -999.250 -999.250 -999.250 -999.250 -999.250 -999.250 -999.250 -999.250 -999.250 -999.250 -999.250 -999.250 -999.250 -999.250 -999.250 -999.250 -999.250 -999.250 -999.250
9.732 7.024 7.493 5.676 2.562 1.371 0.000 0.000 0.000 2.485 5.778 7.240 7.463 6.260 3.157 3.222 0.000 0.000 0.000 0.000 0.000 0.000 0.000 0.992 2.297 3.579 4.541 3.487 4.557 5.824 5.845 8.952 9.812 11.226 14.582 14.373 8.846 7.994 6.026 5.145 5.389 3.450 3.817 3.745 4.848 4.747 1.692 -999.250 -999.250 -999.250 -999.250 -999.250 -999.250 -999.250 -999.250 -999.250 -999.250 -999.250 -999.250 -999.250 -999.250 -999.250 -999.250 -999.250 -999.250 -999.250 -999.250 -999.250 -999.250
10.977 10.647 9.557 5.449 3.695 0.961 0.000 0.000 0.000 1.766 3.373 5.594 5.279 5.022 3.317 3.193 0.000 0.000 0.000 0.000 0.000 0.000 0.011 0.435 1.659 4.153 2.475 6.410 5.279 7.602 6.173 9.473 8.348 13.488 14.359 15.938 11.594 11.325 7.219 9.087 6.381 4.794 4.478 4.621 2.872 5.761 3.290 -999.250 -999.250 -999.250 -999.250 -999.250 -999.250 -999.250 -999.250 -999.250 -999.250 -999.250 -999.250 -999.250 -999.250 -999.250 -999.250 -999.250 -999.250 -999.250 -999.250 -999.250 -999.250
10.207 12.430 8.336 7.126 3.682 0.000 0.000 0.000 0.000 2.151 4.131 5.613 6.294 2.925 3.780 0.000 0.000 0.000 0.000 0.000 0.000 0.000 0.000 1.197 0.722 3.120 5.717 5.945 9.764 7.380 10.875 15.530 14.083 18.099 17.389 14.065 16.894 13.437 9.749 7.758 8.237 5.082 4.082 5.937 6.050 6.044 -999.250 -999.250 -999.250 -999.250 -999.250 -999.250 -999.250 -999.250 -999.250 -999.250 -999.250 -999.250 -999.250 -999.250 -999.250 -999.250 -999.250 -999.250 -999.250 -999.250 -999.250 -999.250 -999.250
9.461 7.843 5.439 5.028 2.598 1.368 1.527 0.742 1.894 3.779 3.957 5.630 4.799 2.856 1.612 0.930 0.000 0.000 0.000 0.000 0.000 0.000 0.000 0.000 2.989 2.468 4.500 6.513 10.605 8.742 14.554 15.535 17.888 20.600 22.070 19.050 19.738 18.685 14.403 9.898 8.492 9.944 5.770 6.361 6.524 5.133 -999.250 -999.250 -999.250 -999.250 -999.250 -999.250 -999.250 -999.250 -999.250 -999.250 -999.250 -999.250 -999.250 -999.250 -999.250 -999.250 -999.250 -999.250 -999.250 -999.250 -999.250 -999.250 -999.250
6.399 7.050 6.780 5.676 4.265 1.750 2.666 2.525 3.601 4.637 5.324 4.944 2.510 2.180 2.586 0.957 0.000 0.000 0.000 0.000 0.000 0.000 0.000 0.000 0.640 1.538 3.670 6.449 8.753 11.972 13.055 18.351 21.826 22.896 24.728 26.171 21.203 23.471 16.621 15.565 11.076 7.052 7.771 6.458 4.111 3.938 -999.250 -999.250 -999.250 -999.250 -999.250 -999.250 -999.250 -999.250 -999.250 -999.250 -999.250 -999.250 -999.250 -999.250 -999.250 -999.250 -999.250 -999.250 -999.250 -999.250 -999.250 -999.250 -999.250
6.726 5.313 8.613 7.030 5.083 5.112 5.347 4.441 4.134 5.142 5.254 4.733 3.261 1.080 2.248 0.725 0.000 0.000 0.000 0.000 0.000 0.000 0.000 0.000 0.225 0.000 4.141 8.388 12.858 12.525 15.685 18.770 21.568 24.635 28.201 35.248 27.622 22.278 17.765 15.602 12.050 9.928 6.860 6.313 3.731 6.338 -999.250 -999.250 -999.250 -999.250 -999.250 -999.250 -999.250 -999.250 -999.250 -999.250 -999.250 -999.250 -999.250 -999.250 -999.250 -999.250 -999.250 -999.250 -999.250 -999.250 -999.250 -999.250 -999.250
5.074 7.316 7.511 8.157 6.137 6.525 3.459 4.414 5.921 4.231 4.172 3.766 3.865 1.730 0.858 0.000 0.000 0.000 0.000 0.000 0.000 0.000 0.000 0.000 0.561 2.746 5.911 9.156 12.057 14.396 16.982 16.655 21.779 26.650 30.566 30.339 27.855 21.214 18.237 14.849 9.899 8.278 7.193 6.753 4.439 5.971 -999.250 -999.250 -999.250 -999.250 -999.250 -999.250 -999.250 -999.250 -999.250 -999.250 -999.250 -999.250 -999.250 -999.250 -999.250 -999.250 -999.250 -999.250 -999.250 -999.250 -999.250 -999.250 -999.250
4.550 7.109 8.267 7.540 5.697 5.235 4.489 5.609 8.636 5.857 6.027 3.592 3.930 1.631 0.790 0.000 0.000 0.000 0.000 0.000 0.000 0.000 0.000 2.637 1.116 6.937 5.388 8.314 12.815 15.579 18.512 15.002 20.899 21.387 26.145 23.892 22.834 18.803 16.320 16.547 7.688 9.357 5.508 4.495 4.652 4.590 -999.250 -999.250 -999.250 -999.250 -999.250 -999.250 -999.250 -999.250 -999.250 -999.250 -999.250 -999.250 -999.250 -999.250 -999.250 -999.250 -999.250 -999.250 -999.250 -999.250 -999.250 -999.250 -999.250
3.115 4.060 5.589 6.385 5.494 5.864 5.423 5.266 4.580 4.221 3.886 2.363 2.983 0.340 0.000 0.000 0.000 0.000 0.000 0.000 0.000 0.000 0.000 0.159 2.712 2.787 7.426 11.202 14.870 15.105 17.375 16.135 21.867 22.110 21.006 22.540 21.074 16.701 17.064 13.115 9.324 11.133 6.538 4.735 6.183 5.080 -999.250 -999.250 -999.250 -999.250 -999.250 -999.250 -999.250 -999.250 -999.250 -999.250 -999.250 -999.250 -999.250 -999.250 -999.250 -999.250 -999.250 -999.250 -999.250 -999.250 -999.250 -999.250 -999.250
2.665 4.111 5.858 6.618 5.463 4.391 6.774 5.902 3.916 1.474 1.851 1.694 0.000 0.000 0.000 0.000 0.000 0.000 0.000 0.000 0.000 0.000 0.000 1.130 3.788 4.310 7.271 10.239 11.524 13.834 17.531 13.679 13.187 18.674 17.830 20.588 19.768 17.128 15.650 13.067 11.661 6.743 3.277 4.113 6.850 5.393 -999.250 -999.250 -999.250 -999.250 -999.250 -999.250 -999.250 -999.250 -999.250 -999.250 -999.250 -999.250 -999.250 -999.250 -999.250 -999.250 -999.250 -999.250 -999.250 -999.250 -999.250 -999.250 -999.250
2.168 4.646 4.861 5.724 4.768 3.971 2.700 2.309 1.924 0.348 0.000 0.000 0.000 0.000 0.000 0.000 0.000 0.000 0.000 0.000 0.000 0.000 0.000 3.344 5.354 6.311 7.848 9.465 7.991 9.669 13.972 11.755 14.965 19.742 16.032 16.481 19.035 16.462 13.076 11.488 7.185 3.679 4.375 4.050 4.005 4.025 3.502 -999.250 -999.250 -999.250 -999.250 -999.250 -999.250 -999.250 -999.250 -999.250 -999.250 -999.250 -999.250 -999.250 -999.250 -999.250 -999.250 -999.250 -999.250 -999.250 -999.250 -999.250 -999.250
2.311 4.374 4.202 5.540 4.677 5.232 6.219 4.984 0.000 0.000 0.000 0.000 0.000 0.000 0.000 0.000 0.000 0.000 0.000 0.000 0.000 0.000 0.000 3.188 4.192 4.602 5.847 8.164 10.838 11.700 12.611 13.286 11.961 14.759 13.168 13.008 16.904 13.362 9.017 8.113 4.508 4.209 4.916 3.619 3.957 1.603 4.014 -999.250 -999.250 -999.250 -999.250 -999.250 -999.250 -999.250 -999.250 -999.250 -999.250 -999.250 -999.250 -999.250 -999.250 -999.250 -999.250 -999.250 -999.250 -999.250 -999.250 -999.250 -999.250
3.085 4.275 5.894 5.108 4.997 6.299 6.058 4.785 1.755 0.044 1.454 0.611 0.000 0.000 0.000 0.000 0.000 0.000 0.000 0.000 0.000 0.000 0.597 2.787 4.488 4.657 7.284 8.607 10.730 11.818 13.420 13.609 13.566 10.319 10.694 9.300 12.115 10.935 10.469 8.287 5.817 4.812 3.715 2.252 1.081 2.161 0.417 -999.250 -999.250 -999.250 -999.250 -999.250 -999.250 -999.250 -999.250 -999.250 -999.250 -999.250 -999.250 -999.250 -999.250 -999.250 -999.250 -999.250 -999.250 -999.250 -999.250 -999.250 -999.250
4.892 5.668 7.299 6.476 6.937 7.103 7.942 8.169 5.966 5.796 2.449 2.002 1.319 0.000 0.000 0.000 0.000 0.000 0.000 0.000 0.000 0.000 0.621 2.387 2.574 4.545 4.372 7.639 9.419 9.811 11.161 14.646 11.835 8.751 9.746 10.291 9.231 11.612 9.350 7.757 5.057 6.480 2.393 0.000 0.000 0.000 0.000 -999.250 -999.250 -999.250 -999.250 -999.250 -999.250 -999.250 -999.250 -999.250 -999.250 -999.250 -999.250 -999.250 -999.250 -999.250 -999.250 -999.250 -999.250 -999.250 -999.250 -999.250 -999.250
3.375 3.670 5.618 7.261 7.687 9.476 11.332 12.751 11.000 7.189 4.127 3.575 1.329 0.606 0.000 0.000 0.000 0.000 0.000 0.000 0.000 0.000 1.836 1.769 3.130 4.460 4.380 7.696 7.379 9.209 8.494 11.152 12.069 10.691 12.091 11.382 12.271 9.950 11.144 8.791 7.338 3.140 2.028 0.061 0.000 0.000 -999.250 -999.250 -999.250 -999.250 -999.250 -999.250 -999.250 -999.250 -999.250 -999.250 -999.250 -999.250 -999.250 -999.250 -999.250 -999.250 -999.250 -999.250 -999.250 -999.250 -999.250 -999.250 -999.250
5.921 4.026 8.451 10.433 12.661 13.458 13.879 16.207 9.776 9.593 7.526 7.600 4.548 2.759 2.607 0.141 0.000 0.000 0.000 0.000 0.000 0.000 2.175 3.725 7.108 5.386 5.980 7.396 8.336 10.374 8.160 9.191 8.965 8.623 8.416 10.718 11.343 8.111 9.728 10.393 8.489 4.704 2.880 1.045 0.000 0.000 -999.250 -999.250 -999.250 -999.250 -999.250 -999.250 -999.250 -999.250 -999.250 -999.250 -999.250 -999.250 -999.250 -999.250 -999.250 -999.250 -999.250 -999.250 -999.250 -999.250 -999.250 -999.250 -999.250
5.593 8.627 8.909 10.563 13.303 14.150 14.885 14.736 11.669 10.995 10.034 5.998 5.683 3.258 3.640 1.952 1.845 2.057 0.195 2.199 0.623 0.931 2.567 4.552 6.783 10.260 8.619 10.547 10.703 10.927 9.806 9.880 7.638 8.488 9.747 11.232 10.274 10.102 9.047 7.589 7.531 5.979 4.178 1.289 1.615 -999.250 -999.250 -999.250 -999.250 -999.250 -999.250 -999.250 -999.250 -999.250 -999.250 -999.250 -999.250 -999.250 -999.250 -999.250 -999.250 -999.250 -999.250 -999.250 -999.250 -999.250 -999.250 -999.250 -999.250
4.621 6.591 9.441 11.029 12.587 11.840 11.561 10.925 10.303 7.889 9.855 7.562 5.443 4.504 5.414 3.947 3.485 0.959 3.184 2.463 1.150 1.068 3.375 5.241 8.437 7.888 8.563 10.097 14.081 14.467 11.278 9.034 9.443 5.486 11.085 8.724 7.391 10.093 7.213 10.777 7.211 5.928 4.509 4.284 1.975 -999.250 -999.250 -999.250 -999.250 -999.250 -999.250 -999.250 -999.250 -999.250 -999.250 -999.250 -999.250 -999.250 -999.250 -999.250 -999.250 -999.250 -999.250 -999.250 -999.250 -999.250 -999.250 -999.250 -999.250
6.133 8.946 11.273 11.719 11.281 11.660 11.870 11.043 10.966 9.806 7.439 8.821 6.102 5.363 6.051 6.878 2.836 2.737 4.205 2.953 2.972 4.480 4.873 7.051 10.139 10.835 9.115 12.569 15.397 13.834 12.839 8.870 8.637 10.127 12.044 12.443 9.761 7.454 9.574 7.984 7.022 6.159 7.561 6.053 7.082 4.254 3.516 -999.250 -999.250 -999.250 -999.250 -999.250 -999.250 -999.250 -999.250 -999.250 -999.250 -999.250 -999.250 -999.250 -999.250 -999.250 -999.250 -999.250 -999.250 -999.250 -999.250 -999.250 -999.250
7.871 12.197 15.415 12.286 12.250 11.955 10.132 12.083 11.477 6.156 11.366 8.934 7.698 6.293 6.933 6.789 3.791 3.807 2.904 2.146 6.264 5.069 6.506 8.632 10.590 12.596 11.588 11.967 16.465 13.781 9.863 8.606 8.267 10.154 14.712 10.487 11.343 12.368 6.853 8.101 6.853 9.647 8.838 7.269 6.589 6.409 4.063 -999.250 -999.250 -999.250 -999.250 -999.250 -999.250 -999.250 -999.250 -999.250 -999.250 -999.250 -999.250 -999.250 -999.250 -999.250 -999.250 -999.250 -999.250 -999.250 -999.250 -999.250 -999.250
8.384 11.491 12.108 11.365 11.075 14.468 13.101 12.508 7.860 6.054 9.948 11.130 6.159 8.073 4.520 4.680 4.501 1.911 2.985 3.355 4.662 5.662 7.986 6.132 11.156 9.685 9.608 10.906 13.076 12.449 9.501 11.161 9.586 12.077 14.948 11.969 11.551 14.292 11.184 10.365 8.652 6.727 7.265 9.460 7.014 8.072 3.156 -999.250 -999.250 -999.250 -999.250 -999.250 -999.250 -999.250 -999.250 -999.250 -999.250 -999.250 -999.250 -999.250 -999.250 -999.250 -999.250 -999.250 -999.250 -999.250 -999.250 -999.250 -999.250
9.100 12.155 12.122 11.354 13.484 15.428 14.502 10.757 11.019 6.187 8.244 8.957 5.364 4.676 4.524 4.773 3.763 2.943 4.117 4.710 4.793 6.201 6.693 5.295 7.940 7.520 9.855 9.246 11.821 11.228 9.211 11.409 10.731 10.376 11.946 11.219 12.186 9.930 9.555 8.383 8.445 6.756 8.195 12.138 9.982 7.635 -999.250 -999.250 -999.250 -999.250 -999.250 -999.250 -999.250 -999.250 -999.250 -999.250 -999.250 -999.250 -999.250 -999.250 -999.250 -999.250 -999.250 -999.250 -999.250 -999.250 -999.250 -999.250 -999.250
8.534 9.981 8.764 12.244 11.574 10.768 10.872 10.267 9.633 5.875 6.117 6.262 5.037 3.939 2.413 2.814 2.802 1.806 4.143 3.827 4.571 4.285 4.635 5.478 8.058 7.585 7.948 8.327 9.363 9.318 8.919 13.565 11.886 9.689 9.378 11.797 13.252 7.057 10.111 8.283 5.800 5.997 10.080 9.401 7.058 3.631 -999.250 -999.250 -999.250 -999.250 -999.250 -999.250 -999.250 -999.250 -999.250 -999.250 -999.250 -999.250 -999.250 -999.250 -999.250 -999.250 -999.250 -999.250 -999.250 -999.250 -999.250 -999.250 -999.250
