data/medianmodel_26-Mar-2020.asc
ncols	141
nrows	288
xllcorner	-120191.398
yllcorner	-301404.813
cellsize	2000.000
NODATA_value	-999.250
[rows 93 to 123 of 288, columns 0 to 69 of 141]
-999.250 -999.250 -999.250 -999.250 -999.250 -999.250 -999.250 -999.250 -999.250 -999.250 -999.250 -999.250 -999.250 -999.250 -999.250 -999.250 -999.250 -999.250 -999.250 -999.250 -999.250 -999.250 -999.250 -999.250 -999.250 -999.250 -999.250 -999.250 -999.250 -999.250 -999.250 12.821 13.370 14.391 15.299 14.697 15.006 14.774 16.656 14.400 18.772 18.873 21.795 18.262 16.802 14.775 14.675 13.253 9.667 6.708 4.974 5.340 2.446 0.536 1.255 1.168 3.240 4.982 7.205 7.928 7.105 6.041 6.214 6.466 6.045 6.681 8.065 11.055 9.486 8.861
-999.250 -999.250 -999.250 -999.250 -999.250 -999.250 -999.250 -999.250 -999.250 -999.250 -999.250 -999.250 -999.250 -999.250 -999.250 -999.250 -999.250 -999.250 -999.250 -999.250 -999.250 -999.250 -999.250 -999.250 -999.250 -999.250 -999.250 -999.250 -999.250 -999.250 -999.250 8.728 10.582 12.135 11.912 11.340 11.120 11.095 13.176 13.746 14.129 14.738 14.891 16.237 16.351 14.292 13.109 10.415 7.000 5.834 5.385 4.749 3.480 3.891 0.133 0.596 3.470 5.754 7.037 8.392 6.061 7.782 7.743 7.247 7.139 7.296 10.459 10.786 9.913 9.488
-999.250 -999.250 -999.250 -999.250 -999.250 -999.250 -999.250 -999.250 -999.250 -999.250 -999.250 -999.250 -999.250 -999.250 -999.250 -999.250 -999.250 -999.250 -999.250 -999.250 -999.250 -999.250 -999.250 -999.250 -999.250 -999.250 -999.250 -999.250 -999.250 -999.250 -999.250 9.388 7.873 8.727 8.452 9.638 11.114 11.588 12.528 13.634 12.738 12.510 15.134 13.375 13.541 13.275 9.992 8.113 6.553 6.437 5.881 6.247 4.502 2.516 1.138 1.170 3.676 4.774 6.830 8.446 7.737 7.617 7.699 6.726 7.988 7.364 8.405 10.136 8.651 10.739
-999.250 -999.250 -999.250 -999.250 -999.250 -999.250 -999.250 -999.250 -999.250 -999.250 -999.250 -999.250 -999.250 -999.250 -999.250 -999.250 -999.250 -999.250 -999.250 -999.250 -999.250 -999.250 -999.250 -999.250 -999.250 -999.250 -999.250 -999.250 -999.250 -999.250 9.016 9.064 5.450 8.267 8.755 8.793 8.749 9.288 11.259 12.750 13.759 13.117 12.152 11.135 10.958 11.287 9.093 8.433 7.864 8.140 8.446 6.316 5.877 3.161 2.740 3.182 1.379 3.474 6.158 9.568 8.452 8.538 8.193 5.661 4.717 6.303 8.254 8.614 7.141 8.262
-999.250 -999.250 -999.250 -999.250 -999.250 -999.250 -999.250 -999.250 -999.250 -999.250 -999.250 -999.250 -999.250 -999.250 -999.250 -999.250 -999.250 -999.250 -999.250 -999.250 -999.250 -999.250 -999.250 -999.250 -999.250 -999.250 -999.250 -999.250 -999.250 -999.250 9.881 9.083 6.960 7.166 7.043 10.930 8.466 12.668 10.943 11.116 13.151 11.934 10.688 12.353 13.926 12.294 10.043 10.258 10.327 10.793 9.367 8.206 7.898 4.886 4.870 2.298 0.721 0.213 3.553 6.666 7.138 6.575 5.337 5.934 2.354 4.329 5.568 5.841 5.474 5.246
-999.250 -999.250 -999.250 -999.250 -999.250 -999.250 -999.250 -999.250 -999.250 -999.250 -999.250 -999.250 -999.250 -999.250 -999.250 -999.250 -999.250 -999.250 -999.250 -999.250 -999.250 -999.250 -999.250 -999.250 -999.250 -999.250 -999.250 -999.250 -999.250 -999.250 11.241 9.762 7.327 6.790 8.618 10.023 8.846 10.017 12.688 12.697 13.457 13.494 13.508 16.245 15.077 14.727 15.085 13.157 14.275 13.704 11.752 10.959 9.094 7.802 6.794 2.034 1.087 0.000 2.723 3.820 6.224 7.019 4.342 1.471 0.000 1.614 3.910 2.265 4.596 3.758
-999.250 -999.250 -999.250 -999.250 -999.250 -999.250 -999.250 -999.250 -999.250 -999.250 -999.250 -999.250 -999.250 -999.250 -999.250 -999.250 -999.250 -999.250 -999.250 -999.250 -999.250 -999.250 -999.250 -999.250 -999.250 -999.250 -999.250 -999.250 -999.250 -999.250 8.347 8.146 10.141 9.334 10.787 11.983 11.692 11.041 13.097 14.457 14.281 16.374 16.735 18.837 19.755 20.478 17.914 16.585 15.797 17.632 17.322 15.761 13.451 12.584 8.698 6.612 3.068 2.656 3.995 5.633 5.459 5.630 3.040 2.751 0.000 1.348 1.628 1.004 2.248 2.366
-999.250 -999.250 -999.250 -999.250 -999.250 -999.250 -999.250 -999.250 -999.250 -999.250 -999.250 -999.250 -999.250 -999.250 -999.250 -999.250 -999.250 -999.250 -999.250 -999.250 -999.250 -999.250 -999.250 -999.250 -999.250 -999.250 -999.250 -999.250 -999.250 9.561 9.406 8.016 9.681 9.469 11.295 12.111 15.043 13.170 16.370 17.057 18.536 22.456 22.142 27.000 30.117 29.060 26.801 23.324 22.607 22.933 22.875 18.604 19.115 17.727 12.703 10.363 7.709 6.338 4.369 5.691 5.053 3.381 2.951 1.891 0.000 0.871 2.657 2.346 1.486 1.574
-999.250 -999.250 -999.250 -999.250 -999.250 -999.250 -999.250 -999.250 -999.250 -999.250 -999.250 -999.250 -999.250 -999.250 -999.250 -999.250 -999.250 -999.250 -999.250 -999.250 -999.250 -999.250 -999.250 -999.250 -999.250 -999.250 -999.250 -999.250 -999.250 8.985 8.873 7.930 11.326 12.621 9.409 13.729 14.700 15.859 19.837 24.519 24.215 26.631 32.755 36.099 34.356 35.086 31.699 32.171 31.421 28.332 26.628 25.274 22.695 25.657 18.682 13.309 9.578 7.264 7.413 6.524 4.813 2.874 3.272 2.319 1.823 2.683 2.284 3.037 2.570 3.530
-999.250 -999.250 -999.250 -999.250 -999.250 -999.250 -999.250 -999.250 -999.250 -999.250 -999.250 -999.250 -999.250 -999.250 -999.250 -999.250 -999.250 -999.250 -999.250 -999.250 -999.250 -999.250 -999.250 -999.250 -999.250 -999.250 -999.250 -999.250 -999.250 7.700 7.507 9.223 12.138 11.126 12.807 13.498 14.982 17.760 22.934 31.490 28.489 34.080 38.681 42.143 43.381 39.995 40.221 36.035 39.824 36.109 33.381 30.075 29.088 29.210 19.884 14.737 11.031 8.048 5.106 5.134 4.575 2.730 3.388 5.644 4.149 3.650 4.089 4.302 3.765 5.466
-999.250 -999.250 -999.250 -999.250 -999.250 -999.250 -999.250 -999.250 -999.250 -999.250 -999.250 -999.250 -999.250 -999.250 -999.250 -999.250 -999.250 -999.250 -999.250 -999.250 -999.250 -999.250 -999.250 -999.250 -999.250 -999.250 -999.250 -999.250 -999.250 6.702 8.033 10.197 8.530 11.290 13.026 15.252 18.675 21.581 30.340 36.950 35.502 39.521 49.851 46.683 54.607 51.591 52.718 45.831 41.216 42.627 39.567 35.332 28.234 24.507 19.131 12.397 9.177 6.577 5.529 3.724 3.601 4.621 5.747 4.831 3.977 4.324 4.639 6.665 5.858 6.037
-999.250 -999.250 -999.250 -999.250 -999.250 -999.250 -999.250 -999.250 -999.250 -999.250 -999.250 -999.250 -999.250 -999.250 -999.250 -999.250 -999.250 -999.250 -999.250 -999.250 -999.250 -999.250 -999.250 -999.250 -999.250 -999.250 -999.250 -999.250 5.739 6.595 5.110 8.284 8.601 12.770 12.624 19.205 20.338 25.982 32.746 35.791 44.464 49.200 54.775 55.178 60.103 63.157 64.968 63.219 53.951 48.029 40.742 35.985 26.687 18.779 14.459 11.120 6.690 4.768 6.460 6.644 6.384 4.882 7.967 6.218 6.287 6.029 6.633 6.472 8.091 7.630
-999.250 -999.250 -999.250 -999.250 -999.250 -999.250 -999.250 -999.250 -999.250 -999.250 -999.250 -999.250 -999.250 -999.250 -999.250 -999.250 -999.250 -999.250 -999.250 -999.250 -999.250 -999.250 -999.250 -999.250 -999.250 -999.250 -999.250 -999.250 4.180 3.713 7.171 7.566 10.396 10.834 15.899 19.473 23.218 29.822 37.215 43.464 45.520 46.589 60.078 65.612 70.499 76.137 91.677 75.500 58.596 45.593 41.567 34.046 25.552 16.378 9.635 5.709 4.186 4.190 4.745 7.184 7.312 7.321 8.490 5.691 6.272 6.759 10.208 8.995 8.547 8.960
-999.250 -999.250 -999.250 -999.250 -999.250 -999.250 -999.250 -999.250 -999.250 -999.250 -999.250 -999.250 -999.250 -999.250 -999.250 -999.250 -999.250 -999.250 -999.250 -999.250 -999.250 -999.250 -999.250 -999.250 -999.250 -999.250 -999.250 4.501 3.182 2.938 4.375 9.128 10.393 15.443 15.172 21.413 26.858 29.946 43.609 51.409 49.217 52.604 62.243 68.063 75.278 77.571 77.661 69.457 56.286 50.847 36.988 28.485 20.198 11.887 2.284 1.802 3.963 5.508 6.347 7.840 10.564 11.644 7.867 6.744 8.921 11.511 13.220 13.478 10.534 9.254
-999.250 -999.250 -999.250 -999.250 -999.250 -999.250 -999.250 -999.250 -999.250 -999.250 -999.250 -999.250 -999.250 -999.250 -999.250 -999.250 -999.250 -999.250 -999.250 -999.250 -999.250 -999.250 -999.250 -999.250 -999.250 -999.250 -999.250 2.518 2.123 3.278 2.738 6.403 11.007 15.741 19.891 26.292 33.780 34.529 38.703 43.693 52.633 51.143 64.321 73.574 68.767 70.532 74.796 65.040 54.168 47.970 35.560 27.563 19.408 7.235 0.000 1.354 4.518 7.883 11.701 13.185 15.309 15.442 13.205 9.079 13.462 13.118 14.856 15.425 15.241 14.727
-999.250 -999.250 -999.250 -999.250 -999.250 -999.250 -999.250 -999.250 -999.250 -999.250 -999.250 -999.250 -999.250 -999.250 -999.250 -999.250 -999.250 -999.250 -999.250 -999.250 -999.250 -999.250 -999.250 -999.250 -999.250 -999.250 -999.250 3.433 2.540 2.235 3.267 7.240 10.083 13.154 20.853 25.379 30.648 32.038 37.427 46.591 51.092 53.693 65.003 61.624 65.772 65.619 66.536 64.492 51.208 39.453 33.498 26.561 19.375 9.885 3.369 4.074 8.237 12.209 16.282 19.898 20.831 21.376 18.903 15.456 15.022 18.204 20.376 20.058 20.239 14.147
-999.250 -999.250 -999.250 -999.250 -999.250 -999.250 -999.250 -999.250 -999.250 -999.250 -999.250 -999.250 -999.250 -999.250 -999.250 -999.250 -999.250 -999.250 -999.250 -999.250 -999.250 -999.250 -999.250 -999.250 -999.250 -999.250 -999.250 3.365 1.029 1.420 1.702 5.839 11.898 14.867 22.486 27.631 32.268 31.786 39.274 46.110 50.128 55.003 51.914 54.438 56.062 62.544 61.900 69.886 55.301 38.169 35.196 27.109 17.937 13.871 8.746 8.245 10.755 15.246 21.581 24.992 31.825 29.335 27.153 23.719 22.880 21.284 22.785 20.454 19.277 17.278
-999.250 -999.250 -999.250 -999.250 -999.250 -999.250 -999.250 -999.250 -999.250 -999.250 -999.250 -999.250 -999.250 -999.250 -999.250 -999.250 -999.250 -999.250 -999.250 -999.250 -999.250 -999.250 -999.250 -999.250 -999.250 -999.250 -999.250 -999.250 3.595 3.321 3.327 6.972 14.068 16.923 19.447 28.017 29.833 36.586 40.703 42.555 47.512 46.657 49.971 56.896 56.585 62.070 55.914 50.954 42.535 36.901 29.705 26.660 19.769 16.057 12.643 11.665 13.252 16.404 25.466 32.634 40.440 36.920 35.343 30.891 28.011 25.475 26.493 21.811 20.816 20.209
-999.250 -999.250 -999.250 -999.250 -999.250 -999.250 -999.250 -999.250 -999.250 -999.250 -999.250 -999.250 -999.250 -999.250 -999.250 -999.250 -999.250 -999.250 -999.250 -999.250 -999.250 -999.250 -999.250 -999.250 -999.250 -999.250 -999.250 -999.250 5.187 4.504 7.216 8.169 14.182 18.322 23.642 23.095 28.506 33.387 35.433 42.851 48.360 48.576 43.803 50.048 47.791 50.838 54.752 55.735 40.912 33.830 32.097 24.154 20.008 14.771 13.043 14.286 16.272 21.061 28.233 39.684 52.562 43.415 40.757 31.968 33.621 30.784 25.888 22.848 21.961 22.065
-999.250 -999.250 -999.250 -999.250 -999.250 -999.250 -999.250 -999.250 -999.250 -999.250 -999.250 -999.250 -999.250 -999.250 -999.250 -999.250 -999.250 -999.250 -999.250 -999.250 -999.250 -999.250 -999.250 -999.250 -999.250 -999.250 -999.250 -999.250 6.029 5.396 9.676 11.552 12.622 18.505 20.958 24.812 31.195 34.163 38.100 40.221 40.230 44.048 46.299 39.200 48.137 44.670 46.234 42.536 35.801 32.305 28.773 25.150 20.929 17.443 13.062 11.656 14.037 21.429 30.139 39.323 45.365 44.593 35.024 34.135 32.064 32.096 26.969 22.310 21.474 22.890
-999.250 -999.250 -999.250 -999.250 -999.250 -999.250 -999.250 -999.250 -999.250 -999.250 -999.250 -999.250 -999.250 -999.250 -999.250 -999.250 -999.250 -999.250 -999.250 -999.250 -999.250 -999.250 -999.250 -999.250 -999.250 -999.250 -999.250 -999.250 7.734 8.521 15.213 13.749 16.586 17.382 24.217 25.667 32.911 35.604 34.676 42.096 43.520 39.758 38.482 40.130 41.240 45.114 37.231 39.873 33.667 32.759 28.354 23.607 19.621 16.487 12.262 12.733 13.859 17.481 23.225 32.801 36.048 34.630 34.234 33.478 29.684 29.072 25.312 24.984 24.426 26.089
-999.250 -999.250 -999.250 -999.250 -999.250 -999.250 -999.250 -999.250 -999.250 -999.250 -999.250 -999.250 -999.250 -999.250 -999.250 -999.250 -999.250 -999.250 -999.250 -999.250 -999.250 -999.250 -999.250 -999.250 -999.250 -999.250 -999.250 -999.250 12.165 9.263 13.165 15.446 18.261 24.295 23.973 26.830 35.326 35.591 39.643 40.785 40.756 42.880 38.680 35.887 36.879 35.467 35.152 33.997 32.288 29.627 26.398 22.148 19.137 15.172 11.295 12.142 11.249 16.078 21.113 28.178 32.316 32.899 31.110 34.569 30.080 25.126 26.277 28.362 21.513 22.552
-999.250 -999.250 -999.250 -999.250 -999.250 -999.250 -999.250 -999.250 -999.250 -999.250 -999.250 -999.250 -999.250 -999.250 -999.250 -999.250 -999.250 -999.250 -999.250 -999.250 -999.250 -999.250 -999.250 -999.250 -999.250 -999.250 -999.250 11.771 13.081 14.035 15.696 20.415 23.660 25.380 28.125 26.935 34.450 32.352 36.732 40.888 35.181 40.223 41.576 37.136 35.588 33.027 31.714 33.081 30.284 26.468 25.045 21.559 17.912 15.958 10.802 10.048 10.247 12.451 14.231 21.819 27.031 25.418 26.058 24.093 26.416 25.235 27.760 26.282 23.638 22.481
-999.250 -999.250 -999.250 -999.250 -999.250 -999.250 -999.250 -999.250 -999.250 -999.250 -999.250 -999.250 -999.250 -999.250 -999.250 -999.250 -999.250 -999.250 -999.250 -999.250 -999.250 -999.250 -999.250 -999.250 -999.250 -999.250 -999.250 12.740 11.362 15.284 15.878 20.184 25.137 27.217 30.074 30.470 30.709 33.883 34.776 33.824 36.370 38.857 32.888 34.084 31.606 32.507 29.654 26.151 29.823 31.625 29.479 21.660 18.361 12.394 10.236 8.756 5.150 5.866 10.211 17.110 22.148 22.566 22.288 24.056 24.051 23.741 26.319 23.148 21.538 19.818
-999.250 -999.250 -999.250 -999.250 -999.250 -999.250 -999.250 -999.250 -999.250 -999.250 -999.250 -999.250 -999.250 -999.250 -999.250 -999.250 -999.250 -999.250 -999.250 -999.250 -999.250 -999.250 -999.250 -999.250 -999.250 -999.250 -999.250 14.132 15.526 13.828 17.346 21.354 27.022 27.772 27.850 29.467 30.924 33.436 31.953 31.063 36.770 34.593 36.478 34.897 29.259 30.249 28.442 27.811 30.544 37.058 30.417 25.118 18.534 13.124 8.153 5.799 2.844 0.000 5.772 10.470 14.666 17.744 19.559 20.099 23.721 22.769 22.801 23.013 19.081 15.980
-999.250 -999.250 -999.250 -999.250 -999.250 -999.250 -999.250 -999.250 -999.250 -999.250 -999.250 -999.250 -999.250 -999.250 -999.250 -999.250 -999.250 -999.250 -999.250 -999.250 -999.250 -999.250 -999.250 -999.250 -999.250 -999.250 13.225 15.407 16.608 18.063 18.839 22.679 25.690 29.237 33.125 29.525 30.421 31.693 27.986 30.204 29.848 30.044 27.640 31.350 30.422 24.631 24.283 24.954 27.906 29.235 27.842 24.899 17.903 15.043 10.419 6.912 1.657 0.000 2.836 8.638 12.751 15.001 16.222 17.611 19.316 16.189 20.937 18.719 17.259 13.603
-999.250 -999.250 -999.250 -999.250 -999.250 -999.250 -999.250 -999.250 -999.250 -999.250 -999.250 -999.250 -999.250 -999.250 -999.250 -999.250 -999.250 -999.250 -999.250 -999.250 -999.250 -999.250 -999.250 -999.250 -999.250 -999.250 13.343 15.885 17.304 22.471 26.481 25.198 26.790 26.139 29.186 30.259 33.145 33.442 32.728 30.659 29.641 28.398 27.687 24.838 25.483 21.489 17.606 19.308 22.533 20.174 22.501 20.856 18.968 16.123 11.221 6.259 1.585 0.815 2.041 6.490 10.065 12.814 14.542 14.910 16.576 15.599 14.838 14.597 14.305 13.101
-999.250 -999.250 -999.250 -999.250 -999.250 -999.250 -999.250 -999.250 -999.250 -999.250 -999.250 -999.250 -999.250 -999.250 -999.250 -999.250 -999.250 -999.250 -999.250 -999.250 -999.250 -999.250 -999.250 -999.250 -999.250 -999.250 14.380 16.995 19.941 21.428 26.590 26.161 28.339 29.591 34.495 33.457 31.048 34.537 33.276 30.917 31.844 28.674 27.656 21.202 17.928 13.530 12.830 13.090 14.423 18.702 20.369 21.120 18.635 16.313 13.100 7.321 4.445 0.462 0.000 4.093 7.855 11.365 13.514 13.465 12.493 12.905 11.638 9.482 9.615 10.914
-999.250 -999.250 -999.250 -999.250 -999.250 -999.250 -999.250 -999.250 -999.250 -999.250 -999.250 -999.250 -999.250 -999.250 -999.250 -999.250 -999.250 -999.250 -999.250 -999.250 -999.250 -999.250 -999.250 -999.250 -999.250 15.637 14.720 18.389 16.931 22.068 21.965 25.132 27.587 30.062 33.778 35.567 34.716 31.420 37.547 36.035 33.027 28.882 27.790 22.269 15.614 11.133 7.020 6.017 9.187 13.950 15.817 17.378 19.904 17.839 13.468 10.114 6.814 1.371 0.000 1.706 5.352 7.730 7.345 11.275 8.348 7.799 6.124 6.307 6.811 3.538
-999.250 -999.250 -999.250 -999.250 -999.250 -999.250 -999.250 -999.250 -999.250 -999.250 -999.250 -999.250 -999.250 -999.250 -999.250 -999.250 -999.250 -999.250 -999.250 -999.250 -999.250 -999.250 -999.250 -999.250 -999.250 16.267 16.402 20.053 19.946 22.151 20.828 24.054 25.091 28.091 34.268 34.521 37.214 35.870 38.507 36.781 30.922 26.751 25.760 22.178 13.896 10.262 6.479 0.000 6.606 13.658 18.282 19.968 21.165 18.866 18.800 13.191 11.867 6.173 1.977 4.068 4.181 4.748 5.788 7.217 4.869 6.336 6.467 5.735 3.508 2.125
-999.250 -999.250 -999.250 -999.250 -999.250 -999.250 -999.250 -999.250 -999.250 -999.250 -999.250 -999.250 -999.250 -999.250 -999.250 -999.250 -999.250 -999.250 -999.250 -999.250 -999.250 -999.250 -999.250 -999.250 -999.250 16.189 17.599 18.302 18.593 21.277 22.388 26.493 25.261 31.362 35.959 38.340 40.030 40.957 46.637 41.391 32.602 31.412 25.973 22.982 18.944 13.817 10.630 9.307 14.201 16.817 19.575 25.059 22.740 24.672 21.650 17.282 13.664 9.272 4.326 3.069 3.245 4.000 4.837 4.971 6.208 4.767 4.342 3.976 1.763 0.214
