data/medianmodel_30-May-2020.asc
ncols	141
nrows	288
xllcorner	-120191.398
yllcorner	-301404.813
cellsize	2000.000
NODATA_value	-999.250
[rows 31 to 61 of 288, columns 0 to 68 of 141]
-999.250 -999.250 -999.250 -999.250 -999.250 -999.250 -999.250 -999.250 -999.250 -999.250 -999.250 -999.250 -999.250 -999.250 -999.250 -999.250 -999.250 -999.250 -999.250 -999.250 -999.250 -999.250 -999.250 -999.250 -999.250 -999.250 -999.250 -999.250 -999.250 -999.250 -999.250 -999.250 4.084 5.139 7.133 5.965 4.875 7.731 8.978 7.627 8.685 6.107 8.017 7.542 7.126 5.393 5.781 7.428 6.633 9.404 9.164 9.206 6.170 10.317 13.954 9.790 13.241 15.675 15.958 17.161 16.388 21.521 17.370 19.655 12.340 11.157 10.955 9.176 5.059
-999.250 -999.250 -999.250 -999.250 -999.250 -999.250 -999.250 -999.250 -999.250 -999.250 -999.250 -999.250 -999.250 -999.250 -999.250 -999.250 -999.250 -999.250 -999.250 -999.250 -999.250 -999.250 -999.250 -999.250 -999.250 -999.250 -999.250 -999.250 -999.250 -999.250 -999.250 -999.250 5.888 6.803 5.832 6.823 6.033 4.425 5.824 9.151 7.388 7.192 6.758 9.357 7.784 5.543 6.729 4.946 8.916 12.046 8.715 10.695 9.700 11.362 7.954 12.013 14.147 16.323 18.835 14.522 15.325 19.769 19.151 12.532 14.198 9.013 10.452 8.809 6.506
-999.250 -999.250 -999.250 -999.250 -999.250 -999.250 -999.250 -999.250 -999.250 -999.250 -999.250 -999.250 -999.250 -999.250 -999.250 -999.250 -999.250 -999.250 -999.250 -999.250 -999.250 -999.250 -999.250 -999.250 -999.250 -999.250 -999.250 -999.250 -999.250 -999.250 -999.250 -999.250 7.033 11.704 4.989 5.920 7.179 5.834 7.691 9.723 12.910 7.592 8.427 10.682 7.531 9.432 7.740 6.400 11.496 12.478 10.749 12.729 7.810 12.775 10.752 14.941 17.068 18.402 20.686 19.364 21.682 22.363 13.404 7.536 7.749 8.389 7.887 7.686 7.468
-999.250 -999.250 -999.250 -999.250 -999.250 -999.250 -999.250 -999.250 -999.250 -999.250 -999.250 -999.250 -999.250 -999.250 -999.250 -999.250 -999.250 -999.250 -999.250 -999.250 -999.250 -999.250 -999.250 -999.250 -999.250 -999.250 -999.250 -999.250 -999.250 -999.250 -999.250 -999.250 5.054 5.438 4.777 6.681 5.143 5.519 7.447 7.850 8.207 7.936 9.519 5.889 5.768 8.781 8.939 9.019 9.248 12.732 12.706 9.756 11.640 10.080 16.429 15.103 24.345 22.255 25.266 18.329 19.502 17.496 11.260 7.093 6.399 6.827 8.382 8.884 7.178
-999.250 -999.250 -999.250 -999.250 -999.250 -999.250 -999.250 -999.250 -999.250 -999.250 -999.250 -999.250 -999.250 -999.250 -999.250 -999.250 -999.250 -999.250 -999.250 -999.250 -999.250 -999.250 -999.250 -999.250 -999.250 -999.250 -999.250 -999.250 -999.250 -999.250 -999.250 -999.250 6.845 7.416 6.761 4.592 4.463 2.879 5.520 4.771 7.019 7.033 7.946 8.774 8.947 9.686 10.393 12.015 12.702 13.975 15.117 15.761 11.291 14.559 20.324 16.601 21.135 20.030 22.389 27.845 23.853 20.313 13.829 8.445 3.780 6.245 7.477 7.349 4.984
-999.250 -999.250 -999.250 -999.250 -999.250 -999.250 -999.250 -999.250 -999.250 -999.250 -999.250 -999.250 -999.250 -999.250 -999.250 -999.250 -999.250 -999.250 -999.250 -999.250 -999.250 -999.250 -999.250 -999.250 -999.250 -999.250 -999.250 -999.250 -999.250 -999.250 -999.250 -999.250 5.940 8.343 5.752 4.571 4.000 6.033 5.025 7.687 10.460 7.395 11.116 8.559 9.935 12.575 11.022 10.814 13.670 16.453 18.292 15.710 16.162 15.979 16.824 22.237 24.006 16.711 23.644 23.890 23.704 16.130 13.728 9.477 5.323 5.832 7.252 6.958 3.673
-999.250 -999.250 -999.250 -999.250 -999.250 -999.250 -999.250 -999.250 -999.250 -999.250 -999.250 -999.250 -999.250 -999.250 -999.250 -999.250 -999.250 -999.250 -999.250 -999.250 -999.250 -999.250 -999.250 -999.250 -999.250 -999.250 -999.250 -999.250 -999.250 -999.250 -999.250 -999.250 -999.250 6.351 4.451 6.541 4.321 6.959 6.836 8.127 7.448 8.697 7.577 9.987 12.280 12.587 10.976 10.711 16.469 16.563 17.702 16.290 15.396 15.183 18.810 28.086 23.928 22.750 22.052 20.281 17.546 18.153 12.869 11.257 8.589 7.496 6.341 4.038 3.858
-999.250 -999.250 -999.250 -999.250 -999.250 -999.250 -999.250 -999.250 -999.250 -999.250 -999.250 -999.250 -999.250 -999.250 -999.250 -999.250 -999.250 -999.250 -999.250 -999.250 -999.250 -999.250 -999.250 -999.250 -999.250 -999.250 -999.250 -999.250 -999.250 -999.250 -999.250 -999.250 -999.250 5.959 5.542 6.141 4.241 4.613 6.104 7.456 7.419 9.344 8.026 9.752 12.364 12.256 12.124 11.359 14.973 14.873 14.960 16.078 17.443 20.504 28.054 22.213 23.849 17.319 29.130 19.415 15.237 13.983 10.748 10.755 8.354 8.459 4.343 4.780 4.757
-999.250 -999.250 -999.250 -999.250 -999.250 -999.250 -999.250 -999.250 -999.250 -999.250 -999.250 -999.250 -999.250 -999.250 -999.250 -999.250 -999.250 -999.250 -999.250 -999.250 -999.250 -999.250 -999.250 -999.250 -999.250 -999.250 -999.250 -999.250 -999.250 -999.250 -999.250 -999.250 7.664 6.363 7.264 5.806 4.298 6.572 6.572 6.070 6.953 6.462 7.442 8.610 10.685 10.260 11.223 14.248 13.248 14.443 18.046 24.720 31.515 28.830 25.966 21.519 19.958 22.047 16.490 11.981 14.453 12.720 9.041 8.639 7.940 6.583 8.018 4.159 3.214
-999.250 -999.250 -999.250 -999.250 -999.250 -999.250 -999.250 -999.250 -999.250 -999.250 -999.250 -999.250 -999.250 -999.250 -999.250 -999.250 -999.250 -999.250 -999.250 -999.250 -999.250 -999.250 -999.250 -999.250 -999.250 -999.250 -999.250 -999.250 -999.250 -999.250 -999.250 -999.250 8.871 7.063 6.491 5.645 5.386 4.732 5.286 4.535 4.831 7.569 3.448 4.364 4.744 7.984 11.371 9.615 12.725 16.635 19.990 33.821 39.552 42.499 37.117 35.291 21.629 19.424 15.701 18.113 14.821 9.848 9.522 10.504 7.109 6.010 7.816 8.381 7.643
-999.250 -999.250 -999.250 -999.250 -999.250 -999.250 -999.250 -999.250 -999.250 -999.250 -999.250 -999.250 -999.250 -999.250 -999.250 -999.250 -999.250 -999.250 -999.250 -999.250 -999.250 -999.250 -999.250 -999.250 -999.250 -999.250 -999.250 -999.250 -999.250 -999.250 -999.250 -999.250 -999.250 8.138 12.742 5.210 4.941 5.366 3.873 3.179 5.871 6.177 4.284 3.935 5.316 9.959 13.569 13.850 19.939 17.308 36.414 56.682 94.248 84.464 47.563 32.960 18.248 11.880 14.137 12.644 15.615 11.436 8.018 9.718 10.100 8.071 8.578 14.397 10.140
-999.250 -999.250 -999.250 -999.250 -999.250 -999.250 -999.250 -999.250 -999.250 -999.250 -999.250 -999.250 -999.250 -999.250 -999.250 -999.250 -999.250 -999.250 -999.250 -999.250 -999.250 -999.250 -999.250 -999.250 -999.250 -999.250 -999.250 -999.250 -999.250 -999.250 -999.250 -999.250 -999.250 7.838 7.288 3.524 2.729 3.722 4.403 4.035 4.350 5.379 3.985 5.062 5.490 6.222 15.638 15.299 24.646 26.218 39.837 89.557 133.908 96.790 49.627 25.346 18.313 18.395 12.672 13.818 14.337 12.760 8.283 9.811 9.385 9.658 10.329 10.748 9.817
-999.250 -999.250 -999.250 -999.250 -999.250 -999.250 -999.250 -999.250 -999.250 -999.250 -999.250 -999.250 -999.250 -999.250 -999.250 -999.250 -999.250 -999.250 -999.250 -999.250 -999.250 -999.250 -999.250 -999.250 -999.250 -999.250 -999.250 -999.250 -999.250 -999.250 -999.250 -999.250 -999.250 5.269 5.080 4.328 0.246 4.404 4.493 4.716 7.335 6.411 3.225 6.124 8.000 10.652 16.727 27.919 20.244 28.189 44.837 74.946 92.441 89.711 61.746 28.658 19.298 23.041 13.966 13.882 12.966 9.323 13.706 9.571 10.749 13.250 6.244 9.908 8.763
-999.250 -999.250 -999.250 -999.250 -999.250 -999.250 -999.250 -999.250 -999.250 -999.250 -999.250 -999.250 -999.250 -999.250 -999.250 -999.250 -999.250 -999.250 -999.250 -999.250 -999.250 -999.250 -999.250 -999.250 -999.250 -999.250 -999.250 -999.250 -999.250 -999.250 -999.250 -999.250 -999.250 -999.250 4.812 5.006 2.773 2.712 4.148 3.254 4.447 4.795 5.987 7.540 8.314 16.143 18.025 19.385 25.200 23.307 26.798 39.573 78.252 67.618 60.602 35.707 21.192 15.355 14.839 14.872 15.587 13.002 12.977 10.587 10.187 9.608 8.791 9.347 8.464
-999.250 -999.250 -999.250 -999.250 -999.250 -999.250 -999.250 -999.250 -999.250 -999.250 -999.250 -999.250 -999.250 -999.250 -999.250 -999.250 -999.250 -999.250 -999.250 -999.250 -999.250 -999.250 -999.250 -999.250 -999.250 -999.250 -999.250 -999.250 -999.250 -999.250 -999.250 -999.250 -999.250 -999.250 5.139 2.987 3.839 4.256 6.990 2.511 3.708 2.828 4.315 7.809 10.297 16.091 22.609 18.830 20.751 19.841 21.214 27.434 42.608 69.182 61.484 53.567 30.883 20.114 18.212 17.194 15.049 10.452 12.228 8.758 7.931 8.259 9.669 9.588 9.083
-999.250 -999.250 -999.250 -999.250 -999.250 -999.250 -999.250 -999.250 -999.250 -999.250 -999.250 -999.250 -999.250 -999.250 -999.250 -999.250 -999.250 -999.250 -999.250 -999.250 -999.250 -999.250 -999.250 -999.250 -999.250 -999.250 -999.250 -999.250 -999.250 -999.250 -999.250 -999.250 -999.250 -999.250 4.397 3.850 4.957 5.747 4.004 3.750 4.993 4.269 2.639 5.469 9.834 11.099 16.907 19.461 22.686 20.331 26.442 20.120 28.208 45.582 58.648 58.749 49.631 28.711 17.583 14.471 11.960 7.805 8.307 9.413 6.296 10.694 10.625 9.921 9.544
-999.250 -999.250 -999.250 -999.250 -999.250 -999.250 -999.250 -999.250 -999.250 -999.250 -999.250 -999.250 -999.250 -999.250 -999.250 -999.250 -999.250 -999.250 -999.250 -999.250 -999.250 -999.250 -999.250 -999.250 -999.250 -999.250 -999.250 -999.250 -999.250 -999.250 -999.250 -999.250 -999.250 -999.250 6.934 4.870 5.441 7.864 5.687 3.938 5.969 4.906 4.082 6.862 8.364 14.758 15.255 19.097 18.962 17.161 15.769 23.317 36.700 64.046 96.246 71.703 43.411 27.018 21.296 16.495 12.024 8.316 5.571 6.382 7.610 10.326 8.996 9.623 9.324
-999.250 -999.250 -999.250 -999.250 -999.250 -999.250 -999.250 -999.250 -999.250 -999.250 -999.250 -999.250 -999.250 -999.250 -999.250 -999.250 -999.250 -999.250 -999.250 -999.250 -999.250 -999.250 -999.250 -999.250 -999.250 -999.250 -999.250 -999.250 -999.250 -999.250 -999.250 -999.250 -999.250 -999.250 -999.250 6.321 7.157 9.014 10.395 10.349 6.853 6.718 6.267 7.976 10.500 12.326 11.619 16.608 22.616 20.358 22.884 28.838 34.800 52.607 64.177 45.872 35.640 24.671 22.093 14.528 10.109 8.469 7.520 4.257 6.932 10.419 10.430 9.141 8.707
-999.250 -999.250 -999.250 -999.250 -999.250 -999.250 -999.250 -999.250 -999.250 -999.250 -999.250 -999.250 -999.250 -999.250 -999.250 -999.250 -999.250 -999.250 -999.250 -999.250 -999.250 -999.250 -999.250 -999.250 -999.250 -999.250 -999.250 -999.250 -999.250 -999.250 -999.250 -999.250 -999.250 -999.250 -999.250 7.989 10.429 14.147 10.414 11.776 10.454 6.050 7.788 7.797 8.907 10.869 12.966 16.758 19.046 20.352 23.175 27.693 30.520 38.063 46.497 31.057 27.506 20.506 17.727 13.955 10.878 8.804 9.179 10.650 10.102 11.244 7.407 9.161 5.906
-999.250 -999.250 -999.250 -999.250 -999.250 -999.250 -999.250 -999.250 -999.250 -999.250 -999.250 -999.250 -999.250 -999.250 -999.250 -999.250 -999.250 -999.250 -999.250 -999.250 -999.250 -999.250 -999.250 -999.250 -999.250 -999.250 -999.250 -999.250 -999.250 -999.250 -999.250 -999.250 -999.250 -999.250 -999.250 9.874 10.588 9.861 11.600 21.587 11.915 7.133 7.535 4.377 7.666 7.792 10.456 10.744 15.173 17.735 18.643 19.895 26.145 24.285 26.725 28.928 19.484 13.392 13.508 11.395 8.734 7.607 9.470 9.956 10.407 8.394 6.641 10.224 9.195
-999.250 -999.250 -999.250 -999.250 -999.250 -999.250 -999.250 -999.250 -999.250 -999.250 -999.250 -999.250 -999.250 -999.250 -999.250 -999.250 -999.250 -999.250 -999.250 -999.250 -999.250 -999.250 -999.250 -999.250 -999.250 -999.250 -999.250 -999.250 -999.250 -999.250 -999.250 -999.250 -999.250 -999.250 -999.250 8.167 11.086 12.233 16.538 12.428 9.520 6.566 7.184 4.678 6.723 7.859 7.167 7.992 10.647 10.623 13.856 15.051 18.651 15.885 18.197 17.646 21.951 11.502 10.988 9.516 5.622 6.057 9.006 9.483 8.762 7.515 10.927 12.128 11.506
-999.250 -999.250 -999.250 -999.250 -999.250 -999.250 -999.250 -999.250 -999.250 -999.250 -999.250 -999.250 -999.250 -999.250 -999.250 -999.250 -999.250 -999.250 -999.250 -999.250 -999.250 -999.250 -999.250 -999.250 -999.250 -999.250 -999.250 -999.250 -999.250 -999.250 -999.250 -999.250 -999.250 -999.250 -999.250 10.602 7.882 12.116 10.648 5.951 6.476 3.254 5.235 4.344 5.004 8.299 9.923 4.342 7.122 10.457 6.600 10.394 16.413 14.383 17.442 20.830 16.521 11.644 6.715 4.718 5.941 5.907 8.225 9.467 11.278 11.732 12.523 15.385 12.570
-999.250 -999.250 -999.250 -999.250 -999.250 -999.250 -999.250 -999.250 -999.250 -999.250 -999.250 -999.250 -999.250 -999.250 -999.250 -999.250 -999.250 -999.250 -999.250 -999.250 -999.250 -999.250 -999.250 -999.250 -999.250 -999.250 -999.250 -999.250 -999.250 -999.250 -999.250 -999.250 -999.250 -999.250 -999.250 -999.250 8.253 7.343 4.548 6.163 6.150 4.920 4.810 8.336 6.508 5.857 8.326 4.173 6.518 5.399 6.011 8.468 17.199 13.065 15.571 19.665 16.214 8.249 4.628 3.884 4.043 5.776 5.806 9.099 14.286 16.898 14.851 17.179 9.165
-999.250 -999.250 -999.250 -999.250 -999.250 -999.250 -999.250 -999.250 -999.250 -999.250 -999.250 -999.250 -999.250 -999.250 -999.250 -999.250 -999.250 -999.250 -999.250 -999.250 -999.250 -999.250 -999.250 -999.250 -999.250 -999.250 -999.250 -999.250 -999.250 -999.250 -999.250 -999.250 -999.250 -999.250 -999.250 -999.250 7.970 5.794 5.901 12.003 7.913 5.950 8.326 12.049 7.196 5.918 6.851 6.972 4.996 5.754 6.968 8.382 9.937 12.801 14.052 15.560 8.885 7.472 3.018 4.814 5.455 10.546 10.417 14.587 14.229 23.344 27.134 23.451 12.007
-999.250 -999.250 -999.250 -999.250 -999.250 -999.250 -999.250 -999.250 -999.250 -999.250 -999.250 -999.250 -999.250 -999.250 -999.250 -999.250 -999.250 -999.250 -999.250 -999.250 -999.250 -999.250 -999.250 -999.250 -999.250 -999.250 -999.250 -999.250 -999.250 -999.250 -999.250 -999.250 -999.250 -999.250 -999.250 -999.250 -999.250 3.194 6.479 9.730 7.562 7.688 6.839 6.983 4.717 5.192 6.463 4.655 7.385 8.752 7.842 7.318 9.528 10.461 11.258 12.255 13.286 8.558 7.632 8.463 8.575 13.069 13.743 10.854 14.340 23.605 48.005 25.064 11.635
-999.250 -999.250 -999.250 -999.250 -999.250 -999.250 -999.250 -999.250 -999.250 -999.250 -999.250 -999.250 -999.250 -999.250 -999.250 -999.250 -999.250 -999.250 -999.250 -999.250 -999.250 -999.250 -999.250 -999.250 -999.250 -999.250 -999.250 -999.250 -999.250 -999.250 -999.250 -999.250 -999.250 -999.250 -999.250 -999.250 -999.250 4.382 6.790 9.454 9.528 8.912 6.511 4.387 4.158 5.434 3.852 5.509 7.343 9.248 9.599 10.134 11.167 8.263 8.595 9.627 9.860 10.765 9.942 10.267 12.611 14.954 11.311 9.198 16.870 22.853 26.892 15.623 3.848
-999.250 -999.250 -999.250 -999.250 -999.250 -999.250 -999.250 -999.250 -999.250 -999.250 -999.250 -999.250 -999.250 -999.250 -999.250 -999.250 -999.250 -999.250 -999.250 -999.250 -999.250 -999.250 -999.250 -999.250 -999.250 -999.250 -999.250 -999.250 -999.250 -999.250 -999.250 -999.250 -999.250 -999.250 -999.250 -999.250 -999.250 6.720 7.999 12.605 16.308 9.149 8.768 7.415 6.995 6.573 4.245 7.863 6.766 5.820 7.348 5.243 5.667 7.981 7.655 10.400 10.732 10.134 9.938 13.998 15.269 13.367 10.732 14.601 16.306 17.602 13.858 6.661 0.000
-999.250 -999.250 -999.250 -999.250 -999.250 -999.250 -999.250 -999.250 -999.250 -999.250 -999.250 -999.250 -999.250 -999.250 -999.250 -999.250 -999.250 -999.250 -999.250 -999.250 -999.250 -999.250 -999.250 -999.250 -999.250 -999.250 -999.250 -999.250 -999.250 -999.250 -999.250 -999.250 -999.250 -999.250 -999.250 -999.250 -999.250 7.167 10.535 11.639 14.155 11.377 13.350 9.484 9.155 6.377 8.588 7.708 6.079 5.764 9.114 9.216 7.660 6.717 7.901 8.475 9.055 9.313 10.857 13.317 14.431 13.950 13.643 12.454 10.446 11.611 4.258 0.310 0.000
-999.250 -999.250 -999.250 -999.250 -999.250 -999.250 -999.250 -999.250 -999.250 -999.250 -999.250 -999.250 -999.250 -999.250 -999.250 -999.250 -999.250 -999.250 -999.250 -999.250 -999.250 -999.250 -999.250 -999.250 -999.250 -999.250 -999.250 -999.250 -999.250 -999.250 -999.250 -999.250 -999.250 -999.250 -999.250 -999.250 -999.250 -999.250 7.497 9.629 10.895 15.243 11.611 9.538 8.863 8.741 8.772 7.879 7.345 8.072 5.354 6.087 1.886 0.000 4.501 5.036 8.126 13.145 16.183 20.902 16.823 11.774 10.177 10.631 10.739 7.294 6.805 2.360 0.000
-999.250 -999.250 -999.250 -999.250 -999.250 -999.250 -999.250 -999.250 -999.250 -999.250 -999.250 -999.250 -999.250 -999.250 -999.250 -999.250 -999.250 -999.250 -999.250 -999.250 -999.250 -999.250 -999.250 -999.250 -999.250 -999.250 -999.250 -999.250 -999.250 -999.250 -999.250 -999.250 -999.250 -999.250 -999.250 -999.250 -999.250 -999.250 11.227 10.751 8.551 10.843 10.270 12.156 11.844 8.907 7.269 6.279 8.191 7.339 8.373 4.632 0.000 0.000 0.000 6.107 14.141 18.742 27.406 14.400 13.322 11.288 11.607 9.895 8.485 7.740 7.483 3.839 2.621
-999.250 -999.250 -999.250 -999.250 -999.250 -999.250 -999.250 -999.250 -999.250 -999.250 -999.250 -999.250 -999.250 -999.250 -999.250 -999.250 -999.250 -999.250 -999.250 -999.250 -999.250 -999.250 -999.250 -999.250 -999.250 -999.250 -999.250 -999.250 -999.250 -999.250 -999.250 -999.250 -999.250 -999.250 -999.250 -999.250 -999.250 -999.250 11.625 11.372 11.695 8.562 8.456 10.245 10.329 8.691 11.436 4.617 5.920 4.923 5.453 3.404 0.803 0.000 2.010 7.008 11.994 13.428 16.950 13.894 8.882 11.985 13.153 11.142 9.302 7.416 4.014 3.360 3.841
