data/medianmodel_16-Oct-2020.asc
ncols	141
nrows	288
xllcorner	-120191.398
yllcorner	-301404.813
cellsize	2000.000
NODATA_value	-999.250
[rows 240 to 269 of 288, columns 0 to 66 of 141]
-999.250 -999.250 -999.250 -999.250 -999.250 -999.250 -999.250 -999.250 -999.250 -999.250 -999.250 -999.250 -999.250 -999.250 -999.250 -999.250 -999.250 -999.250 -999.250 -999.250 -999.250 -999.250 -999.250 -999.250 -999.250 -999.250 -999.250 -999.250 -999.250 -999.250 38.786 48.945 42.617 52.762 51.792 43.855 43.909 47.354 52.021 47.369 48.354 58.310 53.104 57.777 58.721 58.938 55.533 42.999 35.364 38.724 40.051 28.406 31.354 22.108 22.236 20.081 12.618 13.293 12.267 15.140 17.016 20.822 32.861 42.808 44.128 55.069 64.747
-999.250 -999.250 -999.250 -999.250 -999.250 -999.250 -999.250 -999.250 -999.250 -999.250 -999.250 -999.250 -999.250 -999.250 -999.250 -999.250 -999.250 -999.250 -999.250 -999.250 -999.250 -999.250 -999.250 -999.250 -999.250 -999.250 -999.250 -999.250 -999.250 -999.250 38.796 57.339 61.875 65.984 66.651 47.096 51.376 48.678 60.777 59.893 56.834 62.053 60.670 62.451 61.177 58.439 53.348 50.693 36.722 36.834 33.532 31.233 26.356 19.319 23.166 18.848 17.837 14.172 13.621 12.895 15.449 17.203 34.360 36.396 44.648 46.009 55.832
-999.250 -999.250 -999.250 -999.250 -999.250 -999.250 -999.250 -999.250 -999.250 -999.250 -999.250 -999.250 -999.250 -999.250 -999.250 -999.250 -999.250 -999.250 -999.250 -999.250 -999.250 -999.250 -999.250 -999.250 -999.250 -999.250 -999.250 -999.250 -999.250 -999.250 49.184 55.956 65.803 75.590 60.765 57.773 57.088 56.083 62.234 69.104 69.230 73.185 68.311 58.532 69.987 61.574 52.657 46.707 36.319 45.534 35.368 24.776 17.974 15.662 14.185 13.145 12.533 9.748 9.207 13.123 11.672 20.402 21.894 36.128 38.837 39.138 50.587
-999.250 -999.250 -999.250 -999.250 -999.250 -999.250 -999.250 -999.250 -999.250 -999.250 -999.250 -999.250 -999.250 -999.250 -999.250 -999.250 -999.250 -999.250 -999.250 -999.250 -999.250 -999.250 -999.250 -999.250 -999.250 -999.250 -999.250 -999.250 -999.250 -999.250 49.369 62.552 57.045 70.987 73.330 68.886 65.343 63.974 62.308 62.295 68.760 73.411 74.252 73.027 71.332 73.219 62.104 47.602 40.537 39.445 34.888 22.592 17.450 18.708 12.469 12.061 10.769 7.214 10.919 8.041 11.754 13.641 21.533 29.706 33.730 38.400 50.476
-999.250 -999.250 -999.250 -999.250 -999.250 -999.250 -999.250 -999.250 -999.250 -999.250 -999.250 -999.250 -999.250 -999.250 -999.250 -999.250 -999.250 -999.250 -999.250 -999.250 -999.250 -999.250 -999.250 -999.250 -999.250 -999.250 -999.250 -999.250 -999.250 -999.250 64.182 59.071 63.861 69.934 74.909 79.120 80.117 73.679 73.148 73.992 75.128 69.475 66.212 67.174 63.603 68.858 67.372 45.903 42.493 35.631 29.152 22.101 13.654 10.069 8.468 12.243 9.861 10.603 4.116 3.025 5.743 6.844 16.944 24.423 35.879 37.458 40.042
-999.250 -999.250 -999.250 -999.250 -999.250 -999.250 -999.250 -999.250 -999.250 -999.250 -999.250 -999.250 -999.250 -999.250 -999.250 -999.250 -999.250 -999.250 -999.250 -999.250 -999.250 -999.250 -999.250 -999.250 -999.250 -999.250 -999.250 -999.250 -999.250 -999.250 -999.250 61.302 70.897 84.280 91.358 80.980 86.673 94.507 97.743 83.618 71.125 83.740 80.344 69.058 68.719 67.453 54.540 46.378 37.629 37.767 30.560 23.667 16.309 14.944 5.925 6.878 5.800 4.666 4.037 4.738 0.000 0.000 11.415 24.475 38.028 38.596 47.517
-999.250 -999.250 -999.250 -999.250 -999.250 -999.250 -999.250 -999.250 -999.250 -999.250 -999.250 -999.250 -999.250 -999.250 -999.250 -999.250 -999.250 -999.250 -999.250 -999.250 -999.250 -999.250 -999.250 -999.250 -999.250 -999.250 -999.250 -999.250 -999.250 -999.250 -999.250 79.547 83.320 87.580 98.000 91.449 107.788 92.000 102.350 104.842 94.938 101.834 96.238 76.605 72.389 68.507 56.929 43.763 40.386 32.371 26.366 22.017 20.470 11.049 8.889 6.151 6.161 2.879 2.559 0.000 0.000 3.831 12.925 28.999 34.687 43.149 47.041
-999.250 -999.250 -999.250 -999.250 -999.250 -999.250 -999.250 -999.250 -999.250 -999.250 -999.250 -999.250 -999.250 -999.250 -999.250 -999.250 -999.250 -999.250 -999.250 -999.250 -999.250 -999.250 -999.250 -999.250 -999.250 -999.250 -999.250 -999.250 -999.250 -999.250 85.952 92.683 91.503 91.760 86.831 96.079 113.673 113.469 116.923 119.456 117.024 114.274 97.146 88.117 72.783 77.192 59.899 47.209 36.161 37.232 27.089 24.067 17.952 13.071 9.552 4.768 4.227 1.448 3.825 4.170 9.820 9.196 14.006 19.893 35.407 45.744 50.733
-999.250 -999.250 -999.250 -999.250 -999.250 -999.250 -999.250 -999.250 -999.250 -999.250 -999.250 -999.250 -999.250 -999.250 -999.250 -999.250 -999.250 -999.250 -999.250 -999.250 -999.250 -999.250 -999.250 -999.250 -999.250 -999.250 -999.250 -999.250 -999.250 -999.250 70.898 96.839 92.723 98.656 107.420 123.077 122.680 147.913 148.614 150.489 138.863 111.650 122.275 96.340 102.266 83.933 64.651 60.506 46.848 37.769 30.016 33.067 23.530 13.312 5.235 0.000 0.991 5.518 2.213 6.511 10.189 12.207 20.390 24.370 35.743 44.717 49.890
-999.250 -999.250 -999.250 -999.250 -999.250 -999.250 -999.250 -999.250 -999.250 -999.250 -999.250 -999.250 -999.250 -999.250 -999.250 -999.250 -999.250 -999.250 -999.250 -999.250 -999.250 -999.250 -999.250 -999.250 -999.250 -999.250 -999.250 -999.250 -999.250 -999.250 84.846 92.026 77.478 99.119 115.911 128.329 129.341 151.206 159.821 169.640 149.615 144.146 137.703 139.519 98.863 76.320 70.577 58.193 48.176 41.180 31.439 35.757 27.641 17.745 8.618 0.000 0.000 5.547 3.162 7.490 8.363 15.847 16.321 30.609 36.735 52.963 48.145
-999.250 -999.250 -999.250 -999.250 -999.250 -999.250 -999.250 -999.250 -999.250 -999.250 -999.250 -999.250 -999.250 -999.250 -999.250 -999.250 -999.250 -999.250 -999.250 -999.250 -999.250 -999.250 -999.250 -999.250 -999.250 -999.250 -999.250 -999.250 -999.250 -999.250 82.821 82.440 103.901 111.227 120.660 140.435 143.392 144.701 155.666 164.417 161.859 151.120 127.514 118.524 106.228 96.557 66.737 56.084 49.129 44.564 36.152 37.555 27.366 20.619 13.267 6.200 1.588 9.243 7.091 11.444 12.213 19.931 21.833 32.199 38.979 46.392 54.357
-999.250 -999.250 -999.250 -999.250 -999.250 -999.250 -999.250 -999.250 -999.250 -999.250 -999.250 -999.250 -999.250 -999.250 -999.250 -999.250 -999.250 -999.250 -999.250 -999.250 -999.250 -999.250 -999.250 -999.250 -999.250 -999.250 -999.250 -999.250 -999.250 -999.250 74.304 90.424 108.267 125.475 131.149 138.826 141.399 159.312 169.311 169.923 162.037 140.562 119.441 115.740 106.693 81.312 77.715 63.544 52.320 47.015 43.477 40.046 36.401 23.300 18.466 12.599 8.754 10.427 8.778 11.793 15.288 17.812 24.267 27.852 32.922 35.968 45.457
-999.250 -999.250 -999.250 -999.250 -999.250 -999.250 -999.250 -999.250 -999.250 -999.250 -999.250 -999.250 -999.250 -999.250 -999.250 -999.250 -999.250 -999.250 -999.250 -999.250 -999.250 -999.250 -999.250 -999.250 -999.250 -999.250 -999.250 -999.250 -999.250 62.225 69.764 83.576 101.909 107.114 121.533 117.963 140.644 139.388 156.065 157.750 153.747 133.668 124.077 110.876 86.570 76.318 73.162 59.426 51.726 46.386 42.648 45.801 36.354 25.097 21.945 13.042 18.646 15.391 15.249 14.443 17.759 17.046 18.733 21.355 32.479 36.484 39.607
-999.250 -999.250 -999.250 -999.250 -999.250 -999.250 -999.250 -999.250 -999.250 -999.250 -999.250 -999.250 -999.250 -999.250 -999.250 -999.250 -999.250 -999.250 -999.250 -999.250 -999.250 -999.250 -999.250 -999.250 -999.250 -999.250 -999.250 -999.250 -999.250 -999.250 62.163 78.054 77.965 108.362 111.444 116.946 114.285 127.670 137.583 134.381 129.721 132.907 110.498 96.437 100.073 65.359 72.527 69.748 60.154 55.753 41.745 42.180 34.114 27.582 22.629 19.782 19.756 17.118 17.817 14.090 18.407 15.879 14.411 19.809 28.231 33.448 38.054
-999.250 -999.250 -999.250 -999.250 -999.250 -999.250 -999.250 -999.250 -999.250 -999.250 -999.250 -999.250 -999.250 -999.250 -999.250 -999.250 -999.250 -999.250 -999.250 -999.250 -999.250 -999.250 -999.250 -999.250 -999.250 -999.250 -999.250 -999.250 -999.250 -999.250 69.248 81.672 89.427 114.644 120.109 125.403 116.713 117.165 115.713 119.583 117.773 117.281 104.677 106.242 85.415 76.340 72.794 70.541 55.913 49.041 46.458 48.172 36.509 33.618 30.890 26.995 21.996 25.680 21.677 17.604 13.248 15.992 16.959 16.882 20.869 29.654 34.273
-999.250 -999.250 -999.250 -999.250 -999.250 -999.250 -999.250 -999.250 -999.250 -999.250 -999.250 -999.250 -999.250 -999.250 -999.250 -999.250 -999.250 -999.250 -999.250 -999.250 -999.250 -999.250 -999.250 -999.250 -999.250 -999.250 -999.250 -999.250 -999.250 -999.250 -999.250 98.287 80.920 88.155 95.126 103.309 108.762 112.036 107.169 124.651 125.949 106.802 107.787 116.179 91.145 77.217 75.771 54.043 46.640 49.252 44.820 49.102 39.303 37.642 31.757 32.506 24.652 28.298 26.681 16.719 13.685 19.784 17.011 19.574 19.051 26.784 25.221
-999.250 -999.250 -999.250 -999.250 -999.250 -999.250 -999.250 -999.250 -999.250 -999.250 -999.250 -999.250 -999.250 -999.250 -999.250 -999.250 -999.250 -999.250 -999.250 -999.250 -999.250 -999.250 -999.250 -999.250 -999.250 -999.250 -999.250 -999.250 -999.250 -999.250 -999.250 71.303 76.777 77.618 87.870 87.359 89.318 85.329 103.636 116.984 109.976 106.947 104.522 93.006 75.955 77.688 67.013 70.661 56.174 52.787 51.802 47.272 41.752 43.627 39.923 33.225 32.293 32.062 25.308 16.270 14.504 18.862 19.995 18.109 17.842 22.697 26.483
-999.250 -999.250 -999.250 -999.250 -999.250 -999.250 -999.250 -999.250 -999.250 -999.250 -999.250 -999.250 -999.250 -999.250 -999.250 -999.250 -999.250 -999.250 -999.250 -999.250 -999.250 -999.250 -999.250 -999.250 -999.250 -999.250 -999.250 -999.250 -999.250 -999.250 81.184 69.043 76.217 77.948 89.657 82.922 83.170 84.275 101.026 106.598 95.381 79.995 72.385 73.858 69.672 80.763 71.711 52.926 66.771 54.801 51.982 45.813 49.472 41.766 43.052 38.281 35.850 33.689 26.387 22.221 15.785 17.494 20.637 17.367 14.870 19.696 29.188
-999.250 -999.250 -999.250 -999.250 -999.250 -999.250 -999.250 -999.250 -999.250 -999.250 -999.250 -999.250 -999.250 -999.250 -999.250 -999.250 -999.250 -999.250 -999.250 -999.250 -999.250 -999.250 -999.250 -999.250 -999.250 -999.250 -999.250 -999.250 -999.250 -999.250 67.578 69.810 83.730 74.577 73.859 85.637 80.855 81.622 84.742 91.968 79.212 85.075 86.865 66.008 69.700 64.578 52.949 53.696 62.472 53.897 62.326 57.171 52.691 54.471 45.926 40.577 38.960 36.601 29.442 32.948 30.820 22.914 23.667 24.443 21.857 25.747 41.131
-999.250 -999.250 -999.250 -999.250 -999.250 -999.250 -999.250 -999.250 -999.250 -999.250 -999.250 -999.250 -999.250 -999.250 -999.250 -999.250 -999.250 -999.250 -999.250 -999.250 -999.250 -999.250 -999.250 -999.250 -999.250 -999.250 -999.250 -999.250 -999.250 -999.250 58.005 76.281 68.689 66.312 78.800 79.960 72.891 82.460 82.764 85.474 78.221 72.578 63.107 65.142 66.847 63.897 59.364 51.034 65.015 64.156 57.695 63.900 70.943 59.032 51.700 46.511 47.008 40.716 38.288 34.143 36.868 34.703 29.241 28.580 24.470 36.758 46.408
-999.250 -999.250 -999.250 -999.250 -999.250 -999.250 -999.250 -999.250 -999.250 -999.250 -999.250 -999.250 -999.250 -999.250 -999.250 -999.250 -999.250 -999.250 -999.250 -999.250 -999.250 -999.250 -999.250 -999.250 -999.250 -999.250 -999.250 -999.250 -999.250 -999.250 60.269 55.420 58.310 52.963 62.977 64.402 68.404 73.316 76.325 76.625 72.323 62.193 64.310 55.876 60.544 55.632 49.587 45.517 53.873 55.351 56.455 75.611 63.343 62.184 59.816 46.511 51.478 51.505 37.219 37.349 33.468 35.854 41.730 39.530 34.941 35.648 44.431
-999.250 -999.250 -999.250 -999.250 -999.250 -999.250 -999.250 -999.250 -999.250 -999.250 -999.250 -999.250 -999.250 -999.250 -999.250 -999.250 -999.250 -999.250 -999.250 -999.250 -999.250 -999.250 -999.250 -999.250 -999.250 -999.250 -999.250 -999.250 -999.250 -999.250 46.655 49.889 47.179 59.758 60.475 65.791 67.066 70.288 66.190 68.320 65.050 58.536 59.714 59.929 54.753 55.773 52.743 49.165 44.567 55.572 69.261 67.132 68.462 59.399 65.047 50.737 49.079 51.713 48.648 49.141 41.625 38.039 38.623 37.349 40.507 40.436 52.059
-999.250 -999.250 -999.250 -999.250 -999.250 -999.250 -999.250 -999.250 -999.250 -999.250 -999.250 -999.250 -999.250 -999.250 -999.250 -999.250 -999.250 -999.250 -999.250 -999.250 -999.250 -999.250 -999.250 -999.250 -999.250 -999.250 -999.250 -999.250 -999.250 -999.250 40.958 46.369 41.618 43.872 46.117 58.992 56.318 50.276 56.999 62.675 61.452 60.068 56.761 51.118 52.203 52.342 62.017 53.260 48.244 54.814 66.114 60.820 64.844 69.758 58.736 58.953 54.229 51.120 47.042 53.223 43.737 45.727 51.150 45.040 54.709 47.805 54.565
-999.250 -999.250 -999.250 -999.250 -999.250 -999.250 -999.250 -999.250 -999.250 -999.250 -999.250 -999.250 -999.250 -999.250 -999.250 -999.250 -999.250 -999.250 -999.250 -999.250 -999.250 -999.250 -999.250 -999.250 -999.250 -999.250 -999.250 -999.250 -999.250 40.520 38.426 36.515 36.278 38.567 40.001 43.662 44.940 44.726 52.680 56.846 53.738 52.777 57.074 53.358 46.863 47.222 45.276 50.795 48.289 63.324 62.198 70.544 70.782 57.550 56.575 55.216 54.942 52.717 51.203 44.895 56.242 54.117 46.776 56.044 52.341 55.567 55.356
-999.250 -999.250 -999.250 -999.250 -999.250 -999.250 -999.250 -999.250 -999.250 -999.250 -999.250 -999.250 -999.250 -999.250 -999.250 -999.250 -999.250 -999.250 -999.250 -999.250 -999.250 -999.250 -999.250 -999.250 -999.250 -999.250 -999.250 -999.250 -999.250 30.802 33.468 31.798 31.807 31.299 36.183 39.212 40.788 43.898 44.718 44.061 52.414 50.124 47.370 50.246 53.510 45.506 46.809 44.531 50.823 56.215 64.054 60.823 63.800 56.830 53.770 49.121 52.515 45.938 53.864 49.572 59.980 58.804 48.938 52.373 51.637 54.427 61.427
-999.250 -999.250 -999.250 -999.250 -999.250 -999.250 -999.250 -999.250 -999.250 -999.250 -999.250 -999.250 -999.250 -999.250 -999.250 -999.250 -999.250 -999.250 -999.250 -999.250 -999.250 -999.250 -999.250 -999.250 -999.250 -999.250 -999.250 -999.250 34.248 26.579 23.398 19.955 23.146 28.108 25.627 30.661 31.024 40.544 45.383 51.657 48.902 47.282 44.688 46.748 47.278 42.766 42.059 42.937 36.001 46.530 48.905 57.144 52.504 53.900 54.021 53.623 52.476 60.608 55.462 58.975 55.014 53.046 50.870 60.393 54.155 61.262 64.560
-999.250 -999.250 -999.250 -999.250 -999.250 -999.250 -999.250 -999.250 -999.250 -999.250 -999.250 -999.250 -999.250 -999.250 -999.250 -999.250 -999.250 -999.250 -999.250 -999.250 -999.250 -999.250 -999.250 -999.250 -999.250 -999.250 -999.250 -999.250 28.684 25.699 20.267 19.306 20.917 17.611 19.428 27.799 33.150 42.505 41.348 48.464 45.518 44.241 40.358 43.655 41.181 42.921 45.804 39.013 40.508 53.274 52.661 54.992 60.986 49.886 52.975 55.808 57.925 57.184 72.550 61.176 51.389 46.493 51.970 51.385 55.134 63.675 64.804
-999.250 -999.250 -999.250 -999.250 -999.250 -999.250 -999.250 -999.250 -999.250 -999.250 -999.250 -999.250 -999.250 -999.250 -999.250 -999.250 -999.250 -999.250 -999.250 -999.250 -999.250 -999.250 -999.250 -999.250 -999.250 -999.250 -999.250 30.716 28.049 20.123 16.428 18.862 17.550 18.992 17.639 26.259 32.392 38.193 42.069 43.225 39.393 41.798 46.952 45.246 40.833 36.784 43.979 42.649 43.198 44.951 43.516 55.995 61.493 46.872 52.315 56.236 56.825 58.914 68.169 62.439 69.093 63.347 66.988 64.446 62.003 62.389 68.306
-999.250 -999.250 -999.250 -999.250 -999.250 -999.250 -999.250 -999.250 -999.250 -999.250 -999.250 -999.250 -999.250 -999.250 -999.250 -999.250 -999.250 -999.250 -999.250 -999.250 -999.250 -999.250 -999.250 -999.250 -999.250 -999.250 -999.250 37.153 33.715 22.822 17.876 20.907 20.203 25.818 25.405 29.643 33.747 45.028 42.191 44.396 40.704 38.623 45.400 37.069 38.123 38.756 35.638 39.337 42.804 42.404 50.785 50.887 51.516 46.970 58.909 58.142 54.989 77.487 68.030 72.402 68.723 65.740 66.867 67.728 65.214 62.224 62.255
-999.250 -999.250 -999.250 -999.250 -999.250 -999.250 -999.250 -999.250 -999.250 -999.250 -999.250 -999.250 -999.250 -999.250 -999.250 -999.250 -999.250 -999.250 -999.250 -999.250 -999.250 -999.250 -999.250 -999.250 -999.250 -999.250 -999.250 40.258 35.106 30.682 27.523 26.768 31.317 29.255 29.087 34.080 38.557 42.069 43.118 43.996 43.334 44.353 38.705 35.967 37.343 39.116 42.475 40.013 38.467 39.192 47.046 45.563 47.219 52.144 56.016 67.737 71.190 77.476 74.400 77.053 76.046 76.632 80.198 79.935 68.610 69.636 74.439
