data/medianmodel_26-Mar-2020.asc
ncols	141
nrows	288
xllcorner	-120191.398
yllcorner	-301404.813
cellsize	2000.000
NODATA_value	-999.250
[rows 93 to 123 of 288, columns 70 to 139 of 141]
8.695 11.162 11.514 8.674 8.760 9.037 9.265 7.984 10.160 9.572 8.527 7.246 6.559 5.444 3.983 5.808 5.261 4.476 5.499 4.885 6.213 4.326 3.910 5.854 4.497 6.964 7.676 6.958 6.268 6.864 7.484 8.284 8.599 9.111 8.625 9.781 9.110 9.201 11.451 10.132 7.920 6.983 8.451 6.823 -999.250 -999.250 -999.250 -999.250 -999.250 -999.250 -999.250 -999.250 -999.250 -999.250 -999.250 -999.250 -999.250 -999.250 -999.250 -999.250 -999.250 -999.250 -999.250 -999.250 -999.250 -999.250 -999.250 -999.250 -999.250 -999.250
9.868 9.704 11.321 7.267 8.692 9.003 8.389 10.273 10.477 8.374 7.636 6.814 3.878 5.814 3.007 2.674 3.157 4.941 5.548 7.093 4.283 4.285 5.571 4.703 3.845 3.880 7.313 5.655 4.898 4.746 5.741 6.592 8.065 9.634 7.351 9.005 8.457 9.829 10.127 9.403 7.659 8.843 6.480 5.983 -999.250 -999.250 -999.250 -999.250 -999.250 -999.250 -999.250 -999.250 -999.250 -999.250 -999.250 -999.250 -999.250 -999.250 -999.250 -999.250 -999.250 -999.250 -999.250 -999.250 -999.250 -999.250 -999.250 -999.250 -999.250 -999.250
10.072 8.131 8.861 8.951 7.033 7.832 7.399 9.041 8.095 8.158 8.631 6.818 5.724 2.941 0.267 0.000 1.183 4.021 4.467 4.461 5.459 3.310 4.221 3.246 3.577 5.747 5.856 5.641 5.061 5.042 5.543 5.917 5.683 6.522 6.899 8.140 8.608 7.301 8.606 8.612 9.299 9.018 6.757 7.329 -999.250 -999.250 -999.250 -999.250 -999.250 -999.250 -999.250 -999.250 -999.250 -999.250 -999.250 -999.250 -999.250 -999.250 -999.250 -999.250 -999.250 -999.250 -999.250 -999.250 -999.250 -999.250 -999.250 -999.250 -999.250 -999.250
8.741 7.506 7.074 6.883 7.585 9.875 8.016 8.130 8.653 8.995 7.351 6.150 4.924 3.718 0.782 0.000 0.462 2.926 3.250 5.283 3.850 4.014 2.417 1.281 2.442 2.972 4.209 4.144 3.857 4.056 3.110 5.242 4.940 4.805 4.817 5.306 7.140 6.911 7.482 8.576 7.308 9.496 8.133 8.231 7.020 -999.250 -999.250 -999.250 -999.250 -999.250 -999.250 -999.250 -999.250 -999.250 -999.250 -999.250 -999.250 -999.250 -999.250 -999.250 -999.250 -999.250 -999.250 -999.250 -999.250 -999.250 -999.250 -999.250 -999.250 -999.250
6.251 5.314 5.031 6.780 7.235 7.765 8.564 9.250 10.362 9.508 7.261 6.040 4.402 1.888 0.710 0.338 2.495 3.492 3.780 3.519 2.387 2.328 0.163 0.732 3.219 2.503 3.274 3.316 5.329 3.260 4.514 5.594 4.086 5.226 6.368 4.787 6.610 6.015 7.351 10.195 8.031 7.727 6.107 4.583 5.981 6.061 -999.250 -999.250 -999.250 -999.250 -999.250 -999.250 -999.250 -999.250 -999.250 -999.250 -999.250 -999.250 -999.250 -999.250 -999.250 -999.250 -999.250 -999.250 -999.250 -999.250 -999.250 -999.250 -999.250 -999.250
3.833 3.200 1.717 4.148 4.127 7.053 7.731 8.540 11.055 8.976 6.461 3.969 3.778 2.876 1.881 1.256 1.754 1.674 2.159 2.996 1.654 2.113 0.000 0.000 1.782 1.679 2.091 3.648 6.009 3.722 4.961 4.625 2.529 1.864 1.035 3.625 3.877 6.131 7.329 6.361 7.504 6.744 6.047 6.612 6.726 5.411 5.971 -999.250 -999.250 -999.250 -999.250 -999.250 -999.250 -999.250 -999.250 -999.250 -999.250 -999.250 -999.250 -999.250 -999.250 -999.250 -999.250 -999.250 -999.250 -999.250 -999.250 -999.250 -999.250 -999.250
3.101 0.544 0.000 2.236 4.212 6.716 5.753 6.925 8.477 5.848 7.100 5.648 5.223 4.936 2.349 1.915 3.075 2.670 2.788 1.098 1.625 3.449 0.164 0.000 1.326 2.753 3.251 4.060 4.499 2.934 3.260 1.601 2.839 0.743 0.000 1.714 3.142 4.059 5.963 4.283 6.814 5.465 5.302 6.627 6.697 6.773 -999.250 -999.250 -999.250 -999.250 -999.250 -999.250 -999.250 -999.250 -999.250 -999.250 -999.250 -999.250 -999.250 -999.250 -999.250 -999.250 -999.250 -999.250 -999.250 -999.250 -999.250 -999.250 -999.250 -999.250
1.828 0.501 0.000 1.312 4.929 4.878 7.057 7.868 8.022 7.312 9.454 6.293 3.874 4.737 3.254 0.824 0.013 2.010 1.585 0.985 2.158 0.901 2.454 2.150 0.993 1.615 1.126 2.702 3.284 2.799 1.780 2.685 1.023 2.162 1.244 1.738 1.602 2.756 5.166 6.084 5.969 7.622 5.990 4.956 4.696 4.620 4.991 -999.250 -999.250 -999.250 -999.250 -999.250 -999.250 -999.250 -999.250 -999.250 -999.250 -999.250 -999.250 -999.250 -999.250 -999.250 -999.250 -999.250 -999.250 -999.250 -999.250 -999.250 -999.250 -999.250
4.078 2.334 2.587 1.804 4.855 6.510 5.890 5.522 6.658 5.445 7.620 6.662 4.093 3.774 1.727 0.328 1.790 0.005 1.127 1.731 0.635 2.288 3.045 3.062 1.243 1.811 1.551 2.175 3.298 3.236 1.274 1.051 2.373 2.742 4.625 3.201 3.613 2.943 7.475 8.241 7.527 6.313 3.738 6.311 3.436 -999.250 -999.250 -999.250 -999.250 -999.250 -999.250 -999.250 -999.250 -999.250 -999.250 -999.250 -999.250 -999.250 -999.250 -999.250 -999.250 -999.250 -999.250 -999.250 -999.250 -999.250 -999.250 -999.250 -999.250 -999.250
3.878 4.138 5.095 6.510 7.919 6.947 5.567 6.615 6.118 7.812 5.541 5.540 4.150 4.701 2.291 0.293 0.646 0.000 0.000 1.532 0.391 2.296 3.581 2.342 1.243 1.989 3.748 3.532 4.123 3.299 4.485 2.347 2.728 2.240 1.853 4.542 4.351 4.381 7.709 7.794 7.595 5.078 6.522 6.246 -999.250 -999.250 -999.250 -999.250 -999.250 -999.250 -999.250 -999.250 -999.250 -999.250 -999.250 -999.250 -999.250 -999.250 -999.250 -999.250 -999.250 -999.250 -999.250 -999.250 -999.250 -999.250 -999.250 -999.250 -999.250 -999.250
5.865 7.168 4.713 5.842 5.936 4.452 6.011 6.056 6.355 6.715 6.246 4.228 4.419 3.867 1.657 1.362 0.000 0.000 0.000 0.866 1.628 1.615 2.394 2.734 3.344 2.659 3.205 3.732 3.020 5.662 4.568 4.143 4.339 2.650 2.314 4.188 4.799 7.268 6.023 6.969 5.428 6.327 5.929 3.641 -999.250 -999.250 -999.250 -999.250 -999.250 -999.250 -999.250 -999.250 -999.250 -999.250 -999.250 -999.250 -999.250 -999.250 -999.250 -999.250 -999.250 -999.250 -999.250 -999.250 -999.250 -999.250 -999.250 -999.250 -999.250 -999.250
9.086 8.650 6.400 6.078 7.423 7.085 6.330 5.941 7.735 7.287 7.659 5.747 5.354 4.988 1.855 1.352 1.795 0.427 1.233 1.175 2.087 1.922 4.525 2.449 2.278 4.891 3.608 2.828 1.933 3.920 4.556 3.802 3.789 2.969 2.676 4.444 6.525 7.743 5.624 5.683 7.133 5.419 4.160 -999.250 -999.250 -999.250 -999.250 -999.250 -999.250 -999.250 -999.250 -999.250 -999.250 -999.250 -999.250 -999.250 -999.250 -999.250 -999.250 -999.250 -999.250 -999.250 -999.250 -999.250 -999.250 -999.250 -999.250 -999.250 -999.250 -999.250
10.386 9.504 7.806 7.135 8.775 8.197 7.373 8.625 8.969 7.615 6.932 4.804 5.218 3.557 4.181 4.343 2.896 2.969 2.838 3.119 3.086 3.667 5.694 6.693 5.354 5.053 4.700 3.999 3.763 2.043 3.768 2.194 1.704 3.105 1.961 3.671 6.314 4.882 4.993 -999.250 -999.250 -999.250 -999.250 -999.250 -999.250 -999.250 -999.250 -999.250 -999.250 -999.250 -999.250 -999.250 -999.250 -999.250 -999.250 -999.250 -999.250 -999.250 -999.250 -999.250 -999.250 -999.250 -999.250 -999.250 -999.250 -999.250 -999.250 -999.250 -999.250 -999.250
11.115 7.965 9.414 8.911 10.690 8.679 7.864 6.165 9.490 8.237 7.579 6.597 6.116 6.304 4.686 4.943 4.982 5.455 3.853 4.965 4.633 4.976 5.650 6.676 5.478 5.464 5.034 4.958 5.332 2.904 1.989 5.048 2.452 2.109 3.075 4.043 5.376 -999.250 -999.250 -999.250 -999.250 -999.250 -999.250 -999.250 -999.250 -999.250 -999.250 -999.250 -999.250 -999.250 -999.250 -999.250 -999.250 -999.250 -999.250 -999.250 -999.250 -999.250 -999.250 -999.250 -999.250 -999.250 -999.250 -999.250 -999.250 -999.250 -999.250 -999.250 -999.250 -999.250
11.109 8.987 9.815 9.802 9.024 9.349 6.650 7.077 8.099 7.564 8.761 6.606 5.799 5.291 5.671 4.363 4.526 3.575 3.451 5.119 5.532 4.363 6.196 5.560 7.073 7.614 5.614 5.332 4.636 3.446 3.996 3.009 2.192 0.868 1.705 1.847 3.383 -999.250 -999.250 -999.250 -999.250 -999.250 -999.250 -999.250 -999.250 -999.250 -999.250 -999.250 -999.250 -999.250 -999.250 -999.250 -999.250 -999.250 -999.250 -999.250 -999.250 -999.250 -999.250 -999.250 -999.250 -999.250 -999.250 -999.250 -999.250 -999.250 -999.250 -999.250 -999.250 -999.250
14.178 11.996 12.455 11.190 12.002 12.622 8.031 7.728 6.147 7.410 6.798 8.113 4.509 5.456 6.165 4.579 4.214 4.301 5.875 4.741 5.068 4.265 5.490 6.121 6.073 7.935 5.323 4.253 5.216 4.737 4.506 3.265 1.316 1.176 0.126 1.255 2.302 -999.250 -999.250 -999.250 -999.250 -999.250 -999.250 -999.250 -999.250 -999.250 -999.250 -999.250 -999.250 -999.250 -999.250 -999.250 -999.250 -999.250 -999.250 -999.250 -999.250 -999.250 -999.250 -999.250 -999.250 -999.250 -999.250 -999.250 -999.250 -999.250 -999.250 -999.250 -999.250 -999.250
15.040 14.382 14.272 14.729 12.896 12.438 9.930 9.636 9.524 10.678 8.067 8.639 7.764 5.728 7.318 6.114 4.823 4.810 4.512 5.931 4.774 5.978 6.007 6.036 5.323 5.457 7.728 7.500 3.558 6.688 6.075 4.757 1.879 0.000 0.728 2.561 3.399 -999.250 -999.250 -999.250 -999.250 -999.250 -999.250 -999.250 -999.250 -999.250 -999.250 -999.250 -999.250 -999.250 -999.250 -999.250 -999.250 -999.250 -999.250 -999.250 -999.250 -999.250 -999.250 -999.250 -999.250 -999.250 -999.250 -999.250 -999.250 -999.250 -999.250 -999.250 -999.250 -999.250
18.826 15.051 15.918 17.648 13.690 14.364 10.761 13.676 8.813 9.543 10.216 8.347 7.995 8.009 6.903 5.738 4.372 3.774 5.712 7.773 5.838 4.096 6.379 4.963 5.979 6.365 5.138 4.833 5.731 4.994 6.870 4.370 2.584 2.695 3.591 4.005 3.588 -999.250 -999.250 -999.250 -999.250 -999.250 -999.250 -999.250 -999.250 -999.250 -999.250 -999.250 -999.250 -999.250 -999.250 -999.250 -999.250 -999.250 -999.250 -999.250 -999.250 -999.250 -999.250 -999.250 -999.250 -999.250 -999.250 -999.250 -999.250 -999.250 -999.250 -999.250 -999.250 -999.250
18.159 17.739 17.141 16.375 15.139 14.142 9.002 11.098 10.651 10.443 11.199 8.744 10.219 8.073 7.364 5.833 4.074 6.194 5.457 7.362 9.067 4.561 7.221 5.599 6.465 5.537 5.664 6.827 4.178 4.735 5.505 6.212 5.054 5.444 4.983 3.973 3.727 -999.250 -999.250 -999.250 -999.250 -999.250 -999.250 -999.250 -999.250 -999.250 -999.250 -999.250 -999.250 -999.250 -999.250 -999.250 -999.250 -999.250 -999.250 -999.250 -999.250 -999.250 -999.250 -999.250 -999.250 -999.250 -999.250 -999.250 -999.250 -999.250 -999.250 -999.250 -999.250 -999.250
19.958 19.095 19.127 17.748 13.339 14.692 12.070 11.799 11.175 8.794 10.045 10.841 10.405 8.952 8.386 7.869 7.061 6.431 8.172 8.356 6.767 6.478 7.201 7.288 7.124 7.497 5.225 5.604 4.139 3.304 5.341 4.207 4.093 7.440 7.738 6.422 4.123 2.532 2.001 -999.250 -999.250 -999.250 -999.250 -999.250 -999.250 -999.250 -999.250 -999.250 -999.250 -999.250 -999.250 -999.250 -999.250 -999.250 -999.250 -999.250 -999.250 -999.250 -999.250 -999.250 -999.250 -999.250 -999.250 -999.250 -999.250 -999.250 -999.250 -999.250 -999.250 -999.250
24.771 19.526 19.301 14.444 14.745 14.281 14.055 10.096 10.007 12.004 11.880 11.137 10.013 8.246 8.762 7.913 6.979 6.894 8.839 7.385 7.686 7.081 7.081 6.554 7.872 8.884 5.876 3.120 3.036 4.993 6.424 5.155 8.201 7.204 6.479 5.346 5.778 2.001 3.364 3.715 2.897 -999.250 -999.250 -999.250 -999.250 -999.250 -999.250 -999.250 -999.250 -999.250 -999.250 -999.250 -999.250 -999.250 -999.250 -999.250 -999.250 -999.250 -999.250 -999.250 -999.250 -999.250 -999.250 -999.250 -999.250 -999.250 -999.250 -999.250 -999.250 -999.250
23.778 18.988 17.530 15.545 15.315 13.061 8.705 8.150 7.356 11.461 12.116 10.556 9.147 9.619 8.598 9.284 7.924 7.957 9.156 9.367 9.324 7.172 7.048 8.140 8.755 5.733 5.371 4.344 4.303 4.963 7.552 7.608 7.270 7.113 6.786 5.984 5.361 3.494 3.905 4.324 3.837 -999.250 -999.250 -999.250 -999.250 -999.250 -999.250 -999.250 -999.250 -999.250 -999.250 -999.250 -999.250 -999.250 -999.250 -999.250 -999.250 -999.250 -999.250 -999.250 -999.250 -999.250 -999.250 -999.250 -999.250 -999.250 -999.250 -999.250 -999.250 -999.250
20.141 17.003 17.370 14.764 12.790 9.506 7.755 9.098 8.157 6.532 9.271 9.595 7.107 9.249 9.712 8.729 8.730 7.250 8.271 8.820 9.715 7.776 7.561 8.425 7.699 6.337 4.533 5.478 4.293 5.683 7.342 10.237 6.608 9.446 7.372 4.652 5.868 4.171 4.358 5.970 5.299 4.896 -999.250 -999.250 -999.250 -999.250 -999.250 -999.250 -999.250 -999.250 -999.250 -999.250 -999.250 -999.250 -999.250 -999.250 -999.250 -999.250 -999.250 -999.250 -999.250 -999.250 -999.250 -999.250 -999.250 -999.250 -999.250 -999.250 -999.250 -999.250
17.440 15.591 15.624 12.465 7.849 7.650 7.231 8.672 6.685 8.639 8.790 8.880 7.212 7.161 8.613 7.536 8.050 7.610 8.287 10.331 7.987 7.330 6.641 8.177 6.853 6.464 7.159 5.083 6.326 6.995 7.922 8.263 7.753 7.050 6.202 5.201 5.766 1.933 4.505 6.465 5.563 4.675 4.965 -999.250 -999.250 -999.250 -999.250 -999.250 -999.250 -999.250 -999.250 -999.250 -999.250 -999.250 -999.250 -999.250 -999.250 -999.250 -999.250 -999.250 -999.250 -999.250 -999.250 -999.250 -999.250 -999.250 -999.250 -999.250 -999.250 -999.250
15.348 13.671 15.252 11.811 11.313 7.515 8.248 7.204 7.011 7.548 7.257 7.812 7.838 9.485 9.594 8.475 8.238 7.099 7.987 7.180 7.944 5.902 5.650 5.650 7.145 7.229 5.769 5.810 6.310 8.223 5.949 7.752 7.645 6.579 6.048 6.461 5.553 4.553 3.477 4.528 3.914 4.442 5.698 -999.250 -999.250 -999.250 -999.250 -999.250 -999.250 -999.250 -999.250 -999.250 -999.250 -999.250 -999.250 -999.250 -999.250 -999.250 -999.250 -999.250 -999.250 -999.250 -999.250 -999.250 -999.250 -999.250 -999.250 -999.250 -999.250 -999.250
11.716 10.078 10.668 8.545 7.455 7.630 6.909 6.855 7.389 7.999 8.822 8.840 7.561 10.117 9.047 8.146 8.237 7.672 6.608 7.359 6.408 5.549 6.911 7.927 6.168 7.519 7.599 7.588 7.830 6.746 6.028 4.739 6.167 7.200 5.707 5.560 6.363 4.865 5.684 5.709 5.808 5.371 5.770 4.645 -999.250 -999.250 -999.250 -999.250 -999.250 -999.250 -999.250 -999.250 -999.250 -999.250 -999.250 -999.250 -999.250 -999.250 -999.250 -999.250 -999.250 -999.250 -999.250 -999.250 -999.250 -999.250 -999.250 -999.250 -999.250 -999.250
11.080 8.982 7.825 6.108 6.060 8.388 7.393 8.474 6.207 6.666 6.526 7.425 6.058 9.212 8.276 9.095 7.609 8.326 6.473 5.879 6.887 6.530 7.143 6.759 4.273 6.669 5.240 5.842 5.769 5.718 6.403 4.563 6.346 8.360 5.966 6.146 5.922 6.012 5.076 6.689 6.869 4.903 5.955 -999.250 -999.250 -999.250 -999.250 -999.250 -999.250 -999.250 -999.250 -999.250 -999.250 -999.250 -999.250 -999.250 -999.250 -999.250 -999.250 -999.250 -999.250 -999.250 -999.250 -999.250 -999.250 -999.250 -999.250 -999.250 -999.250 -999.250
7.852 6.773 5.114 6.634 4.940 5.057 8.129 7.474 4.985 7.656 6.276 5.544 6.069 9.188 8.955 8.291 6.022 7.749 8.600 5.614 4.870 4.571 5.848 5.009 5.439 4.527 5.188 5.804 6.444 6.008 4.699 5.675 6.467 7.387 4.241 5.718 5.986 5.425 5.432 5.081 5.758 4.179 4.723 -999.250 -999.250 -999.250 -999.250 -999.250 -999.250 -999.250 -999.250 -999.250 -999.250 -999.250 -999.250 -999.250 -999.250 -999.250 -999.250 -999.250 -999.250 -999.250 -999.250 -999.250 -999.250 -999.250 -999.250 -999.250 -999.250 -999.250
1.691 3.337 4.099 5.263 4.202 3.613 4.343 5.630 4.695 6.091 5.110 5.251 6.380 6.493 6.983 6.733 5.548 7.617 7.423 6.783 5.330 6.255 5.704 4.935 4.302 5.670 5.454 4.461 4.793 5.479 4.195 5.788 4.700 5.984 6.501 5.097 4.250 5.765 5.791 3.749 5.676 4.485 4.553 -999.250 -999.250 -999.250 -999.250 -999.250 -999.250 -999.250 -999.250 -999.250 -999.250 -999.250 -999.250 -999.250 -999.250 -999.250 -999.250 -999.250 -999.250 -999.250 -999.250 -999.250 -999.250 -999.250 -999.250 -999.250 -999.250 -999.250
0.000 0.713 3.317 3.433 2.360 4.151 4.703 3.393 3.228 3.854 5.120 5.807 5.754 4.640 7.603 6.536 7.910 6.887 5.607 6.338 5.180 5.114 5.582 6.914 3.695 4.081 4.098 1.556 1.763 2.205 2.331 3.445 4.659 4.802 6.270 6.082 5.979 4.054 4.576 6.645 3.511 3.777 4.476 -999.250 -999.250 -999.250 -999.250 -999.250 -999.250 -999.250 -999.250 -999.250 -999.250 -999.250 -999.250 -999.250 -999.250 -999.250 -999.250 -999.250 -999.250 -999.250 -999.250 -999.250 -999.250 -999.250 -999.250 -999.250 -999.250 -999.250
0.359 1.728 3.251 2.068 1.984 3.037 3.263 4.106 3.708 3.874 4.528 6.389 4.290 6.963 6.447 7.270 5.999 6.419 4.519 5.126 5.950 5.294 7.010 6.123 5.614 3.717 3.791 2.433 1.835 0.023 0.000 1.446 3.774 5.350 7.414 6.522 5.514 6.556 6.191 7.930 7.607 4.590 -999.250 -999.250 -999.250 -999.250 -999.250 -999.250 -999.250 -999.250 -999.250 -999.250 -999.250 -999.250 -999.250 -999.250 -999.250 -999.250 -999.250 -999.250 -999.250 -999.250 -999.250 -999.250 -999.250 -999.250 -999.250 -999.250 -999.250 -999.250
