data/medianmodel_16-Sep-2020.asc
ncols	141
nrows	288
xllcorner	-120191.398
yllcorner	-301404.813
cellsize	2000.000
NODATA_value	-999.250
[rows 155 to 185 of 288, columns 0 to 67 of 141]
-999.250 -999.250 -999.250 -999.250 -999.250 -999.250 -999.250 37.915 32.260 27.370 19.411 11.084 6.040 1.070 0.000 0.000 0.000 1.273 5.661 9.165 12.336 13.959 17.606 21.419 28.143 39.256 37.955 37.159 37.395 36.924 35.788 35.740 40.400 39.618 42.658 42.931 43.652 47.597 46.036 49.518 46.082 48.445 52.012 55.142 61.453 63.886 61.477 59.989 52.715 49.197 41.356 34.814 26.544 22.398 20.910 18.471 17.478 16.240 11.599 11.916 10.484 8.484 9.312 6.265 4.678 1.681 0.000 0.000
-999.250 -999.250 -999.250 -999.250 -999.250 -999.250 -999.250 37.584 30.774 24.459 18.390 10.674 5.001 0.000 0.000 0.000 0.000 0.889 3.358 6.318 8.609 12.552 14.617 19.643 24.312 34.993 38.688 36.677 34.311 40.839 41.571 39.214 41.607 46.524 45.152 50.665 42.817 45.023 44.836 47.389 49.221 51.237 51.457 54.899 56.894 54.456 57.357 56.175 48.843 45.773 43.566 36.065 30.227 26.505 23.980 20.133 21.089 16.215 15.923 12.384 11.287 9.958 9.431 7.549 3.996 4.847 2.387 0.005
-999.250 -999.250 -999.250 -999.250 -999.250 -999.250 -999.250 30.686 25.385 19.158 15.128 7.949 2.712 0.000 0.000 0.000 0.000 0.000 0.000 0.959 6.094 11.457 13.405 17.808 21.930 33.779 36.067 37.440 41.993 40.243 45.102 44.886 41.465 45.345 48.260 46.094 47.489 49.376 47.731 48.394 47.717 48.965 48.095 52.893 59.934 55.407 51.996 51.425 47.303 44.553 41.469 36.910 36.466 29.405 22.582 19.357 19.274 17.471 14.169 10.819 9.550 10.649 9.272 6.403 5.851 7.135 4.200 1.084
-999.250 -999.250 -999.250 -999.250 -999.250 -999.250 -999.250 26.259 19.387 17.679 12.130 7.519 0.299 0.000 0.000 0.000 0.000 0.000 0.000 0.616 5.775 14.053 15.120 15.856 22.747 28.213 32.055 35.135 39.257 40.981 43.260 39.208 41.203 43.322 45.889 48.942 51.807 54.544 50.271 48.086 50.528 47.482 47.927 53.558 52.080 51.508 48.037 49.059 46.205 43.077 42.149 35.668 36.431 29.035 24.111 19.527 19.383 18.627 15.721 11.357 11.904 12.074 10.159 7.923 8.392 5.713 4.921 1.837
-999.250 -999.250 -999.250 -999.250 -999.250 -999.250 -999.250 -999.250 16.581 14.489 10.425 6.169 0.765 0.000 0.000 0.000 0.000 0.000 0.000 0.217 6.599 12.357 15.291 19.556 21.617 24.016 32.242 34.835 37.980 41.791 43.847 42.519 42.455 48.016 50.222 51.536 56.896 56.484 53.965 45.448 47.671 46.464 45.963 43.344 46.613 45.040 44.067 41.972 43.367 42.510 39.014 37.446 36.309 32.484 25.819 21.209 20.323 17.112 16.924 13.413 14.057 10.989 9.869 7.906 9.339 8.927 6.791 3.118
-999.250 -999.250 -999.250 -999.250 -999.250 -999.250 -999.250 -999.250 12.725 11.603 7.988 3.558 2.721 0.000 0.000 0.000 0.000 0.000 0.576 4.450 8.682 11.058 14.922 18.329 23.370 25.065 29.557 34.931 37.524 42.195 44.899 42.632 45.596 48.244 50.181 58.618 63.870 58.546 48.560 43.963 42.664 42.499 40.877 39.375 41.021 41.367 38.899 39.764 38.856 40.707 35.856 35.464 30.951 27.808 27.283 24.809 22.194 20.514 17.040 15.528 11.817 11.028 11.254 10.951 11.981 13.339 8.575 2.915
-999.250 -999.250 -999.250 -999.250 -999.250 -999.250 -999.250 12.711 10.060 8.484 4.378 0.491 0.000 0.000 0.000 0.000 0.000 0.000 0.000 1.341 6.578 10.824 16.155 20.323 25.319 25.645 33.989 35.766 42.377 41.405 40.765 43.164 46.500 48.825 50.737 61.772 74.885 55.242 44.406 36.145 33.908 33.803 35.016 35.521 35.712 36.732 39.454 37.558 35.523 39.328 34.020 35.046 28.844 31.555 29.702 25.014 22.831 24.025 18.158 17.662 13.052 12.459 9.546 11.147 11.636 10.035 8.702 5.427
-999.250 -999.250 -999.250 -999.250 -999.250 -999.250 -999.250 11.758 6.577 4.913 2.018 0.000 0.000 0.000 0.000 0.000 0.000 0.000 0.000 0.769 7.314 10.803 19.089 22.969 29.049 34.025 42.406 40.289 41.540 37.465 44.155 41.283 43.678 41.255 45.613 47.802 46.669 38.477 24.731 21.117 24.526 23.366 28.157 27.995 29.365 33.360 32.554 32.258 36.613 35.994 36.558 39.593 29.781 27.434 27.147 25.153 22.227 20.917 20.781 17.150 14.102 12.320 13.536 8.982 7.350 9.411 8.211 5.836
-999.250 -999.250 -999.250 -999.250 -999.250 -999.250 -999.250 9.180 5.551 4.930 1.354 0.000 0.000 0.000 0.000 0.000 0.000 0.000 0.023 4.599 8.430 12.683 20.519 24.523 30.250 38.204 42.099 44.782 45.558 41.953 40.684 41.360 40.039 36.365 34.517 35.750 29.088 20.947 8.871 10.574 17.369 19.004 23.028 24.133 27.573 25.124 24.726 28.265 31.876 33.386 34.292 38.451 34.795 34.096 25.909 24.580 21.917 19.350 20.557 16.841 13.203 15.034 10.664 9.018 5.647 5.038 4.895 3.818
-999.250 -999.250 -999.250 -999.250 -999.250 -999.250 -999.250 7.866 7.030 3.159 0.000 0.000 0.000 0.000 0.000 0.000 0.000 0.000 3.993 5.933 11.709 14.378 23.026 31.315 36.759 42.834 46.563 46.896 48.344 45.849 39.832 36.963 33.680 30.469 27.222 23.720 18.739 11.972 6.314 6.585 11.727 16.740 18.939 18.352 21.350 22.395 23.950 25.692 30.171 28.363 32.637 35.298 36.360 28.300 28.403 25.098 22.878 21.663 18.360 14.667 12.626 14.131 12.540 9.284 7.435 4.327 6.787 3.889
-999.250 -999.250 -999.250 -999.250 -999.250 -999.250 11.261 8.268 5.415 4.456 1.138 0.236 0.286 0.000 0.000 0.195 0.005 1.403 5.996 10.032 13.826 20.462 25.905 36.187 42.664 49.322 60.195 58.282 52.443 45.590 35.454 33.553 32.301 23.935 21.161 17.674 11.453 10.368 6.766 3.092 7.523 10.872 13.775 19.285 19.437 22.624 22.283 23.446 25.101 23.836 27.391 32.093 28.262 28.889 26.548 23.139 17.801 19.239 17.838 15.620 11.331 14.527 12.383 10.800 8.985 7.022 6.053 2.550
-999.250 -999.250 -999.250 -999.250 -999.250 -999.250 12.317 6.928 5.372 4.863 3.258 5.567 2.709 2.635 1.750 3.910 5.264 7.376 9.281 13.784 15.976 16.627 27.131 36.437 41.910 56.190 66.844 71.148 66.498 52.707 44.553 34.536 28.159 22.013 18.536 11.564 9.535 7.627 4.024 4.433 6.053 10.011 14.624 16.612 17.315 18.764 20.592 24.071 24.171 26.358 26.668 23.715 23.719 25.492 24.214 24.252 17.792 18.240 15.564 14.843 11.269 12.714 12.016 9.230 5.550 6.398 3.806 0.270
-999.250 -999.250 -999.250 -999.250 -999.250 15.713 11.279 7.148 6.713 8.152 8.590 11.402 7.921 7.756 7.594 10.252 11.038 11.159 14.858 16.598 21.437 19.159 30.352 41.062 48.433 60.827 71.125 88.044 70.436 56.783 44.640 37.292 27.363 22.057 14.102 10.279 7.636 5.571 4.810 5.961 7.983 10.258 12.220 14.549 17.059 20.692 20.853 22.158 23.210 22.864 26.402 23.195 21.392 21.859 24.137 22.508 16.534 15.466 16.517 13.868 13.863 12.874 12.355 7.140 5.542 3.451 2.051 1.459
-999.250 -999.250 -999.250 -999.250 -999.250 15.166 11.179 10.279 9.404 10.657 15.133 19.101 14.716 12.541 12.672 12.954 17.094 17.696 20.535 20.896 21.928 25.746 29.945 40.738 47.983 61.266 68.967 77.282 68.339 56.689 43.565 38.555 27.529 21.958 17.193 11.339 9.958 7.134 8.471 6.089 7.528 9.699 15.484 19.221 20.020 20.549 21.258 22.154 27.078 25.312 24.922 25.620 21.728 20.618 20.513 21.196 19.157 19.295 20.210 14.077 13.890 11.914 9.546 7.644 5.943 3.478 0.000 0.000
-999.250 -999.250 -999.250 -999.250 19.133 17.205 14.387 11.044 12.602 15.786 17.206 18.025 19.994 19.031 17.486 19.514 21.005 24.886 29.221 29.583 32.976 31.714 32.523 40.033 51.174 56.894 66.772 69.141 66.961 54.608 47.075 38.384 29.192 24.485 17.942 13.402 12.046 8.772 8.035 9.760 9.281 13.190 17.916 17.493 21.751 22.475 24.263 24.096 23.164 22.687 22.787 22.660 21.277 18.280 18.849 20.900 18.143 18.510 16.630 15.779 13.081 12.136 9.406 8.442 6.851 0.968 0.687 0.000
-999.250 -999.250 -999.250 -999.250 22.698 20.670 17.980 17.433 18.310 17.879 17.946 21.113 21.980 21.789 21.957 25.723 34.914 38.475 43.777 43.064 45.607 43.786 38.591 44.018 52.180 59.044 66.642 59.438 59.127 50.540 45.082 40.255 32.063 22.618 18.225 14.661 11.750 9.325 9.640 11.291 12.663 15.988 19.506 21.677 23.362 23.998 29.598 24.650 22.278 25.303 24.919 26.606 21.527 20.178 18.466 20.508 17.725 17.170 16.365 14.091 12.778 11.018 9.307 6.921 1.536 0.786 0.275 0.843
-999.250 -999.250 -999.250 -999.250 28.254 22.848 24.379 22.145 19.695 21.722 21.927 25.076 28.630 27.715 29.686 37.680 43.879 51.736 61.462 64.409 62.357 61.848 53.161 53.629 59.679 65.075 63.574 66.077 58.828 50.253 46.572 38.683 32.236 23.832 19.895 16.694 15.781 13.307 11.968 13.941 16.748 19.590 23.676 23.352 24.369 27.936 24.886 24.995 26.564 27.477 25.567 28.844 23.788 20.349 23.035 22.776 20.125 17.450 14.430 12.794 10.557 10.639 7.009 7.082 3.688 0.023 0.557 0.000
-999.250 -999.250 -999.250 -999.250 30.594 28.756 29.458 29.613 26.365 27.854 32.576 31.493 34.913 36.539 39.966 48.221 55.081 67.754 83.546 89.973 87.687 82.729 73.551 69.986 67.518 62.009 65.913 60.220 56.626 48.123 48.850 39.160 32.747 24.766 22.446 23.480 17.897 15.804 15.439 17.539 20.514 25.662 27.390 29.799 30.260 35.766 30.476 33.550 31.197 26.675 30.462 27.241 25.378 20.209 19.147 21.318 20.302 18.225 14.969 11.285 9.096 7.424 8.213 4.617 2.374 0.826 0.000 0.000
-999.250 -999.250 -999.250 -999.250 37.811 32.396 40.531 37.644 34.633 36.067 34.816 35.989 41.313 44.677 51.379 55.200 65.722 88.522 119.405 128.268 119.281 103.954 85.028 82.255 74.307 68.149 61.981 60.803 56.923 49.927 46.233 40.449 34.099 26.633 23.684 21.515 19.570 18.899 16.753 19.135 21.193 32.912 36.097 36.388 35.697 35.575 34.888 30.307 29.469 27.785 29.982 28.246 25.421 24.258 22.667 21.412 21.457 18.106 14.267 11.684 11.877 8.803 6.410 5.662 3.598 1.267 0.454 0.000
-999.250 -999.250 -999.250 -999.250 44.190 42.239 45.043 45.540 41.907 43.162 46.193 45.096 51.586 53.097 61.600 74.457 89.223 105.841 135.968 181.677 142.033 113.187 92.571 89.897 83.114 66.703 60.373 55.493 54.959 51.563 41.238 41.585 36.400 28.047 24.489 23.625 20.362 20.130 19.949 22.046 28.121 37.286 41.992 44.052 42.109 40.733 37.223 36.088 32.517 33.565 31.163 32.768 29.906 26.147 28.008 24.154 20.813 19.709 15.841 13.225 10.898 8.753 7.836 4.483 3.083 1.585 1.240 0.081
-999.250 -999.250 -999.250 -999.250 48.964 47.413 50.772 54.567 55.834 51.840 51.860 55.519 59.565 66.800 78.150 84.293 95.253 109.523 143.085 155.706 139.789 116.971 101.820 91.156 80.491 79.406 62.135 60.582 51.965 47.455 44.520 41.562 37.861 29.776 26.728 22.958 22.897 21.594 22.798 26.565 31.114 40.916 43.054 48.525 47.865 44.374 42.714 39.455 33.808 36.059 30.971 37.169 36.377 32.436 28.854 24.640 22.999 21.616 15.788 14.466 11.636 11.494 8.027 3.014 1.635 1.072 0.278 0.556
-999.250 -999.250 -999.250 -999.250 51.674 55.064 58.833 68.383 65.280 63.808 59.575 62.679 69.965 73.356 83.295 93.071 104.562 122.213 139.391 139.416 138.695 124.241 96.549 90.446 79.807 75.108 67.185 60.970 54.546 49.098 47.702 41.248 37.437 30.876 25.052 21.438 20.808 22.249 27.344 31.413 39.080 43.427 48.709 62.962 51.004 46.623 44.606 40.121 39.282 35.876 32.477 35.450 33.697 30.709 25.596 24.132 24.283 24.166 17.995 12.841 11.620 8.918 7.168 1.921 1.274 0.920 1.969 3.041
-999.250 -999.250 -999.250 -999.250 59.493 63.210 70.386 74.294 70.220 72.096 72.373 73.751 77.740 81.266 87.169 97.739 114.826 112.219 124.004 119.948 126.973 113.570 98.431 90.388 84.445 72.616 68.236 57.500 58.358 51.567 45.744 42.694 36.639 33.598 30.908 25.503 23.778 23.947 26.207 32.621 35.845 43.761 46.104 53.492 52.730 46.632 46.604 40.456 39.168 38.301 35.534 34.920 30.284 28.064 25.202 23.144 22.858 19.990 17.288 15.860 14.698 11.337 8.481 2.987 3.868 4.964 2.456 3.405
-999.250 -999.250 -999.250 -999.250 64.709 66.654 76.431 77.034 75.646 73.239 73.827 79.557 80.720 85.353 91.511 93.636 109.705 111.130 117.277 116.455 104.627 101.416 93.600 86.064 77.482 73.392 65.869 62.779 57.070 51.602 48.046 41.093 37.306 33.493 32.178 29.511 27.279 25.686 28.205 31.557 33.027 38.446 44.521 49.964 52.333 44.512 40.209 39.942 37.152 39.794 37.173 35.104 31.294 27.141 26.343 26.124 22.248 19.523 20.173 16.814 14.985 12.618 9.831 7.727 8.290 8.089 6.088 4.958
-999.250 -999.250 -999.250 69.523 72.805 70.124 72.045 76.308 76.114 73.873 78.392 82.663 86.258 91.865 93.773 100.453 103.918 103.133 102.604 102.659 105.666 92.240 86.619 82.171 74.195 71.600 63.973 62.424 55.510 53.823 46.503 42.966 41.917 34.960 32.416 31.551 30.865 30.246 31.504 27.936 32.943 37.350 43.306 47.986 46.129 42.918 42.630 38.000 37.297 37.493 40.852 32.964 33.966 27.771 27.566 28.788 25.183 17.908 19.179 16.608 16.009 10.912 9.558 8.144 7.878 7.296 6.317 7.108
-999.250 -999.250 -999.250 84.173 83.688 75.647 80.837 80.093 76.858 82.548 86.333 87.014 87.243 95.086 95.638 102.222 104.979 105.244 94.966 95.819 96.576 89.042 79.804 75.299 74.739 70.433 66.917 64.956 62.919 52.492 47.112 43.125 38.759 36.279 33.947 31.793 27.893 27.699 27.443 31.594 37.339 38.858 42.009 41.994 39.962 43.040 40.645 36.557 37.438 38.592 38.873 34.928 28.739 30.199 28.899 30.215 23.353 21.253 22.680 19.156 17.462 14.743 8.074 9.259 10.498 8.202 7.245 10.461
-999.250 -999.250 -999.250 88.057 89.645 85.284 84.541 83.151 86.331 89.171 87.736 92.548 93.222 94.913 95.521 104.150 110.491 108.326 93.454 91.721 90.298 85.251 79.923 72.933 68.329 68.650 66.525 67.571 61.057 52.023 47.769 44.096 42.053 36.993 34.242 31.648 28.769 27.153 23.585 27.863 36.368 37.589 36.835 40.134 37.731 38.320 35.593 37.659 35.769 33.803 30.982 30.244 32.114 29.009 31.048 33.717 26.754 23.438 21.203 20.499 17.552 14.140 14.759 12.017 11.486 9.390 10.347 11.324
-999.250 -999.250 85.218 92.371 90.452 88.234 88.620 84.012 88.793 89.094 88.845 91.789 96.397 95.962 105.743 110.659 109.941 104.742 96.668 90.044 91.490 85.877 82.893 73.968 69.275 72.769 69.294 68.526 58.198 53.239 50.360 43.287 39.596 37.941 40.531 32.416 33.308 28.164 25.564 25.479 31.237 33.278 33.410 31.478 36.324 36.700 35.756 37.425 32.370 33.315 32.158 34.459 30.794 27.395 32.357 34.739 28.017 25.469 23.938 22.317 21.556 18.259 16.710 16.676 15.680 14.225 12.940 14.430
-999.250 -999.250 86.448 85.325 90.952 92.156 95.630 91.746 91.330 92.601 98.656 99.934 99.268 103.072 108.358 113.234 122.358 115.538 94.740 89.757 -999.250 82.968 83.368 73.503 74.405 74.097 72.481 64.340 61.071 58.820 53.184 44.187 40.799 35.055 32.335 30.867 27.936 30.613 24.952 23.292 29.301 31.044 28.285 30.113 35.469 31.830 35.165 32.043 33.761 27.635 31.985 35.566 38.046 32.221 34.790 35.880 30.110 26.303 24.611 23.926 25.337 22.313 20.409 20.693 19.733 18.324 13.515 18.474
-999.250 79.665 86.543 87.876 91.874 94.434 105.380 102.397 93.540 108.116 103.419 103.764 110.418 109.798 107.886 115.455 136.649 117.224 108.609 -999.250 -999.250 78.650 76.407 72.449 66.242 68.771 66.828 64.751 57.297 53.556 50.430 44.751 39.879 33.776 32.882 27.995 25.645 25.242 24.717 24.084 21.330 25.741 23.243 28.819 25.881 29.927 33.589 37.831 32.819 32.954 35.896 36.159 38.113 33.127 39.621 39.566 35.551 28.119 30.007 28.699 27.891 26.380 23.095 23.790 23.611 20.449 20.302 22.733
-999.250 83.187 87.011 85.907 90.160 98.669 102.194 111.567 120.045 113.458 119.753 125.011 122.050 123.382 121.157 112.706 120.382 115.670 -999.250 -999.250 -999.250 -999.250 73.797 71.687 71.295 65.826 66.824 63.329 55.720 53.147 50.375 44.528 43.391 33.031 30.556 29.975 25.350 21.475 24.318 20.558 22.913 20.673 26.907 22.704 25.682 24.322 34.035 36.761 37.666 32.853 35.357 38.793 38.813 41.200 35.948 38.373 31.986 36.943 35.370 34.322 35.996 32.686 27.313 29.911 28.290 26.072 28.365 29.976
