data/medianmodel_10-May-2020.asc
ncols	141
nrows	288
xllcorner	-120191.398
yllcorner	-301404.813
cellsize	2000.000
NODATA_value	-999.250
[rows 31 to 61 of 288, columns 0 to 68 of 141]
-999.250 -999.250 -999.250 -999.250 -999.250 -999.250 -999.250 -999.250 -999.250 -999.250 -999.250 -999.250 -999.250 -999.250 -999.250 -999.250 -999.250 -999.250 -999.250 -999.250 -999.250 -999.250 -999.250 -999.250 -999.250 -999.250 -999.250 -999.250 -999.250 -999.250 -999.250 -999.250 17.123 19.742 25.288 26.253 38.014 44.499 50.450 58.986 62.795 61.719 75.341 80.715 85.064 85.149 90.411 89.515 95.438 92.487 89.416 82.084 70.837 45.461 32.560 26.092 20.622 20.638 18.641 18.747 21.893 24.237 21.620 18.285 17.681 21.095 18.565 12.385 8.268
-999.250 -999.250 -999.250 -999.250 -999.250 -999.250 -999.250 -999.250 -999.250 -999.250 -999.250 -999.250 -999.250 -999.250 -999.250 -999.250 -999.250 -999.250 -999.250 -999.250 -999.250 -999.250 -999.250 -999.250 -999.250 -999.250 -999.250 -999.250 -999.250 -999.250 -999.250 -999.250 17.855 21.327 25.805 31.778 38.851 46.010 48.550 59.393 66.553 65.486 69.052 74.210 75.943 89.232 78.795 76.567 79.400 77.957 72.794 61.746 47.412 33.932 20.466 19.037 17.472 15.172 14.645 12.981 12.029 13.579 18.425 14.906 15.492 15.423 12.014 11.396 9.102
-999.250 -999.250 -999.250 -999.250 -999.250 -999.250 -999.250 -999.250 -999.250 -999.250 -999.250 -999.250 -999.250 -999.250 -999.250 -999.250 -999.250 -999.250 -999.250 -999.250 -999.250 -999.250 -999.250 -999.250 -999.250 -999.250 -999.250 -999.250 -999.250 -999.250 -999.250 -999.250 17.313 23.408 25.854 32.936 34.862 46.569 54.330 59.013 71.437 68.011 69.657 67.326 68.199 82.049 72.404 68.272 66.236 72.085 62.779 49.243 42.690 28.183 20.925 17.639 17.198 13.445 10.353 8.280 10.252 10.489 12.568 11.682 11.069 9.924 7.152 9.742 8.566
-999.250 -999.250 -999.250 -999.250 -999.250 -999.250 -999.250 -999.250 -999.250 -999.250 -999.250 -999.250 -999.250 -999.250 -999.250 -999.250 -999.250 -999.250 -999.250 -999.250 -999.250 -999.250 -999.250 -999.250 -999.250 -999.250 -999.250 -999.250 -999.250 -999.250 -999.250 -999.250 18.665 19.527 24.797 30.297 39.307 51.677 50.580 58.044 67.544 61.428 60.689 63.349 67.693 70.729 54.459 62.046 54.436 56.393 49.711 43.182 32.185 24.074 18.722 18.466 13.700 11.999 8.423 5.308 4.936 6.818 4.552 4.847 6.399 6.688 4.816 6.474 6.847
-999.250 -999.250 -999.250 -999.250 -999.250 -999.250 -999.250 -999.250 -999.250 -999.250 -999.250 -999.250 -999.250 -999.250 -999.250 -999.250 -999.250 -999.250 -999.250 -999.250 -999.250 -999.250 -999.250 -999.250 -999.250 -999.250 -999.250 -999.250 -999.250 -999.250 -999.250 -999.250 18.568 19.655 27.309 31.857 36.201 42.987 50.704 48.510 55.546 58.287 63.031 55.650 56.153 64.592 53.824 46.339 52.747 50.891 42.352 35.400 29.679 24.766 17.897 16.987 10.657 7.685 5.654 2.950 1.751 2.043 3.455 3.649 2.051 2.476 2.191 3.264 3.980
-999.250 -999.250 -999.250 -999.250 -999.250 -999.250 -999.250 -999.250 -999.250 -999.250 -999.250 -999.250 -999.250 -999.250 -999.250 -999.250 -999.250 -999.250 -999.250 -999.250 -999.250 -999.250 -999.250 -999.250 -999.250 -999.250 -999.250 -999.250 -999.250 -999.250 -999.250 -999.250 21.657 20.058 26.657 29.445 34.431 47.385 40.945 42.470 52.535 56.730 54.289 54.961 48.363 46.062 42.068 40.323 42.900 47.775 48.362 41.090 27.815 23.948 23.673 20.596 14.142 9.625 7.283 3.768 2.086 3.006 0.494 0.000 0.000 0.000 0.000 0.138 4.649
-999.250 -999.250 -999.250 -999.250 -999.250 -999.250 -999.250 -999.250 -999.250 -999.250 -999.250 -999.250 -999.250 -999.250 -999.250 -999.250 -999.250 -999.250 -999.250 -999.250 -999.250 -999.250 -999.250 -999.250 -999.250 -999.250 -999.250 -999.250 -999.250 -999.250 -999.250 -999.250 -999.250 28.060 29.033 34.458 31.501 35.407 44.143 45.260 42.094 49.618 45.582 50.098 41.042 43.340 42.148 44.670 41.562 45.105 43.917 51.472 39.396 40.281 32.048 24.692 17.687 14.481 9.112 6.029 4.953 3.214 0.000 0.000 0.000 0.000 0.000 0.310 2.315
-999.250 -999.250 -999.250 -999.250 -999.250 -999.250 -999.250 -999.250 -999.250 -999.250 -999.250 -999.250 -999.250 -999.250 -999.250 -999.250 -999.250 -999.250 -999.250 -999.250 -999.250 -999.250 -999.250 -999.250 -999.250 -999.250 -999.250 -999.250 -999.250 -999.250 -999.250 -999.250 -999.250 28.292 32.405 33.619 31.817 30.610 32.346 41.148 39.385 41.621 40.566 43.752 37.894 38.295 40.825 36.551 42.300 37.591 49.497 56.531 52.400 47.326 41.555 42.864 25.551 26.216 18.727 12.776 10.914 3.783 1.779 0.000 0.000 0.000 0.000 0.000 1.155
-999.250 -999.250 -999.250 -999.250 -999.250 -999.250 -999.250 -999.250 -999.250 -999.250 -999.250 -999.250 -999.250 -999.250 -999.250 -999.250 -999.250 -999.250 -999.250 -999.250 -999.250 -999.250 -999.250 -999.250 -999.250 -999.250 -999.250 -999.250 -999.250 -999.250 -999.250 -999.250 26.761 28.569 34.540 33.476 31.531 29.212 28.547 31.479 27.332 28.059 30.575 37.881 34.355 37.035 39.556 39.276 46.183 54.053 57.535 57.354 65.656 62.799 61.790 47.064 38.269 38.057 26.516 19.108 13.600 5.940 5.801 2.169 0.000 0.000 0.000 0.000 0.000
-999.250 -999.250 -999.250 -999.250 -999.250 -999.250 -999.250 -999.250 -999.250 -999.250 -999.250 -999.250 -999.250 -999.250 -999.250 -999.250 -999.250 -999.250 -999.250 -999.250 -999.250 -999.250 -999.250 -999.250 -999.250 -999.250 -999.250 -999.250 -999.250 -999.250 -999.250 -999.250 33.835 34.061 37.937 30.238 30.159 31.344 30.007 29.899 22.700 21.161 23.141 26.567 28.880 31.807 39.997 48.245 63.188 58.014 70.019 77.977 77.887 79.375 71.450 79.350 64.572 54.067 43.356 28.962 16.183 12.831 9.169 5.252 1.501 0.000 0.000 0.000 0.000
-999.250 -999.250 -999.250 -999.250 -999.250 -999.250 -999.250 -999.250 -999.250 -999.250 -999.250 -999.250 -999.250 -999.250 -999.250 -999.250 -999.250 -999.250 -999.250 -999.250 -999.250 -999.250 -999.250 -999.250 -999.250 -999.250 -999.250 -999.250 -999.250 -999.250 -999.250 -999.250 -999.250 34.542 39.819 37.463 29.299 25.823 23.132 26.939 20.925 18.230 17.724 21.016 25.821 33.342 44.316 52.401 63.439 67.465 78.886 82.137 83.823 86.736 85.184 86.473 77.837 76.489 62.966 41.015 28.396 16.856 11.465 5.211 3.432 0.927 0.000 0.000 0.000
-999.250 -999.250 -999.250 -999.250 -999.250 -999.250 -999.250 -999.250 -999.250 -999.250 -999.250 -999.250 -999.250 -999.250 -999.250 -999.250 -999.250 -999.250 -999.250 -999.250 -999.250 -999.250 -999.250 -999.250 -999.250 -999.250 -999.250 -999.250 -999.250 -999.250 -999.250 -999.250 -999.250 34.602 31.799 35.243 31.168 25.449 22.218 19.051 17.998 14.416 13.592 17.324 24.628 38.281 51.753 59.700 72.647 75.696 88.033 96.572 108.800 109.421 104.514 101.446 96.785 86.601 81.497 58.072 43.342 26.193 17.279 9.403 4.421 1.918 0.000 0.000 0.150
-999.250 -999.250 -999.250 -999.250 -999.250 -999.250 -999.250 -999.250 -999.250 -999.250 -999.250 -999.250 -999.250 -999.250 -999.250 -999.250 -999.250 -999.250 -999.250 -999.250 -999.250 -999.250 -999.250 -999.250 -999.250 -999.250 -999.250 -999.250 -999.250 -999.250 -999.250 -999.250 -999.250 28.877 42.400 41.885 34.981 26.945 24.253 15.683 11.389 9.323 12.274 14.526 25.403 38.841 54.064 80.817 75.008 78.428 90.853 97.697 108.836 117.283 129.556 117.323 111.636 116.976 88.942 71.423 58.089 35.188 21.285 11.936 9.136 4.013 0.133 0.000 0.041
-999.250 -999.250 -999.250 -999.250 -999.250 -999.250 -999.250 -999.250 -999.250 -999.250 -999.250 -999.250 -999.250 -999.250 -999.250 -999.250 -999.250 -999.250 -999.250 -999.250 -999.250 -999.250 -999.250 -999.250 -999.250 -999.250 -999.250 -999.250 -999.250 -999.250 -999.250 -999.250 -999.250 -999.250 37.584 43.805 31.388 27.431 21.057 17.106 12.146 9.936 7.544 12.224 21.487 36.154 58.707 77.326 78.253 85.977 97.041 105.920 117.936 133.602 139.207 136.716 134.421 119.888 97.600 75.613 64.601 46.102 25.913 14.689 11.694 6.277 1.898 0.788 0.944
-999.250 -999.250 -999.250 -999.250 -999.250 -999.250 -999.250 -999.250 -999.250 -999.250 -999.250 -999.250 -999.250 -999.250 -999.250 -999.250 -999.250 -999.250 -999.250 -999.250 -999.250 -999.250 -999.250 -999.250 -999.250 -999.250 -999.250 -999.250 -999.250 -999.250 -999.250 -999.250 -999.250 -999.250 34.716 32.560 33.391 25.395 23.461 15.710 13.254 9.451 6.015 10.412 24.621 34.354 48.641 71.494 83.924 85.089 102.990 112.053 137.147 157.019 176.510 170.741 149.220 127.239 102.847 89.784 67.605 40.582 25.627 16.921 12.940 8.637 3.765 2.528 2.222
-999.250 -999.250 -999.250 -999.250 -999.250 -999.250 -999.250 -999.250 -999.250 -999.250 -999.250 -999.250 -999.250 -999.250 -999.250 -999.250 -999.250 -999.250 -999.250 -999.250 -999.250 -999.250 -999.250 -999.250 -999.250 -999.250 -999.250 -999.250 -999.250 -999.250 -999.250 -999.250 -999.250 -999.250 30.646 27.771 27.967 21.386 18.487 17.762 14.670 10.984 10.304 16.552 25.455 35.611 59.802 66.828 72.116 76.611 91.665 118.068 154.776 181.477 192.844 173.549 160.453 142.057 105.080 91.350 74.246 44.005 28.553 20.347 11.093 8.930 4.593 4.353 2.477
-999.250 -999.250 -999.250 -999.250 -999.250 -999.250 -999.250 -999.250 -999.250 -999.250 -999.250 -999.250 -999.250 -999.250 -999.250 -999.250 -999.250 -999.250 -999.250 -999.250 -999.250 -999.250 -999.250 -999.250 -999.250 -999.250 -999.250 -999.250 -999.250 -999.250 -999.250 -999.250 -999.250 -999.250 28.552 32.124 28.273 23.917 23.518 19.204 13.218 13.024 15.488 18.009 31.578 34.677 51.960 60.043 67.043 81.080 104.781 128.758 157.662 172.451 205.326 189.710 176.665 149.681 108.561 90.624 78.355 46.571 34.278 20.752 14.597 10.637 5.731 3.576 4.078
-999.250 -999.250 -999.250 -999.250 -999.250 -999.250 -999.250 -999.250 -999.250 -999.250 -999.250 -999.250 -999.250 -999.250 -999.250 -999.250 -999.250 -999.250 -999.250 -999.250 -999.250 -999.250 -999.250 -999.250 -999.250 -999.250 -999.250 -999.250 -999.250 -999.250 -999.250 -999.250 -999.250 -999.250 -999.250 31.076 34.931 25.549 21.271 21.028 18.350 17.303 21.651 26.611 32.641 41.317 49.760 61.715 73.000 84.421 100.161 123.143 149.124 171.000 158.906 175.147 153.943 133.829 111.208 84.055 66.084 49.201 37.599 21.680 15.267 10.169 8.668 4.792 5.577
-999.250 -999.250 -999.250 -999.250 -999.250 -999.250 -999.250 -999.250 -999.250 -999.250 -999.250 -999.250 -999.250 -999.250 -999.250 -999.250 -999.250 -999.250 -999.250 -999.250 -999.250 -999.250 -999.250 -999.250 -999.250 -999.250 -999.250 -999.250 -999.250 -999.250 -999.250 -999.250 -999.250 -999.250 -999.250 40.694 37.762 33.034 27.036 22.984 22.501 22.365 27.954 29.413 32.568 41.767 50.673 54.881 73.363 80.867 89.083 111.692 128.373 140.273 141.346 143.436 133.935 108.547 90.350 64.771 55.165 37.522 30.154 17.793 15.692 12.846 8.927 5.825 5.588
-999.250 -999.250 -999.250 -999.250 -999.250 -999.250 -999.250 -999.250 -999.250 -999.250 -999.250 -999.250 -999.250 -999.250 -999.250 -999.250 -999.250 -999.250 -999.250 -999.250 -999.250 -999.250 -999.250 -999.250 -999.250 -999.250 -999.250 -999.250 -999.250 -999.250 -999.250 -999.250 -999.250 -999.250 -999.250 47.753 41.641 40.764 34.253 29.503 23.897 28.528 32.815 41.844 44.724 40.886 50.681 48.860 58.641 67.588 83.464 87.889 98.408 112.282 112.724 119.155 104.879 95.483 81.595 59.428 44.445 35.929 25.592 21.251 17.715 15.979 12.282 8.120 5.805
-999.250 -999.250 -999.250 -999.250 -999.250 -999.250 -999.250 -999.250 -999.250 -999.250 -999.250 -999.250 -999.250 -999.250 -999.250 -999.250 -999.250 -999.250 -999.250 -999.250 -999.250 -999.250 -999.250 -999.250 -999.250 -999.250 -999.250 -999.250 -999.250 -999.250 -999.250 -999.250 -999.250 -999.250 -999.250 45.630 41.450 49.978 50.183 34.436 31.539 39.847 51.312 44.994 39.455 47.651 47.685 52.877 54.517 56.017 62.274 67.799 78.642 75.538 79.455 88.266 85.986 78.413 62.859 44.414 38.630 30.043 19.480 17.712 15.027 10.532 10.167 7.419 1.875
-999.250 -999.250 -999.250 -999.250 -999.250 -999.250 -999.250 -999.250 -999.250 -999.250 -999.250 -999.250 -999.250 -999.250 -999.250 -999.250 -999.250 -999.250 -999.250 -999.250 -999.250 -999.250 -999.250 -999.250 -999.250 -999.250 -999.250 -999.250 -999.250 -999.250 -999.250 -999.250 -999.250 -999.250 -999.250 40.725 41.933 39.178 37.855 38.410 30.165 37.847 43.210 47.617 41.745 41.962 47.397 45.826 41.885 45.313 54.316 51.412 53.576 53.289 54.954 61.397 58.987 53.355 47.192 32.876 30.187 23.507 16.552 12.676 10.663 11.532 8.528 4.860 2.171
-999.250 -999.250 -999.250 -999.250 -999.250 -999.250 -999.250 -999.250 -999.250 -999.250 -999.250 -999.250 -999.250 -999.250 -999.250 -999.250 -999.250 -999.250 -999.250 -999.250 -999.250 -999.250 -999.250 -999.250 -999.250 -999.250 -999.250 -999.250 -999.250 -999.250 -999.250 -999.250 -999.250 -999.250 -999.250 -999.250 29.135 36.059 33.558 33.016 32.923 37.518 42.983 49.029 43.918 43.562 42.745 35.849 29.856 29.466 36.384 34.898 30.098 40.818 45.005 48.937 46.095 39.786 32.589 27.187 21.704 15.849 14.314 13.651 14.710 12.558 9.423 7.388 4.923
-999.250 -999.250 -999.250 -999.250 -999.250 -999.250 -999.250 -999.250 -999.250 -999.250 -999.250 -999.250 -999.250 -999.250 -999.250 -999.250 -999.250 -999.250 -999.250 -999.250 -999.250 -999.250 -999.250 -999.250 -999.250 -999.250 -999.250 -999.250 -999.250 -999.250 -999.250 -999.250 -999.250 -999.250 -999.250 -999.250 29.020 28.563 34.144 36.010 34.568 39.248 40.816 52.414 46.846 46.713 36.178 35.505 25.746 23.413 24.275 20.227 21.879 30.410 32.838 37.888 28.584 26.255 21.950 17.996 16.031 13.282 13.983 13.367 13.915 11.677 12.321 11.956 8.326
-999.250 -999.250 -999.250 -999.250 -999.250 -999.250 -999.250 -999.250 -999.250 -999.250 -999.250 -999.250 -999.250 -999.250 -999.250 -999.250 -999.250 -999.250 -999.250 -999.250 -999.250 -999.250 -999.250 -999.250 -999.250 -999.250 -999.250 -999.250 -999.250 -999.250 -999.250 -999.250 -999.250 -999.250 -999.250 -999.250 -999.250 24.627 28.478 36.415 38.160 40.419 41.278 43.838 48.008 39.790 32.593 34.497 28.737 19.975 20.220 16.472 15.677 22.211 29.038 32.782 26.630 24.203 18.930 14.366 16.932 17.084 15.347 14.636 11.880 15.796 16.002 14.135 11.260
-999.250 -999.250 -999.250 -999.250 -999.250 -999.250 -999.250 -999.250 -999.250 -999.250 -999.250 -999.250 -999.250 -999.250 -999.250 -999.250 -999.250 -999.250 -999.250 -999.250 -999.250 -999.250 -999.250 -999.250 -999.250 -999.250 -999.250 -999.250 -999.250 -999.250 -999.250 -999.250 -999.250 -999.250 -999.250 -999.250 -999.250 28.028 29.416 40.979 46.584 40.994 43.983 43.913 44.537 33.419 33.274 30.069 33.067 28.716 21.572 22.023 23.419 25.002 28.160 31.514 24.221 22.052 18.330 17.840 19.303 14.140 13.276 13.891 17.439 17.602 16.228 17.070 16.234
-999.250 -999.250 -999.250 -999.250 -999.250 -999.250 -999.250 -999.250 -999.250 -999.250 -999.250 -999.250 -999.250 -999.250 -999.250 -999.250 -999.250 -999.250 -999.250 -999.250 -999.250 -999.250 -999.250 -999.250 -999.250 -999.250 -999.250 -999.250 -999.250 -999.250 -999.250 -999.250 -999.250 -999.250 -999.250 -999.250 -999.250 22.495 32.171 34.039 50.254 46.724 42.594 47.001 41.792 42.245 35.440 33.775 31.543 28.961 25.560 27.485 23.939 31.075 34.757 32.216 29.087 24.590 22.618 20.195 19.638 19.843 16.619 13.650 20.587 19.122 21.164 23.429 29.595
-999.250 -999.250 -999.250 -999.250 -999.250 -999.250 -999.250 -999.250 -999.250 -999.250 -999.250 -999.250 -999.250 -999.250 -999.250 -999.250 -999.250 -999.250 -999.250 -999.250 -999.250 -999.250 -999.250 -999.250 -999.250 -999.250 -999.250 -999.250 -999.250 -999.250 -999.250 -999.250 -999.250 -999.250 -999.250 -999.250 -999.250 22.619 20.168 35.708 42.099 37.157 37.636 39.902 39.230 40.183 37.760 37.588 36.372 29.881 30.520 34.043 41.236 40.849 41.028 29.887 36.633 30.466 24.018 24.482 21.400 19.766 20.301 16.222 21.954 19.946 22.038 25.592 23.318
-999.250 -999.250 -999.250 -999.250 -999.250 -999.250 -999.250 -999.250 -999.250 -999.250 -999.250 -999.250 -999.250 -999.250 -999.250 -999.250 -999.250 -999.250 -999.250 -999.250 -999.250 -999.250 -999.250 -999.250 -999.250 -999.250 -999.250 -999.250 -999.250 -999.250 -999.250 -999.250 -999.250 -999.250 -999.250 -999.250 -999.250 -999.250 18.976 28.428 35.126 40.415 39.141 38.753 37.777 44.019 41.704 43.264 40.285 44.061 41.910 50.812 53.126 52.449 44.826 43.115 34.120 39.092 30.520 29.708 26.893 20.810 22.205 20.085 24.110 19.146 20.254 22.725 21.047
-999.250 -999.250 -999.250 -999.250 -999.250 -999.250 -999.250 -999.250 -999.250 -999.250 -999.250 -999.250 -999.250 -999.250 -999.250 -999.250 -999.250 -999.250 -999.250 -999.250 -999.250 -999.250 -999.250 -999.250 -999.250 -999.250 -999.250 -999.250 -999.250 -999.250 -999.250 -999.250 -999.250 -999.250 -999.250 -999.250 -999.250 -999.250 19.152 21.629 33.100 39.400 39.766 40.524 40.468 37.940 41.476 42.541 42.295 48.824 47.720 55.684 70.343 71.179 56.657 53.533 38.819 38.203 38.369 32.883 28.779 25.755 21.086 19.194 19.777 19.491 19.784 22.898 19.186
-999.250 -999.250 -999.250 -999.250 -999.250 -999.250 -999.250 -999.250 -999.250 -999.250 -999.250 -999.250 -999.250 -999.250 -999.250 -999.250 -999.250 -999.250 -999.250 -999.250 -999.250 -999.250 -999.250 -999.250 -999.250 -999.250 -999.250 -999.250 -999.250 -999.250 -999.250 -999.250 -999.250 -999.250 -999.250 -999.250 -999.250 -999.250 18.255 20.591 23.694 31.516 33.150 36.506 44.454 45.519 50.551 45.621 41.148 52.223 55.911 64.310 71.421 65.786 60.160 44.621 40.150 36.126 30.211 25.550 25.488 28.496 24.474 25.139 20.078 21.076 25.896 22.916 21.659
