data/medianmodel_21-Sep-2020.asc
ncols	141
nrows	288
xllcorner	-120191.398
yllcorner	-301404.813
cellsize	2000.000
NODATA_value	-999.250
[rows 90 to 119 of 288, columns 0 to 67 of 141]
-999.250 -999.250 -999.250 -999.250 -999.250 -999.250 -999.250 -999.250 -999.250 -999.250 -999.250 -999.250 -999.250 -999.250 -999.250 -999.250 -999.250 -999.250 -999.250 -999.250 -999.250 -999.250 -999.250 -999.250 -999.250 -999.250 -999.250 -999.250 -999.250 -999.250 -999.250 -999.250 9.446 4.090 1.686 1.104 4.397 1.984 1.896 4.883 6.672 9.447 10.409 10.969 6.055 8.447 7.848 8.835 10.138 9.452 10.936 10.791 13.178 14.324 16.008 23.145 28.423 37.772 41.840 51.987 57.392 62.538 68.293 62.386 54.613 49.411 43.611 45.936
-999.250 -999.250 -999.250 -999.250 -999.250 -999.250 -999.250 -999.250 -999.250 -999.250 -999.250 -999.250 -999.250 -999.250 -999.250 -999.250 -999.250 -999.250 -999.250 -999.250 -999.250 -999.250 -999.250 -999.250 -999.250 -999.250 -999.250 -999.250 -999.250 -999.250 -999.250 -999.250 0.885 0.000 0.000 0.000 0.000 0.644 2.591 6.231 6.413 10.084 8.893 11.391 7.887 8.115 11.114 10.316 11.576 11.642 12.543 12.398 13.561 12.644 14.570 18.482 26.961 40.032 45.266 52.389 57.243 58.175 61.857 55.337 47.100 35.525 29.993 36.005
-999.250 -999.250 -999.250 -999.250 -999.250 -999.250 -999.250 -999.250 -999.250 -999.250 -999.250 -999.250 -999.250 -999.250 -999.250 -999.250 -999.250 -999.250 -999.250 -999.250 -999.250 -999.250 -999.250 -999.250 -999.250 -999.250 -999.250 -999.250 -999.250 -999.250 -999.250 4.202 0.000 0.000 0.000 0.000 0.000 0.000 5.257 8.950 10.029 11.878 11.761 11.521 7.977 9.425 14.490 13.126 13.327 15.343 13.423 11.527 14.752 13.097 14.234 17.750 25.118 35.406 49.126 51.731 50.541 52.724 52.588 43.347 35.563 23.548 23.313 22.755
-999.250 -999.250 -999.250 -999.250 -999.250 -999.250 -999.250 -999.250 -999.250 -999.250 -999.250 -999.250 -999.250 -999.250 -999.250 -999.250 -999.250 -999.250 -999.250 -999.250 -999.250 -999.250 -999.250 -999.250 -999.250 -999.250 -999.250 -999.250 -999.250 -999.250 -999.250 1.097 0.000 0.000 0.000 0.000 0.668 5.838 6.871 8.095 10.870 13.106 11.428 12.106 11.587 13.402 18.343 14.864 13.644 15.378 14.326 12.848 14.020 13.532 14.316 18.370 25.491 35.108 48.805 53.307 57.758 56.946 47.165 35.095 25.451 16.036 13.808 11.704
-999.250 -999.250 -999.250 -999.250 -999.250 -999.250 -999.250 -999.250 -999.250 -999.250 -999.250 -999.250 -999.250 -999.250 -999.250 -999.250 -999.250 -999.250 -999.250 -999.250 -999.250 -999.250 -999.250 -999.250 -999.250 -999.250 -999.250 -999.250 -999.250 -999.250 -999.250 1.054 0.000 0.000 0.000 0.000 3.985 8.312 11.310 15.103 13.662 14.969 14.394 12.856 13.514 11.709 10.612 13.034 13.921 15.964 17.077 17.446 17.472 16.392 17.733 18.746 23.279 39.264 48.097 57.477 63.234 58.505 47.507 32.609 19.246 13.502 1.832 0.000
-999.250 -999.250 -999.250 -999.250 -999.250 -999.250 -999.250 -999.250 -999.250 -999.250 -999.250 -999.250 -999.250 -999.250 -999.250 -999.250 -999.250 -999.250 -999.250 -999.250 -999.250 -999.250 -999.250 -999.250 -999.250 -999.250 -999.250 -999.250 -999.250 -999.250 -999.250 0.298 0.000 0.000 0.000 1.089 10.168 14.691 15.997 21.171 20.937 20.297 18.477 15.507 10.832 9.339 8.861 9.130 12.922 18.494 25.205 23.015 23.542 21.210 19.953 20.205 26.924 35.097 53.776 66.872 63.692 54.216 39.210 25.003 14.262 9.476 0.000 0.000
-999.250 -999.250 -999.250 -999.250 -999.250 -999.250 -999.250 -999.250 -999.250 -999.250 -999.250 -999.250 -999.250 -999.250 -999.250 -999.250 -999.250 -999.250 -999.250 -999.250 -999.250 -999.250 -999.250 -999.250 -999.250 -999.250 -999.250 -999.250 -999.250 -999.250 4.949 1.229 2.196 0.000 2.216 10.075 14.171 21.708 27.683 28.971 30.464 27.552 22.620 19.126 11.908 9.472 5.221 9.508 17.037 24.445 28.938 35.989 38.687 33.584 29.696 23.428 21.139 28.144 51.254 76.540 64.943 48.611 36.300 22.346 16.923 8.298 0.443 0.000
-999.250 -999.250 -999.250 -999.250 -999.250 -999.250 -999.250 -999.250 -999.250 -999.250 -999.250 -999.250 -999.250 -999.250 -999.250 -999.250 -999.250 -999.250 -999.250 -999.250 -999.250 -999.250 -999.250 -999.250 -999.250 -999.250 -999.250 -999.250 -999.250 -999.250 4.932 5.727 6.778 9.021 10.671 15.495 22.167 30.242 40.623 41.568 47.931 39.743 32.254 23.511 15.200 10.425 5.022 13.121 21.436 33.430 49.843 57.562 56.387 54.129 42.708 31.183 16.879 16.891 35.206 54.969 54.508 47.896 33.201 19.817 13.929 9.138 1.221 0.000
-999.250 -999.250 -999.250 -999.250 -999.250 -999.250 -999.250 -999.250 -999.250 -999.250 -999.250 -999.250 -999.250 -999.250 -999.250 -999.250 -999.250 -999.250 -999.250 -999.250 -999.250 -999.250 -999.250 -999.250 -999.250 -999.250 -999.250 -999.250 -999.250 -999.250 6.731 8.484 12.364 13.910 18.301 23.107 27.003 39.819 49.483 62.214 62.268 51.519 39.970 26.844 21.982 16.161 14.594 24.780 38.632 50.829 64.433 72.942 76.722 75.448 65.007 45.290 23.340 0.000 23.196 38.274 42.278 38.583 32.788 21.994 17.593 10.858 1.951 0.160
-999.250 -999.250 -999.250 -999.250 -999.250 -999.250 -999.250 -999.250 -999.250 -999.250 -999.250 -999.250 -999.250 -999.250 -999.250 -999.250 -999.250 -999.250 -999.250 -999.250 -999.250 -999.250 -999.250 -999.250 -999.250 -999.250 -999.250 -999.250 -999.250 -999.250 12.617 14.715 15.105 17.321 24.896 28.620 36.835 43.667 56.346 70.802 79.975 63.230 47.712 31.953 28.020 21.128 27.431 37.650 50.127 71.751 84.639 100.854 103.324 99.613 89.787 74.512 56.518 34.742 35.985 40.011 40.513 34.279 29.050 23.620 15.902 9.851 4.239 1.480
-999.250 -999.250 -999.250 -999.250 -999.250 -999.250 -999.250 -999.250 -999.250 -999.250 -999.250 -999.250 -999.250 -999.250 -999.250 -999.250 -999.250 -999.250 -999.250 -999.250 -999.250 -999.250 -999.250 -999.250 -999.250 -999.250 -999.250 -999.250 -999.250 12.639 16.130 15.368 19.871 26.333 31.819 35.500 39.946 52.196 64.718 67.821 71.393 66.406 55.317 40.915 32.489 32.511 39.079 57.387 70.388 81.541 104.508 127.496 144.240 143.617 136.475 112.227 87.222 66.761 59.652 51.261 49.300 38.186 31.132 22.802 17.343 10.406 7.031 3.117
-999.250 -999.250 -999.250 -999.250 -999.250 -999.250 -999.250 -999.250 -999.250 -999.250 -999.250 -999.250 -999.250 -999.250 -999.250 -999.250 -999.250 -999.250 -999.250 -999.250 -999.250 -999.250 -999.250 -999.250 -999.250 -999.250 -999.250 -999.250 -999.250 13.346 16.661 19.055 20.863 28.771 35.327 41.080 48.918 55.808 63.232 69.118 67.105 61.773 57.611 41.949 38.074 39.306 47.980 60.485 81.097 96.976 120.697 152.670 176.244 190.785 180.279 153.448 113.398 85.947 73.906 63.504 52.937 40.104 30.187 20.291 16.395 12.552 7.160 4.114
-999.250 -999.250 -999.250 -999.250 -999.250 -999.250 -999.250 -999.250 -999.250 -999.250 -999.250 -999.250 -999.250 -999.250 -999.250 -999.250 -999.250 -999.250 -999.250 -999.250 -999.250 -999.250 -999.250 -999.250 -999.250 -999.250 -999.250 -999.250 -999.250 13.929 17.853 20.768 25.996 31.072 37.255 45.045 50.019 60.837 66.242 70.114 66.252 58.165 54.569 41.303 39.403 41.624 54.377 65.732 87.137 110.406 146.683 168.877 203.715 248.284 196.209 166.870 127.793 98.388 78.113 67.204 57.420 44.405 32.352 22.959 16.839 9.757 7.169 2.390
-999.250 -999.250 -999.250 -999.250 -999.250 -999.250 -999.250 -999.250 -999.250 -999.250 -999.250 -999.250 -999.250 -999.250 -999.250 -999.250 -999.250 -999.250 -999.250 -999.250 -999.250 -999.250 -999.250 -999.250 -999.250 -999.250 -999.250 -999.250 -999.250 15.135 16.963 21.381 25.862 29.502 40.921 48.222 58.280 60.781 64.138 62.901 59.723 56.937 50.227 40.628 38.567 40.169 49.551 67.176 85.261 113.238 145.990 173.838 192.461 194.703 182.757 159.745 133.620 99.098 82.510 70.592 54.183 42.076 33.091 22.041 15.157 10.927 7.196 1.194
-999.250 -999.250 -999.250 -999.250 -999.250 -999.250 -999.250 -999.250 -999.250 -999.250 -999.250 -999.250 -999.250 -999.250 -999.250 -999.250 -999.250 -999.250 -999.250 -999.250 -999.250 -999.250 -999.250 -999.250 -999.250 -999.250 -999.250 -999.250 14.290 15.021 17.117 20.629 30.792 33.813 38.323 50.528 59.585 65.526 67.846 64.362 57.187 53.740 43.386 37.087 35.855 33.242 39.982 61.883 83.132 107.870 120.556 151.759 165.927 169.806 153.850 139.374 121.016 94.687 77.747 64.079 54.090 38.149 30.425 22.171 15.886 12.337 6.692 2.540
-999.250 -999.250 -999.250 -999.250 -999.250 -999.250 -999.250 -999.250 -999.250 -999.250 -999.250 -999.250 -999.250 -999.250 -999.250 -999.250 -999.250 -999.250 -999.250 -999.250 -999.250 -999.250 -999.250 -999.250 -999.250 -999.250 -999.250 -999.250 15.556 15.403 18.348 22.907 26.408 31.820 40.754 51.889 58.385 68.963 73.725 68.406 61.783 56.448 47.871 35.810 33.034 29.136 32.050 51.769 73.066 92.073 107.602 133.048 142.997 137.572 121.312 110.777 91.461 78.979 68.634 57.506 43.712 32.733 27.553 20.642 16.354 11.437 5.715 0.558
-999.250 -999.250 -999.250 -999.250 -999.250 -999.250 -999.250 -999.250 -999.250 -999.250 -999.250 -999.250 -999.250 -999.250 -999.250 -999.250 -999.250 -999.250 -999.250 -999.250 -999.250 -999.250 -999.250 -999.250 -999.250 -999.250 -999.250 13.916 14.512 13.714 18.690 22.329 25.333 33.530 41.081 53.645 56.828 68.639 79.290 70.764 60.171 48.247 41.975 37.501 32.057 31.149 34.561 47.562 68.039 84.315 93.426 103.431 107.491 100.222 92.469 82.410 75.217 65.745 54.703 47.195 39.548 28.657 21.698 19.199 14.293 10.789 7.294 1.316
-999.250 -999.250 -999.250 -999.250 -999.250 -999.250 -999.250 -999.250 -999.250 -999.250 -999.250 -999.250 -999.250 -999.250 -999.250 -999.250 -999.250 -999.250 -999.250 -999.250 -999.250 -999.250 -999.250 -999.250 -999.250 -999.250 -999.250 14.944 13.972 15.568 18.261 20.762 24.046 32.559 38.735 48.362 56.444 63.786 64.061 62.885 51.813 47.701 38.022 34.254 28.382 28.013 37.321 50.070 59.202 71.604 80.014 83.556 83.371 77.651 72.056 64.599 56.764 52.804 40.791 32.607 24.805 19.581 15.403 18.159 10.761 8.851 5.220 0.280
-999.250 -999.250 -999.250 -999.250 -999.250 -999.250 -999.250 -999.250 -999.250 -999.250 -999.250 -999.250 -999.250 -999.250 -999.250 -999.250 -999.250 -999.250 -999.250 -999.250 -999.250 -999.250 -999.250 -999.250 -999.250 -999.250 -999.250 13.891 14.103 15.247 17.418 21.043 28.094 29.390 39.886 45.196 54.299 56.916 57.432 55.195 51.684 39.679 32.781 29.872 24.847 27.242 31.184 44.218 53.651 65.083 68.280 66.896 68.145 62.863 53.800 50.277 41.608 31.648 25.842 19.825 16.162 15.209 9.663 8.953 5.105 4.958 0.000 0.000
-999.250 -999.250 -999.250 -999.250 -999.250 -999.250 -999.250 -999.250 -999.250 -999.250 -999.250 -999.250 -999.250 -999.250 -999.250 -999.250 -999.250 -999.250 -999.250 -999.250 -999.250 -999.250 -999.250 -999.250 -999.250 -999.250 -999.250 12.735 14.114 16.059 20.427 23.124 24.326 29.858 37.191 45.753 50.655 50.764 51.964 50.750 43.556 37.215 29.914 26.396 22.307 25.606 29.967 37.978 46.717 54.421 60.770 57.350 54.387 47.314 36.655 31.570 27.558 19.893 13.856 12.092 8.681 4.531 3.465 5.051 3.877 0.064 0.000 0.000
-999.250 -999.250 -999.250 -999.250 -999.250 -999.250 -999.250 -999.250 -999.250 -999.250 -999.250 -999.250 -999.250 -999.250 -999.250 -999.250 -999.250 -999.250 -999.250 -999.250 -999.250 -999.250 -999.250 -999.250 -999.250 -999.250 -999.250 -999.250 15.342 16.763 17.233 20.369 26.212 28.606 31.283 38.147 47.111 41.960 45.287 46.254 44.043 33.798 27.609 25.771 20.962 24.630 28.042 37.588 42.772 49.625 51.364 51.104 45.391 39.729 26.714 18.714 14.887 10.640 4.956 1.375 0.000 0.000 0.239 0.000 0.000 0.000 0.000 0.000
-999.250 -999.250 -999.250 -999.250 -999.250 -999.250 -999.250 -999.250 -999.250 -999.250 -999.250 -999.250 -999.250 -999.250 -999.250 -999.250 -999.250 -999.250 -999.250 -999.250 -999.250 -999.250 -999.250 -999.250 -999.250 -999.250 -999.250 -999.250 16.640 16.623 18.489 23.603 25.089 27.410 33.787 35.622 42.216 39.291 40.722 43.177 37.680 30.117 29.488 23.690 21.806 20.618 27.271 33.414 41.022 47.650 53.679 53.300 45.755 31.508 19.117 11.084 5.973 2.142 0.000 0.000 0.000 0.000 0.000 0.000 0.000 0.000 0.000 0.000
-999.250 -999.250 -999.250 -999.250 -999.250 -999.250 -999.250 -999.250 -999.250 -999.250 -999.250 -999.250 -999.250 -999.250 -999.250 -999.250 -999.250 -999.250 -999.250 -999.250 -999.250 -999.250 -999.250 -999.250 -999.250 -999.250 -999.250 -999.250 15.709 16.224 20.689 20.344 23.920 26.088 28.791 37.985 34.633 39.937 37.904 33.509 30.647 28.082 24.419 22.811 18.731 17.998 22.986 27.298 36.319 44.164 55.590 60.863 50.689 31.826 17.791 5.828 0.000 0.000 0.000 0.000 0.000 0.000 0.000 0.000 0.000 0.000 0.000 0.000
-999.250 -999.250 -999.250 -999.250 -999.250 -999.250 -999.250 -999.250 -999.250 -999.250 -999.250 -999.250 -999.250 -999.250 -999.250 -999.250 -999.250 -999.250 -999.250 -999.250 -999.250 -999.250 -999.250 -999.250 -999.250 -999.250 -999.250 -999.250 12.943 15.136 18.452 21.329 23.731 27.096 31.497 31.391 34.059 39.672 38.305 33.859 30.013 21.280 20.555 15.900 16.152 16.918 17.046 23.222 28.846 43.361 58.124 70.822 50.563 30.783 15.822 5.986 0.000 0.000 0.000 0.000 0.000 0.000 0.000 0.000 0.000 0.000 0.000 0.000
-999.250 -999.250 -999.250 -999.250 -999.250 -999.250 -999.250 -999.250 -999.250 -999.250 -999.250 -999.250 -999.250 -999.250 -999.250 -999.250 -999.250 -999.250 -999.250 -999.250 -999.250 -999.250 -999.250 -999.250 -999.250 -999.250 -999.250 -999.250 13.330 14.666 19.529 20.049 18.283 23.437 26.850 32.697 35.198 36.152 39.537 35.354 27.778 21.314 16.379 14.654 12.505 14.176 14.970 16.853 23.826 34.127 43.953 50.179 40.247 27.836 17.339 8.054 0.000 0.000 0.000 0.000 0.000 0.000 0.000 0.000 0.000 0.000 0.000 0.000
-999.250 -999.250 -999.250 -999.250 -999.250 -999.250 -999.250 -999.250 -999.250 -999.250 -999.250 -999.250 -999.250 -999.250 -999.250 -999.250 -999.250 -999.250 -999.250 -999.250 -999.250 -999.250 -999.250 -999.250 -999.250 -999.250 -999.250 12.056 14.306 15.254 15.800 19.304 21.511 23.650 22.627 27.693 29.952 34.576 38.761 40.888 30.748 21.957 16.771 12.026 8.803 9.107 10.486 11.864 18.473 25.730 28.646 32.100 29.980 22.882 14.345 7.332 0.000 0.000 0.000 0.000 0.000 0.000 0.000 0.000 0.000 0.967 1.151 0.000
-999.250 -999.250 -999.250 -999.250 -999.250 -999.250 -999.250 -999.250 -999.250 -999.250 -999.250 -999.250 -999.250 -999.250 -999.250 -999.250 -999.250 -999.250 -999.250 -999.250 -999.250 -999.250 -999.250 -999.250 -999.250 -999.250 -999.250 13.223 15.293 15.915 18.919 21.731 19.908 22.267 25.270 28.179 28.212 31.763 32.641 32.256 30.089 21.779 16.228 11.410 6.665 5.544 6.361 4.247 8.689 12.556 15.561 20.358 20.168 16.307 10.763 5.107 0.052 0.000 0.000 0.000 0.000 0.000 0.000 1.192 0.992 2.940 4.611 2.958
-999.250 -999.250 -999.250 -999.250 -999.250 -999.250 -999.250 -999.250 -999.250 -999.250 -999.250 -999.250 -999.250 -999.250 -999.250 -999.250 -999.250 -999.250 -999.250 -999.250 -999.250 -999.250 -999.250 -999.250 -999.250 -999.250 -999.250 13.456 14.392 14.397 18.157 18.945 22.681 24.082 28.830 28.614 28.633 29.401 29.729 29.287 22.753 19.833 11.994 11.441 6.030 0.352 0.000 0.000 0.000 0.000 4.605 9.739 11.751 11.232 6.487 1.149 0.000 0.000 0.000 0.000 0.000 0.000 0.792 2.293 4.515 5.198 5.556 6.798
-999.250 -999.250 -999.250 -999.250 -999.250 -999.250 -999.250 -999.250 -999.250 -999.250 -999.250 -999.250 -999.250 -999.250 -999.250 -999.250 -999.250 -999.250 -999.250 -999.250 -999.250 -999.250 -999.250 -999.250 -999.250 -999.250 13.311 13.325 15.821 16.458 17.714 19.479 26.656 22.223 27.476 26.473 27.748 29.532 28.003 26.607 22.296 15.963 11.279 8.897 3.678 0.000 0.000 0.000 0.000 0.000 0.098 4.398 6.020 4.346 1.940 0.000 0.000 0.000 0.000 0.000 0.000 0.000 2.528 6.522 7.544 10.373 12.014 8.474
-999.250 -999.250 -999.250 -999.250 -999.250 -999.250 -999.250 -999.250 -999.250 -999.250 -999.250 -999.250 -999.250 -999.250 -999.250 -999.250 -999.250 -999.250 -999.250 -999.250 -999.250 -999.250 -999.250 -999.250 -999.250 -999.250 13.921 15.808 16.294 18.849 20.080 20.639 24.759 23.790 28.234 29.311 31.899 27.910 28.492 26.637 19.944 14.699 11.151 5.611 2.229 0.000 0.000 0.000 0.000 0.000 0.000 0.000 0.000 0.000 0.000 0.000 0.000 0.000 0.000 0.000 0.000 4.262 8.457 11.638 13.282 12.694 16.437 14.320
