data/medianmodel_21-Jul-2020.asc
ncols	141
nrows	288
xllcorner	-120191.398
yllcorner	-301404.813
cellsize	2000.000
NODATA_value	-999.250
[rows 93 to 123 of 288, columns 0 to 69 of 141]
-999.250 -999.250 -999.250 -999.250 -999.250 -999.250 -999.250 -999.250 -999.250 -999.250 -999.250 -999.250 -999.250 -999.250 -999.250 -999.250 -999.250 -999.250 -999.250 -999.250 -999.250 -999.250 -999.250 -999.250 -999.250 -999.250 -999.250 -999.250 -999.250 -999.250 -999.250 0.000 0.000 0.788 2.681 5.183 6.501 8.302 10.201 12.775 12.889 13.378 14.601 12.367 10.186 10.242 11.006 6.679 1.552 0.906 0.000 0.000 0.000 0.000 0.000 0.000 0.000 0.000 0.000 0.000 0.000 0.000 0.000 0.000 0.000 0.000 0.000 0.000 1.254 1.639
-999.250 -999.250 -999.250 -999.250 -999.250 -999.250 -999.250 -999.250 -999.250 -999.250 -999.250 -999.250 -999.250 -999.250 -999.250 -999.250 -999.250 -999.250 -999.250 -999.250 -999.250 -999.250 -999.250 -999.250 -999.250 -999.250 -999.250 -999.250 -999.250 -999.250 -999.250 0.000 0.564 3.345 5.942 6.882 7.419 7.523 9.007 9.797 11.038 12.296 11.848 11.569 9.115 7.188 7.358 4.819 0.600 0.102 0.000 0.000 0.000 0.000 0.000 0.000 0.000 0.000 0.000 0.000 0.000 0.000 0.000 0.000 0.000 0.000 0.000 0.000 0.000 0.000
-999.250 -999.250 -999.250 -999.250 -999.250 -999.250 -999.250 -999.250 -999.250 -999.250 -999.250 -999.250 -999.250 -999.250 -999.250 -999.250 -999.250 -999.250 -999.250 -999.250 -999.250 -999.250 -999.250 -999.250 -999.250 -999.250 -999.250 -999.250 -999.250 -999.250 -999.250 1.251 2.871 5.021 8.452 6.432 8.012 7.631 8.720 10.005 9.399 11.436 9.946 8.043 6.917 5.437 3.693 2.159 0.981 0.000 0.000 0.000 0.000 0.000 0.000 0.000 0.000 0.000 0.000 0.000 0.000 0.000 0.000 0.000 0.000 0.000 0.000 0.000 0.000 0.000
-999.250 -999.250 -999.250 -999.250 -999.250 -999.250 -999.250 -999.250 -999.250 -999.250 -999.250 -999.250 -999.250 -999.250 -999.250 -999.250 -999.250 -999.250 -999.250 -999.250 -999.250 -999.250 -999.250 -999.250 -999.250 -999.250 -999.250 -999.250 -999.250 -999.250 0.000 1.761 2.498 4.669 5.638 5.043 7.008 8.609 9.536 10.372 10.750 9.441 10.008 8.110 5.773 3.057 3.400 1.548 0.148 0.000 0.000 0.000 0.000 0.000 0.000 0.000 0.000 0.000 0.000 0.000 0.000 0.000 0.000 0.000 0.000 0.000 0.000 0.000 0.000 0.000
-999.250 -999.250 -999.250 -999.250 -999.250 -999.250 -999.250 -999.250 -999.250 -999.250 -999.250 -999.250 -999.250 -999.250 -999.250 -999.250 -999.250 -999.250 -999.250 -999.250 -999.250 -999.250 -999.250 -999.250 -999.250 -999.250 -999.250 -999.250 -999.250 -999.250 2.836 3.375 3.139 4.024 4.705 6.084 8.709 8.845 10.076 10.585 10.122 8.787 8.374 7.512 6.550 4.515 5.022 2.433 0.277 0.000 0.000 0.000 0.000 0.000 0.000 0.000 0.000 0.000 0.000 0.000 0.000 0.000 0.000 0.000 0.000 0.000 0.000 0.000 0.000 0.000
-999.250 -999.250 -999.250 -999.250 -999.250 -999.250 -999.250 -999.250 -999.250 -999.250 -999.250 -999.250 -999.250 -999.250 -999.250 -999.250 -999.250 -999.250 -999.250 -999.250 -999.250 -999.250 -999.250 -999.250 -999.250 -999.250 -999.250 -999.250 -999.250 -999.250 1.493 3.704 2.684 4.734 6.003 7.277 8.328 10.905 11.889 11.642 14.003 11.379 8.466 7.281 5.914 4.660 4.225 1.337 1.087 0.334 0.002 0.000 0.000 0.768 0.000 0.000 0.000 0.000 0.000 0.000 0.000 0.000 0.000 0.000 0.000 0.000 0.000 0.000 0.000 0.000
-999.250 -999.250 -999.250 -999.250 -999.250 -999.250 -999.250 -999.250 -999.250 -999.250 -999.250 -999.250 -999.250 -999.250 -999.250 -999.250 -999.250 -999.250 -999.250 -999.250 -999.250 -999.250 -999.250 -999.250 -999.250 -999.250 -999.250 -999.250 -999.250 -999.250 2.979 4.511 6.454 5.504 7.178 8.172 8.595 10.760 11.507 12.803 17.137 10.846 9.002 7.787 6.542 4.093 3.168 1.987 0.449 0.744 0.584 2.960 2.505 2.131 2.033 1.056 0.221 0.000 0.000 0.000 0.000 0.000 0.000 0.000 0.000 0.000 0.000 0.000 0.000 0.000
-999.250 -999.250 -999.250 -999.250 -999.250 -999.250 -999.250 -999.250 -999.250 -999.250 -999.250 -999.250 -999.250 -999.250 -999.250 -999.250 -999.250 -999.250 -999.250 -999.250 -999.250 -999.250 -999.250 -999.250 -999.250 -999.250 -999.250 -999.250 -999.250 2.051 4.900 4.424 7.059 6.942 7.373 9.013 10.204 11.034 10.641 11.365 11.281 10.361 7.418 7.065 6.630 4.714 1.943 1.189 0.533 1.967 3.937 5.551 6.642 5.878 4.901 2.349 2.645 0.114 0.000 0.000 0.000 0.000 0.000 0.000 0.000 0.000 0.000 0.000 0.000 0.000
-999.250 -999.250 -999.250 -999.250 -999.250 -999.250 -999.250 -999.250 -999.250 -999.250 -999.250 -999.250 -999.250 -999.250 -999.250 -999.250 -999.250 -999.250 -999.250 -999.250 -999.250 -999.250 -999.250 -999.250 -999.250 -999.250 -999.250 -999.250 -999.250 2.191 4.357 6.763 7.744 7.659 9.027 8.950 10.516 11.707 12.904 10.710 9.849 8.627 8.402 6.655 5.399 4.463 2.334 2.984 1.543 4.626 5.005 6.611 7.770 8.467 6.489 4.237 2.278 0.646 0.000 0.000 0.000 0.000 0.000 0.000 0.000 0.000 0.000 0.000 0.000 0.000
-999.250 -999.250 -999.250 -999.250 -999.250 -999.250 -999.250 -999.250 -999.250 -999.250 -999.250 -999.250 -999.250 -999.250 -999.250 -999.250 -999.250 -999.250 -999.250 -999.250 -999.250 -999.250 -999.250 -999.250 -999.250 -999.250 -999.250 -999.250 -999.250 3.910 3.357 6.958 7.605 7.640 8.601 9.831 9.236 12.244 9.359 9.595 8.889 8.555 7.272 6.652 4.260 4.622 4.859 2.521 2.832 4.817 6.240 7.130 7.777 14.605 9.349 5.102 2.013 0.000 0.000 0.000 0.000 0.000 0.000 0.000 0.000 0.000 0.000 0.000 0.000 0.000
-999.250 -999.250 -999.250 -999.250 -999.250 -999.250 -999.250 -999.250 -999.250 -999.250 -999.250 -999.250 -999.250 -999.250 -999.250 -999.250 -999.250 -999.250 -999.250 -999.250 -999.250 -999.250 -999.250 -999.250 -999.250 -999.250 -999.250 -999.250 -999.250 5.444 4.614 7.631 8.347 8.780 9.970 10.030 11.134 11.048 10.106 8.752 8.336 7.829 7.458 5.185 5.046 5.024 3.771 4.676 3.569 3.736 5.590 6.087 7.217 8.847 6.913 3.785 1.621 0.809 0.000 0.000 0.000 0.000 0.000 0.000 0.000 0.000 0.000 0.000 0.000 0.000
-999.250 -999.250 -999.250 -999.250 -999.250 -999.250 -999.250 -999.250 -999.250 -999.250 -999.250 -999.250 -999.250 -999.250 -999.250 -999.250 -999.250 -999.250 -999.250 -999.250 -999.250 -999.250 -999.250 -999.250 -999.250 -999.250 -999.250 -999.250 2.659 4.405 5.321 6.353 8.858 10.012 11.682 13.060 12.684 11.885 11.646 10.709 8.939 8.717 6.866 5.914 4.965 5.033 5.835 5.984 5.141 5.864 5.467 5.487 6.109 5.169 3.920 1.737 0.000 0.000 0.000 0.000 0.000 0.000 0.000 0.000 0.000 0.000 0.000 0.000 0.000 0.000
-999.250 -999.250 -999.250 -999.250 -999.250 -999.250 -999.250 -999.250 -999.250 -999.250 -999.250 -999.250 -999.250 -999.250 -999.250 -999.250 -999.250 -999.250 -999.250 -999.250 -999.250 -999.250 -999.250 -999.250 -999.250 -999.250 -999.250 -999.250 3.914 4.344 6.785 6.300 8.560 8.580 10.139 11.636 12.533 15.604 17.068 12.903 11.417 8.343 7.803 5.676 3.722 6.359 7.454 4.845 3.166 4.551 1.967 4.523 4.015 3.423 2.766 0.762 0.000 0.000 0.000 0.000 0.000 0.000 0.000 0.000 0.000 0.000 0.000 0.000 0.000 0.000
-999.250 -999.250 -999.250 -999.250 -999.250 -999.250 -999.250 -999.250 -999.250 -999.250 -999.250 -999.250 -999.250 -999.250 -999.250 -999.250 -999.250 -999.250 -999.250 -999.250 -999.250 -999.250 -999.250 -999.250 -999.250 -999.250 -999.250 1.144 4.048 4.787 5.346 7.068 7.463 8.715 10.455 11.891 12.321 16.694 23.787 13.668 10.788 9.269 6.188 4.803 4.873 4.542 5.915 3.286 3.899 4.240 3.561 2.686 0.964 0.237 0.000 0.000 0.000 0.000 0.000 0.000 0.000 0.000 0.000 0.000 0.000 0.000 0.000 0.000 0.000 0.000
-999.250 -999.250 -999.250 -999.250 -999.250 -999.250 -999.250 -999.250 -999.250 -999.250 -999.250 -999.250 -999.250 -999.250 -999.250 -999.250 -999.250 -999.250 -999.250 -999.250 -999.250 -999.250 -999.250 -999.250 -999.250 -999.250 -999.250 3.362 4.657 5.853 6.644 8.322 9.251 7.683 9.124 11.566 14.564 15.734 17.263 12.630 11.648 8.190 6.480 4.611 2.589 2.911 3.143 2.833 2.755 2.201 1.306 1.778 1.763 0.000 0.000 0.000 0.000 0.000 0.000 0.000 0.000 0.000 0.000 0.000 0.000 0.000 0.000 0.000 0.000 0.000
-999.250 -999.250 -999.250 -999.250 -999.250 -999.250 -999.250 -999.250 -999.250 -999.250 -999.250 -999.250 -999.250 -999.250 -999.250 -999.250 -999.250 -999.250 -999.250 -999.250 -999.250 -999.250 -999.250 -999.250 -999.250 -999.250 -999.250 2.112 4.103 5.860 6.874 7.723 9.157 8.089 8.926 10.698 13.861 11.245 10.499 10.777 8.561 6.991 5.181 5.101 2.182 2.465 4.176 3.308 3.308 3.190 3.848 2.932 1.939 0.005 0.000 0.000 0.000 0.000 0.000 0.000 0.000 0.000 0.000 0.000 0.000 0.000 0.000 0.000 0.000 0.000
-999.250 -999.250 -999.250 -999.250 -999.250 -999.250 -999.250 -999.250 -999.250 -999.250 -999.250 -999.250 -999.250 -999.250 -999.250 -999.250 -999.250 -999.250 -999.250 -999.250 -999.250 -999.250 -999.250 -999.250 -999.250 -999.250 -999.250 2.217 3.461 6.126 8.511 7.361 8.083 8.058 7.619 9.224 10.457 10.263 9.062 9.097 7.089 4.482 3.463 3.134 1.081 1.316 1.651 2.117 2.830 2.503 4.129 3.882 3.756 1.614 0.000 0.000 0.000 0.000 0.000 0.000 0.000 0.000 0.000 0.000 0.000 0.000 0.000 0.000 0.000 0.000
-999.250 -999.250 -999.250 -999.250 -999.250 -999.250 -999.250 -999.250 -999.250 -999.250 -999.250 -999.250 -999.250 -999.250 -999.250 -999.250 -999.250 -999.250 -999.250 -999.250 -999.250 -999.250 -999.250 -999.250 -999.250 -999.250 -999.250 -999.250 2.727 4.564 4.813 5.706 7.016 6.992 7.452 8.141 9.277 8.694 6.622 6.352 5.183 4.155 2.980 0.061 0.000 0.134 0.105 1.263 2.417 4.335 4.074 5.340 5.325 3.953 2.016 0.575 0.000 0.000 0.000 0.000 0.000 0.000 0.000 0.000 0.000 0.000 0.000 0.000 0.000 0.000
-999.250 -999.250 -999.250 -999.250 -999.250 -999.250 -999.250 -999.250 -999.250 -999.250 -999.250 -999.250 -999.250 -999.250 -999.250 -999.250 -999.250 -999.250 -999.250 -999.250 -999.250 -999.250 -999.250 -999.250 -999.250 -999.250 -999.250 -999.250 2.450 3.520 4.758 4.541 5.995 5.880 6.450 6.465 6.877 6.463 7.160 5.301 3.747 1.726 1.571 0.000 0.000 0.000 0.000 0.979 3.023 4.907 5.950 6.502 6.995 5.815 4.496 2.358 0.478 0.000 0.000 0.000 0.000 0.000 0.000 0.000 0.000 0.000 0.000 0.000 0.000 0.000
-999.250 -999.250 -999.250 -999.250 -999.250 -999.250 -999.250 -999.250 -999.250 -999.250 -999.250 -999.250 -999.250 -999.250 -999.250 -999.250 -999.250 -999.250 -999.250 -999.250 -999.250 -999.250 -999.250 -999.250 -999.250 -999.250 -999.250 -999.250 0.342 2.653 3.721 4.548 4.766 4.669 6.160 5.695 5.333 6.902 5.511 4.758 1.667 1.226 0.000 0.000 0.000 0.000 0.000 0.032 2.519 4.964 8.148 10.641 8.874 7.008 6.151 5.828 2.015 0.000 0.000 0.000 0.000 0.000 0.000 0.000 0.000 0.000 0.000 0.000 0.000 0.000
-999.250 -999.250 -999.250 -999.250 -999.250 -999.250 -999.250 -999.250 -999.250 -999.250 -999.250 -999.250 -999.250 -999.250 -999.250 -999.250 -999.250 -999.250 -999.250 -999.250 -999.250 -999.250 -999.250 -999.250 -999.250 -999.250 -999.250 -999.250 0.000 0.053 2.131 3.097 4.304 3.841 4.401 4.839 5.013 5.023 3.292 3.023 1.510 0.000 0.000 0.000 0.000 0.000 0.000 0.000 2.733 5.916 9.370 15.738 9.804 7.256 5.073 4.280 0.981 0.000 0.000 0.000 0.000 0.000 0.000 0.000 0.000 0.000 0.000 0.000 0.000 0.000
-999.250 -999.250 -999.250 -999.250 -999.250 -999.250 -999.250 -999.250 -999.250 -999.250 -999.250 -999.250 -999.250 -999.250 -999.250 -999.250 -999.250 -999.250 -999.250 -999.250 -999.250 -999.250 -999.250 -999.250 -999.250 -999.250 -999.250 -999.250 0.000 0.454 0.685 4.435 2.547 2.269 2.059 3.413 3.306 3.604 3.810 4.719 1.409 0.000 0.000 0.000 0.000 0.000 0.000 0.000 0.200 4.313 7.309 10.217 7.707 6.363 3.301 1.335 0.263 0.000 0.000 0.000 0.000 0.000 0.000 0.000 0.000 0.000 0.000 0.000 0.000 0.000
-999.250 -999.250 -999.250 -999.250 -999.250 -999.250 -999.250 -999.250 -999.250 -999.250 -999.250 -999.250 -999.250 -999.250 -999.250 -999.250 -999.250 -999.250 -999.250 -999.250 -999.250 -999.250 -999.250 -999.250 -999.250 -999.250 -999.250 0.000 0.000 0.458 2.082 0.909 0.897 3.458 4.120 3.947 2.245 3.811 4.949 5.841 1.128 0.000 0.000 0.000 0.000 0.000 0.000 0.000 0.000 2.609 5.312 6.332 5.159 5.197 3.839 0.469 0.000 0.000 0.000 0.000 0.000 0.000 0.000 0.000 0.000 0.000 0.000 0.000 0.000 0.000
-999.250 -999.250 -999.250 -999.250 -999.250 -999.250 -999.250 -999.250 -999.250 -999.250 -999.250 -999.250 -999.250 -999.250 -999.250 -999.250 -999.250 -999.250 -999.250 -999.250 -999.250 -999.250 -999.250 -999.250 -999.250 -999.250 -999.250 0.000 0.149 0.366 0.270 0.127 1.198 1.616 1.778 0.923 2.616 3.880 3.285 2.965 0.053 0.000 0.000 0.000 0.000 0.000 0.000 0.000 0.000 0.000 2.369 4.754 5.303 4.526 4.070 1.190 0.000 0.000 0.000 0.000 0.000 0.000 0.000 0.000 0.000 0.000 0.000 0.000 0.000 0.000
-999.250 -999.250 -999.250 -999.250 -999.250 -999.250 -999.250 -999.250 -999.250 -999.250 -999.250 -999.250 -999.250 -999.250 -999.250 -999.250 -999.250 -999.250 -999.250 -999.250 -999.250 -999.250 -999.250 -999.250 -999.250 -999.250 -999.250 0.165 0.697 0.700 0.549 0.146 0.627 0.488 1.254 1.464 1.873 2.951 2.243 0.444 0.000 0.000 0.000 0.000 0.000 0.000 0.000 0.000 0.000 0.000 0.502 1.664 3.681 4.322 2.935 1.302 0.000 0.000 0.000 0.000 0.000 0.000 0.000 0.000 0.000 0.000 0.000 0.000 0.000 0.000
-999.250 -999.250 -999.250 -999.250 -999.250 -999.250 -999.250 -999.250 -999.250 -999.250 -999.250 -999.250 -999.250 -999.250 -999.250 -999.250 -999.250 -999.250 -999.250 -999.250 -999.250 -999.250 -999.250 -999.250 -999.250 -999.250 0.000 0.000 1.105 0.242 0.828 0.960 0.785 0.835 0.003 1.237 0.030 1.724 0.070 0.000 0.000 0.000 0.000 0.000 0.000 0.000 0.000 0.000 0.000 0.000 0.951 2.618 3.458 4.737 5.230 2.978 0.000 0.000 0.000 0.000 0.000 0.000 0.000 0.000 0.000 0.000 0.000 0.000 0.000 0.000
-999.250 -999.250 -999.250 -999.250 -999.250 -999.250 -999.250 -999.250 -999.250 -999.250 -999.250 -999.250 -999.250 -999.250 -999.250 -999.250 -999.250 -999.250 -999.250 -999.250 -999.250 -999.250 -999.250 -999.250 -999.250 -999.250 0.000 0.361 1.802 1.876 0.317 0.089 0.540 1.627 1.399 2.300 0.686 0.533 0.254 0.328 0.000 0.000 0.000 0.000 0.000 0.000 0.000 0.000 0.000 0.447 2.498 4.173 5.296 7.060 6.242 2.494 0.131 0.000 0.000 0.000 0.000 0.000 0.000 0.000 0.000 0.000 0.000 0.000 0.000 0.000
-999.250 -999.250 -999.250 -999.250 -999.250 -999.250 -999.250 -999.250 -999.250 -999.250 -999.250 -999.250 -999.250 -999.250 -999.250 -999.250 -999.250 -999.250 -999.250 -999.250 -999.250 -999.250 -999.250 -999.250 -999.250 -999.250 0.635 0.545 1.082 1.813 1.603 0.015 1.750 2.300 2.121 1.833 2.207 0.827 0.000 0.000 0.000 0.000 0.000 0.000 0.000 0.000 0.352 1.683 1.595 3.378 5.059 7.165 7.742 7.857 7.701 5.209 1.904 0.000 0.000 0.000 0.000 0.000 0.000 0.000 0.000 0.000 0.000 0.000 0.000 0.000
-999.250 -999.250 -999.250 -999.250 -999.250 -999.250 -999.250 -999.250 -999.250 -999.250 -999.250 -999.250 -999.250 -999.250 -999.250 -999.250 -999.250 -999.250 -999.250 -999.250 -999.250 -999.250 -999.250 -999.250 -999.250 1.027 1.369 0.804 1.953 1.754 2.770 0.064 0.542 2.283 1.991 1.759 2.312 2.269 2.907 1.480 0.191 0.000 0.000 0.000 0.024 0.991 3.149 5.441 5.572 5.775 7.638 8.947 9.663 9.599 8.150 6.860 3.299 0.000 0.000 0.000 0.000 0.000 0.000 0.000 0.000 0.000 0.000 0.000 0.000 0.000
-999.250 -999.250 -999.250 -999.250 -999.250 -999.250 -999.250 -999.250 -999.250 -999.250 -999.250 -999.250 -999.250 -999.250 -999.250 -999.250 -999.250 -999.250 -999.250 -999.250 -999.250 -999.250 -999.250 -999.250 -999.250 2.700 1.085 0.673 0.892 2.230 1.208 3.123 1.969 1.555 2.166 1.718 3.848 4.025 6.148 3.034 0.838 0.000 0.000 0.368 0.731 3.259 4.335 8.306 7.165 7.400 8.576 12.395 12.746 13.514 12.140 9.645 7.114 1.574 0.000 0.000 0.000 0.000 0.000 0.000 0.000 0.000 0.000 0.000 0.000 0.000
-999.250 -999.250 -999.250 -999.250 -999.250 -999.250 -999.250 -999.250 -999.250 -999.250 -999.250 -999.250 -999.250 -999.250 -999.250 -999.250 -999.250 -999.250 -999.250 -999.250 -999.250 -999.250 -999.250 -999.250 -999.250 4.705 4.135 2.794 3.687 3.246 1.468 3.129 4.606 2.017 1.754 2.695 5.140 5.740 7.773 4.259 0.028 0.240 0.000 0.368 0.923 3.651 4.028 6.322 6.667 8.005 9.370 12.945 15.645 17.953 16.983 13.178 8.189 4.663 0.006 0.000 0.000 0.000 0.000 0.000 0.000 0.000 0.000 0.000 0.000 0.000
