data/medianmodel_01-Nov-2020.asc
ncols	141
nrows	288
xllcorner	-120191.398
yllcorner	-301404.813
cellsize	2000.000
NODATA_value	-999.250
[rows 116 to 144 of 288, columns 0 to 64 of 141]
-999.250 -999.250 -999.250 -999.250 -999.250 -999.250 -999.250 -999.250 -999.250 -999.250 -999.250 -999.250 -999.250 -999.250 -999.250 -999.250 -999.250 -999.250 -999.250 -999.250 -999.250 -999.250 -999.250 -999.250 -999.250 -999.250 -999.250 167.404 185.432 190.521 199.543 184.481 171.410 163.088 140.576 134.752 110.196 92.836 83.962 68.471 72.551 79.684 108.376 133.093 152.548 165.548 209.863 218.418 257.167 257.463 256.714 212.539 193.237 158.930 116.435 88.716 59.027 47.345 55.040 59.858 67.414 69.044 85.848 89.960 103.943
-999.250 -999.250 -999.250 -999.250 -999.250 -999.250 -999.250 -999.250 -999.250 -999.250 -999.250 -999.250 -999.250 -999.250 -999.250 -999.250 -999.250 -999.250 -999.250 -999.250 -999.250 -999.250 -999.250 -999.250 -999.250 -999.250 -999.250 165.956 151.277 148.241 164.146 158.674 152.446 142.645 110.801 118.178 102.862 92.725 80.055 76.217 70.468 79.502 106.990 123.587 150.249 182.864 203.169 238.566 287.770 296.461 270.503 224.199 200.481 176.142 130.750 90.774 69.981 38.255 50.992 60.133 71.837 71.494 75.470 91.306 81.335
-999.250 -999.250 -999.250 -999.250 -999.250 -999.250 -999.250 -999.250 -999.250 -999.250 -999.250 -999.250 -999.250 -999.250 -999.250 -999.250 -999.250 -999.250 -999.250 -999.250 -999.250 -999.250 -999.250 -999.250 -999.250 -999.250 152.557 143.975 169.911 157.157 150.598 155.299 139.980 124.716 123.683 106.681 86.370 87.486 72.552 71.448 75.084 84.811 110.255 136.297 159.908 168.189 199.056 234.905 273.461 274.884 257.567 228.427 192.542 160.428 135.436 91.009 64.667 51.645 54.221 62.188 63.075 69.727 73.945 76.248 75.744
-999.250 -999.250 -999.250 -999.250 -999.250 -999.250 -999.250 -999.250 -999.250 -999.250 -999.250 -999.250 -999.250 -999.250 -999.250 -999.250 -999.250 -999.250 -999.250 -999.250 -999.250 -999.250 -999.250 -999.250 -999.250 -999.250 160.937 156.430 136.094 145.738 155.277 126.205 132.964 115.644 117.539 101.965 91.843 80.505 74.838 67.015 68.342 85.942 104.947 131.082 141.964 159.629 185.819 209.654 227.569 249.112 215.517 203.970 181.687 148.893 130.199 101.858 73.122 63.476 64.535 68.230 64.192 71.308 77.364 68.431 86.191
-999.250 -999.250 -999.250 -999.250 -999.250 -999.250 -999.250 -999.250 -999.250 -999.250 -999.250 -999.250 -999.250 -999.250 -999.250 -999.250 -999.250 -999.250 -999.250 -999.250 -999.250 -999.250 -999.250 -999.250 -999.250 -999.250 152.480 154.284 140.143 129.698 131.944 137.571 134.379 124.572 104.739 89.691 74.677 63.421 64.857 71.886 70.257 82.448 104.724 120.836 127.608 157.714 176.026 196.665 208.695 211.191 218.468 192.072 159.267 148.820 131.925 101.255 73.939 70.522 69.217 60.500 63.981 62.184 69.114 62.553 68.064
-999.250 -999.250 -999.250 -999.250 -999.250 -999.250 -999.250 -999.250 -999.250 -999.250 -999.250 -999.250 -999.250 -999.250 -999.250 -999.250 -999.250 -999.250 -999.250 -999.250 -999.250 -999.250 -999.250 -999.250 -999.250 151.018 135.324 126.762 125.909 128.294 138.821 143.756 129.306 117.610 122.211 100.283 76.000 71.451 64.182 70.067 78.820 79.321 88.539 126.286 137.943 142.418 145.639 156.446 176.889 197.384 206.359 183.667 146.666 130.855 111.507 87.620 72.149 64.932 58.651 63.009 69.553 65.343 70.845 74.702 76.938
-999.250 -999.250 -999.250 -999.250 -999.250 -999.250 -999.250 -999.250 -999.250 -999.250 -999.250 -999.250 -999.250 -999.250 -999.250 -999.250 -999.250 -999.250 -999.250 -999.250 -999.250 -999.250 -999.250 -999.250 -999.250 134.261 143.302 128.867 118.797 117.430 131.605 124.331 123.095 124.389 125.811 112.243 86.803 72.684 62.154 70.757 78.494 86.026 98.075 128.578 125.565 133.364 129.779 116.289 159.467 185.107 178.789 172.684 146.214 127.398 96.760 89.806 71.072 61.636 63.034 67.352 78.622 64.375 79.616 77.650 90.122
-999.250 -999.250 -999.250 -999.250 -999.250 -999.250 -999.250 -999.250 -999.250 -999.250 -999.250 -999.250 -999.250 -999.250 -999.250 -999.250 -999.250 -999.250 -999.250 -999.250 -999.250 -999.250 -999.250 -999.250 -999.250 121.026 116.941 134.169 115.279 131.142 116.950 124.885 141.860 124.444 122.193 121.591 98.843 80.643 66.070 73.734 82.518 105.626 115.478 125.141 134.880 143.178 146.308 145.593 181.083 196.849 195.038 169.226 134.686 107.382 94.044 80.716 72.576 70.811 64.227 73.455 72.869 73.449 82.787 86.971 98.687
-999.250 -999.250 -999.250 -999.250 -999.250 -999.250 -999.250 -999.250 -999.250 -999.250 -999.250 -999.250 -999.250 -999.250 -999.250 -999.250 -999.250 -999.250 -999.250 -999.250 -999.250 -999.250 -999.250 -999.250 120.230 103.036 109.242 124.948 122.326 116.225 137.696 134.043 131.359 123.500 132.918 129.877 109.463 107.212 88.088 88.604 103.004 129.460 138.345 154.217 143.527 160.312 169.964 190.573 213.824 215.042 196.136 173.043 132.348 97.889 73.062 69.846 70.024 70.999 71.499 79.155 81.538 84.829 88.531 91.195 102.343
-999.250 -999.250 -999.250 -999.250 -999.250 -999.250 -999.250 -999.250 -999.250 -999.250 -999.250 -999.250 -999.250 -999.250 -999.250 -999.250 -999.250 -999.250 -999.250 -999.250 -999.250 -999.250 -999.250 -999.250 103.169 99.653 97.610 114.431 124.006 141.189 139.596 134.390 124.291 127.521 128.408 134.858 117.481 114.378 108.393 112.105 128.120 143.492 152.720 163.263 182.547 191.942 209.077 232.367 267.251 239.440 221.819 182.784 156.849 111.118 53.879 64.260 77.085 74.256 82.073 93.542 103.324 113.993 91.374 97.761 119.221
-999.250 -999.250 -999.250 -999.250 -999.250 -999.250 -999.250 -999.250 -999.250 -999.250 -999.250 -999.250 -999.250 -999.250 -999.250 -999.250 -999.250 -999.250 -999.250 -999.250 -999.250 -999.250 -999.250 115.286 108.807 122.485 106.564 104.272 131.396 137.435 142.593 141.533 127.273 144.544 147.237 130.581 123.379 128.999 132.770 129.560 134.196 152.477 186.087 197.284 218.775 230.492 257.849 283.110 307.982 278.329 272.682 211.750 180.661 131.862 90.198 85.258 86.950 77.500 92.162 95.278 114.007 118.595 126.426 109.498 117.608
-999.250 -999.250 -999.250 -999.250 -999.250 -999.250 -999.250 -999.250 -999.250 -999.250 -999.250 -999.250 -999.250 -999.250 -999.250 -999.250 -999.250 -999.250 -999.250 -999.250 -999.250 -999.250 -999.250 116.853 107.274 120.862 124.002 104.072 134.829 141.066 141.921 134.424 167.139 155.282 138.035 138.468 129.714 140.198 129.089 137.606 156.118 186.397 183.095 213.759 236.195 276.010 298.854 341.898 337.389 313.753 272.539 232.452 184.339 142.279 124.107 102.887 100.974 97.124 100.799 112.340 96.187 125.574 126.981 130.390 134.882
-999.250 -999.250 -999.250 -999.250 -999.250 -999.250 -999.250 -999.250 -999.250 -999.250 -999.250 -999.250 -999.250 -999.250 -999.250 -999.250 -999.250 -999.250 -999.250 -999.250 -999.250 -999.250 -999.250 117.828 114.959 126.682 127.574 127.056 148.877 152.880 150.346 166.588 163.829 161.147 152.448 149.100 155.443 151.870 140.688 153.507 173.755 191.647 197.504 218.624 236.631 299.276 322.280 352.508 394.118 352.213 288.148 251.768 208.015 161.779 129.380 112.180 109.221 97.570 112.688 117.316 127.359 123.438 123.482 129.367 151.221
-999.250 -999.250 -999.250 -999.250 -999.250 -999.250 -999.250 -999.250 -999.250 -999.250 -999.250 -999.250 -999.250 -999.250 -999.250 -999.250 -999.250 -999.250 -999.250 -999.250 -999.250 -999.250 138.265 127.524 137.278 126.455 138.115 152.632 153.445 164.377 170.962 183.964 182.309 175.953 153.093 184.092 168.876 154.339 150.528 175.816 196.042 204.184 215.139 221.716 253.861 302.374 327.039 360.438 362.158 344.064 291.313 245.653 206.593 177.020 149.470 109.238 119.493 98.664 103.143 128.252 132.432 138.086 143.205 134.355 134.775
-999.250 -999.250 -999.250 -999.250 -999.250 -999.250 -999.250 -999.250 -999.250 -999.250 -999.250 -999.250 -999.250 -999.250 -999.250 -999.250 -999.250 -999.250 -999.250 -999.250 -999.250 -999.250 141.294 148.742 142.780 144.033 160.184 174.579 181.654 188.083 183.707 193.345 188.588 181.234 172.572 172.003 182.882 181.763 152.161 172.508 181.414 192.624 235.973 233.782 248.637 288.130 307.839 333.070 321.807 306.908 247.527 212.443 187.848 141.402 146.892 120.876 96.937 97.517 112.640 109.386 134.604 134.749 130.954 136.657 138.649
-999.250 -999.250 -999.250 -999.250 -999.250 -999.250 -999.250 -999.250 -999.250 -999.250 -999.250 -999.250 -999.250 -999.250 -999.250 -999.250 -999.250 -999.250 -999.250 -999.250 -999.250 146.802 172.617 150.431 135.037 152.171 177.804 206.172 211.591 197.457 192.389 207.567 207.246 197.250 214.307 185.770 192.656 173.410 142.995 165.072 183.687 182.656 209.148 230.374 248.262 255.939 275.912 281.109 264.321 234.325 212.861 183.084 172.791 143.863 119.568 112.357 108.141 104.401 97.703 113.280 111.302 133.601 134.143 133.247 121.548
-999.250 -999.250 -999.250 -999.250 -999.250 -999.250 -999.250 -999.250 -999.250 -999.250 -999.250 -999.250 -999.250 -999.250 -999.250 -999.250 -999.250 -999.250 -999.250 -999.250 -999.250 182.147 169.124 160.060 161.943 169.967 206.715 209.135 211.790 231.269 220.150 234.195 227.118 217.435 233.845 218.113 193.309 180.507 178.442 166.704 173.829 202.092 211.351 219.023 224.836 247.394 263.399 243.552 242.690 203.925 195.487 172.386 138.543 125.424 105.363 98.722 97.447 96.594 117.988 106.203 102.958 126.818 136.058 138.179 136.790
-999.250 -999.250 -999.250 -999.250 -999.250 -999.250 -999.250 -999.250 -999.250 -999.250 -999.250 -999.250 -999.250 -999.250 -999.250 -999.250 -999.250 -999.250 -999.250 -999.250 -999.250 179.060 194.260 180.555 175.963 198.816 197.640 237.035 266.850 240.576 244.087 244.206 264.161 244.589 256.911 225.034 211.597 203.752 172.590 178.362 178.527 205.647 193.100 190.911 208.787 210.093 213.011 211.233 198.514 190.483 172.390 138.337 109.793 109.609 103.588 88.977 102.991 100.236 113.063 101.986 104.372 118.240 129.922 121.244 132.462
-999.250 -999.250 -999.250 -999.250 -999.250 -999.250 -999.250 -999.250 -999.250 -999.250 -999.250 -999.250 -999.250 -999.250 -999.250 -999.250 -999.250 -999.250 -999.250 -999.250 214.701 209.161 197.302 208.785 200.606 219.683 221.396 242.506 276.205 268.433 267.747 265.201 279.297 256.380 234.049 238.558 228.807 201.378 184.726 160.150 170.183 187.149 191.091 189.125 179.759 191.267 196.915 184.723 164.973 162.007 144.336 117.436 75.386 79.226 81.567 102.143 93.517 103.545 99.227 86.820 105.868 106.661 116.347 109.358 104.688
-999.250 -999.250 -999.250 -999.250 -999.250 -999.250 -999.250 -999.250 -999.250 -999.250 -999.250 -999.250 -999.250 -999.250 -999.250 -999.250 -999.250 -999.250 -999.250 -999.250 223.385 209.010 210.008 220.189 221.147 218.716 274.585 276.760 321.659 324.189 315.732 302.488 299.279 261.766 260.546 243.851 219.672 207.619 190.368 176.201 176.206 176.016 173.669 156.075 167.177 175.769 174.466 166.528 153.632 134.037 122.616 101.895 84.074 84.538 81.626 90.617 92.639 93.531 100.006 103.628 98.611 106.992 110.360 116.451 113.421
-999.250 -999.250 -999.250 -999.250 -999.250 -999.250 -999.250 -999.250 -999.250 -999.250 -999.250 -999.250 -999.250 -999.250 -999.250 -999.250 -999.250 -999.250 -999.250 -999.250 246.210 221.343 231.676 249.073 224.920 250.632 272.008 297.506 307.912 343.837 365.343 361.337 329.178 299.314 261.873 239.787 235.024 203.047 188.768 183.558 170.827 144.982 155.183 147.242 163.221 142.241 151.004 130.367 140.675 133.871 117.913 103.633 95.201 94.234 88.235 92.703 101.062 98.442 85.639 95.883 100.368 97.175 112.744 105.389 116.825
-999.250 -999.250 -999.250 -999.250 -999.250 -999.250 -999.250 -999.250 -999.250 -999.250 -999.250 -999.250 -999.250 -999.250 -999.250 -999.250 -999.250 -999.250 -999.250 -999.250 243.367 262.998 274.718 242.256 242.677 241.420 248.508 246.612 297.709 347.181 375.869 357.967 344.821 297.573 283.393 280.341 260.829 222.402 200.684 156.297 149.850 154.732 153.670 141.682 143.674 136.224 123.378 131.647 137.975 114.058 114.094 110.926 98.355 98.120 90.354 105.454 105.692 103.594 96.604 90.280 100.523 95.453 97.166 94.478 98.202
-999.250 -999.250 -999.250 -999.250 -999.250 -999.250 -999.250 -999.250 -999.250 -999.250 -999.250 -999.250 -999.250 -999.250 -999.250 -999.250 -999.250 -999.250 -999.250 268.924 259.986 284.203 230.328 226.582 232.188 235.964 229.593 233.966 279.380 308.182 328.935 313.933 300.552 277.686 308.556 295.752 252.766 222.998 200.497 174.248 162.195 152.501 137.193 146.772 138.061 141.694 134.421 123.128 124.924 120.703 111.357 104.187 97.019 108.241 108.874 107.367 115.131 125.424 107.364 117.920 107.504 101.961 98.308 92.360 98.627
-999.250 -999.250 -999.250 -999.250 -999.250 -999.250 -999.250 -999.250 -999.250 -999.250 -999.250 -999.250 -999.250 -999.250 -999.250 -999.250 -999.250 -999.250 -999.250 274.430 247.287 238.756 224.935 223.701 221.402 218.496 235.261 235.221 240.136 249.823 262.391 270.330 266.013 269.290 269.465 284.740 247.111 215.733 215.615 192.853 166.475 162.875 160.281 143.395 135.266 135.276 124.102 110.155 99.641 117.909 117.459 112.229 108.559 107.751 128.733 120.377 124.372 136.811 134.848 132.383 123.047 109.622 99.908 98.557 86.077
-999.250 -999.250 -999.250 -999.250 -999.250 -999.250 -999.250 -999.250 -999.250 -999.250 -999.250 -999.250 -999.250 -999.250 -999.250 -999.250 -999.250 -999.250 -999.250 278.732 261.207 243.989 216.119 208.419 201.351 205.068 211.102 206.673 229.799 234.760 206.230 220.318 258.602 254.108 284.185 280.090 266.203 232.379 214.728 206.120 192.063 168.373 164.298 145.443 126.017 140.792 137.685 109.074 104.407 101.545 114.148 118.564 126.124 136.473 136.809 150.414 148.049 149.851 149.250 142.616 134.399 124.838 111.171 95.146 79.305
-999.250 -999.250 -999.250 -999.250 -999.250 -999.250 -999.250 -999.250 -999.250 -999.250 -999.250 -999.250 -999.250 -999.250 -999.250 -999.250 -999.250 -999.250 -999.250 230.808 230.559 212.695 200.909 186.670 190.173 190.159 204.345 187.770 213.102 211.040 206.823 215.844 234.210 246.825 275.642 272.887 249.718 226.607 216.490 189.145 186.412 177.795 170.739 168.721 144.700 131.206 129.586 101.790 87.080 113.566 121.078 124.957 114.330 127.990 148.192 163.670 176.111 171.634 174.172 155.729 139.803 141.186 98.375 90.367 63.495
-999.250 -999.250 -999.250 -999.250 -999.250 -999.250 -999.250 -999.250 -999.250 -999.250 -999.250 -999.250 -999.250 -999.250 -999.250 -999.250 -999.250 -999.250 -999.250 204.857 197.043 191.471 171.495 152.008 158.465 159.480 167.610 183.340 202.190 202.479 211.124 212.968 221.163 243.478 235.724 246.834 230.963 225.519 207.399 197.401 194.375 193.090 195.679 179.094 154.118 138.575 126.676 123.802 105.138 105.350 134.161 138.270 144.090 150.055 177.115 189.596 189.541 171.186 180.670 178.509 171.773 148.386 121.619 77.478 47.870
-999.250 -999.250 -999.250 -999.250 -999.250 -999.250 -999.250 -999.250 -999.250 -999.250 -999.250 -999.250 -999.250 -999.250 -999.250 -999.250 -999.250 -999.250 205.627 185.905 182.675 157.842 153.072 102.698 137.095 137.046 153.365 169.342 191.373 179.917 204.755 207.930 212.935 221.318 220.127 226.537 237.108 205.357 207.302 201.726 201.450 189.256 191.228 184.589 156.385 159.427 130.267 121.888 118.103 114.066 136.601 145.604 157.600 182.967 186.372 193.425 198.215 211.354 202.412 192.643 179.029 173.120 133.814 113.360 92.591
-999.250 -999.250 -999.250 -999.250 -999.250 -999.250 -999.250 -999.250 -999.250 -999.250 -999.250 -999.250 -999.250 -999.250 -999.250 -999.250 -999.250 180.762 175.587 177.721 169.475 141.825 132.836 117.619 120.698 123.600 145.006 159.113 165.724 160.917 192.736 196.268 185.714 203.015 219.769 222.585 237.067 227.355 210.061 210.735 196.613 204.280 185.897 194.001 158.529 149.209 135.924 117.379 113.992 137.522 137.511 155.294 169.441 194.311 202.355 224.204 225.860 222.221 210.406 213.847 201.927 178.056 163.056 145.011 109.474
