data/medianmodel_27-Oct-2020.asc
ncols	141
nrows	288
xllcorner	-120191.398
yllcorner	-301404.813
cellsize	2000.000
NODATA_value	-999.250
[rows 174 to 202 of 288, columns 66 to 131 of 141]
52.703 45.912 57.630 46.623 39.520 34.377 34.921 28.822 18.438 13.808 13.521 12.739 12.606 16.017 21.083 34.820 57.933 68.056 78.144 91.542 105.474 113.494 122.570 137.445 137.389 134.552 117.371 118.389 110.403 108.130 95.507 83.216 77.110 74.628 77.289 82.581 82.429 103.164 97.895 89.220 100.566 107.524 105.863 103.215 -999.250 -999.250 -999.250 -999.250 -999.250 -999.250 -999.250 -999.250 -999.250 -999.250 -999.250 -999.250 -999.250 -999.250 -999.250 -999.250 -999.250 -999.250 -999.250 -999.250 -999.250 -999.250
48.779 57.146 58.853 55.043 48.758 43.536 32.717 28.801 25.416 20.146 21.983 16.659 19.042 16.194 36.499 51.101 76.941 89.592 112.888 117.096 108.180 132.901 131.561 166.069 154.449 149.101 136.452 141.345 115.525 116.572 86.687 84.657 74.012 71.374 71.082 75.452 75.487 74.293 82.899 85.548 95.884 104.405 97.780 -999.250 -999.250 -999.250 -999.250 -999.250 -999.250 -999.250 -999.250 -999.250 -999.250 -999.250 -999.250 -999.250 -999.250 -999.250 -999.250 -999.250 -999.250 -999.250 -999.250 -999.250 -999.250 -999.250
54.010 58.906 58.506 46.432 50.169 48.978 46.644 31.987 28.077 27.710 27.631 34.007 24.782 22.666 52.708 63.434 98.524 135.728 140.397 137.980 160.780 164.825 214.042 185.997 193.716 184.957 174.840 173.185 140.540 120.706 119.552 86.784 70.444 76.469 75.745 69.968 67.377 72.116 75.092 84.232 89.269 106.706 105.551 -999.250 -999.250 -999.250 -999.250 -999.250 -999.250 -999.250 -999.250 -999.250 -999.250 -999.250 -999.250 -999.250 -999.250 -999.250 -999.250 -999.250 -999.250 -999.250 -999.250 -999.250 -999.250 -999.250
59.697 62.341 54.262 57.394 55.093 48.172 41.203 53.599 46.285 46.955 47.193 49.847 49.624 55.357 70.517 96.003 117.733 175.370 183.876 192.318 233.387 256.769 245.156 230.887 213.617 225.380 214.387 194.299 165.756 155.997 119.382 105.691 87.911 86.970 87.754 74.639 72.613 72.774 66.981 72.490 82.071 98.862 -999.250 -999.250 -999.250 -999.250 -999.250 -999.250 -999.250 -999.250 -999.250 -999.250 -999.250 -999.250 -999.250 -999.250 -999.250 -999.250 -999.250 -999.250 -999.250 -999.250 -999.250 -999.250 -999.250 -999.250
52.597 63.048 68.002 57.722 52.627 52.297 53.203 58.086 54.268 59.079 69.606 79.852 82.773 86.704 106.615 142.258 170.545 196.407 237.732 229.518 275.391 292.299 288.219 291.104 288.275 239.301 232.251 219.593 200.506 190.933 158.129 115.804 112.477 99.067 80.628 83.611 66.037 66.202 64.138 68.635 81.927 101.706 -999.250 -999.250 -999.250 -999.250 -999.250 -999.250 -999.250 -999.250 -999.250 -999.250 -999.250 -999.250 -999.250 -999.250 -999.250 -999.250 -999.250 -999.250 -999.250 -999.250 -999.250 -999.250 -999.250 -999.250
51.752 59.422 58.438 66.352 61.648 59.549 61.380 64.710 65.814 67.373 78.573 89.384 119.705 131.795 165.852 174.360 211.517 229.420 247.807 283.907 320.465 331.299 320.707 350.231 300.416 268.112 277.132 254.316 235.951 237.752 196.869 179.002 139.587 121.993 97.012 63.018 58.653 59.624 67.857 65.123 79.033 -999.250 -999.250 -999.250 -999.250 -999.250 -999.250 -999.250 -999.250 -999.250 -999.250 -999.250 -999.250 -999.250 -999.250 -999.250 -999.250 -999.250 -999.250 -999.250 -999.250 -999.250 -999.250 -999.250 -999.250 -999.250
59.735 67.490 63.291 66.407 65.950 63.571 85.223 77.391 82.417 89.681 92.893 103.795 146.235 173.517 220.813 226.699 262.418 311.422 333.782 328.473 359.037 368.730 416.295 439.320 396.792 348.822 345.664 286.550 272.554 269.566 226.005 197.264 166.751 145.859 106.445 75.505 70.057 61.575 70.515 73.160 87.644 -999.250 -999.250 -999.250 -999.250 -999.250 -999.250 -999.250 -999.250 -999.250 -999.250 -999.250 -999.250 -999.250 -999.250 -999.250 -999.250 -999.250 -999.250 -999.250 -999.250 -999.250 -999.250 -999.250 -999.250 -999.250
58.889 57.459 66.872 67.631 77.581 72.662 84.852 85.073 99.185 97.144 106.792 126.871 160.548 183.458 231.143 251.069 298.896 338.469 331.132 344.133 380.765 415.738 455.253 487.011 490.748 415.678 448.118 409.324 357.026 312.205 255.371 229.895 195.572 162.654 127.046 82.374 80.127 67.174 65.171 69.693 96.412 -999.250 -999.250 -999.250 -999.250 -999.250 -999.250 -999.250 -999.250 -999.250 -999.250 -999.250 -999.250 -999.250 -999.250 -999.250 -999.250 -999.250 -999.250 -999.250 -999.250 -999.250 -999.250 -999.250 -999.250 -999.250
60.824 49.569 62.713 64.861 77.709 79.812 91.225 114.118 123.482 118.837 142.501 174.731 177.576 228.643 233.990 297.837 370.058 408.129 430.494 439.085 438.828 476.675 508.749 502.279 644.904 511.505 531.975 491.468 447.161 413.650 317.742 273.525 245.425 206.038 143.421 112.765 77.516 68.373 66.166 79.936 -999.250 -999.250 -999.250 -999.250 -999.250 -999.250 -999.250 -999.250 -999.250 -999.250 -999.250 -999.250 -999.250 -999.250 -999.250 -999.250 -999.250 -999.250 -999.250 -999.250 -999.250 -999.250 -999.250 -999.250 -999.250 -999.250
56.897 58.012 61.867 76.226 94.471 97.531 105.481 123.344 158.915 145.725 163.198 181.906 210.469 254.263 291.452 362.287 435.350 502.828 498.694 502.745 580.561 559.784 598.730 688.061 659.546 647.651 629.251 574.525 596.439 465.313 435.730 309.132 286.676 243.276 168.274 125.916 87.685 79.196 70.198 -999.250 -999.250 -999.250 -999.250 -999.250 -999.250 -999.250 -999.250 -999.250 -999.250 -999.250 -999.250 -999.250 -999.250 -999.250 -999.250 -999.250 -999.250 -999.250 -999.250 -999.250 -999.250 -999.250 -999.250 -999.250 -999.250 -999.250
57.377 60.916 57.226 73.411 92.562 96.457 130.124 135.495 160.314 185.367 207.121 216.295 241.064 263.257 360.062 427.167 423.339 544.263 579.910 609.476 551.915 612.352 742.090 750.768 786.817 806.761 719.122 679.221 671.483 525.080 483.695 397.680 319.913 264.758 198.182 156.963 124.234 96.636 88.526 -999.250 -999.250 -999.250 -999.250 -999.250 -999.250 -999.250 -999.250 -999.250 -999.250 -999.250 -999.250 -999.250 -999.250 -999.250 -999.250 -999.250 -999.250 -999.250 -999.250 -999.250 -999.250 -999.250 -999.250 -999.250 -999.250 -999.250
57.415 56.247 64.270 92.376 80.958 131.778 130.963 123.063 176.558 201.147 231.044 240.281 266.802 305.888 347.756 395.096 449.991 503.185 589.457 536.100 580.790 668.927 695.410 799.977 813.908 838.096 802.337 774.773 697.205 556.365 471.006 431.427 339.629 276.166 214.831 184.014 140.250 -999.250 -999.250 -999.250 -999.250 -999.250 -999.250 -999.250 -999.250 -999.250 -999.250 -999.250 -999.250 -999.250 -999.250 -999.250 -999.250 -999.250 -999.250 -999.250 -999.250 -999.250 -999.250 -999.250 -999.250 -999.250 -999.250 -999.250 -999.250 -999.250
57.393 58.706 73.039 78.686 95.585 111.392 125.555 130.943 178.963 220.162 236.733 268.949 300.104 358.293 402.727 423.228 468.660 490.267 547.551 598.645 642.485 654.849 765.079 850.720 910.520 1057.994 1006.696 855.600 742.503 614.484 478.998 427.494 354.189 266.018 252.782 188.069 -999.250 -999.250 -999.250 -999.250 -999.250 -999.250 -999.250 -999.250 -999.250 -999.250 -999.250 -999.250 -999.250 -999.250 -999.250 -999.250 -999.250 -999.250 -999.250 -999.250 -999.250 -999.250 -999.250 -999.250 -999.250 -999.250 -999.250 -999.250 -999.250 -999.250
59.082 70.361 78.115 79.606 103.820 119.860 127.550 147.817 178.632 229.257 248.709 279.247 305.435 350.891 382.043 447.927 493.124 541.669 558.808 632.438 655.696 692.719 762.420 826.854 989.934 995.721 956.274 920.365 781.588 638.366 546.372 428.348 302.075 253.292 225.498 -999.250 -999.250 -999.250 -999.250 -999.250 -999.250 -999.250 -999.250 -999.250 -999.250 -999.250 -999.250 -999.250 -999.250 -999.250 -999.250 -999.250 -999.250 -999.250 -999.250 -999.250 -999.250 -999.250 -999.250 -999.250 -999.250 -999.250 -999.250 -999.250 -999.250 -999.250
59.172 74.219 83.293 86.674 114.924 128.908 148.929 173.103 170.090 220.241 270.257 291.577 323.111 341.730 386.049 428.523 394.007 475.628 543.079 611.751 637.403 717.465 737.979 781.812 952.602 870.887 868.605 782.165 720.437 628.139 518.301 409.636 262.880 276.114 -999.250 -999.250 -999.250 -999.250 -999.250 -999.250 -999.250 -999.250 -999.250 -999.250 -999.250 -999.250 -999.250 -999.250 -999.250 -999.250 -999.250 -999.250 -999.250 -999.250 -999.250 -999.250 -999.250 -999.250 -999.250 -999.250 -999.250 -999.250 -999.250 -999.250 -999.250 -999.250
68.941 84.677 81.764 85.071 121.072 135.503 149.776 169.321 175.607 223.498 237.584 265.713 294.045 334.692 412.576 435.926 437.244 444.731 428.526 547.455 567.219 620.336 703.423 705.400 736.580 847.348 750.844 697.429 619.917 540.133 449.863 361.240 -999.250 -999.250 -999.250 -999.250 -999.250 -999.250 -999.250 -999.250 -999.250 -999.250 -999.250 -999.250 -999.250 -999.250 -999.250 -999.250 -999.250 -999.250 -999.250 -999.250 -999.250 -999.250 -999.250 -999.250 -999.250 -999.250 -999.250 -999.250 -999.250 -999.250 -999.250 -999.250 -999.250 -999.250
73.231 83.009 76.857 86.309 106.949 134.771 137.741 173.745 178.446 184.898 213.377 231.724 294.618 308.576 347.303 400.192 362.692 402.565 466.542 475.405 475.670 557.812 552.054 600.129 628.287 640.957 668.211 569.646 542.532 407.386 370.268 336.433 -999.250 -999.250 -999.250 -999.250 -999.250 -999.250 -999.250 -999.250 -999.250 -999.250 -999.250 -999.250 -999.250 -999.250 -999.250 -999.250 -999.250 -999.250 -999.250 -999.250 -999.250 -999.250 -999.250 -999.250 -999.250 -999.250 -999.250 -999.250 -999.250 -999.250 -999.250 -999.250 -999.250 -999.250
82.034 89.006 88.800 97.403 106.333 124.207 167.605 209.395 186.549 177.308 206.495 212.108 240.043 271.130 312.496 364.741 364.012 425.162 422.939 435.383 420.554 403.044 459.831 498.781 471.549 529.760 508.784 487.452 459.550 433.678 408.120 -999.250 -999.250 -999.250 -999.250 -999.250 -999.250 -999.250 -999.250 -999.250 -999.250 -999.250 -999.250 -999.250 -999.250 -999.250 -999.250 -999.250 -999.250 -999.250 -999.250 -999.250 -999.250 -999.250 -999.250 -999.250 -999.250 -999.250 -999.250 -999.250 -999.250 -999.250 -999.250 -999.250 -999.250 -999.250
102.081 92.488 99.095 92.913 130.579 163.352 188.477 187.372 183.582 185.637 213.031 204.646 219.660 266.961 305.613 352.941 331.456 398.786 350.303 406.803 360.444 351.388 352.131 371.839 387.907 354.221 395.375 391.673 347.517 291.826 285.997 -999.250 -999.250 -999.250 -999.250 -999.250 -999.250 -999.250 -999.250 -999.250 -999.250 -999.250 -999.250 -999.250 -999.250 -999.250 -999.250 -999.250 -999.250 -999.250 -999.250 -999.250 -999.250 -999.250 -999.250 -999.250 -999.250 -999.250 -999.250 -999.250 -999.250 -999.250 -999.250 -999.250 -999.250 -999.250
101.251 114.642 98.290 111.200 129.069 146.682 165.434 177.460 182.119 189.428 192.822 222.378 248.599 287.400 278.556 311.286 322.804 362.034 319.523 317.756 316.709 273.040 277.919 294.684 284.816 322.562 286.475 301.196 249.258 223.514 248.531 -999.250 -999.250 -999.250 -999.250 -999.250 -999.250 -999.250 -999.250 -999.250 -999.250 -999.250 -999.250 -999.250 -999.250 -999.250 -999.250 -999.250 -999.250 -999.250 -999.250 -999.250 -999.250 -999.250 -999.250 -999.250 -999.250 -999.250 -999.250 -999.250 -999.250 -999.250 -999.250 -999.250 -999.250 -999.250
111.714 104.468 107.833 118.077 157.574 152.372 168.005 168.190 180.180 195.853 221.705 213.647 237.958 243.978 304.554 286.211 280.416 283.530 277.245 259.539 237.664 228.747 231.707 221.118 210.850 210.506 197.112 199.819 193.675 175.462 212.149 -999.250 -999.250 -999.250 -999.250 -999.250 -999.250 -999.250 -999.250 -999.250 -999.250 -999.250 -999.250 -999.250 -999.250 -999.250 -999.250 -999.250 -999.250 -999.250 -999.250 -999.250 -999.250 -999.250 -999.250 -999.250 -999.250 -999.250 -999.250 -999.250 -999.250 -999.250 -999.250 -999.250 -999.250 -999.250
124.715 120.354 130.341 145.613 151.115 170.234 155.570 161.324 183.484 188.659 219.057 217.241 253.522 264.274 248.558 271.943 235.576 254.720 232.859 213.452 200.538 178.543 176.910 156.686 140.224 138.089 140.373 158.966 135.875 141.915 158.407 162.422 -999.250 -999.250 -999.250 -999.250 -999.250 -999.250 -999.250 -999.250 -999.250 -999.250 -999.250 -999.250 -999.250 -999.250 -999.250 -999.250 -999.250 -999.250 -999.250 -999.250 -999.250 -999.250 -999.250 -999.250 -999.250 -999.250 -999.250 -999.250 -999.250 -999.250 -999.250 -999.250 -999.250 -999.250
131.750 126.850 141.128 141.750 149.081 175.420 160.201 162.914 172.675 195.120 199.961 255.213 242.467 234.838 251.769 202.684 219.090 217.339 219.415 187.753 179.149 164.135 139.432 125.875 100.349 106.048 112.344 128.232 106.180 119.183 140.506 149.283 -999.250 -999.250 -999.250 -999.250 -999.250 -999.250 -999.250 -999.250 -999.250 -999.250 -999.250 -999.250 -999.250 -999.250 -999.250 -999.250 -999.250 -999.250 -999.250 -999.250 -999.250 -999.250 -999.250 -999.250 -999.250 -999.250 -999.250 -999.250 -999.250 -999.250 -999.250 -999.250 -999.250 -999.250
145.778 139.273 158.428 180.988 176.585 179.984 185.635 195.390 190.513 190.489 204.016 217.756 244.744 221.137 228.902 209.982 194.555 193.642 189.510 160.610 145.895 129.297 113.837 107.430 91.573 95.317 95.776 105.145 90.696 95.226 108.228 -999.250 -999.250 -999.250 -999.250 -999.250 -999.250 -999.250 -999.250 -999.250 -999.250 -999.250 -999.250 -999.250 -999.250 -999.250 -999.250 -999.250 -999.250 -999.250 -999.250 -999.250 -999.250 -999.250 -999.250 -999.250 -999.250 -999.250 -999.250 -999.250 -999.250 -999.250 -999.250 -999.250 -999.250 -999.250
143.056 147.347 167.160 179.293 181.826 181.903 166.139 170.108 186.733 207.709 224.296 211.139 212.675 220.206 199.478 203.440 192.854 186.446 172.511 149.922 126.340 125.087 103.185 95.981 74.457 74.095 83.179 80.525 89.784 97.866 -999.250 -999.250 -999.250 -999.250 -999.250 -999.250 -999.250 -999.250 -999.250 -999.250 -999.250 -999.250 -999.250 -999.250 -999.250 -999.250 -999.250 -999.250 -999.250 -999.250 -999.250 -999.250 -999.250 -999.250 -999.250 -999.250 -999.250 -999.250 -999.250 -999.250 -999.250 -999.250 -999.250 -999.250 -999.250 -999.250
163.019 145.555 172.404 169.140 176.344 159.618 174.437 161.963 211.478 209.691 204.001 193.811 205.686 206.509 176.502 208.142 195.721 191.856 193.887 145.133 127.392 109.939 92.098 94.258 82.399 75.681 69.775 77.451 77.071 102.501 -999.250 -999.250 -999.250 -999.250 -999.250 -999.250 -999.250 -999.250 -999.250 -999.250 -999.250 -999.250 -999.250 -999.250 -999.250 -999.250 -999.250 -999.250 -999.250 -999.250 -999.250 -999.250 -999.250 -999.250 -999.250 -999.250 -999.250 -999.250 -999.250 -999.250 -999.250 -999.250 -999.250 -999.250 -999.250 -999.250
156.959 156.239 167.844 166.116 183.591 172.695 163.513 172.360 204.843 204.196 216.469 192.092 202.890 194.033 183.515 196.942 191.013 168.662 171.590 150.709 130.018 103.907 103.266 94.139 109.488 101.397 100.871 79.758 95.831 107.252 -999.250 -999.250 -999.250 -999.250 -999.250 -999.250 -999.250 -999.250 -999.250 -999.250 -999.250 -999.250 -999.250 -999.250 -999.250 -999.250 -999.250 -999.250 -999.250 -999.250 -999.250 -999.250 -999.250 -999.250 -999.250 -999.250 -999.250 -999.250 -999.250 -999.250 -999.250 -999.250 -999.250 -999.250 -999.250 -999.250
149.769 146.854 169.818 161.525 157.179 180.264 167.517 170.186 166.538 187.059 177.171 176.369 178.489 201.460 179.767 191.054 164.964 192.001 180.017 166.354 138.708 118.841 102.290 105.270 107.135 107.651 105.558 89.835 110.833 99.056 -999.250 -999.250 -999.250 -999.250 -999.250 -999.250 -999.250 -999.250 -999.250 -999.250 -999.250 -999.250 -999.250 -999.250 -999.250 -999.250 -999.250 -999.250 -999.250 -999.250 -999.250 -999.250 -999.250 -999.250 -999.250 -999.250 -999.250 -999.250 -999.250 -999.250 -999.250 -999.250 -999.250 -999.250 -999.250 -999.250
160.238 138.807 155.658 168.979 148.540 167.836 195.752 177.899 162.851 172.869 163.917 164.323 156.820 179.479 174.064 144.269 174.714 196.965 171.573 176.565 156.364 141.963 124.364 120.404 106.589 109.924 122.468 107.422 99.234 -999.250 -999.250 -999.250 -999.250 -999.250 -999.250 -999.250 -999.250 -999.250 -999.250 -999.250 -999.250 -999.250 -999.250 -999.250 -999.250 -999.250 -999.250 -999.250 -999.250 -999.250 -999.250 -999.250 -999.250 -999.250 -999.250 -999.250 -999.250 -999.250 -999.250 -999.250 -999.250 -999.250 -999.250 -999.250 -999.250 -999.250
