data/medianmodel_13-Dec-2020.asc
ncols	141
nrows	288
xllcorner	-120191.398
yllcorner	-301404.813
cellsize	2000.000
NODATA_value	-999.250
[rows 145 to 173 of 288, columns 0 to 63 of 141]
-999.250 -999.250 -999.250 -999.250 -999.250 -999.250 -999.250 -999.250 -999.250 -999.250 -999.250 -999.250 -999.250 -999.250 -999.250 -999.250 -999.250 147.134 154.419 158.510 157.275 174.524 189.548 215.172 255.175 308.525 365.694 403.803 430.722 460.123 462.404 458.475 428.928 421.854 382.749 368.518 342.509 334.011 323.936 328.891 335.525 318.600 281.843 287.021 265.400 258.162 265.861 255.884 246.142 231.456 215.944 192.874 173.773 162.698 167.667 187.210 212.783 219.326 215.801 218.809 248.885 300.068 358.246 461.788
-999.250 -999.250 -999.250 -999.250 -999.250 -999.250 -999.250 -999.250 -999.250 -999.250 -999.250 -999.250 -999.250 -999.250 -999.250 165.000 160.824 159.973 156.824 175.823 186.158 206.851 224.782 250.893 298.337 343.938 360.032 415.868 415.709 476.648 471.973 451.750 430.026 398.755 374.777 335.815 312.123 309.129 294.487 313.747 311.889 312.026 283.393 267.238 275.240 250.259 257.980 241.598 248.598 226.696 212.478 197.445 181.848 165.786 182.488 206.401 234.115 259.038 251.368 275.294 307.455 373.036 404.262 526.435
-999.250 -999.250 -999.250 -999.250 -999.250 -999.250 -999.250 -999.250 -999.250 -999.250 -999.250 -999.250 -999.250 -999.250 201.115 179.325 178.117 182.579 186.205 193.375 224.026 233.902 252.998 293.758 322.515 349.786 380.741 410.501 442.358 447.495 440.127 438.669 434.380 412.524 380.725 327.512 296.347 283.762 274.307 290.292 293.757 276.706 257.399 252.813 233.182 239.076 251.622 257.922 251.058 236.421 215.137 203.653 184.010 173.697 189.390 206.558 238.109 259.703 279.398 312.398 350.664 413.385 458.622 565.780
-999.250 -999.250 -999.250 -999.250 -999.250 -999.250 -999.250 -999.250 -999.250 -999.250 -999.250 -999.250 -999.250 -999.250 209.228 202.347 210.219 210.267 212.061 222.346 232.841 263.183 302.092 316.965 353.085 379.430 398.889 427.715 452.091 449.952 461.244 454.703 414.952 405.102 359.955 317.076 285.276 257.631 268.473 268.786 268.451 248.392 247.309 243.171 226.221 218.017 248.074 281.464 278.912 255.361 239.014 221.261 205.824 195.169 212.482 222.455 239.263 277.675 305.095 339.976 377.290 422.684 522.097 616.022
-999.250 -999.250 -999.250 -999.250 -999.250 -999.250 -999.250 -999.250 -999.250 -999.250 -999.250 -999.250 -999.250 222.096 222.379 220.320 223.612 214.908 235.670 243.500 263.674 291.713 329.894 334.323 369.490 400.916 428.855 455.953 449.059 467.270 453.704 444.519 414.040 406.716 368.400 308.048 270.482 260.227 264.519 248.603 247.518 244.052 237.225 236.690 225.857 232.635 248.489 293.975 324.361 295.318 268.279 241.169 231.819 225.914 225.991 234.710 256.151 266.955 319.261 332.856 385.392 449.853 544.974 643.885
-999.250 -999.250 -999.250 -999.250 -999.250 -999.250 -999.250 -999.250 -999.250 -999.250 -999.250 -999.250 240.675 227.432 220.303 230.430 225.154 227.031 230.629 251.402 268.058 318.702 335.786 362.206 397.700 441.543 468.247 479.195 490.900 485.464 456.127 437.201 413.617 375.691 362.472 309.880 278.235 250.362 251.690 250.290 245.282 239.753 239.463 234.576 235.108 237.326 274.257 312.732 333.832 334.643 292.055 266.966 251.579 248.203 240.766 256.049 256.908 264.925 314.447 351.603 409.784 485.354 555.563 608.915
-999.250 -999.250 -999.250 -999.250 -999.250 -999.250 -999.250 -999.250 -999.250 -999.250 -999.250 262.017 249.686 248.489 231.376 235.162 239.368 236.383 255.489 284.231 315.044 344.436 375.756 397.603 438.987 489.447 505.077 504.415 483.242 493.317 462.392 471.702 405.477 377.418 355.488 314.558 287.621 281.832 260.307 263.449 247.406 253.941 257.822 257.558 253.487 243.491 322.549 355.813 373.912 359.345 301.146 288.341 273.738 273.981 278.112 269.042 279.234 288.745 335.174 372.585 436.817 489.496 563.092 637.472
-999.250 -999.250 -999.250 -999.250 -999.250 -999.250 -999.250 -999.250 -999.250 -999.250 295.772 288.570 268.278 255.860 230.374 230.535 233.107 235.121 257.216 279.539 317.001 343.380 394.722 432.876 488.756 507.435 550.206 505.445 516.666 488.799 455.504 452.271 417.609 377.137 355.159 333.808 333.393 307.248 292.271 273.381 261.200 279.094 269.962 300.923 305.122 333.481 388.860 416.144 402.317 374.313 341.083 337.903 295.022 297.784 299.578 274.285 279.480 290.391 314.793 361.784 405.193 473.159 555.845 628.637
-999.250 -999.250 -999.250 -999.250 -999.250 -999.250 -999.250 -999.250 -999.250 332.233 314.071 297.088 266.516 246.354 232.700 236.287 229.129 236.288 246.416 281.245 325.877 361.253 415.750 464.678 519.293 536.111 555.147 543.083 511.908 495.854 495.274 494.763 426.328 392.161 353.846 368.896 339.562 307.324 283.870 282.696 278.057 271.039 285.195 328.988 375.129 431.626 492.947 499.658 467.657 411.988 387.601 344.992 328.031 301.106 290.944 292.856 273.057 281.827 302.783 369.834 395.392 471.275 510.945 589.470
-999.250 -999.250 -999.250 -999.250 -999.250 380.963 381.118 375.019 361.307 332.730 319.303 282.648 258.267 244.765 234.272 233.947 233.883 235.542 245.397 280.190 312.625 354.920 402.121 481.099 532.455 590.470 571.725 555.193 529.813 529.201 511.197 499.344 463.042 411.941 388.059 364.433 352.772 335.628 283.012 279.672 263.830 273.937 299.680 341.409 415.463 501.542 608.894 536.593 484.694 440.774 404.039 366.293 336.789 310.407 280.312 276.212 257.160 274.052 295.187 317.728 369.531 397.245 474.068 552.279
-999.250 -999.250 -999.250 -999.250 -999.250 -999.250 -999.250 372.034 356.044 335.228 318.272 304.670 265.470 250.937 233.063 217.791 219.252 218.114 238.133 273.665 310.986 361.131 404.051 488.681 577.219 642.819 601.094 573.268 557.722 533.465 518.324 482.288 460.661 427.404 402.555 364.781 362.496 335.342 297.830 267.928 248.535 257.958 297.578 336.787 408.924 519.042 546.066 540.714 486.100 465.066 416.219 384.986 350.678 319.443 275.714 260.482 260.855 257.129 256.488 277.302 313.302 346.787 407.729 487.311
-999.250 -999.250 -999.250 -999.250 -999.250 -999.250 -999.250 370.942 370.103 330.605 298.269 285.866 258.208 233.226 224.578 211.403 204.228 215.575 224.909 252.052 294.457 343.435 389.795 454.580 534.855 589.678 586.667 584.982 556.044 536.585 535.262 476.972 457.817 441.344 420.026 385.294 340.932 326.116 280.654 274.209 255.775 264.484 287.277 345.484 403.563 451.387 511.369 502.523 491.079 470.038 405.310 389.146 338.384 316.787 282.602 255.593 241.690 238.494 241.481 251.072 273.086 309.299 372.615 409.458
-999.250 -999.250 -999.250 -999.250 -999.250 -999.250 -999.250 377.576 369.330 337.838 313.480 280.363 252.440 233.975 212.313 203.514 185.040 190.746 206.682 233.158 274.727 301.442 365.064 438.357 494.903 540.955 534.623 563.427 533.883 531.565 530.064 500.380 466.458 432.995 437.468 379.571 350.704 317.747 275.261 258.923 253.713 254.697 278.440 306.933 361.504 424.108 435.468 466.495 460.362 414.414 406.407 371.565 339.568 327.799 277.617 258.628 249.566 240.910 239.977 249.745 243.307 255.489 298.551 349.110
-999.250 -999.250 -999.250 -999.250 -999.250 -999.250 -999.250 382.736 370.896 341.254 322.672 283.537 249.234 216.100 214.644 185.467 177.254 162.643 177.984 203.348 229.990 274.028 331.840 405.153 453.094 482.939 503.956 519.857 511.996 524.076 497.728 480.414 464.040 470.897 434.468 400.771 369.978 317.141 287.391 257.584 214.462 219.450 234.257 273.475 322.876 371.991 405.167 425.916 417.575 408.162 389.283 362.251 341.779 319.527 299.696 283.425 240.582 230.530 219.659 218.412 215.497 229.203 246.724 280.597
-999.250 -999.250 -999.250 -999.250 -999.250 -999.250 -999.250 -999.250 345.896 349.286 314.646 286.100 258.653 221.391 186.749 175.104 159.831 151.184 156.056 163.956 197.104 260.534 328.255 364.929 424.098 473.209 504.235 483.276 493.635 488.115 486.249 454.372 435.700 421.675 419.199 406.713 380.159 338.658 276.310 223.462 186.690 155.522 189.184 233.783 275.672 330.868 371.138 372.596 399.415 399.069 381.990 364.602 346.132 308.082 278.986 261.251 240.496 212.672 202.251 193.920 175.713 195.989 201.978 221.276
-999.250 -999.250 -999.250 -999.250 -999.250 -999.250 -999.250 -999.250 361.129 332.624 323.260 300.285 259.303 226.725 202.543 175.187 166.606 152.091 140.746 147.212 172.152 230.966 286.350 357.896 392.261 430.821 443.246 475.832 485.983 467.225 448.893 447.759 417.640 419.184 425.226 416.778 401.357 336.507 263.208 218.340 149.449 99.164 153.266 211.566 259.239 303.356 330.812 369.512 378.223 393.058 374.543 352.530 327.680 301.387 271.158 239.234 222.297 189.648 149.479 153.937 142.647 155.457 167.955 173.908
-999.250 -999.250 -999.250 -999.250 -999.250 -999.250 -999.250 394.809 379.591 348.162 338.640 306.608 271.944 237.111 218.276 185.928 174.541 156.300 138.784 131.124 147.604 199.206 267.630 329.327 388.044 414.457 416.216 445.076 434.695 444.827 413.481 398.068 387.089 406.308 404.683 421.355 431.898 349.972 259.613 217.563 144.472 121.217 139.498 206.496 237.585 271.076 293.630 333.767 330.379 343.222 321.527 331.111 320.242 258.836 242.991 215.685 192.284 162.222 137.812 123.904 120.267 127.289 137.442 138.575
-999.250 -999.250 -999.250 -999.250 -999.250 -999.250 -999.250 401.901 383.946 351.525 342.373 314.738 283.000 266.206 239.963 216.213 198.403 164.255 151.677 136.441 117.019 202.009 282.125 340.662 373.318 402.258 406.925 408.278 404.437 407.760 395.636 383.349 371.647 366.773 390.156 391.108 370.641 313.930 244.089 203.727 156.711 135.553 139.717 184.988 217.790 257.514 291.906 312.771 295.133 305.951 319.423 282.938 293.152 239.061 221.071 197.471 175.529 145.110 123.960 107.715 108.791 113.506 120.556 125.543
-999.250 -999.250 -999.250 -999.250 -999.250 -999.250 -999.250 398.065 397.375 384.912 363.547 355.009 311.970 291.640 274.329 249.888 225.845 218.519 211.227 201.338 199.231 236.138 317.871 361.197 382.337 396.557 417.784 408.498 375.012 364.290 359.184 337.148 340.972 339.901 329.604 343.331 322.818 257.129 221.769 190.748 157.217 142.461 148.740 175.882 211.405 228.905 270.610 290.176 289.777 279.207 280.270 258.701 251.522 229.725 207.548 193.671 160.930 130.549 121.243 102.891 100.350 108.371 104.802 119.607
-999.250 -999.250 -999.250 -999.250 -999.250 -999.250 -999.250 385.814 397.476 412.261 382.875 360.487 337.329 325.142 295.147 268.880 268.186 270.607 261.733 255.671 284.908 320.618 359.503 393.317 426.097 428.762 428.137 412.184 373.333 335.447 302.153 284.018 274.230 284.633 285.320 304.224 281.450 244.959 225.807 198.713 175.152 154.042 155.107 175.802 205.180 222.717 240.621 258.623 252.317 274.735 259.656 244.446 214.894 207.177 185.918 163.622 144.889 120.693 106.898 95.677 91.396 100.883 100.155 116.186
-999.250 -999.250 -999.250 -999.250 -999.250 -999.250 405.574 405.015 414.376 411.205 401.208 390.460 368.433 355.248 323.743 327.179 314.907 334.119 318.337 339.843 373.945 392.432 414.555 444.113 466.018 443.476 458.126 420.613 392.763 343.924 297.978 239.064 252.204 252.128 260.395 277.819 254.228 249.815 221.636 208.163 189.021 157.728 170.706 184.416 205.712 213.036 216.226 227.044 249.556 240.848 245.158 233.523 200.212 181.108 155.985 138.503 129.447 117.723 107.706 97.517 90.561 90.507 94.062 116.000
-999.250 -999.250 -999.250 -999.250 -999.250 -999.250 413.736 398.670 410.765 419.339 399.366 406.552 392.638 373.427 378.663 351.845 352.146 370.367 369.511 394.999 433.417 445.255 487.722 513.407 526.931 509.234 507.315 452.969 418.286 369.010 303.570 259.774 260.195 258.572 264.151 261.146 247.308 248.411 223.165 210.820 201.829 172.211 163.520 172.892 203.263 194.924 204.612 225.413 225.980 219.099 219.326 208.464 187.823 156.042 147.637 128.740 120.710 108.611 105.217 87.629 86.561 88.845 98.208 117.645
-999.250 -999.250 -999.250 -999.250 -999.250 401.498 405.931 415.935 412.261 411.453 422.941 419.831 403.421 388.050 389.390 382.381 378.874 392.302 422.440 441.780 496.832 531.281 562.249 553.005 555.783 533.748 515.575 488.642 422.337 377.492 319.123 282.405 260.553 273.458 253.952 263.826 247.539 244.007 246.835 212.653 202.681 192.701 170.440 182.025 175.194 186.829 198.392 188.869 211.597 206.965 196.064 173.765 163.996 154.552 123.767 117.092 109.985 96.505 87.009 83.606 91.894 95.972 109.793 114.788
-999.250 -999.250 -999.250 -999.250 -999.250 402.841 392.685 390.915 400.845 420.746 423.893 427.862 424.486 398.310 394.152 376.974 399.900 409.802 457.563 482.813 533.991 582.440 601.843 619.548 596.366 568.037 537.915 477.254 450.272 385.183 339.179 315.577 287.427 264.724 264.494 271.956 262.843 255.288 244.171 218.398 204.351 189.173 173.004 183.865 188.134 182.834 170.043 184.262 169.136 181.027 165.928 159.770 160.421 132.572 115.207 107.558 100.994 89.126 85.760 77.567 81.309 86.794 93.773 114.992
-999.250 -999.250 -999.250 -999.250 381.590 376.570 387.118 380.719 390.459 388.895 403.429 405.712 393.126 387.952 378.946 386.740 415.535 419.703 475.144 509.009 561.987 620.682 659.316 677.175 619.898 583.792 543.557 487.611 454.104 413.381 351.924 331.716 305.950 291.148 276.104 277.610 287.188 265.591 247.836 224.617 218.855 189.876 169.894 166.203 166.230 161.863 155.953 155.571 150.581 154.648 154.783 138.138 137.682 122.041 110.239 92.324 84.301 85.521 73.843 71.452 80.487 85.350 101.123 112.545
-999.250 -999.250 -999.250 -999.250 370.761 373.310 378.962 390.477 397.775 387.961 392.693 378.733 375.386 357.962 343.434 365.436 379.594 407.494 447.506 485.373 543.957 610.641 717.334 660.490 602.588 569.996 521.572 493.318 468.061 403.103 368.160 351.397 335.311 297.463 300.353 295.129 293.343 276.805 257.401 243.440 221.577 190.182 172.856 160.136 157.590 146.874 141.999 156.763 149.886 146.367 153.632 140.269 129.575 111.011 106.529 86.933 77.585 72.289 74.767 75.799 73.383 94.929 105.247 110.250
-999.250 -999.250 -999.250 -999.250 365.298 363.889 362.915 377.067 380.795 364.124 366.507 370.122 352.923 349.806 330.178 327.399 338.470 362.839 390.481 443.228 521.968 573.596 624.184 599.672 580.414 556.781 534.856 476.478 440.892 416.964 360.296 337.283 318.562 315.705 306.333 294.699 295.765 268.247 240.881 230.873 225.346 190.163 188.435 154.435 142.956 148.020 140.773 135.852 140.892 145.872 134.988 128.047 117.476 114.431 101.024 84.024 76.727 74.044 74.881 88.468 84.500 92.168 103.705 105.178
-999.250 -999.250 -999.250 -999.250 367.077 349.571 372.609 380.910 369.334 360.546 370.202 362.732 340.776 343.526 308.610 310.628 296.913 302.935 341.763 386.817 432.954 486.346 511.617 533.118 555.269 543.420 519.680 467.876 423.089 373.648 348.549 337.737 331.050 326.368 314.100 314.628 292.688 271.784 252.409 238.259 211.935 197.384 172.794 161.822 146.213 141.020 142.087 133.356 134.796 129.486 134.437 115.058 110.371 101.981 97.947 89.516 76.385 73.153 72.571 79.719 82.784 83.989 91.444 108.460
-999.250 -999.250 -999.250 -999.250 346.345 373.855 364.843 380.092 357.129 354.298 350.420 359.233 339.516 320.555 294.108 265.956 244.108 253.259 269.609 285.940 355.049 395.290 436.734 491.559 492.318 483.175 472.710 455.729 410.790 373.731 345.889 330.400 324.595 322.226 305.114 301.354 280.949 261.204 244.382 229.832 210.643 188.457 175.934 157.589 140.591 137.217 140.578 137.557 128.729 132.739 123.120 118.855 113.214 102.324 97.191 84.600 88.384 77.140 73.429 81.900 86.989 93.773 103.103 101.023
