data/medianmodel_30-Jan-2021.asc
ncols	141
nrows	288
xllcorner	-120191.398
yllcorner	-301404.813
cellsize	2000.000
NODATA_value	-999.250
[rows 84 to 111 of 288, columns 0 to 62 of 141]
-999.250 -999.250 -999.250 -999.250 -999.250 -999.250 -999.250 -999.250 -999.250 -999.250 -999.250 -999.250 -999.250 -999.250 -999.250 -999.250 -999.250 -999.250 -999.250 -999.250 -999.250 -999.250 -999.250 -999.250 -999.250 -999.250 -999.250 -999.250 -999.250 -999.250 -999.250 -999.250 -999.250 1144.253 1181.292 1218.446 1229.864 1290.298 1247.579 1210.587 1206.480 1221.753 1218.997 1242.843 1209.014 1300.107 1397.133 1529.339 1735.883 1847.405 1925.157 2010.975 2102.724 2127.057 2216.578 2209.343 2268.953 2305.358 2283.705 2330.433 2316.407 2309.758 2275.585
-999.250 -999.250 -999.250 -999.250 -999.250 -999.250 -999.250 -999.250 -999.250 -999.250 -999.250 -999.250 -999.250 -999.250 -999.250 -999.250 -999.250 -999.250 -999.250 -999.250 -999.250 -999.250 -999.250 -999.250 -999.250 -999.250 -999.250 -999.250 -999.250 -999.250 -999.250 -999.250 -999.250 1145.882 1176.583 1170.553 1225.351 1242.349 1241.568 1224.536 1202.473 1199.459 1248.328 1270.731 1306.267 1322.076 1504.020 1568.934 1696.293 1793.832 1912.325 1993.551 2061.526 2040.771 2088.375 2070.554 2151.703 2232.642 2202.231 2274.435 2275.944 2250.919 2250.087
-999.250 -999.250 -999.250 -999.250 -999.250 -999.250 -999.250 -999.250 -999.250 -999.250 -999.250 -999.250 -999.250 -999.250 -999.250 -999.250 -999.250 -999.250 -999.250 -999.250 -999.250 -999.250 -999.250 -999.250 -999.250 -999.250 -999.250 -999.250 -999.250 -999.250 -999.250 -999.250 -999.250 1110.509 1121.227 1180.647 1178.261 1203.512 1193.722 1192.055 1212.483 1250.198 1240.175 1275.179 1311.263 1383.159 1538.260 1592.073 1636.462 1746.627 1824.228 1912.184 1998.348 2007.117 1966.977 2042.865 2090.950 2089.007 2146.733 2193.513 2187.125 2155.297 2176.884
-999.250 -999.250 -999.250 -999.250 -999.250 -999.250 -999.250 -999.250 -999.250 -999.250 -999.250 -999.250 -999.250 -999.250 -999.250 -999.250 -999.250 -999.250 -999.250 -999.250 -999.250 -999.250 -999.250 -999.250 -999.250 -999.250 -999.250 -999.250 -999.250 -999.250 -999.250 -999.250 -999.250 1119.766 1074.672 1090.886 1130.394 1114.562 1127.689 1167.599 1189.701 1198.859 1267.469 1305.375 1399.184 1408.848 1491.518 1577.503 1626.361 1750.409 1830.330 1891.919 1970.306 2014.729 2003.318 1986.135 1993.117 2051.125 2002.210 2116.223 2131.376 2039.187 2037.164
-999.250 -999.250 -999.250 -999.250 -999.250 -999.250 -999.250 -999.250 -999.250 -999.250 -999.250 -999.250 -999.250 -999.250 -999.250 -999.250 -999.250 -999.250 -999.250 -999.250 -999.250 -999.250 -999.250 -999.250 -999.250 -999.250 -999.250 -999.250 -999.250 -999.250 -999.250 -999.250 1017.957 1019.865 1031.847 1023.528 1070.464 1081.268 1121.279 1150.777 1190.921 1225.290 1268.005 1292.967 1388.459 1453.297 1514.463 1557.452 1572.760 1636.782 1743.224 1824.821 1844.636 1919.983 1893.854 1904.520 1904.133 1952.398 2011.769 2079.332 2008.471 1998.440 2040.506
-999.250 -999.250 -999.250 -999.250 -999.250 -999.250 -999.250 -999.250 -999.250 -999.250 -999.250 -999.250 -999.250 -999.250 -999.250 -999.250 -999.250 -999.250 -999.250 -999.250 -999.250 -999.250 -999.250 -999.250 -999.250 -999.250 -999.250 -999.250 -999.250 -999.250 -999.250 -999.250 1001.949 1012.307 988.922 973.008 1016.104 1054.582 1089.940 1168.033 1237.414 1234.436 1264.571 1338.439 1392.866 1497.180 1519.054 1581.573 1617.040 1648.295 1651.955 1699.289 1748.523 1744.332 1782.504 1834.537 1813.825 1848.047 1966.810 1987.405 1971.371 1975.095 2029.342
-999.250 -999.250 -999.250 -999.250 -999.250 -999.250 -999.250 -999.250 -999.250 -999.250 -999.250 -999.250 -999.250 -999.250 -999.250 -999.250 -999.250 -999.250 -999.250 -999.250 -999.250 -999.250 -999.250 -999.250 -999.250 -999.250 -999.250 -999.250 -999.250 -999.250 -999.250 -999.250 1000.365 952.852 957.585 955.642 963.061 1047.442 1127.311 1180.231 1187.836 1255.615 1323.120 1331.529 1447.917 1515.757 1550.115 1593.374 1613.174 1648.546 1611.717 1673.874 1709.300 1737.072 1746.057 1742.921 1783.105 1741.485 1858.290 1899.178 1997.324 2018.187 2010.851
-999.250 -999.250 -999.250 -999.250 -999.250 -999.250 -999.250 -999.250 -999.250 -999.250 -999.250 -999.250 -999.250 -999.250 -999.250 -999.250 -999.250 -999.250 -999.250 -999.250 -999.250 -999.250 -999.250 -999.250 -999.250 -999.250 -999.250 -999.250 -999.250 -999.250 -999.250 -999.250 986.380 961.324 959.491 964.798 995.285 1044.500 1124.552 1183.042 1258.713 1306.574 1376.378 1449.794 1452.253 1495.496 1529.931 1660.650 1654.487 1649.786 1622.046 1612.909 1601.919 1610.504 1652.947 1669.530 1713.617 1721.033 1738.726 1837.745 1914.357 1988.168 2005.773
-999.250 -999.250 -999.250 -999.250 -999.250 -999.250 -999.250 -999.250 -999.250 -999.250 -999.250 -999.250 -999.250 -999.250 -999.250 -999.250 -999.250 -999.250 -999.250 -999.250 -999.250 -999.250 -999.250 -999.250 -999.250 -999.250 -999.250 -999.250 -999.250 -999.250 -999.250 1030.317 956.085 994.625 961.539 989.334 999.116 1102.026 1172.195 1206.068 1366.513 1405.866 1425.424 1492.621 1542.704 1595.494 1621.204 1670.009 1644.698 1629.814 1628.817 1562.227 1550.757 1557.700 1566.975 1604.239 1623.069 1657.730 1705.957 1730.815 1898.671 1948.053 1977.393
-999.250 -999.250 -999.250 -999.250 -999.250 -999.250 -999.250 -999.250 -999.250 -999.250 -999.250 -999.250 -999.250 -999.250 -999.250 -999.250 -999.250 -999.250 -999.250 -999.250 -999.250 -999.250 -999.250 -999.250 -999.250 -999.250 -999.250 -999.250 -999.250 -999.250 -999.250 982.317 986.728 960.938 945.873 974.913 1000.470 1106.132 1264.931 1357.146 1411.810 1460.111 1543.286 1656.608 1608.249 1684.782 1654.560 1766.087 1671.795 1641.997 1656.035 1589.365 1546.326 1478.816 1484.009 1531.210 1510.647 1561.853 1606.907 1716.752 1857.178 1935.816 1983.662
-999.250 -999.250 -999.250 -999.250 -999.250 -999.250 -999.250 -999.250 -999.250 -999.250 -999.250 -999.250 -999.250 -999.250 -999.250 -999.250 -999.250 -999.250 -999.250 -999.250 -999.250 -999.250 -999.250 -999.250 -999.250 -999.250 -999.250 -999.250 -999.250 -999.250 -999.250 997.662 938.963 980.336 953.205 983.383 1040.570 1165.473 1272.857 1353.957 1476.859 1533.508 1645.078 1708.821 1740.774 1784.477 1796.963 1816.343 1840.194 1710.817 1666.007 1633.518 1527.529 1436.468 1407.030 1333.409 1381.322 1438.366 1506.660 1672.546 1754.284 1901.244 2093.641
-999.250 -999.250 -999.250 -999.250 -999.250 -999.250 -999.250 -999.250 -999.250 -999.250 -999.250 -999.250 -999.250 -999.250 -999.250 -999.250 -999.250 -999.250 -999.250 -999.250 -999.250 -999.250 -999.250 -999.250 -999.250 -999.250 -999.250 -999.250 -999.250 -999.250 -999.250 976.183 962.254 957.277 921.231 1007.292 1128.401 1217.532 1362.106 1533.164 1583.999 1625.994 1730.012 1798.899 1859.960 1855.310 1898.247 1935.938 1933.932 1892.032 1806.117 1665.704 1567.557 1435.098 1357.584 1318.914 1302.996 1343.032 1492.835 1582.897 1814.803 2015.214 2194.075
-999.250 -999.250 -999.250 -999.250 -999.250 -999.250 -999.250 -999.250 -999.250 -999.250 -999.250 -999.250 -999.250 -999.250 -999.250 -999.250 -999.250 -999.250 -999.250 -999.250 -999.250 -999.250 -999.250 -999.250 -999.250 -999.250 -999.250 -999.250 -999.250 -999.250 1033.256 1022.401 986.143 975.680 988.230 1107.596 1238.818 1300.939 1364.243 1562.584 1657.876 1747.974 1859.737 1925.894 1955.514 2003.728 2035.155 1997.712 2000.111 1941.620 1875.829 1751.489 1627.270 1470.801 1372.120 1306.943 1240.569 1227.455 1360.604 1559.510 1867.913 2128.751 2305.478
-999.250 -999.250 -999.250 -999.250 -999.250 -999.250 -999.250 -999.250 -999.250 -999.250 -999.250 -999.250 -999.250 -999.250 -999.250 -999.250 -999.250 -999.250 -999.250 -999.250 -999.250 -999.250 -999.250 -999.250 -999.250 -999.250 -999.250 -999.250 -999.250 -999.250 1040.418 1111.479 1083.033 1026.627 1062.345 1202.677 1306.857 1377.485 1534.338 1642.396 1726.765 1784.302 1924.572 2043.069 2079.862 2151.373 2214.523 2148.730 2066.620 2015.677 1948.871 1868.571 1765.778 1614.533 1388.440 1252.116 1124.156 1089.553 1246.137 1577.856 1896.597 2254.037 2442.789
-999.250 -999.250 -999.250 -999.250 -999.250 -999.250 -999.250 -999.250 -999.250 -999.250 -999.250 -999.250 -999.250 -999.250 -999.250 -999.250 -999.250 -999.250 -999.250 -999.250 -999.250 -999.250 -999.250 -999.250 -999.250 -999.250 -999.250 -999.250 -999.250 -999.250 1121.581 1099.393 1162.877 1164.360 1266.361 1308.490 1395.682 1522.289 1607.122 1679.203 1773.972 1914.043 1991.631 2072.819 2226.204 2275.785 2277.488 2259.639 2236.599 2144.607 2060.787 1935.697 1896.924 1673.544 1540.706 1310.320 1095.273 931.501 1301.289 1580.490 1945.242 2303.741 2643.405
-999.250 -999.250 -999.250 -999.250 -999.250 -999.250 -999.250 -999.250 -999.250 -999.250 -999.250 -999.250 -999.250 -999.250 -999.250 -999.250 -999.250 -999.250 -999.250 -999.250 -999.250 -999.250 -999.250 -999.250 -999.250 -999.250 -999.250 -999.250 -999.250 -999.250 1179.488 1134.597 1224.983 1241.281 1310.732 1372.865 1534.881 1628.185 1672.796 1753.264 1813.716 2012.697 2069.016 2185.439 2265.945 2286.620 2347.088 2334.344 2268.273 2238.779 2065.921 2052.688 1945.425 1776.007 1688.314 1498.889 1315.363 1287.586 1479.294 1782.291 2080.344 2379.332 2829.230
-999.250 -999.250 -999.250 -999.250 -999.250 -999.250 -999.250 -999.250 -999.250 -999.250 -999.250 -999.250 -999.250 -999.250 -999.250 -999.250 -999.250 -999.250 -999.250 -999.250 -999.250 -999.250 -999.250 -999.250 -999.250 -999.250 -999.250 -999.250 -999.250 1166.201 1239.955 1181.426 1261.409 1320.285 1421.630 1530.515 1637.435 1715.365 1802.953 1837.301 1881.391 2040.929 2212.431 2251.253 2292.861 2349.894 2316.634 2318.558 2305.331 2254.164 2152.153 2141.498 2076.587 1974.651 1849.149 1660.028 1590.266 1592.918 1715.986 1926.188 2190.203 2471.799 2642.226
-999.250 -999.250 -999.250 -999.250 -999.250 -999.250 -999.250 -999.250 -999.250 -999.250 -999.250 -999.250 -999.250 -999.250 -999.250 -999.250 -999.250 -999.250 -999.250 -999.250 -999.250 -999.250 -999.250 -999.250 -999.250 -999.250 -999.250 -999.250 -999.250 1174.453 1218.070 1273.230 1293.189 1360.223 1469.057 1590.587 1656.753 1774.704 1821.793 1913.867 1977.839 2148.904 2190.492 2252.372 2335.394 2331.299 2384.755 2425.638 2415.310 2315.391 2180.828 2213.637 2276.323 2168.195 2020.163 1898.108 1763.027 1780.836 1906.303 2177.020 2322.658 2472.651 2705.696
-999.250 -999.250 -999.250 -999.250 -999.250 -999.250 -999.250 -999.250 -999.250 -999.250 -999.250 -999.250 -999.250 -999.250 -999.250 -999.250 -999.250 -999.250 -999.250 -999.250 -999.250 -999.250 -999.250 -999.250 -999.250 -999.250 -999.250 -999.250 -999.250 1201.678 1151.878 1272.777 1371.997 1442.887 1552.982 1559.762 1697.215 1871.559 1946.411 1975.302 2100.955 2119.298 2267.528 2305.388 2357.892 2361.483 2361.836 2427.797 2433.702 2372.117 2323.963 2256.541 2301.188 2336.790 2148.530 1952.227 1896.429 1885.877 2017.130 2172.819 2291.839 2456.928 2582.073
-999.250 -999.250 -999.250 -999.250 -999.250 -999.250 -999.250 -999.250 -999.250 -999.250 -999.250 -999.250 -999.250 -999.250 -999.250 -999.250 -999.250 -999.250 -999.250 -999.250 -999.250 -999.250 -999.250 -999.250 -999.250 -999.250 -999.250 -999.250 -999.250 1172.364 1234.293 1320.833 1415.822 1565.501 1608.176 1645.451 1768.065 1925.411 1991.906 2035.958 2198.670 2186.112 2304.770 2329.086 2342.932 2351.554 2432.046 2394.499 2354.225 2326.851 2312.217 2304.739 2267.950 2197.202 2047.594 1979.565 1858.986 1980.409 2008.943 2250.090 2322.169 2410.770 2492.168
-999.250 -999.250 -999.250 -999.250 -999.250 -999.250 -999.250 -999.250 -999.250 -999.250 -999.250 -999.250 -999.250 -999.250 -999.250 -999.250 -999.250 -999.250 -999.250 -999.250 -999.250 -999.250 -999.250 -999.250 -999.250 -999.250 -999.250 -999.250 1208.764 1192.847 1244.455 1391.947 1474.280 1508.774 1624.986 1653.105 1752.075 1930.832 2023.926 2106.976 2227.928 2272.004 2314.033 2348.776 2374.381 2505.582 2422.605 2388.105 2354.426 2292.230 2229.274 2251.542 2179.029 2042.510 1941.659 1910.456 1885.675 1907.379 2011.791 2180.446 2284.902 2367.777 2410.000
-999.250 -999.250 -999.250 -999.250 -999.250 -999.250 -999.250 -999.250 -999.250 -999.250 -999.250 -999.250 -999.250 -999.250 -999.250 -999.250 -999.250 -999.250 -999.250 -999.250 -999.250 -999.250 -999.250 -999.250 -999.250 -999.250 -999.250 -999.250 1202.163 1217.578 1263.501 1312.189 1434.471 1511.959 1644.214 1708.360 1851.601 1914.369 2005.785 2153.939 2228.966 2257.770 2308.018 2387.771 2406.518 2432.289 2524.485 2465.663 2377.021 2273.988 2160.829 2102.278 1989.369 1869.486 1806.039 1752.400 1804.593 1823.987 2009.106 2095.365 2273.393 2415.202 2509.771
-999.250 -999.250 -999.250 -999.250 -999.250 -999.250 -999.250 -999.250 -999.250 -999.250 -999.250 -999.250 -999.250 -999.250 -999.250 -999.250 -999.250 -999.250 -999.250 -999.250 -999.250 -999.250 -999.250 -999.250 -999.250 -999.250 -999.250 1243.227 1221.829 1246.021 1236.844 1318.950 1386.416 1526.553 1614.072 1747.733 1823.561 1891.432 2053.600 2113.543 2219.871 2219.072 2323.220 2388.612 2358.058 2426.706 2427.543 2428.375 2308.429 2210.671 2087.393 1978.304 1854.543 1691.568 1597.871 1566.559 1704.398 1787.612 1956.312 2187.194 2257.820 2363.390 2423.738
-999.250 -999.250 -999.250 -999.250 -999.250 -999.250 -999.250 -999.250 -999.250 -999.250 -999.250 -999.250 -999.250 -999.250 -999.250 -999.250 -999.250 -999.250 -999.250 -999.250 -999.250 -999.250 -999.250 -999.250 -999.250 -999.250 -999.250 1170.976 1161.878 1199.130 1236.707 1287.283 1405.517 1555.582 1583.646 1674.649 1796.096 1877.256 1987.095 2091.503 2170.502 2251.161 2300.034 2336.862 2385.834 2393.237 2325.345 2271.014 2255.807 2156.908 1998.570 1865.219 1728.034 1555.070 1325.840 1464.061 1629.702 1826.151 1955.399 2206.224 2329.947 2350.501 2350.120
-999.250 -999.250 -999.250 -999.250 -999.250 -999.250 -999.250 -999.250 -999.250 -999.250 -999.250 -999.250 -999.250 -999.250 -999.250 -999.250 -999.250 -999.250 -999.250 -999.250 -999.250 -999.250 -999.250 -999.250 -999.250 -999.250 -999.250 1094.601 1127.801 1210.645 1179.265 1226.405 1326.453 1478.562 1540.521 1628.120 1734.004 1884.295 1928.993 2092.637 2170.340 2208.387 2221.505 2275.114 2242.801 2292.943 2331.984 2259.319 2183.325 2098.699 1941.615 1825.871 1621.622 1449.573 1319.769 1421.246 1602.541 1792.028 2018.630 2251.665 2368.311 2419.249 2440.232
-999.250 -999.250 -999.250 -999.250 -999.250 -999.250 -999.250 -999.250 -999.250 -999.250 -999.250 -999.250 -999.250 -999.250 -999.250 -999.250 -999.250 -999.250 -999.250 -999.250 -999.250 -999.250 -999.250 -999.250 -999.250 -999.250 -999.250 1074.289 1074.868 1142.700 1106.439 1186.387 1283.809 1381.776 1480.489 1540.046 1659.137 1768.460 1818.370 1994.152 2032.004 2135.403 2132.481 2223.051 2213.442 2250.753 2245.113 2230.454 2175.638 2067.735 1926.965 1818.316 1598.449 1489.265 1340.007 1369.582 1581.622 1785.516 2086.986 2305.256 2484.299 2582.540 2541.905
-999.250 -999.250 -999.250 -999.250 -999.250 -999.250 -999.250 -999.250 -999.250 -999.250 -999.250 -999.250 -999.250 -999.250 -999.250 -999.250 -999.250 -999.250 -999.250 -999.250 -999.250 -999.250 -999.250 -999.250 -999.250 -999.250 -999.250 -999.250 1132.568 1112.419 1128.437 1158.988 1265.351 1349.825 1486.897 1526.751 1583.519 1680.306 1721.046 1795.773 2002.644 2046.231 2077.739 2182.692 2206.627 2253.961 2164.705 2098.506 2049.229 1967.383 1926.567 1762.745 1584.778 1448.739 1370.808 1445.209 1622.996 1904.102 2211.451 2469.137 2679.457 2694.180 2676.631
-999.250 -999.250 -999.250 -999.250 -999.250 -999.250 -999.250 -999.250 -999.250 -999.250 -999.250 -999.250 -999.250 -999.250 -999.250 -999.250 -999.250 -999.250 -999.250 -999.250 -999.250 -999.250 -999.250 -999.250 -999.250 -999.250 -999.250 -999.250 1086.352 1111.892 1096.261 1138.526 1222.288 1315.299 1448.626 1517.572 1607.781 1616.622 1720.143 1727.695 1870.328 1967.460 2006.775 2128.576 2182.691 2130.141 2138.874 2085.788 2079.028 2026.231 1982.002 1805.797 1711.825 1461.838 1332.469 1340.578 1551.107 1856.481 2221.659 2514.854 2943.495 2826.655 2630.221
