data/medianmodel_11-Oct-2020.asc
ncols	141
nrows	288
xllcorner	-120191.398
yllcorner	-301404.813
cellsize	2000.000
NODATA_value	-999.250
[rows 240 to 269 of 288, columns 0 to 67 of 141]
-999.250 -999.250 -999.250 -999.250 -999.250 -999.250 -999.250 -999.250 -999.250 -999.250 -999.250 -999.250 -999.250 -999.250 -999.250 -999.250 -999.250 -999.250 -999.250 -999.250 -999.250 -999.250 -999.250 -999.250 -999.250 -999.250 -999.250 -999.250 -999.250 -999.250 28.748 27.191 29.335 28.989 36.055 26.605 29.440 31.248 35.564 38.001 39.610 47.383 52.931 43.862 44.653 40.809 40.990 32.739 30.803 29.828 27.768 21.990 21.525 21.095 16.841 14.620 10.360 11.697 5.194 8.223 8.511 14.046 18.485 20.786 22.800 27.660 33.265 49.094
-999.250 -999.250 -999.250 -999.250 -999.250 -999.250 -999.250 -999.250 -999.250 -999.250 -999.250 -999.250 -999.250 -999.250 -999.250 -999.250 -999.250 -999.250 -999.250 -999.250 -999.250 -999.250 -999.250 -999.250 -999.250 -999.250 -999.250 -999.250 -999.250 -999.250 32.627 32.438 34.887 34.183 35.275 35.903 41.660 47.779 46.540 52.602 49.630 58.521 54.111 60.633 57.235 46.805 40.705 33.198 29.088 25.646 26.658 19.847 19.952 18.688 19.366 15.980 11.813 8.317 6.883 8.617 10.040 13.518 18.084 18.218 20.361 21.533 28.416 36.048
-999.250 -999.250 -999.250 -999.250 -999.250 -999.250 -999.250 -999.250 -999.250 -999.250 -999.250 -999.250 -999.250 -999.250 -999.250 -999.250 -999.250 -999.250 -999.250 -999.250 -999.250 -999.250 -999.250 -999.250 -999.250 -999.250 -999.250 -999.250 -999.250 -999.250 41.014 35.453 42.853 43.201 43.230 35.363 44.180 52.255 53.522 57.400 60.987 69.503 64.987 60.765 59.225 49.961 36.287 35.722 29.694 28.926 30.268 21.356 22.002 19.473 18.467 17.356 13.926 7.129 5.614 7.873 7.698 9.932 13.011 16.176 17.064 22.569 25.096 32.487
-999.250 -999.250 -999.250 -999.250 -999.250 -999.250 -999.250 -999.250 -999.250 -999.250 -999.250 -999.250 -999.250 -999.250 -999.250 -999.250 -999.250 -999.250 -999.250 -999.250 -999.250 -999.250 -999.250 -999.250 -999.250 -999.250 -999.250 -999.250 -999.250 -999.250 32.398 34.254 45.571 47.875 50.383 51.874 47.273 54.620 66.353 63.043 68.079 76.400 69.351 71.599 66.783 61.632 52.646 44.187 37.929 28.907 29.523 22.830 22.045 21.714 18.776 16.420 15.455 13.907 9.426 7.605 6.755 4.103 9.002 14.215 17.202 19.713 20.721 29.412
-999.250 -999.250 -999.250 -999.250 -999.250 -999.250 -999.250 -999.250 -999.250 -999.250 -999.250 -999.250 -999.250 -999.250 -999.250 -999.250 -999.250 -999.250 -999.250 -999.250 -999.250 -999.250 -999.250 -999.250 -999.250 -999.250 -999.250 -999.250 -999.250 -999.250 36.224 37.383 45.443 47.170 52.137 61.007 59.171 58.547 77.303 78.926 79.561 76.884 73.016 80.028 65.248 70.406 56.035 43.912 49.335 31.172 27.377 27.534 26.891 23.254 18.692 14.643 15.821 13.217 10.802 5.246 4.485 2.168 7.692 12.530 16.511 15.161 18.984 23.496
-999.250 -999.250 -999.250 -999.250 -999.250 -999.250 -999.250 -999.250 -999.250 -999.250 -999.250 -999.250 -999.250 -999.250 -999.250 -999.250 -999.250 -999.250 -999.250 -999.250 -999.250 -999.250 -999.250 -999.250 -999.250 -999.250 -999.250 -999.250 -999.250 -999.250 -999.250 39.544 46.823 53.870 60.309 59.946 67.211 72.924 77.044 85.338 81.240 74.248 79.869 79.324 86.738 73.889 59.156 53.077 39.776 43.175 46.895 36.051 29.131 22.805 20.607 19.049 15.856 8.724 9.432 3.148 1.212 0.000 3.312 7.259 11.648 12.681 13.688 20.906
-999.250 -999.250 -999.250 -999.250 -999.250 -999.250 -999.250 -999.250 -999.250 -999.250 -999.250 -999.250 -999.250 -999.250 -999.250 -999.250 -999.250 -999.250 -999.250 -999.250 -999.250 -999.250 -999.250 -999.250 -999.250 -999.250 -999.250 -999.250 -999.250 -999.250 -999.250 47.918 53.722 61.097 67.718 69.060 76.325 80.910 80.836 86.476 85.042 87.896 90.738 75.811 82.547 76.656 71.360 55.804 52.848 48.847 47.036 33.022 29.703 29.915 23.549 17.273 16.722 15.043 8.502 5.822 2.260 2.142 2.428 4.331 9.335 13.254 16.538 23.122
-999.250 -999.250 -999.250 -999.250 -999.250 -999.250 -999.250 -999.250 -999.250 -999.250 -999.250 -999.250 -999.250 -999.250 -999.250 -999.250 -999.250 -999.250 -999.250 -999.250 -999.250 -999.250 -999.250 -999.250 -999.250 -999.250 -999.250 -999.250 -999.250 -999.250 49.031 40.809 52.296 65.848 72.123 80.511 78.717 80.312 100.537 93.680 89.597 87.358 88.931 87.588 82.111 79.942 69.311 56.997 62.186 58.158 51.326 42.353 36.229 26.705 23.574 19.928 16.779 11.676 9.329 5.505 4.480 4.607 2.030 3.809 10.380 9.667 16.605 19.947
-999.250 -999.250 -999.250 -999.250 -999.250 -999.250 -999.250 -999.250 -999.250 -999.250 -999.250 -999.250 -999.250 -999.250 -999.250 -999.250 -999.250 -999.250 -999.250 -999.250 -999.250 -999.250 -999.250 -999.250 -999.250 -999.250 -999.250 -999.250 -999.250 -999.250 42.765 47.064 59.564 81.852 76.520 79.729 86.230 84.961 86.901 100.956 98.449 96.318 95.578 83.912 87.598 81.468 72.320 70.635 71.801 60.483 50.980 45.408 34.955 32.737 26.389 22.243 19.669 13.696 10.730 8.022 3.603 4.937 2.344 2.317 5.128 12.495 14.466 18.061
-999.250 -999.250 -999.250 -999.250 -999.250 -999.250 -999.250 -999.250 -999.250 -999.250 -999.250 -999.250 -999.250 -999.250 -999.250 -999.250 -999.250 -999.250 -999.250 -999.250 -999.250 -999.250 -999.250 -999.250 -999.250 -999.250 -999.250 -999.250 -999.250 -999.250 35.221 56.857 67.630 68.519 78.436 83.600 92.118 95.242 91.905 107.106 99.051 96.078 102.762 90.782 94.760 92.757 74.829 57.185 71.475 68.664 55.840 50.026 47.583 31.491 27.551 21.706 17.869 10.243 12.939 6.287 4.247 2.874 2.783 4.612 3.569 13.215 16.278 16.096
-999.250 -999.250 -999.250 -999.250 -999.250 -999.250 -999.250 -999.250 -999.250 -999.250 -999.250 -999.250 -999.250 -999.250 -999.250 -999.250 -999.250 -999.250 -999.250 -999.250 -999.250 -999.250 -999.250 -999.250 -999.250 -999.250 -999.250 -999.250 -999.250 -999.250 47.747 59.068 64.767 79.457 91.269 91.108 88.551 95.946 103.426 111.396 107.929 97.369 91.363 94.732 86.594 83.537 68.632 66.375 66.558 66.514 61.686 49.187 49.881 34.551 24.119 21.865 16.417 13.814 10.671 6.016 1.893 2.777 1.557 1.038 5.239 12.718 16.113 22.056
-999.250 -999.250 -999.250 -999.250 -999.250 -999.250 -999.250 -999.250 -999.250 -999.250 -999.250 -999.250 -999.250 -999.250 -999.250 -999.250 -999.250 -999.250 -999.250 -999.250 -999.250 -999.250 -999.250 -999.250 -999.250 -999.250 -999.250 -999.250 -999.250 -999.250 51.823 54.157 60.379 75.023 90.345 95.504 101.631 111.474 108.375 121.374 112.685 102.888 94.485 94.573 82.142 90.041 85.892 69.249 71.733 61.151 51.240 49.619 42.486 34.814 28.037 23.712 17.372 13.103 11.432 4.493 1.480 2.097 1.794 1.484 4.858 10.081 17.647 22.670
-999.250 -999.250 -999.250 -999.250 -999.250 -999.250 -999.250 -999.250 -999.250 -999.250 -999.250 -999.250 -999.250 -999.250 -999.250 -999.250 -999.250 -999.250 -999.250 -999.250 -999.250 -999.250 -999.250 -999.250 -999.250 -999.250 -999.250 -999.250 -999.250 52.955 44.500 58.834 69.836 67.835 88.017 95.645 98.984 108.734 112.385 117.850 119.432 106.723 108.131 105.010 97.131 76.919 78.651 87.821 65.383 57.679 56.219 53.276 44.023 36.080 25.006 27.565 18.078 15.586 11.347 5.164 5.112 0.001 0.525 3.390 7.053 14.119 15.163 21.212
-999.250 -999.250 -999.250 -999.250 -999.250 -999.250 -999.250 -999.250 -999.250 -999.250 -999.250 -999.250 -999.250 -999.250 -999.250 -999.250 -999.250 -999.250 -999.250 -999.250 -999.250 -999.250 -999.250 -999.250 -999.250 -999.250 -999.250 -999.250 -999.250 -999.250 50.770 52.333 68.866 72.380 88.364 97.378 91.393 103.096 110.878 106.161 106.843 102.059 102.757 94.071 85.481 76.319 71.458 70.871 59.694 54.236 52.156 45.087 43.796 30.606 26.724 22.290 15.703 14.910 10.026 8.685 4.900 1.399 0.730 3.899 6.441 10.554 15.985 20.218
-999.250 -999.250 -999.250 -999.250 -999.250 -999.250 -999.250 -999.250 -999.250 -999.250 -999.250 -999.250 -999.250 -999.250 -999.250 -999.250 -999.250 -999.250 -999.250 -999.250 -999.250 -999.250 -999.250 -999.250 -999.250 -999.250 -999.250 -999.250 -999.250 -999.250 51.544 52.697 56.265 68.469 83.435 79.628 92.303 98.662 110.214 101.217 95.847 94.196 100.740 92.518 85.512 81.667 73.685 69.606 76.606 59.536 48.256 53.030 44.916 34.555 28.667 21.709 18.777 11.523 7.865 9.451 3.364 1.261 0.000 2.732 4.994 11.305 16.324 23.791
-999.250 -999.250 -999.250 -999.250 -999.250 -999.250 -999.250 -999.250 -999.250 -999.250 -999.250 -999.250 -999.250 -999.250 -999.250 -999.250 -999.250 -999.250 -999.250 -999.250 -999.250 -999.250 -999.250 -999.250 -999.250 -999.250 -999.250 -999.250 -999.250 -999.250 -999.250 50.369 55.320 67.177 74.798 73.686 88.327 95.906 102.853 98.514 98.074 95.358 93.466 86.527 86.565 82.335 84.023 78.511 78.438 59.657 50.639 43.673 46.289 31.946 28.601 21.263 18.801 13.217 8.184 6.519 1.651 0.128 0.000 0.000 3.973 9.076 16.646 26.033
-999.250 -999.250 -999.250 -999.250 -999.250 -999.250 -999.250 -999.250 -999.250 -999.250 -999.250 -999.250 -999.250 -999.250 -999.250 -999.250 -999.250 -999.250 -999.250 -999.250 -999.250 -999.250 -999.250 -999.250 -999.250 -999.250 -999.250 -999.250 -999.250 -999.250 -999.250 54.908 51.351 61.479 64.696 65.403 91.026 80.895 82.858 91.364 92.836 82.386 66.953 71.637 79.588 73.981 82.791 71.942 61.602 59.342 58.126 46.623 48.400 33.474 26.752 24.857 19.651 13.757 11.341 7.039 2.490 1.423 1.313 0.000 0.229 9.386 20.418 37.371
-999.250 -999.250 -999.250 -999.250 -999.250 -999.250 -999.250 -999.250 -999.250 -999.250 -999.250 -999.250 -999.250 -999.250 -999.250 -999.250 -999.250 -999.250 -999.250 -999.250 -999.250 -999.250 -999.250 -999.250 -999.250 -999.250 -999.250 -999.250 -999.250 -999.250 39.495 42.085 41.590 48.418 58.052 63.597 75.294 75.516 71.164 76.915 71.956 76.755 65.455 59.724 61.855 70.107 70.436 70.990 54.101 51.955 49.203 40.811 43.511 34.578 27.569 22.069 18.106 14.682 13.017 9.005 7.003 6.219 2.125 0.000 0.000 14.624 25.326 37.268
-999.250 -999.250 -999.250 -999.250 -999.250 -999.250 -999.250 -999.250 -999.250 -999.250 -999.250 -999.250 -999.250 -999.250 -999.250 -999.250 -999.250 -999.250 -999.250 -999.250 -999.250 -999.250 -999.250 -999.250 -999.250 -999.250 -999.250 -999.250 -999.250 -999.250 36.917 28.381 40.023 39.636 47.118 52.088 59.040 55.853 60.650 70.709 66.882 71.769 59.181 54.178 57.284 61.685 63.094 53.109 42.078 43.637 46.884 31.068 29.420 34.022 28.433 23.296 18.360 12.893 14.727 11.622 9.771 8.527 6.906 7.610 13.176 20.201 30.700 46.662
-999.250 -999.250 -999.250 -999.250 -999.250 -999.250 -999.250 -999.250 -999.250 -999.250 -999.250 -999.250 -999.250 -999.250 -999.250 -999.250 -999.250 -999.250 -999.250 -999.250 -999.250 -999.250 -999.250 -999.250 -999.250 -999.250 -999.250 -999.250 -999.250 -999.250 27.718 28.077 34.272 36.713 39.482 42.511 45.907 45.583 50.327 52.895 52.622 55.749 59.737 53.172 46.001 48.779 47.178 39.444 42.982 34.287 31.817 36.902 35.598 25.341 20.587 22.747 18.318 16.375 12.805 13.496 12.191 11.433 10.627 13.537 20.120 25.050 41.196 53.024
-999.250 -999.250 -999.250 -999.250 -999.250 -999.250 -999.250 -999.250 -999.250 -999.250 -999.250 -999.250 -999.250 -999.250 -999.250 -999.250 -999.250 -999.250 -999.250 -999.250 -999.250 -999.250 -999.250 -999.250 -999.250 -999.250 -999.250 -999.250 -999.250 -999.250 22.704 25.070 27.134 30.785 30.057 31.215 41.658 40.483 35.357 44.277 46.242 42.604 40.337 43.712 32.725 37.616 37.710 33.395 28.598 29.740 32.143 33.616 23.750 22.972 24.206 21.260 20.455 16.434 14.386 12.977 16.170 15.741 16.216 17.030 24.474 33.342 38.892 54.980
-999.250 -999.250 -999.250 -999.250 -999.250 -999.250 -999.250 -999.250 -999.250 -999.250 -999.250 -999.250 -999.250 -999.250 -999.250 -999.250 -999.250 -999.250 -999.250 -999.250 -999.250 -999.250 -999.250 -999.250 -999.250 -999.250 -999.250 -999.250 -999.250 -999.250 22.796 25.031 20.476 20.008 22.918 24.044 27.222 23.720 23.306 24.423 29.573 30.224 35.601 30.891 28.670 30.490 32.678 27.182 26.857 26.535 23.244 24.505 22.116 20.538 23.963 19.803 21.342 20.207 14.704 16.104 16.255 19.131 21.069 24.228 30.058 36.369 51.362 58.989
-999.250 -999.250 -999.250 -999.250 -999.250 -999.250 -999.250 -999.250 -999.250 -999.250 -999.250 -999.250 -999.250 -999.250 -999.250 -999.250 -999.250 -999.250 -999.250 -999.250 -999.250 -999.250 -999.250 -999.250 -999.250 -999.250 -999.250 -999.250 -999.250 -999.250 16.735 17.364 18.305 17.086 17.678 17.422 23.485 23.963 22.949 23.569 22.303 23.936 21.940 21.126 21.693 23.472 21.872 22.748 23.018 23.348 22.157 22.457 21.903 26.088 23.175 21.789 21.725 22.169 20.975 19.718 24.372 24.088 24.111 27.116 36.311 41.639 56.147 66.877
-999.250 -999.250 -999.250 -999.250 -999.250 -999.250 -999.250 -999.250 -999.250 -999.250 -999.250 -999.250 -999.250 -999.250 -999.250 -999.250 -999.250 -999.250 -999.250 -999.250 -999.250 -999.250 -999.250 -999.250 -999.250 -999.250 -999.250 -999.250 -999.250 14.317 13.203 10.747 8.208 11.896 15.677 14.374 15.011 16.476 17.019 18.038 18.322 19.804 19.058 17.708 18.132 18.443 19.625 22.166 25.057 24.039 25.283 22.293 22.956 24.993 24.253 26.793 23.335 20.854 21.408 23.683 22.493 22.834 27.465 32.794 44.188 43.908 59.821 77.715
-999.250 -999.250 -999.250 -999.250 -999.250 -999.250 -999.250 -999.250 -999.250 -999.250 -999.250 -999.250 -999.250 -999.250 -999.250 -999.250 -999.250 -999.250 -999.250 -999.250 -999.250 -999.250 -999.250 -999.250 -999.250 -999.250 -999.250 -999.250 -999.250 13.378 4.503 4.417 3.950 8.488 7.616 11.140 9.288 12.108 14.253 14.613 16.861 14.907 15.969 12.393 13.447 15.156 17.094 18.139 23.246 22.762 23.230 22.607 24.741 28.115 30.769 30.210 29.222 29.013 26.723 26.110 26.960 27.724 26.122 29.555 43.231 53.296 60.838 85.502
-999.250 -999.250 -999.250 -999.250 -999.250 -999.250 -999.250 -999.250 -999.250 -999.250 -999.250 -999.250 -999.250 -999.250 -999.250 -999.250 -999.250 -999.250 -999.250 -999.250 -999.250 -999.250 -999.250 -999.250 -999.250 -999.250 -999.250 -999.250 10.953 6.072 2.632 1.058 0.000 2.138 2.963 5.744 3.210 9.902 7.099 8.595 10.834 10.959 9.687 10.465 11.763 15.717 17.022 16.471 19.345 19.596 22.148 23.448 29.157 32.911 31.694 39.489 35.293 30.273 30.697 29.157 32.184 30.064 28.926 35.934 49.328 59.137 64.104 75.113
-999.250 -999.250 -999.250 -999.250 -999.250 -999.250 -999.250 -999.250 -999.250 -999.250 -999.250 -999.250 -999.250 -999.250 -999.250 -999.250 -999.250 -999.250 -999.250 -999.250 -999.250 -999.250 -999.250 -999.250 -999.250 -999.250 -999.250 -999.250 10.188 4.091 0.000 0.000 0.118 1.502 4.182 3.423 9.167 6.003 7.245 4.921 6.298 4.926 7.975 11.727 10.137 14.916 13.567 16.644 18.867 22.620 23.165 28.185 31.345 40.029 35.563 39.940 39.911 39.507 40.686 35.587 34.353 35.913 34.045 44.193 49.092 52.374 64.106 83.020
-999.250 -999.250 -999.250 -999.250 -999.250 -999.250 -999.250 -999.250 -999.250 -999.250 -999.250 -999.250 -999.250 -999.250 -999.250 -999.250 -999.250 -999.250 -999.250 -999.250 -999.250 -999.250 -999.250 -999.250 -999.250 -999.250 -999.250 12.504 8.878 1.771 0.000 0.000 1.882 5.394 6.375 6.529 8.418 4.194 5.291 5.840 0.000 1.808 8.024 11.145 13.185 13.818 16.056 19.967 19.231 22.176 23.776 29.583 27.463 35.707 44.954 42.748 53.224 56.462 51.873 47.666 44.082 45.651 44.102 44.184 50.807 50.250 72.102 65.506
-999.250 -999.250 -999.250 -999.250 -999.250 -999.250 -999.250 -999.250 -999.250 -999.250 -999.250 -999.250 -999.250 -999.250 -999.250 -999.250 -999.250 -999.250 -999.250 -999.250 -999.250 -999.250 -999.250 -999.250 -999.250 -999.250 -999.250 17.106 12.112 5.152 0.000 6.596 4.594 11.246 12.197 10.800 7.680 10.655 11.525 7.887 2.300 6.150 10.879 11.925 14.628 16.912 16.246 19.380 22.797 24.212 24.219 30.163 37.691 43.826 49.729 53.839 58.428 59.150 57.738 50.977 48.074 52.692 50.587 49.637 50.368 54.939 61.199 60.204
-999.250 -999.250 -999.250 -999.250 -999.250 -999.250 -999.250 -999.250 -999.250 -999.250 -999.250 -999.250 -999.250 -999.250 -999.250 -999.250 -999.250 -999.250 -999.250 -999.250 -999.250 -999.250 -999.250 -999.250 -999.250 -999.250 -999.250 22.353 16.099 14.329 12.423 13.157 10.484 16.979 16.020 18.408 18.073 16.858 19.130 12.706 10.366 17.117 14.142 16.553 21.528 16.746 20.685 21.186 25.629 24.700 25.550 36.408 50.199 46.880 50.091 57.158 60.970 55.427 63.885 61.187 58.032 56.769 56.601 48.783 53.007 51.143 45.766 55.488
