data/medianmodel_23-Jul-2020.asc
ncols	141
nrows	288
xllcorner	-120191.398
yllcorner	-301404.813
cellsize	2000.000
NODATA_value	-999.250
[rows 31 to 61 of 288, columns 70 to 139 of 141]
0.000 0.000 0.000 0.000 0.000 0.000 0.000 0.000 0.238 0.215 1.351 3.555 2.489 1.051 0.052 0.000 0.000 0.000 0.000 0.000 0.000 0.000 0.000 0.000 0.000 0.000 0.000 0.000 2.230 4.548 8.925 9.905 14.701 16.957 26.720 32.836 35.593 41.877 46.684 48.121 41.901 44.126 41.998 54.867 45.456 37.596 34.563 25.632 16.575 16.645 11.591 11.973 11.382 17.013 19.607 34.743 44.431 53.091 72.799 91.979 98.546 127.977 151.533 155.367 164.658 187.964 180.526 192.028 174.356 140.583
0.000 0.000 0.000 0.000 0.000 0.000 0.000 0.000 0.728 0.564 3.185 3.439 3.577 2.578 1.223 0.000 0.000 0.000 0.000 0.000 0.000 0.000 0.000 0.000 0.000 0.000 0.000 0.000 1.732 4.697 7.628 11.562 13.510 16.973 27.568 33.492 41.618 52.076 53.780 63.457 53.275 40.176 41.576 40.191 25.722 43.568 39.583 23.813 19.832 17.425 17.047 11.639 14.656 19.913 28.468 41.784 59.710 72.626 85.582 109.963 119.186 140.777 172.431 199.480 207.748 219.680 212.709 203.999 178.142 163.863
0.000 0.000 0.000 0.000 0.000 0.000 0.000 0.000 1.194 2.220 2.868 4.158 3.222 4.103 1.950 0.000 0.000 0.000 0.000 0.000 0.000 0.000 0.000 0.000 0.000 0.000 0.000 0.000 2.826 5.745 7.896 9.049 11.721 20.136 26.158 35.882 45.557 63.480 68.889 63.672 53.221 42.740 39.366 37.277 37.887 35.970 30.107 23.798 23.516 22.261 25.898 18.297 16.424 21.048 35.775 46.723 67.721 72.943 94.714 119.536 130.750 172.527 183.591 202.391 216.934 235.315 238.087 198.153 195.904 -999.250
0.000 0.000 0.000 0.000 0.000 0.000 0.000 0.000 0.550 2.941 3.422 6.177 5.052 4.582 0.261 0.000 0.000 0.000 0.000 0.000 0.000 0.000 0.000 0.000 0.000 0.000 0.000 0.000 0.980 3.558 6.481 7.578 10.209 16.012 21.344 26.683 46.966 49.340 60.858 57.808 63.518 46.410 48.386 38.459 31.980 26.743 26.672 28.340 23.542 23.381 22.887 20.911 21.766 21.239 34.725 52.577 75.808 89.431 103.272 122.595 152.253 166.951 207.300 233.489 251.148 259.887 243.786 211.098 -999.250 -999.250
0.000 0.000 0.000 0.000 0.000 0.000 0.000 0.000 0.000 2.141 4.426 8.361 5.842 2.061 0.000 0.009 0.000 0.000 0.000 0.000 0.000 0.000 0.000 0.000 0.000 0.000 0.000 0.000 0.977 3.752 5.314 6.024 7.595 11.986 15.947 25.030 34.263 45.074 47.595 44.744 44.907 43.983 47.632 38.873 36.594 32.241 27.946 23.819 24.915 21.830 24.538 15.735 25.526 30.715 37.370 50.784 72.600 93.350 106.972 125.019 145.159 165.774 205.853 251.287 263.543 260.695 223.888 -999.250 -999.250 -999.250
0.000 0.000 0.000 0.000 0.000 0.000 0.000 0.000 0.000 1.471 4.208 4.598 3.274 1.962 1.886 0.000 0.000 0.000 0.000 0.000 0.000 0.000 0.000 0.000 0.000 0.000 0.000 0.000 1.043 4.597 4.631 6.103 7.035 11.931 13.365 18.149 19.771 34.543 41.513 35.809 35.586 39.985 32.605 36.525 37.185 29.769 25.161 25.298 19.505 17.730 19.492 19.404 26.245 29.465 40.389 67.997 82.301 95.685 110.764 133.563 155.244 207.946 214.322 216.941 237.061 245.584 234.029 -999.250 -999.250 -999.250
0.000 0.000 0.000 0.000 0.000 0.000 0.000 0.000 0.000 0.611 3.302 1.613 1.643 0.339 0.000 0.000 0.000 0.000 0.000 0.000 0.000 0.000 0.000 0.000 0.000 0.000 0.000 0.000 0.000 1.948 1.027 3.581 6.783 9.173 10.675 13.972 17.864 23.200 18.169 23.304 26.847 24.360 31.495 26.876 23.756 25.844 22.111 23.952 22.615 20.119 18.377 17.957 21.576 38.442 42.582 74.239 82.247 93.308 114.261 137.697 185.405 198.573 202.765 210.970 213.791 224.568 -999.250 -999.250 -999.250 -999.250
0.000 0.000 0.000 0.000 0.000 0.000 0.000 0.000 0.000 0.749 0.277 0.538 0.027 0.000 0.000 0.000 0.000 0.000 0.000 0.000 0.000 0.000 0.000 0.000 0.000 0.000 0.000 0.000 0.000 0.000 0.000 2.587 5.245 7.322 9.288 11.274 16.217 14.352 17.126 17.386 21.583 21.864 19.471 24.153 20.041 20.113 17.174 18.201 18.709 18.760 21.853 17.356 29.070 38.100 53.435 77.735 82.890 88.975 109.802 129.356 135.886 160.711 194.475 206.821 193.665 198.021 -999.250 -999.250 -999.250 -999.250
0.000 0.000 0.000 0.000 0.000 0.000 0.000 0.000 0.000 0.000 0.000 0.000 0.000 0.000 0.000 0.000 0.000 0.000 0.000 0.000 0.000 0.000 0.000 0.000 0.000 0.000 0.000 0.000 0.000 0.000 0.000 0.036 0.185 6.421 7.244 7.761 9.574 10.809 9.808 12.632 16.274 14.210 17.480 16.336 17.104 15.389 13.317 12.675 15.675 14.770 15.362 17.306 21.858 42.263 57.445 68.258 83.466 94.680 110.875 123.028 147.028 141.483 172.576 198.298 183.945 184.668 -999.250 -999.250 -999.250 -999.250
0.000 0.000 0.000 0.000 0.000 0.000 0.000 0.000 0.000 0.000 0.000 0.000 0.000 0.000 0.000 0.000 0.000 0.000 0.000 0.000 0.000 0.000 0.000 0.000 0.000 0.000 0.000 0.000 0.000 0.000 0.000 0.000 0.000 1.054 4.363 4.035 5.996 5.859 7.625 8.965 10.883 10.953 11.983 13.074 12.427 9.402 10.863 9.321 9.837 10.185 13.108 11.683 19.845 30.465 44.793 52.802 75.088 88.635 106.107 120.605 129.628 132.044 160.571 173.814 182.739 -999.250 -999.250 -999.250 -999.250 -999.250
0.000 0.000 0.000 0.000 0.000 0.000 0.000 0.000 0.000 0.000 0.000 0.000 0.000 0.000 0.000 0.000 0.000 0.000 0.000 0.000 0.000 0.000 0.000 0.000 0.000 0.000 0.000 0.000 0.000 0.000 0.000 0.000 0.000 0.000 0.076 2.323 3.678 4.387 4.727 4.454 7.568 7.548 7.029 7.966 8.743 8.968 7.216 9.430 9.952 9.541 9.777 13.035 24.912 24.742 52.700 57.505 69.340 84.650 96.975 114.588 114.145 124.389 144.173 157.041 164.641 171.082 -999.250 -999.250 -999.250 -999.250
0.000 0.000 0.000 0.000 0.000 0.000 0.000 0.000 0.000 0.000 0.000 0.000 0.000 0.000 0.000 0.000 0.000 0.000 0.000 0.000 0.000 0.000 0.000 0.000 0.000 0.000 0.000 0.000 0.000 0.000 0.000 0.000 0.000 0.000 0.000 0.000 0.000 0.000 0.000 1.855 1.763 2.637 4.734 5.146 7.103 5.565 6.272 6.085 7.358 7.942 7.804 12.040 19.365 23.447 48.230 45.613 65.226 74.913 97.552 103.012 110.214 117.705 -999.250 -999.250 -999.250 -999.250 -999.250 -999.250 -999.250 -999.250
0.000 0.000 0.000 0.000 0.000 0.000 0.000 0.000 0.000 0.000 0.000 0.000 0.000 0.000 0.000 0.000 0.000 0.000 0.000 0.000 0.000 0.000 0.000 0.000 0.000 0.000 0.000 0.000 0.000 0.000 0.000 0.000 0.000 0.000 0.000 0.000 0.000 0.000 0.000 0.000 0.000 0.000 0.084 2.560 3.607 3.981 5.517 4.371 6.014 7.011 9.353 10.662 16.298 24.380 30.791 32.446 51.746 69.880 79.899 94.432 94.499 106.733 112.605 -999.250 -999.250 -999.250 -999.250 -999.250 -999.250 -999.250
0.000 0.000 0.000 0.000 0.000 0.000 0.000 0.000 0.000 0.000 0.000 0.000 0.000 0.000 0.000 0.000 0.000 0.000 0.000 0.000 0.000 0.000 0.000 0.000 0.165 0.000 0.000 0.000 0.000 0.000 0.000 0.000 0.000 0.000 0.000 0.000 0.000 0.000 0.000 0.000 0.000 0.000 0.000 0.000 0.000 0.234 3.219 5.646 4.127 5.967 10.013 11.313 16.031 23.420 20.779 35.239 40.841 46.847 66.214 80.735 86.454 -999.250 -999.250 -999.250 -999.250 -999.250 -999.250 -999.250 -999.250 -999.250
0.000 0.000 0.000 0.000 0.000 0.000 0.000 0.000 0.000 0.000 0.000 0.000 0.000 0.000 0.000 0.000 0.000 0.000 0.000 0.000 0.000 0.000 0.335 2.084 2.838 3.844 0.478 0.000 0.000 0.000 0.000 0.000 0.000 0.000 0.000 0.000 0.000 0.000 0.000 0.000 0.000 0.000 0.000 0.000 0.000 0.000 0.083 0.797 2.747 6.517 11.916 9.778 10.934 14.613 18.933 23.803 32.199 42.479 48.404 81.319 78.377 -999.250 -999.250 -999.250 -999.250 -999.250 -999.250 -999.250 -999.250 -999.250
0.000 0.000 0.000 0.000 0.000 0.000 0.000 0.000 0.000 0.000 0.000 0.000 0.000 0.000 0.000 0.000 0.000 0.000 0.000 0.000 0.000 0.241 2.264 3.701 4.947 5.055 3.266 1.485 0.808 0.000 0.000 0.000 0.000 0.000 0.000 0.000 0.000 0.000 0.000 0.000 0.000 0.000 0.000 0.000 0.000 0.000 0.000 0.000 1.030 4.901 8.493 8.602 9.467 14.837 18.997 23.984 38.101 45.658 51.150 65.271 -999.250 -999.250 -999.250 -999.250 -999.250 -999.250 -999.250 -999.250 -999.250 -999.250
0.000 0.000 0.000 0.000 0.000 0.000 0.000 0.000 0.000 0.000 0.000 0.000 0.000 0.000 0.000 0.000 0.000 0.000 0.000 0.000 0.000 1.645 4.674 5.397 6.552 7.803 7.242 5.034 3.081 0.478 0.000 0.000 0.000 0.000 0.000 0.000 0.000 0.000 0.000 0.000 0.000 0.000 0.000 0.000 0.000 0.000 0.000 0.000 0.071 2.963 3.951 7.125 8.183 11.852 22.775 28.283 29.837 30.367 -999.250 -999.250 -999.250 -999.250 -999.250 -999.250 -999.250 -999.250 -999.250 -999.250 -999.250 -999.250
0.000 0.000 0.000 0.000 0.000 0.000 0.000 0.000 0.000 0.000 0.000 0.000 0.000 0.000 0.000 0.000 0.000 0.000 0.000 0.000 1.234 3.808 5.455 6.700 9.553 10.641 8.737 6.362 3.433 1.611 0.000 0.000 0.000 0.000 0.000 0.000 0.000 0.000 0.000 0.000 0.000 0.000 0.000 0.000 0.000 0.000 0.000 0.000 0.000 2.645 4.408 6.796 9.211 15.277 18.195 21.880 23.745 26.799 -999.250 -999.250 -999.250 -999.250 -999.250 -999.250 -999.250 -999.250 -999.250 -999.250 -999.250 -999.250
0.000 0.000 0.000 0.000 0.000 0.000 0.000 0.000 0.000 0.000 0.000 0.000 0.000 0.000 0.000 0.000 0.000 0.000 0.000 0.000 2.354 5.009 6.433 8.176 12.089 17.649 10.084 7.149 5.508 3.773 2.469 1.981 0.213 0.921 0.470 0.000 0.000 0.000 0.000 0.000 0.000 0.000 0.000 0.000 0.000 0.000 0.000 0.000 0.065 2.066 3.848 6.925 9.888 -999.250 18.840 31.157 -999.250 -999.250 -999.250 -999.250 -999.250 -999.250 -999.250 -999.250 -999.250 -999.250 -999.250 -999.250 -999.250 -999.250
0.000 0.000 0.000 0.000 0.000 0.000 0.000 0.000 0.000 0.000 0.000 0.000 0.000 0.000 0.000 0.000 0.000 0.000 0.000 0.000 0.216 4.357 6.525 8.576 9.937 12.202 10.368 7.421 6.143 4.795 4.135 3.610 4.521 3.442 2.704 2.991 0.792 0.000 0.000 0.000 0.000 0.000 0.000 0.000 0.000 0.000 0.000 0.000 2.107 2.669 5.876 -999.250 -999.250 -999.250 -999.250 -999.250 -999.250 -999.250 -999.250 -999.250 -999.250 -999.250 -999.250 -999.250 -999.250 -999.250 -999.250 -999.250 -999.250 -999.250
0.000 0.000 0.000 0.000 0.000 0.000 0.820 1.023 1.788 0.000 0.386 0.000 0.000 0.000 0.000 0.000 0.000 0.000 0.000 0.000 0.000 2.338 5.018 6.426 9.383 8.527 8.673 7.339 5.907 4.993 4.954 4.491 4.902 6.168 5.164 4.482 3.179 2.738 0.000 0.000 0.000 0.000 0.000 0.000 0.000 0.000 0.000 0.000 0.932 5.001 -999.250 -999.250 -999.250 -999.250 -999.250 -999.250 -999.250 -999.250 -999.250 -999.250 -999.250 -999.250 -999.250 -999.250 -999.250 -999.250 -999.250 -999.250 -999.250 -999.250
0.000 0.000 0.000 1.273 0.000 4.867 5.579 5.815 4.526 3.657 1.861 0.000 0.000 0.000 0.000 0.000 0.000 0.000 0.000 0.000 0.000 1.269 5.537 6.152 7.335 8.053 7.777 6.857 4.500 5.680 4.772 4.189 5.189 7.413 8.427 6.493 3.347 1.858 0.997 0.000 0.000 0.000 0.000 0.000 0.000 0.000 0.000 0.000 2.257 6.357 -999.250 -999.250 -999.250 -999.250 -999.250 -999.250 -999.250 -999.250 -999.250 -999.250 -999.250 -999.250 -999.250 -999.250 -999.250 -999.250 -999.250 -999.250 -999.250 -999.250
0.000 0.000 2.656 7.920 19.020 11.203 8.427 8.238 6.952 6.730 4.035 3.276 0.000 0.000 0.000 0.000 0.000 0.000 0.000 0.000 0.000 0.961 4.302 5.235 6.678 6.070 5.268 5.464 3.593 3.620 3.902 3.901 5.700 9.014 12.995 8.603 5.129 4.171 0.603 0.780 0.000 0.000 0.000 0.000 0.000 0.000 0.000 0.000 2.462 -999.250 -999.250 -999.250 -999.250 -999.250 -999.250 -999.250 -999.250 -999.250 -999.250 -999.250 -999.250 -999.250 -999.250 -999.250 -999.250 -999.250 -999.250 -999.250 -999.250 -999.250
0.000 0.000 3.394 7.880 12.500 11.243 10.216 9.230 9.180 8.620 5.812 2.939 0.000 0.000 0.000 0.000 0.000 0.000 0.000 0.000 0.000 0.000 3.559 3.391 1.916 2.650 3.072 3.623 3.492 1.778 1.439 4.040 4.149 6.852 7.920 7.072 5.279 2.854 1.776 0.000 0.000 0.000 0.000 0.000 0.000 0.000 0.000 0.000 -999.250 -999.250 -999.250 -999.250 -999.250 -999.250 -999.250 -999.250 -999.250 -999.250 -999.250 -999.250 -999.250 -999.250 -999.250 -999.250 -999.250 -999.250 -999.250 -999.250 -999.250 -999.250
0.000 0.000 3.462 5.850 8.890 9.487 8.877 9.728 10.415 10.272 7.175 4.041 0.606 0.000 0.000 0.000 0.000 0.000 0.000 0.000 0.000 0.000 0.249 1.296 2.413 2.381 1.957 0.893 2.619 1.600 1.283 1.405 2.355 4.085 4.661 4.608 3.699 2.675 0.106 0.000 0.000 0.000 0.000 0.000 0.000 0.000 0.000 0.000 -999.250 -999.250 -999.250 -999.250 -999.250 -999.250 -999.250 -999.250 -999.250 -999.250 -999.250 -999.250 -999.250 -999.250 -999.250 -999.250 -999.250 -999.250 -999.250 -999.250 -999.250 -999.250
0.000 0.000 1.503 5.189 6.420 8.304 8.508 10.335 11.443 11.507 8.404 6.352 2.154 0.000 0.000 0.000 0.000 0.000 0.000 0.000 0.000 0.000 0.000 0.000 0.000 0.000 0.000 0.000 0.000 0.000 0.000 0.000 0.568 0.546 1.771 1.720 2.085 0.615 0.000 0.000 0.000 0.000 0.000 0.000 0.000 0.000 0.000 -999.250 -999.250 -999.250 -999.250 -999.250 -999.250 -999.250 -999.250 -999.250 -999.250 -999.250 -999.250 -999.250 -999.250 -999.250 -999.250 -999.250 -999.250 -999.250 -999.250 -999.250 -999.250 -999.250
0.000 0.000 0.000 4.017 5.864 7.707 8.310 10.259 12.521 17.334 10.425 5.780 1.729 0.000 0.000 0.000 0.000 0.000 0.000 0.000 0.000 0.000 0.000 0.000 0.000 0.000 0.000 0.000 0.000 0.000 0.000 0.000 0.000 0.000 0.000 0.152 0.041 0.000 0.007 0.000 0.000 0.000 0.000 0.000 0.000 0.000 0.000 -999.250 -999.250 -999.250 -999.250 -999.250 -999.250 -999.250 -999.250 -999.250 -999.250 -999.250 -999.250 -999.250 -999.250 -999.250 -999.250 -999.250 -999.250 -999.250 -999.250 -999.250 -999.250 -999.250
0.000 0.000 0.000 1.063 2.489 4.979 7.461 9.500 10.000 11.856 8.860 4.410 0.537 0.000 0.000 0.000 0.000 0.000 0.000 0.000 0.000 0.000 0.000 0.000 0.000 0.000 0.000 0.000 0.000 0.000 0.000 0.000 0.000 0.000 0.000 0.000 0.000 0.000 0.000 0.000 0.000 0.000 0.000 0.000 0.000 0.000 0.000 -999.250 -999.250 -999.250 -999.250 -999.250 -999.250 -999.250 -999.250 -999.250 -999.250 -999.250 -999.250 -999.250 -999.250 -999.250 -999.250 -999.250 -999.250 -999.250 -999.250 -999.250 -999.250 -999.250
0.000 0.000 0.000 0.000 1.725 2.929 5.674 6.142 7.723 8.574 8.029 5.025 3.121 0.169 0.000 0.000 0.000 0.000 0.000 0.000 0.000 0.000 0.000 0.000 0.000 0.000 0.000 0.000 0.000 0.000 0.000 0.000 0.000 0.000 0.000 0.000 0.000 0.000 0.000 0.000 0.000 0.000 0.000 0.000 0.000 0.000 -999.250 -999.250 -999.250 -999.250 -999.250 -999.250 -999.250 -999.250 -999.250 -999.250 -999.250 -999.250 -999.250 -999.250 -999.250 -999.250 -999.250 -999.250 -999.250 -999.250 -999.250 -999.250 -999.250 -999.250
0.000 0.000 0.000 0.000 0.000 0.042 4.734 5.499 6.844 6.441 6.438 4.878 3.710 1.455 0.000 0.000 0.000 0.000 0.000 0.000 0.000 0.000 0.000 0.000 0.000 0.000 0.000 0.000 0.000 0.000 0.000 0.000 0.000 0.000 0.000 0.000 0.000 0.000 0.000 0.000 0.000 0.000 0.000 0.000 0.000 0.000 -999.250 -999.250 -999.250 -999.250 -999.250 -999.250 -999.250 -999.250 -999.250 -999.250 -999.250 -999.250 -999.250 -999.250 -999.250 -999.250 -999.250 -999.250 -999.250 -999.250 -999.250 -999.250 -999.250 -999.250
0.000 0.000 0.000 0.000 0.000 0.000 1.825 3.773 5.428 5.230 5.168 4.070 4.701 3.652 0.022 0.000 0.000 0.000 0.000 0.000 0.000 0.000 0.000 0.000 0.000 0.000 0.000 0.000 0.000 0.000 0.000 0.000 0.000 0.000 0.000 0.000 0.000 0.000 0.000 0.000 0.000 0.000 0.000 0.000 0.000 -999.250 -999.250 -999.250 -999.250 -999.250 -999.250 -999.250 -999.250 -999.250 -999.250 -999.250 -999.250 -999.250 -999.250 -999.250 -999.250 -999.250 -999.250 -999.250 -999.250 -999.250 -999.250 -999.250 -999.250 -999.250
