data/medianmodel_21-Jun-2020.asc
ncols	141
nrows	288
xllcorner	-120191.398
yllcorner	-301404.813
cellsize	2000.000
NODATA_value	-999.250
[rows 155 to 185 of 288, columns 0 to 68 of 141]
-999.250 -999.250 -999.250 -999.250 -999.250 -999.250 -999.250 43.845 37.078 43.768 46.932 56.874 55.720 66.274 71.677 66.024 80.079 70.006 64.234 51.298 35.708 25.448 15.676 12.773 9.149 9.814 5.807 8.382 9.335 9.896 11.864 12.340 15.908 21.968 18.082 16.844 13.407 8.594 6.954 3.829 0.611 0.000 0.000 0.000 0.000 0.000 0.000 0.000 0.000 0.000 0.000 0.000 0.000 0.000 0.000 0.000 0.000 0.000 1.489 0.861 2.041 4.596 5.180 4.609 5.081 4.513 3.878 3.858 3.762
-999.250 -999.250 -999.250 -999.250 -999.250 -999.250 -999.250 28.674 30.843 35.081 55.522 48.848 57.203 74.053 68.131 74.180 76.932 72.342 57.888 40.807 26.149 21.626 14.205 7.588 3.481 4.036 5.161 4.508 5.563 8.127 12.161 12.840 18.518 22.224 17.120 14.651 14.635 8.754 4.895 1.301 0.000 0.000 0.000 0.000 0.000 0.000 0.000 0.000 0.000 0.000 0.000 0.000 0.000 0.000 0.000 0.000 0.027 0.892 1.877 3.691 4.550 5.062 4.682 6.044 5.763 8.586 4.856 4.937 3.866
-999.250 -999.250 -999.250 -999.250 -999.250 -999.250 -999.250 19.943 22.780 31.129 29.936 44.659 60.831 67.696 84.915 84.745 88.286 64.150 53.439 36.929 27.838 17.246 9.397 4.162 1.740 2.026 1.928 4.483 5.237 7.113 6.872 11.567 15.641 24.242 18.330 17.304 14.033 9.734 6.262 1.299 0.000 0.000 0.000 0.000 0.000 0.000 0.000 0.000 0.000 0.000 0.000 0.000 0.000 0.000 0.000 0.000 0.151 1.377 2.748 2.618 4.963 4.744 7.207 6.302 7.724 9.741 6.607 8.301 7.377
-999.250 -999.250 -999.250 -999.250 -999.250 -999.250 -999.250 14.053 17.635 26.010 36.067 46.189 60.900 70.916 80.435 87.883 85.781 63.151 49.999 36.874 23.312 12.927 7.873 3.462 0.935 2.703 3.931 4.610 7.027 7.644 7.944 13.212 19.995 17.319 20.779 21.227 15.868 11.687 6.836 1.862 0.000 0.000 0.000 0.000 0.000 0.000 0.000 0.000 0.000 0.000 0.000 0.000 0.000 0.000 0.000 0.000 0.012 0.635 0.367 2.339 4.989 6.097 8.283 8.807 10.537 10.253 9.463 10.365 12.248
-999.250 -999.250 -999.250 -999.250 -999.250 -999.250 -999.250 -999.250 14.285 21.559 31.800 50.400 59.063 72.090 88.977 93.913 82.327 59.584 46.199 28.597 16.126 12.671 4.972 5.068 3.532 3.723 5.991 6.958 10.898 9.592 11.628 17.547 20.298 22.783 23.744 19.294 19.168 11.457 7.019 3.482 0.000 0.000 0.000 0.000 0.000 0.000 0.000 0.000 0.000 0.000 0.000 0.000 0.000 0.000 0.000 0.000 0.000 0.053 2.797 3.106 5.649 8.005 10.325 14.069 10.876 13.978 12.716 11.673 11.704
-999.250 -999.250 -999.250 -999.250 -999.250 -999.250 -999.250 -999.250 11.268 19.339 25.294 39.281 54.789 67.208 86.596 111.483 82.467 59.449 35.456 26.850 17.931 9.980 6.236 6.470 5.293 6.170 7.800 11.197 12.746 13.856 15.651 20.246 29.537 25.911 24.631 23.952 19.322 12.882 5.247 1.597 0.000 0.000 0.000 0.000 0.000 0.000 0.000 0.000 0.000 0.000 0.000 0.000 0.000 0.000 0.000 0.000 1.377 1.935 2.250 3.762 6.220 6.669 10.965 10.228 12.582 20.008 18.072 11.483 9.459
-999.250 -999.250 -999.250 -999.250 -999.250 -999.250 -999.250 8.563 7.796 13.724 22.074 34.932 41.572 61.309 72.969 72.829 66.870 47.223 30.212 23.088 16.737 9.799 6.122 7.899 7.624 11.896 12.372 19.093 16.356 23.084 23.387 19.773 27.393 22.625 26.158 25.462 27.864 13.695 5.171 0.352 0.000 0.000 0.000 0.000 0.000 0.000 0.000 0.000 0.000 0.000 0.186 1.388 0.468 0.232 0.000 0.000 0.757 1.359 1.884 3.951 5.382 8.041 8.730 8.026 8.753 14.980 15.184 11.792 7.229
-999.250 -999.250 -999.250 -999.250 -999.250 -999.250 -999.250 7.592 6.310 6.273 12.529 23.698 32.298 48.879 53.537 55.001 52.183 40.865 31.899 23.304 21.941 13.341 10.274 10.681 15.387 13.148 16.520 19.544 22.743 25.315 28.758 32.235 25.084 25.086 24.067 22.296 14.936 9.444 4.541 0.000 0.000 0.000 0.000 0.000 0.000 0.000 0.000 0.000 0.000 0.000 0.406 1.286 1.424 0.000 0.189 0.000 1.514 0.000 3.973 3.196 5.826 5.601 6.540 9.524 11.462 9.791 10.904 8.426 7.408
-999.250 -999.250 -999.250 -999.250 -999.250 -999.250 -999.250 6.529 3.783 3.828 9.024 15.913 24.414 35.895 41.624 41.597 40.338 29.744 34.358 23.589 20.844 20.083 16.928 14.445 17.667 15.396 22.711 23.122 25.693 25.197 36.150 28.896 28.237 23.631 23.277 17.372 11.097 6.186 4.435 0.000 0.000 0.000 0.000 0.000 0.000 0.000 0.000 0.000 0.000 0.000 0.382 0.872 0.000 0.525 0.000 0.051 2.548 1.364 2.511 3.568 4.389 5.353 4.487 6.353 8.513 7.459 8.481 6.851 5.345
-999.250 -999.250 -999.250 -999.250 -999.250 -999.250 -999.250 7.758 4.793 5.291 5.459 10.558 17.127 22.454 31.956 27.515 32.225 27.141 26.582 22.868 23.700 21.654 18.743 23.401 25.666 25.413 30.002 28.264 27.832 25.760 30.324 30.933 26.763 23.444 17.505 14.031 6.470 4.198 1.176 0.000 0.000 0.000 0.000 0.000 0.000 0.000 0.000 0.000 0.000 0.000 0.000 0.000 0.000 0.360 0.416 0.000 0.488 0.006 2.127 2.665 2.898 4.378 3.384 4.774 5.206 5.296 5.038 3.775 3.190
-999.250 -999.250 -999.250 -999.250 -999.250 -999.250 10.302 9.729 5.416 5.057 8.800 7.472 15.422 19.459 19.346 26.799 28.316 30.160 32.300 24.325 26.329 23.795 28.383 25.875 36.615 31.454 32.730 30.541 29.509 29.951 32.403 41.941 29.174 24.546 14.245 10.764 6.110 3.503 0.000 0.000 0.000 0.000 0.000 0.000 0.000 0.000 0.000 0.137 0.000 0.241 0.443 1.169 0.197 0.000 1.093 0.000 0.000 2.258 4.155 3.416 4.034 3.666 4.026 3.808 2.900 2.782 3.134 1.395 0.937
-999.250 -999.250 -999.250 -999.250 -999.250 -999.250 12.701 8.152 7.780 6.410 5.274 6.452 7.689 12.869 18.194 24.065 31.207 34.936 30.915 24.213 23.156 27.078 30.790 37.223 43.457 42.611 40.719 37.168 34.128 30.043 29.055 29.332 26.731 19.336 15.011 9.410 5.282 3.075 0.000 0.000 0.000 0.000 0.000 0.000 0.000 0.000 0.000 0.000 0.000 0.000 2.952 2.776 0.000 0.039 1.179 0.103 0.000 1.237 1.195 2.665 2.369 2.977 3.565 4.189 2.658 1.870 1.918 0.000 0.000
-999.250 -999.250 -999.250 -999.250 -999.250 18.196 15.081 12.157 9.445 7.526 8.214 7.662 8.571 10.687 14.128 18.681 31.870 31.876 28.494 26.597 28.659 38.432 37.684 47.194 43.801 53.250 47.072 61.631 43.850 32.759 24.136 23.000 17.355 15.547 9.342 6.376 3.859 0.000 0.000 0.000 0.000 0.000 0.000 0.000 0.000 0.000 0.000 0.000 2.588 2.230 0.549 1.407 1.690 0.235 0.029 0.995 0.000 1.573 1.496 1.812 2.768 2.955 1.123 3.340 1.806 0.000 0.000 0.000 0.000
-999.250 -999.250 -999.250 -999.250 -999.250 24.408 17.643 15.981 12.223 9.771 7.596 12.734 11.265 13.501 16.438 21.901 23.252 26.550 33.354 30.041 36.001 35.265 41.125 49.896 49.418 49.978 56.431 57.775 44.921 34.842 25.284 20.789 14.700 10.129 5.963 2.907 1.310 0.000 0.000 0.000 0.000 0.000 0.000 0.000 0.000 0.000 0.016 0.043 0.000 0.088 1.434 0.590 0.684 0.626 0.000 0.000 0.478 2.531 1.552 0.000 0.752 1.458 2.685 2.532 0.000 0.000 0.000 0.000 0.000
-999.250 -999.250 -999.250 -999.250 30.992 37.890 25.593 18.046 13.242 11.616 8.308 11.197 12.605 12.935 17.767 18.476 26.184 30.488 32.120 32.840 36.664 49.628 59.082 60.455 56.830 53.442 59.542 51.982 42.230 31.599 26.756 14.774 12.034 8.350 2.557 0.298 0.000 0.000 0.000 0.000 0.000 0.000 0.000 0.000 0.000 0.000 0.632 0.000 0.605 0.274 0.590 0.000 0.020 0.273 0.000 0.000 0.070 0.000 0.000 0.000 1.183 0.000 1.473 0.794 0.000 0.000 0.000 0.000 0.000
-999.250 -999.250 -999.250 -999.250 32.779 28.041 26.952 20.259 17.686 12.832 11.764 12.135 13.672 16.477 20.316 18.463 20.522 25.949 24.484 37.671 39.770 60.896 77.181 69.679 65.412 57.675 56.211 50.710 41.592 34.294 22.750 15.265 13.593 7.606 3.536 0.000 0.000 0.000 0.000 0.000 0.000 0.000 0.000 0.000 0.406 0.108 1.080 1.616 0.331 0.476 0.018 0.000 0.041 0.000 0.000 0.000 0.142 0.000 0.000 0.000 0.000 0.140 0.000 0.000 0.000 0.000 0.000 0.000 0.000
-999.250 -999.250 -999.250 -999.250 32.053 28.863 30.552 24.077 23.461 20.555 14.735 15.127 14.592 15.019 18.767 21.945 26.904 24.402 29.544 33.449 45.109 51.963 60.183 63.120 56.169 50.645 54.920 41.893 36.631 25.359 18.074 14.043 10.013 6.542 3.745 0.723 0.000 0.000 0.000 0.000 0.000 0.000 0.000 0.000 0.000 0.064 0.978 0.513 0.000 0.000 0.000 0.000 0.000 0.000 0.000 0.000 0.000 0.000 0.000 0.000 0.000 0.000 0.000 0.000 0.000 0.000 0.000 0.000 0.000
-999.250 -999.250 -999.250 -999.250 32.747 34.199 36.862 30.005 27.108 25.860 23.040 20.373 17.006 20.220 19.673 25.383 26.677 26.648 29.600 33.242 36.910 47.058 46.332 43.067 57.774 49.637 53.180 47.917 30.843 28.915 17.431 13.262 9.509 6.851 3.734 4.696 0.361 0.000 0.000 0.000 0.000 0.000 0.000 1.181 0.000 0.482 0.043 0.000 0.000 0.000 0.000 0.000 0.000 0.000 0.000 0.000 0.000 0.000 0.000 0.000 0.000 0.000 0.000 0.000 0.000 0.000 0.000 0.000 0.000
-999.250 -999.250 -999.250 -999.250 46.157 39.149 38.038 34.984 31.721 28.637 26.964 22.720 23.257 18.887 29.171 25.441 37.555 26.118 26.518 30.730 32.383 37.721 33.393 37.866 43.221 38.894 54.984 54.628 44.197 31.547 18.567 10.799 8.801 6.259 6.392 3.705 0.439 0.000 0.000 0.000 0.000 0.000 0.000 0.585 0.560 0.439 0.699 1.224 0.000 0.000 0.063 0.000 0.000 0.000 0.000 0.000 0.000 0.000 0.000 0.000 0.000 0.000 0.000 0.000 0.000 0.000 0.000 0.000 0.000
-999.250 -999.250 -999.250 -999.250 53.487 52.840 39.301 35.448 30.508 29.110 26.583 29.269 26.599 26.858 26.565 26.073 24.828 24.869 21.864 32.442 26.814 31.287 33.771 37.855 50.587 49.350 49.676 48.463 39.232 26.279 18.033 12.868 10.378 7.767 4.787 3.404 2.321 0.764 0.583 0.000 0.000 0.000 0.608 1.485 0.929 0.231 0.984 1.262 0.241 0.000 0.000 0.000 0.000 0.000 0.000 0.000 0.000 0.000 0.000 0.000 0.000 0.000 0.000 0.000 0.000 0.000 0.000 0.000 0.000
-999.250 -999.250 -999.250 -999.250 58.271 48.937 48.951 52.703 41.724 36.398 30.670 28.536 28.795 37.183 30.222 24.912 24.231 23.795 27.984 29.624 31.831 37.623 41.587 46.496 47.285 50.214 52.102 51.430 37.978 20.101 20.880 16.306 11.187 9.834 6.835 2.869 3.713 1.739 3.441 1.229 1.866 0.882 0.968 2.801 1.671 0.770 0.474 0.000 0.952 0.000 0.000 0.000 0.000 0.000 0.000 0.000 0.000 0.000 0.000 0.000 0.000 0.000 0.000 0.000 0.000 0.000 0.000 0.000 0.000
-999.250 -999.250 -999.250 -999.250 52.962 60.782 55.946 58.951 50.129 36.917 40.707 34.952 40.527 31.510 27.470 38.153 29.920 31.661 31.603 36.814 41.321 47.612 50.984 48.686 48.243 47.585 50.752 47.143 36.958 29.004 30.850 16.685 17.301 12.413 5.682 6.834 4.688 2.079 3.084 4.018 4.103 3.759 3.484 5.724 2.777 1.072 0.000 0.000 0.000 0.117 0.093 0.000 0.000 0.000 0.000 0.000 0.000 0.000 0.000 0.000 0.000 0.000 0.000 0.000 0.000 0.000 0.000 0.000 0.000
-999.250 -999.250 -999.250 -999.250 44.287 50.296 61.011 55.721 54.328 48.184 44.687 46.905 51.919 39.132 42.760 44.034 51.789 45.169 52.359 56.592 61.388 63.474 55.961 59.206 56.624 63.880 60.270 42.354 47.090 39.810 27.167 32.411 18.281 14.345 11.437 8.434 4.810 3.962 5.750 8.056 4.178 3.474 4.054 2.917 3.469 2.800 1.421 0.000 0.000 0.000 0.942 0.000 0.000 0.000 0.000 0.000 0.000 0.000 0.000 0.000 0.000 0.000 0.000 0.000 0.000 0.000 0.000 0.000 0.000
-999.250 -999.250 -999.250 -999.250 46.098 52.853 63.127 60.052 47.519 49.701 61.668 57.955 53.283 59.312 57.663 56.220 60.883 66.809 72.940 74.772 88.635 95.249 75.813 64.115 60.811 64.970 57.265 42.111 44.157 36.118 34.541 32.191 26.116 18.028 19.201 13.555 9.463 12.157 7.717 7.604 6.232 4.467 3.239 2.200 2.677 1.213 0.446 0.000 0.000 0.000 0.000 0.000 0.000 0.000 0.000 0.000 0.000 0.000 0.000 0.000 0.000 0.000 0.000 0.000 0.000 0.000 0.000 0.000 0.000
-999.250 -999.250 -999.250 54.649 61.124 57.128 69.352 65.551 66.521 69.261 65.846 59.704 63.340 79.506 78.323 83.674 79.737 81.834 92.667 94.826 130.321 88.174 78.241 75.380 69.326 69.577 46.633 56.112 48.536 38.186 43.951 39.006 34.382 26.990 22.537 16.912 17.017 16.285 9.715 9.819 6.599 4.635 2.940 3.265 2.279 1.428 1.282 0.593 0.059 0.000 0.000 0.000 0.000 0.000 0.000 0.000 0.000 0.000 0.000 0.000 0.000 0.000 0.000 0.000 0.000 0.000 0.000 0.000 0.000
-999.250 -999.250 -999.250 59.292 64.640 72.706 66.850 78.084 84.183 101.169 81.297 74.137 80.971 87.037 90.751 94.738 99.800 107.013 102.876 105.072 115.099 99.739 83.505 70.486 59.334 55.282 56.436 55.863 56.981 54.211 49.681 40.071 38.848 23.924 25.860 20.021 14.544 12.728 10.531 9.640 10.387 5.538 4.148 2.785 3.563 1.853 0.566 0.773 1.547 0.832 0.952 1.471 0.095 0.000 0.000 0.000 0.000 0.000 0.000 0.000 0.000 0.000 0.000 0.000 0.000 0.000 0.000 0.000 0.000
-999.250 -999.250 -999.250 58.377 67.695 73.489 86.641 85.076 99.880 130.538 101.130 109.681 104.508 115.884 125.509 128.430 147.306 114.737 109.792 114.372 119.608 98.556 87.434 81.134 73.327 53.433 54.423 64.115 64.328 58.763 46.525 38.338 42.332 33.540 23.947 24.663 13.700 12.261 10.748 10.000 10.419 7.052 4.665 4.310 4.453 1.397 0.849 1.940 0.619 1.374 3.545 0.265 0.839 0.000 0.000 0.000 0.000 0.000 0.000 0.000 0.000 0.000 0.000 0.000 0.000 0.000 0.000 0.000 0.000
-999.250 -999.250 63.101 59.284 74.721 86.797 91.928 95.513 116.864 125.112 133.526 132.901 134.497 136.972 142.341 151.772 141.738 117.779 123.154 105.710 94.911 101.075 81.700 73.748 62.163 50.961 53.152 56.740 63.135 66.658 55.450 44.322 38.837 32.107 27.033 20.244 14.897 11.183 12.429 10.103 9.302 7.604 6.720 3.322 3.584 0.631 1.558 0.935 1.498 1.431 3.119 1.341 0.000 1.997 0.000 0.000 0.000 0.000 0.000 0.000 0.000 0.000 0.000 0.000 0.000 0.000 0.000 0.000 0.000
-999.250 -999.250 74.481 72.668 74.755 94.655 102.984 114.481 137.649 146.073 162.323 154.488 156.745 162.842 160.111 171.721 175.897 147.299 141.206 115.018 -999.250 87.951 70.498 62.651 52.839 45.336 41.453 49.060 61.604 68.623 53.170 40.346 37.793 33.332 23.783 22.354 13.904 11.576 13.021 10.229 9.615 6.368 4.358 4.850 4.624 2.268 2.675 0.217 0.198 0.000 3.024 1.525 0.000 0.000 0.000 0.000 0.000 0.000 0.000 0.000 0.000 0.000 0.000 0.000 0.000 0.000 0.000 0.000 0.000
-999.250 63.053 73.435 77.527 86.055 96.269 107.070 136.370 149.457 176.651 180.746 157.312 141.472 163.753 166.827 164.895 199.357 156.063 120.536 -999.250 -999.250 63.494 56.780 51.892 49.799 26.802 29.313 39.644 43.105 50.865 49.869 41.721 36.174 22.083 21.032 17.045 15.824 11.201 11.170 10.129 6.186 5.605 4.284 2.359 1.657 3.276 2.232 2.384 0.808 0.612 0.003 1.032 1.836 1.121 0.000 0.000 0.000 0.000 0.000 0.000 0.000 0.000 0.000 0.000 0.000 0.000 0.000 0.000 0.000
-999.250 85.000 70.000 83.411 87.877 95.978 102.553 132.707 157.173 173.949 180.238 166.273 165.843 177.377 164.427 149.525 155.065 120.210 -999.250 -999.250 -999.250 -999.250 39.372 36.916 24.686 21.726 23.815 28.824 33.155 34.757 36.978 33.163 36.481 24.469 18.154 18.225 13.944 10.849 11.238 10.171 5.539 4.332 3.726 3.076 4.506 2.235 2.472 2.711 1.920 0.907 0.979 1.086 0.566 0.508 0.504 0.000 0.000 0.000 0.000 0.000 0.000 0.000 0.000 0.000 0.000 0.000 0.000 0.000 0.000
