data/medianmodel_24-Dec-2020.asc
ncols	141
nrows	288
xllcorner	-120191.398
yllcorner	-301404.813
cellsize	2000.000
NODATA_value	-999.250
[rows 174 to 202 of 288, columns 0 to 63 of 141]
-999.250 -999.250 -999.250 -999.250 321.781 324.708 345.269 348.633 348.390 352.247 358.749 348.172 358.103 377.778 378.774 395.536 417.514 433.069 479.235 506.099 478.547 456.043 453.967 446.152 403.967 398.131 373.579 362.103 340.473 334.110 330.495 331.463 337.078 335.416 338.413 325.042 316.606 285.734 297.845 263.816 264.526 257.978 264.746 299.997 352.535 437.631 526.832 614.498 760.691 884.509 995.196 1134.894 1352.293 1505.368 1630.111 1868.425 2032.581 2112.463 2041.719 1964.938 1916.190 1858.538 1609.026 1507.329
-999.250 -999.250 -999.250 -999.250 311.214 321.849 347.640 348.471 356.183 355.415 359.342 354.384 365.822 376.755 380.548 401.136 412.117 421.505 453.409 459.625 464.484 423.718 424.922 402.622 380.170 370.959 359.598 356.667 345.058 313.860 311.477 323.748 305.582 306.446 300.013 297.916 301.205 278.466 285.689 252.775 254.317 253.759 262.974 276.593 353.900 452.254 556.135 649.035 798.151 910.706 1068.857 1221.047 1412.731 1616.732 1829.838 2013.868 2293.515 2506.564 2295.870 2144.711 2077.010 1989.718 1608.175 1562.478
-999.250 -999.250 -999.250 -999.250 314.384 332.757 346.596 354.886 354.738 350.851 356.168 358.776 363.196 372.006 379.792 401.898 410.623 430.146 422.137 419.662 417.216 391.596 389.153 383.309 364.128 355.696 347.206 338.075 328.958 303.561 303.011 298.289 285.284 285.506 278.062 275.131 273.842 282.411 273.624 265.065 253.505 255.434 258.238 269.017 365.119 460.810 553.173 692.029 835.424 934.284 1087.158 1273.410 1513.149 1710.571 1938.551 2146.189 2397.830 2706.622 2490.968 2184.991 2146.461 1933.750 1823.702 1652.571
-999.250 -999.250 -999.250 -999.250 318.722 335.155 349.948 345.362 344.027 339.879 345.416 369.756 370.806 383.424 391.770 393.039 393.891 397.715 401.193 387.251 382.700 362.882 358.973 350.156 346.600 344.455 332.563 303.773 324.470 318.100 293.017 283.315 279.505 276.373 270.338 272.303 265.777 264.813 262.179 263.328 263.548 265.651 282.880 307.202 383.999 483.084 593.632 693.299 840.703 931.811 1084.869 1267.086 1506.339 1607.945 1970.581 2142.221 2435.566 2526.499 2527.445 2311.208 2126.062 1992.766 1860.527 1712.320
-999.250 -999.250 -999.250 -999.250 330.575 332.299 333.212 339.704 336.630 341.473 352.433 360.662 366.684 385.369 380.470 392.042 394.465 394.669 384.549 373.132 367.296 355.996 347.544 343.227 327.540 318.824 322.729 310.319 315.390 289.396 295.421 287.371 272.513 269.432 267.524 271.107 271.224 264.507 260.786 276.524 277.645 313.647 326.234 356.076 415.879 516.879 603.506 716.304 877.266 969.597 1056.023 1227.988 1483.635 1661.165 1886.071 2034.862 2146.559 2269.674 2301.204 2207.713 2062.382 1920.176 1898.287 1679.918
-999.250 -999.250 -999.250 323.419 339.034 336.130 347.759 338.417 333.378 344.378 358.765 348.774 351.624 369.208 375.729 378.526 382.972 385.905 383.958 366.592 350.106 354.647 346.162 341.618 336.515 326.871 323.131 311.127 294.878 284.715 284.288 278.262 260.387 262.086 269.452 286.832 283.749 274.154 270.262 299.243 331.728 322.415 351.109 377.223 460.410 531.868 642.523 705.106 874.877 997.636 1071.642 1204.897 1436.300 1649.292 1820.974 1905.862 2031.891 2009.816 2065.603 2037.045 1959.353 1922.454 1722.000 1687.873
-999.250 -999.250 -999.250 337.739 344.802 343.077 347.644 348.496 349.332 349.196 349.808 345.110 364.328 373.728 377.281 378.848 389.480 386.457 381.238 366.083 361.626 355.692 342.949 320.098 334.448 319.008 335.019 331.834 309.330 289.458 267.291 273.389 274.320 281.322 284.126 292.343 289.425 289.321 306.611 322.532 340.487 355.601 371.507 417.909 507.018 545.661 642.969 722.650 894.780 1018.912 1084.395 1209.264 1372.841 1494.555 1644.704 1832.033 1925.441 1883.411 1918.600 1919.050 1841.879 1828.262 1622.736 1586.425
-999.250 -999.250 -999.250 339.077 336.013 333.927 343.926 346.575 349.216 346.638 350.042 350.952 363.910 364.378 376.543 379.118 385.611 390.285 375.952 368.688 363.630 352.089 358.045 338.772 331.315 335.503 353.877 319.448 315.474 289.449 283.282 295.809 276.016 305.208 290.149 284.715 304.288 296.819 309.503 341.989 354.495 365.486 398.265 469.811 550.646 583.393 643.915 758.187 884.194 951.145 1030.890 1186.169 1321.577 1422.611 1554.187 1569.559 1618.709 1760.306 1868.131 1708.261 1669.575 1647.579 1581.207 1439.665
-999.250 -999.250 341.868 343.800 344.770 348.504 327.753 336.294 336.712 353.982 348.239 352.783 357.625 361.988 377.892 399.168 411.474 408.063 401.535 383.153 382.193 370.641 369.415 358.839 353.005 347.321 338.699 340.966 322.853 317.278 311.162 296.274 315.552 300.816 316.247 303.753 323.163 328.143 323.202 351.034 372.464 380.409 444.619 488.199 552.996 609.886 638.823 710.737 813.439 918.262 1015.402 1092.712 1194.858 1243.936 1394.932 1518.769 1581.372 1580.403 1571.209 1600.613 1506.384 1447.599 1392.936 1360.707
-999.250 -999.250 336.513 347.201 345.883 314.090 317.030 329.267 343.818 347.026 346.289 351.399 356.104 364.787 384.299 404.601 428.723 441.046 431.037 410.030 -999.250 394.606 379.124 373.331 373.035 360.283 359.814 356.261 347.696 343.115 343.497 340.822 333.102 337.014 341.524 328.380 326.888 348.262 368.088 374.594 372.701 398.708 437.775 487.063 568.371 628.660 654.242 763.703 806.094 896.521 956.986 1082.731 1084.269 1137.858 1201.779 1295.635 1499.341 1473.014 1499.728 1426.356 1285.924 1228.335 1152.997 1191.716
-999.250 332.158 345.299 348.852 327.647 339.893 335.996 332.741 343.951 350.656 342.780 355.857 359.901 372.790 383.051 424.149 474.994 460.128 461.981 -999.250 -999.250 404.688 409.827 393.289 376.645 374.429 375.744 370.776 368.014 368.939 363.972 369.307 351.861 338.990 344.340 344.051 355.861 356.609 377.021 393.439 386.351 427.134 474.975 511.180 582.604 644.184 698.641 786.547 771.596 865.652 963.938 1003.181 1023.924 1106.670 1118.679 1226.468 1271.640 1321.636 1322.274 1277.898 1172.692 1137.382 1117.734 1039.706
-999.250 323.673 348.337 354.315 332.662 329.259 331.976 336.860 349.605 354.078 357.765 368.204 374.074 371.316 380.778 422.276 459.483 481.141 -999.250 -999.250 -999.250 -999.250 425.060 394.067 392.348 399.500 402.558 398.023 397.416 382.623 380.819 373.031 362.894 359.717 359.505 357.941 370.150 366.415 394.165 430.288 419.896 455.179 518.793 535.731 587.746 667.033 717.073 776.374 775.968 856.129 882.569 922.001 995.776 1056.176 1042.916 1068.143 1172.077 1138.904 1141.342 1116.765 1045.433 1009.471 953.672 892.437
321.812 307.569 341.140 332.425 331.126 333.485 339.541 349.829 360.029 369.952 366.185 386.720 391.916 382.465 389.023 430.623 448.880 471.981 -999.250 -999.250 -999.250 -999.250 -999.250 452.470 438.628 439.305 457.339 448.072 453.554 427.422 413.787 397.211 387.692 392.288 388.740 375.878 382.192 396.904 431.582 451.884 471.215 490.955 546.853 592.821 632.779 693.274 685.904 772.753 814.460 865.390 865.718 887.057 871.208 957.456 974.381 1044.094 1089.836 1078.316 995.128 978.000 937.688 894.378 764.304 647.433
-999.250 322.821 335.021 333.534 314.014 344.954 342.129 355.956 368.835 374.328 379.625 395.803 431.817 423.312 422.982 456.212 468.873 487.152 -999.250 -999.250 -999.250 -999.250 470.937 459.593 484.342 486.525 492.741 498.667 504.771 504.607 477.282 450.537 442.291 417.581 401.093 409.187 414.398 437.212 451.750 464.756 477.768 506.553 547.379 615.865 687.567 752.427 708.462 718.107 761.079 801.731 816.986 797.957 871.417 865.855 915.707 947.235 945.877 911.619 873.443 818.543 817.803 758.156 626.085 564.381
-999.250 327.392 344.825 344.700 344.743 350.046 349.310 365.520 368.165 376.461 386.299 399.759 420.794 431.494 439.379 476.532 483.594 484.131 -999.250 -999.250 -999.250 478.642 -999.250 482.069 499.087 500.799 529.921 546.013 549.637 547.786 524.092 484.598 467.195 463.772 423.815 444.556 465.009 448.283 479.545 504.645 508.740 557.568 552.247 604.247 645.386 692.840 704.668 767.241 729.140 761.588 790.394 788.232 791.433 805.984 828.814 819.205 777.853 776.116 733.776 715.651 667.355 641.956 577.410 494.333
-999.250 337.651 346.713 356.878 350.103 350.970 355.758 371.590 379.417 384.699 395.880 417.752 405.102 431.180 442.417 465.952 493.117 -999.250 -999.250 -999.250 -999.250 478.266 482.900 497.318 512.895 514.271 553.270 581.839 605.004 599.878 558.538 515.534 486.697 471.991 455.313 458.898 468.260 476.947 497.696 519.964 541.683 559.683 593.854 629.733 661.488 678.985 728.139 702.870 715.883 727.641 696.577 709.396 691.836 714.093 706.994 679.072 676.763 657.759 643.933 649.195 625.736 590.097 535.679 460.888
-999.250 340.220 353.232 361.410 354.892 352.812 363.811 364.535 377.453 386.236 398.495 418.245 423.102 441.934 461.839 466.346 492.684 -999.250 -999.250 -999.250 511.104 498.555 473.843 500.693 514.802 514.568 546.718 610.453 702.481 606.669 570.897 537.441 508.711 503.233 473.959 465.620 459.175 475.658 507.171 525.346 565.950 581.438 620.960 646.366 675.601 708.569 780.944 734.240 729.306 687.554 668.575 681.065 631.891 625.787 619.491 612.941 588.614 579.291 576.353 584.542 566.761 553.138 504.885 464.872
-999.250 -999.250 -999.250 360.257 -999.250 -999.250 375.522 376.544 374.486 -999.250 -999.250 -999.250 425.295 442.521 -999.250 -999.250 -999.250 -999.250 -999.250 -999.250 534.840 525.192 479.042 495.360 503.061 501.788 536.375 558.698 606.251 593.646 555.527 524.213 499.162 479.421 493.383 467.100 469.278 470.632 514.841 530.556 590.839 606.144 639.140 695.486 720.698 760.802 721.410 715.538 660.541 681.114 645.697 613.393 610.043 580.190 566.467 547.627 520.002 505.916 514.443 542.391 526.528 520.455 495.669 486.981
-999.250 -999.250 -999.250 -999.250 -999.250 -999.250 -999.250 -999.250 -999.250 -999.250 -999.250 -999.250 -999.250 444.738 464.183 474.005 -999.250 -999.250 -999.250 578.774 565.841 544.537 504.766 488.627 486.537 462.257 486.818 521.034 525.060 537.516 538.977 513.131 492.857 484.255 479.300 477.558 476.621 496.956 523.831 550.527 594.114 604.689 622.335 662.367 736.984 817.414 772.222 719.701 685.477 654.658 635.153 592.020 577.011 552.846 517.397 484.307 427.389 434.909 471.551 474.457 504.242 515.859 490.225 497.816
-999.250 -999.250 -999.250 -999.250 -999.250 -999.250 -999.250 -999.250 -999.250 -999.250 -999.250 393.339 414.919 443.602 447.034 485.095 -999.250 -999.250 562.944 616.126 591.438 556.280 499.428 483.697 469.457 431.767 415.871 462.528 477.170 511.517 495.123 474.128 473.472 467.580 456.387 473.340 480.898 488.215 518.651 544.282 570.245 606.652 635.900 685.625 728.403 744.635 718.678 711.455 664.516 622.308 598.936 590.667 550.255 527.587 473.997 412.986 364.287 394.113 444.240 473.900 479.509 498.097 509.930 508.600
-999.250 -999.250 -999.250 -999.250 -999.250 -999.250 -999.250 -999.250 -999.250 -999.250 -999.250 410.020 411.444 416.012 442.757 463.204 462.268 490.813 535.848 567.272 578.349 585.340 521.220 484.903 441.479 401.070 378.098 395.841 435.488 460.206 453.882 454.419 461.100 447.990 440.865 444.742 458.753 487.435 527.568 548.777 585.467 600.224 612.428 642.745 651.066 664.272 661.371 643.219 609.661 592.482 563.240 548.186 544.295 492.757 457.807 408.729 387.211 394.806 445.592 454.687 484.384 510.490 520.972 529.853
-999.250 -999.250 -999.250 -999.250 -999.250 -999.250 -999.250 -999.250 -999.250 -999.250 -999.250 -999.250 418.036 423.761 427.113 445.577 453.050 480.582 510.125 526.902 541.148 530.382 503.638 465.520 417.837 387.907 379.858 386.835 414.090 416.895 434.935 424.760 417.020 438.012 431.925 438.193 457.147 471.268 508.678 552.973 563.811 559.386 572.480 609.991 615.586 620.374 601.373 603.077 592.003 564.908 552.369 529.931 509.691 504.060 466.802 450.445 428.364 443.142 480.112 484.917 511.401 530.272 557.395 583.771
-999.250 -999.250 -999.250 -999.250 -999.250 -999.250 -999.250 -999.250 -999.250 -999.250 -999.250 -999.250 -999.250 410.854 422.223 428.544 424.232 450.465 484.225 492.224 505.263 495.877 484.807 451.571 393.113 381.804 382.025 381.596 399.313 395.570 398.342 394.086 393.742 408.070 419.797 432.296 447.172 455.356 490.729 503.799 501.953 549.122 567.973 559.719 593.795 580.459 585.568 560.811 556.113 558.832 551.832 521.786 493.423 479.795 471.095 475.651 476.546 471.098 491.322 523.607 546.179 557.651 581.755 594.623
-999.250 -999.250 -999.250 -999.250 -999.250 -999.250 -999.250 -999.250 -999.250 -999.250 -999.250 -999.250 -999.250 396.771 404.885 411.678 422.443 447.172 451.095 461.877 473.686 450.359 440.647 418.244 380.873 380.391 373.986 379.674 393.420 386.709 397.647 381.548 408.280 410.559 396.776 423.770 419.541 435.452 462.512 484.438 505.046 509.047 528.727 542.527 545.187 560.609 567.350 553.507 544.691 516.887 538.826 529.038 510.154 503.237 495.506 484.865 493.283 504.169 546.873 571.978 584.025 574.155 615.755 635.762
-999.250 -999.250 -999.250 -999.250 -999.250 -999.250 -999.250 -999.250 -999.250 -999.250 -999.250 -999.250 -999.250 401.050 407.966 404.813 414.510 425.348 438.973 447.483 438.181 450.321 425.888 412.674 382.126 381.003 381.122 394.518 382.294 381.781 402.186 382.532 378.788 385.181 398.744 406.892 442.403 422.256 433.403 441.746 484.534 490.173 510.502 527.481 501.609 524.520 539.964 545.037 547.017 537.038 528.949 534.061 533.384 507.028 486.628 508.866 527.614 561.965 600.320 583.912 599.673 645.283 662.666 736.094
-999.250 -999.250 -999.250 -999.250 -999.250 -999.250 -999.250 -999.250 -999.250 -999.250 -999.250 -999.250 -999.250 -999.250 406.637 398.441 401.655 420.720 431.949 435.339 434.692 428.023 417.803 395.808 395.522 376.958 384.541 386.313 394.375 388.214 388.580 387.661 389.881 378.803 384.663 386.535 386.105 403.307 414.170 426.258 443.204 447.625 471.791 464.051 490.371 508.510 511.278 516.337 519.571 543.384 545.102 525.255 540.262 505.217 531.988 533.010 548.752 609.291 650.267 645.135 698.341 697.038 785.197 840.133
-999.250 -999.250 -999.250 -999.250 -999.250 -999.250 -999.250 -999.250 -999.250 -999.250 -999.250 -999.250 -999.250 -999.250 401.784 400.484 395.557 404.588 401.542 404.798 409.052 404.617 400.391 407.600 387.980 386.555 395.730 388.265 423.015 393.203 381.249 380.196 371.026 379.208 370.788 367.990 373.694 363.665 383.356 399.312 415.645 416.358 429.389 450.276 472.359 483.242 490.377 499.869 513.812 514.519 521.361 540.969 529.424 567.518 558.381 579.231 602.553 648.941 697.459 763.580 744.521 792.332 871.919 892.435
-999.250 -999.250 -999.250 -999.250 -999.250 -999.250 -999.250 -999.250 -999.250 -999.250 -999.250 -999.250 -999.250 -999.250 396.468 386.661 382.807 395.579 388.204 386.518 392.548 398.933 389.964 392.329 380.591 381.794 390.736 394.921 400.385 388.614 379.381 373.040 362.641 357.303 355.775 360.886 347.976 342.239 378.591 376.864 392.558 394.071 399.962 421.342 436.842 459.292 466.227 482.706 482.691 506.744 523.804 546.275 569.373 613.018 582.934 619.987 658.208 697.792 709.273 821.923 845.684 876.749 917.652 904.182
-999.250 -999.250 -999.250 -999.250 -999.250 -999.250 -999.250 -999.250 -999.250 -999.250 -999.250 -999.250 -999.250 -999.250 396.017 379.485 387.756 388.174 374.130 374.958 377.085 381.985 379.433 369.570 382.284 -999.250 371.365 389.055 382.747 382.263 378.408 358.522 358.106 353.425 366.076 366.091 359.471 353.814 361.978 373.601 371.600 374.269 394.659 392.862 404.928 422.655 450.022 470.370 455.727 483.214 531.663 547.336 602.835 627.956 638.894 664.422 681.075 739.505 844.244 857.004 873.518 935.020 908.827 950.879
