data/medianmodel_09-Feb-2021.asc
ncols	141
nrows	288
xllcorner	-120191.398
yllcorner	-301404.813
cellsize	2000.000
NODATA_value	-999.250
[rows 84 to 111 of 288, columns 64 to 127 of 141]
1099.745 1193.068 1144.458 1101.511 1103.345 1106.555 1058.781 1042.245 939.031 911.823 837.380 763.925 730.432 677.168 640.514 606.654 585.926 600.982 604.453 581.256 552.120 590.940 623.090 626.476 637.079 628.987 635.104 660.918 663.026 655.398 691.555 724.473 755.146 783.684 866.996 956.887 1017.568 1049.202 1109.253 1166.088 1229.376 1333.193 1400.993 1438.545 1478.500 1485.943 1499.941 1553.412 1630.748 1655.509 1663.808 -999.250 -999.250 -999.250 -999.250 -999.250 -999.250 -999.250 -999.250 -999.250 -999.250 -999.250 -999.250 -999.250
1077.576 1130.903 1136.649 1070.189 1059.411 1015.870 957.726 971.585 890.812 857.966 797.967 781.904 761.750 666.448 635.346 606.818 588.469 559.871 567.047 556.625 561.409 578.978 592.372 598.950 620.919 635.210 639.039 662.283 653.929 677.862 689.185 709.130 743.683 810.588 868.441 903.231 997.381 1068.662 1129.193 1173.458 1287.246 1356.901 1442.345 1435.065 1508.595 1538.719 1575.609 1596.836 1638.405 1667.502 1632.599 -999.250 -999.250 -999.250 -999.250 -999.250 -999.250 -999.250 -999.250 -999.250 -999.250 -999.250 -999.250 -999.250
1127.335 1116.661 1092.471 1064.078 1014.948 949.477 937.194 914.900 853.696 808.123 748.160 729.504 710.427 667.542 634.273 610.067 590.819 543.458 570.597 576.646 583.413 576.923 600.235 629.896 641.746 650.075 659.988 650.403 650.910 665.867 695.361 716.385 714.289 774.360 860.160 931.666 999.904 1099.069 1155.484 1216.712 1299.595 1362.703 1426.700 1496.022 1511.110 1582.807 1625.277 1641.086 1635.660 1658.396 -999.250 -999.250 -999.250 -999.250 -999.250 -999.250 -999.250 -999.250 -999.250 -999.250 -999.250 -999.250 -999.250 -999.250
1092.331 1132.235 1118.181 1051.035 1019.058 940.120 906.676 839.665 824.469 751.381 725.968 742.393 708.463 688.461 642.338 595.218 586.209 553.718 568.436 565.035 615.335 623.224 645.173 633.391 649.529 657.917 673.314 688.345 669.561 700.184 716.965 734.478 717.988 783.745 834.411 923.107 1010.918 1099.800 1171.117 1213.608 1351.573 1420.904 1453.182 1511.349 1591.591 1557.444 1579.685 1637.710 1620.402 1597.106 -999.250 -999.250 -999.250 -999.250 -999.250 -999.250 -999.250 -999.250 -999.250 -999.250 -999.250 -999.250 -999.250 -999.250
1092.236 1064.993 1088.781 1019.349 964.998 907.098 839.351 769.598 760.155 750.510 734.624 715.698 695.432 684.418 657.932 641.518 601.065 604.984 613.413 641.135 665.095 701.957 704.784 704.388 687.179 687.153 691.474 726.537 722.053 735.919 752.960 745.512 739.095 754.446 787.711 919.715 1025.472 1151.109 1218.356 1233.943 1370.685 1469.013 1506.196 1538.185 1574.901 1605.523 1603.697 1671.015 1592.147 1598.906 1625.959 1687.378 -999.250 -999.250 -999.250 -999.250 -999.250 -999.250 -999.250 -999.250 -999.250 -999.250 -999.250 -999.250
1125.915 1044.274 1067.064 1038.253 964.650 871.822 787.415 747.649 725.530 751.693 769.057 715.056 697.907 705.090 682.472 670.205 647.890 644.842 633.673 672.944 703.923 742.395 769.217 798.009 751.703 751.126 751.139 745.125 759.255 756.886 817.201 819.458 802.460 836.584 890.653 967.446 1058.042 1143.306 1249.598 1350.777 1431.381 1510.848 1522.237 1542.762 1596.982 1595.399 1583.020 1618.816 1596.639 1601.629 1644.092 1661.833 -999.250 -999.250 -999.250 -999.250 -999.250 -999.250 -999.250 -999.250 -999.250 -999.250 -999.250 -999.250
1089.627 1030.799 1017.540 986.886 934.684 864.560 819.461 775.340 771.935 785.382 743.200 745.947 727.349 743.431 731.787 695.417 678.594 680.932 678.130 735.303 791.522 837.987 902.929 894.997 904.727 847.548 846.640 847.732 827.648 842.829 824.905 848.788 894.700 911.479 958.341 1071.223 1142.789 1213.952 1304.980 1400.799 1463.137 1509.825 1559.035 1618.731 1598.977 1650.137 1646.475 1622.550 1632.397 1652.994 1593.357 1596.935 -999.250 -999.250 -999.250 -999.250 -999.250 -999.250 -999.250 -999.250 -999.250 -999.250 -999.250 -999.250
1087.425 1002.010 964.266 970.444 959.763 879.505 862.425 826.245 768.191 759.761 761.835 790.605 800.875 782.403 764.453 786.314 765.547 776.908 785.262 888.104 966.706 1000.742 999.029 1006.370 997.352 956.938 938.038 911.509 897.315 876.601 905.487 913.812 941.181 963.942 996.296 1085.576 1186.266 1247.465 1346.465 1452.442 1485.123 1515.172 1541.874 1628.319 1634.974 1617.678 1620.791 1657.421 1634.014 1643.280 1634.457 -999.250 -999.250 -999.250 -999.250 -999.250 -999.250 -999.250 -999.250 -999.250 -999.250 -999.250 -999.250 -999.250
1067.157 999.153 964.691 962.727 922.854 933.622 866.294 841.234 774.365 768.064 816.962 863.257 889.125 889.521 886.896 859.342 917.049 879.734 948.851 1018.446 1074.434 1145.250 1133.003 1126.846 1111.508 1069.866 1054.718 984.854 942.739 991.190 969.224 946.976 1007.434 1020.294 1083.416 1175.126 1259.205 1324.823 1406.637 1466.301 1545.500 1555.263 1638.802 1634.317 1676.718 1654.654 1686.561 1668.485 1638.482 1618.130 1573.957 -999.250 -999.250 -999.250 -999.250 -999.250 -999.250 -999.250 -999.250 -999.250 -999.250 -999.250 -999.250 -999.250
1010.580 982.988 931.757 931.007 906.962 877.144 903.287 882.484 842.241 873.839 903.430 914.695 928.028 883.436 935.316 954.966 1003.820 1019.868 1123.567 1166.434 1250.119 1336.841 1275.975 1248.612 1209.304 1169.854 1181.404 1074.250 1041.829 1039.845 1012.953 1062.495 1030.881 1033.156 1133.154 1207.898 1305.183 1386.636 1491.123 1546.431 1539.840 1588.893 1623.449 1626.803 1638.515 1631.735 1672.511 1679.118 1661.047 1642.557 -999.250 -999.250 -999.250 -999.250 -999.250 -999.250 -999.250 -999.250 -999.250 -999.250 -999.250 -999.250 -999.250 -999.250
1007.132 965.758 927.278 895.265 916.171 918.137 910.860 905.133 892.928 943.563 958.324 954.443 946.356 987.284 1007.648 1049.963 1113.145 1161.614 1264.573 1308.090 1402.887 1475.836 1465.356 1415.277 1343.921 1274.227 1232.334 1143.537 1102.175 1064.721 1082.939 1082.149 1120.368 1189.671 1202.868 1312.487 1390.855 1455.440 1562.365 1602.148 1633.299 1673.988 1750.393 1631.351 1648.374 1707.930 1760.446 1636.101 1675.444 1635.372 -999.250 -999.250 -999.250 -999.250 -999.250 -999.250 -999.250 -999.250 -999.250 -999.250 -999.250 -999.250 -999.250 -999.250
1052.596 974.535 958.167 911.790 937.620 952.755 944.494 954.128 955.937 967.165 1003.025 998.148 1017.146 1055.286 1105.835 1153.660 1173.660 1257.242 1341.064 1444.221 1530.403 1696.043 1583.958 1487.141 1416.852 1301.671 1227.353 1198.546 1165.646 1171.564 1138.617 1180.427 1203.378 1275.292 1334.647 1403.219 1434.659 1499.295 1661.651 1659.352 1731.044 1677.764 1664.784 1771.920 1754.724 1800.177 1809.527 1724.088 1641.638 1609.108 -999.250 -999.250 -999.250 -999.250 -999.250 -999.250 -999.250 -999.250 -999.250 -999.250 -999.250 -999.250 -999.250 -999.250
1071.153 1019.132 1025.523 976.451 958.509 941.701 948.726 963.977 1023.351 990.150 999.932 1042.609 1032.614 1072.444 1131.784 1178.376 1247.009 1304.409 1434.150 1517.730 1625.792 1656.702 1607.894 1532.173 1457.018 1371.303 1266.814 1243.118 1181.965 1180.741 1174.535 1181.528 1251.694 1311.248 1430.780 1410.199 1514.946 1568.103 1682.303 1739.003 1811.023 1783.280 1747.859 1854.557 1784.986 1746.700 1779.144 1699.561 1675.135 1626.743 1646.421 -999.250 -999.250 -999.250 -999.250 -999.250 -999.250 -999.250 -999.250 -999.250 -999.250 -999.250 -999.250 -999.250
1133.900 1098.616 1016.165 1048.622 1016.493 1001.826 1019.585 993.355 997.216 1007.148 1026.016 1039.858 1055.026 1091.938 1155.188 1236.210 1255.131 1386.299 1400.125 1518.993 1589.691 1640.944 1581.607 1519.817 1443.526 1388.123 1332.566 1249.453 1230.177 1195.870 1213.221 1203.530 1299.469 1332.664 1426.813 1458.677 1558.392 1620.574 1746.283 1826.113 1877.775 1882.260 1878.767 1795.470 1775.101 1691.043 1716.533 1738.879 1666.201 1666.532 1636.750 1588.132 -999.250 -999.250 -999.250 -999.250 -999.250 -999.250 -999.250 -999.250 -999.250 -999.250 -999.250 -999.250
1187.544 1162.674 1106.605 1027.594 1080.969 1061.817 1036.961 1039.749 1037.742 1026.489 1055.280 1083.444 1112.341 1141.128 1193.424 1289.727 1279.225 1394.816 1449.283 1497.197 1516.271 1557.666 1524.766 1485.489 1403.359 1341.896 1271.317 1281.117 1236.592 1203.501 1251.131 1230.259 1281.714 1348.054 1425.398 1523.977 1546.303 1658.272 1684.618 1781.278 1903.256 1929.418 1871.289 1816.206 1785.592 1780.365 1664.723 1766.258 1752.247 1650.787 1661.264 1623.372 1565.574 -999.250 -999.250 -999.250 -999.250 -999.250 -999.250 -999.250 -999.250 -999.250 -999.250 -999.250
1200.382 1190.476 1150.787 1139.960 1104.740 1100.226 1081.348 1021.525 1059.575 1035.688 1087.366 1096.153 1141.346 1175.220 1211.764 1269.377 1338.173 1414.048 1382.808 1410.380 1472.415 1503.141 1482.526 1414.409 1360.703 1326.362 1294.313 1280.309 1236.110 1226.297 1229.911 1258.183 1344.193 1405.605 1431.412 1484.748 1542.012 1655.548 1727.670 1820.647 2021.729 1876.042 1864.626 1784.720 1764.559 1633.952 1795.978 1689.853 1746.123 1705.478 1667.125 1517.631 -999.250 -999.250 -999.250 -999.250 -999.250 -999.250 -999.250 -999.250 -999.250 -999.250 -999.250 -999.250
1236.175 1190.601 1197.062 1183.686 1140.603 1124.457 1143.969 1067.756 1074.301 1070.059 1131.971 1148.167 1168.998 1179.554 1245.238 1301.926 1283.329 1327.769 1413.391 1378.728 1416.594 1456.896 1446.349 1369.079 1322.079 1288.606 1276.464 1278.413 1222.621 1265.995 1259.952 1276.898 1275.791 1405.971 1433.084 1437.786 1508.907 1627.107 1671.629 1770.014 1812.962 1859.373 1813.041 1785.059 1694.421 1677.071 1726.553 1709.101 1693.119 1673.859 1617.271 1591.622 1523.873 -999.250 -999.250 -999.250 -999.250 -999.250 -999.250 -999.250 -999.250 -999.250 -999.250 -999.250
1215.013 1191.497 1237.790 1178.732 1140.594 1143.916 1156.467 1117.194 1131.858 1110.709 1141.446 1139.701 1195.993 1200.396 1233.196 1231.691 1276.389 1336.628 1402.161 1415.892 1362.776 1352.075 1299.044 1280.056 1254.611 1230.994 1257.891 1262.512 1200.737 1243.371 1224.120 1210.288 1269.218 1330.939 1319.501 1368.369 1506.913 1525.325 1612.933 1661.985 1697.089 1722.231 1707.720 1662.555 1675.097 1687.211 1671.389 1660.762 1667.796 1612.597 1596.640 -999.250 -999.250 -999.250 -999.250 -999.250 -999.250 -999.250 -999.250 -999.250 -999.250 -999.250 -999.250 -999.250
1224.856 1234.245 1196.175 1188.325 1208.555 1125.077 1135.936 1136.448 1138.349 1101.005 1132.375 1122.412 1142.729 1198.285 1179.586 1222.452 1228.954 1249.523 1334.510 1349.065 1320.308 1318.605 1269.010 1229.028 1238.602 1203.414 1209.499 1253.244 1237.576 1194.562 1205.833 1175.101 1180.574 1280.799 1296.869 1296.003 1335.585 1420.726 1471.559 1521.087 1586.977 1626.938 1566.118 1605.225 1625.496 1623.405 1561.105 1571.887 1570.597 1599.437 -999.250 -999.250 -999.250 -999.250 -999.250 -999.250 -999.250 -999.250 -999.250 -999.250 -999.250 -999.250 -999.250 -999.250
1237.957 1237.371 1236.701 1170.458 1136.213 1151.668 1139.014 1153.086 1121.519 1101.626 1151.135 1126.865 1156.374 1153.927 1193.241 1208.877 1218.052 1274.580 1271.402 1250.766 1288.228 1232.119 1201.731 1158.441 1189.197 1211.136 1176.432 1145.719 1171.379 1149.866 1165.464 1167.926 1160.542 1223.990 1216.843 1230.864 1264.154 1327.114 1347.843 1377.427 1456.378 1415.275 1427.324 1471.996 1536.312 1552.346 1538.267 1513.298 1529.755 1513.455 -999.250 -999.250 -999.250 -999.250 -999.250 -999.250 -999.250 -999.250 -999.250 -999.250 -999.250 -999.250 -999.250 -999.250
1196.568 1240.100 1190.385 1177.821 1165.759 1159.222 1136.114 1128.116 1111.479 1155.689 1144.169 1145.461 1150.802 1158.263 1187.542 1213.845 1193.355 1254.169 1255.062 1241.340 1248.883 1188.745 1161.554 1167.060 1142.168 1158.496 1178.032 1150.435 1126.070 1107.137 1110.420 1047.370 1078.580 1131.050 1159.762 1170.571 1165.690 1191.170 1256.190 1248.072 1296.372 1271.412 1344.525 1316.697 1421.837 1403.086 1423.820 1454.563 1418.180 -999.250 -999.250 -999.250 -999.250 -999.250 -999.250 -999.250 -999.250 -999.250 -999.250 -999.250 -999.250 -999.250 -999.250 -999.250
1265.083 1290.022 1231.424 1207.966 1159.530 1168.937 1141.624 1149.281 1093.185 1086.430 1136.778 1121.265 1158.960 1147.312 1190.165 1199.980 1216.963 1280.694 1226.334 1229.342 1215.359 1220.354 1203.317 1180.593 1185.440 1148.848 1169.010 1165.615 1134.413 1081.407 1008.549 1012.997 1031.825 1022.720 1043.263 1041.821 1077.619 1064.341 1105.808 1130.725 1151.303 1191.297 1211.219 1191.059 1267.306 -999.250 -999.250 -999.250 -999.250 -999.250 -999.250 -999.250 -999.250 -999.250 -999.250 -999.250 -999.250 -999.250 -999.250 -999.250 -999.250 -999.250 -999.250 -999.250
1288.739 1298.522 1267.391 1197.312 1183.199 1144.984 1173.819 1101.259 1168.258 1090.337 1150.586 1149.994 1185.424 1181.096 1167.467 1203.256 1298.782 1258.032 1220.268 1224.135 1179.428 1192.843 1196.164 1181.915 1159.277 1180.927 1145.894 1127.131 1049.210 1024.680 994.738 962.740 951.978 954.289 938.185 945.397 974.493 967.342 935.004 945.488 1002.425 1009.165 1043.531 -999.250 -999.250 -999.250 -999.250 -999.250 -999.250 -999.250 -999.250 -999.250 -999.250 -999.250 -999.250 -999.250 -999.250 -999.250 -999.250 -999.250 -999.250 -999.250 -999.250 -999.250
1291.290 1254.871 1218.626 1182.223 1139.401 1110.942 1125.986 1140.806 1077.326 1061.471 1096.591 1114.850 1155.939 1147.595 1160.295 1207.167 1224.697 1243.678 1263.431 1210.396 1216.647 1164.500 1146.060 1157.355 1197.950 1180.976 1147.935 1118.549 1072.403 994.774 931.743 960.321 938.661 889.422 891.374 851.690 844.356 788.271 757.700 806.660 802.603 919.254 960.630 -999.250 -999.250 -999.250 -999.250 -999.250 -999.250 -999.250 -999.250 -999.250 -999.250 -999.250 -999.250 -999.250 -999.250 -999.250 -999.250 -999.250 -999.250 -999.250 -999.250 -999.250
1173.210 1164.926 1141.378 1089.442 1108.208 1117.125 1072.898 1134.872 1109.488 1067.168 1115.889 1107.357 1090.421 1117.917 1102.671 1175.088 1194.389 1200.301 1253.714 1199.439 1187.129 1183.979 1183.434 1183.210 1175.672 1161.578 1098.199 1110.002 1048.470 989.672 923.313 942.326 858.128 844.814 820.506 795.320 726.537 711.375 655.870 662.185 707.383 756.318 848.668 -999.250 -999.250 -999.250 -999.250 -999.250 -999.250 -999.250 -999.250 -999.250 -999.250 -999.250 -999.250 -999.250 -999.250 -999.250 -999.250 -999.250 -999.250 -999.250 -999.250 -999.250
1097.100 1097.449 1082.783 1051.077 1040.967 1028.756 1055.430 1067.329 1037.783 1073.554 1098.242 1097.471 1137.123 1170.347 1162.931 1168.886 1160.696 1210.154 1234.801 1201.314 1213.926 1204.363 1210.939 1236.512 1222.617 1154.576 1094.639 1077.095 994.354 961.505 919.436 852.604 816.289 819.813 768.388 731.395 675.137 610.284 577.583 525.762 619.989 681.446 746.085 -999.250 -999.250 -999.250 -999.250 -999.250 -999.250 -999.250 -999.250 -999.250 -999.250 -999.250 -999.250 -999.250 -999.250 -999.250 -999.250 -999.250 -999.250 -999.250 -999.250 -999.250
1081.298 1085.413 1047.635 1071.637 1003.861 990.815 978.389 1007.934 1021.479 1031.472 1024.380 1024.234 1061.823 1060.200 1131.412 1164.690 1207.831 1187.512 1183.017 1230.087 1190.935 1244.035 1215.186 1219.098 1198.961 1124.051 1047.412 999.472 1005.688 876.499 875.450 817.672 783.046 753.867 744.982 680.870 622.871 590.130 567.279 518.517 547.512 621.120 688.006 -999.250 -999.250 -999.250 -999.250 -999.250 -999.250 -999.250 -999.250 -999.250 -999.250 -999.250 -999.250 -999.250 -999.250 -999.250 -999.250 -999.250 -999.250 -999.250 -999.250 -999.250
1076.310 1048.406 1049.328 1039.512 1005.565 973.009 957.257 964.377 961.990 988.946 960.785 948.833 1001.827 1060.551 1081.972 1124.953 1191.816 1180.238 1193.129 1168.446 1158.722 1174.296 1155.708 1187.083 1151.589 1045.789 1018.726 959.293 943.258 898.280 862.011 796.462 734.209 706.882 681.873 635.159 573.312 547.132 544.514 523.644 549.821 589.609 628.870 -999.250 -999.250 -999.250 -999.250 -999.250 -999.250 -999.250 -999.250 -999.250 -999.250 -999.250 -999.250 -999.250 -999.250 -999.250 -999.250 -999.250 -999.250 -999.250 -999.250 -999.250
