data/medianmodel_21-Apr-2020.asc
ncols	141
nrows	288
xllcorner	-120191.398
yllcorner	-301404.813
cellsize	2000.000
NODATA_value	-999.250
[rows 120 to 149 of 288, columns 0 to 67 of 141]
-999.250 -999.250 -999.250 -999.250 -999.250 -999.250 -999.250 -999.250 -999.250 -999.250 -999.250 -999.250 -999.250 -999.250 -999.250 -999.250 -999.250 -999.250 -999.250 -999.250 -999.250 -999.250 -999.250 -999.250 -999.250 -999.250 2.837 2.048 5.075 5.870 5.958 11.030 8.983 11.919 14.069 15.361 16.976 23.373 29.922 37.871 58.743 56.268 72.683 75.631 77.536 67.304 53.120 35.773 23.201 12.187 6.385 5.074 12.498 16.433 18.984 24.864 28.697 32.361 29.368 26.667 19.616 16.098 13.093 9.301 7.929 6.837 6.404 1.553
-999.250 -999.250 -999.250 -999.250 -999.250 -999.250 -999.250 -999.250 -999.250 -999.250 -999.250 -999.250 -999.250 -999.250 -999.250 -999.250 -999.250 -999.250 -999.250 -999.250 -999.250 -999.250 -999.250 -999.250 -999.250 0.000 1.773 2.729 5.987 6.920 9.398 9.194 11.020 10.110 12.306 14.783 16.865 22.060 26.651 36.390 41.191 45.134 53.564 57.275 55.390 50.710 36.365 27.654 16.938 10.419 7.196 6.831 12.806 17.385 22.782 26.075 28.177 29.123 29.326 25.667 19.251 16.671 11.198 6.488 6.770 9.945 5.764 4.741
-999.250 -999.250 -999.250 -999.250 -999.250 -999.250 -999.250 -999.250 -999.250 -999.250 -999.250 -999.250 -999.250 -999.250 -999.250 -999.250 -999.250 -999.250 -999.250 -999.250 -999.250 -999.250 -999.250 -999.250 -999.250 0.951 1.969 4.251 7.291 10.066 10.022 12.294 13.018 12.767 14.170 14.709 17.959 18.029 22.465 27.636 34.850 35.704 39.318 43.276 41.485 30.941 25.887 16.613 14.871 14.068 13.617 13.601 16.939 19.633 25.195 25.679 28.875 28.811 25.655 23.437 18.880 16.719 14.748 8.528 7.601 10.260 5.157 7.016
-999.250 -999.250 -999.250 -999.250 -999.250 -999.250 -999.250 -999.250 -999.250 -999.250 -999.250 -999.250 -999.250 -999.250 -999.250 -999.250 -999.250 -999.250 -999.250 -999.250 -999.250 -999.250 -999.250 -999.250 -999.250 3.686 6.339 5.950 8.554 8.535 11.962 10.110 10.322 11.745 12.412 15.224 15.611 14.778 15.546 22.655 25.350 28.620 28.711 29.101 34.185 26.469 22.621 19.008 16.717 16.561 17.938 20.240 21.065 22.653 28.411 27.575 28.091 28.617 23.835 21.253 18.425 16.315 15.993 11.237 7.727 7.554 6.968 5.062
-999.250 -999.250 -999.250 -999.250 -999.250 -999.250 -999.250 -999.250 -999.250 -999.250 -999.250 -999.250 -999.250 -999.250 -999.250 -999.250 -999.250 -999.250 -999.250 -999.250 -999.250 -999.250 -999.250 -999.250 5.917 7.902 10.709 8.540 8.209 9.957 10.691 12.665 12.260 12.617 11.644 15.285 16.700 16.564 17.809 19.381 20.805 22.779 25.806 24.751 25.562 20.972 23.261 22.819 20.714 19.601 19.571 23.723 25.554 28.315 27.290 31.212 30.034 25.716 24.450 20.536 17.237 14.585 14.030 13.462 12.851 9.518 9.235 9.719
-999.250 -999.250 -999.250 -999.250 -999.250 -999.250 -999.250 -999.250 -999.250 -999.250 -999.250 -999.250 -999.250 -999.250 -999.250 -999.250 -999.250 -999.250 -999.250 -999.250 -999.250 -999.250 -999.250 -999.250 5.682 10.668 12.305 10.458 9.336 10.711 9.855 13.230 15.165 14.461 12.834 15.619 15.805 17.744 16.779 18.372 19.267 20.507 23.729 27.802 24.859 25.772 24.245 27.223 25.514 24.906 26.042 28.457 29.619 29.836 35.919 33.968 27.853 25.855 22.266 19.775 18.598 15.669 12.483 12.458 11.750 13.822 12.771 11.878
-999.250 -999.250 -999.250 -999.250 -999.250 -999.250 -999.250 -999.250 -999.250 -999.250 -999.250 -999.250 -999.250 -999.250 -999.250 -999.250 -999.250 -999.250 -999.250 -999.250 -999.250 -999.250 -999.250 11.763 10.322 9.367 10.055 12.174 12.322 14.038 14.804 15.010 14.761 14.227 13.289 17.182 15.035 16.133 18.306 17.014 19.273 23.058 24.343 25.364 29.034 28.379 29.195 28.383 36.536 31.399 31.837 30.386 32.443 34.957 33.795 27.292 25.343 22.847 23.948 20.614 17.287 15.479 14.351 14.182 14.387 13.293 12.870 13.813
-999.250 -999.250 -999.250 -999.250 -999.250 -999.250 -999.250 -999.250 -999.250 -999.250 -999.250 -999.250 -999.250 -999.250 -999.250 -999.250 -999.250 -999.250 -999.250 -999.250 -999.250 -999.250 -999.250 13.082 12.279 8.908 9.725 11.899 12.732 14.584 15.367 15.840 18.313 17.448 17.045 14.936 15.735 16.406 16.686 18.174 20.558 21.233 22.535 24.587 25.532 26.769 36.172 37.571 38.123 36.224 33.483 36.001 33.551 34.310 27.498 27.409 22.123 22.753 22.359 20.830 19.870 16.361 15.400 14.980 16.720 15.876 16.349 15.810
-999.250 -999.250 -999.250 -999.250 -999.250 -999.250 -999.250 -999.250 -999.250 -999.250 -999.250 -999.250 -999.250 -999.250 -999.250 -999.250 -999.250 -999.250 -999.250 -999.250 -999.250 -999.250 -999.250 13.925 11.038 10.595 10.819 12.125 13.842 15.231 16.634 17.537 19.062 17.792 16.413 14.950 15.091 16.112 17.394 18.434 21.346 21.188 22.434 26.408 25.268 31.173 32.423 38.995 45.475 38.510 34.119 32.933 32.003 29.598 25.602 21.021 22.630 20.451 21.957 19.806 20.217 14.720 13.720 16.401 16.245 16.252 13.937 15.394
-999.250 -999.250 -999.250 -999.250 -999.250 -999.250 -999.250 -999.250 -999.250 -999.250 -999.250 -999.250 -999.250 -999.250 -999.250 -999.250 -999.250 -999.250 -999.250 -999.250 -999.250 -999.250 14.493 14.646 13.174 11.094 11.274 10.946 13.303 19.310 18.970 19.025 18.655 18.031 17.978 17.626 16.704 16.683 18.160 20.485 20.352 22.067 22.099 25.404 25.323 29.262 31.809 34.948 41.432 39.990 32.214 29.379 29.627 24.154 24.570 22.893 23.201 18.906 20.667 18.975 16.664 17.455 17.123 18.499 15.471 16.579 16.090 14.296
-999.250 -999.250 -999.250 -999.250 -999.250 -999.250 -999.250 -999.250 -999.250 -999.250 -999.250 -999.250 -999.250 -999.250 -999.250 -999.250 -999.250 -999.250 -999.250 -999.250 -999.250 -999.250 14.562 13.913 12.621 11.452 12.610 13.030 16.143 20.458 21.008 20.446 20.053 19.758 18.158 18.346 15.932 15.572 16.877 18.594 19.668 20.681 23.282 23.572 24.930 30.807 31.895 34.740 36.883 36.992 31.721 28.804 26.426 22.487 21.767 21.844 18.482 18.695 19.562 17.259 15.548 17.148 17.585 17.814 19.225 16.915 15.278 13.997
-999.250 -999.250 -999.250 -999.250 -999.250 -999.250 -999.250 -999.250 -999.250 -999.250 -999.250 -999.250 -999.250 -999.250 -999.250 -999.250 -999.250 -999.250 -999.250 -999.250 -999.250 11.536 12.724 14.393 10.387 13.643 15.010 15.244 18.217 19.820 23.151 20.307 19.756 18.787 17.344 16.750 15.663 13.930 18.317 20.066 22.665 22.064 21.480 22.843 25.761 26.693 27.679 28.835 31.276 31.341 29.853 25.827 24.680 22.468 19.986 19.227 18.090 18.919 19.549 16.879 16.755 18.873 16.700 16.480 18.825 17.147 11.810 12.585
-999.250 -999.250 -999.250 -999.250 -999.250 -999.250 -999.250 -999.250 -999.250 -999.250 -999.250 -999.250 -999.250 -999.250 -999.250 -999.250 -999.250 -999.250 -999.250 -999.250 -999.250 13.223 14.462 13.296 13.019 14.023 13.320 14.961 18.204 19.373 19.965 18.867 17.998 16.897 16.987 16.567 16.531 15.852 17.098 21.169 20.044 21.074 19.337 21.756 23.485 22.756 22.828 27.556 26.692 25.204 24.088 25.146 21.833 18.861 17.361 17.297 19.528 16.716 16.917 16.731 16.624 15.960 15.479 18.028 17.994 16.085 14.365 13.813
-999.250 -999.250 -999.250 -999.250 -999.250 -999.250 -999.250 -999.250 -999.250 -999.250 -999.250 -999.250 -999.250 -999.250 -999.250 -999.250 -999.250 -999.250 -999.250 -999.250 -999.250 12.436 10.872 13.112 13.394 12.153 13.280 14.726 18.453 17.973 18.381 17.503 18.800 15.733 16.911 17.761 15.956 17.888 16.203 17.383 19.913 20.043 21.070 19.698 21.015 21.689 22.099 19.467 19.102 20.268 21.341 17.514 18.803 16.549 16.588 14.516 14.144 15.385 15.708 17.893 17.425 17.788 17.584 17.765 16.372 14.939 14.138 11.406
-999.250 -999.250 -999.250 -999.250 -999.250 -999.250 -999.250 -999.250 -999.250 -999.250 -999.250 -999.250 -999.250 -999.250 -999.250 -999.250 -999.250 -999.250 -999.250 -999.250 9.947 10.947 12.287 11.623 12.536 13.746 15.162 15.008 15.068 15.856 17.176 17.467 18.678 17.851 15.413 17.226 17.959 19.919 17.546 19.799 19.267 21.323 22.040 19.624 20.755 20.013 18.577 16.684 18.154 17.170 17.516 15.479 12.564 15.410 13.417 14.867 14.218 15.026 13.745 15.325 14.185 15.763 14.678 15.599 16.405 14.178 15.202 10.166
-999.250 -999.250 -999.250 -999.250 -999.250 -999.250 -999.250 -999.250 -999.250 -999.250 -999.250 -999.250 -999.250 -999.250 -999.250 -999.250 -999.250 -999.250 -999.250 -999.250 10.336 10.988 9.412 12.844 11.703 13.901 13.757 14.416 15.162 13.645 16.775 17.245 17.375 17.935 17.794 21.205 19.603 21.983 20.452 20.755 22.399 22.854 20.606 19.984 19.185 18.692 15.721 16.613 16.882 14.933 13.998 14.734 15.004 14.899 12.339 13.264 12.692 11.094 10.608 10.500 10.599 12.521 15.479 15.798 13.952 14.982 13.687 13.179
-999.250 -999.250 -999.250 -999.250 -999.250 -999.250 -999.250 -999.250 -999.250 -999.250 -999.250 -999.250 -999.250 -999.250 -999.250 -999.250 -999.250 -999.250 -999.250 -999.250 9.467 8.435 10.939 12.962 13.488 14.117 14.393 13.206 14.038 13.213 11.144 14.625 17.059 17.274 18.039 21.798 22.767 20.568 24.286 23.445 21.630 21.873 20.829 18.798 21.036 17.847 18.914 15.268 14.936 11.996 13.281 12.865 14.358 14.326 11.300 12.151 12.693 8.286 5.529 5.704 7.480 11.111 14.197 12.518 13.804 13.189 13.496 13.088
-999.250 -999.250 -999.250 -999.250 -999.250 -999.250 -999.250 -999.250 -999.250 -999.250 -999.250 -999.250 -999.250 -999.250 -999.250 -999.250 -999.250 -999.250 -999.250 -999.250 5.350 8.804 11.821 14.635 16.013 10.387 12.897 11.196 13.460 10.951 6.264 13.238 14.312 18.602 18.896 22.630 23.186 24.996 26.022 26.783 24.975 25.246 25.358 21.662 22.401 21.561 20.071 14.528 14.076 13.116 12.612 12.893 13.705 10.754 11.812 10.321 7.582 7.067 4.211 0.000 3.044 9.538 12.167 15.530 13.532 16.217 15.601 14.417
-999.250 -999.250 -999.250 -999.250 -999.250 -999.250 -999.250 -999.250 -999.250 -999.250 -999.250 -999.250 -999.250 -999.250 -999.250 -999.250 -999.250 -999.250 -999.250 4.895 4.666 8.355 9.802 12.025 14.509 14.130 14.654 13.227 11.474 13.115 11.189 13.811 16.278 19.809 23.943 25.371 25.580 28.984 29.767 27.839 28.555 26.946 27.315 24.493 23.059 21.087 17.777 16.217 14.415 13.593 12.239 12.427 12.430 10.708 10.623 11.643 10.699 6.864 4.778 3.017 2.587 7.227 14.560 15.587 17.349 16.439 15.883 15.313
-999.250 -999.250 -999.250 -999.250 -999.250 -999.250 -999.250 -999.250 -999.250 -999.250 -999.250 -999.250 -999.250 -999.250 -999.250 -999.250 -999.250 -999.250 -999.250 3.667 1.016 5.614 10.440 14.421 15.556 15.849 14.874 16.106 15.877 14.339 14.871 15.508 17.696 20.867 23.496 25.425 33.352 34.809 34.416 33.431 34.230 33.810 31.370 30.392 25.941 21.384 19.244 17.226 13.783 11.514 11.196 12.180 12.654 12.697 11.209 10.669 10.229 7.780 7.721 7.383 5.806 7.556 11.840 15.182 16.476 17.641 18.121 15.183
-999.250 -999.250 -999.250 -999.250 -999.250 -999.250 -999.250 -999.250 -999.250 -999.250 -999.250 -999.250 -999.250 -999.250 -999.250 -999.250 -999.250 -999.250 -999.250 2.435 0.000 3.449 8.911 13.567 15.787 17.327 18.954 18.637 18.056 17.949 17.186 16.582 19.188 23.438 25.532 29.169 31.950 36.042 36.991 36.370 35.478 33.998 31.397 30.419 27.256 25.146 20.517 18.442 13.983 12.105 12.777 14.244 12.080 13.302 13.000 11.835 11.028 7.032 8.349 7.746 6.864 8.970 12.992 16.001 18.951 18.217 17.940 16.460
-999.250 -999.250 -999.250 -999.250 -999.250 -999.250 -999.250 -999.250 -999.250 -999.250 -999.250 -999.250 -999.250 -999.250 -999.250 -999.250 -999.250 -999.250 -999.250 7.244 4.877 6.002 11.641 16.108 17.751 19.764 20.825 21.004 22.181 20.677 21.624 22.668 23.485 25.686 29.270 31.547 29.293 36.037 38.339 38.159 36.001 33.693 28.050 30.590 28.646 24.485 21.313 15.579 8.164 11.791 13.295 10.560 13.262 14.624 12.583 8.953 9.150 8.897 6.358 5.678 5.699 10.428 13.322 15.403 17.538 17.079 16.930 18.180
-999.250 -999.250 -999.250 -999.250 -999.250 -999.250 -999.250 -999.250 -999.250 -999.250 -999.250 -999.250 -999.250 -999.250 -999.250 -999.250 -999.250 -999.250 -999.250 10.292 8.223 11.708 14.248 17.725 20.060 21.774 19.654 21.508 21.958 24.546 22.862 23.390 25.119 26.902 28.799 33.190 34.726 33.828 32.887 33.595 33.349 33.305 32.915 31.353 31.277 22.290 20.720 19.226 16.102 15.613 14.887 13.289 15.595 14.241 13.246 12.078 12.934 8.761 7.742 6.144 6.523 10.556 14.381 15.481 15.957 16.831 17.908 18.002
-999.250 -999.250 -999.250 -999.250 -999.250 -999.250 -999.250 -999.250 -999.250 -999.250 -999.250 -999.250 -999.250 -999.250 -999.250 -999.250 -999.250 -999.250 14.284 13.767 13.465 17.377 19.786 20.540 23.836 25.349 21.551 23.062 25.753 28.538 26.852 25.554 25.767 27.832 30.534 35.551 37.526 37.153 34.630 31.878 31.402 33.579 32.675 28.483 27.307 24.598 22.385 20.319 17.628 16.080 17.237 15.847 14.380 13.869 10.907 11.841 12.212 10.447 5.389 2.465 4.175 10.171 14.696 13.616 15.313 18.338 20.217 18.506
-999.250 -999.250 -999.250 -999.250 -999.250 -999.250 -999.250 -999.250 -999.250 -999.250 -999.250 -999.250 -999.250 -999.250 -999.250 -999.250 -999.250 19.146 16.045 16.468 17.800 19.453 22.607 22.537 26.115 25.366 27.372 25.594 27.426 29.496 29.023 27.799 26.285 30.535 29.830 36.263 38.285 36.952 33.246 36.479 34.892 31.612 34.551 28.565 30.022 25.251 23.699 22.032 19.041 19.286 17.363 16.011 14.162 13.772 13.344 14.614 13.323 14.755 9.002 0.000 3.736 9.759 12.079 14.707 18.143 17.126 16.259 16.021
-999.250 -999.250 -999.250 -999.250 -999.250 -999.250 -999.250 -999.250 -999.250 -999.250 -999.250 -999.250 -999.250 -999.250 -999.250 -999.250 -999.250 17.331 18.087 18.547 20.344 22.764 23.303 23.416 24.126 26.680 27.749 26.269 30.033 32.182 31.729 26.691 32.292 35.860 33.142 34.912 39.355 33.911 34.205 36.834 31.564 34.150 28.855 31.130 27.856 25.942 26.971 28.457 25.431 22.043 19.242 15.715 13.434 14.111 12.344 14.836 16.809 19.914 15.245 7.399 8.994 13.240 12.812 16.512 16.955 16.243 15.308 14.626
-999.250 -999.250 -999.250 -999.250 -999.250 -999.250 -999.250 -999.250 -999.250 -999.250 -999.250 -999.250 -999.250 -999.250 -999.250 15.683 19.194 20.645 20.419 21.270 22.124 26.800 26.248 26.787 26.315 26.767 28.038 34.644 39.617 35.727 32.457 33.577 33.929 33.808 38.713 39.961 38.441 40.357 37.531 35.631 33.326 37.214 33.862 30.119 25.688 27.352 31.022 29.897 28.487 24.331 20.070 16.311 11.643 7.578 11.459 16.713 22.100 28.466 22.079 17.654 15.482 14.404 14.820 15.727 16.520 18.127 14.830 13.673
-999.250 -999.250 -999.250 -999.250 -999.250 -999.250 -999.250 -999.250 -999.250 -999.250 -999.250 -999.250 -999.250 -999.250 16.759 18.483 20.998 23.315 21.939 21.965 23.148 22.313 24.272 28.119 25.090 27.466 30.139 34.406 36.973 36.337 33.581 37.263 36.786 37.361 40.094 43.588 40.910 45.382 41.345 39.401 37.841 35.426 32.064 27.236 26.744 26.530 31.399 39.093 33.721 27.278 22.199 16.496 7.957 0.000 10.279 17.445 21.720 27.057 24.584 20.148 17.768 17.642 16.452 18.021 16.498 16.343 14.816 11.679
-999.250 -999.250 -999.250 -999.250 -999.250 -999.250 -999.250 -999.250 -999.250 -999.250 -999.250 -999.250 -999.250 -999.250 15.453 18.697 20.622 19.789 26.008 24.641 25.869 24.534 24.950 26.839 28.285 26.453 32.054 35.596 35.617 35.144 35.585 34.929 36.781 38.510 41.444 45.147 42.266 46.842 39.970 35.288 37.320 33.566 31.061 25.560 24.578 23.193 29.618 40.209 33.883 32.506 25.611 17.592 11.857 8.425 12.385 15.969 20.142 24.840 25.480 22.343 21.375 20.152 19.300 18.876 17.759 16.408 15.358 11.092
-999.250 -999.250 -999.250 -999.250 -999.250 -999.250 -999.250 -999.250 -999.250 -999.250 -999.250 -999.250 -999.250 15.319 16.187 18.427 17.222 21.510 24.093 23.586 24.579 26.613 26.796 26.624 31.566 28.006 30.618 29.803 38.482 38.274 38.774 41.419 42.554 42.907 41.949 43.202 42.981 44.636 39.908 40.290 34.365 32.512 28.897 25.902 23.060 23.724 28.224 32.987 34.154 29.940 26.682 21.105 15.750 13.690 17.505 18.021 20.434 22.410 23.098 23.465 19.871 20.390 18.363 17.833 17.224 16.963 15.674 12.490
