data/medianmodel_25-Aug-2020.asc
ncols	141
nrows	288
xllcorner	-120191.398
yllcorner	-301404.813
cellsize	2000.000
NODATA_value	-999.250
[rows 186 to 216 of 288, columns 0 to 68 of 141]
22.541 23.132 27.292 30.600 35.181 37.140 39.211 47.922 52.247 63.873 63.733 67.306 71.704 75.059 73.450 62.732 49.480 39.146 -999.250 -999.250 -999.250 -999.250 -999.250 22.116 21.555 19.119 19.043 19.179 17.380 15.754 11.783 6.981 3.396 0.000 0.000 0.000 0.000 0.000 0.000 0.000 2.336 12.265 21.940 39.556 61.876 72.749 98.734 119.389 150.731 190.003 201.583 218.963 291.841 323.748 362.005 382.539 457.517 458.897 466.991 468.244 461.521 341.145 209.529 176.813 121.196 96.987 67.748 61.942 52.433
-999.250 22.506 25.876 30.468 34.817 35.450 38.750 44.968 51.484 56.288 62.475 64.227 68.982 65.431 63.542 55.100 45.470 38.197 -999.250 -999.250 -999.250 -999.250 20.627 19.701 16.815 16.530 16.483 16.660 16.039 14.211 9.771 5.382 3.139 0.000 0.000 0.000 0.000 0.000 0.000 0.000 1.527 8.250 17.078 35.043 51.586 72.670 98.408 110.618 132.187 169.673 193.750 218.985 222.979 269.962 338.821 281.072 410.778 369.415 420.372 361.386 291.771 219.578 180.685 135.129 91.734 43.303 35.488 30.820 24.289
-999.250 23.209 24.599 27.645 30.038 36.057 38.632 44.202 49.872 54.075 56.771 62.740 62.352 55.652 53.400 52.599 42.102 36.785 -999.250 -999.250 -999.250 21.715 -999.250 16.064 15.958 16.027 16.148 17.233 16.780 15.691 10.543 5.581 0.924 0.000 0.000 0.000 0.000 0.000 0.000 0.000 0.000 4.135 13.595 22.470 39.277 60.702 83.248 100.097 115.768 139.117 168.129 188.254 177.862 208.805 225.131 306.706 337.057 247.872 233.169 214.429 215.569 188.124 133.500 100.230 64.024 32.065 19.366 13.034 7.986
-999.250 24.132 26.588 29.579 33.273 35.479 37.910 41.239 48.895 52.602 58.964 60.816 55.914 51.470 47.668 42.453 38.647 -999.250 -999.250 -999.250 -999.250 19.751 16.832 14.260 13.448 15.089 16.883 20.112 20.820 16.489 8.576 5.008 1.326 0.000 0.000 0.000 0.000 0.000 0.000 0.000 0.000 0.000 6.562 14.466 27.123 42.207 64.336 76.885 104.669 128.710 148.801 161.114 179.663 186.486 201.409 212.823 218.210 217.632 200.658 209.012 179.062 141.686 119.259 91.574 56.124 29.032 11.681 5.986 0.144
-999.250 23.960 27.512 35.111 34.012 35.269 37.150 40.751 47.271 52.491 55.550 64.259 52.719 48.460 42.369 38.525 36.507 -999.250 -999.250 -999.250 23.048 18.163 19.093 12.904 10.781 12.596 14.574 20.912 30.323 17.013 9.880 4.139 0.040 0.000 0.000 0.000 0.000 0.000 0.000 0.000 0.000 0.000 1.867 7.063 14.208 27.683 47.297 67.626 98.859 115.397 135.852 145.441 163.875 186.117 193.942 212.636 202.651 187.315 192.132 180.161 152.236 115.986 101.271 75.519 45.686 24.439 9.793 0.966 0.000
-999.250 -999.250 -999.250 31.099 -999.250 -999.250 36.751 38.727 43.195 -999.250 -999.250 -999.250 48.031 41.012 -999.250 -999.250 -999.250 -999.250 -999.250 -999.250 22.522 17.367 14.004 9.990 8.180 8.688 11.829 15.352 16.571 13.917 8.460 3.776 0.206 0.000 0.000 0.000 0.000 0.000 0.000 0.000 0.000 0.000 0.000 0.000 2.938 12.756 28.695 52.448 75.323 106.902 119.667 146.850 162.414 178.226 186.840 198.886 188.844 194.265 185.378 170.775 137.688 103.105 94.448 65.936 38.908 20.879 8.040 0.000 0.000
-999.250 -999.250 -999.250 -999.250 -999.250 -999.250 -999.250 -999.250 -999.250 -999.250 -999.250 -999.250 -999.250 36.615 36.446 35.049 -999.250 -999.250 -999.250 32.911 24.824 17.301 12.326 7.925 6.202 6.330 7.584 8.532 9.014 8.068 5.916 2.647 0.000 0.000 0.000 0.000 0.000 0.000 0.000 0.000 0.000 0.000 0.000 0.000 0.000 0.000 18.836 41.834 65.195 92.877 107.564 117.801 133.548 158.298 176.335 189.059 195.957 182.317 175.396 154.986 121.496 104.657 81.156 56.794 36.992 19.859 7.582 0.000 0.000
-999.250 -999.250 -999.250 -999.250 -999.250 -999.250 -999.250 -999.250 -999.250 -999.250 -999.250 36.427 36.579 32.976 32.452 35.495 -999.250 -999.250 35.994 41.252 26.883 18.596 11.985 7.625 6.340 5.237 5.612 6.288 6.035 5.010 4.706 0.642 0.000 0.000 0.000 0.000 0.000 0.000 0.000 0.000 0.000 0.000 0.000 0.000 0.000 0.000 15.199 36.610 60.809 78.454 93.192 108.630 128.697 147.929 161.183 189.152 210.903 179.608 151.094 126.813 109.228 96.036 69.711 52.795 35.215 18.358 5.917 0.000 0.000
-999.250 -999.250 -999.250 -999.250 -999.250 -999.250 -999.250 -999.250 -999.250 -999.250 -999.250 31.308 29.193 28.024 27.695 28.332 29.636 29.684 31.561 30.794 25.804 21.737 12.453 7.964 6.982 5.483 7.780 5.626 5.332 5.387 4.739 2.270 0.009 0.000 0.000 0.000 0.000 0.000 0.000 0.000 0.000 0.000 0.000 0.000 0.000 2.540 15.037 31.733 51.826 68.610 80.419 102.440 112.650 122.965 142.851 163.206 169.473 151.112 124.718 113.728 101.132 78.930 64.139 45.335 28.555 16.526 6.175 0.000 0.000
-999.250 -999.250 -999.250 -999.250 -999.250 -999.250 -999.250 -999.250 -999.250 -999.250 -999.250 -999.250 26.076 26.676 25.126 27.695 32.190 28.287 27.870 27.211 24.112 19.049 13.574 9.350 7.303 6.647 7.059 7.600 7.576 6.977 6.794 5.138 3.188 0.003 0.000 0.000 0.000 0.000 0.000 0.000 0.000 0.000 0.000 0.000 0.110 7.280 16.774 32.025 46.797 62.145 75.534 94.201 102.567 111.155 119.290 123.756 132.974 121.815 112.548 105.332 89.011 70.451 52.668 40.750 25.933 15.814 6.041 0.000 0.000
-999.250 -999.250 -999.250 -999.250 -999.250 -999.250 -999.250 -999.250 -999.250 -999.250 -999.250 -999.250 -999.250 24.570 24.279 24.443 25.809 26.539 27.493 26.138 22.450 18.117 14.865 13.098 11.458 11.002 11.882 12.674 12.980 12.854 11.670 8.457 6.230 3.410 0.000 0.000 0.000 0.000 0.000 0.000 0.000 0.000 0.000 0.000 4.218 9.567 19.113 34.558 40.668 56.250 66.143 75.649 90.371 101.948 105.052 108.457 109.561 102.508 98.824 87.244 72.668 63.970 48.352 35.476 23.183 13.499 6.383 0.000 0.000
-999.250 -999.250 -999.250 -999.250 -999.250 -999.250 -999.250 -999.250 -999.250 -999.250 -999.250 -999.250 -999.250 22.885 23.916 24.246 24.020 27.076 27.878 26.553 23.677 19.907 18.102 15.385 16.226 16.173 17.448 19.003 19.581 19.666 16.136 14.068 9.800 7.120 6.196 3.482 0.023 0.000 0.000 0.000 0.000 0.000 0.077 3.079 5.524 13.180 20.793 31.299 39.648 50.322 60.323 67.968 74.941 82.696 93.333 97.645 94.475 87.174 84.895 70.678 64.348 52.007 39.350 28.587 18.590 12.853 6.084 2.264 0.000
-999.250 -999.250 -999.250 -999.250 -999.250 -999.250 -999.250 -999.250 -999.250 -999.250 -999.250 -999.250 -999.250 22.434 24.097 23.830 26.583 28.586 30.649 28.922 25.386 22.893 20.267 19.417 21.057 22.314 24.442 27.372 31.172 28.789 24.862 19.430 14.609 11.213 8.919 7.405 4.995 2.721 1.573 1.061 1.889 4.722 6.088 7.306 11.614 16.018 21.099 31.492 38.210 47.386 54.460 64.456 67.506 72.037 75.590 80.405 72.248 71.093 64.661 63.305 51.058 44.021 34.737 24.806 15.925 8.716 5.723 2.103 0.648
-999.250 -999.250 -999.250 -999.250 -999.250 -999.250 -999.250 -999.250 -999.250 -999.250 -999.250 -999.250 -999.250 -999.250 22.005 24.558 27.381 32.450 40.495 32.942 28.796 26.523 24.247 23.566 27.776 28.869 34.535 37.746 41.193 37.564 32.363 23.737 20.014 16.750 13.503 10.136 9.924 8.004 6.684 7.450 7.293 8.510 12.033 12.244 16.404 18.846 23.693 29.793 39.189 44.555 51.155 57.182 63.267 63.223 65.630 68.504 65.275 63.119 59.306 51.360 42.075 36.721 26.646 20.295 14.627 8.789 3.505 0.275 0.000
-999.250 -999.250 -999.250 -999.250 -999.250 -999.250 -999.250 -999.250 -999.250 -999.250 -999.250 -999.250 -999.250 -999.250 23.174 25.415 27.388 32.339 35.259 33.421 29.358 29.196 27.211 27.092 29.558 34.959 38.984 46.172 59.066 47.382 36.903 31.506 26.289 22.042 19.488 18.422 15.104 14.862 13.354 12.550 13.181 13.914 16.049 16.758 22.194 22.403 27.875 33.868 37.213 41.070 46.704 50.068 54.216 53.710 54.423 60.519 55.172 52.612 50.172 43.284 35.997 28.090 20.752 15.985 10.644 5.762 3.203 0.000 0.000
-999.250 -999.250 -999.250 -999.250 -999.250 -999.250 -999.250 -999.250 -999.250 -999.250 -999.250 -999.250 -999.250 -999.250 25.141 26.334 28.594 29.243 31.104 29.723 30.373 31.266 30.681 32.391 35.040 37.894 40.520 47.336 51.153 47.027 41.856 37.582 32.275 28.061 23.076 20.988 21.134 21.007 21.075 19.571 18.570 21.725 23.038 24.517 26.147 26.948 30.737 35.684 38.396 39.067 41.624 46.488 49.782 49.853 49.224 52.861 47.847 46.295 40.796 36.105 27.163 22.400 16.756 11.028 7.498 2.401 0.000 0.000 0.000
-999.250 -999.250 -999.250 -999.250 -999.250 -999.250 -999.250 -999.250 -999.250 -999.250 -999.250 -999.250 -999.250 -999.250 24.144 26.531 28.184 28.435 31.028 30.365 31.207 31.370 32.999 34.689 36.795 -999.250 39.384 42.623 46.337 46.176 40.404 37.783 37.159 33.432 29.222 26.700 26.588 26.951 28.154 26.256 28.278 29.132 31.274 32.547 34.237 31.126 34.235 36.056 37.286 37.691 42.025 42.330 44.782 44.656 41.760 40.960 38.929 36.985 33.597 24.919 20.714 18.411 12.085 8.195 3.671 0.000 0.000 0.000 0.000
-999.250 -999.250 -999.250 -999.250 -999.250 -999.250 -999.250 -999.250 -999.250 -999.250 -999.250 -999.250 -999.250 -999.250 23.148 24.143 27.583 29.093 29.771 30.424 33.146 32.176 34.107 -999.250 -999.250 -999.250 38.758 40.125 43.161 40.167 39.102 37.570 36.493 35.415 33.465 29.860 30.628 35.656 35.654 35.766 36.395 36.606 36.660 38.421 38.106 36.387 37.049 37.988 39.121 38.823 38.448 38.469 38.101 39.438 38.505 36.797 34.168 28.963 24.008 20.854 14.987 12.359 7.423 4.489 1.566 0.000 0.000 0.000 0.000
-999.250 -999.250 -999.250 -999.250 -999.250 -999.250 -999.250 -999.250 -999.250 -999.250 -999.250 -999.250 -999.250 23.026 24.619 26.824 27.493 27.449 29.349 30.319 33.454 33.889 -999.250 -999.250 -999.250 -999.250 -999.250 39.943 39.247 39.102 39.173 37.525 36.865 36.406 36.517 35.257 36.061 37.449 38.107 38.913 40.981 44.130 43.004 44.606 42.046 39.372 38.569 40.189 39.733 39.385 36.919 37.162 38.255 36.038 34.756 30.837 27.255 20.385 16.808 15.582 12.071 7.251 4.947 0.057 0.000 0.000 0.000 0.000 0.000
-999.250 -999.250 -999.250 -999.250 -999.250 -999.250 -999.250 -999.250 -999.250 -999.250 -999.250 -999.250 -999.250 23.170 23.950 26.787 26.105 24.989 27.907 30.210 -999.250 -999.250 -999.250 -999.250 -999.250 -999.250 -999.250 -999.250 38.540 37.023 37.367 36.707 37.234 38.237 38.561 38.226 38.964 41.705 45.984 48.444 49.119 50.745 51.046 50.819 49.086 47.476 45.717 44.569 40.935 38.902 36.723 35.882 34.525 32.115 28.869 25.169 21.891 18.379 15.336 12.404 6.948 4.614 1.133 0.000 0.000 0.000 0.000 0.000 0.000
-999.250 -999.250 -999.250 -999.250 -999.250 -999.250 -999.250 -999.250 -999.250 -999.250 -999.250 -999.250 22.459 22.602 -999.250 -999.250 -999.250 -999.250 -999.250 -999.250 -999.250 -999.250 -999.250 -999.250 -999.250 -999.250 -999.250 -999.250 -999.250 37.633 37.846 37.498 38.546 37.200 39.457 39.727 41.465 44.179 49.881 51.905 54.434 58.439 60.352 54.709 54.970 51.268 49.638 46.710 44.334 39.608 35.849 34.050 31.825 28.181 24.794 20.834 17.953 15.624 11.169 7.490 5.021 1.996 0.000 0.000 0.000 0.000 0.000 0.000 0.000
-999.250 -999.250 -999.250 -999.250 -999.250 -999.250 -999.250 -999.250 -999.250 -999.250 -999.250 -999.250 -999.250 -999.250 -999.250 -999.250 -999.250 -999.250 -999.250 -999.250 -999.250 -999.250 -999.250 -999.250 -999.250 -999.250 -999.250 -999.250 -999.250 -999.250 37.012 35.733 37.801 38.550 39.206 41.536 46.040 50.773 51.897 53.716 59.690 65.114 66.383 63.633 58.920 54.321 50.735 47.495 40.695 38.335 37.126 33.653 27.539 23.136 20.301 18.381 14.912 10.677 6.691 4.553 1.937 0.000 0.000 0.000 0.000 0.000 0.000 0.000 0.000
-999.250 -999.250 -999.250 -999.250 -999.250 -999.250 -999.250 -999.250 -999.250 -999.250 -999.250 -999.250 -999.250 -999.250 -999.250 -999.250 -999.250 -999.250 -999.250 -999.250 -999.250 -999.250 -999.250 -999.250 -999.250 -999.250 -999.250 -999.250 -999.250 -999.250 34.342 35.749 36.913 38.530 39.089 41.990 48.187 51.861 56.185 60.047 65.639 70.722 73.260 70.100 64.352 60.262 51.177 48.142 42.059 35.889 33.471 29.718 25.321 20.390 17.619 15.332 13.108 7.774 3.318 0.829 0.000 0.000 0.000 0.000 0.000 0.000 0.000 0.000 0.000
-999.250 -999.250 -999.250 -999.250 -999.250 -999.250 -999.250 -999.250 -999.250 -999.250 -999.250 -999.250 -999.250 -999.250 -999.250 -999.250 -999.250 -999.250 -999.250 -999.250 -999.250 -999.250 -999.250 -999.250 -999.250 -999.250 -999.250 -999.250 -999.250 -999.250 32.652 34.813 36.258 36.732 39.078 42.163 46.458 52.123 57.942 64.120 69.483 79.111 91.187 79.324 67.408 61.785 51.404 46.734 40.975 36.590 32.217 29.082 22.626 17.971 15.060 12.147 7.942 6.472 1.157 0.000 0.000 0.000 0.000 0.000 0.000 0.000 0.000 0.000 0.000
-999.250 -999.250 -999.250 -999.250 -999.250 -999.250 -999.250 -999.250 -999.250 -999.250 -999.250 -999.250 -999.250 -999.250 -999.250 -999.250 -999.250 -999.250 -999.250 -999.250 -999.250 -999.250 -999.250 -999.250 -999.250 -999.250 -999.250 -999.250 -999.250 -999.250 -999.250 30.301 34.029 34.129 37.722 39.540 44.828 50.093 52.814 60.193 69.034 82.426 102.925 79.904 69.365 62.328 51.690 45.804 37.071 34.859 30.089 25.764 20.855 16.706 13.755 10.325 5.478 3.155 0.011 0.000 0.000 0.000 0.000 0.000 0.000 0.000 0.000 0.000 0.000
-999.250 -999.250 -999.250 -999.250 -999.250 -999.250 -999.250 -999.250 -999.250 -999.250 -999.250 -999.250 -999.250 -999.250 -999.250 -999.250 -999.250 -999.250 -999.250 -999.250 -999.250 -999.250 -999.250 -999.250 -999.250 -999.250 -999.250 -999.250 -999.250 -999.250 -999.250 28.235 29.935 33.850 36.619 37.389 40.908 47.399 50.064 56.344 64.799 71.523 76.828 72.000 66.356 58.223 51.196 39.927 35.492 28.608 26.282 21.840 18.189 15.317 12.609 8.678 5.525 1.284 0.000 0.000 0.000 0.000 0.000 0.000 0.000 0.000 0.000 0.000 0.000
-999.250 -999.250 -999.250 -999.250 -999.250 -999.250 -999.250 -999.250 -999.250 -999.250 -999.250 -999.250 -999.250 -999.250 -999.250 -999.250 -999.250 -999.250 -999.250 -999.250 -999.250 -999.250 -999.250 -999.250 -999.250 -999.250 -999.250 -999.250 -999.250 -999.250 -999.250 24.820 22.829 27.580 31.211 34.907 35.799 39.242 44.569 48.993 54.532 61.705 64.394 61.408 55.339 50.427 45.563 38.076 31.245 27.622 25.177 21.239 16.362 12.534 8.055 6.833 3.870 0.000 0.000 0.000 0.000 0.000 0.000 0.000 0.000 0.000 0.000 0.000 0.000
-999.250 -999.250 -999.250 -999.250 -999.250 -999.250 -999.250 -999.250 -999.250 -999.250 -999.250 -999.250 -999.250 -999.250 -999.250 -999.250 -999.250 -999.250 -999.250 -999.250 -999.250 -999.250 -999.250 -999.250 -999.250 -999.250 -999.250 -999.250 -999.250 -999.250 -999.250 21.744 23.007 23.666 24.566 27.902 29.185 35.282 38.032 41.108 45.276 49.085 50.614 50.423 47.748 42.842 37.665 33.724 27.867 23.139 19.744 16.357 13.707 10.273 7.601 4.380 0.064 0.000 0.000 0.000 0.000 0.000 0.000 0.000 0.000 0.000 0.000 0.000 0.000
-999.250 -999.250 -999.250 -999.250 -999.250 -999.250 -999.250 -999.250 -999.250 -999.250 -999.250 -999.250 -999.250 -999.250 -999.250 -999.250 -999.250 -999.250 -999.250 -999.250 -999.250 -999.250 -999.250 -999.250 -999.250 -999.250 -999.250 -999.250 -999.250 -999.250 -999.250 17.120 20.837 21.191 21.674 22.076 23.849 26.287 30.175 33.130 36.353 37.416 38.578 39.569 36.987 36.444 30.206 25.204 21.953 18.166 15.919 12.611 10.345 7.423 5.742 1.779 0.000 0.000 0.000 0.000 0.000 0.000 0.000 0.000 0.000 0.000 0.000 0.000 0.000
-999.250 -999.250 -999.250 -999.250 -999.250 -999.250 -999.250 -999.250 -999.250 -999.250 -999.250 -999.250 -999.250 -999.250 -999.250 -999.250 -999.250 -999.250 -999.250 -999.250 -999.250 -999.250 -999.250 -999.250 -999.250 -999.250 -999.250 -999.250 -999.250 -999.250 -999.250 14.582 14.459 15.996 15.688 17.118 17.432 20.285 23.296 22.299 25.486 27.325 28.076 27.183 27.378 24.863 22.691 19.517 16.885 14.294 12.889 8.240 6.598 5.913 4.348 0.824 0.000 0.000 0.000 0.000 0.000 0.000 0.000 0.000 0.000 0.000 0.000 0.000 0.000
-999.250 -999.250 -999.250 -999.250 -999.250 -999.250 -999.250 -999.250 -999.250 -999.250 -999.250 -999.250 -999.250 -999.250 -999.250 -999.250 -999.250 -999.250 -999.250 -999.250 -999.250 -999.250 -999.250 -999.250 -999.250 -999.250 -999.250 -999.250 -999.250 -999.250 -999.250 9.740 10.861 11.210 10.805 11.418 12.435 14.802 16.165 16.483 17.330 17.144 17.521 18.497 18.121 17.110 15.687 15.015 13.943 10.335 8.569 7.269 5.315 4.458 1.798 0.000 0.000 0.000 0.000 0.000 0.000 0.000 0.000 0.000 0.000 0.000 0.000 0.000 0.000
