data/medianmodel_16-Nov-2020.asc
ncols	141
nrows	288
xllcorner	-120191.398
yllcorner	-301404.813
cellsize	2000.000
NODATA_value	-999.250
[rows 232 to 260 of 288, columns 0 to 64 of 141]
-999.250 -999.250 -999.250 -999.250 -999.250 -999.250 -999.250 -999.250 -999.250 -999.250 -999.250 -999.250 -999.250 -999.250 -999.250 -999.250 -999.250 -999.250 -999.250 -999.250 -999.250 -999.250 -999.250 -999.250 -999.250 -999.250 -999.250 510.618 506.460 508.311 526.910 546.846 487.099 399.063 367.115 319.478 263.116 254.286 246.006 243.808 241.311 238.485 236.022 257.053 277.454 313.123 312.053 337.822 318.457 276.518 307.555 282.824 309.857 329.478 331.063 359.680 372.131 369.010 341.208 358.773 349.203 355.546 356.180 347.252 356.734
-999.250 -999.250 -999.250 -999.250 -999.250 -999.250 -999.250 -999.250 -999.250 -999.250 -999.250 -999.250 -999.250 -999.250 -999.250 -999.250 -999.250 -999.250 -999.250 -999.250 -999.250 -999.250 -999.250 -999.250 -999.250 -999.250 -999.250 -999.250 501.307 512.719 535.149 530.082 481.603 427.864 400.010 352.785 323.636 300.008 295.092 263.402 233.969 244.265 238.862 254.194 275.234 289.281 294.522 281.707 266.369 285.274 282.907 286.610 290.468 310.802 327.469 346.609 330.018 334.231 336.550 348.775 350.420 338.315 333.777 320.060 361.185
-999.250 -999.250 -999.250 -999.250 -999.250 -999.250 -999.250 -999.250 -999.250 -999.250 -999.250 -999.250 -999.250 -999.250 -999.250 -999.250 -999.250 -999.250 -999.250 -999.250 -999.250 -999.250 -999.250 -999.250 -999.250 -999.250 -999.250 -999.250 -999.250 -999.250 495.567 499.791 482.654 447.565 426.750 421.050 334.286 327.167 299.867 281.030 257.124 246.412 243.981 258.684 256.744 277.398 276.345 263.881 297.845 276.569 308.268 282.264 278.773 307.893 339.791 314.112 325.865 318.217 320.744 328.958 358.709 325.249 329.707 310.048 354.790
-999.250 -999.250 -999.250 -999.250 -999.250 -999.250 -999.250 -999.250 -999.250 -999.250 -999.250 -999.250 -999.250 -999.250 -999.250 -999.250 -999.250 -999.250 -999.250 -999.250 -999.250 -999.250 -999.250 -999.250 -999.250 -999.250 -999.250 -999.250 -999.250 -999.250 472.465 498.522 488.448 448.957 463.880 432.984 374.913 327.064 289.186 287.614 304.500 250.239 257.166 261.532 285.018 263.647 284.230 290.378 258.963 286.691 282.473 296.329 261.054 301.295 313.454 324.752 302.918 311.813 305.227 295.830 314.453 346.892 335.640 344.755 347.988
-999.250 -999.250 -999.250 -999.250 -999.250 -999.250 -999.250 -999.250 -999.250 -999.250 -999.250 -999.250 -999.250 -999.250 -999.250 -999.250 -999.250 -999.250 -999.250 -999.250 -999.250 -999.250 -999.250 -999.250 -999.250 -999.250 -999.250 -999.250 -999.250 -999.250 484.207 488.747 483.844 467.314 478.799 416.732 370.991 329.749 313.673 278.870 280.709 248.007 277.265 278.009 256.660 266.794 262.981 296.132 288.239 270.378 280.836 280.747 288.154 280.844 304.240 317.444 290.180 305.987 286.321 254.638 316.142 331.562 340.015 342.923 348.184
-999.250 -999.250 -999.250 -999.250 -999.250 -999.250 -999.250 -999.250 -999.250 -999.250 -999.250 -999.250 -999.250 -999.250 -999.250 -999.250 -999.250 -999.250 -999.250 -999.250 -999.250 -999.250 -999.250 -999.250 -999.250 -999.250 -999.250 -999.250 -999.250 -999.250 -999.250 468.843 491.734 485.924 450.451 409.536 386.481 347.117 338.418 333.092 266.209 273.070 307.674 261.786 247.828 244.131 279.709 253.932 264.619 271.874 254.338 259.403 262.154 273.140 291.767 289.322 313.651 289.725 281.603 288.171 291.576 297.377 330.273 340.008 337.886
-999.250 -999.250 -999.250 -999.250 -999.250 -999.250 -999.250 -999.250 -999.250 -999.250 -999.250 -999.250 -999.250 -999.250 -999.250 -999.250 -999.250 -999.250 -999.250 -999.250 -999.250 -999.250 -999.250 -999.250 -999.250 -999.250 -999.250 -999.250 -999.250 -999.250 463.316 484.724 475.458 484.809 439.990 418.062 368.364 362.749 363.938 324.781 301.077 280.783 294.444 235.347 234.797 274.171 247.912 269.317 247.828 250.968 263.728 285.881 249.603 267.961 262.755 281.026 270.560 257.383 276.982 274.058 282.246 285.970 323.728 327.504 353.107
-999.250 -999.250 -999.250 -999.250 -999.250 -999.250 -999.250 -999.250 -999.250 -999.250 -999.250 -999.250 -999.250 -999.250 -999.250 -999.250 -999.250 -999.250 -999.250 -999.250 -999.250 -999.250 -999.250 -999.250 -999.250 -999.250 -999.250 -999.250 -999.250 -999.250 -999.250 497.299 486.762 468.901 421.017 395.452 376.130 370.358 354.891 314.830 307.012 275.254 255.013 242.658 262.293 278.638 265.036 286.857 257.683 233.711 252.439 271.552 258.896 247.345 264.732 263.968 264.528 252.364 244.205 272.092 259.215 287.199 319.401 318.543 303.679
-999.250 -999.250 -999.250 -999.250 -999.250 -999.250 -999.250 -999.250 -999.250 -999.250 -999.250 -999.250 -999.250 -999.250 -999.250 -999.250 -999.250 -999.250 -999.250 -999.250 -999.250 -999.250 -999.250 -999.250 -999.250 -999.250 -999.250 -999.250 -999.250 -999.250 455.036 435.289 487.433 430.378 423.517 358.615 355.668 354.437 360.671 339.437 318.381 276.300 269.686 272.222 264.257 274.633 255.870 274.479 259.248 259.622 232.973 241.762 252.151 244.867 231.795 257.827 244.365 240.563 237.627 247.053 274.957 293.655 287.471 332.130 311.049
-999.250 -999.250 -999.250 -999.250 -999.250 -999.250 -999.250 -999.250 -999.250 -999.250 -999.250 -999.250 -999.250 -999.250 -999.250 -999.250 -999.250 -999.250 -999.250 -999.250 -999.250 -999.250 -999.250 -999.250 -999.250 -999.250 -999.250 -999.250 -999.250 -999.250 407.027 421.234 451.609 434.376 385.088 375.460 343.654 324.778 348.373 304.662 304.226 302.956 289.716 304.337 272.939 261.894 291.603 285.072 285.251 256.814 256.946 253.610 238.909 253.683 235.951 237.184 214.326 228.765 231.711 236.230 264.127 262.190 268.037 303.499 312.192
-999.250 -999.250 -999.250 -999.250 -999.250 -999.250 -999.250 -999.250 -999.250 -999.250 -999.250 -999.250 -999.250 -999.250 -999.250 -999.250 -999.250 -999.250 -999.250 -999.250 -999.250 -999.250 -999.250 -999.250 -999.250 -999.250 -999.250 -999.250 -999.250 -999.250 402.121 479.551 438.941 394.456 362.720 363.811 315.206 319.297 323.423 260.804 275.462 272.923 277.769 282.966 275.022 266.784 293.189 252.764 261.821 257.636 249.024 236.895 234.957 244.398 244.746 243.688 220.303 216.575 237.487 235.242 248.875 251.271 281.305 290.577 319.051
-999.250 -999.250 -999.250 -999.250 -999.250 -999.250 -999.250 -999.250 -999.250 -999.250 -999.250 -999.250 -999.250 -999.250 -999.250 -999.250 -999.250 -999.250 -999.250 -999.250 -999.250 -999.250 -999.250 -999.250 -999.250 -999.250 -999.250 -999.250 -999.250 -999.250 374.223 399.603 409.844 425.844 379.480 404.900 327.216 317.507 316.084 316.158 277.058 271.465 286.318 282.499 290.265 294.311 271.300 247.413 266.155 248.527 241.208 220.941 224.385 243.261 242.308 218.924 227.091 221.887 221.044 220.017 235.142 226.965 248.455 261.004 314.882
-999.250 -999.250 -999.250 -999.250 -999.250 -999.250 -999.250 -999.250 -999.250 -999.250 -999.250 -999.250 -999.250 -999.250 -999.250 -999.250 -999.250 -999.250 -999.250 -999.250 -999.250 -999.250 -999.250 -999.250 -999.250 -999.250 -999.250 -999.250 -999.250 -999.250 379.983 402.631 391.337 378.591 380.587 355.786 328.507 301.423 297.130 270.059 251.319 273.951 268.143 274.919 282.502 281.745 253.056 223.568 227.263 219.624 221.076 222.650 234.960 246.214 237.773 213.223 214.115 224.128 224.289 206.296 206.379 210.806 237.968 257.902 272.503
-999.250 -999.250 -999.250 -999.250 -999.250 -999.250 -999.250 -999.250 -999.250 -999.250 -999.250 -999.250 -999.250 -999.250 -999.250 -999.250 -999.250 -999.250 -999.250 -999.250 -999.250 -999.250 -999.250 -999.250 -999.250 -999.250 -999.250 -999.250 -999.250 -999.250 -999.250 371.376 371.242 352.017 358.171 311.406 297.358 300.486 276.859 277.454 279.215 286.547 258.190 269.003 251.969 268.680 244.365 239.191 239.517 235.751 226.838 240.478 204.996 194.602 196.252 211.674 199.488 198.707 209.721 197.189 186.457 158.296 203.373 241.718 260.463
-999.250 -999.250 -999.250 -999.250 -999.250 -999.250 -999.250 -999.250 -999.250 -999.250 -999.250 -999.250 -999.250 -999.250 -999.250 -999.250 -999.250 -999.250 -999.250 -999.250 -999.250 -999.250 -999.250 -999.250 -999.250 -999.250 -999.250 -999.250 -999.250 -999.250 -999.250 325.445 321.518 312.836 351.049 331.189 293.932 274.917 294.220 284.033 275.373 301.479 268.553 261.926 256.929 253.164 230.484 226.472 244.486 224.742 219.294 207.037 189.266 177.688 190.975 191.613 202.092 196.500 190.718 201.116 183.376 186.522 185.946 233.887 230.254
-999.250 -999.250 -999.250 -999.250 -999.250 -999.250 -999.250 -999.250 -999.250 -999.250 -999.250 -999.250 -999.250 -999.250 -999.250 -999.250 -999.250 -999.250 -999.250 -999.250 -999.250 -999.250 -999.250 -999.250 -999.250 -999.250 -999.250 -999.250 -999.250 -999.250 344.871 331.627 317.923 329.405 350.705 318.727 299.608 298.504 284.849 282.171 266.596 276.889 267.867 270.531 256.766 253.366 238.606 239.022 212.947 227.217 196.273 221.356 202.792 174.638 187.227 181.343 191.103 183.122 194.822 185.123 192.999 209.723 196.828 220.663 235.429
-999.250 -999.250 -999.250 -999.250 -999.250 -999.250 -999.250 -999.250 -999.250 -999.250 -999.250 -999.250 -999.250 -999.250 -999.250 -999.250 -999.250 -999.250 -999.250 -999.250 -999.250 -999.250 -999.250 -999.250 -999.250 -999.250 -999.250 -999.250 -999.250 -999.250 338.631 337.065 347.380 339.888 309.833 296.984 318.183 275.131 263.657 278.809 276.323 290.515 279.348 278.247 295.969 252.533 243.358 235.324 244.797 222.772 212.638 214.404 207.757 176.853 173.275 159.992 165.437 180.720 172.701 195.430 196.032 208.564 222.944 211.520 213.391
-999.250 -999.250 -999.250 -999.250 -999.250 -999.250 -999.250 -999.250 -999.250 -999.250 -999.250 -999.250 -999.250 -999.250 -999.250 -999.250 -999.250 -999.250 -999.250 -999.250 -999.250 -999.250 -999.250 -999.250 -999.250 -999.250 -999.250 -999.250 -999.250 -999.250 322.375 311.481 350.325 342.390 295.877 295.839 277.251 272.331 257.428 254.444 250.034 258.611 282.702 276.332 273.773 252.958 245.215 234.823 234.409 241.786 230.591 211.117 209.902 181.110 155.417 108.531 148.365 171.431 168.017 196.418 203.509 210.738 225.679 220.237 223.628
-999.250 -999.250 -999.250 -999.250 -999.250 -999.250 -999.250 -999.250 -999.250 -999.250 -999.250 -999.250 -999.250 -999.250 -999.250 -999.250 -999.250 -999.250 -999.250 -999.250 -999.250 -999.250 -999.250 -999.250 -999.250 -999.250 -999.250 -999.250 -999.250 -999.250 323.809 343.931 313.069 303.736 299.879 253.515 256.482 241.959 227.328 212.485 237.072 238.365 256.805 270.730 263.838 248.206 239.521 231.828 231.337 253.618 226.948 198.946 206.452 207.076 179.589 157.980 161.613 173.550 183.726 197.243 202.275 218.967 197.750 221.198 214.520
-999.250 -999.250 -999.250 -999.250 -999.250 -999.250 -999.250 -999.250 -999.250 -999.250 -999.250 -999.250 -999.250 -999.250 -999.250 -999.250 -999.250 -999.250 -999.250 -999.250 -999.250 -999.250 -999.250 -999.250 -999.250 -999.250 -999.250 -999.250 -999.250 -999.250 320.640 294.980 289.972 293.997 303.340 244.562 231.408 224.615 198.716 165.878 216.256 235.670 247.919 274.697 265.128 247.716 244.831 233.078 239.191 235.623 201.830 191.973 207.185 198.130 175.957 171.388 175.824 182.874 175.572 188.374 201.702 216.358 208.356 214.806 189.946
-999.250 -999.250 -999.250 -999.250 -999.250 -999.250 -999.250 -999.250 -999.250 -999.250 -999.250 -999.250 -999.250 -999.250 -999.250 -999.250 -999.250 -999.250 -999.250 -999.250 -999.250 -999.250 -999.250 -999.250 -999.250 -999.250 -999.250 -999.250 -999.250 280.787 284.996 266.493 273.440 257.077 260.697 245.590 233.601 224.531 201.480 194.020 218.150 243.175 243.566 249.160 243.232 248.195 232.094 229.338 225.019 232.046 223.091 201.829 202.056 209.997 196.420 164.168 173.200 172.348 167.556 179.606 194.732 205.353 216.848 214.144 214.688
-999.250 -999.250 -999.250 -999.250 -999.250 -999.250 -999.250 -999.250 -999.250 -999.250 -999.250 -999.250 -999.250 -999.250 -999.250 -999.250 -999.250 -999.250 -999.250 -999.250 -999.250 -999.250 -999.250 -999.250 -999.250 -999.250 -999.250 -999.250 -999.250 -999.250 273.850 295.776 256.861 249.434 246.827 264.266 234.249 232.857 228.517 218.782 217.017 239.244 246.280 242.349 230.568 231.652 233.063 221.904 228.751 216.799 209.021 190.172 186.978 200.939 185.192 173.276 184.093 166.795 162.689 182.706 187.534 176.373 201.778 216.475 202.082
-999.250 -999.250 -999.250 -999.250 -999.250 -999.250 -999.250 -999.250 -999.250 -999.250 -999.250 -999.250 -999.250 -999.250 -999.250 -999.250 -999.250 -999.250 -999.250 -999.250 -999.250 -999.250 -999.250 -999.250 -999.250 -999.250 -999.250 -999.250 -999.250 -999.250 267.244 261.034 235.341 247.566 273.308 235.560 243.594 233.447 223.179 226.862 222.370 226.687 233.203 238.338 247.565 217.588 236.286 217.422 210.651 218.667 208.037 209.596 224.059 205.916 185.189 171.704 172.267 166.240 161.451 160.994 171.096 172.836 183.902 197.776 185.161
-999.250 -999.250 -999.250 -999.250 -999.250 -999.250 -999.250 -999.250 -999.250 -999.250 -999.250 -999.250 -999.250 -999.250 -999.250 -999.250 -999.250 -999.250 -999.250 -999.250 -999.250 -999.250 -999.250 -999.250 -999.250 -999.250 -999.250 -999.250 -999.250 -999.250 -999.250 238.698 235.214 253.964 225.573 234.491 229.529 215.919 220.934 222.166 220.222 225.160 227.257 233.758 244.134 235.229 211.548 209.259 214.496 209.601 208.784 216.522 190.358 195.498 192.264 188.475 179.037 169.417 165.118 169.297 172.486 183.385 179.021 171.978 158.405
-999.250 -999.250 -999.250 -999.250 -999.250 -999.250 -999.250 -999.250 -999.250 -999.250 -999.250 -999.250 -999.250 -999.250 -999.250 -999.250 -999.250 -999.250 -999.250 -999.250 -999.250 -999.250 -999.250 -999.250 -999.250 -999.250 -999.250 -999.250 -999.250 -999.250 -999.250 228.612 238.679 228.399 236.193 238.619 223.378 209.539 214.994 206.215 204.399 217.485 223.847 230.382 224.338 223.608 206.315 194.164 202.084 202.012 216.811 203.166 196.104 183.694 201.306 196.167 172.357 180.336 184.203 192.109 180.959 177.759 165.731 141.342 124.340
-999.250 -999.250 -999.250 -999.250 -999.250 -999.250 -999.250 -999.250 -999.250 -999.250 -999.250 -999.250 -999.250 -999.250 -999.250 -999.250 -999.250 -999.250 -999.250 -999.250 -999.250 -999.250 -999.250 -999.250 -999.250 -999.250 -999.250 -999.250 -999.250 -999.250 224.412 231.283 234.194 237.118 231.261 220.697 213.690 197.810 200.884 216.931 199.495 223.994 231.148 211.891 222.285 227.740 191.867 186.117 196.222 224.808 216.098 218.697 199.279 206.745 186.214 194.253 192.648 202.037 188.531 188.530 177.233 177.786 156.590 143.205 89.219
-999.250 -999.250 -999.250 -999.250 -999.250 -999.250 -999.250 -999.250 -999.250 -999.250 -999.250 -999.250 -999.250 -999.250 -999.250 -999.250 -999.250 -999.250 -999.250 -999.250 -999.250 -999.250 -999.250 -999.250 -999.250 -999.250 -999.250 -999.250 -999.250 -999.250 203.735 194.060 223.978 218.930 224.469 211.018 197.780 191.954 204.300 200.679 190.187 196.501 203.621 218.103 202.682 199.313 208.507 217.557 225.335 225.303 211.635 222.875 210.398 189.725 208.036 214.489 228.197 226.606 194.857 180.917 184.752 179.081 164.370 155.536 146.168
-999.250 -999.250 -999.250 -999.250 -999.250 -999.250 -999.250 -999.250 -999.250 -999.250 -999.250 -999.250 -999.250 -999.250 -999.250 -999.250 -999.250 -999.250 -999.250 -999.250 -999.250 -999.250 -999.250 -999.250 -999.250 -999.250 -999.250 -999.250 -999.250 -999.250 182.162 187.565 184.658 183.120 203.511 202.131 209.572 201.119 190.371 177.496 177.995 180.768 185.820 190.144 206.346 213.664 203.424 195.044 209.917 230.477 217.348 213.712 197.014 211.733 217.469 214.285 231.554 220.400 201.246 213.500 202.651 196.534 180.195 186.925 189.441
-999.250 -999.250 -999.250 -999.250 -999.250 -999.250 -999.250 -999.250 -999.250 -999.250 -999.250 -999.250 -999.250 -999.250 -999.250 -999.250 -999.250 -999.250 -999.250 -999.250 -999.250 -999.250 -999.250 -999.250 -999.250 -999.250 -999.250 -999.250 -999.250 -999.250 165.463 176.905 152.254 191.325 193.707 185.844 199.036 187.777 183.197 181.938 166.466 164.712 162.837 183.731 196.774 203.367 201.502 201.368 197.044 211.941 195.635 207.523 204.688 219.609 211.686 210.252 236.012 210.287 201.702 205.147 216.186 197.295 214.973 205.611 218.266
