data/medianmodel_29-Dec-2020.asc
ncols	141
nrows	288
xllcorner	-120191.398
yllcorner	-301404.813
cellsize	2000.000
NODATA_value	-999.250
[rows 116 to 144 of 288, columns 0 to 64 of 141]
-999.250 -999.250 -999.250 -999.250 -999.250 -999.250 -999.250 -999.250 -999.250 -999.250 -999.250 -999.250 -999.250 -999.250 -999.250 -999.250 -999.250 -999.250 -999.250 -999.250 -999.250 -999.250 -999.250 -999.250 -999.250 -999.250 -999.250 214.880 229.807 247.919 253.426 268.954 283.940 293.112 306.499 321.866 334.811 343.640 384.983 413.591 431.379 462.836 479.739 486.976 506.882 480.222 475.165 456.211 435.804 414.178 441.491 487.582 493.460 536.955 530.581 503.504 492.800 460.597 409.645 344.945 313.561 289.963 257.064 213.473 184.043
-999.250 -999.250 -999.250 -999.250 -999.250 -999.250 -999.250 -999.250 -999.250 -999.250 -999.250 -999.250 -999.250 -999.250 -999.250 -999.250 -999.250 -999.250 -999.250 -999.250 -999.250 -999.250 -999.250 -999.250 -999.250 -999.250 -999.250 228.001 231.029 236.630 259.312 256.004 277.683 294.732 310.065 312.698 325.634 347.905 377.303 392.556 407.449 420.302 462.094 464.243 474.338 475.618 470.964 438.572 419.011 389.105 439.415 500.961 518.386 586.811 590.449 596.772 552.876 573.833 496.815 428.346 362.328 327.770 301.297 271.105 253.051
-999.250 -999.250 -999.250 -999.250 -999.250 -999.250 -999.250 -999.250 -999.250 -999.250 -999.250 -999.250 -999.250 -999.250 -999.250 -999.250 -999.250 -999.250 -999.250 -999.250 -999.250 -999.250 -999.250 -999.250 -999.250 -999.250 236.097 218.142 253.676 258.284 272.454 261.728 271.971 290.740 293.834 311.536 315.015 334.901 357.745 368.799 385.424 417.135 457.663 469.584 468.411 482.778 480.095 470.299 459.155 468.909 506.152 561.568 587.293 635.243 643.849 638.309 607.207 606.357 552.157 496.917 430.618 375.953 340.027 317.683 295.745
-999.250 -999.250 -999.250 -999.250 -999.250 -999.250 -999.250 -999.250 -999.250 -999.250 -999.250 -999.250 -999.250 -999.250 -999.250 -999.250 -999.250 -999.250 -999.250 -999.250 -999.250 -999.250 -999.250 -999.250 -999.250 -999.250 256.409 261.430 259.292 250.807 269.550 278.676 301.237 297.219 302.017 307.930 317.812 327.994 334.852 364.372 387.352 420.860 455.754 462.078 487.472 504.842 499.328 506.422 529.812 526.205 578.851 618.834 677.929 716.950 735.389 732.396 715.914 638.292 628.086 559.984 492.012 425.442 382.009 342.011 321.472
-999.250 -999.250 -999.250 -999.250 -999.250 -999.250 -999.250 -999.250 -999.250 -999.250 -999.250 -999.250 -999.250 -999.250 -999.250 -999.250 -999.250 -999.250 -999.250 -999.250 -999.250 -999.250 -999.250 -999.250 -999.250 -999.250 272.461 277.023 280.953 285.728 273.695 284.898 287.600 296.161 304.099 311.024 311.068 321.479 340.867 349.677 388.513 419.690 444.679 476.123 506.698 553.011 570.102 599.179 595.883 635.745 649.930 722.156 778.131 796.127 819.133 820.112 777.301 753.865 725.842 650.624 584.261 494.452 435.376 399.089 349.028
-999.250 -999.250 -999.250 -999.250 -999.250 -999.250 -999.250 -999.250 -999.250 -999.250 -999.250 -999.250 -999.250 -999.250 -999.250 -999.250 -999.250 -999.250 -999.250 -999.250 -999.250 -999.250 -999.250 -999.250 -999.250 274.557 279.709 282.933 297.465 289.499 278.483 298.131 302.459 302.288 293.840 306.015 309.817 317.221 326.359 346.944 383.629 417.399 446.406 488.533 513.024 553.146 629.184 658.997 660.524 730.797 740.237 797.871 835.779 906.172 904.407 892.771 861.048 855.610 821.114 740.383 639.912 552.035 490.847 430.794 384.788
-999.250 -999.250 -999.250 -999.250 -999.250 -999.250 -999.250 -999.250 -999.250 -999.250 -999.250 -999.250 -999.250 -999.250 -999.250 -999.250 -999.250 -999.250 -999.250 -999.250 -999.250 -999.250 -999.250 -999.250 -999.250 281.479 284.132 290.122 291.634 297.754 318.492 306.596 302.667 310.618 288.394 312.288 305.593 302.091 314.182 341.015 382.593 436.945 459.982 486.884 530.120 590.052 667.151 747.570 753.950 788.178 834.453 880.976 924.031 941.905 930.564 972.267 945.111 907.098 861.909 773.292 664.257 604.472 508.763 472.922 422.294
-999.250 -999.250 -999.250 -999.250 -999.250 -999.250 -999.250 -999.250 -999.250 -999.250 -999.250 -999.250 -999.250 -999.250 -999.250 -999.250 -999.250 -999.250 -999.250 -999.250 -999.250 -999.250 -999.250 -999.250 -999.250 295.560 311.792 315.617 305.496 322.017 326.029 319.373 308.492 308.946 309.448 310.288 306.696 299.492 293.426 322.623 362.638 399.303 452.468 505.851 557.312 612.860 723.936 759.097 794.072 849.457 859.569 915.301 1021.818 1049.492 1065.597 1043.382 984.301 929.179 835.768 764.743 710.542 624.663 551.595 504.658 429.962
-999.250 -999.250 -999.250 -999.250 -999.250 -999.250 -999.250 -999.250 -999.250 -999.250 -999.250 -999.250 -999.250 -999.250 -999.250 -999.250 -999.250 -999.250 -999.250 -999.250 -999.250 -999.250 -999.250 -999.250 277.975 293.988 302.253 324.805 330.126 337.697 332.887 336.789 328.405 315.601 322.755 311.497 304.906 297.253 310.378 329.243 366.264 404.397 450.256 503.062 538.774 612.111 650.790 751.741 829.625 860.918 877.089 1015.713 1075.647 1222.200 1296.131 1154.802 1022.740 928.671 863.626 801.191 718.386 639.626 567.405 499.067 434.236
-999.250 -999.250 -999.250 -999.250 -999.250 -999.250 -999.250 -999.250 -999.250 -999.250 -999.250 -999.250 -999.250 -999.250 -999.250 -999.250 -999.250 -999.250 -999.250 -999.250 -999.250 -999.250 -999.250 -999.250 295.683 311.192 316.064 326.337 348.044 367.914 343.732 355.443 338.113 336.553 327.567 311.851 313.977 323.574 323.951 330.569 370.896 407.578 440.398 483.864 530.308 578.693 628.382 746.381 789.677 862.285 887.676 966.467 1196.729 1284.585 1400.862 1295.841 1054.112 933.028 882.103 858.257 742.213 678.644 573.521 512.425 431.019
-999.250 -999.250 -999.250 -999.250 -999.250 -999.250 -999.250 -999.250 -999.250 -999.250 -999.250 -999.250 -999.250 -999.250 -999.250 -999.250 -999.250 -999.250 -999.250 -999.250 -999.250 -999.250 -999.250 302.625 304.121 318.141 325.184 355.883 390.286 384.422 388.560 382.355 377.887 359.577 344.272 334.952 327.537 332.535 340.024 352.300 385.817 408.218 434.153 460.615 531.237 530.295 620.247 697.922 761.431 858.818 902.260 952.402 1055.467 1247.496 1304.064 1276.928 1065.509 940.952 898.603 805.618 746.381 714.441 607.341 512.422 452.873
-999.250 -999.250 -999.250 -999.250 -999.250 -999.250 -999.250 -999.250 -999.250 -999.250 -999.250 -999.250 -999.250 -999.250 -999.250 -999.250 -999.250 -999.250 -999.250 -999.250 -999.250 -999.250 -999.250 321.552 328.614 331.201 362.232 388.490 411.696 418.779 414.329 394.785 381.810 375.598 366.644 360.751 344.251 348.292 344.910 358.102 386.470 395.471 411.105 451.765 482.897 532.513 584.255 642.995 708.487 796.317 850.974 933.405 944.097 1063.316 1158.443 1097.392 1035.250 918.969 864.411 777.496 750.674 704.399 614.796 516.930 454.761
-999.250 -999.250 -999.250 -999.250 -999.250 -999.250 -999.250 -999.250 -999.250 -999.250 -999.250 -999.250 -999.250 -999.250 -999.250 -999.250 -999.250 -999.250 -999.250 -999.250 -999.250 -999.250 -999.250 318.224 338.447 347.807 366.849 397.154 424.269 437.181 420.821 410.183 415.103 408.166 396.646 387.480 376.075 374.524 370.238 366.653 373.667 398.770 402.776 421.770 464.288 485.515 560.578 598.114 636.653 689.772 777.538 836.136 870.897 902.053 949.122 905.799 919.035 873.556 841.379 817.140 732.840 688.299 631.131 528.109 440.141
-999.250 -999.250 -999.250 -999.250 -999.250 -999.250 -999.250 -999.250 -999.250 -999.250 -999.250 -999.250 -999.250 -999.250 -999.250 -999.250 -999.250 -999.250 -999.250 -999.250 -999.250 -999.250 312.356 328.474 342.552 361.710 383.088 403.762 425.929 458.301 478.967 463.480 432.806 431.533 412.893 400.441 386.845 373.367 383.682 367.614 369.735 387.786 402.107 404.288 436.013 463.678 504.060 536.485 609.588 637.891 720.727 740.399 796.273 836.966 866.093 838.862 867.863 809.303 756.930 740.909 706.933 627.208 568.482 494.553 423.853
-999.250 -999.250 -999.250 -999.250 -999.250 -999.250 -999.250 -999.250 -999.250 -999.250 -999.250 -999.250 -999.250 -999.250 -999.250 -999.250 -999.250 -999.250 -999.250 -999.250 -999.250 -999.250 315.983 342.695 349.625 378.308 390.104 417.236 452.996 471.369 491.308 486.736 464.353 446.923 431.724 399.664 404.481 399.866 385.870 390.846 386.485 372.331 390.606 395.404 412.174 423.692 459.486 494.454 521.938 575.862 621.169 660.735 717.991 730.817 743.680 754.541 742.115 729.009 683.518 660.124 598.908 555.152 522.764 462.713 390.058
-999.250 -999.250 -999.250 -999.250 -999.250 -999.250 -999.250 -999.250 -999.250 -999.250 -999.250 -999.250 -999.250 -999.250 -999.250 -999.250 -999.250 -999.250 -999.250 -999.250 -999.250 286.420 304.835 328.465 368.755 382.972 401.827 416.560 452.812 490.139 546.832 513.060 475.433 446.641 428.632 419.951 401.176 392.889 395.288 391.469 383.901 370.943 369.178 391.156 393.977 411.516 436.818 443.079 465.439 520.915 528.540 576.464 609.799 597.709 634.229 600.384 649.679 622.155 601.533 572.667 555.177 519.476 477.783 432.847 390.912
-999.250 -999.250 -999.250 -999.250 -999.250 -999.250 -999.250 -999.250 -999.250 -999.250 -999.250 -999.250 -999.250 -999.250 -999.250 -999.250 -999.250 -999.250 -999.250 -999.250 -999.250 283.675 302.776 319.985 351.944 381.341 399.987 425.071 433.355 472.815 487.880 475.881 483.449 452.942 439.485 423.062 410.251 405.948 391.774 384.535 370.197 367.123 372.577 369.086 377.372 388.285 400.860 417.901 422.472 445.961 473.625 513.321 513.260 514.109 516.845 513.570 542.248 530.811 508.333 504.885 494.608 453.098 443.600 412.286 370.514
-999.250 -999.250 -999.250 -999.250 -999.250 -999.250 -999.250 -999.250 -999.250 -999.250 -999.250 -999.250 -999.250 -999.250 -999.250 -999.250 -999.250 -999.250 -999.250 -999.250 -999.250 278.023 300.590 302.972 337.806 369.844 395.408 411.477 426.645 449.043 464.130 471.338 459.127 441.594 435.098 420.581 399.666 401.712 382.970 371.777 366.548 354.788 343.772 351.577 366.441 370.146 383.885 385.238 392.474 397.734 406.168 423.419 422.765 434.323 449.842 441.599 450.861 449.146 439.346 446.755 440.656 434.955 427.699 408.030 377.484
-999.250 -999.250 -999.250 -999.250 -999.250 -999.250 -999.250 -999.250 -999.250 -999.250 -999.250 -999.250 -999.250 -999.250 -999.250 -999.250 -999.250 -999.250 -999.250 -999.250 212.550 249.809 274.002 299.720 323.111 348.631 381.668 403.116 424.941 429.328 439.295 449.102 435.979 427.406 424.387 429.483 402.332 386.920 387.021 367.350 367.199 351.802 343.988 349.313 348.598 353.764 341.679 342.575 337.942 336.517 351.088 352.538 351.803 360.168 378.458 386.990 382.711 378.413 384.687 406.209 398.812 408.820 404.919 403.206 395.562
-999.250 -999.250 -999.250 -999.250 -999.250 -999.250 -999.250 -999.250 -999.250 -999.250 -999.250 -999.250 -999.250 -999.250 -999.250 -999.250 -999.250 -999.250 -999.250 -999.250 196.638 211.485 243.581 290.411 317.356 335.557 370.710 394.621 402.621 413.070 414.587 420.750 428.136 418.349 403.212 398.669 398.321 393.876 384.276 365.623 353.203 342.045 336.114 347.623 340.734 333.270 328.502 323.912 319.399 312.001 312.396 306.138 312.554 313.415 320.184 325.650 329.004 317.803 333.683 349.072 374.151 388.515 401.348 417.447 414.658
-999.250 -999.250 -999.250 -999.250 -999.250 -999.250 -999.250 -999.250 -999.250 -999.250 -999.250 -999.250 -999.250 -999.250 -999.250 -999.250 -999.250 -999.250 -999.250 -999.250 172.292 192.569 229.327 285.022 317.201 341.496 370.022 390.699 398.252 410.411 411.620 414.319 421.821 415.022 411.003 415.972 401.317 395.312 373.264 348.015 335.682 336.569 332.622 338.784 330.602 322.680 314.225 310.700 297.683 295.730 285.012 270.078 276.187 272.701 285.888 279.202 294.708 283.729 279.825 311.767 338.181 374.218 410.439 470.443 442.155
-999.250 -999.250 -999.250 -999.250 -999.250 -999.250 -999.250 -999.250 -999.250 -999.250 -999.250 -999.250 -999.250 -999.250 -999.250 -999.250 -999.250 -999.250 -999.250 -999.250 164.707 183.034 206.221 279.066 311.033 337.440 389.151 399.012 409.133 416.228 413.456 428.283 422.776 422.779 423.171 413.351 402.207 395.770 376.481 355.637 342.839 332.559 330.439 331.890 324.041 321.384 309.746 289.757 285.528 266.896 265.597 248.040 231.575 240.635 240.524 246.656 243.550 238.855 236.110 270.840 328.340 394.277 447.870 498.647 505.175
-999.250 -999.250 -999.250 -999.250 -999.250 -999.250 -999.250 -999.250 -999.250 -999.250 -999.250 -999.250 -999.250 -999.250 -999.250 -999.250 -999.250 -999.250 -999.250 139.551 145.098 164.401 217.890 266.104 315.733 341.232 391.220 415.508 443.553 465.464 477.264 476.806 447.791 430.297 416.400 403.052 404.435 391.194 366.655 348.444 344.992 340.549 334.105 329.776 329.723 327.193 310.629 297.056 271.284 251.294 212.029 207.527 194.618 213.505 203.546 210.233 205.021 209.062 241.713 281.716 337.637 419.295 485.064 550.755 602.753
-999.250 -999.250 -999.250 -999.250 -999.250 -999.250 -999.250 -999.250 -999.250 -999.250 -999.250 -999.250 -999.250 -999.250 -999.250 -999.250 -999.250 -999.250 -999.250 139.135 141.462 171.804 220.604 268.506 323.560 348.091 407.857 431.770 462.874 516.469 549.553 532.704 509.030 449.750 424.991 429.729 405.846 398.746 397.085 376.624 357.054 354.757 340.607 335.113 332.361 317.280 303.823 286.032 263.634 236.758 207.156 195.787 185.517 181.408 173.906 176.572 190.766 196.305 207.758 281.765 343.755 435.231 530.855 625.761 680.070
-999.250 -999.250 -999.250 -999.250 -999.250 -999.250 -999.250 -999.250 -999.250 -999.250 -999.250 -999.250 -999.250 -999.250 -999.250 -999.250 -999.250 -999.250 -999.250 140.776 141.193 163.179 212.988 268.407 321.164 373.794 411.916 451.170 494.352 558.248 661.654 574.306 514.238 477.746 438.055 425.480 420.497 408.151 406.219 395.386 379.882 367.511 357.754 356.124 350.262 321.095 302.728 278.161 268.361 226.619 194.268 196.094 174.723 153.869 156.748 149.630 150.221 167.942 196.176 266.237 341.375 431.471 566.564 668.789 792.937
-999.250 -999.250 -999.250 -999.250 -999.250 -999.250 -999.250 -999.250 -999.250 -999.250 -999.250 -999.250 -999.250 -999.250 -999.250 -999.250 -999.250 -999.250 -999.250 138.561 150.577 174.764 207.754 280.174 317.565 369.865 413.058 472.277 532.959 560.288 590.125 547.183 516.153 470.344 444.180 433.187 422.267 423.885 426.760 407.432 398.574 393.467 397.895 384.501 347.388 331.063 299.918 277.655 247.632 206.789 205.959 185.647 163.389 147.091 146.060 125.338 124.691 133.526 172.938 230.134 330.923 448.286 602.405 771.800 880.514
-999.250 -999.250 -999.250 -999.250 -999.250 -999.250 -999.250 -999.250 -999.250 -999.250 -999.250 -999.250 -999.250 -999.250 -999.250 -999.250 -999.250 -999.250 -999.250 168.874 166.319 180.336 211.908 285.422 329.731 376.815 433.990 473.902 525.352 538.857 545.032 526.939 492.843 463.620 441.207 414.414 427.577 442.445 434.322 437.612 451.408 433.720 429.836 393.484 367.425 341.131 302.356 276.678 222.839 207.800 192.653 179.365 155.549 148.323 146.299 126.905 109.968 125.963 156.995 197.854 312.352 430.041 599.636 797.975 1021.222
-999.250 -999.250 -999.250 -999.250 -999.250 -999.250 -999.250 -999.250 -999.250 -999.250 -999.250 -999.250 -999.250 -999.250 -999.250 -999.250 -999.250 -999.250 198.778 187.296 186.304 213.635 239.274 283.820 338.929 387.547 450.746 489.347 505.687 530.876 524.459 502.066 478.171 460.632 442.487 410.859 409.985 426.274 436.127 454.768 479.536 476.662 465.939 439.589 392.125 344.973 305.246 273.335 242.100 202.796 197.467 177.847 181.030 167.717 141.860 128.120 113.409 105.771 119.760 181.806 276.094 409.104 573.082 740.381 880.092
-999.250 -999.250 -999.250 -999.250 -999.250 -999.250 -999.250 -999.250 -999.250 -999.250 -999.250 -999.250 -999.250 -999.250 -999.250 -999.250 -999.250 244.509 239.271 211.899 217.729 258.215 280.331 313.300 366.859 416.185 461.470 495.010 518.681 505.708 511.047 506.544 467.260 430.965 411.855 398.074 388.739 399.877 436.489 453.525 496.954 519.428 490.761 461.050 403.447 345.157 304.083 268.022 237.550 213.512 194.422 188.280 196.615 184.058 170.649 155.750 128.240 124.274 116.253 133.654 265.164 397.136 550.366 692.596 793.136
