data/medianmodel_17-Feb-2021.asc
ncols	141
nrows	288
xllcorner	-120191.398
yllcorner	-301404.813
cellsize	2000.000
NODATA_value	-999.250
[rows 87 to 115 of 288, columns 0 to 64 of 141]
-999.250 -999.250 -999.250 -999.250 -999.250 -999.250 -999.250 -999.250 -999.250 -999.250 -999.250 -999.250 -999.250 -999.250 -999.250 -999.250 -999.250 -999.250 -999.250 -999.250 -999.250 -999.250 -999.250 -999.250 -999.250 -999.250 -999.250 -999.250 -999.250 -999.250 -999.250 -999.250 -999.250 290.960 281.649 276.555 281.689 273.477 281.096 284.234 299.312 306.202 315.697 315.414 310.111 300.899 291.447 291.543 291.151 276.932 270.274 267.617 253.312 256.858 258.643 271.079 258.389 274.074 270.607 299.573 305.599 320.609 344.629 343.777 344.849
-999.250 -999.250 -999.250 -999.250 -999.250 -999.250 -999.250 -999.250 -999.250 -999.250 -999.250 -999.250 -999.250 -999.250 -999.250 -999.250 -999.250 -999.250 -999.250 -999.250 -999.250 -999.250 -999.250 -999.250 -999.250 -999.250 -999.250 -999.250 -999.250 -999.250 -999.250 -999.250 274.967 267.067 250.733 235.805 228.754 233.701 254.066 277.331 290.402 308.380 323.881 314.071 312.659 301.673 292.006 273.668 265.095 259.528 237.450 232.022 233.387 230.047 249.675 251.696 243.880 268.323 275.397 300.863 311.600 308.183 336.567 345.356 344.897
-999.250 -999.250 -999.250 -999.250 -999.250 -999.250 -999.250 -999.250 -999.250 -999.250 -999.250 -999.250 -999.250 -999.250 -999.250 -999.250 -999.250 -999.250 -999.250 -999.250 -999.250 -999.250 -999.250 -999.250 -999.250 -999.250 -999.250 -999.250 -999.250 -999.250 -999.250 -999.250 260.037 235.274 225.599 208.788 207.154 219.661 239.542 272.585 300.318 321.647 337.768 325.631 298.558 282.971 278.064 265.238 236.662 229.778 225.889 227.204 229.115 227.515 225.516 236.197 239.329 267.609 277.548 290.095 313.953 323.435 344.454 351.205 358.506
-999.250 -999.250 -999.250 -999.250 -999.250 -999.250 -999.250 -999.250 -999.250 -999.250 -999.250 -999.250 -999.250 -999.250 -999.250 -999.250 -999.250 -999.250 -999.250 -999.250 -999.250 -999.250 -999.250 -999.250 -999.250 -999.250 -999.250 -999.250 -999.250 -999.250 -999.250 -999.250 241.706 231.638 202.792 189.714 171.504 207.851 227.868 275.320 314.214 315.432 318.403 311.445 302.578 282.441 269.278 250.864 239.864 225.820 223.488 218.874 213.733 220.210 222.301 219.121 239.773 248.842 280.654 290.924 312.656 329.759 356.642 346.434 348.495
-999.250 -999.250 -999.250 -999.250 -999.250 -999.250 -999.250 -999.250 -999.250 -999.250 -999.250 -999.250 -999.250 -999.250 -999.250 -999.250 -999.250 -999.250 -999.250 -999.250 -999.250 -999.250 -999.250 -999.250 -999.250 -999.250 -999.250 -999.250 -999.250 -999.250 -999.250 -999.250 235.419 223.523 217.209 207.715 193.901 212.385 235.126 279.284 306.286 325.791 310.562 308.185 292.814 293.061 272.905 240.325 233.109 227.855 217.843 216.823 212.456 217.959 207.087 214.526 226.825 238.539 283.043 289.322 306.694 319.048 338.050 347.736 354.644
-999.250 -999.250 -999.250 -999.250 -999.250 -999.250 -999.250 -999.250 -999.250 -999.250 -999.250 -999.250 -999.250 -999.250 -999.250 -999.250 -999.250 -999.250 -999.250 -999.250 -999.250 -999.250 -999.250 -999.250 -999.250 -999.250 -999.250 -999.250 -999.250 -999.250 -999.250 245.328 240.743 236.233 224.806 220.165 221.753 233.398 260.018 296.127 316.519 325.239 328.586 314.073 304.305 287.939 273.359 268.034 250.055 242.404 222.368 216.999 221.216 206.694 207.193 207.953 221.449 231.284 270.382 286.587 299.686 320.145 329.834 347.744 345.323
-999.250 -999.250 -999.250 -999.250 -999.250 -999.250 -999.250 -999.250 -999.250 -999.250 -999.250 -999.250 -999.250 -999.250 -999.250 -999.250 -999.250 -999.250 -999.250 -999.250 -999.250 -999.250 -999.250 -999.250 -999.250 -999.250 -999.250 -999.250 -999.250 -999.250 -999.250 276.015 277.247 260.875 250.799 236.582 248.708 276.228 291.520 308.032 324.382 340.389 356.004 332.461 331.132 316.037 289.823 286.561 286.029 253.218 244.748 223.932 220.830 208.871 193.757 198.493 219.965 228.748 252.220 274.522 293.879 313.548 327.793 330.491 342.180
-999.250 -999.250 -999.250 -999.250 -999.250 -999.250 -999.250 -999.250 -999.250 -999.250 -999.250 -999.250 -999.250 -999.250 -999.250 -999.250 -999.250 -999.250 -999.250 -999.250 -999.250 -999.250 -999.250 -999.250 -999.250 -999.250 -999.250 -999.250 -999.250 -999.250 -999.250 289.618 286.435 282.733 289.474 282.538 291.681 302.800 325.499 329.680 352.665 373.298 378.923 396.165 399.592 358.208 337.386 323.067 312.307 294.512 289.199 252.814 229.523 214.281 198.880 198.903 196.900 217.772 229.073 283.609 296.754 309.441 331.527 344.041 351.382
-999.250 -999.250 -999.250 -999.250 -999.250 -999.250 -999.250 -999.250 -999.250 -999.250 -999.250 -999.250 -999.250 -999.250 -999.250 -999.250 -999.250 -999.250 -999.250 -999.250 -999.250 -999.250 -999.250 -999.250 -999.250 -999.250 -999.250 -999.250 -999.250 -999.250 -999.250 311.816 311.102 304.198 321.163 316.049 327.231 355.215 361.813 383.245 408.030 412.247 428.130 420.931 428.526 427.549 419.150 391.798 360.949 344.994 332.167 284.002 262.009 230.310 220.857 196.251 200.865 215.017 230.732 281.883 301.069 325.367 341.141 359.467 374.179
-999.250 -999.250 -999.250 -999.250 -999.250 -999.250 -999.250 -999.250 -999.250 -999.250 -999.250 -999.250 -999.250 -999.250 -999.250 -999.250 -999.250 -999.250 -999.250 -999.250 -999.250 -999.250 -999.250 -999.250 -999.250 -999.250 -999.250 -999.250 -999.250 -999.250 326.665 336.009 348.711 345.245 355.659 350.728 367.981 383.280 419.516 420.846 432.829 456.790 460.565 463.695 477.185 473.304 461.649 453.681 440.369 382.369 346.084 330.285 298.027 242.920 229.142 209.895 188.052 186.903 230.761 287.026 306.275 333.308 357.785 411.074 401.755
-999.250 -999.250 -999.250 -999.250 -999.250 -999.250 -999.250 -999.250 -999.250 -999.250 -999.250 -999.250 -999.250 -999.250 -999.250 -999.250 -999.250 -999.250 -999.250 -999.250 -999.250 -999.250 -999.250 -999.250 -999.250 -999.250 -999.250 -999.250 -999.250 -999.250 328.935 364.042 361.229 386.042 392.508 388.495 421.662 418.842 435.602 452.631 482.828 490.306 491.235 511.708 522.761 523.713 522.246 500.171 485.325 443.228 405.036 386.159 330.842 306.119 262.799 215.770 177.526 160.140 211.832 263.595 303.683 337.700 381.629 440.530 456.112
-999.250 -999.250 -999.250 -999.250 -999.250 -999.250 -999.250 -999.250 -999.250 -999.250 -999.250 -999.250 -999.250 -999.250 -999.250 -999.250 -999.250 -999.250 -999.250 -999.250 -999.250 -999.250 -999.250 -999.250 -999.250 -999.250 -999.250 -999.250 -999.250 -999.250 341.018 357.332 394.048 403.534 412.807 437.177 448.166 458.272 479.057 497.099 509.851 532.028 534.913 546.401 554.212 541.209 541.033 537.063 503.267 483.978 476.275 437.432 425.292 343.422 292.361 244.567 190.294 113.598 187.944 251.349 303.611 355.621 392.899 455.922 501.408
-999.250 -999.250 -999.250 -999.250 -999.250 -999.250 -999.250 -999.250 -999.250 -999.250 -999.250 -999.250 -999.250 -999.250 -999.250 -999.250 -999.250 -999.250 -999.250 -999.250 -999.250 -999.250 -999.250 -999.250 -999.250 -999.250 -999.250 -999.250 -999.250 -999.250 342.594 379.742 398.064 411.956 437.815 477.171 464.763 481.699 506.533 526.375 548.399 551.249 563.513 568.492 585.325 603.664 588.993 569.186 538.922 528.711 509.889 488.759 475.006 424.148 355.561 311.666 243.088 210.303 226.823 276.116 322.670 377.442 412.240 455.284 469.877
-999.250 -999.250 -999.250 -999.250 -999.250 -999.250 -999.250 -999.250 -999.250 -999.250 -999.250 -999.250 -999.250 -999.250 -999.250 -999.250 -999.250 -999.250 -999.250 -999.250 -999.250 -999.250 -999.250 -999.250 -999.250 -999.250 -999.250 -999.250 -999.250 362.054 367.072 374.965 425.881 428.112 456.373 482.707 495.236 516.056 522.564 557.322 561.311 574.048 573.119 592.500 601.210 607.398 599.520 596.580 580.608 577.771 550.927 548.557 539.800 500.149 452.342 361.046 315.369 284.503 277.399 302.050 339.081 393.195 431.313 440.665 443.254
-999.250 -999.250 -999.250 -999.250 -999.250 -999.250 -999.250 -999.250 -999.250 -999.250 -999.250 -999.250 -999.250 -999.250 -999.250 -999.250 -999.250 -999.250 -999.250 -999.250 -999.250 -999.250 -999.250 -999.250 -999.250 -999.250 -999.250 -999.250 -999.250 373.611 358.489 407.006 422.299 457.971 478.753 516.903 518.921 548.741 556.487 595.664 588.243 599.806 604.818 620.470 642.024 641.483 632.896 616.247 606.321 587.041 593.648 598.009 595.408 582.984 512.623 437.647 361.456 335.645 318.707 329.120 347.784 393.114 431.660 437.392 431.868
-999.250 -999.250 -999.250 -999.250 -999.250 -999.250 -999.250 -999.250 -999.250 -999.250 -999.250 -999.250 -999.250 -999.250 -999.250 -999.250 -999.250 -999.250 -999.250 -999.250 -999.250 -999.250 -999.250 -999.250 -999.250 -999.250 -999.250 -999.250 -999.250 387.270 384.666 406.642 458.763 460.485 503.590 531.179 544.968 578.152 595.197 580.885 615.566 632.207 623.690 670.101 666.852 656.101 693.119 638.695 626.921 612.157 583.918 610.363 633.722 657.222 538.580 453.994 387.108 365.659 357.379 347.981 348.953 373.964 411.486 412.567 426.130
-999.250 -999.250 -999.250 -999.250 -999.250 -999.250 -999.250 -999.250 -999.250 -999.250 -999.250 -999.250 -999.250 -999.250 -999.250 -999.250 -999.250 -999.250 -999.250 -999.250 -999.250 -999.250 -999.250 -999.250 -999.250 -999.250 -999.250 -999.250 -999.250 374.208 414.183 431.818 447.394 500.649 525.671 544.724 576.276 602.568 619.494 615.509 628.479 637.745 654.191 682.808 677.607 705.801 695.256 678.875 648.716 611.968 598.839 599.176 574.054 588.109 526.610 449.376 400.848 371.873 354.150 355.046 359.153 366.255 377.381 388.608 401.606
-999.250 -999.250 -999.250 -999.250 -999.250 -999.250 -999.250 -999.250 -999.250 -999.250 -999.250 -999.250 -999.250 -999.250 -999.250 -999.250 -999.250 -999.250 -999.250 -999.250 -999.250 -999.250 -999.250 -999.250 -999.250 -999.250 -999.250 -999.250 356.299 412.373 422.999 442.246 452.658 499.568 520.973 557.609 590.134 620.603 604.363 626.192 634.415 661.928 689.121 698.252 706.919 709.524 715.792 673.745 634.246 616.031 579.957 569.996 536.155 515.330 474.869 432.465 378.127 345.160 344.923 339.542 341.095 347.974 369.984 372.496 362.472
-999.250 -999.250 -999.250 -999.250 -999.250 -999.250 -999.250 -999.250 -999.250 -999.250 -999.250 -999.250 -999.250 -999.250 -999.250 -999.250 -999.250 -999.250 -999.250 -999.250 -999.250 -999.250 -999.250 -999.250 -999.250 -999.250 -999.250 -999.250 374.292 407.404 430.445 445.117 466.576 513.823 523.008 540.929 585.180 623.097 633.920 627.252 654.721 658.691 697.348 707.642 706.336 717.653 750.563 704.809 645.835 582.183 549.093 522.710 488.686 445.129 398.661 359.418 338.636 318.263 314.632 321.639 310.017 332.565 343.844 340.844 348.839
-999.250 -999.250 -999.250 -999.250 -999.250 -999.250 -999.250 -999.250 -999.250 -999.250 -999.250 -999.250 -999.250 -999.250 -999.250 -999.250 -999.250 -999.250 -999.250 -999.250 -999.250 -999.250 -999.250 -999.250 -999.250 -999.250 -999.250 340.871 360.028 414.384 426.627 439.260 461.218 503.799 524.971 561.467 587.079 631.806 677.926 678.104 665.211 650.640 680.136 687.266 681.274 693.905 674.464 675.185 627.050 581.696 533.294 485.293 440.499 368.202 333.692 310.714 308.406 302.626 291.786 311.971 302.853 307.291 324.627 337.137 348.630
-999.250 -999.250 -999.250 -999.250 -999.250 -999.250 -999.250 -999.250 -999.250 -999.250 -999.250 -999.250 -999.250 -999.250 -999.250 -999.250 -999.250 -999.250 -999.250 -999.250 -999.250 -999.250 -999.250 -999.250 -999.250 -999.250 -999.250 327.527 352.086 386.704 432.443 445.911 466.687 493.806 520.615 562.589 606.647 633.608 657.165 649.896 625.352 624.535 672.364 665.798 651.703 641.984 657.787 622.466 604.358 524.211 520.850 457.528 394.926 338.486 288.226 297.291 288.040 295.013 288.356 284.482 286.073 285.312 302.822 335.936 336.606
-999.250 -999.250 -999.250 -999.250 -999.250 -999.250 -999.250 -999.250 -999.250 -999.250 -999.250 -999.250 -999.250 -999.250 -999.250 -999.250 -999.250 -999.250 -999.250 -999.250 -999.250 -999.250 -999.250 -999.250 -999.250 -999.250 -999.250 344.935 347.514 393.708 409.189 431.887 468.007 476.667 530.471 551.128 577.422 592.677 617.488 621.197 605.807 620.822 625.818 636.154 621.644 629.599 629.582 599.215 560.220 528.472 487.934 449.597 388.721 352.967 317.733 325.786 326.143 309.071 290.726 274.646 246.711 246.982 277.923 304.185 314.209
-999.250 -999.250 -999.250 -999.250 -999.250 -999.250 -999.250 -999.250 -999.250 -999.250 -999.250 -999.250 -999.250 -999.250 -999.250 -999.250 -999.250 -999.250 -999.250 -999.250 -999.250 -999.250 -999.250 -999.250 -999.250 -999.250 -999.250 342.248 370.863 385.793 394.914 435.960 468.449 512.220 521.439 558.702 571.573 591.805 580.429 602.194 612.224 599.031 598.168 607.196 604.175 591.205 596.865 547.831 541.736 514.136 464.199 450.798 424.684 403.912 401.682 406.184 386.885 351.456 315.209 274.231 236.366 238.641 268.023 285.257 312.794
-999.250 -999.250 -999.250 -999.250 -999.250 -999.250 -999.250 -999.250 -999.250 -999.250 -999.250 -999.250 -999.250 -999.250 -999.250 -999.250 -999.250 -999.250 -999.250 -999.250 -999.250 -999.250 -999.250 -999.250 -999.250 -999.250 -999.250 -999.250 350.166 372.179 410.981 439.793 479.089 500.586 514.278 523.481 543.659 552.356 593.218 603.648 595.513 555.871 558.046 566.633 555.487 560.936 558.402 525.602 497.000 509.639 473.609 448.171 453.475 469.860 471.650 465.602 472.570 443.327 381.047 302.000 225.733 230.665 255.026 297.331 307.317
-999.250 -999.250 -999.250 -999.250 -999.250 -999.250 -999.250 -999.250 -999.250 -999.250 -999.250 -999.250 -999.250 -999.250 -999.250 -999.250 -999.250 -999.250 -999.250 -999.250 -999.250 -999.250 -999.250 -999.250 -999.250 -999.250 -999.250 -999.250 387.124 392.925 422.370 435.286 458.351 479.209 493.715 526.803 533.667 554.081 555.163 586.863 562.176 545.619 529.865 529.796 522.071 513.149 513.382 501.987 501.017 492.260 489.275 491.194 515.352 537.205 569.209 584.208 564.740 552.768 494.670 403.018 236.531 284.680 293.456 311.444 327.016
-999.250 -999.250 -999.250 -999.250 -999.250 -999.250 -999.250 -999.250 -999.250 -999.250 -999.250 -999.250 -999.250 -999.250 -999.250 -999.250 -999.250 -999.250 -999.250 -999.250 -999.250 -999.250 -999.250 -999.250 -999.250 -999.250 -999.250 -999.250 378.590 413.017 434.674 426.667 456.296 469.893 504.752 518.673 543.025 553.865 551.464 552.051 549.089 544.247 504.465 489.386 469.735 455.755 484.027 508.847 515.755 504.986 506.715 521.170 580.457 621.855 691.604 757.664 740.074 701.657 637.307 576.461 448.207 419.190 414.189 405.846 385.600
-999.250 -999.250 -999.250 -999.250 -999.250 -999.250 -999.250 -999.250 -999.250 -999.250 -999.250 -999.250 -999.250 -999.250 -999.250 -999.250 -999.250 -999.250 -999.250 -999.250 -999.250 -999.250 -999.250 -999.250 -999.250 -999.250 -999.250 -999.250 384.491 368.884 385.494 409.414 438.485 459.214 506.718 504.218 539.219 528.608 538.694 534.388 534.800 513.342 494.967 465.693 438.658 417.301 465.309 501.908 499.608 517.521 542.744 550.834 636.949 732.183 803.380 868.680 877.538 997.825 817.373 744.007 641.199 566.580 498.631 436.529 434.209
-999.250 -999.250 -999.250 -999.250 -999.250 -999.250 -999.250 -999.250 -999.250 -999.250 -999.250 -999.250 -999.250 -999.250 -999.250 -999.250 -999.250 -999.250 -999.250 -999.250 -999.250 -999.250 -999.250 -999.250 -999.250 -999.250 -999.250 -999.250 365.317 347.018 382.846 391.373 429.086 447.531 476.977 490.136 498.827 521.471 531.627 509.563 509.885 491.988 492.176 454.822 434.362 433.129 475.953 503.885 541.650 570.124 611.343 693.262 788.529 874.801 1038.930 1217.327 1322.117 1295.388 1203.149 993.019 803.761 698.338 585.707 526.480 466.039
-999.250 -999.250 -999.250 -999.250 -999.250 -999.250 -999.250 -999.250 -999.250 -999.250 -999.250 -999.250 -999.250 -999.250 -999.250 -999.250 -999.250 -999.250 -999.250 -999.250 -999.250 -999.250 -999.250 -999.250 -999.250 -999.250 -999.250 342.210 333.753 343.738 367.773 349.214 398.756 431.832 445.559 464.510 457.615 483.235 521.441 525.701 494.536 487.188 473.443 466.442 456.232 458.793 497.520 543.832 596.698 633.953 704.125 752.734 935.341 1056.868 1357.533 1567.869 1864.356 1775.174 1453.885 1212.890 987.488 788.328 669.428 543.242 501.236
