data/medianmodel_06-Nov-2020.asc
ncols	141
nrows	288
xllcorner	-120191.398
yllcorner	-301404.813
cellsize	2000.000
NODATA_value	-999.250
[rows 87 to 115 of 288, columns 65 to 129 of 141]
292.864 301.815 316.971 358.409 394.516 419.564 447.660 430.590 434.207 427.976 421.888 367.357 369.644 294.016 283.732 266.449 254.348 253.318 280.310 297.715 321.037 343.276 343.550 350.230 340.367 363.335 439.830 550.053 617.858 763.092 858.236 919.298 891.606 1026.295 892.977 810.291 727.873 692.274 668.189 537.209 479.272 500.618 431.300 407.209 383.826 351.875 313.771 328.356 356.062 -999.250 -999.250 -999.250 -999.250 -999.250 -999.250 -999.250 -999.250 -999.250 -999.250 -999.250 -999.250 -999.250 -999.250 -999.250 -999.250
277.413 290.577 325.165 397.723 426.112 446.304 471.550 440.764 434.192 417.854 404.149 353.189 344.600 281.487 255.551 214.782 211.220 218.267 236.896 313.268 374.686 364.974 400.119 413.453 458.545 475.504 503.482 700.218 683.588 761.007 978.403 1048.841 1154.764 1008.596 934.494 953.284 740.489 705.961 604.835 509.055 540.559 473.509 418.606 386.509 397.087 350.110 343.195 327.209 362.658 335.004 326.187 -999.250 -999.250 -999.250 -999.250 -999.250 -999.250 -999.250 -999.250 -999.250 -999.250 -999.250 -999.250 -999.250 -999.250
259.489 266.878 333.812 365.270 418.102 442.075 485.587 445.150 413.982 392.320 374.738 348.882 301.028 298.000 233.496 196.992 162.223 167.145 226.240 361.199 416.767 480.991 447.492 517.524 526.940 629.165 605.351 822.610 876.204 844.648 1076.967 1083.984 1109.240 1137.132 1005.445 874.829 810.420 818.210 661.811 550.226 483.948 482.944 472.394 421.656 388.088 325.807 337.383 322.448 330.792 332.427 328.925 -999.250 -999.250 -999.250 -999.250 -999.250 -999.250 -999.250 -999.250 -999.250 -999.250 -999.250 -999.250 -999.250 -999.250
246.892 272.781 296.622 347.580 363.413 408.038 409.786 412.816 375.252 366.035 321.966 298.210 269.265 264.451 238.858 215.147 160.127 145.314 287.832 443.383 543.259 738.597 776.313 719.262 813.847 751.716 843.904 976.604 998.175 951.675 1136.970 1118.995 1059.211 1070.467 1050.146 904.580 796.820 741.953 702.163 672.128 542.519 464.149 441.660 429.809 352.991 306.370 308.113 335.051 328.743 318.327 322.820 -999.250 -999.250 -999.250 -999.250 -999.250 -999.250 -999.250 -999.250 -999.250 -999.250 -999.250 -999.250 -999.250 -999.250
211.686 232.466 270.355 295.225 328.352 374.560 374.357 387.881 323.440 302.242 319.743 288.699 267.436 260.133 260.035 273.192 272.176 365.732 451.816 552.830 690.436 941.321 945.843 970.947 1102.595 973.260 978.172 1117.560 1166.200 1165.025 1156.778 1284.093 1159.003 1077.873 954.777 900.433 809.705 792.960 659.902 579.241 490.673 481.387 414.707 390.919 350.943 340.879 304.507 280.690 325.720 278.464 -999.250 -999.250 -999.250 -999.250 -999.250 -999.250 -999.250 -999.250 -999.250 -999.250 -999.250 -999.250 -999.250 -999.250 -999.250
172.584 179.506 190.710 229.323 280.837 318.600 304.649 310.428 310.394 309.036 303.671 276.764 288.541 335.088 312.879 328.253 391.589 472.451 634.843 701.633 924.477 1074.043 1101.544 1158.218 1300.435 1294.513 1190.681 1152.768 1230.519 1207.278 1275.622 1427.988 1267.435 1030.445 989.555 841.503 740.057 679.783 580.599 540.392 519.551 433.437 406.874 368.993 310.263 295.911 288.962 254.332 253.103 268.762 -999.250 -999.250 -999.250 -999.250 -999.250 -999.250 -999.250 -999.250 -999.250 -999.250 -999.250 -999.250 -999.250 -999.250 -999.250
134.557 139.592 144.241 175.644 217.885 255.058 275.297 271.054 265.872 269.644 273.684 309.411 337.477 383.097 390.553 433.546 485.750 624.002 806.964 1081.253 1267.589 1312.264 1325.435 1442.956 1471.628 1356.261 1420.494 1276.715 1344.074 1325.657 1266.792 1371.031 1291.674 1252.330 948.023 919.925 798.255 768.005 628.387 587.907 441.357 427.980 377.922 305.627 257.839 252.954 244.990 256.450 261.763 -999.250 -999.250 -999.250 -999.250 -999.250 -999.250 -999.250 -999.250 -999.250 -999.250 -999.250 -999.250 -999.250 -999.250 -999.250 -999.250
140.570 106.961 75.504 128.036 159.612 207.880 235.879 254.595 263.023 272.398 286.418 314.535 355.323 383.033 419.409 496.608 616.920 731.358 1033.509 1256.398 1416.722 1463.489 1520.730 1598.601 1702.617 1634.898 1514.288 1475.045 1550.512 1512.415 1360.328 1311.818 1266.113 1188.850 1156.177 817.827 707.433 670.819 482.265 488.874 412.192 373.531 333.047 277.309 249.953 224.889 253.076 254.920 240.650 -999.250 -999.250 -999.250 -999.250 -999.250 -999.250 -999.250 -999.250 -999.250 -999.250 -999.250 -999.250 -999.250 -999.250 -999.250 -999.250
144.398 117.905 109.044 117.158 149.441 166.974 198.986 213.453 238.397 258.422 288.902 332.399 369.918 408.904 438.889 543.047 672.162 971.082 1165.794 1496.797 1862.321 1646.345 1601.595 1662.980 1573.302 1713.348 1578.900 1577.186 1622.965 1483.886 1475.086 1491.591 1281.888 1202.571 1070.632 762.284 681.836 540.120 457.509 415.624 343.858 311.572 282.643 240.937 255.812 185.291 198.841 227.924 239.218 -999.250 -999.250 -999.250 -999.250 -999.250 -999.250 -999.250 -999.250 -999.250 -999.250 -999.250 -999.250 -999.250 -999.250 -999.250 -999.250
176.181 142.751 132.887 126.100 129.373 146.179 164.123 198.005 223.316 257.316 288.086 338.129 383.624 395.304 472.250 552.145 808.912 1039.890 1234.384 1509.159 1618.067 1714.287 1656.325 1617.038 1551.162 1519.493 1546.312 1751.037 1598.260 1556.287 1639.899 1458.846 1306.442 1138.544 1019.505 740.680 606.050 535.171 424.988 399.099 334.631 278.409 225.769 203.267 199.074 186.380 188.492 220.509 270.762 305.747 -999.250 -999.250 -999.250 -999.250 -999.250 -999.250 -999.250 -999.250 -999.250 -999.250 -999.250 -999.250 -999.250 -999.250 -999.250
206.823 174.905 160.500 138.342 148.566 140.130 161.397 187.918 204.301 249.488 313.817 344.718 409.601 421.282 475.613 579.062 784.002 1008.324 1223.726 1345.867 1523.682 1625.845 1477.360 1492.079 1629.438 1561.195 1599.624 1478.805 1587.809 1641.710 1482.135 1348.441 1168.976 1143.751 957.256 613.880 528.983 462.882 415.877 302.006 269.507 216.590 187.960 166.351 174.294 168.752 173.402 200.827 250.155 296.854 292.985 -999.250 -999.250 -999.250 -999.250 -999.250 -999.250 -999.250 -999.250 -999.250 -999.250 -999.250 -999.250 -999.250 -999.250
223.053 188.891 182.202 159.401 144.223 155.904 168.092 185.731 218.144 255.854 319.052 367.318 400.105 449.425 492.797 596.966 831.700 982.491 1129.120 1199.925 1434.624 1457.607 1564.985 1518.019 1453.756 1561.167 1517.011 1610.017 1797.437 1592.021 1385.356 1219.516 1117.017 1135.018 948.583 740.209 503.448 414.910 335.158 226.611 188.916 155.756 167.083 132.770 136.716 147.914 168.716 230.699 253.139 278.567 305.490 292.334 -999.250 -999.250 -999.250 -999.250 -999.250 -999.250 -999.250 -999.250 -999.250 -999.250 -999.250 -999.250 -999.250
212.577 203.572 194.359 179.912 170.527 176.455 174.662 171.402 220.229 266.581 315.838 369.041 416.852 439.245 506.575 650.615 735.513 880.544 1155.820 1258.944 1298.467 1300.821 1435.826 1344.374 1418.138 1370.944 1431.101 1580.590 1669.767 1591.720 1360.499 1148.853 1090.805 1001.290 834.688 663.016 467.504 391.215 276.473 160.605 140.054 136.118 130.666 131.526 124.144 149.029 172.186 231.056 228.123 272.344 271.820 -999.250 -999.250 -999.250 -999.250 -999.250 -999.250 -999.250 -999.250 -999.250 -999.250 -999.250 -999.250 -999.250 -999.250
252.694 234.971 206.341 207.488 204.829 187.277 180.080 205.699 207.813 265.320 302.273 358.281 378.099 436.622 475.961 559.940 671.614 827.389 1045.558 1119.480 1185.106 1159.087 1215.405 1119.428 1130.953 1125.218 1252.490 1491.717 1484.989 1363.045 1274.306 1167.986 1034.951 903.269 755.791 574.501 471.384 395.895 256.693 161.163 124.429 130.737 113.462 112.341 126.111 177.746 181.699 206.919 252.239 268.782 284.968 302.582 -999.250 -999.250 -999.250 -999.250 -999.250 -999.250 -999.250 -999.250 -999.250 -999.250 -999.250 -999.250 -999.250
255.763 265.693 240.001 228.514 207.553 194.618 204.955 216.434 228.798 238.996 279.641 362.224 394.144 418.761 464.665 479.544 642.312 751.111 809.008 885.880 923.866 941.097 899.403 964.880 990.812 1075.273 1201.403 1252.621 1242.107 1230.977 1054.744 1056.307 902.472 761.519 615.823 479.945 410.966 331.479 260.115 164.091 111.359 91.715 97.113 104.416 131.444 161.642 185.422 207.486 236.793 275.618 -999.250 -999.250 -999.250 -999.250 -999.250 -999.250 -999.250 -999.250 -999.250 -999.250 -999.250 -999.250 -999.250 -999.250 -999.250
247.399 256.580 224.078 232.559 222.212 205.488 217.047 232.384 246.847 267.825 308.196 343.049 346.782 430.861 436.723 488.882 507.676 594.560 751.848 669.152 707.468 628.016 599.142 718.596 823.573 947.397 1100.625 1087.183 1171.871 1136.362 1000.306 915.652 767.967 651.450 519.567 432.596 399.755 293.463 224.438 152.117 129.634 94.319 100.491 108.240 135.968 170.336 205.100 246.790 265.407 -999.250 -999.250 -999.250 -999.250 -999.250 -999.250 -999.250 -999.250 -999.250 -999.250 -999.250 -999.250 -999.250 -999.250 -999.250 -999.250
238.423 232.377 236.981 239.704 206.563 213.269 230.481 249.186 251.743 301.267 318.451 353.316 370.286 374.469 388.256 434.182 447.766 472.969 537.480 572.519 515.924 460.180 416.782 501.161 653.058 820.815 972.003 969.008 1166.093 1021.322 888.714 818.836 668.966 524.267 479.099 413.212 333.819 286.412 221.876 164.624 129.183 99.090 96.010 125.430 156.139 177.750 236.546 235.644 232.681 -999.250 -999.250 -999.250 -999.250 -999.250 -999.250 -999.250 -999.250 -999.250 -999.250 -999.250 -999.250 -999.250 -999.250 -999.250 -999.250
252.601 251.385 244.575 236.894 248.029 222.027 237.280 264.295 304.487 294.525 293.968 351.569 366.144 398.804 391.567 420.202 432.411 440.462 444.652 450.708 435.820 431.022 424.659 500.422 623.116 738.071 818.094 903.603 979.601 944.584 792.101 745.202 565.130 522.390 418.355 390.170 297.923 235.491 197.629 127.023 103.027 95.401 96.442 116.892 164.858 186.281 224.645 251.630 -999.250 -999.250 -999.250 -999.250 -999.250 -999.250 -999.250 -999.250 -999.250 -999.250 -999.250 -999.250 -999.250 -999.250 -999.250 -999.250 -999.250
253.130 249.190 258.333 231.811 262.144 239.129 258.774 280.267 313.056 300.244 300.409 332.494 326.316 355.523 337.083 400.469 404.619 397.424 426.628 422.787 425.928 430.346 452.737 483.803 632.412 722.683 1013.563 831.719 745.541 727.504 672.781 607.673 540.005 473.666 440.736 342.627 278.191 212.683 156.927 131.278 99.685 95.779 102.928 129.870 -999.250 -999.250 -999.250 -999.250 -999.250 -999.250 -999.250 -999.250 -999.250 -999.250 -999.250 -999.250 -999.250 -999.250 -999.250 -999.250 -999.250 -999.250 -999.250 -999.250 -999.250
254.548 254.182 248.445 248.836 267.666 282.993 279.483 297.668 282.152 282.727 312.228 342.152 324.668 337.658 341.183 369.719 390.711 392.078 429.397 410.140 421.468 426.775 459.598 551.223 657.227 709.027 723.515 757.492 686.077 678.903 699.745 507.306 543.956 438.190 429.716 325.807 260.332 218.324 157.981 118.340 117.013 125.089 -999.250 -999.250 -999.250 -999.250 -999.250 -999.250 -999.250 -999.250 -999.250 -999.250 -999.250 -999.250 -999.250 -999.250 -999.250 -999.250 -999.250 -999.250 -999.250 -999.250 -999.250 -999.250 -999.250
236.758 267.518 273.523 258.931 282.278 321.209 285.445 272.613 308.870 316.475 302.768 339.739 356.821 341.458 349.976 381.295 381.994 369.044 420.927 421.677 454.479 452.588 477.026 598.373 657.168 617.224 745.050 728.304 620.385 580.899 543.249 481.138 502.964 445.039 361.961 312.576 250.969 197.226 152.474 135.732 139.432 145.899 -999.250 -999.250 -999.250 -999.250 -999.250 -999.250 -999.250 -999.250 -999.250 -999.250 -999.250 -999.250 -999.250 -999.250 -999.250 -999.250 -999.250 -999.250 -999.250 -999.250 -999.250 -999.250 -999.250
246.915 272.893 261.093 290.856 290.347 316.093 303.828 321.220 315.012 351.917 327.370 335.340 353.337 335.340 354.942 393.221 384.741 380.828 428.515 438.636 491.916 499.882 690.578 664.216 659.883 711.050 676.114 721.690 651.964 564.673 506.605 488.962 427.879 411.854 357.043 314.130 264.571 196.953 166.142 147.404 176.919 182.284 -999.250 -999.250 -999.250 -999.250 -999.250 -999.250 -999.250 -999.250 -999.250 -999.250 -999.250 -999.250 -999.250 -999.250 -999.250 -999.250 -999.250 -999.250 -999.250 -999.250 -999.250 -999.250 -999.250
248.083 254.292 292.813 297.064 308.250 316.071 311.735 333.193 315.177 330.188 327.265 334.938 316.115 318.202 360.680 377.401 378.330 430.985 470.927 490.003 518.074 588.423 714.098 716.188 709.189 673.049 692.673 628.252 554.761 478.868 472.895 431.767 403.663 420.044 348.422 337.223 286.191 245.370 168.244 181.923 180.649 198.969 -999.250 -999.250 -999.250 -999.250 -999.250 -999.250 -999.250 -999.250 -999.250 -999.250 -999.250 -999.250 -999.250 -999.250 -999.250 -999.250 -999.250 -999.250 -999.250 -999.250 -999.250 -999.250 -999.250
208.478 237.222 254.942 305.448 307.662 308.084 314.488 336.672 333.657 331.836 307.813 340.178 289.140 318.000 363.975 368.467 372.067 404.740 436.485 479.823 567.182 630.952 747.311 712.593 674.611 703.594 657.802 558.474 490.140 485.534 477.609 484.519 445.701 393.958 397.321 326.885 289.648 250.153 227.351 219.334 229.951 222.061 -999.250 -999.250 -999.250 -999.250 -999.250 -999.250 -999.250 -999.250 -999.250 -999.250 -999.250 -999.250 -999.250 -999.250 -999.250 -999.250 -999.250 -999.250 -999.250 -999.250 -999.250 -999.250 -999.250
193.223 234.791 282.578 305.560 326.649 320.621 329.360 339.885 339.347 362.368 318.097 332.049 355.331 376.344 347.608 359.198 373.407 413.292 477.250 485.943 518.123 590.390 676.277 679.776 643.461 583.555 629.164 554.947 539.587 482.747 467.951 457.306 419.042 454.796 387.156 361.511 348.413 308.089 273.612 269.104 252.510 229.862 -999.250 -999.250 -999.250 -999.250 -999.250 -999.250 -999.250 -999.250 -999.250 -999.250 -999.250 -999.250 -999.250 -999.250 -999.250 -999.250 -999.250 -999.250 -999.250 -999.250 -999.250 -999.250 -999.250
202.412 230.743 262.701 271.468 304.816 293.529 320.504 352.565 343.049 372.190 361.319 379.738 359.237 354.808 364.390 377.464 420.649 423.173 462.472 479.881 529.428 637.062 645.056 643.592 572.336 566.412 555.594 563.371 546.976 519.213 509.464 454.115 457.936 443.619 419.829 381.213 365.258 358.175 298.348 308.482 300.243 315.169 343.666 348.907 -999.250 -999.250 -999.250 -999.250 -999.250 -999.250 -999.250 -999.250 -999.250 -999.250 -999.250 -999.250 -999.250 -999.250 -999.250 -999.250 -999.250 -999.250 -999.250 -999.250 -999.250
214.358 225.669 259.068 255.015 283.243 297.250 318.656 342.547 344.068 335.234 394.728 408.332 406.979 367.741 365.100 367.867 424.924 450.250 454.234 512.451 532.004 643.208 645.937 656.941 581.685 543.801 559.169 620.127 551.222 544.118 513.508 451.766 496.035 475.322 436.317 395.604 403.313 397.803 373.270 345.168 324.519 398.606 370.159 380.863 338.040 329.085 -999.250 -999.250 -999.250 -999.250 -999.250 -999.250 -999.250 -999.250 -999.250 -999.250 -999.250 -999.250 -999.250 -999.250 -999.250 -999.250 -999.250 -999.250 -999.250
197.081 251.228 256.249 254.633 289.761 308.302 306.580 285.270 308.895 325.317 398.776 406.082 400.568 394.560 381.033 404.927 417.117 474.470 495.383 542.243 571.396 663.175 710.453 666.075 572.273 558.265 579.748 573.353 517.722 528.813 529.135 509.783 483.776 494.427 482.505 457.384 434.271 420.482 421.267 432.706 416.577 431.092 394.722 415.706 399.743 366.894 -999.250 -999.250 -999.250 -999.250 -999.250 -999.250 -999.250 -999.250 -999.250 -999.250 -999.250 -999.250 -999.250 -999.250 -999.250 -999.250 -999.250 -999.250 -999.250
184.634 197.624 217.167 224.661 237.804 274.899 288.441 286.126 279.917 347.024 327.978 388.574 379.435 430.717 411.432 417.279 443.075 445.856 493.384 530.660 540.742 557.681 600.217 562.239 566.835 502.878 496.179 565.182 596.384 567.238 502.450 542.741 632.739 527.214 573.660 533.128 504.025 472.337 411.815 427.467 457.261 464.079 455.475 443.066 413.170 426.762 397.759 -999.250 -999.250 -999.250 -999.250 -999.250 -999.250 -999.250 -999.250 -999.250 -999.250 -999.250 -999.250 -999.250 -999.250 -999.250 -999.250 -999.250 -999.250
