data/medianmodel_30-Dec-2020.asc
ncols	141
nrows	288
xllcorner	-120191.398
yllcorner	-301404.813
cellsize	2000.000
NODATA_value	-999.250
[rows 174 to 202 of 288, columns 65 to 129 of 141]
1328.291 1069.475 974.208 923.673 865.148 826.931 766.055 767.329 750.751 734.817 730.544 726.102 690.015 685.748 692.156 651.100 598.518 545.170 497.861 478.860 439.541 421.873 410.412 392.092 360.444 361.545 347.165 341.785 339.602 323.009 320.251 316.809 320.406 307.546 304.696 294.569 288.246 275.790 269.509 273.371 270.383 261.154 263.943 281.717 306.465 -999.250 -999.250 -999.250 -999.250 -999.250 -999.250 -999.250 -999.250 -999.250 -999.250 -999.250 -999.250 -999.250 -999.250 -999.250 -999.250 -999.250 -999.250 -999.250 -999.250
1411.501 1163.496 1102.767 944.140 897.619 819.292 825.214 801.134 750.602 761.045 767.571 765.592 737.184 742.211 743.787 711.487 662.138 591.572 534.865 467.781 443.006 427.263 401.582 375.154 366.405 366.308 365.796 355.593 348.076 353.728 352.395 354.862 360.880 363.834 357.052 344.400 347.806 340.583 336.537 336.531 327.182 316.780 319.867 345.014 -999.250 -999.250 -999.250 -999.250 -999.250 -999.250 -999.250 -999.250 -999.250 -999.250 -999.250 -999.250 -999.250 -999.250 -999.250 -999.250 -999.250 -999.250 -999.250 -999.250 -999.250
1456.572 1405.089 1115.357 992.341 909.427 856.706 833.497 801.067 784.346 756.585 756.046 760.934 758.193 767.392 793.291 730.438 640.367 595.886 542.963 477.416 448.528 444.194 428.532 388.538 368.959 373.065 374.735 372.587 375.713 376.778 387.039 396.461 405.879 409.093 399.109 409.860 414.345 411.271 387.502 397.774 382.267 374.597 381.831 383.366 -999.250 -999.250 -999.250 -999.250 -999.250 -999.250 -999.250 -999.250 -999.250 -999.250 -999.250 -999.250 -999.250 -999.250 -999.250 -999.250 -999.250 -999.250 -999.250 -999.250 -999.250
1533.462 1378.333 1196.113 974.780 964.856 874.627 832.123 817.785 788.385 764.466 760.190 737.578 728.005 733.439 742.862 716.590 653.676 566.862 549.206 512.746 475.340 467.224 427.607 405.458 398.232 374.848 386.469 402.490 383.477 406.836 427.968 431.984 443.542 457.111 456.157 466.908 466.683 485.791 474.498 461.514 447.368 449.655 422.090 -999.250 -999.250 -999.250 -999.250 -999.250 -999.250 -999.250 -999.250 -999.250 -999.250 -999.250 -999.250 -999.250 -999.250 -999.250 -999.250 -999.250 -999.250 -999.250 -999.250 -999.250 -999.250
1460.600 1399.402 1134.909 991.222 947.119 886.501 831.757 784.334 764.141 757.574 746.607 731.130 730.004 717.693 708.550 663.127 616.493 568.476 543.236 520.822 501.164 452.147 427.344 397.922 395.307 393.903 405.261 404.597 414.363 440.379 428.324 475.817 509.549 510.867 526.318 545.690 549.023 559.531 555.525 544.142 541.807 513.242 495.371 -999.250 -999.250 -999.250 -999.250 -999.250 -999.250 -999.250 -999.250 -999.250 -999.250 -999.250 -999.250 -999.250 -999.250 -999.250 -999.250 -999.250 -999.250 -999.250 -999.250 -999.250 -999.250
1426.309 1222.938 1034.631 984.196 892.992 852.375 818.357 765.096 779.414 766.584 731.068 712.851 677.444 677.148 675.735 625.446 619.862 569.734 545.733 518.762 482.024 448.525 428.858 416.724 401.495 409.840 401.970 428.160 412.285 448.210 463.825 497.470 547.649 565.030 581.235 635.846 612.525 623.754 600.879 615.026 587.023 565.806 -999.250 -999.250 -999.250 -999.250 -999.250 -999.250 -999.250 -999.250 -999.250 -999.250 -999.250 -999.250 -999.250 -999.250 -999.250 -999.250 -999.250 -999.250 -999.250 -999.250 -999.250 -999.250 -999.250
1364.454 1205.990 1069.634 971.464 915.572 848.109 834.492 768.848 740.591 719.720 729.032 662.598 613.721 623.711 610.112 616.050 593.342 581.848 553.169 507.070 471.856 434.122 429.495 420.898 391.784 409.357 398.896 421.160 440.751 444.323 490.143 519.286 584.071 625.040 642.418 685.106 733.725 733.798 740.188 697.554 619.268 621.850 -999.250 -999.250 -999.250 -999.250 -999.250 -999.250 -999.250 -999.250 -999.250 -999.250 -999.250 -999.250 -999.250 -999.250 -999.250 -999.250 -999.250 -999.250 -999.250 -999.250 -999.250 -999.250 -999.250
1204.804 1108.646 1001.918 924.166 862.407 804.349 754.190 723.513 689.845 663.351 625.210 640.081 605.331 567.137 567.071 582.498 574.259 565.707 548.242 492.953 467.942 436.551 423.620 401.018 394.273 388.392 407.575 407.615 441.086 456.045 491.040 575.516 596.541 647.803 689.745 750.993 772.114 829.306 791.874 765.215 768.847 701.448 -999.250 -999.250 -999.250 -999.250 -999.250 -999.250 -999.250 -999.250 -999.250 -999.250 -999.250 -999.250 -999.250 -999.250 -999.250 -999.250 -999.250 -999.250 -999.250 -999.250 -999.250 -999.250 -999.250
1083.585 977.585 914.609 864.106 803.020 784.730 709.130 669.833 628.729 625.534 606.971 560.300 557.450 547.614 531.549 542.639 549.481 549.330 551.559 504.576 454.625 426.715 402.397 377.881 378.320 385.183 394.879 411.826 423.170 448.926 515.167 590.076 659.468 713.971 769.770 829.241 862.106 898.816 853.170 823.486 793.033 -999.250 -999.250 -999.250 -999.250 -999.250 -999.250 -999.250 -999.250 -999.250 -999.250 -999.250 -999.250 -999.250 -999.250 -999.250 -999.250 -999.250 -999.250 -999.250 -999.250 -999.250 -999.250 -999.250 -999.250
920.585 893.908 815.339 771.245 726.553 691.835 631.811 592.920 599.365 599.574 560.872 542.227 495.316 499.072 469.550 487.788 509.663 528.073 549.969 489.726 442.548 397.568 376.822 369.396 378.720 384.358 375.513 393.072 404.238 440.747 506.580 560.173 667.456 716.636 784.351 829.708 905.559 984.022 925.800 858.867 -999.250 -999.250 -999.250 -999.250 -999.250 -999.250 -999.250 -999.250 -999.250 -999.250 -999.250 -999.250 -999.250 -999.250 -999.250 -999.250 -999.250 -999.250 -999.250 -999.250 -999.250 -999.250 -999.250 -999.250 -999.250
871.779 807.929 727.044 656.802 635.342 588.058 577.044 541.672 549.292 546.083 517.982 504.979 481.210 475.974 447.876 454.318 455.134 453.714 451.198 439.711 401.554 363.840 348.324 344.580 339.336 371.140 339.981 342.063 372.650 436.417 513.906 575.813 629.278 722.024 818.288 845.681 926.345 934.792 931.246 883.598 -999.250 -999.250 -999.250 -999.250 -999.250 -999.250 -999.250 -999.250 -999.250 -999.250 -999.250 -999.250 -999.250 -999.250 -999.250 -999.250 -999.250 -999.250 -999.250 -999.250 -999.250 -999.250 -999.250 -999.250 -999.250
729.231 651.381 594.028 569.986 544.404 528.976 513.576 500.357 468.414 469.916 474.695 460.215 449.882 428.597 410.624 403.720 411.459 404.502 381.484 363.215 353.239 323.569 310.457 299.350 277.087 257.832 244.655 283.999 333.440 403.386 496.945 554.730 675.538 764.545 807.548 847.014 916.280 929.551 -999.250 -999.250 -999.250 -999.250 -999.250 -999.250 -999.250 -999.250 -999.250 -999.250 -999.250 -999.250 -999.250 -999.250 -999.250 -999.250 -999.250 -999.250 -999.250 -999.250 -999.250 -999.250 -999.250 -999.250 -999.250 -999.250 -999.250
538.062 518.152 498.212 480.753 483.225 479.594 474.066 454.199 450.971 438.289 425.366 417.467 389.327 386.238 375.540 360.720 359.423 349.666 342.864 324.265 295.867 286.713 269.664 241.973 205.735 164.820 130.617 231.119 320.107 383.825 482.657 589.874 696.876 764.445 814.532 859.220 877.012 -999.250 -999.250 -999.250 -999.250 -999.250 -999.250 -999.250 -999.250 -999.250 -999.250 -999.250 -999.250 -999.250 -999.250 -999.250 -999.250 -999.250 -999.250 -999.250 -999.250 -999.250 -999.250 -999.250 -999.250 -999.250 -999.250 -999.250 -999.250
389.723 391.339 409.280 423.094 430.457 434.908 422.236 407.392 407.907 409.388 375.772 386.743 369.479 343.508 339.556 339.673 321.113 310.174 289.312 279.452 260.479 248.234 239.716 198.983 167.390 146.121 169.916 229.105 313.368 391.210 488.635 590.249 694.037 785.492 835.959 879.719 -999.250 -999.250 -999.250 -999.250 -999.250 -999.250 -999.250 -999.250 -999.250 -999.250 -999.250 -999.250 -999.250 -999.250 -999.250 -999.250 -999.250 -999.250 -999.250 -999.250 -999.250 -999.250 -999.250 -999.250 -999.250 -999.250 -999.250 -999.250 -999.250
368.275 365.503 381.629 415.879 405.467 382.024 376.616 379.569 380.934 368.730 353.838 353.943 325.810 302.026 304.459 290.022 291.465 272.552 240.363 227.135 223.353 193.212 192.456 171.957 164.945 174.480 197.005 273.465 337.930 397.051 494.022 602.133 723.811 827.579 839.833 -999.250 -999.250 -999.250 -999.250 -999.250 -999.250 -999.250 -999.250 -999.250 -999.250 -999.250 -999.250 -999.250 -999.250 -999.250 -999.250 -999.250 -999.250 -999.250 -999.250 -999.250 -999.250 -999.250 -999.250 -999.250 -999.250 -999.250 -999.250 -999.250 -999.250
372.244 356.545 373.671 382.345 375.091 373.869 377.437 366.804 370.552 345.843 338.453 325.108 308.510 282.915 255.608 247.045 232.274 206.243 178.553 181.305 191.328 168.051 178.894 178.265 186.257 209.213 257.443 314.306 388.647 448.254 537.823 664.048 750.661 -999.250 -999.250 -999.250 -999.250 -999.250 -999.250 -999.250 -999.250 -999.250 -999.250 -999.250 -999.250 -999.250 -999.250 -999.250 -999.250 -999.250 -999.250 -999.250 -999.250 -999.250 -999.250 -999.250 -999.250 -999.250 -999.250 -999.250 -999.250 -999.250 -999.250 -999.250 -999.250
385.303 377.628 395.646 380.201 390.589 381.186 374.791 358.518 354.669 341.923 325.584 310.844 283.160 276.066 244.443 228.172 202.897 182.131 167.526 158.440 149.722 164.035 178.940 201.008 221.350 262.646 305.861 362.405 438.219 523.192 607.469 698.330 788.576 -999.250 -999.250 -999.250 -999.250 -999.250 -999.250 -999.250 -999.250 -999.250 -999.250 -999.250 -999.250 -999.250 -999.250 -999.250 -999.250 -999.250 -999.250 -999.250 -999.250 -999.250 -999.250 -999.250 -999.250 -999.250 -999.250 -999.250 -999.250 -999.250 -999.250 -999.250 -999.250
415.764 412.004 417.226 408.595 404.836 393.344 375.494 382.573 364.647 342.870 329.026 309.309 277.895 245.392 227.290 192.620 168.023 144.830 136.313 130.083 157.382 177.287 216.860 237.803 267.086 323.546 360.011 421.994 510.496 592.378 711.456 790.805 -999.250 -999.250 -999.250 -999.250 -999.250 -999.250 -999.250 -999.250 -999.250 -999.250 -999.250 -999.250 -999.250 -999.250 -999.250 -999.250 -999.250 -999.250 -999.250 -999.250 -999.250 -999.250 -999.250 -999.250 -999.250 -999.250 -999.250 -999.250 -999.250 -999.250 -999.250 -999.250 -999.250
450.241 438.991 439.473 428.389 422.548 422.294 398.720 369.443 365.877 343.900 324.802 307.386 271.529 249.952 192.101 169.885 153.845 136.775 134.930 130.714 166.124 197.740 240.228 276.984 321.005 366.996 426.375 479.622 559.433 678.693 768.101 831.962 -999.250 -999.250 -999.250 -999.250 -999.250 -999.250 -999.250 -999.250 -999.250 -999.250 -999.250 -999.250 -999.250 -999.250 -999.250 -999.250 -999.250 -999.250 -999.250 -999.250 -999.250 -999.250 -999.250 -999.250 -999.250 -999.250 -999.250 -999.250 -999.250 -999.250 -999.250 -999.250 -999.250
489.915 476.577 469.996 463.053 457.543 452.277 433.139 405.560 371.232 351.497 312.515 293.721 272.951 230.491 197.965 164.862 145.708 140.139 141.665 146.456 166.897 223.643 250.713 308.188 368.853 442.730 483.796 552.935 654.105 729.041 823.531 908.027 -999.250 -999.250 -999.250 -999.250 -999.250 -999.250 -999.250 -999.250 -999.250 -999.250 -999.250 -999.250 -999.250 -999.250 -999.250 -999.250 -999.250 -999.250 -999.250 -999.250 -999.250 -999.250 -999.250 -999.250 -999.250 -999.250 -999.250 -999.250 -999.250 -999.250 -999.250 -999.250 -999.250
525.690 509.360 523.861 510.474 499.017 477.430 447.582 432.190 398.499 366.837 329.583 284.691 272.673 213.916 189.952 156.320 134.062 137.325 138.549 157.432 190.015 252.897 298.583 349.843 426.990 499.250 569.898 625.356 714.582 799.704 875.803 967.937 -999.250 -999.250 -999.250 -999.250 -999.250 -999.250 -999.250 -999.250 -999.250 -999.250 -999.250 -999.250 -999.250 -999.250 -999.250 -999.250 -999.250 -999.250 -999.250 -999.250 -999.250 -999.250 -999.250 -999.250 -999.250 -999.250 -999.250 -999.250 -999.250 -999.250 -999.250 -999.250 -999.250
605.509 584.618 572.393 563.448 561.605 525.788 488.972 442.552 415.853 368.174 336.793 289.123 263.782 224.766 182.956 150.289 143.024 135.366 153.794 178.296 244.453 269.330 335.014 401.346 477.338 600.962 644.032 735.649 820.410 929.549 1001.332 1012.920 1074.552 -999.250 -999.250 -999.250 -999.250 -999.250 -999.250 -999.250 -999.250 -999.250 -999.250 -999.250 -999.250 -999.250 -999.250 -999.250 -999.250 -999.250 -999.250 -999.250 -999.250 -999.250 -999.250 -999.250 -999.250 -999.250 -999.250 -999.250 -999.250 -999.250 -999.250 -999.250 -999.250
642.979 637.594 643.575 643.629 642.115 580.516 531.968 476.664 428.888 387.880 337.395 299.270 266.936 231.670 198.873 159.553 139.363 144.516 167.714 184.763 238.061 293.130 352.348 428.523 517.260 624.341 734.135 809.818 916.968 1008.646 1171.938 1066.667 1197.373 -999.250 -999.250 -999.250 -999.250 -999.250 -999.250 -999.250 -999.250 -999.250 -999.250 -999.250 -999.250 -999.250 -999.250 -999.250 -999.250 -999.250 -999.250 -999.250 -999.250 -999.250 -999.250 -999.250 -999.250 -999.250 -999.250 -999.250 -999.250 -999.250 -999.250 -999.250 -999.250
744.720 725.212 698.658 726.474 723.628 650.251 563.454 495.239 452.069 404.099 345.148 301.073 259.963 217.983 183.899 166.537 157.831 155.735 183.228 220.844 272.455 321.233 383.930 472.064 545.651 670.904 790.654 887.416 983.762 1060.771 1187.484 1151.116 -999.250 -999.250 -999.250 -999.250 -999.250 -999.250 -999.250 -999.250 -999.250 -999.250 -999.250 -999.250 -999.250 -999.250 -999.250 -999.250 -999.250 -999.250 -999.250 -999.250 -999.250 -999.250 -999.250 -999.250 -999.250 -999.250 -999.250 -999.250 -999.250 -999.250 -999.250 -999.250 -999.250
781.884 771.849 759.579 768.712 812.543 720.493 623.016 540.618 480.164 403.338 364.097 317.949 257.174 215.722 179.727 169.186 181.803 165.066 204.260 214.279 287.127 340.296 402.640 497.855 585.430 709.624 820.625 941.819 1104.821 1223.246 1285.257 -999.250 -999.250 -999.250 -999.250 -999.250 -999.250 -999.250 -999.250 -999.250 -999.250 -999.250 -999.250 -999.250 -999.250 -999.250 -999.250 -999.250 -999.250 -999.250 -999.250 -999.250 -999.250 -999.250 -999.250 -999.250 -999.250 -999.250 -999.250 -999.250 -999.250 -999.250 -999.250 -999.250 -999.250
798.942 789.305 780.525 808.115 784.230 717.508 597.160 567.509 494.978 421.489 368.183 326.741 272.266 208.286 178.778 172.314 178.072 183.122 193.217 236.192 296.363 354.224 417.989 505.904 619.110 784.953 850.467 956.561 1206.695 1308.315 1429.962 -999.250 -999.250 -999.250 -999.250 -999.250 -999.250 -999.250 -999.250 -999.250 -999.250 -999.250 -999.250 -999.250 -999.250 -999.250 -999.250 -999.250 -999.250 -999.250 -999.250 -999.250 -999.250 -999.250 -999.250 -999.250 -999.250 -999.250 -999.250 -999.250 -999.250 -999.250 -999.250 -999.250 -999.250
878.031 834.243 838.876 810.954 810.183 734.439 618.287 564.292 497.190 446.897 404.157 325.968 288.287 230.424 190.103 165.165 170.933 159.152 204.389 240.780 290.627 363.905 430.913 569.968 652.831 817.933 952.064 1068.659 1267.227 1431.755 1467.793 -999.250 -999.250 -999.250 -999.250 -999.250 -999.250 -999.250 -999.250 -999.250 -999.250 -999.250 -999.250 -999.250 -999.250 -999.250 -999.250 -999.250 -999.250 -999.250 -999.250 -999.250 -999.250 -999.250 -999.250 -999.250 -999.250 -999.250 -999.250 -999.250 -999.250 -999.250 -999.250 -999.250 -999.250
903.497 913.313 847.710 840.125 811.060 724.774 673.178 583.986 497.622 462.016 400.181 335.746 284.470 248.851 201.549 171.729 152.841 163.749 216.804 244.903 286.914 379.763 473.886 614.035 764.179 879.567 1059.498 1318.774 1496.676 1549.999 1630.996 -999.250 -999.250 -999.250 -999.250 -999.250 -999.250 -999.250 -999.250 -999.250 -999.250 -999.250 -999.250 -999.250 -999.250 -999.250 -999.250 -999.250 -999.250 -999.250 -999.250 -999.250 -999.250 -999.250 -999.250 -999.250 -999.250 -999.250 -999.250 -999.250 -999.250 -999.250 -999.250 -999.250 -999.250
996.164 928.038 901.048 869.264 814.539 764.359 665.343 624.933 515.531 452.053 391.092 342.437 299.652 254.788 205.195 161.552 153.374 167.146 193.890 232.865 299.842 377.371 482.208 598.787 828.429 956.749 1149.595 1383.726 1540.257 1708.326 -999.250 -999.250 -999.250 -999.250 -999.250 -999.250 -999.250 -999.250 -999.250 -999.250 -999.250 -999.250 -999.250 -999.250 -999.250 -999.250 -999.250 -999.250 -999.250 -999.250 -999.250 -999.250 -999.250 -999.250 -999.250 -999.250 -999.250 -999.250 -999.250 -999.250 -999.250 -999.250 -999.250 -999.250 -999.250
