data/medianmodel_16-Jun-2020.asc
ncols	141
nrows	288
xllcorner	-120191.398
yllcorner	-301404.813
cellsize	2000.000
NODATA_value	-999.250
[rows 124 to 154 of 288, columns 0 to 68 of 141]
-999.250 -999.250 -999.250 -999.250 -999.250 -999.250 -999.250 -999.250 -999.250 -999.250 -999.250 -999.250 -999.250 -999.250 -999.250 -999.250 -999.250 -999.250 -999.250 -999.250 -999.250 -999.250 -999.250 -999.250 8.774 2.849 3.307 3.183 3.317 3.995 5.240 6.636 4.939 6.379 8.410 7.607 8.399 16.274 16.180 11.733 10.080 5.055 4.149 0.000 0.000 0.000 0.000 0.000 0.000 0.000 0.000 0.000 0.000 0.000 0.000 0.000 0.000 0.000 0.000 0.562 0.000 6.122 5.474 9.815 7.110 9.406 10.857 17.777 17.767
-999.250 -999.250 -999.250 -999.250 -999.250 -999.250 -999.250 -999.250 -999.250 -999.250 -999.250 -999.250 -999.250 -999.250 -999.250 -999.250 -999.250 -999.250 -999.250 -999.250 -999.250 -999.250 -999.250 -999.250 5.107 4.972 4.834 6.504 3.470 3.142 3.575 5.737 5.677 9.073 8.965 5.963 8.129 15.056 16.255 12.425 8.862 6.531 2.585 1.034 0.000 0.000 0.000 0.000 0.000 0.000 0.000 0.000 0.000 0.000 0.000 0.000 0.000 0.000 0.000 0.000 0.396 5.927 5.856 6.287 9.051 9.151 11.208 15.520 17.560
-999.250 -999.250 -999.250 -999.250 -999.250 -999.250 -999.250 -999.250 -999.250 -999.250 -999.250 -999.250 -999.250 -999.250 -999.250 -999.250 -999.250 -999.250 -999.250 -999.250 -999.250 -999.250 -999.250 6.837 5.219 3.304 5.712 7.324 6.136 4.105 6.384 8.295 7.279 5.940 6.295 9.779 13.629 12.440 7.853 11.005 7.710 8.299 3.335 0.752 0.000 0.000 0.000 0.000 0.000 0.000 0.000 0.000 0.000 0.000 0.000 0.000 0.000 0.000 0.000 0.000 0.000 0.156 1.171 3.436 5.597 9.494 8.700 15.600 12.074
-999.250 -999.250 -999.250 -999.250 -999.250 -999.250 -999.250 -999.250 -999.250 -999.250 -999.250 -999.250 -999.250 -999.250 -999.250 -999.250 -999.250 -999.250 -999.250 -999.250 -999.250 -999.250 -999.250 7.024 7.934 4.338 4.414 5.805 5.720 4.995 6.964 6.779 7.412 7.368 9.537 9.159 10.458 4.786 8.867 7.643 8.594 5.552 3.179 1.686 0.000 0.000 0.000 0.000 0.000 0.000 0.000 0.000 0.000 0.000 0.000 0.000 0.000 0.000 0.000 0.000 0.000 0.000 0.000 4.533 5.037 8.982 7.110 9.682 13.213
-999.250 -999.250 -999.250 -999.250 -999.250 -999.250 -999.250 -999.250 -999.250 -999.250 -999.250 -999.250 -999.250 -999.250 -999.250 -999.250 -999.250 -999.250 -999.250 -999.250 -999.250 -999.250 -999.250 5.296 3.402 5.602 6.675 6.566 6.580 9.543 7.947 5.913 6.257 3.979 5.983 7.395 7.670 6.269 5.051 2.568 5.144 4.433 1.727 0.195 0.000 0.000 0.000 0.000 0.000 0.000 0.000 0.000 0.000 0.000 0.000 0.000 0.000 0.000 0.000 0.000 0.000 0.000 0.000 0.000 0.559 6.904 7.968 10.234 13.128
-999.250 -999.250 -999.250 -999.250 -999.250 -999.250 -999.250 -999.250 -999.250 -999.250 -999.250 -999.250 -999.250 -999.250 -999.250 -999.250 -999.250 -999.250 -999.250 -999.250 -999.250 -999.250 4.953 6.499 3.228 4.133 4.902 5.585 6.210 3.099 4.961 4.533 3.096 4.434 3.896 6.334 5.736 5.011 3.102 3.003 5.169 1.367 2.228 0.000 0.000 0.000 0.000 0.000 0.000 0.000 0.000 0.000 0.000 0.000 0.000 0.000 0.000 0.000 0.000 0.000 0.000 0.000 0.000 0.000 0.900 5.345 6.974 8.033 11.055
-999.250 -999.250 -999.250 -999.250 -999.250 -999.250 -999.250 -999.250 -999.250 -999.250 -999.250 -999.250 -999.250 -999.250 -999.250 -999.250 -999.250 -999.250 -999.250 -999.250 -999.250 -999.250 5.195 4.572 2.420 2.827 3.650 4.879 5.230 2.486 4.657 3.522 3.983 5.945 2.971 0.000 1.351 5.728 2.013 3.571 5.877 0.346 0.000 0.000 0.000 0.000 0.000 0.000 0.000 0.000 0.000 0.000 0.000 0.000 0.000 0.000 0.000 0.000 0.000 0.000 0.000 0.000 0.000 0.464 5.606 4.469 3.718 8.348 12.345
-999.250 -999.250 -999.250 -999.250 -999.250 -999.250 -999.250 -999.250 -999.250 -999.250 -999.250 -999.250 -999.250 -999.250 -999.250 -999.250 -999.250 -999.250 -999.250 -999.250 -999.250 10.910 4.885 3.636 5.194 2.959 3.475 4.115 3.483 6.054 7.185 3.526 2.238 2.754 1.897 0.000 1.194 2.748 1.758 3.868 3.199 0.116 0.000 0.000 0.000 0.000 0.000 0.000 0.000 0.000 0.000 0.000 0.000 0.000 0.000 0.000 0.000 0.000 0.000 0.000 0.000 0.000 0.296 4.158 5.159 8.087 7.986 9.874 12.557
-999.250 -999.250 -999.250 -999.250 -999.250 -999.250 -999.250 -999.250 -999.250 -999.250 -999.250 -999.250 -999.250 -999.250 -999.250 -999.250 -999.250 -999.250 -999.250 -999.250 -999.250 13.137 8.464 6.835 1.848 4.671 6.296 5.111 5.452 3.012 6.901 2.109 3.203 2.862 2.276 0.861 1.123 1.527 1.213 1.173 1.454 1.316 0.000 0.000 0.000 0.000 0.000 0.000 0.000 0.000 0.000 0.000 0.000 0.000 0.000 0.000 0.000 0.000 0.000 0.000 0.000 2.833 3.340 2.689 6.554 8.507 10.975 8.557 12.087
-999.250 -999.250 -999.250 -999.250 -999.250 -999.250 -999.250 -999.250 -999.250 -999.250 -999.250 -999.250 -999.250 -999.250 -999.250 -999.250 -999.250 -999.250 -999.250 -999.250 -999.250 13.097 11.694 12.793 8.866 9.649 6.053 7.231 10.756 8.747 5.227 4.205 4.412 3.905 5.094 0.901 0.613 0.583 0.370 0.000 0.460 0.382 0.000 0.000 0.000 0.000 0.000 0.000 0.000 0.000 0.000 0.000 0.000 0.000 0.000 0.000 0.000 0.000 0.000 0.000 0.000 1.795 2.359 5.100 5.675 9.943 12.146 10.298 9.919
-999.250 -999.250 -999.250 -999.250 -999.250 -999.250 -999.250 -999.250 -999.250 -999.250 -999.250 -999.250 -999.250 -999.250 -999.250 -999.250 -999.250 -999.250 -999.250 -999.250 19.048 13.806 12.001 13.784 13.651 11.109 12.322 13.632 10.061 8.300 4.182 2.086 5.098 3.662 1.988 3.363 1.494 1.639 0.358 0.021 0.000 0.000 0.000 0.000 0.000 0.000 0.000 0.000 0.000 0.000 0.000 0.000 0.000 0.000 0.000 0.000 0.000 0.000 0.000 0.000 2.385 2.704 5.730 3.887 6.960 8.563 10.780 12.497 8.681
-999.250 -999.250 -999.250 -999.250 -999.250 -999.250 -999.250 -999.250 -999.250 -999.250 -999.250 -999.250 -999.250 -999.250 -999.250 -999.250 -999.250 -999.250 -999.250 -999.250 22.874 20.373 11.040 10.881 14.300 11.756 13.156 9.538 9.341 8.242 4.901 3.856 2.702 1.343 2.817 6.920 2.549 1.016 0.000 0.000 0.000 0.000 0.000 0.000 0.000 0.000 0.000 0.000 0.000 0.000 0.000 0.000 0.000 0.000 0.000 0.000 0.000 0.000 0.000 0.000 0.788 3.598 5.081 4.302 6.980 8.389 9.871 8.980 6.080
-999.250 -999.250 -999.250 -999.250 -999.250 -999.250 -999.250 -999.250 -999.250 -999.250 -999.250 -999.250 -999.250 -999.250 -999.250 -999.250 -999.250 -999.250 -999.250 -999.250 20.270 17.399 15.653 14.953 16.992 14.339 8.399 15.175 6.252 3.336 4.215 5.021 3.077 1.702 3.122 5.384 4.380 0.036 0.000 0.000 0.000 0.000 0.000 0.000 0.000 0.000 0.000 0.000 0.000 0.000 0.000 0.000 0.000 0.000 0.000 0.000 0.000 0.000 0.000 0.000 0.000 0.601 5.560 8.644 5.074 8.504 8.874 12.269 11.038
-999.250 -999.250 -999.250 -999.250 -999.250 -999.250 -999.250 -999.250 -999.250 -999.250 -999.250 -999.250 -999.250 -999.250 -999.250 -999.250 -999.250 -999.250 -999.250 -999.250 15.876 19.524 14.524 16.341 21.268 12.397 13.546 10.245 5.429 2.095 6.264 2.772 2.485 0.392 2.833 0.846 2.523 0.000 0.000 0.000 2.271 0.000 0.000 0.000 0.000 0.000 0.000 0.000 0.000 0.000 0.000 0.000 0.000 0.000 0.000 0.000 0.000 0.000 0.000 0.000 0.000 0.820 6.157 8.796 10.627 7.257 8.162 12.432 8.743
-999.250 -999.250 -999.250 -999.250 -999.250 -999.250 -999.250 -999.250 -999.250 -999.250 -999.250 -999.250 -999.250 -999.250 -999.250 -999.250 -999.250 -999.250 -999.250 16.299 17.331 16.838 12.680 18.940 15.507 14.307 17.214 11.146 5.148 3.233 2.336 1.743 4.746 2.010 4.253 1.326 1.765 1.281 0.000 0.000 0.000 0.000 0.000 0.000 0.000 0.000 0.000 0.000 0.000 0.000 0.000 0.000 0.000 0.000 0.000 0.000 0.000 0.000 0.000 0.000 0.000 0.976 8.421 8.938 12.930 8.208 5.413 9.447 12.262
-999.250 -999.250 -999.250 -999.250 -999.250 -999.250 -999.250 -999.250 -999.250 -999.250 -999.250 -999.250 -999.250 -999.250 -999.250 -999.250 -999.250 -999.250 -999.250 10.785 8.196 8.170 12.925 21.477 20.641 20.948 19.277 14.280 10.656 4.490 4.988 4.113 4.927 6.506 2.953 0.664 0.688 1.215 0.000 0.000 0.000 0.000 0.000 0.000 0.000 0.000 0.000 0.000 0.000 0.000 0.000 0.000 0.000 0.000 0.000 0.000 0.000 0.000 0.000 0.000 0.709 2.053 8.477 10.716 9.668 8.325 9.620 8.838 8.828
-999.250 -999.250 -999.250 -999.250 -999.250 -999.250 -999.250 -999.250 -999.250 -999.250 -999.250 -999.250 -999.250 -999.250 -999.250 -999.250 -999.250 -999.250 -999.250 10.111 0.000 1.846 8.435 20.553 18.421 23.773 16.881 13.874 9.723 7.959 8.593 3.127 6.310 3.307 2.541 1.923 1.535 2.099 0.000 0.000 0.000 0.000 0.000 0.000 0.000 0.000 0.000 0.000 0.000 0.000 0.000 0.000 0.000 0.000 0.000 0.000 0.000 0.000 0.000 0.000 0.000 2.605 7.622 12.814 13.790 13.014 11.017 8.953 7.273
-999.250 -999.250 -999.250 -999.250 -999.250 -999.250 -999.250 -999.250 -999.250 -999.250 -999.250 -999.250 -999.250 -999.250 -999.250 -999.250 -999.250 -999.250 -999.250 11.422 6.555 8.697 21.418 31.843 31.391 25.543 19.437 19.549 13.339 11.133 7.909 4.992 4.630 3.840 2.931 4.467 5.942 4.820 0.000 0.000 0.000 0.000 0.000 0.000 0.000 0.000 0.000 0.000 0.000 0.000 0.000 0.000 0.000 0.000 0.000 0.000 0.000 0.000 0.000 0.000 0.000 2.721 8.558 18.431 21.797 22.137 15.213 8.526 7.816
-999.250 -999.250 -999.250 -999.250 -999.250 -999.250 -999.250 -999.250 -999.250 -999.250 -999.250 -999.250 -999.250 -999.250 -999.250 -999.250 -999.250 -999.250 -999.250 16.746 15.563 26.408 50.718 60.035 47.922 38.724 19.809 16.264 18.708 13.022 8.536 6.280 8.677 5.428 3.646 2.950 4.913 4.344 4.204 0.881 0.000 0.000 0.000 0.000 0.000 0.000 0.000 0.000 0.000 0.000 0.000 0.000 0.000 0.000 0.000 0.000 0.000 0.000 0.000 0.000 0.000 4.216 12.425 22.172 47.870 29.844 19.331 12.384 11.557
-999.250 -999.250 -999.250 -999.250 -999.250 -999.250 -999.250 -999.250 -999.250 -999.250 -999.250 -999.250 -999.250 -999.250 -999.250 -999.250 -999.250 -999.250 24.613 22.439 24.764 39.392 61.822 93.362 70.921 41.910 27.396 21.026 20.868 15.401 14.333 13.728 11.351 6.837 5.509 4.289 4.455 5.187 4.935 0.917 0.000 0.463 0.000 0.000 0.000 0.000 0.000 0.000 0.000 0.000 0.000 0.000 0.000 0.000 0.000 0.000 0.000 0.000 0.000 0.000 0.000 3.565 8.333 17.358 32.383 17.571 16.173 12.805 6.933
-999.250 -999.250 -999.250 -999.250 -999.250 -999.250 -999.250 -999.250 -999.250 -999.250 -999.250 -999.250 -999.250 -999.250 -999.250 -999.250 -999.250 30.275 26.816 34.167 36.175 50.431 53.923 76.599 59.392 43.041 25.101 21.801 21.819 22.426 16.106 11.602 8.645 8.564 5.364 3.439 3.857 2.004 4.544 2.216 1.990 1.202 0.000 0.000 0.000 0.000 0.000 0.000 0.000 0.000 0.000 0.000 0.000 0.000 0.000 0.000 0.000 0.000 0.000 0.000 0.000 1.187 6.207 10.190 13.696 12.574 11.928 8.272 9.860
-999.250 -999.250 -999.250 -999.250 -999.250 -999.250 -999.250 -999.250 -999.250 -999.250 -999.250 -999.250 -999.250 -999.250 -999.250 -999.250 -999.250 38.560 31.791 47.629 51.439 50.515 47.280 68.102 64.566 38.242 28.672 19.565 20.746 20.741 13.727 9.098 8.333 9.742 4.219 6.464 5.086 4.025 0.965 2.393 0.378 2.799 0.000 0.000 0.000 0.000 0.000 0.000 0.000 0.000 0.000 0.000 0.000 0.000 0.000 0.000 0.000 0.000 0.000 0.000 0.000 0.586 4.553 6.719 5.462 6.671 6.483 5.280 7.032
-999.250 -999.250 -999.250 -999.250 -999.250 -999.250 -999.250 -999.250 -999.250 -999.250 -999.250 -999.250 -999.250 -999.250 -999.250 45.968 41.781 37.017 33.456 51.281 55.023 62.018 53.765 49.466 47.490 38.227 28.081 17.726 20.032 15.666 12.625 11.355 9.368 11.096 7.719 8.814 8.669 6.094 5.178 3.610 3.589 8.588 1.095 0.000 0.000 0.000 0.000 0.000 0.000 0.000 0.000 0.000 0.000 0.000 0.000 0.000 0.000 0.000 0.000 0.000 0.000 0.824 2.709 6.757 5.406 3.736 1.041 0.319 2.342
-999.250 -999.250 -999.250 -999.250 -999.250 -999.250 -999.250 -999.250 -999.250 -999.250 -999.250 -999.250 -999.250 -999.250 47.035 65.314 46.392 43.461 28.434 46.863 54.517 56.204 57.818 54.234 42.355 36.101 25.164 21.325 18.676 18.810 14.020 15.354 9.985 12.881 13.296 11.749 10.939 8.927 8.193 4.003 3.312 1.160 0.891 1.829 4.353 3.353 0.000 0.000 0.000 0.000 0.000 0.000 0.000 0.000 0.000 0.000 0.000 0.000 0.000 0.000 0.000 0.414 1.657 2.604 2.229 2.503 0.000 0.245 0.000
-999.250 -999.250 -999.250 -999.250 -999.250 -999.250 -999.250 -999.250 -999.250 -999.250 -999.250 -999.250 -999.250 -999.250 43.071 61.289 40.184 36.368 53.201 55.260 61.874 58.894 57.035 48.217 44.224 39.037 36.133 24.344 20.811 25.518 19.142 15.194 9.686 25.166 13.775 17.432 14.692 23.421 11.114 6.898 1.576 0.000 0.195 3.093 10.418 13.916 1.893 0.000 0.000 0.000 0.000 0.000 0.000 0.000 0.000 0.000 0.000 0.000 0.000 0.000 0.000 0.000 0.790 0.564 3.155 0.000 0.000 0.000 0.000
-999.250 -999.250 -999.250 -999.250 -999.250 -999.250 -999.250 -999.250 -999.250 -999.250 -999.250 -999.250 -999.250 55.086 38.700 42.844 44.425 58.335 57.409 49.763 59.867 51.204 56.968 43.075 27.703 23.934 31.199 21.402 26.953 26.251 19.303 16.311 13.791 8.229 14.222 11.661 12.105 12.624 8.382 8.350 5.194 0.000 0.000 3.064 8.004 3.097 0.000 0.000 0.000 0.000 0.000 0.000 0.000 0.000 0.000 0.000 0.000 0.000 0.000 0.000 0.000 0.000 0.000 2.421 1.163 0.000 0.000 0.000 0.000
-999.250 -999.250 -999.250 -999.250 -999.250 -999.250 -999.250 -999.250 -999.250 -999.250 -999.250 -999.250 51.117 41.775 56.611 55.845 45.529 76.827 59.069 53.833 47.421 40.026 47.856 44.800 31.342 28.712 28.056 27.433 20.843 21.838 16.171 16.868 13.807 12.507 10.363 12.490 7.575 10.048 8.991 5.616 7.599 1.927 0.000 0.000 0.000 0.000 0.000 0.000 0.000 0.000 0.000 0.000 0.000 0.000 0.000 0.000 0.000 0.000 0.000 0.000 0.000 0.000 0.000 2.706 0.234 0.000 0.000 0.000 0.000
-999.250 -999.250 -999.250 -999.250 -999.250 -999.250 -999.250 -999.250 -999.250 -999.250 -999.250 51.196 35.609 67.918 61.666 64.291 66.009 69.230 65.243 60.645 64.845 46.994 41.533 52.646 34.603 27.875 28.704 42.713 23.200 21.655 14.521 20.447 16.065 16.684 9.665 10.861 5.871 8.066 9.566 8.681 4.568 2.380 0.000 0.000 0.000 0.000 0.000 0.000 0.000 0.000 0.000 0.000 0.000 0.000 0.000 0.000 0.000 0.000 0.000 0.000 0.000 0.000 0.000 0.000 0.000 0.000 0.000 0.000 0.800
-999.250 -999.250 -999.250 -999.250 -999.250 -999.250 -999.250 -999.250 -999.250 -999.250 55.173 47.055 56.384 68.692 79.851 85.669 72.602 74.800 77.123 68.896 58.555 56.676 46.841 45.127 37.061 22.669 24.995 19.903 27.656 21.117 14.692 12.730 15.852 14.562 14.320 12.548 9.382 8.465 8.469 6.524 4.332 0.000 0.000 0.000 0.000 0.000 0.000 0.000 0.000 0.000 0.000 0.000 0.000 0.000 0.000 0.000 0.000 0.000 0.000 0.000 0.000 0.000 0.000 0.000 0.000 0.000 0.000 0.000 0.000
-999.250 -999.250 -999.250 -999.250 -999.250 -999.250 -999.250 -999.250 -999.250 40.251 51.422 52.879 62.854 63.154 84.111 92.827 86.721 64.924 79.633 80.906 75.799 57.592 43.997 40.949 24.835 20.327 23.565 19.563 23.932 18.837 13.684 16.546 15.230 12.822 15.839 10.137 8.370 7.942 6.783 5.902 5.006 2.671 0.000 0.000 0.000 0.000 0.000 0.000 0.000 0.000 0.000 0.000 0.000 0.000 0.000 0.000 0.000 0.000 0.000 0.000 0.000 0.000 0.000 0.000 0.000 0.000 0.000 0.000 0.000
-999.250 -999.250 -999.250 -999.250 -999.250 54.277 60.375 57.199 50.442 57.009 51.798 60.262 64.072 52.132 63.777 79.265 86.043 62.309 67.245 63.045 56.059 55.969 42.918 37.536 20.278 16.800 16.704 15.258 19.090 19.563 18.748 17.325 21.398 15.382 19.032 13.974 12.006 9.264 6.536 7.547 4.078 3.161 0.889 0.000 0.000 0.000 0.000 0.000 0.000 0.000 0.000 0.000 0.000 0.000 0.000 0.000 0.000 0.000 0.000 0.000 0.000 0.000 0.000 0.000 0.000 0.000 0.000 0.000 0.412
