data/medianmodel_14-Sep-2020.asc
ncols	141
nrows	288
xllcorner	-120191.398
yllcorner	-301404.813
cellsize	2000.000
NODATA_value	-999.250
[rows 180 to 209 of 288, columns 0 to 68 of 141]
-999.250 -999.250 -999.250 67.708 74.645 88.447 94.999 91.717 96.141 91.734 96.399 92.701 93.037 93.276 100.282 98.365 100.747 102.227 106.995 101.665 100.767 85.074 80.572 75.973 68.161 72.257 61.290 57.862 52.701 42.317 39.634 35.575 30.851 30.225 29.652 29.200 26.791 30.592 29.079 27.603 29.280 31.998 38.100 42.402 46.357 45.114 44.044 40.813 40.690 41.493 38.797 36.993 36.814 32.775 29.803 28.506 25.106 21.745 23.529 17.269 18.390 13.005 12.314 10.770 9.919 10.934 8.653 9.329 12.164
-999.250 -999.250 -999.250 72.969 85.000 94.917 98.084 104.363 98.771 95.491 92.326 98.166 97.151 93.509 102.774 103.232 103.807 96.899 106.263 101.111 88.759 78.978 80.199 73.429 77.930 64.952 59.631 53.121 51.335 45.582 42.755 39.240 35.735 34.655 29.687 29.834 27.742 29.897 29.691 30.156 29.993 37.123 38.394 40.517 46.473 46.446 45.512 39.220 38.454 43.014 41.438 37.432 33.134 33.073 28.074 28.928 26.255 22.558 23.358 21.867 17.313 12.391 13.163 10.111 8.908 12.628 12.180 12.224 11.822
-999.250 -999.250 73.656 82.871 92.236 94.758 97.903 100.029 105.032 102.539 96.110 92.638 99.178 104.099 103.572 107.234 106.907 97.771 96.106 97.193 95.329 77.731 78.413 74.456 69.949 63.576 59.361 54.180 50.163 45.322 45.039 40.893 33.175 32.035 31.546 29.008 27.960 29.268 27.195 30.073 33.437 37.786 36.678 38.539 41.288 43.502 43.164 40.198 41.985 41.687 38.607 41.164 33.795 33.891 32.183 26.031 26.315 24.326 24.012 23.077 19.381 16.963 14.022 12.571 11.491 12.309 12.808 15.420 14.381
-999.250 -999.250 72.854 93.511 86.610 89.827 94.775 99.787 108.814 112.283 105.912 104.158 102.112 103.286 104.870 105.716 106.070 101.846 95.626 91.474 -999.250 76.969 71.329 71.249 65.444 68.689 58.545 54.928 53.265 49.016 45.238 36.756 36.004 33.452 27.737 26.597 28.748 29.598 30.087 32.382 32.740 40.173 36.434 36.649 38.346 38.120 41.663 42.271 39.181 40.089 40.578 37.400 37.162 33.795 32.137 27.947 25.943 24.847 20.977 22.331 18.771 17.993 13.722 14.350 15.324 15.379 13.332 15.745 14.879
-999.250 66.582 69.397 78.345 85.323 89.061 88.856 100.039 108.774 108.908 110.607 109.355 106.135 103.810 103.925 107.205 123.545 106.108 97.193 -999.250 -999.250 74.250 66.254 65.499 63.251 63.485 61.019 53.400 52.598 47.022 44.691 40.866 36.712 30.709 30.468 26.846 26.050 28.141 28.881 28.231 36.639 38.028 36.650 40.300 35.028 34.632 39.766 40.934 39.320 41.562 40.099 37.176 41.046 34.773 34.642 32.040 29.124 27.370 22.185 26.346 23.191 17.711 17.009 15.558 17.975 17.077 16.213 19.835 19.331
-999.250 64.805 66.364 71.511 90.117 89.141 97.872 105.296 116.941 123.527 118.454 114.927 117.034 106.426 113.739 104.637 113.575 102.123 -999.250 -999.250 -999.250 -999.250 62.894 63.146 59.525 58.693 56.751 55.531 52.409 45.746 42.612 38.126 35.170 33.210 32.092 28.896 28.379 26.655 29.964 31.217 30.634 34.947 31.340 35.870 33.747 33.274 34.356 35.989 38.775 39.377 37.796 38.116 41.223 37.577 38.904 38.242 33.081 32.451 29.689 28.827 28.131 23.054 23.382 22.321 17.713 19.992 20.265 23.065 28.050
53.840 65.689 67.926 77.446 89.295 98.350 105.381 102.675 115.363 137.199 129.311 143.128 147.147 116.734 110.272 111.425 105.072 94.048 -999.250 -999.250 -999.250 -999.250 -999.250 56.193 54.092 61.470 56.695 58.031 52.029 49.247 49.063 41.809 37.731 35.735 33.384 30.145 27.920 28.773 28.152 28.428 31.023 29.962 32.572 29.688 31.274 29.765 32.826 32.079 34.178 39.431 36.979 37.201 40.635 39.856 36.846 38.126 39.204 35.963 31.890 29.814 31.067 26.342 27.751 25.207 24.411 23.581 23.111 24.774 29.641
-999.250 62.354 70.895 75.832 90.366 99.698 97.866 105.455 124.738 130.622 129.887 145.046 169.468 132.864 112.561 108.067 103.953 91.400 -999.250 -999.250 -999.250 -999.250 53.092 53.289 56.321 53.869 62.565 56.938 55.169 54.278 47.630 40.320 37.308 36.990 31.377 35.523 30.493 26.423 26.795 27.644 26.733 27.710 27.121 28.765 34.355 31.158 27.247 29.310 30.795 34.593 36.207 38.571 39.945 45.658 44.375 41.957 41.820 41.971 37.238 36.149 34.649 30.053 28.834 30.215 29.692 28.868 29.262 32.904 33.112
-999.250 59.868 66.991 69.116 82.079 91.892 97.643 96.286 110.216 118.946 129.972 155.500 162.381 132.147 118.041 118.544 101.776 92.105 -999.250 -999.250 -999.250 61.070 -999.250 50.642 51.907 56.768 58.337 60.200 63.825 58.681 48.765 41.086 37.775 32.207 31.081 31.724 28.175 24.456 24.706 23.683 21.589 21.899 23.498 27.116 25.398 28.088 23.825 22.470 27.263 27.178 32.235 37.610 38.878 38.959 44.774 45.388 40.488 45.017 45.023 41.968 40.630 33.036 33.255 37.448 37.829 36.077 35.154 36.354 40.927
-999.250 56.661 65.663 68.819 73.657 80.913 89.288 91.947 102.223 113.970 125.602 138.253 126.371 121.789 113.061 103.602 93.375 -999.250 -999.250 -999.250 -999.250 53.262 41.703 44.585 48.770 52.867 58.933 65.334 69.201 58.195 49.414 40.013 35.196 32.511 29.688 28.733 27.566 23.709 21.419 17.275 18.835 16.019 18.999 21.090 18.501 20.279 23.538 26.379 25.913 28.412 29.927 34.706 38.364 44.162 47.812 51.665 52.250 51.842 52.909 46.996 47.005 43.237 39.481 41.817 43.702 42.721 43.955 46.048 51.652
-999.250 55.649 63.197 71.626 70.155 72.118 76.150 84.550 93.942 98.864 112.055 126.263 120.222 103.662 96.997 93.402 82.066 -999.250 -999.250 -999.250 54.651 45.142 36.450 37.906 46.481 51.480 55.730 64.740 75.807 62.274 51.810 43.389 35.767 31.304 27.487 25.408 26.438 22.028 18.547 15.444 13.943 15.290 18.290 16.368 15.148 14.455 18.899 20.825 21.534 26.250 29.841 37.303 42.612 46.365 50.646 54.624 62.387 55.073 56.048 51.716 54.572 49.865 46.260 51.558 51.274 53.916 52.671 55.534 58.380
-999.250 -999.250 -999.250 62.506 -999.250 -999.250 71.667 73.925 85.673 -999.250 -999.250 -999.250 101.031 96.734 -999.250 -999.250 -999.250 -999.250 -999.250 -999.250 55.654 45.401 41.966 38.124 39.099 46.992 50.859 59.889 61.649 57.924 46.024 42.789 36.404 30.398 25.086 23.947 22.290 19.376 17.449 13.235 11.015 9.023 10.929 10.446 12.594 11.981 15.774 18.929 25.759 28.841 33.052 34.064 42.233 46.855 51.266 57.700 60.305 64.504 60.427 57.198 57.385 62.262 60.151 57.820 57.279 63.772 64.869 60.858 64.342
-999.250 -999.250 -999.250 -999.250 -999.250 -999.250 -999.250 -999.250 -999.250 -999.250 -999.250 -999.250 -999.250 77.181 69.629 66.751 -999.250 -999.250 -999.250 64.292 58.958 50.358 45.316 43.563 42.130 42.940 48.305 46.172 49.314 44.958 39.507 36.174 26.994 24.652 22.842 19.720 19.420 16.141 15.460 11.729 9.184 7.123 8.309 8.957 8.342 8.885 11.293 15.940 24.121 27.164 32.627 33.074 41.064 46.851 55.944 63.439 70.799 67.898 59.300 60.594 64.351 60.323 65.248 62.573 69.378 67.956 68.068 74.615 68.184
-999.250 -999.250 -999.250 -999.250 -999.250 -999.250 -999.250 -999.250 -999.250 -999.250 -999.250 68.893 64.544 60.829 58.430 54.425 -999.250 -999.250 63.008 65.206 61.237 56.349 50.877 49.864 45.739 40.504 40.173 37.469 39.267 36.926 32.624 29.174 24.415 17.557 17.769 17.156 15.622 14.563 12.662 10.023 9.331 7.194 5.579 5.322 6.224 7.632 9.463 14.523 19.187 25.543 27.154 31.875 38.473 44.643 53.923 64.000 76.692 69.206 62.808 62.302 66.633 73.242 69.587 66.979 74.179 73.332 72.515 84.801 84.511
-999.250 -999.250 -999.250 -999.250 -999.250 -999.250 -999.250 -999.250 -999.250 -999.250 -999.250 54.261 58.737 53.917 53.596 51.038 57.834 56.164 59.398 61.491 62.926 65.210 56.922 52.203 45.563 40.273 35.787 34.844 31.989 29.843 30.558 25.289 24.292 20.378 17.124 16.864 15.899 13.280 12.572 8.386 6.854 4.121 1.931 3.223 5.354 8.310 8.638 13.174 17.429 22.106 25.622 26.844 37.058 43.334 48.502 64.825 66.602 64.766 62.319 65.752 73.244 77.811 75.750 77.006 73.805 79.233 88.409 96.941 91.686
-999.250 -999.250 -999.250 -999.250 -999.250 -999.250 -999.250 -999.250 -999.250 -999.250 -999.250 -999.250 44.382 45.580 50.873 49.195 57.227 57.397 59.539 57.203 62.390 61.312 56.768 50.653 45.298 35.386 34.463 33.209 31.371 28.700 27.717 26.132 26.511 24.995 18.462 15.077 13.800 12.177 9.092 6.552 5.649 3.840 2.795 2.843 4.723 6.166 9.458 11.673 16.644 21.712 26.039 31.172 33.807 39.910 51.432 56.684 60.118 60.066 61.072 67.958 66.829 71.952 77.212 72.066 76.659 81.877 93.895 98.857 93.873
-999.250 -999.250 -999.250 -999.250 -999.250 -999.250 -999.250 -999.250 -999.250 -999.250 -999.250 -999.250 -999.250 44.691 44.333 51.071 52.531 56.753 54.764 58.600 55.814 56.632 51.425 44.139 40.330 34.168 34.201 33.852 33.469 32.077 28.119 26.183 25.088 23.072 17.650 15.260 13.633 13.724 9.669 8.521 4.244 3.495 1.449 2.172 5.762 7.774 8.822 11.803 13.618 17.235 21.918 25.018 30.121 39.366 45.928 51.339 54.264 59.266 60.072 66.907 70.656 72.807 71.992 81.585 91.842 92.993 94.987 100.921 104.926
-999.250 -999.250 -999.250 -999.250 -999.250 -999.250 -999.250 -999.250 -999.250 -999.250 -999.250 -999.250 -999.250 41.218 41.385 49.072 49.625 55.315 58.056 52.841 51.993 51.476 45.084 41.626 41.645 38.002 36.803 36.049 33.629 30.429 32.068 26.002 22.730 19.495 17.997 16.842 13.989 11.554 9.407 8.143 5.505 6.754 5.437 3.236 6.161 6.133 9.382 9.661 14.514 15.926 19.568 25.407 28.943 38.726 44.933 48.670 51.025 57.290 61.023 65.014 66.145 68.502 73.956 79.768 92.123 99.385 100.543 100.458 107.994
-999.250 -999.250 -999.250 -999.250 -999.250 -999.250 -999.250 -999.250 -999.250 -999.250 -999.250 -999.250 -999.250 41.761 43.555 48.697 51.622 55.826 56.961 57.844 58.591 56.173 46.920 39.829 40.203 41.611 41.979 36.215 37.233 31.841 31.224 28.084 22.227 19.451 18.412 14.397 11.948 11.592 9.221 9.360 4.906 8.550 0.950 2.784 4.324 6.623 7.716 10.409 10.036 11.484 17.828 24.997 28.255 34.020 42.894 47.164 50.905 52.833 55.616 62.326 63.963 65.694 76.129 80.406 91.558 95.149 103.441 103.536 113.542
-999.250 -999.250 -999.250 -999.250 -999.250 -999.250 -999.250 -999.250 -999.250 -999.250 -999.250 -999.250 -999.250 -999.250 43.793 47.955 52.755 58.618 63.635 60.596 55.422 55.240 51.499 41.073 44.648 44.532 46.435 44.885 44.385 39.828 36.349 30.199 29.645 25.229 21.648 17.990 13.805 12.088 10.260 6.915 6.246 5.835 3.111 3.428 4.679 4.121 5.426 8.537 10.801 13.398 14.757 20.372 27.185 28.504 38.240 38.106 47.497 47.154 53.383 54.837 62.559 75.958 77.407 80.099 84.184 96.742 98.860 100.729 104.718
-999.250 -999.250 -999.250 -999.250 -999.250 -999.250 -999.250 -999.250 -999.250 -999.250 -999.250 -999.250 -999.250 -999.250 44.498 51.298 52.107 57.874 58.675 57.809 54.426 55.553 45.914 46.492 44.508 43.422 46.550 48.738 52.985 43.847 39.194 31.213 26.499 25.007 23.643 17.732 14.898 12.421 10.892 8.784 5.042 2.284 1.389 1.223 2.750 3.479 3.786 9.610 9.241 12.166 14.492 18.164 22.816 28.444 30.999 35.781 40.475 41.268 44.411 50.781 60.457 64.410 66.793 71.911 86.227 90.892 91.355 88.504 99.768
-999.250 -999.250 -999.250 -999.250 -999.250 -999.250 -999.250 -999.250 -999.250 -999.250 -999.250 -999.250 -999.250 -999.250 45.662 49.273 53.154 54.925 57.910 58.795 57.289 58.007 54.695 49.587 45.945 48.128 45.767 52.146 48.478 42.740 37.113 36.483 29.870 26.809 24.709 19.284 13.169 10.351 9.385 9.699 6.274 3.683 0.751 0.249 1.556 2.089 3.236 7.693 10.646 8.676 13.279 16.263 20.044 25.458 29.254 30.497 35.768 40.948 43.890 47.136 49.880 63.771 63.118 64.358 76.786 84.199 97.414 94.241 93.174
-999.250 -999.250 -999.250 -999.250 -999.250 -999.250 -999.250 -999.250 -999.250 -999.250 -999.250 -999.250 -999.250 -999.250 45.190 46.941 51.887 53.653 60.355 54.209 56.596 55.864 52.713 46.001 47.644 -999.250 49.087 47.167 48.435 42.418 36.580 34.538 29.324 27.504 21.078 17.178 15.670 12.908 11.416 8.286 7.543 4.806 1.819 0.000 0.000 2.064 5.473 8.036 7.928 7.441 9.591 12.085 15.006 17.728 23.327 28.519 33.052 33.992 42.156 40.947 48.541 54.189 63.040 64.224 70.234 77.642 84.131 79.898 71.829
-999.250 -999.250 -999.250 -999.250 -999.250 -999.250 -999.250 -999.250 -999.250 -999.250 -999.250 -999.250 -999.250 -999.250 48.044 46.251 52.930 53.423 57.807 55.492 51.849 52.794 52.348 -999.250 -999.250 -999.250 48.852 51.222 46.166 41.156 36.597 28.526 28.951 29.499 24.253 19.440 15.494 13.786 9.842 9.044 5.718 7.352 3.693 0.000 0.000 0.000 2.125 6.150 4.061 3.435 8.118 11.575 11.201 17.069 21.928 24.557 28.535 32.651 33.188 41.175 45.010 54.260 55.666 61.904 61.421 68.908 70.586 63.300 64.207
-999.250 -999.250 -999.250 -999.250 -999.250 -999.250 -999.250 -999.250 -999.250 -999.250 -999.250 -999.250 -999.250 40.423 42.537 47.288 53.342 53.096 49.852 51.472 54.471 50.709 -999.250 -999.250 -999.250 -999.250 -999.250 48.467 48.281 44.534 35.666 31.725 28.521 27.249 25.039 23.380 13.975 14.299 9.641 9.388 6.911 7.077 2.822 0.000 0.000 0.000 1.377 1.949 0.000 2.455 4.624 7.362 11.037 12.265 12.726 21.335 22.174 27.387 26.922 31.188 41.518 41.324 46.516 52.980 60.889 58.477 60.270 53.603 53.634
-999.250 -999.250 -999.250 -999.250 -999.250 -999.250 -999.250 -999.250 -999.250 -999.250 -999.250 -999.250 -999.250 41.475 44.331 44.574 47.780 48.297 52.047 49.537 -999.250 -999.250 -999.250 -999.250 -999.250 -999.250 -999.250 -999.250 43.607 41.218 36.630 33.066 27.302 26.536 22.739 21.625 15.648 14.573 11.916 8.342 5.613 6.322 3.036 0.000 0.655 1.596 1.326 2.752 0.306 1.056 2.613 4.882 8.085 9.103 10.400 14.410 16.600 21.149 22.731 26.401 29.875 32.109 36.776 45.429 50.924 46.894 51.127 48.133 48.154
-999.250 -999.250 -999.250 -999.250 -999.250 -999.250 -999.250 -999.250 -999.250 -999.250 -999.250 -999.250 37.333 44.882 -999.250 -999.250 -999.250 -999.250 -999.250 -999.250 -999.250 -999.250 -999.250 -999.250 -999.250 -999.250 -999.250 -999.250 -999.250 39.564 36.954 33.663 29.083 22.560 25.133 22.477 22.304 15.472 15.400 10.108 7.784 5.299 4.703 2.844 0.084 0.000 0.000 0.581 0.789 0.351 0.000 5.256 7.991 9.715 8.427 11.765 12.714 14.804 15.522 16.899 22.249 26.718 29.063 35.944 39.538 37.853 36.242 37.539 41.186
-999.250 -999.250 -999.250 -999.250 -999.250 -999.250 -999.250 -999.250 -999.250 -999.250 -999.250 -999.250 -999.250 -999.250 -999.250 -999.250 -999.250 -999.250 -999.250 -999.250 -999.250 -999.250 -999.250 -999.250 -999.250 -999.250 -999.250 -999.250 -999.250 -999.250 39.867 34.557 29.731 25.530 25.950 22.428 19.748 18.931 14.601 12.908 8.670 5.040 6.019 2.927 0.346 0.000 1.375 0.000 0.000 0.441 2.177 4.714 3.611 6.131 7.468 8.221 9.380 10.580 12.869 13.647 14.819 18.660 22.931 26.513 28.946 29.316 31.927 27.041 29.208
-999.250 -999.250 -999.250 -999.250 -999.250 -999.250 -999.250 -999.250 -999.250 -999.250 -999.250 -999.250 -999.250 -999.250 -999.250 -999.250 -999.250 -999.250 -999.250 -999.250 -999.250 -999.250 -999.250 -999.250 -999.250 -999.250 -999.250 -999.250 -999.250 -999.250 39.014 32.746 30.120 26.516 29.094 29.257 21.832 18.953 14.251 10.524 8.433 6.165 5.262 2.795 2.583 1.390 0.185 0.000 0.000 0.896 2.800 1.353 1.419 3.479 3.944 7.432 7.540 8.858 10.549 10.356 12.621 12.058 14.562 16.485 20.696 19.407 26.026 22.251 24.482
-999.250 -999.250 -999.250 -999.250 -999.250 -999.250 -999.250 -999.250 -999.250 -999.250 -999.250 -999.250 -999.250 -999.250 -999.250 -999.250 -999.250 -999.250 -999.250 -999.250 -999.250 -999.250 -999.250 -999.250 -999.250 -999.250 -999.250 -999.250 -999.250 -999.250 37.700 34.172 30.887 31.719 28.185 28.293 22.441 18.656 17.099 12.665 10.891 7.390 6.686 4.442 3.057 2.453 2.364 2.617 0.253 0.200 2.374 0.000 0.117 0.016 2.268 1.879 3.871 6.535 6.448 8.564 10.934 10.664 9.643 12.565 10.504 13.163 16.610 14.348 14.305
