data/medianmodel_06-Dec-2020.asc
ncols	141
nrows	288
xllcorner	-120191.398
yllcorner	-301404.813
cellsize	2000.000
NODATA_value	-999.250
[rows 145 to 173 of 288, columns 64 to 127 of 141]
622.291 721.680 813.392 937.333 1172.772 1224.695 1283.134 1278.341 1290.852 1252.765 1267.824 1283.435 1221.050 1243.882 1247.869 1320.302 1325.356 1270.417 1223.257 1203.936 918.575 840.117 767.974 703.473 660.622 628.287 609.670 -999.250 -999.250 -999.250 -999.250 -999.250 -999.250 -999.250 -999.250 -999.250 -999.250 -999.250 -999.250 -999.250 -999.250 -999.250 -999.250 -999.250 -999.250 -999.250 -999.250 -999.250 -999.250 -999.250 -999.250 -999.250 -999.250 -999.250 -999.250 -999.250 -999.250 -999.250 -999.250 -999.250 -999.250 -999.250 -999.250 -999.250
677.285 788.882 910.309 1112.479 1261.066 1365.380 1384.081 1363.163 1364.677 1371.721 1343.405 1319.494 1269.912 1350.740 1343.875 1344.627 1370.204 1324.945 1282.847 1224.545 1081.444 965.820 813.989 683.006 659.624 635.754 634.078 652.727 -999.250 -999.250 -999.250 -999.250 -999.250 -999.250 -999.250 -999.250 -999.250 -999.250 -999.250 -999.250 -999.250 -999.250 -999.250 -999.250 -999.250 -999.250 -999.250 -999.250 -999.250 -999.250 -999.250 -999.250 -999.250 -999.250 -999.250 -999.250 -999.250 -999.250 -999.250 -999.250 -999.250 -999.250 -999.250 -999.250
744.414 917.787 1138.196 1216.127 1365.446 1446.603 1469.190 1437.461 1419.442 1417.387 1399.434 1374.653 1392.132 1396.509 1404.202 1415.556 1388.277 1376.881 1289.882 1132.624 1065.314 942.214 909.525 764.111 657.992 611.556 626.053 703.543 -999.250 -999.250 -999.250 -999.250 -999.250 -999.250 -999.250 -999.250 -999.250 -999.250 -999.250 -999.250 -999.250 -999.250 -999.250 -999.250 -999.250 -999.250 -999.250 -999.250 -999.250 -999.250 -999.250 -999.250 -999.250 -999.250 -999.250 -999.250 -999.250 -999.250 -999.250 -999.250 -999.250 -999.250 -999.250 -999.250
807.585 945.394 1129.255 1295.730 1444.523 1593.626 1523.452 1474.731 1469.111 1450.322 1457.935 1450.635 1401.394 1435.912 1436.955 1415.550 1402.859 1389.928 1321.613 1276.402 1124.138 1073.352 969.611 832.683 716.934 676.881 582.391 812.637 995.770 1135.531 1244.552 -999.250 -999.250 -999.250 -999.250 -999.250 -999.250 -999.250 -999.250 -999.250 -999.250 -999.250 -999.250 -999.250 -999.250 -999.250 -999.250 -999.250 -999.250 -999.250 -999.250 -999.250 -999.250 -999.250 -999.250 -999.250 -999.250 -999.250 -999.250 -999.250 -999.250 -999.250 -999.250 -999.250
878.141 1019.562 1220.856 1360.124 1422.582 1502.052 1525.302 1462.899 1494.753 1526.799 1495.600 1468.974 1461.995 1487.288 1433.668 1410.232 1431.041 1403.571 1342.086 1223.338 1227.823 1114.739 1001.334 961.893 895.106 818.221 885.374 1093.117 1261.871 1362.845 1408.527 1413.627 -999.250 -999.250 -999.250 -999.250 -999.250 -999.250 -999.250 -999.250 -999.250 -999.250 -999.250 -999.250 -999.250 -999.250 -999.250 -999.250 -999.250 -999.250 -999.250 -999.250 -999.250 -999.250 -999.250 -999.250 -999.250 -999.250 -999.250 -999.250 -999.250 -999.250 -999.250 -999.250
820.585 1057.684 1242.057 1356.053 1430.540 1459.472 1510.376 1507.685 1475.277 1446.289 1460.925 1442.391 1449.920 1446.402 1419.363 1377.482 1367.417 1402.467 1358.743 1315.019 1279.983 1228.577 1195.529 1122.782 1121.588 1106.667 1264.020 1332.047 1438.665 1520.556 1509.321 -999.250 -999.250 -999.250 -999.250 -999.250 -999.250 -999.250 -999.250 -999.250 -999.250 -999.250 -999.250 -999.250 -999.250 -999.250 -999.250 -999.250 -999.250 -999.250 -999.250 -999.250 -999.250 -999.250 -999.250 -999.250 -999.250 -999.250 -999.250 -999.250 -999.250 -999.250 -999.250 -999.250
822.538 1000.583 1175.594 1358.845 1368.064 1439.464 1428.226 1436.398 1444.828 1460.853 1410.616 1409.910 1450.259 1409.074 1431.093 1425.718 1426.383 1428.462 1427.340 1389.683 1342.586 1276.230 1300.053 1336.114 1358.863 1396.504 1438.282 1493.839 1608.267 1744.315 1691.730 -999.250 -999.250 -999.250 -999.250 -999.250 -999.250 -999.250 -999.250 -999.250 -999.250 -999.250 -999.250 -999.250 -999.250 -999.250 -999.250 -999.250 -999.250 -999.250 -999.250 -999.250 -999.250 -999.250 -999.250 -999.250 -999.250 -999.250 -999.250 -999.250 -999.250 -999.250 -999.250 -999.250
744.315 898.883 1125.178 1253.017 1305.076 1322.923 1355.083 1409.037 1384.577 1354.111 1377.437 1426.371 1414.217 1430.112 1407.311 1422.412 1438.227 1438.884 1419.754 1390.723 1360.481 1384.609 1329.867 1395.397 1446.248 1506.603 1578.002 1788.061 1829.988 1951.171 1904.008 -999.250 -999.250 -999.250 -999.250 -999.250 -999.250 -999.250 -999.250 -999.250 -999.250 -999.250 -999.250 -999.250 -999.250 -999.250 -999.250 -999.250 -999.250 -999.250 -999.250 -999.250 -999.250 -999.250 -999.250 -999.250 -999.250 -999.250 -999.250 -999.250 -999.250 -999.250 -999.250 -999.250
717.507 845.552 1040.087 1099.918 1265.430 1300.228 1296.054 1328.016 1307.539 1312.762 1325.745 1394.407 1378.724 1373.526 1430.519 1420.050 1455.524 1445.753 1451.286 1446.454 1401.032 1401.156 1422.158 1438.847 1526.095 1641.225 1840.161 1939.194 2036.466 2020.800 1962.688 -999.250 -999.250 -999.250 -999.250 -999.250 -999.250 -999.250 -999.250 -999.250 -999.250 -999.250 -999.250 -999.250 -999.250 -999.250 -999.250 -999.250 -999.250 -999.250 -999.250 -999.250 -999.250 -999.250 -999.250 -999.250 -999.250 -999.250 -999.250 -999.250 -999.250 -999.250 -999.250 -999.250
664.439 765.738 927.948 1031.219 1062.128 1055.953 1198.522 1161.708 1239.373 1212.696 1294.231 1282.331 1315.156 1337.771 1368.484 1349.001 1443.136 1456.038 1450.156 1447.304 1434.879 1467.764 1465.421 1478.541 1523.525 1623.649 1835.329 1993.516 2129.784 2071.903 1987.436 -999.250 -999.250 -999.250 -999.250 -999.250 -999.250 -999.250 -999.250 -999.250 -999.250 -999.250 -999.250 -999.250 -999.250 -999.250 -999.250 -999.250 -999.250 -999.250 -999.250 -999.250 -999.250 -999.250 -999.250 -999.250 -999.250 -999.250 -999.250 -999.250 -999.250 -999.250 -999.250 -999.250
567.728 653.832 760.868 823.622 883.544 1014.730 1084.334 1075.827 1134.859 1186.444 1152.012 1230.237 1277.465 1264.040 1331.563 1345.534 1372.150 1429.122 1466.235 1439.582 1443.946 1441.898 1442.153 1467.060 1496.229 1573.676 1723.526 1909.701 1982.533 1980.828 1918.966 -999.250 -999.250 -999.250 -999.250 -999.250 -999.250 -999.250 -999.250 -999.250 -999.250 -999.250 -999.250 -999.250 -999.250 -999.250 -999.250 -999.250 -999.250 -999.250 -999.250 -999.250 -999.250 -999.250 -999.250 -999.250 -999.250 -999.250 -999.250 -999.250 -999.250 -999.250 -999.250 -999.250
468.211 525.906 621.823 670.927 774.361 813.036 900.971 924.148 964.260 1061.602 1054.625 1178.692 1215.217 1231.757 1274.947 1349.505 1344.597 1391.457 1416.891 1425.153 1442.840 1432.756 1462.325 1435.792 1427.026 1477.075 1533.879 1736.473 1762.819 1716.288 1626.243 1631.072 -999.250 -999.250 -999.250 -999.250 -999.250 -999.250 -999.250 -999.250 -999.250 -999.250 -999.250 -999.250 -999.250 -999.250 -999.250 -999.250 -999.250 -999.250 -999.250 -999.250 -999.250 -999.250 -999.250 -999.250 -999.250 -999.250 -999.250 -999.250 -999.250 -999.250 -999.250 -999.250
365.926 441.401 521.750 562.131 622.746 718.652 735.412 790.918 822.727 799.245 900.965 947.145 1075.298 1008.027 1150.022 1214.333 1284.308 1382.595 1429.705 1437.210 1407.789 1392.614 1389.739 1364.628 1321.558 1323.544 1380.838 1448.879 1467.453 1472.902 1497.966 1504.057 1471.356 -999.250 -999.250 -999.250 -999.250 -999.250 -999.250 -999.250 -999.250 -999.250 -999.250 -999.250 -999.250 -999.250 -999.250 -999.250 -999.250 -999.250 -999.250 -999.250 -999.250 -999.250 -999.250 -999.250 -999.250 -999.250 -999.250 -999.250 -999.250 -999.250 -999.250 -999.250
264.516 318.589 396.958 487.445 529.155 583.737 626.277 652.597 738.943 767.697 810.889 805.613 876.978 935.720 990.922 998.052 1129.637 1268.978 1321.280 1374.241 1365.145 1334.225 1315.605 1185.621 1176.621 1146.356 1091.467 1298.835 1371.594 1402.984 1430.618 1352.898 1357.748 1332.231 -999.250 -999.250 -999.250 -999.250 -999.250 -999.250 -999.250 -999.250 -999.250 -999.250 -999.250 -999.250 -999.250 -999.250 -999.250 -999.250 -999.250 -999.250 -999.250 -999.250 -999.250 -999.250 -999.250 -999.250 -999.250 -999.250 -999.250 -999.250 -999.250 -999.250
195.288 209.781 290.488 388.149 463.291 505.488 525.998 583.216 641.750 631.439 698.271 683.213 754.458 802.902 845.901 904.928 964.729 1131.224 1224.148 1227.838 1223.989 1213.890 1220.837 1130.197 1075.187 995.062 1035.986 1167.813 1208.697 1216.279 1313.233 1284.887 1267.545 1254.630 -999.250 -999.250 -999.250 -999.250 -999.250 -999.250 -999.250 -999.250 -999.250 -999.250 -999.250 -999.250 -999.250 -999.250 -999.250 -999.250 -999.250 -999.250 -999.250 -999.250 -999.250 -999.250 -999.250 -999.250 -999.250 -999.250 -999.250 -999.250 -999.250 -999.250
128.073 93.371 207.844 318.284 382.360 428.116 480.596 524.482 574.873 594.291 650.787 628.114 681.028 725.630 757.760 757.906 838.509 835.662 974.201 995.679 1044.577 993.405 975.330 985.212 922.402 854.645 888.875 966.623 1068.992 1079.559 1075.686 1141.365 1112.315 1160.983 -999.250 -999.250 -999.250 -999.250 -999.250 -999.250 -999.250 -999.250 -999.250 -999.250 -999.250 -999.250 -999.250 -999.250 -999.250 -999.250 -999.250 -999.250 -999.250 -999.250 -999.250 -999.250 -999.250 -999.250 -999.250 -999.250 -999.250 -999.250 -999.250 -999.250
121.222 120.536 186.451 258.056 336.827 371.620 424.183 483.326 515.928 515.288 557.711 590.971 641.795 636.127 647.638 627.407 644.333 671.790 750.568 803.691 814.484 811.839 825.535 889.301 844.314 869.685 842.397 891.443 915.592 982.013 922.939 963.935 940.171 918.723 -999.250 -999.250 -999.250 -999.250 -999.250 -999.250 -999.250 -999.250 -999.250 -999.250 -999.250 -999.250 -999.250 -999.250 -999.250 -999.250 -999.250 -999.250 -999.250 -999.250 -999.250 -999.250 -999.250 -999.250 -999.250 -999.250 -999.250 -999.250 -999.250 -999.250
135.421 137.851 181.869 230.649 306.282 355.987 387.494 445.697 480.821 501.888 469.407 529.961 549.089 575.534 532.149 514.691 515.168 514.779 583.868 658.006 695.529 730.197 765.988 761.832 811.222 790.692 790.919 811.433 850.857 849.011 877.977 892.936 887.029 844.740 -999.250 -999.250 -999.250 -999.250 -999.250 -999.250 -999.250 -999.250 -999.250 -999.250 -999.250 -999.250 -999.250 -999.250 -999.250 -999.250 -999.250 -999.250 -999.250 -999.250 -999.250 -999.250 -999.250 -999.250 -999.250 -999.250 -999.250 -999.250 -999.250 -999.250
148.768 151.506 188.391 225.385 261.759 338.909 384.193 404.964 438.384 464.229 482.919 479.824 485.016 488.014 450.362 447.133 388.055 315.956 431.046 529.107 585.375 617.476 675.048 713.333 729.484 731.339 717.201 710.419 770.281 749.538 743.255 733.906 743.636 738.895 672.413 -999.250 -999.250 -999.250 -999.250 -999.250 -999.250 -999.250 -999.250 -999.250 -999.250 -999.250 -999.250 -999.250 -999.250 -999.250 -999.250 -999.250 -999.250 -999.250 -999.250 -999.250 -999.250 -999.250 -999.250 -999.250 -999.250 -999.250 -999.250 -999.250
148.379 150.647 176.915 224.143 255.637 307.007 354.448 387.437 425.545 446.189 431.951 444.579 428.500 395.356 408.298 402.360 350.907 333.666 402.046 477.173 520.901 562.581 595.094 614.431 627.921 640.565 669.231 675.275 625.577 642.390 622.685 678.549 620.235 629.327 607.578 596.907 -999.250 -999.250 -999.250 -999.250 -999.250 -999.250 -999.250 -999.250 -999.250 -999.250 -999.250 -999.250 -999.250 -999.250 -999.250 -999.250 -999.250 -999.250 -999.250 -999.250 -999.250 -999.250 -999.250 -999.250 -999.250 -999.250 -999.250 -999.250
155.148 160.328 194.539 222.982 249.384 288.197 327.385 361.715 390.744 393.475 398.782 395.515 387.394 370.870 386.868 364.974 352.341 347.800 394.444 458.651 469.999 519.543 532.624 551.547 559.794 579.396 588.948 585.877 566.940 592.754 584.938 554.316 529.642 552.543 533.178 496.586 480.040 484.448 445.427 -999.250 -999.250 -999.250 -999.250 -999.250 -999.250 -999.250 -999.250 -999.250 -999.250 -999.250 -999.250 -999.250 -999.250 -999.250 -999.250 -999.250 -999.250 -999.250 -999.250 -999.250 -999.250 -999.250 -999.250 -999.250
163.861 182.038 199.709 228.080 260.101 292.085 319.801 349.531 377.469 379.060 396.878 381.125 368.360 377.570 358.529 356.749 344.000 361.338 386.113 414.638 461.327 503.061 496.477 501.600 522.638 508.037 523.579 525.327 523.479 513.360 484.885 500.893 459.773 476.164 430.006 418.411 437.624 422.274 420.104 -999.250 -999.250 -999.250 -999.250 -999.250 -999.250 -999.250 -999.250 -999.250 -999.250 -999.250 -999.250 -999.250 -999.250 -999.250 -999.250 -999.250 -999.250 -999.250 -999.250 -999.250 -999.250 -999.250 -999.250 -999.250
182.006 191.016 202.184 247.162 288.387 286.525 313.177 339.345 350.331 365.984 356.022 362.777 352.630 351.573 353.003 365.374 351.578 364.691 390.719 401.718 424.154 439.037 456.992 443.472 472.211 468.920 453.648 496.410 490.266 468.450 445.942 443.647 414.618 425.943 378.225 386.341 381.337 366.463 -999.250 -999.250 -999.250 -999.250 -999.250 -999.250 -999.250 -999.250 -999.250 -999.250 -999.250 -999.250 -999.250 -999.250 -999.250 -999.250 -999.250 -999.250 -999.250 -999.250 -999.250 -999.250 -999.250 -999.250 -999.250 -999.250
184.623 206.699 222.858 254.300 286.071 323.162 322.070 333.114 345.953 365.439 362.825 362.812 359.397 366.032 360.083 374.887 367.421 358.348 372.123 359.433 371.988 397.551 403.533 401.569 444.130 426.237 424.641 452.188 464.932 424.931 415.369 378.821 374.776 339.378 325.216 335.765 336.481 345.333 -999.250 -999.250 -999.250 350.851 348.253 348.340 -999.250 -999.250 -999.250 -999.250 -999.250 -999.250 -999.250 -999.250 -999.250 -999.250 -999.250 -999.250 -999.250 -999.250 -999.250 -999.250 -999.250 -999.250 -999.250 -999.250
208.515 221.489 242.269 258.890 286.215 296.946 325.991 350.409 358.148 355.430 358.796 344.466 349.178 365.972 350.601 365.130 359.091 366.390 372.724 374.322 354.864 359.709 371.662 386.044 385.623 400.273 413.259 395.938 398.998 373.336 347.245 344.893 326.515 301.687 248.227 271.228 275.732 281.084 296.063 323.830 313.756 311.118 293.848 309.451 317.102 -999.250 -999.250 -999.250 -999.250 -999.250 -999.250 -999.250 -999.250 -999.250 -999.250 -999.250 -999.250 -999.250 -999.250 -999.250 -999.250 -999.250 -999.250 -999.250
211.773 233.635 241.414 247.784 276.058 296.144 306.098 300.091 325.230 342.195 342.810 323.254 304.473 327.554 350.943 350.233 369.872 355.470 327.875 349.976 335.456 355.119 320.970 357.957 346.457 370.238 365.614 377.271 360.119 342.284 312.081 306.769 284.100 253.871 227.845 231.737 250.497 256.012 272.470 266.753 264.252 266.367 275.988 254.000 279.077 284.835 -999.250 -999.250 -999.250 -999.250 -999.250 -999.250 -999.250 -999.250 -999.250 -999.250 -999.250 -999.250 -999.250 -999.250 -999.250 -999.250 -999.250 -999.250
208.093 221.643 235.631 240.716 262.700 287.120 280.240 293.811 291.760 305.804 308.100 313.708 294.310 313.526 309.669 312.395 345.784 324.886 302.886 305.871 328.643 334.019 315.589 316.168 326.884 320.327 330.128 324.745 304.112 287.012 270.055 276.225 260.265 234.675 214.077 231.133 226.859 234.482 230.252 239.878 251.663 258.037 258.545 258.924 248.786 270.608 -999.250 -999.250 -999.250 -999.250 -999.250 -999.250 -999.250 -999.250 -999.250 -999.250 -999.250 -999.250 -999.250 -999.250 -999.250 -999.250 -999.250 -999.250
209.698 221.697 241.737 240.737 242.771 255.462 252.290 276.327 272.351 272.836 276.259 254.541 256.220 269.043 276.318 280.137 273.476 267.436 250.647 265.845 281.731 288.207 302.520 300.465 298.854 278.778 277.252 268.908 264.837 248.664 242.057 253.405 251.448 240.827 237.507 220.616 232.159 225.852 220.751 222.010 236.119 247.926 239.641 238.437 238.172 231.950 -999.250 -999.250 -999.250 -999.250 -999.250 -999.250 -999.250 -999.250 -999.250 -999.250 -999.250 -999.250 -999.250 -999.250 -999.250 -999.250 -999.250 -999.250
200.759 207.846 228.332 231.731 247.236 237.825 247.582 224.888 231.570 231.246 240.113 240.510 224.292 218.277 228.276 226.452 230.006 225.682 232.374 255.973 244.857 251.950 278.185 290.648 289.481 273.750 252.124 245.688 242.201 242.174 233.625 220.688 239.671 229.852 221.966 230.602 216.326 210.926 229.947 230.843 215.675 220.024 238.659 232.868 225.614 248.293 248.470 -999.250 -999.250 -999.250 -999.250 -999.250 -999.250 -999.250 -999.250 -999.250 -999.250 -999.250 -999.250 -999.250 -999.250 -999.250 -999.250 -999.250
