data/medianmodel_27-May-2020.asc
ncols	141
nrows	288
xllcorner	-120191.398
yllcorner	-301404.813
cellsize	2000.000
NODATA_value	-999.250
[rows 155 to 185 of 288, columns 0 to 68 of 141]
-999.250 -999.250 -999.250 -999.250 -999.250 -999.250 -999.250 0.000 0.062 1.829 1.529 1.375 0.769 2.941 3.099 2.549 0.232 1.455 1.359 5.017 4.573 4.242 5.611 5.328 6.080 9.814 9.625 14.956 19.989 23.785 19.802 23.458 23.417 29.156 25.038 26.350 21.529 16.796 18.390 14.710 10.811 11.223 10.199 3.914 4.218 1.117 1.550 2.388 7.733 6.508 6.967 8.446 10.583 8.001 6.927 7.679 9.582 10.341 7.642 10.971 8.445 11.494 9.140 6.159 7.216 6.627 5.229 5.596 5.331
-999.250 -999.250 -999.250 -999.250 -999.250 -999.250 -999.250 0.010 3.231 4.421 2.971 3.873 3.729 3.270 6.504 3.932 3.328 5.879 7.239 7.821 8.251 7.785 8.859 14.476 11.287 14.852 14.958 18.123 19.989 22.662 19.312 24.741 32.580 32.874 25.697 22.783 20.244 20.057 21.296 14.624 11.912 14.092 9.027 8.043 6.418 4.564 3.585 6.744 7.403 9.824 9.958 9.537 6.466 6.871 8.038 10.328 9.279 10.100 10.471 10.334 9.209 7.373 8.917 5.756 4.169 6.545 5.144 4.682 3.677
-999.250 -999.250 -999.250 -999.250 -999.250 -999.250 -999.250 2.451 2.512 3.891 3.660 5.119 5.394 4.398 5.377 5.874 6.883 6.702 10.128 9.433 12.134 14.066 16.148 21.069 27.003 21.666 23.776 24.663 27.676 27.968 30.680 28.776 31.434 28.511 23.228 25.086 20.240 22.099 21.227 19.537 15.954 14.506 15.452 13.010 13.550 9.216 8.607 8.866 7.810 8.451 9.954 8.611 9.690 7.541 7.798 7.772 8.612 7.471 10.458 8.144 6.265 5.980 7.363 5.985 3.298 2.332 2.427 3.862 3.113
-999.250 -999.250 -999.250 -999.250 -999.250 -999.250 -999.250 4.514 4.615 4.186 5.667 5.244 5.438 3.902 5.853 5.353 6.044 7.650 11.489 11.453 14.789 14.970 20.163 24.853 22.808 31.701 29.543 37.199 40.011 44.214 42.853 41.123 38.721 30.578 33.903 30.285 26.648 28.270 24.239 23.899 18.237 18.520 19.753 17.617 18.219 10.663 10.011 10.014 8.167 8.610 8.015 9.556 9.551 8.706 8.656 7.540 8.373 9.712 6.956 9.237 8.366 9.213 6.094 3.244 2.677 0.542 1.039 1.715 0.722
-999.250 -999.250 -999.250 -999.250 -999.250 -999.250 -999.250 -999.250 4.864 6.835 5.577 7.594 8.322 7.181 4.975 5.335 6.071 8.007 10.677 12.324 15.463 23.535 21.264 24.738 25.591 32.245 34.346 39.148 52.293 61.158 49.800 45.205 38.206 35.293 37.222 38.309 38.061 36.800 29.674 29.048 30.656 30.236 25.160 19.257 16.858 15.147 11.179 12.637 11.459 10.669 12.902 9.172 7.630 6.999 9.127 7.195 8.097 7.853 8.384 8.010 11.387 5.752 4.847 2.384 0.000 0.000 0.000 0.000 0.000
-999.250 -999.250 -999.250 -999.250 -999.250 -999.250 -999.250 -999.250 6.760 11.603 10.369 8.319 9.725 9.325 8.592 7.963 8.145 8.774 12.868 13.872 12.012 16.899 24.225 32.827 34.102 36.182 49.488 61.931 56.297 59.645 54.747 50.293 40.864 34.995 35.737 49.980 46.816 37.235 34.150 27.397 32.958 42.499 24.479 20.935 19.907 12.583 12.271 13.956 16.914 15.161 14.399 10.614 7.582 8.486 9.256 10.014 11.411 12.058 9.295 8.451 6.903 6.067 4.140 2.468 0.000 0.000 0.000 0.000 1.077
-999.250 -999.250 -999.250 -999.250 -999.250 -999.250 -999.250 6.607 7.483 10.298 11.443 10.107 10.887 13.062 7.079 8.918 11.861 10.488 9.316 14.588 12.580 18.075 25.552 33.869 52.690 53.972 66.295 56.904 59.675 61.754 54.242 35.607 37.307 39.530 34.004 39.760 59.212 37.539 33.907 26.890 29.436 28.371 23.771 20.990 16.718 13.334 12.220 13.396 14.516 15.074 13.467 11.244 10.805 9.986 10.316 11.372 10.707 12.924 11.770 6.578 8.868 5.878 5.196 4.319 0.261 0.000 0.000 0.000 0.000
-999.250 -999.250 -999.250 -999.250 -999.250 -999.250 -999.250 9.215 7.711 11.184 13.157 15.415 17.658 17.097 15.620 13.872 14.168 13.864 15.372 13.949 14.627 19.658 30.491 47.093 61.076 76.190 75.852 82.562 54.115 60.083 55.110 52.357 39.284 39.423 36.019 45.664 45.933 28.037 30.687 21.259 21.884 21.994 21.580 18.648 18.906 12.930 11.377 12.203 14.489 16.331 14.340 11.824 9.973 10.178 9.945 11.650 8.719 9.718 9.137 9.236 11.324 8.757 6.665 6.364 2.454 0.378 0.000 0.000 0.000
-999.250 -999.250 -999.250 -999.250 -999.250 -999.250 -999.250 11.193 10.706 13.878 14.256 18.170 18.321 18.875 18.153 19.043 20.710 17.485 21.346 18.057 23.021 33.436 46.015 57.837 73.378 92.103 91.552 79.759 86.613 58.685 54.766 41.338 40.473 42.115 37.274 37.338 34.560 29.007 35.483 30.018 27.145 21.406 17.288 17.464 17.106 12.522 10.206 7.920 12.469 14.991 13.823 8.751 6.575 9.811 8.986 9.738 7.655 9.902 8.258 8.770 7.283 6.239 7.199 4.879 5.082 2.769 0.588 0.000 0.000
-999.250 -999.250 -999.250 -999.250 -999.250 -999.250 -999.250 16.346 18.422 17.351 15.964 20.537 17.918 17.273 19.642 21.291 27.898 34.636 29.332 27.762 31.600 36.331 47.423 68.912 75.887 84.337 99.867 115.525 94.913 69.021 62.384 52.989 41.196 34.048 40.801 29.613 32.615 29.301 27.057 29.117 21.812 21.682 18.174 19.592 9.054 9.523 13.061 9.313 11.372 15.512 12.249 9.737 9.280 10.866 8.277 7.581 6.485 5.240 6.408 6.190 8.141 6.542 7.489 5.494 4.307 4.754 1.453 1.829 1.882
-999.250 -999.250 -999.250 -999.250 -999.250 -999.250 13.461 17.748 17.297 22.213 16.518 21.483 18.860 24.957 24.138 26.160 31.678 47.887 47.762 41.625 40.862 54.406 58.491 80.207 93.911 99.233 126.484 130.266 108.890 86.209 68.781 58.717 39.077 45.744 34.169 44.086 30.283 24.498 28.160 18.432 18.042 18.122 18.027 16.709 16.427 12.784 17.441 14.041 15.695 14.615 14.378 10.003 13.329 10.061 6.667 7.855 9.405 6.322 5.832 5.317 2.614 4.643 1.973 5.575 2.235 4.153 0.616 2.425 0.000
-999.250 -999.250 -999.250 -999.250 -999.250 -999.250 14.488 18.932 18.197 16.424 15.929 15.238 18.849 23.533 23.916 27.802 38.771 41.450 66.008 58.129 71.403 61.993 78.138 91.161 98.935 119.760 148.687 158.180 131.572 105.156 83.558 56.826 42.100 47.194 33.143 33.636 36.091 34.342 28.042 24.802 19.244 17.752 20.059 19.583 15.348 17.796 19.364 20.702 13.817 15.059 14.477 11.565 10.879 7.683 7.220 8.655 7.377 5.160 3.387 5.019 4.535 2.017 1.790 4.735 1.227 0.000 0.000 0.000 0.000
-999.250 -999.250 -999.250 -999.250 -999.250 17.833 12.924 16.087 19.808 15.838 15.386 15.185 16.977 20.877 23.143 31.411 38.616 56.038 63.450 63.903 75.074 76.610 73.659 91.558 118.078 129.527 166.986 189.294 145.830 122.605 86.480 58.662 46.190 43.417 32.649 31.355 26.977 32.006 26.209 24.220 22.190 20.656 20.827 23.175 19.664 16.217 15.135 16.355 16.140 17.894 17.057 13.801 8.669 9.602 8.219 7.645 7.369 6.354 3.741 3.216 4.013 3.026 3.039 3.166 2.730 0.434 0.000 0.000 0.000
-999.250 -999.250 -999.250 -999.250 -999.250 21.563 16.234 16.893 15.162 12.769 17.095 16.554 18.649 19.115 23.660 26.615 36.188 61.149 60.577 66.045 78.322 82.964 104.260 107.172 128.562 136.818 162.159 173.716 151.133 121.114 92.242 55.594 53.114 56.031 33.000 25.775 26.620 21.542 23.808 18.135 26.155 19.890 24.587 25.905 16.704 16.259 15.764 18.730 22.398 19.157 14.995 14.419 10.932 8.590 8.495 10.831 8.117 5.909 4.727 2.804 3.308 5.513 4.903 3.937 4.399 1.194 0.000 0.000 0.000
-999.250 -999.250 -999.250 -999.250 16.763 21.179 17.950 17.288 23.525 19.457 15.219 16.482 20.855 24.339 29.914 42.713 37.667 51.438 56.688 67.881 92.233 101.401 114.941 118.504 116.785 128.440 144.001 145.736 135.041 112.595 96.714 73.851 60.792 51.916 29.571 25.694 25.269 19.478 19.897 25.739 30.455 28.744 29.133 30.122 26.129 21.655 13.586 19.535 19.343 16.528 13.856 11.733 12.242 10.946 8.851 8.284 7.404 5.866 6.025 4.735 3.606 4.213 5.489 3.279 3.674 0.523 1.565 0.063 0.000
-999.250 -999.250 -999.250 -999.250 19.731 16.281 23.715 24.835 26.132 18.882 18.072 17.412 25.410 29.240 30.375 32.993 38.997 56.678 48.014 78.142 102.808 115.813 124.852 105.700 98.745 109.319 121.216 119.175 121.693 100.419 71.121 60.722 42.453 40.038 29.949 23.465 20.414 19.206 21.956 21.112 25.874 25.555 29.360 33.156 26.376 21.631 18.175 19.580 18.132 17.068 13.680 10.173 11.079 10.187 9.229 11.231 8.819 6.062 3.988 3.679 3.349 3.643 3.400 3.957 4.586 1.127 0.344 0.000 0.000
-999.250 -999.250 -999.250 -999.250 16.908 23.281 20.887 29.505 26.172 23.572 19.082 22.376 25.078 31.871 31.878 31.382 41.661 45.697 54.255 64.202 81.954 100.779 111.576 101.783 88.261 87.836 100.946 96.092 94.979 83.278 71.487 71.892 50.973 50.281 31.272 23.899 19.455 19.657 22.514 27.845 31.411 21.456 28.007 23.517 22.815 24.376 16.024 17.335 13.987 11.436 13.895 10.071 9.858 10.644 10.162 10.655 7.212 5.844 6.810 6.783 2.113 3.670 1.701 5.525 5.793 1.854 2.174 0.000 0.000
-999.250 -999.250 -999.250 -999.250 22.788 22.529 22.735 21.824 21.027 24.702 27.880 23.644 27.208 30.399 28.861 32.028 32.220 39.307 43.629 46.627 82.043 81.648 94.006 100.774 88.486 83.179 81.249 86.863 78.431 76.856 52.972 47.623 40.556 40.256 27.582 23.480 17.705 15.639 25.519 25.015 22.160 23.814 30.452 22.846 28.368 24.022 19.935 17.886 20.074 13.636 10.457 8.368 9.773 10.114 10.258 10.060 8.917 7.115 6.123 6.526 3.299 3.119 1.789 3.114 3.483 0.196 0.461 0.000 0.000
-999.250 -999.250 -999.250 -999.250 25.743 25.075 22.527 19.347 20.851 24.310 24.816 25.128 30.476 28.724 31.742 30.097 37.555 27.821 24.629 36.004 47.562 64.475 73.032 84.335 73.173 62.676 67.470 65.170 58.558 54.627 60.880 53.740 30.981 32.556 24.508 22.250 20.171 14.874 21.914 21.170 27.221 26.181 25.140 23.271 20.096 20.706 20.506 21.726 16.155 14.364 8.532 11.346 11.181 10.122 10.518 7.613 7.951 5.464 4.484 3.133 3.046 3.890 1.535 0.917 1.414 0.000 0.685 0.000 0.000
-999.250 -999.250 -999.250 -999.250 24.893 27.031 24.494 19.286 24.531 27.366 29.489 29.182 32.287 31.257 34.246 33.747 31.692 25.434 20.580 25.954 33.586 40.542 67.058 70.558 71.497 64.409 58.656 44.340 52.122 49.214 48.915 34.128 32.565 34.521 23.931 22.469 22.022 18.532 19.616 22.556 24.608 26.884 24.146 21.867 27.986 22.610 19.641 17.277 18.698 13.479 13.070 11.711 9.514 9.057 8.783 8.603 5.998 2.735 2.260 0.201 0.041 0.944 0.000 1.828 0.462 0.000 0.000 0.000 0.000
-999.250 -999.250 -999.250 -999.250 33.108 24.485 24.242 22.477 25.796 31.057 38.038 34.739 35.102 40.738 38.363 30.827 27.044 26.356 21.353 25.884 34.280 39.319 61.675 68.530 66.627 59.935 55.694 55.928 50.261 53.519 40.362 35.771 39.607 37.108 35.582 25.745 23.359 23.605 23.390 22.528 21.427 24.013 21.035 21.256 25.161 24.636 23.114 19.377 18.719 14.419 13.136 15.190 10.143 12.112 7.777 6.387 2.193 1.410 0.305 0.000 0.229 0.871 0.272 1.844 0.052 0.000 0.000 0.000 0.157
-999.250 -999.250 -999.250 -999.250 41.978 37.177 22.941 27.117 22.495 31.483 33.743 43.816 47.197 45.747 43.299 38.290 31.496 26.999 28.805 23.664 34.439 47.523 63.067 92.092 71.292 53.327 49.617 39.419 48.675 48.473 38.339 34.285 39.217 32.730 29.161 36.374 28.839 31.800 26.712 29.309 21.666 25.393 26.487 34.343 29.487 20.639 20.574 19.734 15.022 16.069 15.107 13.833 12.721 9.511 6.909 3.214 1.613 0.000 0.000 0.000 1.317 0.595 0.000 0.694 0.000 0.000 0.000 0.000 0.000
-999.250 -999.250 -999.250 -999.250 44.668 34.933 39.061 30.346 30.521 36.870 38.344 58.737 60.280 63.541 65.695 56.883 43.366 39.609 48.812 49.740 47.091 50.616 72.619 75.278 66.484 65.360 59.362 43.382 40.093 43.276 36.520 37.416 42.243 37.596 35.995 36.175 30.416 30.827 33.635 28.850 32.217 29.937 27.705 27.705 27.306 22.618 17.306 17.270 14.921 18.278 12.538 14.528 8.614 7.303 7.006 3.852 2.242 0.000 0.000 0.878 1.946 2.035 0.358 2.324 0.650 0.000 0.186 0.000 0.000
-999.250 -999.250 -999.250 -999.250 48.579 39.431 34.626 31.835 31.704 40.758 38.172 58.645 68.774 63.942 68.902 66.319 74.921 65.315 71.125 72.522 81.861 71.782 68.320 58.853 60.846 52.326 43.093 40.570 44.160 40.864 37.866 31.779 41.035 42.649 37.579 38.287 39.494 36.221 24.374 32.404 28.765 35.565 23.976 23.321 18.823 21.095 18.481 17.322 18.813 14.000 13.244 13.744 10.810 8.504 5.687 3.144 3.097 0.119 1.664 1.269 2.457 1.596 1.794 2.223 1.065 0.324 0.034 0.000 0.000
-999.250 -999.250 -999.250 62.600 54.855 51.583 50.124 44.621 46.524 50.666 53.364 57.302 66.142 82.127 83.254 71.470 74.181 59.891 81.937 76.508 86.646 73.629 65.650 55.059 44.530 46.069 43.481 38.103 36.992 31.729 32.706 28.729 35.211 41.119 39.505 44.922 39.613 45.042 32.062 29.567 34.325 32.090 21.859 18.149 20.954 21.471 19.288 16.807 15.369 17.044 12.273 12.063 13.231 6.838 5.114 4.340 4.832 3.334 3.035 3.519 1.130 2.555 2.121 2.812 2.244 2.956 0.179 0.000 0.000
-999.250 -999.250 -999.250 67.557 71.495 82.959 66.818 61.818 53.423 63.198 57.809 63.204 68.407 84.258 90.672 81.900 89.569 70.721 74.839 81.470 80.346 67.357 53.330 47.728 37.791 33.276 37.065 29.817 25.395 28.566 25.205 30.439 33.601 41.375 38.420 34.172 45.719 35.775 31.571 33.197 25.740 26.352 23.667 21.006 21.809 18.243 17.383 16.343 13.149 14.089 13.211 13.620 14.942 10.467 10.796 6.248 4.918 4.034 4.292 3.791 4.965 2.524 2.812 3.013 2.668 1.519 0.620 0.044 0.000
-999.250 -999.250 -999.250 49.098 66.840 76.967 72.857 65.552 58.108 71.273 81.639 54.486 65.640 80.519 93.210 113.356 106.972 99.438 84.524 81.768 71.269 58.640 50.635 42.414 36.096 29.827 24.337 24.567 22.594 23.710 20.422 24.905 27.905 26.975 35.762 36.261 43.792 31.987 28.388 24.700 24.180 23.878 22.730 17.792 17.900 16.500 13.589 11.976 12.736 9.430 14.961 12.223 12.318 12.088 9.846 6.261 4.795 3.693 3.161 2.520 3.812 4.910 4.197 4.953 3.534 4.189 1.227 0.000 0.000
-999.250 -999.250 71.895 64.505 64.848 59.808 65.335 69.244 67.476 79.119 54.475 65.187 78.184 85.845 111.512 130.868 133.060 127.104 112.375 92.940 73.579 61.230 42.989 45.454 37.091 25.184 21.579 18.542 16.671 15.179 16.804 19.438 28.151 21.293 26.611 28.715 39.279 30.830 29.898 21.868 21.034 20.182 20.347 17.523 20.185 15.466 12.874 12.659 11.192 9.711 10.817 11.400 11.041 13.746 9.061 7.795 6.287 6.486 4.448 4.657 5.655 6.129 4.262 5.211 2.391 3.034 0.682 0.750 0.522
-999.250 -999.250 74.784 59.389 69.009 62.821 72.052 58.002 64.347 77.309 65.404 79.472 73.239 100.263 123.014 136.231 146.968 142.098 100.089 96.061 -999.250 56.605 58.989 37.979 33.787 36.711 18.788 19.266 13.990 16.339 15.225 18.454 19.900 20.436 26.100 29.527 31.943 31.806 25.372 15.109 13.468 16.403 18.126 16.916 14.701 14.081 15.198 10.090 10.772 10.514 12.926 10.871 8.907 9.204 6.849 8.154 6.743 5.973 4.466 2.803 2.897 5.552 4.442 4.530 2.444 1.851 1.882 0.013 0.424
-999.250 64.200 66.171 51.329 48.935 69.413 58.184 64.641 59.228 76.989 77.441 85.607 91.206 99.831 117.993 151.179 169.875 150.737 133.345 -999.250 -999.250 70.870 42.244 45.099 29.965 27.773 25.410 18.796 14.417 11.949 13.743 17.026 17.708 21.346 26.184 24.438 21.751 23.096 20.220 16.706 17.557 20.319 17.657 16.922 15.625 13.119 13.524 13.422 10.382 11.787 12.427 11.131 9.565 10.340 7.002 6.914 5.608 4.749 2.963 4.298 4.800 5.285 3.652 2.982 1.241 0.438 0.832 1.879 1.497
-999.250 65.856 67.759 68.679 62.453 63.072 56.427 58.839 70.217 83.110 76.929 101.714 105.386 110.027 109.412 131.166 137.487 128.720 -999.250 -999.250 -999.250 -999.250 39.198 33.130 24.400 30.607 22.853 19.442 15.084 16.156 18.966 19.009 22.874 17.629 25.227 27.317 23.817 19.927 19.750 16.952 21.021 21.990 17.795 13.354 17.540 17.345 14.230 8.758 10.235 9.105 7.322 9.212 8.050 8.731 8.176 6.217 4.164 4.339 4.258 4.453 5.115 3.855 3.201 1.501 0.000 0.000 0.000 0.000 0.000
