data/medianmodel_21-Aug-2020.asc
ncols	141
nrows	288
xllcorner	-120191.398
yllcorner	-301404.813
cellsize	2000.000
NODATA_value	-999.250
[rows 155 to 185 of 288, columns 0 to 68 of 141]
-999.250 -999.250 -999.250 -999.250 -999.250 -999.250 -999.250 0.000 0.000 0.000 0.000 0.000 0.000 0.000 0.000 0.814 3.703 4.354 8.145 10.515 15.218 18.606 22.342 25.250 31.138 39.256 26.331 18.649 13.496 8.115 4.091 0.328 0.000 0.000 0.000 0.000 0.000 2.213 4.676 9.362 12.736 19.895 26.195 24.998 22.894 18.623 15.736 12.083 9.937 9.122 8.008 8.551 7.989 9.551 9.781 13.652 13.848 11.899 11.001 7.752 6.505 3.700 0.461 0.000 0.000 0.000 0.000 0.000 0.000
-999.250 -999.250 -999.250 -999.250 -999.250 -999.250 -999.250 3.309 1.968 1.168 0.000 0.000 0.000 0.000 0.000 0.000 3.150 7.199 12.627 19.629 24.527 29.146 31.516 33.924 34.074 34.269 27.723 22.400 15.929 9.684 6.730 2.749 0.000 0.000 0.000 0.000 0.000 1.818 4.646 7.078 9.836 14.098 18.402 18.492 17.171 14.557 13.337 12.279 11.906 12.290 12.706 13.152 14.529 16.512 17.863 19.431 19.402 20.377 16.933 15.316 11.280 9.043 4.999 3.618 0.000 0.000 0.000 0.000 0.000
-999.250 -999.250 -999.250 -999.250 -999.250 -999.250 -999.250 8.470 6.771 6.575 5.331 2.051 0.000 0.000 0.000 0.000 4.442 13.005 25.204 31.675 37.763 41.700 43.529 42.683 39.777 35.853 31.076 24.918 16.245 11.146 7.088 3.898 0.926 0.000 0.000 0.000 0.000 0.000 1.381 5.424 7.365 11.163 13.361 13.480 12.623 13.062 13.818 13.609 15.601 15.494 20.762 23.939 24.072 25.585 25.346 32.347 33.279 30.864 29.657 24.019 18.896 14.925 10.654 7.738 4.531 0.509 0.000 0.000 0.000
-999.250 -999.250 -999.250 -999.250 -999.250 -999.250 -999.250 16.209 14.311 14.099 11.447 6.556 1.695 0.000 0.000 0.000 8.075 18.240 32.135 44.312 52.210 56.025 55.368 50.111 44.261 41.303 33.046 27.178 19.145 14.783 9.992 4.665 0.270 0.000 0.000 0.000 0.000 0.000 0.909 4.108 5.568 9.328 12.034 11.375 13.053 13.922 16.592 18.180 20.248 24.456 29.145 31.769 32.311 35.250 40.524 44.102 46.666 43.148 41.599 34.512 30.819 25.591 21.203 17.256 9.541 6.272 1.264 0.000 0.000
-999.250 -999.250 -999.250 -999.250 -999.250 -999.250 -999.250 -999.250 25.091 25.343 19.521 12.643 6.430 0.000 0.000 0.000 11.386 28.403 44.224 59.210 67.062 67.170 65.373 59.974 54.482 44.236 36.486 29.499 23.060 15.537 10.685 5.192 0.721 0.000 0.000 0.000 0.000 0.000 0.000 2.002 5.453 7.989 9.527 10.278 13.499 14.494 18.138 21.791 25.295 29.879 37.564 38.365 42.424 45.339 52.619 57.151 61.917 61.928 57.246 54.499 46.143 40.420 32.612 28.149 21.073 16.250 7.901 0.826 0.000
-999.250 -999.250 -999.250 -999.250 -999.250 -999.250 -999.250 -999.250 32.424 42.545 28.222 19.682 11.857 6.056 0.027 0.000 17.452 38.980 57.883 74.250 84.154 85.031 73.674 67.413 58.665 48.815 41.538 32.668 24.948 18.230 12.168 5.335 1.244 0.000 0.000 0.854 2.861 0.687 0.000 1.848 5.768 14.166 10.175 10.201 12.161 15.101 19.364 20.167 30.316 40.952 44.725 53.306 56.617 63.793 64.024 68.625 71.368 74.331 71.469 72.924 65.464 56.871 50.465 42.953 33.948 33.347 15.784 5.557 0.000
-999.250 -999.250 -999.250 -999.250 -999.250 -999.250 -999.250 31.626 34.258 36.725 31.453 24.644 18.880 12.623 10.204 13.853 30.957 51.779 69.571 91.571 103.494 101.693 89.703 75.939 65.247 55.818 43.393 34.649 25.934 18.283 12.587 5.931 0.770 0.000 0.000 2.974 10.449 2.786 0.000 0.000 2.930 7.283 8.908 9.591 14.431 18.790 22.148 30.637 36.885 50.560 56.446 64.378 73.984 77.314 78.905 80.521 93.839 97.699 101.151 91.296 79.571 74.651 64.585 55.804 42.968 35.152 19.620 9.040 2.022
-999.250 -999.250 -999.250 -999.250 -999.250 -999.250 -999.250 33.959 34.896 35.406 34.234 28.377 25.721 22.017 20.982 28.579 41.879 61.946 79.439 103.195 131.646 109.515 96.951 77.223 65.797 56.920 45.252 37.915 26.191 19.216 11.585 5.357 0.231 0.000 0.000 0.000 0.865 0.000 0.000 0.000 0.524 4.595 7.242 11.653 18.237 22.085 26.785 40.146 50.801 62.140 72.566 70.541 89.233 95.855 103.700 106.911 106.264 112.734 119.018 105.832 96.759 93.975 74.492 66.562 53.650 41.038 28.878 12.958 4.670
-999.250 -999.250 -999.250 -999.250 -999.250 -999.250 -999.250 35.893 38.460 37.472 37.116 33.841 32.603 31.603 31.993 37.216 49.904 66.153 83.918 99.233 105.880 102.230 91.242 73.054 64.127 55.646 46.104 35.507 28.145 19.537 12.263 5.889 0.589 0.000 0.000 0.000 0.000 0.000 4.435 0.000 0.000 3.375 6.061 14.324 19.330 27.917 39.053 51.999 64.207 75.986 88.613 97.438 102.159 113.039 124.619 116.319 119.039 122.891 126.124 122.976 113.614 105.815 94.885 83.025 65.001 54.611 36.292 19.487 8.242
-999.250 -999.250 -999.250 -999.250 -999.250 -999.250 -999.250 35.402 40.267 39.746 40.770 41.284 39.704 37.134 39.468 43.824 54.058 61.741 70.551 86.654 90.571 87.093 77.769 67.373 61.011 53.323 44.647 34.777 26.648 19.052 12.302 6.452 1.057 0.000 0.000 0.000 0.000 0.000 0.000 0.000 0.000 3.718 7.312 15.934 28.320 39.702 50.847 67.109 77.072 101.485 104.552 113.217 120.276 125.632 146.822 136.695 144.371 148.585 147.522 140.598 141.355 131.273 112.878 101.209 83.080 73.464 50.326 31.975 14.049
-999.250 -999.250 -999.250 -999.250 -999.250 -999.250 34.327 36.875 40.987 42.686 42.608 43.790 43.308 42.757 43.424 45.375 52.683 58.549 63.106 69.394 70.409 68.763 66.854 62.228 56.187 48.350 44.092 36.426 27.552 19.433 12.564 12.582 0.823 0.000 0.000 0.000 0.000 0.000 0.000 0.000 0.000 4.072 9.708 20.042 32.711 42.734 60.186 80.761 102.463 113.358 119.656 128.154 154.436 150.765 165.349 170.246 159.702 185.640 171.728 181.048 147.803 159.564 119.591 116.953 101.767 79.041 58.581 39.428 21.686
-999.250 -999.250 -999.250 -999.250 -999.250 -999.250 37.843 39.893 42.380 43.915 49.356 49.739 48.359 47.187 46.166 45.394 48.977 53.342 57.707 57.943 58.789 57.280 56.282 52.914 49.645 45.003 42.112 39.511 29.220 19.624 11.145 5.844 0.399 0.000 0.000 0.000 0.000 0.000 0.000 0.000 0.000 4.586 12.812 23.151 39.086 54.475 70.310 94.643 112.558 123.758 135.714 160.195 189.226 198.649 205.473 205.628 211.643 199.918 201.274 201.780 200.720 192.670 198.764 174.016 124.701 96.536 73.876 51.896 27.024
-999.250 -999.250 -999.250 -999.250 -999.250 36.051 40.449 41.014 42.011 47.082 52.194 55.640 52.674 49.583 46.891 44.343 45.847 44.858 49.441 46.526 46.317 43.486 43.972 42.276 41.485 38.418 41.026 48.424 28.167 17.602 9.115 4.012 0.000 0.000 0.000 0.000 0.000 0.000 0.000 0.000 0.014 7.510 15.017 27.201 42.027 61.022 89.539 108.569 121.383 128.447 180.182 201.680 215.367 240.144 253.833 302.000 303.309 227.315 228.420 244.057 262.351 210.075 182.846 158.634 145.352 121.956 93.991 61.829 35.431
-999.250 -999.250 -999.250 -999.250 -999.250 38.783 40.270 42.383 44.482 48.402 54.445 67.490 55.860 52.679 46.044 43.318 42.922 41.810 40.158 37.892 36.048 33.914 33.269 32.385 30.974 32.557 33.076 31.040 25.155 14.726 6.595 1.251 0.000 0.000 0.000 0.000 0.000 0.000 0.000 0.000 0.000 7.699 18.151 31.462 45.096 69.444 102.841 115.417 121.843 164.641 170.431 212.607 297.634 379.590 354.245 400.679 419.171 376.164 435.608 414.302 360.541 362.565 282.609 210.582 179.977 133.813 103.780 73.265 48.434
-999.250 -999.250 -999.250 -999.250 34.055 37.265 40.415 43.069 44.584 48.795 52.997 55.954 51.481 48.652 43.651 39.968 36.404 35.090 32.526 29.700 26.465 26.134 25.764 25.934 25.761 25.324 26.153 23.074 16.477 11.593 5.439 0.557 0.000 0.000 0.000 0.000 0.000 0.000 0.000 0.000 0.173 8.017 19.690 33.972 54.865 78.428 116.403 130.019 152.415 189.931 214.096 298.972 404.782 465.126 439.642 556.209 570.019 590.414 523.545 440.381 533.802 492.219 399.456 317.970 207.454 185.536 122.305 95.032 60.083
-999.250 -999.250 -999.250 -999.250 32.767 36.799 39.417 41.889 44.037 48.375 47.532 48.720 45.903 44.700 41.701 38.653 34.414 31.036 28.747 24.375 22.391 20.994 24.971 19.935 19.149 18.787 18.267 14.968 11.842 6.887 4.426 0.000 0.000 0.000 0.000 0.000 0.000 0.000 0.000 0.000 1.290 9.362 22.227 40.027 62.982 97.066 109.280 135.260 185.371 207.629 243.490 364.407 497.943 531.816 576.441 574.611 728.023 724.477 600.889 542.845 604.524 615.890 441.742 428.129 306.095 198.020 142.775 114.706 77.027
-999.250 -999.250 -999.250 -999.250 32.847 35.267 38.049 40.361 42.662 43.737 44.768 44.012 44.075 41.349 40.804 38.626 36.392 30.560 24.689 19.639 17.633 16.118 14.517 13.766 14.064 13.411 13.430 10.944 7.729 4.696 1.812 0.000 0.000 0.000 0.000 0.676 0.000 0.000 0.000 0.000 0.000 7.736 22.315 41.589 68.252 79.153 121.429 155.299 200.471 228.717 328.196 498.572 622.174 623.327 655.134 749.928 776.494 748.834 744.364 720.672 694.197 613.000 549.778 442.800 356.455 277.528 207.742 149.054 106.901
-999.250 -999.250 -999.250 -999.250 32.996 35.464 38.038 40.117 41.816 41.605 41.402 39.028 39.729 39.487 38.398 39.812 37.864 30.815 22.238 16.513 13.841 12.182 12.448 11.520 11.780 10.980 10.063 7.397 4.991 1.165 0.000 0.000 0.000 0.000 1.445 9.392 0.000 0.000 0.000 0.000 0.000 6.279 20.128 40.949 64.310 97.849 119.007 162.522 199.751 236.222 376.048 515.830 663.244 797.549 775.801 844.274 871.130 853.571 836.052 761.888 678.639 637.642 682.236 559.020 450.078 357.364 250.396 191.205 123.748
-999.250 -999.250 -999.250 -999.250 34.204 36.198 39.549 41.066 40.758 36.773 40.809 39.247 38.928 36.169 35.500 40.714 46.944 30.467 21.234 16.432 12.686 11.467 10.965 9.377 10.690 9.468 7.868 6.531 3.743 0.097 0.000 0.000 0.000 0.000 0.000 0.000 0.000 0.000 0.000 0.000 0.000 2.845 13.752 33.392 65.330 103.987 133.281 191.220 216.234 326.461 425.281 534.614 695.354 826.711 880.948 919.904 977.990 970.243 906.143 832.979 821.354 816.674 720.494 673.237 535.265 402.337 269.472 183.020 136.171
-999.250 -999.250 -999.250 -999.250 34.840 35.775 40.410 40.170 40.828 38.651 34.615 36.521 33.609 35.279 34.071 34.026 33.128 26.143 19.817 19.465 12.997 11.880 10.966 11.187 9.398 8.287 7.423 5.881 3.126 0.000 0.000 0.000 0.000 0.000 0.000 0.000 0.000 0.000 0.000 0.000 0.000 0.000 8.459 27.564 60.551 104.643 146.772 212.580 254.745 345.628 432.876 554.882 756.496 792.056 942.155 1016.601 1003.746 1021.347 1086.465 985.345 909.577 841.242 759.555 701.157 627.806 516.233 372.764 208.543 178.245
-999.250 -999.250 -999.250 -999.250 32.858 37.472 43.052 42.251 41.652 38.944 35.532 32.718 32.262 32.170 31.426 29.824 26.438 21.794 19.235 17.696 16.933 16.339 15.092 14.678 12.461 10.346 8.419 5.626 2.268 0.000 0.000 0.000 0.000 0.000 0.000 0.000 0.000 0.000 0.000 0.000 0.000 0.000 0.880 17.464 55.784 105.401 154.689 211.915 331.657 394.075 536.214 632.610 775.590 857.098 975.010 1036.727 1176.609 1222.143 1152.235 1100.836 991.972 987.260 865.070 734.244 691.901 493.357 366.941 253.385 182.452
-999.250 -999.250 -999.250 -999.250 34.383 38.519 42.796 53.056 43.082 37.922 35.410 32.739 31.944 30.458 28.750 26.238 23.246 22.432 21.559 21.346 22.044 21.603 20.033 17.537 14.200 11.958 9.699 5.696 1.359 0.000 0.000 0.000 0.000 0.000 0.000 0.000 0.000 0.000 0.000 0.000 0.000 0.000 0.000 5.724 52.624 101.439 131.524 206.316 355.147 412.738 520.507 638.790 787.275 905.600 1012.643 1156.990 1253.515 1377.477 1269.296 1159.014 1044.207 999.280 870.607 747.433 662.801 528.816 379.985 283.634 219.220
-999.250 -999.250 -999.250 -999.250 33.909 37.144 41.095 42.619 41.699 39.873 34.506 33.498 31.125 29.930 27.141 25.421 23.887 24.461 26.775 30.178 30.909 29.530 25.967 23.092 18.273 15.557 11.468 5.742 4.117 0.000 0.000 0.000 0.000 0.000 0.000 0.000 0.000 0.000 0.000 0.000 0.000 0.000 0.667 17.210 57.619 97.756 140.631 200.255 327.412 445.937 556.236 588.348 742.934 902.541 1079.947 1161.081 1284.347 1281.640 1308.300 1154.491 1062.515 1062.072 974.267 813.128 690.942 545.452 489.551 357.769 218.064
-999.250 -999.250 -999.250 -999.250 33.335 35.667 37.967 40.303 40.287 37.577 36.088 34.906 33.341 31.162 28.035 27.380 26.368 29.623 33.490 40.328 44.490 40.997 33.206 25.881 20.126 16.245 12.845 8.688 5.672 0.871 0.000 0.000 0.000 0.000 0.000 0.000 0.000 0.000 0.000 0.000 0.000 0.000 7.971 26.811 58.739 112.683 143.785 206.774 273.864 465.184 520.140 654.110 746.888 908.738 1020.226 1094.338 1211.801 1255.938 1220.471 1158.166 1067.469 1086.434 978.282 865.824 762.308 648.077 474.105 402.837 213.980
-999.250 -999.250 -999.250 31.093 32.424 33.848 36.529 38.765 40.973 40.661 39.004 35.877 34.647 33.705 30.912 29.646 29.771 32.831 40.334 46.863 66.922 48.795 39.910 32.028 25.417 17.870 13.983 9.518 5.726 3.392 0.000 0.000 0.000 0.000 0.000 0.000 0.000 0.000 0.000 0.000 0.000 1.885 14.887 32.516 65.442 103.202 151.472 195.155 207.884 336.923 460.032 630.873 741.280 867.652 948.676 1018.594 1070.646 1141.535 1107.075 1072.895 1097.744 1049.801 963.509 873.635 804.767 676.770 514.660 285.934 212.057
-999.250 -999.250 -999.250 30.992 32.817 34.883 35.952 38.355 41.476 40.978 40.929 41.156 39.853 38.578 33.788 32.518 31.638 33.486 41.861 48.177 55.089 47.286 41.126 32.991 27.232 19.978 14.428 10.825 7.468 4.452 0.053 0.000 0.000 0.000 0.000 0.000 0.000 0.000 0.000 0.000 0.000 4.148 20.700 41.223 67.050 106.421 126.917 176.476 195.533 326.047 507.332 606.657 661.659 827.192 893.522 945.282 1006.653 988.092 1015.972 1020.565 1030.120 954.765 908.236 737.456 741.546 574.334 447.176 337.494 211.446
-999.250 -999.250 -999.250 28.808 30.669 33.634 36.134 38.800 42.871 42.376 44.410 43.784 43.652 43.026 41.034 36.132 33.518 34.643 38.288 42.278 46.166 43.368 40.665 33.651 26.454 21.231 17.201 13.111 9.677 6.471 3.217 0.000 0.000 0.000 0.000 0.000 0.000 0.000 0.000 0.000 0.000 6.360 23.222 43.567 69.354 110.246 127.706 171.206 212.093 288.464 412.276 588.235 713.567 835.636 824.685 910.217 1028.707 1012.747 919.197 955.318 943.296 897.976 785.186 736.447 660.601 546.071 346.971 237.985 182.515
-999.250 -999.250 26.269 30.191 30.010 33.066 37.048 39.129 41.511 44.973 48.631 50.342 52.523 47.325 44.444 40.310 36.395 34.695 36.305 38.391 40.076 39.287 34.716 32.039 28.212 23.600 19.441 15.187 13.058 11.612 6.970 1.238 0.000 0.000 0.000 0.000 0.000 0.000 0.000 0.000 0.178 7.282 24.681 44.001 68.056 104.473 130.925 164.703 187.752 228.343 324.773 498.292 572.254 643.927 697.865 842.016 877.747 881.844 844.785 840.956 744.120 762.064 740.620 599.278 564.027 420.437 288.699 217.722 180.755
-999.250 -999.250 26.519 28.988 31.904 33.862 36.567 39.753 43.249 45.627 52.623 55.043 59.491 58.269 56.622 45.071 40.675 35.787 35.997 34.500 -999.250 34.104 32.545 29.987 25.202 21.664 18.921 17.227 16.527 22.874 10.305 3.546 0.000 0.000 0.000 0.000 0.000 0.000 0.000 0.000 0.000 9.377 24.994 47.992 66.615 103.902 127.255 149.819 190.544 214.807 368.418 479.917 548.772 600.014 675.520 695.908 790.745 764.880 704.173 762.329 745.676 706.400 572.685 572.831 383.722 265.155 228.325 177.560 144.031
-999.250 24.871 26.451 28.660 32.029 32.401 36.189 40.879 46.493 50.333 54.965 61.369 66.600 70.790 67.556 56.406 45.394 37.202 33.849 -999.250 -999.250 32.120 29.962 28.548 23.622 21.094 19.238 17.426 15.269 13.738 8.751 3.566 0.000 0.000 0.000 0.000 0.000 0.000 0.000 0.000 0.371 8.648 24.814 43.459 66.612 100.442 115.792 142.492 176.458 206.851 265.620 341.635 461.738 534.594 521.954 602.340 706.856 723.598 596.278 655.554 674.681 578.665 370.709 292.626 235.875 189.437 174.570 142.830 111.928
-999.250 23.473 24.965 27.179 30.340 32.578 36.522 43.097 50.562 54.918 57.470 63.800 70.370 77.726 92.722 66.118 50.165 40.173 -999.250 -999.250 -999.250 -999.250 26.228 25.382 23.025 19.881 16.984 15.103 14.579 11.377 6.879 3.402 0.000 0.000 0.000 0.000 0.000 0.000 0.000 0.000 0.000 8.805 19.568 38.112 63.924 91.312 107.166 124.139 160.348 196.729 224.518 378.142 403.064 444.870 449.206 530.654 635.286 617.750 567.254 513.188 523.160 391.525 241.608 236.431 188.630 141.454 117.541 105.352 84.218
