data/medianmodel_03-May-2020.asc
ncols	141
nrows	288
xllcorner	-120191.398
yllcorner	-301404.813
cellsize	2000.000
NODATA_value	-999.250
[rows 217 to 247 of 288, columns 0 to 68 of 141]
-999.250 -999.250 -999.250 -999.250 -999.250 -999.250 -999.250 -999.250 -999.250 -999.250 -999.250 -999.250 -999.250 -999.250 -999.250 -999.250 -999.250 -999.250 -999.250 -999.250 -999.250 -999.250 -999.250 -999.250 -999.250 -999.250 -999.250 -999.250 -999.250 -999.250 -999.250 7.141 12.312 15.868 14.479 10.774 10.298 12.365 7.597 11.080 17.675 11.537 9.413 10.473 9.598 8.393 9.256 9.395 8.198 10.935 6.819 12.264 9.538 6.054 6.846 8.790 7.739 12.087 6.437 8.962 6.049 5.348 8.038 9.447 5.439 0.000 12.777 12.165 9.479
-999.250 -999.250 -999.250 -999.250 -999.250 -999.250 -999.250 -999.250 -999.250 -999.250 -999.250 -999.250 -999.250 -999.250 -999.250 -999.250 -999.250 -999.250 -999.250 -999.250 -999.250 -999.250 -999.250 -999.250 -999.250 -999.250 -999.250 -999.250 -999.250 -999.250 -999.250 8.034 12.253 7.545 8.382 14.048 7.787 9.304 11.716 6.209 8.601 6.711 11.037 9.713 11.258 11.060 7.502 12.353 10.252 12.967 7.505 7.054 5.984 7.904 5.455 6.956 8.394 9.276 5.894 7.051 8.546 8.844 5.150 6.914 5.448 6.463 8.148 10.792 9.333
-999.250 -999.250 -999.250 -999.250 -999.250 -999.250 -999.250 -999.250 -999.250 -999.250 -999.250 -999.250 -999.250 -999.250 -999.250 -999.250 -999.250 -999.250 -999.250 -999.250 -999.250 -999.250 -999.250 -999.250 -999.250 -999.250 -999.250 -999.250 -999.250 -999.250 -999.250 9.789 10.962 11.061 11.167 12.064 7.087 10.628 10.307 9.115 7.023 6.831 10.189 4.671 9.517 9.121 7.112 10.841 6.474 9.803 7.799 6.094 5.951 7.061 8.957 5.772 8.110 6.316 6.436 9.610 3.668 4.517 6.118 4.056 7.730 6.861 10.596 9.589 12.487
-999.250 -999.250 -999.250 -999.250 -999.250 -999.250 -999.250 -999.250 -999.250 -999.250 -999.250 -999.250 -999.250 -999.250 -999.250 -999.250 -999.250 -999.250 -999.250 -999.250 -999.250 -999.250 -999.250 -999.250 -999.250 -999.250 -999.250 -999.250 -999.250 -999.250 -999.250 10.590 9.565 10.232 8.924 9.341 12.620 7.692 10.739 8.204 11.430 9.366 7.114 6.127 8.602 9.987 10.386 10.416 8.059 8.934 8.839 9.811 3.658 7.731 6.529 3.519 3.569 5.299 5.895 8.926 7.609 8.416 6.352 6.692 3.621 6.909 6.662 10.058 10.075
-999.250 -999.250 -999.250 -999.250 -999.250 -999.250 -999.250 -999.250 -999.250 -999.250 -999.250 -999.250 -999.250 -999.250 -999.250 -999.250 -999.250 -999.250 -999.250 -999.250 -999.250 -999.250 -999.250 -999.250 -999.250 -999.250 -999.250 -999.250 -999.250 -999.250 -999.250 13.159 10.111 10.277 10.711 9.108 10.254 12.627 9.705 9.874 11.138 9.665 9.295 7.983 10.235 7.249 10.928 8.219 5.772 7.828 8.401 8.528 6.635 7.391 8.177 4.908 6.002 8.382 10.528 2.666 5.128 8.281 7.065 4.317 7.953 7.219 11.337 6.479 14.329
-999.250 -999.250 -999.250 -999.250 -999.250 -999.250 -999.250 -999.250 -999.250 -999.250 -999.250 -999.250 -999.250 -999.250 -999.250 -999.250 -999.250 -999.250 -999.250 -999.250 -999.250 -999.250 -999.250 -999.250 -999.250 -999.250 -999.250 -999.250 -999.250 -999.250 -999.250 12.349 8.488 12.395 10.653 11.893 10.084 9.296 8.447 9.899 12.316 10.290 9.879 7.380 10.104 5.759 6.678 11.723 10.041 9.318 9.909 6.489 9.329 8.817 7.078 6.393 4.545 10.542 7.678 7.334 9.117 4.086 3.404 7.721 11.106 6.821 13.764 7.829 10.233
-999.250 -999.250 -999.250 -999.250 -999.250 -999.250 -999.250 -999.250 -999.250 -999.250 -999.250 -999.250 -999.250 -999.250 -999.250 -999.250 -999.250 -999.250 -999.250 -999.250 -999.250 -999.250 -999.250 -999.250 -999.250 -999.250 -999.250 -999.250 -999.250 -999.250 9.081 6.044 8.105 9.488 8.027 9.689 8.997 12.312 6.625 5.816 8.275 12.757 8.142 9.929 10.883 9.347 8.374 10.359 9.073 7.030 10.764 5.622 7.361 12.479 8.506 10.010 4.242 6.676 9.595 8.334 6.308 4.995 6.017 4.399 10.159 5.982 9.441 9.823 10.463
-999.250 -999.250 -999.250 -999.250 -999.250 -999.250 -999.250 -999.250 -999.250 -999.250 -999.250 -999.250 -999.250 -999.250 -999.250 -999.250 -999.250 -999.250 -999.250 -999.250 -999.250 -999.250 -999.250 -999.250 -999.250 -999.250 -999.250 -999.250 -999.250 -999.250 10.165 9.208 11.694 5.764 7.256 4.400 6.696 7.841 6.693 9.585 7.620 9.575 12.723 10.004 5.484 10.074 8.935 8.141 6.670 5.320 3.514 9.444 7.515 9.772 9.172 10.276 9.939 8.049 6.321 5.506 8.454 5.601 3.989 8.479 6.323 8.838 9.055 16.912 9.710
-999.250 -999.250 -999.250 -999.250 -999.250 -999.250 -999.250 -999.250 -999.250 -999.250 -999.250 -999.250 -999.250 -999.250 -999.250 -999.250 -999.250 -999.250 -999.250 -999.250 -999.250 -999.250 -999.250 -999.250 -999.250 -999.250 -999.250 -999.250 -999.250 -999.250 6.558 8.905 10.060 9.552 7.697 8.059 8.130 8.519 6.268 6.766 11.933 7.910 9.442 10.713 9.258 8.269 9.050 9.114 6.787 6.576 6.869 9.033 7.156 9.873 7.345 9.716 4.975 6.715 8.344 10.019 5.438 9.173 5.053 5.072 8.217 8.861 10.019 12.038 7.458
-999.250 -999.250 -999.250 -999.250 -999.250 -999.250 -999.250 -999.250 -999.250 -999.250 -999.250 -999.250 -999.250 -999.250 -999.250 -999.250 -999.250 -999.250 -999.250 -999.250 -999.250 -999.250 -999.250 -999.250 -999.250 -999.250 -999.250 -999.250 -999.250 -999.250 4.594 6.220 10.200 9.368 8.086 6.577 6.996 8.641 9.111 10.429 14.081 9.010 7.546 6.343 10.288 13.922 9.453 6.129 4.953 8.543 7.303 7.156 5.448 8.028 7.929 5.137 4.867 3.212 6.047 6.001 9.523 5.189 4.531 6.133 0.964 7.251 5.314 6.255 8.496
-999.250 -999.250 -999.250 -999.250 -999.250 -999.250 -999.250 -999.250 -999.250 -999.250 -999.250 -999.250 -999.250 -999.250 -999.250 -999.250 -999.250 -999.250 -999.250 -999.250 -999.250 -999.250 -999.250 -999.250 -999.250 -999.250 -999.250 -999.250 -999.250 7.025 8.259 15.584 9.253 12.139 8.654 8.349 10.065 7.486 5.199 4.001 9.563 9.849 7.235 5.681 8.785 7.223 4.663 9.367 8.952 10.511 7.564 9.605 3.734 7.614 7.654 5.874 4.903 0.000 5.133 4.942 7.397 5.842 7.250 7.179 6.339 6.186 5.313 4.507 9.798
-999.250 -999.250 -999.250 -999.250 -999.250 -999.250 -999.250 -999.250 -999.250 -999.250 -999.250 -999.250 -999.250 -999.250 -999.250 -999.250 -999.250 -999.250 -999.250 -999.250 -999.250 -999.250 -999.250 -999.250 -999.250 -999.250 -999.250 -999.250 -999.250 8.589 4.715 8.761 7.373 8.663 7.082 9.373 8.635 5.247 10.311 7.334 9.634 12.453 5.904 6.953 7.272 6.864 8.036 9.577 9.738 7.517 6.745 10.115 7.479 5.609 6.185 4.396 7.068 3.038 4.247 10.357 7.824 7.044 6.702 9.006 4.727 9.664 6.045 8.787 9.318
-999.250 -999.250 -999.250 -999.250 -999.250 -999.250 -999.250 -999.250 -999.250 -999.250 -999.250 -999.250 -999.250 -999.250 -999.250 -999.250 -999.250 -999.250 -999.250 -999.250 -999.250 -999.250 -999.250 -999.250 -999.250 -999.250 -999.250 -999.250 5.399 5.312 5.305 5.833 8.369 9.611 8.199 9.392 10.420 9.504 9.115 7.013 10.727 8.201 7.049 7.295 4.409 8.986 9.773 8.510 10.716 9.222 7.451 7.263 7.141 6.786 5.627 1.320 5.088 8.045 6.101 4.879 6.406 8.053 4.498 6.153 7.581 7.794 12.210 10.566 5.437
-999.250 -999.250 -999.250 -999.250 -999.250 -999.250 -999.250 -999.250 -999.250 -999.250 -999.250 -999.250 -999.250 -999.250 -999.250 -999.250 -999.250 -999.250 -999.250 -999.250 -999.250 -999.250 -999.250 -999.250 -999.250 -999.250 -999.250 -999.250 8.492 10.502 11.853 8.218 6.666 10.126 8.641 8.629 5.438 6.771 11.316 8.025 7.633 9.545 7.093 9.270 5.114 4.864 7.910 10.717 10.774 7.076 5.671 4.642 6.614 9.671 5.987 3.694 3.087 8.886 3.939 7.635 6.822 8.096 4.406 4.622 9.551 6.891 8.895 10.047 10.752
-999.250 -999.250 -999.250 -999.250 -999.250 -999.250 -999.250 -999.250 -999.250 -999.250 -999.250 -999.250 -999.250 -999.250 -999.250 -999.250 -999.250 -999.250 -999.250 -999.250 -999.250 -999.250 -999.250 -999.250 -999.250 -999.250 -999.250 7.468 6.822 9.992 4.851 5.649 8.108 7.773 5.643 6.255 9.203 11.170 8.353 6.742 9.386 12.209 9.743 14.261 10.596 11.775 10.506 13.179 9.947 8.932 11.492 10.260 3.156 6.207 7.708 3.912 3.791 3.461 4.161 5.777 7.689 5.106 5.591 9.807 11.290 8.439 6.534 9.302 5.617
-999.250 -999.250 -999.250 -999.250 -999.250 -999.250 -999.250 -999.250 -999.250 -999.250 -999.250 -999.250 -999.250 -999.250 -999.250 -999.250 -999.250 -999.250 -999.250 -999.250 -999.250 -999.250 -999.250 -999.250 -999.250 -999.250 -999.250 7.315 7.701 5.291 3.438 0.000 3.945 2.618 6.382 4.891 7.168 7.903 12.819 12.382 9.448 9.476 12.988 12.278 17.616 10.223 9.573 8.894 11.370 10.786 8.423 12.994 8.290 3.653 5.381 3.752 7.130 6.216 4.939 7.517 8.190 5.349 6.624 5.504 6.655 11.349 7.823 8.248 5.654
-999.250 -999.250 -999.250 -999.250 -999.250 -999.250 -999.250 -999.250 -999.250 -999.250 -999.250 -999.250 -999.250 -999.250 -999.250 -999.250 -999.250 -999.250 -999.250 -999.250 -999.250 -999.250 -999.250 -999.250 -999.250 -999.250 -999.250 -999.250 13.535 10.119 9.641 4.726 5.114 0.672 9.040 10.073 8.738 9.801 9.362 8.878 9.470 12.015 11.353 13.376 11.309 5.387 10.190 9.685 12.713 6.209 9.346 9.357 5.029 6.336 6.332 8.296 4.784 7.419 6.450 8.455 8.578 10.946 9.873 5.821 8.022 8.782 9.882 7.797 4.543
-999.250 -999.250 -999.250 -999.250 -999.250 -999.250 -999.250 -999.250 -999.250 -999.250 -999.250 -999.250 -999.250 -999.250 -999.250 -999.250 -999.250 -999.250 -999.250 -999.250 -999.250 -999.250 -999.250 -999.250 -999.250 -999.250 -999.250 -999.250 -999.250 -999.250 6.869 4.792 8.608 4.925 5.698 10.724 11.758 9.390 8.400 8.590 10.859 15.032 15.038 13.902 13.363 11.464 10.582 7.631 10.006 11.576 6.858 8.249 9.870 6.566 9.949 9.104 9.730 8.458 8.863 7.953 5.369 7.042 5.801 6.731 5.064 6.798 9.427 4.620 10.366
-999.250 -999.250 -999.250 -999.250 -999.250 -999.250 -999.250 -999.250 -999.250 -999.250 -999.250 -999.250 -999.250 -999.250 -999.250 -999.250 -999.250 -999.250 -999.250 -999.250 -999.250 -999.250 -999.250 -999.250 -999.250 -999.250 -999.250 -999.250 -999.250 -999.250 6.872 9.405 8.319 11.691 6.695 9.322 13.331 10.825 10.815 7.868 8.423 15.842 10.439 12.380 13.475 10.713 14.987 7.971 12.885 12.886 14.918 8.594 7.194 9.676 9.450 8.671 10.219 9.385 8.789 5.869 5.293 4.306 4.480 4.457 6.334 5.780 6.242 7.508 6.855
-999.250 -999.250 -999.250 -999.250 -999.250 -999.250 -999.250 -999.250 -999.250 -999.250 -999.250 -999.250 -999.250 -999.250 -999.250 -999.250 -999.250 -999.250 -999.250 -999.250 -999.250 -999.250 -999.250 -999.250 -999.250 -999.250 -999.250 -999.250 -999.250 -999.250 8.889 6.715 8.390 7.253 11.769 9.102 9.861 7.369 15.638 15.279 10.194 16.058 12.809 14.997 13.490 9.953 13.258 8.707 12.462 13.672 11.287 9.231 8.358 10.394 6.790 14.223 8.189 11.918 5.069 0.000 1.674 4.943 6.690 4.429 7.345 2.623 5.637 10.626 9.686
-999.250 -999.250 -999.250 -999.250 -999.250 -999.250 -999.250 -999.250 -999.250 -999.250 -999.250 -999.250 -999.250 -999.250 -999.250 -999.250 -999.250 -999.250 -999.250 -999.250 -999.250 -999.250 -999.250 -999.250 -999.250 -999.250 -999.250 -999.250 -999.250 -999.250 -999.250 9.160 7.309 12.214 9.481 12.375 12.385 9.831 9.828 15.129 13.008 14.312 10.892 9.661 13.593 9.045 11.182 9.447 9.466 12.680 5.621 11.723 9.514 9.074 11.618 12.390 10.868 11.812 7.508 2.959 8.704 6.151 7.479 4.259 8.269 6.813 8.400 8.060 8.347
-999.250 -999.250 -999.250 -999.250 -999.250 -999.250 -999.250 -999.250 -999.250 -999.250 -999.250 -999.250 -999.250 -999.250 -999.250 -999.250 -999.250 -999.250 -999.250 -999.250 -999.250 -999.250 -999.250 -999.250 -999.250 -999.250 -999.250 -999.250 -999.250 -999.250 9.591 10.665 10.148 12.484 12.285 14.270 9.706 11.188 11.269 13.869 10.762 14.352 10.685 11.902 18.159 10.894 12.812 13.628 12.156 17.645 10.762 9.500 9.824 5.304 10.816 14.855 10.089 10.684 6.751 4.672 7.916 2.677 3.730 2.918 7.136 7.855 10.348 10.164 13.820
-999.250 -999.250 -999.250 -999.250 -999.250 -999.250 -999.250 -999.250 -999.250 -999.250 -999.250 -999.250 -999.250 -999.250 -999.250 -999.250 -999.250 -999.250 -999.250 -999.250 -999.250 -999.250 -999.250 -999.250 -999.250 -999.250 -999.250 -999.250 -999.250 -999.250 -999.250 15.712 9.891 11.560 11.079 12.129 9.547 11.807 11.201 8.225 9.797 13.339 9.858 12.771 9.479 8.379 13.428 11.707 9.058 12.578 11.861 12.509 10.963 11.619 11.505 8.563 8.059 9.718 8.989 8.044 8.153 4.816 5.068 0.000 6.706 7.315 6.988 12.777 7.464
-999.250 -999.250 -999.250 -999.250 -999.250 -999.250 -999.250 -999.250 -999.250 -999.250 -999.250 -999.250 -999.250 -999.250 -999.250 -999.250 -999.250 -999.250 -999.250 -999.250 -999.250 -999.250 -999.250 -999.250 -999.250 -999.250 -999.250 -999.250 -999.250 -999.250 14.811 12.602 10.079 7.965 14.290 14.479 9.430 10.497 11.787 10.016 13.061 10.338 10.342 9.828 15.370 8.660 9.456 15.195 16.845 16.637 9.681 12.010 9.846 8.922 10.796 8.681 16.595 9.909 7.631 13.006 9.916 8.611 7.756 6.091 6.185 5.079 7.218 8.577 10.961
-999.250 -999.250 -999.250 -999.250 -999.250 -999.250 -999.250 -999.250 -999.250 -999.250 -999.250 -999.250 -999.250 -999.250 -999.250 -999.250 -999.250 -999.250 -999.250 -999.250 -999.250 -999.250 -999.250 -999.250 -999.250 -999.250 -999.250 -999.250 -999.250 -999.250 10.878 6.788 15.119 9.381 14.501 10.685 10.152 13.701 13.157 15.258 7.197 10.870 9.561 10.390 9.628 12.421 15.633 13.167 11.608 13.544 10.716 15.767 10.417 13.479 11.858 14.232 8.379 8.436 8.129 9.345 7.921 8.052 7.930 8.843 7.217 7.657 8.626 8.023 10.597
-999.250 -999.250 -999.250 -999.250 -999.250 -999.250 -999.250 -999.250 -999.250 -999.250 -999.250 -999.250 -999.250 -999.250 -999.250 -999.250 -999.250 -999.250 -999.250 -999.250 -999.250 -999.250 -999.250 -999.250 -999.250 -999.250 -999.250 -999.250 -999.250 -999.250 10.923 11.658 12.438 7.379 15.658 12.715 12.956 15.113 12.459 15.474 12.343 12.935 12.814 8.645 9.766 11.109 11.676 10.387 15.483 16.365 11.377 10.324 14.188 12.051 15.182 11.945 8.505 8.691 9.858 9.141 7.657 7.936 7.431 9.588 7.517 9.930 10.773 7.680 8.381
-999.250 -999.250 -999.250 -999.250 -999.250 -999.250 -999.250 -999.250 -999.250 -999.250 -999.250 -999.250 -999.250 -999.250 -999.250 -999.250 -999.250 -999.250 -999.250 -999.250 -999.250 -999.250 -999.250 -999.250 -999.250 -999.250 -999.250 -999.250 -999.250 -999.250 14.741 18.464 9.683 16.411 9.653 8.742 10.477 12.802 10.883 14.547 11.761 10.959 14.156 11.840 13.883 11.151 7.502 12.160 14.920 12.598 11.739 8.443 13.933 13.684 9.011 9.983 9.453 13.842 6.716 8.552 6.363 8.460 9.875 8.226 5.241 6.783 8.252 10.386 5.974
-999.250 -999.250 -999.250 -999.250 -999.250 -999.250 -999.250 -999.250 -999.250 -999.250 -999.250 -999.250 -999.250 -999.250 -999.250 -999.250 -999.250 -999.250 -999.250 -999.250 -999.250 -999.250 -999.250 -999.250 -999.250 -999.250 -999.250 -999.250 -999.250 -999.250 19.231 11.335 10.651 15.234 12.085 10.583 10.014 17.721 11.582 13.096 12.703 14.001 13.485 11.999 13.574 17.159 14.043 9.350 8.318 10.746 11.238 11.251 12.345 9.539 7.807 6.538 6.386 12.817 14.114 5.343 5.524 5.564 13.945 9.495 6.101 8.383 9.444 8.791 9.279
-999.250 -999.250 -999.250 -999.250 -999.250 -999.250 -999.250 -999.250 -999.250 -999.250 -999.250 -999.250 -999.250 -999.250 -999.250 -999.250 -999.250 -999.250 -999.250 -999.250 -999.250 -999.250 -999.250 -999.250 -999.250 -999.250 -999.250 -999.250 -999.250 -999.250 -999.250 15.687 14.611 15.307 12.581 9.999 10.967 12.621 14.655 15.081 15.883 15.194 11.513 17.357 17.597 18.618 14.924 18.138 11.480 11.330 13.988 14.007 9.448 13.183 12.436 9.507 7.632 8.126 10.702 9.954 4.755 0.000 6.887 8.704 5.996 9.912 11.914 6.258 10.817
-999.250 -999.250 -999.250 -999.250 -999.250 -999.250 -999.250 -999.250 -999.250 -999.250 -999.250 -999.250 -999.250 -999.250 -999.250 -999.250 -999.250 -999.250 -999.250 -999.250 -999.250 -999.250 -999.250 -999.250 -999.250 -999.250 -999.250 -999.250 -999.250 -999.250 -999.250 14.916 10.930 15.245 10.129 20.060 17.023 11.995 13.663 17.773 10.322 16.542 17.012 10.858 15.790 9.993 15.069 14.168 14.647 8.889 15.255 11.102 14.999 12.150 13.363 16.045 13.217 10.753 12.069 12.841 8.665 12.009 11.069 8.491 10.405 8.508 9.178 9.344 9.924
-999.250 -999.250 -999.250 -999.250 -999.250 -999.250 -999.250 -999.250 -999.250 -999.250 -999.250 -999.250 -999.250 -999.250 -999.250 -999.250 -999.250 -999.250 -999.250 -999.250 -999.250 -999.250 -999.250 -999.250 -999.250 -999.250 -999.250 -999.250 -999.250 -999.250 13.380 7.461 9.345 9.361 17.630 16.199 11.253 9.662 12.667 12.100 13.591 11.770 13.713 12.544 16.276 9.512 13.499 14.441 16.671 19.034 19.266 13.114 15.216 17.759 15.643 15.158 9.048 13.555 10.629 11.551 8.320 9.172 15.019 7.246 12.143 15.510 13.216 11.657 14.868
