data/medianmodel_12-Apr-2020.asc
ncols	141
nrows	288
xllcorner	-120191.398
yllcorner	-301404.813
cellsize	2000.000
NODATA_value	-999.250
[rows 150 to 179 of 288, columns 0 to 67 of 141]
-999.250 -999.250 -999.250 -999.250 -999.250 -999.250 -999.250 -999.250 -999.250 -999.250 -999.250 -999.250 14.467 12.270 16.569 18.083 19.405 19.887 21.255 22.132 23.381 22.083 24.069 25.949 26.075 30.931 35.488 36.044 36.867 34.703 34.390 37.088 33.892 34.231 35.944 30.785 29.546 31.992 31.456 28.374 28.548 27.716 20.931 19.511 18.171 17.743 19.837 21.919 22.484 21.341 18.491 18.439 16.653 14.791 17.768 17.068 18.316 19.816 22.034 26.465 25.971 26.104 23.907 22.592 22.011 17.610 16.398 13.750
-999.250 -999.250 -999.250 -999.250 -999.250 -999.250 -999.250 -999.250 -999.250 -999.250 -999.250 15.369 12.670 11.930 16.733 17.144 17.779 20.138 21.768 20.965 18.695 21.652 23.229 26.445 28.729 29.905 31.620 34.180 35.035 36.760 35.931 34.243 38.008 33.433 36.636 33.317 31.171 30.519 33.287 33.293 27.713 24.472 23.700 22.747 20.314 18.730 18.737 22.184 21.903 22.413 21.041 21.013 20.203 17.122 21.728 20.605 21.719 22.283 22.999 25.194 25.347 26.525 23.990 23.959 21.984 17.922 17.369 16.892
-999.250 -999.250 -999.250 -999.250 -999.250 -999.250 -999.250 -999.250 -999.250 -999.250 14.156 17.686 18.357 16.932 14.200 14.133 16.344 18.687 17.718 16.784 19.803 17.919 24.143 26.618 27.628 30.857 29.091 33.216 33.239 34.055 41.707 37.522 41.566 36.824 37.241 33.816 35.184 31.934 33.952 32.467 35.569 28.333 27.378 25.229 24.482 20.991 22.328 22.326 20.764 21.109 21.499 20.188 22.247 18.999 20.569 21.448 21.938 24.090 23.890 25.839 24.281 23.735 23.942 21.561 17.414 19.658 18.352 16.818
-999.250 -999.250 -999.250 -999.250 -999.250 -999.250 -999.250 -999.250 -999.250 18.103 19.862 17.193 19.849 16.640 13.401 8.439 14.567 15.098 18.798 15.411 20.516 22.377 24.163 28.205 29.598 33.196 29.904 33.933 33.919 38.048 38.606 33.670 35.496 40.606 39.584 37.289 39.321 38.721 37.096 37.447 31.522 28.361 29.062 29.858 25.903 23.345 23.212 22.265 20.792 20.971 22.081 20.795 18.485 19.191 24.424 25.342 25.018 24.487 24.788 25.143 24.879 26.174 19.722 20.910 19.413 18.202 18.969 19.871
-999.250 -999.250 -999.250 -999.250 -999.250 20.985 22.641 22.714 21.171 22.218 20.431 18.496 17.234 14.609 15.112 16.303 15.655 18.383 18.049 20.291 22.243 23.871 26.885 30.866 31.608 32.490 34.151 35.018 30.784 42.894 39.038 32.700 42.319 41.525 40.204 39.541 39.505 46.665 39.032 38.972 30.074 29.510 29.505 26.731 26.277 24.889 21.746 24.005 22.695 20.025 21.810 21.003 21.270 21.694 21.418 25.111 23.697 22.668 23.045 22.621 22.982 25.041 22.910 21.346 17.589 21.735 17.711 17.399
-999.250 -999.250 -999.250 -999.250 -999.250 -999.250 -999.250 23.470 23.735 21.974 20.024 19.331 17.338 17.530 16.962 17.246 17.767 19.887 19.440 20.397 21.715 22.956 25.013 25.265 31.737 34.349 36.350 35.985 36.772 40.039 36.973 34.286 39.156 40.469 39.224 39.864 38.898 38.904 46.390 39.943 36.109 30.726 31.582 31.383 29.560 24.042 24.157 23.243 24.502 23.516 23.639 23.065 24.152 25.641 24.559 23.141 23.306 22.395 22.285 20.970 21.340 25.455 22.960 23.747 21.288 19.173 17.178 16.571
-999.250 -999.250 -999.250 -999.250 -999.250 -999.250 -999.250 22.007 25.312 25.429 21.128 20.546 18.141 19.488 17.678 17.240 17.368 20.252 21.160 24.142 24.348 30.963 27.541 28.836 27.715 32.903 35.185 36.657 38.696 38.656 39.309 34.063 37.187 43.875 39.523 42.843 37.510 38.213 40.485 38.922 33.773 31.594 29.896 30.581 29.847 30.563 27.249 27.336 25.751 22.818 23.645 25.455 25.646 25.107 23.477 22.368 21.978 22.133 24.561 23.747 21.530 21.625 21.132 21.008 22.266 18.444 20.553 17.522
-999.250 -999.250 -999.250 -999.250 -999.250 -999.250 -999.250 24.168 23.624 21.698 22.282 21.603 19.035 19.915 18.380 19.573 20.825 21.448 23.720 25.468 26.225 26.123 26.998 30.869 29.961 31.489 41.626 37.073 40.653 40.659 39.109 39.993 39.048 39.447 43.815 41.428 39.210 39.334 45.188 37.735 38.024 30.321 31.775 30.608 28.137 28.564 27.109 29.230 25.499 23.058 23.993 24.565 26.072 23.775 24.031 25.095 21.224 21.267 23.595 20.641 21.477 20.795 22.584 21.319 21.072 20.746 18.701 17.746
-999.250 -999.250 -999.250 -999.250 -999.250 -999.250 -999.250 25.240 23.443 23.081 20.264 18.709 19.291 18.824 19.622 20.212 19.417 20.570 21.776 26.975 26.390 27.652 27.351 29.985 30.636 33.647 32.766 37.120 35.405 36.622 37.164 41.477 35.065 41.107 41.486 38.691 42.385 42.035 37.217 38.752 40.041 37.775 39.117 31.474 32.945 30.284 29.588 30.774 26.464 27.451 23.985 26.402 26.285 23.344 21.534 21.816 22.005 20.584 19.394 20.494 21.457 20.576 19.173 17.651 18.282 17.499 17.109 17.033
-999.250 -999.250 -999.250 -999.250 -999.250 -999.250 -999.250 -999.250 24.022 21.877 22.225 19.757 20.006 20.227 18.965 18.590 18.485 21.956 24.964 26.615 28.518 28.573 29.282 31.157 32.217 32.864 33.125 33.858 32.822 35.153 37.388 38.283 37.887 38.547 41.122 43.512 45.213 41.889 42.831 39.369 40.992 38.891 36.223 33.084 32.135 35.272 33.820 28.852 28.386 30.507 24.758 25.185 22.398 18.565 18.396 20.565 22.625 21.973 23.550 23.176 24.111 18.992 22.088 16.769 16.012 14.954 14.481 15.269
-999.250 -999.250 -999.250 -999.250 -999.250 -999.250 -999.250 -999.250 27.339 23.206 23.461 22.609 21.084 20.796 18.128 15.926 19.337 22.365 22.345 27.967 26.582 32.220 30.582 27.697 30.670 34.628 34.565 38.678 34.915 38.660 34.757 33.082 41.939 35.921 40.428 44.659 46.681 43.623 36.910 37.755 36.001 42.499 37.306 30.784 31.272 30.749 32.916 29.918 28.363 29.320 23.046 24.324 23.757 20.942 20.699 20.360 22.152 24.449 22.158 22.497 21.263 20.629 21.127 14.676 12.985 6.669 12.171 13.757
-999.250 -999.250 -999.250 -999.250 -999.250 -999.250 -999.250 29.533 24.561 24.221 24.377 22.163 22.764 22.590 20.455 21.832 22.697 23.719 27.016 27.766 30.503 32.652 31.719 37.827 34.355 31.545 36.906 34.983 38.419 38.778 36.394 41.139 38.376 36.415 45.607 44.445 48.763 38.086 35.389 30.395 35.130 34.584 32.624 30.694 30.695 30.601 26.863 29.594 29.898 28.084 24.853 25.316 23.238 24.592 20.800 24.093 24.153 25.437 21.736 26.340 20.420 19.910 18.441 16.485 13.357 14.062 15.699 13.128
-999.250 -999.250 -999.250 -999.250 -999.250 -999.250 -999.250 29.055 27.460 25.745 25.124 22.643 20.279 21.904 22.341 23.118 20.816 23.669 28.181 31.819 29.255 28.359 28.767 32.186 35.813 29.301 34.316 36.573 39.337 39.440 41.420 45.269 38.412 38.062 39.764 38.176 35.746 27.355 23.446 24.526 28.320 30.639 30.454 27.963 32.245 30.427 29.039 30.220 30.010 29.255 29.387 26.542 22.935 22.081 23.376 22.267 26.695 27.934 25.599 23.244 22.714 21.385 17.051 16.117 15.320 15.880 14.828 14.372
-999.250 -999.250 -999.250 -999.250 -999.250 -999.250 -999.250 25.623 24.212 26.257 26.735 23.671 25.813 22.557 25.271 25.614 24.111 25.491 26.520 27.621 29.608 30.841 32.520 30.052 32.257 29.338 31.822 36.216 35.877 36.398 39.393 41.307 39.544 43.822 40.151 35.212 26.932 22.378 13.306 20.009 26.574 27.169 29.830 31.652 29.324 31.672 29.867 33.421 28.818 29.585 27.313 28.081 25.436 21.364 25.578 26.711 29.158 23.408 24.927 23.369 22.716 20.805 16.721 16.458 14.511 17.007 18.171 16.544
-999.250 -999.250 -999.250 -999.250 -999.250 -999.250 -999.250 28.639 26.530 25.118 23.195 24.773 26.927 25.624 23.258 22.558 23.891 26.296 26.730 26.093 29.167 28.766 30.463 27.457 28.969 27.641 26.596 30.943 31.055 34.383 34.972 36.532 36.582 39.744 37.581 34.155 27.620 22.491 19.558 22.072 24.815 24.919 31.696 30.879 28.975 28.835 30.355 27.027 27.809 31.146 34.778 27.635 23.502 22.126 26.500 28.374 28.263 26.888 24.427 23.167 21.453 19.596 19.301 16.810 17.703 18.727 16.532 18.902
-999.250 -999.250 -999.250 -999.250 -999.250 -999.250 23.569 25.220 27.287 24.786 25.330 29.114 28.088 27.316 24.094 26.863 26.503 27.616 28.107 26.656 26.505 28.064 28.711 29.210 28.556 25.930 25.846 22.298 25.924 31.169 32.804 37.747 34.909 34.950 37.019 32.742 28.040 24.157 22.585 22.109 23.895 24.181 31.603 32.976 33.414 31.566 31.296 27.944 27.511 30.844 28.149 28.725 31.314 26.730 30.596 27.799 24.519 25.083 21.916 19.944 18.343 20.110 18.956 18.207 16.439 18.586 20.365 20.538
-999.250 -999.250 -999.250 -999.250 -999.250 -999.250 25.548 28.610 30.729 26.539 25.811 28.749 25.611 28.000 26.970 23.507 23.414 28.687 24.601 27.367 29.513 24.684 24.619 27.370 27.496 24.993 23.384 21.638 22.741 29.351 30.451 34.492 37.067 32.532 37.429 34.843 31.697 25.714 22.308 24.730 27.621 26.192 30.837 35.713 34.587 36.308 35.319 36.013 33.309 34.280 29.671 35.690 30.075 29.638 30.289 26.149 25.550 25.595 21.517 20.767 23.562 20.786 20.611 17.554 17.654 16.093 16.570 17.052
-999.250 -999.250 -999.250 -999.250 -999.250 24.422 25.856 27.598 27.990 30.870 27.760 25.157 27.664 24.402 23.901 25.948 26.610 30.152 26.234 26.634 24.003 26.313 23.409 21.081 25.611 23.345 21.217 17.609 25.518 26.179 31.777 29.642 27.416 32.297 30.951 30.438 25.099 25.303 28.076 26.120 29.371 28.953 30.871 33.287 34.197 31.478 33.382 33.666 31.364 28.584 34.137 33.439 27.978 31.926 28.380 24.588 26.084 23.160 21.918 17.838 20.893 17.713 19.729 18.356 16.775 17.766 16.247 14.701
-999.250 -999.250 -999.250 -999.250 -999.250 28.550 26.158 24.078 27.526 25.432 26.236 26.741 26.244 23.087 22.238 22.200 24.787 25.021 24.419 22.709 23.602 23.413 22.086 23.304 23.820 22.890 21.966 19.917 24.498 27.094 32.051 31.004 28.725 28.282 29.113 29.893 27.870 27.073 30.025 28.185 29.374 34.823 34.459 33.595 39.258 29.003 30.714 35.822 30.817 35.798 34.288 34.692 28.859 31.578 31.286 25.573 22.504 19.774 20.622 18.745 18.939 15.771 19.113 17.869 19.026 14.858 16.987 15.980
-999.250 -999.250 -999.250 -999.250 25.337 25.654 27.014 24.857 25.318 24.804 24.519 23.622 23.331 20.581 22.508 19.629 22.416 21.257 19.478 22.141 21.753 21.651 24.385 24.571 26.893 22.038 21.736 23.926 25.373 29.792 29.566 30.939 30.526 27.958 28.871 29.236 29.100 27.783 29.159 29.205 32.478 32.914 38.191 36.021 39.822 29.844 31.971 33.784 31.662 37.893 42.270 32.429 29.145 32.353 33.930 28.397 22.434 20.982 23.680 18.963 18.882 16.587 14.659 19.786 14.775 13.479 14.244 12.597
-999.250 -999.250 -999.250 -999.250 27.126 24.712 26.342 25.340 26.280 23.117 22.938 20.669 20.684 18.526 18.466 17.711 19.238 20.167 18.039 19.233 18.613 20.733 22.700 23.323 23.355 21.441 22.905 20.958 26.105 28.826 31.302 31.501 28.766 26.852 28.229 28.450 30.255 33.269 34.048 36.070 43.375 34.535 35.760 38.186 38.848 34.947 35.087 32.847 35.443 38.673 34.278 37.723 29.737 33.141 32.207 27.607 21.957 21.028 18.547 18.972 18.116 18.729 14.616 16.392 14.003 11.294 11.967 11.873
-999.250 -999.250 -999.250 -999.250 24.372 28.394 29.015 27.278 24.144 21.620 19.911 22.173 17.575 16.485 12.013 12.255 13.043 14.084 16.294 18.563 20.491 20.809 23.831 25.910 22.483 23.103 22.322 23.471 27.848 29.423 32.146 32.858 30.133 28.889 28.898 31.915 32.712 39.514 41.096 37.391 37.140 41.736 42.348 43.877 39.710 41.275 37.886 36.559 39.778 43.349 32.881 33.410 31.583 27.387 27.341 21.970 21.361 21.607 18.928 16.719 17.809 14.639 12.013 14.519 15.824 13.996 14.324 14.439
-999.250 -999.250 -999.250 -999.250 28.094 26.974 30.820 30.669 23.943 22.470 20.367 19.793 16.789 13.208 8.319 9.593 5.859 7.495 11.289 15.470 18.495 19.780 21.386 20.956 25.153 25.618 27.452 27.132 27.627 34.181 37.589 33.916 31.477 32.357 32.066 32.872 36.293 38.540 40.913 46.935 51.958 50.918 44.573 44.164 39.324 42.467 43.294 35.897 39.552 37.990 29.238 29.177 34.130 26.683 24.306 25.535 20.461 21.201 19.269 18.704 15.211 14.553 13.275 13.085 14.851 13.445 14.111 14.014
-999.250 -999.250 -999.250 -999.250 25.682 26.440 24.931 23.429 26.236 23.624 21.093 19.388 16.125 9.383 6.964 2.513 0.000 1.785 7.727 11.839 17.164 20.856 21.868 23.888 26.845 27.005 28.698 27.671 33.976 37.345 36.342 32.918 36.031 37.319 35.501 37.445 40.694 40.994 46.156 46.567 59.795 58.617 57.578 49.250 48.980 42.468 39.418 34.923 33.604 35.630 35.431 34.385 29.240 27.803 22.427 23.140 20.572 22.025 18.634 16.479 14.777 16.465 13.079 13.953 13.032 13.835 12.307 14.078
-999.250 -999.250 -999.250 -999.250 27.111 29.995 27.705 26.140 25.192 25.648 21.538 20.403 16.472 10.186 8.895 6.236 1.283 2.717 5.960 6.489 15.216 20.498 25.636 24.688 29.048 27.902 31.469 33.843 33.126 41.292 40.471 39.018 35.692 35.862 35.337 41.438 41.562 42.806 48.799 57.628 70.214 63.391 50.820 57.399 55.007 45.852 44.739 42.370 35.815 39.807 37.898 32.227 29.682 27.638 22.335 19.861 18.173 16.063 14.982 13.900 13.807 14.821 11.700 13.731 13.026 14.806 10.063 12.667
-999.250 -999.250 -999.250 -999.250 29.422 29.876 25.302 26.487 29.063 23.716 21.498 20.357 17.538 15.043 12.366 8.354 8.808 8.729 6.979 11.592 18.397 22.932 25.305 24.606 28.024 29.867 35.617 35.431 37.988 38.640 38.095 45.017 45.593 49.124 40.914 41.376 41.992 45.251 53.691 59.703 57.873 61.321 62.379 64.626 58.257 48.410 52.618 44.048 37.420 35.199 33.931 32.854 30.393 29.484 25.016 20.728 15.823 10.816 11.640 13.555 11.002 13.274 12.916 16.356 14.832 12.938 14.531 13.448
-999.250 -999.250 -999.250 -999.250 33.975 32.869 28.457 30.655 28.593 26.809 23.627 21.518 20.128 18.926 16.131 14.509 12.781 15.162 16.307 18.403 21.783 23.202 25.788 30.242 31.897 31.215 29.087 41.553 44.399 45.844 45.619 39.408 48.898 47.529 52.963 45.264 49.698 46.192 51.785 56.312 58.751 72.684 71.633 74.409 65.986 60.450 57.639 53.733 38.984 33.816 39.386 32.733 33.115 29.170 22.036 18.749 11.335 0.000 6.593 10.074 10.288 11.442 14.435 14.458 14.554 14.076 13.327 15.609
-999.250 -999.250 -999.250 -999.250 39.991 36.009 34.646 32.147 33.453 32.688 29.575 26.250 25.581 24.181 22.670 18.708 18.965 18.473 23.167 24.431 27.419 26.151 27.914 31.811 33.431 36.131 38.609 46.708 56.092 49.670 40.175 49.234 51.407 53.507 56.206 51.806 46.111 50.736 57.681 65.299 69.564 69.739 71.545 70.533 72.472 69.076 65.203 50.324 47.188 43.053 35.046 40.571 35.459 31.370 24.995 18.710 14.093 11.332 10.253 12.211 12.206 11.834 14.027 14.497 14.422 13.961 14.309 12.495
-999.250 -999.250 -999.250 -999.250 37.872 39.584 33.242 31.631 32.403 32.127 31.864 31.514 29.600 28.108 26.728 25.983 22.517 25.045 28.419 29.320 32.903 36.366 34.666 36.607 35.907 40.005 46.260 49.641 55.168 51.067 51.227 54.555 54.568 52.151 60.710 63.346 57.394 63.808 56.392 52.996 63.257 70.009 69.311 67.281 65.036 62.608 62.268 65.822 49.693 39.178 35.245 37.744 30.895 28.728 23.541 21.581 17.963 13.890 13.309 13.792 11.246 11.169 12.552 12.434 12.083 14.190 13.951 16.718
-999.250 -999.250 -999.250 36.521 39.968 47.892 38.657 40.829 32.701 32.780 30.829 31.061 33.819 31.876 35.641 32.484 28.508 28.280 32.619 34.611 38.744 40.184 41.131 36.943 45.405 49.530 59.590 58.346 53.493 47.054 52.773 54.023 56.252 49.092 56.787 48.583 55.508 64.095 57.940 66.517 78.065 80.801 71.540 69.412 63.412 53.491 61.510 63.874 52.706 48.059 36.052 29.699 31.340 29.598 26.430 21.504 20.452 16.561 15.627 14.454 12.461 11.885 11.302 14.968 11.882 12.638 11.373 14.187
