data/medianmodel_09-Feb-2021.asc
ncols	141
nrows	288
xllcorner	-120191.398
yllcorner	-301404.813
cellsize	2000.000
NODATA_value	-999.250
[rows 0 to 27 of 288, columns 64 to 127 of 141]
-999.250 -999.250 -999.250 -999.250 -999.250 -999.250 -999.250 -999.250 -999.250 -999.250 -999.250 -999.250 -999.250 -999.250 -999.250 -999.250 -999.250 -999.250 -999.250 -999.250 -999.250 -999.250 -999.250 -999.250 -999.250 -999.250 -999.250 -999.250 -999.250 -999.250 -999.250 -999.250 -999.250 -999.250 -999.250 -999.250 -999.250 -999.250 -999.250 -999.250 -999.250 -999.250 -999.250 -999.250 -999.250 -999.250 -999.250 -999.250 -999.250 -999.250 -999.250 -999.250 -999.250 -999.250 -999.250 -999.250 -999.250 -999.250 -999.250 -999.250 -999.250 -999.250 -999.250 -999.250
-999.250 -999.250 -999.250 -999.250 -999.250 -999.250 -999.250 -999.250 -999.250 -999.250 -999.250 -999.250 -999.250 -999.250 -999.250 -999.250 -999.250 -999.250 -999.250 -999.250 -999.250 -999.250 -999.250 -999.250 -999.250 -999.250 -999.250 -999.250 -999.250 -999.250 -999.250 -999.250 -999.250 -999.250 -999.250 -999.250 -999.250 -999.250 -999.250 -999.250 -999.250 -999.250 -999.250 -999.250 -999.250 -999.250 -999.250 -999.250 -999.250 -999.250 -999.250 -999.250 -999.250 -999.250 -999.250 -999.250 -999.250 -999.250 -999.250 -999.250 -999.250 -999.250 -999.250 -999.250
-999.250 -999.250 -999.250 -999.250 -999.250 -999.250 -999.250 -999.250 -999.250 -999.250 -999.250 -999.250 -999.250 -999.250 -999.250 -999.250 -999.250 -999.250 -999.250 -999.250 -999.250 -999.250 -999.250 -999.250 -999.250 -999.250 -999.250 -999.250 -999.250 -999.250 -999.250 -999.250 -999.250 -999.250 -999.250 -999.250 -999.250 -999.250 -999.250 -999.250 -999.250 -999.250 -999.250 -999.250 -999.250 -999.250 -999.250 -999.250 -999.250 -999.250 -999.250 -999.250 -999.250 -999.250 -999.250 -999.250 -999.250 -999.250 -999.250 -999.250 -999.250 -999.250 -999.250 -999.250
-999.250 -999.250 -999.250 -999.250 -999.250 -999.250 -999.250 -999.250 -999.250 -999.250 -999.250 -999.250 -999.250 -999.250 -999.250 -999.250 -999.250 -999.250 -999.250 -999.250 -999.250 -999.250 -999.250 -999.250 -999.250 -999.250 -999.250 -999.250 -999.250 -999.250 -999.250 -999.250 -999.250 -999.250 -999.250 -999.250 -999.250 -999.250 -999.250 -999.250 -999.250 -999.250 -999.250 -999.250 -999.250 -999.250 -999.250 -999.250 -999.250 -999.250 -999.250 -999.250 -999.250 -999.250 -999.250 -999.250 -999.250 -999.250 -999.250 -999.250 -999.250 -999.250 -999.250 -999.250
-999.250 -999.250 -999.250 -999.250 -999.250 -999.250 -999.250 -999.250 -999.250 -999.250 -999.250 -999.250 -999.250 -999.250 -999.250 -999.250 -999.250 -999.250 -999.250 -999.250 -999.250 -999.250 -999.250 -999.250 -999.250 -999.250 -999.250 -999.250 -999.250 -999.250 -999.250 -999.250 -999.250 -999.250 -999.250 -999.250 -999.250 -999.250 -999.250 -999.250 -999.250 -999.250 -999.250 -999.250 -999.250 -999.250 -999.250 -999.250 -999.250 -999.250 -999.250 -999.250 -999.250 -999.250 -999.250 -999.250 -999.250 -999.250 -999.250 -999.250 -999.250 -999.250 -999.250 -999.250
-999.250 -999.250 -999.250 -999.250 -999.250 -999.250 -999.250 -999.250 -999.250 -999.250 -999.250 -999.250 -999.250 -999.250 -999.250 -999.250 -999.250 -999.250 -999.250 -999.250 -999.250 -999.250 -999.250 -999.250 -999.250 -999.250 -999.250 -999.250 -999.250 -999.250 -999.250 -999.250 -999.250 -999.250 -999.250 -999.250 -999.250 -999.250 -999.250 -999.250 -999.250 -999.250 -999.250 -999.250 -999.250 -999.250 -999.250 -999.250 -999.250 -999.250 -999.250 -999.250 -999.250 -999.250 -999.250 -999.250 -999.250 -999.250 -999.250 -999.250 -999.250 -999.250 -999.250 -999.250
-999.250 -999.250 -999.250 -999.250 -999.250 -999.250 -999.250 -999.250 -999.250 -999.250 -999.250 -999.250 -999.250 -999.250 -999.250 -999.250 -999.250 -999.250 -999.250 -999.250 -999.250 -999.250 -999.250 -999.250 -999.250 -999.250 -999.250 -999.250 -999.250 -999.250 -999.250 -999.250 -999.250 -999.250 -999.250 -999.250 -999.250 -999.250 -999.250 -999.250 -999.250 -999.250 -999.250 -999.250 -999.250 -999.250 -999.250 -999.250 -999.250 -999.250 -999.250 -999.250 -999.250 -999.250 -999.250 -999.250 -999.250 -999.250 -999.250 -999.250 -999.250 -999.250 -999.250 -999.250
-999.250 -999.250 -999.250 -999.250 -999.250 -999.250 -999.250 -999.250 -999.250 -999.250 -999.250 -999.250 -999.250 -999.250 -999.250 -999.250 -999.250 -999.250 -999.250 -999.250 -999.250 -999.250 -999.250 -999.250 -999.250 -999.250 -999.250 -999.250 -999.250 -999.250 -999.250 -999.250 -999.250 -999.250 -999.250 -999.250 -999.250 -999.250 -999.250 -999.250 -999.250 -999.250 -999.250 -999.250 -999.250 -999.250 -999.250 -999.250 -999.250 -999.250 -999.250 -999.250 -999.250 -999.250 -999.250 -999.250 -999.250 -999.250 -999.250 -999.250 -999.250 -999.250 -999.250 -999.250
-999.250 -999.250 -999.250 -999.250 -999.250 -999.250 -999.250 -999.250 -999.250 -999.250 -999.250 -999.250 -999.250 -999.250 -999.250 -999.250 -999.250 -999.250 -999.250 -999.250 -999.250 -999.250 -999.250 -999.250 -999.250 -999.250 -999.250 -999.250 -999.250 -999.250 -999.250 -999.250 -999.250 -999.250 -999.250 -999.250 -999.250 -999.250 -999.250 -999.250 -999.250 -999.250 -999.250 -999.250 -999.250 -999.250 -999.250 -999.250 -999.250 -999.250 976.857 -999.250 -999.250 -999.250 -999.250 -999.250 -999.250 -999.250 -999.250 -999.250 -999.250 -999.250 -999.250 -999.250
-999.250 -999.250 -999.250 -999.250 -999.250 -999.250 -999.250 -999.250 -999.250 -999.250 -999.250 -999.250 -999.250 -999.250 -999.250 -999.250 -999.250 -999.250 -999.250 -999.250 -999.250 -999.250 -999.250 -999.250 -999.250 -999.250 -999.250 -999.250 -999.250 -999.250 -999.250 -999.250 -999.250 -999.250 -999.250 756.700 801.524 776.168 802.831 -999.250 -999.250 -999.250 -999.250 835.244 -999.250 -999.250 -999.250 -999.250 -999.250 -999.250 989.832 952.018 -999.250 -999.250 -999.250 -999.250 -999.250 -999.250 -999.250 -999.250 -999.250 -999.250 -999.250 -999.250
-999.250 -999.250 -999.250 -999.250 -999.250 -999.250 -999.250 -999.250 -999.250 -999.250 -999.250 -999.250 -999.250 -999.250 -999.250 -999.250 -999.250 -999.250 -999.250 -999.250 -999.250 -999.250 -999.250 -999.250 -999.250 -999.250 -999.250 -999.250 -999.250 -999.250 -999.250 -999.250 -999.250 -999.250 -999.250 739.947 750.188 785.761 805.619 -999.250 -999.250 -999.250 892.761 916.556 923.661 -999.250 -999.250 -999.250 -999.250 -999.250 979.328 974.469 879.684 -999.250 -999.250 -999.250 -999.250 -999.250 -999.250 846.302 817.798 -999.250 -999.250 -999.250
-999.250 -999.250 -999.250 -999.250 -999.250 -999.250 -999.250 -999.250 -999.250 -999.250 -999.250 -999.250 -999.250 -999.250 -999.250 -999.250 -999.250 -999.250 -999.250 -999.250 -999.250 -999.250 -999.250 -999.250 -999.250 -999.250 -999.250 -999.250 -999.250 -999.250 -999.250 -999.250 -999.250 -999.250 -999.250 732.871 766.522 789.395 817.147 829.692 876.213 859.028 897.962 918.348 922.475 883.629 899.304 906.532 974.514 957.931 963.068 916.781 877.184 894.526 912.852 881.191 897.274 892.605 864.064 824.914 775.382 -999.250 -999.250 -999.250
-999.250 -999.250 -999.250 -999.250 -999.250 717.203 -999.250 -999.250 -999.250 -999.250 -999.250 -999.250 -999.250 -999.250 -999.250 -999.250 -999.250 -999.250 -999.250 -999.250 -999.250 -999.250 -999.250 -999.250 -999.250 -999.250 -999.250 -999.250 -999.250 -999.250 -999.250 -999.250 -999.250 -999.250 -999.250 797.610 824.144 816.540 835.055 825.807 836.831 868.825 907.602 910.861 910.931 888.635 912.140 945.336 928.288 949.820 925.633 921.897 932.239 958.758 957.632 920.413 919.844 939.724 857.569 814.820 826.161 -999.250 -999.250 -999.250
-999.250 -999.250 -999.250 -999.250 -999.250 715.712 -999.250 -999.250 -999.250 -999.250 -999.250 -999.250 -999.250 721.918 -999.250 -999.250 -999.250 -999.250 -999.250 -999.250 -999.250 -999.250 -999.250 -999.250 -999.250 -999.250 -999.250 -999.250 -999.250 -999.250 -999.250 -999.250 -999.250 -999.250 -999.250 813.067 818.113 829.718 857.600 856.079 852.059 848.042 897.941 890.369 895.188 908.425 898.993 969.201 932.803 960.575 915.071 953.795 958.525 926.928 920.817 908.184 902.795 876.435 898.172 816.507 776.504 -999.250 -999.250 -999.250
-999.250 -999.250 -999.250 -999.250 -999.250 687.195 -999.250 -999.250 -999.250 -999.250 695.593 688.412 740.344 718.002 717.997 -999.250 -999.250 -999.250 -999.250 -999.250 -999.250 -999.250 -999.250 -999.250 -999.250 -999.250 -999.250 -999.250 -999.250 -999.250 -999.250 -999.250 -999.250 -999.250 -999.250 779.424 794.611 846.698 842.664 849.599 846.835 836.350 918.696 899.390 901.206 924.053 915.981 911.126 938.040 943.890 931.236 945.819 951.400 943.227 902.349 931.813 921.788 888.049 834.625 814.490 773.718 743.027 -999.250 -999.250
-999.250 -999.250 675.817 652.848 680.285 664.593 -999.250 -999.250 708.269 734.494 706.232 744.428 794.357 728.852 746.495 731.984 749.871 716.368 -999.250 -999.250 -999.250 -999.250 -999.250 -999.250 -999.250 -999.250 -999.250 -999.250 -999.250 -999.250 -999.250 -999.250 641.856 682.551 689.753 723.664 771.461 800.953 867.400 852.912 816.886 859.996 881.348 933.463 921.759 936.695 948.154 936.872 948.833 921.626 963.062 971.576 978.090 955.294 919.265 907.175 927.136 913.940 844.822 812.023 806.986 747.069 -999.250 -999.250
-999.250 671.392 641.694 634.862 640.914 660.044 -999.250 704.972 702.199 729.012 773.707 807.424 808.140 815.872 810.643 821.882 773.025 -999.250 -999.250 -999.250 -999.250 -999.250 596.284 530.021 -999.250 -999.250 -999.250 542.091 -999.250 -999.250 550.730 563.349 621.120 651.356 702.603 724.908 743.846 773.201 826.896 800.946 851.733 913.780 945.933 916.813 914.113 924.259 957.155 912.356 898.321 906.080 945.117 954.328 941.827 957.404 915.789 920.895 880.943 861.125 839.515 792.025 763.029 732.099 -999.250 -999.250
-999.250 637.322 652.577 613.865 628.740 651.845 693.803 706.255 708.828 748.606 802.239 813.214 875.086 915.925 940.163 912.198 851.323 -999.250 -999.250 740.058 680.640 652.236 610.723 540.454 502.235 -999.250 487.984 488.987 485.479 518.825 542.081 582.552 612.818 657.584 684.000 727.773 746.229 767.384 781.543 831.202 823.355 867.039 929.512 958.433 909.810 919.558 877.245 914.368 911.218 922.598 924.021 907.252 941.641 946.231 925.372 936.155 853.669 855.727 800.839 770.147 721.337 731.881 -999.250 -999.250
638.792 603.876 615.465 629.033 635.800 628.558 657.027 701.264 732.945 782.568 854.962 894.120 963.590 1029.491 1011.303 1004.339 947.381 917.307 902.315 822.346 717.488 651.081 599.473 528.818 472.175 472.658 460.559 483.601 506.127 531.517 570.218 577.315 649.111 684.842 704.600 728.257 739.555 767.587 764.814 817.285 857.461 889.395 900.724 935.104 882.804 929.298 884.229 887.896 850.726 910.328 913.103 896.469 922.597 926.220 927.421 869.116 831.579 778.436 767.900 741.843 715.911 696.033 -999.250 -999.250
673.227 634.046 611.175 630.446 623.844 637.785 652.721 696.152 729.541 829.245 907.207 995.938 1022.418 1118.404 1089.533 1128.515 1071.961 1003.359 947.052 887.715 777.706 676.904 582.093 505.663 478.181 466.245 462.529 477.597 522.126 538.702 573.903 594.857 627.668 658.934 697.787 710.543 724.084 760.688 822.122 846.850 845.054 843.951 887.422 894.779 912.079 907.903 864.028 845.174 874.366 829.895 885.306 914.701 891.887 873.441 860.720 817.650 787.872 745.410 737.753 693.760 683.907 664.476 -999.250 -999.250
679.129 633.508 613.132 622.721 629.811 652.090 642.137 683.282 746.715 874.384 953.021 1041.597 1136.695 1197.717 1225.750 1233.320 1193.796 1139.136 1031.727 953.310 816.020 685.904 596.733 497.630 461.752 473.193 475.677 504.835 518.684 530.908 550.071 580.158 574.188 660.546 704.674 706.282 747.282 746.890 788.947 834.219 834.460 869.172 848.356 860.369 884.961 881.160 856.737 871.433 861.110 855.358 885.135 873.796 864.778 824.235 855.182 788.796 767.214 734.124 728.600 672.375 659.688 -999.250 -999.250 -999.250
677.012 654.380 642.178 635.662 650.169 668.527 670.127 666.889 772.185 897.544 1018.858 1117.926 1215.190 1280.224 1324.801 1303.173 1323.737 1275.400 1194.226 1050.474 878.964 733.854 585.448 449.889 449.402 479.076 500.911 499.441 516.781 537.879 556.946 602.398 625.797 681.517 706.515 726.990 711.213 745.749 751.643 801.961 819.686 826.224 858.469 866.866 853.588 842.607 885.333 865.640 841.236 804.032 799.716 821.923 814.442 765.075 767.989 744.425 746.053 716.648 671.458 659.867 626.061 -999.250 -999.250 -999.250
665.380 665.673 681.568 678.316 685.898 685.472 722.447 756.887 884.421 967.628 1087.298 1207.406 1297.243 1350.190 1478.535 1502.113 1478.335 1399.132 1294.109 1126.208 955.439 767.894 655.310 542.080 515.649 499.895 517.651 536.116 552.540 563.459 594.847 636.826 631.844 675.788 713.583 710.674 702.621 730.375 754.420 767.629 802.627 787.744 807.246 787.594 839.758 886.676 856.289 813.869 855.816 809.259 812.571 779.919 808.342 747.554 747.044 715.160 720.978 688.366 629.081 634.020 603.183 -999.250 -999.250 -999.250
676.759 686.972 677.683 756.336 725.578 744.321 803.771 887.487 948.767 1050.017 1198.629 1290.559 1378.519 1490.608 1557.698 1619.376 1598.673 1477.756 1304.155 1144.532 985.547 816.152 718.190 627.910 565.342 558.429 552.605 582.945 578.895 617.136 628.259 631.619 656.828 688.194 707.679 732.545 723.098 716.156 740.699 733.363 767.250 744.385 721.817 778.573 753.763 797.499 798.294 798.198 795.447 751.846 787.246 771.595 714.149 736.268 705.678 684.129 663.557 631.275 612.510 577.561 544.999 -999.250 -999.250 -999.250
702.943 724.699 707.134 729.192 774.611 834.197 883.541 985.635 1038.376 1128.693 1239.211 1317.739 1426.101 1562.374 1654.659 1820.728 1686.133 1542.895 1360.327 1164.092 1034.177 889.879 757.794 675.520 647.348 643.371 637.872 619.979 639.229 637.746 649.872 658.111 688.156 681.027 703.059 733.275 733.528 702.718 708.185 729.133 708.181 731.840 697.506 720.415 751.490 737.109 729.168 722.954 767.955 727.806 748.101 715.801 713.788 690.144 661.897 665.464 619.881 566.898 532.287 517.665 508.911 -999.250 -999.250 -999.250
728.566 737.855 745.616 828.611 874.444 936.711 953.865 987.153 1076.271 1159.305 1313.022 1373.160 1451.947 1574.434 1642.546 1664.396 1626.181 1480.736 1348.216 1228.237 1073.117 893.214 809.616 735.964 685.886 678.585 668.446 675.089 661.657 672.273 677.322 707.359 713.130 710.070 721.963 719.589 744.092 702.053 709.772 717.915 729.411 695.024 705.470 713.840 735.083 717.112 712.548 723.675 713.817 715.039 704.991 695.341 680.473 680.063 660.274 643.297 573.120 530.842 521.488 497.097 487.592 477.918 -999.250 -999.250
780.204 766.850 766.784 824.116 865.333 949.188 990.080 1062.210 1146.737 1196.098 1293.082 1380.352 1504.835 1539.778 1528.303 1564.970 1487.557 1410.967 1330.565 1181.492 1028.412 940.912 865.493 769.135 752.510 722.670 716.882 710.446 698.865 724.563 751.446 753.410 740.522 747.308 753.766 727.762 729.435 696.965 708.765 702.947 704.015 697.301 693.290 688.090 710.741 694.310 693.712 675.569 691.019 679.556 659.359 663.651 685.524 655.426 631.250 608.202 540.285 515.113 509.415 473.894 467.105 444.039 433.901 -999.250
737.878 726.168 761.005 811.561 859.718 964.359 1008.291 1093.752 1189.405 1235.580 1308.537 1339.120 1431.839 1476.874 1517.060 1492.714 1396.346 1355.774 1219.467 1080.429 1010.332 947.646 907.013 802.756 750.698 786.799 758.745 753.320 730.923 777.150 793.833 803.725 818.138 782.674 776.635 798.648 757.485 765.646 717.831 702.975 694.092 706.510 700.095 664.547 661.962 683.851 664.950 681.756 674.977 664.408 647.649 646.927 633.357 626.348 615.701 557.094 532.009 498.104 464.624 452.617 444.249 408.856 397.617 420.101
