data/medianmodel_30-Apr-2020.asc
ncols	141
nrows	288
xllcorner	-120191.398
yllcorner	-301404.813
cellsize	2000.000
NODATA_value	-999.250
[rows 30 to 59 of 288, columns 0 to 68 of 141]
-999.250 -999.250 -999.250 -999.250 -999.250 -999.250 -999.250 -999.250 -999.250 -999.250 -999.250 -999.250 -999.250 -999.250 -999.250 -999.250 -999.250 -999.250 -999.250 -999.250 -999.250 -999.250 -999.250 -999.250 -999.250 -999.250 -999.250 -999.250 -999.250 -999.250 -999.250 30.957 29.466 30.754 22.536 28.762 31.911 31.945 30.299 42.113 42.360 56.968 67.582 77.925 100.033 94.842 97.542 95.570 90.413 85.962 82.335 79.169 75.911 82.731 88.186 80.939 74.628 66.500 57.080 52.452 46.792 45.688 36.789 33.025 30.417 31.259 30.958 23.749 23.425
-999.250 -999.250 -999.250 -999.250 -999.250 -999.250 -999.250 -999.250 -999.250 -999.250 -999.250 -999.250 -999.250 -999.250 -999.250 -999.250 -999.250 -999.250 -999.250 -999.250 -999.250 -999.250 -999.250 -999.250 -999.250 -999.250 -999.250 -999.250 -999.250 -999.250 -999.250 -999.250 28.589 26.621 26.048 24.742 25.366 25.803 28.510 43.162 44.142 56.140 68.115 78.964 95.490 97.128 101.178 101.193 96.363 93.441 88.362 89.557 95.539 95.770 102.330 94.895 88.099 70.786 68.835 57.834 51.572 45.951 41.246 37.390 37.590 34.941 34.335 33.906 26.893
-999.250 -999.250 -999.250 -999.250 -999.250 -999.250 -999.250 -999.250 -999.250 -999.250 -999.250 -999.250 -999.250 -999.250 -999.250 -999.250 -999.250 -999.250 -999.250 -999.250 -999.250 -999.250 -999.250 -999.250 -999.250 -999.250 -999.250 -999.250 -999.250 -999.250 -999.250 -999.250 28.002 22.224 20.055 23.130 21.484 24.772 33.862 36.926 47.470 54.630 61.646 76.914 91.255 98.573 104.534 111.228 109.558 106.311 101.156 99.567 98.798 105.769 105.343 101.489 96.219 89.565 74.306 68.127 54.433 51.405 43.086 43.617 41.713 37.537 34.193 31.207 30.182
-999.250 -999.250 -999.250 -999.250 -999.250 -999.250 -999.250 -999.250 -999.250 -999.250 -999.250 -999.250 -999.250 -999.250 -999.250 -999.250 -999.250 -999.250 -999.250 -999.250 -999.250 -999.250 -999.250 -999.250 -999.250 -999.250 -999.250 -999.250 -999.250 -999.250 -999.250 -999.250 24.971 23.408 21.200 21.746 24.413 25.665 33.349 42.025 48.198 55.769 66.255 77.433 93.384 96.101 110.121 121.812 123.714 117.501 117.345 115.342 119.852 121.408 120.767 110.629 103.472 101.870 80.277 73.846 64.606 53.714 53.076 48.670 43.936 44.081 39.847 28.837 30.359
-999.250 -999.250 -999.250 -999.250 -999.250 -999.250 -999.250 -999.250 -999.250 -999.250 -999.250 -999.250 -999.250 -999.250 -999.250 -999.250 -999.250 -999.250 -999.250 -999.250 -999.250 -999.250 -999.250 -999.250 -999.250 -999.250 -999.250 -999.250 -999.250 -999.250 -999.250 -999.250 27.059 25.581 24.795 31.426 31.826 35.827 38.665 43.240 53.939 55.526 62.341 79.439 79.640 100.214 115.496 126.134 119.754 146.884 141.356 138.548 146.531 152.413 133.545 123.038 104.169 100.443 89.478 83.415 69.477 61.221 49.490 48.864 51.190 40.023 32.528 25.191 28.698
-999.250 -999.250 -999.250 -999.250 -999.250 -999.250 -999.250 -999.250 -999.250 -999.250 -999.250 -999.250 -999.250 -999.250 -999.250 -999.250 -999.250 -999.250 -999.250 -999.250 -999.250 -999.250 -999.250 -999.250 -999.250 -999.250 -999.250 -999.250 -999.250 -999.250 -999.250 -999.250 34.174 29.677 29.573 33.230 36.342 37.056 42.198 47.885 50.699 57.877 58.483 78.085 86.214 97.381 110.402 133.574 142.308 158.629 159.311 167.915 173.287 168.582 135.829 126.896 117.302 108.838 91.418 79.220 73.838 67.753 53.631 49.032 43.043 37.659 29.497 24.191 21.647
-999.250 -999.250 -999.250 -999.250 -999.250 -999.250 -999.250 -999.250 -999.250 -999.250 -999.250 -999.250 -999.250 -999.250 -999.250 -999.250 -999.250 -999.250 -999.250 -999.250 -999.250 -999.250 -999.250 -999.250 -999.250 -999.250 -999.250 -999.250 -999.250 -999.250 -999.250 -999.250 43.602 41.143 33.264 39.206 41.584 46.180 47.571 55.947 57.689 60.543 64.228 70.644 91.872 101.584 115.480 134.969 150.420 165.862 174.366 181.462 182.259 171.706 164.441 156.107 136.692 112.585 99.388 81.869 75.531 58.867 52.647 47.737 43.882 37.978 29.039 23.069 16.943
-999.250 -999.250 -999.250 -999.250 -999.250 -999.250 -999.250 -999.250 -999.250 -999.250 -999.250 -999.250 -999.250 -999.250 -999.250 -999.250 -999.250 -999.250 -999.250 -999.250 -999.250 -999.250 -999.250 -999.250 -999.250 -999.250 -999.250 -999.250 -999.250 -999.250 -999.250 -999.250 -999.250 52.511 45.714 47.070 46.862 54.111 51.447 53.961 49.966 65.608 68.366 81.214 84.513 92.632 121.654 135.010 149.707 187.525 187.728 196.754 207.251 191.770 172.008 160.924 153.217 121.431 102.031 90.722 73.945 63.806 54.484 44.534 40.008 30.487 24.782 17.221 13.913
-999.250 -999.250 -999.250 -999.250 -999.250 -999.250 -999.250 -999.250 -999.250 -999.250 -999.250 -999.250 -999.250 -999.250 -999.250 -999.250 -999.250 -999.250 -999.250 -999.250 -999.250 -999.250 -999.250 -999.250 -999.250 -999.250 -999.250 -999.250 -999.250 -999.250 -999.250 -999.250 -999.250 61.211 56.085 50.100 50.578 50.187 50.713 53.019 55.025 59.049 61.384 79.692 93.543 105.955 125.204 151.147 162.617 187.590 198.492 210.076 205.936 210.706 197.922 170.836 160.525 125.342 106.117 95.528 87.483 58.829 46.508 35.929 31.621 24.233 17.770 12.298 9.522
-999.250 -999.250 -999.250 -999.250 -999.250 -999.250 -999.250 -999.250 -999.250 -999.250 -999.250 -999.250 -999.250 -999.250 -999.250 -999.250 -999.250 -999.250 -999.250 -999.250 -999.250 -999.250 -999.250 -999.250 -999.250 -999.250 -999.250 -999.250 -999.250 -999.250 -999.250 -999.250 77.643 74.985 62.810 62.810 59.151 58.789 51.126 50.689 56.146 62.696 70.231 77.001 82.855 107.247 118.498 141.887 173.231 191.054 210.215 223.929 221.261 223.316 215.293 204.612 180.747 153.530 119.908 99.462 88.532 70.556 55.610 37.901 28.412 18.813 9.767 7.396 4.157
-999.250 -999.250 -999.250 -999.250 -999.250 -999.250 -999.250 -999.250 -999.250 -999.250 -999.250 -999.250 -999.250 -999.250 -999.250 -999.250 -999.250 -999.250 -999.250 -999.250 -999.250 -999.250 -999.250 -999.250 -999.250 -999.250 -999.250 -999.250 -999.250 -999.250 -999.250 -999.250 88.280 78.975 71.718 61.170 60.142 55.911 52.061 49.747 52.373 56.310 68.646 72.335 87.266 97.638 109.353 147.439 164.589 198.495 212.747 223.752 241.122 238.478 234.650 215.857 210.980 174.782 144.900 118.190 94.641 75.499 57.815 36.765 23.849 15.964 8.059 4.386 1.595
-999.250 -999.250 -999.250 -999.250 -999.250 -999.250 -999.250 -999.250 -999.250 -999.250 -999.250 -999.250 -999.250 -999.250 -999.250 -999.250 -999.250 -999.250 -999.250 -999.250 -999.250 -999.250 -999.250 -999.250 -999.250 -999.250 -999.250 -999.250 -999.250 -999.250 -999.250 -999.250 -999.250 88.836 84.416 71.214 68.661 66.276 53.895 50.942 54.980 55.580 66.050 65.749 77.463 90.257 116.003 152.612 173.658 201.583 226.464 235.426 247.778 247.505 246.518 229.780 223.021 200.447 174.469 146.629 108.461 88.059 60.415 42.008 30.804 16.876 7.189 0.000 0.000
-999.250 -999.250 -999.250 -999.250 -999.250 -999.250 -999.250 -999.250 -999.250 -999.250 -999.250 -999.250 -999.250 -999.250 -999.250 -999.250 -999.250 -999.250 -999.250 -999.250 -999.250 -999.250 -999.250 -999.250 -999.250 -999.250 -999.250 -999.250 -999.250 -999.250 -999.250 -999.250 -999.250 92.919 84.226 79.476 69.649 64.436 52.676 47.648 50.037 57.501 65.217 71.199 84.883 99.470 127.957 153.094 182.586 209.417 218.035 239.365 251.077 250.173 249.743 247.410 246.459 229.869 204.698 167.080 133.490 98.222 73.589 52.553 32.219 20.548 11.347 3.965 0.000
-999.250 -999.250 -999.250 -999.250 -999.250 -999.250 -999.250 -999.250 -999.250 -999.250 -999.250 -999.250 -999.250 -999.250 -999.250 -999.250 -999.250 -999.250 -999.250 -999.250 -999.250 -999.250 -999.250 -999.250 -999.250 -999.250 -999.250 -999.250 -999.250 -999.250 -999.250 -999.250 -999.250 87.250 80.743 78.340 73.235 65.851 49.128 51.358 54.096 62.672 60.137 73.532 85.111 105.720 122.639 161.634 184.810 201.024 215.247 234.656 246.252 247.990 249.921 249.402 249.656 249.903 220.305 179.024 151.284 114.712 81.412 55.891 35.038 23.320 13.174 6.708 2.410
-999.250 -999.250 -999.250 -999.250 -999.250 -999.250 -999.250 -999.250 -999.250 -999.250 -999.250 -999.250 -999.250 -999.250 -999.250 -999.250 -999.250 -999.250 -999.250 -999.250 -999.250 -999.250 -999.250 -999.250 -999.250 -999.250 -999.250 -999.250 -999.250 -999.250 -999.250 -999.250 -999.250 -999.250 77.265 78.850 76.465 61.130 57.641 54.677 57.749 58.755 67.990 79.358 88.591 103.417 122.681 146.027 172.887 185.247 206.702 208.271 225.803 236.233 248.286 245.986 248.677 244.453 211.794 178.741 147.245 109.367 82.843 59.296 40.512 28.530 17.092 9.083 2.982
-999.250 -999.250 -999.250 -999.250 -999.250 -999.250 -999.250 -999.250 -999.250 -999.250 -999.250 -999.250 -999.250 -999.250 -999.250 -999.250 -999.250 -999.250 -999.250 -999.250 -999.250 -999.250 -999.250 -999.250 -999.250 -999.250 -999.250 -999.250 -999.250 -999.250 -999.250 -999.250 -999.250 -999.250 84.360 81.938 72.364 64.489 64.314 53.539 60.793 62.389 64.916 72.882 86.063 96.903 112.899 134.677 139.362 166.433 172.094 183.966 199.991 208.429 232.178 235.080 237.268 225.139 202.195 172.431 142.331 105.010 91.461 64.263 43.206 29.074 17.095 9.315 6.080
-999.250 -999.250 -999.250 -999.250 -999.250 -999.250 -999.250 -999.250 -999.250 -999.250 -999.250 -999.250 -999.250 -999.250 -999.250 -999.250 -999.250 -999.250 -999.250 -999.250 -999.250 -999.250 -999.250 -999.250 -999.250 -999.250 -999.250 -999.250 -999.250 -999.250 -999.250 -999.250 -999.250 -999.250 84.756 89.610 81.166 84.958 77.265 73.540 71.367 62.673 72.607 75.520 86.360 99.266 107.835 116.900 122.223 131.939 135.735 157.879 187.220 194.618 199.081 203.611 210.544 205.222 174.281 155.184 132.979 108.442 82.912 58.317 42.317 28.412 20.757 11.885 7.325
-999.250 -999.250 -999.250 -999.250 -999.250 -999.250 -999.250 -999.250 -999.250 -999.250 -999.250 -999.250 -999.250 -999.250 -999.250 -999.250 -999.250 -999.250 -999.250 -999.250 -999.250 -999.250 -999.250 -999.250 -999.250 -999.250 -999.250 -999.250 -999.250 -999.250 -999.250 -999.250 -999.250 -999.250 86.891 91.806 89.138 98.133 91.881 79.961 81.353 75.346 77.426 78.410 84.908 100.817 119.312 115.990 121.591 119.288 131.736 136.173 149.153 166.227 164.688 163.588 165.764 163.653 159.008 135.349 110.788 87.446 76.249 54.348 44.522 28.582 18.667 12.765 8.282
-999.250 -999.250 -999.250 -999.250 -999.250 -999.250 -999.250 -999.250 -999.250 -999.250 -999.250 -999.250 -999.250 -999.250 -999.250 -999.250 -999.250 -999.250 -999.250 -999.250 -999.250 -999.250 -999.250 -999.250 -999.250 -999.250 -999.250 -999.250 -999.250 -999.250 -999.250 -999.250 -999.250 -999.250 -999.250 93.740 99.785 93.262 92.604 84.147 80.891 76.681 77.804 84.596 101.869 115.744 115.846 115.372 109.099 117.294 115.036 118.930 121.736 141.412 141.465 153.053 130.152 127.869 119.342 112.684 100.060 85.496 69.558 52.378 38.607 26.642 20.538 12.990 8.115
-999.250 -999.250 -999.250 -999.250 -999.250 -999.250 -999.250 -999.250 -999.250 -999.250 -999.250 -999.250 -999.250 -999.250 -999.250 -999.250 -999.250 -999.250 -999.250 -999.250 -999.250 -999.250 -999.250 -999.250 -999.250 -999.250 -999.250 -999.250 -999.250 -999.250 -999.250 -999.250 -999.250 -999.250 -999.250 102.991 107.574 110.427 107.439 90.694 87.483 87.887 86.264 86.834 102.052 112.413 120.672 113.512 112.723 111.205 113.926 111.782 120.038 118.523 112.469 128.510 124.600 108.900 100.085 84.866 84.838 78.713 61.746 46.495 32.399 25.745 19.282 17.453 8.739
-999.250 -999.250 -999.250 -999.250 -999.250 -999.250 -999.250 -999.250 -999.250 -999.250 -999.250 -999.250 -999.250 -999.250 -999.250 -999.250 -999.250 -999.250 -999.250 -999.250 -999.250 -999.250 -999.250 -999.250 -999.250 -999.250 -999.250 -999.250 -999.250 -999.250 -999.250 -999.250 -999.250 -999.250 -999.250 112.159 106.366 115.151 120.335 97.143 81.926 85.710 89.690 99.902 96.874 110.245 128.958 112.839 106.892 102.752 106.878 101.780 99.343 101.690 101.881 101.334 97.505 91.396 83.638 72.890 76.326 70.821 55.261 48.552 33.909 28.212 25.583 14.679 7.723
-999.250 -999.250 -999.250 -999.250 -999.250 -999.250 -999.250 -999.250 -999.250 -999.250 -999.250 -999.250 -999.250 -999.250 -999.250 -999.250 -999.250 -999.250 -999.250 -999.250 -999.250 -999.250 -999.250 -999.250 -999.250 -999.250 -999.250 -999.250 -999.250 -999.250 -999.250 -999.250 -999.250 -999.250 -999.250 112.850 109.669 122.065 136.864 103.383 89.478 89.721 100.571 98.138 99.589 103.614 107.615 102.013 99.693 100.416 94.575 86.190 80.104 82.123 76.922 79.043 80.827 72.151 70.894 68.985 60.088 54.789 51.282 41.389 34.378 25.946 21.518 14.742 10.858
-999.250 -999.250 -999.250 -999.250 -999.250 -999.250 -999.250 -999.250 -999.250 -999.250 -999.250 -999.250 -999.250 -999.250 -999.250 -999.250 -999.250 -999.250 -999.250 -999.250 -999.250 -999.250 -999.250 -999.250 -999.250 -999.250 -999.250 -999.250 -999.250 -999.250 -999.250 -999.250 -999.250 -999.250 -999.250 118.843 124.469 112.302 110.765 107.079 92.912 101.496 98.323 94.360 92.095 87.253 93.721 90.954 87.757 95.275 79.755 74.767 69.457 62.732 63.844 70.335 54.891 55.618 57.514 52.118 46.103 44.332 41.008 38.086 35.169 28.369 20.662 16.178 12.881
-999.250 -999.250 -999.250 -999.250 -999.250 -999.250 -999.250 -999.250 -999.250 -999.250 -999.250 -999.250 -999.250 -999.250 -999.250 -999.250 -999.250 -999.250 -999.250 -999.250 -999.250 -999.250 -999.250 -999.250 -999.250 -999.250 -999.250 -999.250 -999.250 -999.250 -999.250 -999.250 -999.250 -999.250 -999.250 -999.250 110.074 110.223 98.065 91.512 88.346 90.062 99.745 99.796 96.396 86.726 90.228 87.350 77.133 76.553 70.848 58.675 48.730 50.895 52.929 50.799 47.332 46.057 41.810 36.896 36.346 34.129 36.788 35.561 31.560 25.937 23.316 19.659 16.372
-999.250 -999.250 -999.250 -999.250 -999.250 -999.250 -999.250 -999.250 -999.250 -999.250 -999.250 -999.250 -999.250 -999.250 -999.250 -999.250 -999.250 -999.250 -999.250 -999.250 -999.250 -999.250 -999.250 -999.250 -999.250 -999.250 -999.250 -999.250 -999.250 -999.250 -999.250 -999.250 -999.250 -999.250 -999.250 -999.250 97.277 88.018 91.205 78.945 84.928 88.307 93.552 106.034 91.353 85.328 81.917 73.755 77.396 62.595 52.721 45.936 43.055 39.665 41.434 39.673 35.847 38.154 41.261 30.475 27.269 32.372 30.436 31.860 30.633 27.027 24.779 22.406 18.316
-999.250 -999.250 -999.250 -999.250 -999.250 -999.250 -999.250 -999.250 -999.250 -999.250 -999.250 -999.250 -999.250 -999.250 -999.250 -999.250 -999.250 -999.250 -999.250 -999.250 -999.250 -999.250 -999.250 -999.250 -999.250 -999.250 -999.250 -999.250 -999.250 -999.250 -999.250 -999.250 -999.250 -999.250 -999.250 -999.250 -999.250 89.661 90.730 87.476 90.310 95.578 96.018 97.791 90.057 84.979 81.339 76.654 62.755 53.555 50.127 41.478 37.101 34.865 35.835 29.535 32.400 33.482 33.098 30.873 27.211 27.587 31.455 33.511 34.667 33.949 32.003 31.924 28.462
-999.250 -999.250 -999.250 -999.250 -999.250 -999.250 -999.250 -999.250 -999.250 -999.250 -999.250 -999.250 -999.250 -999.250 -999.250 -999.250 -999.250 -999.250 -999.250 -999.250 -999.250 -999.250 -999.250 -999.250 -999.250 -999.250 -999.250 -999.250 -999.250 -999.250 -999.250 -999.250 -999.250 -999.250 -999.250 -999.250 -999.250 99.647 99.092 107.310 106.092 109.115 102.140 93.020 86.577 83.132 79.656 74.343 58.431 54.396 43.826 36.485 34.517 29.933 29.203 29.156 30.946 28.129 34.603 28.828 24.733 26.837 33.294 35.676 41.129 40.808 45.147 46.987 45.094
-999.250 -999.250 -999.250 -999.250 -999.250 -999.250 -999.250 -999.250 -999.250 -999.250 -999.250 -999.250 -999.250 -999.250 -999.250 -999.250 -999.250 -999.250 -999.250 -999.250 -999.250 -999.250 -999.250 -999.250 -999.250 -999.250 -999.250 -999.250 -999.250 -999.250 -999.250 -999.250 -999.250 -999.250 -999.250 -999.250 -999.250 95.741 103.678 108.947 129.463 120.599 107.826 100.139 87.383 81.520 81.651 67.539 54.301 51.055 35.721 35.335 31.849 27.698 25.545 29.334 23.523 27.728 29.991 31.465 30.995 28.421 36.610 38.092 43.942 43.953 50.136 60.819 69.054
-999.250 -999.250 -999.250 -999.250 -999.250 -999.250 -999.250 -999.250 -999.250 -999.250 -999.250 -999.250 -999.250 -999.250 -999.250 -999.250 -999.250 -999.250 -999.250 -999.250 -999.250 -999.250 -999.250 -999.250 -999.250 -999.250 -999.250 -999.250 -999.250 -999.250 -999.250 -999.250 -999.250 -999.250 -999.250 -999.250 -999.250 87.145 96.522 106.968 114.418 107.971 92.136 92.811 90.716 81.401 81.968 68.268 63.499 44.679 32.977 27.697 22.800 26.203 21.875 23.089 27.143 25.317 25.007 29.662 32.173 34.232 36.956 40.657 41.517 44.663 50.518 59.757 60.778
-999.250 -999.250 -999.250 -999.250 -999.250 -999.250 -999.250 -999.250 -999.250 -999.250 -999.250 -999.250 -999.250 -999.250 -999.250 -999.250 -999.250 -999.250 -999.250 -999.250 -999.250 -999.250 -999.250 -999.250 -999.250 -999.250 -999.250 -999.250 -999.250 -999.250 -999.250 -999.250 -999.250 -999.250 -999.250 -999.250 -999.250 -999.250 90.624 87.387 94.427 97.329 95.109 86.252 87.562 79.706 76.183 71.885 53.641 42.767 37.689 32.330 25.992 22.045 26.176 20.471 25.022 28.362 33.186 36.708 33.882 35.567 42.114 40.815 48.146 51.322 52.004 60.203 52.133
