data/medianmodel_10-Nov-2020.asc
ncols	141
nrows	288
xllcorner	-120191.398
yllcorner	-301404.813
cellsize	2000.000
NODATA_value	-999.250
[rows 174 to 202 of 288, columns 65 to 129 of 141]
263.959 266.838 244.532 216.526 223.914 215.364 208.093 202.769 193.189 188.047 194.403 195.263 205.689 226.596 223.236 235.615 282.768 292.064 354.469 365.536 385.631 469.414 472.363 507.461 594.942 651.465 607.324 547.050 510.988 510.481 490.888 473.504 449.242 448.491 481.540 439.898 411.240 373.957 375.741 337.623 319.368 292.678 321.666 305.700 285.570 -999.250 -999.250 -999.250 -999.250 -999.250 -999.250 -999.250 -999.250 -999.250 -999.250 -999.250 -999.250 -999.250 -999.250 -999.250 -999.250 -999.250 -999.250 -999.250 -999.250
275.569 279.502 261.329 249.308 239.445 232.091 228.550 229.714 209.559 232.026 226.619 225.697 233.412 253.578 263.393 266.725 294.297 323.962 366.073 372.453 399.041 423.664 463.035 501.818 520.510 528.546 519.926 518.865 495.078 465.985 451.005 436.194 370.937 440.185 403.897 374.781 395.948 365.035 349.393 318.947 307.362 289.286 297.395 294.781 -999.250 -999.250 -999.250 -999.250 -999.250 -999.250 -999.250 -999.250 -999.250 -999.250 -999.250 -999.250 -999.250 -999.250 -999.250 -999.250 -999.250 -999.250 -999.250 -999.250 -999.250
273.493 280.702 275.400 255.980 257.550 251.027 249.555 258.188 245.775 251.705 260.021 272.884 278.547 286.927 294.651 308.943 349.244 361.158 337.359 359.862 418.425 405.000 479.917 481.190 473.928 474.018 466.535 479.458 444.433 438.087 433.009 411.884 397.884 352.683 358.203 347.366 379.109 352.777 309.549 288.388 293.978 261.951 278.232 280.121 -999.250 -999.250 -999.250 -999.250 -999.250 -999.250 -999.250 -999.250 -999.250 -999.250 -999.250 -999.250 -999.250 -999.250 -999.250 -999.250 -999.250 -999.250 -999.250 -999.250 -999.250
294.994 292.838 318.214 280.285 266.130 245.150 256.186 280.075 277.597 290.733 275.071 322.495 336.062 324.792 349.832 342.019 341.552 352.634 356.564 399.244 408.279 454.957 458.476 465.425 448.273 434.469 435.937 462.337 458.638 431.138 450.937 423.469 372.779 353.530 355.695 342.490 326.344 326.589 300.040 300.339 269.951 242.372 251.472 -999.250 -999.250 -999.250 -999.250 -999.250 -999.250 -999.250 -999.250 -999.250 -999.250 -999.250 -999.250 -999.250 -999.250 -999.250 -999.250 -999.250 -999.250 -999.250 -999.250 -999.250 -999.250
304.089 331.255 320.944 305.769 271.246 286.182 268.015 295.520 291.506 285.263 302.892 343.632 379.058 398.411 388.661 378.278 399.364 410.306 386.549 375.771 405.149 432.517 411.922 425.588 431.207 444.370 423.589 425.060 432.520 405.957 438.689 420.434 382.845 362.627 336.167 324.483 319.102 304.819 287.845 279.247 267.648 258.542 232.889 -999.250 -999.250 -999.250 -999.250 -999.250 -999.250 -999.250 -999.250 -999.250 -999.250 -999.250 -999.250 -999.250 -999.250 -999.250 -999.250 -999.250 -999.250 -999.250 -999.250 -999.250 -999.250
272.131 304.027 316.070 325.291 303.024 309.154 297.726 283.851 292.932 293.529 333.931 372.590 395.611 407.941 428.984 431.266 450.550 443.433 434.554 404.153 404.531 418.512 409.338 408.280 379.530 369.547 380.793 409.516 433.038 455.241 442.120 439.825 388.489 413.178 363.256 327.521 307.257 288.205 275.047 246.204 226.337 225.325 -999.250 -999.250 -999.250 -999.250 -999.250 -999.250 -999.250 -999.250 -999.250 -999.250 -999.250 -999.250 -999.250 -999.250 -999.250 -999.250 -999.250 -999.250 -999.250 -999.250 -999.250 -999.250 -999.250
279.493 302.044 301.775 289.017 298.807 297.659 299.554 280.040 294.095 309.192 363.892 362.492 415.168 452.391 468.343 458.317 474.985 450.847 475.752 422.741 429.702 434.765 403.823 379.985 365.117 379.413 364.225 396.823 425.031 454.641 430.271 449.265 417.923 375.600 337.073 317.260 309.580 289.930 247.348 222.605 207.326 219.526 -999.250 -999.250 -999.250 -999.250 -999.250 -999.250 -999.250 -999.250 -999.250 -999.250 -999.250 -999.250 -999.250 -999.250 -999.250 -999.250 -999.250 -999.250 -999.250 -999.250 -999.250 -999.250 -999.250
251.345 270.764 263.742 273.782 278.184 292.895 272.631 298.259 313.336 318.443 360.826 412.288 428.022 462.260 487.117 486.420 501.289 479.989 498.758 475.693 447.072 441.951 413.815 357.707 341.275 348.306 363.379 374.181 394.715 425.723 475.703 481.515 425.041 377.729 332.228 319.726 310.862 282.254 256.349 235.514 212.131 225.779 -999.250 -999.250 -999.250 -999.250 -999.250 -999.250 -999.250 -999.250 -999.250 -999.250 -999.250 -999.250 -999.250 -999.250 -999.250 -999.250 -999.250 -999.250 -999.250 -999.250 -999.250 -999.250 -999.250
265.612 266.078 247.478 275.222 286.547 288.507 287.749 329.191 329.479 329.687 351.195 418.849 408.869 483.856 497.534 556.461 495.093 539.542 506.421 486.697 498.800 452.317 419.399 403.900 327.363 340.711 355.228 401.181 424.671 440.952 453.009 447.433 457.009 381.685 338.009 320.290 299.211 287.052 258.768 233.390 213.351 -999.250 -999.250 -999.250 -999.250 -999.250 -999.250 -999.250 -999.250 -999.250 -999.250 -999.250 -999.250 -999.250 -999.250 -999.250 -999.250 -999.250 -999.250 -999.250 -999.250 -999.250 -999.250 -999.250 -999.250
243.515 232.753 237.558 267.110 292.847 270.307 282.145 297.290 319.948 369.748 400.706 445.711 466.847 479.902 516.446 528.644 539.910 561.737 581.395 527.373 509.132 471.644 436.311 394.604 345.561 313.359 346.223 424.587 445.587 442.574 493.906 472.787 437.196 432.892 353.632 323.633 322.862 277.670 282.314 240.980 -999.250 -999.250 -999.250 -999.250 -999.250 -999.250 -999.250 -999.250 -999.250 -999.250 -999.250 -999.250 -999.250 -999.250 -999.250 -999.250 -999.250 -999.250 -999.250 -999.250 -999.250 -999.250 -999.250 -999.250 -999.250
220.769 212.489 237.945 246.188 251.880 256.401 274.794 299.505 339.019 349.915 420.007 413.439 476.380 493.879 546.194 575.192 538.343 566.975 605.757 572.782 571.728 512.554 470.797 406.972 358.983 296.912 431.183 479.089 515.350 567.615 532.101 480.137 470.224 452.293 383.041 342.032 324.025 286.304 281.421 239.011 -999.250 -999.250 -999.250 -999.250 -999.250 -999.250 -999.250 -999.250 -999.250 -999.250 -999.250 -999.250 -999.250 -999.250 -999.250 -999.250 -999.250 -999.250 -999.250 -999.250 -999.250 -999.250 -999.250 -999.250 -999.250
188.954 190.794 212.166 209.138 226.899 229.146 285.393 319.687 328.058 340.239 425.138 426.604 494.739 480.337 527.536 515.485 596.107 598.911 690.111 583.662 562.764 540.638 507.199 477.581 491.692 508.958 595.659 580.041 590.638 552.997 526.875 485.677 442.149 437.115 407.668 330.474 312.829 289.396 -999.250 -999.250 -999.250 -999.250 -999.250 -999.250 -999.250 -999.250 -999.250 -999.250 -999.250 -999.250 -999.250 -999.250 -999.250 -999.250 -999.250 -999.250 -999.250 -999.250 -999.250 -999.250 -999.250 -999.250 -999.250 -999.250 -999.250
140.271 156.690 178.527 190.775 214.197 233.619 271.271 326.829 370.600 393.807 449.691 468.881 442.006 472.677 502.320 549.422 634.851 614.678 688.520 607.057 672.946 594.098 576.604 557.386 545.341 645.662 835.946 762.502 694.882 587.238 567.491 492.257 455.453 410.558 400.974 334.996 295.944 -999.250 -999.250 -999.250 -999.250 -999.250 -999.250 -999.250 -999.250 -999.250 -999.250 -999.250 -999.250 -999.250 -999.250 -999.250 -999.250 -999.250 -999.250 -999.250 -999.250 -999.250 -999.250 -999.250 -999.250 -999.250 -999.250 -999.250 -999.250
86.605 132.830 147.710 177.521 206.451 221.960 264.646 317.372 371.449 412.523 464.685 450.547 480.745 512.804 558.720 651.709 696.950 625.001 657.832 678.075 733.744 662.846 684.934 610.081 610.755 676.436 801.965 723.884 689.340 623.826 577.937 509.781 435.425 381.598 362.110 333.473 -999.250 -999.250 -999.250 -999.250 -999.250 -999.250 -999.250 -999.250 -999.250 -999.250 -999.250 -999.250 -999.250 -999.250 -999.250 -999.250 -999.250 -999.250 -999.250 -999.250 -999.250 -999.250 -999.250 -999.250 -999.250 -999.250 -999.250 -999.250 -999.250
130.000 125.813 152.173 161.457 192.825 225.848 290.376 314.320 376.831 422.851 481.663 524.248 474.946 500.150 549.142 612.636 728.198 663.579 702.347 671.370 594.641 578.073 649.401 627.447 624.794 658.019 633.211 616.237 585.090 556.634 528.145 475.051 451.364 360.096 342.367 -999.250 -999.250 -999.250 -999.250 -999.250 -999.250 -999.250 -999.250 -999.250 -999.250 -999.250 -999.250 -999.250 -999.250 -999.250 -999.250 -999.250 -999.250 -999.250 -999.250 -999.250 -999.250 -999.250 -999.250 -999.250 -999.250 -999.250 -999.250 -999.250 -999.250
139.710 147.131 157.385 197.071 207.641 233.459 275.697 317.420 374.158 400.985 473.268 488.992 517.944 552.857 665.279 681.512 751.260 714.232 692.201 634.326 637.015 593.808 600.342 588.546 576.403 545.167 560.851 505.097 540.805 466.752 465.546 437.765 409.486 -999.250 -999.250 -999.250 -999.250 -999.250 -999.250 -999.250 -999.250 -999.250 -999.250 -999.250 -999.250 -999.250 -999.250 -999.250 -999.250 -999.250 -999.250 -999.250 -999.250 -999.250 -999.250 -999.250 -999.250 -999.250 -999.250 -999.250 -999.250 -999.250 -999.250 -999.250 -999.250
164.886 180.276 172.185 202.845 226.473 250.272 298.470 326.251 396.277 441.911 501.214 494.675 544.904 569.391 676.523 651.003 754.903 763.620 706.927 681.973 630.679 582.079 548.832 560.126 547.332 528.229 482.911 464.879 422.437 419.398 403.792 387.262 378.651 -999.250 -999.250 -999.250 -999.250 -999.250 -999.250 -999.250 -999.250 -999.250 -999.250 -999.250 -999.250 -999.250 -999.250 -999.250 -999.250 -999.250 -999.250 -999.250 -999.250 -999.250 -999.250 -999.250 -999.250 -999.250 -999.250 -999.250 -999.250 -999.250 -999.250 -999.250 -999.250
180.641 182.233 192.268 209.229 238.662 228.640 259.948 323.004 373.290 440.730 476.818 499.671 606.524 623.884 619.483 658.975 774.663 763.198 718.379 666.453 626.719 536.149 495.160 512.757 480.690 468.078 429.446 427.683 375.216 362.579 344.716 351.139 -999.250 -999.250 -999.250 -999.250 -999.250 -999.250 -999.250 -999.250 -999.250 -999.250 -999.250 -999.250 -999.250 -999.250 -999.250 -999.250 -999.250 -999.250 -999.250 -999.250 -999.250 -999.250 -999.250 -999.250 -999.250 -999.250 -999.250 -999.250 -999.250 -999.250 -999.250 -999.250 -999.250
189.453 191.227 215.845 242.242 272.347 249.425 268.940 325.684 407.756 438.217 507.518 541.322 615.688 645.281 619.396 722.645 725.122 808.639 778.207 667.770 613.588 549.020 496.227 453.694 399.934 419.171 357.727 349.330 324.417 303.975 338.908 319.877 -999.250 -999.250 -999.250 -999.250 -999.250 -999.250 -999.250 -999.250 -999.250 -999.250 -999.250 -999.250 -999.250 -999.250 -999.250 -999.250 -999.250 -999.250 -999.250 -999.250 -999.250 -999.250 -999.250 -999.250 -999.250 -999.250 -999.250 -999.250 -999.250 -999.250 -999.250 -999.250 -999.250
189.704 214.766 247.315 260.065 263.109 295.898 296.046 329.389 391.618 439.940 489.450 487.692 555.321 602.673 694.731 734.344 784.250 802.491 771.289 693.524 587.605 519.468 471.654 413.347 336.686 293.806 269.052 273.394 269.654 284.165 275.604 277.929 -999.250 -999.250 -999.250 -999.250 -999.250 -999.250 -999.250 -999.250 -999.250 -999.250 -999.250 -999.250 -999.250 -999.250 -999.250 -999.250 -999.250 -999.250 -999.250 -999.250 -999.250 -999.250 -999.250 -999.250 -999.250 -999.250 -999.250 -999.250 -999.250 -999.250 -999.250 -999.250 -999.250
199.648 221.782 240.033 265.561 269.775 300.657 301.335 341.462 361.577 404.306 485.982 502.379 576.441 625.216 608.523 675.627 743.564 716.819 735.188 682.185 555.380 476.821 378.111 339.481 259.437 193.609 192.326 203.591 209.358 213.627 245.751 224.975 -999.250 -999.250 -999.250 -999.250 -999.250 -999.250 -999.250 -999.250 -999.250 -999.250 -999.250 -999.250 -999.250 -999.250 -999.250 -999.250 -999.250 -999.250 -999.250 -999.250 -999.250 -999.250 -999.250 -999.250 -999.250 -999.250 -999.250 -999.250 -999.250 -999.250 -999.250 -999.250 -999.250
218.644 241.342 262.162 267.328 275.371 329.152 341.499 364.870 360.797 385.021 466.307 507.306 529.328 585.764 559.195 614.942 632.031 617.711 635.502 578.746 505.205 442.256 361.950 277.617 191.709 80.128 128.694 151.255 159.856 177.787 182.949 183.667 199.036 -999.250 -999.250 -999.250 -999.250 -999.250 -999.250 -999.250 -999.250 -999.250 -999.250 -999.250 -999.250 -999.250 -999.250 -999.250 -999.250 -999.250 -999.250 -999.250 -999.250 -999.250 -999.250 -999.250 -999.250 -999.250 -999.250 -999.250 -999.250 -999.250 -999.250 -999.250 -999.250
212.134 247.428 251.370 268.654 283.590 323.963 367.690 427.908 402.363 432.483 448.179 448.605 514.964 527.337 517.321 585.198 559.596 582.635 558.620 489.393 431.156 375.385 319.627 239.128 176.885 99.686 96.691 118.330 116.819 149.372 139.032 168.495 173.197 -999.250 -999.250 -999.250 -999.250 -999.250 -999.250 -999.250 -999.250 -999.250 -999.250 -999.250 -999.250 -999.250 -999.250 -999.250 -999.250 -999.250 -999.250 -999.250 -999.250 -999.250 -999.250 -999.250 -999.250 -999.250 -999.250 -999.250 -999.250 -999.250 -999.250 -999.250 -999.250
231.480 265.953 244.640 280.688 292.092 315.024 337.667 411.311 428.932 402.083 422.670 477.794 496.398 492.119 490.412 530.572 561.782 509.067 456.076 461.290 395.856 332.109 283.113 223.399 167.327 109.398 93.485 78.100 89.887 95.594 105.946 149.068 -999.250 -999.250 -999.250 -999.250 -999.250 -999.250 -999.250 -999.250 -999.250 -999.250 -999.250 -999.250 -999.250 -999.250 -999.250 -999.250 -999.250 -999.250 -999.250 -999.250 -999.250 -999.250 -999.250 -999.250 -999.250 -999.250 -999.250 -999.250 -999.250 -999.250 -999.250 -999.250 -999.250
264.978 266.576 286.184 267.749 289.921 319.610 344.330 368.977 393.605 447.189 404.524 419.207 477.859 485.786 509.614 446.169 506.142 465.871 450.778 434.797 361.862 311.912 258.535 211.009 155.827 108.476 97.767 70.592 66.779 67.215 87.064 -999.250 -999.250 -999.250 -999.250 -999.250 -999.250 -999.250 -999.250 -999.250 -999.250 -999.250 -999.250 -999.250 -999.250 -999.250 -999.250 -999.250 -999.250 -999.250 -999.250 -999.250 -999.250 -999.250 -999.250 -999.250 -999.250 -999.250 -999.250 -999.250 -999.250 -999.250 -999.250 -999.250 -999.250
261.713 270.100 283.460 296.324 295.594 324.851 367.534 390.486 415.027 434.931 426.426 437.022 449.915 512.576 489.744 481.008 461.538 467.447 434.094 419.361 381.064 311.774 255.082 225.046 178.480 110.782 103.539 75.064 54.249 46.519 52.092 -999.250 -999.250 -999.250 -999.250 -999.250 -999.250 -999.250 -999.250 -999.250 -999.250 -999.250 -999.250 -999.250 -999.250 -999.250 -999.250 -999.250 -999.250 -999.250 -999.250 -999.250 -999.250 -999.250 -999.250 -999.250 -999.250 -999.250 -999.250 -999.250 -999.250 -999.250 -999.250 -999.250 -999.250
292.912 289.419 290.126 295.230 326.589 349.127 359.026 358.814 374.657 383.595 446.611 421.033 428.933 432.380 430.948 434.224 460.095 432.766 370.282 359.191 347.476 293.131 255.094 217.906 164.883 137.531 117.221 74.843 54.137 43.161 51.371 -999.250 -999.250 -999.250 -999.250 -999.250 -999.250 -999.250 -999.250 -999.250 -999.250 -999.250 -999.250 -999.250 -999.250 -999.250 -999.250 -999.250 -999.250 -999.250 -999.250 -999.250 -999.250 -999.250 -999.250 -999.250 -999.250 -999.250 -999.250 -999.250 -999.250 -999.250 -999.250 -999.250 -999.250
285.594 288.217 300.334 328.734 332.920 348.911 369.586 361.457 359.446 366.630 354.955 430.089 430.076 420.154 415.593 395.044 404.431 422.496 395.511 384.899 340.644 301.286 244.555 208.011 176.790 139.880 106.655 78.983 64.868 40.153 39.645 -999.250 -999.250 -999.250 -999.250 -999.250 -999.250 -999.250 -999.250 -999.250 -999.250 -999.250 -999.250 -999.250 -999.250 -999.250 -999.250 -999.250 -999.250 -999.250 -999.250 -999.250 -999.250 -999.250 -999.250 -999.250 -999.250 -999.250 -999.250 -999.250 -999.250 -999.250 -999.250 -999.250 -999.250
301.223 314.121 308.377 327.720 342.178 332.699 349.408 339.068 339.217 356.322 347.290 403.421 416.098 439.226 365.559 368.790 383.937 379.100 362.140 375.507 338.410 295.210 238.767 224.859 178.183 125.852 129.427 85.023 79.426 52.547 -999.250 -999.250 -999.250 -999.250 -999.250 -999.250 -999.250 -999.250 -999.250 -999.250 -999.250 -999.250 -999.250 -999.250 -999.250 -999.250 -999.250 -999.250 -999.250 -999.250 -999.250 -999.250 -999.250 -999.250 -999.250 -999.250 -999.250 -999.250 -999.250 -999.250 -999.250 -999.250 -999.250 -999.250 -999.250
