data/medianmodel_15-May-2020.asc
ncols	141
nrows	288
xllcorner	-120191.398
yllcorner	-301404.813
cellsize	2000.000
NODATA_value	-999.250
[rows 217 to 247 of 288, columns 0 to 68 of 141]
-999.250 -999.250 -999.250 -999.250 -999.250 -999.250 -999.250 -999.250 -999.250 -999.250 -999.250 -999.250 -999.250 -999.250 -999.250 -999.250 -999.250 -999.250 -999.250 -999.250 -999.250 -999.250 -999.250 -999.250 -999.250 -999.250 -999.250 -999.250 -999.250 -999.250 -999.250 10.837 16.325 15.972 13.505 13.373 13.982 10.435 13.675 10.033 11.736 9.864 7.403 7.717 7.180 5.407 5.441 7.250 9.726 9.272 7.166 8.406 6.683 4.969 5.716 5.393 7.340 5.633 3.610 5.226 6.435 3.251 2.826 1.256 0.000 0.000 0.000 0.000 0.000
-999.250 -999.250 -999.250 -999.250 -999.250 -999.250 -999.250 -999.250 -999.250 -999.250 -999.250 -999.250 -999.250 -999.250 -999.250 -999.250 -999.250 -999.250 -999.250 -999.250 -999.250 -999.250 -999.250 -999.250 -999.250 -999.250 -999.250 -999.250 -999.250 -999.250 -999.250 13.098 11.622 15.922 17.590 12.307 13.256 10.527 12.401 11.486 12.252 9.747 9.505 7.398 5.599 5.277 3.440 4.937 4.516 6.227 9.876 9.117 6.613 4.961 5.231 5.548 5.906 5.706 5.288 4.872 3.083 3.454 3.714 1.274 0.835 0.000 0.000 0.000 0.000
-999.250 -999.250 -999.250 -999.250 -999.250 -999.250 -999.250 -999.250 -999.250 -999.250 -999.250 -999.250 -999.250 -999.250 -999.250 -999.250 -999.250 -999.250 -999.250 -999.250 -999.250 -999.250 -999.250 -999.250 -999.250 -999.250 -999.250 -999.250 -999.250 -999.250 -999.250 11.255 17.832 14.118 13.531 13.219 11.509 8.288 13.561 11.236 11.717 13.662 11.489 7.916 7.406 6.426 5.153 4.538 5.474 4.758 8.379 4.467 4.721 5.728 3.967 3.917 6.218 4.930 3.615 3.582 3.451 2.747 3.210 1.807 1.566 1.006 0.226 0.000 0.000
-999.250 -999.250 -999.250 -999.250 -999.250 -999.250 -999.250 -999.250 -999.250 -999.250 -999.250 -999.250 -999.250 -999.250 -999.250 -999.250 -999.250 -999.250 -999.250 -999.250 -999.250 -999.250 -999.250 -999.250 -999.250 -999.250 -999.250 -999.250 -999.250 -999.250 -999.250 14.515 16.903 13.816 12.337 15.009 12.938 13.606 10.648 12.461 14.541 14.513 9.280 9.638 7.373 4.138 6.095 5.960 2.616 5.997 5.185 4.881 5.014 5.400 4.564 5.001 5.290 7.223 4.929 1.745 2.421 2.523 3.487 3.097 2.883 2.742 1.079 0.000 0.000
-999.250 -999.250 -999.250 -999.250 -999.250 -999.250 -999.250 -999.250 -999.250 -999.250 -999.250 -999.250 -999.250 -999.250 -999.250 -999.250 -999.250 -999.250 -999.250 -999.250 -999.250 -999.250 -999.250 -999.250 -999.250 -999.250 -999.250 -999.250 -999.250 -999.250 -999.250 13.213 15.416 14.796 13.432 13.674 14.191 11.899 11.773 13.801 13.219 10.667 10.407 4.008 4.333 6.438 6.471 4.941 5.649 3.898 5.303 5.181 3.926 3.394 2.712 3.819 3.897 3.448 1.437 1.638 0.706 1.277 3.562 2.860 4.514 2.788 1.710 0.000 0.000
-999.250 -999.250 -999.250 -999.250 -999.250 -999.250 -999.250 -999.250 -999.250 -999.250 -999.250 -999.250 -999.250 -999.250 -999.250 -999.250 -999.250 -999.250 -999.250 -999.250 -999.250 -999.250 -999.250 -999.250 -999.250 -999.250 -999.250 -999.250 -999.250 -999.250 -999.250 11.925 14.174 12.773 11.104 15.083 14.454 10.196 12.835 9.958 9.767 10.693 9.043 5.215 5.070 5.396 7.035 7.103 6.576 7.446 5.634 3.674 4.397 2.665 2.487 2.211 1.848 2.938 3.982 1.841 1.843 1.382 0.910 1.625 3.178 3.223 1.104 1.364 2.648
-999.250 -999.250 -999.250 -999.250 -999.250 -999.250 -999.250 -999.250 -999.250 -999.250 -999.250 -999.250 -999.250 -999.250 -999.250 -999.250 -999.250 -999.250 -999.250 -999.250 -999.250 -999.250 -999.250 -999.250 -999.250 -999.250 -999.250 -999.250 -999.250 -999.250 12.851 11.337 14.573 13.486 10.702 10.196 12.044 7.532 10.874 7.311 11.492 9.020 10.080 6.048 4.475 8.240 7.542 7.259 6.106 5.396 4.183 7.145 5.678 5.000 6.278 4.489 2.557 1.641 3.580 3.355 1.845 2.166 1.181 1.969 3.919 2.344 2.578 1.830 1.350
-999.250 -999.250 -999.250 -999.250 -999.250 -999.250 -999.250 -999.250 -999.250 -999.250 -999.250 -999.250 -999.250 -999.250 -999.250 -999.250 -999.250 -999.250 -999.250 -999.250 -999.250 -999.250 -999.250 -999.250 -999.250 -999.250 -999.250 -999.250 -999.250 -999.250 9.266 10.076 10.509 12.389 10.582 7.759 9.770 7.529 7.243 4.665 7.316 8.090 6.920 9.356 8.656 8.879 6.462 6.599 6.423 6.182 7.634 4.489 4.570 6.076 3.902 3.774 3.331 2.395 3.123 2.844 2.827 1.365 0.989 2.851 3.645 5.517 2.418 1.802 4.759
-999.250 -999.250 -999.250 -999.250 -999.250 -999.250 -999.250 -999.250 -999.250 -999.250 -999.250 -999.250 -999.250 -999.250 -999.250 -999.250 -999.250 -999.250 -999.250 -999.250 -999.250 -999.250 -999.250 -999.250 -999.250 -999.250 -999.250 -999.250 -999.250 -999.250 7.520 9.788 7.599 10.088 10.317 7.621 7.733 7.157 6.752 5.124 5.068 7.505 9.001 9.494 8.525 9.114 9.513 7.801 8.785 7.543 4.195 6.623 7.638 5.389 6.593 4.258 4.030 2.248 2.135 1.906 2.848 1.517 2.192 1.005 2.717 2.519 4.565 4.312 3.615
-999.250 -999.250 -999.250 -999.250 -999.250 -999.250 -999.250 -999.250 -999.250 -999.250 -999.250 -999.250 -999.250 -999.250 -999.250 -999.250 -999.250 -999.250 -999.250 -999.250 -999.250 -999.250 -999.250 -999.250 -999.250 -999.250 -999.250 -999.250 -999.250 -999.250 8.085 6.157 6.682 7.915 7.996 6.191 7.470 5.487 4.676 4.440 5.179 7.171 6.132 5.640 8.118 8.330 8.737 10.916 7.977 7.518 6.218 5.200 4.080 4.798 3.866 4.684 1.339 0.000 0.994 2.842 3.498 3.251 3.676 2.446 1.558 2.472 2.444 3.356 5.107
-999.250 -999.250 -999.250 -999.250 -999.250 -999.250 -999.250 -999.250 -999.250 -999.250 -999.250 -999.250 -999.250 -999.250 -999.250 -999.250 -999.250 -999.250 -999.250 -999.250 -999.250 -999.250 -999.250 -999.250 -999.250 -999.250 -999.250 -999.250 -999.250 7.344 5.147 4.351 5.626 6.801 6.632 5.617 6.048 5.049 3.939 6.236 4.663 5.705 5.225 8.084 5.679 7.926 9.086 9.674 7.286 8.424 5.738 4.830 5.063 3.398 3.143 2.477 0.000 0.000 0.872 1.955 3.466 3.721 2.595 3.530 2.127 1.720 2.341 2.068 3.640
-999.250 -999.250 -999.250 -999.250 -999.250 -999.250 -999.250 -999.250 -999.250 -999.250 -999.250 -999.250 -999.250 -999.250 -999.250 -999.250 -999.250 -999.250 -999.250 -999.250 -999.250 -999.250 -999.250 -999.250 -999.250 -999.250 -999.250 -999.250 -999.250 8.104 6.956 3.169 3.868 4.916 5.870 6.114 4.215 3.172 3.467 4.279 4.412 6.703 5.234 4.808 9.242 7.152 8.692 9.204 8.085 7.254 5.534 6.169 5.589 4.455 3.899 2.002 0.681 0.227 0.426 1.851 3.741 0.862 1.587 2.420 1.786 2.121 2.694 0.993 3.818
-999.250 -999.250 -999.250 -999.250 -999.250 -999.250 -999.250 -999.250 -999.250 -999.250 -999.250 -999.250 -999.250 -999.250 -999.250 -999.250 -999.250 -999.250 -999.250 -999.250 -999.250 -999.250 -999.250 -999.250 -999.250 -999.250 -999.250 -999.250 6.689 5.784 6.030 7.064 4.081 2.954 2.128 4.498 3.473 3.789 5.962 4.676 5.159 4.411 4.317 9.347 8.691 11.265 8.023 7.329 5.711 7.060 5.736 6.328 6.211 3.408 2.580 3.634 0.810 0.449 1.618 3.098 1.998 0.828 1.061 1.767 1.958 2.440 1.931 1.909 3.508
-999.250 -999.250 -999.250 -999.250 -999.250 -999.250 -999.250 -999.250 -999.250 -999.250 -999.250 -999.250 -999.250 -999.250 -999.250 -999.250 -999.250 -999.250 -999.250 -999.250 -999.250 -999.250 -999.250 -999.250 -999.250 -999.250 -999.250 -999.250 4.219 5.863 6.279 6.086 5.354 2.605 1.526 2.122 3.848 2.530 2.808 4.096 5.947 6.371 5.544 7.733 7.627 9.196 8.314 6.227 4.640 6.614 6.804 7.715 5.104 2.784 2.504 1.626 0.196 0.000 0.000 0.872 1.009 1.089 0.000 1.918 1.085 0.624 3.213 2.198 4.582
-999.250 -999.250 -999.250 -999.250 -999.250 -999.250 -999.250 -999.250 -999.250 -999.250 -999.250 -999.250 -999.250 -999.250 -999.250 -999.250 -999.250 -999.250 -999.250 -999.250 -999.250 -999.250 -999.250 -999.250 -999.250 -999.250 -999.250 6.005 5.490 5.786 4.982 4.737 5.196 2.735 2.396 3.095 3.547 4.145 4.100 5.258 6.676 6.371 7.793 6.256 10.929 8.567 6.265 9.703 8.185 8.875 5.898 4.553 5.605 4.439 2.810 2.197 1.646 0.000 0.000 0.000 0.507 0.850 0.228 0.000 1.681 1.826 4.360 2.501 6.031
-999.250 -999.250 -999.250 -999.250 -999.250 -999.250 -999.250 -999.250 -999.250 -999.250 -999.250 -999.250 -999.250 -999.250 -999.250 -999.250 -999.250 -999.250 -999.250 -999.250 -999.250 -999.250 -999.250 -999.250 -999.250 -999.250 -999.250 3.866 4.717 3.988 6.268 7.291 6.830 4.090 1.639 1.356 3.911 3.744 4.828 5.663 7.099 7.743 6.271 10.030 8.571 5.540 5.484 7.926 6.234 7.576 7.414 3.143 4.380 2.723 2.140 1.724 1.463 0.470 0.000 0.317 0.000 0.317 0.727 1.026 0.640 1.920 4.634 4.959 4.433
-999.250 -999.250 -999.250 -999.250 -999.250 -999.250 -999.250 -999.250 -999.250 -999.250 -999.250 -999.250 -999.250 -999.250 -999.250 -999.250 -999.250 -999.250 -999.250 -999.250 -999.250 -999.250 -999.250 -999.250 -999.250 -999.250 -999.250 -999.250 3.081 4.349 4.101 5.670 5.415 5.990 3.257 3.526 3.297 4.081 4.262 7.977 7.844 6.031 7.891 6.344 6.227 5.930 7.702 6.058 6.857 6.106 6.746 5.835 4.308 3.046 1.463 0.142 0.006 0.379 0.865 0.000 0.000 0.000 1.333 2.137 2.136 2.042 2.403 3.318 4.196
-999.250 -999.250 -999.250 -999.250 -999.250 -999.250 -999.250 -999.250 -999.250 -999.250 -999.250 -999.250 -999.250 -999.250 -999.250 -999.250 -999.250 -999.250 -999.250 -999.250 -999.250 -999.250 -999.250 -999.250 -999.250 -999.250 -999.250 -999.250 -999.250 -999.250 4.366 2.969 4.039 5.763 4.219 4.291 3.554 6.639 6.814 7.284 10.760 8.777 6.674 8.303 7.664 9.487 7.814 4.398 9.037 2.748 4.783 3.995 3.601 4.534 1.269 0.829 0.354 0.000 0.000 0.000 0.000 0.000 0.645 0.000 1.595 1.774 2.434 4.060 6.167
-999.250 -999.250 -999.250 -999.250 -999.250 -999.250 -999.250 -999.250 -999.250 -999.250 -999.250 -999.250 -999.250 -999.250 -999.250 -999.250 -999.250 -999.250 -999.250 -999.250 -999.250 -999.250 -999.250 -999.250 -999.250 -999.250 -999.250 -999.250 -999.250 -999.250 4.925 4.227 6.222 8.579 5.666 5.267 7.465 6.930 7.706 9.326 10.129 7.491 10.635 10.952 9.600 11.888 8.194 9.276 7.375 6.574 5.639 3.021 3.924 3.513 2.542 1.109 0.098 0.000 0.000 0.000 0.000 0.000 0.000 0.000 1.797 1.131 3.138 5.272 4.646
-999.250 -999.250 -999.250 -999.250 -999.250 -999.250 -999.250 -999.250 -999.250 -999.250 -999.250 -999.250 -999.250 -999.250 -999.250 -999.250 -999.250 -999.250 -999.250 -999.250 -999.250 -999.250 -999.250 -999.250 -999.250 -999.250 -999.250 -999.250 -999.250 -999.250 3.648 3.731 7.851 7.042 8.877 7.888 7.790 9.220 8.564 8.206 9.742 9.554 11.869 12.389 12.145 11.300 9.165 12.474 10.679 8.817 6.002 4.501 3.017 2.888 2.543 0.554 1.563 0.399 0.000 0.000 0.000 0.000 0.000 1.076 2.909 3.066 3.963 6.208 5.771
-999.250 -999.250 -999.250 -999.250 -999.250 -999.250 -999.250 -999.250 -999.250 -999.250 -999.250 -999.250 -999.250 -999.250 -999.250 -999.250 -999.250 -999.250 -999.250 -999.250 -999.250 -999.250 -999.250 -999.250 -999.250 -999.250 -999.250 -999.250 -999.250 -999.250 -999.250 5.129 8.044 8.454 10.324 10.421 8.219 10.838 11.237 13.414 11.406 11.028 10.774 13.003 12.934 10.974 8.543 8.321 11.156 8.124 5.883 5.858 4.554 3.801 1.964 2.957 0.656 0.000 0.000 0.000 0.000 0.000 0.633 2.008 3.873 1.688 1.789 4.407 2.371
-999.250 -999.250 -999.250 -999.250 -999.250 -999.250 -999.250 -999.250 -999.250 -999.250 -999.250 -999.250 -999.250 -999.250 -999.250 -999.250 -999.250 -999.250 -999.250 -999.250 -999.250 -999.250 -999.250 -999.250 -999.250 -999.250 -999.250 -999.250 -999.250 -999.250 4.977 8.409 6.268 10.033 10.480 12.805 13.056 11.797 12.063 11.046 11.803 9.418 14.700 15.730 12.904 8.424 7.686 7.615 7.808 7.163 7.380 5.324 4.082 1.814 3.806 3.056 1.386 0.598 0.000 0.186 0.000 0.765 0.749 2.594 1.423 4.289 0.747 3.570 5.098
-999.250 -999.250 -999.250 -999.250 -999.250 -999.250 -999.250 -999.250 -999.250 -999.250 -999.250 -999.250 -999.250 -999.250 -999.250 -999.250 -999.250 -999.250 -999.250 -999.250 -999.250 -999.250 -999.250 -999.250 -999.250 -999.250 -999.250 -999.250 -999.250 -999.250 -999.250 4.789 5.820 10.518 10.934 10.953 15.666 8.857 10.071 7.692 10.405 12.845 12.327 10.073 11.137 7.549 6.840 6.259 7.182 6.089 6.009 6.058 2.653 3.012 1.864 2.637 2.269 3.113 0.000 0.120 0.000 1.444 3.250 2.911 1.744 3.386 1.304 2.462 4.158
-999.250 -999.250 -999.250 -999.250 -999.250 -999.250 -999.250 -999.250 -999.250 -999.250 -999.250 -999.250 -999.250 -999.250 -999.250 -999.250 -999.250 -999.250 -999.250 -999.250 -999.250 -999.250 -999.250 -999.250 -999.250 -999.250 -999.250 -999.250 -999.250 -999.250 3.881 6.383 10.137 10.301 12.611 13.255 12.021 8.751 11.913 10.441 9.527 12.572 9.654 7.398 10.219 8.686 6.049 7.731 6.195 5.786 6.478 3.877 2.419 2.418 2.086 1.744 2.618 2.851 0.000 0.000 0.128 0.495 1.356 1.095 1.942 4.760 2.558 3.673 3.401
-999.250 -999.250 -999.250 -999.250 -999.250 -999.250 -999.250 -999.250 -999.250 -999.250 -999.250 -999.250 -999.250 -999.250 -999.250 -999.250 -999.250 -999.250 -999.250 -999.250 -999.250 -999.250 -999.250 -999.250 -999.250 -999.250 -999.250 -999.250 -999.250 -999.250 4.449 5.308 9.486 11.417 11.206 11.298 9.076 10.026 10.177 11.220 9.889 9.032 6.979 9.831 6.419 4.580 5.252 5.393 4.059 6.156 4.972 3.220 3.253 3.009 1.649 1.152 0.000 0.396 1.424 0.000 0.434 0.454 2.289 0.713 0.964 3.695 1.936 4.088 3.300
-999.250 -999.250 -999.250 -999.250 -999.250 -999.250 -999.250 -999.250 -999.250 -999.250 -999.250 -999.250 -999.250 -999.250 -999.250 -999.250 -999.250 -999.250 -999.250 -999.250 -999.250 -999.250 -999.250 -999.250 -999.250 -999.250 -999.250 -999.250 -999.250 -999.250 7.535 6.734 9.343 9.175 8.979 7.169 6.898 8.770 4.939 5.857 9.343 10.806 10.467 10.348 8.079 6.831 7.572 6.977 5.746 5.798 4.759 6.560 4.576 4.160 1.872 1.003 0.000 0.000 0.809 0.000 0.000 0.000 0.000 1.083 1.774 0.485 0.326 1.968 5.351
-999.250 -999.250 -999.250 -999.250 -999.250 -999.250 -999.250 -999.250 -999.250 -999.250 -999.250 -999.250 -999.250 -999.250 -999.250 -999.250 -999.250 -999.250 -999.250 -999.250 -999.250 -999.250 -999.250 -999.250 -999.250 -999.250 -999.250 -999.250 -999.250 -999.250 8.609 8.958 9.583 11.698 10.056 8.281 6.721 6.051 5.905 6.696 5.648 10.035 13.593 14.005 10.481 8.032 5.203 8.393 7.027 7.511 5.792 7.033 5.598 2.489 1.543 1.191 0.000 0.854 1.981 0.000 0.000 0.000 0.000 0.000 3.284 1.288 1.493 2.068 3.707
-999.250 -999.250 -999.250 -999.250 -999.250 -999.250 -999.250 -999.250 -999.250 -999.250 -999.250 -999.250 -999.250 -999.250 -999.250 -999.250 -999.250 -999.250 -999.250 -999.250 -999.250 -999.250 -999.250 -999.250 -999.250 -999.250 -999.250 -999.250 -999.250 -999.250 8.435 11.184 11.013 8.956 11.706 10.981 8.662 9.509 10.462 5.864 10.392 11.101 11.539 11.986 12.020 9.129 8.835 8.935 7.166 6.934 5.954 6.952 7.058 3.169 0.675 0.290 0.000 0.000 0.000 0.000 0.000 0.000 0.000 0.587 1.796 2.362 3.320 1.929 3.651
-999.250 -999.250 -999.250 -999.250 -999.250 -999.250 -999.250 -999.250 -999.250 -999.250 -999.250 -999.250 -999.250 -999.250 -999.250 -999.250 -999.250 -999.250 -999.250 -999.250 -999.250 -999.250 -999.250 -999.250 -999.250 -999.250 -999.250 -999.250 -999.250 -999.250 -999.250 13.289 10.713 8.582 9.071 10.303 7.443 8.329 7.242 8.843 9.750 11.279 11.927 10.433 13.736 12.706 10.800 8.095 7.342 7.952 6.405 6.949 6.974 2.252 0.132 0.000 0.000 0.000 0.000 0.000 0.000 0.000 0.000 1.562 2.555 3.950 2.944 3.351 5.312
-999.250 -999.250 -999.250 -999.250 -999.250 -999.250 -999.250 -999.250 -999.250 -999.250 -999.250 -999.250 -999.250 -999.250 -999.250 -999.250 -999.250 -999.250 -999.250 -999.250 -999.250 -999.250 -999.250 -999.250 -999.250 -999.250 -999.250 -999.250 -999.250 -999.250 -999.250 8.533 9.917 7.629 9.024 7.213 8.691 8.953 8.580 8.179 7.956 8.380 7.878 7.373 8.253 8.986 8.669 8.428 7.808 6.722 5.425 4.941 3.603 1.438 0.000 0.000 0.066 0.531 0.000 0.000 0.000 0.033 1.067 1.393 2.669 3.489 3.206 4.412 5.545
-999.250 -999.250 -999.250 -999.250 -999.250 -999.250 -999.250 -999.250 -999.250 -999.250 -999.250 -999.250 -999.250 -999.250 -999.250 -999.250 -999.250 -999.250 -999.250 -999.250 -999.250 -999.250 -999.250 -999.250 -999.250 -999.250 -999.250 -999.250 -999.250 -999.250 7.076 7.726 9.066 8.467 8.652 5.951 9.684 7.925 8.937 7.764 5.443 6.368 6.814 5.184 4.850 11.037 8.423 5.251 6.539 9.238 5.468 3.218 3.395 0.000 0.900 0.000 0.000 0.000 0.000 0.000 0.000 0.701 2.897 4.524 3.667 2.215 3.184 3.832 4.995
