data/medianmodel_14-Dec-2020.asc
ncols	141
nrows	288
xllcorner	-120191.398
yllcorner	-301404.813
cellsize	2000.000
NODATA_value	-999.250
[rows 232 to 260 of 288, columns 0 to 63 of 141]
-999.250 -999.250 -999.250 -999.250 -999.250 -999.250 -999.250 -999.250 -999.250 -999.250 -999.250 -999.250 -999.250 -999.250 -999.250 -999.250 -999.250 -999.250 -999.250 -999.250 -999.250 -999.250 -999.250 -999.250 -999.250 -999.250 -999.250 172.068 170.582 168.764 161.190 160.408 147.579 143.179 118.862 124.341 125.460 131.183 146.888 148.875 155.436 158.263 150.678 155.269 158.691 144.096 141.665 125.069 118.860 113.715 98.479 82.728 59.110 52.633 51.590 41.300 34.364 32.347 33.029 33.284 37.969 34.984 44.404 51.678
-999.250 -999.250 -999.250 -999.250 -999.250 -999.250 -999.250 -999.250 -999.250 -999.250 -999.250 -999.250 -999.250 -999.250 -999.250 -999.250 -999.250 -999.250 -999.250 -999.250 -999.250 -999.250 -999.250 -999.250 -999.250 -999.250 -999.250 -999.250 170.059 171.951 174.555 162.204 148.325 140.461 130.784 133.105 136.458 141.155 147.499 153.629 153.886 146.220 148.162 148.621 151.103 148.519 134.432 118.826 106.038 100.881 91.607 65.303 56.447 47.927 45.519 37.917 32.737 30.548 31.776 30.071 31.894 31.278 50.979 55.067
-999.250 -999.250 -999.250 -999.250 -999.250 -999.250 -999.250 -999.250 -999.250 -999.250 -999.250 -999.250 -999.250 -999.250 -999.250 -999.250 -999.250 -999.250 -999.250 -999.250 -999.250 -999.250 -999.250 -999.250 -999.250 -999.250 -999.250 -999.250 -999.250 -999.250 166.832 167.347 159.829 149.872 143.107 145.431 141.446 149.255 145.325 151.434 160.200 145.588 148.336 151.991 152.895 145.818 122.327 113.762 104.262 100.351 84.909 67.397 50.712 47.361 39.631 29.363 31.634 21.838 16.480 20.240 31.676 40.174 50.234 63.759
-999.250 -999.250 -999.250 -999.250 -999.250 -999.250 -999.250 -999.250 -999.250 -999.250 -999.250 -999.250 -999.250 -999.250 -999.250 -999.250 -999.250 -999.250 -999.250 -999.250 -999.250 -999.250 -999.250 -999.250 -999.250 -999.250 -999.250 -999.250 -999.250 -999.250 180.675 165.000 165.067 152.677 159.201 155.458 153.517 158.764 162.275 155.947 161.163 151.409 149.808 148.534 146.554 130.673 118.998 112.200 103.645 88.441 71.951 63.969 52.945 41.401 44.802 36.833 29.867 17.418 12.873 15.377 31.121 42.263 53.056 67.390
-999.250 -999.250 -999.250 -999.250 -999.250 -999.250 -999.250 -999.250 -999.250 -999.250 -999.250 -999.250 -999.250 -999.250 -999.250 -999.250 -999.250 -999.250 -999.250 -999.250 -999.250 -999.250 -999.250 -999.250 -999.250 -999.250 -999.250 -999.250 -999.250 -999.250 190.003 176.994 166.900 170.200 175.690 174.817 177.917 163.206 164.736 166.054 150.211 155.776 151.072 150.194 134.209 135.081 120.493 106.905 95.173 81.462 65.012 60.143 52.789 46.576 38.938 30.212 24.540 21.606 15.277 12.126 32.114 49.246 56.825 69.341
-999.250 -999.250 -999.250 -999.250 -999.250 -999.250 -999.250 -999.250 -999.250 -999.250 -999.250 -999.250 -999.250 -999.250 -999.250 -999.250 -999.250 -999.250 -999.250 -999.250 -999.250 -999.250 -999.250 -999.250 -999.250 -999.250 -999.250 -999.250 -999.250 -999.250 -999.250 179.559 173.762 178.899 180.861 180.254 182.447 170.800 165.868 173.202 178.311 164.548 157.540 156.232 148.895 140.081 124.334 111.513 89.833 86.159 71.394 61.723 47.216 46.289 38.486 34.020 31.882 27.812 20.496 28.048 40.369 55.732 69.086 86.160
-999.250 -999.250 -999.250 -999.250 -999.250 -999.250 -999.250 -999.250 -999.250 -999.250 -999.250 -999.250 -999.250 -999.250 -999.250 -999.250 -999.250 -999.250 -999.250 -999.250 -999.250 -999.250 -999.250 -999.250 -999.250 -999.250 -999.250 -999.250 -999.250 -999.250 198.399 181.181 180.399 185.798 190.718 197.984 178.472 182.325 174.960 176.843 172.531 182.021 167.177 148.605 148.846 130.665 120.614 104.748 106.450 95.042 80.690 62.748 48.136 43.696 42.908 41.246 36.383 39.675 40.357 40.709 54.069 66.636 81.531 101.635
-999.250 -999.250 -999.250 -999.250 -999.250 -999.250 -999.250 -999.250 -999.250 -999.250 -999.250 -999.250 -999.250 -999.250 -999.250 -999.250 -999.250 -999.250 -999.250 -999.250 -999.250 -999.250 -999.250 -999.250 -999.250 -999.250 -999.250 -999.250 -999.250 -999.250 -999.250 219.090 206.233 201.127 193.439 197.917 196.674 191.530 196.962 196.744 203.189 173.200 185.216 155.643 150.128 138.276 112.481 106.334 99.866 99.392 77.131 68.843 58.580 50.321 43.399 43.026 46.916 46.294 50.820 56.459 65.717 85.280 98.086 109.785
-999.250 -999.250 -999.250 -999.250 -999.250 -999.250 -999.250 -999.250 -999.250 -999.250 -999.250 -999.250 -999.250 -999.250 -999.250 -999.250 -999.250 -999.250 -999.250 -999.250 -999.250 -999.250 -999.250 -999.250 -999.250 -999.250 -999.250 -999.250 -999.250 -999.250 214.321 219.455 204.604 202.324 217.725 217.249 219.577 194.430 205.171 209.802 203.432 188.889 177.547 165.401 160.864 146.969 135.495 111.236 109.526 104.798 85.008 69.486 69.160 56.771 48.975 57.306 55.338 55.341 64.220 69.053 82.684 98.703 111.616 128.523
-999.250 -999.250 -999.250 -999.250 -999.250 -999.250 -999.250 -999.250 -999.250 -999.250 -999.250 -999.250 -999.250 -999.250 -999.250 -999.250 -999.250 -999.250 -999.250 -999.250 -999.250 -999.250 -999.250 -999.250 -999.250 -999.250 -999.250 -999.250 -999.250 -999.250 229.129 215.094 211.933 224.373 225.327 239.260 231.196 218.256 201.775 209.253 212.691 218.602 187.925 159.252 167.324 148.718 133.016 119.169 112.599 106.420 98.132 78.075 71.490 62.765 54.462 55.894 63.204 68.364 71.881 83.247 94.747 107.689 119.441 130.560
-999.250 -999.250 -999.250 -999.250 -999.250 -999.250 -999.250 -999.250 -999.250 -999.250 -999.250 -999.250 -999.250 -999.250 -999.250 -999.250 -999.250 -999.250 -999.250 -999.250 -999.250 -999.250 -999.250 -999.250 -999.250 -999.250 -999.250 -999.250 -999.250 -999.250 217.145 226.280 233.239 235.946 244.046 236.570 257.284 232.990 237.389 230.715 226.677 231.303 215.073 189.799 169.775 161.458 142.278 132.158 111.418 110.711 101.620 89.084 77.217 65.390 56.903 66.304 63.558 80.807 86.178 96.909 105.950 117.792 129.919 148.620
-999.250 -999.250 -999.250 -999.250 -999.250 -999.250 -999.250 -999.250 -999.250 -999.250 -999.250 -999.250 -999.250 -999.250 -999.250 -999.250 -999.250 -999.250 -999.250 -999.250 -999.250 -999.250 -999.250 -999.250 -999.250 -999.250 -999.250 -999.250 -999.250 -999.250 210.791 232.680 247.760 247.974 259.440 257.035 264.645 287.281 260.913 250.032 258.222 242.203 237.397 225.364 189.744 187.100 161.867 141.520 136.126 109.759 102.651 87.725 71.832 71.420 76.768 77.292 75.944 85.570 97.359 111.050 116.385 129.998 151.905 162.866
-999.250 -999.250 -999.250 -999.250 -999.250 -999.250 -999.250 -999.250 -999.250 -999.250 -999.250 -999.250 -999.250 -999.250 -999.250 -999.250 -999.250 -999.250 -999.250 -999.250 -999.250 -999.250 -999.250 -999.250 -999.250 -999.250 -999.250 -999.250 -999.250 -999.250 225.904 248.705 256.117 277.127 274.888 271.107 280.602 296.332 281.060 270.610 272.883 261.163 246.170 239.239 219.721 194.992 169.785 155.247 144.059 120.065 100.638 85.960 81.048 74.899 67.920 73.354 90.561 92.412 101.205 113.862 128.122 144.155 160.523 181.681
-999.250 -999.250 -999.250 -999.250 -999.250 -999.250 -999.250 -999.250 -999.250 -999.250 -999.250 -999.250 -999.250 -999.250 -999.250 -999.250 -999.250 -999.250 -999.250 -999.250 -999.250 -999.250 -999.250 -999.250 -999.250 -999.250 -999.250 -999.250 -999.250 -999.250 -999.250 234.858 265.263 266.514 289.802 288.364 315.718 319.615 322.999 301.204 285.377 290.478 264.682 254.688 227.558 211.089 185.760 165.948 152.106 125.255 107.947 91.904 76.743 78.447 71.218 75.074 80.033 90.569 102.093 115.381 139.366 158.296 161.168 172.839
-999.250 -999.250 -999.250 -999.250 -999.250 -999.250 -999.250 -999.250 -999.250 -999.250 -999.250 -999.250 -999.250 -999.250 -999.250 -999.250 -999.250 -999.250 -999.250 -999.250 -999.250 -999.250 -999.250 -999.250 -999.250 -999.250 -999.250 -999.250 -999.250 -999.250 -999.250 252.106 274.454 295.504 312.712 297.534 318.589 336.224 335.521 324.580 313.409 311.515 278.355 257.401 255.908 233.756 199.439 177.642 158.576 135.436 115.942 104.448 87.675 83.641 75.715 71.884 76.787 81.591 105.748 113.063 137.573 150.836 162.662 184.678
-999.250 -999.250 -999.250 -999.250 -999.250 -999.250 -999.250 -999.250 -999.250 -999.250 -999.250 -999.250 -999.250 -999.250 -999.250 -999.250 -999.250 -999.250 -999.250 -999.250 -999.250 -999.250 -999.250 -999.250 -999.250 -999.250 -999.250 -999.250 -999.250 -999.250 263.344 258.855 281.802 304.513 336.294 314.825 333.450 364.541 364.238 362.760 355.623 313.664 298.931 281.148 259.485 230.341 200.441 189.694 157.643 130.405 114.801 101.662 90.989 78.724 67.351 61.162 72.446 78.469 99.523 112.851 140.772 146.005 164.170 176.643
-999.250 -999.250 -999.250 -999.250 -999.250 -999.250 -999.250 -999.250 -999.250 -999.250 -999.250 -999.250 -999.250 -999.250 -999.250 -999.250 -999.250 -999.250 -999.250 -999.250 -999.250 -999.250 -999.250 -999.250 -999.250 -999.250 -999.250 -999.250 -999.250 -999.250 255.639 269.249 289.620 310.533 349.233 328.124 352.024 381.332 374.394 370.519 361.917 352.381 340.252 292.858 293.552 250.740 237.561 187.516 172.750 143.761 117.619 106.479 88.374 71.333 60.222 53.925 59.661 75.094 101.822 109.436 128.238 136.702 162.381 174.192
-999.250 -999.250 -999.250 -999.250 -999.250 -999.250 -999.250 -999.250 -999.250 -999.250 -999.250 -999.250 -999.250 -999.250 -999.250 -999.250 -999.250 -999.250 -999.250 -999.250 -999.250 -999.250 -999.250 -999.250 -999.250 -999.250 -999.250 -999.250 -999.250 -999.250 268.876 300.634 305.299 319.888 336.576 356.161 360.918 381.940 400.902 403.313 392.561 381.934 355.632 317.192 299.859 266.546 233.816 206.815 172.511 164.232 141.544 113.503 97.988 76.713 63.263 43.412 58.344 70.070 89.476 104.820 137.481 141.725 157.297 168.964
-999.250 -999.250 -999.250 -999.250 -999.250 -999.250 -999.250 -999.250 -999.250 -999.250 -999.250 -999.250 -999.250 -999.250 -999.250 -999.250 -999.250 -999.250 -999.250 -999.250 -999.250 -999.250 -999.250 -999.250 -999.250 -999.250 -999.250 -999.250 -999.250 -999.250 252.504 299.055 345.540 338.128 339.312 375.715 383.990 401.903 410.005 422.302 406.543 393.623 363.098 348.422 311.961 270.562 240.769 205.056 201.298 167.646 141.384 122.578 103.874 85.792 73.954 64.573 72.232 82.093 92.739 109.425 124.552 128.341 150.338 163.253
-999.250 -999.250 -999.250 -999.250 -999.250 -999.250 -999.250 -999.250 -999.250 -999.250 -999.250 -999.250 -999.250 -999.250 -999.250 -999.250 -999.250 -999.250 -999.250 -999.250 -999.250 -999.250 -999.250 -999.250 -999.250 -999.250 -999.250 -999.250 -999.250 -999.250 271.296 287.052 321.405 340.363 359.860 372.753 387.884 402.360 411.842 436.946 411.570 394.499 368.025 344.375 297.349 278.060 249.833 226.181 217.511 180.288 150.232 124.718 103.378 105.120 91.541 71.458 76.360 96.299 102.231 107.260 124.853 139.869 141.313 168.144
-999.250 -999.250 -999.250 -999.250 -999.250 -999.250 -999.250 -999.250 -999.250 -999.250 -999.250 -999.250 -999.250 -999.250 -999.250 -999.250 -999.250 -999.250 -999.250 -999.250 -999.250 -999.250 -999.250 -999.250 -999.250 -999.250 -999.250 -999.250 -999.250 267.581 270.169 298.487 327.842 355.578 360.002 363.333 414.663 426.855 399.552 412.350 399.399 383.436 354.605 330.449 300.870 270.906 252.723 231.892 207.262 175.761 150.361 134.119 125.829 115.307 99.748 97.529 92.076 94.559 111.922 117.489 130.596 141.575 150.245 171.126
-999.250 -999.250 -999.250 -999.250 -999.250 -999.250 -999.250 -999.250 -999.250 -999.250 -999.250 -999.250 -999.250 -999.250 -999.250 -999.250 -999.250 -999.250 -999.250 -999.250 -999.250 -999.250 -999.250 -999.250 -999.250 -999.250 -999.250 -999.250 -999.250 -999.250 256.853 283.464 286.630 334.289 347.294 363.629 374.144 414.509 405.628 405.225 396.896 387.072 356.330 328.334 313.805 289.912 249.059 227.852 218.040 184.446 163.679 153.104 134.280 115.120 112.053 107.054 105.259 108.340 116.618 122.782 132.375 151.950 159.833 171.692
-999.250 -999.250 -999.250 -999.250 -999.250 -999.250 -999.250 -999.250 -999.250 -999.250 -999.250 -999.250 -999.250 -999.250 -999.250 -999.250 -999.250 -999.250 -999.250 -999.250 -999.250 -999.250 -999.250 -999.250 -999.250 -999.250 -999.250 -999.250 -999.250 -999.250 266.828 278.885 306.710 334.355 346.131 350.115 364.359 392.279 382.346 382.065 379.953 378.577 357.783 309.951 300.836 284.153 277.031 235.496 223.034 181.031 167.267 167.900 144.042 139.551 129.660 115.110 124.430 125.187 119.293 128.584 142.973 155.886 163.501 173.632
-999.250 -999.250 -999.250 -999.250 -999.250 -999.250 -999.250 -999.250 -999.250 -999.250 -999.250 -999.250 -999.250 -999.250 -999.250 -999.250 -999.250 -999.250 -999.250 -999.250 -999.250 -999.250 -999.250 -999.250 -999.250 -999.250 -999.250 -999.250 -999.250 -999.250 -999.250 274.939 324.796 319.325 334.122 357.236 347.693 353.605 351.326 365.585 372.156 368.020 355.895 317.938 291.313 284.905 272.960 244.948 236.818 203.280 171.603 172.523 146.666 145.472 139.353 131.263 133.500 125.893 144.132 139.836 146.920 158.792 169.573 181.733
-999.250 -999.250 -999.250 -999.250 -999.250 -999.250 -999.250 -999.250 -999.250 -999.250 -999.250 -999.250 -999.250 -999.250 -999.250 -999.250 -999.250 -999.250 -999.250 -999.250 -999.250 -999.250 -999.250 -999.250 -999.250 -999.250 -999.250 -999.250 -999.250 -999.250 -999.250 283.931 294.452 300.454 318.254 332.711 330.672 338.062 340.074 357.398 354.357 358.594 324.006 301.261 273.056 270.690 267.210 251.502 216.877 210.850 191.998 185.835 162.787 146.319 151.876 139.033 141.179 134.873 137.761 146.399 160.703 153.572 172.978 185.091
-999.250 -999.250 -999.250 -999.250 -999.250 -999.250 -999.250 -999.250 -999.250 -999.250 -999.250 -999.250 -999.250 -999.250 -999.250 -999.250 -999.250 -999.250 -999.250 -999.250 -999.250 -999.250 -999.250 -999.250 -999.250 -999.250 -999.250 -999.250 -999.250 -999.250 271.850 264.615 262.662 274.339 289.672 322.214 315.337 317.993 303.748 319.478 307.180 306.858 297.159 287.357 258.437 265.386 268.571 249.633 238.039 197.746 177.140 176.318 171.274 164.254 154.367 151.100 143.393 143.192 140.408 148.901 157.837 179.663 178.898 176.111
-999.250 -999.250 -999.250 -999.250 -999.250 -999.250 -999.250 -999.250 -999.250 -999.250 -999.250 -999.250 -999.250 -999.250 -999.250 -999.250 -999.250 -999.250 -999.250 -999.250 -999.250 -999.250 -999.250 -999.250 -999.250 -999.250 -999.250 -999.250 -999.250 -999.250 251.367 262.308 251.394 265.896 278.900 273.410 273.853 270.869 278.328 295.870 291.445 284.718 278.569 268.666 239.032 245.002 244.996 248.833 225.302 196.750 166.238 180.347 174.884 165.273 153.720 155.099 155.048 152.463 144.237 154.889 165.953 172.417 183.631 183.925
-999.250 -999.250 -999.250 -999.250 -999.250 -999.250 -999.250 -999.250 -999.250 -999.250 -999.250 -999.250 -999.250 -999.250 -999.250 -999.250 -999.250 -999.250 -999.250 -999.250 -999.250 -999.250 -999.250 -999.250 -999.250 -999.250 -999.250 -999.250 -999.250 -999.250 230.689 243.867 245.957 242.859 251.461 250.251 255.772 267.041 252.505 276.858 262.072 263.445 253.440 263.587 245.481 236.879 252.570 230.314 202.934 182.192 170.231 178.708 191.673 173.795 161.451 149.216 156.596 152.596 153.264 154.128 169.200 168.009 160.840 170.999
-999.250 -999.250 -999.250 -999.250 -999.250 -999.250 -999.250 -999.250 -999.250 -999.250 -999.250 -999.250 -999.250 -999.250 -999.250 -999.250 -999.250 -999.250 -999.250 -999.250 -999.250 -999.250 -999.250 -999.250 -999.250 -999.250 -999.250 -999.250 -999.250 -999.250 228.185 233.786 217.156 240.820 234.211 247.807 247.840 246.109 242.407 237.601 231.810 249.559 258.335 257.629 234.370 225.441 228.331 231.471 212.968 193.863 181.389 199.432 177.437 172.610 168.855 158.903 156.324 162.629 169.470 160.129 163.486 161.715 167.419 169.337
