data/medianmodel_09-Aug-2020.asc
ncols	141
nrows	288
xllcorner	-120191.398
yllcorner	-301404.813
cellsize	2000.000
NODATA_value	-999.250
[rows 150 to 179 of 288, columns 0 to 67 of 141]
-999.250 -999.250 -999.250 -999.250 -999.250 -999.250 -999.250 -999.250 -999.250 -999.250 -999.250 -999.250 4.953 5.453 6.253 9.052 14.956 16.452 20.418 21.425 27.397 25.350 24.216 19.483 18.657 18.881 16.346 17.767 11.367 9.348 6.434 4.328 3.908 3.743 1.490 2.686 4.915 5.404 7.543 14.884 20.720 35.124 45.978 53.509 62.139 62.275 50.599 35.577 23.448 16.551 13.793 14.191 14.610 15.229 12.885 12.296 19.747 30.527 34.461 40.849 51.227 65.014 77.651 99.487 125.715 143.843 152.446 172.199
-999.250 -999.250 -999.250 -999.250 -999.250 -999.250 -999.250 -999.250 -999.250 -999.250 -999.250 4.296 3.589 5.555 6.269 10.535 11.363 13.443 19.713 20.538 24.936 25.423 22.679 22.743 19.394 14.753 12.324 11.445 11.022 9.526 5.624 5.326 5.688 4.060 5.244 4.458 7.100 10.578 13.332 22.545 26.016 38.151 49.681 58.889 66.850 93.650 60.967 41.100 31.900 19.622 14.989 12.628 14.645 14.123 12.720 15.652 21.024 27.081 37.971 37.947 47.739 56.081 74.287 97.868 116.976 164.719 173.840 163.513
-999.250 -999.250 -999.250 -999.250 -999.250 -999.250 -999.250 -999.250 -999.250 -999.250 1.947 3.210 3.313 4.357 5.358 6.322 8.874 12.494 17.371 19.899 23.636 19.127 18.755 20.605 15.578 13.026 10.216 9.564 10.613 7.048 5.076 5.035 5.763 5.634 5.682 6.876 8.304 10.769 20.011 29.933 35.665 42.361 47.360 61.242 61.419 66.342 55.625 41.455 31.208 20.866 16.578 13.528 13.835 10.555 11.455 9.842 16.936 24.612 28.865 41.272 49.143 59.014 68.429 93.370 109.924 130.517 149.016 154.094
-999.250 -999.250 -999.250 -999.250 -999.250 -999.250 -999.250 -999.250 -999.250 0.000 0.000 1.329 1.764 2.515 4.176 8.439 9.570 10.295 14.664 23.116 17.463 13.062 12.617 13.676 11.452 8.826 9.044 7.854 6.764 6.642 6.677 6.564 6.363 7.526 7.974 10.649 11.089 14.383 22.848 29.992 40.935 44.498 50.104 51.521 54.880 54.259 48.024 37.794 28.028 26.609 16.911 13.247 12.784 12.276 9.043 10.929 12.134 22.101 31.485 37.461 49.008 51.070 62.077 68.496 100.702 117.385 123.026 144.154
-999.250 -999.250 -999.250 -999.250 -999.250 4.527 3.773 2.061 0.000 0.000 0.000 0.000 0.000 2.000 3.061 4.321 6.307 6.877 9.842 12.640 12.792 11.456 10.256 8.898 6.767 7.024 6.508 6.036 6.524 5.442 6.594 8.693 7.642 7.512 10.253 12.234 15.173 20.218 23.496 31.840 38.469 45.367 49.251 52.460 53.822 41.267 32.619 29.296 22.892 20.383 14.366 13.003 13.051 11.090 8.270 10.505 12.002 18.029 27.360 33.275 36.906 42.433 51.136 57.454 80.669 92.232 92.521 128.501
-999.250 -999.250 -999.250 -999.250 -999.250 -999.250 -999.250 3.635 2.324 1.438 1.230 1.103 0.000 0.088 0.654 2.138 3.604 3.779 5.595 7.723 8.318 7.200 5.621 6.454 4.864 4.907 4.197 4.274 4.930 4.993 5.837 9.031 8.084 9.493 12.630 13.582 18.135 16.653 22.550 31.565 38.395 41.707 47.619 45.533 44.284 35.656 31.354 25.997 22.562 22.074 14.440 10.693 9.681 7.692 6.591 9.409 12.531 15.257 17.073 27.067 32.441 38.168 41.725 52.431 55.364 71.606 95.004 108.304
-999.250 -999.250 -999.250 -999.250 -999.250 -999.250 -999.250 7.403 7.111 4.865 3.997 2.629 0.285 0.823 0.042 0.164 0.863 1.133 2.405 3.654 4.368 4.287 3.478 3.260 1.925 1.314 1.847 2.500 1.557 4.113 5.252 6.802 8.276 8.776 9.916 12.959 14.231 13.802 20.691 30.885 35.161 37.136 39.100 40.534 41.661 35.115 31.270 26.953 22.008 20.219 19.128 9.433 6.428 7.009 5.299 7.793 6.047 7.947 13.000 20.396 27.486 35.122 39.620 44.096 52.711 62.987 65.199 82.830
-999.250 -999.250 -999.250 -999.250 -999.250 -999.250 -999.250 11.801 13.530 9.422 7.136 6.095 3.776 2.539 0.000 0.000 0.000 0.000 0.000 0.930 2.440 2.073 1.142 0.164 0.000 0.000 0.000 0.258 1.976 3.375 4.877 4.753 6.274 8.123 8.630 11.010 15.266 17.058 21.785 31.303 32.106 33.827 35.952 37.941 32.450 30.732 26.209 23.831 18.685 14.852 12.494 9.169 8.562 5.962 5.073 4.670 4.548 5.172 8.341 16.399 23.864 27.121 30.182 34.288 44.497 52.151 58.217 61.144
-999.250 -999.250 -999.250 -999.250 -999.250 -999.250 -999.250 21.047 19.866 17.873 11.960 10.782 6.846 3.633 0.000 0.000 0.000 0.000 0.000 0.000 0.000 0.000 0.000 0.000 0.000 0.000 0.000 0.000 1.840 2.403 3.470 2.944 4.063 5.171 6.281 10.674 13.818 15.295 20.884 21.272 26.449 29.505 28.932 31.770 27.396 28.180 25.761 22.146 19.939 16.556 12.268 11.588 10.215 6.460 4.244 4.452 3.589 4.265 7.659 11.437 17.838 19.981 23.328 33.741 35.839 40.710 45.273 56.565
-999.250 -999.250 -999.250 -999.250 -999.250 -999.250 -999.250 -999.250 30.939 25.446 24.753 15.198 13.728 6.672 1.633 0.000 0.000 0.000 0.000 0.000 0.000 0.000 0.000 0.000 0.000 0.000 0.000 0.000 1.975 3.368 2.429 3.006 4.029 6.096 7.478 9.342 13.349 13.798 18.678 21.950 24.094 27.688 28.535 26.997 28.050 26.683 24.695 20.692 15.423 15.897 10.303 11.026 7.500 5.717 6.008 3.346 5.124 4.618 5.081 6.712 9.405 16.526 22.301 26.284 30.735 35.614 37.541 42.559
-999.250 -999.250 -999.250 -999.250 -999.250 -999.250 -999.250 -999.250 34.286 38.677 31.167 27.783 21.576 11.716 4.748 0.000 0.000 0.000 0.000 0.000 0.000 0.000 0.000 0.000 0.003 1.118 0.902 0.378 2.263 2.397 2.771 2.781 4.017 4.031 6.178 8.727 12.722 13.106 16.654 22.625 26.399 28.333 29.149 25.264 22.978 23.227 18.625 18.091 15.472 13.574 13.170 9.584 10.470 6.837 5.921 4.050 3.061 2.447 2.956 4.181 4.572 11.066 17.652 19.491 21.917 26.677 29.030 28.958
-999.250 -999.250 -999.250 -999.250 -999.250 -999.250 -999.250 38.856 42.963 41.338 37.718 32.950 28.375 17.031 10.618 6.158 2.078 0.937 0.000 0.000 0.000 0.000 0.000 0.852 3.142 4.391 3.733 3.747 3.853 1.802 2.034 1.702 3.143 2.767 5.321 7.662 12.191 11.912 12.981 17.521 22.479 25.677 25.799 24.275 20.504 19.727 19.314 19.247 15.370 12.785 13.199 10.146 9.932 7.753 6.725 4.894 2.235 3.205 1.024 1.704 2.624 7.343 13.198 13.690 20.034 19.215 23.246 24.847
-999.250 -999.250 -999.250 -999.250 -999.250 -999.250 -999.250 44.138 45.925 46.943 40.359 34.952 33.756 27.643 16.821 10.568 7.165 4.918 1.422 0.000 0.000 0.000 1.346 4.574 5.927 7.560 7.299 5.857 5.620 2.626 1.270 1.370 0.757 2.520 3.443 5.783 8.092 10.934 11.491 17.653 19.452 23.074 21.759 20.952 17.186 19.234 19.196 21.169 15.201 13.254 15.476 13.544 9.468 10.189 6.876 5.737 4.178 2.478 0.000 1.343 4.348 5.650 6.995 10.619 11.729 13.028 18.323 18.258
-999.250 -999.250 -999.250 -999.250 -999.250 -999.250 -999.250 49.444 53.172 48.114 45.569 43.866 36.862 33.355 30.636 22.022 13.573 10.739 6.202 4.898 3.388 3.366 3.899 5.962 8.054 9.278 12.214 11.138 9.299 6.519 3.240 1.642 0.000 0.507 2.878 5.000 7.840 9.255 13.306 13.250 11.987 18.009 16.199 16.439 15.921 15.908 16.663 17.010 18.402 16.918 16.170 12.004 9.209 8.551 7.066 6.401 5.435 3.399 2.553 3.725 2.735 2.583 5.075 7.233 8.722 10.245 9.000 12.405
-999.250 -999.250 -999.250 -999.250 -999.250 -999.250 -999.250 63.097 57.701 55.668 54.347 51.364 49.862 43.057 36.774 31.229 22.947 20.412 15.022 11.359 9.378 7.839 7.134 9.335 13.617 14.117 14.288 15.337 14.755 7.909 4.122 2.160 0.000 0.440 1.769 3.345 4.928 6.592 8.798 9.694 8.696 10.647 11.671 11.699 17.151 15.810 16.057 14.206 16.528 18.033 18.617 10.228 11.023 8.487 7.539 5.728 5.818 3.373 5.493 4.264 3.602 2.379 4.298 5.368 5.814 5.807 7.049 8.034
-999.250 -999.250 -999.250 -999.250 -999.250 -999.250 54.421 69.636 67.942 65.488 65.113 67.814 62.127 55.102 50.608 40.503 35.849 26.832 19.897 15.144 11.572 11.630 11.080 11.004 13.604 24.020 21.657 22.249 17.365 13.341 7.198 4.194 1.029 0.000 0.000 1.657 2.915 5.466 7.149 7.951 7.681 7.320 8.552 10.089 15.474 14.589 13.974 14.185 12.558 14.671 13.912 12.332 11.224 10.126 8.022 7.826 6.490 5.882 6.825 3.593 4.059 2.552 2.535 4.136 4.663 4.365 4.256 5.528
-999.250 -999.250 -999.250 -999.250 -999.250 -999.250 63.090 80.982 82.027 82.527 90.927 78.155 66.080 62.818 61.023 51.356 44.654 34.487 27.629 25.483 16.978 15.817 13.320 14.895 20.145 25.332 33.878 33.707 26.153 20.410 11.244 5.182 2.481 0.000 0.000 0.110 1.007 2.990 4.708 5.216 5.388 6.293 7.373 9.053 11.601 11.246 11.258 12.597 11.206 11.991 13.476 13.230 12.226 13.095 12.921 10.627 9.235 6.649 5.960 4.886 5.038 4.692 3.577 3.510 1.598 2.948 2.394 3.943
-999.250 -999.250 -999.250 -999.250 -999.250 70.294 89.275 85.647 88.385 107.042 105.976 97.046 83.498 76.437 79.954 59.772 52.477 41.912 33.734 30.560 25.835 18.121 15.751 20.789 24.561 29.846 40.072 48.424 35.269 22.512 14.381 7.620 3.188 0.000 0.000 0.000 0.355 1.186 3.229 2.530 4.081 4.920 7.410 9.902 10.755 11.538 10.041 11.498 12.627 12.727 9.363 15.113 15.434 17.098 12.947 15.394 13.030 11.732 8.540 8.036 8.433 6.380 4.659 4.546 3.875 0.350 0.202 1.128
-999.250 -999.250 -999.250 -999.250 -999.250 70.896 93.093 106.462 103.005 101.594 104.731 122.246 104.291 92.356 77.511 72.645 60.590 51.714 44.315 38.168 28.249 23.834 18.935 18.439 22.421 31.301 38.558 40.420 34.379 23.890 19.874 10.997 4.078 0.439 0.000 0.000 0.000 0.000 0.610 1.792 2.134 2.654 5.475 7.543 7.091 6.949 9.318 10.818 11.594 12.601 13.641 17.928 20.684 20.895 20.832 16.847 13.231 9.032 12.617 13.269 7.429 7.897 4.662 5.852 2.921 1.066 0.000 0.000
-999.250 -999.250 -999.250 -999.250 84.918 77.602 99.645 88.874 98.989 100.169 107.317 109.680 108.692 90.929 93.535 89.302 69.383 54.436 53.034 41.501 33.052 26.775 18.587 18.270 24.716 29.544 35.151 33.362 31.019 22.327 20.019 11.614 5.478 1.521 0.000 0.000 0.000 0.000 0.000 0.000 0.000 0.000 3.607 4.413 5.201 6.214 7.073 9.514 9.883 13.526 13.147 18.908 20.263 20.759 20.983 24.800 19.011 14.503 11.957 11.930 11.298 11.618 11.028 6.375 4.512 1.781 0.995 0.000
-999.250 -999.250 -999.250 -999.250 76.044 77.377 98.928 83.856 101.906 96.298 98.033 103.229 96.766 104.338 100.401 95.941 80.505 68.128 59.373 45.534 35.110 27.444 20.430 22.603 27.643 27.470 30.708 26.246 26.548 27.767 21.156 14.863 6.527 3.033 0.000 0.000 0.000 0.000 0.000 0.000 0.000 0.000 0.000 1.038 2.488 5.182 4.774 5.904 7.300 10.811 13.365 18.532 21.030 24.875 23.777 25.122 21.129 20.093 17.035 21.436 20.812 17.396 12.468 9.285 6.816 4.609 0.395 0.000
-999.250 -999.250 -999.250 -999.250 67.832 68.548 65.845 89.280 90.926 98.105 114.319 106.521 111.404 116.482 97.340 111.099 90.194 79.990 63.087 48.012 42.123 34.485 28.630 29.964 28.514 27.921 30.190 31.150 26.051 26.949 24.626 15.602 7.652 4.659 0.484 0.000 0.000 0.000 0.000 0.000 0.000 0.000 0.000 0.478 3.622 4.316 4.529 6.024 7.234 13.080 15.746 22.513 24.847 26.839 29.448 28.819 25.314 21.773 23.987 22.453 22.137 20.517 15.256 15.308 10.894 6.412 3.333 0.575
-999.250 -999.250 -999.250 -999.250 59.767 62.226 76.161 92.802 75.803 83.847 96.728 100.994 105.496 113.665 111.733 105.354 112.564 105.107 74.105 54.042 41.853 36.629 34.928 29.618 29.276 34.172 34.841 33.717 31.736 28.296 25.327 16.433 11.458 6.005 3.069 0.000 0.000 0.000 0.000 0.000 0.000 0.000 0.000 0.751 2.078 3.414 4.951 7.436 10.969 13.713 14.741 20.606 27.892 28.633 30.752 33.890 30.150 29.502 31.444 30.543 27.279 23.278 21.717 17.348 14.591 9.975 6.172 3.590
-999.250 -999.250 -999.250 -999.250 57.248 58.248 62.992 68.254 63.260 73.166 76.570 103.719 104.773 107.971 118.455 126.766 140.832 99.397 75.022 56.287 46.719 36.525 33.475 33.016 31.391 35.352 34.403 31.563 35.051 32.835 28.981 24.019 17.584 11.214 6.816 2.003 2.308 0.437 1.182 0.000 0.000 0.000 1.166 3.113 2.398 4.714 6.328 7.717 10.137 13.808 18.783 26.445 29.090 29.975 37.869 35.640 41.182 33.608 36.549 36.829 31.895 31.005 27.568 24.159 15.869 11.082 8.101 5.045
-999.250 -999.250 -999.250 -999.250 46.661 54.677 55.201 60.818 63.008 64.324 69.126 91.307 109.781 107.608 118.627 111.307 108.311 89.612 68.456 58.396 50.589 40.305 34.033 35.514 35.071 32.923 34.172 32.894 31.607 31.929 29.923 31.027 24.673 19.610 11.925 7.137 5.468 4.343 1.606 1.650 2.353 2.203 3.682 4.475 5.359 4.463 8.825 13.289 13.145 16.145 18.062 29.009 28.821 32.100 41.697 45.491 47.026 45.729 43.781 43.566 38.347 32.656 27.796 24.470 22.323 14.110 14.239 11.027
-999.250 -999.250 -999.250 -999.250 43.720 46.299 58.653 60.474 65.947 64.206 63.883 74.087 103.319 106.338 99.335 98.842 91.616 76.805 60.780 54.923 46.359 41.793 37.964 38.159 36.871 30.700 37.450 34.716 36.028 35.470 35.670 35.873 28.372 23.278 17.286 10.966 10.551 7.497 4.845 5.552 4.913 5.463 5.954 6.347 6.924 5.727 8.344 10.031 16.185 16.621 23.979 31.168 33.533 36.265 51.055 46.280 54.899 58.401 54.819 47.287 45.453 37.223 37.295 29.176 25.862 19.362 14.362 9.788
-999.250 -999.250 -999.250 -999.250 47.912 50.941 54.966 68.383 65.347 66.858 64.455 71.004 95.648 93.613 86.858 84.348 78.059 67.567 64.405 53.128 43.812 42.510 40.787 39.351 37.716 41.065 42.813 36.546 38.084 36.337 38.791 36.011 32.608 30.190 22.374 14.999 15.907 13.057 9.791 7.817 7.287 6.411 8.013 11.447 8.379 8.292 10.978 11.770 13.490 18.925 23.912 27.877 29.672 38.978 47.649 46.579 60.371 72.499 58.624 50.386 46.358 39.845 35.341 32.540 23.636 19.177 12.992 10.356
-999.250 -999.250 -999.250 -999.250 42.829 45.821 49.934 55.145 61.384 57.099 62.357 74.848 72.505 84.804 72.657 68.073 63.037 65.123 57.288 55.007 49.672 51.533 40.279 41.805 40.248 43.053 49.163 47.269 42.362 43.792 41.261 43.642 37.303 37.055 33.789 21.337 17.531 16.333 16.971 12.529 10.240 8.620 8.175 9.654 9.627 10.227 8.491 12.984 14.938 18.017 25.794 26.221 32.824 36.899 45.725 51.456 56.303 60.794 58.261 50.199 46.642 40.901 37.173 30.439 25.870 17.545 15.220 10.180
-999.250 -999.250 -999.250 -999.250 44.094 43.410 44.398 47.045 53.969 55.841 53.412 60.639 65.249 70.924 63.499 54.486 63.376 57.834 58.757 54.932 49.916 51.921 47.347 48.411 43.476 53.105 50.873 50.332 52.640 47.280 50.889 45.104 44.925 38.377 33.819 27.664 23.899 19.050 18.076 17.410 12.476 11.401 10.132 9.579 10.510 10.822 10.133 11.324 17.931 20.217 21.551 27.734 30.975 37.891 39.793 44.877 51.953 55.404 54.164 54.429 47.319 39.701 36.168 33.630 25.681 23.792 18.921 12.901
-999.250 -999.250 -999.250 35.485 38.824 41.908 43.637 41.306 52.581 49.168 50.427 54.853 56.365 54.113 54.991 55.661 57.755 56.678 57.999 55.967 61.286 53.859 53.449 50.985 47.222 50.143 50.622 54.323 56.817 56.105 58.639 50.916 46.376 44.576 37.197 34.148 27.461 26.944 23.875 19.824 14.299 11.960 9.905 10.324 10.697 10.584 10.108 11.104 13.764 18.089 23.670 28.896 29.867 37.608 37.678 40.526 47.812 49.938 52.656 49.369 43.653 37.881 36.885 32.575 24.185 23.688 16.326 13.602
