data/medianmodel_07-Jun-2020.asc
ncols	141
nrows	288
xllcorner	-120191.398
yllcorner	-301404.813
cellsize	2000.000
NODATA_value	-999.250
[rows 120 to 149 of 288, columns 0 to 68 of 141]
-999.250 -999.250 -999.250 -999.250 -999.250 -999.250 -999.250 -999.250 -999.250 -999.250 -999.250 -999.250 -999.250 -999.250 -999.250 -999.250 -999.250 -999.250 -999.250 -999.250 -999.250 -999.250 -999.250 -999.250 -999.250 -999.250 5.997 6.496 5.426 2.849 3.582 1.243 4.270 7.949 5.646 4.858 4.028 5.179 6.235 6.005 4.725 4.438 4.720 5.107 6.429 7.818 4.911 4.069 2.074 0.000 0.000 0.000 0.000 0.000 0.000 0.000 0.000 0.000 0.000 0.000 0.000 0.000 0.000 0.000 0.000 0.000 0.000 0.000 0.000
-999.250 -999.250 -999.250 -999.250 -999.250 -999.250 -999.250 -999.250 -999.250 -999.250 -999.250 -999.250 -999.250 -999.250 -999.250 -999.250 -999.250 -999.250 -999.250 -999.250 -999.250 -999.250 -999.250 -999.250 -999.250 2.966 5.437 3.800 3.476 6.711 4.725 4.503 6.327 4.881 3.562 3.557 6.460 6.540 7.025 9.005 5.477 4.336 5.688 4.675 6.619 8.869 7.693 8.234 5.033 1.148 0.000 0.000 0.000 0.000 0.000 0.000 0.000 0.000 0.000 0.000 0.000 0.000 0.000 0.000 0.000 0.000 0.000 0.000 0.000
-999.250 -999.250 -999.250 -999.250 -999.250 -999.250 -999.250 -999.250 -999.250 -999.250 -999.250 -999.250 -999.250 -999.250 -999.250 -999.250 -999.250 -999.250 -999.250 -999.250 -999.250 -999.250 -999.250 -999.250 -999.250 6.444 3.831 6.090 3.529 3.330 5.258 5.761 6.938 6.168 6.698 7.720 8.183 7.539 11.584 9.521 5.291 3.416 3.793 2.916 2.695 5.681 8.308 16.613 7.936 4.576 0.000 0.000 0.000 0.000 0.000 0.000 0.000 0.000 0.000 0.000 0.000 0.000 0.000 0.000 0.000 0.000 0.000 0.000 0.000
-999.250 -999.250 -999.250 -999.250 -999.250 -999.250 -999.250 -999.250 -999.250 -999.250 -999.250 -999.250 -999.250 -999.250 -999.250 -999.250 -999.250 -999.250 -999.250 -999.250 -999.250 -999.250 -999.250 -999.250 -999.250 7.495 5.741 3.821 4.699 5.475 6.459 5.145 5.297 3.567 5.146 5.440 8.758 9.329 15.546 8.291 5.919 4.208 3.696 1.588 2.514 5.420 6.429 5.710 4.662 0.930 0.000 0.000 0.000 0.000 0.000 0.000 0.000 0.000 0.000 0.000 0.000 0.000 0.000 0.000 0.000 0.000 0.000 0.000 0.000
-999.250 -999.250 -999.250 -999.250 -999.250 -999.250 -999.250 -999.250 -999.250 -999.250 -999.250 -999.250 -999.250 -999.250 -999.250 -999.250 -999.250 -999.250 -999.250 -999.250 -999.250 -999.250 -999.250 -999.250 9.308 8.175 6.383 4.154 4.728 3.336 4.748 5.049 5.199 4.346 5.772 4.357 6.932 9.070 9.603 6.288 5.018 4.807 5.003 3.162 4.424 3.622 5.506 4.773 3.239 0.700 0.000 0.000 0.000 0.000 0.000 0.000 0.000 0.000 0.000 0.000 0.000 0.000 0.000 0.000 0.000 0.000 0.000 0.000 0.242
-999.250 -999.250 -999.250 -999.250 -999.250 -999.250 -999.250 -999.250 -999.250 -999.250 -999.250 -999.250 -999.250 -999.250 -999.250 -999.250 -999.250 -999.250 -999.250 -999.250 -999.250 -999.250 -999.250 -999.250 8.059 6.390 6.997 6.364 6.464 5.842 4.304 5.314 5.884 6.321 2.504 6.047 5.870 8.003 2.876 4.764 4.600 3.542 2.902 3.996 2.657 3.179 3.540 3.209 0.741 0.849 0.000 0.000 0.000 0.000 0.000 0.000 0.000 0.000 0.000 0.000 0.000 0.000 0.000 0.000 0.000 0.000 0.000 0.024 2.284
-999.250 -999.250 -999.250 -999.250 -999.250 -999.250 -999.250 -999.250 -999.250 -999.250 -999.250 -999.250 -999.250 -999.250 -999.250 -999.250 -999.250 -999.250 -999.250 -999.250 -999.250 -999.250 -999.250 5.194 5.818 6.679 6.159 6.620 5.634 4.745 6.455 4.473 5.345 3.746 4.838 6.190 5.293 2.679 2.955 4.294 5.541 5.785 4.394 4.853 4.399 4.233 4.750 0.712 0.000 0.000 0.000 0.000 0.000 0.000 0.000 0.000 0.000 0.000 0.000 0.000 0.000 0.000 0.000 0.000 0.000 0.295 0.000 2.601 2.923
-999.250 -999.250 -999.250 -999.250 -999.250 -999.250 -999.250 -999.250 -999.250 -999.250 -999.250 -999.250 -999.250 -999.250 -999.250 -999.250 -999.250 -999.250 -999.250 -999.250 -999.250 -999.250 -999.250 5.054 6.240 9.139 5.742 5.083 3.351 3.857 4.221 6.384 7.338 6.271 7.555 7.672 7.012 4.089 6.395 2.938 4.595 4.552 4.074 4.843 5.073 5.537 0.715 0.000 0.000 0.000 0.000 0.000 0.000 0.000 0.000 0.000 0.000 0.000 0.000 0.000 0.000 0.000 0.000 0.000 0.000 0.000 3.181 3.459 2.873
-999.250 -999.250 -999.250 -999.250 -999.250 -999.250 -999.250 -999.250 -999.250 -999.250 -999.250 -999.250 -999.250 -999.250 -999.250 -999.250 -999.250 -999.250 -999.250 -999.250 -999.250 -999.250 -999.250 4.536 5.393 6.902 7.230 4.676 5.361 3.989 6.076 6.815 7.606 6.033 7.249 7.380 6.821 4.196 6.512 5.810 5.397 4.353 4.384 4.288 6.053 4.419 0.595 0.000 0.000 0.000 0.000 0.000 0.000 0.000 0.000 0.000 0.000 0.000 0.000 0.000 0.000 0.000 0.000 0.000 0.000 2.756 4.987 4.970 2.843
-999.250 -999.250 -999.250 -999.250 -999.250 -999.250 -999.250 -999.250 -999.250 -999.250 -999.250 -999.250 -999.250 -999.250 -999.250 -999.250 -999.250 -999.250 -999.250 -999.250 -999.250 -999.250 2.885 3.461 5.159 5.382 9.442 5.689 4.650 3.526 4.291 5.764 6.068 6.276 5.574 8.317 7.346 6.655 7.475 6.644 7.915 5.923 5.137 5.583 6.041 4.083 0.389 0.000 0.000 0.000 0.000 0.000 0.000 0.000 0.000 0.000 0.000 0.000 0.000 0.000 0.000 0.000 0.000 0.000 1.077 2.190 4.851 3.991 6.811
-999.250 -999.250 -999.250 -999.250 -999.250 -999.250 -999.250 -999.250 -999.250 -999.250 -999.250 -999.250 -999.250 -999.250 -999.250 -999.250 -999.250 -999.250 -999.250 -999.250 -999.250 -999.250 6.024 3.253 2.694 4.450 5.705 5.441 7.023 4.920 4.459 4.538 7.026 5.931 6.205 7.767 7.811 8.649 7.585 7.174 5.890 5.315 5.805 4.907 5.653 4.996 2.951 0.000 0.000 0.000 0.000 0.000 0.000 0.000 0.000 0.000 0.000 0.000 0.000 0.000 0.000 0.000 0.756 1.330 4.815 6.258 5.466 5.745 6.733
-999.250 -999.250 -999.250 -999.250 -999.250 -999.250 -999.250 -999.250 -999.250 -999.250 -999.250 -999.250 -999.250 -999.250 -999.250 -999.250 -999.250 -999.250 -999.250 -999.250 -999.250 8.141 6.315 3.923 5.194 4.138 4.495 5.307 4.994 4.369 6.386 4.813 7.736 8.727 6.551 9.403 6.613 6.437 8.906 7.221 4.718 5.383 3.739 4.207 4.751 4.355 2.319 0.000 0.000 0.000 0.000 0.000 0.000 0.000 0.000 0.000 0.000 0.000 0.000 0.000 0.365 1.316 3.013 4.388 4.180 2.994 4.760 5.244 9.728
-999.250 -999.250 -999.250 -999.250 -999.250 -999.250 -999.250 -999.250 -999.250 -999.250 -999.250 -999.250 -999.250 -999.250 -999.250 -999.250 -999.250 -999.250 -999.250 -999.250 -999.250 7.476 7.133 5.033 5.515 5.216 6.230 7.173 5.205 3.373 5.974 3.016 6.183 7.393 3.720 6.188 7.523 7.947 8.460 5.442 7.062 8.030 6.097 6.758 6.534 3.399 0.393 0.042 0.000 0.000 0.000 0.000 0.000 0.000 0.000 0.000 0.000 0.000 0.000 0.000 2.762 4.435 5.330 4.870 5.232 3.392 6.021 8.002 14.999
-999.250 -999.250 -999.250 -999.250 -999.250 -999.250 -999.250 -999.250 -999.250 -999.250 -999.250 -999.250 -999.250 -999.250 -999.250 -999.250 -999.250 -999.250 -999.250 -999.250 -999.250 10.770 9.388 9.896 5.340 6.125 6.099 5.667 4.305 4.355 4.618 5.195 3.516 4.522 6.076 5.783 6.114 7.340 4.347 5.934 8.777 6.791 7.520 5.092 6.310 3.474 0.000 0.000 1.978 0.971 0.000 0.000 0.000 0.000 0.000 0.000 0.000 0.000 0.000 0.791 4.545 6.784 3.938 5.077 5.882 5.054 9.040 13.455 22.345
-999.250 -999.250 -999.250 -999.250 -999.250 -999.250 -999.250 -999.250 -999.250 -999.250 -999.250 -999.250 -999.250 -999.250 -999.250 -999.250 -999.250 -999.250 -999.250 -999.250 10.659 8.367 9.584 11.825 5.308 5.978 5.564 6.148 3.627 3.788 5.186 8.374 7.041 6.784 7.775 4.201 6.031 8.201 6.071 6.899 8.452 5.472 5.017 6.741 5.033 2.729 0.741 0.940 2.349 1.022 0.000 0.000 0.000 0.000 0.000 0.258 0.379 0.000 0.000 0.427 2.366 4.874 5.216 4.311 5.071 5.506 7.184 11.048 16.371
-999.250 -999.250 -999.250 -999.250 -999.250 -999.250 -999.250 -999.250 -999.250 -999.250 -999.250 -999.250 -999.250 -999.250 -999.250 -999.250 -999.250 -999.250 -999.250 -999.250 12.814 8.847 7.878 8.998 6.878 6.599 6.821 3.711 6.252 7.579 6.953 6.787 6.657 8.015 6.023 5.159 5.903 6.988 8.638 9.030 6.065 5.479 6.573 8.103 4.236 4.344 0.997 3.171 2.577 2.518 1.300 0.000 0.000 0.000 0.000 0.022 1.303 0.000 0.000 0.000 0.754 2.810 4.757 4.766 6.269 5.087 7.028 9.037 11.522
-999.250 -999.250 -999.250 -999.250 -999.250 -999.250 -999.250 -999.250 -999.250 -999.250 -999.250 -999.250 -999.250 -999.250 -999.250 -999.250 -999.250 -999.250 -999.250 -999.250 11.216 10.264 11.638 7.773 6.814 5.933 5.673 5.115 6.195 10.547 8.142 8.325 8.882 7.272 5.095 5.908 3.818 6.539 8.821 9.517 12.253 8.452 7.264 8.249 4.510 3.541 4.956 4.168 2.414 2.777 0.881 0.000 0.000 0.000 2.811 5.228 3.480 3.030 0.000 0.000 0.000 0.272 2.480 4.672 8.117 4.550 7.147 6.887 10.279
-999.250 -999.250 -999.250 -999.250 -999.250 -999.250 -999.250 -999.250 -999.250 -999.250 -999.250 -999.250 -999.250 -999.250 -999.250 -999.250 -999.250 -999.250 -999.250 -999.250 9.740 9.258 9.462 9.056 8.163 7.397 6.277 6.015 7.453 9.945 18.794 9.929 8.495 7.236 7.215 5.730 5.530 7.105 9.779 12.095 20.434 12.113 8.468 4.510 1.767 1.687 2.299 6.009 4.077 2.609 1.928 0.205 1.368 4.319 3.322 2.415 3.474 4.597 0.261 0.000 0.000 1.186 5.279 3.040 2.851 7.295 6.772 5.835 7.232
-999.250 -999.250 -999.250 -999.250 -999.250 -999.250 -999.250 -999.250 -999.250 -999.250 -999.250 -999.250 -999.250 -999.250 -999.250 -999.250 -999.250 -999.250 -999.250 9.647 9.993 11.278 5.788 8.363 8.037 6.098 6.123 9.235 8.473 8.845 10.805 5.712 8.075 7.958 8.358 8.356 6.768 6.648 8.995 11.148 10.821 10.873 7.360 5.682 5.571 1.881 4.044 6.352 5.468 4.496 3.496 3.854 3.088 3.744 5.636 4.657 5.448 4.724 0.561 0.000 2.492 4.624 4.436 3.096 3.093 3.607 6.141 8.057 4.887
-999.250 -999.250 -999.250 -999.250 -999.250 -999.250 -999.250 -999.250 -999.250 -999.250 -999.250 -999.250 -999.250 -999.250 -999.250 -999.250 -999.250 -999.250 -999.250 8.489 7.627 8.484 8.187 6.681 6.586 8.558 6.789 5.056 6.533 5.126 4.756 4.652 5.994 11.208 13.693 11.617 10.932 9.358 7.884 9.679 11.162 12.855 7.158 6.426 3.923 6.087 7.071 4.903 2.614 4.443 3.744 6.821 7.188 2.899 5.423 7.663 7.985 6.807 3.163 4.687 5.763 5.192 4.849 0.675 3.154 3.986 5.698 4.783 3.814
-999.250 -999.250 -999.250 -999.250 -999.250 -999.250 -999.250 -999.250 -999.250 -999.250 -999.250 -999.250 -999.250 -999.250 -999.250 -999.250 -999.250 -999.250 -999.250 10.796 14.119 9.921 7.507 7.316 6.996 8.556 8.059 5.230 5.917 4.377 4.296 3.090 4.593 9.338 13.626 10.773 9.467 8.427 5.997 11.008 11.413 8.889 8.095 4.662 5.892 4.940 4.975 4.828 3.121 3.547 3.938 8.678 6.745 6.773 6.970 11.040 11.581 9.779 5.976 8.802 8.872 4.724 5.392 0.748 0.593 3.248 4.719 5.299 3.262
-999.250 -999.250 -999.250 -999.250 -999.250 -999.250 -999.250 -999.250 -999.250 -999.250 -999.250 -999.250 -999.250 -999.250 -999.250 -999.250 -999.250 -999.250 -999.250 11.506 8.937 10.156 10.441 9.682 6.639 8.865 6.666 8.215 6.073 4.630 3.442 3.621 4.568 7.845 10.124 10.378 7.833 8.098 6.251 8.301 9.629 7.851 5.973 7.291 6.288 5.541 4.632 4.957 8.164 5.551 4.321 7.605 9.225 8.317 9.563 9.320 9.226 8.279 10.127 12.561 7.677 7.572 4.659 1.980 0.000 1.954 4.000 4.572 4.768
-999.250 -999.250 -999.250 -999.250 -999.250 -999.250 -999.250 -999.250 -999.250 -999.250 -999.250 -999.250 -999.250 -999.250 -999.250 -999.250 -999.250 -999.250 -999.250 15.379 13.170 14.889 17.438 13.230 12.238 10.351 10.775 6.320 6.458 6.384 6.996 6.875 7.876 5.908 7.609 7.492 8.907 10.650 8.823 9.933 10.366 6.658 6.057 8.768 7.711 6.425 4.106 2.976 7.193 4.725 5.522 7.437 10.502 12.150 10.665 11.497 12.377 13.119 14.273 11.726 9.823 8.899 5.344 0.000 0.000 0.000 1.438 6.225 4.853
-999.250 -999.250 -999.250 -999.250 -999.250 -999.250 -999.250 -999.250 -999.250 -999.250 -999.250 -999.250 -999.250 -999.250 -999.250 -999.250 -999.250 -999.250 13.297 19.274 15.812 17.384 15.771 24.274 15.187 10.417 10.426 9.508 7.954 9.365 8.089 6.943 8.603 7.974 7.752 6.953 7.382 9.021 8.496 7.469 6.549 4.769 3.507 6.081 5.267 5.247 6.270 6.789 7.557 7.119 7.421 8.168 12.634 12.532 12.516 16.763 16.237 17.969 14.219 14.400 10.247 10.116 4.818 2.628 0.000 0.000 0.000 1.145 4.429
-999.250 -999.250 -999.250 -999.250 -999.250 -999.250 -999.250 -999.250 -999.250 -999.250 -999.250 -999.250 -999.250 -999.250 -999.250 -999.250 -999.250 18.275 17.513 14.477 15.969 13.449 14.019 13.951 13.279 10.007 10.240 14.686 10.061 7.781 7.736 9.712 11.550 9.570 6.974 8.865 9.786 8.462 8.357 6.614 5.651 6.600 4.667 4.861 4.039 5.085 5.291 8.357 6.297 7.411 8.437 9.855 8.726 12.506 13.662 16.165 26.452 21.259 22.079 26.731 13.625 9.647 7.250 5.060 3.841 2.113 1.556 1.106 2.465
-999.250 -999.250 -999.250 -999.250 -999.250 -999.250 -999.250 -999.250 -999.250 -999.250 -999.250 -999.250 -999.250 -999.250 -999.250 -999.250 -999.250 17.024 18.007 11.569 12.744 9.770 16.329 14.968 10.151 7.263 13.528 11.262 11.755 10.159 11.998 11.402 11.229 8.119 10.159 6.946 8.642 9.156 7.501 6.805 6.097 8.795 4.544 6.322 5.227 3.939 5.882 6.951 6.318 7.238 7.588 5.261 6.108 8.023 11.000 21.650 26.326 29.444 28.064 23.329 12.369 8.901 8.455 8.323 6.341 5.639 3.980 5.235 3.724
-999.250 -999.250 -999.250 -999.250 -999.250 -999.250 -999.250 -999.250 -999.250 -999.250 -999.250 -999.250 -999.250 -999.250 -999.250 16.259 16.658 19.916 14.541 16.034 17.072 14.802 15.805 15.698 13.977 14.452 13.024 12.051 12.010 13.856 12.460 11.788 10.795 8.813 6.390 5.691 6.242 5.626 4.516 5.268 10.041 11.450 6.719 8.008 7.169 7.922 4.559 3.070 4.258 4.897 5.483 5.532 3.358 2.773 8.158 22.746 35.194 56.931 34.235 18.770 14.813 10.205 7.462 7.480 7.081 6.974 4.904 4.523 1.224
-999.250 -999.250 -999.250 -999.250 -999.250 -999.250 -999.250 -999.250 -999.250 -999.250 -999.250 -999.250 -999.250 -999.250 17.890 14.553 17.695 18.983 15.104 13.311 18.323 16.749 15.289 16.849 14.607 12.994 13.421 12.093 15.836 13.969 14.519 14.182 13.936 9.280 7.066 6.283 3.359 5.078 5.545 5.862 5.543 6.018 7.660 13.133 12.425 12.726 7.048 0.000 0.000 2.342 3.761 1.666 0.000 0.000 5.047 15.873 25.398 34.117 29.288 20.505 14.319 14.920 11.418 10.352 6.226 7.039 6.999 2.069 0.000
-999.250 -999.250 -999.250 -999.250 -999.250 -999.250 -999.250 -999.250 -999.250 -999.250 -999.250 -999.250 -999.250 -999.250 17.944 17.549 20.524 20.531 16.934 19.851 17.931 16.602 18.326 15.745 14.319 13.486 13.277 13.792 22.514 19.029 15.692 13.414 14.895 10.449 8.211 4.512 4.429 7.807 4.942 6.736 7.402 6.739 8.367 11.777 21.396 27.832 9.058 0.000 0.000 0.909 3.583 3.278 0.000 0.000 4.714 9.909 17.770 21.815 23.172 15.211 14.458 12.014 12.222 7.824 7.422 7.269 8.786 4.743 0.000
-999.250 -999.250 -999.250 -999.250 -999.250 -999.250 -999.250 -999.250 -999.250 -999.250 -999.250 -999.250 -999.250 16.539 18.260 21.741 20.674 19.326 20.458 22.888 15.763 17.349 18.620 15.679 15.290 17.364 19.450 18.068 18.538 17.672 12.010 14.824 13.509 13.519 13.087 11.753 8.220 6.950 7.297 9.113 10.387 10.790 8.146 12.805 21.183 16.851 7.406 0.000 0.000 3.272 5.274 6.173 3.502 6.870 8.694 11.637 14.188 18.236 16.774 17.346 14.300 9.508 8.583 8.286 9.607 7.791 7.718 5.142 1.930
