data/medianmodel_03-Oct-2020.asc
ncols	141
nrows	288
xllcorner	-120191.398
yllcorner	-301404.813
cellsize	2000.000
NODATA_value	-999.250
[rows 90 to 119 of 288, columns 0 to 66 of 141]
-999.250 -999.250 -999.250 -999.250 -999.250 -999.250 -999.250 -999.250 -999.250 -999.250 -999.250 -999.250 -999.250 -999.250 -999.250 -999.250 -999.250 -999.250 -999.250 -999.250 -999.250 -999.250 -999.250 -999.250 -999.250 -999.250 -999.250 -999.250 -999.250 -999.250 -999.250 -999.250 9.487 11.458 11.490 13.635 13.193 18.192 19.882 23.311 22.939 25.413 21.263 20.172 20.346 17.509 13.777 14.437 11.303 12.682 13.167 13.900 14.166 16.323 14.336 13.425 13.348 17.944 15.114 16.499 20.818 25.709 26.558 26.980 28.992 32.894 33.074
-999.250 -999.250 -999.250 -999.250 -999.250 -999.250 -999.250 -999.250 -999.250 -999.250 -999.250 -999.250 -999.250 -999.250 -999.250 -999.250 -999.250 -999.250 -999.250 -999.250 -999.250 -999.250 -999.250 -999.250 -999.250 -999.250 -999.250 -999.250 -999.250 -999.250 -999.250 -999.250 3.832 7.142 8.040 13.714 14.908 18.500 20.828 26.218 26.171 26.661 22.829 22.280 19.443 16.407 15.260 13.946 11.587 15.637 16.247 15.639 14.630 15.252 13.829 12.257 16.001 16.875 19.992 21.262 21.152 23.319 28.001 29.075 27.252 29.340 28.041
-999.250 -999.250 -999.250 -999.250 -999.250 -999.250 -999.250 -999.250 -999.250 -999.250 -999.250 -999.250 -999.250 -999.250 -999.250 -999.250 -999.250 -999.250 -999.250 -999.250 -999.250 -999.250 -999.250 -999.250 -999.250 -999.250 -999.250 -999.250 -999.250 -999.250 -999.250 0.000 1.968 5.340 7.921 11.561 12.777 22.574 26.600 27.047 28.385 27.924 25.976 26.200 22.233 17.276 18.694 16.009 13.980 14.573 16.354 13.981 15.375 14.789 14.118 14.364 15.215 17.440 19.253 23.612 21.547 24.685 26.429 25.365 24.229 31.055 30.496
-999.250 -999.250 -999.250 -999.250 -999.250 -999.250 -999.250 -999.250 -999.250 -999.250 -999.250 -999.250 -999.250 -999.250 -999.250 -999.250 -999.250 -999.250 -999.250 -999.250 -999.250 -999.250 -999.250 -999.250 -999.250 -999.250 -999.250 -999.250 -999.250 -999.250 -999.250 0.163 0.000 0.000 5.737 11.944 16.441 23.420 30.946 29.798 30.080 31.881 29.507 28.944 25.168 21.445 18.343 17.433 15.775 17.032 16.642 16.062 16.226 14.051 16.008 15.255 18.997 17.105 21.432 20.989 21.170 19.568 21.781 24.769 24.813 31.258 30.221
-999.250 -999.250 -999.250 -999.250 -999.250 -999.250 -999.250 -999.250 -999.250 -999.250 -999.250 -999.250 -999.250 -999.250 -999.250 -999.250 -999.250 -999.250 -999.250 -999.250 -999.250 -999.250 -999.250 -999.250 -999.250 -999.250 -999.250 -999.250 -999.250 -999.250 -999.250 0.000 0.155 1.538 0.852 10.966 19.485 26.974 33.348 36.997 34.274 37.730 37.821 33.257 28.856 26.366 23.383 21.049 17.830 16.643 16.315 16.839 16.762 17.511 15.921 18.627 17.719 18.184 20.113 20.733 21.634 21.838 20.250 23.791 25.391 29.213 31.092
-999.250 -999.250 -999.250 -999.250 -999.250 -999.250 -999.250 -999.250 -999.250 -999.250 -999.250 -999.250 -999.250 -999.250 -999.250 -999.250 -999.250 -999.250 -999.250 -999.250 -999.250 -999.250 -999.250 -999.250 -999.250 -999.250 -999.250 -999.250 -999.250 -999.250 -999.250 0.460 1.839 0.266 0.000 11.908 23.119 34.817 36.449 36.979 39.320 45.307 46.905 39.424 33.950 30.426 26.392 21.225 19.082 18.395 18.386 18.426 19.695 18.756 17.548 19.355 19.994 17.148 19.138 17.693 20.509 21.508 21.110 24.142 25.854 25.654 29.611
-999.250 -999.250 -999.250 -999.250 -999.250 -999.250 -999.250 -999.250 -999.250 -999.250 -999.250 -999.250 -999.250 -999.250 -999.250 -999.250 -999.250 -999.250 -999.250 -999.250 -999.250 -999.250 -999.250 -999.250 -999.250 -999.250 -999.250 -999.250 -999.250 -999.250 3.947 6.006 6.357 10.171 11.219 20.217 28.461 33.313 43.746 47.489 51.012 51.328 45.377 43.782 35.179 31.077 28.917 26.184 24.552 21.176 21.195 19.588 21.222 20.158 19.425 19.580 18.562 20.544 18.151 19.135 21.247 23.287 23.560 25.543 28.284 28.196 31.241
-999.250 -999.250 -999.250 -999.250 -999.250 -999.250 -999.250 -999.250 -999.250 -999.250 -999.250 -999.250 -999.250 -999.250 -999.250 -999.250 -999.250 -999.250 -999.250 -999.250 -999.250 -999.250 -999.250 -999.250 -999.250 -999.250 -999.250 -999.250 -999.250 -999.250 9.719 11.619 13.611 16.449 18.364 26.477 35.744 41.431 47.543 58.481 60.709 55.910 51.363 50.713 41.078 33.760 30.130 29.341 26.825 25.774 20.302 19.382 23.765 21.154 22.795 22.083 20.964 18.568 18.989 20.247 25.722 25.215 28.390 28.624 30.849 31.247 31.408
-999.250 -999.250 -999.250 -999.250 -999.250 -999.250 -999.250 -999.250 -999.250 -999.250 -999.250 -999.250 -999.250 -999.250 -999.250 -999.250 -999.250 -999.250 -999.250 -999.250 -999.250 -999.250 -999.250 -999.250 -999.250 -999.250 -999.250 -999.250 -999.250 -999.250 16.027 17.685 22.183 24.969 24.947 35.347 46.956 54.294 60.255 64.785 67.853 63.187 63.234 54.763 48.792 38.337 32.749 36.293 30.987 27.204 26.961 23.769 23.025 27.743 27.328 23.265 21.608 22.720 20.356 22.388 23.078 26.441 30.933 32.571 35.187 31.321 32.072
-999.250 -999.250 -999.250 -999.250 -999.250 -999.250 -999.250 -999.250 -999.250 -999.250 -999.250 -999.250 -999.250 -999.250 -999.250 -999.250 -999.250 -999.250 -999.250 -999.250 -999.250 -999.250 -999.250 -999.250 -999.250 -999.250 -999.250 -999.250 -999.250 -999.250 22.650 25.860 26.256 32.221 38.101 41.942 53.517 57.334 66.883 71.869 82.831 72.326 68.441 58.638 53.714 45.200 43.296 40.449 38.181 34.234 29.821 27.549 23.977 26.736 26.553 26.125 23.046 22.213 19.992 23.468 27.509 28.238 27.836 33.455 34.393 32.443 31.444
-999.250 -999.250 -999.250 -999.250 -999.250 -999.250 -999.250 -999.250 -999.250 -999.250 -999.250 -999.250 -999.250 -999.250 -999.250 -999.250 -999.250 -999.250 -999.250 -999.250 -999.250 -999.250 -999.250 -999.250 -999.250 -999.250 -999.250 -999.250 -999.250 23.263 25.602 28.293 32.242 33.177 41.513 49.693 59.051 64.628 66.195 77.932 80.136 78.688 69.129 58.879 59.619 51.829 48.200 48.984 46.658 39.033 34.598 30.988 31.678 33.191 32.541 26.184 28.439 25.581 24.379 24.041 28.154 28.935 28.621 31.175 31.339 31.064 30.246
-999.250 -999.250 -999.250 -999.250 -999.250 -999.250 -999.250 -999.250 -999.250 -999.250 -999.250 -999.250 -999.250 -999.250 -999.250 -999.250 -999.250 -999.250 -999.250 -999.250 -999.250 -999.250 -999.250 -999.250 -999.250 -999.250 -999.250 -999.250 -999.250 24.349 28.972 29.705 31.088 39.504 44.169 54.249 60.988 70.748 70.479 74.205 78.906 75.105 71.686 66.470 60.757 57.352 53.930 49.661 49.299 47.582 39.611 39.412 38.371 38.698 32.792 28.179 31.797 29.290 27.702 25.992 30.222 30.450 30.259 28.965 29.887 26.687 27.577
-999.250 -999.250 -999.250 -999.250 -999.250 -999.250 -999.250 -999.250 -999.250 -999.250 -999.250 -999.250 -999.250 -999.250 -999.250 -999.250 -999.250 -999.250 -999.250 -999.250 -999.250 -999.250 -999.250 -999.250 -999.250 -999.250 -999.250 -999.250 -999.250 29.041 28.283 32.626 35.956 42.793 47.134 58.358 63.665 70.527 66.354 75.217 73.714 72.617 74.969 65.607 60.615 61.869 55.736 53.930 49.597 47.441 44.913 47.910 39.510 43.815 36.921 33.822 32.532 30.357 31.039 31.326 26.760 30.192 28.235 27.509 27.029 27.455 27.554
-999.250 -999.250 -999.250 -999.250 -999.250 -999.250 -999.250 -999.250 -999.250 -999.250 -999.250 -999.250 -999.250 -999.250 -999.250 -999.250 -999.250 -999.250 -999.250 -999.250 -999.250 -999.250 -999.250 -999.250 -999.250 -999.250 -999.250 -999.250 -999.250 28.713 26.877 30.711 33.733 43.350 48.210 54.920 60.613 69.251 68.247 72.315 72.840 72.287 71.927 64.891 62.711 61.234 59.647 56.816 54.604 50.609 48.870 45.872 46.035 45.760 40.845 34.316 35.895 31.154 29.041 27.937 26.235 28.202 28.569 30.201 25.160 26.346 28.929
-999.250 -999.250 -999.250 -999.250 -999.250 -999.250 -999.250 -999.250 -999.250 -999.250 -999.250 -999.250 -999.250 -999.250 -999.250 -999.250 -999.250 -999.250 -999.250 -999.250 -999.250 -999.250 -999.250 -999.250 -999.250 -999.250 -999.250 -999.250 23.495 29.304 29.918 31.860 34.719 42.718 47.926 52.896 61.562 63.510 68.924 70.700 72.587 69.396 68.719 66.817 67.368 57.354 60.028 59.124 53.587 48.533 46.118 48.673 45.013 41.879 36.685 36.663 32.272 32.504 31.520 27.528 27.059 26.029 24.012 23.175 26.111 23.385 29.446
-999.250 -999.250 -999.250 -999.250 -999.250 -999.250 -999.250 -999.250 -999.250 -999.250 -999.250 -999.250 -999.250 -999.250 -999.250 -999.250 -999.250 -999.250 -999.250 -999.250 -999.250 -999.250 -999.250 -999.250 -999.250 -999.250 -999.250 -999.250 20.732 24.511 28.579 38.203 37.997 45.582 51.818 58.860 59.560 59.968 64.301 68.010 68.748 68.510 63.603 65.731 66.873 68.724 62.609 57.016 50.773 48.858 42.009 41.611 41.172 39.355 38.478 35.441 26.912 31.812 35.594 29.112 28.677 26.307 22.594 24.783 26.077 23.940 24.764
-999.250 -999.250 -999.250 -999.250 -999.250 -999.250 -999.250 -999.250 -999.250 -999.250 -999.250 -999.250 -999.250 -999.250 -999.250 -999.250 -999.250 -999.250 -999.250 -999.250 -999.250 -999.250 -999.250 -999.250 -999.250 -999.250 -999.250 18.145 22.577 27.408 30.950 35.718 38.914 39.248 45.115 47.939 50.974 58.378 59.467 64.455 62.798 65.140 61.861 60.679 69.132 69.013 63.699 59.788 53.795 46.741 44.157 43.411 35.749 34.508 33.704 32.309 30.257 29.443 31.925 31.513 27.550 25.849 23.494 21.233 23.954 23.544 22.652
-999.250 -999.250 -999.250 -999.250 -999.250 -999.250 -999.250 -999.250 -999.250 -999.250 -999.250 -999.250 -999.250 -999.250 -999.250 -999.250 -999.250 -999.250 -999.250 -999.250 -999.250 -999.250 -999.250 -999.250 -999.250 -999.250 -999.250 21.248 23.234 24.138 24.290 30.995 33.400 38.496 44.480 52.155 46.629 53.014 56.995 57.279 63.640 66.178 69.277 67.151 66.431 67.225 60.127 56.842 52.798 48.194 42.297 35.526 32.174 30.396 28.823 28.953 30.974 27.154 31.925 29.095 27.717 28.156 25.558 18.159 19.520 22.943 23.981
-999.250 -999.250 -999.250 -999.250 -999.250 -999.250 -999.250 -999.250 -999.250 -999.250 -999.250 -999.250 -999.250 -999.250 -999.250 -999.250 -999.250 -999.250 -999.250 -999.250 -999.250 -999.250 -999.250 -999.250 -999.250 -999.250 -999.250 21.578 24.790 23.991 26.030 29.323 32.448 31.869 37.502 47.695 49.624 54.197 55.639 60.815 61.276 64.423 67.914 68.870 65.811 65.284 59.887 53.421 53.452 45.645 36.935 34.047 30.598 27.205 31.322 30.550 30.443 31.124 35.195 31.716 34.295 32.783 30.780 23.904 23.151 24.626 25.142
-999.250 -999.250 -999.250 -999.250 -999.250 -999.250 -999.250 -999.250 -999.250 -999.250 -999.250 -999.250 -999.250 -999.250 -999.250 -999.250 -999.250 -999.250 -999.250 -999.250 -999.250 -999.250 -999.250 -999.250 -999.250 -999.250 -999.250 21.005 24.050 24.832 28.938 26.862 28.721 29.743 34.460 40.758 49.056 53.179 55.536 58.662 65.462 65.338 71.595 70.918 67.643 67.752 61.735 54.950 47.242 40.758 40.144 35.104 29.888 25.836 27.824 30.867 29.882 35.144 38.957 42.932 42.573 38.852 36.169 34.209 28.139 26.696 27.836
-999.250 -999.250 -999.250 -999.250 -999.250 -999.250 -999.250 -999.250 -999.250 -999.250 -999.250 -999.250 -999.250 -999.250 -999.250 -999.250 -999.250 -999.250 -999.250 -999.250 -999.250 -999.250 -999.250 -999.250 -999.250 -999.250 -999.250 -999.250 19.701 24.554 25.225 27.803 30.815 29.669 31.720 35.309 42.590 46.380 52.640 58.428 61.667 66.876 69.709 67.601 69.110 72.001 63.281 52.020 45.699 41.753 34.497 28.228 25.715 29.134 26.645 30.643 32.648 36.845 40.456 47.765 48.953 49.645 44.031 37.935 32.130 29.506 27.045
-999.250 -999.250 -999.250 -999.250 -999.250 -999.250 -999.250 -999.250 -999.250 -999.250 -999.250 -999.250 -999.250 -999.250 -999.250 -999.250 -999.250 -999.250 -999.250 -999.250 -999.250 -999.250 -999.250 -999.250 -999.250 -999.250 -999.250 -999.250 21.908 26.406 22.390 25.145 29.092 24.965 31.239 38.240 36.758 42.083 46.766 53.935 57.972 64.795 68.285 70.075 72.192 71.620 63.004 51.007 44.241 38.264 30.475 23.109 23.886 22.702 26.016 30.072 32.645 35.498 43.111 46.526 52.562 47.240 43.047 37.424 35.932 34.135 30.162
-999.250 -999.250 -999.250 -999.250 -999.250 -999.250 -999.250 -999.250 -999.250 -999.250 -999.250 -999.250 -999.250 -999.250 -999.250 -999.250 -999.250 -999.250 -999.250 -999.250 -999.250 -999.250 -999.250 -999.250 -999.250 -999.250 -999.250 -999.250 23.977 22.039 25.828 24.072 24.924 26.450 30.520 36.808 39.197 36.176 40.467 44.066 54.670 58.432 63.663 70.714 75.719 73.375 65.943 51.389 41.496 33.698 21.132 15.808 16.193 18.986 23.076 29.141 31.893 37.122 37.456 49.417 51.172 45.900 44.326 32.983 35.540 36.015 30.217
-999.250 -999.250 -999.250 -999.250 -999.250 -999.250 -999.250 -999.250 -999.250 -999.250 -999.250 -999.250 -999.250 -999.250 -999.250 -999.250 -999.250 -999.250 -999.250 -999.250 -999.250 -999.250 -999.250 -999.250 -999.250 -999.250 -999.250 -999.250 26.107 24.571 24.773 22.291 22.910 26.230 27.794 27.101 32.096 33.686 34.108 38.707 43.916 54.876 64.625 69.214 72.070 78.949 64.412 47.210 39.267 29.021 16.409 7.869 12.297 15.156 17.594 24.012 27.450 28.435 34.738 41.096 43.859 48.969 44.893 41.562 39.694 38.782 35.191
-999.250 -999.250 -999.250 -999.250 -999.250 -999.250 -999.250 -999.250 -999.250 -999.250 -999.250 -999.250 -999.250 -999.250 -999.250 -999.250 -999.250 -999.250 -999.250 -999.250 -999.250 -999.250 -999.250 -999.250 -999.250 -999.250 -999.250 -999.250 24.028 24.595 25.331 21.256 22.409 21.225 22.954 25.295 26.543 27.273 32.336 30.310 37.565 44.094 52.946 63.678 66.955 65.432 56.253 42.640 32.861 18.150 14.122 10.488 5.575 10.426 14.029 16.690 18.399 21.339 27.001 34.806 38.592 40.888 39.901 42.048 41.725 34.653 33.960
-999.250 -999.250 -999.250 -999.250 -999.250 -999.250 -999.250 -999.250 -999.250 -999.250 -999.250 -999.250 -999.250 -999.250 -999.250 -999.250 -999.250 -999.250 -999.250 -999.250 -999.250 -999.250 -999.250 -999.250 -999.250 -999.250 -999.250 28.221 25.290 23.096 26.537 22.966 24.374 22.684 22.421 23.365 24.708 22.412 23.050 23.364 31.803 37.672 43.393 52.563 56.772 52.107 47.360 32.574 24.912 17.243 10.351 6.447 2.854 5.848 6.247 9.748 13.742 16.302 17.633 25.367 30.929 37.270 38.808 41.169 36.746 33.215 32.922
-999.250 -999.250 -999.250 -999.250 -999.250 -999.250 -999.250 -999.250 -999.250 -999.250 -999.250 -999.250 -999.250 -999.250 -999.250 -999.250 -999.250 -999.250 -999.250 -999.250 -999.250 -999.250 -999.250 -999.250 -999.250 -999.250 -999.250 31.325 26.758 22.699 27.648 23.128 26.273 26.417 24.226 24.722 26.270 23.860 24.340 24.750 32.495 36.097 40.277 38.859 43.801 37.624 32.110 29.332 16.829 6.229 2.541 1.251 0.714 1.423 4.825 3.906 4.488 7.718 16.159 19.860 29.653 33.168 34.888 37.489 36.753 35.974 30.467
-999.250 -999.250 -999.250 -999.250 -999.250 -999.250 -999.250 -999.250 -999.250 -999.250 -999.250 -999.250 -999.250 -999.250 -999.250 -999.250 -999.250 -999.250 -999.250 -999.250 -999.250 -999.250 -999.250 -999.250 -999.250 -999.250 -999.250 34.753 31.531 29.707 24.950 28.360 29.792 27.003 23.966 26.620 30.600 26.822 27.783 27.179 31.233 32.292 34.285 35.681 32.338 30.025 23.981 20.458 7.989 0.000 0.000 0.000 0.000 0.000 0.241 0.000 0.944 0.000 9.398 18.924 27.980 32.707 34.921 39.809 36.643 32.073 33.538
-999.250 -999.250 -999.250 -999.250 -999.250 -999.250 -999.250 -999.250 -999.250 -999.250 -999.250 -999.250 -999.250 -999.250 -999.250 -999.250 -999.250 -999.250 -999.250 -999.250 -999.250 -999.250 -999.250 -999.250 -999.250 -999.250 36.396 36.816 35.218 30.662 29.418 29.483 30.172 32.737 29.404 30.409 33.300 32.464 30.836 30.190 31.889 32.315 32.073 32.038 29.171 22.102 17.784 14.746 5.447 0.000 0.000 0.000 0.000 0.000 0.000 0.000 0.007 5.953 12.876 20.505 28.744 32.893 35.779 37.590 37.098 35.752 29.187
-999.250 -999.250 -999.250 -999.250 -999.250 -999.250 -999.250 -999.250 -999.250 -999.250 -999.250 -999.250 -999.250 -999.250 -999.250 -999.250 -999.250 -999.250 -999.250 -999.250 -999.250 -999.250 -999.250 -999.250 -999.250 -999.250 39.789 35.252 41.621 34.135 34.567 35.192 35.097 35.008 37.367 38.297 36.409 34.993 34.291 36.337 37.647 32.539 30.791 28.432 23.740 21.433 14.664 7.223 8.868 0.000 0.000 0.000 0.000 0.704 0.000 3.740 5.242 12.243 17.386 22.220 30.793 33.347 31.898 36.386 40.025 35.387 31.608
