data/medianmodel_17-Dec-2020.asc
ncols	141
nrows	288
xllcorner	-120191.398
yllcorner	-301404.813
cellsize	2000.000
NODATA_value	-999.250
[rows 145 to 173 of 288, columns 64 to 127 of 141]
487.898 598.772 742.302 854.940 1125.753 1156.580 1145.809 1143.405 1128.852 1018.163 1010.072 914.869 865.853 830.780 768.505 796.042 744.362 775.450 903.405 1140.610 1201.196 1365.220 1547.176 1653.827 1770.496 1831.005 1883.492 -999.250 -999.250 -999.250 -999.250 -999.250 -999.250 -999.250 -999.250 -999.250 -999.250 -999.250 -999.250 -999.250 -999.250 -999.250 -999.250 -999.250 -999.250 -999.250 -999.250 -999.250 -999.250 -999.250 -999.250 -999.250 -999.250 -999.250 -999.250 -999.250 -999.250 -999.250 -999.250 -999.250 -999.250 -999.250 -999.250 -999.250
595.065 729.829 893.641 1201.073 1276.999 1387.222 1374.524 1379.104 1259.117 1182.969 1145.336 1093.519 1002.670 1007.401 910.215 888.878 876.988 929.871 1066.479 1241.647 1360.787 1547.917 1663.140 1784.269 1913.221 1908.080 1951.122 1952.702 -999.250 -999.250 -999.250 -999.250 -999.250 -999.250 -999.250 -999.250 -999.250 -999.250 -999.250 -999.250 -999.250 -999.250 -999.250 -999.250 -999.250 -999.250 -999.250 -999.250 -999.250 -999.250 -999.250 -999.250 -999.250 -999.250 -999.250 -999.250 -999.250 -999.250 -999.250 -999.250 -999.250 -999.250 -999.250 -999.250
677.234 782.876 1064.514 1312.513 1496.318 1607.607 1694.334 1599.681 1451.346 1332.643 1242.125 1217.837 1181.289 1149.309 1075.757 1122.693 1136.431 1147.223 1210.121 1263.146 1460.674 1642.195 1748.908 1851.983 1962.924 2106.198 2100.426 2213.803 -999.250 -999.250 -999.250 -999.250 -999.250 -999.250 -999.250 -999.250 -999.250 -999.250 -999.250 -999.250 -999.250 -999.250 -999.250 -999.250 -999.250 -999.250 -999.250 -999.250 -999.250 -999.250 -999.250 -999.250 -999.250 -999.250 -999.250 -999.250 -999.250 -999.250 -999.250 -999.250 -999.250 -999.250 -999.250 -999.250
668.680 859.444 1151.757 1310.114 1642.066 1900.092 1765.805 1665.987 1624.783 1442.479 1336.455 1319.594 1267.283 1230.761 1232.548 1282.690 1284.615 1313.212 1389.786 1487.666 1563.445 1684.296 1832.614 1920.121 2018.208 2162.196 2363.823 2439.536 2366.979 2274.889 2477.273 -999.250 -999.250 -999.250 -999.250 -999.250 -999.250 -999.250 -999.250 -999.250 -999.250 -999.250 -999.250 -999.250 -999.250 -999.250 -999.250 -999.250 -999.250 -999.250 -999.250 -999.250 -999.250 -999.250 -999.250 -999.250 -999.250 -999.250 -999.250 -999.250 -999.250 -999.250 -999.250 -999.250
707.422 890.378 1167.444 1357.235 1654.668 1797.221 1780.925 1752.039 1683.744 1568.116 1402.307 1367.331 1376.907 1282.728 1391.181 1335.311 1367.120 1547.428 1586.300 1596.128 1687.030 1727.239 1860.314 1938.006 2079.622 2259.415 2490.077 2399.200 2668.470 2485.906 2398.528 2310.357 -999.250 -999.250 -999.250 -999.250 -999.250 -999.250 -999.250 -999.250 -999.250 -999.250 -999.250 -999.250 -999.250 -999.250 -999.250 -999.250 -999.250 -999.250 -999.250 -999.250 -999.250 -999.250 -999.250 -999.250 -999.250 -999.250 -999.250 -999.250 -999.250 -999.250 -999.250 -999.250
752.362 1002.239 1201.865 1319.903 1585.788 1699.679 1719.682 1697.652 1645.993 1554.302 1540.978 1512.038 1484.185 1413.332 1531.241 1386.838 1581.775 1632.284 1638.966 1646.194 1697.779 1792.541 1859.762 1963.270 2234.928 2398.816 2758.639 2642.772 2726.345 2452.714 2714.046 -999.250 -999.250 -999.250 -999.250 -999.250 -999.250 -999.250 -999.250 -999.250 -999.250 -999.250 -999.250 -999.250 -999.250 -999.250 -999.250 -999.250 -999.250 -999.250 -999.250 -999.250 -999.250 -999.250 -999.250 -999.250 -999.250 -999.250 -999.250 -999.250 -999.250 -999.250 -999.250 -999.250
771.899 957.081 1066.852 1299.267 1474.176 1603.343 1656.729 1653.986 1693.970 1620.629 1597.732 1576.683 1574.289 1594.481 1434.733 1462.226 1570.866 1611.415 1710.622 1726.485 1832.989 1826.097 1902.639 1994.540 2136.898 2398.001 2575.008 2694.168 2809.404 2761.368 2696.070 -999.250 -999.250 -999.250 -999.250 -999.250 -999.250 -999.250 -999.250 -999.250 -999.250 -999.250 -999.250 -999.250 -999.250 -999.250 -999.250 -999.250 -999.250 -999.250 -999.250 -999.250 -999.250 -999.250 -999.250 -999.250 -999.250 -999.250 -999.250 -999.250 -999.250 -999.250 -999.250 -999.250
727.623 871.921 962.476 1161.110 1330.760 1387.520 1566.303 1638.705 1619.416 1612.618 1592.315 1615.597 1587.700 1567.078 1470.918 1550.024 1594.893 1686.920 1741.145 1735.392 1775.108 1841.864 1940.931 2024.022 2146.522 2382.385 2708.995 2847.415 2960.376 2861.794 2744.243 -999.250 -999.250 -999.250 -999.250 -999.250 -999.250 -999.250 -999.250 -999.250 -999.250 -999.250 -999.250 -999.250 -999.250 -999.250 -999.250 -999.250 -999.250 -999.250 -999.250 -999.250 -999.250 -999.250 -999.250 -999.250 -999.250 -999.250 -999.250 -999.250 -999.250 -999.250 -999.250 -999.250
701.577 762.052 883.312 1040.897 1238.287 1325.340 1564.625 1552.561 1541.487 1569.480 1584.110 1597.533 1670.783 1629.991 1580.173 1623.587 1647.583 1679.651 1723.668 1739.422 1725.651 1806.732 1893.264 1924.772 2088.392 2264.870 2555.686 2814.741 2940.653 2878.957 2727.570 -999.250 -999.250 -999.250 -999.250 -999.250 -999.250 -999.250 -999.250 -999.250 -999.250 -999.250 -999.250 -999.250 -999.250 -999.250 -999.250 -999.250 -999.250 -999.250 -999.250 -999.250 -999.250 -999.250 -999.250 -999.250 -999.250 -999.250 -999.250 -999.250 -999.250 -999.250 -999.250 -999.250
646.852 710.413 784.539 938.542 1089.419 1239.920 1336.799 1444.758 1416.244 1567.011 1550.513 1610.891 1574.031 1590.622 1621.615 1671.640 1633.928 1640.427 1675.039 1762.527 1755.157 1811.903 1820.678 1898.132 1978.481 2065.220 2227.170 2675.952 2928.453 2708.847 2433.065 -999.250 -999.250 -999.250 -999.250 -999.250 -999.250 -999.250 -999.250 -999.250 -999.250 -999.250 -999.250 -999.250 -999.250 -999.250 -999.250 -999.250 -999.250 -999.250 -999.250 -999.250 -999.250 -999.250 -999.250 -999.250 -999.250 -999.250 -999.250 -999.250 -999.250 -999.250 -999.250 -999.250
593.673 650.622 711.002 828.087 974.062 1168.836 1231.841 1343.153 1373.901 1357.376 1509.421 1427.384 1548.153 1644.264 1602.821 1639.307 1612.742 1670.218 1677.912 1693.096 1784.877 1806.320 1799.858 1777.760 1861.402 1917.122 2028.110 2105.296 2417.264 2328.302 2010.080 -999.250 -999.250 -999.250 -999.250 -999.250 -999.250 -999.250 -999.250 -999.250 -999.250 -999.250 -999.250 -999.250 -999.250 -999.250 -999.250 -999.250 -999.250 -999.250 -999.250 -999.250 -999.250 -999.250 -999.250 -999.250 -999.250 -999.250 -999.250 -999.250 -999.250 -999.250 -999.250 -999.250
531.635 599.375 649.190 774.888 853.569 1067.684 1151.736 1216.006 1313.824 1373.747 1442.343 1448.621 1508.560 1618.724 1618.811 1610.568 1608.934 1678.559 1644.667 1618.773 1716.121 1728.167 1697.670 1718.415 1661.310 1673.557 1713.180 1822.223 1918.909 1921.700 1853.761 1904.434 -999.250 -999.250 -999.250 -999.250 -999.250 -999.250 -999.250 -999.250 -999.250 -999.250 -999.250 -999.250 -999.250 -999.250 -999.250 -999.250 -999.250 -999.250 -999.250 -999.250 -999.250 -999.250 -999.250 -999.250 -999.250 -999.250 -999.250 -999.250 -999.250 -999.250 -999.250 -999.250
456.169 524.992 593.224 658.313 738.025 854.165 949.692 1090.558 1176.152 1308.545 1399.250 1444.162 1460.767 1581.897 1524.269 1619.171 1594.044 1646.920 1678.591 1674.201 1648.750 1617.264 1558.097 1545.221 1422.798 1266.260 1293.979 1370.486 1594.206 1673.593 1632.907 1662.298 1621.945 -999.250 -999.250 -999.250 -999.250 -999.250 -999.250 -999.250 -999.250 -999.250 -999.250 -999.250 -999.250 -999.250 -999.250 -999.250 -999.250 -999.250 -999.250 -999.250 -999.250 -999.250 -999.250 -999.250 -999.250 -999.250 -999.250 -999.250 -999.250 -999.250 -999.250 -999.250
364.493 412.086 510.228 573.972 644.433 694.118 794.233 974.697 1025.554 1194.057 1259.392 1349.794 1340.103 1423.873 1484.467 1527.215 1530.810 1582.876 1626.922 1661.873 1559.677 1488.952 1415.469 1234.256 1184.957 1009.069 874.977 1073.089 1255.444 1294.160 1376.731 1415.372 1363.667 1296.890 -999.250 -999.250 -999.250 -999.250 -999.250 -999.250 -999.250 -999.250 -999.250 -999.250 -999.250 -999.250 -999.250 -999.250 -999.250 -999.250 -999.250 -999.250 -999.250 -999.250 -999.250 -999.250 -999.250 -999.250 -999.250 -999.250 -999.250 -999.250 -999.250 -999.250
266.285 294.103 377.245 497.915 576.800 641.474 725.150 874.302 986.015 1155.175 1257.045 1203.829 1234.283 1360.607 1391.927 1480.757 1616.292 1534.178 1619.210 1520.614 1443.437 1303.599 1195.950 1149.886 1041.243 852.297 796.339 871.686 1043.792 1142.518 1208.852 1216.127 1228.753 1139.583 -999.250 -999.250 -999.250 -999.250 -999.250 -999.250 -999.250 -999.250 -999.250 -999.250 -999.250 -999.250 -999.250 -999.250 -999.250 -999.250 -999.250 -999.250 -999.250 -999.250 -999.250 -999.250 -999.250 -999.250 -999.250 -999.250 -999.250 -999.250 -999.250 -999.250
203.675 200.080 322.465 404.721 505.764 594.852 655.932 786.756 839.197 970.537 1099.021 1105.909 1222.034 1283.827 1281.250 1429.291 1579.909 1531.099 1555.489 1416.769 1334.166 1242.166 1175.831 972.670 950.052 833.187 752.100 797.204 857.880 917.074 982.943 1027.180 1000.208 898.648 -999.250 -999.250 -999.250 -999.250 -999.250 -999.250 -999.250 -999.250 -999.250 -999.250 -999.250 -999.250 -999.250 -999.250 -999.250 -999.250 -999.250 -999.250 -999.250 -999.250 -999.250 -999.250 -999.250 -999.250 -999.250 -999.250 -999.250 -999.250 -999.250 -999.250
197.860 221.593 282.405 378.755 491.438 549.704 624.298 712.910 755.912 856.724 942.131 1143.172 1155.626 1215.931 1288.626 1364.827 1354.525 1405.403 1391.560 1313.318 1265.577 1184.301 1061.677 1034.666 881.748 793.669 803.653 762.966 776.600 823.253 840.785 814.149 790.849 733.167 -999.250 -999.250 -999.250 -999.250 -999.250 -999.250 -999.250 -999.250 -999.250 -999.250 -999.250 -999.250 -999.250 -999.250 -999.250 -999.250 -999.250 -999.250 -999.250 -999.250 -999.250 -999.250 -999.250 -999.250 -999.250 -999.250 -999.250 -999.250 -999.250 -999.250
201.011 229.086 279.471 355.954 433.923 514.437 592.942 646.560 717.472 804.657 910.003 905.558 1004.060 1143.975 1129.158 1252.978 1281.671 1333.530 1291.874 1253.990 1170.004 1158.271 1057.144 960.124 924.715 778.822 740.504 728.057 750.514 733.948 703.481 687.191 673.151 639.014 -999.250 -999.250 -999.250 -999.250 -999.250 -999.250 -999.250 -999.250 -999.250 -999.250 -999.250 -999.250 -999.250 -999.250 -999.250 -999.250 -999.250 -999.250 -999.250 -999.250 -999.250 -999.250 -999.250 -999.250 -999.250 -999.250 -999.250 -999.250 -999.250 -999.250
228.925 255.669 277.871 363.596 427.189 493.405 569.058 605.456 669.677 725.322 790.877 860.552 927.860 997.522 1072.657 1135.205 1171.632 1263.823 1233.634 1146.172 1146.986 1066.883 913.631 921.006 845.842 794.647 777.458 771.376 738.197 721.199 688.362 649.573 599.099 551.569 535.898 -999.250 -999.250 -999.250 -999.250 -999.250 -999.250 -999.250 -999.250 -999.250 -999.250 -999.250 -999.250 -999.250 -999.250 -999.250 -999.250 -999.250 -999.250 -999.250 -999.250 -999.250 -999.250 -999.250 -999.250 -999.250 -999.250 -999.250 -999.250 -999.250
246.293 255.102 297.210 349.919 403.278 468.795 530.135 574.579 613.918 634.884 669.767 744.771 822.148 879.035 917.839 966.317 1033.538 1036.824 1090.904 1005.698 932.340 956.179 957.735 949.341 899.472 846.282 775.778 731.213 746.589 655.296 624.682 595.296 510.157 470.773 403.776 387.850 -999.250 -999.250 -999.250 -999.250 -999.250 -999.250 -999.250 -999.250 -999.250 -999.250 -999.250 -999.250 -999.250 -999.250 -999.250 -999.250 -999.250 -999.250 -999.250 -999.250 -999.250 -999.250 -999.250 -999.250 -999.250 -999.250 -999.250 -999.250
276.628 289.623 308.052 338.016 378.100 410.487 485.139 511.207 555.538 581.495 615.228 649.559 700.947 760.843 794.155 788.214 825.693 858.206 921.227 898.442 863.329 862.965 939.640 973.987 888.993 849.622 775.520 717.948 672.921 638.469 582.604 541.420 452.807 395.966 354.990 300.245 289.196 273.566 298.557 -999.250 -999.250 -999.250 -999.250 -999.250 -999.250 -999.250 -999.250 -999.250 -999.250 -999.250 -999.250 -999.250 -999.250 -999.250 -999.250 -999.250 -999.250 -999.250 -999.250 -999.250 -999.250 -999.250 -999.250 -999.250
322.148 342.671 318.497 348.182 368.925 389.074 410.303 450.026 498.072 519.748 564.246 597.305 611.444 625.203 661.549 675.476 670.947 746.641 738.511 769.545 767.555 830.049 873.797 864.291 833.895 840.443 790.575 743.381 671.499 655.153 590.362 503.451 404.199 334.187 265.832 213.784 217.027 200.128 218.998 -999.250 -999.250 -999.250 -999.250 -999.250 -999.250 -999.250 -999.250 -999.250 -999.250 -999.250 -999.250 -999.250 -999.250 -999.250 -999.250 -999.250 -999.250 -999.250 -999.250 -999.250 -999.250 -999.250 -999.250 -999.250
362.967 349.081 334.779 341.420 334.466 360.211 379.602 410.236 416.236 436.658 447.218 484.858 509.822 514.814 528.060 514.682 551.387 602.927 622.598 656.898 680.243 741.254 757.421 822.428 853.017 852.295 873.451 784.337 720.756 693.284 593.927 478.057 395.551 271.936 192.410 161.596 152.980 160.731 -999.250 -999.250 -999.250 -999.250 -999.250 -999.250 -999.250 -999.250 -999.250 -999.250 -999.250 -999.250 -999.250 -999.250 -999.250 -999.250 -999.250 -999.250 -999.250 -999.250 -999.250 -999.250 -999.250 -999.250 -999.250 -999.250
384.035 373.843 357.455 332.840 351.984 320.995 349.764 353.870 353.024 376.308 382.066 402.990 383.115 375.820 374.211 385.192 415.125 464.896 523.625 585.076 623.038 703.601 750.049 846.380 883.028 961.816 902.433 850.101 772.018 710.877 595.496 477.585 341.495 196.193 107.252 87.441 87.737 95.935 -999.250 -999.250 -999.250 212.788 227.855 246.161 -999.250 -999.250 -999.250 -999.250 -999.250 -999.250 -999.250 -999.250 -999.250 -999.250 -999.250 -999.250 -999.250 -999.250 -999.250 -999.250 -999.250 -999.250 -999.250 -999.250
415.595 387.154 374.593 363.326 347.392 334.701 341.659 322.907 308.000 311.947 303.561 301.509 281.167 267.090 256.591 249.411 262.222 328.956 418.705 507.796 572.056 666.204 744.525 837.588 934.592 941.755 1043.637 967.568 797.697 720.510 622.960 494.822 340.872 187.458 35.461 30.566 48.099 68.864 88.983 127.416 174.790 191.164 204.664 218.258 224.926 -999.250 -999.250 -999.250 -999.250 -999.250 -999.250 -999.250 -999.250 -999.250 -999.250 -999.250 -999.250 -999.250 -999.250 -999.250 -999.250 -999.250 -999.250 -999.250
464.389 421.833 394.072 394.225 358.726 324.791 306.098 284.739 284.891 267.956 267.812 261.778 218.264 200.075 177.614 159.827 134.499 235.161 365.311 447.462 552.149 623.308 735.771 866.934 1036.277 1075.342 1128.094 1080.697 941.893 868.519 694.382 549.277 374.939 207.833 107.434 62.151 42.606 54.051 85.939 100.503 131.874 169.480 191.144 215.900 205.379 222.246 -999.250 -999.250 -999.250 -999.250 -999.250 -999.250 -999.250 -999.250 -999.250 -999.250 -999.250 -999.250 -999.250 -999.250 -999.250 -999.250 -999.250 -999.250
532.387 484.520 427.678 399.701 371.848 336.519 290.229 278.287 259.890 248.101 241.033 215.012 194.679 159.528 132.281 118.641 140.510 197.029 300.361 397.652 524.532 614.211 686.955 801.719 971.494 1131.096 1208.423 1224.621 1171.139 913.757 713.061 582.788 436.773 278.403 186.008 108.991 82.253 80.596 91.849 92.741 120.888 163.604 177.977 192.368 199.290 211.012 -999.250 -999.250 -999.250 -999.250 -999.250 -999.250 -999.250 -999.250 -999.250 -999.250 -999.250 -999.250 -999.250 -999.250 -999.250 -999.250 -999.250 -999.250
567.686 519.311 493.577 432.861 383.527 335.514 302.053 273.616 247.871 213.496 202.063 195.916 180.443 150.536 113.531 119.304 158.423 200.655 283.168 402.005 501.403 601.498 686.844 777.667 956.335 1099.811 1220.267 1378.151 1171.817 925.757 752.138 606.448 491.913 346.136 243.881 167.191 112.856 88.709 94.823 102.637 109.215 140.385 164.239 193.429 196.449 212.343 -999.250 -999.250 -999.250 -999.250 -999.250 -999.250 -999.250 -999.250 -999.250 -999.250 -999.250 -999.250 -999.250 -999.250 -999.250 -999.250 -999.250 -999.250
624.760 580.983 515.125 446.188 399.233 371.427 321.439 274.587 246.014 209.165 200.682 189.841 177.935 150.065 137.366 148.402 188.995 238.193 295.481 396.091 473.826 575.848 674.168 771.307 877.297 969.048 1169.842 1220.832 1059.675 908.898 733.301 623.757 502.496 382.489 267.692 195.670 155.739 122.972 102.668 107.744 121.546 140.889 158.625 180.926 194.584 202.726 231.371 -999.250 -999.250 -999.250 -999.250 -999.250 -999.250 -999.250 -999.250 -999.250 -999.250 -999.250 -999.250 -999.250 -999.250 -999.250 -999.250 -999.250
