data/medianmodel_19-Nov-2020.asc
ncols	141
nrows	288
xllcorner	-120191.398
yllcorner	-301404.813
cellsize	2000.000
NODATA_value	-999.250
[rows 87 to 115 of 288, columns 65 to 129 of 141]
331.177 351.647 379.966 384.299 412.297 418.176 434.393 429.422 454.432 487.919 477.716 440.689 382.672 345.816 319.699 279.226 272.961 309.362 365.804 523.441 797.261 1018.938 1300.385 1380.888 1532.369 1532.780 1594.282 1491.793 1485.865 1305.063 1183.443 1018.214 795.666 689.092 681.905 559.942 571.425 549.967 478.327 511.135 465.654 445.880 446.124 452.894 387.330 377.573 364.834 340.606 330.968 -999.250 -999.250 -999.250 -999.250 -999.250 -999.250 -999.250 -999.250 -999.250 -999.250 -999.250 -999.250 -999.250 -999.250 -999.250 -999.250
329.499 345.949 354.822 390.379 375.796 389.845 391.687 411.973 418.094 443.061 444.380 388.665 351.519 318.587 284.425 225.481 236.805 307.420 452.761 564.609 739.230 1045.611 1225.307 1423.748 1585.963 1649.750 1572.276 1474.424 1357.423 1281.355 1153.467 995.083 772.409 718.583 656.597 567.439 554.299 541.759 520.055 529.096 492.408 474.901 456.156 425.361 395.889 385.931 361.120 326.747 312.791 308.185 270.826 -999.250 -999.250 -999.250 -999.250 -999.250 -999.250 -999.250 -999.250 -999.250 -999.250 -999.250 -999.250 -999.250 -999.250
319.486 341.164 332.262 353.584 368.664 380.582 369.971 379.669 375.104 368.161 384.397 344.459 320.316 300.830 254.025 209.154 217.878 267.603 458.563 624.898 837.162 1105.163 1263.804 1405.768 1414.414 1513.413 1493.929 1412.307 1413.130 1257.484 1133.650 1096.742 830.281 807.203 677.825 596.358 592.898 574.541 569.664 558.479 541.036 493.460 456.015 412.279 421.445 379.283 368.119 349.043 333.093 280.772 280.890 -999.250 -999.250 -999.250 -999.250 -999.250 -999.250 -999.250 -999.250 -999.250 -999.250 -999.250 -999.250 -999.250 -999.250
305.869 326.180 327.393 329.724 355.228 364.401 372.948 352.222 352.279 343.418 342.806 330.306 322.943 297.517 260.341 260.332 228.617 209.898 500.611 695.690 898.980 1110.188 1282.645 1423.287 1550.686 1464.642 1480.462 1405.428 1466.579 1257.310 1103.661 1054.047 856.842 851.745 712.958 677.841 646.267 570.102 592.236 568.839 521.501 515.189 459.210 428.484 404.581 414.922 374.872 341.170 342.849 314.667 300.555 -999.250 -999.250 -999.250 -999.250 -999.250 -999.250 -999.250 -999.250 -999.250 -999.250 -999.250 -999.250 -999.250 -999.250
300.412 306.665 320.259 323.751 328.923 329.603 326.410 336.031 328.506 337.283 336.359 335.652 332.694 337.148 321.912 339.456 362.663 478.111 617.752 850.969 1072.956 1266.320 1529.506 1524.473 1595.813 1623.248 1488.720 1479.083 1351.237 1337.563 1253.220 1049.126 1012.535 899.849 792.592 757.695 729.448 664.316 588.674 546.341 530.277 511.556 485.992 417.197 435.778 397.230 360.885 351.658 332.759 301.739 -999.250 -999.250 -999.250 -999.250 -999.250 -999.250 -999.250 -999.250 -999.250 -999.250 -999.250 -999.250 -999.250 -999.250 -999.250
284.064 294.839 299.744 314.579 299.100 310.447 316.442 333.233 333.844 338.294 333.824 343.137 356.145 375.604 388.062 441.114 528.809 644.652 818.763 1118.669 1306.128 1519.298 1579.352 1651.371 1611.828 1569.148 1521.737 1469.153 1361.043 1315.921 1276.207 1240.173 1123.599 1021.057 940.161 775.874 840.765 766.052 635.028 599.380 586.572 568.441 518.447 460.032 453.328 404.634 411.143 362.669 341.024 305.281 -999.250 -999.250 -999.250 -999.250 -999.250 -999.250 -999.250 -999.250 -999.250 -999.250 -999.250 -999.250 -999.250 -999.250 -999.250
296.275 273.370 271.367 257.042 269.473 288.844 288.744 290.234 312.443 328.309 338.893 342.298 387.000 462.371 455.714 573.922 694.056 896.524 1120.384 1293.660 1602.837 1738.354 1698.372 1737.585 1709.669 1781.806 1662.522 1601.938 1533.306 1433.649 1410.258 1402.676 1237.654 1076.055 1055.112 939.077 898.411 787.584 756.362 638.903 576.283 560.981 499.954 459.665 448.107 444.454 373.462 383.657 335.506 -999.250 -999.250 -999.250 -999.250 -999.250 -999.250 -999.250 -999.250 -999.250 -999.250 -999.250 -999.250 -999.250 -999.250 -999.250 -999.250
261.156 248.164 215.726 240.245 256.252 275.957 267.149 263.945 294.847 326.768 352.742 372.736 438.222 468.485 552.802 659.767 825.619 1138.743 1336.505 1548.158 1844.053 1997.507 1994.554 1902.032 1840.682 1813.242 1755.019 1570.344 1637.101 1595.138 1430.882 1359.587 1305.682 1198.998 1123.911 1038.708 897.935 821.954 773.704 676.630 563.604 565.631 521.829 477.737 471.859 450.102 399.020 374.343 332.943 -999.250 -999.250 -999.250 -999.250 -999.250 -999.250 -999.250 -999.250 -999.250 -999.250 -999.250 -999.250 -999.250 -999.250 -999.250 -999.250
247.261 227.612 235.936 234.940 228.452 245.910 246.330 251.259 280.794 321.110 343.294 416.769 453.258 524.993 615.762 724.122 966.406 1232.610 1508.679 1787.443 2095.111 2184.122 2096.074 2071.470 1984.065 1972.315 1872.061 1672.110 1702.068 1623.805 1603.619 1488.519 1303.271 1232.044 1220.153 1051.253 932.119 838.735 732.402 638.982 611.587 582.362 515.854 504.649 451.794 434.218 376.044 367.631 319.493 -999.250 -999.250 -999.250 -999.250 -999.250 -999.250 -999.250 -999.250 -999.250 -999.250 -999.250 -999.250 -999.250 -999.250 -999.250 -999.250
234.624 226.635 237.012 230.641 231.367 220.581 214.085 241.783 272.323 323.954 348.830 426.035 507.878 535.869 611.676 841.642 1131.820 1343.730 1522.063 1878.687 2075.648 2171.911 2139.532 2053.590 2020.482 1925.226 1835.477 1743.833 1689.060 1741.519 1639.018 1440.836 1283.233 1282.144 1201.495 1152.045 1017.475 822.702 716.446 658.984 588.215 571.731 537.062 504.983 489.141 455.780 362.863 338.407 340.277 290.861 -999.250 -999.250 -999.250 -999.250 -999.250 -999.250 -999.250 -999.250 -999.250 -999.250 -999.250 -999.250 -999.250 -999.250 -999.250
228.154 236.047 243.359 225.011 227.349 210.606 204.756 227.404 249.193 320.953 346.854 430.032 526.881 581.564 655.679 863.865 1141.452 1331.785 1524.806 1740.857 1895.216 2087.481 2047.942 2026.252 1900.148 1920.951 1840.247 1743.138 1755.753 1685.023 1653.168 1519.162 1373.643 1306.516 1165.257 1113.990 957.947 947.232 735.817 671.374 598.455 567.030 539.776 522.897 468.731 442.196 405.860 354.619 318.222 287.028 261.324 -999.250 -999.250 -999.250 -999.250 -999.250 -999.250 -999.250 -999.250 -999.250 -999.250 -999.250 -999.250 -999.250 -999.250
239.943 253.681 255.817 253.124 230.504 231.273 212.177 201.048 247.184 329.300 369.653 433.436 531.753 619.555 773.653 1000.878 1144.848 1293.029 1501.039 1609.280 1746.824 1893.870 1835.801 1861.860 1777.809 1775.938 1894.667 1749.349 1703.657 1679.211 1601.476 1563.561 1366.956 1285.653 1192.720 1027.742 981.304 817.255 760.224 678.427 645.840 595.041 532.600 526.963 501.125 438.173 389.152 339.740 338.700 300.544 249.782 225.763 -999.250 -999.250 -999.250 -999.250 -999.250 -999.250 -999.250 -999.250 -999.250 -999.250 -999.250 -999.250 -999.250
300.856 273.182 302.264 266.039 256.571 246.976 206.889 155.820 269.648 345.193 412.516 501.548 574.693 664.335 848.950 1025.182 1111.548 1224.706 1440.668 1457.421 1547.798 1634.431 1640.373 1645.710 1630.632 1678.949 1726.283 1786.060 1708.517 1669.138 1589.493 1499.536 1305.504 1266.583 1158.272 1036.152 929.555 811.020 750.478 680.208 585.138 573.317 539.222 526.154 483.208 450.197 376.302 354.624 335.862 312.327 261.279 -999.250 -999.250 -999.250 -999.250 -999.250 -999.250 -999.250 -999.250 -999.250 -999.250 -999.250 -999.250 -999.250 -999.250
338.599 341.067 318.859 316.299 311.462 284.501 245.650 253.491 338.171 384.311 473.222 532.369 585.314 688.969 866.314 923.902 1152.922 1206.409 1274.417 1286.046 1316.565 1378.982 1443.095 1405.962 1525.894 1506.024 1564.548 1651.175 1667.615 1576.519 1502.605 1420.349 1283.911 1260.697 1176.783 996.067 910.380 762.360 707.236 653.855 577.199 558.198 541.284 504.808 487.689 462.439 386.505 367.132 351.987 294.821 247.780 217.923 -999.250 -999.250 -999.250 -999.250 -999.250 -999.250 -999.250 -999.250 -999.250 -999.250 -999.250 -999.250 -999.250
405.241 402.612 368.135 349.240 329.484 336.795 306.956 333.303 361.302 430.276 500.823 566.384 603.267 756.067 867.240 875.869 1008.170 1161.459 1183.024 1183.398 1197.556 1165.551 1175.772 1232.201 1286.905 1425.953 1449.104 1571.490 1579.296 1554.472 1423.207 1409.567 1288.332 1191.873 1087.896 1005.327 819.138 768.363 682.168 630.463 597.356 564.312 530.328 511.471 464.237 471.822 409.960 375.329 331.475 307.267 -999.250 -999.250 -999.250 -999.250 -999.250 -999.250 -999.250 -999.250 -999.250 -999.250 -999.250 -999.250 -999.250 -999.250 -999.250
487.343 463.753 421.896 444.091 410.502 357.802 357.827 385.091 434.019 466.880 493.264 521.277 618.618 668.464 763.629 803.940 871.096 1006.660 1092.681 1159.869 1014.048 899.428 974.376 1019.941 1215.546 1257.633 1387.246 1406.325 1459.290 1452.050 1448.288 1350.886 1273.709 1168.890 1046.601 892.819 821.048 708.361 655.092 622.277 632.989 561.942 537.152 522.928 455.082 447.231 390.582 362.875 316.545 -999.250 -999.250 -999.250 -999.250 -999.250 -999.250 -999.250 -999.250 -999.250 -999.250 -999.250 -999.250 -999.250 -999.250 -999.250 -999.250
533.030 506.864 503.766 490.146 470.627 434.585 403.398 442.453 447.104 455.820 492.262 565.700 589.013 631.491 736.445 794.244 897.159 924.537 1022.612 938.737 839.994 767.592 677.539 870.467 1071.352 1194.119 1246.991 1330.465 1361.676 1309.482 1374.620 1250.514 1220.243 1183.538 994.293 859.094 710.808 684.861 596.830 593.805 544.528 596.597 537.587 511.950 530.623 444.486 374.844 360.716 324.851 -999.250 -999.250 -999.250 -999.250 -999.250 -999.250 -999.250 -999.250 -999.250 -999.250 -999.250 -999.250 -999.250 -999.250 -999.250 -999.250
590.388 566.240 566.190 506.051 480.245 486.661 448.798 487.704 498.583 514.157 521.404 554.965 588.920 665.028 712.458 692.477 835.236 805.971 857.970 869.296 740.263 699.415 761.465 824.228 939.851 1160.999 1129.941 1216.386 1236.396 1352.761 1267.975 1215.711 1141.402 1085.937 932.466 893.851 687.312 641.611 570.743 590.511 578.973 530.064 525.867 520.676 514.281 473.867 401.408 352.379 -999.250 -999.250 -999.250 -999.250 -999.250 -999.250 -999.250 -999.250 -999.250 -999.250 -999.250 -999.250 -999.250 -999.250 -999.250 -999.250 -999.250
614.272 596.149 547.312 554.494 527.190 513.984 515.138 511.211 549.410 527.668 547.220 556.752 591.305 631.596 700.549 660.480 785.586 758.454 729.061 676.544 660.921 674.522 692.809 827.125 824.586 965.047 1081.623 1132.399 1285.612 1248.214 1185.549 1095.505 1005.614 867.089 847.545 739.967 679.780 619.024 574.080 562.412 543.274 502.699 499.907 487.423 -999.250 -999.250 -999.250 -999.250 -999.250 -999.250 -999.250 -999.250 -999.250 -999.250 -999.250 -999.250 -999.250 -999.250 -999.250 -999.250 -999.250 -999.250 -999.250 -999.250 -999.250
773.597 629.352 611.966 581.137 561.342 578.620 512.126 508.417 530.496 559.882 528.408 567.124 576.097 624.336 660.425 673.486 669.772 663.102 682.441 650.007 660.095 680.324 726.802 745.258 818.910 856.821 996.064 1051.129 1112.031 1207.437 1118.827 1002.229 918.341 890.660 731.225 721.305 663.527 641.094 575.534 545.041 567.854 498.702 -999.250 -999.250 -999.250 -999.250 -999.250 -999.250 -999.250 -999.250 -999.250 -999.250 -999.250 -999.250 -999.250 -999.250 -999.250 -999.250 -999.250 -999.250 -999.250 -999.250 -999.250 -999.250 -999.250
758.725 721.063 624.333 610.932 593.332 577.494 551.941 542.083 553.622 572.760 555.200 554.106 575.069 597.947 658.013 654.227 630.767 613.059 635.432 641.516 648.700 717.541 677.134 698.349 860.500 916.026 873.996 916.137 933.772 974.718 895.616 870.380 814.219 858.374 733.572 707.331 633.483 604.988 581.065 570.244 538.447 515.864 -999.250 -999.250 -999.250 -999.250 -999.250 -999.250 -999.250 -999.250 -999.250 -999.250 -999.250 -999.250 -999.250 -999.250 -999.250 -999.250 -999.250 -999.250 -999.250 -999.250 -999.250 -999.250 -999.250
692.121 623.231 623.281 598.454 586.398 575.792 556.302 568.242 549.459 545.244 567.104 587.269 601.922 603.582 643.783 660.205 636.423 666.738 618.434 616.249 652.153 643.094 688.094 767.258 781.031 716.206 735.493 807.108 851.202 783.092 817.996 856.162 833.345 724.364 674.728 642.693 605.689 577.917 541.892 547.969 527.870 485.579 -999.250 -999.250 -999.250 -999.250 -999.250 -999.250 -999.250 -999.250 -999.250 -999.250 -999.250 -999.250 -999.250 -999.250 -999.250 -999.250 -999.250 -999.250 -999.250 -999.250 -999.250 -999.250 -999.250
641.207 600.320 612.400 611.462 568.572 565.945 558.955 561.023 514.737 530.702 567.496 595.546 558.240 609.239 620.899 659.937 637.893 638.471 613.010 591.914 632.358 649.034 676.083 670.640 702.172 695.443 735.246 703.349 718.783 719.874 779.443 761.434 671.556 681.754 667.093 604.130 588.362 542.881 504.732 524.757 501.026 448.621 -999.250 -999.250 -999.250 -999.250 -999.250 -999.250 -999.250 -999.250 -999.250 -999.250 -999.250 -999.250 -999.250 -999.250 -999.250 -999.250 -999.250 -999.250 -999.250 -999.250 -999.250 -999.250 -999.250
562.250 569.581 589.863 569.380 555.841 533.154 553.462 543.789 523.256 535.787 561.288 558.166 565.874 574.043 633.567 599.716 600.199 581.508 649.645 669.566 645.390 656.591 709.568 695.782 684.565 671.729 664.674 709.119 704.123 689.453 695.913 774.375 651.239 661.003 638.185 632.459 627.961 527.845 511.827 499.989 468.606 428.791 -999.250 -999.250 -999.250 -999.250 -999.250 -999.250 -999.250 -999.250 -999.250 -999.250 -999.250 -999.250 -999.250 -999.250 -999.250 -999.250 -999.250 -999.250 -999.250 -999.250 -999.250 -999.250 -999.250
514.616 511.354 536.123 524.084 521.786 527.502 519.484 546.248 553.436 544.148 556.392 552.979 574.170 582.290 578.921 634.404 641.593 649.632 607.842 665.493 670.481 674.997 672.970 695.448 768.934 702.787 707.126 712.647 665.466 655.032 656.199 693.040 668.425 658.697 670.219 642.603 591.393 561.303 515.748 500.341 449.746 405.179 -999.250 -999.250 -999.250 -999.250 -999.250 -999.250 -999.250 -999.250 -999.250 -999.250 -999.250 -999.250 -999.250 -999.250 -999.250 -999.250 -999.250 -999.250 -999.250 -999.250 -999.250 -999.250 -999.250
457.772 505.998 515.502 501.053 490.058 514.192 535.356 508.249 540.619 536.759 568.412 528.288 540.220 560.380 575.473 625.718 636.581 631.825 640.967 639.968 664.062 687.263 667.986 682.305 701.816 743.875 736.435 696.460 653.858 595.081 619.669 632.427 706.182 666.121 616.033 591.486 576.769 564.900 513.268 503.036 465.261 425.824 355.992 322.885 -999.250 -999.250 -999.250 -999.250 -999.250 -999.250 -999.250 -999.250 -999.250 -999.250 -999.250 -999.250 -999.250 -999.250 -999.250 -999.250 -999.250 -999.250 -999.250 -999.250 -999.250
455.671 445.493 471.869 489.856 474.449 445.876 515.346 519.172 510.792 516.935 557.253 536.727 545.716 554.499 579.462 607.216 579.397 634.707 643.132 616.569 698.926 693.404 671.585 628.741 642.853 699.367 700.317 674.930 650.503 634.517 607.976 684.296 611.035 595.979 603.322 585.742 560.335 528.249 504.861 483.480 446.183 395.032 363.742 347.770 324.661 305.948 -999.250 -999.250 -999.250 -999.250 -999.250 -999.250 -999.250 -999.250 -999.250 -999.250 -999.250 -999.250 -999.250 -999.250 -999.250 -999.250 -999.250 -999.250 -999.250
392.216 437.098 445.999 456.398 429.506 485.474 501.840 501.147 506.664 567.319 545.767 536.818 519.521 524.381 554.790 560.655 617.900 607.729 633.543 643.242 615.614 681.669 722.212 722.365 686.321 749.826 675.690 644.765 636.938 586.111 616.310 621.217 591.344 650.374 590.889 566.787 522.870 489.727 491.437 478.787 447.568 416.886 389.066 348.281 282.352 257.599 -999.250 -999.250 -999.250 -999.250 -999.250 -999.250 -999.250 -999.250 -999.250 -999.250 -999.250 -999.250 -999.250 -999.250 -999.250 -999.250 -999.250 -999.250 -999.250
356.035 381.312 422.035 429.054 430.757 473.865 484.817 512.689 536.259 517.112 545.170 566.403 540.959 534.297 576.686 580.885 583.321 610.482 618.625 633.713 648.208 656.274 670.525 677.753 710.364 701.934 658.385 657.231 597.475 583.009 608.136 550.184 612.111 558.224 545.710 542.585 504.476 493.519 467.214 418.111 407.247 422.194 366.757 331.651 328.787 278.446 268.546 -999.250 -999.250 -999.250 -999.250 -999.250 -999.250 -999.250 -999.250 -999.250 -999.250 -999.250 -999.250 -999.250 -999.250 -999.250 -999.250 -999.250 -999.250
