data/medianmodel_07-Apr-2020.asc
ncols	141
nrows	288
xllcorner	-120191.398
yllcorner	-301404.813
cellsize	2000.000
NODATA_value	-999.250
[rows 90 to 119 of 288, columns 0 to 67 of 141]
-999.250 -999.250 -999.250 -999.250 -999.250 -999.250 -999.250 -999.250 -999.250 -999.250 -999.250 -999.250 -999.250 -999.250 -999.250 -999.250 -999.250 -999.250 -999.250 -999.250 -999.250 -999.250 -999.250 -999.250 -999.250 -999.250 -999.250 -999.250 -999.250 -999.250 -999.250 -999.250 59.582 54.803 51.532 51.861 39.578 43.589 44.384 47.380 33.581 36.362 29.088 24.277 26.321 27.828 28.660 27.316 25.338 32.129 25.016 25.635 23.291 18.770 16.229 13.075 14.851 11.681 11.688 11.134 12.374 10.325 7.588 21.346 32.196 39.060 39.290 40.070
-999.250 -999.250 -999.250 -999.250 -999.250 -999.250 -999.250 -999.250 -999.250 -999.250 -999.250 -999.250 -999.250 -999.250 -999.250 -999.250 -999.250 -999.250 -999.250 -999.250 -999.250 -999.250 -999.250 -999.250 -999.250 -999.250 -999.250 -999.250 -999.250 -999.250 -999.250 -999.250 43.227 36.148 37.385 31.570 31.541 32.207 33.977 37.103 34.099 33.140 26.644 28.540 28.697 29.726 27.179 31.053 29.199 32.116 28.544 25.555 26.216 18.311 18.710 17.015 16.528 11.614 13.913 13.431 13.559 16.694 17.513 25.146 35.329 43.679 44.915 48.100
-999.250 -999.250 -999.250 -999.250 -999.250 -999.250 -999.250 -999.250 -999.250 -999.250 -999.250 -999.250 -999.250 -999.250 -999.250 -999.250 -999.250 -999.250 -999.250 -999.250 -999.250 -999.250 -999.250 -999.250 -999.250 -999.250 -999.250 -999.250 -999.250 -999.250 -999.250 37.319 33.468 32.135 28.384 25.098 28.422 25.875 30.296 36.499 32.757 31.615 34.460 32.965 33.875 34.479 33.712 31.152 31.115 27.406 25.488 29.033 25.283 24.495 21.300 22.715 18.711 16.721 15.823 16.588 16.603 19.079 20.223 30.238 34.826 41.276 47.191 48.005
-999.250 -999.250 -999.250 -999.250 -999.250 -999.250 -999.250 -999.250 -999.250 -999.250 -999.250 -999.250 -999.250 -999.250 -999.250 -999.250 -999.250 -999.250 -999.250 -999.250 -999.250 -999.250 -999.250 -999.250 -999.250 -999.250 -999.250 -999.250 -999.250 -999.250 -999.250 37.182 31.032 28.474 27.316 28.301 27.182 26.597 31.145 31.852 36.582 42.909 38.472 38.910 36.877 35.247 36.687 33.307 30.630 28.243 27.366 23.853 24.966 25.677 26.052 24.819 25.939 22.221 19.103 17.000 18.658 19.226 21.818 28.274 35.069 40.813 44.799 45.278
-999.250 -999.250 -999.250 -999.250 -999.250 -999.250 -999.250 -999.250 -999.250 -999.250 -999.250 -999.250 -999.250 -999.250 -999.250 -999.250 -999.250 -999.250 -999.250 -999.250 -999.250 -999.250 -999.250 -999.250 -999.250 -999.250 -999.250 -999.250 -999.250 -999.250 -999.250 26.384 25.958 23.541 21.517 21.878 23.935 25.684 29.417 36.188 42.956 44.195 39.941 39.466 39.238 37.133 35.162 32.428 29.731 28.412 26.733 28.602 27.151 31.836 29.505 29.333 26.434 23.024 19.707 20.923 20.762 19.439 22.274 26.980 30.434 40.636 41.808 43.145
-999.250 -999.250 -999.250 -999.250 -999.250 -999.250 -999.250 -999.250 -999.250 -999.250 -999.250 -999.250 -999.250 -999.250 -999.250 -999.250 -999.250 -999.250 -999.250 -999.250 -999.250 -999.250 -999.250 -999.250 -999.250 -999.250 -999.250 -999.250 -999.250 -999.250 -999.250 28.022 23.660 20.810 16.903 21.878 23.471 30.326 36.063 42.742 43.199 44.057 42.992 43.028 35.082 38.503 31.497 35.269 28.298 27.969 25.327 31.534 31.543 35.012 41.661 40.146 36.650 27.473 23.452 19.365 19.578 19.122 21.378 24.020 29.140 36.693 35.032 34.148
-999.250 -999.250 -999.250 -999.250 -999.250 -999.250 -999.250 -999.250 -999.250 -999.250 -999.250 -999.250 -999.250 -999.250 -999.250 -999.250 -999.250 -999.250 -999.250 -999.250 -999.250 -999.250 -999.250 -999.250 -999.250 -999.250 -999.250 -999.250 -999.250 -999.250 23.093 22.861 21.655 20.391 17.883 21.718 27.032 34.858 41.481 48.225 57.944 58.563 52.084 45.044 38.521 33.252 32.734 31.488 29.664 28.332 30.314 35.876 35.587 35.384 41.818 52.587 47.919 37.291 26.663 19.135 18.720 20.519 20.013 23.274 23.753 29.538 29.791 32.726
-999.250 -999.250 -999.250 -999.250 -999.250 -999.250 -999.250 -999.250 -999.250 -999.250 -999.250 -999.250 -999.250 -999.250 -999.250 -999.250 -999.250 -999.250 -999.250 -999.250 -999.250 -999.250 -999.250 -999.250 -999.250 -999.250 -999.250 -999.250 -999.250 -999.250 21.157 18.152 20.578 22.229 22.681 22.469 28.414 33.904 47.525 54.495 63.218 61.988 57.171 50.590 37.811 40.009 35.151 29.361 28.808 29.415 30.096 34.020 35.582 44.170 43.300 47.495 55.473 45.845 31.498 24.980 21.360 19.105 19.780 19.976 21.828 22.256 23.752 28.010
-999.250 -999.250 -999.250 -999.250 -999.250 -999.250 -999.250 -999.250 -999.250 -999.250 -999.250 -999.250 -999.250 -999.250 -999.250 -999.250 -999.250 -999.250 -999.250 -999.250 -999.250 -999.250 -999.250 -999.250 -999.250 -999.250 -999.250 -999.250 -999.250 -999.250 20.819 20.297 26.703 23.835 24.136 27.565 30.838 39.753 53.516 68.803 73.191 72.494 62.514 61.511 53.748 45.961 43.591 40.483 35.985 36.817 39.978 32.054 33.049 43.964 46.081 48.416 52.757 56.799 42.106 32.317 25.718 23.650 23.302 20.652 17.593 20.830 22.560 25.444
-999.250 -999.250 -999.250 -999.250 -999.250 -999.250 -999.250 -999.250 -999.250 -999.250 -999.250 -999.250 -999.250 -999.250 -999.250 -999.250 -999.250 -999.250 -999.250 -999.250 -999.250 -999.250 -999.250 -999.250 -999.250 -999.250 -999.250 -999.250 -999.250 -999.250 21.643 18.058 18.830 25.429 24.963 26.305 35.648 44.572 58.926 75.358 94.256 79.301 69.751 65.450 62.820 59.078 57.198 49.923 50.153 48.531 45.499 37.170 39.417 40.814 45.252 43.796 50.773 50.646 38.550 34.046 27.055 24.775 24.534 21.319 20.867 19.507 19.302 21.743
-999.250 -999.250 -999.250 -999.250 -999.250 -999.250 -999.250 -999.250 -999.250 -999.250 -999.250 -999.250 -999.250 -999.250 -999.250 -999.250 -999.250 -999.250 -999.250 -999.250 -999.250 -999.250 -999.250 -999.250 -999.250 -999.250 -999.250 -999.250 -999.250 22.374 22.066 21.374 21.390 25.112 23.721 33.732 37.257 52.806 62.097 77.480 88.017 86.996 71.372 73.892 74.526 69.902 75.107 61.421 56.002 60.702 49.780 49.108 44.994 40.136 40.607 38.641 43.324 43.748 41.051 33.322 29.085 26.610 23.948 22.868 20.802 17.449 20.329 21.264
-999.250 -999.250 -999.250 -999.250 -999.250 -999.250 -999.250 -999.250 -999.250 -999.250 -999.250 -999.250 -999.250 -999.250 -999.250 -999.250 -999.250 -999.250 -999.250 -999.250 -999.250 -999.250 -999.250 -999.250 -999.250 -999.250 -999.250 -999.250 -999.250 22.833 19.626 20.588 21.299 23.290 28.516 30.552 38.461 51.269 62.694 67.258 79.939 83.311 77.479 91.727 96.424 80.872 90.268 86.980 75.171 69.870 67.167 53.926 46.818 45.258 39.130 37.914 36.814 35.094 36.369 33.159 25.803 28.438 24.288 20.463 21.507 19.702 17.395 17.656
-999.250 -999.250 -999.250 -999.250 -999.250 -999.250 -999.250 -999.250 -999.250 -999.250 -999.250 -999.250 -999.250 -999.250 -999.250 -999.250 -999.250 -999.250 -999.250 -999.250 -999.250 -999.250 -999.250 -999.250 -999.250 -999.250 -999.250 -999.250 -999.250 18.924 20.855 21.136 23.867 24.047 28.031 35.587 42.033 52.298 63.433 71.665 91.893 84.776 97.375 115.617 112.438 97.407 97.627 106.645 91.237 83.162 69.512 59.376 47.667 43.815 37.003 32.715 33.483 30.238 29.484 30.797 26.192 23.846 24.133 24.109 22.045 21.055 19.535 21.148
-999.250 -999.250 -999.250 -999.250 -999.250 -999.250 -999.250 -999.250 -999.250 -999.250 -999.250 -999.250 -999.250 -999.250 -999.250 -999.250 -999.250 -999.250 -999.250 -999.250 -999.250 -999.250 -999.250 -999.250 -999.250 -999.250 -999.250 -999.250 -999.250 21.245 19.090 20.256 22.586 23.572 30.859 36.201 37.503 52.070 69.910 68.809 94.089 106.906 131.626 149.676 148.042 130.184 147.644 143.342 111.557 84.477 71.668 57.751 50.846 45.364 37.333 33.813 28.364 30.733 29.429 27.689 23.414 25.522 23.721 23.431 22.778 21.336 19.098 19.658
-999.250 -999.250 -999.250 -999.250 -999.250 -999.250 -999.250 -999.250 -999.250 -999.250 -999.250 -999.250 -999.250 -999.250 -999.250 -999.250 -999.250 -999.250 -999.250 -999.250 -999.250 -999.250 -999.250 -999.250 -999.250 -999.250 -999.250 -999.250 21.487 20.873 19.643 21.709 21.405 23.959 30.611 33.827 47.658 56.489 62.264 83.003 102.575 123.918 142.605 171.587 167.203 182.512 180.378 148.676 136.456 107.995 82.368 70.546 62.846 52.639 38.375 29.928 27.428 27.730 25.478 25.043 26.869 25.055 25.228 22.859 23.285 22.652 19.707 21.631
-999.250 -999.250 -999.250 -999.250 -999.250 -999.250 -999.250 -999.250 -999.250 -999.250 -999.250 -999.250 -999.250 -999.250 -999.250 -999.250 -999.250 -999.250 -999.250 -999.250 -999.250 -999.250 -999.250 -999.250 -999.250 -999.250 -999.250 -999.250 19.784 23.366 24.000 23.733 25.777 27.188 31.638 37.565 40.196 55.414 66.476 72.485 99.293 135.429 162.767 172.515 190.315 200.230 196.771 158.773 128.620 114.230 85.649 68.248 66.617 45.015 31.193 26.446 24.747 26.422 30.347 31.187 30.593 28.412 25.578 22.180 24.639 23.414 22.126 20.005
-999.250 -999.250 -999.250 -999.250 -999.250 -999.250 -999.250 -999.250 -999.250 -999.250 -999.250 -999.250 -999.250 -999.250 -999.250 -999.250 -999.250 -999.250 -999.250 -999.250 -999.250 -999.250 -999.250 -999.250 -999.250 -999.250 -999.250 23.124 21.644 26.013 26.720 25.669 26.981 30.337 30.608 35.558 40.523 47.502 59.467 91.959 96.878 133.628 187.984 217.326 190.914 202.959 191.070 165.594 159.685 141.793 95.776 73.483 59.032 44.865 30.582 24.973 25.357 30.585 35.422 37.441 42.046 36.044 29.255 27.201 25.666 23.925 26.696 22.634
-999.250 -999.250 -999.250 -999.250 -999.250 -999.250 -999.250 -999.250 -999.250 -999.250 -999.250 -999.250 -999.250 -999.250 -999.250 -999.250 -999.250 -999.250 -999.250 -999.250 -999.250 -999.250 -999.250 -999.250 -999.250 -999.250 -999.250 21.025 21.638 25.778 26.077 28.731 29.387 27.793 33.478 41.324 46.499 53.572 75.922 95.199 118.109 157.356 170.370 179.255 199.885 199.861 193.606 170.521 169.358 131.949 99.235 74.503 54.668 42.013 28.823 29.137 29.605 34.333 42.144 45.416 49.860 44.024 38.174 27.238 30.750 26.635 25.269 23.850
-999.250 -999.250 -999.250 -999.250 -999.250 -999.250 -999.250 -999.250 -999.250 -999.250 -999.250 -999.250 -999.250 -999.250 -999.250 -999.250 -999.250 -999.250 -999.250 -999.250 -999.250 -999.250 -999.250 -999.250 -999.250 -999.250 -999.250 20.605 21.704 24.706 27.799 29.291 28.336 31.782 33.001 37.512 47.244 54.956 68.847 92.845 114.804 148.741 164.388 199.250 204.852 191.936 191.475 172.914 160.622 112.730 83.593 65.496 49.794 41.375 37.084 31.305 37.401 41.777 49.562 66.137 69.359 64.507 53.888 50.222 44.073 34.308 34.223 29.239
-999.250 -999.250 -999.250 -999.250 -999.250 -999.250 -999.250 -999.250 -999.250 -999.250 -999.250 -999.250 -999.250 -999.250 -999.250 -999.250 -999.250 -999.250 -999.250 -999.250 -999.250 -999.250 -999.250 -999.250 -999.250 -999.250 -999.250 21.508 21.894 23.807 25.533 25.486 28.955 30.256 33.167 49.956 48.707 54.611 76.737 90.632 116.154 148.316 168.345 179.702 196.175 202.944 197.396 164.266 141.159 104.257 90.587 72.435 48.801 44.295 40.754 39.733 43.285 51.632 68.647 89.720 89.640 82.625 64.853 64.362 54.874 41.326 36.043 28.961
-999.250 -999.250 -999.250 -999.250 -999.250 -999.250 -999.250 -999.250 -999.250 -999.250 -999.250 -999.250 -999.250 -999.250 -999.250 -999.250 -999.250 -999.250 -999.250 -999.250 -999.250 -999.250 -999.250 -999.250 -999.250 -999.250 -999.250 -999.250 19.445 23.313 24.700 22.322 27.941 30.662 32.761 40.263 48.588 52.103 71.101 95.434 104.265 132.754 160.573 165.758 192.071 209.594 199.384 173.298 151.592 133.847 86.468 69.167 53.897 39.704 40.561 41.601 49.009 63.326 88.270 109.510 105.687 104.929 86.603 80.788 67.016 45.000 44.567 29.299
-999.250 -999.250 -999.250 -999.250 -999.250 -999.250 -999.250 -999.250 -999.250 -999.250 -999.250 -999.250 -999.250 -999.250 -999.250 -999.250 -999.250 -999.250 -999.250 -999.250 -999.250 -999.250 -999.250 -999.250 -999.250 -999.250 -999.250 -999.250 18.782 23.004 20.928 22.977 27.615 26.121 28.784 38.883 38.101 54.373 62.565 83.319 103.632 127.298 174.270 190.562 187.984 209.540 201.545 185.958 133.866 98.617 89.023 76.517 54.382 47.744 38.537 41.843 48.549 73.051 87.856 116.098 157.687 119.970 95.205 85.083 73.883 62.060 44.485 31.305
-999.250 -999.250 -999.250 -999.250 -999.250 -999.250 -999.250 -999.250 -999.250 -999.250 -999.250 -999.250 -999.250 -999.250 -999.250 -999.250 -999.250 -999.250 -999.250 -999.250 -999.250 -999.250 -999.250 -999.250 -999.250 -999.250 -999.250 -999.250 18.453 18.151 20.262 21.627 24.453 25.701 23.731 25.135 35.986 48.698 58.121 78.959 114.083 122.012 175.562 204.396 242.777 227.678 214.175 178.133 154.625 99.941 75.134 66.428 49.582 35.263 35.731 40.797 53.232 64.039 86.297 103.355 121.783 108.798 94.988 96.797 90.714 71.286 51.966 35.286
-999.250 -999.250 -999.250 -999.250 -999.250 -999.250 -999.250 -999.250 -999.250 -999.250 -999.250 -999.250 -999.250 -999.250 -999.250 -999.250 -999.250 -999.250 -999.250 -999.250 -999.250 -999.250 -999.250 -999.250 -999.250 -999.250 -999.250 -999.250 18.878 18.476 18.675 21.481 21.486 21.448 21.311 22.434 26.805 43.402 52.522 70.628 80.787 131.275 181.217 195.279 230.142 259.403 212.648 181.911 141.153 94.792 70.717 62.953 46.048 34.164 35.509 33.862 40.136 53.990 67.083 79.323 94.196 96.004 93.770 83.659 80.743 71.335 53.054 38.363
-999.250 -999.250 -999.250 -999.250 -999.250 -999.250 -999.250 -999.250 -999.250 -999.250 -999.250 -999.250 -999.250 -999.250 -999.250 -999.250 -999.250 -999.250 -999.250 -999.250 -999.250 -999.250 -999.250 -999.250 -999.250 -999.250 -999.250 -999.250 19.650 19.286 23.052 18.888 19.204 18.941 18.706 20.064 21.484 24.563 35.764 49.583 72.359 113.612 163.376 195.771 214.257 225.620 189.566 155.585 114.839 80.249 57.740 49.431 33.999 28.122 24.856 24.205 31.199 41.818 47.788 60.586 78.898 90.604 82.001 83.758 94.036 70.788 53.859 40.968
-999.250 -999.250 -999.250 -999.250 -999.250 -999.250 -999.250 -999.250 -999.250 -999.250 -999.250 -999.250 -999.250 -999.250 -999.250 -999.250 -999.250 -999.250 -999.250 -999.250 -999.250 -999.250 -999.250 -999.250 -999.250 -999.250 -999.250 20.840 20.011 18.030 19.734 15.675 17.116 14.782 12.414 12.501 13.909 18.432 21.330 23.364 69.494 104.881 133.202 156.251 180.507 169.309 149.923 111.071 81.436 55.765 38.488 32.550 22.083 20.856 20.558 19.722 19.287 25.317 36.324 53.424 69.753 84.904 88.664 87.794 77.231 76.635 58.415 37.970
-999.250 -999.250 -999.250 -999.250 -999.250 -999.250 -999.250 -999.250 -999.250 -999.250 -999.250 -999.250 -999.250 -999.250 -999.250 -999.250 -999.250 -999.250 -999.250 -999.250 -999.250 -999.250 -999.250 -999.250 -999.250 -999.250 -999.250 19.090 19.252 20.188 18.939 18.778 16.321 12.323 12.351 8.217 10.226 13.003 18.395 29.218 54.402 80.066 103.431 110.244 134.416 131.364 107.745 86.100 53.387 27.260 19.510 17.063 14.331 15.470 12.717 13.848 10.075 12.508 25.703 41.528 61.699 72.868 77.976 82.255 82.839 80.182 61.346 40.254
-999.250 -999.250 -999.250 -999.250 -999.250 -999.250 -999.250 -999.250 -999.250 -999.250 -999.250 -999.250 -999.250 -999.250 -999.250 -999.250 -999.250 -999.250 -999.250 -999.250 -999.250 -999.250 -999.250 -999.250 -999.250 -999.250 -999.250 21.449 22.955 20.390 18.527 20.310 15.122 9.077 8.156 6.522 8.655 16.002 21.223 32.213 49.295 67.234 82.956 92.834 100.285 86.701 69.035 46.801 27.712 0.000 0.733 7.480 8.978 9.756 9.184 7.102 1.682 0.000 22.605 42.412 61.169 64.954 81.549 72.242 69.830 70.002 51.976 43.840
-999.250 -999.250 -999.250 -999.250 -999.250 -999.250 -999.250 -999.250 -999.250 -999.250 -999.250 -999.250 -999.250 -999.250 -999.250 -999.250 -999.250 -999.250 -999.250 -999.250 -999.250 -999.250 -999.250 -999.250 -999.250 -999.250 25.355 21.553 20.061 20.277 17.877 15.067 12.091 11.806 9.129 12.681 17.830 19.164 23.323 30.565 41.984 59.526 61.213 73.208 59.666 60.055 50.970 30.006 16.333 1.660 0.000 4.129 6.176 10.954 15.251 15.217 20.096 19.962 32.893 42.019 60.905 69.717 73.681 64.554 71.001 59.390 48.707 45.947
-999.250 -999.250 -999.250 -999.250 -999.250 -999.250 -999.250 -999.250 -999.250 -999.250 -999.250 -999.250 -999.250 -999.250 -999.250 -999.250 -999.250 -999.250 -999.250 -999.250 -999.250 -999.250 -999.250 -999.250 -999.250 -999.250 23.384 21.413 20.014 18.355 17.753 12.405 11.993 16.775 15.117 18.390 21.520 26.061 30.264 38.320 45.187 56.808 55.167 56.347 50.419 41.303 35.578 25.725 16.407 7.908 5.637 6.322 11.596 16.364 21.578 22.328 34.247 49.102 52.658 59.549 68.797 81.103 70.830 66.552 63.444 58.249 44.401 37.945
