data/medianmodel_16-Apr-2020.asc
ncols	141
nrows	288
xllcorner	-120191.398
yllcorner	-301404.813
cellsize	2000.000
NODATA_value	-999.250
[rows 180 to 209 of 288, columns 0 to 66 of 141]
-999.250 -999.250 -999.250 39.835 41.920 46.083 46.925 42.833 44.514 40.001 43.239 42.137 45.979 41.024 37.220 38.242 40.179 37.021 37.759 41.575 45.737 42.093 40.708 42.115 37.172 33.802 33.337 33.536 33.553 32.698 28.913 31.358 32.263 38.069 39.223 36.684 37.724 43.400 48.548 47.179 50.498 59.538 60.277 58.355 56.854 59.541 51.837 43.551 36.572 38.417 37.085 36.477 34.368 31.708 25.384 23.270 20.023 15.293 10.970 9.668 9.568 9.688 10.021 12.669 12.410 13.435 15.770
-999.250 -999.250 -999.250 48.609 43.742 48.779 46.600 41.645 46.808 49.789 40.253 41.210 40.885 51.630 44.453 39.589 50.438 51.425 41.451 50.489 44.264 41.312 41.140 43.599 39.117 36.272 34.245 34.783 33.782 35.077 30.904 34.568 33.002 30.281 38.043 33.426 37.932 43.368 43.579 43.088 48.912 48.641 51.578 54.752 48.095 53.609 48.151 46.418 37.939 35.465 34.817 32.787 34.568 31.683 26.568 24.532 19.141 17.080 13.058 13.204 9.285 8.534 9.052 11.176 10.394 12.797 14.745
-999.250 -999.250 49.734 46.612 48.390 41.922 44.704 45.700 48.576 49.034 54.252 48.712 51.856 49.770 49.112 52.027 58.077 51.310 50.436 54.921 49.415 43.136 38.918 38.294 36.400 32.166 35.193 36.773 37.630 34.291 33.926 29.678 28.172 30.490 33.930 34.460 36.155 34.886 37.481 39.092 37.213 49.340 51.077 48.651 47.133 49.154 43.665 40.210 32.245 32.202 28.651 29.497 30.811 28.547 26.072 20.534 19.379 15.735 14.751 13.304 11.684 11.806 10.991 12.706 9.597 10.574 8.746
-999.250 -999.250 47.603 41.674 46.764 41.057 45.003 47.929 51.115 50.649 52.763 50.810 47.897 52.375 59.574 51.534 64.733 53.365 48.055 50.766 -999.250 43.123 35.840 33.688 34.266 33.835 36.037 32.578 30.844 32.678 30.015 30.766 28.148 28.141 27.567 32.459 37.830 34.624 38.040 34.472 37.885 43.426 55.441 54.727 49.436 45.999 37.190 33.486 36.537 32.454 29.865 27.609 28.621 28.298 22.525 17.983 14.931 13.613 14.454 14.663 11.866 11.100 11.924 10.550 11.175 9.367 10.263
-999.250 61.307 48.351 42.111 46.897 47.344 48.357 53.996 59.330 54.080 55.156 44.362 47.070 49.871 49.954 55.705 66.920 52.715 53.438 -999.250 -999.250 42.930 37.115 35.108 34.746 33.418 30.985 29.648 30.030 29.698 28.889 24.065 24.174 26.951 28.387 26.810 28.272 29.492 36.017 35.165 39.955 38.007 45.167 46.620 40.313 38.475 32.198 31.057 29.591 29.772 29.667 26.218 26.645 23.043 18.890 15.891 15.509 14.677 15.012 14.796 12.041 12.896 9.130 11.990 8.976 7.191 9.737
-999.250 50.046 57.600 50.633 56.921 54.433 53.888 58.031 60.142 62.442 62.459 55.630 59.328 50.680 51.924 60.134 64.963 58.987 -999.250 -999.250 -999.250 -999.250 42.479 41.531 36.157 32.891 31.100 29.407 30.363 27.492 27.312 24.210 24.327 25.348 23.921 25.922 28.772 32.509 31.968 35.145 33.956 36.003 34.918 37.363 35.544 36.180 28.435 31.283 25.974 24.625 22.208 21.570 22.837 18.945 17.579 17.574 16.671 15.425 13.262 13.675 13.270 12.098 12.633 8.987 6.392 7.975 9.602
46.782 46.719 61.342 66.778 65.618 57.291 58.701 61.568 65.036 65.150 57.768 54.826 66.480 61.300 61.152 66.890 62.664 52.400 -999.250 -999.250 -999.250 -999.250 -999.250 40.260 34.101 32.041 28.129 28.678 24.711 25.105 25.587 23.368 24.161 24.094 25.875 25.596 25.259 31.990 29.013 29.179 32.126 28.928 30.317 28.455 27.248 27.096 27.519 26.481 22.542 23.293 19.033 22.065 22.405 21.972 17.838 19.395 17.035 16.007 14.854 15.097 13.667 12.657 12.303 9.279 4.566 6.087 4.068
-999.250 57.454 52.500 54.920 60.396 62.003 55.187 63.533 68.540 54.890 55.809 68.538 77.129 77.818 74.480 73.968 75.332 55.308 -999.250 -999.250 -999.250 -999.250 42.991 40.267 31.046 27.069 27.288 26.956 28.542 23.303 22.784 22.537 22.811 23.025 25.461 26.618 26.021 28.322 27.530 28.859 29.649 27.134 29.607 30.850 28.656 27.510 23.926 25.246 21.223 18.874 20.945 20.209 19.880 18.317 17.889 18.251 14.660 13.113 15.808 13.260 13.319 14.610 11.915 7.888 6.617 0.000 3.405
-999.250 53.836 58.255 59.508 68.990 60.091 55.015 49.645 49.815 54.573 51.299 65.295 72.069 74.456 72.361 88.908 75.947 65.804 -999.250 -999.250 -999.250 48.151 -999.250 34.258 28.446 27.954 27.327 26.371 26.596 23.513 20.854 21.739 23.419 21.717 23.774 24.812 28.129 27.195 26.637 26.820 28.647 26.115 26.852 27.735 26.258 27.070 19.846 19.514 18.441 17.524 14.902 17.949 16.826 17.313 16.135 14.754 14.569 12.131 11.029 8.157 12.601 13.715 13.015 9.414 4.909 3.826 6.077
-999.250 60.813 61.249 75.750 67.362 63.454 53.117 53.382 52.685 45.513 47.373 55.372 61.068 62.731 68.063 69.791 68.233 -999.250 -999.250 -999.250 -999.250 42.211 35.941 30.117 26.989 22.571 23.924 22.420 24.260 23.395 21.725 20.296 21.726 24.174 25.542 26.846 25.806 23.804 23.948 25.992 23.784 23.575 19.913 21.085 20.431 19.507 17.171 17.800 16.051 15.817 14.940 14.086 13.987 13.197 10.800 11.266 11.435 12.002 8.892 12.521 10.562 12.120 10.293 10.401 6.392 6.874 7.636
-999.250 51.537 62.206 78.181 64.895 63.172 51.785 47.617 46.755 43.704 47.836 50.167 54.225 59.469 54.241 58.420 59.449 -999.250 -999.250 -999.250 40.857 37.748 32.978 28.670 27.224 22.738 21.419 20.346 20.215 19.636 19.938 18.987 19.450 18.764 18.696 22.223 23.114 23.141 22.313 24.335 23.684 18.932 16.679 15.869 13.948 14.375 13.105 16.179 13.350 13.134 13.543 14.095 12.791 10.499 12.308 10.850 11.576 9.081 8.927 8.478 11.413 9.772 10.700 12.521 10.390 8.555 9.809
-999.250 -999.250 -999.250 61.366 -999.250 -999.250 51.731 41.391 44.898 -999.250 -999.250 -999.250 48.849 53.588 -999.250 -999.250 -999.250 -999.250 -999.250 -999.250 40.712 33.298 29.313 27.984 24.568 20.742 17.875 16.918 18.583 18.245 19.011 17.137 18.764 18.719 20.737 19.827 20.192 19.521 20.510 25.880 22.941 18.529 16.667 13.055 9.714 5.641 8.945 11.457 12.842 12.150 11.751 9.735 10.831 8.830 7.155 4.657 7.917 8.977 11.176 9.280 9.768 15.772 13.995 14.249 13.046 12.256 11.184
-999.250 -999.250 -999.250 -999.250 -999.250 -999.250 -999.250 -999.250 -999.250 -999.250 -999.250 -999.250 -999.250 39.533 42.710 50.508 -999.250 -999.250 -999.250 48.361 39.567 32.285 28.323 24.226 20.091 16.750 14.345 13.658 15.323 18.066 19.130 18.028 15.552 20.655 18.923 18.915 20.159 18.849 20.226 22.112 19.538 17.925 18.455 13.669 5.967 0.000 3.397 6.096 9.773 10.319 9.794 10.308 7.763 7.765 5.726 5.371 4.053 8.072 9.643 11.983 13.441 14.310 14.817 13.146 12.178 11.573 10.292
-999.250 -999.250 -999.250 -999.250 -999.250 -999.250 -999.250 -999.250 -999.250 -999.250 -999.250 44.528 40.959 36.226 36.730 42.002 -999.250 -999.250 45.338 45.245 33.191 27.500 25.908 21.616 18.977 15.692 10.457 10.577 15.235 15.244 17.941 17.018 16.584 16.032 17.311 18.602 18.422 19.517 20.362 17.970 17.970 17.436 16.932 16.015 8.368 2.590 4.065 6.468 10.450 8.511 10.192 14.145 9.169 6.304 5.064 3.540 0.000 5.267 10.389 10.417 14.313 14.967 13.609 13.784 12.731 9.257 9.480
-999.250 -999.250 -999.250 -999.250 -999.250 -999.250 -999.250 -999.250 -999.250 -999.250 -999.250 36.632 34.757 35.270 39.456 39.686 45.911 40.998 42.586 37.471 31.957 26.395 23.480 19.665 15.580 12.291 6.224 11.646 12.118 15.170 15.795 17.858 18.233 17.778 16.746 20.173 19.054 18.664 19.565 16.497 19.012 15.850 15.876 15.046 12.593 9.316 10.678 8.056 4.966 7.702 9.646 10.588 7.528 9.185 7.537 7.878 3.920 7.008 11.707 9.004 10.833 14.056 14.284 15.648 12.572 9.718 11.895
-999.250 -999.250 -999.250 -999.250 -999.250 -999.250 -999.250 -999.250 -999.250 -999.250 -999.250 -999.250 30.657 33.968 36.416 41.355 46.497 39.913 40.272 33.970 31.623 27.351 21.976 20.409 16.556 12.835 14.092 12.022 15.223 15.190 18.705 19.105 16.717 18.103 18.204 18.037 16.114 16.227 16.595 17.483 15.153 16.687 15.679 14.680 12.218 12.222 12.892 10.103 5.250 10.607 11.096 7.249 7.166 11.393 10.947 7.986 8.419 11.552 9.330 11.624 11.591 13.144 13.639 13.660 11.422 11.562 13.066
-999.250 -999.250 -999.250 -999.250 -999.250 -999.250 -999.250 -999.250 -999.250 -999.250 -999.250 -999.250 -999.250 31.118 33.910 35.629 36.088 39.112 33.892 29.670 26.425 27.368 21.239 18.329 16.577 16.759 16.331 17.346 16.101 18.296 17.010 21.149 17.766 20.232 17.041 16.501 17.169 17.760 14.328 15.516 14.403 15.296 14.651 13.723 12.868 15.101 14.109 12.133 10.826 10.924 8.017 8.627 6.637 8.924 11.683 12.077 9.412 10.736 11.655 13.273 15.233 14.160 11.577 14.146 14.433 13.444 12.798
-999.250 -999.250 -999.250 -999.250 -999.250 -999.250 -999.250 -999.250 -999.250 -999.250 -999.250 -999.250 -999.250 28.021 28.031 32.637 27.824 25.522 29.263 28.107 24.124 22.987 21.558 18.596 15.464 16.671 18.830 18.558 19.080 19.312 20.518 19.570 20.694 20.403 17.728 16.767 16.682 16.117 16.449 16.531 18.468 18.501 16.721 14.921 16.371 14.367 15.809 15.366 13.904 13.168 11.318 11.941 9.471 13.919 13.433 11.999 12.306 11.381 9.689 12.971 11.952 12.424 10.763 13.802 12.121 10.023 13.449
-999.250 -999.250 -999.250 -999.250 -999.250 -999.250 -999.250 -999.250 -999.250 -999.250 -999.250 -999.250 -999.250 23.103 25.225 26.398 26.789 25.048 20.986 21.704 23.079 19.800 19.002 18.150 18.538 17.447 18.637 19.160 19.685 20.418 22.736 20.697 23.655 19.103 18.064 19.032 18.726 12.149 18.950 17.928 19.477 19.832 17.069 18.096 16.469 16.874 17.979 16.519 13.844 14.205 14.578 15.089 12.917 12.422 11.978 13.445 13.784 13.665 12.536 12.607 14.683 15.098 12.679 10.964 9.277 13.483 12.545
-999.250 -999.250 -999.250 -999.250 -999.250 -999.250 -999.250 -999.250 -999.250 -999.250 -999.250 -999.250 -999.250 -999.250 22.544 21.801 23.606 17.809 13.498 17.606 18.442 21.703 19.334 19.067 20.714 20.202 19.192 24.688 21.187 21.144 20.354 22.239 21.824 19.869 21.128 19.815 18.353 16.136 15.801 16.448 19.287 19.751 18.309 17.089 16.448 17.880 17.278 14.715 14.640 14.020 14.599 17.705 13.842 15.863 15.000 12.657 13.816 13.991 13.165 15.225 14.215 12.714 14.659 12.765 12.382 13.226 13.368
-999.250 -999.250 -999.250 -999.250 -999.250 -999.250 -999.250 -999.250 -999.250 -999.250 -999.250 -999.250 -999.250 -999.250 22.147 18.708 19.361 17.367 14.692 16.656 16.734 17.423 17.919 21.330 20.130 20.139 21.333 23.303 21.715 23.968 22.643 23.108 21.647 20.782 21.857 23.167 20.151 20.409 18.287 18.048 18.788 20.567 20.212 16.900 17.281 18.091 19.324 17.178 14.015 15.022 15.648 15.424 15.860 13.100 12.871 15.552 17.988 15.883 16.448 14.615 11.617 13.174 14.347 14.076 13.305 14.958 13.535
-999.250 -999.250 -999.250 -999.250 -999.250 -999.250 -999.250 -999.250 -999.250 -999.250 -999.250 -999.250 -999.250 -999.250 18.696 18.098 16.850 15.672 15.644 19.318 17.432 16.745 16.797 19.229 19.165 21.114 23.018 23.051 25.657 24.598 22.234 22.123 21.374 23.594 23.601 22.952 21.263 21.481 18.938 18.584 20.697 18.022 19.838 18.877 18.795 18.467 18.821 20.261 18.476 16.987 15.924 14.829 16.417 14.832 13.352 15.547 14.462 14.438 14.927 12.852 13.796 14.481 13.704 13.869 14.077 12.078 13.511
-999.250 -999.250 -999.250 -999.250 -999.250 -999.250 -999.250 -999.250 -999.250 -999.250 -999.250 -999.250 -999.250 -999.250 16.368 18.305 15.267 16.221 18.207 16.794 16.157 18.519 21.393 22.203 22.039 -999.250 24.205 22.578 22.733 23.972 20.135 23.388 25.763 21.536 20.362 25.120 20.393 22.745 20.953 20.404 20.645 22.657 23.301 19.996 19.962 18.309 20.500 22.912 21.247 17.825 16.929 16.613 18.787 13.495 16.981 14.672 15.246 13.084 13.509 12.219 12.810 12.684 13.694 12.038 14.844 14.589 15.433
-999.250 -999.250 -999.250 -999.250 -999.250 -999.250 -999.250 -999.250 -999.250 -999.250 -999.250 -999.250 -999.250 -999.250 14.877 16.704 17.027 19.194 16.006 16.439 17.397 17.968 21.231 -999.250 -999.250 -999.250 23.789 21.592 22.448 22.442 22.186 23.385 30.334 24.665 23.753 24.658 23.655 26.206 25.770 25.954 22.527 22.977 23.832 22.899 19.711 19.345 19.835 24.443 20.208 17.259 19.914 17.442 16.013 16.282 17.595 17.190 16.401 13.240 14.723 13.704 12.259 13.700 13.560 15.369 14.208 12.766 15.134
-999.250 -999.250 -999.250 -999.250 -999.250 -999.250 -999.250 -999.250 -999.250 -999.250 -999.250 -999.250 -999.250 14.595 16.599 15.720 18.357 19.142 20.712 16.975 18.211 19.052 -999.250 -999.250 -999.250 -999.250 -999.250 19.625 19.554 21.756 25.474 25.157 29.253 23.992 25.776 23.534 24.447 24.039 25.969 29.002 22.291 21.805 24.591 20.870 20.949 21.883 21.980 21.673 17.716 20.558 17.900 21.577 19.660 18.902 17.136 15.668 15.589 14.119 14.657 14.152 13.535 13.678 12.935 14.512 14.864 13.953 17.688
-999.250 -999.250 -999.250 -999.250 -999.250 -999.250 -999.250 -999.250 -999.250 -999.250 -999.250 -999.250 -999.250 13.661 15.210 14.769 17.022 18.387 18.503 17.560 -999.250 -999.250 -999.250 -999.250 -999.250 -999.250 -999.250 -999.250 17.304 19.483 19.387 24.274 28.755 30.871 28.912 22.814 26.334 24.814 25.598 26.247 27.082 26.655 22.186 21.208 22.160 20.455 19.235 22.624 22.089 20.113 19.710 19.222 19.212 17.530 16.305 15.553 17.415 15.658 14.310 13.008 12.806 12.316 11.446 13.786 14.193 14.826 14.731
-999.250 -999.250 -999.250 -999.250 -999.250 -999.250 -999.250 -999.250 -999.250 -999.250 -999.250 -999.250 12.453 16.704 -999.250 -999.250 -999.250 -999.250 -999.250 -999.250 -999.250 -999.250 -999.250 -999.250 -999.250 -999.250 -999.250 -999.250 -999.250 19.902 22.044 24.614 25.628 29.767 25.933 26.321 24.831 25.293 28.318 27.984 24.537 26.623 23.888 25.246 25.417 22.694 26.291 27.236 24.122 20.474 21.424 20.977 20.437 17.514 16.765 17.107 14.893 13.766 12.196 13.536 12.213 13.766 11.572 11.026 13.332 15.111 16.939
-999.250 -999.250 -999.250 -999.250 -999.250 -999.250 -999.250 -999.250 -999.250 -999.250 -999.250 -999.250 -999.250 -999.250 -999.250 -999.250 -999.250 -999.250 -999.250 -999.250 -999.250 -999.250 -999.250 -999.250 -999.250 -999.250 -999.250 -999.250 -999.250 -999.250 19.893 21.533 27.424 30.741 27.940 27.055 27.220 29.633 30.609 30.290 26.566 24.631 24.881 26.619 25.848 24.643 23.258 23.620 20.564 21.448 22.365 20.643 22.082 17.417 16.706 17.423 15.082 12.014 9.255 8.977 10.778 10.687 12.015 8.771 10.695 14.822 18.048
-999.250 -999.250 -999.250 -999.250 -999.250 -999.250 -999.250 -999.250 -999.250 -999.250 -999.250 -999.250 -999.250 -999.250 -999.250 -999.250 -999.250 -999.250 -999.250 -999.250 -999.250 -999.250 -999.250 -999.250 -999.250 -999.250 -999.250 -999.250 -999.250 -999.250 19.067 23.512 26.118 22.914 25.209 25.540 28.988 28.181 29.804 27.677 26.933 25.122 26.390 29.361 26.106 27.738 20.513 21.620 21.860 21.174 22.084 20.010 19.800 17.834 16.569 14.541 12.855 9.606 10.132 9.375 10.291 10.682 9.542 8.883 8.589 10.960 14.156
-999.250 -999.250 -999.250 -999.250 -999.250 -999.250 -999.250 -999.250 -999.250 -999.250 -999.250 -999.250 -999.250 -999.250 -999.250 -999.250 -999.250 -999.250 -999.250 -999.250 -999.250 -999.250 -999.250 -999.250 -999.250 -999.250 -999.250 -999.250 -999.250 -999.250 20.370 24.382 24.562 22.147 25.386 26.273 29.678 28.752 30.324 28.724 26.853 26.203 26.773 28.691 25.689 25.401 19.267 21.389 18.996 21.555 20.852 16.204 18.283 16.854 16.236 15.718 15.128 11.142 7.666 9.834 7.797 9.280 10.507 8.994 8.773 8.696 14.100
