data/medianmodel_16-Jan-2021.asc
ncols	141
nrows	288
xllcorner	-120191.398
yllcorner	-301404.813
cellsize	2000.000
NODATA_value	-999.250
[rows 224 to 251 of 288, columns 63 to 125 of 141]
2087.943 2328.657 2678.024 2943.392 3057.490 3282.551 3530.462 3238.939 3173.344 3116.735 2896.513 2677.312 2259.737 2096.259 1835.655 1536.101 1422.095 1307.445 1247.529 1175.961 1170.703 1161.255 1154.333 1148.696 1128.550 1129.080 1154.583 1150.764 1244.650 1240.089 1252.791 1178.903 1162.425 1223.512 1205.325 1263.377 1301.671 1273.033 1339.605 1321.892 1346.352 1393.938 1423.762 1444.864 1470.403 1436.865 1454.020 -999.250 -999.250 -999.250 -999.250 -999.250 -999.250 -999.250 -999.250 -999.250 -999.250 -999.250 -999.250 -999.250 -999.250 -999.250 -999.250
1942.090 2258.666 2421.015 2627.834 2758.562 2917.404 2931.672 2973.701 2899.657 2745.206 2581.903 2362.731 2238.561 2128.728 1811.323 1607.446 1472.020 1376.179 1282.525 1181.761 1140.809 1093.912 1126.361 1111.566 1060.893 1107.259 1100.417 1080.355 1131.975 1149.802 1210.235 1199.206 1161.754 1136.039 1170.313 1209.026 1258.719 1281.856 1327.885 1263.803 1342.768 1406.405 1391.150 1432.072 1431.140 1387.064 1460.471 -999.250 -999.250 -999.250 -999.250 -999.250 -999.250 -999.250 -999.250 -999.250 -999.250 -999.250 -999.250 -999.250 -999.250 -999.250 -999.250
1839.897 2040.488 2169.846 2471.901 2527.561 2499.373 2727.474 2756.422 2587.243 2449.796 2334.170 2258.584 2151.862 1961.914 1746.968 1572.496 1449.368 1359.985 1271.746 1179.709 1090.804 1040.364 1073.159 1026.293 1053.419 1068.415 1085.671 1063.589 1126.196 1143.529 1106.372 1104.476 1103.920 1072.570 1143.813 1197.957 1220.964 1186.245 1272.068 1326.950 1388.021 1341.733 1393.626 1353.464 1421.146 1412.280 1422.828 -999.250 -999.250 -999.250 -999.250 -999.250 -999.250 -999.250 -999.250 -999.250 -999.250 -999.250 -999.250 -999.250 -999.250 -999.250 -999.250
1868.764 1977.371 1991.558 2067.927 2255.197 2269.741 2302.794 2282.450 2234.407 2144.825 2163.321 2086.008 1984.163 1762.111 1562.355 1527.857 1398.587 1328.891 1234.524 1160.511 1103.562 1011.844 1047.563 1014.443 1007.403 1030.948 1028.229 1052.342 1085.096 1110.564 1082.650 1093.026 1018.025 1062.103 1133.207 1227.628 1194.974 1219.528 1249.243 1279.870 1334.117 1327.122 1395.025 1406.091 1412.338 1485.093 -999.250 -999.250 -999.250 -999.250 -999.250 -999.250 -999.250 -999.250 -999.250 -999.250 -999.250 -999.250 -999.250 -999.250 -999.250 -999.250 -999.250
1603.154 1816.736 1849.363 1944.582 2047.985 2023.702 2013.689 2020.018 1965.704 1921.454 1906.796 1915.044 1762.083 1558.383 1508.878 1417.173 1352.773 1294.969 1189.367 1128.125 1052.875 986.969 1016.234 1020.019 985.085 968.998 939.338 951.257 1019.328 1057.994 1040.689 1053.611 1017.276 1059.100 1146.828 1192.835 1205.916 1221.929 1193.389 1255.032 1303.307 -999.250 -999.250 1427.464 1403.447 1435.996 -999.250 -999.250 -999.250 -999.250 -999.250 -999.250 -999.250 -999.250 -999.250 -999.250 -999.250 -999.250 -999.250 -999.250 -999.250 -999.250 -999.250
1566.246 1604.457 1708.739 1730.787 1827.691 1796.423 1708.304 1655.797 1686.802 1722.046 1713.568 1598.651 1555.040 1495.977 1401.461 1336.544 1282.186 1186.272 1127.781 1069.165 1018.882 1022.323 931.281 901.140 933.436 887.887 925.694 927.983 969.170 993.672 1001.234 979.370 1037.048 992.457 1041.203 1107.147 1229.032 1194.802 1223.477 1235.642 1253.058 -999.250 -999.250 -999.250 -999.250 -999.250 -999.250 -999.250 -999.250 -999.250 -999.250 -999.250 -999.250 -999.250 -999.250 -999.250 -999.250 -999.250 -999.250 -999.250 -999.250 -999.250 -999.250
1424.609 1500.319 1531.678 1550.072 1543.227 1531.049 1519.164 1511.382 1496.085 1539.484 1510.317 1510.572 1465.323 1430.682 1374.316 1246.219 1206.854 1078.849 1080.602 1038.048 1005.729 977.145 949.888 873.463 905.228 900.498 870.417 893.311 911.339 926.346 946.485 924.155 985.176 979.318 1056.351 1104.256 1148.666 -999.250 -999.250 1208.282 -999.250 -999.250 -999.250 -999.250 -999.250 -999.250 -999.250 -999.250 -999.250 -999.250 -999.250 -999.250 -999.250 -999.250 -999.250 -999.250 -999.250 -999.250 -999.250 -999.250 -999.250 -999.250 -999.250
1330.142 1346.151 1411.982 1396.563 1409.638 1412.116 1387.466 1442.367 1428.287 1445.637 1435.801 1390.555 1339.839 1274.037 1250.817 1185.205 1124.631 1078.969 1052.168 1006.540 985.912 899.180 887.843 811.050 821.828 839.160 837.456 821.828 847.287 840.254 797.303 871.886 956.771 1012.244 1085.164 -999.250 -999.250 -999.250 -999.250 -999.250 -999.250 -999.250 -999.250 -999.250 -999.250 -999.250 -999.250 -999.250 -999.250 -999.250 -999.250 -999.250 -999.250 -999.250 -999.250 -999.250 -999.250 -999.250 -999.250 -999.250 -999.250 -999.250 -999.250
1195.982 1252.050 1299.190 1278.287 1309.211 1341.970 1318.268 1370.795 1350.226 1335.365 1314.661 1310.623 1252.751 1230.917 1161.173 1133.251 1049.017 1061.299 991.889 975.495 890.271 863.539 780.892 811.972 827.117 812.598 773.205 780.262 772.668 814.023 824.116 864.049 929.730 1018.568 1051.457 -999.250 -999.250 -999.250 -999.250 -999.250 -999.250 -999.250 -999.250 -999.250 -999.250 -999.250 -999.250 -999.250 -999.250 -999.250 -999.250 -999.250 -999.250 -999.250 -999.250 -999.250 -999.250 -999.250 -999.250 -999.250 -999.250 -999.250 -999.250
1111.333 1142.879 1143.504 1193.129 1236.896 1206.054 1249.659 1290.694 1301.975 1292.522 1252.367 1245.292 1202.226 1195.966 1156.953 1074.253 1056.550 1011.735 986.260 940.410 837.538 838.363 777.974 744.068 773.810 762.870 731.082 754.236 792.103 781.456 878.886 873.723 986.345 1029.617 1084.104 -999.250 -999.250 -999.250 -999.250 -999.250 -999.250 -999.250 -999.250 -999.250 -999.250 -999.250 -999.250 -999.250 -999.250 -999.250 -999.250 -999.250 -999.250 -999.250 -999.250 -999.250 -999.250 -999.250 -999.250 -999.250 -999.250 -999.250 -999.250
1047.724 1050.523 1110.421 1106.958 1116.389 1171.140 1199.409 1179.759 1200.214 1207.492 1229.458 1208.116 1192.574 1160.525 1122.357 1085.876 993.401 973.253 922.604 883.292 814.179 793.824 748.953 771.105 745.640 730.980 761.711 742.208 762.389 811.656 842.795 913.254 944.911 1040.456 1089.428 -999.250 -999.250 -999.250 -999.250 -999.250 -999.250 -999.250 -999.250 -999.250 -999.250 -999.250 -999.250 -999.250 -999.250 -999.250 -999.250 -999.250 -999.250 -999.250 -999.250 -999.250 -999.250 -999.250 -999.250 -999.250 -999.250 -999.250 -999.250
959.336 945.822 1032.669 1051.059 1064.760 1121.725 1121.322 1151.579 1161.329 1193.495 1210.434 1180.260 1124.045 1136.700 1086.174 1083.051 985.132 954.780 891.243 856.671 785.906 747.718 723.528 711.062 729.204 689.410 704.318 766.807 793.743 827.495 873.174 965.478 1010.695 1031.420 -999.250 -999.250 -999.250 -999.250 -999.250 -999.250 -999.250 -999.250 -999.250 -999.250 -999.250 -999.250 -999.250 -999.250 -999.250 -999.250 -999.250 -999.250 -999.250 -999.250 -999.250 -999.250 -999.250 -999.250 -999.250 -999.250 -999.250 -999.250 -999.250
861.912 925.925 955.957 1012.199 1039.328 1037.815 1072.018 1099.151 1162.362 1146.611 1156.678 1104.367 1121.492 1088.736 1046.967 999.459 952.603 914.292 865.928 827.315 778.762 725.154 615.212 688.222 701.174 704.694 697.272 760.780 798.369 843.567 925.894 975.889 1020.114 1064.021 -999.250 -999.250 -999.250 -999.250 -999.250 -999.250 -999.250 -999.250 -999.250 -999.250 -999.250 -999.250 -999.250 -999.250 -999.250 -999.250 -999.250 -999.250 -999.250 -999.250 -999.250 -999.250 -999.250 -999.250 -999.250 -999.250 -999.250 -999.250 -999.250
854.950 865.831 923.160 986.157 1009.401 1029.202 1062.567 1072.969 1098.797 1141.814 1134.273 1114.103 1077.922 1065.953 1046.310 967.268 949.519 887.504 868.200 816.948 791.577 756.394 698.734 693.524 724.676 723.167 767.296 806.786 839.038 861.294 914.446 992.756 1089.312 1133.436 -999.250 -999.250 -999.250 -999.250 -999.250 -999.250 -999.250 -999.250 -999.250 -999.250 -999.250 -999.250 -999.250 -999.250 -999.250 -999.250 -999.250 -999.250 -999.250 -999.250 -999.250 -999.250 -999.250 -999.250 -999.250 -999.250 -999.250 -999.250 -999.250
794.062 856.377 866.177 918.313 930.268 1020.806 1044.124 1078.212 1104.244 1114.076 1144.848 1099.481 1064.970 1033.168 994.621 1000.220 979.661 905.367 855.977 858.067 794.888 766.187 738.415 742.999 731.401 750.189 775.813 801.712 845.051 903.267 940.774 1059.384 1095.576 -999.250 -999.250 -999.250 -999.250 -999.250 -999.250 -999.250 -999.250 -999.250 -999.250 -999.250 -999.250 -999.250 -999.250 -999.250 -999.250 -999.250 -999.250 -999.250 -999.250 -999.250 -999.250 -999.250 -999.250 -999.250 -999.250 -999.250 -999.250 -999.250 -999.250
784.133 749.384 780.498 799.506 870.597 938.454 963.830 1001.172 1109.375 1118.429 1115.364 1089.818 1092.339 1061.295 1003.346 1008.942 976.479 990.900 917.815 891.433 857.993 804.013 792.806 761.747 798.604 777.731 846.352 927.244 906.236 970.934 1021.456 1075.372 1154.632 -999.250 -999.250 -999.250 -999.250 -999.250 -999.250 -999.250 -999.250 -999.250 -999.250 -999.250 -999.250 -999.250 -999.250 -999.250 -999.250 -999.250 -999.250 -999.250 -999.250 -999.250 -999.250 -999.250 -999.250 -999.250 -999.250 -999.250 -999.250 -999.250 -999.250
753.691 741.948 754.346 787.205 823.468 947.222 947.118 1044.522 1040.019 1091.356 1080.566 1093.922 1092.243 1091.261 1082.646 1062.895 1025.738 1022.119 972.867 842.031 840.890 823.697 813.600 816.881 800.949 856.774 896.688 951.933 969.593 1009.719 1044.460 1139.233 -999.250 -999.250 -999.250 -999.250 -999.250 -999.250 -999.250 -999.250 -999.250 -999.250 -999.250 -999.250 -999.250 -999.250 -999.250 -999.250 -999.250 -999.250 -999.250 -999.250 -999.250 -999.250 -999.250 -999.250 -999.250 -999.250 -999.250 -999.250 -999.250 -999.250 -999.250
676.155 724.824 742.364 776.233 828.390 852.049 893.592 956.362 987.296 1025.429 1064.089 1086.500 1108.676 1143.121 1104.559 1086.646 1092.909 1066.836 1002.543 936.242 876.241 913.010 901.557 921.762 875.657 928.900 943.381 985.380 1018.352 1059.996 1111.072 -999.250 -999.250 -999.250 -999.250 -999.250 -999.250 -999.250 -999.250 -999.250 -999.250 -999.250 -999.250 -999.250 -999.250 -999.250 -999.250 -999.250 -999.250 -999.250 -999.250 -999.250 -999.250 -999.250 -999.250 -999.250 -999.250 -999.250 -999.250 -999.250 -999.250 -999.250 -999.250
668.628 708.416 761.605 771.414 812.992 854.302 880.983 970.294 996.646 1062.503 1053.841 1144.430 1166.188 1182.526 1115.431 1131.984 1144.494 1134.273 1072.702 1034.004 1011.376 933.062 961.591 997.860 1006.633 962.268 984.167 1026.932 1057.249 1093.064 -999.250 -999.250 -999.250 -999.250 -999.250 -999.250 -999.250 -999.250 -999.250 -999.250 -999.250 -999.250 -999.250 -999.250 -999.250 -999.250 -999.250 -999.250 -999.250 -999.250 -999.250 -999.250 -999.250 -999.250 -999.250 -999.250 -999.250 -999.250 -999.250 -999.250 -999.250 -999.250 -999.250
662.106 704.285 737.429 761.955 815.052 834.484 856.384 965.327 985.551 1019.212 1083.131 1173.265 1156.589 1167.936 1177.358 1127.117 1138.367 1157.054 1099.191 1070.133 1077.503 1034.404 1027.141 1012.538 1015.815 1027.983 1051.960 1117.884 -999.250 -999.250 -999.250 -999.250 -999.250 -999.250 -999.250 -999.250 -999.250 -999.250 -999.250 -999.250 -999.250 -999.250 -999.250 -999.250 -999.250 -999.250 -999.250 -999.250 -999.250 -999.250 -999.250 -999.250 -999.250 -999.250 -999.250 -999.250 -999.250 -999.250 -999.250 -999.250 -999.250 -999.250 -999.250
643.990 672.763 724.609 751.481 773.831 822.652 853.257 924.295 979.329 1026.065 1086.319 1179.413 1201.008 1183.773 1183.107 1284.515 1286.521 1307.066 1227.108 1166.908 1104.680 1080.562 1077.149 1088.439 1057.358 1072.769 1092.458 1060.065 -999.250 -999.250 -999.250 -999.250 -999.250 -999.250 -999.250 -999.250 -999.250 -999.250 -999.250 -999.250 -999.250 -999.250 -999.250 -999.250 -999.250 -999.250 -999.250 -999.250 -999.250 -999.250 -999.250 -999.250 -999.250 -999.250 -999.250 -999.250 -999.250 -999.250 -999.250 -999.250 -999.250 -999.250 -999.250
670.994 709.969 761.812 781.823 793.046 844.649 870.381 955.243 1000.816 1043.876 1131.824 1109.290 1184.644 1241.990 1275.067 1317.906 1367.915 1388.285 1339.988 1288.470 1217.666 1150.040 1167.909 1136.144 1099.706 1087.667 1084.834 1074.851 -999.250 -999.250 -999.250 -999.250 -999.250 -999.250 -999.250 -999.250 -999.250 -999.250 -999.250 -999.250 -999.250 -999.250 -999.250 -999.250 -999.250 -999.250 -999.250 -999.250 -999.250 -999.250 -999.250 -999.250 -999.250 -999.250 -999.250 -999.250 -999.250 -999.250 -999.250 -999.250 -999.250 -999.250 -999.250
722.406 744.148 752.667 771.418 812.346 874.824 933.778 951.303 1036.723 1068.253 1128.525 1175.647 1210.378 1210.221 1310.764 1383.210 1443.432 1530.446 1412.823 1359.598 1275.597 1231.783 1181.830 1123.449 1108.443 1117.762 1129.402 -999.250 -999.250 -999.250 -999.250 -999.250 -999.250 -999.250 -999.250 -999.250 -999.250 -999.250 -999.250 -999.250 -999.250 -999.250 -999.250 -999.250 -999.250 -999.250 -999.250 -999.250 -999.250 -999.250 -999.250 -999.250 -999.250 -999.250 -999.250 -999.250 -999.250 -999.250 -999.250 -999.250 -999.250 -999.250 -999.250
778.135 793.857 843.121 831.921 897.449 886.246 969.957 1045.149 1083.004 1122.592 1166.453 1251.280 1276.482 1285.260 1358.073 1388.914 1454.185 1473.300 1469.589 1382.280 1302.142 1293.619 1194.017 1166.672 1111.032 1112.142 1105.881 -999.250 -999.250 -999.250 -999.250 -999.250 -999.250 -999.250 -999.250 -999.250 -999.250 -999.250 -999.250 -999.250 -999.250 -999.250 -999.250 -999.250 -999.250 -999.250 -999.250 -999.250 -999.250 -999.250 -999.250 -999.250 -999.250 -999.250 -999.250 -999.250 -999.250 -999.250 -999.250 -999.250 -999.250 -999.250 -999.250
866.668 888.949 900.548 889.163 975.714 959.339 1017.941 1076.356 1149.033 1201.682 1226.054 1241.603 1291.513 1330.881 1349.703 1401.858 1408.920 1446.951 1453.693 1383.069 1295.927 1277.562 1153.366 1140.475 1174.352 1110.563 1090.686 -999.250 -999.250 -999.250 -999.250 -999.250 -999.250 -999.250 -999.250 -999.250 -999.250 -999.250 -999.250 -999.250 -999.250 -999.250 -999.250 -999.250 -999.250 -999.250 -999.250 -999.250 -999.250 -999.250 -999.250 -999.250 -999.250 -999.250 -999.250 -999.250 -999.250 -999.250 -999.250 -999.250 -999.250 -999.250 -999.250
985.979 941.983 985.353 966.180 1017.928 1029.296 1061.440 1087.978 1192.805 1236.862 1300.928 1252.584 1234.713 1303.019 1310.510 1382.426 1383.189 1364.263 1388.007 1381.368 1347.829 1296.308 1208.300 1207.873 1153.578 1102.056 1082.634 -999.250 -999.250 -999.250 -999.250 -999.250 -999.250 -999.250 -999.250 -999.250 -999.250 -999.250 -999.250 -999.250 -999.250 -999.250 -999.250 -999.250 -999.250 -999.250 -999.250 -999.250 -999.250 -999.250 -999.250 -999.250 -999.250 -999.250 -999.250 -999.250 -999.250 -999.250 -999.250 -999.250 -999.250 -999.250 -999.250
1040.558 1088.069 1067.444 1078.154 1066.715 1052.383 1075.695 1132.402 1181.257 1293.545 1320.697 1334.076 1351.671 1369.486 1348.020 1356.519 1381.370 1353.402 1354.710 1336.217 1298.318 1271.557 1192.526 1191.155 1146.305 1123.593 -999.250 -999.250 -999.250 -999.250 -999.250 -999.250 -999.250 -999.250 -999.250 -999.250 -999.250 -999.250 -999.250 -999.250 -999.250 -999.250 -999.250 -999.250 -999.250 -999.250 -999.250 -999.250 -999.250 -999.250 -999.250 -999.250 -999.250 -999.250 -999.250 -999.250 -999.250 -999.250 -999.250 -999.250 -999.250 -999.250 -999.250
1157.321 1114.399 1104.717 1113.865 1151.100 1179.714 1184.508 1178.493 1259.089 1192.516 1270.945 1302.530 1297.498 1273.893 1351.542 1358.478 1336.282 1285.321 1273.736 1283.417 1275.464 1234.056 1151.128 1102.175 1092.256 -999.250 -999.250 -999.250 -999.250 -999.250 -999.250 -999.250 -999.250 -999.250 -999.250 -999.250 -999.250 -999.250 -999.250 -999.250 -999.250 -999.250 -999.250 -999.250 -999.250 -999.250 -999.250 -999.250 -999.250 -999.250 -999.250 -999.250 -999.250 -999.250 -999.250 -999.250 -999.250 -999.250 -999.250 -999.250 -999.250 -999.250 -999.250
