data/medianmodel_21-Aug-2020.asc
ncols	141
nrows	288
xllcorner	-120191.398
yllcorner	-301404.813
cellsize	2000.000
NODATA_value	-999.250
[rows 31 to 61 of 288, columns 0 to 68 of 141]
-999.250 -999.250 -999.250 -999.250 -999.250 -999.250 -999.250 -999.250 -999.250 -999.250 -999.250 -999.250 -999.250 -999.250 -999.250 -999.250 -999.250 -999.250 -999.250 -999.250 -999.250 -999.250 -999.250 -999.250 -999.250 -999.250 -999.250 -999.250 -999.250 -999.250 -999.250 -999.250 8.637 5.949 4.222 1.768 0.247 0.000 0.288 0.901 3.086 2.128 3.900 5.127 6.428 9.063 11.470 14.183 16.304 16.408 14.089 13.061 11.743 12.701 18.605 8.732 3.612 0.000 0.000 0.000 0.000 0.000 0.000 0.000 0.000 0.000 0.000 0.000 0.000
-999.250 -999.250 -999.250 -999.250 -999.250 -999.250 -999.250 -999.250 -999.250 -999.250 -999.250 -999.250 -999.250 -999.250 -999.250 -999.250 -999.250 -999.250 -999.250 -999.250 -999.250 -999.250 -999.250 -999.250 -999.250 -999.250 -999.250 -999.250 -999.250 -999.250 -999.250 -999.250 13.500 11.120 8.082 6.520 5.822 5.867 6.106 7.130 9.172 7.626 6.218 5.527 7.823 8.427 12.954 16.964 18.843 18.296 13.925 10.981 10.400 10.528 10.427 7.119 4.228 0.490 0.000 0.000 0.000 0.000 0.000 0.000 0.000 0.000 0.000 0.000 0.000
-999.250 -999.250 -999.250 -999.250 -999.250 -999.250 -999.250 -999.250 -999.250 -999.250 -999.250 -999.250 -999.250 -999.250 -999.250 -999.250 -999.250 -999.250 -999.250 -999.250 -999.250 -999.250 -999.250 -999.250 -999.250 -999.250 -999.250 -999.250 -999.250 -999.250 -999.250 -999.250 20.760 23.408 14.700 12.910 11.489 10.147 11.442 13.733 21.517 12.502 9.769 8.886 7.790 7.799 11.227 16.471 27.918 17.688 12.973 10.115 8.675 6.785 7.002 6.369 4.700 3.664 1.346 0.000 0.000 0.000 0.000 0.000 0.000 0.000 0.000 0.000 0.000
-999.250 -999.250 -999.250 -999.250 -999.250 -999.250 -999.250 -999.250 -999.250 -999.250 -999.250 -999.250 -999.250 -999.250 -999.250 -999.250 -999.250 -999.250 -999.250 -999.250 -999.250 -999.250 -999.250 -999.250 -999.250 -999.250 -999.250 -999.250 -999.250 -999.250 -999.250 -999.250 27.596 24.547 23.222 19.541 19.043 17.315 16.956 17.798 18.146 15.010 12.429 10.961 9.247 9.985 11.448 13.710 15.307 12.746 10.628 6.667 6.493 4.692 5.848 5.391 6.334 5.011 4.599 3.839 0.960 0.877 0.000 0.000 0.000 0.000 0.000 0.000 0.000
-999.250 -999.250 -999.250 -999.250 -999.250 -999.250 -999.250 -999.250 -999.250 -999.250 -999.250 -999.250 -999.250 -999.250 -999.250 -999.250 -999.250 -999.250 -999.250 -999.250 -999.250 -999.250 -999.250 -999.250 -999.250 -999.250 -999.250 -999.250 -999.250 -999.250 -999.250 -999.250 33.496 32.803 29.969 28.993 26.970 26.585 25.356 23.297 22.205 19.051 16.633 13.940 11.771 11.675 10.066 8.056 8.673 8.446 7.023 5.707 4.692 4.703 4.871 5.781 6.837 8.670 7.990 6.922 6.242 3.432 1.690 0.000 0.000 0.000 0.000 0.000 0.000
-999.250 -999.250 -999.250 -999.250 -999.250 -999.250 -999.250 -999.250 -999.250 -999.250 -999.250 -999.250 -999.250 -999.250 -999.250 -999.250 -999.250 -999.250 -999.250 -999.250 -999.250 -999.250 -999.250 -999.250 -999.250 -999.250 -999.250 -999.250 -999.250 -999.250 -999.250 -999.250 44.402 41.694 41.853 41.472 37.918 35.317 34.296 32.224 28.096 24.107 21.821 18.517 14.998 10.337 7.352 7.193 5.492 4.636 3.623 3.133 3.657 3.533 3.608 6.849 8.951 12.099 13.348 11.726 10.487 8.181 6.736 5.174 2.369 0.410 0.000 0.000 0.000
-999.250 -999.250 -999.250 -999.250 -999.250 -999.250 -999.250 -999.250 -999.250 -999.250 -999.250 -999.250 -999.250 -999.250 -999.250 -999.250 -999.250 -999.250 -999.250 -999.250 -999.250 -999.250 -999.250 -999.250 -999.250 -999.250 -999.250 -999.250 -999.250 -999.250 -999.250 -999.250 -999.250 56.486 55.310 52.816 54.204 51.196 45.536 41.968 36.638 32.642 28.170 22.546 16.715 12.760 7.542 4.910 4.975 0.902 1.361 1.189 4.310 4.680 4.376 5.952 10.535 15.344 19.720 18.901 15.903 12.405 12.106 11.163 7.823 4.502 2.178 0.000 0.000
-999.250 -999.250 -999.250 -999.250 -999.250 -999.250 -999.250 -999.250 -999.250 -999.250 -999.250 -999.250 -999.250 -999.250 -999.250 -999.250 -999.250 -999.250 -999.250 -999.250 -999.250 -999.250 -999.250 -999.250 -999.250 -999.250 -999.250 -999.250 -999.250 -999.250 -999.250 -999.250 -999.250 67.541 68.768 66.405 65.092 63.887 59.070 54.200 44.907 41.060 33.303 26.408 20.008 14.454 7.875 4.327 1.582 0.300 0.000 2.523 5.237 4.403 4.088 4.534 8.774 16.877 31.211 23.111 18.925 18.371 17.898 18.632 13.190 8.929 5.858 0.837 0.000
-999.250 -999.250 -999.250 -999.250 -999.250 -999.250 -999.250 -999.250 -999.250 -999.250 -999.250 -999.250 -999.250 -999.250 -999.250 -999.250 -999.250 -999.250 -999.250 -999.250 -999.250 -999.250 -999.250 -999.250 -999.250 -999.250 -999.250 -999.250 -999.250 -999.250 -999.250 -999.250 81.598 84.671 82.478 82.389 81.478 79.475 71.627 66.385 59.323 48.141 41.508 32.381 24.668 16.624 10.528 4.000 0.000 0.000 0.000 3.284 11.818 4.319 1.921 3.648 7.318 13.019 18.471 19.326 20.315 20.392 25.864 26.786 21.206 14.806 8.195 4.186 0.359
-999.250 -999.250 -999.250 -999.250 -999.250 -999.250 -999.250 -999.250 -999.250 -999.250 -999.250 -999.250 -999.250 -999.250 -999.250 -999.250 -999.250 -999.250 -999.250 -999.250 -999.250 -999.250 -999.250 -999.250 -999.250 -999.250 -999.250 -999.250 -999.250 -999.250 -999.250 -999.250 100.523 99.167 102.127 102.547 102.282 95.868 92.624 76.020 68.361 58.430 48.282 39.850 31.543 19.661 10.515 3.242 0.000 0.000 0.000 0.000 3.099 0.554 0.000 0.354 3.785 7.167 11.807 15.614 18.294 21.886 29.009 42.017 26.794 17.196 11.394 7.598 3.902
-999.250 -999.250 -999.250 -999.250 -999.250 -999.250 -999.250 -999.250 -999.250 -999.250 -999.250 -999.250 -999.250 -999.250 -999.250 -999.250 -999.250 -999.250 -999.250 -999.250 -999.250 -999.250 -999.250 -999.250 -999.250 -999.250 -999.250 -999.250 -999.250 -999.250 -999.250 -999.250 -999.250 118.425 122.643 121.344 117.097 111.668 103.360 96.251 76.293 66.992 57.244 47.205 44.807 24.567 10.742 2.807 0.000 0.000 0.000 0.000 0.000 0.000 0.000 0.000 0.000 2.619 7.172 11.363 14.935 20.622 25.840 28.076 24.013 17.402 13.028 14.397 5.895
-999.250 -999.250 -999.250 -999.250 -999.250 -999.250 -999.250 -999.250 -999.250 -999.250 -999.250 -999.250 -999.250 -999.250 -999.250 -999.250 -999.250 -999.250 -999.250 -999.250 -999.250 -999.250 -999.250 -999.250 -999.250 -999.250 -999.250 -999.250 -999.250 -999.250 -999.250 -999.250 -999.250 137.335 137.008 145.107 142.823 127.004 115.142 101.940 84.870 71.501 62.905 53.914 40.323 24.765 11.249 1.648 0.000 0.000 0.000 0.000 4.185 0.000 0.000 0.000 0.000 0.000 3.308 6.774 11.064 14.051 18.216 20.149 18.225 13.923 10.571 8.552 4.892
-999.250 -999.250 -999.250 -999.250 -999.250 -999.250 -999.250 -999.250 -999.250 -999.250 -999.250 -999.250 -999.250 -999.250 -999.250 -999.250 -999.250 -999.250 -999.250 -999.250 -999.250 -999.250 -999.250 -999.250 -999.250 -999.250 -999.250 -999.250 -999.250 -999.250 -999.250 -999.250 -999.250 159.304 187.802 190.894 177.758 149.270 122.470 109.186 98.047 77.418 66.290 57.423 42.056 26.474 12.649 5.878 2.798 4.270 5.215 4.951 4.151 0.000 0.000 0.000 0.000 1.772 0.084 4.681 6.899 9.367 13.922 13.833 13.752 10.445 8.158 6.565 5.704
-999.250 -999.250 -999.250 -999.250 -999.250 -999.250 -999.250 -999.250 -999.250 -999.250 -999.250 -999.250 -999.250 -999.250 -999.250 -999.250 -999.250 -999.250 -999.250 -999.250 -999.250 -999.250 -999.250 -999.250 -999.250 -999.250 -999.250 -999.250 -999.250 -999.250 -999.250 -999.250 -999.250 -999.250 194.077 219.026 192.950 154.048 124.431 108.467 98.395 79.770 70.665 64.418 47.316 30.359 17.709 10.986 10.865 12.845 14.899 12.988 9.093 5.059 2.825 0.000 0.000 0.000 0.000 0.602 4.903 6.933 9.043 10.084 10.343 9.087 6.873 3.951 3.493
-999.250 -999.250 -999.250 -999.250 -999.250 -999.250 -999.250 -999.250 -999.250 -999.250 -999.250 -999.250 -999.250 -999.250 -999.250 -999.250 -999.250 -999.250 -999.250 -999.250 -999.250 -999.250 -999.250 -999.250 -999.250 -999.250 -999.250 -999.250 -999.250 -999.250 -999.250 -999.250 -999.250 -999.250 175.480 185.752 165.679 140.582 119.978 104.433 90.216 77.754 70.792 78.088 49.464 32.227 21.815 18.671 19.999 27.073 31.814 26.828 18.223 12.367 8.095 4.188 0.000 0.000 0.000 0.000 1.752 5.604 5.388 6.866 7.839 7.087 6.298 5.918 5.638
-999.250 -999.250 -999.250 -999.250 -999.250 -999.250 -999.250 -999.250 -999.250 -999.250 -999.250 -999.250 -999.250 -999.250 -999.250 -999.250 -999.250 -999.250 -999.250 -999.250 -999.250 -999.250 -999.250 -999.250 -999.250 -999.250 -999.250 -999.250 -999.250 -999.250 -999.250 -999.250 -999.250 -999.250 147.209 158.755 134.611 120.321 109.074 96.355 75.934 67.268 62.595 56.854 42.507 30.679 25.087 23.118 28.186 37.651 56.410 37.903 26.705 20.977 16.638 10.101 4.376 0.000 0.000 0.000 0.092 3.977 5.681 6.544 7.008 6.558 4.554 4.980 6.032
-999.250 -999.250 -999.250 -999.250 -999.250 -999.250 -999.250 -999.250 -999.250 -999.250 -999.250 -999.250 -999.250 -999.250 -999.250 -999.250 -999.250 -999.250 -999.250 -999.250 -999.250 -999.250 -999.250 -999.250 -999.250 -999.250 -999.250 -999.250 -999.250 -999.250 -999.250 -999.250 -999.250 -999.250 128.735 122.511 118.203 103.485 91.030 71.278 62.232 51.644 44.783 42.037 33.189 26.434 23.231 26.561 30.263 36.835 43.142 39.941 30.511 26.218 29.943 14.487 6.784 1.436 0.000 0.000 1.248 5.649 6.771 7.262 7.038 5.931 6.019 6.974 7.543
-999.250 -999.250 -999.250 -999.250 -999.250 -999.250 -999.250 -999.250 -999.250 -999.250 -999.250 -999.250 -999.250 -999.250 -999.250 -999.250 -999.250 -999.250 -999.250 -999.250 -999.250 -999.250 -999.250 -999.250 -999.250 -999.250 -999.250 -999.250 -999.250 -999.250 -999.250 -999.250 -999.250 -999.250 -999.250 102.468 96.474 75.651 62.754 49.617 40.054 34.284 30.203 25.614 21.058 18.886 21.074 24.692 29.263 33.045 34.027 32.533 29.512 25.308 22.253 14.730 7.819 4.990 2.648 0.000 3.747 6.745 15.040 8.090 6.643 5.727 6.304 5.673 7.633
-999.250 -999.250 -999.250 -999.250 -999.250 -999.250 -999.250 -999.250 -999.250 -999.250 -999.250 -999.250 -999.250 -999.250 -999.250 -999.250 -999.250 -999.250 -999.250 -999.250 -999.250 -999.250 -999.250 -999.250 -999.250 -999.250 -999.250 -999.250 -999.250 -999.250 -999.250 -999.250 -999.250 -999.250 -999.250 73.542 63.391 52.729 36.574 26.549 20.553 17.463 15.071 13.456 12.544 12.978 15.414 21.142 25.092 28.135 27.082 27.205 24.275 21.289 16.754 12.166 8.114 5.167 2.673 0.931 0.730 5.620 6.801 6.567 6.260 5.533 5.253 6.707 7.261
-999.250 -999.250 -999.250 -999.250 -999.250 -999.250 -999.250 -999.250 -999.250 -999.250 -999.250 -999.250 -999.250 -999.250 -999.250 -999.250 -999.250 -999.250 -999.250 -999.250 -999.250 -999.250 -999.250 -999.250 -999.250 -999.250 -999.250 -999.250 -999.250 -999.250 -999.250 -999.250 -999.250 -999.250 -999.250 55.975 42.454 29.691 18.649 11.513 6.697 6.904 7.644 6.947 7.291 8.137 9.903 13.980 19.187 23.293 24.059 24.318 21.496 18.059 15.781 11.762 7.400 5.202 2.580 2.217 0.499 2.918 4.593 4.601 4.961 5.176 5.281 6.753 7.976
-999.250 -999.250 -999.250 -999.250 -999.250 -999.250 -999.250 -999.250 -999.250 -999.250 -999.250 -999.250 -999.250 -999.250 -999.250 -999.250 -999.250 -999.250 -999.250 -999.250 -999.250 -999.250 -999.250 -999.250 -999.250 -999.250 -999.250 -999.250 -999.250 -999.250 -999.250 -999.250 -999.250 -999.250 -999.250 40.959 29.475 18.522 11.405 3.298 1.252 1.772 8.210 3.707 2.305 4.182 7.115 9.979 13.920 19.012 20.253 20.973 19.370 17.604 13.641 11.147 8.088 4.575 4.674 1.925 2.921 2.920 2.980 4.416 4.373 6.392 6.121 7.227 7.979
-999.250 -999.250 -999.250 -999.250 -999.250 -999.250 -999.250 -999.250 -999.250 -999.250 -999.250 -999.250 -999.250 -999.250 -999.250 -999.250 -999.250 -999.250 -999.250 -999.250 -999.250 -999.250 -999.250 -999.250 -999.250 -999.250 -999.250 -999.250 -999.250 -999.250 -999.250 -999.250 -999.250 -999.250 -999.250 33.501 24.396 15.371 11.287 7.151 3.823 2.413 2.437 1.213 0.000 0.354 3.674 6.922 12.645 22.076 18.788 19.453 21.527 17.974 14.595 10.757 7.856 6.017 5.975 6.466 4.639 3.773 3.476 5.369 5.601 6.973 6.901 6.962 5.753
-999.250 -999.250 -999.250 -999.250 -999.250 -999.250 -999.250 -999.250 -999.250 -999.250 -999.250 -999.250 -999.250 -999.250 -999.250 -999.250 -999.250 -999.250 -999.250 -999.250 -999.250 -999.250 -999.250 -999.250 -999.250 -999.250 -999.250 -999.250 -999.250 -999.250 -999.250 -999.250 -999.250 -999.250 -999.250 -999.250 24.215 20.967 20.700 20.260 13.013 6.896 4.068 3.233 0.217 0.000 1.508 4.192 9.471 13.015 16.775 20.539 30.098 20.340 14.810 11.066 6.743 6.187 6.729 13.593 6.126 3.949 4.758 6.486 7.368 8.140 10.284 6.929 4.998
-999.250 -999.250 -999.250 -999.250 -999.250 -999.250 -999.250 -999.250 -999.250 -999.250 -999.250 -999.250 -999.250 -999.250 -999.250 -999.250 -999.250 -999.250 -999.250 -999.250 -999.250 -999.250 -999.250 -999.250 -999.250 -999.250 -999.250 -999.250 -999.250 -999.250 -999.250 -999.250 -999.250 -999.250 -999.250 -999.250 26.186 26.721 30.305 43.858 24.043 12.268 7.670 10.844 3.289 0.000 1.289 4.253 7.586 11.562 16.120 19.446 21.603 18.413 14.391 11.117 7.431 4.723 4.556 5.243 4.150 1.127 2.268 5.829 8.179 11.937 14.646 11.157 5.163
-999.250 -999.250 -999.250 -999.250 -999.250 -999.250 -999.250 -999.250 -999.250 -999.250 -999.250 -999.250 -999.250 -999.250 -999.250 -999.250 -999.250 -999.250 -999.250 -999.250 -999.250 -999.250 -999.250 -999.250 -999.250 -999.250 -999.250 -999.250 -999.250 -999.250 -999.250 -999.250 -999.250 -999.250 -999.250 -999.250 -999.250 26.228 29.053 30.074 21.919 12.385 6.707 3.775 1.196 0.055 4.067 5.691 9.229 11.827 16.466 19.775 20.642 19.203 15.632 11.368 6.666 4.019 1.355 1.790 0.776 0.512 1.837 5.606 9.030 15.269 26.669 12.664 5.177
-999.250 -999.250 -999.250 -999.250 -999.250 -999.250 -999.250 -999.250 -999.250 -999.250 -999.250 -999.250 -999.250 -999.250 -999.250 -999.250 -999.250 -999.250 -999.250 -999.250 -999.250 -999.250 -999.250 -999.250 -999.250 -999.250 -999.250 -999.250 -999.250 -999.250 -999.250 -999.250 -999.250 -999.250 -999.250 -999.250 -999.250 22.610 21.848 20.099 14.584 8.749 3.721 0.000 0.096 0.647 4.296 6.873 10.187 14.328 18.484 22.862 22.243 21.898 19.309 13.366 7.567 3.660 0.345 0.000 0.000 0.000 0.000 4.331 6.050 11.374 13.148 10.704 5.135
-999.250 -999.250 -999.250 -999.250 -999.250 -999.250 -999.250 -999.250 -999.250 -999.250 -999.250 -999.250 -999.250 -999.250 -999.250 -999.250 -999.250 -999.250 -999.250 -999.250 -999.250 -999.250 -999.250 -999.250 -999.250 -999.250 -999.250 -999.250 -999.250 -999.250 -999.250 -999.250 -999.250 -999.250 -999.250 -999.250 -999.250 17.180 15.129 13.006 13.312 5.121 0.773 0.000 0.000 0.172 4.615 7.199 12.655 17.508 23.913 27.689 28.940 26.932 23.391 16.696 10.840 4.361 0.000 0.000 0.000 0.000 0.000 0.173 2.433 5.071 6.143 6.855 9.865
-999.250 -999.250 -999.250 -999.250 -999.250 -999.250 -999.250 -999.250 -999.250 -999.250 -999.250 -999.250 -999.250 -999.250 -999.250 -999.250 -999.250 -999.250 -999.250 -999.250 -999.250 -999.250 -999.250 -999.250 -999.250 -999.250 -999.250 -999.250 -999.250 -999.250 -999.250 -999.250 -999.250 -999.250 -999.250 -999.250 -999.250 11.776 9.504 7.184 4.419 1.815 0.000 0.000 0.000 0.314 5.292 9.923 13.374 19.827 27.710 32.571 38.669 35.572 30.215 22.117 12.890 4.843 0.000 0.000 0.000 0.000 0.000 0.000 0.000 0.000 0.268 1.771 1.143
-999.250 -999.250 -999.250 -999.250 -999.250 -999.250 -999.250 -999.250 -999.250 -999.250 -999.250 -999.250 -999.250 -999.250 -999.250 -999.250 -999.250 -999.250 -999.250 -999.250 -999.250 -999.250 -999.250 -999.250 -999.250 -999.250 -999.250 -999.250 -999.250 -999.250 -999.250 -999.250 -999.250 -999.250 -999.250 -999.250 -999.250 -999.250 5.546 4.292 0.260 0.000 0.000 0.000 0.107 3.473 6.083 9.935 17.550 24.870 32.753 40.928 47.887 50.331 40.080 26.651 14.598 4.867 0.000 0.000 0.000 0.000 0.000 0.000 0.000 0.000 0.000 0.000 0.000
-999.250 -999.250 -999.250 -999.250 -999.250 -999.250 -999.250 -999.250 -999.250 -999.250 -999.250 -999.250 -999.250 -999.250 -999.250 -999.250 -999.250 -999.250 -999.250 -999.250 -999.250 -999.250 -999.250 -999.250 -999.250 -999.250 -999.250 -999.250 -999.250 -999.250 -999.250 -999.250 -999.250 -999.250 -999.250 -999.250 -999.250 -999.250 4.761 1.865 0.000 0.000 0.000 0.000 0.000 4.053 7.115 12.497 20.559 27.654 34.159 43.495 55.902 71.179 48.200 29.672 15.866 5.536 0.000 0.000 0.000 0.000 0.000 0.000 0.000 0.000 0.000 0.000 0.000
-999.250 -999.250 -999.250 -999.250 -999.250 -999.250 -999.250 -999.250 -999.250 -999.250 -999.250 -999.250 -999.250 -999.250 -999.250 -999.250 -999.250 -999.250 -999.250 -999.250 -999.250 -999.250 -999.250 -999.250 -999.250 -999.250 -999.250 -999.250 -999.250 -999.250 -999.250 -999.250 -999.250 -999.250 -999.250 -999.250 -999.250 -999.250 4.531 0.952 0.000 0.000 0.000 0.000 0.000 4.517 9.988 14.320 22.106 28.904 37.498 43.632 53.377 54.526 43.693 29.317 16.994 6.573 0.000 0.000 0.000 0.000 0.000 0.000 0.000 0.000 0.000 0.000 0.000
