data/medianmodel_29-Sep-2020.asc
ncols	141
nrows	288
xllcorner	-120191.398
yllcorner	-301404.813
cellsize	2000.000
NODATA_value	-999.250
[rows 120 to 149 of 288, columns 67 to 133 of 141]
18.371 15.726 14.082 13.173 13.670 13.865 13.445 13.664 15.588 15.883 15.522 17.955 21.853 26.751 27.749 26.676 31.393 31.331 32.812 35.833 41.893 41.510 39.289 46.004 46.783 53.191 55.116 56.347 60.591 57.926 67.032 65.242 71.313 70.987 74.507 66.393 66.040 68.801 68.466 65.766 64.577 62.317 56.264 60.864 56.132 56.263 -999.250 -999.250 -999.250 -999.250 -999.250 -999.250 -999.250 -999.250 -999.250 -999.250 -999.250 -999.250 -999.250 -999.250 -999.250 -999.250 -999.250 -999.250 -999.250 -999.250 -999.250
21.743 21.406 19.344 16.539 15.113 15.583 14.039 16.337 16.959 17.534 16.330 18.578 25.837 27.789 29.226 26.658 30.643 32.560 34.260 38.059 41.062 45.982 41.098 41.999 47.973 51.065 51.812 55.450 53.718 53.645 54.107 56.253 61.002 57.945 57.476 58.034 58.520 59.343 59.839 59.042 57.221 54.987 55.542 53.578 53.103 46.040 -999.250 -999.250 -999.250 -999.250 -999.250 -999.250 -999.250 -999.250 -999.250 -999.250 -999.250 -999.250 -999.250 -999.250 -999.250 -999.250 -999.250 -999.250 -999.250 -999.250 -999.250
24.626 22.464 20.536 19.988 15.982 16.255 16.173 15.453 14.810 15.161 16.713 17.108 23.633 23.798 27.586 28.935 30.021 30.208 33.528 43.238 41.561 45.985 41.192 39.996 47.214 45.512 51.988 50.657 47.827 42.091 44.579 41.954 45.579 46.813 48.624 54.491 51.390 50.972 50.870 43.908 50.331 49.031 43.423 44.102 39.724 40.372 -999.250 -999.250 -999.250 -999.250 -999.250 -999.250 -999.250 -999.250 -999.250 -999.250 -999.250 -999.250 -999.250 -999.250 -999.250 -999.250 -999.250 -999.250 -999.250 -999.250 -999.250
27.694 25.135 20.705 17.455 17.207 17.011 14.652 15.147 14.375 16.682 17.286 19.565 23.860 24.401 28.093 28.221 31.963 32.699 34.503 42.860 45.536 43.082 45.000 39.582 39.212 44.244 48.660 47.497 43.035 40.362 39.799 38.414 39.496 37.300 37.146 40.825 42.747 40.211 39.508 37.924 36.927 35.018 35.031 35.473 34.365 -999.250 -999.250 -999.250 -999.250 -999.250 -999.250 -999.250 -999.250 -999.250 -999.250 -999.250 -999.250 -999.250 -999.250 -999.250 -999.250 -999.250 -999.250 -999.250 -999.250 -999.250 -999.250
30.904 27.903 22.194 18.403 17.734 16.629 15.840 15.846 15.337 14.189 16.667 19.355 20.670 23.191 25.551 30.636 34.118 33.095 35.687 39.783 43.280 44.442 45.337 42.114 37.251 46.734 38.837 40.012 38.577 39.430 35.970 35.382 34.274 32.630 32.442 34.162 36.473 37.100 34.453 33.966 33.676 31.844 31.521 31.127 31.529 -999.250 -999.250 -999.250 -999.250 -999.250 -999.250 -999.250 -999.250 -999.250 -999.250 -999.250 -999.250 -999.250 -999.250 -999.250 -999.250 -999.250 -999.250 -999.250 -999.250 -999.250 -999.250
32.419 30.160 24.732 21.085 16.682 17.158 14.415 15.913 14.577 15.710 13.649 16.487 20.960 23.282 23.543 27.357 31.376 36.716 34.901 39.157 45.172 45.534 50.743 49.100 43.617 41.577 44.197 37.630 36.608 33.912 35.166 30.627 28.480 28.815 32.051 30.660 30.419 30.882 28.611 30.894 30.310 31.572 30.583 32.830 33.270 -999.250 -999.250 -999.250 -999.250 -999.250 -999.250 -999.250 -999.250 -999.250 -999.250 -999.250 -999.250 -999.250 -999.250 -999.250 -999.250 -999.250 -999.250 -999.250 -999.250 -999.250 -999.250
33.485 28.874 25.513 22.174 19.730 19.629 16.537 15.218 14.923 15.431 16.306 16.543 16.504 21.074 24.828 28.231 33.455 37.343 38.361 40.232 42.676 46.415 51.989 48.669 45.833 44.753 40.648 38.632 35.396 33.567 32.431 26.826 26.927 27.608 27.507 26.786 30.063 28.620 29.212 25.435 30.993 30.637 31.652 31.324 31.833 -999.250 -999.250 -999.250 -999.250 -999.250 -999.250 -999.250 -999.250 -999.250 -999.250 -999.250 -999.250 -999.250 -999.250 -999.250 -999.250 -999.250 -999.250 -999.250 -999.250 -999.250 -999.250
34.285 28.232 26.174 23.624 20.091 18.374 16.542 15.082 14.870 15.230 16.083 16.401 18.716 21.902 24.201 29.619 31.375 34.333 40.392 42.915 47.953 47.298 51.609 50.733 46.599 47.828 39.171 37.905 32.978 33.054 29.734 28.670 28.362 23.360 26.232 25.282 25.963 27.392 26.452 26.269 29.296 29.707 29.636 27.938 -999.250 -999.250 -999.250 -999.250 -999.250 -999.250 -999.250 -999.250 -999.250 -999.250 -999.250 -999.250 -999.250 -999.250 -999.250 -999.250 -999.250 -999.250 -999.250 -999.250 -999.250 -999.250 -999.250
33.433 30.207 26.028 20.131 18.789 17.520 16.730 15.388 15.278 15.499 15.382 15.726 14.261 18.965 21.360 28.747 33.578 35.117 37.580 44.899 51.108 53.860 52.096 50.214 50.864 46.380 38.316 38.913 34.556 32.610 29.870 30.119 29.128 25.097 26.536 26.407 23.516 24.309 28.952 27.468 29.147 29.122 27.971 -999.250 -999.250 -999.250 -999.250 -999.250 -999.250 -999.250 -999.250 -999.250 -999.250 -999.250 -999.250 -999.250 -999.250 -999.250 -999.250 -999.250 -999.250 -999.250 -999.250 -999.250 -999.250 -999.250 -999.250
33.816 26.786 22.365 18.244 14.942 14.892 14.084 12.770 10.700 11.163 13.489 13.151 14.000 17.846 23.060 25.292 28.213 35.270 36.986 41.896 53.167 56.663 54.514 50.519 51.690 51.126 45.933 44.400 40.703 34.756 33.633 29.613 24.714 26.845 26.312 23.180 25.965 29.075 29.362 28.932 31.075 26.106 -999.250 -999.250 -999.250 -999.250 -999.250 -999.250 -999.250 -999.250 -999.250 -999.250 -999.250 -999.250 -999.250 -999.250 -999.250 -999.250 -999.250 -999.250 -999.250 -999.250 -999.250 -999.250 -999.250 -999.250 -999.250
34.207 28.170 21.363 15.545 15.406 12.861 14.823 12.041 10.265 10.949 12.341 12.815 11.774 17.509 21.857 22.840 29.388 36.579 40.392 48.967 55.536 57.083 56.641 55.287 58.343 52.269 46.787 51.672 40.817 38.788 34.497 31.684 27.677 30.152 29.827 27.757 26.359 29.126 30.355 31.880 30.157 32.103 -999.250 -999.250 -999.250 -999.250 -999.250 -999.250 -999.250 -999.250 -999.250 -999.250 -999.250 -999.250 -999.250 -999.250 -999.250 -999.250 -999.250 -999.250 -999.250 -999.250 -999.250 -999.250 -999.250 -999.250 -999.250
33.375 24.688 18.888 14.507 15.292 11.411 14.007 8.541 9.090 10.617 10.730 11.645 15.853 18.537 22.762 27.722 31.368 38.272 49.794 55.425 52.483 59.579 59.488 60.706 58.804 51.490 53.691 47.194 45.150 45.950 39.066 34.245 34.484 36.237 29.362 28.807 29.197 30.041 32.361 31.730 32.040 32.286 -999.250 -999.250 -999.250 -999.250 -999.250 -999.250 -999.250 -999.250 -999.250 -999.250 -999.250 -999.250 -999.250 -999.250 -999.250 -999.250 -999.250 -999.250 -999.250 -999.250 -999.250 -999.250 -999.250 -999.250 -999.250
33.599 23.668 16.774 13.695 12.364 14.346 9.953 8.172 9.771 8.742 10.849 13.460 15.189 18.621 24.880 28.369 36.647 43.861 52.194 56.121 56.955 62.320 65.068 63.066 64.438 60.684 56.772 54.636 51.492 53.013 48.866 44.753 37.858 38.324 31.781 31.218 30.647 31.427 29.417 27.893 31.428 29.537 -999.250 -999.250 -999.250 -999.250 -999.250 -999.250 -999.250 -999.250 -999.250 -999.250 -999.250 -999.250 -999.250 -999.250 -999.250 -999.250 -999.250 -999.250 -999.250 -999.250 -999.250 -999.250 -999.250 -999.250 -999.250
37.840 28.114 13.702 14.520 15.033 13.251 10.606 10.344 9.200 9.744 13.672 14.198 17.308 19.341 23.962 31.279 38.596 46.137 50.390 64.011 65.232 67.179 68.824 75.278 68.678 67.357 67.736 64.369 61.961 56.330 57.604 52.989 49.306 40.331 36.989 32.326 34.930 32.745 30.035 28.803 34.740 -999.250 -999.250 -999.250 -999.250 -999.250 -999.250 -999.250 -999.250 -999.250 -999.250 -999.250 -999.250 -999.250 -999.250 -999.250 -999.250 -999.250 -999.250 -999.250 -999.250 -999.250 -999.250 -999.250 -999.250 -999.250 -999.250
43.319 31.792 24.960 18.945 18.651 14.543 14.201 11.937 12.238 13.484 16.046 20.386 20.642 24.854 30.423 34.462 41.894 52.383 59.284 65.582 67.576 69.354 85.077 81.890 74.605 77.963 82.812 66.598 66.502 65.084 63.124 61.730 56.896 46.686 39.198 35.957 36.524 34.613 33.992 31.504 34.321 -999.250 -999.250 -999.250 -999.250 -999.250 -999.250 -999.250 -999.250 -999.250 -999.250 -999.250 -999.250 -999.250 -999.250 -999.250 -999.250 -999.250 -999.250 -999.250 -999.250 -999.250 -999.250 -999.250 -999.250 -999.250 -999.250
55.955 43.052 36.761 28.904 25.804 22.787 16.987 13.597 13.629 15.717 18.800 20.888 28.429 30.701 32.475 36.201 47.580 60.216 67.730 72.605 72.909 83.516 87.105 91.423 82.955 82.933 81.755 78.044 81.095 69.638 71.862 72.022 59.956 49.018 51.658 39.163 37.506 38.223 35.706 31.710 33.008 -999.250 -999.250 -999.250 -999.250 -999.250 -999.250 -999.250 -999.250 -999.250 -999.250 -999.250 -999.250 -999.250 -999.250 -999.250 -999.250 -999.250 -999.250 -999.250 -999.250 -999.250 -999.250 -999.250 -999.250 -999.250 -999.250
64.216 57.986 45.387 36.506 32.312 24.465 20.569 15.873 16.297 15.808 18.491 25.218 31.807 33.643 36.574 40.966 52.016 58.785 66.531 77.952 82.960 91.931 92.951 94.527 107.159 100.003 97.758 93.237 90.253 75.767 77.243 69.724 62.551 55.147 51.797 47.077 42.120 43.567 41.088 36.052 34.472 -999.250 -999.250 -999.250 -999.250 -999.250 -999.250 -999.250 -999.250 -999.250 -999.250 -999.250 -999.250 -999.250 -999.250 -999.250 -999.250 -999.250 -999.250 -999.250 -999.250 -999.250 -999.250 -999.250 -999.250 -999.250 -999.250
78.869 66.579 57.422 50.495 36.475 28.262 24.128 18.692 19.220 14.556 19.099 22.468 28.975 34.709 36.033 45.907 53.294 64.783 75.582 80.568 90.511 96.176 94.463 99.659 104.509 107.780 111.156 103.650 86.834 82.692 80.736 74.044 65.926 61.105 54.783 50.876 43.592 45.215 42.954 41.195 -999.250 -999.250 -999.250 -999.250 -999.250 -999.250 -999.250 -999.250 -999.250 -999.250 -999.250 -999.250 -999.250 -999.250 -999.250 -999.250 -999.250 -999.250 -999.250 -999.250 -999.250 -999.250 -999.250 -999.250 -999.250 -999.250 -999.250
91.778 78.418 70.015 55.303 51.370 37.710 29.006 25.528 22.790 18.838 21.754 24.914 26.819 31.911 35.562 48.963 55.412 66.873 75.824 -999.250 -999.250 -999.250 -999.250 113.838 119.653 110.909 119.358 103.404 -999.250 -999.250 -999.250 -999.250 -999.250 -999.250 -999.250 -999.250 -999.250 -999.250 -999.250 -999.250 -999.250 -999.250 -999.250 -999.250 -999.250 -999.250 -999.250 -999.250 -999.250 -999.250 -999.250 -999.250 -999.250 -999.250 -999.250 -999.250 -999.250 -999.250 -999.250 -999.250 -999.250 -999.250 -999.250 -999.250 -999.250 -999.250 -999.250
101.057 85.905 74.723 66.701 51.977 41.755 33.070 27.685 23.386 23.627 23.435 24.883 24.367 28.531 37.964 52.477 64.309 76.070 91.880 -999.250 -999.250 -999.250 -999.250 -999.250 -999.250 -999.250 -999.250 -999.250 -999.250 -999.250 -999.250 -999.250 -999.250 -999.250 -999.250 -999.250 -999.250 -999.250 -999.250 -999.250 -999.250 -999.250 -999.250 -999.250 -999.250 -999.250 -999.250 -999.250 -999.250 -999.250 -999.250 -999.250 -999.250 -999.250 -999.250 -999.250 -999.250 -999.250 -999.250 -999.250 -999.250 -999.250 -999.250 -999.250 -999.250 -999.250 -999.250
112.867 100.699 83.988 69.083 60.344 49.864 41.952 32.630 25.679 22.811 20.946 21.697 25.320 31.542 44.427 53.805 63.900 83.404 95.463 -999.250 -999.250 -999.250 -999.250 -999.250 -999.250 -999.250 -999.250 -999.250 -999.250 -999.250 -999.250 -999.250 -999.250 -999.250 -999.250 -999.250 -999.250 -999.250 -999.250 -999.250 -999.250 -999.250 -999.250 -999.250 -999.250 -999.250 -999.250 -999.250 -999.250 -999.250 -999.250 -999.250 -999.250 -999.250 -999.250 -999.250 -999.250 -999.250 -999.250 -999.250 -999.250 -999.250 -999.250 -999.250 -999.250 -999.250 -999.250
123.798 102.055 87.104 78.570 65.460 54.504 38.887 32.440 26.329 20.542 17.897 18.677 21.137 27.214 38.629 55.175 75.365 96.391 114.112 121.539 -999.250 -999.250 -999.250 -999.250 -999.250 -999.250 -999.250 -999.250 -999.250 -999.250 -999.250 -999.250 -999.250 -999.250 -999.250 -999.250 -999.250 -999.250 -999.250 -999.250 -999.250 -999.250 -999.250 -999.250 -999.250 -999.250 -999.250 -999.250 -999.250 -999.250 -999.250 -999.250 -999.250 -999.250 -999.250 -999.250 -999.250 -999.250 -999.250 -999.250 -999.250 -999.250 -999.250 -999.250 -999.250 -999.250 -999.250
125.091 104.336 89.119 80.127 65.191 55.820 42.600 31.463 24.803 17.770 16.665 15.429 14.199 21.123 29.940 54.735 73.146 93.440 113.224 140.663 167.326 -999.250 -999.250 -999.250 -999.250 -999.250 -999.250 -999.250 -999.250 -999.250 -999.250 -999.250 -999.250 -999.250 -999.250 -999.250 -999.250 -999.250 -999.250 -999.250 -999.250 -999.250 -999.250 -999.250 -999.250 -999.250 -999.250 -999.250 -999.250 -999.250 -999.250 -999.250 -999.250 -999.250 -999.250 -999.250 -999.250 -999.250 -999.250 -999.250 -999.250 -999.250 -999.250 -999.250 -999.250 -999.250 -999.250
116.435 104.920 87.352 74.098 61.160 49.615 42.085 32.903 22.547 16.852 12.821 11.688 11.737 15.933 26.079 48.309 73.201 113.605 136.402 148.237 175.567 194.248 -999.250 -999.250 -999.250 -999.250 -999.250 -999.250 -999.250 -999.250 -999.250 -999.250 -999.250 -999.250 -999.250 -999.250 -999.250 -999.250 -999.250 -999.250 -999.250 -999.250 -999.250 -999.250 -999.250 -999.250 -999.250 -999.250 -999.250 -999.250 -999.250 -999.250 -999.250 -999.250 -999.250 -999.250 -999.250 -999.250 -999.250 -999.250 -999.250 -999.250 -999.250 -999.250 -999.250 -999.250 -999.250
110.223 98.816 83.499 67.499 57.210 46.881 33.898 26.487 20.857 16.452 11.268 5.573 3.767 6.526 15.374 46.266 79.870 116.862 148.097 169.389 197.898 228.890 -999.250 -999.250 -999.250 -999.250 -999.250 -999.250 -999.250 -999.250 -999.250 -999.250 -999.250 -999.250 -999.250 -999.250 -999.250 -999.250 -999.250 -999.250 -999.250 -999.250 -999.250 -999.250 -999.250 -999.250 -999.250 -999.250 -999.250 -999.250 -999.250 -999.250 -999.250 -999.250 -999.250 -999.250 -999.250 -999.250 -999.250 -999.250 -999.250 -999.250 -999.250 -999.250 -999.250 -999.250 -999.250
98.584 81.886 74.733 62.492 50.981 38.711 29.724 22.351 15.574 9.800 5.071 2.141 0.000 0.000 0.000 43.351 83.044 119.832 155.814 184.808 200.745 217.432 236.170 247.852 -999.250 -999.250 -999.250 -999.250 -999.250 -999.250 -999.250 -999.250 -999.250 -999.250 -999.250 -999.250 -999.250 -999.250 -999.250 -999.250 -999.250 -999.250 -999.250 -999.250 -999.250 -999.250 -999.250 -999.250 -999.250 -999.250 -999.250 -999.250 -999.250 -999.250 -999.250 -999.250 -999.250 -999.250 -999.250 -999.250 -999.250 -999.250 -999.250 -999.250 -999.250 -999.250 -999.250
76.333 69.640 58.937 45.439 38.394 30.219 25.432 16.113 9.825 5.745 4.002 0.510 0.023 6.920 20.588 53.456 94.248 134.077 156.867 195.727 215.157 243.209 269.548 274.274 273.570 -999.250 -999.250 -999.250 -999.250 -999.250 -999.250 -999.250 -999.250 -999.250 -999.250 -999.250 -999.250 -999.250 -999.250 -999.250 -999.250 -999.250 -999.250 -999.250 -999.250 -999.250 -999.250 -999.250 -999.250 -999.250 -999.250 -999.250 -999.250 -999.250 -999.250 -999.250 -999.250 -999.250 -999.250 -999.250 -999.250 -999.250 -999.250 -999.250 -999.250 -999.250 -999.250
62.136 55.267 44.550 33.771 25.505 21.556 19.275 14.547 9.249 6.938 6.812 4.387 9.677 20.454 35.860 65.832 109.190 143.273 167.297 185.788 247.025 262.154 281.285 308.237 293.126 -999.250 -999.250 -999.250 -999.250 -999.250 -999.250 -999.250 -999.250 -999.250 -999.250 -999.250 -999.250 -999.250 -999.250 -999.250 -999.250 -999.250 -999.250 -999.250 -999.250 -999.250 -999.250 -999.250 -999.250 -999.250 -999.250 -999.250 -999.250 -999.250 -999.250 -999.250 -999.250 -999.250 -999.250 -999.250 -999.250 -999.250 -999.250 -999.250 -999.250 -999.250 -999.250
48.662 38.392 30.647 25.470 18.407 16.582 12.116 12.121 8.568 6.033 10.136 11.694 14.765 26.994 47.487 73.613 108.725 146.878 168.194 185.645 258.135 266.038 294.525 342.583 297.987 218.978 191.891 165.423 -999.250 -999.250 -999.250 -999.250 -999.250 -999.250 -999.250 -999.250 -999.250 -999.250 -999.250 -999.250 -999.250 -999.250 -999.250 -999.250 -999.250 -999.250 -999.250 -999.250 -999.250 -999.250 -999.250 -999.250 -999.250 -999.250 -999.250 -999.250 -999.250 -999.250 -999.250 -999.250 -999.250 -999.250 -999.250 -999.250 -999.250 -999.250 -999.250
35.195 28.791 26.358 20.229 15.020 10.839 7.605 8.965 6.205 4.790 6.774 12.620 17.049 31.030 55.847 78.616 114.410 135.903 170.601 184.689 239.921 269.390 279.276 293.794 266.567 207.255 165.552 139.142 122.800 -999.250 -999.250 -999.250 -999.250 -999.250 -999.250 -999.250 -999.250 -999.250 -999.250 -999.250 -999.250 -999.250 -999.250 -999.250 -999.250 -999.250 -999.250 -999.250 -999.250 -999.250 -999.250 -999.250 -999.250 -999.250 -999.250 -999.250 -999.250 -999.250 -999.250 -999.250 -999.250 -999.250 -999.250 -999.250 -999.250 -999.250 -999.250
