data/medianmodel_12-Oct-2020.asc
ncols	141
nrows	288
xllcorner	-120191.398
yllcorner	-301404.813
cellsize	2000.000
NODATA_value	-999.250
[rows 90 to 119 of 288, columns 68 to 135 of 141]
28.153 36.640 35.643 37.120 47.814 46.144 52.935 47.224 43.593 32.259 26.732 21.087 13.152 3.549 0.000 1.624 4.840 4.264 12.509 17.648 24.245 31.124 36.960 47.373 60.309 62.215 68.040 83.385 108.268 110.379 107.172 112.934 122.885 134.214 127.421 117.828 108.949 107.664 90.922 100.652 85.451 78.565 90.786 83.485 82.470 89.824 89.912 89.634 -999.250 -999.250 -999.250 -999.250 -999.250 -999.250 -999.250 -999.250 -999.250 -999.250 -999.250 -999.250 -999.250 -999.250 -999.250 -999.250 -999.250 -999.250 -999.250 -999.250
21.720 24.331 30.678 33.542 38.223 36.426 38.987 37.031 30.200 28.370 21.020 17.318 6.605 2.632 0.000 2.982 6.363 10.207 16.426 22.532 27.358 43.436 50.072 56.934 80.083 70.134 85.371 98.082 118.386 115.969 114.408 110.324 116.282 120.637 114.888 114.910 100.692 101.462 91.407 99.973 80.306 78.625 83.023 86.953 86.444 94.849 87.433 -999.250 -999.250 -999.250 -999.250 -999.250 -999.250 -999.250 -999.250 -999.250 -999.250 -999.250 -999.250 -999.250 -999.250 -999.250 -999.250 -999.250 -999.250 -999.250 -999.250 -999.250
15.114 20.841 24.843 27.382 29.169 31.325 24.560 25.687 25.867 20.512 18.386 14.908 5.366 1.047 3.436 5.937 11.290 13.844 21.946 26.354 32.152 47.632 50.755 64.653 77.206 86.334 99.287 101.678 124.137 106.822 111.447 111.670 103.771 104.637 109.021 106.550 110.841 104.312 98.131 104.167 92.540 87.269 97.480 96.064 91.961 93.968 92.355 -999.250 -999.250 -999.250 -999.250 -999.250 -999.250 -999.250 -999.250 -999.250 -999.250 -999.250 -999.250 -999.250 -999.250 -999.250 -999.250 -999.250 -999.250 -999.250 -999.250 -999.250
5.967 17.061 21.175 21.645 24.475 22.550 20.963 22.226 21.555 18.388 12.968 7.269 4.805 2.388 3.912 8.567 14.844 21.622 27.348 33.634 37.974 55.340 65.515 83.519 97.161 103.607 113.597 118.879 125.012 112.502 116.111 104.415 89.732 93.555 102.613 110.591 110.380 101.340 106.182 106.260 107.004 93.874 100.191 101.456 101.589 112.424 -999.250 -999.250 -999.250 -999.250 -999.250 -999.250 -999.250 -999.250 -999.250 -999.250 -999.250 -999.250 -999.250 -999.250 -999.250 -999.250 -999.250 -999.250 -999.250 -999.250 -999.250 -999.250
1.340 11.383 16.119 20.748 24.134 21.449 23.078 16.093 14.239 13.606 10.209 7.075 5.829 6.386 10.597 13.234 21.920 28.088 33.195 37.244 46.529 62.063 68.166 92.000 102.170 125.233 127.431 126.068 128.852 120.512 120.533 112.928 112.423 94.406 96.494 97.170 90.887 103.843 96.418 88.459 95.935 103.147 101.689 100.586 113.330 113.448 -999.250 -999.250 -999.250 -999.250 -999.250 -999.250 -999.250 -999.250 -999.250 -999.250 -999.250 -999.250 -999.250 -999.250 -999.250 -999.250 -999.250 -999.250 -999.250 -999.250 -999.250 -999.250
5.671 10.790 16.796 15.384 24.127 22.002 19.442 18.146 16.515 13.249 11.137 10.336 9.427 9.792 11.082 13.819 25.074 33.256 36.734 46.023 50.009 67.673 88.638 102.792 125.388 132.601 138.185 143.684 162.006 132.025 116.374 116.934 114.073 109.260 87.924 94.520 96.068 110.980 101.714 94.499 95.478 99.908 116.601 113.018 114.692 112.098 -999.250 -999.250 -999.250 -999.250 -999.250 -999.250 -999.250 -999.250 -999.250 -999.250 -999.250 -999.250 -999.250 -999.250 -999.250 -999.250 -999.250 -999.250 -999.250 -999.250 -999.250 -999.250
2.847 10.812 15.375 17.852 17.747 18.294 18.469 17.367 16.822 15.727 10.486 8.995 7.024 7.133 7.524 14.927 24.722 33.531 40.233 47.158 57.684 75.596 88.868 107.542 128.164 139.985 137.589 171.482 148.767 130.197 124.357 121.105 123.666 107.022 94.775 96.236 95.409 105.742 105.719 110.820 95.147 98.241 120.236 109.251 117.068 126.336 103.761 -999.250 -999.250 -999.250 -999.250 -999.250 -999.250 -999.250 -999.250 -999.250 -999.250 -999.250 -999.250 -999.250 -999.250 -999.250 -999.250 -999.250 -999.250 -999.250 -999.250 -999.250
7.813 12.666 17.445 17.843 20.782 21.488 21.961 19.818 16.892 14.772 13.341 9.921 6.657 11.324 11.922 14.947 26.801 29.232 41.447 49.800 65.915 83.497 103.314 111.707 134.494 148.504 164.806 154.951 148.260 128.444 134.391 143.949 135.578 118.799 113.649 107.279 115.384 116.187 112.473 126.805 107.119 115.368 111.810 125.496 126.207 102.993 104.422 100.198 -999.250 -999.250 -999.250 -999.250 -999.250 -999.250 -999.250 -999.250 -999.250 -999.250 -999.250 -999.250 -999.250 -999.250 -999.250 -999.250 -999.250 -999.250 -999.250 -999.250
10.240 14.188 15.991 18.358 21.850 21.423 21.915 20.939 17.590 17.502 17.408 10.119 11.523 10.435 19.149 18.369 25.216 35.606 44.502 47.474 65.779 84.358 103.365 112.193 126.412 156.299 166.954 152.550 154.358 153.694 154.560 133.409 134.608 127.718 128.342 119.219 119.709 117.875 121.723 116.476 119.499 97.650 106.335 116.861 120.945 119.360 122.395 109.790 92.283 -999.250 -999.250 -999.250 -999.250 -999.250 -999.250 -999.250 -999.250 -999.250 -999.250 -999.250 -999.250 -999.250 -999.250 -999.250 -999.250 -999.250 -999.250 -999.250
10.628 11.627 12.536 17.756 20.776 18.857 19.813 18.594 17.080 15.013 18.983 15.658 15.971 13.089 15.588 21.414 26.437 35.039 42.422 47.436 57.218 80.188 91.976 100.637 125.324 151.158 162.566 150.816 145.721 158.278 139.029 128.131 138.976 130.298 127.360 130.491 132.263 136.106 134.107 117.260 108.299 97.588 97.257 114.262 107.843 123.980 117.035 107.497 -999.250 -999.250 -999.250 -999.250 -999.250 -999.250 -999.250 -999.250 -999.250 -999.250 -999.250 -999.250 -999.250 -999.250 -999.250 -999.250 -999.250 -999.250 -999.250 -999.250
2.575 8.260 12.708 16.569 20.413 20.831 23.704 18.500 20.214 20.410 17.152 19.390 17.245 16.121 17.899 20.047 25.963 35.130 37.373 43.105 61.629 73.351 90.901 105.915 123.769 141.797 145.022 152.333 143.197 147.292 133.704 142.531 139.662 125.247 125.508 131.528 134.209 127.797 121.647 125.574 113.772 104.857 118.228 112.042 106.476 94.253 108.960 97.090 89.405 -999.250 -999.250 -999.250 -999.250 -999.250 -999.250 -999.250 -999.250 -999.250 -999.250 -999.250 -999.250 -999.250 -999.250 -999.250 -999.250 -999.250 -999.250 -999.250
1.551 4.891 11.089 14.697 19.976 20.125 22.336 22.342 22.924 19.396 16.191 19.567 21.489 17.618 20.170 20.552 24.702 28.216 32.705 42.798 56.870 74.125 87.411 101.480 106.420 123.559 127.827 142.162 141.456 136.564 134.731 116.081 129.105 117.368 118.415 137.329 123.799 126.782 129.894 120.716 123.647 101.280 99.346 103.425 104.435 117.920 103.923 -999.250 -999.250 -999.250 -999.250 -999.250 -999.250 -999.250 -999.250 -999.250 -999.250 -999.250 -999.250 -999.250 -999.250 -999.250 -999.250 -999.250 -999.250 -999.250 -999.250 -999.250
0.000 2.720 9.521 12.654 16.728 20.375 20.821 24.895 23.159 19.858 18.160 17.101 20.009 17.431 17.459 20.073 26.771 23.674 28.744 38.896 49.111 57.314 83.501 86.107 103.117 110.393 113.384 121.124 143.402 116.542 127.093 115.360 126.059 125.814 134.464 114.406 127.232 132.861 138.762 116.746 133.098 114.707 111.893 108.384 103.948 127.187 -999.250 -999.250 -999.250 -999.250 -999.250 -999.250 -999.250 -999.250 -999.250 -999.250 -999.250 -999.250 -999.250 -999.250 -999.250 -999.250 -999.250 -999.250 -999.250 -999.250 -999.250 -999.250
0.000 5.305 5.518 8.610 8.335 19.053 17.929 18.357 19.816 20.823 20.794 18.423 18.596 18.405 18.969 20.652 22.535 22.185 24.362 32.060 46.903 54.094 59.089 73.880 93.113 98.457 119.382 122.534 123.587 116.533 113.442 129.112 121.375 121.482 140.778 125.720 120.224 139.545 150.012 122.980 117.349 119.631 115.438 109.382 118.546 110.794 -999.250 -999.250 -999.250 -999.250 -999.250 -999.250 -999.250 -999.250 -999.250 -999.250 -999.250 -999.250 -999.250 -999.250 -999.250 -999.250 -999.250 -999.250 -999.250 -999.250 -999.250 -999.250
0.000 0.000 4.467 8.258 10.775 15.402 18.736 22.798 22.910 21.839 23.545 19.129 18.215 22.389 23.262 21.192 21.238 24.533 27.184 28.447 33.685 45.587 60.234 72.326 99.445 92.212 105.082 130.095 117.072 113.975 121.746 139.687 130.618 127.788 147.916 139.858 146.881 147.271 140.985 126.147 138.309 115.515 116.615 118.568 115.925 -999.250 -999.250 -999.250 -999.250 -999.250 -999.250 -999.250 -999.250 -999.250 -999.250 -999.250 -999.250 -999.250 -999.250 -999.250 -999.250 -999.250 -999.250 -999.250 -999.250 -999.250 -999.250 -999.250
0.000 0.000 0.000 5.450 11.150 14.971 16.291 21.496 26.513 22.802 22.716 23.360 23.342 24.591 18.769 22.182 19.654 23.520 25.818 29.470 29.638 35.845 57.705 63.206 84.579 96.368 102.177 125.223 118.058 127.853 131.071 150.787 162.424 147.533 147.690 157.123 161.691 147.596 135.246 137.590 127.536 -999.250 -999.250 -999.250 -999.250 -999.250 -999.250 -999.250 -999.250 -999.250 -999.250 -999.250 -999.250 -999.250 -999.250 -999.250 -999.250 -999.250 -999.250 -999.250 -999.250 -999.250 -999.250 -999.250 -999.250 -999.250 -999.250 -999.250
0.000 0.000 0.000 4.856 10.560 12.314 15.208 20.759 21.422 25.047 23.761 20.891 19.990 25.587 23.368 21.654 18.407 25.539 26.131 26.515 27.240 29.936 44.626 62.742 82.615 96.968 101.337 117.459 133.071 132.530 139.218 158.249 155.017 146.857 145.952 167.693 165.522 165.896 146.930 -999.250 -999.250 -999.250 -999.250 -999.250 -999.250 -999.250 -999.250 -999.250 -999.250 -999.250 -999.250 -999.250 -999.250 -999.250 -999.250 -999.250 -999.250 -999.250 -999.250 -999.250 -999.250 -999.250 -999.250 -999.250 -999.250 -999.250 -999.250 -999.250
7.121 0.000 1.416 2.009 10.242 12.222 13.840 17.905 23.751 27.160 21.905 23.831 19.841 19.655 20.100 17.370 20.573 22.064 24.758 26.998 31.376 29.923 46.105 58.531 73.838 92.073 100.197 107.867 125.200 149.768 149.778 158.896 162.903 174.008 169.066 169.876 178.456 144.108 149.559 -999.250 -999.250 -999.250 -999.250 -999.250 -999.250 -999.250 -999.250 -999.250 -999.250 -999.250 -999.250 -999.250 -999.250 -999.250 -999.250 -999.250 -999.250 -999.250 -999.250 -999.250 -999.250 -999.250 -999.250 -999.250 -999.250 -999.250 -999.250 -999.250
18.183 7.180 1.036 1.622 6.743 10.586 14.652 19.561 20.564 26.741 23.579 29.217 28.239 22.195 21.817 18.200 24.895 19.461 24.560 27.999 26.679 34.595 43.821 58.814 72.913 98.845 93.758 103.864 128.563 128.046 153.124 144.805 163.095 183.560 194.860 201.707 170.349 168.560 158.877 -999.250 -999.250 -999.250 -999.250 -999.250 -999.250 -999.250 -999.250 -999.250 -999.250 -999.250 -999.250 -999.250 -999.250 -999.250 -999.250 -999.250 -999.250 -999.250 -999.250 -999.250 -999.250 -999.250 -999.250 -999.250 -999.250 -999.250 -999.250 -999.250
25.117 15.835 9.667 4.775 5.399 7.366 11.585 15.756 19.107 21.979 26.091 26.302 25.653 20.059 21.505 23.615 23.417 24.648 28.612 29.254 28.265 29.931 41.639 63.382 76.906 83.190 95.452 108.003 109.408 130.163 135.912 148.897 164.201 179.122 185.145 210.305 197.608 167.377 146.114 -999.250 -999.250 -999.250 -999.250 -999.250 -999.250 -999.250 -999.250 -999.250 -999.250 -999.250 -999.250 -999.250 -999.250 -999.250 -999.250 -999.250 -999.250 -999.250 -999.250 -999.250 -999.250 -999.250 -999.250 -999.250 -999.250 -999.250 -999.250 -999.250
33.176 22.576 10.453 7.946 4.791 8.010 9.408 16.452 22.392 24.955 25.098 29.492 26.350 27.282 22.161 20.383 24.189 23.074 26.706 33.969 31.785 35.964 41.971 57.373 58.844 85.106 91.303 106.832 108.877 120.733 141.737 131.497 155.917 172.783 182.258 177.698 176.969 157.939 145.028 -999.250 -999.250 -999.250 -999.250 -999.250 -999.250 -999.250 -999.250 -999.250 -999.250 -999.250 -999.250 -999.250 -999.250 -999.250 -999.250 -999.250 -999.250 -999.250 -999.250 -999.250 -999.250 -999.250 -999.250 -999.250 -999.250 -999.250 -999.250 -999.250
41.273 23.425 14.150 5.965 7.105 9.405 10.345 14.026 21.879 21.859 28.548 27.735 29.587 27.898 26.314 25.819 27.407 26.666 29.486 31.314 29.741 34.312 41.540 55.748 72.124 70.811 85.779 98.132 102.006 109.615 116.066 134.447 146.014 154.296 183.721 185.812 174.004 158.663 154.415 -999.250 -999.250 -999.250 -999.250 -999.250 -999.250 -999.250 -999.250 -999.250 -999.250 -999.250 -999.250 -999.250 -999.250 -999.250 -999.250 -999.250 -999.250 -999.250 -999.250 -999.250 -999.250 -999.250 -999.250 -999.250 -999.250 -999.250 -999.250 -999.250
51.708 34.003 17.410 13.461 5.644 14.102 14.082 15.765 18.176 26.110 32.051 33.018 29.243 29.880 29.909 30.552 28.830 29.051 28.508 30.767 31.547 39.174 45.575 54.728 69.137 73.389 75.335 93.799 106.892 111.664 146.448 147.672 153.485 163.688 176.018 173.938 171.387 141.079 146.308 128.567 116.601 -999.250 -999.250 -999.250 -999.250 -999.250 -999.250 -999.250 -999.250 -999.250 -999.250 -999.250 -999.250 -999.250 -999.250 -999.250 -999.250 -999.250 -999.250 -999.250 -999.250 -999.250 -999.250 -999.250 -999.250 -999.250 -999.250 -999.250
57.192 33.497 24.771 16.100 10.075 10.917 11.020 19.495 22.116 23.997 33.414 35.112 30.662 36.771 31.511 32.246 33.878 26.511 34.823 38.597 34.377 43.349 50.832 57.361 67.055 81.688 87.230 95.913 105.535 115.799 128.098 134.323 140.153 153.523 161.665 161.856 157.681 150.455 129.622 131.325 107.834 101.038 107.690 -999.250 -999.250 -999.250 -999.250 -999.250 -999.250 -999.250 -999.250 -999.250 -999.250 -999.250 -999.250 -999.250 -999.250 -999.250 -999.250 -999.250 -999.250 -999.250 -999.250 -999.250 -999.250 -999.250 -999.250 -999.250
57.887 39.893 24.964 18.908 10.268 8.540 13.694 17.611 19.742 22.164 31.123 34.893 37.879 43.776 35.741 33.543 30.958 37.506 33.354 42.542 45.829 44.387 60.978 55.141 67.411 85.038 104.626 98.056 116.988 117.459 121.571 150.925 141.456 145.310 151.569 161.559 146.878 117.392 121.682 111.938 110.743 107.188 94.866 -999.250 -999.250 -999.250 -999.250 -999.250 -999.250 -999.250 -999.250 -999.250 -999.250 -999.250 -999.250 -999.250 -999.250 -999.250 -999.250 -999.250 -999.250 -999.250 -999.250 -999.250 -999.250 -999.250 -999.250 -999.250
60.880 42.228 27.911 18.505 16.444 12.562 10.556 19.643 19.762 23.273 30.463 29.611 32.388 32.776 34.902 36.037 34.625 44.499 47.906 45.700 48.662 56.873 50.463 51.486 64.241 87.048 89.204 105.549 110.957 121.573 129.152 129.990 148.407 146.049 141.416 150.636 142.534 132.813 121.393 119.021 109.174 112.757 107.272 103.954 -999.250 -999.250 -999.250 -999.250 -999.250 -999.250 -999.250 -999.250 -999.250 -999.250 -999.250 -999.250 -999.250 -999.250 -999.250 -999.250 -999.250 -999.250 -999.250 -999.250 -999.250 -999.250 -999.250 -999.250
76.549 43.369 28.834 18.829 14.626 16.160 17.774 21.607 19.771 24.695 25.128 30.096 30.475 33.864 36.449 43.110 42.281 39.100 51.975 54.148 48.709 61.645 54.674 59.758 81.588 74.311 92.589 97.584 109.859 113.934 137.600 130.450 131.010 137.594 151.179 148.319 134.988 125.903 117.395 94.602 114.950 111.372 98.401 114.839 114.569 -999.250 -999.250 -999.250 -999.250 -999.250 -999.250 -999.250 -999.250 -999.250 -999.250 -999.250 -999.250 -999.250 -999.250 -999.250 -999.250 -999.250 -999.250 -999.250 -999.250 -999.250 -999.250 -999.250
61.305 41.754 29.635 22.412 17.854 19.444 15.527 20.127 25.654 24.598 31.399 35.363 34.514 39.648 33.873 39.090 49.788 44.605 46.122 58.625 59.218 52.045 53.355 63.233 82.588 83.269 90.943 105.306 108.507 125.419 129.592 125.431 133.204 117.606 132.446 128.622 123.161 112.900 105.843 109.681 97.842 99.097 97.251 100.334 109.416 -999.250 -999.250 -999.250 -999.250 -999.250 -999.250 -999.250 -999.250 -999.250 -999.250 -999.250 -999.250 -999.250 -999.250 -999.250 -999.250 -999.250 -999.250 -999.250 -999.250 -999.250 -999.250 -999.250
46.815 34.848 30.331 22.244 19.253 19.023 20.116 21.845 22.066 22.401 29.767 34.611 35.436 40.777 34.591 37.129 40.839 42.130 52.891 53.235 68.282 58.459 59.018 71.713 78.821 86.548 99.357 98.099 108.917 114.447 116.172 116.756 130.725 117.401 120.288 120.151 115.967 102.039 100.409 92.907 80.626 80.434 87.582 83.650 94.294 90.356 -999.250 -999.250 -999.250 -999.250 -999.250 -999.250 -999.250 -999.250 -999.250 -999.250 -999.250 -999.250 -999.250 -999.250 -999.250 -999.250 -999.250 -999.250 -999.250 -999.250 -999.250 -999.250
36.764 31.284 25.447 19.803 21.694 17.113 22.178 25.615 24.956 28.765 27.711 32.716 50.083 43.713 39.704 53.408 48.713 48.099 48.817 54.621 55.453 57.722 63.280 70.237 65.271 85.226 83.730 100.450 100.875 111.582 113.694 105.424 115.261 109.087 104.848 112.904 110.911 87.314 93.722 79.507 76.304 72.587 94.391 78.822 76.840 -999.250 -999.250 -999.250 -999.250 -999.250 -999.250 -999.250 -999.250 -999.250 -999.250 -999.250 -999.250 -999.250 -999.250 -999.250 -999.250 -999.250 -999.250 -999.250 -999.250 -999.250 -999.250 -999.250
