data/medianmodel_11-Jan-2021.asc
ncols	141
nrows	288
xllcorner	-120191.398
yllcorner	-301404.813
cellsize	2000.000
NODATA_value	-999.250
[rows 196 to 223 of 288, columns 64 to 127 of 141]
936.307 926.619 904.490 880.036 918.881 901.100 866.839 861.826 876.350 862.818 871.227 870.149 856.372 871.332 844.298 829.338 833.247 874.541 859.982 873.322 896.338 922.623 907.935 930.011 961.247 989.644 1008.326 1007.553 963.316 972.226 980.734 1008.141 1017.184 988.185 -999.250 -999.250 -999.250 -999.250 -999.250 -999.250 -999.250 -999.250 -999.250 -999.250 -999.250 -999.250 -999.250 -999.250 -999.250 -999.250 -999.250 -999.250 -999.250 -999.250 -999.250 -999.250 -999.250 -999.250 -999.250 -999.250 -999.250 -999.250 -999.250 -999.250
943.214 917.722 892.492 882.035 905.272 891.872 866.952 891.372 875.959 846.393 848.840 841.275 856.249 855.085 858.291 867.676 825.702 872.806 898.064 878.161 884.140 905.117 937.753 966.422 966.555 997.006 997.370 1004.187 989.534 991.031 972.161 996.539 1019.551 -999.250 -999.250 -999.250 -999.250 -999.250 -999.250 -999.250 -999.250 -999.250 -999.250 -999.250 -999.250 -999.250 -999.250 -999.250 -999.250 -999.250 -999.250 -999.250 -999.250 -999.250 -999.250 -999.250 -999.250 -999.250 -999.250 -999.250 -999.250 -999.250 -999.250 -999.250
932.239 895.934 892.995 906.577 906.851 919.356 877.292 859.356 864.072 835.723 833.195 842.266 859.409 857.421 865.017 850.011 839.680 857.271 875.450 872.421 882.117 929.327 942.635 941.748 958.565 977.586 975.865 996.298 999.540 980.062 995.480 1007.234 -999.250 -999.250 -999.250 -999.250 -999.250 -999.250 -999.250 -999.250 -999.250 -999.250 -999.250 -999.250 -999.250 -999.250 -999.250 -999.250 -999.250 -999.250 -999.250 -999.250 -999.250 -999.250 -999.250 -999.250 -999.250 -999.250 -999.250 -999.250 -999.250 -999.250 -999.250 -999.250
1006.290 945.312 949.483 928.353 920.019 921.318 882.444 861.565 869.264 858.060 836.579 852.000 878.082 853.861 846.375 863.386 853.285 868.599 900.610 895.300 888.471 899.036 947.341 976.053 963.985 995.455 1008.423 1017.512 989.510 976.891 1006.576 1010.534 -999.250 -999.250 -999.250 -999.250 -999.250 -999.250 -999.250 -999.250 -999.250 -999.250 -999.250 -999.250 -999.250 -999.250 -999.250 -999.250 -999.250 -999.250 -999.250 -999.250 -999.250 -999.250 -999.250 -999.250 -999.250 -999.250 -999.250 -999.250 -999.250 -999.250 -999.250 -999.250
980.015 967.820 965.901 950.952 942.879 917.851 926.545 916.740 889.332 893.065 839.584 883.644 857.956 882.400 856.875 851.056 871.670 861.824 914.831 910.730 905.804 921.572 968.667 943.383 966.203 1024.301 1013.301 992.800 1005.277 989.548 1047.803 1094.470 -999.250 -999.250 -999.250 -999.250 -999.250 -999.250 -999.250 -999.250 -999.250 -999.250 -999.250 -999.250 -999.250 -999.250 -999.250 -999.250 -999.250 -999.250 -999.250 -999.250 -999.250 -999.250 -999.250 -999.250 -999.250 -999.250 -999.250 -999.250 -999.250 -999.250 -999.250 -999.250
994.014 1008.690 1043.061 1014.289 952.813 947.307 956.506 921.671 897.402 882.696 900.167 888.252 903.796 902.403 894.147 894.736 889.505 906.934 948.280 952.182 968.453 943.334 985.274 973.393 1029.966 1036.367 1029.933 1004.375 1066.331 1000.149 1032.665 1049.248 -999.250 -999.250 -999.250 -999.250 -999.250 -999.250 -999.250 -999.250 -999.250 -999.250 -999.250 -999.250 -999.250 -999.250 -999.250 -999.250 -999.250 -999.250 -999.250 -999.250 -999.250 -999.250 -999.250 -999.250 -999.250 -999.250 -999.250 -999.250 -999.250 -999.250 -999.250 -999.250
1036.787 1054.831 1087.497 1048.049 1035.589 1003.942 965.176 979.646 977.476 967.099 903.910 885.421 890.237 936.610 925.661 961.654 927.091 954.398 959.475 976.863 961.844 1025.092 1054.817 1029.793 1029.578 1035.005 1054.140 1044.160 1061.871 1134.378 1105.675 -999.250 -999.250 -999.250 -999.250 -999.250 -999.250 -999.250 -999.250 -999.250 -999.250 -999.250 -999.250 -999.250 -999.250 -999.250 -999.250 -999.250 -999.250 -999.250 -999.250 -999.250 -999.250 -999.250 -999.250 -999.250 -999.250 -999.250 -999.250 -999.250 -999.250 -999.250 -999.250 -999.250
1145.784 1148.770 1154.025 1104.147 1078.607 1052.175 1018.784 1042.630 1001.591 986.356 994.469 950.319 966.105 948.965 1004.230 1013.958 1005.677 1022.671 1031.506 1031.394 1033.650 1126.204 1138.130 1106.392 1086.340 1106.757 1087.185 1097.448 1102.688 1120.425 1206.748 -999.250 -999.250 -999.250 -999.250 -999.250 -999.250 -999.250 -999.250 -999.250 -999.250 -999.250 -999.250 -999.250 -999.250 -999.250 -999.250 -999.250 -999.250 -999.250 -999.250 -999.250 -999.250 -999.250 -999.250 -999.250 -999.250 -999.250 -999.250 -999.250 -999.250 -999.250 -999.250 -999.250
1222.170 1227.835 1229.458 1194.378 1184.741 1124.519 1134.612 1098.968 1030.133 1112.169 1109.318 1045.342 1011.927 1014.807 1032.270 1043.038 1058.727 1050.838 1098.451 1129.183 1216.611 1296.314 1261.066 1184.014 1141.343 1119.790 1127.394 1149.783 1206.556 1190.821 1219.605 1245.142 -999.250 -999.250 -999.250 -999.250 -999.250 -999.250 -999.250 -999.250 -999.250 -999.250 -999.250 -999.250 -999.250 -999.250 -999.250 -999.250 -999.250 -999.250 -999.250 -999.250 -999.250 -999.250 -999.250 -999.250 -999.250 -999.250 -999.250 -999.250 -999.250 -999.250 -999.250 -999.250
1314.804 1339.715 1305.145 1319.407 1300.013 1292.013 1212.531 1234.083 1116.832 1145.811 1182.964 1154.531 1137.386 1113.263 1140.697 1114.670 1171.894 1170.110 1170.684 1255.920 1306.193 1354.494 1312.414 1264.207 1195.475 1154.662 1131.607 1161.215 1186.447 1190.789 1257.739 -999.250 -999.250 -999.250 -999.250 -999.250 -999.250 -999.250 -999.250 -999.250 -999.250 -999.250 -999.250 -999.250 -999.250 -999.250 -999.250 -999.250 -999.250 -999.250 -999.250 -999.250 -999.250 -999.250 -999.250 -999.250 -999.250 -999.250 -999.250 -999.250 -999.250 -999.250 -999.250 -999.250
1357.224 1398.775 1405.637 1374.289 1386.066 1404.599 1338.879 1302.481 1274.306 1237.426 1247.687 1218.563 1169.803 1141.013 1160.920 1187.479 1168.290 1171.204 1208.828 1318.765 1352.617 1477.783 1369.206 1257.962 1236.557 1201.120 1193.534 1256.928 1236.329 1219.201 1239.969 1298.516 -999.250 -999.250 -999.250 -999.250 -999.250 -999.250 -999.250 -999.250 -999.250 -999.250 -999.250 -999.250 -999.250 -999.250 -999.250 -999.250 -999.250 -999.250 -999.250 -999.250 -999.250 -999.250 -999.250 -999.250 -999.250 -999.250 -999.250 -999.250 -999.250 -999.250 -999.250 -999.250
1519.595 1509.463 1527.004 1522.408 1619.543 1512.226 1420.041 1391.156 1352.901 1402.342 1311.365 1346.259 1256.593 1211.787 1214.443 1221.386 1186.023 1220.290 1265.899 1333.616 1376.631 1393.397 1359.438 1309.038 1259.569 1228.976 1235.923 1238.021 1265.667 1236.256 1317.968 1350.705 1335.511 -999.250 -999.250 -999.250 -999.250 -999.250 -999.250 -999.250 -999.250 -999.250 -999.250 -999.250 -999.250 -999.250 -999.250 -999.250 -999.250 -999.250 -999.250 -999.250 -999.250 -999.250 -999.250 -999.250 -999.250 -999.250 -999.250 -999.250 -999.250 -999.250 -999.250 -999.250
1700.809 1656.346 1728.507 1689.344 1715.868 1642.414 1606.735 1539.155 1439.370 1427.394 1426.348 1346.408 1313.930 1304.964 1274.223 1228.368 1211.508 1253.276 1297.537 1307.493 1390.436 1368.111 1346.463 1327.671 1245.775 1293.474 1254.933 1271.765 1233.805 1277.399 1285.075 1303.394 1378.533 -999.250 -999.250 -999.250 -999.250 -999.250 -999.250 -999.250 -999.250 -999.250 -999.250 -999.250 -999.250 -999.250 -999.250 -999.250 -999.250 -999.250 -999.250 -999.250 -999.250 -999.250 -999.250 -999.250 -999.250 -999.250 -999.250 -999.250 -999.250 -999.250 -999.250 -999.250
1866.278 1864.205 1794.146 1766.936 1737.377 1718.728 1661.379 1573.903 1497.984 1524.220 1439.862 1423.422 1357.175 1355.726 1322.368 1279.555 1258.263 1269.748 1276.823 1341.563 1375.874 1359.074 1371.872 1296.924 1285.923 1253.928 1257.931 1223.152 1221.708 1246.988 1297.417 1320.381 1428.571 1359.112 -999.250 -999.250 -999.250 -999.250 -999.250 -999.250 -999.250 -999.250 -999.250 -999.250 -999.250 -999.250 -999.250 -999.250 -999.250 -999.250 -999.250 -999.250 -999.250 -999.250 -999.250 -999.250 -999.250 -999.250 -999.250 -999.250 -999.250 -999.250 -999.250 -999.250
2001.588 2004.663 2102.200 1944.758 1852.347 1746.572 1836.379 1807.126 1755.128 1599.006 1490.703 1502.370 1474.312 1448.487 1342.427 1310.890 1311.077 1257.806 1268.412 1312.358 1353.968 1334.494 1257.339 1251.092 1239.445 1237.592 1237.236 1198.616 1186.216 1269.675 1248.725 1288.076 1357.051 1308.100 1262.574 -999.250 -999.250 -999.250 -999.250 -999.250 -999.250 -999.250 -999.250 -999.250 -999.250 -999.250 -999.250 -999.250 -999.250 -999.250 -999.250 -999.250 -999.250 -999.250 -999.250 -999.250 -999.250 -999.250 -999.250 -999.250 -999.250 -999.250 -999.250 -999.250
2014.507 2196.307 2131.473 2169.385 2088.023 2121.625 1873.451 1980.642 2046.469 1807.281 1673.741 1590.687 1477.446 1500.500 1464.136 1398.876 1370.394 1318.721 1314.546 1323.263 1355.579 1339.652 1274.267 1217.953 1195.152 1226.368 1211.109 1207.703 1200.489 1192.644 1211.394 1257.738 1298.198 1282.327 1175.703 1155.669 -999.250 -999.250 -999.250 -999.250 -999.250 -999.250 -999.250 -999.250 -999.250 -999.250 -999.250 -999.250 -999.250 -999.250 -999.250 -999.250 -999.250 -999.250 -999.250 -999.250 -999.250 -999.250 -999.250 -999.250 -999.250 -999.250 -999.250 -999.250
1894.218 2050.664 2117.049 2163.947 2151.664 2046.379 2175.646 2060.776 2051.205 1938.253 1812.385 1749.272 1643.699 1551.163 1548.426 1430.319 1388.565 1309.446 1258.837 1295.543 1260.358 1254.103 1253.588 1197.989 1145.405 1118.436 1182.107 1116.378 1214.166 1148.874 1155.243 1175.359 1209.511 1206.139 1174.633 1129.233 1070.672 -999.250 -999.250 -999.250 -999.250 -999.250 -999.250 -999.250 -999.250 -999.250 -999.250 -999.250 -999.250 -999.250 -999.250 -999.250 -999.250 -999.250 -999.250 -999.250 -999.250 -999.250 -999.250 -999.250 -999.250 -999.250 -999.250 -999.250
1724.443 1912.502 2098.257 2273.923 2262.273 2282.708 2333.369 2250.054 2123.340 1970.438 1908.081 1824.560 1613.053 1632.486 1647.220 1492.461 1432.712 1346.919 1326.143 1306.806 1273.124 1230.684 1198.525 1189.744 1142.424 1140.971 1142.228 1131.852 1155.629 1134.734 1165.313 1141.332 1117.440 1151.142 1077.652 1071.392 1044.196 -999.250 -999.250 -999.250 -999.250 -999.250 -999.250 -999.250 -999.250 -999.250 -999.250 -999.250 -999.250 -999.250 -999.250 -999.250 -999.250 -999.250 -999.250 -999.250 -999.250 -999.250 -999.250 -999.250 -999.250 -999.250 -999.250 -999.250
1633.046 1842.879 2124.805 2308.026 2357.680 2401.721 2525.920 2377.749 2280.581 2216.085 1999.508 1797.294 1606.236 1571.427 1495.839 1500.761 1469.265 1371.542 1343.173 1348.291 1288.523 1255.758 1226.206 1105.867 1122.002 1124.222 1106.800 1137.072 1081.773 1079.038 1091.929 1065.030 1084.841 1058.055 1051.038 1019.075 1015.301 948.874 -999.250 -999.250 -999.250 -999.250 -999.250 -999.250 -999.250 -999.250 -999.250 -999.250 -999.250 -999.250 -999.250 -999.250 -999.250 -999.250 -999.250 -999.250 -999.250 -999.250 -999.250 -999.250 -999.250 -999.250 -999.250 -999.250
1496.593 1681.141 2050.546 2251.826 2580.595 2789.897 2766.997 2828.017 2581.457 2256.330 2103.847 1738.788 1615.974 1533.646 1503.137 1521.180 1482.977 1383.196 1361.171 1301.298 1260.593 1247.639 1177.548 1169.359 1092.633 1091.840 1090.766 1037.881 1012.045 1039.067 1066.036 1043.511 1035.723 1019.199 987.049 973.244 961.445 923.882 904.676 -999.250 -999.250 -999.250 -999.250 -999.250 -999.250 -999.250 -999.250 -999.250 -999.250 -999.250 -999.250 -999.250 -999.250 -999.250 -999.250 -999.250 -999.250 -999.250 -999.250 -999.250 -999.250 -999.250 -999.250 -999.250
1445.718 1558.314 2099.049 2606.928 3095.103 3299.818 3563.391 3155.456 2815.932 2351.872 2128.691 1823.262 1577.891 1523.944 1447.794 1483.830 1463.529 1432.781 1382.756 1238.063 1209.266 1167.762 1141.193 1094.035 1062.652 1024.000 1033.247 1004.369 994.327 1022.101 1017.152 1014.063 999.470 1001.975 970.831 943.500 931.823 896.667 845.249 -999.250 -999.250 -999.250 -999.250 -999.250 -999.250 -999.250 -999.250 -999.250 -999.250 -999.250 -999.250 -999.250 -999.250 -999.250 -999.250 -999.250 -999.250 -999.250 -999.250 -999.250 -999.250 -999.250 -999.250 -999.250
1407.186 1453.371 2146.208 2734.916 3475.778 3834.094 3752.886 3742.603 3160.470 2770.641 2154.895 1778.584 1659.783 1542.352 1478.260 1410.426 1411.218 1349.610 1319.113 1234.569 1148.723 1130.803 1141.452 1048.008 1015.814 993.023 981.951 975.663 943.012 972.656 979.627 980.141 957.056 932.368 957.015 900.295 888.235 870.332 809.358 -999.250 -999.250 -999.250 -999.250 -999.250 -999.250 -999.250 -999.250 -999.250 -999.250 -999.250 -999.250 -999.250 -999.250 -999.250 -999.250 -999.250 -999.250 -999.250 -999.250 -999.250 -999.250 -999.250 -999.250 -999.250
1541.910 1772.714 2320.475 3127.568 3900.720 4087.469 4155.419 4003.048 3767.762 3060.758 2464.850 2027.676 1829.866 1608.140 1425.126 1427.639 1344.647 1285.713 1213.605 1156.697 1123.292 1081.942 1078.734 1016.904 982.918 932.278 943.076 923.183 920.119 902.249 953.673 928.678 912.380 896.055 895.939 884.561 839.161 802.783 778.548 720.247 -999.250 -999.250 -999.250 -999.250 -999.250 -999.250 -999.250 551.847 -999.250 -999.250 -999.250 -999.250 -999.250 -999.250 -999.250 -999.250 -999.250 -999.250 -999.250 -999.250 -999.250 -999.250 -999.250 -999.250
1896.881 2269.769 2906.938 3631.892 4133.648 4434.279 4778.592 4579.565 4052.520 3501.786 2610.408 2235.875 2012.477 1662.826 1530.366 1411.405 1391.936 1311.265 1237.857 1132.015 1097.037 1053.601 1018.609 1002.569 967.727 897.701 911.818 889.361 869.053 888.847 886.852 880.830 868.971 861.327 849.249 833.038 831.837 771.744 677.748 625.774 596.274 -999.250 -999.250 -999.250 538.321 519.810 547.661 547.151 -999.250 -999.250 -999.250 -999.250 -999.250 -999.250 -999.250 -999.250 -999.250 -999.250 -999.250 -999.250 -999.250 -999.250 -999.250 -999.250
2159.847 2448.895 3239.243 3837.989 4259.244 5016.545 5505.985 4964.881 4219.122 3728.892 2918.765 2377.216 2071.902 1776.950 1627.897 1438.103 1355.267 1275.214 1194.630 1129.269 1099.598 1034.531 1008.284 942.036 896.764 873.906 860.475 867.028 860.434 858.378 844.310 815.262 780.147 830.006 786.327 806.608 728.522 700.321 671.743 643.125 577.815 -999.250 533.893 519.227 519.671 531.685 529.432 -999.250 -999.250 -999.250 -999.250 -999.250 -999.250 -999.250 -999.250 -999.250 -999.250 -999.250 -999.250 -999.250 -999.250 -999.250 -999.250 -999.250
2232.951 2635.456 3317.509 3923.685 4194.707 4800.052 5008.760 4725.495 4116.353 3801.965 3098.956 2639.947 2181.340 1885.775 1772.277 1458.731 1389.027 1276.213 1137.289 1107.124 1027.909 991.500 945.076 890.407 873.561 866.339 824.877 825.503 853.940 829.717 797.982 801.888 782.329 782.555 771.729 715.496 702.660 628.061 650.402 621.112 578.455 554.988 523.111 489.596 500.197 512.941 526.551 -999.250 -999.250 -999.250 -999.250 -999.250 -999.250 -999.250 -999.250 -999.250 -999.250 -999.250 -999.250 -999.250 -999.250 -999.250 -999.250 -999.250
2383.407 2777.233 3484.970 3857.749 4106.710 4267.835 4293.521 4109.544 4027.453 3738.974 2959.537 2501.941 2152.332 1856.732 1745.528 1509.754 1348.543 1224.835 1134.784 1014.863 976.724 984.343 911.669 900.396 847.776 827.645 823.132 833.227 838.315 789.918 763.030 766.843 769.341 766.220 681.398 701.226 692.343 614.150 587.232 557.314 549.562 542.724 502.753 484.125 497.780 513.024 550.272 -999.250 -999.250 -999.250 -999.250 -999.250 -999.250 -999.250 -999.250 -999.250 -999.250 -999.250 -999.250 -999.250 -999.250 -999.250 -999.250 -999.250
2151.633 2680.303 3081.052 3502.404 3932.040 3988.243 4042.018 3965.451 3751.179 3434.958 2952.594 2369.534 2106.007 1817.398 1559.358 1431.621 1331.454 1164.403 1114.670 989.592 939.402 915.753 857.223 845.066 813.830 810.254 784.733 772.061 767.696 724.385 718.484 740.455 689.706 724.231 700.016 656.965 597.370 589.527 559.416 559.772 515.130 536.796 505.585 503.282 481.058 541.611 521.830 -999.250 -999.250 -999.250 -999.250 -999.250 -999.250 -999.250 -999.250 -999.250 -999.250 -999.250 -999.250 -999.250 -999.250 -999.250 -999.250 -999.250
