data/medianmodel_21-Jan-2021.asc
ncols	141
nrows	288
xllcorner	-120191.398
yllcorner	-301404.813
cellsize	2000.000
NODATA_value	-999.250
[rows 140 to 167 of 288, columns 63 to 125 of 141]
1346.781 1414.652 1474.724 1417.045 1330.320 1273.383 1201.342 1126.591 998.433 989.427 974.024 950.024 951.903 975.476 987.933 1010.679 1130.968 1211.487 1298.220 1462.038 1622.440 1724.855 1817.066 -999.250 -999.250 -999.250 -999.250 -999.250 -999.250 -999.250 -999.250 -999.250 -999.250 -999.250 -999.250 -999.250 -999.250 -999.250 -999.250 -999.250 -999.250 -999.250 -999.250 -999.250 -999.250 -999.250 -999.250 -999.250 -999.250 -999.250 -999.250 -999.250 -999.250 -999.250 -999.250 -999.250 -999.250 -999.250 -999.250 -999.250 -999.250 -999.250 -999.250
1486.293 1617.620 1614.778 1528.935 1403.883 1311.767 1267.630 1165.592 1101.381 1043.274 1008.861 980.604 996.341 1007.764 1048.376 1119.132 1225.263 1303.406 1403.479 1603.608 1728.331 1843.165 1986.834 2102.961 -999.250 -999.250 -999.250 -999.250 -999.250 -999.250 -999.250 -999.250 -999.250 -999.250 -999.250 -999.250 -999.250 -999.250 -999.250 -999.250 -999.250 -999.250 -999.250 -999.250 -999.250 -999.250 -999.250 -999.250 -999.250 -999.250 -999.250 -999.250 -999.250 -999.250 -999.250 -999.250 -999.250 -999.250 -999.250 -999.250 -999.250 -999.250 -999.250
1625.507 1835.009 1682.871 1532.080 1433.400 1298.071 1284.158 1219.942 1135.799 1105.149 1073.491 1025.363 1053.359 1116.658 1164.721 1212.122 1305.553 1393.580 1572.690 1687.501 1841.498 2027.616 2215.056 2524.589 2438.412 -999.250 -999.250 -999.250 -999.250 -999.250 -999.250 -999.250 -999.250 -999.250 -999.250 -999.250 -999.250 -999.250 -999.250 -999.250 -999.250 -999.250 -999.250 -999.250 -999.250 -999.250 -999.250 -999.250 -999.250 -999.250 -999.250 -999.250 -999.250 -999.250 -999.250 -999.250 -999.250 -999.250 -999.250 -999.250 -999.250 -999.250 -999.250
1569.073 1688.985 1607.590 1511.040 1391.031 1324.500 1299.086 1228.132 1147.479 1117.976 1156.160 1153.951 1111.377 1183.804 1219.451 1288.511 1359.017 1513.480 1604.843 1778.145 1956.739 2216.476 2423.662 2485.869 2574.606 2756.471 -999.250 -999.250 -999.250 -999.250 -999.250 -999.250 -999.250 -999.250 -999.250 -999.250 -999.250 -999.250 -999.250 -999.250 -999.250 -999.250 -999.250 -999.250 -999.250 -999.250 -999.250 -999.250 -999.250 -999.250 -999.250 -999.250 -999.250 -999.250 -999.250 -999.250 -999.250 -999.250 -999.250 -999.250 -999.250 -999.250 -999.250
1384.885 1478.423 1543.371 1427.392 1344.083 1293.785 1250.232 1245.669 1169.543 1156.018 1198.570 1190.337 1198.993 1224.613 1287.880 1345.935 1445.633 1565.608 1714.868 1812.525 2042.031 2240.205 2435.980 2605.171 2764.189 2895.128 -999.250 -999.250 -999.250 -999.250 -999.250 -999.250 -999.250 -999.250 -999.250 -999.250 -999.250 -999.250 -999.250 -999.250 -999.250 -999.250 -999.250 -999.250 -999.250 -999.250 -999.250 -999.250 -999.250 -999.250 -999.250 -999.250 -999.250 -999.250 -999.250 -999.250 -999.250 -999.250 -999.250 -999.250 -999.250 -999.250 -999.250
1310.339 1390.959 1388.562 1343.933 1328.857 1254.478 1246.097 1190.895 1179.894 1207.974 1249.683 1230.250 1235.499 1285.745 1298.303 1406.221 1558.187 1634.573 1748.886 1862.027 2053.304 2315.039 2544.582 2663.553 2816.398 2964.028 2960.514 2978.759 -999.250 -999.250 -999.250 -999.250 -999.250 -999.250 -999.250 -999.250 -999.250 -999.250 -999.250 -999.250 -999.250 -999.250 -999.250 -999.250 -999.250 -999.250 -999.250 -999.250 -999.250 -999.250 -999.250 -999.250 -999.250 -999.250 -999.250 -999.250 -999.250 -999.250 -999.250 -999.250 -999.250 -999.250 -999.250
1248.802 1326.681 1301.773 1282.396 1259.469 1260.228 1195.285 1191.034 1182.998 1210.055 1245.689 1224.653 1252.887 1338.081 1418.966 1507.717 1570.609 1749.491 1811.503 1946.047 2293.263 2433.722 2681.866 2803.327 2881.656 2998.601 3246.365 3181.238 3059.095 -999.250 -999.250 -999.250 -999.250 -999.250 -999.250 -999.250 -999.250 -999.250 -999.250 -999.250 -999.250 -999.250 -999.250 -999.250 -999.250 -999.250 -999.250 -999.250 -999.250 -999.250 -999.250 -999.250 -999.250 -999.250 -999.250 -999.250 -999.250 -999.250 -999.250 -999.250 -999.250 -999.250 -999.250
1220.284 1274.621 1286.786 1271.696 1215.541 1171.777 1154.908 1116.827 1171.606 1168.704 1248.616 1277.671 1366.108 1403.497 1480.931 1573.314 1647.105 1700.646 1809.700 2131.875 2280.497 2564.974 2650.208 2731.789 2942.234 3062.290 3201.558 3260.825 3085.662 -999.250 -999.250 -999.250 -999.250 -999.250 -999.250 -999.250 -999.250 -999.250 -999.250 -999.250 -999.250 -999.250 -999.250 -999.250 -999.250 -999.250 -999.250 -999.250 -999.250 -999.250 -999.250 -999.250 -999.250 -999.250 -999.250 -999.250 -999.250 -999.250 -999.250 -999.250 -999.250 -999.250 -999.250
1215.057 1249.830 1218.892 1222.216 1208.674 1142.737 1011.339 1103.904 1146.948 1222.768 1284.513 1293.151 1368.188 1399.799 1511.867 1626.142 1639.362 1675.389 1790.628 2021.983 2262.165 2502.079 2647.499 2758.965 3007.273 2993.091 3274.825 3425.831 3030.081 2759.532 2487.377 2089.512 -999.250 -999.250 -999.250 -999.250 -999.250 -999.250 -999.250 -999.250 -999.250 -999.250 -999.250 -999.250 -999.250 -999.250 -999.250 -999.250 -999.250 -999.250 -999.250 -999.250 -999.250 -999.250 -999.250 -999.250 -999.250 -999.250 -999.250 -999.250 -999.250 -999.250 -999.250
1222.511 1252.782 1263.462 1270.052 1201.084 1091.197 1057.587 1127.203 1175.971 1274.094 1315.278 1369.538 1342.654 1387.415 1509.835 1584.284 1629.039 1696.768 1776.972 1905.818 2202.608 2290.117 2383.483 2806.084 2762.013 2909.154 2976.865 3036.118 2866.771 2549.066 2249.997 1942.525 1781.007 -999.250 -999.250 -999.250 -999.250 -999.250 -999.250 -999.250 -999.250 -999.250 -999.250 -999.250 -999.250 -999.250 -999.250 -999.250 -999.250 -999.250 -999.250 -999.250 -999.250 -999.250 -999.250 -999.250 -999.250 -999.250 -999.250 -999.250 -999.250 -999.250 -999.250
1205.133 1260.245 1270.678 1254.744 1246.635 1204.772 1167.128 1203.374 1227.556 1295.724 1323.909 1378.830 1384.008 1426.525 1587.913 1571.165 1621.455 1690.383 1752.241 1902.495 2023.533 2190.496 2355.639 2467.478 2533.618 2643.717 2763.225 2673.183 2493.256 2332.296 1957.960 1793.281 -999.250 -999.250 -999.250 -999.250 -999.250 -999.250 -999.250 -999.250 -999.250 -999.250 -999.250 -999.250 -999.250 -999.250 -999.250 -999.250 -999.250 -999.250 -999.250 -999.250 -999.250 -999.250 -999.250 -999.250 -999.250 -999.250 -999.250 -999.250 -999.250 -999.250 -999.250
1197.635 1210.912 1256.929 1250.474 1286.831 1265.674 1254.789 1301.091 1295.613 1368.979 1424.385 1429.362 1469.350 1413.266 1549.916 1579.695 1631.218 1647.659 1786.075 1834.403 1916.173 1905.716 2107.504 2155.920 2305.948 2395.357 2268.677 2269.392 2040.126 1863.789 1761.937 1635.340 -999.250 -999.250 -999.250 -999.250 -999.250 -999.250 -999.250 -999.250 -999.250 -999.250 -999.250 -999.250 -999.250 -999.250 -999.250 -999.250 -999.250 -999.250 -999.250 -999.250 -999.250 -999.250 -999.250 -999.250 -999.250 -999.250 -999.250 -999.250 -999.250 -999.250 -999.250
1256.785 1285.829 1297.980 1339.292 1335.623 1318.391 1356.756 1340.696 1393.205 1412.307 1449.372 1506.367 1488.156 1484.906 1604.934 1610.154 1574.282 1598.877 1699.053 1763.372 1748.802 1808.673 1846.528 1868.758 1937.062 2049.844 2015.038 1886.235 1755.576 1598.220 1511.216 1418.110 -999.250 -999.250 -999.250 -999.250 -999.250 -999.250 -999.250 -999.250 -999.250 -999.250 -999.250 -999.250 -999.250 -999.250 -999.250 -999.250 -999.250 -999.250 -999.250 -999.250 -999.250 -999.250 -999.250 -999.250 -999.250 -999.250 -999.250 -999.250 -999.250 -999.250 -999.250
1262.038 1320.137 1316.652 1391.009 1413.396 1422.837 1411.846 1420.866 1493.295 1470.563 1527.871 1537.585 1472.686 1544.390 1568.577 1625.059 1507.187 1507.488 1622.639 1660.365 1637.325 1667.982 1693.243 1697.867 1752.214 1727.402 1670.465 1576.932 1441.225 1302.963 1289.989 1249.703 -999.250 -999.250 -999.250 -999.250 -999.250 -999.250 -999.250 -999.250 -999.250 -999.250 -999.250 -999.250 -999.250 -999.250 -999.250 -999.250 -999.250 -999.250 -999.250 -999.250 -999.250 -999.250 -999.250 -999.250 -999.250 -999.250 -999.250 -999.250 -999.250 -999.250 -999.250
1318.699 1349.091 1394.007 1451.625 1451.427 1485.563 1509.330 1483.054 1535.235 1619.278 1624.869 1598.377 1556.644 1574.973 1604.284 1589.160 1519.789 1521.798 1498.926 1538.637 1427.643 1451.030 1486.521 1462.079 1475.829 1497.775 1492.445 1353.903 1207.151 1098.170 1097.639 1081.045 -999.250 -999.250 -999.250 -999.250 -999.250 -999.250 -999.250 -999.250 -999.250 -999.250 -999.250 -999.250 -999.250 -999.250 -999.250 -999.250 -999.250 -999.250 -999.250 -999.250 -999.250 -999.250 -999.250 -999.250 -999.250 -999.250 -999.250 -999.250 -999.250 -999.250 -999.250
1356.306 1376.281 1481.369 1549.219 1560.974 1577.353 1578.571 1560.537 1652.866 1646.709 1670.409 1621.168 1605.198 1635.498 1637.992 1664.268 1602.764 1500.411 1425.787 1355.219 1292.711 1274.107 1323.604 1312.040 1267.798 1252.961 1243.352 1196.979 1094.415 1013.836 972.771 993.893 -999.250 -999.250 -999.250 -999.250 -999.250 -999.250 -999.250 -999.250 -999.250 -999.250 -999.250 -999.250 -999.250 -999.250 -999.250 -999.250 -999.250 -999.250 -999.250 -999.250 -999.250 -999.250 -999.250 -999.250 -999.250 -999.250 -999.250 -999.250 -999.250 -999.250 -999.250
1371.191 1370.851 1530.053 1648.730 1632.327 1642.266 1634.541 1628.748 1711.108 1731.171 1735.203 1693.432 1748.838 1706.934 1704.762 1708.747 1671.268 1578.963 1420.418 1246.010 1188.349 1115.947 1194.838 1228.575 1172.827 1155.293 1036.445 1022.197 927.574 901.094 939.138 931.795 977.022 -999.250 -999.250 -999.250 -999.250 -999.250 -999.250 -999.250 -999.250 -999.250 -999.250 -999.250 -999.250 -999.250 -999.250 -999.250 -999.250 -999.250 -999.250 -999.250 -999.250 -999.250 -999.250 -999.250 -999.250 -999.250 -999.250 -999.250 -999.250 -999.250 -999.250
1433.436 1465.631 1557.405 1664.460 1675.157 1751.788 1754.730 1740.025 1741.573 1768.568 1772.237 1808.855 1849.721 1817.796 1822.130 1756.895 1728.175 1613.982 1401.964 1228.660 1042.387 1032.744 1092.429 1173.861 1130.154 1041.461 960.572 923.218 868.909 872.763 907.560 898.105 925.716 937.358 -999.250 -999.250 -999.250 -999.250 -999.250 -999.250 -999.250 -999.250 -999.250 -999.250 -999.250 -999.250 -999.250 -999.250 -999.250 -999.250 -999.250 -999.250 -999.250 -999.250 -999.250 -999.250 -999.250 -999.250 -999.250 -999.250 -999.250 -999.250 -999.250
1509.846 1566.696 1669.556 1697.777 1758.433 1758.477 1800.084 1847.864 1864.681 1830.031 1810.027 1901.454 1948.058 1944.882 1933.491 1905.622 1846.587 1737.327 1566.054 1282.788 926.814 1050.907 1178.242 1154.801 1107.790 1012.333 927.040 834.386 846.002 883.263 859.383 929.944 947.288 987.806 955.328 -999.250 -999.250 -999.250 -999.250 -999.250 -999.250 -999.250 -999.250 -999.250 -999.250 -999.250 -999.250 -999.250 -999.250 -999.250 -999.250 -999.250 -999.250 -999.250 -999.250 -999.250 -999.250 -999.250 -999.250 -999.250 -999.250 -999.250 -999.250
1574.401 1659.787 1739.831 1735.390 1793.561 1809.305 1860.824 1926.904 1940.531 2049.593 2003.504 2054.384 2133.702 2248.284 2087.854 2103.243 2205.634 1932.918 1799.437 1608.659 1357.172 1337.961 1281.180 1196.351 1156.438 1070.136 996.932 955.179 900.243 925.950 907.080 917.364 933.665 992.575 977.846 -999.250 -999.250 -999.250 -999.250 -999.250 -999.250 -999.250 -999.250 -999.250 -999.250 -999.250 -999.250 -999.250 -999.250 -999.250 -999.250 -999.250 -999.250 -999.250 -999.250 -999.250 -999.250 -999.250 -999.250 -999.250 -999.250 -999.250 -999.250
1568.044 1683.258 1787.382 1764.682 1794.422 1803.861 1861.358 1904.912 2003.677 2081.436 2139.320 2244.041 2309.911 2466.561 2440.372 2419.825 2380.218 2383.267 2227.035 1944.879 1758.685 1622.573 1487.595 1378.284 1302.833 1192.945 1127.540 1015.003 987.006 991.559 965.537 983.030 1015.170 1001.567 1038.402 -999.250 -999.250 -999.250 -999.250 -999.250 -999.250 -999.250 -999.250 -999.250 -999.250 -999.250 -999.250 -999.250 -999.250 -999.250 -999.250 -999.250 -999.250 -999.250 -999.250 -999.250 -999.250 -999.250 -999.250 -999.250 -999.250 -999.250 -999.250
1578.737 1672.975 1723.883 1758.008 1806.326 1821.456 1822.602 1902.363 2080.976 2107.610 2189.465 2342.809 2519.732 2469.776 2589.903 2636.842 2742.600 2839.339 2729.281 2449.977 2242.740 1898.130 1777.138 1641.172 1518.634 1339.422 1251.052 1179.527 1158.811 1088.708 1009.184 1014.326 1012.620 1026.180 1117.341 -999.250 -999.250 -999.250 -999.250 -999.250 -999.250 -999.250 -999.250 -999.250 -999.250 -999.250 -999.250 -999.250 -999.250 -999.250 -999.250 -999.250 -999.250 -999.250 -999.250 -999.250 -999.250 -999.250 -999.250 -999.250 -999.250 -999.250 -999.250
1467.242 1585.697 1674.207 1659.658 1753.567 1724.383 1834.729 1836.133 1902.531 1983.871 2218.772 2389.595 2537.537 2565.870 2778.281 2869.815 2968.259 3122.678 3189.083 2911.845 2579.244 2296.915 1888.731 1769.163 1689.064 1467.607 1448.749 1299.001 1237.899 1206.312 1149.865 1037.216 1106.150 1073.369 1162.453 -999.250 -999.250 -999.250 -999.250 -999.250 -999.250 -999.250 -999.250 -999.250 -999.250 -999.250 -999.250 -999.250 -999.250 -999.250 -999.250 -999.250 -999.250 -999.250 -999.250 -999.250 -999.250 -999.250 -999.250 -999.250 -999.250 -999.250 -999.250
1405.137 1476.227 1503.416 1537.941 1639.616 1703.250 1794.417 1810.694 1859.721 1996.278 2122.697 2353.364 2457.746 2521.679 2778.633 2868.901 3064.849 3463.699 3696.683 3221.992 2796.725 2421.502 2136.225 1884.413 1750.658 1582.028 1481.882 1390.633 1324.843 1229.851 1188.718 1102.062 1105.892 1139.476 1194.045 1144.926 -999.250 -999.250 -999.250 -999.250 -999.250 -999.250 -999.250 -999.250 -999.250 -999.250 -999.250 -999.250 -999.250 -999.250 -999.250 -999.250 -999.250 -999.250 -999.250 -999.250 -999.250 -999.250 -999.250 -999.250 -999.250 -999.250 -999.250
1282.338 1374.522 1427.556 1467.981 1592.507 1602.637 1680.540 1734.353 1791.340 1866.069 1987.017 2217.884 2354.540 2598.059 2687.502 2755.819 3042.348 3330.421 3409.074 3175.356 2830.056 2518.224 2301.968 1970.515 1789.506 1684.839 1653.485 1537.406 1403.979 1336.594 1300.470 1200.448 1159.310 1218.798 1257.123 1209.569 1215.528 -999.250 -999.250 -999.250 -999.250 -999.250 -999.250 -999.250 -999.250 -999.250 -999.250 -999.250 -999.250 -999.250 -999.250 -999.250 -999.250 -999.250 -999.250 -999.250 -999.250 -999.250 -999.250 -999.250 -999.250 -999.250 -999.250
1227.794 1212.289 1269.239 1326.739 1391.840 1409.067 1505.568 1575.245 1739.556 1750.937 1840.098 1998.461 2234.908 2354.578 2561.475 2744.396 2826.158 2936.376 2995.155 2882.382 2822.623 2436.898 2305.315 2092.390 1823.310 1703.384 1637.709 1617.984 1518.554 1363.415 1310.286 1273.271 1281.257 1280.953 1296.881 1263.952 1308.212 1269.495 1352.074 1448.127 -999.250 -999.250 -999.250 -999.250 -999.250 -999.250 -999.250 -999.250 -999.250 -999.250 -999.250 -999.250 -999.250 -999.250 -999.250 -999.250 -999.250 -999.250 -999.250 -999.250 -999.250 -999.250 -999.250
1140.579 1111.605 1150.928 1219.284 1268.931 1316.051 1357.413 1391.264 1522.204 1612.786 1728.015 1855.392 2045.616 2220.110 2265.404 2572.490 2560.051 2660.884 2691.067 2709.154 2586.412 2360.152 2252.035 2138.242 1934.335 1801.116 1702.102 1610.342 1572.471 1470.663 1388.932 1371.662 1304.939 1310.893 1261.576 1273.403 1333.106 1325.184 1426.519 1529.316 -999.250 -999.250 -999.250 -999.250 -999.250 -999.250 -999.250 -999.250 -999.250 -999.250 -999.250 -999.250 -999.250 -999.250 -999.250 -999.250 -999.250 -999.250 -999.250 -999.250 -999.250 -999.250 -999.250
1080.516 1036.447 1040.727 1055.584 1099.555 1145.999 1177.338 1231.845 1299.280 1404.336 1581.366 1732.197 1805.701 2003.124 2166.146 2213.838 2434.725 2400.909 2487.882 2491.191 2387.800 2263.296 2150.219 2105.826 1947.386 1878.242 1780.921 1714.387 1653.985 1549.147 1511.452 1376.744 1348.195 1316.105 1302.328 1309.925 1328.762 1380.459 1505.179 -999.250 -999.250 -999.250 -999.250 -999.250 -999.250 -999.250 -999.250 -999.250 -999.250 -999.250 -999.250 -999.250 -999.250 -999.250 -999.250 -999.250 -999.250 -999.250 -999.250 -999.250 -999.250 -999.250 -999.250
