data/medianmodel_11-Nov-2020.asc
ncols	141
nrows	288
xllcorner	-120191.398
yllcorner	-301404.813
cellsize	2000.000
NODATA_value	-999.250
[rows 29 to 57 of 288, columns 65 to 129 of 141]
445.805 422.667 420.808 409.321 433.465 410.611 423.061 439.440 434.217 436.274 420.253 397.889 406.136 427.412 419.746 436.989 443.332 441.767 448.136 454.000 458.506 479.314 435.434 448.758 446.519 390.535 352.170 315.031 245.706 195.708 236.360 248.417 271.439 265.713 261.877 297.290 291.355 306.805 283.276 365.577 353.453 396.676 388.272 389.696 408.531 447.533 432.190 440.768 377.904 404.583 403.646 409.051 393.699 381.477 358.200 327.089 299.575 309.788 279.104 263.053 238.908 234.264 211.678 219.545 226.936
508.692 444.548 466.765 445.950 407.144 451.385 414.745 444.865 415.297 414.713 445.463 462.806 467.058 419.021 433.432 439.115 454.883 491.109 490.942 462.123 459.417 501.102 471.511 471.433 482.457 449.292 413.018 342.138 301.675 272.932 281.911 290.219 307.894 310.476 281.303 305.783 323.904 307.313 341.177 393.342 370.895 406.396 431.956 409.336 404.818 445.256 415.225 432.087 411.293 394.366 381.460 353.874 365.670 377.535 364.867 323.953 319.737 287.425 283.613 261.116 225.843 222.116 174.000 221.377 237.164
486.895 463.675 456.675 440.315 425.995 428.910 437.184 412.090 401.343 425.349 434.293 476.218 439.303 454.225 448.037 473.649 488.204 521.349 571.641 525.307 540.967 506.273 480.932 499.126 486.937 465.091 448.559 409.454 331.147 339.442 343.058 349.704 337.315 338.556 357.385 316.723 316.801 307.121 387.115 364.940 398.526 401.474 429.373 425.505 436.597 445.083 446.183 448.069 432.795 417.516 393.664 369.701 391.364 362.815 373.927 358.835 317.139 290.103 301.613 270.865 257.187 250.313 236.675 242.589 260.788
506.568 473.177 460.517 438.166 455.202 406.784 421.372 435.373 443.389 446.064 453.897 449.984 456.983 438.329 451.184 479.577 528.695 522.842 527.634 480.849 565.172 496.867 490.869 565.573 598.976 546.102 486.905 448.879 427.255 408.668 401.154 364.899 391.603 403.026 368.964 370.690 377.551 355.374 370.475 421.481 435.531 418.534 441.910 460.123 482.720 499.231 483.945 458.576 414.995 426.988 424.166 421.710 408.344 344.963 336.727 359.733 340.008 276.562 315.911 306.170 295.392 258.679 250.944 270.861 292.792
512.344 446.514 444.073 452.568 433.299 423.022 420.771 455.648 452.599 437.994 481.095 449.523 417.731 402.193 453.854 486.550 509.466 562.242 561.991 542.053 544.852 590.382 557.511 595.296 615.475 524.380 488.885 460.444 465.959 437.127 447.799 428.047 393.629 407.981 412.791 456.576 384.900 365.325 396.351 398.226 424.045 443.803 461.695 454.671 470.616 483.604 487.631 459.550 416.503 463.712 406.609 407.809 360.854 356.508 338.967 356.765 321.490 348.213 320.295 334.553 324.031 282.450 309.413 308.209 329.947
483.578 445.399 435.466 446.476 428.790 406.516 428.189 461.863 465.425 457.178 468.817 455.214 440.000 449.821 456.450 485.634 538.449 572.844 585.591 588.552 685.433 773.932 699.384 666.744 657.855 605.219 557.506 518.531 552.446 488.607 497.791 448.206 449.264 450.532 440.464 435.356 428.295 424.585 416.948 415.710 413.905 457.272 431.621 447.060 485.059 516.634 517.614 504.134 441.628 464.497 452.788 411.353 410.921 395.784 366.116 365.141 367.056 354.736 335.265 325.421 348.957 340.620 313.568 334.455 344.284
448.494 426.749 382.376 412.981 389.397 422.356 438.256 452.154 466.740 478.321 457.378 426.333 458.745 462.444 491.681 508.928 543.433 575.504 624.038 672.985 773.373 788.265 764.162 763.169 761.784 684.822 618.668 601.697 578.145 532.697 510.179 486.161 473.153 465.286 440.983 446.185 433.757 444.747 428.683 426.962 435.328 458.314 489.396 493.736 485.929 506.123 507.276 484.359 476.577 478.715 499.426 475.216 444.056 403.719 378.604 416.981 404.925 399.364 374.877 389.251 388.877 366.944 364.228 374.464 343.546
443.414 413.950 366.366 366.605 399.100 426.001 427.894 471.415 451.268 461.300 474.200 468.710 492.319 479.524 500.779 574.520 608.495 650.258 696.006 738.890 762.952 879.401 863.299 864.211 849.021 747.159 671.389 620.484 590.400 557.585 504.977 536.871 491.989 475.287 464.282 462.351 456.743 460.906 416.406 439.609 435.261 484.183 471.902 466.939 521.400 524.679 558.561 507.120 504.927 513.085 509.989 506.748 496.929 473.961 402.236 461.225 443.245 454.834 449.381 397.747 367.127 394.797 388.355 396.656 412.909
454.546 396.937 360.509 362.545 368.102 391.392 439.428 470.243 472.000 470.121 452.910 493.717 540.249 552.151 534.735 688.260 656.921 692.582 750.555 809.093 854.228 888.855 903.957 921.984 891.860 788.157 740.548 711.149 668.109 617.379 609.550 507.782 532.546 487.238 485.980 463.889 437.527 441.870 438.223 421.538 440.073 483.237 479.427 476.786 524.358 577.813 547.337 544.443 503.616 508.591 527.228 490.003 535.734 441.366 476.065 476.716 478.981 488.125 436.175 403.888 416.438 431.204 395.197 422.232 418.255
441.106 385.192 343.765 342.004 370.248 393.349 414.416 455.725 453.832 471.230 471.653 479.951 537.009 562.822 642.907 648.210 639.899 702.364 741.374 868.241 905.428 963.482 1018.175 1000.596 955.768 1003.352 864.709 826.833 755.172 722.505 690.272 555.222 542.915 483.318 493.415 472.073 455.231 438.678 423.691 433.685 447.616 477.774 504.906 492.816 594.651 603.377 604.453 548.717 543.630 590.548 533.724 539.697 509.697 485.643 512.169 495.567 503.299 466.573 463.655 449.994 469.266 412.659 460.495 438.861 422.662
437.451 373.335 330.314 348.055 368.057 394.869 401.872 426.921 437.937 483.139 529.685 505.783 534.948 662.713 701.151 735.928 707.292 766.137 778.218 907.443 949.563 1003.452 1066.588 1152.084 1061.198 979.124 907.210 905.270 801.271 661.286 667.505 616.844 490.718 479.123 480.336 455.879 455.355 434.029 401.447 434.674 458.917 463.020 502.799 568.912 631.537 601.975 573.614 530.401 625.573 579.436 565.504 560.021 524.320 513.940 508.210 503.237 504.317 483.015 479.716 494.346 475.830 468.005 476.381 481.630 472.623
441.418 374.181 373.580 341.466 358.729 362.000 404.625 405.693 456.548 495.117 505.992 517.193 601.699 679.293 744.213 751.175 781.539 806.375 831.577 918.742 1113.333 1074.714 1032.042 1189.822 1096.171 1038.620 892.592 874.784 776.115 677.639 624.288 565.793 536.672 493.629 464.505 422.952 426.934 389.123 410.637 424.504 458.392 456.296 530.199 552.714 583.701 620.004 608.250 603.503 622.712 632.945 641.922 616.805 600.190 535.187 530.522 532.772 486.125 527.360 516.299 498.784 453.773 471.633 474.419 495.623 516.216
453.539 389.747 345.523 361.779 368.669 369.972 402.690 437.508 452.673 491.329 562.867 551.757 676.123 667.874 727.869 745.441 777.837 853.919 871.542 967.079 1084.462 1025.546 1048.993 1064.301 1090.346 977.408 874.446 783.615 709.672 649.384 572.230 552.689 497.186 445.844 443.920 446.231 437.285 415.048 399.520 462.029 472.549 482.376 579.815 616.230 598.242 633.250 691.037 620.302 669.612 627.239 597.795 628.767 678.048 600.456 625.445 601.171 550.983 536.416 568.484 464.769 520.386 506.647 495.362 480.443 521.561
475.266 436.231 385.322 372.294 355.779 345.651 362.325 406.888 454.805 528.966 541.519 600.909 585.372 681.817 738.836 806.274 791.009 866.466 862.047 919.419 1003.417 961.743 970.883 967.454 922.560 958.933 995.030 832.578 752.784 600.787 575.645 547.172 473.705 452.037 433.168 426.941 429.157 424.436 458.978 475.717 474.256 550.149 574.471 640.899 665.535 692.457 764.229 661.735 720.311 706.357 615.036 731.125 748.769 707.875 632.854 677.666 664.549 600.838 601.589 546.421 499.918 550.189 493.761 497.101 520.655
508.964 439.295 421.464 420.084 404.263 371.941 375.961 412.832 481.244 592.964 652.517 615.716 599.582 654.694 708.993 784.766 771.650 816.618 784.880 845.711 939.168 909.477 895.109 829.283 882.346 855.110 891.561 774.050 689.043 592.525 563.613 505.502 464.318 441.499 429.126 444.958 392.285 424.489 444.474 481.714 525.878 541.145 546.831 703.981 725.275 771.386 726.704 798.578 790.864 776.766 758.689 755.615 811.035 703.843 682.827 667.413 694.791 667.514 654.389 599.540 536.271 527.606 539.359 551.900 542.963
519.436 494.761 459.692 426.490 409.274 371.810 384.476 427.380 497.380 566.822 579.269 561.801 626.016 709.842 703.927 797.568 763.361 789.776 783.551 862.438 854.041 887.433 879.575 833.347 679.610 697.791 715.667 580.094 560.737 516.388 478.973 459.746 474.205 437.994 405.849 409.971 411.819 405.384 419.922 461.904 483.639 526.311 594.561 682.895 746.499 710.909 730.828 797.155 789.886 777.600 829.120 835.131 817.498 803.758 774.750 785.893 756.461 751.938 683.264 607.955 562.936 577.928 577.704 533.069 574.331
552.385 509.413 481.045 426.693 404.084 426.260 377.757 402.858 471.988 522.537 541.238 576.692 605.952 683.485 742.314 845.521 826.425 753.075 784.790 827.817 782.879 814.970 804.334 728.112 611.045 599.656 622.298 577.853 510.274 441.040 437.785 430.234 403.632 407.954 389.814 404.874 392.356 375.530 409.799 422.440 464.893 490.854 622.629 654.451 750.466 780.136 765.021 832.544 841.491 787.253 904.288 829.340 771.008 784.533 803.459 810.295 781.381 795.918 774.288 729.168 648.612 585.526 638.872 589.211 583.571
599.828 528.031 477.166 440.250 417.496 409.560 419.794 439.671 469.100 507.538 570.741 600.456 637.830 691.358 830.538 764.011 794.157 782.885 781.418 789.052 757.886 685.292 624.384 567.979 552.305 560.569 518.803 484.124 464.216 415.439 411.715 405.800 390.876 393.845 390.715 387.307 357.895 368.504 383.299 426.328 500.899 527.527 595.700 693.933 731.618 779.581 835.907 853.829 916.497 884.385 932.787 862.842 851.246 813.160 872.728 835.657 769.996 752.384 795.669 756.613 725.563 597.373 635.947 585.346 649.323
621.746 504.380 497.082 463.678 434.560 412.835 459.509 458.535 496.296 536.246 554.047 603.839 625.268 713.795 736.985 700.927 787.708 791.477 791.962 747.806 723.418 630.285 573.609 470.588 477.549 527.689 459.948 481.053 409.145 410.874 403.273 377.427 365.562 370.831 356.413 355.217 314.361 362.391 421.894 457.156 468.613 545.468 643.844 717.768 795.917 777.909 839.239 893.476 906.738 949.962 919.064 934.208 883.300 856.122 807.456 802.968 823.652 826.634 797.936 756.401 748.499 601.233 562.698 -999.250 -999.250
609.939 489.450 488.195 476.177 414.364 410.410 466.296 484.156 489.012 561.138 578.032 621.984 638.671 655.248 643.278 648.219 735.526 778.929 770.829 689.492 645.845 596.067 501.368 440.498 440.345 410.306 453.688 388.030 397.081 362.596 358.023 345.159 366.758 352.895 376.025 353.686 353.014 363.729 427.474 450.588 493.616 591.968 611.362 677.405 721.692 824.460 889.348 914.548 908.225 929.451 1015.563 989.089 917.319 908.024 884.302 839.851 814.219 852.139 777.943 826.183 730.428 669.381 582.718 -999.250 -999.250
594.191 574.609 468.015 453.465 451.412 425.206 467.172 517.961 532.728 582.190 592.423 608.281 651.960 645.502 622.553 684.612 718.696 727.323 675.904 608.255 560.837 529.424 497.962 475.572 404.372 375.280 370.395 354.096 360.692 350.638 317.684 323.162 335.950 330.088 359.625 369.033 348.410 399.429 422.549 489.193 539.388 598.723 619.111 694.855 730.666 855.735 838.471 839.052 951.538 1002.853 958.067 908.747 919.097 922.210 847.832 845.173 917.296 825.024 -999.250 711.564 742.200 -999.250 -999.250 -999.250 -999.250
671.139 558.022 477.854 433.846 389.314 421.335 456.366 476.373 532.565 596.934 619.958 608.467 608.021 585.620 622.931 679.801 634.162 630.476 567.823 560.794 524.287 490.914 475.243 437.468 411.176 355.931 353.374 340.833 353.068 337.952 298.575 344.103 337.769 310.052 359.097 364.241 396.498 409.332 450.809 513.422 543.669 600.419 662.413 742.080 871.493 841.425 847.986 942.802 950.702 955.172 960.319 926.124 950.573 988.446 929.757 907.587 -999.250 -999.250 -999.250 -999.250 -999.250 -999.250 -999.250 -999.250 -999.250
645.268 527.585 449.876 405.090 361.692 372.461 406.798 471.587 534.812 627.125 623.891 620.588 633.674 532.078 595.633 531.237 578.067 516.029 536.461 506.239 496.532 447.916 418.002 407.490 389.455 356.405 362.245 341.442 321.107 327.274 309.087 318.787 314.862 328.537 338.773 384.182 397.927 446.775 477.511 574.580 634.214 637.882 768.945 733.559 864.387 906.296 934.248 988.785 935.241 998.625 1007.620 907.018 957.587 1012.306 1015.730 -999.250 -999.250 -999.250 -999.250 -999.250 -999.250 -999.250 -999.250 -999.250 -999.250
678.179 516.668 427.553 368.433 329.441 346.200 340.595 397.699 499.690 636.460 610.276 574.223 547.555 507.712 520.034 507.779 520.616 501.915 467.873 472.119 431.641 412.937 374.582 336.646 336.328 328.947 296.793 321.615 284.268 308.603 303.259 301.235 314.628 327.992 359.652 381.744 405.088 461.414 520.944 555.425 661.601 745.056 766.307 800.217 873.945 1005.539 980.201 1045.908 967.309 1006.417 1011.335 1010.971 1086.653 1076.109 1117.014 -999.250 -999.250 -999.250 -999.250 -999.250 -999.250 -999.250 -999.250 -999.250 -999.250
649.779 527.416 434.349 341.151 257.435 231.456 270.371 338.410 441.133 538.896 541.332 521.188 521.172 486.941 470.459 490.196 462.675 442.015 396.868 410.790 362.303 361.880 343.442 313.148 286.221 266.727 262.545 250.315 266.049 276.570 255.457 282.506 294.150 326.969 374.055 388.643 448.588 499.154 533.711 636.777 653.358 713.029 697.128 850.608 881.687 968.310 980.593 983.029 1056.770 1001.304 1078.326 1044.143 1092.763 1063.185 -999.250 -999.250 -999.250 -999.250 -999.250 -999.250 -999.250 -999.250 -999.250 -999.250 -999.250
735.935 541.294 439.975 329.829 234.908 151.362 223.775 303.447 399.693 474.318 495.045 494.269 458.288 472.354 418.152 386.223 386.313 383.971 332.646 313.754 319.811 287.282 293.429 249.208 225.611 224.245 235.273 244.587 250.378 249.616 243.626 271.679 311.227 336.866 371.042 423.616 453.308 529.448 592.866 619.518 737.452 793.259 747.525 868.744 909.861 1038.932 1077.575 1067.788 1090.900 1051.107 1125.657 1224.019 1246.358 -999.250 -999.250 -999.250 -999.250 -999.250 -999.250 -999.250 -999.250 -999.250 -999.250 -999.250 -999.250
718.260 592.063 440.501 353.489 262.737 213.863 231.915 306.851 354.669 423.092 428.554 438.639 439.815 391.949 346.538 327.142 283.423 296.606 249.985 261.796 244.906 236.393 218.436 203.400 154.386 189.790 212.396 226.877 231.609 236.320 247.215 270.658 287.798 330.103 387.157 426.214 462.509 527.793 609.918 631.067 798.836 815.618 821.272 877.483 957.592 1092.939 1179.918 1153.281 1142.478 1233.299 1259.710 1283.469 1386.397 -999.250 -999.250 -999.250 -999.250 -999.250 -999.250 -999.250 -999.250 -999.250 -999.250 -999.250 -999.250
695.281 569.287 462.812 384.242 290.316 249.267 253.818 275.267 333.709 358.480 407.305 387.090 360.434 318.633 264.641 267.675 242.350 224.904 182.331 212.550 214.827 208.260 195.801 195.148 165.173 165.463 194.077 208.603 206.782 230.114 244.170 276.358 309.243 336.859 399.757 446.862 485.368 501.019 616.560 671.981 800.870 894.284 854.786 888.448 982.280 1064.819 1170.950 1306.946 1245.208 1304.957 1413.694 1327.136 -999.250 -999.250 -999.250 -999.250 -999.250 -999.250 -999.250 -999.250 -999.250 -999.250 -999.250 -999.250 -999.250
649.943 574.079 488.837 394.594 338.155 303.256 278.552 281.007 285.198 338.100 343.628 338.240 287.134 240.945 173.340 204.841 211.327 207.163 188.655 185.644 197.363 190.599 183.330 172.500 161.559 148.548 180.599 193.324 210.165 232.389 229.922 299.327 299.513 343.781 411.561 451.283 507.458 574.543 611.169 663.737 752.275 862.892 875.167 998.574 1056.447 1199.315 1225.751 1171.350 1292.054 1487.338 1576.713 1302.211 -999.250 -999.250 -999.250 -999.250 -999.250 -999.250 -999.250 -999.250 -999.250 -999.250 -999.250 -999.250 -999.250
