data/medianmodel_06-Jan-2021.asc
ncols	141
nrows	288
xllcorner	-120191.398
yllcorner	-301404.813
cellsize	2000.000
NODATA_value	-999.250
[rows 87 to 115 of 288, columns 64 to 127 of 141]
625.251 628.334 641.325 701.270 725.560 770.410 833.089 904.416 914.114 1110.234 1169.173 1291.512 1243.926 1269.329 1251.255 1274.015 1299.569 1324.988 1338.921 1436.920 1445.722 1462.802 1432.157 1319.132 1223.097 1134.705 1028.980 1016.278 1035.253 993.008 1070.602 1042.621 1053.052 1064.782 966.465 983.596 888.153 821.571 773.757 731.424 624.586 619.994 565.655 501.137 408.615 348.522 336.396 279.740 229.456 179.364 -999.250 -999.250 -999.250 -999.250 -999.250 -999.250 -999.250 -999.250 -999.250 -999.250 -999.250 -999.250 -999.250 -999.250
625.268 627.232 660.853 693.673 750.089 772.024 802.156 862.368 955.617 1017.980 1055.202 1111.312 1141.410 1079.719 1024.492 1054.305 1008.598 1037.418 1063.322 1077.507 1159.235 1170.392 1129.366 1089.114 1025.396 1000.489 903.620 912.592 934.986 925.722 952.763 944.929 963.265 1016.192 916.307 915.083 850.968 754.030 690.767 629.648 594.733 532.627 494.359 422.175 336.316 311.809 285.179 197.004 142.570 138.728 140.286 140.776 -999.250 -999.250 -999.250 -999.250 -999.250 -999.250 -999.250 -999.250 -999.250 -999.250 -999.250 -999.250
656.510 657.554 653.538 683.123 750.043 784.739 825.968 870.973 875.298 1030.875 968.463 980.320 953.013 893.559 918.115 814.195 781.664 719.080 716.136 762.526 820.634 851.632 867.000 872.053 837.310 841.253 890.444 827.704 842.002 849.246 828.414 832.220 865.867 897.790 852.937 795.199 750.905 680.509 630.559 595.803 559.827 475.431 386.497 346.889 303.892 217.952 205.136 156.123 130.102 130.505 129.653 142.382 -999.250 -999.250 -999.250 -999.250 -999.250 -999.250 -999.250 -999.250 -999.250 -999.250 -999.250 -999.250
652.524 686.442 714.960 739.503 756.470 801.080 816.343 818.463 878.652 877.221 903.720 892.111 849.558 755.345 751.279 678.832 606.991 529.012 411.722 524.907 605.838 652.974 699.124 705.267 734.245 773.564 788.516 780.499 765.861 787.115 815.895 787.602 812.129 808.615 733.986 717.752 706.182 642.728 570.628 554.558 516.116 440.344 376.948 313.217 254.063 186.616 162.615 137.196 123.786 118.302 153.333 164.777 -999.250 -999.250 -999.250 -999.250 -999.250 -999.250 -999.250 -999.250 -999.250 -999.250 -999.250 -999.250
708.200 744.550 732.358 783.519 800.887 808.036 804.952 814.273 835.899 833.498 835.906 805.190 730.848 694.606 646.170 597.168 503.777 393.425 368.986 395.487 471.358 509.846 577.170 599.298 634.063 664.283 656.385 703.102 712.670 715.905 715.970 724.379 754.591 741.640 706.335 681.800 629.399 593.748 574.187 505.077 485.345 405.834 364.917 291.589 255.210 230.139 185.918 134.913 133.959 126.326 171.209 -999.250 -999.250 -999.250 -999.250 -999.250 -999.250 -999.250 -999.250 -999.250 -999.250 -999.250 -999.250 -999.250
753.159 783.897 794.835 813.403 828.998 827.375 841.488 827.958 809.236 804.088 785.131 739.517 678.016 619.499 590.028 537.943 437.384 346.001 319.510 310.699 359.476 401.274 440.480 507.896 555.789 584.774 608.367 633.211 662.807 664.057 672.350 653.963 673.419 667.184 637.322 631.647 615.643 595.246 517.637 491.322 434.470 396.526 345.333 294.331 249.568 234.519 190.247 157.762 141.782 165.803 176.499 -999.250 -999.250 -999.250 -999.250 -999.250 -999.250 -999.250 -999.250 -999.250 -999.250 -999.250 -999.250 -999.250
857.422 856.040 858.841 884.390 891.365 845.889 879.868 857.518 817.368 784.778 771.368 732.380 626.087 607.817 540.664 474.264 404.067 329.194 273.640 277.542 287.641 310.893 345.739 395.346 475.911 544.424 555.660 570.375 601.565 629.053 628.933 635.650 619.663 630.646 605.775 626.080 564.535 543.289 510.126 478.562 413.866 397.921 344.263 308.175 269.833 212.552 198.416 189.321 181.463 159.491 -999.250 -999.250 -999.250 -999.250 -999.250 -999.250 -999.250 -999.250 -999.250 -999.250 -999.250 -999.250 -999.250 -999.250
930.996 1015.416 1011.826 1013.914 981.256 901.112 882.859 887.602 852.789 788.989 747.283 692.091 632.012 579.218 509.087 445.107 389.846 323.114 263.825 221.092 209.966 256.693 259.372 328.104 381.950 470.513 482.705 521.679 554.074 580.451 592.636 610.068 607.540 588.353 571.066 554.530 550.350 525.411 455.494 442.097 394.338 359.538 341.638 315.207 310.533 281.695 275.137 232.801 229.620 270.995 -999.250 -999.250 -999.250 -999.250 -999.250 -999.250 -999.250 -999.250 -999.250 -999.250 -999.250 -999.250 -999.250 -999.250
1058.416 1101.380 1092.213 1107.818 1026.407 1056.921 966.836 911.447 871.381 847.639 753.665 702.468 616.220 557.943 490.436 408.880 348.100 297.905 231.048 187.824 170.921 199.534 216.160 291.219 356.215 393.254 438.095 491.002 511.889 540.420 569.978 561.335 576.914 563.492 580.986 564.657 512.891 492.904 468.524 472.627 391.264 369.045 345.782 329.988 327.508 325.282 329.357 310.289 332.657 327.298 -999.250 -999.250 -999.250 -999.250 -999.250 -999.250 -999.250 -999.250 -999.250 -999.250 -999.250 -999.250 -999.250 -999.250
1118.737 1170.731 1147.193 1141.974 1070.900 1091.298 1050.826 969.568 874.818 814.071 793.486 692.976 623.833 554.482 479.641 404.786 328.996 281.609 222.130 170.174 166.397 166.414 190.836 251.590 307.100 368.490 403.272 461.823 489.303 522.846 551.514 547.761 554.311 561.748 568.352 536.727 501.273 511.793 485.909 442.521 397.822 395.797 361.269 340.654 358.566 374.759 359.812 336.797 369.671 390.796 435.817 -999.250 -999.250 -999.250 -999.250 -999.250 -999.250 -999.250 -999.250 -999.250 -999.250 -999.250 -999.250 -999.250
1155.718 1238.614 1188.993 1197.599 1173.380 1066.487 1079.970 985.196 889.509 841.379 788.755 684.907 610.949 552.064 471.837 376.661 333.854 261.438 199.918 152.527 164.409 163.474 178.117 274.553 312.808 350.452 387.795 427.871 501.001 540.887 538.331 551.004 543.558 558.999 547.506 542.454 527.028 530.675 486.219 454.787 438.145 409.497 410.949 422.647 376.651 408.779 374.923 410.687 406.231 428.742 488.067 488.931 -999.250 -999.250 -999.250 -999.250 -999.250 -999.250 -999.250 -999.250 -999.250 -999.250 -999.250 -999.250
1249.120 1263.735 1277.996 1206.662 1127.657 1116.379 1103.158 1058.336 981.242 894.511 800.090 701.636 632.286 537.366 482.632 361.042 313.727 272.395 199.138 174.138 171.291 156.238 184.580 255.618 298.859 353.941 396.904 464.738 511.246 562.676 561.568 548.026 555.208 553.319 551.916 551.174 535.169 540.902 535.480 495.977 473.538 479.165 455.293 471.108 432.157 458.524 454.206 465.610 482.305 505.658 542.316 545.474 573.583 -999.250 -999.250 -999.250 -999.250 -999.250 -999.250 -999.250 -999.250 -999.250 -999.250 -999.250
1256.559 1250.490 1245.515 1233.089 1167.864 1086.423 1088.121 1077.381 1043.993 903.168 801.884 722.870 610.846 544.283 464.414 369.255 309.413 241.510 246.382 178.426 203.461 189.879 224.136 270.924 315.321 350.502 418.242 465.770 520.404 555.608 575.203 567.023 558.469 572.186 558.775 569.805 566.805 575.287 556.325 523.967 519.603 548.856 539.863 534.813 514.359 516.030 528.171 533.369 565.290 580.890 565.139 602.144 -999.250 -999.250 -999.250 -999.250 -999.250 -999.250 -999.250 -999.250 -999.250 -999.250 -999.250 -999.250
1241.139 1247.071 1288.269 1290.372 1233.073 1111.205 1067.606 1030.434 1010.145 915.870 826.474 712.313 617.248 550.227 445.356 383.469 311.272 295.624 246.597 214.112 213.940 239.842 253.714 302.816 360.318 401.037 430.577 483.254 514.261 540.688 564.217 575.697 587.178 585.610 602.564 598.347 593.261 596.410 590.300 576.797 586.038 601.566 617.504 605.249 596.182 580.951 576.829 578.168 580.604 610.361 634.485 638.902 603.398 -999.250 -999.250 -999.250 -999.250 -999.250 -999.250 -999.250 -999.250 -999.250 -999.250 -999.250
1202.913 1247.942 1268.387 1204.026 1185.983 1156.026 979.336 1021.562 918.902 845.622 775.554 657.175 598.985 544.512 451.977 385.293 344.984 317.274 269.505 266.996 252.604 279.637 301.418 341.740 393.614 422.738 463.474 522.524 516.203 567.367 609.678 596.111 609.001 623.096 635.994 640.045 655.034 634.814 639.535 663.811 651.604 638.226 668.793 645.773 629.890 616.254 633.463 623.724 601.541 602.621 632.839 -999.250 -999.250 -999.250 -999.250 -999.250 -999.250 -999.250 -999.250 -999.250 -999.250 -999.250 -999.250 -999.250
1187.794 1227.724 1221.202 1191.585 1242.932 1134.879 1057.428 952.797 865.301 791.683 736.861 665.145 574.074 529.432 447.273 379.444 363.283 328.564 310.862 312.994 319.229 340.714 360.910 424.308 457.797 479.316 508.856 532.426 589.192 616.727 651.443 654.705 640.992 668.542 723.568 693.711 699.179 712.224 716.748 722.228 709.749 736.193 708.848 670.745 661.133 667.191 641.286 699.607 636.303 629.793 -999.250 -999.250 -999.250 -999.250 -999.250 -999.250 -999.250 -999.250 -999.250 -999.250 -999.250 -999.250 -999.250 -999.250
1149.664 1224.580 1201.345 1189.647 1167.552 1082.634 1038.113 896.695 826.057 748.062 682.925 626.438 572.003 511.331 443.749 403.036 393.842 368.334 350.721 353.804 361.816 393.231 411.995 476.628 498.880 511.942 556.610 565.121 611.586 644.023 707.265 714.715 740.440 766.179 761.609 773.136 774.541 796.795 796.214 795.871 766.834 782.873 771.758 705.231 726.061 724.624 712.659 713.958 707.718 662.916 -999.250 -999.250 -999.250 -999.250 -999.250 -999.250 -999.250 -999.250 -999.250 -999.250 -999.250 -999.250 -999.250 -999.250
1224.595 1196.636 1136.488 1102.978 1146.997 1016.784 954.786 873.940 808.457 736.994 636.397 588.614 559.159 513.735 470.837 437.349 412.327 393.147 390.944 394.983 387.937 437.797 482.807 517.048 550.792 573.350 601.722 621.286 662.081 674.505 747.706 756.699 762.492 821.768 816.344 844.582 862.820 879.813 863.257 844.164 843.452 840.749 836.388 824.220 809.757 744.921 758.432 742.881 700.851 -999.250 -999.250 -999.250 -999.250 -999.250 -999.250 -999.250 -999.250 -999.250 -999.250 -999.250 -999.250 -999.250 -999.250 -999.250
1138.579 1156.542 1087.896 1066.515 1009.324 875.158 834.965 766.526 737.151 713.173 635.229 593.032 556.333 504.701 472.883 455.840 496.874 459.702 448.112 458.731 456.807 511.738 535.736 557.371 602.703 628.778 649.719 693.468 706.534 763.562 772.605 844.918 860.376 857.205 900.981 940.301 920.900 990.876 1002.800 968.788 914.982 891.582 875.703 882.420 825.833 -999.250 -999.250 -999.250 -999.250 -999.250 -999.250 -999.250 -999.250 -999.250 -999.250 -999.250 -999.250 -999.250 -999.250 -999.250 -999.250 -999.250 -999.250 -999.250
1121.667 1053.432 1040.524 925.916 896.799 805.121 743.339 699.523 686.760 640.717 604.479 564.989 532.912 508.583 476.692 492.943 522.062 462.875 516.473 501.265 514.248 542.019 592.877 624.570 631.620 688.092 701.357 742.344 789.896 815.161 864.240 868.903 883.246 915.655 1072.738 1043.286 1076.250 1077.392 1066.526 1085.878 1010.909 959.456 955.387 -999.250 -999.250 -999.250 -999.250 -999.250 -999.250 -999.250 -999.250 -999.250 -999.250 -999.250 -999.250 -999.250 -999.250 -999.250 -999.250 -999.250 -999.250 -999.250 -999.250 -999.250
1015.238 985.250 922.035 849.266 776.328 709.467 676.672 634.481 623.451 607.992 579.030 527.694 529.683 520.718 511.020 500.130 505.084 523.501 544.500 554.924 563.850 591.338 642.308 670.277 739.010 747.251 766.660 822.462 852.784 863.130 906.578 947.547 1008.856 1085.537 1101.504 1113.485 1135.696 1175.207 1206.436 1235.806 1145.600 1128.974 1075.400 -999.250 -999.250 -999.250 -999.250 -999.250 -999.250 -999.250 -999.250 -999.250 -999.250 -999.250 -999.250 -999.250 -999.250 -999.250 -999.250 -999.250 -999.250 -999.250 -999.250 -999.250
923.131 890.014 836.289 756.635 708.533 632.574 614.848 581.012 580.211 580.546 535.704 508.337 512.238 511.765 508.980 508.225 525.315 526.933 553.302 567.117 594.937 648.965 705.732 761.400 794.254 806.185 779.299 888.414 869.015 903.284 915.493 1019.589 1067.139 1095.847 1169.468 1247.753 1257.042 1254.742 1318.593 1308.204 1277.737 1239.260 1192.736 -999.250 -999.250 -999.250 -999.250 -999.250 -999.250 -999.250 -999.250 -999.250 -999.250 -999.250 -999.250 -999.250 -999.250 -999.250 -999.250 -999.250 -999.250 -999.250 -999.250 -999.250
810.121 785.009 715.502 681.598 626.612 564.074 540.491 524.582 511.323 494.132 513.058 468.977 469.167 493.407 494.279 543.893 551.689 569.006 573.227 602.478 649.549 700.324 755.910 833.422 837.100 833.355 820.965 896.767 864.169 916.409 1031.473 1112.200 1123.097 1159.770 1192.086 1230.354 1221.662 1268.440 1309.871 1366.982 1300.420 1264.456 1199.247 -999.250 -999.250 -999.250 -999.250 -999.250 -999.250 -999.250 -999.250 -999.250 -999.250 -999.250 -999.250 -999.250 -999.250 -999.250 -999.250 -999.250 -999.250 -999.250 -999.250 -999.250
693.249 656.947 633.915 573.617 526.937 473.110 433.531 412.619 407.916 428.200 409.918 426.086 437.105 488.785 500.201 550.246 559.276 590.178 584.915 635.776 670.452 740.085 808.455 909.606 862.642 910.283 924.670 937.040 1009.219 989.314 1139.759 1156.049 1176.099 1221.924 1251.885 1280.179 1247.994 1288.752 1342.885 1340.717 1346.917 1318.009 1228.833 -999.250 -999.250 -999.250 -999.250 -999.250 -999.250 -999.250 -999.250 -999.250 -999.250 -999.250 -999.250 -999.250 -999.250 -999.250 -999.250 -999.250 -999.250 -999.250 -999.250 -999.250
597.881 582.539 528.346 489.043 414.389 371.197 325.277 322.639 325.537 316.071 352.219 373.119 401.904 436.455 494.595 512.968 551.544 586.613 626.864 666.159 721.751 781.880 817.646 867.154 944.214 989.973 1001.843 968.916 1029.335 1117.632 1104.999 1195.371 1177.171 1226.750 1272.101 1310.459 1324.293 1319.454 1321.278 1289.784 1361.305 1311.903 1289.172 -999.250 -999.250 -999.250 -999.250 -999.250 -999.250 -999.250 -999.250 -999.250 -999.250 -999.250 -999.250 -999.250 -999.250 -999.250 -999.250 -999.250 -999.250 -999.250 -999.250 -999.250
535.455 492.450 450.765 380.170 328.049 282.327 237.759 215.555 229.584 263.610 297.812 355.324 386.425 432.951 465.878 532.667 552.851 581.762 611.913 669.363 683.033 781.244 840.038 890.347 935.275 1033.890 1056.749 1077.502 1131.146 1178.587 1203.090 1268.262 1251.360 1267.742 1232.636 1303.926 1312.618 1313.154 1341.015 1329.145 1320.743 1307.952 1301.718 1235.396 1170.633 -999.250 -999.250 -999.250 -999.250 -999.250 -999.250 -999.250 -999.250 -999.250 -999.250 -999.250 -999.250 -999.250 -999.250 -999.250 -999.250 -999.250 -999.250 -999.250
438.102 410.162 365.796 308.536 246.848 192.459 148.625 153.715 179.457 210.431 285.504 322.360 375.304 411.080 462.127 526.003 545.928 581.807 610.189 672.382 700.229 782.949 846.017 865.411 955.347 1057.737 1014.896 1077.521 1144.574 1194.764 1273.826 1242.402 1269.403 1308.791 1319.704 1282.499 1327.136 1286.696 1337.090 1332.279 1360.698 1252.845 1243.114 1198.102 1145.255 1070.716 985.680 -999.250 -999.250 -999.250 -999.250 -999.250 -999.250 -999.250 -999.250 -999.250 -999.250 -999.250 -999.250 -999.250 -999.250 -999.250 -999.250 -999.250
381.903 346.062 308.473 253.437 203.209 153.716 121.291 131.490 151.875 192.666 231.550 279.340 334.882 385.227 452.357 535.113 551.992 599.501 631.644 680.880 720.705 796.765 831.175 869.382 961.191 981.764 1038.657 1043.177 1203.007 1232.643 1269.466 1325.060 1282.466 1297.350 1329.671 1309.050 1335.241 1356.105 1345.216 1339.236 1338.210 1270.524 1254.195 1196.503 1097.472 1000.839 973.031 -999.250 -999.250 -999.250 -999.250 -999.250 -999.250 -999.250 -999.250 -999.250 -999.250 -999.250 -999.250 -999.250 -999.250 -999.250 -999.250 -999.250
347.167 324.069 302.036 243.925 211.726 150.405 129.858 114.464 129.047 153.673 185.202 262.034 325.365 401.089 438.991 480.495 527.213 591.700 629.388 693.797 734.162 784.659 883.161 877.094 950.001 1014.613 1051.360 1143.598 1165.095 1224.803 1313.072 1276.564 1333.218 1350.867 1338.949 1321.006 1334.391 1351.974 1372.486 1327.848 1304.325 1313.044 1273.422 1178.462 1177.232 1069.709 1008.480 1034.932 -999.250 -999.250 -999.250 -999.250 -999.250 -999.250 -999.250 -999.250 -999.250 -999.250 -999.250 -999.250 -999.250 -999.250 -999.250 -999.250
