data/medianmodel_06-Aug-2020.asc
ncols	141
nrows	288
xllcorner	-120191.398
yllcorner	-301404.813
cellsize	2000.000
NODATA_value	-999.250
[rows 240 to 269 of 288, columns 0 to 67 of 141]
-999.250 -999.250 -999.250 -999.250 -999.250 -999.250 -999.250 -999.250 -999.250 -999.250 -999.250 -999.250 -999.250 -999.250 -999.250 -999.250 -999.250 -999.250 -999.250 -999.250 -999.250 -999.250 -999.250 -999.250 -999.250 -999.250 -999.250 -999.250 -999.250 -999.250 13.539 18.838 17.635 16.178 17.495 14.540 14.382 18.419 18.300 16.850 18.392 16.900 19.042 13.469 10.665 7.214 6.201 5.182 3.762 2.581 1.019 0.114 0.000 0.000 0.000 0.000 0.000 0.000 0.000 0.000 0.000 0.000 0.000 0.000 0.000 0.000 0.000 0.000
-999.250 -999.250 -999.250 -999.250 -999.250 -999.250 -999.250 -999.250 -999.250 -999.250 -999.250 -999.250 -999.250 -999.250 -999.250 -999.250 -999.250 -999.250 -999.250 -999.250 -999.250 -999.250 -999.250 -999.250 -999.250 -999.250 -999.250 -999.250 -999.250 -999.250 11.032 17.570 18.015 16.361 17.168 15.189 21.552 17.232 18.639 17.712 15.769 17.872 15.493 10.574 11.173 7.333 6.948 6.975 5.401 4.198 2.935 0.000 0.000 0.000 0.000 0.000 0.000 0.000 0.000 0.000 0.000 0.000 0.000 0.000 0.000 0.000 0.000 0.000
-999.250 -999.250 -999.250 -999.250 -999.250 -999.250 -999.250 -999.250 -999.250 -999.250 -999.250 -999.250 -999.250 -999.250 -999.250 -999.250 -999.250 -999.250 -999.250 -999.250 -999.250 -999.250 -999.250 -999.250 -999.250 -999.250 -999.250 -999.250 -999.250 -999.250 11.943 15.405 21.624 17.407 19.313 15.908 18.446 20.539 19.934 20.262 18.962 17.584 16.321 12.839 12.638 8.315 6.529 5.892 5.947 5.291 3.082 0.000 0.000 0.000 0.000 0.000 0.000 0.000 0.000 0.000 0.000 0.000 0.000 0.000 0.000 0.000 0.000 0.000
-999.250 -999.250 -999.250 -999.250 -999.250 -999.250 -999.250 -999.250 -999.250 -999.250 -999.250 -999.250 -999.250 -999.250 -999.250 -999.250 -999.250 -999.250 -999.250 -999.250 -999.250 -999.250 -999.250 -999.250 -999.250 -999.250 -999.250 -999.250 -999.250 -999.250 15.396 18.025 18.529 22.512 23.139 21.533 24.892 21.925 22.228 19.618 22.317 16.896 14.771 18.352 12.275 9.971 8.700 5.550 5.276 5.802 2.842 1.340 0.000 0.000 0.000 0.000 0.000 0.000 0.000 0.000 0.000 0.000 0.000 0.000 0.000 0.000 0.000 0.000
-999.250 -999.250 -999.250 -999.250 -999.250 -999.250 -999.250 -999.250 -999.250 -999.250 -999.250 -999.250 -999.250 -999.250 -999.250 -999.250 -999.250 -999.250 -999.250 -999.250 -999.250 -999.250 -999.250 -999.250 -999.250 -999.250 -999.250 -999.250 -999.250 -999.250 20.013 17.984 22.074 23.734 24.602 22.945 27.651 24.536 21.473 19.629 21.003 19.592 20.184 17.506 14.182 9.634 6.066 5.522 4.706 4.364 2.767 0.000 0.000 0.000 0.000 0.000 0.000 0.000 0.000 0.000 0.000 0.000 0.000 0.000 0.000 0.000 0.000 0.000
-999.250 -999.250 -999.250 -999.250 -999.250 -999.250 -999.250 -999.250 -999.250 -999.250 -999.250 -999.250 -999.250 -999.250 -999.250 -999.250 -999.250 -999.250 -999.250 -999.250 -999.250 -999.250 -999.250 -999.250 -999.250 -999.250 -999.250 -999.250 -999.250 -999.250 -999.250 22.363 23.196 27.986 25.091 29.189 29.511 26.369 25.214 24.754 25.522 23.915 21.795 20.678 16.127 9.316 8.516 6.460 5.946 3.846 2.582 2.766 0.000 0.000 0.000 0.000 0.000 0.000 0.000 0.000 0.000 0.000 0.000 0.000 0.000 0.000 0.000 0.000
-999.250 -999.250 -999.250 -999.250 -999.250 -999.250 -999.250 -999.250 -999.250 -999.250 -999.250 -999.250 -999.250 -999.250 -999.250 -999.250 -999.250 -999.250 -999.250 -999.250 -999.250 -999.250 -999.250 -999.250 -999.250 -999.250 -999.250 -999.250 -999.250 -999.250 -999.250 24.451 26.508 27.292 29.085 28.974 29.524 30.497 29.367 29.948 29.011 23.318 20.762 18.402 16.771 11.500 7.365 7.320 5.844 5.239 4.615 3.138 0.501 0.000 0.000 0.000 0.000 0.000 0.000 0.000 0.000 0.000 0.000 0.000 0.000 0.000 0.000 0.000
-999.250 -999.250 -999.250 -999.250 -999.250 -999.250 -999.250 -999.250 -999.250 -999.250 -999.250 -999.250 -999.250 -999.250 -999.250 -999.250 -999.250 -999.250 -999.250 -999.250 -999.250 -999.250 -999.250 -999.250 -999.250 -999.250 -999.250 -999.250 -999.250 -999.250 18.305 20.457 28.214 30.078 27.888 31.375 27.462 31.496 32.879 32.784 31.868 30.559 25.946 22.103 20.107 13.953 9.803 7.564 6.779 6.767 6.071 2.692 1.213 0.000 0.000 0.000 0.000 0.000 0.000 0.000 0.000 0.000 0.000 0.000 0.000 0.000 0.000 0.000
-999.250 -999.250 -999.250 -999.250 -999.250 -999.250 -999.250 -999.250 -999.250 -999.250 -999.250 -999.250 -999.250 -999.250 -999.250 -999.250 -999.250 -999.250 -999.250 -999.250 -999.250 -999.250 -999.250 -999.250 -999.250 -999.250 -999.250 -999.250 -999.250 -999.250 18.405 19.624 27.807 28.127 35.086 34.620 32.861 33.268 36.551 34.800 32.473 34.259 28.343 22.497 17.744 14.197 11.849 7.814 6.552 5.841 5.196 3.685 0.131 0.000 0.000 0.000 0.000 0.000 0.000 0.000 0.000 0.000 0.000 0.000 0.000 0.000 0.000 0.000
-999.250 -999.250 -999.250 -999.250 -999.250 -999.250 -999.250 -999.250 -999.250 -999.250 -999.250 -999.250 -999.250 -999.250 -999.250 -999.250 -999.250 -999.250 -999.250 -999.250 -999.250 -999.250 -999.250 -999.250 -999.250 -999.250 -999.250 -999.250 -999.250 -999.250 18.542 20.238 24.715 29.109 31.187 34.319 34.368 38.319 39.692 36.246 39.519 34.986 30.280 30.378 21.941 20.519 13.562 9.422 7.879 7.564 4.445 1.963 0.321 0.000 0.000 0.000 0.000 0.000 0.000 0.000 0.000 0.000 0.000 0.000 0.000 0.000 0.000 0.000
-999.250 -999.250 -999.250 -999.250 -999.250 -999.250 -999.250 -999.250 -999.250 -999.250 -999.250 -999.250 -999.250 -999.250 -999.250 -999.250 -999.250 -999.250 -999.250 -999.250 -999.250 -999.250 -999.250 -999.250 -999.250 -999.250 -999.250 -999.250 -999.250 -999.250 16.906 19.667 24.811 30.774 31.930 35.561 37.761 40.903 40.433 41.780 37.303 36.527 32.503 29.676 21.581 18.558 16.289 10.981 8.326 7.776 5.128 3.761 1.181 0.000 0.000 0.000 0.000 0.000 0.000 0.000 0.000 0.000 0.000 0.000 0.000 0.000 0.000 0.000
-999.250 -999.250 -999.250 -999.250 -999.250 -999.250 -999.250 -999.250 -999.250 -999.250 -999.250 -999.250 -999.250 -999.250 -999.250 -999.250 -999.250 -999.250 -999.250 -999.250 -999.250 -999.250 -999.250 -999.250 -999.250 -999.250 -999.250 -999.250 -999.250 -999.250 12.798 19.240 25.701 31.982 31.032 32.682 39.383 41.467 44.106 48.550 39.516 37.193 36.578 31.121 25.008 19.824 12.078 17.007 12.938 8.721 5.766 3.482 4.255 1.010 0.000 0.000 0.000 0.000 0.000 0.000 0.000 0.000 0.000 0.000 0.000 0.000 0.000 0.000
-999.250 -999.250 -999.250 -999.250 -999.250 -999.250 -999.250 -999.250 -999.250 -999.250 -999.250 -999.250 -999.250 -999.250 -999.250 -999.250 -999.250 -999.250 -999.250 -999.250 -999.250 -999.250 -999.250 -999.250 -999.250 -999.250 -999.250 -999.250 -999.250 10.886 10.593 19.567 24.267 29.143 27.803 33.359 35.538 41.370 40.917 40.675 36.896 32.552 32.455 30.544 24.023 19.002 16.404 14.211 11.944 6.623 6.828 4.586 3.859 0.166 0.000 0.000 0.000 0.000 0.000 0.000 0.000 0.000 0.000 0.000 0.000 0.000 0.000 0.000
-999.250 -999.250 -999.250 -999.250 -999.250 -999.250 -999.250 -999.250 -999.250 -999.250 -999.250 -999.250 -999.250 -999.250 -999.250 -999.250 -999.250 -999.250 -999.250 -999.250 -999.250 -999.250 -999.250 -999.250 -999.250 -999.250 -999.250 -999.250 -999.250 -999.250 14.364 16.623 21.373 21.251 25.380 29.961 33.488 36.187 38.342 35.026 38.986 34.154 27.370 27.294 25.814 18.166 18.310 13.865 10.099 7.563 6.239 4.886 2.955 1.144 0.000 0.000 0.000 0.000 0.000 0.000 0.000 0.000 0.000 0.000 0.000 0.000 0.000 0.000
-999.250 -999.250 -999.250 -999.250 -999.250 -999.250 -999.250 -999.250 -999.250 -999.250 -999.250 -999.250 -999.250 -999.250 -999.250 -999.250 -999.250 -999.250 -999.250 -999.250 -999.250 -999.250 -999.250 -999.250 -999.250 -999.250 -999.250 -999.250 -999.250 -999.250 11.614 16.377 16.892 19.611 22.863 25.866 32.069 34.012 34.322 33.893 33.328 33.136 31.684 22.757 22.508 20.357 15.032 11.903 10.145 7.882 6.693 5.010 3.166 2.350 0.017 0.000 0.000 0.000 0.000 0.000 0.000 0.000 0.000 0.000 0.000 0.000 0.000 0.000
-999.250 -999.250 -999.250 -999.250 -999.250 -999.250 -999.250 -999.250 -999.250 -999.250 -999.250 -999.250 -999.250 -999.250 -999.250 -999.250 -999.250 -999.250 -999.250 -999.250 -999.250 -999.250 -999.250 -999.250 -999.250 -999.250 -999.250 -999.250 -999.250 -999.250 -999.250 12.645 13.335 17.066 19.583 23.497 28.229 32.470 30.032 30.470 33.365 29.710 26.488 21.366 23.768 18.770 15.413 13.026 9.906 7.402 6.407 5.624 3.757 0.303 0.000 0.000 0.000 0.000 0.000 0.000 0.000 0.000 0.000 0.000 0.000 0.000 0.000 0.000
-999.250 -999.250 -999.250 -999.250 -999.250 -999.250 -999.250 -999.250 -999.250 -999.250 -999.250 -999.250 -999.250 -999.250 -999.250 -999.250 -999.250 -999.250 -999.250 -999.250 -999.250 -999.250 -999.250 -999.250 -999.250 -999.250 -999.250 -999.250 -999.250 -999.250 -999.250 13.716 13.054 15.545 18.755 20.315 27.442 29.507 28.395 27.739 25.001 26.382 25.959 25.341 17.599 16.663 12.660 12.908 10.388 7.880 6.747 5.240 2.711 0.988 0.000 0.000 0.000 0.000 0.000 0.000 0.000 0.000 0.000 0.000 0.000 0.000 0.000 0.000
-999.250 -999.250 -999.250 -999.250 -999.250 -999.250 -999.250 -999.250 -999.250 -999.250 -999.250 -999.250 -999.250 -999.250 -999.250 -999.250 -999.250 -999.250 -999.250 -999.250 -999.250 -999.250 -999.250 -999.250 -999.250 -999.250 -999.250 -999.250 -999.250 -999.250 10.723 11.763 12.543 16.050 19.245 19.492 21.406 23.888 26.051 21.983 21.584 25.943 24.050 20.220 16.377 11.526 11.740 10.090 9.581 10.647 7.854 4.195 2.097 1.693 0.000 0.000 0.000 0.000 0.000 0.000 0.000 0.000 0.000 0.000 0.000 0.000 0.000 0.000
-999.250 -999.250 -999.250 -999.250 -999.250 -999.250 -999.250 -999.250 -999.250 -999.250 -999.250 -999.250 -999.250 -999.250 -999.250 -999.250 -999.250 -999.250 -999.250 -999.250 -999.250 -999.250 -999.250 -999.250 -999.250 -999.250 -999.250 -999.250 -999.250 -999.250 4.835 6.527 10.394 15.683 16.607 17.752 18.551 17.252 20.993 17.957 20.652 18.897 18.557 16.533 12.585 11.130 9.490 7.995 9.020 7.021 5.514 4.212 1.555 2.182 0.354 0.000 0.000 0.000 0.000 0.000 0.000 0.000 0.000 0.000 0.000 0.000 0.000 0.000
-999.250 -999.250 -999.250 -999.250 -999.250 -999.250 -999.250 -999.250 -999.250 -999.250 -999.250 -999.250 -999.250 -999.250 -999.250 -999.250 -999.250 -999.250 -999.250 -999.250 -999.250 -999.250 -999.250 -999.250 -999.250 -999.250 -999.250 -999.250 -999.250 -999.250 5.351 6.947 7.646 10.102 14.439 13.459 14.322 16.462 17.640 17.356 16.000 14.451 17.521 14.969 15.469 10.747 12.744 8.381 7.626 7.214 4.829 5.197 3.314 2.434 0.310 0.000 0.000 0.000 0.000 0.000 0.000 0.000 0.000 0.000 0.000 0.000 0.000 0.000
-999.250 -999.250 -999.250 -999.250 -999.250 -999.250 -999.250 -999.250 -999.250 -999.250 -999.250 -999.250 -999.250 -999.250 -999.250 -999.250 -999.250 -999.250 -999.250 -999.250 -999.250 -999.250 -999.250 -999.250 -999.250 -999.250 -999.250 -999.250 -999.250 -999.250 4.103 6.321 7.983 8.405 8.948 9.132 11.072 13.196 13.799 12.083 14.506 13.362 11.504 15.360 11.950 9.361 11.558 8.449 10.109 5.381 6.437 4.448 4.569 3.135 1.164 0.000 0.000 0.000 0.000 0.000 0.000 0.000 0.000 0.000 0.000 0.000 0.000 0.000
-999.250 -999.250 -999.250 -999.250 -999.250 -999.250 -999.250 -999.250 -999.250 -999.250 -999.250 -999.250 -999.250 -999.250 -999.250 -999.250 -999.250 -999.250 -999.250 -999.250 -999.250 -999.250 -999.250 -999.250 -999.250 -999.250 -999.250 -999.250 -999.250 -999.250 3.003 4.175 5.518 7.421 7.304 10.745 11.987 12.704 10.580 10.745 11.596 9.781 10.727 13.881 11.700 9.967 9.791 10.073 7.913 6.970 5.467 4.467 3.397 3.194 0.792 1.092 0.585 0.000 0.000 0.000 0.000 0.000 0.000 0.000 0.000 0.000 0.000 0.000
-999.250 -999.250 -999.250 -999.250 -999.250 -999.250 -999.250 -999.250 -999.250 -999.250 -999.250 -999.250 -999.250 -999.250 -999.250 -999.250 -999.250 -999.250 -999.250 -999.250 -999.250 -999.250 -999.250 -999.250 -999.250 -999.250 -999.250 -999.250 -999.250 -999.250 3.381 4.513 5.016 6.915 7.855 8.890 11.367 11.841 12.313 9.779 12.038 11.048 10.306 9.251 8.969 9.018 10.539 11.373 8.616 7.154 6.941 5.891 3.971 3.995 2.991 2.538 1.608 0.000 0.000 0.000 0.000 0.000 0.000 0.000 0.000 0.000 0.000 0.000
-999.250 -999.250 -999.250 -999.250 -999.250 -999.250 -999.250 -999.250 -999.250 -999.250 -999.250 -999.250 -999.250 -999.250 -999.250 -999.250 -999.250 -999.250 -999.250 -999.250 -999.250 -999.250 -999.250 -999.250 -999.250 -999.250 -999.250 -999.250 -999.250 0.000 1.425 2.345 4.662 6.112 7.281 7.512 10.762 11.588 11.942 10.330 11.710 10.833 11.530 12.882 7.622 8.786 9.452 7.994 7.720 6.248 5.936 4.515 4.266 3.784 3.740 3.886 0.937 0.295 0.664 0.360 0.651 0.000 0.000 0.000 0.000 0.000 0.000 0.000
-999.250 -999.250 -999.250 -999.250 -999.250 -999.250 -999.250 -999.250 -999.250 -999.250 -999.250 -999.250 -999.250 -999.250 -999.250 -999.250 -999.250 -999.250 -999.250 -999.250 -999.250 -999.250 -999.250 -999.250 -999.250 -999.250 -999.250 -999.250 -999.250 0.000 0.000 0.502 2.728 4.225 5.776 6.908 8.178 9.980 8.789 8.809 10.680 10.484 9.716 12.349 10.238 7.631 8.707 7.490 7.164 7.485 6.351 5.871 5.357 5.765 6.254 5.632 3.889 1.868 3.319 1.967 2.281 0.889 0.000 0.000 0.000 0.000 0.000 0.000
-999.250 -999.250 -999.250 -999.250 -999.250 -999.250 -999.250 -999.250 -999.250 -999.250 -999.250 -999.250 -999.250 -999.250 -999.250 -999.250 -999.250 -999.250 -999.250 -999.250 -999.250 -999.250 -999.250 -999.250 -999.250 -999.250 -999.250 -999.250 0.000 0.000 0.000 0.000 0.480 2.288 4.639 5.642 7.793 7.725 9.192 8.044 11.423 10.279 9.409 8.735 8.797 7.929 8.382 10.756 7.250 8.145 7.544 6.373 7.151 6.192 5.735 5.992 6.481 4.870 4.961 3.895 4.163 3.244 1.511 1.479 1.403 0.963 0.000 0.000
-999.250 -999.250 -999.250 -999.250 -999.250 -999.250 -999.250 -999.250 -999.250 -999.250 -999.250 -999.250 -999.250 -999.250 -999.250 -999.250 -999.250 -999.250 -999.250 -999.250 -999.250 -999.250 -999.250 -999.250 -999.250 -999.250 -999.250 -999.250 0.000 0.000 0.000 0.000 0.000 1.037 2.218 4.274 6.242 8.496 10.667 12.283 14.334 12.225 10.110 10.253 8.785 7.945 9.566 9.428 6.738 7.375 7.404 7.486 7.265 6.329 7.648 6.463 7.005 5.793 5.981 6.343 6.707 4.925 4.332 3.309 2.605 0.277 0.000 0.000
-999.250 -999.250 -999.250 -999.250 -999.250 -999.250 -999.250 -999.250 -999.250 -999.250 -999.250 -999.250 -999.250 -999.250 -999.250 -999.250 -999.250 -999.250 -999.250 -999.250 -999.250 -999.250 -999.250 -999.250 -999.250 -999.250 -999.250 0.000 0.000 0.000 0.000 0.000 0.000 0.893 3.881 5.053 6.147 8.679 10.533 14.786 19.697 11.903 11.932 9.351 9.902 10.088 7.622 5.976 5.598 6.400 8.903 6.458 7.720 8.689 7.777 7.002 7.522 8.847 7.890 7.479 7.596 7.305 7.172 5.152 3.411 1.182 1.295 0.170
-999.250 -999.250 -999.250 -999.250 -999.250 -999.250 -999.250 -999.250 -999.250 -999.250 -999.250 -999.250 -999.250 -999.250 -999.250 -999.250 -999.250 -999.250 -999.250 -999.250 -999.250 -999.250 -999.250 -999.250 -999.250 -999.250 -999.250 0.000 0.000 0.000 0.000 0.000 0.000 1.543 4.473 4.547 6.286 9.991 11.189 13.338 16.381 13.320 9.680 9.710 8.425 9.442 8.846 6.164 7.026 8.502 9.062 8.627 9.542 10.856 10.126 9.539 10.771 9.902 9.136 10.132 8.520 9.454 8.182 4.761 4.394 2.906 1.713 0.000
-999.250 -999.250 -999.250 -999.250 -999.250 -999.250 -999.250 -999.250 -999.250 -999.250 -999.250 -999.250 -999.250 -999.250 -999.250 -999.250 -999.250 -999.250 -999.250 -999.250 -999.250 -999.250 -999.250 -999.250 -999.250 -999.250 -999.250 0.000 0.000 0.000 0.000 0.000 0.000 3.186 4.741 6.176 7.928 10.541 10.074 12.862 11.471 10.365 10.718 9.735 9.517 9.131 7.798 7.878 7.945 6.967 8.409 8.331 12.014 10.258 11.230 12.558 13.474 12.184 10.612 12.747 11.663 12.707 9.175 6.458 5.703 4.128 1.997 1.309
