data/medianmodel_14-Jan-2021.asc
ncols	141
nrows	288
xllcorner	-120191.398
yllcorner	-301404.813
cellsize	2000.000
NODATA_value	-999.250
[rows 84 to 111 of 288, columns 64 to 127 of 141]
1436.408 1383.654 1353.970 1308.205 1302.445 1289.957 1310.728 1395.196 1444.636 1515.471 1505.357 1545.340 1613.482 1849.407 2138.566 2273.956 2427.261 2574.772 2827.385 3264.480 3975.265 3389.871 2995.032 2723.450 2335.001 1869.531 1501.155 1423.837 1344.961 1355.782 1391.737 1407.494 1379.331 1377.550 1458.440 1383.846 1332.171 1286.518 1254.600 1254.751 1217.066 1169.050 1153.884 1081.431 1005.630 1014.623 959.262 939.113 908.699 877.199 857.633 -999.250 -999.250 -999.250 -999.250 -999.250 -999.250 -999.250 -999.250 -999.250 -999.250 -999.250 -999.250 -999.250
1401.269 1403.676 1385.295 1357.302 1336.898 1333.596 1399.064 1422.678 1439.938 1449.093 1462.299 1444.738 1518.098 1641.437 1792.848 2084.164 2220.601 2490.495 2678.317 2853.718 3066.627 2990.943 2769.861 2478.472 2143.090 1678.439 1485.799 1367.868 1343.861 1355.767 1337.850 1313.044 1299.196 1313.373 1355.075 1332.040 1313.293 1258.812 1227.493 1176.014 1111.657 1081.539 1082.819 965.725 951.290 899.004 894.987 839.361 785.867 768.786 784.876 -999.250 -999.250 -999.250 -999.250 -999.250 -999.250 -999.250 -999.250 -999.250 -999.250 -999.250 -999.250 -999.250
1390.062 1369.029 1345.874 1368.973 1411.191 1445.549 1448.718 1437.750 1415.580 1420.668 1437.525 1407.762 1412.433 1476.238 1675.952 1760.208 1875.615 1981.177 2273.628 2504.662 2630.460 2694.380 2471.047 2160.222 1980.022 1572.595 1457.747 1306.247 1264.680 1269.455 1263.821 1265.909 1325.172 1311.359 1294.734 1280.972 1256.216 1211.833 1223.428 1107.376 1025.087 1018.577 971.341 933.842 867.065 845.266 791.712 744.086 707.385 694.944 -999.250 -999.250 -999.250 -999.250 -999.250 -999.250 -999.250 -999.250 -999.250 -999.250 -999.250 -999.250 -999.250 -999.250
1401.024 1370.686 1391.602 1388.334 1402.820 1453.626 1495.783 1514.039 1504.097 1418.464 1395.324 1365.992 1331.851 1373.614 1421.794 1439.283 1524.799 1683.391 1769.575 1823.595 2007.151 2143.462 2012.532 1842.034 1648.714 1476.016 1409.575 1293.610 1224.381 1216.261 1239.058 1264.032 1284.723 1279.316 1266.135 1226.347 1180.227 1202.290 1113.807 1068.998 1016.621 948.909 911.501 859.180 822.746 765.995 716.851 657.841 653.584 643.154 -999.250 -999.250 -999.250 -999.250 -999.250 -999.250 -999.250 -999.250 -999.250 -999.250 -999.250 -999.250 -999.250 -999.250
1427.924 1381.348 1379.327 1400.750 1444.963 1478.956 1544.108 1592.945 1512.235 1432.361 1337.369 1294.137 1236.259 1236.992 1222.639 1217.689 1234.979 1250.820 1350.867 1420.898 1587.734 1637.605 1721.046 1529.661 1432.152 1334.212 1290.485 1241.596 1185.469 1169.347 1209.386 1219.179 1259.773 1288.203 1242.954 1214.976 1134.616 1078.749 1026.643 1027.566 986.689 893.279 822.806 780.241 725.231 683.657 628.328 646.903 627.372 593.433 626.339 640.396 -999.250 -999.250 -999.250 -999.250 -999.250 -999.250 -999.250 -999.250 -999.250 -999.250 -999.250 -999.250
1436.364 1398.416 1378.045 1363.079 1410.378 1461.819 1608.313 1741.945 1547.364 1388.235 1301.204 1221.012 1149.243 1089.006 1032.637 991.358 947.756 871.179 863.910 1033.492 1215.969 1328.585 1317.085 1257.166 1298.269 1221.123 1213.685 1164.747 1163.886 1100.726 1172.800 1178.526 1220.918 1199.432 1170.671 1141.334 1083.087 1015.171 974.496 965.667 923.660 830.644 814.711 749.494 687.733 670.871 629.567 600.898 604.914 626.633 606.708 622.058 -999.250 -999.250 -999.250 -999.250 -999.250 -999.250 -999.250 -999.250 -999.250 -999.250 -999.250 -999.250
1418.041 1376.890 1351.671 1333.552 1373.391 1417.825 1475.153 1500.815 1450.399 1366.394 1245.221 1174.906 1099.883 1025.044 908.115 838.441 729.316 604.856 427.868 676.646 876.891 1009.551 1096.368 1089.961 1105.155 1153.314 1131.633 1139.237 1107.806 1072.564 1098.532 1152.843 1140.675 1140.538 1116.832 1045.745 1035.483 960.481 924.572 922.704 845.360 809.322 731.248 695.602 689.903 641.422 582.539 564.713 564.267 601.984 604.219 600.082 -999.250 -999.250 -999.250 -999.250 -999.250 -999.250 -999.250 -999.250 -999.250 -999.250 -999.250 -999.250
1408.856 1361.869 1352.817 1335.894 1360.394 1377.178 1376.301 1399.729 1396.378 1318.649 1215.706 1109.835 1019.146 940.536 827.131 721.168 621.435 517.687 462.110 533.584 710.557 828.228 917.534 906.061 959.319 975.420 1005.983 1020.233 1056.697 1057.137 1083.819 1120.111 1109.518 1098.107 1051.166 981.483 943.840 912.117 878.543 850.691 810.158 782.399 739.962 729.888 638.319 625.250 601.727 586.707 554.705 573.801 576.120 -999.250 -999.250 -999.250 -999.250 -999.250 -999.250 -999.250 -999.250 -999.250 -999.250 -999.250 -999.250 -999.250
1352.104 1320.580 1323.876 1312.259 1309.695 1320.001 1328.417 1340.137 1293.839 1239.220 1191.969 1121.735 1015.616 902.025 838.135 690.971 603.284 512.265 488.043 522.886 607.394 697.938 742.246 806.877 882.378 891.877 966.373 975.703 978.621 972.297 1025.915 1030.018 1078.991 1018.011 975.070 948.651 904.571 877.191 851.061 818.316 777.083 726.558 700.016 673.194 658.139 643.387 602.961 609.400 615.740 585.640 615.245 -999.250 -999.250 -999.250 -999.250 -999.250 -999.250 -999.250 -999.250 -999.250 -999.250 -999.250 -999.250 -999.250
1368.824 1329.471 1339.578 1267.440 1245.188 1236.420 1232.057 1227.041 1219.282 1170.151 1182.689 1062.153 1000.388 938.269 836.621 718.514 615.435 560.094 537.991 545.442 592.379 644.247 690.492 746.194 840.103 823.447 903.464 906.125 960.958 951.869 997.270 1009.462 961.759 953.989 944.297 897.275 861.763 833.236 781.775 806.504 772.370 677.280 696.548 678.399 676.874 679.228 631.810 637.041 583.807 599.272 -999.250 -999.250 -999.250 -999.250 -999.250 -999.250 -999.250 -999.250 -999.250 -999.250 -999.250 -999.250 -999.250 -999.250
1362.437 1372.625 1312.406 1218.854 1223.516 1233.066 1231.128 1255.020 1183.755 1105.205 1101.225 989.672 972.949 929.966 866.696 791.766 689.302 638.544 584.712 597.406 583.103 623.347 646.207 672.442 722.303 769.626 832.047 875.687 913.336 911.320 909.182 922.997 927.058 939.722 868.896 861.920 810.446 788.903 766.510 771.388 780.012 701.499 695.393 690.929 715.092 720.214 702.976 647.689 635.124 608.341 -999.250 -999.250 -999.250 -999.250 -999.250 -999.250 -999.250 -999.250 -999.250 -999.250 -999.250 -999.250 -999.250 -999.250
1420.863 1434.440 1439.019 1354.025 1306.170 1251.689 1235.044 1200.309 1177.943 1143.759 1069.535 993.398 1002.104 943.938 933.844 877.443 794.950 679.743 642.943 593.155 599.784 631.859 644.612 689.575 705.006 727.261 780.329 814.990 862.889 865.593 892.542 874.512 876.368 824.997 867.395 827.581 809.002 736.453 740.464 781.832 788.170 783.052 738.055 707.194 778.459 768.579 693.349 676.961 701.033 714.183 -999.250 -999.250 -999.250 -999.250 -999.250 -999.250 -999.250 -999.250 -999.250 -999.250 -999.250 -999.250 -999.250 -999.250
1671.386 1632.289 1569.966 1433.623 1380.116 1290.819 1261.032 1208.851 1192.345 1126.627 1100.663 1080.379 1014.372 1024.000 988.054 1007.466 840.702 740.732 674.831 634.870 620.068 634.734 635.511 673.205 676.620 688.767 749.264 816.223 831.915 846.915 857.868 866.787 876.373 840.061 838.038 833.344 856.555 813.777 813.982 814.522 807.509 828.271 786.861 772.739 794.596 772.068 735.452 723.359 739.778 752.814 790.203 -999.250 -999.250 -999.250 -999.250 -999.250 -999.250 -999.250 -999.250 -999.250 -999.250 -999.250 -999.250 -999.250
1914.532 1785.862 1744.860 1591.528 1469.124 1359.542 1251.017 1208.113 1203.842 1154.401 1130.121 1085.628 1044.620 1006.581 981.490 940.425 843.413 793.923 711.065 655.491 645.919 664.113 643.948 652.328 661.982 700.943 732.165 802.381 839.599 875.990 868.563 860.024 868.733 860.616 840.485 846.410 843.148 838.124 841.035 868.614 871.999 864.697 854.454 825.664 814.697 821.767 810.257 837.851 805.903 815.176 849.395 852.955 -999.250 -999.250 -999.250 -999.250 -999.250 -999.250 -999.250 -999.250 -999.250 -999.250 -999.250 -999.250
2471.851 2098.211 1815.293 1668.134 1463.701 1369.276 1330.306 1269.776 1171.901 1167.178 1142.889 1092.656 1040.821 1035.755 938.318 927.182 877.363 800.940 724.195 682.023 632.236 631.744 615.760 640.960 652.730 686.513 717.399 760.306 803.140 875.274 857.554 846.247 825.486 852.696 866.875 847.086 832.614 837.210 882.614 884.734 921.016 916.379 854.273 880.575 858.992 844.810 849.362 873.727 869.454 898.578 915.761 890.592 894.158 -999.250 -999.250 -999.250 -999.250 -999.250 -999.250 -999.250 -999.250 -999.250 -999.250 -999.250
2286.590 2225.934 1931.462 1753.293 1565.219 1410.097 1344.542 1272.369 1189.425 1172.213 1135.582 1066.367 1034.090 991.870 954.408 892.428 871.501 785.732 742.589 696.079 656.243 641.972 630.305 645.936 663.927 659.323 693.652 738.285 790.494 826.834 841.908 840.493 839.339 873.314 877.534 874.124 884.231 883.685 889.622 960.118 991.970 942.508 900.784 891.575 879.861 933.003 889.731 937.198 927.876 889.915 927.475 934.074 -999.250 -999.250 -999.250 -999.250 -999.250 -999.250 -999.250 -999.250 -999.250 -999.250 -999.250 -999.250
2102.451 2183.054 1844.240 1806.625 1636.073 1489.270 1374.851 1310.544 1232.589 1174.735 1171.009 1133.243 1104.550 1045.031 975.183 902.609 859.813 753.667 751.720 737.256 659.724 667.197 671.100 647.808 643.887 670.799 688.799 723.630 794.752 814.603 854.017 881.213 866.433 878.092 880.847 899.955 905.429 943.954 934.147 970.372 984.772 953.087 933.928 903.059 930.631 903.695 940.895 927.187 933.423 971.090 955.148 960.558 972.050 -999.250 -999.250 -999.250 -999.250 -999.250 -999.250 -999.250 -999.250 -999.250 -999.250 -999.250
2082.367 1924.403 1857.613 1793.419 1648.336 1453.844 1407.436 1332.160 1257.126 1221.874 1224.384 1143.571 1144.370 1078.022 1015.986 942.628 869.024 804.814 767.987 713.347 674.223 684.977 668.587 661.405 680.852 671.266 708.128 722.747 791.513 818.164 838.957 862.118 894.856 916.655 921.679 945.240 963.266 956.037 1009.361 997.381 1015.407 998.993 988.777 953.380 954.315 962.319 979.122 978.066 1006.488 1013.149 986.577 -999.250 -999.250 -999.250 -999.250 -999.250 -999.250 -999.250 -999.250 -999.250 -999.250 -999.250 -999.250 -999.250
1984.226 1796.098 1764.265 1691.993 1583.177 1482.060 1394.326 1374.003 1339.456 1258.374 1243.022 1205.750 1210.672 1127.236 1036.466 996.061 922.778 877.577 821.958 736.792 710.599 705.355 672.835 684.555 685.308 673.614 698.900 771.300 801.369 806.203 835.629 879.334 920.083 937.284 971.044 953.221 1004.642 1022.107 1004.368 1019.671 1025.515 1001.181 1037.781 1032.404 1009.201 1013.581 1036.090 1021.376 992.635 996.024 -999.250 -999.250 -999.250 -999.250 -999.250 -999.250 -999.250 -999.250 -999.250 -999.250 -999.250 -999.250 -999.250 -999.250
1749.406 1758.709 1677.233 1630.596 1538.085 1558.597 1436.164 1411.128 1340.093 1250.047 1251.353 1194.722 1190.262 1093.832 1098.867 1040.391 950.372 936.198 873.624 774.421 782.643 748.865 733.996 720.285 714.769 709.755 743.727 717.527 774.365 832.161 852.754 904.087 948.344 1003.376 1021.081 1032.636 1053.104 1066.258 1046.473 1068.743 1099.743 1070.568 1104.749 1105.819 1115.857 1103.390 1082.171 1112.478 1009.627 1053.465 -999.250 -999.250 -999.250 -999.250 -999.250 -999.250 -999.250 -999.250 -999.250 -999.250 -999.250 -999.250 -999.250 -999.250
1773.428 1680.788 1698.203 1651.395 1624.740 1545.942 1508.240 1442.075 1337.992 1317.853 1280.955 1232.827 1203.704 1208.416 1167.002 1117.410 1101.221 1005.693 919.048 860.274 857.590 816.563 801.654 777.091 777.196 762.591 802.824 810.135 815.420 881.331 865.938 904.506 944.194 992.716 1053.486 1059.606 1115.994 1088.227 1085.790 1151.565 1126.038 1100.568 1155.410 1135.929 1117.566 1163.791 1175.170 1183.906 1118.114 -999.250 -999.250 -999.250 -999.250 -999.250 -999.250 -999.250 -999.250 -999.250 -999.250 -999.250 -999.250 -999.250 -999.250 -999.250
1570.034 1604.434 1657.417 1586.018 1611.190 1574.320 1539.580 1504.654 1438.163 1412.245 1316.095 1283.806 1286.139 1236.502 1199.326 1188.944 1114.704 1013.348 988.208 950.095 903.034 887.737 866.001 829.762 822.479 828.114 855.194 864.342 884.894 894.434 947.390 966.755 1040.015 1005.821 1066.390 1099.848 1132.814 1099.951 1123.517 1192.346 1167.940 1173.644 1166.508 1181.084 1179.640 -999.250 -999.250 -999.250 -999.250 -999.250 -999.250 -999.250 -999.250 -999.250 -999.250 -999.250 -999.250 -999.250 -999.250 -999.250 -999.250 -999.250 -999.250 -999.250
1498.818 1611.378 1598.761 1647.470 1736.929 1662.911 1755.548 1493.150 1538.294 1502.077 1425.239 1363.311 1284.966 1262.126 1269.575 1217.612 1171.156 1132.380 1079.130 1007.965 964.830 946.311 908.270 906.456 915.886 878.199 869.600 898.860 922.180 962.223 1018.405 1061.363 1054.233 1084.907 1103.590 1128.201 1176.282 1175.137 1176.091 1209.975 1190.998 1226.076 1192.526 -999.250 -999.250 -999.250 -999.250 -999.250 -999.250 -999.250 -999.250 -999.250 -999.250 -999.250 -999.250 -999.250 -999.250 -999.250 -999.250 -999.250 -999.250 -999.250 -999.250 -999.250
1532.468 1586.853 1673.057 1706.234 1687.769 1732.469 1652.811 1613.086 1632.634 1533.127 1565.405 1479.239 1395.716 1312.952 1314.091 1267.527 1223.088 1193.557 1153.107 1096.053 1077.606 1018.815 1009.004 1009.836 999.851 952.084 927.391 976.395 966.336 966.181 1023.430 1091.925 1100.392 1114.564 1215.928 1192.723 1185.681 1240.461 1232.416 1243.765 1246.432 1225.007 1246.902 -999.250 -999.250 -999.250 -999.250 -999.250 -999.250 -999.250 -999.250 -999.250 -999.250 -999.250 -999.250 -999.250 -999.250 -999.250 -999.250 -999.250 -999.250 -999.250 -999.250 -999.250
1707.813 1715.840 1782.872 1818.980 1818.192 1842.831 1856.884 1796.226 1744.014 1703.889 1619.774 1530.053 1455.523 1373.242 1299.831 1321.875 1228.127 1197.805 1149.321 1140.157 1092.491 1097.983 1118.143 1115.563 1055.659 1002.443 1009.035 1046.916 1042.889 1087.963 1088.788 1082.477 1138.274 1127.706 1217.452 1204.242 1231.908 1263.135 1279.061 1322.635 1330.534 1256.941 1281.363 -999.250 -999.250 -999.250 -999.250 -999.250 -999.250 -999.250 -999.250 -999.250 -999.250 -999.250 -999.250 -999.250 -999.250 -999.250 -999.250 -999.250 -999.250 -999.250 -999.250 -999.250
1959.761 1931.564 2012.163 2018.324 1960.861 2103.492 2009.214 2086.992 1851.034 1781.292 1725.868 1606.666 1468.349 1441.769 1430.730 1299.246 1262.561 1230.926 1207.326 1190.077 1181.961 1178.193 1184.334 1164.517 1147.594 1118.867 1101.154 1097.835 1095.627 1128.103 1120.452 1140.645 1174.270 1170.210 1236.557 1247.742 1307.333 1304.853 1305.344 1388.013 1363.285 1309.817 1247.580 -999.250 -999.250 -999.250 -999.250 -999.250 -999.250 -999.250 -999.250 -999.250 -999.250 -999.250 -999.250 -999.250 -999.250 -999.250 -999.250 -999.250 -999.250 -999.250 -999.250 -999.250
2182.970 2178.145 2226.331 2327.014 2255.875 2290.570 2209.848 2178.620 1980.009 1952.926 1823.040 1709.748 1589.899 1487.785 1428.769 1349.586 1326.455 1267.056 1296.730 1246.996 1211.906 1210.537 1234.846 1234.195 1202.788 1206.807 1218.955 1176.851 1128.082 1176.105 1161.838 1148.304 1164.834 1219.030 1210.637 1294.066 1276.034 1335.091 1405.099 1404.429 1395.874 1329.628 1288.489 -999.250 -999.250 -999.250 -999.250 -999.250 -999.250 -999.250 -999.250 -999.250 -999.250 -999.250 -999.250 -999.250 -999.250 -999.250 -999.250 -999.250 -999.250 -999.250 -999.250 -999.250
2365.972 2372.854 2372.663 2448.592 2515.932 2436.781 2492.905 2463.776 2312.148 2216.711 1913.023 1782.488 1662.878 1495.200 1435.207 1395.418 1369.810 1326.575 1252.475 1265.237 1303.735 1269.740 1249.508 1242.047 1200.250 1177.291 1221.654 1216.599 1189.452 1162.840 1183.892 1204.249 1225.073 1268.243 1236.726 1297.154 1308.079 1374.093 1391.858 1389.080 1404.381 1319.779 1272.604 -999.250 -999.250 -999.250 -999.250 -999.250 -999.250 -999.250 -999.250 -999.250 -999.250 -999.250 -999.250 -999.250 -999.250 -999.250 -999.250 -999.250 -999.250 -999.250 -999.250 -999.250
