data/medianmodel_02-Nov-2020.asc
ncols	141
nrows	288
xllcorner	-120191.398
yllcorner	-301404.813
cellsize	2000.000
NODATA_value	-999.250
[rows 145 to 173 of 288, columns 0 to 64 of 141]
-999.250 -999.250 -999.250 -999.250 -999.250 -999.250 -999.250 -999.250 -999.250 -999.250 -999.250 -999.250 -999.250 -999.250 -999.250 -999.250 -999.250 190.120 191.008 181.758 173.450 152.865 138.148 129.297 113.366 120.989 142.665 145.272 140.877 161.003 189.350 193.050 194.578 209.816 219.370 205.867 205.876 210.858 203.999 197.244 213.745 211.481 206.406 203.351 208.168 172.135 158.595 152.265 145.823 148.733 175.988 187.117 211.939 210.519 220.669 237.709 241.858 237.475 221.373 226.820 207.043 200.533 162.426 152.988 136.590
-999.250 -999.250 -999.250 -999.250 -999.250 -999.250 -999.250 -999.250 -999.250 -999.250 -999.250 -999.250 -999.250 -999.250 -999.250 192.621 184.057 166.279 174.646 170.728 162.669 135.288 135.751 116.132 130.758 124.991 135.824 136.051 146.648 172.063 177.885 187.141 198.249 193.205 207.657 206.935 212.858 204.279 187.048 207.497 206.879 217.559 220.995 218.565 199.947 170.270 148.947 141.679 142.894 147.483 159.981 195.109 222.188 237.244 259.419 254.093 252.708 241.958 227.770 239.715 213.664 195.150 182.282 170.055 161.424
-999.250 -999.250 -999.250 -999.250 -999.250 -999.250 -999.250 -999.250 -999.250 -999.250 -999.250 -999.250 -999.250 -999.250 186.106 164.870 156.021 154.451 170.890 152.474 138.766 140.375 143.158 131.758 98.810 116.751 127.640 149.286 172.026 170.558 174.675 172.318 193.265 218.004 199.830 208.395 212.366 200.890 202.849 197.367 207.222 207.865 210.765 199.483 189.938 181.704 143.520 120.924 123.488 152.273 157.974 182.873 220.008 248.139 254.345 261.116 248.197 248.051 250.537 221.397 225.457 205.665 188.634 174.743 160.132
-999.250 -999.250 -999.250 -999.250 -999.250 -999.250 -999.250 -999.250 -999.250 -999.250 -999.250 -999.250 -999.250 -999.250 161.931 140.207 149.680 145.359 154.049 132.681 139.557 134.046 132.721 123.710 113.849 113.000 140.286 158.239 182.270 163.358 197.779 205.049 205.203 225.296 203.831 213.764 212.214 195.175 221.246 201.846 217.627 202.770 196.055 184.613 186.168 171.630 140.525 80.418 107.262 138.097 164.075 185.801 216.134 238.299 261.887 251.074 263.002 249.881 229.214 218.467 213.058 219.977 181.911 191.443 162.742
-999.250 -999.250 -999.250 -999.250 -999.250 -999.250 -999.250 -999.250 -999.250 -999.250 -999.250 -999.250 -999.250 152.510 131.859 145.545 144.252 144.867 141.828 124.371 126.414 130.243 125.434 130.151 131.968 134.945 158.756 162.098 185.819 196.744 203.135 197.321 214.490 217.655 234.489 227.563 219.800 233.681 221.011 212.971 208.695 219.267 205.203 196.886 172.820 151.024 139.695 114.014 125.372 147.893 180.234 197.967 226.624 240.577 266.199 264.894 266.562 248.936 236.355 250.958 239.964 221.895 212.492 178.432 189.167
-999.250 -999.250 -999.250 -999.250 -999.250 -999.250 -999.250 -999.250 -999.250 -999.250 -999.250 -999.250 138.627 135.771 139.317 144.267 129.474 123.157 116.519 128.458 119.137 139.900 138.336 136.425 148.798 144.492 174.107 187.584 206.623 214.780 233.422 213.216 238.905 252.720 239.945 239.580 222.801 233.339 227.994 219.692 201.681 208.538 200.439 181.697 161.827 149.079 136.944 146.543 155.698 177.013 191.072 220.820 244.121 246.511 255.531 244.346 283.705 259.595 259.163 248.886 257.990 235.615 216.466 196.660 189.921
-999.250 -999.250 -999.250 -999.250 -999.250 -999.250 -999.250 -999.250 -999.250 -999.250 -999.250 113.511 126.609 102.989 124.197 138.206 130.245 113.084 129.681 120.543 124.169 143.028 139.393 152.334 159.068 168.240 164.754 187.032 231.631 211.569 237.314 240.974 257.642 257.606 267.245 255.209 253.246 249.211 244.955 218.117 218.585 200.789 199.686 179.887 157.280 131.111 158.207 182.713 192.344 198.319 206.518 219.011 223.075 243.908 233.777 265.342 287.261 268.132 260.732 245.121 222.068 226.636 209.185 192.011 202.620
-999.250 -999.250 -999.250 -999.250 -999.250 -999.250 -999.250 -999.250 -999.250 -999.250 95.632 93.948 94.262 99.047 93.183 117.119 117.515 118.790 139.012 134.959 153.640 149.962 147.657 163.068 183.840 184.389 202.208 214.833 226.418 248.248 254.171 303.216 290.893 280.488 267.258 295.245 288.541 295.303 277.738 252.404 205.717 197.556 171.436 172.085 175.197 164.301 206.608 206.689 219.126 194.583 199.171 220.416 224.758 229.277 247.052 257.579 252.479 241.506 252.647 246.408 235.343 239.215 211.598 195.706 215.476
-999.250 -999.250 -999.250 -999.250 -999.250 -999.250 -999.250 -999.250 -999.250 84.886 87.296 84.440 92.960 93.182 94.338 92.827 94.261 111.172 128.873 132.917 152.194 156.040 176.846 190.154 197.760 222.924 229.773 252.040 246.310 247.855 275.413 288.731 292.245 305.764 292.529 279.768 284.040 289.446 266.511 226.521 229.379 202.581 184.405 185.634 184.369 210.370 224.364 243.068 216.568 224.888 210.017 233.201 247.960 250.724 260.881 265.943 258.159 250.927 255.212 247.592 250.182 239.992 254.027 221.573 229.816
-999.250 -999.250 -999.250 -999.250 -999.250 109.487 90.563 88.495 77.815 85.744 86.681 83.387 94.148 82.880 91.140 89.707 98.132 120.866 134.873 150.158 167.919 184.359 193.271 201.908 216.665 246.981 270.937 264.671 251.576 278.096 285.219 295.755 314.072 332.118 298.287 333.114 304.883 283.515 291.902 250.329 219.194 205.410 207.188 194.113 190.660 219.578 260.955 237.597 233.636 262.782 235.957 243.887 270.164 256.041 276.915 307.333 270.216 256.085 248.767 236.393 262.954 248.075 219.240 242.747 230.058
-999.250 -999.250 -999.250 -999.250 -999.250 -999.250 -999.250 106.063 97.682 98.453 79.366 83.164 75.387 83.744 73.971 83.625 95.053 106.726 131.812 154.352 171.897 188.113 201.062 224.417 241.681 264.979 302.215 304.026 300.269 303.473 311.425 335.862 341.473 337.895 324.731 322.873 277.139 294.151 279.315 283.701 247.717 194.551 189.691 186.700 201.617 227.275 244.656 252.373 231.314 283.715 238.095 274.900 244.416 288.005 272.453 301.945 296.480 282.489 248.315 249.409 251.185 231.753 224.464 253.023 224.762
-999.250 -999.250 -999.250 -999.250 -999.250 -999.250 -999.250 128.189 124.200 96.329 84.334 66.605 69.928 61.641 65.982 72.127 89.005 111.879 131.868 163.924 191.373 218.411 240.420 254.513 256.213 293.384 296.781 316.280 344.837 344.431 348.484 344.618 360.539 353.376 360.398 332.567 317.403 282.407 294.391 256.059 226.705 213.028 195.387 179.267 192.836 207.059 227.636 228.588 236.709 257.585 264.379 285.677 242.540 259.001 292.434 289.718 317.143 272.926 266.793 239.823 274.471 228.461 233.909 246.376 236.181
-999.250 -999.250 -999.250 -999.250 -999.250 -999.250 -999.250 142.067 115.742 112.139 98.351 89.463 59.670 51.334 53.599 60.800 94.644 133.692 157.758 182.628 219.556 232.498 256.581 260.953 275.918 282.951 287.416 321.213 353.377 358.609 360.877 335.811 360.211 368.660 372.520 350.470 333.364 295.249 284.869 246.617 226.714 207.348 189.901 173.493 178.937 192.427 222.708 239.260 227.689 269.437 264.409 266.050 251.836 272.171 278.070 291.343 279.667 283.989 220.906 242.596 236.327 250.168 252.479 239.472 215.237
-999.250 -999.250 -999.250 -999.250 -999.250 -999.250 -999.250 139.314 149.863 133.211 106.608 94.922 64.812 51.118 44.552 49.386 88.275 145.052 189.745 218.928 256.527 261.543 282.774 297.093 316.960 301.577 299.459 323.235 352.815 347.053 368.531 376.999 364.420 369.716 391.567 374.586 335.526 316.338 293.136 244.221 195.596 174.599 165.739 165.169 156.810 175.767 197.301 207.503 219.397 235.731 262.347 232.901 264.337 269.883 281.594 267.746 262.010 240.939 235.779 249.123 265.936 260.860 250.807 237.645 229.665
-999.250 -999.250 -999.250 -999.250 -999.250 -999.250 -999.250 -999.250 150.000 140.505 117.787 87.560 87.714 52.966 41.478 39.354 77.691 154.423 206.438 257.058 268.791 311.333 341.774 341.904 359.726 354.332 323.392 323.980 334.117 340.850 378.602 384.519 374.936 377.400 395.757 389.472 387.241 327.744 259.522 214.274 161.723 132.610 134.709 128.539 141.718 173.205 184.420 216.602 216.018 208.662 226.803 233.229 239.675 239.642 249.648 242.370 250.653 253.190 258.113 248.739 261.612 249.789 242.180 229.348 214.350
-999.250 -999.250 -999.250 -999.250 -999.250 -999.250 -999.250 -999.250 163.909 154.709 136.136 121.030 105.179 77.551 54.588 23.889 97.079 162.580 247.947 304.523 330.945 356.084 355.110 370.690 364.160 372.433 370.835 369.670 380.336 356.080 353.871 364.101 371.625 382.743 446.072 452.525 411.511 343.436 284.488 203.516 138.296 70.832 89.576 107.312 141.951 152.772 186.142 209.418 215.358 197.730 206.157 224.188 242.915 236.254 261.040 232.268 259.660 260.439 253.479 232.925 229.376 220.496 226.070 216.630 213.029
-999.250 -999.250 -999.250 -999.250 -999.250 -999.250 -999.250 202.391 170.522 177.979 149.963 142.105 118.486 130.572 93.130 105.902 150.737 203.409 248.835 318.244 376.003 396.342 371.524 357.705 363.734 355.083 373.915 352.815 375.923 349.106 368.696 374.349 376.861 375.864 419.980 403.100 463.245 366.201 278.272 180.894 124.362 81.863 85.597 105.687 127.967 156.207 163.944 193.844 213.208 202.349 201.878 228.835 232.392 225.487 229.658 237.193 254.155 215.348 213.168 223.877 206.181 212.542 208.715 220.190 214.314
-999.250 -999.250 -999.250 -999.250 -999.250 -999.250 -999.250 189.482 191.019 172.400 169.710 169.647 152.835 144.775 134.010 148.539 195.405 242.338 295.588 359.714 416.880 425.533 391.971 384.160 373.000 369.375 358.992 368.130 379.132 367.124 351.239 398.762 381.300 394.289 397.121 401.544 374.171 326.559 241.185 169.055 129.659 97.034 89.547 102.286 118.079 152.486 162.284 194.313 203.437 204.995 219.074 239.812 236.999 208.811 208.533 231.570 230.792 239.044 213.250 189.377 199.680 214.971 216.841 195.221 210.930
-999.250 -999.250 -999.250 -999.250 -999.250 -999.250 -999.250 195.566 189.397 184.318 185.670 187.778 172.723 175.193 180.582 203.783 236.914 270.625 329.780 363.512 384.248 388.444 393.012 380.928 367.716 369.899 370.176 387.612 400.337 383.801 397.848 374.232 391.176 396.288 358.045 385.685 348.888 267.630 199.592 157.967 135.055 114.273 115.043 120.736 127.582 141.069 175.359 165.784 169.171 194.796 214.971 217.586 221.754 226.801 236.046 227.624 229.818 235.523 213.679 197.944 206.716 224.327 218.761 201.560 202.635
-999.250 -999.250 -999.250 -999.250 -999.250 -999.250 -999.250 214.650 196.433 180.356 193.098 179.358 180.354 185.498 206.317 225.045 255.934 287.108 343.433 366.893 377.363 384.498 418.707 400.899 390.454 408.954 371.634 396.214 374.282 365.947 370.531 376.198 369.802 366.484 374.361 322.949 290.043 261.291 208.495 177.204 132.308 127.533 116.424 113.662 136.176 154.299 171.049 171.409 190.397 190.183 205.221 194.831 227.289 210.172 225.587 221.675 227.931 216.029 209.368 182.496 186.202 199.893 203.822 196.540 198.408
-999.250 -999.250 -999.250 -999.250 -999.250 -999.250 223.307 198.836 197.520 201.833 209.613 195.108 199.579 194.530 225.103 244.555 271.329 323.273 321.961 376.637 377.630 381.640 374.546 436.073 437.243 402.640 363.298 365.967 392.297 372.103 372.009 360.693 373.302 360.940 372.901 304.860 294.199 270.291 198.720 169.544 152.485 136.665 126.906 134.029 146.993 145.733 151.062 168.527 195.585 173.239 177.030 182.345 207.937 212.899 204.936 210.222 200.758 200.758 213.336 193.039 193.385 183.571 209.377 196.795 193.879
-999.250 -999.250 -999.250 -999.250 -999.250 -999.250 229.892 218.931 204.796 207.542 190.515 203.170 221.400 224.279 236.940 254.608 284.346 309.111 324.306 365.798 382.222 379.525 390.418 423.850 410.098 392.950 380.240 344.731 374.969 362.307 368.589 379.758 366.341 363.972 350.629 278.993 274.099 255.067 227.912 170.634 160.709 124.295 121.082 131.308 144.472 138.409 146.292 165.179 152.933 177.093 183.133 188.911 208.999 202.455 200.118 188.835 194.294 178.053 188.238 181.752 192.386 164.594 164.714 185.387 189.495
-999.250 -999.250 -999.250 -999.250 -999.250 263.132 229.894 227.665 231.394 211.514 197.167 200.494 220.291 225.361 244.923 280.650 265.440 296.165 343.841 372.272 375.436 393.215 401.752 410.658 410.158 354.219 359.417 356.577 386.144 385.821 378.548 368.168 362.787 346.922 328.715 298.082 257.483 240.070 209.387 182.770 173.571 152.376 148.320 146.911 148.677 146.280 168.205 154.489 165.668 187.685 180.394 179.246 192.835 193.572 176.655 172.778 184.354 171.843 176.853 184.826 181.995 161.989 165.831 154.107 166.767
-999.250 -999.250 -999.250 -999.250 -999.250 276.006 253.745 239.491 240.435 226.488 217.495 217.751 211.907 233.014 274.536 271.286 271.338 324.750 347.390 368.980 377.653 381.816 398.420 425.865 374.149 375.736 357.414 364.856 356.985 348.817 362.148 365.506 361.742 366.549 310.939 301.375 263.503 220.325 196.571 184.243 172.748 160.315 156.947 143.704 143.781 152.990 165.328 166.804 150.080 157.911 176.343 186.086 165.911 175.265 181.260 176.081 161.593 167.685 170.490 167.638 148.619 141.727 117.326 139.558 151.069
-999.250 -999.250 -999.250 -999.250 268.425 287.705 261.065 273.890 229.271 238.066 213.722 227.608 238.662 238.026 228.323 268.758 273.828 294.124 348.799 348.839 362.452 376.700 404.939 376.518 360.852 354.048 356.537 362.700 356.223 341.047 327.407 338.763 327.972 319.448 280.703 262.245 240.143 222.770 192.850 183.520 175.927 165.081 185.545 162.264 172.296 176.243 176.047 163.767 156.247 159.091 154.180 173.139 166.419 173.429 186.089 159.038 133.344 153.597 154.376 144.772 156.350 152.075 145.362 121.578 115.767
-999.250 -999.250 -999.250 -999.250 283.116 288.397 263.445 267.974 245.937 240.737 232.366 235.246 232.757 233.960 225.692 247.915 251.858 291.607 296.087 370.078 373.446 394.869 426.768 385.771 374.185 375.655 388.873 357.879 361.764 323.332 307.796 308.294 311.292 301.136 278.753 258.616 228.374 217.908 203.035 207.093 192.242 182.243 164.422 164.000 162.075 175.246 198.203 157.939 167.297 157.224 167.181 157.421 156.473 158.718 183.157 148.019 141.706 144.046 142.934 128.618 126.937 132.716 134.369 114.141 100.954
-999.250 -999.250 -999.250 -999.250 280.937 302.320 275.078 295.093 261.761 265.769 259.645 259.061 239.832 235.574 241.549 250.743 261.934 264.428 292.382 345.925 369.196 396.093 383.097 390.461 358.440 378.935 350.721 374.075 357.096 337.633 316.183 287.233 301.612 293.564 274.456 239.934 221.958 214.191 212.031 211.492 184.064 180.840 175.702 179.939 173.212 166.233 169.404 156.142 165.172 156.199 166.385 147.327 141.871 166.846 168.326 155.486 145.408 134.854 126.352 111.474 99.160 116.956 117.115 118.402 107.112
-999.250 -999.250 -999.250 -999.250 279.668 304.704 334.663 277.234 311.093 275.480 281.480 247.734 270.368 224.437 235.747 242.576 254.002 250.502 285.387 314.769 375.295 376.641 373.702 388.162 374.332 370.689 329.169 330.708 313.292 331.457 323.575 315.207 263.710 263.273 255.323 239.493 236.732 221.841 207.142 211.027 202.557 193.304 177.679 182.813 163.159 183.984 190.139 166.837 148.200 148.747 163.895 142.758 140.510 166.700 163.507 161.823 135.393 124.908 113.194 107.223 110.369 97.892 91.157 108.888 122.316
-999.250 -999.250 -999.250 -999.250 312.935 321.306 313.528 300.214 325.173 311.437 289.915 278.366 255.087 243.343 244.717 247.547 244.108 245.206 265.445 291.393 342.902 360.173 354.130 351.987 373.777 367.124 337.536 350.308 328.894 336.002 306.654 313.730 292.507 280.858 241.211 237.279 238.513 222.468 212.085 206.176 189.008 186.696 192.029 182.104 182.097 178.005 161.532 148.262 140.351 129.538 141.598 137.382 133.488 133.580 122.588 125.694 115.153 114.377 101.566 115.651 96.411 91.778 84.767 102.303 96.785
