data/medianmodel_26-Mar-2020.asc
ncols	141
nrows	288
xllcorner	-120191.398
yllcorner	-301404.813
cellsize	2000.000
NODATA_value	-999.250
[rows 62 to 92 of 288, columns 0 to 69 of 141]
-999.250 -999.250 -999.250 -999.250 -999.250 -999.250 -999.250 -999.250 -999.250 -999.250 -999.250 -999.250 -999.250 -999.250 -999.250 -999.250 -999.250 -999.250 -999.250 -999.250 -999.250 -999.250 -999.250 -999.250 -999.250 -999.250 -999.250 -999.250 -999.250 -999.250 -999.250 -999.250 -999.250 -999.250 -999.250 -999.250 -999.250 -999.250 66.105 64.372 57.604 49.611 57.174 55.574 40.132 36.484 36.462 28.709 24.924 16.395 10.921 4.843 2.172 2.340 4.123 7.950 12.586 19.657 25.515 32.784 45.311 64.019 80.904 85.974 100.264 122.472 137.937 124.327 139.059 112.162
-999.250 -999.250 -999.250 -999.250 -999.250 -999.250 -999.250 -999.250 -999.250 -999.250 -999.250 -999.250 -999.250 -999.250 -999.250 -999.250 -999.250 -999.250 -999.250 -999.250 -999.250 -999.250 -999.250 -999.250 -999.250 -999.250 -999.250 -999.250 -999.250 -999.250 -999.250 -999.250 -999.250 -999.250 -999.250 -999.250 -999.250 -999.250 70.452 67.730 63.137 55.394 52.230 50.843 42.273 34.420 43.934 35.711 30.570 20.189 12.813 8.023 7.620 9.089 11.539 12.817 16.598 21.541 30.157 33.532 43.557 61.610 68.936 76.818 84.807 115.836 103.584 110.111 100.964 77.183
-999.250 -999.250 -999.250 -999.250 -999.250 -999.250 -999.250 -999.250 -999.250 -999.250 -999.250 -999.250 -999.250 -999.250 -999.250 -999.250 -999.250 -999.250 -999.250 -999.250 -999.250 -999.250 -999.250 -999.250 -999.250 -999.250 -999.250 -999.250 -999.250 -999.250 -999.250 -999.250 -999.250 -999.250 -999.250 -999.250 -999.250 -999.250 66.933 70.882 65.430 59.924 59.391 60.833 51.966 39.830 40.950 38.381 31.929 25.388 16.883 13.065 10.915 13.078 16.947 20.594 22.897 24.794 32.683 35.450 46.691 49.869 62.105 59.907 69.503 79.208 81.965 83.604 65.731 65.660
-999.250 -999.250 -999.250 -999.250 -999.250 -999.250 -999.250 -999.250 -999.250 -999.250 -999.250 -999.250 -999.250 -999.250 -999.250 -999.250 -999.250 -999.250 -999.250 -999.250 -999.250 -999.250 -999.250 -999.250 -999.250 -999.250 -999.250 -999.250 -999.250 -999.250 -999.250 -999.250 -999.250 -999.250 -999.250 -999.250 -999.250 -999.250 81.476 77.144 79.171 73.238 77.902 66.558 53.570 53.518 45.993 43.065 34.757 35.117 23.868 19.678 18.293 23.371 28.267 27.322 28.864 33.178 34.748 37.877 41.162 51.771 51.469 57.904 59.460 75.719 63.587 58.761 54.755 47.501
-999.250 -999.250 -999.250 -999.250 -999.250 -999.250 -999.250 -999.250 -999.250 -999.250 -999.250 -999.250 -999.250 -999.250 -999.250 -999.250 -999.250 -999.250 -999.250 -999.250 -999.250 -999.250 -999.250 -999.250 -999.250 -999.250 -999.250 -999.250 -999.250 -999.250 -999.250 -999.250 -999.250 -999.250 -999.250 -999.250 -999.250 -999.250 104.375 96.103 90.670 78.524 80.275 76.609 73.729 53.611 56.941 47.398 43.127 36.392 32.227 31.152 24.731 31.631 38.610 35.010 36.256 32.394 36.684 41.034 41.397 48.724 47.308 50.625 54.990 53.689 47.472 40.440 40.016 35.246
-999.250 -999.250 -999.250 -999.250 -999.250 -999.250 -999.250 -999.250 -999.250 -999.250 -999.250 -999.250 -999.250 -999.250 -999.250 -999.250 -999.250 -999.250 -999.250 -999.250 -999.250 -999.250 -999.250 -999.250 -999.250 -999.250 -999.250 -999.250 -999.250 -999.250 -999.250 -999.250 -999.250 -999.250 -999.250 -999.250 -999.250 174.071 161.219 138.153 112.231 103.911 103.956 87.538 72.943 72.330 67.747 53.892 53.243 42.938 39.982 34.116 32.902 34.442 34.882 37.125 38.076 36.513 34.222 39.476 41.071 39.208 42.230 45.011 48.645 42.341 38.700 32.709 27.349 20.152
-999.250 -999.250 -999.250 -999.250 -999.250 -999.250 -999.250 -999.250 -999.250 -999.250 -999.250 -999.250 -999.250 -999.250 -999.250 -999.250 -999.250 -999.250 -999.250 -999.250 -999.250 -999.250 -999.250 -999.250 -999.250 -999.250 -999.250 -999.250 -999.250 -999.250 -999.250 -999.250 -999.250 -999.250 -999.250 -999.250 -999.250 175.010 161.790 165.760 143.876 127.508 120.833 92.853 84.520 72.935 67.356 59.672 56.380 49.593 41.213 46.359 40.092 35.210 33.019 37.665 35.592 34.357 34.459 36.654 36.423 37.285 33.353 35.087 37.726 31.493 26.369 22.996 15.334 7.234
-999.250 -999.250 -999.250 -999.250 -999.250 -999.250 -999.250 -999.250 -999.250 -999.250 -999.250 -999.250 -999.250 -999.250 -999.250 -999.250 -999.250 -999.250 -999.250 -999.250 -999.250 -999.250 -999.250 -999.250 -999.250 -999.250 -999.250 -999.250 -999.250 -999.250 -999.250 -999.250 -999.250 -999.250 -999.250 -999.250 -999.250 208.266 189.248 201.635 166.155 142.454 122.508 93.883 92.791 91.083 74.214 66.315 58.887 59.667 48.445 52.898 46.484 37.664 37.400 33.376 30.296 33.989 33.947 30.265 36.556 26.443 28.882 26.505 26.758 25.742 20.477 16.090 8.544 4.175
-999.250 -999.250 -999.250 -999.250 -999.250 -999.250 -999.250 -999.250 -999.250 -999.250 -999.250 -999.250 -999.250 -999.250 -999.250 -999.250 -999.250 -999.250 -999.250 -999.250 -999.250 -999.250 -999.250 -999.250 -999.250 -999.250 -999.250 -999.250 -999.250 -999.250 -999.250 -999.250 -999.250 -999.250 -999.250 -999.250 -999.250 187.013 222.890 239.587 204.497 170.513 148.599 110.935 89.792 79.082 68.941 68.244 68.097 61.704 56.304 49.019 45.311 41.395 34.995 30.139 27.668 30.963 30.729 29.283 26.306 25.973 23.827 24.248 25.105 21.265 15.208 12.062 5.799 1.732
-999.250 -999.250 -999.250 -999.250 -999.250 -999.250 -999.250 -999.250 -999.250 -999.250 -999.250 -999.250 -999.250 -999.250 -999.250 -999.250 -999.250 -999.250 -999.250 -999.250 -999.250 -999.250 -999.250 -999.250 -999.250 -999.250 -999.250 -999.250 -999.250 -999.250 -999.250 -999.250 -999.250 -999.250 -999.250 -999.250 170.035 188.649 200.226 200.610 180.461 151.889 118.963 98.744 84.060 75.015 70.251 65.771 69.041 69.483 57.363 48.567 51.506 38.496 35.579 30.240 29.040 33.158 28.323 28.056 20.663 18.879 20.672 19.377 19.387 15.421 11.675 6.800 3.048 0.000
-999.250 -999.250 -999.250 -999.250 -999.250 -999.250 -999.250 -999.250 -999.250 -999.250 -999.250 -999.250 -999.250 -999.250 -999.250 -999.250 -999.250 -999.250 -999.250 -999.250 -999.250 -999.250 -999.250 -999.250 -999.250 -999.250 -999.250 -999.250 -999.250 -999.250 -999.250 -999.250 -999.250 -999.250 -999.250 -999.250 155.083 176.939 169.659 170.318 145.559 138.390 108.516 87.133 78.684 78.775 72.254 74.976 72.286 68.625 60.268 53.757 54.381 42.332 40.761 31.083 28.048 28.596 28.573 22.682 22.641 17.519 15.563 16.264 13.038 9.912 8.924 3.049 0.210 0.000
-999.250 -999.250 -999.250 -999.250 -999.250 -999.250 -999.250 -999.250 -999.250 -999.250 -999.250 -999.250 -999.250 -999.250 -999.250 -999.250 -999.250 -999.250 -999.250 -999.250 -999.250 -999.250 -999.250 -999.250 -999.250 -999.250 -999.250 -999.250 -999.250 -999.250 -999.250 -999.250 -999.250 -999.250 -999.250 -999.250 121.761 137.037 133.147 141.357 128.393 112.741 98.103 82.384 74.277 62.130 65.063 62.726 69.013 79.711 62.114 55.949 51.212 45.405 38.668 37.543 32.138 31.428 28.045 27.129 22.105 15.146 13.321 12.917 10.019 6.106 4.317 0.000 0.000 0.000
-999.250 -999.250 -999.250 -999.250 -999.250 -999.250 -999.250 -999.250 -999.250 -999.250 -999.250 -999.250 -999.250 -999.250 -999.250 -999.250 -999.250 -999.250 -999.250 -999.250 -999.250 -999.250 -999.250 -999.250 -999.250 -999.250 -999.250 -999.250 -999.250 -999.250 -999.250 -999.250 -999.250 -999.250 -999.250 -999.250 100.480 104.954 92.661 96.353 88.835 92.603 88.440 70.073 68.927 63.307 65.427 59.065 67.767 64.542 60.726 55.008 48.410 43.225 39.422 37.093 31.100 28.323 27.853 25.342 20.588 14.406 11.280 8.677 6.800 3.408 0.000 0.000 0.000 0.000
-999.250 -999.250 -999.250 -999.250 -999.250 -999.250 -999.250 -999.250 -999.250 -999.250 -999.250 -999.250 -999.250 -999.250 -999.250 -999.250 -999.250 -999.250 -999.250 -999.250 -999.250 -999.250 -999.250 -999.250 -999.250 -999.250 -999.250 -999.250 -999.250 -999.250 -999.250 -999.250 -999.250 -999.250 -999.250 64.634 71.721 73.939 73.129 64.115 71.427 61.954 65.015 64.432 62.360 65.756 68.182 57.225 57.881 53.553 51.751 48.374 41.657 42.297 43.185 41.571 37.189 35.353 28.278 20.710 17.254 12.763 12.266 8.000 3.455 3.472 0.000 0.000 0.000 0.000
-999.250 -999.250 -999.250 -999.250 -999.250 -999.250 -999.250 -999.250 -999.250 -999.250 -999.250 -999.250 -999.250 -999.250 -999.250 -999.250 -999.250 -999.250 -999.250 -999.250 -999.250 -999.250 -999.250 -999.250 -999.250 -999.250 -999.250 -999.250 -999.250 -999.250 -999.250 -999.250 -999.250 -999.250 -999.250 46.922 49.722 55.314 49.992 47.423 46.821 46.143 58.575 62.567 68.679 63.353 61.560 55.344 46.209 40.474 38.258 34.321 32.475 40.198 41.157 44.640 41.516 39.483 28.740 22.518 19.915 14.816 12.985 9.870 6.362 3.181 0.000 0.000 0.000 0.000
-999.250 -999.250 -999.250 -999.250 -999.250 -999.250 -999.250 -999.250 -999.250 -999.250 -999.250 -999.250 -999.250 -999.250 -999.250 -999.250 -999.250 -999.250 -999.250 -999.250 -999.250 -999.250 -999.250 -999.250 -999.250 -999.250 -999.250 -999.250 -999.250 -999.250 -999.250 -999.250 -999.250 -999.250 -999.250 41.307 39.733 41.140 38.914 40.888 40.563 42.838 50.283 64.304 72.267 78.201 70.886 58.821 40.892 32.139 26.608 25.950 33.446 33.600 36.230 39.223 41.415 41.175 35.853 25.968 17.287 12.834 11.454 7.916 6.209 5.033 3.074 0.000 0.994 0.367
-999.250 -999.250 -999.250 -999.250 -999.250 -999.250 -999.250 -999.250 -999.250 -999.250 -999.250 -999.250 -999.250 -999.250 -999.250 -999.250 -999.250 -999.250 -999.250 -999.250 -999.250 -999.250 -999.250 -999.250 -999.250 -999.250 -999.250 -999.250 -999.250 -999.250 -999.250 -999.250 -999.250 -999.250 -999.250 33.993 33.930 37.267 37.084 37.001 39.719 48.603 61.437 66.604 65.157 79.988 71.312 54.790 35.636 17.651 20.756 23.536 26.777 30.682 33.012 37.510 41.022 50.322 36.453 25.529 16.068 10.951 8.348 6.255 6.199 5.018 4.065 3.262 4.393 4.336
-999.250 -999.250 -999.250 -999.250 -999.250 -999.250 -999.250 -999.250 -999.250 -999.250 -999.250 -999.250 -999.250 -999.250 -999.250 -999.250 -999.250 -999.250 -999.250 -999.250 -999.250 -999.250 -999.250 -999.250 -999.250 -999.250 -999.250 -999.250 -999.250 -999.250 -999.250 -999.250 -999.250 -999.250 35.036 31.583 31.723 32.297 36.392 40.057 41.881 44.999 56.372 73.560 79.954 97.429 87.615 69.485 40.741 26.744 19.902 20.519 23.831 24.880 31.159 35.761 35.541 37.368 29.328 22.260 12.814 8.238 5.000 4.393 4.707 6.291 4.787 3.069 3.405 5.646
-999.250 -999.250 -999.250 -999.250 -999.250 -999.250 -999.250 -999.250 -999.250 -999.250 -999.250 -999.250 -999.250 -999.250 -999.250 -999.250 -999.250 -999.250 -999.250 -999.250 -999.250 -999.250 -999.250 -999.250 -999.250 -999.250 -999.250 -999.250 -999.250 -999.250 -999.250 -999.250 -999.250 -999.250 36.497 33.667 37.114 41.464 45.175 48.736 54.767 61.756 69.690 81.791 94.175 124.254 90.757 70.551 48.733 32.916 23.219 20.355 20.846 23.065 25.339 28.921 28.644 26.968 21.465 14.912 7.961 0.000 0.655 3.879 5.087 6.463 5.741 6.015 6.811 6.717
-999.250 -999.250 -999.250 -999.250 -999.250 -999.250 -999.250 -999.250 -999.250 -999.250 -999.250 -999.250 -999.250 -999.250 -999.250 -999.250 -999.250 -999.250 -999.250 -999.250 -999.250 -999.250 -999.250 -999.250 -999.250 -999.250 -999.250 -999.250 -999.250 -999.250 -999.250 -999.250 -999.250 -999.250 28.363 31.507 35.813 39.577 43.917 52.589 64.403 70.461 77.862 80.610 90.439 92.414 82.514 58.237 47.425 32.518 25.096 21.520 19.472 21.757 21.994 25.927 23.313 20.171 13.977 9.973 4.167 0.482 0.061 3.399 3.442 5.939 7.609 7.933 5.913 7.120
-999.250 -999.250 -999.250 -999.250 -999.250 -999.250 -999.250 -999.250 -999.250 -999.250 -999.250 -999.250 -999.250 -999.250 -999.250 -999.250 -999.250 -999.250 -999.250 -999.250 -999.250 -999.250 -999.250 -999.250 -999.250 -999.250 -999.250 -999.250 -999.250 -999.250 -999.250 -999.250 -999.250 -999.250 23.915 32.176 36.844 40.905 53.619 58.286 63.500 65.263 62.246 76.714 71.927 77.369 59.929 49.684 41.550 30.790 25.246 20.419 18.831 19.479 21.818 21.335 17.825 13.655 9.540 7.591 2.782 3.090 2.550 5.380 5.129 5.846 7.567 8.233 7.732 7.198
-999.250 -999.250 -999.250 -999.250 -999.250 -999.250 -999.250 -999.250 -999.250 -999.250 -999.250 -999.250 -999.250 -999.250 -999.250 -999.250 -999.250 -999.250 -999.250 -999.250 -999.250 -999.250 -999.250 -999.250 -999.250 -999.250 -999.250 -999.250 -999.250 -999.250 -999.250 -999.250 -999.250 21.043 24.925 31.009 35.987 45.131 56.646 69.856 69.466 65.998 64.240 57.340 62.181 58.321 53.899 41.864 39.509 27.021 21.156 17.037 17.544 18.421 15.898 14.774 11.912 9.964 6.543 4.744 2.842 1.645 3.758 3.857 4.944 4.558 6.432 6.550 6.702 6.299
-999.250 -999.250 -999.250 -999.250 -999.250 -999.250 -999.250 -999.250 -999.250 -999.250 -999.250 -999.250 -999.250 -999.250 -999.250 -999.250 -999.250 -999.250 -999.250 -999.250 -999.250 -999.250 -999.250 -999.250 -999.250 -999.250 -999.250 -999.250 -999.250 -999.250 -999.250 -999.250 -999.250 18.971 22.145 31.123 37.050 39.205 51.284 61.563 66.571 63.779 56.880 54.756 49.959 49.524 42.944 38.084 29.735 25.434 17.641 15.152 13.818 14.007 13.763 11.504 10.277 8.666 4.842 1.679 3.870 0.490 2.270 4.061 4.892 5.837 6.098 6.551 6.346 8.241
-999.250 -999.250 -999.250 -999.250 -999.250 -999.250 -999.250 -999.250 -999.250 -999.250 -999.250 -999.250 -999.250 -999.250 -999.250 -999.250 -999.250 -999.250 -999.250 -999.250 -999.250 -999.250 -999.250 -999.250 -999.250 -999.250 -999.250 -999.250 -999.250 -999.250 -999.250 -999.250 -999.250 19.137 22.818 26.827 34.468 36.654 42.605 47.895 53.730 57.734 48.349 47.846 46.775 43.603 35.647 28.679 24.248 22.074 14.917 11.367 10.277 10.652 9.151 8.936 8.971 6.095 2.003 1.538 1.647 2.209 2.810 4.840 6.200 6.714 5.372 6.146 5.587 8.510
-999.250 -999.250 -999.250 -999.250 -999.250 -999.250 -999.250 -999.250 -999.250 -999.250 -999.250 -999.250 -999.250 -999.250 -999.250 -999.250 -999.250 -999.250 -999.250 -999.250 -999.250 -999.250 -999.250 -999.250 -999.250 -999.250 -999.250 -999.250 -999.250 -999.250 -999.250 -999.250 -999.250 17.785 21.980 27.139 28.434 33.466 37.660 39.188 46.645 46.661 47.409 42.431 40.033 34.609 30.069 24.318 19.533 15.962 14.561 11.526 10.150 7.259 8.200 6.345 7.689 3.792 3.097 0.956 3.422 3.011 4.470 5.766 4.583 5.900 6.311 5.498 7.933 6.747
-999.250 -999.250 -999.250 -999.250 -999.250 -999.250 -999.250 -999.250 -999.250 -999.250 -999.250 -999.250 -999.250 -999.250 -999.250 -999.250 -999.250 -999.250 -999.250 -999.250 -999.250 -999.250 -999.250 -999.250 -999.250 -999.250 -999.250 -999.250 -999.250 -999.250 -999.250 -999.250 -999.250 16.496 22.748 25.987 29.243 35.158 38.118 38.154 37.980 41.657 38.330 34.916 36.816 30.448 27.247 23.233 17.938 15.904 12.886 9.538 9.104 7.758 5.664 6.936 3.786 3.735 1.615 3.235 1.808 2.172 3.917 4.842 5.022 4.499 5.251 6.877 6.331 6.123
-999.250 -999.250 -999.250 -999.250 -999.250 -999.250 -999.250 -999.250 -999.250 -999.250 -999.250 -999.250 -999.250 -999.250 -999.250 -999.250 -999.250 -999.250 -999.250 -999.250 -999.250 -999.250 -999.250 -999.250 -999.250 -999.250 -999.250 -999.250 -999.250 -999.250 -999.250 -999.250 16.789 18.619 19.636 25.555 27.961 33.472 37.848 37.838 35.884 38.352 37.355 35.346 31.978 27.593 28.898 21.808 14.810 11.552 11.715 8.607 6.268 2.020 2.314 1.433 1.144 2.253 1.376 3.260 4.676 3.095 3.748 2.306 4.636 4.603 6.123 5.796 6.732 7.200
-999.250 -999.250 -999.250 -999.250 -999.250 -999.250 -999.250 -999.250 -999.250 -999.250 -999.250 -999.250 -999.250 -999.250 -999.250 -999.250 -999.250 -999.250 -999.250 -999.250 -999.250 -999.250 -999.250 -999.250 -999.250 -999.250 -999.250 -999.250 -999.250 -999.250 -999.250 -999.250 16.101 19.862 22.544 24.573 30.090 30.579 34.648 33.516 33.831 35.065 37.072 32.110 28.967 25.049 24.117 18.142 13.583 10.695 6.129 4.487 4.971 1.449 1.754 1.323 1.992 3.012 2.207 3.025 3.496 1.992 0.850 1.780 3.997 4.643 4.332 5.324 6.505 6.071
-999.250 -999.250 -999.250 -999.250 -999.250 -999.250 -999.250 -999.250 -999.250 -999.250 -999.250 -999.250 -999.250 -999.250 -999.250 -999.250 -999.250 -999.250 -999.250 -999.250 -999.250 -999.250 -999.250 -999.250 -999.250 -999.250 -999.250 -999.250 -999.250 -999.250 -999.250 -999.250 19.934 21.605 21.657 24.081 26.385 29.089 29.268 26.727 30.092 31.775 31.225 30.329 24.368 23.471 18.611 14.862 10.650 7.971 6.103 2.778 2.190 3.013 0.000 0.357 0.572 3.015 2.711 2.852 3.477 2.984 0.000 0.575 1.844 5.283 6.757 6.809 7.372 8.379
-999.250 -999.250 -999.250 -999.250 -999.250 -999.250 -999.250 -999.250 -999.250 -999.250 -999.250 -999.250 -999.250 -999.250 -999.250 -999.250 -999.250 -999.250 -999.250 -999.250 -999.250 -999.250 -999.250 -999.250 -999.250 -999.250 -999.250 -999.250 -999.250 -999.250 -999.250 -999.250 15.881 17.582 21.027 18.533 24.271 24.716 25.440 23.790 25.780 29.336 28.783 23.973 21.625 19.834 18.155 15.315 11.951 7.461 7.890 3.011 1.468 1.695 0.000 0.000 0.859 2.147 3.774 5.704 4.005 3.194 1.306 1.745 3.278 4.736 6.861 7.826 7.498 8.325
-999.250 -999.250 -999.250 -999.250 -999.250 -999.250 -999.250 -999.250 -999.250 -999.250 -999.250 -999.250 -999.250 -999.250 -999.250 -999.250 -999.250 -999.250 -999.250 -999.250 -999.250 -999.250 -999.250 -999.250 -999.250 -999.250 -999.250 -999.250 -999.250 -999.250 -999.250 12.630 13.642 16.490 15.520 17.290 16.802 20.150 23.078 23.513 22.442 23.046 23.194 24.044 17.952 16.467 15.237 13.602 11.425 7.335 6.784 3.856 1.267 0.198 0.794 0.000 1.855 1.972 2.775 6.522 5.683 5.109 3.257 4.776 4.901 6.077 7.382 10.155 9.778 9.020
