data/medianmodel_15-Dec-2020.asc
ncols	141
nrows	288
xllcorner	-120191.398
yllcorner	-301404.813
cellsize	2000.000
NODATA_value	-999.250
[rows 0 to 28 of 288, columns 64 to 127 of 141]
-999.250 -999.250 -999.250 -999.250 -999.250 -999.250 -999.250 -999.250 -999.250 -999.250 -999.250 -999.250 -999.250 -999.250 -999.250 -999.250 -999.250 -999.250 -999.250 -999.250 -999.250 -999.250 -999.250 -999.250 -999.250 -999.250 -999.250 -999.250 -999.250 -999.250 -999.250 -999.250 -999.250 -999.250 -999.250 -999.250 -999.250 -999.250 -999.250 -999.250 -999.250 -999.250 -999.250 -999.250 -999.250 -999.250 -999.250 -999.250 -999.250 -999.250 -999.250 -999.250 -999.250 -999.250 -999.250 -999.250 -999.250 -999.250 -999.250 -999.250 -999.250 -999.250 -999.250 -999.250
-999.250 -999.250 -999.250 -999.250 -999.250 -999.250 -999.250 -999.250 -999.250 -999.250 -999.250 -999.250 -999.250 -999.250 -999.250 -999.250 -999.250 -999.250 -999.250 -999.250 -999.250 -999.250 -999.250 -999.250 -999.250 -999.250 -999.250 -999.250 -999.250 -999.250 -999.250 -999.250 -999.250 -999.250 -999.250 -999.250 -999.250 -999.250 -999.250 -999.250 -999.250 -999.250 -999.250 -999.250 -999.250 -999.250 -999.250 -999.250 -999.250 -999.250 -999.250 -999.250 -999.250 -999.250 -999.250 -999.250 -999.250 -999.250 -999.250 -999.250 -999.250 -999.250 -999.250 -999.250
-999.250 -999.250 -999.250 -999.250 -999.250 -999.250 -999.250 -999.250 -999.250 -999.250 -999.250 -999.250 -999.250 -999.250 -999.250 -999.250 -999.250 -999.250 -999.250 -999.250 -999.250 -999.250 -999.250 -999.250 -999.250 -999.250 -999.250 -999.250 -999.250 -999.250 -999.250 -999.250 -999.250 -999.250 -999.250 -999.250 -999.250 -999.250 -999.250 -999.250 -999.250 -999.250 -999.250 -999.250 -999.250 -999.250 -999.250 -999.250 -999.250 -999.250 -999.250 -999.250 -999.250 -999.250 -999.250 -999.250 -999.250 -999.250 -999.250 -999.250 -999.250 -999.250 -999.250 -999.250
-999.250 -999.250 -999.250 -999.250 -999.250 -999.250 -999.250 -999.250 -999.250 -999.250 -999.250 -999.250 -999.250 -999.250 -999.250 -999.250 -999.250 -999.250 -999.250 -999.250 -999.250 -999.250 -999.250 -999.250 -999.250 -999.250 -999.250 -999.250 -999.250 -999.250 -999.250 -999.250 -999.250 -999.250 -999.250 -999.250 -999.250 -999.250 -999.250 -999.250 -999.250 -999.250 -999.250 -999.250 -999.250 -999.250 -999.250 -999.250 -999.250 -999.250 -999.250 -999.250 -999.250 -999.250 -999.250 -999.250 -999.250 -999.250 -999.250 -999.250 -999.250 -999.250 -999.250 -999.250
-999.250 -999.250 -999.250 -999.250 -999.250 -999.250 -999.250 -999.250 -999.250 -999.250 -999.250 -999.250 -999.250 -999.250 -999.250 -999.250 -999.250 -999.250 -999.250 -999.250 -999.250 -999.250 -999.250 -999.250 -999.250 -999.250 -999.250 -999.250 -999.250 -999.250 -999.250 -999.250 -999.250 -999.250 -999.250 -999.250 -999.250 -999.250 -999.250 -999.250 -999.250 -999.250 -999.250 -999.250 -999.250 -999.250 -999.250 -999.250 -999.250 -999.250 -999.250 -999.250 -999.250 -999.250 -999.250 -999.250 -999.250 -999.250 -999.250 -999.250 -999.250 -999.250 -999.250 -999.250
-999.250 -999.250 -999.250 -999.250 -999.250 -999.250 -999.250 -999.250 -999.250 -999.250 -999.250 -999.250 -999.250 -999.250 -999.250 -999.250 -999.250 -999.250 -999.250 -999.250 -999.250 -999.250 -999.250 -999.250 -999.250 -999.250 -999.250 -999.250 -999.250 -999.250 -999.250 -999.250 -999.250 -999.250 -999.250 -999.250 -999.250 -999.250 -999.250 -999.250 -999.250 -999.250 -999.250 -999.250 -999.250 -999.250 -999.250 -999.250 -999.250 -999.250 -999.250 -999.250 -999.250 -999.250 -999.250 -999.250 -999.250 -999.250 -999.250 -999.250 -999.250 -999.250 -999.250 -999.250
-999.250 -999.250 -999.250 -999.250 -999.250 -999.250 -999.250 -999.250 -999.250 -999.250 -999.250 -999.250 -999.250 -999.250 -999.250 -999.250 -999.250 -999.250 -999.250 -999.250 -999.250 -999.250 -999.250 -999.250 -999.250 -999.250 -999.250 -999.250 -999.250 -999.250 -999.250 -999.250 -999.250 -999.250 -999.250 -999.250 -999.250 -999.250 -999.250 -999.250 -999.250 -999.250 -999.250 -999.250 -999.250 -999.250 -999.250 -999.250 -999.250 -999.250 -999.250 -999.250 -999.250 -999.250 -999.250 -999.250 -999.250 -999.250 -999.250 -999.250 -999.250 -999.250 -999.250 -999.250
-999.250 -999.250 -999.250 -999.250 -999.250 -999.250 -999.250 -999.250 -999.250 -999.250 -999.250 -999.250 -999.250 -999.250 -999.250 -999.250 -999.250 -999.250 -999.250 -999.250 -999.250 -999.250 -999.250 -999.250 -999.250 -999.250 -999.250 -999.250 -999.250 -999.250 -999.250 -999.250 -999.250 -999.250 -999.250 -999.250 -999.250 -999.250 -999.250 -999.250 -999.250 -999.250 -999.250 -999.250 -999.250 -999.250 -999.250 -999.250 -999.250 -999.250 -999.250 -999.250 -999.250 -999.250 -999.250 -999.250 -999.250 -999.250 -999.250 -999.250 -999.250 -999.250 -999.250 -999.250
-999.250 -999.250 -999.250 -999.250 -999.250 -999.250 -999.250 -999.250 -999.250 -999.250 -999.250 -999.250 -999.250 -999.250 -999.250 -999.250 -999.250 -999.250 -999.250 -999.250 -999.250 -999.250 -999.250 -999.250 -999.250 -999.250 -999.250 -999.250 -999.250 -999.250 -999.250 -999.250 -999.250 -999.250 -999.250 -999.250 -999.250 -999.250 -999.250 -999.250 -999.250 -999.250 -999.250 -999.250 -999.250 -999.250 -999.250 -999.250 -999.250 -999.250 549.183 -999.250 -999.250 -999.250 -999.250 -999.250 -999.250 -999.250 -999.250 -999.250 -999.250 -999.250 -999.250 -999.250
-999.250 -999.250 -999.250 -999.250 -999.250 -999.250 -999.250 -999.250 -999.250 -999.250 -999.250 -999.250 -999.250 -999.250 -999.250 -999.250 -999.250 -999.250 -999.250 -999.250 -999.250 -999.250 -999.250 -999.250 -999.250 -999.250 -999.250 -999.250 -999.250 -999.250 -999.250 -999.250 -999.250 -999.250 -999.250 590.982 533.300 440.068 426.044 -999.250 -999.250 -999.250 -999.250 442.150 -999.250 -999.250 -999.250 -999.250 -999.250 -999.250 566.594 611.195 -999.250 -999.250 -999.250 -999.250 -999.250 -999.250 -999.250 -999.250 -999.250 -999.250 -999.250 -999.250
-999.250 -999.250 -999.250 -999.250 -999.250 -999.250 -999.250 -999.250 -999.250 -999.250 -999.250 -999.250 -999.250 -999.250 -999.250 -999.250 -999.250 -999.250 -999.250 -999.250 -999.250 -999.250 -999.250 -999.250 -999.250 -999.250 -999.250 -999.250 -999.250 -999.250 -999.250 -999.250 -999.250 -999.250 -999.250 582.862 557.911 517.786 459.415 -999.250 -999.250 -999.250 428.203 415.703 439.961 -999.250 -999.250 -999.250 -999.250 -999.250 587.881 629.538 637.318 -999.250 -999.250 -999.250 -999.250 -999.250 -999.250 1042.219 1100.593 -999.250 -999.250 -999.250
-999.250 -999.250 -999.250 -999.250 -999.250 -999.250 -999.250 -999.250 -999.250 -999.250 -999.250 -999.250 -999.250 -999.250 -999.250 -999.250 -999.250 -999.250 -999.250 -999.250 -999.250 -999.250 -999.250 -999.250 -999.250 -999.250 -999.250 -999.250 -999.250 -999.250 -999.250 -999.250 -999.250 -999.250 -999.250 611.162 592.142 553.626 536.018 516.700 461.542 455.985 425.297 452.791 455.076 476.730 525.426 549.932 567.594 594.238 623.702 654.681 698.925 763.149 768.305 952.836 934.841 1011.662 973.821 1083.655 1152.581 -999.250 -999.250 -999.250
-999.250 -999.250 -999.250 -999.250 -999.250 502.722 -999.250 -999.250 -999.250 -999.250 -999.250 -999.250 -999.250 -999.250 -999.250 -999.250 -999.250 -999.250 -999.250 -999.250 -999.250 -999.250 -999.250 -999.250 -999.250 -999.250 -999.250 -999.250 -999.250 -999.250 -999.250 -999.250 -999.250 -999.250 -999.250 652.105 610.634 573.852 548.729 496.943 447.821 446.755 465.161 472.219 451.190 511.157 528.146 573.296 576.171 612.270 653.364 680.411 776.344 817.796 854.834 968.264 988.563 974.605 1073.399 1098.269 1185.263 -999.250 -999.250 -999.250
-999.250 -999.250 -999.250 -999.250 -999.250 480.852 -999.250 -999.250 -999.250 -999.250 -999.250 -999.250 -999.250 703.752 -999.250 -999.250 -999.250 -999.250 -999.250 -999.250 -999.250 -999.250 -999.250 -999.250 -999.250 -999.250 -999.250 -999.250 -999.250 -999.250 -999.250 -999.250 -999.250 -999.250 -999.250 646.626 620.538 610.432 561.598 475.524 443.738 456.345 442.852 439.210 461.913 526.975 548.684 590.123 600.233 602.770 645.739 694.885 796.052 885.842 904.604 910.354 1039.913 1093.715 1136.818 1148.504 1201.189 -999.250 -999.250 -999.250
-999.250 -999.250 -999.250 -999.250 -999.250 565.152 -999.250 -999.250 -999.250 -999.250 610.911 637.534 648.987 708.541 829.714 -999.250 -999.250 -999.250 -999.250 -999.250 -999.250 -999.250 -999.250 -999.250 -999.250 -999.250 -999.250 -999.250 -999.250 -999.250 -999.250 -999.250 -999.250 -999.250 -999.250 645.031 633.393 595.603 575.786 486.468 467.505 441.908 433.160 434.942 438.643 507.365 575.685 588.030 607.212 643.165 658.156 732.860 777.260 934.837 1037.232 1119.924 1102.978 1155.021 1180.484 1197.710 1199.986 1353.277 -999.250 -999.250
-999.250 -999.250 473.212 499.958 528.477 529.525 -999.250 -999.250 576.755 621.520 608.876 602.572 647.136 734.624 854.124 953.894 1016.694 1083.704 -999.250 -999.250 -999.250 -999.250 -999.250 -999.250 -999.250 -999.250 -999.250 -999.250 -999.250 -999.250 -999.250 -999.250 859.668 760.900 774.784 715.234 654.047 630.292 560.888 519.870 496.693 435.543 427.996 431.506 454.637 505.282 553.284 579.037 629.844 655.380 695.937 772.474 799.528 957.414 1041.637 1111.334 1144.838 1148.841 1169.802 1199.227 1270.170 1376.362 -999.250 -999.250
-999.250 456.899 487.823 539.663 537.103 546.875 -999.250 594.671 612.989 627.697 617.382 625.543 688.374 709.648 822.712 950.847 1083.863 -999.250 -999.250 -999.250 -999.250 -999.250 1448.041 1449.308 -999.250 -999.250 -999.250 1237.228 -999.250 -999.250 1085.554 1040.690 867.132 883.783 769.530 735.470 658.714 636.574 591.883 555.133 510.840 435.586 416.677 426.333 467.659 506.845 563.883 594.495 626.844 680.975 733.336 779.428 894.028 986.933 1096.312 1166.789 1165.424 1222.317 1249.058 1256.292 1380.852 1362.778 -999.250 -999.250
-999.250 524.230 511.204 536.275 558.128 573.953 586.669 606.520 628.441 615.456 618.183 637.830 692.892 726.594 871.502 952.702 1073.445 -999.250 -999.250 1300.927 1425.542 1553.740 1542.407 1456.406 1473.006 -999.250 1368.232 1311.777 1318.705 1194.324 1177.093 1085.033 1034.076 935.548 776.641 768.967 691.375 630.561 609.301 554.775 502.201 442.220 400.207 421.684 460.915 534.371 568.024 589.746 626.247 688.292 746.837 884.538 954.037 1050.376 1117.803 1125.086 1226.991 1253.820 1286.244 1316.976 1359.971 1388.245 -999.250 -999.250
508.327 548.248 541.888 553.197 563.570 570.270 584.886 598.123 616.568 619.347 621.355 650.887 690.474 701.703 797.943 831.806 1055.390 1147.158 1266.358 1303.170 1380.593 1613.166 1623.925 1603.274 1516.162 1548.009 1586.296 1480.237 1349.298 1187.040 1156.608 1079.227 1068.975 976.808 814.827 780.944 704.341 647.077 613.373 568.485 525.399 475.908 437.051 445.663 470.316 514.528 585.082 628.290 666.333 690.231 780.537 891.409 1004.971 1080.456 1117.085 1204.574 1186.673 1208.565 1325.929 1315.770 1367.286 1518.011 -999.250 -999.250
563.230 533.431 528.479 555.229 560.552 573.590 588.901 595.866 586.261 599.804 621.597 613.484 632.335 669.389 829.485 950.228 1009.034 1120.954 1257.244 1291.369 1384.551 1561.247 1687.603 1692.284 1635.470 1642.797 1607.887 1497.520 1376.608 1262.864 1210.172 1117.582 1086.099 1035.167 904.885 798.665 729.511 637.463 617.172 571.496 543.727 523.512 499.349 478.134 502.418 553.322 594.609 609.144 683.429 764.069 797.969 917.380 1021.081 1083.585 1120.154 1198.355 1283.308 1310.070 1416.929 1421.117 1470.412 1548.147 -999.250 -999.250
559.724 573.261 547.467 561.587 564.642 567.679 586.339 592.933 597.967 599.293 595.482 595.397 627.678 642.166 734.845 822.802 970.009 1138.540 1231.682 1281.738 1366.545 1652.940 1739.794 1818.262 1747.283 1707.570 1659.325 1523.964 1391.505 1227.639 1169.502 1142.958 1034.416 1026.962 896.195 748.035 682.133 653.408 593.784 564.694 556.617 541.921 511.418 544.873 549.842 567.626 585.995 618.311 673.044 774.747 841.317 948.569 985.304 1079.590 1119.872 1275.365 1243.011 1351.869 1489.482 1450.524 1531.841 -999.250 -999.250 -999.250
572.704 582.254 547.999 529.991 534.861 564.217 569.755 577.970 575.001 584.923 580.701 606.625 615.973 611.736 656.115 727.190 909.246 1057.146 1202.794 1284.620 1423.693 1666.235 1760.707 1977.480 1761.246 1745.480 1743.066 1594.545 1412.173 1339.119 1183.934 1122.173 1062.482 1074.586 896.663 790.717 713.095 660.737 604.678 565.893 565.134 563.471 544.762 534.450 568.079 573.642 593.279 634.408 689.586 751.172 898.343 934.446 1063.948 1131.176 1202.220 1381.264 1378.916 1446.995 1516.571 1623.745 1614.641 -999.250 -999.250 -999.250
585.663 570.915 548.681 529.673 541.472 539.877 545.103 551.282 535.148 555.088 557.751 561.797 580.217 569.206 611.836 697.456 797.090 1030.035 1139.654 1293.841 1397.287 1547.831 1687.495 1740.025 1762.657 1671.354 1614.351 1516.224 1400.030 1303.634 1247.649 1134.753 1102.363 1033.564 988.955 778.577 714.450 695.843 614.733 608.777 579.229 571.030 547.701 536.051 563.009 609.579 617.889 639.486 680.793 769.492 929.543 967.553 1049.967 1185.254 1234.954 1408.775 1407.459 1497.824 1554.808 1641.559 1693.412 -999.250 -999.250 -999.250
597.777 550.461 538.315 525.346 517.929 507.247 521.069 522.063 507.376 500.454 514.596 531.738 543.239 543.074 560.322 602.305 728.694 935.218 1143.033 1259.929 1386.715 1515.621 1525.382 1637.430 1638.405 1666.852 1603.493 1468.152 1347.227 1334.727 1266.350 1111.695 1075.274 976.956 900.408 816.854 805.168 696.085 642.009 589.971 580.123 567.223 548.296 534.363 563.014 592.736 613.156 628.148 674.179 794.139 886.435 1007.784 1089.339 1193.693 1312.126 1478.017 1538.736 1626.901 1614.373 1667.642 1787.781 -999.250 -999.250 -999.250
596.639 545.696 533.295 517.236 493.119 469.412 472.249 452.163 442.038 458.056 452.546 474.714 506.948 508.231 505.309 520.208 677.373 872.740 1063.080 1195.557 1314.537 1454.303 1494.549 1624.154 1614.217 1666.513 1500.330 1464.177 1291.436 1322.319 1178.288 1098.363 1003.776 959.732 905.206 831.416 772.359 675.721 625.420 596.094 582.326 587.214 553.139 530.801 575.697 598.389 605.234 646.203 733.675 778.248 969.419 1008.437 1172.281 1252.022 1401.061 1549.717 1628.241 1654.825 1690.446 1869.558 1910.023 -999.250 -999.250 -999.250
596.242 571.296 517.491 509.571 467.035 469.457 448.187 408.280 411.888 435.480 425.564 449.776 465.836 508.718 542.744 607.678 705.618 878.113 1093.036 1152.193 1254.536 1397.774 1505.907 1484.191 1570.922 1556.766 1441.941 1371.126 1353.942 1306.205 1190.743 1049.492 999.936 926.450 852.873 755.496 729.251 633.956 634.364 609.795 589.970 579.409 580.120 569.836 572.183 581.383 605.058 673.292 730.127 888.784 985.197 1081.887 1178.759 1254.708 1463.536 1579.040 1668.762 1703.117 1802.134 1965.993 2036.292 2179.758 -999.250 -999.250
575.110 571.328 498.644 453.695 431.551 425.230 414.677 399.614 412.155 400.685 425.080 436.343 465.431 519.981 570.199 639.997 780.242 926.001 1076.949 1182.092 1238.031 1360.865 1407.715 1413.664 1451.836 1338.206 1394.691 1350.150 1312.830 1310.713 1215.678 1082.566 1000.652 911.200 773.768 730.905 681.588 652.917 624.874 603.915 576.138 556.572 528.309 540.752 543.990 584.114 617.352 652.025 708.539 854.171 976.237 1104.019 1150.403 1240.262 1418.724 1529.408 1647.542 1831.930 1950.215 2050.551 2159.443 2213.493 2452.233 -999.250
572.849 535.121 492.742 421.677 427.248 390.539 362.599 363.612 388.322 395.911 412.838 446.196 515.302 544.431 630.703 740.102 807.476 944.811 1111.847 1163.906 1201.545 1319.364 1347.276 1386.309 1349.366 1247.643 1266.632 1193.546 1228.460 1170.277 1111.830 1053.952 1003.201 830.677 729.987 716.299 660.103 623.620 600.466 543.161 552.635 503.566 512.240 528.278 565.963 574.352 606.993 666.499 743.388 765.724 981.131 1083.638 1137.345 1289.834 1454.746 1655.934 1735.572 1780.760 2084.082 2087.267 2369.386 2627.973 2568.191 2549.469
572.882 540.574 467.101 436.859 405.293 358.405 328.741 334.997 349.328 373.370 406.194 443.818 529.988 584.622 676.812 781.005 880.552 1044.319 1160.589 1184.696 1305.922 1312.266 1259.298 1304.045 1308.990 1241.126 1238.814 1184.778 1142.673 1113.287 1092.205 1014.128 919.340 809.030 697.601 676.740 634.169 609.877 577.780 547.801 516.535 496.504 497.922 477.346 537.145 556.504 587.353 637.434 681.833 764.479 918.247 1082.946 1166.385 1273.490 1423.780 1624.108 1679.866 1795.066 2013.164 2138.959 2435.517 2685.415 2813.045 2770.199
