data/medianmodel_12-Jan-2021.asc
ncols	141
nrows	288
xllcorner	-120191.398
yllcorner	-301404.813
cellsize	2000.000
NODATA_value	-999.250
[rows 252 to 279 of 288, columns 0 to 63 of 141]
-999.250 -999.250 -999.250 -999.250 -999.250 -999.250 -999.250 -999.250 -999.250 -999.250 -999.250 -999.250 -999.250 -999.250 -999.250 -999.250 -999.250 -999.250 -999.250 -999.250 -999.250 -999.250 -999.250 -999.250 -999.250 -999.250 -999.250 -999.250 -999.250 255.313 204.519 188.855 153.590 180.948 184.012 200.533 235.749 204.881 233.535 253.908 293.641 359.010 489.728 536.963 600.275 651.516 688.042 748.846 817.689 845.443 925.270 1002.935 1001.098 1020.371 1070.369 1164.946 1121.153 1131.157 1097.552 1109.104 1070.596 1083.132 1060.269 1093.104
-999.250 -999.250 -999.250 -999.250 -999.250 -999.250 -999.250 -999.250 -999.250 -999.250 -999.250 -999.250 -999.250 -999.250 -999.250 -999.250 -999.250 -999.250 -999.250 -999.250 -999.250 -999.250 -999.250 -999.250 -999.250 -999.250 -999.250 -999.250 -999.250 -999.250 197.307 171.343 172.561 168.148 188.519 196.881 200.520 221.468 234.312 251.779 317.968 385.397 460.510 522.685 600.797 598.810 673.695 700.064 772.781 850.850 918.566 992.697 1004.068 1020.680 1084.523 1129.534 1180.893 1129.333 1144.704 1135.596 1072.010 1106.807 1153.458 1149.486
-999.250 -999.250 -999.250 -999.250 -999.250 -999.250 -999.250 -999.250 -999.250 -999.250 -999.250 -999.250 -999.250 -999.250 -999.250 -999.250 -999.250 -999.250 -999.250 -999.250 -999.250 -999.250 -999.250 -999.250 -999.250 -999.250 -999.250 -999.250 -999.250 -999.250 184.555 165.820 168.247 175.342 164.894 170.942 165.746 188.824 216.452 253.530 274.967 330.264 475.583 516.890 569.225 612.952 649.504 718.034 803.721 840.328 906.902 952.848 964.707 1034.205 1106.240 1144.826 1169.105 1177.605 1179.105 1198.513 1183.285 1189.034 1250.443 1216.879
-999.250 -999.250 -999.250 -999.250 -999.250 -999.250 -999.250 -999.250 -999.250 -999.250 -999.250 -999.250 -999.250 -999.250 -999.250 -999.250 -999.250 -999.250 -999.250 -999.250 -999.250 -999.250 -999.250 -999.250 -999.250 -999.250 -999.250 -999.250 -999.250 -999.250 -999.250 160.748 158.689 173.762 161.968 181.335 173.791 180.702 187.207 219.560 266.866 324.066 442.618 480.598 535.020 603.013 659.525 651.094 767.102 831.189 849.643 933.856 954.844 1025.596 1062.789 1104.196 1173.235 1183.425 1185.298 1223.476 1242.735 1253.101 1277.963 1257.254
-999.250 -999.250 -999.250 -999.250 -999.250 -999.250 -999.250 -999.250 -999.250 -999.250 -999.250 -999.250 -999.250 -999.250 -999.250 -999.250 -999.250 -999.250 -999.250 -999.250 -999.250 -999.250 -999.250 -999.250 -999.250 -999.250 -999.250 -999.250 -999.250 -999.250 -999.250 160.397 158.475 164.083 153.976 143.352 176.860 188.779 183.278 207.069 231.048 296.012 348.695 500.874 549.752 593.367 637.492 698.472 747.028 817.358 863.090 912.421 960.532 1041.444 1074.340 1126.356 1162.618 1150.628 1213.255 1249.921 1279.926 1317.630 1321.332 1298.210
-999.250 -999.250 -999.250 -999.250 -999.250 -999.250 -999.250 -999.250 -999.250 -999.250 -999.250 -999.250 -999.250 -999.250 -999.250 -999.250 -999.250 -999.250 -999.250 -999.250 -999.250 -999.250 -999.250 -999.250 -999.250 -999.250 -999.250 -999.250 -999.250 -999.250 155.656 158.775 152.432 157.091 150.522 140.587 168.386 172.740 166.737 190.541 234.615 240.370 354.363 456.534 501.639 531.674 603.677 641.512 753.536 797.085 851.039 899.427 926.153 1033.119 1115.572 1174.066 1136.890 1165.024 1177.358 1260.830 1281.473 1318.735 1334.010 1407.522
-999.250 -999.250 -999.250 -999.250 -999.250 -999.250 -999.250 -999.250 -999.250 -999.250 -999.250 -999.250 -999.250 -999.250 -999.250 -999.250 -999.250 -999.250 -999.250 -999.250 -999.250 -999.250 -999.250 -999.250 -999.250 -999.250 -999.250 -999.250 -999.250 -999.250 161.474 165.622 147.626 174.814 97.508 140.718 159.924 140.496 141.099 179.540 191.025 224.147 295.874 352.890 431.666 529.666 576.648 642.195 702.040 745.350 822.871 899.118 942.742 1027.268 1044.698 1155.223 1191.777 1182.525 1187.160 1235.448 1270.087 1304.472 1349.373 1332.368
-999.250 -999.250 -999.250 -999.250 -999.250 -999.250 -999.250 -999.250 -999.250 -999.250 -999.250 -999.250 -999.250 -999.250 -999.250 -999.250 -999.250 -999.250 -999.250 -999.250 -999.250 -999.250 -999.250 -999.250 -999.250 -999.250 -999.250 -999.250 -999.250 -999.250 157.183 133.995 162.886 126.462 86.678 120.937 137.039 102.541 141.202 157.515 173.244 225.664 283.917 298.873 346.726 497.075 531.094 607.007 696.781 745.978 828.167 873.818 899.823 955.521 1020.300 1128.099 1127.417 1161.156 1188.861 1217.077 1249.579 1253.816 1266.693 1288.926
-999.250 -999.250 -999.250 -999.250 -999.250 -999.250 -999.250 -999.250 -999.250 -999.250 -999.250 -999.250 -999.250 -999.250 -999.250 -999.250 -999.250 -999.250 -999.250 -999.250 -999.250 -999.250 -999.250 -999.250 -999.250 -999.250 -999.250 -999.250 -999.250 -999.250 133.777 147.566 104.807 105.953 102.730 117.423 118.195 96.279 111.995 136.684 171.335 192.316 221.262 244.143 312.737 389.308 544.246 575.589 655.287 718.336 770.492 849.133 911.993 977.141 1028.035 1095.900 1122.426 1134.200 1177.796 1212.508 1206.877 1203.871 1234.701 1249.507
-999.250 -999.250 -999.250 -999.250 -999.250 -999.250 -999.250 -999.250 -999.250 -999.250 -999.250 -999.250 -999.250 -999.250 -999.250 -999.250 -999.250 -999.250 -999.250 -999.250 -999.250 -999.250 -999.250 -999.250 -999.250 -999.250 -999.250 -999.250 -999.250 -999.250 140.223 126.583 116.074 65.228 99.836 86.686 72.712 69.940 113.928 141.854 166.630 191.049 208.867 229.815 311.841 448.010 501.873 556.457 591.211 682.672 745.773 827.115 886.473 933.224 1006.878 1051.704 1081.841 1128.666 1103.304 1103.998 1144.677 1176.886 1193.574 1203.125
-999.250 -999.250 -999.250 -999.250 -999.250 -999.250 -999.250 -999.250 -999.250 -999.250 -999.250 -999.250 -999.250 -999.250 -999.250 -999.250 -999.250 -999.250 -999.250 -999.250 -999.250 -999.250 -999.250 -999.250 -999.250 -999.250 -999.250 -999.250 -999.250 -999.250 105.113 121.334 104.596 59.386 50.911 102.727 73.613 77.058 63.228 70.325 130.066 158.793 195.354 219.144 317.651 347.945 442.350 501.114 559.337 648.949 711.924 775.097 820.564 919.299 969.257 1004.205 1045.217 1044.189 1049.093 1088.011 1106.947 1171.496 1150.253 1119.874
-999.250 -999.250 -999.250 -999.250 -999.250 -999.250 -999.250 -999.250 -999.250 -999.250 -999.250 -999.250 -999.250 -999.250 -999.250 -999.250 -999.250 -999.250 -999.250 -999.250 -999.250 -999.250 -999.250 -999.250 -999.250 -999.250 -999.250 -999.250 -999.250 143.666 132.433 104.338 67.346 33.606 49.410 46.725 53.396 48.626 70.989 78.157 110.242 153.372 173.498 193.446 270.949 306.340 430.043 489.314 556.661 600.177 684.598 731.443 788.084 895.166 927.232 968.549 1032.914 1022.592 1047.639 1048.549 1083.842 1089.142 1112.938 1056.280
-999.250 -999.250 -999.250 -999.250 -999.250 -999.250 -999.250 -999.250 -999.250 -999.250 -999.250 -999.250 -999.250 -999.250 -999.250 -999.250 -999.250 -999.250 -999.250 -999.250 -999.250 -999.250 -999.250 -999.250 -999.250 -999.250 -999.250 -999.250 -999.250 132.255 111.940 93.537 108.657 52.741 39.370 32.776 45.992 38.600 37.589 45.024 88.609 103.870 167.289 200.620 231.776 280.575 347.258 453.435 523.959 572.525 634.535 705.670 813.230 892.143 891.462 903.368 970.949 992.100 985.473 1073.223 1048.826 1115.863 1058.626 1052.034
-999.250 -999.250 -999.250 -999.250 -999.250 -999.250 -999.250 -999.250 -999.250 -999.250 -999.250 -999.250 -999.250 -999.250 -999.250 -999.250 -999.250 -999.250 -999.250 -999.250 -999.250 -999.250 -999.250 -999.250 -999.250 -999.250 -999.250 -999.250 144.911 132.109 103.665 99.904 109.476 46.180 31.213 26.846 52.750 49.333 27.394 31.488 49.862 127.972 145.049 177.866 219.522 297.258 349.319 445.426 523.141 566.430 593.651 674.505 773.500 837.936 877.401 904.931 939.062 979.471 1002.421 1003.915 1035.979 1073.256 1052.729 1040.497
-999.250 -999.250 -999.250 -999.250 -999.250 -999.250 -999.250 -999.250 -999.250 -999.250 -999.250 -999.250 -999.250 -999.250 -999.250 -999.250 -999.250 -999.250 -999.250 -999.250 -999.250 -999.250 -999.250 -999.250 -999.250 -999.250 -999.250 -999.250 164.070 158.041 134.460 90.873 100.234 65.798 46.322 36.639 70.004 45.465 24.516 35.396 38.987 88.026 123.141 157.257 193.726 257.720 310.766 418.618 457.371 564.496 586.016 657.183 742.858 820.015 873.185 891.718 905.484 915.561 967.078 1003.349 1019.210 968.152 1011.916 1008.423
-999.250 -999.250 -999.250 -999.250 -999.250 -999.250 -999.250 -999.250 -999.250 -999.250 -999.250 -999.250 -999.250 -999.250 -999.250 -999.250 -999.250 -999.250 -999.250 -999.250 -999.250 -999.250 -999.250 -999.250 -999.250 -999.250 -999.250 171.774 166.882 170.579 148.208 136.913 107.343 90.590 51.307 57.046 59.652 45.716 28.632 24.439 39.393 73.061 118.318 166.029 208.336 232.250 310.350 387.825 476.588 547.484 538.543 646.188 715.286 745.935 811.818 857.353 882.018 899.397 909.683 939.953 1001.930 959.861 929.849 972.220
-999.250 -999.250 -999.250 -999.250 -999.250 -999.250 -999.250 -999.250 -999.250 -999.250 -999.250 -999.250 -999.250 -999.250 -999.250 -999.250 -999.250 -999.250 -999.250 -999.250 -999.250 -999.250 -999.250 -999.250 -999.250 -999.250 -999.250 177.006 163.220 167.894 178.763 161.480 142.630 137.127 79.885 124.333 88.289 44.473 32.584 46.276 43.799 99.852 132.497 159.456 193.305 224.890 277.596 378.806 458.783 525.430 564.343 646.263 706.098 741.240 802.379 843.800 840.130 877.211 903.797 957.660 937.226 931.688 918.035 908.130
-999.250 -999.250 -999.250 -999.250 -999.250 -999.250 -999.250 -999.250 -999.250 -999.250 -999.250 -999.250 -999.250 -999.250 -999.250 -999.250 -999.250 -999.250 -999.250 -999.250 -999.250 -999.250 -999.250 -999.250 -999.250 -999.250 -999.250 187.817 188.841 193.311 182.088 168.053 161.654 157.180 140.879 148.341 106.180 83.999 63.666 84.077 101.752 117.768 158.860 185.516 206.478 253.102 288.118 347.709 498.560 522.279 580.718 604.291 658.189 719.020 800.224 828.378 851.106 868.127 922.648 956.375 943.162 928.492 899.615 897.738
-999.250 -999.250 -999.250 -999.250 -999.250 -999.250 -999.250 -999.250 -999.250 -999.250 -999.250 -999.250 -999.250 -999.250 -999.250 -999.250 -999.250 -999.250 -999.250 -999.250 -999.250 -999.250 -999.250 -999.250 -999.250 -999.250 -999.250 215.613 184.410 199.242 190.374 198.465 187.462 176.292 172.774 171.972 173.366 145.395 158.258 162.142 149.086 174.954 182.917 179.145 219.328 251.957 301.885 372.082 483.280 538.014 537.114 600.841 646.812 729.571 801.812 858.261 890.286 885.804 892.258 951.897 926.629 913.603 871.091 894.237
-999.250 -999.250 -999.250 -999.250 -999.250 -999.250 -999.250 -999.250 -999.250 -999.250 -999.250 -999.250 -999.250 -999.250 -999.250 -999.250 -999.250 -999.250 -999.250 -999.250 -999.250 -999.250 -999.250 -999.250 -999.250 -999.250 -999.250 201.510 213.034 205.980 208.128 194.904 214.110 189.989 186.135 199.028 181.927 184.480 178.227 196.085 195.750 177.227 201.417 200.135 205.039 235.062 289.557 339.880 451.347 530.339 586.173 631.916 640.981 748.871 778.977 818.499 874.805 865.099 894.110 910.675 901.300 884.401 895.605 890.997
-999.250 -999.250 -999.250 -999.250 -999.250 -999.250 -999.250 -999.250 -999.250 -999.250 -999.250 -999.250 -999.250 -999.250 -999.250 -999.250 -999.250 -999.250 -999.250 -999.250 -999.250 -999.250 -999.250 -999.250 -999.250 -999.250 -999.250 208.576 242.433 243.446 237.889 224.602 245.033 245.058 231.340 253.060 242.685 218.139 209.367 203.332 221.510 212.974 214.291 218.913 230.742 297.861 293.031 398.137 481.621 521.497 565.954 610.365 688.944 773.778 806.076 844.809 907.576 899.252 906.981 900.158 893.362 890.809 889.289 890.526
-999.250 -999.250 -999.250 -999.250 -999.250 -999.250 -999.250 -999.250 -999.250 -999.250 -999.250 -999.250 -999.250 -999.250 -999.250 -999.250 -999.250 -999.250 -999.250 -999.250 -999.250 -999.250 -999.250 -999.250 -999.250 -999.250 229.159 209.976 238.986 288.700 274.253 294.340 300.962 310.118 314.098 364.508 306.166 269.471 271.369 245.548 256.206 257.711 290.448 261.691 264.438 258.293 301.980 430.175 459.617 468.550 556.963 598.688 684.159 746.388 809.500 868.412 920.492 924.546 966.231 924.191 937.760 909.371 895.250 861.744
-999.250 -999.250 -999.250 -999.250 -999.250 -999.250 -999.250 -999.250 -999.250 -999.250 -999.250 -999.250 -999.250 -999.250 -999.250 -999.250 -999.250 -999.250 -999.250 -999.250 -999.250 -999.250 -999.250 -999.250 -999.250 -999.250 226.306 246.541 262.200 326.942 324.063 391.293 365.174 396.651 441.748 442.278 400.759 376.257 345.229 335.005 365.771 313.718 313.342 286.283 260.075 244.353 304.319 311.019 327.566 460.832 520.096 597.864 672.288 784.655 803.017 860.977 904.453 940.973 925.078 924.737 934.313 944.718 938.188 881.678
-999.250 -999.250 -999.250 -999.250 -999.250 -999.250 -999.250 -999.250 -999.250 -999.250 -999.250 -999.250 -999.250 -999.250 -999.250 -999.250 -999.250 -999.250 -999.250 -999.250 -999.250 -999.250 -999.250 -999.250 -999.250 227.478 231.870 239.535 265.642 311.108 352.227 419.005 458.434 481.472 503.094 483.907 460.905 480.231 435.148 389.347 393.608 382.099 361.561 304.115 290.857 291.606 285.259 345.923 388.401 472.032 511.600 588.881 672.955 756.774 822.063 879.442 931.517 955.321 976.313 947.119 952.466 933.515 938.816 923.226
-999.250 -999.250 -999.250 -999.250 -999.250 -999.250 -999.250 -999.250 -999.250 -999.250 -999.250 -999.250 -999.250 -999.250 -999.250 -999.250 -999.250 -999.250 -999.250 -999.250 -999.250 -999.250 -999.250 -999.250 -999.250 218.888 225.887 252.592 310.749 343.860 392.791 403.540 502.114 516.207 524.045 513.510 535.588 512.442 461.245 466.909 424.802 403.529 371.321 338.830 309.833 324.492 305.985 345.813 392.313 478.172 542.410 609.990 694.352 805.476 870.650 907.944 964.762 975.553 980.595 1004.948 970.773 962.346 951.093 912.639
-999.250 -999.250 -999.250 -999.250 -999.250 -999.250 -999.250 -999.250 -999.250 -999.250 -999.250 -999.250 -999.250 -999.250 -999.250 -999.250 -999.250 -999.250 -999.250 -999.250 -999.250 -999.250 -999.250 -999.250 -999.250 220.842 233.659 284.733 339.745 344.340 440.502 459.803 521.301 578.759 607.350 574.730 563.741 537.200 478.577 465.306 455.256 384.084 365.585 370.305 317.829 310.559 354.558 395.528 454.068 517.901 574.173 665.986 742.495 849.333 886.672 936.561 985.948 996.916 981.427 992.105 980.167 992.822 998.588 949.044
-999.250 -999.250 -999.250 -999.250 -999.250 -999.250 -999.250 -999.250 -999.250 -999.250 -999.250 -999.250 -999.250 -999.250 -999.250 -999.250 -999.250 -999.250 -999.250 -999.250 -999.250 -999.250 -999.250 -999.250 198.619 201.182 221.898 289.372 280.467 390.689 430.240 491.340 557.929 596.187 629.216 615.500 601.887 581.474 510.591 495.949 461.459 448.657 413.891 382.337 306.778 324.270 377.823 412.916 492.699 536.213 617.239 706.769 806.242 869.235 927.867 961.358 1006.285 1001.485 978.780 1015.069 989.726 1001.337 957.471 922.412
-999.250 -999.250 -999.250 -999.250 -999.250 -999.250 -999.250 -999.250 -999.250 -999.250 -999.250 -999.250 -999.250 -999.250 -999.250 -999.250 -999.250 -999.250 -999.250 -999.250 -999.250 -999.250 -999.250 -999.250 203.814 213.427 218.791 255.916 296.846 392.908 504.206 485.645 564.924 598.778 640.603 684.796 -999.250 -999.250 -999.250 -999.250 -999.250 -999.250 449.519 431.356 419.106 396.825 430.599 486.180 529.989 604.502 669.205 742.026 825.564 913.002 979.165 1034.292 1045.915 1031.634 1023.573 995.755 994.926 987.255 943.264 930.516
