data/medianmodel_22-Jun-2020.asc
ncols	141
nrows	288
xllcorner	-120191.398
yllcorner	-301404.813
cellsize	2000.000
NODATA_value	-999.250
[rows 93 to 123 of 288, columns 69 to 137 of 141]
0.000 0.000 0.000 0.000 0.000 0.000 0.000 1.087 1.718 0.699 0.983 0.000 0.000 0.000 0.000 0.000 0.000 0.000 0.000 0.000 0.000 0.000 0.000 0.000 0.849 2.375 2.509 2.825 2.418 2.996 1.523 1.014 1.506 1.672 2.848 4.562 5.515 5.967 6.934 5.896 5.157 5.736 9.981 9.150 8.226 -999.250 -999.250 -999.250 -999.250 -999.250 -999.250 -999.250 -999.250 -999.250 -999.250 -999.250 -999.250 -999.250 -999.250 -999.250 -999.250 -999.250 -999.250 -999.250 -999.250 -999.250 -999.250 -999.250 -999.250
0.000 0.000 0.000 0.000 0.000 0.000 0.000 0.659 2.599 3.041 3.388 1.165 1.940 0.000 0.000 0.000 0.000 0.000 0.000 0.000 0.000 0.000 0.106 2.137 1.722 3.775 3.402 3.628 2.449 2.679 2.130 1.890 1.902 2.274 1.757 3.342 2.866 2.109 2.568 3.580 5.281 7.898 6.538 5.827 8.009 -999.250 -999.250 -999.250 -999.250 -999.250 -999.250 -999.250 -999.250 -999.250 -999.250 -999.250 -999.250 -999.250 -999.250 -999.250 -999.250 -999.250 -999.250 -999.250 -999.250 -999.250 -999.250 -999.250 -999.250
0.000 0.000 0.000 0.000 0.000 0.000 0.616 1.203 3.112 4.956 6.411 4.433 2.500 0.736 0.000 0.000 0.000 0.000 0.000 0.000 0.000 0.000 1.246 1.905 3.595 3.447 5.416 3.716 2.101 3.040 4.562 2.404 2.048 2.516 1.860 1.197 1.961 0.278 0.563 1.667 6.351 4.494 3.916 6.404 7.189 -999.250 -999.250 -999.250 -999.250 -999.250 -999.250 -999.250 -999.250 -999.250 -999.250 -999.250 -999.250 -999.250 -999.250 -999.250 -999.250 -999.250 -999.250 -999.250 -999.250 -999.250 -999.250 -999.250 -999.250
0.000 0.000 0.000 0.000 0.000 0.000 0.000 2.590 4.726 8.309 13.493 7.406 3.570 1.516 0.000 0.000 0.000 0.000 0.000 0.000 0.000 1.051 1.970 3.350 5.258 4.486 4.126 6.427 3.942 4.318 3.555 3.113 3.420 2.790 2.338 2.432 1.328 2.101 1.829 2.936 4.681 2.331 4.382 4.060 5.916 8.278 -999.250 -999.250 -999.250 -999.250 -999.250 -999.250 -999.250 -999.250 -999.250 -999.250 -999.250 -999.250 -999.250 -999.250 -999.250 -999.250 -999.250 -999.250 -999.250 -999.250 -999.250 -999.250 -999.250
0.000 0.000 0.000 0.000 0.000 0.000 2.080 1.546 4.485 7.330 9.766 5.308 3.391 0.167 0.000 0.000 0.000 0.000 0.000 0.000 0.000 0.114 3.240 5.636 11.072 10.210 9.500 6.522 5.879 4.192 3.291 2.644 1.240 3.043 3.429 2.544 2.739 2.804 2.948 2.650 4.439 3.032 2.721 5.350 7.613 7.633 8.556 -999.250 -999.250 -999.250 -999.250 -999.250 -999.250 -999.250 -999.250 -999.250 -999.250 -999.250 -999.250 -999.250 -999.250 -999.250 -999.250 -999.250 -999.250 -999.250 -999.250 -999.250 -999.250
0.000 0.000 0.000 0.000 0.000 0.000 0.667 0.443 3.643 4.843 6.285 3.188 1.345 0.000 0.000 0.000 0.000 0.000 0.000 0.000 0.000 2.062 4.465 8.459 15.630 13.110 9.581 7.768 4.945 4.057 2.625 3.221 2.886 1.931 4.763 5.386 3.335 3.703 3.014 2.429 3.997 4.054 4.171 6.004 7.308 9.995 11.404 9.645 -999.250 -999.250 -999.250 -999.250 -999.250 -999.250 -999.250 -999.250 -999.250 -999.250 -999.250 -999.250 -999.250 -999.250 -999.250 -999.250 -999.250 -999.250 -999.250 -999.250 -999.250
0.000 0.000 0.000 0.000 0.000 0.000 0.007 0.586 1.844 3.872 2.909 2.325 0.080 0.000 0.000 0.000 0.000 0.000 0.000 0.000 0.000 0.680 4.282 6.688 10.285 10.994 10.882 8.636 7.115 5.552 4.989 4.162 4.201 4.044 5.782 9.447 5.562 3.640 4.582 4.152 3.533 3.734 6.002 4.121 7.560 8.799 9.794 -999.250 -999.250 -999.250 -999.250 -999.250 -999.250 -999.250 -999.250 -999.250 -999.250 -999.250 -999.250 -999.250 -999.250 -999.250 -999.250 -999.250 -999.250 -999.250 -999.250 -999.250 -999.250
0.000 0.000 0.000 0.000 0.000 0.000 0.000 0.000 2.252 1.582 0.906 0.298 0.000 0.000 0.000 0.000 0.000 0.000 0.000 0.000 0.000 0.820 3.901 4.738 6.879 9.906 9.638 7.635 9.243 7.300 5.962 5.989 6.539 4.802 6.419 8.225 5.095 4.619 5.377 4.133 4.874 4.624 5.214 5.681 6.527 9.521 12.040 10.081 -999.250 -999.250 -999.250 -999.250 -999.250 -999.250 -999.250 -999.250 -999.250 -999.250 -999.250 -999.250 -999.250 -999.250 -999.250 -999.250 -999.250 -999.250 -999.250 -999.250 -999.250
0.000 0.000 0.000 0.000 0.000 0.000 0.000 0.000 0.267 1.074 0.707 0.000 0.000 0.000 0.000 0.000 0.000 0.000 0.000 0.000 0.000 1.338 2.934 5.419 6.759 6.032 9.341 7.142 10.245 10.330 8.732 9.617 6.336 5.322 6.000 8.386 8.120 5.108 5.048 3.905 2.777 5.079 6.666 5.621 8.194 9.134 -999.250 -999.250 -999.250 -999.250 -999.250 -999.250 -999.250 -999.250 -999.250 -999.250 -999.250 -999.250 -999.250 -999.250 -999.250 -999.250 -999.250 -999.250 -999.250 -999.250 -999.250 -999.250 -999.250
0.000 0.000 0.000 0.000 0.000 0.000 0.000 0.000 0.000 0.000 0.259 0.319 0.000 0.000 0.000 0.000 0.000 0.000 0.000 0.000 0.002 1.546 3.654 5.311 5.697 8.363 8.823 9.493 10.931 10.967 9.921 11.312 6.971 11.918 11.955 10.240 11.533 8.754 6.810 5.238 6.815 6.512 6.576 7.204 5.203 -999.250 -999.250 -999.250 -999.250 -999.250 -999.250 -999.250 -999.250 -999.250 -999.250 -999.250 -999.250 -999.250 -999.250 -999.250 -999.250 -999.250 -999.250 -999.250 -999.250 -999.250 -999.250 -999.250 -999.250
0.000 0.000 0.000 0.000 0.000 0.000 0.000 0.000 0.000 0.085 0.261 0.404 0.000 0.000 0.000 0.000 0.000 0.000 2.137 0.000 1.448 2.426 5.990 4.883 5.280 8.880 9.660 10.568 8.629 9.556 10.501 12.469 12.122 13.619 14.738 14.282 12.354 11.467 6.919 7.760 7.510 5.883 6.790 8.759 9.428 -999.250 -999.250 -999.250 -999.250 -999.250 -999.250 -999.250 -999.250 -999.250 -999.250 -999.250 -999.250 -999.250 -999.250 -999.250 -999.250 -999.250 -999.250 -999.250 -999.250 -999.250 -999.250 -999.250 -999.250
0.000 0.000 0.000 0.000 0.000 0.000 0.000 0.000 0.000 0.177 0.921 0.000 0.000 0.807 0.000 0.000 0.000 0.000 1.265 1.874 2.223 3.024 4.228 6.873 5.416 8.279 6.578 11.344 10.103 12.237 10.046 12.674 14.508 13.433 18.033 18.802 15.082 12.374 11.410 11.009 8.355 9.042 10.808 10.337 -999.250 -999.250 -999.250 -999.250 -999.250 -999.250 -999.250 -999.250 -999.250 -999.250 -999.250 -999.250 -999.250 -999.250 -999.250 -999.250 -999.250 -999.250 -999.250 -999.250 -999.250 -999.250 -999.250 -999.250 -999.250
0.000 0.000 0.000 0.000 0.000 0.000 0.000 0.000 0.000 1.119 0.726 1.092 0.154 2.168 0.153 0.825 2.201 1.408 2.850 4.140 2.497 1.972 4.886 5.800 6.736 8.608 9.114 12.011 11.646 15.176 14.438 16.695 19.766 19.743 20.565 22.956 17.884 15.156 13.378 13.110 -999.250 -999.250 -999.250 -999.250 -999.250 -999.250 -999.250 -999.250 -999.250 -999.250 -999.250 -999.250 -999.250 -999.250 -999.250 -999.250 -999.250 -999.250 -999.250 -999.250 -999.250 -999.250 -999.250 -999.250 -999.250 -999.250 -999.250 -999.250 -999.250
0.000 0.000 0.000 0.000 0.000 0.000 0.000 0.000 0.000 0.082 2.322 2.805 2.409 2.549 2.956 0.744 3.476 3.967 4.586 3.336 3.876 4.137 5.046 7.338 6.516 10.976 9.695 14.169 15.518 17.562 16.172 21.980 23.528 23.985 29.017 25.869 25.090 20.024 -999.250 -999.250 -999.250 -999.250 -999.250 -999.250 -999.250 -999.250 -999.250 -999.250 -999.250 -999.250 -999.250 -999.250 -999.250 -999.250 -999.250 -999.250 -999.250 -999.250 -999.250 -999.250 -999.250 -999.250 -999.250 -999.250 -999.250 -999.250 -999.250 -999.250 -999.250
0.000 0.000 0.000 0.000 0.000 0.000 0.000 0.045 0.113 0.534 1.892 3.650 3.123 4.108 3.451 4.567 5.034 6.439 8.574 5.210 5.642 5.172 7.800 6.033 9.706 11.368 13.318 11.568 15.112 18.994 24.397 28.145 32.530 35.028 35.363 39.385 29.042 21.907 -999.250 -999.250 -999.250 -999.250 -999.250 -999.250 -999.250 -999.250 -999.250 -999.250 -999.250 -999.250 -999.250 -999.250 -999.250 -999.250 -999.250 -999.250 -999.250 -999.250 -999.250 -999.250 -999.250 -999.250 -999.250 -999.250 -999.250 -999.250 -999.250 -999.250 -999.250
0.000 0.000 0.000 0.000 0.000 0.000 0.000 0.000 0.000 1.134 2.527 2.063 3.997 5.253 6.690 6.423 8.618 10.129 8.977 12.110 10.664 9.994 6.943 9.415 10.743 13.042 12.744 16.186 16.298 20.712 21.052 28.163 36.668 43.040 45.753 40.643 34.431 27.475 -999.250 -999.250 -999.250 -999.250 -999.250 -999.250 -999.250 -999.250 -999.250 -999.250 -999.250 -999.250 -999.250 -999.250 -999.250 -999.250 -999.250 -999.250 -999.250 -999.250 -999.250 -999.250 -999.250 -999.250 -999.250 -999.250 -999.250 -999.250 -999.250 -999.250 -999.250
0.000 0.000 0.000 0.000 0.000 0.000 0.000 0.000 0.000 1.245 1.964 3.825 4.146 7.259 10.225 9.348 13.429 14.573 16.025 15.766 12.731 10.911 9.665 13.463 10.976 13.157 15.022 15.284 18.536 25.628 25.304 33.731 39.645 45.324 63.092 47.710 39.485 24.212 -999.250 -999.250 -999.250 -999.250 -999.250 -999.250 -999.250 -999.250 -999.250 -999.250 -999.250 -999.250 -999.250 -999.250 -999.250 -999.250 -999.250 -999.250 -999.250 -999.250 -999.250 -999.250 -999.250 -999.250 -999.250 -999.250 -999.250 -999.250 -999.250 -999.250 -999.250
0.000 0.000 0.000 0.000 0.000 0.000 0.000 0.000 0.000 0.562 1.330 2.490 4.876 8.857 11.531 12.573 15.097 18.951 26.420 16.742 12.351 12.082 9.898 13.367 14.686 14.863 14.598 15.369 18.455 20.401 27.821 36.675 37.139 41.589 51.368 45.982 33.840 30.584 -999.250 -999.250 -999.250 -999.250 -999.250 -999.250 -999.250 -999.250 -999.250 -999.250 -999.250 -999.250 -999.250 -999.250 -999.250 -999.250 -999.250 -999.250 -999.250 -999.250 -999.250 -999.250 -999.250 -999.250 -999.250 -999.250 -999.250 -999.250 -999.250 -999.250 -999.250
0.000 0.000 0.000 0.000 0.000 0.000 0.000 0.000 0.160 2.112 2.005 4.751 5.527 9.005 12.426 12.568 15.103 19.441 21.435 16.682 13.682 11.206 12.007 13.077 12.165 11.899 12.484 14.866 16.007 20.283 25.430 28.066 31.576 41.329 44.870 40.522 34.751 25.843 -999.250 -999.250 -999.250 -999.250 -999.250 -999.250 -999.250 -999.250 -999.250 -999.250 -999.250 -999.250 -999.250 -999.250 -999.250 -999.250 -999.250 -999.250 -999.250 -999.250 -999.250 -999.250 -999.250 -999.250 -999.250 -999.250 -999.250 -999.250 -999.250 -999.250 -999.250
0.000 0.000 0.000 0.000 0.000 0.000 0.000 0.439 1.280 3.086 3.095 4.471 6.774 7.777 11.801 13.521 11.842 17.049 16.658 14.528 12.739 10.946 13.453 12.950 9.398 10.863 12.421 12.644 17.455 17.835 16.721 21.968 30.990 30.695 31.214 32.063 31.127 22.541 15.871 18.447 -999.250 -999.250 -999.250 -999.250 -999.250 -999.250 -999.250 -999.250 -999.250 -999.250 -999.250 -999.250 -999.250 -999.250 -999.250 -999.250 -999.250 -999.250 -999.250 -999.250 -999.250 -999.250 -999.250 -999.250 -999.250 -999.250 -999.250 -999.250 -999.250
0.000 0.000 0.000 0.000 0.000 0.000 0.038 0.090 3.074 3.556 4.351 5.878 7.245 10.101 11.647 12.811 12.064 11.959 14.484 13.473 14.150 11.447 11.615 10.567 10.413 10.199 12.877 12.520 13.117 17.963 22.233 19.401 23.802 24.276 28.819 25.080 26.768 17.133 15.980 12.695 11.693 10.909 -999.250 -999.250 -999.250 -999.250 -999.250 -999.250 -999.250 -999.250 -999.250 -999.250 -999.250 -999.250 -999.250 -999.250 -999.250 -999.250 -999.250 -999.250 -999.250 -999.250 -999.250 -999.250 -999.250 -999.250 -999.250 -999.250 -999.250
0.000 0.000 0.000 0.272 0.265 1.060 3.297 2.689 2.002 2.931 3.757 5.125 7.156 9.399 9.397 12.571 10.882 12.953 12.520 11.419 13.952 10.837 12.446 9.685 9.786 11.234 11.183 10.523 12.225 16.334 15.959 16.456 18.225 20.008 24.920 19.164 20.006 16.427 13.572 13.671 12.517 11.200 -999.250 -999.250 -999.250 -999.250 -999.250 -999.250 -999.250 -999.250 -999.250 -999.250 -999.250 -999.250 -999.250 -999.250 -999.250 -999.250 -999.250 -999.250 -999.250 -999.250 -999.250 -999.250 -999.250 -999.250 -999.250 -999.250 -999.250
2.318 2.646 3.896 4.680 4.852 4.558 4.299 3.307 4.725 4.842 5.113 4.883 7.602 8.086 7.933 10.004 10.461 9.963 10.637 10.714 11.368 12.827 11.481 8.890 10.101 7.697 7.756 10.399 11.239 14.067 13.221 12.628 14.222 14.491 20.382 15.387 13.611 13.303 13.660 13.582 11.660 11.530 10.634 -999.250 -999.250 -999.250 -999.250 -999.250 -999.250 -999.250 -999.250 -999.250 -999.250 -999.250 -999.250 -999.250 -999.250 -999.250 -999.250 -999.250 -999.250 -999.250 -999.250 -999.250 -999.250 -999.250 -999.250 -999.250 -999.250
5.949 5.775 6.440 6.031 10.110 8.035 6.831 7.041 6.141 4.622 4.289 6.551 8.965 5.332 8.757 6.897 10.304 11.887 11.119 9.986 8.065 10.274 7.827 8.829 7.174 6.424 7.451 5.173 5.883 10.146 10.212 10.627 11.860 10.916 15.547 12.407 11.743 11.724 12.448 10.401 11.953 10.205 9.999 12.035 -999.250 -999.250 -999.250 -999.250 -999.250 -999.250 -999.250 -999.250 -999.250 -999.250 -999.250 -999.250 -999.250 -999.250 -999.250 -999.250 -999.250 -999.250 -999.250 -999.250 -999.250 -999.250 -999.250 -999.250 -999.250
13.253 11.183 11.942 13.645 12.828 10.961 9.447 9.758 9.441 6.265 2.626 6.741 8.843 9.156 7.930 8.606 8.675 8.313 6.897 11.277 8.915 7.235 10.164 8.955 7.291 6.035 6.301 3.550 5.141 6.556 6.091 6.559 6.807 7.670 9.203 10.329 6.698 6.413 11.241 10.289 6.939 11.032 12.283 9.789 -999.250 -999.250 -999.250 -999.250 -999.250 -999.250 -999.250 -999.250 -999.250 -999.250 -999.250 -999.250 -999.250 -999.250 -999.250 -999.250 -999.250 -999.250 -999.250 -999.250 -999.250 -999.250 -999.250 -999.250 -999.250
15.228 15.924 18.694 19.355 17.276 12.553 11.383 11.940 9.401 9.566 6.496 5.068 8.470 6.445 7.625 9.751 7.706 6.267 9.281 8.694 7.720 7.914 9.661 5.928 8.941 3.930 4.133 4.205 3.609 3.995 3.529 3.393 3.448 4.331 4.541 6.154 5.838 7.155 6.365 9.019 11.409 12.981 9.384 8.511 8.888 -999.250 -999.250 -999.250 -999.250 -999.250 -999.250 -999.250 -999.250 -999.250 -999.250 -999.250 -999.250 -999.250 -999.250 -999.250 -999.250 -999.250 -999.250 -999.250 -999.250 -999.250 -999.250 -999.250 -999.250
23.828 26.898 27.060 24.243 18.960 19.660 16.475 13.964 11.401 9.537 6.075 7.183 10.908 8.514 8.826 8.248 9.604 5.939 11.246 8.306 6.733 6.067 5.530 4.682 7.507 4.575 2.737 1.221 1.056 2.536 2.580 1.416 2.128 1.906 3.186 3.636 5.544 5.091 6.857 10.209 8.863 10.809 8.086 8.710 -999.250 -999.250 -999.250 -999.250 -999.250 -999.250 -999.250 -999.250 -999.250 -999.250 -999.250 -999.250 -999.250 -999.250 -999.250 -999.250 -999.250 -999.250 -999.250 -999.250 -999.250 -999.250 -999.250 -999.250 -999.250
31.056 34.487 33.710 27.221 24.357 20.883 20.366 17.698 13.619 12.174 11.354 10.799 10.790 9.560 7.523 6.641 9.209 10.171 9.133 8.902 4.945 5.179 5.273 4.991 5.184 4.585 2.779 0.000 0.000 0.000 0.048 0.000 0.140 3.481 3.829 3.774 4.758 7.002 7.783 5.579 7.571 9.092 6.904 9.198 -999.250 -999.250 -999.250 -999.250 -999.250 -999.250 -999.250 -999.250 -999.250 -999.250 -999.250 -999.250 -999.250 -999.250 -999.250 -999.250 -999.250 -999.250 -999.250 -999.250 -999.250 -999.250 -999.250 -999.250 -999.250
42.441 46.964 39.710 36.583 29.715 23.279 20.417 18.152 13.290 12.654 13.605 13.293 9.642 8.066 6.123 7.690 9.049 8.740 9.120 7.640 6.032 7.038 7.659 4.348 2.382 2.227 0.960 0.000 0.000 0.000 0.000 0.000 0.000 0.068 2.194 3.494 8.845 8.188 7.505 7.401 9.563 8.315 8.905 9.338 -999.250 -999.250 -999.250 -999.250 -999.250 -999.250 -999.250 -999.250 -999.250 -999.250 -999.250 -999.250 -999.250 -999.250 -999.250 -999.250 -999.250 -999.250 -999.250 -999.250 -999.250 -999.250 -999.250 -999.250 -999.250
44.511 59.964 46.960 33.810 31.520 26.144 22.985 14.797 13.345 15.348 10.734 10.564 9.445 6.224 6.551 7.291 5.831 7.002 10.878 9.098 7.830 8.120 5.448 4.632 3.030 2.070 0.149 0.000 0.000 0.000 0.000 0.000 0.000 0.000 0.610 2.538 3.436 5.669 8.168 6.083 6.107 7.972 7.178 8.626 -999.250 -999.250 -999.250 -999.250 -999.250 -999.250 -999.250 -999.250 -999.250 -999.250 -999.250 -999.250 -999.250 -999.250 -999.250 -999.250 -999.250 -999.250 -999.250 -999.250 -999.250 -999.250 -999.250 -999.250 -999.250
40.943 47.799 38.291 30.723 26.964 23.919 22.834 15.946 14.686 13.260 10.499 11.107 5.394 6.830 6.275 7.108 5.830 9.089 8.998 10.661 8.214 9.399 3.913 4.415 2.796 1.368 0.000 0.000 0.000 0.000 0.000 0.000 0.000 0.000 0.113 4.011 4.872 6.113 7.800 5.734 3.895 6.712 7.808 -999.250 -999.250 -999.250 -999.250 -999.250 -999.250 -999.250 -999.250 -999.250 -999.250 -999.250 -999.250 -999.250 -999.250 -999.250 -999.250 -999.250 -999.250 -999.250 -999.250 -999.250 -999.250 -999.250 -999.250 -999.250 -999.250
