data/medianmodel_19-May-2020.asc
ncols	141
nrows	288
xllcorner	-120191.398
yllcorner	-301404.813
cellsize	2000.000
NODATA_value	-999.250
[rows 217 to 247 of 288, columns 0 to 69 of 141]
-999.250 -999.250 -999.250 -999.250 -999.250 -999.250 -999.250 -999.250 -999.250 -999.250 -999.250 -999.250 -999.250 -999.250 -999.250 -999.250 -999.250 -999.250 -999.250 -999.250 -999.250 -999.250 -999.250 -999.250 -999.250 -999.250 -999.250 -999.250 -999.250 -999.250 -999.250 16.064 14.895 11.322 10.263 10.510 10.617 12.693 11.241 8.652 9.999 10.550 12.627 11.459 9.344 7.450 9.348 9.668 10.246 11.598 11.763 9.981 10.886 7.314 6.262 7.492 4.859 6.295 5.291 5.588 1.592 0.416 1.146 0.000 0.000 0.000 0.000 0.000 0.000 0.000
-999.250 -999.250 -999.250 -999.250 -999.250 -999.250 -999.250 -999.250 -999.250 -999.250 -999.250 -999.250 -999.250 -999.250 -999.250 -999.250 -999.250 -999.250 -999.250 -999.250 -999.250 -999.250 -999.250 -999.250 -999.250 -999.250 -999.250 -999.250 -999.250 -999.250 -999.250 11.349 11.310 10.218 10.193 9.623 10.940 10.639 6.989 9.363 10.288 13.299 12.042 11.636 8.501 6.519 7.395 9.362 7.902 10.095 10.434 8.297 8.003 7.399 6.402 5.059 3.909 2.613 2.944 3.831 1.782 0.023 0.000 0.000 0.000 0.000 0.000 0.000 0.000 0.000
-999.250 -999.250 -999.250 -999.250 -999.250 -999.250 -999.250 -999.250 -999.250 -999.250 -999.250 -999.250 -999.250 -999.250 -999.250 -999.250 -999.250 -999.250 -999.250 -999.250 -999.250 -999.250 -999.250 -999.250 -999.250 -999.250 -999.250 -999.250 -999.250 -999.250 -999.250 13.210 11.227 11.289 13.062 9.238 9.917 12.932 9.031 11.564 14.294 13.662 13.264 11.562 12.133 8.869 8.912 9.125 7.840 7.992 10.430 9.354 9.707 4.532 3.034 5.772 3.837 4.973 4.314 4.457 2.114 0.392 0.000 0.000 0.000 0.000 0.000 0.000 0.000 0.000
-999.250 -999.250 -999.250 -999.250 -999.250 -999.250 -999.250 -999.250 -999.250 -999.250 -999.250 -999.250 -999.250 -999.250 -999.250 -999.250 -999.250 -999.250 -999.250 -999.250 -999.250 -999.250 -999.250 -999.250 -999.250 -999.250 -999.250 -999.250 -999.250 -999.250 -999.250 12.593 13.126 14.148 11.720 10.329 11.737 8.627 9.464 9.802 12.085 12.043 11.991 13.665 8.427 7.618 9.068 9.675 9.797 10.121 9.118 7.691 8.053 7.303 4.499 6.188 4.596 4.657 5.546 3.803 2.704 0.916 0.923 0.000 0.000 0.000 0.000 0.000 0.000 0.000
-999.250 -999.250 -999.250 -999.250 -999.250 -999.250 -999.250 -999.250 -999.250 -999.250 -999.250 -999.250 -999.250 -999.250 -999.250 -999.250 -999.250 -999.250 -999.250 -999.250 -999.250 -999.250 -999.250 -999.250 -999.250 -999.250 -999.250 -999.250 -999.250 -999.250 -999.250 10.834 11.560 11.286 13.576 10.819 10.407 10.748 8.168 8.931 9.489 10.270 11.777 9.981 11.336 9.593 9.290 11.314 9.735 9.138 10.345 9.585 8.218 5.603 4.902 4.747 3.442 5.750 3.296 3.822 2.930 0.340 0.649 0.000 1.015 0.000 0.719 0.199 0.000 0.000
-999.250 -999.250 -999.250 -999.250 -999.250 -999.250 -999.250 -999.250 -999.250 -999.250 -999.250 -999.250 -999.250 -999.250 -999.250 -999.250 -999.250 -999.250 -999.250 -999.250 -999.250 -999.250 -999.250 -999.250 -999.250 -999.250 -999.250 -999.250 -999.250 -999.250 -999.250 10.476 10.479 8.556 10.067 9.788 9.822 8.116 8.733 9.594 11.517 12.433 9.532 7.336 6.103 9.007 11.393 10.280 7.429 8.184 8.297 8.890 9.011 5.933 3.482 5.739 2.695 3.325 2.523 3.086 2.311 2.645 1.106 1.790 2.711 0.556 2.552 1.616 1.754 1.244
-999.250 -999.250 -999.250 -999.250 -999.250 -999.250 -999.250 -999.250 -999.250 -999.250 -999.250 -999.250 -999.250 -999.250 -999.250 -999.250 -999.250 -999.250 -999.250 -999.250 -999.250 -999.250 -999.250 -999.250 -999.250 -999.250 -999.250 -999.250 -999.250 -999.250 5.971 9.156 6.313 10.886 8.874 11.526 7.282 8.069 10.162 12.641 10.843 10.903 12.428 7.072 9.746 10.321 12.617 10.164 9.290 8.102 7.579 8.711 6.990 4.189 3.775 3.193 2.204 1.408 1.621 1.260 1.045 1.758 1.181 3.694 2.372 2.760 3.322 4.141 2.484 2.826
-999.250 -999.250 -999.250 -999.250 -999.250 -999.250 -999.250 -999.250 -999.250 -999.250 -999.250 -999.250 -999.250 -999.250 -999.250 -999.250 -999.250 -999.250 -999.250 -999.250 -999.250 -999.250 -999.250 -999.250 -999.250 -999.250 -999.250 -999.250 -999.250 -999.250 7.454 8.715 8.312 8.321 8.243 9.342 9.088 9.155 9.879 8.057 12.657 11.469 7.144 9.066 10.516 10.080 8.757 5.076 8.825 8.725 5.854 6.978 7.704 4.522 2.884 1.046 1.651 0.070 0.000 0.000 0.662 1.474 0.669 4.322 2.373 2.250 2.690 3.545 1.728 1.619
-999.250 -999.250 -999.250 -999.250 -999.250 -999.250 -999.250 -999.250 -999.250 -999.250 -999.250 -999.250 -999.250 -999.250 -999.250 -999.250 -999.250 -999.250 -999.250 -999.250 -999.250 -999.250 -999.250 -999.250 -999.250 -999.250 -999.250 -999.250 -999.250 -999.250 8.255 7.133 8.224 11.223 7.045 8.979 9.838 8.032 6.038 8.690 9.775 12.127 9.097 9.760 7.590 8.456 7.541 8.701 8.214 7.570 5.084 6.068 6.679 4.333 2.409 2.557 0.065 0.000 0.000 0.000 0.000 0.000 0.502 2.018 1.515 2.255 3.084 5.241 3.410 2.834
-999.250 -999.250 -999.250 -999.250 -999.250 -999.250 -999.250 -999.250 -999.250 -999.250 -999.250 -999.250 -999.250 -999.250 -999.250 -999.250 -999.250 -999.250 -999.250 -999.250 -999.250 -999.250 -999.250 -999.250 -999.250 -999.250 -999.250 -999.250 -999.250 -999.250 6.787 7.234 7.521 10.792 9.310 9.157 9.576 7.659 9.436 7.144 6.450 11.798 10.115 9.489 6.772 9.338 7.907 5.935 7.042 7.443 5.629 3.835 5.175 2.084 0.577 2.122 0.286 0.000 0.000 0.000 0.000 0.000 0.309 2.063 0.702 2.323 2.724 4.006 3.384 3.484
-999.250 -999.250 -999.250 -999.250 -999.250 -999.250 -999.250 -999.250 -999.250 -999.250 -999.250 -999.250 -999.250 -999.250 -999.250 -999.250 -999.250 -999.250 -999.250 -999.250 -999.250 -999.250 -999.250 -999.250 -999.250 -999.250 -999.250 -999.250 -999.250 7.167 5.613 10.828 5.615 8.816 6.991 5.613 5.841 6.488 8.846 5.015 10.426 9.019 12.410 7.262 8.234 9.929 7.763 6.966 5.505 5.160 3.974 3.676 5.681 4.189 1.517 0.000 0.000 0.000 0.000 0.000 0.000 0.000 2.212 2.402 1.814 1.982 4.008 5.550 4.677 3.133
-999.250 -999.250 -999.250 -999.250 -999.250 -999.250 -999.250 -999.250 -999.250 -999.250 -999.250 -999.250 -999.250 -999.250 -999.250 -999.250 -999.250 -999.250 -999.250 -999.250 -999.250 -999.250 -999.250 -999.250 -999.250 -999.250 -999.250 -999.250 -999.250 8.680 7.528 8.167 4.957 6.348 3.003 4.559 5.979 5.375 5.937 7.442 10.483 9.018 11.152 9.426 9.217 7.849 6.308 9.055 4.915 3.755 3.832 5.501 5.226 4.014 1.861 0.288 0.000 0.000 0.000 0.000 0.000 0.000 1.261 1.604 2.435 0.580 3.195 3.475 4.839 1.889
-999.250 -999.250 -999.250 -999.250 -999.250 -999.250 -999.250 -999.250 -999.250 -999.250 -999.250 -999.250 -999.250 -999.250 -999.250 -999.250 -999.250 -999.250 -999.250 -999.250 -999.250 -999.250 -999.250 -999.250 -999.250 -999.250 -999.250 -999.250 3.901 7.272 6.650 5.777 6.266 2.996 3.484 6.361 6.947 5.765 5.772 7.628 8.999 6.456 12.808 11.846 9.866 9.069 6.479 6.219 6.301 4.257 6.542 3.922 5.269 5.929 3.175 1.329 0.107 0.145 0.000 0.000 0.000 2.022 1.118 1.052 2.133 2.250 2.596 0.620 2.909 2.986
-999.250 -999.250 -999.250 -999.250 -999.250 -999.250 -999.250 -999.250 -999.250 -999.250 -999.250 -999.250 -999.250 -999.250 -999.250 -999.250 -999.250 -999.250 -999.250 -999.250 -999.250 -999.250 -999.250 -999.250 -999.250 -999.250 -999.250 -999.250 7.615 5.406 5.609 3.735 5.108 3.563 3.918 4.517 4.897 5.226 6.252 8.378 8.980 6.727 7.634 8.729 9.119 9.394 7.069 5.253 4.146 4.780 3.498 5.673 7.044 7.208 5.279 4.912 1.870 0.000 0.000 0.000 1.571 2.113 4.534 2.762 2.949 3.246 2.108 1.459 2.194 2.961
-999.250 -999.250 -999.250 -999.250 -999.250 -999.250 -999.250 -999.250 -999.250 -999.250 -999.250 -999.250 -999.250 -999.250 -999.250 -999.250 -999.250 -999.250 -999.250 -999.250 -999.250 -999.250 -999.250 -999.250 -999.250 -999.250 -999.250 7.743 6.221 5.391 5.665 4.353 5.515 4.605 4.898 4.304 7.930 8.200 6.121 7.011 6.697 8.940 5.849 5.877 6.548 6.516 7.735 5.749 6.389 4.726 3.527 4.090 7.499 5.966 5.487 3.429 2.318 1.348 0.214 0.023 0.778 2.482 0.123 3.208 1.710 1.953 0.785 0.103 1.504 2.671
-999.250 -999.250 -999.250 -999.250 -999.250 -999.250 -999.250 -999.250 -999.250 -999.250 -999.250 -999.250 -999.250 -999.250 -999.250 -999.250 -999.250 -999.250 -999.250 -999.250 -999.250 -999.250 -999.250 -999.250 -999.250 -999.250 -999.250 8.047 6.663 6.439 6.134 7.291 5.432 5.805 5.530 6.467 8.744 6.249 6.831 6.661 5.847 6.773 8.637 7.931 7.545 6.160 5.292 5.580 6.998 6.145 4.628 8.106 7.630 4.908 4.208 4.508 3.342 1.405 0.824 2.700 0.541 1.863 1.433 2.081 2.760 0.352 2.587 1.841 3.629 2.166
-999.250 -999.250 -999.250 -999.250 -999.250 -999.250 -999.250 -999.250 -999.250 -999.250 -999.250 -999.250 -999.250 -999.250 -999.250 -999.250 -999.250 -999.250 -999.250 -999.250 -999.250 -999.250 -999.250 -999.250 -999.250 -999.250 -999.250 -999.250 5.789 5.697 8.645 5.635 5.620 4.432 5.152 6.111 8.207 5.637 8.736 8.673 6.748 7.097 6.336 8.200 7.874 5.844 4.817 5.844 9.300 6.234 4.298 9.214 7.749 5.519 6.130 6.288 3.717 1.560 2.450 0.922 0.557 2.046 1.890 1.256 1.175 1.160 3.099 2.211 4.308 2.689
-999.250 -999.250 -999.250 -999.250 -999.250 -999.250 -999.250 -999.250 -999.250 -999.250 -999.250 -999.250 -999.250 -999.250 -999.250 -999.250 -999.250 -999.250 -999.250 -999.250 -999.250 -999.250 -999.250 -999.250 -999.250 -999.250 -999.250 -999.250 -999.250 -999.250 5.714 5.440 5.560 6.877 4.161 8.089 5.744 8.310 9.972 6.996 7.807 9.725 8.090 7.401 8.551 6.330 8.045 6.269 6.234 7.665 6.696 6.735 5.453 5.482 3.669 4.182 3.062 1.356 1.056 1.848 0.594 0.000 2.982 1.943 3.089 1.732 2.688 1.352 3.634 3.021
-999.250 -999.250 -999.250 -999.250 -999.250 -999.250 -999.250 -999.250 -999.250 -999.250 -999.250 -999.250 -999.250 -999.250 -999.250 -999.250 -999.250 -999.250 -999.250 -999.250 -999.250 -999.250 -999.250 -999.250 -999.250 -999.250 -999.250 -999.250 -999.250 -999.250 4.504 6.208 6.705 4.223 6.464 8.140 8.101 10.384 9.230 8.309 6.839 6.867 11.095 10.843 6.513 5.951 8.460 6.223 8.392 6.883 8.559 7.527 4.131 3.998 4.491 3.105 0.477 0.000 0.000 0.000 0.000 0.511 0.000 0.090 3.383 3.307 2.407 4.013 4.902 1.539
-999.250 -999.250 -999.250 -999.250 -999.250 -999.250 -999.250 -999.250 -999.250 -999.250 -999.250 -999.250 -999.250 -999.250 -999.250 -999.250 -999.250 -999.250 -999.250 -999.250 -999.250 -999.250 -999.250 -999.250 -999.250 -999.250 -999.250 -999.250 -999.250 -999.250 6.268 7.887 8.017 5.465 7.791 6.494 9.098 7.934 9.609 10.400 8.657 9.753 8.780 9.485 7.855 9.745 7.691 7.768 8.505 6.841 8.622 7.741 5.508 4.168 5.687 3.380 2.154 0.000 0.000 0.000 0.000 0.000 0.393 1.822 1.978 4.588 3.836 5.050 3.638 3.214
-999.250 -999.250 -999.250 -999.250 -999.250 -999.250 -999.250 -999.250 -999.250 -999.250 -999.250 -999.250 -999.250 -999.250 -999.250 -999.250 -999.250 -999.250 -999.250 -999.250 -999.250 -999.250 -999.250 -999.250 -999.250 -999.250 -999.250 -999.250 -999.250 -999.250 -999.250 4.021 4.584 5.066 6.114 6.091 8.319 7.716 6.634 7.104 12.505 8.131 9.012 8.688 9.386 8.275 8.315 8.097 8.354 6.307 6.474 8.903 7.782 2.567 2.922 1.567 2.047 0.229 0.000 0.000 0.000 0.000 0.431 0.572 0.813 4.557 4.503 6.059 5.567 3.914
-999.250 -999.250 -999.250 -999.250 -999.250 -999.250 -999.250 -999.250 -999.250 -999.250 -999.250 -999.250 -999.250 -999.250 -999.250 -999.250 -999.250 -999.250 -999.250 -999.250 -999.250 -999.250 -999.250 -999.250 -999.250 -999.250 -999.250 -999.250 -999.250 -999.250 7.075 5.007 3.842 4.813 5.698 9.180 6.783 6.035 9.178 7.509 9.188 7.424 7.614 8.618 6.131 8.739 5.462 8.695 8.213 7.464 6.624 6.738 6.402 3.163 3.116 1.391 1.738 0.828 0.000 0.000 0.000 0.000 0.000 0.686 2.687 5.987 7.628 5.891 5.809 3.264
-999.250 -999.250 -999.250 -999.250 -999.250 -999.250 -999.250 -999.250 -999.250 -999.250 -999.250 -999.250 -999.250 -999.250 -999.250 -999.250 -999.250 -999.250 -999.250 -999.250 -999.250 -999.250 -999.250 -999.250 -999.250 -999.250 -999.250 -999.250 -999.250 -999.250 -999.250 5.583 4.936 7.470 4.905 7.526 6.373 10.654 7.072 5.221 4.963 5.273 5.864 8.845 10.096 7.724 7.187 7.824 6.317 4.924 5.382 4.804 5.933 2.147 4.000 1.245 1.764 0.919 0.000 0.000 0.000 0.000 0.000 0.471 2.124 3.628 3.114 4.446 5.399 3.786
-999.250 -999.250 -999.250 -999.250 -999.250 -999.250 -999.250 -999.250 -999.250 -999.250 -999.250 -999.250 -999.250 -999.250 -999.250 -999.250 -999.250 -999.250 -999.250 -999.250 -999.250 -999.250 -999.250 -999.250 -999.250 -999.250 -999.250 -999.250 -999.250 -999.250 6.875 4.045 6.005 4.109 5.752 5.290 7.148 6.794 5.965 6.835 4.642 2.562 5.063 4.586 5.535 7.676 7.552 7.465 8.736 7.142 6.935 3.945 5.977 3.514 4.137 2.280 1.734 1.773 0.000 0.065 0.000 0.000 0.000 0.263 1.267 3.743 5.340 4.295 5.512 4.008
-999.250 -999.250 -999.250 -999.250 -999.250 -999.250 -999.250 -999.250 -999.250 -999.250 -999.250 -999.250 -999.250 -999.250 -999.250 -999.250 -999.250 -999.250 -999.250 -999.250 -999.250 -999.250 -999.250 -999.250 -999.250 -999.250 -999.250 -999.250 -999.250 -999.250 6.701 5.203 4.640 4.417 3.823 4.177 4.156 6.411 9.052 5.886 6.034 5.428 4.493 3.120 4.518 6.176 4.612 6.840 4.858 5.829 4.763 4.469 5.529 4.187 4.201 2.984 1.814 1.199 0.000 0.000 0.135 0.685 0.099 0.616 0.000 3.142 4.915 4.466 5.056 4.509
-999.250 -999.250 -999.250 -999.250 -999.250 -999.250 -999.250 -999.250 -999.250 -999.250 -999.250 -999.250 -999.250 -999.250 -999.250 -999.250 -999.250 -999.250 -999.250 -999.250 -999.250 -999.250 -999.250 -999.250 -999.250 -999.250 -999.250 -999.250 -999.250 -999.250 4.503 5.517 3.191 3.818 5.686 4.540 4.590 7.981 7.772 6.320 4.088 4.513 3.959 5.453 7.784 4.119 7.470 7.558 5.818 4.731 3.655 5.155 3.831 3.923 4.527 5.450 1.097 0.001 0.000 0.000 0.000 0.216 0.873 2.484 2.133 1.716 2.642 2.146 2.574 5.903
-999.250 -999.250 -999.250 -999.250 -999.250 -999.250 -999.250 -999.250 -999.250 -999.250 -999.250 -999.250 -999.250 -999.250 -999.250 -999.250 -999.250 -999.250 -999.250 -999.250 -999.250 -999.250 -999.250 -999.250 -999.250 -999.250 -999.250 -999.250 -999.250 -999.250 4.034 4.047 4.221 6.624 2.040 3.621 4.273 4.115 4.751 8.732 3.235 4.722 3.159 4.404 7.115 5.730 5.412 5.799 4.706 4.144 4.883 5.050 6.847 4.424 6.821 3.605 2.918 0.000 0.000 0.000 0.000 0.000 0.000 0.290 0.123 2.224 1.572 4.547 3.287 3.995
-999.250 -999.250 -999.250 -999.250 -999.250 -999.250 -999.250 -999.250 -999.250 -999.250 -999.250 -999.250 -999.250 -999.250 -999.250 -999.250 -999.250 -999.250 -999.250 -999.250 -999.250 -999.250 -999.250 -999.250 -999.250 -999.250 -999.250 -999.250 -999.250 -999.250 1.514 4.159 6.460 4.106 2.109 6.200 5.573 6.276 7.763 6.752 4.607 6.355 5.337 4.956 4.360 4.291 4.606 4.933 4.657 3.846 3.965 3.977 3.075 4.478 4.694 3.315 1.229 0.000 0.110 0.000 0.000 0.000 0.000 0.038 0.000 1.932 3.751 4.905 5.145 4.183
-999.250 -999.250 -999.250 -999.250 -999.250 -999.250 -999.250 -999.250 -999.250 -999.250 -999.250 -999.250 -999.250 -999.250 -999.250 -999.250 -999.250 -999.250 -999.250 -999.250 -999.250 -999.250 -999.250 -999.250 -999.250 -999.250 -999.250 -999.250 -999.250 -999.250 -999.250 4.277 5.522 2.389 3.771 4.384 4.874 4.497 5.687 5.360 5.085 4.749 5.653 7.007 7.829 4.761 5.177 3.918 4.362 4.624 4.262 3.046 3.703 3.209 1.909 3.412 2.474 0.000 0.000 0.000 0.000 0.000 0.000 0.000 0.161 1.013 3.843 4.378 4.004 3.046
-999.250 -999.250 -999.250 -999.250 -999.250 -999.250 -999.250 -999.250 -999.250 -999.250 -999.250 -999.250 -999.250 -999.250 -999.250 -999.250 -999.250 -999.250 -999.250 -999.250 -999.250 -999.250 -999.250 -999.250 -999.250 -999.250 -999.250 -999.250 -999.250 -999.250 -999.250 5.630 4.542 4.225 5.241 6.123 6.386 5.281 2.761 5.775 5.792 4.391 6.301 8.026 5.572 3.751 3.443 3.205 2.324 4.072 4.956 1.620 3.612 3.125 2.157 0.193 0.000 0.000 0.000 0.000 0.000 0.000 0.000 0.000 0.000 0.774 2.920 1.623 3.115 2.937
-999.250 -999.250 -999.250 -999.250 -999.250 -999.250 -999.250 -999.250 -999.250 -999.250 -999.250 -999.250 -999.250 -999.250 -999.250 -999.250 -999.250 -999.250 -999.250 -999.250 -999.250 -999.250 -999.250 -999.250 -999.250 -999.250 -999.250 -999.250 -999.250 -999.250 4.735 6.180 4.721 5.134 4.330 5.067 7.362 6.444 4.978 5.185 4.283 5.180 5.536 6.814 7.847 3.109 3.376 2.940 3.305 4.768 3.539 1.611 0.000 0.000 0.000 0.000 0.000 0.000 0.000 0.000 0.000 0.000 0.000 0.217 1.252 0.170 2.966 1.264 2.622 2.537
