data/medianmodel_08-Oct-2020.asc
ncols	141
nrows	288
xllcorner	-120191.398
yllcorner	-301404.813
cellsize	2000.000
NODATA_value	-999.250
[rows 60 to 89 of 288, columns 67 to 133 of 141]
162.337 147.734 125.718 104.639 77.900 60.416 41.965 33.968 24.128 19.962 17.502 13.751 8.680 5.816 6.898 5.674 10.103 11.095 11.798 15.734 22.206 30.369 35.144 35.267 39.943 36.891 39.128 35.246 34.234 31.323 32.841 31.231 37.017 40.410 42.847 46.435 60.585 65.919 83.686 91.023 104.009 112.805 135.556 138.926 144.407 153.009 150.098 156.663 158.889 -999.250 -999.250 -999.250 -999.250 -999.250 -999.250 -999.250 -999.250 -999.250 -999.250 -999.250 -999.250 -999.250 -999.250 -999.250 -999.250 -999.250 -999.250
134.787 132.242 102.186 94.306 82.147 64.663 46.182 44.817 32.769 31.117 23.720 18.336 15.078 9.190 11.783 9.082 12.824 14.543 18.090 20.927 29.250 39.855 43.742 49.974 52.461 45.329 45.919 37.382 37.792 37.101 35.632 38.576 38.123 42.209 45.280 59.954 71.993 71.030 85.294 89.670 97.051 124.356 124.553 135.856 144.802 145.733 156.726 154.611 -999.250 -999.250 -999.250 -999.250 -999.250 -999.250 -999.250 -999.250 -999.250 -999.250 -999.250 -999.250 -999.250 -999.250 -999.250 -999.250 -999.250 -999.250 -999.250
97.767 99.950 94.049 81.014 74.661 59.525 57.324 51.256 42.229 36.294 30.149 23.992 22.063 16.851 13.793 14.088 17.141 16.336 22.205 28.112 36.201 49.824 59.407 63.004 63.805 60.100 53.261 42.416 40.947 37.313 40.281 42.048 44.201 45.051 58.013 63.910 73.247 73.248 93.755 94.574 112.279 125.366 143.430 -999.250 -999.250 -999.250 -999.250 -999.250 -999.250 -999.250 -999.250 -999.250 -999.250 -999.250 -999.250 -999.250 -999.250 -999.250 -999.250 -999.250 -999.250 -999.250 -999.250 -999.250 -999.250 -999.250 -999.250
86.077 85.846 76.258 71.615 70.912 69.248 65.226 63.689 53.597 48.868 42.891 36.088 29.283 25.727 20.774 20.542 18.674 23.557 22.842 31.805 40.494 52.346 60.935 76.967 77.190 63.573 62.589 54.826 46.876 43.581 41.369 41.680 51.082 49.911 66.301 72.960 71.530 84.532 93.555 94.162 105.767 123.956 133.138 149.761 -999.250 -999.250 -999.250 -999.250 -999.250 -999.250 -999.250 -999.250 -999.250 -999.250 -999.250 -999.250 -999.250 -999.250 -999.250 -999.250 -999.250 -999.250 -999.250 -999.250 -999.250 -999.250 -999.250
65.399 68.469 67.371 67.286 67.149 72.418 68.575 70.242 64.710 59.400 59.272 54.301 41.416 31.409 28.578 24.848 26.647 26.315 29.689 36.459 40.928 53.955 60.306 71.719 70.075 63.268 62.214 57.585 52.941 46.293 43.602 47.096 57.356 59.153 66.279 71.490 73.078 80.517 90.241 94.992 105.746 124.444 137.065 134.534 140.770 -999.250 -999.250 -999.250 -999.250 -999.250 -999.250 -999.250 -999.250 -999.250 -999.250 -999.250 -999.250 -999.250 -999.250 -999.250 -999.250 -999.250 -999.250 -999.250 -999.250 -999.250 -999.250
47.386 57.846 52.082 57.878 66.948 78.311 73.407 77.033 80.622 77.119 73.013 65.605 57.260 45.990 41.075 36.465 36.598 35.888 34.862 40.451 40.728 51.113 60.810 62.840 65.132 62.765 62.087 61.838 56.581 58.295 52.617 59.998 62.841 69.280 72.720 81.642 85.748 95.383 101.773 101.613 111.684 134.752 140.669 146.292 151.117 -999.250 -999.250 -999.250 -999.250 -999.250 -999.250 -999.250 -999.250 -999.250 -999.250 -999.250 -999.250 -999.250 -999.250 -999.250 -999.250 -999.250 -999.250 -999.250 -999.250 -999.250 -999.250
31.412 32.376 40.228 50.525 70.221 80.887 93.279 95.564 92.320 97.350 92.403 81.862 76.479 61.030 49.811 46.946 42.359 45.886 49.430 45.951 47.523 44.399 52.077 60.215 61.533 65.600 62.477 61.215 59.598 55.125 57.034 69.455 72.826 80.319 82.760 95.531 93.954 103.263 111.918 122.579 113.210 144.895 136.153 140.234 141.191 138.649 -999.250 -999.250 -999.250 -999.250 -999.250 -999.250 -999.250 -999.250 -999.250 -999.250 -999.250 -999.250 -999.250 -999.250 -999.250 -999.250 -999.250 -999.250 -999.250 -999.250 -999.250
15.541 14.010 17.884 35.851 66.230 85.368 110.811 115.397 131.387 119.436 120.011 101.667 89.892 76.632 64.053 53.990 54.052 51.249 49.821 42.639 36.257 41.203 46.487 49.911 59.029 58.635 62.213 62.175 58.666 61.895 62.872 70.758 88.151 97.384 90.562 107.752 117.481 114.361 129.974 135.580 132.662 142.032 143.267 148.077 133.896 132.582 146.419 -999.250 -999.250 -999.250 -999.250 -999.250 -999.250 -999.250 -999.250 -999.250 -999.250 -999.250 -999.250 -999.250 -999.250 -999.250 -999.250 -999.250 -999.250 -999.250 -999.250
11.065 5.812 0.000 31.178 72.567 93.556 114.450 130.231 157.568 153.574 154.298 132.485 99.497 83.630 71.542 65.344 67.403 56.569 51.406 44.324 41.478 42.210 43.299 51.881 51.821 55.837 57.414 61.053 59.084 69.281 75.209 81.589 85.311 96.912 99.796 109.478 115.809 131.296 137.838 141.421 138.653 148.053 150.152 144.590 137.746 142.707 141.641 -999.250 -999.250 -999.250 -999.250 -999.250 -999.250 -999.250 -999.250 -999.250 -999.250 -999.250 -999.250 -999.250 -999.250 -999.250 -999.250 -999.250 -999.250 -999.250 -999.250
9.152 9.487 17.476 41.452 74.122 104.702 131.428 157.619 179.493 182.117 167.774 142.712 119.595 96.994 81.706 79.319 70.245 63.452 55.837 48.145 38.994 40.512 42.935 44.791 50.817 49.372 58.077 62.983 66.779 70.588 80.809 88.623 96.812 102.311 104.632 123.149 143.537 138.320 140.477 145.961 150.051 153.766 157.060 136.842 152.352 140.571 125.206 -999.250 -999.250 -999.250 -999.250 -999.250 -999.250 -999.250 -999.250 -999.250 -999.250 -999.250 -999.250 -999.250 -999.250 -999.250 -999.250 -999.250 -999.250 -999.250 -999.250
16.729 20.036 35.215 56.220 94.700 113.172 149.922 171.615 190.166 196.810 188.435 162.728 139.833 107.506 86.227 84.951 76.458 67.097 64.101 52.690 37.065 39.374 44.257 48.979 50.016 52.436 58.716 64.561 71.771 80.821 88.361 101.932 107.372 106.847 119.213 139.654 153.542 149.255 148.089 148.401 154.652 153.493 146.573 152.452 150.052 146.846 130.243 116.153 112.654 -999.250 -999.250 -999.250 -999.250 -999.250 -999.250 -999.250 -999.250 -999.250 -999.250 -999.250 -999.250 -999.250 -999.250 -999.250 -999.250 -999.250 -999.250
22.388 23.859 47.684 64.428 86.826 115.406 158.777 176.401 199.086 234.692 189.916 164.358 144.709 116.226 104.287 90.728 89.431 78.694 68.968 59.515 48.421 46.600 45.916 46.255 49.224 53.619 59.607 70.463 75.510 89.154 102.611 106.653 108.467 127.595 136.706 151.785 161.638 160.716 167.849 168.421 166.861 162.644 159.322 155.358 150.118 142.378 138.889 128.940 130.651 -999.250 -999.250 -999.250 -999.250 -999.250 -999.250 -999.250 -999.250 -999.250 -999.250 -999.250 -999.250 -999.250 -999.250 -999.250 -999.250 -999.250 -999.250
22.864 32.483 47.937 62.325 89.407 116.245 143.645 159.328 184.593 191.856 185.209 167.108 141.162 116.353 101.837 89.825 89.599 91.362 79.285 70.801 64.651 54.996 49.651 48.601 58.258 60.042 71.284 76.991 90.109 87.992 100.292 114.956 124.331 140.128 155.168 166.457 179.050 180.644 178.421 170.707 174.480 170.156 167.586 149.262 144.259 139.894 135.530 124.321 -999.250 -999.250 -999.250 -999.250 -999.250 -999.250 -999.250 -999.250 -999.250 -999.250 -999.250 -999.250 -999.250 -999.250 -999.250 -999.250 -999.250 -999.250 -999.250
22.279 32.374 45.312 63.704 81.154 99.409 133.979 144.330 156.855 162.415 156.095 145.042 120.162 104.806 97.488 97.961 92.875 93.617 83.743 76.041 70.019 64.683 56.566 55.684 58.476 62.910 72.986 83.196 94.692 97.525 103.864 121.761 148.965 149.205 164.368 168.026 176.300 196.148 184.344 190.512 179.389 176.958 162.139 151.216 150.069 141.678 121.338 113.808 -999.250 -999.250 -999.250 -999.250 -999.250 -999.250 -999.250 -999.250 -999.250 -999.250 -999.250 -999.250 -999.250 -999.250 -999.250 -999.250 -999.250 -999.250 -999.250
27.273 35.503 44.520 59.916 74.239 84.015 107.451 123.523 120.088 137.629 132.010 106.247 100.324 100.828 95.340 92.388 88.817 92.754 87.147 81.102 74.591 65.751 64.329 61.573 64.039 70.540 75.449 81.364 96.064 99.180 110.960 140.753 156.907 159.398 169.405 178.357 196.535 215.423 209.183 194.150 185.660 176.816 167.751 154.920 153.439 135.870 136.112 104.299 -999.250 -999.250 -999.250 -999.250 -999.250 -999.250 -999.250 -999.250 -999.250 -999.250 -999.250 -999.250 -999.250 -999.250 -999.250 -999.250 -999.250 -999.250 -999.250
29.610 35.145 54.059 64.429 77.661 83.268 92.176 94.718 96.956 94.557 84.742 81.224 84.851 74.727 81.625 79.579 88.019 93.825 94.388 84.700 77.109 68.413 66.626 61.444 65.944 67.606 76.555 86.721 96.754 112.122 124.249 139.389 159.794 161.497 176.477 191.267 218.677 246.739 224.904 204.341 195.905 179.580 167.713 146.373 151.295 146.614 127.465 124.196 -999.250 -999.250 -999.250 -999.250 -999.250 -999.250 -999.250 -999.250 -999.250 -999.250 -999.250 -999.250 -999.250 -999.250 -999.250 -999.250 -999.250 -999.250 -999.250
30.316 39.949 49.771 60.460 68.632 74.677 84.904 80.140 75.395 62.926 54.583 59.208 63.631 59.992 68.322 72.214 79.261 88.051 107.481 90.449 73.315 66.775 66.246 54.140 61.303 66.456 77.471 84.300 96.101 104.640 142.217 147.556 155.803 174.709 181.677 202.217 209.697 223.915 208.940 197.177 187.125 181.895 176.829 154.287 151.821 144.427 132.538 107.870 -999.250 -999.250 -999.250 -999.250 -999.250 -999.250 -999.250 -999.250 -999.250 -999.250 -999.250 -999.250 -999.250 -999.250 -999.250 -999.250 -999.250 -999.250 -999.250
36.275 43.450 57.806 58.689 65.491 71.669 70.799 61.665 59.120 38.508 17.271 28.162 34.718 43.570 57.238 66.952 73.044 78.143 80.832 75.365 65.977 58.509 50.684 48.440 56.952 63.596 72.004 83.549 96.477 116.964 126.222 153.374 164.996 174.921 181.695 191.303 198.224 206.136 191.981 193.380 179.208 182.327 169.912 165.632 145.216 138.803 116.191 110.738 -999.250 -999.250 -999.250 -999.250 -999.250 -999.250 -999.250 -999.250 -999.250 -999.250 -999.250 -999.250 -999.250 -999.250 -999.250 -999.250 -999.250 -999.250 -999.250
37.987 47.264 50.039 60.682 66.958 67.024 62.533 55.680 44.296 29.086 17.599 17.837 25.584 30.757 38.994 50.082 56.144 60.129 66.412 64.482 55.482 46.924 46.762 42.993 46.012 58.195 68.764 79.290 91.790 118.119 129.111 140.786 148.647 162.632 170.542 182.301 192.976 189.078 195.074 180.299 181.313 163.662 170.924 147.085 142.140 127.257 119.029 109.426 -999.250 -999.250 -999.250 -999.250 -999.250 -999.250 -999.250 -999.250 -999.250 -999.250 -999.250 -999.250 -999.250 -999.250 -999.250 -999.250 -999.250 -999.250 -999.250
41.201 49.779 53.839 60.111 67.907 65.682 55.407 52.397 45.999 24.386 16.826 14.148 20.561 23.764 26.656 34.888 39.811 42.164 45.375 40.346 42.481 35.762 32.547 34.214 38.338 49.163 63.497 77.945 92.279 104.956 110.880 120.383 139.053 150.986 157.333 172.335 187.530 182.319 181.202 177.795 174.458 170.476 166.382 145.043 140.636 114.613 116.596 97.272 -999.250 -999.250 -999.250 -999.250 -999.250 -999.250 -999.250 -999.250 -999.250 -999.250 -999.250 -999.250 -999.250 -999.250 -999.250 -999.250 -999.250 -999.250 -999.250
48.211 52.384 58.163 62.154 63.814 66.289 56.336 48.768 40.247 27.850 18.695 15.341 15.649 17.067 18.747 23.465 25.974 26.405 25.944 29.547 26.282 28.419 25.470 22.475 30.516 39.830 52.708 70.846 83.623 97.465 108.204 117.411 126.184 142.939 155.639 171.481 169.632 180.344 173.906 173.044 167.225 164.008 152.815 133.755 116.581 106.317 98.827 95.460 92.636 -999.250 -999.250 -999.250 -999.250 -999.250 -999.250 -999.250 -999.250 -999.250 -999.250 -999.250 -999.250 -999.250 -999.250 -999.250 -999.250 -999.250 -999.250
46.198 57.284 63.380 64.930 65.439 55.991 61.579 51.807 39.559 26.858 21.360 14.055 17.267 16.438 14.306 15.711 17.250 18.205 19.483 16.691 16.378 14.410 17.368 19.116 24.068 38.445 55.798 68.019 74.040 88.480 97.680 120.312 128.379 151.124 157.692 166.948 174.625 174.107 173.649 162.472 150.364 160.448 135.057 132.454 112.280 103.297 96.151 96.159 89.049 -999.250 -999.250 -999.250 -999.250 -999.250 -999.250 -999.250 -999.250 -999.250 -999.250 -999.250 -999.250 -999.250 -999.250 -999.250 -999.250 -999.250 -999.250
46.477 58.287 67.867 61.046 61.147 62.434 54.886 53.783 43.437 35.449 27.701 20.554 19.263 18.028 15.104 12.926 11.866 9.779 8.976 7.642 5.900 5.601 9.455 14.601 22.126 31.061 45.044 58.263 81.444 85.877 99.088 115.382 128.339 138.069 149.704 168.155 166.920 163.553 164.075 152.202 153.404 146.062 138.524 120.884 106.785 99.464 96.981 90.757 85.568 -999.250 -999.250 -999.250 -999.250 -999.250 -999.250 -999.250 -999.250 -999.250 -999.250 -999.250 -999.250 -999.250 -999.250 -999.250 -999.250 -999.250 -999.250
42.232 50.022 63.633 60.139 62.319 62.640 58.809 59.157 58.501 48.396 38.452 27.568 20.321 18.412 15.579 12.637 8.987 1.437 0.000 0.000 0.000 0.000 0.564 6.555 17.700 30.564 41.236 53.559 68.127 88.448 99.413 109.295 124.246 133.630 146.421 151.164 152.112 152.867 144.919 146.555 146.622 130.630 134.226 109.288 89.739 98.586 91.923 89.582 81.726 -999.250 -999.250 -999.250 -999.250 -999.250 -999.250 -999.250 -999.250 -999.250 -999.250 -999.250 -999.250 -999.250 -999.250 -999.250 -999.250 -999.250 -999.250
39.153 42.497 49.124 56.594 59.193 59.370 59.419 64.308 62.632 58.502 45.475 30.612 24.035 20.611 14.963 11.891 5.023 0.000 0.000 0.000 0.000 0.000 0.000 0.000 14.250 27.854 40.266 53.799 64.534 84.414 91.841 103.511 107.520 124.350 131.803 139.079 139.517 143.098 131.600 121.185 123.172 122.534 101.293 102.845 94.391 87.579 84.174 85.763 -999.250 -999.250 -999.250 -999.250 -999.250 -999.250 -999.250 -999.250 -999.250 -999.250 -999.250 -999.250 -999.250 -999.250 -999.250 -999.250 -999.250 -999.250 -999.250
33.853 37.888 41.834 48.748 53.108 58.938 58.812 58.315 63.192 70.232 54.988 37.330 26.056 22.407 16.272 12.831 2.018 0.000 0.000 0.000 0.000 0.000 0.000 0.277 14.891 27.779 38.153 47.595 65.150 82.248 90.415 97.275 110.839 125.375 138.075 138.943 130.250 122.532 119.943 120.120 114.442 106.274 104.790 90.097 85.253 88.361 85.717 81.835 -999.250 -999.250 -999.250 -999.250 -999.250 -999.250 -999.250 -999.250 -999.250 -999.250 -999.250 -999.250 -999.250 -999.250 -999.250 -999.250 -999.250 -999.250 -999.250
32.042 31.153 40.352 42.896 41.325 51.032 54.196 58.597 59.766 59.457 52.076 37.660 31.015 22.932 16.768 12.854 4.883 0.000 0.000 0.000 0.000 0.000 0.926 5.262 15.879 23.429 37.953 52.626 71.724 80.102 94.030 103.567 105.294 115.760 124.911 127.549 115.986 124.509 108.570 109.620 100.419 93.600 88.875 89.496 88.152 81.914 84.914 -999.250 -999.250 -999.250 -999.250 -999.250 -999.250 -999.250 -999.250 -999.250 -999.250 -999.250 -999.250 -999.250 -999.250 -999.250 -999.250 -999.250 -999.250 -999.250 -999.250
33.569 29.187 34.219 36.749 41.648 50.084 52.105 56.084 49.412 47.050 43.756 30.550 24.702 21.715 15.967 11.848 7.723 1.672 0.000 0.000 0.000 2.054 9.018 14.617 17.671 27.163 43.454 53.853 70.542 77.581 96.412 93.569 96.968 108.218 118.797 113.737 103.558 102.896 97.214 94.819 90.492 92.990 77.839 80.472 74.514 74.829 78.917 -999.250 -999.250 -999.250 -999.250 -999.250 -999.250 -999.250 -999.250 -999.250 -999.250 -999.250 -999.250 -999.250 -999.250 -999.250 -999.250 -999.250 -999.250 -999.250 -999.250
23.188 27.701 30.714 31.361 32.584 34.974 46.600 50.108 49.455 44.499 39.408 25.094 21.070 15.616 13.423 8.360 4.992 3.559 2.955 2.697 4.231 9.942 13.103 18.406 25.398 32.714 50.984 63.665 73.778 85.156 94.947 93.827 95.516 90.488 98.470 101.851 100.139 102.074 99.062 90.778 87.365 74.272 78.988 81.504 76.885 72.338 75.785 76.808 72.273 -999.250 -999.250 -999.250 -999.250 -999.250 -999.250 -999.250 -999.250 -999.250 -999.250 -999.250 -999.250 -999.250 -999.250 -999.250 -999.250 -999.250 -999.250
22.111 25.800 24.275 28.867 30.831 32.401 38.786 44.328 42.686 33.968 31.480 26.982 20.178 15.906 12.888 7.183 6.934 5.351 4.906 9.654 12.615 13.221 19.348 22.701 33.632 42.253 50.040 66.273 69.629 83.203 90.380 91.779 92.101 100.738 99.272 92.535 98.616 92.464 91.491 86.767 77.061 79.998 76.512 69.410 73.776 69.255 65.381 72.599 71.235 -999.250 -999.250 -999.250 -999.250 -999.250 -999.250 -999.250 -999.250 -999.250 -999.250 -999.250 -999.250 -999.250 -999.250 -999.250 -999.250 -999.250 -999.250
