data/medianmodel_12-Jun-2020.asc
ncols	141
nrows	288
xllcorner	-120191.398
yllcorner	-301404.813
cellsize	2000.000
NODATA_value	-999.250
[rows 186 to 216 of 288, columns 0 to 68 of 141]
103.968 93.710 97.843 101.871 98.271 103.995 107.444 105.851 148.914 186.509 196.174 222.548 220.522 195.504 150.058 143.563 117.960 148.899 -999.250 -999.250 -999.250 -999.250 -999.250 54.908 43.430 49.330 31.549 45.529 36.538 29.971 24.708 31.485 19.217 27.829 30.163 25.986 15.413 16.605 16.293 16.130 13.676 20.659 21.465 13.562 13.955 11.933 13.775 13.832 12.933 9.666 12.163 8.588 7.131 8.976 6.596 6.185 5.253 4.391 2.362 2.574 2.693 4.335 3.595 0.000 0.000 0.000 0.000 0.000 0.000
-999.250 100.664 90.523 91.375 88.794 82.230 88.254 95.512 134.632 171.533 211.216 235.611 252.029 215.888 124.124 100.220 110.992 112.678 -999.250 -999.250 -999.250 -999.250 44.724 34.814 38.679 48.691 26.118 36.525 34.242 24.979 24.214 22.735 21.585 22.536 28.732 25.504 19.521 23.274 17.096 23.528 23.724 22.599 22.200 15.327 19.481 12.777 12.853 13.196 16.607 10.668 9.715 8.357 8.678 8.476 8.826 8.653 6.389 5.234 5.251 2.346 0.379 1.617 1.676 0.000 0.000 0.000 0.000 0.000 0.000
-999.250 95.423 83.148 61.730 66.387 72.528 90.132 107.587 122.704 132.477 178.397 207.808 219.162 195.899 153.941 106.768 91.628 94.763 -999.250 -999.250 -999.250 42.838 -999.250 34.984 37.526 31.199 26.605 27.807 26.255 19.911 19.389 22.266 17.653 23.977 19.842 25.827 24.400 24.861 21.434 23.719 17.572 16.096 20.038 19.278 12.404 15.593 13.339 12.648 13.370 11.141 8.491 11.200 8.998 9.827 7.365 6.873 5.348 4.526 4.078 2.375 0.000 0.000 0.000 0.000 0.000 0.000 0.000 0.000 0.000
-999.250 81.557 58.393 62.096 70.824 61.235 72.622 109.652 101.046 92.297 97.232 121.694 159.603 149.563 103.945 93.926 84.575 -999.250 -999.250 -999.250 -999.250 28.653 23.608 21.374 25.296 35.062 21.818 20.125 15.494 14.167 13.541 16.355 21.191 19.684 20.422 25.584 24.000 27.827 20.114 15.494 19.801 16.193 18.584 14.647 14.110 15.197 15.198 12.905 12.194 8.183 11.151 5.209 5.905 7.514 8.837 3.842 2.432 3.651 5.162 2.762 1.038 0.358 0.000 0.000 0.000 0.000 0.000 0.000 0.156
-999.250 73.929 60.548 68.350 63.898 77.034 77.646 99.752 88.783 81.754 74.387 75.532 95.110 99.598 91.908 91.496 80.435 -999.250 -999.250 -999.250 37.736 26.722 24.300 19.673 30.070 21.942 21.765 20.049 25.269 13.985 13.569 13.686 20.259 17.299 17.486 26.422 21.497 19.452 17.504 14.686 17.895 14.313 13.113 9.646 11.033 8.747 10.668 14.065 8.338 7.523 9.102 8.183 5.882 9.582 7.575 4.065 3.056 5.687 4.360 0.784 0.000 0.000 0.000 0.000 0.000 0.000 0.272 0.481 0.000
-999.250 -999.250 -999.250 74.503 -999.250 -999.250 89.806 96.372 85.950 -999.250 -999.250 -999.250 71.473 87.904 -999.250 -999.250 -999.250 -999.250 -999.250 -999.250 32.111 29.519 29.369 23.785 27.442 23.126 22.771 16.657 17.111 15.135 18.011 23.090 25.444 20.776 16.748 19.106 15.598 19.830 17.097 13.042 18.812 14.530 11.692 10.814 5.851 6.650 6.632 11.194 8.993 9.212 6.462 5.679 9.593 8.737 7.507 0.000 4.043 3.004 4.331 3.779 2.813 0.592 0.000 0.940 2.299 0.000 1.376 1.913 0.000
-999.250 -999.250 -999.250 -999.250 -999.250 -999.250 -999.250 -999.250 -999.250 -999.250 -999.250 -999.250 -999.250 94.449 79.663 85.358 -999.250 -999.250 -999.250 58.459 56.088 52.518 25.808 38.169 25.533 20.304 19.494 19.364 20.875 18.872 21.195 22.665 26.467 25.297 15.630 17.606 20.047 16.971 22.633 16.962 16.720 12.752 12.781 8.463 9.089 8.885 6.380 10.590 11.961 10.195 10.008 8.244 9.022 10.383 7.071 2.987 2.366 3.606 3.134 2.241 2.989 4.502 2.594 1.736 0.175 1.239 3.984 0.000 0.000
-999.250 -999.250 -999.250 -999.250 -999.250 -999.250 -999.250 -999.250 -999.250 -999.250 -999.250 89.189 84.181 70.489 75.246 75.722 -999.250 -999.250 53.266 79.844 69.547 67.176 67.956 37.901 28.039 16.577 18.371 15.541 19.071 19.753 16.703 21.577 20.264 26.012 19.116 18.221 17.407 19.027 17.726 20.310 15.790 14.732 14.766 9.341 9.925 7.370 3.663 8.568 7.746 11.319 8.994 8.339 5.255 5.591 6.973 5.893 6.391 4.887 1.478 3.667 2.435 2.147 1.959 0.000 1.590 0.000 0.024 0.000 0.000
-999.250 -999.250 -999.250 -999.250 -999.250 -999.250 -999.250 -999.250 -999.250 -999.250 -999.250 84.905 85.631 71.476 59.166 60.535 58.223 54.426 74.277 57.729 77.366 97.816 71.612 48.692 23.334 14.781 14.004 13.920 18.170 16.643 20.044 25.011 25.064 24.203 17.883 18.359 14.700 19.127 15.943 14.475 14.563 15.987 11.857 12.021 10.141 5.839 4.969 7.176 9.278 10.911 8.544 9.181 5.327 5.303 4.699 5.696 3.679 2.876 3.213 3.208 4.173 4.572 3.521 0.131 0.097 0.157 1.535 1.536 0.000
-999.250 -999.250 -999.250 -999.250 -999.250 -999.250 -999.250 -999.250 -999.250 -999.250 -999.250 -999.250 74.446 51.868 49.500 51.502 72.130 61.132 56.555 54.963 72.062 64.878 68.648 41.958 26.993 15.139 10.487 13.854 18.418 23.665 23.743 30.546 24.581 29.399 16.847 18.976 18.010 18.974 14.121 14.071 13.656 16.435 14.593 13.734 10.897 9.750 6.579 7.560 9.278 11.517 9.418 6.466 7.796 6.388 5.234 7.328 5.537 2.927 7.030 6.086 7.432 2.594 1.706 1.292 0.857 2.256 2.504 0.806 0.000
-999.250 -999.250 -999.250 -999.250 -999.250 -999.250 -999.250 -999.250 -999.250 -999.250 -999.250 -999.250 -999.250 49.390 43.595 56.810 54.102 60.560 38.146 36.326 38.832 49.194 39.827 31.420 28.339 21.563 14.164 18.007 20.544 17.761 20.553 26.994 26.354 19.995 15.744 15.947 18.681 15.706 11.989 12.942 10.650 12.764 14.087 17.609 12.177 11.697 12.642 8.288 9.039 12.682 8.782 10.051 8.766 5.403 5.509 7.467 4.755 4.747 3.857 4.864 3.946 2.523 2.048 1.542 0.000 4.309 0.757 1.809 1.208
-999.250 -999.250 -999.250 -999.250 -999.250 -999.250 -999.250 -999.250 -999.250 -999.250 -999.250 -999.250 -999.250 35.104 37.608 36.593 30.438 24.357 29.268 27.468 28.561 43.405 35.169 37.186 35.726 33.766 25.520 19.607 21.079 17.459 16.357 18.548 19.787 21.428 19.481 19.258 22.925 22.431 16.767 12.822 10.829 10.859 10.792 20.840 16.708 11.935 12.390 9.109 12.297 11.601 11.537 7.175 9.964 4.507 2.842 3.933 5.390 3.646 1.399 4.831 3.856 3.096 1.110 0.057 0.000 2.906 4.325 2.313 0.229
-999.250 -999.250 -999.250 -999.250 -999.250 -999.250 -999.250 -999.250 -999.250 -999.250 -999.250 -999.250 -999.250 32.529 34.129 31.267 35.490 23.551 16.986 22.019 26.450 30.336 34.762 31.750 34.834 27.701 27.536 13.278 17.318 16.875 22.245 22.140 22.790 17.838 13.948 21.315 22.848 21.636 15.999 13.387 14.315 9.987 11.689 19.185 18.304 13.606 9.013 9.705 12.702 13.246 14.580 12.064 10.027 7.237 5.735 1.563 4.304 4.758 5.202 2.583 2.396 4.347 0.867 1.255 1.101 1.493 1.036 2.749 3.073
-999.250 -999.250 -999.250 -999.250 -999.250 -999.250 -999.250 -999.250 -999.250 -999.250 -999.250 -999.250 -999.250 -999.250 41.809 39.363 26.044 20.048 19.283 20.681 25.974 23.159 32.060 32.823 42.748 24.730 17.458 16.374 16.989 14.702 20.507 18.382 18.203 16.026 16.723 19.204 19.466 13.511 15.179 11.529 14.120 14.601 15.602 16.984 18.793 12.654 12.198 11.690 13.018 13.300 10.529 7.863 6.544 7.655 4.417 2.183 2.446 6.401 4.298 1.701 3.102 4.267 1.424 3.653 2.205 1.761 1.529 3.504 1.762
-999.250 -999.250 -999.250 -999.250 -999.250 -999.250 -999.250 -999.250 -999.250 -999.250 -999.250 -999.250 -999.250 -999.250 50.973 44.958 31.462 26.269 16.972 16.274 21.324 27.372 30.092 26.903 21.460 21.761 16.297 18.739 21.715 17.999 14.304 16.473 18.284 18.112 20.206 23.644 17.330 18.065 14.324 13.008 13.936 14.437 17.062 18.550 19.478 14.873 16.523 11.700 15.169 14.243 9.537 9.625 8.830 8.178 4.117 4.697 2.818 5.202 3.154 1.012 0.398 1.487 0.365 0.615 0.131 1.113 1.554 0.644 0.371
-999.250 -999.250 -999.250 -999.250 -999.250 -999.250 -999.250 -999.250 -999.250 -999.250 -999.250 -999.250 -999.250 -999.250 40.016 47.294 37.139 23.468 25.869 19.990 28.657 29.353 23.890 25.569 31.175 21.455 18.555 18.325 17.034 18.514 16.704 21.068 20.275 25.611 27.168 25.945 20.025 16.315 13.667 15.175 11.258 14.894 18.044 16.421 18.844 12.993 15.034 11.452 13.804 12.999 12.700 10.195 8.426 7.433 6.849 4.008 3.950 3.635 3.765 1.465 0.270 1.306 2.728 2.411 3.001 0.536 1.670 0.000 0.000
-999.250 -999.250 -999.250 -999.250 -999.250 -999.250 -999.250 -999.250 -999.250 -999.250 -999.250 -999.250 -999.250 -999.250 41.785 40.046 42.251 35.146 25.773 25.981 37.853 27.821 25.436 26.355 25.367 -999.250 21.866 18.801 17.582 22.478 28.047 19.289 18.930 24.695 31.268 25.740 23.356 20.802 24.635 18.149 12.581 13.144 16.936 16.700 15.438 15.003 13.857 13.165 10.282 11.472 14.192 11.367 7.923 7.041 6.984 2.759 2.081 0.100 3.502 0.493 0.529 2.487 3.964 2.889 3.988 2.807 0.265 2.879 0.000
-999.250 -999.250 -999.250 -999.250 -999.250 -999.250 -999.250 -999.250 -999.250 -999.250 -999.250 -999.250 -999.250 -999.250 34.958 30.620 32.418 28.856 46.207 33.799 41.562 32.152 30.686 -999.250 -999.250 -999.250 23.825 29.865 23.681 25.109 28.549 22.054 23.881 22.489 28.149 16.467 21.696 20.595 21.285 15.198 17.332 19.850 13.164 17.034 13.610 16.000 16.073 16.474 8.670 7.536 9.850 12.589 8.305 7.086 4.193 4.198 3.455 2.403 1.474 2.135 0.978 1.665 1.280 2.016 4.279 1.335 0.469 0.342 0.706
-999.250 -999.250 -999.250 -999.250 -999.250 -999.250 -999.250 -999.250 -999.250 -999.250 -999.250 -999.250 -999.250 33.176 32.411 35.568 31.942 30.726 32.303 38.455 30.686 33.566 -999.250 -999.250 -999.250 -999.250 -999.250 26.702 26.075 23.705 25.094 22.397 22.017 20.417 20.212 19.653 17.944 21.212 16.567 21.562 15.152 20.256 15.977 14.217 15.383 17.534 14.310 11.711 13.662 9.266 8.946 7.008 7.215 6.941 4.656 4.588 3.333 4.235 4.158 1.769 2.016 3.457 3.902 1.015 2.317 0.752 0.000 0.000 0.000
-999.250 -999.250 -999.250 -999.250 -999.250 -999.250 -999.250 -999.250 -999.250 -999.250 -999.250 -999.250 -999.250 42.001 31.854 37.406 31.847 32.417 27.206 31.047 -999.250 -999.250 -999.250 -999.250 -999.250 -999.250 -999.250 -999.250 26.009 27.307 31.002 19.411 21.120 24.296 21.973 14.726 15.402 16.247 20.763 17.567 15.060 21.256 19.827 14.659 13.596 12.875 11.761 13.867 12.161 10.340 10.099 6.200 6.574 7.922 3.944 3.738 4.260 2.489 1.737 0.639 2.300 0.066 3.425 0.000 0.679 1.384 1.994 0.000 0.000
-999.250 -999.250 -999.250 -999.250 -999.250 -999.250 -999.250 -999.250 -999.250 -999.250 -999.250 -999.250 29.453 33.214 -999.250 -999.250 -999.250 -999.250 -999.250 -999.250 -999.250 -999.250 -999.250 -999.250 -999.250 -999.250 -999.250 -999.250 -999.250 28.048 26.258 17.927 16.532 24.061 20.538 20.783 16.003 11.534 15.701 17.530 17.261 14.668 16.820 18.351 16.033 14.891 14.244 20.634 13.789 13.027 8.944 8.465 6.767 6.966 6.277 5.599 5.310 5.527 3.134 0.511 1.916 2.209 3.338 0.558 0.000 0.180 0.538 0.118 0.000
-999.250 -999.250 -999.250 -999.250 -999.250 -999.250 -999.250 -999.250 -999.250 -999.250 -999.250 -999.250 -999.250 -999.250 -999.250 -999.250 -999.250 -999.250 -999.250 -999.250 -999.250 -999.250 -999.250 -999.250 -999.250 -999.250 -999.250 -999.250 -999.250 -999.250 22.766 21.746 18.439 18.984 19.033 19.407 13.644 13.404 11.755 20.264 20.583 21.979 14.355 18.374 18.715 15.333 14.329 13.436 10.584 11.231 12.986 10.201 6.585 5.697 7.547 4.680 4.176 2.947 3.644 3.204 1.788 0.000 0.317 0.142 0.000 0.000 0.000 0.000 0.000
-999.250 -999.250 -999.250 -999.250 -999.250 -999.250 -999.250 -999.250 -999.250 -999.250 -999.250 -999.250 -999.250 -999.250 -999.250 -999.250 -999.250 -999.250 -999.250 -999.250 -999.250 -999.250 -999.250 -999.250 -999.250 -999.250 -999.250 -999.250 -999.250 -999.250 15.445 15.679 15.792 19.736 20.684 19.128 18.677 18.153 15.795 16.021 22.431 15.279 18.340 13.265 17.234 13.060 11.360 9.541 7.339 10.440 14.319 9.117 5.288 6.727 7.568 4.109 5.811 4.426 2.254 1.706 2.827 2.364 0.411 0.697 0.000 0.000 0.000 0.000 0.000
-999.250 -999.250 -999.250 -999.250 -999.250 -999.250 -999.250 -999.250 -999.250 -999.250 -999.250 -999.250 -999.250 -999.250 -999.250 -999.250 -999.250 -999.250 -999.250 -999.250 -999.250 -999.250 -999.250 -999.250 -999.250 -999.250 -999.250 -999.250 -999.250 -999.250 16.625 17.502 19.921 18.489 19.379 16.659 15.248 14.967 15.940 14.772 20.053 20.286 17.838 13.638 15.662 14.114 12.324 11.039 8.180 10.377 8.540 6.684 9.532 8.462 6.703 4.302 4.725 4.164 0.744 1.125 1.911 2.342 0.000 0.000 0.000 0.000 0.000 0.000 0.000
-999.250 -999.250 -999.250 -999.250 -999.250 -999.250 -999.250 -999.250 -999.250 -999.250 -999.250 -999.250 -999.250 -999.250 -999.250 -999.250 -999.250 -999.250 -999.250 -999.250 -999.250 -999.250 -999.250 -999.250 -999.250 -999.250 -999.250 -999.250 -999.250 -999.250 -999.250 14.815 15.341 16.974 21.038 12.981 13.305 14.144 13.507 10.495 11.702 17.412 25.731 17.603 14.388 13.255 14.273 11.579 14.026 9.113 13.434 10.220 7.712 7.945 5.598 3.923 5.272 2.599 0.000 1.183 0.000 0.000 0.000 0.000 0.000 0.000 0.000 0.000 0.000
-999.250 -999.250 -999.250 -999.250 -999.250 -999.250 -999.250 -999.250 -999.250 -999.250 -999.250 -999.250 -999.250 -999.250 -999.250 -999.250 -999.250 -999.250 -999.250 -999.250 -999.250 -999.250 -999.250 -999.250 -999.250 -999.250 -999.250 -999.250 -999.250 -999.250 -999.250 14.708 16.610 15.954 16.985 15.082 8.502 10.038 7.890 11.558 16.880 13.521 15.574 13.800 9.528 12.686 13.399 11.459 10.983 9.388 11.282 10.851 7.862 8.910 5.980 7.169 3.897 4.927 1.997 1.035 0.000 0.000 0.000 0.000 0.000 0.000 0.000 0.000 0.000
-999.250 -999.250 -999.250 -999.250 -999.250 -999.250 -999.250 -999.250 -999.250 -999.250 -999.250 -999.250 -999.250 -999.250 -999.250 -999.250 -999.250 -999.250 -999.250 -999.250 -999.250 -999.250 -999.250 -999.250 -999.250 -999.250 -999.250 -999.250 -999.250 -999.250 -999.250 15.719 17.074 14.692 11.789 11.144 16.231 10.117 11.454 11.253 14.887 12.507 14.156 16.261 12.708 9.276 12.216 8.318 8.594 11.459 10.332 9.255 8.936 7.111 4.597 4.189 2.593 3.670 2.084 2.130 0.000 0.000 0.000 0.000 0.000 0.000 0.000 0.000 0.000
-999.250 -999.250 -999.250 -999.250 -999.250 -999.250 -999.250 -999.250 -999.250 -999.250 -999.250 -999.250 -999.250 -999.250 -999.250 -999.250 -999.250 -999.250 -999.250 -999.250 -999.250 -999.250 -999.250 -999.250 -999.250 -999.250 -999.250 -999.250 -999.250 -999.250 -999.250 10.483 14.588 9.671 10.807 12.048 17.222 13.109 10.566 13.759 13.640 12.218 13.461 13.873 11.097 6.566 8.256 12.166 7.147 10.420 8.336 6.480 6.087 8.682 7.260 4.775 3.754 4.649 2.020 2.292 3.806 1.544 0.000 0.000 0.000 0.000 0.000 0.000 0.000
-999.250 -999.250 -999.250 -999.250 -999.250 -999.250 -999.250 -999.250 -999.250 -999.250 -999.250 -999.250 -999.250 -999.250 -999.250 -999.250 -999.250 -999.250 -999.250 -999.250 -999.250 -999.250 -999.250 -999.250 -999.250 -999.250 -999.250 -999.250 -999.250 -999.250 -999.250 13.351 12.511 12.544 9.789 14.571 13.030 11.054 13.331 14.219 13.453 13.251 14.202 12.678 13.963 10.236 7.775 9.316 9.658 8.148 6.075 7.589 9.428 10.386 6.254 7.400 3.114 1.671 3.551 5.363 1.303 3.901 1.101 0.000 0.000 0.000 0.000 0.000 0.000
-999.250 -999.250 -999.250 -999.250 -999.250 -999.250 -999.250 -999.250 -999.250 -999.250 -999.250 -999.250 -999.250 -999.250 -999.250 -999.250 -999.250 -999.250 -999.250 -999.250 -999.250 -999.250 -999.250 -999.250 -999.250 -999.250 -999.250 -999.250 -999.250 -999.250 -999.250 13.244 12.761 11.136 14.018 11.448 11.221 10.137 14.032 11.460 14.844 15.917 10.092 12.261 12.942 12.059 12.927 9.441 11.356 11.113 9.815 10.963 7.703 6.502 7.881 7.731 2.990 3.122 5.802 3.392 2.783 0.775 0.000 0.000 0.000 0.000 0.000 0.000 0.000
-999.250 -999.250 -999.250 -999.250 -999.250 -999.250 -999.250 -999.250 -999.250 -999.250 -999.250 -999.250 -999.250 -999.250 -999.250 -999.250 -999.250 -999.250 -999.250 -999.250 -999.250 -999.250 -999.250 -999.250 -999.250 -999.250 -999.250 -999.250 -999.250 -999.250 -999.250 11.982 11.170 12.016 13.132 8.009 11.036 12.346 17.562 9.363 10.179 12.761 11.749 10.367 11.712 13.362 10.180 10.009 8.301 7.756 8.627 10.423 10.444 6.471 7.697 6.727 6.315 2.330 7.854 4.701 3.570 0.424 0.000 0.000 0.000 0.000 0.000 0.000 0.000
