data/medianmodel_29-Jun-2020.asc
ncols	141
nrows	288
xllcorner	-120191.398
yllcorner	-301404.813
cellsize	2000.000
NODATA_value	-999.250
[rows 93 to 123 of 288, columns 69 to 137 of 141]
0.000 0.000 0.000 0.000 0.000 0.000 0.000 0.000 0.000 0.000 0.000 0.000 0.000 0.000 0.000 0.000 0.000 0.000 0.000 0.000 0.000 0.000 0.000 0.000 0.000 0.000 0.000 0.000 0.000 0.000 0.000 0.000 0.000 0.000 0.000 0.000 0.000 0.298 0.000 1.774 3.844 4.703 3.912 6.823 9.117 -999.250 -999.250 -999.250 -999.250 -999.250 -999.250 -999.250 -999.250 -999.250 -999.250 -999.250 -999.250 -999.250 -999.250 -999.250 -999.250 -999.250 -999.250 -999.250 -999.250 -999.250 -999.250 -999.250 -999.250
0.000 0.000 0.000 0.000 0.000 0.000 0.000 0.000 0.000 0.000 0.000 0.000 0.000 0.000 0.000 0.000 0.000 0.000 0.000 0.000 0.000 0.000 0.000 0.000 0.000 0.000 0.000 0.000 0.000 0.000 0.000 0.000 0.000 0.000 0.000 0.000 0.000 0.000 0.000 0.077 0.000 1.192 4.505 4.825 6.076 -999.250 -999.250 -999.250 -999.250 -999.250 -999.250 -999.250 -999.250 -999.250 -999.250 -999.250 -999.250 -999.250 -999.250 -999.250 -999.250 -999.250 -999.250 -999.250 -999.250 -999.250 -999.250 -999.250 -999.250
0.000 0.000 0.000 0.000 0.000 0.000 0.000 0.000 0.000 2.381 3.910 2.358 0.000 0.000 0.000 0.000 0.000 0.000 0.000 0.000 0.000 0.000 0.000 0.000 0.000 0.263 0.000 0.000 0.000 0.000 0.000 0.000 0.000 0.000 0.000 0.000 0.000 0.000 0.000 0.000 0.000 0.000 2.236 4.067 4.810 -999.250 -999.250 -999.250 -999.250 -999.250 -999.250 -999.250 -999.250 -999.250 -999.250 -999.250 -999.250 -999.250 -999.250 -999.250 -999.250 -999.250 -999.250 -999.250 -999.250 -999.250 -999.250 -999.250 -999.250
0.000 0.000 0.000 0.000 0.000 0.000 0.000 0.000 0.147 3.327 8.995 2.937 0.000 0.000 0.000 0.000 0.000 0.000 0.000 0.000 0.000 0.000 0.332 1.796 3.275 4.118 1.208 0.000 0.000 0.000 0.000 0.000 0.000 0.000 0.000 0.000 0.000 0.000 0.000 0.000 0.000 0.000 0.720 1.566 3.601 3.985 -999.250 -999.250 -999.250 -999.250 -999.250 -999.250 -999.250 -999.250 -999.250 -999.250 -999.250 -999.250 -999.250 -999.250 -999.250 -999.250 -999.250 -999.250 -999.250 -999.250 -999.250 -999.250 -999.250
0.000 0.000 0.000 0.000 0.000 0.000 0.000 0.000 0.000 1.972 3.896 2.723 0.000 0.000 0.000 0.000 0.000 0.000 0.000 0.000 0.000 0.000 2.235 4.733 6.810 6.432 4.283 0.434 0.000 0.000 0.000 0.000 0.000 0.000 0.000 0.000 0.000 0.000 0.000 0.000 0.000 0.000 0.265 0.940 3.157 4.156 3.719 -999.250 -999.250 -999.250 -999.250 -999.250 -999.250 -999.250 -999.250 -999.250 -999.250 -999.250 -999.250 -999.250 -999.250 -999.250 -999.250 -999.250 -999.250 -999.250 -999.250 -999.250 -999.250
0.000 0.000 0.000 0.000 0.000 0.000 0.000 0.000 0.000 0.000 0.000 0.000 0.000 0.000 0.000 0.000 0.000 0.000 0.000 0.000 0.000 0.000 3.580 7.156 15.630 7.943 4.485 2.554 0.915 0.000 0.000 0.000 0.000 0.000 0.000 0.000 0.000 0.000 0.000 0.000 0.137 0.000 0.000 0.000 2.782 4.165 4.506 3.953 -999.250 -999.250 -999.250 -999.250 -999.250 -999.250 -999.250 -999.250 -999.250 -999.250 -999.250 -999.250 -999.250 -999.250 -999.250 -999.250 -999.250 -999.250 -999.250 -999.250 -999.250
0.000 0.000 0.000 0.000 0.000 0.000 0.000 0.000 0.000 0.000 0.000 0.000 0.000 0.000 0.000 0.000 0.000 0.000 0.000 0.000 0.000 0.000 3.324 5.978 9.580 6.721 4.891 4.554 2.400 1.262 0.000 0.000 0.000 0.000 0.000 0.000 0.000 0.000 0.000 0.000 0.000 0.000 0.482 0.749 3.058 2.802 3.467 -999.250 -999.250 -999.250 -999.250 -999.250 -999.250 -999.250 -999.250 -999.250 -999.250 -999.250 -999.250 -999.250 -999.250 -999.250 -999.250 -999.250 -999.250 -999.250 -999.250 -999.250 -999.250
0.000 0.000 0.000 0.000 0.000 0.000 0.000 0.000 0.000 0.000 0.000 0.000 0.000 0.000 0.000 0.000 0.000 0.000 0.000 0.000 0.000 0.000 3.429 4.880 6.072 5.278 4.536 4.431 5.005 3.431 1.201 1.985 2.238 0.000 0.063 0.000 0.000 0.000 1.110 0.846 0.732 0.763 0.035 2.679 4.328 3.049 4.803 4.358 -999.250 -999.250 -999.250 -999.250 -999.250 -999.250 -999.250 -999.250 -999.250 -999.250 -999.250 -999.250 -999.250 -999.250 -999.250 -999.250 -999.250 -999.250 -999.250 -999.250 -999.250
0.000 0.000 0.000 0.000 0.000 0.000 0.000 0.000 0.000 0.000 0.000 0.000 0.000 0.000 0.000 0.000 0.000 0.000 0.000 0.000 0.000 0.000 1.978 4.395 5.392 5.729 4.247 4.916 4.989 4.925 4.312 3.447 3.474 3.660 3.836 4.389 3.220 3.164 3.570 2.661 3.185 3.820 2.788 3.971 4.036 4.235 -999.250 -999.250 -999.250 -999.250 -999.250 -999.250 -999.250 -999.250 -999.250 -999.250 -999.250 -999.250 -999.250 -999.250 -999.250 -999.250 -999.250 -999.250 -999.250 -999.250 -999.250 -999.250 -999.250
0.000 0.000 0.000 0.000 0.000 0.000 0.000 0.000 0.000 0.000 0.000 0.000 0.000 0.000 0.000 0.000 0.000 0.000 0.000 0.109 0.803 1.507 2.600 4.142 5.259 6.650 5.955 8.532 8.882 7.069 6.387 6.146 6.546 7.075 8.079 6.935 6.677 6.603 4.787 5.209 5.077 4.709 4.283 3.233 6.086 -999.250 -999.250 -999.250 -999.250 -999.250 -999.250 -999.250 -999.250 -999.250 -999.250 -999.250 -999.250 -999.250 -999.250 -999.250 -999.250 -999.250 -999.250 -999.250 -999.250 -999.250 -999.250 -999.250 -999.250
0.000 0.000 0.000 0.000 0.000 0.000 0.000 0.000 0.000 0.000 0.000 0.000 0.000 0.000 0.000 0.000 0.000 0.201 4.275 2.225 2.724 3.847 4.555 6.196 7.146 8.717 9.227 9.560 8.861 10.689 10.988 11.323 11.110 11.985 14.417 12.259 9.410 9.295 9.279 7.002 8.439 6.500 6.325 7.352 6.987 -999.250 -999.250 -999.250 -999.250 -999.250 -999.250 -999.250 -999.250 -999.250 -999.250 -999.250 -999.250 -999.250 -999.250 -999.250 -999.250 -999.250 -999.250 -999.250 -999.250 -999.250 -999.250 -999.250 -999.250
0.000 0.116 0.434 0.711 3.743 2.007 2.623 3.446 2.337 0.218 0.000 0.056 0.716 0.000 0.000 0.000 0.103 2.116 3.910 4.268 3.993 5.886 6.365 7.832 9.739 10.357 11.387 11.142 12.072 14.581 14.379 13.517 16.471 18.596 19.458 16.892 15.507 14.329 15.195 14.607 12.859 11.589 9.465 9.542 -999.250 -999.250 -999.250 -999.250 -999.250 -999.250 -999.250 -999.250 -999.250 -999.250 -999.250 -999.250 -999.250 -999.250 -999.250 -999.250 -999.250 -999.250 -999.250 -999.250 -999.250 -999.250 -999.250 -999.250 -999.250
3.432 4.224 3.334 5.474 6.269 5.791 4.948 4.417 3.539 1.306 0.262 1.615 2.729 1.562 2.287 3.887 3.632 5.213 5.697 5.830 6.379 7.968 8.099 10.767 12.892 12.494 13.365 13.476 15.701 18.566 18.402 20.605 19.096 27.803 26.460 22.647 22.873 22.047 17.550 20.879 -999.250 -999.250 -999.250 -999.250 -999.250 -999.250 -999.250 -999.250 -999.250 -999.250 -999.250 -999.250 -999.250 -999.250 -999.250 -999.250 -999.250 -999.250 -999.250 -999.250 -999.250 -999.250 -999.250 -999.250 -999.250 -999.250 -999.250 -999.250 -999.250
6.259 8.431 7.940 9.456 8.951 8.678 7.559 8.981 5.270 4.069 3.722 4.438 5.745 4.931 5.099 5.857 7.724 9.667 10.901 9.935 10.193 10.037 12.457 12.726 14.186 14.959 17.323 17.511 19.143 20.892 22.643 25.907 31.109 31.577 29.784 32.992 33.349 26.674 -999.250 -999.250 -999.250 -999.250 -999.250 -999.250 -999.250 -999.250 -999.250 -999.250 -999.250 -999.250 -999.250 -999.250 -999.250 -999.250 -999.250 -999.250 -999.250 -999.250 -999.250 -999.250 -999.250 -999.250 -999.250 -999.250 -999.250 -999.250 -999.250 -999.250 -999.250
10.630 13.332 13.828 12.662 13.199 11.489 11.266 11.208 7.875 6.777 7.569 6.883 7.753 6.230 7.607 11.075 13.280 17.162 17.369 18.511 16.172 14.067 14.172 13.180 16.112 17.753 18.843 21.469 24.416 25.494 29.121 34.520 36.401 40.850 38.153 36.339 33.558 27.847 -999.250 -999.250 -999.250 -999.250 -999.250 -999.250 -999.250 -999.250 -999.250 -999.250 -999.250 -999.250 -999.250 -999.250 -999.250 -999.250 -999.250 -999.250 -999.250 -999.250 -999.250 -999.250 -999.250 -999.250 -999.250 -999.250 -999.250 -999.250 -999.250 -999.250 -999.250
16.528 19.712 22.107 18.782 16.803 16.892 16.228 11.546 11.410 10.298 10.588 9.657 10.445 10.275 12.288 15.380 21.813 25.075 27.260 24.413 22.278 17.869 15.940 15.346 18.097 21.918 21.047 23.446 27.503 27.839 33.261 36.267 40.684 48.800 50.702 45.242 38.407 31.710 -999.250 -999.250 -999.250 -999.250 -999.250 -999.250 -999.250 -999.250 -999.250 -999.250 -999.250 -999.250 -999.250 -999.250 -999.250 -999.250 -999.250 -999.250 -999.250 -999.250 -999.250 -999.250 -999.250 -999.250 -999.250 -999.250 -999.250 -999.250 -999.250 -999.250 -999.250
25.622 29.943 28.725 27.001 24.836 22.250 18.600 17.702 13.738 12.734 12.839 12.575 12.154 14.461 17.446 20.317 27.611 34.083 38.596 34.289 30.680 25.001 21.704 18.322 19.093 22.270 21.859 24.627 28.292 34.084 36.049 39.058 44.054 51.660 63.092 49.179 42.773 33.398 -999.250 -999.250 -999.250 -999.250 -999.250 -999.250 -999.250 -999.250 -999.250 -999.250 -999.250 -999.250 -999.250 -999.250 -999.250 -999.250 -999.250 -999.250 -999.250 -999.250 -999.250 -999.250 -999.250 -999.250 -999.250 -999.250 -999.250 -999.250 -999.250 -999.250 -999.250
36.657 39.565 36.001 39.582 32.018 28.309 24.507 23.707 20.364 14.238 15.724 15.921 16.039 16.529 21.612 21.884 29.402 40.895 52.840 41.454 31.800 28.390 23.591 20.574 19.102 22.201 22.740 26.828 25.839 30.319 31.404 37.213 41.416 50.679 52.503 48.891 40.566 36.124 -999.250 -999.250 -999.250 -999.250 -999.250 -999.250 -999.250 -999.250 -999.250 -999.250 -999.250 -999.250 -999.250 -999.250 -999.250 -999.250 -999.250 -999.250 -999.250 -999.250 -999.250 -999.250 -999.250 -999.250 -999.250 -999.250 -999.250 -999.250 -999.250 -999.250 -999.250
47.840 48.660 49.732 45.431 38.369 34.438 35.013 30.487 23.326 18.479 20.890 18.492 21.023 20.425 23.062 24.747 29.872 37.445 40.682 39.466 34.961 31.985 26.406 25.611 21.192 22.290 23.079 22.314 23.269 30.006 32.380 36.535 39.802 41.915 46.996 45.437 40.336 36.519 -999.250 -999.250 -999.250 -999.250 -999.250 -999.250 -999.250 -999.250 -999.250 -999.250 -999.250 -999.250 -999.250 -999.250 -999.250 -999.250 -999.250 -999.250 -999.250 -999.250 -999.250 -999.250 -999.250 -999.250 -999.250 -999.250 -999.250 -999.250 -999.250 -999.250 -999.250
53.926 58.392 58.021 53.705 45.075 37.414 34.021 26.400 23.314 19.204 21.305 18.646 17.872 20.054 27.806 27.377 30.825 34.810 33.657 33.789 29.795 27.573 27.998 23.625 20.116 19.468 21.335 23.004 20.791 26.363 30.240 29.175 36.050 41.554 37.509 38.804 37.716 33.952 33.807 28.685 -999.250 -999.250 -999.250 -999.250 -999.250 -999.250 -999.250 -999.250 -999.250 -999.250 -999.250 -999.250 -999.250 -999.250 -999.250 -999.250 -999.250 -999.250 -999.250 -999.250 -999.250 -999.250 -999.250 -999.250 -999.250 -999.250 -999.250 -999.250 -999.250
55.452 74.313 60.832 54.928 49.168 37.810 32.009 27.310 25.080 22.862 19.555 21.206 18.765 18.385 20.207 24.349 30.405 29.335 33.391 28.718 26.529 23.362 24.087 23.768 19.035 21.246 18.790 18.766 18.708 25.949 27.021 26.704 29.721 34.070 29.256 31.086 32.174 31.475 24.640 22.175 22.668 19.414 -999.250 -999.250 -999.250 -999.250 -999.250 -999.250 -999.250 -999.250 -999.250 -999.250 -999.250 -999.250 -999.250 -999.250 -999.250 -999.250 -999.250 -999.250 -999.250 -999.250 -999.250 -999.250 -999.250 -999.250 -999.250 -999.250 -999.250
52.348 59.124 57.753 54.450 49.638 39.542 35.403 26.787 25.716 19.333 16.493 19.157 18.557 16.389 17.174 19.917 26.190 27.189 29.496 22.758 23.029 22.294 24.230 19.081 18.004 16.984 18.134 16.622 18.457 20.576 24.624 25.247 24.828 25.069 24.147 23.373 22.870 21.754 18.450 19.867 15.211 13.714 -999.250 -999.250 -999.250 -999.250 -999.250 -999.250 -999.250 -999.250 -999.250 -999.250 -999.250 -999.250 -999.250 -999.250 -999.250 -999.250 -999.250 -999.250 -999.250 -999.250 -999.250 -999.250 -999.250 -999.250 -999.250 -999.250 -999.250
43.300 51.454 51.680 46.500 42.921 37.880 31.854 22.862 19.517 17.510 16.128 13.712 15.418 14.811 14.463 17.220 19.730 20.904 21.495 20.364 21.226 23.130 23.642 17.798 17.908 17.820 15.917 16.629 16.339 17.395 18.105 21.017 18.679 23.188 22.337 20.135 21.138 16.464 18.035 14.785 12.720 11.304 10.591 -999.250 -999.250 -999.250 -999.250 -999.250 -999.250 -999.250 -999.250 -999.250 -999.250 -999.250 -999.250 -999.250 -999.250 -999.250 -999.250 -999.250 -999.250 -999.250 -999.250 -999.250 -999.250 -999.250 -999.250 -999.250 -999.250
35.979 39.349 42.515 37.384 38.514 33.549 27.475 23.762 16.196 14.475 12.704 10.345 13.895 15.591 13.647 14.285 15.643 18.931 18.976 18.502 20.230 19.874 18.597 16.273 18.067 15.736 15.049 15.076 15.103 14.190 13.296 15.755 16.406 20.637 16.810 16.885 15.385 17.607 13.668 12.382 12.201 10.287 10.089 7.432 -999.250 -999.250 -999.250 -999.250 -999.250 -999.250 -999.250 -999.250 -999.250 -999.250 -999.250 -999.250 -999.250 -999.250 -999.250 -999.250 -999.250 -999.250 -999.250 -999.250 -999.250 -999.250 -999.250 -999.250 -999.250
25.346 29.797 32.426 35.201 34.859 28.337 20.330 16.337 14.997 13.248 11.382 8.004 10.543 12.753 13.070 13.658 13.313 14.170 16.522 17.055 15.365 17.170 14.885 18.209 14.904 15.446 12.220 12.490 12.002 11.094 10.806 10.158 10.328 14.057 13.251 13.005 10.765 9.916 10.533 11.339 10.729 9.045 6.998 6.713 -999.250 -999.250 -999.250 -999.250 -999.250 -999.250 -999.250 -999.250 -999.250 -999.250 -999.250 -999.250 -999.250 -999.250 -999.250 -999.250 -999.250 -999.250 -999.250 -999.250 -999.250 -999.250 -999.250 -999.250 -999.250
16.286 16.652 21.513 26.178 23.641 24.456 18.539 11.501 11.109 9.428 8.224 7.950 10.541 8.687 9.263 10.358 10.068 12.941 14.595 13.023 12.881 12.968 13.673 15.645 12.764 10.197 11.186 8.460 5.436 6.565 7.948 9.183 8.808 8.540 8.906 8.520 7.427 6.481 6.761 7.595 7.294 6.712 5.755 5.084 5.838 -999.250 -999.250 -999.250 -999.250 -999.250 -999.250 -999.250 -999.250 -999.250 -999.250 -999.250 -999.250 -999.250 -999.250 -999.250 -999.250 -999.250 -999.250 -999.250 -999.250 -999.250 -999.250 -999.250 -999.250
9.603 10.170 14.145 15.286 16.534 13.496 13.854 8.974 9.498 7.132 8.052 6.370 7.865 6.240 7.261 9.367 9.577 9.452 8.835 11.088 11.462 11.847 10.334 11.324 9.797 6.712 7.775 4.551 3.762 4.165 3.926 4.370 4.494 4.572 4.351 3.916 3.580 3.528 3.438 4.659 5.764 3.850 5.364 4.313 -999.250 -999.250 -999.250 -999.250 -999.250 -999.250 -999.250 -999.250 -999.250 -999.250 -999.250 -999.250 -999.250 -999.250 -999.250 -999.250 -999.250 -999.250 -999.250 -999.250 -999.250 -999.250 -999.250 -999.250 -999.250
5.259 7.186 7.784 8.306 10.074 8.774 8.714 5.744 5.345 5.340 3.802 4.453 4.027 4.156 6.919 6.498 6.792 8.366 8.982 10.090 9.211 7.892 6.705 6.926 7.444 5.411 3.401 2.777 2.211 3.085 4.073 1.869 0.544 2.448 0.138 0.189 1.097 1.731 1.481 3.966 4.176 3.560 4.278 3.456 -999.250 -999.250 -999.250 -999.250 -999.250 -999.250 -999.250 -999.250 -999.250 -999.250 -999.250 -999.250 -999.250 -999.250 -999.250 -999.250 -999.250 -999.250 -999.250 -999.250 -999.250 -999.250 -999.250 -999.250 -999.250
1.746 2.550 4.131 4.443 5.090 4.126 4.031 4.201 2.936 3.613 3.557 1.875 2.484 3.607 4.680 5.364 6.519 5.975 6.544 8.305 7.029 5.914 5.845 5.225 3.243 4.495 3.049 1.220 1.478 2.057 0.747 0.000 0.000 0.000 0.000 0.000 0.000 0.183 0.000 0.000 1.194 1.316 2.061 1.413 -999.250 -999.250 -999.250 -999.250 -999.250 -999.250 -999.250 -999.250 -999.250 -999.250 -999.250 -999.250 -999.250 -999.250 -999.250 -999.250 -999.250 -999.250 -999.250 -999.250 -999.250 -999.250 -999.250 -999.250 -999.250
0.000 0.000 0.000 0.585 1.533 3.042 2.222 1.645 1.545 0.784 0.792 0.000 0.635 2.907 3.912 3.997 4.297 6.271 8.553 8.767 7.255 6.299 6.164 4.808 4.224 2.387 0.000 0.000 0.000 0.000 0.000 0.000 0.000 0.000 0.000 0.000 0.000 0.000 0.000 0.000 0.000 0.000 0.696 1.637 -999.250 -999.250 -999.250 -999.250 -999.250 -999.250 -999.250 -999.250 -999.250 -999.250 -999.250 -999.250 -999.250 -999.250 -999.250 -999.250 -999.250 -999.250 -999.250 -999.250 -999.250 -999.250 -999.250 -999.250 -999.250
0.000 0.000 0.000 0.000 0.000 0.000 0.000 0.000 0.000 0.000 0.000 0.000 0.888 0.910 3.825 5.074 5.036 6.744 7.440 6.585 6.072 5.556 5.317 3.908 1.899 0.044 0.301 0.000 0.117 0.000 0.000 0.000 0.000 0.000 0.000 0.000 0.000 0.000 0.000 0.000 0.000 0.000 2.105 -999.250 -999.250 -999.250 -999.250 -999.250 -999.250 -999.250 -999.250 -999.250 -999.250 -999.250 -999.250 -999.250 -999.250 -999.250 -999.250 -999.250 -999.250 -999.250 -999.250 -999.250 -999.250 -999.250 -999.250 -999.250 -999.250
