data/medianmodel_31-Oct-2020.asc
ncols	141
nrows	288
xllcorner	-120191.398
yllcorner	-301404.813
cellsize	2000.000
NODATA_value	-999.250
[rows 116 to 144 of 288, columns 65 to 129 of 141]
84.326 76.076 80.865 76.691 67.628 66.575 78.862 93.347 117.905 135.051 167.396 202.587 214.859 239.823 267.126 303.603 339.070 328.127 357.988 373.592 402.338 389.227 398.878 414.222 436.376 414.179 480.726 432.249 441.667 414.664 428.543 477.427 495.976 489.791 527.098 518.117 511.959 492.388 468.287 554.179 518.229 522.179 521.915 424.936 431.108 522.500 390.199 377.561 -999.250 -999.250 -999.250 -999.250 -999.250 -999.250 -999.250 -999.250 -999.250 -999.250 -999.250 -999.250 -999.250 -999.250 -999.250 -999.250 -999.250
84.294 83.912 80.021 81.653 72.220 72.793 72.313 89.220 121.511 130.091 156.196 198.752 218.499 258.122 273.670 293.060 304.779 286.414 316.884 328.048 390.459 355.918 368.979 401.967 459.548 500.591 510.986 444.258 485.191 431.228 480.724 496.047 550.830 597.387 555.063 615.142 663.030 668.715 606.014 586.265 609.920 540.415 463.310 510.998 487.063 507.109 450.733 426.196 -999.250 -999.250 -999.250 -999.250 -999.250 -999.250 -999.250 -999.250 -999.250 -999.250 -999.250 -999.250 -999.250 -999.250 -999.250 -999.250 -999.250
88.759 83.443 81.873 71.940 65.629 68.059 76.245 86.572 106.379 110.355 125.811 172.215 213.875 244.720 263.113 306.481 302.535 344.169 323.960 351.925 369.149 329.099 338.967 445.645 468.252 490.972 593.951 575.876 523.342 499.305 635.805 531.655 670.120 694.488 624.631 672.144 755.886 791.193 741.700 735.330 631.770 627.349 556.306 560.721 531.687 489.928 493.893 423.064 426.780 -999.250 -999.250 -999.250 -999.250 -999.250 -999.250 -999.250 -999.250 -999.250 -999.250 -999.250 -999.250 -999.250 -999.250 -999.250 -999.250
79.476 78.846 82.086 70.716 61.637 63.580 75.341 81.661 103.033 119.482 126.181 165.688 200.464 210.874 296.219 285.520 317.855 346.860 342.167 351.382 352.851 332.467 350.580 378.715 423.784 453.652 525.217 572.443 525.529 566.671 609.461 611.870 624.409 783.167 787.688 854.959 871.990 738.167 763.775 698.605 714.014 691.860 688.815 593.665 626.191 551.137 451.053 400.943 -999.250 -999.250 -999.250 -999.250 -999.250 -999.250 -999.250 -999.250 -999.250 -999.250 -999.250 -999.250 -999.250 -999.250 -999.250 -999.250 -999.250
77.224 76.330 78.723 70.897 60.235 57.159 63.334 91.460 101.331 126.446 128.441 158.206 179.351 207.043 253.498 288.355 305.906 325.972 294.270 308.834 352.833 319.784 379.319 369.933 396.555 472.333 509.005 585.473 574.203 651.944 642.638 665.535 773.203 775.086 903.502 958.256 874.865 931.552 821.427 681.162 659.494 713.257 666.566 712.732 609.708 564.293 490.569 367.110 -999.250 -999.250 -999.250 -999.250 -999.250 -999.250 -999.250 -999.250 -999.250 -999.250 -999.250 -999.250 -999.250 -999.250 -999.250 -999.250 -999.250
81.349 64.801 75.650 68.154 63.996 63.779 64.095 90.961 98.586 125.037 147.410 150.362 163.284 191.077 241.647 258.478 270.321 270.404 304.100 305.164 323.393 319.847 353.048 345.008 386.307 442.044 497.291 562.430 546.626 659.820 679.545 696.103 781.114 812.395 1014.782 1034.670 1054.437 1031.613 888.531 846.654 764.049 745.458 740.304 702.743 688.391 573.751 569.962 406.125 -999.250 -999.250 -999.250 -999.250 -999.250 -999.250 -999.250 -999.250 -999.250 -999.250 -999.250 -999.250 -999.250 -999.250 -999.250 -999.250 -999.250
87.683 74.323 76.301 66.606 63.357 39.976 64.517 86.651 99.412 129.778 130.003 151.672 167.123 202.694 258.156 255.177 258.568 265.129 302.878 311.827 310.845 338.025 330.113 328.162 360.139 385.424 437.901 563.409 522.103 651.980 631.330 697.990 771.244 990.885 1019.152 1084.661 1139.397 975.341 944.676 865.159 836.166 679.123 782.933 742.505 617.521 558.379 482.436 425.612 -999.250 -999.250 -999.250 -999.250 -999.250 -999.250 -999.250 -999.250 -999.250 -999.250 -999.250 -999.250 -999.250 -999.250 -999.250 -999.250 -999.250
100.860 99.162 81.340 70.761 69.452 67.547 78.322 88.686 119.615 143.091 136.177 175.064 154.171 190.374 224.773 233.636 276.082 269.068 278.915 302.228 293.221 301.804 315.746 321.383 337.686 382.981 450.097 576.021 551.227 699.414 673.185 799.372 821.328 986.260 1042.321 1243.317 1088.344 1039.170 948.966 1017.430 909.103 759.214 732.887 650.529 626.368 558.637 455.688 -999.250 -999.250 -999.250 -999.250 -999.250 -999.250 -999.250 -999.250 -999.250 -999.250 -999.250 -999.250 -999.250 -999.250 -999.250 -999.250 -999.250 -999.250
120.600 93.378 95.072 88.292 99.591 78.264 91.433 92.650 121.479 156.443 159.350 172.648 190.776 181.410 212.490 242.133 222.503 252.619 282.276 335.664 298.706 308.818 309.829 323.473 376.418 372.836 390.013 520.645 490.133 621.569 622.505 773.058 858.599 897.062 992.973 1049.432 1140.790 1053.784 975.866 902.159 862.641 755.101 713.393 599.706 650.775 501.578 422.230 -999.250 -999.250 -999.250 -999.250 -999.250 -999.250 -999.250 -999.250 -999.250 -999.250 -999.250 -999.250 -999.250 -999.250 -999.250 -999.250 -999.250 -999.250
142.424 114.027 122.096 94.868 92.224 94.938 93.717 100.860 119.820 146.639 160.670 170.118 191.826 186.595 214.714 258.896 267.213 267.458 304.008 313.104 310.962 297.549 323.687 328.590 353.839 351.929 403.023 507.821 520.676 525.377 634.611 728.279 786.470 838.065 864.411 941.991 1078.125 1042.520 1001.896 848.559 837.555 722.396 679.736 579.767 543.978 521.136 373.111 -999.250 -999.250 -999.250 -999.250 -999.250 -999.250 -999.250 -999.250 -999.250 -999.250 -999.250 -999.250 -999.250 -999.250 -999.250 -999.250 -999.250 -999.250
141.978 122.981 122.148 123.987 114.324 103.697 108.130 138.624 138.312 153.299 154.794 187.821 202.715 223.515 225.549 243.654 265.344 284.713 319.266 342.951 332.028 346.352 329.692 376.554 354.104 353.887 374.322 433.168 417.264 478.596 571.142 712.984 703.521 754.712 874.741 1005.433 964.152 953.805 870.965 847.110 732.585 697.097 646.467 532.653 517.031 394.196 398.539 -999.250 -999.250 -999.250 -999.250 -999.250 -999.250 -999.250 -999.250 -999.250 -999.250 -999.250 -999.250 -999.250 -999.250 -999.250 -999.250 -999.250 -999.250
143.844 137.595 116.935 126.186 131.699 129.387 120.125 137.717 170.588 177.096 179.256 177.159 208.043 227.399 259.493 278.293 296.480 275.411 320.645 326.901 374.037 330.497 351.740 364.515 354.452 363.490 359.438 363.663 396.179 483.023 438.555 532.086 576.030 632.972 773.868 843.133 869.748 876.792 772.359 748.438 654.321 561.800 580.770 463.772 448.236 356.666 -999.250 -999.250 -999.250 -999.250 -999.250 -999.250 -999.250 -999.250 -999.250 -999.250 -999.250 -999.250 -999.250 -999.250 -999.250 -999.250 -999.250 -999.250 -999.250
159.362 149.874 134.263 136.669 129.937 143.464 150.782 159.747 154.261 175.442 174.025 202.505 199.561 246.166 287.175 279.464 278.007 315.527 339.115 311.711 333.433 325.782 323.791 323.158 331.448 326.884 327.556 340.591 369.878 378.709 404.195 442.346 516.285 538.317 567.410 743.255 718.936 724.068 628.820 673.647 532.386 552.633 561.243 439.222 424.081 -999.250 -999.250 -999.250 -999.250 -999.250 -999.250 -999.250 -999.250 -999.250 -999.250 -999.250 -999.250 -999.250 -999.250 -999.250 -999.250 -999.250 -999.250 -999.250 -999.250
154.823 150.499 149.513 140.780 141.637 132.140 166.557 153.613 168.854 162.637 184.837 214.961 230.050 269.101 280.040 270.800 269.955 295.946 293.760 312.899 344.641 331.908 298.497 331.529 308.341 322.780 351.901 362.364 376.990 366.238 418.092 406.068 461.205 455.296 550.027 601.279 658.955 679.872 701.397 574.976 568.277 537.095 502.494 435.471 -999.250 -999.250 -999.250 -999.250 -999.250 -999.250 -999.250 -999.250 -999.250 -999.250 -999.250 -999.250 -999.250 -999.250 -999.250 -999.250 -999.250 -999.250 -999.250 -999.250 -999.250
149.767 146.697 157.850 145.249 140.225 161.512 166.378 172.221 174.247 169.232 201.707 210.144 252.070 265.111 259.205 253.037 285.522 312.653 308.971 343.911 297.997 308.344 301.516 308.038 298.408 372.835 332.663 304.199 352.461 355.236 368.798 366.339 395.040 457.513 485.174 593.924 620.945 639.837 572.777 580.180 568.924 561.134 534.665 397.826 -999.250 -999.250 -999.250 -999.250 -999.250 -999.250 -999.250 -999.250 -999.250 -999.250 -999.250 -999.250 -999.250 -999.250 -999.250 -999.250 -999.250 -999.250 -999.250 -999.250 -999.250
131.188 135.319 149.800 142.236 151.758 168.027 171.031 180.764 182.177 185.294 204.347 232.263 266.635 260.024 284.972 258.412 270.426 305.844 306.051 294.845 300.029 307.729 314.869 291.741 312.483 353.982 311.913 318.738 352.898 342.618 361.334 387.524 361.462 400.782 460.951 495.879 530.921 579.387 588.257 535.398 499.579 505.220 508.097 391.333 -999.250 -999.250 -999.250 -999.250 -999.250 -999.250 -999.250 -999.250 -999.250 -999.250 -999.250 -999.250 -999.250 -999.250 -999.250 -999.250 -999.250 -999.250 -999.250 -999.250 -999.250
125.362 125.994 134.622 140.960 135.173 169.811 185.665 194.065 199.690 202.427 230.930 258.003 270.536 277.615 273.402 294.940 295.352 302.151 305.880 277.188 303.651 309.153 281.764 296.941 307.975 330.026 321.363 323.768 337.788 379.124 335.614 364.771 384.106 382.179 373.797 412.897 422.279 477.139 515.307 526.666 560.261 461.627 461.101 429.716 -999.250 -999.250 -999.250 -999.250 -999.250 -999.250 -999.250 -999.250 -999.250 -999.250 -999.250 -999.250 -999.250 -999.250 -999.250 -999.250 -999.250 -999.250 -999.250 -999.250 -999.250
120.506 118.249 131.372 144.064 137.024 156.061 182.839 180.719 218.825 217.652 233.006 251.181 284.183 288.447 286.283 284.555 322.688 304.236 304.565 299.567 308.118 288.374 286.075 303.423 309.698 282.517 306.032 289.628 359.922 311.976 347.999 323.552 358.579 373.842 406.552 401.254 460.488 532.351 535.657 535.559 540.876 435.035 466.635 -999.250 -999.250 -999.250 -999.250 -999.250 -999.250 -999.250 -999.250 -999.250 -999.250 -999.250 -999.250 -999.250 -999.250 -999.250 -999.250 -999.250 -999.250 -999.250 -999.250 -999.250 -999.250
114.006 123.783 119.803 135.683 153.848 169.902 173.145 180.990 197.108 215.500 235.122 274.083 273.791 303.643 300.223 300.890 284.448 306.255 296.888 307.951 284.407 262.315 285.040 292.178 320.511 301.674 307.208 306.956 355.074 309.114 310.891 288.138 347.103 373.853 362.527 391.746 410.654 477.893 530.535 560.293 506.461 476.787 486.084 -999.250 -999.250 -999.250 -999.250 -999.250 -999.250 -999.250 -999.250 -999.250 -999.250 -999.250 -999.250 -999.250 -999.250 -999.250 -999.250 -999.250 -999.250 -999.250 -999.250 -999.250 -999.250
96.153 98.207 109.303 132.799 160.788 164.495 169.993 185.838 187.011 218.755 219.287 241.447 275.339 299.175 300.517 303.211 291.150 278.976 264.022 279.427 319.756 303.005 300.457 295.126 321.536 322.743 304.932 309.180 300.574 309.763 309.897 306.377 324.576 357.490 364.457 393.858 395.145 417.741 429.224 442.677 371.262 395.199 421.363 -999.250 -999.250 -999.250 -999.250 -999.250 -999.250 -999.250 -999.250 -999.250 -999.250 -999.250 -999.250 -999.250 -999.250 -999.250 -999.250 -999.250 -999.250 -999.250 -999.250 -999.250 -999.250
104.634 106.092 111.168 139.195 144.767 167.215 181.165 199.959 204.311 210.173 244.680 270.052 289.874 290.191 286.260 289.942 271.404 263.287 258.850 250.363 290.810 295.041 276.460 295.997 295.175 315.028 314.174 295.462 293.655 272.561 270.693 283.516 322.596 382.157 391.492 402.252 380.752 389.287 415.642 448.362 366.299 385.676 422.907 -999.250 -999.250 -999.250 -999.250 -999.250 -999.250 -999.250 -999.250 -999.250 -999.250 -999.250 -999.250 -999.250 -999.250 -999.250 -999.250 -999.250 -999.250 -999.250 -999.250 -999.250 -999.250
107.793 96.444 102.977 121.132 144.947 164.233 186.036 195.026 194.471 213.512 238.748 263.953 254.494 279.710 276.924 267.637 257.621 245.457 282.757 273.969 263.474 272.731 268.624 286.690 297.414 273.324 303.687 292.693 297.818 268.259 258.583 304.549 308.943 377.472 377.372 383.964 385.084 358.904 321.873 416.374 405.447 433.108 -999.250 -999.250 -999.250 -999.250 -999.250 -999.250 -999.250 -999.250 -999.250 -999.250 -999.250 -999.250 -999.250 -999.250 -999.250 -999.250 -999.250 -999.250 -999.250 -999.250 -999.250 -999.250 -999.250
94.242 87.517 98.985 125.111 135.521 166.913 165.487 183.413 213.440 211.948 210.169 213.175 236.263 270.909 243.279 238.707 225.134 240.986 234.879 235.821 249.401 -999.250 -999.250 -999.250 -999.250 253.072 258.840 254.882 231.660 263.653 -999.250 -999.250 -999.250 -999.250 -999.250 -999.250 -999.250 -999.250 -999.250 -999.250 -999.250 -999.250 -999.250 -999.250 -999.250 -999.250 -999.250 -999.250 -999.250 -999.250 -999.250 -999.250 -999.250 -999.250 -999.250 -999.250 -999.250 -999.250 -999.250 -999.250 -999.250 -999.250 -999.250 -999.250 -999.250
83.514 85.687 91.492 116.173 139.764 138.136 166.517 160.608 178.647 192.844 200.434 203.567 203.819 235.172 239.076 232.780 228.250 222.464 228.266 253.528 238.338 -999.250 -999.250 -999.250 -999.250 -999.250 -999.250 -999.250 -999.250 -999.250 -999.250 -999.250 -999.250 -999.250 -999.250 -999.250 -999.250 -999.250 -999.250 -999.250 -999.250 -999.250 -999.250 -999.250 -999.250 -999.250 -999.250 -999.250 -999.250 -999.250 -999.250 -999.250 -999.250 -999.250 -999.250 -999.250 -999.250 -999.250 -999.250 -999.250 -999.250 -999.250 -999.250 -999.250 -999.250
81.016 75.174 82.864 114.744 133.568 137.300 152.730 164.580 157.900 157.229 178.681 189.458 194.365 194.051 189.249 194.808 205.200 180.910 206.526 215.732 191.084 -999.250 -999.250 -999.250 -999.250 -999.250 -999.250 -999.250 -999.250 -999.250 -999.250 -999.250 -999.250 -999.250 -999.250 -999.250 -999.250 -999.250 -999.250 -999.250 -999.250 -999.250 -999.250 -999.250 -999.250 -999.250 -999.250 -999.250 -999.250 -999.250 -999.250 -999.250 -999.250 -999.250 -999.250 -999.250 -999.250 -999.250 -999.250 -999.250 -999.250 -999.250 -999.250 -999.250 -999.250
63.933 75.401 77.004 98.856 132.103 139.349 142.628 166.803 157.890 172.511 171.392 167.201 164.285 172.077 166.976 155.516 171.473 163.497 180.462 194.701 175.896 169.326 -999.250 -999.250 -999.250 -999.250 -999.250 -999.250 -999.250 -999.250 -999.250 -999.250 -999.250 -999.250 -999.250 -999.250 -999.250 -999.250 -999.250 -999.250 -999.250 -999.250 -999.250 -999.250 -999.250 -999.250 -999.250 -999.250 -999.250 -999.250 -999.250 -999.250 -999.250 -999.250 -999.250 -999.250 -999.250 -999.250 -999.250 -999.250 -999.250 -999.250 -999.250 -999.250 -999.250
61.492 82.986 90.476 99.043 108.335 133.490 160.451 139.932 139.925 163.132 169.919 168.940 136.330 149.187 131.518 130.297 133.250 137.409 148.858 143.315 139.769 140.830 150.868 -999.250 -999.250 -999.250 -999.250 -999.250 -999.250 -999.250 -999.250 -999.250 -999.250 -999.250 -999.250 -999.250 -999.250 -999.250 -999.250 -999.250 -999.250 -999.250 -999.250 -999.250 -999.250 -999.250 -999.250 -999.250 -999.250 -999.250 -999.250 -999.250 -999.250 -999.250 -999.250 -999.250 -999.250 -999.250 -999.250 -999.250 -999.250 -999.250 -999.250 -999.250 -999.250
75.963 83.136 91.079 86.861 96.219 113.795 123.325 122.659 129.095 144.096 147.028 168.382 146.873 126.669 131.664 117.842 120.757 112.828 112.352 130.297 134.543 135.312 123.400 141.932 -999.250 -999.250 -999.250 -999.250 -999.250 -999.250 -999.250 -999.250 -999.250 -999.250 -999.250 -999.250 -999.250 -999.250 -999.250 -999.250 -999.250 -999.250 -999.250 -999.250 -999.250 -999.250 -999.250 -999.250 -999.250 -999.250 -999.250 -999.250 -999.250 -999.250 -999.250 -999.250 -999.250 -999.250 -999.250 -999.250 -999.250 -999.250 -999.250 -999.250 -999.250
96.758 101.783 100.581 101.015 103.399 110.482 129.042 127.189 133.001 135.755 128.619 141.047 114.983 112.573 107.970 92.858 85.026 89.826 104.467 110.731 112.798 120.945 124.460 120.018 -999.250 -999.250 -999.250 -999.250 -999.250 -999.250 -999.250 -999.250 -999.250 -999.250 -999.250 -999.250 -999.250 -999.250 -999.250 -999.250 -999.250 -999.250 -999.250 -999.250 -999.250 -999.250 -999.250 -999.250 -999.250 -999.250 -999.250 -999.250 -999.250 -999.250 -999.250 -999.250 -999.250 -999.250 -999.250 -999.250 -999.250 -999.250 -999.250 -999.250 -999.250
