data/medianmodel_16-Sep-2020.asc
ncols	141
nrows	288
xllcorner	-120191.398
yllcorner	-301404.813
cellsize	2000.000
NODATA_value	-999.250
[rows 248 to 278 of 288, columns 0 to 67 of 141]
-999.250 -999.250 -999.250 -999.250 -999.250 -999.250 -999.250 -999.250 -999.250 -999.250 -999.250 -999.250 -999.250 -999.250 -999.250 -999.250 -999.250 -999.250 -999.250 -999.250 -999.250 -999.250 -999.250 -999.250 -999.250 -999.250 -999.250 -999.250 -999.250 -999.250 14.671 16.001 21.176 23.591 31.198 49.519 53.823 70.048 86.605 112.533 136.657 174.849 194.871 239.036 248.708 251.831 279.566 314.299 303.543 343.342 375.481 414.895 403.919 442.902 440.978 431.764 380.678 341.977 254.846 171.798 127.063 90.139 66.821 34.182 21.613 8.071 0.709 0.000
-999.250 -999.250 -999.250 -999.250 -999.250 -999.250 -999.250 -999.250 -999.250 -999.250 -999.250 -999.250 -999.250 -999.250 -999.250 -999.250 -999.250 -999.250 -999.250 -999.250 -999.250 -999.250 -999.250 -999.250 -999.250 -999.250 -999.250 -999.250 -999.250 -999.250 12.906 16.760 14.852 19.346 27.289 41.932 56.478 64.916 87.581 104.604 137.335 163.449 185.111 211.533 247.372 283.810 324.684 318.100 323.281 379.784 390.973 397.144 425.512 432.715 506.853 586.065 436.958 369.239 256.757 194.316 141.870 102.029 71.490 47.066 28.988 12.925 6.218 0.000
-999.250 -999.250 -999.250 -999.250 -999.250 -999.250 -999.250 -999.250 -999.250 -999.250 -999.250 -999.250 -999.250 -999.250 -999.250 -999.250 -999.250 -999.250 -999.250 -999.250 -999.250 -999.250 -999.250 -999.250 -999.250 -999.250 -999.250 -999.250 -999.250 -999.250 10.962 10.747 10.562 16.719 22.696 34.173 51.745 66.013 83.788 99.384 127.893 131.213 168.534 203.898 236.715 278.204 268.892 286.471 355.445 365.935 361.697 432.216 426.270 429.915 441.713 460.410 431.486 364.212 283.705 210.763 151.351 103.930 81.445 52.330 33.579 18.979 7.629 0.061
-999.250 -999.250 -999.250 -999.250 -999.250 -999.250 -999.250 -999.250 -999.250 -999.250 -999.250 -999.250 -999.250 -999.250 -999.250 -999.250 -999.250 -999.250 -999.250 -999.250 -999.250 -999.250 -999.250 -999.250 -999.250 -999.250 -999.250 -999.250 -999.250 -999.250 6.565 9.908 5.748 12.218 17.713 29.014 44.710 54.326 79.165 105.191 123.401 150.550 155.086 218.140 253.849 276.499 256.937 283.221 364.007 394.147 405.786 434.282 394.744 458.614 443.940 436.752 388.333 351.073 259.533 227.288 172.762 105.467 73.769 60.759 36.103 19.186 9.087 1.163
-999.250 -999.250 -999.250 -999.250 -999.250 -999.250 -999.250 -999.250 -999.250 -999.250 -999.250 -999.250 -999.250 -999.250 -999.250 -999.250 -999.250 -999.250 -999.250 -999.250 -999.250 -999.250 -999.250 -999.250 -999.250 -999.250 -999.250 -999.250 -999.250 13.216 7.239 8.584 8.059 9.809 16.046 21.606 35.291 53.562 72.173 93.081 119.597 136.147 169.565 207.377 241.369 271.772 305.862 333.934 327.269 376.699 412.940 419.147 441.361 453.863 428.658 394.910 362.174 274.535 246.053 203.883 142.649 108.634 76.642 59.177 37.578 20.482 8.577 2.285
-999.250 -999.250 -999.250 -999.250 -999.250 -999.250 -999.250 -999.250 -999.250 -999.250 -999.250 -999.250 -999.250 -999.250 -999.250 -999.250 -999.250 -999.250 -999.250 -999.250 -999.250 -999.250 -999.250 -999.250 -999.250 -999.250 -999.250 -999.250 -999.250 -999.250 8.432 4.445 1.488 3.210 9.987 17.891 27.806 44.563 59.030 84.305 102.933 127.691 136.696 199.078 184.525 256.536 278.463 303.417 354.197 370.274 415.663 391.736 418.063 398.840 378.023 363.272 290.648 258.694 229.090 188.164 134.097 89.641 78.269 53.807 40.915 20.170 6.910 0.000
-999.250 -999.250 -999.250 -999.250 -999.250 -999.250 -999.250 -999.250 -999.250 -999.250 -999.250 -999.250 -999.250 -999.250 -999.250 -999.250 -999.250 -999.250 -999.250 -999.250 -999.250 -999.250 -999.250 -999.250 -999.250 -999.250 -999.250 -999.250 -999.250 -999.250 7.279 4.354 0.630 1.771 8.360 15.228 21.986 35.169 49.468 70.273 88.950 106.975 131.795 181.004 182.213 226.620 269.767 274.563 289.219 333.901 339.986 356.393 371.561 362.347 318.747 325.837 291.061 261.349 212.294 174.986 128.687 90.533 73.536 44.620 28.001 14.682 2.297 0.000
-999.250 -999.250 -999.250 -999.250 -999.250 -999.250 -999.250 -999.250 -999.250 -999.250 -999.250 -999.250 -999.250 -999.250 -999.250 -999.250 -999.250 -999.250 -999.250 -999.250 -999.250 -999.250 -999.250 -999.250 -999.250 -999.250 -999.250 -999.250 -999.250 -999.250 -999.250 2.346 0.000 1.540 6.154 13.296 20.594 40.251 48.952 63.365 83.123 115.352 124.827 166.387 204.373 217.858 250.580 244.099 273.993 319.250 308.108 303.236 312.612 325.641 307.175 273.947 263.252 213.911 161.635 148.031 106.383 85.450 63.102 40.578 18.735 7.337 0.710 0.000
-999.250 -999.250 -999.250 -999.250 -999.250 -999.250 -999.250 -999.250 -999.250 -999.250 -999.250 -999.250 -999.250 -999.250 -999.250 -999.250 -999.250 -999.250 -999.250 -999.250 -999.250 -999.250 -999.250 -999.250 -999.250 -999.250 -999.250 -999.250 -999.250 -999.250 -999.250 1.641 0.000 0.000 3.802 9.538 20.254 30.299 45.137 55.018 73.391 89.520 117.583 134.027 158.130 167.730 202.745 206.566 241.250 233.475 251.752 273.535 286.785 268.496 242.813 239.817 210.837 180.319 161.398 133.447 108.983 79.210 53.047 26.694 11.658 0.000 0.000 0.000
-999.250 -999.250 -999.250 -999.250 -999.250 -999.250 -999.250 -999.250 -999.250 -999.250 -999.250 -999.250 -999.250 -999.250 -999.250 -999.250 -999.250 -999.250 -999.250 -999.250 -999.250 -999.250 -999.250 -999.250 -999.250 -999.250 -999.250 -999.250 -999.250 -999.250 8.182 3.058 0.379 0.120 0.974 7.976 13.727 21.389 38.772 53.667 64.101 80.943 94.281 107.905 132.663 143.707 176.498 200.488 237.079 233.549 210.185 243.569 253.499 250.633 224.165 221.834 188.522 148.126 131.566 111.511 98.917 74.359 43.022 21.755 0.000 0.000 0.000 0.000
-999.250 -999.250 -999.250 -999.250 -999.250 -999.250 -999.250 -999.250 -999.250 -999.250 -999.250 -999.250 -999.250 -999.250 -999.250 -999.250 -999.250 -999.250 -999.250 -999.250 -999.250 -999.250 -999.250 -999.250 -999.250 -999.250 -999.250 -999.250 -999.250 -999.250 7.816 4.543 1.257 0.996 1.779 9.518 12.808 17.094 25.774 39.832 54.222 76.494 86.532 102.794 118.691 137.293 158.611 207.240 223.593 231.741 211.918 200.893 220.497 213.330 196.365 190.308 174.034 140.931 118.393 99.424 81.971 64.362 42.894 18.482 2.594 0.000 0.000 0.000
-999.250 -999.250 -999.250 -999.250 -999.250 -999.250 -999.250 -999.250 -999.250 -999.250 -999.250 -999.250 -999.250 -999.250 -999.250 -999.250 -999.250 -999.250 -999.250 -999.250 -999.250 -999.250 -999.250 -999.250 -999.250 -999.250 -999.250 -999.250 -999.250 -999.250 12.280 8.040 2.012 0.000 2.328 7.278 8.282 10.737 21.326 34.012 47.372 60.043 81.676 87.730 110.608 122.842 141.736 152.825 181.859 193.269 175.824 170.390 194.031 194.274 178.064 163.290 151.756 124.382 103.851 89.400 72.725 53.420 37.166 17.738 2.796 0.000 0.000 0.000
-999.250 -999.250 -999.250 -999.250 -999.250 -999.250 -999.250 -999.250 -999.250 -999.250 -999.250 -999.250 -999.250 -999.250 -999.250 -999.250 -999.250 -999.250 -999.250 -999.250 -999.250 -999.250 -999.250 -999.250 -999.250 -999.250 -999.250 -999.250 -999.250 -999.250 10.432 9.335 3.628 1.709 0.000 2.706 5.369 8.119 18.126 24.287 35.783 52.262 69.682 80.214 89.622 125.687 127.953 130.872 138.238 158.341 176.973 155.995 197.837 163.652 144.378 134.322 135.171 109.032 95.649 76.872 61.228 43.310 27.530 15.291 4.151 0.000 0.000 0.000
-999.250 -999.250 -999.250 -999.250 -999.250 -999.250 -999.250 -999.250 -999.250 -999.250 -999.250 -999.250 -999.250 -999.250 -999.250 -999.250 -999.250 -999.250 -999.250 -999.250 -999.250 -999.250 -999.250 -999.250 -999.250 -999.250 -999.250 -999.250 -999.250 -999.250 11.003 9.292 5.053 0.056 0.000 0.000 1.161 5.733 13.323 14.994 28.410 39.736 51.501 67.211 78.622 93.246 97.085 117.669 127.111 120.132 141.717 148.188 138.000 142.625 140.117 125.073 111.447 103.477 85.370 73.775 60.689 41.624 23.901 10.903 1.776 0.000 0.000 0.000
-999.250 -999.250 -999.250 -999.250 -999.250 -999.250 -999.250 -999.250 -999.250 -999.250 -999.250 -999.250 -999.250 -999.250 -999.250 -999.250 -999.250 -999.250 -999.250 -999.250 -999.250 -999.250 -999.250 -999.250 -999.250 -999.250 -999.250 -999.250 -999.250 -999.250 14.672 8.593 4.223 0.036 1.275 0.000 0.000 2.599 8.421 10.183 20.802 32.351 39.111 46.569 66.751 79.535 89.189 96.136 98.561 115.502 125.639 119.716 120.363 132.654 115.408 99.458 102.467 92.566 76.701 56.326 44.835 33.491 17.681 7.866 3.173 0.000 0.000 0.000
-999.250 -999.250 -999.250 -999.250 -999.250 -999.250 -999.250 -999.250 -999.250 -999.250 -999.250 -999.250 -999.250 -999.250 -999.250 -999.250 -999.250 -999.250 -999.250 -999.250 -999.250 -999.250 -999.250 -999.250 -999.250 -999.250 -999.250 -999.250 -999.250 21.264 17.572 13.169 7.420 4.046 0.828 0.591 0.171 0.348 1.300 9.997 17.343 21.491 32.784 39.964 54.403 63.812 68.400 78.849 84.022 92.640 93.494 95.052 108.293 97.647 94.754 85.049 86.841 76.002 61.759 53.599 40.136 25.444 12.324 6.603 0.872 0.000 0.000 0.000
-999.250 -999.250 -999.250 -999.250 -999.250 -999.250 -999.250 -999.250 -999.250 -999.250 -999.250 -999.250 -999.250 -999.250 -999.250 -999.250 -999.250 -999.250 -999.250 -999.250 -999.250 -999.250 -999.250 -999.250 -999.250 -999.250 -999.250 -999.250 -999.250 24.879 17.364 12.932 10.899 3.288 0.508 0.000 0.000 0.000 0.022 4.824 9.097 14.776 18.923 30.901 39.870 45.797 55.753 61.248 61.676 68.999 79.001 80.894 73.869 84.820 80.488 74.826 61.531 54.999 48.783 43.221 26.872 13.888 10.563 0.750 0.769 0.000 0.000 0.000
-999.250 -999.250 -999.250 -999.250 -999.250 -999.250 -999.250 -999.250 -999.250 -999.250 -999.250 -999.250 -999.250 -999.250 -999.250 -999.250 -999.250 -999.250 -999.250 -999.250 -999.250 -999.250 -999.250 -999.250 -999.250 -999.250 -999.250 -999.250 34.279 28.774 22.392 13.118 11.626 8.534 2.926 0.629 0.000 0.000 0.000 0.449 3.021 7.320 15.672 19.639 27.821 37.504 41.446 47.546 49.346 62.556 64.100 58.845 61.359 62.507 61.926 62.095 51.162 48.204 41.420 30.967 19.664 11.270 6.710 1.486 0.000 0.000 0.000 0.000
-999.250 -999.250 -999.250 -999.250 -999.250 -999.250 -999.250 -999.250 -999.250 -999.250 -999.250 -999.250 -999.250 -999.250 -999.250 -999.250 -999.250 -999.250 -999.250 -999.250 -999.250 -999.250 -999.250 -999.250 -999.250 -999.250 -999.250 -999.250 38.246 30.481 24.023 18.372 13.265 9.489 6.761 1.237 0.000 0.000 0.000 0.000 0.037 2.720 8.391 14.021 18.535 23.366 30.402 37.552 40.130 45.981 46.754 52.716 49.379 55.629 45.749 49.969 44.850 41.139 32.146 22.293 15.887 8.453 3.434 1.211 0.000 0.000 0.000 0.000
-999.250 -999.250 -999.250 -999.250 -999.250 -999.250 -999.250 -999.250 -999.250 -999.250 -999.250 -999.250 -999.250 -999.250 -999.250 -999.250 -999.250 -999.250 -999.250 -999.250 -999.250 -999.250 -999.250 -999.250 -999.250 -999.250 -999.250 43.823 38.204 36.007 28.267 22.917 17.413 11.157 6.630 2.002 0.000 0.000 0.000 0.000 0.000 0.000 3.853 7.615 11.990 17.157 22.265 26.241 31.643 35.916 36.994 35.901 43.898 44.289 40.333 43.460 37.992 29.179 23.515 15.908 11.796 7.630 2.561 3.058 0.188 0.000 0.000 0.000
-999.250 -999.250 -999.250 -999.250 -999.250 -999.250 -999.250 -999.250 -999.250 -999.250 -999.250 -999.250 -999.250 -999.250 -999.250 -999.250 -999.250 -999.250 -999.250 -999.250 -999.250 -999.250 -999.250 -999.250 -999.250 -999.250 -999.250 36.342 37.925 34.927 35.753 23.516 19.538 11.950 9.249 4.426 0.279 0.000 0.000 0.000 0.000 0.000 0.084 3.419 7.916 13.038 18.445 20.825 23.388 23.119 24.776 20.437 26.016 27.523 27.144 30.683 26.773 19.436 18.145 15.493 11.326 8.620 1.588 1.521 0.281 0.000 0.000 0.000
-999.250 -999.250 -999.250 -999.250 -999.250 -999.250 -999.250 -999.250 -999.250 -999.250 -999.250 -999.250 -999.250 -999.250 -999.250 -999.250 -999.250 -999.250 -999.250 -999.250 -999.250 -999.250 -999.250 -999.250 -999.250 -999.250 -999.250 39.209 36.293 33.668 32.093 25.012 18.698 15.640 9.481 9.662 3.334 0.000 0.000 0.000 0.000 0.000 0.000 0.000 3.936 10.288 9.712 13.182 15.607 16.419 15.942 20.998 18.724 20.092 24.066 26.770 22.164 18.851 15.945 12.335 11.189 8.391 2.931 1.901 0.236 0.000 0.000 0.000
-999.250 -999.250 -999.250 -999.250 -999.250 -999.250 -999.250 -999.250 -999.250 -999.250 -999.250 -999.250 -999.250 -999.250 -999.250 -999.250 -999.250 -999.250 -999.250 -999.250 -999.250 -999.250 -999.250 -999.250 -999.250 -999.250 -999.250 35.905 33.840 28.322 30.316 26.317 21.614 18.574 16.951 13.150 8.083 2.621 0.235 0.000 0.000 0.000 0.000 0.000 1.279 5.342 9.637 10.208 12.023 11.635 15.029 15.611 16.466 16.456 17.848 19.373 18.464 17.883 18.392 13.632 13.453 11.063 5.156 0.895 0.000 1.843 2.133 1.419
-999.250 -999.250 -999.250 -999.250 -999.250 -999.250 -999.250 -999.250 -999.250 -999.250 -999.250 -999.250 -999.250 -999.250 -999.250 -999.250 -999.250 -999.250 -999.250 -999.250 -999.250 -999.250 -999.250 -999.250 -999.250 -999.250 -999.250 32.649 34.173 31.200 32.042 31.283 25.899 23.044 22.441 17.695 10.453 3.829 4.142 0.095 0.144 0.000 0.000 0.000 4.492 6.288 8.262 6.962 12.964 14.019 15.259 12.562 12.844 15.735 18.089 17.405 19.460 16.716 16.776 13.969 13.842 9.511 4.397 1.879 1.066 2.840 4.712 7.694
-999.250 -999.250 -999.250 -999.250 -999.250 -999.250 -999.250 -999.250 -999.250 -999.250 -999.250 -999.250 -999.250 -999.250 -999.250 -999.250 -999.250 -999.250 -999.250 -999.250 -999.250 -999.250 -999.250 -999.250 -999.250 -999.250 -999.250 31.597 34.217 34.107 33.109 34.889 32.648 26.488 26.506 20.788 15.545 10.475 7.005 3.986 4.238 3.989 2.535 2.231 6.158 8.413 9.173 9.961 7.741 9.275 11.183 11.776 13.608 14.567 17.666 18.692 19.914 17.651 16.935 12.316 12.899 10.460 7.827 5.476 5.578 5.430 6.995 8.426
-999.250 -999.250 -999.250 -999.250 -999.250 -999.250 -999.250 -999.250 -999.250 -999.250 -999.250 -999.250 -999.250 -999.250 -999.250 -999.250 -999.250 -999.250 -999.250 -999.250 -999.250 -999.250 -999.250 -999.250 -999.250 -999.250 24.311 21.656 24.458 31.994 35.934 38.208 38.501 37.298 31.556 26.267 21.764 16.928 14.239 8.999 8.665 7.744 8.564 8.787 9.471 10.257 11.734 11.230 9.233 9.379 8.770 11.745 12.264 17.903 21.220 21.984 21.566 21.925 20.000 17.227 14.942 13.089 11.876 7.271 5.856 8.075 10.021 12.336
-999.250 -999.250 -999.250 -999.250 -999.250 -999.250 -999.250 -999.250 -999.250 -999.250 -999.250 -999.250 -999.250 -999.250 -999.250 -999.250 -999.250 -999.250 -999.250 -999.250 -999.250 -999.250 -999.250 -999.250 -999.250 -999.250 20.526 22.285 29.959 35.455 40.507 42.783 43.380 45.201 38.402 35.689 28.167 25.003 21.019 17.054 13.341 12.911 12.167 13.429 17.431 17.782 17.482 15.364 12.481 10.648 10.877 13.626 16.069 18.159 22.965 25.879 27.579 25.876 24.427 21.069 18.447 13.123 12.934 9.267 7.819 9.841 10.342 15.925
-999.250 -999.250 -999.250 -999.250 -999.250 -999.250 -999.250 -999.250 -999.250 -999.250 -999.250 -999.250 -999.250 -999.250 -999.250 -999.250 -999.250 -999.250 -999.250 -999.250 -999.250 -999.250 -999.250 -999.250 -999.250 14.041 17.520 20.691 29.878 36.454 40.247 47.242 48.309 47.917 45.328 42.124 44.077 35.399 28.795 23.434 22.074 21.628 19.162 21.731 20.931 25.270 24.506 22.239 20.249 15.556 15.359 14.928 22.696 22.526 29.801 35.040 33.154 33.409 30.588 23.638 20.705 16.281 11.724 12.452 9.694 10.886 12.620 16.292
-999.250 -999.250 -999.250 -999.250 -999.250 -999.250 -999.250 -999.250 -999.250 -999.250 -999.250 -999.250 -999.250 -999.250 -999.250 -999.250 -999.250 -999.250 -999.250 -999.250 -999.250 -999.250 -999.250 -999.250 -999.250 9.960 13.719 19.844 28.418 32.961 41.194 46.399 47.801 55.009 53.810 55.697 49.944 46.784 40.006 33.966 31.720 28.776 29.575 31.516 34.332 36.945 35.288 34.750 25.545 20.983 15.833 19.297 26.540 32.738 40.448 43.557 41.832 42.565 35.791 27.984 24.034 19.206 17.588 13.383 11.750 12.872 16.028 19.645
-999.250 -999.250 -999.250 -999.250 -999.250 -999.250 -999.250 -999.250 -999.250 -999.250 -999.250 -999.250 -999.250 -999.250 -999.250 -999.250 -999.250 -999.250 -999.250 -999.250 -999.250 -999.250 -999.250 -999.250 -999.250 5.996 9.386 17.481 22.880 29.744 40.639 46.424 53.117 58.792 63.612 65.255 59.696 52.781 47.415 43.378 42.631 40.633 40.531 42.202 43.070 46.381 50.873 44.049 37.441 26.447 22.084 25.539 30.788 42.485 49.089 51.596 45.821 44.823 39.584 33.542 31.312 23.355 20.379 17.697 17.099 15.637 18.812 19.327
-999.250 -999.250 -999.250 -999.250 -999.250 -999.250 -999.250 -999.250 -999.250 -999.250 -999.250 -999.250 -999.250 -999.250 -999.250 -999.250 -999.250 -999.250 -999.250 -999.250 -999.250 -999.250 -999.250 -999.250 0.000 0.821 6.934 13.456 21.790 28.277 37.728 45.444 51.901 62.438 70.131 73.886 74.265 67.640 59.341 53.706 49.536 48.599 53.311 48.995 52.772 60.071 65.899 57.233 46.656 40.019 36.313 36.613 43.800 49.125 58.174 62.200 56.895 52.993 46.545 41.733 35.878 29.223 25.803 20.360 19.130 21.194 19.511 22.520
