data/medianmodel_01-May-2020.asc
ncols	141
nrows	288
xllcorner	-120191.398
yllcorner	-301404.813
cellsize	2000.000
NODATA_value	-999.250
[rows 248 to 278 of 288, columns 0 to 68 of 141]
-999.250 -999.250 -999.250 -999.250 -999.250 -999.250 -999.250 -999.250 -999.250 -999.250 -999.250 -999.250 -999.250 -999.250 -999.250 -999.250 -999.250 -999.250 -999.250 -999.250 -999.250 -999.250 -999.250 -999.250 -999.250 -999.250 -999.250 -999.250 -999.250 -999.250 7.347 6.041 10.415 11.982 13.126 8.834 12.227 8.795 9.223 9.167 11.025 12.955 13.861 14.088 11.410 16.950 16.998 17.220 18.655 22.885 23.379 20.808 19.998 19.584 17.753 17.822 13.391 11.741 10.301 7.993 8.701 9.007 10.506 11.391 13.701 15.685 17.898 16.596 15.320
-999.250 -999.250 -999.250 -999.250 -999.250 -999.250 -999.250 -999.250 -999.250 -999.250 -999.250 -999.250 -999.250 -999.250 -999.250 -999.250 -999.250 -999.250 -999.250 -999.250 -999.250 -999.250 -999.250 -999.250 -999.250 -999.250 -999.250 -999.250 -999.250 -999.250 6.069 6.686 9.400 10.222 9.601 10.750 12.294 10.979 10.484 9.029 10.113 9.907 12.457 11.440 10.492 17.092 17.198 19.593 17.482 23.540 21.156 19.351 18.813 19.838 18.628 21.706 17.368 15.921 14.539 13.316 16.030 11.043 14.220 16.236 17.685 19.986 25.612 21.004 20.633
-999.250 -999.250 -999.250 -999.250 -999.250 -999.250 -999.250 -999.250 -999.250 -999.250 -999.250 -999.250 -999.250 -999.250 -999.250 -999.250 -999.250 -999.250 -999.250 -999.250 -999.250 -999.250 -999.250 -999.250 -999.250 -999.250 -999.250 -999.250 -999.250 -999.250 6.787 9.263 9.864 11.394 11.622 11.466 10.207 11.832 9.061 7.509 7.476 8.611 11.876 12.080 12.256 15.448 13.762 20.341 18.503 26.773 25.072 23.444 23.232 24.269 20.304 20.354 20.367 19.529 14.671 15.510 17.491 15.421 19.316 23.643 19.736 23.082 25.801 22.215 20.146
-999.250 -999.250 -999.250 -999.250 -999.250 -999.250 -999.250 -999.250 -999.250 -999.250 -999.250 -999.250 -999.250 -999.250 -999.250 -999.250 -999.250 -999.250 -999.250 -999.250 -999.250 -999.250 -999.250 -999.250 -999.250 -999.250 -999.250 -999.250 -999.250 -999.250 9.247 8.359 11.905 11.076 12.025 14.497 12.404 12.002 8.293 8.092 8.448 9.211 14.430 13.834 12.307 16.069 13.486 18.310 20.310 23.996 27.863 24.005 21.766 24.577 19.559 27.074 23.441 21.454 20.465 17.615 22.532 20.511 25.652 29.859 36.706 33.951 30.236 27.919 25.436
-999.250 -999.250 -999.250 -999.250 -999.250 -999.250 -999.250 -999.250 -999.250 -999.250 -999.250 -999.250 -999.250 -999.250 -999.250 -999.250 -999.250 -999.250 -999.250 -999.250 -999.250 -999.250 -999.250 -999.250 -999.250 -999.250 -999.250 -999.250 -999.250 5.913 8.477 12.074 11.062 13.983 11.428 9.877 10.287 10.569 9.320 11.894 9.997 8.082 8.982 11.050 10.869 12.091 13.415 19.562 22.843 21.154 20.397 23.174 26.974 25.860 23.046 24.880 25.648 25.423 28.920 22.093 26.108 25.684 29.727 33.639 35.889 39.461 33.915 32.222 25.224
-999.250 -999.250 -999.250 -999.250 -999.250 -999.250 -999.250 -999.250 -999.250 -999.250 -999.250 -999.250 -999.250 -999.250 -999.250 -999.250 -999.250 -999.250 -999.250 -999.250 -999.250 -999.250 -999.250 -999.250 -999.250 -999.250 -999.250 -999.250 -999.250 -999.250 8.778 11.342 10.124 14.010 11.642 12.793 11.028 12.214 10.099 11.721 9.222 9.213 9.300 11.013 10.113 8.781 15.473 18.699 20.735 19.885 25.228 27.409 26.340 29.825 31.660 33.687 29.503 31.877 34.162 32.562 32.401 41.588 41.494 42.075 45.258 44.257 37.645 39.659 33.135
-999.250 -999.250 -999.250 -999.250 -999.250 -999.250 -999.250 -999.250 -999.250 -999.250 -999.250 -999.250 -999.250 -999.250 -999.250 -999.250 -999.250 -999.250 -999.250 -999.250 -999.250 -999.250 -999.250 -999.250 -999.250 -999.250 -999.250 -999.250 -999.250 -999.250 9.609 10.863 10.333 11.494 11.955 10.052 9.583 9.527 13.559 13.917 11.129 11.263 11.924 11.331 11.396 11.736 19.367 20.927 20.183 20.569 23.828 27.058 27.155 28.236 31.934 33.578 37.809 38.123 41.586 39.066 35.917 39.788 57.969 50.272 52.115 54.125 54.944 47.207 37.154
-999.250 -999.250 -999.250 -999.250 -999.250 -999.250 -999.250 -999.250 -999.250 -999.250 -999.250 -999.250 -999.250 -999.250 -999.250 -999.250 -999.250 -999.250 -999.250 -999.250 -999.250 -999.250 -999.250 -999.250 -999.250 -999.250 -999.250 -999.250 -999.250 -999.250 -999.250 8.637 12.154 9.640 12.713 11.376 11.943 9.819 11.280 9.628 11.660 10.656 12.916 12.443 14.774 13.303 20.317 19.838 23.549 19.062 23.339 23.915 26.707 36.206 33.538 35.425 39.010 46.417 44.728 44.810 45.621 45.425 55.806 60.338 58.516 60.083 53.921 54.898 47.442
-999.250 -999.250 -999.250 -999.250 -999.250 -999.250 -999.250 -999.250 -999.250 -999.250 -999.250 -999.250 -999.250 -999.250 -999.250 -999.250 -999.250 -999.250 -999.250 -999.250 -999.250 -999.250 -999.250 -999.250 -999.250 -999.250 -999.250 -999.250 -999.250 -999.250 -999.250 11.034 11.050 12.052 10.969 12.602 10.674 12.048 13.115 10.367 11.889 14.395 14.258 15.208 13.347 14.118 13.392 18.368 17.864 22.428 19.404 25.185 30.555 29.707 31.145 41.310 43.342 42.272 50.693 42.477 49.141 54.723 55.968 71.825 63.597 64.784 59.832 51.212 48.575
-999.250 -999.250 -999.250 -999.250 -999.250 -999.250 -999.250 -999.250 -999.250 -999.250 -999.250 -999.250 -999.250 -999.250 -999.250 -999.250 -999.250 -999.250 -999.250 -999.250 -999.250 -999.250 -999.250 -999.250 -999.250 -999.250 -999.250 -999.250 -999.250 -999.250 11.366 11.051 11.584 12.408 12.173 15.285 13.546 14.895 14.931 14.260 13.831 17.233 16.442 16.144 12.262 13.109 12.007 15.739 16.971 17.604 23.651 22.158 29.958 34.324 34.499 42.978 41.228 49.270 49.372 46.657 51.881 56.704 62.594 73.544 74.349 66.358 60.778 54.504 45.795
-999.250 -999.250 -999.250 -999.250 -999.250 -999.250 -999.250 -999.250 -999.250 -999.250 -999.250 -999.250 -999.250 -999.250 -999.250 -999.250 -999.250 -999.250 -999.250 -999.250 -999.250 -999.250 -999.250 -999.250 -999.250 -999.250 -999.250 -999.250 -999.250 -999.250 8.405 9.439 14.167 13.884 13.919 12.754 11.713 11.428 15.394 12.969 12.812 15.836 14.737 13.132 10.998 13.420 10.244 14.088 17.082 17.682 21.629 26.349 37.335 36.605 40.226 38.099 42.048 48.280 48.601 54.294 59.093 69.627 66.524 71.036 75.557 67.912 56.140 53.529 46.472
-999.250 -999.250 -999.250 -999.250 -999.250 -999.250 -999.250 -999.250 -999.250 -999.250 -999.250 -999.250 -999.250 -999.250 -999.250 -999.250 -999.250 -999.250 -999.250 -999.250 -999.250 -999.250 -999.250 -999.250 -999.250 -999.250 -999.250 -999.250 -999.250 -999.250 10.784 9.831 9.483 14.595 13.001 10.390 13.098 14.081 13.072 10.277 15.682 16.642 13.584 12.345 10.905 10.909 11.816 15.594 18.010 21.813 22.911 30.436 37.432 37.902 36.426 38.854 48.384 55.901 51.697 59.341 62.486 68.426 68.033 64.365 69.694 69.245 60.644 50.630 42.067
-999.250 -999.250 -999.250 -999.250 -999.250 -999.250 -999.250 -999.250 -999.250 -999.250 -999.250 -999.250 -999.250 -999.250 -999.250 -999.250 -999.250 -999.250 -999.250 -999.250 -999.250 -999.250 -999.250 -999.250 -999.250 -999.250 -999.250 -999.250 -999.250 -999.250 9.431 10.482 8.475 11.010 12.588 11.121 12.996 14.417 9.527 9.344 15.068 13.033 13.320 16.117 15.713 13.539 15.938 16.024 18.163 18.233 29.391 23.842 26.156 37.557 37.933 37.463 38.963 49.203 53.732 58.402 60.998 68.113 63.407 65.137 62.934 58.912 60.897 49.245 38.612
-999.250 -999.250 -999.250 -999.250 -999.250 -999.250 -999.250 -999.250 -999.250 -999.250 -999.250 -999.250 -999.250 -999.250 -999.250 -999.250 -999.250 -999.250 -999.250 -999.250 -999.250 -999.250 -999.250 -999.250 -999.250 -999.250 -999.250 -999.250 -999.250 -999.250 7.295 8.150 7.982 8.475 12.766 10.247 13.609 12.618 14.157 12.513 16.212 14.316 16.725 14.335 16.671 11.492 11.832 11.915 13.878 17.378 22.709 24.841 23.523 33.010 33.333 35.083 38.713 47.109 55.406 52.543 62.790 58.309 57.521 60.909 62.232 64.390 55.018 40.339 40.833
-999.250 -999.250 -999.250 -999.250 -999.250 -999.250 -999.250 -999.250 -999.250 -999.250 -999.250 -999.250 -999.250 -999.250 -999.250 -999.250 -999.250 -999.250 -999.250 -999.250 -999.250 -999.250 -999.250 -999.250 -999.250 -999.250 -999.250 -999.250 -999.250 -999.250 9.153 7.306 7.343 8.196 11.737 7.844 9.582 9.656 8.177 12.124 14.012 16.340 13.979 13.751 15.247 13.983 11.714 8.514 10.000 12.799 17.684 22.853 27.609 33.760 31.107 36.919 38.453 44.853 50.453 46.043 56.481 53.403 54.888 49.654 55.675 47.020 49.987 40.324 38.349
-999.250 -999.250 -999.250 -999.250 -999.250 -999.250 -999.250 -999.250 -999.250 -999.250 -999.250 -999.250 -999.250 -999.250 -999.250 -999.250 -999.250 -999.250 -999.250 -999.250 -999.250 -999.250 -999.250 -999.250 -999.250 -999.250 -999.250 -999.250 -999.250 6.789 7.207 6.345 5.850 9.265 9.555 6.406 7.159 6.786 7.463 9.468 8.746 9.111 12.826 14.578 17.111 16.388 12.870 9.886 11.301 10.898 16.301 15.964 23.530 22.238 25.369 33.348 34.764 42.484 42.628 47.079 48.817 46.730 56.996 51.955 46.813 46.073 47.902 40.145 33.317
-999.250 -999.250 -999.250 -999.250 -999.250 -999.250 -999.250 -999.250 -999.250 -999.250 -999.250 -999.250 -999.250 -999.250 -999.250 -999.250 -999.250 -999.250 -999.250 -999.250 -999.250 -999.250 -999.250 -999.250 -999.250 -999.250 -999.250 -999.250 -999.250 5.383 7.225 6.747 8.321 7.708 6.848 7.937 9.177 6.644 8.596 7.091 5.917 6.682 9.214 13.387 14.043 15.517 11.611 13.343 12.295 13.457 16.918 18.698 20.594 26.343 31.370 29.099 26.814 34.695 40.455 43.236 40.498 42.541 47.470 46.343 43.725 44.641 39.848 34.860 29.403
-999.250 -999.250 -999.250 -999.250 -999.250 -999.250 -999.250 -999.250 -999.250 -999.250 -999.250 -999.250 -999.250 -999.250 -999.250 -999.250 -999.250 -999.250 -999.250 -999.250 -999.250 -999.250 -999.250 -999.250 -999.250 -999.250 -999.250 -999.250 5.476 3.870 3.821 5.215 5.388 6.542 3.545 4.274 6.382 6.307 6.145 5.561 6.510 4.200 6.642 11.206 12.235 11.081 10.318 12.489 9.961 12.388 12.837 15.573 17.943 21.108 23.984 28.280 31.433 33.670 30.457 40.573 42.014 40.351 44.117 41.560 40.281 39.109 36.307 31.759 26.414
-999.250 -999.250 -999.250 -999.250 -999.250 -999.250 -999.250 -999.250 -999.250 -999.250 -999.250 -999.250 -999.250 -999.250 -999.250 -999.250 -999.250 -999.250 -999.250 -999.250 -999.250 -999.250 -999.250 -999.250 -999.250 -999.250 -999.250 -999.250 3.189 2.376 2.405 3.153 6.359 4.197 4.009 4.004 4.476 4.626 4.595 2.953 3.760 5.533 4.276 9.126 8.893 10.654 8.641 8.262 7.535 12.897 13.132 12.123 13.717 16.080 22.034 24.305 22.828 27.637 30.449 33.703 42.567 32.348 33.313 32.139 31.390 33.011 30.209 23.360 20.328
-999.250 -999.250 -999.250 -999.250 -999.250 -999.250 -999.250 -999.250 -999.250 -999.250 -999.250 -999.250 -999.250 -999.250 -999.250 -999.250 -999.250 -999.250 -999.250 -999.250 -999.250 -999.250 -999.250 -999.250 -999.250 -999.250 -999.250 2.746 2.063 2.621 0.000 0.984 3.361 3.232 2.099 5.062 3.270 2.620 2.264 0.658 0.000 1.326 4.533 6.731 7.974 8.097 6.654 8.996 10.018 8.052 10.845 10.993 12.965 13.099 22.585 20.083 23.055 23.815 28.548 33.008 36.961 32.412 28.980 32.674 30.617 24.157 23.560 24.562 15.788
-999.250 -999.250 -999.250 -999.250 -999.250 -999.250 -999.250 -999.250 -999.250 -999.250 -999.250 -999.250 -999.250 -999.250 -999.250 -999.250 -999.250 -999.250 -999.250 -999.250 -999.250 -999.250 -999.250 -999.250 -999.250 -999.250 -999.250 2.252 0.044 0.583 0.000 0.728 2.480 3.746 5.003 2.897 5.368 3.599 3.963 2.060 0.969 3.683 3.710 5.805 7.953 6.754 8.200 7.468 7.757 10.580 11.577 11.376 13.045 15.375 17.392 20.906 21.164 24.653 30.665 28.255 26.217 31.747 29.188 26.329 28.644 24.128 22.184 16.862 13.814
-999.250 -999.250 -999.250 -999.250 -999.250 -999.250 -999.250 -999.250 -999.250 -999.250 -999.250 -999.250 -999.250 -999.250 -999.250 -999.250 -999.250 -999.250 -999.250 -999.250 -999.250 -999.250 -999.250 -999.250 -999.250 -999.250 -999.250 2.002 1.300 0.621 0.000 0.000 1.375 0.107 2.477 4.903 3.574 1.686 6.119 4.193 2.074 4.196 5.104 6.358 6.120 7.975 8.463 9.312 7.713 7.268 7.840 12.123 11.488 12.123 12.956 15.381 18.967 25.021 23.723 28.317 28.469 25.114 23.277 22.595 20.155 22.647 18.942 15.297 17.879
-999.250 -999.250 -999.250 -999.250 -999.250 -999.250 -999.250 -999.250 -999.250 -999.250 -999.250 -999.250 -999.250 -999.250 -999.250 -999.250 -999.250 -999.250 -999.250 -999.250 -999.250 -999.250 -999.250 -999.250 -999.250 -999.250 -999.250 2.802 1.643 0.704 0.409 0.503 1.761 2.011 2.670 3.578 4.609 3.274 3.667 6.091 5.110 3.281 5.423 7.279 9.261 8.929 10.739 9.579 9.200 7.760 7.902 10.828 9.155 8.046 11.970 16.796 21.318 21.188 31.693 32.907 20.881 22.209 20.992 19.479 22.240 16.313 15.855 14.553 14.951
-999.250 -999.250 -999.250 -999.250 -999.250 -999.250 -999.250 -999.250 -999.250 -999.250 -999.250 -999.250 -999.250 -999.250 -999.250 -999.250 -999.250 -999.250 -999.250 -999.250 -999.250 -999.250 -999.250 -999.250 -999.250 -999.250 -999.250 2.313 2.433 1.359 1.958 1.228 2.123 5.018 1.809 2.038 2.994 1.668 3.648 3.338 6.051 3.954 5.650 9.461 10.309 8.508 6.846 9.950 9.729 8.172 7.697 9.250 6.089 6.418 12.073 15.679 19.927 21.900 24.223 24.289 19.739 20.462 21.095 21.522 21.013 16.534 16.522 14.626 14.194
-999.250 -999.250 -999.250 -999.250 -999.250 -999.250 -999.250 -999.250 -999.250 -999.250 -999.250 -999.250 -999.250 -999.250 -999.250 -999.250 -999.250 -999.250 -999.250 -999.250 -999.250 -999.250 -999.250 -999.250 -999.250 -999.250 -999.250 2.149 3.462 1.701 2.326 2.159 1.644 3.021 2.542 3.244 2.899 5.898 4.230 4.744 5.391 2.863 4.475 5.883 7.553 8.871 7.998 8.804 7.036 6.856 5.722 7.662 7.974 8.576 14.098 14.607 19.949 16.947 21.004 20.021 20.238 21.056 21.467 19.971 18.957 18.263 14.290 14.386 10.935
-999.250 -999.250 -999.250 -999.250 -999.250 -999.250 -999.250 -999.250 -999.250 -999.250 -999.250 -999.250 -999.250 -999.250 -999.250 -999.250 -999.250 -999.250 -999.250 -999.250 -999.250 -999.250 -999.250 -999.250 -999.250 -999.250 2.177 4.073 4.317 3.351 4.051 2.560 1.448 1.760 2.796 2.732 4.165 6.514 3.263 4.958 6.525 4.615 6.488 3.856 8.291 7.938 8.607 7.649 8.212 7.834 8.299 8.853 9.823 10.104 15.417 16.566 19.813 21.784 26.123 19.576 21.210 21.506 24.392 21.112 20.050 17.530 14.392 12.290 8.289
-999.250 -999.250 -999.250 -999.250 -999.250 -999.250 -999.250 -999.250 -999.250 -999.250 -999.250 -999.250 -999.250 -999.250 -999.250 -999.250 -999.250 -999.250 -999.250 -999.250 -999.250 -999.250 -999.250 -999.250 -999.250 -999.250 2.713 2.057 3.851 4.306 2.752 3.508 2.733 2.619 3.447 2.804 4.403 7.157 2.447 2.555 4.325 5.779 7.428 5.961 9.342 9.547 7.229 8.272 6.998 8.913 6.762 8.805 10.759 12.219 18.786 16.384 20.460 19.008 17.847 22.504 23.189 22.859 25.854 22.984 21.252 16.811 13.470 10.111 8.861
-999.250 -999.250 -999.250 -999.250 -999.250 -999.250 -999.250 -999.250 -999.250 -999.250 -999.250 -999.250 -999.250 -999.250 -999.250 -999.250 -999.250 -999.250 -999.250 -999.250 -999.250 -999.250 -999.250 -999.250 -999.250 1.179 2.691 3.843 3.438 1.535 4.222 2.028 2.539 2.320 3.209 4.035 5.880 5.339 4.478 2.727 4.054 5.407 6.025 8.305 8.597 9.091 9.986 6.879 7.294 6.242 7.205 6.960 8.602 13.635 13.196 14.699 16.524 22.248 20.990 18.268 20.234 24.508 23.135 21.528 22.597 16.211 15.082 13.242 9.792
-999.250 -999.250 -999.250 -999.250 -999.250 -999.250 -999.250 -999.250 -999.250 -999.250 -999.250 -999.250 -999.250 -999.250 -999.250 -999.250 -999.250 -999.250 -999.250 -999.250 -999.250 -999.250 -999.250 -999.250 -999.250 1.076 0.919 0.292 4.531 3.508 2.600 2.580 1.760 1.388 1.056 4.026 5.616 6.880 4.554 5.680 6.110 7.088 8.600 9.136 8.921 12.480 13.169 10.610 10.957 8.021 6.309 5.768 6.586 10.804 12.425 16.267 16.236 19.578 20.798 22.501 23.063 25.731 27.614 26.113 21.773 19.818 17.079 15.304 10.062
-999.250 -999.250 -999.250 -999.250 -999.250 -999.250 -999.250 -999.250 -999.250 -999.250 -999.250 -999.250 -999.250 -999.250 -999.250 -999.250 -999.250 -999.250 -999.250 -999.250 -999.250 -999.250 -999.250 -999.250 -999.250 0.000 1.762 2.795 4.034 4.415 4.269 1.209 1.368 1.215 0.949 2.976 3.974 3.637 5.665 4.427 7.939 6.954 9.694 8.249 14.230 16.369 16.131 13.178 9.828 6.235 2.760 4.231 9.279 10.134 11.958 14.777 14.287 18.897 20.419 24.820 23.349 25.881 27.658 22.033 23.192 22.021 19.274 14.009 9.907
-999.250 -999.250 -999.250 -999.250 -999.250 -999.250 -999.250 -999.250 -999.250 -999.250 -999.250 -999.250 -999.250 -999.250 -999.250 -999.250 -999.250 -999.250 -999.250 -999.250 -999.250 -999.250 -999.250 -999.250 0.000 0.157 0.778 3.350 3.980 4.577 1.798 1.762 1.873 1.483 0.000 1.880 2.213 3.977 5.462 5.444 6.094 9.861 8.593 11.552 16.620 18.891 21.966 16.638 12.985 6.544 4.856 5.114 7.157 11.908 11.239 16.822 16.083 21.448 22.026 23.657 20.951 23.017 20.468 22.435 18.656 20.135 14.967 11.154 8.899
