data/medianmodel_10-Jan-2021.asc
ncols	141
nrows	288
xllcorner	-120191.398
yllcorner	-301404.813
cellsize	2000.000
NODATA_value	-999.250
[rows 29 to 57 of 288, columns 64 to 127 of 141]
1018.013 1042.973 1128.217 1077.352 1178.348 1176.421 1206.329 1241.944 1287.443 1291.369 1257.251 1261.158 1308.686 1320.547 1281.399 1272.893 1229.951 1223.238 1189.958 1164.879 1078.832 1062.101 1048.828 974.011 968.405 934.972 918.020 908.712 880.717 889.303 924.551 864.329 826.718 794.048 779.906 776.063 804.844 809.547 873.763 877.661 949.408 954.341 1056.098 1106.385 1120.884 1098.844 1159.934 1204.286 1199.277 1178.688 1203.705 1182.295 1165.601 1188.555 1156.817 1142.395 1160.871 1173.249 1194.155 1177.847 1231.491 1217.468 1226.226 1254.000
964.931 991.974 1050.389 1025.704 1092.891 1141.053 1162.121 1184.932 1210.350 1225.212 1220.257 1258.034 1193.340 1270.095 1221.400 1172.365 1122.470 1100.612 1081.512 996.802 987.802 1007.220 975.639 913.190 917.966 917.866 888.226 879.036 856.643 852.232 854.720 807.742 775.285 767.205 762.052 766.746 792.810 821.863 854.990 907.370 967.939 1013.311 1101.181 1174.943 1236.782 1203.372 1244.433 1202.940 1225.770 1222.541 1214.367 1202.769 1195.238 1225.823 1248.258 1209.907 1154.042 1250.102 1240.063 1241.276 1254.147 1253.463 1283.061 1317.425
906.603 930.201 955.928 986.518 986.781 1045.846 1154.039 1202.138 1257.456 1215.802 1210.163 1189.798 1098.613 1166.888 1134.604 1100.278 996.248 963.775 939.958 898.955 876.571 879.499 874.963 886.294 876.897 858.032 833.613 808.189 794.089 817.123 784.458 755.538 738.839 715.677 728.847 744.697 782.768 815.157 866.232 920.145 986.975 1102.419 1182.679 1223.960 1279.864 1253.669 1312.965 1277.792 1281.071 1254.570 1291.859 1315.641 1235.476 1281.769 1284.068 1290.768 1282.428 1251.506 1313.410 1281.473 1317.944 1352.472 1392.091 1468.052
863.993 885.610 926.448 981.468 998.239 1009.915 1085.562 1164.869 1191.564 1191.526 1182.041 1157.612 1091.356 1093.329 1033.682 974.878 928.480 895.965 885.800 820.855 818.503 828.457 821.799 826.886 823.854 807.303 802.071 767.191 773.106 741.975 731.903 704.879 693.385 635.975 636.961 684.713 730.307 766.178 845.864 918.708 1032.408 1170.027 1269.999 1299.598 1360.814 1373.977 1337.085 1405.490 1331.480 1302.345 1333.984 1332.894 1299.199 1343.845 1331.707 1305.312 1344.269 1348.428 1356.251 1375.595 1442.510 1521.153 1614.386 1703.645
862.328 873.869 906.875 932.537 941.879 1027.923 1085.340 1122.305 1156.558 1194.021 1154.626 1087.714 1058.692 989.034 956.890 939.480 868.573 843.669 816.900 775.857 759.904 767.813 740.113 737.165 717.405 729.224 743.082 725.807 724.560 714.128 684.943 640.072 596.374 576.310 570.056 611.246 705.351 742.783 817.543 900.438 1002.334 1135.910 1244.009 1403.791 1550.014 1475.538 1407.992 1347.717 1333.809 1320.951 1347.387 1371.300 1344.186 1397.748 1410.750 1351.178 1445.494 1471.412 1404.993 1554.541 1621.168 1650.668 1758.613 1885.698
844.638 869.964 872.998 919.235 925.982 954.972 984.679 1057.797 1127.126 1163.564 1145.279 1104.374 997.653 951.716 914.926 875.538 846.268 769.543 743.891 710.553 690.680 707.937 707.339 663.330 628.019 642.525 669.725 675.408 635.499 626.400 623.236 613.375 556.914 544.183 504.758 565.496 643.906 704.561 777.962 878.854 974.674 1125.850 1253.634 1319.768 1420.778 1412.137 1390.684 1372.877 1336.689 1307.802 1383.770 1396.171 1502.569 1434.617 1476.469 1468.761 1667.782 1648.836 1664.206 1587.216 1813.545 1889.324 1995.459 2163.130
837.688 853.610 871.213 877.725 908.669 935.298 1001.442 1014.659 1054.715 1076.273 1090.980 1040.385 956.361 934.941 883.985 833.891 774.140 719.003 648.658 655.373 630.018 625.766 646.268 632.607 637.453 582.483 580.246 589.228 592.173 580.589 569.213 556.954 519.877 503.853 480.594 530.309 574.020 703.338 759.685 852.862 940.133 1059.705 1172.965 1294.730 1273.795 1293.357 1363.971 1361.688 1419.930 1369.531 1313.719 1377.981 1515.800 1724.541 1572.823 1737.304 1676.309 1791.448 1716.617 1689.818 1924.771 1986.655 2053.393 2233.186
842.384 857.233 885.319 891.530 927.441 933.484 965.537 975.592 1013.056 1081.912 1011.328 966.897 892.993 874.273 824.942 769.838 739.888 688.252 611.385 603.868 591.365 590.342 612.070 578.678 562.902 570.931 578.099 557.274 536.939 530.590 507.972 509.536 495.795 478.055 492.878 473.476 554.445 666.456 749.502 830.303 908.553 974.639 1117.393 1181.660 1242.812 1242.922 1271.765 1308.962 1324.818 1328.651 1413.718 1424.721 1576.512 1732.632 1769.099 1895.809 1866.742 1824.109 1916.607 1966.150 2142.058 2116.155 2178.269 2377.372
869.399 877.087 907.153 880.837 916.671 901.274 926.533 965.710 995.896 1018.699 949.006 904.092 853.238 837.810 769.305 725.851 687.275 628.664 596.011 594.768 579.271 566.067 580.873 581.501 578.878 567.013 536.549 527.878 508.748 502.050 481.776 492.212 464.611 451.066 482.070 511.430 539.032 614.548 727.605 814.546 886.537 939.592 1029.542 1120.148 1131.608 1253.163 1282.766 1311.459 1295.454 1346.927 1406.104 1455.610 1654.759 1812.841 1882.806 1954.065 2060.394 1998.764 2029.151 2015.532 2188.599 2225.784 2342.446 2388.924
896.477 895.812 893.516 905.958 911.259 921.608 913.143 950.222 973.375 930.971 907.860 859.193 810.847 751.153 748.652 686.256 674.957 631.672 600.015 592.817 551.831 587.543 577.742 582.519 588.862 569.707 544.999 508.942 510.987 494.481 468.399 460.647 455.202 471.576 496.178 534.533 560.158 653.589 729.697 840.561 853.028 915.491 955.560 1038.725 1126.765 1160.521 1251.943 1305.259 1326.739 1335.018 1376.496 1503.844 1727.284 1736.688 1790.883 1976.652 2023.796 2059.676 2028.793 2173.001 2306.723 2417.666 2513.167 2560.606
915.379 888.667 914.140 911.371 881.666 889.417 897.050 891.110 907.312 922.434 876.113 827.663 790.188 733.158 712.838 695.404 675.505 611.409 589.264 577.311 577.449 592.093 607.599 589.387 592.509 577.420 538.892 532.936 519.698 503.196 468.640 476.577 484.185 496.992 495.331 550.109 613.528 649.989 744.763 802.599 863.152 896.968 936.414 973.940 1058.621 1117.646 1209.465 1215.837 1232.651 1339.839 1390.778 1529.498 1802.105 1742.041 1967.983 2061.540 2138.673 2209.769 2124.320 2175.076 2397.556 2592.908 2538.479 2569.862
922.776 885.828 919.957 925.013 895.820 876.519 856.390 875.660 883.091 846.205 826.980 814.380 777.735 722.851 698.702 719.605 692.921 622.576 570.937 620.761 619.154 620.883 592.159 601.517 622.369 573.606 538.139 502.992 503.808 518.039 480.991 475.938 504.809 508.349 543.694 557.248 610.048 696.035 753.637 788.579 835.674 837.750 889.530 923.131 974.030 998.732 1078.256 1139.313 1268.542 1320.024 1387.515 1577.259 1835.400 1807.285 1997.188 2119.650 2146.502 2211.119 2205.941 2354.219 2253.244 2486.646 2480.827 2710.617
905.930 885.673 897.390 921.394 906.098 886.344 853.838 868.197 838.417 823.103 799.871 779.820 753.713 731.656 706.092 698.033 647.862 616.629 617.902 620.851 616.116 647.159 621.495 588.833 622.540 582.842 533.368 522.160 483.391 490.275 471.636 503.043 531.731 534.030 572.045 617.112 663.988 716.516 749.521 818.529 800.128 789.724 829.413 873.902 903.931 942.114 997.568 1106.145 1163.896 1315.190 1332.565 1540.593 1699.844 1715.293 1925.290 2109.996 2165.078 2225.180 2260.770 2285.248 2351.289 2355.579 2590.802 2704.806
901.413 897.848 899.153 867.523 865.630 858.801 834.470 836.411 831.032 787.824 771.749 731.326 741.695 746.508 736.540 705.506 660.881 644.695 678.658 663.584 631.380 643.962 679.896 668.663 634.031 592.708 556.031 533.433 507.859 476.842 473.137 502.768 511.408 571.644 610.228 667.849 722.289 738.774 744.243 792.465 765.030 790.785 779.353 800.256 840.619 878.747 934.379 979.458 1143.896 1225.498 1249.556 1506.433 1717.413 1747.144 1998.993 2107.340 2243.641 2330.251 2333.644 2299.748 2259.385 2368.070 2602.923 2757.028
916.598 911.716 905.528 882.920 871.166 853.683 835.843 854.699 816.923 799.190 747.821 767.164 739.753 756.694 762.268 724.001 644.929 661.447 682.558 667.592 659.813 676.035 672.657 686.823 658.802 627.824 552.055 542.987 526.499 485.996 493.603 493.595 517.172 552.608 651.898 721.984 727.346 768.538 781.434 773.473 751.657 747.730 752.902 765.493 770.957 813.187 873.943 923.841 1079.260 1168.062 1270.417 1376.303 1640.431 1709.162 1902.097 2121.537 2122.830 2247.539 2301.260 2288.060 2336.438 2324.082 2458.180 2762.529
915.439 878.052 883.887 855.909 847.355 851.222 838.569 815.452 792.228 772.534 779.944 755.610 750.962 754.218 727.960 712.227 659.033 631.740 667.106 715.013 702.562 691.851 720.352 726.976 729.198 629.572 600.774 550.464 539.808 489.156 478.646 476.656 524.727 575.222 603.013 703.651 744.704 786.175 787.477 761.722 776.507 727.485 695.201 699.221 715.867 773.842 831.926 894.220 973.422 1142.922 1234.943 1310.970 1484.153 1636.881 1880.192 2056.030 2211.466 2213.242 2250.014 2326.758 2428.956 2405.900 2607.422 2645.945
885.293 873.903 869.459 853.061 831.891 805.252 823.275 802.886 774.181 806.929 800.307 779.048 785.971 784.986 750.726 726.095 667.489 663.468 698.673 707.719 709.967 732.604 750.878 752.436 742.556 687.790 602.636 562.660 485.844 472.571 452.364 461.058 509.524 537.154 600.852 689.890 772.783 796.782 791.493 768.130 730.737 703.997 655.521 617.317 643.528 728.238 781.536 857.887 912.806 1058.132 1170.434 1240.448 1360.179 1580.263 1819.105 2048.478 2204.481 2254.218 2291.709 2237.434 2298.831 2349.623 2649.381 2605.544
884.296 855.362 858.780 848.191 826.872 799.366 821.552 808.924 807.217 798.904 830.027 804.466 820.624 825.411 774.716 758.220 724.748 706.302 737.661 708.890 751.492 782.716 819.260 816.413 809.983 743.261 641.299 546.102 473.131 453.471 422.717 405.677 435.495 508.501 600.802 704.615 757.970 812.120 806.715 750.997 680.533 640.079 593.670 588.604 600.735 637.556 701.486 780.519 851.976 942.822 1028.682 1208.794 1266.779 1405.076 1751.500 1828.035 2027.808 2135.238 2146.224 2200.337 2201.873 2288.117 2327.251 2396.233
842.018 820.485 818.335 819.636 799.332 822.422 834.010 838.802 845.912 840.739 867.555 853.810 871.009 846.000 804.887 798.807 764.557 759.217 736.123 740.351 771.421 810.182 858.540 863.511 884.706 796.193 693.361 580.259 481.988 408.271 325.980 309.076 331.825 452.572 540.865 638.351 728.400 860.357 766.851 695.816 611.490 571.276 549.349 545.736 527.758 556.199 600.948 688.971 787.252 891.068 969.125 1086.125 1232.808 1308.277 1541.915 1647.481 1819.057 2017.570 2021.377 2099.940 2145.864 2171.644 2255.768 2341.259
825.447 807.922 797.804 794.237 792.139 809.556 846.951 851.534 857.587 848.082 888.534 901.393 919.976 889.519 845.522 849.569 813.916 784.028 758.651 785.246 818.415 823.317 855.919 883.594 869.757 815.750 705.255 577.543 480.391 371.158 259.613 210.592 245.213 351.500 477.794 529.350 628.393 687.100 631.574 566.492 517.674 499.672 464.597 465.792 483.748 517.173 545.447 580.926 695.480 767.938 834.832 936.526 1083.158 1200.364 1292.299 1470.195 1593.121 1840.269 1874.873 1947.961 1977.458 2143.829 2136.064 2191.235
790.386 778.904 755.371 735.061 773.494 806.862 847.505 866.146 895.725 895.055 918.043 964.305 958.143 917.107 895.346 873.988 865.149 813.825 785.047 777.290 833.360 850.275 864.924 895.155 868.947 833.318 753.291 556.583 460.616 321.227 227.134 123.544 197.000 259.224 335.803 461.265 511.493 532.105 530.777 488.629 448.400 421.435 392.761 389.696 437.183 401.391 482.083 531.164 615.138 709.415 757.019 819.830 920.886 990.396 1208.269 1294.074 1381.417 1520.358 1785.966 -999.250 1941.971 1960.955 -999.250 -999.250
764.976 739.506 704.626 731.767 762.520 818.639 858.034 895.379 923.512 962.214 987.512 1000.179 1006.679 998.310 938.375 919.424 903.234 880.080 851.996 856.004 884.351 910.122 921.813 941.166 889.306 855.479 750.099 629.032 519.449 365.044 239.881 186.511 195.813 217.987 274.481 335.503 411.202 444.419 441.276 396.954 344.975 341.273 278.983 300.560 300.838 301.221 367.267 469.909 514.876 593.829 630.085 719.646 812.447 899.343 1009.476 1224.256 1292.201 -999.250 -999.250 -999.250 -999.250 -999.250 -999.250 -999.250
728.606 719.723 688.294 683.149 699.919 751.223 829.409 882.875 952.301 1033.858 1075.576 1155.552 1181.803 1099.370 1040.433 979.408 964.979 934.117 926.379 935.726 953.656 971.068 975.779 979.236 949.255 907.230 813.867 701.483 581.374 455.800 291.889 223.282 216.459 210.756 220.079 283.781 327.697 306.949 313.705 301.232 228.926 215.347 218.969 234.634 243.362 244.715 287.804 387.575 436.308 484.619 541.097 623.607 711.481 828.915 922.716 1020.633 -999.250 -999.250 -999.250 -999.250 -999.250 -999.250 -999.250 -999.250
718.998 703.558 635.771 614.468 604.890 626.106 752.255 888.321 986.709 1158.894 1151.690 1300.370 1271.935 1242.533 1156.548 1108.418 1058.408 988.098 984.386 979.711 1056.465 1135.381 1084.121 1077.107 1089.120 1017.529 908.033 784.568 683.505 503.273 346.221 258.487 235.707 219.115 218.418 247.329 248.331 266.539 235.823 210.854 182.579 182.405 189.068 207.616 216.924 239.606 270.521 300.014 312.674 362.310 428.928 504.814 588.886 713.383 832.172 897.790 -999.250 -999.250 -999.250 -999.250 -999.250 -999.250 -999.250 -999.250
652.350 641.529 594.330 567.322 519.255 523.392 613.533 797.922 1021.488 1326.310 1775.185 1597.760 1395.128 1300.015 1272.407 1202.287 1107.034 1053.716 1016.592 1015.944 1084.570 1161.409 1154.983 1209.098 1170.371 1165.990 981.940 858.569 741.052 556.641 439.066 290.991 249.783 224.696 214.479 230.439 263.031 268.343 243.253 213.035 155.945 184.543 204.490 213.215 199.548 234.174 218.022 239.973 237.597 259.510 324.608 421.721 478.703 591.010 706.887 -999.250 -999.250 -999.250 -999.250 -999.250 -999.250 -999.250 -999.250 -999.250
633.128 612.641 588.212 515.898 445.752 439.905 428.860 731.779 990.268 1312.178 1556.200 1596.452 1576.307 1330.260 1302.332 1252.123 1173.148 1134.352 1091.222 1112.898 1165.379 1177.845 1200.657 1260.036 1306.506 1278.988 1180.875 954.502 786.648 619.368 486.637 349.373 261.649 237.003 259.636 262.614 331.784 316.270 286.253 258.132 234.709 227.222 233.524 248.756 234.964 251.110 246.289 232.422 226.784 221.694 241.470 270.195 358.730 498.183 -999.250 -999.250 -999.250 -999.250 -999.250 -999.250 -999.250 -999.250 -999.250 -999.250
583.503 567.818 586.729 472.556 407.646 365.085 494.284 726.856 961.241 1233.994 1359.430 1419.805 1376.340 1367.646 1286.633 1245.723 1146.648 1092.024 1154.613 1177.829 1223.034 1267.913 1266.956 1298.597 1307.154 1459.649 1253.772 1004.763 813.328 656.034 501.164 408.819 317.625 288.070 273.235 369.361 454.557 449.371 460.009 394.825 369.059 360.746 319.028 328.664 372.093 315.198 301.942 243.858 237.655 216.219 214.177 223.622 289.787 449.911 -999.250 -999.250 -999.250 -999.250 -999.250 -999.250 -999.250 -999.250 -999.250 -999.250
547.599 516.757 471.274 364.211 295.783 372.264 527.617 752.516 956.234 1163.771 1312.349 1318.324 1351.777 1359.300 1236.588 1134.106 1142.437 1174.386 1187.039 1243.163 1235.406 1278.467 1283.038 1322.936 1346.019 1287.700 1209.369 969.216 826.869 623.151 526.933 470.570 403.345 340.533 396.310 472.499 525.003 586.107 569.489 520.151 491.684 497.896 494.602 459.410 475.383 473.401 417.633 326.866 293.940 221.716 213.071 205.914 268.097 -999.250 -999.250 -999.250 -999.250 -999.250 -999.250 -999.250 -999.250 -999.250 -999.250 -999.250
507.663 469.900 433.853 296.995 246.621 414.535 549.168 760.492 929.061 1164.892 1262.087 1298.740 1317.638 1259.105 1238.194 1144.046 1175.358 1205.935 1178.167 1261.318 1270.735 1262.238 1288.056 1257.423 1260.978 1201.773 1124.017 913.138 770.030 625.770 547.151 452.626 410.671 408.681 445.789 517.812 624.956 768.876 701.731 625.520 603.950 621.893 611.391 621.951 588.606 592.358 499.455 495.167 435.662 355.036 237.346 181.928 318.895 -999.250 -999.250 -999.250 -999.250 -999.250 -999.250 -999.250 -999.250 -999.250 -999.250 -999.250
