data/medianmodel_15-Nov-2020.asc
ncols	141
nrows	288
xllcorner	-120191.398
yllcorner	-301404.813
cellsize	2000.000
NODATA_value	-999.250
[rows 145 to 173 of 288, columns 65 to 129 of 141]
257.812 241.877 226.794 243.067 261.319 263.441 307.118 327.566 342.993 363.972 397.510 420.023 443.545 427.927 437.817 437.041 412.473 397.019 353.016 291.825 253.331 193.421 152.637 121.535 92.849 76.491 -999.250 -999.250 -999.250 -999.250 -999.250 -999.250 -999.250 -999.250 -999.250 -999.250 -999.250 -999.250 -999.250 -999.250 -999.250 -999.250 -999.250 -999.250 -999.250 -999.250 -999.250 -999.250 -999.250 -999.250 -999.250 -999.250 -999.250 -999.250 -999.250 -999.250 -999.250 -999.250 -999.250 -999.250 -999.250 -999.250 -999.250 -999.250 -999.250
257.116 243.909 232.533 234.485 237.886 238.064 288.049 341.027 367.456 372.298 360.108 397.935 437.009 451.337 426.446 424.337 423.770 366.816 342.691 312.990 254.253 191.409 152.137 117.159 91.563 65.354 57.445 -999.250 -999.250 -999.250 -999.250 -999.250 -999.250 -999.250 -999.250 -999.250 -999.250 -999.250 -999.250 -999.250 -999.250 -999.250 -999.250 -999.250 -999.250 -999.250 -999.250 -999.250 -999.250 -999.250 -999.250 -999.250 -999.250 -999.250 -999.250 -999.250 -999.250 -999.250 -999.250 -999.250 -999.250 -999.250 -999.250 -999.250 -999.250
264.790 236.131 220.719 212.317 199.359 238.822 287.898 315.192 328.599 356.392 364.490 398.081 417.665 424.018 446.687 424.145 399.629 379.963 330.285 311.586 255.993 197.396 165.525 127.495 73.651 43.999 42.797 -999.250 -999.250 -999.250 -999.250 -999.250 -999.250 -999.250 -999.250 -999.250 -999.250 -999.250 -999.250 -999.250 -999.250 -999.250 -999.250 -999.250 -999.250 -999.250 -999.250 -999.250 -999.250 -999.250 -999.250 -999.250 -999.250 -999.250 -999.250 -999.250 -999.250 -999.250 -999.250 -999.250 -999.250 -999.250 -999.250 -999.250 -999.250
256.505 247.910 219.428 202.042 153.233 234.574 271.477 306.501 329.068 328.017 385.077 406.446 435.159 441.185 428.281 426.531 372.177 362.352 315.393 262.354 239.135 207.135 159.722 118.478 66.751 0.000 44.178 56.537 70.145 65.511 -999.250 -999.250 -999.250 -999.250 -999.250 -999.250 -999.250 -999.250 -999.250 -999.250 -999.250 -999.250 -999.250 -999.250 -999.250 -999.250 -999.250 -999.250 -999.250 -999.250 -999.250 -999.250 -999.250 -999.250 -999.250 -999.250 -999.250 -999.250 -999.250 -999.250 -999.250 -999.250 -999.250 -999.250 -999.250
266.396 239.219 230.754 218.600 206.565 230.427 271.727 298.864 333.322 318.661 356.810 408.515 378.677 400.368 406.109 375.712 368.987 352.781 313.018 310.303 256.301 221.022 170.608 146.171 93.884 61.293 72.070 71.539 78.027 94.092 99.278 -999.250 -999.250 -999.250 -999.250 -999.250 -999.250 -999.250 -999.250 -999.250 -999.250 -999.250 -999.250 -999.250 -999.250 -999.250 -999.250 -999.250 -999.250 -999.250 -999.250 -999.250 -999.250 -999.250 -999.250 -999.250 -999.250 -999.250 -999.250 -999.250 -999.250 -999.250 -999.250 -999.250 -999.250
290.365 277.317 254.002 244.861 244.724 263.890 270.395 299.746 327.566 347.070 368.663 416.043 398.168 395.358 391.208 388.541 374.360 344.457 329.361 310.807 270.533 235.415 206.469 168.673 136.393 102.389 101.273 100.592 97.345 104.592 -999.250 -999.250 -999.250 -999.250 -999.250 -999.250 -999.250 -999.250 -999.250 -999.250 -999.250 -999.250 -999.250 -999.250 -999.250 -999.250 -999.250 -999.250 -999.250 -999.250 -999.250 -999.250 -999.250 -999.250 -999.250 -999.250 -999.250 -999.250 -999.250 -999.250 -999.250 -999.250 -999.250 -999.250 -999.250
321.736 289.113 280.577 261.157 252.416 257.082 286.483 320.730 330.376 334.475 366.349 403.369 359.869 365.732 347.352 374.706 374.126 359.483 322.549 299.489 314.421 263.677 254.140 208.562 160.238 150.146 121.193 114.480 126.769 116.378 -999.250 -999.250 -999.250 -999.250 -999.250 -999.250 -999.250 -999.250 -999.250 -999.250 -999.250 -999.250 -999.250 -999.250 -999.250 -999.250 -999.250 -999.250 -999.250 -999.250 -999.250 -999.250 -999.250 -999.250 -999.250 -999.250 -999.250 -999.250 -999.250 -999.250 -999.250 -999.250 -999.250 -999.250 -999.250
325.957 341.222 308.637 282.318 264.377 276.369 282.985 300.151 300.012 318.398 318.275 356.583 370.849 389.436 371.222 363.914 333.673 315.562 319.005 297.026 306.630 304.279 277.878 226.180 201.850 172.077 157.950 140.964 138.331 165.710 -999.250 -999.250 -999.250 -999.250 -999.250 -999.250 -999.250 -999.250 -999.250 -999.250 -999.250 -999.250 -999.250 -999.250 -999.250 -999.250 -999.250 -999.250 -999.250 -999.250 -999.250 -999.250 -999.250 -999.250 -999.250 -999.250 -999.250 -999.250 -999.250 -999.250 -999.250 -999.250 -999.250 -999.250 -999.250
325.058 312.128 325.558 279.714 294.707 265.814 278.679 296.379 319.886 331.052 325.149 356.550 389.203 382.604 368.103 360.633 346.377 340.246 349.638 323.208 351.793 380.094 331.809 277.226 247.215 199.217 170.656 150.468 149.963 183.350 -999.250 -999.250 -999.250 -999.250 -999.250 -999.250 -999.250 -999.250 -999.250 -999.250 -999.250 -999.250 -999.250 -999.250 -999.250 -999.250 -999.250 -999.250 -999.250 -999.250 -999.250 -999.250 -999.250 -999.250 -999.250 -999.250 -999.250 -999.250 -999.250 -999.250 -999.250 -999.250 -999.250 -999.250 -999.250
347.825 363.654 337.703 313.768 312.990 305.720 291.878 288.881 311.292 321.056 340.938 346.896 357.078 354.667 351.627 348.436 386.926 374.078 362.624 358.414 357.141 356.116 352.777 356.678 291.765 247.628 216.408 133.112 175.485 204.307 -999.250 -999.250 -999.250 -999.250 -999.250 -999.250 -999.250 -999.250 -999.250 -999.250 -999.250 -999.250 -999.250 -999.250 -999.250 -999.250 -999.250 -999.250 -999.250 -999.250 -999.250 -999.250 -999.250 -999.250 -999.250 -999.250 -999.250 -999.250 -999.250 -999.250 -999.250 -999.250 -999.250 -999.250 -999.250
368.177 334.093 306.432 315.992 321.384 307.065 299.508 281.862 286.730 321.067 306.333 323.998 361.718 352.898 364.633 376.938 368.184 398.408 363.704 373.594 358.390 370.644 420.211 362.308 359.728 341.530 293.228 239.777 234.766 258.245 -999.250 -999.250 -999.250 -999.250 -999.250 -999.250 -999.250 -999.250 -999.250 -999.250 -999.250 -999.250 -999.250 -999.250 -999.250 -999.250 -999.250 -999.250 -999.250 -999.250 -999.250 -999.250 -999.250 -999.250 -999.250 -999.250 -999.250 -999.250 -999.250 -999.250 -999.250 -999.250 -999.250 -999.250 -999.250
361.851 323.853 306.314 297.436 341.509 297.532 307.075 302.594 296.705 301.846 298.292 301.355 334.419 307.199 360.662 377.616 381.044 367.672 382.101 401.238 388.577 423.256 427.784 434.596 412.018 414.452 377.900 364.507 299.658 309.879 284.418 -999.250 -999.250 -999.250 -999.250 -999.250 -999.250 -999.250 -999.250 -999.250 -999.250 -999.250 -999.250 -999.250 -999.250 -999.250 -999.250 -999.250 -999.250 -999.250 -999.250 -999.250 -999.250 -999.250 -999.250 -999.250 -999.250 -999.250 -999.250 -999.250 -999.250 -999.250 -999.250 -999.250 -999.250
360.019 333.624 305.936 279.094 296.863 290.995 317.741 304.424 317.102 290.752 289.342 345.816 334.685 339.696 335.090 371.929 390.133 390.251 415.103 418.237 417.718 440.223 455.736 452.021 454.676 464.761 471.377 433.500 396.621 345.667 346.270 337.560 -999.250 -999.250 -999.250 -999.250 -999.250 -999.250 -999.250 -999.250 -999.250 -999.250 -999.250 -999.250 -999.250 -999.250 -999.250 -999.250 -999.250 -999.250 -999.250 -999.250 -999.250 -999.250 -999.250 -999.250 -999.250 -999.250 -999.250 -999.250 -999.250 -999.250 -999.250 -999.250 -999.250
347.508 333.194 284.723 286.418 261.034 274.692 280.940 300.910 307.383 264.232 269.023 300.476 299.662 301.597 325.543 354.918 396.763 378.668 383.509 419.653 433.973 467.466 465.008 453.644 457.875 518.672 492.334 484.311 435.567 405.244 391.891 426.326 371.503 -999.250 -999.250 -999.250 -999.250 -999.250 -999.250 -999.250 -999.250 -999.250 -999.250 -999.250 -999.250 -999.250 -999.250 -999.250 -999.250 -999.250 -999.250 -999.250 -999.250 -999.250 -999.250 -999.250 -999.250 -999.250 -999.250 -999.250 -999.250 -999.250 -999.250 -999.250 -999.250
297.418 271.132 264.284 275.421 250.213 256.866 269.392 263.853 262.424 267.589 269.722 264.622 268.558 262.361 304.938 318.018 341.732 375.270 398.507 439.781 437.808 468.728 480.119 481.831 518.529 535.638 514.500 447.382 447.614 451.658 432.510 454.624 438.089 -999.250 -999.250 -999.250 -999.250 -999.250 -999.250 -999.250 -999.250 -999.250 -999.250 -999.250 -999.250 -999.250 -999.250 -999.250 -999.250 -999.250 -999.250 -999.250 -999.250 -999.250 -999.250 -999.250 -999.250 -999.250 -999.250 -999.250 -999.250 -999.250 -999.250 -999.250 -999.250
240.096 251.355 271.931 260.171 253.541 249.021 261.600 256.592 262.214 265.766 263.427 249.035 274.574 258.045 277.048 278.026 338.651 370.855 383.771 397.042 441.505 456.928 501.539 486.160 494.717 537.153 532.053 466.811 469.126 453.747 483.738 444.532 441.941 -999.250 -999.250 -999.250 -999.250 -999.250 -999.250 -999.250 -999.250 -999.250 -999.250 -999.250 -999.250 -999.250 -999.250 -999.250 -999.250 -999.250 -999.250 -999.250 -999.250 -999.250 -999.250 -999.250 -999.250 -999.250 -999.250 -999.250 -999.250 -999.250 -999.250 -999.250 -999.250
287.865 258.042 257.349 266.493 256.586 266.080 234.680 230.867 243.125 233.472 250.824 249.792 244.495 233.774 242.663 249.589 267.939 310.611 356.822 389.407 432.077 457.626 484.875 511.788 528.865 503.351 514.226 543.134 492.065 495.171 454.151 477.225 443.365 -999.250 -999.250 -999.250 -999.250 -999.250 -999.250 -999.250 -999.250 -999.250 -999.250 -999.250 -999.250 -999.250 -999.250 -999.250 -999.250 -999.250 -999.250 -999.250 -999.250 -999.250 -999.250 -999.250 -999.250 -999.250 -999.250 -999.250 -999.250 -999.250 -999.250 -999.250 -999.250
280.962 258.056 244.316 241.922 226.067 242.874 230.241 212.155 208.449 217.151 220.249 227.376 232.044 240.898 219.295 215.997 231.273 268.641 329.916 357.659 419.125 462.845 479.659 502.889 507.936 487.290 514.051 521.413 517.399 501.990 510.460 484.500 470.166 -999.250 -999.250 -999.250 -999.250 -999.250 -999.250 -999.250 -999.250 -999.250 -999.250 -999.250 -999.250 -999.250 -999.250 -999.250 -999.250 -999.250 -999.250 -999.250 -999.250 -999.250 -999.250 -999.250 -999.250 -999.250 -999.250 -999.250 -999.250 -999.250 -999.250 -999.250 -999.250
295.594 261.187 232.800 246.595 214.183 239.422 222.072 217.296 231.738 220.288 224.884 216.290 229.139 234.160 209.742 192.369 157.978 252.680 305.331 387.540 460.030 453.926 481.809 497.251 517.139 527.255 569.164 545.211 521.789 527.222 509.040 505.727 464.352 438.929 -999.250 -999.250 -999.250 -999.250 -999.250 -999.250 -999.250 -999.250 -999.250 -999.250 -999.250 -999.250 -999.250 -999.250 -999.250 -999.250 -999.250 -999.250 -999.250 -999.250 -999.250 -999.250 -999.250 -999.250 -999.250 -999.250 -999.250 -999.250 -999.250 -999.250 -999.250
306.163 267.966 267.251 236.111 240.950 237.194 227.476 221.007 215.619 210.109 216.431 199.711 201.463 203.353 192.439 212.431 213.330 249.796 331.034 399.361 470.437 500.063 503.122 500.042 539.849 524.755 557.028 545.197 524.883 513.117 526.684 483.792 490.814 459.603 455.107 -999.250 -999.250 -999.250 -999.250 -999.250 -999.250 -999.250 -999.250 -999.250 -999.250 -999.250 -999.250 -999.250 -999.250 -999.250 -999.250 -999.250 -999.250 -999.250 -999.250 -999.250 -999.250 -999.250 -999.250 -999.250 -999.250 -999.250 -999.250 -999.250 -999.250
346.095 256.918 245.418 253.544 242.228 239.654 221.022 219.434 197.211 214.366 193.462 197.594 197.892 189.481 195.473 211.874 251.269 276.206 359.210 433.775 466.175 510.694 532.472 473.044 554.306 582.830 601.007 538.313 560.202 552.291 539.169 521.290 507.900 476.390 482.583 457.964 439.326 417.792 -999.250 -999.250 -999.250 -999.250 -999.250 -999.250 -999.250 -999.250 -999.250 -999.250 -999.250 -999.250 -999.250 -999.250 -999.250 -999.250 -999.250 -999.250 -999.250 -999.250 -999.250 -999.250 -999.250 -999.250 -999.250 -999.250 -999.250
273.250 265.589 252.229 236.761 234.222 233.553 225.173 201.179 193.898 177.548 192.453 204.391 197.215 189.718 209.023 206.167 257.996 282.285 375.741 410.724 453.937 464.494 521.030 556.724 548.384 596.539 585.924 561.974 570.080 564.982 576.301 571.475 549.585 504.894 490.446 470.760 460.129 414.747 -999.250 -999.250 -999.250 -999.250 -999.250 -999.250 -999.250 -999.250 -999.250 -999.250 -999.250 -999.250 -999.250 -999.250 -999.250 -999.250 -999.250 -999.250 -999.250 -999.250 -999.250 -999.250 -999.250 -999.250 -999.250 -999.250 -999.250
298.188 292.023 256.105 256.423 251.045 215.091 207.495 214.081 190.989 174.649 184.695 194.418 202.649 189.923 204.701 232.873 260.646 316.500 352.490 412.671 448.772 509.151 559.975 538.241 582.279 637.144 709.618 647.009 603.316 603.789 563.360 567.638 563.399 505.514 490.463 481.477 476.736 -999.250 -999.250 -999.250 -999.250 -999.250 -999.250 -999.250 -999.250 -999.250 -999.250 -999.250 -999.250 -999.250 -999.250 -999.250 -999.250 -999.250 -999.250 -999.250 -999.250 -999.250 -999.250 -999.250 -999.250 -999.250 -999.250 -999.250 -999.250
316.223 296.178 255.145 249.012 239.639 219.716 216.114 210.639 206.426 204.087 174.745 196.866 208.462 203.857 200.374 230.730 255.288 306.124 358.648 394.726 463.319 504.076 555.470 583.884 556.195 625.121 667.486 694.470 633.083 638.118 599.117 596.560 558.246 543.183 531.830 495.703 473.037 -999.250 -999.250 -999.250 365.164 357.054 338.824 -999.250 -999.250 -999.250 -999.250 -999.250 -999.250 -999.250 -999.250 -999.250 -999.250 -999.250 -999.250 -999.250 -999.250 -999.250 -999.250 -999.250 -999.250 -999.250 -999.250 -999.250 -999.250
319.039 276.379 253.498 265.253 239.232 216.581 216.165 209.810 226.197 210.054 209.411 197.214 187.439 192.408 207.528 208.496 246.419 281.514 335.904 390.058 415.790 495.825 562.510 598.196 588.688 698.210 741.168 695.715 614.024 656.306 533.141 528.749 545.072 531.915 522.687 496.768 484.629 444.923 441.236 408.045 390.719 354.472 330.156 313.257 -999.250 -999.250 -999.250 -999.250 -999.250 -999.250 -999.250 -999.250 -999.250 -999.250 -999.250 -999.250 -999.250 -999.250 -999.250 -999.250 -999.250 -999.250 -999.250 -999.250 -999.250
312.139 276.729 258.096 259.842 218.797 164.822 197.107 205.373 214.007 227.213 202.358 199.958 182.941 198.581 194.136 168.124 227.544 279.834 343.886 387.514 423.391 476.182 537.370 596.781 639.179 663.416 630.561 638.193 625.794 599.872 576.147 526.931 527.839 521.970 500.925 499.533 469.016 442.530 440.477 404.653 410.310 357.057 304.801 298.666 263.317 -999.250 -999.250 -999.250 -999.250 -999.250 -999.250 -999.250 -999.250 -999.250 -999.250 -999.250 -999.250 -999.250 -999.250 -999.250 -999.250 -999.250 -999.250 -999.250 -999.250
361.805 298.889 282.387 254.744 239.453 212.719 203.779 217.429 220.431 223.591 206.672 213.599 226.296 220.315 208.177 221.951 239.664 297.893 349.148 419.424 453.579 492.432 521.395 612.699 604.725 668.453 719.507 636.876 663.543 623.707 559.680 588.005 548.295 523.119 509.386 473.398 477.280 427.123 443.640 388.653 376.340 352.073 314.545 290.676 279.599 -999.250 -999.250 -999.250 -999.250 -999.250 -999.250 -999.250 -999.250 -999.250 -999.250 -999.250 -999.250 -999.250 -999.250 -999.250 -999.250 -999.250 -999.250 -999.250 -999.250
353.072 280.440 265.471 272.296 245.362 233.171 231.724 225.842 217.964 229.161 228.083 211.474 222.931 238.460 231.907 255.927 275.113 324.128 394.564 425.973 447.384 509.121 543.367 571.199 575.230 668.394 705.882 671.880 696.957 627.694 577.781 569.288 535.772 517.972 512.688 464.438 439.459 445.059 425.710 373.756 365.610 346.949 324.006 287.060 304.289 -999.250 -999.250 -999.250 -999.250 -999.250 -999.250 -999.250 -999.250 -999.250 -999.250 -999.250 -999.250 -999.250 -999.250 -999.250 -999.250 -999.250 -999.250 -999.250 -999.250
345.309 292.619 252.750 266.621 258.582 242.676 222.091 233.797 230.193 237.670 237.224 217.260 247.512 251.170 257.233 280.653 306.983 315.021 407.713 431.918 481.790 513.778 525.745 575.166 524.085 577.001 612.941 626.683 658.852 581.190 583.120 553.743 531.092 484.825 484.695 422.432 446.101 402.457 393.498 391.681 348.905 337.069 294.990 274.424 264.089 244.186 -999.250 -999.250 -999.250 -999.250 -999.250 -999.250 -999.250 -999.250 -999.250 -999.250 -999.250 -999.250 -999.250 -999.250 -999.250 -999.250 -999.250 -999.250 -999.250
