data/medianmodel_01-Aug-2020.asc
ncols	141
nrows	288
xllcorner	-120191.398
yllcorner	-301404.813
cellsize	2000.000
NODATA_value	-999.250
[rows 186 to 216 of 288, columns 0 to 67 of 141]
56.269 52.003 48.607 55.079 57.836 61.522 64.664 75.926 81.442 86.867 83.845 89.296 88.896 79.734 76.262 67.716 62.328 60.751 -999.250 -999.250 -999.250 -999.250 -999.250 39.286 39.784 40.671 39.434 43.833 42.254 41.725 41.018 39.056 37.350 29.863 28.091 26.256 17.107 13.831 12.948 9.207 7.402 3.921 3.687 1.404 0.000 0.000 0.000 0.000 0.000 0.000 0.000 0.000 2.464 3.418 7.255 11.323 20.273 30.751 38.947 54.092 67.569 76.999 88.200 101.742 106.362 116.974 118.529 102.457
-999.250 53.705 54.103 54.783 55.312 58.039 64.543 73.465 78.695 83.085 82.704 84.859 96.140 83.531 69.515 64.537 65.263 55.550 -999.250 -999.250 -999.250 -999.250 35.233 30.382 29.113 31.915 29.919 27.677 30.355 29.195 29.689 28.624 25.065 23.090 22.918 16.454 12.828 10.365 10.671 7.406 7.069 5.622 3.426 0.986 0.000 0.000 0.000 0.000 0.000 0.000 0.000 0.000 0.207 4.858 6.976 12.508 22.145 34.572 46.819 51.793 69.898 79.131 85.876 102.471 125.266 144.342 124.653 117.023
-999.250 55.121 57.911 50.171 55.923 63.157 61.779 69.281 64.631 60.226 66.971 76.481 85.608 77.517 75.132 68.889 61.159 55.005 -999.250 -999.250 -999.250 31.444 -999.250 23.171 20.334 19.306 20.016 13.692 16.915 17.628 18.768 13.292 14.314 14.935 16.689 12.019 11.034 9.323 8.444 7.403 6.257 4.129 1.292 1.779 0.000 0.000 0.000 0.000 0.000 0.000 0.000 0.000 0.159 4.354 7.910 11.057 20.990 32.215 38.942 49.859 63.983 81.530 89.043 96.599 113.206 126.035 123.105 113.431
-999.250 52.051 55.482 56.241 62.923 61.384 62.324 66.088 62.415 55.108 56.067 67.755 70.885 69.422 65.727 60.515 56.205 -999.250 -999.250 -999.250 -999.250 32.837 22.784 19.220 19.223 12.886 9.490 7.409 6.978 8.312 9.585 10.162 10.069 11.353 12.670 11.544 9.542 7.279 7.146 6.097 4.357 2.409 1.445 0.000 0.000 0.000 0.000 0.000 0.000 0.000 0.000 0.000 0.000 0.858 5.675 10.984 15.916 31.710 49.590 50.818 63.493 75.600 89.472 103.222 105.679 115.159 112.606 99.130
-999.250 56.146 59.307 66.009 63.433 58.561 63.182 53.530 48.877 50.232 49.918 51.858 57.880 56.962 57.075 52.212 52.754 -999.250 -999.250 -999.250 37.229 34.371 26.035 20.128 12.140 8.987 5.189 0.006 0.000 0.238 3.779 4.730 7.095 6.668 10.593 9.602 9.261 7.930 6.524 5.542 3.547 0.842 0.000 0.000 0.000 0.000 0.000 0.000 0.000 0.000 0.000 0.000 0.000 0.000 3.195 7.778 15.814 23.014 39.908 52.925 60.795 69.262 75.769 88.578 98.291 100.663 99.823 98.968
-999.250 -999.250 -999.250 57.197 -999.250 -999.250 40.856 42.438 34.884 -999.250 -999.250 -999.250 48.811 48.262 -999.250 -999.250 -999.250 -999.250 -999.250 -999.250 36.085 36.787 26.623 19.841 12.484 7.247 2.733 0.000 0.000 0.000 0.000 2.112 4.716 8.418 8.467 7.269 6.854 8.033 5.188 4.790 3.068 1.377 0.000 0.000 0.000 0.000 0.000 0.000 0.000 0.000 0.000 0.000 0.000 0.000 1.597 4.267 10.166 18.691 27.925 38.578 48.349 60.809 69.587 78.821 90.400 92.473 97.138 93.397
-999.250 -999.250 -999.250 -999.250 -999.250 -999.250 -999.250 -999.250 -999.250 -999.250 -999.250 -999.250 -999.250 49.576 49.887 46.618 -999.250 -999.250 -999.250 38.401 41.398 39.607 34.054 21.276 12.462 7.367 2.894 0.000 0.000 0.000 0.000 2.703 4.371 5.063 4.796 5.694 5.405 4.729 2.155 1.307 0.552 0.000 0.000 0.000 0.000 0.000 0.000 0.000 0.000 0.000 0.000 0.000 0.000 0.000 0.000 0.371 5.359 11.413 23.319 36.438 41.053 51.162 66.125 73.559 79.097 89.760 88.456 82.766
-999.250 -999.250 -999.250 -999.250 -999.250 -999.250 -999.250 -999.250 -999.250 -999.250 -999.250 40.631 42.802 44.463 43.169 49.693 -999.250 -999.250 38.498 39.922 42.346 49.087 40.786 27.447 18.708 9.763 6.467 2.543 0.000 0.000 0.467 1.713 3.873 4.095 4.285 2.583 1.052 2.859 0.753 0.000 0.000 0.000 0.000 0.000 0.000 0.000 0.000 0.000 0.000 0.000 0.000 0.000 0.000 0.000 0.000 0.000 0.000 6.717 18.618 26.298 31.479 40.598 50.801 65.395 66.327 69.210 71.592 72.614
-999.250 -999.250 -999.250 -999.250 -999.250 -999.250 -999.250 -999.250 -999.250 -999.250 -999.250 34.968 36.186 34.996 39.760 40.854 42.228 32.330 33.350 39.234 44.418 60.552 47.366 36.458 23.181 11.948 10.892 5.158 3.309 3.158 2.096 2.588 2.110 1.615 2.226 2.022 0.387 0.596 0.000 0.000 0.000 0.000 0.000 0.000 0.000 0.000 0.000 0.000 0.000 0.000 0.000 0.000 0.000 0.000 0.000 0.000 0.000 4.661 10.960 19.321 30.041 35.999 44.033 51.235 58.892 61.192 59.478 61.825
-999.250 -999.250 -999.250 -999.250 -999.250 -999.250 -999.250 -999.250 -999.250 -999.250 -999.250 -999.250 35.198 29.472 31.190 35.886 38.152 32.029 33.776 35.195 39.539 42.984 40.633 32.871 23.599 15.703 12.259 8.207 5.941 3.421 2.368 3.698 1.831 2.050 1.376 0.455 0.025 0.000 0.000 0.000 0.000 0.000 0.000 0.000 0.000 0.000 0.000 0.000 0.000 0.000 0.000 0.000 0.000 0.000 0.000 0.000 0.000 3.455 7.166 14.556 19.974 27.936 35.021 39.093 41.573 39.508 43.610 42.355
-999.250 -999.250 -999.250 -999.250 -999.250 -999.250 -999.250 -999.250 -999.250 -999.250 -999.250 -999.250 -999.250 29.875 27.180 27.440 31.302 28.423 27.029 35.710 36.234 35.002 32.505 26.334 22.012 18.498 16.139 13.808 10.119 6.556 5.418 5.827 5.087 2.331 1.699 0.193 0.000 0.000 0.000 0.000 0.000 0.000 0.000 0.000 0.000 0.000 0.000 0.000 0.000 0.000 0.000 0.000 0.000 0.000 0.000 0.000 0.000 2.699 6.804 11.007 15.906 20.452 25.370 28.140 29.783 24.915 27.490 32.324
-999.250 -999.250 -999.250 -999.250 -999.250 -999.250 -999.250 -999.250 -999.250 -999.250 -999.250 -999.250 -999.250 26.064 21.441 22.611 21.692 21.970 23.925 27.188 27.562 31.686 25.844 24.281 25.215 23.926 19.390 17.622 12.425 11.297 8.250 8.172 7.758 5.056 2.890 0.933 0.000 0.000 0.000 0.000 0.000 0.000 0.000 0.000 0.000 0.000 0.000 0.000 0.000 0.000 0.000 0.000 0.000 0.000 0.000 0.000 0.000 0.451 3.248 6.760 10.599 10.065 13.311 16.344 20.188 21.800 20.473 21.209
-999.250 -999.250 -999.250 -999.250 -999.250 -999.250 -999.250 -999.250 -999.250 -999.250 -999.250 -999.250 -999.250 24.225 22.438 21.312 16.613 20.765 17.225 20.459 22.184 21.432 21.819 20.115 20.797 21.482 23.420 25.257 21.366 18.228 11.358 14.553 8.544 7.395 4.546 3.416 2.551 0.439 0.000 0.000 0.000 0.000 0.000 0.000 0.000 0.000 0.000 0.000 0.000 0.000 0.000 0.000 0.000 0.000 0.000 0.000 0.000 0.000 0.265 5.610 7.818 7.964 8.007 10.942 12.887 11.789 14.112 10.692
-999.250 -999.250 -999.250 -999.250 -999.250 -999.250 -999.250 -999.250 -999.250 -999.250 -999.250 -999.250 -999.250 -999.250 22.978 19.351 18.257 18.327 21.212 18.041 20.615 18.679 19.711 16.627 24.462 24.532 23.794 29.613 29.936 26.185 19.574 13.834 10.248 7.571 6.130 3.646 1.621 1.914 0.021 0.000 0.000 0.000 0.000 0.000 0.000 0.000 0.000 0.000 0.000 0.000 0.000 0.000 0.000 0.000 0.000 0.000 0.000 0.000 0.328 0.784 3.042 5.324 4.249 6.541 8.264 7.507 7.272 6.611
-999.250 -999.250 -999.250 -999.250 -999.250 -999.250 -999.250 -999.250 -999.250 -999.250 -999.250 -999.250 -999.250 -999.250 19.754 16.951 15.649 18.294 18.337 16.559 16.495 17.774 18.089 16.155 16.101 21.699 28.281 37.665 39.088 27.786 22.456 20.354 11.874 7.288 5.862 4.988 2.692 1.507 1.407 0.385 0.000 0.000 0.000 0.000 0.000 0.000 0.000 0.000 0.000 0.000 0.000 0.000 0.000 0.000 0.000 0.000 0.000 0.000 0.000 0.000 0.000 1.121 3.307 3.613 4.244 2.578 1.852 2.289
-999.250 -999.250 -999.250 -999.250 -999.250 -999.250 -999.250 -999.250 -999.250 -999.250 -999.250 -999.250 -999.250 -999.250 16.046 12.670 15.655 14.607 17.243 16.617 16.559 17.584 17.271 14.210 16.117 23.564 27.026 32.493 28.259 26.669 21.232 17.535 12.336 10.598 7.926 5.626 5.551 3.547 3.030 0.394 0.676 0.000 0.000 0.000 0.000 0.000 0.000 0.000 0.000 0.000 0.000 0.000 0.000 0.000 0.000 0.000 0.000 0.000 0.000 0.000 0.000 0.000 0.092 1.773 0.402 0.000 0.000 0.000
-999.250 -999.250 -999.250 -999.250 -999.250 -999.250 -999.250 -999.250 -999.250 -999.250 -999.250 -999.250 -999.250 -999.250 15.505 16.894 12.609 14.616 15.467 17.220 14.293 14.384 16.294 14.515 16.318 -999.250 19.144 25.946 24.426 26.158 24.212 18.517 12.702 13.253 9.804 7.347 6.200 3.133 3.101 1.460 0.043 0.000 0.243 0.000 0.000 0.000 0.000 0.000 0.000 0.000 0.000 0.000 0.000 0.000 0.000 0.000 0.000 0.000 0.000 0.000 0.000 0.000 0.000 0.000 0.000 0.000 0.000 0.000
-999.250 -999.250 -999.250 -999.250 -999.250 -999.250 -999.250 -999.250 -999.250 -999.250 -999.250 -999.250 -999.250 -999.250 15.455 15.015 15.832 16.940 13.435 17.357 14.638 14.822 15.805 -999.250 -999.250 -999.250 19.223 19.733 20.861 22.606 21.367 19.279 13.295 11.124 11.482 7.652 6.302 4.260 2.702 2.083 1.357 0.386 0.096 0.000 0.000 0.000 0.000 0.000 0.000 0.000 0.000 0.000 0.000 0.000 0.000 0.000 0.000 0.000 0.000 0.000 0.000 0.000 0.000 0.000 0.000 0.000 0.000 0.000
-999.250 -999.250 -999.250 -999.250 -999.250 -999.250 -999.250 -999.250 -999.250 -999.250 -999.250 -999.250 -999.250 15.070 15.225 17.420 17.071 18.204 18.246 20.400 19.333 17.510 -999.250 -999.250 -999.250 -999.250 -999.250 20.172 21.556 21.859 21.668 15.897 12.563 13.397 9.834 8.265 6.412 4.132 2.543 2.279 1.861 1.706 1.917 0.000 0.000 0.000 0.000 0.000 0.000 0.000 0.000 0.000 0.000 0.000 0.000 0.000 0.000 0.000 0.000 0.000 0.000 0.000 0.000 0.000 0.000 0.000 0.000 0.000
-999.250 -999.250 -999.250 -999.250 -999.250 -999.250 -999.250 -999.250 -999.250 -999.250 -999.250 -999.250 -999.250 14.542 17.621 20.620 16.887 18.868 18.960 18.242 -999.250 -999.250 -999.250 -999.250 -999.250 -999.250 -999.250 -999.250 14.891 19.823 18.892 14.636 12.147 10.891 8.455 7.539 6.674 4.238 3.396 2.301 2.096 2.156 0.011 0.798 0.000 0.000 0.000 0.000 0.000 0.000 0.000 0.000 0.000 0.000 0.000 0.000 0.000 0.000 0.000 0.000 0.000 0.000 0.000 0.000 0.000 0.000 0.000 0.000
-999.250 -999.250 -999.250 -999.250 -999.250 -999.250 -999.250 -999.250 -999.250 -999.250 -999.250 -999.250 15.085 17.896 -999.250 -999.250 -999.250 -999.250 -999.250 -999.250 -999.250 -999.250 -999.250 -999.250 -999.250 -999.250 -999.250 -999.250 -999.250 14.466 15.887 12.020 12.460 10.877 8.837 8.301 7.080 3.910 2.984 1.848 2.156 1.036 1.326 0.821 0.271 0.000 0.000 0.000 0.000 0.000 0.000 0.000 0.000 0.000 0.000 0.000 0.000 0.000 0.000 0.000 0.000 0.000 0.000 0.000 0.000 0.000 0.000 0.000
-999.250 -999.250 -999.250 -999.250 -999.250 -999.250 -999.250 -999.250 -999.250 -999.250 -999.250 -999.250 -999.250 -999.250 -999.250 -999.250 -999.250 -999.250 -999.250 -999.250 -999.250 -999.250 -999.250 -999.250 -999.250 -999.250 -999.250 -999.250 -999.250 -999.250 12.074 11.428 11.422 10.078 8.902 9.763 6.875 5.285 4.057 2.777 2.107 1.385 2.377 2.786 0.572 0.777 0.000 0.000 0.000 0.000 0.000 0.000 0.000 0.000 0.000 0.000 0.000 0.000 0.000 0.000 0.000 0.000 0.000 0.000 0.000 0.000 0.000 0.000
-999.250 -999.250 -999.250 -999.250 -999.250 -999.250 -999.250 -999.250 -999.250 -999.250 -999.250 -999.250 -999.250 -999.250 -999.250 -999.250 -999.250 -999.250 -999.250 -999.250 -999.250 -999.250 -999.250 -999.250 -999.250 -999.250 -999.250 -999.250 -999.250 -999.250 10.592 10.194 9.017 10.434 6.707 8.136 6.764 4.379 4.108 3.721 3.631 4.194 4.730 3.300 1.488 0.819 0.000 0.000 0.000 0.000 0.000 0.000 0.000 0.000 0.000 0.000 0.000 0.000 0.000 0.000 0.000 0.000 0.000 0.000 0.000 0.000 0.000 0.000
-999.250 -999.250 -999.250 -999.250 -999.250 -999.250 -999.250 -999.250 -999.250 -999.250 -999.250 -999.250 -999.250 -999.250 -999.250 -999.250 -999.250 -999.250 -999.250 -999.250 -999.250 -999.250 -999.250 -999.250 -999.250 -999.250 -999.250 -999.250 -999.250 -999.250 8.986 9.871 9.771 8.680 7.906 7.083 5.756 4.532 4.902 4.140 4.869 4.676 4.846 4.637 2.791 0.000 0.000 0.000 0.000 0.000 0.000 0.000 0.000 0.000 0.000 0.000 0.000 0.000 0.000 0.000 0.000 0.000 0.000 0.000 0.000 0.000 0.000 0.000
-999.250 -999.250 -999.250 -999.250 -999.250 -999.250 -999.250 -999.250 -999.250 -999.250 -999.250 -999.250 -999.250 -999.250 -999.250 -999.250 -999.250 -999.250 -999.250 -999.250 -999.250 -999.250 -999.250 -999.250 -999.250 -999.250 -999.250 -999.250 -999.250 -999.250 -999.250 8.360 9.233 7.691 6.248 4.223 4.804 4.172 5.600 3.905 4.547 6.412 8.577 4.628 1.692 0.000 0.000 0.000 0.000 0.000 0.000 0.000 0.000 0.000 0.000 0.000 0.000 0.000 0.000 0.000 0.000 0.000 0.000 0.000 0.000 0.000 0.000 0.000
-999.250 -999.250 -999.250 -999.250 -999.250 -999.250 -999.250 -999.250 -999.250 -999.250 -999.250 -999.250 -999.250 -999.250 -999.250 -999.250 -999.250 -999.250 -999.250 -999.250 -999.250 -999.250 -999.250 -999.250 -999.250 -999.250 -999.250 -999.250 -999.250 -999.250 -999.250 7.779 7.136 4.270 6.310 3.514 3.545 3.351 3.356 2.659 2.586 3.276 4.017 2.651 1.392 0.000 0.000 0.000 0.000 0.000 0.000 0.000 0.000 0.000 0.000 0.000 0.000 0.000 0.000 0.000 0.000 0.000 0.000 0.000 0.000 0.000 0.000 0.000
-999.250 -999.250 -999.250 -999.250 -999.250 -999.250 -999.250 -999.250 -999.250 -999.250 -999.250 -999.250 -999.250 -999.250 -999.250 -999.250 -999.250 -999.250 -999.250 -999.250 -999.250 -999.250 -999.250 -999.250 -999.250 -999.250 -999.250 -999.250 -999.250 -999.250 -999.250 9.069 6.749 5.997 5.883 4.065 1.146 0.603 0.408 0.929 0.900 1.822 0.742 0.396 0.000 0.000 0.000 0.000 0.000 0.000 0.000 0.000 0.000 0.160 0.015 0.553 0.000 0.000 0.000 0.000 0.000 0.000 0.000 0.000 0.000 0.000 0.000 0.000
-999.250 -999.250 -999.250 -999.250 -999.250 -999.250 -999.250 -999.250 -999.250 -999.250 -999.250 -999.250 -999.250 -999.250 -999.250 -999.250 -999.250 -999.250 -999.250 -999.250 -999.250 -999.250 -999.250 -999.250 -999.250 -999.250 -999.250 -999.250 -999.250 -999.250 -999.250 7.243 5.339 4.772 4.606 2.500 1.043 0.000 0.000 0.000 0.000 0.000 0.000 0.000 0.000 0.000 0.000 0.000 0.000 0.000 0.324 0.193 0.941 0.657 1.600 2.932 0.678 1.664 0.000 0.000 0.000 0.000 0.000 0.000 0.000 0.000 0.000 0.000
-999.250 -999.250 -999.250 -999.250 -999.250 -999.250 -999.250 -999.250 -999.250 -999.250 -999.250 -999.250 -999.250 -999.250 -999.250 -999.250 -999.250 -999.250 -999.250 -999.250 -999.250 -999.250 -999.250 -999.250 -999.250 -999.250 -999.250 -999.250 -999.250 -999.250 -999.250 4.627 2.634 1.151 0.543 0.000 0.000 0.000 0.000 0.000 0.000 0.000 0.000 0.000 0.000 0.000 0.000 0.000 0.000 0.559 1.316 1.751 3.544 2.468 2.596 3.727 3.857 2.790 3.078 0.000 0.000 0.000 0.000 0.000 0.000 0.000 0.000 0.000
-999.250 -999.250 -999.250 -999.250 -999.250 -999.250 -999.250 -999.250 -999.250 -999.250 -999.250 -999.250 -999.250 -999.250 -999.250 -999.250 -999.250 -999.250 -999.250 -999.250 -999.250 -999.250 -999.250 -999.250 -999.250 -999.250 -999.250 -999.250 -999.250 -999.250 -999.250 4.187 1.840 0.000 0.000 0.000 0.000 0.000 0.000 0.000 0.000 0.000 0.000 0.000 0.000 0.000 0.000 0.000 0.345 2.370 4.373 4.088 5.314 3.355 4.803 4.529 5.216 5.004 3.459 1.954 1.178 0.000 0.000 0.000 0.000 0.000 0.000 0.000
-999.250 -999.250 -999.250 -999.250 -999.250 -999.250 -999.250 -999.250 -999.250 -999.250 -999.250 -999.250 -999.250 -999.250 -999.250 -999.250 -999.250 -999.250 -999.250 -999.250 -999.250 -999.250 -999.250 -999.250 -999.250 -999.250 -999.250 -999.250 -999.250 -999.250 -999.250 2.640 0.655 0.000 0.000 0.000 0.000 0.000 0.000 0.000 0.000 0.000 0.000 0.000 0.000 0.000 0.000 0.605 2.408 3.142 4.494 3.773 5.125 5.929 7.640 7.133 7.674 6.895 6.421 6.328 3.097 3.380 1.065 0.000 0.000 0.000 0.000 0.000
