data/medianmodel_07-Feb-2021.asc
ncols	141
nrows	288
xllcorner	-120191.398
yllcorner	-301404.813
cellsize	2000.000
NODATA_value	-999.250
[rows 196 to 223 of 288, columns 0 to 63 of 141]
-999.250 -999.250 -999.250 -999.250 -999.250 -999.250 -999.250 -999.250 -999.250 -999.250 -999.250 -999.250 -999.250 1754.565 1815.599 1797.822 1796.031 1886.749 1904.691 1964.928 1946.505 2008.777 2097.989 2077.947 2176.730 2176.976 2173.457 2146.182 2091.263 2081.416 2076.126 2057.696 1969.312 1858.996 1755.047 1712.732 1604.442 1473.163 1349.217 1278.551 1177.710 1088.334 1028.738 920.427 867.549 820.880 782.953 756.983 747.666 705.051 687.760 688.808 702.314 711.386 696.824 693.433 697.581 699.315 706.427 699.845 733.394 705.233 748.989 744.308
-999.250 -999.250 -999.250 -999.250 -999.250 -999.250 -999.250 -999.250 -999.250 -999.250 -999.250 -999.250 -999.250 1788.849 1834.624 1879.805 1876.538 1882.886 1943.053 2016.038 1969.419 2075.427 2039.048 2135.011 2183.089 2200.822 2251.333 2242.486 2217.526 2194.116 2154.497 2070.782 1958.782 1902.164 1828.925 1779.543 1634.971 1626.256 1511.199 1344.788 1259.625 1132.935 1059.755 1031.430 966.338 886.361 839.087 786.747 773.575 738.393 710.863 719.624 735.103 705.957 729.920 689.509 686.241 702.773 703.143 713.859 706.998 700.286 737.908 717.012
-999.250 -999.250 -999.250 -999.250 -999.250 -999.250 -999.250 -999.250 -999.250 -999.250 -999.250 -999.250 -999.250 1828.899 1823.019 1875.619 1949.018 2000.320 2056.576 2068.580 2102.937 2076.124 2053.243 2174.398 2229.169 2269.707 2320.586 2349.429 2353.677 2382.088 2222.529 2142.939 2087.313 2042.511 1929.289 1810.912 1725.678 1624.283 1572.479 1391.645 1297.337 1257.357 1115.716 1060.818 1023.310 928.842 900.990 859.744 823.234 791.419 776.085 759.612 771.992 752.966 726.601 704.180 735.767 749.229 707.636 731.495 707.106 701.960 702.640 674.648
-999.250 -999.250 -999.250 -999.250 -999.250 -999.250 -999.250 -999.250 -999.250 -999.250 -999.250 -999.250 -999.250 -999.250 1884.521 1916.016 2002.669 2082.968 2153.959 2107.514 2145.178 2083.720 2098.584 2175.113 2281.103 2357.933 2375.889 2495.951 2520.711 2367.548 2294.382 2221.536 2145.160 2096.664 1969.503 1887.926 1817.970 1737.443 1640.370 1513.695 1411.355 1273.488 1205.007 1081.148 1050.802 1054.698 986.620 901.594 866.273 855.167 802.181 812.184 774.850 779.433 761.899 766.200 760.326 763.346 706.949 723.189 715.915 680.587 677.288 682.214
-999.250 -999.250 -999.250 -999.250 -999.250 -999.250 -999.250 -999.250 -999.250 -999.250 -999.250 -999.250 -999.250 -999.250 1879.606 1990.401 2016.970 2132.236 2144.279 2120.906 2127.233 2129.743 2101.218 2163.112 2344.361 2314.177 2328.550 2448.531 2701.388 2351.738 2225.246 2199.303 2125.530 2111.890 1948.952 1925.975 1852.200 1778.132 1637.000 1561.687 1433.545 1330.521 1276.596 1180.561 1083.207 1076.604 1052.995 967.204 896.151 868.129 851.712 816.308 840.340 783.654 793.387 748.583 751.998 751.033 771.855 730.092 735.440 701.826 681.592 672.737
-999.250 -999.250 -999.250 -999.250 -999.250 -999.250 -999.250 -999.250 -999.250 -999.250 -999.250 -999.250 -999.250 -999.250 1918.226 1902.874 2019.999 2129.529 2082.434 2149.659 2155.800 2177.718 2162.287 2209.711 2382.047 2380.538 2406.209 2452.870 2440.305 2328.624 2250.241 2186.985 2128.094 2131.315 1987.585 1970.991 1864.150 1782.740 1670.797 1580.146 1447.519 1378.029 1322.683 1237.623 1171.775 1100.067 1054.077 989.259 967.795 918.339 851.334 821.085 854.514 831.999 794.489 792.531 787.149 736.328 733.614 738.665 752.285 716.072 688.130 668.284
-999.250 -999.250 -999.250 -999.250 -999.250 -999.250 -999.250 -999.250 -999.250 -999.250 -999.250 -999.250 -999.250 -999.250 1932.137 1950.801 2025.141 2061.971 2089.327 2106.473 2141.730 2184.739 2189.284 2238.659 2305.391 -999.250 2348.439 2365.633 2387.157 2329.299 2204.398 2187.950 2123.180 2104.704 2034.390 1949.287 1863.666 1805.083 1732.091 1632.799 1532.465 1483.280 1383.906 1279.987 1269.010 1199.448 1090.541 1052.759 968.178 941.494 889.967 859.565 858.315 791.344 808.781 828.077 791.115 740.661 744.471 748.588 748.498 687.054 731.555 683.348
-999.250 -999.250 -999.250 -999.250 -999.250 -999.250 -999.250 -999.250 -999.250 -999.250 -999.250 -999.250 -999.250 -999.250 1847.478 1987.705 2048.054 2014.977 2054.994 2127.265 2076.239 2171.966 2176.326 -999.250 -999.250 -999.250 2426.951 2356.777 2295.834 2291.434 2197.549 2149.802 2124.670 2084.148 2030.547 1998.997 1869.490 1833.044 1758.603 1706.728 1654.999 1553.275 1473.859 1300.155 1313.747 1173.787 1139.142 1088.829 1054.265 981.717 919.629 898.886 875.387 825.056 804.929 826.906 804.111 792.836 763.962 751.490 723.046 709.377 737.447 704.107
-999.250 -999.250 -999.250 -999.250 -999.250 -999.250 -999.250 -999.250 -999.250 -999.250 -999.250 -999.250 -999.250 1802.762 1909.871 1952.332 1946.375 1996.238 2057.574 2089.341 2173.770 2116.905 -999.250 -999.250 -999.250 -999.250 -999.250 2402.952 2309.516 2201.724 2206.213 2157.623 2093.698 2049.737 2017.191 2014.546 1887.876 1819.422 1795.365 1757.961 1684.966 1602.286 1572.732 1436.934 1300.802 1268.758 1145.190 1073.579 1072.013 988.779 946.309 919.777 866.624 818.487 840.155 828.901 837.159 779.453 758.875 730.974 731.361 712.241 721.639 725.274
-999.250 -999.250 -999.250 -999.250 -999.250 -999.250 -999.250 -999.250 -999.250 -999.250 -999.250 -999.250 -999.250 1842.605 1947.808 1893.370 1945.995 2026.709 2096.702 2144.847 -999.250 -999.250 -999.250 -999.250 -999.250 -999.250 -999.250 -999.250 2366.139 2237.601 2201.518 2108.147 2128.759 2052.663 2085.048 2000.585 1915.858 1915.571 1883.120 1818.002 1735.849 1665.033 1575.654 1468.440 1389.216 1296.293 1201.450 1155.074 1063.579 1044.420 986.491 926.190 899.500 863.060 886.943 843.793 796.597 813.902 811.386 742.961 762.218 753.370 710.499 708.813
-999.250 -999.250 -999.250 -999.250 -999.250 -999.250 -999.250 -999.250 -999.250 -999.250 -999.250 -999.250 1922.704 1894.940 -999.250 -999.250 -999.250 -999.250 -999.250 -999.250 -999.250 -999.250 -999.250 -999.250 -999.250 -999.250 -999.250 -999.250 -999.250 2167.057 2233.369 2149.776 2079.933 2068.662 2091.690 2004.080 1917.786 1864.218 1825.191 1823.885 1767.076 1682.321 1592.667 1536.518 1413.377 1320.733 1272.844 1168.788 1061.485 1069.007 998.034 966.587 938.784 937.947 892.908 841.188 789.267 813.061 797.632 777.649 780.941 744.085 714.866 717.580
-999.250 -999.250 -999.250 -999.250 -999.250 -999.250 -999.250 -999.250 -999.250 -999.250 -999.250 -999.250 -999.250 -999.250 -999.250 -999.250 -999.250 -999.250 -999.250 -999.250 -999.250 -999.250 -999.250 -999.250 -999.250 -999.250 -999.250 -999.250 -999.250 -999.250 2197.707 2122.042 2111.054 2060.723 2093.681 2032.957 1915.894 1866.892 1906.829 1840.605 1798.241 1701.251 1602.561 1506.500 1481.275 1375.774 1324.875 1249.392 1116.197 1095.653 1046.569 1020.543 965.203 932.725 879.928 854.689 816.254 773.808 748.992 765.172 706.157 720.931 731.714 728.351
-999.250 -999.250 -999.250 -999.250 -999.250 -999.250 -999.250 -999.250 -999.250 -999.250 -999.250 -999.250 -999.250 -999.250 -999.250 -999.250 -999.250 -999.250 -999.250 -999.250 -999.250 -999.250 -999.250 -999.250 -999.250 -999.250 -999.250 -999.250 -999.250 -999.250 2148.200 2138.302 2120.286 2055.842 2018.974 2008.462 1880.637 1818.350 1832.981 1805.304 1769.833 1727.392 1691.217 1618.735 1526.663 1436.088 1334.377 1272.759 1204.708 1110.669 1117.672 1009.034 968.799 915.586 881.226 838.850 837.140 786.214 724.536 720.510 714.788 711.115 749.299 740.505
-999.250 -999.250 -999.250 -999.250 -999.250 -999.250 -999.250 -999.250 -999.250 -999.250 -999.250 -999.250 -999.250 -999.250 -999.250 -999.250 -999.250 -999.250 -999.250 -999.250 -999.250 -999.250 -999.250 -999.250 -999.250 -999.250 -999.250 -999.250 -999.250 -999.250 2134.588 2150.579 2056.077 2056.553 1976.328 1947.495 1902.864 1863.319 1799.770 1790.789 1778.610 1760.280 1680.772 1593.492 1600.170 1472.548 1401.102 1305.557 1246.452 1236.164 1105.683 1055.126 962.068 959.529 869.265 826.461 801.603 749.491 706.370 722.508 691.284 699.158 717.570 722.624
-999.250 -999.250 -999.250 -999.250 -999.250 -999.250 -999.250 -999.250 -999.250 -999.250 -999.250 -999.250 -999.250 -999.250 -999.250 -999.250 -999.250 -999.250 -999.250 -999.250 -999.250 -999.250 -999.250 -999.250 -999.250 -999.250 -999.250 -999.250 -999.250 -999.250 -999.250 2097.960 2094.984 2050.338 1932.140 1976.032 1930.476 1837.253 1853.591 1782.242 1738.027 1757.410 1681.105 1657.798 1602.104 1550.241 1462.863 1352.520 1327.105 1258.621 1199.363 1078.221 1001.474 958.912 891.434 809.523 755.451 715.354 707.562 684.933 677.210 703.670 661.857 691.359
-999.250 -999.250 -999.250 -999.250 -999.250 -999.250 -999.250 -999.250 -999.250 -999.250 -999.250 -999.250 -999.250 -999.250 -999.250 -999.250 -999.250 -999.250 -999.250 -999.250 -999.250 -999.250 -999.250 -999.250 -999.250 -999.250 -999.250 -999.250 -999.250 -999.250 -999.250 2113.988 2068.062 1947.678 1939.974 1954.383 1900.603 1875.996 1827.823 1782.406 1787.369 1747.031 1712.284 1710.057 1638.165 1636.169 1503.761 1362.013 1335.993 1184.698 1175.036 1081.620 1057.788 953.992 871.062 811.344 760.949 699.818 667.104 672.150 657.455 644.205 657.118 686.903
-999.250 -999.250 -999.250 -999.250 -999.250 -999.250 -999.250 -999.250 -999.250 -999.250 -999.250 -999.250 -999.250 -999.250 -999.250 -999.250 -999.250 -999.250 -999.250 -999.250 -999.250 -999.250 -999.250 -999.250 -999.250 -999.250 -999.250 -999.250 -999.250 -999.250 -999.250 2124.439 2054.636 2016.176 1894.413 1907.406 1823.131 1799.258 1817.758 1796.553 1816.285 1737.876 1738.313 1687.147 1644.423 1602.383 1511.846 1402.480 1328.715 1163.356 1147.734 1088.929 1039.771 1006.779 890.180 789.847 721.967 675.340 621.434 623.750 613.721 585.895 584.799 627.871
-999.250 -999.250 -999.250 -999.250 -999.250 -999.250 -999.250 -999.250 -999.250 -999.250 -999.250 -999.250 -999.250 -999.250 -999.250 -999.250 -999.250 -999.250 -999.250 -999.250 -999.250 -999.250 -999.250 -999.250 -999.250 -999.250 -999.250 -999.250 -999.250 -999.250 -999.250 2017.309 1979.469 1982.565 1833.449 1892.876 1854.150 1821.622 1821.712 1839.629 1790.757 1792.066 1780.532 1690.119 1678.074 1614.841 1544.665 1438.365 1350.920 1317.750 1161.559 1131.447 1056.705 935.845 887.997 792.487 716.467 671.092 612.530 585.905 568.366 562.982 557.157 565.500
-999.250 -999.250 -999.250 -999.250 -999.250 -999.250 -999.250 -999.250 -999.250 -999.250 -999.250 -999.250 -999.250 -999.250 -999.250 -999.250 -999.250 -999.250 -999.250 -999.250 -999.250 -999.250 -999.250 -999.250 -999.250 -999.250 -999.250 -999.250 -999.250 -999.250 -999.250 1907.487 1993.266 1943.526 1974.211 1790.167 1794.991 1805.900 1822.660 1792.175 1775.909 1813.869 1771.009 1758.659 1673.180 1635.400 1595.712 1443.163 1383.522 1290.720 1155.364 1101.556 1064.452 984.404 872.621 794.644 711.073 627.528 596.103 567.696 556.297 530.274 523.737 517.152
-999.250 -999.250 -999.250 -999.250 -999.250 -999.250 -999.250 -999.250 -999.250 -999.250 -999.250 -999.250 -999.250 -999.250 -999.250 -999.250 -999.250 -999.250 -999.250 -999.250 -999.250 -999.250 -999.250 -999.250 -999.250 -999.250 -999.250 -999.250 -999.250 -999.250 -999.250 1856.308 1814.907 1830.879 1832.058 1838.333 1794.551 1878.252 1824.308 1813.931 1824.457 1802.808 1763.199 1758.045 1683.950 1632.302 1574.831 1468.267 1304.855 1287.972 1179.015 1102.842 1046.378 943.616 836.199 788.165 711.112 630.142 580.548 584.063 530.402 513.557 487.711 475.919
-999.250 -999.250 -999.250 -999.250 -999.250 -999.250 -999.250 -999.250 -999.250 -999.250 -999.250 -999.250 -999.250 -999.250 -999.250 -999.250 -999.250 -999.250 -999.250 -999.250 -999.250 -999.250 -999.250 -999.250 -999.250 -999.250 -999.250 -999.250 -999.250 -999.250 -999.250 1808.099 1798.618 1756.796 1742.780 1816.382 1793.965 1835.511 1816.341 1812.334 1806.548 1777.544 1792.337 1728.183 1720.243 1634.451 1536.682 1409.076 1336.381 1294.173 1196.363 1073.401 1053.368 921.850 890.219 822.296 707.514 647.356 592.702 569.287 516.459 465.333 439.473 374.551
-999.250 -999.250 -999.250 -999.250 -999.250 -999.250 -999.250 -999.250 -999.250 -999.250 -999.250 -999.250 -999.250 -999.250 -999.250 -999.250 -999.250 -999.250 -999.250 -999.250 -999.250 -999.250 -999.250 -999.250 -999.250 -999.250 -999.250 -999.250 -999.250 -999.250 -999.250 1762.580 1714.033 1707.880 1740.693 1733.869 1751.588 1784.286 1833.501 1854.675 1821.367 1862.012 1771.985 1738.151 1713.108 1641.257 1561.210 1374.388 1349.270 1291.907 1162.749 1075.615 1015.262 970.707 856.769 775.209 730.574 678.965 598.600 555.809 530.625 498.176 426.375 350.871
-999.250 -999.250 -999.250 -999.250 -999.250 -999.250 -999.250 -999.250 -999.250 -999.250 -999.250 -999.250 -999.250 -999.250 -999.250 -999.250 -999.250 -999.250 -999.250 -999.250 -999.250 -999.250 -999.250 -999.250 -999.250 -999.250 -999.250 -999.250 -999.250 -999.250 -999.250 1730.766 1709.035 1736.726 1726.069 1686.115 1760.709 1806.077 1757.995 1841.914 1778.066 1819.978 1771.402 1721.212 1675.864 1639.341 1554.318 1369.830 1353.270 1264.548 1136.580 1087.471 1014.064 927.573 836.976 788.722 719.862 688.641 631.804 569.266 534.842 504.796 458.201 437.740
-999.250 -999.250 -999.250 -999.250 -999.250 -999.250 -999.250 -999.250 -999.250 -999.250 -999.250 -999.250 -999.250 -999.250 -999.250 -999.250 -999.250 -999.250 -999.250 -999.250 -999.250 -999.250 -999.250 -999.250 -999.250 -999.250 -999.250 -999.250 -999.250 -999.250 -999.250 1686.812 1646.570 1615.440 1655.666 1639.641 1761.130 1718.657 1768.223 1782.005 1790.955 1858.050 1784.804 1707.742 1627.445 1568.550 1484.073 1373.277 1325.045 1226.807 1143.037 1067.872 1029.162 910.625 862.528 804.069 720.376 680.770 637.201 578.426 564.589 509.605 476.010 485.819
-999.250 -999.250 -999.250 -999.250 -999.250 -999.250 -999.250 -999.250 -999.250 -999.250 -999.250 -999.250 -999.250 -999.250 -999.250 -999.250 -999.250 -999.250 -999.250 -999.250 -999.250 -999.250 -999.250 -999.250 -999.250 -999.250 -999.250 -999.250 -999.250 -999.250 -999.250 1637.212 1615.047 1553.717 1620.522 1636.069 1710.828 1737.668 1736.184 1753.269 1735.438 1781.832 1722.603 1687.414 1607.098 1510.714 1384.319 1404.067 1285.495 1248.564 1116.974 1075.504 968.342 932.809 875.090 799.332 783.192 690.806 667.670 607.327 566.619 562.869 548.403 557.132
-999.250 -999.250 -999.250 -999.250 -999.250 -999.250 -999.250 -999.250 -999.250 -999.250 -999.250 -999.250 -999.250 -999.250 -999.250 -999.250 -999.250 -999.250 -999.250 -999.250 -999.250 -999.250 -999.250 -999.250 -999.250 -999.250 -999.250 -999.250 -999.250 -999.250 -999.250 1576.877 1591.735 1546.850 1592.805 1633.125 1655.737 1716.489 1699.295 1722.210 1667.613 1662.276 1618.698 1581.254 1580.992 1541.686 1427.777 1365.287 1265.760 1169.113 1082.733 1045.062 985.890 966.870 871.857 816.752 786.741 719.316 687.171 665.215 633.862 628.079 608.315 600.737
-999.250 -999.250 -999.250 -999.250 -999.250 -999.250 -999.250 -999.250 -999.250 -999.250 -999.250 -999.250 -999.250 -999.250 -999.250 -999.250 -999.250 -999.250 -999.250 -999.250 -999.250 -999.250 -999.250 -999.250 -999.250 -999.250 -999.250 -999.250 -999.250 -999.250 -999.250 1487.772 1510.653 1561.435 1556.398 1565.578 1594.047 1659.484 1660.185 1654.258 1640.409 1627.127 1559.986 1514.347 1532.285 1463.925 1422.135 1327.557 1248.446 1193.290 1106.242 1035.073 999.987 926.722 876.809 819.401 781.551 715.847 721.225 684.926 677.714 665.424 681.524 678.157
-999.250 -999.250 -999.250 -999.250 -999.250 -999.250 -999.250 -999.250 -999.250 -999.250 -999.250 -999.250 -999.250 -999.250 -999.250 -999.250 -999.250 -999.250 -999.250 -999.250 -999.250 -999.250 -999.250 -999.250 -999.250 -999.250 -999.250 -999.250 -999.250 -999.250 1404.721 1358.715 1369.318 1384.606 1484.971 1532.944 1527.342 1521.103 1561.781 1582.223 1565.185 1572.446 1581.607 1483.414 1477.742 1445.923 1341.011 1283.733 1273.146 1242.756 1158.189 1054.262 1026.427 944.223 889.876 863.526 787.959 741.212 728.948 725.693 706.557 720.188 726.244 761.358
