data/medianmodel_28-Jan-2021.asc
ncols	141
nrows	288
xllcorner	-120191.398
yllcorner	-301404.813
cellsize	2000.000
NODATA_value	-999.250
[rows 28 to 55 of 288, columns 63 to 125 of 141]
1805.573 1762.159 1762.862 1759.705 1782.879 1801.637 1887.931 1923.516 2009.450 2031.718 2230.444 2289.153 2240.364 2465.851 2493.263 2466.188 2429.255 2352.713 2282.149 2089.570 2006.792 1883.015 1823.966 1772.286 1715.234 1635.984 1615.590 1615.757 1627.031 1630.044 1556.271 1560.238 1603.821 1563.847 1583.063 1484.058 1577.561 1538.925 1490.069 1422.843 1351.226 1267.914 1258.238 1271.186 1243.237 1296.405 1168.767 1135.004 1142.055 1186.011 1171.159 1198.333 1205.707 1254.892 1122.686 1051.826 1009.266 968.055 932.429 904.675 844.322 766.896 678.343
1795.016 1753.417 1725.768 1757.227 1749.708 1793.444 1876.131 1843.628 1962.520 2006.209 2144.830 2189.339 2228.418 2354.493 2245.309 2258.535 2225.050 2130.980 2170.641 1972.078 1890.120 1844.243 1758.115 1732.345 1669.293 1688.816 1653.580 1658.046 1661.032 1633.827 1615.703 1565.664 1593.936 1560.140 1526.225 1513.078 1527.863 1448.656 1462.554 1451.761 1384.819 1245.454 1199.309 1192.328 1148.012 1161.050 1125.100 1102.544 1132.682 1102.697 1117.266 1138.893 1213.541 1231.252 1148.974 1114.615 1056.439 974.738 941.336 912.627 855.364 746.569 627.630
1724.120 1710.195 1718.960 1710.303 1738.062 1710.587 1797.858 1876.918 1915.604 1931.630 2014.509 2077.154 2177.882 2093.392 2083.811 2035.928 1990.205 2021.001 1906.590 1881.239 1799.819 1779.950 1727.693 1691.354 1644.607 1643.921 1670.887 1684.793 1651.505 1659.383 1614.710 1583.306 1608.824 1594.000 1551.814 1530.111 1497.475 1460.819 1482.696 1471.821 1402.126 1270.697 1206.796 1160.095 1094.276 1043.188 1058.088 1086.025 1097.951 1151.096 1183.434 1211.028 1182.370 1187.342 1180.553 1115.120 1066.076 1029.266 953.853 926.398 846.343 761.569 662.693
1734.626 1641.746 1622.019 1596.567 1627.969 1665.574 1759.464 1881.220 1858.604 1984.476 1969.181 2005.967 2030.582 1967.376 1956.212 1888.365 1823.191 1859.797 1818.115 1749.612 1748.039 1652.483 1649.912 1662.543 1665.983 1667.358 1701.336 1709.605 1677.719 1664.849 1632.013 1629.304 1610.242 1558.709 1556.948 1629.084 1556.391 1489.590 1525.500 1465.490 1377.184 1300.906 1226.864 1101.992 1057.210 1033.620 1036.878 1113.134 1166.463 1213.971 1283.002 1253.258 1232.086 1223.283 1216.534 1147.696 1104.455 1051.286 976.205 915.547 852.686 793.272 705.078
1646.270 1588.358 1516.896 1475.543 1548.594 1597.376 1679.631 1783.138 1826.265 1854.179 1939.324 1921.322 1930.373 1843.639 1803.107 1737.182 1704.091 1641.103 1621.504 1581.652 1621.404 1642.046 1608.961 1643.062 1643.569 1679.432 1661.327 1748.515 1730.178 1703.803 1649.791 1669.833 1673.321 1611.731 1630.133 1587.801 1592.128 1564.350 1499.634 1536.684 1379.110 1370.068 1231.269 1126.021 1043.472 954.292 1036.111 1101.797 1152.493 1263.559 1331.173 1353.096 1303.267 1244.769 1220.685 1197.184 1154.505 1077.622 1008.651 916.082 884.914 826.442 789.629
1511.635 1439.437 1457.490 1454.229 1444.787 1527.341 1566.753 1715.976 1768.589 1835.850 1856.733 1842.922 1764.458 1717.279 1691.347 1609.060 1550.749 1521.941 1460.502 1472.515 1556.020 1587.601 1580.081 1627.857 1699.728 1710.893 1671.341 1727.154 1770.582 1723.956 1715.209 1649.914 1688.862 1648.955 1620.847 1608.184 1640.747 1602.932 1602.015 1523.121 1474.936 1426.743 1330.755 1192.540 1129.955 957.564 1086.076 1202.038 1321.990 1347.137 1362.215 1417.244 1387.730 1320.005 1287.238 1250.425 1189.735 1131.157 1058.417 1044.841 939.377 905.235 898.935
1356.396 1311.748 1382.393 1405.441 1419.901 1500.762 1531.201 1575.065 1665.108 1723.001 1761.968 1744.338 1672.572 1588.615 1580.234 1484.820 1476.354 1342.640 1304.837 1348.320 1428.329 1525.665 1599.044 1642.763 1804.487 1824.327 1796.634 1801.815 1794.914 1706.657 1726.657 1727.829 1693.419 1705.121 1650.347 1653.067 1645.586 1623.516 1639.780 1605.762 1538.672 1516.085 1418.801 1366.827 1322.168 1269.501 1276.560 1383.502 1425.264 1468.594 1488.630 1525.134 1445.648 1357.694 1338.467 1297.987 1313.166 1252.731 1164.256 1104.053 1066.521 1021.663 987.988
1443.048 1360.983 1433.468 1488.900 1450.823 1452.166 1417.894 1473.955 1567.175 1614.852 1634.914 1634.581 1629.524 1589.626 1445.232 1387.028 1350.033 1277.426 1128.668 1256.949 1393.071 1505.005 1598.030 1756.926 1848.195 1914.679 1842.439 1815.248 1823.451 1796.835 1772.631 1769.532 1724.762 1771.995 1757.699 1688.667 1676.243 1701.407 1709.563 1710.028 1713.825 1715.404 1677.050 1677.846 1640.590 1536.670 1535.030 1580.177 1589.800 1619.251 1599.316 1643.110 1534.892 1546.169 1421.141 1425.621 1365.601 1341.852 1274.613 1169.538 1131.951 1093.769 1099.572
1419.544 1401.744 1414.857 1441.910 1357.632 1330.808 1399.314 1389.442 1432.561 1464.393 1543.307 1560.194 1517.665 1433.045 1421.730 1373.296 1323.631 1250.890 1205.802 1309.096 1455.453 1572.678 1647.220 1813.016 1882.379 1925.132 1879.705 1855.850 1886.444 1903.428 1795.420 1785.507 1824.738 1787.417 1806.868 1768.180 1723.821 1780.221 1812.909 1839.187 1868.108 1938.413 1869.073 1853.206 1865.901 1818.340 1767.497 1773.498 1774.842 1784.600 1738.750 1753.646 1658.530 1581.403 1577.675 1504.671 1508.687 1426.702 1317.861 1305.369 1231.130 1304.658 1223.647
1444.518 1400.530 1452.435 1319.744 1298.456 1304.154 1296.128 1303.313 1354.222 1359.535 1391.525 1473.266 1441.484 1385.642 1305.954 1301.717 1272.534 1299.014 1299.965 1410.276 1492.842 1627.109 1689.917 1846.087 1923.430 1945.484 1956.764 1949.901 1895.428 1903.033 1855.062 1812.256 1847.622 1839.040 1838.008 1849.352 1815.586 1872.185 1933.370 2013.287 2019.586 2078.338 2150.347 2091.650 2095.031 2072.391 1982.225 1988.581 2013.186 1927.135 1883.764 1858.469 1780.045 1688.212 1632.390 1599.365 1595.248 1561.575 1464.720 1445.060 1380.313 1398.959 1363.789
1537.627 1453.226 1371.554 1323.764 1214.222 1174.940 1202.672 1235.839 1312.128 1306.887 1333.801 1335.827 1360.269 1321.646 1282.866 1340.148 1378.751 1384.343 1366.736 1480.546 1535.918 1695.479 1762.519 1923.513 2019.238 2060.261 2053.231 1969.442 1986.199 1984.903 1882.822 1854.956 1883.622 1889.949 1893.418 1886.596 1924.880 1926.360 1991.370 2108.826 2134.980 2221.059 2288.202 2315.540 2375.665 2304.621 2332.572 2219.117 2164.034 2133.486 2045.018 2009.703 1873.417 1780.991 1762.233 1732.579 1621.563 1600.574 1581.546 1578.107 1544.250 1565.618 1515.887
1529.394 1459.523 1353.578 1235.590 1151.418 1101.870 1065.109 1152.698 1234.539 1251.373 1283.819 1324.042 1321.905 1296.688 1267.142 1298.099 1322.087 1365.711 1371.735 1447.042 1564.862 1756.327 1818.062 1929.866 2108.537 2133.256 2137.401 2039.583 1997.739 1917.141 1819.916 1837.671 1851.681 1919.272 1949.259 1950.846 1967.813 2110.646 2051.236 2140.905 2255.490 2316.842 2422.969 2739.726 2523.645 2573.447 2550.997 2512.684 2437.885 2265.062 2186.817 2099.082 2001.060 1937.679 1836.191 1826.816 1781.831 1692.629 1746.308 1701.001 1626.390 1586.146 1607.826
1601.891 1485.543 1321.910 1148.042 1027.073 1030.742 1060.623 1079.096 1200.701 1246.700 1210.079 1304.015 1304.231 1330.606 1296.625 1305.924 1310.169 1341.140 1375.443 1475.139 1589.102 1722.279 1798.178 1951.075 2055.440 2269.815 2105.332 1984.329 1955.718 1845.408 1871.810 1884.137 1912.110 1957.824 1917.901 1990.851 2147.064 2203.164 2219.859 2308.807 2348.540 2458.141 2608.429 2864.577 2862.140 2799.230 2889.981 2802.448 2758.386 2492.873 2336.701 2172.167 2099.405 2047.054 2017.254 1877.470 1931.144 1835.628 1811.509 1775.441 1770.844 1704.538 1720.883
1507.883 1387.648 1274.899 1081.983 892.600 941.899 1000.285 1073.384 1130.634 1208.509 1199.343 1322.875 1329.086 1339.574 1318.484 1366.327 1352.134 1374.322 1427.152 1515.042 1591.663 1694.741 1792.732 1838.976 1916.886 2020.469 1963.444 1911.361 1828.136 1820.045 1854.468 1845.133 1862.229 1910.329 1948.909 2013.960 2116.586 2187.331 2353.618 2383.575 2481.654 2669.552 2852.254 2877.408 2990.334 3060.380 3024.431 2935.867 2916.747 2711.753 2527.224 2307.597 2160.138 2123.451 2105.187 2056.548 1969.163 1915.499 1846.407 1867.203 1828.457 1782.719 1750.577
1428.307 1361.449 1252.999 1128.512 1002.842 975.686 997.050 1017.239 1109.758 1224.841 1205.730 1270.913 1295.228 1319.116 1370.509 1356.296 1349.779 1380.213 1435.706 1436.449 1538.369 1631.941 1671.447 1744.212 1798.881 1791.356 1778.714 1736.650 1754.461 1740.022 1695.687 1749.829 1799.840 1842.315 1864.598 1969.575 2131.073 2192.854 2428.497 2378.823 2564.249 2721.701 2924.912 2977.673 3045.223 3243.488 3140.703 3161.003 3055.476 2872.852 2745.175 2465.852 2247.533 2225.772 2182.407 2121.769 2075.632 2070.109 1984.833 1922.520 1874.005 1872.929 1848.401
1437.303 1309.529 1264.141 1134.663 1069.465 1003.447 1034.293 1067.337 1061.206 1132.131 1189.029 1213.601 1283.277 1354.748 1331.984 1437.570 1392.957 1452.703 1474.844 1464.748 1511.525 1547.392 1531.002 1577.770 1558.347 1570.554 1551.157 1574.891 1576.585 1546.443 1600.197 1626.480 1712.124 1777.554 1825.905 1940.135 2171.863 2302.327 2380.725 2493.898 2674.273 2812.977 2893.720 3037.973 3184.341 3342.542 3626.374 3166.206 3044.563 2900.162 2878.659 2508.797 2311.313 2211.716 2190.291 2191.276 2133.673 2020.163 2009.356 2007.450 2002.628 1911.307 1888.253
1390.084 1313.175 1282.677 1212.002 1082.077 1072.405 1084.698 1040.132 1056.155 1100.712 1153.965 1264.133 1309.318 1315.309 1388.963 1392.772 1412.667 1457.894 1509.685 1500.610 1458.245 1440.682 1391.742 1373.737 1389.867 1367.562 1362.723 1319.650 1349.936 1357.823 1418.494 1467.390 1589.294 1693.818 1798.716 2007.585 2151.758 2360.517 2488.376 2788.269 2684.357 2725.819 2909.224 2983.900 3058.757 3164.721 3310.215 3181.507 2991.233 2936.115 2867.366 2463.160 2321.283 2155.153 2131.843 2114.907 2112.937 2058.254 2047.668 2017.287 2038.870 1973.890 1985.345
1411.958 1369.257 1326.667 1193.784 1171.313 1092.224 1110.932 1047.370 1077.072 1111.230 1245.926 1234.285 1290.116 1374.797 1420.264 1405.014 1381.527 1427.809 1479.270 1390.066 1380.116 1333.742 1267.700 1267.531 1199.596 1148.384 1218.294 1226.119 1197.476 1214.151 1198.874 1238.620 1394.465 1634.601 1738.512 1874.041 2127.950 2332.845 2519.311 2713.984 2804.637 2702.663 2908.305 2868.496 3023.713 2997.176 3054.985 2990.813 2917.320 2728.837 2621.069 2397.957 2275.890 2192.141 2162.517 2151.458 2167.583 2109.152 2039.723 2074.370 2075.428 2043.717 2049.455
1388.630 1353.097 1287.164 1195.161 1166.416 1091.815 1098.274 1094.985 1113.134 1166.261 1186.670 1222.312 1296.628 1355.030 1398.022 1401.111 1378.742 1416.580 1357.514 1355.513 1354.158 1297.659 1217.947 1145.132 1050.485 961.949 1037.402 1042.638 1070.408 1043.933 1038.341 1089.694 1212.352 1461.404 1642.315 1847.537 2073.529 2325.517 2586.471 2655.544 2772.939 2731.177 2706.940 2803.748 2900.461 2906.849 2916.387 2797.323 2705.014 2550.120 2550.421 2382.378 2294.719 2257.545 2181.282 2120.918 2065.471 2055.969 2058.305 2029.883 2104.471 2041.154 2014.846
1381.470 1273.946 1294.279 1230.218 1125.162 1119.958 1136.341 1074.350 1123.435 1135.633 1192.114 1228.063 1266.876 1326.780 1347.483 1349.314 1397.477 1384.563 1332.745 1349.567 1341.388 1337.001 1247.795 1150.468 989.544 809.412 951.445 1014.654 1034.265 965.484 932.378 904.213 994.339 1216.292 1440.220 1743.077 2004.499 2276.745 2547.981 2437.802 2449.461 2345.464 2451.519 2449.234 2526.677 2594.518 2619.129 2529.031 2593.518 2445.085 2400.753 2346.880 2270.354 2131.205 2079.898 2075.114 2009.976 2032.920 2028.738 2017.917 2060.544 1994.664 1996.588
1311.747 1267.439 1276.205 1182.276 1187.222 1109.295 1102.886 1098.180 1051.805 1097.483 1145.501 1192.557 1266.470 1329.176 1331.692 1359.438 1364.947 1360.271 1369.151 1345.188 1338.499 1328.956 1293.409 1240.629 1149.057 1069.586 1096.974 1095.002 1046.555 988.982 895.654 833.753 789.653 976.178 1303.218 1563.826 1791.927 2070.135 2154.409 2224.914 2228.862 2119.605 2203.242 2201.874 2277.917 2300.710 2262.124 2234.546 2286.572 2279.051 2173.845 2182.196 2187.576 2041.991 2014.182 1924.944 1992.037 1929.862 1960.772 1918.461 1960.653 2007.688 1972.619
1310.517 1318.140 1275.181 1246.525 1117.303 1155.647 1072.229 1036.680 1058.069 1077.753 1140.588 1171.179 1202.602 1294.955 1369.613 1370.729 1372.080 1390.084 1375.823 1362.245 1368.706 1393.886 1434.115 1456.023 1400.294 1392.772 1304.043 1259.118 1192.904 1120.437 967.441 810.661 582.422 921.557 1243.557 1457.605 1693.020 1852.314 1905.778 1916.640 1914.940 1873.230 1880.614 1939.069 2009.549 2028.561 2065.560 2070.370 2066.691 2019.883 2048.437 2060.328 2008.814 1967.453 1897.043 1886.733 1885.569 1882.357 1894.067 1874.029 -999.250 2014.595 2022.278
1292.368 1329.007 1303.354 1273.992 1191.488 1140.512 1066.714 1030.495 1046.724 1038.193 1073.550 1124.733 1216.985 1284.507 1353.201 1405.094 1365.916 1365.530 1363.182 1403.843 1433.519 1518.860 1558.567 1676.483 1670.429 1707.733 1663.320 1593.046 1535.717 1416.561 1252.095 1042.144 934.069 1078.298 1270.381 1449.078 1583.979 1711.511 1681.004 1680.858 1626.370 1587.517 1616.078 1634.938 1720.693 1799.979 1829.438 1818.957 1876.704 1848.705 1881.036 1880.130 1916.606 1878.303 1806.078 1810.795 1826.123 1807.108 -999.250 -999.250 -999.250 -999.250 -999.250
1272.788 1323.095 1365.179 1395.095 1319.791 1219.912 1065.155 1027.355 1059.762 1002.902 1047.146 1087.537 1194.419 1326.201 1387.587 1355.481 1404.490 1443.651 1468.622 1481.711 1529.535 1594.705 1698.564 1857.899 2011.705 2044.265 2043.710 1992.665 1912.042 1757.125 1559.002 1377.519 1275.692 1348.744 1342.127 1474.888 1550.010 1530.085 1463.765 1374.922 1239.572 1221.301 1220.584 1344.259 1444.520 1598.196 1643.306 1627.091 1615.675 1696.693 1681.337 1756.644 1755.412 1782.176 1706.905 1777.896 1685.332 -999.250 -999.250 -999.250 -999.250 -999.250 -999.250
1300.233 1347.383 1434.831 1454.452 1357.851 1247.510 1102.438 1012.842 1000.906 1006.382 1077.079 1075.921 1286.132 1440.776 1493.058 1534.301 1480.601 1494.044 1437.036 1467.674 1531.309 1667.335 1868.053 2048.959 2284.519 2449.835 2472.916 2391.001 2415.435 2178.098 1825.618 1718.533 1610.779 1581.963 1525.377 1517.922 1497.874 1487.945 1336.050 1184.981 1021.077 895.876 916.821 1070.775 1224.321 1319.019 1343.320 1430.104 1522.360 1557.790 1556.508 1597.357 1581.316 1602.459 1666.902 1625.374 1618.354 -999.250 -999.250 -999.250 -999.250 -999.250 -999.250
1366.721 1447.102 1492.443 1473.901 1376.514 1306.528 1096.893 975.670 984.343 1071.421 1191.245 1388.449 1479.037 1538.528 1610.978 1620.227 1588.532 1545.458 1435.570 1402.697 1531.839 1742.706 1972.398 2422.104 2670.119 2956.471 2989.257 2942.651 2819.125 2632.767 2205.813 2040.625 1835.625 1810.282 1638.338 1655.456 1570.002 1416.951 1308.128 1089.304 855.011 506.823 755.153 849.039 1058.567 1137.061 1224.583 1260.172 1366.993 1369.295 1431.597 1412.324 1396.721 1477.260 1528.308 1570.324 -999.250 -999.250 -999.250 -999.250 -999.250 -999.250 -999.250
1414.486 1479.260 1584.225 1563.167 1512.919 1342.149 1128.743 908.174 1073.332 1232.632 1339.823 1556.861 1595.213 1666.430 1720.792 1753.284 1669.394 1585.215 1461.615 1369.468 1485.724 1702.886 2087.411 2731.403 3081.217 3328.939 3500.339 3424.869 3126.498 2943.943 2662.737 2356.338 2145.482 2011.600 1866.400 1783.539 1703.909 1560.561 1432.193 1179.897 907.225 743.604 739.782 832.775 971.710 1052.758 1132.789 1155.230 1223.870 1222.998 1257.335 1295.034 1346.060 1389.991 1381.468 -999.250 -999.250 -999.250 -999.250 -999.250 -999.250 -999.250 -999.250
1424.595 1530.276 1627.684 1653.510 1545.764 1405.221 1201.175 1190.821 1235.120 1382.179 1516.992 1632.760 1755.318 1848.632 1933.093 1991.448 1919.767 1711.782 1523.480 1330.169 1343.854 1686.531 2199.185 2904.187 3337.556 3637.070 4561.403 3762.996 3827.963 3173.962 2981.817 2765.840 2481.062 2199.604 2060.878 1948.633 1828.488 1671.384 1578.459 1339.879 1103.414 913.545 843.166 878.584 893.767 985.050 1000.691 1061.843 1137.488 1187.543 1211.026 1258.126 1238.718 1328.087 1377.492 -999.250 -999.250 -999.250 -999.250 -999.250 -999.250 -999.250 -999.250
