data/medianmodel_09-Apr-2020.asc
ncols	141
nrows	288
xllcorner	-120191.398
yllcorner	-301404.813
cellsize	2000.000
NODATA_value	-999.250
[rows 210 to 239 of 288, columns 68 to 135 of 141]
20.751 20.086 20.780 23.814 28.695 28.166 26.011 25.329 28.549 29.678 29.537 31.326 30.584 36.596 42.258 40.372 39.014 38.892 37.686 41.134 45.639 49.012 42.210 42.754 46.353 41.150 41.992 40.823 38.762 35.057 28.628 -999.250 -999.250 -999.250 -999.250 -999.250 -999.250 -999.250 -999.250 -999.250 -999.250 -999.250 -999.250 -999.250 -999.250 -999.250 -999.250 -999.250 -999.250 -999.250 -999.250 -999.250 -999.250 -999.250 -999.250 -999.250 -999.250 -999.250 -999.250 -999.250 -999.250 -999.250 -999.250 -999.250 -999.250 -999.250 -999.250 -999.250
18.153 16.313 21.700 24.870 26.251 24.717 24.104 28.725 26.984 30.868 32.406 30.773 32.955 35.738 36.620 39.820 34.057 40.364 39.011 41.211 41.432 41.592 48.633 41.061 47.395 38.740 40.024 39.716 35.562 31.244 32.655 27.592 -999.250 -999.250 -999.250 -999.250 -999.250 -999.250 -999.250 -999.250 -999.250 -999.250 -999.250 -999.250 -999.250 -999.250 -999.250 -999.250 -999.250 -999.250 -999.250 -999.250 -999.250 -999.250 -999.250 -999.250 -999.250 -999.250 -999.250 -999.250 -999.250 -999.250 -999.250 -999.250 -999.250 -999.250 -999.250 -999.250
17.494 18.584 19.638 20.031 23.656 22.978 21.436 23.580 24.232 30.912 33.671 30.105 34.855 30.594 32.711 35.646 39.470 39.419 39.757 41.146 42.585 42.750 39.505 48.288 43.032 40.640 38.473 34.319 36.833 32.796 31.068 28.223 25.646 -999.250 -999.250 -999.250 -999.250 -999.250 -999.250 -999.250 -999.250 -999.250 -999.250 -999.250 -999.250 -999.250 -999.250 -999.250 -999.250 -999.250 -999.250 -999.250 -999.250 -999.250 -999.250 -999.250 -999.250 -999.250 -999.250 -999.250 -999.250 -999.250 -999.250 -999.250 -999.250 -999.250 -999.250 -999.250
18.189 21.119 20.091 19.406 20.032 20.240 21.331 23.387 25.540 28.148 34.317 30.188 29.953 30.145 28.406 27.776 33.803 39.660 36.148 37.965 42.444 33.137 37.738 36.184 38.125 40.421 37.063 33.059 32.218 31.738 29.485 30.100 26.230 -999.250 -999.250 -999.250 -999.250 -999.250 -999.250 -999.250 -999.250 -999.250 -999.250 -999.250 -999.250 -999.250 -999.250 -999.250 -999.250 -999.250 -999.250 -999.250 -999.250 -999.250 -999.250 -999.250 -999.250 -999.250 -999.250 -999.250 -999.250 -999.250 -999.250 -999.250 -999.250 -999.250 -999.250 -999.250
16.274 15.853 17.580 18.602 18.164 22.847 18.808 19.875 21.524 24.466 27.144 29.275 28.811 29.501 32.137 30.896 32.558 35.671 37.387 41.822 37.701 40.880 36.128 37.768 34.699 39.811 37.531 30.160 29.923 30.023 33.005 27.778 24.753 21.943 -999.250 -999.250 -999.250 -999.250 -999.250 -999.250 -999.250 -999.250 -999.250 -999.250 -999.250 -999.250 -999.250 -999.250 -999.250 -999.250 -999.250 -999.250 -999.250 -999.250 -999.250 -999.250 -999.250 -999.250 -999.250 -999.250 -999.250 -999.250 -999.250 -999.250 -999.250 -999.250 -999.250 -999.250
15.146 15.195 17.629 17.731 16.922 15.624 14.263 15.846 16.312 18.973 24.581 25.561 27.594 24.842 27.156 28.164 34.179 29.198 33.812 33.930 33.603 32.599 35.252 31.217 33.368 32.970 32.600 30.782 27.262 29.193 27.061 26.188 22.211 23.576 19.452 -999.250 -999.250 -999.250 -999.250 -999.250 -999.250 -999.250 -999.250 -999.250 -999.250 -999.250 -999.250 -999.250 -999.250 -999.250 -999.250 -999.250 -999.250 -999.250 -999.250 -999.250 -999.250 -999.250 -999.250 -999.250 -999.250 -999.250 -999.250 -999.250 -999.250 -999.250 -999.250 -999.250
13.759 16.081 16.400 17.678 16.262 14.749 11.244 6.644 11.122 17.334 20.315 23.342 21.428 27.459 26.409 26.963 30.151 30.916 32.415 32.966 33.556 32.168 36.010 31.673 34.466 30.182 32.184 28.481 29.704 26.531 22.404 23.506 19.305 22.799 18.723 -999.250 -999.250 -999.250 -999.250 -999.250 -999.250 -999.250 -999.250 -999.250 -999.250 -999.250 -999.250 -999.250 -999.250 -999.250 -999.250 -999.250 -999.250 -999.250 -999.250 -999.250 -999.250 -999.250 -999.250 -999.250 -999.250 -999.250 -999.250 -999.250 -999.250 -999.250 -999.250 -999.250
14.444 15.173 17.280 16.646 15.801 11.854 6.270 0.000 6.724 12.826 17.052 20.095 25.581 25.915 24.937 22.146 30.266 32.088 30.734 31.518 33.351 34.807 34.154 31.177 26.940 28.064 29.527 24.431 25.654 21.834 21.506 20.881 19.172 16.629 18.376 -999.250 -999.250 -999.250 -999.250 -999.250 -999.250 -999.250 -999.250 -999.250 -999.250 -999.250 -999.250 -999.250 -999.250 -999.250 -999.250 -999.250 -999.250 -999.250 -999.250 -999.250 -999.250 -999.250 -999.250 -999.250 -999.250 -999.250 -999.250 -999.250 -999.250 -999.250 -999.250 -999.250
16.710 17.169 17.372 15.138 15.250 14.435 9.382 6.443 11.160 13.628 19.677 21.332 20.573 23.438 25.516 25.913 27.165 35.464 32.055 27.839 28.314 32.728 34.004 29.023 26.777 26.752 25.535 24.373 23.362 21.034 21.053 20.464 17.886 16.082 15.289 15.911 -999.250 -999.250 -999.250 -999.250 -999.250 -999.250 -999.250 15.032 -999.250 -999.250 -999.250 -999.250 -999.250 -999.250 -999.250 -999.250 -999.250 -999.250 -999.250 -999.250 -999.250 -999.250 -999.250 -999.250 -999.250 -999.250 -999.250 -999.250 -999.250 -999.250 -999.250 -999.250
17.939 19.468 18.807 18.277 16.549 14.873 13.238 11.313 13.260 16.154 19.534 18.653 19.863 21.548 25.012 26.180 27.106 30.473 30.972 29.511 26.203 29.154 27.841 24.630 24.018 20.802 21.646 20.736 16.475 19.610 16.835 18.817 18.399 16.008 12.597 13.902 12.121 -999.250 -999.250 -999.250 10.811 12.021 13.442 14.314 -999.250 -999.250 -999.250 -999.250 -999.250 -999.250 -999.250 -999.250 -999.250 -999.250 -999.250 -999.250 -999.250 -999.250 -999.250 -999.250 -999.250 -999.250 -999.250 -999.250 -999.250 -999.250 -999.250 -999.250
19.379 20.780 21.763 23.257 20.137 15.229 14.924 15.677 12.634 18.832 19.202 21.223 22.619 21.034 24.363 25.223 25.310 26.684 26.023 27.099 26.472 25.583 26.395 22.373 18.295 16.812 17.674 15.503 17.216 18.011 17.559 14.353 14.572 12.346 11.737 11.721 10.069 -999.250 6.233 7.598 8.479 10.292 12.912 -999.250 -999.250 -999.250 -999.250 -999.250 -999.250 -999.250 -999.250 -999.250 -999.250 -999.250 -999.250 -999.250 -999.250 -999.250 -999.250 -999.250 -999.250 -999.250 -999.250 -999.250 -999.250 -999.250 -999.250 -999.250
20.077 21.427 20.944 23.883 20.062 18.445 15.906 15.340 17.393 20.690 18.618 20.346 20.690 21.230 25.624 28.055 25.882 26.189 25.549 29.859 27.491 24.007 20.933 20.012 14.763 12.043 12.810 12.668 12.597 14.846 17.029 14.924 10.611 9.607 9.392 11.409 9.538 6.341 2.829 0.000 4.733 8.818 11.090 -999.250 -999.250 -999.250 -999.250 -999.250 -999.250 -999.250 -999.250 -999.250 -999.250 -999.250 -999.250 -999.250 -999.250 -999.250 -999.250 -999.250 -999.250 -999.250 -999.250 -999.250 -999.250 -999.250 -999.250 -999.250
18.957 22.441 22.771 23.034 20.323 19.656 16.371 15.533 18.977 17.815 18.670 19.903 19.356 22.210 25.552 27.017 27.789 24.653 25.815 27.396 29.729 26.417 20.931 15.017 7.290 10.187 13.365 13.744 12.966 14.192 14.987 15.897 11.713 12.337 8.900 9.175 8.990 3.916 2.721 2.117 6.644 8.652 10.634 -999.250 -999.250 -999.250 -999.250 -999.250 -999.250 -999.250 -999.250 -999.250 -999.250 -999.250 -999.250 -999.250 -999.250 -999.250 -999.250 -999.250 -999.250 -999.250 -999.250 -999.250 -999.250 -999.250 -999.250 -999.250
20.519 22.266 22.578 21.726 19.736 17.363 18.109 17.295 19.719 19.390 20.184 20.157 23.617 22.178 25.577 24.067 26.400 30.892 29.579 33.416 27.901 26.414 21.935 18.689 18.083 14.059 16.640 17.287 17.901 14.974 15.790 13.357 12.406 13.070 11.568 7.830 8.525 8.248 7.908 8.700 10.299 9.674 11.002 -999.250 -999.250 -999.250 -999.250 -999.250 -999.250 -999.250 -999.250 -999.250 -999.250 -999.250 -999.250 -999.250 -999.250 -999.250 -999.250 -999.250 -999.250 -999.250 -999.250 -999.250 -999.250 -999.250 -999.250 -999.250
20.461 19.291 21.926 20.254 19.264 17.059 19.668 18.597 21.533 24.403 22.228 24.644 29.280 28.274 25.996 27.531 28.859 33.980 37.160 32.486 30.308 28.392 23.333 21.093 19.866 18.917 20.698 20.788 19.893 18.617 19.913 13.594 13.970 11.110 11.276 9.620 8.453 9.010 8.950 10.590 10.742 10.139 -999.250 -999.250 -999.250 -999.250 -999.250 -999.250 -999.250 -999.250 -999.250 -999.250 -999.250 -999.250 -999.250 -999.250 -999.250 -999.250 -999.250 -999.250 -999.250 -999.250 -999.250 -999.250 -999.250 -999.250 -999.250 -999.250
15.518 19.793 19.032 18.887 20.383 20.280 20.261 22.414 23.672 22.712 26.036 28.440 29.269 31.433 35.735 36.879 35.852 39.065 39.620 32.348 33.507 30.044 27.988 24.688 25.902 24.275 23.916 23.452 20.693 22.658 18.315 13.859 13.839 11.246 10.761 11.496 12.783 12.374 11.905 13.299 12.943 11.891 -999.250 -999.250 -999.250 -999.250 -999.250 -999.250 -999.250 -999.250 -999.250 -999.250 -999.250 -999.250 -999.250 -999.250 -999.250 -999.250 -999.250 -999.250 -999.250 -999.250 -999.250 -999.250 -999.250 -999.250 -999.250 -999.250
18.132 18.484 18.368 17.979 19.856 21.179 25.787 24.174 24.633 23.861 25.089 33.945 33.388 33.377 45.271 38.383 43.308 39.259 37.928 39.262 33.617 34.685 30.205 29.536 29.090 25.008 27.367 23.945 25.868 25.346 21.234 19.883 16.389 12.088 14.193 11.850 17.309 14.399 14.086 15.072 16.942 16.023 -999.250 -999.250 -999.250 -999.250 -999.250 -999.250 -999.250 -999.250 -999.250 -999.250 -999.250 -999.250 -999.250 -999.250 -999.250 -999.250 -999.250 -999.250 -999.250 -999.250 -999.250 -999.250 -999.250 -999.250 -999.250 -999.250
16.485 18.787 17.400 18.493 19.977 22.099 24.587 26.082 24.392 29.216 28.568 31.819 30.490 42.474 41.360 51.148 46.499 46.492 41.448 41.258 42.628 41.724 38.075 36.742 35.042 33.782 29.153 27.564 27.550 22.597 22.755 20.605 15.887 14.418 15.001 12.074 14.681 15.592 13.346 17.934 20.480 -999.250 -999.250 -999.250 -999.250 -999.250 -999.250 -999.250 -999.250 -999.250 -999.250 -999.250 -999.250 -999.250 -999.250 -999.250 -999.250 -999.250 -999.250 -999.250 -999.250 -999.250 -999.250 -999.250 -999.250 -999.250 -999.250 -999.250
14.774 16.212 16.778 17.139 18.314 19.264 22.222 23.553 26.374 30.636 30.312 32.593 37.710 36.688 45.764 43.567 45.567 45.213 51.106 45.316 50.910 42.390 41.764 40.007 35.840 30.382 31.787 30.363 25.469 25.780 23.575 19.536 18.586 18.637 16.812 15.896 -999.250 -999.250 15.563 16.163 22.078 -999.250 -999.250 -999.250 -999.250 -999.250 -999.250 -999.250 -999.250 -999.250 -999.250 -999.250 -999.250 -999.250 -999.250 -999.250 -999.250 -999.250 -999.250 -999.250 -999.250 -999.250 -999.250 -999.250 -999.250 -999.250 -999.250 -999.250
17.272 16.808 11.912 18.086 19.865 19.793 23.528 25.184 29.920 33.027 30.098 32.727 34.022 41.618 49.047 50.153 47.069 58.454 49.212 54.962 52.465 44.523 52.278 37.059 38.129 35.554 33.561 29.667 29.382 27.002 28.098 23.356 18.708 18.013 20.053 15.012 -999.250 -999.250 -999.250 -999.250 -999.250 -999.250 -999.250 -999.250 -999.250 -999.250 -999.250 -999.250 -999.250 -999.250 -999.250 -999.250 -999.250 -999.250 -999.250 -999.250 -999.250 -999.250 -999.250 -999.250 -999.250 -999.250 -999.250 -999.250 -999.250 -999.250 -999.250 -999.250
18.139 18.103 17.910 19.121 21.370 24.975 24.537 24.088 30.710 29.268 32.865 39.081 37.568 50.649 51.271 50.104 52.920 63.100 64.297 61.316 56.130 52.992 49.657 37.751 50.670 41.444 38.339 32.556 29.310 28.487 30.845 29.887 -999.250 -999.250 19.239 -999.250 -999.250 -999.250 -999.250 -999.250 -999.250 -999.250 -999.250 -999.250 -999.250 -999.250 -999.250 -999.250 -999.250 -999.250 -999.250 -999.250 -999.250 -999.250 -999.250 -999.250 -999.250 -999.250 -999.250 -999.250 -999.250 -999.250 -999.250 -999.250 -999.250 -999.250 -999.250 -999.250
16.280 18.578 20.742 21.994 25.319 27.190 26.366 24.977 30.986 31.383 36.532 44.217 37.504 41.125 53.484 57.137 60.460 67.003 65.894 69.525 68.172 50.740 62.056 52.894 55.037 47.679 42.467 35.728 41.569 39.454 -999.250 -999.250 -999.250 -999.250 -999.250 -999.250 -999.250 -999.250 -999.250 -999.250 -999.250 -999.250 -999.250 -999.250 -999.250 -999.250 -999.250 -999.250 -999.250 -999.250 -999.250 -999.250 -999.250 -999.250 -999.250 -999.250 -999.250 -999.250 -999.250 -999.250 -999.250 -999.250 -999.250 -999.250 -999.250 -999.250 -999.250 -999.250
17.819 20.302 21.149 26.084 21.587 22.272 21.857 27.254 29.790 37.186 45.023 45.391 40.327 51.256 54.733 60.244 72.434 73.293 66.604 78.380 71.760 61.159 67.693 63.064 54.393 48.123 35.366 43.177 39.019 34.132 -999.250 -999.250 -999.250 -999.250 -999.250 -999.250 -999.250 -999.250 -999.250 -999.250 -999.250 -999.250 -999.250 -999.250 -999.250 -999.250 -999.250 -999.250 -999.250 -999.250 -999.250 -999.250 -999.250 -999.250 -999.250 -999.250 -999.250 -999.250 -999.250 -999.250 -999.250 -999.250 -999.250 -999.250 -999.250 -999.250 -999.250 -999.250
17.463 19.159 22.182 25.306 24.811 29.369 27.082 31.786 35.275 40.500 43.960 48.604 53.275 58.711 66.209 69.852 72.887 84.545 76.997 85.306 81.419 72.593 66.155 66.830 63.281 51.118 51.077 47.130 42.317 35.706 -999.250 -999.250 -999.250 -999.250 -999.250 -999.250 -999.250 -999.250 -999.250 -999.250 -999.250 -999.250 -999.250 -999.250 -999.250 -999.250 -999.250 -999.250 -999.250 -999.250 -999.250 -999.250 -999.250 -999.250 -999.250 -999.250 -999.250 -999.250 -999.250 -999.250 -999.250 -999.250 -999.250 -999.250 -999.250 -999.250 -999.250 -999.250
15.692 19.903 22.953 22.429 24.223 26.081 25.400 25.748 33.069 45.530 49.368 51.172 58.965 63.003 70.936 74.257 84.964 81.813 81.344 88.476 81.223 91.079 86.808 64.951 67.777 56.919 52.038 43.139 36.034 37.999 -999.250 -999.250 -999.250 -999.250 -999.250 -999.250 -999.250 -999.250 -999.250 -999.250 -999.250 -999.250 -999.250 -999.250 -999.250 -999.250 -999.250 -999.250 -999.250 -999.250 -999.250 -999.250 -999.250 -999.250 -999.250 -999.250 -999.250 -999.250 -999.250 -999.250 -999.250 -999.250 -999.250 -999.250 -999.250 -999.250 -999.250 -999.250
18.454 22.407 24.781 23.957 26.302 24.507 26.700 34.156 34.011 41.752 51.331 62.766 56.362 63.767 72.833 83.686 89.229 95.922 97.127 84.940 82.938 80.613 74.763 72.891 67.196 68.132 53.398 54.832 38.934 -999.250 -999.250 -999.250 -999.250 -999.250 -999.250 -999.250 -999.250 -999.250 -999.250 -999.250 -999.250 -999.250 -999.250 -999.250 -999.250 -999.250 -999.250 -999.250 -999.250 -999.250 -999.250 -999.250 -999.250 -999.250 -999.250 -999.250 -999.250 -999.250 -999.250 -999.250 -999.250 -999.250 -999.250 -999.250 -999.250 -999.250 -999.250 -999.250
22.157 20.072 23.578 22.945 25.962 24.616 29.698 36.132 39.220 39.588 52.968 57.647 58.129 67.411 76.998 80.623 89.282 97.875 95.224 84.978 85.531 81.587 81.327 67.838 74.096 62.343 58.842 47.897 41.412 -999.250 -999.250 -999.250 -999.250 -999.250 -999.250 -999.250 -999.250 -999.250 -999.250 -999.250 -999.250 -999.250 -999.250 -999.250 -999.250 -999.250 -999.250 -999.250 -999.250 -999.250 -999.250 -999.250 -999.250 -999.250 -999.250 -999.250 -999.250 -999.250 -999.250 -999.250 -999.250 -999.250 -999.250 -999.250 -999.250 -999.250 -999.250 -999.250
20.588 18.733 20.673 24.540 23.677 22.135 27.091 33.507 41.692 40.444 50.091 59.735 56.159 67.568 80.864 80.151 92.946 85.436 88.614 83.298 82.950 78.612 79.138 69.635 59.269 60.958 52.886 45.166 34.524 -999.250 -999.250 -999.250 -999.250 -999.250 -999.250 -999.250 -999.250 -999.250 -999.250 -999.250 -999.250 -999.250 -999.250 -999.250 -999.250 -999.250 -999.250 -999.250 -999.250 -999.250 -999.250 -999.250 -999.250 -999.250 -999.250 -999.250 -999.250 -999.250 -999.250 -999.250 -999.250 -999.250 -999.250 -999.250 -999.250 -999.250 -999.250 -999.250
17.607 17.405 18.354 22.704 22.319 23.885 24.381 32.091 40.759 44.338 51.621 53.810 59.677 70.510 71.166 87.583 92.918 88.156 87.322 81.314 80.961 70.519 64.138 62.976 57.087 49.194 43.200 40.169 -999.250 -999.250 -999.250 -999.250 -999.250 -999.250 -999.250 -999.250 -999.250 -999.250 -999.250 -999.250 -999.250 -999.250 -999.250 -999.250 -999.250 -999.250 -999.250 -999.250 -999.250 -999.250 -999.250 -999.250 -999.250 -999.250 -999.250 -999.250 -999.250 -999.250 -999.250 -999.250 -999.250 -999.250 -999.250 -999.250 -999.250 -999.250 -999.250 -999.250
14.742 18.439 19.737 20.343 21.651 25.586 26.359 28.581 32.871 36.056 45.335 55.428 49.266 58.844 57.257 75.474 84.989 76.997 81.429 71.618 68.499 69.041 62.954 57.952 52.567 47.694 41.502 35.860 -999.250 -999.250 -999.250 -999.250 -999.250 -999.250 -999.250 -999.250 -999.250 -999.250 -999.250 -999.250 -999.250 -999.250 -999.250 -999.250 -999.250 -999.250 -999.250 -999.250 -999.250 -999.250 -999.250 -999.250 -999.250 -999.250 -999.250 -999.250 -999.250 -999.250 -999.250 -999.250 -999.250 -999.250 -999.250 -999.250 -999.250 -999.250 -999.250 -999.250
