data/medianmodel_23-May-2020.asc
ncols	141
nrows	288
xllcorner	-120191.398
yllcorner	-301404.813
cellsize	2000.000
NODATA_value	-999.250
[rows 217 to 247 of 288, columns 0 to 69 of 141]
-999.250 -999.250 -999.250 -999.250 -999.250 -999.250 -999.250 -999.250 -999.250 -999.250 -999.250 -999.250 -999.250 -999.250 -999.250 -999.250 -999.250 -999.250 -999.250 -999.250 -999.250 -999.250 -999.250 -999.250 -999.250 -999.250 -999.250 -999.250 -999.250 -999.250 -999.250 12.061 14.294 13.969 12.925 12.062 10.372 9.377 6.999 8.157 8.589 7.225 7.891 7.370 7.556 9.417 8.421 6.605 8.499 5.793 6.102 9.608 7.354 9.264 8.303 7.753 9.620 8.121 7.915 5.024 4.805 2.729 1.989 0.000 0.000 0.000 0.000 0.000 0.000 0.000
-999.250 -999.250 -999.250 -999.250 -999.250 -999.250 -999.250 -999.250 -999.250 -999.250 -999.250 -999.250 -999.250 -999.250 -999.250 -999.250 -999.250 -999.250 -999.250 -999.250 -999.250 -999.250 -999.250 -999.250 -999.250 -999.250 -999.250 -999.250 -999.250 -999.250 -999.250 11.675 11.147 12.932 11.489 12.973 12.824 8.542 7.097 10.033 8.880 5.088 7.659 7.152 5.869 8.653 8.949 9.471 7.008 7.078 6.785 7.291 8.909 9.053 10.520 8.263 5.044 7.886 7.307 4.578 4.987 5.396 0.000 0.000 0.000 0.000 0.000 0.000 0.000 0.000
-999.250 -999.250 -999.250 -999.250 -999.250 -999.250 -999.250 -999.250 -999.250 -999.250 -999.250 -999.250 -999.250 -999.250 -999.250 -999.250 -999.250 -999.250 -999.250 -999.250 -999.250 -999.250 -999.250 -999.250 -999.250 -999.250 -999.250 -999.250 -999.250 -999.250 -999.250 11.846 13.247 13.215 10.777 9.088 8.096 7.174 5.379 7.412 6.064 6.831 7.596 6.887 8.669 9.455 7.836 8.417 7.097 7.289 7.385 7.800 6.901 8.473 7.542 8.381 6.755 6.804 9.136 5.532 4.525 5.158 0.388 0.000 0.000 0.000 0.000 0.000 0.000 0.000
-999.250 -999.250 -999.250 -999.250 -999.250 -999.250 -999.250 -999.250 -999.250 -999.250 -999.250 -999.250 -999.250 -999.250 -999.250 -999.250 -999.250 -999.250 -999.250 -999.250 -999.250 -999.250 -999.250 -999.250 -999.250 -999.250 -999.250 -999.250 -999.250 -999.250 -999.250 13.596 13.611 8.864 7.545 10.407 6.871 5.344 6.088 5.059 5.116 7.015 6.409 5.636 6.335 7.927 5.495 7.549 6.932 7.253 6.615 6.695 7.039 7.570 7.456 6.471 5.922 4.839 5.908 5.207 5.488 4.323 2.217 0.251 0.000 0.000 0.000 0.000 0.000 0.000
-999.250 -999.250 -999.250 -999.250 -999.250 -999.250 -999.250 -999.250 -999.250 -999.250 -999.250 -999.250 -999.250 -999.250 -999.250 -999.250 -999.250 -999.250 -999.250 -999.250 -999.250 -999.250 -999.250 -999.250 -999.250 -999.250 -999.250 -999.250 -999.250 -999.250 -999.250 11.682 11.546 10.645 9.208 9.494 7.975 7.290 4.992 5.035 5.524 5.081 6.106 7.061 5.784 7.462 9.557 7.575 6.651 7.728 6.173 7.511 10.744 7.096 6.603 6.565 5.235 6.009 5.527 5.358 4.562 3.815 1.832 1.641 0.744 0.494 0.000 0.000 0.000 0.000
-999.250 -999.250 -999.250 -999.250 -999.250 -999.250 -999.250 -999.250 -999.250 -999.250 -999.250 -999.250 -999.250 -999.250 -999.250 -999.250 -999.250 -999.250 -999.250 -999.250 -999.250 -999.250 -999.250 -999.250 -999.250 -999.250 -999.250 -999.250 -999.250 -999.250 -999.250 9.681 11.315 12.252 13.883 11.356 8.151 5.871 6.405 6.421 4.510 5.747 8.321 6.852 7.330 10.014 8.973 9.921 7.302 8.478 6.482 10.140 7.707 8.419 6.747 4.616 5.788 4.218 6.637 5.010 4.893 1.677 3.165 2.252 0.791 3.216 0.000 0.000 0.000 0.000
-999.250 -999.250 -999.250 -999.250 -999.250 -999.250 -999.250 -999.250 -999.250 -999.250 -999.250 -999.250 -999.250 -999.250 -999.250 -999.250 -999.250 -999.250 -999.250 -999.250 -999.250 -999.250 -999.250 -999.250 -999.250 -999.250 -999.250 -999.250 -999.250 -999.250 6.099 8.946 10.654 9.234 8.371 9.436 9.151 9.046 7.535 5.342 5.821 5.021 6.985 7.725 8.394 9.656 11.849 9.535 6.073 6.988 7.389 4.590 4.872 7.011 6.100 5.552 6.678 3.997 5.261 2.787 2.654 2.981 2.243 2.605 2.842 2.250 1.038 0.000 0.000 0.137
-999.250 -999.250 -999.250 -999.250 -999.250 -999.250 -999.250 -999.250 -999.250 -999.250 -999.250 -999.250 -999.250 -999.250 -999.250 -999.250 -999.250 -999.250 -999.250 -999.250 -999.250 -999.250 -999.250 -999.250 -999.250 -999.250 -999.250 -999.250 -999.250 -999.250 6.609 6.274 4.817 6.770 6.888 5.369 7.311 8.445 7.787 7.064 6.099 7.047 7.927 7.787 8.767 10.784 8.964 7.360 7.028 6.852 7.507 5.737 6.243 6.643 5.812 3.538 2.114 0.802 1.732 3.039 2.798 1.349 0.574 0.802 1.427 1.264 0.000 0.023 0.000 0.000
-999.250 -999.250 -999.250 -999.250 -999.250 -999.250 -999.250 -999.250 -999.250 -999.250 -999.250 -999.250 -999.250 -999.250 -999.250 -999.250 -999.250 -999.250 -999.250 -999.250 -999.250 -999.250 -999.250 -999.250 -999.250 -999.250 -999.250 -999.250 -999.250 -999.250 6.200 7.042 6.024 7.488 7.357 7.420 7.829 8.748 10.196 6.358 7.129 6.562 8.130 8.053 7.839 9.494 9.090 8.560 7.168 6.989 7.175 5.086 4.816 4.794 2.314 3.087 1.959 0.828 0.347 0.182 0.000 0.000 1.638 2.560 0.495 0.931 0.000 0.000 0.000 0.000
-999.250 -999.250 -999.250 -999.250 -999.250 -999.250 -999.250 -999.250 -999.250 -999.250 -999.250 -999.250 -999.250 -999.250 -999.250 -999.250 -999.250 -999.250 -999.250 -999.250 -999.250 -999.250 -999.250 -999.250 -999.250 -999.250 -999.250 -999.250 -999.250 -999.250 7.055 6.739 7.239 8.408 6.881 6.781 6.153 6.667 5.852 5.779 5.311 7.317 7.571 7.267 8.969 8.250 4.874 3.844 6.932 7.509 7.419 5.956 5.958 3.846 1.306 0.882 0.000 0.000 0.000 1.428 0.447 0.752 2.240 1.338 1.264 0.481 0.000 0.000 0.000 0.000
-999.250 -999.250 -999.250 -999.250 -999.250 -999.250 -999.250 -999.250 -999.250 -999.250 -999.250 -999.250 -999.250 -999.250 -999.250 -999.250 -999.250 -999.250 -999.250 -999.250 -999.250 -999.250 -999.250 -999.250 -999.250 -999.250 -999.250 -999.250 -999.250 3.622 5.757 7.584 6.871 6.814 7.079 5.370 6.789 5.698 5.154 5.350 5.283 8.362 4.441 5.942 7.858 6.218 6.181 7.284 7.357 7.652 6.912 5.464 3.254 1.637 2.846 0.000 0.000 0.000 0.000 0.000 0.000 0.589 0.000 1.673 3.492 0.576 0.000 0.000 0.000 0.000
-999.250 -999.250 -999.250 -999.250 -999.250 -999.250 -999.250 -999.250 -999.250 -999.250 -999.250 -999.250 -999.250 -999.250 -999.250 -999.250 -999.250 -999.250 -999.250 -999.250 -999.250 -999.250 -999.250 -999.250 -999.250 -999.250 -999.250 -999.250 -999.250 4.872 5.965 5.964 7.024 6.763 6.548 7.337 7.105 5.346 4.351 6.711 6.178 3.859 4.709 4.462 5.145 3.895 5.668 5.693 5.521 5.203 6.602 7.536 4.288 2.707 2.761 0.000 0.000 0.000 0.000 0.000 1.006 2.598 1.938 2.321 3.053 2.415 0.000 0.000 0.907 0.000
-999.250 -999.250 -999.250 -999.250 -999.250 -999.250 -999.250 -999.250 -999.250 -999.250 -999.250 -999.250 -999.250 -999.250 -999.250 -999.250 -999.250 -999.250 -999.250 -999.250 -999.250 -999.250 -999.250 -999.250 -999.250 -999.250 -999.250 -999.250 3.764 4.329 4.288 3.567 4.925 5.235 3.790 5.456 6.947 5.809 5.273 5.523 6.279 1.910 5.444 5.183 5.316 3.617 4.795 4.672 4.566 8.385 7.139 5.751 3.180 3.793 2.110 0.005 0.000 0.000 0.000 0.000 0.578 4.454 2.152 0.379 1.058 0.757 1.131 0.000 0.000 0.000
-999.250 -999.250 -999.250 -999.250 -999.250 -999.250 -999.250 -999.250 -999.250 -999.250 -999.250 -999.250 -999.250 -999.250 -999.250 -999.250 -999.250 -999.250 -999.250 -999.250 -999.250 -999.250 -999.250 -999.250 -999.250 -999.250 -999.250 -999.250 4.862 4.931 6.171 4.480 3.685 4.428 7.295 7.612 6.857 4.754 5.413 5.070 4.894 7.061 6.598 5.244 8.039 4.365 2.280 3.796 3.603 4.828 7.143 5.355 4.229 4.399 0.398 0.045 0.000 0.000 0.152 0.000 1.037 0.933 0.273 1.996 0.000 0.000 0.000 0.000 0.000 0.000
-999.250 -999.250 -999.250 -999.250 -999.250 -999.250 -999.250 -999.250 -999.250 -999.250 -999.250 -999.250 -999.250 -999.250 -999.250 -999.250 -999.250 -999.250 -999.250 -999.250 -999.250 -999.250 -999.250 -999.250 -999.250 -999.250 -999.250 1.761 5.256 5.142 5.637 4.711 4.429 4.011 5.127 6.981 5.726 4.286 3.865 5.444 5.443 4.591 4.579 6.515 3.191 3.682 3.555 2.663 5.738 5.195 5.467 5.789 4.168 1.935 0.000 0.911 0.838 0.000 1.281 0.376 0.000 0.096 1.035 1.114 0.724 0.011 0.000 0.000 0.000 0.858
-999.250 -999.250 -999.250 -999.250 -999.250 -999.250 -999.250 -999.250 -999.250 -999.250 -999.250 -999.250 -999.250 -999.250 -999.250 -999.250 -999.250 -999.250 -999.250 -999.250 -999.250 -999.250 -999.250 -999.250 -999.250 -999.250 -999.250 2.198 3.948 5.647 6.084 7.291 4.963 4.797 4.656 7.039 7.176 6.555 5.282 3.981 4.879 7.015 5.927 5.875 7.558 4.489 4.099 3.374 4.711 5.299 5.006 4.646 3.449 1.795 2.212 1.342 0.465 1.676 0.260 0.000 0.000 0.419 0.000 2.620 1.911 1.364 0.380 1.993 1.081 1.919
-999.250 -999.250 -999.250 -999.250 -999.250 -999.250 -999.250 -999.250 -999.250 -999.250 -999.250 -999.250 -999.250 -999.250 -999.250 -999.250 -999.250 -999.250 -999.250 -999.250 -999.250 -999.250 -999.250 -999.250 -999.250 -999.250 -999.250 -999.250 1.899 3.668 3.299 3.185 5.737 5.831 7.579 7.981 6.220 6.353 4.026 3.333 3.864 5.797 7.602 5.807 6.174 4.839 3.396 3.488 3.116 5.188 5.424 5.742 3.496 2.538 0.631 0.964 0.098 0.872 0.684 0.000 0.000 0.000 0.163 0.000 0.839 1.177 3.255 1.580 3.166 2.862
-999.250 -999.250 -999.250 -999.250 -999.250 -999.250 -999.250 -999.250 -999.250 -999.250 -999.250 -999.250 -999.250 -999.250 -999.250 -999.250 -999.250 -999.250 -999.250 -999.250 -999.250 -999.250 -999.250 -999.250 -999.250 -999.250 -999.250 -999.250 -999.250 -999.250 3.509 5.237 4.757 5.282 8.096 8.527 6.541 4.841 2.728 5.504 4.196 3.536 5.725 4.877 3.247 2.416 1.137 1.553 3.410 5.011 4.335 6.717 5.274 3.674 3.364 0.713 0.575 0.847 2.679 0.000 0.000 0.000 0.000 0.000 0.000 2.155 2.031 3.268 5.547 5.197
-999.250 -999.250 -999.250 -999.250 -999.250 -999.250 -999.250 -999.250 -999.250 -999.250 -999.250 -999.250 -999.250 -999.250 -999.250 -999.250 -999.250 -999.250 -999.250 -999.250 -999.250 -999.250 -999.250 -999.250 -999.250 -999.250 -999.250 -999.250 -999.250 -999.250 4.047 2.841 1.935 3.643 5.831 7.653 5.165 4.155 6.045 4.667 5.975 4.430 4.610 7.510 3.769 4.734 4.218 4.750 6.356 3.014 3.757 5.806 4.117 4.019 2.300 3.179 1.937 0.000 0.000 0.000 0.000 0.000 0.000 0.000 0.000 0.000 1.127 4.312 4.200 3.679
-999.250 -999.250 -999.250 -999.250 -999.250 -999.250 -999.250 -999.250 -999.250 -999.250 -999.250 -999.250 -999.250 -999.250 -999.250 -999.250 -999.250 -999.250 -999.250 -999.250 -999.250 -999.250 -999.250 -999.250 -999.250 -999.250 -999.250 -999.250 -999.250 -999.250 3.103 3.843 3.514 4.008 3.214 3.250 4.006 4.374 4.498 4.189 2.257 3.830 4.024 4.535 5.344 3.245 4.972 4.382 5.455 7.750 5.497 4.060 5.571 2.607 4.007 2.649 0.475 0.000 0.000 0.000 0.000 0.000 0.000 0.000 0.000 0.000 2.388 2.588 2.695 2.890
-999.250 -999.250 -999.250 -999.250 -999.250 -999.250 -999.250 -999.250 -999.250 -999.250 -999.250 -999.250 -999.250 -999.250 -999.250 -999.250 -999.250 -999.250 -999.250 -999.250 -999.250 -999.250 -999.250 -999.250 -999.250 -999.250 -999.250 -999.250 -999.250 -999.250 -999.250 3.372 4.202 4.334 5.231 6.117 3.807 4.425 3.912 5.374 4.683 3.561 5.234 5.044 5.113 3.852 4.390 6.769 5.813 6.001 5.257 4.298 5.169 6.261 5.784 1.101 1.075 0.000 0.000 0.000 0.000 0.000 0.000 0.000 0.000 0.183 2.350 4.148 4.311 4.226
-999.250 -999.250 -999.250 -999.250 -999.250 -999.250 -999.250 -999.250 -999.250 -999.250 -999.250 -999.250 -999.250 -999.250 -999.250 -999.250 -999.250 -999.250 -999.250 -999.250 -999.250 -999.250 -999.250 -999.250 -999.250 -999.250 -999.250 -999.250 -999.250 -999.250 1.412 4.755 2.944 3.197 3.004 2.557 3.622 4.893 5.312 5.279 3.916 2.776 2.930 1.847 4.537 3.341 2.940 4.265 2.898 3.690 5.110 5.813 2.088 4.522 3.982 0.000 0.135 0.000 0.000 0.000 0.000 0.000 0.000 0.000 0.000 0.000 0.000 2.618 1.264 2.292
-999.250 -999.250 -999.250 -999.250 -999.250 -999.250 -999.250 -999.250 -999.250 -999.250 -999.250 -999.250 -999.250 -999.250 -999.250 -999.250 -999.250 -999.250 -999.250 -999.250 -999.250 -999.250 -999.250 -999.250 -999.250 -999.250 -999.250 -999.250 -999.250 -999.250 -999.250 3.033 3.937 3.833 3.666 2.331 2.845 4.427 4.004 5.129 3.649 3.191 3.580 0.941 2.410 1.226 2.265 4.313 5.776 4.452 5.449 5.491 3.883 5.608 1.429 0.234 0.000 0.000 0.000 0.000 0.000 0.000 0.000 0.000 0.000 0.489 3.180 2.100 2.251 3.231
-999.250 -999.250 -999.250 -999.250 -999.250 -999.250 -999.250 -999.250 -999.250 -999.250 -999.250 -999.250 -999.250 -999.250 -999.250 -999.250 -999.250 -999.250 -999.250 -999.250 -999.250 -999.250 -999.250 -999.250 -999.250 -999.250 -999.250 -999.250 -999.250 -999.250 3.292 3.534 3.397 2.536 1.741 3.534 3.522 5.134 7.150 5.007 4.481 4.485 3.845 2.321 1.309 1.048 3.958 3.345 2.073 0.956 3.731 2.946 3.182 1.977 2.153 1.248 0.000 0.000 0.000 0.000 0.000 0.000 0.000 0.000 0.027 1.364 1.381 0.305 0.549 1.078
-999.250 -999.250 -999.250 -999.250 -999.250 -999.250 -999.250 -999.250 -999.250 -999.250 -999.250 -999.250 -999.250 -999.250 -999.250 -999.250 -999.250 -999.250 -999.250 -999.250 -999.250 -999.250 -999.250 -999.250 -999.250 -999.250 -999.250 -999.250 -999.250 -999.250 2.827 2.363 2.051 3.662 4.350 4.883 5.602 6.329 8.754 5.640 7.517 5.738 4.639 5.365 5.118 3.912 3.071 2.942 3.828 1.488 3.978 1.130 3.075 3.090 1.066 1.979 0.000 0.000 0.000 0.000 0.000 0.000 0.000 0.903 0.125 1.645 2.573 3.286 3.513 1.671
-999.250 -999.250 -999.250 -999.250 -999.250 -999.250 -999.250 -999.250 -999.250 -999.250 -999.250 -999.250 -999.250 -999.250 -999.250 -999.250 -999.250 -999.250 -999.250 -999.250 -999.250 -999.250 -999.250 -999.250 -999.250 -999.250 -999.250 -999.250 -999.250 -999.250 2.798 2.974 3.850 3.648 6.783 6.714 5.005 6.836 7.794 8.054 8.458 5.265 5.349 5.123 4.256 5.147 2.917 4.284 4.129 3.734 3.016 1.270 2.265 3.091 1.853 0.551 0.085 0.000 0.000 0.000 0.000 0.000 0.000 0.000 0.103 0.698 1.391 1.482 2.654 1.559
-999.250 -999.250 -999.250 -999.250 -999.250 -999.250 -999.250 -999.250 -999.250 -999.250 -999.250 -999.250 -999.250 -999.250 -999.250 -999.250 -999.250 -999.250 -999.250 -999.250 -999.250 -999.250 -999.250 -999.250 -999.250 -999.250 -999.250 -999.250 -999.250 -999.250 3.398 2.723 3.906 4.394 4.645 3.745 7.569 7.364 7.470 7.404 4.826 6.078 5.351 4.370 4.465 2.862 2.885 5.496 3.838 4.308 4.019 4.367 3.949 2.192 0.732 0.516 0.000 0.000 0.000 0.000 0.000 0.000 0.000 0.000 0.000 0.240 0.712 2.489 1.473 1.615
-999.250 -999.250 -999.250 -999.250 -999.250 -999.250 -999.250 -999.250 -999.250 -999.250 -999.250 -999.250 -999.250 -999.250 -999.250 -999.250 -999.250 -999.250 -999.250 -999.250 -999.250 -999.250 -999.250 -999.250 -999.250 -999.250 -999.250 -999.250 -999.250 -999.250 1.459 2.356 3.758 3.926 5.115 3.755 5.931 8.520 5.860 5.163 3.749 5.125 4.982 4.348 1.539 4.389 4.474 1.190 6.925 5.553 4.186 3.806 0.424 1.423 0.000 0.000 0.000 0.000 0.000 0.000 0.000 0.000 0.000 0.000 0.565 1.366 1.299 2.689 1.959 2.259
-999.250 -999.250 -999.250 -999.250 -999.250 -999.250 -999.250 -999.250 -999.250 -999.250 -999.250 -999.250 -999.250 -999.250 -999.250 -999.250 -999.250 -999.250 -999.250 -999.250 -999.250 -999.250 -999.250 -999.250 -999.250 -999.250 -999.250 -999.250 -999.250 -999.250 -999.250 4.200 1.782 3.179 4.199 4.952 5.304 6.618 5.127 4.153 4.094 4.874 5.643 4.431 3.429 8.008 4.539 3.826 5.960 5.259 4.406 3.816 0.718 0.000 0.000 0.000 0.000 0.000 0.000 0.000 0.000 0.000 0.000 0.000 0.000 2.543 0.298 3.864 1.898 2.805
-999.250 -999.250 -999.250 -999.250 -999.250 -999.250 -999.250 -999.250 -999.250 -999.250 -999.250 -999.250 -999.250 -999.250 -999.250 -999.250 -999.250 -999.250 -999.250 -999.250 -999.250 -999.250 -999.250 -999.250 -999.250 -999.250 -999.250 -999.250 -999.250 -999.250 -999.250 3.920 4.133 1.977 4.146 3.381 2.765 2.612 5.700 3.912 2.862 1.949 3.746 4.186 3.776 4.507 4.168 3.463 4.127 4.522 1.136 1.530 0.683 0.000 0.000 0.000 0.000 0.000 0.000 0.000 0.000 0.000 0.000 0.000 0.000 2.639 2.031 1.144 4.040 4.413
-999.250 -999.250 -999.250 -999.250 -999.250 -999.250 -999.250 -999.250 -999.250 -999.250 -999.250 -999.250 -999.250 -999.250 -999.250 -999.250 -999.250 -999.250 -999.250 -999.250 -999.250 -999.250 -999.250 -999.250 -999.250 -999.250 -999.250 -999.250 -999.250 -999.250 1.959 4.112 6.173 6.334 2.304 2.739 3.473 5.380 3.928 4.464 4.005 3.838 3.835 3.978 5.270 4.843 4.566 3.653 0.575 4.330 1.627 0.319 0.000 0.000 0.000 0.000 0.000 0.000 0.000 0.000 0.000 0.000 0.000 0.088 0.000 0.233 3.157 1.909 3.201 3.964
