data/medianmodel_20-May-2020.asc
ncols	141
nrows	288
xllcorner	-120191.398
yllcorner	-301404.813
cellsize	2000.000
NODATA_value	-999.250
[rows 93 to 123 of 288, columns 70 to 139 of 141]
13.904 15.987 15.666 14.716 12.467 9.080 10.446 5.868 6.056 3.146 3.423 3.040 2.113 2.411 2.053 0.000 0.000 0.000 1.274 4.977 3.659 2.167 3.953 3.419 3.111 5.034 5.180 7.736 3.554 5.500 7.161 7.235 4.224 6.711 6.778 7.161 5.117 4.686 7.724 8.899 5.507 5.663 3.802 2.782 -999.250 -999.250 -999.250 -999.250 -999.250 -999.250 -999.250 -999.250 -999.250 -999.250 -999.250 -999.250 -999.250 -999.250 -999.250 -999.250 -999.250 -999.250 -999.250 -999.250 -999.250 -999.250 -999.250 -999.250 -999.250 -999.250
15.960 18.629 20.197 18.247 16.221 7.644 8.256 6.445 3.512 0.641 0.337 0.000 1.402 0.881 0.000 0.000 0.000 0.560 0.283 1.857 1.961 2.281 1.598 3.797 4.413 3.194 6.248 8.794 4.878 5.082 6.807 3.499 4.831 4.553 6.520 6.480 5.370 4.674 3.535 4.363 5.268 3.359 3.138 1.716 -999.250 -999.250 -999.250 -999.250 -999.250 -999.250 -999.250 -999.250 -999.250 -999.250 -999.250 -999.250 -999.250 -999.250 -999.250 -999.250 -999.250 -999.250 -999.250 -999.250 -999.250 -999.250 -999.250 -999.250 -999.250 -999.250
21.240 20.899 20.011 20.309 15.135 12.060 8.863 7.685 2.205 0.000 0.000 0.000 0.000 0.000 0.000 0.000 0.000 0.581 1.073 0.000 0.510 0.315 1.583 0.377 1.591 3.809 5.455 4.467 3.387 3.361 5.511 3.657 2.654 3.770 2.588 3.779 4.618 3.037 3.033 2.525 3.993 4.770 2.919 2.879 -999.250 -999.250 -999.250 -999.250 -999.250 -999.250 -999.250 -999.250 -999.250 -999.250 -999.250 -999.250 -999.250 -999.250 -999.250 -999.250 -999.250 -999.250 -999.250 -999.250 -999.250 -999.250 -999.250 -999.250 -999.250 -999.250
29.075 29.617 29.850 24.054 20.084 15.838 11.869 4.308 0.000 0.000 0.000 0.000 0.000 0.000 0.000 0.000 0.000 0.000 0.000 0.000 0.000 0.000 0.000 0.000 0.000 0.991 1.876 2.751 2.400 3.153 2.902 3.145 4.066 1.054 0.322 1.487 1.494 2.371 3.360 2.861 2.705 3.472 2.783 3.774 1.512 -999.250 -999.250 -999.250 -999.250 -999.250 -999.250 -999.250 -999.250 -999.250 -999.250 -999.250 -999.250 -999.250 -999.250 -999.250 -999.250 -999.250 -999.250 -999.250 -999.250 -999.250 -999.250 -999.250 -999.250 -999.250
34.350 39.866 37.047 31.026 27.341 18.403 14.167 7.226 2.028 0.000 0.000 0.000 0.000 0.000 0.000 0.000 0.000 0.000 0.000 0.000 0.000 0.000 0.000 0.000 0.000 0.198 1.895 2.107 2.892 2.365 1.916 1.962 0.241 0.000 0.000 0.872 2.608 3.941 3.105 3.916 4.026 3.524 5.282 2.810 3.202 3.439 -999.250 -999.250 -999.250 -999.250 -999.250 -999.250 -999.250 -999.250 -999.250 -999.250 -999.250 -999.250 -999.250 -999.250 -999.250 -999.250 -999.250 -999.250 -999.250 -999.250 -999.250 -999.250 -999.250 -999.250
44.563 47.076 53.872 42.807 29.407 18.743 11.278 7.677 2.160 0.000 1.769 0.061 0.664 0.000 0.000 0.000 0.000 0.000 0.000 0.000 0.000 0.000 0.000 0.000 0.000 0.000 0.000 1.117 3.531 1.711 2.532 0.956 0.710 0.000 0.000 0.000 2.369 2.232 4.399 4.451 5.588 6.163 5.486 4.017 4.110 2.637 2.339 -999.250 -999.250 -999.250 -999.250 -999.250 -999.250 -999.250 -999.250 -999.250 -999.250 -999.250 -999.250 -999.250 -999.250 -999.250 -999.250 -999.250 -999.250 -999.250 -999.250 -999.250 -999.250 -999.250
53.174 58.715 67.522 51.368 39.466 22.696 16.420 8.781 3.208 3.559 5.322 1.899 1.548 1.626 3.571 2.481 1.099 0.317 0.000 0.000 0.000 0.000 0.000 0.000 0.000 0.000 0.000 0.159 1.978 3.381 0.495 0.611 0.000 0.000 0.000 0.000 0.000 2.071 2.952 3.483 4.865 5.850 4.913 5.576 4.722 2.924 -999.250 -999.250 -999.250 -999.250 -999.250 -999.250 -999.250 -999.250 -999.250 -999.250 -999.250 -999.250 -999.250 -999.250 -999.250 -999.250 -999.250 -999.250 -999.250 -999.250 -999.250 -999.250 -999.250 -999.250
53.495 58.627 64.867 46.835 32.854 24.105 15.447 11.369 3.576 3.525 1.517 0.313 1.927 0.995 2.736 2.694 2.130 0.799 0.334 0.000 0.470 0.469 0.000 0.000 0.000 0.000 0.233 0.784 1.989 2.170 0.000 0.000 0.000 0.000 0.000 0.000 0.000 0.000 1.742 4.284 5.021 4.686 3.952 5.208 3.916 3.249 0.264 -999.250 -999.250 -999.250 -999.250 -999.250 -999.250 -999.250 -999.250 -999.250 -999.250 -999.250 -999.250 -999.250 -999.250 -999.250 -999.250 -999.250 -999.250 -999.250 -999.250 -999.250 -999.250 -999.250
43.257 48.775 45.699 33.232 28.561 23.169 17.793 10.155 7.109 5.125 3.302 1.748 2.576 2.342 2.585 2.975 3.419 0.072 1.834 0.622 2.390 1.157 0.000 0.000 0.395 0.259 0.697 0.575 0.839 2.312 2.266 0.230 0.134 0.000 0.000 2.107 2.063 2.390 1.907 3.864 2.923 5.856 4.159 4.359 2.029 -999.250 -999.250 -999.250 -999.250 -999.250 -999.250 -999.250 -999.250 -999.250 -999.250 -999.250 -999.250 -999.250 -999.250 -999.250 -999.250 -999.250 -999.250 -999.250 -999.250 -999.250 -999.250 -999.250 -999.250 -999.250
40.415 36.543 36.136 26.352 24.903 17.986 14.516 9.516 10.753 6.580 5.495 4.684 4.876 3.099 3.397 3.563 3.139 3.909 2.837 3.379 1.498 2.617 0.286 0.000 1.909 0.391 1.509 1.543 0.782 1.947 2.812 1.977 0.000 0.119 2.592 3.704 4.247 4.166 3.337 3.420 2.646 4.008 6.555 3.108 -999.250 -999.250 -999.250 -999.250 -999.250 -999.250 -999.250 -999.250 -999.250 -999.250 -999.250 -999.250 -999.250 -999.250 -999.250 -999.250 -999.250 -999.250 -999.250 -999.250 -999.250 -999.250 -999.250 -999.250 -999.250 -999.250
35.638 34.648 29.415 20.494 23.631 19.457 12.359 8.406 9.476 7.264 8.256 4.970 6.702 4.523 3.331 4.443 3.731 4.275 2.794 2.158 1.720 1.841 0.261 1.161 0.622 0.312 1.144 1.587 1.254 1.994 1.925 3.201 1.503 1.182 1.118 2.528 4.330 3.226 5.961 4.259 4.783 2.783 1.967 1.610 -999.250 -999.250 -999.250 -999.250 -999.250 -999.250 -999.250 -999.250 -999.250 -999.250 -999.250 -999.250 -999.250 -999.250 -999.250 -999.250 -999.250 -999.250 -999.250 -999.250 -999.250 -999.250 -999.250 -999.250 -999.250 -999.250
24.213 21.513 21.535 17.308 15.877 11.526 10.050 7.134 8.156 6.733 6.513 7.456 5.793 7.003 3.409 3.893 4.174 4.154 3.535 3.337 1.825 0.802 1.982 1.448 1.648 1.595 0.589 2.469 3.237 2.246 0.179 0.703 1.591 3.533 2.236 3.198 4.819 3.829 4.834 3.191 4.331 3.101 1.500 -999.250 -999.250 -999.250 -999.250 -999.250 -999.250 -999.250 -999.250 -999.250 -999.250 -999.250 -999.250 -999.250 -999.250 -999.250 -999.250 -999.250 -999.250 -999.250 -999.250 -999.250 -999.250 -999.250 -999.250 -999.250 -999.250 -999.250
16.256 17.370 13.648 12.660 10.510 10.296 9.166 11.935 6.934 6.953 7.462 6.998 4.418 5.106 6.146 3.932 4.543 3.542 2.007 2.382 1.710 4.086 1.832 3.421 2.148 2.676 1.159 2.574 2.899 2.385 0.254 0.820 1.563 3.888 1.934 4.223 3.263 5.303 3.960 -999.250 -999.250 -999.250 -999.250 -999.250 -999.250 -999.250 -999.250 -999.250 -999.250 -999.250 -999.250 -999.250 -999.250 -999.250 -999.250 -999.250 -999.250 -999.250 -999.250 -999.250 -999.250 -999.250 -999.250 -999.250 -999.250 -999.250 -999.250 -999.250 -999.250 -999.250
13.093 7.361 7.395 7.837 8.209 12.702 11.120 9.115 7.192 7.914 7.318 4.352 5.382 5.250 4.630 4.814 3.837 3.282 2.847 1.503 1.966 1.968 2.301 3.319 2.569 3.286 3.431 1.651 2.015 1.792 0.259 0.000 0.000 0.516 0.000 1.772 1.625 -999.250 -999.250 -999.250 -999.250 -999.250 -999.250 -999.250 -999.250 -999.250 -999.250 -999.250 -999.250 -999.250 -999.250 -999.250 -999.250 -999.250 -999.250 -999.250 -999.250 -999.250 -999.250 -999.250 -999.250 -999.250 -999.250 -999.250 -999.250 -999.250 -999.250 -999.250 -999.250 -999.250
9.976 5.556 5.419 5.704 9.316 10.331 12.180 8.144 10.304 4.705 6.429 7.860 5.407 7.289 5.661 3.460 2.226 1.892 2.153 1.989 3.543 3.499 3.274 2.601 2.902 3.010 3.060 2.354 1.594 1.424 0.935 0.000 0.000 0.000 0.000 0.639 1.942 -999.250 -999.250 -999.250 -999.250 -999.250 -999.250 -999.250 -999.250 -999.250 -999.250 -999.250 -999.250 -999.250 -999.250 -999.250 -999.250 -999.250 -999.250 -999.250 -999.250 -999.250 -999.250 -999.250 -999.250 -999.250 -999.250 -999.250 -999.250 -999.250 -999.250 -999.250 -999.250 -999.250
7.383 5.186 5.101 7.187 9.380 9.489 7.881 8.547 7.423 5.939 4.854 4.925 5.009 5.058 4.345 4.880 5.112 3.487 3.575 3.847 3.485 3.908 4.484 3.343 4.588 3.723 3.133 2.621 2.444 2.384 1.580 0.000 0.000 0.000 0.000 0.000 0.000 -999.250 -999.250 -999.250 -999.250 -999.250 -999.250 -999.250 -999.250 -999.250 -999.250 -999.250 -999.250 -999.250 -999.250 -999.250 -999.250 -999.250 -999.250 -999.250 -999.250 -999.250 -999.250 -999.250 -999.250 -999.250 -999.250 -999.250 -999.250 -999.250 -999.250 -999.250 -999.250 -999.250
6.382 3.965 4.265 3.380 7.212 8.255 8.653 7.934 6.152 6.091 5.200 5.729 4.576 3.809 4.584 3.295 3.521 3.691 3.842 2.241 3.215 2.931 4.034 1.981 3.592 4.454 3.381 3.370 3.230 5.069 1.927 0.000 0.000 0.000 0.000 0.000 0.000 -999.250 -999.250 -999.250 -999.250 -999.250 -999.250 -999.250 -999.250 -999.250 -999.250 -999.250 -999.250 -999.250 -999.250 -999.250 -999.250 -999.250 -999.250 -999.250 -999.250 -999.250 -999.250 -999.250 -999.250 -999.250 -999.250 -999.250 -999.250 -999.250 -999.250 -999.250 -999.250 -999.250
4.404 4.486 3.628 8.010 6.143 8.317 7.753 6.162 6.372 6.445 7.603 5.435 5.832 6.618 5.589 5.307 2.992 3.774 3.725 3.384 0.473 4.873 3.358 6.381 4.619 5.760 4.729 5.057 1.866 4.589 1.789 0.000 0.161 0.000 0.000 0.000 0.332 -999.250 -999.250 -999.250 -999.250 -999.250 -999.250 -999.250 -999.250 -999.250 -999.250 -999.250 -999.250 -999.250 -999.250 -999.250 -999.250 -999.250 -999.250 -999.250 -999.250 -999.250 -999.250 -999.250 -999.250 -999.250 -999.250 -999.250 -999.250 -999.250 -999.250 -999.250 -999.250 -999.250
2.112 3.682 2.945 3.937 6.442 7.294 7.753 7.558 8.012 7.386 6.186 4.873 6.594 6.298 5.903 6.152 3.863 2.332 3.150 2.237 3.140 3.708 3.618 5.732 3.133 3.510 2.679 4.609 2.755 2.000 3.416 2.846 0.000 0.000 0.000 1.401 2.007 -999.250 -999.250 -999.250 -999.250 -999.250 -999.250 -999.250 -999.250 -999.250 -999.250 -999.250 -999.250 -999.250 -999.250 -999.250 -999.250 -999.250 -999.250 -999.250 -999.250 -999.250 -999.250 -999.250 -999.250 -999.250 -999.250 -999.250 -999.250 -999.250 -999.250 -999.250 -999.250 -999.250
0.000 1.175 2.282 3.363 4.727 5.619 4.836 9.163 7.215 9.376 9.172 5.374 5.112 8.786 4.800 5.110 4.703 4.068 3.499 1.883 3.781 3.251 5.845 5.869 2.957 4.341 2.235 2.441 3.315 1.111 2.072 3.092 2.454 2.334 0.979 3.960 4.104 4.689 2.926 -999.250 -999.250 -999.250 -999.250 -999.250 -999.250 -999.250 -999.250 -999.250 -999.250 -999.250 -999.250 -999.250 -999.250 -999.250 -999.250 -999.250 -999.250 -999.250 -999.250 -999.250 -999.250 -999.250 -999.250 -999.250 -999.250 -999.250 -999.250 -999.250 -999.250 -999.250
0.000 0.271 1.762 4.411 5.475 4.326 5.770 5.009 6.208 6.304 6.709 8.333 7.975 7.824 7.315 6.118 3.252 4.246 1.469 1.904 2.751 4.572 4.818 3.716 4.349 3.472 2.143 3.030 2.518 0.837 3.313 1.905 2.765 2.547 3.831 1.901 6.144 6.259 3.287 4.477 1.575 -999.250 -999.250 -999.250 -999.250 -999.250 -999.250 -999.250 -999.250 -999.250 -999.250 -999.250 -999.250 -999.250 -999.250 -999.250 -999.250 -999.250 -999.250 -999.250 -999.250 -999.250 -999.250 -999.250 -999.250 -999.250 -999.250 -999.250 -999.250 -999.250
0.082 0.911 1.661 5.224 5.901 7.174 6.677 6.356 7.525 6.528 5.282 7.253 8.416 7.875 7.327 7.207 5.323 5.917 3.413 2.463 2.330 3.135 3.209 3.531 4.040 4.952 2.551 2.079 2.602 1.565 0.973 1.952 3.146 3.858 4.101 4.304 4.451 5.151 5.578 5.021 4.368 -999.250 -999.250 -999.250 -999.250 -999.250 -999.250 -999.250 -999.250 -999.250 -999.250 -999.250 -999.250 -999.250 -999.250 -999.250 -999.250 -999.250 -999.250 -999.250 -999.250 -999.250 -999.250 -999.250 -999.250 -999.250 -999.250 -999.250 -999.250 -999.250
1.908 1.935 5.659 6.802 8.283 5.416 7.102 8.267 5.580 8.683 7.973 8.798 7.756 8.030 7.467 5.856 8.353 5.446 5.446 4.060 0.954 3.059 4.125 3.783 1.975 3.234 2.416 1.714 4.713 3.685 2.215 3.250 2.997 6.335 4.876 7.809 5.030 6.303 5.584 4.428 4.264 3.827 -999.250 -999.250 -999.250 -999.250 -999.250 -999.250 -999.250 -999.250 -999.250 -999.250 -999.250 -999.250 -999.250 -999.250 -999.250 -999.250 -999.250 -999.250 -999.250 -999.250 -999.250 -999.250 -999.250 -999.250 -999.250 -999.250 -999.250 -999.250
6.228 6.530 6.624 7.002 7.604 8.129 8.093 6.931 5.886 5.138 7.792 11.545 8.597 4.884 4.880 4.662 3.697 4.720 3.830 3.389 5.235 3.801 3.414 4.626 1.925 3.014 4.163 3.194 2.344 1.699 2.528 2.443 3.661 3.661 4.730 5.721 7.062 7.179 5.633 3.724 4.763 5.857 1.115 -999.250 -999.250 -999.250 -999.250 -999.250 -999.250 -999.250 -999.250 -999.250 -999.250 -999.250 -999.250 -999.250 -999.250 -999.250 -999.250 -999.250 -999.250 -999.250 -999.250 -999.250 -999.250 -999.250 -999.250 -999.250 -999.250 -999.250
6.665 6.367 8.543 8.854 8.440 8.880 7.639 8.756 6.128 8.497 9.133 6.891 7.603 4.633 4.921 5.721 5.610 4.818 4.709 3.773 6.608 7.055 4.221 3.386 3.602 4.390 4.479 4.542 3.990 3.667 2.250 2.565 4.689 3.952 5.383 4.670 6.591 7.324 6.368 5.072 4.817 5.166 3.478 -999.250 -999.250 -999.250 -999.250 -999.250 -999.250 -999.250 -999.250 -999.250 -999.250 -999.250 -999.250 -999.250 -999.250 -999.250 -999.250 -999.250 -999.250 -999.250 -999.250 -999.250 -999.250 -999.250 -999.250 -999.250 -999.250 -999.250
10.450 10.058 11.762 10.601 9.183 10.873 8.438 8.427 5.862 6.821 6.657 8.995 7.650 5.294 5.387 5.070 7.024 6.383 4.576 4.226 6.583 6.626 4.153 3.247 4.526 3.661 3.500 2.753 1.976 2.003 3.103 2.916 3.691 6.082 4.362 4.528 7.333 8.928 7.548 6.419 2.806 2.855 4.230 4.231 -999.250 -999.250 -999.250 -999.250 -999.250 -999.250 -999.250 -999.250 -999.250 -999.250 -999.250 -999.250 -999.250 -999.250 -999.250 -999.250 -999.250 -999.250 -999.250 -999.250 -999.250 -999.250 -999.250 -999.250 -999.250 -999.250
9.243 12.953 12.436 13.313 11.919 10.198 9.152 8.585 7.618 6.360 6.641 8.586 6.541 6.334 4.296 7.290 7.664 5.765 6.519 5.124 5.484 5.366 6.862 4.608 4.148 3.405 3.646 2.330 3.627 3.322 2.573 1.962 1.719 3.119 4.616 4.157 6.003 4.495 6.492 4.406 5.058 3.148 4.790 -999.250 -999.250 -999.250 -999.250 -999.250 -999.250 -999.250 -999.250 -999.250 -999.250 -999.250 -999.250 -999.250 -999.250 -999.250 -999.250 -999.250 -999.250 -999.250 -999.250 -999.250 -999.250 -999.250 -999.250 -999.250 -999.250 -999.250
13.152 14.504 13.738 11.858 10.800 9.262 7.867 4.382 9.058 8.161 7.035 8.778 6.170 7.445 5.650 6.337 6.227 5.889 7.165 4.729 4.189 5.414 3.652 4.042 4.751 5.736 3.237 1.564 3.404 3.133 0.160 0.123 0.327 3.586 3.843 3.934 6.144 4.538 4.077 4.706 5.487 3.401 2.372 -999.250 -999.250 -999.250 -999.250 -999.250 -999.250 -999.250 -999.250 -999.250 -999.250 -999.250 -999.250 -999.250 -999.250 -999.250 -999.250 -999.250 -999.250 -999.250 -999.250 -999.250 -999.250 -999.250 -999.250 -999.250 -999.250 -999.250
17.063 17.471 16.570 13.452 11.115 11.381 7.520 9.692 9.543 8.158 7.855 7.826 6.848 6.908 6.555 7.625 7.199 6.991 4.032 4.950 3.416 2.974 4.165 2.990 3.341 2.752 1.962 2.091 1.457 0.000 0.000 0.000 0.282 1.462 2.944 3.837 5.539 4.854 6.107 5.808 5.794 4.086 4.608 -999.250 -999.250 -999.250 -999.250 -999.250 -999.250 -999.250 -999.250 -999.250 -999.250 -999.250 -999.250 -999.250 -999.250 -999.250 -999.250 -999.250 -999.250 -999.250 -999.250 -999.250 -999.250 -999.250 -999.250 -999.250 -999.250 -999.250
19.988 16.483 13.984 12.315 13.036 11.761 9.722 10.119 7.904 10.281 7.238 8.414 7.294 6.090 8.391 6.186 7.879 8.547 4.357 4.473 3.070 2.366 2.180 4.541 2.772 4.645 3.469 2.725 0.000 0.000 0.000 0.000 1.295 1.757 2.862 4.942 5.183 4.702 6.195 6.840 3.902 2.842 2.497 -999.250 -999.250 -999.250 -999.250 -999.250 -999.250 -999.250 -999.250 -999.250 -999.250 -999.250 -999.250 -999.250 -999.250 -999.250 -999.250 -999.250 -999.250 -999.250 -999.250 -999.250 -999.250 -999.250 -999.250 -999.250 -999.250 -999.250
15.231 15.243 14.235 13.738 9.441 10.452 9.127 8.607 4.163 8.504 8.432 7.819 4.709 6.377 8.108 7.248 8.099 5.232 3.948 3.026 0.534 1.930 2.100 3.640 4.123 3.389 3.564 2.248 0.562 0.000 0.000 0.000 0.000 2.443 1.935 3.816 6.032 5.898 5.705 6.948 5.538 4.764 -999.250 -999.250 -999.250 -999.250 -999.250 -999.250 -999.250 -999.250 -999.250 -999.250 -999.250 -999.250 -999.250 -999.250 -999.250 -999.250 -999.250 -999.250 -999.250 -999.250 -999.250 -999.250 -999.250 -999.250 -999.250 -999.250 -999.250 -999.250
