data/medianmodel_07-Oct-2020.asc
ncols	141
nrows	288
xllcorner	-120191.398
yllcorner	-301404.813
cellsize	2000.000
NODATA_value	-999.250
[rows 210 to 239 of 288, columns 0 to 66 of 141]
-999.250 -999.250 -999.250 -999.250 -999.250 -999.250 -999.250 -999.250 -999.250 -999.250 -999.250 -999.250 -999.250 -999.250 -999.250 -999.250 -999.250 -999.250 -999.250 -999.250 -999.250 -999.250 -999.250 -999.250 -999.250 -999.250 -999.250 -999.250 -999.250 -999.250 -999.250 45.075 44.655 47.538 41.716 45.189 40.890 37.311 37.782 36.112 35.548 32.370 34.308 35.332 32.554 30.454 30.086 25.753 26.590 23.890 21.092 19.106 18.747 20.572 23.267 17.617 18.654 14.803 18.412 10.176 9.298 8.166 5.002 3.551 0.868 0.000 0.000
-999.250 -999.250 -999.250 -999.250 -999.250 -999.250 -999.250 -999.250 -999.250 -999.250 -999.250 -999.250 -999.250 -999.250 -999.250 -999.250 -999.250 -999.250 -999.250 -999.250 -999.250 -999.250 -999.250 -999.250 -999.250 -999.250 -999.250 -999.250 -999.250 -999.250 -999.250 39.484 41.107 43.287 39.026 36.078 43.735 30.816 32.390 35.736 29.771 30.839 28.620 29.001 26.571 26.891 29.130 26.159 20.869 20.282 19.331 19.163 20.348 19.074 19.727 14.397 16.558 13.952 13.554 12.378 11.203 8.564 8.967 5.697 2.945 0.000 0.654
-999.250 -999.250 -999.250 -999.250 -999.250 -999.250 -999.250 -999.250 -999.250 -999.250 -999.250 -999.250 -999.250 -999.250 -999.250 -999.250 -999.250 -999.250 -999.250 -999.250 -999.250 -999.250 -999.250 -999.250 -999.250 -999.250 -999.250 -999.250 -999.250 -999.250 -999.250 35.964 36.424 33.172 35.798 34.242 32.148 32.868 29.359 29.720 28.133 27.220 25.261 27.731 23.406 24.000 25.946 25.144 25.139 24.057 19.358 17.531 15.408 12.667 13.488 15.446 17.726 16.220 15.923 14.017 11.851 12.879 14.569 10.980 10.091 7.825 6.531
-999.250 -999.250 -999.250 -999.250 -999.250 -999.250 -999.250 -999.250 -999.250 -999.250 -999.250 -999.250 -999.250 -999.250 -999.250 -999.250 -999.250 -999.250 -999.250 -999.250 -999.250 -999.250 -999.250 -999.250 -999.250 -999.250 -999.250 -999.250 -999.250 -999.250 -999.250 24.409 32.546 29.523 27.142 32.562 34.301 30.298 30.084 27.014 27.837 23.740 19.967 20.420 24.431 25.596 26.020 22.906 23.805 17.788 19.991 12.651 18.027 12.317 14.436 15.889 17.738 14.731 18.320 16.911 18.568 19.826 18.344 21.390 15.432 14.356 12.477
-999.250 -999.250 -999.250 -999.250 -999.250 -999.250 -999.250 -999.250 -999.250 -999.250 -999.250 -999.250 -999.250 -999.250 -999.250 -999.250 -999.250 -999.250 -999.250 -999.250 -999.250 -999.250 -999.250 -999.250 -999.250 -999.250 -999.250 -999.250 -999.250 -999.250 -999.250 28.767 28.962 30.668 29.129 29.793 31.712 34.442 27.180 21.011 22.062 22.649 18.112 16.935 21.795 22.074 20.697 22.652 21.556 16.124 20.757 13.127 14.627 13.252 12.293 16.371 20.132 15.360 18.027 23.946 24.969 21.924 25.501 22.657 21.160 20.138 19.092
-999.250 -999.250 -999.250 -999.250 -999.250 -999.250 -999.250 -999.250 -999.250 -999.250 -999.250 -999.250 -999.250 -999.250 -999.250 -999.250 -999.250 -999.250 -999.250 -999.250 -999.250 -999.250 -999.250 -999.250 -999.250 -999.250 -999.250 -999.250 -999.250 -999.250 -999.250 25.368 23.943 31.699 24.857 29.946 26.676 32.555 23.957 18.448 14.514 19.093 16.181 19.348 22.488 21.157 21.003 15.364 18.428 18.361 12.308 15.937 11.460 12.529 12.243 18.657 15.806 16.895 19.139 23.969 23.697 25.052 26.418 24.941 25.461 24.622 26.742
-999.250 -999.250 -999.250 -999.250 -999.250 -999.250 -999.250 -999.250 -999.250 -999.250 -999.250 -999.250 -999.250 -999.250 -999.250 -999.250 -999.250 -999.250 -999.250 -999.250 -999.250 -999.250 -999.250 -999.250 -999.250 -999.250 -999.250 -999.250 -999.250 -999.250 -999.250 20.711 21.477 23.833 25.845 23.854 21.923 23.154 19.967 18.037 16.633 17.297 20.247 20.410 20.429 19.707 16.454 16.331 16.689 18.739 15.932 11.361 10.480 9.984 12.317 12.476 13.809 13.388 14.440 21.715 28.818 29.349 33.252 26.498 31.778 33.617 34.358
-999.250 -999.250 -999.250 -999.250 -999.250 -999.250 -999.250 -999.250 -999.250 -999.250 -999.250 -999.250 -999.250 -999.250 -999.250 -999.250 -999.250 -999.250 -999.250 -999.250 -999.250 -999.250 -999.250 -999.250 -999.250 -999.250 -999.250 -999.250 -999.250 -999.250 -999.250 24.124 23.600 20.746 25.293 24.168 19.868 21.799 14.025 13.382 11.046 13.626 16.117 16.392 17.648 18.734 18.061 11.469 13.400 13.724 15.899 10.307 12.799 11.063 11.534 12.789 14.479 15.059 16.077 21.339 28.258 31.769 31.975 36.214 35.582 40.371 36.368
-999.250 -999.250 -999.250 -999.250 -999.250 -999.250 -999.250 -999.250 -999.250 -999.250 -999.250 -999.250 -999.250 -999.250 -999.250 -999.250 -999.250 -999.250 -999.250 -999.250 -999.250 -999.250 -999.250 -999.250 -999.250 -999.250 -999.250 -999.250 -999.250 -999.250 -999.250 24.077 22.157 21.538 27.223 22.537 21.242 19.448 9.662 10.380 9.879 12.509 13.495 13.401 11.337 18.688 14.940 13.140 14.489 16.405 14.603 8.055 8.583 7.559 9.805 10.555 15.966 13.794 17.176 21.584 27.711 33.733 34.091 34.806 37.716 40.106 37.961
-999.250 -999.250 -999.250 -999.250 -999.250 -999.250 -999.250 -999.250 -999.250 -999.250 -999.250 -999.250 -999.250 -999.250 -999.250 -999.250 -999.250 -999.250 -999.250 -999.250 -999.250 -999.250 -999.250 -999.250 -999.250 -999.250 -999.250 -999.250 -999.250 -999.250 -999.250 17.024 20.792 16.687 24.204 27.009 21.116 16.474 9.062 7.555 8.290 6.831 8.718 10.307 14.601 11.992 16.584 13.733 14.620 12.973 10.363 8.750 9.338 7.590 10.633 10.769 15.139 16.041 17.321 23.381 28.488 30.651 36.945 36.920 38.109 45.450 41.115
-999.250 -999.250 -999.250 -999.250 -999.250 -999.250 -999.250 -999.250 -999.250 -999.250 -999.250 -999.250 -999.250 -999.250 -999.250 -999.250 -999.250 -999.250 -999.250 -999.250 -999.250 -999.250 -999.250 -999.250 -999.250 -999.250 -999.250 -999.250 -999.250 -999.250 -999.250 18.068 16.265 18.484 18.744 18.953 19.905 15.320 12.101 10.932 7.540 7.626 7.025 8.728 11.951 12.104 16.800 14.542 15.824 10.890 9.892 8.765 7.661 7.501 12.495 13.135 12.523 20.307 18.434 24.194 27.868 32.548 35.534 41.600 42.107 51.117 45.173
-999.250 -999.250 -999.250 -999.250 -999.250 -999.250 -999.250 -999.250 -999.250 -999.250 -999.250 -999.250 -999.250 -999.250 -999.250 -999.250 -999.250 -999.250 -999.250 -999.250 -999.250 -999.250 -999.250 -999.250 -999.250 -999.250 -999.250 -999.250 -999.250 -999.250 -999.250 18.675 17.706 17.286 15.240 15.509 12.131 14.158 12.227 8.478 9.889 10.420 6.564 10.661 11.424 10.262 10.408 14.183 9.639 9.813 11.833 8.176 6.740 8.078 8.520 10.161 17.441 20.183 16.474 21.867 28.058 33.108 32.616 39.409 45.254 44.951 48.728
-999.250 -999.250 -999.250 -999.250 -999.250 -999.250 -999.250 -999.250 -999.250 -999.250 -999.250 -999.250 -999.250 -999.250 -999.250 -999.250 -999.250 -999.250 -999.250 -999.250 -999.250 -999.250 -999.250 -999.250 -999.250 -999.250 -999.250 -999.250 -999.250 -999.250 -999.250 17.830 15.192 16.917 13.829 14.275 11.336 12.832 14.577 12.638 10.719 11.919 10.958 11.638 13.051 14.295 13.033 14.265 11.541 11.872 10.551 9.330 6.806 8.393 8.635 8.176 15.216 14.737 14.289 24.136 24.377 33.735 37.812 44.891 49.534 51.614 44.659
-999.250 -999.250 -999.250 -999.250 -999.250 -999.250 -999.250 -999.250 -999.250 -999.250 -999.250 -999.250 -999.250 -999.250 -999.250 -999.250 -999.250 -999.250 -999.250 -999.250 -999.250 -999.250 -999.250 -999.250 -999.250 -999.250 -999.250 -999.250 -999.250 -999.250 16.316 13.724 12.332 11.480 13.715 15.137 11.423 12.560 10.441 12.545 10.788 12.919 12.460 13.027 15.540 14.587 11.468 15.563 13.248 13.210 11.406 9.083 7.240 6.667 6.947 7.726 10.876 16.482 16.291 23.047 34.905 36.987 40.916 47.250 58.982 63.081 62.650
-999.250 -999.250 -999.250 -999.250 -999.250 -999.250 -999.250 -999.250 -999.250 -999.250 -999.250 -999.250 -999.250 -999.250 -999.250 -999.250 -999.250 -999.250 -999.250 -999.250 -999.250 -999.250 -999.250 -999.250 -999.250 -999.250 -999.250 -999.250 -999.250 -999.250 15.239 16.376 10.535 11.801 11.900 12.426 13.007 12.659 12.789 15.161 11.010 11.982 17.480 15.704 16.320 16.721 14.246 14.906 13.535 11.840 10.262 8.533 9.288 7.450 6.302 6.502 9.952 9.347 13.499 19.872 25.022 35.197 44.570 48.699 57.325 61.793 66.175
-999.250 -999.250 -999.250 -999.250 -999.250 -999.250 -999.250 -999.250 -999.250 -999.250 -999.250 -999.250 -999.250 -999.250 -999.250 -999.250 -999.250 -999.250 -999.250 -999.250 -999.250 -999.250 -999.250 -999.250 -999.250 -999.250 -999.250 -999.250 -999.250 -999.250 17.659 12.627 11.452 8.674 10.576 12.685 11.422 14.022 11.999 13.824 14.137 12.339 15.263 13.260 17.536 16.007 17.542 18.082 17.036 13.981 12.724 11.663 6.890 7.522 5.701 8.849 5.196 5.156 14.707 17.007 23.510 32.948 37.908 46.632 52.261 56.985 69.838
-999.250 -999.250 -999.250 -999.250 -999.250 -999.250 -999.250 -999.250 -999.250 -999.250 -999.250 -999.250 -999.250 -999.250 -999.250 -999.250 -999.250 -999.250 -999.250 -999.250 -999.250 -999.250 -999.250 -999.250 -999.250 -999.250 -999.250 -999.250 -999.250 -999.250 16.515 14.746 13.008 13.282 11.401 10.372 10.463 14.824 11.895 10.373 9.641 16.739 13.492 18.795 13.210 20.160 19.181 22.418 19.503 15.022 11.306 10.827 9.907 5.962 4.787 2.345 2.898 6.917 10.260 16.094 25.669 33.549 41.124 48.091 55.145 68.581 77.385
-999.250 -999.250 -999.250 -999.250 -999.250 -999.250 -999.250 -999.250 -999.250 -999.250 -999.250 -999.250 -999.250 -999.250 -999.250 -999.250 -999.250 -999.250 -999.250 -999.250 -999.250 -999.250 -999.250 -999.250 -999.250 -999.250 -999.250 -999.250 -999.250 17.902 11.644 10.048 14.145 10.356 7.940 10.198 11.473 11.571 14.028 12.294 12.315 14.517 12.864 19.402 19.670 19.051 22.028 20.201 20.492 17.441 12.624 12.293 6.665 7.715 1.832 0.280 0.000 0.000 8.102 16.402 22.688 31.160 36.060 51.005 67.864 71.798 82.014
-999.250 -999.250 -999.250 -999.250 -999.250 -999.250 -999.250 -999.250 -999.250 -999.250 -999.250 -999.250 -999.250 -999.250 -999.250 -999.250 -999.250 -999.250 -999.250 -999.250 -999.250 -999.250 -999.250 -999.250 -999.250 -999.250 -999.250 -999.250 -999.250 13.341 10.703 12.644 12.154 10.797 8.562 8.054 9.391 11.455 14.303 14.311 15.921 16.570 14.621 21.596 20.709 19.089 20.954 22.709 18.152 18.362 14.114 13.663 9.367 8.437 3.519 1.481 3.838 3.360 8.318 16.438 23.871 33.821 38.507 48.191 61.517 80.985 91.131
-999.250 -999.250 -999.250 -999.250 -999.250 -999.250 -999.250 -999.250 -999.250 -999.250 -999.250 -999.250 -999.250 -999.250 -999.250 -999.250 -999.250 -999.250 -999.250 -999.250 -999.250 -999.250 -999.250 -999.250 -999.250 -999.250 -999.250 -999.250 14.199 12.995 8.479 8.872 9.492 9.825 10.037 10.637 10.420 10.637 13.467 15.137 17.829 18.009 21.068 18.833 19.791 16.467 21.619 23.377 17.726 16.990 14.522 15.633 12.220 10.318 9.412 7.667 7.966 7.951 9.828 14.805 23.974 34.518 41.227 47.029 61.029 74.784 86.101
-999.250 -999.250 -999.250 -999.250 -999.250 -999.250 -999.250 -999.250 -999.250 -999.250 -999.250 -999.250 -999.250 -999.250 -999.250 -999.250 -999.250 -999.250 -999.250 -999.250 -999.250 -999.250 -999.250 -999.250 -999.250 -999.250 -999.250 -999.250 12.225 13.401 9.777 9.448 8.928 10.584 13.193 11.643 9.865 11.975 14.840 16.109 16.313 20.473 25.251 21.369 21.248 18.080 24.725 17.456 21.283 19.628 18.017 13.162 15.315 14.482 10.334 12.186 11.882 13.248 15.031 16.086 26.192 32.823 46.209 51.434 67.975 76.240 84.973
-999.250 -999.250 -999.250 -999.250 -999.250 -999.250 -999.250 -999.250 -999.250 -999.250 -999.250 -999.250 -999.250 -999.250 -999.250 -999.250 -999.250 -999.250 -999.250 -999.250 -999.250 -999.250 -999.250 -999.250 -999.250 -999.250 -999.250 13.621 11.134 10.491 8.718 7.914 8.066 9.630 11.130 10.037 13.167 13.486 17.965 15.366 17.693 25.191 22.474 18.184 24.261 27.563 27.272 22.529 20.299 20.654 17.866 16.052 18.232 15.022 15.705 16.727 16.540 14.054 15.399 24.355 30.575 36.075 43.763 59.170 70.663 82.448 88.944
-999.250 -999.250 -999.250 -999.250 -999.250 -999.250 -999.250 -999.250 -999.250 -999.250 -999.250 -999.250 -999.250 -999.250 -999.250 -999.250 -999.250 -999.250 -999.250 -999.250 -999.250 -999.250 -999.250 -999.250 -999.250 -999.250 -999.250 12.692 12.627 12.626 8.877 7.291 9.519 9.337 11.885 11.303 11.749 16.606 13.454 16.202 21.827 20.326 21.695 21.051 24.713 31.840 25.287 20.991 19.319 22.457 24.640 22.517 17.533 17.559 13.603 20.445 20.352 23.054 24.947 28.741 32.993 32.712 47.044 61.425 65.664 81.008 84.004
-999.250 -999.250 -999.250 -999.250 -999.250 -999.250 -999.250 -999.250 -999.250 -999.250 -999.250 -999.250 -999.250 -999.250 -999.250 -999.250 -999.250 -999.250 -999.250 -999.250 -999.250 -999.250 -999.250 -999.250 -999.250 -999.250 -999.250 -999.250 15.049 15.350 9.531 8.444 8.341 9.731 13.177 12.244 14.991 17.239 21.793 17.954 21.208 22.015 22.202 24.764 25.108 32.199 30.470 27.986 26.023 27.845 31.010 27.622 23.795 27.012 23.574 25.541 25.539 23.379 24.334 29.606 35.775 39.867 45.748 57.535 64.495 70.329 89.031
-999.250 -999.250 -999.250 -999.250 -999.250 -999.250 -999.250 -999.250 -999.250 -999.250 -999.250 -999.250 -999.250 -999.250 -999.250 -999.250 -999.250 -999.250 -999.250 -999.250 -999.250 -999.250 -999.250 -999.250 -999.250 -999.250 -999.250 -999.250 -999.250 -999.250 11.230 10.281 10.053 10.917 13.473 16.115 16.706 19.588 17.665 17.845 17.380 22.575 25.347 26.720 27.972 28.529 31.261 31.285 34.694 37.316 31.462 34.589 32.419 29.291 26.409 32.108 28.742 28.720 29.456 32.254 34.892 40.016 44.567 52.783 52.044 63.176 78.421
-999.250 -999.250 -999.250 -999.250 -999.250 -999.250 -999.250 -999.250 -999.250 -999.250 -999.250 -999.250 -999.250 -999.250 -999.250 -999.250 -999.250 -999.250 -999.250 -999.250 -999.250 -999.250 -999.250 -999.250 -999.250 -999.250 -999.250 -999.250 -999.250 -999.250 15.396 12.692 11.341 12.777 15.726 15.704 19.434 21.888 21.552 20.001 23.242 26.839 24.635 33.380 33.447 39.050 33.365 35.298 39.437 40.523 39.631 35.474 36.189 33.223 35.545 29.708 33.618 29.553 33.210 30.611 36.983 36.883 43.502 48.156 50.742 58.756 61.342
-999.250 -999.250 -999.250 -999.250 -999.250 -999.250 -999.250 -999.250 -999.250 -999.250 -999.250 -999.250 -999.250 -999.250 -999.250 -999.250 -999.250 -999.250 -999.250 -999.250 -999.250 -999.250 -999.250 -999.250 -999.250 -999.250 -999.250 -999.250 -999.250 -999.250 20.609 13.203 11.084 16.043 17.214 20.024 23.715 25.151 26.710 27.213 29.961 30.909 27.973 27.475 32.917 43.637 41.875 43.662 45.092 46.672 48.266 42.669 40.782 36.505 36.285 34.957 38.023 34.797 36.086 36.377 33.341 37.083 42.841 43.708 44.525 48.266 50.959
-999.250 -999.250 -999.250 -999.250 -999.250 -999.250 -999.250 -999.250 -999.250 -999.250 -999.250 -999.250 -999.250 -999.250 -999.250 -999.250 -999.250 -999.250 -999.250 -999.250 -999.250 -999.250 -999.250 -999.250 -999.250 -999.250 -999.250 -999.250 -999.250 -999.250 -999.250 15.093 13.617 18.551 21.265 19.771 24.445 29.303 31.120 33.559 36.967 30.325 32.397 36.037 42.579 37.763 43.239 44.599 44.344 49.786 48.381 48.358 42.395 42.407 46.150 40.873 39.004 40.081 38.929 39.927 33.604 34.716 39.961 41.556 41.480 47.181 45.752
-999.250 -999.250 -999.250 -999.250 -999.250 -999.250 -999.250 -999.250 -999.250 -999.250 -999.250 -999.250 -999.250 -999.250 -999.250 -999.250 -999.250 -999.250 -999.250 -999.250 -999.250 -999.250 -999.250 -999.250 -999.250 -999.250 -999.250 -999.250 -999.250 -999.250 17.597 18.889 17.151 16.145 18.507 21.688 25.729 29.784 34.933 36.100 37.511 38.694 40.878 39.535 38.340 43.096 50.253 45.612 53.838 52.015 61.288 54.061 50.868 50.659 50.859 48.694 45.838 43.849 41.216 40.497 35.680 34.750 34.251 35.715 31.515 33.497 36.444
-999.250 -999.250 -999.250 -999.250 -999.250 -999.250 -999.250 -999.250 -999.250 -999.250 -999.250 -999.250 -999.250 -999.250 -999.250 -999.250 -999.250 -999.250 -999.250 -999.250 -999.250 -999.250 -999.250 -999.250 -999.250 -999.250 -999.250 -999.250 -999.250 -999.250 -999.250 16.444 20.217 15.050 20.283 22.288 25.861 39.119 37.096 37.581 40.216 42.193 46.716 48.520 47.689 54.032 52.057 61.094 59.611 59.221 61.791 60.710 64.101 59.536 59.215 52.104 56.200 48.085 40.691 39.751 33.350 29.190 26.327 21.480 28.849 26.177 27.152
