data/medianmodel_17-Jan-2021.asc
ncols	141
nrows	288
xllcorner	-120191.398
yllcorner	-301404.813
cellsize	2000.000
NODATA_value	-999.250
[rows 224 to 251 of 288, columns 0 to 62 of 141]
-999.250 -999.250 -999.250 -999.250 -999.250 -999.250 -999.250 -999.250 -999.250 -999.250 -999.250 -999.250 -999.250 -999.250 -999.250 -999.250 -999.250 -999.250 -999.250 -999.250 -999.250 -999.250 -999.250 -999.250 -999.250 -999.250 -999.250 -999.250 -999.250 -999.250 778.624 767.053 719.943 672.709 631.007 583.392 565.949 514.394 410.795 385.130 359.052 345.162 366.082 353.042 384.142 509.931 553.596 639.638 728.142 784.576 931.218 1026.362 1043.316 1141.217 1193.371 1314.044 1390.760 1426.840 1516.466 1636.171 1770.626 1957.756 2076.543
-999.250 -999.250 -999.250 -999.250 -999.250 -999.250 -999.250 -999.250 -999.250 -999.250 -999.250 -999.250 -999.250 -999.250 -999.250 -999.250 -999.250 -999.250 -999.250 -999.250 -999.250 -999.250 -999.250 -999.250 -999.250 -999.250 -999.250 -999.250 -999.250 -999.250 756.302 746.287 695.136 634.452 562.649 524.391 516.776 428.895 339.471 336.499 309.049 294.584 309.587 323.307 383.131 420.366 498.816 595.342 682.313 743.088 806.107 900.664 951.567 1067.769 1152.085 1221.370 1369.979 1450.661 1505.787 1611.290 1683.757 1923.500 2012.069
-999.250 -999.250 -999.250 -999.250 -999.250 -999.250 -999.250 -999.250 -999.250 -999.250 -999.250 -999.250 -999.250 -999.250 -999.250 -999.250 -999.250 -999.250 -999.250 -999.250 -999.250 -999.250 -999.250 -999.250 -999.250 -999.250 -999.250 -999.250 -999.250 -999.250 727.123 704.670 629.364 576.210 517.134 455.563 374.276 350.081 344.791 322.700 293.865 319.183 297.135 306.453 332.068 348.488 394.025 518.024 562.888 661.141 735.893 833.607 917.029 1022.217 1088.881 1143.442 1323.096 1438.329 1459.878 1538.672 1614.385 1831.987 1930.081
-999.250 -999.250 -999.250 -999.250 -999.250 -999.250 -999.250 -999.250 -999.250 -999.250 -999.250 -999.250 -999.250 -999.250 -999.250 -999.250 -999.250 -999.250 -999.250 -999.250 -999.250 -999.250 -999.250 -999.250 -999.250 -999.250 -999.250 -999.250 -999.250 642.350 627.850 597.684 585.620 534.717 498.715 450.400 363.428 325.437 298.084 310.952 289.077 291.102 246.147 267.437 276.816 289.823 317.370 433.573 549.016 629.667 695.918 757.698 848.779 903.039 1020.009 1061.585 1250.283 1363.926 1420.077 1468.933 1572.385 1652.093 1789.947
-999.250 -999.250 -999.250 -999.250 -999.250 -999.250 -999.250 -999.250 -999.250 -999.250 -999.250 -999.250 -999.250 -999.250 -999.250 -999.250 -999.250 -999.250 -999.250 -999.250 -999.250 -999.250 -999.250 -999.250 -999.250 -999.250 -999.250 -999.250 -999.250 625.123 638.457 524.759 587.601 535.093 472.133 394.186 364.095 319.566 311.890 308.422 305.358 255.250 259.089 270.163 253.073 278.936 301.340 379.840 461.553 493.495 656.734 695.765 786.904 843.457 930.616 1021.557 1141.781 1274.066 1355.541 1433.531 1503.438 1570.488 1696.448
-999.250 -999.250 -999.250 -999.250 -999.250 -999.250 -999.250 -999.250 -999.250 -999.250 -999.250 -999.250 -999.250 -999.250 -999.250 -999.250 -999.250 -999.250 -999.250 -999.250 -999.250 -999.250 -999.250 -999.250 -999.250 -999.250 -999.250 -999.250 712.325 657.354 580.705 581.677 531.040 491.838 402.969 377.205 329.964 286.381 301.291 286.279 262.394 260.270 232.796 203.364 239.195 237.701 279.310 324.042 380.434 534.506 577.255 640.250 719.289 794.777 838.866 982.714 1087.759 1195.474 1269.844 1313.908 1400.615 1438.306 1517.549
-999.250 -999.250 -999.250 -999.250 -999.250 -999.250 -999.250 -999.250 -999.250 -999.250 -999.250 -999.250 -999.250 -999.250 -999.250 -999.250 -999.250 -999.250 -999.250 -999.250 -999.250 -999.250 -999.250 -999.250 -999.250 -999.250 -999.250 -999.250 699.020 643.226 626.212 554.201 488.722 391.461 364.561 354.016 302.312 304.993 298.963 282.325 294.612 248.561 195.063 192.581 220.361 245.879 273.088 303.434 340.090 452.429 518.880 567.129 650.965 708.501 786.319 905.419 1028.442 1102.171 1208.548 1293.336 1325.103 1374.737 1451.248
-999.250 -999.250 -999.250 -999.250 -999.250 -999.250 -999.250 -999.250 -999.250 -999.250 -999.250 -999.250 -999.250 -999.250 -999.250 -999.250 -999.250 -999.250 -999.250 -999.250 -999.250 -999.250 -999.250 -999.250 -999.250 -999.250 -999.250 740.481 695.619 599.603 563.881 536.978 485.622 417.391 442.741 344.473 321.739 296.046 290.574 284.037 262.385 271.268 211.195 169.902 230.893 214.196 250.234 305.431 315.007 328.793 405.823 492.932 619.006 707.832 747.269 824.545 874.168 1005.620 1096.236 1221.732 1234.927 1368.815 1390.498
-999.250 -999.250 -999.250 -999.250 -999.250 -999.250 -999.250 -999.250 -999.250 -999.250 -999.250 -999.250 -999.250 -999.250 -999.250 -999.250 -999.250 -999.250 -999.250 -999.250 -999.250 -999.250 -999.250 -999.250 -999.250 -999.250 -999.250 749.563 674.138 641.658 624.285 561.429 495.998 460.095 386.792 358.921 315.805 308.886 291.631 282.071 282.124 230.867 212.859 201.119 173.391 214.578 223.468 262.595 293.558 321.571 365.595 451.898 587.639 685.013 666.600 784.662 897.637 915.559 1008.885 1089.946 1162.081 1226.566 1238.940
-999.250 -999.250 -999.250 -999.250 -999.250 -999.250 -999.250 -999.250 -999.250 -999.250 -999.250 -999.250 -999.250 -999.250 -999.250 -999.250 -999.250 -999.250 -999.250 -999.250 -999.250 -999.250 -999.250 -999.250 -999.250 -999.250 -999.250 -999.250 703.819 665.920 626.318 580.626 510.448 393.420 400.001 349.195 321.685 327.698 298.639 282.420 296.536 258.923 247.080 224.887 193.394 177.766 226.571 282.669 262.569 316.335 358.866 410.500 534.417 635.778 679.707 739.401 817.300 876.453 958.275 1044.806 1087.048 1164.654 1217.759
-999.250 -999.250 -999.250 -999.250 -999.250 -999.250 -999.250 -999.250 -999.250 -999.250 -999.250 -999.250 -999.250 -999.250 -999.250 -999.250 -999.250 -999.250 -999.250 -999.250 -999.250 -999.250 -999.250 -999.250 -999.250 -999.250 -999.250 -999.250 -999.250 -999.250 573.002 566.731 500.803 432.489 368.095 341.802 327.122 297.341 305.177 277.747 292.510 265.311 276.589 256.861 274.608 255.311 257.647 274.230 302.448 315.910 339.003 401.934 455.647 533.250 652.851 671.368 742.631 820.176 925.155 987.357 1008.433 1067.101 1078.634
-999.250 -999.250 -999.250 -999.250 -999.250 -999.250 -999.250 -999.250 -999.250 -999.250 -999.250 -999.250 -999.250 -999.250 -999.250 -999.250 -999.250 -999.250 -999.250 -999.250 -999.250 -999.250 -999.250 -999.250 -999.250 -999.250 -999.250 -999.250 -999.250 -999.250 601.867 526.543 484.780 425.377 391.802 371.180 353.466 346.105 318.876 305.349 290.856 283.476 276.557 275.013 267.142 267.238 289.042 276.104 321.593 344.417 374.937 415.631 467.933 553.611 582.202 679.668 727.992 779.673 805.031 886.743 923.885 972.960 1015.413
-999.250 -999.250 -999.250 -999.250 -999.250 -999.250 -999.250 -999.250 -999.250 -999.250 -999.250 -999.250 -999.250 -999.250 -999.250 -999.250 -999.250 -999.250 -999.250 -999.250 -999.250 -999.250 -999.250 -999.250 -999.250 -999.250 -999.250 -999.250 -999.250 -999.250 559.551 499.085 476.158 448.782 439.937 397.809 398.225 357.843 328.256 299.856 301.245 313.579 287.003 275.008 286.831 282.358 326.456 297.113 340.550 351.384 372.880 407.688 489.714 570.471 589.640 649.648 711.894 721.758 729.117 776.040 843.490 882.522 933.398
-999.250 -999.250 -999.250 -999.250 -999.250 -999.250 -999.250 -999.250 -999.250 -999.250 -999.250 -999.250 -999.250 -999.250 -999.250 -999.250 -999.250 -999.250 -999.250 -999.250 -999.250 -999.250 -999.250 -999.250 -999.250 -999.250 -999.250 -999.250 -999.250 -999.250 -999.250 531.659 468.982 479.102 391.937 400.133 378.113 355.315 350.086 329.002 313.838 311.894 322.216 317.990 320.355 341.260 345.613 339.762 344.177 417.073 424.024 449.998 502.239 529.879 565.407 630.567 680.547 716.555 694.917 738.116 777.684 790.276 837.651
-999.250 -999.250 -999.250 -999.250 -999.250 -999.250 -999.250 -999.250 -999.250 -999.250 -999.250 -999.250 -999.250 -999.250 -999.250 -999.250 -999.250 -999.250 -999.250 -999.250 -999.250 -999.250 -999.250 -999.250 -999.250 -999.250 -999.250 -999.250 -999.250 -999.250 593.610 572.205 522.424 537.580 478.875 470.535 378.571 396.669 392.898 338.193 334.089 342.144 334.217 344.694 333.446 347.909 354.885 375.726 433.010 459.686 505.242 483.629 522.529 510.543 537.211 626.458 634.396 673.416 688.414 727.965 739.041 754.165 771.090
-999.250 -999.250 -999.250 -999.250 -999.250 -999.250 -999.250 -999.250 -999.250 -999.250 -999.250 -999.250 -999.250 -999.250 -999.250 -999.250 -999.250 -999.250 -999.250 -999.250 -999.250 -999.250 -999.250 -999.250 -999.250 -999.250 -999.250 -999.250 -999.250 -999.250 -999.250 512.491 510.151 456.960 469.247 477.321 443.761 395.435 417.628 416.870 385.169 384.465 355.808 368.707 333.650 424.303 455.785 430.180 488.533 529.965 566.462 565.313 522.670 537.669 579.729 628.213 626.783 674.802 681.338 698.490 712.831 721.614 784.162
-999.250 -999.250 -999.250 -999.250 -999.250 -999.250 -999.250 -999.250 -999.250 -999.250 -999.250 -999.250 -999.250 -999.250 -999.250 -999.250 -999.250 -999.250 -999.250 -999.250 -999.250 -999.250 -999.250 -999.250 -999.250 -999.250 -999.250 -999.250 -999.250 -999.250 545.136 524.594 508.139 432.516 435.090 468.080 398.238 424.663 468.808 457.950 410.902 463.094 431.070 396.104 436.890 487.076 526.389 504.365 498.299 575.624 642.948 598.152 606.118 590.295 650.308 628.945 623.512 670.761 697.496 662.454 667.284 722.079 731.065
-999.250 -999.250 -999.250 -999.250 -999.250 -999.250 -999.250 -999.250 -999.250 -999.250 -999.250 -999.250 -999.250 -999.250 -999.250 -999.250 -999.250 -999.250 -999.250 -999.250 -999.250 -999.250 -999.250 -999.250 -999.250 -999.250 -999.250 -999.250 -999.250 -999.250 552.071 561.765 563.860 444.413 464.517 433.472 442.295 419.200 423.091 489.968 418.573 442.315 471.518 450.891 540.487 523.787 521.239 587.467 584.514 572.896 628.177 602.268 650.232 657.839 668.990 677.620 651.882 662.536 652.676 621.262 629.646 698.144 718.338
-999.250 -999.250 -999.250 -999.250 -999.250 -999.250 -999.250 -999.250 -999.250 -999.250 -999.250 -999.250 -999.250 -999.250 -999.250 -999.250 -999.250 -999.250 -999.250 -999.250 -999.250 -999.250 -999.250 -999.250 -999.250 -999.250 -999.250 -999.250 -999.250 -999.250 596.692 545.844 575.657 472.671 483.846 468.692 419.891 412.479 453.137 496.318 408.723 426.121 465.413 458.006 536.012 599.480 638.308 651.400 674.366 663.223 684.303 678.982 692.615 703.795 711.442 661.222 695.565 645.943 679.556 617.982 620.452 677.895 706.297
-999.250 -999.250 -999.250 -999.250 -999.250 -999.250 -999.250 -999.250 -999.250 -999.250 -999.250 -999.250 -999.250 -999.250 -999.250 -999.250 -999.250 -999.250 -999.250 -999.250 -999.250 -999.250 -999.250 -999.250 -999.250 -999.250 -999.250 -999.250 -999.250 -999.250 549.142 527.468 522.954 489.366 401.453 482.713 445.004 484.922 429.760 490.156 471.302 428.733 494.364 501.851 551.370 620.238 633.597 715.015 705.235 730.073 715.263 742.071 740.773 740.446 759.103 730.743 713.683 701.748 678.940 624.520 589.924 605.134 645.585
-999.250 -999.250 -999.250 -999.250 -999.250 -999.250 -999.250 -999.250 -999.250 -999.250 -999.250 -999.250 -999.250 -999.250 -999.250 -999.250 -999.250 -999.250 -999.250 -999.250 -999.250 -999.250 -999.250 -999.250 -999.250 -999.250 -999.250 -999.250 -999.250 -999.250 522.071 498.152 550.571 498.690 472.798 479.118 511.536 470.823 427.763 470.689 478.872 488.272 532.747 558.263 561.652 619.561 696.686 725.088 783.873 785.576 807.112 823.942 828.524 773.622 771.439 768.491 790.275 730.771 704.913 684.600 597.946 557.339 637.940
-999.250 -999.250 -999.250 -999.250 -999.250 -999.250 -999.250 -999.250 -999.250 -999.250 -999.250 -999.250 -999.250 -999.250 -999.250 -999.250 -999.250 -999.250 -999.250 -999.250 -999.250 -999.250 -999.250 -999.250 -999.250 -999.250 -999.250 -999.250 -999.250 -999.250 -999.250 460.259 461.887 456.824 476.010 501.784 505.175 427.543 459.604 506.193 490.704 522.694 517.466 568.399 588.594 636.470 730.279 745.450 806.838 829.131 860.591 911.085 897.996 834.286 883.364 831.579 805.421 788.757 787.204 718.541 590.056 518.060 597.561
-999.250 -999.250 -999.250 -999.250 -999.250 -999.250 -999.250 -999.250 -999.250 -999.250 -999.250 -999.250 -999.250 -999.250 -999.250 -999.250 -999.250 -999.250 -999.250 -999.250 -999.250 -999.250 -999.250 -999.250 -999.250 -999.250 -999.250 -999.250 -999.250 -999.250 -999.250 481.938 446.145 480.561 523.844 463.045 466.762 430.676 503.508 500.509 519.673 551.336 578.770 615.862 669.528 684.920 755.714 814.243 827.204 874.648 926.377 969.316 984.188 975.879 996.333 920.645 919.471 901.005 886.715 792.067 709.839 698.198 704.146
-999.250 -999.250 -999.250 -999.250 -999.250 -999.250 -999.250 -999.250 -999.250 -999.250 -999.250 -999.250 -999.250 -999.250 -999.250 -999.250 -999.250 -999.250 -999.250 -999.250 -999.250 -999.250 -999.250 -999.250 -999.250 -999.250 -999.250 -999.250 -999.250 -999.250 417.126 421.534 459.816 416.175 511.320 480.550 457.550 447.353 489.728 523.904 531.182 555.048 576.018 606.051 662.124 712.483 754.521 806.815 830.579 922.172 1007.330 1029.232 1070.477 1065.284 1094.706 1085.573 1067.991 1089.872 940.775 847.257 812.036 792.449 781.229
-999.250 -999.250 -999.250 -999.250 -999.250 -999.250 -999.250 -999.250 -999.250 -999.250 -999.250 -999.250 -999.250 -999.250 -999.250 -999.250 -999.250 -999.250 -999.250 -999.250 -999.250 -999.250 -999.250 -999.250 -999.250 -999.250 -999.250 -999.250 -999.250 -999.250 376.891 432.731 436.986 425.426 437.953 469.899 498.309 430.548 428.909 513.542 510.735 565.734 629.432 628.625 694.072 748.390 778.878 839.748 944.482 970.702 998.573 1090.380 1104.887 1180.817 1166.067 1211.631 1204.538 1124.092 1044.610 983.991 957.320 907.802 885.798
-999.250 -999.250 -999.250 -999.250 -999.250 -999.250 -999.250 -999.250 -999.250 -999.250 -999.250 -999.250 -999.250 -999.250 -999.250 -999.250 -999.250 -999.250 -999.250 -999.250 -999.250 -999.250 -999.250 -999.250 -999.250 -999.250 -999.250 -999.250 -999.250 -999.250 373.429 473.249 431.930 364.449 404.949 395.580 437.885 389.359 437.402 463.323 506.378 578.118 618.725 678.173 707.117 753.904 824.022 849.948 906.632 1039.832 1067.349 1099.738 1179.030 1303.163 1331.943 1410.897 1342.272 1266.171 1146.124 1115.282 1067.314 1042.110 974.043
-999.250 -999.250 -999.250 -999.250 -999.250 -999.250 -999.250 -999.250 -999.250 -999.250 -999.250 -999.250 -999.250 -999.250 -999.250 -999.250 -999.250 -999.250 -999.250 -999.250 -999.250 -999.250 -999.250 -999.250 -999.250 -999.250 -999.250 -999.250 -999.250 -999.250 455.958 397.682 364.259 356.474 397.642 418.855 376.259 374.216 380.461 403.761 473.155 539.270 627.264 652.814 704.712 751.659 847.230 926.580 935.949 1011.829 1068.282 1174.061 1263.656 1329.863 1369.847 1431.120 1395.902 1324.053 1235.102 1184.512 1138.394 1067.834 1087.891
-999.250 -999.250 -999.250 -999.250 -999.250 -999.250 -999.250 -999.250 -999.250 -999.250 -999.250 -999.250 -999.250 -999.250 -999.250 -999.250 -999.250 -999.250 -999.250 -999.250 -999.250 -999.250 -999.250 -999.250 -999.250 -999.250 -999.250 -999.250 -999.250 -999.250 372.964 354.897 358.487 371.952 353.353 401.910 400.106 365.240 370.484 400.534 424.063 521.168 568.134 647.543 716.871 779.319 832.361 837.704 966.265 1021.111 1117.876 1118.878 1271.390 1344.247 1382.937 1422.765 1390.279 1369.620 1306.408 1257.318 1203.371 1213.268 1155.677
