data/medianmodel_29-Jan-2021.asc
ncols	141
nrows	288
xllcorner	-120191.398
yllcorner	-301404.813
cellsize	2000.000
NODATA_value	-999.250
[rows 84 to 111 of 288, columns 63 to 125 of 141]
2531.464 2498.493 2368.824 2319.576 2285.631 2252.530 2281.485 2172.311 2113.268 2098.666 2065.173 2044.450 2028.438 1957.586 2021.123 2089.074 2123.566 2070.412 2122.052 2049.312 1914.272 1744.700 1790.797 1775.232 1737.089 1583.352 1489.898 1299.076 1372.494 1433.330 1515.318 1606.769 1597.108 1746.121 1790.450 1852.463 2029.031 2100.290 2109.175 2201.539 2428.030 2500.954 2647.200 2722.243 2864.614 2915.916 3025.076 3449.445 3724.374 3743.201 4439.349 4425.386 -999.250 -999.250 -999.250 -999.250 -999.250 -999.250 -999.250 -999.250 -999.250 -999.250 -999.250
2443.321 2338.720 2293.360 2213.272 2227.343 2175.389 2174.146 2091.729 1939.898 1975.140 1912.423 1886.957 1848.993 1772.015 1857.547 1912.935 1955.283 1959.651 1912.447 1876.603 1782.291 1676.152 1623.333 1631.049 1592.083 1506.341 1403.389 1351.206 1385.255 1430.891 1551.999 1535.399 1623.882 1796.311 1807.359 1886.289 2001.143 2103.603 2139.779 2253.998 2380.171 2514.002 2579.706 2713.682 2862.838 2839.240 3187.729 3244.499 3643.940 4193.452 4400.505 4203.448 -999.250 -999.250 -999.250 -999.250 -999.250 -999.250 -999.250 -999.250 -999.250 -999.250 -999.250
2410.747 2283.518 2235.889 2177.784 2084.864 2073.167 2065.935 1995.266 1991.045 1886.733 1843.498 1818.897 1789.275 1757.803 1745.561 1792.424 1832.572 1790.945 1794.101 1726.981 1662.656 1649.903 1607.233 1569.623 1531.566 1510.420 1446.585 1390.405 1404.278 1468.470 1550.260 1591.677 1678.233 1765.971 1821.001 1898.311 2007.770 2056.653 2112.011 2263.268 2383.637 2467.626 2541.240 2846.114 2806.681 3002.023 3051.897 3300.056 3408.561 3902.757 4061.370 -999.250 -999.250 -999.250 -999.250 -999.250 -999.250 -999.250 -999.250 -999.250 -999.250 -999.250 -999.250
2245.409 2199.989 2158.663 2080.342 1949.460 1941.733 1892.246 1937.927 1823.712 1798.069 1785.158 1769.458 1755.989 1712.141 1714.607 1743.340 1771.893 1719.996 1662.618 1618.827 1579.205 1608.041 1572.106 1588.224 1550.476 1505.863 1470.452 1466.232 1446.615 1448.598 1561.084 1600.761 1685.119 1723.212 1764.152 1904.275 2007.543 2099.895 2162.633 2224.417 2345.124 2348.776 2528.569 2740.876 2805.285 2831.231 2981.769 3282.426 3317.194 3796.784 3605.150 -999.250 -999.250 -999.250 -999.250 -999.250 -999.250 -999.250 -999.250 -999.250 -999.250 -999.250 -999.250
2209.196 2096.268 2104.850 1988.902 1877.445 1808.870 1807.846 1794.048 1752.946 1748.194 1774.297 1693.462 1727.705 1632.634 1694.930 1682.778 1708.053 1651.959 1614.632 1609.612 1600.422 1606.632 1589.978 1569.557 1648.744 1593.156 1559.039 1509.503 1472.146 1514.841 1586.913 1629.885 1734.819 1755.331 1809.130 1888.483 1997.762 2081.828 2104.735 2263.294 2229.691 2364.082 2488.867 2618.057 2802.304 2887.284 3091.540 3044.595 3292.390 3839.977 3770.829 3607.600 4017.684 -999.250 -999.250 -999.250 -999.250 -999.250 -999.250 -999.250 -999.250 -999.250 -999.250
2220.701 2108.280 1991.783 1943.005 1828.766 1814.727 1706.646 1717.579 1641.745 1712.973 1719.457 1700.040 1687.355 1681.758 1646.252 1675.522 1647.753 1576.995 1576.934 1601.425 1574.183 1641.816 1624.539 1654.421 1718.708 1655.175 1585.097 1558.980 1548.705 1566.399 1585.875 1653.572 1656.647 1729.734 1817.962 1861.702 1947.526 1960.632 2113.132 2154.015 2283.629 2369.588 2510.727 2586.879 2761.820 2873.780 2912.378 3025.364 3214.898 3339.924 3519.454 3399.387 3708.067 -999.250 -999.250 -999.250 -999.250 -999.250 -999.250 -999.250 -999.250 -999.250 -999.250
2126.941 2038.189 1991.649 1858.633 1794.727 1752.603 1728.455 1677.912 1689.182 1683.180 1705.358 1713.060 1689.638 1701.425 1666.779 1646.957 1638.366 1603.234 1555.358 1550.012 1638.798 1700.527 1744.515 1733.305 1797.635 1741.365 1676.664 1692.204 1628.751 1622.558 1598.611 1603.045 1657.194 1736.390 1811.104 1887.384 1973.337 1993.163 2063.013 2045.725 2203.724 2276.509 2485.118 2649.300 2714.905 2922.816 2912.763 3025.045 3058.250 3370.528 3463.504 3225.076 3387.089 -999.250 -999.250 -999.250 -999.250 -999.250 -999.250 -999.250 -999.250 -999.250 -999.250
2030.321 1981.930 1899.417 1785.751 1719.480 1667.533 1678.941 1659.115 1683.918 1638.972 1657.547 1659.958 1663.515 1677.529 1714.134 1649.001 1636.644 1632.974 1658.563 1708.996 1753.926 1832.010 1898.932 1917.427 1886.205 1849.533 1820.035 1734.564 1705.793 1689.982 1615.849 1676.410 1700.812 1756.342 1821.004 1884.775 1959.172 1997.321 2031.467 2083.661 2184.636 2199.191 2366.136 2515.185 2594.773 2715.028 2802.972 2962.984 2911.971 3148.937 3293.736 3290.377 -999.250 -999.250 -999.250 -999.250 -999.250 -999.250 -999.250 -999.250 -999.250 -999.250 -999.250
2045.718 1993.964 1825.143 1748.036 1667.783 1626.805 1575.007 1633.957 1663.978 1659.065 1638.486 1677.871 1683.370 1678.952 1669.674 1703.640 1694.495 1713.623 1748.032 1814.258 1966.618 2021.813 2111.990 2119.467 2024.361 1960.723 1913.719 1818.293 1746.906 1710.457 1680.434 1674.372 1774.547 1756.326 1806.385 1808.423 1878.119 1908.673 1991.537 2018.003 2156.955 2200.633 2328.065 2405.173 2545.828 2639.523 2768.962 2897.831 3005.836 3022.316 3318.907 3200.885 -999.250 -999.250 -999.250 -999.250 -999.250 -999.250 -999.250 -999.250 -999.250 -999.250 -999.250
2059.559 1987.248 1930.892 1754.450 1639.805 1644.005 1596.488 1615.975 1651.991 1627.056 1619.255 1660.164 1642.532 1728.819 1715.318 1735.862 1738.100 1793.783 1856.795 1921.014 2072.627 2204.379 2311.608 2285.029 2158.432 2061.354 2003.042 1893.826 1784.696 1714.330 1721.059 1708.591 1706.150 1759.508 1780.857 1855.972 1894.893 1912.547 1953.137 2076.098 2120.676 2273.176 2344.431 2420.735 2556.132 2741.254 2834.763 2842.925 2856.487 3010.015 3028.366 -999.250 -999.250 -999.250 -999.250 -999.250 -999.250 -999.250 -999.250 -999.250 -999.250 -999.250 -999.250
2218.724 2169.379 2044.679 1885.434 1607.162 1684.648 1660.658 1704.062 1646.504 1711.238 1718.522 1709.875 1752.046 1750.848 1696.092 1757.435 1788.128 1821.935 1956.169 2043.049 2232.709 2348.063 2446.268 2433.447 2353.951 2309.019 2157.344 1969.027 1878.073 1774.732 1810.221 1738.201 1724.177 1703.251 1814.478 1869.418 1852.898 1855.416 1993.377 2102.151 2141.640 2166.237 2413.325 2436.108 2600.682 2607.246 2744.839 2792.609 2760.028 3121.008 3014.824 -999.250 -999.250 -999.250 -999.250 -999.250 -999.250 -999.250 -999.250 -999.250 -999.250 -999.250 -999.250
2415.362 2453.763 2321.030 2163.257 1934.799 1850.667 1823.124 1715.524 1720.127 1705.515 1743.002 1672.182 1711.763 1701.434 1747.184 1799.686 1833.574 1970.582 2053.403 2156.760 2230.115 2446.935 2693.715 2510.329 2367.551 2276.659 2133.404 2091.877 1910.900 1842.143 1807.173 1763.837 1710.360 1775.262 1807.074 1805.148 1937.664 1935.693 1943.964 2015.189 2125.865 2279.047 2316.654 2427.804 2527.819 2646.371 2735.087 2891.296 2930.116 2866.952 2905.747 -999.250 -999.250 -999.250 -999.250 -999.250 -999.250 -999.250 -999.250 -999.250 -999.250 -999.250 -999.250
2720.908 2747.106 2763.796 2546.044 2339.241 2100.531 1992.726 1873.761 1758.030 1688.145 1699.203 1737.957 1734.087 1778.442 1803.171 1792.308 1871.008 1972.447 2114.948 2189.975 2340.105 2491.341 2675.410 2510.153 2464.450 2291.685 2142.572 1984.777 1887.491 1857.768 1777.772 1791.938 1716.161 1724.254 1776.170 1823.643 1888.641 1964.450 2005.302 2000.264 2129.329 2188.558 2256.250 2321.992 2517.572 2641.148 2760.919 2889.079 2897.920 2939.042 2801.118 3089.982 -999.250 -999.250 -999.250 -999.250 -999.250 -999.250 -999.250 -999.250 -999.250 -999.250 -999.250
3067.206 3124.548 3119.823 2896.943 2559.276 2366.151 2104.599 1961.195 1808.985 1769.830 1777.435 1728.095 1777.279 1762.035 1837.513 1848.719 1900.649 1976.937 2068.940 2263.727 2350.956 2449.644 2567.611 2425.873 2395.882 2213.410 2133.257 1976.659 1910.583 1863.101 1773.405 1753.087 1763.354 1751.703 1758.667 1811.608 1861.173 1969.957 1977.887 2105.518 2133.490 2248.760 2284.011 2326.797 2444.050 2540.616 2738.003 2720.232 2785.285 2798.597 2787.401 2836.057 2739.352 -999.250 -999.250 -999.250 -999.250 -999.250 -999.250 -999.250 -999.250 -999.250 -999.250
3304.575 3993.666 3281.723 3146.747 2813.715 2485.262 2242.408 2058.294 1891.630 1796.685 1760.641 1790.600 1833.156 1812.448 1823.411 1871.833 1894.833 1964.294 2092.292 2176.007 2290.676 2337.852 2400.314 2408.498 2299.732 2209.538 2080.027 1940.762 1921.142 1793.576 1672.398 1677.845 1669.707 1738.828 1672.687 1753.363 1790.293 1853.103 1936.758 2004.355 2144.669 2226.989 2311.511 2382.087 2396.252 2532.468 2632.572 2602.496 2644.901 2684.322 2646.262 2625.596 2636.315 2541.164 -999.250 -999.250 -999.250 -999.250 -999.250 -999.250 -999.250 -999.250 -999.250
3284.878 3778.177 3418.670 3120.560 2891.020 2650.323 2371.464 2146.212 1930.376 1807.511 1804.617 1783.004 1818.710 1862.763 1866.235 1856.971 1949.492 2000.672 2131.649 2136.694 2247.937 2284.187 2273.849 2230.242 2206.113 2105.957 2052.545 1864.569 1805.501 1765.410 1718.701 1695.602 1708.460 1709.625 1714.518 1755.127 1801.721 1797.216 1918.648 2018.487 2122.565 2163.439 2225.072 2301.229 2380.304 2521.479 2465.304 2531.634 2519.741 2597.458 2452.267 2568.910 2470.051 -999.250 -999.250 -999.250 -999.250 -999.250 -999.250 -999.250 -999.250 -999.250 -999.250
3233.258 3327.238 3260.208 3102.580 2936.213 2628.836 2371.603 2250.573 2093.045 1948.701 1817.198 1807.770 1818.479 1904.005 1863.889 1910.410 1981.412 2066.284 2147.174 2149.843 2183.490 2252.355 2256.474 2191.617 2078.149 2002.990 1927.657 1915.042 1807.129 1785.868 1722.858 1692.933 1693.539 1664.766 1703.262 1743.964 1821.633 1826.906 1845.687 1935.898 2005.971 2101.462 2196.759 2197.430 2312.982 2265.642 2370.234 2401.563 2424.431 2488.131 2450.126 2402.658 2429.787 2413.815 -999.250 -999.250 -999.250 -999.250 -999.250 -999.250 -999.250 -999.250 -999.250
3096.046 3154.356 3140.774 3047.613 2851.510 2657.685 2384.100 2241.105 2109.889 1976.205 1905.052 1907.515 1851.849 1917.312 1873.548 1990.738 1985.600 1994.709 2104.856 2146.736 2131.523 2170.581 2094.648 2081.815 1973.260 1930.794 1943.213 1836.760 1799.013 1781.387 1753.227 1693.517 1698.762 1633.270 1681.261 1729.463 1780.098 1801.282 1822.064 1889.806 1979.298 2018.932 2115.780 2136.588 2099.650 2171.374 2196.219 2313.767 2435.266 2485.938 2265.415 2236.323 -999.250 -999.250 -999.250 -999.250 -999.250 -999.250 -999.250 -999.250 -999.250 -999.250 -999.250
2983.703 3025.944 2972.088 2905.565 2765.601 2626.103 2436.495 2267.010 2108.583 2063.599 1930.286 1955.304 1884.721 1859.443 1950.486 1936.449 1960.296 2062.839 2070.409 2136.635 2157.151 2089.800 2098.364 2007.866 1955.230 1874.553 1846.880 1850.854 1787.667 1789.307 1785.330 1698.503 1662.087 1659.855 1650.139 1734.764 1734.977 1759.747 1799.367 1838.336 1847.265 1967.937 1945.180 2001.557 2015.412 2058.586 2056.597 2299.078 2431.143 2275.505 2229.763 -999.250 -999.250 -999.250 -999.250 -999.250 -999.250 -999.250 -999.250 -999.250 -999.250 -999.250 -999.250
3006.194 2875.108 2880.421 2779.421 2711.557 2565.470 2400.552 2277.733 2117.984 2013.015 1967.585 1973.767 1913.731 1902.615 1905.995 1927.589 1988.901 2051.906 1979.208 1992.314 2127.354 2046.572 2013.486 1941.126 1825.293 1823.040 1803.420 1827.301 1762.234 1764.917 1746.218 1738.614 1667.826 1655.953 1671.597 1678.487 1721.029 1784.030 1789.733 1850.061 1859.417 1902.379 1904.851 1994.676 1994.772 2009.625 2143.406 2184.468 2197.998 2167.971 2228.165 -999.250 -999.250 -999.250 -999.250 -999.250 -999.250 -999.250 -999.250 -999.250 -999.250 -999.250 -999.250
2826.726 2682.878 2674.309 2679.337 2512.295 2353.089 2222.082 2194.901 2160.794 2024.623 1874.732 1869.485 1947.901 1907.463 1904.553 1980.602 1962.730 1942.555 2027.009 2008.995 1993.792 1998.607 1953.191 1920.636 1883.012 1829.069 1805.452 1791.719 1797.314 1776.831 1813.755 1748.358 1693.374 1696.263 1671.289 1706.777 1724.309 1714.522 1761.405 1782.073 1816.520 1824.817 1902.061 1852.818 1937.267 2055.810 1969.178 2115.007 2098.558 2148.110 -999.250 -999.250 -999.250 -999.250 -999.250 -999.250 -999.250 -999.250 -999.250 -999.250 -999.250 -999.250 -999.250
2734.454 2716.160 2606.098 2532.963 2425.664 2258.086 2201.167 2077.580 2070.943 2009.082 1905.880 1856.119 1923.785 1888.232 1886.254 2022.343 1927.616 1902.049 1940.598 1961.134 1950.359 1966.367 1949.309 1910.908 1899.519 1885.482 1819.254 1793.144 1836.945 1776.963 1775.667 1734.890 1723.136 1671.585 1692.019 1679.156 1693.936 1720.582 1742.432 1802.371 1830.266 1813.397 1828.362 1837.780 1930.311 1913.386 -999.250 -999.250 -999.250 -999.250 -999.250 -999.250 -999.250 -999.250 -999.250 -999.250 -999.250 -999.250 -999.250 -999.250 -999.250 -999.250 -999.250
2563.036 2589.530 2560.211 2418.444 2329.074 2259.076 2223.322 2062.590 1964.167 1982.718 1956.511 1855.207 1841.592 1845.115 1890.438 1847.344 1912.101 1920.751 1925.455 1994.826 1936.064 1926.251 1925.456 1969.136 1953.458 1961.727 1862.803 1806.200 1815.513 1738.602 1691.647 1679.906 1663.459 1677.914 1733.367 1656.866 1756.370 1678.082 1699.735 1784.215 1812.399 1827.096 1765.248 1771.518 -999.250 -999.250 -999.250 -999.250 -999.250 -999.250 -999.250 -999.250 -999.250 -999.250 -999.250 -999.250 -999.250 -999.250 -999.250 -999.250 -999.250 -999.250 -999.250
2442.346 2532.369 2546.325 2480.161 2319.858 2266.891 2141.493 2087.956 1989.660 1911.059 1853.569 1888.980 1844.810 1837.179 1809.874 1833.981 1901.531 1965.742 1942.995 1913.125 1939.556 1984.743 1979.716 1983.605 1951.331 1952.165 1838.182 1853.259 1766.287 1718.166 1716.527 1675.340 1597.112 1631.029 1595.249 1608.243 1616.100 1651.759 1614.690 1669.048 1672.243 1665.910 1662.594 1685.106 -999.250 -999.250 -999.250 -999.250 -999.250 -999.250 -999.250 -999.250 -999.250 -999.250 -999.250 -999.250 -999.250 -999.250 -999.250 -999.250 -999.250 -999.250 -999.250
2603.256 2536.654 2511.765 2469.673 2340.985 2215.201 2101.747 1998.134 1981.443 1923.060 1877.765 1823.569 1854.232 1785.221 1797.431 1760.368 1791.910 1986.132 1949.868 1914.349 1906.633 1960.144 2006.312 1967.421 1975.357 1907.123 1839.947 1812.384 1785.052 1688.273 1676.329 1670.511 1606.895 1605.429 1495.363 1575.852 1579.003 1534.515 1554.405 1553.896 1516.293 1584.311 1604.352 1697.943 -999.250 -999.250 -999.250 -999.250 -999.250 -999.250 -999.250 -999.250 -999.250 -999.250 -999.250 -999.250 -999.250 -999.250 -999.250 -999.250 -999.250 -999.250 -999.250
2696.713 2560.179 2501.809 2381.799 2232.672 2119.257 2037.037 1947.117 1860.843 1843.363 1801.987 1777.945 1818.625 1764.050 1793.816 1787.130 1795.789 1839.826 1880.047 1925.030 1989.908 1940.751 1976.587 1993.034 1973.786 1956.560 1891.736 1817.312 1797.954 1745.860 1713.683 1666.340 1617.410 1566.159 1515.539 1538.948 1490.708 1404.835 1413.947 1401.781 1388.013 1467.506 1556.805 1539.256 -999.250 -999.250 -999.250 -999.250 -999.250 -999.250 -999.250 -999.250 -999.250 -999.250 -999.250 -999.250 -999.250 -999.250 -999.250 -999.250 -999.250 -999.250 -999.250
2725.324 2550.263 2384.236 2319.146 2154.702 2033.737 1988.436 1861.486 1807.009 1828.555 1794.991 1716.047 1775.603 1730.801 1751.163 1736.556 1774.732 1851.357 1833.428 1898.494 1960.230 1929.955 1961.888 1996.993 1992.829 1974.667 1843.823 1850.097 1841.932 1755.558 1750.375 1652.950 1574.971 1583.451 1543.487 1499.913 1453.948 1409.680 1372.448 1350.173 1351.004 1358.589 1422.571 1407.930 -999.250 -999.250 -999.250 -999.250 -999.250 -999.250 -999.250 -999.250 -999.250 -999.250 -999.250 -999.250 -999.250 -999.250 -999.250 -999.250 -999.250 -999.250 -999.250
2652.961 2493.399 2346.714 2268.051 2176.689 1983.945 1889.119 1795.443 1752.863 1752.313 1743.610 1753.957 1755.021 1710.651 1699.193 1727.861 1786.703 1822.977 1889.745 1850.935 1895.277 1879.948 1877.709 1899.968 1921.139 1937.919 1873.366 1816.614 1824.942 1688.410 1688.406 1604.901 1596.576 1555.077 1518.247 1459.950 1397.046 1336.716 1354.990 1287.584 1328.525 1290.804 1260.699 1310.995 -999.250 -999.250 -999.250 -999.250 -999.250 -999.250 -999.250 -999.250 -999.250 -999.250 -999.250 -999.250 -999.250 -999.250 -999.250 -999.250 -999.250 -999.250 -999.250
