data/medianmodel_23-Jan-2021.asc
ncols	141
nrows	288
xllcorner	-120191.398
yllcorner	-301404.813
cellsize	2000.000
NODATA_value	-999.250
[rows 28 to 55 of 288, columns 63 to 125 of 141]
1814.000 1846.921 1828.447 1846.437 1873.619 1963.954 2052.709 2141.512 2154.207 2332.528 2499.397 2450.343 2510.011 2600.415 2697.979 2554.022 2436.872 2446.331 2302.954 2110.966 1941.347 1873.432 1768.486 1722.913 1607.174 1518.532 1503.293 1484.612 1414.037 1393.554 1459.606 1428.082 1442.536 1446.175 1440.617 1399.486 1398.722 1334.361 1367.080 1290.990 1222.351 1203.760 1164.550 1160.113 1129.321 1110.393 1108.818 1152.112 1173.708 1150.524 1155.653 1195.549 1163.767 1103.703 1118.070 1028.626 976.997 900.861 847.912 821.100 784.706 749.197 718.551
1820.108 1815.011 1821.385 1804.324 1821.790 1903.931 1949.936 2037.077 2181.623 2232.283 2318.863 2435.674 2443.491 2514.984 2434.648 2382.136 2328.198 2261.375 2159.135 1958.079 1814.734 1750.361 1666.690 1687.963 1569.285 1557.734 1500.448 1491.653 1471.092 1472.096 1463.936 1437.441 1424.758 1487.426 1482.299 1463.228 1410.838 1348.182 1353.625 1311.236 1258.969 1218.676 1168.873 1171.328 1131.002 1068.504 1138.363 1148.966 1142.166 1195.266 1206.731 1196.010 1181.471 1107.198 1147.880 1036.829 988.586 919.186 951.040 843.306 807.493 823.204 739.545
1664.322 1748.336 1732.654 1756.114 1772.423 1811.785 1910.867 1898.813 2028.199 2150.473 2332.951 2358.499 2379.494 2240.816 2283.639 2260.135 2145.594 2015.978 1904.630 1824.887 1678.696 1648.724 1681.487 1548.228 1582.897 1543.687 1558.567 1481.841 1509.043 1461.978 1455.886 1467.994 1457.759 1483.499 1529.391 1467.761 1449.554 1423.834 1407.001 1337.948 1330.020 1207.081 1204.766 1190.645 1148.098 1105.300 1074.615 1095.120 1144.396 1160.357 1198.166 1155.000 1193.144 1185.749 1178.982 1093.211 1067.546 987.533 965.666 920.791 888.712 835.631 764.065
1576.717 1645.132 1539.515 1651.847 1704.946 1739.513 1809.124 1844.803 1878.213 2003.718 2154.635 2255.965 2352.363 2186.062 2070.217 2028.506 1942.476 1860.368 1746.203 1718.643 1660.160 1616.926 1635.901 1526.759 1569.520 1553.889 1529.820 1476.135 1531.503 1490.667 1571.197 1501.557 1516.617 1532.446 1512.464 1520.892 1505.898 1526.847 1426.869 1430.416 1331.511 1305.218 1233.497 1176.111 1123.691 1081.469 1082.073 1120.485 1159.361 1244.637 1244.508 1238.728 1262.718 1215.466 1238.355 1227.591 1115.618 1104.835 1006.843 969.214 967.216 892.483 890.504
1494.043 1478.650 1465.322 1561.580 1537.872 1718.307 1771.117 1802.736 1914.276 1960.102 2100.734 2278.467 2138.171 2077.681 1967.366 1869.275 1787.556 1658.035 1609.957 1539.119 1535.064 1507.284 1465.708 1489.094 1502.266 1566.733 1569.064 1561.850 1532.014 1549.271 1548.871 1554.059 1507.491 1505.603 1541.759 1538.233 1556.821 1526.551 1469.760 1444.830 1366.450 1325.364 1289.860 1176.269 1060.831 1038.401 1093.807 1155.706 1194.347 1264.739 1277.032 1266.435 1306.259 1286.628 1253.879 1259.828 1170.922 1114.909 1090.110 1043.235 1034.517 1007.077 984.619
1370.157 1330.310 1381.734 1402.677 1466.007 1547.639 1722.010 1773.657 1892.514 1973.193 2085.513 2172.330 2021.784 1950.471 1829.877 1759.567 1555.464 1467.239 1424.524 1390.262 1335.361 1399.427 1439.104 1481.522 1496.150 1537.402 1530.279 1559.541 1566.763 1582.882 1636.961 1566.620 1574.784 1607.307 1535.782 1546.349 1570.106 1576.583 1495.777 1486.531 1438.881 1386.686 1305.188 1233.127 1108.672 1033.342 1127.492 1230.083 1285.876 1346.329 1393.625 1360.725 1336.253 1300.547 1332.510 1323.266 1248.853 1240.544 1190.011 1182.310 1174.245 1147.052 1107.300
1325.296 1183.773 1287.589 1374.420 1397.696 1490.904 1624.345 1733.992 1839.635 1927.665 2111.037 1983.807 1932.448 1876.448 1718.934 1567.000 1453.779 1274.977 1270.403 1239.431 1296.595 1343.757 1373.356 1488.949 1515.337 1602.740 1540.757 1602.196 1574.889 1673.546 1615.540 1565.774 1637.030 1607.585 1626.958 1618.421 1656.547 1588.849 1605.341 1595.700 1540.505 1454.716 1389.575 1340.348 1267.265 1268.659 1282.926 1339.828 1364.373 1431.573 1482.758 1485.913 1425.349 1417.737 1416.248 1381.695 1399.699 1330.642 1334.608 1293.038 1292.546 1285.159 1323.734
1361.363 1285.688 1252.218 1294.262 1350.730 1426.550 1508.668 1663.869 1769.900 1873.868 1907.667 1797.047 1808.486 1698.542 1629.055 1456.195 1313.791 1189.281 1070.145 1152.275 1217.950 1302.288 1383.969 1459.651 1580.501 1622.913 1695.361 1633.440 1653.713 1666.282 1594.970 1624.122 1635.372 1639.895 1703.893 1671.724 1652.871 1702.346 1686.383 1692.015 1696.264 1584.934 1499.162 1472.941 1456.359 1430.434 1476.138 1501.119 1535.067 1572.784 1568.955 1578.177 1518.406 1463.160 1489.289 1538.838 1452.059 1440.133 1439.253 1440.927 1422.583 1478.340 1465.591
1368.114 1322.451 1286.822 1319.919 1334.115 1368.097 1432.721 1568.776 1653.180 1781.716 1798.310 1724.064 1652.397 1579.352 1499.270 1352.779 1268.068 1193.902 1137.294 1143.671 1193.854 1306.147 1415.644 1485.509 1554.454 1629.210 1720.385 1714.494 1682.948 1689.698 1656.632 1660.826 1586.031 1658.246 1719.260 1735.915 1705.434 1734.984 1706.311 1674.928 1741.897 1697.251 1647.558 1701.981 1693.142 1696.739 1664.543 1671.619 1775.701 1744.013 1730.627 1696.018 1649.901 1613.866 1564.208 1601.586 1569.823 1530.609 1595.718 1659.909 1591.361 1594.020 1626.008
1442.235 1397.898 1339.004 1331.380 1308.054 1321.437 1348.496 1426.303 1484.721 1527.773 1592.698 1562.763 1570.538 1476.605 1372.527 1323.401 1268.434 1220.275 1140.908 1134.448 1229.146 1324.807 1392.841 1485.320 1588.770 1719.542 1739.466 1722.194 1686.761 1716.991 1732.611 1665.129 1633.082 1720.812 1710.570 1764.740 1839.754 1771.121 1784.622 1781.528 1738.712 1775.785 1776.686 1875.480 1851.176 1939.484 1861.794 1890.625 1941.678 1896.991 1891.066 1848.492 1783.710 1739.537 1783.978 1722.717 1749.691 1712.616 1778.762 1799.114 1727.305 1805.469 1767.749
1523.707 1454.804 1380.501 1304.828 1244.961 1255.937 1279.823 1306.369 1372.170 1378.758 1454.802 1454.178 1460.756 1390.826 1357.068 1301.856 1244.275 1226.086 1213.895 1173.589 1257.725 1319.489 1431.014 1594.681 1689.166 1793.380 1757.242 1703.887 1657.009 1643.921 1668.888 1613.318 1658.724 1711.399 1767.737 1823.355 1837.006 1816.803 1866.858 1882.812 1902.385 1930.151 1947.712 2144.812 2121.076 2103.574 2116.737 2080.200 2061.914 2085.362 2106.732 2014.679 1929.532 1893.915 1981.431 1804.023 1870.917 1835.243 1897.501 1946.816 1939.550 1938.627 1919.575
1696.208 1564.044 1442.297 1266.702 1171.272 1184.175 1133.835 1188.347 1294.770 1328.543 1333.085 1345.159 1317.457 1297.287 1266.281 1253.733 1219.781 1210.939 1241.185 1269.106 1310.215 1341.175 1474.149 1580.267 1788.011 1809.167 1808.223 1759.621 1671.370 1685.308 1676.779 1669.126 1626.751 1702.322 1769.662 1809.102 1838.112 1920.492 1848.341 1958.113 2055.122 2115.590 2162.622 2233.268 2391.708 2362.527 2345.781 2347.747 2326.874 2362.965 2227.826 2159.892 2226.188 2163.342 2089.265 2070.478 2106.761 2134.072 2060.330 1997.700 2032.997 2119.210 2006.346
1817.227 1593.191 1394.594 1201.318 1063.985 1042.374 1121.804 1124.195 1167.269 1232.217 1306.300 1283.960 1331.045 1245.887 1262.750 1228.334 1212.407 1171.182 1193.860 1239.013 1303.514 1351.366 1487.327 1661.312 1828.702 1958.631 1827.851 1756.169 1721.760 1641.387 1637.034 1619.802 1681.797 1646.573 1746.671 1837.386 1913.135 2067.455 2033.066 2131.580 2181.014 2383.515 2441.898 2508.330 2691.085 2636.416 2624.582 2698.200 2621.038 2642.820 2608.719 2523.039 2363.507 2257.625 2237.770 2228.435 2258.176 2279.640 2253.086 2232.248 2269.659 2155.568 2189.733
1733.692 1555.718 1361.137 1130.493 906.997 950.834 991.481 1050.517 1119.841 1215.051 1223.683 1255.384 1270.579 1240.210 1197.869 1202.301 1166.835 1158.306 1190.091 1268.740 1334.028 1343.260 1477.093 1558.660 1710.018 1771.463 1759.803 1662.582 1579.085 1526.323 1543.077 1525.069 1587.946 1640.502 1760.571 1842.766 1932.174 2116.002 2149.840 2278.392 2301.559 2539.745 2642.226 2752.109 2819.371 2840.491 2897.109 2902.654 2767.033 2710.704 2667.601 2685.171 2476.123 2463.557 2467.004 2383.059 2475.106 2387.737 2325.645 2349.753 2261.425 2211.896 2222.431
1557.714 1434.975 1308.033 1135.573 994.345 959.167 974.567 1036.680 1049.913 1072.132 1155.355 1253.418 1252.804 1219.242 1164.533 1181.963 1160.420 1148.836 1180.998 1174.071 1262.239 1297.893 1401.825 1459.353 1516.391 1525.767 1540.855 1515.195 1488.611 1412.398 1458.164 1460.861 1517.875 1585.944 1733.949 1787.332 2051.067 2105.019 2241.797 2352.965 2412.719 2467.093 2601.559 2722.367 2895.612 3050.898 3203.740 3079.929 2904.421 2796.779 2753.996 2732.256 2659.503 2652.607 2496.351 2546.175 2600.649 2510.600 2525.481 2415.933 2415.383 2225.491 2248.268
1475.162 1392.015 1300.491 1118.098 1030.692 961.554 975.010 992.074 1086.451 1128.460 1162.121 1257.538 1212.642 1254.835 1197.684 1155.580 1155.006 1139.549 1109.630 1134.096 1173.404 1246.436 1324.643 1335.371 1362.363 1342.561 1375.636 1386.517 1342.072 1344.555 1310.079 1405.141 1401.211 1489.274 1675.022 1792.915 1970.577 2059.245 2261.601 2301.027 2440.100 2541.214 2666.519 2755.593 2836.746 3042.629 3406.593 3253.362 3079.905 2857.156 2792.615 2615.384 2672.553 2633.628 2596.843 2571.045 2490.576 2559.032 2477.061 2440.528 2412.991 2328.906 2319.871
1419.997 1351.371 1315.861 1165.120 1042.958 1011.931 1029.288 1053.025 1039.318 1081.049 1153.988 1227.469 1250.389 1203.528 1225.105 1157.707 1135.463 1081.162 1086.026 1111.802 1158.953 1124.758 1153.751 1174.795 1217.599 1169.095 1237.282 1182.907 1204.703 1143.236 1154.909 1227.013 1336.391 1432.192 1599.231 1806.921 1988.561 2051.201 2236.721 2367.328 2447.845 2564.807 2707.932 2787.938 2871.957 3005.024 3083.716 3050.888 2966.970 3015.497 2875.544 2841.407 2787.473 2602.140 2730.614 2719.169 2725.484 2663.314 2681.598 2543.365 2478.862 2535.194 2443.178
1338.628 1277.635 1276.405 1190.083 1080.463 1057.756 1029.548 1025.621 1044.971 1086.549 1161.336 1170.778 1222.232 1226.365 1204.173 1176.964 1131.127 1080.331 1061.576 1066.625 1065.262 1079.078 1058.282 1050.235 1053.725 1051.375 1076.264 1010.368 976.356 974.809 1050.767 1086.332 1188.344 1334.134 1469.736 1723.153 1851.981 2059.640 2290.708 2438.268 2421.643 2485.592 2649.018 2734.508 2763.308 2965.380 2860.309 2860.238 2959.300 2830.281 2860.289 2747.410 2701.820 2629.678 2613.314 2650.520 2684.278 2716.873 2638.816 2512.590 2464.322 2556.823 2521.794
1300.467 1272.551 1234.408 1217.146 1068.722 1044.383 1028.615 1004.811 1040.703 1095.075 1096.095 1195.713 1203.220 1248.949 1170.478 1131.760 1102.653 1064.789 1049.791 1011.788 962.290 988.875 1023.303 958.373 939.701 931.015 954.742 888.423 879.230 866.977 864.191 910.906 1016.500 1206.138 1372.489 1607.235 1824.702 2069.669 2279.512 2320.439 2447.787 2459.872 2513.587 2483.881 2570.206 2615.123 2683.212 2783.408 2720.696 2674.813 2600.784 2649.027 2656.694 2553.694 2629.496 2639.414 2643.831 2679.759 2604.305 2620.333 2552.964 2465.237 2386.189
1272.448 1313.995 1235.978 1114.312 1074.757 1031.336 1013.384 997.051 1045.914 1076.866 1113.637 1214.858 1229.736 1242.674 1216.091 1133.375 1054.288 1047.072 1017.763 979.600 929.197 941.957 974.804 945.950 901.813 837.647 864.834 844.079 814.356 773.698 750.983 743.647 804.445 986.177 1261.591 1501.921 1762.267 1960.595 2332.892 2261.332 2210.961 2201.422 2221.568 2249.507 2278.582 2319.588 2369.923 2466.439 2400.707 2411.218 2536.216 2309.460 2408.198 2381.910 2462.084 2436.199 2525.508 2603.760 2527.131 2574.812 2554.273 2577.807 2497.023
1276.007 1249.723 1169.720 1067.723 1064.235 1006.657 1010.773 993.743 975.488 1062.355 1120.655 1208.826 1224.126 1196.676 1155.793 1154.986 1072.947 1041.798 1004.265 962.671 925.184 900.242 936.701 903.075 934.657 872.739 892.491 848.295 796.384 720.206 660.318 625.985 656.105 853.216 1173.041 1373.090 1606.437 1797.832 1974.946 2018.688 1932.047 1895.011 1983.297 1917.811 1939.201 1989.464 2068.181 2204.021 2316.571 2280.892 2259.423 2230.161 2292.651 2286.155 2210.245 2245.054 2344.259 2439.742 2446.783 2566.023 2548.736 2503.958 2558.598
1186.261 1194.027 1114.030 1100.641 1037.541 1018.488 992.343 1014.986 1064.042 1073.663 1100.765 1175.366 1179.207 1205.613 1196.155 1179.422 1056.594 1043.152 998.405 960.090 895.573 882.570 931.972 949.092 968.125 930.374 918.965 914.112 847.465 747.957 670.537 582.936 458.877 769.648 1072.920 1299.442 1480.089 1681.187 1702.949 1748.272 1646.398 1685.494 1742.063 1732.897 1748.872 1797.590 1846.272 1873.322 1973.377 1918.738 1938.032 2102.701 2026.280 2050.656 2129.486 2143.336 2184.759 2283.214 2335.786 2358.607 -999.250 2349.436 2347.933
1140.332 1086.653 1088.511 1048.557 995.397 990.091 951.445 984.885 986.614 1064.374 1098.395 1107.679 1195.051 1200.062 1245.491 1197.815 1123.060 1097.214 1047.800 1004.301 971.704 969.626 978.255 1039.796 1036.477 1052.661 1061.009 1024.659 953.000 894.999 815.898 736.647 695.773 863.763 1072.003 1242.767 1355.915 1445.441 1489.247 1452.178 1452.293 1389.385 1378.515 1411.503 1472.976 1545.826 1633.426 1722.981 1749.022 1849.031 1813.527 1853.175 1931.275 1881.890 1990.284 2067.663 2047.962 2242.429 -999.250 -999.250 -999.250 -999.250 -999.250
1120.063 1107.868 1108.615 1090.575 991.599 983.362 892.988 907.671 969.205 1034.486 1111.611 1107.464 1244.183 1250.957 1281.776 1254.461 1204.997 1172.259 1114.853 1009.043 990.655 974.906 1068.793 1144.886 1178.416 1215.830 1269.569 1222.838 1162.407 1118.644 974.734 947.351 937.126 999.479 1113.143 1251.057 1336.533 1319.358 1316.436 1279.754 1118.778 1069.351 1102.379 1193.943 1278.967 1352.974 1406.171 1440.685 1521.958 1570.060 1636.961 1731.632 1782.862 1768.252 1834.515 1879.538 1963.427 -999.250 -999.250 -999.250 -999.250 -999.250 -999.250
1076.727 1106.812 1092.061 1079.552 1030.637 934.953 849.999 858.960 906.760 1028.474 1136.621 1166.843 1318.756 1365.378 1351.456 1377.819 1312.168 1306.948 1174.802 1082.810 1057.506 1107.795 1244.319 1311.288 1396.183 1430.611 1423.800 1456.274 1397.403 1348.219 1205.333 1163.872 1180.382 1134.943 1212.281 1284.712 1293.754 1280.738 1224.609 1067.805 914.233 795.392 819.480 968.050 1039.092 1168.900 1279.459 1338.413 1350.620 1439.688 1503.006 1539.770 1554.324 1656.161 1708.801 1789.335 1851.979 -999.250 -999.250 -999.250 -999.250 -999.250 -999.250
1045.693 1124.661 1141.854 1103.636 1041.940 919.375 818.912 768.450 874.692 1024.065 1243.891 1350.409 1415.557 1506.324 1542.530 1567.722 1479.594 1386.668 1295.172 1177.158 1177.759 1201.186 1356.824 1458.065 1648.063 1763.857 1850.244 1808.874 1733.875 1599.946 1554.453 1427.128 1399.107 1372.879 1331.252 1414.874 1398.242 1344.809 1228.225 1029.879 827.070 454.841 651.704 830.134 941.054 996.344 1113.386 1208.517 1243.929 1342.527 1375.322 1437.072 1484.557 1553.604 1635.061 1697.195 -999.250 -999.250 -999.250 -999.250 -999.250 -999.250 -999.250
1055.689 1138.266 1213.131 1195.938 1080.015 971.911 817.394 681.130 836.734 1065.120 1303.969 1391.191 1586.324 1690.743 1749.876 1764.945 1699.087 1555.500 1447.288 1284.920 1178.393 1285.235 1459.160 1706.729 1838.816 2107.995 2244.809 2244.216 1981.358 1839.246 1759.717 1691.007 1562.987 1544.142 1499.505 1506.450 1471.246 1405.250 1314.344 1155.923 914.302 703.991 703.101 815.330 897.307 942.438 1022.180 1072.803 1145.457 1213.355 1247.558 1309.000 1309.826 1361.284 1447.993 -999.250 -999.250 -999.250 -999.250 -999.250 -999.250 -999.250 -999.250
1048.450 1158.248 1282.323 1317.474 1130.895 988.121 882.581 890.423 1004.642 1184.589 1387.148 1546.868 1690.340 1788.463 1908.002 1994.327 1894.663 1781.591 1566.827 1323.482 1207.110 1364.076 1643.801 1920.923 2168.152 2478.351 2750.877 2613.301 2435.777 2132.664 2020.902 1894.029 1805.698 1762.767 1699.095 1643.587 1623.726 1558.771 1516.277 1358.993 1133.840 968.913 886.947 896.482 919.490 933.852 1001.183 1048.968 1087.155 1134.197 1132.571 1124.282 1223.048 1257.204 1359.657 -999.250 -999.250 -999.250 -999.250 -999.250 -999.250 -999.250 -999.250
