data/medianmodel_14-Aug-2020.asc
ncols	141
nrows	288
xllcorner	-120191.398
yllcorner	-301404.813
cellsize	2000.000
NODATA_value	-999.250
[rows 90 to 119 of 288, columns 0 to 67 of 141]
-999.250 -999.250 -999.250 -999.250 -999.250 -999.250 -999.250 -999.250 -999.250 -999.250 -999.250 -999.250 -999.250 -999.250 -999.250 -999.250 -999.250 -999.250 -999.250 -999.250 -999.250 -999.250 -999.250 -999.250 -999.250 -999.250 -999.250 -999.250 -999.250 -999.250 -999.250 -999.250 0.000 0.000 0.000 0.000 0.000 0.000 0.000 0.000 0.000 0.000 0.000 0.000 0.000 1.308 3.914 5.547 7.165 6.856 7.444 7.161 6.463 6.882 5.353 4.387 3.992 4.851 4.861 4.738 3.311 3.747 3.794 0.621 0.000 0.000 0.000 0.000
-999.250 -999.250 -999.250 -999.250 -999.250 -999.250 -999.250 -999.250 -999.250 -999.250 -999.250 -999.250 -999.250 -999.250 -999.250 -999.250 -999.250 -999.250 -999.250 -999.250 -999.250 -999.250 -999.250 -999.250 -999.250 -999.250 -999.250 -999.250 -999.250 -999.250 -999.250 -999.250 0.000 0.000 0.000 0.000 0.000 0.000 0.000 0.000 0.000 0.000 0.000 0.000 0.000 0.000 0.187 2.781 4.797 4.776 5.065 6.207 5.957 5.859 5.204 3.194 5.539 6.251 5.952 6.977 5.765 5.193 3.289 1.201 0.000 0.000 0.000 0.000
-999.250 -999.250 -999.250 -999.250 -999.250 -999.250 -999.250 -999.250 -999.250 -999.250 -999.250 -999.250 -999.250 -999.250 -999.250 -999.250 -999.250 -999.250 -999.250 -999.250 -999.250 -999.250 -999.250 -999.250 -999.250 -999.250 -999.250 -999.250 -999.250 -999.250 -999.250 0.000 0.000 0.000 0.000 0.000 0.000 0.000 0.000 0.000 0.000 0.000 0.000 0.000 0.000 0.000 0.000 0.204 2.492 4.334 5.198 4.927 4.996 3.976 4.545 4.527 6.444 6.899 8.453 7.299 7.977 6.353 4.925 2.578 0.000 0.000 0.000 0.000
-999.250 -999.250 -999.250 -999.250 -999.250 -999.250 -999.250 -999.250 -999.250 -999.250 -999.250 -999.250 -999.250 -999.250 -999.250 -999.250 -999.250 -999.250 -999.250 -999.250 -999.250 -999.250 -999.250 -999.250 -999.250 -999.250 -999.250 -999.250 -999.250 -999.250 -999.250 0.000 0.000 0.000 0.000 0.000 0.000 0.000 0.000 0.000 0.000 0.000 0.000 0.000 0.000 0.000 0.000 0.000 2.243 3.410 3.943 4.973 4.807 5.694 4.709 5.974 6.911 7.833 9.680 9.660 9.372 9.269 6.781 5.160 1.662 0.000 0.000 0.000
-999.250 -999.250 -999.250 -999.250 -999.250 -999.250 -999.250 -999.250 -999.250 -999.250 -999.250 -999.250 -999.250 -999.250 -999.250 -999.250 -999.250 -999.250 -999.250 -999.250 -999.250 -999.250 -999.250 -999.250 -999.250 -999.250 -999.250 -999.250 -999.250 -999.250 -999.250 0.000 0.000 0.000 0.000 0.000 0.000 0.000 0.000 0.000 0.000 0.000 0.000 0.000 0.000 0.103 1.314 2.497 3.049 5.093 3.869 2.912 4.668 5.029 6.087 6.175 7.911 9.175 11.930 14.836 14.388 12.589 8.812 6.253 3.940 1.323 0.000 0.000
-999.250 -999.250 -999.250 -999.250 -999.250 -999.250 -999.250 -999.250 -999.250 -999.250 -999.250 -999.250 -999.250 -999.250 -999.250 -999.250 -999.250 -999.250 -999.250 -999.250 -999.250 -999.250 -999.250 -999.250 -999.250 -999.250 -999.250 -999.250 -999.250 -999.250 -999.250 0.000 0.000 0.000 0.000 0.000 0.000 0.000 0.000 0.000 0.000 0.000 0.000 0.546 1.476 2.791 3.956 4.909 5.283 5.633 5.695 4.751 3.244 6.467 5.618 5.751 7.052 9.582 16.939 20.319 19.313 14.594 10.657 8.807 6.613 3.778 1.085 0.000
-999.250 -999.250 -999.250 -999.250 -999.250 -999.250 -999.250 -999.250 -999.250 -999.250 -999.250 -999.250 -999.250 -999.250 -999.250 -999.250 -999.250 -999.250 -999.250 -999.250 -999.250 -999.250 -999.250 -999.250 -999.250 -999.250 -999.250 -999.250 -999.250 -999.250 0.000 0.000 0.000 0.000 0.000 0.000 0.000 0.000 0.000 0.000 0.000 0.359 0.419 1.827 4.896 7.024 8.887 8.053 8.829 7.543 8.596 7.165 6.450 6.751 6.191 5.085 5.292 7.760 15.885 28.703 22.079 17.648 13.754 12.754 10.375 7.521 4.147 1.318
-999.250 -999.250 -999.250 -999.250 -999.250 -999.250 -999.250 -999.250 -999.250 -999.250 -999.250 -999.250 -999.250 -999.250 -999.250 -999.250 -999.250 -999.250 -999.250 -999.250 -999.250 -999.250 -999.250 -999.250 -999.250 -999.250 -999.250 -999.250 -999.250 -999.250 0.000 0.000 0.000 0.000 0.000 0.000 0.000 0.000 0.000 0.000 0.372 1.645 2.433 4.823 6.061 8.726 15.065 11.908 10.225 10.061 9.704 9.812 9.600 8.545 8.391 5.885 3.090 5.222 11.716 19.067 18.642 17.481 16.876 14.737 12.521 9.665 5.964 2.058
-999.250 -999.250 -999.250 -999.250 -999.250 -999.250 -999.250 -999.250 -999.250 -999.250 -999.250 -999.250 -999.250 -999.250 -999.250 -999.250 -999.250 -999.250 -999.250 -999.250 -999.250 -999.250 -999.250 -999.250 -999.250 -999.250 -999.250 -999.250 -999.250 -999.250 0.000 0.000 0.000 0.000 0.000 0.000 0.000 0.000 0.177 1.811 2.263 2.455 3.714 4.318 6.612 9.480 11.431 12.248 12.380 14.896 13.793 14.741 14.154 12.336 10.617 7.803 4.563 0.000 8.076 13.559 17.110 16.599 15.333 15.419 17.593 10.728 7.104 3.516
-999.250 -999.250 -999.250 -999.250 -999.250 -999.250 -999.250 -999.250 -999.250 -999.250 -999.250 -999.250 -999.250 -999.250 -999.250 -999.250 -999.250 -999.250 -999.250 -999.250 -999.250 -999.250 -999.250 -999.250 -999.250 -999.250 -999.250 -999.250 -999.250 -999.250 0.000 0.000 0.000 0.000 0.000 0.000 0.000 0.000 0.471 2.788 5.713 5.033 5.206 5.626 7.244 8.914 10.857 13.044 14.411 18.482 17.853 19.490 19.794 19.344 14.590 11.998 7.870 5.846 8.023 12.792 13.720 15.447 14.925 14.105 12.525 9.611 6.099 2.729
-999.250 -999.250 -999.250 -999.250 -999.250 -999.250 -999.250 -999.250 -999.250 -999.250 -999.250 -999.250 -999.250 -999.250 -999.250 -999.250 -999.250 -999.250 -999.250 -999.250 -999.250 -999.250 -999.250 -999.250 -999.250 -999.250 -999.250 -999.250 -999.250 0.000 0.000 0.000 0.000 0.000 0.000 0.000 0.000 0.123 1.200 3.312 4.314 3.288 4.493 5.258 7.259 8.958 11.094 12.705 17.866 20.674 19.767 25.298 24.481 24.269 19.537 16.806 12.979 9.711 8.814 11.121 12.349 13.135 12.982 11.793 9.511 6.763 5.581 2.565
-999.250 -999.250 -999.250 -999.250 -999.250 -999.250 -999.250 -999.250 -999.250 -999.250 -999.250 -999.250 -999.250 -999.250 -999.250 -999.250 -999.250 -999.250 -999.250 -999.250 -999.250 -999.250 -999.250 -999.250 -999.250 -999.250 -999.250 -999.250 -999.250 0.460 0.000 0.000 0.000 0.000 0.000 0.000 0.000 0.000 0.972 2.260 2.372 2.790 2.750 5.854 6.133 7.473 10.357 12.376 17.398 21.357 22.977 30.631 34.336 34.149 25.863 20.415 14.762 12.544 10.964 11.307 11.275 12.297 11.534 8.527 6.405 5.490 4.292 0.485
-999.250 -999.250 -999.250 -999.250 -999.250 -999.250 -999.250 -999.250 -999.250 -999.250 -999.250 -999.250 -999.250 -999.250 -999.250 -999.250 -999.250 -999.250 -999.250 -999.250 -999.250 -999.250 -999.250 -999.250 -999.250 -999.250 -999.250 -999.250 -999.250 0.000 0.000 0.000 0.000 0.000 0.000 0.000 0.000 0.000 1.244 1.477 1.316 3.228 3.106 4.325 5.264 6.520 9.473 12.080 16.202 20.907 25.535 33.197 38.517 43.815 33.578 22.384 16.727 12.813 12.134 9.041 9.165 9.290 8.238 7.253 5.875 2.978 1.332 0.000
-999.250 -999.250 -999.250 -999.250 -999.250 -999.250 -999.250 -999.250 -999.250 -999.250 -999.250 -999.250 -999.250 -999.250 -999.250 -999.250 -999.250 -999.250 -999.250 -999.250 -999.250 -999.250 -999.250 -999.250 -999.250 -999.250 -999.250 -999.250 -999.250 0.000 0.000 0.000 0.000 0.000 0.000 0.000 0.000 0.635 0.528 0.661 1.316 3.285 2.765 3.742 3.535 5.308 7.384 9.915 12.878 18.369 23.110 29.306 28.073 33.810 25.202 20.364 17.257 13.196 12.457 9.278 8.102 7.991 6.725 5.256 2.442 1.110 0.000 0.000
-999.250 -999.250 -999.250 -999.250 -999.250 -999.250 -999.250 -999.250 -999.250 -999.250 -999.250 -999.250 -999.250 -999.250 -999.250 -999.250 -999.250 -999.250 -999.250 -999.250 -999.250 -999.250 -999.250 -999.250 -999.250 -999.250 -999.250 -999.250 0.000 0.000 0.000 0.000 0.000 0.000 0.000 0.000 0.498 0.902 0.298 0.850 1.036 2.473 2.271 2.474 2.459 4.924 7.384 8.106 10.933 13.007 18.456 20.772 21.525 20.111 19.918 15.045 13.704 11.026 9.529 8.354 7.125 6.471 5.079 3.754 0.496 0.000 0.000 0.000
-999.250 -999.250 -999.250 -999.250 -999.250 -999.250 -999.250 -999.250 -999.250 -999.250 -999.250 -999.250 -999.250 -999.250 -999.250 -999.250 -999.250 -999.250 -999.250 -999.250 -999.250 -999.250 -999.250 -999.250 -999.250 -999.250 -999.250 -999.250 0.000 0.000 0.000 0.000 0.000 0.000 0.000 0.000 0.000 0.895 2.394 3.220 1.838 2.271 1.666 2.777 3.315 4.784 7.454 7.670 8.454 10.231 14.488 14.475 14.155 12.498 12.173 8.704 9.628 8.438 8.366 6.516 5.791 5.089 2.396 1.322 0.000 0.000 0.000 0.000
-999.250 -999.250 -999.250 -999.250 -999.250 -999.250 -999.250 -999.250 -999.250 -999.250 -999.250 -999.250 -999.250 -999.250 -999.250 -999.250 -999.250 -999.250 -999.250 -999.250 -999.250 -999.250 -999.250 -999.250 -999.250 -999.250 -999.250 0.000 0.000 0.000 0.000 0.000 0.000 0.000 0.000 0.000 0.000 1.491 3.965 2.638 1.038 0.698 1.826 2.822 2.932 3.731 5.229 7.077 7.427 8.585 9.477 9.355 8.503 7.043 5.846 5.605 5.954 5.396 6.127 5.832 5.139 2.994 1.220 0.000 0.000 0.000 0.000 0.000
-999.250 -999.250 -999.250 -999.250 -999.250 -999.250 -999.250 -999.250 -999.250 -999.250 -999.250 -999.250 -999.250 -999.250 -999.250 -999.250 -999.250 -999.250 -999.250 -999.250 -999.250 -999.250 -999.250 -999.250 -999.250 -999.250 -999.250 0.000 0.000 0.000 0.000 0.000 0.000 0.000 0.000 0.000 0.000 0.239 1.585 1.037 0.911 1.108 1.743 2.451 3.443 3.875 4.612 6.326 6.961 7.530 8.116 7.904 6.303 2.376 0.000 0.000 0.787 4.745 5.476 6.085 5.574 4.365 1.325 0.000 0.000 0.000 0.000 0.000
-999.250 -999.250 -999.250 -999.250 -999.250 -999.250 -999.250 -999.250 -999.250 -999.250 -999.250 -999.250 -999.250 -999.250 -999.250 -999.250 -999.250 -999.250 -999.250 -999.250 -999.250 -999.250 -999.250 -999.250 -999.250 -999.250 -999.250 0.000 0.000 0.000 0.000 0.000 0.000 0.000 0.000 0.000 0.000 0.000 0.000 0.000 0.000 0.392 0.161 0.749 2.470 3.404 4.056 5.525 6.415 7.760 9.871 7.991 6.331 2.143 0.000 0.000 1.205 4.053 6.277 6.903 6.948 6.760 3.423 0.678 0.000 0.000 0.000 0.000
-999.250 -999.250 -999.250 -999.250 -999.250 -999.250 -999.250 -999.250 -999.250 -999.250 -999.250 -999.250 -999.250 -999.250 -999.250 -999.250 -999.250 -999.250 -999.250 -999.250 -999.250 -999.250 -999.250 -999.250 -999.250 -999.250 -999.250 0.000 0.000 0.671 1.702 0.000 0.000 0.000 0.000 0.000 0.000 0.000 0.000 0.000 0.000 0.000 0.000 1.022 0.755 1.958 4.022 4.992 7.281 9.034 10.428 9.881 7.384 4.848 2.008 1.596 2.369 4.671 7.296 9.509 8.947 8.744 6.383 3.397 0.635 0.000 0.000 0.000
-999.250 -999.250 -999.250 -999.250 -999.250 -999.250 -999.250 -999.250 -999.250 -999.250 -999.250 -999.250 -999.250 -999.250 -999.250 -999.250 -999.250 -999.250 -999.250 -999.250 -999.250 -999.250 -999.250 -999.250 -999.250 -999.250 -999.250 -999.250 0.000 0.000 0.000 0.000 0.000 0.000 0.000 0.000 0.000 0.000 0.000 0.000 0.000 0.000 0.000 0.000 0.000 2.001 3.498 7.166 8.549 11.870 14.006 13.617 10.586 7.229 4.574 2.565 3.475 6.128 8.723 14.300 15.820 13.980 10.261 6.036 4.641 1.785 0.000 0.000
-999.250 -999.250 -999.250 -999.250 -999.250 -999.250 -999.250 -999.250 -999.250 -999.250 -999.250 -999.250 -999.250 -999.250 -999.250 -999.250 -999.250 -999.250 -999.250 -999.250 -999.250 -999.250 -999.250 -999.250 -999.250 -999.250 -999.250 -999.250 0.000 0.000 0.000 0.000 0.000 0.000 0.000 0.000 0.000 0.000 0.000 0.000 0.000 0.000 0.000 0.000 0.000 0.893 3.772 7.010 9.319 13.418 15.951 17.839 13.939 9.339 6.412 3.955 3.910 6.966 10.479 17.776 26.281 18.781 12.010 8.278 6.587 4.537 1.286 0.000
-999.250 -999.250 -999.250 -999.250 -999.250 -999.250 -999.250 -999.250 -999.250 -999.250 -999.250 -999.250 -999.250 -999.250 -999.250 -999.250 -999.250 -999.250 -999.250 -999.250 -999.250 -999.250 -999.250 -999.250 -999.250 -999.250 -999.250 -999.250 0.000 0.000 0.000 0.000 0.000 0.000 0.000 0.000 0.000 0.000 0.000 0.000 0.000 0.000 0.000 0.000 0.000 0.000 3.171 6.684 11.062 14.941 20.407 21.683 19.542 10.981 7.414 5.828 4.171 6.019 10.476 16.017 20.271 18.348 12.828 10.143 8.389 6.667 4.203 1.073
-999.250 -999.250 -999.250 -999.250 -999.250 -999.250 -999.250 -999.250 -999.250 -999.250 -999.250 -999.250 -999.250 -999.250 -999.250 -999.250 -999.250 -999.250 -999.250 -999.250 -999.250 -999.250 -999.250 -999.250 -999.250 -999.250 -999.250 -999.250 0.000 0.000 0.000 0.000 0.000 0.000 0.000 0.000 0.000 0.000 0.000 0.000 0.000 0.000 0.000 0.000 0.000 0.000 1.905 6.994 10.678 16.562 21.730 31.476 20.992 13.033 8.407 5.570 3.987 6.088 9.114 13.453 17.806 17.469 15.479 12.927 11.126 9.178 8.584 7.523
-999.250 -999.250 -999.250 -999.250 -999.250 -999.250 -999.250 -999.250 -999.250 -999.250 -999.250 -999.250 -999.250 -999.250 -999.250 -999.250 -999.250 -999.250 -999.250 -999.250 -999.250 -999.250 -999.250 -999.250 -999.250 -999.250 -999.250 -999.250 0.012 0.000 0.000 0.000 0.000 0.000 0.000 0.000 0.000 0.000 0.000 0.000 0.000 0.000 0.000 0.000 0.000 0.000 0.568 5.287 8.933 13.297 17.757 20.458 18.728 11.648 6.825 4.915 3.340 4.396 6.471 9.923 14.018 15.514 14.391 15.905 16.209 13.397 15.587 13.872
-999.250 -999.250 -999.250 -999.250 -999.250 -999.250 -999.250 -999.250 -999.250 -999.250 -999.250 -999.250 -999.250 -999.250 -999.250 -999.250 -999.250 -999.250 -999.250 -999.250 -999.250 -999.250 -999.250 -999.250 -999.250 -999.250 -999.250 0.599 0.979 0.000 0.000 0.000 0.000 0.000 0.000 0.000 0.000 0.000 0.000 0.000 0.000 0.000 0.000 0.000 0.000 0.000 0.000 2.886 6.910 9.033 11.446 14.234 12.830 8.184 5.534 3.935 2.835 3.388 5.019 7.530 11.914 16.035 17.792 17.712 19.731 20.151 20.971 22.704
-999.250 -999.250 -999.250 -999.250 -999.250 -999.250 -999.250 -999.250 -999.250 -999.250 -999.250 -999.250 -999.250 -999.250 -999.250 -999.250 -999.250 -999.250 -999.250 -999.250 -999.250 -999.250 -999.250 -999.250 -999.250 -999.250 -999.250 0.174 1.232 0.731 0.033 0.000 0.000 0.000 0.000 0.000 0.000 0.000 0.000 0.000 0.000 0.000 0.000 0.000 0.000 0.000 0.000 0.000 1.787 5.150 6.863 7.536 7.452 6.376 3.747 2.641 0.000 0.492 4.412 7.263 12.697 16.946 17.927 20.032 25.715 25.788 31.156 30.767
-999.250 -999.250 -999.250 -999.250 -999.250 -999.250 -999.250 -999.250 -999.250 -999.250 -999.250 -999.250 -999.250 -999.250 -999.250 -999.250 -999.250 -999.250 -999.250 -999.250 -999.250 -999.250 -999.250 -999.250 -999.250 -999.250 -999.250 0.147 0.531 1.005 0.831 0.186 0.000 0.000 0.000 0.000 0.000 0.000 0.000 0.000 0.000 0.000 0.000 0.000 0.000 0.000 0.000 0.000 0.000 0.000 1.395 4.787 4.383 3.419 0.991 0.000 0.000 0.000 1.690 7.269 11.279 17.318 22.010 26.152 33.343 33.757 38.641 41.464
-999.250 -999.250 -999.250 -999.250 -999.250 -999.250 -999.250 -999.250 -999.250 -999.250 -999.250 -999.250 -999.250 -999.250 -999.250 -999.250 -999.250 -999.250 -999.250 -999.250 -999.250 -999.250 -999.250 -999.250 -999.250 -999.250 0.583 1.943 0.673 2.215 0.110 1.045 0.762 0.000 0.000 0.000 0.000 0.000 0.000 0.000 0.000 0.000 0.000 0.000 0.000 0.000 0.000 0.000 0.000 0.000 0.000 0.000 0.431 0.000 0.000 0.000 0.000 0.000 1.707 6.416 10.103 16.184 22.515 26.295 32.087 41.423 47.454 48.985
-999.250 -999.250 -999.250 -999.250 -999.250 -999.250 -999.250 -999.250 -999.250 -999.250 -999.250 -999.250 -999.250 -999.250 -999.250 -999.250 -999.250 -999.250 -999.250 -999.250 -999.250 -999.250 -999.250 -999.250 -999.250 -999.250 1.372 2.316 1.496 1.285 2.555 2.198 1.834 1.509 1.207 0.137 0.000 0.011 0.000 0.000 0.000 0.000 0.000 0.000 0.000 0.000 0.000 0.000 0.000 0.000 0.000 0.000 0.000 0.000 0.000 0.000 0.000 0.000 0.762 5.969 11.408 17.535 26.235 36.038 39.989 46.095 51.895 69.003
