data/medianmodel_21-Jan-2021.asc
ncols	141
nrows	288
xllcorner	-120191.398
yllcorner	-301404.813
cellsize	2000.000
NODATA_value	-999.250
[rows 168 to 195 of 288, columns 63 to 125 of 141]
968.190 937.935 956.743 934.220 904.375 963.388 985.516 1046.026 1111.890 1257.157 1409.544 1527.539 1610.601 1785.198 1941.962 2008.895 2046.882 2230.759 2240.010 2214.998 2202.868 2174.912 2072.685 2012.938 1914.524 1871.382 1779.746 1752.472 1773.006 1635.295 1569.318 1544.134 1406.095 1359.870 1358.297 1290.676 1330.636 1457.491 1548.438 -999.250 -999.250 -999.250 1853.762 1920.107 2131.260 -999.250 -999.250 -999.250 -999.250 -999.250 -999.250 -999.250 -999.250 -999.250 -999.250 -999.250 -999.250 -999.250 -999.250 -999.250 -999.250 -999.250 -999.250
943.666 891.940 880.897 849.579 857.804 822.204 843.641 857.973 946.786 1045.452 1207.254 1334.059 1404.979 1613.612 1671.625 1736.871 1819.969 1875.614 1938.901 1984.561 1996.220 1956.591 1980.033 2035.614 1936.959 2107.755 1935.805 1838.498 1806.402 1758.676 1688.417 1614.669 1498.455 1441.155 1404.315 1312.057 1389.859 1510.655 1657.616 1715.582 1789.095 1898.190 1978.686 2116.178 2293.003 2100.901 -999.250 -999.250 -999.250 -999.250 -999.250 -999.250 -999.250 -999.250 -999.250 -999.250 -999.250 -999.250 -999.250 -999.250 -999.250 -999.250 -999.250
848.237 817.427 770.708 795.002 741.207 722.151 711.559 659.289 821.575 940.805 1037.832 1228.116 1242.773 1367.324 1497.277 1613.637 1595.430 1714.862 1746.249 1834.320 1847.613 1839.859 1967.499 1985.659 2074.114 2052.189 1925.858 1926.189 1885.840 1818.714 1748.965 1691.397 1580.493 1518.558 1496.825 1482.563 1511.619 1583.761 1731.270 1800.492 1855.768 1954.129 2139.680 2286.990 2400.305 2379.663 2264.652 -999.250 -999.250 -999.250 -999.250 -999.250 -999.250 -999.250 -999.250 -999.250 -999.250 -999.250 -999.250 -999.250 -999.250 -999.250 -999.250
812.550 784.065 731.676 742.727 692.434 706.930 673.706 685.336 735.444 851.743 965.747 1095.594 1194.837 1250.807 1329.984 1365.207 1492.274 1585.900 1644.903 1685.982 1736.968 1758.290 1887.516 1914.816 2017.884 2032.064 1900.608 2019.324 2032.722 1894.436 1834.272 1746.810 1667.838 1617.081 1646.094 1606.371 1607.280 1694.402 1789.521 1834.128 1900.332 1962.005 2204.735 2364.221 2404.408 2375.456 2310.139 -999.250 -999.250 -999.250 -999.250 -999.250 -999.250 -999.250 -999.250 -999.250 -999.250 -999.250 -999.250 -999.250 -999.250 -999.250 -999.250
812.106 799.811 735.323 707.776 680.461 696.225 675.232 670.968 745.354 850.071 905.794 990.200 1054.056 1122.006 1196.391 1249.957 1299.421 1388.022 1462.479 1600.887 1673.802 1735.813 1822.872 1858.603 1951.596 1970.645 1937.644 1998.579 2084.034 1932.157 1832.062 1796.504 1743.097 1700.260 1703.558 1705.246 1710.732 1753.741 1793.252 1820.808 1911.298 2088.585 2235.642 2303.064 2367.684 2331.392 2316.569 -999.250 -999.250 -999.250 -999.250 -999.250 -999.250 -999.250 -999.250 -999.250 -999.250 -999.250 -999.250 -999.250 -999.250 -999.250 -999.250
803.014 776.876 766.148 761.842 736.505 718.897 700.850 718.271 713.210 748.108 846.089 920.029 962.442 1028.469 1030.885 1089.768 1144.001 1261.111 1325.787 1480.740 1593.573 1736.279 1782.652 1886.439 1907.627 1978.797 1946.923 2015.211 1962.230 1905.968 1918.161 1809.461 1763.007 1794.140 1759.156 1752.116 1731.272 1767.622 1812.522 1865.622 1977.765 2068.302 2096.802 2254.358 2373.555 2336.821 2425.430 2602.092 -999.250 -999.250 -999.250 -999.250 -999.250 -999.250 -999.250 -999.250 -999.250 -999.250 -999.250 -999.250 -999.250 -999.250 -999.250
841.484 842.519 766.703 759.035 754.530 788.379 796.821 772.428 826.174 812.950 865.603 920.548 910.921 927.142 936.146 992.219 1080.661 1168.519 1271.024 1445.975 1576.721 1675.329 1748.249 1839.308 1959.309 1991.302 1960.651 1945.243 2007.330 1921.921 1921.724 1862.825 1890.492 1830.662 1840.202 1798.514 1793.646 1834.392 1851.817 1917.934 1922.366 2123.466 2129.922 2272.967 2296.946 2313.510 2268.678 -999.250 -999.250 -999.250 -999.250 -999.250 -999.250 -999.250 -999.250 -999.250 -999.250 -999.250 -999.250 -999.250 -999.250 -999.250 -999.250
851.884 870.152 907.782 832.205 827.150 861.906 871.635 830.030 842.805 872.154 867.676 889.718 890.100 889.048 923.330 901.241 931.313 1054.143 1245.313 1456.809 1506.649 1731.512 1789.741 1885.238 1911.517 1950.705 2080.650 2031.513 1983.637 2037.959 1909.557 1928.567 1891.666 1899.872 1894.059 1860.273 1870.719 1881.205 1814.900 1901.330 1920.233 2025.476 2151.988 2187.114 2172.671 2259.270 -999.250 -999.250 -999.250 -999.250 -999.250 -999.250 -999.250 -999.250 -999.250 -999.250 -999.250 -999.250 -999.250 -999.250 -999.250 -999.250 -999.250
927.115 932.432 918.558 926.486 925.047 909.743 912.955 937.654 957.444 908.002 884.773 927.032 910.402 938.859 907.587 887.650 838.622 1023.521 1228.347 1407.351 1614.165 1729.450 1844.490 1926.489 1953.501 1963.898 2017.217 1978.047 2072.412 2001.889 1975.964 2019.343 1928.176 1997.370 1994.815 1937.530 1914.064 1946.987 1847.239 1914.010 1886.532 1985.232 2002.967 2182.511 2143.897 2202.395 -999.250 -999.250 -999.250 -999.250 -999.250 -999.250 -999.250 -999.250 -999.250 -999.250 -999.250 -999.250 -999.250 -999.250 -999.250 -999.250 -999.250
977.166 972.768 1031.338 999.794 960.100 974.436 973.037 997.602 1012.194 962.321 975.143 976.184 1003.669 967.137 959.925 961.772 1012.018 1182.929 1296.413 1494.486 1677.862 1781.881 1889.884 1940.369 2034.873 2070.112 2007.807 2073.248 2164.526 2076.209 1995.932 1991.757 2026.991 1944.579 1996.465 1962.438 1929.302 1924.879 1968.785 1957.477 1980.054 1938.876 1953.992 2024.876 2039.154 -999.250 -999.250 -999.250 -999.250 -999.250 -999.250 -999.250 -999.250 -999.250 -999.250 -999.250 -999.250 -999.250 -999.250 -999.250 -999.250 -999.250 -999.250
1015.310 1034.180 1035.174 1055.120 1045.260 1056.634 1044.887 1134.132 1055.628 1049.664 1075.673 1078.790 1110.221 1105.237 1052.773 1134.433 1214.685 1310.453 1433.381 1622.326 1741.559 1860.076 1921.541 2052.810 2100.686 2243.424 2146.409 2250.683 2153.632 2141.659 2182.037 2162.495 2053.497 2001.237 1956.658 1926.217 1926.427 1906.816 1880.645 1893.454 1956.642 1942.779 1963.584 1949.324 2004.095 -999.250 -999.250 -999.250 -999.250 -999.250 -999.250 -999.250 -999.250 -999.250 -999.250 -999.250 -999.250 -999.250 -999.250 -999.250 -999.250 -999.250 -999.250
1042.699 1103.887 1168.017 1161.792 1163.238 1123.398 1218.600 1220.378 1202.081 1162.582 1223.619 1221.530 1258.561 1213.514 1229.169 1281.512 1395.477 1393.207 1596.653 1713.049 1835.298 1941.576 2097.722 2090.530 2238.519 2359.675 2238.368 2259.209 2204.461 2207.118 2303.585 2162.803 2078.133 2087.579 2107.428 1991.693 1868.113 1907.884 1892.372 1985.645 1966.171 2001.415 1997.697 1933.027 -999.250 -999.250 -999.250 -999.250 -999.250 -999.250 -999.250 -999.250 -999.250 -999.250 -999.250 -999.250 -999.250 -999.250 -999.250 -999.250 -999.250 -999.250 -999.250
1177.147 1181.032 1250.700 1237.365 1263.132 1230.314 1336.863 1293.841 1240.019 1251.445 1295.951 1342.182 1325.048 1332.928 1336.287 1399.036 1540.727 1637.352 1722.943 1842.619 1884.030 1967.885 2125.837 2216.563 2287.934 2430.206 2329.274 2270.956 2392.794 2305.232 2231.604 2171.728 2115.521 2042.004 1965.669 1981.928 1937.246 1948.461 1855.462 1967.765 1989.799 2016.462 1917.434 1826.916 -999.250 -999.250 -999.250 -999.250 -999.250 -999.250 -999.250 -999.250 -999.250 -999.250 -999.250 -999.250 -999.250 -999.250 -999.250 -999.250 -999.250 -999.250 -999.250
1283.149 1334.618 1365.374 1342.810 1411.021 1372.205 1389.128 1371.767 1355.247 1355.748 1463.979 1431.316 1471.047 1484.781 1528.814 1598.679 1691.589 1707.160 1804.506 1879.226 1961.825 2066.523 2220.387 2339.664 2359.249 2498.103 2539.391 2441.173 2292.750 2351.269 2348.433 2251.948 2163.161 1978.737 1904.899 2020.737 1942.957 1862.970 1875.250 1936.876 1892.551 1902.051 1851.930 1807.487 -999.250 -999.250 -999.250 -999.250 -999.250 -999.250 -999.250 -999.250 -999.250 -999.250 -999.250 -999.250 -999.250 -999.250 -999.250 -999.250 -999.250 -999.250 -999.250
1417.273 1464.873 1470.591 1486.279 1519.486 1537.097 1510.024 1514.697 1598.380 1571.109 1502.359 1623.722 1611.444 1646.225 1666.476 1735.823 1833.628 1850.682 1967.334 2101.422 2136.032 2213.894 2333.425 2408.672 2370.449 2693.103 2576.834 2555.145 2568.323 2477.970 2299.446 2227.686 2074.154 1913.809 1940.171 1902.703 1906.744 1902.971 1889.031 1909.503 1880.478 1893.745 1809.909 -999.250 -999.250 -999.250 -999.250 -999.250 -999.250 -999.250 -999.250 -999.250 -999.250 -999.250 -999.250 -999.250 -999.250 -999.250 -999.250 -999.250 -999.250 -999.250 -999.250
1540.216 1604.963 1622.140 1643.162 1658.664 1669.732 1672.839 1641.512 1617.341 1631.249 1653.548 1662.972 1701.290 1732.315 1800.232 1817.964 1832.439 1987.934 2101.263 2171.080 2396.291 2407.773 2474.979 2496.910 2461.079 2620.547 2767.073 2655.501 2606.561 2420.025 2288.851 2095.119 2023.793 1939.170 1935.654 1888.250 1827.952 1894.063 1857.769 1943.687 1875.167 1834.111 -999.250 -999.250 -999.250 -999.250 -999.250 -999.250 -999.250 -999.250 -999.250 -999.250 -999.250 -999.250 -999.250 -999.250 -999.250 -999.250 -999.250 -999.250 -999.250 -999.250 -999.250
1612.417 1713.831 1711.412 1727.555 1731.152 1718.015 1682.338 1670.493 1641.848 1701.752 1739.275 1747.811 1787.639 1841.040 1814.655 1855.149 1866.822 1979.670 2191.447 2157.369 2442.774 2490.630 2444.539 2490.935 2558.780 2601.291 2773.477 2820.665 2577.811 2283.886 2037.929 2019.914 1969.909 2021.470 1885.691 1899.986 1817.063 1876.567 1836.255 1834.792 1815.836 1770.430 -999.250 -999.250 -999.250 -999.250 -999.250 -999.250 -999.250 -999.250 -999.250 -999.250 -999.250 -999.250 -999.250 -999.250 -999.250 -999.250 -999.250 -999.250 -999.250 -999.250 -999.250
1713.591 1801.374 1808.137 1805.213 1800.494 1799.885 1703.517 1721.240 1677.586 1760.749 1783.481 1837.751 1882.977 1925.380 1937.427 1946.761 2014.020 2141.343 2281.540 2280.034 2440.302 2467.431 2414.553 2390.226 2508.630 2588.143 2584.763 2606.713 2357.423 2048.249 1935.344 1938.383 1880.896 1843.313 1820.682 1826.038 1775.315 1789.405 1824.271 1825.611 -999.250 -999.250 -999.250 -999.250 -999.250 -999.250 -999.250 -999.250 -999.250 -999.250 -999.250 -999.250 -999.250 -999.250 -999.250 -999.250 -999.250 -999.250 -999.250 -999.250 -999.250 -999.250 -999.250
1758.017 1854.532 1950.452 1943.190 1827.220 1797.487 1786.768 1765.288 1736.448 1807.910 1791.141 1839.275 1851.583 2019.382 2044.037 2107.004 2117.908 2224.856 2360.614 2472.643 2399.628 2446.037 2486.601 2378.418 2419.305 2425.330 2388.536 2153.854 1880.878 1825.200 1842.132 1853.661 1782.384 1775.267 1840.077 1767.459 1790.256 1774.847 1752.549 -999.250 -999.250 -999.250 -999.250 -999.250 -999.250 -999.250 -999.250 -999.250 -999.250 -999.250 -999.250 -999.250 -999.250 -999.250 -999.250 -999.250 -999.250 -999.250 -999.250 -999.250 -999.250 -999.250 -999.250
1879.848 1951.513 2136.259 1926.668 1889.076 1844.726 1835.294 1790.103 1770.765 1814.869 1801.825 1831.859 1877.701 2007.933 2116.179 2123.402 2084.099 2219.385 2371.127 2374.656 2409.979 2417.136 2437.918 2349.212 2354.166 2362.846 2203.302 1923.136 1820.460 1711.818 1746.032 1759.401 1766.929 1756.392 1748.149 1798.290 1721.173 1641.350 -999.250 -999.250 -999.250 -999.250 -999.250 -999.250 -999.250 -999.250 -999.250 -999.250 -999.250 -999.250 -999.250 -999.250 -999.250 -999.250 -999.250 -999.250 -999.250 -999.250 -999.250 -999.250 -999.250 -999.250 -999.250
1788.156 1892.962 1919.937 1888.204 1906.871 1860.572 1777.108 1755.419 1728.018 1801.149 1772.633 1857.047 1880.412 2008.710 2011.724 2139.310 2183.265 2235.365 2318.835 2398.686 2402.136 2392.363 2271.016 2238.941 2298.169 2199.972 1997.925 1850.842 1777.799 1774.891 1729.030 1683.686 1722.374 1750.500 1671.281 1711.857 1661.458 -999.250 -999.250 -999.250 -999.250 -999.250 -999.250 -999.250 -999.250 -999.250 -999.250 -999.250 -999.250 -999.250 -999.250 -999.250 -999.250 -999.250 -999.250 -999.250 -999.250 -999.250 -999.250 -999.250 -999.250 -999.250 -999.250
1769.066 1843.343 1835.079 1887.878 1839.409 1817.796 1811.284 1775.629 1796.638 1755.713 1806.462 1824.820 1902.226 1964.492 2020.729 2059.631 2211.481 2274.377 2114.863 2203.548 2346.931 2274.021 2142.262 2278.466 2081.786 1997.595 1938.405 1824.970 1801.228 1746.811 1749.150 1657.038 1666.620 1677.056 1700.115 -999.250 -999.250 -999.250 -999.250 -999.250 -999.250 -999.250 -999.250 -999.250 -999.250 -999.250 -999.250 -999.250 -999.250 -999.250 -999.250 -999.250 -999.250 -999.250 -999.250 -999.250 -999.250 -999.250 -999.250 -999.250 -999.250 -999.250 -999.250
1785.675 1791.467 1797.203 1787.398 1784.946 1739.581 1799.229 1720.938 1755.873 1781.103 1778.566 1750.204 1862.675 1919.858 1944.412 2036.179 2099.829 2203.105 2104.921 2258.965 2288.050 2243.213 2152.059 2201.835 2104.643 1969.005 1887.888 1873.045 1815.100 1737.717 1708.042 1636.463 1628.569 1629.018 1643.887 -999.250 -999.250 -999.250 -999.250 -999.250 -999.250 -999.250 -999.250 -999.250 -999.250 -999.250 -999.250 -999.250 -999.250 -999.250 -999.250 -999.250 -999.250 -999.250 -999.250 -999.250 -999.250 -999.250 -999.250 -999.250 -999.250 -999.250 -999.250
1762.717 1750.695 1731.230 1738.836 1774.782 1723.419 1724.342 1671.295 1646.055 1652.715 1761.545 1789.117 1853.019 1893.662 1963.251 1985.693 2159.533 2235.200 2258.832 2246.206 2288.197 2299.486 2241.741 2286.102 1940.035 1945.162 1857.607 1817.508 1825.917 1716.942 1624.798 1618.062 1639.176 1597.096 -999.250 -999.250 -999.250 -999.250 -999.250 -999.250 -999.250 -999.250 -999.250 -999.250 -999.250 -999.250 -999.250 -999.250 -999.250 -999.250 -999.250 -999.250 -999.250 -999.250 -999.250 -999.250 -999.250 -999.250 -999.250 -999.250 -999.250 -999.250 -999.250
1714.396 1674.885 1672.595 1704.636 1709.791 1666.056 1626.742 1643.976 1622.642 1674.267 1717.932 1807.711 1856.950 1882.389 1945.711 1980.049 2024.939 2156.208 2211.131 2361.621 2280.282 2278.170 2235.114 2135.443 2060.106 1903.873 1846.008 1811.489 1740.135 1655.655 1643.193 1659.322 1581.152 1495.403 -999.250 -999.250 -999.250 -999.250 -999.250 -999.250 -999.250 -999.250 -999.250 -999.250 -999.250 -999.250 -999.250 -999.250 -999.250 -999.250 -999.250 -999.250 -999.250 -999.250 -999.250 -999.250 -999.250 -999.250 -999.250 -999.250 -999.250 -999.250 -999.250
1702.514 1652.853 1640.441 1660.583 1601.297 1519.230 1541.995 1650.922 1632.896 1650.343 1662.365 1772.666 1816.131 1760.497 1878.770 1914.622 1936.691 2117.940 2199.179 2182.662 2345.349 2251.672 2207.247 2127.246 1986.589 1842.555 1821.830 1777.952 1714.078 1623.047 1580.914 1605.259 1511.314 1509.126 -999.250 -999.250 -999.250 -999.250 -999.250 -999.250 -999.250 -999.250 -999.250 -999.250 -999.250 -999.250 -999.250 -999.250 -999.250 -999.250 -999.250 -999.250 -999.250 -999.250 -999.250 -999.250 -999.250 -999.250 -999.250 -999.250 -999.250 -999.250 -999.250
1723.750 1706.109 1640.327 1633.268 1559.462 1514.514 1518.325 1559.059 1559.291 1611.407 1641.075 1757.215 1811.007 1819.441 1824.844 1875.260 1910.719 1993.701 2172.504 2278.680 2234.253 2246.476 2132.982 1940.991 1917.226 1790.064 1759.622 1738.321 1696.853 1614.974 1578.915 1545.787 1472.312 1437.217 -999.250 -999.250 -999.250 -999.250 -999.250 -999.250 -999.250 -999.250 -999.250 -999.250 -999.250 -999.250 -999.250 -999.250 -999.250 -999.250 -999.250 -999.250 -999.250 -999.250 -999.250 -999.250 -999.250 -999.250 -999.250 -999.250 -999.250 -999.250 -999.250
1719.748 1698.812 1626.269 1654.305 1553.381 1446.947 1495.883 1522.712 1547.958 1561.842 1620.290 1754.024 1822.768 1823.572 1794.232 1840.137 1986.087 2088.034 2081.331 2115.220 2111.312 2120.163 2028.160 1913.551 1851.025 1761.914 1710.702 1662.660 1606.668 1548.721 1485.409 1517.188 1507.715 1392.861 1472.473 -999.250 -999.250 -999.250 -999.250 -999.250 -999.250 -999.250 -999.250 -999.250 -999.250 -999.250 -999.250 -999.250 -999.250 -999.250 -999.250 -999.250 -999.250 -999.250 -999.250 -999.250 -999.250 -999.250 -999.250 -999.250 -999.250 -999.250 -999.250
