data/medianmodel_14-Oct-2020.asc
ncols	141
nrows	288
xllcorner	-120191.398
yllcorner	-301404.813
cellsize	2000.000
NODATA_value	-999.250
[rows 150 to 179 of 288, columns 67 to 133 of 141]
9.126 5.387 5.810 3.056 7.658 8.267 6.547 4.255 9.787 14.332 6.968 11.147 6.812 1.398 0.000 0.000 0.000 2.303 10.858 18.768 37.455 63.692 100.626 154.649 204.359 261.657 304.238 290.592 -999.250 -999.250 -999.250 -999.250 -999.250 -999.250 -999.250 -999.250 -999.250 -999.250 -999.250 -999.250 -999.250 -999.250 -999.250 -999.250 -999.250 -999.250 -999.250 -999.250 -999.250 -999.250 -999.250 -999.250 -999.250 -999.250 -999.250 -999.250 -999.250 -999.250 -999.250 -999.250 -999.250 -999.250 -999.250 -999.250 -999.250 -999.250 -999.250
12.465 6.633 6.488 5.134 4.823 6.896 7.094 10.091 12.550 12.460 9.932 11.694 6.053 3.112 0.000 0.000 0.000 5.293 15.699 35.165 64.984 96.956 145.322 207.662 239.634 299.528 335.881 325.957 -999.250 -999.250 -999.250 -999.250 -999.250 -999.250 -999.250 -999.250 -999.250 -999.250 -999.250 -999.250 -999.250 -999.250 -999.250 -999.250 -999.250 -999.250 -999.250 -999.250 -999.250 -999.250 -999.250 -999.250 -999.250 -999.250 -999.250 -999.250 -999.250 -999.250 -999.250 -999.250 -999.250 -999.250 -999.250 -999.250 -999.250 -999.250 -999.250
8.607 7.673 8.826 8.594 10.699 9.456 11.498 9.252 13.598 12.898 7.958 11.617 9.565 5.126 0.369 0.000 0.000 11.981 21.511 53.550 93.013 136.214 183.622 254.462 323.267 327.377 366.025 358.351 -999.250 -999.250 -999.250 -999.250 -999.250 -999.250 -999.250 -999.250 -999.250 -999.250 -999.250 -999.250 -999.250 -999.250 -999.250 -999.250 -999.250 -999.250 -999.250 -999.250 -999.250 -999.250 -999.250 -999.250 -999.250 -999.250 -999.250 -999.250 -999.250 -999.250 -999.250 -999.250 -999.250 -999.250 -999.250 -999.250 -999.250 -999.250 -999.250
8.054 11.561 9.075 11.645 12.497 9.061 10.327 16.632 15.812 14.139 12.043 11.200 8.225 7.276 2.285 1.650 4.310 14.072 26.385 53.671 97.522 154.950 196.206 277.680 362.059 392.357 399.266 360.343 -999.250 -999.250 -999.250 -999.250 -999.250 -999.250 -999.250 -999.250 -999.250 -999.250 -999.250 -999.250 -999.250 -999.250 -999.250 -999.250 -999.250 -999.250 -999.250 -999.250 -999.250 -999.250 -999.250 -999.250 -999.250 -999.250 -999.250 -999.250 -999.250 -999.250 -999.250 -999.250 -999.250 -999.250 -999.250 -999.250 -999.250 -999.250 -999.250
12.319 11.549 9.135 12.249 11.819 14.167 14.725 17.950 17.107 16.619 18.482 20.459 15.268 9.545 1.276 1.489 8.645 15.887 29.517 53.750 84.779 143.645 197.757 275.015 334.273 499.168 374.957 363.018 -999.250 -999.250 -999.250 -999.250 -999.250 -999.250 -999.250 -999.250 -999.250 -999.250 -999.250 -999.250 -999.250 -999.250 -999.250 -999.250 -999.250 -999.250 -999.250 -999.250 -999.250 -999.250 -999.250 -999.250 -999.250 -999.250 -999.250 -999.250 -999.250 -999.250 -999.250 -999.250 -999.250 -999.250 -999.250 -999.250 -999.250 -999.250 -999.250
14.020 12.567 12.598 13.586 11.477 13.524 14.320 16.922 16.862 18.978 18.035 19.094 16.897 11.628 4.624 3.469 4.218 12.842 27.523 40.297 79.039 116.449 168.480 233.695 297.761 332.785 337.059 297.422 -999.250 -999.250 -999.250 -999.250 -999.250 -999.250 -999.250 -999.250 -999.250 -999.250 -999.250 -999.250 -999.250 -999.250 -999.250 -999.250 -999.250 -999.250 -999.250 -999.250 -999.250 -999.250 -999.250 -999.250 -999.250 -999.250 -999.250 -999.250 -999.250 -999.250 -999.250 -999.250 -999.250 -999.250 -999.250 -999.250 -999.250 -999.250 -999.250
11.461 10.234 14.345 12.575 12.949 14.262 17.580 21.217 25.821 22.458 23.134 23.447 19.789 14.774 10.747 8.121 4.431 10.245 19.495 31.563 56.257 83.660 122.398 164.332 222.399 270.435 267.401 269.452 274.454 -999.250 -999.250 -999.250 -999.250 -999.250 -999.250 -999.250 -999.250 -999.250 -999.250 -999.250 -999.250 -999.250 -999.250 -999.250 -999.250 -999.250 -999.250 -999.250 -999.250 -999.250 -999.250 -999.250 -999.250 -999.250 -999.250 -999.250 -999.250 -999.250 -999.250 -999.250 -999.250 -999.250 -999.250 -999.250 -999.250 -999.250 -999.250
14.221 12.861 14.518 12.831 16.615 16.612 19.209 28.435 23.598 25.542 29.287 24.371 26.803 22.043 12.533 5.756 1.320 6.097 6.606 18.727 34.224 51.278 68.305 93.377 161.233 193.435 228.649 215.070 214.557 195.943 -999.250 -999.250 -999.250 -999.250 -999.250 -999.250 -999.250 -999.250 -999.250 -999.250 -999.250 -999.250 -999.250 -999.250 -999.250 -999.250 -999.250 -999.250 -999.250 -999.250 -999.250 -999.250 -999.250 -999.250 -999.250 -999.250 -999.250 -999.250 -999.250 -999.250 -999.250 -999.250 -999.250 -999.250 -999.250 -999.250 -999.250
14.994 17.236 18.881 23.003 17.738 25.435 24.493 26.409 28.611 33.609 32.603 28.373 26.909 22.194 17.877 6.911 0.000 0.000 0.855 5.734 7.869 17.012 18.273 13.531 76.454 112.847 161.768 165.605 165.330 160.740 150.792 -999.250 -999.250 -999.250 -999.250 -999.250 -999.250 -999.250 -999.250 -999.250 -999.250 -999.250 -999.250 -999.250 -999.250 -999.250 -999.250 -999.250 -999.250 -999.250 -999.250 -999.250 -999.250 -999.250 -999.250 -999.250 -999.250 -999.250 -999.250 -999.250 -999.250 -999.250 -999.250 -999.250 -999.250 -999.250 -999.250
15.962 20.294 25.787 32.044 27.721 25.529 29.147 36.538 38.702 37.162 41.837 38.354 31.117 31.318 23.421 10.966 0.032 0.511 0.000 0.000 0.000 0.000 0.000 9.563 34.758 64.218 105.341 112.972 108.815 120.802 114.038 -999.250 -999.250 -999.250 -999.250 -999.250 -999.250 -999.250 -999.250 -999.250 -999.250 -999.250 -999.250 -999.250 -999.250 -999.250 -999.250 -999.250 -999.250 -999.250 -999.250 -999.250 -999.250 -999.250 -999.250 -999.250 -999.250 -999.250 -999.250 -999.250 -999.250 -999.250 -999.250 -999.250 -999.250 -999.250 -999.250
24.602 33.255 33.584 44.603 38.847 38.460 41.333 46.455 47.966 46.855 50.093 40.668 37.620 27.634 22.429 17.110 7.621 4.759 0.000 0.000 0.000 0.000 0.000 2.956 21.557 37.796 54.569 69.232 76.715 95.964 98.254 -999.250 -999.250 -999.250 -999.250 -999.250 -999.250 -999.250 -999.250 -999.250 -999.250 -999.250 -999.250 -999.250 -999.250 -999.250 -999.250 -999.250 -999.250 -999.250 -999.250 -999.250 -999.250 -999.250 -999.250 -999.250 -999.250 -999.250 -999.250 -999.250 -999.250 -999.250 -999.250 -999.250 -999.250 -999.250 -999.250
31.523 39.092 44.733 46.194 61.105 56.462 63.369 65.650 65.690 71.169 62.718 46.798 41.760 35.123 34.820 24.475 15.645 8.985 2.133 0.000 0.000 0.000 0.000 0.000 6.654 17.222 25.264 33.270 39.851 53.773 58.491 -999.250 -999.250 -999.250 -999.250 -999.250 -999.250 -999.250 -999.250 -999.250 -999.250 -999.250 -999.250 -999.250 -999.250 -999.250 -999.250 -999.250 -999.250 -999.250 -999.250 -999.250 -999.250 -999.250 -999.250 -999.250 -999.250 -999.250 -999.250 -999.250 -999.250 -999.250 -999.250 -999.250 -999.250 -999.250 -999.250
49.373 67.002 69.171 65.137 74.245 84.741 89.652 79.454 76.117 77.701 75.132 65.583 60.638 58.794 53.880 32.423 20.794 10.688 0.299 0.000 0.000 0.000 0.000 0.000 0.000 9.049 14.718 26.807 30.140 31.518 34.451 -999.250 -999.250 -999.250 -999.250 -999.250 -999.250 -999.250 -999.250 -999.250 -999.250 -999.250 -999.250 -999.250 -999.250 -999.250 -999.250 -999.250 -999.250 -999.250 -999.250 -999.250 -999.250 -999.250 -999.250 -999.250 -999.250 -999.250 -999.250 -999.250 -999.250 -999.250 -999.250 -999.250 -999.250 -999.250 -999.250
71.214 78.398 84.880 89.693 102.206 111.491 116.600 104.542 97.486 84.316 89.678 82.727 76.276 66.409 63.191 40.784 25.239 16.148 3.001 0.578 0.000 0.000 0.000 0.000 0.000 0.000 7.775 18.544 16.616 19.664 25.379 32.908 -999.250 -999.250 -999.250 -999.250 -999.250 -999.250 -999.250 -999.250 -999.250 -999.250 -999.250 -999.250 -999.250 -999.250 -999.250 -999.250 -999.250 -999.250 -999.250 -999.250 -999.250 -999.250 -999.250 -999.250 -999.250 -999.250 -999.250 -999.250 -999.250 -999.250 -999.250 -999.250 -999.250 -999.250 -999.250
123.920 129.928 106.059 135.059 139.911 129.046 119.682 104.843 105.837 101.941 84.794 72.204 69.081 57.242 49.354 34.641 24.337 15.430 8.970 0.210 0.000 0.000 0.000 0.000 0.000 0.000 0.092 15.533 13.087 22.203 22.915 30.192 38.614 -999.250 -999.250 -999.250 -999.250 -999.250 -999.250 -999.250 -999.250 -999.250 -999.250 -999.250 -999.250 -999.250 -999.250 -999.250 -999.250 -999.250 -999.250 -999.250 -999.250 -999.250 -999.250 -999.250 -999.250 -999.250 -999.250 -999.250 -999.250 -999.250 -999.250 -999.250 -999.250 -999.250 -999.250
141.187 143.289 144.105 166.846 168.320 152.989 139.349 130.641 127.701 108.087 81.386 65.104 63.796 45.663 37.705 24.565 19.925 14.538 8.885 0.000 0.000 0.000 0.000 0.000 0.000 0.000 2.672 12.232 17.834 17.808 23.510 27.673 35.039 32.009 31.398 28.932 -999.250 -999.250 -999.250 -999.250 -999.250 -999.250 -999.250 -999.250 -999.250 -999.250 -999.250 -999.250 -999.250 -999.250 -999.250 -999.250 -999.250 -999.250 -999.250 -999.250 -999.250 -999.250 -999.250 -999.250 -999.250 -999.250 -999.250 -999.250 -999.250 -999.250 -999.250
158.116 167.475 167.717 186.128 168.735 159.820 155.645 134.087 137.876 118.802 78.841 63.083 48.397 41.658 28.590 23.757 14.470 11.539 5.080 1.562 0.000 0.000 0.000 0.000 0.000 1.584 8.341 15.694 19.455 21.431 26.800 28.531 30.018 31.184 31.589 23.606 -999.250 -999.250 -999.250 -999.250 -999.250 -999.250 -999.250 -999.250 -999.250 -999.250 -999.250 -999.250 -999.250 -999.250 -999.250 -999.250 -999.250 -999.250 -999.250 -999.250 -999.250 -999.250 -999.250 -999.250 -999.250 -999.250 -999.250 -999.250 -999.250 -999.250 -999.250
182.317 195.647 199.236 191.741 190.761 179.100 165.589 166.827 134.156 115.153 86.575 59.610 49.202 31.759 19.210 15.699 10.488 5.259 3.317 3.027 0.000 0.000 1.139 2.627 7.112 7.243 12.520 14.383 22.328 22.635 28.957 28.817 33.614 30.455 26.751 -999.250 -999.250 -999.250 -999.250 -999.250 -999.250 -999.250 -999.250 -999.250 -999.250 -999.250 -999.250 -999.250 -999.250 -999.250 -999.250 -999.250 -999.250 -999.250 -999.250 -999.250 -999.250 -999.250 -999.250 -999.250 -999.250 -999.250 -999.250 -999.250 -999.250 -999.250 -999.250
197.107 203.987 240.951 248.322 238.794 206.269 186.440 179.715 145.210 118.806 79.211 45.873 30.178 19.683 15.862 6.820 5.720 3.358 0.000 0.000 0.000 1.062 5.816 9.363 8.885 11.213 13.243 15.880 23.502 29.613 31.705 30.318 27.931 28.664 26.780 -999.250 -999.250 -999.250 10.672 4.391 2.478 -999.250 -999.250 -999.250 -999.250 -999.250 -999.250 -999.250 -999.250 -999.250 -999.250 -999.250 -999.250 -999.250 -999.250 -999.250 -999.250 -999.250 -999.250 -999.250 -999.250 -999.250 -999.250 -999.250 -999.250 -999.250 -999.250
221.305 216.091 287.030 298.678 286.006 236.244 207.108 180.550 161.805 110.625 81.716 43.557 26.536 10.566 3.843 0.379 0.041 0.000 0.000 0.000 0.354 0.682 7.106 1.915 5.127 10.116 12.736 17.801 21.285 24.000 27.618 35.461 28.589 28.226 21.901 22.839 19.007 14.083 9.513 1.920 2.750 1.691 -999.250 -999.250 -999.250 -999.250 -999.250 -999.250 -999.250 -999.250 -999.250 -999.250 -999.250 -999.250 -999.250 -999.250 -999.250 -999.250 -999.250 -999.250 -999.250 -999.250 -999.250 -999.250 -999.250 -999.250 -999.250
243.861 282.453 329.582 376.736 302.828 269.392 213.945 187.531 173.078 124.159 90.563 48.610 28.357 0.000 0.000 0.000 0.000 0.000 0.000 0.000 0.000 0.000 0.000 0.000 1.785 7.548 17.209 20.162 24.556 25.025 29.350 32.136 29.609 31.977 28.645 22.479 15.896 16.775 6.467 2.110 0.000 3.138 7.947 -999.250 -999.250 -999.250 -999.250 -999.250 -999.250 -999.250 -999.250 -999.250 -999.250 -999.250 -999.250 -999.250 -999.250 -999.250 -999.250 -999.250 -999.250 -999.250 -999.250 -999.250 -999.250 -999.250 -999.250
223.728 296.236 304.042 312.550 289.547 268.944 234.419 188.472 162.216 131.456 89.528 69.496 38.455 15.313 2.380 0.000 0.000 0.000 0.000 0.000 0.000 0.000 2.720 0.000 0.000 8.521 19.535 22.875 19.243 28.552 29.171 27.465 30.367 30.788 25.909 19.929 16.381 12.910 11.068 6.116 2.347 7.260 8.002 -999.250 -999.250 -999.250 -999.250 -999.250 -999.250 -999.250 -999.250 -999.250 -999.250 -999.250 -999.250 -999.250 -999.250 -999.250 -999.250 -999.250 -999.250 -999.250 -999.250 -999.250 -999.250 -999.250 -999.250
201.338 251.839 277.562 287.849 252.389 235.367 211.356 198.982 161.695 133.027 100.851 80.657 43.981 23.713 14.078 6.392 3.068 3.151 1.210 0.000 1.567 3.248 4.676 0.000 0.000 10.949 17.362 23.543 25.127 27.802 27.223 25.033 27.973 30.082 24.412 20.232 18.761 13.258 6.840 9.421 8.610 10.269 11.645 -999.250 -999.250 -999.250 -999.250 -999.250 -999.250 -999.250 -999.250 -999.250 -999.250 -999.250 -999.250 -999.250 -999.250 -999.250 -999.250 -999.250 -999.250 -999.250 -999.250 -999.250 -999.250 -999.250 -999.250
197.839 218.422 238.174 255.096 214.280 231.277 201.143 180.965 163.163 135.441 108.068 84.586 63.668 37.966 20.788 14.538 10.049 9.727 8.075 7.131 10.107 11.584 8.855 7.296 9.780 14.957 18.699 22.404 25.505 31.447 25.883 30.093 28.050 28.132 24.588 23.076 17.621 16.252 11.327 10.730 9.881 12.504 12.578 12.868 -999.250 -999.250 -999.250 -999.250 -999.250 -999.250 -999.250 -999.250 -999.250 -999.250 -999.250 -999.250 -999.250 -999.250 -999.250 -999.250 -999.250 -999.250 -999.250 -999.250 -999.250 -999.250 -999.250
176.453 193.324 197.189 190.467 177.323 187.250 189.005 163.462 144.929 129.392 105.609 83.993 64.996 50.787 28.491 16.660 14.896 14.042 15.934 14.182 16.376 17.196 18.887 17.956 17.251 21.139 25.273 25.334 28.953 30.858 29.758 29.235 30.374 27.526 26.880 23.332 22.943 15.630 13.328 11.550 11.430 12.353 15.033 -999.250 -999.250 -999.250 -999.250 -999.250 -999.250 -999.250 -999.250 -999.250 -999.250 -999.250 -999.250 -999.250 -999.250 -999.250 -999.250 -999.250 -999.250 -999.250 -999.250 -999.250 -999.250 -999.250 -999.250
148.885 164.030 161.174 166.160 176.422 170.585 153.326 141.221 132.297 127.087 110.854 98.758 88.018 57.254 48.339 27.626 18.755 20.826 22.402 18.731 19.272 23.534 25.220 22.056 29.586 29.149 31.908 26.419 31.835 31.350 34.920 32.416 25.712 31.190 26.820 24.234 20.942 17.039 16.094 13.815 16.602 13.402 -999.250 -999.250 -999.250 -999.250 -999.250 -999.250 -999.250 -999.250 -999.250 -999.250 -999.250 -999.250 -999.250 -999.250 -999.250 -999.250 -999.250 -999.250 -999.250 -999.250 -999.250 -999.250 -999.250 -999.250 -999.250
104.368 141.102 138.250 148.155 155.487 164.476 130.721 112.518 122.768 109.022 97.415 94.794 90.662 62.160 54.061 38.019 30.614 33.086 27.592 28.151 28.708 31.726 35.313 31.948 37.715 35.579 36.482 32.453 36.969 47.094 38.543 35.434 28.608 33.050 26.141 26.502 19.963 18.895 18.586 13.422 9.163 12.179 -999.250 -999.250 -999.250 -999.250 -999.250 -999.250 -999.250 -999.250 -999.250 -999.250 -999.250 -999.250 -999.250 -999.250 -999.250 -999.250 -999.250 -999.250 -999.250 -999.250 -999.250 -999.250 -999.250 -999.250 -999.250
104.756 112.476 126.478 122.560 131.794 133.459 123.029 106.216 95.144 101.325 80.159 82.496 81.543 74.429 52.774 43.999 38.969 30.359 30.776 38.385 34.887 34.827 37.487 38.022 38.221 42.205 37.808 38.415 42.588 48.264 48.431 40.848 51.676 38.379 37.390 28.553 26.142 28.487 23.502 21.116 16.326 -999.250 -999.250 -999.250 -999.250 -999.250 -999.250 -999.250 -999.250 -999.250 -999.250 -999.250 -999.250 -999.250 -999.250 -999.250 -999.250 -999.250 -999.250 -999.250 -999.250 -999.250 -999.250 -999.250 -999.250 -999.250 -999.250
92.183 87.717 107.399 108.084 103.453 99.108 103.546 95.981 110.355 84.347 79.145 77.551 76.234 68.274 55.677 45.655 37.701 38.794 34.899 41.481 44.156 44.470 42.893 44.438 56.798 47.752 57.167 53.115 43.489 43.365 43.079 43.556 39.715 38.706 35.745 31.311 31.503 28.197 23.185 22.779 21.664 -999.250 -999.250 -999.250 -999.250 -999.250 -999.250 -999.250 -999.250 -999.250 -999.250 -999.250 -999.250 -999.250 -999.250 -999.250 -999.250 -999.250 -999.250 -999.250 -999.250 -999.250 -999.250 -999.250 -999.250 -999.250 -999.250
64.960 77.604 92.408 97.403 94.684 80.874 82.066 83.391 87.980 75.370 71.586 64.024 64.363 61.583 63.838 49.789 41.585 38.553 50.068 52.370 60.567 56.214 49.859 55.580 57.635 64.173 57.007 64.216 70.705 65.943 53.447 43.103 48.475 42.071 45.408 36.969 35.764 32.018 23.327 21.086 -999.250 -999.250 -999.250 -999.250 -999.250 -999.250 -999.250 -999.250 -999.250 -999.250 -999.250 -999.250 -999.250 -999.250 -999.250 -999.250 -999.250 -999.250 -999.250 -999.250 -999.250 -999.250 -999.250 -999.250 -999.250 -999.250 -999.250
