data/medianmodel_04-May-2020.asc
ncols	141
nrows	288
xllcorner	-120191.398
yllcorner	-301404.813
cellsize	2000.000
NODATA_value	-999.250
[rows 93 to 123 of 288, columns 0 to 68 of 141]
-999.250 -999.250 -999.250 -999.250 -999.250 -999.250 -999.250 -999.250 -999.250 -999.250 -999.250 -999.250 -999.250 -999.250 -999.250 -999.250 -999.250 -999.250 -999.250 -999.250 -999.250 -999.250 -999.250 -999.250 -999.250 -999.250 -999.250 -999.250 -999.250 -999.250 -999.250 9.962 6.736 7.630 9.644 12.944 17.858 22.526 27.334 36.528 39.230 45.186 45.927 42.361 43.245 42.907 47.692 39.082 34.299 29.497 24.566 20.306 16.681 17.427 16.728 19.587 16.485 13.628 10.844 6.628 5.180 2.800 1.465 0.008 0.000 0.786 0.000 0.000 3.931
-999.250 -999.250 -999.250 -999.250 -999.250 -999.250 -999.250 -999.250 -999.250 -999.250 -999.250 -999.250 -999.250 -999.250 -999.250 -999.250 -999.250 -999.250 -999.250 -999.250 -999.250 -999.250 -999.250 -999.250 -999.250 -999.250 -999.250 -999.250 -999.250 -999.250 -999.250 8.968 6.724 5.919 8.299 11.568 16.167 21.332 22.432 31.287 36.831 36.867 39.537 39.078 38.807 37.498 38.865 35.224 34.272 29.686 25.921 22.221 19.860 19.230 18.256 16.724 14.985 13.006 13.070 10.705 6.327 4.820 3.012 3.292 1.662 0.664 0.067 0.000 1.336
-999.250 -999.250 -999.250 -999.250 -999.250 -999.250 -999.250 -999.250 -999.250 -999.250 -999.250 -999.250 -999.250 -999.250 -999.250 -999.250 -999.250 -999.250 -999.250 -999.250 -999.250 -999.250 -999.250 -999.250 -999.250 -999.250 -999.250 -999.250 -999.250 -999.250 -999.250 10.118 7.503 6.431 8.452 13.527 18.089 27.258 26.353 30.237 31.673 39.110 38.392 36.323 38.876 34.437 30.823 29.654 29.854 27.094 24.006 20.021 22.914 20.906 18.314 20.930 17.235 17.916 12.605 9.937 8.532 6.684 4.928 6.360 7.497 3.440 3.270 2.509 3.950
-999.250 -999.250 -999.250 -999.250 -999.250 -999.250 -999.250 -999.250 -999.250 -999.250 -999.250 -999.250 -999.250 -999.250 -999.250 -999.250 -999.250 -999.250 -999.250 -999.250 -999.250 -999.250 -999.250 -999.250 -999.250 -999.250 -999.250 -999.250 -999.250 -999.250 10.645 10.819 9.421 10.248 11.191 16.776 19.307 22.320 26.676 27.063 28.739 29.051 33.237 30.604 26.465 24.419 24.537 23.547 23.360 20.317 21.015 20.648 21.804 19.233 17.037 19.763 20.425 17.378 11.429 9.568 9.998 10.620 9.038 7.680 10.745 7.210 7.096 8.324 6.836
-999.250 -999.250 -999.250 -999.250 -999.250 -999.250 -999.250 -999.250 -999.250 -999.250 -999.250 -999.250 -999.250 -999.250 -999.250 -999.250 -999.250 -999.250 -999.250 -999.250 -999.250 -999.250 -999.250 -999.250 -999.250 -999.250 -999.250 -999.250 -999.250 -999.250 15.508 14.293 11.009 12.835 15.837 20.619 23.946 27.341 27.825 30.308 29.874 29.344 27.998 27.428 24.251 17.843 15.065 20.259 19.179 19.328 20.374 23.885 21.915 19.619 20.753 22.539 21.035 19.793 14.059 11.910 12.295 12.218 8.397 11.745 11.832 9.187 9.769 9.073 11.664
-999.250 -999.250 -999.250 -999.250 -999.250 -999.250 -999.250 -999.250 -999.250 -999.250 -999.250 -999.250 -999.250 -999.250 -999.250 -999.250 -999.250 -999.250 -999.250 -999.250 -999.250 -999.250 -999.250 -999.250 -999.250 -999.250 -999.250 -999.250 -999.250 -999.250 17.507 19.140 16.308 15.070 17.432 20.714 23.102 26.534 29.820 29.414 34.446 31.016 28.251 23.294 20.268 16.773 16.553 17.125 15.279 17.885 17.500 21.442 21.887 22.048 24.549 23.196 24.492 22.720 15.846 13.223 12.240 15.571 13.958 15.284 17.593 13.641 15.888 13.044 13.417
-999.250 -999.250 -999.250 -999.250 -999.250 -999.250 -999.250 -999.250 -999.250 -999.250 -999.250 -999.250 -999.250 -999.250 -999.250 -999.250 -999.250 -999.250 -999.250 -999.250 -999.250 -999.250 -999.250 -999.250 -999.250 -999.250 -999.250 -999.250 -999.250 -999.250 20.487 20.946 14.753 13.830 14.787 17.467 23.169 26.428 28.858 30.365 37.131 30.221 25.839 22.376 23.539 23.870 22.934 16.681 16.130 19.090 19.266 25.537 22.834 25.761 27.793 24.410 24.315 21.845 21.759 19.066 17.243 15.844 13.417 15.411 15.486 13.839 11.347 9.007 10.426
-999.250 -999.250 -999.250 -999.250 -999.250 -999.250 -999.250 -999.250 -999.250 -999.250 -999.250 -999.250 -999.250 -999.250 -999.250 -999.250 -999.250 -999.250 -999.250 -999.250 -999.250 -999.250 -999.250 -999.250 -999.250 -999.250 -999.250 -999.250 -999.250 18.077 19.262 17.974 16.680 16.869 17.956 15.835 20.002 23.884 24.757 29.713 28.939 32.175 27.945 25.864 24.609 24.252 22.139 23.746 21.961 22.900 23.539 24.357 22.632 27.559 27.189 22.266 23.987 21.371 23.356 22.868 21.727 17.895 16.436 15.598 17.034 15.627 13.198 10.133 8.665
-999.250 -999.250 -999.250 -999.250 -999.250 -999.250 -999.250 -999.250 -999.250 -999.250 -999.250 -999.250 -999.250 -999.250 -999.250 -999.250 -999.250 -999.250 -999.250 -999.250 -999.250 -999.250 -999.250 -999.250 -999.250 -999.250 -999.250 -999.250 -999.250 18.508 16.401 17.687 15.310 14.989 12.680 14.857 13.663 23.614 25.433 22.164 26.447 29.518 25.875 26.678 27.068 26.616 23.966 27.977 25.816 24.602 25.695 24.195 25.381 27.897 28.161 24.501 23.681 19.562 20.459 19.462 19.486 16.069 15.777 18.285 20.172 16.586 11.776 8.722 9.005
-999.250 -999.250 -999.250 -999.250 -999.250 -999.250 -999.250 -999.250 -999.250 -999.250 -999.250 -999.250 -999.250 -999.250 -999.250 -999.250 -999.250 -999.250 -999.250 -999.250 -999.250 -999.250 -999.250 -999.250 -999.250 -999.250 -999.250 -999.250 -999.250 16.833 15.074 11.946 11.567 10.686 10.103 10.332 17.314 17.987 20.366 19.906 20.052 25.546 28.093 26.163 25.298 26.807 32.854 29.233 27.969 29.801 25.305 24.649 25.378 29.210 22.789 26.138 20.692 17.818 17.217 17.674 19.668 16.714 19.653 15.944 19.568 16.049 14.773 13.200 10.752
-999.250 -999.250 -999.250 -999.250 -999.250 -999.250 -999.250 -999.250 -999.250 -999.250 -999.250 -999.250 -999.250 -999.250 -999.250 -999.250 -999.250 -999.250 -999.250 -999.250 -999.250 -999.250 -999.250 -999.250 -999.250 -999.250 -999.250 -999.250 -999.250 17.043 15.015 12.763 12.589 9.636 13.089 11.847 10.105 13.390 16.884 16.729 20.836 28.474 33.084 34.366 31.725 36.613 33.308 29.717 27.900 26.757 25.662 23.103 24.070 23.370 18.671 16.379 17.501 18.706 16.664 15.861 15.131 18.885 17.494 18.548 21.571 17.473 14.965 14.156 12.725
-999.250 -999.250 -999.250 -999.250 -999.250 -999.250 -999.250 -999.250 -999.250 -999.250 -999.250 -999.250 -999.250 -999.250 -999.250 -999.250 -999.250 -999.250 -999.250 -999.250 -999.250 -999.250 -999.250 -999.250 -999.250 -999.250 -999.250 -999.250 15.563 13.342 13.203 12.289 15.914 11.545 12.623 10.631 12.494 11.474 9.700 12.235 19.708 23.913 32.017 35.065 38.991 37.926 39.146 34.813 26.659 24.555 24.544 24.332 20.320 17.662 14.400 13.752 15.815 17.470 15.845 14.375 19.292 19.330 19.972 22.195 18.899 16.510 18.651 16.546 16.693
-999.250 -999.250 -999.250 -999.250 -999.250 -999.250 -999.250 -999.250 -999.250 -999.250 -999.250 -999.250 -999.250 -999.250 -999.250 -999.250 -999.250 -999.250 -999.250 -999.250 -999.250 -999.250 -999.250 -999.250 -999.250 -999.250 -999.250 -999.250 12.084 11.437 12.672 11.474 13.848 12.645 11.105 8.967 8.921 7.650 7.755 11.770 17.446 25.772 28.559 36.155 36.190 35.785 45.466 38.443 32.738 29.114 26.191 20.020 19.084 12.180 9.130 9.553 11.418 13.546 16.115 18.835 19.922 20.177 23.230 23.676 24.208 14.535 17.912 19.112 16.756
-999.250 -999.250 -999.250 -999.250 -999.250 -999.250 -999.250 -999.250 -999.250 -999.250 -999.250 -999.250 -999.250 -999.250 -999.250 -999.250 -999.250 -999.250 -999.250 -999.250 -999.250 -999.250 -999.250 -999.250 -999.250 -999.250 -999.250 13.891 12.882 10.701 14.355 12.870 9.483 7.653 7.450 6.931 8.141 7.352 7.929 12.889 15.837 18.347 22.785 37.113 31.440 33.368 43.632 39.928 37.609 28.221 28.648 19.027 13.425 5.549 4.381 6.180 8.353 16.301 20.142 21.817 23.130 25.086 26.714 23.210 23.121 22.136 22.233 20.345 20.357
-999.250 -999.250 -999.250 -999.250 -999.250 -999.250 -999.250 -999.250 -999.250 -999.250 -999.250 -999.250 -999.250 -999.250 -999.250 -999.250 -999.250 -999.250 -999.250 -999.250 -999.250 -999.250 -999.250 -999.250 -999.250 -999.250 -999.250 16.026 15.767 11.988 14.822 10.937 10.606 8.046 7.988 6.856 7.242 9.930 7.676 9.774 15.552 19.055 21.999 27.659 30.176 38.199 34.983 33.646 30.565 29.320 23.804 17.311 10.446 5.964 0.000 4.193 9.894 17.199 22.825 26.671 27.898 30.393 27.667 27.238 22.934 21.104 21.625 22.865 19.080
-999.250 -999.250 -999.250 -999.250 -999.250 -999.250 -999.250 -999.250 -999.250 -999.250 -999.250 -999.250 -999.250 -999.250 -999.250 -999.250 -999.250 -999.250 -999.250 -999.250 -999.250 -999.250 -999.250 -999.250 -999.250 -999.250 -999.250 14.909 11.829 10.883 11.086 9.974 10.970 8.969 9.441 7.393 7.829 9.577 9.456 9.757 17.073 17.684 24.819 29.742 29.991 33.700 34.487 32.541 30.537 24.709 23.716 19.690 10.135 5.163 4.749 8.178 13.292 22.376 29.876 33.876 38.366 38.266 39.312 39.165 32.395 25.985 23.991 22.080 21.493
-999.250 -999.250 -999.250 -999.250 -999.250 -999.250 -999.250 -999.250 -999.250 -999.250 -999.250 -999.250 -999.250 -999.250 -999.250 -999.250 -999.250 -999.250 -999.250 -999.250 -999.250 -999.250 -999.250 -999.250 -999.250 -999.250 -999.250 16.314 13.795 13.198 11.915 11.500 10.185 8.510 8.995 8.916 8.967 8.915 10.431 12.642 17.927 22.166 23.597 29.573 30.210 37.629 34.334 34.642 30.322 26.764 22.083 18.152 13.317 9.107 9.233 12.506 18.732 25.833 35.109 45.767 45.934 47.221 55.233 45.030 37.905 32.362 25.682 23.217 20.913
-999.250 -999.250 -999.250 -999.250 -999.250 -999.250 -999.250 -999.250 -999.250 -999.250 -999.250 -999.250 -999.250 -999.250 -999.250 -999.250 -999.250 -999.250 -999.250 -999.250 -999.250 -999.250 -999.250 -999.250 -999.250 -999.250 -999.250 -999.250 17.405 15.471 11.330 8.418 11.570 6.795 8.305 8.174 10.557 10.494 13.180 11.356 16.760 27.419 29.035 32.180 31.634 37.225 33.864 31.239 26.845 27.616 22.290 20.700 17.436 12.392 13.256 18.089 21.892 34.556 40.417 56.442 60.888 67.224 60.182 61.170 51.989 40.517 28.616 26.372 21.342
-999.250 -999.250 -999.250 -999.250 -999.250 -999.250 -999.250 -999.250 -999.250 -999.250 -999.250 -999.250 -999.250 -999.250 -999.250 -999.250 -999.250 -999.250 -999.250 -999.250 -999.250 -999.250 -999.250 -999.250 -999.250 -999.250 -999.250 -999.250 17.563 11.466 12.730 10.441 11.784 7.999 7.981 8.766 8.835 10.880 15.261 12.607 21.357 23.628 27.077 26.624 32.457 34.574 37.276 39.845 28.310 27.608 22.531 22.491 21.543 17.179 15.138 21.909 25.348 34.042 49.089 58.609 78.844 72.394 63.411 55.097 51.188 37.854 30.907 26.702 19.546
-999.250 -999.250 -999.250 -999.250 -999.250 -999.250 -999.250 -999.250 -999.250 -999.250 -999.250 -999.250 -999.250 -999.250 -999.250 -999.250 -999.250 -999.250 -999.250 -999.250 -999.250 -999.250 -999.250 -999.250 -999.250 -999.250 -999.250 -999.250 16.420 16.855 12.970 13.147 8.555 10.870 8.150 8.163 11.294 13.974 13.084 16.735 24.813 27.509 28.461 30.075 30.841 35.374 38.103 36.345 29.503 24.978 26.640 24.371 21.867 21.616 21.067 23.313 31.274 43.564 53.591 70.427 76.087 66.931 65.178 56.227 50.973 45.829 37.076 23.871 15.980
-999.250 -999.250 -999.250 -999.250 -999.250 -999.250 -999.250 -999.250 -999.250 -999.250 -999.250 -999.250 -999.250 -999.250 -999.250 -999.250 -999.250 -999.250 -999.250 -999.250 -999.250 -999.250 -999.250 -999.250 -999.250 -999.250 -999.250 -999.250 12.275 17.007 11.518 9.843 10.933 12.192 8.767 7.673 8.804 11.747 15.204 16.611 23.507 24.498 25.259 25.072 29.555 33.835 33.475 35.490 28.426 24.083 27.025 31.476 25.892 23.976 26.076 30.053 34.308 49.946 48.374 66.324 70.937 67.783 60.772 55.338 48.995 41.899 30.230 25.680 13.289
-999.250 -999.250 -999.250 -999.250 -999.250 -999.250 -999.250 -999.250 -999.250 -999.250 -999.250 -999.250 -999.250 -999.250 -999.250 -999.250 -999.250 -999.250 -999.250 -999.250 -999.250 -999.250 -999.250 -999.250 -999.250 -999.250 -999.250 -999.250 16.248 16.183 11.961 9.470 8.410 11.484 9.711 8.022 10.233 12.104 16.057 17.833 18.989 21.682 24.600 24.739 29.754 30.330 32.266 29.081 30.108 27.455 26.234 27.109 26.534 23.351 28.314 34.583 35.877 51.339 54.161 59.661 59.181 63.949 51.998 50.428 47.410 33.965 27.903 24.249 11.607
-999.250 -999.250 -999.250 -999.250 -999.250 -999.250 -999.250 -999.250 -999.250 -999.250 -999.250 -999.250 -999.250 -999.250 -999.250 -999.250 -999.250 -999.250 -999.250 -999.250 -999.250 -999.250 -999.250 -999.250 -999.250 -999.250 -999.250 12.248 11.072 11.364 11.370 9.834 9.528 9.445 10.825 11.638 9.840 16.420 14.826 17.523 17.104 23.142 23.722 25.192 23.728 26.217 28.426 27.380 28.307 21.173 24.758 23.148 22.307 23.757 30.066 35.729 45.283 53.816 47.067 56.096 55.050 59.409 51.218 41.514 40.606 31.460 28.903 22.083 12.200
-999.250 -999.250 -999.250 -999.250 -999.250 -999.250 -999.250 -999.250 -999.250 -999.250 -999.250 -999.250 -999.250 -999.250 -999.250 -999.250 -999.250 -999.250 -999.250 -999.250 -999.250 -999.250 -999.250 -999.250 -999.250 -999.250 -999.250 11.202 12.223 13.968 16.021 12.641 7.979 8.788 12.997 12.985 11.650 16.843 15.275 14.015 14.722 21.193 17.873 24.023 23.204 25.616 23.687 22.130 23.488 18.236 20.793 19.565 21.129 23.027 26.366 36.269 40.071 41.659 52.896 55.112 55.739 47.227 44.952 37.530 34.116 28.600 24.653 18.177 9.447
-999.250 -999.250 -999.250 -999.250 -999.250 -999.250 -999.250 -999.250 -999.250 -999.250 -999.250 -999.250 -999.250 -999.250 -999.250 -999.250 -999.250 -999.250 -999.250 -999.250 -999.250 -999.250 -999.250 -999.250 -999.250 -999.250 -999.250 15.392 14.334 13.706 11.252 10.583 12.815 10.123 10.853 13.265 17.576 14.713 15.482 13.905 14.125 17.549 18.604 15.583 22.141 18.669 22.335 22.359 19.718 18.529 19.539 16.813 18.987 18.182 22.033 27.082 31.150 38.255 43.264 52.470 47.373 48.617 38.775 36.192 40.678 24.516 18.019 13.170 9.664
-999.250 -999.250 -999.250 -999.250 -999.250 -999.250 -999.250 -999.250 -999.250 -999.250 -999.250 -999.250 -999.250 -999.250 -999.250 -999.250 -999.250 -999.250 -999.250 -999.250 -999.250 -999.250 -999.250 -999.250 -999.250 -999.250 11.842 13.042 12.532 11.957 12.113 13.856 13.247 10.262 9.227 10.623 15.148 14.028 13.467 14.499 12.930 15.457 18.239 20.229 21.185 19.200 20.679 21.169 20.400 16.780 13.040 13.640 14.210 18.368 18.651 22.045 24.433 30.728 31.647 33.738 33.792 36.261 31.910 30.858 24.291 23.743 14.968 10.932 4.752
-999.250 -999.250 -999.250 -999.250 -999.250 -999.250 -999.250 -999.250 -999.250 -999.250 -999.250 -999.250 -999.250 -999.250 -999.250 -999.250 -999.250 -999.250 -999.250 -999.250 -999.250 -999.250 -999.250 -999.250 -999.250 -999.250 9.266 11.648 10.884 14.556 13.061 14.518 14.062 10.222 8.702 12.138 11.917 14.129 13.939 14.101 16.871 15.050 15.037 17.963 20.742 21.246 21.389 17.987 19.653 17.704 16.329 9.782 12.061 15.579 11.996 15.527 20.191 21.935 21.432 25.796 25.417 26.202 28.943 22.551 20.177 17.764 14.411 8.725 4.172
-999.250 -999.250 -999.250 -999.250 -999.250 -999.250 -999.250 -999.250 -999.250 -999.250 -999.250 -999.250 -999.250 -999.250 -999.250 -999.250 -999.250 -999.250 -999.250 -999.250 -999.250 -999.250 -999.250 -999.250 -999.250 -999.250 11.229 10.866 11.695 12.904 15.481 13.783 14.167 8.310 10.386 9.241 12.101 11.118 14.908 15.545 17.185 17.244 19.549 21.626 22.849 19.581 19.196 22.231 20.957 16.181 9.776 7.765 8.498 10.655 15.121 11.262 11.701 8.731 9.512 12.923 16.533 20.477 20.669 20.791 17.006 11.846 10.345 5.840 4.538
-999.250 -999.250 -999.250 -999.250 -999.250 -999.250 -999.250 -999.250 -999.250 -999.250 -999.250 -999.250 -999.250 -999.250 -999.250 -999.250 -999.250 -999.250 -999.250 -999.250 -999.250 -999.250 -999.250 -999.250 -999.250 10.000 10.963 10.226 10.036 11.750 13.746 13.575 11.117 10.405 11.085 9.674 10.273 12.850 9.813 11.256 16.137 17.204 18.834 20.896 18.049 19.626 18.394 18.961 17.057 14.534 10.618 7.025 7.677 6.309 5.744 6.569 5.694 4.118 0.000 1.993 9.283 10.181 14.242 16.233 13.944 11.692 6.771 3.206 2.731
-999.250 -999.250 -999.250 -999.250 -999.250 -999.250 -999.250 -999.250 -999.250 -999.250 -999.250 -999.250 -999.250 -999.250 -999.250 -999.250 -999.250 -999.250 -999.250 -999.250 -999.250 -999.250 -999.250 -999.250 -999.250 11.654 11.970 11.841 11.286 8.823 15.113 14.135 11.370 12.576 9.928 7.413 8.324 8.434 10.209 10.689 12.462 17.263 19.537 18.449 20.464 21.777 17.029 16.613 14.860 15.216 8.915 6.629 3.914 3.134 5.057 1.583 2.011 0.000 0.000 0.000 2.928 6.447 10.154 10.330 10.724 6.960 3.884 3.223 0.705
-999.250 -999.250 -999.250 -999.250 -999.250 -999.250 -999.250 -999.250 -999.250 -999.250 -999.250 -999.250 -999.250 -999.250 -999.250 -999.250 -999.250 -999.250 -999.250 -999.250 -999.250 -999.250 -999.250 -999.250 -999.250 12.120 11.259 9.376 9.824 11.103 11.898 13.944 12.366 12.546 7.700 7.614 8.163 9.647 11.659 10.650 14.950 14.745 14.298 17.489 16.963 18.966 16.095 11.955 10.203 8.949 8.264 4.332 4.703 1.536 2.248 0.088 0.000 0.000 0.000 0.000 0.807 3.914 7.752 7.881 6.401 4.804 1.748 2.263 1.419
