data/medianmodel_22-Dec-2020.asc
ncols	141
nrows	288
xllcorner	-120191.398
yllcorner	-301404.813
cellsize	2000.000
NODATA_value	-999.250
[rows 145 to 173 of 288, columns 0 to 63 of 141]
-999.250 -999.250 -999.250 -999.250 -999.250 -999.250 -999.250 -999.250 -999.250 -999.250 -999.250 -999.250 -999.250 -999.250 -999.250 -999.250 -999.250 198.848 195.304 196.048 218.812 232.837 266.415 303.344 365.633 408.162 473.662 532.486 551.987 553.701 549.119 540.661 513.857 465.936 422.762 378.103 349.574 325.021 323.954 334.512 350.016 362.862 339.318 287.121 258.760 224.168 211.288 202.155 195.084 196.732 182.627 201.894 218.090 219.226 234.288 227.135 230.795 236.370 257.238 262.268 291.034 371.336 457.022 535.320
-999.250 -999.250 -999.250 -999.250 -999.250 -999.250 -999.250 -999.250 -999.250 -999.250 -999.250 -999.250 -999.250 -999.250 -999.250 210.561 207.551 209.105 209.922 231.696 246.928 283.085 306.071 359.266 389.550 443.049 487.867 511.369 521.871 540.185 541.226 522.491 506.164 459.286 385.471 360.250 325.012 295.760 303.906 313.414 346.421 392.179 341.181 282.815 259.486 231.802 206.679 199.582 189.781 200.914 197.590 216.212 246.431 270.927 277.857 264.916 279.711 307.430 293.787 301.876 359.976 409.007 502.935 607.765
-999.250 -999.250 -999.250 -999.250 -999.250 -999.250 -999.250 -999.250 -999.250 -999.250 -999.250 -999.250 -999.250 -999.250 237.437 240.935 248.902 248.225 247.686 260.266 275.034 323.776 345.200 372.249 400.415 453.333 484.456 501.635 527.687 546.970 522.209 519.009 479.230 434.123 391.686 344.051 288.238 266.554 273.796 288.753 320.683 330.940 314.218 267.913 239.004 222.311 211.067 193.757 191.952 202.031 210.826 234.597 271.739 322.581 299.201 295.035 286.871 307.761 318.440 351.964 379.858 468.664 560.302 705.992
-999.250 -999.250 -999.250 -999.250 -999.250 -999.250 -999.250 -999.250 -999.250 -999.250 -999.250 -999.250 -999.250 -999.250 260.211 261.404 276.995 292.165 284.181 319.386 352.128 369.015 390.380 394.135 443.718 488.682 517.123 532.774 536.351 526.101 528.884 515.436 468.379 437.293 368.283 317.488 273.269 249.824 256.122 272.398 285.437 289.662 275.868 255.740 221.644 222.655 203.137 201.045 193.072 203.244 209.265 240.270 263.828 288.648 300.870 300.314 312.488 319.865 355.536 382.511 420.482 494.653 587.742 721.334
-999.250 -999.250 -999.250 -999.250 -999.250 -999.250 -999.250 -999.250 -999.250 -999.250 -999.250 -999.250 -999.250 267.091 266.545 280.005 297.143 309.946 334.015 348.337 370.931 393.162 408.394 464.861 467.350 516.767 539.452 552.188 572.066 553.797 537.282 524.655 467.195 419.406 365.357 312.936 279.590 250.878 253.932 262.880 275.968 268.773 258.021 246.008 225.187 218.110 205.301 206.448 200.009 211.965 221.654 241.560 256.592 279.052 300.434 306.084 318.478 322.173 356.731 384.427 439.832 536.404 622.932 739.114
-999.250 -999.250 -999.250 -999.250 -999.250 -999.250 -999.250 -999.250 -999.250 -999.250 -999.250 -999.250 277.393 274.098 285.043 306.432 332.915 355.075 360.144 370.630 402.989 430.588 477.094 492.071 526.468 525.916 548.041 577.188 575.975 562.827 545.621 505.323 486.171 425.234 380.689 340.200 290.826 258.538 254.490 249.798 259.183 263.257 253.695 249.750 233.027 235.284 211.795 207.295 201.852 215.907 220.151 241.651 259.808 278.601 289.336 290.220 309.972 310.912 350.953 380.176 443.065 517.492 603.650 735.845
-999.250 -999.250 -999.250 -999.250 -999.250 -999.250 -999.250 -999.250 -999.250 -999.250 -999.250 307.298 291.156 295.686 305.696 321.533 344.163 372.781 375.032 381.170 430.691 457.319 494.892 526.105 555.959 575.885 577.529 602.959 619.836 576.538 555.115 526.747 485.065 428.177 385.551 360.132 312.994 284.112 267.318 258.541 263.927 260.786 255.531 247.464 242.003 262.221 224.185 219.744 205.823 211.705 213.836 226.638 249.764 259.343 279.331 280.669 295.914 329.099 357.609 383.086 434.719 519.437 614.175 719.560
-999.250 -999.250 -999.250 -999.250 -999.250 -999.250 -999.250 -999.250 -999.250 -999.250 323.621 309.574 297.170 316.017 324.221 345.087 362.031 374.146 386.435 418.117 453.550 475.334 526.223 536.890 572.657 606.819 616.668 659.063 670.463 643.168 578.783 541.115 488.912 466.331 397.689 356.111 338.956 287.636 273.231 281.942 264.827 257.938 247.790 248.175 246.539 236.234 237.265 220.629 208.639 213.903 221.695 224.646 244.446 251.299 262.223 265.304 292.024 320.899 338.598 370.198 403.857 493.113 551.517 670.214
-999.250 -999.250 -999.250 -999.250 -999.250 -999.250 -999.250 -999.250 -999.250 333.113 344.119 323.401 319.544 336.797 335.548 362.869 370.719 371.382 398.676 443.058 462.801 494.266 549.870 572.701 639.441 662.924 679.760 696.505 668.124 621.233 584.586 538.619 507.727 475.808 424.650 384.546 343.696 297.426 286.566 273.685 262.031 236.303 234.013 231.318 221.358 225.298 234.017 232.712 215.067 215.024 220.797 226.785 245.493 241.153 248.946 247.094 261.476 291.870 310.263 361.047 373.875 420.903 503.201 593.417
-999.250 -999.250 -999.250 -999.250 -999.250 363.765 366.024 362.500 360.704 341.260 349.104 337.059 324.229 339.027 337.614 344.670 359.601 365.328 390.020 414.311 468.920 502.129 543.818 591.013 670.818 720.121 715.089 669.547 688.474 635.606 599.213 550.677 526.050 489.363 449.130 392.495 361.406 309.617 284.236 253.997 242.354 221.360 216.797 203.494 208.440 211.573 228.335 211.217 204.175 214.798 220.433 220.530 229.591 234.662 243.754 232.220 247.979 260.545 279.206 303.157 365.176 398.445 442.043 538.046
-999.250 -999.250 -999.250 -999.250 -999.250 -999.250 -999.250 367.089 366.109 347.134 349.909 345.103 333.607 319.030 316.963 325.681 321.306 356.587 370.774 393.610 454.994 485.183 540.918 580.083 682.805 799.843 732.598 680.639 664.271 631.459 588.026 579.357 542.331 496.162 451.179 385.021 362.563 315.157 285.208 256.090 222.067 216.183 204.331 191.333 178.085 192.120 196.017 191.509 201.243 199.363 213.377 214.832 208.778 229.037 227.718 227.598 227.387 240.236 236.873 292.128 341.755 369.976 417.504 476.220
-999.250 -999.250 -999.250 -999.250 -999.250 -999.250 -999.250 371.055 364.184 359.971 358.513 349.880 336.908 317.562 299.858 291.334 298.689 338.456 353.188 377.554 438.410 475.852 517.611 559.916 634.753 712.957 686.404 675.245 626.786 605.107 573.206 567.237 533.283 487.952 463.296 395.018 369.944 321.842 289.535 256.180 220.726 201.366 186.600 158.841 168.382 176.411 167.343 172.834 182.984 188.052 194.886 214.717 209.358 221.087 217.482 216.512 207.655 211.000 221.513 253.454 269.713 323.296 358.086 412.170
-999.250 -999.250 -999.250 -999.250 -999.250 -999.250 -999.250 399.375 385.034 379.427 372.663 362.064 339.192 296.540 293.780 280.466 277.771 302.614 311.463 344.630 383.320 446.261 492.093 549.949 590.970 629.732 632.172 629.265 603.403 591.742 561.377 556.226 518.342 496.656 477.854 433.240 377.106 337.655 296.595 247.166 219.997 185.799 157.672 152.025 138.795 144.908 155.460 166.303 180.208 177.201 184.346 204.562 219.119 214.177 200.718 197.846 200.784 199.401 212.419 230.152 242.542 260.500 292.446 354.757
-999.250 -999.250 -999.250 -999.250 -999.250 -999.250 -999.250 417.143 411.428 398.107 395.853 363.832 344.785 310.760 289.617 263.312 260.921 271.331 272.464 289.694 345.752 377.889 459.901 510.527 549.541 561.059 566.157 570.613 567.618 554.726 539.641 537.718 511.292 488.011 478.472 448.856 412.245 363.797 300.985 248.024 207.624 173.673 139.940 124.257 124.868 124.541 145.729 163.777 181.721 185.648 198.117 197.063 212.600 204.504 203.728 197.310 188.347 194.321 200.529 187.402 214.826 230.338 234.049 258.420
-999.250 -999.250 -999.250 -999.250 -999.250 -999.250 -999.250 -999.250 452.628 433.479 398.089 375.228 348.671 301.721 263.616 246.813 235.488 234.197 242.793 262.917 294.595 346.010 393.955 463.211 508.023 530.718 515.841 542.150 545.713 527.539 520.593 493.975 491.089 478.670 488.358 474.423 442.346 382.517 302.655 246.835 190.499 149.006 119.226 112.414 114.570 120.412 132.082 156.134 160.727 185.506 211.453 203.525 211.079 210.173 211.081 197.302 185.824 168.992 166.305 166.068 189.118 195.283 199.602 196.980
-999.250 -999.250 -999.250 -999.250 -999.250 -999.250 -999.250 -999.250 469.884 479.598 416.224 376.786 333.792 312.389 275.989 246.855 220.915 218.669 210.535 225.462 252.863 290.457 352.912 414.605 458.593 475.542 478.390 500.308 490.822 491.887 485.676 475.725 453.489 461.830 482.108 500.252 497.231 397.099 325.147 237.576 177.648 127.497 110.342 109.584 107.883 118.701 145.993 170.334 180.484 191.999 205.331 213.141 225.877 221.361 219.488 200.943 190.775 170.272 176.142 171.864 150.743 174.248 166.063 151.057
-999.250 -999.250 -999.250 -999.250 -999.250 -999.250 -999.250 452.646 448.573 440.826 406.082 376.647 361.813 309.401 272.947 243.229 223.851 209.830 198.540 197.520 218.981 256.282 300.796 362.079 394.139 421.722 459.830 438.692 440.449 445.886 438.721 415.474 421.487 420.526 436.479 501.883 541.614 413.723 302.612 232.926 179.237 120.917 111.264 114.833 113.565 141.414 160.494 174.422 197.672 205.318 217.907 222.837 235.586 247.359 223.863 197.974 198.097 193.693 175.225 178.810 170.150 176.847 155.221 134.346
-999.250 -999.250 -999.250 -999.250 -999.250 -999.250 -999.250 418.554 432.395 417.284 398.115 372.496 358.232 305.086 272.147 251.589 219.685 206.317 187.781 183.192 190.156 234.251 288.894 342.542 369.609 407.805 439.580 421.274 396.746 397.883 384.992 372.822 377.268 380.386 398.398 426.100 428.978 372.481 280.049 218.647 158.248 129.302 114.183 123.553 135.696 151.933 180.974 188.509 206.551 221.056 244.626 245.818 262.274 259.500 245.343 225.924 224.507 211.948 203.976 193.828 190.012 197.575 163.916 157.611
-999.250 -999.250 -999.250 -999.250 -999.250 -999.250 -999.250 408.859 407.615 396.170 381.131 361.509 341.031 317.566 279.848 263.314 238.242 225.609 224.931 210.921 220.114 252.738 303.279 354.344 374.312 383.915 382.196 383.426 369.411 376.017 338.985 334.655 339.010 338.301 344.860 360.623 350.184 305.001 248.381 204.331 166.009 137.797 135.316 140.177 158.574 177.255 194.850 214.846 229.503 251.485 257.876 273.756 267.995 294.493 279.733 272.442 263.708 268.481 264.037 228.023 223.131 227.373 210.759 194.571
-999.250 -999.250 -999.250 -999.250 -999.250 -999.250 -999.250 392.419 375.518 375.831 373.345 360.518 342.803 309.495 283.551 279.269 275.600 247.152 248.218 250.553 266.840 288.325 340.187 362.292 378.029 388.391 391.816 380.988 364.572 347.065 303.330 281.511 277.649 287.404 293.086 299.913 277.113 248.277 220.907 196.119 164.973 153.492 155.846 166.909 171.693 206.228 212.229 245.329 252.876 276.032 314.851 285.254 310.616 320.370 327.644 340.905 337.923 320.117 300.774 298.336 282.352 259.805 253.191 256.772
-999.250 -999.250 -999.250 -999.250 -999.250 -999.250 368.540 379.567 375.745 379.057 362.255 352.735 336.561 314.696 294.145 284.980 273.444 272.846 296.879 293.062 308.532 337.878 362.838 399.168 417.005 416.953 407.036 384.492 352.939 305.946 265.769 226.482 233.827 243.606 260.826 259.812 244.676 229.286 209.028 197.226 170.841 163.160 164.732 169.880 190.442 196.724 221.490 255.149 294.640 307.428 335.133 339.302 358.612 378.312 387.663 382.099 398.855 365.639 369.907 373.341 351.267 327.578 323.076 319.473
-999.250 -999.250 -999.250 -999.250 -999.250 -999.250 365.223 376.032 372.330 368.043 374.723 364.843 343.508 334.364 321.711 302.987 292.717 306.700 335.816 339.660 357.913 373.915 391.371 419.545 443.956 453.048 426.427 401.609 363.003 317.800 268.920 229.926 219.700 230.734 250.200 240.919 230.101 217.403 204.228 184.563 189.627 173.386 179.352 186.398 194.140 218.888 249.872 285.127 297.277 359.327 382.680 401.397 422.498 422.740 435.015 448.229 468.988 444.762 449.991 457.575 416.060 402.484 401.727 385.800
-999.250 -999.250 -999.250 -999.250 -999.250 355.078 364.957 367.084 372.249 372.499 367.258 369.867 356.165 341.650 326.718 321.664 317.248 335.286 343.163 363.325 392.981 445.225 446.086 466.195 478.418 458.717 457.071 444.620 369.541 313.605 280.890 239.101 224.466 230.332 224.427 232.183 227.802 213.374 203.105 190.496 187.193 190.799 192.817 198.918 221.750 251.700 254.546 303.670 361.275 384.333 432.120 451.507 474.580 487.592 503.358 516.245 541.160 527.294 538.645 537.000 519.264 506.375 471.928 461.229
-999.250 -999.250 -999.250 -999.250 -999.250 355.245 337.194 347.956 355.886 358.587 364.628 373.106 335.157 317.105 320.716 324.136 342.569 347.080 366.075 404.731 438.989 476.176 493.761 498.921 493.343 466.921 451.829 412.748 371.048 326.435 277.130 251.965 237.153 224.318 234.401 234.945 219.493 210.369 207.101 194.345 195.715 189.755 199.170 202.966 239.126 257.292 292.515 327.988 403.895 433.589 488.687 504.944 519.286 547.501 574.866 591.338 600.738 640.765 680.098 639.021 600.967 605.788 560.914 525.745
-999.250 -999.250 -999.250 -999.250 350.237 335.185 341.180 350.116 349.105 333.857 342.062 352.741 323.665 316.557 299.488 329.059 326.472 362.722 382.593 397.172 464.116 506.004 542.754 541.230 500.887 482.937 445.191 403.501 361.395 330.293 283.208 258.832 250.501 247.767 239.730 246.036 237.770 224.344 202.131 202.184 198.566 190.382 199.976 214.349 247.834 269.123 324.174 367.742 417.652 459.125 524.525 564.494 573.027 653.431 677.160 696.237 735.253 736.544 760.031 765.007 693.457 676.005 631.354 588.543
-999.250 -999.250 -999.250 -999.250 337.838 332.110 342.548 336.833 329.701 352.461 341.632 318.417 305.701 285.573 298.959 302.173 311.773 344.130 374.655 406.046 455.903 529.186 606.102 534.632 493.058 468.093 412.313 399.455 373.831 335.593 292.426 272.285 242.337 260.892 260.025 250.655 251.130 236.705 212.220 207.359 206.692 205.487 207.446 216.742 264.018 289.715 336.722 381.561 446.750 499.107 539.642 637.336 695.981 763.837 859.626 875.142 920.609 915.544 892.274 909.084 844.015 823.037 768.566 699.699
-999.250 -999.250 -999.250 -999.250 320.255 337.507 336.614 316.717 323.689 327.731 324.794 313.112 288.733 293.985 279.614 289.625 298.170 324.005 355.444 383.596 438.768 493.294 524.367 514.383 483.114 452.362 400.819 383.047 357.990 326.484 294.629 276.977 272.072 264.164 281.060 283.027 266.716 249.717 227.123 204.046 196.503 192.489 210.838 222.565 262.355 308.527 343.523 402.826 454.413 513.840 604.260 722.514 823.370 877.768 911.225 961.347 1054.697 1043.178 1063.031 996.646 971.380 880.601 856.363 807.724
-999.250 -999.250 -999.250 -999.250 330.504 330.707 335.624 333.662 328.028 308.073 307.333 308.089 297.224 285.788 270.483 271.453 280.612 292.635 334.768 370.202 391.955 428.597 458.369 469.741 446.099 399.601 392.653 373.523 340.326 314.356 297.466 283.711 272.497 279.101 289.400 319.324 286.773 257.124 228.762 210.401 196.353 194.181 197.446 219.954 263.387 300.561 360.706 392.888 491.237 575.640 659.269 772.577 890.366 1007.648 1065.684 1089.748 1153.945 1209.332 1209.087 1172.941 1132.160 990.522 968.016 901.689
-999.250 -999.250 -999.250 -999.250 322.577 333.941 333.665 331.405 327.051 313.850 294.477 292.102 277.745 271.039 261.395 263.056 262.886 271.354 297.869 321.034 354.156 381.220 388.830 402.494 402.377 378.113 359.127 351.670 340.861 294.587 282.189 272.981 275.709 281.672 287.055 291.517 273.697 248.571 235.420 209.577 199.893 197.071 201.275 215.540 272.168 311.071 375.475 434.864 510.809 579.070 693.688 828.647 936.102 1138.307 1167.637 1249.220 1307.980 1330.611 1334.630 1273.004 1228.141 1162.840 1049.586 1014.076
