data/medianmodel_03-Jan-2021.asc
ncols	141
nrows	288
xllcorner	-120191.398
yllcorner	-301404.813
cellsize	2000.000
NODATA_value	-999.250
[rows 116 to 144 of 288, columns 64 to 127 of 141]
105.467 99.988 98.521 98.994 92.368 88.153 77.844 72.736 101.668 108.411 118.695 152.803 220.020 236.566 308.440 333.557 338.773 373.604 377.998 400.382 436.455 426.232 450.427 506.225 518.814 539.584 567.864 616.385 648.696 685.719 695.267 706.525 795.324 806.530 797.278 868.060 923.411 895.619 966.793 991.955 1000.810 993.044 1004.940 931.638 910.778 795.835 790.300 767.649 731.203 -999.250 -999.250 -999.250 -999.250 -999.250 -999.250 -999.250 -999.250 -999.250 -999.250 -999.250 -999.250 -999.250 -999.250 -999.250
130.037 114.514 110.472 110.489 101.205 98.556 93.713 108.345 97.449 108.608 122.195 155.713 218.124 241.428 281.582 322.646 343.417 367.750 377.403 406.803 423.651 421.902 443.021 502.384 491.937 517.693 569.313 595.591 606.301 664.670 708.837 732.129 795.328 764.575 783.992 794.568 815.870 860.181 930.423 958.764 1009.179 953.237 973.627 954.206 874.517 793.510 743.139 762.070 690.261 -999.250 -999.250 -999.250 -999.250 -999.250 -999.250 -999.250 -999.250 -999.250 -999.250 -999.250 -999.250 -999.250 -999.250 -999.250
172.685 137.445 130.600 115.002 112.059 110.349 103.990 106.273 114.073 113.593 125.632 162.356 202.490 228.226 256.471 286.979 338.926 346.421 398.953 386.416 426.877 425.106 467.603 473.329 502.917 529.807 545.281 571.885 599.311 641.237 697.486 726.069 743.671 746.879 724.048 759.306 798.958 853.931 961.911 960.862 1011.693 940.463 874.235 869.713 764.160 749.457 762.231 698.167 691.380 663.277 -999.250 -999.250 -999.250 -999.250 -999.250 -999.250 -999.250 -999.250 -999.250 -999.250 -999.250 -999.250 -999.250 -999.250
211.726 188.900 170.049 158.716 137.298 119.186 124.860 125.149 131.725 146.998 140.713 162.775 191.323 211.063 241.295 245.065 300.938 331.769 359.506 378.382 410.319 426.828 449.261 491.530 508.057 524.242 540.588 586.950 610.976 645.562 691.112 698.890 688.849 776.201 764.787 748.702 794.880 801.062 907.156 870.124 874.335 896.861 824.447 776.628 724.885 770.072 711.469 690.892 653.024 -999.250 -999.250 -999.250 -999.250 -999.250 -999.250 -999.250 -999.250 -999.250 -999.250 -999.250 -999.250 -999.250 -999.250 -999.250
271.319 218.030 199.146 174.584 153.611 171.524 179.892 158.828 162.150 147.543 146.442 164.353 171.401 183.737 178.217 222.082 246.241 302.851 338.075 377.126 379.545 411.601 455.608 478.643 494.795 488.392 554.815 575.006 570.541 608.400 653.150 671.772 673.914 733.882 794.903 788.064 810.182 779.455 864.151 813.745 819.333 884.995 836.208 805.794 743.553 719.192 676.600 650.056 591.666 -999.250 -999.250 -999.250 -999.250 -999.250 -999.250 -999.250 -999.250 -999.250 -999.250 -999.250 -999.250 -999.250 -999.250 -999.250
295.429 260.007 231.242 190.221 192.414 192.876 220.598 196.097 168.334 166.439 149.283 128.612 132.503 150.327 146.945 188.350 228.568 272.318 321.840 353.171 380.690 411.077 464.454 459.413 475.931 496.877 544.372 571.236 587.332 632.907 661.533 674.773 736.281 738.091 736.274 745.103 803.852 785.550 833.620 809.204 795.142 824.710 790.362 814.738 743.807 690.999 676.051 656.712 581.300 -999.250 -999.250 -999.250 -999.250 -999.250 -999.250 -999.250 -999.250 -999.250 -999.250 -999.250 -999.250 -999.250 -999.250 -999.250
347.886 281.527 247.842 209.963 215.633 218.537 259.844 204.067 166.230 130.374 130.564 126.666 125.169 140.049 157.500 175.546 205.900 233.314 277.682 320.186 342.402 381.107 426.349 438.008 460.951 496.447 527.279 548.136 579.442 600.669 679.048 663.336 696.920 722.087 732.939 780.311 799.239 802.277 789.589 793.470 781.078 814.800 749.500 801.315 768.587 690.070 725.290 639.410 616.675 -999.250 -999.250 -999.250 -999.250 -999.250 -999.250 -999.250 -999.250 -999.250 -999.250 -999.250 -999.250 -999.250 -999.250 -999.250
380.252 316.790 268.241 227.449 208.431 206.414 209.911 189.332 153.843 126.893 114.400 114.304 114.388 109.782 113.119 135.917 186.331 218.827 236.890 291.797 338.257 378.837 415.322 441.922 472.623 495.380 529.461 555.254 597.772 593.283 645.367 671.256 707.783 734.184 726.956 814.370 833.023 787.120 768.134 761.655 747.084 741.479 764.950 733.157 735.389 694.814 633.124 654.532 -999.250 -999.250 -999.250 -999.250 -999.250 -999.250 -999.250 -999.250 -999.250 -999.250 -999.250 -999.250 -999.250 -999.250 -999.250 -999.250
393.707 338.982 278.931 243.154 215.709 196.797 164.381 156.478 120.853 95.037 91.629 86.909 95.233 90.982 94.744 123.360 147.966 203.113 227.573 277.574 340.472 364.831 406.884 448.340 468.305 488.425 534.190 568.929 575.782 603.079 638.044 649.516 725.643 711.974 720.779 737.732 773.636 743.181 739.951 689.267 701.352 778.858 739.572 700.769 714.024 649.270 670.169 618.414 -999.250 -999.250 -999.250 -999.250 -999.250 -999.250 -999.250 -999.250 -999.250 -999.250 -999.250 -999.250 -999.250 -999.250 -999.250 -999.250
423.482 355.561 279.041 238.784 198.150 152.883 128.291 107.700 84.128 62.609 58.924 61.838 53.998 61.758 70.013 104.663 122.276 150.717 196.361 239.822 299.753 346.532 396.283 425.835 474.862 490.071 526.666 545.985 545.135 597.926 614.856 641.406 660.900 673.891 697.036 702.921 732.122 725.351 735.061 713.785 722.811 696.938 684.237 702.077 674.740 681.829 623.303 610.048 -999.250 -999.250 -999.250 -999.250 -999.250 -999.250 -999.250 -999.250 -999.250 -999.250 -999.250 -999.250 -999.250 -999.250 -999.250 -999.250
448.152 366.819 304.816 246.712 167.778 131.183 108.413 70.342 50.853 44.229 30.877 36.285 39.258 52.501 56.479 72.646 107.226 126.313 164.722 232.676 275.469 325.002 383.898 444.701 472.219 496.107 499.168 522.329 540.114 543.829 576.467 604.697 649.084 640.551 658.426 701.042 691.996 689.706 697.533 684.936 682.030 693.538 667.345 693.502 644.831 635.524 604.653 603.175 -999.250 -999.250 -999.250 -999.250 -999.250 -999.250 -999.250 -999.250 -999.250 -999.250 -999.250 -999.250 -999.250 -999.250 -999.250 -999.250
453.728 369.194 305.947 231.286 165.394 111.315 73.683 47.232 30.645 13.924 15.626 16.841 20.660 32.326 41.425 59.819 92.234 133.536 166.630 209.825 263.246 333.716 382.491 434.706 463.849 500.969 497.961 522.919 535.597 533.183 549.148 553.722 593.392 615.783 617.833 653.442 666.344 662.702 656.879 652.426 677.894 661.035 649.493 579.127 648.871 645.229 630.865 -999.250 -999.250 -999.250 -999.250 -999.250 -999.250 -999.250 -999.250 -999.250 -999.250 -999.250 -999.250 -999.250 -999.250 -999.250 -999.250 -999.250
450.236 370.348 280.404 211.431 144.107 95.891 54.008 25.783 18.753 8.263 9.011 12.003 19.807 18.043 37.783 56.441 81.496 105.534 144.858 196.364 255.058 319.564 377.783 436.336 496.278 486.993 506.512 510.433 503.307 510.889 532.512 549.665 553.816 567.041 589.781 644.896 656.941 637.457 609.833 635.910 611.868 623.288 622.924 601.946 590.715 601.582 -999.250 -999.250 -999.250 -999.250 -999.250 -999.250 -999.250 -999.250 -999.250 -999.250 -999.250 -999.250 -999.250 -999.250 -999.250 -999.250 -999.250 -999.250
437.559 353.340 276.452 204.091 113.690 68.890 31.088 12.582 10.071 9.332 6.769 12.273 17.933 22.513 35.270 54.204 65.040 110.524 160.360 200.496 233.370 288.936 338.658 392.598 444.378 452.654 467.696 483.985 479.307 488.773 486.350 532.247 545.659 562.479 588.446 597.053 634.155 662.159 615.372 611.194 600.194 569.431 585.296 572.101 587.031 -999.250 -999.250 -999.250 -999.250 -999.250 -999.250 -999.250 -999.250 -999.250 -999.250 -999.250 -999.250 -999.250 -999.250 -999.250 -999.250 -999.250 -999.250 -999.250
419.092 330.864 274.595 175.118 106.536 56.441 20.456 12.400 13.400 15.029 14.091 20.039 23.843 42.459 45.638 57.318 70.864 95.913 116.298 183.671 223.254 285.897 334.012 380.140 413.586 433.141 430.419 447.049 449.471 459.364 480.908 494.247 531.512 534.620 546.587 594.604 583.165 598.233 594.086 622.755 598.816 578.621 586.685 584.897 570.338 -999.250 -999.250 -999.250 -999.250 -999.250 -999.250 -999.250 -999.250 -999.250 -999.250 -999.250 -999.250 -999.250 -999.250 -999.250 -999.250 -999.250 -999.250 -999.250
398.497 345.599 257.561 175.852 104.130 50.038 21.837 17.932 28.987 35.475 39.727 51.455 53.674 62.687 63.487 83.075 75.275 106.611 118.192 176.505 228.269 277.131 317.950 341.253 378.080 409.444 419.485 424.154 439.859 443.185 471.969 476.200 484.891 496.879 516.615 513.833 561.375 586.454 633.928 637.813 575.973 537.038 630.376 588.686 559.171 -999.250 -999.250 -999.250 -999.250 -999.250 -999.250 -999.250 -999.250 -999.250 -999.250 -999.250 -999.250 -999.250 -999.250 -999.250 -999.250 -999.250 -999.250 -999.250
418.702 360.235 285.542 186.231 114.230 55.925 35.355 50.661 67.027 71.820 94.529 101.560 103.332 104.428 107.402 98.839 112.834 113.437 127.756 175.697 241.277 254.434 283.437 333.588 364.098 391.088 390.350 411.779 434.214 438.117 461.759 451.712 456.353 495.805 500.396 494.013 513.385 563.503 593.059 600.885 591.750 558.415 572.951 595.492 572.215 -999.250 -999.250 -999.250 -999.250 -999.250 -999.250 -999.250 -999.250 -999.250 -999.250 -999.250 -999.250 -999.250 -999.250 -999.250 -999.250 -999.250 -999.250 -999.250
441.940 401.802 356.580 269.084 160.348 68.512 99.999 109.626 128.117 142.240 181.972 146.273 127.390 138.579 130.438 130.012 126.682 126.727 153.225 198.880 231.440 265.406 290.074 337.284 338.573 371.172 385.734 402.575 428.573 410.854 404.522 453.865 475.632 474.112 478.045 487.385 513.852 536.368 532.473 532.475 528.565 569.310 564.419 549.531 -999.250 -999.250 -999.250 -999.250 -999.250 -999.250 -999.250 -999.250 -999.250 -999.250 -999.250 -999.250 -999.250 -999.250 -999.250 -999.250 -999.250 -999.250 -999.250 -999.250
502.061 469.248 436.554 364.480 275.185 245.984 225.450 226.190 243.874 249.366 260.448 245.795 219.592 212.583 202.860 180.452 180.750 198.500 220.436 241.882 245.568 280.701 327.140 330.652 325.360 359.866 370.082 399.429 408.282 386.173 393.388 415.203 467.279 485.967 447.959 463.362 493.170 515.190 524.353 577.149 554.526 557.173 549.121 548.932 -999.250 -999.250 -999.250 -999.250 -999.250 -999.250 -999.250 -999.250 -999.250 -999.250 -999.250 -999.250 -999.250 -999.250 -999.250 -999.250 -999.250 -999.250 -999.250 -999.250
593.095 604.361 578.130 521.413 460.712 413.164 374.401 373.547 363.803 375.719 372.883 362.804 312.975 290.952 273.587 243.583 237.276 267.859 276.355 291.627 312.551 337.833 345.117 336.862 354.960 366.566 362.262 378.414 387.076 378.087 395.715 401.086 443.823 456.417 459.183 482.838 500.900 515.784 508.218 542.077 569.876 585.900 550.025 580.802 -999.250 -999.250 -999.250 -999.250 -999.250 -999.250 -999.250 -999.250 -999.250 -999.250 -999.250 -999.250 -999.250 -999.250 -999.250 -999.250 -999.250 -999.250 -999.250 -999.250
716.642 726.448 715.824 695.201 672.677 577.015 565.006 530.687 514.102 486.684 488.298 464.273 457.012 413.092 389.535 349.873 335.955 355.855 345.932 354.248 355.493 366.338 377.556 387.307 367.365 362.787 371.109 386.982 363.158 380.822 409.756 427.511 442.645 470.657 468.096 497.122 496.788 509.048 531.501 537.382 559.327 568.946 547.916 555.370 -999.250 -999.250 -999.250 -999.250 -999.250 -999.250 -999.250 -999.250 -999.250 -999.250 -999.250 -999.250 -999.250 -999.250 -999.250 -999.250 -999.250 -999.250 -999.250 -999.250
845.424 913.941 931.713 918.433 844.248 795.536 749.690 713.746 701.663 657.103 631.986 587.772 571.776 543.098 506.120 499.442 468.635 483.937 451.462 433.181 408.847 421.225 423.137 405.388 382.942 357.381 383.519 375.577 380.556 390.585 407.766 423.136 451.818 466.447 464.311 442.806 488.190 505.207 524.534 516.338 544.091 536.375 541.296 -999.250 -999.250 -999.250 -999.250 -999.250 -999.250 -999.250 -999.250 -999.250 -999.250 -999.250 -999.250 -999.250 -999.250 -999.250 -999.250 -999.250 -999.250 -999.250 -999.250 -999.250
1004.941 1078.981 1109.132 1113.043 1035.176 994.507 955.792 933.900 856.996 798.534 834.573 741.160 707.947 707.068 674.032 652.539 643.574 611.383 592.588 521.042 509.777 497.602 -999.250 -999.250 -999.250 -999.250 363.973 354.242 380.338 403.516 414.637 -999.250 -999.250 -999.250 -999.250 -999.250 -999.250 -999.250 -999.250 -999.250 -999.250 -999.250 -999.250 -999.250 -999.250 -999.250 -999.250 -999.250 -999.250 -999.250 -999.250 -999.250 -999.250 -999.250 -999.250 -999.250 -999.250 -999.250 -999.250 -999.250 -999.250 -999.250 -999.250 -999.250
1194.938 1318.553 1342.493 1430.881 1315.030 1158.204 1132.921 1080.109 1022.628 981.415 972.992 963.059 898.675 911.898 892.570 800.537 799.864 770.015 727.294 651.269 607.889 558.774 -999.250 -999.250 -999.250 -999.250 -999.250 -999.250 -999.250 -999.250 -999.250 -999.250 -999.250 -999.250 -999.250 -999.250 -999.250 -999.250 -999.250 -999.250 -999.250 -999.250 -999.250 -999.250 -999.250 -999.250 -999.250 -999.250 -999.250 -999.250 -999.250 -999.250 -999.250 -999.250 -999.250 -999.250 -999.250 -999.250 -999.250 -999.250 -999.250 -999.250 -999.250 -999.250
1436.262 1550.568 1643.963 1571.986 1585.681 1364.641 1309.951 1389.361 1268.434 1221.506 1103.829 1122.601 1041.656 1048.942 1061.094 987.117 945.717 944.928 892.380 838.455 730.170 678.718 -999.250 -999.250 -999.250 -999.250 -999.250 -999.250 -999.250 -999.250 -999.250 -999.250 -999.250 -999.250 -999.250 -999.250 -999.250 -999.250 -999.250 -999.250 -999.250 -999.250 -999.250 -999.250 -999.250 -999.250 -999.250 -999.250 -999.250 -999.250 -999.250 -999.250 -999.250 -999.250 -999.250 -999.250 -999.250 -999.250 -999.250 -999.250 -999.250 -999.250 -999.250 -999.250
1649.533 1650.636 1719.214 1622.369 1645.452 1561.413 1479.038 1470.135 1421.531 1466.220 1450.413 1300.888 1321.801 1369.994 1294.290 1181.707 1213.970 1121.060 1113.301 933.587 797.076 725.154 578.205 -999.250 -999.250 -999.250 -999.250 -999.250 -999.250 -999.250 -999.250 -999.250 -999.250 -999.250 -999.250 -999.250 -999.250 -999.250 -999.250 -999.250 -999.250 -999.250 -999.250 -999.250 -999.250 -999.250 -999.250 -999.250 -999.250 -999.250 -999.250 -999.250 -999.250 -999.250 -999.250 -999.250 -999.250 -999.250 -999.250 -999.250 -999.250 -999.250 -999.250 -999.250
1946.705 1850.035 1712.291 1691.541 1641.369 1568.348 1567.922 1592.758 1580.959 1686.432 1616.795 1490.174 1522.902 1496.281 1507.788 1476.213 1484.932 1357.833 1305.694 1026.454 898.317 758.774 642.985 498.913 -999.250 -999.250 -999.250 -999.250 -999.250 -999.250 -999.250 -999.250 -999.250 -999.250 -999.250 -999.250 -999.250 -999.250 -999.250 -999.250 -999.250 -999.250 -999.250 -999.250 -999.250 -999.250 -999.250 -999.250 -999.250 -999.250 -999.250 -999.250 -999.250 -999.250 -999.250 -999.250 -999.250 -999.250 -999.250 -999.250 -999.250 -999.250 -999.250 -999.250
1711.612 1875.912 1731.892 1714.831 1730.359 1660.311 1649.221 1656.766 1635.776 1613.296 1643.622 1725.160 1738.429 1611.714 1581.705 1593.260 1620.425 1579.344 1459.105 1182.931 1034.489 838.373 679.435 513.209 413.320 -999.250 -999.250 -999.250 -999.250 -999.250 -999.250 -999.250 -999.250 -999.250 -999.250 -999.250 -999.250 -999.250 -999.250 -999.250 -999.250 -999.250 -999.250 -999.250 -999.250 -999.250 -999.250 -999.250 -999.250 -999.250 -999.250 -999.250 -999.250 -999.250 -999.250 -999.250 -999.250 -999.250 -999.250 -999.250 -999.250 -999.250 -999.250 -999.250
1539.211 1629.826 1612.239 1638.940 1638.700 1603.360 1609.357 1655.335 1682.639 1665.973 1716.684 1733.584 1722.748 1751.782 1758.842 1799.881 1813.031 1751.977 1634.967 1321.910 1088.807 916.522 693.455 519.707 378.708 -999.250 -999.250 -999.250 -999.250 -999.250 -999.250 -999.250 -999.250 -999.250 -999.250 -999.250 -999.250 -999.250 -999.250 -999.250 -999.250 -999.250 -999.250 -999.250 -999.250 -999.250 -999.250 -999.250 -999.250 -999.250 -999.250 -999.250 -999.250 -999.250 -999.250 -999.250 -999.250 -999.250 -999.250 -999.250 -999.250 -999.250 -999.250 -999.250
