data/medianmodel_01-Apr-2020.asc
ncols	141
nrows	288
xllcorner	-120191.398
yllcorner	-301404.813
cellsize	2000.000
NODATA_value	-999.250
[rows 120 to 149 of 288, columns 0 to 67 of 141]
-999.250 -999.250 -999.250 -999.250 -999.250 -999.250 -999.250 -999.250 -999.250 -999.250 -999.250 -999.250 -999.250 -999.250 -999.250 -999.250 -999.250 -999.250 -999.250 -999.250 -999.250 -999.250 -999.250 -999.250 -999.250 -999.250 19.673 27.112 23.398 32.633 27.518 25.415 24.060 25.334 26.506 28.530 33.649 40.431 44.044 49.899 44.280 45.610 46.018 46.591 37.355 20.313 19.751 16.410 20.624 25.264 28.912 32.832 32.101 35.578 28.770 22.550 24.504 32.128 41.253 49.992 44.199 55.406 53.847 43.531 39.015 32.063 34.809 19.722
-999.250 -999.250 -999.250 -999.250 -999.250 -999.250 -999.250 -999.250 -999.250 -999.250 -999.250 -999.250 -999.250 -999.250 -999.250 -999.250 -999.250 -999.250 -999.250 -999.250 -999.250 -999.250 -999.250 -999.250 -999.250 23.042 24.156 29.703 32.125 38.043 35.149 24.693 30.441 23.688 26.992 38.137 37.589 40.800 52.559 54.785 54.192 45.636 49.861 44.300 36.836 33.151 23.135 17.245 24.775 35.969 43.282 40.496 44.785 45.429 42.449 33.802 34.078 48.294 58.651 52.078 50.675 47.146 44.437 37.105 36.693 28.863 22.854 21.023
-999.250 -999.250 -999.250 -999.250 -999.250 -999.250 -999.250 -999.250 -999.250 -999.250 -999.250 -999.250 -999.250 -999.250 -999.250 -999.250 -999.250 -999.250 -999.250 -999.250 -999.250 -999.250 -999.250 -999.250 -999.250 25.517 25.101 25.060 25.866 39.748 29.712 33.382 29.846 28.996 31.107 42.188 46.348 51.227 58.878 62.948 63.020 58.794 55.802 53.468 50.165 52.231 41.864 24.919 39.208 52.223 63.204 57.479 55.066 60.538 56.540 53.836 47.253 48.264 51.559 51.255 46.250 38.072 35.240 26.586 29.100 22.784 20.192 14.366
-999.250 -999.250 -999.250 -999.250 -999.250 -999.250 -999.250 -999.250 -999.250 -999.250 -999.250 -999.250 -999.250 -999.250 -999.250 -999.250 -999.250 -999.250 -999.250 -999.250 -999.250 -999.250 -999.250 -999.250 -999.250 26.904 23.144 28.831 33.917 37.072 34.811 30.138 28.470 30.995 36.112 36.801 54.050 58.816 77.729 70.630 64.404 70.216 70.868 71.518 78.111 77.920 70.018 72.831 78.674 97.842 96.186 102.862 90.887 82.594 78.357 61.114 56.305 56.714 53.290 54.421 40.182 28.766 30.716 24.725 19.440 15.785 15.134 13.000
-999.250 -999.250 -999.250 -999.250 -999.250 -999.250 -999.250 -999.250 -999.250 -999.250 -999.250 -999.250 -999.250 -999.250 -999.250 -999.250 -999.250 -999.250 -999.250 -999.250 -999.250 -999.250 -999.250 -999.250 21.224 30.071 23.737 27.393 24.418 34.934 34.415 26.299 31.049 35.574 40.463 43.546 50.872 62.849 68.915 84.682 93.235 82.393 106.316 106.409 130.100 115.297 122.261 121.196 135.338 145.966 121.751 130.662 122.204 111.020 97.922 82.192 66.057 63.897 51.526 41.565 29.419 26.533 20.390 18.321 15.042 13.683 13.817 10.954
-999.250 -999.250 -999.250 -999.250 -999.250 -999.250 -999.250 -999.250 -999.250 -999.250 -999.250 -999.250 -999.250 -999.250 -999.250 -999.250 -999.250 -999.250 -999.250 -999.250 -999.250 -999.250 -999.250 -999.250 23.415 24.964 23.708 28.732 30.275 32.427 37.345 31.464 30.735 34.285 45.504 46.703 52.904 61.904 66.588 82.710 93.749 117.272 135.870 143.749 161.765 164.595 209.685 207.795 219.802 199.914 203.938 166.108 152.210 115.960 107.759 93.274 77.035 69.411 51.094 40.876 30.544 24.010 17.340 15.348 11.275 7.858 10.307 9.703
-999.250 -999.250 -999.250 -999.250 -999.250 -999.250 -999.250 -999.250 -999.250 -999.250 -999.250 -999.250 -999.250 -999.250 -999.250 -999.250 -999.250 -999.250 -999.250 -999.250 -999.250 -999.250 -999.250 17.803 21.170 27.389 26.403 27.551 29.063 29.059 29.840 33.981 34.611 36.285 37.625 49.496 56.742 71.685 76.458 102.099 111.553 140.177 174.917 203.656 221.644 247.990 257.071 292.276 311.133 282.403 254.529 232.208 172.103 134.401 122.964 93.983 72.167 64.771 51.325 40.296 32.653 23.596 14.370 8.960 7.778 5.551 8.696 7.973
-999.250 -999.250 -999.250 -999.250 -999.250 -999.250 -999.250 -999.250 -999.250 -999.250 -999.250 -999.250 -999.250 -999.250 -999.250 -999.250 -999.250 -999.250 -999.250 -999.250 -999.250 -999.250 -999.250 16.588 20.403 21.474 25.426 25.431 24.513 24.077 28.801 33.070 32.517 29.847 40.501 52.201 65.354 75.199 80.719 105.341 122.352 141.452 202.897 230.010 269.779 289.043 319.969 399.747 381.030 350.966 291.314 263.359 204.864 146.441 112.820 97.115 86.840 60.036 45.476 35.951 30.790 20.688 14.498 8.067 5.781 3.437 6.289 6.513
-999.250 -999.250 -999.250 -999.250 -999.250 -999.250 -999.250 -999.250 -999.250 -999.250 -999.250 -999.250 -999.250 -999.250 -999.250 -999.250 -999.250 -999.250 -999.250 -999.250 -999.250 -999.250 -999.250 16.668 19.347 20.698 23.647 21.645 23.113 22.351 23.522 25.031 27.128 31.858 45.085 49.992 60.954 76.088 95.277 113.313 128.075 163.362 228.994 257.572 281.382 299.541 383.462 430.927 454.752 391.022 325.552 273.807 220.816 163.929 106.224 92.763 68.517 51.087 37.643 32.293 23.213 17.443 6.860 5.142 4.931 3.924 4.206 8.566
-999.250 -999.250 -999.250 -999.250 -999.250 -999.250 -999.250 -999.250 -999.250 -999.250 -999.250 -999.250 -999.250 -999.250 -999.250 -999.250 -999.250 -999.250 -999.250 -999.250 -999.250 -999.250 15.704 16.758 20.027 19.809 20.098 22.251 23.054 22.064 20.432 21.843 22.354 29.181 41.077 51.392 52.287 68.801 96.049 115.614 131.625 183.345 218.368 258.468 275.569 314.479 388.401 393.635 400.447 388.564 323.286 265.595 202.480 141.733 97.125 80.232 69.882 45.748 42.098 26.742 21.160 12.457 6.420 5.010 0.785 3.442 3.523 7.799
-999.250 -999.250 -999.250 -999.250 -999.250 -999.250 -999.250 -999.250 -999.250 -999.250 -999.250 -999.250 -999.250 -999.250 -999.250 -999.250 -999.250 -999.250 -999.250 -999.250 -999.250 -999.250 14.739 18.790 21.237 19.763 20.461 23.670 21.626 22.050 20.066 22.184 23.851 26.425 30.198 48.994 62.893 66.817 83.361 104.567 151.495 163.464 228.269 251.544 279.593 313.542 360.724 373.361 377.543 297.253 278.053 239.276 187.071 122.041 85.350 69.160 53.037 43.342 27.934 22.211 19.119 10.534 7.264 2.534 0.333 2.155 3.149 7.347
-999.250 -999.250 -999.250 -999.250 -999.250 -999.250 -999.250 -999.250 -999.250 -999.250 -999.250 -999.250 -999.250 -999.250 -999.250 -999.250 -999.250 -999.250 -999.250 -999.250 -999.250 13.062 16.644 15.464 18.178 19.290 20.540 20.115 17.632 19.210 20.756 20.848 21.071 24.106 29.638 46.730 52.111 71.338 79.484 99.162 131.559 133.548 147.681 241.273 275.203 294.238 342.548 338.287 309.091 269.042 236.650 190.460 149.670 99.771 72.189 49.102 38.936 27.658 22.092 17.487 16.568 10.035 6.287 0.110 2.242 1.346 3.119 6.670
-999.250 -999.250 -999.250 -999.250 -999.250 -999.250 -999.250 -999.250 -999.250 -999.250 -999.250 -999.250 -999.250 -999.250 -999.250 -999.250 -999.250 -999.250 -999.250 -999.250 -999.250 10.896 13.088 14.952 15.183 16.814 18.472 17.851 17.737 21.115 18.479 20.626 19.727 22.987 29.346 38.707 49.242 55.766 58.141 96.599 106.299 128.597 163.920 225.546 238.423 263.360 274.760 295.521 268.055 233.339 185.415 127.444 93.673 60.513 51.451 29.346 27.854 21.048 15.365 12.949 11.402 3.254 5.707 0.990 1.138 0.197 4.794 5.568
-999.250 -999.250 -999.250 -999.250 -999.250 -999.250 -999.250 -999.250 -999.250 -999.250 -999.250 -999.250 -999.250 -999.250 -999.250 -999.250 -999.250 -999.250 -999.250 -999.250 -999.250 9.753 12.421 15.220 15.387 16.899 17.179 16.581 18.271 16.393 16.862 20.018 22.629 20.453 26.320 28.071 42.435 49.685 60.637 72.717 99.274 115.942 149.670 205.845 201.095 209.992 249.374 217.268 214.032 148.676 108.780 67.796 49.858 34.483 22.194 15.502 16.408 15.876 10.944 10.502 7.673 5.568 3.060 2.973 0.086 2.621 4.852 7.973
-999.250 -999.250 -999.250 -999.250 -999.250 -999.250 -999.250 -999.250 -999.250 -999.250 -999.250 -999.250 -999.250 -999.250 -999.250 -999.250 -999.250 -999.250 -999.250 -999.250 10.745 11.977 13.828 13.809 11.958 12.360 12.130 16.717 21.166 19.734 19.765 18.319 19.854 19.061 26.744 25.856 34.168 45.389 53.086 63.202 80.818 91.319 121.465 146.358 140.621 151.073 172.774 146.697 128.967 103.503 75.543 40.430 0.000 6.885 7.732 9.151 10.463 7.665 9.355 7.632 4.185 1.563 2.568 2.722 2.226 2.743 5.626 7.528
-999.250 -999.250 -999.250 -999.250 -999.250 -999.250 -999.250 -999.250 -999.250 -999.250 -999.250 -999.250 -999.250 -999.250 -999.250 -999.250 -999.250 -999.250 -999.250 -999.250 9.541 11.728 13.796 15.835 12.519 11.931 17.003 18.207 17.265 18.855 19.551 18.411 19.208 19.240 20.115 23.356 26.071 28.962 39.708 44.527 55.724 58.822 91.672 100.506 117.541 118.642 117.660 104.210 102.838 73.553 45.996 20.750 0.000 0.000 0.000 0.000 4.077 2.886 4.928 5.228 5.602 0.263 1.424 0.000 3.722 5.034 6.731 8.607
-999.250 -999.250 -999.250 -999.250 -999.250 -999.250 -999.250 -999.250 -999.250 -999.250 -999.250 -999.250 -999.250 -999.250 -999.250 -999.250 -999.250 -999.250 -999.250 -999.250 7.458 9.236 12.233 14.324 13.729 13.366 15.692 18.524 18.435 19.759 19.478 19.326 18.798 16.240 16.680 15.999 17.527 20.321 27.530 29.490 36.388 46.939 57.471 73.154 76.312 89.352 86.988 84.257 59.127 45.787 24.945 15.072 0.000 0.000 0.000 0.000 0.000 0.000 0.114 2.686 1.650 0.000 0.000 3.848 4.311 7.126 7.120 10.832
-999.250 -999.250 -999.250 -999.250 -999.250 -999.250 -999.250 -999.250 -999.250 -999.250 -999.250 -999.250 -999.250 -999.250 -999.250 -999.250 -999.250 -999.250 -999.250 -999.250 7.531 9.626 9.930 13.965 13.417 14.323 14.372 16.194 19.860 20.573 25.058 20.060 17.313 14.978 15.849 13.727 11.450 13.154 16.799 16.909 15.893 34.800 44.405 54.058 58.770 54.994 55.568 54.472 47.265 29.989 19.747 7.861 0.000 0.000 0.000 0.000 0.000 0.000 0.000 0.000 0.000 0.000 1.187 2.913 3.651 8.050 9.549 12.508
-999.250 -999.250 -999.250 -999.250 -999.250 -999.250 -999.250 -999.250 -999.250 -999.250 -999.250 -999.250 -999.250 -999.250 -999.250 -999.250 -999.250 -999.250 -999.250 5.032 4.084 7.520 9.473 12.763 15.568 15.311 15.285 17.175 19.855 18.477 20.039 17.661 15.035 13.961 11.261 9.800 9.501 8.512 9.094 8.285 11.046 23.476 28.381 42.576 44.926 44.544 41.347 38.105 29.095 23.665 14.246 11.336 1.439 0.000 0.000 0.000 0.000 0.000 0.000 0.000 0.000 0.000 1.564 3.061 7.319 7.617 9.037 11.257
-999.250 -999.250 -999.250 -999.250 -999.250 -999.250 -999.250 -999.250 -999.250 -999.250 -999.250 -999.250 -999.250 -999.250 -999.250 -999.250 -999.250 -999.250 -999.250 2.406 3.176 5.866 9.896 11.252 12.927 15.016 13.758 14.067 16.481 16.127 13.452 13.131 13.081 13.394 10.953 8.364 5.356 5.361 4.042 5.596 9.699 15.321 18.134 23.197 31.603 30.867 29.819 28.523 21.372 20.122 10.054 5.930 0.472 0.000 0.000 0.000 0.000 0.000 0.000 0.000 0.000 0.000 1.536 2.292 4.882 8.322 10.326 12.438
-999.250 -999.250 -999.250 -999.250 -999.250 -999.250 -999.250 -999.250 -999.250 -999.250 -999.250 -999.250 -999.250 -999.250 -999.250 -999.250 -999.250 -999.250 -999.250 1.656 0.000 5.959 7.422 8.420 12.642 10.905 11.133 12.598 14.114 13.373 8.593 10.442 11.084 14.631 8.321 7.407 5.603 4.854 4.830 2.591 4.855 10.945 15.914 23.873 21.522 22.709 18.942 25.377 18.608 15.493 9.751 5.184 1.274 0.000 0.000 0.000 0.000 0.000 0.000 0.000 0.000 0.270 0.000 2.694 6.505 6.307 9.323 11.326
-999.250 -999.250 -999.250 -999.250 -999.250 -999.250 -999.250 -999.250 -999.250 -999.250 -999.250 -999.250 -999.250 -999.250 -999.250 -999.250 -999.250 -999.250 -999.250 4.648 2.010 3.499 8.256 9.613 11.201 11.372 11.140 13.815 14.069 15.656 12.883 11.482 11.242 10.724 11.172 9.487 6.157 2.093 2.026 1.976 1.693 9.042 9.429 12.264 14.227 14.356 15.389 19.780 16.327 10.142 8.507 4.715 1.225 0.000 0.000 0.000 0.000 0.000 0.000 0.000 0.000 0.499 2.284 2.105 2.589 5.671 6.739 9.892
-999.250 -999.250 -999.250 -999.250 -999.250 -999.250 -999.250 -999.250 -999.250 -999.250 -999.250 -999.250 -999.250 -999.250 -999.250 -999.250 -999.250 -999.250 -999.250 5.558 4.741 4.052 9.040 9.506 12.449 13.116 11.538 11.987 13.291 14.307 12.260 11.290 12.453 12.793 9.752 6.563 5.175 4.237 3.656 0.209 3.740 4.638 7.527 6.514 11.661 11.865 10.791 12.970 10.686 10.095 6.313 0.615 1.147 0.000 0.000 0.000 0.000 0.000 0.000 0.000 0.000 0.587 3.323 3.893 0.000 2.887 6.713 6.660
-999.250 -999.250 -999.250 -999.250 -999.250 -999.250 -999.250 -999.250 -999.250 -999.250 -999.250 -999.250 -999.250 -999.250 -999.250 -999.250 -999.250 -999.250 8.650 8.346 4.513 7.712 10.910 7.469 11.609 12.144 12.931 13.193 13.258 11.967 12.810 11.099 14.625 12.883 13.092 8.959 6.181 5.832 3.307 5.730 5.416 7.195 6.756 2.668 5.336 6.285 6.985 9.468 7.872 5.882 6.379 1.314 0.000 0.000 0.000 0.000 0.000 0.239 0.979 0.000 2.711 2.607 4.950 5.553 3.846 5.591 6.210 9.999
-999.250 -999.250 -999.250 -999.250 -999.250 -999.250 -999.250 -999.250 -999.250 -999.250 -999.250 -999.250 -999.250 -999.250 -999.250 -999.250 -999.250 9.575 7.592 10.487 9.576 9.893 9.566 9.141 8.606 10.902 9.780 12.204 12.041 11.386 13.980 11.124 13.411 15.465 13.089 12.067 7.817 7.274 4.673 7.168 8.973 8.438 6.072 4.916 3.832 6.657 7.300 7.753 5.914 5.451 2.856 3.991 0.435 2.658 2.053 1.141 3.498 4.691 1.966 0.000 3.529 5.421 7.691 8.244 10.024 10.776 9.227 9.697
-999.250 -999.250 -999.250 -999.250 -999.250 -999.250 -999.250 -999.250 -999.250 -999.250 -999.250 -999.250 -999.250 -999.250 -999.250 -999.250 -999.250 10.533 9.202 9.424 10.488 10.335 7.463 9.551 11.232 10.044 12.646 12.202 14.387 14.942 14.895 13.606 12.219 12.260 12.342 12.204 13.007 10.982 8.913 9.143 10.922 12.398 10.042 8.640 5.314 6.519 6.746 7.194 5.060 7.373 6.795 3.409 2.523 1.058 1.300 3.732 5.522 7.640 5.894 5.604 7.556 8.753 9.065 8.658 11.407 11.746 9.595 8.813
-999.250 -999.250 -999.250 -999.250 -999.250 -999.250 -999.250 -999.250 -999.250 -999.250 -999.250 -999.250 -999.250 -999.250 -999.250 11.961 11.429 10.460 11.264 11.202 10.690 9.099 10.287 10.602 12.372 11.581 12.774 13.138 13.139 17.012 15.008 15.968 16.180 15.421 13.480 15.443 13.828 13.132 11.930 12.853 13.154 11.450 10.565 6.639 6.145 4.354 7.103 6.492 8.586 8.551 6.825 3.201 0.728 0.264 3.321 8.141 8.659 8.540 10.586 9.600 10.615 10.883 10.053 12.088 10.651 9.417 8.508 8.269
-999.250 -999.250 -999.250 -999.250 -999.250 -999.250 -999.250 -999.250 -999.250 -999.250 -999.250 -999.250 -999.250 -999.250 13.626 13.323 14.546 12.897 13.277 10.512 12.367 11.096 14.048 12.237 10.041 13.052 14.517 14.440 15.571 15.529 18.222 17.018 18.435 17.371 16.309 15.439 15.120 15.855 15.617 14.078 13.343 13.386 9.665 5.813 3.588 2.257 7.559 10.829 13.048 10.140 9.275 6.949 1.261 0.000 4.934 8.146 10.093 10.804 11.722 11.245 10.817 11.814 8.918 10.155 9.060 9.619 8.948 8.194
-999.250 -999.250 -999.250 -999.250 -999.250 -999.250 -999.250 -999.250 -999.250 -999.250 -999.250 -999.250 -999.250 -999.250 13.428 13.273 12.777 13.918 12.984 12.394 10.694 11.722 11.012 10.735 10.664 13.702 11.372 15.448 17.925 16.586 17.787 21.199 18.980 18.299 18.407 16.050 14.597 15.614 15.147 14.289 14.893 11.548 9.495 5.749 0.493 0.000 7.169 13.403 14.440 14.642 11.037 8.950 5.502 2.266 7.876 9.032 11.454 12.733 11.990 12.113 12.208 9.319 8.164 10.142 10.335 9.765 8.863 7.315
-999.250 -999.250 -999.250 -999.250 -999.250 -999.250 -999.250 -999.250 -999.250 -999.250 -999.250 -999.250 -999.250 14.785 12.793 13.136 12.315 11.438 12.099 12.615 9.803 11.872 12.416 12.995 10.650 12.518 14.021 15.114 15.244 15.627 15.715 20.180 21.881 21.414 20.053 18.515 17.252 16.224 18.892 18.240 14.589 11.677 12.060 8.438 0.002 2.155 8.974 13.286 14.166 12.329 12.334 9.779 9.880 6.819 7.965 8.901 11.997 11.272 13.809 11.617 11.007 11.639 8.925 9.586 8.880 6.842 7.014 6.371
