data/medianmodel_26-Apr-2020.asc
ncols	141
nrows	288
xllcorner	-120191.398
yllcorner	-301404.813
cellsize	2000.000
NODATA_value	-999.250
[rows 90 to 119 of 288, columns 0 to 67 of 141]
-999.250 -999.250 -999.250 -999.250 -999.250 -999.250 -999.250 -999.250 -999.250 -999.250 -999.250 -999.250 -999.250 -999.250 -999.250 -999.250 -999.250 -999.250 -999.250 -999.250 -999.250 -999.250 -999.250 -999.250 -999.250 -999.250 -999.250 -999.250 -999.250 -999.250 -999.250 -999.250 21.869 19.017 19.288 17.011 17.590 23.749 36.259 39.080 44.022 49.012 51.412 52.225 61.951 66.934 63.239 61.505 46.025 49.828 45.013 41.900 42.891 35.197 32.416 29.886 28.716 22.111 19.682 22.942 21.657 21.674 22.764 19.022 18.843 21.933 18.518 16.142
-999.250 -999.250 -999.250 -999.250 -999.250 -999.250 -999.250 -999.250 -999.250 -999.250 -999.250 -999.250 -999.250 -999.250 -999.250 -999.250 -999.250 -999.250 -999.250 -999.250 -999.250 -999.250 -999.250 -999.250 -999.250 -999.250 -999.250 -999.250 -999.250 -999.250 -999.250 -999.250 17.544 18.363 17.744 19.651 17.507 21.299 33.411 36.663 43.064 54.655 56.529 57.761 64.174 72.130 70.407 66.093 62.059 47.080 47.508 44.691 41.677 37.470 34.198 33.498 29.963 28.657 25.821 29.908 23.001 24.245 26.998 24.544 23.319 27.002 23.426 20.185
-999.250 -999.250 -999.250 -999.250 -999.250 -999.250 -999.250 -999.250 -999.250 -999.250 -999.250 -999.250 -999.250 -999.250 -999.250 -999.250 -999.250 -999.250 -999.250 -999.250 -999.250 -999.250 -999.250 -999.250 -999.250 -999.250 -999.250 -999.250 -999.250 -999.250 -999.250 20.273 16.729 16.025 16.902 17.676 18.884 22.270 31.905 41.116 44.826 53.201 54.752 60.293 65.564 67.742 71.499 81.674 69.692 51.817 50.861 45.376 43.929 39.671 38.436 35.483 28.705 30.373 27.629 29.696 28.295 28.206 33.420 30.908 30.758 32.848 31.797 26.008
-999.250 -999.250 -999.250 -999.250 -999.250 -999.250 -999.250 -999.250 -999.250 -999.250 -999.250 -999.250 -999.250 -999.250 -999.250 -999.250 -999.250 -999.250 -999.250 -999.250 -999.250 -999.250 -999.250 -999.250 -999.250 -999.250 -999.250 -999.250 -999.250 -999.250 -999.250 21.140 19.114 19.464 17.111 17.960 18.645 22.384 29.306 38.212 42.210 47.446 52.376 53.433 64.529 69.194 84.379 77.918 59.579 59.048 53.005 47.277 48.329 41.057 36.644 39.537 37.725 32.769 33.266 30.292 33.262 33.036 36.067 43.985 36.416 38.567 39.713 33.296
-999.250 -999.250 -999.250 -999.250 -999.250 -999.250 -999.250 -999.250 -999.250 -999.250 -999.250 -999.250 -999.250 -999.250 -999.250 -999.250 -999.250 -999.250 -999.250 -999.250 -999.250 -999.250 -999.250 -999.250 -999.250 -999.250 -999.250 -999.250 -999.250 -999.250 -999.250 16.488 17.500 17.114 17.149 17.883 16.795 20.712 27.509 36.044 38.671 44.230 47.283 46.943 52.092 67.104 67.825 69.642 72.841 58.507 52.244 44.619 42.553 45.911 38.957 38.680 38.548 38.425 35.990 34.910 36.887 41.556 46.247 47.336 48.862 49.081 48.454 43.145
-999.250 -999.250 -999.250 -999.250 -999.250 -999.250 -999.250 -999.250 -999.250 -999.250 -999.250 -999.250 -999.250 -999.250 -999.250 -999.250 -999.250 -999.250 -999.250 -999.250 -999.250 -999.250 -999.250 -999.250 -999.250 -999.250 -999.250 -999.250 -999.250 -999.250 -999.250 14.241 16.443 16.717 16.903 17.714 17.538 21.687 24.127 35.154 35.218 40.467 40.074 44.026 51.117 52.897 50.640 47.111 49.413 47.575 54.306 54.252 46.600 44.543 37.498 38.419 38.889 39.589 41.627 41.877 44.746 50.858 60.835 65.944 72.157 64.789 59.389 60.524
-999.250 -999.250 -999.250 -999.250 -999.250 -999.250 -999.250 -999.250 -999.250 -999.250 -999.250 -999.250 -999.250 -999.250 -999.250 -999.250 -999.250 -999.250 -999.250 -999.250 -999.250 -999.250 -999.250 -999.250 -999.250 -999.250 -999.250 -999.250 -999.250 -999.250 15.242 15.142 17.064 16.121 16.756 16.448 17.037 23.877 26.867 32.342 36.650 37.697 45.238 45.175 46.524 35.620 37.767 35.811 39.360 45.710 46.941 50.110 46.689 45.791 40.812 40.225 37.519 38.874 40.833 47.838 52.347 57.272 70.128 78.898 85.096 82.180 75.836 65.908
-999.250 -999.250 -999.250 -999.250 -999.250 -999.250 -999.250 -999.250 -999.250 -999.250 -999.250 -999.250 -999.250 -999.250 -999.250 -999.250 -999.250 -999.250 -999.250 -999.250 -999.250 -999.250 -999.250 -999.250 -999.250 -999.250 -999.250 -999.250 -999.250 -999.250 13.940 14.269 12.300 14.044 12.436 13.236 15.911 18.318 25.492 30.479 38.193 39.306 37.441 37.882 41.124 27.278 20.086 28.422 38.007 37.750 41.498 40.060 42.352 41.133 42.499 42.610 38.049 40.519 45.401 51.453 61.224 70.990 87.347 104.426 106.670 98.952 88.011 72.611
-999.250 -999.250 -999.250 -999.250 -999.250 -999.250 -999.250 -999.250 -999.250 -999.250 -999.250 -999.250 -999.250 -999.250 -999.250 -999.250 -999.250 -999.250 -999.250 -999.250 -999.250 -999.250 -999.250 -999.250 -999.250 -999.250 -999.250 -999.250 -999.250 -999.250 12.438 11.511 9.784 11.520 11.084 12.671 16.753 19.802 26.583 34.156 37.396 40.610 41.716 37.290 35.973 27.657 23.338 22.105 33.827 39.427 40.036 43.657 42.622 47.657 42.905 39.884 40.265 45.439 47.855 58.069 64.838 79.623 104.416 123.589 131.949 115.249 96.794 100.459
-999.250 -999.250 -999.250 -999.250 -999.250 -999.250 -999.250 -999.250 -999.250 -999.250 -999.250 -999.250 -999.250 -999.250 -999.250 -999.250 -999.250 -999.250 -999.250 -999.250 -999.250 -999.250 -999.250 -999.250 -999.250 -999.250 -999.250 -999.250 -999.250 -999.250 12.257 11.306 9.493 9.616 11.278 15.602 17.021 22.113 27.402 40.239 48.556 43.295 40.821 44.856 41.058 35.108 32.598 29.016 35.441 39.784 42.232 44.624 40.316 41.737 42.156 38.790 38.907 43.772 46.756 53.650 65.067 79.430 94.870 114.526 126.075 117.097 111.070 101.761
-999.250 -999.250 -999.250 -999.250 -999.250 -999.250 -999.250 -999.250 -999.250 -999.250 -999.250 -999.250 -999.250 -999.250 -999.250 -999.250 -999.250 -999.250 -999.250 -999.250 -999.250 -999.250 -999.250 -999.250 -999.250 -999.250 -999.250 -999.250 -999.250 13.456 13.923 11.718 11.924 9.443 11.955 13.085 16.620 23.224 32.629 37.038 45.543 47.154 47.318 48.183 47.583 43.320 36.207 34.756 36.521 39.410 38.685 36.421 39.720 34.361 36.692 35.904 39.660 42.171 50.253 59.766 70.265 76.708 97.929 106.088 108.445 108.139 99.626 86.040
-999.250 -999.250 -999.250 -999.250 -999.250 -999.250 -999.250 -999.250 -999.250 -999.250 -999.250 -999.250 -999.250 -999.250 -999.250 -999.250 -999.250 -999.250 -999.250 -999.250 -999.250 -999.250 -999.250 -999.250 -999.250 -999.250 -999.250 -999.250 -999.250 15.451 12.859 12.610 10.168 11.770 10.344 13.731 15.680 23.972 33.068 37.948 39.339 44.950 54.969 58.257 53.372 48.655 43.169 40.955 42.298 47.100 40.021 42.359 41.427 36.003 36.877 33.434 32.558 43.982 48.503 56.462 62.463 72.540 83.125 93.625 90.870 97.413 85.303 86.683
-999.250 -999.250 -999.250 -999.250 -999.250 -999.250 -999.250 -999.250 -999.250 -999.250 -999.250 -999.250 -999.250 -999.250 -999.250 -999.250 -999.250 -999.250 -999.250 -999.250 -999.250 -999.250 -999.250 -999.250 -999.250 -999.250 -999.250 -999.250 -999.250 13.558 12.017 10.771 10.070 9.097 9.393 12.411 16.763 23.930 31.878 36.294 40.247 51.137 56.257 64.637 61.239 58.453 59.096 51.737 51.086 44.355 42.691 40.357 39.332 36.512 32.358 29.812 36.473 38.448 41.929 52.595 55.403 69.444 76.539 81.405 91.069 88.905 79.817 72.245
-999.250 -999.250 -999.250 -999.250 -999.250 -999.250 -999.250 -999.250 -999.250 -999.250 -999.250 -999.250 -999.250 -999.250 -999.250 -999.250 -999.250 -999.250 -999.250 -999.250 -999.250 -999.250 -999.250 -999.250 -999.250 -999.250 -999.250 -999.250 -999.250 14.593 13.688 11.519 10.303 8.125 8.208 12.002 17.505 25.833 30.297 36.981 49.857 53.260 57.248 67.881 74.408 73.164 72.557 74.425 77.577 60.265 47.644 39.833 32.893 34.471 30.332 25.871 32.736 36.838 39.012 45.229 53.002 62.236 64.152 75.990 78.612 76.399 64.014 59.884
-999.250 -999.250 -999.250 -999.250 -999.250 -999.250 -999.250 -999.250 -999.250 -999.250 -999.250 -999.250 -999.250 -999.250 -999.250 -999.250 -999.250 -999.250 -999.250 -999.250 -999.250 -999.250 -999.250 -999.250 -999.250 -999.250 -999.250 -999.250 17.504 14.219 13.461 11.409 13.261 10.047 8.639 8.814 13.468 17.349 26.139 40.023 52.182 57.469 66.560 73.686 88.485 86.415 92.883 93.591 79.844 67.324 50.752 41.398 34.686 25.631 24.535 23.117 26.341 30.013 39.778 39.309 43.715 49.188 61.402 67.568 66.811 63.542 50.571 48.252
-999.250 -999.250 -999.250 -999.250 -999.250 -999.250 -999.250 -999.250 -999.250 -999.250 -999.250 -999.250 -999.250 -999.250 -999.250 -999.250 -999.250 -999.250 -999.250 -999.250 -999.250 -999.250 -999.250 -999.250 -999.250 -999.250 -999.250 -999.250 16.206 14.202 12.339 11.791 12.300 11.702 9.194 10.410 12.839 15.143 20.664 40.335 48.495 61.216 76.386 92.507 102.691 103.967 114.038 104.202 87.461 71.299 57.282 41.820 30.457 24.640 19.657 20.344 23.839 24.262 29.223 34.868 36.345 43.265 52.560 55.091 55.576 56.418 55.463 47.763
-999.250 -999.250 -999.250 -999.250 -999.250 -999.250 -999.250 -999.250 -999.250 -999.250 -999.250 -999.250 -999.250 -999.250 -999.250 -999.250 -999.250 -999.250 -999.250 -999.250 -999.250 -999.250 -999.250 -999.250 -999.250 -999.250 -999.250 18.457 17.700 13.661 15.684 11.681 13.630 10.259 11.063 10.890 12.202 13.795 15.858 38.032 53.282 67.644 89.298 105.302 104.317 109.407 114.019 110.049 92.873 71.617 47.908 41.504 31.999 22.424 16.539 16.928 17.553 19.076 21.111 32.385 37.850 39.355 43.468 45.124 46.676 44.538 45.665 39.390
-999.250 -999.250 -999.250 -999.250 -999.250 -999.250 -999.250 -999.250 -999.250 -999.250 -999.250 -999.250 -999.250 -999.250 -999.250 -999.250 -999.250 -999.250 -999.250 -999.250 -999.250 -999.250 -999.250 -999.250 -999.250 -999.250 -999.250 17.429 14.926 15.665 13.375 14.284 14.530 12.489 11.773 11.397 12.377 14.916 21.951 41.909 51.301 71.936 96.929 105.566 107.025 113.189 118.537 105.461 87.486 73.187 52.126 41.616 32.673 19.814 14.411 14.075 16.050 16.884 19.210 20.936 27.797 32.983 33.781 36.317 40.376 42.008 37.897 39.713
-999.250 -999.250 -999.250 -999.250 -999.250 -999.250 -999.250 -999.250 -999.250 -999.250 -999.250 -999.250 -999.250 -999.250 -999.250 -999.250 -999.250 -999.250 -999.250 -999.250 -999.250 -999.250 -999.250 -999.250 -999.250 -999.250 -999.250 15.447 17.733 16.515 16.490 15.430 14.660 14.684 12.808 17.084 17.770 20.888 32.056 47.202 61.250 73.506 97.220 105.620 120.383 128.490 121.856 110.967 88.308 76.267 58.347 50.367 35.958 24.036 16.258 14.328 15.125 17.890 22.333 21.597 24.565 29.575 28.172 32.534 35.787 36.189 33.855 31.887
-999.250 -999.250 -999.250 -999.250 -999.250 -999.250 -999.250 -999.250 -999.250 -999.250 -999.250 -999.250 -999.250 -999.250 -999.250 -999.250 -999.250 -999.250 -999.250 -999.250 -999.250 -999.250 -999.250 -999.250 -999.250 -999.250 -999.250 16.345 17.676 16.290 17.022 15.598 16.497 16.388 17.481 17.549 21.780 26.012 40.917 48.165 73.232 77.063 90.543 129.318 134.666 128.819 119.761 108.024 99.188 80.945 54.134 49.715 37.699 29.704 20.646 16.541 15.631 17.455 19.859 18.499 25.797 27.198 26.620 31.311 28.696 25.447 23.473 27.598
-999.250 -999.250 -999.250 -999.250 -999.250 -999.250 -999.250 -999.250 -999.250 -999.250 -999.250 -999.250 -999.250 -999.250 -999.250 -999.250 -999.250 -999.250 -999.250 -999.250 -999.250 -999.250 -999.250 -999.250 -999.250 -999.250 -999.250 -999.250 15.772 15.366 16.914 15.403 14.376 14.016 17.184 21.386 22.150 32.884 41.292 57.963 69.610 91.534 113.904 131.578 143.761 136.894 119.406 116.407 101.604 85.949 65.048 47.776 38.883 25.994 24.543 18.662 17.655 16.964 24.087 21.938 22.280 23.651 29.856 26.961 24.605 23.564 19.959 20.926
-999.250 -999.250 -999.250 -999.250 -999.250 -999.250 -999.250 -999.250 -999.250 -999.250 -999.250 -999.250 -999.250 -999.250 -999.250 -999.250 -999.250 -999.250 -999.250 -999.250 -999.250 -999.250 -999.250 -999.250 -999.250 -999.250 -999.250 -999.250 14.055 16.252 16.808 13.942 13.611 14.642 14.935 17.357 22.060 33.788 41.108 59.429 83.387 101.622 120.744 140.068 156.761 148.524 147.740 121.364 94.489 79.719 64.712 48.243 40.522 30.030 20.988 19.092 17.874 19.152 20.659 20.977 26.281 24.288 19.936 19.696 19.701 20.334 19.806 16.568
-999.250 -999.250 -999.250 -999.250 -999.250 -999.250 -999.250 -999.250 -999.250 -999.250 -999.250 -999.250 -999.250 -999.250 -999.250 -999.250 -999.250 -999.250 -999.250 -999.250 -999.250 -999.250 -999.250 -999.250 -999.250 -999.250 -999.250 -999.250 11.790 14.694 14.531 13.970 15.097 13.550 16.769 17.703 22.872 31.987 41.968 49.176 84.246 102.164 123.477 138.911 166.349 150.417 133.647 117.311 102.981 80.106 66.438 48.504 40.601 32.033 22.316 23.313 22.925 22.787 23.043 24.472 21.581 22.535 20.367 19.575 20.722 20.355 17.594 15.296
-999.250 -999.250 -999.250 -999.250 -999.250 -999.250 -999.250 -999.250 -999.250 -999.250 -999.250 -999.250 -999.250 -999.250 -999.250 -999.250 -999.250 -999.250 -999.250 -999.250 -999.250 -999.250 -999.250 -999.250 -999.250 -999.250 -999.250 -999.250 11.313 13.883 14.168 12.819 17.357 14.066 18.822 20.733 26.079 30.986 38.648 48.684 72.774 96.418 113.535 128.875 165.892 169.176 143.353 115.331 96.697 76.517 57.168 47.214 34.721 29.266 23.457 22.942 25.848 26.836 23.332 25.267 22.418 20.993 19.467 18.374 19.070 18.933 15.219 14.670
-999.250 -999.250 -999.250 -999.250 -999.250 -999.250 -999.250 -999.250 -999.250 -999.250 -999.250 -999.250 -999.250 -999.250 -999.250 -999.250 -999.250 -999.250 -999.250 -999.250 -999.250 -999.250 -999.250 -999.250 -999.250 -999.250 -999.250 -999.250 10.753 12.072 14.810 14.913 14.819 16.545 17.382 17.326 23.953 25.553 31.813 36.972 57.184 83.071 109.586 121.678 126.362 137.354 123.978 95.280 72.788 59.285 49.271 39.025 33.543 28.078 26.736 25.460 32.618 29.872 24.006 24.839 22.683 19.761 17.339 19.589 20.448 16.835 13.729 13.581
-999.250 -999.250 -999.250 -999.250 -999.250 -999.250 -999.250 -999.250 -999.250 -999.250 -999.250 -999.250 -999.250 -999.250 -999.250 -999.250 -999.250 -999.250 -999.250 -999.250 -999.250 -999.250 -999.250 -999.250 -999.250 -999.250 -999.250 11.727 11.026 12.746 12.505 14.414 15.763 14.633 17.456 16.889 17.389 20.096 22.148 23.364 45.955 61.356 84.180 101.155 131.702 118.602 100.636 74.739 54.441 40.587 35.701 31.374 26.895 23.523 24.310 29.295 30.744 34.894 30.964 26.389 19.898 20.330 18.069 16.781 13.366 13.035 12.843 12.491
-999.250 -999.250 -999.250 -999.250 -999.250 -999.250 -999.250 -999.250 -999.250 -999.250 -999.250 -999.250 -999.250 -999.250 -999.250 -999.250 -999.250 -999.250 -999.250 -999.250 -999.250 -999.250 -999.250 -999.250 -999.250 -999.250 -999.250 10.549 12.690 13.534 11.497 10.844 15.866 15.743 16.804 16.904 18.467 16.916 16.117 24.130 39.162 48.801 64.352 77.133 96.715 95.206 85.228 51.841 36.295 19.410 16.792 18.887 18.553 20.996 25.970 30.320 33.120 36.399 30.265 23.583 20.734 18.030 17.923 14.949 13.475 13.673 13.461 12.756
-999.250 -999.250 -999.250 -999.250 -999.250 -999.250 -999.250 -999.250 -999.250 -999.250 -999.250 -999.250 -999.250 -999.250 -999.250 -999.250 -999.250 -999.250 -999.250 -999.250 -999.250 -999.250 -999.250 -999.250 -999.250 -999.250 -999.250 11.599 12.768 11.648 11.060 12.779 13.672 16.038 17.381 15.074 16.054 15.204 19.167 24.409 30.831 45.602 57.174 57.566 69.225 58.130 54.358 39.406 18.321 0.000 4.302 10.632 14.841 17.078 20.271 29.402 28.431 38.255 32.510 25.726 21.930 18.722 18.914 14.261 14.706 14.313 13.826 11.515
-999.250 -999.250 -999.250 -999.250 -999.250 -999.250 -999.250 -999.250 -999.250 -999.250 -999.250 -999.250 -999.250 -999.250 -999.250 -999.250 -999.250 -999.250 -999.250 -999.250 -999.250 -999.250 -999.250 -999.250 -999.250 -999.250 13.692 13.754 11.437 12.385 11.159 11.382 10.897 13.877 14.327 13.445 14.046 17.033 18.179 19.269 23.279 36.049 43.094 49.103 49.897 46.463 41.903 27.532 13.896 0.960 0.662 4.825 11.165 14.620 17.320 29.808 29.552 32.838 32.274 22.398 22.422 19.422 17.180 15.707 14.766 11.443 10.669 9.362
-999.250 -999.250 -999.250 -999.250 -999.250 -999.250 -999.250 -999.250 -999.250 -999.250 -999.250 -999.250 -999.250 -999.250 -999.250 -999.250 -999.250 -999.250 -999.250 -999.250 -999.250 -999.250 -999.250 -999.250 -999.250 -999.250 13.299 11.633 12.617 12.824 11.846 10.265 12.129 13.128 13.787 13.900 14.203 15.383 17.174 19.930 25.554 31.637 42.323 39.182 38.297 34.056 32.742 18.743 12.783 3.445 2.591 3.690 9.277 16.011 18.548 22.638 27.744 27.151 30.107 24.499 21.936 18.293 18.538 13.553 14.401 11.766 11.756 10.877
