data/medianmodel_13-Jul-2020.asc
ncols	141
nrows	288
xllcorner	-120191.398
yllcorner	-301404.813
cellsize	2000.000
NODATA_value	-999.250
[rows 93 to 123 of 288, columns 70 to 139 of 141]
0.000 0.000 0.000 0.000 0.000 0.000 0.000 0.000 0.000 0.000 0.000 0.000 0.000 0.000 0.000 0.000 0.000 3.262 5.400 8.814 13.591 17.782 21.012 25.202 32.615 34.153 37.848 36.546 40.602 39.032 32.835 27.495 25.090 16.994 9.649 9.149 6.418 3.227 0.312 0.973 0.653 1.061 1.230 3.614 -999.250 -999.250 -999.250 -999.250 -999.250 -999.250 -999.250 -999.250 -999.250 -999.250 -999.250 -999.250 -999.250 -999.250 -999.250 -999.250 -999.250 -999.250 -999.250 -999.250 -999.250 -999.250 -999.250 -999.250 -999.250 -999.250
0.000 0.000 0.000 0.000 0.000 0.107 0.652 0.372 3.274 1.070 1.177 0.000 0.000 0.000 0.000 0.000 0.000 0.000 4.927 6.534 13.038 15.278 16.856 22.003 20.274 24.653 33.317 27.829 33.304 29.230 28.066 19.670 18.152 16.992 9.242 5.101 4.925 3.631 0.608 0.056 0.000 0.475 2.929 4.722 -999.250 -999.250 -999.250 -999.250 -999.250 -999.250 -999.250 -999.250 -999.250 -999.250 -999.250 -999.250 -999.250 -999.250 -999.250 -999.250 -999.250 -999.250 -999.250 -999.250 -999.250 -999.250 -999.250 -999.250 -999.250 -999.250
0.000 0.000 0.000 0.000 0.000 0.090 1.241 3.563 4.545 4.627 3.263 0.000 0.000 0.000 0.000 0.000 0.000 1.529 3.065 5.806 9.519 11.801 13.060 16.006 19.638 29.042 29.060 25.269 24.208 27.886 22.576 18.620 17.726 12.967 8.468 5.086 3.071 3.599 2.643 2.216 0.000 1.611 1.045 2.072 -999.250 -999.250 -999.250 -999.250 -999.250 -999.250 -999.250 -999.250 -999.250 -999.250 -999.250 -999.250 -999.250 -999.250 -999.250 -999.250 -999.250 -999.250 -999.250 -999.250 -999.250 -999.250 -999.250 -999.250 -999.250 -999.250
0.000 0.000 0.000 0.000 0.000 0.288 2.001 4.111 6.453 8.995 3.553 0.152 0.000 0.000 0.000 0.000 0.000 0.000 0.576 4.847 7.744 11.296 14.528 17.265 16.752 19.075 25.898 25.159 18.967 18.993 16.794 15.216 13.214 10.022 5.400 2.993 0.606 2.505 1.778 0.369 0.000 0.800 0.616 1.902 3.555 -999.250 -999.250 -999.250 -999.250 -999.250 -999.250 -999.250 -999.250 -999.250 -999.250 -999.250 -999.250 -999.250 -999.250 -999.250 -999.250 -999.250 -999.250 -999.250 -999.250 -999.250 -999.250 -999.250 -999.250 -999.250
0.000 0.000 0.000 0.000 0.000 0.923 3.323 4.721 6.432 5.894 4.673 1.063 0.000 0.000 0.000 0.000 0.000 0.000 0.986 3.918 6.657 7.974 11.540 16.830 13.024 15.839 17.138 15.844 14.198 14.157 13.525 9.443 7.117 6.723 3.915 1.779 0.363 1.199 0.000 0.000 0.000 0.695 3.079 2.972 4.472 6.085 -999.250 -999.250 -999.250 -999.250 -999.250 -999.250 -999.250 -999.250 -999.250 -999.250 -999.250 -999.250 -999.250 -999.250 -999.250 -999.250 -999.250 -999.250 -999.250 -999.250 -999.250 -999.250 -999.250 -999.250
0.000 0.000 0.000 0.000 0.000 0.000 1.172 4.642 5.512 3.821 2.476 0.000 0.000 0.000 0.000 0.000 0.000 0.000 0.000 0.482 3.804 7.772 9.092 15.630 14.040 14.268 12.271 10.666 9.718 8.979 8.677 6.980 4.469 2.470 0.000 0.000 0.000 0.000 0.000 0.000 0.000 1.128 1.680 4.749 4.783 5.539 4.449 -999.250 -999.250 -999.250 -999.250 -999.250 -999.250 -999.250 -999.250 -999.250 -999.250 -999.250 -999.250 -999.250 -999.250 -999.250 -999.250 -999.250 -999.250 -999.250 -999.250 -999.250 -999.250 -999.250
0.000 0.000 0.000 0.000 0.000 0.384 1.304 2.840 3.973 3.202 2.765 0.048 0.000 0.000 0.000 0.000 0.000 0.000 0.000 0.000 0.055 3.425 5.912 10.293 9.594 10.031 10.235 7.881 7.046 6.361 4.520 4.582 1.877 0.000 0.000 0.000 0.000 0.000 0.000 0.000 0.000 0.917 0.749 2.544 3.085 5.324 -999.250 -999.250 -999.250 -999.250 -999.250 -999.250 -999.250 -999.250 -999.250 -999.250 -999.250 -999.250 -999.250 -999.250 -999.250 -999.250 -999.250 -999.250 -999.250 -999.250 -999.250 -999.250 -999.250 -999.250
0.000 0.000 0.000 0.000 0.000 0.000 1.739 2.782 2.383 0.175 2.226 0.000 0.000 0.000 0.000 0.000 0.000 0.000 0.000 0.000 0.000 1.477 3.891 5.210 6.128 7.251 6.628 5.267 5.568 5.093 0.175 1.162 0.000 0.000 0.000 0.000 0.000 0.000 0.000 0.000 0.857 3.495 2.851 2.745 4.942 4.267 1.833 -999.250 -999.250 -999.250 -999.250 -999.250 -999.250 -999.250 -999.250 -999.250 -999.250 -999.250 -999.250 -999.250 -999.250 -999.250 -999.250 -999.250 -999.250 -999.250 -999.250 -999.250 -999.250 -999.250
0.000 0.000 0.000 0.000 0.000 0.000 0.655 0.305 0.849 1.932 1.525 0.000 0.000 0.000 0.000 0.000 0.000 0.000 0.000 0.000 0.000 0.204 3.639 4.798 4.791 5.061 6.692 2.896 2.382 2.031 0.411 0.000 0.000 0.000 0.000 0.000 0.000 0.000 0.000 0.940 0.840 4.439 3.997 4.895 5.808 -999.250 -999.250 -999.250 -999.250 -999.250 -999.250 -999.250 -999.250 -999.250 -999.250 -999.250 -999.250 -999.250 -999.250 -999.250 -999.250 -999.250 -999.250 -999.250 -999.250 -999.250 -999.250 -999.250 -999.250 -999.250
0.000 0.000 0.000 0.000 0.000 0.000 0.374 1.456 0.411 0.252 1.170 0.000 0.000 0.000 0.000 0.000 0.000 0.732 0.211 0.000 0.103 0.000 1.014 2.038 2.602 4.298 3.146 2.017 0.299 0.000 0.000 0.000 0.000 0.000 0.000 0.000 0.000 0.000 0.000 2.021 2.893 3.763 4.816 6.862 -999.250 -999.250 -999.250 -999.250 -999.250 -999.250 -999.250 -999.250 -999.250 -999.250 -999.250 -999.250 -999.250 -999.250 -999.250 -999.250 -999.250 -999.250 -999.250 -999.250 -999.250 -999.250 -999.250 -999.250 -999.250 -999.250
0.000 0.000 0.000 0.000 0.000 0.000 0.000 0.990 0.000 0.000 0.457 0.000 0.000 0.000 0.000 0.000 1.776 4.275 1.998 0.355 0.373 0.048 0.445 1.905 1.911 2.215 2.263 0.432 0.000 0.000 0.000 0.000 0.000 0.000 0.000 0.000 0.000 0.000 0.000 3.212 3.895 5.315 6.808 6.933 -999.250 -999.250 -999.250 -999.250 -999.250 -999.250 -999.250 -999.250 -999.250 -999.250 -999.250 -999.250 -999.250 -999.250 -999.250 -999.250 -999.250 -999.250 -999.250 -999.250 -999.250 -999.250 -999.250 -999.250 -999.250 -999.250
0.000 0.000 0.000 0.000 0.000 0.000 0.000 0.000 1.015 0.400 0.221 0.036 2.004 0.933 0.134 0.810 0.377 0.776 0.698 0.597 1.442 1.772 1.575 2.020 2.508 1.204 2.217 0.000 0.000 0.000 0.000 0.000 0.000 0.000 0.000 0.000 0.000 0.000 0.686 3.299 4.431 4.765 7.542 -999.250 -999.250 -999.250 -999.250 -999.250 -999.250 -999.250 -999.250 -999.250 -999.250 -999.250 -999.250 -999.250 -999.250 -999.250 -999.250 -999.250 -999.250 -999.250 -999.250 -999.250 -999.250 -999.250 -999.250 -999.250 -999.250 -999.250
0.000 0.000 0.000 0.000 0.000 0.000 0.000 0.000 0.000 0.000 0.225 0.684 1.417 1.421 0.872 0.982 0.276 0.371 0.764 0.429 1.611 0.875 0.676 1.095 3.638 1.637 0.847 0.000 0.000 0.000 0.000 0.000 0.000 0.000 0.000 0.000 0.000 0.143 1.889 -999.250 -999.250 -999.250 -999.250 -999.250 -999.250 -999.250 -999.250 -999.250 -999.250 -999.250 -999.250 -999.250 -999.250 -999.250 -999.250 -999.250 -999.250 -999.250 -999.250 -999.250 -999.250 -999.250 -999.250 -999.250 -999.250 -999.250 -999.250 -999.250 -999.250 -999.250
0.000 0.000 0.000 0.000 0.000 0.000 0.000 0.000 0.000 0.000 2.012 1.557 1.799 3.544 3.463 2.391 1.755 3.119 2.511 1.405 2.375 3.214 2.173 1.921 2.689 1.666 0.022 0.000 0.000 0.000 0.000 0.000 0.000 0.000 0.000 0.000 0.000 -999.250 -999.250 -999.250 -999.250 -999.250 -999.250 -999.250 -999.250 -999.250 -999.250 -999.250 -999.250 -999.250 -999.250 -999.250 -999.250 -999.250 -999.250 -999.250 -999.250 -999.250 -999.250 -999.250 -999.250 -999.250 -999.250 -999.250 -999.250 -999.250 -999.250 -999.250 -999.250 -999.250
0.000 0.000 0.000 0.000 0.000 0.000 0.000 0.000 0.241 0.365 3.095 3.121 2.646 5.690 5.116 4.634 4.177 3.279 2.216 1.747 2.652 3.436 3.388 4.176 1.294 1.204 1.006 0.000 0.000 0.000 0.000 0.000 0.000 0.000 0.000 0.000 0.000 -999.250 -999.250 -999.250 -999.250 -999.250 -999.250 -999.250 -999.250 -999.250 -999.250 -999.250 -999.250 -999.250 -999.250 -999.250 -999.250 -999.250 -999.250 -999.250 -999.250 -999.250 -999.250 -999.250 -999.250 -999.250 -999.250 -999.250 -999.250 -999.250 -999.250 -999.250 -999.250 -999.250
0.000 0.000 0.000 0.000 0.000 0.000 0.000 0.000 1.083 2.202 2.228 3.368 3.767 5.500 5.343 5.251 5.109 5.266 5.601 5.373 4.210 3.635 3.959 3.469 3.399 3.355 1.820 0.000 0.000 0.000 0.000 0.000 0.000 0.000 0.000 0.000 0.000 -999.250 -999.250 -999.250 -999.250 -999.250 -999.250 -999.250 -999.250 -999.250 -999.250 -999.250 -999.250 -999.250 -999.250 -999.250 -999.250 -999.250 -999.250 -999.250 -999.250 -999.250 -999.250 -999.250 -999.250 -999.250 -999.250 -999.250 -999.250 -999.250 -999.250 -999.250 -999.250 -999.250
0.000 0.000 0.000 0.000 0.000 0.000 0.000 0.000 1.656 1.765 4.192 4.115 5.726 5.002 6.477 5.499 8.064 8.453 7.544 5.570 6.059 6.449 5.163 3.886 3.867 3.809 2.032 0.869 0.000 0.000 0.000 0.000 0.000 0.000 0.000 0.000 0.000 -999.250 -999.250 -999.250 -999.250 -999.250 -999.250 -999.250 -999.250 -999.250 -999.250 -999.250 -999.250 -999.250 -999.250 -999.250 -999.250 -999.250 -999.250 -999.250 -999.250 -999.250 -999.250 -999.250 -999.250 -999.250 -999.250 -999.250 -999.250 -999.250 -999.250 -999.250 -999.250 -999.250
0.000 0.000 0.000 0.000 0.000 0.000 0.000 0.000 0.196 0.266 0.992 4.877 4.243 7.192 6.478 7.076 10.050 15.097 8.397 6.684 5.003 5.729 5.770 3.189 2.965 1.718 2.057 1.179 0.000 0.000 0.000 0.000 0.000 0.000 0.000 0.000 0.000 -999.250 -999.250 -999.250 -999.250 -999.250 -999.250 -999.250 -999.250 -999.250 -999.250 -999.250 -999.250 -999.250 -999.250 -999.250 -999.250 -999.250 -999.250 -999.250 -999.250 -999.250 -999.250 -999.250 -999.250 -999.250 -999.250 -999.250 -999.250 -999.250 -999.250 -999.250 -999.250 -999.250
0.000 0.000 0.000 0.000 0.000 0.000 0.000 0.077 1.987 2.557 4.099 4.938 5.403 7.315 6.489 6.602 10.048 10.429 7.785 5.657 6.530 6.194 3.766 3.853 2.248 2.872 0.083 0.828 0.000 0.000 0.000 0.000 0.000 0.000 0.000 0.000 2.830 -999.250 -999.250 -999.250 -999.250 -999.250 -999.250 -999.250 -999.250 -999.250 -999.250 -999.250 -999.250 -999.250 -999.250 -999.250 -999.250 -999.250 -999.250 -999.250 -999.250 -999.250 -999.250 -999.250 -999.250 -999.250 -999.250 -999.250 -999.250 -999.250 -999.250 -999.250 -999.250 -999.250
0.000 0.000 0.000 0.000 0.000 0.000 0.831 1.694 3.458 2.149 4.659 5.291 5.372 4.851 5.556 8.337 8.403 9.205 6.603 4.992 5.940 5.932 5.413 3.370 3.575 2.930 2.028 2.441 2.428 2.371 1.738 0.529 0.000 0.000 0.000 0.144 1.836 2.358 4.813 -999.250 -999.250 -999.250 -999.250 -999.250 -999.250 -999.250 -999.250 -999.250 -999.250 -999.250 -999.250 -999.250 -999.250 -999.250 -999.250 -999.250 -999.250 -999.250 -999.250 -999.250 -999.250 -999.250 -999.250 -999.250 -999.250 -999.250 -999.250 -999.250 -999.250 -999.250
0.000 0.000 0.000 0.000 0.411 3.185 3.464 2.870 3.918 4.272 4.498 4.678 5.964 4.787 7.348 8.731 7.737 7.435 5.680 6.389 5.756 7.230 5.686 4.303 3.820 3.557 3.303 3.189 3.658 4.950 4.522 4.226 2.658 4.120 3.311 3.162 1.688 4.187 7.296 5.637 5.699 -999.250 -999.250 -999.250 -999.250 -999.250 -999.250 -999.250 -999.250 -999.250 -999.250 -999.250 -999.250 -999.250 -999.250 -999.250 -999.250 -999.250 -999.250 -999.250 -999.250 -999.250 -999.250 -999.250 -999.250 -999.250 -999.250 -999.250 -999.250 -999.250
0.000 0.000 0.000 0.887 2.167 3.444 3.140 5.421 3.502 3.461 5.279 5.042 6.658 5.215 6.832 9.901 9.462 8.069 6.895 6.986 5.879 7.281 5.906 6.045 5.678 5.083 5.433 5.085 6.486 8.037 8.419 7.212 6.748 7.583 6.321 5.104 4.680 5.893 7.489 7.045 6.025 -999.250 -999.250 -999.250 -999.250 -999.250 -999.250 -999.250 -999.250 -999.250 -999.250 -999.250 -999.250 -999.250 -999.250 -999.250 -999.250 -999.250 -999.250 -999.250 -999.250 -999.250 -999.250 -999.250 -999.250 -999.250 -999.250 -999.250 -999.250 -999.250
1.950 0.273 0.106 2.008 4.171 5.622 5.594 3.834 5.483 4.168 6.476 6.170 5.909 6.497 8.657 7.898 8.572 8.868 7.411 6.893 7.351 7.421 8.399 7.543 6.569 9.699 8.484 7.512 11.452 13.616 13.508 12.387 10.371 10.751 7.460 6.977 6.053 6.885 6.473 7.488 8.349 7.851 -999.250 -999.250 -999.250 -999.250 -999.250 -999.250 -999.250 -999.250 -999.250 -999.250 -999.250 -999.250 -999.250 -999.250 -999.250 -999.250 -999.250 -999.250 -999.250 -999.250 -999.250 -999.250 -999.250 -999.250 -999.250 -999.250 -999.250 -999.250
3.484 3.730 4.725 5.197 5.095 5.867 5.307 4.721 5.355 4.488 5.109 4.286 5.811 8.253 6.960 7.988 9.403 6.508 6.388 6.437 7.177 8.550 9.197 7.781 11.244 12.046 10.596 9.848 13.842 15.547 13.384 16.024 15.570 11.702 12.955 11.770 9.134 6.937 7.051 10.122 8.937 9.941 7.693 -999.250 -999.250 -999.250 -999.250 -999.250 -999.250 -999.250 -999.250 -999.250 -999.250 -999.250 -999.250 -999.250 -999.250 -999.250 -999.250 -999.250 -999.250 -999.250 -999.250 -999.250 -999.250 -999.250 -999.250 -999.250 -999.250 -999.250
6.589 6.284 8.146 8.383 7.718 6.674 6.282 4.750 4.968 3.439 4.631 4.349 7.029 5.306 5.954 7.461 5.830 6.951 6.780 6.000 8.193 9.030 9.638 8.173 11.291 10.754 9.880 13.952 16.982 17.591 23.680 20.808 20.340 18.522 12.978 13.589 11.558 9.319 10.596 13.168 11.084 9.712 8.778 -999.250 -999.250 -999.250 -999.250 -999.250 -999.250 -999.250 -999.250 -999.250 -999.250 -999.250 -999.250 -999.250 -999.250 -999.250 -999.250 -999.250 -999.250 -999.250 -999.250 -999.250 -999.250 -999.250 -999.250 -999.250 -999.250 -999.250
10.364 9.080 14.064 11.102 11.153 10.870 8.606 7.451 5.291 5.796 5.375 6.044 4.706 6.083 5.638 5.709 5.997 6.820 5.973 8.197 9.133 6.553 9.706 13.221 14.415 13.345 17.057 20.765 23.974 20.946 20.708 21.469 23.216 16.515 16.471 16.162 12.258 13.553 11.605 14.713 10.744 11.325 8.518 9.405 -999.250 -999.250 -999.250 -999.250 -999.250 -999.250 -999.250 -999.250 -999.250 -999.250 -999.250 -999.250 -999.250 -999.250 -999.250 -999.250 -999.250 -999.250 -999.250 -999.250 -999.250 -999.250 -999.250 -999.250 -999.250 -999.250
14.644 14.599 14.652 15.971 14.454 11.260 10.701 11.613 7.350 6.983 7.536 6.312 5.180 3.461 4.523 6.740 6.209 8.703 7.868 7.633 6.825 6.731 8.805 14.369 20.263 16.784 19.950 26.261 22.208 26.837 29.351 28.951 27.413 21.686 17.565 14.956 12.817 16.322 15.323 13.321 12.540 8.916 7.455 -999.250 -999.250 -999.250 -999.250 -999.250 -999.250 -999.250 -999.250 -999.250 -999.250 -999.250 -999.250 -999.250 -999.250 -999.250 -999.250 -999.250 -999.250 -999.250 -999.250 -999.250 -999.250 -999.250 -999.250 -999.250 -999.250 -999.250
19.603 19.607 18.183 14.362 16.849 17.203 13.069 13.676 10.152 7.294 6.529 5.894 4.190 3.408 4.461 5.858 7.161 6.554 8.105 5.321 8.401 8.048 10.654 12.663 16.113 16.382 22.698 25.918 27.668 34.201 36.188 34.457 32.028 26.075 25.214 21.202 15.864 15.708 13.296 11.970 11.961 9.279 7.783 -999.250 -999.250 -999.250 -999.250 -999.250 -999.250 -999.250 -999.250 -999.250 -999.250 -999.250 -999.250 -999.250 -999.250 -999.250 -999.250 -999.250 -999.250 -999.250 -999.250 -999.250 -999.250 -999.250 -999.250 -999.250 -999.250 -999.250
26.847 27.607 22.473 22.481 24.001 21.541 15.632 14.387 11.677 9.252 5.911 5.057 5.955 2.156 4.310 4.669 5.350 6.644 5.617 5.663 7.205 6.896 8.401 10.093 12.688 19.727 24.956 28.096 31.306 34.481 46.495 48.004 32.347 27.905 25.176 21.088 19.547 16.516 13.461 12.039 10.808 9.244 8.972 -999.250 -999.250 -999.250 -999.250 -999.250 -999.250 -999.250 -999.250 -999.250 -999.250 -999.250 -999.250 -999.250 -999.250 -999.250 -999.250 -999.250 -999.250 -999.250 -999.250 -999.250 -999.250 -999.250 -999.250 -999.250 -999.250 -999.250
39.976 33.370 32.321 28.827 29.962 22.899 17.885 15.940 11.679 10.227 7.508 5.227 1.755 3.113 1.576 2.245 4.622 2.761 5.223 6.492 5.002 8.298 10.331 10.355 16.215 24.787 25.181 28.273 34.098 46.034 52.463 40.881 36.918 30.213 25.579 25.001 21.624 18.852 17.571 13.215 9.922 10.484 8.564 -999.250 -999.250 -999.250 -999.250 -999.250 -999.250 -999.250 -999.250 -999.250 -999.250 -999.250 -999.250 -999.250 -999.250 -999.250 -999.250 -999.250 -999.250 -999.250 -999.250 -999.250 -999.250 -999.250 -999.250 -999.250 -999.250 -999.250
35.228 36.677 31.389 29.954 29.829 28.193 19.799 14.867 11.043 8.992 7.481 4.459 1.470 1.667 0.217 0.000 0.325 2.892 2.215 3.282 5.627 9.222 7.188 13.453 18.964 26.141 25.876 24.428 35.266 48.369 62.166 44.268 34.883 31.466 30.278 26.042 20.697 21.350 16.013 14.200 13.074 8.928 -999.250 -999.250 -999.250 -999.250 -999.250 -999.250 -999.250 -999.250 -999.250 -999.250 -999.250 -999.250 -999.250 -999.250 -999.250 -999.250 -999.250 -999.250 -999.250 -999.250 -999.250 -999.250 -999.250 -999.250 -999.250 -999.250 -999.250 -999.250
