data/medianmodel_19-Jan-2021.asc
ncols	141
nrows	288
xllcorner	-120191.398
yllcorner	-301404.813
cellsize	2000.000
NODATA_value	-999.250
[rows 84 to 111 of 288, columns 0 to 62 of 141]
-999.250 -999.250 -999.250 -999.250 -999.250 -999.250 -999.250 -999.250 -999.250 -999.250 -999.250 -999.250 -999.250 -999.250 -999.250 -999.250 -999.250 -999.250 -999.250 -999.250 -999.250 -999.250 -999.250 -999.250 -999.250 -999.250 -999.250 -999.250 -999.250 -999.250 -999.250 -999.250 -999.250 1046.280 1032.629 1035.760 1036.863 1082.887 1109.913 1080.835 1041.554 1043.031 1060.526 1113.730 1126.557 1239.155 1351.600 1431.696 1521.701 1685.180 1813.305 1900.328 1976.159 2044.362 2091.106 2101.658 2130.547 2203.798 2210.986 2282.841 2280.964 2326.864 2265.654
-999.250 -999.250 -999.250 -999.250 -999.250 -999.250 -999.250 -999.250 -999.250 -999.250 -999.250 -999.250 -999.250 -999.250 -999.250 -999.250 -999.250 -999.250 -999.250 -999.250 -999.250 -999.250 -999.250 -999.250 -999.250 -999.250 -999.250 -999.250 -999.250 -999.250 -999.250 -999.250 -999.250 1015.477 1014.674 1048.438 1020.217 1056.954 1054.008 1049.914 1027.147 1085.645 1095.530 1110.379 1155.049 1292.432 1394.930 1455.549 1588.698 1674.655 1734.026 1874.597 1946.595 1996.614 2034.446 2084.789 2079.014 2211.842 2237.171 2223.173 2223.242 2244.702 2210.453
-999.250 -999.250 -999.250 -999.250 -999.250 -999.250 -999.250 -999.250 -999.250 -999.250 -999.250 -999.250 -999.250 -999.250 -999.250 -999.250 -999.250 -999.250 -999.250 -999.250 -999.250 -999.250 -999.250 -999.250 -999.250 -999.250 -999.250 -999.250 -999.250 -999.250 -999.250 -999.250 -999.250 954.963 984.693 1015.537 1007.748 1023.351 1008.926 1031.762 1072.906 1109.882 1140.460 1173.972 1246.587 1301.149 1422.077 1464.527 1603.907 1651.550 1682.258 1774.940 1821.984 1958.640 2012.497 1944.953 2042.532 2126.625 2114.204 2136.155 2123.325 2182.769 2059.487
-999.250 -999.250 -999.250 -999.250 -999.250 -999.250 -999.250 -999.250 -999.250 -999.250 -999.250 -999.250 -999.250 -999.250 -999.250 -999.250 -999.250 -999.250 -999.250 -999.250 -999.250 -999.250 -999.250 -999.250 -999.250 -999.250 -999.250 -999.250 -999.250 -999.250 -999.250 -999.250 -999.250 947.462 994.074 1001.149 997.136 992.407 1022.953 1046.327 1073.544 1116.134 1151.661 1185.414 1241.001 1357.326 1394.934 1485.647 1556.367 1620.454 1691.949 1806.143 1808.146 1921.783 1889.875 1779.125 1863.837 1936.937 2078.045 2127.427 2143.300 2099.175 2044.744
-999.250 -999.250 -999.250 -999.250 -999.250 -999.250 -999.250 -999.250 -999.250 -999.250 -999.250 -999.250 -999.250 -999.250 -999.250 -999.250 -999.250 -999.250 -999.250 -999.250 -999.250 -999.250 -999.250 -999.250 -999.250 -999.250 -999.250 -999.250 -999.250 -999.250 -999.250 -999.250 911.385 944.762 962.538 982.466 984.512 1023.100 1025.762 1052.817 1077.427 1132.715 1184.886 1204.337 1295.675 1386.497 1439.633 1493.152 1578.028 1615.478 1649.176 1711.606 1733.741 1789.994 1761.213 1737.709 1804.426 1829.171 1895.957 1989.137 2068.912 2069.718 2015.296
-999.250 -999.250 -999.250 -999.250 -999.250 -999.250 -999.250 -999.250 -999.250 -999.250 -999.250 -999.250 -999.250 -999.250 -999.250 -999.250 -999.250 -999.250 -999.250 -999.250 -999.250 -999.250 -999.250 -999.250 -999.250 -999.250 -999.250 -999.250 -999.250 -999.250 -999.250 -999.250 901.900 911.643 926.633 940.322 963.781 982.957 1014.472 1019.682 1121.263 1158.994 1215.142 1293.704 1328.434 1395.898 1459.830 1500.277 1547.491 1590.137 1689.388 1683.456 1691.740 1748.574 1693.229 1675.949 1674.726 1688.341 1739.857 1737.013 1892.325 2005.889 2052.527
-999.250 -999.250 -999.250 -999.250 -999.250 -999.250 -999.250 -999.250 -999.250 -999.250 -999.250 -999.250 -999.250 -999.250 -999.250 -999.250 -999.250 -999.250 -999.250 -999.250 -999.250 -999.250 -999.250 -999.250 -999.250 -999.250 -999.250 -999.250 -999.250 -999.250 -999.250 -999.250 910.524 888.460 908.249 926.671 910.290 965.359 976.877 1053.347 1128.879 1186.962 1247.493 1275.455 1365.017 1448.827 1448.990 1493.907 1485.460 1554.732 1605.069 1683.458 1666.381 1622.161 1635.446 1607.737 1615.550 1624.399 1658.637 1690.286 1771.779 1943.161 2029.821
-999.250 -999.250 -999.250 -999.250 -999.250 -999.250 -999.250 -999.250 -999.250 -999.250 -999.250 -999.250 -999.250 -999.250 -999.250 -999.250 -999.250 -999.250 -999.250 -999.250 -999.250 -999.250 -999.250 -999.250 -999.250 -999.250 -999.250 -999.250 -999.250 -999.250 -999.250 -999.250 838.495 835.710 861.662 901.290 938.380 960.724 977.639 991.653 1130.718 1222.938 1287.532 1347.372 1412.993 1438.480 1522.108 1536.082 1543.002 1528.084 1543.329 1567.244 1581.784 1528.583 1548.057 1599.592 1604.613 1593.661 1575.842 1632.325 1702.618 1813.506 1903.217
-999.250 -999.250 -999.250 -999.250 -999.250 -999.250 -999.250 -999.250 -999.250 -999.250 -999.250 -999.250 -999.250 -999.250 -999.250 -999.250 -999.250 -999.250 -999.250 -999.250 -999.250 -999.250 -999.250 -999.250 -999.250 -999.250 -999.250 -999.250 -999.250 -999.250 -999.250 830.022 779.435 821.520 815.387 878.066 884.610 935.113 991.515 1076.061 1178.357 1232.208 1328.008 1380.279 1442.087 1500.835 1492.968 1519.486 1540.333 1530.532 1512.266 1522.239 1506.041 1511.946 1480.530 1483.912 1491.044 1486.623 1489.903 1580.125 1651.491 1683.700 1710.342
-999.250 -999.250 -999.250 -999.250 -999.250 -999.250 -999.250 -999.250 -999.250 -999.250 -999.250 -999.250 -999.250 -999.250 -999.250 -999.250 -999.250 -999.250 -999.250 -999.250 -999.250 -999.250 -999.250 -999.250 -999.250 -999.250 -999.250 -999.250 -999.250 -999.250 -999.250 850.840 803.186 787.738 821.602 853.776 899.084 981.926 1014.507 1140.924 1200.806 1261.531 1331.030 1393.954 1428.210 1507.007 1544.501 1559.204 1599.980 1546.401 1515.253 1466.043 1475.764 1437.112 1424.159 1388.469 1360.989 1407.568 1405.778 1447.063 1530.399 1674.161 1717.093
-999.250 -999.250 -999.250 -999.250 -999.250 -999.250 -999.250 -999.250 -999.250 -999.250 -999.250 -999.250 -999.250 -999.250 -999.250 -999.250 -999.250 -999.250 -999.250 -999.250 -999.250 -999.250 -999.250 -999.250 -999.250 -999.250 -999.250 -999.250 -999.250 -999.250 -999.250 841.466 809.597 775.668 817.687 877.312 940.965 948.659 1056.039 1079.236 1190.887 1328.088 1392.224 1426.269 1546.902 1541.944 1615.889 1638.757 1658.432 1607.524 1547.491 1517.740 1459.936 1453.864 1391.943 1348.973 1306.611 1320.441 1321.602 1374.849 1433.492 1595.457 1642.862
-999.250 -999.250 -999.250 -999.250 -999.250 -999.250 -999.250 -999.250 -999.250 -999.250 -999.250 -999.250 -999.250 -999.250 -999.250 -999.250 -999.250 -999.250 -999.250 -999.250 -999.250 -999.250 -999.250 -999.250 -999.250 -999.250 -999.250 -999.250 -999.250 -999.250 -999.250 820.969 816.012 813.006 777.552 871.590 942.955 967.637 1008.951 1110.688 1227.045 1353.332 1442.338 1492.383 1586.430 1651.885 1723.802 1716.169 1649.319 1653.765 1640.311 1581.741 1500.569 1464.213 1382.281 1295.108 1244.135 1195.300 1207.809 1264.202 1414.694 1602.007 1725.174
-999.250 -999.250 -999.250 -999.250 -999.250 -999.250 -999.250 -999.250 -999.250 -999.250 -999.250 -999.250 -999.250 -999.250 -999.250 -999.250 -999.250 -999.250 -999.250 -999.250 -999.250 -999.250 -999.250 -999.250 -999.250 -999.250 -999.250 -999.250 -999.250 -999.250 815.692 827.989 836.912 832.215 863.320 881.725 938.656 995.363 1076.261 1187.900 1304.614 1352.760 1455.415 1569.898 1671.155 1802.126 1879.322 1844.016 1803.289 1739.509 1710.250 1647.685 1581.930 1508.872 1400.005 1330.235 1206.247 1130.373 1131.209 1195.943 1455.234 1693.381 1937.678
-999.250 -999.250 -999.250 -999.250 -999.250 -999.250 -999.250 -999.250 -999.250 -999.250 -999.250 -999.250 -999.250 -999.250 -999.250 -999.250 -999.250 -999.250 -999.250 -999.250 -999.250 -999.250 -999.250 -999.250 -999.250 -999.250 -999.250 -999.250 -999.250 -999.250 827.316 853.655 830.163 877.736 909.756 915.269 957.528 1011.679 1106.177 1196.739 1322.729 1421.223 1503.758 1573.298 1685.023 1846.413 2053.831 1976.538 1881.357 1848.677 1788.593 1721.846 1659.375 1586.302 1452.452 1359.507 1214.530 1142.002 1181.264 1323.508 1553.640 1810.599 2134.540
-999.250 -999.250 -999.250 -999.250 -999.250 -999.250 -999.250 -999.250 -999.250 -999.250 -999.250 -999.250 -999.250 -999.250 -999.250 -999.250 -999.250 -999.250 -999.250 -999.250 -999.250 -999.250 -999.250 -999.250 -999.250 -999.250 -999.250 -999.250 -999.250 -999.250 863.755 863.427 891.556 932.826 952.490 957.118 984.388 1037.833 1082.640 1177.139 1320.215 1389.313 1477.807 1578.154 1663.151 1880.664 1953.545 1949.391 1880.702 1903.150 1814.540 1827.200 1699.123 1700.029 1586.192 1472.439 1320.581 1147.336 1327.350 1503.915 1686.802 2009.582 2315.653
-999.250 -999.250 -999.250 -999.250 -999.250 -999.250 -999.250 -999.250 -999.250 -999.250 -999.250 -999.250 -999.250 -999.250 -999.250 -999.250 -999.250 -999.250 -999.250 -999.250 -999.250 -999.250 -999.250 -999.250 -999.250 -999.250 -999.250 -999.250 -999.250 -999.250 870.140 924.342 925.102 934.483 929.696 993.852 1008.426 1066.474 1116.494 1193.123 1293.879 1367.166 1444.705 1589.621 1731.922 1826.373 2007.225 1981.600 1963.568 1993.854 1960.029 1969.023 1920.504 1815.987 1774.069 1656.034 1614.356 1529.265 1594.689 1688.734 1901.437 2152.545 2362.498
-999.250 -999.250 -999.250 -999.250 -999.250 -999.250 -999.250 -999.250 -999.250 -999.250 -999.250 -999.250 -999.250 -999.250 -999.250 -999.250 -999.250 -999.250 -999.250 -999.250 -999.250 -999.250 -999.250 -999.250 -999.250 -999.250 -999.250 -999.250 -999.250 922.595 933.061 948.517 942.180 934.374 945.938 990.310 1017.100 1078.844 1131.780 1218.493 1343.595 1365.700 1400.416 1547.380 1662.551 1753.091 1987.323 2045.144 1992.133 2045.666 2061.146 2135.880 2165.990 2118.552 2048.543 1916.305 1851.164 1823.339 1808.099 1989.438 2140.367 2254.457 2517.403
-999.250 -999.250 -999.250 -999.250 -999.250 -999.250 -999.250 -999.250 -999.250 -999.250 -999.250 -999.250 -999.250 -999.250 -999.250 -999.250 -999.250 -999.250 -999.250 -999.250 -999.250 -999.250 -999.250 -999.250 -999.250 -999.250 -999.250 -999.250 -999.250 944.152 953.208 917.251 933.374 938.461 992.401 986.939 1043.538 1079.070 1104.166 1165.879 1243.875 1337.107 1399.249 1528.634 1633.262 1799.253 1918.274 1953.876 2043.660 2014.961 2146.308 2199.086 2277.086 2253.070 2235.076 2208.968 2024.333 2065.939 2097.575 2196.568 2180.080 2170.621 2306.369
-999.250 -999.250 -999.250 -999.250 -999.250 -999.250 -999.250 -999.250 -999.250 -999.250 -999.250 -999.250 -999.250 -999.250 -999.250 -999.250 -999.250 -999.250 -999.250 -999.250 -999.250 -999.250 -999.250 -999.250 -999.250 -999.250 -999.250 -999.250 -999.250 990.247 898.880 929.092 940.110 954.528 970.556 970.378 1040.008 1060.747 1131.188 1181.049 1217.417 1278.488 1381.365 1478.177 1568.820 1694.895 1814.934 1859.096 1977.857 2100.011 2191.323 2231.671 2431.785 2585.074 2485.489 2350.625 2280.787 2312.487 2351.769 2230.708 2228.922 2326.781 2353.359
-999.250 -999.250 -999.250 -999.250 -999.250 -999.250 -999.250 -999.250 -999.250 -999.250 -999.250 -999.250 -999.250 -999.250 -999.250 -999.250 -999.250 -999.250 -999.250 -999.250 -999.250 -999.250 -999.250 -999.250 -999.250 -999.250 -999.250 -999.250 -999.250 959.761 921.323 936.226 910.146 914.264 912.826 919.998 1007.397 1008.167 1063.319 1153.298 1166.632 1258.387 1360.621 1421.856 1501.389 1584.576 1701.778 1774.291 1951.806 2081.139 2151.707 2329.887 2461.237 2573.197 2676.106 2504.593 2577.441 2393.488 2379.597 2304.393 2345.259 2233.623 2242.902
-999.250 -999.250 -999.250 -999.250 -999.250 -999.250 -999.250 -999.250 -999.250 -999.250 -999.250 -999.250 -999.250 -999.250 -999.250 -999.250 -999.250 -999.250 -999.250 -999.250 -999.250 -999.250 -999.250 -999.250 -999.250 -999.250 -999.250 -999.250 983.264 969.789 902.423 937.988 943.435 954.420 938.701 932.322 951.699 963.269 1044.527 1050.588 1153.929 1245.833 1323.955 1400.421 1420.477 1525.373 1652.499 1719.183 1842.682 2044.791 2213.441 2344.222 2552.975 2665.277 2780.909 2752.422 2696.480 2681.437 2518.240 2342.072 2220.457 2254.075 2131.629
-999.250 -999.250 -999.250 -999.250 -999.250 -999.250 -999.250 -999.250 -999.250 -999.250 -999.250 -999.250 -999.250 -999.250 -999.250 -999.250 -999.250 -999.250 -999.250 -999.250 -999.250 -999.250 -999.250 -999.250 -999.250 -999.250 -999.250 -999.250 984.793 974.403 930.611 956.168 944.573 889.815 916.305 918.944 930.109 946.920 975.215 1016.256 1093.609 1230.269 1310.723 1383.745 1435.898 1483.229 1566.716 1663.710 1834.320 1964.341 2220.262 2340.512 2556.818 2723.305 2840.835 2770.771 2817.248 2708.878 2653.998 2506.610 2306.302 2197.526 2055.878
-999.250 -999.250 -999.250 -999.250 -999.250 -999.250 -999.250 -999.250 -999.250 -999.250 -999.250 -999.250 -999.250 -999.250 -999.250 -999.250 -999.250 -999.250 -999.250 -999.250 -999.250 -999.250 -999.250 -999.250 -999.250 -999.250 -999.250 988.755 975.941 966.416 943.441 919.415 924.293 882.129 914.556 881.410 909.718 935.881 963.368 1022.138 1057.357 1118.207 1235.383 1312.256 1414.599 1473.513 1582.524 1654.749 1869.972 2034.501 2256.534 2369.799 2493.830 2736.643 2925.485 3062.056 2891.907 2825.663 2668.497 2542.478 2546.866 2248.053 2027.738
-999.250 -999.250 -999.250 -999.250 -999.250 -999.250 -999.250 -999.250 -999.250 -999.250 -999.250 -999.250 -999.250 -999.250 -999.250 -999.250 -999.250 -999.250 -999.250 -999.250 -999.250 -999.250 -999.250 -999.250 -999.250 -999.250 -999.250 978.575 983.542 952.690 926.441 912.285 869.135 885.380 864.632 849.365 880.763 926.122 961.503 1016.363 1063.468 1191.733 1210.020 1299.022 1419.510 1467.560 1600.170 1680.521 1753.037 1951.985 2104.241 2247.842 2402.845 2638.244 2983.139 2879.992 2880.095 2977.077 2916.727 2799.716 2731.030 2425.659 2120.889
-999.250 -999.250 -999.250 -999.250 -999.250 -999.250 -999.250 -999.250 -999.250 -999.250 -999.250 -999.250 -999.250 -999.250 -999.250 -999.250 -999.250 -999.250 -999.250 -999.250 -999.250 -999.250 -999.250 -999.250 -999.250 -999.250 -999.250 985.504 933.317 927.962 896.001 881.766 857.893 863.899 869.315 847.422 875.944 926.590 965.895 980.274 1031.425 1103.545 1214.507 1262.241 1354.820 1440.283 1527.196 1627.493 1725.551 1860.844 2052.665 2259.254 2313.856 2389.240 2627.349 2656.224 2704.729 3009.805 3102.049 3265.409 3001.906 2774.531 2416.175
-999.250 -999.250 -999.250 -999.250 -999.250 -999.250 -999.250 -999.250 -999.250 -999.250 -999.250 -999.250 -999.250 -999.250 -999.250 -999.250 -999.250 -999.250 -999.250 -999.250 -999.250 -999.250 -999.250 -999.250 -999.250 -999.250 -999.250 969.311 950.093 932.584 873.236 838.297 837.622 814.508 861.084 857.680 869.970 887.506 897.148 957.155 1034.834 1153.954 1156.201 1220.688 1341.049 1374.708 1521.083 1624.299 1655.045 1807.138 1951.745 2085.669 2101.733 2216.240 2270.510 2434.711 2654.251 2604.813 3089.470 3313.224 3350.015 3238.308 2891.649
-999.250 -999.250 -999.250 -999.250 -999.250 -999.250 -999.250 -999.250 -999.250 -999.250 -999.250 -999.250 -999.250 -999.250 -999.250 -999.250 -999.250 -999.250 -999.250 -999.250 -999.250 -999.250 -999.250 -999.250 -999.250 -999.250 -999.250 -999.250 967.322 901.757 872.712 843.230 819.459 847.663 822.841 838.169 846.419 875.469 907.251 973.653 999.096 1135.755 1172.332 1249.650 1317.813 1404.481 1523.495 1612.139 1669.120 1748.187 1823.104 1953.317 1918.706 1957.111 2034.981 2108.734 2324.161 2693.225 3242.104 3575.246 3818.644 3733.437 3378.945
-999.250 -999.250 -999.250 -999.250 -999.250 -999.250 -999.250 -999.250 -999.250 -999.250 -999.250 -999.250 -999.250 -999.250 -999.250 -999.250 -999.250 -999.250 -999.250 -999.250 -999.250 -999.250 -999.250 -999.250 -999.250 -999.250 -999.250 -999.250 894.474 890.861 867.445 813.172 782.208 809.486 853.872 849.986 883.755 884.131 934.243 932.777 1015.011 1066.475 1159.733 1202.542 1331.553 1415.084 1490.369 1548.155 1632.172 1690.842 1724.639 1763.452 1784.130 1626.643 1607.218 1682.414 2002.848 2400.740 3025.063 3582.440 4362.681 3862.708 3435.515
