data/medianmodel_11-Apr-2020.asc
ncols	141
nrows	288
xllcorner	-120191.398
yllcorner	-301404.813
cellsize	2000.000
NODATA_value	-999.250
[rows 210 to 239 of 288, columns 67 to 133 of 141]
15.790 18.846 20.157 21.184 19.955 24.221 27.074 30.905 33.021 36.314 33.419 30.333 39.598 40.490 33.824 35.402 33.984 33.793 35.784 38.484 38.233 32.534 32.668 35.227 34.401 32.549 38.903 38.778 42.922 40.989 38.847 34.733 -999.250 -999.250 -999.250 -999.250 -999.250 -999.250 -999.250 -999.250 -999.250 -999.250 -999.250 -999.250 -999.250 -999.250 -999.250 -999.250 -999.250 -999.250 -999.250 -999.250 -999.250 -999.250 -999.250 -999.250 -999.250 -999.250 -999.250 -999.250 -999.250 -999.250 -999.250 -999.250 -999.250 -999.250 -999.250
12.383 17.831 18.605 21.025 24.462 23.515 26.952 25.487 30.325 30.976 30.422 32.397 34.675 36.814 37.959 37.704 34.846 37.879 38.557 41.158 33.040 36.683 31.526 40.527 35.590 40.073 42.320 52.006 51.378 41.550 40.052 36.134 28.852 -999.250 -999.250 -999.250 -999.250 -999.250 -999.250 -999.250 -999.250 -999.250 -999.250 -999.250 -999.250 -999.250 -999.250 -999.250 -999.250 -999.250 -999.250 -999.250 -999.250 -999.250 -999.250 -999.250 -999.250 -999.250 -999.250 -999.250 -999.250 -999.250 -999.250 -999.250 -999.250 -999.250 -999.250
15.114 16.757 19.989 20.365 22.907 23.885 27.608 28.162 26.338 29.394 33.444 34.993 34.589 35.732 37.078 36.142 36.010 42.689 39.213 36.955 37.080 40.165 43.717 44.925 45.286 52.160 53.795 57.105 51.388 39.026 37.610 36.864 28.848 28.780 -999.250 -999.250 -999.250 -999.250 -999.250 -999.250 -999.250 -999.250 -999.250 -999.250 -999.250 -999.250 -999.250 -999.250 -999.250 -999.250 -999.250 -999.250 -999.250 -999.250 -999.250 -999.250 -999.250 -999.250 -999.250 -999.250 -999.250 -999.250 -999.250 -999.250 -999.250 -999.250 -999.250
14.698 16.826 20.731 20.091 23.462 21.943 24.292 26.249 27.135 27.556 29.576 34.317 33.969 33.162 33.266 32.898 36.385 43.803 41.329 43.832 44.202 41.117 46.225 42.989 48.253 58.509 54.903 57.023 48.247 49.011 41.093 30.733 28.370 29.047 -999.250 -999.250 -999.250 -999.250 -999.250 -999.250 -999.250 -999.250 -999.250 -999.250 -999.250 -999.250 -999.250 -999.250 -999.250 -999.250 -999.250 -999.250 -999.250 -999.250 -999.250 -999.250 -999.250 -999.250 -999.250 -999.250 -999.250 -999.250 -999.250 -999.250 -999.250 -999.250 -999.250
15.656 15.581 19.570 18.484 19.122 19.890 23.919 21.905 24.614 23.023 27.374 28.849 31.222 29.349 31.205 30.842 30.426 40.537 38.800 44.682 44.359 50.667 51.549 46.583 51.134 55.806 55.153 55.809 55.907 44.268 38.478 37.254 30.272 26.988 25.541 -999.250 -999.250 -999.250 -999.250 -999.250 -999.250 -999.250 -999.250 -999.250 -999.250 -999.250 -999.250 -999.250 -999.250 -999.250 -999.250 -999.250 -999.250 -999.250 -999.250 -999.250 -999.250 -999.250 -999.250 -999.250 -999.250 -999.250 -999.250 -999.250 -999.250 -999.250 -999.250
15.197 19.715 17.965 20.725 19.965 20.138 20.041 18.209 18.833 21.326 24.091 26.815 27.602 28.518 30.887 30.440 37.414 41.075 42.012 50.347 52.119 54.121 56.029 53.163 54.729 49.279 50.808 57.573 63.691 46.771 42.428 32.416 29.666 29.840 27.995 23.318 -999.250 -999.250 -999.250 -999.250 -999.250 -999.250 -999.250 -999.250 -999.250 -999.250 -999.250 -999.250 -999.250 -999.250 -999.250 -999.250 -999.250 -999.250 -999.250 -999.250 -999.250 -999.250 -999.250 -999.250 -999.250 -999.250 -999.250 -999.250 -999.250 -999.250 -999.250
15.969 18.430 17.183 19.288 19.213 19.466 16.097 12.872 12.067 15.803 19.821 22.349 24.002 24.658 28.900 31.789 33.019 39.708 46.630 46.800 47.418 62.849 62.130 68.401 72.993 67.278 55.331 55.590 64.325 65.581 48.443 41.271 36.009 29.449 25.199 20.620 -999.250 -999.250 -999.250 -999.250 -999.250 -999.250 -999.250 -999.250 -999.250 -999.250 -999.250 -999.250 -999.250 -999.250 -999.250 -999.250 -999.250 -999.250 -999.250 -999.250 -999.250 -999.250 -999.250 -999.250 -999.250 -999.250 -999.250 -999.250 -999.250 -999.250 -999.250
14.615 18.548 19.523 19.752 19.632 20.551 17.077 8.986 0.000 9.377 16.041 20.754 22.641 25.776 26.718 32.873 40.611 38.528 46.404 46.925 59.269 56.499 60.264 58.280 67.218 71.926 62.334 64.243 65.143 58.354 42.336 43.506 33.781 27.501 24.464 23.674 -999.250 -999.250 -999.250 -999.250 -999.250 -999.250 -999.250 -999.250 -999.250 -999.250 -999.250 -999.250 -999.250 -999.250 -999.250 -999.250 -999.250 -999.250 -999.250 -999.250 -999.250 -999.250 -999.250 -999.250 -999.250 -999.250 -999.250 -999.250 -999.250 -999.250 -999.250
17.391 18.451 19.256 18.889 19.909 18.902 16.038 10.754 7.304 9.148 16.066 20.718 22.520 23.992 29.180 30.873 36.984 43.570 51.802 50.173 52.851 61.243 67.248 72.067 72.564 75.912 71.899 60.904 54.998 57.166 42.537 42.779 33.167 28.710 29.849 23.118 19.533 -999.250 -999.250 -999.250 -999.250 -999.250 -999.250 -999.250 4.579 -999.250 -999.250 -999.250 -999.250 -999.250 -999.250 -999.250 -999.250 -999.250 -999.250 -999.250 -999.250 -999.250 -999.250 -999.250 -999.250 -999.250 -999.250 -999.250 -999.250 -999.250 -999.250
17.555 20.822 20.914 21.314 22.041 19.073 16.903 10.039 8.939 14.764 16.452 19.172 27.003 31.378 32.206 33.340 35.743 38.817 41.147 47.228 49.400 65.003 71.537 64.909 71.057 65.365 64.602 66.243 59.109 61.440 52.642 38.048 32.243 31.341 26.169 24.160 19.306 16.860 -999.250 -999.250 -999.250 1.551 3.219 4.345 5.660 -999.250 -999.250 -999.250 -999.250 -999.250 -999.250 -999.250 -999.250 -999.250 -999.250 -999.250 -999.250 -999.250 -999.250 -999.250 -999.250 -999.250 -999.250 -999.250 -999.250 -999.250 -999.250
19.826 21.238 22.760 21.763 21.622 20.733 19.767 17.931 14.619 18.019 18.527 21.867 22.232 27.807 32.331 36.542 39.388 36.541 42.402 50.879 53.675 55.067 66.296 68.102 65.061 66.320 63.409 70.886 67.287 57.163 52.449 41.336 35.803 31.705 28.829 27.353 20.745 13.394 -999.250 4.993 2.500 1.887 2.495 1.582 -999.250 -999.250 -999.250 -999.250 -999.250 -999.250 -999.250 -999.250 -999.250 -999.250 -999.250 -999.250 -999.250 -999.250 -999.250 -999.250 -999.250 -999.250 -999.250 -999.250 -999.250 -999.250 -999.250
19.428 20.670 22.500 22.696 20.850 20.654 19.870 21.296 19.140 18.044 19.667 20.936 23.097 28.680 35.502 39.041 37.257 38.298 49.900 40.081 58.283 60.236 71.421 77.227 61.841 70.847 71.079 69.096 62.378 61.896 50.717 47.021 39.584 31.106 28.517 26.736 21.358 18.982 12.255 5.344 0.000 2.772 2.203 6.195 -999.250 -999.250 -999.250 -999.250 -999.250 -999.250 -999.250 -999.250 -999.250 -999.250 -999.250 -999.250 -999.250 -999.250 -999.250 -999.250 -999.250 -999.250 -999.250 -999.250 -999.250 -999.250 -999.250
20.678 22.897 22.721 23.391 22.165 20.429 21.521 20.894 23.271 20.388 21.805 21.482 24.525 24.501 34.194 39.418 34.487 38.010 45.049 45.494 54.148 72.860 67.984 69.951 74.297 72.897 76.455 77.061 69.159 57.703 57.094 40.060 38.590 34.036 30.942 24.292 22.031 17.870 13.233 7.363 3.670 9.703 5.640 5.316 -999.250 -999.250 -999.250 -999.250 -999.250 -999.250 -999.250 -999.250 -999.250 -999.250 -999.250 -999.250 -999.250 -999.250 -999.250 -999.250 -999.250 -999.250 -999.250 -999.250 -999.250 -999.250 -999.250
21.325 23.009 22.014 22.487 21.446 20.514 22.255 20.871 21.208 23.347 24.689 24.197 27.122 30.251 37.932 35.590 43.980 42.959 52.958 50.722 53.998 61.343 65.754 79.846 76.592 67.471 71.922 67.534 71.460 61.327 56.339 46.858 34.832 32.960 27.523 23.319 21.846 20.506 17.803 14.410 9.961 7.857 8.521 7.356 -999.250 -999.250 -999.250 -999.250 -999.250 -999.250 -999.250 -999.250 -999.250 -999.250 -999.250 -999.250 -999.250 -999.250 -999.250 -999.250 -999.250 -999.250 -999.250 -999.250 -999.250 -999.250 -999.250
20.050 21.913 22.351 22.163 23.455 23.285 23.924 22.030 26.454 24.954 27.900 27.609 32.093 31.424 38.076 34.909 47.096 46.956 53.159 54.734 52.957 61.005 71.695 73.562 81.030 69.182 63.809 74.370 57.711 58.520 57.273 49.858 47.569 33.036 30.376 25.728 22.972 20.998 17.860 15.603 12.464 11.240 6.387 -999.250 -999.250 -999.250 -999.250 -999.250 -999.250 -999.250 -999.250 -999.250 -999.250 -999.250 -999.250 -999.250 -999.250 -999.250 -999.250 -999.250 -999.250 -999.250 -999.250 -999.250 -999.250 -999.250 -999.250
19.013 20.217 23.729 19.087 20.588 21.527 23.002 23.306 28.235 28.196 30.136 30.359 30.189 32.641 41.120 40.717 49.464 50.674 60.992 58.490 64.986 69.240 74.172 75.211 79.143 67.435 61.678 61.134 59.993 55.653 51.924 51.853 42.240 36.523 25.971 31.437 26.371 21.551 19.991 18.016 13.722 13.419 10.822 -999.250 -999.250 -999.250 -999.250 -999.250 -999.250 -999.250 -999.250 -999.250 -999.250 -999.250 -999.250 -999.250 -999.250 -999.250 -999.250 -999.250 -999.250 -999.250 -999.250 -999.250 -999.250 -999.250 -999.250
20.409 18.853 22.334 21.658 21.719 21.906 26.339 27.148 29.146 27.063 34.125 31.054 30.658 37.492 36.853 47.362 49.959 54.996 58.898 66.915 73.483 70.961 72.270 81.803 76.742 81.050 73.968 57.452 74.714 58.008 59.665 40.384 44.858 39.575 28.893 29.734 21.576 19.227 18.809 17.713 18.758 18.008 14.294 -999.250 -999.250 -999.250 -999.250 -999.250 -999.250 -999.250 -999.250 -999.250 -999.250 -999.250 -999.250 -999.250 -999.250 -999.250 -999.250 -999.250 -999.250 -999.250 -999.250 -999.250 -999.250 -999.250 -999.250
20.339 21.442 21.855 20.271 20.531 23.478 22.451 27.251 28.753 30.632 41.184 39.288 36.477 35.972 41.088 47.735 46.003 51.867 62.891 59.913 81.829 81.730 73.078 69.683 78.671 79.177 66.541 71.166 63.315 63.271 59.791 48.511 34.365 33.727 33.313 25.845 23.033 21.724 18.640 18.544 18.085 18.071 -999.250 -999.250 -999.250 -999.250 -999.250 -999.250 -999.250 -999.250 -999.250 -999.250 -999.250 -999.250 -999.250 -999.250 -999.250 -999.250 -999.250 -999.250 -999.250 -999.250 -999.250 -999.250 -999.250 -999.250 -999.250
19.610 18.050 19.349 18.732 19.528 20.753 23.634 28.680 28.565 35.575 37.421 36.202 33.358 38.373 44.003 46.031 45.366 56.063 67.359 69.464 81.162 83.234 80.953 78.091 77.834 71.495 70.233 69.559 65.845 55.767 42.348 43.544 42.886 33.842 27.639 24.655 24.827 -999.250 -999.250 16.227 18.273 15.275 -999.250 -999.250 -999.250 -999.250 -999.250 -999.250 -999.250 -999.250 -999.250 -999.250 -999.250 -999.250 -999.250 -999.250 -999.250 -999.250 -999.250 -999.250 -999.250 -999.250 -999.250 -999.250 -999.250 -999.250 -999.250
18.461 19.888 17.739 11.912 20.118 22.873 22.046 28.441 33.558 33.418 38.813 36.771 47.063 47.836 49.621 53.244 49.465 64.412 63.229 68.401 83.037 81.166 86.356 77.556 77.287 73.078 75.618 79.206 67.134 68.451 45.320 42.540 44.906 35.187 28.749 21.850 23.437 -999.250 -999.250 -999.250 -999.250 -999.250 -999.250 -999.250 -999.250 -999.250 -999.250 -999.250 -999.250 -999.250 -999.250 -999.250 -999.250 -999.250 -999.250 -999.250 -999.250 -999.250 -999.250 -999.250 -999.250 -999.250 -999.250 -999.250 -999.250 -999.250 -999.250
19.917 18.922 17.546 18.329 20.018 22.306 25.006 33.031 32.983 32.178 36.677 46.678 48.984 50.655 55.154 62.134 63.795 59.956 66.927 70.806 73.669 85.652 81.079 79.981 82.652 77.864 76.989 74.337 65.472 53.368 52.692 41.632 34.819 -999.250 -999.250 21.714 -999.250 -999.250 -999.250 -999.250 -999.250 -999.250 -999.250 -999.250 -999.250 -999.250 -999.250 -999.250 -999.250 -999.250 -999.250 -999.250 -999.250 -999.250 -999.250 -999.250 -999.250 -999.250 -999.250 -999.250 -999.250 -999.250 -999.250 -999.250 -999.250 -999.250 -999.250
19.156 20.120 18.502 21.235 23.125 24.679 28.411 30.542 33.902 32.232 39.340 53.633 57.429 58.466 62.940 61.937 74.536 73.502 82.586 81.697 79.728 72.147 76.272 89.170 63.891 58.104 70.881 63.118 56.575 54.815 43.523 -999.250 -999.250 -999.250 -999.250 -999.250 -999.250 -999.250 -999.250 -999.250 -999.250 -999.250 -999.250 -999.250 -999.250 -999.250 -999.250 -999.250 -999.250 -999.250 -999.250 -999.250 -999.250 -999.250 -999.250 -999.250 -999.250 -999.250 -999.250 -999.250 -999.250 -999.250 -999.250 -999.250 -999.250 -999.250 -999.250
19.682 20.206 21.001 21.161 23.683 25.124 25.785 30.101 29.337 35.740 40.809 49.423 52.264 68.001 64.856 73.421 78.647 85.898 82.625 91.120 97.885 83.383 76.850 60.775 59.643 63.103 57.186 60.769 43.485 50.278 37.551 -999.250 -999.250 -999.250 -999.250 -999.250 -999.250 -999.250 -999.250 -999.250 -999.250 -999.250 -999.250 -999.250 -999.250 -999.250 -999.250 -999.250 -999.250 -999.250 -999.250 -999.250 -999.250 -999.250 -999.250 -999.250 -999.250 -999.250 -999.250 -999.250 -999.250 -999.250 -999.250 -999.250 -999.250 -999.250 -999.250
18.667 17.584 20.570 26.072 27.962 25.506 28.310 31.284 35.502 36.803 41.736 51.114 49.705 66.226 64.241 79.840 84.865 95.873 84.822 99.555 96.671 89.916 75.704 73.796 69.522 66.183 61.190 53.237 49.836 48.237 42.579 -999.250 -999.250 -999.250 -999.250 -999.250 -999.250 -999.250 -999.250 -999.250 -999.250 -999.250 -999.250 -999.250 -999.250 -999.250 -999.250 -999.250 -999.250 -999.250 -999.250 -999.250 -999.250 -999.250 -999.250 -999.250 -999.250 -999.250 -999.250 -999.250 -999.250 -999.250 -999.250 -999.250 -999.250 -999.250 -999.250
20.299 20.124 20.795 25.321 24.743 26.210 32.281 33.845 41.014 40.607 37.658 41.935 44.737 72.621 73.883 86.960 83.825 90.386 95.880 98.120 89.154 86.272 77.944 81.573 76.546 60.948 53.079 56.493 48.469 46.006 39.052 -999.250 -999.250 -999.250 -999.250 -999.250 -999.250 -999.250 -999.250 -999.250 -999.250 -999.250 -999.250 -999.250 -999.250 -999.250 -999.250 -999.250 -999.250 -999.250 -999.250 -999.250 -999.250 -999.250 -999.250 -999.250 -999.250 -999.250 -999.250 -999.250 -999.250 -999.250 -999.250 -999.250 -999.250 -999.250 -999.250
21.562 21.019 21.381 21.771 25.627 25.067 27.875 32.021 36.801 35.767 39.601 39.617 52.848 61.965 83.634 87.278 87.750 100.290 96.417 103.278 96.412 91.703 82.611 79.406 72.093 55.877 63.067 63.489 53.631 49.398 -999.250 -999.250 -999.250 -999.250 -999.250 -999.250 -999.250 -999.250 -999.250 -999.250 -999.250 -999.250 -999.250 -999.250 -999.250 -999.250 -999.250 -999.250 -999.250 -999.250 -999.250 -999.250 -999.250 -999.250 -999.250 -999.250 -999.250 -999.250 -999.250 -999.250 -999.250 -999.250 -999.250 -999.250 -999.250 -999.250 -999.250
19.873 20.325 19.860 21.502 26.264 28.296 28.872 32.648 35.985 37.079 41.223 41.060 53.176 66.689 78.008 82.259 85.588 96.185 111.857 103.287 99.244 90.887 91.059 63.897 69.689 60.691 64.912 60.423 48.212 39.582 -999.250 -999.250 -999.250 -999.250 -999.250 -999.250 -999.250 -999.250 -999.250 -999.250 -999.250 -999.250 -999.250 -999.250 -999.250 -999.250 -999.250 -999.250 -999.250 -999.250 -999.250 -999.250 -999.250 -999.250 -999.250 -999.250 -999.250 -999.250 -999.250 -999.250 -999.250 -999.250 -999.250 -999.250 -999.250 -999.250 -999.250
22.152 21.639 22.421 23.165 25.028 28.786 32.249 30.040 32.166 38.388 36.004 41.441 52.312 64.411 69.657 75.645 83.271 86.090 101.472 102.480 94.444 89.594 80.050 68.421 69.433 52.580 62.418 50.942 50.412 36.573 -999.250 -999.250 -999.250 -999.250 -999.250 -999.250 -999.250 -999.250 -999.250 -999.250 -999.250 -999.250 -999.250 -999.250 -999.250 -999.250 -999.250 -999.250 -999.250 -999.250 -999.250 -999.250 -999.250 -999.250 -999.250 -999.250 -999.250 -999.250 -999.250 -999.250 -999.250 -999.250 -999.250 -999.250 -999.250 -999.250 -999.250
20.986 23.342 23.456 27.477 29.560 28.732 30.037 31.391 32.486 32.184 40.465 40.536 46.528 67.632 68.393 70.911 88.504 88.964 99.240 94.288 95.172 103.535 85.136 77.411 81.096 55.379 63.726 50.447 49.091 -999.250 -999.250 -999.250 -999.250 -999.250 -999.250 -999.250 -999.250 -999.250 -999.250 -999.250 -999.250 -999.250 -999.250 -999.250 -999.250 -999.250 -999.250 -999.250 -999.250 -999.250 -999.250 -999.250 -999.250 -999.250 -999.250 -999.250 -999.250 -999.250 -999.250 -999.250 -999.250 -999.250 -999.250 -999.250 -999.250 -999.250 -999.250
23.377 21.497 24.660 31.758 27.916 29.344 30.506 30.659 30.669 33.852 38.899 40.443 39.771 56.845 66.608 71.033 78.865 84.886 80.733 94.264 94.152 84.272 85.930 70.167 62.739 60.449 57.025 62.532 45.124 -999.250 -999.250 -999.250 -999.250 -999.250 -999.250 -999.250 -999.250 -999.250 -999.250 -999.250 -999.250 -999.250 -999.250 -999.250 -999.250 -999.250 -999.250 -999.250 -999.250 -999.250 -999.250 -999.250 -999.250 -999.250 -999.250 -999.250 -999.250 -999.250 -999.250 -999.250 -999.250 -999.250 -999.250 -999.250 -999.250 -999.250 -999.250
