data/medianmodel_21-Jun-2020.asc
ncols	141
nrows	288
xllcorner	-120191.398
yllcorner	-301404.813
cellsize	2000.000
NODATA_value	-999.250
[rows 186 to 216 of 288, columns 0 to 68 of 141]
57.537 66.697 65.721 77.691 77.406 86.996 93.209 131.777 162.145 201.072 182.970 184.212 201.415 166.459 138.918 151.027 110.387 102.091 -999.250 -999.250 -999.250 -999.250 -999.250 22.955 18.354 17.249 19.661 22.748 23.020 28.283 29.793 33.208 28.535 26.593 19.408 16.768 12.544 11.269 10.557 9.162 5.540 3.131 3.118 3.840 4.916 3.310 3.627 1.208 0.176 0.937 2.279 2.670 1.350 0.975 1.531 0.179 0.000 0.172 0.130 0.000 0.000 0.000 0.000 0.000 0.000 0.000 0.000 0.000 0.000
-999.250 56.266 70.404 70.159 63.894 80.837 89.240 110.408 150.638 168.242 204.826 216.893 241.165 181.849 120.225 114.491 88.306 73.819 -999.250 -999.250 -999.250 -999.250 32.519 17.314 13.419 11.746 14.353 15.877 16.118 17.657 25.048 23.762 22.209 18.986 17.904 14.165 11.463 12.316 9.948 7.495 4.245 4.242 2.734 3.550 5.128 4.846 3.413 4.036 2.298 0.023 0.000 0.000 1.354 1.486 0.836 0.044 0.107 1.365 0.354 0.000 0.000 0.000 0.000 0.000 0.000 0.000 0.000 0.000 0.000
-999.250 55.501 63.870 62.448 59.484 70.230 77.007 98.449 116.712 122.486 146.311 184.835 204.355 147.312 119.598 105.983 81.921 63.235 -999.250 -999.250 -999.250 24.935 -999.250 14.948 11.265 12.312 9.237 9.786 12.272 12.275 15.706 20.944 18.621 13.935 12.810 14.014 12.229 9.540 7.363 5.653 5.951 4.629 4.292 6.395 6.099 4.468 3.253 2.570 3.115 0.318 0.239 0.000 0.173 0.554 0.892 0.187 0.000 0.000 0.000 0.000 0.000 0.000 0.000 0.000 0.000 0.000 0.000 0.000 0.000
-999.250 51.909 59.454 65.996 62.273 66.226 70.908 74.925 79.749 96.734 102.177 127.799 142.856 121.091 92.759 76.931 68.833 -999.250 -999.250 -999.250 -999.250 22.383 21.318 12.710 10.330 7.179 8.120 10.297 12.843 11.946 11.469 14.477 12.951 11.056 14.483 9.169 11.778 8.610 6.091 6.134 6.010 3.156 4.447 4.834 6.507 3.026 2.639 2.947 1.342 0.786 0.000 0.000 0.000 0.000 0.573 0.187 0.000 0.000 0.000 0.000 0.000 0.000 0.000 0.000 0.000 0.000 0.584 0.635 1.699
-999.250 52.364 57.472 73.031 57.959 65.498 59.570 61.785 61.907 62.334 81.603 93.006 89.790 85.619 75.706 55.658 55.932 -999.250 -999.250 -999.250 27.245 23.178 22.564 13.053 9.025 4.932 5.821 7.245 15.162 12.210 9.918 8.272 7.315 10.489 10.036 8.673 6.667 6.303 5.467 5.096 4.356 6.566 4.886 3.258 5.607 4.692 4.220 2.636 2.404 0.547 0.053 0.000 0.311 0.341 0.342 1.188 1.305 0.164 0.000 0.000 0.000 0.000 0.000 0.000 0.000 1.539 3.504 5.143 3.985
-999.250 -999.250 -999.250 58.097 -999.250 -999.250 39.798 41.592 45.557 -999.250 -999.250 -999.250 60.870 75.634 -999.250 -999.250 -999.250 -999.250 -999.250 -999.250 37.868 29.408 22.976 18.066 10.523 5.665 5.760 6.706 7.440 8.538 5.861 7.903 7.674 9.016 10.210 8.286 8.820 8.029 5.286 4.443 6.573 4.211 3.701 4.180 6.218 5.273 5.071 2.695 2.042 0.000 0.345 1.323 0.561 0.000 0.998 0.790 0.939 1.278 0.000 0.000 0.000 0.000 0.000 0.000 0.592 3.169 4.278 6.960 9.616
-999.250 -999.250 -999.250 -999.250 -999.250 -999.250 -999.250 -999.250 -999.250 -999.250 -999.250 -999.250 -999.250 57.038 64.546 53.467 -999.250 -999.250 -999.250 54.263 44.618 46.542 35.090 21.380 17.462 10.041 6.738 4.150 5.092 4.502 6.345 5.056 7.579 8.613 8.416 6.769 8.746 8.428 6.626 5.837 4.209 3.292 3.752 4.812 5.471 8.885 5.254 3.211 1.071 1.433 1.644 1.032 1.691 1.747 1.702 2.021 2.941 1.789 0.696 1.976 0.000 0.090 0.000 0.340 2.107 5.111 8.021 7.792 8.732
-999.250 -999.250 -999.250 -999.250 -999.250 -999.250 -999.250 -999.250 -999.250 -999.250 -999.250 38.469 44.337 43.154 49.953 59.158 -999.250 -999.250 57.666 67.867 66.620 64.620 48.825 31.334 20.372 15.509 9.586 5.070 2.444 6.252 5.961 5.903 6.250 6.599 7.886 7.891 8.446 8.540 6.012 3.957 2.889 2.727 3.384 5.052 4.930 4.170 4.535 2.810 3.556 2.154 2.907 3.028 4.300 3.627 4.169 4.668 6.391 3.671 1.844 2.969 2.666 1.512 3.268 2.990 5.261 6.050 9.826 8.165 11.169
-999.250 -999.250 -999.250 -999.250 -999.250 -999.250 -999.250 -999.250 -999.250 -999.250 -999.250 34.533 39.433 36.685 41.196 42.718 44.668 45.173 54.690 62.724 66.160 82.289 60.895 41.129 27.088 18.326 15.560 8.742 5.397 5.334 6.867 6.664 7.976 8.273 6.754 8.475 9.088 7.405 8.494 5.102 5.619 3.891 4.531 1.926 2.404 3.604 2.100 2.196 3.269 2.503 3.448 4.919 3.109 4.286 5.859 5.683 4.681 3.862 3.748 2.950 3.658 3.808 3.839 4.914 8.357 12.651 9.891 10.684 12.688
-999.250 -999.250 -999.250 -999.250 -999.250 -999.250 -999.250 -999.250 -999.250 -999.250 -999.250 -999.250 31.992 34.676 35.180 36.427 47.689 38.226 53.206 56.904 62.885 66.249 54.786 46.273 28.225 22.673 14.009 9.446 6.807 6.617 5.859 6.117 8.630 6.030 10.163 9.331 8.604 8.533 9.222 6.045 5.127 4.773 4.733 3.806 2.678 1.685 1.470 1.641 2.895 4.160 2.611 4.601 5.573 4.388 5.297 5.858 4.269 4.552 3.661 3.731 5.558 5.292 5.410 7.227 13.779 15.188 14.602 14.139 17.579
-999.250 -999.250 -999.250 -999.250 -999.250 -999.250 -999.250 -999.250 -999.250 -999.250 -999.250 -999.250 -999.250 30.348 29.447 29.347 36.555 35.287 35.171 50.252 55.160 56.456 51.256 35.993 29.520 19.904 13.028 10.570 10.175 8.643 6.544 7.691 6.831 12.246 9.587 11.135 8.486 7.859 6.842 7.900 5.789 3.781 4.671 5.178 3.670 3.132 3.009 2.368 1.107 1.616 3.823 3.925 4.024 3.241 5.065 3.850 4.676 2.687 4.529 4.966 7.378 6.623 5.696 7.395 13.757 16.042 19.839 19.531 24.536
-999.250 -999.250 -999.250 -999.250 -999.250 -999.250 -999.250 -999.250 -999.250 -999.250 -999.250 -999.250 -999.250 28.832 21.697 24.245 25.270 28.940 31.646 39.854 45.750 43.809 44.061 33.400 28.288 19.466 13.379 10.588 13.929 11.074 9.856 9.231 8.723 11.165 8.450 6.808 9.022 10.071 5.474 8.072 6.574 4.310 4.959 3.958 2.898 2.871 1.640 3.547 2.952 3.744 3.039 4.280 4.262 3.654 3.656 4.567 5.225 6.012 5.360 4.997 5.690 6.179 4.621 8.319 13.939 18.817 17.687 22.532 26.501
-999.250 -999.250 -999.250 -999.250 -999.250 -999.250 -999.250 -999.250 -999.250 -999.250 -999.250 -999.250 -999.250 24.476 20.108 20.568 22.530 24.196 25.283 27.488 29.809 33.261 33.110 30.169 27.100 16.424 13.714 14.900 13.764 14.614 14.110 10.046 7.237 8.789 8.592 9.960 7.177 8.689 10.789 8.011 6.922 5.441 4.029 3.515 3.657 2.325 4.070 3.445 4.073 3.885 2.215 1.452 2.804 3.122 2.501 4.299 4.163 4.496 3.929 6.217 7.139 5.454 4.975 9.871 15.433 13.581 15.447 17.555 23.341
-999.250 -999.250 -999.250 -999.250 -999.250 -999.250 -999.250 -999.250 -999.250 -999.250 -999.250 -999.250 -999.250 -999.250 18.844 18.152 19.457 17.451 25.069 22.288 21.994 25.134 25.131 20.868 24.869 16.939 21.318 21.653 19.641 16.665 15.990 11.541 11.275 7.931 8.207 8.436 7.114 7.108 8.259 8.157 7.075 5.096 4.135 2.039 1.700 3.737 3.619 4.167 4.243 4.473 5.388 3.182 2.300 1.896 3.300 3.120 5.569 4.756 4.473 6.505 7.004 5.202 8.279 10.780 12.801 12.189 11.619 12.929 17.730
-999.250 -999.250 -999.250 -999.250 -999.250 -999.250 -999.250 -999.250 -999.250 -999.250 -999.250 -999.250 -999.250 -999.250 21.365 18.924 15.956 15.713 15.934 15.233 16.332 17.474 18.152 22.625 18.773 18.664 19.146 24.001 31.270 17.966 17.739 15.703 14.239 11.914 8.723 10.735 7.122 7.112 7.044 7.172 5.203 5.862 3.940 4.267 3.165 2.575 3.094 2.592 3.551 4.938 4.082 3.984 3.228 4.447 3.971 3.480 4.248 4.240 6.623 4.894 5.720 5.501 10.437 12.069 12.342 10.368 13.098 15.118 16.683
-999.250 -999.250 -999.250 -999.250 -999.250 -999.250 -999.250 -999.250 -999.250 -999.250 -999.250 -999.250 -999.250 -999.250 20.331 17.497 16.386 14.049 13.225 11.804 15.011 11.050 15.136 15.582 13.588 16.687 17.771 20.446 23.028 19.551 19.262 17.222 12.761 7.892 7.878 7.328 7.430 5.597 7.442 4.710 4.213 4.606 3.965 3.877 2.158 2.262 1.856 1.853 2.775 3.852 3.940 3.750 4.264 4.888 4.665 5.035 5.507 4.855 4.439 5.150 7.224 7.646 10.019 11.726 10.273 15.206 16.097 14.196 16.261
-999.250 -999.250 -999.250 -999.250 -999.250 -999.250 -999.250 -999.250 -999.250 -999.250 -999.250 -999.250 -999.250 -999.250 18.149 17.764 13.862 16.632 10.545 10.519 11.152 12.038 14.149 13.196 11.809 -999.250 12.828 19.988 18.237 20.871 15.700 16.560 12.920 10.993 8.851 8.323 5.835 4.827 6.338 5.663 3.376 4.141 5.268 4.118 3.158 2.110 1.673 1.966 2.489 4.235 3.096 3.748 3.845 3.984 4.688 4.919 4.319 3.856 5.934 6.262 6.867 8.496 11.073 12.458 12.721 13.468 16.352 18.256 15.955
-999.250 -999.250 -999.250 -999.250 -999.250 -999.250 -999.250 -999.250 -999.250 -999.250 -999.250 -999.250 -999.250 -999.250 23.375 20.973 14.099 12.380 12.665 10.392 13.015 9.623 8.407 -999.250 -999.250 -999.250 9.806 11.021 10.749 14.286 14.735 14.550 13.418 9.294 7.680 5.054 4.338 3.480 3.222 3.092 1.417 3.569 2.547 2.914 1.513 2.029 1.186 1.769 1.974 3.165 3.835 3.359 3.681 4.973 5.333 5.985 5.814 6.480 8.492 7.864 8.703 12.309 10.089 11.553 12.616 13.645 12.840 12.400 18.037
-999.250 -999.250 -999.250 -999.250 -999.250 -999.250 -999.250 -999.250 -999.250 -999.250 -999.250 -999.250 -999.250 27.341 25.586 21.366 17.862 15.602 13.910 12.562 11.193 11.117 -999.250 -999.250 -999.250 -999.250 -999.250 13.429 12.540 12.013 12.249 12.426 10.772 8.860 5.399 5.200 3.119 1.956 3.258 0.608 0.000 1.236 1.413 2.266 3.037 1.863 0.629 0.322 3.351 3.671 4.451 5.831 4.799 4.192 4.360 7.338 9.013 11.269 6.789 9.751 8.790 9.870 7.647 13.968 16.163 19.473 16.576 19.118 22.230
-999.250 -999.250 -999.250 -999.250 -999.250 -999.250 -999.250 -999.250 -999.250 -999.250 -999.250 -999.250 -999.250 28.859 26.885 20.893 18.100 17.869 14.944 11.565 -999.250 -999.250 -999.250 -999.250 -999.250 -999.250 -999.250 -999.250 9.143 9.625 7.926 8.587 8.005 5.695 4.408 4.101 2.831 1.343 0.637 0.000 0.000 0.000 0.000 0.000 1.698 0.633 0.172 2.302 3.528 4.336 4.660 5.284 5.791 5.329 6.310 7.151 11.958 11.025 11.182 14.484 13.715 11.501 14.079 16.670 16.170 16.534 17.799 21.452 20.371
-999.250 -999.250 -999.250 -999.250 -999.250 -999.250 -999.250 -999.250 -999.250 -999.250 -999.250 -999.250 30.782 25.219 -999.250 -999.250 -999.250 -999.250 -999.250 -999.250 -999.250 -999.250 -999.250 -999.250 -999.250 -999.250 -999.250 -999.250 -999.250 5.954 6.557 5.987 5.919 5.388 4.096 4.013 2.422 0.375 0.000 0.000 0.000 0.000 0.000 0.000 0.000 0.000 0.000 2.192 2.780 4.164 4.062 6.925 6.854 8.228 6.936 10.443 12.158 15.605 13.714 18.771 13.373 14.701 16.545 14.342 15.413 17.526 21.631 20.202 19.967
-999.250 -999.250 -999.250 -999.250 -999.250 -999.250 -999.250 -999.250 -999.250 -999.250 -999.250 -999.250 -999.250 -999.250 -999.250 -999.250 -999.250 -999.250 -999.250 -999.250 -999.250 -999.250 -999.250 -999.250 -999.250 -999.250 -999.250 -999.250 -999.250 -999.250 4.379 4.854 5.516 7.390 4.750 4.462 0.082 0.023 0.000 0.000 0.000 0.000 0.000 0.000 0.000 0.000 0.000 1.313 2.320 2.493 3.027 6.941 10.195 13.225 12.524 16.876 14.939 14.694 15.719 13.758 12.995 13.764 16.927 23.429 22.894 21.640 22.908 20.816 24.289
-999.250 -999.250 -999.250 -999.250 -999.250 -999.250 -999.250 -999.250 -999.250 -999.250 -999.250 -999.250 -999.250 -999.250 -999.250 -999.250 -999.250 -999.250 -999.250 -999.250 -999.250 -999.250 -999.250 -999.250 -999.250 -999.250 -999.250 -999.250 -999.250 -999.250 4.272 4.852 5.627 5.318 4.976 1.463 0.000 0.000 0.000 0.000 0.000 0.000 0.000 0.000 0.000 0.000 0.000 0.000 0.626 0.783 1.672 5.564 9.228 10.896 12.741 12.825 15.396 14.698 16.342 16.478 15.780 13.357 17.983 19.345 22.706 25.580 22.887 25.748 20.379
-999.250 -999.250 -999.250 -999.250 -999.250 -999.250 -999.250 -999.250 -999.250 -999.250 -999.250 -999.250 -999.250 -999.250 -999.250 -999.250 -999.250 -999.250 -999.250 -999.250 -999.250 -999.250 -999.250 -999.250 -999.250 -999.250 -999.250 -999.250 -999.250 -999.250 3.770 4.380 3.502 3.272 2.430 1.876 0.171 0.000 0.000 0.000 0.000 0.000 0.000 0.000 0.000 0.000 0.000 0.000 0.000 1.301 3.995 4.218 9.812 11.125 10.445 10.581 12.430 14.540 11.948 14.738 14.160 15.537 20.335 19.570 25.022 27.198 22.600 26.365 23.102
-999.250 -999.250 -999.250 -999.250 -999.250 -999.250 -999.250 -999.250 -999.250 -999.250 -999.250 -999.250 -999.250 -999.250 -999.250 -999.250 -999.250 -999.250 -999.250 -999.250 -999.250 -999.250 -999.250 -999.250 -999.250 -999.250 -999.250 -999.250 -999.250 -999.250 -999.250 4.283 2.879 3.328 1.999 0.802 0.000 0.000 0.000 0.000 0.000 0.000 0.000 0.000 0.000 0.000 0.000 0.000 0.000 4.507 4.013 5.520 6.382 10.534 8.386 10.095 11.438 11.252 13.694 13.034 13.923 18.573 20.023 23.090 26.754 29.871 29.769 29.632 20.486
-999.250 -999.250 -999.250 -999.250 -999.250 -999.250 -999.250 -999.250 -999.250 -999.250 -999.250 -999.250 -999.250 -999.250 -999.250 -999.250 -999.250 -999.250 -999.250 -999.250 -999.250 -999.250 -999.250 -999.250 -999.250 -999.250 -999.250 -999.250 -999.250 -999.250 -999.250 2.327 1.950 3.399 0.438 1.083 0.000 0.000 0.000 0.000 0.000 0.000 0.000 0.000 0.000 0.000 0.000 0.247 0.000 0.973 3.102 4.701 7.199 9.580 7.844 8.807 8.390 8.821 7.872 10.982 12.329 14.010 20.660 24.096 27.487 38.873 28.143 26.948 20.432
-999.250 -999.250 -999.250 -999.250 -999.250 -999.250 -999.250 -999.250 -999.250 -999.250 -999.250 -999.250 -999.250 -999.250 -999.250 -999.250 -999.250 -999.250 -999.250 -999.250 -999.250 -999.250 -999.250 -999.250 -999.250 -999.250 -999.250 -999.250 -999.250 -999.250 -999.250 3.997 3.643 2.419 1.777 0.149 0.000 0.000 0.000 0.000 0.000 0.000 0.000 0.000 0.000 0.000 0.000 0.275 1.716 1.371 2.851 3.053 4.731 5.773 6.149 5.974 5.620 6.580 7.469 11.090 8.762 9.767 12.591 17.719 20.079 26.848 23.195 21.347 18.627
-999.250 -999.250 -999.250 -999.250 -999.250 -999.250 -999.250 -999.250 -999.250 -999.250 -999.250 -999.250 -999.250 -999.250 -999.250 -999.250 -999.250 -999.250 -999.250 -999.250 -999.250 -999.250 -999.250 -999.250 -999.250 -999.250 -999.250 -999.250 -999.250 -999.250 -999.250 3.008 4.390 2.833 0.126 0.000 0.000 0.000 0.000 0.000 0.000 0.000 0.000 0.000 0.000 0.000 0.019 0.533 1.023 1.115 1.904 2.727 4.778 4.896 3.030 4.681 5.628 4.397 5.441 5.719 5.569 6.229 8.911 14.420 13.334 19.094 17.451 15.492 12.186
-999.250 -999.250 -999.250 -999.250 -999.250 -999.250 -999.250 -999.250 -999.250 -999.250 -999.250 -999.250 -999.250 -999.250 -999.250 -999.250 -999.250 -999.250 -999.250 -999.250 -999.250 -999.250 -999.250 -999.250 -999.250 -999.250 -999.250 -999.250 -999.250 -999.250 -999.250 1.479 0.000 1.575 0.022 0.000 0.000 0.000 0.000 0.000 0.000 0.000 0.000 0.000 0.000 0.000 0.000 0.639 0.022 2.477 3.072 2.905 2.736 3.082 3.279 4.288 3.893 3.416 2.548 3.336 3.594 3.509 5.933 9.990 9.997 12.368 13.307 11.114 9.827
-999.250 -999.250 -999.250 -999.250 -999.250 -999.250 -999.250 -999.250 -999.250 -999.250 -999.250 -999.250 -999.250 -999.250 -999.250 -999.250 -999.250 -999.250 -999.250 -999.250 -999.250 -999.250 -999.250 -999.250 -999.250 -999.250 -999.250 -999.250 -999.250 -999.250 -999.250 0.913 1.277 0.635 0.000 0.000 0.000 0.000 0.000 0.000 0.000 0.000 0.000 0.000 0.000 0.000 0.000 0.000 0.141 0.043 1.433 2.453 1.115 3.074 2.941 3.189 2.536 0.440 0.000 0.729 0.226 2.014 2.945 3.842 6.045 6.747 5.884 5.909 4.807
-999.250 -999.250 -999.250 -999.250 -999.250 -999.250 -999.250 -999.250 -999.250 -999.250 -999.250 -999.250 -999.250 -999.250 -999.250 -999.250 -999.250 -999.250 -999.250 -999.250 -999.250 -999.250 -999.250 -999.250 -999.250 -999.250 -999.250 -999.250 -999.250 -999.250 -999.250 0.977 0.717 1.107 0.583 0.000 0.000 0.000 0.000 0.000 0.000 0.000 0.000 0.000 0.000 0.000 0.000 0.000 0.000 0.246 3.934 1.566 3.134 2.361 2.246 0.200 1.484 0.233 0.680 0.000 0.000 0.000 0.000 0.000 2.921 0.931 1.015 0.832 0.000
