data/medianmodel_21-Dec-2020.asc
ncols	141
nrows	288
xllcorner	-120191.398
yllcorner	-301404.813
cellsize	2000.000
NODATA_value	-999.250
[rows 145 to 173 of 288, columns 64 to 127 of 141]
642.019 800.861 961.859 1123.305 1231.230 1285.474 1231.679 1230.269 1169.761 1168.320 1084.278 995.249 895.541 778.947 711.947 635.903 623.902 626.959 772.161 911.436 1108.480 1267.749 1428.211 1603.467 1772.308 1945.807 1931.026 -999.250 -999.250 -999.250 -999.250 -999.250 -999.250 -999.250 -999.250 -999.250 -999.250 -999.250 -999.250 -999.250 -999.250 -999.250 -999.250 -999.250 -999.250 -999.250 -999.250 -999.250 -999.250 -999.250 -999.250 -999.250 -999.250 -999.250 -999.250 -999.250 -999.250 -999.250 -999.250 -999.250 -999.250 -999.250 -999.250 -999.250
744.608 907.404 1104.973 1289.260 1429.333 1560.102 1512.902 1462.852 1309.087 1267.891 1247.236 1173.746 1026.727 925.856 816.597 760.745 748.854 800.219 933.928 1117.770 1174.046 1314.359 1614.553 1829.835 1914.877 2072.337 2144.758 2206.557 -999.250 -999.250 -999.250 -999.250 -999.250 -999.250 -999.250 -999.250 -999.250 -999.250 -999.250 -999.250 -999.250 -999.250 -999.250 -999.250 -999.250 -999.250 -999.250 -999.250 -999.250 -999.250 -999.250 -999.250 -999.250 -999.250 -999.250 -999.250 -999.250 -999.250 -999.250 -999.250 -999.250 -999.250 -999.250 -999.250
870.057 1061.984 1232.555 1420.611 1738.608 1885.733 1826.961 1820.594 1600.789 1433.266 1323.856 1265.202 1152.763 1001.382 962.795 918.943 894.378 928.226 1049.258 1174.102 1306.229 1404.503 1691.508 1904.518 1996.507 2115.135 2293.622 2276.954 -999.250 -999.250 -999.250 -999.250 -999.250 -999.250 -999.250 -999.250 -999.250 -999.250 -999.250 -999.250 -999.250 -999.250 -999.250 -999.250 -999.250 -999.250 -999.250 -999.250 -999.250 -999.250 -999.250 -999.250 -999.250 -999.250 -999.250 -999.250 -999.250 -999.250 -999.250 -999.250 -999.250 -999.250 -999.250 -999.250
935.751 1142.812 1280.336 1635.894 1886.852 2114.618 2062.495 1951.558 1791.902 1550.067 1489.959 1296.531 1206.284 1118.482 1068.290 980.729 984.447 1067.787 1178.472 1281.021 1425.816 1680.276 1834.810 1997.550 2115.278 2248.279 2329.565 2271.703 2287.637 2269.904 2283.643 -999.250 -999.250 -999.250 -999.250 -999.250 -999.250 -999.250 -999.250 -999.250 -999.250 -999.250 -999.250 -999.250 -999.250 -999.250 -999.250 -999.250 -999.250 -999.250 -999.250 -999.250 -999.250 -999.250 -999.250 -999.250 -999.250 -999.250 -999.250 -999.250 -999.250 -999.250 -999.250 -999.250
1027.202 1191.217 1408.182 1749.751 1907.387 2073.671 2063.825 2026.246 1754.186 1652.829 1483.937 1309.858 1283.552 1204.425 1120.119 1106.504 1101.445 1169.599 1220.650 1425.403 1682.360 1800.671 1922.849 2098.612 2176.683 2279.278 2297.813 2329.823 2312.589 2335.563 2265.543 2267.269 -999.250 -999.250 -999.250 -999.250 -999.250 -999.250 -999.250 -999.250 -999.250 -999.250 -999.250 -999.250 -999.250 -999.250 -999.250 -999.250 -999.250 -999.250 -999.250 -999.250 -999.250 -999.250 -999.250 -999.250 -999.250 -999.250 -999.250 -999.250 -999.250 -999.250 -999.250 -999.250
1012.287 1191.049 1349.577 1639.170 1886.793 1952.403 1968.547 1911.821 1845.800 1760.458 1500.064 1446.704 1338.030 1287.837 1212.791 1184.079 1176.243 1227.654 1259.110 1429.496 1749.430 1861.227 1944.967 2102.144 2288.462 2273.351 2337.775 2356.347 2340.461 2275.039 2274.173 -999.250 -999.250 -999.250 -999.250 -999.250 -999.250 -999.250 -999.250 -999.250 -999.250 -999.250 -999.250 -999.250 -999.250 -999.250 -999.250 -999.250 -999.250 -999.250 -999.250 -999.250 -999.250 -999.250 -999.250 -999.250 -999.250 -999.250 -999.250 -999.250 -999.250 -999.250 -999.250 -999.250
964.961 1128.882 1275.696 1411.075 1684.202 1841.908 1877.157 1772.296 1840.769 1772.350 1638.864 1516.412 1494.190 1385.131 1275.662 1259.132 1276.281 1319.199 1308.770 1453.887 1746.792 1805.848 1899.709 2072.200 2245.473 2290.518 2305.106 2311.750 2321.844 2289.664 2270.930 -999.250 -999.250 -999.250 -999.250 -999.250 -999.250 -999.250 -999.250 -999.250 -999.250 -999.250 -999.250 -999.250 -999.250 -999.250 -999.250 -999.250 -999.250 -999.250 -999.250 -999.250 -999.250 -999.250 -999.250 -999.250 -999.250 -999.250 -999.250 -999.250 -999.250 -999.250 -999.250 -999.250
943.511 1104.529 1230.947 1340.331 1602.829 1554.223 1697.292 1817.836 1765.719 1816.364 1645.373 1639.556 1408.790 1369.371 1358.661 1356.000 1358.166 1358.518 1306.283 1417.865 1550.197 1774.915 1912.084 2031.389 2219.880 2241.794 2276.682 2283.896 2332.411 2346.479 2236.150 -999.250 -999.250 -999.250 -999.250 -999.250 -999.250 -999.250 -999.250 -999.250 -999.250 -999.250 -999.250 -999.250 -999.250 -999.250 -999.250 -999.250 -999.250 -999.250 -999.250 -999.250 -999.250 -999.250 -999.250 -999.250 -999.250 -999.250 -999.250 -999.250 -999.250 -999.250 -999.250 -999.250
822.585 953.184 1150.690 1230.107 1478.592 1505.098 1649.386 1559.419 1694.180 1661.226 1475.730 1520.813 1378.091 1298.256 1389.360 1310.672 1358.612 1415.758 1350.976 1390.124 1683.261 1700.457 1805.284 2001.004 2120.193 2148.993 2259.557 2281.493 2323.162 2297.297 2156.394 -999.250 -999.250 -999.250 -999.250 -999.250 -999.250 -999.250 -999.250 -999.250 -999.250 -999.250 -999.250 -999.250 -999.250 -999.250 -999.250 -999.250 -999.250 -999.250 -999.250 -999.250 -999.250 -999.250 -999.250 -999.250 -999.250 -999.250 -999.250 -999.250 -999.250 -999.250 -999.250 -999.250
741.015 877.820 1027.396 1107.255 1186.572 1379.835 1461.564 1408.209 1475.908 1495.948 1401.756 1368.384 1318.649 1391.966 1304.809 1345.761 1430.345 1364.054 1449.514 1445.301 1537.833 1556.113 1634.288 1872.370 1906.716 1946.422 2079.076 2225.384 2262.895 2107.393 2065.411 -999.250 -999.250 -999.250 -999.250 -999.250 -999.250 -999.250 -999.250 -999.250 -999.250 -999.250 -999.250 -999.250 -999.250 -999.250 -999.250 -999.250 -999.250 -999.250 -999.250 -999.250 -999.250 -999.250 -999.250 -999.250 -999.250 -999.250 -999.250 -999.250 -999.250 -999.250 -999.250 -999.250
630.035 745.345 820.406 973.360 1092.398 1162.281 1239.241 1328.915 1331.359 1393.847 1325.495 1348.497 1325.913 1293.437 1364.759 1366.492 1401.468 1374.683 1412.307 1426.626 1441.011 1489.885 1501.579 1712.869 1744.963 1830.402 1951.520 1960.360 1995.224 1985.200 1797.804 -999.250 -999.250 -999.250 -999.250 -999.250 -999.250 -999.250 -999.250 -999.250 -999.250 -999.250 -999.250 -999.250 -999.250 -999.250 -999.250 -999.250 -999.250 -999.250 -999.250 -999.250 -999.250 -999.250 -999.250 -999.250 -999.250 -999.250 -999.250 -999.250 -999.250 -999.250 -999.250 -999.250
564.951 641.142 703.579 809.227 935.729 1062.144 1131.841 1246.480 1295.792 1295.137 1325.937 1302.795 1296.038 1291.382 1300.311 1284.934 1298.374 1399.383 1416.600 1361.402 1437.751 1454.132 1483.445 1470.271 1439.569 1438.788 1516.793 1660.048 1681.277 1644.021 1494.083 1448.185 -999.250 -999.250 -999.250 -999.250 -999.250 -999.250 -999.250 -999.250 -999.250 -999.250 -999.250 -999.250 -999.250 -999.250 -999.250 -999.250 -999.250 -999.250 -999.250 -999.250 -999.250 -999.250 -999.250 -999.250 -999.250 -999.250 -999.250 -999.250 -999.250 -999.250 -999.250 -999.250
467.564 553.863 620.329 718.022 845.397 973.391 1025.387 1155.121 1229.666 1225.200 1230.514 1237.858 1318.477 1293.210 1282.222 1287.863 1316.629 1432.033 1425.340 1423.421 1406.985 1381.916 1308.207 1343.325 1293.787 1243.784 1238.707 1239.532 1310.314 1277.502 1360.417 1257.040 1271.456 -999.250 -999.250 -999.250 -999.250 -999.250 -999.250 -999.250 -999.250 -999.250 -999.250 -999.250 -999.250 -999.250 -999.250 -999.250 -999.250 -999.250 -999.250 -999.250 -999.250 -999.250 -999.250 -999.250 -999.250 -999.250 -999.250 -999.250 -999.250 -999.250 -999.250 -999.250
376.267 442.896 545.189 613.738 720.155 827.441 978.137 1107.803 1202.310 1202.118 1192.120 1221.634 1272.335 1253.056 1258.768 1265.900 1342.095 1346.586 1402.179 1502.077 1367.716 1343.171 1246.436 1199.605 1169.219 1071.766 942.630 1056.723 1112.443 1186.000 1148.244 1140.861 1131.187 1067.710 -999.250 -999.250 -999.250 -999.250 -999.250 -999.250 -999.250 -999.250 -999.250 -999.250 -999.250 -999.250 -999.250 -999.250 -999.250 -999.250 -999.250 -999.250 -999.250 -999.250 -999.250 -999.250 -999.250 -999.250 -999.250 -999.250 -999.250 -999.250 -999.250 -999.250
248.993 319.504 395.886 532.596 614.440 721.692 874.442 941.848 1016.391 1069.153 1130.563 1175.838 1188.798 1209.690 1210.209 1227.802 1263.745 1312.039 1331.280 1332.920 1317.005 1298.672 1233.050 1121.953 1070.140 966.010 893.387 891.096 945.824 977.654 969.746 978.334 1000.879 932.695 -999.250 -999.250 -999.250 -999.250 -999.250 -999.250 -999.250 -999.250 -999.250 -999.250 -999.250 -999.250 -999.250 -999.250 -999.250 -999.250 -999.250 -999.250 -999.250 -999.250 -999.250 -999.250 -999.250 -999.250 -999.250 -999.250 -999.250 -999.250 -999.250 -999.250
191.114 186.741 321.470 421.683 540.662 634.724 736.946 863.120 892.279 983.590 959.073 1018.814 1141.649 1164.993 1177.757 1200.433 1245.411 1315.618 1318.824 1263.983 1255.253 1210.254 1167.536 1072.008 980.570 944.505 862.897 822.998 829.541 852.134 860.746 843.908 775.349 792.875 -999.250 -999.250 -999.250 -999.250 -999.250 -999.250 -999.250 -999.250 -999.250 -999.250 -999.250 -999.250 -999.250 -999.250 -999.250 -999.250 -999.250 -999.250 -999.250 -999.250 -999.250 -999.250 -999.250 -999.250 -999.250 -999.250 -999.250 -999.250 -999.250 -999.250
192.866 199.943 281.417 370.372 465.053 585.360 651.316 726.382 822.773 897.875 886.340 992.013 990.417 1084.412 1133.741 1182.315 1245.393 1257.652 1257.771 1215.657 1209.550 1157.247 1107.444 1068.405 948.007 923.093 851.944 785.328 772.787 733.889 721.571 708.410 679.169 692.421 -999.250 -999.250 -999.250 -999.250 -999.250 -999.250 -999.250 -999.250 -999.250 -999.250 -999.250 -999.250 -999.250 -999.250 -999.250 -999.250 -999.250 -999.250 -999.250 -999.250 -999.250 -999.250 -999.250 -999.250 -999.250 -999.250 -999.250 -999.250 -999.250 -999.250
193.280 217.200 259.129 333.815 422.780 517.510 582.261 646.546 734.125 768.456 815.347 896.378 934.516 959.081 1019.309 1147.006 1193.884 1217.461 1236.534 1208.538 1165.003 1118.249 1040.840 1009.209 927.871 797.463 777.897 744.452 709.280 681.936 639.394 586.178 573.728 545.211 -999.250 -999.250 -999.250 -999.250 -999.250 -999.250 -999.250 -999.250 -999.250 -999.250 -999.250 -999.250 -999.250 -999.250 -999.250 -999.250 -999.250 -999.250 -999.250 -999.250 -999.250 -999.250 -999.250 -999.250 -999.250 -999.250 -999.250 -999.250 -999.250 -999.250
211.367 229.222 293.321 341.173 396.087 474.927 522.382 593.563 628.548 706.204 775.098 779.832 841.247 866.309 962.823 1065.642 1090.990 1200.632 1169.981 1143.326 1098.357 1116.705 1057.857 962.170 879.100 817.898 779.900 743.935 677.213 618.447 583.624 534.740 495.764 445.851 418.931 -999.250 -999.250 -999.250 -999.250 -999.250 -999.250 -999.250 -999.250 -999.250 -999.250 -999.250 -999.250 -999.250 -999.250 -999.250 -999.250 -999.250 -999.250 -999.250 -999.250 -999.250 -999.250 -999.250 -999.250 -999.250 -999.250 -999.250 -999.250 -999.250
240.338 267.874 291.482 344.403 381.695 421.643 473.051 521.596 608.080 621.842 665.171 674.168 739.221 749.476 849.939 944.028 974.740 1035.490 1026.623 1002.617 992.049 1024.560 999.209 944.315 864.951 792.415 757.605 715.854 642.360 600.782 574.555 489.863 427.228 369.555 342.745 306.585 -999.250 -999.250 -999.250 -999.250 -999.250 -999.250 -999.250 -999.250 -999.250 -999.250 -999.250 -999.250 -999.250 -999.250 -999.250 -999.250 -999.250 -999.250 -999.250 -999.250 -999.250 -999.250 -999.250 -999.250 -999.250 -999.250 -999.250 -999.250
296.211 309.780 322.850 337.368 369.556 388.482 425.567 460.380 511.015 561.818 584.308 608.283 630.123 657.325 735.713 737.750 819.944 893.558 898.191 926.883 878.855 956.455 934.274 870.497 819.512 794.959 730.303 692.171 640.468 609.859 542.193 433.536 363.703 316.523 269.462 221.522 207.973 197.074 181.894 -999.250 -999.250 -999.250 -999.250 -999.250 -999.250 -999.250 -999.250 -999.250 -999.250 -999.250 -999.250 -999.250 -999.250 -999.250 -999.250 -999.250 -999.250 -999.250 -999.250 -999.250 -999.250 -999.250 -999.250 -999.250
326.370 336.498 335.538 335.755 359.222 370.037 379.787 415.462 447.374 501.933 513.432 537.002 580.596 596.397 605.949 638.494 652.894 716.622 776.147 791.426 838.063 862.925 876.524 825.044 757.459 789.439 802.715 702.502 668.718 612.382 531.168 408.296 347.525 247.430 195.087 153.052 122.457 121.844 112.453 -999.250 -999.250 -999.250 -999.250 -999.250 -999.250 -999.250 -999.250 -999.250 -999.250 -999.250 -999.250 -999.250 -999.250 -999.250 -999.250 -999.250 -999.250 -999.250 -999.250 -999.250 -999.250 -999.250 -999.250 -999.250
351.578 351.900 350.458 346.771 343.802 342.149 346.906 380.665 408.176 405.984 453.232 457.113 478.120 498.787 542.607 548.897 559.360 587.907 644.128 677.443 730.600 764.900 815.321 798.933 826.037 860.495 806.743 755.647 670.215 602.972 521.276 406.206 294.667 201.753 120.237 89.943 73.179 63.355 -999.250 -999.250 -999.250 -999.250 -999.250 -999.250 -999.250 -999.250 -999.250 -999.250 -999.250 -999.250 -999.250 -999.250 -999.250 -999.250 -999.250 -999.250 -999.250 -999.250 -999.250 -999.250 -999.250 -999.250 -999.250 -999.250
407.411 405.358 391.552 355.661 341.198 331.224 342.808 340.966 346.641 358.591 369.268 373.080 380.535 409.604 410.870 420.629 435.614 503.242 562.556 589.391 658.273 765.095 757.709 800.433 855.498 894.395 897.431 799.473 742.538 658.195 543.809 419.373 295.104 175.143 81.830 39.313 26.444 30.391 -999.250 -999.250 -999.250 97.764 103.589 115.716 -999.250 -999.250 -999.250 -999.250 -999.250 -999.250 -999.250 -999.250 -999.250 -999.250 -999.250 -999.250 -999.250 -999.250 -999.250 -999.250 -999.250 -999.250 -999.250 -999.250
491.228 467.692 416.542 391.601 351.026 344.360 323.509 328.342 325.251 307.832 320.708 317.832 324.309 331.371 322.046 320.338 339.066 389.825 461.712 563.703 620.830 736.911 825.291 795.025 879.933 922.704 962.795 877.971 840.057 721.847 591.221 455.386 324.192 174.334 35.461 22.138 20.477 25.755 33.977 44.192 70.613 84.818 96.283 107.135 126.102 -999.250 -999.250 -999.250 -999.250 -999.250 -999.250 -999.250 -999.250 -999.250 -999.250 -999.250 -999.250 -999.250 -999.250 -999.250 -999.250 -999.250 -999.250 -999.250
548.966 524.850 471.247 407.567 377.503 345.836 329.644 322.690 304.668 307.893 295.707 266.527 282.139 279.509 236.057 231.808 235.373 330.154 399.478 485.371 584.919 695.624 777.186 814.620 932.129 993.662 1025.120 988.605 907.823 779.790 620.430 504.040 351.425 216.017 107.281 51.865 34.028 31.281 35.970 46.856 53.857 72.867 90.791 114.300 117.384 127.115 -999.250 -999.250 -999.250 -999.250 -999.250 -999.250 -999.250 -999.250 -999.250 -999.250 -999.250 -999.250 -999.250 -999.250 -999.250 -999.250 -999.250 -999.250
584.720 579.297 525.237 457.034 402.446 366.326 337.794 317.904 286.706 288.329 273.270 252.502 243.845 238.707 221.058 213.103 235.981 303.506 367.051 467.008 560.455 631.033 736.488 867.011 933.429 1013.707 1133.562 1143.104 1026.014 869.987 703.948 549.288 403.318 283.425 186.306 118.025 84.847 59.707 47.989 44.678 54.625 76.909 95.269 105.219 110.077 132.024 -999.250 -999.250 -999.250 -999.250 -999.250 -999.250 -999.250 -999.250 -999.250 -999.250 -999.250 -999.250 -999.250 -999.250 -999.250 -999.250 -999.250 -999.250
661.417 642.339 568.408 499.950 431.927 374.466 347.843 337.559 310.595 293.218 278.728 243.558 227.966 225.018 219.641 218.178 235.159 287.241 365.894 442.688 552.781 611.513 709.628 859.844 937.104 1027.119 1186.092 1310.924 1149.913 892.722 744.838 594.437 452.133 357.039 262.138 195.304 126.090 102.261 94.005 92.425 85.341 92.828 95.970 106.403 135.661 145.637 -999.250 -999.250 -999.250 -999.250 -999.250 -999.250 -999.250 -999.250 -999.250 -999.250 -999.250 -999.250 -999.250 -999.250 -999.250 -999.250 -999.250 -999.250
721.875 700.907 607.004 550.626 483.307 401.267 363.687 344.590 310.099 315.044 258.147 268.316 244.962 235.723 233.907 247.089 269.042 314.624 370.014 435.823 523.304 594.855 707.776 749.526 923.438 1068.317 1157.867 1142.518 1089.620 891.105 738.894 583.355 521.705 412.822 324.751 236.961 201.298 175.832 122.317 116.691 114.078 109.218 109.203 115.234 162.462 165.987 182.919 -999.250 -999.250 -999.250 -999.250 -999.250 -999.250 -999.250 -999.250 -999.250 -999.250 -999.250 -999.250 -999.250 -999.250 -999.250 -999.250 -999.250
