data/medianmodel_17-Nov-2020.asc
ncols	141
nrows	288
xllcorner	-120191.398
yllcorner	-301404.813
cellsize	2000.000
NODATA_value	-999.250
[rows 174 to 202 of 288, columns 65 to 129 of 141]
406.481 368.020 333.094 309.700 297.860 284.182 263.251 226.756 237.774 253.186 253.128 242.966 242.828 238.807 259.526 301.283 340.678 365.871 393.830 462.619 482.299 536.069 574.047 566.895 571.138 613.261 597.986 629.604 653.906 662.701 581.906 608.772 586.075 571.492 519.624 511.361 473.811 455.372 420.903 417.627 425.439 400.660 343.150 327.305 314.145 -999.250 -999.250 -999.250 -999.250 -999.250 -999.250 -999.250 -999.250 -999.250 -999.250 -999.250 -999.250 -999.250 -999.250 -999.250 -999.250 -999.250 -999.250 -999.250 -999.250
437.672 369.571 327.769 303.095 301.232 291.642 266.147 233.956 244.931 250.633 263.632 269.225 257.657 255.297 259.371 303.940 327.346 369.437 395.644 490.374 500.312 536.149 513.587 536.883 542.577 554.992 597.179 600.099 586.734 556.844 571.344 575.328 569.221 529.065 521.097 479.824 440.992 448.521 389.979 423.575 420.313 388.697 362.575 336.459 -999.250 -999.250 -999.250 -999.250 -999.250 -999.250 -999.250 -999.250 -999.250 -999.250 -999.250 -999.250 -999.250 -999.250 -999.250 -999.250 -999.250 -999.250 -999.250 -999.250 -999.250
438.912 381.560 344.881 321.377 306.503 312.144 278.265 265.923 239.660 248.736 265.799 283.147 282.426 242.757 226.655 296.283 336.200 366.844 415.159 460.433 489.048 515.826 520.143 523.569 513.221 495.839 529.168 541.536 550.455 550.523 529.249 551.220 545.021 499.400 481.184 462.118 466.469 431.728 410.620 396.625 377.276 379.829 359.121 325.141 -999.250 -999.250 -999.250 -999.250 -999.250 -999.250 -999.250 -999.250 -999.250 -999.250 -999.250 -999.250 -999.250 -999.250 -999.250 -999.250 -999.250 -999.250 -999.250 -999.250 -999.250
418.869 423.219 359.910 326.411 316.543 292.861 274.203 290.864 271.980 258.778 287.402 296.916 291.886 277.223 278.931 313.645 311.685 369.962 403.909 439.928 419.965 456.586 485.194 495.379 504.684 534.281 488.348 483.158 514.136 499.594 490.909 528.607 513.562 508.925 493.792 480.864 458.582 458.568 393.868 372.372 350.297 346.442 325.797 -999.250 -999.250 -999.250 -999.250 -999.250 -999.250 -999.250 -999.250 -999.250 -999.250 -999.250 -999.250 -999.250 -999.250 -999.250 -999.250 -999.250 -999.250 -999.250 -999.250 -999.250 -999.250
419.131 385.152 351.794 315.112 314.648 297.302 292.654 289.783 288.744 294.273 281.142 301.528 314.223 279.107 304.987 326.775 338.899 373.164 395.763 420.134 391.313 415.100 464.724 463.856 460.313 485.560 489.870 467.509 468.101 477.791 474.121 484.638 469.399 463.713 474.292 484.578 468.637 424.004 394.975 364.779 345.823 338.816 333.215 -999.250 -999.250 -999.250 -999.250 -999.250 -999.250 -999.250 -999.250 -999.250 -999.250 -999.250 -999.250 -999.250 -999.250 -999.250 -999.250 -999.250 -999.250 -999.250 -999.250 -999.250 -999.250
382.906 398.832 385.602 329.459 319.215 312.128 305.535 293.586 284.815 290.394 303.372 315.657 321.833 318.060 314.551 344.280 343.910 359.822 374.417 382.262 412.186 409.240 416.541 456.872 450.068 464.573 439.361 452.888 454.037 460.672 417.698 454.908 451.589 442.706 475.427 460.400 439.020 429.954 392.273 355.407 335.217 340.267 -999.250 -999.250 -999.250 -999.250 -999.250 -999.250 -999.250 -999.250 -999.250 -999.250 -999.250 -999.250 -999.250 -999.250 -999.250 -999.250 -999.250 -999.250 -999.250 -999.250 -999.250 -999.250 -999.250
388.702 378.870 369.868 322.973 309.359 304.023 290.080 292.592 300.725 305.130 306.008 326.334 336.658 344.683 327.223 333.324 361.709 358.203 376.568 409.142 389.880 386.121 395.570 422.709 383.382 412.003 421.744 398.720 415.646 382.510 408.260 386.512 424.290 445.152 475.333 439.172 424.143 414.991 379.190 334.922 342.608 326.894 -999.250 -999.250 -999.250 -999.250 -999.250 -999.250 -999.250 -999.250 -999.250 -999.250 -999.250 -999.250 -999.250 -999.250 -999.250 -999.250 -999.250 -999.250 -999.250 -999.250 -999.250 -999.250 -999.250
390.835 359.191 321.834 303.185 298.184 281.717 291.886 312.279 275.960 310.484 325.244 322.117 329.358 345.325 354.455 331.723 336.593 355.423 397.049 389.832 370.288 337.474 352.302 363.908 346.759 318.929 361.528 359.732 377.463 373.790 374.365 389.029 397.430 414.419 426.728 420.944 380.902 392.675 357.217 354.495 325.579 304.982 -999.250 -999.250 -999.250 -999.250 -999.250 -999.250 -999.250 -999.250 -999.250 -999.250 -999.250 -999.250 -999.250 -999.250 -999.250 -999.250 -999.250 -999.250 -999.250 -999.250 -999.250 -999.250 -999.250
358.703 334.995 305.504 286.120 266.634 255.296 279.632 293.076 290.675 294.358 324.978 332.777 330.589 346.635 357.255 358.590 369.594 382.456 370.715 365.830 353.235 327.897 323.586 311.976 296.373 310.568 287.640 315.823 333.078 335.942 337.424 338.035 393.476 354.623 398.116 375.683 350.206 342.687 353.568 329.353 323.490 -999.250 -999.250 -999.250 -999.250 -999.250 -999.250 -999.250 -999.250 -999.250 -999.250 -999.250 -999.250 -999.250 -999.250 -999.250 -999.250 -999.250 -999.250 -999.250 -999.250 -999.250 -999.250 -999.250 -999.250
310.422 316.736 286.461 271.147 262.158 278.720 276.301 273.895 298.089 279.992 316.539 336.686 323.798 340.027 363.576 375.393 391.668 396.949 369.265 350.324 340.679 332.526 312.862 249.169 232.691 212.390 256.680 277.299 315.236 345.576 344.559 337.600 338.825 346.968 355.240 353.849 339.014 321.512 329.744 314.415 -999.250 -999.250 -999.250 -999.250 -999.250 -999.250 -999.250 -999.250 -999.250 -999.250 -999.250 -999.250 -999.250 -999.250 -999.250 -999.250 -999.250 -999.250 -999.250 -999.250 -999.250 -999.250 -999.250 -999.250 -999.250
276.329 271.201 273.265 250.539 278.836 260.377 262.940 293.879 292.098 293.069 306.896 340.835 323.082 356.693 372.774 362.879 377.500 385.923 386.442 375.624 364.806 339.197 284.259 230.693 201.955 133.611 213.087 283.748 304.416 321.289 310.922 313.120 336.131 342.315 334.687 316.264 314.936 323.864 322.732 317.324 -999.250 -999.250 -999.250 -999.250 -999.250 -999.250 -999.250 -999.250 -999.250 -999.250 -999.250 -999.250 -999.250 -999.250 -999.250 -999.250 -999.250 -999.250 -999.250 -999.250 -999.250 -999.250 -999.250 -999.250 -999.250
240.393 232.882 216.017 215.286 233.255 264.822 272.807 285.759 298.130 299.378 335.336 331.375 329.259 349.473 352.896 374.207 387.630 396.468 400.276 358.515 362.570 312.820 294.969 249.338 206.045 189.973 218.882 248.258 292.672 318.574 317.785 310.932 326.578 305.087 315.589 306.412 302.114 317.992 -999.250 -999.250 -999.250 -999.250 -999.250 -999.250 -999.250 -999.250 -999.250 -999.250 -999.250 -999.250 -999.250 -999.250 -999.250 -999.250 -999.250 -999.250 -999.250 -999.250 -999.250 -999.250 -999.250 -999.250 -999.250 -999.250 -999.250
173.252 170.498 197.010 203.731 244.463 278.375 283.464 314.428 322.865 324.083 330.678 354.296 356.658 375.366 382.298 390.710 387.364 400.848 396.629 385.790 356.924 317.494 297.883 248.878 225.524 225.638 248.171 246.780 275.074 306.618 310.705 290.869 299.383 302.757 283.360 301.268 286.569 -999.250 -999.250 -999.250 -999.250 -999.250 -999.250 -999.250 -999.250 -999.250 -999.250 -999.250 -999.250 -999.250 -999.250 -999.250 -999.250 -999.250 -999.250 -999.250 -999.250 -999.250 -999.250 -999.250 -999.250 -999.250 -999.250 -999.250 -999.250
86.605 155.654 191.702 215.712 260.711 285.793 284.531 318.355 329.044 331.573 352.124 373.080 406.444 385.317 402.078 442.052 430.980 432.025 385.299 404.203 358.159 340.882 307.544 295.750 265.014 265.163 261.597 252.365 271.580 275.394 278.167 275.698 281.917 273.946 271.313 296.538 -999.250 -999.250 -999.250 -999.250 -999.250 -999.250 -999.250 -999.250 -999.250 -999.250 -999.250 -999.250 -999.250 -999.250 -999.250 -999.250 -999.250 -999.250 -999.250 -999.250 -999.250 -999.250 -999.250 -999.250 -999.250 -999.250 -999.250 -999.250 -999.250
146.227 158.391 213.279 249.331 257.610 291.306 298.615 319.280 328.745 360.545 354.665 396.837 396.577 426.538 423.942 426.201 426.379 431.281 417.737 382.723 377.238 351.365 311.579 297.535 276.824 277.964 269.541 259.059 246.865 225.550 237.337 237.051 238.693 250.507 228.638 -999.250 -999.250 -999.250 -999.250 -999.250 -999.250 -999.250 -999.250 -999.250 -999.250 -999.250 -999.250 -999.250 -999.250 -999.250 -999.250 -999.250 -999.250 -999.250 -999.250 -999.250 -999.250 -999.250 -999.250 -999.250 -999.250 -999.250 -999.250 -999.250 -999.250
187.023 196.568 234.014 257.605 300.160 282.209 327.042 344.283 361.348 375.688 401.636 394.257 406.635 439.877 492.691 479.276 466.303 467.729 439.090 399.796 381.964 355.284 330.299 310.972 267.466 250.070 240.513 209.165 217.891 219.059 217.646 221.940 225.743 -999.250 -999.250 -999.250 -999.250 -999.250 -999.250 -999.250 -999.250 -999.250 -999.250 -999.250 -999.250 -999.250 -999.250 -999.250 -999.250 -999.250 -999.250 -999.250 -999.250 -999.250 -999.250 -999.250 -999.250 -999.250 -999.250 -999.250 -999.250 -999.250 -999.250 -999.250 -999.250
224.454 231.860 236.278 272.028 295.145 303.057 336.957 345.672 370.182 402.377 377.551 415.385 457.699 483.636 519.068 517.122 484.900 476.766 463.498 447.109 406.624 355.864 336.132 324.543 253.518 227.158 224.632 218.500 199.945 207.222 197.103 198.995 212.443 -999.250 -999.250 -999.250 -999.250 -999.250 -999.250 -999.250 -999.250 -999.250 -999.250 -999.250 -999.250 -999.250 -999.250 -999.250 -999.250 -999.250 -999.250 -999.250 -999.250 -999.250 -999.250 -999.250 -999.250 -999.250 -999.250 -999.250 -999.250 -999.250 -999.250 -999.250 -999.250
280.384 269.435 287.210 290.819 311.576 324.020 366.550 358.329 386.176 407.115 411.704 425.639 438.082 469.101 519.334 507.977 524.850 504.539 465.279 431.412 432.852 357.245 306.547 296.627 234.405 205.777 195.389 176.115 169.870 188.854 187.397 183.711 -999.250 -999.250 -999.250 -999.250 -999.250 -999.250 -999.250 -999.250 -999.250 -999.250 -999.250 -999.250 -999.250 -999.250 -999.250 -999.250 -999.250 -999.250 -999.250 -999.250 -999.250 -999.250 -999.250 -999.250 -999.250 -999.250 -999.250 -999.250 -999.250 -999.250 -999.250 -999.250 -999.250
314.387 308.689 312.746 328.706 334.174 349.105 353.669 365.024 410.717 445.064 424.655 442.104 461.255 499.171 502.910 521.810 548.699 498.208 507.240 440.958 390.291 361.403 319.479 244.997 207.674 180.825 163.208 156.355 147.269 146.729 160.244 164.147 -999.250 -999.250 -999.250 -999.250 -999.250 -999.250 -999.250 -999.250 -999.250 -999.250 -999.250 -999.250 -999.250 -999.250 -999.250 -999.250 -999.250 -999.250 -999.250 -999.250 -999.250 -999.250 -999.250 -999.250 -999.250 -999.250 -999.250 -999.250 -999.250 -999.250 -999.250 -999.250 -999.250
289.504 328.408 317.530 325.260 338.310 363.745 355.095 365.011 421.697 452.539 458.891 483.995 531.249 478.032 495.264 508.633 519.178 527.861 503.699 468.738 425.652 367.784 305.045 236.458 187.872 157.417 149.829 134.863 125.224 125.154 128.657 145.900 -999.250 -999.250 -999.250 -999.250 -999.250 -999.250 -999.250 -999.250 -999.250 -999.250 -999.250 -999.250 -999.250 -999.250 -999.250 -999.250 -999.250 -999.250 -999.250 -999.250 -999.250 -999.250 -999.250 -999.250 -999.250 -999.250 -999.250 -999.250 -999.250 -999.250 -999.250 -999.250 -999.250
314.467 317.121 330.099 326.216 351.650 380.958 400.221 411.421 415.520 455.455 460.963 500.206 498.821 512.266 518.566 499.311 536.386 502.416 472.173 441.538 407.076 355.419 260.737 207.009 149.461 87.967 96.073 103.196 123.292 134.566 135.313 133.555 -999.250 -999.250 -999.250 -999.250 -999.250 -999.250 -999.250 -999.250 -999.250 -999.250 -999.250 -999.250 -999.250 -999.250 -999.250 -999.250 -999.250 -999.250 -999.250 -999.250 -999.250 -999.250 -999.250 -999.250 -999.250 -999.250 -999.250 -999.250 -999.250 -999.250 -999.250 -999.250 -999.250
317.690 345.745 342.264 351.232 362.479 367.431 366.799 429.783 423.424 468.073 449.941 522.587 508.867 511.178 514.102 541.840 527.773 525.961 488.600 452.014 380.910 331.248 274.056 211.581 131.869 20.032 67.976 87.945 99.280 121.510 116.965 140.848 141.897 -999.250 -999.250 -999.250 -999.250 -999.250 -999.250 -999.250 -999.250 -999.250 -999.250 -999.250 -999.250 -999.250 -999.250 -999.250 -999.250 -999.250 -999.250 -999.250 -999.250 -999.250 -999.250 -999.250 -999.250 -999.250 -999.250 -999.250 -999.250 -999.250 -999.250 -999.250 -999.250
344.341 339.384 369.733 355.067 367.915 379.711 408.170 436.237 452.264 455.879 485.991 479.506 529.011 517.659 528.508 496.441 531.262 499.234 473.427 446.158 392.571 334.724 295.554 224.869 149.960 93.439 89.936 99.007 118.793 118.010 118.196 124.412 121.974 -999.250 -999.250 -999.250 -999.250 -999.250 -999.250 -999.250 -999.250 -999.250 -999.250 -999.250 -999.250 -999.250 -999.250 -999.250 -999.250 -999.250 -999.250 -999.250 -999.250 -999.250 -999.250 -999.250 -999.250 -999.250 -999.250 -999.250 -999.250 -999.250 -999.250 -999.250 -999.250
379.699 382.308 359.644 363.181 368.059 402.589 463.997 445.922 468.292 479.437 437.193 502.787 521.925 526.644 522.183 542.585 515.967 479.829 493.720 434.650 397.933 351.927 295.830 257.182 206.490 158.631 136.988 123.128 124.064 103.588 102.460 117.806 -999.250 -999.250 -999.250 -999.250 -999.250 -999.250 -999.250 -999.250 -999.250 -999.250 -999.250 -999.250 -999.250 -999.250 -999.250 -999.250 -999.250 -999.250 -999.250 -999.250 -999.250 -999.250 -999.250 -999.250 -999.250 -999.250 -999.250 -999.250 -999.250 -999.250 -999.250 -999.250 -999.250
380.711 375.676 371.368 370.834 362.402 414.008 418.601 445.057 450.815 452.256 458.466 525.048 501.602 501.346 503.980 493.969 501.629 508.535 444.591 436.965 408.981 358.314 324.237 279.375 237.666 198.305 170.808 151.541 136.378 136.743 128.878 -999.250 -999.250 -999.250 -999.250 -999.250 -999.250 -999.250 -999.250 -999.250 -999.250 -999.250 -999.250 -999.250 -999.250 -999.250 -999.250 -999.250 -999.250 -999.250 -999.250 -999.250 -999.250 -999.250 -999.250 -999.250 -999.250 -999.250 -999.250 -999.250 -999.250 -999.250 -999.250 -999.250 -999.250
394.484 405.869 381.610 401.048 371.420 391.934 417.597 434.919 454.161 457.244 488.865 477.973 477.823 513.841 518.818 518.983 515.108 477.129 500.203 484.460 428.614 420.351 373.817 301.598 266.113 221.798 214.033 200.993 169.368 152.639 124.410 -999.250 -999.250 -999.250 -999.250 -999.250 -999.250 -999.250 -999.250 -999.250 -999.250 -999.250 -999.250 -999.250 -999.250 -999.250 -999.250 -999.250 -999.250 -999.250 -999.250 -999.250 -999.250 -999.250 -999.250 -999.250 -999.250 -999.250 -999.250 -999.250 -999.250 -999.250 -999.250 -999.250 -999.250
395.283 410.829 421.718 417.223 402.718 427.609 437.310 460.710 431.352 445.547 465.452 479.128 501.532 529.875 508.558 526.838 494.195 499.427 506.149 487.670 459.997 435.164 370.013 338.618 291.563 249.389 230.431 227.436 182.642 161.937 148.987 -999.250 -999.250 -999.250 -999.250 -999.250 -999.250 -999.250 -999.250 -999.250 -999.250 -999.250 -999.250 -999.250 -999.250 -999.250 -999.250 -999.250 -999.250 -999.250 -999.250 -999.250 -999.250 -999.250 -999.250 -999.250 -999.250 -999.250 -999.250 -999.250 -999.250 -999.250 -999.250 -999.250 -999.250
414.720 443.049 428.645 427.257 426.590 450.921 453.494 447.935 442.837 468.493 469.073 488.116 484.575 486.735 476.186 496.340 504.745 528.076 516.773 475.313 479.002 430.949 405.334 358.413 313.403 292.163 299.675 248.006 218.851 188.007 169.239 -999.250 -999.250 -999.250 -999.250 -999.250 -999.250 -999.250 -999.250 -999.250 -999.250 -999.250 -999.250 -999.250 -999.250 -999.250 -999.250 -999.250 -999.250 -999.250 -999.250 -999.250 -999.250 -999.250 -999.250 -999.250 -999.250 -999.250 -999.250 -999.250 -999.250 -999.250 -999.250 -999.250 -999.250
410.233 404.891 434.306 439.177 474.453 438.118 437.205 459.969 450.938 461.171 462.370 453.366 467.687 462.154 482.178 503.877 512.197 526.178 534.589 538.987 496.561 491.000 461.827 397.901 341.280 312.058 286.306 251.792 215.832 188.988 -999.250 -999.250 -999.250 -999.250 -999.250 -999.250 -999.250 -999.250 -999.250 -999.250 -999.250 -999.250 -999.250 -999.250 -999.250 -999.250 -999.250 -999.250 -999.250 -999.250 -999.250 -999.250 -999.250 -999.250 -999.250 -999.250 -999.250 -999.250 -999.250 -999.250 -999.250 -999.250 -999.250 -999.250 -999.250
