data/medianmodel_29-Jul-2020.asc
ncols	141
nrows	288
xllcorner	-120191.398
yllcorner	-301404.813
cellsize	2000.000
NODATA_value	-999.250
[rows 31 to 61 of 288, columns 0 to 68 of 141]
-999.250 -999.250 -999.250 -999.250 -999.250 -999.250 -999.250 -999.250 -999.250 -999.250 -999.250 -999.250 -999.250 -999.250 -999.250 -999.250 -999.250 -999.250 -999.250 -999.250 -999.250 -999.250 -999.250 -999.250 -999.250 -999.250 -999.250 -999.250 -999.250 -999.250 -999.250 -999.250 0.000 0.000 0.000 0.000 0.000 0.000 0.000 0.000 0.000 0.000 0.000 0.000 0.000 0.366 3.129 4.805 5.609 5.673 5.707 6.310 5.767 6.903 9.303 5.058 1.339 0.005 0.000 0.000 0.000 0.000 0.000 0.000 0.000 0.000 0.000 0.000 0.000
-999.250 -999.250 -999.250 -999.250 -999.250 -999.250 -999.250 -999.250 -999.250 -999.250 -999.250 -999.250 -999.250 -999.250 -999.250 -999.250 -999.250 -999.250 -999.250 -999.250 -999.250 -999.250 -999.250 -999.250 -999.250 -999.250 -999.250 -999.250 -999.250 -999.250 -999.250 -999.250 0.000 0.000 0.000 0.000 0.000 0.000 0.000 0.000 0.000 0.000 0.000 0.000 0.000 0.000 2.870 5.409 6.769 4.945 4.291 4.492 5.000 5.916 5.541 4.796 1.424 0.621 0.000 0.000 0.000 0.000 0.000 0.000 0.000 0.000 0.000 0.000 0.000
-999.250 -999.250 -999.250 -999.250 -999.250 -999.250 -999.250 -999.250 -999.250 -999.250 -999.250 -999.250 -999.250 -999.250 -999.250 -999.250 -999.250 -999.250 -999.250 -999.250 -999.250 -999.250 -999.250 -999.250 -999.250 -999.250 -999.250 -999.250 -999.250 -999.250 -999.250 -999.250 0.000 0.000 0.000 0.000 0.000 0.000 0.000 0.000 0.861 0.000 0.000 0.000 0.000 0.026 1.650 4.370 7.116 5.857 3.486 4.535 3.420 3.535 3.936 3.696 0.585 0.000 0.000 0.000 0.000 0.000 0.000 0.000 0.000 0.000 0.000 0.000 0.000
-999.250 -999.250 -999.250 -999.250 -999.250 -999.250 -999.250 -999.250 -999.250 -999.250 -999.250 -999.250 -999.250 -999.250 -999.250 -999.250 -999.250 -999.250 -999.250 -999.250 -999.250 -999.250 -999.250 -999.250 -999.250 -999.250 -999.250 -999.250 -999.250 -999.250 -999.250 -999.250 0.000 0.000 0.000 0.000 0.000 0.000 0.000 0.000 0.000 0.000 0.000 0.000 0.000 0.000 1.197 1.609 4.038 3.758 2.381 1.368 1.820 3.255 1.271 2.892 0.000 0.000 0.000 0.000 0.000 0.000 0.000 0.000 0.000 0.000 0.000 0.000 0.000
-999.250 -999.250 -999.250 -999.250 -999.250 -999.250 -999.250 -999.250 -999.250 -999.250 -999.250 -999.250 -999.250 -999.250 -999.250 -999.250 -999.250 -999.250 -999.250 -999.250 -999.250 -999.250 -999.250 -999.250 -999.250 -999.250 -999.250 -999.250 -999.250 -999.250 -999.250 -999.250 0.000 0.016 0.000 0.000 0.000 0.000 0.000 0.000 0.000 0.442 0.006 0.000 0.000 0.000 0.411 0.493 1.273 0.936 0.225 0.000 0.081 1.723 1.463 0.780 0.000 0.000 0.000 0.000 0.000 0.000 0.000 0.000 0.000 0.000 0.000 0.000 0.000
-999.250 -999.250 -999.250 -999.250 -999.250 -999.250 -999.250 -999.250 -999.250 -999.250 -999.250 -999.250 -999.250 -999.250 -999.250 -999.250 -999.250 -999.250 -999.250 -999.250 -999.250 -999.250 -999.250 -999.250 -999.250 -999.250 -999.250 -999.250 -999.250 -999.250 -999.250 -999.250 2.698 2.485 2.353 1.726 1.636 1.795 3.534 2.795 2.948 0.948 2.493 1.067 1.598 2.074 0.320 0.037 0.881 0.335 0.000 0.000 0.000 0.000 0.267 0.000 0.000 0.000 0.000 0.000 0.000 0.000 0.000 0.000 0.000 0.000 0.000 0.000 0.000
-999.250 -999.250 -999.250 -999.250 -999.250 -999.250 -999.250 -999.250 -999.250 -999.250 -999.250 -999.250 -999.250 -999.250 -999.250 -999.250 -999.250 -999.250 -999.250 -999.250 -999.250 -999.250 -999.250 -999.250 -999.250 -999.250 -999.250 -999.250 -999.250 -999.250 -999.250 -999.250 -999.250 5.804 6.096 6.410 6.572 5.341 6.186 4.610 3.328 3.622 3.808 3.930 3.343 1.148 2.392 2.009 1.323 0.523 0.159 0.000 0.000 0.000 0.000 0.150 0.000 0.000 0.000 0.000 0.000 0.000 0.000 0.000 0.000 0.000 0.000 0.000 0.000
-999.250 -999.250 -999.250 -999.250 -999.250 -999.250 -999.250 -999.250 -999.250 -999.250 -999.250 -999.250 -999.250 -999.250 -999.250 -999.250 -999.250 -999.250 -999.250 -999.250 -999.250 -999.250 -999.250 -999.250 -999.250 -999.250 -999.250 -999.250 -999.250 -999.250 -999.250 -999.250 -999.250 7.748 7.795 7.890 8.758 9.273 8.077 7.481 5.841 6.498 5.108 4.996 6.146 4.393 3.490 2.744 1.916 1.222 0.794 2.218 1.435 0.966 1.010 0.977 1.534 0.000 2.081 0.000 0.000 0.000 0.000 0.000 0.000 0.000 0.000 1.353 2.830
-999.250 -999.250 -999.250 -999.250 -999.250 -999.250 -999.250 -999.250 -999.250 -999.250 -999.250 -999.250 -999.250 -999.250 -999.250 -999.250 -999.250 -999.250 -999.250 -999.250 -999.250 -999.250 -999.250 -999.250 -999.250 -999.250 -999.250 -999.250 -999.250 -999.250 -999.250 -999.250 14.136 10.461 11.743 12.029 11.210 9.776 9.822 8.930 8.320 7.464 7.348 8.444 7.846 6.195 4.049 2.888 3.389 2.791 4.151 4.953 5.253 3.941 2.950 3.104 1.223 0.186 0.000 0.000 0.000 0.000 0.000 0.000 0.000 0.122 2.058 4.070 5.379
-999.250 -999.250 -999.250 -999.250 -999.250 -999.250 -999.250 -999.250 -999.250 -999.250 -999.250 -999.250 -999.250 -999.250 -999.250 -999.250 -999.250 -999.250 -999.250 -999.250 -999.250 -999.250 -999.250 -999.250 -999.250 -999.250 -999.250 -999.250 -999.250 -999.250 -999.250 -999.250 19.305 17.353 14.703 16.492 16.819 16.550 13.238 12.724 10.636 9.105 8.655 9.827 9.939 8.295 5.293 4.474 4.819 5.522 6.943 7.618 9.534 7.573 6.455 4.292 2.399 0.248 0.000 0.000 0.000 0.000 0.000 0.000 0.000 1.205 5.472 8.489 9.288
-999.250 -999.250 -999.250 -999.250 -999.250 -999.250 -999.250 -999.250 -999.250 -999.250 -999.250 -999.250 -999.250 -999.250 -999.250 -999.250 -999.250 -999.250 -999.250 -999.250 -999.250 -999.250 -999.250 -999.250 -999.250 -999.250 -999.250 -999.250 -999.250 -999.250 -999.250 -999.250 -999.250 25.140 25.484 26.277 28.898 24.774 19.297 16.489 13.072 9.714 10.756 10.726 15.948 10.070 5.354 3.000 5.205 6.185 9.460 12.016 15.259 12.528 8.401 5.357 3.998 2.083 1.032 0.000 0.000 0.000 0.000 0.000 0.000 2.498 8.061 14.397 9.788
-999.250 -999.250 -999.250 -999.250 -999.250 -999.250 -999.250 -999.250 -999.250 -999.250 -999.250 -999.250 -999.250 -999.250 -999.250 -999.250 -999.250 -999.250 -999.250 -999.250 -999.250 -999.250 -999.250 -999.250 -999.250 -999.250 -999.250 -999.250 -999.250 -999.250 -999.250 -999.250 -999.250 47.398 47.977 46.491 45.115 36.544 32.099 19.123 15.838 10.475 9.190 9.717 9.309 6.996 4.223 3.614 5.132 7.172 9.793 16.066 29.292 16.405 9.851 7.502 6.292 4.672 1.304 0.000 0.000 0.000 0.000 0.000 0.000 4.572 7.152 9.608 7.976
-999.250 -999.250 -999.250 -999.250 -999.250 -999.250 -999.250 -999.250 -999.250 -999.250 -999.250 -999.250 -999.250 -999.250 -999.250 -999.250 -999.250 -999.250 -999.250 -999.250 -999.250 -999.250 -999.250 -999.250 -999.250 -999.250 -999.250 -999.250 -999.250 -999.250 -999.250 -999.250 -999.250 62.064 67.042 64.942 60.376 60.331 43.064 25.131 15.160 9.460 8.014 6.397 4.611 2.651 1.027 2.939 2.494 6.248 9.988 15.121 21.024 17.978 10.929 8.184 7.208 7.089 3.263 0.373 0.000 0.000 0.000 0.000 0.000 2.113 4.387 6.191 5.545
-999.250 -999.250 -999.250 -999.250 -999.250 -999.250 -999.250 -999.250 -999.250 -999.250 -999.250 -999.250 -999.250 -999.250 -999.250 -999.250 -999.250 -999.250 -999.250 -999.250 -999.250 -999.250 -999.250 -999.250 -999.250 -999.250 -999.250 -999.250 -999.250 -999.250 -999.250 -999.250 -999.250 -999.250 76.641 87.611 70.709 58.110 36.467 25.944 16.012 12.031 6.617 4.274 1.053 0.000 0.000 1.657 3.190 7.162 9.310 13.910 15.895 14.130 10.670 8.931 6.222 4.634 3.091 0.078 0.000 0.000 0.000 0.000 0.000 0.888 2.190 3.167 2.524
-999.250 -999.250 -999.250 -999.250 -999.250 -999.250 -999.250 -999.250 -999.250 -999.250 -999.250 -999.250 -999.250 -999.250 -999.250 -999.250 -999.250 -999.250 -999.250 -999.250 -999.250 -999.250 -999.250 -999.250 -999.250 -999.250 -999.250 -999.250 -999.250 -999.250 -999.250 -999.250 -999.250 -999.250 76.157 77.670 72.987 65.333 37.566 27.261 18.431 9.244 3.966 2.603 0.000 0.000 0.000 1.560 3.183 7.994 10.037 11.310 10.756 11.030 9.177 7.339 5.189 3.443 1.200 0.051 0.000 0.000 0.000 0.000 0.000 0.000 0.000 0.702 1.253
-999.250 -999.250 -999.250 -999.250 -999.250 -999.250 -999.250 -999.250 -999.250 -999.250 -999.250 -999.250 -999.250 -999.250 -999.250 -999.250 -999.250 -999.250 -999.250 -999.250 -999.250 -999.250 -999.250 -999.250 -999.250 -999.250 -999.250 -999.250 -999.250 -999.250 -999.250 -999.250 -999.250 -999.250 65.978 65.359 58.598 52.887 38.429 22.282 12.926 6.826 3.690 0.000 0.000 0.000 0.000 1.516 4.060 6.869 12.340 10.084 9.854 8.968 9.329 7.058 5.684 3.633 0.789 0.000 0.000 0.000 0.000 0.000 0.000 0.000 0.000 0.093 0.000
-999.250 -999.250 -999.250 -999.250 -999.250 -999.250 -999.250 -999.250 -999.250 -999.250 -999.250 -999.250 -999.250 -999.250 -999.250 -999.250 -999.250 -999.250 -999.250 -999.250 -999.250 -999.250 -999.250 -999.250 -999.250 -999.250 -999.250 -999.250 -999.250 -999.250 -999.250 -999.250 -999.250 -999.250 53.936 61.040 53.503 39.506 28.367 20.209 11.331 6.818 2.331 0.000 0.000 0.000 0.000 2.036 5.138 6.768 7.006 7.944 8.006 7.807 10.694 7.477 4.082 1.931 0.627 0.000 0.000 0.000 0.000 0.000 0.000 0.000 0.000 0.000 0.000
-999.250 -999.250 -999.250 -999.250 -999.250 -999.250 -999.250 -999.250 -999.250 -999.250 -999.250 -999.250 -999.250 -999.250 -999.250 -999.250 -999.250 -999.250 -999.250 -999.250 -999.250 -999.250 -999.250 -999.250 -999.250 -999.250 -999.250 -999.250 -999.250 -999.250 -999.250 -999.250 -999.250 -999.250 -999.250 37.411 37.935 26.787 22.836 14.952 12.201 7.492 4.054 0.381 0.000 0.000 0.000 1.419 2.764 4.700 4.551 5.706 5.027 4.437 5.344 4.200 3.316 1.843 1.115 0.000 0.000 0.000 1.880 0.000 0.000 0.000 0.000 0.000 0.000
-999.250 -999.250 -999.250 -999.250 -999.250 -999.250 -999.250 -999.250 -999.250 -999.250 -999.250 -999.250 -999.250 -999.250 -999.250 -999.250 -999.250 -999.250 -999.250 -999.250 -999.250 -999.250 -999.250 -999.250 -999.250 -999.250 -999.250 -999.250 -999.250 -999.250 -999.250 -999.250 -999.250 -999.250 -999.250 27.726 20.365 20.306 18.029 17.959 10.389 8.524 5.528 2.037 1.380 0.000 0.664 2.153 3.574 2.494 2.276 3.450 3.629 2.138 3.605 2.189 1.994 1.118 1.003 0.285 0.000 0.523 1.286 0.000 0.221 0.000 0.000 0.000 0.000
-999.250 -999.250 -999.250 -999.250 -999.250 -999.250 -999.250 -999.250 -999.250 -999.250 -999.250 -999.250 -999.250 -999.250 -999.250 -999.250 -999.250 -999.250 -999.250 -999.250 -999.250 -999.250 -999.250 -999.250 -999.250 -999.250 -999.250 -999.250 -999.250 -999.250 -999.250 -999.250 -999.250 -999.250 -999.250 19.232 14.792 13.172 13.973 18.709 10.669 7.540 7.754 5.992 4.360 2.848 0.826 1.886 2.563 2.358 2.443 2.487 3.336 2.234 1.967 1.896 0.719 2.600 1.284 0.372 0.000 1.461 0.440 0.909 1.831 1.517 0.960 0.225 0.000
-999.250 -999.250 -999.250 -999.250 -999.250 -999.250 -999.250 -999.250 -999.250 -999.250 -999.250 -999.250 -999.250 -999.250 -999.250 -999.250 -999.250 -999.250 -999.250 -999.250 -999.250 -999.250 -999.250 -999.250 -999.250 -999.250 -999.250 -999.250 -999.250 -999.250 -999.250 -999.250 -999.250 -999.250 -999.250 15.385 10.842 9.431 6.843 9.168 9.261 9.183 11.289 6.532 4.301 2.610 1.707 1.766 2.205 2.784 3.507 2.028 3.509 2.574 1.277 1.804 1.883 1.704 3.287 2.021 1.298 2.069 4.345 4.085 4.155 3.078 3.231 1.477 0.871
-999.250 -999.250 -999.250 -999.250 -999.250 -999.250 -999.250 -999.250 -999.250 -999.250 -999.250 -999.250 -999.250 -999.250 -999.250 -999.250 -999.250 -999.250 -999.250 -999.250 -999.250 -999.250 -999.250 -999.250 -999.250 -999.250 -999.250 -999.250 -999.250 -999.250 -999.250 -999.250 -999.250 -999.250 -999.250 10.965 8.343 7.060 4.886 5.454 6.916 8.074 8.299 6.697 6.142 3.611 2.010 2.783 3.010 5.809 3.445 4.063 3.486 2.757 1.156 1.081 0.833 1.971 3.140 5.050 3.607 3.712 5.381 5.431 6.543 5.558 6.476 4.673 1.757
-999.250 -999.250 -999.250 -999.250 -999.250 -999.250 -999.250 -999.250 -999.250 -999.250 -999.250 -999.250 -999.250 -999.250 -999.250 -999.250 -999.250 -999.250 -999.250 -999.250 -999.250 -999.250 -999.250 -999.250 -999.250 -999.250 -999.250 -999.250 -999.250 -999.250 -999.250 -999.250 -999.250 -999.250 -999.250 -999.250 9.080 6.107 6.695 7.352 7.237 7.265 7.430 7.340 6.105 4.901 3.388 1.355 1.020 2.537 2.493 3.505 7.166 4.104 1.993 0.735 1.406 3.941 4.608 7.768 5.506 4.995 7.045 7.712 9.598 8.480 9.069 7.805 2.948
-999.250 -999.250 -999.250 -999.250 -999.250 -999.250 -999.250 -999.250 -999.250 -999.250 -999.250 -999.250 -999.250 -999.250 -999.250 -999.250 -999.250 -999.250 -999.250 -999.250 -999.250 -999.250 -999.250 -999.250 -999.250 -999.250 -999.250 -999.250 -999.250 -999.250 -999.250 -999.250 -999.250 -999.250 -999.250 -999.250 9.078 8.391 8.767 12.927 8.969 7.072 7.476 7.832 5.411 4.042 2.198 1.186 0.122 0.685 1.552 1.882 3.400 3.526 1.893 2.087 3.582 3.398 4.621 7.018 6.940 6.910 7.536 8.243 10.002 10.885 11.814 9.380 4.558
-999.250 -999.250 -999.250 -999.250 -999.250 -999.250 -999.250 -999.250 -999.250 -999.250 -999.250 -999.250 -999.250 -999.250 -999.250 -999.250 -999.250 -999.250 -999.250 -999.250 -999.250 -999.250 -999.250 -999.250 -999.250 -999.250 -999.250 -999.250 -999.250 -999.250 -999.250 -999.250 -999.250 -999.250 -999.250 -999.250 -999.250 8.590 8.957 10.704 9.422 7.809 5.825 5.244 2.652 2.383 0.151 0.000 0.000 0.000 0.000 0.111 2.512 1.153 0.386 1.837 2.732 4.016 4.517 6.212 7.532 8.083 9.348 9.750 10.853 14.864 21.336 11.596 6.447
-999.250 -999.250 -999.250 -999.250 -999.250 -999.250 -999.250 -999.250 -999.250 -999.250 -999.250 -999.250 -999.250 -999.250 -999.250 -999.250 -999.250 -999.250 -999.250 -999.250 -999.250 -999.250 -999.250 -999.250 -999.250 -999.250 -999.250 -999.250 -999.250 -999.250 -999.250 -999.250 -999.250 -999.250 -999.250 -999.250 -999.250 8.251 8.666 9.536 10.633 9.077 6.136 4.608 2.972 2.098 0.000 0.000 0.000 0.000 0.000 0.167 0.000 2.007 0.588 2.222 2.934 3.951 5.211 5.863 5.327 7.689 8.972 9.945 11.423 11.924 13.721 11.105 7.963
-999.250 -999.250 -999.250 -999.250 -999.250 -999.250 -999.250 -999.250 -999.250 -999.250 -999.250 -999.250 -999.250 -999.250 -999.250 -999.250 -999.250 -999.250 -999.250 -999.250 -999.250 -999.250 -999.250 -999.250 -999.250 -999.250 -999.250 -999.250 -999.250 -999.250 -999.250 -999.250 -999.250 -999.250 -999.250 -999.250 -999.250 6.868 8.443 9.766 13.645 8.952 5.916 4.142 3.432 1.544 0.191 0.000 0.000 0.000 0.000 0.000 0.000 0.068 0.567 1.847 3.317 5.202 6.295 5.620 7.426 8.585 9.036 9.478 9.239 11.059 10.057 9.878 9.865
-999.250 -999.250 -999.250 -999.250 -999.250 -999.250 -999.250 -999.250 -999.250 -999.250 -999.250 -999.250 -999.250 -999.250 -999.250 -999.250 -999.250 -999.250 -999.250 -999.250 -999.250 -999.250 -999.250 -999.250 -999.250 -999.250 -999.250 -999.250 -999.250 -999.250 -999.250 -999.250 -999.250 -999.250 -999.250 -999.250 -999.250 4.548 7.025 8.710 9.313 6.665 4.957 2.743 1.708 1.517 0.000 0.000 0.000 0.000 0.000 0.000 0.000 0.000 0.233 1.877 4.576 7.075 7.318 8.051 7.670 8.583 8.832 8.386 8.089 9.310 9.788 8.454 7.521
-999.250 -999.250 -999.250 -999.250 -999.250 -999.250 -999.250 -999.250 -999.250 -999.250 -999.250 -999.250 -999.250 -999.250 -999.250 -999.250 -999.250 -999.250 -999.250 -999.250 -999.250 -999.250 -999.250 -999.250 -999.250 -999.250 -999.250 -999.250 -999.250 -999.250 -999.250 -999.250 -999.250 -999.250 -999.250 -999.250 -999.250 -999.250 3.812 5.723 6.200 6.047 5.650 2.380 2.222 1.190 0.000 0.080 0.000 0.000 0.000 0.000 0.000 0.000 0.398 3.114 6.281 8.892 10.704 9.394 9.664 9.152 9.314 8.809 8.158 7.751 9.038 7.412 5.646
-999.250 -999.250 -999.250 -999.250 -999.250 -999.250 -999.250 -999.250 -999.250 -999.250 -999.250 -999.250 -999.250 -999.250 -999.250 -999.250 -999.250 -999.250 -999.250 -999.250 -999.250 -999.250 -999.250 -999.250 -999.250 -999.250 -999.250 -999.250 -999.250 -999.250 -999.250 -999.250 -999.250 -999.250 -999.250 -999.250 -999.250 -999.250 1.938 4.251 4.073 6.265 5.233 4.702 3.788 3.853 3.280 1.078 0.000 0.000 0.000 0.000 0.000 0.000 0.370 3.168 6.992 9.643 16.444 10.865 10.396 9.370 8.868 8.128 7.546 4.801 6.319 5.989 5.095
-999.250 -999.250 -999.250 -999.250 -999.250 -999.250 -999.250 -999.250 -999.250 -999.250 -999.250 -999.250 -999.250 -999.250 -999.250 -999.250 -999.250 -999.250 -999.250 -999.250 -999.250 -999.250 -999.250 -999.250 -999.250 -999.250 -999.250 -999.250 -999.250 -999.250 -999.250 -999.250 -999.250 -999.250 -999.250 -999.250 -999.250 -999.250 0.858 2.449 3.536 5.524 6.551 6.291 6.171 4.425 4.859 3.138 1.360 0.000 0.000 0.000 0.000 0.000 0.544 1.639 6.636 10.073 11.533 10.970 10.671 9.016 7.495 7.096 6.981 4.157 5.070 5.393 3.795
