data/medianmodel_12-Sep-2020.asc
ncols	141
nrows	288
xllcorner	-120191.398
yllcorner	-301404.813
cellsize	2000.000
NODATA_value	-999.250
[rows 150 to 179 of 288, columns 0 to 68 of 141]
-999.250 -999.250 -999.250 -999.250 -999.250 -999.250 -999.250 -999.250 -999.250 -999.250 -999.250 -999.250 5.409 5.882 3.894 3.004 2.602 5.947 8.946 13.339 16.712 20.136 23.973 24.248 28.639 33.650 32.324 38.868 39.011 40.981 42.212 44.223 44.348 38.293 35.174 35.357 29.160 27.355 21.590 18.265 13.764 14.106 10.379 7.051 6.367 0.727 0.042 2.006 2.249 2.162 2.672 0.934 0.000 0.198 1.665 5.983 6.754 6.870 8.405 5.394 4.226 2.002 0.000 0.000 0.000 0.000 0.000 0.000 0.000
-999.250 -999.250 -999.250 -999.250 -999.250 -999.250 -999.250 -999.250 -999.250 -999.250 -999.250 8.479 4.993 0.928 1.891 1.497 0.885 5.339 8.874 10.450 15.976 18.715 22.876 25.457 26.316 34.000 34.822 38.267 44.115 47.425 42.879 49.938 47.979 47.604 39.499 40.685 35.486 32.259 26.297 21.298 18.000 14.934 11.989 7.151 1.826 0.000 2.630 7.351 6.806 8.189 6.017 4.438 4.511 2.416 4.895 3.310 5.386 6.554 7.761 4.684 1.795 3.882 0.765 0.000 0.000 0.000 0.000 0.000 0.000
-999.250 -999.250 -999.250 -999.250 -999.250 -999.250 -999.250 -999.250 -999.250 -999.250 10.560 7.194 4.318 1.376 0.000 0.000 0.000 4.152 7.513 12.795 14.460 16.124 21.662 23.703 25.632 28.563 36.167 38.100 43.131 47.331 47.584 50.223 49.823 49.095 46.633 43.464 38.190 35.793 29.836 22.852 20.312 14.963 11.671 8.713 8.600 7.570 12.830 15.484 14.854 13.540 10.299 9.831 6.412 7.655 3.756 4.958 4.203 7.813 6.158 4.705 3.446 4.911 2.608 2.365 0.000 0.000 0.000 0.000 0.000
-999.250 -999.250 -999.250 -999.250 -999.250 -999.250 -999.250 -999.250 -999.250 14.590 9.675 5.177 3.006 0.000 0.000 0.000 0.000 0.948 6.117 13.484 13.787 16.080 19.682 22.629 22.384 31.824 34.745 35.980 40.713 45.888 52.894 56.057 50.374 58.052 51.474 49.526 43.865 36.181 35.096 28.153 21.379 16.275 14.968 14.011 16.159 20.201 22.980 24.935 19.662 18.234 15.297 12.359 11.356 9.686 8.844 6.362 7.293 7.803 6.821 7.117 4.807 4.066 4.581 1.314 0.000 0.000 0.000 0.000 0.000
-999.250 -999.250 -999.250 -999.250 -999.250 26.772 26.414 19.563 18.736 15.273 8.036 4.059 0.566 0.000 0.000 0.000 0.000 0.000 3.902 8.075 10.188 14.634 17.167 22.680 26.135 32.396 35.547 40.510 41.029 49.625 56.003 54.091 57.736 56.204 52.974 57.770 51.393 47.203 39.772 32.531 29.068 23.090 18.203 20.171 21.397 29.742 43.492 33.455 26.788 20.862 18.244 15.877 13.583 12.218 12.082 8.767 10.927 7.661 8.026 7.389 6.118 5.874 4.734 2.329 1.528 0.000 0.000 0.000 0.000
-999.250 -999.250 -999.250 -999.250 -999.250 -999.250 -999.250 17.875 14.885 11.565 6.677 3.370 0.000 0.000 0.000 0.000 0.000 0.000 1.287 5.644 8.491 10.604 16.612 19.208 26.937 34.349 35.568 38.222 44.525 52.021 55.132 58.401 55.819 57.223 64.116 64.057 61.631 51.251 43.645 36.709 33.470 27.787 22.917 19.737 25.277 30.921 36.666 34.313 28.906 22.852 22.137 17.794 11.572 12.732 14.283 13.556 10.048 10.809 9.597 8.050 6.401 5.995 5.436 2.595 3.714 2.853 0.193 0.000 0.000
-999.250 -999.250 -999.250 -999.250 -999.250 -999.250 -999.250 15.013 11.647 7.266 4.827 1.428 0.000 0.000 0.000 0.000 0.000 0.000 0.000 1.034 5.124 8.006 13.195 19.742 24.655 30.027 35.004 37.358 43.669 49.356 51.750 55.505 61.397 61.080 66.603 68.948 66.300 53.284 49.086 44.639 39.227 34.157 27.470 22.478 26.566 28.381 28.077 30.174 28.359 23.350 22.152 15.709 15.907 14.104 15.714 13.036 12.255 11.153 11.899 6.874 7.703 6.043 5.157 5.880 3.496 1.578 0.000 0.123 0.000
-999.250 -999.250 -999.250 -999.250 -999.250 -999.250 -999.250 11.760 9.078 6.327 3.395 1.002 0.000 0.000 0.000 0.000 0.000 0.000 0.000 0.107 3.725 5.597 11.880 18.485 24.663 30.733 34.176 37.681 43.061 47.428 55.447 61.060 61.659 68.353 70.503 71.212 69.711 59.597 53.422 45.796 38.314 32.553 31.005 26.255 23.900 22.593 23.529 22.134 24.590 22.022 20.315 18.779 15.752 14.139 14.486 14.192 11.093 11.161 10.014 7.751 5.643 4.926 5.189 4.677 4.063 1.235 0.164 0.000 0.000
-999.250 -999.250 -999.250 -999.250 -999.250 -999.250 -999.250 9.645 6.630 4.439 1.204 0.401 0.000 0.000 0.000 0.000 0.000 0.000 0.000 0.000 0.000 5.200 8.987 17.355 23.072 30.318 37.697 38.905 42.048 51.638 56.960 65.196 69.457 69.841 78.503 76.353 79.790 72.905 64.555 46.191 38.940 30.538 27.416 23.789 19.585 20.200 21.072 18.400 18.917 19.713 20.707 17.877 19.021 16.434 14.357 15.728 12.860 11.649 11.639 6.732 8.324 6.119 5.509 5.683 3.584 2.177 1.092 0.000 0.000
-999.250 -999.250 -999.250 -999.250 -999.250 -999.250 -999.250 -999.250 4.104 3.912 1.198 0.000 0.000 0.000 0.000 0.000 0.000 0.000 0.000 0.000 0.418 4.992 11.693 16.242 26.653 29.989 33.784 41.856 43.039 46.157 55.685 65.256 66.225 74.055 83.353 88.992 88.230 80.812 62.126 48.607 37.204 28.598 23.533 19.681 18.461 17.896 18.946 18.575 19.278 20.162 20.545 19.015 20.095 17.639 15.566 13.261 13.068 11.375 9.233 6.555 8.125 5.209 7.468 7.684 6.256 5.087 2.093 0.000 0.000
-999.250 -999.250 -999.250 -999.250 -999.250 -999.250 -999.250 -999.250 3.438 3.868 0.000 0.000 0.000 0.000 0.000 0.000 0.000 0.000 0.000 0.000 0.000 4.951 12.269 19.544 24.018 31.130 35.392 40.532 43.151 46.117 49.663 57.303 62.686 73.965 82.481 94.999 96.137 80.678 60.281 43.063 31.215 28.333 22.298 18.207 15.762 16.649 16.206 17.713 19.355 19.391 20.378 20.190 19.522 16.354 14.616 12.611 15.446 12.847 9.957 7.940 6.611 6.770 6.649 6.190 6.301 6.669 2.826 0.343 0.000
-999.250 -999.250 -999.250 -999.250 -999.250 -999.250 -999.250 2.419 1.006 0.249 0.000 0.000 0.000 0.000 0.000 0.000 0.000 0.000 0.000 0.000 0.000 6.758 15.665 20.169 26.096 31.882 38.787 39.225 41.739 40.709 49.780 55.861 63.383 62.849 76.885 91.532 109.716 78.563 48.753 31.397 23.525 19.205 17.762 15.798 15.833 14.326 17.062 16.221 15.992 18.480 16.257 17.798 18.468 13.276 15.390 13.339 10.822 11.274 10.457 8.484 7.059 4.947 7.164 5.910 5.674 5.133 3.618 0.333 0.000
-999.250 -999.250 -999.250 -999.250 -999.250 -999.250 -999.250 2.286 0.000 0.000 0.000 0.000 0.000 0.000 0.000 0.000 0.000 0.000 0.000 0.000 0.000 6.726 16.969 23.814 32.072 36.681 40.262 37.862 40.463 43.203 43.616 46.490 49.261 55.144 64.995 71.537 76.146 55.906 32.148 20.635 17.931 14.816 11.273 11.736 11.837 12.267 13.898 13.875 15.255 16.607 15.302 14.837 16.629 15.960 12.936 12.884 10.538 8.583 8.606 9.250 5.959 6.233 4.982 5.932 6.143 4.752 0.787 0.254 0.000
-999.250 -999.250 -999.250 -999.250 -999.250 -999.250 -999.250 3.859 0.000 0.000 0.000 0.000 0.000 0.000 0.000 0.000 0.000 0.000 0.000 0.000 2.725 10.473 20.197 28.209 36.310 40.275 42.342 41.543 43.306 37.568 39.013 37.288 38.683 41.769 45.101 49.905 45.657 31.215 13.306 10.492 8.986 9.301 7.755 8.770 8.885 11.032 12.893 13.210 14.774 16.352 14.541 16.304 17.063 13.863 15.384 14.149 8.575 9.604 12.024 7.125 6.544 5.178 4.427 5.114 3.989 3.565 0.755 0.356 0.074
-999.250 -999.250 -999.250 -999.250 -999.250 -999.250 -999.250 2.347 0.000 0.000 0.000 0.000 0.000 0.000 0.000 0.000 0.000 0.000 0.000 1.925 6.639 14.102 21.547 32.555 38.323 46.644 47.686 50.815 45.610 37.168 31.348 25.863 26.793 27.530 31.321 33.605 29.057 17.576 8.787 5.323 5.757 4.708 5.222 7.868 9.037 8.971 10.258 13.741 11.959 12.615 14.220 15.861 14.233 13.992 12.597 10.478 9.133 12.554 9.422 9.217 3.962 2.649 3.392 3.118 0.575 0.260 0.888 0.000 0.000
-999.250 -999.250 -999.250 -999.250 -999.250 -999.250 4.433 0.017 0.000 0.000 0.000 0.000 0.000 0.000 0.000 0.000 0.000 0.000 1.949 7.109 11.475 16.903 24.114 32.960 44.353 52.161 61.319 60.579 54.488 41.797 28.768 16.776 18.206 19.367 22.224 22.061 17.431 11.833 6.582 3.289 1.788 3.953 4.732 6.036 8.066 8.861 11.973 12.472 14.832 14.001 15.552 13.491 10.487 12.382 10.651 10.284 11.365 10.907 8.303 8.657 6.925 3.563 4.038 1.932 3.244 0.000 0.000 0.000 0.000
-999.250 -999.250 -999.250 -999.250 -999.250 -999.250 5.408 1.354 0.294 0.460 3.586 0.775 2.245 1.329 1.994 0.753 0.968 4.760 8.317 10.271 12.975 19.622 23.040 33.950 44.812 58.610 72.407 75.920 65.734 44.651 32.226 19.595 15.235 14.892 13.648 11.912 9.335 7.661 2.545 1.619 2.603 3.695 4.182 6.170 7.842 7.547 9.531 13.878 13.494 14.346 16.516 14.751 14.205 14.889 13.287 12.543 12.808 12.904 11.365 9.270 6.955 5.401 4.902 3.495 1.181 0.310 0.000 0.000 0.000
-999.250 -999.250 -999.250 -999.250 -999.250 6.736 7.603 3.209 4.458 4.319 5.641 7.226 5.996 4.610 5.252 4.908 8.416 9.161 11.854 14.855 17.191 22.950 28.211 36.888 53.097 63.603 78.377 92.446 78.012 56.262 39.035 24.236 15.757 12.857 9.653 6.749 6.056 3.343 0.815 0.793 0.667 0.780 2.840 6.248 9.642 10.043 10.846 13.304 11.959 13.677 15.439 15.703 13.153 12.416 13.742 11.335 12.755 12.369 10.139 9.021 5.146 5.312 5.462 3.601 0.806 0.864 0.000 0.000 0.000
-999.250 -999.250 -999.250 -999.250 -999.250 9.104 7.066 6.042 6.067 7.128 8.798 14.007 11.659 9.073 10.921 11.778 13.055 15.769 18.107 18.913 20.482 23.234 30.543 38.921 48.691 62.433 71.898 74.759 71.810 58.458 38.634 27.183 16.179 12.895 8.638 5.382 3.440 4.703 1.251 0.570 2.813 2.345 4.544 5.975 8.927 9.589 10.087 9.257 14.922 16.206 15.793 14.138 16.456 13.162 11.868 13.311 13.594 11.591 10.311 7.310 6.751 3.656 3.737 0.640 0.959 0.000 0.000 0.000 0.000
-999.250 -999.250 -999.250 -999.250 14.554 13.382 11.784 10.164 10.877 12.681 14.386 15.369 14.963 14.257 13.148 18.473 23.550 25.874 29.648 29.397 32.903 29.443 31.135 39.012 49.213 53.359 62.759 68.653 63.628 51.790 41.639 26.500 18.817 14.641 10.155 8.965 5.181 2.035 0.730 1.515 3.744 6.066 5.949 8.427 9.887 11.201 14.419 14.491 15.895 19.055 18.733 15.008 14.050 14.356 13.988 16.033 14.981 12.996 12.895 9.608 7.783 5.781 3.238 1.920 1.963 0.570 0.000 0.000 0.000
-999.250 -999.250 -999.250 -999.250 16.931 16.764 13.538 14.767 14.618 16.829 18.392 19.303 20.116 23.096 24.068 25.182 32.743 39.834 43.670 42.624 42.978 37.675 34.051 41.300 46.983 53.675 56.388 58.088 53.349 50.621 37.746 27.565 19.258 15.415 11.580 6.894 5.785 5.222 1.690 3.304 5.939 5.874 8.709 10.372 13.747 12.264 15.299 13.925 15.005 18.500 19.105 17.102 17.660 16.728 13.266 14.074 14.970 13.944 11.708 9.881 7.769 4.787 5.342 3.347 2.695 0.000 0.000 0.000 0.000
-999.250 -999.250 -999.250 -999.250 19.083 18.742 18.692 18.845 18.541 23.920 25.950 25.903 26.847 29.139 32.690 35.919 43.095 49.874 59.542 65.302 61.840 55.257 50.283 52.594 54.977 55.183 55.981 53.251 56.874 47.816 39.805 31.302 24.687 18.075 14.673 9.835 7.316 6.487 6.354 6.998 7.559 8.579 10.348 14.399 15.123 14.595 17.155 17.049 18.690 18.077 20.170 18.516 17.658 18.462 16.457 15.792 14.284 13.212 10.562 7.494 6.615 5.581 2.532 3.065 1.722 0.914 0.000 0.000 0.000
-999.250 -999.250 -999.250 -999.250 26.562 27.311 25.083 26.566 27.590 30.290 35.175 35.972 32.583 34.739 41.601 46.639 52.208 72.537 83.949 91.565 82.671 77.295 66.602 63.433 66.888 61.892 51.808 54.454 52.785 45.031 40.735 32.794 23.927 18.346 16.933 14.088 10.714 8.308 7.380 9.324 11.529 11.936 15.473 18.897 22.255 20.340 20.121 20.531 20.065 18.788 19.044 19.301 20.235 18.512 18.083 17.125 17.957 13.541 9.654 10.741 7.187 5.472 2.739 4.091 1.713 0.000 0.000 0.000 0.000
-999.250 -999.250 -999.250 -999.250 33.522 31.059 31.000 33.492 35.809 40.165 40.532 40.580 42.667 44.045 46.953 55.325 65.722 92.693 107.432 114.073 106.078 95.279 86.194 75.718 71.330 65.585 54.245 50.698 45.961 43.330 39.273 29.727 26.316 19.988 15.706 14.075 12.114 8.445 8.699 10.749 13.972 16.372 19.173 24.286 27.391 25.844 22.126 24.354 22.206 23.030 22.682 19.988 18.617 18.515 18.919 18.625 16.137 13.918 12.272 9.576 8.722 6.230 3.596 5.434 1.400 0.432 0.000 0.015 0.547
-999.250 -999.250 -999.250 -999.250 39.970 39.031 42.066 45.120 46.667 51.597 50.019 46.070 50.689 53.183 57.623 66.172 81.724 104.735 143.711 175.188 145.858 103.716 95.563 80.827 70.296 60.469 58.136 50.042 49.122 41.015 38.257 30.262 25.949 19.711 17.366 14.524 13.349 10.211 9.286 13.605 17.044 21.905 26.051 28.936 31.200 26.380 26.561 24.747 24.059 25.228 25.736 21.825 19.923 20.283 18.444 16.882 16.374 15.155 13.420 12.456 9.899 5.074 3.846 4.065 1.836 0.280 1.710 0.184 1.593
-999.250 -999.250 -999.250 -999.250 47.778 50.717 53.384 55.877 55.137 55.065 56.925 58.615 56.190 64.039 69.594 82.845 99.432 116.070 147.375 169.057 148.030 110.301 99.237 89.331 72.274 66.217 55.433 55.516 46.475 40.752 33.322 30.314 23.192 19.891 17.499 15.339 15.608 12.323 13.056 16.853 19.786 24.488 30.112 36.306 33.525 31.681 30.338 29.701 25.405 24.139 22.597 21.000 20.569 20.515 18.673 18.275 18.827 18.590 14.997 13.601 11.630 6.452 5.611 4.565 6.456 1.407 1.355 1.010 0.982
-999.250 -999.250 -999.250 -999.250 50.496 53.513 61.054 69.562 60.605 64.402 65.179 66.489 66.019 71.307 81.465 98.347 103.084 116.586 131.038 133.507 126.026 107.530 96.847 86.758 81.840 66.615 59.632 50.976 42.143 38.116 32.786 25.657 24.049 20.164 18.114 16.332 16.488 15.389 12.834 16.045 19.835 27.049 34.686 45.790 39.719 36.960 30.301 27.508 25.971 25.418 23.143 22.986 22.541 21.457 19.612 20.877 22.916 24.166 18.470 12.821 10.836 9.033 6.164 4.188 2.382 3.411 0.388 0.726 2.000
-999.250 -999.250 -999.250 -999.250 57.026 60.599 69.754 69.773 75.935 75.490 73.187 74.360 76.733 85.127 95.973 107.641 111.813 125.234 117.530 118.895 111.260 106.529 98.073 92.720 86.416 70.716 63.964 48.746 43.236 34.195 33.875 30.182 27.502 21.182 19.077 17.745 16.723 16.752 14.495 16.008 19.699 25.151 31.423 36.385 36.058 36.131 32.232 26.521 23.076 26.556 25.523 22.752 23.090 19.846 19.990 20.915 20.696 20.053 18.438 14.991 11.391 9.929 7.433 5.581 2.866 1.723 1.258 0.949 0.464
-999.250 -999.250 -999.250 -999.250 57.379 66.710 70.767 69.282 78.105 76.212 81.755 83.470 89.187 90.278 100.525 108.684 105.206 105.330 115.985 108.189 109.043 101.504 99.847 86.708 79.237 71.814 58.870 53.314 40.856 36.295 33.385 30.228 25.567 20.428 19.540 17.324 15.840 14.645 15.838 16.025 19.013 23.608 28.388 31.937 32.933 31.612 30.369 24.492 26.513 25.053 27.000 27.221 22.904 19.122 20.727 20.673 18.210 19.213 15.682 14.195 8.760 6.049 6.478 4.981 4.318 3.519 1.179 1.702 1.712
-999.250 -999.250 -999.250 66.943 73.255 65.517 73.037 84.690 87.155 81.881 90.113 88.545 94.580 87.984 100.579 98.852 102.301 100.652 105.590 105.313 107.075 96.118 87.716 78.637 76.319 66.859 58.677 51.119 42.823 37.819 32.140 33.863 25.084 25.122 21.146 17.220 17.085 14.752 15.063 14.449 19.365 22.978 25.350 29.015 29.508 26.521 26.988 23.997 21.990 22.030 22.381 23.989 22.551 23.109 22.359 19.553 18.891 16.636 14.779 12.649 8.915 7.314 4.404 5.076 4.608 4.926 4.745 3.689 4.062
