data/medianmodel_27-Nov-2020.asc
ncols	141
nrows	288
xllcorner	-120191.398
yllcorner	-301404.813
cellsize	2000.000
NODATA_value	-999.250
[rows 29 to 57 of 288, columns 64 to 127 of 141]
1281.080 1133.538 1026.179 880.573 748.567 627.764 558.757 502.112 463.688 447.127 412.607 419.018 438.472 478.380 527.600 575.067 644.037 753.290 786.866 883.119 890.153 993.610 1034.871 1031.268 1053.566 1099.917 1087.066 1127.948 1054.178 992.463 958.294 974.088 882.176 905.614 932.126 852.347 902.493 850.190 849.267 852.209 884.698 932.644 966.058 993.388 1060.231 1018.454 1063.538 970.827 857.529 840.727 821.010 853.938 857.930 781.155 773.391 843.444 761.331 790.296 764.926 754.201 792.915 781.360 790.277 750.720
1289.596 1097.701 977.743 859.080 779.393 677.494 549.645 497.896 451.177 412.280 385.822 397.033 463.230 466.659 536.650 586.985 692.269 721.998 770.459 808.411 905.400 930.872 950.319 990.811 1079.378 1041.823 1015.305 1070.381 1029.062 1030.288 967.843 969.514 895.309 895.832 871.525 944.421 944.857 835.024 808.015 822.125 909.412 999.860 1026.664 1074.130 993.772 1051.670 1050.069 954.657 903.481 919.971 848.403 840.823 880.577 840.817 738.894 718.449 744.714 749.074 765.644 801.940 764.723 758.069 802.074 770.569
1227.112 1158.883 1011.828 815.997 728.116 682.778 558.616 490.707 405.745 365.079 331.715 349.580 414.738 471.551 527.605 586.064 637.217 729.307 803.414 835.215 891.187 927.837 985.849 1028.018 1034.789 1026.247 1005.343 1012.748 950.402 954.796 942.419 863.052 852.895 889.233 825.479 847.676 857.754 836.969 823.438 893.133 880.271 973.293 1079.828 1041.565 1097.669 1034.383 1106.759 1008.932 919.155 943.737 845.971 897.574 845.701 771.115 748.995 747.669 766.188 726.255 745.700 760.188 771.052 774.474 772.888 805.114
1314.200 1145.408 1001.097 909.834 737.832 618.297 531.274 463.406 346.176 311.981 274.967 341.629 380.601 448.717 531.851 572.021 691.378 751.520 850.121 879.155 895.506 941.596 976.163 1020.049 976.912 993.056 1001.219 1019.166 982.995 961.144 945.707 895.235 867.859 867.679 819.130 781.538 798.598 805.745 879.671 814.934 896.529 971.011 1027.056 1040.238 1076.351 1072.234 1053.060 1029.974 1002.464 997.104 953.888 876.423 822.250 817.947 797.851 780.226 783.316 711.947 705.588 705.958 757.607 768.595 819.321 774.042
1186.059 1119.662 1014.864 848.098 764.735 717.420 529.473 424.735 299.700 229.436 228.866 313.316 384.704 489.110 561.125 650.130 678.534 792.409 851.450 931.040 857.122 934.161 915.718 989.707 947.099 963.250 1019.740 991.373 930.481 902.517 848.784 827.439 812.407 776.939 763.741 780.781 784.649 809.831 880.703 844.742 927.663 1034.066 1042.506 1071.164 1109.121 1083.165 1085.155 1057.357 1029.325 973.163 911.525 838.921 823.494 774.411 756.090 749.576 776.328 716.343 664.301 725.008 744.947 756.755 758.051 739.206
1151.779 1063.035 1102.282 915.807 841.877 765.959 555.576 438.125 287.091 116.356 205.272 316.719 422.651 510.617 576.868 708.324 755.065 881.124 909.055 949.232 854.506 924.684 921.484 945.638 913.938 933.281 973.435 877.914 852.488 838.808 794.962 836.050 813.954 776.739 735.986 722.848 765.279 786.201 870.783 911.823 862.740 992.818 995.359 1060.504 1079.688 1046.226 1039.501 1036.066 1033.485 1022.905 943.965 862.958 868.528 796.451 713.742 732.287 764.505 668.430 663.024 710.727 657.959 706.427 714.260 749.345
1199.605 1103.738 1050.774 971.607 837.410 784.322 609.273 491.420 344.685 269.214 294.996 371.246 466.144 536.875 594.833 734.489 806.486 861.132 888.038 917.060 947.656 906.905 892.323 927.627 868.889 868.404 849.831 821.188 783.310 792.276 793.036 771.132 717.172 671.597 686.476 668.532 699.029 755.040 813.289 858.315 900.899 934.027 929.693 998.959 994.915 1054.399 1050.121 1025.375 1081.628 1039.165 913.467 879.918 869.749 809.784 750.363 715.984 686.853 653.010 664.791 672.712 721.107 642.701 733.727 725.625
1197.191 1147.973 1140.078 1100.953 1011.026 839.340 715.785 549.411 488.515 441.981 418.998 483.263 524.585 537.715 635.069 691.235 766.951 805.620 880.272 866.953 932.466 945.766 910.730 927.226 917.672 856.079 863.594 854.577 772.852 782.445 757.916 715.295 705.411 653.988 651.099 634.366 665.028 731.961 780.883 813.360 810.732 929.179 903.908 1008.565 960.633 997.890 1075.774 1068.534 1006.646 947.237 874.723 864.378 754.705 743.718 681.076 672.300 661.534 592.410 651.368 641.898 643.622 634.710 685.652 677.240
1266.079 1198.355 1204.718 1244.274 1085.170 967.232 855.147 696.410 582.054 518.154 504.739 541.083 590.754 619.330 681.198 732.191 750.584 795.575 902.313 883.857 866.605 859.010 854.299 885.100 896.565 814.201 855.915 807.543 766.124 725.307 711.002 679.161 612.472 610.919 576.391 589.112 633.807 726.411 747.957 779.661 804.221 894.176 919.918 944.992 945.489 994.789 1007.748 1022.471 956.161 930.443 833.284 832.973 802.850 749.206 707.723 593.821 618.378 571.147 528.353 556.464 553.692 562.049 630.326 652.990
1205.581 1282.364 1279.973 1268.999 1115.217 1099.046 973.678 838.201 731.451 651.454 619.770 609.040 597.000 654.418 669.350 691.900 712.177 750.191 859.615 889.546 863.350 889.323 888.223 900.298 881.993 842.388 800.210 777.739 790.623 739.844 705.160 590.825 559.609 613.753 593.708 607.828 637.280 651.833 685.977 743.671 779.726 777.528 821.880 899.356 958.005 957.407 968.946 991.698 830.302 840.162 887.547 818.606 774.144 671.908 650.749 582.219 570.706 520.907 519.426 532.303 533.429 535.078 553.399 570.550
1076.704 1166.543 1383.613 1357.933 1330.115 1287.738 1049.032 953.172 829.158 751.051 694.478 640.255 696.103 652.097 693.171 696.602 681.545 735.226 773.048 815.540 817.236 909.546 894.429 836.769 847.236 799.784 796.330 763.191 689.757 669.529 609.274 597.024 593.792 570.879 536.933 593.666 627.724 581.373 681.958 707.788 732.780 782.734 822.643 846.156 976.022 875.021 948.626 912.007 838.329 798.340 792.362 836.407 735.424 684.684 640.645 589.970 521.292 523.076 498.457 533.334 526.554 573.430 555.372 569.632
1027.689 1338.463 1515.349 1565.380 1523.967 1318.854 1183.669 1080.146 1011.501 791.309 788.978 740.442 722.593 717.066 651.947 672.472 726.906 696.904 726.193 761.991 766.147 787.497 850.651 798.132 787.113 757.824 756.441 689.058 649.245 593.443 578.167 566.786 528.421 515.632 531.448 563.134 564.677 581.666 611.118 675.423 702.455 749.108 853.047 816.274 875.896 864.279 905.920 917.947 845.615 815.454 807.603 749.781 658.479 567.816 533.826 533.203 519.946 474.033 489.065 505.089 508.544 544.859 569.755 558.662
1073.826 1295.219 1562.813 1727.613 1595.192 1494.109 1311.659 1164.652 1041.906 925.063 824.065 772.036 744.823 705.789 669.648 697.820 711.952 671.531 726.312 719.255 731.412 726.949 740.796 779.824 768.845 740.887 656.948 672.252 675.658 589.098 543.159 515.632 509.352 484.108 509.955 489.198 543.087 537.873 579.655 645.882 625.305 772.851 791.936 789.272 875.061 845.369 881.218 895.849 977.587 844.185 772.440 691.422 578.388 549.147 532.526 473.053 485.324 453.199 473.628 475.045 506.542 542.236 509.744 539.609
1148.200 1343.167 1566.322 1633.043 1604.775 1520.204 1357.812 1278.920 1063.947 877.069 856.207 790.441 722.938 672.617 620.803 632.429 640.562 683.440 660.150 648.285 688.822 696.862 733.438 765.348 734.606 694.313 701.043 648.330 628.331 572.474 548.694 495.222 502.462 478.178 481.543 473.851 499.890 525.386 529.076 551.855 571.507 680.924 775.014 822.732 812.836 819.948 831.569 862.846 848.086 780.018 779.851 645.906 578.278 530.894 498.023 418.075 458.295 386.319 423.945 465.730 491.722 542.421 551.391 566.923
1159.445 1294.471 1436.592 1530.869 1527.034 1414.660 1400.345 1257.479 1124.159 992.939 927.064 754.313 759.297 666.307 622.275 598.987 580.554 624.537 614.060 605.348 640.827 649.720 681.432 732.131 672.320 697.437 605.872 606.066 562.046 532.648 511.099 483.411 444.184 421.740 422.296 422.690 432.917 464.286 484.838 520.664 584.086 695.058 713.781 756.775 785.843 835.165 842.454 874.073 849.212 811.190 802.939 672.382 603.304 513.484 478.705 380.652 351.685 366.384 421.695 461.296 487.563 532.944 564.895 598.780
1173.181 1234.571 1333.214 1386.427 1420.845 1335.978 1285.827 1126.989 1043.115 977.831 863.484 779.147 697.719 674.733 615.497 598.660 549.784 566.028 560.440 575.860 620.598 678.423 662.950 694.894 625.682 623.201 635.930 545.806 534.436 487.183 464.068 432.718 397.250 365.945 363.071 381.864 375.658 430.066 442.192 513.560 547.030 594.204 704.623 791.911 801.273 872.360 920.981 866.915 875.626 856.321 819.163 688.620 606.613 566.776 491.353 372.370 330.592 348.339 425.521 476.891 527.415 532.780 579.964 590.698
1189.179 1240.579 1253.837 1306.935 1230.818 1194.582 1102.092 1036.052 975.774 926.429 836.277 750.553 686.484 648.513 593.877 565.806 538.701 525.179 531.112 508.003 557.428 592.282 696.014 679.239 663.043 585.134 538.260 521.249 500.957 467.584 435.975 385.278 351.663 332.168 326.946 310.907 324.988 352.767 400.092 465.613 515.887 573.696 692.192 746.217 772.458 807.461 926.600 848.843 883.511 837.902 760.929 751.427 720.716 632.636 514.071 386.679 238.322 366.560 476.300 525.179 574.559 622.083 609.061 696.861
1085.572 1108.636 1120.762 1174.503 1150.050 1120.661 999.340 922.770 888.305 782.934 768.985 679.198 620.472 609.647 560.485 538.243 530.250 517.902 510.178 495.706 498.238 532.182 588.867 629.008 607.697 608.110 541.087 481.452 451.672 409.601 378.115 339.253 292.368 296.157 260.650 267.707 270.009 291.281 338.805 434.295 482.755 548.802 622.282 679.071 774.668 812.050 911.602 946.463 886.377 870.095 834.364 883.788 793.909 715.214 606.567 514.021 487.295 514.110 520.601 563.365 574.208 690.236 660.491 682.209
1093.350 1096.742 1094.765 1005.714 1061.091 1002.372 901.339 805.229 784.528 710.241 667.725 649.245 604.929 562.176 569.556 546.478 545.902 506.972 484.395 477.844 467.190 510.679 530.345 560.981 583.529 569.156 526.661 484.897 399.722 352.373 311.215 257.147 254.827 235.817 237.740 230.298 219.859 215.089 309.027 373.752 471.439 542.114 575.197 759.662 801.414 881.721 913.046 954.274 1017.225 1040.551 1020.736 983.372 989.303 886.885 765.227 740.935 687.176 682.396 662.119 685.846 662.865 707.480 700.622 766.950
956.117 965.803 1014.881 952.165 891.187 869.201 831.979 769.054 716.311 663.331 620.426 609.980 577.951 546.600 559.051 525.983 510.309 488.818 434.886 399.229 428.200 489.629 515.750 531.208 537.524 513.251 482.599 463.260 392.653 324.063 264.270 229.138 219.181 206.013 210.662 209.553 206.433 244.666 320.795 373.378 466.058 530.905 648.064 758.205 865.129 953.373 1012.299 1050.015 1120.870 1099.968 1147.141 1140.908 1085.065 1050.865 993.757 1004.677 899.616 799.628 844.551 816.606 840.461 784.413 824.244 791.984
956.863 962.379 983.597 897.501 767.804 746.699 732.411 696.335 641.312 631.087 601.953 565.823 554.768 530.836 528.076 544.251 515.882 476.347 402.907 321.054 376.688 431.475 472.092 498.239 497.613 479.372 454.750 414.884 347.140 311.338 238.884 158.842 189.824 193.115 195.496 202.874 220.487 273.334 328.865 373.151 472.888 562.259 662.724 774.067 854.409 968.933 1088.151 1103.530 1180.008 1262.073 1322.010 1324.366 1276.198 1341.917 1288.693 1193.174 1077.236 985.093 951.735 -999.250 851.616 917.933 -999.250 -999.250
934.602 940.774 948.747 803.886 746.626 602.283 580.701 572.014 557.677 532.519 559.427 564.534 549.651 513.908 536.596 561.475 508.349 495.539 406.955 363.379 376.357 411.782 434.317 424.977 435.678 430.161 408.938 352.770 322.664 303.257 244.290 204.104 188.637 190.118 214.875 211.771 239.493 303.672 341.606 391.805 478.297 557.927 699.125 768.341 949.744 1039.835 1144.487 1240.261 1473.183 1489.796 1415.133 1535.597 1584.761 1546.345 1498.538 1476.150 1268.359 -999.250 -999.250 -999.250 -999.250 -999.250 -999.250 -999.250
1009.427 881.397 830.659 764.118 649.682 545.144 508.872 511.727 474.799 500.019 509.833 532.921 545.719 546.280 578.600 576.324 542.171 484.176 418.599 403.202 362.733 367.237 387.674 430.293 384.192 377.426 357.426 322.658 319.035 276.589 246.611 223.084 212.576 223.622 234.235 235.778 268.786 280.897 350.441 406.296 495.564 562.433 720.896 829.047 947.820 1091.237 1367.791 1460.740 1596.326 1638.824 1672.949 1682.955 1766.360 1721.867 1728.501 1639.360 -999.250 -999.250 -999.250 -999.250 -999.250 -999.250 -999.250 -999.250
1000.460 815.380 778.391 720.192 591.976 529.209 497.205 447.967 445.909 445.493 500.076 521.111 550.794 593.611 644.742 614.442 558.400 522.011 450.414 382.248 341.164 328.488 352.699 396.770 374.938 352.900 369.571 345.777 319.751 275.000 272.882 246.041 241.165 248.781 254.736 262.261 268.960 318.141 361.620 429.110 482.091 582.856 765.587 916.005 1114.588 1273.057 1477.499 1594.089 1710.105 1726.342 1823.401 1847.892 1880.551 1885.770 1803.837 1778.456 -999.250 -999.250 -999.250 -999.250 -999.250 -999.250 -999.250 -999.250
938.669 865.310 797.964 642.682 557.965 472.767 387.698 378.381 384.385 381.571 323.337 512.041 607.261 748.710 736.025 706.259 630.342 554.436 471.247 359.849 330.898 295.918 313.320 335.734 374.419 366.970 370.546 347.920 324.792 322.263 288.591 273.609 264.111 273.176 278.876 296.990 324.299 351.820 399.611 462.987 480.832 600.790 799.889 951.701 1216.089 1370.024 1522.201 1664.412 1814.324 1918.128 1996.743 2026.937 2058.957 2014.558 1985.764 -999.250 -999.250 -999.250 -999.250 -999.250 -999.250 -999.250 -999.250 -999.250
947.160 879.842 819.413 672.663 556.209 441.550 302.724 356.981 393.175 435.130 464.663 565.504 737.468 833.525 888.761 848.667 787.997 609.351 442.345 340.660 277.734 262.683 296.792 313.131 341.414 345.416 364.248 341.300 350.443 342.873 317.855 316.435 307.255 304.590 299.126 320.163 337.498 385.135 451.955 495.412 560.385 688.691 848.094 1092.696 1248.696 1448.538 1619.693 1792.178 1933.563 2022.694 2114.027 2203.651 2207.924 2138.702 -999.250 -999.250 -999.250 -999.250 -999.250 -999.250 -999.250 -999.250 -999.250 -999.250
940.277 878.086 821.421 658.626 540.385 457.940 391.148 398.044 444.296 501.126 528.714 688.081 842.652 999.676 1081.645 1047.278 900.578 720.388 466.606 265.740 226.259 246.321 275.223 307.490 339.039 322.807 352.478 345.338 360.523 343.799 327.940 318.432 337.229 327.577 344.570 367.472 373.715 425.726 490.818 563.370 607.157 734.162 841.635 1049.932 1309.215 1556.933 1718.600 1927.334 2008.106 2138.437 2385.824 2399.708 2450.811 2380.561 -999.250 -999.250 -999.250 -999.250 -999.250 -999.250 -999.250 -999.250 -999.250 -999.250
855.221 802.024 768.870 635.103 540.823 492.297 460.790 475.849 484.136 547.108 660.188 781.826 989.712 1169.608 1311.171 1268.525 1054.093 791.946 487.189 165.755 197.123 236.938 257.575 308.491 340.246 322.292 340.548 348.948 367.184 363.542 337.579 330.750 324.424 332.371 367.531 365.622 418.167 458.395 511.414 545.080 694.002 822.688 974.242 1095.311 1283.409 1575.659 1798.187 1984.345 2117.549 2433.972 2627.972 2778.128 2710.747 -999.250 -999.250 -999.250 -999.250 -999.250 -999.250 -999.250 -999.250 -999.250 -999.250 -999.250
884.639 741.303 699.934 596.374 522.837 517.581 489.887 526.563 548.172 638.683 718.569 899.700 1063.176 1215.135 1461.529 1525.394 1150.977 832.452 553.861 324.952 238.687 243.570 267.081 301.963 327.833 344.402 360.841 368.269 381.086 369.054 359.031 378.669 379.361 384.363 370.841 380.166 438.796 461.325 530.070 624.399 764.920 881.482 1038.464 1078.582 1322.056 1619.012 1866.340 1986.727 2110.863 2395.522 2740.868 2910.855 2731.773 -999.250 -999.250 -999.250 -999.250 -999.250 -999.250 -999.250 -999.250 -999.250 -999.250 -999.250
