data/medianmodel_20-Apr-2020.asc
ncols	141
nrows	288
xllcorner	-120191.398
yllcorner	-301404.813
cellsize	2000.000
NODATA_value	-999.250
[rows 240 to 269 of 288, columns 0 to 66 of 141]
-999.250 -999.250 -999.250 -999.250 -999.250 -999.250 -999.250 -999.250 -999.250 -999.250 -999.250 -999.250 -999.250 -999.250 -999.250 -999.250 -999.250 -999.250 -999.250 -999.250 -999.250 -999.250 -999.250 -999.250 -999.250 -999.250 -999.250 -999.250 -999.250 -999.250 11.666 14.542 16.709 16.857 16.366 16.769 19.734 18.895 16.737 15.510 21.249 23.629 22.268 25.526 25.825 20.989 23.069 24.223 24.118 24.955 25.951 24.597 24.506 24.617 24.578 23.076 22.446 20.925 22.717 20.135 19.301 23.919 21.326 23.745 23.775 23.900 20.894
-999.250 -999.250 -999.250 -999.250 -999.250 -999.250 -999.250 -999.250 -999.250 -999.250 -999.250 -999.250 -999.250 -999.250 -999.250 -999.250 -999.250 -999.250 -999.250 -999.250 -999.250 -999.250 -999.250 -999.250 -999.250 -999.250 -999.250 -999.250 -999.250 -999.250 12.842 14.466 18.239 17.307 16.884 16.430 18.130 18.801 16.905 16.685 16.705 19.564 21.335 21.084 22.065 21.330 25.133 26.325 23.922 23.490 22.810 23.930 23.373 21.581 23.024 23.140 22.396 19.802 20.475 20.135 21.880 21.134 20.048 19.154 21.374 20.411 19.752
-999.250 -999.250 -999.250 -999.250 -999.250 -999.250 -999.250 -999.250 -999.250 -999.250 -999.250 -999.250 -999.250 -999.250 -999.250 -999.250 -999.250 -999.250 -999.250 -999.250 -999.250 -999.250 -999.250 -999.250 -999.250 -999.250 -999.250 -999.250 -999.250 -999.250 15.197 17.966 16.687 15.740 18.893 20.383 17.226 16.096 17.266 18.749 18.142 20.177 21.557 22.324 19.891 18.200 18.716 19.842 20.882 20.618 20.726 20.260 21.216 22.655 23.208 17.841 20.429 18.684 18.127 16.404 17.768 17.578 16.573 18.258 16.300 16.935 17.472
-999.250 -999.250 -999.250 -999.250 -999.250 -999.250 -999.250 -999.250 -999.250 -999.250 -999.250 -999.250 -999.250 -999.250 -999.250 -999.250 -999.250 -999.250 -999.250 -999.250 -999.250 -999.250 -999.250 -999.250 -999.250 -999.250 -999.250 -999.250 -999.250 -999.250 15.716 17.243 16.418 15.637 18.323 16.735 20.334 17.893 15.595 17.637 18.949 18.775 19.786 23.618 21.282 18.490 19.020 21.477 18.239 19.705 17.920 15.990 15.648 18.458 20.303 15.909 14.815 17.466 15.621 14.411 14.783 13.136 13.385 13.780 15.016 13.627 15.255
-999.250 -999.250 -999.250 -999.250 -999.250 -999.250 -999.250 -999.250 -999.250 -999.250 -999.250 -999.250 -999.250 -999.250 -999.250 -999.250 -999.250 -999.250 -999.250 -999.250 -999.250 -999.250 -999.250 -999.250 -999.250 -999.250 -999.250 -999.250 -999.250 -999.250 16.241 16.380 16.086 16.254 16.807 16.389 18.746 18.384 18.357 18.574 23.148 21.789 21.662 20.829 19.764 18.959 17.490 17.754 15.633 19.441 16.932 14.499 15.543 15.826 14.977 12.621 14.639 14.833 13.389 10.770 10.255 7.642 8.605 12.194 13.937 14.124 16.134
-999.250 -999.250 -999.250 -999.250 -999.250 -999.250 -999.250 -999.250 -999.250 -999.250 -999.250 -999.250 -999.250 -999.250 -999.250 -999.250 -999.250 -999.250 -999.250 -999.250 -999.250 -999.250 -999.250 -999.250 -999.250 -999.250 -999.250 -999.250 -999.250 -999.250 -999.250 15.223 15.415 15.923 16.023 17.338 17.066 17.201 18.379 19.446 20.444 20.930 19.689 21.800 18.527 15.733 18.910 16.460 16.658 16.735 16.627 14.186 12.834 12.417 13.419 11.018 13.668 12.825 13.044 10.150 5.341 0.000 6.305 10.835 12.437 12.740 14.652
-999.250 -999.250 -999.250 -999.250 -999.250 -999.250 -999.250 -999.250 -999.250 -999.250 -999.250 -999.250 -999.250 -999.250 -999.250 -999.250 -999.250 -999.250 -999.250 -999.250 -999.250 -999.250 -999.250 -999.250 -999.250 -999.250 -999.250 -999.250 -999.250 -999.250 -999.250 17.268 15.947 15.778 16.739 16.952 15.949 17.767 18.520 18.186 16.937 18.936 19.922 19.098 16.934 16.930 16.100 15.320 15.822 14.942 13.689 11.834 15.256 12.030 9.661 9.261 11.780 13.969 11.805 11.053 5.803 4.101 7.593 11.947 13.610 14.683 16.503
-999.250 -999.250 -999.250 -999.250 -999.250 -999.250 -999.250 -999.250 -999.250 -999.250 -999.250 -999.250 -999.250 -999.250 -999.250 -999.250 -999.250 -999.250 -999.250 -999.250 -999.250 -999.250 -999.250 -999.250 -999.250 -999.250 -999.250 -999.250 -999.250 -999.250 13.015 14.084 15.287 15.613 15.053 16.853 16.451 17.247 17.011 16.006 15.814 18.884 19.393 18.631 15.153 15.813 16.493 17.170 16.467 16.120 11.821 11.451 12.791 11.051 8.907 6.861 7.321 10.262 10.229 12.145 9.445 10.575 12.057 12.871 12.941 15.026 14.250
-999.250 -999.250 -999.250 -999.250 -999.250 -999.250 -999.250 -999.250 -999.250 -999.250 -999.250 -999.250 -999.250 -999.250 -999.250 -999.250 -999.250 -999.250 -999.250 -999.250 -999.250 -999.250 -999.250 -999.250 -999.250 -999.250 -999.250 -999.250 -999.250 -999.250 14.645 14.430 16.270 14.092 16.726 17.943 17.181 14.563 14.904 16.625 17.245 18.950 18.802 20.388 17.189 16.563 16.166 15.227 16.899 14.813 12.113 12.040 10.786 11.125 6.549 7.269 7.107 9.446 10.842 13.651 10.470 12.701 14.247 16.461 16.952 14.770 16.655
-999.250 -999.250 -999.250 -999.250 -999.250 -999.250 -999.250 -999.250 -999.250 -999.250 -999.250 -999.250 -999.250 -999.250 -999.250 -999.250 -999.250 -999.250 -999.250 -999.250 -999.250 -999.250 -999.250 -999.250 -999.250 -999.250 -999.250 -999.250 -999.250 -999.250 14.000 14.828 17.037 17.702 17.080 17.691 15.738 14.154 14.209 14.447 16.632 16.340 16.250 14.667 18.821 16.837 17.024 15.675 12.926 14.544 14.327 14.452 12.367 9.790 5.810 0.000 4.422 10.445 14.106 15.194 15.874 17.852 18.183 15.679 17.767 15.762 17.977
-999.250 -999.250 -999.250 -999.250 -999.250 -999.250 -999.250 -999.250 -999.250 -999.250 -999.250 -999.250 -999.250 -999.250 -999.250 -999.250 -999.250 -999.250 -999.250 -999.250 -999.250 -999.250 -999.250 -999.250 -999.250 -999.250 -999.250 -999.250 -999.250 -999.250 13.073 15.491 17.208 18.974 16.524 16.711 14.804 15.144 11.028 13.230 14.027 14.805 17.016 17.564 16.379 16.591 16.743 17.383 16.088 14.349 14.235 15.071 14.770 12.852 8.062 6.498 8.805 11.401 15.669 18.056 20.051 18.418 20.089 20.499 20.612 22.489 25.341
-999.250 -999.250 -999.250 -999.250 -999.250 -999.250 -999.250 -999.250 -999.250 -999.250 -999.250 -999.250 -999.250 -999.250 -999.250 -999.250 -999.250 -999.250 -999.250 -999.250 -999.250 -999.250 -999.250 -999.250 -999.250 -999.250 -999.250 -999.250 -999.250 -999.250 15.537 17.567 17.378 19.472 16.259 14.618 15.221 12.998 12.813 8.092 14.027 15.857 15.725 16.164 15.223 15.724 16.848 18.084 19.073 12.696 15.488 13.920 17.549 13.652 12.472 11.558 13.340 14.610 17.515 21.825 22.078 23.556 24.408 24.135 22.769 23.491 25.242
-999.250 -999.250 -999.250 -999.250 -999.250 -999.250 -999.250 -999.250 -999.250 -999.250 -999.250 -999.250 -999.250 -999.250 -999.250 -999.250 -999.250 -999.250 -999.250 -999.250 -999.250 -999.250 -999.250 -999.250 -999.250 -999.250 -999.250 -999.250 -999.250 14.785 13.920 15.516 15.677 15.866 16.266 16.305 14.106 14.621 12.285 11.985 13.308 14.860 15.440 14.383 16.337 16.490 18.031 18.424 20.424 15.956 15.386 16.509 15.813 18.042 16.700 13.666 13.990 17.543 20.413 23.047 22.500 24.341 26.423 25.749 26.790 28.387 26.500
-999.250 -999.250 -999.250 -999.250 -999.250 -999.250 -999.250 -999.250 -999.250 -999.250 -999.250 -999.250 -999.250 -999.250 -999.250 -999.250 -999.250 -999.250 -999.250 -999.250 -999.250 -999.250 -999.250 -999.250 -999.250 -999.250 -999.250 -999.250 -999.250 -999.250 11.200 13.606 15.405 14.300 14.539 16.213 15.135 15.911 14.759 14.441 14.339 13.492 13.934 13.954 15.493 15.275 19.327 18.147 20.566 18.851 16.612 16.334 19.662 18.643 18.112 16.184 18.690 19.925 21.951 23.005 24.772 27.157 30.982 31.144 27.265 29.171 31.620
-999.250 -999.250 -999.250 -999.250 -999.250 -999.250 -999.250 -999.250 -999.250 -999.250 -999.250 -999.250 -999.250 -999.250 -999.250 -999.250 -999.250 -999.250 -999.250 -999.250 -999.250 -999.250 -999.250 -999.250 -999.250 -999.250 -999.250 -999.250 -999.250 -999.250 13.505 13.731 13.823 15.290 15.030 16.617 17.245 14.766 15.373 14.766 15.627 15.954 14.883 13.531 15.950 18.112 16.407 18.767 20.391 18.568 17.983 20.727 20.534 20.566 18.791 16.973 18.989 22.965 25.979 26.525 27.974 30.975 31.693 34.486 27.787 36.591 33.723
-999.250 -999.250 -999.250 -999.250 -999.250 -999.250 -999.250 -999.250 -999.250 -999.250 -999.250 -999.250 -999.250 -999.250 -999.250 -999.250 -999.250 -999.250 -999.250 -999.250 -999.250 -999.250 -999.250 -999.250 -999.250 -999.250 -999.250 -999.250 -999.250 -999.250 -999.250 12.101 12.919 16.436 15.312 16.296 17.186 15.479 16.390 14.003 15.772 14.763 13.915 15.715 14.514 16.002 15.439 16.845 16.991 16.147 18.677 21.945 23.791 22.465 22.613 21.087 24.810 25.879 28.137 30.845 34.036 35.153 35.034 35.930 35.493 38.476 34.947
-999.250 -999.250 -999.250 -999.250 -999.250 -999.250 -999.250 -999.250 -999.250 -999.250 -999.250 -999.250 -999.250 -999.250 -999.250 -999.250 -999.250 -999.250 -999.250 -999.250 -999.250 -999.250 -999.250 -999.250 -999.250 -999.250 -999.250 -999.250 -999.250 -999.250 -999.250 11.972 17.031 15.885 15.775 14.520 14.427 15.211 14.783 18.368 16.752 17.720 16.413 13.005 15.678 16.358 15.847 16.138 17.154 17.179 20.601 25.940 23.971 25.007 25.947 25.215 27.537 28.126 29.068 33.643 32.193 35.669 38.263 39.328 42.464 41.345 40.186
-999.250 -999.250 -999.250 -999.250 -999.250 -999.250 -999.250 -999.250 -999.250 -999.250 -999.250 -999.250 -999.250 -999.250 -999.250 -999.250 -999.250 -999.250 -999.250 -999.250 -999.250 -999.250 -999.250 -999.250 -999.250 -999.250 -999.250 -999.250 -999.250 -999.250 15.424 14.429 16.588 14.837 16.273 14.642 16.415 15.947 15.218 15.997 16.686 17.138 18.779 14.618 16.979 15.372 14.508 16.860 16.262 17.639 19.408 20.386 23.853 28.817 27.737 26.660 30.097 30.030 31.994 33.075 35.558 38.157 38.064 41.404 44.610 41.059 42.575
-999.250 -999.250 -999.250 -999.250 -999.250 -999.250 -999.250 -999.250 -999.250 -999.250 -999.250 -999.250 -999.250 -999.250 -999.250 -999.250 -999.250 -999.250 -999.250 -999.250 -999.250 -999.250 -999.250 -999.250 -999.250 -999.250 -999.250 -999.250 -999.250 -999.250 12.951 14.623 14.738 13.292 13.328 17.081 15.915 17.362 17.644 15.116 13.407 15.035 16.165 17.102 16.228 17.079 16.116 16.100 15.884 17.557 20.148 19.371 24.137 26.061 26.878 28.096 28.566 27.845 35.455 37.065 35.889 38.490 39.716 43.166 41.218 38.259 36.754
-999.250 -999.250 -999.250 -999.250 -999.250 -999.250 -999.250 -999.250 -999.250 -999.250 -999.250 -999.250 -999.250 -999.250 -999.250 -999.250 -999.250 -999.250 -999.250 -999.250 -999.250 -999.250 -999.250 -999.250 -999.250 -999.250 -999.250 -999.250 -999.250 -999.250 13.196 13.455 14.543 15.043 14.377 15.404 16.909 15.796 17.109 15.120 15.039 16.637 15.905 16.693 18.880 15.448 15.116 18.164 17.901 16.999 17.236 18.828 23.408 25.181 28.824 28.395 27.926 31.400 35.239 37.248 40.252 45.530 39.272 39.938 36.959 37.181 37.869
-999.250 -999.250 -999.250 -999.250 -999.250 -999.250 -999.250 -999.250 -999.250 -999.250 -999.250 -999.250 -999.250 -999.250 -999.250 -999.250 -999.250 -999.250 -999.250 -999.250 -999.250 -999.250 -999.250 -999.250 -999.250 -999.250 -999.250 -999.250 -999.250 -999.250 11.823 14.067 12.666 12.830 13.399 15.366 14.830 14.897 14.400 15.712 15.048 14.053 12.542 15.921 17.153 16.326 18.364 16.780 18.146 16.953 16.870 19.265 22.633 23.738 27.377 26.786 32.070 33.245 37.913 36.785 42.067 36.862 37.247 38.124 40.470 39.668 35.789
-999.250 -999.250 -999.250 -999.250 -999.250 -999.250 -999.250 -999.250 -999.250 -999.250 -999.250 -999.250 -999.250 -999.250 -999.250 -999.250 -999.250 -999.250 -999.250 -999.250 -999.250 -999.250 -999.250 -999.250 -999.250 -999.250 -999.250 -999.250 -999.250 -999.250 13.190 13.933 13.432 10.963 11.630 14.082 12.635 12.535 13.188 14.253 12.904 11.955 12.967 14.896 14.816 17.138 19.396 16.216 19.959 18.628 19.180 20.172 21.214 21.500 28.196 28.403 29.150 33.126 38.955 40.464 38.590 41.207 40.304 43.145 40.853 40.140 37.034
-999.250 -999.250 -999.250 -999.250 -999.250 -999.250 -999.250 -999.250 -999.250 -999.250 -999.250 -999.250 -999.250 -999.250 -999.250 -999.250 -999.250 -999.250 -999.250 -999.250 -999.250 -999.250 -999.250 -999.250 -999.250 -999.250 -999.250 -999.250 -999.250 -999.250 12.500 14.065 13.996 12.875 9.763 9.077 10.739 10.700 11.215 12.608 16.218 13.068 12.856 14.812 17.576 16.390 16.540 16.740 16.604 17.672 21.814 20.736 23.228 25.282 30.083 29.106 33.015 32.351 39.618 41.221 44.066 47.614 46.098 41.937 42.537 39.452 36.914
-999.250 -999.250 -999.250 -999.250 -999.250 -999.250 -999.250 -999.250 -999.250 -999.250 -999.250 -999.250 -999.250 -999.250 -999.250 -999.250 -999.250 -999.250 -999.250 -999.250 -999.250 -999.250 -999.250 -999.250 -999.250 -999.250 -999.250 -999.250 -999.250 10.369 11.254 11.470 13.033 12.446 10.045 9.863 9.948 10.949 12.419 12.604 12.108 12.749 12.107 13.844 16.165 16.063 17.692 19.115 16.474 19.861 21.945 23.905 24.219 27.264 27.055 31.614 32.877 33.633 35.208 34.797 45.651 42.352 45.673 41.564 41.899 36.947 40.820
-999.250 -999.250 -999.250 -999.250 -999.250 -999.250 -999.250 -999.250 -999.250 -999.250 -999.250 -999.250 -999.250 -999.250 -999.250 -999.250 -999.250 -999.250 -999.250 -999.250 -999.250 -999.250 -999.250 -999.250 -999.250 -999.250 -999.250 -999.250 -999.250 11.752 11.544 11.496 11.613 13.732 10.341 6.784 7.703 9.023 11.148 11.347 13.353 10.483 8.722 12.513 13.617 17.700 18.342 17.758 17.757 20.378 22.281 25.350 25.823 23.354 24.620 31.097 33.244 37.588 34.543 39.076 41.034 41.950 40.086 45.000 40.369 36.415 36.106
-999.250 -999.250 -999.250 -999.250 -999.250 -999.250 -999.250 -999.250 -999.250 -999.250 -999.250 -999.250 -999.250 -999.250 -999.250 -999.250 -999.250 -999.250 -999.250 -999.250 -999.250 -999.250 -999.250 -999.250 -999.250 -999.250 -999.250 -999.250 11.955 10.590 11.061 7.421 10.099 12.594 10.315 9.108 9.207 7.482 9.419 9.132 8.826 10.619 11.982 12.182 15.227 15.490 17.392 16.598 18.098 19.704 23.369 24.376 21.097 28.630 30.508 31.492 31.137 34.541 35.447 32.448 39.299 42.300 50.511 40.745 36.313 39.044 33.715
-999.250 -999.250 -999.250 -999.250 -999.250 -999.250 -999.250 -999.250 -999.250 -999.250 -999.250 -999.250 -999.250 -999.250 -999.250 -999.250 -999.250 -999.250 -999.250 -999.250 -999.250 -999.250 -999.250 -999.250 -999.250 -999.250 -999.250 -999.250 10.440 8.310 6.771 8.004 9.336 10.893 10.028 6.926 4.898 8.006 5.262 5.613 4.204 5.259 7.068 11.508 13.957 15.305 17.019 15.378 16.739 21.073 21.032 21.034 25.196 26.749 30.504 31.557 30.768 34.697 37.752 40.657 42.842 43.964 43.018 41.544 37.360 36.973 32.249
-999.250 -999.250 -999.250 -999.250 -999.250 -999.250 -999.250 -999.250 -999.250 -999.250 -999.250 -999.250 -999.250 -999.250 -999.250 -999.250 -999.250 -999.250 -999.250 -999.250 -999.250 -999.250 -999.250 -999.250 -999.250 -999.250 -999.250 9.810 7.090 5.934 4.944 4.606 6.753 9.445 8.945 8.276 8.662 6.928 3.292 1.733 0.000 4.567 8.488 11.603 13.956 12.289 15.969 16.747 20.998 18.276 23.243 22.442 27.783 31.296 30.100 31.454 32.365 36.871 35.227 42.611 39.041 47.987 46.708 43.782 37.176 34.662 31.233
-999.250 -999.250 -999.250 -999.250 -999.250 -999.250 -999.250 -999.250 -999.250 -999.250 -999.250 -999.250 -999.250 -999.250 -999.250 -999.250 -999.250 -999.250 -999.250 -999.250 -999.250 -999.250 -999.250 -999.250 -999.250 -999.250 -999.250 8.165 7.744 4.043 0.000 4.787 8.813 6.709 7.105 8.472 7.737 7.402 4.189 6.026 3.055 7.657 11.375 12.918 13.743 12.919 15.112 17.120 18.433 20.447 23.770 25.441 26.386 30.276 28.160 30.736 30.907 36.739 35.730 44.895 41.293 40.202 41.514 42.213 38.697 34.353 30.403
-999.250 -999.250 -999.250 -999.250 -999.250 -999.250 -999.250 -999.250 -999.250 -999.250 -999.250 -999.250 -999.250 -999.250 -999.250 -999.250 -999.250 -999.250 -999.250 -999.250 -999.250 -999.250 -999.250 -999.250 -999.250 -999.250 -999.250 9.472 8.422 5.052 3.950 5.064 3.829 6.599 7.848 8.683 10.038 7.839 7.862 7.657 6.600 6.642 11.269 12.942 12.272 15.092 15.507 16.029 20.387 19.718 24.279 27.286 24.364 26.712 30.215 34.716 36.409 40.269 35.881 38.868 41.310 44.719 39.894 41.299 37.707 33.875 30.765
