data/medianmodel_19-Nov-2020.asc
ncols	141
nrows	288
xllcorner	-120191.398
yllcorner	-301404.813
cellsize	2000.000
NODATA_value	-999.250
[rows 29 to 57 of 288, columns 65 to 129 of 141]
699.329 718.353 692.055 613.855 603.156 595.712 560.799 529.454 540.571 524.849 551.259 575.879 561.036 563.204 581.894 600.828 618.872 643.079 608.955 666.508 666.262 698.120 708.111 704.511 664.060 635.042 663.396 604.219 600.101 647.861 650.269 581.683 598.728 570.188 591.632 562.278 611.679 575.427 553.041 558.136 563.394 579.607 602.328 582.778 569.434 567.047 545.737 576.528 546.994 539.946 513.950 519.874 537.009 528.384 500.386 491.360 461.577 455.469 470.033 421.265 439.020 415.280 448.297 435.362 427.892
769.156 704.576 675.011 636.839 638.510 599.373 594.293 537.450 514.044 533.206 512.593 539.911 552.554 581.027 574.034 595.652 604.701 634.120 642.658 606.366 655.653 742.552 757.604 725.043 724.886 694.961 675.096 661.344 649.631 637.773 622.728 575.331 558.847 576.462 555.144 574.772 577.919 598.132 594.515 582.392 628.707 615.900 658.530 616.861 565.476 565.745 569.651 585.548 553.696 518.562 517.785 508.568 562.420 539.178 541.372 510.949 441.560 436.195 464.310 462.847 438.934 442.522 397.713 418.634 425.064
790.440 651.233 661.985 663.866 624.329 605.089 563.869 547.050 501.940 507.262 491.524 506.975 516.327 560.559 554.266 573.764 618.573 653.277 661.640 636.951 662.558 718.748 702.164 718.830 642.567 645.605 651.325 723.985 674.954 618.829 617.355 576.334 603.353 550.525 541.463 575.393 584.533 621.087 649.823 650.553 642.028 633.841 643.893 628.409 582.579 593.918 606.626 588.009 574.632 556.130 556.950 577.689 575.888 526.796 502.023 506.482 504.436 470.639 468.814 475.684 460.646 476.000 456.219 444.619 464.613
755.404 749.370 730.714 673.170 595.069 557.980 544.899 530.377 512.445 466.834 499.817 517.292 513.725 533.066 556.250 573.389 585.506 679.729 642.510 708.408 682.766 681.132 697.045 647.253 620.915 636.725 672.622 717.482 744.321 612.402 610.047 585.442 584.259 543.879 545.774 584.930 578.401 594.676 613.196 697.959 681.147 624.946 630.165 614.760 637.086 688.005 585.060 597.138 594.047 565.711 522.582 568.831 553.572 509.842 508.080 500.866 512.433 452.993 504.519 491.694 500.398 487.769 499.765 453.727 468.397
772.107 701.536 651.278 669.403 576.043 588.841 546.649 525.274 485.855 491.659 475.333 499.318 523.461 569.038 576.632 588.975 628.925 637.724 617.127 640.468 700.634 707.412 698.668 676.702 697.745 662.275 689.074 757.112 655.548 610.639 613.463 585.938 557.708 569.692 554.917 552.388 581.088 583.353 621.894 695.605 802.999 686.296 675.820 709.562 680.267 674.260 652.134 632.751 605.027 595.849 583.955 551.411 556.867 507.899 556.524 528.283 524.094 501.852 519.219 494.224 485.422 513.687 505.072 499.775 475.443
789.840 697.242 613.357 625.407 597.740 558.820 533.019 513.333 448.803 480.148 510.104 493.329 544.822 584.314 578.708 591.114 613.074 657.311 633.597 642.737 651.589 726.175 686.450 663.481 699.892 703.457 658.791 660.182 626.894 620.108 613.928 575.224 554.174 545.360 537.833 543.268 582.785 576.473 627.485 632.316 709.998 697.441 796.584 716.538 718.454 700.305 666.605 652.881 608.466 621.780 576.332 637.841 570.155 538.702 562.380 560.465 559.590 525.554 503.610 476.865 478.353 475.966 508.060 516.835 502.657
824.108 746.225 662.591 619.227 596.101 568.693 539.703 517.851 501.627 521.758 516.634 531.937 596.920 564.322 551.188 583.686 652.119 638.465 622.776 648.723 685.433 684.264 715.187 689.476 697.324 709.164 677.400 662.153 633.655 622.098 590.190 577.804 574.784 533.575 545.108 551.128 566.779 577.008 601.289 606.153 616.452 741.387 713.469 738.443 756.996 795.660 709.805 670.491 635.832 635.107 614.890 599.915 609.664 566.021 592.778 589.480 561.835 520.520 507.104 498.663 502.867 496.307 509.515 475.898 525.559
843.858 709.290 700.066 638.647 596.319 584.731 546.169 522.417 529.876 539.222 549.490 548.842 563.016 586.105 591.455 599.534 608.130 655.415 653.381 701.051 736.821 662.371 719.252 677.979 708.606 754.827 657.756 656.846 620.443 574.479 546.812 544.705 556.266 521.082 505.654 545.989 575.641 617.628 562.996 611.982 639.274 670.250 670.415 736.817 771.877 718.240 736.914 680.962 656.502 670.197 646.109 690.979 697.154 585.507 561.989 586.747 546.273 509.255 538.409 513.110 510.362 525.767 524.280 516.772 505.736
848.515 774.838 671.641 666.240 603.554 580.515 566.901 536.837 543.943 544.383 565.646 587.562 576.910 599.728 595.939 607.538 614.106 626.218 656.454 671.372 649.054 679.107 668.220 621.268 710.151 684.599 667.982 628.745 606.712 586.101 553.423 554.482 530.537 523.333 509.641 530.385 555.244 568.809 573.956 611.024 633.753 620.267 673.206 745.881 749.650 798.362 719.875 748.165 789.869 711.355 680.641 682.111 641.566 632.550 612.869 639.628 602.734 557.495 529.092 529.478 579.490 556.836 523.474 531.920 539.732
894.763 822.939 652.808 655.255 652.899 565.678 574.624 572.197 534.002 535.560 530.520 571.905 592.761 591.351 598.819 592.166 586.053 630.728 663.707 678.830 704.987 649.530 724.492 701.313 714.883 687.430 628.214 606.939 604.776 567.693 531.944 499.862 491.460 499.227 478.182 524.624 542.956 558.821 607.592 639.045 678.148 632.002 682.752 722.044 707.860 812.391 827.862 848.283 829.022 723.901 707.842 711.495 689.449 697.758 676.545 593.926 573.739 590.230 566.176 563.457 615.130 547.514 565.311 571.498 548.938
760.846 689.232 699.157 658.207 641.403 566.556 606.920 569.462 562.181 569.580 578.346 548.724 592.922 604.862 593.910 603.357 632.762 634.619 680.914 662.615 684.399 690.352 665.123 648.913 688.252 610.682 612.344 568.219 587.090 541.449 530.029 487.403 513.338 495.532 497.203 498.376 503.333 552.740 562.031 647.800 607.268 660.345 700.997 732.800 730.401 717.875 771.595 769.407 857.608 848.194 789.386 725.534 657.604 652.193 666.848 610.985 606.110 605.638 556.419 570.718 567.747 577.865 582.937 540.020 584.094
813.156 699.983 675.615 655.376 586.913 620.712 595.479 557.705 560.571 562.754 557.071 578.699 588.572 576.707 582.013 587.604 590.076 612.934 600.933 662.526 674.507 625.215 641.183 695.588 620.489 588.882 572.041 536.974 536.043 510.551 492.593 460.335 452.778 470.429 454.656 472.238 487.584 523.870 546.476 573.768 645.176 646.939 667.009 767.562 742.164 855.193 835.259 810.184 867.099 888.327 799.871 786.058 645.161 683.056 596.130 590.641 634.937 586.991 596.655 563.411 573.341 581.702 560.244 575.059 574.796
806.025 686.864 676.648 654.348 611.883 593.640 619.983 611.501 558.523 571.947 539.759 573.176 571.198 591.843 583.479 556.809 582.644 600.775 569.532 630.706 599.477 613.182 633.586 654.750 609.164 568.098 552.601 521.398 495.475 504.090 505.981 469.714 396.528 427.492 440.082 449.592 440.394 489.072 523.876 559.047 593.365 610.668 683.510 757.534 784.870 863.367 825.060 857.106 927.537 905.552 794.604 720.327 731.933 647.514 651.328 608.311 639.889 625.933 623.442 585.488 585.913 583.395 609.542 572.592 601.528
781.666 692.587 635.051 636.026 615.120 643.692 580.453 602.341 616.237 585.400 566.782 535.637 576.094 565.976 590.766 581.364 596.121 577.699 586.505 585.552 604.667 589.649 577.201 591.368 590.284 555.577 540.793 536.941 515.817 512.387 492.160 454.668 449.535 416.018 402.025 419.356 451.238 464.711 514.140 564.200 630.511 640.704 782.033 822.713 821.537 960.777 904.366 972.126 882.168 860.502 827.064 771.239 723.779 650.726 653.492 637.767 646.842 642.738 693.843 586.656 608.552 612.014 588.577 569.126 545.951
809.766 681.176 652.095 642.089 638.697 623.524 609.620 635.902 625.116 622.841 578.452 583.264 573.467 565.673 587.038 563.122 593.673 558.674 556.039 560.851 574.951 572.704 590.612 556.688 545.537 514.987 511.938 512.160 495.113 483.674 464.962 422.191 372.486 389.883 362.151 367.214 399.582 481.809 524.341 537.169 610.084 680.862 780.281 908.747 967.033 1010.403 976.076 937.968 970.026 902.146 874.163 791.761 713.933 690.895 656.066 685.164 674.994 699.470 672.574 617.130 620.945 613.902 602.849 554.988 564.725
779.926 745.952 659.173 653.370 653.860 687.474 634.979 726.038 621.872 621.914 605.609 658.173 613.338 551.587 559.315 556.050 569.136 581.405 582.993 583.377 579.925 558.540 540.914 562.711 516.189 551.480 540.028 487.840 490.421 465.481 395.681 360.606 357.868 348.394 356.421 348.963 370.877 460.977 496.727 548.538 615.370 709.553 760.266 943.404 994.217 973.739 999.843 979.663 954.798 1013.353 999.218 965.651 874.058 812.101 773.917 694.979 685.602 760.347 698.829 659.454 630.623 638.734 665.566 591.776 573.705
780.930 883.854 707.332 624.736 592.273 616.440 570.249 611.706 681.062 651.564 660.808 649.971 603.090 604.545 606.476 570.272 561.597 569.432 569.577 562.656 550.244 556.851 579.050 541.979 533.847 536.975 509.907 486.989 454.499 415.686 369.162 338.611 320.457 315.602 296.663 296.776 335.740 370.404 443.066 529.099 609.003 713.935 743.667 942.682 935.234 940.107 984.727 1007.969 1088.042 955.841 1065.434 1007.283 1013.357 846.221 775.169 691.134 697.743 798.577 813.078 705.508 700.628 739.062 663.433 671.425 604.793
809.089 791.609 745.439 687.367 618.066 610.580 646.871 687.702 688.387 690.141 707.318 660.502 625.185 605.979 608.515 553.456 590.230 536.593 565.947 546.035 537.760 543.517 588.182 556.592 547.767 538.960 486.455 494.747 450.789 403.601 360.256 339.738 303.562 281.697 246.080 248.955 260.235 344.626 436.932 535.955 634.916 688.180 730.373 851.318 976.265 1070.408 1168.696 1041.654 1147.096 1074.700 1138.441 1093.161 1021.715 922.321 880.236 808.855 792.505 770.872 747.254 729.468 705.233 678.045 725.919 702.548 601.953
757.905 766.518 704.737 648.528 608.040 604.763 687.556 737.475 679.141 685.099 691.889 714.182 693.175 649.813 576.073 554.652 549.218 544.438 560.099 518.545 549.236 544.575 558.244 555.294 537.625 526.327 476.645 434.559 386.538 349.477 331.667 314.739 296.369 269.598 246.906 210.434 165.453 317.872 433.132 520.119 610.449 721.660 788.253 854.914 997.785 1107.601 1150.336 1130.676 1226.375 1135.578 1115.833 1191.977 1007.153 1102.325 1069.943 945.771 954.190 896.330 875.234 820.913 699.776 724.063 839.241 -999.250 -999.250
788.966 705.526 657.175 604.961 601.206 623.444 669.694 705.975 787.852 724.078 835.951 763.585 645.758 628.398 575.521 549.879 563.095 571.697 551.619 550.444 551.566 523.042 548.902 524.391 523.248 492.284 476.821 421.479 361.076 320.493 299.176 276.228 274.046 271.212 245.496 239.490 246.950 346.963 465.439 517.837 589.072 682.897 773.067 877.038 1048.788 1191.081 1249.601 1245.063 1335.024 1293.662 1149.277 1190.463 1138.246 1173.533 1055.314 1088.861 1052.966 995.686 998.173 1001.175 970.839 958.471 906.608 -999.250 -999.250
837.025 667.878 688.815 615.492 637.487 589.313 648.552 682.030 736.187 801.820 918.828 840.342 736.536 611.803 610.822 581.406 572.755 542.287 540.723 556.661 520.194 525.219 514.326 506.263 488.855 466.333 460.657 403.563 337.488 306.576 229.439 252.031 263.847 262.815 261.133 284.509 316.006 404.713 471.267 554.420 604.627 750.006 834.841 941.102 1074.251 1181.195 1237.771 1355.630 1308.437 1354.018 1313.006 1251.342 1197.277 1196.477 1176.789 1176.471 1193.209 1107.568 -999.250 1097.145 1055.018 -999.250 -999.250 -999.250 -999.250
739.082 642.343 637.866 588.761 580.506 556.064 588.468 635.331 783.676 814.363 806.874 788.804 713.840 680.614 612.532 584.823 565.481 545.120 531.596 501.444 504.798 509.003 512.756 493.606 495.555 459.366 419.292 368.455 337.342 316.354 289.979 291.026 287.786 284.418 306.207 303.991 355.266 431.040 486.621 557.475 699.871 809.413 899.418 1030.342 1192.780 1273.817 1451.836 1394.666 1406.525 1409.240 1466.583 1440.465 1322.022 1330.862 1360.120 1315.334 -999.250 -999.250 -999.250 -999.250 -999.250 -999.250 -999.250 -999.250 -999.250
779.886 667.309 584.745 575.182 551.443 546.099 553.779 662.070 742.744 852.572 852.271 739.611 636.767 637.589 596.430 574.574 553.584 500.481 478.365 494.026 486.001 488.806 479.874 470.757 477.609 442.028 387.019 360.282 350.222 331.008 327.266 307.614 334.348 314.829 326.563 359.046 383.142 467.137 528.682 617.627 683.780 872.760 1035.384 1170.032 1280.850 1335.239 1411.253 1517.687 1571.283 1543.051 1620.343 1660.648 1640.942 1669.973 1464.608 -999.250 -999.250 -999.250 -999.250 -999.250 -999.250 -999.250 -999.250 -999.250 -999.250
759.892 598.602 574.820 535.795 508.921 469.669 538.969 554.645 648.163 848.613 715.412 638.648 588.657 623.562 591.755 573.386 537.174 478.222 464.319 459.401 421.764 453.628 468.399 457.766 432.468 423.223 411.129 387.483 351.115 351.731 337.239 326.823 329.574 336.408 375.253 402.020 447.593 504.158 568.541 647.691 723.614 970.220 1112.461 1231.418 1294.812 1481.989 1551.568 1649.067 1671.423 1688.215 1633.264 1704.486 1779.325 1588.102 1628.511 -999.250 -999.250 -999.250 -999.250 -999.250 -999.250 -999.250 -999.250 -999.250 -999.250
744.726 634.215 601.226 507.460 434.933 374.376 402.833 451.100 462.964 329.677 528.856 568.370 597.040 588.697 592.180 558.642 511.291 457.923 407.111 390.069 385.311 410.864 404.046 407.235 447.080 398.989 386.622 380.616 384.177 370.757 351.645 360.868 355.612 362.737 395.292 446.020 464.474 529.817 593.484 649.773 859.180 1024.284 1100.260 1229.682 1521.323 1542.033 1613.371 1672.568 1720.313 1853.172 1862.178 1903.480 1880.098 1862.037 -999.250 -999.250 -999.250 -999.250 -999.250 -999.250 -999.250 -999.250 -999.250 -999.250 -999.250
733.398 626.079 545.793 487.664 375.875 252.270 325.997 353.987 356.111 361.177 472.044 544.813 605.662 635.712 579.795 550.344 501.131 434.971 363.392 337.134 350.167 360.128 372.009 384.869 397.899 387.506 396.055 383.944 385.896 369.579 365.089 396.247 364.108 375.472 422.819 430.818 492.345 545.376 603.225 699.219 797.123 1011.597 1210.653 1333.719 1469.637 1506.428 1685.169 1836.025 1958.702 1893.262 1964.166 1917.820 2036.819 -999.250 -999.250 -999.250 -999.250 -999.250 -999.250 -999.250 -999.250 -999.250 -999.250 -999.250 -999.250
725.627 650.736 546.751 486.668 368.878 313.748 324.892 365.442 382.165 449.701 495.818 556.091 617.989 640.921 622.973 556.037 515.938 419.954 305.820 288.246 297.595 341.750 347.385 352.549 364.912 421.258 415.823 408.080 401.663 398.376 387.484 398.938 423.947 405.278 437.112 466.965 505.150 576.260 646.929 737.247 851.339 1096.683 1180.821 1303.680 1403.197 1566.056 1725.479 1901.662 1972.512 2029.442 2048.541 2134.910 2163.562 -999.250 -999.250 -999.250 -999.250 -999.250 -999.250 -999.250 -999.250 -999.250 -999.250 -999.250 -999.250
674.099 607.702 558.665 480.439 402.353 356.177 379.418 425.348 452.827 511.676 554.533 606.514 641.090 737.695 675.358 591.826 519.960 360.729 198.906 235.516 292.782 315.987 317.927 336.453 362.063 379.201 381.975 454.107 415.683 430.641 442.314 426.857 461.472 443.893 473.362 501.258 531.185 624.554 659.466 887.201 984.994 1209.512 1256.481 1354.186 1506.347 1627.209 1792.503 1939.507 2077.212 2127.973 2214.654 2291.333 -999.250 -999.250 -999.250 -999.250 -999.250 -999.250 -999.250 -999.250 -999.250 -999.250 -999.250 -999.250 -999.250
674.517 620.834 556.843 503.107 470.676 434.398 425.865 485.458 498.092 536.803 576.841 599.697 659.771 730.172 849.367 642.827 538.194 378.482 272.836 248.219 271.898 297.171 317.641 321.211 363.402 391.798 407.089 430.600 418.280 426.331 451.409 446.138 470.920 494.534 509.548 556.494 584.346 608.872 816.857 977.941 970.289 1213.361 1258.002 1373.015 1607.607 1767.721 1954.540 2000.425 2157.082 2256.025 2334.748 2374.573 -999.250 -999.250 -999.250 -999.250 -999.250 -999.250 -999.250 -999.250 -999.250 -999.250 -999.250 -999.250 -999.250
