data/medianmodel_03-Jan-2021.asc
ncols	141
nrows	288
xllcorner	-120191.398
yllcorner	-301404.813
cellsize	2000.000
NODATA_value	-999.250
[rows 174 to 202 of 288, columns 64 to 127 of 141]
968.039 956.623 943.674 757.083 699.521 720.007 660.277 629.346 577.045 568.781 562.835 556.426 556.647 585.025 618.874 598.598 565.890 570.475 509.563 488.961 448.408 435.357 389.208 366.501 344.394 329.377 275.919 282.599 281.228 295.311 316.425 337.230 354.552 385.649 434.635 460.716 460.093 465.902 473.895 471.984 477.382 496.714 529.657 525.177 529.192 499.713 -999.250 -999.250 -999.250 -999.250 -999.250 -999.250 -999.250 -999.250 -999.250 -999.250 -999.250 -999.250 -999.250 -999.250 -999.250 -999.250 -999.250 -999.250
1180.748 987.529 952.413 812.096 759.445 743.445 701.355 672.280 661.598 623.254 600.309 593.940 609.502 603.830 637.644 655.746 627.838 570.446 526.289 507.145 480.619 438.006 431.589 397.145 392.730 370.963 359.721 354.986 368.652 379.819 406.914 422.574 436.060 443.605 486.158 499.944 508.029 539.642 536.463 553.344 518.360 557.636 552.990 563.342 553.654 -999.250 -999.250 -999.250 -999.250 -999.250 -999.250 -999.250 -999.250 -999.250 -999.250 -999.250 -999.250 -999.250 -999.250 -999.250 -999.250 -999.250 -999.250 -999.250
1141.283 1042.758 971.160 891.600 791.892 729.519 747.582 704.178 662.793 651.819 604.165 612.032 638.389 613.730 664.980 702.629 653.411 610.637 544.974 514.694 493.585 477.127 468.536 446.814 446.452 428.640 405.981 416.209 444.915 468.471 485.060 493.481 492.580 511.589 532.215 565.449 582.370 613.203 618.749 619.335 623.710 629.249 623.376 601.334 604.368 -999.250 -999.250 -999.250 -999.250 -999.250 -999.250 -999.250 -999.250 -999.250 -999.250 -999.250 -999.250 -999.250 -999.250 -999.250 -999.250 -999.250 -999.250 -999.250
1194.688 1048.281 1008.554 929.280 824.698 786.820 736.355 720.407 691.976 660.954 652.377 627.317 645.994 635.230 677.109 669.668 650.377 602.747 556.419 555.708 521.256 505.070 497.140 505.784 495.055 480.026 489.859 489.833 488.814 518.579 543.317 558.551 563.069 593.366 608.322 658.610 682.905 697.859 659.079 682.717 637.391 652.022 655.213 626.610 -999.250 -999.250 -999.250 -999.250 -999.250 -999.250 -999.250 -999.250 -999.250 -999.250 -999.250 -999.250 -999.250 -999.250 -999.250 -999.250 -999.250 -999.250 -999.250 -999.250
1265.767 1079.545 1026.540 883.535 821.025 808.625 770.831 744.482 702.524 686.154 663.655 635.415 652.623 635.419 627.995 650.476 640.602 582.497 570.694 524.938 533.623 535.450 553.026 539.850 534.590 586.997 581.468 568.875 570.955 577.803 587.841 621.596 634.567 685.290 705.412 720.974 739.932 722.515 712.834 715.036 686.106 718.239 694.929 669.519 -999.250 -999.250 -999.250 -999.250 -999.250 -999.250 -999.250 -999.250 -999.250 -999.250 -999.250 -999.250 -999.250 -999.250 -999.250 -999.250 -999.250 -999.250 -999.250 -999.250
1137.265 1073.486 1029.615 927.966 912.772 869.225 830.101 753.209 694.910 685.082 653.930 650.812 627.373 623.579 597.931 603.865 575.273 576.089 573.578 565.895 542.646 570.954 594.456 622.786 634.668 616.124 627.903 634.575 639.423 639.008 634.245 650.343 695.173 693.152 742.059 827.857 754.739 804.865 810.526 753.741 726.064 762.460 714.557 -999.250 -999.250 -999.250 -999.250 -999.250 -999.250 -999.250 -999.250 -999.250 -999.250 -999.250 -999.250 -999.250 -999.250 -999.250 -999.250 -999.250 -999.250 -999.250 -999.250 -999.250
1083.399 1073.271 992.719 879.202 878.670 862.946 784.226 729.178 682.296 681.771 670.735 623.515 592.437 605.520 572.706 561.836 552.735 577.333 554.521 567.839 577.544 619.968 621.575 644.679 691.940 698.276 698.567 699.317 697.018 690.206 680.029 680.042 721.898 754.356 799.094 832.767 830.965 887.069 851.819 822.155 749.433 762.709 733.357 -999.250 -999.250 -999.250 -999.250 -999.250 -999.250 -999.250 -999.250 -999.250 -999.250 -999.250 -999.250 -999.250 -999.250 -999.250 -999.250 -999.250 -999.250 -999.250 -999.250 -999.250
1136.005 1069.227 993.666 956.052 856.714 835.280 740.277 700.565 696.935 675.098 654.452 606.028 595.467 547.988 571.311 531.760 522.606 532.507 545.181 572.564 577.966 624.236 674.956 704.430 714.887 763.472 761.991 738.196 719.431 710.852 697.696 676.699 711.594 750.642 782.724 846.158 927.109 957.105 976.079 944.410 873.808 884.348 810.570 -999.250 -999.250 -999.250 -999.250 -999.250 -999.250 -999.250 -999.250 -999.250 -999.250 -999.250 -999.250 -999.250 -999.250 -999.250 -999.250 -999.250 -999.250 -999.250 -999.250 -999.250
1083.459 1047.567 969.315 837.390 844.700 761.288 718.517 707.013 691.189 668.660 614.416 568.119 539.123 528.160 526.053 520.553 510.686 534.320 545.513 567.377 597.430 627.710 702.592 702.137 757.393 818.192 809.250 753.514 739.714 720.621 717.870 720.260 765.856 761.715 797.592 900.189 941.007 1002.883 1046.938 997.336 983.322 900.858 -999.250 -999.250 -999.250 -999.250 -999.250 -999.250 -999.250 -999.250 -999.250 -999.250 -999.250 -999.250 -999.250 -999.250 -999.250 -999.250 -999.250 -999.250 -999.250 -999.250 -999.250 -999.250
988.708 918.360 924.079 807.158 714.153 761.954 698.918 695.138 662.468 619.564 582.884 537.889 521.324 513.057 500.618 500.198 513.458 551.924 551.412 581.395 588.832 613.949 694.569 704.274 785.372 836.495 858.247 792.832 724.252 673.216 681.905 678.183 721.850 753.925 787.896 854.838 918.705 1029.169 1144.778 1048.205 1026.553 -999.250 -999.250 -999.250 -999.250 -999.250 -999.250 -999.250 -999.250 -999.250 -999.250 -999.250 -999.250 -999.250 -999.250 -999.250 -999.250 -999.250 -999.250 -999.250 -999.250 -999.250 -999.250 -999.250
921.608 919.457 844.632 761.480 710.804 683.399 676.370 655.158 590.374 579.436 545.006 536.277 523.813 498.999 506.952 481.732 502.024 516.583 547.332 540.882 587.961 625.424 664.159 717.274 771.835 809.287 935.273 741.400 642.820 598.418 602.644 640.538 705.737 738.478 781.741 840.209 964.289 993.229 1047.827 1034.705 992.950 -999.250 -999.250 -999.250 -999.250 -999.250 -999.250 -999.250 -999.250 -999.250 -999.250 -999.250 -999.250 -999.250 -999.250 -999.250 -999.250 -999.250 -999.250 -999.250 -999.250 -999.250 -999.250 -999.250
807.785 785.961 769.674 719.133 669.658 680.534 635.378 579.098 592.106 569.476 524.785 528.284 517.247 502.007 494.246 496.945 504.952 533.400 537.905 542.473 588.329 640.084 673.698 686.231 690.372 705.449 639.271 519.732 487.066 522.734 548.270 578.137 621.653 719.957 780.361 866.194 895.223 962.925 1004.962 -999.250 -999.250 -999.250 -999.250 -999.250 -999.250 -999.250 -999.250 -999.250 -999.250 -999.250 -999.250 -999.250 -999.250 -999.250 -999.250 -999.250 -999.250 -999.250 -999.250 -999.250 -999.250 -999.250 -999.250 -999.250
742.064 748.359 701.212 682.500 667.914 607.918 581.555 583.479 556.928 537.868 521.270 501.426 486.767 459.128 478.692 482.216 490.724 506.112 521.131 528.620 567.638 582.358 602.195 596.571 568.339 560.291 429.717 248.171 344.315 424.451 479.016 548.675 622.204 689.793 726.076 803.106 838.940 890.015 -999.250 -999.250 -999.250 -999.250 -999.250 -999.250 -999.250 -999.250 -999.250 -999.250 -999.250 -999.250 -999.250 -999.250 -999.250 -999.250 -999.250 -999.250 -999.250 -999.250 -999.250 -999.250 -999.250 -999.250 -999.250 -999.250
702.071 707.275 682.895 628.729 602.846 559.110 542.438 516.357 515.038 507.153 509.692 501.336 484.351 475.562 485.085 484.650 465.321 481.990 488.049 509.513 538.174 558.394 563.381 542.814 488.156 453.684 358.921 289.563 312.575 370.847 427.113 514.081 571.044 651.344 699.068 767.457 809.611 -999.250 -999.250 -999.250 -999.250 -999.250 -999.250 -999.250 -999.250 -999.250 -999.250 -999.250 -999.250 -999.250 -999.250 -999.250 -999.250 -999.250 -999.250 -999.250 -999.250 -999.250 -999.250 -999.250 -999.250 -999.250 -999.250 -999.250
649.434 643.565 599.545 625.643 579.609 576.549 519.134 524.986 498.779 494.570 484.309 482.947 472.444 483.501 479.869 475.612 466.140 468.705 493.997 502.112 523.527 547.210 531.858 496.819 460.010 406.469 340.915 321.188 312.655 362.286 412.850 495.425 576.052 610.302 709.945 740.142 -999.250 -999.250 -999.250 -999.250 -999.250 -999.250 -999.250 -999.250 -999.250 -999.250 -999.250 -999.250 -999.250 -999.250 -999.250 -999.250 -999.250 -999.250 -999.250 -999.250 -999.250 -999.250 -999.250 -999.250 -999.250 -999.250 -999.250 -999.250
627.281 606.693 582.745 574.058 565.072 524.546 511.716 486.457 478.305 461.652 458.551 467.144 456.236 467.370 452.399 468.406 454.209 458.521 476.722 478.412 508.094 513.692 492.988 459.933 421.665 385.937 348.117 339.975 336.118 392.949 428.379 477.838 554.609 611.972 -999.250 -999.250 -999.250 -999.250 -999.250 -999.250 -999.250 -999.250 -999.250 -999.250 -999.250 -999.250 -999.250 -999.250 -999.250 -999.250 -999.250 -999.250 -999.250 -999.250 -999.250 -999.250 -999.250 -999.250 -999.250 -999.250 -999.250 -999.250 -999.250 -999.250
597.244 568.904 572.943 553.946 527.745 506.799 482.806 476.952 469.713 434.314 438.274 436.752 440.771 460.451 463.496 462.822 445.355 439.455 466.139 475.318 471.057 487.510 461.074 415.962 396.104 394.251 365.762 369.579 390.644 408.870 433.612 466.972 533.798 605.472 -999.250 -999.250 -999.250 -999.250 -999.250 -999.250 -999.250 -999.250 -999.250 -999.250 -999.250 -999.250 -999.250 -999.250 -999.250 -999.250 -999.250 -999.250 -999.250 -999.250 -999.250 -999.250 -999.250 -999.250 -999.250 -999.250 -999.250 -999.250 -999.250 -999.250
554.987 556.614 555.085 556.969 507.605 501.407 485.932 475.133 445.365 431.895 425.090 422.389 443.198 434.742 427.844 445.699 460.690 451.511 460.440 466.563 475.878 467.056 437.976 415.631 390.538 418.790 410.078 423.281 447.727 467.056 465.319 509.437 548.244 -999.250 -999.250 -999.250 -999.250 -999.250 -999.250 -999.250 -999.250 -999.250 -999.250 -999.250 -999.250 -999.250 -999.250 -999.250 -999.250 -999.250 -999.250 -999.250 -999.250 -999.250 -999.250 -999.250 -999.250 -999.250 -999.250 -999.250 -999.250 -999.250 -999.250 -999.250
551.990 551.899 561.356 542.916 516.947 516.203 502.107 468.497 448.947 430.598 417.545 418.786 416.711 413.033 389.096 422.447 435.558 438.821 464.578 470.318 465.175 443.218 418.061 422.729 406.400 427.610 444.194 461.573 490.999 511.088 512.730 531.826 605.205 -999.250 -999.250 -999.250 -999.250 -999.250 -999.250 -999.250 -999.250 -999.250 -999.250 -999.250 -999.250 -999.250 -999.250 -999.250 -999.250 -999.250 -999.250 -999.250 -999.250 -999.250 -999.250 -999.250 -999.250 -999.250 -999.250 -999.250 -999.250 -999.250 -999.250 -999.250
577.454 584.020 596.037 554.843 544.173 514.401 494.281 481.499 461.810 427.471 414.269 413.237 393.158 393.074 388.027 398.102 436.582 440.075 449.414 487.958 454.022 452.010 430.081 432.163 460.094 470.058 477.490 514.579 529.866 555.830 576.408 565.699 654.313 -999.250 -999.250 -999.250 -999.250 -999.250 -999.250 -999.250 -999.250 -999.250 -999.250 -999.250 -999.250 -999.250 -999.250 -999.250 -999.250 -999.250 -999.250 -999.250 -999.250 -999.250 -999.250 -999.250 -999.250 -999.250 -999.250 -999.250 -999.250 -999.250 -999.250 -999.250
604.314 627.701 614.867 612.721 583.444 572.987 541.551 501.570 479.952 456.939 427.030 411.899 375.942 377.333 378.945 388.900 404.061 416.541 422.268 441.541 431.516 438.828 431.127 458.294 476.804 531.581 580.429 587.246 606.249 627.291 642.553 682.743 718.752 -999.250 -999.250 -999.250 -999.250 -999.250 -999.250 -999.250 -999.250 -999.250 -999.250 -999.250 -999.250 -999.250 -999.250 -999.250 -999.250 -999.250 -999.250 -999.250 -999.250 -999.250 -999.250 -999.250 -999.250 -999.250 -999.250 -999.250 -999.250 -999.250 -999.250 -999.250
716.276 704.950 680.908 665.115 646.765 585.573 559.289 530.214 494.135 474.718 442.538 422.187 354.744 361.782 369.836 365.521 381.186 392.395 399.471 400.033 404.155 416.362 430.892 472.547 511.397 566.209 661.058 663.136 674.712 702.054 710.376 767.164 780.617 741.454 -999.250 -999.250 -999.250 -999.250 -999.250 -999.250 -999.250 -999.250 -999.250 -999.250 -999.250 -999.250 -999.250 -999.250 -999.250 -999.250 -999.250 -999.250 -999.250 -999.250 -999.250 -999.250 -999.250 -999.250 -999.250 -999.250 -999.250 -999.250 -999.250 -999.250
729.154 751.984 740.174 719.239 676.873 678.022 602.273 565.410 519.917 488.143 463.526 420.453 370.392 359.739 361.082 337.488 349.324 350.646 355.487 361.116 394.109 383.406 431.063 463.550 524.712 588.327 665.715 706.547 754.422 784.024 802.271 783.647 804.162 798.018 -999.250 -999.250 -999.250 -999.250 -999.250 -999.250 -999.250 -999.250 -999.250 -999.250 -999.250 -999.250 -999.250 -999.250 -999.250 -999.250 -999.250 -999.250 -999.250 -999.250 -999.250 -999.250 -999.250 -999.250 -999.250 -999.250 -999.250 -999.250 -999.250 -999.250
860.767 809.677 755.698 760.686 792.321 752.018 675.843 611.968 572.790 519.304 470.598 431.481 375.124 361.910 359.996 351.850 329.200 316.438 334.111 361.569 365.331 393.816 435.225 474.001 527.005 613.506 681.869 726.178 801.708 853.322 926.403 927.909 940.891 -999.250 -999.250 -999.250 -999.250 -999.250 -999.250 -999.250 -999.250 -999.250 -999.250 -999.250 -999.250 -999.250 -999.250 -999.250 -999.250 -999.250 -999.250 -999.250 -999.250 -999.250 -999.250 -999.250 -999.250 -999.250 -999.250 -999.250 -999.250 -999.250 -999.250 -999.250
940.184 924.206 886.378 893.472 887.705 835.431 755.163 673.810 597.957 557.834 488.311 428.292 405.325 371.699 346.160 327.333 320.007 325.075 334.563 337.434 363.467 382.352 433.014 485.638 553.008 624.186 701.493 772.653 892.931 950.346 973.077 993.297 -999.250 -999.250 -999.250 -999.250 -999.250 -999.250 -999.250 -999.250 -999.250 -999.250 -999.250 -999.250 -999.250 -999.250 -999.250 -999.250 -999.250 -999.250 -999.250 -999.250 -999.250 -999.250 -999.250 -999.250 -999.250 -999.250 -999.250 -999.250 -999.250 -999.250 -999.250 -999.250
1026.386 1050.251 986.402 985.749 949.033 925.993 834.137 702.896 638.191 625.512 552.256 464.856 417.614 370.066 336.378 298.700 271.248 283.764 308.304 312.529 343.357 392.317 450.834 506.579 563.357 663.619 758.872 874.438 943.523 1070.855 1113.328 1131.245 -999.250 -999.250 -999.250 -999.250 -999.250 -999.250 -999.250 -999.250 -999.250 -999.250 -999.250 -999.250 -999.250 -999.250 -999.250 -999.250 -999.250 -999.250 -999.250 -999.250 -999.250 -999.250 -999.250 -999.250 -999.250 -999.250 -999.250 -999.250 -999.250 -999.250 -999.250 -999.250
1135.839 1164.528 1060.487 1003.781 1057.158 967.032 889.358 795.084 706.144 656.943 587.945 495.421 431.572 375.819 334.776 282.758 255.119 257.995 301.743 326.477 349.729 370.253 432.740 512.692 615.598 683.771 860.946 969.758 1048.403 1145.103 1263.291 1306.852 -999.250 -999.250 -999.250 -999.250 -999.250 -999.250 -999.250 -999.250 -999.250 -999.250 -999.250 -999.250 -999.250 -999.250 -999.250 -999.250 -999.250 -999.250 -999.250 -999.250 -999.250 -999.250 -999.250 -999.250 -999.250 -999.250 -999.250 -999.250 -999.250 -999.250 -999.250 -999.250
1234.667 1326.412 1269.888 1193.273 1074.635 1022.308 970.509 841.277 764.456 710.301 603.234 541.960 470.521 394.483 346.283 321.219 289.770 301.757 321.472 315.749 349.279 392.803 447.311 537.917 654.794 793.871 906.271 1026.272 1110.921 1298.464 1384.847 1513.543 -999.250 -999.250 -999.250 -999.250 -999.250 -999.250 -999.250 -999.250 -999.250 -999.250 -999.250 -999.250 -999.250 -999.250 -999.250 -999.250 -999.250 -999.250 -999.250 -999.250 -999.250 -999.250 -999.250 -999.250 -999.250 -999.250 -999.250 -999.250 -999.250 -999.250 -999.250 -999.250
1556.780 1496.171 1401.234 1217.780 1166.073 1136.721 1006.063 965.108 805.687 764.535 664.381 563.300 506.645 444.110 371.996 355.063 311.218 279.578 305.298 317.048 367.656 421.727 473.614 581.123 668.125 847.418 977.330 1153.681 1411.781 1510.654 1592.517 -999.250 -999.250 -999.250 -999.250 -999.250 -999.250 -999.250 -999.250 -999.250 -999.250 -999.250 -999.250 -999.250 -999.250 -999.250 -999.250 -999.250 -999.250 -999.250 -999.250 -999.250 -999.250 -999.250 -999.250 -999.250 -999.250 -999.250 -999.250 -999.250 -999.250 -999.250 -999.250 -999.250
