data/medianmodel_05-Feb-2021.asc
ncols	141
nrows	288
xllcorner	-120191.398
yllcorner	-301404.813
cellsize	2000.000
NODATA_value	-999.250
[rows 224 to 251 of 288, columns 63 to 125 of 141]
1024.533 1117.689 1140.279 1236.950 1261.942 1378.696 1412.473 1405.916 1342.834 1297.374 1246.970 1166.624 1119.715 1114.505 1098.536 1061.866 1064.123 1074.205 1155.999 1229.209 1269.415 1316.676 1425.995 1518.691 1672.449 1702.681 1748.105 1858.251 1894.772 1898.203 1942.930 1926.883 1819.453 1793.565 1732.187 1685.855 1531.985 1509.356 1337.574 1291.361 1221.813 1172.987 1121.161 1111.276 1016.115 1008.525 937.916 -999.250 -999.250 -999.250 -999.250 -999.250 -999.250 -999.250 -999.250 -999.250 -999.250 -999.250 -999.250 -999.250 -999.250 -999.250 -999.250
1109.713 1177.406 1201.653 1232.825 1286.538 1322.683 1396.850 1368.997 1367.444 1340.848 1252.688 1205.085 1199.843 1121.433 1182.222 1114.522 1117.892 1146.003 1186.106 1278.172 1286.795 1348.384 1454.543 1533.276 1566.769 1687.008 1775.894 1819.017 1811.521 1859.182 1869.930 1858.229 1778.039 1732.680 1688.567 1644.704 1587.869 1510.735 1428.886 1312.462 1242.661 1195.931 1173.189 1120.760 1058.630 977.148 997.582 -999.250 -999.250 -999.250 -999.250 -999.250 -999.250 -999.250 -999.250 -999.250 -999.250 -999.250 -999.250 -999.250 -999.250 -999.250 -999.250
1154.968 1245.713 1236.054 1289.535 1336.314 1367.455 1445.398 1425.751 1400.172 1359.470 1292.045 1253.552 1195.850 1158.989 1180.183 1136.022 1102.691 1132.413 1203.407 1231.533 1322.581 1376.867 1417.761 1433.385 1502.263 1685.602 1782.975 1805.874 1795.658 1874.427 1845.392 1826.612 1811.289 1688.320 1713.663 1697.191 1593.589 1503.385 1495.270 1348.424 1308.754 1237.824 1204.486 1165.030 1097.188 1074.122 1029.198 -999.250 -999.250 -999.250 -999.250 -999.250 -999.250 -999.250 -999.250 -999.250 -999.250 -999.250 -999.250 -999.250 -999.250 -999.250 -999.250
1246.737 1350.604 1314.366 1356.249 1411.516 1363.017 1433.916 1448.777 1384.280 1335.719 1294.310 1258.987 1285.413 1205.213 1159.897 1132.850 1166.187 1187.153 1187.532 1205.838 1313.321 1388.110 1391.101 1406.769 1503.352 1615.687 1723.427 1748.443 1799.609 1794.712 1836.980 1814.575 1778.438 1717.056 1739.863 1673.425 1540.987 1486.971 1423.460 1390.540 1318.643 1274.005 1224.619 1218.621 1118.530 1033.028 -999.250 -999.250 -999.250 -999.250 -999.250 -999.250 -999.250 -999.250 -999.250 -999.250 -999.250 -999.250 -999.250 -999.250 -999.250 -999.250 -999.250
1373.204 1383.549 1395.874 1381.637 1374.849 1435.349 1421.664 1388.038 1383.532 1334.617 1327.306 1317.586 1274.482 1274.555 1195.943 1218.350 1196.160 1226.072 1217.583 1230.731 1255.144 1290.795 1324.785 1412.673 1472.390 1522.736 1590.985 1741.367 1728.480 1705.378 1731.542 1712.877 1769.024 1726.243 1680.503 1663.551 1586.631 1442.920 1425.634 1373.142 1386.244 -999.250 -999.250 1186.001 1089.712 1083.230 -999.250 -999.250 -999.250 -999.250 -999.250 -999.250 -999.250 -999.250 -999.250 -999.250 -999.250 -999.250 -999.250 -999.250 -999.250 -999.250 -999.250
1504.026 1491.785 1468.167 1509.470 1480.873 1449.678 1422.533 1414.575 1394.543 1377.909 1343.819 1361.871 1287.067 1241.265 1209.005 1222.434 1195.526 1210.412 1264.353 1247.421 1265.160 1269.231 1287.992 1371.870 1415.169 1493.922 1535.582 1654.321 1662.085 1682.886 1723.336 1737.875 1707.029 1629.534 1589.122 1588.811 1544.947 1504.293 1409.498 1379.755 1344.756 -999.250 -999.250 -999.250 -999.250 -999.250 -999.250 -999.250 -999.250 -999.250 -999.250 -999.250 -999.250 -999.250 -999.250 -999.250 -999.250 -999.250 -999.250 -999.250 -999.250 -999.250 -999.250
1594.961 1555.807 1504.076 1470.543 1487.633 1457.534 1463.418 1486.090 1422.417 1425.131 1421.595 1418.178 1350.301 1246.096 1207.228 1204.681 1210.228 1188.135 1195.144 1249.387 1285.073 1370.597 1258.856 1343.108 1355.784 1433.046 1505.198 1579.634 1630.668 1599.827 1562.025 1588.409 1531.770 1660.287 1579.804 1492.350 1482.357 -999.250 -999.250 1402.244 -999.250 -999.250 -999.250 -999.250 -999.250 -999.250 -999.250 -999.250 -999.250 -999.250 -999.250 -999.250 -999.250 -999.250 -999.250 -999.250 -999.250 -999.250 -999.250 -999.250 -999.250 -999.250 -999.250
1692.639 1668.819 1600.368 1594.234 1518.624 1546.675 1554.786 1503.636 1438.067 1395.601 1380.554 1342.420 1367.423 1309.886 1233.853 1194.270 1221.314 1167.755 1180.529 1215.402 1295.705 1300.662 1362.900 1290.570 1344.336 1439.426 1473.931 1469.874 1559.848 1548.470 1577.201 1550.212 1510.642 1535.524 1546.119 -999.250 -999.250 -999.250 -999.250 -999.250 -999.250 -999.250 -999.250 -999.250 -999.250 -999.250 -999.250 -999.250 -999.250 -999.250 -999.250 -999.250 -999.250 -999.250 -999.250 -999.250 -999.250 -999.250 -999.250 -999.250 -999.250 -999.250 -999.250
1825.719 1744.133 1690.592 1549.747 1602.760 1590.441 1569.017 1533.116 1460.421 1367.033 1422.464 1339.283 1342.841 1311.957 1305.775 1253.728 1205.219 1188.126 1194.609 1221.387 1257.098 1249.036 1268.016 1298.814 1296.643 1394.539 1425.678 1458.526 1432.270 1471.030 1460.988 1524.950 1441.403 1498.020 1452.154 -999.250 -999.250 -999.250 -999.250 -999.250 -999.250 -999.250 -999.250 -999.250 -999.250 -999.250 -999.250 -999.250 -999.250 -999.250 -999.250 -999.250 -999.250 -999.250 -999.250 -999.250 -999.250 -999.250 -999.250 -999.250 -999.250 -999.250 -999.250
1845.206 1770.411 1688.305 1565.977 1653.037 1660.650 1641.059 1534.372 1496.875 1434.689 1422.295 1328.725 1339.542 1312.888 1299.271 1238.749 1233.304 1223.280 1189.058 1264.799 1246.774 1242.200 1238.413 1280.777 1286.632 1311.633 1371.183 1411.613 1385.678 1404.639 1392.675 1481.640 1464.589 1484.279 1431.298 -999.250 -999.250 -999.250 -999.250 -999.250 -999.250 -999.250 -999.250 -999.250 -999.250 -999.250 -999.250 -999.250 -999.250 -999.250 -999.250 -999.250 -999.250 -999.250 -999.250 -999.250 -999.250 -999.250 -999.250 -999.250 -999.250 -999.250 -999.250
1891.662 1782.744 1699.176 1688.353 1609.725 1698.318 1664.743 1580.123 1528.542 1470.938 1415.222 1357.471 1353.052 1328.265 1267.792 1202.250 1258.848 1250.542 1222.965 1178.690 1214.015 1295.041 1227.649 1278.755 1310.707 1347.869 1347.957 1409.276 1383.404 1421.061 1425.798 1416.138 1507.888 1450.242 1415.430 -999.250 -999.250 -999.250 -999.250 -999.250 -999.250 -999.250 -999.250 -999.250 -999.250 -999.250 -999.250 -999.250 -999.250 -999.250 -999.250 -999.250 -999.250 -999.250 -999.250 -999.250 -999.250 -999.250 -999.250 -999.250 -999.250 -999.250 -999.250
1903.155 1732.893 1730.333 1691.322 1669.076 1656.454 1622.338 1640.480 1589.396 1488.522 1481.246 1424.808 1416.103 1364.217 1316.756 1243.530 1303.308 1245.854 1262.698 1202.133 1199.175 1237.552 1258.843 1234.413 1268.299 1320.460 1340.868 1382.337 1348.830 1400.382 1440.232 1394.142 1422.324 1372.076 -999.250 -999.250 -999.250 -999.250 -999.250 -999.250 -999.250 -999.250 -999.250 -999.250 -999.250 -999.250 -999.250 -999.250 -999.250 -999.250 -999.250 -999.250 -999.250 -999.250 -999.250 -999.250 -999.250 -999.250 -999.250 -999.250 -999.250 -999.250 -999.250
1901.320 1853.576 1783.885 1641.404 1611.645 1631.414 1644.624 1651.618 1577.329 1491.740 1459.029 1364.246 1384.817 1378.703 1365.707 1276.425 1286.663 1293.115 1315.460 1225.075 1238.416 1216.028 1181.488 1198.971 1241.273 1299.574 1340.617 1369.843 1340.553 1373.543 1382.508 1403.179 1431.856 1356.841 -999.250 -999.250 -999.250 -999.250 -999.250 -999.250 -999.250 -999.250 -999.250 -999.250 -999.250 -999.250 -999.250 -999.250 -999.250 -999.250 -999.250 -999.250 -999.250 -999.250 -999.250 -999.250 -999.250 -999.250 -999.250 -999.250 -999.250 -999.250 -999.250
1828.857 1797.647 1764.931 1684.351 1689.776 1676.715 1636.113 1594.992 1544.244 1459.056 1485.262 1450.332 1329.748 1331.527 1316.934 1310.228 1244.063 1261.022 1297.335 1254.546 1248.331 1204.045 1214.518 1211.143 1222.368 1297.186 1271.001 1362.192 1318.741 1355.372 1344.616 1386.590 1378.431 1400.909 -999.250 -999.250 -999.250 -999.250 -999.250 -999.250 -999.250 -999.250 -999.250 -999.250 -999.250 -999.250 -999.250 -999.250 -999.250 -999.250 -999.250 -999.250 -999.250 -999.250 -999.250 -999.250 -999.250 -999.250 -999.250 -999.250 -999.250 -999.250 -999.250
1845.156 1774.892 1706.198 1601.927 1608.454 1672.590 1504.329 1569.183 1526.034 1549.819 1479.509 1436.632 1353.767 1323.686 1246.138 1312.877 1322.378 1235.990 1281.111 1309.719 1286.580 1212.037 1221.127 1210.805 1227.303 1310.444 1330.465 1279.706 1308.852 1329.078 1376.943 1298.437 1372.332 -999.250 -999.250 -999.250 -999.250 -999.250 -999.250 -999.250 -999.250 -999.250 -999.250 -999.250 -999.250 -999.250 -999.250 -999.250 -999.250 -999.250 -999.250 -999.250 -999.250 -999.250 -999.250 -999.250 -999.250 -999.250 -999.250 -999.250 -999.250 -999.250 -999.250
1812.563 1704.591 1627.595 1615.047 1561.966 1534.380 1558.525 1520.182 1488.956 1438.098 1452.354 1402.434 1327.604 1308.046 1276.299 1278.351 1296.082 1338.048 1312.050 1266.132 1336.575 1291.589 1212.523 1204.807 1244.551 1249.916 1237.464 1251.602 1241.590 1307.073 1341.834 1279.410 1377.251 -999.250 -999.250 -999.250 -999.250 -999.250 -999.250 -999.250 -999.250 -999.250 -999.250 -999.250 -999.250 -999.250 -999.250 -999.250 -999.250 -999.250 -999.250 -999.250 -999.250 -999.250 -999.250 -999.250 -999.250 -999.250 -999.250 -999.250 -999.250 -999.250 -999.250
1723.874 1690.587 1634.277 1632.491 1638.245 1533.802 1437.752 1439.304 1459.528 1415.336 1387.717 1363.720 1300.326 1283.400 1277.225 1252.847 1305.911 1361.916 1327.404 1335.166 1301.761 1317.574 1284.994 1219.611 1211.774 1262.445 1239.822 1263.064 1259.589 1283.469 1314.870 1309.929 -999.250 -999.250 -999.250 -999.250 -999.250 -999.250 -999.250 -999.250 -999.250 -999.250 -999.250 -999.250 -999.250 -999.250 -999.250 -999.250 -999.250 -999.250 -999.250 -999.250 -999.250 -999.250 -999.250 -999.250 -999.250 -999.250 -999.250 -999.250 -999.250 -999.250 -999.250
1575.142 1553.741 1540.257 1594.892 1571.912 1517.454 1426.978 1459.234 1405.493 1336.810 1362.911 1354.005 1298.677 1310.553 1265.145 1275.918 1319.520 1286.623 1297.778 1313.559 1293.725 1324.471 1282.011 1211.361 1277.502 1234.591 1213.622 1245.595 1263.105 1282.913 1309.726 -999.250 -999.250 -999.250 -999.250 -999.250 -999.250 -999.250 -999.250 -999.250 -999.250 -999.250 -999.250 -999.250 -999.250 -999.250 -999.250 -999.250 -999.250 -999.250 -999.250 -999.250 -999.250 -999.250 -999.250 -999.250 -999.250 -999.250 -999.250 -999.250 -999.250 -999.250 -999.250
1560.932 1483.673 1495.699 1450.946 1504.997 1436.996 1413.566 1361.605 1322.757 1250.508 1284.529 1323.604 1299.307 1278.048 1303.957 1267.036 1228.281 1250.634 1269.628 1279.115 1314.983 1324.239 1263.132 1205.482 1258.773 1261.448 1307.307 1294.458 1263.701 1264.981 -999.250 -999.250 -999.250 -999.250 -999.250 -999.250 -999.250 -999.250 -999.250 -999.250 -999.250 -999.250 -999.250 -999.250 -999.250 -999.250 -999.250 -999.250 -999.250 -999.250 -999.250 -999.250 -999.250 -999.250 -999.250 -999.250 -999.250 -999.250 -999.250 -999.250 -999.250 -999.250 -999.250
1443.616 1394.947 1400.078 1390.523 1415.945 1391.173 1355.732 1325.294 1309.442 1267.302 1256.032 1268.870 1273.502 1296.877 1273.310 1344.879 1319.077 1282.760 1288.084 1342.130 1292.923 1314.580 1254.914 1294.169 1304.107 1304.310 1241.412 1301.532 -999.250 -999.250 -999.250 -999.250 -999.250 -999.250 -999.250 -999.250 -999.250 -999.250 -999.250 -999.250 -999.250 -999.250 -999.250 -999.250 -999.250 -999.250 -999.250 -999.250 -999.250 -999.250 -999.250 -999.250 -999.250 -999.250 -999.250 -999.250 -999.250 -999.250 -999.250 -999.250 -999.250 -999.250 -999.250
1332.835 1364.037 1315.157 1296.628 1301.005 1307.446 1225.592 1247.320 1270.550 1234.136 1245.282 1242.866 1239.786 1287.326 1296.879 1286.867 1333.479 1313.649 1311.142 1336.731 1295.590 1284.925 1331.186 1275.696 1290.893 1288.197 1330.059 1290.234 -999.250 -999.250 -999.250 -999.250 -999.250 -999.250 -999.250 -999.250 -999.250 -999.250 -999.250 -999.250 -999.250 -999.250 -999.250 -999.250 -999.250 -999.250 -999.250 -999.250 -999.250 -999.250 -999.250 -999.250 -999.250 -999.250 -999.250 -999.250 -999.250 -999.250 -999.250 -999.250 -999.250 -999.250 -999.250
1247.205 1286.906 1231.636 1236.412 1238.736 1224.313 1188.158 1184.601 1175.093 1183.134 1210.126 1265.215 1275.867 1322.207 1302.894 1308.253 1292.429 1333.678 1346.550 1309.464 1330.245 1344.648 1356.402 1327.277 1352.159 1385.994 1330.658 1370.194 -999.250 -999.250 -999.250 -999.250 -999.250 -999.250 -999.250 -999.250 -999.250 -999.250 -999.250 -999.250 -999.250 -999.250 -999.250 -999.250 -999.250 -999.250 -999.250 -999.250 -999.250 -999.250 -999.250 -999.250 -999.250 -999.250 -999.250 -999.250 -999.250 -999.250 -999.250 -999.250 -999.250 -999.250 -999.250
1164.608 1190.173 1191.170 1150.143 1137.508 1127.866 1134.518 1115.351 1177.537 1161.890 1180.738 1237.120 1269.370 1293.788 1268.032 1299.479 1258.485 1351.351 1318.614 1370.474 1382.887 1379.856 1398.907 1342.008 1358.760 1373.344 1384.596 -999.250 -999.250 -999.250 -999.250 -999.250 -999.250 -999.250 -999.250 -999.250 -999.250 -999.250 -999.250 -999.250 -999.250 -999.250 -999.250 -999.250 -999.250 -999.250 -999.250 -999.250 -999.250 -999.250 -999.250 -999.250 -999.250 -999.250 -999.250 -999.250 -999.250 -999.250 -999.250 -999.250 -999.250 -999.250 -999.250
1159.315 1135.979 1090.791 1079.866 1109.747 1045.838 1074.155 1157.358 1162.387 1148.197 1170.623 1216.980 1195.634 1209.398 1204.262 1241.361 1277.761 1303.883 1298.846 1355.574 1337.771 1317.325 1312.067 1354.883 1374.785 1384.685 1391.446 -999.250 -999.250 -999.250 -999.250 -999.250 -999.250 -999.250 -999.250 -999.250 -999.250 -999.250 -999.250 -999.250 -999.250 -999.250 -999.250 -999.250 -999.250 -999.250 -999.250 -999.250 -999.250 -999.250 -999.250 -999.250 -999.250 -999.250 -999.250 -999.250 -999.250 -999.250 -999.250 -999.250 -999.250 -999.250 -999.250
1050.604 1069.880 1013.373 970.858 1005.245 995.783 1033.142 1097.128 1147.926 1128.938 1086.453 1080.159 1135.361 1164.675 1169.949 1180.487 1215.709 1235.156 1278.828 1282.835 1314.099 1315.798 1337.186 1365.440 1353.026 1340.841 1419.952 -999.250 -999.250 -999.250 -999.250 -999.250 -999.250 -999.250 -999.250 -999.250 -999.250 -999.250 -999.250 -999.250 -999.250 -999.250 -999.250 -999.250 -999.250 -999.250 -999.250 -999.250 -999.250 -999.250 -999.250 -999.250 -999.250 -999.250 -999.250 -999.250 -999.250 -999.250 -999.250 -999.250 -999.250 -999.250 -999.250
998.632 948.910 919.926 905.895 902.890 903.770 954.361 1043.519 1068.042 1062.000 1049.992 1061.053 1081.795 1107.339 1156.482 1123.408 1169.160 1160.562 1205.363 1276.217 1257.500 1291.675 1334.021 1361.596 1363.253 1336.787 1389.646 -999.250 -999.250 -999.250 -999.250 -999.250 -999.250 -999.250 -999.250 -999.250 -999.250 -999.250 -999.250 -999.250 -999.250 -999.250 -999.250 -999.250 -999.250 -999.250 -999.250 -999.250 -999.250 -999.250 -999.250 -999.250 -999.250 -999.250 -999.250 -999.250 -999.250 -999.250 -999.250 -999.250 -999.250 -999.250 -999.250
952.913 895.057 865.781 873.239 879.321 888.863 887.916 926.519 950.741 979.629 995.226 966.846 1036.817 1073.321 1091.545 1147.098 1168.462 1177.725 1177.635 1196.524 1270.905 1260.106 1322.815 1323.165 1306.037 1334.019 -999.250 -999.250 -999.250 -999.250 -999.250 -999.250 -999.250 -999.250 -999.250 -999.250 -999.250 -999.250 -999.250 -999.250 -999.250 -999.250 -999.250 -999.250 -999.250 -999.250 -999.250 -999.250 -999.250 -999.250 -999.250 -999.250 -999.250 -999.250 -999.250 -999.250 -999.250 -999.250 -999.250 -999.250 -999.250 -999.250 -999.250
876.255 829.064 795.179 788.367 803.940 823.033 880.314 859.803 878.920 922.411 921.510 908.117 962.212 1037.148 1036.770 1083.926 1070.347 1124.133 1163.895 1151.222 1224.547 1258.399 1267.573 1308.085 1298.957 -999.250 -999.250 -999.250 -999.250 -999.250 -999.250 -999.250 -999.250 -999.250 -999.250 -999.250 -999.250 -999.250 -999.250 -999.250 -999.250 -999.250 -999.250 -999.250 -999.250 -999.250 -999.250 -999.250 -999.250 -999.250 -999.250 -999.250 -999.250 -999.250 -999.250 -999.250 -999.250 -999.250 -999.250 -999.250 -999.250 -999.250 -999.250
