data/medianmodel_29-Nov-2020.asc
ncols	141
nrows	288
xllcorner	-120191.398
yllcorner	-301404.813
cellsize	2000.000
NODATA_value	-999.250
[rows 232 to 260 of 288, columns 0 to 63 of 141]
-999.250 -999.250 -999.250 -999.250 -999.250 -999.250 -999.250 -999.250 -999.250 -999.250 -999.250 -999.250 -999.250 -999.250 -999.250 -999.250 -999.250 -999.250 -999.250 -999.250 -999.250 -999.250 -999.250 -999.250 -999.250 -999.250 -999.250 540.135 535.244 551.483 532.332 532.264 497.786 466.088 433.477 364.538 340.369 292.554 272.229 279.253 291.204 288.344 274.504 286.814 272.039 258.933 259.057 258.706 247.090 253.966 227.415 211.246 224.377 220.890 216.009 237.627 227.153 212.070 216.649 199.237 190.228 204.157 227.495 225.754
-999.250 -999.250 -999.250 -999.250 -999.250 -999.250 -999.250 -999.250 -999.250 -999.250 -999.250 -999.250 -999.250 -999.250 -999.250 -999.250 -999.250 -999.250 -999.250 -999.250 -999.250 -999.250 -999.250 -999.250 -999.250 -999.250 -999.250 -999.250 561.212 541.216 536.747 541.308 514.152 465.151 443.216 407.857 366.532 330.799 311.204 312.036 309.771 288.046 290.747 284.285 293.578 265.534 275.940 250.099 254.060 239.614 211.029 213.292 205.573 197.124 204.744 223.454 212.574 200.691 200.658 194.485 206.826 196.418 207.229 213.119
-999.250 -999.250 -999.250 -999.250 -999.250 -999.250 -999.250 -999.250 -999.250 -999.250 -999.250 -999.250 -999.250 -999.250 -999.250 -999.250 -999.250 -999.250 -999.250 -999.250 -999.250 -999.250 -999.250 -999.250 -999.250 -999.250 -999.250 -999.250 -999.250 -999.250 572.858 549.837 531.337 481.680 458.506 431.994 409.488 368.893 363.151 357.571 320.908 327.487 294.079 302.909 288.047 286.689 272.494 269.639 242.774 234.538 226.689 212.703 204.454 203.151 214.117 208.086 202.472 182.883 190.833 196.238 185.343 200.087 219.948 207.065
-999.250 -999.250 -999.250 -999.250 -999.250 -999.250 -999.250 -999.250 -999.250 -999.250 -999.250 -999.250 -999.250 -999.250 -999.250 -999.250 -999.250 -999.250 -999.250 -999.250 -999.250 -999.250 -999.250 -999.250 -999.250 -999.250 -999.250 -999.250 -999.250 -999.250 564.093 544.782 521.511 514.971 468.898 459.778 441.101 427.916 396.340 382.340 347.967 338.122 328.311 313.799 291.432 285.563 268.011 253.734 248.836 246.602 225.856 223.391 212.519 211.465 213.464 207.741 196.767 178.447 172.626 162.876 174.950 188.972 201.101 228.342
-999.250 -999.250 -999.250 -999.250 -999.250 -999.250 -999.250 -999.250 -999.250 -999.250 -999.250 -999.250 -999.250 -999.250 -999.250 -999.250 -999.250 -999.250 -999.250 -999.250 -999.250 -999.250 -999.250 -999.250 -999.250 -999.250 -999.250 -999.250 -999.250 -999.250 531.213 531.495 534.774 512.335 471.682 484.029 467.006 431.581 436.854 396.844 389.816 341.400 338.955 311.912 300.257 296.416 293.739 269.296 263.937 247.373 237.367 212.085 213.025 211.026 203.648 195.529 191.242 172.280 157.076 121.256 163.087 188.516 199.663 236.887
-999.250 -999.250 -999.250 -999.250 -999.250 -999.250 -999.250 -999.250 -999.250 -999.250 -999.250 -999.250 -999.250 -999.250 -999.250 -999.250 -999.250 -999.250 -999.250 -999.250 -999.250 -999.250 -999.250 -999.250 -999.250 -999.250 -999.250 -999.250 -999.250 -999.250 -999.250 539.397 529.650 511.264 487.486 488.624 476.232 445.638 442.185 366.896 364.864 362.051 352.255 339.236 330.463 283.446 299.377 280.658 256.393 266.516 255.697 240.045 213.717 201.140 203.189 192.072 180.050 179.422 169.675 168.606 172.698 179.105 203.039 232.724
-999.250 -999.250 -999.250 -999.250 -999.250 -999.250 -999.250 -999.250 -999.250 -999.250 -999.250 -999.250 -999.250 -999.250 -999.250 -999.250 -999.250 -999.250 -999.250 -999.250 -999.250 -999.250 -999.250 -999.250 -999.250 -999.250 -999.250 -999.250 -999.250 -999.250 532.502 549.513 516.945 503.661 489.285 491.569 498.731 454.145 434.954 402.651 384.745 364.671 362.131 340.116 335.262 329.272 332.365 289.325 256.657 277.925 261.832 225.341 205.101 198.475 203.001 185.610 193.257 179.536 171.620 173.996 182.960 193.080 224.120 234.614
-999.250 -999.250 -999.250 -999.250 -999.250 -999.250 -999.250 -999.250 -999.250 -999.250 -999.250 -999.250 -999.250 -999.250 -999.250 -999.250 -999.250 -999.250 -999.250 -999.250 -999.250 -999.250 -999.250 -999.250 -999.250 -999.250 -999.250 -999.250 -999.250 -999.250 -999.250 525.669 546.051 523.732 512.054 491.632 480.685 502.308 457.126 418.345 403.364 406.070 401.860 375.532 345.515 332.066 344.784 318.814 284.053 266.632 248.611 223.886 216.596 236.382 203.394 187.377 192.899 185.176 182.382 196.473 208.546 204.400 238.555 256.073
-999.250 -999.250 -999.250 -999.250 -999.250 -999.250 -999.250 -999.250 -999.250 -999.250 -999.250 -999.250 -999.250 -999.250 -999.250 -999.250 -999.250 -999.250 -999.250 -999.250 -999.250 -999.250 -999.250 -999.250 -999.250 -999.250 -999.250 -999.250 -999.250 -999.250 532.456 539.714 541.821 531.008 510.483 503.658 460.823 495.018 427.532 404.625 383.686 394.102 421.736 427.449 375.665 362.261 340.966 309.293 272.653 255.090 239.450 232.679 227.724 222.118 220.351 210.886 183.527 206.954 183.100 199.699 220.882 220.660 238.013 249.511
-999.250 -999.250 -999.250 -999.250 -999.250 -999.250 -999.250 -999.250 -999.250 -999.250 -999.250 -999.250 -999.250 -999.250 -999.250 -999.250 -999.250 -999.250 -999.250 -999.250 -999.250 -999.250 -999.250 -999.250 -999.250 -999.250 -999.250 -999.250 -999.250 -999.250 511.972 538.542 543.920 547.679 557.681 513.662 472.227 497.331 452.939 441.860 427.348 448.045 402.405 399.305 406.693 370.232 344.152 297.896 304.834 257.231 244.241 247.668 219.472 214.191 211.888 210.131 186.548 201.495 204.218 215.489 237.812 244.437 249.489 278.633
-999.250 -999.250 -999.250 -999.250 -999.250 -999.250 -999.250 -999.250 -999.250 -999.250 -999.250 -999.250 -999.250 -999.250 -999.250 -999.250 -999.250 -999.250 -999.250 -999.250 -999.250 -999.250 -999.250 -999.250 -999.250 -999.250 -999.250 -999.250 -999.250 -999.250 514.888 512.226 554.727 568.413 542.431 537.555 536.300 496.548 463.795 452.693 444.326 423.128 427.702 409.210 398.066 357.200 331.704 340.692 279.406 264.870 234.292 236.361 205.391 216.893 209.075 195.524 199.862 206.139 209.646 239.576 232.717 244.494 272.029 289.889
-999.250 -999.250 -999.250 -999.250 -999.250 -999.250 -999.250 -999.250 -999.250 -999.250 -999.250 -999.250 -999.250 -999.250 -999.250 -999.250 -999.250 -999.250 -999.250 -999.250 -999.250 -999.250 -999.250 -999.250 -999.250 -999.250 -999.250 -999.250 -999.250 -999.250 535.759 556.262 540.508 558.739 546.244 534.821 526.419 496.017 482.501 461.756 424.233 449.284 447.112 420.119 423.082 382.354 343.992 312.459 318.437 276.031 238.034 214.941 207.989 191.463 184.935 187.861 193.397 207.792 197.588 233.143 246.114 264.474 275.508 296.051
-999.250 -999.250 -999.250 -999.250 -999.250 -999.250 -999.250 -999.250 -999.250 -999.250 -999.250 -999.250 -999.250 -999.250 -999.250 -999.250 -999.250 -999.250 -999.250 -999.250 -999.250 -999.250 -999.250 -999.250 -999.250 -999.250 -999.250 -999.250 -999.250 -999.250 514.721 542.522 554.433 568.170 529.320 494.862 508.829 481.753 470.522 466.649 486.127 444.474 441.207 451.707 391.755 375.443 354.099 357.746 321.146 265.446 240.049 235.372 200.041 187.931 187.481 181.061 183.839 192.929 203.381 235.836 247.807 255.846 277.116 289.786
-999.250 -999.250 -999.250 -999.250 -999.250 -999.250 -999.250 -999.250 -999.250 -999.250 -999.250 -999.250 -999.250 -999.250 -999.250 -999.250 -999.250 -999.250 -999.250 -999.250 -999.250 -999.250 -999.250 -999.250 -999.250 -999.250 -999.250 -999.250 -999.250 -999.250 -999.250 522.337 543.910 524.388 546.814 494.116 508.412 486.115 463.979 504.973 492.832 480.482 476.838 456.612 408.640 401.334 361.014 362.116 312.400 285.018 250.080 232.213 194.402 191.972 170.567 168.420 177.536 193.851 217.951 219.908 243.693 244.639 266.608 275.797
-999.250 -999.250 -999.250 -999.250 -999.250 -999.250 -999.250 -999.250 -999.250 -999.250 -999.250 -999.250 -999.250 -999.250 -999.250 -999.250 -999.250 -999.250 -999.250 -999.250 -999.250 -999.250 -999.250 -999.250 -999.250 -999.250 -999.250 -999.250 -999.250 -999.250 -999.250 540.260 514.388 512.496 533.963 514.123 508.364 498.560 474.688 482.693 475.143 470.324 481.650 456.237 434.250 423.199 355.698 373.794 357.226 307.477 262.385 212.631 197.184 181.276 158.231 159.648 181.989 187.377 201.644 219.672 219.083 248.611 249.569 279.650
-999.250 -999.250 -999.250 -999.250 -999.250 -999.250 -999.250 -999.250 -999.250 -999.250 -999.250 -999.250 -999.250 -999.250 -999.250 -999.250 -999.250 -999.250 -999.250 -999.250 -999.250 -999.250 -999.250 -999.250 -999.250 -999.250 -999.250 -999.250 -999.250 -999.250 490.783 494.397 478.830 482.056 482.992 479.407 504.737 500.733 499.073 509.340 483.338 477.590 511.034 459.051 400.856 408.054 379.275 371.261 328.060 285.533 250.391 217.862 198.500 168.441 143.841 150.026 152.579 167.666 180.898 194.835 211.885 233.543 244.769 258.790
-999.250 -999.250 -999.250 -999.250 -999.250 -999.250 -999.250 -999.250 -999.250 -999.250 -999.250 -999.250 -999.250 -999.250 -999.250 -999.250 -999.250 -999.250 -999.250 -999.250 -999.250 -999.250 -999.250 -999.250 -999.250 -999.250 -999.250 -999.250 -999.250 -999.250 507.571 491.726 484.292 514.824 485.098 495.114 518.852 492.441 504.510 506.204 505.228 509.187 471.681 477.853 453.724 380.724 375.900 356.348 325.613 288.798 245.243 221.872 202.636 170.056 143.407 107.566 128.953 148.629 168.884 188.462 201.964 219.447 229.314 229.053
-999.250 -999.250 -999.250 -999.250 -999.250 -999.250 -999.250 -999.250 -999.250 -999.250 -999.250 -999.250 -999.250 -999.250 -999.250 -999.250 -999.250 -999.250 -999.250 -999.250 -999.250 -999.250 -999.250 -999.250 -999.250 -999.250 -999.250 -999.250 -999.250 -999.250 480.685 496.893 490.943 496.573 483.719 538.911 520.760 504.244 514.562 515.290 512.099 500.119 496.578 482.406 454.297 419.302 391.153 335.067 329.013 280.921 259.612 222.625 193.468 160.562 113.810 43.412 81.232 127.954 157.293 172.744 190.242 197.403 192.783 202.173
-999.250 -999.250 -999.250 -999.250 -999.250 -999.250 -999.250 -999.250 -999.250 -999.250 -999.250 -999.250 -999.250 -999.250 -999.250 -999.250 -999.250 -999.250 -999.250 -999.250 -999.250 -999.250 -999.250 -999.250 -999.250 -999.250 -999.250 -999.250 -999.250 -999.250 496.296 494.483 469.361 497.155 489.587 507.312 529.081 511.629 513.535 522.664 552.220 524.202 507.111 489.907 462.462 447.688 396.682 386.139 349.159 305.509 283.236 239.042 198.518 157.758 111.974 90.028 89.645 115.167 142.454 161.786 167.974 181.536 177.998 184.251
-999.250 -999.250 -999.250 -999.250 -999.250 -999.250 -999.250 -999.250 -999.250 -999.250 -999.250 -999.250 -999.250 -999.250 -999.250 -999.250 -999.250 -999.250 -999.250 -999.250 -999.250 -999.250 -999.250 -999.250 -999.250 -999.250 -999.250 -999.250 -999.250 -999.250 486.520 514.318 487.152 479.023 502.047 514.200 533.159 519.432 529.236 538.091 515.891 543.112 507.408 492.141 469.470 417.158 400.348 354.072 338.598 321.869 283.684 256.767 211.475 173.553 143.583 110.820 115.205 111.254 129.858 148.984 155.309 172.684 158.412 172.311
-999.250 -999.250 -999.250 -999.250 -999.250 -999.250 -999.250 -999.250 -999.250 -999.250 -999.250 -999.250 -999.250 -999.250 -999.250 -999.250 -999.250 -999.250 -999.250 -999.250 -999.250 -999.250 -999.250 -999.250 -999.250 -999.250 -999.250 -999.250 -999.250 470.632 526.145 508.403 486.212 476.667 477.471 507.893 519.427 533.483 546.935 533.675 522.205 541.283 514.115 492.367 460.393 436.113 406.911 357.998 339.176 330.933 296.460 243.249 206.166 167.675 150.154 123.864 137.305 122.574 141.575 134.554 145.910 162.074 169.051 167.935
-999.250 -999.250 -999.250 -999.250 -999.250 -999.250 -999.250 -999.250 -999.250 -999.250 -999.250 -999.250 -999.250 -999.250 -999.250 -999.250 -999.250 -999.250 -999.250 -999.250 -999.250 -999.250 -999.250 -999.250 -999.250 -999.250 -999.250 -999.250 -999.250 -999.250 509.855 508.584 481.200 462.117 470.291 499.578 504.296 532.929 535.836 566.255 536.371 526.019 504.707 490.083 447.751 409.140 382.538 364.798 335.445 324.330 298.703 239.999 213.329 186.061 172.362 144.244 156.054 135.234 138.481 157.706 149.794 155.260 157.065 153.994
-999.250 -999.250 -999.250 -999.250 -999.250 -999.250 -999.250 -999.250 -999.250 -999.250 -999.250 -999.250 -999.250 -999.250 -999.250 -999.250 -999.250 -999.250 -999.250 -999.250 -999.250 -999.250 -999.250 -999.250 -999.250 -999.250 -999.250 -999.250 -999.250 -999.250 452.346 450.449 457.710 454.516 483.390 493.883 495.630 510.209 513.606 532.891 517.704 516.552 516.362 478.751 451.015 408.303 391.230 347.015 344.650 313.409 279.952 250.875 230.430 227.446 182.072 156.218 159.488 146.422 141.196 138.755 147.723 155.723 152.368 138.396
-999.250 -999.250 -999.250 -999.250 -999.250 -999.250 -999.250 -999.250 -999.250 -999.250 -999.250 -999.250 -999.250 -999.250 -999.250 -999.250 -999.250 -999.250 -999.250 -999.250 -999.250 -999.250 -999.250 -999.250 -999.250 -999.250 -999.250 -999.250 -999.250 -999.250 -999.250 432.793 440.835 482.423 476.813 485.243 474.751 504.480 510.160 496.448 501.462 522.649 490.451 482.141 450.989 389.215 377.085 347.582 327.194 333.687 277.594 264.079 258.568 235.969 199.619 175.206 153.169 146.795 145.250 140.745 140.230 132.813 132.151 119.952
-999.250 -999.250 -999.250 -999.250 -999.250 -999.250 -999.250 -999.250 -999.250 -999.250 -999.250 -999.250 -999.250 -999.250 -999.250 -999.250 -999.250 -999.250 -999.250 -999.250 -999.250 -999.250 -999.250 -999.250 -999.250 -999.250 -999.250 -999.250 -999.250 -999.250 -999.250 417.995 443.510 464.619 471.483 475.891 480.449 485.344 494.485 486.704 507.289 514.010 475.478 490.558 460.929 420.410 390.937 361.477 351.946 332.793 326.322 293.699 241.009 235.372 205.127 180.699 166.820 157.281 155.688 139.084 146.248 139.988 108.326 96.905
-999.250 -999.250 -999.250 -999.250 -999.250 -999.250 -999.250 -999.250 -999.250 -999.250 -999.250 -999.250 -999.250 -999.250 -999.250 -999.250 -999.250 -999.250 -999.250 -999.250 -999.250 -999.250 -999.250 -999.250 -999.250 -999.250 -999.250 -999.250 -999.250 -999.250 428.499 407.979 441.896 461.158 457.290 456.173 461.652 471.849 473.389 481.417 480.473 491.848 493.749 479.819 464.075 420.975 405.526 388.038 345.784 335.050 319.273 275.749 239.493 219.637 208.165 187.810 170.022 163.053 159.811 151.901 151.418 135.541 111.591 87.267
-999.250 -999.250 -999.250 -999.250 -999.250 -999.250 -999.250 -999.250 -999.250 -999.250 -999.250 -999.250 -999.250 -999.250 -999.250 -999.250 -999.250 -999.250 -999.250 -999.250 -999.250 -999.250 -999.250 -999.250 -999.250 -999.250 -999.250 -999.250 -999.250 -999.250 379.897 371.609 420.310 437.305 463.079 446.648 429.951 469.059 478.119 471.885 482.672 490.248 476.669 463.019 456.494 421.795 422.953 403.297 386.239 345.112 304.120 292.771 244.102 228.347 217.260 211.193 174.072 171.807 166.929 155.261 138.570 134.256 112.345 96.377
-999.250 -999.250 -999.250 -999.250 -999.250 -999.250 -999.250 -999.250 -999.250 -999.250 -999.250 -999.250 -999.250 -999.250 -999.250 -999.250 -999.250 -999.250 -999.250 -999.250 -999.250 -999.250 -999.250 -999.250 -999.250 -999.250 -999.250 -999.250 -999.250 -999.250 353.717 363.148 373.744 435.343 422.805 448.406 431.728 464.107 470.828 466.060 459.781 484.807 450.144 453.859 449.244 419.817 425.559 394.305 370.022 356.556 328.137 308.032 268.456 223.863 224.623 219.432 185.071 160.996 165.492 157.042 156.099 136.079 122.481 117.383
-999.250 -999.250 -999.250 -999.250 -999.250 -999.250 -999.250 -999.250 -999.250 -999.250 -999.250 -999.250 -999.250 -999.250 -999.250 -999.250 -999.250 -999.250 -999.250 -999.250 -999.250 -999.250 -999.250 -999.250 -999.250 -999.250 -999.250 -999.250 -999.250 -999.250 327.951 355.196 355.210 377.659 422.490 440.023 449.086 443.146 463.223 470.057 468.082 470.443 462.815 446.445 448.700 447.920 437.982 383.975 365.535 345.004 324.795 312.152 314.966 265.375 264.189 221.361 202.540 179.165 172.369 172.007 163.639 155.919 141.207 134.787
