data/medianmodel_22-Jun-2020.asc
ncols	141
nrows	288
xllcorner	-120191.398
yllcorner	-301404.813
cellsize	2000.000
NODATA_value	-999.250
[rows 124 to 154 of 288, columns 0 to 68 of 141]
-999.250 -999.250 -999.250 -999.250 -999.250 -999.250 -999.250 -999.250 -999.250 -999.250 -999.250 -999.250 -999.250 -999.250 -999.250 -999.250 -999.250 -999.250 -999.250 -999.250 -999.250 -999.250 -999.250 -999.250 3.768 3.303 3.966 4.138 4.555 7.057 9.109 8.763 9.017 10.194 11.576 13.668 14.574 15.162 16.481 12.146 9.770 5.030 2.560 0.106 0.000 0.000 0.000 0.000 0.000 0.000 0.000 0.000 0.000 0.000 0.000 0.000 0.000 0.000 0.000 0.000 0.000 0.127 3.135 5.530 10.515 14.136 17.417 18.528 31.338
-999.250 -999.250 -999.250 -999.250 -999.250 -999.250 -999.250 -999.250 -999.250 -999.250 -999.250 -999.250 -999.250 -999.250 -999.250 -999.250 -999.250 -999.250 -999.250 -999.250 -999.250 -999.250 -999.250 -999.250 2.682 1.180 1.576 2.927 3.031 6.062 8.473 8.239 7.976 9.871 13.445 14.154 14.368 13.634 13.476 11.495 9.258 5.284 3.017 0.000 0.000 0.000 0.000 0.000 0.000 0.000 0.000 0.000 0.000 0.000 0.000 0.000 0.000 0.000 0.000 0.000 0.000 0.000 0.796 2.788 7.493 12.629 14.331 17.127 22.920
-999.250 -999.250 -999.250 -999.250 -999.250 -999.250 -999.250 -999.250 -999.250 -999.250 -999.250 -999.250 -999.250 -999.250 -999.250 -999.250 -999.250 -999.250 -999.250 -999.250 -999.250 -999.250 -999.250 3.411 1.524 0.000 1.092 1.508 3.619 4.943 4.494 6.949 9.527 10.430 10.432 12.077 12.797 13.097 10.308 9.887 6.449 5.573 3.239 0.000 0.000 0.000 0.000 0.000 0.000 0.000 0.000 0.000 0.000 0.000 0.000 0.000 0.000 0.000 0.000 0.000 0.000 0.000 0.000 1.315 5.783 7.294 11.308 13.952 13.697
-999.250 -999.250 -999.250 -999.250 -999.250 -999.250 -999.250 -999.250 -999.250 -999.250 -999.250 -999.250 -999.250 -999.250 -999.250 -999.250 -999.250 -999.250 -999.250 -999.250 -999.250 -999.250 -999.250 1.819 1.513 0.010 0.000 1.339 2.402 3.717 7.106 4.295 6.416 6.729 6.850 9.336 8.974 10.520 9.867 8.482 7.191 3.998 2.416 0.869 0.000 0.000 0.000 0.000 0.000 0.000 0.000 0.000 0.000 0.000 0.000 0.000 0.000 0.000 0.000 0.000 0.000 0.000 0.000 0.544 2.788 4.433 6.101 8.511 8.791
-999.250 -999.250 -999.250 -999.250 -999.250 -999.250 -999.250 -999.250 -999.250 -999.250 -999.250 -999.250 -999.250 -999.250 -999.250 -999.250 -999.250 -999.250 -999.250 -999.250 -999.250 -999.250 -999.250 1.363 0.000 0.000 0.000 0.000 1.699 3.660 4.298 3.715 5.524 5.536 8.712 8.189 9.628 9.100 9.912 8.042 7.244 4.891 3.880 1.893 0.298 0.000 0.000 0.000 0.000 0.000 0.000 0.000 0.000 0.000 0.000 0.000 0.000 0.000 0.000 0.000 0.000 0.000 0.000 0.000 0.037 3.339 4.032 5.024 5.127
-999.250 -999.250 -999.250 -999.250 -999.250 -999.250 -999.250 -999.250 -999.250 -999.250 -999.250 -999.250 -999.250 -999.250 -999.250 -999.250 -999.250 -999.250 -999.250 -999.250 -999.250 -999.250 3.314 0.000 0.000 0.000 0.000 0.597 2.100 3.848 4.289 5.564 5.300 4.827 7.201 5.365 7.494 9.257 8.032 4.877 7.020 5.920 4.504 1.122 1.244 0.000 0.000 0.000 0.000 0.000 0.000 0.000 0.000 0.000 0.000 0.000 0.000 0.000 0.000 0.000 0.000 0.000 0.000 0.000 0.000 0.375 2.199 1.408 1.334
-999.250 -999.250 -999.250 -999.250 -999.250 -999.250 -999.250 -999.250 -999.250 -999.250 -999.250 -999.250 -999.250 -999.250 -999.250 -999.250 -999.250 -999.250 -999.250 -999.250 -999.250 -999.250 0.717 0.000 0.000 0.000 0.000 0.267 2.014 3.343 5.662 5.944 4.467 5.395 5.719 3.719 5.796 7.653 9.643 7.258 7.733 5.860 5.257 2.587 1.264 0.424 0.000 0.000 0.000 0.000 0.000 0.000 0.000 0.000 0.000 0.000 0.000 0.000 0.000 0.000 0.000 0.000 0.000 0.000 0.000 0.000 0.000 0.000 0.000
-999.250 -999.250 -999.250 -999.250 -999.250 -999.250 -999.250 -999.250 -999.250 -999.250 -999.250 -999.250 -999.250 -999.250 -999.250 -999.250 -999.250 -999.250 -999.250 -999.250 -999.250 1.600 0.497 0.425 2.597 0.000 0.000 0.004 2.053 4.752 11.176 6.892 5.230 8.259 6.353 7.427 6.341 8.810 10.428 9.407 9.337 7.163 7.000 4.066 3.583 1.195 1.106 0.000 0.000 0.000 0.000 0.000 0.000 0.000 0.000 0.000 0.000 0.000 0.000 0.000 0.000 0.000 0.000 0.000 0.000 0.000 0.000 0.000 0.000
-999.250 -999.250 -999.250 -999.250 -999.250 -999.250 -999.250 -999.250 -999.250 -999.250 -999.250 -999.250 -999.250 -999.250 -999.250 -999.250 -999.250 -999.250 -999.250 -999.250 -999.250 1.474 0.000 0.000 0.000 0.000 0.000 0.531 1.701 4.227 5.179 5.690 5.066 3.528 6.215 6.683 7.759 9.418 11.387 11.230 11.687 10.528 8.892 5.450 4.972 2.471 0.677 0.000 0.000 0.000 0.000 0.000 0.000 0.000 0.000 0.000 0.000 0.000 0.000 0.000 0.000 0.000 0.000 0.000 0.000 0.000 0.000 0.000 0.000
-999.250 -999.250 -999.250 -999.250 -999.250 -999.250 -999.250 -999.250 -999.250 -999.250 -999.250 -999.250 -999.250 -999.250 -999.250 -999.250 -999.250 -999.250 -999.250 -999.250 -999.250 0.000 0.000 0.000 0.000 0.000 0.000 0.000 1.586 2.650 3.179 3.571 5.166 4.856 6.678 8.572 8.753 8.592 12.921 11.061 12.869 12.185 9.597 7.444 4.716 4.184 1.498 0.000 0.000 0.000 0.000 0.000 0.000 0.000 0.000 0.000 0.000 0.000 0.000 0.000 0.000 0.000 0.000 0.000 1.135 1.006 1.159 0.697 0.000
-999.250 -999.250 -999.250 -999.250 -999.250 -999.250 -999.250 -999.250 -999.250 -999.250 -999.250 -999.250 -999.250 -999.250 -999.250 -999.250 -999.250 -999.250 -999.250 -999.250 1.057 0.000 0.000 0.000 0.000 0.407 0.145 0.000 0.000 1.578 1.458 2.849 4.120 4.944 5.806 9.067 13.566 12.142 13.031 13.347 13.978 12.128 12.643 9.426 5.217 4.223 2.698 1.264 0.000 0.000 0.000 0.000 0.000 0.000 0.000 0.000 0.000 0.000 0.000 0.000 0.000 0.000 0.183 2.383 5.407 4.909 4.668 4.112 1.789
-999.250 -999.250 -999.250 -999.250 -999.250 -999.250 -999.250 -999.250 -999.250 -999.250 -999.250 -999.250 -999.250 -999.250 -999.250 -999.250 -999.250 -999.250 -999.250 -999.250 0.000 0.000 0.486 0.434 1.767 0.912 0.552 0.455 0.041 2.003 2.009 1.184 1.929 3.782 5.202 9.795 12.021 12.607 13.063 14.944 13.995 12.465 15.048 11.781 7.871 4.177 2.962 2.329 0.000 0.000 0.000 0.000 0.000 0.000 0.000 0.000 0.000 0.000 0.000 0.000 0.000 1.274 3.101 3.300 9.077 10.866 10.928 8.299 5.451
-999.250 -999.250 -999.250 -999.250 -999.250 -999.250 -999.250 -999.250 -999.250 -999.250 -999.250 -999.250 -999.250 -999.250 -999.250 -999.250 -999.250 -999.250 -999.250 -999.250 0.000 0.000 1.174 3.057 3.459 4.082 2.483 3.430 2.215 1.830 3.639 1.824 2.424 2.235 3.348 6.294 8.954 13.962 16.822 18.781 22.669 16.887 15.212 12.496 9.762 4.817 4.015 1.518 0.000 0.000 0.000 0.000 0.000 0.000 0.000 0.000 0.000 0.000 0.000 0.000 0.000 3.484 6.526 10.063 14.660 16.901 15.239 14.641 9.924
-999.250 -999.250 -999.250 -999.250 -999.250 -999.250 -999.250 -999.250 -999.250 -999.250 -999.250 -999.250 -999.250 -999.250 -999.250 -999.250 -999.250 -999.250 -999.250 -999.250 0.000 0.000 2.692 4.407 7.876 4.541 7.478 4.582 3.320 3.520 6.264 2.426 0.775 1.466 1.313 3.754 9.483 11.948 16.889 22.592 31.786 20.655 13.488 10.617 10.920 6.940 3.305 2.047 0.115 0.000 0.000 0.000 0.000 0.000 0.000 0.000 0.000 0.000 0.000 0.000 1.025 5.629 11.676 15.394 19.126 23.292 20.450 16.061 12.395
-999.250 -999.250 -999.250 -999.250 -999.250 -999.250 -999.250 -999.250 -999.250 -999.250 -999.250 -999.250 -999.250 -999.250 -999.250 -999.250 -999.250 -999.250 -999.250 0.000 0.000 0.618 5.756 10.740 10.049 11.740 10.105 8.421 5.496 5.068 4.682 2.272 1.079 0.969 1.404 4.180 5.783 8.356 14.434 18.508 19.405 17.641 11.793 7.122 6.089 4.580 4.046 0.384 0.000 0.000 0.000 0.000 0.000 0.000 0.000 0.000 0.000 0.000 0.000 0.000 3.478 9.529 13.812 22.796 26.858 27.280 25.050 20.751 19.299
-999.250 -999.250 -999.250 -999.250 -999.250 -999.250 -999.250 -999.250 -999.250 -999.250 -999.250 -999.250 -999.250 -999.250 -999.250 -999.250 -999.250 -999.250 -999.250 0.000 0.000 1.592 9.161 12.674 20.873 19.753 17.857 13.322 10.125 10.149 8.999 2.804 0.744 1.070 1.182 3.760 5.184 6.254 9.842 10.865 9.767 11.861 9.119 7.038 3.677 2.299 1.450 0.000 0.000 0.000 0.000 0.000 0.000 0.000 0.000 0.000 0.000 0.000 0.000 0.523 4.099 11.970 18.724 23.369 35.721 34.382 29.027 24.862 22.942
-999.250 -999.250 -999.250 -999.250 -999.250 -999.250 -999.250 -999.250 -999.250 -999.250 -999.250 -999.250 -999.250 -999.250 -999.250 -999.250 -999.250 -999.250 -999.250 0.000 0.000 7.590 15.901 24.255 29.518 26.636 24.823 19.706 13.673 13.921 12.889 4.684 2.305 1.004 1.115 1.692 2.720 4.619 6.526 6.429 5.376 5.360 3.348 2.669 2.250 1.999 1.203 1.223 1.745 0.000 0.000 0.000 0.000 0.000 0.000 0.000 0.000 0.000 0.000 1.910 6.336 14.316 22.485 34.471 40.649 41.209 43.824 30.699 24.539
-999.250 -999.250 -999.250 -999.250 -999.250 -999.250 -999.250 -999.250 -999.250 -999.250 -999.250 -999.250 -999.250 -999.250 -999.250 -999.250 -999.250 -999.250 -999.250 2.267 10.205 17.422 29.498 43.759 42.996 44.814 30.247 22.518 21.491 14.053 10.722 5.248 1.547 0.034 0.032 1.597 2.873 2.573 1.891 3.932 2.494 2.607 0.965 1.617 0.674 2.033 2.511 2.517 5.442 0.656 0.000 0.000 0.000 0.000 0.000 0.000 0.000 0.000 0.000 1.876 7.453 16.492 29.132 41.208 43.902 48.429 43.213 33.239 21.969
-999.250 -999.250 -999.250 -999.250 -999.250 -999.250 -999.250 -999.250 -999.250 -999.250 -999.250 -999.250 -999.250 -999.250 -999.250 -999.250 -999.250 -999.250 -999.250 9.725 17.784 31.555 52.209 64.206 61.178 53.110 40.420 34.496 22.415 15.573 10.800 5.698 3.233 2.184 0.598 0.085 2.365 1.139 0.234 0.000 0.094 0.000 0.000 1.523 1.612 0.101 2.192 1.737 2.633 0.000 0.000 0.000 0.000 0.000 0.000 0.000 0.000 0.000 0.000 0.881 6.705 17.000 32.996 49.447 63.826 50.889 38.360 34.081 27.576
-999.250 -999.250 -999.250 -999.250 -999.250 -999.250 -999.250 -999.250 -999.250 -999.250 -999.250 -999.250 -999.250 -999.250 -999.250 -999.250 -999.250 -999.250 13.120 18.430 30.860 45.308 67.734 93.362 69.700 59.486 52.174 33.643 22.191 15.166 11.793 6.250 3.299 1.117 3.675 2.713 0.827 2.180 0.000 0.000 0.000 0.000 0.000 0.621 1.368 1.916 3.333 2.788 1.619 0.000 0.000 0.000 0.000 0.000 0.000 0.000 0.000 0.000 0.000 0.118 6.476 16.258 27.386 45.077 48.865 43.878 33.652 28.189 26.330
-999.250 -999.250 -999.250 -999.250 -999.250 -999.250 -999.250 -999.250 -999.250 -999.250 -999.250 -999.250 -999.250 -999.250 -999.250 -999.250 -999.250 18.931 19.773 26.939 41.202 55.129 69.465 81.501 69.995 59.257 56.227 40.166 26.868 17.996 11.284 7.778 5.330 4.587 4.908 3.687 2.292 2.147 1.483 0.000 0.000 0.000 1.004 3.189 4.085 4.473 4.913 4.625 3.503 0.425 0.000 0.000 0.000 0.000 0.000 0.000 0.000 0.000 0.000 0.000 5.208 12.745 22.286 25.786 28.852 34.182 30.504 25.508 17.949
-999.250 -999.250 -999.250 -999.250 -999.250 -999.250 -999.250 -999.250 -999.250 -999.250 -999.250 -999.250 -999.250 -999.250 -999.250 -999.250 -999.250 24.665 29.122 30.215 44.225 54.390 68.062 73.453 61.223 58.471 47.760 36.968 32.611 22.159 13.492 9.942 10.836 8.856 6.335 6.242 7.525 6.489 4.553 2.698 0.000 0.000 2.918 7.632 9.168 9.246 7.555 6.504 3.153 2.083 0.000 0.000 0.000 0.000 0.000 0.000 0.000 0.000 0.000 0.000 3.753 8.803 13.838 17.470 18.892 23.437 23.879 19.491 17.001
-999.250 -999.250 -999.250 -999.250 -999.250 -999.250 -999.250 -999.250 -999.250 -999.250 -999.250 -999.250 -999.250 -999.250 -999.250 32.903 35.218 35.893 39.744 48.928 54.442 60.718 67.972 63.542 63.022 56.889 49.438 40.143 25.943 20.295 14.984 13.054 13.812 12.180 11.226 12.325 12.139 12.043 9.448 5.666 3.442 2.863 5.690 9.766 13.240 13.436 12.064 8.356 5.136 3.171 0.000 0.000 0.000 0.000 0.000 0.000 0.000 0.000 0.000 0.000 1.771 6.159 11.696 14.670 12.543 17.072 13.828 13.970 11.492
-999.250 -999.250 -999.250 -999.250 -999.250 -999.250 -999.250 -999.250 -999.250 -999.250 -999.250 -999.250 -999.250 -999.250 27.109 27.668 31.365 41.286 41.523 43.803 45.240 50.151 62.433 56.241 55.788 49.953 46.097 33.176 22.301 21.000 13.821 11.589 11.851 12.048 15.285 16.365 18.328 19.664 14.301 10.397 6.511 6.713 11.333 15.726 22.796 23.074 15.766 12.363 7.899 3.809 0.000 0.000 0.000 0.000 0.000 0.000 0.000 0.000 0.000 0.000 0.811 3.333 7.986 10.144 10.293 10.603 11.081 7.970 3.995
-999.250 -999.250 -999.250 -999.250 -999.250 -999.250 -999.250 -999.250 -999.250 -999.250 -999.250 -999.250 -999.250 -999.250 27.964 38.852 40.904 47.193 50.934 55.735 53.533 46.877 57.357 55.391 54.061 46.092 40.479 31.203 21.006 17.199 17.557 14.088 14.285 15.741 17.559 17.876 25.567 31.228 17.973 12.941 9.269 9.303 14.012 19.754 34.153 37.109 18.730 13.403 6.068 1.540 0.000 0.000 0.000 0.000 0.000 0.000 0.000 0.000 0.000 0.000 0.051 2.638 4.769 6.062 10.108 6.016 4.490 2.126 0.000
-999.250 -999.250 -999.250 -999.250 -999.250 -999.250 -999.250 -999.250 -999.250 -999.250 -999.250 -999.250 -999.250 30.771 29.497 39.021 46.355 54.201 55.921 54.967 56.166 48.650 51.453 50.554 46.021 48.428 39.467 29.214 19.492 17.265 18.164 13.540 16.094 16.436 16.715 18.040 21.010 21.372 16.343 10.938 11.024 8.848 12.401 19.991 26.763 22.552 14.521 6.745 3.067 0.108 0.000 0.000 0.000 0.000 0.000 0.000 0.000 0.000 0.000 0.000 0.000 0.316 2.706 2.969 4.733 2.292 0.000 0.000 0.000
-999.250 -999.250 -999.250 -999.250 -999.250 -999.250 -999.250 -999.250 -999.250 -999.250 -999.250 -999.250 32.984 37.587 42.158 51.111 56.731 54.600 53.049 55.843 55.125 50.036 47.973 43.407 41.532 28.714 30.502 23.056 17.327 17.428 13.317 13.999 15.204 15.237 16.477 14.397 16.512 13.600 13.397 10.992 8.264 7.624 10.125 12.581 13.403 10.017 5.727 2.713 0.273 0.000 0.000 0.000 0.000 0.000 0.000 0.000 0.000 0.000 0.000 0.000 0.000 0.000 0.158 2.124 1.658 0.000 0.000 0.000 0.000
-999.250 -999.250 -999.250 -999.250 -999.250 -999.250 -999.250 -999.250 -999.250 -999.250 -999.250 38.446 49.941 58.942 56.138 56.380 59.511 60.705 62.008 58.049 61.439 48.023 43.258 32.076 35.866 26.442 19.864 15.851 16.614 12.172 13.945 10.406 12.314 12.947 13.139 15.193 13.558 13.071 11.422 7.949 4.673 5.755 4.276 4.644 2.243 0.000 0.000 0.000 0.000 0.000 0.000 0.000 0.000 0.000 0.000 0.000 0.000 0.000 0.000 0.000 0.000 0.167 1.386 1.594 0.334 0.000 0.000 0.000 0.000
-999.250 -999.250 -999.250 -999.250 -999.250 -999.250 -999.250 -999.250 -999.250 -999.250 45.533 49.049 55.720 62.193 68.327 67.604 70.891 67.108 64.253 62.882 58.212 52.407 40.644 29.728 28.010 19.573 17.121 12.413 10.499 8.680 10.611 11.259 9.123 10.333 9.725 9.076 12.973 12.076 9.222 5.632 3.634 2.920 0.533 0.000 0.000 0.000 0.000 0.000 0.000 0.000 0.000 0.000 0.000 0.000 0.000 0.000 0.000 0.000 0.000 0.000 0.000 0.000 0.231 0.021 0.000 0.000 0.000 0.000 0.000
-999.250 -999.250 -999.250 -999.250 -999.250 -999.250 -999.250 -999.250 -999.250 35.611 47.891 53.668 66.982 65.869 74.896 92.827 88.119 78.801 77.554 71.275 55.191 44.220 34.694 25.463 17.829 12.044 11.560 11.470 7.415 7.026 8.582 8.147 9.469 10.536 9.877 9.186 8.324 6.620 6.119 3.181 1.078 1.084 0.000 0.000 0.000 0.000 0.000 0.000 0.000 0.000 0.000 0.000 0.000 0.000 0.000 0.000 0.000 0.000 0.000 0.000 0.000 0.000 1.419 1.555 0.796 0.000 0.000 0.000 0.000
-999.250 -999.250 -999.250 -999.250 -999.250 44.356 52.828 41.073 42.470 46.204 47.451 53.678 57.843 68.350 69.179 70.227 83.157 77.517 72.569 56.433 48.228 30.319 22.459 16.674 12.567 9.587 9.164 5.819 4.677 3.642 3.815 5.845 8.673 12.205 10.907 8.934 7.736 8.213 4.058 1.986 0.000 0.000 0.000 0.000 0.000 0.000 0.000 0.000 0.000 0.000 0.000 0.000 0.000 0.000 0.000 0.000 0.000 0.000 0.062 1.141 0.315 0.520 0.462 1.193 1.582 0.927 0.312 0.000 0.000
