data/medianmodel_22-Oct-2020.asc
ncols	141
nrows	288
xllcorner	-120191.398
yllcorner	-301404.813
cellsize	2000.000
NODATA_value	-999.250
[rows 145 to 173 of 288, columns 0 to 66 of 141]
-999.250 -999.250 -999.250 -999.250 -999.250 -999.250 -999.250 -999.250 -999.250 -999.250 -999.250 -999.250 -999.250 -999.250 -999.250 -999.250 -999.250 75.274 72.689 66.853 71.540 73.109 73.491 75.127 69.531 79.582 75.544 79.924 72.666 79.797 87.034 72.420 73.223 79.501 78.302 74.477 77.304 90.485 89.312 110.180 115.468 120.098 125.808 116.312 126.036 113.411 100.239 106.451 103.297 96.766 99.548 106.340 105.192 99.007 89.279 87.998 72.050 68.701 73.084 73.551 70.558 69.809 67.726 57.386 59.698 57.501 49.259
-999.250 -999.250 -999.250 -999.250 -999.250 -999.250 -999.250 -999.250 -999.250 -999.250 -999.250 -999.250 -999.250 -999.250 -999.250 78.518 81.912 73.247 81.003 59.827 73.782 73.456 69.854 72.892 67.667 77.494 74.918 79.651 76.022 70.997 71.658 68.750 75.583 77.126 75.727 67.537 76.558 80.701 83.665 95.323 106.900 125.955 135.052 125.303 138.174 127.161 118.229 115.403 97.777 111.883 111.401 122.683 131.143 121.794 111.335 86.570 72.347 62.624 73.402 71.544 76.583 70.157 60.515 63.885 52.294 50.407 47.114
-999.250 -999.250 -999.250 -999.250 -999.250 -999.250 -999.250 -999.250 -999.250 -999.250 -999.250 -999.250 -999.250 -999.250 78.200 78.855 83.084 84.520 81.340 71.328 73.758 69.430 56.472 66.463 66.997 71.036 69.311 70.777 78.270 76.373 69.816 73.727 84.992 76.878 84.117 85.233 82.056 82.131 87.218 98.936 107.779 130.458 136.261 153.233 165.950 159.039 131.226 114.439 111.932 109.938 111.328 127.073 133.534 148.883 113.819 89.856 81.001 73.434 72.147 74.891 68.707 65.710 60.777 60.723 52.574 45.559 43.927
-999.250 -999.250 -999.250 -999.250 -999.250 -999.250 -999.250 -999.250 -999.250 -999.250 -999.250 -999.250 -999.250 -999.250 68.582 69.916 64.732 67.926 70.395 73.763 69.806 71.325 63.340 66.341 78.075 76.588 84.227 68.438 81.553 79.510 77.097 72.999 83.032 83.843 84.091 78.347 84.586 85.877 92.404 93.836 110.243 120.272 132.940 152.510 178.021 176.269 140.216 107.224 100.448 113.102 113.822 132.100 138.494 133.455 125.568 106.017 88.001 75.100 70.051 65.427 61.115 60.449 61.333 53.809 51.119 41.657 39.346
-999.250 -999.250 -999.250 -999.250 -999.250 -999.250 -999.250 -999.250 -999.250 -999.250 -999.250 -999.250 -999.250 76.573 62.771 61.342 60.273 63.622 63.717 69.911 68.428 71.577 69.722 67.165 79.640 76.639 86.827 82.130 82.391 93.925 84.264 85.332 89.330 91.067 85.650 79.908 80.743 90.423 89.126 90.980 97.127 110.570 128.299 143.509 152.471 135.050 120.570 101.680 104.216 110.781 133.282 135.520 145.219 120.560 121.210 101.945 88.394 79.356 72.628 73.312 57.116 64.197 51.094 48.632 44.566 42.491 45.410
-999.250 -999.250 -999.250 -999.250 -999.250 -999.250 -999.250 -999.250 -999.250 -999.250 -999.250 -999.250 68.134 60.484 57.095 42.722 52.717 62.362 59.485 57.183 71.848 69.179 73.236 75.251 72.431 71.691 89.596 82.356 87.778 95.063 89.609 99.088 109.845 99.061 82.149 91.900 81.400 97.998 96.158 99.287 101.475 99.389 116.779 125.203 115.950 107.914 97.228 97.269 104.879 128.041 131.306 141.096 131.696 114.032 100.217 103.468 88.486 76.945 81.179 70.351 72.076 59.863 56.082 43.482 40.836 42.477 40.413
-999.250 -999.250 -999.250 -999.250 -999.250 -999.250 -999.250 -999.250 -999.250 -999.250 -999.250 59.410 46.560 41.291 47.761 38.361 45.070 45.919 52.416 59.693 67.154 68.155 66.196 76.676 64.315 69.680 83.300 93.803 101.237 101.687 96.808 106.167 106.661 107.518 100.160 92.681 100.828 87.758 94.128 96.284 91.648 90.935 110.600 101.208 90.041 74.920 91.260 118.715 144.870 132.014 148.723 152.964 134.922 130.703 106.565 105.426 102.245 88.596 77.352 70.604 69.372 64.369 48.834 49.111 38.073 41.355 43.741
-999.250 -999.250 -999.250 -999.250 -999.250 -999.250 -999.250 -999.250 -999.250 -999.250 60.836 55.418 46.990 40.977 30.637 28.616 34.421 42.890 48.060 56.711 67.149 68.530 67.243 79.411 79.965 80.169 95.514 106.665 103.315 108.404 115.479 111.203 102.920 128.660 99.349 89.359 104.858 98.366 114.931 91.398 90.630 93.605 94.740 107.714 93.516 102.656 115.629 143.490 155.531 149.288 138.838 132.908 134.201 129.075 114.094 116.257 90.339 77.633 86.307 78.995 70.727 59.434 64.087 56.606 46.816 47.710 44.819
-999.250 -999.250 -999.250 -999.250 -999.250 -999.250 -999.250 -999.250 -999.250 74.875 64.359 53.846 34.476 25.198 23.780 16.878 31.899 45.616 55.036 65.496 73.778 78.396 80.475 87.029 93.206 90.538 101.761 111.831 118.892 115.967 142.931 127.599 112.881 120.425 115.637 92.084 109.354 106.352 103.775 101.195 83.248 88.159 101.121 107.295 117.358 140.994 165.566 181.938 147.215 161.051 146.603 133.423 139.523 126.419 107.181 106.057 98.663 73.730 70.711 78.603 64.275 64.071 56.233 49.519 51.636 39.280 41.663
-999.250 -999.250 -999.250 -999.250 -999.250 114.467 116.977 114.692 102.575 77.998 65.937 45.227 33.598 24.542 18.244 23.432 33.097 49.441 55.636 68.756 87.723 95.340 97.158 95.899 97.392 98.919 102.696 128.116 116.583 126.393 131.956 134.184 132.283 137.918 136.400 125.150 105.977 113.251 120.633 103.809 88.619 92.065 107.464 111.053 135.364 174.630 228.335 187.570 179.459 157.469 149.187 141.996 138.288 130.723 113.938 105.146 93.114 79.756 71.609 67.853 67.372 64.369 54.063 51.959 47.764 46.460 51.280
-999.250 -999.250 -999.250 -999.250 -999.250 -999.250 -999.250 114.016 97.541 72.949 63.445 40.511 37.855 26.833 22.583 27.496 34.234 52.021 68.786 80.573 90.657 107.429 119.103 111.850 115.200 112.861 113.001 113.968 132.251 142.236 151.464 162.433 164.841 156.037 139.161 134.430 117.251 119.965 111.974 100.193 90.558 89.767 96.055 127.841 143.365 176.120 194.178 201.589 181.970 158.017 143.096 132.938 141.084 120.607 113.035 108.115 98.428 74.995 62.609 70.161 66.647 57.107 62.946 52.296 56.312 53.688 48.389
-999.250 -999.250 -999.250 -999.250 -999.250 -999.250 -999.250 102.158 85.472 70.010 58.473 39.397 31.995 22.613 32.078 29.598 43.045 65.505 75.321 97.750 115.740 118.486 122.515 141.174 144.406 133.976 130.474 115.500 141.397 152.311 161.917 153.771 165.793 152.903 152.059 146.810 137.062 114.348 116.752 108.279 97.498 94.210 93.599 110.205 144.335 146.260 179.464 190.512 169.178 154.311 157.105 147.854 134.691 127.452 128.456 111.220 101.144 80.434 72.688 63.563 64.418 60.650 53.227 60.198 54.848 44.741 39.968
-999.250 -999.250 -999.250 -999.250 -999.250 -999.250 -999.250 97.858 75.857 68.115 52.877 41.905 30.621 23.901 29.481 34.310 49.869 67.342 96.563 113.516 129.465 137.549 152.791 161.880 154.282 148.902 147.485 133.500 137.074 154.348 157.874 168.862 164.777 167.965 176.943 163.862 143.055 123.285 120.877 105.934 97.511 99.063 105.324 111.380 119.979 141.932 155.010 157.957 165.136 179.862 152.195 145.929 141.599 140.326 150.036 113.205 99.018 81.301 73.620 63.351 57.589 66.782 60.124 51.937 48.044 47.902 40.999
-999.250 -999.250 -999.250 -999.250 -999.250 -999.250 -999.250 86.900 77.092 71.353 60.316 43.583 28.226 29.965 31.715 38.049 68.885 92.490 110.785 145.747 166.490 182.587 199.072 185.936 175.139 151.987 146.437 162.405 171.157 172.305 171.392 183.944 181.685 172.027 156.552 179.096 159.568 136.381 120.692 117.901 94.591 109.192 104.496 120.649 125.738 137.466 148.946 145.284 153.665 154.148 153.669 143.899 138.952 130.567 125.162 115.226 89.071 76.007 65.661 71.166 62.782 61.493 57.898 54.252 53.482 50.566 47.378
-999.250 -999.250 -999.250 -999.250 -999.250 -999.250 -999.250 -999.250 73.916 63.603 56.458 47.725 34.752 29.211 31.412 38.757 72.814 105.185 141.089 167.608 190.486 211.155 199.392 202.375 186.701 177.984 181.559 175.779 181.747 158.890 166.279 178.157 180.481 195.145 187.643 182.855 185.496 147.650 135.258 117.643 108.168 99.632 92.703 94.710 115.954 142.531 158.315 154.452 158.956 144.496 156.267 138.711 127.117 125.104 103.233 107.961 87.889 80.805 78.697 72.359 69.829 59.873 58.505 50.947 50.147 47.073 44.079
-999.250 -999.250 -999.250 -999.250 -999.250 -999.250 -999.250 -999.250 69.927 65.751 56.832 48.346 36.653 35.909 39.112 39.815 85.624 120.618 180.788 204.001 258.662 249.172 222.672 215.541 211.089 197.157 181.606 189.845 181.091 173.998 164.655 193.687 213.027 214.079 215.779 199.166 190.198 159.284 132.331 112.620 97.452 99.164 109.893 97.651 128.664 127.794 143.509 148.890 159.133 158.658 152.446 130.658 139.578 130.830 120.787 101.912 87.200 91.380 87.622 73.665 73.322 64.956 59.395 56.929 49.451 40.016 45.448
-999.250 -999.250 -999.250 -999.250 -999.250 -999.250 -999.250 98.876 83.305 80.822 67.033 54.432 45.036 53.684 60.853 70.211 105.771 143.332 193.669 237.150 265.283 262.194 268.741 235.608 216.848 212.436 162.658 171.002 177.762 183.307 192.178 217.439 194.926 201.369 215.310 216.196 210.724 157.779 133.218 98.381 93.249 85.561 91.466 98.243 106.961 120.838 131.446 150.447 150.589 135.472 149.422 140.329 127.253 128.670 115.507 116.924 99.844 94.093 77.708 74.593 61.857 63.382 62.270 55.674 54.318 48.761 45.087
-999.250 -999.250 -999.250 -999.250 -999.250 -999.250 -999.250 97.986 92.855 84.216 66.972 58.279 60.180 72.082 77.993 95.014 144.471 176.673 216.242 236.690 314.488 288.488 266.253 238.698 217.541 205.947 200.246 169.249 176.641 177.053 204.786 203.502 196.152 205.679 209.387 195.089 179.478 149.084 113.267 97.592 82.345 84.252 81.071 86.642 92.085 119.092 139.919 132.136 142.943 134.916 137.836 120.285 128.042 124.724 132.961 112.423 100.052 92.747 74.905 66.208 56.594 61.542 62.743 52.375 56.754 51.327 51.405
-999.250 -999.250 -999.250 -999.250 -999.250 -999.250 -999.250 87.285 86.135 77.067 67.771 66.896 67.084 84.547 89.558 127.515 166.270 188.813 220.054 247.871 282.691 261.321 258.731 229.492 218.299 206.884 207.265 198.386 182.306 172.291 204.228 196.367 212.697 220.656 213.570 169.058 143.272 132.169 93.143 87.112 74.667 74.863 81.904 85.327 81.654 111.297 114.745 129.711 124.033 131.772 126.321 132.695 130.711 121.927 97.367 104.375 96.801 88.646 75.861 74.738 68.636 60.703 53.554 52.835 49.697 50.296 55.362
-999.250 -999.250 -999.250 -999.250 -999.250 -999.250 -999.250 117.004 84.814 89.365 76.086 79.186 81.751 88.059 95.169 126.475 177.284 208.354 232.404 283.437 265.676 248.398 238.921 230.710 193.469 175.404 185.650 185.173 177.428 186.310 196.322 202.113 227.653 219.860 190.615 162.508 153.881 121.204 101.715 79.098 75.496 73.253 75.366 75.092 84.662 89.233 86.233 114.440 130.752 124.432 116.840 125.856 123.754 109.744 101.987 85.772 81.720 80.742 72.378 65.186 58.596 49.077 54.413 43.627 44.052 49.266 54.544
-999.250 -999.250 -999.250 -999.250 -999.250 -999.250 128.224 110.365 116.383 99.497 91.064 80.522 91.247 89.066 95.284 119.576 170.465 210.828 226.448 256.644 272.792 251.114 215.240 220.336 187.926 173.419 164.790 158.041 179.917 187.371 186.786 209.705 201.430 180.627 176.104 168.728 140.655 113.283 93.243 81.558 71.516 63.602 63.472 62.605 70.899 81.219 83.424 95.594 98.090 112.290 109.087 115.686 106.226 103.479 96.295 79.224 74.131 67.336 68.859 57.046 58.560 50.645 46.167 46.019 41.884 51.941 56.534
-999.250 -999.250 -999.250 -999.250 -999.250 -999.250 119.865 108.615 107.441 109.820 90.695 91.297 100.720 107.711 105.070 118.130 155.967 194.752 232.257 226.733 252.966 243.658 231.426 204.811 182.457 172.644 153.903 143.235 150.811 166.636 166.177 187.734 187.003 176.579 155.829 141.498 142.504 101.679 81.680 66.095 63.889 60.526 57.814 60.057 68.036 71.489 85.665 91.001 89.859 107.099 122.474 120.375 106.229 84.820 76.851 80.205 79.582 72.487 67.281 55.005 56.005 51.692 50.154 53.975 50.695 53.703 54.481
-999.250 -999.250 -999.250 -999.250 -999.250 135.970 120.933 118.133 114.011 101.929 89.908 97.353 113.376 115.748 122.666 140.252 172.289 182.298 215.632 219.755 246.101 244.710 235.287 205.930 191.371 177.811 148.384 123.261 140.384 144.157 163.788 159.517 158.688 151.391 159.087 127.056 112.315 90.452 82.313 68.794 56.238 56.401 60.282 56.649 64.529 68.635 84.381 87.137 102.168 101.642 99.787 99.450 97.694 93.865 79.185 78.114 65.810 64.615 59.311 62.769 57.463 58.421 54.503 43.891 51.084 59.979 57.608
-999.250 -999.250 -999.250 -999.250 -999.250 143.469 139.940 126.475 108.838 103.778 100.915 113.332 128.014 136.875 152.652 152.137 182.041 189.018 215.053 224.118 243.663 249.963 231.609 197.860 187.128 177.748 139.943 122.323 119.236 133.644 147.252 146.408 150.244 140.522 130.621 105.921 102.757 87.545 75.846 59.268 52.458 58.049 54.016 53.272 59.610 66.770 79.576 71.440 87.260 94.828 99.126 90.745 77.146 87.614 78.886 78.954 71.253 56.512 48.952 58.906 53.649 49.616 45.915 48.690 53.696 59.543 62.154
-999.250 -999.250 -999.250 -999.250 162.455 162.653 149.072 123.002 110.120 108.472 98.262 111.744 133.204 143.358 152.565 156.833 181.493 213.690 229.675 235.210 253.941 248.829 259.159 209.809 212.191 165.242 153.656 123.696 105.424 115.839 104.419 125.305 126.948 119.110 95.673 98.244 82.624 75.961 72.926 62.969 49.250 50.983 46.630 55.778 68.010 73.056 63.713 74.085 90.332 78.198 90.703 91.200 85.071 68.089 63.640 61.393 66.316 53.378 62.468 51.308 53.849 53.404 52.790 50.602 58.167 58.756 60.095
-999.250 -999.250 -999.250 -999.250 183.237 176.723 166.603 145.114 129.760 115.337 124.184 125.770 132.581 154.999 156.378 178.018 180.000 206.079 224.409 267.257 270.047 284.677 286.026 240.670 219.392 175.404 163.415 143.689 109.291 100.447 111.374 112.968 115.577 113.366 98.941 86.246 72.839 82.533 69.829 59.239 59.733 58.336 54.367 60.863 55.738 60.987 72.004 75.007 70.507 79.152 74.246 78.659 71.544 63.868 55.666 56.537 54.886 50.034 53.446 51.595 45.703 60.348 51.756 43.969 50.292 53.605 56.699
-999.250 -999.250 -999.250 -999.250 181.659 169.738 184.669 154.059 154.237 138.219 134.511 133.514 134.406 145.432 155.040 185.083 193.823 217.111 231.660 265.786 274.999 291.483 279.671 228.289 209.756 188.680 144.764 135.281 110.593 122.277 113.677 110.567 110.657 92.786 83.048 71.548 67.105 67.358 56.574 56.166 59.488 55.752 55.439 58.688 61.579 59.327 69.293 76.442 74.335 67.238 68.554 63.417 65.750 67.860 54.559 54.778 47.326 41.682 48.614 51.735 51.504 49.177 41.391 49.160 45.830 47.159 61.446
-999.250 -999.250 -999.250 -999.250 184.987 182.734 183.946 175.384 150.274 150.699 150.715 139.312 146.675 153.736 167.861 188.758 219.189 237.241 246.874 259.200 273.529 310.306 275.733 259.077 227.937 183.095 141.705 145.963 117.783 116.175 100.198 98.113 101.434 91.314 81.869 70.439 62.753 65.396 64.599 59.064 55.250 55.783 59.067 55.976 57.267 60.870 62.466 64.759 68.511 66.266 67.920 56.314 59.709 59.738 53.971 42.928 42.339 36.121 38.564 37.555 42.036 43.108 40.705 46.292 44.793 44.552 51.524
-999.250 -999.250 -999.250 -999.250 182.499 188.863 184.229 192.192 169.605 176.567 174.466 156.500 171.019 185.230 198.868 203.417 244.108 264.724 283.255 295.119 306.704 322.175 270.376 259.179 219.696 189.103 157.335 140.967 123.547 127.075 115.074 115.125 100.497 91.452 83.135 75.973 68.581 64.930 64.063 61.870 56.769 54.850 55.300 54.620 51.260 55.335 65.559 66.688 71.640 70.476 59.383 53.660 59.046 51.024 42.454 33.934 36.220 34.844 39.163 38.394 36.824 38.134 33.505 45.016 46.704 40.827 48.634
