data/medianmodel_14-Jul-2020.asc
ncols	141
nrows	288
xllcorner	-120191.398
yllcorner	-301404.813
cellsize	2000.000
NODATA_value	-999.250
[rows 217 to 247 of 288, columns 0 to 69 of 141]
-999.250 -999.250 -999.250 -999.250 -999.250 -999.250 -999.250 -999.250 -999.250 -999.250 -999.250 -999.250 -999.250 -999.250 -999.250 -999.250 -999.250 -999.250 -999.250 -999.250 -999.250 -999.250 -999.250 -999.250 -999.250 -999.250 -999.250 -999.250 -999.250 -999.250 -999.250 16.356 17.159 16.425 13.483 16.681 17.910 22.837 25.423 23.586 24.839 32.832 30.765 27.142 21.671 18.147 14.067 10.464 10.551 8.531 10.537 10.199 8.675 8.453 5.992 2.365 1.343 0.574 0.000 0.000 0.000 0.000 0.000 0.000 0.000 0.000 0.000 2.995 4.684 7.663
-999.250 -999.250 -999.250 -999.250 -999.250 -999.250 -999.250 -999.250 -999.250 -999.250 -999.250 -999.250 -999.250 -999.250 -999.250 -999.250 -999.250 -999.250 -999.250 -999.250 -999.250 -999.250 -999.250 -999.250 -999.250 -999.250 -999.250 -999.250 -999.250 -999.250 -999.250 18.496 20.100 17.084 14.529 16.459 17.788 17.202 22.014 28.741 32.349 37.333 36.777 34.207 24.352 19.172 18.205 13.607 13.039 13.561 11.511 8.438 6.822 6.864 4.825 3.530 1.010 0.355 0.000 0.000 0.000 0.000 0.000 0.000 0.000 0.000 0.394 2.752 6.566 11.518
-999.250 -999.250 -999.250 -999.250 -999.250 -999.250 -999.250 -999.250 -999.250 -999.250 -999.250 -999.250 -999.250 -999.250 -999.250 -999.250 -999.250 -999.250 -999.250 -999.250 -999.250 -999.250 -999.250 -999.250 -999.250 -999.250 -999.250 -999.250 -999.250 -999.250 -999.250 13.730 16.850 18.819 16.079 15.637 18.561 21.880 22.314 29.451 36.055 47.818 39.124 29.103 24.331 23.447 17.565 17.400 14.001 14.920 11.351 7.535 6.417 7.835 4.760 3.412 2.502 1.021 0.281 0.000 0.000 0.000 0.000 0.000 0.000 0.208 2.822 4.905 7.750 13.422
-999.250 -999.250 -999.250 -999.250 -999.250 -999.250 -999.250 -999.250 -999.250 -999.250 -999.250 -999.250 -999.250 -999.250 -999.250 -999.250 -999.250 -999.250 -999.250 -999.250 -999.250 -999.250 -999.250 -999.250 -999.250 -999.250 -999.250 -999.250 -999.250 -999.250 -999.250 14.404 15.710 17.326 17.755 17.694 17.898 18.356 22.158 29.121 30.937 30.693 30.719 27.504 25.420 20.617 18.174 20.041 15.951 10.711 9.297 9.415 9.170 6.884 5.667 5.277 4.955 2.463 2.154 0.000 0.000 0.000 0.000 1.022 0.500 2.273 4.512 7.070 10.930 14.654
-999.250 -999.250 -999.250 -999.250 -999.250 -999.250 -999.250 -999.250 -999.250 -999.250 -999.250 -999.250 -999.250 -999.250 -999.250 -999.250 -999.250 -999.250 -999.250 -999.250 -999.250 -999.250 -999.250 -999.250 -999.250 -999.250 -999.250 -999.250 -999.250 -999.250 -999.250 13.956 13.782 15.053 16.196 18.588 18.298 18.747 23.339 26.185 27.217 24.435 24.185 23.168 21.376 17.390 15.688 15.265 15.626 11.445 11.089 10.768 8.201 7.643 6.097 3.998 5.729 4.201 0.564 1.319 1.094 1.710 1.434 2.436 2.691 3.928 5.992 8.031 10.315 12.795
-999.250 -999.250 -999.250 -999.250 -999.250 -999.250 -999.250 -999.250 -999.250 -999.250 -999.250 -999.250 -999.250 -999.250 -999.250 -999.250 -999.250 -999.250 -999.250 -999.250 -999.250 -999.250 -999.250 -999.250 -999.250 -999.250 -999.250 -999.250 -999.250 -999.250 -999.250 11.247 10.957 12.270 13.679 16.747 15.074 16.296 20.863 21.799 22.205 20.762 22.482 17.223 19.754 15.082 16.715 15.277 11.676 10.677 10.681 9.122 8.462 7.478 7.345 6.251 4.983 2.512 1.628 2.298 3.635 1.665 2.266 1.114 5.227 3.422 7.441 5.037 8.553 10.557
-999.250 -999.250 -999.250 -999.250 -999.250 -999.250 -999.250 -999.250 -999.250 -999.250 -999.250 -999.250 -999.250 -999.250 -999.250 -999.250 -999.250 -999.250 -999.250 -999.250 -999.250 -999.250 -999.250 -999.250 -999.250 -999.250 -999.250 -999.250 -999.250 -999.250 10.549 9.579 11.140 10.710 10.874 11.901 13.950 18.507 17.078 16.739 17.883 22.047 16.437 19.216 20.706 18.161 17.307 12.870 14.183 11.984 11.341 9.373 8.416 6.058 4.831 5.879 4.658 4.526 3.578 1.823 2.323 1.883 2.530 1.790 3.115 5.091 4.384 5.554 6.707 7.120
-999.250 -999.250 -999.250 -999.250 -999.250 -999.250 -999.250 -999.250 -999.250 -999.250 -999.250 -999.250 -999.250 -999.250 -999.250 -999.250 -999.250 -999.250 -999.250 -999.250 -999.250 -999.250 -999.250 -999.250 -999.250 -999.250 -999.250 -999.250 -999.250 -999.250 7.186 10.815 12.423 12.073 13.186 13.002 13.156 18.224 16.287 16.372 15.902 16.670 14.002 15.330 14.667 16.156 16.483 14.220 14.350 12.778 9.595 8.732 6.097 6.835 4.722 6.507 6.181 5.032 3.784 3.995 3.313 2.579 1.930 1.670 1.202 4.261 3.696 6.316 4.873 5.941
-999.250 -999.250 -999.250 -999.250 -999.250 -999.250 -999.250 -999.250 -999.250 -999.250 -999.250 -999.250 -999.250 -999.250 -999.250 -999.250 -999.250 -999.250 -999.250 -999.250 -999.250 -999.250 -999.250 -999.250 -999.250 -999.250 -999.250 -999.250 -999.250 -999.250 8.043 9.472 9.035 9.558 10.717 15.033 15.116 18.058 15.705 16.711 15.541 15.674 13.895 15.329 15.398 15.888 16.496 12.736 12.326 9.279 8.999 8.821 7.133 8.722 6.970 5.297 6.275 5.302 6.235 3.953 4.372 3.584 1.184 0.034 2.740 3.499 2.777 4.229 3.681 3.790
-999.250 -999.250 -999.250 -999.250 -999.250 -999.250 -999.250 -999.250 -999.250 -999.250 -999.250 -999.250 -999.250 -999.250 -999.250 -999.250 -999.250 -999.250 -999.250 -999.250 -999.250 -999.250 -999.250 -999.250 -999.250 -999.250 -999.250 -999.250 -999.250 -999.250 7.443 7.831 8.001 8.373 12.948 14.523 14.501 15.091 19.012 16.987 13.762 12.370 13.933 14.742 13.023 13.301 16.314 12.074 10.485 8.696 8.594 9.741 7.127 7.328 9.116 6.367 6.750 7.106 5.514 5.017 4.210 2.654 0.695 0.000 0.305 0.000 2.678 0.842 1.788 0.788
-999.250 -999.250 -999.250 -999.250 -999.250 -999.250 -999.250 -999.250 -999.250 -999.250 -999.250 -999.250 -999.250 -999.250 -999.250 -999.250 -999.250 -999.250 -999.250 -999.250 -999.250 -999.250 -999.250 -999.250 -999.250 -999.250 -999.250 -999.250 -999.250 5.715 6.925 6.363 7.394 8.873 9.170 10.835 13.249 16.350 18.016 16.698 15.614 12.500 13.833 15.487 14.564 14.151 13.273 11.115 9.265 8.657 6.997 9.614 8.803 10.190 9.249 8.189 10.899 12.747 8.859 6.340 5.397 0.268 0.000 0.269 1.289 1.604 1.532 0.042 0.000 0.000
-999.250 -999.250 -999.250 -999.250 -999.250 -999.250 -999.250 -999.250 -999.250 -999.250 -999.250 -999.250 -999.250 -999.250 -999.250 -999.250 -999.250 -999.250 -999.250 -999.250 -999.250 -999.250 -999.250 -999.250 -999.250 -999.250 -999.250 -999.250 -999.250 5.278 4.149 4.743 5.822 6.714 8.871 12.128 15.394 16.025 17.219 13.658 14.856 14.020 13.298 12.697 14.713 10.605 13.021 9.824 10.870 8.288 10.173 8.798 8.935 10.482 11.314 10.621 11.131 12.002 8.956 8.450 3.288 1.637 0.932 0.950 0.005 0.533 0.000 0.000 0.000 0.000
-999.250 -999.250 -999.250 -999.250 -999.250 -999.250 -999.250 -999.250 -999.250 -999.250 -999.250 -999.250 -999.250 -999.250 -999.250 -999.250 -999.250 -999.250 -999.250 -999.250 -999.250 -999.250 -999.250 -999.250 -999.250 -999.250 -999.250 -999.250 3.056 2.459 2.460 1.965 3.376 5.404 8.056 12.246 20.840 18.887 15.749 13.138 13.554 12.891 12.473 11.041 9.593 10.021 10.176 11.627 9.102 10.402 7.424 11.778 11.690 10.027 10.457 10.618 9.413 9.947 9.068 6.801 6.362 2.095 2.109 2.912 0.000 0.000 0.000 0.000 0.000 0.000
-999.250 -999.250 -999.250 -999.250 -999.250 -999.250 -999.250 -999.250 -999.250 -999.250 -999.250 -999.250 -999.250 -999.250 -999.250 -999.250 -999.250 -999.250 -999.250 -999.250 -999.250 -999.250 -999.250 -999.250 -999.250 -999.250 -999.250 -999.250 0.115 0.000 0.000 0.000 1.472 4.034 8.510 11.770 15.221 16.143 14.745 13.884 12.450 13.545 10.236 9.875 8.720 8.641 10.293 10.176 10.491 9.165 9.312 9.295 9.072 10.437 9.857 8.786 9.889 8.991 9.436 8.123 7.207 4.997 2.902 0.922 0.297 0.000 0.000 0.000 0.000 0.000
-999.250 -999.250 -999.250 -999.250 -999.250 -999.250 -999.250 -999.250 -999.250 -999.250 -999.250 -999.250 -999.250 -999.250 -999.250 -999.250 -999.250 -999.250 -999.250 -999.250 -999.250 -999.250 -999.250 -999.250 -999.250 -999.250 -999.250 1.830 0.060 0.000 0.000 0.000 0.000 1.722 5.693 8.820 8.395 12.188 13.567 12.753 11.192 10.825 8.871 10.497 8.689 9.497 8.214 10.501 7.921 8.234 8.314 9.450 12.046 12.372 10.645 10.784 10.285 9.135 11.941 8.408 9.145 7.505 4.649 3.121 0.076 0.000 0.000 0.000 0.000 0.000
-999.250 -999.250 -999.250 -999.250 -999.250 -999.250 -999.250 -999.250 -999.250 -999.250 -999.250 -999.250 -999.250 -999.250 -999.250 -999.250 -999.250 -999.250 -999.250 -999.250 -999.250 -999.250 -999.250 -999.250 -999.250 -999.250 -999.250 4.283 1.109 0.000 0.000 0.000 0.000 0.003 3.742 5.831 6.840 8.406 12.403 12.048 9.037 9.358 9.614 9.886 9.625 10.833 9.388 7.659 7.661 4.854 7.757 8.843 11.373 10.574 11.416 10.099 12.055 12.926 10.700 10.807 8.508 8.579 4.811 4.264 1.255 0.000 0.000 0.000 0.000 0.000
-999.250 -999.250 -999.250 -999.250 -999.250 -999.250 -999.250 -999.250 -999.250 -999.250 -999.250 -999.250 -999.250 -999.250 -999.250 -999.250 -999.250 -999.250 -999.250 -999.250 -999.250 -999.250 -999.250 -999.250 -999.250 -999.250 -999.250 -999.250 1.954 0.000 0.000 0.000 0.000 0.000 2.246 3.784 6.538 8.095 10.300 10.323 8.499 7.972 9.247 9.446 9.707 7.706 9.037 7.655 8.673 8.593 8.865 8.288 11.691 9.736 10.767 11.758 13.617 15.412 12.750 12.486 10.475 8.855 6.263 4.636 2.607 0.000 0.000 0.000 0.000 0.000
-999.250 -999.250 -999.250 -999.250 -999.250 -999.250 -999.250 -999.250 -999.250 -999.250 -999.250 -999.250 -999.250 -999.250 -999.250 -999.250 -999.250 -999.250 -999.250 -999.250 -999.250 -999.250 -999.250 -999.250 -999.250 -999.250 -999.250 -999.250 -999.250 -999.250 0.000 0.000 0.000 0.803 1.066 2.081 4.012 6.700 8.252 7.450 7.739 8.498 8.709 10.313 8.533 7.414 8.578 8.113 8.151 9.781 8.883 8.413 10.456 11.022 11.737 14.329 12.486 15.250 14.872 15.496 12.650 9.953 7.523 3.385 2.224 0.714 0.000 0.000 0.000 0.000
-999.250 -999.250 -999.250 -999.250 -999.250 -999.250 -999.250 -999.250 -999.250 -999.250 -999.250 -999.250 -999.250 -999.250 -999.250 -999.250 -999.250 -999.250 -999.250 -999.250 -999.250 -999.250 -999.250 -999.250 -999.250 -999.250 -999.250 -999.250 -999.250 -999.250 0.000 0.000 0.000 0.402 0.256 2.582 3.378 5.941 6.836 7.342 8.095 9.525 7.561 6.475 8.429 10.261 10.608 8.113 9.022 9.413 8.441 9.408 10.603 11.163 12.473 12.690 12.890 15.829 16.774 18.780 16.041 10.734 8.495 4.462 2.398 0.584 0.000 0.000 0.000 0.000
-999.250 -999.250 -999.250 -999.250 -999.250 -999.250 -999.250 -999.250 -999.250 -999.250 -999.250 -999.250 -999.250 -999.250 -999.250 -999.250 -999.250 -999.250 -999.250 -999.250 -999.250 -999.250 -999.250 -999.250 -999.250 -999.250 -999.250 -999.250 -999.250 -999.250 0.000 0.000 0.903 0.860 0.727 2.495 4.194 5.692 6.439 8.609 8.470 9.321 8.168 8.759 7.960 10.183 5.754 7.936 8.177 7.922 8.604 8.897 10.155 7.753 8.953 12.066 15.105 14.473 17.193 24.251 14.947 10.555 7.491 4.030 1.725 1.115 0.366 0.000 0.000 0.000
-999.250 -999.250 -999.250 -999.250 -999.250 -999.250 -999.250 -999.250 -999.250 -999.250 -999.250 -999.250 -999.250 -999.250 -999.250 -999.250 -999.250 -999.250 -999.250 -999.250 -999.250 -999.250 -999.250 -999.250 -999.250 -999.250 -999.250 -999.250 -999.250 -999.250 -999.250 2.781 1.675 4.127 3.731 2.714 2.632 6.398 7.450 7.732 5.959 9.303 9.934 8.541 5.101 8.733 6.563 7.350 5.982 8.082 5.970 9.039 8.606 8.933 9.439 10.126 13.210 13.479 15.721 15.985 14.445 10.552 6.266 3.952 1.980 0.091 0.000 0.000 0.000 0.000
-999.250 -999.250 -999.250 -999.250 -999.250 -999.250 -999.250 -999.250 -999.250 -999.250 -999.250 -999.250 -999.250 -999.250 -999.250 -999.250 -999.250 -999.250 -999.250 -999.250 -999.250 -999.250 -999.250 -999.250 -999.250 -999.250 -999.250 -999.250 -999.250 -999.250 0.225 2.177 3.970 4.102 4.554 4.060 5.366 5.341 7.080 7.437 9.008 8.914 8.732 9.315 9.046 8.720 6.946 6.496 6.739 6.321 5.874 7.696 9.434 8.095 9.281 8.915 9.454 11.680 11.163 11.225 10.991 8.499 6.945 3.712 1.469 0.000 0.000 0.143 2.187 0.443
-999.250 -999.250 -999.250 -999.250 -999.250 -999.250 -999.250 -999.250 -999.250 -999.250 -999.250 -999.250 -999.250 -999.250 -999.250 -999.250 -999.250 -999.250 -999.250 -999.250 -999.250 -999.250 -999.250 -999.250 -999.250 -999.250 -999.250 -999.250 -999.250 -999.250 -999.250 4.512 3.450 4.639 4.075 4.136 6.409 5.617 6.078 7.492 8.825 7.920 8.695 9.243 6.633 5.299 6.406 4.673 5.745 7.745 7.413 5.715 5.215 7.417 7.039 5.942 6.623 6.067 6.860 6.779 6.226 7.419 4.819 1.006 2.818 1.905 0.329 2.779 0.146 1.252
-999.250 -999.250 -999.250 -999.250 -999.250 -999.250 -999.250 -999.250 -999.250 -999.250 -999.250 -999.250 -999.250 -999.250 -999.250 -999.250 -999.250 -999.250 -999.250 -999.250 -999.250 -999.250 -999.250 -999.250 -999.250 -999.250 -999.250 -999.250 -999.250 -999.250 4.568 4.788 5.376 4.676 5.832 8.093 6.056 8.378 7.637 7.852 7.961 7.890 7.636 9.291 6.512 4.835 4.157 4.929 5.231 3.995 3.335 5.219 5.533 5.506 4.860 6.211 5.411 3.312 5.920 4.838 4.558 5.590 4.792 2.707 0.763 0.273 0.185 0.306 0.129 1.116
-999.250 -999.250 -999.250 -999.250 -999.250 -999.250 -999.250 -999.250 -999.250 -999.250 -999.250 -999.250 -999.250 -999.250 -999.250 -999.250 -999.250 -999.250 -999.250 -999.250 -999.250 -999.250 -999.250 -999.250 -999.250 -999.250 -999.250 -999.250 -999.250 -999.250 4.764 6.960 6.371 6.495 8.159 9.181 10.026 9.178 8.439 6.487 7.160 10.807 9.140 8.550 7.157 4.538 5.032 3.852 4.901 3.147 2.463 5.498 4.116 3.100 1.925 3.465 3.808 2.935 3.439 2.380 2.752 2.005 1.960 0.000 0.181 0.134 0.000 0.436 0.217 0.000
-999.250 -999.250 -999.250 -999.250 -999.250 -999.250 -999.250 -999.250 -999.250 -999.250 -999.250 -999.250 -999.250 -999.250 -999.250 -999.250 -999.250 -999.250 -999.250 -999.250 -999.250 -999.250 -999.250 -999.250 -999.250 -999.250 -999.250 -999.250 -999.250 -999.250 6.788 7.338 4.927 9.084 8.442 9.632 9.612 10.641 8.421 10.949 9.723 10.051 9.149 8.877 6.890 7.232 6.046 4.321 4.138 3.069 2.462 2.471 2.580 0.900 0.000 0.031 0.980 0.861 1.439 2.161 1.691 0.634 0.000 0.000 0.000 0.000 0.000 0.000 0.000 0.000
-999.250 -999.250 -999.250 -999.250 -999.250 -999.250 -999.250 -999.250 -999.250 -999.250 -999.250 -999.250 -999.250 -999.250 -999.250 -999.250 -999.250 -999.250 -999.250 -999.250 -999.250 -999.250 -999.250 -999.250 -999.250 -999.250 -999.250 -999.250 -999.250 -999.250 10.160 8.381 11.615 8.892 13.396 11.705 10.741 12.929 11.472 10.717 11.889 10.749 11.200 9.494 9.199 8.310 7.213 2.888 4.032 4.078 2.904 1.882 0.764 0.000 0.000 0.000 0.000 0.000 0.000 0.000 0.000 0.000 0.000 0.000 0.000 0.000 0.000 0.000 0.017 0.000
-999.250 -999.250 -999.250 -999.250 -999.250 -999.250 -999.250 -999.250 -999.250 -999.250 -999.250 -999.250 -999.250 -999.250 -999.250 -999.250 -999.250 -999.250 -999.250 -999.250 -999.250 -999.250 -999.250 -999.250 -999.250 -999.250 -999.250 -999.250 -999.250 -999.250 9.376 12.114 12.020 12.533 10.481 11.219 12.484 13.505 11.228 12.435 12.439 12.707 11.459 10.042 5.593 6.017 2.246 2.412 2.630 1.952 2.880 0.006 0.000 0.000 0.000 0.000 0.000 0.000 0.000 0.000 0.000 0.000 0.000 0.000 0.000 0.000 0.000 0.722 0.000 0.000
-999.250 -999.250 -999.250 -999.250 -999.250 -999.250 -999.250 -999.250 -999.250 -999.250 -999.250 -999.250 -999.250 -999.250 -999.250 -999.250 -999.250 -999.250 -999.250 -999.250 -999.250 -999.250 -999.250 -999.250 -999.250 -999.250 -999.250 -999.250 -999.250 -999.250 -999.250 10.803 9.236 10.633 12.092 12.250 13.495 12.942 11.037 12.602 13.194 13.527 12.697 9.741 5.431 4.082 2.729 1.811 3.523 2.120 0.835 0.000 0.000 0.000 0.000 0.000 0.000 0.000 0.000 0.000 0.000 0.000 0.000 0.000 0.000 0.000 0.000 0.000 0.000 0.198
-999.250 -999.250 -999.250 -999.250 -999.250 -999.250 -999.250 -999.250 -999.250 -999.250 -999.250 -999.250 -999.250 -999.250 -999.250 -999.250 -999.250 -999.250 -999.250 -999.250 -999.250 -999.250 -999.250 -999.250 -999.250 -999.250 -999.250 -999.250 -999.250 -999.250 -999.250 11.281 11.137 11.257 11.577 13.427 12.002 11.337 13.095 12.949 13.643 13.846 12.379 7.156 5.323 6.330 4.114 4.203 2.949 2.885 2.787 0.000 0.000 0.000 0.000 0.000 0.000 0.000 0.000 0.000 0.000 0.000 0.000 0.000 0.000 0.000 0.000 0.000 0.000 0.000
-999.250 -999.250 -999.250 -999.250 -999.250 -999.250 -999.250 -999.250 -999.250 -999.250 -999.250 -999.250 -999.250 -999.250 -999.250 -999.250 -999.250 -999.250 -999.250 -999.250 -999.250 -999.250 -999.250 -999.250 -999.250 -999.250 -999.250 -999.250 -999.250 -999.250 11.169 12.859 12.436 11.085 10.669 11.745 11.837 11.496 15.149 11.583 12.620 11.752 11.547 8.731 6.681 6.306 5.633 3.160 2.861 2.148 1.219 0.000 0.000 0.000 0.000 0.000 0.000 0.000 0.000 0.000 0.000 0.000 0.000 0.000 0.000 1.097 0.945 1.030 1.118 0.992
