data/medianmodel_25-Feb-2021.asc
ncols	141
nrows	288
xllcorner	-120191.398
yllcorner	-301404.813
cellsize	2000.000
NODATA_value	-999.250
[rows 87 to 115 of 288, columns 0 to 65 of 141]
-999.250 -999.250 -999.250 -999.250 -999.250 -999.250 -999.250 -999.250 -999.250 -999.250 -999.250 -999.250 -999.250 -999.250 -999.250 -999.250 -999.250 -999.250 -999.250 -999.250 -999.250 -999.250 -999.250 -999.250 -999.250 -999.250 -999.250 -999.250 -999.250 -999.250 -999.250 -999.250 -999.250 151.151 152.979 152.840 161.339 166.670 177.278 192.909 194.876 208.406 206.174 213.918 214.441 215.332 205.979 197.082 175.989 158.044 153.062 138.392 122.837 109.782 94.958 82.845 74.723 69.043 61.710 63.380 60.721 64.833 66.436 72.296 76.129 77.112
-999.250 -999.250 -999.250 -999.250 -999.250 -999.250 -999.250 -999.250 -999.250 -999.250 -999.250 -999.250 -999.250 -999.250 -999.250 -999.250 -999.250 -999.250 -999.250 -999.250 -999.250 -999.250 -999.250 -999.250 -999.250 -999.250 -999.250 -999.250 -999.250 -999.250 -999.250 -999.250 154.195 144.778 144.535 144.398 145.417 150.931 164.546 176.640 187.630 190.550 202.516 203.122 198.485 202.592 197.809 184.190 169.696 155.674 138.992 128.182 116.470 112.221 98.128 85.401 81.437 73.799 70.333 69.408 71.143 74.783 79.876 81.570 84.532 86.290
-999.250 -999.250 -999.250 -999.250 -999.250 -999.250 -999.250 -999.250 -999.250 -999.250 -999.250 -999.250 -999.250 -999.250 -999.250 -999.250 -999.250 -999.250 -999.250 -999.250 -999.250 -999.250 -999.250 -999.250 -999.250 -999.250 -999.250 -999.250 -999.250 -999.250 -999.250 -999.250 146.328 147.741 138.788 137.745 138.268 146.391 155.816 166.127 176.135 189.362 185.361 188.247 195.860 194.434 187.275 173.264 158.277 147.024 133.704 121.710 108.278 100.286 96.861 81.569 80.436 79.826 73.335 73.465 82.902 84.559 93.862 95.212 92.239 92.329
-999.250 -999.250 -999.250 -999.250 -999.250 -999.250 -999.250 -999.250 -999.250 -999.250 -999.250 -999.250 -999.250 -999.250 -999.250 -999.250 -999.250 -999.250 -999.250 -999.250 -999.250 -999.250 -999.250 -999.250 -999.250 -999.250 -999.250 -999.250 -999.250 -999.250 -999.250 -999.250 141.332 144.507 132.829 128.512 127.529 132.789 150.262 159.938 169.401 181.423 184.125 185.500 189.345 188.278 184.124 172.065 151.941 141.785 127.188 120.162 109.525 99.161 87.362 86.527 80.231 75.932 75.319 82.214 86.540 93.323 106.234 103.035 100.086 102.412
-999.250 -999.250 -999.250 -999.250 -999.250 -999.250 -999.250 -999.250 -999.250 -999.250 -999.250 -999.250 -999.250 -999.250 -999.250 -999.250 -999.250 -999.250 -999.250 -999.250 -999.250 -999.250 -999.250 -999.250 -999.250 -999.250 -999.250 -999.250 -999.250 -999.250 -999.250 -999.250 138.371 138.056 132.913 133.566 135.713 140.987 146.475 154.027 169.313 181.835 183.659 186.071 191.651 182.755 174.132 159.400 148.481 136.764 130.301 117.441 105.431 87.457 79.859 73.705 75.379 69.476 79.168 81.832 90.412 98.208 103.390 107.548 109.580 103.632
-999.250 -999.250 -999.250 -999.250 -999.250 -999.250 -999.250 -999.250 -999.250 -999.250 -999.250 -999.250 -999.250 -999.250 -999.250 -999.250 -999.250 -999.250 -999.250 -999.250 -999.250 -999.250 -999.250 -999.250 -999.250 -999.250 -999.250 -999.250 -999.250 -999.250 -999.250 151.707 143.544 133.677 132.665 132.947 137.978 142.009 151.801 159.000 164.144 176.914 176.959 183.294 183.607 194.395 173.674 163.067 153.613 143.009 132.711 120.406 99.258 94.113 78.213 68.951 68.767 69.429 75.116 80.735 92.600 105.857 113.744 119.370 121.435 107.519
-999.250 -999.250 -999.250 -999.250 -999.250 -999.250 -999.250 -999.250 -999.250 -999.250 -999.250 -999.250 -999.250 -999.250 -999.250 -999.250 -999.250 -999.250 -999.250 -999.250 -999.250 -999.250 -999.250 -999.250 -999.250 -999.250 -999.250 -999.250 -999.250 -999.250 -999.250 140.767 142.380 141.094 143.596 146.798 148.204 153.614 156.290 159.737 171.108 177.799 186.347 188.211 191.877 194.202 187.101 164.244 157.013 147.736 130.446 111.666 101.106 89.072 74.782 66.959 64.131 69.256 77.518 86.026 101.258 112.750 126.577 135.896 132.699 120.745
-999.250 -999.250 -999.250 -999.250 -999.250 -999.250 -999.250 -999.250 -999.250 -999.250 -999.250 -999.250 -999.250 -999.250 -999.250 -999.250 -999.250 -999.250 -999.250 -999.250 -999.250 -999.250 -999.250 -999.250 -999.250 -999.250 -999.250 -999.250 -999.250 -999.250 -999.250 146.001 150.685 152.096 152.771 156.587 161.416 168.278 173.370 165.464 168.704 186.890 190.293 194.126 200.869 195.308 190.476 178.864 161.424 152.593 130.969 121.569 106.162 91.311 77.705 67.669 62.461 65.771 78.850 96.416 111.096 133.006 145.908 160.524 158.931 147.234
-999.250 -999.250 -999.250 -999.250 -999.250 -999.250 -999.250 -999.250 -999.250 -999.250 -999.250 -999.250 -999.250 -999.250 -999.250 -999.250 -999.250 -999.250 -999.250 -999.250 -999.250 -999.250 -999.250 -999.250 -999.250 -999.250 -999.250 -999.250 -999.250 -999.250 -999.250 155.214 163.436 156.681 160.582 165.089 175.701 184.344 187.447 183.740 192.866 192.512 193.084 200.057 207.440 203.707 202.465 191.147 178.101 158.420 139.816 128.322 109.155 98.141 81.763 73.146 61.736 70.681 90.648 107.439 132.308 153.608 175.195 191.783 200.242 181.951
-999.250 -999.250 -999.250 -999.250 -999.250 -999.250 -999.250 -999.250 -999.250 -999.250 -999.250 -999.250 -999.250 -999.250 -999.250 -999.250 -999.250 -999.250 -999.250 -999.250 -999.250 -999.250 -999.250 -999.250 -999.250 -999.250 -999.250 -999.250 -999.250 -999.250 159.020 158.116 166.952 163.354 167.049 182.886 178.066 194.515 201.490 194.911 205.254 204.677 213.960 207.776 219.298 208.851 208.101 202.503 189.149 173.349 151.598 137.978 122.549 111.597 92.574 79.793 66.789 72.035 92.681 124.378 150.776 182.858 208.797 238.176 239.512 235.240
-999.250 -999.250 -999.250 -999.250 -999.250 -999.250 -999.250 -999.250 -999.250 -999.250 -999.250 -999.250 -999.250 -999.250 -999.250 -999.250 -999.250 -999.250 -999.250 -999.250 -999.250 -999.250 -999.250 -999.250 -999.250 -999.250 -999.250 -999.250 -999.250 -999.250 166.211 166.886 175.973 174.958 188.332 194.789 199.677 205.863 210.172 219.798 216.235 220.765 215.332 207.912 225.205 229.027 220.950 214.006 200.950 180.928 160.176 153.660 138.023 135.049 104.610 81.259 66.110 67.781 93.440 132.607 162.984 205.058 250.403 291.124 301.717 287.038
-999.250 -999.250 -999.250 -999.250 -999.250 -999.250 -999.250 -999.250 -999.250 -999.250 -999.250 -999.250 -999.250 -999.250 -999.250 -999.250 -999.250 -999.250 -999.250 -999.250 -999.250 -999.250 -999.250 -999.250 -999.250 -999.250 -999.250 -999.250 -999.250 -999.250 179.005 183.633 190.636 187.252 198.226 205.914 215.937 232.534 241.781 236.291 236.779 244.460 241.699 243.329 244.407 245.706 241.760 237.586 217.093 196.742 182.138 165.113 154.528 136.427 115.890 97.049 75.805 56.799 99.530 137.664 177.454 233.702 280.116 322.012 378.255 320.625
-999.250 -999.250 -999.250 -999.250 -999.250 -999.250 -999.250 -999.250 -999.250 -999.250 -999.250 -999.250 -999.250 -999.250 -999.250 -999.250 -999.250 -999.250 -999.250 -999.250 -999.250 -999.250 -999.250 -999.250 -999.250 -999.250 -999.250 -999.250 -999.250 -999.250 191.495 188.441 195.935 202.945 203.106 216.454 233.601 245.948 262.073 270.533 259.918 266.785 265.009 261.447 268.685 261.629 254.988 247.727 228.206 216.096 206.871 197.798 174.665 162.304 145.287 121.993 107.544 106.976 124.434 163.567 197.924 246.649 291.436 327.905 357.458 334.403
-999.250 -999.250 -999.250 -999.250 -999.250 -999.250 -999.250 -999.250 -999.250 -999.250 -999.250 -999.250 -999.250 -999.250 -999.250 -999.250 -999.250 -999.250 -999.250 -999.250 -999.250 -999.250 -999.250 -999.250 -999.250 -999.250 -999.250 -999.250 -999.250 188.974 199.157 202.966 199.029 215.503 221.199 229.273 237.224 254.961 265.405 281.431 281.826 276.076 281.157 279.991 274.454 276.018 285.694 277.057 271.706 249.417 232.478 213.188 208.132 192.815 172.969 158.665 142.162 151.860 155.915 192.980 218.532 255.541 294.389 321.816 346.303 325.362
-999.250 -999.250 -999.250 -999.250 -999.250 -999.250 -999.250 -999.250 -999.250 -999.250 -999.250 -999.250 -999.250 -999.250 -999.250 -999.250 -999.250 -999.250 -999.250 -999.250 -999.250 -999.250 -999.250 -999.250 -999.250 -999.250 -999.250 -999.250 -999.250 196.462 195.218 212.067 218.022 222.115 235.680 245.971 255.894 265.953 276.591 286.293 293.675 292.122 292.997 286.398 290.247 284.966 294.023 298.458 281.229 267.496 271.436 252.227 248.956 233.339 203.723 190.272 181.385 178.132 191.702 199.954 238.660 281.544 289.611 315.506 314.401 308.545
-999.250 -999.250 -999.250 -999.250 -999.250 -999.250 -999.250 -999.250 -999.250 -999.250 -999.250 -999.250 -999.250 -999.250 -999.250 -999.250 -999.250 -999.250 -999.250 -999.250 -999.250 -999.250 -999.250 -999.250 -999.250 -999.250 -999.250 -999.250 -999.250 205.750 209.030 223.472 217.673 238.810 230.651 256.984 265.667 276.174 276.180 288.756 305.169 300.919 305.008 312.456 308.151 309.408 310.727 312.983 303.781 290.438 288.278 281.743 272.711 255.586 239.431 219.257 205.094 209.195 217.105 224.574 259.552 285.183 291.623 307.546 304.624 296.815
-999.250 -999.250 -999.250 -999.250 -999.250 -999.250 -999.250 -999.250 -999.250 -999.250 -999.250 -999.250 -999.250 -999.250 -999.250 -999.250 -999.250 -999.250 -999.250 -999.250 -999.250 -999.250 -999.250 -999.250 -999.250 -999.250 -999.250 -999.250 -999.250 218.427 221.540 232.401 249.473 253.398 255.903 262.902 267.309 284.047 281.360 294.210 304.661 320.244 316.858 316.010 325.939 324.822 338.088 332.555 310.754 304.551 293.901 289.714 280.597 274.626 257.124 246.315 244.024 234.903 237.140 240.167 259.441 284.032 289.839 301.645 297.723 291.750
-999.250 -999.250 -999.250 -999.250 -999.250 -999.250 -999.250 -999.250 -999.250 -999.250 -999.250 -999.250 -999.250 -999.250 -999.250 -999.250 -999.250 -999.250 -999.250 -999.250 -999.250 -999.250 -999.250 -999.250 -999.250 -999.250 -999.250 -999.250 218.883 230.534 232.621 240.453 249.612 254.816 260.211 267.834 271.655 290.329 293.877 299.171 310.966 310.298 327.231 328.254 345.648 354.371 383.361 367.378 339.194 324.613 308.375 295.677 282.060 278.979 275.882 260.803 255.169 241.522 240.519 255.735 261.255 277.170 291.788 291.946 291.381 295.689
-999.250 -999.250 -999.250 -999.250 -999.250 -999.250 -999.250 -999.250 -999.250 -999.250 -999.250 -999.250 -999.250 -999.250 -999.250 -999.250 -999.250 -999.250 -999.250 -999.250 -999.250 -999.250 -999.250 -999.250 -999.250 -999.250 -999.250 -999.250 236.627 238.383 240.664 247.139 258.469 260.870 269.855 278.144 282.912 287.657 290.816 296.815 300.446 307.210 329.666 328.979 362.790 367.298 415.903 361.597 367.026 330.412 307.956 297.925 292.821 289.489 276.822 275.535 259.178 257.511 263.369 266.381 267.258 277.823 278.710 279.619 285.188 282.710
-999.250 -999.250 -999.250 -999.250 -999.250 -999.250 -999.250 -999.250 -999.250 -999.250 -999.250 -999.250 -999.250 -999.250 -999.250 -999.250 -999.250 -999.250 -999.250 -999.250 -999.250 -999.250 -999.250 -999.250 -999.250 -999.250 -999.250 226.163 246.243 249.261 252.556 274.825 263.375 266.864 269.758 270.468 280.455 287.309 293.371 293.569 304.118 306.776 319.750 331.765 358.129 379.980 364.895 365.559 351.083 333.236 312.505 293.830 286.887 293.238 278.589 274.616 261.592 266.897 273.874 268.026 270.255 272.729 280.767 282.187 281.924 275.100
-999.250 -999.250 -999.250 -999.250 -999.250 -999.250 -999.250 -999.250 -999.250 -999.250 -999.250 -999.250 -999.250 -999.250 -999.250 -999.250 -999.250 -999.250 -999.250 -999.250 -999.250 -999.250 -999.250 -999.250 -999.250 -999.250 -999.250 222.775 242.041 247.427 252.121 256.284 268.748 263.365 274.975 274.512 272.472 278.764 287.857 289.195 297.546 309.788 314.504 311.242 336.488 348.874 335.437 341.188 325.669 316.462 297.039 290.028 287.641 293.035 288.226 281.728 273.937 271.025 265.196 269.204 267.465 264.352 270.701 272.381 274.639 259.249
-999.250 -999.250 -999.250 -999.250 -999.250 -999.250 -999.250 -999.250 -999.250 -999.250 -999.250 -999.250 -999.250 -999.250 -999.250 -999.250 -999.250 -999.250 -999.250 -999.250 -999.250 -999.250 -999.250 -999.250 -999.250 -999.250 -999.250 225.077 241.923 251.916 259.034 260.399 273.188 270.772 271.820 279.092 280.795 275.575 275.915 281.523 286.153 288.230 292.198 300.913 309.008 307.774 315.626 318.097 303.897 309.381 296.577 295.738 281.728 282.918 284.712 284.697 274.789 267.425 264.574 252.680 246.023 248.243 256.364 256.211 252.096 244.569
-999.250 -999.250 -999.250 -999.250 -999.250 -999.250 -999.250 -999.250 -999.250 -999.250 -999.250 -999.250 -999.250 -999.250 -999.250 -999.250 -999.250 -999.250 -999.250 -999.250 -999.250 -999.250 -999.250 -999.250 -999.250 -999.250 -999.250 240.210 238.652 249.985 253.630 262.774 266.484 272.538 270.115 275.149 280.688 272.042 271.540 272.439 276.605 282.386 276.376 285.606 286.936 294.645 295.508 294.878 294.082 295.022 289.803 285.707 279.458 278.697 287.773 282.889 279.634 271.501 253.902 236.998 233.528 234.309 227.483 242.102 234.978 212.864
-999.250 -999.250 -999.250 -999.250 -999.250 -999.250 -999.250 -999.250 -999.250 -999.250 -999.250 -999.250 -999.250 -999.250 -999.250 -999.250 -999.250 -999.250 -999.250 -999.250 -999.250 -999.250 -999.250 -999.250 -999.250 -999.250 -999.250 -999.250 251.988 255.935 263.231 255.991 252.448 258.169 255.471 267.161 278.779 280.846 274.276 273.173 273.237 260.654 267.646 265.405 266.454 261.642 272.658 282.041 282.652 279.967 277.305 267.040 276.297 270.906 280.863 284.339 282.458 267.035 256.300 250.959 226.912 220.552 215.989 206.173 201.549 201.018
-999.250 -999.250 -999.250 -999.250 -999.250 -999.250 -999.250 -999.250 -999.250 -999.250 -999.250 -999.250 -999.250 -999.250 -999.250 -999.250 -999.250 -999.250 -999.250 -999.250 -999.250 -999.250 -999.250 -999.250 -999.250 -999.250 -999.250 -999.250 254.184 255.426 254.291 262.893 256.374 265.375 266.401 278.959 275.591 276.089 268.485 267.813 269.055 254.898 246.185 229.544 222.118 229.218 244.419 260.098 265.299 266.815 256.485 261.516 272.071 274.124 287.970 286.119 290.067 282.327 261.716 236.604 210.250 212.803 201.187 193.557 186.468 185.899
-999.250 -999.250 -999.250 -999.250 -999.250 -999.250 -999.250 -999.250 -999.250 -999.250 -999.250 -999.250 -999.250 -999.250 -999.250 -999.250 -999.250 -999.250 -999.250 -999.250 -999.250 -999.250 -999.250 -999.250 -999.250 -999.250 -999.250 -999.250 247.534 242.840 255.067 266.556 271.239 264.605 264.070 279.786 280.299 273.597 269.933 272.670 266.085 257.185 226.299 214.577 200.327 201.029 213.830 242.946 260.166 268.769 258.839 261.378 266.421 292.364 297.622 308.894 299.944 286.544 275.343 255.564 232.887 217.666 202.870 194.140 186.024 162.937
-999.250 -999.250 -999.250 -999.250 -999.250 -999.250 -999.250 -999.250 -999.250 -999.250 -999.250 -999.250 -999.250 -999.250 -999.250 -999.250 -999.250 -999.250 -999.250 -999.250 -999.250 -999.250 -999.250 -999.250 -999.250 -999.250 -999.250 -999.250 233.427 229.873 244.970 247.685 252.891 259.325 268.177 281.060 285.449 283.467 275.705 268.679 256.361 249.328 229.432 206.079 188.198 169.176 215.149 254.783 280.612 288.570 280.213 259.679 283.620 299.274 310.965 325.761 320.363 316.406 300.795 291.077 256.631 225.661 201.359 194.454 177.938 154.713
-999.250 -999.250 -999.250 -999.250 -999.250 -999.250 -999.250 -999.250 -999.250 -999.250 -999.250 -999.250 -999.250 -999.250 -999.250 -999.250 -999.250 -999.250 -999.250 -999.250 -999.250 -999.250 -999.250 -999.250 -999.250 -999.250 -999.250 -999.250 219.078 217.810 230.951 242.193 251.958 250.722 264.105 274.081 284.801 278.210 284.909 282.072 268.510 254.665 226.910 216.442 201.152 209.310 251.358 278.684 300.990 322.186 318.170 304.975 311.671 323.905 342.986 339.036 357.693 349.445 330.905 302.723 274.241 247.203 202.529 193.359 171.768 150.506
-999.250 -999.250 -999.250 -999.250 -999.250 -999.250 -999.250 -999.250 -999.250 -999.250 -999.250 -999.250 -999.250 -999.250 -999.250 -999.250 -999.250 -999.250 -999.250 -999.250 -999.250 -999.250 -999.250 -999.250 -999.250 -999.250 -999.250 216.673 220.454 234.397 222.169 237.144 251.306 247.046 260.410 273.687 275.683 282.493 287.367 297.897 281.758 263.541 252.036 232.667 239.200 267.028 295.137 330.466 357.729 372.773 345.648 364.048 338.807 357.712 352.398 363.835 375.091 397.692 372.883 315.865 283.660 252.126 212.649 184.692 166.774 141.807
