data/medianmodel_15-Oct-2020.asc
ncols	141
nrows	288
xllcorner	-120191.398
yllcorner	-301404.813
cellsize	2000.000
NODATA_value	-999.250
[rows 120 to 149 of 288, columns 67 to 133 of 141]
36.752 35.230 29.133 23.706 28.535 23.823 26.985 31.561 36.331 36.336 43.651 50.846 51.715 53.294 59.906 57.239 66.069 65.526 77.442 66.458 69.664 78.563 82.236 76.606 68.624 96.013 105.462 135.108 143.137 143.726 162.005 167.320 167.057 168.384 190.308 160.255 142.830 140.861 139.300 125.726 135.327 113.511 108.292 97.168 76.946 91.124 -999.250 -999.250 -999.250 -999.250 -999.250 -999.250 -999.250 -999.250 -999.250 -999.250 -999.250 -999.250 -999.250 -999.250 -999.250 -999.250 -999.250 -999.250 -999.250 -999.250 -999.250
37.229 31.269 21.250 23.621 28.490 30.139 27.330 29.666 38.226 41.043 46.581 47.908 54.473 66.967 64.669 67.352 71.460 74.762 75.678 84.592 97.498 78.349 78.620 81.428 88.443 106.643 129.887 153.889 170.289 145.977 159.387 183.425 176.071 176.554 180.557 176.993 147.210 125.372 135.289 140.368 114.189 110.139 138.638 95.069 110.706 94.889 -999.250 -999.250 -999.250 -999.250 -999.250 -999.250 -999.250 -999.250 -999.250 -999.250 -999.250 -999.250 -999.250 -999.250 -999.250 -999.250 -999.250 -999.250 -999.250 -999.250 -999.250
30.451 32.890 20.959 19.988 24.893 28.429 28.279 33.796 39.470 45.720 48.143 53.258 57.123 57.186 62.272 69.928 86.442 84.093 75.642 90.723 95.307 84.803 83.055 94.654 103.984 112.830 124.148 142.075 145.288 155.207 170.432 178.157 201.909 201.388 188.353 190.402 171.267 139.813 145.243 113.466 121.973 123.019 105.287 107.985 102.886 107.943 -999.250 -999.250 -999.250 -999.250 -999.250 -999.250 -999.250 -999.250 -999.250 -999.250 -999.250 -999.250 -999.250 -999.250 -999.250 -999.250 -999.250 -999.250 -999.250 -999.250 -999.250
24.784 20.574 24.764 21.345 22.788 25.831 32.931 35.799 36.433 41.778 43.028 44.634 53.453 64.731 71.595 79.848 83.667 80.694 90.923 96.470 100.841 96.664 104.239 115.190 93.986 112.247 107.422 125.541 141.441 144.523 175.472 199.750 186.893 223.797 199.744 165.974 162.600 159.391 135.779 138.404 114.601 128.342 114.334 115.429 116.286 -999.250 -999.250 -999.250 -999.250 -999.250 -999.250 -999.250 -999.250 -999.250 -999.250 -999.250 -999.250 -999.250 -999.250 -999.250 -999.250 -999.250 -999.250 -999.250 -999.250 -999.250 -999.250
21.459 22.057 22.097 18.456 21.418 25.978 32.071 36.542 37.232 44.937 48.614 58.382 61.169 65.938 66.239 71.530 77.710 89.956 107.311 98.209 112.504 116.777 127.266 106.219 100.783 96.898 97.607 110.751 119.809 154.952 168.116 175.862 181.900 193.044 177.718 165.080 168.545 143.374 152.628 136.434 134.572 138.571 129.113 131.319 111.119 -999.250 -999.250 -999.250 -999.250 -999.250 -999.250 -999.250 -999.250 -999.250 -999.250 -999.250 -999.250 -999.250 -999.250 -999.250 -999.250 -999.250 -999.250 -999.250 -999.250 -999.250 -999.250
18.391 16.875 23.690 20.080 19.858 26.926 34.063 37.406 39.506 43.678 41.418 59.307 60.253 63.559 65.393 66.899 73.704 90.650 104.892 93.300 115.713 122.582 119.263 110.990 110.610 102.823 113.695 95.500 135.457 135.744 147.648 174.990 176.316 176.367 164.738 162.158 163.705 155.041 148.305 164.274 166.356 141.277 134.543 128.444 124.869 -999.250 -999.250 -999.250 -999.250 -999.250 -999.250 -999.250 -999.250 -999.250 -999.250 -999.250 -999.250 -999.250 -999.250 -999.250 -999.250 -999.250 -999.250 -999.250 -999.250 -999.250 -999.250
16.222 18.360 20.276 12.883 22.400 26.415 27.503 26.079 32.740 37.146 47.665 52.529 49.610 63.265 61.256 66.867 92.856 88.045 101.255 112.985 121.818 124.131 132.128 109.289 104.406 114.715 118.825 94.908 144.434 146.214 142.742 161.144 162.794 166.227 156.854 141.261 155.351 145.573 148.440 146.660 158.021 149.336 118.267 117.552 131.447 -999.250 -999.250 -999.250 -999.250 -999.250 -999.250 -999.250 -999.250 -999.250 -999.250 -999.250 -999.250 -999.250 -999.250 -999.250 -999.250 -999.250 -999.250 -999.250 -999.250 -999.250 -999.250
15.136 16.932 21.831 19.445 23.444 29.545 25.351 26.249 24.797 31.330 38.041 42.583 46.439 55.040 67.881 74.702 74.640 80.969 94.549 107.500 126.672 135.037 142.593 125.012 120.355 133.645 113.619 116.244 133.961 153.901 160.156 138.616 131.244 158.075 144.672 137.570 142.279 148.638 144.777 150.199 157.143 135.756 123.676 122.403 -999.250 -999.250 -999.250 -999.250 -999.250 -999.250 -999.250 -999.250 -999.250 -999.250 -999.250 -999.250 -999.250 -999.250 -999.250 -999.250 -999.250 -999.250 -999.250 -999.250 -999.250 -999.250 -999.250
13.331 15.011 15.288 19.957 18.229 12.266 21.928 20.833 19.434 28.754 29.938 35.923 44.764 59.671 61.088 63.614 63.230 70.876 97.935 100.555 127.276 150.037 156.919 142.815 108.894 107.561 115.915 128.787 136.293 128.466 131.086 127.702 137.680 155.426 145.895 131.260 125.002 131.478 134.981 127.099 152.860 141.098 139.070 -999.250 -999.250 -999.250 -999.250 -999.250 -999.250 -999.250 -999.250 -999.250 -999.250 -999.250 -999.250 -999.250 -999.250 -999.250 -999.250 -999.250 -999.250 -999.250 -999.250 -999.250 -999.250 -999.250 -999.250
13.693 21.401 22.892 19.257 18.840 16.278 25.386 25.453 21.890 22.410 26.293 31.762 37.397 47.771 50.774 58.706 64.148 65.050 75.650 91.155 116.254 126.460 140.809 121.903 110.737 102.531 108.994 113.373 132.933 146.805 123.874 126.883 118.320 137.375 104.881 125.876 128.816 117.805 140.132 124.093 136.239 150.535 -999.250 -999.250 -999.250 -999.250 -999.250 -999.250 -999.250 -999.250 -999.250 -999.250 -999.250 -999.250 -999.250 -999.250 -999.250 -999.250 -999.250 -999.250 -999.250 -999.250 -999.250 -999.250 -999.250 -999.250 -999.250
15.277 16.402 21.635 25.541 24.533 17.628 15.273 26.298 20.658 20.309 27.655 32.905 36.534 42.721 38.188 49.248 58.589 69.060 73.794 85.457 101.268 122.068 117.279 125.493 110.448 115.409 113.632 127.058 126.102 133.264 130.693 129.156 139.799 127.748 132.502 138.193 117.284 121.627 126.295 149.673 148.129 141.285 -999.250 -999.250 -999.250 -999.250 -999.250 -999.250 -999.250 -999.250 -999.250 -999.250 -999.250 -999.250 -999.250 -999.250 -999.250 -999.250 -999.250 -999.250 -999.250 -999.250 -999.250 -999.250 -999.250 -999.250 -999.250
10.904 14.105 19.589 19.347 22.683 21.109 21.695 21.536 20.959 27.022 24.817 24.720 29.243 28.884 36.854 38.485 42.649 63.098 72.554 99.485 106.231 108.102 127.564 120.348 103.989 111.378 117.219 130.814 103.863 118.276 124.250 132.666 141.119 116.938 123.206 120.117 113.826 121.482 145.788 135.013 148.541 147.640 -999.250 -999.250 -999.250 -999.250 -999.250 -999.250 -999.250 -999.250 -999.250 -999.250 -999.250 -999.250 -999.250 -999.250 -999.250 -999.250 -999.250 -999.250 -999.250 -999.250 -999.250 -999.250 -999.250 -999.250 -999.250
13.751 13.262 13.839 17.489 19.650 15.622 16.911 14.904 14.779 17.013 16.723 18.520 24.584 26.003 27.735 36.025 49.275 52.338 66.014 72.618 81.975 89.628 106.622 102.235 109.323 99.414 117.021 115.937 105.033 105.503 130.229 119.253 136.584 114.264 115.302 116.164 123.207 113.897 121.873 113.683 130.374 150.726 -999.250 -999.250 -999.250 -999.250 -999.250 -999.250 -999.250 -999.250 -999.250 -999.250 -999.250 -999.250 -999.250 -999.250 -999.250 -999.250 -999.250 -999.250 -999.250 -999.250 -999.250 -999.250 -999.250 -999.250 -999.250
16.107 16.609 13.702 16.887 20.275 13.500 16.945 19.196 11.101 13.169 17.253 16.791 16.501 18.074 23.936 33.530 38.120 41.103 53.690 57.576 70.123 83.668 98.929 98.811 94.938 112.169 121.523 110.534 123.142 122.979 108.574 120.626 128.891 129.042 109.759 105.395 102.346 132.921 114.936 128.327 126.899 -999.250 -999.250 -999.250 -999.250 -999.250 -999.250 -999.250 -999.250 -999.250 -999.250 -999.250 -999.250 -999.250 -999.250 -999.250 -999.250 -999.250 -999.250 -999.250 -999.250 -999.250 -999.250 -999.250 -999.250 -999.250 -999.250
17.737 20.581 20.616 15.649 17.231 16.436 13.315 13.671 13.479 11.239 15.204 15.815 8.331 9.101 17.434 24.148 33.463 37.214 41.444 56.583 53.229 67.003 82.166 86.523 95.024 97.457 113.612 112.064 105.291 100.446 100.736 112.477 134.320 121.422 109.025 109.245 109.830 106.299 124.756 113.735 114.068 -999.250 -999.250 -999.250 -999.250 -999.250 -999.250 -999.250 -999.250 -999.250 -999.250 -999.250 -999.250 -999.250 -999.250 -999.250 -999.250 -999.250 -999.250 -999.250 -999.250 -999.250 -999.250 -999.250 -999.250 -999.250 -999.250
17.594 17.351 19.762 19.140 20.452 15.674 12.579 12.091 13.888 10.948 6.012 7.199 1.734 4.297 13.676 16.771 27.573 34.932 40.750 47.272 47.431 60.300 63.281 75.743 86.116 80.094 84.757 105.246 104.935 102.615 105.444 116.023 123.712 98.574 97.346 110.715 119.002 125.873 125.940 119.206 127.915 -999.250 -999.250 -999.250 -999.250 -999.250 -999.250 -999.250 -999.250 -999.250 -999.250 -999.250 -999.250 -999.250 -999.250 -999.250 -999.250 -999.250 -999.250 -999.250 -999.250 -999.250 -999.250 -999.250 -999.250 -999.250 -999.250
20.387 19.186 21.251 20.143 19.851 16.973 16.895 12.342 13.429 12.408 2.813 3.617 0.000 4.347 12.638 20.789 22.947 31.316 35.161 34.576 43.760 61.430 61.578 60.774 54.510 64.416 66.600 93.950 118.260 107.399 97.898 106.390 112.662 116.737 90.258 106.743 122.489 131.050 128.822 120.788 126.337 -999.250 -999.250 -999.250 -999.250 -999.250 -999.250 -999.250 -999.250 -999.250 -999.250 -999.250 -999.250 -999.250 -999.250 -999.250 -999.250 -999.250 -999.250 -999.250 -999.250 -999.250 -999.250 -999.250 -999.250 -999.250 -999.250
27.932 21.732 28.243 23.381 18.767 21.532 18.654 15.844 12.916 9.362 2.847 0.000 0.987 0.431 6.686 16.293 27.998 29.692 34.337 39.628 41.361 47.908 50.389 59.760 73.787 67.755 75.726 97.908 88.434 83.657 88.815 107.372 119.110 123.260 95.603 107.157 116.628 125.068 116.463 123.757 -999.250 -999.250 -999.250 -999.250 -999.250 -999.250 -999.250 -999.250 -999.250 -999.250 -999.250 -999.250 -999.250 -999.250 -999.250 -999.250 -999.250 -999.250 -999.250 -999.250 -999.250 -999.250 -999.250 -999.250 -999.250 -999.250 -999.250
31.248 27.715 27.426 26.321 21.569 21.558 13.476 15.207 10.302 6.245 8.194 5.113 4.733 2.607 7.690 16.771 19.537 27.862 29.200 -999.250 -999.250 -999.250 -999.250 64.222 86.237 68.420 82.502 92.161 -999.250 -999.250 -999.250 -999.250 -999.250 -999.250 -999.250 -999.250 -999.250 -999.250 -999.250 -999.250 -999.250 -999.250 -999.250 -999.250 -999.250 -999.250 -999.250 -999.250 -999.250 -999.250 -999.250 -999.250 -999.250 -999.250 -999.250 -999.250 -999.250 -999.250 -999.250 -999.250 -999.250 -999.250 -999.250 -999.250 -999.250 -999.250 -999.250
22.630 30.981 28.713 28.100 26.933 18.908 20.447 11.375 10.251 7.585 7.344 7.582 7.795 6.325 9.902 14.383 17.276 25.534 24.544 -999.250 -999.250 -999.250 -999.250 -999.250 -999.250 -999.250 -999.250 -999.250 -999.250 -999.250 -999.250 -999.250 -999.250 -999.250 -999.250 -999.250 -999.250 -999.250 -999.250 -999.250 -999.250 -999.250 -999.250 -999.250 -999.250 -999.250 -999.250 -999.250 -999.250 -999.250 -999.250 -999.250 -999.250 -999.250 -999.250 -999.250 -999.250 -999.250 -999.250 -999.250 -999.250 -999.250 -999.250 -999.250 -999.250 -999.250 -999.250
25.504 26.115 26.951 24.298 19.708 14.421 21.505 14.835 9.676 7.462 10.572 12.159 11.891 11.719 12.562 5.658 9.491 17.826 19.943 -999.250 -999.250 -999.250 -999.250 -999.250 -999.250 -999.250 -999.250 -999.250 -999.250 -999.250 -999.250 -999.250 -999.250 -999.250 -999.250 -999.250 -999.250 -999.250 -999.250 -999.250 -999.250 -999.250 -999.250 -999.250 -999.250 -999.250 -999.250 -999.250 -999.250 -999.250 -999.250 -999.250 -999.250 -999.250 -999.250 -999.250 -999.250 -999.250 -999.250 -999.250 -999.250 -999.250 -999.250 -999.250 -999.250 -999.250 -999.250
20.515 25.589 22.590 24.361 21.556 17.214 18.918 16.118 14.589 14.300 12.451 10.450 13.596 10.256 8.391 9.950 4.599 12.772 10.015 14.822 -999.250 -999.250 -999.250 -999.250 -999.250 -999.250 -999.250 -999.250 -999.250 -999.250 -999.250 -999.250 -999.250 -999.250 -999.250 -999.250 -999.250 -999.250 -999.250 -999.250 -999.250 -999.250 -999.250 -999.250 -999.250 -999.250 -999.250 -999.250 -999.250 -999.250 -999.250 -999.250 -999.250 -999.250 -999.250 -999.250 -999.250 -999.250 -999.250 -999.250 -999.250 -999.250 -999.250 -999.250 -999.250 -999.250 -999.250
27.648 26.293 22.119 21.322 16.646 21.821 21.389 18.331 13.333 11.099 11.517 14.219 13.047 10.078 7.372 10.105 5.287 3.270 4.406 4.732 5.738 -999.250 -999.250 -999.250 -999.250 -999.250 -999.250 -999.250 -999.250 -999.250 -999.250 -999.250 -999.250 -999.250 -999.250 -999.250 -999.250 -999.250 -999.250 -999.250 -999.250 -999.250 -999.250 -999.250 -999.250 -999.250 -999.250 -999.250 -999.250 -999.250 -999.250 -999.250 -999.250 -999.250 -999.250 -999.250 -999.250 -999.250 -999.250 -999.250 -999.250 -999.250 -999.250 -999.250 -999.250 -999.250 -999.250
28.475 21.557 22.476 17.371 16.008 15.947 14.570 16.129 18.103 10.677 6.864 12.681 10.015 11.780 5.571 3.544 0.000 0.000 0.000 0.000 0.000 1.001 -999.250 -999.250 -999.250 -999.250 -999.250 -999.250 -999.250 -999.250 -999.250 -999.250 -999.250 -999.250 -999.250 -999.250 -999.250 -999.250 -999.250 -999.250 -999.250 -999.250 -999.250 -999.250 -999.250 -999.250 -999.250 -999.250 -999.250 -999.250 -999.250 -999.250 -999.250 -999.250 -999.250 -999.250 -999.250 -999.250 -999.250 -999.250 -999.250 -999.250 -999.250 -999.250 -999.250 -999.250 -999.250
20.331 16.481 17.542 13.530 13.717 15.750 13.924 16.211 10.356 15.257 14.687 14.505 16.360 9.776 1.490 0.000 0.000 0.000 0.000 0.000 0.000 0.000 -999.250 -999.250 -999.250 -999.250 -999.250 -999.250 -999.250 -999.250 -999.250 -999.250 -999.250 -999.250 -999.250 -999.250 -999.250 -999.250 -999.250 -999.250 -999.250 -999.250 -999.250 -999.250 -999.250 -999.250 -999.250 -999.250 -999.250 -999.250 -999.250 -999.250 -999.250 -999.250 -999.250 -999.250 -999.250 -999.250 -999.250 -999.250 -999.250 -999.250 -999.250 -999.250 -999.250 -999.250 -999.250
13.044 12.498 15.674 12.567 13.705 15.024 12.108 14.012 13.455 13.929 13.436 16.258 15.016 8.701 0.000 0.000 0.000 0.000 0.000 0.000 0.000 0.000 0.000 10.761 -999.250 -999.250 -999.250 -999.250 -999.250 -999.250 -999.250 -999.250 -999.250 -999.250 -999.250 -999.250 -999.250 -999.250 -999.250 -999.250 -999.250 -999.250 -999.250 -999.250 -999.250 -999.250 -999.250 -999.250 -999.250 -999.250 -999.250 -999.250 -999.250 -999.250 -999.250 -999.250 -999.250 -999.250 -999.250 -999.250 -999.250 -999.250 -999.250 -999.250 -999.250 -999.250 -999.250
9.768 9.015 7.448 9.023 10.992 16.542 17.012 17.780 10.772 15.997 14.548 16.534 10.689 4.329 0.000 0.000 0.000 0.000 0.000 0.000 0.000 0.000 0.000 7.676 37.022 -999.250 -999.250 -999.250 -999.250 -999.250 -999.250 -999.250 -999.250 -999.250 -999.250 -999.250 -999.250 -999.250 -999.250 -999.250 -999.250 -999.250 -999.250 -999.250 -999.250 -999.250 -999.250 -999.250 -999.250 -999.250 -999.250 -999.250 -999.250 -999.250 -999.250 -999.250 -999.250 -999.250 -999.250 -999.250 -999.250 -999.250 -999.250 -999.250 -999.250 -999.250 -999.250
7.196 1.981 0.798 4.748 10.409 12.185 13.604 11.635 14.444 10.536 15.987 12.812 12.894 3.648 0.000 0.000 0.000 0.000 0.000 0.000 0.000 0.000 0.000 0.787 44.847 -999.250 -999.250 -999.250 -999.250 -999.250 -999.250 -999.250 -999.250 -999.250 -999.250 -999.250 -999.250 -999.250 -999.250 -999.250 -999.250 -999.250 -999.250 -999.250 -999.250 -999.250 -999.250 -999.250 -999.250 -999.250 -999.250 -999.250 -999.250 -999.250 -999.250 -999.250 -999.250 -999.250 -999.250 -999.250 -999.250 -999.250 -999.250 -999.250 -999.250 -999.250 -999.250
8.880 0.000 0.000 5.631 7.964 10.508 9.740 13.836 12.427 14.740 13.677 14.261 9.188 1.912 0.000 0.000 0.000 0.000 0.000 3.488 0.623 4.733 7.201 0.000 75.248 146.387 175.680 188.226 -999.250 -999.250 -999.250 -999.250 -999.250 -999.250 -999.250 -999.250 -999.250 -999.250 -999.250 -999.250 -999.250 -999.250 -999.250 -999.250 -999.250 -999.250 -999.250 -999.250 -999.250 -999.250 -999.250 -999.250 -999.250 -999.250 -999.250 -999.250 -999.250 -999.250 -999.250 -999.250 -999.250 -999.250 -999.250 -999.250 -999.250 -999.250 -999.250
8.310 2.577 2.711 6.987 11.095 12.702 11.116 14.455 15.025 17.171 13.337 10.722 10.506 2.723 0.000 0.000 0.000 0.000 3.145 14.308 30.401 35.677 49.317 64.744 131.828 188.548 210.939 233.427 253.727 -999.250 -999.250 -999.250 -999.250 -999.250 -999.250 -999.250 -999.250 -999.250 -999.250 -999.250 -999.250 -999.250 -999.250 -999.250 -999.250 -999.250 -999.250 -999.250 -999.250 -999.250 -999.250 -999.250 -999.250 -999.250 -999.250 -999.250 -999.250 -999.250 -999.250 -999.250 -999.250 -999.250 -999.250 -999.250 -999.250 -999.250 -999.250
