data/medianmodel_07-Jan-2021.asc
ncols	141
nrows	288
xllcorner	-120191.398
yllcorner	-301404.813
cellsize	2000.000
NODATA_value	-999.250
[rows 145 to 173 of 288, columns 64 to 127 of 141]
1037.209 1116.893 1118.800 1195.578 1194.610 1248.103 1320.467 1376.372 1357.550 1385.167 1471.263 1603.872 1550.932 1581.491 1646.057 1735.279 1809.169 1897.377 1632.076 1385.242 1067.883 862.870 676.730 547.229 397.954 320.985 268.405 -999.250 -999.250 -999.250 -999.250 -999.250 -999.250 -999.250 -999.250 -999.250 -999.250 -999.250 -999.250 -999.250 -999.250 -999.250 -999.250 -999.250 -999.250 -999.250 -999.250 -999.250 -999.250 -999.250 -999.250 -999.250 -999.250 -999.250 -999.250 -999.250 -999.250 -999.250 -999.250 -999.250 -999.250 -999.250 -999.250 -999.250
991.664 1028.959 1064.878 1079.557 1171.337 1265.882 1322.012 1356.254 1401.112 1476.382 1516.611 1613.194 1594.797 1612.001 1699.191 1720.559 1745.974 1766.516 1630.010 1327.730 1094.887 866.588 681.711 549.544 388.434 276.871 202.647 187.404 -999.250 -999.250 -999.250 -999.250 -999.250 -999.250 -999.250 -999.250 -999.250 -999.250 -999.250 -999.250 -999.250 -999.250 -999.250 -999.250 -999.250 -999.250 -999.250 -999.250 -999.250 -999.250 -999.250 -999.250 -999.250 -999.250 -999.250 -999.250 -999.250 -999.250 -999.250 -999.250 -999.250 -999.250 -999.250 -999.250
908.509 954.391 1041.252 1062.709 1142.168 1226.465 1302.627 1393.705 1434.419 1509.023 1554.311 1658.044 1630.407 1650.236 1703.555 1695.712 1751.769 1648.089 1567.505 1342.792 1108.867 867.221 679.811 521.850 368.796 200.463 121.840 164.077 -999.250 -999.250 -999.250 -999.250 -999.250 -999.250 -999.250 -999.250 -999.250 -999.250 -999.250 -999.250 -999.250 -999.250 -999.250 -999.250 -999.250 -999.250 -999.250 -999.250 -999.250 -999.250 -999.250 -999.250 -999.250 -999.250 -999.250 -999.250 -999.250 -999.250 -999.250 -999.250 -999.250 -999.250 -999.250 -999.250
869.347 934.003 960.492 1063.724 1081.322 1164.572 1212.116 1365.894 1370.945 1553.313 1622.989 1635.596 1632.950 1640.805 1672.445 1711.631 1664.706 1595.964 1523.065 1302.570 1071.575 848.245 668.660 508.071 359.327 199.088 68.517 175.076 254.604 344.156 359.307 -999.250 -999.250 -999.250 -999.250 -999.250 -999.250 -999.250 -999.250 -999.250 -999.250 -999.250 -999.250 -999.250 -999.250 -999.250 -999.250 -999.250 -999.250 -999.250 -999.250 -999.250 -999.250 -999.250 -999.250 -999.250 -999.250 -999.250 -999.250 -999.250 -999.250 -999.250 -999.250 -999.250
805.603 877.531 944.720 1025.456 1103.154 1121.827 1222.933 1285.755 1419.822 1551.403 1663.598 1650.311 1665.541 1669.579 1633.627 1611.643 1660.052 1611.397 1410.181 1259.151 1055.911 863.725 680.820 516.375 376.446 283.704 214.783 256.914 349.017 356.239 399.538 465.473 -999.250 -999.250 -999.250 -999.250 -999.250 -999.250 -999.250 -999.250 -999.250 -999.250 -999.250 -999.250 -999.250 -999.250 -999.250 -999.250 -999.250 -999.250 -999.250 -999.250 -999.250 -999.250 -999.250 -999.250 -999.250 -999.250 -999.250 -999.250 -999.250 -999.250 -999.250 -999.250
803.619 849.897 921.765 997.298 1015.576 1079.821 1177.119 1277.154 1407.736 1535.079 1633.956 1621.504 1704.229 1642.829 1657.507 1629.710 1626.761 1527.465 1339.225 1201.260 1025.319 850.366 675.067 561.457 449.323 385.319 362.364 376.673 394.804 418.320 450.958 -999.250 -999.250 -999.250 -999.250 -999.250 -999.250 -999.250 -999.250 -999.250 -999.250 -999.250 -999.250 -999.250 -999.250 -999.250 -999.250 -999.250 -999.250 -999.250 -999.250 -999.250 -999.250 -999.250 -999.250 -999.250 -999.250 -999.250 -999.250 -999.250 -999.250 -999.250 -999.250 -999.250
739.103 830.608 861.753 938.092 1002.443 1044.637 1136.689 1234.199 1393.096 1541.881 1599.581 1595.548 1671.835 1705.684 1661.265 1605.132 1559.892 1485.691 1336.981 1152.798 1001.390 896.155 717.248 617.190 570.371 495.065 482.026 466.172 501.747 506.145 535.158 -999.250 -999.250 -999.250 -999.250 -999.250 -999.250 -999.250 -999.250 -999.250 -999.250 -999.250 -999.250 -999.250 -999.250 -999.250 -999.250 -999.250 -999.250 -999.250 -999.250 -999.250 -999.250 -999.250 -999.250 -999.250 -999.250 -999.250 -999.250 -999.250 -999.250 -999.250 -999.250 -999.250
766.341 815.975 821.211 918.309 980.738 1056.046 1175.704 1259.803 1381.016 1517.258 1539.882 1606.641 1633.999 1632.966 1594.482 1603.075 1485.024 1403.804 1199.247 1167.744 1013.201 902.083 784.560 664.846 612.983 581.726 582.792 589.318 608.083 595.518 551.085 -999.250 -999.250 -999.250 -999.250 -999.250 -999.250 -999.250 -999.250 -999.250 -999.250 -999.250 -999.250 -999.250 -999.250 -999.250 -999.250 -999.250 -999.250 -999.250 -999.250 -999.250 -999.250 -999.250 -999.250 -999.250 -999.250 -999.250 -999.250 -999.250 -999.250 -999.250 -999.250 -999.250
703.664 744.111 810.596 896.491 949.455 1071.416 1114.512 1301.927 1453.187 1556.014 1569.148 1535.827 1591.995 1637.304 1609.366 1630.380 1560.392 1405.115 1276.796 1151.345 1031.297 930.804 839.082 751.182 656.402 625.833 642.706 655.372 668.101 643.480 581.927 -999.250 -999.250 -999.250 -999.250 -999.250 -999.250 -999.250 -999.250 -999.250 -999.250 -999.250 -999.250 -999.250 -999.250 -999.250 -999.250 -999.250 -999.250 -999.250 -999.250 -999.250 -999.250 -999.250 -999.250 -999.250 -999.250 -999.250 -999.250 -999.250 -999.250 -999.250 -999.250 -999.250
695.919 747.186 789.084 849.108 991.973 1052.568 1141.454 1308.012 1391.844 1497.345 1541.042 1548.805 1542.644 1632.828 1608.291 1565.796 1547.142 1419.519 1275.023 1171.221 1057.559 953.967 822.878 785.361 705.091 669.385 636.749 674.562 732.113 662.588 595.506 -999.250 -999.250 -999.250 -999.250 -999.250 -999.250 -999.250 -999.250 -999.250 -999.250 -999.250 -999.250 -999.250 -999.250 -999.250 -999.250 -999.250 -999.250 -999.250 -999.250 -999.250 -999.250 -999.250 -999.250 -999.250 -999.250 -999.250 -999.250 -999.250 -999.250 -999.250 -999.250 -999.250
635.530 683.461 757.005 877.106 945.884 1088.822 1147.565 1228.143 1386.357 1465.426 1486.526 1497.407 1523.202 1568.030 1584.092 1576.420 1546.614 1477.339 1389.240 1257.166 1132.141 1005.425 887.928 800.001 735.094 668.722 648.818 634.354 645.488 624.666 604.507 -999.250 -999.250 -999.250 -999.250 -999.250 -999.250 -999.250 -999.250 -999.250 -999.250 -999.250 -999.250 -999.250 -999.250 -999.250 -999.250 -999.250 -999.250 -999.250 -999.250 -999.250 -999.250 -999.250 -999.250 -999.250 -999.250 -999.250 -999.250 -999.250 -999.250 -999.250 -999.250 -999.250
590.306 659.867 735.268 861.786 937.038 982.900 1094.483 1238.085 1416.427 1454.792 1466.950 1505.981 1581.510 1560.548 1598.303 1605.793 1606.530 1486.504 1398.973 1273.815 1153.203 1026.702 926.503 836.882 727.630 648.976 618.727 594.129 574.829 566.687 546.546 535.730 -999.250 -999.250 -999.250 -999.250 -999.250 -999.250 -999.250 -999.250 -999.250 -999.250 -999.250 -999.250 -999.250 -999.250 -999.250 -999.250 -999.250 -999.250 -999.250 -999.250 -999.250 -999.250 -999.250 -999.250 -999.250 -999.250 -999.250 -999.250 -999.250 -999.250 -999.250 -999.250
575.412 646.374 693.598 819.509 887.952 926.234 1011.071 1205.823 1320.943 1444.172 1463.048 1505.711 1585.833 1577.833 1602.841 1609.159 1580.244 1586.468 1468.473 1323.083 1142.440 1053.718 939.665 822.899 706.429 613.947 567.400 539.572 486.336 464.484 434.976 426.176 432.639 -999.250 -999.250 -999.250 -999.250 -999.250 -999.250 -999.250 -999.250 -999.250 -999.250 -999.250 -999.250 -999.250 -999.250 -999.250 -999.250 -999.250 -999.250 -999.250 -999.250 -999.250 -999.250 -999.250 -999.250 -999.250 -999.250 -999.250 -999.250 -999.250 -999.250 -999.250
569.413 617.068 663.716 757.066 860.491 936.550 996.703 1081.191 1266.255 1365.853 1358.578 1513.760 1615.672 1564.848 1612.950 1577.592 1567.493 1587.033 1462.215 1374.241 1190.082 1067.071 893.633 753.563 680.950 595.637 464.550 457.695 421.050 400.690 386.299 355.367 328.998 336.128 -999.250 -999.250 -999.250 -999.250 -999.250 -999.250 -999.250 -999.250 -999.250 -999.250 -999.250 -999.250 -999.250 -999.250 -999.250 -999.250 -999.250 -999.250 -999.250 -999.250 -999.250 -999.250 -999.250 -999.250 -999.250 -999.250 -999.250 -999.250 -999.250 -999.250
510.121 573.175 657.914 725.328 780.592 860.209 951.391 1019.908 1117.033 1215.266 1355.476 1501.005 1566.756 1598.856 1629.929 1579.127 1583.729 1521.170 1453.682 1322.705 1189.682 1070.153 924.354 823.673 695.438 577.741 486.651 409.870 364.532 321.303 304.412 281.217 299.582 256.358 -999.250 -999.250 -999.250 -999.250 -999.250 -999.250 -999.250 -999.250 -999.250 -999.250 -999.250 -999.250 -999.250 -999.250 -999.250 -999.250 -999.250 -999.250 -999.250 -999.250 -999.250 -999.250 -999.250 -999.250 -999.250 -999.250 -999.250 -999.250 -999.250 -999.250
496.328 526.877 601.335 668.575 748.641 799.141 907.515 997.639 1097.829 1188.917 1361.083 1429.808 1505.996 1512.438 1574.873 1598.945 1606.805 1566.358 1438.986 1312.464 1129.331 1034.202 925.005 806.021 679.590 577.304 461.181 385.303 325.278 295.028 234.862 230.131 229.377 211.236 -999.250 -999.250 -999.250 -999.250 -999.250 -999.250 -999.250 -999.250 -999.250 -999.250 -999.250 -999.250 -999.250 -999.250 -999.250 -999.250 -999.250 -999.250 -999.250 -999.250 -999.250 -999.250 -999.250 -999.250 -999.250 -999.250 -999.250 -999.250 -999.250 -999.250
520.253 552.633 612.927 666.738 737.503 749.975 847.106 972.317 1069.168 1144.550 1203.178 1333.639 1411.431 1460.615 1492.075 1534.328 1586.296 1497.770 1421.970 1292.781 1098.273 984.130 881.101 752.216 638.450 567.582 435.356 362.697 292.790 251.431 200.345 193.196 174.513 144.151 -999.250 -999.250 -999.250 -999.250 -999.250 -999.250 -999.250 -999.250 -999.250 -999.250 -999.250 -999.250 -999.250 -999.250 -999.250 -999.250 -999.250 -999.250 -999.250 -999.250 -999.250 -999.250 -999.250 -999.250 -999.250 -999.250 -999.250 -999.250 -999.250 -999.250
538.944 562.097 611.850 647.482 689.836 762.496 861.102 932.824 995.474 1071.965 1164.226 1257.059 1376.476 1364.734 1437.421 1500.702 1537.747 1555.751 1492.615 1283.611 1080.397 976.219 842.125 705.244 599.255 506.023 400.818 335.794 266.746 198.969 171.510 128.699 135.352 153.508 -999.250 -999.250 -999.250 -999.250 -999.250 -999.250 -999.250 -999.250 -999.250 -999.250 -999.250 -999.250 -999.250 -999.250 -999.250 -999.250 -999.250 -999.250 -999.250 -999.250 -999.250 -999.250 -999.250 -999.250 -999.250 -999.250 -999.250 -999.250 -999.250 -999.250
553.495 572.935 604.111 624.463 675.080 737.614 769.008 862.531 921.323 1012.347 1066.471 1145.011 1209.935 1258.826 1349.911 1397.999 1536.179 1579.779 1428.895 1213.530 1042.323 934.418 805.967 688.027 562.384 481.580 396.615 345.418 238.560 179.609 160.135 123.249 110.789 102.121 119.602 -999.250 -999.250 -999.250 -999.250 -999.250 -999.250 -999.250 -999.250 -999.250 -999.250 -999.250 -999.250 -999.250 -999.250 -999.250 -999.250 -999.250 -999.250 -999.250 -999.250 -999.250 -999.250 -999.250 -999.250 -999.250 -999.250 -999.250 -999.250 -999.250
583.070 584.298 596.595 661.978 684.419 722.993 753.987 797.331 844.862 931.716 947.220 1062.772 1099.613 1118.395 1235.606 1361.122 1398.825 1399.958 1257.385 1137.590 972.638 865.202 730.760 636.122 549.081 438.424 353.557 275.125 215.821 156.874 156.612 112.332 83.474 89.638 101.611 129.869 -999.250 -999.250 -999.250 -999.250 -999.250 -999.250 -999.250 -999.250 -999.250 -999.250 -999.250 -999.250 -999.250 -999.250 -999.250 -999.250 -999.250 -999.250 -999.250 -999.250 -999.250 -999.250 -999.250 -999.250 -999.250 -999.250 -999.250 -999.250
589.795 611.422 627.033 650.482 690.541 691.658 730.488 804.465 833.731 914.594 933.984 943.989 987.433 1045.036 1126.029 1132.270 1217.339 1192.369 1113.336 1007.163 898.863 786.908 683.659 577.951 528.317 408.170 339.934 249.005 199.555 162.766 124.020 88.345 76.158 75.595 77.388 137.512 165.421 219.585 260.644 -999.250 -999.250 -999.250 -999.250 -999.250 -999.250 -999.250 -999.250 -999.250 -999.250 -999.250 -999.250 -999.250 -999.250 -999.250 -999.250 -999.250 -999.250 -999.250 -999.250 -999.250 -999.250 -999.250 -999.250 -999.250
655.934 647.838 661.226 651.392 670.545 710.299 703.822 736.105 753.490 840.718 858.688 868.438 917.630 914.828 944.479 975.720 1056.831 1060.925 963.939 891.236 847.598 744.140 647.116 564.724 474.955 390.214 315.981 250.255 183.537 155.260 97.822 85.121 66.281 69.066 70.605 111.948 135.773 162.677 238.627 -999.250 -999.250 -999.250 -999.250 -999.250 -999.250 -999.250 -999.250 -999.250 -999.250 -999.250 -999.250 -999.250 -999.250 -999.250 -999.250 -999.250 -999.250 -999.250 -999.250 -999.250 -999.250 -999.250 -999.250 -999.250
671.124 663.236 651.140 652.816 678.688 681.347 681.949 706.869 734.137 749.501 746.577 788.123 831.215 807.532 859.790 895.978 904.510 904.871 845.036 759.077 725.756 686.801 594.273 515.199 449.959 380.668 293.563 231.422 205.251 138.149 97.826 84.866 73.405 69.364 75.121 90.883 125.137 190.168 -999.250 -999.250 -999.250 -999.250 -999.250 -999.250 -999.250 -999.250 -999.250 -999.250 -999.250 -999.250 -999.250 -999.250 -999.250 -999.250 -999.250 -999.250 -999.250 -999.250 -999.250 -999.250 -999.250 -999.250 -999.250 -999.250
716.014 694.699 670.065 648.975 661.433 673.528 661.324 662.295 707.335 675.183 699.332 702.887 717.903 753.004 759.847 757.290 771.078 747.091 709.809 683.967 650.181 614.087 549.591 505.754 411.396 357.654 296.533 224.564 193.758 148.725 116.082 94.187 80.109 72.355 76.850 96.000 134.198 185.824 -999.250 -999.250 -999.250 379.418 407.045 446.797 -999.250 -999.250 -999.250 -999.250 -999.250 -999.250 -999.250 -999.250 -999.250 -999.250 -999.250 -999.250 -999.250 -999.250 -999.250 -999.250 -999.250 -999.250 -999.250 -999.250
745.987 713.120 709.373 689.108 649.561 657.968 638.844 652.361 656.306 636.232 642.378 644.316 652.142 658.534 657.763 653.849 668.931 654.377 643.366 622.192 591.354 566.425 514.982 440.436 409.048 343.788 298.931 207.570 203.646 157.709 133.560 130.736 102.109 102.590 106.383 139.237 175.304 215.098 261.856 302.349 340.889 403.794 428.592 485.740 514.794 -999.250 -999.250 -999.250 -999.250 -999.250 -999.250 -999.250 -999.250 -999.250 -999.250 -999.250 -999.250 -999.250 -999.250 -999.250 -999.250 -999.250 -999.250 -999.250
776.403 780.604 742.667 736.278 665.666 648.453 612.197 618.374 607.800 623.172 614.961 626.720 610.228 613.796 608.231 585.352 571.621 588.101 585.742 581.285 566.833 535.741 515.822 433.936 382.434 349.284 300.802 246.765 210.141 186.892 214.709 173.439 166.202 168.019 170.620 206.964 221.896 259.145 321.228 357.376 370.235 420.578 494.509 546.101 567.029 594.942 -999.250 -999.250 -999.250 -999.250 -999.250 -999.250 -999.250 -999.250 -999.250 -999.250 -999.250 -999.250 -999.250 -999.250 -999.250 -999.250 -999.250 -999.250
874.167 846.774 782.207 748.323 711.575 650.764 622.939 612.389 623.710 599.116 575.131 580.807 572.908 572.157 563.993 563.398 519.418 547.717 549.146 563.527 540.743 523.400 509.044 454.170 400.385 371.150 316.208 304.563 260.577 280.704 261.414 234.230 251.904 253.543 239.977 305.791 298.591 333.209 358.935 403.098 418.728 503.968 549.816 572.947 604.562 622.388 -999.250 -999.250 -999.250 -999.250 -999.250 -999.250 -999.250 -999.250 -999.250 -999.250 -999.250 -999.250 -999.250 -999.250 -999.250 -999.250 -999.250 -999.250
933.845 868.915 832.465 794.513 726.742 679.121 644.086 621.914 613.491 563.478 566.787 553.795 550.425 551.091 548.878 548.598 534.554 534.606 542.085 549.760 551.637 522.630 533.235 507.726 453.383 427.120 378.323 336.135 323.869 346.491 351.822 337.338 362.093 383.528 353.513 351.682 373.946 386.552 438.567 464.787 498.405 537.972 596.904 611.616 625.303 640.994 -999.250 -999.250 -999.250 -999.250 -999.250 -999.250 -999.250 -999.250 -999.250 -999.250 -999.250 -999.250 -999.250 -999.250 -999.250 -999.250 -999.250 -999.250
1010.673 951.514 903.674 848.912 767.236 700.362 669.248 640.835 603.460 579.918 568.000 545.664 538.786 533.735 506.556 534.970 530.018 538.194 543.958 545.000 566.152 563.828 552.320 540.249 531.022 514.690 503.218 446.399 437.399 455.440 461.570 470.560 468.853 469.745 443.770 475.046 494.037 472.297 513.662 548.550 568.847 600.539 605.902 656.870 660.443 675.712 681.395 -999.250 -999.250 -999.250 -999.250 -999.250 -999.250 -999.250 -999.250 -999.250 -999.250 -999.250 -999.250 -999.250 -999.250 -999.250 -999.250 -999.250
