data/medianmodel_30-Jan-2021.asc
ncols	141
nrows	288
xllcorner	-120191.398
yllcorner	-301404.813
cellsize	2000.000
NODATA_value	-999.250
[rows 112 to 139 of 288, columns 0 to 62 of 141]
-999.250 -999.250 -999.250 -999.250 -999.250 -999.250 -999.250 -999.250 -999.250 -999.250 -999.250 -999.250 -999.250 -999.250 -999.250 -999.250 -999.250 -999.250 -999.250 -999.250 -999.250 -999.250 -999.250 -999.250 -999.250 -999.250 -999.250 -999.250 1077.303 1085.566 1083.114 1176.267 1182.252 1247.280 1343.493 1349.513 1480.941 1546.642 1627.332 1676.680 1764.497 1810.131 1865.145 1995.141 2045.787 2055.595 2170.729 2103.773 2153.802 2067.645 2035.995 1953.903 1789.534 1552.383 1335.663 1200.606 1484.644 1855.066 2146.194 2391.749 2636.751 2626.078 2622.926
-999.250 -999.250 -999.250 -999.250 -999.250 -999.250 -999.250 -999.250 -999.250 -999.250 -999.250 -999.250 -999.250 -999.250 -999.250 -999.250 -999.250 -999.250 -999.250 -999.250 -999.250 -999.250 -999.250 -999.250 -999.250 -999.250 -999.250 -999.250 1056.076 1111.883 1090.320 1131.369 1192.614 1226.230 1252.547 1317.201 1329.583 1377.864 1525.533 1596.442 1711.480 1761.221 1814.471 1956.427 1970.864 2007.556 2125.263 2197.104 2202.097 2183.315 2122.419 2038.086 1854.282 1672.348 1514.177 1415.727 1610.796 1906.305 2164.893 2318.370 2441.291 2479.406 2535.873
-999.250 -999.250 -999.250 -999.250 -999.250 -999.250 -999.250 -999.250 -999.250 -999.250 -999.250 -999.250 -999.250 -999.250 -999.250 -999.250 -999.250 -999.250 -999.250 -999.250 -999.250 -999.250 -999.250 -999.250 -999.250 -999.250 -999.250 -999.250 1027.605 1077.703 1063.672 1099.655 1125.766 1186.971 1202.903 1239.890 1282.128 1340.369 1367.688 1433.684 1533.882 1713.738 1844.671 1925.796 2006.259 2081.918 2228.323 2261.227 2274.905 2302.754 2169.653 2079.976 1950.972 1808.440 1710.239 1651.266 1706.025 1832.351 2088.097 2224.780 2283.523 2350.828 2355.684
-999.250 -999.250 -999.250 -999.250 -999.250 -999.250 -999.250 -999.250 -999.250 -999.250 -999.250 -999.250 -999.250 -999.250 -999.250 -999.250 -999.250 -999.250 -999.250 -999.250 -999.250 -999.250 -999.250 -999.250 -999.250 -999.250 -999.250 1043.033 1056.507 1074.212 1049.348 1066.219 1129.268 1170.951 1156.414 1250.272 1286.330 1276.244 1268.789 1261.682 1469.708 1680.709 1835.018 1938.169 2072.397 2238.358 2290.911 2295.697 2308.026 2348.376 2353.303 2213.482 2059.604 1930.258 1827.892 1754.477 1815.843 1915.492 2034.608 2104.206 2167.855 2262.962 2254.605
-999.250 -999.250 -999.250 -999.250 -999.250 -999.250 -999.250 -999.250 -999.250 -999.250 -999.250 -999.250 -999.250 -999.250 -999.250 -999.250 -999.250 -999.250 -999.250 -999.250 -999.250 -999.250 -999.250 -999.250 -999.250 -999.250 -999.250 1034.010 1024.674 1031.940 1071.572 1081.502 1096.042 1106.232 1190.254 1235.905 1276.992 1287.774 1315.121 1358.986 1488.432 1698.227 1872.228 2018.516 2179.069 2293.717 2354.851 2366.319 2434.857 2390.191 2339.651 2241.462 2124.461 2000.393 1926.658 1889.123 1928.615 1952.633 2010.347 2028.458 2087.319 2158.412 2119.529
-999.250 -999.250 -999.250 -999.250 -999.250 -999.250 -999.250 -999.250 -999.250 -999.250 -999.250 -999.250 -999.250 -999.250 -999.250 -999.250 -999.250 -999.250 -999.250 -999.250 -999.250 -999.250 -999.250 -999.250 -999.250 -999.250 -999.250 1022.913 1020.819 1034.566 1024.156 1079.001 1064.809 1091.288 1188.159 1250.562 1259.985 1327.535 1328.140 1482.261 1531.752 1721.570 1884.966 2063.363 2225.095 2338.202 2384.782 2400.416 2474.556 2519.919 2418.166 2276.775 2186.935 2066.877 1955.850 1923.593 1901.494 1912.777 1930.551 1980.526 1974.004 1986.840 1955.665
-999.250 -999.250 -999.250 -999.250 -999.250 -999.250 -999.250 -999.250 -999.250 -999.250 -999.250 -999.250 -999.250 -999.250 -999.250 -999.250 -999.250 -999.250 -999.250 -999.250 -999.250 -999.250 -999.250 -999.250 -999.250 -999.250 980.231 1012.567 994.081 1018.823 1000.763 1020.575 1062.534 1118.735 1208.447 1213.603 1291.700 1367.491 1441.207 1556.731 1674.923 1730.226 1930.213 2159.641 2251.298 2369.335 2436.270 2505.546 2540.656 2585.575 2428.419 2344.207 2261.903 2134.551 2038.374 1968.036 1955.665 1880.907 1884.737 1905.543 1882.974 1890.498 1876.818
-999.250 -999.250 -999.250 -999.250 -999.250 -999.250 -999.250 -999.250 -999.250 -999.250 -999.250 -999.250 -999.250 -999.250 -999.250 -999.250 -999.250 -999.250 -999.250 -999.250 -999.250 -999.250 -999.250 -999.250 -999.250 -999.250 984.588 1026.369 1030.921 999.768 990.962 1029.196 1038.800 1109.625 1238.267 1282.379 1332.596 1409.219 1525.281 1579.836 1752.972 1891.289 1993.640 2175.416 2311.464 2447.422 2532.925 2624.050 2612.811 2521.935 2453.872 2395.508 2283.355 2189.112 2060.770 1954.589 1934.641 1870.583 1841.168 1800.195 1777.760 1781.811 1763.478
-999.250 -999.250 -999.250 -999.250 -999.250 -999.250 -999.250 -999.250 -999.250 -999.250 -999.250 -999.250 -999.250 -999.250 -999.250 -999.250 -999.250 -999.250 -999.250 -999.250 -999.250 -999.250 -999.250 -999.250 -999.250 -999.250 1004.196 1041.181 1021.484 1018.092 1002.979 1042.198 1030.390 1120.782 1206.002 1259.144 1359.582 1431.574 1584.272 1684.787 1878.511 2028.781 2094.913 2280.161 2355.309 2481.479 2659.318 2747.544 2763.053 2614.695 2502.544 2389.372 2263.111 2195.265 2081.685 1926.025 1846.713 1749.748 1710.109 1690.490 1679.215 1640.034 1591.246
-999.250 -999.250 -999.250 -999.250 -999.250 -999.250 -999.250 -999.250 -999.250 -999.250 -999.250 -999.250 -999.250 -999.250 -999.250 -999.250 -999.250 -999.250 -999.250 -999.250 -999.250 -999.250 -999.250 -999.250 -999.250 991.520 1005.236 1036.045 1014.516 1033.883 1057.204 1062.178 1124.978 1162.506 1247.152 1270.679 1336.217 1444.453 1597.103 1750.197 1927.566 2095.281 2236.084 2358.086 2496.994 2730.747 2866.154 2824.080 2816.425 2712.115 2527.207 2369.817 2237.060 2128.786 2029.772 1884.151 1810.628 1699.973 1583.578 1571.109 1528.334 1545.299 1489.135
-999.250 -999.250 -999.250 -999.250 -999.250 -999.250 -999.250 -999.250 -999.250 -999.250 -999.250 -999.250 -999.250 -999.250 -999.250 -999.250 -999.250 -999.250 -999.250 -999.250 -999.250 -999.250 -999.250 -999.250 -999.250 996.476 987.703 1007.005 1015.328 1007.623 1120.022 1101.494 1154.293 1190.724 1247.085 1289.725 1351.867 1492.754 1630.469 1741.619 1940.328 2191.007 2259.030 2432.586 2650.376 2746.501 2908.265 2948.750 2857.667 2739.111 2524.267 2387.905 2264.908 2111.766 1986.202 1823.025 1764.623 1632.146 1531.130 1505.364 1428.130 1329.581 1292.462
-999.250 -999.250 -999.250 -999.250 -999.250 -999.250 -999.250 -999.250 -999.250 -999.250 -999.250 -999.250 -999.250 -999.250 -999.250 -999.250 -999.250 -999.250 -999.250 -999.250 -999.250 -999.250 -999.250 -999.250 -999.250 988.285 993.466 986.940 1011.761 1067.786 1073.801 1115.553 1120.073 1188.771 1285.124 1366.569 1488.283 1525.936 1603.156 1832.787 2015.460 2249.099 2376.338 2412.309 2619.859 2888.177 2998.306 2989.566 2885.108 2694.629 2495.068 2415.044 2218.225 2077.332 1882.305 1782.441 1632.318 1627.711 1478.906 1443.415 1358.187 1293.279 1179.404
-999.250 -999.250 -999.250 -999.250 -999.250 -999.250 -999.250 -999.250 -999.250 -999.250 -999.250 -999.250 -999.250 -999.250 -999.250 -999.250 -999.250 -999.250 -999.250 -999.250 -999.250 -999.250 -999.250 -999.250 965.839 949.245 987.093 966.915 981.488 1020.898 1065.320 1139.632 1155.510 1258.826 1312.886 1394.387 1486.835 1628.078 1717.017 1906.084 2080.892 2226.724 2349.185 2552.397 2709.440 2898.758 3016.626 2977.720 2749.824 2662.243 2555.094 2366.982 2264.680 1995.641 1817.275 1686.948 1643.953 1571.385 1508.476 1382.587 1314.975 1238.106 1107.303
-999.250 -999.250 -999.250 -999.250 -999.250 -999.250 -999.250 -999.250 -999.250 -999.250 -999.250 -999.250 -999.250 -999.250 -999.250 -999.250 -999.250 -999.250 -999.250 -999.250 -999.250 -999.250 -999.250 -999.250 951.184 969.144 1000.298 984.607 987.939 1031.170 1082.575 1130.798 1251.161 1258.598 1324.026 1383.959 1543.062 1668.942 1783.328 1955.086 2182.402 2256.049 2380.357 2520.164 2598.165 2735.047 2860.591 2882.681 2872.131 2655.214 2581.688 2370.552 2196.713 1950.850 1742.098 1701.721 1625.384 1536.405 1401.959 1325.053 1236.958 1146.193 1024.685
-999.250 -999.250 -999.250 -999.250 -999.250 -999.250 -999.250 -999.250 -999.250 -999.250 -999.250 -999.250 -999.250 -999.250 -999.250 -999.250 -999.250 -999.250 -999.250 -999.250 -999.250 -999.250 -999.250 941.803 925.349 963.156 951.443 972.830 1024.587 1015.356 1069.449 1064.659 1198.112 1328.554 1316.974 1450.290 1603.336 1768.846 1858.486 1960.439 2174.547 2262.909 2366.968 2531.725 2643.362 2604.690 2870.154 2961.010 2968.186 2810.445 2613.593 2456.275 2306.491 2064.427 1849.595 1682.950 1606.816 1516.774 1407.783 1305.366 1234.801 1122.431 1019.154
-999.250 -999.250 -999.250 -999.250 -999.250 -999.250 -999.250 -999.250 -999.250 -999.250 -999.250 -999.250 -999.250 -999.250 -999.250 -999.250 -999.250 -999.250 -999.250 -999.250 -999.250 -999.250 -999.250 913.044 909.610 939.161 933.402 982.727 1005.126 1043.323 1117.734 1133.949 1195.878 1293.927 1421.759 1541.446 1579.218 1745.931 1911.785 2012.295 2181.983 2270.651 2376.368 2498.049 2519.284 2696.090 2902.649 2961.043 2974.608 2871.437 2597.825 2427.278 2320.649 2148.635 1925.950 1758.643 1671.156 1521.244 1413.457 1325.569 1305.134 1118.475 973.198
-999.250 -999.250 -999.250 -999.250 -999.250 -999.250 -999.250 -999.250 -999.250 -999.250 -999.250 -999.250 -999.250 -999.250 -999.250 -999.250 -999.250 -999.250 -999.250 -999.250 -999.250 -999.250 -999.250 932.830 897.306 894.255 966.383 980.455 1006.820 1046.856 1111.355 1162.600 1239.066 1302.225 1368.795 1482.358 1593.114 1776.208 1901.737 1994.207 2127.549 2307.439 2367.214 2463.453 2540.886 2675.530 2847.393 2995.871 3168.107 2922.457 2659.217 2401.765 2283.131 2183.392 1984.963 1825.273 1686.502 1605.395 1458.432 1385.392 1254.282 1086.438 987.858
-999.250 -999.250 -999.250 -999.250 -999.250 -999.250 -999.250 -999.250 -999.250 -999.250 -999.250 -999.250 -999.250 -999.250 -999.250 -999.250 -999.250 -999.250 -999.250 -999.250 -999.250 -999.250 942.706 930.050 906.158 941.361 981.031 997.425 1023.927 1046.592 1103.120 1130.241 1226.578 1317.411 1401.226 1530.623 1616.466 1788.737 1930.221 2036.769 2167.971 2279.942 2414.520 2474.300 2576.822 2673.630 2812.844 2952.144 2972.792 2903.985 2598.580 2418.946 2334.713 2264.794 2028.934 1921.363 1803.518 1646.663 1480.817 1378.596 1315.864 1144.772 1016.998
-999.250 -999.250 -999.250 -999.250 -999.250 -999.250 -999.250 -999.250 -999.250 -999.250 -999.250 -999.250 -999.250 -999.250 -999.250 -999.250 -999.250 -999.250 -999.250 -999.250 -999.250 -999.250 963.071 901.914 894.770 937.103 974.857 1040.323 1059.452 1081.219 1122.650 1208.936 1274.267 1387.776 1453.550 1542.525 1643.902 1826.386 1911.165 2021.306 2154.981 2270.151 2336.626 2370.544 2470.585 2659.962 2582.240 2802.753 2733.179 2691.113 2643.898 2424.048 2403.651 2278.090 2137.627 1953.935 1859.837 1763.121 1604.200 1408.916 1331.635 1205.811 1074.479
-999.250 -999.250 -999.250 -999.250 -999.250 -999.250 -999.250 -999.250 -999.250 -999.250 -999.250 -999.250 -999.250 -999.250 -999.250 -999.250 -999.250 -999.250 -999.250 -999.250 -999.250 1022.808 985.909 945.303 867.352 961.813 1004.641 1025.345 1075.505 1129.641 1155.133 1174.219 1268.369 1394.254 1409.323 1623.028 1658.541 1811.443 1871.448 1974.287 2113.833 2239.339 2365.259 2396.738 2415.262 2533.944 2592.718 2546.115 2542.157 2574.716 2641.805 2550.219 2363.261 2277.410 2164.321 2016.888 1945.620 1781.525 1710.337 1505.241 1428.037 1298.320 1135.559
-999.250 -999.250 -999.250 -999.250 -999.250 -999.250 -999.250 -999.250 -999.250 -999.250 -999.250 -999.250 -999.250 -999.250 -999.250 -999.250 -999.250 -999.250 -999.250 -999.250 -999.250 1106.491 1010.215 991.420 985.547 1004.277 1040.514 1074.744 1069.315 1135.211 1189.911 1256.267 1297.840 1473.466 1502.439 1617.419 1731.075 1796.489 1895.297 2034.487 2143.019 2214.420 2309.670 2315.687 2344.166 2482.740 2502.901 2581.420 2605.323 2540.999 2567.464 2470.067 2408.019 2292.310 2202.062 2036.654 1992.043 1922.755 1745.357 1619.542 1522.304 1388.559 1265.404
-999.250 -999.250 -999.250 -999.250 -999.250 -999.250 -999.250 -999.250 -999.250 -999.250 -999.250 -999.250 -999.250 -999.250 -999.250 -999.250 -999.250 -999.250 -999.250 -999.250 -999.250 1194.962 1109.554 1031.473 1036.241 1044.911 1062.748 1086.762 1152.729 1162.381 1230.785 1301.243 1356.648 1454.818 1578.879 1603.661 1637.087 1769.500 1911.228 2001.839 2107.043 2258.596 2265.042 2340.243 2356.078 2440.639 2499.142 2426.724 2453.615 2549.246 2487.378 2500.984 2389.212 2297.270 2192.369 2049.394 2074.610 1939.748 1905.740 1736.313 1631.908 1505.231 1310.579
-999.250 -999.250 -999.250 -999.250 -999.250 -999.250 -999.250 -999.250 -999.250 -999.250 -999.250 -999.250 -999.250 -999.250 -999.250 -999.250 -999.250 -999.250 -999.250 -999.250 1206.554 1240.827 1157.345 1129.834 1110.001 1088.061 1129.272 1090.818 1182.360 1243.115 1256.651 1319.376 1369.213 1484.003 1528.774 1656.585 1738.085 1772.425 1880.406 2041.154 2092.452 2205.599 2239.586 2302.126 2303.128 2338.279 2428.021 2436.815 2478.076 2387.677 2437.713 2374.147 2324.413 2282.639 2234.754 2168.210 2111.741 2035.598 1925.762 1840.430 1735.050 1611.892 1401.591
-999.250 -999.250 -999.250 -999.250 -999.250 -999.250 -999.250 -999.250 -999.250 -999.250 -999.250 -999.250 -999.250 -999.250 -999.250 -999.250 -999.250 -999.250 -999.250 -999.250 1244.266 1280.187 1265.153 1226.051 1167.421 1205.094 1196.348 1158.355 1235.511 1228.004 1298.212 1296.489 1348.247 1518.376 1560.426 1625.750 1736.747 1789.512 1854.351 1933.072 2072.638 2161.605 2210.898 2226.538 2260.850 2365.745 2331.700 2366.863 2393.068 2358.555 2355.606 2342.900 2353.370 2282.221 2244.859 2155.802 2143.813 2108.603 2011.358 1976.834 1854.838 1670.116 1569.637
-999.250 -999.250 -999.250 -999.250 -999.250 -999.250 -999.250 -999.250 -999.250 -999.250 -999.250 -999.250 -999.250 -999.250 -999.250 -999.250 -999.250 -999.250 -999.250 -999.250 1444.777 1367.152 1330.179 1330.755 1253.366 1240.528 1178.013 1224.940 1227.460 1243.694 1316.729 1362.422 1406.385 1539.949 1599.199 1663.880 1721.285 1773.186 1801.687 1895.524 1977.733 2035.046 2122.393 2257.097 2251.158 2335.540 2356.449 2341.926 2340.771 2322.605 2377.556 2351.372 2329.172 2254.573 2213.055 2147.712 2098.436 2122.924 2122.891 2030.813 1973.084 1742.525 1583.846
-999.250 -999.250 -999.250 -999.250 -999.250 -999.250 -999.250 -999.250 -999.250 -999.250 -999.250 -999.250 -999.250 -999.250 -999.250 -999.250 -999.250 -999.250 -999.250 -999.250 1476.249 1418.336 1371.365 1374.587 1348.453 1292.463 1276.610 1249.563 1251.200 1291.587 1296.749 1409.090 1414.563 1495.907 1627.846 1713.903 1756.016 1781.744 1785.707 1824.490 1850.422 1965.186 2131.082 2205.399 2250.540 2284.292 2318.782 2378.016 2375.760 2375.851 2350.387 2318.291 2279.035 2268.052 2205.887 2125.664 2089.311 2115.497 2207.265 2226.903 2013.588 1792.732 1602.754
-999.250 -999.250 -999.250 -999.250 -999.250 -999.250 -999.250 -999.250 -999.250 -999.250 -999.250 -999.250 -999.250 -999.250 -999.250 -999.250 -999.250 -999.250 -999.250 1575.536 1529.664 1524.196 1457.023 1378.647 1383.194 1360.333 1359.738 1333.334 1316.388 1415.859 1423.085 1485.039 1513.832 1547.901 1661.399 1695.153 1756.807 1770.861 1834.567 1759.330 1806.678 1932.988 2039.422 2131.169 2133.954 2265.808 2298.929 2317.528 2340.501 2365.018 2344.903 2296.932 2259.627 2207.160 2114.518 2056.375 2090.122 2105.912 2107.386 2140.447 2003.021 1840.786 1590.898
-999.250 -999.250 -999.250 -999.250 -999.250 -999.250 -999.250 -999.250 -999.250 -999.250 -999.250 -999.250 -999.250 -999.250 -999.250 -999.250 -999.250 -999.250 -999.250 1661.419 1658.790 1611.376 1535.303 1469.228 1375.310 1429.462 1445.825 1457.595 1457.770 1527.115 1565.020 1580.738 1569.380 1586.715 1642.541 1683.537 1731.725 1754.321 1795.514 1780.518 1805.992 1934.184 1960.521 2014.831 2085.774 2180.377 2276.413 2297.096 2326.242 2286.354 2262.814 2239.604 2221.791 2102.276 2114.156 2044.273 2052.947 1959.827 1980.998 1971.916 1876.244 1758.493 1495.749
