data/medianmodel_06-May-2020.asc
ncols	141
nrows	288
xllcorner	-120191.398
yllcorner	-301404.813
cellsize	2000.000
NODATA_value	-999.250
[rows 31 to 61 of 288, columns 0 to 68 of 141]
-999.250 -999.250 -999.250 -999.250 -999.250 -999.250 -999.250 -999.250 -999.250 -999.250 -999.250 -999.250 -999.250 -999.250 -999.250 -999.250 -999.250 -999.250 -999.250 -999.250 -999.250 -999.250 -999.250 -999.250 -999.250 -999.250 -999.250 -999.250 -999.250 -999.250 -999.250 -999.250 18.712 18.946 25.692 30.611 35.567 48.013 49.924 49.740 55.606 57.462 58.864 66.373 69.380 70.887 69.124 70.488 72.412 79.381 81.507 82.945 93.196 96.650 106.982 98.036 80.164 71.427 69.796 63.984 57.559 52.221 47.067 43.158 45.102 32.707 21.299 18.727 18.221
-999.250 -999.250 -999.250 -999.250 -999.250 -999.250 -999.250 -999.250 -999.250 -999.250 -999.250 -999.250 -999.250 -999.250 -999.250 -999.250 -999.250 -999.250 -999.250 -999.250 -999.250 -999.250 -999.250 -999.250 -999.250 -999.250 -999.250 -999.250 -999.250 -999.250 -999.250 -999.250 21.814 21.904 24.244 31.817 36.734 45.685 48.496 52.125 55.932 54.527 59.463 61.411 64.291 68.611 66.719 67.099 71.977 80.237 77.069 84.443 84.351 86.114 94.183 88.286 78.063 69.256 65.508 58.748 51.780 49.120 39.553 37.648 29.569 25.927 21.928 19.453 18.775
-999.250 -999.250 -999.250 -999.250 -999.250 -999.250 -999.250 -999.250 -999.250 -999.250 -999.250 -999.250 -999.250 -999.250 -999.250 -999.250 -999.250 -999.250 -999.250 -999.250 -999.250 -999.250 -999.250 -999.250 -999.250 -999.250 -999.250 -999.250 -999.250 -999.250 -999.250 -999.250 21.764 23.408 25.370 32.036 37.388 38.297 47.771 50.544 57.666 57.446 58.125 59.137 63.869 67.745 62.550 63.373 73.353 73.123 81.679 81.009 84.639 84.615 84.061 79.914 70.545 62.995 58.457 47.851 46.852 45.891 33.434 28.732 27.395 23.615 17.562 17.784 14.075
-999.250 -999.250 -999.250 -999.250 -999.250 -999.250 -999.250 -999.250 -999.250 -999.250 -999.250 -999.250 -999.250 -999.250 -999.250 -999.250 -999.250 -999.250 -999.250 -999.250 -999.250 -999.250 -999.250 -999.250 -999.250 -999.250 -999.250 -999.250 -999.250 -999.250 -999.250 -999.250 23.110 26.669 28.265 38.841 44.382 41.905 46.756 50.295 52.552 52.503 57.643 55.013 58.529 62.179 59.099 67.423 72.377 75.587 74.795 79.746 82.460 80.146 85.316 66.989 62.189 60.496 51.478 44.351 41.478 30.505 26.168 25.209 25.595 17.540 14.671 14.136 15.131
-999.250 -999.250 -999.250 -999.250 -999.250 -999.250 -999.250 -999.250 -999.250 -999.250 -999.250 -999.250 -999.250 -999.250 -999.250 -999.250 -999.250 -999.250 -999.250 -999.250 -999.250 -999.250 -999.250 -999.250 -999.250 -999.250 -999.250 -999.250 -999.250 -999.250 -999.250 -999.250 26.652 32.789 36.871 37.758 44.354 42.415 40.606 43.430 45.248 48.086 45.081 51.836 53.572 54.829 58.138 63.633 59.652 64.908 68.431 75.946 84.461 83.046 73.491 63.876 55.708 53.115 48.133 39.949 31.514 22.050 20.564 18.762 16.847 14.418 12.642 9.417 12.390
-999.250 -999.250 -999.250 -999.250 -999.250 -999.250 -999.250 -999.250 -999.250 -999.250 -999.250 -999.250 -999.250 -999.250 -999.250 -999.250 -999.250 -999.250 -999.250 -999.250 -999.250 -999.250 -999.250 -999.250 -999.250 -999.250 -999.250 -999.250 -999.250 -999.250 -999.250 -999.250 37.116 37.039 41.005 46.320 45.379 43.098 42.188 38.474 38.007 39.204 39.569 43.532 52.406 53.477 57.326 59.119 61.173 72.416 67.859 77.173 76.897 77.235 70.729 62.991 57.645 49.252 35.503 32.589 26.939 19.242 16.475 15.146 10.708 7.867 7.681 8.976 10.462
-999.250 -999.250 -999.250 -999.250 -999.250 -999.250 -999.250 -999.250 -999.250 -999.250 -999.250 -999.250 -999.250 -999.250 -999.250 -999.250 -999.250 -999.250 -999.250 -999.250 -999.250 -999.250 -999.250 -999.250 -999.250 -999.250 -999.250 -999.250 -999.250 -999.250 -999.250 -999.250 -999.250 49.536 44.213 44.427 44.420 44.389 43.387 35.092 38.105 42.431 43.158 39.248 42.497 47.391 56.799 58.885 66.044 72.824 69.573 72.155 77.905 74.476 72.032 63.993 54.266 49.942 38.686 28.592 24.377 18.714 13.648 11.318 10.410 8.130 3.572 4.789 7.745
-999.250 -999.250 -999.250 -999.250 -999.250 -999.250 -999.250 -999.250 -999.250 -999.250 -999.250 -999.250 -999.250 -999.250 -999.250 -999.250 -999.250 -999.250 -999.250 -999.250 -999.250 -999.250 -999.250 -999.250 -999.250 -999.250 -999.250 -999.250 -999.250 -999.250 -999.250 -999.250 -999.250 52.495 54.409 54.791 51.775 49.037 37.782 40.044 36.349 40.386 38.996 37.906 42.046 44.424 54.736 56.093 63.817 68.479 72.815 80.943 86.269 75.561 70.924 65.363 55.581 47.997 35.373 35.558 25.488 16.807 13.754 10.898 9.235 4.855 1.600 3.365 4.079
-999.250 -999.250 -999.250 -999.250 -999.250 -999.250 -999.250 -999.250 -999.250 -999.250 -999.250 -999.250 -999.250 -999.250 -999.250 -999.250 -999.250 -999.250 -999.250 -999.250 -999.250 -999.250 -999.250 -999.250 -999.250 -999.250 -999.250 -999.250 -999.250 -999.250 -999.250 -999.250 59.579 58.392 54.946 49.758 51.957 44.944 36.408 38.618 38.205 35.505 35.410 35.807 40.375 45.837 53.951 63.459 69.636 79.628 76.467 82.920 85.353 82.892 75.048 72.290 66.950 60.115 43.394 40.057 30.759 20.975 13.532 10.955 9.392 2.919 0.494 0.000 1.613
-999.250 -999.250 -999.250 -999.250 -999.250 -999.250 -999.250 -999.250 -999.250 -999.250 -999.250 -999.250 -999.250 -999.250 -999.250 -999.250 -999.250 -999.250 -999.250 -999.250 -999.250 -999.250 -999.250 -999.250 -999.250 -999.250 -999.250 -999.250 -999.250 -999.250 -999.250 -999.250 66.132 62.861 60.815 55.432 47.045 43.391 35.372 31.874 26.900 22.906 30.638 31.783 37.293 49.078 60.769 71.425 73.296 79.493 80.181 89.429 88.555 81.638 80.003 81.997 79.481 68.835 57.737 53.946 41.460 30.176 21.058 15.756 11.396 4.560 0.151 0.000 0.000
-999.250 -999.250 -999.250 -999.250 -999.250 -999.250 -999.250 -999.250 -999.250 -999.250 -999.250 -999.250 -999.250 -999.250 -999.250 -999.250 -999.250 -999.250 -999.250 -999.250 -999.250 -999.250 -999.250 -999.250 -999.250 -999.250 -999.250 -999.250 -999.250 -999.250 -999.250 -999.250 -999.250 63.629 65.303 55.679 48.752 40.087 27.892 23.504 20.901 23.729 21.940 28.050 36.453 48.680 61.969 75.419 80.897 82.310 90.500 92.860 93.448 90.764 101.118 90.659 97.653 89.288 81.076 72.498 59.025 46.032 29.548 18.969 13.466 7.370 1.653 0.000 0.000
-999.250 -999.250 -999.250 -999.250 -999.250 -999.250 -999.250 -999.250 -999.250 -999.250 -999.250 -999.250 -999.250 -999.250 -999.250 -999.250 -999.250 -999.250 -999.250 -999.250 -999.250 -999.250 -999.250 -999.250 -999.250 -999.250 -999.250 -999.250 -999.250 -999.250 -999.250 -999.250 -999.250 64.933 65.350 48.729 48.118 37.543 31.194 23.425 20.040 20.818 20.830 23.466 37.992 53.457 70.354 87.860 86.177 90.953 95.896 99.352 104.616 97.965 103.820 100.405 100.743 102.149 96.835 81.826 69.368 55.313 36.668 25.205 15.928 12.305 4.178 0.743 0.000
-999.250 -999.250 -999.250 -999.250 -999.250 -999.250 -999.250 -999.250 -999.250 -999.250 -999.250 -999.250 -999.250 -999.250 -999.250 -999.250 -999.250 -999.250 -999.250 -999.250 -999.250 -999.250 -999.250 -999.250 -999.250 -999.250 -999.250 -999.250 -999.250 -999.250 -999.250 -999.250 -999.250 63.605 64.475 52.237 47.069 34.061 25.338 23.650 19.338 19.264 19.139 24.112 39.023 59.077 80.866 104.327 96.338 96.581 87.610 103.333 101.998 106.010 104.106 120.601 114.465 140.016 109.845 89.688 78.144 60.404 49.661 27.778 17.230 12.932 6.832 4.112 0.000
-999.250 -999.250 -999.250 -999.250 -999.250 -999.250 -999.250 -999.250 -999.250 -999.250 -999.250 -999.250 -999.250 -999.250 -999.250 -999.250 -999.250 -999.250 -999.250 -999.250 -999.250 -999.250 -999.250 -999.250 -999.250 -999.250 -999.250 -999.250 -999.250 -999.250 -999.250 -999.250 -999.250 -999.250 62.975 53.818 43.819 32.314 25.866 23.581 17.711 15.635 18.252 23.050 41.015 60.818 80.419 97.707 96.516 102.104 98.265 104.745 105.296 108.647 122.094 117.447 132.251 120.566 110.283 97.489 76.551 62.370 53.375 34.474 19.372 15.804 12.886 5.914 5.746
-999.250 -999.250 -999.250 -999.250 -999.250 -999.250 -999.250 -999.250 -999.250 -999.250 -999.250 -999.250 -999.250 -999.250 -999.250 -999.250 -999.250 -999.250 -999.250 -999.250 -999.250 -999.250 -999.250 -999.250 -999.250 -999.250 -999.250 -999.250 -999.250 -999.250 -999.250 -999.250 -999.250 -999.250 63.315 54.189 41.095 37.915 27.600 25.863 18.077 18.139 14.974 20.824 43.216 61.795 71.783 82.667 91.648 93.150 100.282 108.401 110.848 130.907 146.524 130.803 125.652 120.473 109.594 94.443 77.640 65.967 51.442 41.384 26.636 17.468 13.191 7.898 6.166
-999.250 -999.250 -999.250 -999.250 -999.250 -999.250 -999.250 -999.250 -999.250 -999.250 -999.250 -999.250 -999.250 -999.250 -999.250 -999.250 -999.250 -999.250 -999.250 -999.250 -999.250 -999.250 -999.250 -999.250 -999.250 -999.250 -999.250 -999.250 -999.250 -999.250 -999.250 -999.250 -999.250 -999.250 63.832 55.024 48.993 41.969 36.613 32.045 23.154 20.177 19.313 24.148 47.203 61.669 65.073 79.637 96.877 92.235 109.293 113.147 118.201 152.331 159.433 147.242 125.357 118.468 101.976 97.636 84.338 69.918 60.049 44.158 31.000 23.703 11.707 8.194 3.296
-999.250 -999.250 -999.250 -999.250 -999.250 -999.250 -999.250 -999.250 -999.250 -999.250 -999.250 -999.250 -999.250 -999.250 -999.250 -999.250 -999.250 -999.250 -999.250 -999.250 -999.250 -999.250 -999.250 -999.250 -999.250 -999.250 -999.250 -999.250 -999.250 -999.250 -999.250 -999.250 -999.250 -999.250 66.572 62.079 53.338 49.947 38.486 29.750 30.825 31.129 31.068 34.210 47.088 63.275 73.592 86.132 85.338 99.862 98.607 112.883 130.475 159.319 168.966 172.531 134.257 118.319 103.719 92.910 80.273 70.393 53.861 40.108 29.102 21.005 12.764 10.541 3.617
-999.250 -999.250 -999.250 -999.250 -999.250 -999.250 -999.250 -999.250 -999.250 -999.250 -999.250 -999.250 -999.250 -999.250 -999.250 -999.250 -999.250 -999.250 -999.250 -999.250 -999.250 -999.250 -999.250 -999.250 -999.250 -999.250 -999.250 -999.250 -999.250 -999.250 -999.250 -999.250 -999.250 -999.250 -999.250 65.575 62.819 58.299 47.327 41.799 37.207 38.313 37.097 45.367 50.827 65.560 69.140 84.594 84.981 96.767 102.914 110.957 110.939 120.019 151.830 121.135 125.504 108.867 98.552 76.923 72.130 64.718 54.519 42.484 29.258 20.612 14.062 9.247 6.841
-999.250 -999.250 -999.250 -999.250 -999.250 -999.250 -999.250 -999.250 -999.250 -999.250 -999.250 -999.250 -999.250 -999.250 -999.250 -999.250 -999.250 -999.250 -999.250 -999.250 -999.250 -999.250 -999.250 -999.250 -999.250 -999.250 -999.250 -999.250 -999.250 -999.250 -999.250 -999.250 -999.250 -999.250 -999.250 72.832 66.502 62.890 53.673 51.587 47.030 47.326 49.635 48.419 60.559 66.015 71.277 76.003 73.348 89.279 100.926 103.661 108.758 108.319 114.440 108.334 102.544 92.215 83.580 73.438 67.578 65.491 52.150 32.886 26.687 19.449 14.592 10.822 7.737
-999.250 -999.250 -999.250 -999.250 -999.250 -999.250 -999.250 -999.250 -999.250 -999.250 -999.250 -999.250 -999.250 -999.250 -999.250 -999.250 -999.250 -999.250 -999.250 -999.250 -999.250 -999.250 -999.250 -999.250 -999.250 -999.250 -999.250 -999.250 -999.250 -999.250 -999.250 -999.250 -999.250 -999.250 -999.250 78.707 77.239 73.026 66.832 56.846 56.127 57.716 59.808 60.213 62.650 66.698 74.782 72.036 71.298 70.909 83.425 94.312 97.216 98.145 89.450 89.822 80.420 76.071 78.034 62.632 58.582 58.218 48.020 30.364 22.477 18.126 13.866 7.227 5.306
-999.250 -999.250 -999.250 -999.250 -999.250 -999.250 -999.250 -999.250 -999.250 -999.250 -999.250 -999.250 -999.250 -999.250 -999.250 -999.250 -999.250 -999.250 -999.250 -999.250 -999.250 -999.250 -999.250 -999.250 -999.250 -999.250 -999.250 -999.250 -999.250 -999.250 -999.250 -999.250 -999.250 -999.250 -999.250 76.295 71.459 75.649 94.094 70.122 63.975 63.458 69.784 62.249 65.205 63.444 64.245 68.759 66.801 65.662 74.634 64.372 70.825 72.985 71.808 69.430 67.244 62.760 62.724 58.722 51.282 43.240 41.023 26.642 19.316 14.501 12.461 8.359 5.955
-999.250 -999.250 -999.250 -999.250 -999.250 -999.250 -999.250 -999.250 -999.250 -999.250 -999.250 -999.250 -999.250 -999.250 -999.250 -999.250 -999.250 -999.250 -999.250 -999.250 -999.250 -999.250 -999.250 -999.250 -999.250 -999.250 -999.250 -999.250 -999.250 -999.250 -999.250 -999.250 -999.250 -999.250 -999.250 70.573 71.364 77.672 76.964 68.428 62.709 62.896 61.262 65.906 69.328 67.165 63.244 62.738 63.370 61.580 58.267 54.937 53.992 52.592 56.440 53.678 57.079 57.814 52.878 54.968 45.678 39.391 29.262 21.513 17.305 14.685 15.323 9.311 5.686
-999.250 -999.250 -999.250 -999.250 -999.250 -999.250 -999.250 -999.250 -999.250 -999.250 -999.250 -999.250 -999.250 -999.250 -999.250 -999.250 -999.250 -999.250 -999.250 -999.250 -999.250 -999.250 -999.250 -999.250 -999.250 -999.250 -999.250 -999.250 -999.250 -999.250 -999.250 -999.250 -999.250 -999.250 -999.250 -999.250 62.018 68.987 66.221 58.837 58.310 60.859 64.331 65.769 67.366 62.608 59.755 57.062 54.782 59.465 48.964 39.657 32.965 41.965 36.498 42.645 44.387 42.852 43.093 40.780 39.353 35.343 27.291 23.430 20.238 20.106 15.462 10.513 4.522
-999.250 -999.250 -999.250 -999.250 -999.250 -999.250 -999.250 -999.250 -999.250 -999.250 -999.250 -999.250 -999.250 -999.250 -999.250 -999.250 -999.250 -999.250 -999.250 -999.250 -999.250 -999.250 -999.250 -999.250 -999.250 -999.250 -999.250 -999.250 -999.250 -999.250 -999.250 -999.250 -999.250 -999.250 -999.250 -999.250 57.747 60.695 56.125 49.398 54.361 60.440 63.333 67.476 64.500 59.921 56.630 55.028 53.413 47.235 36.066 32.331 27.034 28.091 31.793 28.350 43.792 39.396 42.828 38.763 36.076 31.903 28.440 21.994 21.152 19.184 15.659 12.856 10.773
-999.250 -999.250 -999.250 -999.250 -999.250 -999.250 -999.250 -999.250 -999.250 -999.250 -999.250 -999.250 -999.250 -999.250 -999.250 -999.250 -999.250 -999.250 -999.250 -999.250 -999.250 -999.250 -999.250 -999.250 -999.250 -999.250 -999.250 -999.250 -999.250 -999.250 -999.250 -999.250 -999.250 -999.250 -999.250 -999.250 -999.250 56.328 53.532 52.576 56.738 62.542 65.623 66.763 62.056 60.832 55.516 54.750 56.330 42.410 34.704 29.143 23.387 25.153 21.821 25.969 32.638 35.639 35.022 33.942 32.078 23.547 29.207 26.164 23.441 19.365 21.336 20.004 16.842
-999.250 -999.250 -999.250 -999.250 -999.250 -999.250 -999.250 -999.250 -999.250 -999.250 -999.250 -999.250 -999.250 -999.250 -999.250 -999.250 -999.250 -999.250 -999.250 -999.250 -999.250 -999.250 -999.250 -999.250 -999.250 -999.250 -999.250 -999.250 -999.250 -999.250 -999.250 -999.250 -999.250 -999.250 -999.250 -999.250 -999.250 53.567 53.763 55.590 59.121 63.908 68.160 64.734 59.037 58.265 54.557 51.413 50.454 37.263 31.362 27.587 25.210 26.784 27.559 22.991 25.483 28.614 29.713 32.934 27.498 27.216 26.105 20.201 24.676 24.095 25.296 27.933 25.226
-999.250 -999.250 -999.250 -999.250 -999.250 -999.250 -999.250 -999.250 -999.250 -999.250 -999.250 -999.250 -999.250 -999.250 -999.250 -999.250 -999.250 -999.250 -999.250 -999.250 -999.250 -999.250 -999.250 -999.250 -999.250 -999.250 -999.250 -999.250 -999.250 -999.250 -999.250 -999.250 -999.250 -999.250 -999.250 -999.250 -999.250 50.568 56.426 58.981 65.231 67.667 65.110 62.639 58.670 60.211 50.928 49.678 44.999 41.324 35.174 36.784 29.806 23.983 27.061 27.320 25.466 23.025 27.773 29.807 30.155 32.125 25.595 24.195 27.888 33.638 38.356 36.732 39.459
-999.250 -999.250 -999.250 -999.250 -999.250 -999.250 -999.250 -999.250 -999.250 -999.250 -999.250 -999.250 -999.250 -999.250 -999.250 -999.250 -999.250 -999.250 -999.250 -999.250 -999.250 -999.250 -999.250 -999.250 -999.250 -999.250 -999.250 -999.250 -999.250 -999.250 -999.250 -999.250 -999.250 -999.250 -999.250 -999.250 -999.250 53.968 54.127 56.008 61.114 64.726 60.311 58.035 56.924 53.449 47.473 50.838 45.219 38.904 37.217 39.397 38.383 31.809 30.370 29.471 30.813 34.094 30.740 30.276 29.321 30.703 24.579 30.767 32.755 34.665 33.864 39.511 35.849
-999.250 -999.250 -999.250 -999.250 -999.250 -999.250 -999.250 -999.250 -999.250 -999.250 -999.250 -999.250 -999.250 -999.250 -999.250 -999.250 -999.250 -999.250 -999.250 -999.250 -999.250 -999.250 -999.250 -999.250 -999.250 -999.250 -999.250 -999.250 -999.250 -999.250 -999.250 -999.250 -999.250 -999.250 -999.250 -999.250 -999.250 -999.250 47.600 48.489 51.673 56.864 57.678 57.980 58.886 56.979 49.016 49.119 44.156 39.949 38.476 39.090 45.330 41.918 35.758 30.051 33.857 36.297 33.688 35.638 32.334 31.482 28.276 34.324 38.171 37.558 38.312 38.097 32.070
-999.250 -999.250 -999.250 -999.250 -999.250 -999.250 -999.250 -999.250 -999.250 -999.250 -999.250 -999.250 -999.250 -999.250 -999.250 -999.250 -999.250 -999.250 -999.250 -999.250 -999.250 -999.250 -999.250 -999.250 -999.250 -999.250 -999.250 -999.250 -999.250 -999.250 -999.250 -999.250 -999.250 -999.250 -999.250 -999.250 -999.250 -999.250 47.440 41.661 48.721 50.193 57.025 56.190 56.805 49.558 49.617 48.066 43.716 43.129 36.360 39.612 48.938 45.296 38.126 31.519 36.497 39.879 38.369 34.811 35.298 33.179 36.089 34.976 36.477 38.927 36.722 34.520 30.245
-999.250 -999.250 -999.250 -999.250 -999.250 -999.250 -999.250 -999.250 -999.250 -999.250 -999.250 -999.250 -999.250 -999.250 -999.250 -999.250 -999.250 -999.250 -999.250 -999.250 -999.250 -999.250 -999.250 -999.250 -999.250 -999.250 -999.250 -999.250 -999.250 -999.250 -999.250 -999.250 -999.250 -999.250 -999.250 -999.250 -999.250 -999.250 33.096 39.385 39.946 46.027 52.436 53.406 55.372 55.766 50.328 45.061 41.054 41.381 38.233 36.482 43.360 44.302 40.646 29.783 38.043 40.962 40.722 35.177 38.186 34.943 33.321 33.449 34.963 37.454 32.556 36.910 24.271
