data/medianmodel_06-Feb-2021.asc
ncols	141
nrows	288
xllcorner	-120191.398
yllcorner	-301404.813
cellsize	2000.000
NODATA_value	-999.250
[rows 196 to 223 of 288, columns 0 to 63 of 141]
-999.250 -999.250 -999.250 -999.250 -999.250 -999.250 -999.250 -999.250 -999.250 -999.250 -999.250 -999.250 -999.250 1823.494 1832.538 1826.623 1871.878 1896.630 1919.015 2018.204 2053.527 2102.804 2049.918 2124.904 2151.483 2153.214 2232.566 2263.360 2216.523 2181.883 2102.829 2089.997 1998.986 1947.578 1900.089 1791.463 1726.939 1578.248 1473.064 1335.609 1249.729 1182.107 1092.812 1082.053 992.645 942.657 925.528 898.224 881.185 859.474 856.730 827.728 817.472 822.534 816.096 812.184 823.466 830.507 843.454 842.431 855.151 874.556 896.583 821.071
-999.250 -999.250 -999.250 -999.250 -999.250 -999.250 -999.250 -999.250 -999.250 -999.250 -999.250 -999.250 -999.250 1852.652 1885.758 1874.114 1893.933 1945.675 2000.812 2039.747 2090.509 2130.404 2181.328 2167.770 2236.857 2254.370 2296.504 2296.527 2301.889 2272.768 2218.205 2198.247 2129.778 2033.549 2003.486 1834.325 1753.200 1665.489 1552.293 1367.134 1323.519 1229.539 1156.037 1124.373 1093.743 997.303 958.150 982.892 928.973 897.106 886.012 872.590 808.282 847.913 835.768 848.178 832.551 832.503 827.537 842.514 847.272 863.086 862.468 831.493
-999.250 -999.250 -999.250 -999.250 -999.250 -999.250 -999.250 -999.250 -999.250 -999.250 -999.250 -999.250 -999.250 1874.883 1876.490 1908.430 1961.422 2005.959 2090.424 2121.771 2153.035 2156.698 2204.301 2204.212 2311.805 2284.912 2360.817 2376.698 2378.026 2331.847 2316.038 2227.907 2182.198 2063.698 1952.983 1901.627 1768.313 1725.544 1650.996 1461.905 1321.083 1290.205 1201.705 1134.354 1143.040 1085.715 1073.274 1063.372 1005.254 960.576 932.398 928.693 862.702 864.990 862.120 858.639 843.894 807.838 840.695 860.218 851.447 861.169 838.697 789.193
-999.250 -999.250 -999.250 -999.250 -999.250 -999.250 -999.250 -999.250 -999.250 -999.250 -999.250 -999.250 -999.250 -999.250 1886.256 1920.118 1991.695 2073.796 2159.744 2169.056 2216.761 2279.314 2243.067 2379.224 2358.021 2400.175 2438.782 2407.519 2500.066 2372.671 2408.532 2380.066 2237.405 2117.358 2015.608 1897.170 1779.948 1713.062 1632.936 1514.655 1374.520 1279.206 1253.085 1263.410 1215.478 1169.765 1119.106 1075.033 1068.341 1058.149 1012.451 994.550 931.906 899.900 870.457 857.576 851.078 859.574 845.730 847.234 831.608 850.799 824.600 784.981
-999.250 -999.250 -999.250 -999.250 -999.250 -999.250 -999.250 -999.250 -999.250 -999.250 -999.250 -999.250 -999.250 -999.250 1864.332 1895.043 2043.252 2091.921 2151.167 2164.363 2199.707 2220.912 2264.486 2348.786 2315.050 2405.101 2443.892 2450.713 2774.352 2498.313 2342.618 2294.108 2267.421 2149.262 2053.423 1901.020 1798.656 1765.826 1686.959 1567.567 1471.965 1411.100 1378.788 1348.979 1264.036 1224.059 1136.542 1152.246 1130.836 1063.857 1040.485 1023.780 958.946 944.367 910.329 868.534 871.413 821.045 855.130 828.239 855.314 825.003 808.431 746.031
-999.250 -999.250 -999.250 -999.250 -999.250 -999.250 -999.250 -999.250 -999.250 -999.250 -999.250 -999.250 -999.250 -999.250 1851.384 1937.520 2058.819 2066.365 2131.731 2132.655 2160.180 2220.404 2254.231 2430.372 2391.867 2335.412 2427.370 2501.926 2543.220 2518.465 2395.718 2377.277 2198.890 2221.383 2049.779 1885.146 1869.174 1767.373 1680.179 1574.522 1542.341 1482.315 1446.547 1380.356 1284.281 1266.536 1194.960 1177.556 1146.972 1043.552 1026.024 994.113 977.431 959.002 900.853 889.600 847.766 828.782 797.440 822.248 846.805 794.320 766.558 772.675
-999.250 -999.250 -999.250 -999.250 -999.250 -999.250 -999.250 -999.250 -999.250 -999.250 -999.250 -999.250 -999.250 -999.250 1903.649 1942.615 2008.616 2119.196 2171.298 2174.805 2168.723 2223.448 2277.941 2348.842 2399.029 -999.250 2432.851 2553.679 2536.225 2508.936 2418.003 2330.535 2232.152 2154.964 2143.542 1999.179 1925.126 1784.091 1745.503 1621.571 1605.210 1590.658 1448.231 1430.869 1366.604 1324.749 1229.634 1215.880 1159.096 1105.811 1036.509 967.576 964.374 926.135 956.703 889.877 870.821 824.093 835.709 813.948 800.298 787.833 792.368 779.027
-999.250 -999.250 -999.250 -999.250 -999.250 -999.250 -999.250 -999.250 -999.250 -999.250 -999.250 -999.250 -999.250 -999.250 1944.595 1964.137 2024.464 2098.050 2186.768 2143.444 2285.565 2291.560 2280.793 -999.250 -999.250 -999.250 2410.373 2468.708 2482.175 2519.809 2354.942 2322.828 2267.693 2161.081 2088.906 2038.358 2012.980 1853.067 1795.994 1722.136 1647.470 1575.450 1579.641 1490.710 1404.226 1364.493 1273.052 1209.744 1169.241 1108.631 1085.763 1008.259 961.683 969.442 947.269 892.873 872.310 856.031 816.716 838.607 805.233 794.264 814.222 784.975
-999.250 -999.250 -999.250 -999.250 -999.250 -999.250 -999.250 -999.250 -999.250 -999.250 -999.250 -999.250 -999.250 1896.999 1952.448 1995.699 2004.700 1995.889 2100.279 2071.174 2159.801 2161.757 -999.250 -999.250 -999.250 -999.250 -999.250 2439.442 2429.542 2290.573 2288.705 2331.969 2167.278 2120.400 2150.251 2074.004 1981.714 1868.966 1814.824 1758.757 1733.744 1612.722 1621.991 1510.986 1410.335 1400.480 1366.925 1277.710 1180.119 1163.111 1104.585 1068.131 1009.188 962.812 943.881 958.323 891.580 879.295 851.222 814.938 800.236 762.682 789.454 776.410
-999.250 -999.250 -999.250 -999.250 -999.250 -999.250 -999.250 -999.250 -999.250 -999.250 -999.250 -999.250 -999.250 1934.653 2047.878 2041.920 2057.480 2042.645 1984.452 2036.849 -999.250 -999.250 -999.250 -999.250 -999.250 -999.250 -999.250 -999.250 2401.844 2387.125 2290.734 2165.568 2175.346 2103.408 2057.805 1971.984 1940.123 1871.415 1821.552 1760.329 1705.601 1644.042 1614.204 1539.476 1458.380 1421.414 1422.162 1274.808 1229.475 1188.585 1169.075 1130.684 1064.434 960.006 941.829 955.448 878.581 846.975 849.381 827.516 810.645 821.149 790.517 800.172
-999.250 -999.250 -999.250 -999.250 -999.250 -999.250 -999.250 -999.250 -999.250 -999.250 -999.250 -999.250 1842.817 1990.162 -999.250 -999.250 -999.250 -999.250 -999.250 -999.250 -999.250 -999.250 -999.250 -999.250 -999.250 -999.250 -999.250 -999.250 -999.250 2285.437 2236.552 2157.606 2054.370 2037.193 1987.673 2016.784 1982.202 1907.038 1904.234 1815.306 1810.811 1708.623 1627.126 1635.493 1553.279 1524.452 1396.943 1350.603 1237.178 1177.975 1165.725 1115.180 1086.411 1012.147 959.417 927.719 904.715 884.595 866.693 834.330 788.085 794.668 810.104 820.296
-999.250 -999.250 -999.250 -999.250 -999.250 -999.250 -999.250 -999.250 -999.250 -999.250 -999.250 -999.250 -999.250 -999.250 -999.250 -999.250 -999.250 -999.250 -999.250 -999.250 -999.250 -999.250 -999.250 -999.250 -999.250 -999.250 -999.250 -999.250 -999.250 -999.250 2086.573 2044.424 2033.054 2059.179 1996.721 1996.933 1989.527 1954.549 1877.251 1851.021 1805.548 1747.865 1671.419 1660.990 1582.808 1472.200 1398.407 1364.014 1264.513 1199.594 1196.080 1095.396 1069.261 1045.408 984.643 939.061 892.162 901.326 854.466 852.520 822.848 792.515 812.702 806.936
-999.250 -999.250 -999.250 -999.250 -999.250 -999.250 -999.250 -999.250 -999.250 -999.250 -999.250 -999.250 -999.250 -999.250 -999.250 -999.250 -999.250 -999.250 -999.250 -999.250 -999.250 -999.250 -999.250 -999.250 -999.250 -999.250 -999.250 -999.250 -999.250 -999.250 2101.905 2036.997 2062.099 2051.253 2030.776 1997.250 2044.988 1940.471 1856.514 1870.049 1788.620 1814.473 1726.521 1652.569 1622.220 1517.405 1421.258 1405.515 1300.362 1286.553 1157.754 1092.755 1079.314 1050.753 997.552 943.289 933.118 870.076 853.856 842.244 824.075 801.270 825.154 809.068
-999.250 -999.250 -999.250 -999.250 -999.250 -999.250 -999.250 -999.250 -999.250 -999.250 -999.250 -999.250 -999.250 -999.250 -999.250 -999.250 -999.250 -999.250 -999.250 -999.250 -999.250 -999.250 -999.250 -999.250 -999.250 -999.250 -999.250 -999.250 -999.250 -999.250 2111.692 2055.811 2070.043 2078.021 2052.597 2086.649 2000.856 1946.388 1879.688 1914.176 1829.178 1805.793 1768.665 1683.570 1585.959 1542.107 1452.075 1366.968 1282.494 1226.382 1192.196 1151.753 1104.080 1037.820 1015.453 962.777 915.507 853.022 882.544 837.911 807.874 794.271 808.583 797.594
-999.250 -999.250 -999.250 -999.250 -999.250 -999.250 -999.250 -999.250 -999.250 -999.250 -999.250 -999.250 -999.250 -999.250 -999.250 -999.250 -999.250 -999.250 -999.250 -999.250 -999.250 -999.250 -999.250 -999.250 -999.250 -999.250 -999.250 -999.250 -999.250 -999.250 -999.250 2010.223 1992.342 1974.890 2044.477 2055.991 2033.901 2003.673 1976.689 1909.843 1841.151 1835.253 1749.721 1740.857 1658.208 1640.184 1495.993 1404.985 1339.173 1217.063 1185.644 1157.439 1148.169 1076.987 1011.123 930.083 895.805 873.252 837.334 831.409 810.465 784.386 776.307 809.237
-999.250 -999.250 -999.250 -999.250 -999.250 -999.250 -999.250 -999.250 -999.250 -999.250 -999.250 -999.250 -999.250 -999.250 -999.250 -999.250 -999.250 -999.250 -999.250 -999.250 -999.250 -999.250 -999.250 -999.250 -999.250 -999.250 -999.250 -999.250 -999.250 -999.250 -999.250 2064.487 2025.289 2019.896 2033.804 1965.337 1930.182 1954.471 1978.020 1989.045 1865.125 1851.258 1811.850 1738.952 1744.251 1669.890 1548.238 1398.676 1359.797 1283.531 1204.429 1146.493 1094.659 1052.239 1004.814 946.352 924.190 845.551 812.792 810.819 784.447 756.033 760.385 785.466
-999.250 -999.250 -999.250 -999.250 -999.250 -999.250 -999.250 -999.250 -999.250 -999.250 -999.250 -999.250 -999.250 -999.250 -999.250 -999.250 -999.250 -999.250 -999.250 -999.250 -999.250 -999.250 -999.250 -999.250 -999.250 -999.250 -999.250 -999.250 -999.250 -999.250 -999.250 2009.915 1983.343 1999.330 1993.700 1934.166 1929.789 1910.390 1975.062 1953.952 1941.269 1859.644 1801.405 1715.050 1636.201 1631.015 1611.421 1461.172 1339.096 1270.468 1211.100 1181.376 1082.374 1050.063 1030.372 949.189 878.780 825.695 821.678 781.886 735.044 711.338 703.865 724.942
-999.250 -999.250 -999.250 -999.250 -999.250 -999.250 -999.250 -999.250 -999.250 -999.250 -999.250 -999.250 -999.250 -999.250 -999.250 -999.250 -999.250 -999.250 -999.250 -999.250 -999.250 -999.250 -999.250 -999.250 -999.250 -999.250 -999.250 -999.250 -999.250 -999.250 -999.250 2014.631 1943.225 2009.910 2003.122 1903.665 1994.446 1872.793 1973.627 1932.246 1901.941 1885.611 1812.097 1757.059 1671.554 1676.416 1594.181 1473.819 1347.073 1263.810 1240.053 1216.898 1110.193 1043.026 986.767 899.143 862.703 800.244 753.640 696.764 664.749 653.686 653.948 651.701
-999.250 -999.250 -999.250 -999.250 -999.250 -999.250 -999.250 -999.250 -999.250 -999.250 -999.250 -999.250 -999.250 -999.250 -999.250 -999.250 -999.250 -999.250 -999.250 -999.250 -999.250 -999.250 -999.250 -999.250 -999.250 -999.250 -999.250 -999.250 -999.250 -999.250 -999.250 1915.958 1937.438 1972.803 1960.272 1910.767 1913.122 1853.019 1898.942 1911.728 1934.447 1875.077 1841.622 1813.741 1711.785 1675.638 1670.425 1562.704 1423.590 1303.948 1310.544 1225.714 1150.588 1036.439 990.769 941.182 847.205 788.324 734.048 686.729 626.984 601.595 595.184 599.779
-999.250 -999.250 -999.250 -999.250 -999.250 -999.250 -999.250 -999.250 -999.250 -999.250 -999.250 -999.250 -999.250 -999.250 -999.250 -999.250 -999.250 -999.250 -999.250 -999.250 -999.250 -999.250 -999.250 -999.250 -999.250 -999.250 -999.250 -999.250 -999.250 -999.250 -999.250 1916.504 1966.591 1924.608 1880.982 1849.403 1888.975 1900.477 1899.976 1862.400 1904.019 1869.089 1861.163 1841.954 1762.547 1670.597 1621.361 1515.973 1413.994 1361.989 1291.257 1224.958 1119.056 1046.783 979.663 909.061 823.718 788.460 696.769 663.757 609.083 589.435 574.763 559.749
-999.250 -999.250 -999.250 -999.250 -999.250 -999.250 -999.250 -999.250 -999.250 -999.250 -999.250 -999.250 -999.250 -999.250 -999.250 -999.250 -999.250 -999.250 -999.250 -999.250 -999.250 -999.250 -999.250 -999.250 -999.250 -999.250 -999.250 -999.250 -999.250 -999.250 -999.250 1893.198 1884.325 1880.719 1824.502 1812.648 1864.559 1895.827 1898.245 1896.542 1940.884 1918.048 1857.055 1827.729 1779.944 1703.156 1644.577 1592.670 1468.116 1341.746 1247.617 1201.598 1111.665 1074.926 970.723 893.312 848.044 782.215 700.919 659.814 610.562 571.368 549.661 537.364
-999.250 -999.250 -999.250 -999.250 -999.250 -999.250 -999.250 -999.250 -999.250 -999.250 -999.250 -999.250 -999.250 -999.250 -999.250 -999.250 -999.250 -999.250 -999.250 -999.250 -999.250 -999.250 -999.250 -999.250 -999.250 -999.250 -999.250 -999.250 -999.250 -999.250 -999.250 1867.697 1853.235 1855.587 1861.063 1826.063 1825.548 1895.543 1926.192 1952.043 1921.252 1884.029 1839.548 1836.123 1813.990 1691.287 1683.601 1562.351 1496.329 1392.712 1252.098 1167.156 1122.794 1063.298 952.886 919.192 836.993 775.138 694.368 644.488 618.995 572.515 567.548 492.433
-999.250 -999.250 -999.250 -999.250 -999.250 -999.250 -999.250 -999.250 -999.250 -999.250 -999.250 -999.250 -999.250 -999.250 -999.250 -999.250 -999.250 -999.250 -999.250 -999.250 -999.250 -999.250 -999.250 -999.250 -999.250 -999.250 -999.250 -999.250 -999.250 -999.250 -999.250 1759.770 1810.106 1795.478 1806.779 1814.895 1833.633 1872.566 1876.305 1938.948 1920.826 1920.424 1880.844 1770.226 1710.281 1686.416 1661.301 1519.094 1431.726 1337.868 1262.008 1177.332 1102.112 1050.555 973.036 959.947 845.618 809.379 743.913 673.978 643.141 597.962 568.987 550.077
-999.250 -999.250 -999.250 -999.250 -999.250 -999.250 -999.250 -999.250 -999.250 -999.250 -999.250 -999.250 -999.250 -999.250 -999.250 -999.250 -999.250 -999.250 -999.250 -999.250 -999.250 -999.250 -999.250 -999.250 -999.250 -999.250 -999.250 -999.250 -999.250 -999.250 -999.250 1742.666 1785.443 1834.496 1795.350 1809.511 1835.209 1798.531 1827.321 1896.413 1917.118 1953.685 1846.889 1810.609 1691.069 1672.972 1578.992 1511.306 1408.417 1326.399 1275.559 1171.854 1127.002 1065.804 990.655 912.529 862.381 811.323 762.348 703.635 650.571 626.399 612.118 604.909
-999.250 -999.250 -999.250 -999.250 -999.250 -999.250 -999.250 -999.250 -999.250 -999.250 -999.250 -999.250 -999.250 -999.250 -999.250 -999.250 -999.250 -999.250 -999.250 -999.250 -999.250 -999.250 -999.250 -999.250 -999.250 -999.250 -999.250 -999.250 -999.250 -999.250 -999.250 1715.049 1782.038 1776.930 1779.015 1801.739 1800.557 1801.607 1813.726 1813.443 1830.131 1856.741 1852.638 1808.596 1680.842 1657.519 1549.122 1456.417 1371.570 1316.420 1209.871 1207.303 1096.091 1063.585 1008.070 942.663 911.760 828.982 776.961 741.059 714.081 665.603 651.683 666.342
-999.250 -999.250 -999.250 -999.250 -999.250 -999.250 -999.250 -999.250 -999.250 -999.250 -999.250 -999.250 -999.250 -999.250 -999.250 -999.250 -999.250 -999.250 -999.250 -999.250 -999.250 -999.250 -999.250 -999.250 -999.250 -999.250 -999.250 -999.250 -999.250 -999.250 -999.250 1630.134 1680.068 1690.633 1676.509 1770.228 1756.597 1751.799 1789.477 1795.017 1851.025 1816.051 1831.548 1757.470 1719.815 1654.365 1501.464 1426.792 1366.057 1347.346 1203.831 1135.377 1109.669 1065.183 996.919 962.787 891.826 813.620 782.036 762.874 741.405 732.619 765.807 776.655
-999.250 -999.250 -999.250 -999.250 -999.250 -999.250 -999.250 -999.250 -999.250 -999.250 -999.250 -999.250 -999.250 -999.250 -999.250 -999.250 -999.250 -999.250 -999.250 -999.250 -999.250 -999.250 -999.250 -999.250 -999.250 -999.250 -999.250 -999.250 -999.250 -999.250 -999.250 1576.887 1598.300 1623.784 1555.929 1618.220 1657.946 1725.408 1722.329 1717.676 1763.555 1737.504 1773.386 1789.464 1710.606 1586.624 1528.456 1429.763 1388.345 1285.356 1213.485 1146.929 1110.613 1069.387 1039.777 938.001 878.718 832.434 800.424 793.012 779.599 822.926 825.085 881.926
-999.250 -999.250 -999.250 -999.250 -999.250 -999.250 -999.250 -999.250 -999.250 -999.250 -999.250 -999.250 -999.250 -999.250 -999.250 -999.250 -999.250 -999.250 -999.250 -999.250 -999.250 -999.250 -999.250 -999.250 -999.250 -999.250 -999.250 -999.250 -999.250 -999.250 1471.259 1473.994 1491.429 1502.562 1470.148 1544.187 1557.304 1633.842 1592.974 1627.049 1697.092 1658.113 1687.800 1689.620 1680.659 1642.847 1509.153 1433.950 1364.703 1320.072 1246.579 1182.053 1106.472 1081.025 1006.510 958.624 875.786 825.961 824.157 807.545 827.162 843.311 874.018 923.490
