data/medianmodel_01-Jan-2021.asc
ncols	141
nrows	288
xllcorner	-120191.398
yllcorner	-301404.813
cellsize	2000.000
NODATA_value	-999.250
[rows 203 to 231 of 288, columns 65 to 129 of 141]
1089.292 1058.946 978.530 929.492 853.691 763.615 705.856 656.841 571.329 515.099 460.935 387.949 348.277 297.088 281.408 221.036 207.951 223.283 252.711 285.622 322.253 412.049 484.091 593.895 743.910 926.082 1083.209 1281.055 1501.685 1622.205 -999.250 -999.250 -999.250 -999.250 -999.250 -999.250 -999.250 -999.250 -999.250 -999.250 -999.250 -999.250 -999.250 -999.250 -999.250 -999.250 -999.250 -999.250 -999.250 -999.250 -999.250 -999.250 -999.250 -999.250 -999.250 -999.250 -999.250 -999.250 -999.250 -999.250 -999.250 -999.250 -999.250 -999.250 -999.250
1236.184 1167.320 1026.136 979.799 906.496 869.663 804.493 663.113 584.703 515.073 474.643 428.273 366.659 313.619 257.027 210.933 211.253 243.806 253.750 280.712 350.384 416.595 504.250 651.199 803.342 973.220 1161.656 1410.969 1617.882 1722.521 1810.169 -999.250 -999.250 -999.250 -999.250 -999.250 -999.250 -999.250 -999.250 -999.250 -999.250 -999.250 -999.250 -999.250 -999.250 -999.250 -999.250 -999.250 -999.250 -999.250 -999.250 -999.250 -999.250 -999.250 -999.250 -999.250 -999.250 -999.250 -999.250 -999.250 -999.250 -999.250 -999.250 -999.250 -999.250
1491.490 1305.473 1212.846 1143.045 1012.095 899.658 831.614 698.064 644.762 554.633 490.703 439.705 366.859 312.317 269.305 246.206 248.235 244.691 244.977 270.757 341.691 435.038 516.779 696.583 867.099 993.005 1366.163 1570.062 1706.579 1869.114 -999.250 -999.250 -999.250 -999.250 -999.250 -999.250 -999.250 -999.250 -999.250 -999.250 -999.250 -999.250 -999.250 -999.250 -999.250 -999.250 -999.250 -999.250 -999.250 -999.250 -999.250 -999.250 -999.250 -999.250 -999.250 -999.250 -999.250 -999.250 -999.250 -999.250 -999.250 -999.250 -999.250 -999.250 -999.250
1525.543 1407.716 1236.344 1062.587 1012.392 940.070 823.125 768.512 653.837 585.918 492.815 437.512 392.077 345.277 309.036 264.791 246.933 257.971 259.198 295.405 349.476 447.725 621.510 745.403 884.980 1106.299 1419.319 1673.723 1813.212 2036.296 2180.079 -999.250 -999.250 -999.250 -999.250 -999.250 -999.250 -999.250 -999.250 -999.250 -999.250 -999.250 -999.250 -999.250 -999.250 -999.250 -999.250 -999.250 -999.250 -999.250 -999.250 -999.250 -999.250 -999.250 -999.250 -999.250 -999.250 -999.250 -999.250 -999.250 -999.250 -999.250 -999.250 -999.250 -999.250
1556.099 1455.966 1284.212 1149.868 1011.929 950.233 909.934 782.733 679.395 642.473 524.315 446.880 405.597 345.171 303.993 277.708 239.899 271.998 284.688 337.005 397.912 484.435 608.001 784.356 973.413 1285.492 1541.796 1734.006 1917.910 2216.295 2455.516 2571.485 -999.250 -999.250 -999.250 -999.250 -999.250 -999.250 -999.250 -999.250 -999.250 -999.250 -999.250 -999.250 -999.250 -999.250 -999.250 -999.250 -999.250 -999.250 -999.250 -999.250 -999.250 -999.250 -999.250 -999.250 -999.250 -999.250 -999.250 -999.250 -999.250 -999.250 -999.250 -999.250 -999.250
1600.614 1429.583 1337.592 1113.036 993.759 1031.182 952.928 826.239 721.501 635.604 531.410 468.981 378.757 352.320 337.180 316.954 291.996 303.318 331.731 360.292 425.673 522.310 661.553 868.289 939.487 1379.430 1562.251 1769.450 2033.381 2262.522 2580.930 2724.203 -999.250 -999.250 -999.250 -999.250 -999.250 -999.250 -999.250 -999.250 -999.250 -999.250 -999.250 -999.250 -999.250 -999.250 -999.250 -999.250 -999.250 -999.250 -999.250 -999.250 -999.250 -999.250 -999.250 -999.250 -999.250 -999.250 -999.250 -999.250 -999.250 -999.250 -999.250 -999.250 -999.250
1650.359 1539.377 1337.277 1125.603 1094.464 978.854 915.802 846.723 777.327 649.807 539.209 478.934 411.656 365.345 340.049 317.294 311.965 338.143 352.053 404.500 465.743 551.931 682.793 875.509 1006.399 1242.251 1677.771 1803.254 2125.163 2342.195 2671.034 2816.326 2758.683 -999.250 -999.250 -999.250 -999.250 -999.250 -999.250 -999.250 -999.250 -999.250 -999.250 -999.250 -999.250 -999.250 -999.250 -999.250 -999.250 -999.250 -999.250 -999.250 -999.250 -999.250 -999.250 -999.250 -999.250 -999.250 -999.250 -999.250 -999.250 -999.250 -999.250 -999.250 -999.250
1631.883 1547.184 1380.361 1117.627 1082.011 1006.326 918.281 878.567 728.444 658.739 582.451 499.361 423.023 374.957 351.328 349.585 343.271 364.291 400.991 445.320 498.999 576.755 722.684 857.621 1094.885 1381.275 1636.827 1771.710 2104.132 2465.996 2516.268 2712.288 2664.247 2668.105 -999.250 -999.250 -999.250 -999.250 -999.250 -999.250 -999.250 -999.250 -999.250 -999.250 -999.250 -999.250 -999.250 -999.250 -999.250 -999.250 -999.250 -999.250 -999.250 -999.250 -999.250 -999.250 -999.250 -999.250 -999.250 -999.250 -999.250 -999.250 -999.250 -999.250 -999.250
1652.089 1530.887 1356.225 1077.714 976.747 956.368 954.716 889.571 802.517 715.787 629.967 558.510 462.048 409.748 364.438 374.531 357.289 385.350 422.410 468.876 523.227 642.987 791.730 893.365 1013.618 1446.779 1656.812 1765.306 1902.988 2211.136 2410.572 2447.078 2568.325 2490.507 2462.658 -999.250 -999.250 -999.250 -999.250 -999.250 -999.250 -999.250 -999.250 -999.250 -999.250 -999.250 -999.250 -999.250 -999.250 -999.250 -999.250 -999.250 -999.250 -999.250 -999.250 -999.250 -999.250 -999.250 -999.250 -999.250 -999.250 -999.250 -999.250 -999.250 -999.250
1353.099 1205.270 1134.910 1036.197 984.731 993.293 959.715 959.605 894.271 785.018 686.114 623.599 495.550 435.706 403.565 416.841 402.079 434.285 480.381 498.105 583.132 668.184 824.556 928.835 1073.550 1452.559 1558.690 1708.424 1880.295 1967.926 2245.728 2215.658 2434.831 2357.230 2389.904 2176.152 -999.250 -999.250 -999.250 -999.250 -999.250 -999.250 -999.250 -999.250 -999.250 -999.250 -999.250 -999.250 -999.250 -999.250 -999.250 -999.250 -999.250 -999.250 -999.250 -999.250 -999.250 -999.250 -999.250 -999.250 -999.250 -999.250 -999.250 -999.250 -999.250
1010.183 984.397 964.951 955.620 989.518 986.893 998.986 985.425 946.267 916.126 892.498 760.342 607.173 463.281 469.288 461.285 484.345 502.562 531.201 550.247 632.139 700.249 822.742 906.596 1036.187 1385.777 1523.292 1589.923 1733.670 1786.126 1975.428 2042.553 2096.037 2231.881 2147.063 2060.913 -999.250 -999.250 -999.250 -999.250 -999.250 -999.250 -999.250 -999.250 -999.250 -999.250 -999.250 -999.250 -999.250 -999.250 -999.250 -999.250 -999.250 -999.250 -999.250 -999.250 -999.250 -999.250 -999.250 -999.250 -999.250 -999.250 -999.250 -999.250 -999.250
832.073 859.987 860.286 865.214 928.003 970.402 1032.290 1075.311 1062.189 1047.304 1030.882 940.480 804.483 676.592 616.103 589.480 581.016 603.433 569.046 631.554 672.596 729.029 814.923 892.895 1001.137 1121.623 1462.708 1521.166 1563.794 1619.284 1824.438 1880.460 1943.662 1896.885 1909.438 1875.555 1821.237 -999.250 -999.250 -999.250 -999.250 -999.250 -999.250 -999.250 -999.250 -999.250 -999.250 -999.250 -999.250 -999.250 -999.250 -999.250 -999.250 -999.250 -999.250 -999.250 -999.250 -999.250 -999.250 -999.250 -999.250 -999.250 -999.250 -999.250 -999.250
541.209 637.651 709.919 784.331 909.276 924.705 1019.676 1091.110 1330.780 1361.906 1374.634 1136.803 1042.535 890.629 804.512 721.296 662.328 701.083 694.757 697.054 700.916 730.686 819.741 868.331 937.070 1093.645 1169.554 1286.291 1423.001 1535.956 1677.200 1716.618 1739.343 1743.209 1759.448 1733.984 1656.756 1633.660 -999.250 -999.250 -999.250 -999.250 -999.250 -999.250 -999.250 -999.250 -999.250 -999.250 -999.250 -999.250 -999.250 -999.250 -999.250 -999.250 -999.250 -999.250 -999.250 -999.250 -999.250 -999.250 -999.250 -999.250 -999.250 -999.250 -999.250
349.369 419.394 540.258 670.522 792.697 858.525 997.830 1328.693 1467.314 1632.366 1643.997 1517.213 1400.379 1032.330 935.983 865.183 779.127 762.759 784.435 733.229 743.557 802.671 815.657 830.391 856.691 936.796 983.547 1077.028 1307.366 1222.222 1406.544 1509.898 1553.120 1570.131 1551.632 1543.887 1533.548 1408.618 -999.250 -999.250 -999.250 -999.250 -999.250 -999.250 -999.250 -999.250 -999.250 -999.250 -999.250 -999.250 -999.250 -999.250 -999.250 -999.250 -999.250 -999.250 -999.250 -999.250 -999.250 -999.250 -999.250 -999.250 -999.250 -999.250 -999.250
121.114 279.542 421.069 569.970 736.375 903.264 1009.869 1301.318 1588.132 1718.868 1960.073 1708.983 1541.902 1320.544 1124.213 956.159 937.686 858.252 823.492 810.798 768.183 769.099 781.006 763.591 839.246 840.060 888.482 901.345 977.965 974.652 1013.948 1170.290 1238.566 1295.552 1087.986 1141.810 1113.388 1116.818 -999.250 -999.250 -999.250 -999.250 -999.250 -999.250 -999.250 -999.250 -999.250 -999.250 -999.250 -999.250 -999.250 -999.250 -999.250 -999.250 -999.250 -999.250 -999.250 -999.250 -999.250 -999.250 -999.250 -999.250 -999.250 -999.250 -999.250
99.514 197.302 360.295 486.769 651.707 822.091 976.838 1107.717 1554.302 1714.978 1822.463 1728.117 1605.216 1512.995 1346.815 1092.499 974.097 941.894 895.481 846.112 789.910 778.091 721.793 709.054 748.822 705.109 723.104 762.172 752.784 836.317 907.195 923.973 965.592 952.446 987.135 975.909 993.525 944.869 830.190 -999.250 -999.250 -999.250 -999.250 -999.250 -999.250 -999.250 294.886 -999.250 -999.250 -999.250 -999.250 -999.250 -999.250 -999.250 -999.250 -999.250 -999.250 -999.250 -999.250 -999.250 -999.250 -999.250 -999.250 -999.250 -999.250
88.506 190.517 330.142 445.698 559.390 743.094 909.659 1024.883 1449.415 1618.815 1666.301 1648.010 1597.106 1375.598 1300.639 1160.192 1048.835 960.156 886.912 800.408 725.646 727.648 704.983 656.835 613.949 620.087 607.029 623.734 652.087 660.446 714.964 741.549 835.503 802.622 850.909 805.175 831.990 772.701 681.188 648.478 -999.250 -999.250 -999.250 300.307 280.899 255.295 221.236 -999.250 -999.250 -999.250 -999.250 -999.250 -999.250 -999.250 -999.250 -999.250 -999.250 -999.250 -999.250 -999.250 -999.250 -999.250 -999.250 -999.250 -999.250
89.393 183.075 295.782 409.703 515.723 652.884 833.312 1002.331 1201.703 1565.243 1624.136 1614.807 1545.180 1339.832 1333.664 1238.603 1114.271 965.224 885.024 844.536 716.421 676.148 637.030 576.836 540.242 496.532 486.955 476.878 489.751 530.997 580.746 634.139 652.684 628.058 644.773 663.545 657.712 585.157 533.802 463.050 -999.250 290.746 212.661 164.918 160.531 156.716 -999.250 -999.250 -999.250 -999.250 -999.250 -999.250 -999.250 -999.250 -999.250 -999.250 -999.250 -999.250 -999.250 -999.250 -999.250 -999.250 -999.250 -999.250 -999.250
96.140 176.058 294.484 392.955 512.367 675.142 827.664 951.463 1157.680 1476.254 1578.503 1595.796 1528.305 1492.049 1408.345 1185.219 1076.015 1005.618 846.262 774.567 728.000 675.927 572.130 496.231 467.378 409.370 355.896 346.125 350.347 373.881 431.116 465.444 488.089 512.838 500.469 500.964 487.127 451.285 401.640 340.015 262.843 155.567 61.200 71.180 83.282 98.818 -999.250 -999.250 -999.250 -999.250 -999.250 -999.250 -999.250 -999.250 -999.250 -999.250 -999.250 -999.250 -999.250 -999.250 -999.250 -999.250 -999.250 -999.250 -999.250
101.465 189.189 298.565 415.072 516.755 660.910 845.079 937.513 1055.602 1221.241 1471.840 1454.191 1467.309 1480.244 1362.914 1149.405 1057.785 957.633 848.914 729.237 641.230 614.945 515.628 458.109 375.304 306.968 253.633 174.953 219.072 272.645 292.593 332.596 349.161 371.980 383.563 388.744 352.976 324.873 279.234 218.900 145.319 77.796 25.115 15.489 38.124 53.507 -999.250 -999.250 -999.250 -999.250 -999.250 -999.250 -999.250 -999.250 -999.250 -999.250 -999.250 -999.250 -999.250 -999.250 -999.250 -999.250 -999.250 -999.250 -999.250
121.029 205.037 302.324 408.171 511.704 616.420 760.412 885.848 1005.175 1097.069 1252.639 1292.457 1443.788 1368.987 1226.236 1060.457 990.787 911.335 810.144 692.307 607.629 514.507 443.436 368.841 273.990 220.263 140.314 129.536 133.691 162.293 193.504 230.393 242.475 249.703 272.206 272.942 254.597 203.789 161.552 125.417 76.211 37.625 0.153 0.000 1.672 33.155 -999.250 -999.250 -999.250 -999.250 -999.250 -999.250 -999.250 -999.250 -999.250 -999.250 -999.250 -999.250 -999.250 -999.250 -999.250 -999.250 -999.250 -999.250 -999.250
139.480 231.412 313.123 411.878 513.015 639.927 731.111 862.012 940.821 1045.142 1064.516 1148.672 1262.583 1369.754 1177.001 1081.316 975.342 873.883 719.362 642.784 497.164 450.386 373.067 304.810 211.051 163.284 114.387 101.167 87.883 105.600 108.864 116.930 127.055 139.304 158.571 155.596 137.249 123.413 86.781 66.037 38.427 1.141 0.000 0.000 2.658 -999.250 -999.250 -999.250 -999.250 -999.250 -999.250 -999.250 -999.250 -999.250 -999.250 -999.250 -999.250 -999.250 -999.250 -999.250 -999.250 -999.250 -999.250 -999.250 -999.250
159.862 222.827 316.368 429.579 530.726 650.572 710.974 847.882 916.912 956.304 1012.171 1128.303 1184.613 1220.396 1024.903 1024.518 859.834 718.421 688.952 554.804 484.229 397.482 329.319 236.594 167.803 111.714 72.446 51.290 54.637 56.522 56.103 72.204 76.995 86.426 93.123 77.527 78.904 70.771 52.355 15.739 4.559 0.000 0.000 0.169 7.681 -999.250 -999.250 -999.250 -999.250 -999.250 -999.250 -999.250 -999.250 -999.250 -999.250 -999.250 -999.250 -999.250 -999.250 -999.250 -999.250 -999.250 -999.250 -999.250 -999.250
164.829 254.925 341.063 434.002 511.389 593.507 695.518 793.865 851.963 922.493 943.055 1067.969 1033.239 1088.306 956.288 883.906 791.290 697.193 624.703 524.019 448.291 357.818 280.916 165.563 115.252 69.152 39.308 19.992 20.872 4.118 12.303 32.834 38.330 43.065 39.922 35.831 36.023 34.611 16.550 5.118 0.000 0.000 3.139 23.475 29.630 -999.250 -999.250 -999.250 -999.250 -999.250 -999.250 -999.250 -999.250 -999.250 -999.250 -999.250 -999.250 -999.250 -999.250 -999.250 -999.250 -999.250 -999.250 -999.250 -999.250
147.890 276.153 349.713 433.659 500.196 599.999 662.765 736.281 841.478 887.495 916.981 971.799 993.643 968.065 912.504 866.708 758.324 595.975 517.870 449.799 398.932 307.324 224.405 152.221 85.945 52.354 27.859 0.000 0.000 0.000 0.000 0.000 4.290 10.239 0.000 0.000 0.000 2.807 2.548 2.640 2.673 7.242 21.108 41.798 -999.250 -999.250 -999.250 -999.250 -999.250 -999.250 -999.250 -999.250 -999.250 -999.250 -999.250 -999.250 -999.250 -999.250 -999.250 -999.250 -999.250 -999.250 -999.250 -999.250 -999.250
169.185 276.786 356.630 420.851 500.531 590.936 663.884 725.234 794.907 812.005 866.288 896.150 952.605 921.644 888.724 751.888 666.306 596.667 490.228 375.111 335.511 250.303 171.435 121.752 63.398 29.535 5.074 0.000 0.000 0.000 0.000 0.000 0.000 0.000 0.000 0.000 0.000 0.000 1.018 -999.250 -999.250 29.751 33.595 59.339 -999.250 -999.250 -999.250 -999.250 -999.250 -999.250 -999.250 -999.250 -999.250 -999.250 -999.250 -999.250 -999.250 -999.250 -999.250 -999.250 -999.250 -999.250 -999.250 -999.250 -999.250
199.857 275.421 344.793 413.930 485.049 592.632 639.427 686.038 745.234 804.632 821.914 877.299 866.613 850.167 747.076 698.003 614.467 526.532 450.845 361.444 274.108 190.092 133.048 91.715 36.899 8.428 0.000 0.000 0.000 0.000 0.000 0.000 0.000 0.000 0.000 0.000 0.000 12.840 26.353 -999.250 -999.250 -999.250 -999.250 -999.250 -999.250 -999.250 -999.250 -999.250 -999.250 -999.250 -999.250 -999.250 -999.250 -999.250 -999.250 -999.250 -999.250 -999.250 -999.250 -999.250 -999.250 -999.250 -999.250 -999.250 -999.250
213.334 284.187 341.280 407.467 486.352 547.933 626.930 694.588 726.179 742.803 778.499 821.063 800.649 749.925 687.296 657.618 567.576 506.730 425.004 325.117 246.074 145.385 109.307 63.079 21.644 0.000 0.000 0.000 0.000 0.000 0.000 0.000 0.000 0.000 0.000 -999.250 -999.250 35.942 -999.250 -999.250 -999.250 -999.250 -999.250 -999.250 -999.250 -999.250 -999.250 -999.250 -999.250 -999.250 -999.250 -999.250 -999.250 -999.250 -999.250 -999.250 -999.250 -999.250 -999.250 -999.250 -999.250 -999.250 -999.250 -999.250 -999.250
228.065 288.957 355.657 419.152 464.605 533.262 644.006 671.122 728.013 749.869 763.488 765.160 788.272 731.830 693.122 578.115 511.401 451.995 380.156 306.293 218.219 135.869 88.737 55.095 10.618 0.000 0.000 0.000 0.000 0.000 0.000 0.000 0.000 -999.250 -999.250 -999.250 -999.250 -999.250 -999.250 -999.250 -999.250 -999.250 -999.250 -999.250 -999.250 -999.250 -999.250 -999.250 -999.250 -999.250 -999.250 -999.250 -999.250 -999.250 -999.250 -999.250 -999.250 -999.250 -999.250 -999.250 -999.250 -999.250 -999.250 -999.250 -999.250
