data/medianmodel_21-Mar-2020.asc
ncols	141
nrows	288
xllcorner	-120191.398
yllcorner	-301404.813
cellsize	2000.000
NODATA_value	-999.250
[rows 31 to 61 of 288, columns 70 to 139 of 141]
0.000 0.000 0.000 0.000 0.000 0.000 0.000 0.000 0.000 0.000 0.000 0.000 0.000 0.000 0.000 0.931 0.970 1.785 4.150 4.878 4.464 5.574 5.624 7.334 7.990 9.852 8.434 7.822 9.059 10.095 10.012 8.205 10.727 10.544 10.935 11.185 11.015 10.625 10.993 10.566 10.922 10.572 10.266 10.066 10.695 10.550 8.616 7.040 7.439 6.574 7.204 5.971 4.049 2.489 3.297 1.139 0.000 0.000 0.000 0.000 0.000 0.000 0.000 0.000 0.000 0.521 1.215 2.821 3.023 2.443
0.000 0.000 0.000 0.000 0.000 0.000 0.000 0.000 0.000 0.000 0.000 0.000 0.000 0.000 0.325 0.579 0.785 0.733 2.347 3.326 3.934 3.548 4.529 6.496 7.406 8.490 9.386 8.911 11.262 10.471 10.646 10.420 10.808 10.194 9.164 10.742 12.105 11.969 12.439 11.394 9.595 9.302 10.872 9.962 9.171 8.424 6.808 7.167 6.235 7.620 6.638 5.814 3.815 3.759 2.388 0.352 0.000 0.000 0.000 0.000 0.000 0.000 0.000 0.000 0.000 0.290 1.650 2.221 3.157 2.796
0.000 0.000 0.000 0.000 0.000 0.000 0.000 0.000 0.000 0.000 0.000 0.000 0.000 0.000 0.000 0.000 1.114 1.725 1.745 2.793 3.425 4.790 5.384 6.026 7.880 8.584 8.379 9.160 10.172 10.702 9.385 10.280 11.389 9.410 9.199 8.823 9.424 11.724 13.778 12.135 9.857 9.935 10.140 9.956 10.257 9.205 7.145 7.063 8.224 6.555 6.056 4.421 3.228 2.577 1.687 0.215 0.000 0.000 0.000 0.000 0.000 0.000 0.000 0.000 0.000 0.000 0.565 1.150 3.818 -999.250
0.000 0.000 0.000 0.000 0.000 0.000 0.000 0.000 0.000 0.000 0.000 0.000 0.000 0.000 0.000 0.102 0.548 0.976 2.260 2.543 4.007 4.767 5.034 6.443 8.049 9.526 9.461 9.940 10.130 11.739 12.244 10.840 9.614 10.697 9.584 9.336 10.513 10.314 11.374 11.168 9.739 9.755 9.489 9.396 7.243 8.020 7.765 6.725 7.037 6.695 4.908 3.699 3.971 1.897 1.044 0.000 0.000 0.000 0.000 0.000 0.000 0.000 0.000 0.000 0.000 0.000 2.036 1.538 -999.250 -999.250
0.000 0.000 0.000 0.000 0.000 0.299 0.445 0.000 0.000 0.064 0.000 0.000 0.000 0.000 0.024 0.000 0.000 1.234 1.646 3.308 3.793 4.857 4.768 6.921 6.265 9.251 9.759 9.364 11.486 11.975 11.769 12.502 9.365 9.007 7.270 8.583 8.672 9.391 9.970 10.577 10.187 9.487 9.537 9.980 8.435 8.121 6.725 6.929 6.495 6.940 6.699 3.862 0.603 0.018 0.282 0.045 0.340 0.000 0.000 0.000 0.000 0.000 0.000 0.000 0.000 0.000 2.152 -999.250 -999.250 -999.250
0.000 0.000 0.000 0.288 0.000 0.618 1.521 1.518 0.655 0.000 0.000 0.000 0.000 0.000 0.000 0.000 0.000 0.000 0.232 1.926 3.754 4.450 3.733 6.474 7.326 7.775 9.385 10.341 10.324 13.791 12.135 11.008 9.411 9.829 9.529 8.087 8.781 8.552 9.139 10.122 10.390 9.559 8.003 7.293 7.404 7.103 6.393 6.269 5.224 5.302 4.603 3.169 1.217 0.524 0.581 0.000 0.000 0.000 0.000 0.000 0.000 0.000 0.000 0.000 0.000 0.402 2.650 -999.250 -999.250 -999.250
0.000 0.202 0.106 0.598 1.012 1.426 2.087 1.898 0.628 0.556 1.981 0.220 0.000 0.000 0.000 0.000 0.000 0.000 0.000 1.124 3.197 3.626 4.713 5.087 6.094 8.035 8.837 9.486 10.603 11.527 10.768 9.001 9.430 9.415 8.178 6.655 7.337 7.687 7.012 7.434 7.647 6.697 7.088 6.803 7.455 6.543 6.627 6.559 3.980 3.701 3.458 3.870 2.413 0.503 1.241 0.066 0.000 0.000 0.000 0.000 0.000 0.000 0.000 0.000 0.280 1.654 -999.250 -999.250 -999.250 -999.250
0.000 0.000 0.000 0.372 0.323 0.944 1.942 1.620 1.695 1.711 2.006 1.925 0.391 0.157 0.000 0.000 0.000 0.000 0.211 1.927 1.771 3.375 3.338 4.809 5.672 7.675 8.271 9.216 8.852 7.885 8.756 8.024 8.219 8.222 6.983 6.087 6.565 6.625 6.953 6.424 4.869 5.268 6.809 6.742 5.153 4.951 5.293 3.741 4.102 2.454 2.377 1.204 0.428 0.411 0.221 1.081 0.520 0.000 0.000 0.000 0.000 0.000 0.000 0.327 0.894 2.649 -999.250 -999.250 -999.250 -999.250
0.000 0.559 0.545 0.371 0.898 1.447 2.177 1.574 1.330 1.506 1.728 0.959 0.473 0.000 0.000 0.000 0.000 0.000 0.000 0.106 1.604 3.610 3.748 5.017 4.978 6.926 7.330 8.550 7.715 7.988 8.468 7.706 7.714 6.756 7.368 5.778 6.122 5.475 6.217 5.679 4.474 4.225 4.293 5.298 5.487 4.612 4.390 4.370 3.213 2.496 1.337 1.620 2.038 1.223 0.135 0.635 0.854 0.402 0.358 0.115 0.000 0.079 0.792 1.346 1.361 1.606 -999.250 -999.250 -999.250 -999.250
0.000 0.738 0.406 0.482 2.375 3.722 4.122 2.267 2.232 1.987 2.738 1.158 1.263 0.000 0.000 0.000 0.000 0.000 0.000 0.000 0.684 2.619 4.479 5.096 4.946 6.423 5.714 6.854 6.711 6.182 5.834 6.590 7.113 5.952 5.162 4.679 5.056 4.022 4.627 4.248 2.706 2.140 2.836 1.535 4.637 4.473 4.091 3.574 1.933 2.073 1.690 1.073 1.575 1.302 0.457 1.188 0.619 0.768 0.934 0.522 0.000 0.242 0.956 0.992 1.457 -999.250 -999.250 -999.250 -999.250 -999.250
0.301 0.677 0.551 2.420 2.926 3.258 2.742 3.029 3.590 2.862 2.362 2.032 0.821 0.324 0.000 0.000 0.000 0.000 0.000 0.000 1.220 1.413 2.804 4.439 4.798 4.729 4.928 6.015 6.409 5.633 4.439 4.607 4.916 4.928 4.378 4.983 3.787 2.492 2.333 2.325 2.373 0.508 1.503 1.393 2.611 1.618 2.017 2.505 1.700 0.498 2.326 0.396 1.040 1.327 0.993 0.853 1.879 0.965 0.865 1.195 0.166 1.328 1.077 2.170 3.142 3.388 -999.250 -999.250 -999.250 -999.250
0.000 1.415 1.272 2.772 2.610 4.032 2.942 2.117 2.034 2.719 2.851 3.511 1.895 0.710 0.566 0.000 0.000 0.000 0.000 0.000 0.955 1.878 2.697 3.539 4.253 3.610 4.834 5.190 3.823 3.374 4.565 3.095 3.544 3.127 3.683 2.171 2.651 0.895 0.709 0.719 0.352 0.319 0.186 0.449 2.153 1.357 0.869 0.106 0.377 0.106 2.458 1.706 1.157 1.355 1.448 1.694 0.765 0.898 1.104 2.648 2.827 2.224 -999.250 -999.250 -999.250 -999.250 -999.250 -999.250 -999.250 -999.250
0.000 0.940 1.166 2.504 2.980 2.674 2.341 3.372 3.143 3.000 3.811 3.111 0.935 0.309 0.093 0.000 0.000 0.000 0.000 0.000 0.275 0.928 2.283 2.121 1.853 2.956 2.851 2.644 3.376 2.542 3.578 2.556 3.002 2.461 1.497 1.094 0.594 0.023 0.000 0.000 0.000 0.000 0.000 0.000 0.613 0.125 0.000 0.000 0.817 0.329 1.513 1.038 0.245 1.059 0.424 1.251 0.420 0.760 0.754 1.454 2.892 1.596 2.446 -999.250 -999.250 -999.250 -999.250 -999.250 -999.250 -999.250
0.000 1.474 2.006 2.167 2.718 2.540 3.906 4.302 3.901 2.797 4.580 4.222 2.154 0.513 0.173 0.000 0.000 0.000 0.000 0.000 0.000 1.178 1.421 1.815 0.308 1.270 0.504 0.826 1.383 1.652 2.349 1.713 2.469 0.908 0.949 0.485 0.000 0.000 0.000 0.000 0.000 0.000 0.000 0.000 0.000 0.000 0.000 0.000 0.000 0.000 0.000 0.000 0.000 0.508 0.336 0.935 0.751 1.446 2.343 1.062 2.379 -999.250 -999.250 -999.250 -999.250 -999.250 -999.250 -999.250 -999.250 -999.250
0.000 0.200 2.606 3.283 3.319 3.558 4.792 4.573 4.190 3.796 3.586 3.143 1.617 0.812 0.088 0.000 0.000 0.000 0.000 0.000 0.000 0.232 0.625 0.493 0.000 0.576 0.039 0.711 0.960 0.597 2.216 0.906 0.146 0.127 0.000 0.000 0.000 0.000 0.000 0.000 0.000 0.000 0.000 0.000 0.000 0.000 0.000 0.000 0.000 0.000 0.000 0.000 0.000 0.184 1.162 0.207 2.279 1.978 1.731 1.411 2.585 -999.250 -999.250 -999.250 -999.250 -999.250 -999.250 -999.250 -999.250 -999.250
0.034 1.487 1.955 3.707 3.964 4.974 6.005 5.246 4.353 3.208 2.505 2.286 1.228 0.077 0.000 0.000 0.000 0.000 0.000 0.000 0.000 0.000 0.000 0.000 0.000 0.000 0.000 0.000 0.000 0.031 0.811 0.000 0.000 0.000 0.000 0.000 0.000 0.000 0.000 0.000 0.000 0.000 0.000 0.000 0.000 0.000 0.000 0.000 0.000 0.000 0.000 0.000 0.000 0.000 0.660 2.657 2.525 1.330 0.707 0.730 -999.250 -999.250 -999.250 -999.250 -999.250 -999.250 -999.250 -999.250 -999.250 -999.250
0.000 1.712 2.080 3.146 3.171 4.475 4.705 4.459 4.140 2.709 2.695 2.189 1.536 0.000 0.000 0.000 0.000 0.000 0.000 0.000 0.000 0.000 0.000 0.000 0.000 0.000 0.000 0.000 0.000 0.000 0.000 0.000 0.000 0.000 0.000 0.000 0.000 0.000 0.000 0.000 0.000 0.000 0.000 0.000 0.000 0.000 0.000 0.000 0.000 0.000 0.000 0.000 0.000 0.663 1.128 2.030 4.098 3.454 -999.250 -999.250 -999.250 -999.250 -999.250 -999.250 -999.250 -999.250 -999.250 -999.250 -999.250 -999.250
0.000 0.000 1.333 2.115 1.945 2.776 4.823 4.239 3.189 2.820 2.706 1.358 0.422 0.000 0.000 0.000 0.000 0.000 0.000 0.000 0.000 0.000 0.000 0.000 0.000 0.000 0.000 0.000 0.000 0.000 0.000 0.000 0.000 0.000 0.000 0.000 0.000 0.000 0.000 0.000 0.000 0.000 0.000 0.000 0.000 0.000 0.000 0.000 0.000 0.000 0.000 0.000 0.000 0.924 2.913 2.486 2.775 2.472 -999.250 -999.250 -999.250 -999.250 -999.250 -999.250 -999.250 -999.250 -999.250 -999.250 -999.250 -999.250
0.000 0.000 0.557 1.445 1.629 2.125 2.569 3.520 2.773 2.392 1.064 0.364 0.000 0.000 0.000 0.000 0.000 0.000 0.000 0.000 0.000 0.000 0.000 0.000 0.000 0.000 0.000 0.000 0.000 0.000 0.000 0.000 0.000 0.000 0.000 0.000 0.000 0.000 0.000 0.000 0.000 0.000 0.000 0.000 0.000 0.000 0.000 0.000 0.000 0.000 0.000 0.000 0.000 -999.250 0.860 1.952 -999.250 -999.250 -999.250 -999.250 -999.250 -999.250 -999.250 -999.250 -999.250 -999.250 -999.250 -999.250 -999.250 -999.250
0.000 0.000 0.000 0.692 1.125 1.646 2.400 2.878 1.195 0.977 0.054 0.358 0.000 0.000 0.000 0.000 0.000 0.000 0.000 0.000 0.000 0.000 0.000 0.000 0.000 0.000 0.000 0.000 0.000 0.000 0.000 0.000 0.000 0.000 0.000 0.000 0.000 0.000 0.000 0.000 0.000 0.000 0.000 0.000 0.000 0.000 0.000 0.000 0.000 0.000 0.000 -999.250 -999.250 -999.250 -999.250 -999.250 -999.250 -999.250 -999.250 -999.250 -999.250 -999.250 -999.250 -999.250 -999.250 -999.250 -999.250 -999.250 -999.250 -999.250
0.000 0.000 0.000 0.000 0.819 0.000 1.489 0.904 0.189 0.147 0.184 0.000 0.000 0.000 0.000 0.000 0.000 0.000 0.000 0.000 0.000 0.000 0.000 0.000 0.000 0.000 0.000 0.000 0.000 0.000 0.000 0.000 0.000 0.000 0.000 0.000 0.000 0.000 0.000 0.000 0.000 0.000 0.000 0.000 0.000 0.000 0.000 0.000 0.000 0.000 -999.250 -999.250 -999.250 -999.250 -999.250 -999.250 -999.250 -999.250 -999.250 -999.250 -999.250 -999.250 -999.250 -999.250 -999.250 -999.250 -999.250 -999.250 -999.250 -999.250
0.000 0.000 0.000 0.000 0.000 0.000 0.000 0.237 0.000 0.024 0.000 0.000 0.000 0.000 0.000 0.000 0.000 0.000 0.000 0.000 0.000 0.000 0.000 0.000 0.000 0.000 0.000 0.000 0.000 0.000 0.000 0.000 0.000 0.000 0.000 0.000 0.000 0.000 0.000 0.000 0.000 0.000 0.000 0.000 0.000 0.000 0.000 0.000 0.000 0.000 -999.250 -999.250 -999.250 -999.250 -999.250 -999.250 -999.250 -999.250 -999.250 -999.250 -999.250 -999.250 -999.250 -999.250 -999.250 -999.250 -999.250 -999.250 -999.250 -999.250
0.000 0.000 0.000 0.000 0.000 0.000 0.000 0.000 0.000 0.000 0.000 0.000 0.000 0.000 0.000 0.000 0.000 0.000 0.000 0.000 0.000 0.000 0.000 0.000 0.000 0.000 0.000 0.000 0.000 0.000 0.000 0.000 0.000 0.000 0.000 0.000 0.000 0.000 0.000 0.000 0.000 0.000 0.000 0.000 0.000 0.000 0.000 0.000 0.000 -999.250 -999.250 -999.250 -999.250 -999.250 -999.250 -999.250 -999.250 -999.250 -999.250 -999.250 -999.250 -999.250 -999.250 -999.250 -999.250 -999.250 -999.250 -999.250 -999.250 -999.250
0.000 0.000 0.000 0.000 0.000 0.000 0.000 0.000 0.000 0.000 0.000 0.000 0.000 0.000 0.000 0.000 0.000 0.000 0.000 0.000 0.000 0.000 0.000 0.000 0.000 0.000 0.000 0.000 0.000 0.000 0.000 0.000 0.000 0.000 0.000 0.000 0.000 0.000 0.000 0.000 0.000 0.000 0.000 0.000 0.000 0.000 0.000 0.000 -999.250 -999.250 -999.250 -999.250 -999.250 -999.250 -999.250 -999.250 -999.250 -999.250 -999.250 -999.250 -999.250 -999.250 -999.250 -999.250 -999.250 -999.250 -999.250 -999.250 -999.250 -999.250
0.000 0.000 0.000 0.000 0.000 0.000 0.000 0.000 0.000 0.000 0.000 0.000 0.000 0.000 0.000 0.000 0.000 0.000 0.000 0.000 0.000 0.000 0.000 0.000 0.000 0.000 0.000 0.000 0.000 0.000 0.000 0.000 0.000 0.000 0.000 0.000 0.000 0.000 0.272 0.000 0.100 0.000 0.000 0.000 0.000 0.000 0.000 0.000 -999.250 -999.250 -999.250 -999.250 -999.250 -999.250 -999.250 -999.250 -999.250 -999.250 -999.250 -999.250 -999.250 -999.250 -999.250 -999.250 -999.250 -999.250 -999.250 -999.250 -999.250 -999.250
2.916 0.976 0.000 0.000 0.000 0.000 0.000 0.000 0.000 0.000 0.000 0.000 0.000 0.000 0.000 0.000 0.000 0.000 0.000 0.000 0.000 0.000 0.000 0.000 0.000 0.000 0.000 0.000 0.000 0.000 0.000 0.000 0.000 0.000 0.059 0.000 0.079 0.000 0.000 0.714 0.419 0.000 0.000 0.000 0.000 0.000 0.000 -999.250 -999.250 -999.250 -999.250 -999.250 -999.250 -999.250 -999.250 -999.250 -999.250 -999.250 -999.250 -999.250 -999.250 -999.250 -999.250 -999.250 -999.250 -999.250 -999.250 -999.250 -999.250 -999.250
4.522 2.500 0.066 0.000 0.000 0.000 0.000 0.000 0.000 0.000 0.000 0.000 0.000 0.000 0.000 0.000 0.000 0.000 0.000 0.000 0.000 0.000 0.000 0.000 0.000 0.000 0.000 0.000 0.000 0.000 0.000 0.000 0.000 0.000 0.000 0.260 0.057 0.000 0.000 0.972 1.019 0.000 0.000 0.000 0.000 0.000 0.000 -999.250 -999.250 -999.250 -999.250 -999.250 -999.250 -999.250 -999.250 -999.250 -999.250 -999.250 -999.250 -999.250 -999.250 -999.250 -999.250 -999.250 -999.250 -999.250 -999.250 -999.250 -999.250 -999.250
4.542 2.682 0.519 0.000 0.000 0.000 0.000 0.000 0.000 0.000 0.000 0.000 0.000 0.000 0.000 0.000 0.000 0.000 0.000 0.000 0.000 0.000 0.000 0.000 0.000 0.000 0.000 0.000 0.000 0.000 0.000 0.000 0.000 0.000 0.000 0.739 0.265 0.562 0.000 0.865 0.149 0.000 0.000 0.000 0.000 0.000 0.000 -999.250 -999.250 -999.250 -999.250 -999.250 -999.250 -999.250 -999.250 -999.250 -999.250 -999.250 -999.250 -999.250 -999.250 -999.250 -999.250 -999.250 -999.250 -999.250 -999.250 -999.250 -999.250 -999.250
4.670 2.172 0.689 0.000 0.000 0.000 0.000 0.000 0.000 0.000 0.000 0.000 0.000 0.000 0.000 0.000 0.000 0.000 0.000 0.000 0.000 0.000 0.000 0.000 0.000 0.000 0.000 0.000 0.000 0.000 0.000 0.000 0.000 0.000 0.878 0.858 1.119 0.379 0.000 0.000 0.000 0.000 0.000 0.000 0.000 0.000 -999.250 -999.250 -999.250 -999.250 -999.250 -999.250 -999.250 -999.250 -999.250 -999.250 -999.250 -999.250 -999.250 -999.250 -999.250 -999.250 -999.250 -999.250 -999.250 -999.250 -999.250 -999.250 -999.250 -999.250
4.611 2.027 0.521 0.000 0.000 0.000 0.000 0.000 0.000 0.000 0.000 0.000 0.000 0.000 0.000 0.000 0.000 0.642 0.000 0.000 0.000 0.000 0.000 0.000 0.000 0.000 0.000 0.000 0.000 0.000 0.000 0.000 0.000 0.221 0.580 1.144 1.938 0.000 0.000 0.000 0.000 0.000 0.000 0.000 0.000 0.000 -999.250 -999.250 -999.250 -999.250 -999.250 -999.250 -999.250 -999.250 -999.250 -999.250 -999.250 -999.250 -999.250 -999.250 -999.250 -999.250 -999.250 -999.250 -999.250 -999.250 -999.250 -999.250 -999.250 -999.250
3.882 1.621 0.972 0.000 0.000 0.000 0.000 0.000 0.000 0.000 0.000 0.000 0.000 0.000 0.576 0.120 0.147 0.029 0.832 0.248 0.000 0.000 0.000 0.000 0.000 0.000 0.000 0.000 0.000 0.000 0.000 0.000 0.000 0.000 0.000 0.752 1.121 0.146 0.612 0.001 0.000 0.000 0.000 0.000 0.000 -999.250 -999.250 -999.250 -999.250 -999.250 -999.250 -999.250 -999.250 -999.250 -999.250 -999.250 -999.250 -999.250 -999.250 -999.250 -999.250 -999.250 -999.250 -999.250 -999.250 -999.250 -999.250 -999.250 -999.250 -999.250
