data/medianmodel_04-Apr-2020.asc
ncols	141
nrows	288
xllcorner	-120191.398
yllcorner	-301404.813
cellsize	2000.000
NODATA_value	-999.250
[rows 180 to 209 of 288, columns 0 to 67 of 141]
-999.250 -999.250 -999.250 49.349 50.322 55.817 60.076 50.803 42.166 43.735 37.797 44.606 48.271 37.768 33.108 34.606 32.214 32.373 31.587 29.259 33.371 35.043 41.491 36.219 42.632 51.093 54.835 57.204 66.811 72.964 63.728 65.018 75.951 78.253 76.813 72.724 73.543 61.340 59.212 61.628 61.129 59.055 60.148 61.602 61.777 54.973 51.442 47.366 39.549 38.316 33.899 31.335 28.307 30.252 25.226 20.425 16.761 15.103 11.411 13.647 12.181 9.717 11.312 12.752 12.306 9.929 9.511 12.759
-999.250 -999.250 -999.250 50.591 51.943 60.030 64.029 52.951 51.326 56.436 44.638 50.367 50.727 46.302 45.592 42.991 40.250 33.654 43.385 33.473 37.643 38.364 35.758 42.074 43.213 53.635 56.096 66.289 61.788 67.361 63.806 66.513 63.974 70.604 79.023 65.905 67.554 64.564 59.715 61.404 60.463 64.012 54.315 58.073 56.893 52.844 57.176 44.235 42.226 41.123 32.592 28.030 29.611 27.724 23.788 21.438 17.276 14.786 14.854 15.183 13.616 12.743 11.246 12.245 10.525 9.725 7.727 8.595
-999.250 -999.250 43.531 54.010 61.564 60.944 70.060 59.930 60.546 61.813 58.051 52.009 49.495 51.256 49.769 50.804 50.361 42.020 47.258 39.989 41.989 36.924 40.149 41.908 50.506 52.202 52.952 60.298 73.691 72.047 68.082 69.951 66.878 74.485 71.608 72.404 63.259 55.922 52.385 66.253 55.662 61.138 53.920 59.375 54.965 50.004 45.874 44.693 42.112 38.928 40.594 28.511 26.674 27.555 23.602 22.816 20.164 16.060 12.927 10.529 10.395 13.329 13.819 10.066 9.296 9.529 11.537 10.723
-999.250 -999.250 48.141 56.803 56.784 56.248 63.273 61.452 59.266 63.000 60.519 65.002 61.683 62.441 60.709 57.543 54.106 59.716 49.562 52.177 -999.250 42.028 39.712 42.413 50.053 52.960 55.624 56.122 69.818 84.962 74.014 63.801 68.456 70.527 61.574 62.448 62.075 48.713 49.735 64.290 56.997 59.514 56.356 57.238 56.599 48.130 50.691 42.781 38.543 34.906 34.677 27.414 26.095 23.266 24.726 23.134 21.213 19.194 17.795 14.715 15.081 12.618 11.089 8.610 9.511 10.225 11.603 9.986
-999.250 45.756 56.670 55.335 63.074 61.737 59.659 64.091 61.711 61.172 58.440 63.085 62.127 57.187 58.034 60.662 66.920 63.172 65.156 -999.250 -999.250 51.336 44.944 41.628 50.578 51.070 61.259 60.772 71.029 71.138 75.744 71.871 63.602 60.966 58.131 63.460 57.519 59.550 58.785 53.259 55.985 54.842 61.476 45.180 49.486 43.087 45.301 32.764 31.067 37.111 33.292 28.538 25.502 21.853 22.227 20.508 19.618 18.366 18.073 13.911 13.896 12.996 10.872 11.148 10.109 9.489 8.364 12.055
-999.250 53.139 53.987 55.625 63.326 62.862 60.064 64.887 63.284 65.887 58.763 52.799 56.872 60.594 66.142 64.563 67.677 67.780 -999.250 -999.250 -999.250 -999.250 52.870 49.789 57.986 53.542 64.583 66.973 65.350 61.385 68.455 65.991 56.447 60.823 63.467 62.425 49.228 55.779 60.745 44.105 45.991 57.100 49.339 35.949 41.567 37.385 40.618 30.372 30.125 30.362 28.062 23.290 22.293 22.360 21.485 18.612 18.176 15.888 16.095 12.420 11.032 13.601 12.525 10.313 10.111 7.284 8.934 9.490
48.962 53.992 60.132 63.903 69.941 66.753 66.255 71.635 71.444 74.093 57.587 56.247 59.443 60.307 69.617 93.050 78.168 74.869 -999.250 -999.250 -999.250 -999.250 -999.250 49.038 56.671 52.354 64.970 56.293 64.751 64.339 60.288 60.203 58.286 57.540 61.118 58.258 51.479 50.356 43.981 46.479 46.460 49.767 51.697 36.232 42.122 34.666 30.829 25.107 25.689 23.812 22.075 23.088 23.689 22.945 23.012 19.270 18.057 16.239 18.492 14.767 11.872 10.194 8.984 9.016 5.501 3.876 5.255 6.971
-999.250 49.850 62.888 61.579 67.239 64.483 65.888 65.430 66.403 67.687 56.563 55.063 59.205 69.516 85.211 114.713 102.600 93.574 -999.250 -999.250 -999.250 -999.250 47.235 48.363 47.499 50.155 51.914 52.239 53.495 51.114 50.566 52.302 64.361 50.693 56.728 51.547 42.093 47.932 44.059 46.846 38.655 43.240 44.659 33.347 37.527 28.703 28.251 25.220 25.636 22.175 22.503 22.498 22.674 20.534 19.209 17.894 17.497 19.355 16.370 15.407 11.349 11.821 9.927 8.717 3.711 0.000 3.852 8.136
-999.250 53.249 60.338 59.397 69.556 64.618 57.690 68.328 63.796 60.111 56.925 55.692 59.182 67.774 93.494 117.170 108.287 89.387 -999.250 -999.250 -999.250 50.838 -999.250 39.517 43.555 40.597 46.247 49.312 47.329 49.541 53.080 51.799 51.557 48.911 43.371 41.651 36.030 39.542 39.485 37.574 41.990 39.914 35.081 30.628 28.734 30.146 26.789 24.080 22.297 25.073 20.519 21.503 24.388 21.926 20.826 18.750 18.012 14.762 14.871 14.504 12.632 10.799 12.196 7.104 7.744 4.346 7.202 8.442
-999.250 58.150 62.634 63.964 63.850 62.622 69.668 63.138 60.398 58.300 58.649 56.022 63.179 70.646 90.292 111.468 119.817 -999.250 -999.250 -999.250 -999.250 45.406 39.665 34.594 35.393 32.188 38.812 43.864 47.701 44.072 48.474 42.845 42.973 44.542 31.294 35.352 39.345 36.188 38.784 37.263 36.301 27.842 29.511 25.289 25.892 23.776 26.953 22.928 20.620 16.281 19.088 19.530 19.781 20.919 16.540 17.639 17.036 12.835 14.432 12.987 14.753 12.856 10.816 12.402 10.014 9.848 13.240 11.495
-999.250 50.115 56.725 72.563 63.839 55.387 64.251 55.267 53.222 58.138 57.162 60.313 61.745 74.359 78.698 89.971 80.002 -999.250 -999.250 -999.250 52.306 44.699 32.978 28.889 30.004 28.049 31.908 37.550 40.431 45.087 40.211 38.063 35.671 38.762 35.258 33.113 35.218 25.849 32.474 34.777 26.168 28.792 28.258 18.369 16.783 19.351 20.187 19.777 17.786 16.278 17.427 15.390 18.256 15.092 16.773 17.410 16.611 13.189 15.563 12.461 12.723 12.270 15.152 15.480 11.642 15.412 16.876 17.385
-999.250 -999.250 -999.250 58.955 -999.250 -999.250 52.105 55.706 52.584 -999.250 -999.250 -999.250 57.893 60.556 -999.250 -999.250 -999.250 -999.250 -999.250 -999.250 55.896 44.221 38.156 31.558 30.602 25.755 26.338 30.336 33.090 36.329 33.385 35.065 35.618 35.279 33.898 29.414 31.845 30.371 28.615 26.987 29.254 30.999 27.281 19.403 16.086 13.737 14.135 16.502 16.001 15.768 16.710 19.408 17.242 17.209 15.457 17.104 15.017 12.221 16.973 12.824 15.656 15.841 13.777 14.482 14.115 15.867 16.949 19.474
-999.250 -999.250 -999.250 -999.250 -999.250 -999.250 -999.250 -999.250 -999.250 -999.250 -999.250 -999.250 -999.250 60.574 67.232 69.817 -999.250 -999.250 -999.250 64.239 58.168 47.792 34.538 31.060 28.027 27.848 25.788 25.567 25.352 32.805 32.198 31.859 31.364 32.446 29.532 25.952 25.257 29.841 28.210 25.962 26.141 26.341 21.030 16.282 16.051 8.885 12.367 12.834 15.525 14.406 14.566 14.201 15.201 11.159 13.525 13.863 10.606 11.209 14.563 16.676 14.434 15.385 17.462 17.167 15.076 16.982 17.715 23.102
-999.250 -999.250 -999.250 -999.250 -999.250 -999.250 -999.250 -999.250 -999.250 -999.250 -999.250 53.679 58.016 56.553 57.031 58.566 -999.250 -999.250 67.508 75.851 54.643 43.802 38.090 31.386 25.378 25.320 24.205 25.440 26.525 30.886 26.681 31.461 33.256 33.436 32.446 29.745 27.469 25.110 26.384 28.025 24.574 21.726 17.946 13.595 14.226 11.153 13.210 10.815 10.241 11.842 16.880 16.105 13.940 13.415 16.084 10.470 6.391 8.141 12.582 15.632 16.031 15.023 16.895 17.701 18.442 19.362 22.583 22.618
-999.250 -999.250 -999.250 -999.250 -999.250 -999.250 -999.250 -999.250 -999.250 -999.250 -999.250 39.054 44.657 50.464 51.696 50.952 49.449 57.685 58.252 59.584 53.563 41.921 37.665 32.166 28.979 21.239 20.227 23.469 24.259 25.665 24.760 25.129 31.260 30.629 28.144 28.590 26.292 24.695 21.575 20.348 19.899 17.237 17.054 15.302 13.396 12.439 10.119 10.922 11.141 14.202 17.570 17.120 15.615 16.866 14.939 12.573 10.965 9.916 14.805 15.698 16.025 16.596 18.401 20.545 20.113 25.318 26.514 26.333
-999.250 -999.250 -999.250 -999.250 -999.250 -999.250 -999.250 -999.250 -999.250 -999.250 -999.250 -999.250 37.216 43.608 39.579 43.745 38.748 44.404 52.638 49.119 49.977 38.481 32.581 28.709 26.879 24.977 24.089 23.838 22.556 23.532 23.522 25.469 25.941 25.917 23.490 22.887 24.334 22.346 16.217 18.290 17.297 17.235 15.085 15.291 16.506 14.604 9.376 12.253 11.306 13.536 16.399 17.121 13.835 14.651 16.340 12.854 13.579 12.000 15.564 15.740 18.043 19.140 22.479 24.970 29.245 25.855 27.854 28.533
-999.250 -999.250 -999.250 -999.250 -999.250 -999.250 -999.250 -999.250 -999.250 -999.250 -999.250 -999.250 -999.250 40.358 44.136 39.534 35.317 36.993 42.292 41.854 42.873 34.370 27.838 27.783 29.779 27.860 26.610 24.320 21.424 22.255 21.689 26.053 27.673 24.274 22.889 20.322 21.634 19.963 18.458 19.235 16.888 14.476 14.317 15.697 14.254 14.323 12.665 13.386 12.194 11.290 13.515 13.031 14.290 14.694 13.043 12.511 15.807 16.533 19.531 21.130 19.889 21.695 20.114 23.741 26.964 24.400 26.919 29.278
-999.250 -999.250 -999.250 -999.250 -999.250 -999.250 -999.250 -999.250 -999.250 -999.250 -999.250 -999.250 -999.250 36.593 35.887 39.226 32.573 33.040 33.336 35.816 36.778 32.172 30.602 28.036 27.857 30.617 24.383 22.935 19.932 22.340 22.644 21.084 22.544 19.992 19.957 19.516 19.487 22.233 18.183 23.744 18.624 16.322 14.658 14.661 14.189 11.796 12.879 12.011 12.012 11.181 12.996 12.520 12.425 16.690 14.838 18.327 17.980 19.093 18.769 20.259 23.311 23.739 22.304 21.736 27.125 29.233 29.378 30.808
-999.250 -999.250 -999.250 -999.250 -999.250 -999.250 -999.250 -999.250 -999.250 -999.250 -999.250 -999.250 -999.250 32.650 30.500 31.293 28.858 24.345 25.515 27.598 27.756 27.618 27.385 27.231 26.802 22.985 23.345 18.204 21.259 22.102 25.250 20.930 20.462 18.459 19.095 19.926 20.878 19.472 17.883 18.957 17.681 19.381 18.089 15.525 14.033 11.624 14.817 15.050 14.541 15.124 11.825 16.124 15.518 12.731 13.230 15.742 16.801 18.853 20.644 20.381 21.553 21.535 24.366 27.239 31.785 29.520 28.270 32.234
-999.250 -999.250 -999.250 -999.250 -999.250 -999.250 -999.250 -999.250 -999.250 -999.250 -999.250 -999.250 -999.250 -999.250 26.694 27.215 30.081 21.467 19.283 22.023 22.971 24.070 21.627 22.884 22.900 22.863 23.135 23.771 26.226 24.020 26.540 25.405 21.170 23.492 21.478 20.578 20.868 21.874 18.101 18.034 20.098 17.307 16.347 18.490 15.860 14.788 17.639 15.223 12.580 12.406 16.531 17.655 13.607 13.557 16.723 14.230 19.456 19.296 22.912 20.325 20.508 21.138 25.884 28.661 31.966 28.560 30.125 32.195
-999.250 -999.250 -999.250 -999.250 -999.250 -999.250 -999.250 -999.250 -999.250 -999.250 -999.250 -999.250 -999.250 -999.250 23.730 24.468 21.294 21.981 22.489 22.528 21.823 23.408 23.797 21.964 21.678 24.969 25.192 20.413 26.927 27.170 27.595 26.584 19.767 21.918 23.681 22.870 22.288 21.267 22.801 21.668 21.722 16.596 14.298 20.771 18.645 15.712 16.405 16.829 13.721 15.768 14.928 14.657 16.004 16.393 17.596 21.248 18.632 24.040 21.144 18.775 20.748 21.103 24.771 28.241 30.301 33.501 31.337 34.542
-999.250 -999.250 -999.250 -999.250 -999.250 -999.250 -999.250 -999.250 -999.250 -999.250 -999.250 -999.250 -999.250 -999.250 24.862 24.341 23.055 23.041 21.987 24.122 25.234 22.442 22.130 23.590 24.383 23.974 23.506 26.772 28.513 27.922 25.297 25.816 24.588 25.483 22.477 24.123 21.825 22.934 22.516 20.107 19.706 18.556 17.714 18.434 16.139 16.381 16.849 12.476 14.862 14.899 18.532 15.169 14.252 15.093 14.246 17.181 16.072 18.949 20.479 24.815 24.148 23.385 24.118 29.847 29.044 34.459 34.097 33.565
-999.250 -999.250 -999.250 -999.250 -999.250 -999.250 -999.250 -999.250 -999.250 -999.250 -999.250 -999.250 -999.250 -999.250 25.287 23.579 20.830 19.986 22.861 23.551 22.181 22.653 22.355 23.275 23.248 -999.250 26.803 24.424 25.649 28.045 26.233 24.807 23.147 24.927 25.879 25.163 25.171 25.450 23.222 22.874 19.091 18.392 17.592 15.286 16.258 13.529 15.250 14.926 14.904 15.136 17.608 17.609 11.611 15.092 14.597 17.127 19.084 18.522 18.564 20.664 21.840 23.109 25.345 25.316 29.813 33.141 28.499 29.799
-999.250 -999.250 -999.250 -999.250 -999.250 -999.250 -999.250 -999.250 -999.250 -999.250 -999.250 -999.250 -999.250 -999.250 24.110 23.244 20.564 20.855 22.890 21.008 21.345 23.365 22.067 -999.250 -999.250 -999.250 25.170 29.724 32.168 26.078 24.249 29.715 25.622 23.483 27.986 24.290 25.572 24.381 24.274 23.351 18.854 17.762 15.822 16.257 17.250 17.900 16.865 19.926 22.109 19.726 17.794 19.831 14.883 16.531 15.036 16.238 20.013 24.016 20.466 22.414 18.750 21.587 21.750 22.839 26.393 27.647 26.187 26.182
-999.250 -999.250 -999.250 -999.250 -999.250 -999.250 -999.250 -999.250 -999.250 -999.250 -999.250 -999.250 -999.250 20.732 19.871 24.007 23.343 20.521 20.604 19.540 21.189 22.275 -999.250 -999.250 -999.250 -999.250 -999.250 29.143 31.326 27.192 26.012 24.793 26.536 31.317 28.779 22.612 23.480 20.863 21.483 20.745 21.180 16.839 15.831 17.096 17.860 17.362 18.912 19.884 19.487 21.076 23.996 16.341 17.791 15.763 16.439 18.105 21.174 20.848 21.466 15.908 21.199 20.500 19.158 22.839 23.246 25.670 25.788 23.856
-999.250 -999.250 -999.250 -999.250 -999.250 -999.250 -999.250 -999.250 -999.250 -999.250 -999.250 -999.250 -999.250 17.472 20.156 22.962 22.585 24.060 22.104 16.611 -999.250 -999.250 -999.250 -999.250 -999.250 -999.250 -999.250 -999.250 28.139 26.376 22.708 25.614 26.477 28.552 30.387 29.437 25.304 22.548 24.173 18.908 15.532 16.364 14.609 17.571 20.511 19.960 20.424 16.993 18.655 19.413 18.950 21.455 18.314 14.081 15.618 18.290 18.589 21.139 17.596 19.228 18.814 20.543 21.096 23.337 20.752 23.054 24.133 20.799
-999.250 -999.250 -999.250 -999.250 -999.250 -999.250 -999.250 -999.250 -999.250 -999.250 -999.250 -999.250 17.820 17.043 -999.250 -999.250 -999.250 -999.250 -999.250 -999.250 -999.250 -999.250 -999.250 -999.250 -999.250 -999.250 -999.250 -999.250 -999.250 28.664 28.635 25.496 26.919 33.521 33.383 32.495 27.646 26.525 21.955 18.731 17.596 19.303 16.953 21.417 21.061 20.216 22.373 23.665 18.835 18.152 20.773 19.756 20.149 16.494 15.540 15.200 18.303 20.965 16.081 18.080 17.965 17.849 19.283 20.263 18.998 22.232 18.875 21.608
-999.250 -999.250 -999.250 -999.250 -999.250 -999.250 -999.250 -999.250 -999.250 -999.250 -999.250 -999.250 -999.250 -999.250 -999.250 -999.250 -999.250 -999.250 -999.250 -999.250 -999.250 -999.250 -999.250 -999.250 -999.250 -999.250 -999.250 -999.250 -999.250 -999.250 31.556 28.747 31.873 27.533 30.727 30.016 24.812 25.007 23.141 22.121 21.103 21.953 20.112 19.882 23.220 21.158 23.642 24.370 17.943 14.747 18.106 18.972 21.112 15.856 18.291 16.195 16.312 19.608 19.857 17.578 18.268 19.755 19.347 22.763 21.214 20.439 16.790 14.051
-999.250 -999.250 -999.250 -999.250 -999.250 -999.250 -999.250 -999.250 -999.250 -999.250 -999.250 -999.250 -999.250 -999.250 -999.250 -999.250 -999.250 -999.250 -999.250 -999.250 -999.250 -999.250 -999.250 -999.250 -999.250 -999.250 -999.250 -999.250 -999.250 -999.250 30.305 31.155 34.866 33.745 30.321 28.305 27.631 25.865 25.629 27.553 24.498 25.433 22.471 23.054 21.643 20.415 22.717 23.750 19.443 17.871 16.145 19.227 21.693 19.073 20.848 21.249 19.165 15.827 17.184 15.711 15.921 19.846 17.865 17.964 15.771 13.538 15.588 17.624
-999.250 -999.250 -999.250 -999.250 -999.250 -999.250 -999.250 -999.250 -999.250 -999.250 -999.250 -999.250 -999.250 -999.250 -999.250 -999.250 -999.250 -999.250 -999.250 -999.250 -999.250 -999.250 -999.250 -999.250 -999.250 -999.250 -999.250 -999.250 -999.250 -999.250 25.695 27.829 30.236 31.661 32.507 33.232 29.535 27.600 31.661 28.329 27.200 21.103 20.397 20.256 23.715 25.467 21.824 18.641 20.419 17.873 17.967 19.238 20.659 18.583 20.191 19.454 18.376 14.377 11.283 14.061 16.763 17.357 15.239 14.441 11.721 8.896 10.717 13.487
