data/medianmodel_21-Sep-2020.asc
ncols	141
nrows	288
xllcorner	-120191.398
yllcorner	-301404.813
cellsize	2000.000
NODATA_value	-999.250
[rows 30 to 59 of 288, columns 68 to 135 of 141]
0.000 0.000 0.000 0.000 0.864 4.580 10.043 15.857 21.527 32.298 50.182 55.913 65.584 72.248 71.404 71.443 66.800 64.089 61.389 54.397 50.545 42.133 37.237 28.422 28.034 24.621 19.573 18.780 16.789 14.751 13.178 12.412 4.762 0.616 2.742 0.000 0.000 2.546 14.032 26.171 39.664 60.099 87.808 125.522 147.297 189.831 215.196 233.336 282.385 318.487 349.165 505.733 538.912 805.809 802.074 876.246 932.344 897.526 973.284 994.283 939.102 868.507 798.021 666.763 507.535 343.732 256.648 197.243
0.000 0.000 0.000 0.000 0.000 4.918 9.958 18.179 27.861 39.485 53.310 66.934 68.099 73.944 77.569 74.403 69.606 66.671 54.932 48.925 45.839 40.433 31.353 27.834 24.819 21.940 17.571 16.544 18.042 15.359 13.257 10.344 6.880 1.925 0.734 0.000 3.303 5.118 15.683 25.263 41.051 62.663 82.788 122.687 155.622 178.898 189.606 212.594 253.501 290.438 345.259 493.652 544.883 692.823 755.761 818.986 907.668 899.748 915.358 925.931 895.872 780.072 632.305 695.386 560.928 323.626 228.178 190.545
0.000 0.000 0.000 0.000 0.000 2.699 8.349 15.428 28.346 46.530 53.624 70.599 77.340 83.077 79.464 76.764 70.412 59.196 63.076 50.455 46.712 32.734 30.474 23.855 17.503 16.951 18.487 18.170 17.420 15.910 13.105 10.646 8.138 3.728 5.623 4.936 5.935 9.146 12.885 25.194 43.919 60.098 81.795 97.415 142.344 178.557 192.768 208.129 220.724 272.641 331.655 451.458 530.009 652.325 658.174 805.060 837.156 887.325 856.455 870.053 843.830 639.155 621.750 423.669 311.669 266.753 203.878 146.494
0.000 0.000 0.000 0.000 0.000 0.000 7.769 18.008 30.031 43.640 61.733 69.884 80.806 85.056 85.081 81.261 73.302 62.769 54.817 46.891 37.908 31.040 27.717 21.490 18.006 18.395 17.745 17.931 17.701 15.859 15.329 14.258 13.340 10.172 6.310 6.774 3.814 8.824 11.977 22.797 41.334 60.334 74.111 97.316 118.405 158.127 177.501 187.797 236.395 282.112 311.607 392.549 392.814 617.398 684.080 653.790 764.362 806.740 771.573 625.431 639.462 544.744 412.057 305.844 243.764 205.724 153.311 112.348
0.000 0.000 0.000 0.000 0.000 0.000 7.257 16.922 30.593 44.392 59.349 74.505 85.832 93.739 89.333 79.436 73.048 64.153 54.024 44.794 34.950 28.676 22.021 19.712 20.251 17.331 17.786 17.595 19.497 19.219 17.789 19.889 16.881 13.629 10.414 7.107 3.944 6.694 11.499 20.052 33.856 50.912 70.535 92.579 111.753 129.797 151.445 188.414 226.114 216.694 265.652 319.172 370.308 540.182 576.115 455.482 530.717 596.801 624.585 512.695 519.563 347.389 304.624 253.439 198.970 160.372 109.564 69.745
0.000 0.000 0.000 0.000 0.000 0.000 8.315 16.789 28.284 38.767 57.646 75.611 90.840 108.687 93.862 78.417 71.606 60.530 47.291 36.837 26.105 23.609 20.629 18.842 16.432 15.966 14.744 17.030 19.429 22.100 26.512 26.490 21.269 16.856 11.713 6.110 4.720 4.402 8.750 16.394 29.290 44.634 63.842 78.999 97.649 119.766 153.544 191.798 206.493 225.627 241.931 270.717 308.702 424.923 463.671 418.002 479.766 475.439 440.353 489.063 402.805 304.574 244.608 202.918 168.731 108.595 58.565 32.924
0.000 0.000 0.000 0.000 0.000 1.038 7.505 16.798 25.970 38.639 52.150 68.371 79.912 85.762 80.609 73.301 64.459 49.851 40.912 28.424 24.105 21.116 17.368 15.234 16.217 15.226 13.167 15.858 19.379 23.985 29.074 36.775 23.578 16.593 12.820 9.998 5.257 2.024 5.017 13.624 21.111 35.429 52.584 73.407 84.165 104.807 122.675 178.232 179.324 195.864 216.477 248.693 304.807 349.201 338.569 466.329 414.924 413.611 335.229 326.366 298.924 254.005 194.071 141.421 126.028 89.514 42.326 16.527
0.000 0.000 0.000 0.000 0.000 2.733 9.819 15.764 26.221 36.700 51.469 58.174 70.630 71.973 68.382 62.093 54.932 43.033 30.646 24.815 20.333 16.874 13.619 14.153 13.655 14.756 15.239 15.948 18.009 24.449 26.416 27.821 22.041 16.755 13.099 5.324 4.624 1.134 2.175 8.989 14.195 27.489 41.034 54.276 78.144 89.700 109.003 137.174 172.072 191.835 188.715 217.841 221.844 304.828 357.094 320.796 355.169 316.497 271.403 276.467 243.057 194.881 159.036 122.292 94.241 63.352 27.254 3.816
0.000 0.000 0.000 0.000 1.578 7.250 13.566 17.135 25.239 34.862 46.368 51.958 57.104 58.192 55.599 56.651 40.807 32.984 22.051 18.250 13.837 11.228 13.874 13.389 14.199 12.954 17.489 16.759 18.543 21.837 27.769 24.556 19.179 15.753 11.296 7.705 2.672 0.000 0.148 4.230 13.115 20.999 30.636 43.881 54.243 78.822 101.052 110.797 148.829 167.515 173.424 185.143 212.141 249.248 295.700 310.211 301.488 262.102 238.496 223.771 189.335 157.101 129.731 98.312 67.210 37.154 14.158 0.000
0.000 0.000 0.000 0.532 4.571 8.217 13.976 18.839 27.463 32.381 43.556 46.120 45.478 52.241 46.244 41.067 33.770 22.122 18.389 10.008 4.839 5.899 8.038 10.226 13.074 16.929 17.134 19.161 19.451 22.498 21.399 21.034 18.800 16.811 12.528 7.870 3.660 0.000 0.000 0.000 8.053 14.932 24.678 33.510 41.378 70.105 72.817 79.173 103.266 123.063 159.162 171.568 177.622 197.365 212.504 240.965 222.656 212.493 186.557 176.750 158.197 125.156 104.153 76.432 39.553 19.175 2.378 0.000
4.130 1.954 6.590 5.098 9.059 10.240 14.482 19.085 25.609 30.742 36.058 41.238 37.902 40.671 39.485 33.839 25.750 17.959 10.724 1.544 0.000 0.253 5.076 11.320 14.955 15.410 16.824 18.846 22.639 20.358 19.974 20.235 18.898 16.943 12.942 4.897 0.000 0.000 0.000 0.000 0.038 11.760 17.649 24.083 37.813 46.746 61.281 72.921 81.961 116.097 135.144 136.287 154.899 180.585 178.823 191.541 171.827 173.909 156.219 149.304 122.267 97.332 76.782 51.176 26.542 9.847 0.000 -999.250
10.554 9.261 9.005 11.667 11.580 16.137 16.278 19.722 23.000 26.774 32.332 35.631 35.190 32.766 29.480 26.240 19.627 16.749 9.119 3.598 0.572 4.206 9.567 12.568 16.723 17.549 20.441 20.907 18.720 19.908 20.767 19.451 16.479 14.487 8.978 3.575 0.014 0.000 0.000 0.000 0.000 3.538 12.228 16.102 24.953 35.176 46.997 59.408 69.183 86.180 101.636 113.564 116.168 132.564 150.581 155.112 141.459 144.440 118.707 109.595 88.945 76.923 59.528 27.338 9.608 0.000 0.000 0.000
15.003 13.154 12.823 13.055 14.966 16.111 15.887 18.405 20.008 25.264 28.591 30.249 29.887 31.694 31.175 21.516 19.293 13.741 12.031 10.582 7.221 10.110 13.862 17.704 23.619 21.747 27.038 22.915 23.716 24.633 23.680 18.008 15.903 11.905 8.393 4.138 0.000 0.000 0.000 0.000 0.000 0.000 5.998 11.673 16.273 24.729 31.628 41.024 45.264 63.458 76.384 80.978 94.804 88.717 98.498 91.054 109.752 104.682 87.371 82.055 64.600 46.802 32.652 11.800 -999.250 -999.250 -999.250 -999.250
19.218 18.417 17.819 17.016 16.448 17.630 16.983 18.004 17.452 20.780 21.769 23.925 24.128 25.798 22.331 20.641 18.854 15.840 12.662 11.715 12.174 12.540 15.464 19.086 23.835 28.525 30.980 29.039 26.824 24.734 28.077 21.997 17.848 14.092 9.775 4.539 0.000 0.000 0.000 0.000 0.000 0.000 0.000 3.626 11.588 13.634 18.784 23.921 27.974 39.701 47.698 56.137 72.957 69.813 75.581 69.707 73.052 73.967 62.128 54.036 51.014 30.382 14.286 0.000 0.000 -999.250 -999.250 -999.250
27.222 25.142 25.379 20.890 19.022 19.495 16.734 18.324 15.514 17.116 17.661 17.690 19.886 18.127 21.376 17.148 17.557 15.465 12.087 10.830 14.436 14.169 14.905 20.745 25.081 27.041 32.953 30.384 27.817 26.898 24.960 22.849 18.294 13.528 11.011 3.923 0.000 0.000 0.000 0.000 0.000 0.000 0.000 0.000 0.344 6.251 8.416 12.591 16.500 22.192 29.770 38.305 40.465 47.195 41.670 43.739 48.966 44.675 35.226 31.844 23.792 17.461 0.622 -999.250 -999.250 -999.250 -999.250 -999.250
38.374 40.575 35.510 31.131 26.863 20.029 15.655 14.956 14.109 12.204 12.691 12.804 13.764 14.987 13.536 12.148 12.221 12.682 13.580 13.422 13.668 15.104 17.506 19.832 23.251 30.102 28.754 29.252 28.433 26.888 24.081 22.313 19.419 14.473 8.674 2.545 0.000 0.000 0.000 0.000 0.000 0.000 0.000 0.000 0.000 0.005 5.104 6.372 11.101 15.552 17.904 20.303 23.832 26.038 25.346 28.315 27.564 25.965 25.795 19.989 14.315 3.129 0.000 -999.250 -999.250 -999.250 -999.250 -999.250
50.974 54.573 48.023 41.944 30.000 19.910 15.072 11.079 10.008 8.284 6.784 8.720 6.150 7.362 8.255 10.672 10.043 9.950 11.782 12.888 14.822 13.718 16.287 18.563 22.277 24.833 27.033 29.696 29.547 27.741 21.538 18.425 16.293 14.779 10.945 7.467 0.000 0.000 0.000 0.000 0.000 0.000 0.000 0.000 0.000 0.000 0.066 2.770 5.851 10.121 11.205 13.093 12.867 15.934 17.252 17.910 17.617 15.890 15.598 10.403 2.978 0.000 -999.250 -999.250 -999.250 -999.250 -999.250 -999.250
70.622 67.948 63.024 46.698 30.565 23.036 12.629 7.618 1.936 0.594 0.192 0.000 1.181 0.888 2.546 4.384 3.060 5.412 8.082 11.615 18.823 13.509 13.604 14.930 18.246 22.064 24.986 27.396 25.198 23.784 17.935 16.081 15.221 16.545 11.249 6.525 0.596 0.000 0.000 0.000 0.000 0.000 0.000 0.000 0.000 0.000 0.341 1.093 2.189 6.998 5.704 7.729 7.011 9.519 11.183 13.173 11.085 12.661 10.273 5.220 -999.250 -999.250 -999.250 -999.250 -999.250 -999.250 -999.250 -999.250
83.008 81.727 71.884 58.637 40.679 23.392 10.494 0.000 0.000 0.000 0.000 0.000 0.000 0.000 0.000 0.000 0.000 0.000 2.168 7.514 10.220 9.618 7.893 10.595 13.898 19.634 23.490 30.311 25.950 18.643 14.535 13.358 11.135 12.340 8.184 6.067 4.533 0.000 0.000 0.000 0.000 0.000 0.000 0.084 0.000 1.452 7.644 5.740 6.502 9.866 9.947 11.490 12.201 10.790 9.980 12.203 9.264 13.412 7.683 3.699 -999.250 -999.250 -999.250 -999.250 -999.250 -999.250 -999.250 -999.250
99.105 93.911 89.978 73.966 52.316 25.993 9.300 0.000 0.000 0.000 0.000 0.000 0.000 0.000 0.000 0.000 0.000 0.000 0.000 0.165 1.031 0.217 2.019 2.657 7.991 15.317 23.044 35.298 23.195 13.764 8.741 7.640 4.587 4.597 2.542 2.712 2.757 0.882 0.000 0.000 0.000 0.000 3.074 7.646 11.168 13.239 16.456 15.782 14.233 18.978 18.906 17.722 18.030 17.956 14.347 -999.250 13.322 12.038 -999.250 -999.250 -999.250 -999.250 -999.250 -999.250 -999.250 -999.250 -999.250 -999.250
134.022 129.683 113.846 88.819 66.480 33.348 7.547 0.000 0.000 0.000 0.000 0.000 0.000 0.000 0.000 0.000 0.000 0.000 0.000 0.000 0.000 0.000 0.000 0.000 3.679 9.699 16.300 19.713 15.461 7.858 2.512 0.127 0.000 0.000 0.000 0.000 3.165 2.964 3.284 6.462 5.420 10.900 13.660 18.655 23.740 26.745 26.622 29.937 30.193 31.096 32.480 29.151 27.458 -999.250 -999.250 -999.250 -999.250 -999.250 -999.250 -999.250 -999.250 -999.250 -999.250 -999.250 -999.250 -999.250 -999.250 -999.250
158.567 171.965 158.547 138.748 85.727 40.834 6.643 0.000 0.000 0.000 0.000 0.000 0.000 0.000 0.000 0.000 0.000 0.000 0.000 0.000 0.000 0.000 0.000 0.000 0.000 4.956 8.456 10.039 9.207 1.302 0.000 0.000 0.000 0.000 0.000 0.000 4.728 8.973 12.460 15.649 19.542 21.584 29.548 39.150 36.731 43.166 47.908 47.861 44.940 49.584 53.857 50.883 -999.250 -999.250 -999.250 -999.250 -999.250 -999.250 -999.250 -999.250 -999.250 -999.250 -999.250 -999.250 -999.250 -999.250 -999.250 -999.250
199.592 213.496 211.611 184.856 114.345 54.120 0.000 0.000 0.000 0.000 0.000 0.000 0.000 0.000 0.000 0.000 0.000 0.000 0.000 0.000 0.000 0.000 0.000 0.000 0.000 0.000 0.209 0.380 0.000 0.000 0.000 0.000 0.000 0.000 0.000 0.000 5.492 14.582 21.536 31.330 34.615 43.484 55.803 62.163 62.373 67.277 67.281 68.899 70.864 70.403 74.702 68.224 -999.250 -999.250 -999.250 -999.250 -999.250 -999.250 -999.250 -999.250 -999.250 -999.250 -999.250 -999.250 -999.250 -999.250 -999.250 -999.250
222.111 262.104 267.759 239.325 160.434 74.116 6.340 0.000 0.000 0.000 0.000 0.000 0.000 0.000 0.000 0.000 0.000 0.000 0.000 0.000 0.000 0.000 0.000 0.000 0.000 0.000 0.000 0.000 0.000 0.000 0.000 0.000 0.000 0.000 0.000 3.098 12.995 21.222 35.110 48.053 61.763 69.219 74.072 80.386 88.717 87.669 92.320 100.994 93.618 89.598 86.694 -999.250 -999.250 -999.250 -999.250 -999.250 -999.250 -999.250 -999.250 -999.250 -999.250 -999.250 -999.250 -999.250 -999.250 -999.250 -999.250 -999.250
221.148 257.193 378.406 269.366 181.771 89.044 29.343 0.015 0.000 0.000 0.000 0.000 0.000 0.000 0.000 0.000 0.000 0.000 0.000 0.000 0.000 0.000 0.000 0.000 0.000 0.000 0.000 0.000 0.000 0.000 0.000 0.000 0.000 0.000 0.000 8.513 18.491 34.456 48.959 68.589 77.027 84.536 90.028 99.368 118.946 127.668 129.127 137.004 132.518 119.167 -999.250 -999.250 -999.250 -999.250 -999.250 -999.250 -999.250 -999.250 -999.250 -999.250 -999.250 -999.250 -999.250 -999.250 -999.250 -999.250 -999.250 -999.250
190.851 229.073 254.176 204.780 152.863 79.737 32.898 8.909 0.000 0.000 2.964 2.887 1.538 0.000 0.000 0.000 0.000 0.000 0.000 0.000 0.000 0.000 0.000 0.000 0.000 0.000 0.000 0.000 0.000 0.000 0.000 0.000 0.000 0.000 0.502 14.713 30.349 46.134 68.727 84.843 90.997 114.298 130.279 115.796 151.257 159.643 176.389 172.869 162.506 165.092 -999.250 -999.250 -999.250 -999.250 -999.250 -999.250 -999.250 -999.250 -999.250 -999.250 -999.250 -999.250 -999.250 -999.250 -999.250 -999.250 -999.250 -999.250
109.929 161.561 166.473 137.563 101.817 55.844 22.302 7.500 0.221 3.095 11.932 16.085 12.640 3.043 0.000 0.000 0.000 0.000 0.665 0.000 0.000 0.000 0.000 0.000 0.000 0.000 0.000 0.000 0.000 0.000 0.000 0.000 0.000 0.000 6.567 16.287 35.146 61.110 77.739 99.306 123.835 142.228 157.844 155.962 172.350 197.063 208.236 219.212 191.815 -999.250 -999.250 -999.250 -999.250 -999.250 -999.250 -999.250 -999.250 -999.250 -999.250 -999.250 -999.250 -999.250 -999.250 -999.250 -999.250 -999.250 -999.250 -999.250
9.865 59.474 79.719 79.120 54.168 20.084 10.080 2.346 1.672 8.852 18.725 34.668 21.481 12.840 7.577 6.882 10.128 12.315 9.532 10.339 7.386 0.000 0.000 0.000 0.000 0.000 0.000 0.000 0.000 0.000 0.000 0.000 0.000 0.000 12.267 25.694 53.464 70.216 90.208 121.549 134.777 169.735 168.751 185.159 195.401 221.869 244.986 272.893 228.463 -999.250 -999.250 -999.250 -999.250 -999.250 -999.250 -999.250 -999.250 -999.250 -999.250 -999.250 -999.250 -999.250 -999.250 -999.250 -999.250 -999.250 -999.250 -999.250
1.029 18.110 30.492 32.830 21.887 8.527 0.000 0.000 0.426 12.383 17.809 24.495 21.935 17.934 16.483 18.124 22.926 24.651 23.322 19.713 14.676 7.798 0.000 0.000 0.000 0.000 0.000 0.000 0.000 0.000 0.000 0.000 1.214 10.123 23.507 43.529 65.715 86.576 113.616 142.787 160.153 172.081 187.183 193.466 206.395 243.223 244.879 258.316 238.947 -999.250 -999.250 -999.250 -999.250 -999.250 -999.250 -999.250 -999.250 -999.250 -999.250 -999.250 -999.250 -999.250 -999.250 -999.250 -999.250 -999.250 -999.250 -999.250
0.000 0.564 8.223 10.989 3.451 0.000 0.000 0.000 3.117 13.233 19.119 21.777 27.046 28.604 29.795 36.839 42.116 52.509 47.295 38.874 29.056 15.756 8.793 0.000 0.000 0.000 0.000 0.000 0.000 0.000 0.000 1.243 10.574 22.322 38.151 59.199 81.128 122.055 145.281 157.661 175.927 211.096 194.154 202.274 239.597 253.070 247.667 245.252 -999.250 -999.250 -999.250 -999.250 -999.250 -999.250 -999.250 -999.250 -999.250 -999.250 -999.250 -999.250 -999.250 -999.250 -999.250 -999.250 -999.250 -999.250 -999.250 -999.250
