data/medianmodel_21-Oct-2020.asc
ncols	141
nrows	288
xllcorner	-120191.398
yllcorner	-301404.813
cellsize	2000.000
NODATA_value	-999.250
[rows 203 to 231 of 288, columns 67 to 133 of 141]
152.974 153.683 126.005 121.601 128.440 120.723 122.123 118.897 118.884 106.518 98.941 102.392 107.664 102.706 110.051 111.029 111.276 103.408 101.471 87.806 72.079 77.996 60.506 63.748 57.030 57.545 56.767 49.291 -999.250 -999.250 -999.250 -999.250 -999.250 -999.250 -999.250 -999.250 -999.250 -999.250 -999.250 -999.250 -999.250 -999.250 -999.250 -999.250 -999.250 -999.250 -999.250 -999.250 -999.250 -999.250 -999.250 -999.250 -999.250 -999.250 -999.250 -999.250 -999.250 -999.250 -999.250 -999.250 -999.250 -999.250 -999.250 -999.250 -999.250 -999.250 -999.250
162.724 137.329 126.946 110.579 117.774 101.706 102.898 99.871 106.112 105.837 109.159 99.646 89.832 98.515 91.805 79.991 95.227 93.400 79.827 76.095 74.139 66.953 54.324 56.291 56.529 56.981 50.540 46.988 57.075 -999.250 -999.250 -999.250 -999.250 -999.250 -999.250 -999.250 -999.250 -999.250 -999.250 -999.250 -999.250 -999.250 -999.250 -999.250 -999.250 -999.250 -999.250 -999.250 -999.250 -999.250 -999.250 -999.250 -999.250 -999.250 -999.250 -999.250 -999.250 -999.250 -999.250 -999.250 -999.250 -999.250 -999.250 -999.250 -999.250 -999.250 -999.250
148.896 147.929 123.725 122.260 122.725 112.785 99.165 86.243 97.520 90.302 99.938 91.009 82.328 79.188 78.528 78.390 86.672 82.967 88.104 73.002 69.472 63.182 57.308 54.633 51.926 56.125 46.470 48.360 -999.250 -999.250 -999.250 -999.250 -999.250 -999.250 -999.250 -999.250 -999.250 -999.250 -999.250 -999.250 -999.250 -999.250 -999.250 -999.250 -999.250 -999.250 -999.250 -999.250 -999.250 -999.250 -999.250 -999.250 -999.250 -999.250 -999.250 -999.250 -999.250 -999.250 -999.250 -999.250 -999.250 -999.250 -999.250 -999.250 -999.250 -999.250 -999.250
147.941 135.343 127.401 123.137 116.961 101.967 91.815 90.282 81.615 76.414 84.886 87.158 76.692 73.174 72.652 76.419 70.503 70.726 69.895 73.476 66.590 61.902 59.376 56.711 49.106 43.874 38.438 41.830 34.288 -999.250 -999.250 -999.250 -999.250 -999.250 -999.250 -999.250 -999.250 -999.250 -999.250 -999.250 -999.250 -999.250 -999.250 -999.250 -999.250 -999.250 -999.250 -999.250 -999.250 -999.250 -999.250 -999.250 -999.250 -999.250 -999.250 -999.250 -999.250 -999.250 -999.250 -999.250 -999.250 -999.250 -999.250 -999.250 -999.250 -999.250 -999.250
136.881 123.433 116.921 123.513 104.041 99.101 89.564 74.834 70.170 76.858 67.103 63.052 62.798 64.487 66.637 65.885 62.653 68.156 68.891 61.130 61.505 65.104 57.154 55.892 41.637 41.091 32.829 32.960 29.039 21.615 -999.250 -999.250 -999.250 -999.250 -999.250 -999.250 -999.250 -999.250 -999.250 -999.250 -999.250 -999.250 -999.250 -999.250 -999.250 -999.250 -999.250 -999.250 -999.250 -999.250 -999.250 -999.250 -999.250 -999.250 -999.250 -999.250 -999.250 -999.250 -999.250 -999.250 -999.250 -999.250 -999.250 -999.250 -999.250 -999.250 -999.250
140.956 131.494 148.896 110.803 100.119 86.565 76.703 78.667 70.863 62.961 59.235 51.117 58.044 58.385 52.605 52.790 55.320 59.558 62.325 62.680 60.400 59.860 62.844 56.830 51.699 39.622 39.215 34.655 20.839 14.648 -999.250 -999.250 -999.250 -999.250 -999.250 -999.250 -999.250 -999.250 -999.250 -999.250 -999.250 -999.250 -999.250 -999.250 -999.250 -999.250 -999.250 -999.250 -999.250 -999.250 -999.250 -999.250 -999.250 -999.250 -999.250 -999.250 -999.250 -999.250 -999.250 -999.250 -999.250 -999.250 -999.250 -999.250 -999.250 -999.250 -999.250
144.734 124.757 118.338 101.037 86.845 74.694 77.815 81.710 65.069 52.139 60.057 51.238 53.462 50.165 55.807 52.926 56.517 55.852 54.617 59.850 61.496 56.177 58.228 53.992 42.685 38.484 35.416 29.249 14.348 0.000 7.828 -999.250 -999.250 -999.250 -999.250 -999.250 -999.250 -999.250 -999.250 -999.250 -999.250 -999.250 -999.250 -999.250 -999.250 -999.250 -999.250 -999.250 -999.250 -999.250 -999.250 -999.250 -999.250 -999.250 -999.250 -999.250 -999.250 -999.250 -999.250 -999.250 -999.250 -999.250 -999.250 -999.250 -999.250 -999.250 -999.250
141.235 141.298 108.949 92.825 97.128 80.632 75.050 78.394 64.546 59.501 55.250 54.452 47.393 49.277 49.298 52.717 54.665 60.265 48.680 54.593 60.337 58.013 59.109 48.825 46.458 35.033 32.429 25.334 17.281 15.147 13.794 15.936 -999.250 -999.250 -999.250 -999.250 -999.250 -999.250 -999.250 -999.250 -999.250 -999.250 -999.250 -999.250 -999.250 -999.250 -999.250 -999.250 -999.250 -999.250 -999.250 -999.250 -999.250 -999.250 -999.250 -999.250 -999.250 -999.250 -999.250 -999.250 -999.250 -999.250 -999.250 -999.250 -999.250 -999.250 -999.250
120.222 120.234 102.572 97.422 100.811 85.955 85.447 80.310 68.496 60.064 54.871 42.571 41.534 45.680 53.407 48.946 60.959 62.450 58.768 69.183 60.892 62.925 58.713 48.871 45.270 37.373 33.943 32.427 30.361 23.025 24.411 20.740 21.273 -999.250 -999.250 -999.250 -999.250 -999.250 -999.250 -999.250 -999.250 -999.250 -999.250 -999.250 -999.250 -999.250 -999.250 -999.250 -999.250 -999.250 -999.250 -999.250 -999.250 -999.250 -999.250 -999.250 -999.250 -999.250 -999.250 -999.250 -999.250 -999.250 -999.250 -999.250 -999.250 -999.250 -999.250
104.318 91.307 102.226 86.446 98.437 73.705 72.972 64.912 57.001 58.791 47.891 42.010 43.788 40.694 55.335 53.053 64.472 61.566 61.344 69.125 63.530 55.846 51.217 49.108 45.918 40.624 36.975 35.938 32.381 32.010 30.213 31.720 30.017 30.728 -999.250 -999.250 -999.250 -999.250 -999.250 -999.250 -999.250 -999.250 -999.250 -999.250 -999.250 -999.250 -999.250 -999.250 -999.250 -999.250 -999.250 -999.250 -999.250 -999.250 -999.250 -999.250 -999.250 -999.250 -999.250 -999.250 -999.250 -999.250 -999.250 -999.250 -999.250 -999.250 -999.250
84.487 85.602 87.563 81.508 76.831 67.118 67.757 56.576 60.469 53.932 47.714 34.317 34.995 44.249 58.418 55.415 59.216 57.261 64.571 65.782 70.743 57.883 48.868 47.398 48.936 40.831 41.510 38.036 40.252 34.872 31.377 34.769 33.827 31.816 -999.250 -999.250 -999.250 -999.250 -999.250 -999.250 -999.250 -999.250 -999.250 -999.250 -999.250 -999.250 -999.250 -999.250 -999.250 -999.250 -999.250 -999.250 -999.250 -999.250 -999.250 -999.250 -999.250 -999.250 -999.250 -999.250 -999.250 -999.250 -999.250 -999.250 -999.250 -999.250 -999.250
72.090 72.351 71.808 75.495 73.323 73.180 61.924 61.237 62.593 56.009 47.417 44.674 40.563 50.012 57.431 63.058 62.218 62.297 59.684 57.254 63.200 67.508 58.358 51.270 52.649 49.574 49.958 47.922 41.170 34.951 35.944 41.849 30.344 38.825 38.315 -999.250 -999.250 -999.250 -999.250 -999.250 -999.250 -999.250 -999.250 -999.250 -999.250 -999.250 -999.250 -999.250 -999.250 -999.250 -999.250 -999.250 -999.250 -999.250 -999.250 -999.250 -999.250 -999.250 -999.250 -999.250 -999.250 -999.250 -999.250 -999.250 -999.250 -999.250 -999.250
52.886 64.414 65.788 64.178 62.424 63.945 58.860 58.463 61.901 49.977 55.912 50.172 50.229 48.556 61.026 51.840 59.985 73.919 65.942 65.692 59.885 66.132 59.301 59.682 54.563 49.864 47.246 46.790 43.985 41.835 46.691 44.174 37.206 41.804 46.114 40.593 -999.250 -999.250 -999.250 -999.250 -999.250 -999.250 -999.250 -999.250 -999.250 -999.250 -999.250 -999.250 -999.250 -999.250 -999.250 -999.250 -999.250 -999.250 -999.250 -999.250 -999.250 -999.250 -999.250 -999.250 -999.250 -999.250 -999.250 -999.250 -999.250 -999.250 -999.250
42.082 56.579 59.497 61.489 65.850 58.855 64.300 70.043 63.294 58.695 56.881 47.783 57.396 57.058 60.051 63.966 69.081 67.129 80.311 67.597 66.754 73.228 63.219 54.322 52.687 63.772 50.338 52.906 51.013 46.248 44.990 50.209 46.614 45.248 43.119 39.577 -999.250 -999.250 -999.250 -999.250 -999.250 -999.250 -999.250 -999.250 -999.250 -999.250 -999.250 -999.250 -999.250 -999.250 -999.250 -999.250 -999.250 -999.250 -999.250 -999.250 -999.250 -999.250 -999.250 -999.250 -999.250 -999.250 -999.250 -999.250 -999.250 -999.250 -999.250
32.604 44.651 54.586 57.538 70.758 66.659 68.006 67.420 72.595 66.474 68.202 64.249 65.603 56.643 70.295 67.300 76.906 85.023 69.928 63.305 70.535 64.932 64.810 63.666 62.729 56.379 62.909 52.962 47.335 49.363 48.012 50.243 52.859 48.132 44.152 38.513 -999.250 -999.250 -999.250 -999.250 -999.250 -999.250 -999.250 -999.250 -999.250 -999.250 -999.250 -999.250 -999.250 -999.250 -999.250 -999.250 -999.250 -999.250 -999.250 -999.250 -999.250 -999.250 -999.250 -999.250 -999.250 -999.250 -999.250 -999.250 -999.250 -999.250 -999.250
32.005 51.340 60.288 66.469 74.101 77.271 76.673 82.305 84.914 78.670 76.105 70.438 65.423 62.566 76.079 75.969 75.019 76.234 77.385 72.340 61.100 57.147 58.063 54.171 59.599 56.867 57.040 49.264 47.376 42.645 48.388 49.089 49.127 43.932 48.336 41.858 31.643 -999.250 -999.250 -999.250 -999.250 -999.250 -999.250 -999.250 15.975 -999.250 -999.250 -999.250 -999.250 -999.250 -999.250 -999.250 -999.250 -999.250 -999.250 -999.250 -999.250 -999.250 -999.250 -999.250 -999.250 -999.250 -999.250 -999.250 -999.250 -999.250 -999.250
45.477 58.171 65.834 72.250 82.765 91.601 92.846 89.854 85.190 81.082 77.215 73.172 71.784 66.731 77.013 75.723 69.748 80.752 69.284 73.508 67.668 69.968 54.905 50.692 57.587 54.515 51.878 52.761 51.295 47.261 52.434 51.681 50.105 49.103 54.291 42.902 38.393 21.380 -999.250 -999.250 -999.250 12.709 18.406 21.048 17.219 -999.250 -999.250 -999.250 -999.250 -999.250 -999.250 -999.250 -999.250 -999.250 -999.250 -999.250 -999.250 -999.250 -999.250 -999.250 -999.250 -999.250 -999.250 -999.250 -999.250 -999.250 -999.250
53.138 70.021 73.398 87.051 88.886 100.426 102.075 100.477 106.519 98.967 106.181 92.759 77.567 76.496 79.117 82.677 85.725 90.364 76.368 69.750 73.600 62.598 53.964 55.270 51.712 54.347 52.338 51.324 46.454 43.176 53.874 56.617 55.458 53.901 47.189 39.768 35.688 27.412 -999.250 9.328 1.581 10.570 16.934 19.333 -999.250 -999.250 -999.250 -999.250 -999.250 -999.250 -999.250 -999.250 -999.250 -999.250 -999.250 -999.250 -999.250 -999.250 -999.250 -999.250 -999.250 -999.250 -999.250 -999.250 -999.250 -999.250 -999.250
76.895 82.598 96.779 114.650 106.533 112.063 114.120 108.501 121.331 122.415 104.605 112.810 110.815 87.570 98.926 93.820 90.607 99.489 75.346 71.857 61.959 54.948 57.805 55.944 54.761 50.691 44.052 46.543 45.849 52.177 56.571 56.999 54.765 49.291 45.533 37.364 31.872 25.576 23.992 7.307 0.000 8.887 17.411 17.545 -999.250 -999.250 -999.250 -999.250 -999.250 -999.250 -999.250 -999.250 -999.250 -999.250 -999.250 -999.250 -999.250 -999.250 -999.250 -999.250 -999.250 -999.250 -999.250 -999.250 -999.250 -999.250 -999.250
108.756 112.253 126.440 132.547 124.984 145.614 145.292 139.986 133.223 130.223 110.158 115.004 111.989 99.925 95.726 94.728 103.536 91.274 73.993 68.175 61.865 57.127 50.399 49.032 52.829 43.738 45.967 49.193 45.666 47.669 51.599 61.597 50.256 50.909 45.215 38.730 36.426 33.611 25.211 13.063 14.471 11.365 16.529 17.008 -999.250 -999.250 -999.250 -999.250 -999.250 -999.250 -999.250 -999.250 -999.250 -999.250 -999.250 -999.250 -999.250 -999.250 -999.250 -999.250 -999.250 -999.250 -999.250 -999.250 -999.250 -999.250 -999.250
143.879 141.151 139.260 139.089 152.889 147.307 159.439 143.283 141.166 139.410 157.181 123.813 124.226 112.201 113.104 109.715 92.803 93.129 79.974 69.925 68.834 61.911 56.784 45.697 48.535 48.671 48.103 49.875 51.523 50.458 51.629 52.453 55.295 54.980 50.746 42.140 40.118 34.852 29.726 21.496 19.856 17.026 19.886 23.160 -999.250 -999.250 -999.250 -999.250 -999.250 -999.250 -999.250 -999.250 -999.250 -999.250 -999.250 -999.250 -999.250 -999.250 -999.250 -999.250 -999.250 -999.250 -999.250 -999.250 -999.250 -999.250 -999.250
166.041 160.272 172.725 153.206 158.756 166.946 183.986 179.166 144.911 148.324 139.946 124.388 117.684 122.836 114.376 113.476 106.798 89.938 83.814 70.285 64.397 57.510 53.690 47.230 44.935 48.404 50.734 44.480 48.995 47.780 47.548 54.068 47.472 55.256 48.180 51.006 44.972 35.230 33.676 33.225 21.405 14.615 23.716 -999.250 -999.250 -999.250 -999.250 -999.250 -999.250 -999.250 -999.250 -999.250 -999.250 -999.250 -999.250 -999.250 -999.250 -999.250 -999.250 -999.250 -999.250 -999.250 -999.250 -999.250 -999.250 -999.250 -999.250
207.282 186.149 199.969 193.512 231.204 202.852 193.229 187.836 166.006 185.866 164.082 164.714 145.439 133.969 118.482 114.912 113.943 98.712 85.310 78.107 73.772 65.292 57.993 48.438 52.734 50.647 40.095 40.895 45.561 50.150 47.487 49.001 54.728 47.864 49.317 51.616 46.514 43.314 35.369 39.584 29.791 21.563 31.836 -999.250 -999.250 -999.250 -999.250 -999.250 -999.250 -999.250 -999.250 -999.250 -999.250 -999.250 -999.250 -999.250 -999.250 -999.250 -999.250 -999.250 -999.250 -999.250 -999.250 -999.250 -999.250 -999.250 -999.250
210.552 215.831 241.981 239.408 265.829 263.991 237.713 199.063 218.314 194.245 175.567 157.223 157.581 137.987 131.132 123.794 113.893 116.287 111.886 93.579 70.355 63.300 69.310 58.986 50.082 61.123 52.936 47.977 48.286 52.797 52.413 57.194 57.157 52.829 52.559 50.594 46.994 38.671 49.051 37.877 38.500 33.065 31.019 -999.250 -999.250 -999.250 -999.250 -999.250 -999.250 -999.250 -999.250 -999.250 -999.250 -999.250 -999.250 -999.250 -999.250 -999.250 -999.250 -999.250 -999.250 -999.250 -999.250 -999.250 -999.250 -999.250 -999.250
246.181 272.815 292.174 292.283 299.723 277.998 285.548 246.951 245.043 222.040 216.587 184.894 163.524 149.130 130.435 117.369 106.577 99.383 97.143 98.913 95.535 79.632 78.951 75.295 65.967 63.748 56.769 63.989 58.815 60.042 59.866 65.038 61.145 53.994 47.728 51.910 52.125 43.331 46.982 44.778 43.272 34.211 -999.250 -999.250 -999.250 -999.250 -999.250 -999.250 -999.250 -999.250 -999.250 -999.250 -999.250 -999.250 -999.250 -999.250 -999.250 -999.250 -999.250 -999.250 -999.250 -999.250 -999.250 -999.250 -999.250 -999.250 -999.250
285.992 295.469 327.891 350.812 358.824 369.021 291.846 269.466 271.734 205.963 215.893 195.201 181.826 156.535 135.948 130.781 105.466 93.533 96.953 96.745 90.569 88.691 89.444 81.329 77.744 72.528 70.832 68.597 63.522 69.906 81.580 74.773 67.005 61.101 63.769 54.528 58.055 -999.250 -999.250 52.820 42.084 42.956 -999.250 -999.250 -999.250 -999.250 -999.250 -999.250 -999.250 -999.250 -999.250 -999.250 -999.250 -999.250 -999.250 -999.250 -999.250 -999.250 -999.250 -999.250 -999.250 -999.250 -999.250 -999.250 -999.250 -999.250 -999.250
296.180 299.010 399.894 455.642 383.464 416.205 299.746 274.339 260.773 216.792 203.288 203.111 189.241 137.767 131.527 122.941 107.488 97.554 109.899 91.460 92.221 90.792 100.808 85.197 80.534 81.930 69.815 69.378 68.514 68.990 81.511 81.327 77.263 68.830 63.370 52.690 61.079 -999.250 -999.250 -999.250 -999.250 -999.250 -999.250 -999.250 -999.250 -999.250 -999.250 -999.250 -999.250 -999.250 -999.250 -999.250 -999.250 -999.250 -999.250 -999.250 -999.250 -999.250 -999.250 -999.250 -999.250 -999.250 -999.250 -999.250 -999.250 -999.250 -999.250
299.435 309.061 377.554 397.974 414.669 379.836 358.339 311.831 255.835 243.488 197.376 214.978 190.510 165.113 149.810 110.435 102.304 94.581 91.866 95.450 95.987 89.628 97.220 102.988 98.897 78.659 77.191 71.413 78.735 73.049 76.458 78.520 74.769 -999.250 -999.250 61.086 -999.250 -999.250 -999.250 -999.250 -999.250 -999.250 -999.250 -999.250 -999.250 -999.250 -999.250 -999.250 -999.250 -999.250 -999.250 -999.250 -999.250 -999.250 -999.250 -999.250 -999.250 -999.250 -999.250 -999.250 -999.250 -999.250 -999.250 -999.250 -999.250 -999.250 -999.250
277.806 340.400 396.458 371.112 356.827 317.858 316.129 290.584 283.398 250.705 201.275 196.710 168.081 169.474 158.074 114.998 92.702 112.837 97.969 104.056 113.800 86.030 99.794 116.891 102.765 88.892 79.954 80.207 87.242 83.465 92.741 -999.250 -999.250 -999.250 -999.250 -999.250 -999.250 -999.250 -999.250 -999.250 -999.250 -999.250 -999.250 -999.250 -999.250 -999.250 -999.250 -999.250 -999.250 -999.250 -999.250 -999.250 -999.250 -999.250 -999.250 -999.250 -999.250 -999.250 -999.250 -999.250 -999.250 -999.250 -999.250 -999.250 -999.250 -999.250 -999.250
