data/medianmodel_05-Jan-2021.asc
ncols	141
nrows	288
xllcorner	-120191.398
yllcorner	-301404.813
cellsize	2000.000
NODATA_value	-999.250
[rows 168 to 195 of 288, columns 0 to 64 of 141]
-999.250 -999.250 -999.250 -999.250 -999.250 439.194 476.921 473.726 492.792 507.576 506.979 541.194 530.361 527.264 521.838 522.984 498.276 473.870 431.817 404.012 369.460 355.296 325.909 290.544 300.252 297.901 308.498 321.074 325.435 328.296 320.186 307.138 312.669 345.032 303.083 305.111 321.866 299.161 290.702 281.962 286.335 298.864 312.291 358.821 405.094 431.186 488.724 554.896 602.920 660.038 692.432 761.045 796.369 874.386 904.668 930.991 924.724 969.378 970.727 930.361 854.415 803.399 781.110 739.976 658.515
-999.250 -999.250 -999.250 -999.250 461.776 458.744 494.882 494.011 491.893 533.891 537.010 551.691 557.196 564.970 567.998 562.931 565.033 538.370 507.959 488.667 413.702 388.597 349.664 327.047 288.852 290.075 289.873 295.856 312.936 316.380 303.910 316.603 300.136 323.440 335.045 340.339 334.255 308.384 296.377 276.410 283.147 284.704 300.480 331.051 384.995 405.400 471.615 572.747 604.267 688.982 769.193 798.112 847.788 998.154 1017.881 1073.044 1128.341 1109.615 1095.341 1078.767 1066.696 963.217 921.985 835.705 731.635
-999.250 -999.250 -999.250 -999.250 476.590 492.336 498.477 521.569 523.428 530.772 559.682 564.240 599.041 599.551 617.149 615.379 637.475 631.091 569.068 529.046 487.572 441.145 385.908 334.143 329.353 305.563 309.900 308.555 338.976 319.182 312.055 313.961 322.248 333.005 359.028 342.445 331.429 298.248 302.589 284.989 284.349 276.012 311.834 314.012 364.311 406.077 502.609 584.847 638.557 711.554 815.475 841.000 950.330 1117.186 1123.327 1223.283 1242.599 1238.960 1224.333 1197.612 1222.447 1065.712 1043.824 947.704 844.926
-999.250 -999.250 -999.250 -999.250 502.072 496.129 517.540 534.439 552.499 555.849 589.054 595.411 616.945 664.265 678.731 722.900 698.162 689.982 621.578 586.509 541.130 491.260 432.952 384.769 356.675 332.295 319.363 350.137 330.928 333.217 323.811 326.323 333.768 361.297 358.142 354.973 339.998 322.013 299.128 273.056 246.385 249.998 280.343 305.256 359.216 415.036 529.572 578.372 671.910 783.057 838.481 971.458 1084.148 1194.088 1212.837 1307.322 1366.272 1410.645 1421.120 1317.540 1315.316 1239.685 1147.938 1032.310 987.116
-999.250 -999.250 -999.250 -999.250 516.199 504.568 507.157 535.671 555.515 568.722 596.701 625.974 662.903 719.310 769.984 797.475 818.373 765.235 702.273 641.798 592.127 539.748 483.150 428.372 383.489 362.183 360.989 353.412 360.474 332.493 337.455 343.198 331.157 346.610 380.435 385.067 344.349 318.681 274.538 242.418 213.308 213.601 232.583 301.309 371.938 443.738 536.322 602.772 705.987 774.553 958.771 1025.410 1218.085 1284.566 1414.978 1514.413 1488.593 1559.261 1609.943 1518.112 1478.230 1352.278 1271.456 1185.041 1092.743
-999.250 -999.250 -999.250 -999.250 509.578 532.636 531.369 553.938 569.233 582.177 630.902 638.543 706.694 767.844 798.626 868.874 948.268 811.268 785.587 722.755 668.524 577.401 503.387 465.627 401.091 393.511 381.227 365.728 370.587 368.986 340.984 324.214 349.369 338.423 351.368 342.093 328.579 292.389 255.286 227.958 196.227 209.900 232.732 267.269 352.752 441.008 539.689 617.467 742.668 820.972 989.877 1117.342 1221.611 1430.679 1527.971 1560.137 1682.250 1708.567 1790.990 1629.353 1633.290 1536.528 1412.898 1241.333 1175.137
-999.250 -999.250 -999.250 -999.250 501.861 527.086 530.124 554.880 566.524 588.940 633.805 686.085 723.146 791.704 816.368 872.624 883.576 833.764 806.067 791.591 684.859 582.522 515.140 484.991 440.506 413.612 389.600 395.327 386.839 393.839 375.788 360.626 342.487 338.239 355.679 313.337 300.927 291.759 242.417 215.871 201.959 193.868 217.160 279.140 343.628 464.840 552.535 656.332 742.446 870.137 1043.027 1181.302 1282.390 1485.318 1570.199 1750.304 1872.590 1881.094 1898.299 1855.605 1773.077 1607.444 1512.901 1407.731 1190.790
-999.250 -999.250 -999.250 -999.250 511.445 531.025 537.793 563.147 574.647 596.496 617.896 680.600 714.583 774.350 810.236 835.972 851.833 809.952 785.792 728.835 669.207 565.108 530.859 507.010 449.090 445.377 425.498 435.861 396.093 405.038 401.200 365.403 341.084 337.535 340.289 306.527 283.494 264.172 232.805 205.700 213.013 197.915 197.764 236.865 328.730 441.126 556.061 639.780 753.841 870.964 1073.297 1213.297 1382.313 1498.733 1617.779 1888.985 2103.553 2121.830 2132.011 1958.926 1815.682 1770.227 1695.710 1491.376 1266.450
-999.250 -999.250 -999.250 -999.250 508.707 535.054 541.054 564.752 582.813 587.963 660.482 663.055 694.558 754.174 773.362 801.993 800.954 749.931 743.091 722.565 651.830 571.260 542.478 527.407 489.564 444.567 431.890 425.483 419.282 392.808 393.444 386.382 370.918 338.816 321.628 304.241 269.868 253.184 208.120 220.979 191.874 193.969 196.989 217.503 308.718 437.392 547.989 673.138 788.466 900.315 1083.608 1202.961 1410.564 1480.085 1700.344 2017.532 2270.357 2368.294 2279.443 2146.220 1997.466 1873.501 1696.676 1589.905 1402.325
-999.250 -999.250 -999.250 -999.250 499.106 515.762 544.833 560.395 560.020 585.033 626.046 634.230 677.701 730.237 752.495 774.468 765.121 755.964 710.472 654.153 588.475 542.615 541.807 523.985 490.262 458.963 457.093 453.522 426.360 403.091 397.796 403.366 393.877 343.057 360.412 327.891 283.255 272.346 223.723 215.081 203.833 215.722 236.199 249.609 339.429 454.287 578.454 691.529 786.301 896.288 1071.026 1219.033 1344.285 1541.346 1717.745 1859.664 2251.300 2221.128 2324.887 2165.619 2150.269 1921.327 1788.579 1626.744 1503.669
-999.250 -999.250 -999.250 -999.250 525.427 526.720 516.021 548.377 553.871 583.289 589.065 645.494 656.130 682.424 698.524 736.251 726.329 704.632 671.159 646.429 571.469 538.300 554.760 528.966 496.273 491.826 491.120 467.057 467.195 438.061 435.973 430.626 412.766 363.927 364.269 314.038 273.131 268.685 278.429 251.943 252.334 269.258 271.590 312.967 395.575 443.929 553.295 677.964 789.769 857.295 1004.562 1189.371 1381.491 1608.534 1792.233 1859.517 2028.539 2178.788 2099.310 2057.142 2001.858 1983.329 1741.896 1608.695 1487.693
-999.250 -999.250 -999.250 492.637 490.905 496.402 500.814 500.892 532.139 552.733 586.216 592.564 633.122 647.668 656.171 695.615 700.407 683.203 643.991 601.071 543.827 530.102 545.362 529.911 518.368 510.924 503.233 488.455 470.081 474.164 450.725 453.629 425.721 399.940 359.247 312.231 302.734 288.329 282.056 293.284 263.400 294.887 300.345 348.013 425.837 484.770 575.150 665.498 784.521 840.787 1030.902 1175.718 1405.373 1537.538 1619.511 1691.557 1884.413 2016.028 2022.280 2028.760 2011.851 1937.445 1795.438 1605.774 1452.230
-999.250 -999.250 -999.250 474.801 478.086 516.778 497.148 523.861 519.538 534.787 573.123 583.587 594.312 635.575 652.972 663.381 676.569 642.178 637.861 588.768 545.554 551.226 532.035 521.082 525.284 527.837 511.537 515.488 475.093 484.907 486.011 486.161 438.153 403.838 381.380 371.967 361.824 320.880 345.161 328.582 296.993 321.753 339.133 403.661 461.685 522.182 585.008 689.723 831.814 922.692 1052.559 1218.967 1318.410 1453.810 1621.256 1678.962 1738.715 1712.636 1836.142 1929.950 1901.310 1896.026 1739.633 1625.843 1484.559
-999.250 -999.250 -999.250 484.022 497.640 503.433 493.835 502.888 507.370 511.994 553.107 552.445 603.638 627.608 650.678 682.172 655.370 617.396 603.969 590.878 555.976 544.668 531.040 517.350 530.434 535.989 533.724 516.102 517.565 510.795 501.038 493.438 482.006 447.246 390.886 403.294 380.722 383.716 369.676 330.602 358.983 351.832 412.308 430.607 509.987 568.806 646.562 704.498 908.658 1017.383 1066.381 1162.386 1315.175 1403.233 1527.646 1599.512 1683.248 1692.932 1746.582 1769.183 1756.640 1729.699 1579.779 1545.104 1483.093
-999.250 -999.250 487.209 503.599 486.291 480.697 468.045 479.267 504.954 505.836 549.172 547.089 568.520 574.725 622.135 658.337 640.855 631.021 622.315 579.442 574.552 554.697 542.526 543.793 540.342 553.212 547.235 547.205 557.446 538.727 539.389 540.218 504.130 471.381 446.105 426.623 413.570 437.124 405.086 388.012 393.703 429.096 478.038 526.126 544.454 590.853 692.447 761.072 854.489 1008.546 1072.119 1159.644 1243.650 1325.977 1477.578 1521.486 1577.215 1617.072 1625.645 1619.160 1606.964 1625.708 1503.471 1443.394 1328.849
-999.250 -999.250 466.037 495.459 492.390 473.144 452.240 452.484 483.080 501.052 536.471 539.714 556.117 571.779 619.225 637.629 651.764 649.275 612.712 589.697 -999.250 556.840 553.534 547.057 557.135 578.970 586.241 575.852 593.293 604.536 576.884 570.709 524.373 502.122 482.478 473.250 451.755 472.450 455.112 432.992 452.403 482.115 510.281 537.078 584.925 624.792 713.244 811.563 901.584 1014.264 1041.653 1211.141 1192.649 1276.923 1350.966 1412.212 1440.043 1521.795 1557.194 1615.830 1531.115 1506.889 1405.535 1332.574 1286.996
-999.250 457.048 468.064 479.786 467.164 447.729 441.697 457.131 473.764 476.559 499.361 510.375 536.957 553.261 575.618 627.278 679.030 633.501 622.680 -999.250 -999.250 549.946 568.324 579.414 576.842 602.377 597.492 610.382 609.187 628.242 622.132 599.887 565.879 541.129 510.510 497.631 468.823 502.642 527.217 521.385 504.665 519.742 529.300 595.014 642.307 694.760 793.834 822.710 890.348 1022.745 1048.669 1138.941 1176.234 1252.668 1297.246 1371.741 1440.973 1455.200 1462.223 1498.347 1454.276 1376.436 1279.257 1205.196 1198.768
-999.250 444.070 453.538 467.520 447.434 467.118 463.541 462.954 461.459 456.355 490.879 497.322 540.723 569.132 586.621 617.738 621.850 636.242 -999.250 -999.250 -999.250 -999.250 586.093 589.184 601.599 623.432 654.120 646.125 660.692 660.842 641.668 625.068 606.104 593.492 543.198 551.164 519.970 555.932 563.185 553.982 536.782 580.743 574.017 617.256 661.865 748.978 830.156 864.103 935.168 998.301 1042.575 1087.497 1186.552 1206.180 1260.008 1317.736 1357.014 1382.786 1380.282 1310.141 1309.263 1293.368 1249.742 1105.382 1078.503
460.454 474.995 457.170 474.975 479.762 472.634 472.880 455.354 460.539 459.630 494.566 513.629 537.819 562.015 598.412 595.147 609.849 595.219 -999.250 -999.250 -999.250 -999.250 -999.250 599.782 599.538 635.226 674.930 684.042 682.200 686.469 669.827 664.357 660.687 634.281 595.977 594.431 576.953 586.557 602.535 601.500 588.791 648.199 663.513 643.261 756.880 816.921 871.950 909.769 964.120 981.326 1027.380 1051.616 1131.728 1125.200 1178.109 1185.400 1225.297 1240.506 1261.379 1227.690 1227.549 1185.532 1179.922 1017.659 979.658
-999.250 471.792 482.501 494.934 477.317 489.153 475.598 463.745 486.460 479.956 499.373 516.246 531.759 565.796 593.170 612.951 606.504 603.983 -999.250 -999.250 -999.250 -999.250 575.549 599.118 611.994 647.260 713.802 745.362 772.754 769.117 740.341 717.170 697.282 639.124 638.822 615.146 647.760 644.029 609.458 658.687 655.199 679.994 710.578 749.847 798.993 824.111 897.323 957.028 956.733 998.274 976.837 1058.544 1087.709 1137.968 1170.299 1151.720 1144.568 1204.138 1147.776 1104.889 1139.074 1077.294 979.407 874.676 842.654
-999.250 474.276 476.367 475.532 499.163 480.740 485.587 483.885 496.893 505.187 505.168 516.066 548.995 569.851 598.632 623.142 606.830 601.441 -999.250 -999.250 -999.250 544.884 -999.250 585.174 618.345 676.781 706.333 777.386 822.965 826.716 800.511 780.907 768.970 712.194 696.054 680.005 669.331 723.857 699.715 692.746 697.294 769.000 756.940 834.572 840.556 930.242 866.175 895.602 962.562 988.078 1038.346 1052.366 1047.496 1067.833 1099.619 1071.451 1116.556 1119.454 1039.386 1020.236 997.331 966.820 863.088 775.654 767.640
-999.250 475.488 479.040 477.587 480.497 489.151 514.885 505.484 522.303 525.423 545.791 544.916 560.367 575.014 586.314 591.116 601.994 -999.250 -999.250 -999.250 -999.250 521.814 534.925 553.297 618.555 696.827 780.091 840.004 889.125 905.955 934.157 838.301 792.678 758.904 741.885 745.172 740.282 747.991 731.704 742.500 782.369 770.280 854.363 867.531 947.894 987.081 956.717 929.120 987.133 989.142 1009.763 990.828 1003.305 1020.008 992.119 1036.197 1041.447 1051.735 997.236 941.467 939.717 823.550 785.481 741.749 697.904
-999.250 472.721 488.580 496.236 492.637 480.480 509.362 496.732 503.969 525.624 546.947 564.800 580.702 581.087 583.875 582.439 568.479 -999.250 -999.250 -999.250 503.879 501.910 491.200 545.558 608.295 693.277 774.152 838.794 1005.711 951.971 840.950 830.757 792.768 753.942 758.153 782.494 785.682 736.264 767.504 815.770 890.317 888.037 942.118 997.014 1009.869 1082.462 1022.856 962.951 1012.001 1058.322 984.541 972.863 985.988 1002.820 982.653 1007.790 1005.133 1020.343 997.153 880.345 823.756 784.082 723.916 673.554 638.760
-999.250 -999.250 -999.250 495.351 -999.250 -999.250 511.078 520.372 493.201 -999.250 -999.250 -999.250 552.561 564.796 -999.250 -999.250 -999.250 -999.250 -999.250 -999.250 518.333 512.284 513.806 551.327 612.431 659.095 736.851 827.140 874.570 825.404 836.103 814.952 798.536 784.464 740.897 797.205 812.464 829.293 877.224 885.864 877.562 962.503 1041.725 1076.637 1111.618 1123.736 1073.993 1041.043 1084.005 1020.334 984.782 983.721 967.313 942.671 951.770 908.642 915.449 900.167 843.488 839.623 781.884 684.807 663.208 632.134 614.312
-999.250 -999.250 -999.250 -999.250 -999.250 -999.250 -999.250 -999.250 -999.250 -999.250 -999.250 -999.250 -999.250 554.733 570.749 557.280 -999.250 -999.250 -999.250 524.444 524.665 535.295 547.474 550.788 593.875 621.189 696.476 763.770 788.350 788.611 806.579 806.710 803.733 788.078 742.260 788.962 833.843 818.927 817.316 871.806 975.587 1065.567 1087.271 1141.048 1174.702 1226.122 1196.910 1097.882 1063.542 996.714 960.287 889.902 893.930 846.203 858.750 839.906 789.376 798.170 804.950 788.782 743.627 684.526 676.889 634.783 580.336
-999.250 -999.250 -999.250 -999.250 -999.250 -999.250 -999.250 -999.250 -999.250 -999.250 -999.250 544.451 551.459 565.013 567.675 590.988 -999.250 -999.250 544.271 540.274 564.012 578.816 569.214 579.306 600.940 617.181 675.078 696.992 770.189 776.464 786.436 769.451 786.115 788.922 808.469 805.518 800.749 820.718 852.092 947.966 949.830 1022.099 1045.004 1168.233 1173.380 1202.075 1161.200 1110.277 1071.775 994.878 965.858 878.328 914.966 888.834 804.499 760.072 760.529 742.688 772.393 669.346 693.319 669.091 649.852 605.372 604.570
-999.250 -999.250 -999.250 -999.250 -999.250 -999.250 -999.250 -999.250 -999.250 -999.250 -999.250 532.333 536.868 554.857 559.350 571.168 574.230 566.529 541.628 549.531 578.660 631.919 614.284 600.467 618.670 617.248 631.720 678.194 739.489 767.335 782.732 820.397 783.591 809.477 831.274 905.803 845.073 849.522 869.965 996.915 1050.970 1058.571 1079.310 1138.930 1206.822 1173.623 1141.219 1114.843 1027.393 978.591 922.561 931.638 836.991 808.978 779.930 751.987 731.981 706.407 736.272 712.835 652.687 628.489 680.305 629.472 607.103
-999.250 -999.250 -999.250 -999.250 -999.250 -999.250 -999.250 -999.250 -999.250 -999.250 -999.250 -999.250 531.929 552.399 580.512 579.262 588.369 560.490 551.329 565.488 584.803 602.259 595.654 600.638 604.420 616.824 632.912 660.279 702.023 727.203 709.695 787.966 775.094 786.747 860.984 888.751 890.816 941.575 981.546 1058.711 1093.139 1054.958 1098.065 1163.715 1194.218 1165.417 1085.485 1124.840 1019.708 993.837 927.536 861.226 838.688 799.292 775.354 752.606 714.233 709.023 683.089 684.958 655.564 667.968 670.175 650.215 665.835
