data/medianmodel_20-Sep-2020.asc
ncols	141
nrows	288
xllcorner	-120191.398
yllcorner	-301404.813
cellsize	2000.000
NODATA_value	-999.250
[rows 60 to 89 of 288, columns 68 to 135 of 141]
0.000 0.000 0.000 0.000 0.000 0.000 0.000 0.000 3.173 12.479 21.453 28.868 32.843 39.788 46.246 54.384 71.526 73.142 72.915 74.008 61.419 39.631 18.060 8.259 0.000 0.000 0.215 0.383 3.053 9.294 13.292 17.733 27.518 39.558 49.596 66.811 78.566 99.220 123.209 153.245 158.034 162.300 205.935 205.686 203.698 221.055 189.243 215.658 -999.250 -999.250 -999.250 -999.250 -999.250 -999.250 -999.250 -999.250 -999.250 -999.250 -999.250 -999.250 -999.250 -999.250 -999.250 -999.250 -999.250 -999.250 -999.250 -999.250
0.000 0.000 0.000 0.000 0.000 0.000 0.000 0.000 8.978 17.826 26.213 37.806 49.989 60.221 68.633 84.667 104.610 111.990 115.214 112.758 97.462 66.065 38.575 18.419 9.283 12.288 13.515 14.021 16.329 21.075 23.129 32.090 41.089 58.048 69.572 85.049 101.811 130.252 162.218 181.914 176.594 182.842 230.488 233.622 223.528 217.627 236.772 -999.250 -999.250 -999.250 -999.250 -999.250 -999.250 -999.250 -999.250 -999.250 -999.250 -999.250 -999.250 -999.250 -999.250 -999.250 -999.250 -999.250 -999.250 -999.250 -999.250 -999.250
0.000 0.000 0.000 0.000 0.000 0.000 0.000 3.160 11.182 21.684 34.433 52.917 66.520 76.172 97.829 124.683 144.852 167.320 169.899 177.360 151.793 108.236 71.704 43.556 27.927 30.212 29.899 29.282 31.155 37.774 43.278 52.166 67.126 75.447 85.918 105.989 120.584 158.107 169.944 191.787 218.999 210.054 -999.250 -999.250 -999.250 -999.250 -999.250 -999.250 -999.250 -999.250 -999.250 -999.250 -999.250 -999.250 -999.250 -999.250 -999.250 -999.250 -999.250 -999.250 -999.250 -999.250 -999.250 -999.250 -999.250 -999.250 -999.250 -999.250
0.000 0.000 0.000 0.000 0.000 0.000 0.000 10.162 21.917 35.831 59.808 75.649 93.085 108.275 133.525 180.133 223.404 244.851 240.637 251.984 211.415 181.466 123.801 77.190 64.239 59.567 53.693 54.594 55.635 63.088 65.020 71.462 79.517 94.852 102.894 121.363 156.962 167.065 178.985 213.489 246.079 258.343 256.358 -999.250 -999.250 -999.250 -999.250 -999.250 -999.250 -999.250 -999.250 -999.250 -999.250 -999.250 -999.250 -999.250 -999.250 -999.250 -999.250 -999.250 -999.250 -999.250 -999.250 -999.250 -999.250 -999.250 -999.250 -999.250
0.000 0.000 0.000 0.000 0.000 0.000 4.865 15.642 32.775 49.961 75.849 101.011 137.603 165.113 194.902 224.535 264.078 324.223 324.865 358.292 300.885 218.849 209.976 140.085 116.465 95.176 80.947 77.010 78.856 87.203 79.470 84.176 100.264 113.857 128.222 138.625 158.268 196.307 213.715 233.693 257.737 293.792 289.320 295.139 -999.250 -999.250 -999.250 -999.250 -999.250 -999.250 -999.250 -999.250 -999.250 -999.250 -999.250 -999.250 -999.250 -999.250 -999.250 -999.250 -999.250 -999.250 -999.250 -999.250 -999.250 -999.250 -999.250 -999.250
0.000 0.000 0.000 0.000 0.000 0.000 10.120 20.544 38.820 68.872 93.323 135.708 176.327 214.717 261.839 275.283 310.960 321.508 365.464 525.767 390.711 315.380 250.953 200.806 169.418 141.022 113.277 102.889 97.336 101.369 101.779 101.074 107.835 124.266 154.354 161.422 170.879 203.834 203.948 258.724 295.478 339.124 350.800 307.995 -999.250 -999.250 -999.250 -999.250 -999.250 -999.250 -999.250 -999.250 -999.250 -999.250 -999.250 -999.250 -999.250 -999.250 -999.250 -999.250 -999.250 -999.250 -999.250 -999.250 -999.250 -999.250 -999.250 -999.250
0.026 2.748 1.667 0.000 0.000 3.405 12.306 27.405 48.187 79.666 125.678 168.070 223.865 244.584 314.444 370.958 525.705 446.631 557.021 627.389 547.482 440.279 348.488 273.464 229.660 173.847 136.349 127.013 125.178 115.946 113.377 110.792 122.294 136.948 156.659 166.853 185.212 225.577 240.904 290.518 391.689 436.419 429.679 393.668 303.821 -999.250 -999.250 -999.250 -999.250 -999.250 -999.250 -999.250 -999.250 -999.250 -999.250 -999.250 -999.250 -999.250 -999.250 -999.250 -999.250 -999.250 -999.250 -999.250 -999.250 -999.250 -999.250 -999.250
7.566 12.396 8.335 1.765 0.000 3.906 11.922 26.482 57.860 94.290 130.611 178.568 238.613 297.185 388.263 532.925 650.575 639.744 703.608 742.874 707.335 601.742 456.067 315.759 261.829 213.690 174.878 140.060 132.984 131.043 116.581 125.868 130.956 142.559 159.158 173.073 192.234 220.928 252.351 323.113 434.964 555.158 540.178 380.825 336.461 374.106 -999.250 -999.250 -999.250 -999.250 -999.250 -999.250 -999.250 -999.250 -999.250 -999.250 -999.250 -999.250 -999.250 -999.250 -999.250 -999.250 -999.250 -999.250 -999.250 -999.250 -999.250 -999.250
13.788 21.703 11.899 4.869 0.155 1.988 10.053 24.266 53.795 91.521 146.678 202.134 269.959 348.690 434.563 590.207 801.681 827.187 1057.766 879.867 798.395 718.857 556.490 374.973 279.928 248.323 209.780 164.259 150.079 135.488 125.907 115.780 119.409 127.534 151.625 157.612 193.150 227.873 265.766 343.396 402.321 418.086 510.216 374.297 334.635 380.330 -999.250 -999.250 -999.250 -999.250 -999.250 -999.250 -999.250 -999.250 -999.250 -999.250 -999.250 -999.250 -999.250 -999.250 -999.250 -999.250 -999.250 -999.250 -999.250 -999.250 -999.250 -999.250
9.021 13.278 8.193 0.196 0.000 0.000 1.352 16.868 47.233 91.080 137.729 209.907 287.678 348.643 491.709 772.914 841.357 1019.004 1041.381 1089.771 989.289 776.174 635.666 523.023 278.475 243.780 210.351 171.298 150.877 143.083 126.655 116.517 120.263 129.273 140.607 156.763 168.207 227.599 244.299 279.842 328.147 405.642 378.572 315.495 358.433 341.022 -999.250 -999.250 -999.250 -999.250 -999.250 -999.250 -999.250 -999.250 -999.250 -999.250 -999.250 -999.250 -999.250 -999.250 -999.250 -999.250 -999.250 -999.250 -999.250 -999.250 -999.250 -999.250
4.680 5.364 2.887 0.143 0.000 0.000 0.000 2.634 26.657 73.255 135.966 175.424 266.324 384.712 558.888 721.845 794.862 977.776 1125.680 1223.128 1087.368 829.042 658.004 433.260 321.828 250.879 191.403 162.096 126.738 125.057 108.435 105.032 114.407 113.239 131.268 151.027 166.293 199.929 233.870 246.484 292.917 312.878 345.543 373.280 344.145 306.853 320.248 315.983 -999.250 -999.250 -999.250 -999.250 -999.250 -999.250 -999.250 -999.250 -999.250 -999.250 -999.250 -999.250 -999.250 -999.250 -999.250 -999.250 -999.250 -999.250 -999.250 -999.250
0.000 0.771 0.098 0.000 0.000 0.000 0.000 0.000 0.000 60.153 114.696 181.685 236.517 386.761 476.369 586.532 695.515 885.071 1046.175 1100.482 1015.090 676.066 568.955 401.649 295.517 228.361 184.041 133.058 109.969 99.530 85.211 85.223 86.535 100.150 105.298 127.030 151.683 166.454 215.761 237.473 284.460 315.661 324.041 335.533 309.633 303.845 306.493 288.333 -999.250 -999.250 -999.250 -999.250 -999.250 -999.250 -999.250 -999.250 -999.250 -999.250 -999.250 -999.250 -999.250 -999.250 -999.250 -999.250 -999.250 -999.250 -999.250 -999.250
0.000 0.000 0.000 0.000 0.000 0.000 0.000 0.000 13.604 52.598 109.796 153.798 252.410 304.562 341.596 551.513 586.483 731.053 874.477 898.663 811.800 600.508 432.592 325.921 257.734 192.158 147.211 110.742 79.906 77.745 66.582 67.811 69.534 72.767 94.519 111.625 129.079 153.129 181.499 235.781 257.470 273.230 287.761 316.979 279.453 287.677 285.518 -999.250 -999.250 -999.250 -999.250 -999.250 -999.250 -999.250 -999.250 -999.250 -999.250 -999.250 -999.250 -999.250 -999.250 -999.250 -999.250 -999.250 -999.250 -999.250 -999.250 -999.250
0.000 0.000 0.000 0.000 0.000 0.000 0.000 1.829 18.476 47.222 88.204 133.038 199.460 248.982 299.500 360.071 435.380 591.916 616.992 657.358 690.073 388.108 303.158 266.641 187.961 139.777 105.295 74.987 56.476 46.007 43.335 43.737 48.805 56.286 67.172 74.887 96.611 110.880 145.110 187.462 230.430 244.475 258.577 261.769 264.463 271.142 271.940 -999.250 -999.250 -999.250 -999.250 -999.250 -999.250 -999.250 -999.250 -999.250 -999.250 -999.250 -999.250 -999.250 -999.250 -999.250 -999.250 -999.250 -999.250 -999.250 -999.250 -999.250
0.000 0.000 0.000 0.000 0.000 0.000 0.000 5.808 17.388 42.914 78.138 123.892 166.569 215.885 277.809 348.962 385.808 382.065 452.181 398.003 381.925 280.935 252.861 166.592 94.921 67.842 53.225 38.055 29.168 23.402 22.136 24.367 26.286 25.071 33.544 41.402 63.612 86.934 116.581 152.368 183.963 204.607 239.274 250.800 241.816 228.452 242.150 -999.250 -999.250 -999.250 -999.250 -999.250 -999.250 -999.250 -999.250 -999.250 -999.250 -999.250 -999.250 -999.250 -999.250 -999.250 -999.250 -999.250 -999.250 -999.250 -999.250 -999.250
0.000 0.000 0.000 0.000 0.000 0.000 0.000 6.183 17.829 37.798 69.505 106.973 140.096 176.023 234.341 257.390 284.181 303.718 274.592 275.025 255.598 226.377 168.715 103.209 0.000 8.997 15.722 11.778 10.133 9.392 10.640 9.006 12.575 14.459 14.609 17.159 23.499 62.554 92.316 132.579 164.240 174.514 201.866 213.880 182.104 186.250 188.538 -999.250 -999.250 -999.250 -999.250 -999.250 -999.250 -999.250 -999.250 -999.250 -999.250 -999.250 -999.250 -999.250 -999.250 -999.250 -999.250 -999.250 -999.250 -999.250 -999.250 -999.250
0.000 0.000 0.000 0.000 0.000 0.000 0.000 5.846 19.107 36.360 66.098 84.656 121.172 156.386 177.905 217.205 243.207 279.450 240.060 217.078 171.368 156.283 112.957 53.557 0.000 0.000 0.000 0.000 0.000 0.000 0.000 0.000 1.363 0.148 0.016 7.943 18.102 41.939 73.225 115.092 154.829 159.465 164.415 170.348 172.718 157.388 164.398 -999.250 -999.250 -999.250 -999.250 -999.250 -999.250 -999.250 -999.250 -999.250 -999.250 -999.250 -999.250 -999.250 -999.250 -999.250 -999.250 -999.250 -999.250 -999.250 -999.250 -999.250
2.734 0.435 0.000 0.000 0.000 0.000 0.202 6.517 16.383 34.542 46.808 73.066 93.721 120.954 136.687 158.659 188.514 176.798 174.075 161.860 132.313 110.599 77.763 35.272 1.527 0.000 0.000 0.000 0.000 0.000 0.000 0.000 0.000 0.000 0.000 0.454 12.862 33.651 66.491 93.058 119.121 129.875 139.058 142.213 156.469 148.167 146.827 -999.250 -999.250 -999.250 -999.250 -999.250 -999.250 -999.250 -999.250 -999.250 -999.250 -999.250 -999.250 -999.250 -999.250 -999.250 -999.250 -999.250 -999.250 -999.250 -999.250 -999.250
14.584 9.733 8.533 8.171 5.509 2.093 0.246 6.056 9.588 20.324 35.980 54.821 71.646 85.106 101.875 124.526 127.109 129.656 124.379 120.022 94.388 70.151 46.869 21.133 0.181 0.000 0.000 0.000 0.000 0.000 0.000 0.000 0.000 0.000 0.000 0.000 10.621 24.908 50.475 67.222 89.608 92.619 117.464 131.435 136.401 135.166 113.192 -999.250 -999.250 -999.250 -999.250 -999.250 -999.250 -999.250 -999.250 -999.250 -999.250 -999.250 -999.250 -999.250 -999.250 -999.250 -999.250 -999.250 -999.250 -999.250 -999.250 -999.250
27.151 22.723 17.803 17.609 13.614 5.980 4.041 2.585 6.518 14.447 23.173 36.212 51.374 67.286 75.376 88.450 95.588 93.573 88.201 77.251 64.987 42.506 27.241 11.611 0.000 0.000 0.000 0.000 0.000 0.000 0.000 0.000 0.000 0.000 0.000 0.000 3.862 15.011 31.484 50.767 67.561 76.392 88.682 92.343 100.151 104.233 95.974 -999.250 -999.250 -999.250 -999.250 -999.250 -999.250 -999.250 -999.250 -999.250 -999.250 -999.250 -999.250 -999.250 -999.250 -999.250 -999.250 -999.250 -999.250 -999.250 -999.250 -999.250
38.505 36.736 32.435 24.161 18.684 10.685 7.232 2.835 2.971 8.713 17.757 22.898 32.067 42.715 53.050 63.919 66.964 63.953 63.626 48.186 36.213 25.486 16.354 5.905 0.000 0.000 0.000 0.000 0.000 0.000 0.000 0.000 0.000 0.000 0.000 0.000 0.000 9.186 19.353 36.806 48.098 64.834 69.907 77.184 85.227 85.094 83.310 77.668 -999.250 -999.250 -999.250 -999.250 -999.250 -999.250 -999.250 -999.250 -999.250 -999.250 -999.250 -999.250 -999.250 -999.250 -999.250 -999.250 -999.250 -999.250 -999.250 -999.250
58.315 59.321 44.036 31.363 23.709 16.370 9.473 2.056 2.014 9.134 14.055 17.227 21.427 28.342 35.158 38.423 37.432 35.569 33.584 26.544 19.080 13.305 3.837 0.000 0.000 0.000 0.000 0.000 0.000 0.000 0.000 0.000 0.000 0.000 0.000 0.000 0.000 5.243 13.680 24.115 30.664 51.210 56.054 61.390 63.261 66.475 66.059 69.032 -999.250 -999.250 -999.250 -999.250 -999.250 -999.250 -999.250 -999.250 -999.250 -999.250 -999.250 -999.250 -999.250 -999.250 -999.250 -999.250 -999.250 -999.250 -999.250 -999.250
66.197 76.093 54.216 41.786 28.838 19.420 12.938 8.253 3.253 4.531 8.145 9.974 15.401 16.850 21.159 21.795 20.969 20.237 18.564 13.511 9.343 3.536 0.000 0.000 0.000 0.000 0.000 0.000 0.000 0.000 0.000 0.000 0.000 0.000 0.000 0.000 0.000 1.240 10.052 17.724 23.054 31.326 40.062 39.914 48.424 52.542 46.711 46.854 -999.250 -999.250 -999.250 -999.250 -999.250 -999.250 -999.250 -999.250 -999.250 -999.250 -999.250 -999.250 -999.250 -999.250 -999.250 -999.250 -999.250 -999.250 -999.250 -999.250
69.062 71.572 58.106 46.924 32.515 21.455 15.377 10.835 6.930 2.891 3.261 3.170 9.452 9.085 11.299 10.380 7.440 8.227 6.418 6.659 3.109 0.000 0.000 0.000 0.000 0.000 0.000 0.000 0.000 0.000 0.000 0.000 0.000 0.000 0.000 0.000 0.000 0.822 3.597 10.634 14.726 20.140 22.078 27.000 29.121 27.185 30.361 32.300 -999.250 -999.250 -999.250 -999.250 -999.250 -999.250 -999.250 -999.250 -999.250 -999.250 -999.250 -999.250 -999.250 -999.250 -999.250 -999.250 -999.250 -999.250 -999.250 -999.250
68.578 68.015 57.315 46.871 34.991 29.080 18.804 13.675 10.164 6.061 2.404 0.703 3.464 1.252 2.626 0.000 0.000 0.000 0.021 0.000 0.000 0.000 0.000 0.000 0.000 0.000 0.000 0.000 0.000 0.000 0.000 0.000 0.000 0.000 0.000 0.000 0.000 0.000 0.000 4.853 7.898 11.270 12.693 14.698 15.230 15.367 17.153 -999.250 -999.250 -999.250 -999.250 -999.250 -999.250 -999.250 -999.250 -999.250 -999.250 -999.250 -999.250 -999.250 -999.250 -999.250 -999.250 -999.250 -999.250 -999.250 -999.250 -999.250
66.615 68.126 61.820 48.847 39.222 31.217 21.551 18.089 16.207 9.567 3.270 0.000 1.023 0.000 0.000 0.000 0.000 0.000 0.000 0.000 0.000 0.000 0.000 0.000 0.000 0.000 0.000 0.000 0.000 0.000 0.000 0.000 0.000 0.000 0.000 0.000 0.000 0.000 0.000 0.000 1.575 5.009 3.255 2.718 3.117 5.637 7.226 -999.250 -999.250 -999.250 -999.250 -999.250 -999.250 -999.250 -999.250 -999.250 -999.250 -999.250 -999.250 -999.250 -999.250 -999.250 -999.250 -999.250 -999.250 -999.250 -999.250 -999.250
68.364 67.557 61.228 53.755 51.500 37.035 27.723 22.219 15.737 12.487 7.012 4.243 2.188 1.673 0.000 0.000 0.000 0.000 0.000 0.000 0.000 0.000 0.000 0.000 0.000 0.000 0.000 0.000 0.000 0.000 0.000 0.000 0.000 0.000 0.000 0.000 0.000 0.000 0.000 0.000 0.000 0.000 0.000 0.000 0.000 0.000 -999.250 -999.250 -999.250 -999.250 -999.250 -999.250 -999.250 -999.250 -999.250 -999.250 -999.250 -999.250 -999.250 -999.250 -999.250 -999.250 -999.250 -999.250 -999.250 -999.250 -999.250 -999.250
67.802 67.725 65.326 61.472 53.904 39.870 34.245 27.163 20.064 15.922 10.622 9.821 6.837 5.162 0.769 1.082 0.000 0.000 0.000 0.000 0.000 0.000 0.000 0.000 0.000 0.000 0.000 0.000 3.146 8.315 6.603 2.736 0.000 0.000 0.000 0.000 0.000 0.000 0.000 0.000 0.000 0.000 0.000 0.000 0.000 0.000 -999.250 -999.250 -999.250 -999.250 -999.250 -999.250 -999.250 -999.250 -999.250 -999.250 -999.250 -999.250 -999.250 -999.250 -999.250 -999.250 -999.250 -999.250 -999.250 -999.250 -999.250 -999.250
65.379 65.574 69.517 66.999 60.228 48.248 40.410 32.056 24.241 21.716 18.241 15.127 16.304 11.138 8.836 4.574 0.000 0.000 0.000 0.000 0.000 0.000 0.000 0.000 0.000 0.000 0.000 2.912 9.627 17.963 13.589 10.120 4.148 0.000 0.000 0.000 0.000 0.000 0.000 0.000 0.000 0.000 0.000 0.000 0.000 0.000 0.000 3.000 -999.250 -999.250 -999.250 -999.250 -999.250 -999.250 -999.250 -999.250 -999.250 -999.250 -999.250 -999.250 -999.250 -999.250 -999.250 -999.250 -999.250 -999.250 -999.250 -999.250
59.419 65.599 69.136 77.077 61.360 49.313 44.833 38.722 35.463 28.925 23.152 21.330 22.848 18.545 21.052 13.926 5.255 0.000 0.000 0.000 0.000 0.000 0.000 0.000 0.000 0.000 0.000 6.091 10.699 14.430 11.800 11.692 7.805 0.178 0.000 0.000 0.000 0.000 0.000 0.000 0.000 0.000 0.000 0.000 0.000 0.000 0.000 1.628 -999.250 -999.250 -999.250 -999.250 -999.250 -999.250 -999.250 -999.250 -999.250 -999.250 -999.250 -999.250 -999.250 -999.250 -999.250 -999.250 -999.250 -999.250 -999.250 -999.250
