data/medianmodel_11-Apr-2020.asc
ncols	141
nrows	288
xllcorner	-120191.398
yllcorner	-301404.813
cellsize	2000.000
NODATA_value	-999.250
[rows 150 to 179 of 288, columns 67 to 133 of 141]
17.237 14.028 8.425 8.383 13.454 14.815 16.081 15.038 14.921 14.563 14.401 14.346 15.111 14.719 15.608 14.831 14.735 15.053 14.755 15.058 15.930 16.785 15.784 16.196 18.881 21.318 23.498 25.499 -999.250 -999.250 -999.250 -999.250 -999.250 -999.250 -999.250 -999.250 -999.250 -999.250 -999.250 -999.250 -999.250 -999.250 -999.250 -999.250 -999.250 -999.250 -999.250 -999.250 -999.250 -999.250 -999.250 -999.250 -999.250 -999.250 -999.250 -999.250 -999.250 -999.250 -999.250 -999.250 -999.250 -999.250 -999.250 -999.250 -999.250 -999.250 -999.250
19.541 16.100 13.583 13.070 13.340 13.897 16.292 13.396 14.987 13.559 12.717 12.960 15.142 10.937 12.425 15.516 17.030 16.458 16.440 14.240 15.121 18.222 18.942 19.781 21.022 20.412 27.148 26.731 -999.250 -999.250 -999.250 -999.250 -999.250 -999.250 -999.250 -999.250 -999.250 -999.250 -999.250 -999.250 -999.250 -999.250 -999.250 -999.250 -999.250 -999.250 -999.250 -999.250 -999.250 -999.250 -999.250 -999.250 -999.250 -999.250 -999.250 -999.250 -999.250 -999.250 -999.250 -999.250 -999.250 -999.250 -999.250 -999.250 -999.250 -999.250 -999.250
18.864 18.418 16.865 15.032 14.599 14.689 15.008 14.936 13.792 15.490 14.227 13.445 13.614 11.234 12.800 11.697 14.754 15.492 12.823 14.838 16.096 21.047 21.128 22.356 25.398 27.651 27.774 28.117 -999.250 -999.250 -999.250 -999.250 -999.250 -999.250 -999.250 -999.250 -999.250 -999.250 -999.250 -999.250 -999.250 -999.250 -999.250 -999.250 -999.250 -999.250 -999.250 -999.250 -999.250 -999.250 -999.250 -999.250 -999.250 -999.250 -999.250 -999.250 -999.250 -999.250 -999.250 -999.250 -999.250 -999.250 -999.250 -999.250 -999.250 -999.250 -999.250
19.880 17.605 16.901 17.088 14.108 16.892 16.718 15.780 16.835 11.683 11.143 13.216 12.536 11.816 14.385 14.666 14.375 13.937 14.603 15.634 16.544 19.861 21.074 23.549 28.629 28.614 28.766 29.499 -999.250 -999.250 -999.250 -999.250 -999.250 -999.250 -999.250 -999.250 -999.250 -999.250 -999.250 -999.250 -999.250 -999.250 -999.250 -999.250 -999.250 -999.250 -999.250 -999.250 -999.250 -999.250 -999.250 -999.250 -999.250 -999.250 -999.250 -999.250 -999.250 -999.250 -999.250 -999.250 -999.250 -999.250 -999.250 -999.250 -999.250 -999.250 -999.250
20.991 19.628 15.564 13.777 14.161 14.373 15.290 16.075 14.845 15.479 13.248 15.338 12.024 14.475 15.436 12.256 14.040 15.576 16.118 16.448 19.259 19.970 21.830 26.095 29.911 33.278 32.164 31.423 -999.250 -999.250 -999.250 -999.250 -999.250 -999.250 -999.250 -999.250 -999.250 -999.250 -999.250 -999.250 -999.250 -999.250 -999.250 -999.250 -999.250 -999.250 -999.250 -999.250 -999.250 -999.250 -999.250 -999.250 -999.250 -999.250 -999.250 -999.250 -999.250 -999.250 -999.250 -999.250 -999.250 -999.250 -999.250 -999.250 -999.250 -999.250 -999.250
18.928 17.503 18.503 15.487 15.529 15.486 14.275 13.382 16.003 14.296 15.036 12.408 12.875 11.236 12.957 11.007 12.118 12.366 12.677 14.480 18.508 18.385 20.127 24.165 27.870 31.375 31.883 28.065 -999.250 -999.250 -999.250 -999.250 -999.250 -999.250 -999.250 -999.250 -999.250 -999.250 -999.250 -999.250 -999.250 -999.250 -999.250 -999.250 -999.250 -999.250 -999.250 -999.250 -999.250 -999.250 -999.250 -999.250 -999.250 -999.250 -999.250 -999.250 -999.250 -999.250 -999.250 -999.250 -999.250 -999.250 -999.250 -999.250 -999.250 -999.250 -999.250
19.795 19.982 16.150 15.974 14.248 13.969 15.786 13.908 15.252 17.423 14.474 15.274 11.124 12.621 10.541 8.734 7.572 10.719 9.590 14.175 17.317 15.910 18.349 20.661 23.058 29.292 26.039 27.351 26.072 -999.250 -999.250 -999.250 -999.250 -999.250 -999.250 -999.250 -999.250 -999.250 -999.250 -999.250 -999.250 -999.250 -999.250 -999.250 -999.250 -999.250 -999.250 -999.250 -999.250 -999.250 -999.250 -999.250 -999.250 -999.250 -999.250 -999.250 -999.250 -999.250 -999.250 -999.250 -999.250 -999.250 -999.250 -999.250 -999.250 -999.250 -999.250
17.942 17.608 16.870 15.472 13.749 14.602 16.341 16.132 14.862 14.175 14.795 13.862 13.496 9.909 7.598 5.933 7.895 8.907 10.076 12.851 13.991 14.135 14.015 17.918 20.017 23.288 23.560 25.216 22.944 20.273 -999.250 -999.250 -999.250 -999.250 -999.250 -999.250 -999.250 -999.250 -999.250 -999.250 -999.250 -999.250 -999.250 -999.250 -999.250 -999.250 -999.250 -999.250 -999.250 -999.250 -999.250 -999.250 -999.250 -999.250 -999.250 -999.250 -999.250 -999.250 -999.250 -999.250 -999.250 -999.250 -999.250 -999.250 -999.250 -999.250 -999.250
17.153 16.590 17.013 14.909 16.362 13.825 15.005 15.674 15.606 16.361 12.483 14.518 11.882 9.277 7.957 5.862 0.000 5.032 7.606 11.126 13.779 13.600 14.081 9.020 17.422 19.616 20.117 21.509 21.050 20.618 19.226 -999.250 -999.250 -999.250 -999.250 -999.250 -999.250 -999.250 -999.250 -999.250 -999.250 -999.250 -999.250 -999.250 -999.250 -999.250 -999.250 -999.250 -999.250 -999.250 -999.250 -999.250 -999.250 -999.250 -999.250 -999.250 -999.250 -999.250 -999.250 -999.250 -999.250 -999.250 -999.250 -999.250 -999.250 -999.250 -999.250
14.707 15.362 16.804 15.092 16.389 15.403 18.218 16.901 15.675 14.209 14.131 14.923 15.782 11.928 10.749 5.499 5.092 6.464 10.992 13.429 13.877 14.870 13.668 12.652 15.782 19.697 18.159 19.729 19.353 18.682 18.342 -999.250 -999.250 -999.250 -999.250 -999.250 -999.250 -999.250 -999.250 -999.250 -999.250 -999.250 -999.250 -999.250 -999.250 -999.250 -999.250 -999.250 -999.250 -999.250 -999.250 -999.250 -999.250 -999.250 -999.250 -999.250 -999.250 -999.250 -999.250 -999.250 -999.250 -999.250 -999.250 -999.250 -999.250 -999.250 -999.250
14.915 13.436 13.801 16.361 15.906 14.294 12.048 15.119 14.239 12.734 14.687 13.824 13.665 14.423 12.217 11.461 6.730 9.332 11.320 15.111 14.956 14.725 16.316 14.501 14.756 16.903 16.501 18.399 18.989 19.049 18.184 -999.250 -999.250 -999.250 -999.250 -999.250 -999.250 -999.250 -999.250 -999.250 -999.250 -999.250 -999.250 -999.250 -999.250 -999.250 -999.250 -999.250 -999.250 -999.250 -999.250 -999.250 -999.250 -999.250 -999.250 -999.250 -999.250 -999.250 -999.250 -999.250 -999.250 -999.250 -999.250 -999.250 -999.250 -999.250 -999.250
16.860 17.794 18.394 14.877 12.363 12.162 12.208 12.910 12.789 15.245 13.411 13.723 14.821 12.148 9.390 8.874 8.684 10.512 11.441 14.530 16.139 17.937 17.454 15.853 14.913 17.292 18.299 19.447 17.232 15.887 16.539 -999.250 -999.250 -999.250 -999.250 -999.250 -999.250 -999.250 -999.250 -999.250 -999.250 -999.250 -999.250 -999.250 -999.250 -999.250 -999.250 -999.250 -999.250 -999.250 -999.250 -999.250 -999.250 -999.250 -999.250 -999.250 -999.250 -999.250 -999.250 -999.250 -999.250 -999.250 -999.250 -999.250 -999.250 -999.250 -999.250
17.285 14.733 14.772 14.680 11.154 10.689 10.986 13.924 12.703 13.555 14.810 14.239 9.007 7.722 2.563 8.711 9.881 13.026 13.807 18.176 16.778 17.970 16.850 16.751 14.248 15.815 17.000 16.019 17.552 14.153 11.695 -999.250 -999.250 -999.250 -999.250 -999.250 -999.250 -999.250 -999.250 -999.250 -999.250 -999.250 -999.250 -999.250 -999.250 -999.250 -999.250 -999.250 -999.250 -999.250 -999.250 -999.250 -999.250 -999.250 -999.250 -999.250 -999.250 -999.250 -999.250 -999.250 -999.250 -999.250 -999.250 -999.250 -999.250 -999.250 -999.250
14.855 16.395 15.535 13.859 15.614 14.132 12.357 11.918 11.663 12.204 13.707 13.526 9.862 4.080 0.000 4.092 9.830 12.381 14.935 16.447 15.949 18.602 19.400 18.418 17.217 14.921 12.821 14.056 17.014 18.238 14.706 7.475 -999.250 -999.250 -999.250 -999.250 -999.250 -999.250 -999.250 -999.250 -999.250 -999.250 -999.250 -999.250 -999.250 -999.250 -999.250 -999.250 -999.250 -999.250 -999.250 -999.250 -999.250 -999.250 -999.250 -999.250 -999.250 -999.250 -999.250 -999.250 -999.250 -999.250 -999.250 -999.250 -999.250 -999.250 -999.250
15.392 17.753 14.030 15.452 14.399 14.609 15.300 12.462 13.445 12.027 9.843 11.554 12.204 10.363 4.206 7.841 8.990 11.293 15.749 15.253 18.008 17.711 17.509 17.813 16.866 16.804 13.867 12.475 14.939 14.548 12.823 8.534 12.231 -999.250 -999.250 -999.250 -999.250 -999.250 -999.250 -999.250 -999.250 -999.250 -999.250 -999.250 -999.250 -999.250 -999.250 -999.250 -999.250 -999.250 -999.250 -999.250 -999.250 -999.250 -999.250 -999.250 -999.250 -999.250 -999.250 -999.250 -999.250 -999.250 -999.250 -999.250 -999.250 -999.250 -999.250
15.925 15.921 15.783 16.550 13.966 13.251 14.563 14.157 11.796 10.316 8.976 8.268 8.512 7.585 8.223 9.343 10.081 12.420 12.592 16.061 15.960 17.352 16.544 16.058 16.985 14.634 12.173 12.206 13.815 14.657 9.104 12.257 11.931 8.587 10.797 8.880 -999.250 -999.250 -999.250 -999.250 -999.250 -999.250 -999.250 -999.250 -999.250 -999.250 -999.250 -999.250 -999.250 -999.250 -999.250 -999.250 -999.250 -999.250 -999.250 -999.250 -999.250 -999.250 -999.250 -999.250 -999.250 -999.250 -999.250 -999.250 -999.250 -999.250 -999.250
17.097 15.859 15.614 15.348 15.403 14.927 13.774 15.476 14.919 13.076 11.174 9.143 8.527 9.178 12.075 10.252 11.100 15.921 11.639 14.500 15.985 16.181 16.105 15.885 13.658 12.348 14.576 13.623 13.305 12.082 9.231 11.189 11.091 12.409 13.150 10.370 -999.250 -999.250 -999.250 -999.250 -999.250 -999.250 -999.250 -999.250 -999.250 -999.250 -999.250 -999.250 -999.250 -999.250 -999.250 -999.250 -999.250 -999.250 -999.250 -999.250 -999.250 -999.250 -999.250 -999.250 -999.250 -999.250 -999.250 -999.250 -999.250 -999.250 -999.250
17.453 15.859 11.512 9.637 12.010 13.765 12.694 15.271 13.666 11.382 11.198 9.560 10.348 12.018 14.031 13.367 14.953 14.712 15.525 14.771 16.158 16.468 14.370 15.276 14.055 13.940 12.039 12.586 12.816 9.972 7.979 6.482 8.108 11.300 13.917 -999.250 -999.250 -999.250 -999.250 -999.250 -999.250 -999.250 -999.250 -999.250 -999.250 -999.250 -999.250 -999.250 -999.250 -999.250 -999.250 -999.250 -999.250 -999.250 -999.250 -999.250 -999.250 -999.250 -999.250 -999.250 -999.250 -999.250 -999.250 -999.250 -999.250 -999.250 -999.250
14.675 15.881 12.461 11.174 10.679 11.382 15.656 13.182 14.781 9.120 11.538 9.448 8.731 10.063 9.033 15.202 14.304 15.210 11.918 14.634 16.527 18.097 15.405 15.215 15.189 13.166 13.867 12.126 13.247 7.401 7.288 3.997 6.484 9.569 10.761 -999.250 -999.250 -999.250 4.994 1.359 2.445 -999.250 -999.250 -999.250 -999.250 -999.250 -999.250 -999.250 -999.250 -999.250 -999.250 -999.250 -999.250 -999.250 -999.250 -999.250 -999.250 -999.250 -999.250 -999.250 -999.250 -999.250 -999.250 -999.250 -999.250 -999.250 -999.250
13.488 12.215 11.158 5.733 8.880 9.234 12.114 13.017 10.791 10.327 6.599 11.242 7.390 3.466 7.058 9.159 14.551 15.882 12.333 14.407 15.280 15.776 15.931 13.156 12.947 11.377 10.938 11.352 9.025 6.874 3.685 0.000 1.979 10.635 9.207 8.915 9.597 8.936 7.847 7.291 0.000 2.731 -999.250 -999.250 -999.250 -999.250 -999.250 -999.250 -999.250 -999.250 -999.250 -999.250 -999.250 -999.250 -999.250 -999.250 -999.250 -999.250 -999.250 -999.250 -999.250 -999.250 -999.250 -999.250 -999.250 -999.250 -999.250
10.384 10.202 5.133 0.000 4.484 6.835 11.570 8.817 10.639 11.914 10.696 5.603 3.691 0.000 8.112 10.506 14.272 14.275 14.226 16.008 13.765 15.562 13.709 14.673 13.046 8.913 5.752 7.506 8.356 11.228 6.298 6.237 5.747 9.934 11.095 13.720 11.995 8.507 7.489 2.939 0.000 2.512 3.166 -999.250 -999.250 -999.250 -999.250 -999.250 -999.250 -999.250 -999.250 -999.250 -999.250 -999.250 -999.250 -999.250 -999.250 -999.250 -999.250 -999.250 -999.250 -999.250 -999.250 -999.250 -999.250 -999.250 -999.250
13.063 9.762 8.073 4.533 5.332 7.512 10.814 12.476 11.488 11.298 9.832 8.662 7.818 6.448 7.698 10.352 12.906 13.952 15.166 16.875 14.481 15.785 14.581 9.059 6.639 7.627 10.995 10.071 9.070 12.413 13.348 9.208 11.602 13.973 15.052 13.881 14.728 14.307 11.080 9.125 8.136 4.905 7.292 -999.250 -999.250 -999.250 -999.250 -999.250 -999.250 -999.250 -999.250 -999.250 -999.250 -999.250 -999.250 -999.250 -999.250 -999.250 -999.250 -999.250 -999.250 -999.250 -999.250 -999.250 -999.250 -999.250 -999.250
15.797 11.538 8.158 11.824 11.200 12.881 11.930 14.133 13.711 14.101 11.220 12.223 8.496 9.767 7.710 8.159 11.466 10.882 12.736 14.621 16.056 13.282 12.547 8.933 0.000 4.737 9.509 11.809 13.059 13.055 14.203 14.298 15.056 16.898 16.109 15.800 15.805 15.927 16.736 14.972 12.617 8.240 7.417 -999.250 -999.250 -999.250 -999.250 -999.250 -999.250 -999.250 -999.250 -999.250 -999.250 -999.250 -999.250 -999.250 -999.250 -999.250 -999.250 -999.250 -999.250 -999.250 -999.250 -999.250 -999.250 -999.250 -999.250
13.808 8.031 12.132 12.597 12.158 12.368 14.222 14.341 16.350 15.241 12.684 10.767 9.812 8.860 10.403 10.185 9.730 12.116 12.110 15.934 14.611 16.023 11.776 7.309 3.521 7.396 12.940 13.830 13.290 15.719 17.040 16.332 19.393 17.078 17.633 18.117 16.285 14.336 16.234 16.149 15.216 13.576 8.333 6.114 -999.250 -999.250 -999.250 -999.250 -999.250 -999.250 -999.250 -999.250 -999.250 -999.250 -999.250 -999.250 -999.250 -999.250 -999.250 -999.250 -999.250 -999.250 -999.250 -999.250 -999.250 -999.250 -999.250
11.902 11.216 13.318 15.793 15.450 17.122 13.538 15.210 15.160 13.741 10.024 8.311 7.287 8.730 12.036 11.637 11.105 11.459 11.644 14.156 15.390 14.270 13.605 11.596 6.787 12.331 16.041 15.935 17.236 18.762 18.163 18.777 16.115 16.068 17.582 17.364 14.732 15.637 14.546 14.330 15.872 12.463 7.051 -999.250 -999.250 -999.250 -999.250 -999.250 -999.250 -999.250 -999.250 -999.250 -999.250 -999.250 -999.250 -999.250 -999.250 -999.250 -999.250 -999.250 -999.250 -999.250 -999.250 -999.250 -999.250 -999.250 -999.250
13.426 9.943 13.720 15.364 14.720 13.254 12.983 13.628 13.903 11.684 11.952 9.332 6.216 5.812 10.728 9.737 8.394 12.321 14.422 13.028 14.250 17.429 16.957 13.494 12.883 15.002 16.699 18.191 17.738 16.933 19.793 19.318 19.994 20.374 19.013 19.521 17.850 16.329 15.414 16.491 17.498 15.593 -999.250 -999.250 -999.250 -999.250 -999.250 -999.250 -999.250 -999.250 -999.250 -999.250 -999.250 -999.250 -999.250 -999.250 -999.250 -999.250 -999.250 -999.250 -999.250 -999.250 -999.250 -999.250 -999.250 -999.250 -999.250
12.254 13.669 14.465 15.072 14.252 12.951 13.113 14.206 13.323 12.559 10.358 4.915 0.000 3.599 9.754 10.105 12.632 10.123 12.126 15.302 17.124 18.774 17.746 15.661 16.529 16.304 16.439 17.300 19.596 19.902 19.159 22.148 20.730 20.719 20.568 17.970 17.348 17.183 17.075 16.506 15.412 14.267 -999.250 -999.250 -999.250 -999.250 -999.250 -999.250 -999.250 -999.250 -999.250 -999.250 -999.250 -999.250 -999.250 -999.250 -999.250 -999.250 -999.250 -999.250 -999.250 -999.250 -999.250 -999.250 -999.250 -999.250 -999.250
14.207 13.226 14.210 13.368 14.860 13.462 14.464 10.868 14.627 14.067 13.708 8.702 5.880 7.024 8.096 10.598 12.829 13.819 15.802 15.473 15.998 17.511 16.548 17.204 17.043 18.424 17.821 16.148 18.969 20.661 20.545 21.449 21.069 20.361 21.404 19.042 19.634 17.693 19.042 17.184 16.723 -999.250 -999.250 -999.250 -999.250 -999.250 -999.250 -999.250 -999.250 -999.250 -999.250 -999.250 -999.250 -999.250 -999.250 -999.250 -999.250 -999.250 -999.250 -999.250 -999.250 -999.250 -999.250 -999.250 -999.250 -999.250 -999.250
13.515 13.239 12.898 15.819 16.249 16.297 14.406 15.448 16.592 14.172 14.823 14.817 10.312 9.823 11.120 12.922 14.615 16.009 14.674 14.267 16.846 15.055 16.720 13.308 17.018 18.822 16.295 18.036 19.463 20.900 21.094 21.618 21.987 21.711 23.496 19.503 19.646 18.679 16.224 18.548 14.692 -999.250 -999.250 -999.250 -999.250 -999.250 -999.250 -999.250 -999.250 -999.250 -999.250 -999.250 -999.250 -999.250 -999.250 -999.250 -999.250 -999.250 -999.250 -999.250 -999.250 -999.250 -999.250 -999.250 -999.250 -999.250 -999.250
12.594 12.405 15.302 13.821 18.023 17.291 17.113 18.254 16.138 17.550 16.199 13.873 13.926 14.639 13.563 15.118 16.467 15.243 12.984 13.862 17.533 15.271 15.704 14.824 16.442 18.341 17.794 16.969 19.906 18.816 21.304 19.277 20.562 21.814 24.725 21.918 21.709 19.237 18.528 16.032 -999.250 -999.250 -999.250 -999.250 -999.250 -999.250 -999.250 -999.250 -999.250 -999.250 -999.250 -999.250 -999.250 -999.250 -999.250 -999.250 -999.250 -999.250 -999.250 -999.250 -999.250 -999.250 -999.250 -999.250 -999.250 -999.250 -999.250
