data/medianmodel_28-May-2020.asc
ncols	141
nrows	288
xllcorner	-120191.398
yllcorner	-301404.813
cellsize	2000.000
NODATA_value	-999.250
[rows 31 to 61 of 288, columns 69 to 137 of 141]
5.823 6.680 2.794 1.680 1.869 0.000 1.192 3.528 2.726 3.572 3.297 2.574 1.813 3.704 2.450 3.240 1.688 2.851 0.898 0.717 1.824 1.760 1.457 0.554 0.000 0.000 0.226 0.186 0.059 2.152 3.732 3.500 2.584 1.412 2.053 5.503 6.353 6.947 5.895 7.151 6.350 5.143 4.993 3.967 4.205 3.690 5.957 4.943 4.622 5.284 4.322 6.865 6.672 6.854 8.064 9.646 11.345 13.486 15.804 13.816 8.964 6.515 6.142 4.365 4.382 3.779 3.857 3.661 2.424
6.138 4.908 2.173 0.000 0.000 0.000 0.561 2.807 6.302 2.720 3.690 3.668 3.929 4.260 3.797 4.972 3.217 3.362 1.035 3.363 3.125 2.214 2.353 2.049 1.707 1.982 1.575 0.000 1.557 2.132 2.244 2.583 0.000 0.569 3.775 5.849 5.218 5.491 7.152 8.146 6.179 6.587 4.736 4.883 2.795 3.942 6.593 5.462 5.866 3.848 4.239 6.548 5.751 6.223 7.548 9.905 11.217 8.958 11.811 9.771 10.968 7.132 3.593 2.472 1.086 1.121 1.676 3.312 3.201
6.280 3.764 0.000 0.000 0.000 0.000 0.000 3.824 6.212 5.582 3.511 5.289 6.563 8.022 6.624 4.914 1.944 0.497 0.765 2.172 2.118 3.067 3.439 1.529 2.346 3.892 2.661 2.824 2.564 2.930 1.601 0.664 0.424 1.258 2.990 2.941 6.289 8.220 10.211 13.778 8.065 6.480 4.253 3.766 2.469 3.326 4.133 3.551 4.284 4.974 5.639 5.145 4.843 4.807 8.478 8.579 11.064 11.293 9.417 9.066 6.197 5.054 3.508 1.348 0.000 0.000 2.158 2.399 2.141
8.831 5.560 0.025 0.000 0.000 0.000 0.087 3.136 3.666 7.065 5.480 8.348 9.516 8.590 7.385 5.350 2.791 2.155 1.848 1.499 0.559 4.279 2.538 1.474 2.605 2.660 2.356 3.788 2.045 2.483 1.602 1.349 1.115 1.017 3.027 3.865 5.736 6.388 8.337 7.497 5.633 3.953 5.084 3.672 4.640 2.931 2.611 3.820 4.689 5.144 4.852 3.708 5.261 5.375 3.860 7.063 6.861 8.315 6.635 6.289 4.406 3.572 3.429 0.061 0.000 0.000 0.608 1.460 2.238
6.840 2.676 0.584 0.000 0.000 0.000 3.702 1.949 3.432 5.437 7.211 10.183 16.721 9.396 7.848 4.762 4.356 2.053 0.138 0.253 1.414 1.569 2.626 2.219 2.231 2.073 3.348 2.694 2.602 1.551 3.225 2.766 2.350 2.849 1.220 2.224 5.281 4.400 6.625 4.289 6.940 6.721 5.700 4.642 4.072 2.391 2.973 3.300 5.624 6.612 4.138 1.760 3.965 5.992 7.015 5.981 5.928 5.945 8.857 5.482 4.089 3.707 5.680 1.355 0.000 0.000 0.000 2.918 -999.250
5.515 4.712 3.345 1.814 1.281 0.497 2.352 1.700 4.767 5.972 7.016 8.268 10.366 8.610 8.995 6.698 3.954 1.940 0.000 0.000 0.558 0.500 0.326 1.644 2.756 2.011 1.384 0.190 0.159 0.912 4.597 3.376 1.351 1.720 1.685 2.228 3.495 4.220 4.542 4.222 3.529 5.001 4.908 3.656 4.612 4.830 2.963 4.339 4.933 4.503 5.613 4.517 4.139 4.222 6.009 5.391 5.313 6.494 6.428 4.477 4.072 3.350 3.360 1.365 0.000 0.000 0.355 2.112 -999.250
6.749 5.611 3.390 4.561 2.401 2.951 3.394 2.676 6.000 7.326 6.849 8.996 6.943 5.954 4.568 3.349 2.913 1.797 0.000 0.000 0.000 0.000 0.301 1.021 2.047 1.775 0.072 0.913 0.000 0.081 2.600 2.024 1.500 2.047 1.706 1.801 3.387 1.605 2.853 3.001 2.458 3.794 4.092 5.229 5.811 4.315 2.846 3.897 4.777 5.251 5.963 4.887 5.140 5.428 7.365 6.050 4.359 5.673 4.829 3.221 3.148 3.520 3.732 2.787 1.791 1.379 2.701 -999.250 -999.250
9.792 6.190 2.790 5.765 4.079 5.364 2.947 4.876 6.712 7.984 5.277 6.178 4.573 5.635 3.015 1.673 1.582 0.000 0.000 0.000 0.000 0.000 0.000 0.000 0.391 0.328 0.067 0.000 0.000 1.091 1.844 1.352 1.950 2.811 0.974 0.364 0.855 1.654 2.098 1.934 0.852 1.621 3.931 5.084 3.592 3.770 3.511 3.878 5.054 4.730 5.748 7.010 6.124 6.056 5.189 5.502 4.614 3.897 4.197 1.951 3.200 3.449 3.150 4.240 3.935 3.598 4.935 -999.250 -999.250
6.598 6.171 4.931 5.494 5.288 4.768 2.994 2.916 6.662 5.209 3.591 5.103 3.372 3.069 2.337 2.446 0.701 0.000 0.000 0.000 0.000 0.000 0.000 0.000 0.674 0.000 0.000 0.000 0.000 0.926 1.519 2.354 2.524 1.834 1.656 1.815 2.747 1.433 0.000 1.895 0.220 2.536 3.423 3.594 2.560 2.319 1.511 4.353 2.211 4.933 6.793 4.009 4.918 4.621 4.414 4.908 6.485 3.442 3.907 3.757 4.103 4.141 2.499 5.116 3.558 3.272 6.128 -999.250 -999.250
6.468 5.185 6.186 5.629 6.881 3.719 2.725 3.040 3.073 3.780 3.947 4.598 3.425 1.828 2.029 1.220 0.575 0.000 0.000 0.000 0.000 0.000 0.000 0.000 0.000 0.000 0.000 0.000 0.000 0.561 2.808 1.114 1.513 1.024 1.205 0.764 0.000 0.000 0.000 0.000 0.000 0.000 0.924 0.000 0.426 0.076 4.137 2.830 3.197 4.001 5.158 4.449 2.673 4.637 3.909 5.678 4.013 5.758 3.353 4.655 3.859 4.332 1.391 3.653 3.192 4.487 -999.250 -999.250 -999.250
8.449 7.239 7.505 6.564 5.462 5.544 2.482 3.594 2.656 4.630 7.071 4.623 3.066 3.899 2.523 0.431 0.000 0.000 0.000 0.000 0.000 0.000 0.000 0.000 0.000 0.000 0.000 0.000 0.000 0.000 0.221 0.095 0.000 0.000 0.000 0.168 1.224 0.000 0.000 0.000 0.000 0.000 0.000 0.000 0.000 0.198 0.000 2.171 1.174 3.710 3.811 6.233 3.788 2.957 3.771 4.488 3.711 5.416 4.398 3.044 3.968 3.726 2.271 3.726 2.101 2.796 4.234 -999.250 -999.250
11.583 7.727 8.262 7.840 7.045 4.778 3.169 2.350 3.727 4.714 7.393 3.703 4.513 3.096 1.898 1.818 0.000 0.000 0.000 0.000 0.000 0.000 0.000 0.000 0.000 0.000 0.000 0.000 0.000 0.000 0.000 0.000 0.012 0.000 0.078 0.000 0.000 0.000 0.000 0.000 0.000 0.000 0.000 0.000 0.000 0.000 0.000 0.457 1.345 2.330 1.744 4.078 2.168 2.327 2.914 3.021 6.049 4.272 4.896 3.729 2.086 2.887 1.188 -999.250 -999.250 -999.250 -999.250 -999.250 -999.250
12.176 9.216 8.944 6.506 5.430 5.127 3.254 4.666 2.866 3.691 5.833 5.085 4.998 3.099 1.719 0.000 0.000 0.000 0.000 0.000 0.000 0.000 0.000 0.000 0.000 0.000 0.000 0.000 0.000 0.000 0.000 0.000 0.000 0.000 0.000 0.000 0.000 0.000 0.000 0.000 0.000 0.000 0.000 0.000 0.000 0.000 0.374 1.222 1.309 0.796 0.000 1.931 0.825 0.886 2.072 2.314 3.693 4.980 2.843 4.392 0.609 3.439 2.768 3.467 -999.250 -999.250 -999.250 -999.250 -999.250
11.319 9.136 7.835 5.199 5.910 4.049 4.225 2.814 3.258 4.676 5.037 2.557 1.205 1.716 0.000 0.000 0.000 0.000 0.000 0.000 0.000 0.000 0.000 0.000 0.000 0.000 0.000 0.000 0.000 0.000 0.000 0.000 0.000 0.000 0.000 0.000 0.000 0.000 0.000 0.000 0.000 0.000 0.000 0.347 1.005 1.128 3.208 1.875 1.112 0.801 0.312 0.000 0.000 0.233 0.574 2.302 1.976 1.615 3.011 3.358 0.779 0.925 -999.250 -999.250 -999.250 -999.250 -999.250 -999.250 -999.250
11.321 9.417 7.805 4.364 5.550 5.805 6.473 5.428 5.368 4.534 3.915 3.986 2.208 2.261 0.000 0.000 0.000 0.000 0.000 0.000 0.000 0.000 0.000 0.000 0.000 0.000 0.000 0.000 0.000 0.000 0.000 0.000 0.000 0.000 0.000 0.000 0.000 0.000 0.000 0.000 0.000 0.000 0.000 1.754 1.812 3.199 1.749 2.289 2.140 0.245 0.000 0.000 0.000 0.000 0.113 2.070 1.880 1.616 3.571 2.493 0.787 2.333 -999.250 -999.250 -999.250 -999.250 -999.250 -999.250 -999.250
9.114 8.984 8.207 7.951 6.242 5.123 5.561 8.006 6.625 4.800 3.073 5.521 1.097 0.000 0.000 0.000 0.000 0.000 0.000 0.000 0.000 0.000 0.000 0.000 0.000 0.000 0.000 0.000 0.000 0.000 0.000 0.000 0.000 0.000 0.000 0.000 0.000 0.000 0.000 0.000 0.000 0.000 0.000 0.208 2.113 3.324 4.050 2.688 3.901 1.229 0.000 0.000 0.000 0.000 0.989 1.346 4.245 4.384 5.507 3.214 2.199 -999.250 -999.250 -999.250 -999.250 -999.250 -999.250 -999.250 -999.250
10.694 8.723 7.713 7.523 5.935 4.017 4.223 5.888 5.355 6.508 2.980 3.011 0.032 0.000 0.000 0.000 0.000 0.000 0.000 0.000 0.000 0.000 0.000 0.000 0.000 0.000 0.000 0.000 0.000 0.000 0.000 0.000 0.000 0.000 0.000 0.000 0.000 0.000 0.000 0.000 0.000 0.110 0.000 0.266 3.229 3.850 3.379 2.877 3.191 2.623 0.285 0.000 0.000 0.914 1.849 1.776 1.831 4.093 5.404 -999.250 -999.250 -999.250 -999.250 -999.250 -999.250 -999.250 -999.250 -999.250 -999.250
10.157 7.284 6.857 5.148 3.575 3.745 2.619 3.092 4.487 4.847 3.377 3.938 0.239 0.000 0.000 0.000 0.000 0.000 0.000 0.000 0.000 0.000 0.000 0.000 0.000 0.000 0.000 0.000 0.000 0.000 0.000 0.000 0.000 0.000 0.000 0.000 0.000 0.000 0.000 0.000 0.000 0.000 0.055 1.432 2.427 2.175 3.959 4.478 3.775 2.273 1.344 0.000 0.019 2.309 1.895 4.948 4.740 4.125 2.619 -999.250 -999.250 -999.250 -999.250 -999.250 -999.250 -999.250 -999.250 -999.250 -999.250
10.383 8.595 7.302 3.039 0.000 0.000 0.000 0.000 1.061 2.765 2.401 0.073 0.000 0.000 0.000 0.000 0.000 0.000 0.000 0.000 0.000 0.000 0.000 0.000 0.000 0.000 0.000 0.000 0.000 0.000 0.000 0.000 0.000 0.000 0.000 0.000 0.000 0.000 0.000 0.945 1.952 0.773 1.023 1.311 1.766 2.883 3.706 3.520 3.571 2.953 1.305 1.397 2.663 3.261 -999.250 3.201 2.751 -999.250 -999.250 -999.250 -999.250 -999.250 -999.250 -999.250 -999.250 -999.250 -999.250 -999.250 -999.250
11.846 12.569 5.547 0.579 0.000 0.000 0.000 0.000 0.000 1.879 2.652 0.238 0.822 0.000 0.000 0.000 0.000 0.000 0.000 0.000 0.000 0.000 0.000 0.000 0.000 0.000 0.000 0.000 0.000 0.000 0.000 0.000 0.000 0.000 0.000 0.000 0.000 0.000 0.000 0.164 0.532 0.277 1.780 1.367 0.737 1.378 4.776 6.428 4.087 3.817 3.801 3.773 -999.250 -999.250 -999.250 -999.250 -999.250 -999.250 -999.250 -999.250 -999.250 -999.250 -999.250 -999.250 -999.250 -999.250 -999.250 -999.250 -999.250
10.585 11.248 6.033 2.051 0.000 0.000 0.000 3.420 1.816 2.882 3.128 3.133 0.000 0.000 0.000 0.000 0.000 0.000 0.000 0.000 0.000 0.000 0.000 0.000 0.000 0.000 0.000 0.000 0.000 0.000 0.000 0.000 0.000 0.000 0.000 0.000 0.000 0.000 0.000 0.712 0.488 2.122 2.276 2.638 3.243 2.982 3.782 6.084 4.774 5.220 5.785 -999.250 -999.250 -999.250 -999.250 -999.250 -999.250 -999.250 -999.250 -999.250 -999.250 -999.250 -999.250 -999.250 -999.250 -999.250 -999.250 -999.250 -999.250
10.282 7.485 3.677 3.728 4.884 0.000 10.076 10.557 7.232 5.070 5.018 0.713 0.000 0.118 0.000 0.000 0.000 0.000 0.000 0.000 0.000 0.000 0.000 0.000 0.000 0.000 0.000 0.000 0.000 0.000 0.000 0.000 0.000 0.000 0.000 0.000 0.000 0.000 0.000 1.730 2.110 3.051 2.570 2.863 2.475 4.334 5.799 5.432 7.698 5.840 4.209 -999.250 -999.250 -999.250 -999.250 -999.250 -999.250 -999.250 -999.250 -999.250 -999.250 -999.250 -999.250 -999.250 -999.250 -999.250 -999.250 -999.250 -999.250
7.530 3.436 3.476 7.957 17.804 44.380 25.660 13.572 11.930 10.058 4.678 1.525 0.427 0.148 0.000 0.000 0.000 0.000 0.000 0.000 0.000 0.000 0.000 0.000 0.000 0.000 0.000 0.000 0.000 0.000 0.000 0.000 0.000 0.000 0.000 0.000 0.000 0.000 0.000 0.000 0.897 3.650 1.274 2.018 3.421 4.696 6.983 6.114 7.200 7.226 -999.250 -999.250 -999.250 -999.250 -999.250 -999.250 -999.250 -999.250 -999.250 -999.250 -999.250 -999.250 -999.250 -999.250 -999.250 -999.250 -999.250 -999.250 -999.250
3.831 0.000 1.655 6.338 18.338 25.665 24.327 18.806 13.470 9.020 6.465 2.588 0.000 0.000 0.000 0.000 0.000 0.000 0.000 0.000 0.000 0.000 0.000 0.000 0.000 0.000 0.000 0.000 0.000 0.000 0.000 0.000 0.000 0.000 0.000 0.000 0.000 0.000 0.000 1.263 1.421 1.510 1.563 2.444 4.367 5.690 8.260 7.595 8.559 -999.250 -999.250 -999.250 -999.250 -999.250 -999.250 -999.250 -999.250 -999.250 -999.250 -999.250 -999.250 -999.250 -999.250 -999.250 -999.250 -999.250 -999.250 -999.250 -999.250
0.847 0.000 0.396 7.133 14.517 18.627 15.285 15.699 9.603 7.685 4.720 0.623 0.000 0.000 0.000 0.000 0.000 0.000 0.000 0.000 0.000 0.000 0.000 0.000 0.000 0.000 0.000 0.000 0.000 0.000 0.000 0.000 0.000 0.000 0.000 0.000 0.000 0.000 0.000 0.461 1.691 1.729 2.731 2.380 7.623 11.992 11.673 10.726 8.742 -999.250 -999.250 -999.250 -999.250 -999.250 -999.250 -999.250 -999.250 -999.250 -999.250 -999.250 -999.250 -999.250 -999.250 -999.250 -999.250 -999.250 -999.250 -999.250 -999.250
0.000 0.000 0.000 4.607 9.740 10.766 11.190 9.443 7.218 2.525 0.000 0.000 0.000 0.000 0.000 0.000 0.000 0.000 0.000 0.000 0.000 0.000 0.000 0.000 0.709 0.399 1.163 0.010 0.000 0.000 0.000 0.000 0.000 0.000 0.000 0.000 0.000 0.832 2.411 3.180 1.723 2.742 4.155 5.982 8.259 14.335 17.397 16.416 -999.250 -999.250 -999.250 -999.250 -999.250 -999.250 -999.250 -999.250 -999.250 -999.250 -999.250 -999.250 -999.250 -999.250 -999.250 -999.250 -999.250 -999.250 -999.250 -999.250 -999.250
0.000 0.000 0.000 3.437 8.034 5.758 5.450 5.562 2.904 0.000 0.000 0.000 0.000 0.000 0.000 0.000 0.000 0.000 0.000 0.000 0.000 0.000 0.000 0.000 1.878 3.416 1.039 0.812 0.000 0.000 0.000 0.000 0.000 0.000 0.000 0.777 1.334 4.013 3.831 4.354 3.119 4.752 5.013 6.824 14.994 17.663 30.321 18.572 -999.250 -999.250 -999.250 -999.250 -999.250 -999.250 -999.250 -999.250 -999.250 -999.250 -999.250 -999.250 -999.250 -999.250 -999.250 -999.250 -999.250 -999.250 -999.250 -999.250 -999.250
0.000 0.000 0.000 1.645 3.576 3.327 1.946 0.938 0.000 0.000 0.000 0.000 0.000 0.000 0.000 0.000 0.000 0.000 0.000 0.000 0.000 0.000 1.029 1.643 2.024 2.280 1.827 0.853 0.000 0.000 0.000 0.000 0.000 0.000 0.000 1.710 3.388 4.901 6.201 6.669 7.343 5.266 4.838 8.845 9.991 14.464 21.913 15.910 -999.250 -999.250 -999.250 -999.250 -999.250 -999.250 -999.250 -999.250 -999.250 -999.250 -999.250 -999.250 -999.250 -999.250 -999.250 -999.250 -999.250 -999.250 -999.250 -999.250 -999.250
0.000 0.000 0.641 1.369 0.932 0.000 0.000 0.000 0.000 0.000 0.000 0.000 0.000 0.000 0.000 0.000 0.001 0.218 2.607 2.286 2.828 4.950 3.677 4.897 2.729 0.503 0.814 1.342 0.000 0.000 0.000 0.000 0.000 0.000 0.000 3.179 3.911 6.084 6.425 8.751 7.670 6.610 4.420 6.791 7.490 10.083 15.156 -999.250 -999.250 -999.250 -999.250 -999.250 -999.250 -999.250 -999.250 -999.250 -999.250 -999.250 -999.250 -999.250 -999.250 -999.250 -999.250 -999.250 -999.250 -999.250 -999.250 -999.250 -999.250
0.000 0.390 1.902 1.458 0.000 0.000 0.000 0.000 0.000 0.000 0.000 0.000 0.000 0.000 0.000 0.000 0.000 3.225 2.461 2.655 6.474 7.290 6.775 6.302 3.806 1.961 0.000 0.481 0.456 0.055 0.000 0.000 0.000 0.000 0.000 2.821 3.710 7.949 3.993 7.562 4.810 4.093 5.082 7.038 6.715 7.953 8.328 -999.250 -999.250 -999.250 -999.250 -999.250 -999.250 -999.250 -999.250 -999.250 -999.250 -999.250 -999.250 -999.250 -999.250 -999.250 -999.250 -999.250 -999.250 -999.250 -999.250 -999.250 -999.250
1.644 2.464 2.026 0.000 0.000 0.000 0.000 0.000 0.000 0.000 0.000 0.000 0.000 0.000 0.000 0.000 0.000 1.790 4.273 5.713 9.540 11.266 9.504 10.708 7.303 3.465 0.000 0.000 0.000 0.000 0.000 0.000 0.000 0.000 0.000 0.000 3.607 5.721 5.711 4.914 3.647 5.320 3.542 4.931 5.204 5.899 -999.250 -999.250 -999.250 -999.250 -999.250 -999.250 -999.250 -999.250 -999.250 -999.250 -999.250 -999.250 -999.250 -999.250 -999.250 -999.250 -999.250 -999.250 -999.250 -999.250 -999.250 -999.250 -999.250
