data/medianmodel_18-Jan-2021.asc
ncols	141
nrows	288
xllcorner	-120191.398
yllcorner	-301404.813
cellsize	2000.000
NODATA_value	-999.250
[rows 252 to 279 of 288, columns 0 to 62 of 141]
-999.250 -999.250 -999.250 -999.250 -999.250 -999.250 -999.250 -999.250 -999.250 -999.250 -999.250 -999.250 -999.250 -999.250 -999.250 -999.250 -999.250 -999.250 -999.250 -999.250 -999.250 -999.250 -999.250 -999.250 -999.250 -999.250 -999.250 -999.250 -999.250 399.514 383.816 380.090 378.888 378.061 380.406 373.830 397.325 398.654 383.130 382.250 428.877 518.901 567.296 618.251 704.714 739.067 804.387 907.449 1035.022 1123.491 1144.589 1221.187 1293.544 1305.472 1355.134 1462.724 1423.275 1395.507 1390.136 1343.499 1304.455 1287.195 1261.568
-999.250 -999.250 -999.250 -999.250 -999.250 -999.250 -999.250 -999.250 -999.250 -999.250 -999.250 -999.250 -999.250 -999.250 -999.250 -999.250 -999.250 -999.250 -999.250 -999.250 -999.250 -999.250 -999.250 -999.250 -999.250 -999.250 -999.250 -999.250 -999.250 -999.250 388.684 353.657 373.449 369.164 362.889 372.901 369.315 374.279 369.259 392.112 447.479 476.572 528.657 644.921 672.304 794.059 848.501 893.146 1003.409 1076.308 1129.293 1202.959 1266.538 1327.345 1384.210 1463.253 1431.530 1418.518 1401.132 1401.020 1314.578 1360.826 1305.534
-999.250 -999.250 -999.250 -999.250 -999.250 -999.250 -999.250 -999.250 -999.250 -999.250 -999.250 -999.250 -999.250 -999.250 -999.250 -999.250 -999.250 -999.250 -999.250 -999.250 -999.250 -999.250 -999.250 -999.250 -999.250 -999.250 -999.250 -999.250 -999.250 -999.250 371.719 380.328 364.335 345.490 339.057 348.140 346.461 359.477 353.125 365.584 413.325 495.515 521.770 628.259 641.835 745.084 876.602 924.987 948.594 1018.018 1109.960 1193.950 1269.128 1329.666 1389.961 1446.729 1474.420 1459.207 1466.186 1384.059 1383.572 1395.895 1403.520
-999.250 -999.250 -999.250 -999.250 -999.250 -999.250 -999.250 -999.250 -999.250 -999.250 -999.250 -999.250 -999.250 -999.250 -999.250 -999.250 -999.250 -999.250 -999.250 -999.250 -999.250 -999.250 -999.250 -999.250 -999.250 -999.250 -999.250 -999.250 -999.250 -999.250 -999.250 363.425 345.729 340.400 324.702 361.953 339.936 349.258 354.556 365.028 390.478 464.475 553.180 620.440 674.746 754.407 809.080 890.587 963.592 1013.831 1070.540 1225.595 1279.945 1352.805 1365.706 1417.615 1504.507 1460.928 1461.555 1430.072 1384.548 1429.592 1469.586
-999.250 -999.250 -999.250 -999.250 -999.250 -999.250 -999.250 -999.250 -999.250 -999.250 -999.250 -999.250 -999.250 -999.250 -999.250 -999.250 -999.250 -999.250 -999.250 -999.250 -999.250 -999.250 -999.250 -999.250 -999.250 -999.250 -999.250 -999.250 -999.250 -999.250 -999.250 325.941 329.964 303.315 317.309 298.603 302.999 329.547 349.232 368.538 393.207 412.092 509.957 602.345 632.272 720.409 789.633 880.500 927.317 1005.532 1071.597 1164.066 1243.102 1294.957 1376.090 1398.230 1412.412 1454.694 1483.562 1442.963 1449.775 1459.551 1454.115
-999.250 -999.250 -999.250 -999.250 -999.250 -999.250 -999.250 -999.250 -999.250 -999.250 -999.250 -999.250 -999.250 -999.250 -999.250 -999.250 -999.250 -999.250 -999.250 -999.250 -999.250 -999.250 -999.250 -999.250 -999.250 -999.250 -999.250 -999.250 -999.250 -999.250 331.230 336.204 294.123 287.571 270.946 231.484 318.277 324.223 322.312 344.770 362.422 429.226 495.166 536.359 641.705 695.934 762.706 879.690 916.313 993.720 1052.877 1150.976 1156.139 1211.091 1306.485 1365.309 1402.574 1406.958 1472.422 1490.196 1493.754 1484.059 1487.842
-999.250 -999.250 -999.250 -999.250 -999.250 -999.250 -999.250 -999.250 -999.250 -999.250 -999.250 -999.250 -999.250 -999.250 -999.250 -999.250 -999.250 -999.250 -999.250 -999.250 -999.250 -999.250 -999.250 -999.250 -999.250 -999.250 -999.250 -999.250 -999.250 -999.250 315.750 298.784 280.253 259.818 287.885 240.851 261.350 325.125 317.418 327.357 341.208 381.055 427.564 495.409 583.707 624.909 747.196 857.207 923.497 971.084 1019.613 1079.233 1159.066 1207.502 1259.296 1322.639 1308.188 1434.125 1404.715 1446.253 1451.298 1477.006 1474.086
-999.250 -999.250 -999.250 -999.250 -999.250 -999.250 -999.250 -999.250 -999.250 -999.250 -999.250 -999.250 -999.250 -999.250 -999.250 -999.250 -999.250 -999.250 -999.250 -999.250 -999.250 -999.250 -999.250 -999.250 -999.250 -999.250 -999.250 -999.250 -999.250 -999.250 328.422 300.207 283.007 231.623 183.421 218.082 238.387 295.341 296.903 300.112 344.758 369.962 423.634 444.150 577.546 608.899 729.906 815.167 954.557 920.857 1017.699 1055.929 1108.456 1203.304 1195.200 1240.501 1320.077 1392.187 1418.747 1425.246 1421.009 1452.131 1458.192
-999.250 -999.250 -999.250 -999.250 -999.250 -999.250 -999.250 -999.250 -999.250 -999.250 -999.250 -999.250 -999.250 -999.250 -999.250 -999.250 -999.250 -999.250 -999.250 -999.250 -999.250 -999.250 -999.250 -999.250 -999.250 -999.250 -999.250 -999.250 -999.250 -999.250 319.478 260.966 257.610 201.345 244.903 256.660 230.559 262.214 262.386 281.967 323.102 340.366 386.575 421.356 458.238 586.800 716.889 785.503 870.134 963.489 1015.753 1042.115 1117.336 1140.800 1174.619 1253.561 1294.723 1374.526 1386.070 1409.114 1483.022 1463.124 1420.609
-999.250 -999.250 -999.250 -999.250 -999.250 -999.250 -999.250 -999.250 -999.250 -999.250 -999.250 -999.250 -999.250 -999.250 -999.250 -999.250 -999.250 -999.250 -999.250 -999.250 -999.250 -999.250 -999.250 -999.250 -999.250 -999.250 -999.250 -999.250 -999.250 -999.250 249.111 221.288 222.236 241.861 228.614 233.351 229.711 252.076 233.085 195.335 261.925 301.082 358.655 375.372 464.880 569.141 662.050 736.776 785.175 868.468 972.824 1007.657 1057.040 1136.346 1164.129 1202.978 1275.265 1317.939 1327.067 1358.527 1405.226 1448.984 1473.946
-999.250 -999.250 -999.250 -999.250 -999.250 -999.250 -999.250 -999.250 -999.250 -999.250 -999.250 -999.250 -999.250 -999.250 -999.250 -999.250 -999.250 -999.250 -999.250 -999.250 -999.250 -999.250 -999.250 -999.250 -999.250 -999.250 -999.250 -999.250 -999.250 -999.250 281.313 216.614 233.925 226.538 231.566 143.042 178.527 165.680 193.584 191.191 229.076 311.035 324.973 357.131 460.273 607.040 605.196 705.677 748.374 861.445 971.404 1015.061 1066.641 1081.952 1136.238 1162.629 1230.510 1290.170 1359.815 1390.290 1362.421 1395.818 1383.930
-999.250 -999.250 -999.250 -999.250 -999.250 -999.250 -999.250 -999.250 -999.250 -999.250 -999.250 -999.250 -999.250 -999.250 -999.250 -999.250 -999.250 -999.250 -999.250 -999.250 -999.250 -999.250 -999.250 -999.250 -999.250 -999.250 -999.250 -999.250 -999.250 266.702 242.740 184.218 177.527 203.558 201.340 147.942 104.265 113.730 187.890 153.536 222.164 277.799 320.426 327.615 402.901 518.325 568.678 674.479 735.691 832.730 913.584 947.612 1041.288 1038.550 1107.960 1144.905 1216.301 1206.019 1266.286 1342.609 1394.190 1403.727 1322.887
-999.250 -999.250 -999.250 -999.250 -999.250 -999.250 -999.250 -999.250 -999.250 -999.250 -999.250 -999.250 -999.250 -999.250 -999.250 -999.250 -999.250 -999.250 -999.250 -999.250 -999.250 -999.250 -999.250 -999.250 -999.250 -999.250 -999.250 -999.250 -999.250 284.057 297.617 208.339 186.241 162.830 104.599 136.623 110.750 98.840 130.201 116.969 157.319 217.516 296.334 337.481 401.830 474.557 550.601 660.278 726.676 799.435 880.508 960.970 907.039 1007.252 1065.927 1074.312 1194.925 1207.606 1287.354 1300.675 1378.546 1327.144 1311.169
-999.250 -999.250 -999.250 -999.250 -999.250 -999.250 -999.250 -999.250 -999.250 -999.250 -999.250 -999.250 -999.250 -999.250 -999.250 -999.250 -999.250 -999.250 -999.250 -999.250 -999.250 -999.250 -999.250 -999.250 -999.250 -999.250 -999.250 -999.250 296.567 260.417 231.869 184.029 150.869 149.223 126.593 126.877 84.835 121.261 96.316 78.058 101.684 182.098 254.886 315.278 374.253 435.026 571.609 632.515 710.769 770.144 876.234 926.205 987.686 989.602 1043.426 1111.996 1128.512 1154.630 1255.918 1283.108 1316.395 1270.597 1305.373
-999.250 -999.250 -999.250 -999.250 -999.250 -999.250 -999.250 -999.250 -999.250 -999.250 -999.250 -999.250 -999.250 -999.250 -999.250 -999.250 -999.250 -999.250 -999.250 -999.250 -999.250 -999.250 -999.250 -999.250 -999.250 -999.250 -999.250 -999.250 270.718 228.688 239.225 185.079 220.107 159.633 173.708 171.563 87.399 81.873 86.745 63.140 40.720 77.308 170.160 282.070 363.850 394.944 520.940 606.593 675.602 760.565 829.206 928.541 960.992 1021.628 1036.514 1094.571 1189.904 1180.340 1212.851 1241.513 1279.459 1305.966 1242.362
-999.250 -999.250 -999.250 -999.250 -999.250 -999.250 -999.250 -999.250 -999.250 -999.250 -999.250 -999.250 -999.250 -999.250 -999.250 -999.250 -999.250 -999.250 -999.250 -999.250 -999.250 -999.250 -999.250 -999.250 -999.250 -999.250 -999.250 325.567 295.920 306.376 265.462 203.349 168.892 188.067 126.026 140.261 120.483 95.098 64.983 49.791 39.393 51.275 162.121 282.395 349.575 389.301 465.886 591.001 707.424 737.087 846.302 904.905 967.520 993.102 1049.265 1093.009 1148.522 1174.063 1156.252 1210.054 1229.075 1270.419 1250.810
-999.250 -999.250 -999.250 -999.250 -999.250 -999.250 -999.250 -999.250 -999.250 -999.250 -999.250 -999.250 -999.250 -999.250 -999.250 -999.250 -999.250 -999.250 -999.250 -999.250 -999.250 -999.250 -999.250 -999.250 -999.250 -999.250 -999.250 320.640 318.359 280.541 250.268 259.115 249.982 196.581 183.811 147.565 116.951 129.986 113.076 63.667 56.665 85.796 153.548 268.548 332.379 379.851 439.056 566.366 662.246 723.640 798.504 871.117 952.888 976.927 1026.406 1092.655 1111.385 1127.894 1167.489 1225.792 1264.709 1205.201 1216.075
-999.250 -999.250 -999.250 -999.250 -999.250 -999.250 -999.250 -999.250 -999.250 -999.250 -999.250 -999.250 -999.250 -999.250 -999.250 -999.250 -999.250 -999.250 -999.250 -999.250 -999.250 -999.250 -999.250 -999.250 -999.250 -999.250 -999.250 335.852 317.891 307.209 284.212 289.880 264.362 242.533 217.218 156.339 155.688 115.292 99.216 126.499 95.124 165.375 217.699 281.496 344.079 375.982 464.987 584.760 633.259 659.071 762.876 850.096 929.668 1001.365 1031.824 1043.194 1081.108 1124.477 1173.309 1200.297 1203.187 1190.367 1180.401
-999.250 -999.250 -999.250 -999.250 -999.250 -999.250 -999.250 -999.250 -999.250 -999.250 -999.250 -999.250 -999.250 -999.250 -999.250 -999.250 -999.250 -999.250 -999.250 -999.250 -999.250 -999.250 -999.250 -999.250 -999.250 -999.250 -999.250 367.016 344.051 321.030 323.060 307.102 316.495 262.528 240.276 203.488 197.661 172.431 185.412 205.698 195.938 218.885 257.808 312.835 326.613 378.018 442.075 534.758 664.530 690.440 753.576 816.697 880.493 989.046 1007.000 1059.730 1139.900 1111.365 1182.838 1201.515 1192.332 1220.023 1198.587
-999.250 -999.250 -999.250 -999.250 -999.250 -999.250 -999.250 -999.250 -999.250 -999.250 -999.250 -999.250 -999.250 -999.250 -999.250 -999.250 -999.250 -999.250 -999.250 -999.250 -999.250 -999.250 -999.250 -999.250 -999.250 -999.250 -999.250 372.075 357.521 333.289 337.022 345.770 341.050 304.327 235.784 199.853 289.246 275.170 287.940 266.165 273.811 283.447 305.582 324.647 351.133 385.737 442.160 549.537 573.957 663.646 773.625 809.799 871.752 935.296 1008.408 1054.636 1074.586 1157.611 1206.654 1224.043 1217.422 1243.719 1196.040
-999.250 -999.250 -999.250 -999.250 -999.250 -999.250 -999.250 -999.250 -999.250 -999.250 -999.250 -999.250 -999.250 -999.250 -999.250 -999.250 -999.250 -999.250 -999.250 -999.250 -999.250 -999.250 -999.250 -999.250 -999.250 -999.250 -999.250 407.857 358.193 361.081 357.321 373.894 366.174 336.449 322.691 311.810 328.646 323.895 319.961 329.748 322.466 346.044 342.891 356.390 353.726 383.517 438.080 476.337 546.744 654.865 746.538 830.236 901.650 959.400 1002.664 1014.346 1097.573 1168.993 1194.388 1205.920 1247.228 1206.548 1200.715
-999.250 -999.250 -999.250 -999.250 -999.250 -999.250 -999.250 -999.250 -999.250 -999.250 -999.250 -999.250 -999.250 -999.250 -999.250 -999.250 -999.250 -999.250 -999.250 -999.250 -999.250 -999.250 -999.250 -999.250 -999.250 -999.250 360.919 362.682 372.613 385.443 382.604 385.548 385.341 367.398 362.621 347.278 362.541 349.611 365.215 361.306 369.667 367.874 374.514 365.337 384.612 433.378 423.695 476.610 591.481 629.483 751.707 812.815 878.959 969.606 1013.358 1024.168 1127.014 1218.255 1221.186 1247.327 1289.273 1273.174 1254.016
-999.250 -999.250 -999.250 -999.250 -999.250 -999.250 -999.250 -999.250 -999.250 -999.250 -999.250 -999.250 -999.250 -999.250 -999.250 -999.250 -999.250 -999.250 -999.250 -999.250 -999.250 -999.250 -999.250 -999.250 -999.250 -999.250 352.665 367.879 387.745 404.508 462.833 459.511 439.884 440.756 424.804 388.176 395.435 388.841 370.534 386.693 387.787 388.330 396.303 375.250 419.814 447.300 472.775 496.688 515.087 642.356 724.242 789.492 899.417 968.623 1030.506 1075.483 1171.277 1201.822 1246.853 1267.516 1323.042 1332.253 1297.404
-999.250 -999.250 -999.250 -999.250 -999.250 -999.250 -999.250 -999.250 -999.250 -999.250 -999.250 -999.250 -999.250 -999.250 -999.250 -999.250 -999.250 -999.250 -999.250 -999.250 -999.250 -999.250 -999.250 -999.250 -999.250 362.346 354.274 383.931 400.145 418.060 490.326 461.180 471.330 494.738 455.112 494.081 466.537 452.291 430.515 427.175 451.907 455.995 407.642 413.049 406.915 427.118 489.399 495.777 585.882 656.623 727.203 792.777 901.951 996.689 1059.527 1072.069 1194.759 1272.320 1271.773 1332.519 1357.610 1379.327 1353.246
-999.250 -999.250 -999.250 -999.250 -999.250 -999.250 -999.250 -999.250 -999.250 -999.250 -999.250 -999.250 -999.250 -999.250 -999.250 -999.250 -999.250 -999.250 -999.250 -999.250 -999.250 -999.250 -999.250 -999.250 -999.250 346.599 351.890 378.260 403.187 418.820 485.540 512.324 507.669 520.161 543.897 538.629 584.214 563.209 530.487 511.679 491.788 502.575 430.147 432.404 442.346 469.810 466.818 534.737 597.743 606.434 686.812 797.118 910.315 1040.057 1117.114 1175.862 1270.289 1314.649 1376.609 1430.194 1410.501 1387.624 1404.894
-999.250 -999.250 -999.250 -999.250 -999.250 -999.250 -999.250 -999.250 -999.250 -999.250 -999.250 -999.250 -999.250 -999.250 -999.250 -999.250 -999.250 -999.250 -999.250 -999.250 -999.250 -999.250 -999.250 -999.250 -999.250 332.118 365.062 386.829 421.780 440.099 523.836 515.099 559.399 616.774 648.936 638.894 650.740 602.723 597.232 553.342 541.553 506.876 521.973 510.136 462.010 496.889 537.820 589.166 602.893 643.610 670.789 818.903 972.784 1095.918 1175.749 1265.898 1351.214 1357.538 1414.041 1404.264 1431.368 1472.133 1445.478
-999.250 -999.250 -999.250 -999.250 -999.250 -999.250 -999.250 -999.250 -999.250 -999.250 -999.250 -999.250 -999.250 -999.250 -999.250 -999.250 -999.250 -999.250 -999.250 -999.250 -999.250 -999.250 -999.250 -999.250 344.590 371.249 370.183 388.470 405.136 442.800 505.233 574.181 618.142 647.981 661.184 662.412 687.062 676.264 641.392 620.988 599.623 566.329 566.582 536.920 539.705 529.930 531.588 565.064 633.716 675.572 744.209 853.489 987.663 1143.589 1249.560 1293.764 1391.526 1403.772 1407.371 1429.921 1434.391 1470.731 1456.998
-999.250 -999.250 -999.250 -999.250 -999.250 -999.250 -999.250 -999.250 -999.250 -999.250 -999.250 -999.250 -999.250 -999.250 -999.250 -999.250 -999.250 -999.250 -999.250 -999.250 -999.250 -999.250 -999.250 -999.250 348.101 329.841 366.575 400.596 422.558 499.884 562.853 554.597 664.518 685.414 692.074 730.888 -999.250 -999.250 -999.250 -999.250 -999.250 -999.250 595.327 582.668 517.018 536.709 589.085 660.412 665.023 723.955 822.262 919.759 1083.447 1203.252 1288.774 1375.916 1451.017 1416.654 1450.393 1406.662 1431.248 1451.071 1437.242
