data/medianmodel_03-Feb-2021.asc
ncols	141
nrows	288
xllcorner	-120191.398
yllcorner	-301404.813
cellsize	2000.000
NODATA_value	-999.250
[rows 224 to 251 of 288, columns 63 to 125 of 141]
1207.010 1351.101 1388.120 1536.669 1674.006 1766.411 1762.047 1750.745 1668.399 1621.170 1521.263 1444.106 1340.294 1325.400 1321.271 1245.833 1247.220 1262.405 1379.167 1372.739 1428.623 1425.834 1492.470 1656.101 1896.911 1974.561 2071.008 2087.432 2188.453 2155.299 2166.589 2120.657 2013.781 1942.267 1870.432 1659.757 1557.393 1434.637 1419.930 1369.825 1339.276 1264.479 1169.870 1067.933 1019.373 961.637 933.971 -999.250 -999.250 -999.250 -999.250 -999.250 -999.250 -999.250 -999.250 -999.250 -999.250 -999.250 -999.250 -999.250 -999.250 -999.250 -999.250
1282.523 1327.667 1441.486 1616.534 1697.649 1701.761 1639.518 1708.480 1661.269 1548.696 1514.700 1448.399 1407.449 1370.682 1339.307 1314.894 1350.149 1332.794 1359.900 1398.612 1419.566 1546.875 1568.996 1661.990 1813.127 1948.840 1951.681 2064.250 2071.760 2068.733 2087.503 2084.466 1959.586 1900.601 1754.815 1681.877 1605.548 1529.381 1436.267 1398.513 1339.812 1250.788 1206.955 1132.069 1051.914 1016.371 985.087 -999.250 -999.250 -999.250 -999.250 -999.250 -999.250 -999.250 -999.250 -999.250 -999.250 -999.250 -999.250 -999.250 -999.250 -999.250 -999.250
1341.351 1421.221 1470.923 1589.201 1655.089 1685.570 1674.022 1689.915 1688.315 1581.896 1535.188 1532.467 1456.230 1386.658 1377.173 1355.993 1392.828 1374.913 1405.774 1394.689 1461.244 1488.399 1622.735 1697.042 1778.099 1941.132 1900.172 2015.181 2065.410 2022.465 2012.066 1996.622 1909.131 1842.325 1799.165 1685.056 1605.488 1518.322 1549.694 1444.424 1374.757 1279.830 1236.290 1235.095 1109.912 1053.251 1018.129 -999.250 -999.250 -999.250 -999.250 -999.250 -999.250 -999.250 -999.250 -999.250 -999.250 -999.250 -999.250 -999.250 -999.250 -999.250 -999.250
1359.130 1422.897 1551.059 1607.818 1641.940 1695.700 1695.476 1702.691 1685.757 1602.303 1604.296 1572.096 1430.907 1419.289 1423.867 1403.476 1406.794 1415.140 1431.188 1413.446 1459.340 1506.325 1648.556 1727.357 1739.968 1798.816 1908.287 1980.692 1977.047 1947.037 1945.708 1933.111 1842.615 1806.984 1767.479 1676.773 1592.601 1556.726 1510.646 1452.285 1402.572 1359.694 1306.811 1207.007 1141.709 1041.565 -999.250 -999.250 -999.250 -999.250 -999.250 -999.250 -999.250 -999.250 -999.250 -999.250 -999.250 -999.250 -999.250 -999.250 -999.250 -999.250 -999.250
1398.688 1470.922 1591.829 1628.924 1609.920 1651.397 1686.444 1678.025 1646.123 1641.551 1628.824 1618.366 1523.086 1455.652 1446.450 1427.102 1486.115 1383.265 1435.894 1377.787 1429.831 1479.055 1584.186 1634.526 1670.745 1674.363 1803.856 1889.094 1852.925 1882.309 1913.495 1939.053 1833.548 1755.010 1675.747 1661.876 1625.510 1529.969 1537.840 1421.904 1419.786 -999.250 -999.250 1271.532 1200.865 1069.493 -999.250 -999.250 -999.250 -999.250 -999.250 -999.250 -999.250 -999.250 -999.250 -999.250 -999.250 -999.250 -999.250 -999.250 -999.250 -999.250 -999.250
1534.843 1591.158 1603.001 1705.784 1674.683 1636.128 1668.455 1649.841 1664.278 1670.255 1664.673 1637.197 1582.160 1547.636 1481.519 1480.415 1419.504 1362.603 1389.502 1425.097 1444.558 1451.399 1527.479 1621.348 1627.538 1578.095 1736.266 1783.195 1758.821 1801.828 1911.289 1904.602 1760.199 1810.264 1706.668 1574.028 1619.561 1522.753 1487.488 1498.509 1431.930 -999.250 -999.250 -999.250 -999.250 -999.250 -999.250 -999.250 -999.250 -999.250 -999.250 -999.250 -999.250 -999.250 -999.250 -999.250 -999.250 -999.250 -999.250 -999.250 -999.250 -999.250 -999.250
1667.259 1626.526 1657.508 1660.366 1733.798 1716.684 1677.688 1633.663 1660.395 1661.794 1658.865 1655.375 1573.919 1506.184 1619.116 1483.726 1436.503 1412.899 1493.157 1434.465 1403.345 1437.189 1481.221 1504.170 1606.034 1555.589 1636.986 1696.421 1658.252 1708.069 1806.725 1823.115 1756.050 1712.879 1647.532 1701.345 1544.633 -999.250 -999.250 1426.170 -999.250 -999.250 -999.250 -999.250 -999.250 -999.250 -999.250 -999.250 -999.250 -999.250 -999.250 -999.250 -999.250 -999.250 -999.250 -999.250 -999.250 -999.250 -999.250 -999.250 -999.250 -999.250 -999.250
1781.744 1711.774 1748.278 1765.408 1751.498 1758.120 1715.844 1667.076 1681.889 1709.365 1665.859 1662.211 1552.640 1519.697 1521.472 1468.203 1480.500 1400.864 1430.597 1402.763 1412.951 1437.830 1422.761 1479.961 1495.356 1589.480 1514.424 1609.404 1617.928 1690.522 1686.514 1695.740 1665.472 1665.809 1610.143 -999.250 -999.250 -999.250 -999.250 -999.250 -999.250 -999.250 -999.250 -999.250 -999.250 -999.250 -999.250 -999.250 -999.250 -999.250 -999.250 -999.250 -999.250 -999.250 -999.250 -999.250 -999.250 -999.250 -999.250 -999.250 -999.250 -999.250 -999.250
1884.498 1808.620 1899.067 1809.026 1781.491 1728.195 1783.313 1721.699 1700.007 1691.179 1644.923 1641.138 1511.372 1502.122 1485.828 1447.672 1434.062 1436.484 1386.608 1356.713 1390.011 1405.183 1377.708 1426.251 1433.398 1476.088 1457.172 1535.686 1570.105 1637.409 1587.370 1615.905 1655.054 1644.012 1591.866 -999.250 -999.250 -999.250 -999.250 -999.250 -999.250 -999.250 -999.250 -999.250 -999.250 -999.250 -999.250 -999.250 -999.250 -999.250 -999.250 -999.250 -999.250 -999.250 -999.250 -999.250 -999.250 -999.250 -999.250 -999.250 -999.250 -999.250 -999.250
2017.995 1978.412 1900.953 1924.744 1847.308 1761.872 1789.037 1769.026 1686.280 1639.006 1654.655 1646.376 1545.531 1444.959 1442.462 1432.487 1440.649 1409.682 1358.468 1339.661 1367.796 1333.623 1357.601 1378.263 1395.580 1404.507 1493.148 1479.221 1488.349 1574.605 1618.577 1498.969 1528.288 1570.496 1541.396 -999.250 -999.250 -999.250 -999.250 -999.250 -999.250 -999.250 -999.250 -999.250 -999.250 -999.250 -999.250 -999.250 -999.250 -999.250 -999.250 -999.250 -999.250 -999.250 -999.250 -999.250 -999.250 -999.250 -999.250 -999.250 -999.250 -999.250 -999.250
2069.478 2045.576 1963.624 1909.318 1884.373 1860.777 1806.277 1816.849 1711.665 1691.162 1689.367 1632.115 1571.475 1531.303 1529.579 1429.775 1390.719 1393.729 1340.637 1351.143 1320.523 1320.276 1334.728 1347.130 1393.207 1433.618 1420.249 1425.032 1472.948 1484.463 1503.335 1481.202 1521.659 1489.661 1509.972 -999.250 -999.250 -999.250 -999.250 -999.250 -999.250 -999.250 -999.250 -999.250 -999.250 -999.250 -999.250 -999.250 -999.250 -999.250 -999.250 -999.250 -999.250 -999.250 -999.250 -999.250 -999.250 -999.250 -999.250 -999.250 -999.250 -999.250 -999.250
2144.333 2028.143 2013.824 1970.385 1937.598 1875.541 1757.267 1744.198 1650.922 1696.371 1636.635 1637.179 1560.258 1545.405 1544.418 1508.503 1441.271 1382.612 1375.830 1294.489 1265.875 1256.966 1244.018 1297.072 1347.831 1363.033 1392.331 1457.228 1437.340 1387.029 1431.989 1471.314 1403.728 1413.775 -999.250 -999.250 -999.250 -999.250 -999.250 -999.250 -999.250 -999.250 -999.250 -999.250 -999.250 -999.250 -999.250 -999.250 -999.250 -999.250 -999.250 -999.250 -999.250 -999.250 -999.250 -999.250 -999.250 -999.250 -999.250 -999.250 -999.250 -999.250 -999.250
2126.001 2029.546 1961.540 2023.071 1963.950 1954.336 1754.302 1762.562 1700.428 1639.911 1607.564 1589.820 1590.996 1536.117 1498.084 1431.077 1414.427 1398.957 1350.730 1317.193 1260.685 1189.922 1153.524 1273.893 1347.974 1334.146 1389.063 1359.895 1346.100 1377.151 1399.376 1392.939 1391.889 1343.689 -999.250 -999.250 -999.250 -999.250 -999.250 -999.250 -999.250 -999.250 -999.250 -999.250 -999.250 -999.250 -999.250 -999.250 -999.250 -999.250 -999.250 -999.250 -999.250 -999.250 -999.250 -999.250 -999.250 -999.250 -999.250 -999.250 -999.250 -999.250 -999.250
2078.674 2038.548 1981.343 1928.460 1929.644 1966.443 1776.810 1719.541 1683.339 1655.258 1618.645 1535.748 1548.902 1522.452 1481.208 1466.865 1427.597 1376.092 1326.243 1299.287 1291.467 1176.144 1172.451 1299.259 1325.744 1347.307 1326.319 1363.345 1338.791 1371.280 1353.926 1335.036 1310.752 1291.107 -999.250 -999.250 -999.250 -999.250 -999.250 -999.250 -999.250 -999.250 -999.250 -999.250 -999.250 -999.250 -999.250 -999.250 -999.250 -999.250 -999.250 -999.250 -999.250 -999.250 -999.250 -999.250 -999.250 -999.250 -999.250 -999.250 -999.250 -999.250 -999.250
2053.602 1977.282 1982.781 1935.081 1903.259 1817.331 1745.844 1680.718 1589.196 1635.801 1608.113 1543.721 1526.454 1591.611 1510.620 1431.159 1436.389 1461.412 1367.827 1314.695 1285.097 1284.644 1251.042 1317.203 1326.862 1307.368 1305.898 1284.331 1336.138 1296.305 1330.578 1338.831 1293.706 -999.250 -999.250 -999.250 -999.250 -999.250 -999.250 -999.250 -999.250 -999.250 -999.250 -999.250 -999.250 -999.250 -999.250 -999.250 -999.250 -999.250 -999.250 -999.250 -999.250 -999.250 -999.250 -999.250 -999.250 -999.250 -999.250 -999.250 -999.250 -999.250 -999.250
2008.935 1987.838 1955.304 1927.587 1818.950 1802.799 1637.111 1625.220 1669.135 1647.245 1624.711 1565.143 1505.437 1436.050 1478.772 1406.485 1448.557 1435.368 1374.639 1347.460 1284.714 1321.151 1321.883 1320.013 1334.679 1317.949 1281.612 1296.724 1332.641 1304.892 1272.281 1379.955 1321.976 -999.250 -999.250 -999.250 -999.250 -999.250 -999.250 -999.250 -999.250 -999.250 -999.250 -999.250 -999.250 -999.250 -999.250 -999.250 -999.250 -999.250 -999.250 -999.250 -999.250 -999.250 -999.250 -999.250 -999.250 -999.250 -999.250 -999.250 -999.250 -999.250 -999.250
1880.230 1966.282 1924.604 1894.725 1828.004 1725.365 1681.681 1660.893 1710.107 1665.772 1533.407 1585.351 1478.297 1501.424 1471.015 1399.293 1444.663 1452.948 1388.963 1366.277 1280.797 1338.415 1339.355 1357.694 1361.999 1325.912 1313.182 1277.733 1309.163 1308.202 1312.807 1295.927 -999.250 -999.250 -999.250 -999.250 -999.250 -999.250 -999.250 -999.250 -999.250 -999.250 -999.250 -999.250 -999.250 -999.250 -999.250 -999.250 -999.250 -999.250 -999.250 -999.250 -999.250 -999.250 -999.250 -999.250 -999.250 -999.250 -999.250 -999.250 -999.250 -999.250 -999.250
1824.257 1871.529 1826.773 1718.258 1733.593 1647.570 1679.484 1633.564 1707.536 1597.124 1544.296 1479.307 1472.406 1422.271 1388.072 1409.993 1406.350 1410.643 1386.733 1351.614 1341.094 1354.916 1367.050 1374.655 1365.761 1348.292 1275.057 1308.572 1346.483 1327.899 1359.430 -999.250 -999.250 -999.250 -999.250 -999.250 -999.250 -999.250 -999.250 -999.250 -999.250 -999.250 -999.250 -999.250 -999.250 -999.250 -999.250 -999.250 -999.250 -999.250 -999.250 -999.250 -999.250 -999.250 -999.250 -999.250 -999.250 -999.250 -999.250 -999.250 -999.250 -999.250 -999.250
1644.957 1679.523 1669.818 1682.687 1658.175 1565.054 1624.737 1538.992 1584.634 1541.808 1598.289 1416.318 1468.481 1408.374 1335.085 1379.116 1426.399 1411.937 1367.274 1339.326 1345.815 1353.118 1368.685 1377.997 1364.713 1380.267 1369.559 1341.233 1341.233 1312.355 -999.250 -999.250 -999.250 -999.250 -999.250 -999.250 -999.250 -999.250 -999.250 -999.250 -999.250 -999.250 -999.250 -999.250 -999.250 -999.250 -999.250 -999.250 -999.250 -999.250 -999.250 -999.250 -999.250 -999.250 -999.250 -999.250 -999.250 -999.250 -999.250 -999.250 -999.250 -999.250 -999.250
1497.276 1497.293 1558.706 1551.174 1571.898 1536.314 1524.390 1490.769 1451.079 1470.370 1548.965 1464.979 1455.668 1426.052 1401.289 1418.236 1421.357 1418.099 1365.105 1384.595 1387.604 1412.035 1435.004 1377.990 1380.149 1434.422 1423.416 1368.163 -999.250 -999.250 -999.250 -999.250 -999.250 -999.250 -999.250 -999.250 -999.250 -999.250 -999.250 -999.250 -999.250 -999.250 -999.250 -999.250 -999.250 -999.250 -999.250 -999.250 -999.250 -999.250 -999.250 -999.250 -999.250 -999.250 -999.250 -999.250 -999.250 -999.250 -999.250 -999.250 -999.250 -999.250 -999.250
1395.304 1425.600 1385.887 1427.642 1432.980 1435.827 1436.945 1428.184 1391.653 1440.279 1444.138 1450.905 1417.965 1465.393 1459.466 1449.777 1392.948 1423.061 1408.772 1388.159 1408.197 1438.565 1464.105 1405.735 1419.009 1418.618 1380.082 1418.912 -999.250 -999.250 -999.250 -999.250 -999.250 -999.250 -999.250 -999.250 -999.250 -999.250 -999.250 -999.250 -999.250 -999.250 -999.250 -999.250 -999.250 -999.250 -999.250 -999.250 -999.250 -999.250 -999.250 -999.250 -999.250 -999.250 -999.250 -999.250 -999.250 -999.250 -999.250 -999.250 -999.250 -999.250 -999.250
1332.946 1345.642 1352.521 1418.687 1434.588 1398.377 1437.556 1388.373 1343.000 1338.281 1404.955 1404.193 1411.245 1412.599 1416.092 1419.841 1407.496 1444.794 1411.763 1429.965 1457.348 1423.439 1398.426 1431.894 1425.635 1414.396 1380.501 1378.860 -999.250 -999.250 -999.250 -999.250 -999.250 -999.250 -999.250 -999.250 -999.250 -999.250 -999.250 -999.250 -999.250 -999.250 -999.250 -999.250 -999.250 -999.250 -999.250 -999.250 -999.250 -999.250 -999.250 -999.250 -999.250 -999.250 -999.250 -999.250 -999.250 -999.250 -999.250 -999.250 -999.250 -999.250 -999.250
1229.423 1287.196 1303.288 1328.752 1352.292 1363.597 1382.076 1339.339 1329.493 1337.856 1396.172 1360.093 1399.104 1381.758 1382.204 1425.962 1432.317 1449.039 1417.661 1428.257 1430.695 1391.637 1467.821 1371.407 1388.516 1407.383 1368.171 -999.250 -999.250 -999.250 -999.250 -999.250 -999.250 -999.250 -999.250 -999.250 -999.250 -999.250 -999.250 -999.250 -999.250 -999.250 -999.250 -999.250 -999.250 -999.250 -999.250 -999.250 -999.250 -999.250 -999.250 -999.250 -999.250 -999.250 -999.250 -999.250 -999.250 -999.250 -999.250 -999.250 -999.250 -999.250 -999.250
1132.264 1217.330 1240.491 1287.923 1265.881 1281.095 1284.365 1307.124 1292.912 1340.915 1327.536 1358.964 1392.164 1357.952 1395.287 1433.211 1417.540 1402.798 1412.852 1390.666 1478.055 1464.432 1386.218 1399.114 1394.363 1409.780 1372.621 -999.250 -999.250 -999.250 -999.250 -999.250 -999.250 -999.250 -999.250 -999.250 -999.250 -999.250 -999.250 -999.250 -999.250 -999.250 -999.250 -999.250 -999.250 -999.250 -999.250 -999.250 -999.250 -999.250 -999.250 -999.250 -999.250 -999.250 -999.250 -999.250 -999.250 -999.250 -999.250 -999.250 -999.250 -999.250 -999.250
1102.095 1106.732 1141.502 1178.069 1223.090 1167.045 1271.370 1231.949 1289.318 1307.788 1301.292 1313.491 1381.563 1340.758 1364.147 1398.915 1387.745 1389.629 1446.102 1405.132 1413.364 1399.443 1430.147 1420.003 1408.362 1397.469 1426.130 -999.250 -999.250 -999.250 -999.250 -999.250 -999.250 -999.250 -999.250 -999.250 -999.250 -999.250 -999.250 -999.250 -999.250 -999.250 -999.250 -999.250 -999.250 -999.250 -999.250 -999.250 -999.250 -999.250 -999.250 -999.250 -999.250 -999.250 -999.250 -999.250 -999.250 -999.250 -999.250 -999.250 -999.250 -999.250 -999.250
1057.435 1036.078 1103.048 1077.879 1104.349 1081.462 1173.203 1209.968 1236.279 1279.946 1258.515 1300.501 1334.263 1313.434 1340.195 1342.962 1338.856 1388.824 1416.166 1399.619 1393.852 1389.199 1470.810 1421.576 1376.766 1412.391 1472.758 -999.250 -999.250 -999.250 -999.250 -999.250 -999.250 -999.250 -999.250 -999.250 -999.250 -999.250 -999.250 -999.250 -999.250 -999.250 -999.250 -999.250 -999.250 -999.250 -999.250 -999.250 -999.250 -999.250 -999.250 -999.250 -999.250 -999.250 -999.250 -999.250 -999.250 -999.250 -999.250 -999.250 -999.250 -999.250 -999.250
1023.386 1005.186 1021.038 995.635 1009.484 1033.234 1124.396 1106.085 1170.743 1180.898 1160.423 1276.597 1285.461 1279.047 1318.914 1308.135 1318.946 1337.197 1334.580 1332.760 1353.355 1389.235 1397.807 1413.227 1412.537 1415.204 -999.250 -999.250 -999.250 -999.250 -999.250 -999.250 -999.250 -999.250 -999.250 -999.250 -999.250 -999.250 -999.250 -999.250 -999.250 -999.250 -999.250 -999.250 -999.250 -999.250 -999.250 -999.250 -999.250 -999.250 -999.250 -999.250 -999.250 -999.250 -999.250 -999.250 -999.250 -999.250 -999.250 -999.250 -999.250 -999.250 -999.250
961.569 987.551 945.903 975.621 1001.023 984.712 1036.510 1082.694 1038.513 1042.538 1114.707 1142.205 1235.529 1263.467 1267.321 1255.124 1302.900 1295.349 1309.923 1326.027 1354.988 1335.548 1375.151 1444.043 1379.207 -999.250 -999.250 -999.250 -999.250 -999.250 -999.250 -999.250 -999.250 -999.250 -999.250 -999.250 -999.250 -999.250 -999.250 -999.250 -999.250 -999.250 -999.250 -999.250 -999.250 -999.250 -999.250 -999.250 -999.250 -999.250 -999.250 -999.250 -999.250 -999.250 -999.250 -999.250 -999.250 -999.250 -999.250 -999.250 -999.250 -999.250 -999.250
