data/medianmodel_14-Jul-2020.asc
ncols	141
nrows	288
xllcorner	-120191.398
yllcorner	-301404.813
cellsize	2000.000
NODATA_value	-999.250
[rows 31 to 61 of 288, columns 0 to 69 of 141]
-999.250 -999.250 -999.250 -999.250 -999.250 -999.250 -999.250 -999.250 -999.250 -999.250 -999.250 -999.250 -999.250 -999.250 -999.250 -999.250 -999.250 -999.250 -999.250 -999.250 -999.250 -999.250 -999.250 -999.250 -999.250 -999.250 -999.250 -999.250 -999.250 -999.250 -999.250 -999.250 3.819 4.077 3.173 1.044 0.000 0.000 0.000 0.000 0.000 0.000 0.000 0.000 0.000 0.893 2.206 3.481 3.993 2.897 3.231 1.581 1.049 3.406 4.651 1.490 0.000 0.000 0.000 0.000 0.000 0.000 0.000 0.000 0.020 0.000 0.000 0.000 0.000 0.000
-999.250 -999.250 -999.250 -999.250 -999.250 -999.250 -999.250 -999.250 -999.250 -999.250 -999.250 -999.250 -999.250 -999.250 -999.250 -999.250 -999.250 -999.250 -999.250 -999.250 -999.250 -999.250 -999.250 -999.250 -999.250 -999.250 -999.250 -999.250 -999.250 -999.250 -999.250 -999.250 7.150 7.437 5.273 2.319 0.000 0.000 0.000 0.000 0.196 0.000 0.000 0.000 1.606 2.701 3.876 5.317 7.443 6.195 3.309 2.791 2.482 3.632 2.009 2.243 0.438 0.000 0.000 0.000 0.000 0.000 0.765 0.000 0.505 0.000 0.000 0.000 0.000 0.000
-999.250 -999.250 -999.250 -999.250 -999.250 -999.250 -999.250 -999.250 -999.250 -999.250 -999.250 -999.250 -999.250 -999.250 -999.250 -999.250 -999.250 -999.250 -999.250 -999.250 -999.250 -999.250 -999.250 -999.250 -999.250 -999.250 -999.250 -999.250 -999.250 -999.250 -999.250 -999.250 8.900 11.704 7.933 4.621 1.454 0.000 0.166 2.279 3.443 0.000 0.000 0.000 1.967 1.762 5.881 6.156 11.496 6.636 4.397 2.969 4.103 4.182 3.771 1.613 1.541 0.000 0.000 0.000 0.119 2.163 2.990 4.116 2.283 2.225 0.600 0.000 0.000 0.000
-999.250 -999.250 -999.250 -999.250 -999.250 -999.250 -999.250 -999.250 -999.250 -999.250 -999.250 -999.250 -999.250 -999.250 -999.250 -999.250 -999.250 -999.250 -999.250 -999.250 -999.250 -999.250 -999.250 -999.250 -999.250 -999.250 -999.250 -999.250 -999.250 -999.250 -999.250 -999.250 8.241 9.226 8.449 4.570 3.979 2.331 1.991 0.000 0.871 0.679 0.000 0.000 0.023 0.371 3.253 5.068 6.422 6.142 5.358 3.311 2.995 1.918 2.972 0.767 0.979 0.000 0.000 0.000 0.006 3.057 3.219 4.390 6.399 3.628 2.140 0.000 0.000 0.000
-999.250 -999.250 -999.250 -999.250 -999.250 -999.250 -999.250 -999.250 -999.250 -999.250 -999.250 -999.250 -999.250 -999.250 -999.250 -999.250 -999.250 -999.250 -999.250 -999.250 -999.250 -999.250 -999.250 -999.250 -999.250 -999.250 -999.250 -999.250 -999.250 -999.250 -999.250 -999.250 10.216 8.973 8.592 7.459 4.905 3.212 1.539 0.325 0.111 0.000 0.000 0.000 0.000 0.000 0.000 1.601 3.458 5.351 3.678 2.638 1.554 1.227 0.782 1.687 0.833 0.309 1.668 2.293 2.034 4.673 4.056 3.736 4.538 1.813 1.000 0.000 0.000 0.000
-999.250 -999.250 -999.250 -999.250 -999.250 -999.250 -999.250 -999.250 -999.250 -999.250 -999.250 -999.250 -999.250 -999.250 -999.250 -999.250 -999.250 -999.250 -999.250 -999.250 -999.250 -999.250 -999.250 -999.250 -999.250 -999.250 -999.250 -999.250 -999.250 -999.250 -999.250 -999.250 11.618 8.594 9.193 7.075 7.271 4.616 3.848 1.076 0.000 0.000 0.000 0.000 0.000 0.000 0.000 0.075 0.931 4.098 0.920 1.621 3.486 1.016 0.337 1.250 0.008 1.673 2.514 4.551 3.385 3.863 5.432 4.749 4.565 3.977 1.831 0.000 0.000 0.000
-999.250 -999.250 -999.250 -999.250 -999.250 -999.250 -999.250 -999.250 -999.250 -999.250 -999.250 -999.250 -999.250 -999.250 -999.250 -999.250 -999.250 -999.250 -999.250 -999.250 -999.250 -999.250 -999.250 -999.250 -999.250 -999.250 -999.250 -999.250 -999.250 -999.250 -999.250 -999.250 -999.250 10.387 9.976 10.577 8.961 6.875 2.979 2.782 2.356 0.005 0.000 0.000 0.000 0.000 0.000 0.000 0.000 0.937 3.348 3.003 2.821 1.142 1.579 1.566 1.410 4.279 4.416 5.083 4.181 5.302 5.955 6.053 4.196 3.538 1.528 0.000 0.000 0.000
-999.250 -999.250 -999.250 -999.250 -999.250 -999.250 -999.250 -999.250 -999.250 -999.250 -999.250 -999.250 -999.250 -999.250 -999.250 -999.250 -999.250 -999.250 -999.250 -999.250 -999.250 -999.250 -999.250 -999.250 -999.250 -999.250 -999.250 -999.250 -999.250 -999.250 -999.250 -999.250 -999.250 11.276 12.753 11.378 10.604 8.894 6.666 3.385 3.073 0.000 0.000 0.000 0.000 0.000 0.000 0.000 0.275 2.546 5.184 6.353 7.032 4.373 3.731 1.705 2.660 4.676 8.323 6.061 4.344 5.596 7.460 8.759 5.520 2.019 0.944 0.000 0.000 0.000
-999.250 -999.250 -999.250 -999.250 -999.250 -999.250 -999.250 -999.250 -999.250 -999.250 -999.250 -999.250 -999.250 -999.250 -999.250 -999.250 -999.250 -999.250 -999.250 -999.250 -999.250 -999.250 -999.250 -999.250 -999.250 -999.250 -999.250 -999.250 -999.250 -999.250 -999.250 -999.250 14.614 15.069 13.821 16.547 12.912 15.174 8.988 6.178 3.369 0.000 0.000 0.000 0.000 0.000 0.000 0.000 1.772 4.521 7.582 9.776 10.505 5.710 4.168 1.785 0.613 1.985 4.663 4.426 4.963 7.248 9.482 10.068 8.982 3.632 2.226 0.000 0.000 0.000
-999.250 -999.250 -999.250 -999.250 -999.250 -999.250 -999.250 -999.250 -999.250 -999.250 -999.250 -999.250 -999.250 -999.250 -999.250 -999.250 -999.250 -999.250 -999.250 -999.250 -999.250 -999.250 -999.250 -999.250 -999.250 -999.250 -999.250 -999.250 -999.250 -999.250 -999.250 -999.250 17.742 19.564 21.502 19.659 17.980 16.234 13.024 8.054 5.500 1.535 0.253 0.000 0.082 0.000 0.000 0.000 3.458 5.936 9.992 13.335 12.045 9.270 7.004 3.353 1.823 0.937 2.176 2.657 5.484 7.131 10.497 15.756 9.500 5.620 1.989 0.000 0.000 0.000
-999.250 -999.250 -999.250 -999.250 -999.250 -999.250 -999.250 -999.250 -999.250 -999.250 -999.250 -999.250 -999.250 -999.250 -999.250 -999.250 -999.250 -999.250 -999.250 -999.250 -999.250 -999.250 -999.250 -999.250 -999.250 -999.250 -999.250 -999.250 -999.250 -999.250 -999.250 -999.250 -999.250 23.380 30.262 25.754 21.565 19.981 14.660 10.769 7.172 3.456 3.170 3.514 4.557 0.102 0.000 0.950 6.204 9.455 13.258 15.685 16.415 13.489 7.639 4.476 3.039 0.444 0.000 0.793 2.817 6.243 8.765 10.162 6.797 4.346 0.794 0.000 0.000 0.000
-999.250 -999.250 -999.250 -999.250 -999.250 -999.250 -999.250 -999.250 -999.250 -999.250 -999.250 -999.250 -999.250 -999.250 -999.250 -999.250 -999.250 -999.250 -999.250 -999.250 -999.250 -999.250 -999.250 -999.250 -999.250 -999.250 -999.250 -999.250 -999.250 -999.250 -999.250 -999.250 -999.250 23.802 31.201 31.397 25.649 22.352 18.256 13.067 9.137 6.243 3.870 3.646 2.216 0.085 0.000 3.725 9.391 16.104 21.780 20.075 25.108 15.253 10.267 5.790 1.664 0.200 0.000 0.000 1.977 5.406 6.354 5.884 6.035 3.104 0.000 0.000 0.000 0.000
-999.250 -999.250 -999.250 -999.250 -999.250 -999.250 -999.250 -999.250 -999.250 -999.250 -999.250 -999.250 -999.250 -999.250 -999.250 -999.250 -999.250 -999.250 -999.250 -999.250 -999.250 -999.250 -999.250 -999.250 -999.250 -999.250 -999.250 -999.250 -999.250 -999.250 -999.250 -999.250 -999.250 26.061 32.663 41.696 31.361 23.758 18.263 13.664 9.579 7.941 6.924 4.668 4.536 2.195 1.129 4.408 15.165 21.850 31.156 26.303 22.710 16.787 12.515 5.395 1.220 1.772 0.000 0.000 0.000 4.508 4.304 4.234 4.499 2.591 0.880 0.000 0.000 0.000
-999.250 -999.250 -999.250 -999.250 -999.250 -999.250 -999.250 -999.250 -999.250 -999.250 -999.250 -999.250 -999.250 -999.250 -999.250 -999.250 -999.250 -999.250 -999.250 -999.250 -999.250 -999.250 -999.250 -999.250 -999.250 -999.250 -999.250 -999.250 -999.250 -999.250 -999.250 -999.250 -999.250 -999.250 34.579 56.321 36.884 22.916 16.158 15.776 10.440 8.549 9.270 8.963 9.388 5.513 7.298 14.247 19.347 32.464 38.757 31.611 22.471 15.901 10.367 4.944 0.001 0.000 0.000 0.000 0.000 0.551 2.733 1.873 2.055 2.250 0.000 0.000 0.000 0.000
-999.250 -999.250 -999.250 -999.250 -999.250 -999.250 -999.250 -999.250 -999.250 -999.250 -999.250 -999.250 -999.250 -999.250 -999.250 -999.250 -999.250 -999.250 -999.250 -999.250 -999.250 -999.250 -999.250 -999.250 -999.250 -999.250 -999.250 -999.250 -999.250 -999.250 -999.250 -999.250 -999.250 -999.250 38.290 42.647 34.650 24.145 18.361 12.805 12.534 8.706 10.843 15.618 11.541 10.193 13.582 19.843 29.358 52.427 62.562 49.248 32.455 18.806 9.028 1.929 0.000 0.000 0.000 0.000 0.000 0.000 0.770 1.608 2.830 2.056 0.225 0.000 0.000 0.000
-999.250 -999.250 -999.250 -999.250 -999.250 -999.250 -999.250 -999.250 -999.250 -999.250 -999.250 -999.250 -999.250 -999.250 -999.250 -999.250 -999.250 -999.250 -999.250 -999.250 -999.250 -999.250 -999.250 -999.250 -999.250 -999.250 -999.250 -999.250 -999.250 -999.250 -999.250 -999.250 -999.250 -999.250 32.119 29.157 26.533 21.968 16.337 15.011 9.138 10.249 10.921 14.212 14.567 16.926 18.540 21.837 40.851 61.041 84.614 46.422 27.954 16.511 7.884 0.000 0.000 0.000 0.000 0.000 0.000 0.000 1.458 2.168 3.732 2.060 0.128 0.000 0.000 0.000
-999.250 -999.250 -999.250 -999.250 -999.250 -999.250 -999.250 -999.250 -999.250 -999.250 -999.250 -999.250 -999.250 -999.250 -999.250 -999.250 -999.250 -999.250 -999.250 -999.250 -999.250 -999.250 -999.250 -999.250 -999.250 -999.250 -999.250 -999.250 -999.250 -999.250 -999.250 -999.250 -999.250 -999.250 28.516 23.273 20.433 16.036 13.269 13.628 11.062 9.297 9.770 11.414 12.673 15.355 18.273 30.780 47.376 59.485 54.904 47.327 26.977 14.238 4.278 0.000 0.000 0.000 0.000 0.000 0.000 0.035 2.279 2.499 0.907 1.558 0.000 0.000 0.000 0.000
-999.250 -999.250 -999.250 -999.250 -999.250 -999.250 -999.250 -999.250 -999.250 -999.250 -999.250 -999.250 -999.250 -999.250 -999.250 -999.250 -999.250 -999.250 -999.250 -999.250 -999.250 -999.250 -999.250 -999.250 -999.250 -999.250 -999.250 -999.250 -999.250 -999.250 -999.250 -999.250 -999.250 -999.250 -999.250 20.491 16.934 13.061 11.134 9.592 11.192 10.453 8.588 11.951 13.558 16.062 20.225 26.773 40.255 42.438 39.790 30.769 20.682 12.362 4.721 0.000 0.000 0.000 0.000 0.000 0.000 1.262 5.640 2.210 1.341 0.195 0.000 0.000 0.000 0.000
-999.250 -999.250 -999.250 -999.250 -999.250 -999.250 -999.250 -999.250 -999.250 -999.250 -999.250 -999.250 -999.250 -999.250 -999.250 -999.250 -999.250 -999.250 -999.250 -999.250 -999.250 -999.250 -999.250 -999.250 -999.250 -999.250 -999.250 -999.250 -999.250 -999.250 -999.250 -999.250 -999.250 -999.250 -999.250 15.752 13.553 10.418 11.389 8.813 10.215 10.254 11.067 14.341 13.946 13.592 16.279 22.317 28.452 35.525 30.862 20.196 15.603 8.750 4.008 0.000 0.000 0.000 0.000 0.000 0.000 0.000 1.777 1.570 0.472 0.000 0.000 0.000 0.000 0.000
-999.250 -999.250 -999.250 -999.250 -999.250 -999.250 -999.250 -999.250 -999.250 -999.250 -999.250 -999.250 -999.250 -999.250 -999.250 -999.250 -999.250 -999.250 -999.250 -999.250 -999.250 -999.250 -999.250 -999.250 -999.250 -999.250 -999.250 -999.250 -999.250 -999.250 -999.250 -999.250 -999.250 -999.250 -999.250 15.150 12.523 11.018 8.175 9.354 10.319 10.494 13.956 14.997 13.423 13.085 14.209 16.367 19.647 21.518 21.968 14.600 11.372 7.960 5.442 0.432 0.000 0.000 0.000 0.000 0.000 0.000 0.000 0.183 0.000 0.000 0.000 0.000 0.000 0.000
-999.250 -999.250 -999.250 -999.250 -999.250 -999.250 -999.250 -999.250 -999.250 -999.250 -999.250 -999.250 -999.250 -999.250 -999.250 -999.250 -999.250 -999.250 -999.250 -999.250 -999.250 -999.250 -999.250 -999.250 -999.250 -999.250 -999.250 -999.250 -999.250 -999.250 -999.250 -999.250 -999.250 -999.250 -999.250 12.609 10.573 10.204 11.405 9.219 10.334 14.149 21.551 15.609 12.718 13.279 11.808 12.297 14.008 13.353 11.999 11.544 10.388 7.922 4.346 1.713 1.282 0.481 0.000 0.226 0.000 0.000 0.000 0.000 0.000 0.000 0.000 0.000 0.000 0.000
-999.250 -999.250 -999.250 -999.250 -999.250 -999.250 -999.250 -999.250 -999.250 -999.250 -999.250 -999.250 -999.250 -999.250 -999.250 -999.250 -999.250 -999.250 -999.250 -999.250 -999.250 -999.250 -999.250 -999.250 -999.250 -999.250 -999.250 -999.250 -999.250 -999.250 -999.250 -999.250 -999.250 -999.250 -999.250 11.257 12.366 9.187 11.243 10.101 9.705 13.605 15.214 13.832 12.685 11.406 8.194 8.492 6.304 6.971 8.391 9.711 8.217 8.094 5.712 4.477 2.280 2.601 3.560 3.662 2.394 1.718 1.292 0.000 0.000 0.000 0.000 0.000 0.000 0.000
-999.250 -999.250 -999.250 -999.250 -999.250 -999.250 -999.250 -999.250 -999.250 -999.250 -999.250 -999.250 -999.250 -999.250 -999.250 -999.250 -999.250 -999.250 -999.250 -999.250 -999.250 -999.250 -999.250 -999.250 -999.250 -999.250 -999.250 -999.250 -999.250 -999.250 -999.250 -999.250 -999.250 -999.250 -999.250 -999.250 11.090 10.959 12.619 15.257 12.901 9.521 9.966 10.907 10.433 10.657 6.680 4.797 3.904 3.177 4.595 7.877 12.899 7.883 4.758 4.417 3.179 4.206 6.367 9.710 4.496 3.929 2.007 0.738 0.000 0.000 0.000 0.000 0.000 0.000
-999.250 -999.250 -999.250 -999.250 -999.250 -999.250 -999.250 -999.250 -999.250 -999.250 -999.250 -999.250 -999.250 -999.250 -999.250 -999.250 -999.250 -999.250 -999.250 -999.250 -999.250 -999.250 -999.250 -999.250 -999.250 -999.250 -999.250 -999.250 -999.250 -999.250 -999.250 -999.250 -999.250 -999.250 -999.250 -999.250 13.464 14.124 15.681 23.083 15.551 11.895 9.539 9.639 7.880 8.009 6.486 3.456 1.355 1.577 3.970 4.496 7.620 5.343 5.195 5.485 4.622 5.506 8.213 8.467 6.560 4.895 3.079 1.748 0.000 0.000 0.000 0.000 0.000 0.000
-999.250 -999.250 -999.250 -999.250 -999.250 -999.250 -999.250 -999.250 -999.250 -999.250 -999.250 -999.250 -999.250 -999.250 -999.250 -999.250 -999.250 -999.250 -999.250 -999.250 -999.250 -999.250 -999.250 -999.250 -999.250 -999.250 -999.250 -999.250 -999.250 -999.250 -999.250 -999.250 -999.250 -999.250 -999.250 -999.250 -999.250 14.221 18.391 20.589 17.618 15.423 14.395 10.615 8.554 7.038 6.279 2.751 1.318 0.126 1.251 2.888 3.567 5.091 6.231 7.200 8.505 7.870 9.071 10.642 7.993 7.588 4.411 1.529 0.000 0.000 0.000 0.000 0.000 0.000
-999.250 -999.250 -999.250 -999.250 -999.250 -999.250 -999.250 -999.250 -999.250 -999.250 -999.250 -999.250 -999.250 -999.250 -999.250 -999.250 -999.250 -999.250 -999.250 -999.250 -999.250 -999.250 -999.250 -999.250 -999.250 -999.250 -999.250 -999.250 -999.250 -999.250 -999.250 -999.250 -999.250 -999.250 -999.250 -999.250 -999.250 12.467 18.471 21.165 22.976 19.203 14.790 13.203 9.362 7.234 4.867 2.045 0.847 0.000 0.640 0.826 3.916 5.489 6.332 9.301 11.046 10.993 11.627 10.538 9.824 9.922 8.414 4.328 0.949 0.000 0.000 0.000 0.000 0.000
-999.250 -999.250 -999.250 -999.250 -999.250 -999.250 -999.250 -999.250 -999.250 -999.250 -999.250 -999.250 -999.250 -999.250 -999.250 -999.250 -999.250 -999.250 -999.250 -999.250 -999.250 -999.250 -999.250 -999.250 -999.250 -999.250 -999.250 -999.250 -999.250 -999.250 -999.250 -999.250 -999.250 -999.250 -999.250 -999.250 -999.250 14.721 18.642 25.807 38.606 21.895 18.092 12.704 12.104 7.922 6.912 4.438 1.688 1.630 0.700 1.045 3.454 6.232 8.712 9.619 13.351 13.439 16.396 15.846 13.348 13.217 10.244 9.174 3.844 0.610 0.000 0.000 0.000 0.000
-999.250 -999.250 -999.250 -999.250 -999.250 -999.250 -999.250 -999.250 -999.250 -999.250 -999.250 -999.250 -999.250 -999.250 -999.250 -999.250 -999.250 -999.250 -999.250 -999.250 -999.250 -999.250 -999.250 -999.250 -999.250 -999.250 -999.250 -999.250 -999.250 -999.250 -999.250 -999.250 -999.250 -999.250 -999.250 -999.250 -999.250 12.653 16.946 22.740 29.737 23.527 18.481 16.010 13.320 9.679 8.804 6.696 5.342 3.876 1.397 2.289 5.177 6.944 9.297 13.255 14.629 18.153 19.895 20.389 18.504 13.180 11.223 7.344 5.609 3.516 0.453 0.000 0.000 0.000
-999.250 -999.250 -999.250 -999.250 -999.250 -999.250 -999.250 -999.250 -999.250 -999.250 -999.250 -999.250 -999.250 -999.250 -999.250 -999.250 -999.250 -999.250 -999.250 -999.250 -999.250 -999.250 -999.250 -999.250 -999.250 -999.250 -999.250 -999.250 -999.250 -999.250 -999.250 -999.250 -999.250 -999.250 -999.250 -999.250 -999.250 -999.250 13.884 19.232 24.861 19.958 21.018 18.542 18.037 12.298 9.923 8.927 6.877 5.249 4.528 4.062 4.960 8.826 12.090 13.183 19.627 23.187 30.129 26.890 20.221 16.768 11.937 11.781 7.767 4.604 1.738 0.000 0.000 0.000
-999.250 -999.250 -999.250 -999.250 -999.250 -999.250 -999.250 -999.250 -999.250 -999.250 -999.250 -999.250 -999.250 -999.250 -999.250 -999.250 -999.250 -999.250 -999.250 -999.250 -999.250 -999.250 -999.250 -999.250 -999.250 -999.250 -999.250 -999.250 -999.250 -999.250 -999.250 -999.250 -999.250 -999.250 -999.250 -999.250 -999.250 -999.250 10.121 12.778 18.481 19.780 22.033 20.727 18.447 14.367 12.734 11.940 10.002 7.167 5.620 5.948 8.176 12.942 15.364 18.108 21.035 28.953 43.850 29.211 25.798 18.137 13.328 12.124 9.234 6.430 1.756 0.000 0.000 0.000
-999.250 -999.250 -999.250 -999.250 -999.250 -999.250 -999.250 -999.250 -999.250 -999.250 -999.250 -999.250 -999.250 -999.250 -999.250 -999.250 -999.250 -999.250 -999.250 -999.250 -999.250 -999.250 -999.250 -999.250 -999.250 -999.250 -999.250 -999.250 -999.250 -999.250 -999.250 -999.250 -999.250 -999.250 -999.250 -999.250 -999.250 -999.250 4.944 9.024 16.090 17.281 23.053 22.132 23.553 19.920 16.342 14.726 10.664 7.680 7.846 9.074 9.530 12.295 15.859 19.693 21.103 28.716 29.592 29.723 21.960 21.995 18.090 13.540 10.656 7.988 4.070 0.739 0.000 0.000
