data/medianmodel_21-Oct-2020.asc
ncols	141
nrows	288
xllcorner	-120191.398
yllcorner	-301404.813
cellsize	2000.000
NODATA_value	-999.250
[rows 58 to 86 of 288, columns 67 to 133 of 141]
239.797 185.067 140.134 106.163 73.487 65.135 56.602 63.088 75.288 77.173 84.568 103.951 123.449 146.123 177.951 198.817 191.152 193.318 169.693 143.678 120.214 91.378 65.822 49.987 38.052 26.155 14.473 16.208 17.367 23.177 28.820 41.195 43.165 43.479 51.144 50.890 38.980 33.542 35.363 31.524 34.093 25.071 23.738 22.166 22.269 22.704 15.069 8.045 18.561 40.713 -999.250 -999.250 -999.250 -999.250 -999.250 -999.250 -999.250 -999.250 -999.250 -999.250 -999.250 -999.250 -999.250 -999.250 -999.250 -999.250 -999.250
235.080 189.819 131.829 96.136 73.019 50.835 49.802 44.382 53.582 64.347 82.265 92.485 115.508 131.120 140.448 154.467 171.030 161.228 156.246 131.889 115.811 91.834 65.349 47.700 30.946 22.833 16.646 13.087 15.693 17.409 27.552 41.859 40.943 47.392 55.381 57.137 49.219 38.928 41.576 36.699 38.061 35.661 27.798 27.270 20.403 26.237 23.255 22.572 32.809 -999.250 -999.250 -999.250 -999.250 -999.250 -999.250 -999.250 -999.250 -999.250 -999.250 -999.250 -999.250 -999.250 -999.250 -999.250 -999.250 -999.250 -999.250
242.715 187.565 133.492 91.849 68.216 49.566 36.773 40.064 41.614 51.978 60.338 74.468 77.366 109.457 127.781 132.148 147.636 144.397 134.520 119.244 118.236 83.276 53.980 39.944 25.363 14.231 11.558 12.790 10.441 19.259 25.563 41.466 43.188 58.925 55.227 54.321 52.485 51.014 51.147 49.190 46.692 45.926 39.587 39.855 37.613 34.769 37.316 39.952 48.505 -999.250 -999.250 -999.250 -999.250 -999.250 -999.250 -999.250 -999.250 -999.250 -999.250 -999.250 -999.250 -999.250 -999.250 -999.250 -999.250 -999.250 -999.250
225.514 169.423 131.610 95.220 68.055 53.596 33.654 29.188 26.861 39.779 52.808 59.548 78.086 84.785 99.726 120.126 125.539 130.240 131.275 117.764 100.489 69.040 50.957 26.098 14.698 5.720 0.000 7.018 8.068 15.968 22.721 34.388 40.981 43.664 60.710 60.463 63.508 56.594 63.178 56.865 56.647 48.117 46.486 38.480 41.520 47.624 52.353 45.445 -999.250 -999.250 -999.250 -999.250 -999.250 -999.250 -999.250 -999.250 -999.250 -999.250 -999.250 -999.250 -999.250 -999.250 -999.250 -999.250 -999.250 -999.250 -999.250
236.637 185.238 128.082 87.764 63.196 47.256 25.688 12.814 18.689 33.210 43.773 58.985 67.248 73.203 87.383 88.651 100.793 111.749 112.064 107.021 81.962 62.257 43.511 22.770 1.865 0.000 0.000 0.000 5.340 4.934 10.293 32.544 41.395 45.876 61.616 60.522 70.818 73.132 66.956 67.389 59.307 62.512 50.125 -999.250 -999.250 -999.250 -999.250 -999.250 -999.250 -999.250 -999.250 -999.250 -999.250 -999.250 -999.250 -999.250 -999.250 -999.250 -999.250 -999.250 -999.250 -999.250 -999.250 -999.250 -999.250 -999.250 -999.250
249.439 168.788 116.842 74.880 54.130 39.366 29.001 22.108 27.106 38.355 45.412 60.095 70.293 75.036 85.635 82.169 93.184 92.154 101.111 109.893 81.295 60.075 40.059 20.324 0.000 0.000 0.000 0.000 0.220 0.000 4.532 27.141 33.684 51.903 70.039 67.013 82.789 87.905 70.132 75.213 84.900 67.562 64.396 48.517 -999.250 -999.250 -999.250 -999.250 -999.250 -999.250 -999.250 -999.250 -999.250 -999.250 -999.250 -999.250 -999.250 -999.250 -999.250 -999.250 -999.250 -999.250 -999.250 -999.250 -999.250 -999.250 -999.250
219.339 169.054 102.343 63.934 50.231 42.033 36.625 35.288 43.208 48.116 53.884 56.584 68.138 77.624 86.793 79.666 89.417 93.809 94.605 87.437 79.494 59.387 44.909 33.415 15.148 5.979 0.978 2.121 0.951 0.000 0.000 22.228 46.444 54.472 68.809 71.011 78.446 90.700 77.346 81.859 90.143 75.139 64.604 64.310 57.508 -999.250 -999.250 -999.250 -999.250 -999.250 -999.250 -999.250 -999.250 -999.250 -999.250 -999.250 -999.250 -999.250 -999.250 -999.250 -999.250 -999.250 -999.250 -999.250 -999.250 -999.250 -999.250
190.936 139.118 107.159 67.886 60.279 51.839 44.083 56.589 56.903 64.399 72.561 74.479 86.561 86.906 80.758 80.650 93.313 93.721 93.831 91.367 74.580 55.011 53.693 38.611 28.688 23.923 17.016 7.957 16.904 14.671 16.062 32.291 51.816 62.718 78.416 76.363 82.492 95.887 94.287 104.685 107.221 85.354 71.512 74.366 63.838 -999.250 -999.250 -999.250 -999.250 -999.250 -999.250 -999.250 -999.250 -999.250 -999.250 -999.250 -999.250 -999.250 -999.250 -999.250 -999.250 -999.250 -999.250 -999.250 -999.250 -999.250 -999.250
154.548 125.344 98.711 76.173 70.464 67.037 74.127 86.688 93.565 100.582 94.227 98.073 101.156 104.663 92.095 85.554 90.007 95.291 94.504 93.665 79.099 75.507 62.246 52.574 47.989 41.402 38.894 34.374 30.174 28.708 34.495 50.494 62.413 80.337 94.023 106.276 131.548 111.704 113.327 121.305 116.592 114.059 92.104 83.956 65.817 67.290 -999.250 -999.250 -999.250 -999.250 -999.250 -999.250 -999.250 -999.250 -999.250 -999.250 -999.250 -999.250 -999.250 -999.250 -999.250 -999.250 -999.250 -999.250 -999.250 -999.250 -999.250
132.879 97.582 78.756 78.721 83.110 97.180 103.702 122.666 120.849 111.372 125.431 119.868 127.469 119.475 105.379 92.687 97.033 100.920 100.470 104.782 106.204 85.766 97.724 83.372 75.136 57.211 50.695 52.576 58.408 49.593 53.280 63.943 88.579 106.082 119.480 148.396 166.514 154.979 160.068 153.139 157.181 145.374 107.450 94.495 80.541 80.682 103.236 -999.250 -999.250 -999.250 -999.250 -999.250 -999.250 -999.250 -999.250 -999.250 -999.250 -999.250 -999.250 -999.250 -999.250 -999.250 -999.250 -999.250 -999.250 -999.250 -999.250
98.250 95.472 79.578 83.889 110.484 126.860 129.926 118.895 142.639 143.285 150.246 141.618 136.565 121.707 116.352 118.452 103.319 104.731 109.602 113.948 114.792 116.629 102.488 104.226 94.514 94.479 72.196 76.385 82.668 89.985 102.227 102.284 106.839 130.069 169.474 180.000 175.255 206.207 209.380 209.177 192.942 164.129 155.485 116.681 108.489 102.884 94.398 -999.250 -999.250 -999.250 -999.250 -999.250 -999.250 -999.250 -999.250 -999.250 -999.250 -999.250 -999.250 -999.250 -999.250 -999.250 -999.250 -999.250 -999.250 -999.250 -999.250
81.187 75.122 73.090 92.462 118.366 130.434 166.316 161.933 169.436 180.366 169.140 162.382 145.927 126.555 114.461 122.229 100.428 115.988 120.955 123.656 134.675 146.886 123.009 119.106 119.458 118.804 113.093 88.431 114.037 124.452 138.519 152.256 147.812 190.310 204.200 242.719 232.449 260.305 228.962 199.700 231.489 201.826 184.328 155.919 122.193 124.157 119.227 -999.250 -999.250 -999.250 -999.250 -999.250 -999.250 -999.250 -999.250 -999.250 -999.250 -999.250 -999.250 -999.250 -999.250 -999.250 -999.250 -999.250 -999.250 -999.250 -999.250
61.770 66.211 72.848 105.778 111.394 148.045 185.673 188.049 193.135 210.435 186.892 187.316 153.604 138.439 125.262 112.780 112.213 111.467 119.128 126.431 148.258 153.986 135.050 135.119 135.069 143.765 149.757 133.445 151.727 162.120 197.031 196.280 242.495 254.256 290.251 311.055 296.266 326.078 279.515 256.208 293.588 253.573 226.694 169.729 142.241 134.117 117.231 108.444 100.063 -999.250 -999.250 -999.250 -999.250 -999.250 -999.250 -999.250 -999.250 -999.250 -999.250 -999.250 -999.250 -999.250 -999.250 -999.250 -999.250 -999.250 -999.250
51.190 67.260 79.393 92.972 112.225 150.256 189.835 210.435 221.302 256.027 218.156 183.374 152.137 153.227 130.760 117.203 115.150 112.643 125.574 146.733 150.112 165.454 152.572 155.163 152.689 168.796 175.541 188.522 217.776 210.145 227.539 251.438 302.364 361.620 349.730 403.844 384.287 432.872 422.814 405.128 409.554 310.992 279.781 217.003 166.251 137.608 126.669 116.915 102.306 -999.250 -999.250 -999.250 -999.250 -999.250 -999.250 -999.250 -999.250 -999.250 -999.250 -999.250 -999.250 -999.250 -999.250 -999.250 -999.250 -999.250 -999.250
45.646 51.947 69.751 86.693 125.081 149.847 173.131 219.527 237.449 224.375 195.979 183.044 145.644 143.310 126.431 114.576 101.199 108.677 117.837 125.079 149.242 158.450 169.948 181.043 173.550 196.358 223.694 227.717 249.703 238.210 295.509 333.910 393.383 443.727 490.041 488.615 512.008 486.509 520.551 514.971 427.155 345.909 291.748 240.017 193.245 149.659 149.021 131.538 -999.250 -999.250 -999.250 -999.250 -999.250 -999.250 -999.250 -999.250 -999.250 -999.250 -999.250 -999.250 -999.250 -999.250 -999.250 -999.250 -999.250 -999.250 -999.250
38.400 51.994 76.543 108.079 123.291 156.955 187.050 197.817 202.702 190.972 171.235 158.172 142.780 113.069 101.687 92.684 77.746 83.744 88.608 118.721 129.275 153.237 164.572 182.813 201.932 241.267 244.556 241.161 255.766 301.099 322.781 420.686 403.475 538.826 539.402 627.100 639.538 615.246 626.393 575.072 424.982 353.195 303.795 275.935 203.619 159.317 146.080 147.842 -999.250 -999.250 -999.250 -999.250 -999.250 -999.250 -999.250 -999.250 -999.250 -999.250 -999.250 -999.250 -999.250 -999.250 -999.250 -999.250 -999.250 -999.250 -999.250
40.293 50.398 72.370 103.541 118.098 137.270 161.517 176.779 178.343 161.916 165.996 149.699 125.222 105.176 85.593 70.780 66.191 66.797 74.659 98.350 104.817 150.432 171.374 201.378 224.399 276.829 277.757 281.736 278.699 328.493 371.270 424.776 554.464 523.856 596.861 639.810 711.523 754.489 722.245 604.336 508.983 411.761 312.403 262.861 229.037 172.875 166.406 136.299 -999.250 -999.250 -999.250 -999.250 -999.250 -999.250 -999.250 -999.250 -999.250 -999.250 -999.250 -999.250 -999.250 -999.250 -999.250 -999.250 -999.250 -999.250 -999.250
42.552 67.221 88.541 108.023 112.229 135.888 152.527 167.587 166.053 148.966 143.931 130.053 108.614 86.499 67.948 52.398 49.024 49.135 63.793 81.493 108.137 139.572 173.480 189.589 254.387 315.493 284.294 280.016 314.195 315.115 405.910 507.869 519.891 614.787 646.801 739.575 827.407 939.960 716.108 652.012 561.741 427.632 352.494 249.578 224.855 195.069 158.045 145.157 -999.250 -999.250 -999.250 -999.250 -999.250 -999.250 -999.250 -999.250 -999.250 -999.250 -999.250 -999.250 -999.250 -999.250 -999.250 -999.250 -999.250 -999.250 -999.250
51.767 72.155 95.177 110.164 122.862 127.498 145.772 147.466 145.706 128.497 121.012 99.229 79.308 65.569 52.916 41.197 38.402 37.549 42.992 68.198 95.468 126.402 160.628 205.535 238.683 287.578 286.204 283.405 329.509 364.178 453.772 549.718 507.266 638.665 666.289 725.008 813.193 773.942 751.559 636.075 552.219 423.501 303.482 279.245 224.303 181.934 145.619 129.693 -999.250 -999.250 -999.250 -999.250 -999.250 -999.250 -999.250 -999.250 -999.250 -999.250 -999.250 -999.250 -999.250 -999.250 -999.250 -999.250 -999.250 -999.250 -999.250
58.915 76.584 88.663 112.383 112.768 115.335 130.311 135.840 123.970 110.564 94.991 74.920 61.533 53.895 39.551 32.449 36.626 39.342 45.539 66.365 84.640 115.359 142.633 170.664 213.843 232.802 286.344 316.015 308.145 398.839 418.214 470.469 565.999 620.906 643.523 767.794 702.290 717.330 626.539 547.167 430.931 376.618 332.364 277.792 228.860 180.497 141.886 128.897 -999.250 -999.250 -999.250 -999.250 -999.250 -999.250 -999.250 -999.250 -999.250 -999.250 -999.250 -999.250 -999.250 -999.250 -999.250 -999.250 -999.250 -999.250 -999.250
69.217 78.959 95.697 107.140 104.189 113.118 112.838 115.154 100.511 115.454 80.672 65.126 43.840 39.115 34.077 35.920 33.274 39.644 46.384 61.027 81.817 113.916 117.041 144.093 170.775 227.525 246.605 280.646 318.265 399.973 417.271 518.396 587.359 614.209 642.039 641.798 675.219 651.208 609.119 486.915 404.347 327.078 275.452 237.963 219.688 187.846 139.356 122.618 -999.250 -999.250 -999.250 -999.250 -999.250 -999.250 -999.250 -999.250 -999.250 -999.250 -999.250 -999.250 -999.250 -999.250 -999.250 -999.250 -999.250 -999.250 -999.250
75.527 84.636 113.365 114.701 117.231 103.046 101.018 88.097 96.518 83.663 67.871 54.563 43.061 30.196 28.941 32.634 37.684 36.429 41.279 57.629 71.482 82.925 119.879 139.776 155.325 188.746 200.481 251.251 292.005 339.611 362.699 467.889 577.378 647.323 624.461 643.736 624.621 557.846 520.371 490.957 421.386 311.963 253.081 238.115 187.420 147.632 119.735 105.730 -999.250 -999.250 -999.250 -999.250 -999.250 -999.250 -999.250 -999.250 -999.250 -999.250 -999.250 -999.250 -999.250 -999.250 -999.250 -999.250 -999.250 -999.250 -999.250
87.868 100.396 112.826 121.847 118.622 119.519 96.283 83.778 87.815 74.224 51.204 39.009 36.282 29.125 30.690 33.927 36.994 40.396 44.896 49.977 64.604 76.292 93.982 120.226 139.234 176.406 205.566 224.317 249.543 278.481 378.434 443.850 497.094 550.965 547.813 598.542 632.677 575.685 545.457 463.797 374.599 294.405 212.965 195.814 169.795 129.239 105.470 96.069 102.110 -999.250 -999.250 -999.250 -999.250 -999.250 -999.250 -999.250 -999.250 -999.250 -999.250 -999.250 -999.250 -999.250 -999.250 -999.250 -999.250 -999.250 -999.250
104.135 121.759 143.287 134.747 135.890 134.590 105.919 86.407 84.604 67.451 48.532 28.110 29.293 30.723 36.895 35.642 39.211 47.878 49.797 50.620 62.103 70.160 78.867 100.810 120.344 139.407 167.111 215.556 209.681 271.336 341.155 453.956 498.047 520.571 496.925 442.850 540.886 475.420 459.418 394.468 320.894 258.806 193.577 166.115 136.883 108.228 90.386 93.542 103.419 -999.250 -999.250 -999.250 -999.250 -999.250 -999.250 -999.250 -999.250 -999.250 -999.250 -999.250 -999.250 -999.250 -999.250 -999.250 -999.250 -999.250 -999.250
118.838 133.637 157.328 148.722 137.391 119.666 109.967 100.512 81.474 62.671 54.840 41.581 43.422 36.988 36.257 43.218 45.525 44.385 50.639 46.118 53.881 66.500 70.320 70.709 82.265 109.600 134.264 175.144 215.874 269.290 304.325 396.257 443.459 449.292 433.930 476.050 435.355 417.527 334.962 321.652 290.297 255.747 176.757 153.505 129.809 97.099 87.821 79.399 82.427 -999.250 -999.250 -999.250 -999.250 -999.250 -999.250 -999.250 -999.250 -999.250 -999.250 -999.250 -999.250 -999.250 -999.250 -999.250 -999.250 -999.250 -999.250
117.795 133.117 141.906 151.399 131.835 117.525 106.832 103.876 94.985 69.217 62.481 50.576 54.662 48.178 44.422 51.437 55.520 60.402 56.708 52.681 53.801 58.209 50.267 58.819 72.122 95.931 141.808 177.031 189.318 275.409 301.086 362.440 409.840 434.037 442.872 458.132 456.086 377.248 345.904 293.594 243.709 216.486 177.128 148.370 111.464 89.927 67.196 66.961 70.177 -999.250 -999.250 -999.250 -999.250 -999.250 -999.250 -999.250 -999.250 -999.250 -999.250 -999.250 -999.250 -999.250 -999.250 -999.250 -999.250 -999.250 -999.250
125.300 125.162 129.075 134.208 119.681 117.960 113.924 108.174 94.284 76.396 67.541 61.889 61.165 57.615 54.681 62.136 64.288 66.254 52.056 47.225 50.581 48.106 56.503 57.737 73.452 117.018 140.799 172.932 225.953 241.540 307.589 324.038 373.987 391.203 436.554 458.846 442.479 351.341 317.074 258.674 194.900 168.769 155.801 118.134 83.865 74.837 64.354 51.458 -999.250 -999.250 -999.250 -999.250 -999.250 -999.250 -999.250 -999.250 -999.250 -999.250 -999.250 -999.250 -999.250 -999.250 -999.250 -999.250 -999.250 -999.250 -999.250
103.211 121.742 114.403 111.061 113.612 106.970 102.898 97.345 98.413 86.440 77.260 70.753 69.046 61.002 62.041 65.103 62.082 58.425 54.555 53.543 52.206 53.313 58.019 66.090 86.867 112.341 152.942 179.012 212.700 286.412 290.100 337.126 359.811 401.873 389.731 388.079 391.954 331.187 292.685 213.952 201.066 166.092 142.761 112.588 88.182 71.269 60.900 61.217 -999.250 -999.250 -999.250 -999.250 -999.250 -999.250 -999.250 -999.250 -999.250 -999.250 -999.250 -999.250 -999.250 -999.250 -999.250 -999.250 -999.250 -999.250 -999.250
106.055 102.267 111.392 103.300 103.093 120.353 109.554 102.851 103.711 87.970 73.968 74.382 71.920 69.471 70.879 71.277 67.835 67.983 64.406 49.699 56.810 54.434 56.804 75.929 103.544 135.900 163.453 194.734 239.768 289.399 342.782 360.139 421.240 387.743 394.687 352.580 378.227 312.389 238.775 222.797 194.683 154.008 121.700 96.524 90.795 83.566 82.619 -999.250 -999.250 -999.250 -999.250 -999.250 -999.250 -999.250 -999.250 -999.250 -999.250 -999.250 -999.250 -999.250 -999.250 -999.250 -999.250 -999.250 -999.250 -999.250 -999.250
