data/medianmodel_22-Apr-2020.asc
ncols	141
nrows	288
xllcorner	-120191.398
yllcorner	-301404.813
cellsize	2000.000
NODATA_value	-999.250
[rows 120 to 149 of 288, columns 68 to 135 of 141]
5.694 5.229 6.338 2.444 4.115 4.095 7.017 6.568 10.358 8.191 13.291 17.005 15.742 16.683 16.527 16.390 17.924 18.516 20.226 17.840 16.932 16.604 17.871 14.813 17.484 16.797 16.266 19.524 15.983 16.278 15.165 13.287 11.365 10.870 12.638 14.175 13.757 13.884 13.480 14.777 14.743 12.301 14.969 12.980 13.134 -999.250 -999.250 -999.250 -999.250 -999.250 -999.250 -999.250 -999.250 -999.250 -999.250 -999.250 -999.250 -999.250 -999.250 -999.250 -999.250 -999.250 -999.250 -999.250 -999.250 -999.250 -999.250 -999.250
5.299 5.378 2.001 1.717 5.111 6.058 9.374 8.211 9.517 11.679 14.077 11.995 14.568 16.950 16.037 16.540 16.632 17.877 17.398 17.896 16.841 16.012 15.033 18.350 19.428 18.111 16.585 15.528 14.826 13.863 13.698 10.733 12.195 12.168 8.662 12.373 11.637 12.810 10.194 13.193 12.991 10.335 13.002 15.893 13.021 -999.250 -999.250 -999.250 -999.250 -999.250 -999.250 -999.250 -999.250 -999.250 -999.250 -999.250 -999.250 -999.250 -999.250 -999.250 -999.250 -999.250 -999.250 -999.250 -999.250 -999.250 -999.250 -999.250
8.771 3.586 0.000 2.432 4.994 7.899 9.037 8.879 12.886 15.458 13.490 15.261 15.895 16.385 17.020 17.102 18.228 17.785 18.950 19.137 17.709 16.764 16.171 17.630 17.140 17.699 16.012 15.715 14.121 10.779 8.143 6.567 5.734 8.855 9.014 10.993 8.527 11.680 12.319 14.508 11.062 13.435 14.743 15.416 15.711 -999.250 -999.250 -999.250 -999.250 -999.250 -999.250 -999.250 -999.250 -999.250 -999.250 -999.250 -999.250 -999.250 -999.250 -999.250 -999.250 -999.250 -999.250 -999.250 -999.250 -999.250 -999.250 -999.250
10.611 8.656 6.338 7.080 8.475 8.693 10.530 11.387 11.869 13.387 12.494 14.476 15.491 17.700 15.876 17.884 18.176 16.809 17.707 17.561 16.999 16.712 15.981 17.772 15.623 17.906 15.129 13.008 12.019 10.741 8.460 3.612 0.000 6.317 11.202 10.687 10.411 12.391 14.835 13.505 12.066 14.783 15.621 14.899 -999.250 -999.250 -999.250 -999.250 -999.250 -999.250 -999.250 -999.250 -999.250 -999.250 -999.250 -999.250 -999.250 -999.250 -999.250 -999.250 -999.250 -999.250 -999.250 -999.250 -999.250 -999.250 -999.250 -999.250
14.822 10.976 9.602 11.626 12.322 13.329 14.149 13.441 13.093 14.182 12.689 14.230 16.278 16.117 16.572 16.538 16.390 17.376 16.218 16.523 17.489 17.299 16.373 17.878 16.982 15.686 14.175 13.553 11.405 10.477 7.499 6.327 4.980 6.458 8.757 12.190 12.112 14.849 14.307 12.209 10.901 15.511 15.578 16.441 -999.250 -999.250 -999.250 -999.250 -999.250 -999.250 -999.250 -999.250 -999.250 -999.250 -999.250 -999.250 -999.250 -999.250 -999.250 -999.250 -999.250 -999.250 -999.250 -999.250 -999.250 -999.250 -999.250 -999.250
16.565 13.326 13.300 13.149 12.152 10.184 13.061 12.348 10.879 15.772 14.640 13.100 12.637 15.130 14.148 17.174 16.517 16.472 15.381 15.924 16.652 16.730 16.584 16.142 15.416 16.057 16.591 13.816 10.602 10.240 7.001 9.360 7.500 8.372 10.765 14.486 11.346 13.365 13.363 11.273 10.572 13.754 15.486 12.608 -999.250 -999.250 -999.250 -999.250 -999.250 -999.250 -999.250 -999.250 -999.250 -999.250 -999.250 -999.250 -999.250 -999.250 -999.250 -999.250 -999.250 -999.250 -999.250 -999.250 -999.250 -999.250 -999.250 -999.250
15.950 13.364 13.524 12.157 11.707 13.299 13.728 13.778 14.352 11.726 11.729 13.570 13.225 12.929 14.774 16.169 15.014 13.345 12.333 14.262 12.052 15.393 15.812 16.354 15.222 17.995 13.799 14.019 12.250 7.199 11.432 9.159 11.515 10.524 11.321 12.135 10.517 14.757 13.021 10.486 10.814 14.985 13.299 14.325 -999.250 -999.250 -999.250 -999.250 -999.250 -999.250 -999.250 -999.250 -999.250 -999.250 -999.250 -999.250 -999.250 -999.250 -999.250 -999.250 -999.250 -999.250 -999.250 -999.250 -999.250 -999.250 -999.250 -999.250
18.313 15.916 14.167 12.498 12.805 13.362 12.668 13.457 15.819 13.782 13.126 15.523 14.254 15.240 15.444 16.521 16.171 13.223 12.726 10.340 10.681 12.424 14.736 15.911 16.611 15.207 14.912 14.331 13.470 10.585 10.814 11.624 14.909 12.143 11.835 12.174 12.897 14.736 13.208 12.422 10.187 10.466 11.687 -999.250 -999.250 -999.250 -999.250 -999.250 -999.250 -999.250 -999.250 -999.250 -999.250 -999.250 -999.250 -999.250 -999.250 -999.250 -999.250 -999.250 -999.250 -999.250 -999.250 -999.250 -999.250 -999.250 -999.250 -999.250
17.638 16.189 13.539 10.984 11.644 13.177 12.627 14.881 14.547 13.621 13.887 14.263 15.237 15.028 14.702 16.836 16.783 15.290 14.668 13.415 5.771 12.220 12.291 13.642 13.175 13.240 13.429 12.613 12.986 14.794 13.842 12.517 15.534 10.230 11.054 11.009 12.734 10.949 11.684 12.144 11.744 11.137 -999.250 -999.250 -999.250 -999.250 -999.250 -999.250 -999.250 -999.250 -999.250 -999.250 -999.250 -999.250 -999.250 -999.250 -999.250 -999.250 -999.250 -999.250 -999.250 -999.250 -999.250 -999.250 -999.250 -999.250 -999.250 -999.250
13.538 14.837 14.649 13.139 11.873 10.100 11.989 12.558 13.933 13.744 15.119 15.224 17.026 14.188 14.225 14.866 15.020 16.197 15.380 13.328 13.084 10.612 11.976 16.444 15.524 14.459 14.248 14.952 14.524 15.372 14.504 14.030 14.192 12.303 12.355 10.681 6.901 9.726 11.887 11.711 10.313 -999.250 -999.250 -999.250 -999.250 -999.250 -999.250 -999.250 -999.250 -999.250 -999.250 -999.250 -999.250 -999.250 -999.250 -999.250 -999.250 -999.250 -999.250 -999.250 -999.250 -999.250 -999.250 -999.250 -999.250 -999.250 -999.250 -999.250
9.252 12.466 12.683 13.474 11.491 12.604 12.117 11.681 14.814 14.447 14.365 13.796 15.408 13.866 12.665 15.103 15.746 16.470 14.847 15.255 14.370 14.535 13.102 13.777 14.735 15.582 13.978 14.330 15.144 14.922 14.332 14.920 11.877 10.563 12.482 11.372 12.528 9.828 11.645 11.559 11.377 -999.250 -999.250 -999.250 -999.250 -999.250 -999.250 -999.250 -999.250 -999.250 -999.250 -999.250 -999.250 -999.250 -999.250 -999.250 -999.250 -999.250 -999.250 -999.250 -999.250 -999.250 -999.250 -999.250 -999.250 -999.250 -999.250 -999.250
9.000 8.114 9.985 13.538 11.681 12.642 11.621 10.561 12.250 13.940 15.328 14.879 16.139 14.022 15.192 15.578 14.628 15.714 15.733 15.875 15.974 15.889 12.337 14.452 15.120 15.765 12.789 12.812 13.558 15.492 14.180 13.128 10.244 14.232 15.004 12.882 13.249 14.099 13.856 11.819 13.542 -999.250 -999.250 -999.250 -999.250 -999.250 -999.250 -999.250 -999.250 -999.250 -999.250 -999.250 -999.250 -999.250 -999.250 -999.250 -999.250 -999.250 -999.250 -999.250 -999.250 -999.250 -999.250 -999.250 -999.250 -999.250 -999.250 -999.250
5.379 6.436 9.196 11.964 11.937 11.357 12.781 12.033 13.205 12.064 13.524 13.359 13.492 9.946 14.078 13.466 14.416 13.411 13.758 14.157 16.864 15.451 13.135 13.073 15.812 12.445 9.730 11.532 10.135 12.467 14.533 14.452 13.542 13.331 12.195 14.266 12.399 12.535 14.284 12.555 14.626 -999.250 -999.250 -999.250 -999.250 -999.250 -999.250 -999.250 -999.250 -999.250 -999.250 -999.250 -999.250 -999.250 -999.250 -999.250 -999.250 -999.250 -999.250 -999.250 -999.250 -999.250 -999.250 -999.250 -999.250 -999.250 -999.250 -999.250
4.370 0.000 3.227 7.990 9.819 8.663 13.437 11.950 10.561 10.529 11.134 11.900 12.577 10.697 14.197 11.091 13.296 15.383 14.289 15.346 15.869 15.890 15.182 15.778 12.704 13.659 14.390 12.811 11.052 8.044 13.167 16.019 14.478 14.447 14.909 13.968 16.555 13.489 13.533 13.254 -999.250 -999.250 -999.250 -999.250 -999.250 -999.250 -999.250 -999.250 -999.250 -999.250 -999.250 -999.250 -999.250 -999.250 -999.250 -999.250 -999.250 -999.250 -999.250 -999.250 -999.250 -999.250 -999.250 -999.250 -999.250 -999.250 -999.250 -999.250
6.490 2.697 6.270 7.909 8.632 11.446 12.207 11.758 11.678 8.655 10.085 7.131 6.916 10.617 13.104 11.152 14.009 15.101 13.844 14.742 13.877 15.684 14.740 14.908 13.650 14.740 12.099 10.489 11.465 10.734 13.913 14.880 13.261 14.061 14.532 16.706 14.982 14.662 13.280 13.606 -999.250 -999.250 -999.250 -999.250 -999.250 -999.250 -999.250 -999.250 -999.250 -999.250 -999.250 -999.250 -999.250 -999.250 -999.250 -999.250 -999.250 -999.250 -999.250 -999.250 -999.250 -999.250 -999.250 -999.250 -999.250 -999.250 -999.250 -999.250
10.542 8.684 8.229 7.706 8.263 8.686 12.663 13.382 12.557 9.102 5.666 5.289 5.527 9.623 10.453 13.158 14.807 14.639 15.542 16.212 14.823 17.346 14.658 17.114 16.675 14.517 12.392 12.073 9.442 12.977 12.995 14.184 15.144 15.821 16.762 16.902 16.720 15.335 15.127 15.972 -999.250 -999.250 -999.250 -999.250 -999.250 -999.250 -999.250 -999.250 -999.250 -999.250 -999.250 -999.250 -999.250 -999.250 -999.250 -999.250 -999.250 -999.250 -999.250 -999.250 -999.250 -999.250 -999.250 -999.250 -999.250 -999.250 -999.250 -999.250
10.308 9.335 10.606 8.050 9.072 10.092 11.673 12.380 13.199 8.218 4.938 0.000 3.888 9.058 10.459 13.098 16.295 16.828 15.865 14.776 15.655 14.712 13.533 16.033 15.246 15.862 11.656 11.733 11.978 12.815 13.166 13.766 15.031 13.599 15.212 16.479 16.387 17.111 16.505 16.781 -999.250 -999.250 -999.250 -999.250 -999.250 -999.250 -999.250 -999.250 -999.250 -999.250 -999.250 -999.250 -999.250 -999.250 -999.250 -999.250 -999.250 -999.250 -999.250 -999.250 -999.250 -999.250 -999.250 -999.250 -999.250 -999.250 -999.250 -999.250
7.519 9.291 11.134 9.826 11.908 10.616 9.935 12.766 13.337 10.792 5.332 4.183 6.030 10.259 11.077 14.999 14.879 14.792 15.498 14.224 15.071 13.677 13.011 14.394 15.545 13.765 13.245 12.865 12.862 11.701 13.043 13.115 14.522 11.212 14.185 15.541 16.710 17.860 16.720 -999.250 -999.250 -999.250 -999.250 -999.250 -999.250 -999.250 -999.250 -999.250 -999.250 -999.250 -999.250 -999.250 -999.250 -999.250 -999.250 -999.250 -999.250 -999.250 -999.250 -999.250 -999.250 -999.250 -999.250 -999.250 -999.250 -999.250 -999.250 -999.250
10.525 7.442 9.182 10.044 11.699 10.882 11.910 10.088 8.829 10.260 8.155 6.982 7.529 11.845 13.486 14.996 15.770 15.239 -999.250 -999.250 -999.250 -999.250 12.118 12.673 14.407 11.569 10.162 -999.250 -999.250 -999.250 -999.250 -999.250 -999.250 -999.250 -999.250 -999.250 -999.250 -999.250 -999.250 -999.250 -999.250 -999.250 -999.250 -999.250 -999.250 -999.250 -999.250 -999.250 -999.250 -999.250 -999.250 -999.250 -999.250 -999.250 -999.250 -999.250 -999.250 -999.250 -999.250 -999.250 -999.250 -999.250 -999.250 -999.250 -999.250 -999.250 -999.250 -999.250
9.507 8.472 9.523 10.722 9.581 11.135 12.340 11.074 9.485 7.373 12.397 10.004 12.193 14.700 13.517 13.731 14.319 15.191 -999.250 -999.250 -999.250 -999.250 -999.250 -999.250 -999.250 -999.250 -999.250 -999.250 -999.250 -999.250 -999.250 -999.250 -999.250 -999.250 -999.250 -999.250 -999.250 -999.250 -999.250 -999.250 -999.250 -999.250 -999.250 -999.250 -999.250 -999.250 -999.250 -999.250 -999.250 -999.250 -999.250 -999.250 -999.250 -999.250 -999.250 -999.250 -999.250 -999.250 -999.250 -999.250 -999.250 -999.250 -999.250 -999.250 -999.250 -999.250 -999.250 -999.250
10.106 10.738 7.765 9.378 11.778 13.721 12.203 10.104 10.216 10.187 12.101 9.531 11.948 13.370 15.027 14.888 14.485 16.672 -999.250 -999.250 -999.250 -999.250 -999.250 -999.250 -999.250 -999.250 -999.250 -999.250 -999.250 -999.250 -999.250 -999.250 -999.250 -999.250 -999.250 -999.250 -999.250 -999.250 -999.250 -999.250 -999.250 -999.250 -999.250 -999.250 -999.250 -999.250 -999.250 -999.250 -999.250 -999.250 -999.250 -999.250 -999.250 -999.250 -999.250 -999.250 -999.250 -999.250 -999.250 -999.250 -999.250 -999.250 -999.250 -999.250 -999.250 -999.250 -999.250 -999.250
10.165 8.216 9.299 9.842 12.197 11.321 12.760 12.207 11.802 14.274 13.391 15.283 13.236 12.612 16.891 14.957 17.006 17.240 13.146 -999.250 -999.250 -999.250 -999.250 -999.250 -999.250 -999.250 -999.250 -999.250 -999.250 -999.250 -999.250 -999.250 -999.250 -999.250 -999.250 -999.250 -999.250 -999.250 -999.250 -999.250 -999.250 -999.250 -999.250 -999.250 -999.250 -999.250 -999.250 -999.250 -999.250 -999.250 -999.250 -999.250 -999.250 -999.250 -999.250 -999.250 -999.250 -999.250 -999.250 -999.250 -999.250 -999.250 -999.250 -999.250 -999.250 -999.250 -999.250 -999.250
8.266 9.666 8.353 9.800 13.899 12.096 16.180 14.683 13.645 14.253 15.271 16.281 15.336 15.721 15.960 15.607 15.201 16.114 10.925 12.740 -999.250 -999.250 -999.250 -999.250 -999.250 -999.250 -999.250 -999.250 -999.250 -999.250 -999.250 -999.250 -999.250 -999.250 -999.250 -999.250 -999.250 -999.250 -999.250 -999.250 -999.250 -999.250 -999.250 -999.250 -999.250 -999.250 -999.250 -999.250 -999.250 -999.250 -999.250 -999.250 -999.250 -999.250 -999.250 -999.250 -999.250 -999.250 -999.250 -999.250 -999.250 -999.250 -999.250 -999.250 -999.250 -999.250 -999.250 -999.250
9.749 10.341 9.262 11.608 11.951 13.727 14.065 15.322 16.191 15.794 17.262 18.200 17.680 16.812 15.679 16.312 17.310 15.257 14.243 9.998 9.657 -999.250 -999.250 -999.250 -999.250 -999.250 -999.250 -999.250 -999.250 -999.250 -999.250 -999.250 -999.250 -999.250 -999.250 -999.250 -999.250 -999.250 -999.250 -999.250 -999.250 -999.250 -999.250 -999.250 -999.250 -999.250 -999.250 -999.250 -999.250 -999.250 -999.250 -999.250 -999.250 -999.250 -999.250 -999.250 -999.250 -999.250 -999.250 -999.250 -999.250 -999.250 -999.250 -999.250 -999.250 -999.250 -999.250 -999.250
9.678 9.328 11.930 11.849 11.827 15.866 15.619 16.765 18.458 17.262 17.211 18.083 18.133 17.596 16.866 18.354 17.144 13.724 15.001 9.798 6.602 -999.250 -999.250 -999.250 -999.250 -999.250 -999.250 -999.250 -999.250 -999.250 -999.250 -999.250 -999.250 -999.250 -999.250 -999.250 -999.250 -999.250 -999.250 -999.250 -999.250 -999.250 -999.250 -999.250 -999.250 -999.250 -999.250 -999.250 -999.250 -999.250 -999.250 -999.250 -999.250 -999.250 -999.250 -999.250 -999.250 -999.250 -999.250 -999.250 -999.250 -999.250 -999.250 -999.250 -999.250 -999.250 -999.250 -999.250
9.766 9.226 10.711 10.391 13.168 14.712 19.162 15.935 16.897 17.429 18.053 18.445 19.521 16.499 18.358 17.353 15.468 13.850 12.889 9.752 6.731 3.417 4.872 -999.250 -999.250 -999.250 -999.250 -999.250 -999.250 -999.250 -999.250 -999.250 -999.250 -999.250 -999.250 -999.250 -999.250 -999.250 -999.250 -999.250 -999.250 -999.250 -999.250 -999.250 -999.250 -999.250 -999.250 -999.250 -999.250 -999.250 -999.250 -999.250 -999.250 -999.250 -999.250 -999.250 -999.250 -999.250 -999.250 -999.250 -999.250 -999.250 -999.250 -999.250 -999.250 -999.250 -999.250 -999.250
5.003 7.034 10.412 9.378 12.860 14.228 15.982 15.838 17.784 18.313 18.497 19.117 19.961 19.346 18.666 18.583 16.683 16.175 13.860 11.017 6.209 7.881 3.906 2.758 -999.250 -999.250 -999.250 -999.250 -999.250 -999.250 -999.250 -999.250 -999.250 -999.250 -999.250 -999.250 -999.250 -999.250 -999.250 -999.250 -999.250 -999.250 -999.250 -999.250 -999.250 -999.250 -999.250 -999.250 -999.250 -999.250 -999.250 -999.250 -999.250 -999.250 -999.250 -999.250 -999.250 -999.250 -999.250 -999.250 -999.250 -999.250 -999.250 -999.250 -999.250 -999.250 -999.250 -999.250
5.329 6.102 7.128 10.373 10.614 14.393 16.866 16.021 18.137 17.234 16.388 18.837 19.450 20.606 20.684 18.478 16.920 15.875 13.279 12.159 9.618 6.982 1.272 1.882 -999.250 -999.250 -999.250 -999.250 -999.250 -999.250 -999.250 -999.250 -999.250 -999.250 -999.250 -999.250 -999.250 -999.250 -999.250 -999.250 -999.250 -999.250 -999.250 -999.250 -999.250 -999.250 -999.250 -999.250 -999.250 -999.250 -999.250 -999.250 -999.250 -999.250 -999.250 -999.250 -999.250 -999.250 -999.250 -999.250 -999.250 -999.250 -999.250 -999.250 -999.250 -999.250 -999.250 -999.250
2.645 0.000 4.899 8.716 11.325 14.847 15.419 15.230 18.251 16.803 14.882 18.930 18.515 21.087 20.938 20.720 16.939 13.854 14.842 13.045 7.827 3.410 0.000 1.973 4.436 5.055 2.217 -999.250 -999.250 -999.250 -999.250 -999.250 -999.250 -999.250 -999.250 -999.250 -999.250 -999.250 -999.250 -999.250 -999.250 -999.250 -999.250 -999.250 -999.250 -999.250 -999.250 -999.250 -999.250 -999.250 -999.250 -999.250 -999.250 -999.250 -999.250 -999.250 -999.250 -999.250 -999.250 -999.250 -999.250 -999.250 -999.250 -999.250 -999.250 -999.250 -999.250 -999.250
3.844 4.276 8.239 8.851 10.157 14.745 15.761 16.111 16.326 15.980 15.062 16.653 18.190 19.141 18.102 17.626 14.786 14.852 15.747 12.641 9.954 6.498 4.326 4.994 6.959 5.813 2.663 4.105 -999.250 -999.250 -999.250 -999.250 -999.250 -999.250 -999.250 -999.250 -999.250 -999.250 -999.250 -999.250 -999.250 -999.250 -999.250 -999.250 -999.250 -999.250 -999.250 -999.250 -999.250 -999.250 -999.250 -999.250 -999.250 -999.250 -999.250 -999.250 -999.250 -999.250 -999.250 -999.250 -999.250 -999.250 -999.250 -999.250 -999.250 -999.250 -999.250 -999.250
