data/medianmodel_20-Nov-2020.asc
ncols	141
nrows	288
xllcorner	-120191.398
yllcorner	-301404.813
cellsize	2000.000
NODATA_value	-999.250
[rows 0 to 28 of 288, columns 65 to 129 of 141]
-999.250 -999.250 -999.250 -999.250 -999.250 -999.250 -999.250 -999.250 -999.250 -999.250 -999.250 -999.250 -999.250 -999.250 -999.250 -999.250 -999.250 -999.250 -999.250 -999.250 -999.250 -999.250 -999.250 -999.250 -999.250 -999.250 -999.250 -999.250 -999.250 -999.250 -999.250 -999.250 -999.250 -999.250 -999.250 -999.250 -999.250 -999.250 -999.250 -999.250 -999.250 -999.250 -999.250 -999.250 -999.250 -999.250 -999.250 -999.250 -999.250 -999.250 -999.250 -999.250 -999.250 -999.250 -999.250 -999.250 -999.250 -999.250 -999.250 -999.250 -999.250 -999.250 -999.250 -999.250 -999.250
-999.250 -999.250 -999.250 -999.250 -999.250 -999.250 -999.250 -999.250 -999.250 -999.250 -999.250 -999.250 -999.250 -999.250 -999.250 -999.250 -999.250 -999.250 -999.250 -999.250 -999.250 -999.250 -999.250 -999.250 -999.250 -999.250 -999.250 -999.250 -999.250 -999.250 -999.250 -999.250 -999.250 -999.250 -999.250 -999.250 -999.250 -999.250 -999.250 -999.250 -999.250 -999.250 -999.250 -999.250 -999.250 -999.250 -999.250 -999.250 -999.250 -999.250 -999.250 -999.250 -999.250 -999.250 -999.250 -999.250 -999.250 -999.250 -999.250 -999.250 -999.250 -999.250 -999.250 -999.250 -999.250
-999.250 -999.250 -999.250 -999.250 -999.250 -999.250 -999.250 -999.250 -999.250 -999.250 -999.250 -999.250 -999.250 -999.250 -999.250 -999.250 -999.250 -999.250 -999.250 -999.250 -999.250 -999.250 -999.250 -999.250 -999.250 -999.250 -999.250 -999.250 -999.250 -999.250 -999.250 -999.250 -999.250 -999.250 -999.250 -999.250 -999.250 -999.250 -999.250 -999.250 -999.250 -999.250 -999.250 -999.250 -999.250 -999.250 -999.250 -999.250 -999.250 -999.250 -999.250 -999.250 -999.250 -999.250 -999.250 -999.250 -999.250 -999.250 -999.250 -999.250 -999.250 -999.250 -999.250 -999.250 -999.250
-999.250 -999.250 -999.250 -999.250 -999.250 -999.250 -999.250 -999.250 -999.250 -999.250 -999.250 -999.250 -999.250 -999.250 -999.250 -999.250 -999.250 -999.250 -999.250 -999.250 -999.250 -999.250 -999.250 -999.250 -999.250 -999.250 -999.250 -999.250 -999.250 -999.250 -999.250 -999.250 -999.250 -999.250 -999.250 -999.250 -999.250 -999.250 -999.250 -999.250 -999.250 -999.250 -999.250 -999.250 -999.250 -999.250 -999.250 -999.250 -999.250 -999.250 -999.250 -999.250 -999.250 -999.250 -999.250 -999.250 -999.250 -999.250 -999.250 -999.250 -999.250 -999.250 -999.250 -999.250 -999.250
-999.250 -999.250 -999.250 -999.250 -999.250 -999.250 -999.250 -999.250 -999.250 -999.250 -999.250 -999.250 -999.250 -999.250 -999.250 -999.250 -999.250 -999.250 -999.250 -999.250 -999.250 -999.250 -999.250 -999.250 -999.250 -999.250 -999.250 -999.250 -999.250 -999.250 -999.250 -999.250 -999.250 -999.250 -999.250 -999.250 -999.250 -999.250 -999.250 -999.250 -999.250 -999.250 -999.250 -999.250 -999.250 -999.250 -999.250 -999.250 -999.250 -999.250 -999.250 -999.250 -999.250 -999.250 -999.250 -999.250 -999.250 -999.250 -999.250 -999.250 -999.250 -999.250 -999.250 -999.250 -999.250
-999.250 -999.250 -999.250 -999.250 -999.250 -999.250 -999.250 -999.250 -999.250 -999.250 -999.250 -999.250 -999.250 -999.250 -999.250 -999.250 -999.250 -999.250 -999.250 -999.250 -999.250 -999.250 -999.250 -999.250 -999.250 -999.250 -999.250 -999.250 -999.250 -999.250 -999.250 -999.250 -999.250 -999.250 -999.250 -999.250 -999.250 -999.250 -999.250 -999.250 -999.250 -999.250 -999.250 -999.250 -999.250 -999.250 -999.250 -999.250 -999.250 -999.250 -999.250 -999.250 -999.250 -999.250 -999.250 -999.250 -999.250 -999.250 -999.250 -999.250 -999.250 -999.250 -999.250 -999.250 -999.250
-999.250 -999.250 -999.250 -999.250 -999.250 -999.250 -999.250 -999.250 -999.250 -999.250 -999.250 -999.250 -999.250 -999.250 -999.250 -999.250 -999.250 -999.250 -999.250 -999.250 -999.250 -999.250 -999.250 -999.250 -999.250 -999.250 -999.250 -999.250 -999.250 -999.250 -999.250 -999.250 -999.250 -999.250 -999.250 -999.250 -999.250 -999.250 -999.250 -999.250 -999.250 -999.250 -999.250 -999.250 -999.250 -999.250 -999.250 -999.250 -999.250 -999.250 -999.250 -999.250 -999.250 -999.250 -999.250 -999.250 -999.250 -999.250 -999.250 -999.250 -999.250 -999.250 -999.250 -999.250 -999.250
-999.250 -999.250 -999.250 -999.250 -999.250 -999.250 -999.250 -999.250 -999.250 -999.250 -999.250 -999.250 -999.250 -999.250 -999.250 -999.250 -999.250 -999.250 -999.250 -999.250 -999.250 -999.250 -999.250 -999.250 -999.250 -999.250 -999.250 -999.250 -999.250 -999.250 -999.250 -999.250 -999.250 -999.250 -999.250 -999.250 -999.250 -999.250 -999.250 -999.250 -999.250 -999.250 -999.250 -999.250 -999.250 -999.250 -999.250 -999.250 -999.250 -999.250 -999.250 -999.250 -999.250 -999.250 -999.250 -999.250 -999.250 -999.250 -999.250 -999.250 -999.250 -999.250 -999.250 -999.250 -999.250
-999.250 -999.250 -999.250 -999.250 -999.250 -999.250 -999.250 -999.250 -999.250 -999.250 -999.250 -999.250 -999.250 -999.250 -999.250 -999.250 -999.250 -999.250 -999.250 -999.250 -999.250 -999.250 -999.250 -999.250 -999.250 -999.250 -999.250 -999.250 -999.250 -999.250 -999.250 -999.250 -999.250 -999.250 -999.250 -999.250 -999.250 -999.250 -999.250 -999.250 -999.250 -999.250 -999.250 -999.250 -999.250 -999.250 -999.250 -999.250 -999.250 386.539 -999.250 -999.250 -999.250 -999.250 -999.250 -999.250 -999.250 -999.250 -999.250 -999.250 -999.250 -999.250 -999.250 -999.250 -999.250
-999.250 -999.250 -999.250 -999.250 -999.250 -999.250 -999.250 -999.250 -999.250 -999.250 -999.250 -999.250 -999.250 -999.250 -999.250 -999.250 -999.250 -999.250 -999.250 -999.250 -999.250 -999.250 -999.250 -999.250 -999.250 -999.250 -999.250 -999.250 -999.250 -999.250 -999.250 -999.250 -999.250 -999.250 483.007 475.974 481.839 476.717 -999.250 -999.250 -999.250 -999.250 424.662 -999.250 -999.250 -999.250 -999.250 -999.250 -999.250 393.435 421.681 -999.250 -999.250 -999.250 -999.250 -999.250 -999.250 -999.250 -999.250 -999.250 -999.250 -999.250 -999.250 -999.250 -999.250
-999.250 -999.250 -999.250 -999.250 -999.250 -999.250 -999.250 -999.250 -999.250 -999.250 -999.250 -999.250 -999.250 -999.250 -999.250 -999.250 -999.250 -999.250 -999.250 -999.250 -999.250 -999.250 -999.250 -999.250 -999.250 -999.250 -999.250 -999.250 -999.250 -999.250 -999.250 -999.250 -999.250 -999.250 506.951 477.986 482.079 484.473 -999.250 -999.250 -999.250 467.449 442.528 383.765 -999.250 -999.250 -999.250 -999.250 -999.250 440.020 406.708 481.967 -999.250 -999.250 -999.250 -999.250 -999.250 -999.250 411.469 424.310 -999.250 -999.250 -999.250 -999.250 -999.250
-999.250 -999.250 -999.250 -999.250 -999.250 -999.250 -999.250 -999.250 -999.250 -999.250 -999.250 -999.250 -999.250 -999.250 -999.250 -999.250 -999.250 -999.250 -999.250 -999.250 -999.250 -999.250 -999.250 -999.250 -999.250 -999.250 -999.250 -999.250 -999.250 -999.250 -999.250 -999.250 -999.250 -999.250 489.009 493.207 489.626 472.319 453.812 480.769 473.446 474.403 426.793 393.671 393.802 405.700 460.640 432.214 465.192 473.067 464.287 474.190 466.981 483.051 475.022 480.426 427.900 446.721 451.150 469.730 -999.250 -999.250 -999.250 -999.250 -999.250
-999.250 -999.250 -999.250 -999.250 365.501 -999.250 -999.250 -999.250 -999.250 -999.250 -999.250 -999.250 -999.250 -999.250 -999.250 -999.250 -999.250 -999.250 -999.250 -999.250 -999.250 -999.250 -999.250 -999.250 -999.250 -999.250 -999.250 -999.250 -999.250 -999.250 -999.250 -999.250 -999.250 -999.250 500.405 503.881 471.267 471.703 462.591 460.968 472.694 473.397 472.662 464.458 415.665 450.353 446.940 468.886 470.331 479.819 460.091 490.027 495.865 507.554 493.424 495.033 452.936 444.596 453.587 464.420 -999.250 -999.250 -999.250 -999.250 -999.250
-999.250 -999.250 -999.250 -999.250 379.348 -999.250 -999.250 -999.250 -999.250 -999.250 -999.250 -999.250 495.781 -999.250 -999.250 -999.250 -999.250 -999.250 -999.250 -999.250 -999.250 -999.250 -999.250 -999.250 -999.250 -999.250 -999.250 -999.250 -999.250 -999.250 -999.250 -999.250 -999.250 -999.250 491.635 491.781 496.709 472.105 478.962 433.289 433.818 448.433 453.127 441.116 406.636 453.906 493.277 471.843 460.952 504.556 495.643 519.832 525.472 523.135 519.333 509.295 496.565 467.604 429.670 463.207 -999.250 -999.250 -999.250 -999.250 -999.250
-999.250 -999.250 -999.250 -999.250 378.957 -999.250 -999.250 -999.250 -999.250 438.963 449.997 480.716 473.984 486.715 -999.250 -999.250 -999.250 -999.250 -999.250 -999.250 -999.250 -999.250 -999.250 -999.250 -999.250 -999.250 -999.250 -999.250 -999.250 -999.250 -999.250 -999.250 -999.250 -999.250 523.960 534.448 471.490 449.108 463.925 452.618 421.961 404.249 411.351 403.337 484.587 475.343 488.589 494.516 512.781 520.868 517.664 544.736 541.159 520.317 537.139 535.129 503.787 456.154 485.674 453.165 451.410 -999.250 -999.250 -999.250 -999.250
-999.250 329.224 328.970 339.316 373.396 -999.250 -999.250 458.494 451.012 437.908 463.472 466.698 512.008 536.452 526.005 538.986 568.288 -999.250 -999.250 -999.250 -999.250 -999.250 -999.250 -999.250 -999.250 -999.250 -999.250 -999.250 -999.250 -999.250 -999.250 607.789 568.610 544.177 536.326 509.143 480.820 462.940 469.114 472.953 417.776 382.251 453.664 394.970 440.589 472.409 468.426 488.713 499.171 519.854 538.274 554.860 544.358 553.677 559.565 523.123 492.307 459.980 474.644 486.111 483.122 -999.250 -999.250 -999.250 -999.250
318.569 334.237 336.153 342.760 369.962 -999.250 420.424 474.176 476.016 468.529 450.281 473.783 501.181 514.713 546.031 523.978 -999.250 -999.250 -999.250 -999.250 -999.250 658.092 693.192 -999.250 -999.250 -999.250 629.192 -999.250 -999.250 585.471 608.403 590.464 594.465 594.547 551.263 518.521 492.855 481.663 466.637 444.910 414.886 393.066 404.501 412.357 417.038 467.223 494.693 519.818 547.187 582.901 555.832 562.223 574.620 554.071 543.677 529.352 496.283 489.632 453.670 476.879 471.439 -999.250 -999.250 -999.250 -999.250
342.225 354.978 363.742 388.418 374.207 420.473 444.346 467.639 493.273 483.508 475.393 474.253 498.116 551.561 530.597 535.965 -999.250 -999.250 648.982 654.861 663.025 688.800 733.690 834.544 -999.250 709.312 671.188 684.743 659.419 590.980 630.462 659.690 604.844 573.832 567.219 541.086 514.599 489.595 475.210 465.041 426.228 348.567 382.296 450.477 417.846 456.239 487.003 503.875 542.695 558.489 573.289 575.915 586.187 578.691 549.616 520.765 520.612 495.278 483.302 474.573 436.263 -999.250 -999.250 -999.250 -999.250
327.922 357.720 368.419 395.725 409.707 414.092 460.206 476.360 456.921 472.716 468.861 503.026 521.997 561.470 551.569 545.445 615.461 609.785 707.247 749.373 713.444 753.136 854.522 947.044 882.592 821.091 728.280 637.294 604.470 600.018 612.228 632.114 606.087 576.730 585.396 542.093 529.554 524.958 501.542 485.631 451.678 434.485 442.308 465.038 469.506 499.482 550.055 539.847 553.194 608.119 595.001 551.886 577.703 553.613 565.701 550.327 538.907 540.649 546.847 485.458 473.000 -999.250 -999.250 -999.250 -999.250
379.203 385.931 393.554 443.342 449.329 454.299 457.462 474.385 472.246 486.277 478.513 503.386 541.829 563.544 541.890 577.123 570.612 597.845 659.412 706.528 736.380 840.872 907.249 853.347 934.657 845.197 761.803 667.142 586.200 626.565 719.886 630.477 613.886 568.927 540.303 556.525 555.358 551.285 491.178 522.363 495.394 481.393 455.582 467.645 492.548 507.898 563.497 591.857 556.071 566.819 573.288 564.459 583.662 566.906 575.193 561.962 531.965 534.696 526.432 486.545 447.757 -999.250 -999.250 -999.250 -999.250
392.405 397.828 444.549 459.750 469.853 468.265 462.713 491.114 502.741 545.925 499.554 524.180 517.977 530.824 523.209 573.232 579.802 572.612 648.115 706.157 800.568 874.181 867.571 865.432 832.202 815.255 762.134 766.582 694.328 640.517 642.768 636.806 645.086 601.341 608.423 530.965 531.750 547.170 527.751 520.533 495.227 494.442 495.538 469.334 486.499 525.464 582.742 544.646 539.999 539.711 576.208 570.069 576.923 565.942 563.752 537.431 528.837 557.764 524.172 480.788 -999.250 -999.250 -999.250 -999.250 -999.250
481.149 480.505 481.499 456.466 480.108 492.544 466.822 493.908 522.129 518.163 546.039 555.842 542.650 550.130 511.504 573.480 565.906 576.464 661.652 728.934 751.419 852.696 902.321 891.565 796.853 797.856 824.363 705.943 684.212 678.625 663.554 646.272 576.690 574.503 576.998 561.882 552.446 543.743 525.507 562.577 529.600 508.689 494.904 490.867 498.937 543.787 545.889 590.871 557.930 583.913 577.862 553.931 558.022 557.270 566.324 571.636 533.071 546.445 497.384 487.254 -999.250 -999.250 -999.250 -999.250 -999.250
504.591 503.571 523.830 499.337 504.528 519.479 523.519 515.818 543.260 520.731 533.363 540.988 519.470 523.446 516.584 565.122 598.993 605.731 642.539 733.681 734.804 793.967 884.171 849.216 906.940 894.708 807.248 783.240 721.183 659.207 675.573 628.292 632.219 627.651 573.505 600.391 536.669 561.004 565.099 533.385 526.201 518.803 499.685 533.296 539.906 585.898 615.582 565.948 547.272 551.149 555.833 561.223 544.216 554.199 548.899 585.327 543.815 548.551 498.384 487.721 -999.250 -999.250 -999.250 -999.250 -999.250
522.095 540.061 532.419 530.134 538.238 520.630 548.649 518.954 521.532 525.492 531.658 503.505 503.142 507.079 519.750 549.359 573.681 616.760 658.528 694.280 774.371 785.501 887.372 869.966 850.003 947.234 849.962 778.267 732.349 705.500 616.267 710.513 684.891 562.185 562.879 550.778 569.402 574.342 559.621 536.226 507.445 526.874 532.136 549.136 563.116 554.928 575.711 586.887 549.612 559.909 553.621 574.666 548.791 574.138 618.058 557.504 532.187 519.356 501.843 488.762 -999.250 -999.250 -999.250 -999.250 -999.250
564.403 562.120 562.266 538.748 552.948 547.966 559.403 524.711 539.652 513.292 535.754 516.134 522.759 513.320 480.192 518.547 552.048 590.975 624.195 755.773 903.073 784.294 897.743 909.069 790.819 844.745 857.821 735.103 676.233 696.032 650.257 655.975 660.331 597.540 600.798 556.808 592.562 563.211 581.480 553.525 561.738 526.027 529.644 542.861 598.055 591.893 591.698 588.810 574.101 532.198 539.404 547.684 543.775 554.670 569.436 574.996 536.187 521.823 467.514 498.848 -999.250 -999.250 -999.250 -999.250 -999.250
641.814 613.296 578.010 545.206 541.786 546.353 558.108 535.983 522.496 511.992 524.034 520.288 512.365 492.115 498.526 508.127 577.202 597.921 666.680 725.408 816.898 830.813 843.356 838.493 839.321 802.276 761.593 788.231 765.767 708.209 683.116 625.496 619.110 637.517 596.179 589.884 624.951 593.220 596.722 592.518 603.006 580.554 586.465 572.899 595.630 641.392 639.832 626.081 564.166 538.352 551.795 552.687 524.522 572.414 583.562 578.196 550.823 529.721 518.121 521.968 528.579 -999.250 -999.250 -999.250 -999.250
768.965 721.176 651.269 582.258 551.731 586.305 537.914 527.700 531.729 508.168 507.992 482.997 509.082 513.237 512.674 521.379 582.477 614.279 693.473 838.990 786.166 789.874 830.415 785.676 777.275 743.602 847.744 802.162 704.525 732.972 691.338 647.401 657.293 647.564 613.560 607.259 594.037 609.299 673.286 648.575 614.022 587.432 616.355 643.279 618.347 686.815 638.330 597.250 572.721 561.577 573.873 587.918 553.198 554.815 589.335 581.665 554.848 523.923 503.481 498.854 520.522 502.965 -999.250 474.132 446.728
822.958 823.323 732.131 648.586 643.886 620.690 549.399 527.120 540.784 522.361 520.934 494.392 513.962 518.813 522.022 545.548 617.233 613.446 743.678 717.844 753.077 833.638 822.182 748.835 727.011 662.408 649.069 734.461 766.771 685.991 673.603 721.683 672.033 677.760 650.389 608.593 643.567 606.024 650.724 711.494 729.110 637.003 621.054 618.964 630.937 647.057 596.782 617.647 639.322 573.437 612.957 583.976 587.220 556.820 536.514 556.960 570.588 538.186 519.146 486.282 499.970 500.350 494.655 477.978 450.672
933.409 820.760 799.639 718.936 654.106 623.398 600.669 559.843 551.288 530.307 514.796 514.713 522.629 514.115 565.145 587.155 635.026 650.117 720.077 753.665 684.280 808.545 790.969 825.109 700.562 774.746 643.358 675.390 689.749 714.280 707.453 679.395 678.579 732.853 616.744 620.569 659.564 656.705 656.874 723.523 675.565 633.196 602.763 703.682 653.569 674.948 690.017 668.189 726.264 641.233 569.377 608.969 578.630 538.957 577.128 559.524 527.746 508.738 511.594 498.930 497.632 465.397 460.903 450.850 461.502
