data/medianmodel_21-Apr-2020.asc
ncols	141
nrows	288
xllcorner	-120191.398
yllcorner	-301404.813
cellsize	2000.000
NODATA_value	-999.250
[rows 60 to 89 of 288, columns 68 to 135 of 141]
92.521 86.948 104.286 92.060 71.873 53.844 38.845 27.927 25.352 21.507 15.097 12.456 17.146 19.863 22.807 26.148 23.539 21.749 20.629 20.230 22.028 34.585 46.708 74.945 113.505 162.150 219.128 271.700 342.663 450.038 471.025 544.317 616.767 687.064 591.602 592.675 494.117 425.981 339.600 292.960 250.093 161.731 127.633 84.912 56.444 33.187 20.697 0.000 -999.250 -999.250 -999.250 -999.250 -999.250 -999.250 -999.250 -999.250 -999.250 -999.250 -999.250 -999.250 -999.250 -999.250 -999.250 -999.250 -999.250 -999.250 -999.250 -999.250
106.097 114.871 104.784 109.075 70.381 49.241 33.718 22.977 21.148 19.685 17.378 19.415 26.671 30.319 32.895 35.082 29.915 24.747 21.641 20.990 20.270 25.130 35.123 42.922 75.204 125.357 165.400 231.709 291.091 310.763 406.607 475.628 522.701 526.820 560.696 543.720 504.852 415.977 390.620 308.104 246.644 190.064 141.901 93.005 56.900 37.691 17.631 -999.250 -999.250 -999.250 -999.250 -999.250 -999.250 -999.250 -999.250 -999.250 -999.250 -999.250 -999.250 -999.250 -999.250 -999.250 -999.250 -999.250 -999.250 -999.250 -999.250 -999.250
148.849 145.496 160.755 119.291 81.279 56.463 25.628 25.069 22.585 21.225 21.739 28.292 36.086 45.892 54.271 45.923 36.986 30.409 24.499 21.760 17.154 16.996 17.839 25.102 46.340 79.735 111.719 151.901 182.573 237.097 319.411 368.932 409.781 484.467 500.408 453.472 433.120 394.402 382.257 281.131 219.574 178.041 -999.250 -999.250 -999.250 -999.250 -999.250 -999.250 -999.250 -999.250 -999.250 -999.250 -999.250 -999.250 -999.250 -999.250 -999.250 -999.250 -999.250 -999.250 -999.250 -999.250 -999.250 -999.250 -999.250 -999.250 -999.250 -999.250
183.006 173.158 163.111 158.877 101.339 66.959 40.051 35.941 28.017 28.995 29.361 34.799 40.893 53.320 71.898 54.037 40.067 28.923 21.704 17.189 9.350 6.968 2.415 0.000 20.733 40.003 57.449 69.389 84.080 117.518 216.922 288.573 332.206 382.669 391.946 419.687 377.192 372.577 307.821 267.575 202.534 146.148 95.446 -999.250 -999.250 -999.250 -999.250 -999.250 -999.250 -999.250 -999.250 -999.250 -999.250 -999.250 -999.250 -999.250 -999.250 -999.250 -999.250 -999.250 -999.250 -999.250 -999.250 -999.250 -999.250 -999.250 -999.250 -999.250
201.490 200.945 211.224 194.555 123.853 89.504 65.968 43.368 37.270 36.732 34.464 40.713 41.608 55.148 58.576 51.577 38.677 28.779 21.741 14.538 7.011 0.802 0.000 0.000 6.297 17.023 24.220 24.376 19.555 0.000 116.506 219.462 269.483 301.831 322.961 359.505 320.705 302.775 264.288 240.125 163.282 118.455 89.356 44.590 -999.250 -999.250 -999.250 -999.250 -999.250 -999.250 -999.250 -999.250 -999.250 -999.250 -999.250 -999.250 -999.250 -999.250 -999.250 -999.250 -999.250 -999.250 -999.250 -999.250 -999.250 -999.250 -999.250 -999.250
236.330 224.977 221.630 211.823 172.269 119.122 70.903 54.079 47.990 40.391 34.854 38.359 42.716 49.371 52.374 43.501 34.862 27.564 20.748 14.024 9.039 0.000 0.000 0.000 0.283 5.692 6.077 5.887 1.166 19.798 82.642 178.776 227.480 261.972 273.316 287.865 282.991 256.638 217.650 168.216 145.725 104.956 55.307 37.302 -999.250 -999.250 -999.250 -999.250 -999.250 -999.250 -999.250 -999.250 -999.250 -999.250 -999.250 -999.250 -999.250 -999.250 -999.250 -999.250 -999.250 -999.250 -999.250 -999.250 -999.250 -999.250 -999.250 -999.250
285.892 273.983 251.963 228.785 194.131 138.668 91.301 66.916 47.844 38.471 37.118 35.766 39.013 39.268 39.119 38.341 30.802 23.851 20.388 15.914 13.632 4.795 1.067 0.000 0.000 1.173 3.249 6.577 11.867 29.760 69.689 127.008 177.429 201.101 242.712 219.747 223.773 203.805 181.332 121.846 95.694 61.073 37.796 22.172 11.595 -999.250 -999.250 -999.250 -999.250 -999.250 -999.250 -999.250 -999.250 -999.250 -999.250 -999.250 -999.250 -999.250 -999.250 -999.250 -999.250 -999.250 -999.250 -999.250 -999.250 -999.250 -999.250 -999.250
291.812 306.822 286.387 256.257 192.846 149.824 100.891 75.314 50.079 43.084 32.115 30.848 32.743 33.590 35.950 29.590 28.582 25.600 20.696 20.940 17.207 12.239 8.591 2.203 3.642 3.067 7.561 10.852 20.847 35.326 68.310 96.121 142.370 212.679 192.331 203.683 181.373 151.317 146.822 83.269 54.016 17.908 16.221 15.508 6.258 0.000 -999.250 -999.250 -999.250 -999.250 -999.250 -999.250 -999.250 -999.250 -999.250 -999.250 -999.250 -999.250 -999.250 -999.250 -999.250 -999.250 -999.250 -999.250 -999.250 -999.250 -999.250 -999.250
319.298 368.950 302.892 251.762 199.310 161.736 108.314 70.183 48.883 37.719 32.151 26.502 23.889 24.250 28.906 22.555 26.028 24.684 25.835 25.441 22.964 16.842 16.732 13.332 11.993 13.591 16.840 17.347 28.140 42.004 65.975 89.697 114.206 163.548 187.061 170.215 140.932 121.465 100.703 73.318 43.612 21.145 13.973 8.719 0.000 0.000 -999.250 -999.250 -999.250 -999.250 -999.250 -999.250 -999.250 -999.250 -999.250 -999.250 -999.250 -999.250 -999.250 -999.250 -999.250 -999.250 -999.250 -999.250 -999.250 -999.250 -999.250 -999.250
298.154 302.678 288.307 230.732 194.118 163.437 98.129 61.840 39.751 33.084 26.537 22.961 20.916 20.320 24.252 19.797 24.613 29.361 28.390 31.442 24.769 21.027 19.943 16.422 21.657 22.894 24.017 25.371 38.303 42.838 56.218 77.218 91.988 136.753 154.897 153.084 127.528 104.099 84.099 65.806 42.202 26.355 15.026 7.539 1.234 0.000 -999.250 -999.250 -999.250 -999.250 -999.250 -999.250 -999.250 -999.250 -999.250 -999.250 -999.250 -999.250 -999.250 -999.250 -999.250 -999.250 -999.250 -999.250 -999.250 -999.250 -999.250 -999.250
271.546 277.371 264.227 218.378 164.332 111.669 77.270 58.494 33.763 24.787 24.359 21.901 17.660 17.738 17.181 17.673 21.150 26.970 33.264 37.065 30.274 26.986 22.824 26.655 30.123 28.406 28.028 37.708 41.598 50.646 64.120 78.124 83.879 115.061 154.599 154.998 124.402 115.643 101.174 68.081 46.008 23.511 16.525 12.175 2.574 0.000 0.000 0.000 -999.250 -999.250 -999.250 -999.250 -999.250 -999.250 -999.250 -999.250 -999.250 -999.250 -999.250 -999.250 -999.250 -999.250 -999.250 -999.250 -999.250 -999.250 -999.250 -999.250
248.797 252.044 235.150 192.679 155.543 114.885 76.942 43.991 21.336 20.064 18.394 16.385 13.806 15.379 14.026 14.970 15.747 19.833 26.234 31.126 27.881 28.011 26.591 31.437 35.595 43.357 45.853 46.034 55.753 61.740 69.752 87.511 108.292 133.104 140.456 151.240 132.581 109.221 88.334 70.345 43.908 32.123 18.762 14.166 5.316 1.033 0.000 0.000 -999.250 -999.250 -999.250 -999.250 -999.250 -999.250 -999.250 -999.250 -999.250 -999.250 -999.250 -999.250 -999.250 -999.250 -999.250 -999.250 -999.250 -999.250 -999.250 -999.250
207.445 195.794 180.506 156.555 132.709 90.634 61.647 41.174 26.298 18.335 12.639 9.116 11.285 10.001 10.068 9.628 12.785 16.271 19.802 23.816 26.983 29.765 33.925 36.417 46.017 52.047 56.464 61.105 62.706 63.767 74.844 84.919 116.708 150.353 165.845 145.822 125.370 128.210 94.935 69.535 51.352 31.846 20.603 14.346 10.350 1.238 0.000 -999.250 -999.250 -999.250 -999.250 -999.250 -999.250 -999.250 -999.250 -999.250 -999.250 -999.250 -999.250 -999.250 -999.250 -999.250 -999.250 -999.250 -999.250 -999.250 -999.250 -999.250
176.624 178.281 167.894 130.324 98.190 90.048 57.071 36.767 28.245 19.238 12.168 9.455 6.955 4.507 5.319 4.328 8.845 11.766 17.509 20.626 25.198 29.449 40.468 46.917 57.589 62.063 59.893 65.583 65.101 70.795 85.513 109.327 119.147 158.864 161.080 165.009 137.319 125.214 113.019 76.310 59.814 39.503 26.097 17.081 9.991 4.179 0.000 -999.250 -999.250 -999.250 -999.250 -999.250 -999.250 -999.250 -999.250 -999.250 -999.250 -999.250 -999.250 -999.250 -999.250 -999.250 -999.250 -999.250 -999.250 -999.250 -999.250 -999.250
134.408 148.380 136.283 132.539 105.644 67.300 51.270 40.557 25.214 21.965 15.461 9.194 3.579 1.123 1.445 2.143 3.538 6.270 11.834 18.368 25.331 33.524 43.835 53.586 72.754 74.484 77.649 68.944 71.405 76.425 86.160 97.934 135.905 152.526 191.477 172.102 167.506 150.502 123.041 88.474 68.539 49.171 29.210 19.228 15.682 5.474 1.728 -999.250 -999.250 -999.250 -999.250 -999.250 -999.250 -999.250 -999.250 -999.250 -999.250 -999.250 -999.250 -999.250 -999.250 -999.250 -999.250 -999.250 -999.250 -999.250 -999.250 -999.250
104.161 112.649 105.403 92.541 81.313 61.790 50.062 36.566 28.825 21.610 15.143 7.229 1.946 0.395 0.000 0.000 0.231 3.587 11.304 17.336 24.271 34.141 49.351 66.377 90.141 84.718 76.635 73.725 80.976 85.007 82.634 105.682 153.491 175.312 172.080 172.804 187.992 172.926 139.517 113.500 71.654 56.937 35.137 21.691 17.540 11.603 4.710 -999.250 -999.250 -999.250 -999.250 -999.250 -999.250 -999.250 -999.250 -999.250 -999.250 -999.250 -999.250 -999.250 -999.250 -999.250 -999.250 -999.250 -999.250 -999.250 -999.250 -999.250
89.459 99.751 79.032 67.838 65.965 54.985 48.245 33.225 26.306 20.390 14.288 8.633 4.859 0.000 0.000 0.000 0.000 0.000 9.892 16.810 19.459 30.487 43.361 63.670 69.534 67.486 70.872 74.670 80.138 82.720 73.017 111.272 136.398 170.855 181.501 173.069 181.505 156.988 140.151 115.680 80.412 61.428 43.662 26.475 20.981 12.302 12.442 -999.250 -999.250 -999.250 -999.250 -999.250 -999.250 -999.250 -999.250 -999.250 -999.250 -999.250 -999.250 -999.250 -999.250 -999.250 -999.250 -999.250 -999.250 -999.250 -999.250 -999.250
79.753 81.206 77.715 71.059 63.739 53.765 42.179 32.191 26.815 17.271 14.010 6.877 1.426 0.000 0.000 0.000 0.000 1.655 6.753 13.368 22.407 33.458 44.185 55.394 64.345 69.629 69.028 72.159 74.878 81.029 94.469 103.576 143.051 135.443 165.196 147.642 157.843 142.276 143.188 121.957 85.456 67.258 48.996 33.047 22.767 16.061 15.663 -999.250 -999.250 -999.250 -999.250 -999.250 -999.250 -999.250 -999.250 -999.250 -999.250 -999.250 -999.250 -999.250 -999.250 -999.250 -999.250 -999.250 -999.250 -999.250 -999.250 -999.250
68.624 73.215 68.061 68.886 65.939 63.755 45.079 35.614 30.000 19.512 10.890 4.295 0.879 1.427 0.000 0.132 1.693 6.507 10.219 13.959 20.397 27.739 37.747 49.672 56.232 59.313 60.516 71.394 65.051 70.488 88.621 121.087 126.878 122.256 130.186 151.598 149.968 136.150 137.733 108.542 84.931 68.465 49.812 42.850 25.691 21.478 18.657 -999.250 -999.250 -999.250 -999.250 -999.250 -999.250 -999.250 -999.250 -999.250 -999.250 -999.250 -999.250 -999.250 -999.250 -999.250 -999.250 -999.250 -999.250 -999.250 -999.250 -999.250
53.607 57.888 61.722 61.020 61.307 63.892 53.169 41.386 29.831 20.350 11.496 5.139 5.781 4.332 1.581 2.987 2.416 5.599 9.704 14.890 20.304 26.351 36.076 44.290 46.559 45.172 49.770 69.447 62.053 84.635 83.726 90.120 111.518 95.324 96.445 120.940 121.920 112.403 125.354 102.789 80.442 77.536 50.308 40.463 35.565 32.329 20.509 -999.250 -999.250 -999.250 -999.250 -999.250 -999.250 -999.250 -999.250 -999.250 -999.250 -999.250 -999.250 -999.250 -999.250 -999.250 -999.250 -999.250 -999.250 -999.250 -999.250 -999.250
40.857 44.373 52.055 59.528 58.634 69.360 69.633 56.280 46.657 25.204 10.620 5.691 9.038 10.455 6.828 4.769 6.788 8.078 12.539 15.577 20.482 27.127 34.941 40.955 41.363 46.347 47.127 54.934 66.736 71.266 75.623 82.225 83.180 91.867 93.746 104.458 97.691 96.600 110.564 98.031 87.852 75.477 57.668 48.023 39.618 34.817 28.930 23.762 -999.250 -999.250 -999.250 -999.250 -999.250 -999.250 -999.250 -999.250 -999.250 -999.250 -999.250 -999.250 -999.250 -999.250 -999.250 -999.250 -999.250 -999.250 -999.250 -999.250
37.753 46.066 47.146 64.309 74.077 96.134 102.456 85.288 73.132 45.461 14.055 17.359 19.523 15.703 11.724 13.333 11.910 12.305 15.971 18.836 23.734 27.593 33.883 38.597 40.626 44.109 50.810 48.500 59.501 57.880 59.149 77.676 75.677 83.577 76.772 98.228 103.602 94.254 87.723 95.945 85.414 74.716 72.477 55.879 42.005 37.764 31.858 25.589 -999.250 -999.250 -999.250 -999.250 -999.250 -999.250 -999.250 -999.250 -999.250 -999.250 -999.250 -999.250 -999.250 -999.250 -999.250 -999.250 -999.250 -999.250 -999.250 -999.250
34.764 39.075 53.177 63.246 77.121 102.462 140.576 138.755 122.510 90.871 66.389 44.966 32.612 33.229 22.863 16.423 15.690 15.797 17.164 22.580 26.783 32.261 34.074 37.304 36.907 37.863 41.049 49.801 50.339 47.730 48.904 61.184 75.223 77.840 80.641 92.624 96.178 93.126 109.082 85.874 89.076 77.263 65.713 58.875 41.919 35.874 31.732 27.491 -999.250 -999.250 -999.250 -999.250 -999.250 -999.250 -999.250 -999.250 -999.250 -999.250 -999.250 -999.250 -999.250 -999.250 -999.250 -999.250 -999.250 -999.250 -999.250 -999.250
37.784 43.943 59.696 79.065 122.388 147.007 177.098 200.416 182.906 161.235 112.557 74.834 56.606 44.279 34.511 24.529 18.884 16.849 19.696 26.397 32.929 37.582 38.186 35.833 38.149 39.923 38.188 44.731 45.548 42.946 49.609 48.275 59.650 62.282 76.150 84.707 80.243 87.933 88.660 81.287 71.307 76.395 62.742 55.526 44.916 38.209 32.463 26.347 -999.250 -999.250 -999.250 -999.250 -999.250 -999.250 -999.250 -999.250 -999.250 -999.250 -999.250 -999.250 -999.250 -999.250 -999.250 -999.250 -999.250 -999.250 -999.250 -999.250
39.839 49.864 69.320 88.902 137.306 165.899 210.507 240.731 255.723 223.354 192.446 117.443 88.188 78.868 58.942 41.474 22.085 24.242 26.554 32.828 38.121 40.658 43.303 42.220 39.705 46.170 43.062 45.214 42.597 46.231 50.467 50.780 61.496 65.490 76.348 82.602 76.166 76.799 76.417 77.488 70.418 67.266 64.666 55.994 40.270 38.426 34.305 -999.250 -999.250 -999.250 -999.250 -999.250 -999.250 -999.250 -999.250 -999.250 -999.250 -999.250 -999.250 -999.250 -999.250 -999.250 -999.250 -999.250 -999.250 -999.250 -999.250 -999.250
42.549 54.991 75.973 104.883 129.974 194.964 224.440 270.799 318.747 263.275 217.473 184.611 137.874 102.351 79.869 60.092 42.198 36.066 36.532 37.412 45.096 42.149 43.744 40.545 43.685 42.205 41.146 39.342 42.002 42.839 53.960 54.559 62.266 66.132 71.174 74.139 76.208 72.936 73.196 74.770 66.702 70.578 60.562 55.234 46.041 36.703 32.082 -999.250 -999.250 -999.250 -999.250 -999.250 -999.250 -999.250 -999.250 -999.250 -999.250 -999.250 -999.250 -999.250 -999.250 -999.250 -999.250 -999.250 -999.250 -999.250 -999.250 -999.250
39.238 50.462 73.845 106.870 133.385 191.000 220.140 260.233 288.301 259.238 223.546 192.500 153.144 123.414 103.739 68.730 59.442 53.187 45.537 41.736 43.104 43.415 44.900 50.081 44.189 45.360 48.067 40.860 38.739 38.510 47.816 45.628 53.296 57.594 69.344 64.666 70.095 63.325 65.244 59.552 58.187 58.805 47.090 43.250 46.907 37.148 -999.250 -999.250 -999.250 -999.250 -999.250 -999.250 -999.250 -999.250 -999.250 -999.250 -999.250 -999.250 -999.250 -999.250 -999.250 -999.250 -999.250 -999.250 -999.250 -999.250 -999.250 -999.250
39.555 42.180 65.407 83.960 106.321 171.702 204.765 233.252 241.072 239.110 225.236 191.580 161.371 118.280 120.318 90.209 70.858 65.965 49.987 48.551 46.589 45.999 53.666 58.045 40.817 44.463 40.918 39.046 32.807 36.725 35.503 43.634 47.482 57.922 51.208 49.840 64.982 63.395 48.160 52.189 52.317 46.860 40.614 44.548 45.535 34.174 -999.250 -999.250 -999.250 -999.250 -999.250 -999.250 -999.250 -999.250 -999.250 -999.250 -999.250 -999.250 -999.250 -999.250 -999.250 -999.250 -999.250 -999.250 -999.250 -999.250 -999.250 -999.250
39.127 46.942 59.669 73.639 93.880 154.727 175.352 212.583 208.029 211.441 193.921 173.244 164.280 143.491 129.511 112.474 82.800 69.548 66.439 51.247 57.076 53.047 54.279 42.000 44.012 42.860 37.140 29.567 25.225 23.095 33.656 39.717 44.458 42.408 44.871 42.217 47.130 57.187 49.976 46.889 48.884 47.797 45.162 41.777 38.537 35.397 26.790 21.696 -999.250 -999.250 -999.250 -999.250 -999.250 -999.250 -999.250 -999.250 -999.250 -999.250 -999.250 -999.250 -999.250 -999.250 -999.250 -999.250 -999.250 -999.250 -999.250 -999.250
44.426 45.492 51.153 61.662 79.229 130.810 144.853 154.916 191.016 193.769 180.228 160.067 148.614 145.985 118.862 106.111 84.830 74.739 66.409 59.227 63.598 48.834 47.956 43.101 47.153 37.143 36.245 31.018 25.468 25.701 29.514 34.091 38.073 42.436 40.404 38.445 42.823 40.336 45.500 44.196 46.842 54.442 43.056 40.382 37.074 31.882 29.639 26.162 -999.250 -999.250 -999.250 -999.250 -999.250 -999.250 -999.250 -999.250 -999.250 -999.250 -999.250 -999.250 -999.250 -999.250 -999.250 -999.250 -999.250 -999.250 -999.250 -999.250
