data/medianmodel_23-Feb-2021.asc
ncols	141
nrows	288
xllcorner	-120191.398
yllcorner	-301404.813
cellsize	2000.000
NODATA_value	-999.250
[rows 0 to 28 of 288, columns 65 to 129 of 141]
-999.250 -999.250 -999.250 -999.250 -999.250 -999.250 -999.250 -999.250 -999.250 -999.250 -999.250 -999.250 -999.250 -999.250 -999.250 -999.250 -999.250 -999.250 -999.250 -999.250 -999.250 -999.250 -999.250 -999.250 -999.250 -999.250 -999.250 -999.250 -999.250 -999.250 -999.250 -999.250 -999.250 -999.250 -999.250 -999.250 -999.250 -999.250 -999.250 -999.250 -999.250 -999.250 -999.250 -999.250 -999.250 -999.250 -999.250 -999.250 -999.250 -999.250 -999.250 -999.250 -999.250 -999.250 -999.250 -999.250 -999.250 -999.250 -999.250 -999.250 -999.250 -999.250 -999.250 -999.250 -999.250
-999.250 -999.250 -999.250 -999.250 -999.250 -999.250 -999.250 -999.250 -999.250 -999.250 -999.250 -999.250 -999.250 -999.250 -999.250 -999.250 -999.250 -999.250 -999.250 -999.250 -999.250 -999.250 -999.250 -999.250 -999.250 -999.250 -999.250 -999.250 -999.250 -999.250 -999.250 -999.250 -999.250 -999.250 -999.250 -999.250 -999.250 -999.250 -999.250 -999.250 -999.250 -999.250 -999.250 -999.250 -999.250 -999.250 -999.250 -999.250 -999.250 -999.250 -999.250 -999.250 -999.250 -999.250 -999.250 -999.250 -999.250 -999.250 -999.250 -999.250 -999.250 -999.250 -999.250 -999.250 -999.250
-999.250 -999.250 -999.250 -999.250 -999.250 -999.250 -999.250 -999.250 -999.250 -999.250 -999.250 -999.250 -999.250 -999.250 -999.250 -999.250 -999.250 -999.250 -999.250 -999.250 -999.250 -999.250 -999.250 -999.250 -999.250 -999.250 -999.250 -999.250 -999.250 -999.250 -999.250 -999.250 -999.250 -999.250 -999.250 -999.250 -999.250 -999.250 -999.250 -999.250 -999.250 -999.250 -999.250 -999.250 -999.250 -999.250 -999.250 -999.250 -999.250 -999.250 -999.250 -999.250 -999.250 -999.250 -999.250 -999.250 -999.250 -999.250 -999.250 -999.250 -999.250 -999.250 -999.250 -999.250 -999.250
-999.250 -999.250 -999.250 -999.250 -999.250 -999.250 -999.250 -999.250 -999.250 -999.250 -999.250 -999.250 -999.250 -999.250 -999.250 -999.250 -999.250 -999.250 -999.250 -999.250 -999.250 -999.250 -999.250 -999.250 -999.250 -999.250 -999.250 -999.250 -999.250 -999.250 -999.250 -999.250 -999.250 -999.250 -999.250 -999.250 -999.250 -999.250 -999.250 -999.250 -999.250 -999.250 -999.250 -999.250 -999.250 -999.250 -999.250 -999.250 -999.250 -999.250 -999.250 -999.250 -999.250 -999.250 -999.250 -999.250 -999.250 -999.250 -999.250 -999.250 -999.250 -999.250 -999.250 -999.250 -999.250
-999.250 -999.250 -999.250 -999.250 -999.250 -999.250 -999.250 -999.250 -999.250 -999.250 -999.250 -999.250 -999.250 -999.250 -999.250 -999.250 -999.250 -999.250 -999.250 -999.250 -999.250 -999.250 -999.250 -999.250 -999.250 -999.250 -999.250 -999.250 -999.250 -999.250 -999.250 -999.250 -999.250 -999.250 -999.250 -999.250 -999.250 -999.250 -999.250 -999.250 -999.250 -999.250 -999.250 -999.250 -999.250 -999.250 -999.250 -999.250 -999.250 -999.250 -999.250 -999.250 -999.250 -999.250 -999.250 -999.250 -999.250 -999.250 -999.250 -999.250 -999.250 -999.250 -999.250 -999.250 -999.250
-999.250 -999.250 -999.250 -999.250 -999.250 -999.250 -999.250 -999.250 -999.250 -999.250 -999.250 -999.250 -999.250 -999.250 -999.250 -999.250 -999.250 -999.250 -999.250 -999.250 -999.250 -999.250 -999.250 -999.250 -999.250 -999.250 -999.250 -999.250 -999.250 -999.250 -999.250 -999.250 -999.250 -999.250 -999.250 -999.250 -999.250 -999.250 -999.250 -999.250 -999.250 -999.250 -999.250 -999.250 -999.250 -999.250 -999.250 -999.250 -999.250 -999.250 -999.250 -999.250 -999.250 -999.250 -999.250 -999.250 -999.250 -999.250 -999.250 -999.250 -999.250 -999.250 -999.250 -999.250 -999.250
-999.250 -999.250 -999.250 -999.250 -999.250 -999.250 -999.250 -999.250 -999.250 -999.250 -999.250 -999.250 -999.250 -999.250 -999.250 -999.250 -999.250 -999.250 -999.250 -999.250 -999.250 -999.250 -999.250 -999.250 -999.250 -999.250 -999.250 -999.250 -999.250 -999.250 -999.250 -999.250 -999.250 -999.250 -999.250 -999.250 -999.250 -999.250 -999.250 -999.250 -999.250 -999.250 -999.250 -999.250 -999.250 -999.250 -999.250 -999.250 -999.250 -999.250 -999.250 -999.250 -999.250 -999.250 -999.250 -999.250 -999.250 -999.250 -999.250 -999.250 -999.250 -999.250 -999.250 -999.250 -999.250
-999.250 -999.250 -999.250 -999.250 -999.250 -999.250 -999.250 -999.250 -999.250 -999.250 -999.250 -999.250 -999.250 -999.250 -999.250 -999.250 -999.250 -999.250 -999.250 -999.250 -999.250 -999.250 -999.250 -999.250 -999.250 -999.250 -999.250 -999.250 -999.250 -999.250 -999.250 -999.250 -999.250 -999.250 -999.250 -999.250 -999.250 -999.250 -999.250 -999.250 -999.250 -999.250 -999.250 -999.250 -999.250 -999.250 -999.250 -999.250 -999.250 -999.250 -999.250 -999.250 -999.250 -999.250 -999.250 -999.250 -999.250 -999.250 -999.250 -999.250 -999.250 -999.250 -999.250 -999.250 -999.250
-999.250 -999.250 -999.250 -999.250 -999.250 -999.250 -999.250 -999.250 -999.250 -999.250 -999.250 -999.250 -999.250 -999.250 -999.250 -999.250 -999.250 -999.250 -999.250 -999.250 -999.250 -999.250 -999.250 -999.250 -999.250 -999.250 -999.250 -999.250 -999.250 -999.250 -999.250 -999.250 -999.250 -999.250 -999.250 -999.250 -999.250 -999.250 -999.250 -999.250 -999.250 -999.250 -999.250 -999.250 -999.250 -999.250 -999.250 -999.250 -999.250 120.977 -999.250 -999.250 -999.250 -999.250 -999.250 -999.250 -999.250 -999.250 -999.250 -999.250 -999.250 -999.250 -999.250 -999.250 -999.250
-999.250 -999.250 -999.250 -999.250 -999.250 -999.250 -999.250 -999.250 -999.250 -999.250 -999.250 -999.250 -999.250 -999.250 -999.250 -999.250 -999.250 -999.250 -999.250 -999.250 -999.250 -999.250 -999.250 -999.250 -999.250 -999.250 -999.250 -999.250 -999.250 -999.250 -999.250 -999.250 -999.250 -999.250 65.339 61.239 65.671 74.759 -999.250 -999.250 -999.250 -999.250 93.751 -999.250 -999.250 -999.250 -999.250 -999.250 -999.250 130.104 150.390 -999.250 -999.250 -999.250 -999.250 -999.250 -999.250 -999.250 -999.250 -999.250 -999.250 -999.250 -999.250 -999.250 -999.250
-999.250 -999.250 -999.250 -999.250 -999.250 -999.250 -999.250 -999.250 -999.250 -999.250 -999.250 -999.250 -999.250 -999.250 -999.250 -999.250 -999.250 -999.250 -999.250 -999.250 -999.250 -999.250 -999.250 -999.250 -999.250 -999.250 -999.250 -999.250 -999.250 -999.250 -999.250 -999.250 -999.250 -999.250 63.356 63.416 66.312 66.066 -999.250 -999.250 -999.250 86.359 92.984 100.644 -999.250 -999.250 -999.250 -999.250 -999.250 152.863 147.891 166.867 -999.250 -999.250 -999.250 -999.250 -999.250 -999.250 191.038 195.957 -999.250 -999.250 -999.250 -999.250 -999.250
-999.250 -999.250 -999.250 -999.250 -999.250 -999.250 -999.250 -999.250 -999.250 -999.250 -999.250 -999.250 -999.250 -999.250 -999.250 -999.250 -999.250 -999.250 -999.250 -999.250 -999.250 -999.250 -999.250 -999.250 -999.250 -999.250 -999.250 -999.250 -999.250 -999.250 -999.250 -999.250 -999.250 -999.250 58.277 54.823 61.845 69.691 75.517 82.177 83.934 89.071 92.231 104.689 105.145 116.870 129.874 132.320 149.399 159.699 167.472 161.853 187.247 182.206 193.384 197.264 196.946 190.716 191.127 199.649 -999.250 -999.250 -999.250 -999.250 -999.250
-999.250 -999.250 -999.250 -999.250 116.245 -999.250 -999.250 -999.250 -999.250 -999.250 -999.250 -999.250 -999.250 -999.250 -999.250 -999.250 -999.250 -999.250 -999.250 -999.250 -999.250 -999.250 -999.250 -999.250 -999.250 -999.250 -999.250 -999.250 -999.250 -999.250 -999.250 -999.250 -999.250 -999.250 58.229 66.437 61.120 65.754 69.165 78.472 82.809 83.949 99.845 101.570 107.660 120.220 125.853 138.929 147.345 156.149 168.440 175.652 190.104 191.945 186.790 197.092 221.341 203.810 199.697 209.702 -999.250 -999.250 -999.250 -999.250 -999.250
-999.250 -999.250 -999.250 -999.250 109.876 -999.250 -999.250 -999.250 -999.250 -999.250 -999.250 -999.250 114.740 -999.250 -999.250 -999.250 -999.250 -999.250 -999.250 -999.250 -999.250 -999.250 -999.250 -999.250 -999.250 -999.250 -999.250 -999.250 -999.250 -999.250 -999.250 -999.250 -999.250 -999.250 49.729 58.815 61.950 59.898 71.855 73.568 82.579 84.730 91.836 108.394 111.932 122.664 130.957 142.480 150.512 170.770 182.264 183.167 188.789 196.374 203.152 206.267 199.322 199.520 213.299 209.701 -999.250 -999.250 -999.250 -999.250 -999.250
-999.250 -999.250 -999.250 -999.250 111.285 -999.250 -999.250 -999.250 -999.250 103.896 111.655 113.537 122.150 122.532 -999.250 -999.250 -999.250 -999.250 -999.250 -999.250 -999.250 -999.250 -999.250 -999.250 -999.250 -999.250 -999.250 -999.250 -999.250 -999.250 -999.250 -999.250 -999.250 -999.250 53.031 48.271 63.614 60.563 65.861 66.372 76.333 83.626 91.148 96.493 109.550 119.594 127.631 138.066 146.107 170.822 180.965 190.563 195.415 200.560 200.387 202.520 201.180 211.753 193.488 209.504 204.707 -999.250 -999.250 -999.250 -999.250
-999.250 123.049 118.945 120.137 100.396 -999.250 -999.250 97.291 103.481 109.158 113.175 119.621 134.397 142.245 144.463 150.952 141.894 -999.250 -999.250 -999.250 -999.250 -999.250 -999.250 -999.250 -999.250 -999.250 -999.250 -999.250 -999.250 -999.250 -999.250 67.815 59.441 53.953 53.747 52.317 54.154 58.684 59.915 60.783 73.050 78.625 94.324 95.413 108.434 119.530 136.338 144.187 157.967 174.453 185.884 196.909 205.922 200.673 209.423 205.651 200.727 201.467 201.118 210.824 206.536 -999.250 -999.250 -999.250 -999.250
127.587 120.259 109.949 112.665 96.202 -999.250 89.296 101.372 105.059 105.898 120.969 131.856 138.864 150.052 162.483 168.528 -999.250 -999.250 -999.250 -999.250 -999.250 137.133 137.035 -999.250 -999.250 -999.250 107.737 -999.250 -999.250 71.932 74.887 62.964 65.315 60.905 55.384 51.804 53.679 54.762 55.489 58.221 63.607 69.831 80.054 94.095 106.938 119.884 130.612 143.863 157.736 170.764 182.452 198.653 203.830 205.981 198.484 199.746 204.802 200.983 203.249 198.025 200.018 -999.250 -999.250 -999.250 -999.250
124.074 120.986 111.766 98.783 90.075 87.008 86.372 91.868 102.373 117.337 123.332 130.369 149.184 164.016 170.437 175.498 -999.250 -999.250 162.990 148.215 146.541 149.677 143.404 132.120 -999.250 111.139 108.750 98.738 86.694 74.347 70.668 66.659 65.893 56.852 50.289 55.869 49.253 48.661 58.953 57.422 56.350 64.549 74.375 92.496 108.161 121.770 131.442 148.860 160.364 170.873 185.692 196.204 208.290 204.559 199.678 197.856 206.139 210.072 198.748 191.976 193.898 -999.250 -999.250 -999.250 -999.250
124.168 118.481 113.983 91.268 85.456 72.024 80.341 86.579 99.687 112.588 132.209 151.168 174.925 183.940 191.209 194.066 181.953 185.253 167.622 160.615 155.310 151.027 143.399 129.901 125.085 118.577 102.525 97.866 90.463 75.056 73.346 65.934 60.720 57.074 47.695 48.455 49.987 46.854 49.064 52.781 56.540 62.661 76.322 91.708 113.543 126.808 141.254 151.987 166.074 170.789 186.931 201.436 205.865 207.637 207.108 209.226 206.988 203.163 207.954 201.173 198.356 -999.250 -999.250 -999.250 -999.250
129.481 120.065 102.997 91.039 68.356 64.216 66.646 77.727 98.493 115.555 140.110 160.682 183.268 197.702 206.893 210.150 203.102 196.454 178.654 175.379 165.848 157.143 151.381 133.687 128.495 121.115 107.129 102.878 89.378 82.560 61.717 64.699 60.500 56.671 49.182 50.999 48.853 47.262 52.986 52.757 59.437 69.042 82.877 95.424 113.086 126.214 139.172 151.291 167.401 178.280 197.077 195.040 197.318 203.973 201.804 207.409 211.452 205.208 206.608 214.496 203.191 -999.250 -999.250 -999.250 -999.250
138.787 123.569 105.243 93.769 69.771 58.684 57.404 78.350 103.518 127.432 155.272 173.035 190.233 201.563 217.917 224.201 215.429 209.937 198.304 184.138 175.544 163.084 151.035 138.591 125.298 123.215 109.445 104.548 100.458 86.338 70.062 66.450 63.087 57.888 56.648 52.647 52.029 54.427 59.652 58.684 62.611 70.904 86.397 98.369 118.088 127.203 139.694 152.226 166.680 173.344 183.017 191.647 200.956 201.831 206.885 207.849 217.177 213.007 213.636 221.838 -999.250 -999.250 -999.250 -999.250 -999.250
144.137 125.996 114.126 95.717 79.504 59.942 44.459 78.945 104.417 137.865 165.510 196.046 208.456 233.932 235.635 240.095 230.091 214.722 210.363 203.213 186.411 169.089 149.963 137.118 128.875 121.806 108.386 99.326 94.512 85.210 68.533 63.995 62.379 57.502 53.847 53.615 55.221 58.217 62.263 69.039 70.019 76.721 85.430 101.276 125.659 128.024 133.350 155.225 156.681 173.597 186.259 183.696 194.834 198.114 207.646 218.684 217.515 212.746 224.336 212.573 -999.250 -999.250 -999.250 -999.250 -999.250
144.495 133.928 123.077 106.197 96.002 83.154 78.880 98.413 122.331 150.336 189.103 215.821 231.113 250.979 268.302 265.713 252.995 242.616 227.125 213.738 197.046 175.190 163.077 150.892 137.938 125.406 108.950 97.137 92.097 78.465 68.363 66.724 59.183 56.201 59.012 58.678 62.818 62.367 65.890 73.831 80.164 85.385 95.158 109.724 121.007 127.701 145.134 149.168 158.307 164.239 174.206 186.528 187.604 191.906 204.548 214.574 211.336 213.110 222.591 218.314 -999.250 -999.250 -999.250 -999.250 -999.250
158.696 154.939 137.923 122.829 117.206 111.097 111.195 124.468 145.049 185.247 208.862 226.921 258.956 283.166 303.489 302.153 287.536 272.377 255.453 229.536 206.485 185.625 165.076 154.176 140.091 134.255 115.070 98.545 95.579 80.097 72.382 66.330 62.694 66.914 67.104 66.867 68.145 66.582 71.325 84.848 85.248 94.080 105.208 115.237 124.892 133.872 141.804 148.639 169.916 164.679 169.340 184.074 195.091 189.671 206.753 212.059 211.904 212.323 214.083 212.503 -999.250 -999.250 -999.250 -999.250 -999.250
166.027 152.403 147.044 136.471 138.848 134.890 138.783 158.429 185.442 203.200 231.684 266.986 282.804 312.036 340.136 320.676 310.429 278.143 250.091 232.502 215.863 197.989 175.038 158.088 146.872 129.137 116.593 109.281 90.717 87.858 77.604 73.950 71.205 69.321 71.467 72.704 77.608 83.467 84.819 91.781 104.084 97.539 108.267 120.904 127.609 131.308 138.853 145.566 157.953 169.054 172.834 175.853 192.302 189.619 196.767 196.668 203.923 204.160 211.360 212.381 -999.250 -999.250 -999.250 -999.250 -999.250
174.831 160.434 154.728 152.989 153.925 167.000 167.870 196.008 203.850 221.743 252.300 277.766 299.615 318.128 331.161 329.715 306.661 291.188 258.093 240.540 224.612 202.020 191.087 162.000 147.686 127.118 115.250 103.627 95.059 85.191 79.021 78.608 80.846 77.681 85.813 84.284 91.626 87.754 91.552 101.299 105.869 105.606 116.336 118.612 124.006 131.520 140.915 148.550 160.550 160.897 170.800 179.626 187.418 183.053 196.825 195.055 212.996 210.644 214.790 215.693 208.462 -999.250 -999.250 -999.250 -999.250
174.144 163.304 161.643 164.863 172.575 177.929 186.938 199.697 213.643 230.398 254.683 280.385 304.310 315.811 319.617 325.359 306.510 294.847 271.408 252.225 222.395 202.866 184.128 166.918 154.606 137.211 117.639 99.890 89.869 82.963 85.938 85.961 84.028 90.567 88.086 94.586 101.459 98.696 101.713 104.695 107.050 108.376 119.653 119.658 126.576 127.239 140.813 150.781 151.794 166.581 172.667 178.664 183.884 187.429 190.883 196.297 197.656 213.213 210.654 214.898 208.540 209.635 -999.250 210.071 196.191
173.092 159.629 163.756 157.508 179.652 187.214 196.256 202.869 216.579 239.588 263.149 281.383 299.177 309.189 317.189 317.932 293.895 287.060 271.356 240.752 227.818 200.344 183.185 164.903 152.484 134.258 118.379 105.493 91.713 85.299 85.229 84.820 92.010 91.128 95.901 104.518 105.318 107.748 103.075 107.842 117.135 116.977 119.409 121.215 132.630 139.443 138.003 138.607 155.723 158.336 174.697 169.355 182.162 175.174 182.217 187.544 202.380 205.592 208.714 213.082 207.339 213.612 210.959 198.669 193.685
157.891 149.846 155.499 163.532 164.120 181.975 189.860 188.486 211.679 219.833 239.637 259.933 278.596 301.198 314.416 307.280 288.407 288.570 280.905 249.046 223.652 212.263 190.357 170.779 149.074 126.286 121.956 109.290 93.786 83.412 79.551 90.704 95.155 97.650 102.282 111.982 104.939 111.914 113.267 112.307 121.596 115.519 121.382 123.257 130.855 128.754 138.618 141.593 154.417 161.032 166.305 173.280 182.915 184.320 184.008 190.238 194.593 205.272 207.576 209.511 211.025 213.882 204.081 199.409 192.046
