data/medianmodel_18-Jul-2020.asc
ncols	141
nrows	288
xllcorner	-120191.398
yllcorner	-301404.813
cellsize	2000.000
NODATA_value	-999.250
[rows 217 to 247 of 288, columns 0 to 69 of 141]
-999.250 -999.250 -999.250 -999.250 -999.250 -999.250 -999.250 -999.250 -999.250 -999.250 -999.250 -999.250 -999.250 -999.250 -999.250 -999.250 -999.250 -999.250 -999.250 -999.250 -999.250 -999.250 -999.250 -999.250 -999.250 -999.250 -999.250 -999.250 -999.250 -999.250 -999.250 8.348 9.424 8.028 8.401 5.525 7.935 5.389 4.140 5.789 5.649 4.857 4.713 5.161 4.327 4.881 5.345 5.345 6.468 6.193 6.444 7.868 6.473 7.325 6.752 3.252 2.351 0.144 0.092 0.000 0.000 0.000 0.000 0.000 0.000 0.000 7.340 13.516 17.295 23.842
-999.250 -999.250 -999.250 -999.250 -999.250 -999.250 -999.250 -999.250 -999.250 -999.250 -999.250 -999.250 -999.250 -999.250 -999.250 -999.250 -999.250 -999.250 -999.250 -999.250 -999.250 -999.250 -999.250 -999.250 -999.250 -999.250 -999.250 -999.250 -999.250 -999.250 -999.250 9.760 9.677 8.064 8.490 7.734 8.786 8.293 6.189 8.136 7.962 9.269 6.998 6.367 5.545 5.465 7.115 7.490 7.452 7.309 9.599 10.006 8.772 7.331 7.468 6.381 4.921 5.142 3.119 2.868 3.443 3.225 2.353 2.914 4.298 7.269 11.757 18.709 27.977 33.303
-999.250 -999.250 -999.250 -999.250 -999.250 -999.250 -999.250 -999.250 -999.250 -999.250 -999.250 -999.250 -999.250 -999.250 -999.250 -999.250 -999.250 -999.250 -999.250 -999.250 -999.250 -999.250 -999.250 -999.250 -999.250 -999.250 -999.250 -999.250 -999.250 -999.250 -999.250 10.025 8.699 6.998 8.243 8.210 8.804 8.479 7.075 8.465 8.855 13.662 10.033 7.271 7.890 5.889 7.192 7.925 8.967 13.037 14.292 12.134 11.004 9.118 8.773 8.197 7.074 7.362 8.713 7.428 7.395 5.466 7.254 7.911 7.403 10.745 15.200 23.801 37.008 41.572
-999.250 -999.250 -999.250 -999.250 -999.250 -999.250 -999.250 -999.250 -999.250 -999.250 -999.250 -999.250 -999.250 -999.250 -999.250 -999.250 -999.250 -999.250 -999.250 -999.250 -999.250 -999.250 -999.250 -999.250 -999.250 -999.250 -999.250 -999.250 -999.250 -999.250 -999.250 9.938 9.482 9.201 8.749 8.075 6.981 7.463 7.319 8.602 8.462 10.106 9.128 8.540 8.107 8.583 7.340 10.114 10.317 12.276 13.434 12.844 13.317 11.835 11.801 11.450 10.796 11.816 11.930 10.304 8.923 10.436 9.793 9.537 11.295 12.854 18.189 31.582 41.760 49.585
-999.250 -999.250 -999.250 -999.250 -999.250 -999.250 -999.250 -999.250 -999.250 -999.250 -999.250 -999.250 -999.250 -999.250 -999.250 -999.250 -999.250 -999.250 -999.250 -999.250 -999.250 -999.250 -999.250 -999.250 -999.250 -999.250 -999.250 -999.250 -999.250 -999.250 -999.250 9.335 9.551 9.042 8.513 9.101 7.738 9.318 7.666 9.078 8.865 9.076 8.374 8.942 8.479 8.454 9.699 8.608 13.484 12.790 15.137 19.757 17.267 15.320 14.861 16.144 13.206 14.055 13.958 14.764 12.577 11.479 11.941 11.254 16.973 19.372 20.693 31.560 37.382 43.234
-999.250 -999.250 -999.250 -999.250 -999.250 -999.250 -999.250 -999.250 -999.250 -999.250 -999.250 -999.250 -999.250 -999.250 -999.250 -999.250 -999.250 -999.250 -999.250 -999.250 -999.250 -999.250 -999.250 -999.250 -999.250 -999.250 -999.250 -999.250 -999.250 -999.250 -999.250 8.323 8.613 10.728 9.506 9.323 10.115 8.653 9.029 9.204 9.098 8.665 7.358 8.000 9.316 9.453 9.547 10.476 10.930 16.342 16.420 18.017 18.786 16.170 16.537 18.234 17.384 16.253 16.139 16.400 17.963 14.985 17.311 14.455 17.476 20.811 24.317 30.860 36.530 44.280
-999.250 -999.250 -999.250 -999.250 -999.250 -999.250 -999.250 -999.250 -999.250 -999.250 -999.250 -999.250 -999.250 -999.250 -999.250 -999.250 -999.250 -999.250 -999.250 -999.250 -999.250 -999.250 -999.250 -999.250 -999.250 -999.250 -999.250 -999.250 -999.250 -999.250 10.159 9.872 10.297 9.777 9.348 11.224 13.238 10.427 10.225 8.379 8.875 9.391 9.169 8.563 9.589 8.576 11.521 14.768 18.871 15.974 18.096 16.916 18.361 20.938 18.023 22.247 30.551 22.667 26.767 25.690 20.106 16.346 15.668 15.480 21.858 25.890 25.265 28.030 29.931 29.899
-999.250 -999.250 -999.250 -999.250 -999.250 -999.250 -999.250 -999.250 -999.250 -999.250 -999.250 -999.250 -999.250 -999.250 -999.250 -999.250 -999.250 -999.250 -999.250 -999.250 -999.250 -999.250 -999.250 -999.250 -999.250 -999.250 -999.250 -999.250 -999.250 -999.250 9.849 12.241 11.753 9.778 12.084 11.118 10.327 10.261 11.173 9.868 11.362 8.419 10.720 9.072 8.954 11.138 12.518 13.910 16.934 18.945 26.878 26.800 26.082 19.060 29.801 30.057 28.462 35.844 32.605 27.404 21.191 18.978 15.718 18.034 18.217 19.221 22.557 25.775 24.112 27.184
-999.250 -999.250 -999.250 -999.250 -999.250 -999.250 -999.250 -999.250 -999.250 -999.250 -999.250 -999.250 -999.250 -999.250 -999.250 -999.250 -999.250 -999.250 -999.250 -999.250 -999.250 -999.250 -999.250 -999.250 -999.250 -999.250 -999.250 -999.250 -999.250 -999.250 11.611 11.459 11.711 13.870 13.116 14.378 13.136 13.190 11.757 9.689 10.271 11.562 12.341 8.731 9.371 12.428 13.451 12.910 18.133 20.645 26.570 29.252 29.488 35.455 41.664 41.111 39.273 36.450 34.860 27.435 27.378 21.374 15.613 17.826 15.103 17.129 17.818 21.735 21.660 17.744
-999.250 -999.250 -999.250 -999.250 -999.250 -999.250 -999.250 -999.250 -999.250 -999.250 -999.250 -999.250 -999.250 -999.250 -999.250 -999.250 -999.250 -999.250 -999.250 -999.250 -999.250 -999.250 -999.250 -999.250 -999.250 -999.250 -999.250 -999.250 -999.250 -999.250 12.058 12.883 12.322 13.201 12.175 12.202 16.196 12.449 11.909 12.424 10.698 10.437 9.477 8.487 9.977 12.252 13.025 14.717 20.042 23.970 25.959 28.904 32.009 33.477 37.065 38.200 43.284 45.624 41.309 29.885 26.743 23.117 15.767 17.739 15.623 16.441 17.707 13.397 17.287 16.741
-999.250 -999.250 -999.250 -999.250 -999.250 -999.250 -999.250 -999.250 -999.250 -999.250 -999.250 -999.250 -999.250 -999.250 -999.250 -999.250 -999.250 -999.250 -999.250 -999.250 -999.250 -999.250 -999.250 -999.250 -999.250 -999.250 -999.250 -999.250 -999.250 11.715 14.158 11.998 15.440 16.049 14.742 15.832 17.295 15.677 16.089 13.765 12.768 11.289 11.283 8.683 10.463 10.173 13.219 15.098 18.530 23.766 28.363 24.599 29.401 35.292 30.154 34.382 44.431 50.988 42.405 29.037 29.390 19.110 19.799 14.947 13.952 13.374 11.057 10.462 9.502 10.166
-999.250 -999.250 -999.250 -999.250 -999.250 -999.250 -999.250 -999.250 -999.250 -999.250 -999.250 -999.250 -999.250 -999.250 -999.250 -999.250 -999.250 -999.250 -999.250 -999.250 -999.250 -999.250 -999.250 -999.250 -999.250 -999.250 -999.250 -999.250 -999.250 14.075 13.690 12.272 14.875 16.198 16.481 20.288 21.989 21.758 17.168 15.329 11.068 11.337 9.667 8.293 9.284 11.802 11.459 10.546 17.407 19.920 21.361 28.169 36.915 37.212 30.196 31.119 38.757 37.806 35.351 26.023 21.517 22.099 17.814 12.878 10.974 8.975 8.323 7.574 6.841 4.650
-999.250 -999.250 -999.250 -999.250 -999.250 -999.250 -999.250 -999.250 -999.250 -999.250 -999.250 -999.250 -999.250 -999.250 -999.250 -999.250 -999.250 -999.250 -999.250 -999.250 -999.250 -999.250 -999.250 -999.250 -999.250 -999.250 -999.250 -999.250 13.237 18.902 15.830 19.093 22.169 20.215 20.514 20.249 27.787 20.977 18.543 15.526 12.636 11.106 10.298 9.240 10.675 9.866 10.557 13.497 17.336 23.768 20.811 25.364 30.431 34.559 33.003 30.056 31.555 30.166 28.152 22.653 17.618 16.972 14.941 9.877 9.524 7.847 5.745 2.644 1.956 0.316
-999.250 -999.250 -999.250 -999.250 -999.250 -999.250 -999.250 -999.250 -999.250 -999.250 -999.250 -999.250 -999.250 -999.250 -999.250 -999.250 -999.250 -999.250 -999.250 -999.250 -999.250 -999.250 -999.250 -999.250 -999.250 -999.250 -999.250 -999.250 20.525 20.287 22.197 22.917 21.602 21.546 18.266 21.347 23.281 18.412 18.193 14.813 13.827 13.924 9.333 9.683 9.468 9.762 10.152 11.138 17.314 21.378 21.779 21.215 25.483 26.589 26.741 25.249 24.814 20.600 19.664 21.004 15.396 14.856 12.946 9.599 7.964 6.170 3.102 1.402 0.000 0.000
-999.250 -999.250 -999.250 -999.250 -999.250 -999.250 -999.250 -999.250 -999.250 -999.250 -999.250 -999.250 -999.250 -999.250 -999.250 -999.250 -999.250 -999.250 -999.250 -999.250 -999.250 -999.250 -999.250 -999.250 -999.250 -999.250 -999.250 18.474 22.259 22.438 26.411 27.319 26.980 23.004 17.726 19.465 20.852 17.711 15.668 14.790 13.488 11.999 8.271 8.273 9.332 11.406 9.208 14.038 14.488 14.208 17.047 18.939 23.805 25.704 17.840 20.480 16.916 17.346 18.905 16.375 13.317 10.910 10.780 8.635 5.822 2.586 0.000 0.000 0.000 0.000
-999.250 -999.250 -999.250 -999.250 -999.250 -999.250 -999.250 -999.250 -999.250 -999.250 -999.250 -999.250 -999.250 -999.250 -999.250 -999.250 -999.250 -999.250 -999.250 -999.250 -999.250 -999.250 -999.250 -999.250 -999.250 -999.250 -999.250 24.351 26.784 26.351 26.737 36.456 26.624 22.875 17.331 16.854 17.066 15.707 13.911 10.675 11.305 14.217 12.137 10.003 8.956 10.648 11.652 12.249 11.570 11.423 12.092 13.439 17.088 18.807 14.053 14.145 13.815 13.799 14.411 12.167 10.707 7.832 6.677 5.469 3.706 0.094 0.000 0.000 0.000 0.000
-999.250 -999.250 -999.250 -999.250 -999.250 -999.250 -999.250 -999.250 -999.250 -999.250 -999.250 -999.250 -999.250 -999.250 -999.250 -999.250 -999.250 -999.250 -999.250 -999.250 -999.250 -999.250 -999.250 -999.250 -999.250 -999.250 -999.250 -999.250 25.431 26.493 29.768 31.344 26.463 21.013 16.512 17.179 14.961 14.045 13.306 11.921 12.038 12.319 12.948 12.129 9.358 10.406 10.295 11.521 10.688 10.859 11.041 9.531 11.976 12.235 10.853 10.281 10.062 10.876 9.188 9.170 7.477 5.509 2.908 2.501 0.198 0.000 0.000 0.000 0.000 0.000
-999.250 -999.250 -999.250 -999.250 -999.250 -999.250 -999.250 -999.250 -999.250 -999.250 -999.250 -999.250 -999.250 -999.250 -999.250 -999.250 -999.250 -999.250 -999.250 -999.250 -999.250 -999.250 -999.250 -999.250 -999.250 -999.250 -999.250 -999.250 -999.250 -999.250 25.121 32.807 25.463 20.296 16.272 14.902 15.473 13.866 11.324 12.597 12.065 10.452 14.923 9.938 10.670 10.138 8.734 10.413 8.092 8.193 7.438 8.169 9.878 9.611 7.970 6.811 5.199 6.183 5.205 4.902 4.168 2.387 0.824 0.000 0.000 0.000 0.000 0.000 0.000 0.000
-999.250 -999.250 -999.250 -999.250 -999.250 -999.250 -999.250 -999.250 -999.250 -999.250 -999.250 -999.250 -999.250 -999.250 -999.250 -999.250 -999.250 -999.250 -999.250 -999.250 -999.250 -999.250 -999.250 -999.250 -999.250 -999.250 -999.250 -999.250 -999.250 -999.250 23.674 22.522 22.761 21.325 18.391 17.934 14.311 12.495 11.160 11.341 13.132 9.919 8.930 11.501 10.767 9.475 7.862 8.054 8.718 8.756 6.656 7.922 8.137 8.500 6.315 5.718 3.934 2.198 2.098 0.390 0.000 0.000 0.000 0.000 0.000 0.000 0.000 0.000 0.000 0.000
-999.250 -999.250 -999.250 -999.250 -999.250 -999.250 -999.250 -999.250 -999.250 -999.250 -999.250 -999.250 -999.250 -999.250 -999.250 -999.250 -999.250 -999.250 -999.250 -999.250 -999.250 -999.250 -999.250 -999.250 -999.250 -999.250 -999.250 -999.250 -999.250 -999.250 16.047 19.702 16.672 16.979 18.974 14.492 14.221 13.910 13.686 13.156 11.284 11.538 8.029 10.494 8.805 9.390 7.648 7.124 7.013 5.272 4.359 4.219 6.319 4.327 2.823 1.902 0.252 0.334 0.000 0.000 0.000 0.000 0.000 0.000 0.000 0.000 0.000 0.000 0.000 0.000
-999.250 -999.250 -999.250 -999.250 -999.250 -999.250 -999.250 -999.250 -999.250 -999.250 -999.250 -999.250 -999.250 -999.250 -999.250 -999.250 -999.250 -999.250 -999.250 -999.250 -999.250 -999.250 -999.250 -999.250 -999.250 -999.250 -999.250 -999.250 -999.250 -999.250 -999.250 16.271 16.632 17.410 17.086 13.307 13.160 12.385 13.511 11.620 11.357 9.216 9.923 11.780 8.823 7.142 6.683 6.535 5.800 3.923 2.629 2.783 3.119 2.203 0.000 0.000 0.000 0.000 0.000 0.000 0.000 0.000 0.000 0.000 0.000 0.000 0.000 0.000 0.000 0.000
-999.250 -999.250 -999.250 -999.250 -999.250 -999.250 -999.250 -999.250 -999.250 -999.250 -999.250 -999.250 -999.250 -999.250 -999.250 -999.250 -999.250 -999.250 -999.250 -999.250 -999.250 -999.250 -999.250 -999.250 -999.250 -999.250 -999.250 -999.250 -999.250 -999.250 15.680 16.841 15.643 15.580 19.862 14.560 15.568 15.293 13.544 11.035 9.275 10.736 10.548 9.236 8.951 8.476 5.915 5.645 5.810 2.013 2.646 1.079 0.116 0.000 0.000 0.000 0.000 0.000 0.000 0.000 0.000 0.000 0.000 0.000 0.000 0.000 0.000 0.000 0.000 0.000
-999.250 -999.250 -999.250 -999.250 -999.250 -999.250 -999.250 -999.250 -999.250 -999.250 -999.250 -999.250 -999.250 -999.250 -999.250 -999.250 -999.250 -999.250 -999.250 -999.250 -999.250 -999.250 -999.250 -999.250 -999.250 -999.250 -999.250 -999.250 -999.250 -999.250 -999.250 15.381 18.129 17.198 16.936 15.752 15.571 14.811 10.453 10.344 9.910 10.116 9.467 8.752 8.763 6.330 6.036 4.813 2.364 1.539 1.027 0.000 0.000 0.000 0.000 0.000 0.000 0.000 0.000 0.000 0.000 0.000 0.000 0.000 0.000 0.000 0.000 0.000 0.000 0.000
-999.250 -999.250 -999.250 -999.250 -999.250 -999.250 -999.250 -999.250 -999.250 -999.250 -999.250 -999.250 -999.250 -999.250 -999.250 -999.250 -999.250 -999.250 -999.250 -999.250 -999.250 -999.250 -999.250 -999.250 -999.250 -999.250 -999.250 -999.250 -999.250 -999.250 13.806 13.680 16.287 14.082 14.891 15.269 13.761 15.306 12.978 10.901 11.617 10.946 8.060 8.839 9.136 6.216 4.946 3.634 3.981 1.941 0.724 0.000 0.000 0.000 0.000 0.000 0.000 0.000 0.000 0.000 0.000 0.000 0.000 0.000 0.000 0.000 0.000 0.000 0.000 0.000
-999.250 -999.250 -999.250 -999.250 -999.250 -999.250 -999.250 -999.250 -999.250 -999.250 -999.250 -999.250 -999.250 -999.250 -999.250 -999.250 -999.250 -999.250 -999.250 -999.250 -999.250 -999.250 -999.250 -999.250 -999.250 -999.250 -999.250 -999.250 -999.250 -999.250 14.889 11.240 13.182 16.490 14.704 14.384 12.937 12.016 14.898 11.241 11.776 10.457 9.667 8.740 8.146 5.544 4.563 3.022 2.141 0.535 0.000 0.000 0.000 0.000 0.000 0.000 0.000 0.000 0.000 0.000 0.000 0.000 0.000 0.000 0.000 0.000 0.000 0.000 0.000 0.000
-999.250 -999.250 -999.250 -999.250 -999.250 -999.250 -999.250 -999.250 -999.250 -999.250 -999.250 -999.250 -999.250 -999.250 -999.250 -999.250 -999.250 -999.250 -999.250 -999.250 -999.250 -999.250 -999.250 -999.250 -999.250 -999.250 -999.250 -999.250 -999.250 -999.250 12.614 10.836 12.299 12.511 14.788 13.358 13.086 11.857 12.891 10.266 8.766 8.317 8.554 7.829 6.645 4.760 3.617 3.397 2.520 1.131 0.142 0.000 0.000 0.000 0.000 0.000 0.000 0.000 0.000 0.000 0.000 0.000 0.000 0.000 0.000 0.000 0.000 0.000 0.000 0.000
-999.250 -999.250 -999.250 -999.250 -999.250 -999.250 -999.250 -999.250 -999.250 -999.250 -999.250 -999.250 -999.250 -999.250 -999.250 -999.250 -999.250 -999.250 -999.250 -999.250 -999.250 -999.250 -999.250 -999.250 -999.250 -999.250 -999.250 -999.250 -999.250 -999.250 13.403 12.680 12.773 13.537 13.206 15.282 14.078 12.445 12.000 10.233 8.524 8.526 7.350 6.112 7.959 6.128 5.088 3.271 3.516 1.325 0.946 0.000 0.000 0.000 0.000 0.000 0.000 0.000 0.000 0.000 0.000 0.000 0.000 0.000 0.000 0.000 0.000 0.000 0.000 0.000
-999.250 -999.250 -999.250 -999.250 -999.250 -999.250 -999.250 -999.250 -999.250 -999.250 -999.250 -999.250 -999.250 -999.250 -999.250 -999.250 -999.250 -999.250 -999.250 -999.250 -999.250 -999.250 -999.250 -999.250 -999.250 -999.250 -999.250 -999.250 -999.250 -999.250 12.991 13.695 11.457 11.825 13.369 13.869 11.884 10.112 10.345 9.917 7.175 7.531 7.045 6.701 7.903 5.290 4.261 3.405 1.382 2.326 0.178 0.000 0.000 0.000 0.000 0.000 0.000 0.000 0.000 0.000 0.000 0.000 0.000 0.000 0.000 0.000 0.000 0.000 0.253 0.000
-999.250 -999.250 -999.250 -999.250 -999.250 -999.250 -999.250 -999.250 -999.250 -999.250 -999.250 -999.250 -999.250 -999.250 -999.250 -999.250 -999.250 -999.250 -999.250 -999.250 -999.250 -999.250 -999.250 -999.250 -999.250 -999.250 -999.250 -999.250 -999.250 -999.250 -999.250 11.710 11.576 11.665 12.253 12.944 12.741 10.614 10.569 9.494 8.159 5.560 7.108 6.759 6.496 6.327 2.638 1.642 0.000 0.155 0.000 0.000 0.000 0.000 0.000 0.000 0.000 0.000 0.000 0.000 0.000 0.000 0.000 0.000 0.000 0.576 0.000 0.000 0.330 0.296
-999.250 -999.250 -999.250 -999.250 -999.250 -999.250 -999.250 -999.250 -999.250 -999.250 -999.250 -999.250 -999.250 -999.250 -999.250 -999.250 -999.250 -999.250 -999.250 -999.250 -999.250 -999.250 -999.250 -999.250 -999.250 -999.250 -999.250 -999.250 -999.250 -999.250 -999.250 12.802 13.516 12.426 12.315 10.480 12.119 12.075 9.085 9.062 7.212 6.299 6.222 6.853 6.974 6.294 3.995 2.833 2.591 0.000 0.000 0.000 0.000 0.000 0.000 0.000 0.000 0.000 0.000 0.000 0.000 0.000 0.000 0.884 2.617 0.678 1.535 0.694 2.269 1.097
-999.250 -999.250 -999.250 -999.250 -999.250 -999.250 -999.250 -999.250 -999.250 -999.250 -999.250 -999.250 -999.250 -999.250 -999.250 -999.250 -999.250 -999.250 -999.250 -999.250 -999.250 -999.250 -999.250 -999.250 -999.250 -999.250 -999.250 -999.250 -999.250 -999.250 12.548 13.714 11.950 14.131 11.794 13.296 11.878 11.622 11.805 9.387 9.104 7.798 7.931 7.807 5.786 4.605 4.611 1.761 0.602 0.007 0.000 0.000 0.000 0.000 0.000 0.000 0.000 0.000 0.000 0.000 0.000 0.339 1.553 3.869 3.842 2.891 3.140 5.968 5.805 3.781
