data/medianmodel_08-Jul-2020.asc
ncols	141
nrows	288
xllcorner	-120191.398
yllcorner	-301404.813
cellsize	2000.000
NODATA_value	-999.250
[rows 93 to 123 of 288, columns 0 to 68 of 141]
-999.250 -999.250 -999.250 -999.250 -999.250 -999.250 -999.250 -999.250 -999.250 -999.250 -999.250 -999.250 -999.250 -999.250 -999.250 -999.250 -999.250 -999.250 -999.250 -999.250 -999.250 -999.250 -999.250 -999.250 -999.250 -999.250 -999.250 -999.250 -999.250 -999.250 -999.250 0.000 0.000 0.000 0.000 0.000 2.729 11.055 16.548 21.935 35.362 41.361 51.101 46.397 34.534 21.004 11.006 6.777 1.877 0.000 0.000 0.000 0.000 0.000 0.000 0.000 0.000 0.000 0.000 0.000 0.000 0.000 0.000 0.000 0.000 0.000 0.000 0.000 0.000
-999.250 -999.250 -999.250 -999.250 -999.250 -999.250 -999.250 -999.250 -999.250 -999.250 -999.250 -999.250 -999.250 -999.250 -999.250 -999.250 -999.250 -999.250 -999.250 -999.250 -999.250 -999.250 -999.250 -999.250 -999.250 -999.250 -999.250 -999.250 -999.250 -999.250 -999.250 0.000 0.000 0.000 0.000 0.000 2.484 8.032 14.133 15.724 20.829 28.566 23.157 22.825 20.955 14.402 8.970 4.238 2.795 0.000 0.000 0.000 0.000 0.000 0.000 0.000 0.000 0.000 0.000 0.000 0.000 0.000 0.000 0.000 0.000 0.000 0.000 0.000 0.000
-999.250 -999.250 -999.250 -999.250 -999.250 -999.250 -999.250 -999.250 -999.250 -999.250 -999.250 -999.250 -999.250 -999.250 -999.250 -999.250 -999.250 -999.250 -999.250 -999.250 -999.250 -999.250 -999.250 -999.250 -999.250 -999.250 -999.250 -999.250 -999.250 -999.250 -999.250 0.000 0.000 0.000 0.000 0.000 0.335 5.992 10.456 12.326 15.772 16.815 21.338 20.935 15.253 12.398 9.712 5.016 0.018 0.000 0.000 0.000 0.000 0.000 0.000 0.000 0.000 0.000 0.000 0.000 0.000 0.000 0.000 0.000 0.000 0.000 0.000 0.000 0.000
-999.250 -999.250 -999.250 -999.250 -999.250 -999.250 -999.250 -999.250 -999.250 -999.250 -999.250 -999.250 -999.250 -999.250 -999.250 -999.250 -999.250 -999.250 -999.250 -999.250 -999.250 -999.250 -999.250 -999.250 -999.250 -999.250 -999.250 -999.250 -999.250 -999.250 0.000 0.000 0.000 0.000 0.000 0.000 0.294 3.221 5.981 10.181 11.960 14.564 14.350 12.749 13.117 13.434 10.893 5.924 1.554 0.000 0.000 0.000 0.000 0.000 0.000 0.000 0.000 0.000 0.000 0.000 0.000 0.000 0.000 0.000 0.000 0.000 0.000 0.000 0.000
-999.250 -999.250 -999.250 -999.250 -999.250 -999.250 -999.250 -999.250 -999.250 -999.250 -999.250 -999.250 -999.250 -999.250 -999.250 -999.250 -999.250 -999.250 -999.250 -999.250 -999.250 -999.250 -999.250 -999.250 -999.250 -999.250 -999.250 -999.250 -999.250 -999.250 0.000 0.000 0.000 0.000 0.000 0.000 0.000 0.581 6.434 6.460 7.157 10.528 11.478 9.641 11.102 13.332 15.065 8.324 4.196 0.000 0.000 0.000 0.000 0.000 0.000 0.000 0.000 0.000 0.000 0.000 0.000 0.000 0.000 0.000 0.000 0.000 0.000 0.000 0.000
-999.250 -999.250 -999.250 -999.250 -999.250 -999.250 -999.250 -999.250 -999.250 -999.250 -999.250 -999.250 -999.250 -999.250 -999.250 -999.250 -999.250 -999.250 -999.250 -999.250 -999.250 -999.250 -999.250 -999.250 -999.250 -999.250 -999.250 -999.250 -999.250 -999.250 0.000 0.000 0.000 0.000 0.000 0.000 0.000 0.000 2.265 2.873 6.553 6.594 8.782 6.775 9.926 10.261 9.636 6.736 1.998 0.000 0.000 0.000 0.000 0.000 0.000 0.000 0.000 0.000 0.000 0.000 0.000 0.000 0.000 0.000 0.000 0.000 0.000 0.000 0.000
-999.250 -999.250 -999.250 -999.250 -999.250 -999.250 -999.250 -999.250 -999.250 -999.250 -999.250 -999.250 -999.250 -999.250 -999.250 -999.250 -999.250 -999.250 -999.250 -999.250 -999.250 -999.250 -999.250 -999.250 -999.250 -999.250 -999.250 -999.250 -999.250 -999.250 0.000 0.000 0.000 0.000 0.000 0.000 0.000 0.000 0.000 1.651 5.713 4.595 5.006 5.643 8.268 7.652 6.846 4.653 2.452 0.000 0.000 0.000 0.000 0.000 0.000 0.000 0.000 0.000 0.000 0.000 0.000 0.000 0.000 0.000 0.000 0.000 0.000 0.000 0.000
-999.250 -999.250 -999.250 -999.250 -999.250 -999.250 -999.250 -999.250 -999.250 -999.250 -999.250 -999.250 -999.250 -999.250 -999.250 -999.250 -999.250 -999.250 -999.250 -999.250 -999.250 -999.250 -999.250 -999.250 -999.250 -999.250 -999.250 -999.250 -999.250 2.320 0.637 0.000 0.000 0.000 0.000 0.000 0.000 0.000 0.000 0.000 1.980 2.372 0.220 3.891 3.837 4.317 4.094 2.936 0.881 0.449 0.000 0.000 0.004 0.000 0.042 0.000 0.000 0.000 0.000 0.000 0.000 0.000 0.000 0.000 0.000 0.000 0.000 0.000 0.000
-999.250 -999.250 -999.250 -999.250 -999.250 -999.250 -999.250 -999.250 -999.250 -999.250 -999.250 -999.250 -999.250 -999.250 -999.250 -999.250 -999.250 -999.250 -999.250 -999.250 -999.250 -999.250 -999.250 -999.250 -999.250 -999.250 -999.250 -999.250 -999.250 2.087 0.527 0.000 0.000 0.000 0.000 0.000 0.000 0.000 0.000 0.000 0.000 0.000 0.000 0.302 0.000 1.437 1.554 1.557 1.384 0.401 0.420 1.054 2.793 3.986 1.666 0.093 0.000 0.000 0.000 0.000 0.000 0.000 0.000 0.000 0.000 0.000 0.000 0.000 0.000
-999.250 -999.250 -999.250 -999.250 -999.250 -999.250 -999.250 -999.250 -999.250 -999.250 -999.250 -999.250 -999.250 -999.250 -999.250 -999.250 -999.250 -999.250 -999.250 -999.250 -999.250 -999.250 -999.250 -999.250 -999.250 -999.250 -999.250 -999.250 -999.250 0.658 0.673 0.000 0.000 0.000 0.000 0.000 0.000 0.000 0.000 0.000 0.000 0.000 0.000 0.000 0.000 1.078 1.281 2.978 1.798 2.959 3.242 2.432 4.841 7.303 3.783 3.052 0.921 1.928 0.145 0.000 0.000 0.000 0.000 0.000 0.000 0.000 0.000 0.000 0.000
-999.250 -999.250 -999.250 -999.250 -999.250 -999.250 -999.250 -999.250 -999.250 -999.250 -999.250 -999.250 -999.250 -999.250 -999.250 -999.250 -999.250 -999.250 -999.250 -999.250 -999.250 -999.250 -999.250 -999.250 -999.250 -999.250 -999.250 -999.250 -999.250 0.388 0.000 0.000 0.000 0.000 0.000 0.000 0.000 0.000 0.000 0.000 0.000 0.000 0.000 0.000 0.000 0.024 2.067 3.247 4.366 5.836 4.963 4.701 6.266 6.833 5.658 4.477 2.875 2.098 2.738 0.000 0.000 0.000 0.000 0.000 0.000 0.000 0.395 2.152 0.000
-999.250 -999.250 -999.250 -999.250 -999.250 -999.250 -999.250 -999.250 -999.250 -999.250 -999.250 -999.250 -999.250 -999.250 -999.250 -999.250 -999.250 -999.250 -999.250 -999.250 -999.250 -999.250 -999.250 -999.250 -999.250 -999.250 -999.250 -999.250 0.000 0.000 0.000 0.000 0.000 0.000 0.000 0.000 0.000 0.000 0.000 0.000 0.000 0.000 0.000 0.000 0.000 0.788 2.665 5.892 5.321 5.170 5.573 6.667 8.275 6.890 6.304 4.798 3.306 2.472 1.800 0.118 0.000 0.000 0.000 0.000 1.624 2.025 2.578 3.763 2.614
-999.250 -999.250 -999.250 -999.250 -999.250 -999.250 -999.250 -999.250 -999.250 -999.250 -999.250 -999.250 -999.250 -999.250 -999.250 -999.250 -999.250 -999.250 -999.250 -999.250 -999.250 -999.250 -999.250 -999.250 -999.250 -999.250 -999.250 -999.250 0.000 0.000 0.000 0.000 0.000 0.000 0.000 0.000 0.000 0.000 0.000 0.000 0.000 0.000 0.000 0.045 1.183 3.639 7.454 6.595 6.194 5.338 7.300 7.758 8.689 7.319 7.900 6.824 4.186 2.842 0.972 0.000 0.000 0.000 0.384 1.474 2.318 3.795 5.917 5.545 6.451
-999.250 -999.250 -999.250 -999.250 -999.250 -999.250 -999.250 -999.250 -999.250 -999.250 -999.250 -999.250 -999.250 -999.250 -999.250 -999.250 -999.250 -999.250 -999.250 -999.250 -999.250 -999.250 -999.250 -999.250 -999.250 -999.250 -999.250 0.000 0.000 0.000 0.000 0.000 0.000 0.000 0.000 0.000 0.000 0.000 0.000 0.000 0.000 0.000 0.000 1.348 2.783 4.376 5.138 6.007 6.434 7.047 6.814 8.729 8.803 7.868 10.017 8.461 5.383 3.439 0.409 0.000 0.000 0.306 4.724 5.845 5.701 8.490 8.118 9.485 7.373
-999.250 -999.250 -999.250 -999.250 -999.250 -999.250 -999.250 -999.250 -999.250 -999.250 -999.250 -999.250 -999.250 -999.250 -999.250 -999.250 -999.250 -999.250 -999.250 -999.250 -999.250 -999.250 -999.250 -999.250 -999.250 -999.250 -999.250 0.000 0.000 0.000 0.000 0.000 0.000 0.000 0.000 0.000 0.000 0.000 0.000 0.000 0.000 0.000 0.000 0.300 2.875 3.155 4.792 5.804 6.227 5.944 7.313 7.975 8.736 10.592 14.411 10.038 5.335 3.530 1.364 0.000 0.000 0.255 4.129 9.079 8.584 10.546 12.235 12.755 11.709
-999.250 -999.250 -999.250 -999.250 -999.250 -999.250 -999.250 -999.250 -999.250 -999.250 -999.250 -999.250 -999.250 -999.250 -999.250 -999.250 -999.250 -999.250 -999.250 -999.250 -999.250 -999.250 -999.250 -999.250 -999.250 -999.250 -999.250 0.000 0.000 0.000 0.000 0.000 0.000 0.000 0.000 0.000 0.000 0.000 0.000 0.000 0.000 0.000 0.000 0.515 1.149 1.784 3.043 4.002 5.871 4.954 6.311 6.674 8.323 9.522 11.228 8.651 4.144 1.594 0.000 0.000 0.000 0.000 4.403 6.810 10.020 12.081 13.121 14.542 13.649
-999.250 -999.250 -999.250 -999.250 -999.250 -999.250 -999.250 -999.250 -999.250 -999.250 -999.250 -999.250 -999.250 -999.250 -999.250 -999.250 -999.250 -999.250 -999.250 -999.250 -999.250 -999.250 -999.250 -999.250 -999.250 -999.250 -999.250 0.000 0.000 0.000 1.702 0.000 0.000 0.000 0.000 0.000 0.000 0.000 0.000 0.000 0.000 0.000 0.414 0.663 0.133 1.910 1.397 3.329 4.911 4.997 5.184 6.132 8.689 6.453 8.036 6.252 2.312 0.767 0.000 0.000 0.000 0.184 3.344 6.136 11.108 13.920 14.594 19.745 18.060
-999.250 -999.250 -999.250 -999.250 -999.250 -999.250 -999.250 -999.250 -999.250 -999.250 -999.250 -999.250 -999.250 -999.250 -999.250 -999.250 -999.250 -999.250 -999.250 -999.250 -999.250 -999.250 -999.250 -999.250 -999.250 -999.250 -999.250 -999.250 0.000 0.000 0.000 0.000 0.000 0.000 0.000 0.000 0.000 0.000 0.000 0.000 0.000 0.000 0.276 0.000 0.327 0.000 0.738 3.569 4.491 5.772 5.426 8.518 8.723 6.438 5.668 4.068 2.386 0.000 0.000 0.000 0.000 0.083 5.105 8.716 12.597 14.354 19.431 21.538 25.818
-999.250 -999.250 -999.250 -999.250 -999.250 -999.250 -999.250 -999.250 -999.250 -999.250 -999.250 -999.250 -999.250 -999.250 -999.250 -999.250 -999.250 -999.250 -999.250 -999.250 -999.250 -999.250 -999.250 -999.250 -999.250 -999.250 -999.250 -999.250 0.000 0.220 0.290 0.000 0.000 0.348 0.000 0.000 0.000 0.000 0.000 0.000 0.095 0.000 0.000 0.000 0.000 0.000 0.000 0.000 4.047 6.498 7.739 7.463 9.615 5.256 6.131 4.662 1.206 0.000 0.000 0.000 0.000 0.000 4.204 11.214 14.350 16.697 20.910 28.722 32.580
-999.250 -999.250 -999.250 -999.250 -999.250 -999.250 -999.250 -999.250 -999.250 -999.250 -999.250 -999.250 -999.250 -999.250 -999.250 -999.250 -999.250 -999.250 -999.250 -999.250 -999.250 -999.250 -999.250 -999.250 -999.250 -999.250 -999.250 -999.250 0.000 0.368 0.004 0.000 0.636 0.033 0.340 0.000 0.499 0.537 0.313 0.000 0.000 0.000 0.000 0.000 0.000 0.000 0.000 0.000 3.281 5.462 8.394 11.296 9.967 10.217 7.017 5.828 1.505 0.000 0.000 0.000 0.000 0.000 5.676 10.645 12.369 18.748 25.465 35.240 45.580
-999.250 -999.250 -999.250 -999.250 -999.250 -999.250 -999.250 -999.250 -999.250 -999.250 -999.250 -999.250 -999.250 -999.250 -999.250 -999.250 -999.250 -999.250 -999.250 -999.250 -999.250 -999.250 -999.250 -999.250 -999.250 -999.250 -999.250 -999.250 0.418 0.000 0.000 0.118 0.177 0.005 0.521 0.103 0.528 2.372 1.451 0.573 1.190 0.000 0.000 0.000 0.000 0.000 0.000 0.000 1.298 5.112 10.693 15.738 13.228 10.479 6.690 3.294 0.455 0.000 0.000 0.000 0.000 0.000 3.533 8.113 12.138 19.122 31.127 40.541 58.215
-999.250 -999.250 -999.250 -999.250 -999.250 -999.250 -999.250 -999.250 -999.250 -999.250 -999.250 -999.250 -999.250 -999.250 -999.250 -999.250 -999.250 -999.250 -999.250 -999.250 -999.250 -999.250 -999.250 -999.250 -999.250 -999.250 -999.250 -999.250 0.000 0.666 0.000 0.000 0.157 0.194 0.788 1.523 2.825 3.817 3.588 3.447 1.010 0.000 0.000 0.000 0.000 0.000 0.000 0.000 0.000 3.517 8.762 12.390 11.413 10.849 9.106 5.490 0.959 0.000 0.000 0.000 0.000 0.000 0.945 8.000 13.534 19.599 24.070 40.330 54.105
-999.250 -999.250 -999.250 -999.250 -999.250 -999.250 -999.250 -999.250 -999.250 -999.250 -999.250 -999.250 -999.250 -999.250 -999.250 -999.250 -999.250 -999.250 -999.250 -999.250 -999.250 -999.250 -999.250 -999.250 -999.250 -999.250 -999.250 0.871 0.507 0.053 1.337 0.679 0.529 0.667 1.344 2.982 3.744 5.607 6.134 5.841 0.769 0.000 0.000 0.000 0.000 0.000 0.000 0.000 0.000 0.629 6.453 11.394 11.963 13.448 12.344 7.655 1.205 0.000 0.000 0.000 0.000 0.000 2.043 7.370 13.195 16.463 26.862 40.887 55.666
-999.250 -999.250 -999.250 -999.250 -999.250 -999.250 -999.250 -999.250 -999.250 -999.250 -999.250 -999.250 -999.250 -999.250 -999.250 -999.250 -999.250 -999.250 -999.250 -999.250 -999.250 -999.250 -999.250 -999.250 -999.250 -999.250 -999.250 2.213 0.487 1.764 1.651 3.417 3.064 3.900 4.340 6.295 6.655 5.446 4.656 3.341 1.041 0.000 0.000 0.000 0.000 0.000 0.000 0.000 0.000 0.000 5.866 12.716 15.705 18.029 19.786 12.768 4.034 0.000 0.000 0.000 0.000 0.000 0.015 5.662 13.038 17.076 21.387 35.827 47.447
-999.250 -999.250 -999.250 -999.250 -999.250 -999.250 -999.250 -999.250 -999.250 -999.250 -999.250 -999.250 -999.250 -999.250 -999.250 -999.250 -999.250 -999.250 -999.250 -999.250 -999.250 -999.250 -999.250 -999.250 -999.250 -999.250 -999.250 3.565 1.672 2.735 3.176 4.071 5.509 5.670 5.350 6.063 5.499 5.853 3.402 1.697 0.000 0.000 0.000 0.000 0.000 0.000 0.000 0.000 0.000 0.000 10.133 14.679 22.228 24.088 25.617 17.898 8.146 0.000 0.000 0.000 0.000 0.000 0.000 4.572 11.813 16.064 24.020 28.575 41.983
-999.250 -999.250 -999.250 -999.250 -999.250 -999.250 -999.250 -999.250 -999.250 -999.250 -999.250 -999.250 -999.250 -999.250 -999.250 -999.250 -999.250 -999.250 -999.250 -999.250 -999.250 -999.250 -999.250 -999.250 -999.250 -999.250 3.518 2.401 1.981 2.312 3.890 3.646 5.920 7.614 8.901 8.916 6.965 6.124 5.588 1.284 0.000 0.000 0.000 0.000 0.000 0.000 0.000 0.000 0.000 6.479 16.643 26.316 31.915 37.990 34.781 23.371 11.323 0.339 0.000 0.000 0.000 0.000 0.000 0.730 8.533 13.808 19.784 26.303 30.812
-999.250 -999.250 -999.250 -999.250 -999.250 -999.250 -999.250 -999.250 -999.250 -999.250 -999.250 -999.250 -999.250 -999.250 -999.250 -999.250 -999.250 -999.250 -999.250 -999.250 -999.250 -999.250 -999.250 -999.250 -999.250 -999.250 4.079 2.780 1.666 4.572 4.214 5.562 6.160 7.952 9.208 9.072 9.201 8.765 5.750 1.206 0.000 0.000 0.000 0.000 0.000 0.000 0.000 0.000 7.216 14.846 27.082 41.707 52.193 62.989 49.783 38.775 13.080 5.409 0.000 0.000 0.000 0.000 0.000 0.000 5.219 11.073 15.279 20.487 30.965
-999.250 -999.250 -999.250 -999.250 -999.250 -999.250 -999.250 -999.250 -999.250 -999.250 -999.250 -999.250 -999.250 -999.250 -999.250 -999.250 -999.250 -999.250 -999.250 -999.250 -999.250 -999.250 -999.250 -999.250 -999.250 -999.250 5.303 4.790 3.906 5.360 4.560 6.562 7.497 8.116 8.584 8.985 8.962 10.439 8.998 4.745 0.000 0.000 0.000 0.000 0.000 0.000 0.000 0.520 9.691 24.310 35.269 59.230 75.542 80.542 70.267 50.218 26.607 9.303 0.000 0.000 0.000 0.000 0.000 0.000 0.704 6.580 11.597 16.672 25.412
-999.250 -999.250 -999.250 -999.250 -999.250 -999.250 -999.250 -999.250 -999.250 -999.250 -999.250 -999.250 -999.250 -999.250 -999.250 -999.250 -999.250 -999.250 -999.250 -999.250 -999.250 -999.250 -999.250 -999.250 -999.250 6.509 7.310 6.448 6.270 5.662 5.743 7.175 6.814 8.806 9.115 9.708 12.328 12.116 12.426 6.963 1.872 0.000 0.000 0.000 0.000 0.000 0.000 0.136 13.155 30.458 48.431 86.522 95.355 105.994 90.895 66.609 35.368 13.954 0.000 0.000 0.000 0.000 0.000 0.000 0.000 1.880 8.175 15.671 20.749
-999.250 -999.250 -999.250 -999.250 -999.250 -999.250 -999.250 -999.250 -999.250 -999.250 -999.250 -999.250 -999.250 -999.250 -999.250 -999.250 -999.250 -999.250 -999.250 -999.250 -999.250 -999.250 -999.250 -999.250 -999.250 6.162 6.928 6.964 5.446 6.980 7.554 8.249 8.555 11.326 11.319 11.937 11.789 13.621 13.254 8.548 2.116 0.000 0.000 0.000 0.000 0.000 0.000 0.000 16.002 41.213 71.510 92.261 117.789 120.394 116.300 83.503 62.971 33.464 14.393 6.155 0.772 0.000 0.000 0.000 0.000 0.000 5.547 12.296 18.551
-999.250 -999.250 -999.250 -999.250 -999.250 -999.250 -999.250 -999.250 -999.250 -999.250 -999.250 -999.250 -999.250 -999.250 -999.250 -999.250 -999.250 -999.250 -999.250 -999.250 -999.250 -999.250 -999.250 -999.250 -999.250 7.377 8.317 7.556 5.940 7.364 6.773 9.121 10.233 13.239 13.335 13.530 13.944 15.643 19.432 9.947 2.809 0.000 0.000 0.000 0.000 0.000 0.000 7.333 23.054 60.564 82.664 113.922 132.970 140.213 138.113 125.494 92.872 56.232 25.712 13.350 6.894 0.024 0.000 0.000 0.000 0.000 2.818 9.602 15.451
