data/medianmodel_05-Sep-2020.asc
ncols	141
nrows	288
xllcorner	-120191.398
yllcorner	-301404.813
cellsize	2000.000
NODATA_value	-999.250
[rows 93 to 123 of 288, columns 0 to 68 of 141]
-999.250 -999.250 -999.250 -999.250 -999.250 -999.250 -999.250 -999.250 -999.250 -999.250 -999.250 -999.250 -999.250 -999.250 -999.250 -999.250 -999.250 -999.250 -999.250 -999.250 -999.250 -999.250 -999.250 -999.250 -999.250 -999.250 -999.250 -999.250 -999.250 -999.250 -999.250 0.000 0.000 0.000 0.000 0.000 0.000 0.000 0.103 2.674 3.981 5.611 7.217 8.263 10.249 12.679 18.343 15.285 13.813 12.555 12.254 13.165 10.566 9.404 11.570 12.504 19.245 20.139 21.509 27.611 27.527 20.215 16.627 9.461 5.397 1.294 0.532 0.000 1.190
-999.250 -999.250 -999.250 -999.250 -999.250 -999.250 -999.250 -999.250 -999.250 -999.250 -999.250 -999.250 -999.250 -999.250 -999.250 -999.250 -999.250 -999.250 -999.250 -999.250 -999.250 -999.250 -999.250 -999.250 -999.250 -999.250 -999.250 -999.250 -999.250 -999.250 -999.250 0.000 0.000 0.000 0.000 0.000 0.000 2.358 4.636 6.202 7.527 8.129 8.004 8.788 9.944 10.776 11.945 11.360 11.467 10.089 10.517 10.931 10.779 10.233 10.260 14.155 17.847 24.112 29.408 37.470 35.564 31.060 21.150 12.470 7.057 1.726 0.000 0.000 0.000
-999.250 -999.250 -999.250 -999.250 -999.250 -999.250 -999.250 -999.250 -999.250 -999.250 -999.250 -999.250 -999.250 -999.250 -999.250 -999.250 -999.250 -999.250 -999.250 -999.250 -999.250 -999.250 -999.250 -999.250 -999.250 -999.250 -999.250 -999.250 -999.250 -999.250 -999.250 0.000 0.000 0.000 0.000 0.000 4.187 3.839 8.787 10.293 12.975 11.814 10.857 10.199 10.423 7.352 7.843 8.689 8.523 6.665 6.392 4.991 5.470 5.792 9.177 12.263 16.099 22.680 34.614 46.938 44.065 37.613 25.462 17.237 8.202 2.714 0.000 0.000 0.000
-999.250 -999.250 -999.250 -999.250 -999.250 -999.250 -999.250 -999.250 -999.250 -999.250 -999.250 -999.250 -999.250 -999.250 -999.250 -999.250 -999.250 -999.250 -999.250 -999.250 -999.250 -999.250 -999.250 -999.250 -999.250 -999.250 -999.250 -999.250 -999.250 -999.250 0.000 0.000 0.000 0.000 0.000 1.955 5.138 8.951 11.268 13.934 15.723 16.633 14.677 9.462 8.873 7.421 6.188 4.681 6.033 4.190 2.110 2.086 3.067 2.903 5.063 8.060 10.876 20.212 39.820 57.405 47.717 36.561 24.666 17.402 8.231 3.947 0.000 0.000 0.000
-999.250 -999.250 -999.250 -999.250 -999.250 -999.250 -999.250 -999.250 -999.250 -999.250 -999.250 -999.250 -999.250 -999.250 -999.250 -999.250 -999.250 -999.250 -999.250 -999.250 -999.250 -999.250 -999.250 -999.250 -999.250 -999.250 -999.250 -999.250 -999.250 -999.250 0.000 0.000 0.000 0.000 1.923 4.193 8.060 12.565 13.411 19.950 20.721 21.560 19.030 11.242 9.870 7.684 5.022 2.216 1.547 1.371 0.000 0.000 0.000 0.000 0.810 2.141 5.654 11.902 24.881 40.797 39.632 31.792 23.603 14.740 7.800 3.545 0.000 0.000 0.000
-999.250 -999.250 -999.250 -999.250 -999.250 -999.250 -999.250 -999.250 -999.250 -999.250 -999.250 -999.250 -999.250 -999.250 -999.250 -999.250 -999.250 -999.250 -999.250 -999.250 -999.250 -999.250 -999.250 -999.250 -999.250 -999.250 -999.250 -999.250 -999.250 -999.250 0.000 0.000 0.022 2.601 3.100 8.812 10.631 16.335 20.039 26.247 30.471 29.426 22.835 18.838 12.801 7.668 4.245 0.782 0.700 0.029 0.000 0.000 0.000 0.000 0.000 0.000 0.000 0.000 13.504 25.548 28.094 26.432 19.419 13.575 8.797 3.163 0.191 0.000 0.000
-999.250 -999.250 -999.250 -999.250 -999.250 -999.250 -999.250 -999.250 -999.250 -999.250 -999.250 -999.250 -999.250 -999.250 -999.250 -999.250 -999.250 -999.250 -999.250 -999.250 -999.250 -999.250 -999.250 -999.250 -999.250 -999.250 -999.250 -999.250 -999.250 -999.250 0.000 1.208 1.155 3.490 6.361 8.355 12.931 17.662 24.040 36.176 42.844 32.736 25.238 18.683 15.700 9.932 5.845 3.664 1.919 0.000 0.000 0.000 0.000 0.000 0.000 0.000 0.000 0.000 8.658 15.289 19.336 19.015 17.457 10.282 8.657 5.692 2.362 0.000 0.000
-999.250 -999.250 -999.250 -999.250 -999.250 -999.250 -999.250 -999.250 -999.250 -999.250 -999.250 -999.250 -999.250 -999.250 -999.250 -999.250 -999.250 -999.250 -999.250 -999.250 -999.250 -999.250 -999.250 -999.250 -999.250 -999.250 -999.250 -999.250 -999.250 0.000 0.000 2.782 2.039 4.923 6.510 8.971 13.900 17.085 22.754 29.587 33.845 33.220 24.602 17.465 13.236 9.672 7.606 3.806 4.489 0.378 0.000 0.000 0.000 0.000 0.000 0.000 0.000 0.000 6.361 9.480 13.021 11.855 12.892 9.225 5.884 4.267 4.196 0.076 0.000
-999.250 -999.250 -999.250 -999.250 -999.250 -999.250 -999.250 -999.250 -999.250 -999.250 -999.250 -999.250 -999.250 -999.250 -999.250 -999.250 -999.250 -999.250 -999.250 -999.250 -999.250 -999.250 -999.250 -999.250 -999.250 -999.250 -999.250 -999.250 -999.250 0.000 0.797 1.885 4.310 5.981 7.154 8.808 11.334 16.294 19.693 23.004 23.313 24.210 21.164 19.054 15.455 12.588 9.634 6.544 5.618 1.567 0.578 0.000 0.000 0.000 0.000 0.000 0.000 0.000 3.821 6.193 8.585 8.685 10.134 7.690 5.663 4.941 5.131 2.003 1.707
-999.250 -999.250 -999.250 -999.250 -999.250 -999.250 -999.250 -999.250 -999.250 -999.250 -999.250 -999.250 -999.250 -999.250 -999.250 -999.250 -999.250 -999.250 -999.250 -999.250 -999.250 -999.250 -999.250 -999.250 -999.250 -999.250 -999.250 -999.250 -999.250 0.821 0.446 1.622 4.816 4.905 7.903 8.210 10.077 13.752 15.154 18.757 19.650 19.468 18.908 18.538 16.193 12.183 11.613 10.181 6.943 3.614 2.392 0.470 0.000 0.000 0.000 0.000 0.000 0.000 2.341 4.084 8.134 8.636 8.091 7.945 9.146 6.641 6.189 3.808 4.021
-999.250 -999.250 -999.250 -999.250 -999.250 -999.250 -999.250 -999.250 -999.250 -999.250 -999.250 -999.250 -999.250 -999.250 -999.250 -999.250 -999.250 -999.250 -999.250 -999.250 -999.250 -999.250 -999.250 -999.250 -999.250 -999.250 -999.250 -999.250 -999.250 2.051 2.588 2.942 3.576 4.763 3.975 6.723 8.814 9.322 11.210 12.894 13.572 14.369 17.227 18.859 15.896 15.268 14.045 13.253 9.718 5.563 2.050 0.000 0.000 0.000 0.000 0.000 0.000 0.000 2.441 5.381 7.232 8.695 9.056 7.932 8.428 8.516 7.337 6.608 5.615
-999.250 -999.250 -999.250 -999.250 -999.250 -999.250 -999.250 -999.250 -999.250 -999.250 -999.250 -999.250 -999.250 -999.250 -999.250 -999.250 -999.250 -999.250 -999.250 -999.250 -999.250 -999.250 -999.250 -999.250 -999.250 -999.250 -999.250 -999.250 2.222 1.929 2.035 4.493 1.273 3.207 4.264 5.042 7.375 6.523 7.837 11.218 12.110 13.137 12.426 15.905 16.391 19.252 18.494 15.866 11.626 7.200 4.441 0.016 0.000 0.000 0.000 0.000 0.000 0.000 1.214 4.664 6.503 9.593 10.370 9.928 11.618 11.470 10.301 8.423 7.624
-999.250 -999.250 -999.250 -999.250 -999.250 -999.250 -999.250 -999.250 -999.250 -999.250 -999.250 -999.250 -999.250 -999.250 -999.250 -999.250 -999.250 -999.250 -999.250 -999.250 -999.250 -999.250 -999.250 -999.250 -999.250 -999.250 -999.250 -999.250 2.881 3.962 5.233 3.813 3.649 1.926 1.901 4.193 3.516 2.597 6.262 7.199 9.320 9.555 11.194 15.554 16.859 18.817 23.851 16.980 11.184 9.088 5.357 1.423 0.000 0.000 0.000 0.000 0.000 0.000 1.006 2.684 6.734 10.211 11.523 11.667 14.031 12.522 10.668 10.182 9.047
-999.250 -999.250 -999.250 -999.250 -999.250 -999.250 -999.250 -999.250 -999.250 -999.250 -999.250 -999.250 -999.250 -999.250 -999.250 -999.250 -999.250 -999.250 -999.250 -999.250 -999.250 -999.250 -999.250 -999.250 -999.250 -999.250 -999.250 1.977 2.688 4.538 4.554 5.852 3.139 3.211 3.607 1.465 0.127 1.363 3.965 3.506 7.241 9.091 10.444 12.980 15.925 16.701 17.483 15.140 11.783 6.962 4.854 2.015 0.000 0.000 0.000 0.000 0.000 0.000 0.000 3.698 6.059 9.163 15.691 18.312 18.649 14.240 11.078 9.595 8.661
-999.250 -999.250 -999.250 -999.250 -999.250 -999.250 -999.250 -999.250 -999.250 -999.250 -999.250 -999.250 -999.250 -999.250 -999.250 -999.250 -999.250 -999.250 -999.250 -999.250 -999.250 -999.250 -999.250 -999.250 -999.250 -999.250 -999.250 4.530 5.699 7.572 5.848 6.346 5.454 4.422 4.304 4.649 3.305 1.545 2.628 3.613 7.239 6.656 10.881 12.041 12.197 15.480 16.394 12.016 10.293 7.971 5.225 2.304 0.000 0.000 0.000 0.000 0.000 0.000 0.000 1.776 6.676 10.832 18.224 27.238 20.811 14.111 9.350 8.488 5.840
-999.250 -999.250 -999.250 -999.250 -999.250 -999.250 -999.250 -999.250 -999.250 -999.250 -999.250 -999.250 -999.250 -999.250 -999.250 -999.250 -999.250 -999.250 -999.250 -999.250 -999.250 -999.250 -999.250 -999.250 -999.250 -999.250 -999.250 3.843 7.150 8.984 10.140 7.954 6.430 5.230 4.265 4.898 2.293 2.127 2.826 4.958 7.907 8.163 9.408 11.158 11.644 12.332 13.031 10.315 9.374 8.550 4.830 2.691 0.342 0.000 0.000 0.000 0.000 0.000 0.000 1.014 4.008 8.591 13.061 15.907 15.496 12.425 10.607 8.056 5.390
-999.250 -999.250 -999.250 -999.250 -999.250 -999.250 -999.250 -999.250 -999.250 -999.250 -999.250 -999.250 -999.250 -999.250 -999.250 -999.250 -999.250 -999.250 -999.250 -999.250 -999.250 -999.250 -999.250 -999.250 -999.250 -999.250 -999.250 7.490 8.714 10.484 15.320 11.443 7.465 7.511 4.313 2.948 4.010 3.931 4.471 7.027 7.601 8.460 10.271 10.478 10.958 13.491 11.499 11.944 9.620 6.627 3.753 3.272 0.000 0.000 0.000 0.000 0.000 0.000 0.000 0.000 1.968 4.806 10.091 10.089 10.501 9.070 7.857 5.322 4.837
-999.250 -999.250 -999.250 -999.250 -999.250 -999.250 -999.250 -999.250 -999.250 -999.250 -999.250 -999.250 -999.250 -999.250 -999.250 -999.250 -999.250 -999.250 -999.250 -999.250 -999.250 -999.250 -999.250 -999.250 -999.250 -999.250 -999.250 -999.250 9.233 10.316 12.173 9.667 8.710 6.181 4.941 4.487 5.237 5.754 6.800 7.088 8.637 9.883 11.433 11.814 14.074 12.449 11.798 11.930 6.538 5.605 3.970 1.770 0.000 0.000 0.000 0.000 0.000 0.000 0.000 0.000 0.000 0.348 4.794 5.368 6.853 5.804 4.670 4.635 2.482
-999.250 -999.250 -999.250 -999.250 -999.250 -999.250 -999.250 -999.250 -999.250 -999.250 -999.250 -999.250 -999.250 -999.250 -999.250 -999.250 -999.250 -999.250 -999.250 -999.250 -999.250 -999.250 -999.250 -999.250 -999.250 -999.250 -999.250 -999.250 9.740 8.991 9.715 10.369 10.055 7.800 5.792 4.155 4.869 6.190 7.144 8.496 9.248 10.192 12.707 13.989 13.787 15.514 12.878 8.876 7.348 4.384 0.285 0.000 0.000 0.000 1.294 2.550 1.704 1.041 0.000 0.000 0.000 0.000 0.868 3.126 4.032 2.830 1.110 2.143 0.137
-999.250 -999.250 -999.250 -999.250 -999.250 -999.250 -999.250 -999.250 -999.250 -999.250 -999.250 -999.250 -999.250 -999.250 -999.250 -999.250 -999.250 -999.250 -999.250 -999.250 -999.250 -999.250 -999.250 -999.250 -999.250 -999.250 -999.250 -999.250 7.996 9.508 10.384 9.302 9.811 6.703 6.443 5.792 6.149 8.018 7.621 9.029 9.949 12.228 14.515 16.517 16.822 17.870 15.927 10.596 6.366 3.130 0.000 0.000 0.000 0.000 1.904 5.828 2.079 0.038 0.000 0.000 0.000 0.000 0.607 0.000 1.286 1.064 0.893 0.010 0.000
-999.250 -999.250 -999.250 -999.250 -999.250 -999.250 -999.250 -999.250 -999.250 -999.250 -999.250 -999.250 -999.250 -999.250 -999.250 -999.250 -999.250 -999.250 -999.250 -999.250 -999.250 -999.250 -999.250 -999.250 -999.250 -999.250 -999.250 -999.250 7.165 9.622 10.359 8.734 8.959 6.906 7.806 7.237 7.442 9.691 10.968 11.482 12.963 12.935 14.329 18.640 17.933 22.557 14.286 8.910 5.198 1.462 0.000 0.000 0.000 0.000 0.570 2.215 1.208 0.337 0.000 0.000 0.000 0.000 0.000 0.000 0.394 0.251 2.876 1.477 0.000
-999.250 -999.250 -999.250 -999.250 -999.250 -999.250 -999.250 -999.250 -999.250 -999.250 -999.250 -999.250 -999.250 -999.250 -999.250 -999.250 -999.250 -999.250 -999.250 -999.250 -999.250 -999.250 -999.250 -999.250 -999.250 -999.250 -999.250 -999.250 8.704 9.325 10.283 8.787 7.513 8.447 9.103 8.726 10.337 11.312 12.100 14.724 14.031 14.711 15.269 15.289 14.002 16.826 10.641 6.929 2.776 0.000 0.000 0.000 0.000 0.000 0.000 0.000 0.000 0.000 0.000 0.000 0.000 0.000 0.000 0.078 1.201 1.120 5.290 3.920 4.731
-999.250 -999.250 -999.250 -999.250 -999.250 -999.250 -999.250 -999.250 -999.250 -999.250 -999.250 -999.250 -999.250 -999.250 -999.250 -999.250 -999.250 -999.250 -999.250 -999.250 -999.250 -999.250 -999.250 -999.250 -999.250 -999.250 -999.250 8.279 8.636 10.393 9.903 10.388 9.122 8.359 10.215 10.114 11.679 11.657 12.794 17.523 15.789 13.680 14.594 13.392 11.791 9.385 6.556 5.365 2.541 0.000 0.000 0.000 0.000 0.000 0.000 0.000 0.000 0.000 0.000 0.000 0.000 0.000 0.000 1.077 2.227 3.994 6.519 8.294 8.001
-999.250 -999.250 -999.250 -999.250 -999.250 -999.250 -999.250 -999.250 -999.250 -999.250 -999.250 -999.250 -999.250 -999.250 -999.250 -999.250 -999.250 -999.250 -999.250 -999.250 -999.250 -999.250 -999.250 -999.250 -999.250 -999.250 -999.250 7.470 6.681 9.864 9.790 9.679 7.800 10.656 10.389 10.452 12.596 12.578 12.531 15.389 13.612 12.645 11.832 11.236 9.271 8.011 4.349 0.028 0.000 0.000 0.000 0.000 0.000 0.000 0.000 0.000 0.000 0.000 0.000 0.000 0.000 0.000 1.097 4.651 6.381 6.127 8.780 12.732 14.113
-999.250 -999.250 -999.250 -999.250 -999.250 -999.250 -999.250 -999.250 -999.250 -999.250 -999.250 -999.250 -999.250 -999.250 -999.250 -999.250 -999.250 -999.250 -999.250 -999.250 -999.250 -999.250 -999.250 -999.250 -999.250 -999.250 -999.250 8.248 6.170 9.286 10.569 9.617 9.538 11.884 11.116 10.002 12.040 12.598 12.261 13.475 13.074 10.547 10.836 10.647 7.157 3.010 0.000 0.000 0.000 0.000 0.000 0.000 0.000 0.000 0.000 0.000 0.000 0.000 0.000 0.000 0.000 0.000 0.352 4.113 6.654 10.390 12.063 16.816 19.915
-999.250 -999.250 -999.250 -999.250 -999.250 -999.250 -999.250 -999.250 -999.250 -999.250 -999.250 -999.250 -999.250 -999.250 -999.250 -999.250 -999.250 -999.250 -999.250 -999.250 -999.250 -999.250 -999.250 -999.250 -999.250 -999.250 8.684 8.119 8.101 8.833 9.311 12.617 11.686 12.587 12.513 14.814 13.730 12.943 14.390 14.200 14.484 10.118 9.634 8.179 5.814 2.705 0.000 0.000 0.000 0.000 0.000 0.000 0.000 0.000 0.000 0.000 0.000 0.000 0.000 0.000 0.000 0.000 4.115 6.403 9.994 13.167 17.830 23.105 25.478
-999.250 -999.250 -999.250 -999.250 -999.250 -999.250 -999.250 -999.250 -999.250 -999.250 -999.250 -999.250 -999.250 -999.250 -999.250 -999.250 -999.250 -999.250 -999.250 -999.250 -999.250 -999.250 -999.250 -999.250 -999.250 -999.250 6.001 9.315 10.245 10.637 9.937 13.208 13.470 12.129 14.298 13.897 14.476 14.053 14.371 13.853 11.341 10.589 9.345 7.295 4.718 2.228 0.000 0.000 0.000 0.000 0.000 0.000 0.000 0.000 0.000 0.000 0.000 0.000 0.000 0.000 0.000 0.417 4.631 6.804 12.358 17.621 21.474 27.252 35.951
-999.250 -999.250 -999.250 -999.250 -999.250 -999.250 -999.250 -999.250 -999.250 -999.250 -999.250 -999.250 -999.250 -999.250 -999.250 -999.250 -999.250 -999.250 -999.250 -999.250 -999.250 -999.250 -999.250 -999.250 -999.250 -999.250 9.205 8.652 11.158 11.886 11.375 12.449 13.184 12.828 11.882 13.797 13.284 14.862 13.230 13.331 11.386 10.006 8.153 5.412 3.966 0.000 0.000 0.000 0.000 0.000 0.000 0.000 0.000 0.000 0.000 0.000 0.000 0.000 0.000 0.000 0.000 1.642 4.829 9.788 15.541 21.592 29.589 39.189 44.824
-999.250 -999.250 -999.250 -999.250 -999.250 -999.250 -999.250 -999.250 -999.250 -999.250 -999.250 -999.250 -999.250 -999.250 -999.250 -999.250 -999.250 -999.250 -999.250 -999.250 -999.250 -999.250 -999.250 -999.250 -999.250 7.604 7.885 9.081 9.547 13.987 13.805 16.456 14.159 13.871 14.133 13.216 14.108 15.230 15.158 13.701 12.431 9.909 10.006 5.898 2.675 0.000 0.000 0.000 0.000 0.000 0.000 0.000 0.004 1.682 0.536 0.000 0.000 0.000 0.000 0.000 0.000 1.226 5.245 9.880 18.129 24.646 34.911 42.185 51.925
-999.250 -999.250 -999.250 -999.250 -999.250 -999.250 -999.250 -999.250 -999.250 -999.250 -999.250 -999.250 -999.250 -999.250 -999.250 -999.250 -999.250 -999.250 -999.250 -999.250 -999.250 -999.250 -999.250 -999.250 -999.250 7.916 8.598 9.315 12.415 14.168 13.646 14.618 14.281 12.525 14.277 13.484 15.945 16.765 16.962 13.660 13.741 11.021 8.017 4.867 1.006 0.000 0.000 0.000 0.000 0.000 0.000 0.959 2.478 4.712 3.281 0.215 0.000 0.000 0.000 0.000 0.000 1.192 4.913 11.504 17.865 23.514 34.222 44.405 51.598
-999.250 -999.250 -999.250 -999.250 -999.250 -999.250 -999.250 -999.250 -999.250 -999.250 -999.250 -999.250 -999.250 -999.250 -999.250 -999.250 -999.250 -999.250 -999.250 -999.250 -999.250 -999.250 -999.250 -999.250 -999.250 5.920 7.071 7.713 11.128 14.069 14.543 14.130 15.295 14.590 15.786 14.402 14.413 17.714 21.375 14.465 12.259 9.568 7.691 4.214 2.249 0.000 0.000 0.000 0.000 0.000 0.000 2.867 4.245 6.932 5.862 3.176 1.308 0.000 0.000 0.000 0.000 2.100 6.112 10.922 18.328 23.528 34.379 43.796 53.655
