data/medianmodel_02-May-2020.asc
ncols	141
nrows	288
xllcorner	-120191.398
yllcorner	-301404.813
cellsize	2000.000
NODATA_value	-999.250
[rows 93 to 123 of 288, columns 69 to 137 of 141]
8.177 13.203 17.255 24.356 21.558 23.589 27.169 28.765 29.417 23.952 21.754 22.121 19.282 16.163 12.060 6.465 6.661 6.641 5.353 5.941 5.559 3.607 6.335 2.991 4.541 5.943 8.461 7.485 8.841 12.148 8.978 7.323 9.890 6.866 7.191 9.097 9.740 7.718 8.799 11.467 9.510 10.589 7.842 7.054 6.968 -999.250 -999.250 -999.250 -999.250 -999.250 -999.250 -999.250 -999.250 -999.250 -999.250 -999.250 -999.250 -999.250 -999.250 -999.250 -999.250 -999.250 -999.250 -999.250 -999.250 -999.250 -999.250 -999.250 -999.250
8.139 11.581 17.615 21.870 20.288 24.269 24.634 22.267 23.811 17.422 16.638 17.759 13.863 12.938 10.256 4.414 2.403 3.071 2.117 4.757 3.662 2.856 1.913 5.749 5.523 6.815 7.064 7.462 7.060 10.492 9.761 8.923 9.739 8.180 7.664 11.412 10.107 10.962 10.978 6.534 9.547 10.850 8.261 9.377 8.110 -999.250 -999.250 -999.250 -999.250 -999.250 -999.250 -999.250 -999.250 -999.250 -999.250 -999.250 -999.250 -999.250 -999.250 -999.250 -999.250 -999.250 -999.250 -999.250 -999.250 -999.250 -999.250 -999.250 -999.250
8.510 9.139 14.924 14.941 16.947 17.308 17.073 17.626 17.286 12.836 12.272 9.928 7.995 5.934 5.991 1.889 0.000 0.124 0.092 0.724 2.251 2.031 4.502 5.460 4.055 3.625 9.268 7.112 7.086 10.166 6.126 9.655 10.246 8.924 8.880 12.250 11.715 10.520 9.264 9.104 12.124 10.302 11.953 12.073 10.160 -999.250 -999.250 -999.250 -999.250 -999.250 -999.250 -999.250 -999.250 -999.250 -999.250 -999.250 -999.250 -999.250 -999.250 -999.250 -999.250 -999.250 -999.250 -999.250 -999.250 -999.250 -999.250 -999.250 -999.250
7.733 9.733 12.132 12.765 11.683 13.776 13.972 14.773 11.643 8.816 4.498 5.095 7.191 4.433 3.313 0.496 0.000 0.000 0.233 0.166 2.728 1.558 2.595 3.791 3.014 6.782 7.006 6.761 8.479 8.476 10.024 10.114 10.434 13.578 10.802 12.305 9.342 11.769 10.907 10.608 9.413 7.309 11.246 8.587 9.539 10.253 -999.250 -999.250 -999.250 -999.250 -999.250 -999.250 -999.250 -999.250 -999.250 -999.250 -999.250 -999.250 -999.250 -999.250 -999.250 -999.250 -999.250 -999.250 -999.250 -999.250 -999.250 -999.250 -999.250
10.331 10.293 12.634 13.751 11.740 10.993 12.521 11.660 9.347 6.528 3.037 3.515 2.727 2.394 2.076 0.263 0.000 1.209 0.694 1.367 2.665 1.818 2.788 1.730 2.232 2.351 6.079 8.076 8.371 11.978 10.972 10.872 11.891 10.366 10.579 9.932 8.539 10.133 9.683 10.668 9.606 8.637 8.965 11.356 10.843 7.687 9.317 -999.250 -999.250 -999.250 -999.250 -999.250 -999.250 -999.250 -999.250 -999.250 -999.250 -999.250 -999.250 -999.250 -999.250 -999.250 -999.250 -999.250 -999.250 -999.250 -999.250 -999.250 -999.250
10.672 10.302 14.788 11.855 11.590 9.971 10.004 9.225 9.248 5.219 3.439 3.435 1.351 2.919 1.008 0.028 2.447 1.385 2.669 2.341 2.234 4.532 3.387 0.977 0.000 2.473 3.754 3.904 9.177 8.622 11.712 11.339 11.585 13.453 12.415 10.877 9.648 9.760 11.974 10.537 10.455 11.598 10.705 8.801 13.273 7.919 11.220 3.024 -999.250 -999.250 -999.250 -999.250 -999.250 -999.250 -999.250 -999.250 -999.250 -999.250 -999.250 -999.250 -999.250 -999.250 -999.250 -999.250 -999.250 -999.250 -999.250 -999.250 -999.250
11.054 14.166 13.895 15.582 13.595 9.405 9.121 10.161 6.883 3.804 3.810 3.405 0.864 3.107 2.565 2.318 4.212 3.612 4.164 3.566 3.697 2.928 2.811 1.976 1.014 1.729 3.688 4.244 3.827 6.276 7.811 11.441 12.574 12.128 10.822 9.447 9.596 11.204 12.235 11.335 9.025 10.807 10.547 10.168 9.509 6.359 4.385 -999.250 -999.250 -999.250 -999.250 -999.250 -999.250 -999.250 -999.250 -999.250 -999.250 -999.250 -999.250 -999.250 -999.250 -999.250 -999.250 -999.250 -999.250 -999.250 -999.250 -999.250 -999.250
14.237 13.382 13.859 15.839 12.993 11.131 9.060 8.337 6.451 7.992 6.370 6.257 4.463 3.385 4.292 4.333 5.473 3.261 4.656 5.739 4.763 5.012 4.801 2.933 2.107 3.666 2.906 5.486 7.871 6.873 7.846 9.540 11.392 13.857 9.623 7.876 8.243 11.317 11.201 10.563 9.487 13.577 13.138 12.078 10.735 6.848 6.408 2.802 -999.250 -999.250 -999.250 -999.250 -999.250 -999.250 -999.250 -999.250 -999.250 -999.250 -999.250 -999.250 -999.250 -999.250 -999.250 -999.250 -999.250 -999.250 -999.250 -999.250 -999.250
14.502 12.906 16.226 10.978 13.026 12.303 11.803 10.209 7.651 8.573 9.199 7.396 7.724 6.815 6.345 4.506 5.975 6.450 4.937 4.695 5.600 6.629 4.969 4.871 3.495 4.605 4.363 5.638 5.555 5.961 7.128 9.515 9.931 8.683 8.937 7.496 7.800 11.101 9.839 8.784 10.381 9.248 12.296 11.000 10.132 4.037 -999.250 -999.250 -999.250 -999.250 -999.250 -999.250 -999.250 -999.250 -999.250 -999.250 -999.250 -999.250 -999.250 -999.250 -999.250 -999.250 -999.250 -999.250 -999.250 -999.250 -999.250 -999.250 -999.250
13.418 8.219 10.111 10.961 12.655 13.042 12.272 11.685 7.839 7.294 8.166 6.808 8.347 7.411 8.999 6.911 5.031 5.816 2.871 5.116 4.520 4.069 4.300 5.195 5.492 6.442 5.316 4.608 6.474 6.112 7.133 8.601 10.166 9.590 6.444 6.348 8.191 9.721 10.518 9.554 8.825 11.878 11.614 8.324 7.872 -999.250 -999.250 -999.250 -999.250 -999.250 -999.250 -999.250 -999.250 -999.250 -999.250 -999.250 -999.250 -999.250 -999.250 -999.250 -999.250 -999.250 -999.250 -999.250 -999.250 -999.250 -999.250 -999.250 -999.250
11.526 10.367 10.867 12.520 13.977 13.463 12.335 8.009 6.862 9.242 8.525 7.493 11.457 7.342 8.202 7.788 6.135 6.072 4.275 5.467 6.694 6.773 7.974 5.287 6.846 6.973 5.496 6.067 6.781 5.767 9.474 8.711 9.157 8.220 7.227 8.656 8.698 9.019 9.723 8.593 7.889 9.094 12.811 10.977 5.991 -999.250 -999.250 -999.250 -999.250 -999.250 -999.250 -999.250 -999.250 -999.250 -999.250 -999.250 -999.250 -999.250 -999.250 -999.250 -999.250 -999.250 -999.250 -999.250 -999.250 -999.250 -999.250 -999.250 -999.250
10.922 8.522 8.542 9.968 12.879 11.310 10.763 10.994 9.259 6.616 8.674 9.486 8.960 9.265 8.172 8.025 8.338 8.103 5.923 6.330 6.423 5.450 6.789 7.921 7.635 7.535 6.017 8.579 6.449 6.104 5.422 7.103 8.938 6.778 5.421 5.479 7.559 7.287 7.376 7.969 8.552 9.392 10.309 10.606 -999.250 -999.250 -999.250 -999.250 -999.250 -999.250 -999.250 -999.250 -999.250 -999.250 -999.250 -999.250 -999.250 -999.250 -999.250 -999.250 -999.250 -999.250 -999.250 -999.250 -999.250 -999.250 -999.250 -999.250 -999.250
10.111 10.604 11.154 9.656 7.381 8.349 9.391 11.585 8.824 8.465 8.749 8.600 7.857 8.550 7.148 6.798 5.112 5.996 5.235 6.820 7.173 5.323 6.487 8.467 8.611 7.782 6.545 5.145 6.406 4.297 7.991 5.215 7.680 8.267 4.684 5.755 5.546 7.365 6.613 6.017 -999.250 -999.250 -999.250 -999.250 -999.250 -999.250 -999.250 -999.250 -999.250 -999.250 -999.250 -999.250 -999.250 -999.250 -999.250 -999.250 -999.250 -999.250 -999.250 -999.250 -999.250 -999.250 -999.250 -999.250 -999.250 -999.250 -999.250 -999.250 -999.250
13.908 10.157 7.980 8.436 6.430 7.852 10.442 9.405 10.041 8.309 9.837 8.355 7.491 7.589 8.826 5.800 5.514 8.061 8.533 7.011 7.888 7.328 6.248 7.216 8.115 7.005 6.675 6.885 6.172 7.284 5.301 5.608 6.503 6.307 5.197 6.221 4.378 5.784 -999.250 -999.250 -999.250 -999.250 -999.250 -999.250 -999.250 -999.250 -999.250 -999.250 -999.250 -999.250 -999.250 -999.250 -999.250 -999.250 -999.250 -999.250 -999.250 -999.250 -999.250 -999.250 -999.250 -999.250 -999.250 -999.250 -999.250 -999.250 -999.250 -999.250 -999.250
11.600 8.977 8.145 6.255 5.534 8.262 9.410 8.557 8.374 8.759 9.129 7.669 6.941 8.597 7.565 7.713 6.782 6.220 5.942 7.771 9.356 9.149 8.727 6.742 7.378 7.343 7.705 8.373 6.486 6.091 5.621 4.718 4.771 5.938 4.241 3.939 5.795 5.081 -999.250 -999.250 -999.250 -999.250 -999.250 -999.250 -999.250 -999.250 -999.250 -999.250 -999.250 -999.250 -999.250 -999.250 -999.250 -999.250 -999.250 -999.250 -999.250 -999.250 -999.250 -999.250 -999.250 -999.250 -999.250 -999.250 -999.250 -999.250 -999.250 -999.250 -999.250
12.911 10.002 7.896 6.663 6.107 8.698 7.055 9.323 8.283 8.757 10.534 11.566 8.889 9.549 7.880 7.259 7.024 8.139 8.246 9.141 8.909 8.506 8.156 10.492 8.840 7.720 7.805 10.173 6.939 8.353 4.424 4.950 4.518 4.299 1.777 1.936 5.242 6.217 -999.250 -999.250 -999.250 -999.250 -999.250 -999.250 -999.250 -999.250 -999.250 -999.250 -999.250 -999.250 -999.250 -999.250 -999.250 -999.250 -999.250 -999.250 -999.250 -999.250 -999.250 -999.250 -999.250 -999.250 -999.250 -999.250 -999.250 -999.250 -999.250 -999.250 -999.250
15.986 9.233 6.160 4.062 3.649 3.910 6.550 6.714 5.933 11.696 11.663 9.689 8.832 9.806 9.351 7.590 6.596 8.050 8.421 7.949 8.532 10.002 10.081 10.472 7.996 7.611 6.849 7.551 8.108 6.921 5.827 3.893 3.697 2.268 0.000 1.224 4.586 6.353 -999.250 -999.250 -999.250 -999.250 -999.250 -999.250 -999.250 -999.250 -999.250 -999.250 -999.250 -999.250 -999.250 -999.250 -999.250 -999.250 -999.250 -999.250 -999.250 -999.250 -999.250 -999.250 -999.250 -999.250 -999.250 -999.250 -999.250 -999.250 -999.250 -999.250 -999.250
11.871 8.416 3.511 5.024 2.649 2.670 3.979 6.416 7.951 8.621 10.137 8.614 8.017 8.932 8.968 8.150 6.544 8.156 7.549 7.277 9.729 8.293 8.385 6.087 7.822 6.704 5.966 8.144 5.509 6.081 3.376 4.836 3.973 1.056 0.875 3.975 4.740 6.598 -999.250 -999.250 -999.250 -999.250 -999.250 -999.250 -999.250 -999.250 -999.250 -999.250 -999.250 -999.250 -999.250 -999.250 -999.250 -999.250 -999.250 -999.250 -999.250 -999.250 -999.250 -999.250 -999.250 -999.250 -999.250 -999.250 -999.250 -999.250 -999.250 -999.250 -999.250
11.692 5.699 4.842 4.207 2.579 2.360 6.179 6.146 6.317 8.037 8.750 8.355 6.801 7.807 9.032 8.524 8.822 8.516 9.019 6.755 9.436 7.920 7.909 7.955 6.850 6.176 6.175 6.255 5.904 7.728 4.710 4.189 4.271 3.355 2.925 5.139 4.385 6.278 -999.250 -999.250 -999.250 -999.250 -999.250 -999.250 -999.250 -999.250 -999.250 -999.250 -999.250 -999.250 -999.250 -999.250 -999.250 -999.250 -999.250 -999.250 -999.250 -999.250 -999.250 -999.250 -999.250 -999.250 -999.250 -999.250 -999.250 -999.250 -999.250 -999.250 -999.250
8.295 2.839 1.177 0.000 0.000 2.472 1.981 6.150 7.743 7.022 8.539 10.008 10.989 7.876 9.289 9.801 9.264 9.547 8.512 9.217 8.873 7.667 8.314 7.863 8.785 7.257 8.514 7.927 7.147 5.742 5.130 4.668 4.958 6.069 5.451 6.428 4.646 5.506 7.183 7.305 -999.250 -999.250 -999.250 -999.250 -999.250 -999.250 -999.250 -999.250 -999.250 -999.250 -999.250 -999.250 -999.250 -999.250 -999.250 -999.250 -999.250 -999.250 -999.250 -999.250 -999.250 -999.250 -999.250 -999.250 -999.250 -999.250 -999.250 -999.250 -999.250
5.479 0.000 0.000 0.000 0.000 1.982 3.183 6.163 8.828 7.635 9.918 9.099 10.633 10.075 11.217 12.033 9.819 8.740 8.135 10.192 9.160 6.671 6.116 9.486 9.279 7.967 8.715 6.892 6.141 7.424 7.172 5.318 4.827 5.864 6.518 4.667 3.807 8.169 8.739 7.025 8.811 6.578 -999.250 -999.250 -999.250 -999.250 -999.250 -999.250 -999.250 -999.250 -999.250 -999.250 -999.250 -999.250 -999.250 -999.250 -999.250 -999.250 -999.250 -999.250 -999.250 -999.250 -999.250 -999.250 -999.250 -999.250 -999.250 -999.250 -999.250
5.615 0.206 0.000 0.000 0.000 2.071 3.747 6.040 5.514 7.945 7.956 9.141 9.682 11.654 12.343 10.461 14.572 12.067 10.574 10.725 8.908 8.772 8.333 8.931 9.897 8.882 7.556 4.573 8.180 6.548 6.766 5.174 6.456 7.255 7.992 6.287 6.901 7.712 5.827 7.227 7.645 6.042 -999.250 -999.250 -999.250 -999.250 -999.250 -999.250 -999.250 -999.250 -999.250 -999.250 -999.250 -999.250 -999.250 -999.250 -999.250 -999.250 -999.250 -999.250 -999.250 -999.250 -999.250 -999.250 -999.250 -999.250 -999.250 -999.250 -999.250
5.153 3.059 0.041 0.300 2.068 3.562 1.540 5.099 4.050 6.267 7.829 9.386 10.331 10.853 9.629 11.757 9.401 11.138 9.384 10.785 11.019 11.330 8.580 9.148 10.348 9.997 7.759 6.685 6.910 8.366 6.892 6.630 8.874 7.766 7.935 6.351 7.747 7.728 7.632 7.123 5.036 6.551 7.059 -999.250 -999.250 -999.250 -999.250 -999.250 -999.250 -999.250 -999.250 -999.250 -999.250 -999.250 -999.250 -999.250 -999.250 -999.250 -999.250 -999.250 -999.250 -999.250 -999.250 -999.250 -999.250 -999.250 -999.250 -999.250 -999.250
5.604 1.800 1.237 0.000 0.277 0.369 3.622 5.835 6.914 6.998 6.668 6.107 6.224 9.500 6.979 7.748 11.673 11.120 11.408 12.220 12.976 10.560 10.449 10.395 6.549 7.796 8.878 6.467 6.977 8.642 6.778 7.087 8.041 7.014 7.560 8.556 8.177 6.942 8.640 9.761 6.896 6.603 7.238 9.283 -999.250 -999.250 -999.250 -999.250 -999.250 -999.250 -999.250 -999.250 -999.250 -999.250 -999.250 -999.250 -999.250 -999.250 -999.250 -999.250 -999.250 -999.250 -999.250 -999.250 -999.250 -999.250 -999.250 -999.250 -999.250
6.455 3.194 2.671 1.099 0.000 0.000 3.363 4.893 5.804 5.826 6.832 7.088 6.653 7.948 8.162 8.961 9.030 7.348 8.807 9.903 11.611 9.895 8.154 8.811 6.672 5.654 7.561 6.301 7.267 8.105 6.427 8.930 6.307 8.079 6.916 11.603 8.689 7.933 11.001 7.671 6.218 6.953 8.085 8.475 -999.250 -999.250 -999.250 -999.250 -999.250 -999.250 -999.250 -999.250 -999.250 -999.250 -999.250 -999.250 -999.250 -999.250 -999.250 -999.250 -999.250 -999.250 -999.250 -999.250 -999.250 -999.250 -999.250 -999.250 -999.250
5.607 3.963 3.622 2.244 0.842 0.687 1.937 3.384 6.921 7.980 8.501 6.876 7.840 6.424 7.929 8.394 7.062 8.098 7.056 11.940 13.826 10.645 9.673 7.611 6.506 9.836 7.056 7.534 4.598 6.118 7.860 6.765 6.475 8.666 6.309 7.136 9.311 8.996 10.502 7.606 6.539 8.735 7.978 6.087 4.747 -999.250 -999.250 -999.250 -999.250 -999.250 -999.250 -999.250 -999.250 -999.250 -999.250 -999.250 -999.250 -999.250 -999.250 -999.250 -999.250 -999.250 -999.250 -999.250 -999.250 -999.250 -999.250 -999.250 -999.250
4.330 2.836 2.486 1.215 1.465 1.101 4.702 4.959 6.814 8.171 8.424 9.872 7.835 6.822 6.293 8.682 8.337 8.573 6.699 11.288 11.872 12.985 8.705 11.685 11.510 9.327 8.257 6.806 7.061 7.554 5.056 5.870 4.783 6.245 6.675 6.578 6.167 10.737 8.255 9.380 7.642 8.360 9.849 7.585 -999.250 -999.250 -999.250 -999.250 -999.250 -999.250 -999.250 -999.250 -999.250 -999.250 -999.250 -999.250 -999.250 -999.250 -999.250 -999.250 -999.250 -999.250 -999.250 -999.250 -999.250 -999.250 -999.250 -999.250 -999.250
2.921 1.144 0.497 1.468 1.180 2.426 5.207 3.939 6.042 7.019 9.035 11.040 9.153 7.403 6.973 8.979 6.683 8.562 8.892 12.590 8.660 7.408 13.072 10.419 9.859 8.540 7.809 5.441 5.846 4.825 2.901 3.843 6.206 4.970 5.470 6.909 6.549 9.979 9.645 8.902 8.249 9.036 8.634 6.045 -999.250 -999.250 -999.250 -999.250 -999.250 -999.250 -999.250 -999.250 -999.250 -999.250 -999.250 -999.250 -999.250 -999.250 -999.250 -999.250 -999.250 -999.250 -999.250 -999.250 -999.250 -999.250 -999.250 -999.250 -999.250
3.569 0.036 0.176 2.496 2.090 1.587 5.000 7.549 7.072 11.277 12.564 10.189 10.308 10.408 8.082 7.700 9.398 11.805 11.709 11.818 11.567 8.849 8.194 11.004 11.355 11.725 8.676 4.733 5.649 6.182 3.064 4.148 6.272 3.848 5.070 8.243 7.672 7.867 8.628 10.585 7.738 6.212 7.055 6.026 -999.250 -999.250 -999.250 -999.250 -999.250 -999.250 -999.250 -999.250 -999.250 -999.250 -999.250 -999.250 -999.250 -999.250 -999.250 -999.250 -999.250 -999.250 -999.250 -999.250 -999.250 -999.250 -999.250 -999.250 -999.250
2.734 0.000 0.448 4.672 4.105 3.743 8.156 9.407 8.147 12.569 10.165 10.830 8.648 9.418 7.710 8.544 8.088 11.450 10.980 10.327 8.912 11.512 10.065 10.571 11.368 7.553 8.105 7.049 5.280 4.293 1.645 0.070 2.629 5.990 4.605 5.838 7.067 6.900 9.134 9.011 10.245 7.645 7.258 6.698 -999.250 -999.250 -999.250 -999.250 -999.250 -999.250 -999.250 -999.250 -999.250 -999.250 -999.250 -999.250 -999.250 -999.250 -999.250 -999.250 -999.250 -999.250 -999.250 -999.250 -999.250 -999.250 -999.250 -999.250 -999.250
2.398 2.801 4.151 4.478 7.563 7.039 7.659 9.544 6.478 14.636 10.882 10.273 9.175 9.180 9.542 10.131 9.414 12.386 10.406 9.203 10.814 12.116 12.515 10.773 10.185 9.939 8.788 8.977 6.176 3.526 0.349 0.000 1.931 5.380 7.526 8.668 7.260 6.278 9.169 9.912 8.505 9.993 7.538 -999.250 -999.250 -999.250 -999.250 -999.250 -999.250 -999.250 -999.250 -999.250 -999.250 -999.250 -999.250 -999.250 -999.250 -999.250 -999.250 -999.250 -999.250 -999.250 -999.250 -999.250 -999.250 -999.250 -999.250 -999.250 -999.250
