data/medianmodel_01-Dec-2020.asc
ncols	141
nrows	288
xllcorner	-120191.398
yllcorner	-301404.813
cellsize	2000.000
NODATA_value	-999.250
[rows 203 to 231 of 288, columns 64 to 127 of 141]
462.184 450.500 461.543 463.808 453.498 443.445 444.902 433.690 457.137 464.588 458.051 453.212 436.347 420.378 449.364 443.980 430.881 448.370 474.392 486.829 512.625 528.567 547.511 558.227 588.453 597.508 668.935 662.677 722.919 729.573 743.817 -999.250 -999.250 -999.250 -999.250 -999.250 -999.250 -999.250 -999.250 -999.250 -999.250 -999.250 -999.250 -999.250 -999.250 -999.250 -999.250 -999.250 -999.250 -999.250 -999.250 -999.250 -999.250 -999.250 -999.250 -999.250 -999.250 -999.250 -999.250 -999.250 -999.250 -999.250 -999.250 -999.250
455.442 453.745 455.366 426.486 403.613 393.409 415.459 398.294 432.574 441.488 442.990 427.033 434.692 429.505 430.582 443.155 431.193 444.583 441.801 470.737 480.126 503.767 540.107 535.899 570.077 576.439 636.687 616.082 726.655 745.430 708.713 679.369 -999.250 -999.250 -999.250 -999.250 -999.250 -999.250 -999.250 -999.250 -999.250 -999.250 -999.250 -999.250 -999.250 -999.250 -999.250 -999.250 -999.250 -999.250 -999.250 -999.250 -999.250 -999.250 -999.250 -999.250 -999.250 -999.250 -999.250 -999.250 -999.250 -999.250 -999.250 -999.250
397.660 388.246 360.755 373.140 397.431 404.083 400.233 427.204 394.842 414.443 391.140 422.394 409.879 412.872 371.624 404.260 416.851 419.846 424.240 441.480 468.455 454.713 500.893 510.316 561.878 612.125 643.408 640.173 682.217 694.646 684.407 -999.250 -999.250 -999.250 -999.250 -999.250 -999.250 -999.250 -999.250 -999.250 -999.250 -999.250 -999.250 -999.250 -999.250 -999.250 -999.250 -999.250 -999.250 -999.250 -999.250 -999.250 -999.250 -999.250 -999.250 -999.250 -999.250 -999.250 -999.250 -999.250 -999.250 -999.250 -999.250 -999.250
364.537 371.559 338.617 347.928 361.969 375.591 377.047 388.751 388.350 396.412 355.929 371.209 386.369 392.121 364.335 361.181 396.197 414.280 427.166 427.249 433.633 449.326 498.674 500.696 567.955 571.286 623.310 659.430 704.886 681.492 692.239 711.110 -999.250 -999.250 -999.250 -999.250 -999.250 -999.250 -999.250 -999.250 -999.250 -999.250 -999.250 -999.250 -999.250 -999.250 -999.250 -999.250 -999.250 -999.250 -999.250 -999.250 -999.250 -999.250 -999.250 -999.250 -999.250 -999.250 -999.250 -999.250 -999.250 -999.250 -999.250 -999.250
298.706 310.678 298.630 321.847 317.097 338.809 335.952 337.139 354.111 371.817 351.098 358.179 362.841 309.450 313.684 328.402 366.007 401.893 411.027 422.237 439.149 458.932 486.388 528.878 540.306 595.378 605.463 667.023 690.001 680.193 707.400 709.571 695.160 -999.250 -999.250 -999.250 -999.250 -999.250 -999.250 -999.250 -999.250 -999.250 -999.250 -999.250 -999.250 -999.250 -999.250 -999.250 -999.250 -999.250 -999.250 -999.250 -999.250 -999.250 -999.250 -999.250 -999.250 -999.250 -999.250 -999.250 -999.250 -999.250 -999.250 -999.250
247.887 272.761 256.285 259.646 282.993 296.338 298.089 297.992 319.827 324.899 341.724 314.682 293.910 281.287 298.999 315.551 328.546 364.041 392.349 387.950 396.071 444.227 477.369 489.554 569.566 557.530 574.764 620.966 656.492 659.048 685.931 690.171 710.362 -999.250 -999.250 -999.250 -999.250 -999.250 -999.250 -999.250 -999.250 -999.250 -999.250 -999.250 -999.250 -999.250 -999.250 -999.250 -999.250 -999.250 -999.250 -999.250 -999.250 -999.250 -999.250 -999.250 -999.250 -999.250 -999.250 -999.250 -999.250 -999.250 -999.250 -999.250
224.530 223.621 230.729 251.949 245.693 261.326 255.055 278.685 284.490 283.354 275.680 289.879 267.266 264.084 242.087 263.749 280.319 321.870 348.248 358.917 393.720 427.465 469.118 493.917 538.397 534.043 535.905 586.064 617.311 668.606 703.611 704.136 693.878 690.283 -999.250 -999.250 -999.250 -999.250 -999.250 -999.250 -999.250 -999.250 -999.250 -999.250 -999.250 -999.250 -999.250 -999.250 -999.250 -999.250 -999.250 -999.250 -999.250 -999.250 -999.250 -999.250 -999.250 -999.250 -999.250 -999.250 -999.250 -999.250 -999.250 -999.250
176.700 186.267 203.419 218.583 235.586 234.364 241.274 286.827 282.276 276.255 279.003 263.610 245.399 226.951 211.294 214.229 241.606 255.162 280.149 288.886 357.436 382.918 435.785 476.383 487.832 533.003 525.838 540.328 580.866 664.451 699.716 703.832 668.518 675.708 693.262 -999.250 -999.250 -999.250 -999.250 -999.250 -999.250 -999.250 -999.250 -999.250 -999.250 -999.250 -999.250 -999.250 -999.250 -999.250 -999.250 -999.250 -999.250 -999.250 -999.250 -999.250 -999.250 -999.250 -999.250 -999.250 -999.250 -999.250 -999.250 -999.250
138.450 116.618 164.503 223.863 236.701 244.750 269.284 266.199 252.311 261.138 248.406 235.405 200.015 170.634 159.830 165.506 207.925 226.826 262.053 289.630 335.264 339.674 390.650 420.599 441.797 498.360 513.076 520.188 558.722 621.704 645.167 687.635 685.419 651.059 637.735 648.643 -999.250 -999.250 -999.250 -999.250 -999.250 -999.250 -999.250 -999.250 -999.250 -999.250 -999.250 -999.250 -999.250 -999.250 -999.250 -999.250 -999.250 -999.250 -999.250 -999.250 -999.250 -999.250 -999.250 -999.250 -999.250 -999.250 -999.250 -999.250
117.114 121.800 160.440 195.401 235.990 263.422 271.627 294.730 265.786 266.156 241.916 179.409 163.874 116.685 107.976 113.230 150.624 202.115 231.088 247.422 287.326 314.506 361.308 399.091 449.417 469.380 495.247 521.132 541.543 587.137 609.655 601.606 639.152 593.369 624.022 610.963 644.859 -999.250 -999.250 -999.250 -999.250 -999.250 -999.250 -999.250 -999.250 -999.250 -999.250 -999.250 -999.250 -999.250 -999.250 -999.250 -999.250 -999.250 -999.250 -999.250 -999.250 -999.250 -999.250 -999.250 -999.250 -999.250 -999.250 -999.250
117.266 114.127 166.025 213.885 247.188 288.793 282.395 271.113 262.426 244.305 206.153 168.129 138.056 90.568 34.317 97.717 133.924 179.885 203.666 236.938 271.793 294.212 316.915 369.200 396.522 435.236 465.745 469.502 498.908 537.781 569.607 556.606 566.690 597.020 613.244 610.692 579.282 -999.250 -999.250 -999.250 -999.250 -999.250 -999.250 -999.250 -999.250 -999.250 -999.250 -999.250 -999.250 -999.250 -999.250 -999.250 -999.250 -999.250 -999.250 -999.250 -999.250 -999.250 -999.250 -999.250 -999.250 -999.250 -999.250 -999.250
124.508 127.920 170.865 222.457 255.700 293.694 324.294 314.400 290.472 240.459 210.727 152.210 123.894 93.116 76.532 94.743 130.293 171.208 201.628 210.605 247.450 268.465 308.308 335.388 381.508 404.891 425.247 451.552 473.084 517.330 501.626 528.327 548.736 545.997 559.048 561.657 555.227 526.142 -999.250 -999.250 -999.250 -999.250 -999.250 -999.250 -999.250 -999.250 -999.250 -999.250 -999.250 -999.250 -999.250 -999.250 -999.250 -999.250 -999.250 -999.250 -999.250 -999.250 -999.250 -999.250 -999.250 -999.250 -999.250 -999.250
113.679 134.800 171.865 232.168 278.522 335.250 358.442 334.929 320.746 263.847 205.948 147.386 120.672 106.362 98.833 104.858 123.504 147.635 183.861 205.962 211.608 231.521 282.916 297.544 350.945 343.234 383.579 418.848 429.352 468.241 472.808 491.716 481.393 510.026 569.702 563.108 551.517 520.242 486.255 -999.250 -999.250 -999.250 -999.250 -999.250 -999.250 -999.250 -999.250 -999.250 -999.250 -999.250 -999.250 -999.250 -999.250 -999.250 -999.250 -999.250 -999.250 -999.250 -999.250 -999.250 -999.250 -999.250 -999.250 -999.250
107.268 115.558 166.206 247.148 335.157 372.346 374.869 383.243 322.111 263.199 214.450 157.960 133.748 120.445 113.072 118.583 131.482 149.055 166.814 185.349 205.532 232.763 250.235 280.669 303.345 324.389 355.702 372.248 374.247 402.462 445.412 462.483 462.424 472.246 519.867 499.288 518.571 514.280 490.288 -999.250 -999.250 -999.250 -999.250 -999.250 -999.250 -999.250 -999.250 -999.250 -999.250 -999.250 -999.250 -999.250 -999.250 -999.250 -999.250 -999.250 -999.250 -999.250 -999.250 -999.250 -999.250 -999.250 -999.250 -999.250
111.122 80.743 191.065 279.222 376.922 408.079 450.002 435.528 366.757 288.245 222.613 145.191 161.580 138.350 133.036 133.981 146.103 145.388 172.349 187.572 200.394 208.247 233.724 261.028 287.865 307.305 283.115 325.056 330.052 348.579 367.228 386.175 411.983 452.765 449.605 435.183 498.008 479.047 465.365 -999.250 -999.250 -999.250 -999.250 -999.250 -999.250 -999.250 -999.250 -999.250 -999.250 -999.250 -999.250 -999.250 -999.250 -999.250 -999.250 -999.250 -999.250 -999.250 -999.250 -999.250 -999.250 -999.250 -999.250 -999.250
161.668 183.881 251.207 339.752 408.502 479.181 513.940 462.084 420.072 355.592 255.597 219.111 204.898 176.000 172.335 179.144 166.411 188.943 176.949 169.738 180.968 193.589 205.992 223.331 230.997 279.834 278.639 269.018 279.399 317.630 319.234 342.407 348.348 388.088 391.797 423.382 423.529 444.691 437.744 445.889 -999.250 -999.250 -999.250 -999.250 -999.250 -999.250 -999.250 409.985 -999.250 -999.250 -999.250 -999.250 -999.250 -999.250 -999.250 -999.250 -999.250 -999.250 -999.250 -999.250 -999.250 -999.250 -999.250 -999.250
207.856 256.571 322.869 408.645 493.683 550.402 572.560 527.454 474.997 404.998 334.046 276.062 230.775 225.022 208.277 203.313 174.263 185.792 176.845 176.947 186.572 184.430 184.879 212.118 229.539 232.010 227.542 226.023 234.437 263.695 243.601 271.285 305.875 332.268 349.189 364.214 394.323 419.604 408.246 419.801 433.271 -999.250 -999.250 -999.250 425.564 399.882 397.383 381.923 -999.250 -999.250 -999.250 -999.250 -999.250 -999.250 -999.250 -999.250 -999.250 -999.250 -999.250 -999.250 -999.250 -999.250 -999.250 -999.250
252.696 298.196 373.348 450.401 518.950 577.031 652.884 570.139 502.394 434.464 355.497 295.200 276.221 229.148 227.174 207.829 212.712 217.174 185.466 186.653 194.259 197.492 199.748 199.019 192.495 191.898 179.015 166.553 176.337 206.543 211.899 239.900 282.089 307.492 342.805 376.875 377.015 361.643 430.098 391.858 415.143 -999.250 387.235 392.959 410.564 409.525 394.674 -999.250 -999.250 -999.250 -999.250 -999.250 -999.250 -999.250 -999.250 -999.250 -999.250 -999.250 -999.250 -999.250 -999.250 -999.250 -999.250 -999.250
278.798 339.037 429.854 473.331 518.970 577.538 591.292 562.799 493.393 446.749 374.115 342.701 286.315 249.400 222.945 221.207 230.579 204.075 180.376 204.842 202.426 202.263 194.903 192.468 187.854 158.344 143.788 118.673 111.233 147.508 188.364 223.242 259.472 278.276 301.469 337.447 335.734 355.974 375.502 368.393 386.681 384.557 370.618 367.197 384.738 396.466 397.584 -999.250 -999.250 -999.250 -999.250 -999.250 -999.250 -999.250 -999.250 -999.250 -999.250 -999.250 -999.250 -999.250 -999.250 -999.250 -999.250 -999.250
296.890 356.682 427.798 459.129 502.650 526.190 528.303 507.159 492.840 461.487 373.624 319.582 269.647 252.272 245.395 239.345 209.748 212.480 207.776 198.173 214.743 189.662 178.646 178.376 183.455 150.529 134.055 104.730 51.028 118.348 168.927 201.632 234.911 250.280 266.873 306.467 318.619 335.112 328.315 347.820 349.433 372.840 362.875 383.402 390.039 409.607 413.282 -999.250 -999.250 -999.250 -999.250 -999.250 -999.250 -999.250 -999.250 -999.250 -999.250 -999.250 -999.250 -999.250 -999.250 -999.250 -999.250 -999.250
309.816 354.912 390.828 445.382 462.518 528.535 526.532 492.245 459.363 435.972 389.015 349.644 309.421 272.884 244.955 225.676 226.727 206.689 224.385 230.709 236.088 207.309 199.422 191.859 183.042 154.398 139.549 114.620 108.439 122.058 161.004 196.701 244.629 240.574 252.293 291.713 321.331 323.061 333.514 313.005 350.892 360.218 400.283 360.910 364.729 393.342 374.905 -999.250 -999.250 -999.250 -999.250 -999.250 -999.250 -999.250 -999.250 -999.250 -999.250 -999.250 -999.250 -999.250 -999.250 -999.250 -999.250 -999.250
316.563 346.428 346.787 407.566 445.502 482.227 460.079 452.580 446.815 391.529 363.662 335.790 284.099 268.114 271.670 249.603 253.626 254.024 260.034 261.645 248.784 218.648 216.692 214.478 183.142 173.508 154.401 141.911 149.606 163.163 175.633 200.647 222.084 236.429 268.638 275.140 291.436 307.995 318.284 335.236 333.509 340.423 373.698 355.575 392.011 394.698 -999.250 -999.250 -999.250 -999.250 -999.250 -999.250 -999.250 -999.250 -999.250 -999.250 -999.250 -999.250 -999.250 -999.250 -999.250 -999.250 -999.250 -999.250
285.932 318.249 308.769 349.873 375.712 403.160 411.901 396.244 371.981 378.806 330.446 303.808 285.779 262.002 277.077 279.686 265.953 250.088 269.828 290.694 268.588 237.012 217.615 216.115 194.430 203.594 193.844 184.353 177.293 182.928 205.620 213.320 241.069 245.341 280.737 258.909 262.159 302.114 347.770 351.642 329.012 302.888 366.652 367.422 386.723 350.379 -999.250 -999.250 -999.250 -999.250 -999.250 -999.250 -999.250 -999.250 -999.250 -999.250 -999.250 -999.250 -999.250 -999.250 -999.250 -999.250 -999.250 -999.250
249.053 292.194 301.896 311.233 301.769 314.542 327.576 339.555 321.270 324.810 310.942 304.279 288.039 277.095 269.234 272.955 252.761 260.387 260.341 273.081 272.515 261.184 239.332 244.036 210.495 224.944 221.450 208.757 190.252 211.342 220.466 238.232 254.474 268.173 258.166 300.213 288.797 295.911 331.114 346.737 324.885 331.739 309.802 295.567 337.052 340.347 -999.250 -999.250 -999.250 -999.250 -999.250 -999.250 -999.250 -999.250 -999.250 -999.250 -999.250 -999.250 -999.250 -999.250 -999.250 -999.250 -999.250 -999.250
238.793 243.396 259.320 255.551 257.966 255.694 262.831 263.809 260.988 267.871 283.923 302.950 286.001 290.965 302.404 277.191 301.274 298.840 289.983 320.489 309.085 296.531 272.443 276.322 265.032 247.686 235.002 221.883 218.569 218.424 221.420 256.171 262.956 270.358 305.673 289.174 282.401 301.564 328.950 356.787 349.530 317.642 345.767 352.081 325.811 -999.250 -999.250 -999.250 -999.250 -999.250 -999.250 -999.250 -999.250 -999.250 -999.250 -999.250 -999.250 -999.250 -999.250 -999.250 -999.250 -999.250 -999.250 -999.250
221.884 238.142 242.926 229.193 219.220 217.664 186.550 211.942 230.498 254.944 256.841 277.326 289.429 303.572 300.091 308.971 327.058 352.947 352.232 359.748 335.426 345.185 298.405 293.997 281.712 281.671 268.208 261.356 255.997 241.631 261.256 261.583 275.979 270.271 264.847 287.567 296.112 282.016 334.101 322.065 -999.250 -999.250 327.699 353.145 310.412 -999.250 -999.250 -999.250 -999.250 -999.250 -999.250 -999.250 -999.250 -999.250 -999.250 -999.250 -999.250 -999.250 -999.250 -999.250 -999.250 -999.250 -999.250 -999.250
207.128 217.102 225.517 213.842 182.899 157.140 104.232 171.534 212.446 238.970 250.365 267.335 301.262 322.407 323.193 304.429 357.949 359.610 387.982 372.790 371.692 360.628 315.029 323.921 325.932 320.961 294.303 298.858 291.528 283.480 289.096 278.287 279.452 271.176 259.554 289.599 319.915 307.395 333.260 325.122 -999.250 -999.250 -999.250 -999.250 -999.250 -999.250 -999.250 -999.250 -999.250 -999.250 -999.250 -999.250 -999.250 -999.250 -999.250 -999.250 -999.250 -999.250 -999.250 -999.250 -999.250 -999.250 -999.250 -999.250
164.941 170.664 191.372 179.726 183.521 140.778 140.613 163.405 196.998 224.453 256.561 287.409 307.842 308.634 334.692 335.362 357.963 381.110 389.449 416.265 416.204 384.299 390.486 348.253 364.360 348.997 361.127 340.955 305.945 321.321 348.992 298.374 273.548 291.269 291.573 315.071 -999.250 -999.250 343.775 -999.250 -999.250 -999.250 -999.250 -999.250 -999.250 -999.250 -999.250 -999.250 -999.250 -999.250 -999.250 -999.250 -999.250 -999.250 -999.250 -999.250 -999.250 -999.250 -999.250 -999.250 -999.250 -999.250 -999.250 -999.250
163.087 167.221 190.208 183.631 176.415 167.699 169.236 169.869 202.749 233.994 245.031 279.659 313.567 324.636 323.586 340.635 386.909 392.424 417.384 431.311 444.100 437.000 456.716 433.391 403.470 349.769 364.622 369.652 345.774 359.712 345.579 339.438 335.959 297.896 -999.250 -999.250 -999.250 -999.250 -999.250 -999.250 -999.250 -999.250 -999.250 -999.250 -999.250 -999.250 -999.250 -999.250 -999.250 -999.250 -999.250 -999.250 -999.250 -999.250 -999.250 -999.250 -999.250 -999.250 -999.250 -999.250 -999.250 -999.250 -999.250 -999.250
