data/medianmodel_12-Apr-2020.asc
ncols	141
nrows	288
xllcorner	-120191.398
yllcorner	-301404.813
cellsize	2000.000
NODATA_value	-999.250
[rows 150 to 179 of 288, columns 68 to 135 of 141]
11.712 12.607 12.923 10.513 11.272 12.351 11.658 10.200 13.500 15.113 11.177 11.820 11.909 11.379 12.803 11.268 13.397 11.279 12.803 11.616 13.885 14.296 14.241 19.626 21.440 23.343 26.904 -999.250 -999.250 -999.250 -999.250 -999.250 -999.250 -999.250 -999.250 -999.250 -999.250 -999.250 -999.250 -999.250 -999.250 -999.250 -999.250 -999.250 -999.250 -999.250 -999.250 -999.250 -999.250 -999.250 -999.250 -999.250 -999.250 -999.250 -999.250 -999.250 -999.250 -999.250 -999.250 -999.250 -999.250 -999.250 -999.250 -999.250 -999.250 -999.250 -999.250 -999.250
13.624 15.373 13.634 11.374 11.118 10.303 13.573 9.401 10.232 11.357 11.787 10.683 11.484 11.580 11.726 12.309 12.438 13.273 13.149 12.758 14.819 17.443 19.357 21.897 23.820 25.083 28.977 -999.250 -999.250 -999.250 -999.250 -999.250 -999.250 -999.250 -999.250 -999.250 -999.250 -999.250 -999.250 -999.250 -999.250 -999.250 -999.250 -999.250 -999.250 -999.250 -999.250 -999.250 -999.250 -999.250 -999.250 -999.250 -999.250 -999.250 -999.250 -999.250 -999.250 -999.250 -999.250 -999.250 -999.250 -999.250 -999.250 -999.250 -999.250 -999.250 -999.250 -999.250
16.234 16.331 14.810 14.294 11.646 10.873 11.688 10.990 11.526 10.580 13.222 10.558 10.482 11.051 10.604 13.206 14.280 13.583 14.524 16.389 15.129 19.234 22.898 26.630 27.911 30.669 30.110 -999.250 -999.250 -999.250 -999.250 -999.250 -999.250 -999.250 -999.250 -999.250 -999.250 -999.250 -999.250 -999.250 -999.250 -999.250 -999.250 -999.250 -999.250 -999.250 -999.250 -999.250 -999.250 -999.250 -999.250 -999.250 -999.250 -999.250 -999.250 -999.250 -999.250 -999.250 -999.250 -999.250 -999.250 -999.250 -999.250 -999.250 -999.250 -999.250 -999.250 -999.250
18.516 17.471 14.540 12.183 11.824 13.801 13.542 9.615 9.799 10.477 10.643 11.595 11.292 9.281 11.414 14.379 13.350 14.151 11.251 12.571 16.552 19.793 23.732 25.939 30.099 30.415 31.957 -999.250 -999.250 -999.250 -999.250 -999.250 -999.250 -999.250 -999.250 -999.250 -999.250 -999.250 -999.250 -999.250 -999.250 -999.250 -999.250 -999.250 -999.250 -999.250 -999.250 -999.250 -999.250 -999.250 -999.250 -999.250 -999.250 -999.250 -999.250 -999.250 -999.250 -999.250 -999.250 -999.250 -999.250 -999.250 -999.250 -999.250 -999.250 -999.250 -999.250 -999.250
18.063 15.129 15.736 12.651 11.658 13.791 15.446 13.040 10.051 12.088 8.712 10.194 11.039 12.938 14.027 12.596 14.314 14.878 10.648 14.498 16.348 19.864 23.002 28.684 33.278 31.140 29.750 -999.250 -999.250 -999.250 -999.250 -999.250 -999.250 -999.250 -999.250 -999.250 -999.250 -999.250 -999.250 -999.250 -999.250 -999.250 -999.250 -999.250 -999.250 -999.250 -999.250 -999.250 -999.250 -999.250 -999.250 -999.250 -999.250 -999.250 -999.250 -999.250 -999.250 -999.250 -999.250 -999.250 -999.250 -999.250 -999.250 -999.250 -999.250 -999.250 -999.250 -999.250
16.157 16.596 14.885 13.062 13.560 12.974 12.922 12.823 11.955 12.115 11.008 7.907 10.056 11.085 9.852 9.513 11.881 12.083 12.567 13.574 17.291 18.288 20.912 27.281 29.441 31.344 29.992 -999.250 -999.250 -999.250 -999.250 -999.250 -999.250 -999.250 -999.250 -999.250 -999.250 -999.250 -999.250 -999.250 -999.250 -999.250 -999.250 -999.250 -999.250 -999.250 -999.250 -999.250 -999.250 -999.250 -999.250 -999.250 -999.250 -999.250 -999.250 -999.250 -999.250 -999.250 -999.250 -999.250 -999.250 -999.250 -999.250 -999.250 -999.250 -999.250 -999.250 -999.250
16.888 16.800 18.209 13.007 11.967 12.118 12.626 12.316 14.291 11.587 10.345 8.860 9.622 14.053 11.392 8.750 6.899 10.394 13.029 16.041 16.185 17.464 19.535 24.190 25.921 26.451 27.389 29.815 -999.250 -999.250 -999.250 -999.250 -999.250 -999.250 -999.250 -999.250 -999.250 -999.250 -999.250 -999.250 -999.250 -999.250 -999.250 -999.250 -999.250 -999.250 -999.250 -999.250 -999.250 -999.250 -999.250 -999.250 -999.250 -999.250 -999.250 -999.250 -999.250 -999.250 -999.250 -999.250 -999.250 -999.250 -999.250 -999.250 -999.250 -999.250 -999.250 -999.250
20.134 17.867 17.623 15.979 13.492 13.100 15.319 14.049 11.967 10.365 10.955 11.899 11.419 11.018 7.923 5.400 7.839 12.301 12.772 14.917 14.272 15.291 18.916 21.799 24.659 25.564 27.219 26.757 26.165 -999.250 -999.250 -999.250 -999.250 -999.250 -999.250 -999.250 -999.250 -999.250 -999.250 -999.250 -999.250 -999.250 -999.250 -999.250 -999.250 -999.250 -999.250 -999.250 -999.250 -999.250 -999.250 -999.250 -999.250 -999.250 -999.250 -999.250 -999.250 -999.250 -999.250 -999.250 -999.250 -999.250 -999.250 -999.250 -999.250 -999.250 -999.250 -999.250
16.172 14.848 16.488 17.391 13.898 15.614 14.727 11.709 12.340 10.574 12.064 12.916 12.031 10.078 3.092 0.000 5.876 9.076 15.102 14.363 17.098 14.031 9.020 16.404 20.168 25.652 23.623 22.898 25.380 23.529 -999.250 -999.250 -999.250 -999.250 -999.250 -999.250 -999.250 -999.250 -999.250 -999.250 -999.250 -999.250 -999.250 -999.250 -999.250 -999.250 -999.250 -999.250 -999.250 -999.250 -999.250 -999.250 -999.250 -999.250 -999.250 -999.250 -999.250 -999.250 -999.250 -999.250 -999.250 -999.250 -999.250 -999.250 -999.250 -999.250 -999.250 -999.250
15.583 13.414 13.633 15.255 16.188 13.948 15.110 14.392 11.946 12.098 12.347 6.429 8.522 9.240 6.872 5.276 8.184 12.322 13.659 13.001 14.361 11.681 13.820 15.874 20.113 19.852 24.465 23.413 22.849 21.064 -999.250 -999.250 -999.250 -999.250 -999.250 -999.250 -999.250 -999.250 -999.250 -999.250 -999.250 -999.250 -999.250 -999.250 -999.250 -999.250 -999.250 -999.250 -999.250 -999.250 -999.250 -999.250 -999.250 -999.250 -999.250 -999.250 -999.250 -999.250 -999.250 -999.250 -999.250 -999.250 -999.250 -999.250 -999.250 -999.250 -999.250 -999.250
14.186 14.583 16.395 14.114 12.263 12.752 13.664 13.578 11.795 12.483 10.597 7.973 9.949 11.141 9.621 6.580 11.441 13.246 10.430 14.459 14.643 15.197 15.657 19.239 19.774 20.427 20.815 19.780 18.613 17.737 -999.250 -999.250 -999.250 -999.250 -999.250 -999.250 -999.250 -999.250 -999.250 -999.250 -999.250 -999.250 -999.250 -999.250 -999.250 -999.250 -999.250 -999.250 -999.250 -999.250 -999.250 -999.250 -999.250 -999.250 -999.250 -999.250 -999.250 -999.250 -999.250 -999.250 -999.250 -999.250 -999.250 -999.250 -999.250 -999.250 -999.250 -999.250
15.217 15.305 16.432 14.821 14.533 12.778 12.267 14.734 13.022 12.329 11.624 6.739 6.169 7.536 7.866 7.706 10.864 12.886 12.854 17.995 16.342 16.766 16.959 19.703 19.358 22.584 21.183 20.656 19.496 18.378 -999.250 -999.250 -999.250 -999.250 -999.250 -999.250 -999.250 -999.250 -999.250 -999.250 -999.250 -999.250 -999.250 -999.250 -999.250 -999.250 -999.250 -999.250 -999.250 -999.250 -999.250 -999.250 -999.250 -999.250 -999.250 -999.250 -999.250 -999.250 -999.250 -999.250 -999.250 -999.250 -999.250 -999.250 -999.250 -999.250 -999.250 -999.250
16.094 12.595 13.416 13.881 15.959 14.958 13.580 12.927 12.413 12.982 11.718 6.684 6.518 3.044 6.645 11.270 10.905 10.908 13.392 16.570 18.467 17.099 16.996 16.238 17.188 20.689 20.087 19.340 16.658 18.146 -999.250 -999.250 -999.250 -999.250 -999.250 -999.250 -999.250 -999.250 -999.250 -999.250 -999.250 -999.250 -999.250 -999.250 -999.250 -999.250 -999.250 -999.250 -999.250 -999.250 -999.250 -999.250 -999.250 -999.250 -999.250 -999.250 -999.250 -999.250 -999.250 -999.250 -999.250 -999.250 -999.250 -999.250 -999.250 -999.250 -999.250 -999.250
15.464 16.578 11.921 15.272 14.784 16.308 16.379 14.704 12.518 13.009 9.664 9.786 2.628 0.000 6.301 10.469 11.011 9.809 11.428 15.028 14.731 15.100 12.087 13.815 16.821 17.854 15.958 16.027 16.126 14.832 16.195 -999.250 -999.250 -999.250 -999.250 -999.250 -999.250 -999.250 -999.250 -999.250 -999.250 -999.250 -999.250 -999.250 -999.250 -999.250 -999.250 -999.250 -999.250 -999.250 -999.250 -999.250 -999.250 -999.250 -999.250 -999.250 -999.250 -999.250 -999.250 -999.250 -999.250 -999.250 -999.250 -999.250 -999.250 -999.250 -999.250 -999.250
16.567 14.938 15.460 15.901 16.093 14.405 14.774 13.625 11.269 12.621 9.988 10.328 3.313 3.110 5.963 7.870 9.560 13.717 14.022 14.144 13.426 15.931 14.544 16.479 16.060 16.735 17.035 14.179 15.533 17.171 14.389 16.541 -999.250 -999.250 -999.250 -999.250 -999.250 -999.250 -999.250 -999.250 -999.250 -999.250 -999.250 -999.250 -999.250 -999.250 -999.250 -999.250 -999.250 -999.250 -999.250 -999.250 -999.250 -999.250 -999.250 -999.250 -999.250 -999.250 -999.250 -999.250 -999.250 -999.250 -999.250 -999.250 -999.250 -999.250 -999.250 -999.250
18.186 12.898 13.574 16.869 16.614 16.426 14.700 13.573 14.048 14.500 12.672 9.383 8.203 7.067 6.959 9.470 10.533 11.872 11.886 12.506 12.857 12.878 13.628 15.280 15.407 15.789 13.825 14.896 15.774 15.349 14.549 15.149 15.277 16.123 13.853 -999.250 -999.250 -999.250 -999.250 -999.250 -999.250 -999.250 -999.250 -999.250 -999.250 -999.250 -999.250 -999.250 -999.250 -999.250 -999.250 -999.250 -999.250 -999.250 -999.250 -999.250 -999.250 -999.250 -999.250 -999.250 -999.250 -999.250 -999.250 -999.250 -999.250 -999.250 -999.250 -999.250
14.684 13.896 13.970 14.307 14.373 12.717 13.738 14.495 14.933 14.504 13.189 9.717 12.504 9.172 11.751 11.288 13.886 12.000 10.652 11.937 15.391 15.308 15.448 15.449 16.663 13.668 12.547 15.871 15.732 12.348 13.187 13.879 12.959 14.315 11.645 -999.250 -999.250 -999.250 -999.250 -999.250 -999.250 -999.250 -999.250 -999.250 -999.250 -999.250 -999.250 -999.250 -999.250 -999.250 -999.250 -999.250 -999.250 -999.250 -999.250 -999.250 -999.250 -999.250 -999.250 -999.250 -999.250 -999.250 -999.250 -999.250 -999.250 -999.250 -999.250 -999.250
15.366 13.115 11.995 12.473 11.552 14.180 14.714 17.071 15.730 14.667 14.100 12.440 11.488 14.989 14.148 13.479 12.136 11.058 11.170 13.153 13.779 14.297 15.042 16.678 14.169 13.975 14.699 15.097 12.190 11.164 8.325 10.040 10.653 10.377 -999.250 -999.250 -999.250 -999.250 -999.250 -999.250 -999.250 -999.250 -999.250 -999.250 -999.250 -999.250 -999.250 -999.250 -999.250 -999.250 -999.250 -999.250 -999.250 -999.250 -999.250 -999.250 -999.250 -999.250 -999.250 -999.250 -999.250 -999.250 -999.250 -999.250 -999.250 -999.250 -999.250 -999.250
15.734 11.700 12.403 10.270 11.309 12.510 14.698 17.525 15.677 15.138 11.771 11.567 9.295 10.571 13.872 10.025 9.154 11.980 13.957 13.350 12.912 12.446 13.850 12.639 12.122 11.104 12.974 13.219 11.016 7.819 3.343 8.247 9.821 8.706 -999.250 -999.250 -999.250 6.107 8.993 1.010 -999.250 -999.250 -999.250 -999.250 -999.250 -999.250 -999.250 -999.250 -999.250 -999.250 -999.250 -999.250 -999.250 -999.250 -999.250 -999.250 -999.250 -999.250 -999.250 -999.250 -999.250 -999.250 -999.250 -999.250 -999.250 -999.250 -999.250 -999.250
12.136 7.290 7.072 10.768 13.671 13.159 15.533 15.032 14.801 14.017 12.719 7.241 6.089 4.388 9.863 9.885 12.278 12.124 13.822 13.838 14.345 13.233 12.567 9.584 13.128 13.228 10.491 9.570 9.459 4.027 0.000 8.173 7.794 6.741 6.559 10.107 8.392 3.408 3.065 1.655 0.047 -999.250 -999.250 -999.250 -999.250 -999.250 -999.250 -999.250 -999.250 -999.250 -999.250 -999.250 -999.250 -999.250 -999.250 -999.250 -999.250 -999.250 -999.250 -999.250 -999.250 -999.250 -999.250 -999.250 -999.250 -999.250 -999.250 -999.250
10.573 7.732 0.000 9.938 11.064 10.722 12.443 14.056 13.675 12.150 11.699 3.222 0.000 6.882 9.971 10.660 13.616 14.610 13.484 13.031 14.020 11.946 13.320 11.625 13.404 13.762 9.646 9.716 7.293 7.771 5.052 7.046 9.318 6.384 9.172 10.920 8.405 7.675 3.103 0.000 2.209 3.726 -999.250 -999.250 -999.250 -999.250 -999.250 -999.250 -999.250 -999.250 -999.250 -999.250 -999.250 -999.250 -999.250 -999.250 -999.250 -999.250 -999.250 -999.250 -999.250 -999.250 -999.250 -999.250 -999.250 -999.250 -999.250 -999.250
11.428 10.143 6.816 9.527 10.892 11.929 11.431 12.127 11.969 11.652 12.095 5.640 3.652 4.696 10.163 11.312 14.938 12.468 11.931 15.321 13.246 9.863 9.475 8.108 9.628 8.452 9.571 12.092 12.264 9.810 11.663 11.636 10.703 8.428 10.175 10.386 9.588 8.012 5.905 5.140 3.067 7.334 -999.250 -999.250 -999.250 -999.250 -999.250 -999.250 -999.250 -999.250 -999.250 -999.250 -999.250 -999.250 -999.250 -999.250 -999.250 -999.250 -999.250 -999.250 -999.250 -999.250 -999.250 -999.250 -999.250 -999.250 -999.250 -999.250
11.810 11.092 9.996 11.901 14.718 10.364 11.524 15.158 10.531 10.355 8.794 7.507 7.553 6.361 9.174 9.678 12.444 13.740 12.020 12.616 12.130 11.767 4.930 0.000 5.678 9.166 12.220 13.046 13.695 11.362 10.260 14.091 13.379 13.158 11.307 12.052 9.425 9.728 9.168 8.894 8.880 9.314 -999.250 -999.250 -999.250 -999.250 -999.250 -999.250 -999.250 -999.250 -999.250 -999.250 -999.250 -999.250 -999.250 -999.250 -999.250 -999.250 -999.250 -999.250 -999.250 -999.250 -999.250 -999.250 -999.250 -999.250 -999.250 -999.250
12.987 13.909 14.215 14.019 14.222 13.597 12.655 14.451 13.760 10.374 11.040 7.043 8.977 10.414 9.251 10.321 12.386 13.056 12.994 11.984 11.511 9.676 8.437 7.813 7.580 9.014 11.557 14.158 11.641 12.342 13.537 15.494 12.304 11.571 14.059 11.005 13.167 10.953 11.140 9.040 8.841 9.181 8.162 -999.250 -999.250 -999.250 -999.250 -999.250 -999.250 -999.250 -999.250 -999.250 -999.250 -999.250 -999.250 -999.250 -999.250 -999.250 -999.250 -999.250 -999.250 -999.250 -999.250 -999.250 -999.250 -999.250 -999.250 -999.250
14.030 15.711 16.602 13.332 13.131 13.420 12.938 11.724 8.974 10.835 9.471 9.317 8.774 9.147 8.423 10.631 10.945 11.868 14.385 13.572 12.934 12.442 9.191 9.676 9.590 9.468 11.765 16.704 13.484 12.001 14.082 14.849 13.222 14.704 15.804 15.799 14.539 12.979 15.735 14.861 8.718 12.089 -999.250 -999.250 -999.250 -999.250 -999.250 -999.250 -999.250 -999.250 -999.250 -999.250 -999.250 -999.250 -999.250 -999.250 -999.250 -999.250 -999.250 -999.250 -999.250 -999.250 -999.250 -999.250 -999.250 -999.250 -999.250 -999.250
15.911 17.731 14.554 12.798 13.415 14.100 12.323 12.141 11.232 11.183 9.894 6.574 4.749 7.153 9.978 12.182 11.214 11.956 12.589 13.572 14.853 13.532 11.953 10.270 13.427 13.406 13.180 13.316 14.463 14.970 16.337 15.785 18.386 15.948 16.243 17.488 14.988 15.292 16.521 12.343 13.984 -999.250 -999.250 -999.250 -999.250 -999.250 -999.250 -999.250 -999.250 -999.250 -999.250 -999.250 -999.250 -999.250 -999.250 -999.250 -999.250 -999.250 -999.250 -999.250 -999.250 -999.250 -999.250 -999.250 -999.250 -999.250 -999.250 -999.250
16.581 14.954 15.311 16.364 14.193 12.446 13.567 11.586 10.405 9.170 3.159 0.000 5.045 10.386 12.322 10.150 11.358 13.035 13.696 14.674 13.827 12.706 11.894 12.713 15.682 17.222 16.382 16.400 15.378 15.142 19.106 18.199 22.451 15.925 16.384 19.260 16.947 16.943 12.821 16.845 14.410 -999.250 -999.250 -999.250 -999.250 -999.250 -999.250 -999.250 -999.250 -999.250 -999.250 -999.250 -999.250 -999.250 -999.250 -999.250 -999.250 -999.250 -999.250 -999.250 -999.250 -999.250 -999.250 -999.250 -999.250 -999.250 -999.250 -999.250
15.884 14.621 13.091 16.727 15.693 13.649 13.059 11.982 10.111 6.864 7.503 5.848 9.099 10.650 8.841 10.761 12.317 15.102 12.451 12.667 14.341 14.329 12.276 13.287 12.574 14.953 17.098 16.597 17.539 18.566 19.167 19.494 19.163 19.307 18.625 19.483 16.891 16.223 17.580 18.217 -999.250 -999.250 -999.250 -999.250 -999.250 -999.250 -999.250 -999.250 -999.250 -999.250 -999.250 -999.250 -999.250 -999.250 -999.250 -999.250 -999.250 -999.250 -999.250 -999.250 -999.250 -999.250 -999.250 -999.250 -999.250 -999.250 -999.250 -999.250
15.456 14.737 16.734 15.458 13.645 14.175 13.142 12.050 11.604 9.656 10.180 9.734 12.915 10.316 7.442 12.783 12.741 14.842 13.992 14.434 13.726 11.091 11.740 15.038 15.119 16.504 18.744 20.633 19.640 16.325 20.439 18.353 19.983 18.611 19.786 21.128 18.533 18.248 19.334 17.232 -999.250 -999.250 -999.250 -999.250 -999.250 -999.250 -999.250 -999.250 -999.250 -999.250 -999.250 -999.250 -999.250 -999.250 -999.250 -999.250 -999.250 -999.250 -999.250 -999.250 -999.250 -999.250 -999.250 -999.250 -999.250 -999.250 -999.250 -999.250
16.924 17.210 17.424 16.897 16.043 15.561 14.169 14.594 15.070 11.620 9.471 9.029 11.049 10.714 9.825 12.035 13.638 16.371 15.875 14.389 12.276 10.868 12.011 15.645 14.540 17.607 20.613 20.841 20.831 20.760 19.069 18.093 18.406 18.548 20.842 20.791 19.270 19.173 17.514 -999.250 -999.250 -999.250 -999.250 -999.250 -999.250 -999.250 -999.250 -999.250 -999.250 -999.250 -999.250 -999.250 -999.250 -999.250 -999.250 -999.250 -999.250 -999.250 -999.250 -999.250 -999.250 -999.250 -999.250 -999.250 -999.250 -999.250 -999.250 -999.250
