data/medianmodel_21-Dec-2020.asc
ncols	141
nrows	288
xllcorner	-120191.398
yllcorner	-301404.813
cellsize	2000.000
NODATA_value	-999.250
[rows 174 to 202 of 288, columns 0 to 63 of 141]
-999.250 -999.250 -999.250 -999.250 347.211 336.732 324.558 338.944 334.214 307.128 294.854 257.123 255.081 249.294 232.419 223.937 219.981 237.784 281.651 311.446 361.859 379.673 422.339 424.333 430.966 423.160 390.505 383.309 365.104 341.132 320.334 294.909 307.988 281.917 293.981 271.791 234.418 232.789 214.470 199.234 181.481 183.338 191.210 199.115 229.720 299.932 348.371 407.081 499.895 575.670 637.414 742.636 872.429 983.974 1060.164 1198.143 1286.669 1311.569 1266.245 1204.225 1150.778 1064.805 952.765 905.849
-999.250 -999.250 -999.250 -999.250 328.162 330.822 339.979 345.815 329.531 305.083 289.430 269.757 253.961 236.856 232.127 224.596 240.224 243.299 274.078 300.742 335.079 350.575 373.385 388.964 380.621 372.444 358.980 355.404 319.547 302.390 315.844 280.273 269.437 271.472 274.296 252.212 223.449 223.326 204.992 191.986 185.678 182.925 192.815 203.029 244.698 317.712 361.647 450.739 522.684 589.831 684.917 769.555 897.745 1030.026 1181.109 1259.423 1371.939 1543.830 1417.955 1301.088 1238.817 1153.494 1071.637 985.406
-999.250 -999.250 -999.250 -999.250 328.229 325.819 338.568 351.349 344.392 324.749 292.022 278.394 256.304 278.509 264.172 263.942 272.220 268.021 297.308 299.860 329.249 336.572 334.071 364.087 371.972 348.258 340.179 317.888 308.832 303.412 293.027 264.489 260.117 268.232 242.469 227.491 214.573 213.223 202.809 199.345 189.307 195.010 190.559 206.056 254.349 333.525 372.632 474.892 550.482 642.767 742.000 770.952 988.895 1116.358 1231.874 1264.678 1508.810 1764.137 1645.850 1487.470 1333.459 1262.798 1075.994 1012.011
-999.250 -999.250 -999.250 -999.250 315.676 320.103 324.667 332.063 333.993 325.394 302.174 279.889 266.249 283.334 270.230 294.539 290.701 313.147 305.459 313.256 328.570 327.554 339.890 331.277 336.706 328.105 315.824 299.690 292.600 267.231 260.790 246.167 248.188 230.333 226.580 216.559 220.247 207.493 202.409 195.947 199.166 199.456 220.645 234.738 273.808 349.211 405.175 484.511 570.203 645.011 782.154 895.693 1026.580 1127.135 1192.373 1291.888 1445.589 1612.534 1627.552 1608.299 1347.622 1206.329 1132.759 1029.869
-999.250 -999.250 -999.250 -999.250 324.852 312.936 320.414 335.864 334.626 320.544 307.512 292.866 314.877 316.599 309.244 323.317 320.976 333.223 325.607 322.155 332.435 333.035 326.151 323.619 333.324 304.701 298.624 291.645 274.530 261.352 246.688 222.969 232.737 224.474 222.917 215.176 214.712 212.514 201.616 204.015 210.182 225.695 260.119 286.129 315.064 371.416 438.174 529.810 578.926 683.734 800.731 920.673 960.355 1068.645 1165.977 1319.411 1332.666 1470.224 1555.242 1468.873 1293.280 1254.274 1140.226 1010.321
-999.250 -999.250 -999.250 324.532 314.698 314.893 317.635 323.273 321.793 305.367 316.893 322.746 326.749 319.143 321.377 333.331 336.466 340.120 337.790 339.643 345.175 333.159 322.684 319.159 303.481 307.121 285.061 268.334 269.056 237.469 231.026 231.460 219.666 230.645 229.948 219.780 214.621 216.913 225.808 217.918 223.074 256.336 269.692 330.642 359.767 417.126 485.059 552.520 588.476 704.391 783.905 910.099 985.817 1094.322 1211.701 1269.914 1318.648 1420.030 1368.510 1308.622 1283.537 1171.832 1098.579 1060.841
-999.250 -999.250 -999.250 313.913 306.981 311.496 306.102 308.555 327.111 317.042 327.183 323.447 333.167 340.300 337.623 336.048 344.430 351.769 343.771 346.334 348.925 334.494 322.405 316.267 313.547 295.779 267.111 245.926 239.154 224.441 231.689 237.563 238.113 230.185 223.582 231.827 227.942 237.880 224.512 217.827 241.952 289.999 310.177 348.239 392.103 455.375 508.946 554.874 602.185 669.629 778.859 869.704 973.652 1084.996 1182.147 1181.093 1207.336 1284.733 1264.649 1247.128 1236.588 1187.354 1063.661 1000.293
-999.250 -999.250 -999.250 292.574 298.875 305.652 302.950 322.495 312.010 309.650 323.668 335.690 341.518 349.180 359.355 357.083 361.572 379.560 361.078 354.940 343.731 338.542 330.000 311.121 298.383 285.441 268.613 256.702 242.756 233.581 224.963 232.764 242.976 236.690 232.534 238.326 245.760 239.194 236.932 234.520 257.038 301.603 337.917 375.870 409.784 459.654 523.580 572.879 606.930 695.724 747.713 866.643 966.931 1066.670 1133.503 1169.705 1210.073 1161.278 1233.830 1141.427 1125.874 1089.878 1004.186 916.774
-999.250 -999.250 294.146 296.857 303.412 317.413 298.939 318.540 307.462 321.807 330.837 345.018 334.675 346.219 358.168 372.461 389.554 383.181 392.621 362.232 365.625 351.509 340.474 335.446 319.717 301.615 277.118 268.308 254.640 252.965 238.904 242.690 252.795 259.054 234.757 257.817 254.020 253.629 253.277 281.017 288.991 330.617 353.077 402.899 440.352 483.034 534.830 578.200 602.574 635.980 720.014 855.470 925.155 977.089 1026.498 1063.104 1136.581 1120.373 1118.546 1114.620 1024.788 1015.887 957.674 823.164
-999.250 -999.250 299.511 304.836 280.642 308.940 298.808 320.495 316.932 322.214 339.988 343.007 340.963 350.182 362.656 394.325 418.793 412.907 412.008 394.425 -999.250 361.890 354.425 343.145 323.986 321.510 312.289 294.547 283.550 274.492 272.402 282.743 279.752 278.221 255.323 268.329 279.122 276.854 278.792 296.606 320.171 346.720 368.753 409.311 467.628 492.317 550.550 578.647 595.324 652.846 714.745 747.587 853.925 882.551 971.272 1030.942 987.153 1099.129 1020.820 1006.528 1023.464 945.480 872.598 737.750
-999.250 301.671 306.362 287.827 308.475 299.946 301.411 325.839 336.996 337.931 333.305 345.096 349.008 342.785 364.208 402.851 463.762 445.029 426.450 -999.250 -999.250 383.353 374.221 351.593 354.820 338.168 339.584 331.485 325.555 322.136 321.280 313.597 315.004 330.863 320.183 303.174 319.538 312.550 313.888 324.463 345.684 371.711 394.375 429.827 475.620 507.439 543.342 575.439 626.483 672.297 709.259 749.448 761.339 835.827 859.723 946.562 890.306 984.304 977.415 947.766 936.949 840.857 750.923 669.805
-999.250 297.974 297.156 308.705 308.011 308.051 299.235 331.691 339.520 346.592 349.098 354.836 352.657 354.239 372.742 413.308 466.334 471.736 -999.250 -999.250 -999.250 -999.250 396.376 391.711 371.649 358.038 360.107 353.017 353.968 349.889 352.375 339.722 343.454 338.146 338.703 338.568 347.792 334.408 343.169 353.727 354.475 385.698 409.978 467.717 509.844 538.216 580.290 581.124 626.654 687.674 708.523 715.587 743.061 798.290 838.120 873.839 896.125 888.770 901.975 917.856 840.878 754.301 675.018 582.262
308.317 322.997 335.838 328.856 340.202 303.578 306.643 334.494 343.002 352.579 352.734 366.709 382.596 379.886 386.227 434.597 471.550 502.787 -999.250 -999.250 -999.250 -999.250 -999.250 422.514 403.633 405.048 406.649 408.570 419.139 402.628 380.339 358.031 367.233 359.071 368.733 359.262 361.867 354.457 365.557 362.962 389.462 403.849 457.213 493.275 504.004 544.791 572.882 594.504 630.410 662.820 682.881 712.652 717.428 789.627 822.795 820.295 763.206 756.773 807.865 749.844 745.597 654.407 599.018 543.673
-999.250 323.227 321.048 325.073 337.915 335.962 334.212 341.908 350.721 342.936 356.923 371.344 407.374 402.753 432.280 455.855 497.709 518.811 -999.250 -999.250 -999.250 -999.250 442.059 452.699 440.457 459.283 459.239 473.853 472.991 455.838 424.791 397.127 393.106 388.279 363.813 387.541 371.573 369.721 386.082 414.628 417.641 429.440 462.604 497.861 533.184 556.316 575.280 592.631 614.995 664.761 651.827 708.764 724.163 778.742 783.321 783.621 771.270 717.274 731.207 722.827 684.487 593.897 552.247 506.223
-999.250 327.601 328.429 329.646 333.610 335.585 333.250 340.855 339.891 347.629 342.738 365.333 397.814 425.833 443.131 490.074 499.601 509.179 -999.250 -999.250 -999.250 475.289 -999.250 470.346 496.333 502.066 513.328 515.478 521.299 504.894 493.075 434.987 416.273 404.128 389.838 384.932 389.732 394.203 406.039 424.178 427.092 451.136 476.928 517.454 549.682 566.028 603.202 636.006 650.414 665.897 702.106 703.634 737.635 739.844 731.236 768.219 753.649 731.350 683.102 655.381 628.491 592.496 524.923 461.448
-999.250 336.250 342.932 339.452 348.595 339.261 339.269 344.119 350.172 349.372 355.552 375.422 411.368 452.051 456.502 494.874 527.352 -999.250 -999.250 -999.250 -999.250 503.317 489.049 471.814 484.925 521.598 529.902 567.976 569.700 557.222 526.894 473.178 421.409 422.530 417.996 402.227 398.026 410.983 409.185 450.929 482.110 495.468 523.184 540.856 575.751 582.859 603.373 654.547 685.166 653.416 685.465 659.330 665.076 644.056 711.966 718.882 673.142 672.759 657.826 610.710 577.060 560.543 528.981 444.702
-999.250 348.078 344.686 359.069 356.234 346.793 345.444 346.067 340.506 358.387 358.161 370.897 402.805 455.157 481.475 511.841 546.694 -999.250 -999.250 -999.250 528.504 491.890 472.108 480.325 481.173 516.103 556.587 579.310 651.943 575.459 539.981 475.611 455.735 442.912 421.006 422.975 427.388 424.877 423.234 472.020 508.328 520.645 543.515 571.245 585.026 599.504 610.828 650.759 653.716 655.905 657.757 654.372 642.003 684.232 661.768 654.170 660.544 652.592 639.376 612.039 588.837 558.189 505.375 469.709
-999.250 -999.250 -999.250 352.052 -999.250 -999.250 352.436 343.646 351.806 -999.250 -999.250 -999.250 411.480 460.593 -999.250 -999.250 -999.250 -999.250 -999.250 -999.250 564.301 524.377 513.099 511.320 522.200 523.146 544.925 569.600 571.499 558.925 527.307 473.022 451.412 432.716 435.340 413.793 432.432 445.557 443.483 478.100 519.468 523.423 560.026 575.604 598.390 618.402 635.501 650.734 650.712 631.977 612.894 650.039 648.649 658.647 623.720 686.320 644.353 622.071 626.346 595.918 592.191 563.971 521.214 470.476
-999.250 -999.250 -999.250 -999.250 -999.250 -999.250 -999.250 -999.250 -999.250 -999.250 -999.250 -999.250 -999.250 469.555 487.185 543.593 -999.250 -999.250 -999.250 591.422 577.006 568.355 554.015 537.873 491.605 476.139 496.473 506.330 507.042 507.621 493.456 471.217 445.260 423.444 439.758 425.964 418.203 443.794 444.568 472.565 490.606 521.575 537.171 573.011 615.224 675.255 632.279 646.600 629.891 647.577 633.546 652.562 614.609 629.616 611.561 614.299 646.888 628.741 603.669 580.778 567.689 547.892 527.246 482.019
-999.250 -999.250 -999.250 -999.250 -999.250 -999.250 -999.250 -999.250 -999.250 -999.250 -999.250 416.328 438.244 461.097 511.083 548.394 -999.250 -999.250 605.000 650.725 624.418 599.618 572.432 537.602 477.167 443.214 445.761 458.176 456.599 457.505 456.746 438.456 427.327 414.146 409.211 423.848 416.683 455.799 459.111 449.683 478.997 479.050 538.118 553.079 588.027 614.007 614.359 602.264 602.946 625.763 617.019 595.438 577.313 594.076 606.052 616.571 645.491 618.289 589.332 575.290 561.513 539.218 524.130 507.517
-999.250 -999.250 -999.250 -999.250 -999.250 -999.250 -999.250 -999.250 -999.250 -999.250 -999.250 413.191 441.925 462.384 497.888 519.497 518.320 544.733 569.355 622.176 616.611 648.998 580.647 530.364 463.929 418.297 401.438 409.880 419.914 436.820 444.053 428.245 408.551 409.830 408.271 411.202 420.585 437.554 452.935 458.088 472.207 482.667 517.138 533.868 556.422 575.808 582.477 582.091 572.272 585.673 582.909 583.439 591.716 578.520 590.330 597.955 601.474 598.864 590.273 576.145 567.486 558.106 532.679 522.733
-999.250 -999.250 -999.250 -999.250 -999.250 -999.250 -999.250 -999.250 -999.250 -999.250 -999.250 -999.250 434.183 450.330 478.826 473.455 457.223 525.939 551.125 587.061 596.041 595.957 564.162 530.117 471.750 428.671 406.461 393.627 403.036 403.567 413.978 413.711 409.184 408.541 381.048 385.164 401.592 411.430 450.054 472.115 470.954 493.312 509.058 518.551 544.567 548.818 561.835 560.367 555.591 561.169 559.790 568.316 574.155 579.464 570.685 591.631 617.128 600.247 590.322 572.663 564.672 557.545 547.006 535.873
-999.250 -999.250 -999.250 -999.250 -999.250 -999.250 -999.250 -999.250 -999.250 -999.250 -999.250 -999.250 -999.250 437.268 445.162 450.146 445.494 478.101 497.391 544.684 558.021 562.699 536.661 494.485 476.560 440.304 407.555 406.745 401.660 404.907 399.718 391.591 391.418 380.447 371.607 377.092 378.878 403.017 428.461 421.094 439.648 473.311 471.310 518.284 487.688 503.149 521.205 542.699 561.443 568.503 555.635 568.679 574.669 562.961 587.101 581.802 589.567 593.386 574.139 587.115 555.262 551.473 562.521 557.287
-999.250 -999.250 -999.250 -999.250 -999.250 -999.250 -999.250 -999.250 -999.250 -999.250 -999.250 -999.250 -999.250 425.170 427.719 424.553 429.377 466.674 477.924 491.737 513.090 514.382 498.990 473.847 446.534 439.716 402.851 420.341 396.919 391.821 384.097 373.152 375.803 362.173 370.472 377.793 400.207 397.934 414.746 429.303 440.878 436.255 469.624 462.535 476.646 470.337 477.023 496.325 533.131 547.172 526.491 536.188 558.851 573.078 567.797 575.672 582.807 578.200 577.093 564.788 579.471 560.589 567.149 559.459
-999.250 -999.250 -999.250 -999.250 -999.250 -999.250 -999.250 -999.250 -999.250 -999.250 -999.250 -999.250 -999.250 399.425 413.516 419.946 430.039 436.293 444.710 450.882 466.267 466.016 465.790 461.885 431.279 419.030 413.039 401.399 395.600 388.077 364.227 351.250 354.051 364.789 366.853 356.308 364.281 383.528 389.873 396.250 417.878 427.370 434.524 425.608 438.101 432.492 428.584 445.124 477.744 478.495 513.023 519.415 527.250 547.372 544.227 565.343 563.824 562.129 564.832 588.236 588.016 562.799 584.256 583.155
-999.250 -999.250 -999.250 -999.250 -999.250 -999.250 -999.250 -999.250 -999.250 -999.250 -999.250 -999.250 -999.250 -999.250 402.119 400.714 405.494 415.748 439.662 445.953 439.347 460.206 451.581 453.472 418.699 439.198 397.886 387.699 376.245 379.803 380.872 363.634 346.504 351.018 342.117 340.670 352.540 361.651 352.840 390.931 395.713 398.233 377.483 383.458 386.106 423.755 426.840 416.427 432.512 445.374 475.407 463.509 496.492 522.676 533.823 549.136 559.655 560.278 562.422 593.144 584.822 587.306 584.758 597.139
-999.250 -999.250 -999.250 -999.250 -999.250 -999.250 -999.250 -999.250 -999.250 -999.250 -999.250 -999.250 -999.250 -999.250 388.732 390.798 398.458 407.405 426.552 415.405 444.063 417.952 423.366 424.977 420.753 409.258 392.265 396.114 407.380 383.231 369.322 366.378 348.592 340.251 334.826 346.123 341.293 338.974 345.372 349.059 381.444 380.413 376.083 363.190 361.802 392.510 370.153 385.207 397.292 409.255 425.546 460.024 488.583 502.115 522.889 533.920 541.396 560.123 562.056 574.339 591.538 604.102 577.584 574.616
-999.250 -999.250 -999.250 -999.250 -999.250 -999.250 -999.250 -999.250 -999.250 -999.250 -999.250 -999.250 -999.250 -999.250 368.887 378.018 389.357 383.232 386.307 389.427 397.373 406.536 389.172 405.291 390.909 396.797 400.166 391.767 388.070 374.796 364.516 358.561 349.174 342.177 334.408 317.644 339.378 314.946 337.513 330.840 341.592 349.491 342.104 344.163 367.009 370.433 363.544 380.748 393.119 409.866 406.436 416.780 426.341 463.024 469.423 510.645 522.982 543.019 551.470 567.938 570.926 585.265 614.133 590.998
-999.250 -999.250 -999.250 -999.250 -999.250 -999.250 -999.250 -999.250 -999.250 -999.250 -999.250 -999.250 -999.250 -999.250 366.098 358.595 363.115 375.574 368.594 376.216 393.705 385.501 371.856 364.329 390.218 -999.250 384.762 381.375 379.991 363.177 389.290 357.102 343.775 328.639 326.706 322.155 316.408 327.615 327.019 316.394 333.427 332.896 349.243 343.609 352.542 353.329 346.383 362.120 357.891 390.247 397.933 402.660 430.951 424.138 470.780 504.154 526.789 539.378 543.542 553.675 570.186 588.769 600.168 590.711
