data/medianmodel_05-Jan-2021.asc
ncols	141
nrows	288
xllcorner	-120191.398
yllcorner	-301404.813
cellsize	2000.000
NODATA_value	-999.250
[rows 168 to 195 of 288, columns 65 to 129 of 141]
612.887 586.118 552.822 523.304 502.031 473.959 463.090 481.176 489.740 506.555 513.676 533.643 549.151 567.996 579.095 588.616 564.125 538.081 526.410 485.742 469.386 453.067 400.226 331.051 324.833 287.656 251.163 200.360 153.052 144.701 103.844 82.552 78.927 77.670 82.138 111.025 145.407 -999.250 -999.250 -999.250 284.072 300.627 352.076 -999.250 -999.250 -999.250 -999.250 -999.250 -999.250 -999.250 -999.250 -999.250 -999.250 -999.250 -999.250 -999.250 -999.250 -999.250 -999.250 -999.250 -999.250 -999.250 -999.250 -999.250 -999.250
686.322 654.435 596.146 538.309 524.066 489.164 477.685 479.293 492.504 499.061 518.233 512.265 517.005 533.519 554.318 541.665 534.153 529.273 515.039 497.741 450.081 429.333 387.581 357.451 310.181 276.817 247.045 225.885 187.034 169.113 138.524 116.168 103.243 106.383 126.269 155.367 188.784 227.948 271.311 301.822 344.034 346.325 380.911 421.047 -999.250 -999.250 -999.250 -999.250 -999.250 -999.250 -999.250 -999.250 -999.250 -999.250 -999.250 -999.250 -999.250 -999.250 -999.250 -999.250 -999.250 -999.250 -999.250 -999.250 -999.250
792.764 759.130 646.216 599.577 548.319 518.013 513.313 503.930 508.724 507.025 516.444 526.188 519.688 521.918 529.516 504.371 519.753 517.082 502.119 483.013 446.775 426.832 396.526 358.691 315.375 291.122 289.919 250.070 239.272 214.794 185.114 182.071 171.241 179.195 169.634 206.894 236.793 277.788 311.179 356.054 375.424 390.879 444.501 454.140 490.032 -999.250 -999.250 -999.250 -999.250 -999.250 -999.250 -999.250 -999.250 -999.250 -999.250 -999.250 -999.250 -999.250 -999.250 -999.250 -999.250 -999.250 -999.250 -999.250 -999.250
916.554 809.514 718.263 657.974 606.353 562.189 550.143 561.770 528.533 532.207 529.900 532.196 544.653 546.527 549.061 531.900 517.160 520.729 509.327 488.450 479.415 427.013 405.041 386.440 335.387 327.656 289.194 284.010 281.287 251.669 229.302 242.682 259.686 229.844 243.563 288.143 305.117 337.038 373.685 388.689 392.521 436.745 476.880 483.567 500.094 -999.250 -999.250 -999.250 -999.250 -999.250 -999.250 -999.250 -999.250 -999.250 -999.250 -999.250 -999.250 -999.250 -999.250 -999.250 -999.250 -999.250 -999.250 -999.250 -999.250
986.381 912.678 787.973 701.346 676.610 628.545 570.958 555.652 573.211 545.750 530.178 546.323 552.228 565.889 564.680 544.029 531.555 534.112 522.104 499.673 477.683 446.830 455.368 426.880 374.869 360.677 336.135 342.739 330.027 332.752 319.005 336.745 308.351 319.117 322.878 328.547 382.832 394.481 445.904 437.199 460.126 473.560 503.980 517.744 521.633 -999.250 -999.250 -999.250 -999.250 -999.250 -999.250 -999.250 -999.250 -999.250 -999.250 -999.250 -999.250 -999.250 -999.250 -999.250 -999.250 -999.250 -999.250 -999.250 -999.250
1040.562 986.897 884.998 814.619 709.207 677.858 610.945 609.393 590.243 561.588 579.563 548.764 588.618 591.347 579.667 569.337 572.823 565.686 548.018 549.243 506.272 494.140 512.363 490.226 470.380 440.364 415.703 390.798 383.304 389.578 389.972 400.354 407.032 399.123 429.630 440.134 492.017 501.555 494.546 482.785 504.616 500.935 526.052 554.515 541.869 539.218 -999.250 -999.250 -999.250 -999.250 -999.250 -999.250 -999.250 -999.250 -999.250 -999.250 -999.250 -999.250 -999.250 -999.250 -999.250 -999.250 -999.250 -999.250 -999.250
1153.799 1065.438 954.645 864.741 787.475 694.975 694.134 652.388 615.853 602.962 598.218 593.166 617.198 636.118 623.879 625.265 586.577 596.342 566.014 552.745 544.116 542.397 538.514 533.199 518.841 511.805 479.486 475.469 489.126 488.661 477.555 485.167 513.198 507.116 508.145 549.994 544.801 558.523 540.823 547.620 564.802 583.713 588.749 577.373 585.440 -999.250 -999.250 -999.250 -999.250 -999.250 -999.250 -999.250 -999.250 -999.250 -999.250 -999.250 -999.250 -999.250 -999.250 -999.250 -999.250 -999.250 -999.250 -999.250 -999.250
1210.783 1152.937 1083.024 985.972 841.649 766.175 723.144 709.137 685.226 654.854 626.212 638.118 677.103 676.449 694.628 694.256 677.921 622.367 602.870 581.184 573.999 582.843 566.145 583.128 557.452 563.269 562.549 555.659 563.787 557.650 557.440 558.463 562.090 607.731 604.683 633.731 628.123 633.516 620.813 619.422 624.183 601.218 642.162 600.316 -999.250 -999.250 -999.250 -999.250 -999.250 -999.250 -999.250 -999.250 -999.250 -999.250 -999.250 -999.250 -999.250 -999.250 -999.250 -999.250 -999.250 -999.250 -999.250 -999.250 -999.250
1291.555 1201.278 1151.519 1024.864 946.814 856.120 800.510 748.434 731.468 704.697 653.934 682.545 698.391 707.383 793.291 723.183 711.048 652.423 620.707 621.329 602.261 595.598 611.877 622.642 643.811 638.233 620.177 620.446 637.611 635.422 625.915 644.749 663.415 696.031 683.962 725.975 715.521 737.315 696.766 697.916 685.098 696.761 663.942 652.762 -999.250 -999.250 -999.250 -999.250 -999.250 -999.250 -999.250 -999.250 -999.250 -999.250 -999.250 -999.250 -999.250 -999.250 -999.250 -999.250 -999.250 -999.250 -999.250 -999.250 -999.250
1378.913 1269.417 1161.285 1063.425 1010.266 915.721 793.789 775.816 754.637 731.650 678.459 673.216 662.625 704.780 735.848 718.624 698.402 692.379 648.785 635.289 654.956 675.818 689.938 701.892 723.516 757.803 703.028 700.192 715.907 679.502 712.191 731.427 771.131 771.383 778.098 798.261 788.863 808.515 832.428 813.616 757.827 750.439 690.707 -999.250 -999.250 -999.250 -999.250 -999.250 -999.250 -999.250 -999.250 -999.250 -999.250 -999.250 -999.250 -999.250 -999.250 -999.250 -999.250 -999.250 -999.250 -999.250 -999.250 -999.250 -999.250
1412.043 1247.639 1158.102 1109.563 1002.613 895.549 817.807 776.795 717.013 719.298 705.276 680.694 668.361 676.521 687.026 683.027 688.845 696.557 688.219 703.040 734.475 715.304 728.124 778.465 767.968 811.486 820.141 799.264 828.049 772.866 789.582 800.220 834.735 812.043 858.325 857.152 867.167 893.685 882.543 904.106 848.946 844.346 821.656 -999.250 -999.250 -999.250 -999.250 -999.250 -999.250 -999.250 -999.250 -999.250 -999.250 -999.250 -999.250 -999.250 -999.250 -999.250 -999.250 -999.250 -999.250 -999.250 -999.250 -999.250 -999.250
1345.414 1245.616 1229.517 1171.962 1000.147 876.725 798.377 766.813 723.901 712.448 699.704 650.877 644.271 671.179 675.109 668.462 699.953 712.213 698.635 748.303 752.668 796.881 797.015 873.364 849.066 846.452 891.851 889.584 862.861 837.628 838.479 868.548 871.952 861.209 902.859 912.220 931.383 975.692 980.073 957.416 936.040 941.882 -999.250 -999.250 -999.250 -999.250 -999.250 -999.250 -999.250 -999.250 -999.250 -999.250 -999.250 -999.250 -999.250 -999.250 -999.250 -999.250 -999.250 -999.250 -999.250 -999.250 -999.250 -999.250 -999.250
1446.950 1278.349 1173.063 1061.010 985.456 951.187 878.025 762.155 732.510 689.108 671.806 643.868 618.439 642.247 646.239 666.895 658.395 686.307 724.512 759.206 762.553 813.224 816.536 928.137 984.778 933.041 983.516 960.916 913.849 869.189 893.570 872.965 931.643 901.168 958.809 1052.698 1036.309 1014.249 1047.996 999.370 983.221 942.618 -999.250 -999.250 -999.250 -999.250 -999.250 -999.250 -999.250 -999.250 -999.250 -999.250 -999.250 -999.250 -999.250 -999.250 -999.250 -999.250 -999.250 -999.250 -999.250 -999.250 -999.250 -999.250 -999.250
1344.050 1260.779 1093.446 995.737 953.154 869.946 837.925 781.180 700.829 688.647 669.613 649.169 613.213 611.742 617.916 645.341 655.783 697.335 703.653 722.063 794.891 819.769 963.744 973.240 1017.713 990.967 995.124 941.619 955.207 897.304 905.280 987.847 934.982 937.551 999.768 1048.850 1093.772 1097.215 1109.390 1110.687 1031.134 997.927 -999.250 -999.250 -999.250 -999.250 -999.250 -999.250 -999.250 -999.250 -999.250 -999.250 -999.250 -999.250 -999.250 -999.250 -999.250 -999.250 -999.250 -999.250 -999.250 -999.250 -999.250 -999.250 -999.250
1283.880 1160.386 1044.290 950.715 904.179 853.592 779.292 752.027 665.485 654.208 639.178 598.597 617.003 596.892 612.626 629.642 623.897 664.931 690.989 752.936 797.283 890.561 994.112 1045.313 1076.694 1095.478 1048.943 973.344 926.136 841.059 847.440 885.990 954.239 949.072 985.793 1080.988 1170.464 1208.888 1167.661 1119.471 1102.621 -999.250 -999.250 -999.250 -999.250 -999.250 -999.250 -999.250 -999.250 -999.250 -999.250 -999.250 -999.250 -999.250 -999.250 -999.250 -999.250 -999.250 -999.250 -999.250 -999.250 -999.250 -999.250 -999.250 -999.250
1232.668 1094.387 987.285 884.564 851.062 760.172 747.034 676.535 663.246 632.196 639.754 613.967 593.203 591.071 582.908 599.437 624.547 630.920 659.962 717.704 775.866 863.711 982.045 1060.147 1143.947 1186.144 1037.705 912.900 828.933 785.429 830.043 853.923 869.463 917.082 996.562 1068.160 1192.235 1247.077 1180.183 1157.811 -999.250 -999.250 -999.250 -999.250 -999.250 -999.250 -999.250 -999.250 -999.250 -999.250 -999.250 -999.250 -999.250 -999.250 -999.250 -999.250 -999.250 -999.250 -999.250 -999.250 -999.250 -999.250 -999.250 -999.250 -999.250
1082.054 1017.809 932.996 812.480 788.023 767.810 682.116 633.948 613.375 603.443 587.937 591.640 568.659 566.021 574.682 569.189 589.497 624.516 653.682 702.693 764.080 827.938 970.373 1026.129 1096.207 1247.031 977.209 825.425 737.720 764.015 743.478 783.919 858.020 897.779 975.339 1018.165 1152.294 1170.390 1176.389 1131.653 -999.250 -999.250 -999.250 -999.250 -999.250 -999.250 -999.250 -999.250 -999.250 -999.250 -999.250 -999.250 -999.250 -999.250 -999.250 -999.250 -999.250 -999.250 -999.250 -999.250 -999.250 -999.250 -999.250 -999.250 -999.250
1048.155 884.635 797.053 776.121 736.199 694.408 645.803 613.311 577.373 546.641 566.932 556.114 540.331 539.291 552.179 560.339 607.186 613.803 635.082 674.606 717.132 782.503 869.866 850.619 900.246 807.292 681.297 596.168 599.749 663.026 668.449 703.445 798.188 839.633 963.156 1026.253 1123.140 1086.726 -999.250 -999.250 -999.250 -999.250 -999.250 -999.250 -999.250 -999.250 -999.250 -999.250 -999.250 -999.250 -999.250 -999.250 -999.250 -999.250 -999.250 -999.250 -999.250 -999.250 -999.250 -999.250 -999.250 -999.250 -999.250 -999.250 -999.250
918.506 804.407 762.338 688.216 674.952 622.904 585.568 560.459 535.412 556.223 540.720 529.922 529.262 534.805 538.285 553.857 585.294 583.787 601.542 675.792 687.914 753.611 772.413 744.355 674.967 543.008 313.480 424.735 526.714 573.068 627.168 663.437 719.610 798.712 896.844 979.269 1060.459 -999.250 -999.250 -999.250 -999.250 -999.250 -999.250 -999.250 -999.250 -999.250 -999.250 -999.250 -999.250 -999.250 -999.250 -999.250 -999.250 -999.250 -999.250 -999.250 -999.250 -999.250 -999.250 -999.250 -999.250 -999.250 -999.250 -999.250 -999.250
765.011 722.169 664.069 640.979 634.812 586.004 566.504 549.952 536.556 534.695 528.497 508.907 525.167 520.617 520.964 541.978 581.784 578.566 597.790 623.997 670.389 674.494 662.981 631.539 550.941 444.487 340.852 366.616 456.021 519.010 564.497 617.830 697.847 741.447 819.101 880.133 -999.250 -999.250 -999.250 -999.250 -999.250 -999.250 -999.250 -999.250 -999.250 -999.250 -999.250 -999.250 -999.250 -999.250 -999.250 -999.250 -999.250 -999.250 -999.250 -999.250 -999.250 -999.250 -999.250 -999.250 -999.250 -999.250 -999.250 -999.250 -999.250
698.236 650.647 617.787 609.374 605.309 561.355 562.222 515.563 510.656 509.222 507.180 528.545 494.304 498.766 508.354 524.113 543.441 566.366 585.403 611.700 622.240 631.648 597.698 546.050 491.068 399.089 367.763 377.266 447.121 508.550 559.855 598.290 635.573 730.764 753.699 -999.250 -999.250 -999.250 -999.250 -999.250 -999.250 -999.250 -999.250 -999.250 -999.250 -999.250 -999.250 -999.250 -999.250 -999.250 -999.250 -999.250 -999.250 -999.250 -999.250 -999.250 -999.250 -999.250 -999.250 -999.250 -999.250 -999.250 -999.250 -999.250 -999.250
632.725 609.945 583.620 575.470 568.039 540.830 528.317 516.457 504.748 493.109 483.467 492.983 491.078 495.595 503.340 521.774 539.129 547.715 561.125 586.602 575.388 561.227 541.194 494.291 445.802 409.037 400.010 406.139 453.775 482.863 550.393 592.173 664.350 -999.250 -999.250 -999.250 -999.250 -999.250 -999.250 -999.250 -999.250 -999.250 -999.250 -999.250 -999.250 -999.250 -999.250 -999.250 -999.250 -999.250 -999.250 -999.250 -999.250 -999.250 -999.250 -999.250 -999.250 -999.250 -999.250 -999.250 -999.250 -999.250 -999.250 -999.250 -999.250
618.500 594.440 560.623 559.847 539.502 507.322 487.026 483.407 461.622 467.083 471.428 470.535 464.196 465.705 488.056 493.213 503.640 513.046 539.885 522.536 519.063 506.377 508.426 481.542 443.459 399.803 422.185 422.070 472.396 499.856 533.871 602.234 688.247 -999.250 -999.250 -999.250 -999.250 -999.250 -999.250 -999.250 -999.250 -999.250 -999.250 -999.250 -999.250 -999.250 -999.250 -999.250 -999.250 -999.250 -999.250 -999.250 -999.250 -999.250 -999.250 -999.250 -999.250 -999.250 -999.250 -999.250 -999.250 -999.250 -999.250 -999.250 -999.250
600.285 572.093 573.905 542.618 542.703 525.673 486.154 466.529 479.413 474.063 455.788 453.375 455.827 455.354 463.132 469.460 480.327 505.172 501.540 519.440 493.366 497.710 486.632 482.670 448.132 439.764 443.270 467.221 485.653 518.815 583.773 627.743 -999.250 -999.250 -999.250 -999.250 -999.250 -999.250 -999.250 -999.250 -999.250 -999.250 -999.250 -999.250 -999.250 -999.250 -999.250 -999.250 -999.250 -999.250 -999.250 -999.250 -999.250 -999.250 -999.250 -999.250 -999.250 -999.250 -999.250 -999.250 -999.250 -999.250 -999.250 -999.250 -999.250
604.140 586.758 561.062 564.092 562.926 561.761 528.086 475.657 446.351 449.681 468.292 438.611 447.267 463.320 459.298 451.577 463.266 489.075 473.863 463.043 485.820 482.941 463.986 457.953 448.739 450.825 494.161 488.447 503.312 543.001 593.523 616.989 -999.250 -999.250 -999.250 -999.250 -999.250 -999.250 -999.250 -999.250 -999.250 -999.250 -999.250 -999.250 -999.250 -999.250 -999.250 -999.250 -999.250 -999.250 -999.250 -999.250 -999.250 -999.250 -999.250 -999.250 -999.250 -999.250 -999.250 -999.250 -999.250 -999.250 -999.250 -999.250 -999.250
604.583 588.415 580.230 550.917 560.768 563.248 535.052 501.703 496.289 471.976 431.845 432.639 428.199 454.719 452.409 460.416 453.551 461.913 487.958 469.675 454.079 464.028 441.410 452.456 462.953 497.019 502.118 514.587 526.897 557.702 563.519 636.445 -999.250 -999.250 -999.250 -999.250 -999.250 -999.250 -999.250 -999.250 -999.250 -999.250 -999.250 -999.250 -999.250 -999.250 -999.250 -999.250 -999.250 -999.250 -999.250 -999.250 -999.250 -999.250 -999.250 -999.250 -999.250 -999.250 -999.250 -999.250 -999.250 -999.250 -999.250 -999.250 -999.250
616.449 593.917 600.829 569.884 564.349 572.979 547.814 502.593 469.303 481.385 455.273 435.895 410.960 435.409 448.251 434.308 424.949 459.883 463.494 451.907 448.183 449.634 453.445 466.595 494.156 533.195 547.220 571.623 592.424 596.456 627.119 676.503 -999.250 -999.250 -999.250 -999.250 -999.250 -999.250 -999.250 -999.250 -999.250 -999.250 -999.250 -999.250 -999.250 -999.250 -999.250 -999.250 -999.250 -999.250 -999.250 -999.250 -999.250 -999.250 -999.250 -999.250 -999.250 -999.250 -999.250 -999.250 -999.250 -999.250 -999.250 -999.250 -999.250
611.985 612.099 620.788 622.981 613.202 588.657 559.613 537.686 527.174 505.370 456.669 460.687 444.399 478.736 440.939 392.549 418.299 430.523 434.833 457.613 464.618 452.496 472.788 508.707 522.330 580.929 580.560 614.553 658.466 678.937 717.841 740.111 781.773 -999.250 -999.250 -999.250 -999.250 -999.250 -999.250 -999.250 -999.250 -999.250 -999.250 -999.250 -999.250 -999.250 -999.250 -999.250 -999.250 -999.250 -999.250 -999.250 -999.250 -999.250 -999.250 -999.250 -999.250 -999.250 -999.250 -999.250 -999.250 -999.250 -999.250 -999.250 -999.250
