data/medianmodel_10-Nov-2020.asc
ncols	141
nrows	288
xllcorner	-120191.398
yllcorner	-301404.813
cellsize	2000.000
NODATA_value	-999.250
[rows 116 to 144 of 288, columns 65 to 129 of 141]
264.576 283.428 279.892 344.630 331.653 355.900 335.172 359.931 337.943 336.031 360.867 343.820 353.335 388.236 379.536 372.945 391.865 406.544 463.635 434.728 481.191 545.253 584.890 493.352 502.972 477.650 461.160 559.235 549.844 499.224 566.583 571.816 581.557 567.963 550.849 582.797 596.845 598.425 582.599 662.558 598.286 557.112 491.141 462.360 459.482 469.178 465.866 423.366 -999.250 -999.250 -999.250 -999.250 -999.250 -999.250 -999.250 -999.250 -999.250 -999.250 -999.250 -999.250 -999.250 -999.250 -999.250 -999.250 -999.250
237.533 257.646 270.516 280.453 285.750 321.678 327.539 306.939 316.825 333.441 307.723 332.473 337.203 344.262 391.545 358.441 390.733 430.556 464.109 468.147 443.649 490.464 471.277 477.811 481.209 451.393 491.715 530.625 500.672 545.909 566.457 568.291 561.233 604.162 597.383 596.364 650.014 685.350 640.068 676.727 649.965 537.762 483.433 492.919 479.682 460.007 452.579 476.383 -999.250 -999.250 -999.250 -999.250 -999.250 -999.250 -999.250 -999.250 -999.250 -999.250 -999.250 -999.250 -999.250 -999.250 -999.250 -999.250 -999.250
223.695 218.559 232.271 245.487 237.460 262.355 263.499 275.380 312.502 267.153 294.563 294.873 328.846 347.150 351.931 336.976 379.109 374.353 366.704 426.334 466.472 444.940 462.987 527.124 457.231 471.644 482.244 535.996 593.618 504.433 548.060 562.761 620.751 642.004 662.348 616.738 645.936 678.515 718.821 740.116 658.680 589.200 507.734 516.621 480.570 458.025 449.989 426.540 411.010 -999.250 -999.250 -999.250 -999.250 -999.250 -999.250 -999.250 -999.250 -999.250 -999.250 -999.250 -999.250 -999.250 -999.250 -999.250 -999.250
185.765 201.133 205.605 198.274 193.176 192.009 214.526 243.549 248.778 263.908 273.582 306.149 309.145 338.998 321.335 322.102 310.468 354.856 369.613 378.619 415.088 439.475 429.986 444.270 439.226 474.104 525.211 502.834 460.653 512.200 505.670 586.410 644.604 698.927 731.081 692.931 675.034 715.982 768.559 808.100 733.881 596.997 534.488 574.481 487.239 465.649 472.213 432.645 -999.250 -999.250 -999.250 -999.250 -999.250 -999.250 -999.250 -999.250 -999.250 -999.250 -999.250 -999.250 -999.250 -999.250 -999.250 -999.250 -999.250
187.024 182.589 162.524 150.064 139.241 146.644 180.718 203.505 206.776 228.847 242.692 269.443 278.183 277.080 284.515 331.380 304.392 340.920 336.145 338.339 346.194 381.953 416.102 423.972 446.804 454.092 492.431 482.771 490.266 489.339 500.049 585.106 607.315 651.768 763.153 751.509 820.824 822.064 802.907 820.045 727.933 551.220 596.169 508.859 492.832 446.211 478.905 458.223 -999.250 -999.250 -999.250 -999.250 -999.250 -999.250 -999.250 -999.250 -999.250 -999.250 -999.250 -999.250 -999.250 -999.250 -999.250 -999.250 -999.250
184.162 166.823 151.809 143.887 109.386 92.854 129.402 168.541 204.861 218.060 230.586 233.003 258.998 265.303 261.500 292.846 295.831 277.549 290.231 296.804 335.567 344.280 425.586 394.404 457.363 464.128 431.960 455.900 513.269 501.375 549.826 643.890 621.207 684.125 825.199 830.094 849.712 858.504 889.393 786.107 753.074 687.509 536.862 540.273 476.363 457.583 463.581 450.379 -999.250 -999.250 -999.250 -999.250 -999.250 -999.250 -999.250 -999.250 -999.250 -999.250 -999.250 -999.250 -999.250 -999.250 -999.250 -999.250 -999.250
189.329 163.408 147.347 130.202 97.830 39.976 98.798 170.549 201.855 216.645 226.017 248.231 229.769 249.422 264.383 268.595 263.734 283.888 282.502 289.213 299.678 345.626 416.726 408.525 388.906 427.700 425.504 478.945 482.317 498.047 553.524 628.444 723.709 832.487 876.517 908.002 888.412 882.408 872.331 811.873 773.104 671.082 518.204 516.308 451.731 448.650 422.835 441.315 -999.250 -999.250 -999.250 -999.250 -999.250 -999.250 -999.250 -999.250 -999.250 -999.250 -999.250 -999.250 -999.250 -999.250 -999.250 -999.250 -999.250
206.228 183.344 162.273 144.061 114.483 105.538 128.704 164.121 197.749 220.370 225.547 239.407 249.858 239.001 238.869 259.869 266.835 264.177 277.935 309.467 294.283 337.878 378.595 388.296 395.366 348.344 444.789 459.339 489.714 488.484 582.604 589.026 721.488 855.519 991.254 994.654 884.592 829.588 862.380 827.255 660.018 620.076 532.655 528.353 453.356 445.690 459.380 -999.250 -999.250 -999.250 -999.250 -999.250 -999.250 -999.250 -999.250 -999.250 -999.250 -999.250 -999.250 -999.250 -999.250 -999.250 -999.250 -999.250 -999.250
225.477 194.156 194.274 187.360 155.611 160.996 172.844 183.426 196.963 224.309 227.324 238.882 238.720 247.056 229.158 239.928 238.070 252.760 274.832 260.997 291.518 322.336 338.479 346.113 374.331 363.660 407.495 451.945 472.909 489.897 548.128 675.657 833.730 816.822 923.948 939.445 920.404 896.657 856.146 743.960 685.027 568.005 563.907 501.903 458.054 438.081 476.584 -999.250 -999.250 -999.250 -999.250 -999.250 -999.250 -999.250 -999.250 -999.250 -999.250 -999.250 -999.250 -999.250 -999.250 -999.250 -999.250 -999.250 -999.250
222.242 230.321 229.922 226.535 224.949 208.559 204.545 215.130 218.856 218.647 235.556 224.930 235.708 244.937 217.029 226.313 218.338 222.616 247.442 250.182 297.540 304.393 307.616 336.145 380.141 360.403 389.285 474.897 439.682 502.679 561.244 617.801 734.691 745.887 859.912 855.088 805.279 811.143 782.485 834.033 724.661 595.347 547.851 506.300 473.699 446.692 453.567 -999.250 -999.250 -999.250 -999.250 -999.250 -999.250 -999.250 -999.250 -999.250 -999.250 -999.250 -999.250 -999.250 -999.250 -999.250 -999.250 -999.250 -999.250
255.515 289.183 293.797 288.188 280.556 264.482 262.031 268.837 267.817 257.885 264.471 260.384 245.154 234.914 216.897 219.811 217.440 247.722 236.061 246.900 262.886 287.838 282.207 329.479 317.224 331.938 388.243 435.435 494.320 516.034 526.540 618.914 636.872 685.680 794.779 772.427 744.547 763.229 700.775 705.908 641.313 545.369 504.346 483.133 474.422 480.491 430.694 -999.250 -999.250 -999.250 -999.250 -999.250 -999.250 -999.250 -999.250 -999.250 -999.250 -999.250 -999.250 -999.250 -999.250 -999.250 -999.250 -999.250 -999.250
278.702 315.951 324.270 324.677 336.656 358.768 320.502 344.633 315.980 322.208 301.345 299.470 253.488 228.879 221.959 239.876 259.309 255.378 244.316 260.951 265.798 250.090 264.474 285.564 282.911 330.637 376.536 417.568 447.503 480.145 511.325 552.582 576.478 624.201 797.390 763.449 758.239 664.867 653.179 616.073 587.549 508.236 514.156 505.333 448.434 402.905 -999.250 -999.250 -999.250 -999.250 -999.250 -999.250 -999.250 -999.250 -999.250 -999.250 -999.250 -999.250 -999.250 -999.250 -999.250 -999.250 -999.250 -999.250 -999.250
296.237 348.659 356.276 383.303 416.293 410.508 337.506 378.493 387.190 391.592 346.230 316.156 292.987 235.826 238.910 232.213 244.724 211.790 233.632 254.024 259.674 250.938 232.204 242.368 285.681 326.284 312.539 369.735 438.776 472.639 489.675 457.361 520.977 596.195 692.781 672.913 726.824 682.933 617.762 622.231 527.654 499.569 466.733 489.433 437.521 -999.250 -999.250 -999.250 -999.250 -999.250 -999.250 -999.250 -999.250 -999.250 -999.250 -999.250 -999.250 -999.250 -999.250 -999.250 -999.250 -999.250 -999.250 -999.250 -999.250
323.700 396.348 432.813 444.544 446.151 459.635 456.280 415.386 414.912 424.344 357.172 311.248 301.596 273.062 265.363 261.269 243.521 218.884 234.353 223.429 236.764 236.074 226.731 250.674 281.636 295.731 365.104 364.541 414.985 465.810 528.716 546.369 521.019 584.672 656.258 663.480 636.756 631.243 563.239 609.774 582.218 537.007 457.537 442.686 -999.250 -999.250 -999.250 -999.250 -999.250 -999.250 -999.250 -999.250 -999.250 -999.250 -999.250 -999.250 -999.250 -999.250 -999.250 -999.250 -999.250 -999.250 -999.250 -999.250 -999.250
367.625 427.831 434.447 486.732 484.866 476.692 485.442 460.510 433.148 467.561 388.004 339.539 322.601 303.822 276.642 269.576 276.706 252.940 228.710 228.202 231.221 250.217 240.322 252.146 300.890 289.596 316.436 348.412 380.202 413.923 469.187 493.848 499.533 539.172 603.963 620.139 634.303 622.640 614.628 584.223 569.315 558.725 487.028 451.622 -999.250 -999.250 -999.250 -999.250 -999.250 -999.250 -999.250 -999.250 -999.250 -999.250 -999.250 -999.250 -999.250 -999.250 -999.250 -999.250 -999.250 -999.250 -999.250 -999.250 -999.250
388.649 463.232 492.261 532.173 554.200 558.531 503.336 468.137 470.068 502.787 421.611 376.434 328.451 306.306 281.654 288.238 260.182 257.352 226.777 239.361 242.985 266.647 252.504 242.767 283.207 295.925 307.339 345.992 364.464 387.542 470.201 471.367 511.565 503.078 546.757 663.170 545.826 555.145 626.986 526.373 534.850 504.418 466.651 465.777 -999.250 -999.250 -999.250 -999.250 -999.250 -999.250 -999.250 -999.250 -999.250 -999.250 -999.250 -999.250 -999.250 -999.250 -999.250 -999.250 -999.250 -999.250 -999.250 -999.250 -999.250
418.063 466.717 537.734 633.301 644.882 554.051 499.954 506.455 491.869 485.201 447.577 397.996 365.951 320.429 284.837 275.606 250.422 236.511 234.568 227.908 235.441 237.449 244.295 261.534 289.165 287.661 303.433 351.888 381.215 404.666 418.851 494.148 534.183 544.832 496.240 532.085 513.366 588.680 541.188 573.211 491.700 457.642 455.557 422.976 -999.250 -999.250 -999.250 -999.250 -999.250 -999.250 -999.250 -999.250 -999.250 -999.250 -999.250 -999.250 -999.250 -999.250 -999.250 -999.250 -999.250 -999.250 -999.250 -999.250 -999.250
407.240 441.056 481.109 594.559 685.119 574.645 534.384 558.932 539.626 497.001 415.725 402.580 346.015 327.019 278.283 264.459 241.088 246.661 237.964 234.849 235.245 226.486 245.022 242.147 252.709 305.159 300.391 334.093 401.697 380.028 414.276 438.529 471.520 481.467 526.183 494.855 528.173 508.486 506.662 493.918 501.678 451.348 464.670 -999.250 -999.250 -999.250 -999.250 -999.250 -999.250 -999.250 -999.250 -999.250 -999.250 -999.250 -999.250 -999.250 -999.250 -999.250 -999.250 -999.250 -999.250 -999.250 -999.250 -999.250 -999.250
357.579 440.330 492.676 542.876 580.002 549.023 517.549 471.582 474.394 458.213 428.641 410.951 361.503 307.067 292.974 259.427 261.903 234.914 222.698 220.006 218.393 230.071 262.926 277.360 276.423 280.356 279.907 315.380 368.351 372.129 405.512 445.500 453.391 499.652 523.635 465.239 495.026 467.947 510.230 514.083 552.650 528.224 468.203 -999.250 -999.250 -999.250 -999.250 -999.250 -999.250 -999.250 -999.250 -999.250 -999.250 -999.250 -999.250 -999.250 -999.250 -999.250 -999.250 -999.250 -999.250 -999.250 -999.250 -999.250 -999.250
343.783 419.249 460.440 466.525 523.510 482.420 486.409 497.266 480.863 460.701 419.684 385.884 315.327 305.474 289.923 250.807 226.720 236.044 231.034 209.763 222.381 230.712 244.629 238.518 269.467 293.829 301.394 298.871 311.137 372.385 431.814 427.927 413.332 441.190 448.114 453.964 440.133 439.978 509.435 453.877 501.877 476.010 483.019 -999.250 -999.250 -999.250 -999.250 -999.250 -999.250 -999.250 -999.250 -999.250 -999.250 -999.250 -999.250 -999.250 -999.250 -999.250 -999.250 -999.250 -999.250 -999.250 -999.250 -999.250 -999.250
341.950 372.550 405.379 432.212 458.762 479.533 450.315 460.877 449.317 455.765 430.034 373.345 330.750 277.795 254.453 241.199 230.265 220.573 235.820 224.757 229.549 237.532 233.015 269.954 260.087 297.316 289.709 305.494 296.332 338.861 367.314 362.749 455.366 403.291 428.693 411.590 414.972 446.563 461.015 445.292 458.563 468.658 406.282 -999.250 -999.250 -999.250 -999.250 -999.250 -999.250 -999.250 -999.250 -999.250 -999.250 -999.250 -999.250 -999.250 -999.250 -999.250 -999.250 -999.250 -999.250 -999.250 -999.250 -999.250 -999.250
272.370 311.654 325.424 380.541 366.110 396.017 420.117 426.483 426.580 425.474 399.600 332.790 318.552 283.189 242.085 227.304 237.073 232.116 224.699 219.236 225.339 210.825 222.638 229.637 241.885 284.847 239.364 282.293 296.478 334.702 353.135 359.579 375.305 360.473 388.261 428.372 426.283 451.221 408.574 412.753 458.521 429.368 -999.250 -999.250 -999.250 -999.250 -999.250 -999.250 -999.250 -999.250 -999.250 -999.250 -999.250 -999.250 -999.250 -999.250 -999.250 -999.250 -999.250 -999.250 -999.250 -999.250 -999.250 -999.250 -999.250
214.765 247.664 279.559 311.260 345.329 350.754 378.279 400.677 382.903 377.891 377.984 329.706 317.635 278.141 230.792 224.331 214.306 212.370 192.356 197.591 178.309 -999.250 -999.250 -999.250 -999.250 266.146 238.357 257.112 280.955 323.029 -999.250 -999.250 -999.250 -999.250 -999.250 -999.250 -999.250 -999.250 -999.250 -999.250 -999.250 -999.250 -999.250 -999.250 -999.250 -999.250 -999.250 -999.250 -999.250 -999.250 -999.250 -999.250 -999.250 -999.250 -999.250 -999.250 -999.250 -999.250 -999.250 -999.250 -999.250 -999.250 -999.250 -999.250 -999.250
197.026 227.522 261.342 270.403 308.414 323.886 355.268 340.442 353.758 343.989 347.490 307.843 278.506 256.263 204.194 206.056 207.187 193.745 165.840 157.928 158.049 -999.250 -999.250 -999.250 -999.250 -999.250 -999.250 -999.250 -999.250 -999.250 -999.250 -999.250 -999.250 -999.250 -999.250 -999.250 -999.250 -999.250 -999.250 -999.250 -999.250 -999.250 -999.250 -999.250 -999.250 -999.250 -999.250 -999.250 -999.250 -999.250 -999.250 -999.250 -999.250 -999.250 -999.250 -999.250 -999.250 -999.250 -999.250 -999.250 -999.250 -999.250 -999.250 -999.250 -999.250
165.097 197.517 214.984 249.757 265.998 285.248 304.230 294.613 324.279 302.128 296.600 277.459 260.332 237.599 210.818 194.392 188.016 156.548 164.194 180.820 150.674 -999.250 -999.250 -999.250 -999.250 -999.250 -999.250 -999.250 -999.250 -999.250 -999.250 -999.250 -999.250 -999.250 -999.250 -999.250 -999.250 -999.250 -999.250 -999.250 -999.250 -999.250 -999.250 -999.250 -999.250 -999.250 -999.250 -999.250 -999.250 -999.250 -999.250 -999.250 -999.250 -999.250 -999.250 -999.250 -999.250 -999.250 -999.250 -999.250 -999.250 -999.250 -999.250 -999.250 -999.250
126.369 148.357 187.757 190.610 203.720 246.916 246.166 272.249 281.345 276.514 292.811 233.322 232.447 204.624 184.957 157.545 161.916 144.237 127.278 141.831 133.700 154.924 -999.250 -999.250 -999.250 -999.250 -999.250 -999.250 -999.250 -999.250 -999.250 -999.250 -999.250 -999.250 -999.250 -999.250 -999.250 -999.250 -999.250 -999.250 -999.250 -999.250 -999.250 -999.250 -999.250 -999.250 -999.250 -999.250 -999.250 -999.250 -999.250 -999.250 -999.250 -999.250 -999.250 -999.250 -999.250 -999.250 -999.250 -999.250 -999.250 -999.250 -999.250 -999.250 -999.250
98.246 130.103 158.896 174.378 204.680 200.968 214.781 241.739 237.214 233.290 231.257 211.784 210.816 183.949 137.038 128.271 114.085 105.734 116.813 109.454 126.110 137.994 154.672 -999.250 -999.250 -999.250 -999.250 -999.250 -999.250 -999.250 -999.250 -999.250 -999.250 -999.250 -999.250 -999.250 -999.250 -999.250 -999.250 -999.250 -999.250 -999.250 -999.250 -999.250 -999.250 -999.250 -999.250 -999.250 -999.250 -999.250 -999.250 -999.250 -999.250 -999.250 -999.250 -999.250 -999.250 -999.250 -999.250 -999.250 -999.250 -999.250 -999.250 -999.250 -999.250
109.245 135.834 148.076 167.340 159.087 185.477 179.667 188.673 197.361 197.956 214.753 186.958 181.251 143.020 138.769 117.122 87.206 84.843 89.586 101.520 114.201 109.808 120.013 147.413 -999.250 -999.250 -999.250 -999.250 -999.250 -999.250 -999.250 -999.250 -999.250 -999.250 -999.250 -999.250 -999.250 -999.250 -999.250 -999.250 -999.250 -999.250 -999.250 -999.250 -999.250 -999.250 -999.250 -999.250 -999.250 -999.250 -999.250 -999.250 -999.250 -999.250 -999.250 -999.250 -999.250 -999.250 -999.250 -999.250 -999.250 -999.250 -999.250 -999.250 -999.250
146.182 152.086 158.657 159.856 174.589 182.134 164.497 181.695 185.529 172.678 195.413 164.722 153.656 137.543 121.950 83.695 67.822 67.894 87.693 72.541 87.520 102.435 111.644 119.535 -999.250 -999.250 -999.250 -999.250 -999.250 -999.250 -999.250 -999.250 -999.250 -999.250 -999.250 -999.250 -999.250 -999.250 -999.250 -999.250 -999.250 -999.250 -999.250 -999.250 -999.250 -999.250 -999.250 -999.250 -999.250 -999.250 -999.250 -999.250 -999.250 -999.250 -999.250 -999.250 -999.250 -999.250 -999.250 -999.250 -999.250 -999.250 -999.250 -999.250 -999.250
