data/medianmodel_26-Oct-2020.asc
ncols	141
nrows	288
xllcorner	-120191.398
yllcorner	-301404.813
cellsize	2000.000
NODATA_value	-999.250
[rows 58 to 86 of 288, columns 66 to 131 of 141]
251.767 209.218 173.231 140.814 112.887 91.156 73.661 70.830 73.652 71.300 75.980 85.680 107.506 130.602 193.031 253.803 344.000 365.923 368.739 334.348 272.270 243.517 181.632 141.525 116.438 65.512 52.620 41.737 41.344 49.640 54.478 56.141 67.175 78.852 91.134 83.947 73.005 64.117 51.316 47.677 38.507 41.566 26.356 28.390 32.264 30.018 35.402 40.439 42.156 51.713 68.189 -999.250 -999.250 -999.250 -999.250 -999.250 -999.250 -999.250 -999.250 -999.250 -999.250 -999.250 -999.250 -999.250 -999.250 -999.250
278.986 225.082 171.811 144.020 110.536 91.350 66.306 57.122 55.630 54.777 58.366 77.495 98.813 137.470 184.740 246.533 306.763 322.159 311.641 270.488 249.168 209.941 166.552 138.127 95.468 60.968 47.877 37.143 43.023 42.495 52.212 58.713 70.951 78.029 91.804 75.076 72.199 66.873 57.583 46.867 49.858 46.949 43.518 39.111 38.693 40.735 41.917 50.439 57.979 68.031 -999.250 -999.250 -999.250 -999.250 -999.250 -999.250 -999.250 -999.250 -999.250 -999.250 -999.250 -999.250 -999.250 -999.250 -999.250 -999.250
296.161 232.347 187.606 139.894 110.230 93.701 64.862 48.002 46.242 39.526 48.161 62.881 90.921 132.601 152.466 206.372 228.876 266.641 225.033 251.997 215.995 175.225 153.501 110.896 75.699 53.989 40.867 31.784 29.871 33.541 44.495 52.489 60.911 66.231 83.046 77.274 74.903 76.859 64.830 62.641 57.337 58.569 54.614 50.649 49.388 49.839 51.137 70.089 70.490 85.937 -999.250 -999.250 -999.250 -999.250 -999.250 -999.250 -999.250 -999.250 -999.250 -999.250 -999.250 -999.250 -999.250 -999.250 -999.250 -999.250
294.150 229.958 188.209 163.028 103.964 80.529 59.356 37.372 27.736 21.015 30.013 46.281 65.193 97.599 113.056 147.034 178.043 211.635 213.393 205.211 198.318 159.322 127.306 97.069 52.791 37.683 22.712 20.079 21.944 24.515 35.354 45.904 52.156 60.758 73.677 80.265 79.546 88.143 78.711 77.949 72.672 66.266 59.676 53.533 65.610 64.644 73.259 78.185 83.915 -999.250 -999.250 -999.250 -999.250 -999.250 -999.250 -999.250 -999.250 -999.250 -999.250 -999.250 -999.250 -999.250 -999.250 -999.250 -999.250 -999.250
295.935 259.829 192.173 152.351 108.499 74.587 51.057 24.554 0.000 5.496 24.193 44.391 49.453 72.057 91.904 114.030 138.241 158.708 174.566 172.235 152.522 147.949 112.332 73.097 43.078 17.268 7.106 12.350 10.471 20.172 24.899 32.574 42.644 58.444 79.215 71.723 93.059 92.287 90.573 85.337 74.986 60.501 65.601 59.701 -999.250 -999.250 -999.250 -999.250 -999.250 -999.250 -999.250 -999.250 -999.250 -999.250 -999.250 -999.250 -999.250 -999.250 -999.250 -999.250 -999.250 -999.250 -999.250 -999.250 -999.250 -999.250
273.063 230.258 198.285 153.660 107.288 65.396 54.054 28.682 7.341 12.875 25.670 41.313 48.862 52.427 72.176 86.508 92.440 130.745 152.174 158.807 143.083 131.572 94.260 55.237 33.881 0.000 0.000 0.000 7.618 7.080 11.592 16.666 37.051 50.754 67.077 79.980 77.578 90.723 86.810 89.763 90.363 76.458 62.782 70.687 64.646 -999.250 -999.250 -999.250 -999.250 -999.250 -999.250 -999.250 -999.250 -999.250 -999.250 -999.250 -999.250 -999.250 -999.250 -999.250 -999.250 -999.250 -999.250 -999.250 -999.250 -999.250
291.089 218.502 167.595 131.420 109.704 71.222 50.204 33.794 26.482 21.793 26.299 46.850 46.314 55.330 76.397 81.054 95.857 123.523 135.517 155.075 134.954 105.973 90.368 57.001 33.942 9.131 2.061 1.258 1.814 2.224 4.744 0.000 34.672 50.298 69.990 95.192 85.337 95.249 100.095 101.848 88.530 81.511 74.854 68.163 55.221 58.666 -999.250 -999.250 -999.250 -999.250 -999.250 -999.250 -999.250 -999.250 -999.250 -999.250 -999.250 -999.250 -999.250 -999.250 -999.250 -999.250 -999.250 -999.250 -999.250 -999.250
249.565 193.336 138.785 111.831 102.141 73.481 61.688 53.316 46.619 43.588 46.435 49.013 50.886 53.512 81.013 76.469 95.627 105.154 114.562 117.217 119.461 111.335 89.918 61.231 37.656 22.899 12.866 13.424 7.552 17.006 16.078 30.308 44.267 71.387 94.489 88.385 95.222 98.424 114.270 100.818 95.910 87.584 80.733 60.574 52.523 63.747 -999.250 -999.250 -999.250 -999.250 -999.250 -999.250 -999.250 -999.250 -999.250 -999.250 -999.250 -999.250 -999.250 -999.250 -999.250 -999.250 -999.250 -999.250 -999.250 -999.250
216.159 175.108 131.363 106.665 101.980 75.077 64.100 63.852 64.225 63.598 59.069 61.695 69.678 67.292 86.233 84.502 93.412 93.674 103.990 115.428 117.318 113.089 89.227 69.768 52.481 40.758 32.784 21.898 29.965 34.637 36.941 47.294 58.894 86.270 108.059 105.075 114.203 108.960 123.662 116.879 104.425 105.108 85.546 73.809 62.038 61.827 61.296 -999.250 -999.250 -999.250 -999.250 -999.250 -999.250 -999.250 -999.250 -999.250 -999.250 -999.250 -999.250 -999.250 -999.250 -999.250 -999.250 -999.250 -999.250 -999.250
195.197 153.365 116.139 91.341 78.469 77.972 87.647 87.737 84.670 93.981 96.966 85.894 81.870 84.440 83.721 100.633 104.772 116.270 111.699 115.525 125.285 121.593 106.677 90.967 62.330 61.023 56.407 52.986 50.273 52.670 57.194 58.318 84.189 114.206 124.910 116.056 127.387 140.135 160.836 149.041 133.826 124.281 108.797 71.633 70.308 58.943 60.714 67.356 -999.250 -999.250 -999.250 -999.250 -999.250 -999.250 -999.250 -999.250 -999.250 -999.250 -999.250 -999.250 -999.250 -999.250 -999.250 -999.250 -999.250 -999.250
167.158 132.061 111.153 86.812 83.601 84.831 95.834 117.093 105.460 108.953 109.811 104.497 104.706 99.033 98.209 104.951 111.799 119.882 125.679 126.424 138.437 136.945 127.022 109.521 102.737 96.732 85.186 79.777 71.125 66.648 76.126 92.122 100.178 122.566 141.678 138.591 152.230 178.614 200.587 163.244 165.013 149.406 142.968 101.728 81.708 73.510 70.164 68.603 -999.250 -999.250 -999.250 -999.250 -999.250 -999.250 -999.250 -999.250 -999.250 -999.250 -999.250 -999.250 -999.250 -999.250 -999.250 -999.250 -999.250 -999.250
124.338 106.969 104.920 96.441 88.572 106.555 122.854 129.053 120.580 113.634 128.599 125.921 118.661 117.366 95.491 118.657 117.491 133.802 141.314 137.800 158.741 157.013 151.609 129.584 121.580 117.494 110.480 103.662 99.982 94.944 98.516 113.747 114.230 159.793 165.795 179.660 184.291 217.377 199.964 209.096 190.308 171.939 162.753 128.717 108.207 91.482 78.604 66.019 -999.250 -999.250 -999.250 -999.250 -999.250 -999.250 -999.250 -999.250 -999.250 -999.250 -999.250 -999.250 -999.250 -999.250 -999.250 -999.250 -999.250 -999.250
89.114 79.893 83.600 93.873 93.956 101.286 123.584 119.338 124.039 146.426 149.625 139.210 137.047 113.187 110.317 114.898 131.287 131.341 148.372 150.491 159.819 166.790 159.637 153.915 155.018 152.496 145.764 112.816 119.219 109.132 133.669 150.982 150.990 176.529 199.043 223.102 252.159 226.924 236.199 241.839 216.700 198.473 178.915 131.027 120.350 102.712 100.416 76.412 74.165 75.650 -999.250 -999.250 -999.250 -999.250 -999.250 -999.250 -999.250 -999.250 -999.250 -999.250 -999.250 -999.250 -999.250 -999.250 -999.250 -999.250
80.177 80.258 67.577 79.741 78.701 102.927 119.356 141.441 140.790 161.428 170.685 164.967 165.760 126.539 117.303 120.875 131.702 139.155 131.750 136.571 154.764 157.790 167.941 165.443 165.295 178.070 173.341 152.022 138.245 143.341 153.056 177.201 205.076 185.806 222.062 268.066 276.470 268.638 275.216 256.111 247.045 235.154 203.509 160.902 147.583 119.941 103.566 82.921 82.635 76.567 -999.250 -999.250 -999.250 -999.250 -999.250 -999.250 -999.250 -999.250 -999.250 -999.250 -999.250 -999.250 -999.250 -999.250 -999.250 -999.250
61.958 62.656 60.543 75.856 82.685 112.176 123.615 132.932 144.874 153.318 156.274 162.910 144.236 129.792 121.735 122.599 128.801 118.612 108.389 135.224 151.945 157.958 168.893 166.557 162.168 194.132 183.599 158.554 172.864 165.087 197.611 202.995 248.279 273.745 281.432 280.896 312.692 345.830 356.189 341.650 311.528 285.867 223.042 216.790 162.165 130.647 118.984 112.103 92.129 -999.250 -999.250 -999.250 -999.250 -999.250 -999.250 -999.250 -999.250 -999.250 -999.250 -999.250 -999.250 -999.250 -999.250 -999.250 -999.250 -999.250
58.242 60.137 63.261 73.706 98.468 113.614 125.409 127.232 134.677 149.739 150.180 146.300 132.961 124.767 120.127 109.919 121.201 108.571 104.748 118.552 130.461 155.950 158.780 175.852 188.296 188.328 206.552 194.072 202.167 172.464 214.945 225.621 241.343 263.899 319.173 323.986 405.635 480.393 447.089 371.507 320.054 289.067 267.420 226.986 206.238 170.808 143.029 113.401 91.926 -999.250 -999.250 -999.250 -999.250 -999.250 -999.250 -999.250 -999.250 -999.250 -999.250 -999.250 -999.250 -999.250 -999.250 -999.250 -999.250 -999.250
60.764 59.692 72.464 86.854 86.207 100.331 119.811 136.629 146.582 151.442 137.962 137.719 127.530 123.662 110.764 116.246 108.332 93.035 99.484 97.088 111.221 118.244 135.536 154.974 180.306 201.314 224.496 217.524 184.185 186.010 203.042 224.179 264.604 278.861 324.292 406.535 453.477 520.076 534.967 426.078 394.006 334.848 292.380 227.825 202.980 168.570 136.752 118.629 107.841 -999.250 -999.250 -999.250 -999.250 -999.250 -999.250 -999.250 -999.250 -999.250 -999.250 -999.250 -999.250 -999.250 -999.250 -999.250 -999.250 -999.250
56.881 58.715 66.522 95.893 102.354 113.299 135.717 126.781 129.550 145.557 156.768 135.524 131.961 117.895 107.699 100.428 76.551 72.104 74.265 66.844 88.292 115.548 128.545 151.520 170.982 188.383 247.887 215.769 194.777 222.810 213.221 239.979 304.332 361.211 392.092 510.100 530.909 587.904 622.723 498.977 460.401 389.945 322.835 249.169 210.963 170.561 141.177 115.864 109.065 -999.250 -999.250 -999.250 -999.250 -999.250 -999.250 -999.250 -999.250 -999.250 -999.250 -999.250 -999.250 -999.250 -999.250 -999.250 -999.250 -999.250
62.064 68.859 77.601 95.374 113.590 130.824 133.265 124.822 135.020 125.734 119.763 128.834 117.540 105.153 96.683 88.198 70.490 56.828 49.677 42.992 70.921 96.521 116.877 142.992 173.524 190.361 216.793 227.174 209.026 209.350 225.838 244.251 314.337 354.904 434.111 506.473 511.821 567.668 518.144 550.291 474.304 409.341 360.175 254.430 201.153 158.767 148.218 121.102 125.857 -999.250 -999.250 -999.250 -999.250 -999.250 -999.250 -999.250 -999.250 -999.250 -999.250 -999.250 -999.250 -999.250 -999.250 -999.250 -999.250 -999.250
76.096 74.048 105.042 116.992 132.151 141.977 126.088 144.964 142.841 141.446 127.220 112.263 107.139 89.346 75.537 76.017 56.299 53.478 41.741 47.882 57.887 81.362 103.001 143.562 150.986 176.647 205.006 195.923 205.581 228.415 214.915 250.589 300.138 360.167 420.927 525.763 516.556 518.844 472.649 469.262 485.577 434.855 329.253 267.670 205.597 175.861 155.283 141.561 136.538 -999.250 -999.250 -999.250 -999.250 -999.250 -999.250 -999.250 -999.250 -999.250 -999.250 -999.250 -999.250 -999.250 -999.250 -999.250 -999.250 -999.250
83.712 92.791 101.838 128.243 123.070 124.200 143.604 153.692 146.605 131.991 109.079 96.390 88.190 78.501 74.765 62.353 53.126 44.286 42.540 46.685 51.551 63.728 74.667 107.354 129.164 148.524 167.597 189.441 218.741 210.081 219.778 261.198 315.252 385.200 393.482 445.558 426.219 458.714 467.624 506.838 467.616 419.917 290.587 249.710 212.479 185.762 156.168 148.754 149.574 -999.250 -999.250 -999.250 -999.250 -999.250 -999.250 -999.250 -999.250 -999.250 -999.250 -999.250 -999.250 -999.250 -999.250 -999.250 -999.250 -999.250
108.363 125.045 132.965 139.132 148.293 138.991 142.352 139.661 135.055 126.898 108.327 89.996 74.356 65.234 58.997 56.474 54.007 40.018 44.792 37.066 48.243 52.576 79.243 83.316 108.234 140.472 162.295 169.021 230.817 223.976 231.374 277.776 308.818 345.525 361.936 353.950 438.051 434.241 448.300 406.502 393.654 350.062 298.930 221.534 211.867 179.246 169.241 145.835 149.426 -999.250 -999.250 -999.250 -999.250 -999.250 -999.250 -999.250 -999.250 -999.250 -999.250 -999.250 -999.250 -999.250 -999.250 -999.250 -999.250 -999.250
118.140 146.509 148.533 141.747 141.863 147.429 152.724 133.906 122.772 117.928 112.142 86.983 66.820 60.284 53.950 53.902 52.598 43.629 46.695 44.748 43.917 53.246 69.742 73.420 89.146 118.765 151.456 160.958 199.442 218.928 259.713 279.726 333.690 368.121 416.100 369.769 407.155 428.081 430.570 379.270 364.054 304.122 266.296 227.346 199.391 201.606 155.032 155.666 142.951 154.463 -999.250 -999.250 -999.250 -999.250 -999.250 -999.250 -999.250 -999.250 -999.250 -999.250 -999.250 -999.250 -999.250 -999.250 -999.250 -999.250
126.269 143.225 174.707 178.352 166.192 159.835 139.509 128.064 117.625 101.317 91.114 72.347 56.219 58.290 54.894 51.281 53.104 47.452 47.631 44.684 41.789 49.962 51.513 61.741 76.822 94.386 118.499 153.623 188.216 242.127 267.271 258.973 313.141 408.350 395.656 357.759 392.489 419.122 366.779 328.049 325.833 305.031 233.661 190.878 194.926 173.409 152.047 142.948 144.621 147.370 -999.250 -999.250 -999.250 -999.250 -999.250 -999.250 -999.250 -999.250 -999.250 -999.250 -999.250 -999.250 -999.250 -999.250 -999.250 -999.250
138.317 159.958 175.177 178.922 167.400 147.267 145.402 123.362 111.460 101.059 86.866 80.246 66.541 61.680 51.421 56.340 51.281 47.475 43.452 44.710 42.151 49.729 46.255 51.366 60.832 86.727 119.506 147.358 200.503 208.084 232.978 281.860 281.471 359.348 414.074 382.015 326.386 392.174 357.249 348.192 282.419 275.554 246.100 216.568 181.799 163.589 138.562 136.815 136.139 121.747 -999.250 -999.250 -999.250 -999.250 -999.250 -999.250 -999.250 -999.250 -999.250 -999.250 -999.250 -999.250 -999.250 -999.250 -999.250 -999.250
140.301 168.647 163.277 174.392 164.856 150.762 145.931 120.404 108.284 99.388 80.337 81.427 72.630 71.959 63.721 60.126 54.062 49.569 45.648 42.655 45.828 46.266 46.105 44.744 61.340 80.774 133.443 155.327 203.737 223.007 242.184 291.342 337.827 364.733 388.193 387.563 405.809 357.510 388.948 287.779 275.287 284.871 247.712 196.727 187.357 150.379 126.314 122.523 131.381 126.019 -999.250 -999.250 -999.250 -999.250 -999.250 -999.250 -999.250 -999.250 -999.250 -999.250 -999.250 -999.250 -999.250 -999.250 -999.250 -999.250
151.415 137.985 155.836 180.558 167.875 158.143 145.089 121.247 101.536 100.090 97.909 89.158 93.930 87.120 83.053 69.678 56.721 51.824 44.170 48.340 48.379 51.523 50.804 51.996 57.737 101.751 137.870 178.037 217.025 247.777 298.145 294.763 333.227 340.313 410.247 365.846 356.034 383.932 338.238 286.126 267.078 230.537 195.951 164.472 184.692 158.116 130.814 110.774 120.069 -999.250 -999.250 -999.250 -999.250 -999.250 -999.250 -999.250 -999.250 -999.250 -999.250 -999.250 -999.250 -999.250 -999.250 -999.250 -999.250 -999.250
150.187 145.997 137.630 149.946 146.798 151.642 133.397 125.029 119.149 113.225 108.050 103.407 101.287 94.202 90.472 77.187 63.908 55.586 59.476 54.794 54.660 66.267 64.569 67.581 88.623 112.894 148.166 182.256 244.508 286.120 331.066 363.394 374.754 344.903 384.019 369.879 395.083 409.380 314.139 274.610 226.092 205.569 205.766 157.716 170.655 133.045 127.959 117.931 122.286 -999.250 -999.250 -999.250 -999.250 -999.250 -999.250 -999.250 -999.250 -999.250 -999.250 -999.250 -999.250 -999.250 -999.250 -999.250 -999.250 -999.250
145.844 134.156 155.919 136.115 141.371 157.619 147.613 129.081 130.013 122.841 117.491 120.142 108.638 100.910 100.721 83.148 85.475 71.843 68.397 71.342 66.134 69.478 81.876 90.841 104.418 117.990 157.854 220.132 284.773 324.152 401.294 387.939 386.056 388.360 413.921 356.738 352.480 303.864 318.298 276.197 242.555 193.787 171.096 162.367 139.617 127.267 129.462 122.547 -999.250 -999.250 -999.250 -999.250 -999.250 -999.250 -999.250 -999.250 -999.250 -999.250 -999.250 -999.250 -999.250 -999.250 -999.250 -999.250 -999.250 -999.250
