data/medianmodel_03-Nov-2020.asc
ncols	141
nrows	288
xllcorner	-120191.398
yllcorner	-301404.813
cellsize	2000.000
NODATA_value	-999.250
[rows 58 to 86 of 288, columns 65 to 129 of 141]
547.399 452.904 395.803 324.430 264.322 210.528 192.099 176.426 169.941 162.647 149.131 129.313 105.733 111.800 133.033 202.139 290.595 360.831 400.291 412.098 407.113 370.088 332.128 340.309 288.003 259.663 239.488 223.999 221.856 215.709 217.579 223.730 235.999 279.545 295.713 327.667 351.171 356.107 308.241 248.875 289.592 314.423 293.574 359.109 390.636 433.333 476.731 524.644 639.412 683.453 788.512 728.087 -999.250 -999.250 -999.250 -999.250 -999.250 -999.250 -999.250 -999.250 -999.250 -999.250 -999.250 -999.250 -999.250
643.566 492.601 404.810 317.880 279.798 217.635 197.305 178.702 159.324 146.660 117.755 118.338 117.525 141.977 176.240 231.451 290.452 369.025 390.147 385.520 415.825 367.360 329.500 299.213 269.822 228.224 221.803 202.422 206.281 204.480 219.081 232.998 242.383 261.627 290.950 314.354 323.292 331.148 311.873 296.821 328.251 337.803 352.869 359.476 386.455 421.644 480.076 510.649 606.819 565.224 614.676 -999.250 -999.250 -999.250 -999.250 -999.250 -999.250 -999.250 -999.250 -999.250 -999.250 -999.250 -999.250 -999.250 -999.250
603.874 512.468 418.491 347.492 274.045 248.055 215.169 183.281 160.928 132.764 111.289 124.792 159.150 172.119 209.040 276.177 330.161 383.624 395.648 383.546 379.268 349.567 289.064 268.276 238.174 219.695 189.528 184.377 178.649 196.678 223.340 232.785 261.197 265.304 287.248 283.825 277.961 307.198 309.375 334.831 297.186 340.726 361.396 389.748 410.094 449.380 478.143 493.768 465.743 511.224 467.078 -999.250 -999.250 -999.250 -999.250 -999.250 -999.250 -999.250 -999.250 -999.250 -999.250 -999.250 -999.250 -999.250 -999.250
558.495 565.093 421.596 346.304 311.332 252.537 215.051 185.085 146.932 113.115 102.629 125.479 165.420 193.115 235.787 284.826 341.169 384.194 370.137 376.232 330.679 351.171 287.108 232.793 217.006 185.287 169.826 167.059 173.683 187.530 218.408 220.163 243.179 259.607 290.002 287.749 272.481 272.960 266.061 307.599 294.985 277.041 331.175 360.163 386.439 387.692 414.531 426.291 456.115 459.486 -999.250 -999.250 -999.250 -999.250 -999.250 -999.250 -999.250 -999.250 -999.250 -999.250 -999.250 -999.250 -999.250 -999.250 -999.250
585.237 484.300 419.070 351.077 315.999 251.088 220.152 187.837 123.679 89.698 113.944 156.030 183.395 214.002 258.694 336.166 350.293 370.496 351.962 331.200 331.839 285.541 258.486 212.764 191.535 158.039 143.074 147.052 170.770 183.333 204.666 230.057 253.687 250.213 278.678 290.669 301.462 266.576 272.949 256.614 294.589 287.028 309.990 308.695 344.133 -999.250 -999.250 -999.250 -999.250 -999.250 -999.250 -999.250 -999.250 -999.250 -999.250 -999.250 -999.250 -999.250 -999.250 -999.250 -999.250 -999.250 -999.250 -999.250 -999.250
617.567 488.562 423.260 385.054 314.202 249.222 234.519 188.984 175.911 141.129 150.887 177.778 199.965 270.578 318.813 312.303 359.735 359.491 373.271 358.076 317.104 262.272 220.581 201.941 171.326 149.580 115.785 139.069 170.061 196.646 217.041 222.940 251.724 261.710 259.412 300.115 265.420 248.597 258.152 242.192 261.904 280.216 280.483 277.340 309.463 294.466 -999.250 -999.250 -999.250 -999.250 -999.250 -999.250 -999.250 -999.250 -999.250 -999.250 -999.250 -999.250 -999.250 -999.250 -999.250 -999.250 -999.250 -999.250 -999.250
548.991 446.055 397.252 358.271 332.222 282.209 246.692 197.143 177.530 174.987 184.582 197.052 236.521 284.424 298.391 325.436 314.524 333.164 332.441 292.678 264.200 239.202 212.705 191.390 162.059 150.908 148.170 163.043 184.315 214.358 228.415 242.977 261.609 277.401 264.418 267.461 257.451 256.839 237.747 248.221 258.333 250.531 284.199 287.354 265.214 305.134 305.548 -999.250 -999.250 -999.250 -999.250 -999.250 -999.250 -999.250 -999.250 -999.250 -999.250 -999.250 -999.250 -999.250 -999.250 -999.250 -999.250 -999.250 -999.250
524.009 420.615 411.366 368.009 327.997 304.576 251.717 214.251 206.470 210.456 211.058 203.335 233.058 276.519 308.301 327.280 331.780 325.244 294.045 259.910 240.277 227.995 208.990 197.649 174.016 174.144 178.815 196.401 204.960 228.791 265.989 265.867 268.498 264.889 273.043 267.742 260.785 264.084 239.795 219.224 210.988 221.550 236.096 240.710 227.089 267.334 255.437 -999.250 -999.250 -999.250 -999.250 -999.250 -999.250 -999.250 -999.250 -999.250 -999.250 -999.250 -999.250 -999.250 -999.250 -999.250 -999.250 -999.250 -999.250
433.863 446.617 392.501 370.474 324.718 306.762 267.270 242.351 217.289 219.178 228.580 229.053 244.799 245.805 296.836 283.744 270.632 284.188 268.052 249.806 217.017 206.230 189.152 201.030 186.950 227.015 226.299 243.521 262.476 270.191 300.848 330.798 311.009 279.766 274.847 273.256 267.729 239.311 228.793 217.563 212.355 222.883 228.951 212.928 220.359 230.692 228.338 306.243 -999.250 -999.250 -999.250 -999.250 -999.250 -999.250 -999.250 -999.250 -999.250 -999.250 -999.250 -999.250 -999.250 -999.250 -999.250 -999.250 -999.250
432.479 404.793 406.524 361.801 355.713 338.160 296.081 236.395 224.852 214.057 225.483 241.856 237.010 270.885 254.855 273.353 255.381 244.001 228.701 199.483 193.305 172.478 172.321 194.625 225.339 247.479 307.311 316.648 332.689 341.453 373.041 367.621 358.213 297.816 287.919 285.868 271.707 245.030 230.263 228.731 205.239 222.366 195.106 200.755 179.083 221.201 228.634 256.431 257.224 -999.250 -999.250 -999.250 -999.250 -999.250 -999.250 -999.250 -999.250 -999.250 -999.250 -999.250 -999.250 -999.250 -999.250 -999.250 -999.250
371.337 399.468 387.015 364.868 347.247 341.919 273.885 245.629 232.994 237.827 231.106 235.790 209.525 229.127 223.511 228.998 209.339 198.033 195.953 183.636 155.636 144.375 148.958 180.901 238.415 316.327 363.002 377.459 366.901 404.409 427.843 431.477 398.698 345.095 348.696 324.908 294.231 264.513 208.882 216.169 217.740 198.472 185.683 198.237 189.296 207.426 210.321 213.708 249.270 -999.250 -999.250 -999.250 -999.250 -999.250 -999.250 -999.250 -999.250 -999.250 -999.250 -999.250 -999.250 -999.250 -999.250 -999.250 -999.250
370.114 368.311 347.610 335.444 336.115 317.747 288.260 249.580 226.267 240.568 221.254 210.818 228.713 218.434 209.362 206.472 172.784 153.199 149.343 137.107 133.629 115.958 142.907 202.157 302.414 379.246 440.428 458.636 449.130 532.671 537.464 471.800 464.568 422.484 347.866 365.116 328.473 297.684 221.089 201.213 183.799 176.533 184.182 178.846 190.718 190.601 193.133 221.876 233.637 -999.250 -999.250 -999.250 -999.250 -999.250 -999.250 -999.250 -999.250 -999.250 -999.250 -999.250 -999.250 -999.250 -999.250 -999.250 -999.250
335.477 346.435 336.968 323.555 284.643 272.478 276.621 246.260 237.358 244.560 233.957 218.049 194.396 184.672 177.831 153.088 138.123 118.948 113.325 121.086 128.817 130.406 129.726 218.489 354.136 454.077 497.198 563.022 509.868 561.646 622.121 585.914 559.409 419.210 369.846 374.065 346.835 327.514 253.344 205.468 195.911 202.266 175.748 191.450 175.447 179.327 169.763 202.582 208.440 227.845 231.285 -999.250 -999.250 -999.250 -999.250 -999.250 -999.250 -999.250 -999.250 -999.250 -999.250 -999.250 -999.250 -999.250 -999.250
303.153 320.541 335.431 299.737 285.165 247.161 230.472 222.956 228.540 208.619 204.211 192.020 168.944 157.976 132.858 133.281 100.261 101.571 93.508 102.785 123.396 164.589 202.275 310.442 392.907 514.770 606.720 631.286 671.779 754.695 664.867 716.904 653.745 440.645 430.209 411.459 390.549 331.854 261.542 234.420 190.006 171.731 154.179 184.567 200.913 191.251 189.511 177.382 223.871 221.002 238.295 -999.250 -999.250 -999.250 -999.250 -999.250 -999.250 -999.250 -999.250 -999.250 -999.250 -999.250 -999.250 -999.250 -999.250
272.448 297.539 276.860 231.319 237.358 235.688 236.538 216.082 216.346 209.961 203.545 174.550 165.507 134.304 108.672 83.954 72.845 76.189 73.918 93.442 158.321 201.583 261.334 378.075 429.864 586.827 715.471 769.244 844.868 839.116 729.570 733.282 689.010 506.565 467.131 432.922 384.385 346.222 273.172 230.295 189.950 194.594 181.544 174.080 181.400 192.880 187.092 185.934 228.975 216.582 -999.250 -999.250 -999.250 -999.250 -999.250 -999.250 -999.250 -999.250 -999.250 -999.250 -999.250 -999.250 -999.250 -999.250 -999.250
260.010 255.328 254.142 235.277 201.790 214.498 224.053 234.544 208.328 196.901 190.094 167.198 144.190 121.580 85.765 58.044 62.828 62.871 66.017 103.922 155.545 219.372 336.008 408.663 492.443 675.228 864.528 885.264 953.357 925.903 878.548 762.737 673.649 596.699 541.304 430.597 403.211 367.751 293.216 245.577 223.164 188.708 182.310 185.655 169.704 187.460 173.025 203.106 198.708 211.192 -999.250 -999.250 -999.250 -999.250 -999.250 -999.250 -999.250 -999.250 -999.250 -999.250 -999.250 -999.250 -999.250 -999.250 -999.250
226.595 227.220 224.402 209.101 206.626 202.489 226.675 227.664 196.600 186.998 168.635 146.330 123.905 99.340 73.040 48.674 45.660 54.276 76.609 92.722 146.632 240.994 364.143 429.814 557.223 737.217 932.336 1039.582 1045.593 994.008 857.711 840.990 667.646 571.500 536.840 453.947 405.962 376.212 321.078 276.035 237.775 195.658 188.864 193.750 166.185 196.312 203.385 220.283 214.389 237.793 -999.250 -999.250 -999.250 -999.250 -999.250 -999.250 -999.250 -999.250 -999.250 -999.250 -999.250 -999.250 -999.250 -999.250 -999.250
180.349 208.636 191.615 194.263 199.614 194.862 206.974 185.937 171.051 176.581 172.189 134.081 104.743 90.037 72.644 55.190 48.393 53.762 68.323 83.080 132.513 229.035 369.823 474.148 575.889 789.893 961.921 1104.225 1008.804 970.287 903.188 836.422 681.318 632.286 494.750 451.826 402.694 385.294 343.879 281.988 241.830 228.875 210.888 197.125 209.669 219.009 226.472 210.342 221.784 228.837 -999.250 -999.250 -999.250 -999.250 -999.250 -999.250 -999.250 -999.250 -999.250 -999.250 -999.250 -999.250 -999.250 -999.250 -999.250
173.889 175.872 168.453 178.175 178.159 181.211 190.711 201.911 179.421 165.703 176.269 132.778 105.148 93.267 80.319 74.138 71.709 71.188 65.996 79.282 85.984 225.486 370.304 486.182 724.281 806.431 931.084 1029.770 1003.340 936.051 918.442 810.791 648.033 585.754 542.973 463.701 386.672 369.735 344.461 302.519 257.712 238.816 209.231 200.543 217.194 215.835 215.217 228.059 233.393 230.113 -999.250 -999.250 -999.250 -999.250 -999.250 -999.250 -999.250 -999.250 -999.250 -999.250 -999.250 -999.250 -999.250 -999.250 -999.250
161.007 185.115 186.758 195.308 176.266 184.909 199.319 200.882 189.658 172.590 160.867 122.136 94.991 106.515 88.719 94.966 104.489 97.871 83.047 97.478 158.390 239.545 355.647 426.382 616.415 751.317 851.068 907.007 919.904 844.214 850.476 795.240 689.568 687.677 657.234 478.162 436.117 383.779 327.738 301.054 266.543 253.968 246.763 239.157 214.189 207.302 227.218 227.232 271.527 235.686 -999.250 -999.250 -999.250 -999.250 -999.250 -999.250 -999.250 -999.250 -999.250 -999.250 -999.250 -999.250 -999.250 -999.250 -999.250
164.530 167.953 180.097 176.382 203.154 201.644 207.127 201.698 187.529 183.436 160.359 149.292 127.285 110.718 111.658 123.888 136.229 154.311 133.310 157.208 194.919 270.300 339.165 427.185 462.069 671.597 777.028 740.837 810.471 779.261 782.419 738.350 659.362 563.387 528.377 446.909 417.254 398.985 370.886 318.365 317.000 262.299 238.539 232.976 226.590 203.866 221.564 239.110 303.125 270.424 -999.250 -999.250 -999.250 -999.250 -999.250 -999.250 -999.250 -999.250 -999.250 -999.250 -999.250 -999.250 -999.250 -999.250 -999.250
154.880 161.042 172.424 176.036 206.212 213.062 212.643 211.009 197.614 188.084 187.686 169.382 164.773 147.911 143.635 145.965 143.390 159.986 176.840 190.350 247.038 258.720 321.690 371.633 421.826 508.309 573.024 663.991 612.403 614.693 657.548 580.862 596.719 616.793 557.604 494.477 430.030 383.226 359.077 353.640 280.758 241.855 248.925 219.130 227.653 215.069 223.950 253.998 240.093 296.470 -999.250 -999.250 -999.250 -999.250 -999.250 -999.250 -999.250 -999.250 -999.250 -999.250 -999.250 -999.250 -999.250 -999.250 -999.250
161.667 160.538 189.450 194.265 211.997 221.144 228.699 228.889 204.557 203.456 205.602 171.458 170.104 165.308 166.429 178.583 176.200 184.856 221.075 230.571 231.168 260.210 298.162 346.369 375.644 391.412 448.226 509.612 524.994 552.094 536.760 549.338 576.580 596.269 553.006 544.153 468.835 435.401 393.086 352.334 323.183 261.898 230.610 207.328 227.207 241.941 226.358 246.666 249.643 294.342 266.470 -999.250 -999.250 -999.250 -999.250 -999.250 -999.250 -999.250 -999.250 -999.250 -999.250 -999.250 -999.250 -999.250 -999.250
155.841 175.333 201.572 186.882 217.778 234.748 244.033 239.568 236.836 228.910 213.867 199.744 186.316 168.658 195.323 223.652 223.721 224.741 244.312 290.831 266.559 263.110 264.193 267.890 298.784 348.764 409.219 418.075 429.368 476.128 494.621 586.359 496.831 489.393 539.866 543.071 492.669 412.408 401.853 428.373 391.471 310.157 297.490 293.458 257.418 264.890 226.132 243.927 233.408 276.695 276.287 -999.250 -999.250 -999.250 -999.250 -999.250 -999.250 -999.250 -999.250 -999.250 -999.250 -999.250 -999.250 -999.250 -999.250
163.465 186.583 201.749 201.695 214.912 246.386 271.174 273.940 242.834 237.172 231.536 241.072 227.683 214.039 212.203 236.827 251.614 260.068 294.957 308.056 311.860 280.258 238.562 236.902 240.750 255.859 324.201 353.053 374.194 425.771 464.643 550.917 547.919 506.140 481.415 505.565 438.931 466.764 440.332 412.534 375.235 329.041 280.082 303.672 310.434 272.359 229.204 241.994 233.685 268.475 265.087 -999.250 -999.250 -999.250 -999.250 -999.250 -999.250 -999.250 -999.250 -999.250 -999.250 -999.250 -999.250 -999.250 -999.250
186.736 209.338 214.675 223.124 241.831 257.657 286.271 331.354 301.486 302.771 254.224 268.047 250.468 257.344 265.001 247.799 253.014 310.001 329.365 374.811 357.495 290.377 221.207 217.629 176.021 157.641 218.960 299.266 362.972 423.699 445.090 623.524 613.935 577.740 566.677 515.101 471.655 505.534 489.018 438.998 426.619 365.754 293.161 307.001 314.157 290.704 272.115 241.588 250.061 259.332 276.013 -999.250 -999.250 -999.250 -999.250 -999.250 -999.250 -999.250 -999.250 -999.250 -999.250 -999.250 -999.250 -999.250 -999.250
203.651 234.030 237.744 241.220 257.656 300.272 330.106 318.382 338.444 313.389 329.689 317.083 328.078 307.532 313.915 272.866 296.306 330.448 384.441 419.611 359.918 273.978 210.880 168.962 119.227 57.737 175.494 290.072 366.514 443.377 508.549 565.985 692.385 691.284 651.419 687.153 550.967 551.298 521.897 492.655 473.050 406.898 289.260 259.347 304.143 318.360 269.507 226.488 252.545 257.290 -999.250 -999.250 -999.250 -999.250 -999.250 -999.250 -999.250 -999.250 -999.250 -999.250 -999.250 -999.250 -999.250 -999.250 -999.250
220.272 220.910 231.577 248.769 274.639 328.830 334.726 344.182 345.579 364.195 344.809 361.966 351.390 295.563 294.769 284.531 304.642 332.162 365.668 384.262 324.622 261.779 228.308 175.453 146.990 151.103 213.224 315.757 391.368 512.535 631.805 728.560 757.080 792.790 829.201 789.471 751.669 607.098 545.029 466.128 458.719 415.701 378.320 317.454 334.393 307.245 245.371 284.035 257.069 252.204 -999.250 -999.250 -999.250 -999.250 -999.250 -999.250 -999.250 -999.250 -999.250 -999.250 -999.250 -999.250 -999.250 -999.250 -999.250
239.119 246.999 239.933 283.714 290.311 329.712 334.046 328.263 337.050 341.903 361.796 340.604 332.459 294.978 293.176 286.307 286.536 263.187 324.062 328.216 322.627 272.647 217.285 204.658 198.015 241.118 250.401 386.726 464.397 649.266 741.322 857.269 912.718 838.498 808.961 758.200 789.120 580.405 599.470 525.232 482.414 396.817 400.012 365.578 327.367 319.519 257.075 322.061 281.417 -999.250 -999.250 -999.250 -999.250 -999.250 -999.250 -999.250 -999.250 -999.250 -999.250 -999.250 -999.250 -999.250 -999.250 -999.250 -999.250
