data/medianmodel_27-Jun-2020.asc
ncols	141
nrows	288
xllcorner	-120191.398
yllcorner	-301404.813
cellsize	2000.000
NODATA_value	-999.250
[rows 150 to 179 of 288, columns 0 to 68 of 141]
-999.250 -999.250 -999.250 -999.250 -999.250 -999.250 -999.250 -999.250 -999.250 -999.250 -999.250 -999.250 18.886 17.490 15.847 19.265 20.669 28.157 30.400 33.754 36.248 33.740 33.804 32.964 29.944 33.172 30.247 26.764 22.745 19.128 20.267 18.131 18.247 22.362 26.770 21.387 19.427 18.185 14.118 13.777 12.088 13.646 14.462 20.572 22.296 19.258 11.927 5.506 2.738 0.000 0.000 0.000 0.000 0.000 0.000 0.000 0.000 0.000 0.000 0.000 0.000 0.000 0.000 0.000 0.000 0.000 0.000 0.000 0.000
-999.250 -999.250 -999.250 -999.250 -999.250 -999.250 -999.250 -999.250 -999.250 -999.250 -999.250 27.200 25.756 23.815 19.438 24.206 27.061 29.548 32.473 36.802 33.019 29.360 30.574 30.315 27.174 25.070 20.714 18.511 17.971 14.050 14.656 14.661 15.125 19.301 20.133 18.540 17.906 16.294 15.220 12.334 11.636 12.532 12.829 14.631 15.798 18.730 8.475 4.560 1.679 0.000 0.000 0.000 0.000 0.000 0.000 0.000 0.000 0.000 0.000 0.000 0.000 0.000 0.000 0.000 0.000 0.000 0.000 0.000 0.000
-999.250 -999.250 -999.250 -999.250 -999.250 -999.250 -999.250 -999.250 -999.250 -999.250 33.453 29.928 30.079 22.488 25.255 23.233 29.773 32.061 36.373 39.744 34.331 31.088 30.211 24.709 23.496 18.776 14.806 12.983 13.164 12.964 12.813 14.706 16.289 17.342 17.790 19.411 16.534 14.304 13.399 13.332 14.150 10.351 9.283 10.245 10.488 8.996 4.898 1.302 0.000 0.000 0.000 0.000 0.000 0.000 0.000 0.000 0.000 0.000 0.000 0.000 0.000 0.000 0.000 0.000 0.000 0.000 0.000 0.000 0.000
-999.250 -999.250 -999.250 -999.250 -999.250 -999.250 -999.250 -999.250 -999.250 39.828 36.815 37.365 30.150 27.470 28.726 33.755 33.014 36.391 38.033 48.158 35.187 31.049 23.651 20.615 16.167 13.972 10.963 10.481 10.504 10.741 12.206 10.808 14.716 15.884 17.339 15.728 15.739 13.461 10.398 11.153 12.272 9.018 7.879 9.021 5.815 4.530 0.726 0.000 0.000 0.000 0.000 0.000 0.000 0.000 0.000 0.000 0.000 0.000 0.000 0.000 0.000 0.000 0.000 0.000 0.000 0.000 0.000 0.000 0.000
-999.250 -999.250 -999.250 -999.250 -999.250 55.378 64.148 53.059 44.744 40.704 39.947 38.014 37.883 36.061 36.164 38.145 38.016 44.559 43.126 39.933 35.220 30.331 21.226 18.215 13.039 9.674 7.622 6.658 5.924 5.937 8.127 9.684 10.615 15.308 14.829 15.392 14.103 11.974 12.492 12.468 11.490 10.806 7.984 5.508 3.217 0.596 0.000 0.000 0.000 0.000 0.000 0.000 0.000 0.000 0.000 0.000 0.000 0.000 0.000 0.000 0.000 0.000 0.000 0.000 0.000 0.000 0.000 0.000 0.000
-999.250 -999.250 -999.250 -999.250 -999.250 -999.250 -999.250 50.447 48.056 40.865 39.883 40.024 48.976 51.332 54.598 48.378 50.002 45.497 47.831 41.570 35.732 31.255 22.106 13.845 11.661 9.814 5.372 4.228 3.730 4.834 4.121 5.678 7.518 10.445 10.372 12.392 13.856 12.600 11.418 9.609 7.833 6.951 6.434 4.295 2.590 0.000 0.000 0.000 0.000 0.000 0.000 0.000 0.000 0.000 0.000 0.000 0.000 0.000 0.000 0.000 0.000 0.000 0.000 0.000 0.000 0.000 0.000 0.000 0.000
-999.250 -999.250 -999.250 -999.250 -999.250 -999.250 -999.250 46.993 42.388 46.442 42.956 48.075 52.405 58.362 58.830 65.269 61.353 57.314 50.307 50.048 39.437 30.859 24.297 15.601 10.249 6.101 4.272 4.969 3.251 0.946 2.692 3.830 7.186 7.676 9.640 10.828 14.594 11.465 11.668 9.908 9.398 7.595 5.252 3.247 0.045 0.000 0.000 0.000 0.000 0.000 0.000 0.000 0.000 0.000 0.000 0.000 0.000 0.000 0.000 0.000 0.000 0.026 0.128 0.068 1.718 1.827 0.000 0.000 0.004
-999.250 -999.250 -999.250 -999.250 -999.250 -999.250 -999.250 36.099 40.915 38.810 42.291 52.827 56.302 65.161 76.301 73.623 80.965 64.044 58.184 54.356 44.484 35.200 25.711 15.830 12.852 7.925 4.387 3.177 3.310 1.342 2.639 4.734 6.632 10.026 12.393 13.639 13.581 12.956 12.735 12.957 9.451 7.267 5.718 3.387 0.263 0.000 0.000 0.000 0.000 0.000 0.000 0.000 0.000 0.000 0.000 0.000 0.000 0.000 0.000 0.467 0.965 1.600 1.109 2.960 2.992 3.380 3.559 3.376 0.854
-999.250 -999.250 -999.250 -999.250 -999.250 -999.250 -999.250 32.812 33.798 34.716 39.323 48.163 60.243 77.405 89.485 94.998 91.095 75.021 62.352 53.236 42.140 34.406 26.132 19.215 13.719 10.029 7.909 4.575 3.638 3.409 3.167 4.014 8.979 12.963 14.231 17.807 16.608 14.558 12.843 12.099 10.679 8.271 6.954 3.794 0.779 0.000 0.000 0.000 0.000 0.000 0.000 0.000 0.000 0.000 0.000 0.000 0.000 0.000 0.000 0.000 1.269 1.984 3.667 4.398 4.888 5.715 5.345 4.426 2.970
-999.250 -999.250 -999.250 -999.250 -999.250 -999.250 -999.250 -999.250 29.953 32.060 37.371 51.490 64.244 85.870 95.849 103.464 107.756 83.648 70.863 60.741 47.165 41.968 31.458 19.773 15.950 12.224 8.576 5.907 5.160 5.361 4.126 5.226 8.586 13.238 16.728 20.691 18.872 18.124 14.015 13.398 11.636 10.438 7.330 3.810 0.034 0.000 0.000 0.000 0.000 0.000 0.000 0.000 0.000 0.000 0.000 0.000 0.000 0.000 0.000 0.762 1.199 4.228 4.613 7.551 7.974 10.805 7.430 5.989 4.442
-999.250 -999.250 -999.250 -999.250 -999.250 -999.250 -999.250 -999.250 21.442 30.942 36.725 45.608 59.483 75.217 111.064 127.409 108.269 91.651 75.404 59.317 54.669 42.924 34.165 29.066 19.159 17.945 12.473 10.155 9.272 6.072 6.928 8.738 10.759 14.470 19.176 23.142 26.286 20.939 13.879 12.508 10.937 14.166 6.500 4.082 0.215 0.000 0.000 0.000 0.000 0.000 0.000 0.000 0.000 0.000 0.000 0.000 0.000 0.000 0.000 0.438 2.121 4.312 5.574 6.498 11.570 20.008 9.761 5.982 3.174
-999.250 -999.250 -999.250 -999.250 -999.250 -999.250 -999.250 17.784 19.146 26.235 35.538 44.978 60.128 83.213 98.853 113.031 100.485 90.690 75.479 68.662 57.596 51.734 41.534 32.270 26.586 23.010 16.675 17.060 12.853 9.335 8.743 9.815 11.587 14.517 19.769 24.379 34.831 23.045 13.162 10.079 8.005 6.130 4.250 1.121 0.000 0.000 0.000 0.000 0.000 0.000 0.000 0.000 0.000 0.000 0.000 0.000 0.000 0.000 0.000 0.000 2.778 3.491 4.124 6.948 10.391 11.374 9.308 4.803 3.742
-999.250 -999.250 -999.250 -999.250 -999.250 -999.250 -999.250 16.527 16.947 25.766 32.981 48.206 53.072 66.923 85.229 92.281 87.946 85.179 73.810 68.685 65.823 55.747 51.370 38.454 34.314 28.105 23.277 21.459 17.239 13.418 12.035 10.404 11.583 12.290 15.428 15.307 18.051 14.114 9.911 5.233 4.192 3.166 1.475 0.000 0.000 0.000 0.000 0.000 0.000 0.000 0.000 0.000 0.000 0.000 0.000 0.000 0.000 0.000 0.231 0.000 1.507 3.015 4.280 6.227 6.620 6.287 4.994 4.231 3.010
-999.250 -999.250 -999.250 -999.250 -999.250 -999.250 -999.250 14.225 19.460 25.978 30.260 39.643 50.352 59.348 74.933 73.501 77.557 70.099 72.622 63.146 57.062 54.288 51.221 41.917 40.569 32.232 33.503 26.187 22.080 17.300 14.199 13.161 12.836 13.803 11.796 11.465 9.925 7.100 4.435 1.580 0.374 0.000 0.000 0.000 0.000 0.000 0.000 0.000 0.000 0.000 0.000 0.000 0.000 0.000 0.000 0.000 0.000 0.000 0.000 1.065 2.474 3.936 3.714 4.799 4.430 4.038 4.420 3.054 1.690
-999.250 -999.250 -999.250 -999.250 -999.250 -999.250 -999.250 9.996 16.663 21.495 30.826 35.850 44.160 50.646 58.551 63.066 66.787 68.516 62.705 58.448 57.595 59.341 58.143 49.188 40.516 39.788 36.333 32.444 28.998 22.846 21.289 16.972 15.738 11.605 9.096 7.721 4.271 2.013 0.000 0.000 0.000 0.000 0.000 0.000 0.000 0.000 0.000 0.000 0.000 0.000 0.000 0.000 0.000 0.000 0.000 0.000 0.000 0.000 0.000 0.595 1.277 1.913 3.589 3.939 3.157 3.529 1.779 0.944 0.222
-999.250 -999.250 -999.250 -999.250 -999.250 -999.250 8.951 10.186 12.239 17.705 28.460 34.092 39.616 47.279 51.738 57.106 60.330 60.451 58.913 58.231 59.620 61.016 56.973 52.601 48.956 45.778 41.330 38.598 33.355 26.381 24.555 29.359 17.720 11.245 6.518 4.682 3.552 0.000 0.000 0.000 0.000 0.000 0.000 0.000 0.000 0.000 0.000 0.000 0.000 0.000 0.000 0.000 0.000 0.000 0.000 0.000 0.000 0.000 0.000 1.153 0.000 1.301 2.827 2.046 2.798 1.814 0.645 0.000 0.000
-999.250 -999.250 -999.250 -999.250 -999.250 -999.250 7.383 7.768 11.562 15.941 25.830 30.572 37.807 42.756 49.623 51.469 52.709 59.377 58.038 57.702 61.851 58.778 60.232 57.242 51.499 48.407 47.116 45.095 38.721 30.293 28.511 23.126 16.121 9.959 5.703 3.070 0.697 0.000 0.000 0.000 0.000 0.000 0.000 0.000 0.000 0.000 0.000 0.000 0.000 0.000 0.000 0.000 0.000 0.000 0.000 0.000 0.000 0.000 0.000 0.000 0.000 0.638 0.848 0.332 0.000 0.032 0.000 0.000 0.000
-999.250 -999.250 -999.250 -999.250 -999.250 6.687 6.390 7.396 10.326 15.652 22.147 29.936 35.894 41.670 49.119 48.269 56.791 60.890 56.715 62.383 62.064 59.241 59.744 56.124 52.213 51.654 52.752 57.228 41.695 31.400 23.174 21.179 13.632 8.518 4.412 1.090 0.000 0.000 0.000 0.000 0.000 0.000 0.000 0.000 0.000 0.000 0.000 0.000 0.000 0.000 0.000 0.000 0.000 0.000 0.000 0.000 0.000 0.000 0.000 0.000 0.000 0.000 0.037 0.000 0.000 0.000 0.000 0.000 0.000
-999.250 -999.250 -999.250 -999.250 -999.250 7.033 6.708 8.350 7.707 14.616 20.833 35.655 36.045 41.792 51.155 51.554 57.082 53.727 60.979 61.327 57.347 65.207 59.103 57.452 56.712 55.140 51.227 46.547 43.848 33.135 24.936 16.811 12.241 5.497 2.441 0.000 0.000 0.000 0.000 0.000 0.000 0.000 0.000 0.000 0.000 0.000 0.000 0.000 0.000 0.000 0.000 0.000 0.000 0.000 0.000 0.000 0.000 0.000 0.000 0.000 0.000 0.000 0.000 0.000 0.000 0.000 0.000 0.000 0.000
-999.250 -999.250 -999.250 -999.250 10.429 6.318 7.060 8.521 10.024 14.931 19.544 25.449 35.274 44.097 51.986 57.991 60.269 56.351 55.035 60.707 63.057 73.350 77.957 67.609 62.486 52.401 52.222 45.216 37.421 30.677 23.506 17.388 12.413 6.544 2.993 0.000 0.000 0.000 0.000 0.000 0.000 0.000 0.000 0.000 0.000 0.000 0.000 0.000 0.000 0.000 0.000 0.000 0.000 0.000 0.000 0.000 0.000 0.000 0.000 0.000 0.000 0.000 0.000 0.000 0.000 0.000 0.000 0.000 0.000
-999.250 -999.250 -999.250 -999.250 10.493 8.808 6.781 7.173 10.907 12.572 18.727 27.807 36.062 43.166 57.998 55.822 58.915 60.148 58.241 61.105 59.662 77.378 90.802 77.803 75.525 59.054 54.829 48.415 39.215 31.594 24.063 16.361 11.419 6.406 2.514 0.000 0.000 0.000 0.000 0.000 0.000 0.000 0.000 0.000 0.000 0.000 0.000 0.000 0.000 0.000 0.000 0.000 0.000 0.000 0.000 0.000 0.000 0.000 0.000 0.000 0.000 0.000 0.000 0.000 0.000 0.000 0.000 0.000 0.000
-999.250 -999.250 -999.250 -999.250 9.574 9.879 10.191 9.881 12.839 15.096 19.994 31.228 37.657 43.397 54.778 60.929 62.211 56.316 64.799 61.220 60.574 71.456 79.224 76.375 70.840 66.705 56.789 51.081 40.893 33.617 28.192 17.525 12.607 8.464 3.969 0.000 0.000 0.000 0.000 0.000 0.000 0.000 0.000 0.000 0.000 0.000 0.000 0.000 0.000 0.000 0.000 0.000 0.000 0.000 0.000 0.000 0.000 0.000 0.000 0.000 0.000 0.000 0.000 0.000 0.000 0.000 0.000 0.000 0.000
-999.250 -999.250 -999.250 -999.250 15.303 15.229 14.692 14.548 16.662 17.982 25.856 37.742 43.528 48.824 59.612 66.710 67.972 64.005 58.103 53.974 55.892 63.027 69.704 64.778 66.277 60.227 55.948 53.821 43.497 36.136 29.650 17.703 12.206 8.724 5.628 4.696 0.000 0.000 0.000 0.000 0.000 0.000 0.000 0.000 0.000 0.000 0.000 0.000 0.000 0.000 0.000 0.000 0.000 0.000 0.000 0.000 0.000 0.000 0.000 0.000 0.000 0.000 0.000 0.000 0.000 0.000 0.000 0.000 0.000
-999.250 -999.250 -999.250 -999.250 26.639 17.499 20.353 22.603 26.649 29.128 37.330 40.658 51.784 54.455 59.567 74.021 93.888 68.100 57.478 51.523 53.527 59.951 66.858 64.257 67.969 61.199 58.944 52.400 46.302 41.055 31.233 18.299 14.864 10.099 8.084 4.928 0.064 0.000 0.000 0.000 0.000 0.000 0.000 0.000 0.000 0.000 0.000 0.000 0.000 0.000 0.000 0.000 0.000 0.000 0.000 0.000 0.000 0.000 0.000 0.000 0.000 0.000 0.000 0.000 0.000 0.000 0.000 0.000 0.000
-999.250 -999.250 -999.250 -999.250 28.961 32.798 31.156 34.272 37.114 36.126 42.390 45.488 53.525 59.152 61.563 72.238 76.284 63.083 54.060 45.419 50.868 58.133 61.610 71.467 64.215 63.198 58.718 54.523 50.759 42.125 39.155 27.685 19.515 12.757 11.481 7.684 2.431 0.000 0.000 0.000 0.000 0.000 0.000 0.000 0.000 0.000 0.000 0.000 0.000 0.000 0.000 0.000 0.000 0.000 0.000 0.000 0.000 0.000 0.000 0.000 0.000 0.000 0.000 0.000 0.000 0.000 0.000 0.000 0.000
-999.250 -999.250 -999.250 -999.250 39.954 43.247 43.290 48.497 47.511 49.080 50.367 57.621 58.602 61.426 72.462 75.016 68.017 60.718 53.614 49.890 52.922 59.583 65.167 70.653 69.926 62.796 62.156 58.608 56.026 54.834 43.444 31.750 25.126 17.554 13.834 9.879 5.369 2.725 0.000 0.000 0.000 0.000 0.000 1.450 0.000 0.000 0.000 0.000 0.000 0.000 0.000 0.000 0.000 0.000 0.000 0.000 0.000 0.000 0.000 0.000 0.000 0.000 0.000 0.000 0.000 0.000 0.000 0.000 0.000
-999.250 -999.250 -999.250 -999.250 55.303 51.045 52.923 63.667 56.386 58.220 62.573 61.417 66.150 77.431 74.191 73.031 71.504 65.530 61.969 59.616 58.202 64.198 65.264 70.735 65.194 63.697 65.196 59.017 56.384 51.973 41.011 36.116 25.631 19.535 16.903 10.847 7.157 3.575 0.346 0.000 0.000 0.000 1.213 5.724 1.453 0.000 0.000 0.000 0.000 0.000 0.000 0.000 0.000 0.000 0.000 0.000 0.000 0.000 0.000 0.000 0.000 0.000 0.000 0.000 0.000 0.000 0.000 0.000 0.000
-999.250 -999.250 -999.250 -999.250 56.982 60.332 61.638 63.325 68.353 69.972 82.242 79.004 88.672 82.694 84.421 87.937 84.051 84.760 81.403 84.437 80.133 84.613 72.361 69.073 70.537 68.584 66.711 61.270 60.167 51.108 50.727 41.767 39.096 31.327 22.059 16.909 8.844 4.139 1.550 0.746 0.021 0.000 1.125 1.239 1.200 0.000 0.000 0.000 0.000 0.000 0.000 0.000 0.000 0.000 0.000 0.000 0.000 0.000 0.000 0.000 0.000 0.000 0.000 0.000 0.000 0.000 0.000 0.000 0.000
-999.250 -999.250 -999.250 -999.250 65.960 69.201 78.987 73.932 80.737 83.515 88.966 86.393 93.061 92.094 94.372 92.398 96.239 97.479 96.187 98.257 109.580 101.332 85.680 83.853 83.864 68.718 82.594 68.524 62.435 58.258 55.144 45.917 43.983 36.305 27.362 15.928 11.228 7.965 4.902 2.565 1.472 0.941 0.150 0.000 0.000 0.293 0.000 0.000 0.000 0.000 0.000 0.000 0.000 0.000 0.000 0.000 0.000 0.000 0.000 0.000 0.000 0.000 0.000 0.000 0.000 0.000 0.000 0.000 0.000
-999.250 -999.250 -999.250 75.482 83.991 78.226 79.741 80.770 92.716 82.079 94.922 103.417 110.806 103.671 99.795 107.758 96.486 101.282 112.800 113.875 135.957 118.982 105.714 88.172 85.714 75.728 76.327 79.559 68.693 57.407 56.364 52.218 43.855 37.411 31.806 21.945 13.588 10.444 6.307 5.636 3.231 0.128 0.000 0.000 0.000 0.000 0.000 0.000 0.000 0.000 0.000 0.000 0.000 0.000 0.000 0.000 0.000 0.000 0.000 0.000 0.000 0.000 0.000 0.000 0.000 0.000 0.000 0.000 0.000
