data/medianmodel_31-Jul-2020.asc
ncols	141
nrows	288
xllcorner	-120191.398
yllcorner	-301404.813
cellsize	2000.000
NODATA_value	-999.250
[rows 180 to 209 of 288, columns 0 to 68 of 141]
-999.250 -999.250 -999.250 53.236 64.169 67.229 65.317 71.781 74.685 81.882 87.449 92.889 91.756 91.229 87.175 84.680 78.652 64.793 64.975 61.092 59.203 62.218 56.959 48.804 54.226 50.088 55.959 59.254 57.033 64.318 61.472 61.952 55.554 45.278 38.771 36.360 27.585 22.238 19.444 16.646 11.721 10.287 6.627 5.658 3.385 1.001 0.000 0.000 0.000 0.000 0.000 0.000 0.000 0.000 0.000 0.000 1.179 2.884 6.219 8.815 13.326 18.951 27.234 32.354 36.313 38.567 44.328 47.076 44.493
-999.250 -999.250 -999.250 52.119 68.528 70.303 69.467 71.353 72.616 77.951 83.884 90.835 82.094 86.250 84.367 80.119 74.292 63.942 61.049 61.992 55.998 46.506 49.572 47.129 50.642 49.241 52.929 63.799 65.347 68.733 62.103 66.345 50.595 40.818 37.914 35.679 26.984 22.868 20.138 17.569 11.431 8.294 6.267 3.915 3.233 2.581 0.000 0.000 0.000 0.000 0.000 0.000 0.000 0.000 1.438 1.857 3.459 6.279 10.704 15.042 20.501 30.972 39.691 42.479 53.332 47.004 51.270 58.841 62.272
-999.250 -999.250 61.568 63.362 72.475 64.676 68.072 68.539 69.397 73.784 83.900 92.059 78.768 84.875 83.495 81.257 79.203 67.199 63.120 57.641 48.768 41.014 39.405 41.594 42.112 53.181 53.054 61.339 66.931 76.617 71.066 62.251 51.855 50.489 45.822 36.544 29.897 22.019 18.710 17.750 10.297 7.587 7.321 3.181 1.858 1.162 0.000 0.000 0.000 0.000 0.000 0.000 0.000 0.000 1.624 4.103 6.039 12.166 15.954 22.339 28.563 33.911 49.009 60.351 61.100 64.816 72.394 69.546 61.223
-999.250 -999.250 67.032 69.999 66.769 70.499 75.687 71.998 77.217 81.906 85.401 90.392 86.553 87.031 83.280 82.256 82.692 77.314 66.009 53.693 -999.250 39.850 46.805 39.051 41.726 46.828 49.846 63.656 67.927 88.230 73.092 67.724 58.801 45.776 39.535 31.104 21.218 19.716 16.986 10.621 10.645 8.458 5.127 2.876 0.426 0.270 0.000 0.000 0.000 0.000 0.000 0.000 0.000 1.023 3.815 6.814 10.830 13.925 21.486 31.142 42.476 51.720 58.426 69.397 79.108 70.946 79.574 76.202 79.448
-999.250 59.515 63.884 64.348 63.268 69.534 68.733 80.059 89.480 93.448 90.895 85.409 84.092 84.044 83.179 85.365 83.767 71.706 63.226 -999.250 -999.250 42.076 37.675 37.426 40.001 43.216 41.955 58.588 62.286 68.623 67.205 60.589 53.682 43.607 39.163 27.182 27.554 20.178 14.502 11.559 9.350 7.175 4.460 1.993 0.000 0.000 0.000 0.000 0.000 0.000 0.000 0.000 0.000 1.183 4.276 6.992 10.933 19.632 25.553 34.071 52.688 58.392 64.621 75.856 89.927 91.602 93.609 87.526 90.804
-999.250 61.468 65.829 67.468 61.612 66.477 71.040 85.955 89.518 91.684 91.019 88.968 83.189 80.605 86.540 76.798 72.939 67.868 -999.250 -999.250 -999.250 -999.250 37.071 33.290 34.338 34.934 39.292 42.117 49.857 49.057 54.164 51.063 50.250 44.915 36.912 27.471 24.862 17.324 16.929 9.100 8.704 6.007 4.139 2.111 0.000 0.000 0.000 0.000 0.000 0.000 0.000 0.000 0.000 2.522 6.409 10.282 12.417 25.690 33.716 44.566 60.937 71.853 85.714 89.929 97.092 104.124 109.674 105.102 96.623
51.385 55.166 56.781 62.651 67.435 68.165 72.291 79.470 91.631 95.554 91.105 89.967 93.510 85.918 81.895 70.552 67.136 64.446 -999.250 -999.250 -999.250 -999.250 -999.250 24.424 20.691 22.994 24.475 33.348 40.510 34.550 31.120 37.715 33.090 35.462 30.012 24.588 18.004 15.082 9.978 9.311 8.061 5.350 1.939 0.810 0.000 0.000 0.000 0.000 0.000 0.000 0.000 0.000 0.000 0.000 4.008 10.125 14.368 27.840 31.511 50.393 71.856 79.923 91.911 109.808 125.196 131.510 134.348 119.909 116.036
-999.250 59.622 60.462 63.002 66.702 68.142 69.813 80.601 85.986 86.140 81.946 92.008 101.572 82.909 78.041 70.835 64.845 57.708 -999.250 -999.250 -999.250 -999.250 20.219 16.910 16.197 15.203 15.408 16.294 22.797 19.883 20.877 24.678 22.197 27.638 20.476 16.714 12.748 10.276 6.929 8.654 6.691 4.502 2.157 0.799 0.000 0.000 0.000 0.000 0.000 0.000 0.000 0.000 0.000 0.207 5.298 9.709 16.891 24.369 48.182 63.632 70.959 88.311 100.212 105.541 129.687 144.342 132.668 123.735 109.809
-999.250 57.127 58.924 65.716 68.361 69.408 69.377 71.473 73.527 70.860 72.830 80.889 85.278 79.138 75.627 70.263 65.232 56.303 -999.250 -999.250 -999.250 27.420 -999.250 11.117 9.451 10.239 12.245 10.093 12.068 10.457 12.176 13.019 16.850 15.951 16.280 12.935 9.705 7.687 6.601 4.335 3.765 4.167 3.009 1.756 0.000 0.000 0.000 0.000 0.000 0.000 0.000 0.000 0.000 1.699 4.289 8.954 13.392 27.597 39.108 52.781 71.656 83.509 100.422 110.294 122.670 132.681 137.118 128.304 117.323
-999.250 54.879 59.554 66.262 66.549 64.632 66.867 62.396 63.270 57.704 58.979 72.396 74.845 68.607 63.760 61.974 58.832 -999.250 -999.250 -999.250 -999.250 29.804 18.005 10.627 9.245 9.060 6.287 5.332 5.849 5.434 7.082 8.892 10.375 9.988 10.780 9.438 7.843 7.614 5.935 3.848 2.605 1.826 0.763 0.000 0.000 0.000 0.000 0.000 0.000 0.000 0.000 0.000 0.000 0.000 2.744 6.201 11.101 22.817 38.943 54.251 65.181 84.049 95.780 102.127 115.197 124.035 122.213 107.279 101.799
-999.250 57.173 58.816 67.881 64.165 62.442 58.818 58.108 55.496 55.309 51.796 55.240 56.719 57.285 57.984 60.107 60.669 -999.250 -999.250 -999.250 36.285 34.804 24.300 13.808 9.441 6.427 2.695 0.000 0.000 0.000 3.159 5.155 6.572 5.876 7.290 8.661 7.011 6.338 6.537 2.587 1.412 0.181 0.000 0.000 0.000 0.000 0.000 0.000 0.000 0.000 0.000 0.000 0.000 0.000 2.114 5.316 10.052 20.445 31.253 44.474 59.016 75.458 77.662 87.980 93.137 97.932 102.376 94.908 95.509
-999.250 -999.250 -999.250 57.387 -999.250 -999.250 54.455 47.376 48.105 -999.250 -999.250 -999.250 49.141 51.097 -999.250 -999.250 -999.250 -999.250 -999.250 -999.250 39.552 36.043 26.685 18.218 12.465 5.342 2.033 0.000 0.000 0.000 0.815 3.005 2.087 3.604 4.687 3.800 3.830 4.828 3.327 2.367 0.479 0.000 0.000 0.000 0.000 0.000 0.000 0.000 0.000 0.000 0.000 0.000 0.000 0.000 0.000 3.028 6.521 16.922 24.335 42.243 49.818 63.260 71.253 70.456 83.621 89.129 92.483 81.360 88.033
-999.250 -999.250 -999.250 -999.250 -999.250 -999.250 -999.250 -999.250 -999.250 -999.250 -999.250 -999.250 -999.250 46.767 49.294 53.120 -999.250 -999.250 -999.250 47.120 51.359 44.089 41.307 26.800 14.792 8.598 2.674 0.000 0.000 0.000 0.000 0.000 1.321 1.398 2.242 2.121 2.871 1.691 2.722 0.000 0.000 0.000 0.000 0.000 0.000 0.000 0.000 0.000 0.000 0.000 0.000 0.000 0.000 0.000 0.000 0.000 3.900 10.485 17.876 25.304 37.766 48.232 57.784 69.380 71.543 75.554 76.006 76.343 73.154
-999.250 -999.250 -999.250 -999.250 -999.250 -999.250 -999.250 -999.250 -999.250 -999.250 -999.250 48.411 41.896 44.556 48.846 53.242 -999.250 -999.250 47.425 50.568 55.433 58.050 49.860 38.453 23.164 10.727 5.034 2.327 0.000 0.000 0.000 0.000 0.000 0.000 0.000 0.570 1.167 1.683 0.279 0.000 0.000 0.000 0.000 0.000 0.000 0.000 0.000 0.000 0.000 0.000 0.000 0.000 0.000 0.000 0.000 0.000 0.000 5.406 10.522 16.646 29.947 35.744 47.417 56.576 57.577 64.178 70.529 69.438 60.346
-999.250 -999.250 -999.250 -999.250 -999.250 -999.250 -999.250 -999.250 -999.250 -999.250 -999.250 41.397 38.574 39.801 41.427 45.285 44.384 47.108 46.381 49.078 62.103 72.973 56.176 45.222 29.871 17.824 10.892 4.725 1.352 0.255 0.424 0.275 0.305 0.000 0.000 0.296 0.000 0.737 0.000 0.000 0.000 0.000 0.000 0.000 0.000 0.000 0.000 0.000 0.000 0.000 0.000 0.000 0.000 0.000 0.000 0.000 0.000 1.350 7.178 10.701 21.081 32.315 39.225 44.907 50.073 56.323 52.979 57.065 50.539
-999.250 -999.250 -999.250 -999.250 -999.250 -999.250 -999.250 -999.250 -999.250 -999.250 -999.250 -999.250 40.872 38.364 37.791 41.604 42.324 48.195 47.863 49.692 52.386 61.358 55.171 47.217 34.975 19.190 12.456 7.367 6.113 4.430 2.707 0.195 1.527 1.436 0.619 0.000 0.000 0.000 0.000 0.000 0.000 0.000 0.000 0.000 0.000 0.000 0.000 0.000 0.000 0.000 0.000 0.000 0.000 0.000 0.000 0.000 0.000 0.000 4.500 10.903 10.522 20.272 29.857 35.360 37.738 41.942 44.820 39.993 45.486
-999.250 -999.250 -999.250 -999.250 -999.250 -999.250 -999.250 -999.250 -999.250 -999.250 -999.250 -999.250 -999.250 34.221 38.222 39.044 37.334 42.601 44.441 46.211 48.057 46.601 45.350 41.945 32.407 23.517 13.958 10.741 7.639 6.851 5.826 3.897 3.269 3.833 2.616 0.868 0.000 0.000 0.000 0.000 0.000 0.000 0.000 0.000 0.000 0.000 0.000 0.000 0.000 0.000 0.000 0.000 0.000 0.000 0.000 0.000 0.000 0.000 2.475 6.049 8.159 13.241 18.645 23.007 29.047 26.462 30.150 29.994 28.132
-999.250 -999.250 -999.250 -999.250 -999.250 -999.250 -999.250 -999.250 -999.250 -999.250 -999.250 -999.250 -999.250 26.461 27.213 28.282 29.406 35.327 35.249 35.520 40.868 42.949 36.647 33.002 30.054 21.634 16.174 14.956 9.640 10.037 8.409 5.537 2.906 3.480 3.205 1.224 0.000 0.000 0.000 0.000 0.000 0.000 0.000 0.000 0.000 0.000 0.000 0.000 0.000 0.000 0.000 0.000 0.000 0.000 0.000 0.000 0.000 0.000 1.319 4.756 6.854 8.950 11.174 15.647 21.928 18.565 18.767 19.395 19.022
-999.250 -999.250 -999.250 -999.250 -999.250 -999.250 -999.250 -999.250 -999.250 -999.250 -999.250 -999.250 -999.250 21.396 20.957 22.147 23.180 26.248 32.256 32.816 36.946 34.471 25.604 29.422 25.816 21.074 20.314 19.130 18.375 15.608 11.146 10.763 9.051 7.329 2.750 2.671 1.062 0.000 0.000 0.000 0.000 0.000 0.000 0.000 0.000 0.000 0.000 0.000 0.000 0.000 0.000 0.000 0.000 0.000 0.000 0.000 0.000 0.000 0.157 2.454 5.502 9.295 9.573 9.432 11.172 10.563 10.844 11.622 9.631
-999.250 -999.250 -999.250 -999.250 -999.250 -999.250 -999.250 -999.250 -999.250 -999.250 -999.250 -999.250 -999.250 -999.250 16.108 15.889 16.788 23.380 26.997 26.946 33.577 30.168 28.476 25.528 21.733 21.456 21.568 24.902 26.136 23.327 17.684 13.590 14.750 8.587 3.824 2.984 2.421 0.864 0.000 0.000 0.000 0.000 0.000 0.000 0.000 0.000 0.000 0.000 0.000 0.000 0.000 0.000 0.000 0.000 0.000 0.000 0.000 0.000 0.000 0.093 2.390 4.334 5.737 6.365 7.997 6.649 6.912 5.281 3.955
-999.250 -999.250 -999.250 -999.250 -999.250 -999.250 -999.250 -999.250 -999.250 -999.250 -999.250 -999.250 -999.250 -999.250 16.276 17.355 16.321 22.140 23.378 22.379 23.758 23.051 25.536 25.466 24.979 21.633 25.464 29.032 39.956 26.363 23.413 23.675 12.168 10.473 6.189 6.180 2.610 1.041 0.000 0.000 0.000 0.000 0.000 0.000 0.000 0.000 0.000 0.000 0.000 0.000 0.000 0.000 0.000 0.000 0.000 0.000 0.000 0.000 0.000 0.000 0.186 0.636 3.012 4.249 4.803 3.420 2.480 3.225 1.671
-999.250 -999.250 -999.250 -999.250 -999.250 -999.250 -999.250 -999.250 -999.250 -999.250 -999.250 -999.250 -999.250 -999.250 14.779 14.783 16.766 18.154 22.765 20.629 21.944 24.537 23.544 22.114 24.552 26.361 30.817 32.896 31.421 29.893 27.148 20.747 14.499 9.988 7.791 5.075 3.601 1.591 0.005 0.000 0.000 0.000 0.000 0.000 0.000 0.000 0.000 0.000 0.000 0.000 0.000 0.000 0.000 0.000 0.000 0.000 0.000 0.000 0.000 0.000 0.000 0.000 0.000 0.866 0.000 0.000 0.000 0.000 0.000
-999.250 -999.250 -999.250 -999.250 -999.250 -999.250 -999.250 -999.250 -999.250 -999.250 -999.250 -999.250 -999.250 -999.250 12.890 14.695 15.612 20.136 18.146 22.622 28.334 29.453 26.188 24.472 28.279 -999.250 28.181 28.606 34.621 32.264 33.370 22.244 14.887 11.268 7.933 4.530 3.691 2.576 2.579 0.723 0.000 0.000 0.000 0.000 0.000 0.000 0.000 0.000 0.000 0.000 0.000 0.000 0.000 0.000 0.000 0.000 0.000 0.000 0.000 0.000 0.000 0.000 0.000 0.000 0.000 0.000 0.000 0.000 0.000
-999.250 -999.250 -999.250 -999.250 -999.250 -999.250 -999.250 -999.250 -999.250 -999.250 -999.250 -999.250 -999.250 -999.250 15.739 13.833 18.806 16.847 21.416 18.911 22.800 28.893 26.013 -999.250 -999.250 -999.250 30.767 33.245 24.845 26.085 29.288 26.122 16.762 10.273 8.010 5.464 4.310 3.457 4.250 1.819 1.401 0.686 0.003 0.000 0.000 0.000 0.000 0.000 0.000 0.000 0.000 0.000 0.000 0.000 0.000 0.000 0.000 0.000 0.000 0.000 0.000 0.000 0.000 0.000 0.000 0.000 0.000 0.000 0.000
-999.250 -999.250 -999.250 -999.250 -999.250 -999.250 -999.250 -999.250 -999.250 -999.250 -999.250 -999.250 -999.250 14.842 16.364 14.548 13.559 18.357 18.352 20.288 24.656 23.894 -999.250 -999.250 -999.250 -999.250 -999.250 26.694 32.169 25.038 21.255 19.880 16.361 10.711 9.170 6.001 5.388 4.513 3.709 4.070 3.020 1.196 2.527 0.000 0.000 0.000 0.000 0.000 0.000 0.000 0.000 0.000 0.000 0.000 0.000 0.000 0.000 0.000 0.000 0.000 0.000 0.000 0.000 0.000 0.000 0.000 0.000 0.000 0.000
-999.250 -999.250 -999.250 -999.250 -999.250 -999.250 -999.250 -999.250 -999.250 -999.250 -999.250 -999.250 -999.250 14.139 17.528 17.214 15.424 12.801 14.142 12.977 -999.250 -999.250 -999.250 -999.250 -999.250 -999.250 -999.250 -999.250 25.199 21.062 16.633 16.193 15.357 11.973 10.354 7.798 5.893 3.695 4.709 6.511 2.896 2.251 1.364 0.881 0.000 0.000 0.160 0.000 0.000 0.000 0.000 0.000 0.000 0.000 0.000 0.000 0.000 0.000 0.000 0.000 0.000 0.000 0.000 0.000 0.000 0.000 0.000 0.000 0.000
-999.250 -999.250 -999.250 -999.250 -999.250 -999.250 -999.250 -999.250 -999.250 -999.250 -999.250 -999.250 10.812 11.233 -999.250 -999.250 -999.250 -999.250 -999.250 -999.250 -999.250 -999.250 -999.250 -999.250 -999.250 -999.250 -999.250 -999.250 -999.250 19.323 14.270 13.229 11.606 13.561 10.843 7.638 5.809 5.787 4.526 5.829 4.436 3.340 2.389 0.564 1.614 0.067 0.000 0.000 0.000 0.000 0.000 0.000 0.000 0.000 0.000 0.000 0.000 0.000 0.000 0.000 0.000 0.000 0.000 0.000 0.000 0.000 0.000 0.000 0.000
-999.250 -999.250 -999.250 -999.250 -999.250 -999.250 -999.250 -999.250 -999.250 -999.250 -999.250 -999.250 -999.250 -999.250 -999.250 -999.250 -999.250 -999.250 -999.250 -999.250 -999.250 -999.250 -999.250 -999.250 -999.250 -999.250 -999.250 -999.250 -999.250 -999.250 12.569 15.384 12.194 12.954 10.509 8.215 8.256 8.080 6.526 5.937 5.542 3.828 2.457 0.900 1.801 1.786 0.000 0.000 0.000 0.000 0.000 0.000 0.000 0.000 0.000 0.000 0.000 0.000 0.000 0.000 0.000 0.000 0.000 0.000 0.000 0.000 0.000 0.000 0.000
-999.250 -999.250 -999.250 -999.250 -999.250 -999.250 -999.250 -999.250 -999.250 -999.250 -999.250 -999.250 -999.250 -999.250 -999.250 -999.250 -999.250 -999.250 -999.250 -999.250 -999.250 -999.250 -999.250 -999.250 -999.250 -999.250 -999.250 -999.250 -999.250 -999.250 11.841 11.265 12.765 12.339 9.665 8.330 7.515 7.255 5.583 5.281 5.904 6.315 4.183 3.278 2.915 0.886 0.566 0.863 0.314 0.000 0.000 0.000 0.000 0.000 0.000 0.000 0.000 0.000 0.000 0.000 0.000 0.000 0.000 0.000 0.000 0.000 0.000 0.000 0.000
-999.250 -999.250 -999.250 -999.250 -999.250 -999.250 -999.250 -999.250 -999.250 -999.250 -999.250 -999.250 -999.250 -999.250 -999.250 -999.250 -999.250 -999.250 -999.250 -999.250 -999.250 -999.250 -999.250 -999.250 -999.250 -999.250 -999.250 -999.250 -999.250 -999.250 12.619 10.607 10.419 9.111 8.451 6.999 7.739 8.424 7.374 5.938 4.754 5.566 5.919 3.727 3.154 1.373 0.301 0.573 0.895 0.000 0.000 0.000 0.000 0.000 0.000 0.000 0.000 0.000 0.000 0.000 0.000 0.000 0.000 0.000 0.000 0.000 0.000 0.000 0.000
