data/medianmodel_25-Sep-2020.asc
ncols	141
nrows	288
xllcorner	-120191.398
yllcorner	-301404.813
cellsize	2000.000
NODATA_value	-999.250
[rows 150 to 179 of 288, columns 67 to 133 of 141]
23.486 23.351 18.865 15.187 12.586 11.849 8.235 6.099 2.214 2.152 1.634 7.098 14.430 27.230 40.525 68.213 89.071 112.274 135.834 159.069 184.179 198.230 207.803 199.775 183.798 167.237 153.690 122.118 -999.250 -999.250 -999.250 -999.250 -999.250 -999.250 -999.250 -999.250 -999.250 -999.250 -999.250 -999.250 -999.250 -999.250 -999.250 -999.250 -999.250 -999.250 -999.250 -999.250 -999.250 -999.250 -999.250 -999.250 -999.250 -999.250 -999.250 -999.250 -999.250 -999.250 -999.250 -999.250 -999.250 -999.250 -999.250 -999.250 -999.250 -999.250 -999.250
20.420 18.161 15.086 12.918 10.305 4.197 5.426 2.478 0.853 0.000 1.945 5.721 12.891 27.718 40.350 64.628 81.695 104.221 112.967 145.442 152.617 162.355 169.757 158.724 151.730 134.619 114.279 100.052 -999.250 -999.250 -999.250 -999.250 -999.250 -999.250 -999.250 -999.250 -999.250 -999.250 -999.250 -999.250 -999.250 -999.250 -999.250 -999.250 -999.250 -999.250 -999.250 -999.250 -999.250 -999.250 -999.250 -999.250 -999.250 -999.250 -999.250 -999.250 -999.250 -999.250 -999.250 -999.250 -999.250 -999.250 -999.250 -999.250 -999.250 -999.250 -999.250
12.308 14.888 11.932 10.590 6.628 3.379 1.168 0.000 0.000 0.000 2.731 4.135 13.679 22.047 32.140 55.182 73.172 91.423 98.222 109.732 124.638 130.816 127.469 124.528 122.046 106.952 92.890 82.835 -999.250 -999.250 -999.250 -999.250 -999.250 -999.250 -999.250 -999.250 -999.250 -999.250 -999.250 -999.250 -999.250 -999.250 -999.250 -999.250 -999.250 -999.250 -999.250 -999.250 -999.250 -999.250 -999.250 -999.250 -999.250 -999.250 -999.250 -999.250 -999.250 -999.250 -999.250 -999.250 -999.250 -999.250 -999.250 -999.250 -999.250 -999.250 -999.250
12.913 13.532 7.316 5.337 3.578 0.615 0.000 0.000 0.000 0.000 0.000 4.398 10.687 19.274 32.272 44.981 62.977 79.175 94.345 97.805 105.830 100.551 101.353 93.876 89.809 83.273 76.737 74.456 -999.250 -999.250 -999.250 -999.250 -999.250 -999.250 -999.250 -999.250 -999.250 -999.250 -999.250 -999.250 -999.250 -999.250 -999.250 -999.250 -999.250 -999.250 -999.250 -999.250 -999.250 -999.250 -999.250 -999.250 -999.250 -999.250 -999.250 -999.250 -999.250 -999.250 -999.250 -999.250 -999.250 -999.250 -999.250 -999.250 -999.250 -999.250 -999.250
12.095 9.614 8.244 5.437 2.602 0.000 0.000 0.000 0.000 0.000 0.964 1.689 4.369 15.526 24.587 33.612 54.065 71.662 76.849 85.263 88.239 89.552 82.528 85.017 77.399 66.556 65.826 64.746 -999.250 -999.250 -999.250 -999.250 -999.250 -999.250 -999.250 -999.250 -999.250 -999.250 -999.250 -999.250 -999.250 -999.250 -999.250 -999.250 -999.250 -999.250 -999.250 -999.250 -999.250 -999.250 -999.250 -999.250 -999.250 -999.250 -999.250 -999.250 -999.250 -999.250 -999.250 -999.250 -999.250 -999.250 -999.250 -999.250 -999.250 -999.250 -999.250
13.360 10.969 7.299 2.665 3.322 0.000 0.000 0.000 0.000 0.000 0.000 0.000 3.983 9.274 18.752 25.998 35.549 57.715 65.465 76.386 77.179 78.834 77.882 71.345 69.307 61.893 56.455 51.410 -999.250 -999.250 -999.250 -999.250 -999.250 -999.250 -999.250 -999.250 -999.250 -999.250 -999.250 -999.250 -999.250 -999.250 -999.250 -999.250 -999.250 -999.250 -999.250 -999.250 -999.250 -999.250 -999.250 -999.250 -999.250 -999.250 -999.250 -999.250 -999.250 -999.250 -999.250 -999.250 -999.250 -999.250 -999.250 -999.250 -999.250 -999.250 -999.250
11.446 8.756 9.509 2.714 2.194 0.041 0.000 0.000 0.000 0.000 0.000 0.000 0.933 5.436 11.576 17.166 26.934 35.490 46.501 63.486 66.981 74.856 76.243 69.840 67.422 62.877 54.773 45.474 42.152 -999.250 -999.250 -999.250 -999.250 -999.250 -999.250 -999.250 -999.250 -999.250 -999.250 -999.250 -999.250 -999.250 -999.250 -999.250 -999.250 -999.250 -999.250 -999.250 -999.250 -999.250 -999.250 -999.250 -999.250 -999.250 -999.250 -999.250 -999.250 -999.250 -999.250 -999.250 -999.250 -999.250 -999.250 -999.250 -999.250 -999.250 -999.250
15.502 13.170 8.419 4.958 2.337 2.653 0.334 0.000 0.000 0.000 0.000 0.000 0.000 1.049 1.405 7.868 13.379 25.053 34.655 47.264 61.896 69.438 78.452 80.375 73.308 65.388 59.411 46.822 38.660 34.448 -999.250 -999.250 -999.250 -999.250 -999.250 -999.250 -999.250 -999.250 -999.250 -999.250 -999.250 -999.250 -999.250 -999.250 -999.250 -999.250 -999.250 -999.250 -999.250 -999.250 -999.250 -999.250 -999.250 -999.250 -999.250 -999.250 -999.250 -999.250 -999.250 -999.250 -999.250 -999.250 -999.250 -999.250 -999.250 -999.250 -999.250
17.997 14.378 9.451 10.140 7.548 4.677 3.128 2.222 1.773 0.853 0.348 0.000 0.000 0.185 0.000 0.000 0.000 15.255 28.958 39.805 55.165 69.590 77.084 85.694 72.872 64.501 50.240 47.062 39.593 34.526 27.326 -999.250 -999.250 -999.250 -999.250 -999.250 -999.250 -999.250 -999.250 -999.250 -999.250 -999.250 -999.250 -999.250 -999.250 -999.250 -999.250 -999.250 -999.250 -999.250 -999.250 -999.250 -999.250 -999.250 -999.250 -999.250 -999.250 -999.250 -999.250 -999.250 -999.250 -999.250 -999.250 -999.250 -999.250 -999.250 -999.250
20.052 15.768 14.080 13.258 11.190 10.562 6.682 6.927 3.636 4.093 2.622 2.138 4.448 1.755 0.999 1.329 4.710 13.303 26.433 34.493 48.889 60.666 70.900 70.009 69.126 61.301 48.952 45.166 36.784 31.052 24.787 -999.250 -999.250 -999.250 -999.250 -999.250 -999.250 -999.250 -999.250 -999.250 -999.250 -999.250 -999.250 -999.250 -999.250 -999.250 -999.250 -999.250 -999.250 -999.250 -999.250 -999.250 -999.250 -999.250 -999.250 -999.250 -999.250 -999.250 -999.250 -999.250 -999.250 -999.250 -999.250 -999.250 -999.250 -999.250 -999.250
24.123 18.009 14.123 15.323 11.845 11.581 11.733 8.042 7.103 8.037 8.786 7.370 7.293 7.771 8.423 7.088 11.171 16.463 24.027 31.937 45.590 52.799 58.262 60.480 55.750 54.225 46.619 34.415 32.045 28.576 23.204 -999.250 -999.250 -999.250 -999.250 -999.250 -999.250 -999.250 -999.250 -999.250 -999.250 -999.250 -999.250 -999.250 -999.250 -999.250 -999.250 -999.250 -999.250 -999.250 -999.250 -999.250 -999.250 -999.250 -999.250 -999.250 -999.250 -999.250 -999.250 -999.250 -999.250 -999.250 -999.250 -999.250 -999.250 -999.250 -999.250
26.697 22.604 20.639 16.691 16.750 16.274 15.633 13.126 12.429 10.807 11.621 12.590 11.502 12.548 13.519 15.295 16.242 19.474 25.134 31.363 36.701 39.986 51.630 54.538 48.770 48.049 41.390 37.820 29.316 25.510 18.228 -999.250 -999.250 -999.250 -999.250 -999.250 -999.250 -999.250 -999.250 -999.250 -999.250 -999.250 -999.250 -999.250 -999.250 -999.250 -999.250 -999.250 -999.250 -999.250 -999.250 -999.250 -999.250 -999.250 -999.250 -999.250 -999.250 -999.250 -999.250 -999.250 -999.250 -999.250 -999.250 -999.250 -999.250 -999.250 -999.250
30.623 28.620 26.414 24.101 22.542 19.148 20.238 14.987 14.303 17.462 14.184 14.105 18.403 18.826 21.024 20.672 20.049 23.107 23.936 28.789 32.117 36.371 45.058 40.246 39.054 37.435 35.920 29.640 24.969 21.569 15.812 -999.250 -999.250 -999.250 -999.250 -999.250 -999.250 -999.250 -999.250 -999.250 -999.250 -999.250 -999.250 -999.250 -999.250 -999.250 -999.250 -999.250 -999.250 -999.250 -999.250 -999.250 -999.250 -999.250 -999.250 -999.250 -999.250 -999.250 -999.250 -999.250 -999.250 -999.250 -999.250 -999.250 -999.250 -999.250 -999.250
32.904 31.225 29.667 25.699 26.674 25.868 20.731 19.506 16.135 17.887 17.084 19.057 21.842 25.988 31.596 24.425 22.301 21.650 23.479 26.366 28.000 29.596 33.688 33.471 33.432 32.228 25.382 24.952 19.996 15.955 11.607 9.687 -999.250 -999.250 -999.250 -999.250 -999.250 -999.250 -999.250 -999.250 -999.250 -999.250 -999.250 -999.250 -999.250 -999.250 -999.250 -999.250 -999.250 -999.250 -999.250 -999.250 -999.250 -999.250 -999.250 -999.250 -999.250 -999.250 -999.250 -999.250 -999.250 -999.250 -999.250 -999.250 -999.250 -999.250 -999.250
36.980 36.511 35.243 30.139 30.115 26.571 25.885 23.167 22.208 22.363 21.552 23.378 23.375 24.810 26.377 23.916 21.435 22.609 23.532 23.869 26.192 28.722 25.195 28.693 28.257 24.854 25.649 20.843 16.171 11.203 8.560 6.769 4.162 -999.250 -999.250 -999.250 -999.250 -999.250 -999.250 -999.250 -999.250 -999.250 -999.250 -999.250 -999.250 -999.250 -999.250 -999.250 -999.250 -999.250 -999.250 -999.250 -999.250 -999.250 -999.250 -999.250 -999.250 -999.250 -999.250 -999.250 -999.250 -999.250 -999.250 -999.250 -999.250 -999.250 -999.250
41.498 38.156 36.694 34.761 31.796 29.485 29.479 26.027 25.700 22.941 24.966 21.991 22.393 23.460 22.096 21.513 18.719 18.954 21.824 20.522 24.443 24.446 23.404 22.999 24.750 24.862 20.163 16.947 14.118 9.388 5.912 1.927 2.736 5.478 8.674 10.737 -999.250 -999.250 -999.250 -999.250 -999.250 -999.250 -999.250 -999.250 -999.250 -999.250 -999.250 -999.250 -999.250 -999.250 -999.250 -999.250 -999.250 -999.250 -999.250 -999.250 -999.250 -999.250 -999.250 -999.250 -999.250 -999.250 -999.250 -999.250 -999.250 -999.250 -999.250
43.925 45.884 44.142 40.132 36.547 33.750 32.645 29.948 24.745 22.827 21.576 20.611 20.800 20.235 18.441 16.965 16.206 16.573 16.309 17.715 21.519 20.859 21.672 20.185 22.699 22.375 17.534 12.470 10.718 6.233 3.580 1.845 2.102 5.623 7.954 11.173 -999.250 -999.250 -999.250 -999.250 -999.250 -999.250 -999.250 -999.250 -999.250 -999.250 -999.250 -999.250 -999.250 -999.250 -999.250 -999.250 -999.250 -999.250 -999.250 -999.250 -999.250 -999.250 -999.250 -999.250 -999.250 -999.250 -999.250 -999.250 -999.250 -999.250 -999.250
47.964 52.573 52.997 50.702 47.379 40.946 34.862 31.990 26.320 24.011 20.366 18.102 15.979 14.088 13.520 13.120 12.469 16.434 14.574 15.928 17.727 18.869 19.495 18.322 18.919 17.661 14.401 9.523 7.892 1.949 0.167 0.000 0.339 5.603 7.925 -999.250 -999.250 -999.250 -999.250 -999.250 -999.250 -999.250 -999.250 -999.250 -999.250 -999.250 -999.250 -999.250 -999.250 -999.250 -999.250 -999.250 -999.250 -999.250 -999.250 -999.250 -999.250 -999.250 -999.250 -999.250 -999.250 -999.250 -999.250 -999.250 -999.250 -999.250 -999.250
51.382 58.363 57.952 62.571 55.409 48.197 39.066 33.446 27.343 20.541 17.533 15.762 13.601 10.603 9.496 8.121 9.632 10.380 13.044 13.339 15.626 19.996 21.640 22.676 21.838 15.249 12.779 9.415 8.392 4.441 0.000 0.000 0.000 3.864 8.668 -999.250 -999.250 -999.250 24.895 26.049 28.477 -999.250 -999.250 -999.250 -999.250 -999.250 -999.250 -999.250 -999.250 -999.250 -999.250 -999.250 -999.250 -999.250 -999.250 -999.250 -999.250 -999.250 -999.250 -999.250 -999.250 -999.250 -999.250 -999.250 -999.250 -999.250 -999.250
62.148 57.335 68.810 64.750 57.184 51.569 39.988 34.133 26.621 19.577 14.346 12.328 7.864 3.922 4.341 3.458 6.768 9.048 10.930 13.469 17.368 19.578 23.094 22.442 21.807 20.040 16.596 13.316 9.451 5.602 1.574 0.000 0.000 4.921 10.348 15.371 19.666 23.302 25.247 29.083 31.602 32.867 -999.250 -999.250 -999.250 -999.250 -999.250 -999.250 -999.250 -999.250 -999.250 -999.250 -999.250 -999.250 -999.250 -999.250 -999.250 -999.250 -999.250 -999.250 -999.250 -999.250 -999.250 -999.250 -999.250 -999.250 -999.250
61.927 65.475 66.727 70.638 59.349 48.950 41.745 36.314 25.608 19.511 15.280 8.070 1.116 0.000 0.000 0.567 1.692 6.678 9.213 11.219 16.489 19.005 20.771 23.354 23.803 22.241 20.187 15.036 12.614 8.743 2.024 0.644 2.508 6.692 10.120 14.587 19.090 21.882 26.635 31.503 38.100 38.090 38.866 -999.250 -999.250 -999.250 -999.250 -999.250 -999.250 -999.250 -999.250 -999.250 -999.250 -999.250 -999.250 -999.250 -999.250 -999.250 -999.250 -999.250 -999.250 -999.250 -999.250 -999.250 -999.250 -999.250 -999.250
60.810 62.058 63.763 62.166 52.966 43.596 36.620 30.788 25.024 17.378 12.379 8.157 2.051 0.000 0.000 0.000 0.000 4.178 6.234 10.650 15.361 17.191 21.816 26.238 27.377 25.346 21.184 21.033 14.938 8.221 3.504 3.723 6.132 7.992 9.612 16.096 19.959 21.789 27.250 31.275 33.866 37.588 41.612 -999.250 -999.250 -999.250 -999.250 -999.250 -999.250 -999.250 -999.250 -999.250 -999.250 -999.250 -999.250 -999.250 -999.250 -999.250 -999.250 -999.250 -999.250 -999.250 -999.250 -999.250 -999.250 -999.250 -999.250
55.892 54.658 52.580 51.597 47.823 38.809 33.780 29.299 22.730 15.740 8.768 5.791 0.338 0.000 0.000 0.000 0.000 0.000 7.143 11.934 12.363 18.019 23.763 29.104 33.613 27.439 22.525 18.310 13.575 12.569 6.974 6.235 7.750 9.020 14.985 15.276 19.739 22.387 28.643 29.753 32.071 35.787 38.968 -999.250 -999.250 -999.250 -999.250 -999.250 -999.250 -999.250 -999.250 -999.250 -999.250 -999.250 -999.250 -999.250 -999.250 -999.250 -999.250 -999.250 -999.250 -999.250 -999.250 -999.250 -999.250 -999.250 -999.250
50.585 48.885 42.487 46.513 41.610 37.072 32.174 26.834 21.836 15.045 10.501 6.217 0.000 0.000 0.000 0.000 0.000 0.000 2.902 7.475 12.494 14.702 21.877 24.445 26.082 25.276 18.305 15.378 12.956 12.111 9.521 9.013 7.282 12.526 15.576 15.605 17.150 24.655 24.842 28.685 33.139 36.255 36.403 36.531 -999.250 -999.250 -999.250 -999.250 -999.250 -999.250 -999.250 -999.250 -999.250 -999.250 -999.250 -999.250 -999.250 -999.250 -999.250 -999.250 -999.250 -999.250 -999.250 -999.250 -999.250 -999.250 -999.250
39.674 42.910 40.663 40.311 33.976 32.788 28.347 25.028 18.387 15.383 8.392 2.248 0.000 0.000 0.000 0.000 0.000 0.000 0.000 2.635 8.367 13.055 15.460 18.727 18.627 19.705 16.899 12.755 11.409 9.201 10.262 6.202 10.112 11.447 12.032 17.203 20.232 24.067 26.026 25.469 31.607 32.284 33.706 -999.250 -999.250 -999.250 -999.250 -999.250 -999.250 -999.250 -999.250 -999.250 -999.250 -999.250 -999.250 -999.250 -999.250 -999.250 -999.250 -999.250 -999.250 -999.250 -999.250 -999.250 -999.250 -999.250 -999.250
40.505 40.489 38.567 39.730 34.933 30.415 25.529 20.382 16.973 12.981 9.392 2.513 0.000 0.000 0.000 0.000 0.000 0.000 0.000 0.968 5.831 8.422 13.349 12.801 13.249 14.111 13.210 12.102 7.731 5.830 8.089 8.266 9.799 10.402 15.277 17.152 19.007 22.794 25.013 27.573 29.476 33.654 -999.250 -999.250 -999.250 -999.250 -999.250 -999.250 -999.250 -999.250 -999.250 -999.250 -999.250 -999.250 -999.250 -999.250 -999.250 -999.250 -999.250 -999.250 -999.250 -999.250 -999.250 -999.250 -999.250 -999.250 -999.250
37.814 34.885 34.232 33.057 32.460 28.381 23.946 21.124 16.970 10.847 6.805 0.671 0.000 0.000 0.000 0.000 0.000 0.000 0.000 0.000 0.000 5.323 6.599 5.050 7.995 9.910 9.954 7.995 7.211 6.314 6.830 5.791 9.162 13.696 13.416 18.552 18.147 20.427 26.719 27.021 28.674 31.513 -999.250 -999.250 -999.250 -999.250 -999.250 -999.250 -999.250 -999.250 -999.250 -999.250 -999.250 -999.250 -999.250 -999.250 -999.250 -999.250 -999.250 -999.250 -999.250 -999.250 -999.250 -999.250 -999.250 -999.250 -999.250
33.937 32.929 33.354 30.969 28.037 27.586 25.156 18.335 14.894 10.548 6.700 0.256 0.857 0.000 0.000 0.000 0.000 0.000 0.000 0.000 0.000 0.000 1.301 3.576 2.966 4.603 3.724 3.830 3.904 2.064 2.206 4.824 10.722 12.950 15.056 15.877 19.893 24.432 30.704 29.330 29.891 -999.250 -999.250 -999.250 -999.250 -999.250 -999.250 -999.250 -999.250 -999.250 -999.250 -999.250 -999.250 -999.250 -999.250 -999.250 -999.250 -999.250 -999.250 -999.250 -999.250 -999.250 -999.250 -999.250 -999.250 -999.250 -999.250
32.401 34.755 30.644 31.084 27.588 26.913 22.375 17.361 13.839 12.652 9.237 3.535 2.540 0.000 0.000 0.000 0.000 0.000 0.000 0.000 0.000 0.000 0.000 0.000 1.414 0.699 0.497 0.000 0.000 0.000 5.040 6.501 8.800 8.230 9.925 15.048 20.732 23.654 27.025 28.969 32.253 -999.250 -999.250 -999.250 -999.250 -999.250 -999.250 -999.250 -999.250 -999.250 -999.250 -999.250 -999.250 -999.250 -999.250 -999.250 -999.250 -999.250 -999.250 -999.250 -999.250 -999.250 -999.250 -999.250 -999.250 -999.250 -999.250
29.585 32.900 31.301 30.747 28.359 26.912 20.270 19.123 14.938 13.365 9.766 8.211 4.195 1.633 0.000 0.000 0.000 0.000 0.000 0.000 0.000 0.000 0.000 0.000 0.000 0.000 0.000 0.000 0.000 0.000 5.760 6.941 7.682 5.462 9.547 14.731 16.045 26.247 28.128 29.487 -999.250 -999.250 -999.250 -999.250 -999.250 -999.250 -999.250 -999.250 -999.250 -999.250 -999.250 -999.250 -999.250 -999.250 -999.250 -999.250 -999.250 -999.250 -999.250 -999.250 -999.250 -999.250 -999.250 -999.250 -999.250 -999.250 -999.250
