data/medianmodel_17-May-2020.asc
ncols	141
nrows	288
xllcorner	-120191.398
yllcorner	-301404.813
cellsize	2000.000
NODATA_value	-999.250
[rows 93 to 123 of 288, columns 0 to 68 of 141]
-999.250 -999.250 -999.250 -999.250 -999.250 -999.250 -999.250 -999.250 -999.250 -999.250 -999.250 -999.250 -999.250 -999.250 -999.250 -999.250 -999.250 -999.250 -999.250 -999.250 -999.250 -999.250 -999.250 -999.250 -999.250 -999.250 -999.250 -999.250 -999.250 -999.250 -999.250 3.964 2.318 1.470 3.958 4.395 5.863 9.220 8.521 11.862 7.488 6.035 5.063 3.576 3.164 5.168 7.337 6.413 8.040 7.087 7.888 10.008 11.117 9.378 8.724 9.369 5.289 4.907 1.430 0.000 0.000 0.000 0.000 0.000 0.000 0.000 0.000 0.000 4.352
-999.250 -999.250 -999.250 -999.250 -999.250 -999.250 -999.250 -999.250 -999.250 -999.250 -999.250 -999.250 -999.250 -999.250 -999.250 -999.250 -999.250 -999.250 -999.250 -999.250 -999.250 -999.250 -999.250 -999.250 -999.250 -999.250 -999.250 -999.250 -999.250 -999.250 -999.250 1.775 0.397 0.000 1.316 3.873 4.634 6.244 8.999 8.264 9.329 8.291 8.088 4.279 4.481 2.904 4.518 5.055 6.621 4.665 8.154 10.471 10.910 10.034 9.878 11.160 7.100 6.080 0.853 0.000 0.000 0.000 0.000 0.000 0.000 0.000 0.000 0.000 4.282
-999.250 -999.250 -999.250 -999.250 -999.250 -999.250 -999.250 -999.250 -999.250 -999.250 -999.250 -999.250 -999.250 -999.250 -999.250 -999.250 -999.250 -999.250 -999.250 -999.250 -999.250 -999.250 -999.250 -999.250 -999.250 -999.250 -999.250 -999.250 -999.250 -999.250 -999.250 0.307 0.000 0.000 0.000 1.660 5.210 6.273 8.348 11.270 12.525 13.863 10.205 7.950 4.687 2.679 1.570 3.897 2.232 5.666 6.220 10.968 12.741 12.094 13.362 10.302 10.391 6.690 3.921 0.000 0.000 0.000 0.000 0.000 2.844 4.641 7.630 8.016 13.142
-999.250 -999.250 -999.250 -999.250 -999.250 -999.250 -999.250 -999.250 -999.250 -999.250 -999.250 -999.250 -999.250 -999.250 -999.250 -999.250 -999.250 -999.250 -999.250 -999.250 -999.250 -999.250 -999.250 -999.250 -999.250 -999.250 -999.250 -999.250 -999.250 -999.250 0.875 1.007 1.599 0.951 2.762 3.619 4.876 9.440 10.112 13.372 15.578 12.520 10.713 7.031 4.820 1.176 0.000 0.081 1.758 4.670 8.574 9.319 11.081 16.603 13.095 14.810 12.730 9.646 3.686 0.000 0.000 0.966 4.024 5.140 9.401 9.513 10.981 10.516 19.667
-999.250 -999.250 -999.250 -999.250 -999.250 -999.250 -999.250 -999.250 -999.250 -999.250 -999.250 -999.250 -999.250 -999.250 -999.250 -999.250 -999.250 -999.250 -999.250 -999.250 -999.250 -999.250 -999.250 -999.250 -999.250 -999.250 -999.250 -999.250 -999.250 -999.250 3.742 3.258 1.932 3.661 4.166 5.562 5.954 9.849 13.575 17.169 18.942 15.456 12.668 9.616 2.855 0.000 0.000 0.000 0.327 4.269 8.837 12.497 14.078 14.643 13.393 15.310 14.157 15.791 8.844 4.557 3.579 5.707 6.070 12.454 16.483 15.181 16.868 20.231 21.984
-999.250 -999.250 -999.250 -999.250 -999.250 -999.250 -999.250 -999.250 -999.250 -999.250 -999.250 -999.250 -999.250 -999.250 -999.250 -999.250 -999.250 -999.250 -999.250 -999.250 -999.250 -999.250 -999.250 -999.250 -999.250 -999.250 -999.250 -999.250 -999.250 -999.250 7.373 7.742 5.178 7.146 8.464 8.176 8.763 12.332 14.406 17.278 20.994 16.327 11.937 7.428 1.994 0.581 0.000 0.000 0.927 5.018 7.176 11.769 13.987 16.306 15.379 13.914 17.643 22.720 14.827 10.263 7.305 9.144 13.961 17.537 26.390 19.311 17.179 18.913 23.990
-999.250 -999.250 -999.250 -999.250 -999.250 -999.250 -999.250 -999.250 -999.250 -999.250 -999.250 -999.250 -999.250 -999.250 -999.250 -999.250 -999.250 -999.250 -999.250 -999.250 -999.250 -999.250 -999.250 -999.250 -999.250 -999.250 -999.250 -999.250 -999.250 -999.250 8.126 7.408 7.080 8.003 10.958 10.218 13.013 13.539 17.170 21.293 25.706 17.006 14.787 10.264 7.344 3.221 5.339 3.836 2.390 5.335 8.914 9.654 13.520 15.419 17.192 17.908 20.445 20.859 17.611 12.394 12.862 12.562 17.106 18.744 21.792 20.450 20.672 20.630 29.927
-999.250 -999.250 -999.250 -999.250 -999.250 -999.250 -999.250 -999.250 -999.250 -999.250 -999.250 -999.250 -999.250 -999.250 -999.250 -999.250 -999.250 -999.250 -999.250 -999.250 -999.250 -999.250 -999.250 -999.250 -999.250 -999.250 -999.250 -999.250 -999.250 12.159 12.439 10.141 9.429 10.372 13.410 14.596 15.140 17.416 19.687 22.304 24.115 18.037 12.611 9.636 8.649 7.808 8.961 8.383 6.409 9.460 9.627 13.839 14.862 17.203 18.414 18.196 21.572 20.187 14.968 15.876 15.755 14.223 17.522 18.959 23.021 18.492 24.802 23.242 30.793
-999.250 -999.250 -999.250 -999.250 -999.250 -999.250 -999.250 -999.250 -999.250 -999.250 -999.250 -999.250 -999.250 -999.250 -999.250 -999.250 -999.250 -999.250 -999.250 -999.250 -999.250 -999.250 -999.250 -999.250 -999.250 -999.250 -999.250 -999.250 -999.250 11.734 9.421 9.456 11.689 11.124 15.333 15.926 16.860 17.760 17.101 18.228 17.619 16.464 13.363 15.508 11.599 12.548 12.289 13.913 10.568 11.904 11.617 13.879 18.220 17.681 17.836 19.042 18.033 16.155 18.228 17.598 16.118 13.848 16.294 19.898 20.984 17.659 19.231 25.850 28.190
-999.250 -999.250 -999.250 -999.250 -999.250 -999.250 -999.250 -999.250 -999.250 -999.250 -999.250 -999.250 -999.250 -999.250 -999.250 -999.250 -999.250 -999.250 -999.250 -999.250 -999.250 -999.250 -999.250 -999.250 -999.250 -999.250 -999.250 -999.250 -999.250 10.961 6.885 8.367 10.049 11.860 15.763 13.563 13.286 16.468 16.293 16.358 15.901 13.613 15.885 16.033 14.218 16.149 17.716 16.389 16.152 15.825 15.841 15.727 17.376 21.907 18.709 18.326 17.318 19.697 19.751 17.105 15.409 14.584 17.720 19.164 14.383 16.369 18.756 19.878 21.733
-999.250 -999.250 -999.250 -999.250 -999.250 -999.250 -999.250 -999.250 -999.250 -999.250 -999.250 -999.250 -999.250 -999.250 -999.250 -999.250 -999.250 -999.250 -999.250 -999.250 -999.250 -999.250 -999.250 -999.250 -999.250 -999.250 -999.250 -999.250 -999.250 7.499 6.890 9.712 8.837 9.755 9.313 9.528 14.707 12.590 11.693 13.001 13.121 16.400 16.266 18.774 18.031 20.264 21.561 21.392 17.394 16.990 15.095 17.066 17.461 17.996 16.075 15.912 18.157 15.000 16.075 16.583 18.021 11.685 14.054 13.256 16.373 14.221 15.201 16.765 20.488
-999.250 -999.250 -999.250 -999.250 -999.250 -999.250 -999.250 -999.250 -999.250 -999.250 -999.250 -999.250 -999.250 -999.250 -999.250 -999.250 -999.250 -999.250 -999.250 -999.250 -999.250 -999.250 -999.250 -999.250 -999.250 -999.250 -999.250 -999.250 7.690 6.936 7.821 8.987 8.616 11.014 8.312 7.120 9.783 8.552 11.055 10.585 13.178 17.911 20.307 22.969 24.918 25.821 30.696 25.650 17.845 18.556 19.234 14.800 17.046 16.005 16.256 16.468 15.207 15.709 13.259 13.358 12.182 11.978 11.363 12.111 13.710 14.055 14.000 14.870 14.691
-999.250 -999.250 -999.250 -999.250 -999.250 -999.250 -999.250 -999.250 -999.250 -999.250 -999.250 -999.250 -999.250 -999.250 -999.250 -999.250 -999.250 -999.250 -999.250 -999.250 -999.250 -999.250 -999.250 -999.250 -999.250 -999.250 -999.250 -999.250 7.838 8.754 5.972 6.929 6.980 7.149 8.823 6.941 6.570 7.670 7.889 10.789 14.009 19.635 21.393 29.781 33.438 34.333 42.485 23.810 21.919 16.255 14.910 17.811 15.694 15.804 14.530 12.536 12.289 14.111 12.787 10.848 11.746 11.268 9.239 10.803 10.515 10.023 12.149 13.138 14.373
-999.250 -999.250 -999.250 -999.250 -999.250 -999.250 -999.250 -999.250 -999.250 -999.250 -999.250 -999.250 -999.250 -999.250 -999.250 -999.250 -999.250 -999.250 -999.250 -999.250 -999.250 -999.250 -999.250 -999.250 -999.250 -999.250 -999.250 8.695 5.645 7.517 6.966 3.162 4.948 6.223 7.381 5.452 6.475 5.583 7.929 10.580 16.722 19.148 24.860 33.588 36.195 35.765 42.417 31.061 25.797 19.443 18.582 17.715 13.002 13.601 13.221 15.072 13.794 13.983 12.745 10.156 10.813 9.365 8.718 11.176 10.423 8.257 7.739 8.755 9.235
-999.250 -999.250 -999.250 -999.250 -999.250 -999.250 -999.250 -999.250 -999.250 -999.250 -999.250 -999.250 -999.250 -999.250 -999.250 -999.250 -999.250 -999.250 -999.250 -999.250 -999.250 -999.250 -999.250 -999.250 -999.250 -999.250 -999.250 9.862 9.420 5.375 4.380 4.475 4.374 5.952 3.527 2.030 5.158 7.295 8.864 13.784 19.320 25.495 29.448 41.963 46.020 42.950 47.302 37.788 25.313 18.466 17.742 14.014 11.929 11.957 14.411 13.251 13.362 15.010 11.532 10.281 11.239 10.514 9.306 9.079 8.075 6.712 4.953 3.822 8.467
-999.250 -999.250 -999.250 -999.250 -999.250 -999.250 -999.250 -999.250 -999.250 -999.250 -999.250 -999.250 -999.250 -999.250 -999.250 -999.250 -999.250 -999.250 -999.250 -999.250 -999.250 -999.250 -999.250 -999.250 -999.250 -999.250 -999.250 6.443 5.077 3.802 1.782 1.875 3.345 4.676 5.359 4.246 6.123 7.239 11.079 15.077 18.810 31.044 43.177 52.640 55.090 51.909 46.653 36.382 31.288 20.608 17.365 15.045 11.993 11.432 10.722 11.257 12.095 13.115 14.535 14.720 11.430 7.696 9.323 6.763 7.142 5.298 5.313 4.608 6.573
-999.250 -999.250 -999.250 -999.250 -999.250 -999.250 -999.250 -999.250 -999.250 -999.250 -999.250 -999.250 -999.250 -999.250 -999.250 -999.250 -999.250 -999.250 -999.250 -999.250 -999.250 -999.250 -999.250 -999.250 -999.250 -999.250 -999.250 4.434 4.824 3.047 1.702 1.242 3.475 3.179 4.521 4.536 6.930 7.773 9.811 15.944 25.223 42.793 58.340 63.554 72.066 66.389 59.254 49.748 36.723 23.773 15.292 15.543 8.986 11.751 11.992 12.119 14.344 11.550 14.817 14.427 16.589 13.360 11.812 8.498 7.266 6.677 5.323 5.703 4.874
-999.250 -999.250 -999.250 -999.250 -999.250 -999.250 -999.250 -999.250 -999.250 -999.250 -999.250 -999.250 -999.250 -999.250 -999.250 -999.250 -999.250 -999.250 -999.250 -999.250 -999.250 -999.250 -999.250 -999.250 -999.250 -999.250 -999.250 -999.250 5.490 3.008 1.872 1.887 2.606 3.311 5.521 3.889 5.455 7.028 10.436 17.829 29.663 47.063 61.003 74.807 95.714 90.473 86.452 57.864 37.875 29.192 21.160 11.703 7.487 9.032 11.955 12.260 14.630 16.233 17.034 18.021 19.695 19.081 13.648 8.916 8.481 6.281 4.155 2.817 3.529
-999.250 -999.250 -999.250 -999.250 -999.250 -999.250 -999.250 -999.250 -999.250 -999.250 -999.250 -999.250 -999.250 -999.250 -999.250 -999.250 -999.250 -999.250 -999.250 -999.250 -999.250 -999.250 -999.250 -999.250 -999.250 -999.250 -999.250 -999.250 4.212 2.651 4.561 2.273 2.011 3.848 3.271 4.332 5.565 7.490 14.204 21.207 36.858 57.821 76.878 87.108 108.056 107.669 94.956 71.486 39.698 30.706 17.449 12.477 11.840 7.250 11.178 15.527 15.260 17.039 18.401 20.575 26.281 19.697 14.884 11.435 8.028 7.010 4.758 4.237 3.980
-999.250 -999.250 -999.250 -999.250 -999.250 -999.250 -999.250 -999.250 -999.250 -999.250 -999.250 -999.250 -999.250 -999.250 -999.250 -999.250 -999.250 -999.250 -999.250 -999.250 -999.250 -999.250 -999.250 -999.250 -999.250 -999.250 -999.250 -999.250 2.550 4.320 5.343 4.851 1.885 3.055 2.659 0.659 1.088 5.101 12.056 23.723 31.563 52.708 85.417 109.080 112.741 117.069 94.109 71.530 46.030 33.890 17.887 10.928 8.384 7.794 12.521 17.485 20.732 19.539 19.847 24.184 21.438 19.395 15.980 15.251 14.141 8.855 7.601 5.262 2.245
-999.250 -999.250 -999.250 -999.250 -999.250 -999.250 -999.250 -999.250 -999.250 -999.250 -999.250 -999.250 -999.250 -999.250 -999.250 -999.250 -999.250 -999.250 -999.250 -999.250 -999.250 -999.250 -999.250 -999.250 -999.250 -999.250 -999.250 -999.250 4.027 6.013 4.878 5.212 5.999 4.117 1.280 0.000 0.000 3.867 11.392 16.902 28.853 54.976 76.723 105.303 115.625 124.063 104.544 75.384 51.165 28.838 13.766 7.869 7.640 6.673 10.713 19.052 21.974 24.935 18.371 22.854 20.403 19.290 15.218 14.028 15.837 10.769 7.962 5.506 2.750
-999.250 -999.250 -999.250 -999.250 -999.250 -999.250 -999.250 -999.250 -999.250 -999.250 -999.250 -999.250 -999.250 -999.250 -999.250 -999.250 -999.250 -999.250 -999.250 -999.250 -999.250 -999.250 -999.250 -999.250 -999.250 -999.250 -999.250 -999.250 7.634 5.952 4.686 6.643 5.368 4.887 1.495 0.000 0.000 0.904 5.570 11.291 24.024 48.207 73.024 101.094 108.590 103.052 87.085 69.821 39.350 21.782 11.031 4.673 3.187 7.016 12.710 15.985 20.458 26.292 21.299 19.850 21.102 16.770 15.613 14.014 11.314 7.428 7.112 5.444 3.190
-999.250 -999.250 -999.250 -999.250 -999.250 -999.250 -999.250 -999.250 -999.250 -999.250 -999.250 -999.250 -999.250 -999.250 -999.250 -999.250 -999.250 -999.250 -999.250 -999.250 -999.250 -999.250 -999.250 -999.250 -999.250 -999.250 -999.250 7.877 7.083 7.878 7.173 9.011 5.780 4.874 2.674 0.026 0.000 0.000 0.000 5.841 22.271 33.202 58.402 79.700 91.502 79.820 59.980 44.655 21.549 15.923 5.998 1.810 2.054 10.528 15.456 17.967 26.231 25.951 25.515 22.247 19.913 20.201 18.082 12.771 9.757 8.144 6.941 5.406 4.453
-999.250 -999.250 -999.250 -999.250 -999.250 -999.250 -999.250 -999.250 -999.250 -999.250 -999.250 -999.250 -999.250 -999.250 -999.250 -999.250 -999.250 -999.250 -999.250 -999.250 -999.250 -999.250 -999.250 -999.250 -999.250 -999.250 -999.250 8.856 8.198 6.992 8.580 6.101 8.153 7.291 2.976 0.453 0.000 0.000 0.000 4.983 15.461 26.556 41.312 58.165 52.124 49.308 40.175 28.256 17.788 8.789 2.636 0.556 2.809 9.404 15.130 20.271 28.930 30.005 23.435 23.801 20.855 20.179 16.338 14.128 8.390 7.655 8.133 8.633 7.332
-999.250 -999.250 -999.250 -999.250 -999.250 -999.250 -999.250 -999.250 -999.250 -999.250 -999.250 -999.250 -999.250 -999.250 -999.250 -999.250 -999.250 -999.250 -999.250 -999.250 -999.250 -999.250 -999.250 -999.250 -999.250 -999.250 -999.250 5.420 6.765 7.043 8.876 5.734 6.585 6.581 3.992 1.812 0.000 0.000 0.000 5.628 12.941 19.780 27.955 36.041 39.850 35.760 25.971 20.074 8.891 0.000 0.000 0.000 1.090 8.878 14.598 20.102 25.685 38.255 28.028 22.669 20.424 14.916 14.884 12.005 10.659 11.026 6.411 7.463 8.097
-999.250 -999.250 -999.250 -999.250 -999.250 -999.250 -999.250 -999.250 -999.250 -999.250 -999.250 -999.250 -999.250 -999.250 -999.250 -999.250 -999.250 -999.250 -999.250 -999.250 -999.250 -999.250 -999.250 -999.250 -999.250 -999.250 3.204 6.011 5.921 9.761 7.996 7.041 7.532 7.327 6.521 1.906 0.000 0.000 0.000 4.089 8.752 15.190 18.295 22.329 25.751 25.495 19.410 11.939 5.301 0.000 0.000 0.000 4.673 8.947 14.585 20.860 23.086 26.855 23.177 19.435 16.324 12.619 11.595 11.689 9.125 7.050 7.052 7.593 8.849
-999.250 -999.250 -999.250 -999.250 -999.250 -999.250 -999.250 -999.250 -999.250 -999.250 -999.250 -999.250 -999.250 -999.250 -999.250 -999.250 -999.250 -999.250 -999.250 -999.250 -999.250 -999.250 -999.250 -999.250 -999.250 -999.250 3.342 4.589 4.667 7.359 7.030 7.724 6.420 7.133 6.507 3.512 1.091 0.000 0.000 0.447 5.599 9.002 12.274 15.920 16.720 15.885 13.476 7.258 2.342 0.000 0.000 0.163 6.018 10.246 15.269 17.520 18.753 20.843 18.586 12.702 9.455 8.076 7.764 8.116 9.887 9.174 7.392 8.859 9.338
-999.250 -999.250 -999.250 -999.250 -999.250 -999.250 -999.250 -999.250 -999.250 -999.250 -999.250 -999.250 -999.250 -999.250 -999.250 -999.250 -999.250 -999.250 -999.250 -999.250 -999.250 -999.250 -999.250 -999.250 -999.250 -999.250 6.431 5.160 4.313 6.075 5.525 7.698 4.817 7.192 6.377 4.080 0.077 0.000 0.000 2.123 4.360 6.196 10.877 9.202 12.706 8.791 5.870 6.113 1.740 2.237 2.510 3.920 10.110 13.574 14.190 15.012 12.482 9.338 8.766 5.616 6.951 3.836 4.822 5.485 7.064 8.796 8.570 10.225 9.967
-999.250 -999.250 -999.250 -999.250 -999.250 -999.250 -999.250 -999.250 -999.250 -999.250 -999.250 -999.250 -999.250 -999.250 -999.250 -999.250 -999.250 -999.250 -999.250 -999.250 -999.250 -999.250 -999.250 -999.250 -999.250 5.111 5.363 4.773 6.802 3.505 3.607 5.269 5.159 4.250 3.094 3.924 1.330 0.000 0.000 0.000 2.829 5.636 7.583 5.763 5.317 7.719 4.438 4.392 4.520 3.594 5.620 7.616 12.996 15.239 15.923 15.247 12.333 4.984 0.000 0.000 0.000 0.000 0.000 0.758 4.741 7.307 11.005 9.459 11.177
-999.250 -999.250 -999.250 -999.250 -999.250 -999.250 -999.250 -999.250 -999.250 -999.250 -999.250 -999.250 -999.250 -999.250 -999.250 -999.250 -999.250 -999.250 -999.250 -999.250 -999.250 -999.250 -999.250 -999.250 -999.250 3.946 4.277 5.250 3.592 5.462 3.552 4.099 5.301 4.461 4.839 2.909 0.743 0.000 0.000 0.000 1.647 5.743 7.022 6.790 8.030 7.228 6.967 8.306 4.647 6.167 8.471 13.236 18.499 18.719 15.132 14.646 10.311 3.812 0.000 0.000 0.000 0.000 0.000 2.010 3.769 6.570 8.467 10.369 11.767
-999.250 -999.250 -999.250 -999.250 -999.250 -999.250 -999.250 -999.250 -999.250 -999.250 -999.250 -999.250 -999.250 -999.250 -999.250 -999.250 -999.250 -999.250 -999.250 -999.250 -999.250 -999.250 -999.250 -999.250 -999.250 3.127 3.041 3.257 3.742 4.201 6.767 4.192 6.602 5.686 5.450 2.039 0.195 0.000 0.000 0.000 1.058 3.815 5.776 4.808 5.873 5.045 7.766 7.695 6.208 9.997 12.874 18.960 20.571 21.490 20.774 17.004 12.272 4.529 0.000 0.000 0.000 0.000 0.000 0.405 3.531 4.871 9.423 9.581 12.107
