data/medianmodel_12-Sep-2020.asc
ncols	141
nrows	288
xllcorner	-120191.398
yllcorner	-301404.813
cellsize	2000.000
NODATA_value	-999.250
[rows 210 to 239 of 288, columns 0 to 68 of 141]
-999.250 -999.250 -999.250 -999.250 -999.250 -999.250 -999.250 -999.250 -999.250 -999.250 -999.250 -999.250 -999.250 -999.250 -999.250 -999.250 -999.250 -999.250 -999.250 -999.250 -999.250 -999.250 -999.250 -999.250 -999.250 -999.250 -999.250 -999.250 -999.250 -999.250 -999.250 41.760 45.595 40.123 34.441 29.534 30.590 23.969 24.265 21.174 19.899 16.507 17.154 13.035 9.561 8.457 6.863 6.154 3.476 4.286 3.643 1.997 0.731 2.598 1.824 0.505 1.494 0.894 0.864 1.835 0.853 1.169 3.927 0.653 2.127 2.887 4.074 6.133 7.830
-999.250 -999.250 -999.250 -999.250 -999.250 -999.250 -999.250 -999.250 -999.250 -999.250 -999.250 -999.250 -999.250 -999.250 -999.250 -999.250 -999.250 -999.250 -999.250 -999.250 -999.250 -999.250 -999.250 -999.250 -999.250 -999.250 -999.250 -999.250 -999.250 -999.250 -999.250 44.191 44.813 39.411 30.729 31.660 30.077 27.365 25.937 21.727 19.164 18.580 16.205 15.114 12.786 10.138 8.011 6.298 1.916 4.660 1.365 2.572 1.292 0.341 0.497 0.000 0.182 0.000 1.136 0.430 0.000 0.000 0.000 0.000 0.000 0.000 0.000 1.989 3.016
-999.250 -999.250 -999.250 -999.250 -999.250 -999.250 -999.250 -999.250 -999.250 -999.250 -999.250 -999.250 -999.250 -999.250 -999.250 -999.250 -999.250 -999.250 -999.250 -999.250 -999.250 -999.250 -999.250 -999.250 -999.250 -999.250 -999.250 -999.250 -999.250 -999.250 -999.250 43.398 42.289 38.405 37.228 35.991 32.174 30.689 29.237 26.758 21.465 20.101 18.116 17.845 16.473 13.151 7.487 7.084 5.427 4.849 4.879 1.633 2.302 2.624 1.596 0.000 0.000 0.000 0.000 0.000 0.000 0.000 0.000 0.000 0.000 0.000 0.000 0.000 1.670
-999.250 -999.250 -999.250 -999.250 -999.250 -999.250 -999.250 -999.250 -999.250 -999.250 -999.250 -999.250 -999.250 -999.250 -999.250 -999.250 -999.250 -999.250 -999.250 -999.250 -999.250 -999.250 -999.250 -999.250 -999.250 -999.250 -999.250 -999.250 -999.250 -999.250 -999.250 49.104 44.986 40.252 42.119 38.061 37.621 33.463 31.113 27.647 23.523 26.034 24.585 19.927 18.691 16.597 12.450 9.268 8.286 7.094 5.241 2.602 0.268 1.894 0.000 0.000 0.000 0.000 0.000 0.000 0.000 0.000 0.000 0.000 0.000 0.000 0.000 0.000 0.000
-999.250 -999.250 -999.250 -999.250 -999.250 -999.250 -999.250 -999.250 -999.250 -999.250 -999.250 -999.250 -999.250 -999.250 -999.250 -999.250 -999.250 -999.250 -999.250 -999.250 -999.250 -999.250 -999.250 -999.250 -999.250 -999.250 -999.250 -999.250 -999.250 -999.250 -999.250 42.763 45.660 44.455 41.094 40.027 39.451 33.575 34.739 30.944 29.615 30.529 27.586 29.343 23.473 17.829 16.431 13.201 11.795 11.388 5.623 2.563 2.207 1.077 0.282 0.000 0.000 0.000 0.000 0.000 0.000 0.000 0.000 0.000 0.000 0.000 0.000 0.000 0.000
-999.250 -999.250 -999.250 -999.250 -999.250 -999.250 -999.250 -999.250 -999.250 -999.250 -999.250 -999.250 -999.250 -999.250 -999.250 -999.250 -999.250 -999.250 -999.250 -999.250 -999.250 -999.250 -999.250 -999.250 -999.250 -999.250 -999.250 -999.250 -999.250 -999.250 -999.250 40.927 41.496 46.537 44.160 41.970 42.576 44.303 40.818 38.818 35.917 37.147 38.531 32.206 28.575 23.887 20.591 16.605 15.712 11.477 9.309 6.274 3.756 1.071 0.000 0.000 0.000 0.000 0.000 0.000 0.000 0.000 0.000 0.000 0.000 0.000 0.000 0.000 0.000
-999.250 -999.250 -999.250 -999.250 -999.250 -999.250 -999.250 -999.250 -999.250 -999.250 -999.250 -999.250 -999.250 -999.250 -999.250 -999.250 -999.250 -999.250 -999.250 -999.250 -999.250 -999.250 -999.250 -999.250 -999.250 -999.250 -999.250 -999.250 -999.250 -999.250 -999.250 43.345 41.403 45.492 49.680 49.897 45.859 50.504 47.193 44.149 42.456 43.408 40.754 37.396 38.218 28.024 22.820 20.066 14.934 11.080 9.783 6.200 1.667 0.809 0.415 0.000 0.000 0.000 0.000 0.000 0.000 0.000 0.000 0.000 0.000 0.000 0.000 0.000 0.256
-999.250 -999.250 -999.250 -999.250 -999.250 -999.250 -999.250 -999.250 -999.250 -999.250 -999.250 -999.250 -999.250 -999.250 -999.250 -999.250 -999.250 -999.250 -999.250 -999.250 -999.250 -999.250 -999.250 -999.250 -999.250 -999.250 -999.250 -999.250 -999.250 -999.250 -999.250 48.333 47.398 47.610 51.311 52.799 52.012 54.256 52.617 54.636 54.456 51.688 49.044 43.905 38.864 32.654 29.955 20.014 14.619 13.029 10.681 6.507 5.089 1.591 0.000 0.000 0.000 0.000 0.000 0.000 0.000 0.000 0.000 0.000 0.000 0.000 0.000 0.813 3.603
-999.250 -999.250 -999.250 -999.250 -999.250 -999.250 -999.250 -999.250 -999.250 -999.250 -999.250 -999.250 -999.250 -999.250 -999.250 -999.250 -999.250 -999.250 -999.250 -999.250 -999.250 -999.250 -999.250 -999.250 -999.250 -999.250 -999.250 -999.250 -999.250 -999.250 -999.250 50.702 56.140 52.566 57.170 55.536 55.016 55.011 53.745 56.582 58.086 59.230 58.528 50.393 42.124 36.137 32.488 23.551 17.482 13.504 10.863 7.408 6.033 3.565 0.000 0.000 0.000 0.000 0.000 0.000 0.000 0.000 0.000 0.000 0.000 0.000 0.667 2.450 6.880
-999.250 -999.250 -999.250 -999.250 -999.250 -999.250 -999.250 -999.250 -999.250 -999.250 -999.250 -999.250 -999.250 -999.250 -999.250 -999.250 -999.250 -999.250 -999.250 -999.250 -999.250 -999.250 -999.250 -999.250 -999.250 -999.250 -999.250 -999.250 -999.250 -999.250 -999.250 52.367 58.445 63.201 62.904 57.788 57.918 60.604 61.568 63.693 69.106 75.142 60.554 54.375 43.125 39.793 31.130 27.535 22.665 15.365 11.511 9.088 6.005 2.078 0.000 0.000 0.000 0.000 0.000 0.000 0.000 0.000 0.000 0.000 0.000 0.012 3.722 4.575 8.237
-999.250 -999.250 -999.250 -999.250 -999.250 -999.250 -999.250 -999.250 -999.250 -999.250 -999.250 -999.250 -999.250 -999.250 -999.250 -999.250 -999.250 -999.250 -999.250 -999.250 -999.250 -999.250 -999.250 -999.250 -999.250 -999.250 -999.250 -999.250 -999.250 -999.250 -999.250 54.353 57.341 63.722 65.044 59.175 63.375 65.867 62.059 71.573 72.930 71.657 64.985 56.316 51.738 40.301 36.046 28.018 26.274 17.383 15.409 11.511 5.973 2.354 0.555 0.000 0.000 0.000 0.000 0.000 0.000 0.000 0.000 0.000 0.015 0.627 4.579 5.890 11.774
-999.250 -999.250 -999.250 -999.250 -999.250 -999.250 -999.250 -999.250 -999.250 -999.250 -999.250 -999.250 -999.250 -999.250 -999.250 -999.250 -999.250 -999.250 -999.250 -999.250 -999.250 -999.250 -999.250 -999.250 -999.250 -999.250 -999.250 -999.250 -999.250 -999.250 -999.250 65.393 61.144 64.151 68.125 70.647 71.497 71.419 76.203 75.184 72.607 70.944 65.273 57.530 50.020 44.767 36.492 30.493 22.964 18.428 16.579 13.325 7.256 4.817 1.163 0.000 0.000 0.000 0.000 0.000 0.000 0.000 0.000 0.000 1.907 3.959 5.011 9.195 11.613
-999.250 -999.250 -999.250 -999.250 -999.250 -999.250 -999.250 -999.250 -999.250 -999.250 -999.250 -999.250 -999.250 -999.250 -999.250 -999.250 -999.250 -999.250 -999.250 -999.250 -999.250 -999.250 -999.250 -999.250 -999.250 -999.250 -999.250 -999.250 -999.250 -999.250 -999.250 68.030 72.577 75.521 81.882 78.339 70.835 80.217 74.380 76.132 74.982 66.312 64.251 57.737 52.933 44.933 40.473 35.321 29.690 23.814 19.117 10.830 7.558 5.409 5.171 0.000 0.000 0.000 0.000 0.000 0.000 0.000 0.000 0.000 0.510 3.566 7.643 9.558 9.092
-999.250 -999.250 -999.250 -999.250 -999.250 -999.250 -999.250 -999.250 -999.250 -999.250 -999.250 -999.250 -999.250 -999.250 -999.250 -999.250 -999.250 -999.250 -999.250 -999.250 -999.250 -999.250 -999.250 -999.250 -999.250 -999.250 -999.250 -999.250 -999.250 -999.250 67.357 75.173 77.528 78.416 82.442 80.637 79.630 79.185 79.122 74.966 69.212 64.937 62.906 58.403 53.897 48.795 43.765 41.474 32.558 23.055 15.902 12.882 6.450 5.587 3.396 0.000 0.000 0.000 0.000 0.000 0.000 0.000 0.000 0.000 0.556 4.074 7.660 9.137 12.939
-999.250 -999.250 -999.250 -999.250 -999.250 -999.250 -999.250 -999.250 -999.250 -999.250 -999.250 -999.250 -999.250 -999.250 -999.250 -999.250 -999.250 -999.250 -999.250 -999.250 -999.250 -999.250 -999.250 -999.250 -999.250 -999.250 -999.250 -999.250 -999.250 -999.250 66.590 71.679 79.441 77.316 85.217 88.052 88.882 92.364 84.730 76.323 76.750 77.225 64.173 58.408 55.782 44.758 45.275 39.355 31.659 24.868 20.357 16.015 10.518 7.016 3.634 0.000 0.000 0.000 0.000 0.000 0.000 0.000 0.000 0.000 0.176 1.506 6.584 8.255 9.739
-999.250 -999.250 -999.250 -999.250 -999.250 -999.250 -999.250 -999.250 -999.250 -999.250 -999.250 -999.250 -999.250 -999.250 -999.250 -999.250 -999.250 -999.250 -999.250 -999.250 -999.250 -999.250 -999.250 -999.250 -999.250 -999.250 -999.250 -999.250 -999.250 -999.250 71.659 71.021 69.859 89.419 92.903 97.297 95.208 89.676 90.107 88.894 81.207 76.353 65.845 62.394 53.446 53.790 45.809 42.626 33.387 27.031 20.324 16.031 11.309 7.545 5.950 2.320 0.000 0.000 0.000 0.000 0.000 0.000 0.000 0.000 3.558 4.283 6.890 7.519 8.805
-999.250 -999.250 -999.250 -999.250 -999.250 -999.250 -999.250 -999.250 -999.250 -999.250 -999.250 -999.250 -999.250 -999.250 -999.250 -999.250 -999.250 -999.250 -999.250 -999.250 -999.250 -999.250 -999.250 -999.250 -999.250 -999.250 -999.250 -999.250 -999.250 -999.250 71.305 73.686 83.747 90.995 97.543 97.691 93.207 96.215 92.948 91.646 75.179 77.634 74.834 64.146 58.583 53.427 43.924 41.151 34.734 25.811 20.971 15.999 13.894 11.204 5.731 0.096 0.000 0.000 0.000 0.000 0.000 0.000 0.045 0.538 4.109 4.549 8.742 8.148 9.689
-999.250 -999.250 -999.250 -999.250 -999.250 -999.250 -999.250 -999.250 -999.250 -999.250 -999.250 -999.250 -999.250 -999.250 -999.250 -999.250 -999.250 -999.250 -999.250 -999.250 -999.250 -999.250 -999.250 -999.250 -999.250 -999.250 -999.250 -999.250 -999.250 67.525 68.740 71.515 85.599 94.666 99.893 102.194 99.519 100.100 99.343 93.581 83.810 73.394 78.490 68.815 65.340 57.583 46.803 43.672 35.732 27.362 20.637 16.434 13.705 11.315 7.116 4.488 0.000 0.000 0.000 0.000 0.000 0.371 1.103 2.538 3.460 6.198 6.836 8.092 8.585
-999.250 -999.250 -999.250 -999.250 -999.250 -999.250 -999.250 -999.250 -999.250 -999.250 -999.250 -999.250 -999.250 -999.250 -999.250 -999.250 -999.250 -999.250 -999.250 -999.250 -999.250 -999.250 -999.250 -999.250 -999.250 -999.250 -999.250 -999.250 -999.250 60.985 75.852 87.511 89.269 94.714 107.267 103.349 108.827 106.144 97.950 94.657 88.025 81.492 77.097 70.934 67.590 60.742 51.698 42.147 34.699 29.218 23.726 17.403 12.736 9.752 6.173 3.638 1.253 0.148 0.000 0.000 0.000 0.000 0.711 2.115 4.445 4.604 8.344 8.718 10.098
-999.250 -999.250 -999.250 -999.250 -999.250 -999.250 -999.250 -999.250 -999.250 -999.250 -999.250 -999.250 -999.250 -999.250 -999.250 -999.250 -999.250 -999.250 -999.250 -999.250 -999.250 -999.250 -999.250 -999.250 -999.250 -999.250 -999.250 -999.250 67.927 70.039 77.605 89.377 93.149 97.609 100.367 118.487 135.459 111.391 99.481 96.708 86.411 87.043 79.046 67.419 70.844 58.180 49.974 45.021 35.655 31.026 24.385 21.364 17.557 9.667 7.208 5.726 1.584 0.000 0.325 0.000 0.266 2.383 1.070 1.773 5.347 5.639 6.549 8.776 9.891
-999.250 -999.250 -999.250 -999.250 -999.250 -999.250 -999.250 -999.250 -999.250 -999.250 -999.250 -999.250 -999.250 -999.250 -999.250 -999.250 -999.250 -999.250 -999.250 -999.250 -999.250 -999.250 -999.250 -999.250 -999.250 -999.250 -999.250 -999.250 72.322 74.608 73.901 81.920 94.765 101.389 100.748 106.666 115.764 103.673 100.781 95.420 95.207 91.242 80.820 70.922 69.231 59.186 54.756 46.702 39.988 36.173 29.845 22.421 17.518 13.765 9.128 6.941 4.881 0.953 0.000 0.000 0.000 2.277 2.741 2.644 3.984 7.340 7.803 8.809 12.074
-999.250 -999.250 -999.250 -999.250 -999.250 -999.250 -999.250 -999.250 -999.250 -999.250 -999.250 -999.250 -999.250 -999.250 -999.250 -999.250 -999.250 -999.250 -999.250 -999.250 -999.250 -999.250 -999.250 -999.250 -999.250 -999.250 -999.250 65.657 70.497 79.514 86.525 90.110 96.771 100.216 103.793 103.393 107.555 105.541 96.252 96.080 92.907 91.725 86.088 80.510 68.778 58.156 54.213 46.866 39.750 36.721 32.987 24.404 18.637 15.827 14.256 7.849 3.776 3.313 0.930 0.000 0.778 3.137 3.274 3.476 4.754 8.003 7.455 10.007 10.810
-999.250 -999.250 -999.250 -999.250 -999.250 -999.250 -999.250 -999.250 -999.250 -999.250 -999.250 -999.250 -999.250 -999.250 -999.250 -999.250 -999.250 -999.250 -999.250 -999.250 -999.250 -999.250 -999.250 -999.250 -999.250 -999.250 -999.250 69.540 77.087 80.424 87.890 94.787 97.075 95.210 100.555 101.967 103.912 102.121 103.964 97.233 96.125 85.388 78.795 84.553 70.901 62.874 55.784 47.177 41.286 37.256 32.316 24.853 20.284 14.716 9.656 8.885 7.357 6.255 2.775 1.786 2.362 2.975 3.292 2.912 2.354 4.759 8.323 10.951 10.738
-999.250 -999.250 -999.250 -999.250 -999.250 -999.250 -999.250 -999.250 -999.250 -999.250 -999.250 -999.250 -999.250 -999.250 -999.250 -999.250 -999.250 -999.250 -999.250 -999.250 -999.250 -999.250 -999.250 -999.250 -999.250 -999.250 -999.250 -999.250 75.951 76.270 85.499 96.126 93.827 99.141 95.412 95.970 99.295 100.877 97.726 94.321 79.884 85.792 82.150 81.897 71.736 60.815 53.351 50.522 43.686 39.414 33.192 27.205 23.734 16.890 10.896 10.699 5.487 5.203 3.082 4.149 3.957 3.749 5.467 5.979 5.745 5.911 9.496 10.040 11.914
-999.250 -999.250 -999.250 -999.250 -999.250 -999.250 -999.250 -999.250 -999.250 -999.250 -999.250 -999.250 -999.250 -999.250 -999.250 -999.250 -999.250 -999.250 -999.250 -999.250 -999.250 -999.250 -999.250 -999.250 -999.250 -999.250 -999.250 -999.250 -999.250 -999.250 84.758 86.290 92.511 92.113 92.211 91.190 90.667 93.550 88.972 87.658 88.688 83.005 78.537 80.630 68.001 61.161 54.626 46.354 40.747 36.586 27.883 23.537 20.148 15.226 10.953 8.681 7.250 5.539 4.815 4.725 5.318 7.746 5.876 6.167 5.727 6.381 10.035 12.048 13.130
-999.250 -999.250 -999.250 -999.250 -999.250 -999.250 -999.250 -999.250 -999.250 -999.250 -999.250 -999.250 -999.250 -999.250 -999.250 -999.250 -999.250 -999.250 -999.250 -999.250 -999.250 -999.250 -999.250 -999.250 -999.250 -999.250 -999.250 -999.250 -999.250 -999.250 75.426 83.114 88.094 86.685 88.906 92.758 93.669 90.484 87.942 85.541 76.602 82.780 80.536 69.889 69.292 56.281 48.145 47.427 40.706 33.410 24.345 20.457 17.662 13.721 12.123 9.582 8.369 7.761 7.000 8.459 9.456 6.675 6.899 7.254 7.200 8.411 11.454 12.033 13.834
-999.250 -999.250 -999.250 -999.250 -999.250 -999.250 -999.250 -999.250 -999.250 -999.250 -999.250 -999.250 -999.250 -999.250 -999.250 -999.250 -999.250 -999.250 -999.250 -999.250 -999.250 -999.250 -999.250 -999.250 -999.250 -999.250 -999.250 -999.250 -999.250 -999.250 70.014 81.075 86.416 79.455 85.894 85.671 87.082 84.745 84.158 80.852 84.324 86.498 71.107 62.151 56.096 56.107 47.444 40.386 38.120 28.637 24.978 20.336 14.574 11.231 11.938 11.103 8.313 7.642 7.624 12.126 9.371 6.264 6.068 10.089 10.025 12.064 13.098 9.925 13.720
-999.250 -999.250 -999.250 -999.250 -999.250 -999.250 -999.250 -999.250 -999.250 -999.250 -999.250 -999.250 -999.250 -999.250 -999.250 -999.250 -999.250 -999.250 -999.250 -999.250 -999.250 -999.250 -999.250 -999.250 -999.250 -999.250 -999.250 -999.250 -999.250 -999.250 -999.250 68.143 79.513 76.147 79.922 84.708 83.619 75.650 83.946 86.402 87.137 78.018 73.016 63.723 56.130 56.006 47.772 41.934 35.136 30.405 22.809 18.415 17.748 16.027 13.573 9.517 7.113 6.553 7.057 9.088 7.656 5.992 5.482 6.646 8.994 11.942 11.355 13.592 15.376
-999.250 -999.250 -999.250 -999.250 -999.250 -999.250 -999.250 -999.250 -999.250 -999.250 -999.250 -999.250 -999.250 -999.250 -999.250 -999.250 -999.250 -999.250 -999.250 -999.250 -999.250 -999.250 -999.250 -999.250 -999.250 -999.250 -999.250 -999.250 -999.250 -999.250 64.607 66.183 72.082 76.519 74.721 76.124 74.969 84.055 82.623 81.211 82.155 71.209 63.992 59.398 52.888 56.547 48.703 44.831 32.226 25.254 20.902 18.497 17.311 14.105 10.128 6.759 7.359 6.327 6.426 6.110 7.556 7.345 6.322 7.412 11.676 13.568 14.576 14.889 15.969
-999.250 -999.250 -999.250 -999.250 -999.250 -999.250 -999.250 -999.250 -999.250 -999.250 -999.250 -999.250 -999.250 -999.250 -999.250 -999.250 -999.250 -999.250 -999.250 -999.250 -999.250 -999.250 -999.250 -999.250 -999.250 -999.250 -999.250 -999.250 -999.250 -999.250 -999.250 57.680 67.246 79.406 79.197 79.642 73.376 70.259 78.443 78.255 81.430 71.461 60.104 59.264 56.708 51.022 47.489 38.049 33.130 26.807 22.915 18.419 13.986 13.546 7.955 8.037 5.955 5.507 5.604 6.247 6.957 6.002 5.826 6.756 10.796 14.108 13.849 14.681 19.022
