data/medianmodel_05-Aug-2020.asc
ncols	141
nrows	288
xllcorner	-120191.398
yllcorner	-301404.813
cellsize	2000.000
NODATA_value	-999.250
[rows 210 to 239 of 288, columns 68 to 135 of 141]
0.000 0.000 0.000 0.000 0.000 0.000 0.000 0.000 0.000 0.000 0.000 1.490 3.941 10.239 15.674 23.174 32.623 32.994 36.414 37.144 40.055 43.403 43.935 44.389 44.550 39.259 40.837 41.580 37.274 36.358 33.318 -999.250 -999.250 -999.250 -999.250 -999.250 -999.250 -999.250 -999.250 -999.250 -999.250 -999.250 -999.250 -999.250 -999.250 -999.250 -999.250 -999.250 -999.250 -999.250 -999.250 -999.250 -999.250 -999.250 -999.250 -999.250 -999.250 -999.250 -999.250 -999.250 -999.250 -999.250 -999.250 -999.250 -999.250 -999.250 -999.250 -999.250
0.000 0.000 0.000 0.000 0.000 0.000 0.000 0.000 0.000 0.000 0.000 1.764 4.516 10.157 18.990 21.044 31.998 37.342 35.291 39.592 44.678 42.485 46.083 52.362 45.111 41.347 43.564 42.916 45.966 38.707 35.268 28.268 -999.250 -999.250 -999.250 -999.250 -999.250 -999.250 -999.250 -999.250 -999.250 -999.250 -999.250 -999.250 -999.250 -999.250 -999.250 -999.250 -999.250 -999.250 -999.250 -999.250 -999.250 -999.250 -999.250 -999.250 -999.250 -999.250 -999.250 -999.250 -999.250 -999.250 -999.250 -999.250 -999.250 -999.250 -999.250 -999.250
0.000 0.000 0.000 0.000 0.000 0.000 0.000 0.000 0.000 0.000 0.000 2.473 5.018 10.463 15.281 23.454 27.853 33.561 37.975 43.541 42.419 44.584 49.460 46.007 47.743 46.331 48.754 54.409 46.571 42.582 36.450 28.835 25.489 -999.250 -999.250 -999.250 -999.250 -999.250 -999.250 -999.250 -999.250 -999.250 -999.250 -999.250 -999.250 -999.250 -999.250 -999.250 -999.250 -999.250 -999.250 -999.250 -999.250 -999.250 -999.250 -999.250 -999.250 -999.250 -999.250 -999.250 -999.250 -999.250 -999.250 -999.250 -999.250 -999.250 -999.250 -999.250
0.000 0.000 0.000 0.000 0.000 0.000 0.000 0.000 0.000 0.000 0.000 1.329 5.078 9.184 15.567 17.817 27.367 30.177 35.910 40.198 39.602 50.779 52.897 58.809 54.947 58.656 59.863 61.163 55.384 42.858 39.586 33.184 23.298 -999.250 -999.250 -999.250 -999.250 -999.250 -999.250 -999.250 -999.250 -999.250 -999.250 -999.250 -999.250 -999.250 -999.250 -999.250 -999.250 -999.250 -999.250 -999.250 -999.250 -999.250 -999.250 -999.250 -999.250 -999.250 -999.250 -999.250 -999.250 -999.250 -999.250 -999.250 -999.250 -999.250 -999.250 -999.250
0.000 0.000 0.000 0.000 0.000 0.000 0.000 0.000 0.000 0.000 0.000 2.313 5.255 10.839 16.485 22.365 32.853 31.743 38.281 42.707 48.589 55.082 62.196 63.781 63.515 64.975 67.511 66.356 59.754 50.488 45.086 38.563 29.146 20.760 -999.250 -999.250 -999.250 -999.250 -999.250 -999.250 -999.250 -999.250 -999.250 -999.250 -999.250 -999.250 -999.250 -999.250 -999.250 -999.250 -999.250 -999.250 -999.250 -999.250 -999.250 -999.250 -999.250 -999.250 -999.250 -999.250 -999.250 -999.250 -999.250 -999.250 -999.250 -999.250 -999.250 -999.250
0.000 0.000 0.000 0.000 0.000 0.000 0.000 0.000 0.000 0.000 0.000 2.239 5.633 10.318 17.903 32.194 33.784 37.017 48.508 48.967 59.130 59.652 68.374 70.314 69.201 65.773 67.223 71.638 63.963 58.286 48.463 38.308 36.683 24.295 13.227 -999.250 -999.250 -999.250 -999.250 -999.250 -999.250 -999.250 -999.250 -999.250 -999.250 -999.250 -999.250 -999.250 -999.250 -999.250 -999.250 -999.250 -999.250 -999.250 -999.250 -999.250 -999.250 -999.250 -999.250 -999.250 -999.250 -999.250 -999.250 -999.250 -999.250 -999.250 -999.250 -999.250
0.211 2.306 1.947 1.643 0.000 0.000 0.000 0.000 0.000 0.000 0.000 3.413 5.951 11.495 17.449 31.174 30.304 37.768 49.512 56.534 64.916 67.697 72.033 71.240 66.065 70.978 65.958 69.290 64.860 59.061 47.884 44.826 34.571 23.440 16.342 -999.250 -999.250 -999.250 -999.250 -999.250 -999.250 -999.250 -999.250 -999.250 -999.250 -999.250 -999.250 -999.250 -999.250 -999.250 -999.250 -999.250 -999.250 -999.250 -999.250 -999.250 -999.250 -999.250 -999.250 -999.250 -999.250 -999.250 -999.250 -999.250 -999.250 -999.250 -999.250 -999.250
2.783 4.226 3.746 3.702 1.677 0.000 0.000 0.000 0.000 0.000 0.701 4.032 5.507 12.145 19.155 29.974 38.186 42.974 49.619 57.075 66.171 80.498 74.803 87.414 79.706 80.504 75.621 72.701 70.430 65.383 59.920 41.317 33.991 26.360 19.453 -999.250 -999.250 -999.250 -999.250 -999.250 -999.250 -999.250 -999.250 -999.250 -999.250 -999.250 -999.250 -999.250 -999.250 -999.250 -999.250 -999.250 -999.250 -999.250 -999.250 -999.250 -999.250 -999.250 -999.250 -999.250 -999.250 -999.250 -999.250 -999.250 -999.250 -999.250 -999.250 -999.250
5.253 7.374 7.108 7.514 4.673 2.363 0.054 0.000 0.000 0.000 2.188 4.294 9.056 13.095 20.926 28.130 37.555 40.824 52.026 61.040 71.579 77.382 92.242 91.321 78.163 87.785 81.451 80.025 79.022 69.044 60.250 42.065 37.878 31.891 20.278 12.840 -999.250 -999.250 -999.250 -999.250 -999.250 -999.250 -999.250 0.000 -999.250 -999.250 -999.250 -999.250 -999.250 -999.250 -999.250 -999.250 -999.250 -999.250 -999.250 -999.250 -999.250 -999.250 -999.250 -999.250 -999.250 -999.250 -999.250 -999.250 -999.250 -999.250 -999.250 -999.250
8.395 10.076 12.765 11.942 7.370 4.228 1.694 0.000 0.714 1.525 3.517 5.355 9.904 16.740 22.889 29.712 39.434 44.294 51.905 64.453 75.043 93.519 85.957 88.061 96.771 101.121 94.032 88.057 77.565 66.488 60.863 47.301 41.793 33.742 24.204 14.215 11.357 -999.250 -999.250 -999.250 0.000 0.000 0.000 0.000 -999.250 -999.250 -999.250 -999.250 -999.250 -999.250 -999.250 -999.250 -999.250 -999.250 -999.250 -999.250 -999.250 -999.250 -999.250 -999.250 -999.250 -999.250 -999.250 -999.250 -999.250 -999.250 -999.250 -999.250
12.444 15.205 21.763 13.653 8.674 4.911 3.037 0.831 1.035 3.233 4.563 8.180 11.986 18.686 24.416 31.359 38.839 44.792 54.562 71.223 81.566 92.003 94.763 92.764 106.228 105.310 101.294 89.360 75.328 64.418 57.670 52.840 45.024 34.116 32.443 24.044 14.729 -999.250 2.720 0.000 0.000 0.000 0.000 -999.250 -999.250 -999.250 -999.250 -999.250 -999.250 -999.250 -999.250 -999.250 -999.250 -999.250 -999.250 -999.250 -999.250 -999.250 -999.250 -999.250 -999.250 -999.250 -999.250 -999.250 -999.250 -999.250 -999.250 -999.250
12.468 16.272 15.590 12.426 8.564 5.178 3.744 0.272 1.910 3.789 6.078 7.637 13.249 21.714 29.806 34.940 44.011 55.064 64.505 72.217 72.642 86.349 99.736 101.632 114.174 114.023 109.165 87.884 71.932 71.577 65.314 52.242 48.183 39.857 32.997 24.118 15.551 7.885 3.266 0.000 0.000 0.000 0.000 -999.250 -999.250 -999.250 -999.250 -999.250 -999.250 -999.250 -999.250 -999.250 -999.250 -999.250 -999.250 -999.250 -999.250 -999.250 -999.250 -999.250 -999.250 -999.250 -999.250 -999.250 -999.250 -999.250 -999.250 -999.250
9.341 11.549 11.902 10.773 6.781 4.755 4.037 0.532 1.369 3.312 4.965 8.909 13.573 18.201 28.331 34.627 43.291 58.015 67.451 75.376 76.836 87.125 103.066 114.183 131.214 118.964 108.546 98.416 77.772 70.641 67.268 53.910 50.255 40.016 31.781 24.179 13.832 7.442 4.629 0.000 0.000 0.000 0.000 -999.250 -999.250 -999.250 -999.250 -999.250 -999.250 -999.250 -999.250 -999.250 -999.250 -999.250 -999.250 -999.250 -999.250 -999.250 -999.250 -999.250 -999.250 -999.250 -999.250 -999.250 -999.250 -999.250 -999.250 -999.250
7.812 8.977 7.792 8.429 5.153 4.419 3.865 2.987 0.845 3.110 4.496 7.249 12.651 22.574 30.310 39.371 46.130 58.970 61.260 67.467 75.784 81.674 97.058 109.031 116.746 121.256 110.822 99.280 81.066 71.083 63.035 61.067 46.245 37.190 31.184 20.804 12.867 9.366 4.528 0.734 0.000 0.000 0.000 -999.250 -999.250 -999.250 -999.250 -999.250 -999.250 -999.250 -999.250 -999.250 -999.250 -999.250 -999.250 -999.250 -999.250 -999.250 -999.250 -999.250 -999.250 -999.250 -999.250 -999.250 -999.250 -999.250 -999.250 -999.250
5.634 5.840 7.585 6.617 5.592 4.463 3.084 3.657 2.425 3.298 5.040 8.225 12.844 20.439 31.173 38.902 41.596 55.562 61.761 66.281 77.742 73.154 92.562 89.146 97.114 102.061 89.043 80.395 73.087 72.655 68.984 64.656 55.370 43.451 34.511 25.028 18.355 11.753 5.712 2.535 0.000 0.000 -999.250 -999.250 -999.250 -999.250 -999.250 -999.250 -999.250 -999.250 -999.250 -999.250 -999.250 -999.250 -999.250 -999.250 -999.250 -999.250 -999.250 -999.250 -999.250 -999.250 -999.250 -999.250 -999.250 -999.250 -999.250 -999.250
6.163 6.193 6.105 5.075 5.124 4.245 2.125 3.093 1.998 3.452 5.759 9.252 12.569 17.627 27.746 37.854 37.669 50.644 63.701 66.151 70.631 70.259 76.131 87.415 91.481 87.364 75.060 71.056 68.511 72.047 67.841 62.055 51.467 43.274 35.573 17.760 15.758 14.078 8.859 4.673 2.238 0.000 -999.250 -999.250 -999.250 -999.250 -999.250 -999.250 -999.250 -999.250 -999.250 -999.250 -999.250 -999.250 -999.250 -999.250 -999.250 -999.250 -999.250 -999.250 -999.250 -999.250 -999.250 -999.250 -999.250 -999.250 -999.250 -999.250
5.201 6.364 6.283 4.537 4.004 3.555 1.660 1.823 2.717 3.492 4.712 6.255 10.149 19.036 27.591 33.860 34.994 44.933 53.477 57.631 63.828 64.019 68.234 74.089 69.347 71.801 70.917 71.420 68.324 70.482 61.501 51.760 48.313 41.266 33.221 24.183 14.642 13.598 7.943 4.747 1.987 0.000 -999.250 -999.250 -999.250 -999.250 -999.250 -999.250 -999.250 -999.250 -999.250 -999.250 -999.250 -999.250 -999.250 -999.250 -999.250 -999.250 -999.250 -999.250 -999.250 -999.250 -999.250 -999.250 -999.250 -999.250 -999.250 -999.250
4.423 5.086 5.040 4.716 3.044 3.053 2.652 1.750 2.721 2.902 4.386 6.506 13.632 17.376 19.664 28.813 33.742 40.140 45.663 52.968 44.236 56.134 53.889 64.658 58.196 64.000 67.546 67.777 61.540 64.726 59.921 42.089 39.156 35.132 31.319 30.254 18.910 14.286 7.707 6.806 1.838 -999.250 -999.250 -999.250 -999.250 -999.250 -999.250 -999.250 -999.250 -999.250 -999.250 -999.250 -999.250 -999.250 -999.250 -999.250 -999.250 -999.250 -999.250 -999.250 -999.250 -999.250 -999.250 -999.250 -999.250 -999.250 -999.250 -999.250
4.700 5.280 6.103 4.580 3.892 1.200 0.738 1.070 1.981 3.077 6.012 6.210 13.487 15.237 18.136 24.985 28.481 36.989 39.856 44.294 47.016 54.958 57.784 55.913 59.064 60.472 60.516 59.876 58.340 58.942 47.948 42.893 36.990 31.054 31.780 26.004 -999.250 -999.250 11.097 6.415 1.120 -999.250 -999.250 -999.250 -999.250 -999.250 -999.250 -999.250 -999.250 -999.250 -999.250 -999.250 -999.250 -999.250 -999.250 -999.250 -999.250 -999.250 -999.250 -999.250 -999.250 -999.250 -999.250 -999.250 -999.250 -999.250 -999.250 -999.250
4.801 5.437 8.934 4.523 3.120 2.206 0.860 1.146 0.701 0.843 4.146 6.367 10.489 14.261 13.736 16.524 24.994 32.654 37.081 39.360 44.262 43.852 51.850 53.032 48.940 50.583 44.919 45.179 45.043 42.069 40.331 38.563 36.031 35.504 30.514 19.407 -999.250 -999.250 -999.250 -999.250 -999.250 -999.250 -999.250 -999.250 -999.250 -999.250 -999.250 -999.250 -999.250 -999.250 -999.250 -999.250 -999.250 -999.250 -999.250 -999.250 -999.250 -999.250 -999.250 -999.250 -999.250 -999.250 -999.250 -999.250 -999.250 -999.250 -999.250 -999.250
4.252 4.116 4.275 4.155 2.311 1.463 0.883 0.000 0.000 1.063 3.077 4.546 5.627 8.658 11.799 13.976 19.277 29.081 31.841 33.800 37.358 42.406 41.226 40.919 39.393 43.422 41.166 40.053 44.151 36.887 40.533 32.508 -999.250 -999.250 31.136 -999.250 -999.250 -999.250 -999.250 -999.250 -999.250 -999.250 -999.250 -999.250 -999.250 -999.250 -999.250 -999.250 -999.250 -999.250 -999.250 -999.250 -999.250 -999.250 -999.250 -999.250 -999.250 -999.250 -999.250 -999.250 -999.250 -999.250 -999.250 -999.250 -999.250 -999.250 -999.250 -999.250
2.449 2.746 2.795 2.049 1.249 0.964 0.000 0.000 0.000 0.594 2.003 3.425 4.759 6.797 10.446 15.805 15.765 19.306 27.907 26.035 30.635 33.405 32.089 29.737 35.488 34.788 37.997 35.600 38.763 35.201 -999.250 -999.250 -999.250 -999.250 -999.250 -999.250 -999.250 -999.250 -999.250 -999.250 -999.250 -999.250 -999.250 -999.250 -999.250 -999.250 -999.250 -999.250 -999.250 -999.250 -999.250 -999.250 -999.250 -999.250 -999.250 -999.250 -999.250 -999.250 -999.250 -999.250 -999.250 -999.250 -999.250 -999.250 -999.250 -999.250 -999.250 -999.250
1.554 1.890 1.527 0.505 1.233 0.000 0.000 0.000 0.000 0.000 0.000 1.397 4.673 5.453 6.761 9.596 14.861 14.487 17.797 21.764 23.848 23.653 26.449 26.600 28.551 26.857 32.593 34.836 34.290 29.686 -999.250 -999.250 -999.250 -999.250 -999.250 -999.250 -999.250 -999.250 -999.250 -999.250 -999.250 -999.250 -999.250 -999.250 -999.250 -999.250 -999.250 -999.250 -999.250 -999.250 -999.250 -999.250 -999.250 -999.250 -999.250 -999.250 -999.250 -999.250 -999.250 -999.250 -999.250 -999.250 -999.250 -999.250 -999.250 -999.250 -999.250 -999.250
0.439 1.912 0.719 0.657 0.000 0.000 0.000 0.000 0.000 0.000 0.000 0.000 1.300 3.483 5.572 10.160 10.855 12.558 15.984 15.933 20.121 19.881 24.197 22.283 20.124 24.247 26.661 31.729 25.867 21.349 -999.250 -999.250 -999.250 -999.250 -999.250 -999.250 -999.250 -999.250 -999.250 -999.250 -999.250 -999.250 -999.250 -999.250 -999.250 -999.250 -999.250 -999.250 -999.250 -999.250 -999.250 -999.250 -999.250 -999.250 -999.250 -999.250 -999.250 -999.250 -999.250 -999.250 -999.250 -999.250 -999.250 -999.250 -999.250 -999.250 -999.250 -999.250
0.000 1.241 0.234 0.000 0.000 0.000 0.000 0.000 0.000 0.000 0.000 0.000 0.663 1.973 4.343 5.776 7.254 8.663 10.723 10.678 12.276 14.279 13.380 17.534 18.977 18.654 18.395 22.544 17.783 18.832 -999.250 -999.250 -999.250 -999.250 -999.250 -999.250 -999.250 -999.250 -999.250 -999.250 -999.250 -999.250 -999.250 -999.250 -999.250 -999.250 -999.250 -999.250 -999.250 -999.250 -999.250 -999.250 -999.250 -999.250 -999.250 -999.250 -999.250 -999.250 -999.250 -999.250 -999.250 -999.250 -999.250 -999.250 -999.250 -999.250 -999.250 -999.250
0.000 0.000 0.000 0.000 0.000 0.000 0.000 0.000 0.000 0.000 0.000 0.000 0.000 0.000 2.121 4.144 5.448 6.899 6.754 8.018 9.637 9.836 11.047 12.813 14.529 13.989 15.169 17.594 16.000 -999.250 -999.250 -999.250 -999.250 -999.250 -999.250 -999.250 -999.250 -999.250 -999.250 -999.250 -999.250 -999.250 -999.250 -999.250 -999.250 -999.250 -999.250 -999.250 -999.250 -999.250 -999.250 -999.250 -999.250 -999.250 -999.250 -999.250 -999.250 -999.250 -999.250 -999.250 -999.250 -999.250 -999.250 -999.250 -999.250 -999.250 -999.250 -999.250
0.000 0.000 0.000 0.000 0.000 0.000 0.000 0.000 0.000 0.000 0.000 0.000 0.000 0.000 0.000 2.672 3.540 6.991 5.282 5.896 6.087 7.130 6.854 9.111 11.750 11.838 12.664 11.454 11.129 -999.250 -999.250 -999.250 -999.250 -999.250 -999.250 -999.250 -999.250 -999.250 -999.250 -999.250 -999.250 -999.250 -999.250 -999.250 -999.250 -999.250 -999.250 -999.250 -999.250 -999.250 -999.250 -999.250 -999.250 -999.250 -999.250 -999.250 -999.250 -999.250 -999.250 -999.250 -999.250 -999.250 -999.250 -999.250 -999.250 -999.250 -999.250 -999.250
0.000 0.000 0.000 0.000 0.000 0.000 0.000 0.000 0.000 0.000 0.000 0.000 0.000 0.000 0.000 0.000 1.615 3.195 2.873 3.369 4.001 5.024 7.039 7.608 7.752 6.589 8.381 7.923 9.139 -999.250 -999.250 -999.250 -999.250 -999.250 -999.250 -999.250 -999.250 -999.250 -999.250 -999.250 -999.250 -999.250 -999.250 -999.250 -999.250 -999.250 -999.250 -999.250 -999.250 -999.250 -999.250 -999.250 -999.250 -999.250 -999.250 -999.250 -999.250 -999.250 -999.250 -999.250 -999.250 -999.250 -999.250 -999.250 -999.250 -999.250 -999.250 -999.250
0.000 0.000 0.000 0.000 0.000 0.000 0.000 0.000 0.000 0.000 0.000 0.000 0.000 0.000 0.000 0.000 0.000 0.000 0.580 0.666 2.491 3.702 4.719 5.173 6.385 6.052 7.583 6.721 -999.250 -999.250 -999.250 -999.250 -999.250 -999.250 -999.250 -999.250 -999.250 -999.250 -999.250 -999.250 -999.250 -999.250 -999.250 -999.250 -999.250 -999.250 -999.250 -999.250 -999.250 -999.250 -999.250 -999.250 -999.250 -999.250 -999.250 -999.250 -999.250 -999.250 -999.250 -999.250 -999.250 -999.250 -999.250 -999.250 -999.250 -999.250 -999.250 -999.250
0.000 0.000 0.000 0.000 0.000 0.000 0.000 0.000 0.000 0.000 0.000 0.000 0.000 0.000 0.000 0.000 0.000 0.000 0.000 0.000 0.410 1.691 3.870 4.079 5.697 4.579 6.069 5.758 -999.250 -999.250 -999.250 -999.250 -999.250 -999.250 -999.250 -999.250 -999.250 -999.250 -999.250 -999.250 -999.250 -999.250 -999.250 -999.250 -999.250 -999.250 -999.250 -999.250 -999.250 -999.250 -999.250 -999.250 -999.250 -999.250 -999.250 -999.250 -999.250 -999.250 -999.250 -999.250 -999.250 -999.250 -999.250 -999.250 -999.250 -999.250 -999.250 -999.250
