data/medianmodel_15-Oct-2020.asc
ncols	141
nrows	288
xllcorner	-120191.398
yllcorner	-301404.813
cellsize	2000.000
NODATA_value	-999.250
[rows 210 to 239 of 288, columns 67 to 133 of 141]
8.917 15.427 19.937 19.872 14.404 23.818 26.592 19.778 15.228 14.155 11.921 10.921 12.833 19.679 28.546 31.589 32.634 37.010 32.947 39.141 37.703 32.368 30.569 23.812 17.389 19.458 18.288 13.965 6.756 1.845 1.073 0.000 -999.250 -999.250 -999.250 -999.250 -999.250 -999.250 -999.250 -999.250 -999.250 -999.250 -999.250 -999.250 -999.250 -999.250 -999.250 -999.250 -999.250 -999.250 -999.250 -999.250 -999.250 -999.250 -999.250 -999.250 -999.250 -999.250 -999.250 -999.250 -999.250 -999.250 -999.250 -999.250 -999.250 -999.250 -999.250
6.604 9.818 18.242 19.821 17.349 21.323 16.424 17.902 16.328 11.611 2.842 6.435 14.774 14.401 23.076 24.327 31.260 32.395 34.089 34.083 37.245 35.369 30.222 28.550 22.687 18.530 15.881 15.314 13.602 7.858 5.158 2.646 0.113 -999.250 -999.250 -999.250 -999.250 -999.250 -999.250 -999.250 -999.250 -999.250 -999.250 -999.250 -999.250 -999.250 -999.250 -999.250 -999.250 -999.250 -999.250 -999.250 -999.250 -999.250 -999.250 -999.250 -999.250 -999.250 -999.250 -999.250 -999.250 -999.250 -999.250 -999.250 -999.250 -999.250 -999.250
5.890 8.109 8.479 16.079 19.169 15.836 20.620 17.975 14.076 8.271 4.586 5.290 5.015 11.999 18.258 16.511 26.609 31.253 30.890 35.836 32.676 32.254 26.183 29.346 23.674 19.218 20.746 18.738 14.610 11.639 11.672 4.147 7.446 4.585 -999.250 -999.250 -999.250 -999.250 -999.250 -999.250 -999.250 -999.250 -999.250 -999.250 -999.250 -999.250 -999.250 -999.250 -999.250 -999.250 -999.250 -999.250 -999.250 -999.250 -999.250 -999.250 -999.250 -999.250 -999.250 -999.250 -999.250 -999.250 -999.250 -999.250 -999.250 -999.250 -999.250
9.107 8.038 9.136 11.953 12.835 14.675 15.652 17.573 12.288 12.233 5.341 0.000 5.818 13.085 16.347 22.001 20.395 29.244 34.326 34.129 33.452 33.348 32.313 30.679 29.730 28.236 24.990 16.670 18.779 14.962 10.790 9.343 7.211 8.615 -999.250 -999.250 -999.250 -999.250 -999.250 -999.250 -999.250 -999.250 -999.250 -999.250 -999.250 -999.250 -999.250 -999.250 -999.250 -999.250 -999.250 -999.250 -999.250 -999.250 -999.250 -999.250 -999.250 -999.250 -999.250 -999.250 -999.250 -999.250 -999.250 -999.250 -999.250 -999.250 -999.250
10.606 9.074 4.419 8.628 10.272 12.524 17.970 19.997 19.923 16.669 13.274 10.834 9.433 12.330 14.677 18.938 27.179 33.447 31.255 34.231 33.213 35.349 35.386 35.795 33.028 30.652 23.843 25.427 23.468 19.720 15.592 13.404 11.342 9.468 6.000 -999.250 -999.250 -999.250 -999.250 -999.250 -999.250 -999.250 -999.250 -999.250 -999.250 -999.250 -999.250 -999.250 -999.250 -999.250 -999.250 -999.250 -999.250 -999.250 -999.250 -999.250 -999.250 -999.250 -999.250 -999.250 -999.250 -999.250 -999.250 -999.250 -999.250 -999.250 -999.250
12.599 10.407 12.280 5.964 10.381 15.750 16.870 23.514 26.720 25.608 23.967 19.135 16.640 18.501 21.322 20.708 23.476 29.598 32.337 33.723 36.355 36.353 37.560 42.306 38.118 36.002 30.803 28.146 22.880 16.616 18.005 15.422 11.996 11.435 7.409 4.778 -999.250 -999.250 -999.250 -999.250 -999.250 -999.250 -999.250 -999.250 -999.250 -999.250 -999.250 -999.250 -999.250 -999.250 -999.250 -999.250 -999.250 -999.250 -999.250 -999.250 -999.250 -999.250 -999.250 -999.250 -999.250 -999.250 -999.250 -999.250 -999.250 -999.250 -999.250
18.586 15.076 13.090 14.330 16.554 22.897 23.826 32.149 36.531 37.176 34.263 34.260 28.805 22.393 18.489 21.627 28.868 36.916 30.215 32.628 35.925 30.958 35.768 40.286 42.451 32.299 32.104 29.823 28.262 23.402 23.062 20.524 17.476 16.686 12.995 7.299 -999.250 -999.250 -999.250 -999.250 -999.250 -999.250 -999.250 -999.250 -999.250 -999.250 -999.250 -999.250 -999.250 -999.250 -999.250 -999.250 -999.250 -999.250 -999.250 -999.250 -999.250 -999.250 -999.250 -999.250 -999.250 -999.250 -999.250 -999.250 -999.250 -999.250 -999.250
24.924 13.720 13.649 13.587 12.353 20.110 30.866 41.193 54.447 46.756 43.872 39.198 35.127 32.716 29.839 36.309 35.379 37.393 35.782 32.429 35.307 25.740 35.708 37.854 35.225 32.288 27.607 24.513 29.351 25.385 18.219 19.656 18.915 15.228 13.348 6.308 -999.250 -999.250 -999.250 -999.250 -999.250 -999.250 -999.250 -999.250 -999.250 -999.250 -999.250 -999.250 -999.250 -999.250 -999.250 -999.250 -999.250 -999.250 -999.250 -999.250 -999.250 -999.250 -999.250 -999.250 -999.250 -999.250 -999.250 -999.250 -999.250 -999.250 -999.250
28.758 19.712 10.823 10.580 13.250 26.294 33.319 43.415 50.881 50.597 45.048 42.387 40.320 38.014 36.270 34.446 35.695 35.172 39.453 38.165 38.669 38.226 37.465 34.660 35.725 33.330 32.215 22.631 28.096 25.367 19.711 16.710 15.157 17.299 11.163 6.416 7.119 -999.250 -999.250 -999.250 -999.250 -999.250 -999.250 -999.250 9.420 -999.250 -999.250 -999.250 -999.250 -999.250 -999.250 -999.250 -999.250 -999.250 -999.250 -999.250 -999.250 -999.250 -999.250 -999.250 -999.250 -999.250 -999.250 -999.250 -999.250 -999.250 -999.250
30.395 28.423 16.457 15.117 21.894 32.176 40.372 44.055 53.711 60.871 50.786 55.685 46.390 38.661 34.201 38.536 38.485 42.755 39.774 40.331 41.225 45.405 38.238 35.584 34.204 33.412 30.766 26.622 30.940 25.765 22.031 24.619 17.518 14.451 11.663 8.980 8.697 6.988 -999.250 -999.250 -999.250 0.850 4.202 9.829 7.795 -999.250 -999.250 -999.250 -999.250 -999.250 -999.250 -999.250 -999.250 -999.250 -999.250 -999.250 -999.250 -999.250 -999.250 -999.250 -999.250 -999.250 -999.250 -999.250 -999.250 -999.250 -999.250
32.321 36.021 33.822 21.763 38.140 46.617 52.944 54.746 56.706 68.802 70.419 64.756 50.182 54.852 48.884 43.436 45.189 42.209 41.347 37.958 38.462 41.166 42.349 41.654 37.852 37.360 31.990 24.492 28.690 28.911 27.629 19.604 18.974 15.733 13.048 12.872 8.787 8.230 -999.250 1.977 0.000 0.270 2.410 5.327 -999.250 -999.250 -999.250 -999.250 -999.250 -999.250 -999.250 -999.250 -999.250 -999.250 -999.250 -999.250 -999.250 -999.250 -999.250 -999.250 -999.250 -999.250 -999.250 -999.250 -999.250 -999.250 -999.250
53.295 54.127 53.719 59.623 57.777 72.868 73.206 75.095 85.311 81.683 73.755 66.773 58.331 59.605 57.269 55.170 45.623 40.475 40.768 44.182 37.633 37.178 41.849 39.709 40.042 37.223 34.852 27.798 27.220 24.226 19.129 20.819 17.669 13.951 10.165 11.907 11.170 5.513 5.109 4.521 0.000 0.046 1.465 4.577 -999.250 -999.250 -999.250 -999.250 -999.250 -999.250 -999.250 -999.250 -999.250 -999.250 -999.250 -999.250 -999.250 -999.250 -999.250 -999.250 -999.250 -999.250 -999.250 -999.250 -999.250 -999.250 -999.250
66.388 77.140 86.038 98.709 92.932 92.777 101.635 80.513 79.664 90.229 91.798 75.929 78.016 70.032 62.455 67.547 47.040 40.992 44.859 45.873 39.033 38.507 34.806 42.697 39.969 36.449 33.274 32.977 31.150 30.069 25.430 25.516 27.852 24.091 14.498 14.934 11.499 9.810 7.006 4.795 0.753 5.206 4.920 5.733 -999.250 -999.250 -999.250 -999.250 -999.250 -999.250 -999.250 -999.250 -999.250 -999.250 -999.250 -999.250 -999.250 -999.250 -999.250 -999.250 -999.250 -999.250 -999.250 -999.250 -999.250 -999.250 -999.250
99.914 100.512 119.939 117.665 122.900 142.752 131.893 132.934 103.879 106.051 106.982 96.533 82.502 80.480 71.611 68.379 48.331 47.174 43.511 40.571 45.443 49.254 36.585 38.297 40.761 35.418 31.942 25.195 31.394 23.951 26.204 25.648 27.562 24.849 21.528 16.383 18.092 15.088 14.399 10.232 11.433 8.816 5.839 4.038 -999.250 -999.250 -999.250 -999.250 -999.250 -999.250 -999.250 -999.250 -999.250 -999.250 -999.250 -999.250 -999.250 -999.250 -999.250 -999.250 -999.250 -999.250 -999.250 -999.250 -999.250 -999.250 -999.250
120.944 133.736 155.901 159.853 144.657 157.815 145.669 147.118 140.172 125.698 108.142 96.881 83.254 85.818 79.337 62.799 56.378 54.724 50.184 45.999 43.577 42.478 41.491 38.522 37.516 37.836 29.663 28.489 31.751 29.926 33.964 34.265 27.920 20.523 24.260 21.777 17.622 17.348 12.705 13.326 12.948 12.606 11.470 -999.250 -999.250 -999.250 -999.250 -999.250 -999.250 -999.250 -999.250 -999.250 -999.250 -999.250 -999.250 -999.250 -999.250 -999.250 -999.250 -999.250 -999.250 -999.250 -999.250 -999.250 -999.250 -999.250 -999.250
156.947 161.170 172.552 217.419 205.278 191.487 182.413 179.838 176.431 149.846 119.044 107.711 91.986 88.039 77.110 60.466 52.899 53.792 44.557 43.814 40.621 40.562 38.663 36.524 34.007 36.609 35.655 33.430 38.392 36.892 35.131 32.281 32.790 27.508 29.543 27.196 25.879 25.052 24.500 23.377 15.751 13.972 13.416 -999.250 -999.250 -999.250 -999.250 -999.250 -999.250 -999.250 -999.250 -999.250 -999.250 -999.250 -999.250 -999.250 -999.250 -999.250 -999.250 -999.250 -999.250 -999.250 -999.250 -999.250 -999.250 -999.250 -999.250
197.448 209.842 255.709 267.250 254.715 208.911 202.927 201.228 182.429 165.458 137.807 118.502 117.240 89.783 80.191 65.075 51.479 44.813 45.706 39.979 37.184 35.036 37.073 33.737 33.235 36.114 37.012 36.254 34.583 36.707 40.133 42.043 34.991 35.675 27.010 36.372 33.449 25.183 25.323 23.227 20.762 19.975 11.661 -999.250 -999.250 -999.250 -999.250 -999.250 -999.250 -999.250 -999.250 -999.250 -999.250 -999.250 -999.250 -999.250 -999.250 -999.250 -999.250 -999.250 -999.250 -999.250 -999.250 -999.250 -999.250 -999.250 -999.250
236.755 243.002 272.204 309.523 279.472 260.479 241.744 229.100 182.281 187.048 160.393 149.948 119.756 85.523 90.839 72.776 57.731 43.591 39.596 38.993 36.955 32.329 36.755 39.650 32.672 33.459 36.472 38.316 37.268 43.864 43.757 40.383 41.388 37.006 38.900 37.270 36.429 24.800 26.347 29.049 21.948 17.236 -999.250 -999.250 -999.250 -999.250 -999.250 -999.250 -999.250 -999.250 -999.250 -999.250 -999.250 -999.250 -999.250 -999.250 -999.250 -999.250 -999.250 -999.250 -999.250 -999.250 -999.250 -999.250 -999.250 -999.250 -999.250
234.271 303.318 306.038 353.412 335.912 290.913 234.613 225.460 193.301 205.242 172.598 152.532 121.947 84.397 74.445 62.171 56.052 46.367 43.508 42.606 39.442 35.868 38.856 36.329 36.282 40.257 41.044 42.832 39.237 38.758 43.785 40.505 37.742 44.769 40.182 41.326 31.564 -999.250 -999.250 26.131 21.514 19.936 -999.250 -999.250 -999.250 -999.250 -999.250 -999.250 -999.250 -999.250 -999.250 -999.250 -999.250 -999.250 -999.250 -999.250 -999.250 -999.250 -999.250 -999.250 -999.250 -999.250 -999.250 -999.250 -999.250 -999.250 -999.250
266.286 266.431 337.635 407.993 375.231 312.970 279.286 235.673 205.294 201.008 156.699 152.306 131.687 94.899 86.332 64.596 51.084 47.276 40.552 44.021 39.586 36.963 38.931 41.516 40.380 39.239 43.742 43.171 43.585 43.937 43.710 46.909 44.220 42.901 39.798 36.824 32.025 -999.250 -999.250 -999.250 -999.250 -999.250 -999.250 -999.250 -999.250 -999.250 -999.250 -999.250 -999.250 -999.250 -999.250 -999.250 -999.250 -999.250 -999.250 -999.250 -999.250 -999.250 -999.250 -999.250 -999.250 -999.250 -999.250 -999.250 -999.250 -999.250 -999.250
230.217 285.896 297.184 331.921 321.550 291.143 251.420 245.717 221.806 180.472 169.241 140.280 118.079 116.880 80.260 64.064 51.462 48.466 38.092 38.224 35.395 37.881 32.338 38.956 38.015 37.960 41.905 42.897 48.124 45.877 49.151 48.525 41.848 -999.250 -999.250 33.572 -999.250 -999.250 -999.250 -999.250 -999.250 -999.250 -999.250 -999.250 -999.250 -999.250 -999.250 -999.250 -999.250 -999.250 -999.250 -999.250 -999.250 -999.250 -999.250 -999.250 -999.250 -999.250 -999.250 -999.250 -999.250 -999.250 -999.250 -999.250 -999.250 -999.250 -999.250
204.676 261.437 270.365 301.910 311.942 266.959 262.419 227.552 206.692 171.567 145.036 138.787 129.888 114.075 89.661 66.065 57.186 45.152 34.482 37.492 36.763 34.411 35.301 39.216 37.597 38.662 42.562 45.434 50.033 53.717 61.550 -999.250 -999.250 -999.250 -999.250 -999.250 -999.250 -999.250 -999.250 -999.250 -999.250 -999.250 -999.250 -999.250 -999.250 -999.250 -999.250 -999.250 -999.250 -999.250 -999.250 -999.250 -999.250 -999.250 -999.250 -999.250 -999.250 -999.250 -999.250 -999.250 -999.250 -999.250 -999.250 -999.250 -999.250 -999.250 -999.250
198.269 246.579 282.308 273.824 291.288 283.435 227.920 223.337 203.756 171.455 155.008 127.392 141.192 137.281 91.556 64.185 49.667 43.260 37.140 32.447 31.154 35.049 35.347 33.916 37.760 43.474 42.448 45.270 54.030 56.340 54.499 -999.250 -999.250 -999.250 -999.250 -999.250 -999.250 -999.250 -999.250 -999.250 -999.250 -999.250 -999.250 -999.250 -999.250 -999.250 -999.250 -999.250 -999.250 -999.250 -999.250 -999.250 -999.250 -999.250 -999.250 -999.250 -999.250 -999.250 -999.250 -999.250 -999.250 -999.250 -999.250 -999.250 -999.250 -999.250 -999.250
189.972 230.807 229.530 249.882 237.349 269.997 222.635 199.530 224.397 199.732 156.978 165.666 154.657 116.888 89.907 68.075 48.301 47.928 40.972 35.393 32.493 33.681 34.982 36.713 43.205 41.404 48.576 52.209 62.111 62.214 58.345 -999.250 -999.250 -999.250 -999.250 -999.250 -999.250 -999.250 -999.250 -999.250 -999.250 -999.250 -999.250 -999.250 -999.250 -999.250 -999.250 -999.250 -999.250 -999.250 -999.250 -999.250 -999.250 -999.250 -999.250 -999.250 -999.250 -999.250 -999.250 -999.250 -999.250 -999.250 -999.250 -999.250 -999.250 -999.250 -999.250
170.990 197.408 220.172 272.989 264.142 230.186 207.540 174.389 185.738 188.829 156.712 175.117 159.106 125.396 86.549 59.735 51.973 43.949 39.475 36.244 35.545 27.658 35.955 39.579 34.765 37.597 48.486 64.260 59.576 57.511 59.070 -999.250 -999.250 -999.250 -999.250 -999.250 -999.250 -999.250 -999.250 -999.250 -999.250 -999.250 -999.250 -999.250 -999.250 -999.250 -999.250 -999.250 -999.250 -999.250 -999.250 -999.250 -999.250 -999.250 -999.250 -999.250 -999.250 -999.250 -999.250 -999.250 -999.250 -999.250 -999.250 -999.250 -999.250 -999.250 -999.250
166.939 179.440 223.417 223.960 221.898 204.796 210.010 187.491 173.476 161.003 146.561 153.926 128.436 95.897 71.526 54.369 49.354 43.570 38.301 35.665 36.976 38.735 38.009 34.720 38.744 51.053 47.243 60.431 59.455 53.484 -999.250 -999.250 -999.250 -999.250 -999.250 -999.250 -999.250 -999.250 -999.250 -999.250 -999.250 -999.250 -999.250 -999.250 -999.250 -999.250 -999.250 -999.250 -999.250 -999.250 -999.250 -999.250 -999.250 -999.250 -999.250 -999.250 -999.250 -999.250 -999.250 -999.250 -999.250 -999.250 -999.250 -999.250 -999.250 -999.250 -999.250
157.632 177.258 219.785 198.796 193.372 184.772 162.010 178.065 168.721 145.742 135.718 137.459 119.997 110.828 64.740 56.371 44.180 41.391 34.955 34.052 35.525 33.373 32.900 44.719 45.267 55.182 51.468 61.465 64.757 66.791 -999.250 -999.250 -999.250 -999.250 -999.250 -999.250 -999.250 -999.250 -999.250 -999.250 -999.250 -999.250 -999.250 -999.250 -999.250 -999.250 -999.250 -999.250 -999.250 -999.250 -999.250 -999.250 -999.250 -999.250 -999.250 -999.250 -999.250 -999.250 -999.250 -999.250 -999.250 -999.250 -999.250 -999.250 -999.250 -999.250 -999.250
129.001 163.010 167.535 195.571 174.770 176.346 173.107 155.248 149.247 152.229 130.000 130.936 112.518 83.310 74.670 68.222 54.285 44.715 36.296 38.850 37.765 42.307 43.195 49.326 48.926 49.665 59.089 65.076 67.890 54.896 -999.250 -999.250 -999.250 -999.250 -999.250 -999.250 -999.250 -999.250 -999.250 -999.250 -999.250 -999.250 -999.250 -999.250 -999.250 -999.250 -999.250 -999.250 -999.250 -999.250 -999.250 -999.250 -999.250 -999.250 -999.250 -999.250 -999.250 -999.250 -999.250 -999.250 -999.250 -999.250 -999.250 -999.250 -999.250 -999.250 -999.250
116.430 123.413 157.139 147.175 150.911 142.429 146.788 142.626 141.285 124.379 131.384 103.614 121.337 90.758 70.657 67.891 61.760 51.202 44.952 41.617 44.109 39.909 41.748 49.697 54.749 60.587 61.309 69.275 69.443 -999.250 -999.250 -999.250 -999.250 -999.250 -999.250 -999.250 -999.250 -999.250 -999.250 -999.250 -999.250 -999.250 -999.250 -999.250 -999.250 -999.250 -999.250 -999.250 -999.250 -999.250 -999.250 -999.250 -999.250 -999.250 -999.250 -999.250 -999.250 -999.250 -999.250 -999.250 -999.250 -999.250 -999.250 -999.250 -999.250 -999.250 -999.250
113.360 115.125 132.922 141.604 158.438 143.606 139.747 139.728 143.811 131.719 122.686 110.229 107.315 96.567 78.589 63.574 65.151 46.504 46.207 43.343 52.185 51.219 57.477 53.081 64.138 69.861 60.794 64.416 54.961 -999.250 -999.250 -999.250 -999.250 -999.250 -999.250 -999.250 -999.250 -999.250 -999.250 -999.250 -999.250 -999.250 -999.250 -999.250 -999.250 -999.250 -999.250 -999.250 -999.250 -999.250 -999.250 -999.250 -999.250 -999.250 -999.250 -999.250 -999.250 -999.250 -999.250 -999.250 -999.250 -999.250 -999.250 -999.250 -999.250 -999.250 -999.250
