data/medianmodel_26-Jan-2021.asc
ncols	141
nrows	288
xllcorner	-120191.398
yllcorner	-301404.813
cellsize	2000.000
NODATA_value	-999.250
[rows 224 to 251 of 288, columns 0 to 62 of 141]
-999.250 -999.250 -999.250 -999.250 -999.250 -999.250 -999.250 -999.250 -999.250 -999.250 -999.250 -999.250 -999.250 -999.250 -999.250 -999.250 -999.250 -999.250 -999.250 -999.250 -999.250 -999.250 -999.250 -999.250 -999.250 -999.250 -999.250 -999.250 -999.250 -999.250 1268.846 1319.728 1314.686 1338.917 1341.340 1314.459 1331.462 1274.088 1301.430 1287.348 1283.175 1290.212 1320.484 1304.299 1330.231 1355.493 1328.795 1301.766 1264.878 1276.078 1218.090 1212.186 1239.107 1205.034 1175.447 1179.948 1129.004 1131.768 1228.546 1190.983 1302.096 1409.553 1456.611
-999.250 -999.250 -999.250 -999.250 -999.250 -999.250 -999.250 -999.250 -999.250 -999.250 -999.250 -999.250 -999.250 -999.250 -999.250 -999.250 -999.250 -999.250 -999.250 -999.250 -999.250 -999.250 -999.250 -999.250 -999.250 -999.250 -999.250 -999.250 -999.250 -999.250 1215.274 1253.005 1244.554 1204.039 1205.428 1224.263 1209.819 1242.370 1220.473 1225.575 1203.071 1209.861 1190.994 1281.085 1252.935 1289.088 1303.707 1274.307 1275.778 1263.804 1180.271 1192.408 1212.531 1155.798 1172.688 1114.660 1163.458 1142.112 1167.060 1221.793 1263.444 1381.532 1508.836
-999.250 -999.250 -999.250 -999.250 -999.250 -999.250 -999.250 -999.250 -999.250 -999.250 -999.250 -999.250 -999.250 -999.250 -999.250 -999.250 -999.250 -999.250 -999.250 -999.250 -999.250 -999.250 -999.250 -999.250 -999.250 -999.250 -999.250 -999.250 -999.250 -999.250 1091.069 1142.357 1164.570 1141.940 1165.142 1109.495 1123.333 1117.742 1132.097 1121.400 1168.013 1177.103 1188.048 1215.622 1231.536 1321.896 1281.704 1246.868 1229.642 1236.788 1257.353 1164.753 1183.348 1135.320 1123.916 1115.640 1101.870 1093.178 1108.880 1235.321 1276.861 1372.995 1504.131
-999.250 -999.250 -999.250 -999.250 -999.250 -999.250 -999.250 -999.250 -999.250 -999.250 -999.250 -999.250 -999.250 -999.250 -999.250 -999.250 -999.250 -999.250 -999.250 -999.250 -999.250 -999.250 -999.250 -999.250 -999.250 -999.250 -999.250 -999.250 -999.250 1097.711 1074.134 1066.190 1070.646 1053.467 1100.151 1095.973 1014.864 1054.981 1073.110 1080.826 1084.083 1074.648 1102.557 1149.516 1195.829 1238.933 1210.042 1228.272 1219.527 1156.686 1199.580 1173.374 1206.324 1196.859 1150.847 1147.824 1079.760 994.264 1139.065 1231.469 1352.674 1442.629 1561.417
-999.250 -999.250 -999.250 -999.250 -999.250 -999.250 -999.250 -999.250 -999.250 -999.250 -999.250 -999.250 -999.250 -999.250 -999.250 -999.250 -999.250 -999.250 -999.250 -999.250 -999.250 -999.250 -999.250 -999.250 -999.250 -999.250 -999.250 -999.250 -999.250 998.146 986.568 1013.203 1028.732 983.596 1024.370 982.718 986.820 987.832 1006.213 1013.656 1050.720 1056.738 1079.396 1101.205 1087.699 1146.995 1172.826 1175.930 1126.711 1186.009 1156.277 1207.908 1173.021 1160.031 1224.438 1160.844 1099.884 1102.260 1166.546 1256.548 1451.106 1519.309 1590.610
-999.250 -999.250 -999.250 -999.250 -999.250 -999.250 -999.250 -999.250 -999.250 -999.250 -999.250 -999.250 -999.250 -999.250 -999.250 -999.250 -999.250 -999.250 -999.250 -999.250 -999.250 -999.250 -999.250 -999.250 -999.250 -999.250 -999.250 -999.250 1021.161 984.275 935.875 986.061 973.520 917.157 900.372 920.882 878.747 934.379 985.118 987.663 965.984 1028.467 1004.417 1071.826 1125.124 1107.038 1122.097 1164.633 1145.093 1120.315 1176.483 1172.639 1166.982 1179.543 1209.878 1236.348 1166.162 1210.664 1283.656 1400.425 1474.344 1583.773 1627.426
-999.250 -999.250 -999.250 -999.250 -999.250 -999.250 -999.250 -999.250 -999.250 -999.250 -999.250 -999.250 -999.250 -999.250 -999.250 -999.250 -999.250 -999.250 -999.250 -999.250 -999.250 -999.250 -999.250 -999.250 -999.250 -999.250 -999.250 -999.250 1021.990 912.692 885.918 896.886 909.140 888.399 888.780 897.620 867.025 885.988 931.976 946.900 966.793 982.151 1015.472 1028.360 1095.243 1089.682 1121.634 1147.869 1157.152 1189.964 1203.429 1238.690 1230.931 1274.265 1226.006 1301.991 1269.956 1311.246 1438.538 1474.715 1470.336 1586.352 1627.225
-999.250 -999.250 -999.250 -999.250 -999.250 -999.250 -999.250 -999.250 -999.250 -999.250 -999.250 -999.250 -999.250 -999.250 -999.250 -999.250 -999.250 -999.250 -999.250 -999.250 -999.250 -999.250 -999.250 -999.250 -999.250 -999.250 -999.250 952.245 979.111 943.453 898.854 854.209 868.709 860.117 882.361 864.619 864.574 892.060 870.643 991.497 948.399 957.857 987.320 1014.796 1053.425 1087.834 1120.300 1148.960 1192.241 1200.434 1218.652 1247.706 1228.509 1310.509 1332.340 1390.121 1439.838 1496.997 1476.816 1537.909 1592.433 1624.289 1639.929
-999.250 -999.250 -999.250 -999.250 -999.250 -999.250 -999.250 -999.250 -999.250 -999.250 -999.250 -999.250 -999.250 -999.250 -999.250 -999.250 -999.250 -999.250 -999.250 -999.250 -999.250 -999.250 -999.250 -999.250 -999.250 -999.250 -999.250 903.501 897.189 885.395 867.529 794.750 805.375 837.546 828.178 837.551 859.986 830.091 863.833 907.381 966.246 967.651 1014.881 1043.012 1073.176 1059.317 1129.009 1163.807 1155.430 1221.091 1233.093 1255.589 1296.860 1420.251 1430.829 1494.212 1532.054 1575.672 1584.180 1575.254 1649.358 1692.409 1728.024
-999.250 -999.250 -999.250 -999.250 -999.250 -999.250 -999.250 -999.250 -999.250 -999.250 -999.250 -999.250 -999.250 -999.250 -999.250 -999.250 -999.250 -999.250 -999.250 -999.250 -999.250 -999.250 -999.250 -999.250 -999.250 -999.250 -999.250 -999.250 877.081 854.473 847.281 798.933 799.994 809.300 805.094 835.174 842.516 845.777 840.094 876.229 962.220 988.659 971.161 1055.609 1071.696 1076.607 1094.426 1113.787 1169.005 1190.701 1231.189 1326.327 1366.941 1433.888 1480.900 1510.979 1544.468 1597.687 1641.355 1635.489 1708.600 1718.069 1735.444
-999.250 -999.250 -999.250 -999.250 -999.250 -999.250 -999.250 -999.250 -999.250 -999.250 -999.250 -999.250 -999.250 -999.250 -999.250 -999.250 -999.250 -999.250 -999.250 -999.250 -999.250 -999.250 -999.250 -999.250 -999.250 -999.250 -999.250 -999.250 -999.250 -999.250 853.647 833.103 816.715 787.894 795.514 852.706 827.862 843.919 827.111 860.340 947.335 975.819 980.764 1024.712 1029.286 1088.459 1092.216 1114.105 1197.998 1236.329 1319.410 1319.290 1415.612 1456.626 1540.334 1599.822 1648.287 1659.231 1692.312 1708.672 1737.469 1766.790 1732.345
-999.250 -999.250 -999.250 -999.250 -999.250 -999.250 -999.250 -999.250 -999.250 -999.250 -999.250 -999.250 -999.250 -999.250 -999.250 -999.250 -999.250 -999.250 -999.250 -999.250 -999.250 -999.250 -999.250 -999.250 -999.250 -999.250 -999.250 -999.250 -999.250 -999.250 865.793 840.929 840.242 813.378 814.851 836.367 863.123 844.477 839.029 912.829 910.045 902.572 944.586 1004.645 1003.338 1052.187 1075.758 1159.576 1155.872 1245.423 1349.467 1400.731 1422.467 1492.655 1614.834 1619.147 1652.729 1705.741 1723.553 1774.422 1753.042 1753.260 1719.975
-999.250 -999.250 -999.250 -999.250 -999.250 -999.250 -999.250 -999.250 -999.250 -999.250 -999.250 -999.250 -999.250 -999.250 -999.250 -999.250 -999.250 -999.250 -999.250 -999.250 -999.250 -999.250 -999.250 -999.250 -999.250 -999.250 -999.250 -999.250 -999.250 -999.250 816.987 848.289 819.469 856.599 844.849 830.650 867.675 889.476 867.551 927.043 919.264 990.041 1002.875 1018.165 1008.701 1026.568 1143.559 1148.402 1191.848 1231.494 1276.615 1397.750 1394.332 1562.004 1637.321 1657.860 1646.565 1660.618 1738.235 1806.718 1777.137 1758.359 1730.821
-999.250 -999.250 -999.250 -999.250 -999.250 -999.250 -999.250 -999.250 -999.250 -999.250 -999.250 -999.250 -999.250 -999.250 -999.250 -999.250 -999.250 -999.250 -999.250 -999.250 -999.250 -999.250 -999.250 -999.250 -999.250 -999.250 -999.250 -999.250 -999.250 -999.250 -999.250 865.073 841.831 862.004 893.623 887.015 854.776 868.431 901.239 928.851 934.583 973.181 990.556 1013.462 1000.771 1039.202 1087.880 1132.357 1157.781 1277.785 1336.581 1386.479 1479.908 1512.322 1538.246 1638.481 1688.844 1668.022 1724.670 1744.732 1748.426 1706.654 1645.571
-999.250 -999.250 -999.250 -999.250 -999.250 -999.250 -999.250 -999.250 -999.250 -999.250 -999.250 -999.250 -999.250 -999.250 -999.250 -999.250 -999.250 -999.250 -999.250 -999.250 -999.250 -999.250 -999.250 -999.250 -999.250 -999.250 -999.250 -999.250 -999.250 -999.250 871.480 823.776 864.355 830.687 845.072 869.825 869.488 851.804 887.943 973.907 1031.895 987.879 1069.871 1017.387 1092.127 1056.468 1139.806 1174.831 1233.762 1291.470 1311.749 1385.324 1444.312 1485.697 1598.577 1570.394 1665.673 1645.198 1627.811 1664.030 1670.909 1667.178 1579.111
-999.250 -999.250 -999.250 -999.250 -999.250 -999.250 -999.250 -999.250 -999.250 -999.250 -999.250 -999.250 -999.250 -999.250 -999.250 -999.250 -999.250 -999.250 -999.250 -999.250 -999.250 -999.250 -999.250 -999.250 -999.250 -999.250 -999.250 -999.250 -999.250 -999.250 -999.250 845.054 849.156 792.880 841.660 847.332 854.405 899.014 903.631 926.144 1007.768 1031.677 1058.748 1074.589 1099.213 1129.229 1125.314 1147.580 1250.191 1236.465 1357.117 1430.392 1512.002 1504.455 1567.612 1607.379 1584.239 1599.031 1628.630 1622.730 1643.236 1559.885 1492.930
-999.250 -999.250 -999.250 -999.250 -999.250 -999.250 -999.250 -999.250 -999.250 -999.250 -999.250 -999.250 -999.250 -999.250 -999.250 -999.250 -999.250 -999.250 -999.250 -999.250 -999.250 -999.250 -999.250 -999.250 -999.250 -999.250 -999.250 -999.250 -999.250 -999.250 841.150 853.654 792.480 810.891 843.555 870.459 878.375 923.404 937.128 961.837 991.750 1054.939 1025.218 1078.573 1115.620 1107.671 1114.198 1145.686 1182.474 1247.891 1313.894 1399.381 1474.504 1526.453 1521.546 1465.571 1525.350 1476.392 1484.300 1487.744 1480.369 1448.733 1392.550
-999.250 -999.250 -999.250 -999.250 -999.250 -999.250 -999.250 -999.250 -999.250 -999.250 -999.250 -999.250 -999.250 -999.250 -999.250 -999.250 -999.250 -999.250 -999.250 -999.250 -999.250 -999.250 -999.250 -999.250 -999.250 -999.250 -999.250 -999.250 -999.250 -999.250 836.499 777.748 770.125 814.958 822.115 883.944 900.844 914.850 1006.684 957.326 962.270 1036.599 1058.288 1056.310 1097.204 1082.633 1087.315 1155.370 1194.003 1214.034 1304.481 1363.501 1436.797 1506.750 1518.095 1492.869 1489.693 1510.067 1434.227 1440.653 1377.588 1301.923 1290.041
-999.250 -999.250 -999.250 -999.250 -999.250 -999.250 -999.250 -999.250 -999.250 -999.250 -999.250 -999.250 -999.250 -999.250 -999.250 -999.250 -999.250 -999.250 -999.250 -999.250 -999.250 -999.250 -999.250 -999.250 -999.250 -999.250 -999.250 -999.250 -999.250 -999.250 803.642 773.509 724.957 783.607 802.753 816.553 879.368 913.390 970.440 973.520 977.836 977.507 1048.916 1039.182 1039.926 1098.759 1091.683 1122.124 1178.961 1248.910 1266.207 1316.044 1395.666 1477.148 1482.071 1478.048 1435.674 1379.594 1325.631 1308.022 1287.053 1230.357 1235.510
-999.250 -999.250 -999.250 -999.250 -999.250 -999.250 -999.250 -999.250 -999.250 -999.250 -999.250 -999.250 -999.250 -999.250 -999.250 -999.250 -999.250 -999.250 -999.250 -999.250 -999.250 -999.250 -999.250 -999.250 -999.250 -999.250 -999.250 -999.250 -999.250 -999.250 772.537 756.439 776.114 744.418 788.282 806.125 834.564 926.635 913.525 996.002 978.448 992.583 1014.273 1034.610 1073.108 1110.425 1093.860 1082.025 1164.608 1234.086 1258.433 1371.635 1362.900 1396.314 1455.131 1396.371 1428.541 1308.207 1321.178 1210.153 1212.970 1140.410 1106.680
-999.250 -999.250 -999.250 -999.250 -999.250 -999.250 -999.250 -999.250 -999.250 -999.250 -999.250 -999.250 -999.250 -999.250 -999.250 -999.250 -999.250 -999.250 -999.250 -999.250 -999.250 -999.250 -999.250 -999.250 -999.250 -999.250 -999.250 -999.250 -999.250 -999.250 691.353 747.779 712.690 778.217 794.635 753.297 786.940 844.003 882.497 945.264 991.958 1006.988 1039.451 1043.862 1025.714 1074.725 1075.961 1077.527 1144.129 1142.380 1227.553 1363.140 1359.556 1339.602 1336.706 1386.110 1309.847 1324.966 1264.130 1189.368 1045.273 1021.357 1048.119
-999.250 -999.250 -999.250 -999.250 -999.250 -999.250 -999.250 -999.250 -999.250 -999.250 -999.250 -999.250 -999.250 -999.250 -999.250 -999.250 -999.250 -999.250 -999.250 -999.250 -999.250 -999.250 -999.250 -999.250 -999.250 -999.250 -999.250 -999.250 -999.250 -999.250 -999.250 712.301 711.726 781.323 759.871 783.840 819.149 843.233 869.254 919.239 979.404 988.670 1004.083 1016.143 1028.097 1046.561 1036.968 1073.098 1148.062 1171.629 1220.114 1311.116 1353.131 1303.512 1333.733 1370.273 1313.798 1220.210 1162.801 1111.207 1019.947 892.215 947.905
-999.250 -999.250 -999.250 -999.250 -999.250 -999.250 -999.250 -999.250 -999.250 -999.250 -999.250 -999.250 -999.250 -999.250 -999.250 -999.250 -999.250 -999.250 -999.250 -999.250 -999.250 -999.250 -999.250 -999.250 -999.250 -999.250 -999.250 -999.250 -999.250 -999.250 -999.250 694.424 706.801 683.279 704.780 729.157 798.835 841.708 866.920 894.373 902.677 934.362 962.970 968.559 1037.792 999.416 1006.659 1071.828 1125.017 1162.936 1220.815 1232.920 1302.342 1282.582 1305.734 1367.682 1258.782 1208.502 1137.294 1101.186 981.337 906.201 920.754
-999.250 -999.250 -999.250 -999.250 -999.250 -999.250 -999.250 -999.250 -999.250 -999.250 -999.250 -999.250 -999.250 -999.250 -999.250 -999.250 -999.250 -999.250 -999.250 -999.250 -999.250 -999.250 -999.250 -999.250 -999.250 -999.250 -999.250 -999.250 -999.250 -999.250 687.683 631.283 656.273 683.985 737.520 731.081 778.638 834.690 837.018 831.597 904.152 912.012 915.858 923.830 956.675 937.446 1011.998 1074.928 1134.116 1163.323 1186.066 1251.519 1272.531 1354.714 1334.230 1346.435 1291.211 1183.266 1131.053 1080.159 1020.824 951.102 957.899
-999.250 -999.250 -999.250 -999.250 -999.250 -999.250 -999.250 -999.250 -999.250 -999.250 -999.250 -999.250 -999.250 -999.250 -999.250 -999.250 -999.250 -999.250 -999.250 -999.250 -999.250 -999.250 -999.250 -999.250 -999.250 -999.250 -999.250 -999.250 -999.250 -999.250 635.841 609.145 658.713 666.974 706.216 705.084 759.303 765.155 774.491 820.324 834.463 919.900 849.049 879.927 937.622 964.659 1052.737 1047.590 1086.269 1094.213 1150.631 1227.652 1228.019 1357.875 1313.526 1315.242 1308.394 1230.789 1125.452 1107.475 1040.625 1009.500 981.613
-999.250 -999.250 -999.250 -999.250 -999.250 -999.250 -999.250 -999.250 -999.250 -999.250 -999.250 -999.250 -999.250 -999.250 -999.250 -999.250 -999.250 -999.250 -999.250 -999.250 -999.250 -999.250 -999.250 -999.250 -999.250 -999.250 -999.250 -999.250 -999.250 -999.250 647.948 663.182 664.298 695.437 636.730 663.697 716.526 729.229 741.239 768.894 792.783 817.197 811.569 840.945 899.411 967.274 1020.418 1048.388 1105.366 1126.892 1155.212 1216.479 1246.280 1288.640 1303.056 1280.660 1241.074 1183.631 1146.036 1070.191 1027.857 942.763 981.879
-999.250 -999.250 -999.250 -999.250 -999.250 -999.250 -999.250 -999.250 -999.250 -999.250 -999.250 -999.250 -999.250 -999.250 -999.250 -999.250 -999.250 -999.250 -999.250 -999.250 -999.250 -999.250 -999.250 -999.250 -999.250 -999.250 -999.250 -999.250 -999.250 -999.250 634.324 658.574 639.519 648.698 651.517 668.760 653.067 666.765 659.491 706.978 702.040 773.632 786.047 812.921 880.791 954.984 1005.609 1013.487 1063.542 1024.780 1060.973 1167.580 1216.948 1242.235 1215.379 1221.673 1182.573 1128.294 1084.558 1093.688 1013.519 1025.573 1003.348
-999.250 -999.250 -999.250 -999.250 -999.250 -999.250 -999.250 -999.250 -999.250 -999.250 -999.250 -999.250 -999.250 -999.250 -999.250 -999.250 -999.250 -999.250 -999.250 -999.250 -999.250 -999.250 -999.250 -999.250 -999.250 -999.250 -999.250 -999.250 -999.250 -999.250 608.982 627.336 624.147 587.167 627.732 618.554 627.173 625.029 610.540 627.099 668.474 732.426 784.816 824.264 839.049 897.560 946.401 957.035 926.375 1031.212 1097.466 1121.323 1142.917 1205.333 1161.949 1132.790 1114.059 1081.283 1053.410 1050.793 1017.115 1011.144 990.105
