data/medianmodel_20-Sep-2020.asc
ncols	141
nrows	288
xllcorner	-120191.398
yllcorner	-301404.813
cellsize	2000.000
NODATA_value	-999.250
[rows 210 to 239 of 288, columns 68 to 135 of 141]
18.452 18.968 18.884 20.296 19.376 22.156 19.927 21.590 22.015 23.480 28.000 28.682 33.468 33.185 38.539 43.392 45.995 48.706 50.766 45.880 47.116 40.904 33.159 28.438 18.932 17.007 9.489 1.887 0.000 0.000 0.000 -999.250 -999.250 -999.250 -999.250 -999.250 -999.250 -999.250 -999.250 -999.250 -999.250 -999.250 -999.250 -999.250 -999.250 -999.250 -999.250 -999.250 -999.250 -999.250 -999.250 -999.250 -999.250 -999.250 -999.250 -999.250 -999.250 -999.250 -999.250 -999.250 -999.250 -999.250 -999.250 -999.250 -999.250 -999.250 -999.250 -999.250
17.476 16.096 18.527 14.133 15.066 15.356 15.053 15.166 13.572 14.073 15.975 17.626 20.558 24.148 31.427 32.253 34.971 35.061 37.088 34.603 34.807 33.212 25.974 19.035 16.995 12.232 7.728 6.286 0.113 0.000 0.000 0.000 -999.250 -999.250 -999.250 -999.250 -999.250 -999.250 -999.250 -999.250 -999.250 -999.250 -999.250 -999.250 -999.250 -999.250 -999.250 -999.250 -999.250 -999.250 -999.250 -999.250 -999.250 -999.250 -999.250 -999.250 -999.250 -999.250 -999.250 -999.250 -999.250 -999.250 -999.250 -999.250 -999.250 -999.250 -999.250 -999.250
14.813 15.296 14.479 12.421 10.928 15.244 12.236 6.171 3.664 1.818 3.912 9.346 11.157 15.656 17.021 22.483 23.753 28.968 30.665 30.002 30.812 25.709 21.717 18.663 18.245 13.966 9.266 7.041 2.013 0.000 0.000 0.000 0.000 -999.250 -999.250 -999.250 -999.250 -999.250 -999.250 -999.250 -999.250 -999.250 -999.250 -999.250 -999.250 -999.250 -999.250 -999.250 -999.250 -999.250 -999.250 -999.250 -999.250 -999.250 -999.250 -999.250 -999.250 -999.250 -999.250 -999.250 -999.250 -999.250 -999.250 -999.250 -999.250 -999.250 -999.250 -999.250
13.590 15.656 12.025 10.166 9.763 6.610 4.503 1.984 0.000 0.000 0.000 1.012 6.795 8.420 13.492 14.708 18.841 18.999 20.965 22.869 25.238 21.374 18.464 17.713 17.682 15.086 13.266 7.548 6.550 0.000 0.000 0.000 0.000 -999.250 -999.250 -999.250 -999.250 -999.250 -999.250 -999.250 -999.250 -999.250 -999.250 -999.250 -999.250 -999.250 -999.250 -999.250 -999.250 -999.250 -999.250 -999.250 -999.250 -999.250 -999.250 -999.250 -999.250 -999.250 -999.250 -999.250 -999.250 -999.250 -999.250 -999.250 -999.250 -999.250 -999.250 -999.250
14.292 15.654 15.980 13.305 11.001 4.979 1.365 0.000 0.000 0.000 0.000 0.000 0.000 1.681 7.751 10.800 13.156 15.399 17.272 20.454 21.041 23.052 20.902 16.658 17.641 15.927 13.561 11.139 6.528 3.032 3.270 0.000 0.000 0.000 -999.250 -999.250 -999.250 -999.250 -999.250 -999.250 -999.250 -999.250 -999.250 -999.250 -999.250 -999.250 -999.250 -999.250 -999.250 -999.250 -999.250 -999.250 -999.250 -999.250 -999.250 -999.250 -999.250 -999.250 -999.250 -999.250 -999.250 -999.250 -999.250 -999.250 -999.250 -999.250 -999.250 -999.250
17.390 18.687 18.910 16.962 15.814 7.033 1.400 0.000 0.000 0.000 0.000 0.000 0.000 0.000 2.453 4.968 9.613 14.048 16.583 18.909 19.188 19.019 18.209 20.384 19.074 17.678 15.136 15.404 10.366 7.450 6.381 0.000 0.100 0.000 0.000 -999.250 -999.250 -999.250 -999.250 -999.250 -999.250 -999.250 -999.250 -999.250 -999.250 -999.250 -999.250 -999.250 -999.250 -999.250 -999.250 -999.250 -999.250 -999.250 -999.250 -999.250 -999.250 -999.250 -999.250 -999.250 -999.250 -999.250 -999.250 -999.250 -999.250 -999.250 -999.250 -999.250
22.698 27.240 26.827 22.400 17.716 10.143 3.624 0.000 0.000 0.000 0.000 0.000 0.000 0.000 0.055 5.420 7.749 10.781 14.831 16.807 19.104 17.743 22.196 23.628 21.294 19.599 17.215 17.783 15.575 14.391 10.047 7.134 1.005 0.000 0.000 -999.250 -999.250 -999.250 -999.250 -999.250 -999.250 -999.250 -999.250 -999.250 -999.250 -999.250 -999.250 -999.250 -999.250 -999.250 -999.250 -999.250 -999.250 -999.250 -999.250 -999.250 -999.250 -999.250 -999.250 -999.250 -999.250 -999.250 -999.250 -999.250 -999.250 -999.250 -999.250 -999.250
33.067 35.541 35.433 31.191 23.660 15.288 6.813 0.000 0.000 0.000 0.000 0.000 0.000 0.242 0.000 2.837 7.611 10.786 14.340 16.740 19.460 21.643 23.471 28.347 25.557 27.171 20.360 19.759 18.248 17.011 12.618 11.778 5.697 6.160 0.000 -999.250 -999.250 -999.250 -999.250 -999.250 -999.250 -999.250 -999.250 -999.250 -999.250 -999.250 -999.250 -999.250 -999.250 -999.250 -999.250 -999.250 -999.250 -999.250 -999.250 -999.250 -999.250 -999.250 -999.250 -999.250 -999.250 -999.250 -999.250 -999.250 -999.250 -999.250 -999.250 -999.250
38.811 48.555 47.997 37.796 36.522 21.672 13.777 5.701 0.000 0.000 0.000 0.000 0.000 0.000 0.000 2.479 5.107 8.939 12.153 15.789 19.149 22.601 28.897 33.493 31.906 29.179 26.615 23.435 22.223 19.888 16.272 15.773 11.741 9.603 2.106 0.000 -999.250 -999.250 -999.250 -999.250 -999.250 -999.250 -999.250 0.000 -999.250 -999.250 -999.250 -999.250 -999.250 -999.250 -999.250 -999.250 -999.250 -999.250 -999.250 -999.250 -999.250 -999.250 -999.250 -999.250 -999.250 -999.250 -999.250 -999.250 -999.250 -999.250 -999.250 -999.250
51.457 62.849 68.077 58.018 43.269 32.878 20.606 11.200 5.760 0.742 0.000 0.000 0.000 0.000 1.558 1.608 2.871 9.710 12.931 15.372 20.110 27.284 35.848 36.811 37.619 35.893 31.272 32.821 27.193 22.823 20.641 16.554 14.330 9.157 3.459 0.768 0.000 -999.250 -999.250 -999.250 0.000 0.000 0.000 0.154 -999.250 -999.250 -999.250 -999.250 -999.250 -999.250 -999.250 -999.250 -999.250 -999.250 -999.250 -999.250 -999.250 -999.250 -999.250 -999.250 -999.250 -999.250 -999.250 -999.250 -999.250 -999.250 -999.250 -999.250
61.375 72.781 87.051 69.125 57.316 39.360 26.819 17.436 9.661 3.853 3.588 0.192 0.000 0.000 0.000 6.620 6.965 9.873 13.524 18.042 22.357 31.663 37.755 48.035 49.873 44.055 37.884 35.237 28.800 24.756 21.674 16.991 14.975 10.488 5.144 2.098 0.000 -999.250 0.000 0.000 0.000 0.000 0.000 -999.250 -999.250 -999.250 -999.250 -999.250 -999.250 -999.250 -999.250 -999.250 -999.250 -999.250 -999.250 -999.250 -999.250 -999.250 -999.250 -999.250 -999.250 -999.250 -999.250 -999.250 -999.250 -999.250 -999.250 -999.250
65.654 71.742 72.225 67.937 59.077 40.703 33.411 22.057 13.492 11.777 7.140 3.298 0.000 1.323 2.027 4.236 6.611 9.157 15.015 20.336 25.687 31.465 39.115 50.798 58.173 48.381 43.037 36.226 32.044 26.469 26.035 22.194 16.029 9.571 6.046 4.084 0.000 0.000 0.000 0.000 0.000 0.000 0.000 -999.250 -999.250 -999.250 -999.250 -999.250 -999.250 -999.250 -999.250 -999.250 -999.250 -999.250 -999.250 -999.250 -999.250 -999.250 -999.250 -999.250 -999.250 -999.250 -999.250 -999.250 -999.250 -999.250 -999.250 -999.250
62.954 68.575 68.661 64.690 56.915 43.962 36.181 25.110 19.116 14.423 9.911 4.258 1.323 0.000 0.804 7.023 7.614 10.398 14.531 21.925 27.811 32.457 42.299 55.288 65.607 51.627 42.571 40.696 34.898 30.917 26.593 21.985 18.031 14.443 8.086 5.395 5.323 1.125 0.000 0.000 0.000 0.000 0.000 -999.250 -999.250 -999.250 -999.250 -999.250 -999.250 -999.250 -999.250 -999.250 -999.250 -999.250 -999.250 -999.250 -999.250 -999.250 -999.250 -999.250 -999.250 -999.250 -999.250 -999.250 -999.250 -999.250 -999.250 -999.250
57.895 62.330 63.903 61.257 51.938 42.501 34.764 30.757 22.316 16.556 12.665 8.617 5.546 4.735 4.046 8.026 6.585 6.995 13.206 20.267 26.599 32.213 39.856 47.948 52.368 51.537 41.277 40.821 35.687 30.625 25.651 20.098 18.530 12.323 10.381 8.430 2.388 1.708 3.864 0.000 0.412 0.000 0.000 -999.250 -999.250 -999.250 -999.250 -999.250 -999.250 -999.250 -999.250 -999.250 -999.250 -999.250 -999.250 -999.250 -999.250 -999.250 -999.250 -999.250 -999.250 -999.250 -999.250 -999.250 -999.250 -999.250 -999.250 -999.250
48.399 57.454 60.957 54.198 54.730 45.101 36.576 33.727 24.394 17.653 16.086 11.015 7.162 5.955 6.661 6.875 7.779 12.124 17.679 18.312 21.041 30.977 41.349 45.521 48.548 50.418 43.969 39.221 36.164 31.788 28.757 23.912 22.077 16.168 12.092 9.827 5.633 3.059 1.589 6.479 7.893 2.695 -999.250 -999.250 -999.250 -999.250 -999.250 -999.250 -999.250 -999.250 -999.250 -999.250 -999.250 -999.250 -999.250 -999.250 -999.250 -999.250 -999.250 -999.250 -999.250 -999.250 -999.250 -999.250 -999.250 -999.250 -999.250 -999.250
44.056 52.703 55.731 56.760 53.039 47.987 37.182 34.323 27.793 24.156 18.589 13.017 10.543 8.836 7.674 8.941 8.736 10.121 13.674 16.911 21.210 29.002 34.184 38.007 41.902 40.454 41.238 36.785 33.657 28.329 25.730 21.686 19.989 15.639 13.339 12.354 10.604 7.498 4.654 4.970 8.584 6.996 -999.250 -999.250 -999.250 -999.250 -999.250 -999.250 -999.250 -999.250 -999.250 -999.250 -999.250 -999.250 -999.250 -999.250 -999.250 -999.250 -999.250 -999.250 -999.250 -999.250 -999.250 -999.250 -999.250 -999.250 -999.250 -999.250
40.470 51.096 52.392 49.176 50.537 44.213 37.999 35.464 30.664 23.322 17.805 15.737 13.538 12.395 9.121 7.175 8.374 12.907 13.354 16.585 20.579 22.569 26.061 31.558 36.806 32.541 35.037 36.159 35.206 31.586 27.131 25.961 23.287 18.677 15.788 14.811 11.887 10.860 8.828 8.803 12.436 10.092 -999.250 -999.250 -999.250 -999.250 -999.250 -999.250 -999.250 -999.250 -999.250 -999.250 -999.250 -999.250 -999.250 -999.250 -999.250 -999.250 -999.250 -999.250 -999.250 -999.250 -999.250 -999.250 -999.250 -999.250 -999.250 -999.250
35.250 44.577 47.867 48.169 46.470 42.010 36.726 34.788 29.108 24.737 22.261 16.010 14.830 12.154 12.644 9.585 12.643 10.240 13.352 14.933 22.096 19.876 25.355 22.682 31.219 34.068 33.575 30.240 31.653 30.383 26.359 25.808 27.491 21.730 19.797 16.631 13.735 12.667 12.136 11.816 10.195 -999.250 -999.250 -999.250 -999.250 -999.250 -999.250 -999.250 -999.250 -999.250 -999.250 -999.250 -999.250 -999.250 -999.250 -999.250 -999.250 -999.250 -999.250 -999.250 -999.250 -999.250 -999.250 -999.250 -999.250 -999.250 -999.250 -999.250
34.012 42.193 49.735 48.193 39.890 38.688 35.619 36.081 30.652 30.454 21.839 17.881 13.219 12.763 11.501 11.611 13.629 13.869 12.136 15.459 15.097 18.380 21.311 22.149 29.786 31.719 27.240 28.998 29.720 30.788 27.971 27.942 24.556 23.130 19.836 18.191 -999.250 -999.250 13.351 13.401 11.550 -999.250 -999.250 -999.250 -999.250 -999.250 -999.250 -999.250 -999.250 -999.250 -999.250 -999.250 -999.250 -999.250 -999.250 -999.250 -999.250 -999.250 -999.250 -999.250 -999.250 -999.250 -999.250 -999.250 -999.250 -999.250 -999.250 -999.250
29.099 39.193 50.627 43.574 39.622 40.074 39.167 35.720 31.475 24.921 23.438 19.252 15.455 15.209 11.906 11.823 10.192 11.391 10.754 14.160 15.978 17.695 17.554 20.121 22.986 24.925 22.296 25.359 28.806 25.983 26.067 27.341 23.306 22.610 20.075 16.576 -999.250 -999.250 -999.250 -999.250 -999.250 -999.250 -999.250 -999.250 -999.250 -999.250 -999.250 -999.250 -999.250 -999.250 -999.250 -999.250 -999.250 -999.250 -999.250 -999.250 -999.250 -999.250 -999.250 -999.250 -999.250 -999.250 -999.250 -999.250 -999.250 -999.250 -999.250 -999.250
21.990 32.352 37.534 37.411 38.070 36.160 36.112 34.857 24.989 24.681 23.388 19.821 17.421 15.137 11.095 9.500 8.181 11.190 11.700 8.849 14.437 16.164 16.744 16.938 18.980 19.892 20.835 21.331 21.936 23.566 23.607 22.496 -999.250 -999.250 19.491 -999.250 -999.250 -999.250 -999.250 -999.250 -999.250 -999.250 -999.250 -999.250 -999.250 -999.250 -999.250 -999.250 -999.250 -999.250 -999.250 -999.250 -999.250 -999.250 -999.250 -999.250 -999.250 -999.250 -999.250 -999.250 -999.250 -999.250 -999.250 -999.250 -999.250 -999.250 -999.250 -999.250
19.442 25.279 27.798 30.117 29.642 28.918 34.318 32.995 27.650 24.614 23.902 20.526 19.335 15.638 9.746 6.973 7.998 6.864 6.587 6.872 15.262 16.419 17.277 15.465 15.791 19.080 16.700 17.700 18.283 21.162 -999.250 -999.250 -999.250 -999.250 -999.250 -999.250 -999.250 -999.250 -999.250 -999.250 -999.250 -999.250 -999.250 -999.250 -999.250 -999.250 -999.250 -999.250 -999.250 -999.250 -999.250 -999.250 -999.250 -999.250 -999.250 -999.250 -999.250 -999.250 -999.250 -999.250 -999.250 -999.250 -999.250 -999.250 -999.250 -999.250 -999.250 -999.250
12.467 18.251 19.596 21.279 25.333 31.124 30.164 30.849 28.316 22.698 21.718 18.588 12.532 13.702 10.947 10.593 11.579 6.763 5.159 7.853 12.409 14.262 13.846 15.075 14.743 17.822 17.043 17.445 19.817 22.087 -999.250 -999.250 -999.250 -999.250 -999.250 -999.250 -999.250 -999.250 -999.250 -999.250 -999.250 -999.250 -999.250 -999.250 -999.250 -999.250 -999.250 -999.250 -999.250 -999.250 -999.250 -999.250 -999.250 -999.250 -999.250 -999.250 -999.250 -999.250 -999.250 -999.250 -999.250 -999.250 -999.250 -999.250 -999.250 -999.250 -999.250 -999.250
8.413 12.766 14.178 15.687 19.677 22.284 24.298 26.684 22.691 23.529 21.846 17.748 13.590 11.613 11.014 9.807 9.027 8.822 8.420 7.194 10.879 12.625 13.631 15.992 14.782 15.490 15.584 17.953 19.829 20.995 -999.250 -999.250 -999.250 -999.250 -999.250 -999.250 -999.250 -999.250 -999.250 -999.250 -999.250 -999.250 -999.250 -999.250 -999.250 -999.250 -999.250 -999.250 -999.250 -999.250 -999.250 -999.250 -999.250 -999.250 -999.250 -999.250 -999.250 -999.250 -999.250 -999.250 -999.250 -999.250 -999.250 -999.250 -999.250 -999.250 -999.250 -999.250
4.363 6.933 9.691 13.469 15.527 16.469 20.030 22.243 22.574 24.753 19.690 17.560 13.321 14.409 10.389 7.084 9.232 10.084 8.909 9.095 8.761 10.059 13.296 15.805 17.826 17.229 18.093 18.954 18.706 21.097 -999.250 -999.250 -999.250 -999.250 -999.250 -999.250 -999.250 -999.250 -999.250 -999.250 -999.250 -999.250 -999.250 -999.250 -999.250 -999.250 -999.250 -999.250 -999.250 -999.250 -999.250 -999.250 -999.250 -999.250 -999.250 -999.250 -999.250 -999.250 -999.250 -999.250 -999.250 -999.250 -999.250 -999.250 -999.250 -999.250 -999.250 -999.250
0.000 1.402 2.381 10.872 12.816 14.401 16.860 18.030 21.130 20.531 19.555 18.942 15.274 14.029 12.207 11.235 10.967 10.908 12.320 11.798 9.131 12.155 11.901 17.427 17.283 17.958 20.427 20.863 18.507 -999.250 -999.250 -999.250 -999.250 -999.250 -999.250 -999.250 -999.250 -999.250 -999.250 -999.250 -999.250 -999.250 -999.250 -999.250 -999.250 -999.250 -999.250 -999.250 -999.250 -999.250 -999.250 -999.250 -999.250 -999.250 -999.250 -999.250 -999.250 -999.250 -999.250 -999.250 -999.250 -999.250 -999.250 -999.250 -999.250 -999.250 -999.250 -999.250
0.000 0.000 0.617 5.702 8.564 14.794 16.069 18.169 20.728 19.248 17.600 19.477 16.867 16.574 15.307 15.511 14.545 13.982 12.333 11.451 14.513 12.159 12.268 14.814 17.207 16.994 17.810 19.872 20.476 -999.250 -999.250 -999.250 -999.250 -999.250 -999.250 -999.250 -999.250 -999.250 -999.250 -999.250 -999.250 -999.250 -999.250 -999.250 -999.250 -999.250 -999.250 -999.250 -999.250 -999.250 -999.250 -999.250 -999.250 -999.250 -999.250 -999.250 -999.250 -999.250 -999.250 -999.250 -999.250 -999.250 -999.250 -999.250 -999.250 -999.250 -999.250 -999.250
0.000 0.000 0.000 3.503 7.370 12.689 15.582 14.783 16.077 18.003 20.233 18.062 17.840 18.148 18.930 19.005 17.858 16.356 16.250 14.507 15.433 14.884 15.863 17.879 20.184 19.229 18.150 17.048 17.332 -999.250 -999.250 -999.250 -999.250 -999.250 -999.250 -999.250 -999.250 -999.250 -999.250 -999.250 -999.250 -999.250 -999.250 -999.250 -999.250 -999.250 -999.250 -999.250 -999.250 -999.250 -999.250 -999.250 -999.250 -999.250 -999.250 -999.250 -999.250 -999.250 -999.250 -999.250 -999.250 -999.250 -999.250 -999.250 -999.250 -999.250 -999.250 -999.250
0.000 0.000 0.000 1.673 3.633 8.959 14.081 15.055 17.322 18.741 20.775 24.174 22.121 23.625 26.251 22.499 20.947 19.076 18.571 17.730 17.280 17.324 18.079 21.757 18.498 19.370 18.846 16.474 -999.250 -999.250 -999.250 -999.250 -999.250 -999.250 -999.250 -999.250 -999.250 -999.250 -999.250 -999.250 -999.250 -999.250 -999.250 -999.250 -999.250 -999.250 -999.250 -999.250 -999.250 -999.250 -999.250 -999.250 -999.250 -999.250 -999.250 -999.250 -999.250 -999.250 -999.250 -999.250 -999.250 -999.250 -999.250 -999.250 -999.250 -999.250 -999.250 -999.250
0.000 0.000 0.000 0.155 3.152 8.132 11.157 16.863 16.076 20.133 21.706 22.345 28.591 27.419 30.799 25.211 27.548 24.089 20.715 20.434 17.085 17.943 17.928 20.721 21.838 26.568 18.726 18.738 -999.250 -999.250 -999.250 -999.250 -999.250 -999.250 -999.250 -999.250 -999.250 -999.250 -999.250 -999.250 -999.250 -999.250 -999.250 -999.250 -999.250 -999.250 -999.250 -999.250 -999.250 -999.250 -999.250 -999.250 -999.250 -999.250 -999.250 -999.250 -999.250 -999.250 -999.250 -999.250 -999.250 -999.250 -999.250 -999.250 -999.250 -999.250 -999.250 -999.250
