data/medianmodel_23-Sep-2020.asc
ncols	141
nrows	288
xllcorner	-120191.398
yllcorner	-301404.813
cellsize	2000.000
NODATA_value	-999.250
[rows 210 to 239 of 288, columns 0 to 67 of 141]
-999.250 -999.250 -999.250 -999.250 -999.250 -999.250 -999.250 -999.250 -999.250 -999.250 -999.250 -999.250 -999.250 -999.250 -999.250 -999.250 -999.250 -999.250 -999.250 -999.250 -999.250 -999.250 -999.250 -999.250 -999.250 -999.250 -999.250 -999.250 -999.250 -999.250 -999.250 64.967 58.071 52.007 43.978 46.332 52.124 49.003 47.158 45.619 46.059 48.757 51.462 44.242 35.448 29.473 26.138 22.607 21.508 18.167 16.346 17.088 15.707 13.303 12.530 11.235 10.592 10.704 11.107 10.938 10.713 13.756 13.318 15.178 16.597 17.513 17.395 16.635
-999.250 -999.250 -999.250 -999.250 -999.250 -999.250 -999.250 -999.250 -999.250 -999.250 -999.250 -999.250 -999.250 -999.250 -999.250 -999.250 -999.250 -999.250 -999.250 -999.250 -999.250 -999.250 -999.250 -999.250 -999.250 -999.250 -999.250 -999.250 -999.250 -999.250 -999.250 68.468 57.722 52.532 48.453 48.738 57.472 49.412 41.438 51.083 51.120 49.388 46.868 43.482 32.821 31.178 30.524 24.072 22.381 17.219 14.689 15.168 14.859 12.999 12.789 10.500 8.790 9.017 8.579 10.049 8.751 7.395 10.742 11.117 14.778 19.436 15.846 13.629
-999.250 -999.250 -999.250 -999.250 -999.250 -999.250 -999.250 -999.250 -999.250 -999.250 -999.250 -999.250 -999.250 -999.250 -999.250 -999.250 -999.250 -999.250 -999.250 -999.250 -999.250 -999.250 -999.250 -999.250 -999.250 -999.250 -999.250 -999.250 -999.250 -999.250 -999.250 61.360 64.619 57.260 57.548 53.104 61.951 56.072 54.553 61.171 54.463 52.870 47.738 42.707 36.238 31.327 26.393 24.231 20.098 19.961 15.761 14.527 13.384 10.568 7.845 4.220 6.506 2.965 2.904 2.065 0.922 1.266 5.723 9.377 11.233 11.520 11.999 11.976
-999.250 -999.250 -999.250 -999.250 -999.250 -999.250 -999.250 -999.250 -999.250 -999.250 -999.250 -999.250 -999.250 -999.250 -999.250 -999.250 -999.250 -999.250 -999.250 -999.250 -999.250 -999.250 -999.250 -999.250 -999.250 -999.250 -999.250 -999.250 -999.250 -999.250 -999.250 68.232 59.359 62.230 58.230 59.154 63.695 61.079 51.163 59.443 59.216 49.247 46.950 41.797 41.838 36.497 29.173 24.825 21.694 17.899 16.549 15.956 11.848 8.709 6.383 0.309 0.077 3.025 0.000 0.481 0.000 0.066 1.057 3.179 7.166 6.605 7.987 9.327
-999.250 -999.250 -999.250 -999.250 -999.250 -999.250 -999.250 -999.250 -999.250 -999.250 -999.250 -999.250 -999.250 -999.250 -999.250 -999.250 -999.250 -999.250 -999.250 -999.250 -999.250 -999.250 -999.250 -999.250 -999.250 -999.250 -999.250 -999.250 -999.250 -999.250 -999.250 65.194 63.375 60.957 61.163 63.442 61.240 64.326 60.357 58.953 61.065 51.939 49.784 48.763 39.237 36.084 30.119 26.255 20.205 16.612 15.381 13.461 11.555 8.380 3.844 0.279 1.394 0.000 0.000 0.000 0.000 0.000 0.000 0.000 0.224 1.614 2.886 9.662
-999.250 -999.250 -999.250 -999.250 -999.250 -999.250 -999.250 -999.250 -999.250 -999.250 -999.250 -999.250 -999.250 -999.250 -999.250 -999.250 -999.250 -999.250 -999.250 -999.250 -999.250 -999.250 -999.250 -999.250 -999.250 -999.250 -999.250 -999.250 -999.250 -999.250 -999.250 68.861 63.012 69.525 66.786 66.691 72.782 72.321 68.369 63.473 61.923 59.328 57.660 46.594 41.437 40.402 34.342 27.192 23.489 16.279 14.344 14.769 11.046 8.325 5.878 1.950 0.688 0.069 0.000 0.000 0.000 0.000 0.000 0.000 0.000 0.000 4.331 10.577
-999.250 -999.250 -999.250 -999.250 -999.250 -999.250 -999.250 -999.250 -999.250 -999.250 -999.250 -999.250 -999.250 -999.250 -999.250 -999.250 -999.250 -999.250 -999.250 -999.250 -999.250 -999.250 -999.250 -999.250 -999.250 -999.250 -999.250 -999.250 -999.250 -999.250 -999.250 70.156 69.745 63.899 67.768 68.396 73.451 76.079 72.827 64.078 65.316 67.055 57.331 51.125 48.511 42.237 36.615 30.236 24.398 22.843 15.390 11.378 8.683 6.298 1.001 0.000 2.531 0.000 0.000 0.000 0.000 0.000 0.000 0.000 0.000 0.000 5.738 13.390
-999.250 -999.250 -999.250 -999.250 -999.250 -999.250 -999.250 -999.250 -999.250 -999.250 -999.250 -999.250 -999.250 -999.250 -999.250 -999.250 -999.250 -999.250 -999.250 -999.250 -999.250 -999.250 -999.250 -999.250 -999.250 -999.250 -999.250 -999.250 -999.250 -999.250 -999.250 69.810 74.465 70.309 74.538 77.164 75.194 75.387 72.078 72.209 68.817 68.916 66.908 60.785 52.181 41.733 38.403 30.937 24.348 18.405 15.787 14.570 11.050 5.229 4.468 0.000 1.241 0.000 0.000 0.000 0.000 0.000 0.000 0.000 0.000 0.000 10.616 18.932
-999.250 -999.250 -999.250 -999.250 -999.250 -999.250 -999.250 -999.250 -999.250 -999.250 -999.250 -999.250 -999.250 -999.250 -999.250 -999.250 -999.250 -999.250 -999.250 -999.250 -999.250 -999.250 -999.250 -999.250 -999.250 -999.250 -999.250 -999.250 -999.250 -999.250 -999.250 71.395 73.586 73.727 80.701 77.064 78.630 79.772 81.158 77.951 79.309 77.098 74.661 65.850 60.917 47.459 38.283 33.941 25.494 20.072 15.605 11.653 9.581 9.294 2.812 0.924 0.132 1.920 2.263 0.000 0.000 0.000 0.000 0.000 3.135 10.506 16.237 27.445
-999.250 -999.250 -999.250 -999.250 -999.250 -999.250 -999.250 -999.250 -999.250 -999.250 -999.250 -999.250 -999.250 -999.250 -999.250 -999.250 -999.250 -999.250 -999.250 -999.250 -999.250 -999.250 -999.250 -999.250 -999.250 -999.250 -999.250 -999.250 -999.250 -999.250 -999.250 80.947 81.807 76.273 79.836 83.638 81.223 83.836 87.857 88.228 85.924 88.804 77.802 74.652 70.458 59.449 45.514 42.038 32.792 25.369 14.099 13.355 10.461 11.081 6.001 3.244 0.187 2.877 0.000 0.868 0.896 1.274 0.854 6.676 11.608 16.332 25.542 39.186
-999.250 -999.250 -999.250 -999.250 -999.250 -999.250 -999.250 -999.250 -999.250 -999.250 -999.250 -999.250 -999.250 -999.250 -999.250 -999.250 -999.250 -999.250 -999.250 -999.250 -999.250 -999.250 -999.250 -999.250 -999.250 -999.250 -999.250 -999.250 -999.250 -999.250 -999.250 80.031 76.963 83.173 88.651 86.984 93.390 89.910 90.663 87.665 91.144 88.573 86.812 81.612 71.954 67.075 52.183 42.418 38.921 30.018 20.209 15.012 12.040 10.453 6.299 5.259 1.966 0.564 0.895 1.104 3.121 6.221 6.533 10.890 16.508 25.875 35.489 47.692
-999.250 -999.250 -999.250 -999.250 -999.250 -999.250 -999.250 -999.250 -999.250 -999.250 -999.250 -999.250 -999.250 -999.250 -999.250 -999.250 -999.250 -999.250 -999.250 -999.250 -999.250 -999.250 -999.250 -999.250 -999.250 -999.250 -999.250 -999.250 -999.250 -999.250 -999.250 78.707 83.175 90.975 103.020 96.805 100.479 101.272 95.954 95.844 99.254 92.658 89.359 86.887 80.234 73.295 60.658 50.834 37.568 32.915 22.541 15.850 13.407 9.778 3.891 0.000 0.236 0.445 2.297 1.332 3.385 9.784 11.105 15.542 20.459 34.898 44.005 57.977
-999.250 -999.250 -999.250 -999.250 -999.250 -999.250 -999.250 -999.250 -999.250 -999.250 -999.250 -999.250 -999.250 -999.250 -999.250 -999.250 -999.250 -999.250 -999.250 -999.250 -999.250 -999.250 -999.250 -999.250 -999.250 -999.250 -999.250 -999.250 -999.250 -999.250 -999.250 82.692 99.828 105.478 101.803 116.215 107.166 108.024 110.423 102.240 103.109 100.209 97.732 92.609 85.568 76.465 68.380 54.480 47.625 36.171 25.995 17.970 14.767 11.568 5.904 0.000 0.000 1.384 0.000 0.527 2.322 5.015 11.965 15.867 26.230 36.742 47.292 60.838
-999.250 -999.250 -999.250 -999.250 -999.250 -999.250 -999.250 -999.250 -999.250 -999.250 -999.250 -999.250 -999.250 -999.250 -999.250 -999.250 -999.250 -999.250 -999.250 -999.250 -999.250 -999.250 -999.250 -999.250 -999.250 -999.250 -999.250 -999.250 -999.250 -999.250 80.929 84.336 99.512 104.207 115.719 115.697 128.918 127.641 123.852 115.011 110.696 108.275 100.114 94.763 88.655 79.736 69.585 57.316 49.519 35.541 32.928 22.767 18.070 11.240 2.843 0.065 1.272 0.000 0.000 0.375 3.646 7.523 12.112 18.768 26.639 38.263 53.790 61.087
-999.250 -999.250 -999.250 -999.250 -999.250 -999.250 -999.250 -999.250 -999.250 -999.250 -999.250 -999.250 -999.250 -999.250 -999.250 -999.250 -999.250 -999.250 -999.250 -999.250 -999.250 -999.250 -999.250 -999.250 -999.250 -999.250 -999.250 -999.250 -999.250 -999.250 84.686 94.133 103.012 117.871 121.236 124.419 132.716 142.828 138.008 126.595 114.346 120.386 110.819 103.132 92.064 78.544 71.296 62.806 53.323 43.335 35.960 23.793 19.232 11.681 7.937 3.911 2.139 0.000 0.000 0.000 1.592 6.338 12.556 19.531 30.306 41.137 48.046 61.984
-999.250 -999.250 -999.250 -999.250 -999.250 -999.250 -999.250 -999.250 -999.250 -999.250 -999.250 -999.250 -999.250 -999.250 -999.250 -999.250 -999.250 -999.250 -999.250 -999.250 -999.250 -999.250 -999.250 -999.250 -999.250 -999.250 -999.250 -999.250 -999.250 -999.250 89.648 104.770 115.840 121.740 127.562 130.580 146.046 137.144 134.993 130.284 128.378 120.256 123.395 101.192 85.945 80.525 78.171 70.335 59.557 48.435 41.111 29.890 22.531 18.419 10.988 4.997 0.104 0.000 0.000 0.000 0.649 8.856 12.427 19.052 28.983 33.625 44.380 53.622
-999.250 -999.250 -999.250 -999.250 -999.250 -999.250 -999.250 -999.250 -999.250 -999.250 -999.250 -999.250 -999.250 -999.250 -999.250 -999.250 -999.250 -999.250 -999.250 -999.250 -999.250 -999.250 -999.250 -999.250 -999.250 -999.250 -999.250 -999.250 -999.250 -999.250 88.583 106.178 120.083 124.032 125.784 143.726 150.625 151.622 148.102 145.142 131.419 121.653 119.179 117.725 90.380 86.384 82.025 81.583 71.291 63.330 50.017 41.339 23.531 19.349 14.113 9.500 0.486 0.000 0.000 0.000 0.000 6.045 11.863 15.518 23.325 30.570 39.487 50.511
-999.250 -999.250 -999.250 -999.250 -999.250 -999.250 -999.250 -999.250 -999.250 -999.250 -999.250 -999.250 -999.250 -999.250 -999.250 -999.250 -999.250 -999.250 -999.250 -999.250 -999.250 -999.250 -999.250 -999.250 -999.250 -999.250 -999.250 -999.250 -999.250 86.701 96.409 108.709 124.787 128.774 149.465 168.759 159.008 146.592 146.342 157.292 144.591 136.251 124.065 118.420 114.194 96.052 87.047 89.306 83.661 74.417 66.334 47.795 32.945 22.307 16.151 9.610 3.212 0.000 0.000 0.000 0.000 4.411 11.018 15.204 20.365 24.750 35.756 44.004
-999.250 -999.250 -999.250 -999.250 -999.250 -999.250 -999.250 -999.250 -999.250 -999.250 -999.250 -999.250 -999.250 -999.250 -999.250 -999.250 -999.250 -999.250 -999.250 -999.250 -999.250 -999.250 -999.250 -999.250 -999.250 -999.250 -999.250 -999.250 -999.250 92.531 99.909 113.369 127.364 141.643 156.718 176.469 181.533 177.482 170.596 166.155 157.804 150.902 135.026 127.006 121.203 105.057 98.260 95.911 87.314 76.911 74.135 61.254 43.321 27.782 18.830 11.872 2.221 0.000 0.000 0.000 0.000 0.000 7.459 11.345 14.162 24.519 29.609 39.399
-999.250 -999.250 -999.250 -999.250 -999.250 -999.250 -999.250 -999.250 -999.250 -999.250 -999.250 -999.250 -999.250 -999.250 -999.250 -999.250 -999.250 -999.250 -999.250 -999.250 -999.250 -999.250 -999.250 -999.250 -999.250 -999.250 -999.250 -999.250 97.921 99.648 101.731 118.084 133.488 147.892 163.696 184.530 239.658 183.754 189.363 169.986 145.238 163.189 134.769 125.386 120.888 113.083 107.513 99.366 90.965 86.594 72.008 68.061 56.275 38.226 23.317 14.816 5.862 0.000 0.000 0.000 0.000 0.000 1.552 7.800 13.187 19.771 27.029 31.386
-999.250 -999.250 -999.250 -999.250 -999.250 -999.250 -999.250 -999.250 -999.250 -999.250 -999.250 -999.250 -999.250 -999.250 -999.250 -999.250 -999.250 -999.250 -999.250 -999.250 -999.250 -999.250 -999.250 -999.250 -999.250 -999.250 -999.250 -999.250 98.998 104.036 107.964 117.859 134.385 150.197 159.856 187.847 199.358 199.320 176.840 169.673 161.632 157.977 152.810 144.095 138.464 131.786 121.059 113.004 104.090 83.334 82.218 73.495 66.802 52.314 32.157 18.679 11.356 4.813 0.000 0.000 0.000 0.000 0.000 2.928 9.065 14.038 19.940 27.592
-999.250 -999.250 -999.250 -999.250 -999.250 -999.250 -999.250 -999.250 -999.250 -999.250 -999.250 -999.250 -999.250 -999.250 -999.250 -999.250 -999.250 -999.250 -999.250 -999.250 -999.250 -999.250 -999.250 -999.250 -999.250 -999.250 -999.250 91.759 96.856 96.337 112.742 124.715 127.269 153.236 159.236 176.806 175.532 183.637 185.773 166.915 166.714 165.444 165.309 149.864 155.159 124.747 123.284 115.149 105.473 96.634 92.771 79.400 76.138 54.004 41.759 26.060 15.282 6.780 0.000 0.000 0.000 0.000 0.000 0.000 6.709 11.286 14.707 21.803
-999.250 -999.250 -999.250 -999.250 -999.250 -999.250 -999.250 -999.250 -999.250 -999.250 -999.250 -999.250 -999.250 -999.250 -999.250 -999.250 -999.250 -999.250 -999.250 -999.250 -999.250 -999.250 -999.250 -999.250 -999.250 -999.250 -999.250 83.683 87.200 97.181 108.378 123.952 129.503 156.704 163.249 162.809 163.415 165.659 170.815 178.518 172.298 169.161 163.127 176.532 163.398 156.927 142.201 130.362 131.358 111.804 103.733 97.715 81.850 62.179 50.633 36.773 22.391 11.318 2.303 0.000 0.000 0.000 0.000 0.000 1.156 7.433 12.069 16.185
-999.250 -999.250 -999.250 -999.250 -999.250 -999.250 -999.250 -999.250 -999.250 -999.250 -999.250 -999.250 -999.250 -999.250 -999.250 -999.250 -999.250 -999.250 -999.250 -999.250 -999.250 -999.250 -999.250 -999.250 -999.250 -999.250 -999.250 -999.250 87.542 94.870 100.387 112.680 121.800 134.324 143.410 151.206 160.324 167.476 170.213 174.977 192.812 173.389 166.928 171.732 161.446 153.972 159.775 138.710 126.812 113.262 99.455 98.175 82.395 77.420 63.798 45.186 28.505 13.538 6.860 0.000 0.000 0.000 0.000 0.000 0.000 3.316 6.661 12.065
-999.250 -999.250 -999.250 -999.250 -999.250 -999.250 -999.250 -999.250 -999.250 -999.250 -999.250 -999.250 -999.250 -999.250 -999.250 -999.250 -999.250 -999.250 -999.250 -999.250 -999.250 -999.250 -999.250 -999.250 -999.250 -999.250 -999.250 -999.250 -999.250 -999.250 90.802 101.284 119.059 132.704 134.411 136.433 156.373 168.139 169.241 178.873 180.813 183.451 180.964 163.776 157.959 167.026 169.961 158.439 147.217 127.381 120.012 121.647 100.256 88.070 74.744 53.664 42.194 20.266 13.460 2.557 0.000 0.000 0.000 0.000 0.000 0.000 0.000 2.566
-999.250 -999.250 -999.250 -999.250 -999.250 -999.250 -999.250 -999.250 -999.250 -999.250 -999.250 -999.250 -999.250 -999.250 -999.250 -999.250 -999.250 -999.250 -999.250 -999.250 -999.250 -999.250 -999.250 -999.250 -999.250 -999.250 -999.250 -999.250 -999.250 -999.250 90.931 92.941 103.504 115.003 112.756 121.835 142.733 146.012 161.376 183.024 173.652 181.632 177.038 173.988 169.608 158.795 168.539 152.291 163.138 140.214 127.002 141.266 116.263 103.144 86.009 72.819 55.060 35.095 18.112 8.326 0.000 0.000 0.000 0.000 0.000 0.000 0.000 0.408
-999.250 -999.250 -999.250 -999.250 -999.250 -999.250 -999.250 -999.250 -999.250 -999.250 -999.250 -999.250 -999.250 -999.250 -999.250 -999.250 -999.250 -999.250 -999.250 -999.250 -999.250 -999.250 -999.250 -999.250 -999.250 -999.250 -999.250 -999.250 -999.250 -999.250 85.287 89.456 96.714 99.734 98.897 111.281 109.771 130.470 148.382 159.504 189.122 179.866 186.881 147.781 168.282 175.676 156.116 164.384 174.438 167.656 163.218 136.745 131.500 132.152 109.246 85.083 64.715 44.135 30.780 12.126 1.428 0.000 0.000 0.000 0.000 0.000 0.000 0.000
-999.250 -999.250 -999.250 -999.250 -999.250 -999.250 -999.250 -999.250 -999.250 -999.250 -999.250 -999.250 -999.250 -999.250 -999.250 -999.250 -999.250 -999.250 -999.250 -999.250 -999.250 -999.250 -999.250 -999.250 -999.250 -999.250 -999.250 -999.250 -999.250 -999.250 -999.250 85.129 83.762 89.587 96.090 102.399 109.851 121.089 143.989 151.563 158.822 162.350 158.914 154.076 157.823 172.477 170.692 177.332 193.214 174.754 174.184 183.282 165.343 148.192 131.755 110.273 80.075 67.734 47.693 24.957 11.976 1.239 0.000 0.000 0.000 0.000 0.000 0.000
-999.250 -999.250 -999.250 -999.250 -999.250 -999.250 -999.250 -999.250 -999.250 -999.250 -999.250 -999.250 -999.250 -999.250 -999.250 -999.250 -999.250 -999.250 -999.250 -999.250 -999.250 -999.250 -999.250 -999.250 -999.250 -999.250 -999.250 -999.250 -999.250 -999.250 76.559 74.115 77.118 82.030 95.311 102.768 98.858 118.744 122.668 144.280 150.909 152.253 160.467 160.113 167.062 195.149 194.951 218.614 223.213 223.824 205.485 203.900 188.214 169.385 163.989 121.971 89.965 79.301 63.827 42.252 19.943 10.370 0.000 0.000 0.000 0.000 0.000 0.000
-999.250 -999.250 -999.250 -999.250 -999.250 -999.250 -999.250 -999.250 -999.250 -999.250 -999.250 -999.250 -999.250 -999.250 -999.250 -999.250 -999.250 -999.250 -999.250 -999.250 -999.250 -999.250 -999.250 -999.250 -999.250 -999.250 -999.250 -999.250 -999.250 -999.250 -999.250 73.938 74.951 80.238 84.278 94.691 108.981 99.823 114.965 114.720 127.908 130.202 152.518 156.562 191.405 202.687 239.932 234.632 224.617 272.115 264.671 229.617 229.691 204.935 182.596 163.346 129.404 102.310 82.233 66.188 33.305 14.681 2.417 0.000 0.000 0.000 0.000 0.000
