data/medianmodel_05-Sep-2020.asc
ncols	141
nrows	288
xllcorner	-120191.398
yllcorner	-301404.813
cellsize	2000.000
NODATA_value	-999.250
[rows 248 to 278 of 288, columns 0 to 68 of 141]
-999.250 -999.250 -999.250 -999.250 -999.250 -999.250 -999.250 -999.250 -999.250 -999.250 -999.250 -999.250 -999.250 -999.250 -999.250 -999.250 -999.250 -999.250 -999.250 -999.250 -999.250 -999.250 -999.250 -999.250 -999.250 -999.250 -999.250 -999.250 -999.250 -999.250 43.903 44.400 47.748 52.042 51.815 56.410 56.528 57.267 57.610 51.289 50.837 49.964 46.038 40.729 32.349 30.545 27.979 24.161 22.729 17.327 10.180 8.537 5.994 2.928 1.459 0.000 0.231 0.814 2.770 6.137 8.859 9.916 10.713 12.268 10.851 12.475 10.155 10.365 10.264
-999.250 -999.250 -999.250 -999.250 -999.250 -999.250 -999.250 -999.250 -999.250 -999.250 -999.250 -999.250 -999.250 -999.250 -999.250 -999.250 -999.250 -999.250 -999.250 -999.250 -999.250 -999.250 -999.250 -999.250 -999.250 -999.250 -999.250 -999.250 -999.250 -999.250 38.658 42.917 45.322 46.796 50.239 53.728 55.224 55.662 57.103 56.590 53.741 52.702 47.082 43.558 33.817 28.563 28.813 22.852 20.993 16.103 12.942 9.443 5.097 0.000 0.000 0.000 0.000 0.000 2.891 4.372 5.209 6.048 8.030 8.863 9.878 10.032 10.544 11.809 12.206
-999.250 -999.250 -999.250 -999.250 -999.250 -999.250 -999.250 -999.250 -999.250 -999.250 -999.250 -999.250 -999.250 -999.250 -999.250 -999.250 -999.250 -999.250 -999.250 -999.250 -999.250 -999.250 -999.250 -999.250 -999.250 -999.250 -999.250 -999.250 -999.250 -999.250 37.508 41.090 41.932 48.674 51.487 56.828 54.999 59.751 60.993 65.475 60.541 53.901 49.200 41.093 35.800 32.734 27.643 23.103 19.076 13.664 7.927 5.199 4.833 0.000 0.000 0.000 0.000 0.000 0.056 0.024 2.808 3.069 4.680 5.287 6.699 8.223 8.676 8.891 12.540
-999.250 -999.250 -999.250 -999.250 -999.250 -999.250 -999.250 -999.250 -999.250 -999.250 -999.250 -999.250 -999.250 -999.250 -999.250 -999.250 -999.250 -999.250 -999.250 -999.250 -999.250 -999.250 -999.250 -999.250 -999.250 -999.250 -999.250 -999.250 -999.250 -999.250 35.823 40.362 40.978 44.133 48.975 52.605 52.532 57.416 64.005 72.824 63.642 54.750 47.507 38.098 35.751 28.940 24.804 21.966 17.860 13.118 9.347 3.385 2.751 0.130 0.000 0.000 0.000 0.000 0.000 0.000 0.377 1.832 1.775 3.703 2.900 5.097 8.345 7.534 11.040
-999.250 -999.250 -999.250 -999.250 -999.250 -999.250 -999.250 -999.250 -999.250 -999.250 -999.250 -999.250 -999.250 -999.250 -999.250 -999.250 -999.250 -999.250 -999.250 -999.250 -999.250 -999.250 -999.250 -999.250 -999.250 -999.250 -999.250 -999.250 -999.250 25.870 29.237 37.308 36.462 41.486 45.987 47.714 51.726 52.854 57.876 60.571 56.888 50.119 45.404 39.846 37.594 28.838 20.314 16.865 14.068 11.554 7.258 4.269 1.025 0.000 0.000 0.000 0.000 0.000 0.000 0.000 0.000 0.402 0.349 0.943 0.897 1.962 5.294 9.470 9.355
-999.250 -999.250 -999.250 -999.250 -999.250 -999.250 -999.250 -999.250 -999.250 -999.250 -999.250 -999.250 -999.250 -999.250 -999.250 -999.250 -999.250 -999.250 -999.250 -999.250 -999.250 -999.250 -999.250 -999.250 -999.250 -999.250 -999.250 -999.250 -999.250 -999.250 27.630 32.521 34.473 41.560 43.896 46.266 49.275 53.139 51.112 53.793 50.668 47.768 41.575 38.492 30.736 24.466 19.007 16.596 12.417 11.096 6.423 4.114 0.000 0.000 0.000 0.000 0.000 0.000 0.000 0.000 0.000 0.000 0.000 0.000 0.000 0.133 5.075 6.963 8.405
-999.250 -999.250 -999.250 -999.250 -999.250 -999.250 -999.250 -999.250 -999.250 -999.250 -999.250 -999.250 -999.250 -999.250 -999.250 -999.250 -999.250 -999.250 -999.250 -999.250 -999.250 -999.250 -999.250 -999.250 -999.250 -999.250 -999.250 -999.250 -999.250 -999.250 28.799 33.200 37.510 37.808 42.961 42.235 47.396 47.514 47.892 47.429 44.103 40.941 39.558 33.632 33.024 25.272 19.655 16.714 11.460 10.074 5.006 3.443 0.000 0.000 0.000 0.000 0.000 0.000 0.000 0.000 0.000 0.000 0.000 0.000 0.000 0.000 1.989 5.105 4.767
-999.250 -999.250 -999.250 -999.250 -999.250 -999.250 -999.250 -999.250 -999.250 -999.250 -999.250 -999.250 -999.250 -999.250 -999.250 -999.250 -999.250 -999.250 -999.250 -999.250 -999.250 -999.250 -999.250 -999.250 -999.250 -999.250 -999.250 -999.250 -999.250 -999.250 -999.250 30.420 39.133 37.645 37.967 40.519 39.123 44.419 42.692 44.407 40.662 34.373 34.007 29.658 30.000 22.447 21.067 15.392 14.792 9.552 6.799 3.280 0.569 0.000 0.000 0.000 0.000 0.000 0.000 0.000 0.000 0.000 0.000 0.000 0.000 0.000 0.253 3.057 4.745
-999.250 -999.250 -999.250 -999.250 -999.250 -999.250 -999.250 -999.250 -999.250 -999.250 -999.250 -999.250 -999.250 -999.250 -999.250 -999.250 -999.250 -999.250 -999.250 -999.250 -999.250 -999.250 -999.250 -999.250 -999.250 -999.250 -999.250 -999.250 -999.250 -999.250 -999.250 28.709 30.608 34.122 36.491 34.644 36.075 40.031 38.290 37.875 35.095 30.172 28.529 26.076 24.505 22.229 18.254 13.575 10.950 7.608 5.376 2.401 0.000 0.000 0.000 0.000 0.000 0.000 0.000 0.000 0.000 0.000 0.000 0.000 0.000 0.000 0.000 2.440 4.051
-999.250 -999.250 -999.250 -999.250 -999.250 -999.250 -999.250 -999.250 -999.250 -999.250 -999.250 -999.250 -999.250 -999.250 -999.250 -999.250 -999.250 -999.250 -999.250 -999.250 -999.250 -999.250 -999.250 -999.250 -999.250 -999.250 -999.250 -999.250 -999.250 -999.250 21.138 25.374 28.109 27.432 29.362 29.014 29.876 29.617 29.341 31.295 30.126 25.430 27.681 23.003 20.793 18.334 15.435 11.870 10.010 4.348 1.916 0.550 0.000 0.000 0.000 0.000 0.000 0.000 0.000 0.000 0.000 0.000 0.000 0.000 0.000 0.000 0.000 2.709 5.282
-999.250 -999.250 -999.250 -999.250 -999.250 -999.250 -999.250 -999.250 -999.250 -999.250 -999.250 -999.250 -999.250 -999.250 -999.250 -999.250 -999.250 -999.250 -999.250 -999.250 -999.250 -999.250 -999.250 -999.250 -999.250 -999.250 -999.250 -999.250 -999.250 -999.250 15.757 16.677 23.707 22.093 24.861 25.203 22.966 24.814 28.450 25.246 24.575 21.618 19.834 21.076 18.672 15.468 12.166 9.862 7.011 2.592 0.000 0.000 0.000 0.000 0.000 0.000 0.000 0.000 0.000 0.000 0.000 0.000 0.000 0.000 0.000 1.284 3.712 3.789 5.466
-999.250 -999.250 -999.250 -999.250 -999.250 -999.250 -999.250 -999.250 -999.250 -999.250 -999.250 -999.250 -999.250 -999.250 -999.250 -999.250 -999.250 -999.250 -999.250 -999.250 -999.250 -999.250 -999.250 -999.250 -999.250 -999.250 -999.250 -999.250 -999.250 -999.250 11.991 17.509 19.156 18.772 18.710 19.168 20.953 21.104 21.027 22.604 20.372 17.860 15.165 14.670 12.653 14.608 10.759 8.274 4.431 2.812 0.831 0.000 0.000 0.000 0.000 0.000 0.000 0.000 0.000 0.000 0.000 0.000 0.000 0.000 2.191 3.947 5.913 6.217 9.570
-999.250 -999.250 -999.250 -999.250 -999.250 -999.250 -999.250 -999.250 -999.250 -999.250 -999.250 -999.250 -999.250 -999.250 -999.250 -999.250 -999.250 -999.250 -999.250 -999.250 -999.250 -999.250 -999.250 -999.250 -999.250 -999.250 -999.250 -999.250 -999.250 -999.250 10.395 9.574 14.912 16.609 13.050 13.923 17.360 17.543 17.678 16.784 17.363 14.324 16.445 11.531 10.461 11.021 8.704 8.721 6.323 1.312 0.737 0.000 0.000 0.000 0.000 0.000 0.000 0.000 0.000 0.000 0.000 0.000 1.900 2.417 5.121 6.993 8.967 7.708 9.842
-999.250 -999.250 -999.250 -999.250 -999.250 -999.250 -999.250 -999.250 -999.250 -999.250 -999.250 -999.250 -999.250 -999.250 -999.250 -999.250 -999.250 -999.250 -999.250 -999.250 -999.250 -999.250 -999.250 -999.250 -999.250 -999.250 -999.250 -999.250 -999.250 -999.250 6.789 6.962 8.742 9.501 9.429 10.476 10.469 12.433 11.907 13.397 11.468 9.245 11.223 7.729 7.829 6.967 7.556 7.387 4.399 0.528 0.000 0.000 0.000 0.000 0.000 0.000 0.000 1.639 0.150 0.779 0.000 3.437 4.091 3.095 6.424 9.492 9.229 10.918 14.803
-999.250 -999.250 -999.250 -999.250 -999.250 -999.250 -999.250 -999.250 -999.250 -999.250 -999.250 -999.250 -999.250 -999.250 -999.250 -999.250 -999.250 -999.250 -999.250 -999.250 -999.250 -999.250 -999.250 -999.250 -999.250 -999.250 -999.250 -999.250 -999.250 -999.250 2.684 3.046 3.834 5.915 4.675 8.443 7.747 9.698 10.811 8.619 8.214 7.566 5.501 4.716 5.727 6.967 6.356 3.775 2.895 2.102 0.000 0.000 0.000 0.000 1.165 2.470 5.272 5.279 3.905 3.447 4.515 6.867 7.469 8.290 10.071 12.193 13.162 12.535 17.470
-999.250 -999.250 -999.250 -999.250 -999.250 -999.250 -999.250 -999.250 -999.250 -999.250 -999.250 -999.250 -999.250 -999.250 -999.250 -999.250 -999.250 -999.250 -999.250 -999.250 -999.250 -999.250 -999.250 -999.250 -999.250 -999.250 -999.250 -999.250 -999.250 2.293 0.950 0.170 0.689 1.587 2.632 2.997 3.775 5.413 5.197 3.833 5.966 4.785 3.971 4.453 5.065 5.825 3.879 3.713 1.076 1.860 0.000 0.000 0.768 1.519 1.656 4.350 5.923 7.632 7.890 8.654 9.596 6.901 12.299 11.323 13.481 15.734 15.070 17.453 19.447
-999.250 -999.250 -999.250 -999.250 -999.250 -999.250 -999.250 -999.250 -999.250 -999.250 -999.250 -999.250 -999.250 -999.250 -999.250 -999.250 -999.250 -999.250 -999.250 -999.250 -999.250 -999.250 -999.250 -999.250 -999.250 -999.250 -999.250 -999.250 -999.250 0.000 0.000 0.000 0.000 0.000 0.756 0.000 0.960 1.787 2.090 2.185 0.887 2.649 1.296 3.310 4.169 1.790 3.368 1.121 0.864 0.606 2.211 2.234 1.595 1.266 4.588 4.500 6.552 6.935 9.618 11.926 12.837 10.881 13.448 14.707 17.358 17.749 18.820 21.908 21.821
-999.250 -999.250 -999.250 -999.250 -999.250 -999.250 -999.250 -999.250 -999.250 -999.250 -999.250 -999.250 -999.250 -999.250 -999.250 -999.250 -999.250 -999.250 -999.250 -999.250 -999.250 -999.250 -999.250 -999.250 -999.250 -999.250 -999.250 -999.250 0.528 0.000 0.000 0.000 0.000 0.000 0.000 0.000 0.000 0.000 0.000 0.000 0.000 0.460 0.105 0.553 2.361 0.728 1.494 0.885 0.803 1.802 3.103 2.943 2.255 5.495 6.668 8.515 8.449 9.220 9.816 12.090 14.180 15.452 18.628 16.311 17.951 22.621 24.030 22.038 22.953
-999.250 -999.250 -999.250 -999.250 -999.250 -999.250 -999.250 -999.250 -999.250 -999.250 -999.250 -999.250 -999.250 -999.250 -999.250 -999.250 -999.250 -999.250 -999.250 -999.250 -999.250 -999.250 -999.250 -999.250 -999.250 -999.250 -999.250 -999.250 0.000 0.000 0.000 0.000 0.000 0.000 0.000 0.000 0.000 0.000 0.000 0.000 0.000 0.000 0.000 0.000 0.000 0.377 0.000 0.308 2.949 3.681 3.000 4.738 6.344 8.680 10.401 12.154 14.383 14.736 17.474 17.996 19.016 20.647 21.985 25.662 26.070 28.091 26.309 27.553 25.961
-999.250 -999.250 -999.250 -999.250 -999.250 -999.250 -999.250 -999.250 -999.250 -999.250 -999.250 -999.250 -999.250 -999.250 -999.250 -999.250 -999.250 -999.250 -999.250 -999.250 -999.250 -999.250 -999.250 -999.250 -999.250 -999.250 -999.250 2.531 0.000 0.000 0.000 0.000 0.000 0.000 0.000 0.000 0.000 0.000 0.000 0.000 0.000 0.000 0.000 0.000 0.000 0.199 0.000 2.641 2.887 3.780 5.588 6.659 8.614 12.545 11.943 16.087 16.835 17.473 20.852 25.141 22.669 27.590 32.167 31.759 29.264 34.454 32.175 26.175 27.642
-999.250 -999.250 -999.250 -999.250 -999.250 -999.250 -999.250 -999.250 -999.250 -999.250 -999.250 -999.250 -999.250 -999.250 -999.250 -999.250 -999.250 -999.250 -999.250 -999.250 -999.250 -999.250 -999.250 -999.250 -999.250 -999.250 -999.250 2.198 0.000 0.000 0.000 0.000 0.000 0.000 0.000 0.000 0.000 0.000 0.000 0.000 0.000 0.000 0.000 0.000 0.000 0.012 0.525 1.482 5.471 8.492 7.303 7.053 8.526 13.086 13.996 13.830 20.486 24.957 26.698 31.019 31.292 32.004 35.204 38.893 39.885 40.810 38.111 35.239 32.627
-999.250 -999.250 -999.250 -999.250 -999.250 -999.250 -999.250 -999.250 -999.250 -999.250 -999.250 -999.250 -999.250 -999.250 -999.250 -999.250 -999.250 -999.250 -999.250 -999.250 -999.250 -999.250 -999.250 -999.250 -999.250 -999.250 -999.250 2.772 1.284 0.000 0.000 0.000 0.000 0.000 0.000 0.000 0.000 0.000 0.000 0.000 0.000 0.000 0.000 0.000 0.000 1.166 1.799 3.248 6.155 8.813 9.998 10.712 14.003 17.799 19.111 21.488 26.373 28.552 29.801 35.135 30.656 34.271 39.820 42.111 44.923 45.105 40.677 40.734 38.300
-999.250 -999.250 -999.250 -999.250 -999.250 -999.250 -999.250 -999.250 -999.250 -999.250 -999.250 -999.250 -999.250 -999.250 -999.250 -999.250 -999.250 -999.250 -999.250 -999.250 -999.250 -999.250 -999.250 -999.250 -999.250 -999.250 -999.250 5.269 1.771 0.015 0.000 0.000 0.000 0.000 0.000 0.000 0.000 0.000 0.000 0.000 0.000 0.000 0.000 0.000 1.183 1.038 4.803 5.230 8.137 8.369 12.367 14.980 18.844 20.325 23.917 26.116 29.578 31.307 37.942 42.508 43.805 44.974 46.966 43.343 46.506 46.852 45.134 40.615 36.696
-999.250 -999.250 -999.250 -999.250 -999.250 -999.250 -999.250 -999.250 -999.250 -999.250 -999.250 -999.250 -999.250 -999.250 -999.250 -999.250 -999.250 -999.250 -999.250 -999.250 -999.250 -999.250 -999.250 -999.250 -999.250 -999.250 -999.250 7.108 6.099 4.132 1.109 0.000 0.000 0.000 0.398 0.000 0.000 0.000 0.938 1.242 0.307 0.512 1.088 2.807 1.684 4.215 4.440 6.913 9.740 12.082 14.314 18.405 21.219 25.565 30.268 28.915 37.412 37.579 37.945 44.346 50.261 47.182 49.518 49.141 48.143 45.891 45.254 42.967 39.582
-999.250 -999.250 -999.250 -999.250 -999.250 -999.250 -999.250 -999.250 -999.250 -999.250 -999.250 -999.250 -999.250 -999.250 -999.250 -999.250 -999.250 -999.250 -999.250 -999.250 -999.250 -999.250 -999.250 -999.250 -999.250 -999.250 -999.250 11.291 9.857 7.905 5.734 3.864 1.602 2.142 2.583 1.206 0.814 1.210 2.564 4.018 3.211 3.268 3.843 4.205 4.653 4.697 7.072 7.762 10.003 13.182 13.403 18.417 23.093 27.652 31.381 38.174 40.911 42.579 46.141 48.417 49.686 50.346 52.269 53.736 54.507 51.414 46.242 41.606 45.994
-999.250 -999.250 -999.250 -999.250 -999.250 -999.250 -999.250 -999.250 -999.250 -999.250 -999.250 -999.250 -999.250 -999.250 -999.250 -999.250 -999.250 -999.250 -999.250 -999.250 -999.250 -999.250 -999.250 -999.250 -999.250 -999.250 16.343 15.677 11.625 9.844 9.614 6.911 5.177 3.817 3.330 5.289 4.566 6.308 6.702 6.704 7.800 8.867 7.000 6.708 5.684 7.299 10.589 10.334 11.216 14.330 16.192 18.290 23.009 25.989 34.189 37.755 43.875 45.334 49.555 55.359 53.182 56.778 55.466 55.940 57.513 54.287 50.570 46.279 45.742
-999.250 -999.250 -999.250 -999.250 -999.250 -999.250 -999.250 -999.250 -999.250 -999.250 -999.250 -999.250 -999.250 -999.250 -999.250 -999.250 -999.250 -999.250 -999.250 -999.250 -999.250 -999.250 -999.250 -999.250 -999.250 -999.250 23.564 20.644 16.630 15.337 10.683 10.500 8.431 7.021 7.856 8.204 6.688 7.076 7.999 9.670 11.354 12.776 12.533 8.157 9.933 11.741 11.851 10.836 11.677 14.303 15.476 19.527 22.248 27.815 32.100 41.082 44.646 50.772 51.722 57.361 64.793 64.351 67.254 65.148 60.011 53.774 51.857 47.364 45.991
-999.250 -999.250 -999.250 -999.250 -999.250 -999.250 -999.250 -999.250 -999.250 -999.250 -999.250 -999.250 -999.250 -999.250 -999.250 -999.250 -999.250 -999.250 -999.250 -999.250 -999.250 -999.250 -999.250 -999.250 -999.250 27.276 29.531 26.790 20.726 17.944 15.032 13.309 11.130 10.768 11.187 10.788 10.078 11.166 10.854 11.354 15.817 19.826 15.256 13.284 13.415 12.010 13.057 14.199 13.297 15.408 16.355 19.802 22.501 27.161 37.233 40.166 45.143 50.144 55.264 58.843 63.538 67.918 70.123 68.198 60.046 54.152 51.342 49.214 44.893
-999.250 -999.250 -999.250 -999.250 -999.250 -999.250 -999.250 -999.250 -999.250 -999.250 -999.250 -999.250 -999.250 -999.250 -999.250 -999.250 -999.250 -999.250 -999.250 -999.250 -999.250 -999.250 -999.250 -999.250 -999.250 35.325 31.711 27.065 25.399 20.802 18.263 17.159 15.726 15.145 16.409 14.000 12.466 12.800 11.538 14.162 16.368 17.804 18.309 16.301 16.159 15.704 15.753 15.453 15.823 17.392 19.453 20.283 25.903 29.066 34.927 38.563 39.195 49.826 52.918 63.774 69.757 75.179 77.545 74.940 63.224 56.328 48.188 46.754 45.155
-999.250 -999.250 -999.250 -999.250 -999.250 -999.250 -999.250 -999.250 -999.250 -999.250 -999.250 -999.250 -999.250 -999.250 -999.250 -999.250 -999.250 -999.250 -999.250 -999.250 -999.250 -999.250 -999.250 -999.250 -999.250 44.895 42.287 37.979 29.663 26.415 24.732 20.761 20.965 18.540 17.967 17.023 12.475 13.857 13.749 15.854 17.579 17.477 18.184 19.238 19.669 19.940 19.330 19.366 17.252 17.234 22.084 21.301 25.516 31.165 34.033 39.149 44.337 51.116 51.965 63.004 69.822 77.613 85.884 73.789 61.970 55.195 49.768 46.671 44.070
-999.250 -999.250 -999.250 -999.250 -999.250 -999.250 -999.250 -999.250 -999.250 -999.250 -999.250 -999.250 -999.250 -999.250 -999.250 -999.250 -999.250 -999.250 -999.250 -999.250 -999.250 -999.250 -999.250 -999.250 50.069 49.909 46.881 43.084 39.219 32.742 28.132 26.982 23.386 21.709 19.378 19.672 17.912 17.170 17.204 16.747 19.500 19.865 17.897 17.886 22.167 20.727 26.360 22.349 20.534 20.127 22.305 20.828 26.335 32.100 38.775 43.978 47.082 51.447 55.540 59.506 67.744 74.583 77.475 73.291 62.325 57.363 50.457 46.329 39.052
