data/medianmodel_02-Sep-2020.asc
ncols	141
nrows	288
xllcorner	-120191.398
yllcorner	-301404.813
cellsize	2000.000
NODATA_value	-999.250
[rows 248 to 278 of 288, columns 0 to 68 of 141]
-999.250 -999.250 -999.250 -999.250 -999.250 -999.250 -999.250 -999.250 -999.250 -999.250 -999.250 -999.250 -999.250 -999.250 -999.250 -999.250 -999.250 -999.250 -999.250 -999.250 -999.250 -999.250 -999.250 -999.250 -999.250 -999.250 -999.250 -999.250 -999.250 -999.250 7.969 9.917 11.464 12.350 11.163 16.186 17.419 16.925 17.787 19.720 16.131 15.335 14.000 10.970 8.143 7.362 5.752 4.425 2.408 0.000 0.000 0.000 0.000 0.000 0.000 0.000 0.000 3.749 5.792 7.771 11.774 13.575 13.553 13.742 12.245 10.966 10.309 10.597 9.460
-999.250 -999.250 -999.250 -999.250 -999.250 -999.250 -999.250 -999.250 -999.250 -999.250 -999.250 -999.250 -999.250 -999.250 -999.250 -999.250 -999.250 -999.250 -999.250 -999.250 -999.250 -999.250 -999.250 -999.250 -999.250 -999.250 -999.250 -999.250 -999.250 -999.250 8.273 9.889 10.701 12.688 14.736 16.075 17.414 18.208 17.641 20.725 17.288 15.152 12.742 12.701 8.524 6.983 6.335 2.292 2.980 0.000 0.000 0.000 0.000 0.000 0.000 0.000 0.000 0.189 3.623 4.587 6.828 8.998 8.420 10.410 11.026 9.232 8.024 8.914 8.406
-999.250 -999.250 -999.250 -999.250 -999.250 -999.250 -999.250 -999.250 -999.250 -999.250 -999.250 -999.250 -999.250 -999.250 -999.250 -999.250 -999.250 -999.250 -999.250 -999.250 -999.250 -999.250 -999.250 -999.250 -999.250 -999.250 -999.250 -999.250 -999.250 -999.250 9.644 9.186 11.339 12.314 13.029 17.488 18.011 17.523 19.891 21.634 19.135 19.221 15.228 10.382 9.494 5.766 5.077 3.313 0.316 0.000 0.000 0.000 0.000 0.000 0.000 0.000 0.000 0.000 1.781 1.344 3.576 5.011 6.681 6.533 8.111 7.955 7.818 6.624 6.194
-999.250 -999.250 -999.250 -999.250 -999.250 -999.250 -999.250 -999.250 -999.250 -999.250 -999.250 -999.250 -999.250 -999.250 -999.250 -999.250 -999.250 -999.250 -999.250 -999.250 -999.250 -999.250 -999.250 -999.250 -999.250 -999.250 -999.250 -999.250 -999.250 -999.250 7.436 9.459 11.052 11.043 14.285 14.819 18.244 17.676 21.826 28.321 20.876 16.669 13.361 9.980 6.791 5.122 4.995 1.896 0.042 0.000 0.000 0.000 0.000 0.000 0.000 0.000 0.000 0.000 0.000 0.116 1.965 1.134 3.835 3.820 5.013 4.381 4.951 6.073 5.536
-999.250 -999.250 -999.250 -999.250 -999.250 -999.250 -999.250 -999.250 -999.250 -999.250 -999.250 -999.250 -999.250 -999.250 -999.250 -999.250 -999.250 -999.250 -999.250 -999.250 -999.250 -999.250 -999.250 -999.250 -999.250 -999.250 -999.250 -999.250 -999.250 6.477 7.996 8.310 9.296 10.734 10.764 10.876 13.025 14.923 19.212 21.426 20.144 13.373 12.607 8.706 8.111 5.497 2.919 0.774 0.000 0.000 0.000 0.000 0.000 0.000 0.000 0.000 0.000 0.000 0.000 0.000 0.000 0.135 0.188 1.539 2.036 3.077 5.608 5.363 5.096
-999.250 -999.250 -999.250 -999.250 -999.250 -999.250 -999.250 -999.250 -999.250 -999.250 -999.250 -999.250 -999.250 -999.250 -999.250 -999.250 -999.250 -999.250 -999.250 -999.250 -999.250 -999.250 -999.250 -999.250 -999.250 -999.250 -999.250 -999.250 -999.250 -999.250 6.386 7.997 7.935 9.397 10.843 9.629 8.661 12.401 15.404 15.869 15.766 12.064 11.946 9.116 8.071 5.098 4.626 1.384 0.000 0.000 0.000 0.000 0.000 0.000 0.000 0.000 0.000 0.000 0.000 0.000 0.000 0.000 0.000 0.000 0.000 0.000 0.355 3.821 2.891
-999.250 -999.250 -999.250 -999.250 -999.250 -999.250 -999.250 -999.250 -999.250 -999.250 -999.250 -999.250 -999.250 -999.250 -999.250 -999.250 -999.250 -999.250 -999.250 -999.250 -999.250 -999.250 -999.250 -999.250 -999.250 -999.250 -999.250 -999.250 -999.250 -999.250 4.777 6.326 6.061 7.757 7.293 8.235 8.122 11.093 11.534 12.931 11.140 9.800 8.671 7.257 6.836 3.545 3.240 0.016 0.000 0.000 0.000 0.000 0.000 0.000 0.000 0.000 0.000 0.000 0.000 0.000 0.000 0.000 0.000 0.000 0.000 0.000 0.000 0.000 1.993
-999.250 -999.250 -999.250 -999.250 -999.250 -999.250 -999.250 -999.250 -999.250 -999.250 -999.250 -999.250 -999.250 -999.250 -999.250 -999.250 -999.250 -999.250 -999.250 -999.250 -999.250 -999.250 -999.250 -999.250 -999.250 -999.250 -999.250 -999.250 -999.250 -999.250 -999.250 4.716 3.797 5.588 8.092 6.629 6.889 7.746 9.179 8.408 9.593 8.394 6.771 6.043 5.150 2.095 0.125 0.000 0.000 0.000 0.000 0.000 0.000 0.000 0.000 0.000 0.000 0.000 0.000 0.000 0.000 0.000 0.000 0.000 0.000 0.000 0.000 0.000 0.000
-999.250 -999.250 -999.250 -999.250 -999.250 -999.250 -999.250 -999.250 -999.250 -999.250 -999.250 -999.250 -999.250 -999.250 -999.250 -999.250 -999.250 -999.250 -999.250 -999.250 -999.250 -999.250 -999.250 -999.250 -999.250 -999.250 -999.250 -999.250 -999.250 -999.250 -999.250 4.003 3.168 3.520 4.024 4.460 4.901 5.416 7.254 6.794 6.594 6.366 5.729 4.417 4.342 1.971 0.558 0.000 0.000 0.000 0.000 0.000 0.000 0.000 0.000 0.000 0.000 0.000 0.000 0.000 0.000 0.000 0.000 0.000 0.000 0.000 0.000 0.000 0.000
-999.250 -999.250 -999.250 -999.250 -999.250 -999.250 -999.250 -999.250 -999.250 -999.250 -999.250 -999.250 -999.250 -999.250 -999.250 -999.250 -999.250 -999.250 -999.250 -999.250 -999.250 -999.250 -999.250 -999.250 -999.250 -999.250 -999.250 -999.250 -999.250 -999.250 1.323 1.170 1.793 1.625 2.131 2.926 4.587 4.567 4.636 4.556 4.218 4.026 3.465 3.497 3.509 0.116 0.000 0.000 0.000 0.000 0.000 0.000 0.000 0.000 0.000 0.000 0.000 0.000 0.000 0.000 0.000 0.000 0.000 0.000 0.000 0.000 0.000 0.000 0.000
-999.250 -999.250 -999.250 -999.250 -999.250 -999.250 -999.250 -999.250 -999.250 -999.250 -999.250 -999.250 -999.250 -999.250 -999.250 -999.250 -999.250 -999.250 -999.250 -999.250 -999.250 -999.250 -999.250 -999.250 -999.250 -999.250 -999.250 -999.250 -999.250 -999.250 0.000 0.000 0.000 0.000 0.953 0.617 1.397 2.732 3.800 0.983 0.798 2.131 1.118 0.306 0.000 0.000 0.000 0.000 0.000 0.000 0.000 0.000 0.000 0.000 0.000 0.000 0.000 0.000 0.000 0.000 0.000 0.000 0.000 0.000 0.000 0.000 0.000 0.000 0.000
-999.250 -999.250 -999.250 -999.250 -999.250 -999.250 -999.250 -999.250 -999.250 -999.250 -999.250 -999.250 -999.250 -999.250 -999.250 -999.250 -999.250 -999.250 -999.250 -999.250 -999.250 -999.250 -999.250 -999.250 -999.250 -999.250 -999.250 -999.250 -999.250 -999.250 0.000 0.000 0.000 0.000 0.000 0.000 0.000 0.000 0.000 0.831 1.119 0.326 0.000 0.000 0.000 0.000 0.000 0.000 0.000 0.000 0.000 0.000 0.000 0.000 0.000 0.000 0.000 0.000 0.000 0.000 0.000 0.000 0.000 0.000 0.000 0.000 0.000 0.000 0.000
-999.250 -999.250 -999.250 -999.250 -999.250 -999.250 -999.250 -999.250 -999.250 -999.250 -999.250 -999.250 -999.250 -999.250 -999.250 -999.250 -999.250 -999.250 -999.250 -999.250 -999.250 -999.250 -999.250 -999.250 -999.250 -999.250 -999.250 -999.250 -999.250 -999.250 0.000 0.000 0.000 0.000 0.000 0.000 0.000 0.000 0.000 0.000 0.000 0.001 0.000 0.000 0.000 0.000 0.000 0.000 0.000 0.000 0.000 0.000 0.000 0.000 0.000 0.000 0.000 0.000 0.000 0.000 0.000 0.000 0.000 0.000 0.334 0.000 0.000 0.000 0.000
-999.250 -999.250 -999.250 -999.250 -999.250 -999.250 -999.250 -999.250 -999.250 -999.250 -999.250 -999.250 -999.250 -999.250 -999.250 -999.250 -999.250 -999.250 -999.250 -999.250 -999.250 -999.250 -999.250 -999.250 -999.250 -999.250 -999.250 -999.250 -999.250 -999.250 0.000 0.000 0.000 0.000 0.000 0.000 0.000 0.000 0.000 0.000 0.000 0.000 0.000 0.000 0.000 0.000 0.000 0.000 0.000 0.000 0.000 0.000 0.000 0.000 0.000 0.000 0.440 0.157 0.979 0.607 2.338 0.113 2.577 3.567 1.907 4.237 1.870 1.428 1.567
-999.250 -999.250 -999.250 -999.250 -999.250 -999.250 -999.250 -999.250 -999.250 -999.250 -999.250 -999.250 -999.250 -999.250 -999.250 -999.250 -999.250 -999.250 -999.250 -999.250 -999.250 -999.250 -999.250 -999.250 -999.250 -999.250 -999.250 -999.250 -999.250 -999.250 0.000 0.000 0.000 0.000 0.000 0.000 0.000 0.000 0.000 0.000 0.000 0.000 0.000 0.000 0.000 0.000 0.000 0.000 0.000 0.000 0.000 0.032 0.000 0.000 0.455 2.844 2.367 1.656 3.658 3.926 4.027 3.962 4.730 4.696 3.140 5.900 4.246 5.474 4.450
-999.250 -999.250 -999.250 -999.250 -999.250 -999.250 -999.250 -999.250 -999.250 -999.250 -999.250 -999.250 -999.250 -999.250 -999.250 -999.250 -999.250 -999.250 -999.250 -999.250 -999.250 -999.250 -999.250 -999.250 -999.250 -999.250 -999.250 -999.250 -999.250 0.000 0.000 0.000 0.000 0.000 0.000 0.000 0.000 0.000 0.000 0.000 0.000 0.000 0.000 0.000 0.000 0.000 0.000 0.000 0.000 0.000 0.000 0.789 1.137 1.466 1.912 1.239 3.745 3.779 5.524 7.093 6.556 6.938 8.184 9.500 8.851 10.412 8.549 8.504 7.827
-999.250 -999.250 -999.250 -999.250 -999.250 -999.250 -999.250 -999.250 -999.250 -999.250 -999.250 -999.250 -999.250 -999.250 -999.250 -999.250 -999.250 -999.250 -999.250 -999.250 -999.250 -999.250 -999.250 -999.250 -999.250 -999.250 -999.250 -999.250 -999.250 0.000 0.000 0.000 0.000 0.000 0.000 0.000 0.000 0.000 0.000 0.000 0.000 0.000 0.000 0.000 0.000 0.000 0.000 0.000 0.000 0.623 1.759 4.548 3.343 5.715 5.240 5.705 6.652 6.773 7.042 10.491 12.447 11.128 11.725 12.642 12.297 11.090 11.559 12.512 10.167
-999.250 -999.250 -999.250 -999.250 -999.250 -999.250 -999.250 -999.250 -999.250 -999.250 -999.250 -999.250 -999.250 -999.250 -999.250 -999.250 -999.250 -999.250 -999.250 -999.250 -999.250 -999.250 -999.250 -999.250 -999.250 -999.250 -999.250 -999.250 0.000 0.000 0.000 0.000 0.000 0.000 0.000 0.000 0.000 0.000 0.000 0.000 0.000 0.000 0.000 0.000 0.000 0.000 0.000 0.000 1.293 2.900 3.598 6.122 6.859 7.096 7.228 9.253 10.299 9.806 12.626 14.426 16.914 18.710 16.859 18.059 18.779 16.545 17.094 18.454 13.269
-999.250 -999.250 -999.250 -999.250 -999.250 -999.250 -999.250 -999.250 -999.250 -999.250 -999.250 -999.250 -999.250 -999.250 -999.250 -999.250 -999.250 -999.250 -999.250 -999.250 -999.250 -999.250 -999.250 -999.250 -999.250 -999.250 -999.250 -999.250 0.000 0.000 0.000 0.000 0.000 0.000 0.000 0.000 0.000 0.000 0.000 0.000 0.000 0.000 0.000 0.000 0.000 0.000 0.755 0.778 3.020 5.148 5.271 7.147 8.789 10.702 11.601 13.852 13.428 13.967 17.492 19.020 25.025 22.478 21.558 25.454 23.009 20.651 20.845 19.280 17.953
-999.250 -999.250 -999.250 -999.250 -999.250 -999.250 -999.250 -999.250 -999.250 -999.250 -999.250 -999.250 -999.250 -999.250 -999.250 -999.250 -999.250 -999.250 -999.250 -999.250 -999.250 -999.250 -999.250 -999.250 -999.250 -999.250 -999.250 0.000 0.000 0.000 0.000 0.000 0.000 0.000 0.000 0.000 0.000 0.000 0.000 0.000 0.000 0.000 0.000 0.000 0.000 0.467 3.737 4.123 6.309 6.742 7.039 9.905 13.117 14.921 16.783 17.449 20.483 22.256 24.690 27.281 27.628 27.874 28.276 30.862 28.510 26.257 22.621 22.950 19.801
-999.250 -999.250 -999.250 -999.250 -999.250 -999.250 -999.250 -999.250 -999.250 -999.250 -999.250 -999.250 -999.250 -999.250 -999.250 -999.250 -999.250 -999.250 -999.250 -999.250 -999.250 -999.250 -999.250 -999.250 -999.250 -999.250 -999.250 1.393 0.000 0.000 0.000 0.000 0.000 0.000 0.000 0.000 0.000 0.000 0.000 0.000 0.000 0.000 0.000 0.000 0.755 4.446 5.664 6.793 6.661 8.088 10.575 14.157 15.880 16.586 18.620 20.864 24.847 24.077 27.940 32.907 33.280 34.101 34.880 34.296 34.755 30.889 26.359 26.124 23.819
-999.250 -999.250 -999.250 -999.250 -999.250 -999.250 -999.250 -999.250 -999.250 -999.250 -999.250 -999.250 -999.250 -999.250 -999.250 -999.250 -999.250 -999.250 -999.250 -999.250 -999.250 -999.250 -999.250 -999.250 -999.250 -999.250 -999.250 2.495 0.714 0.000 0.000 0.000 0.000 0.000 0.000 0.000 0.000 0.000 0.000 0.000 0.000 0.000 1.179 0.974 3.220 6.608 7.334 8.083 8.277 10.814 12.879 17.621 19.681 20.421 23.159 24.508 26.428 28.459 31.569 36.752 36.330 36.901 36.096 34.795 35.617 31.463 29.699 29.209 28.158
-999.250 -999.250 -999.250 -999.250 -999.250 -999.250 -999.250 -999.250 -999.250 -999.250 -999.250 -999.250 -999.250 -999.250 -999.250 -999.250 -999.250 -999.250 -999.250 -999.250 -999.250 -999.250 -999.250 -999.250 -999.250 -999.250 -999.250 5.617 2.731 1.165 0.000 0.000 0.000 0.000 0.000 0.000 0.000 0.000 0.121 0.684 0.343 0.012 1.689 5.123 5.343 7.441 8.931 8.692 11.704 14.220 16.735 19.923 19.960 23.740 26.088 29.016 31.656 31.872 34.708 37.956 41.418 44.825 43.500 37.508 37.410 38.007 32.787 33.166 31.105
-999.250 -999.250 -999.250 -999.250 -999.250 -999.250 -999.250 -999.250 -999.250 -999.250 -999.250 -999.250 -999.250 -999.250 -999.250 -999.250 -999.250 -999.250 -999.250 -999.250 -999.250 -999.250 -999.250 -999.250 -999.250 -999.250 -999.250 8.017 7.469 3.712 0.814 0.000 0.000 0.000 0.000 0.000 0.000 0.947 1.940 2.574 3.308 2.655 4.966 4.728 6.828 8.248 8.921 10.006 11.120 14.195 17.757 20.507 24.862 26.234 30.069 29.812 36.029 37.111 39.229 45.327 49.939 50.090 46.450 44.999 39.907 38.050 37.309 36.384 34.131
-999.250 -999.250 -999.250 -999.250 -999.250 -999.250 -999.250 -999.250 -999.250 -999.250 -999.250 -999.250 -999.250 -999.250 -999.250 -999.250 -999.250 -999.250 -999.250 -999.250 -999.250 -999.250 -999.250 -999.250 -999.250 -999.250 -999.250 11.216 9.814 7.165 5.775 3.659 3.618 0.883 1.490 2.907 2.972 6.114 5.859 5.589 6.656 7.214 6.572 7.583 8.395 8.785 11.346 11.663 14.150 16.993 18.977 24.346 28.154 30.648 33.154 35.597 37.083 43.047 47.034 48.521 56.933 55.180 54.332 48.362 47.039 43.104 44.403 40.542 40.005
-999.250 -999.250 -999.250 -999.250 -999.250 -999.250 -999.250 -999.250 -999.250 -999.250 -999.250 -999.250 -999.250 -999.250 -999.250 -999.250 -999.250 -999.250 -999.250 -999.250 -999.250 -999.250 -999.250 -999.250 -999.250 -999.250 17.089 16.318 10.248 9.602 7.769 6.199 4.419 4.433 3.888 4.528 5.898 6.745 8.239 9.243 11.797 10.593 9.662 10.457 9.688 9.753 12.257 15.722 17.745 19.565 23.525 27.769 29.374 31.796 34.640 37.820 40.412 44.742 46.118 50.379 58.458 59.909 58.798 59.594 56.782 50.126 49.681 44.812 41.056
-999.250 -999.250 -999.250 -999.250 -999.250 -999.250 -999.250 -999.250 -999.250 -999.250 -999.250 -999.250 -999.250 -999.250 -999.250 -999.250 -999.250 -999.250 -999.250 -999.250 -999.250 -999.250 -999.250 -999.250 -999.250 -999.250 20.143 20.740 16.408 16.176 10.711 10.188 7.483 6.631 7.190 6.025 6.246 8.239 8.367 11.690 15.025 17.169 16.337 14.035 12.365 13.483 15.820 17.890 19.582 22.312 24.811 28.280 32.705 33.792 37.042 39.748 41.866 49.059 51.019 57.393 57.817 63.225 60.462 60.599 55.333 53.108 54.037 49.354 42.647
-999.250 -999.250 -999.250 -999.250 -999.250 -999.250 -999.250 -999.250 -999.250 -999.250 -999.250 -999.250 -999.250 -999.250 -999.250 -999.250 -999.250 -999.250 -999.250 -999.250 -999.250 -999.250 -999.250 -999.250 -999.250 29.958 27.588 23.915 20.623 16.356 14.261 13.206 11.631 9.729 9.101 9.136 9.538 9.505 11.345 12.661 17.383 23.431 19.209 18.025 15.334 15.323 16.462 20.120 24.016 24.624 27.048 31.516 33.930 36.557 37.546 41.276 47.587 48.786 53.249 59.127 63.743 64.632 66.958 61.011 60.903 58.008 53.105 46.752 42.934
-999.250 -999.250 -999.250 -999.250 -999.250 -999.250 -999.250 -999.250 -999.250 -999.250 -999.250 -999.250 -999.250 -999.250 -999.250 -999.250 -999.250 -999.250 -999.250 -999.250 -999.250 -999.250 -999.250 -999.250 -999.250 33.941 35.123 28.378 26.229 21.614 18.123 16.632 14.223 12.975 11.939 10.184 10.231 11.130 12.997 14.672 18.468 20.013 19.906 18.433 17.108 16.543 19.174 23.232 25.138 28.167 30.629 33.212 34.263 35.535 37.620 43.911 44.882 49.123 54.271 61.938 62.878 67.195 71.395 65.355 59.903 59.952 55.568 48.551 43.323
-999.250 -999.250 -999.250 -999.250 -999.250 -999.250 -999.250 -999.250 -999.250 -999.250 -999.250 -999.250 -999.250 -999.250 -999.250 -999.250 -999.250 -999.250 -999.250 -999.250 -999.250 -999.250 -999.250 -999.250 -999.250 41.153 41.173 34.152 32.150 26.177 20.776 19.474 17.195 15.163 13.997 12.522 12.384 12.227 11.704 13.511 17.685 19.091 18.982 17.882 19.375 19.306 22.395 22.356 25.978 31.750 35.886 35.053 34.811 38.288 39.226 43.080 43.694 50.643 55.956 57.055 63.385 73.891 81.517 66.313 62.337 55.562 50.234 48.568 40.199
-999.250 -999.250 -999.250 -999.250 -999.250 -999.250 -999.250 -999.250 -999.250 -999.250 -999.250 -999.250 -999.250 -999.250 -999.250 -999.250 -999.250 -999.250 -999.250 -999.250 -999.250 -999.250 -999.250 -999.250 48.277 49.646 47.989 40.797 37.563 31.014 28.852 23.310 22.082 20.185 15.563 16.209 14.278 12.837 14.104 18.115 17.452 18.270 17.669 18.951 19.750 20.482 26.360 23.908 23.740 29.299 31.212 35.199 34.948 36.311 40.781 43.226 45.207 46.283 53.242 57.952 61.329 66.877 68.034 63.416 60.924 55.752 48.296 44.210 37.962
