data/medianmodel_27-Jan-2021.asc
ncols	141
nrows	288
xllcorner	-120191.398
yllcorner	-301404.813
cellsize	2000.000
NODATA_value	-999.250
[rows 56 to 83 of 288, columns 63 to 125 of 141]
1414.147 1534.644 1620.956 1636.554 1520.808 1399.587 1314.759 1292.604 1328.186 1459.543 1608.373 1788.210 1939.608 1994.686 2116.548 2206.700 2193.121 1939.134 1704.602 1325.264 1044.257 1714.107 2309.659 2933.750 3171.900 3727.638 3916.488 4008.901 3620.236 3216.925 2939.465 2757.625 2598.095 2312.382 2212.923 1946.722 1930.331 1833.958 1770.527 1528.207 1293.081 1131.579 1008.260 971.660 1004.184 995.880 1056.261 1100.755 1155.738 1211.543 1233.336 1260.309 1288.609 1330.561 -999.250 -999.250 -999.250 -999.250 -999.250 -999.250 -999.250 -999.250 -999.250
1476.841 1605.798 1658.075 1640.458 1546.582 1469.863 1458.260 1493.170 1531.646 1684.726 1783.491 1889.275 1968.243 2156.237 2330.106 2460.344 2582.770 2247.806 1861.835 1668.323 1635.041 2011.792 2548.371 3130.481 3456.582 3944.819 4339.592 3905.221 3806.958 3286.060 3185.697 3042.451 2788.044 2515.083 2346.690 2092.215 1970.646 1889.206 1968.322 1652.936 1403.947 1235.867 1123.666 1051.923 1068.735 1072.258 1161.164 1135.419 1190.729 1219.387 1268.752 1233.633 1212.856 1298.222 -999.250 -999.250 -999.250 -999.250 -999.250 -999.250 -999.250 -999.250 -999.250
1474.816 1615.946 1660.701 1684.611 1591.258 1568.923 1591.828 1641.812 1693.395 1781.264 1918.370 2059.242 2179.385 2298.487 2366.969 2560.561 2609.749 2350.498 2142.013 1984.966 2112.482 2477.522 2805.782 3303.924 3926.549 4308.674 4409.807 4041.663 3933.972 3697.464 3297.401 3095.192 2920.747 2635.458 2262.564 2123.837 1891.733 1838.788 1796.647 1601.429 1437.008 1279.047 1133.894 1158.303 1160.340 1175.506 1127.973 1165.872 1243.037 1270.431 1267.480 1299.709 1310.533 1348.261 -999.250 -999.250 -999.250 -999.250 -999.250 -999.250 -999.250 -999.250 -999.250
1470.661 1568.874 1619.068 1685.600 1680.602 1684.807 1726.701 1821.838 1828.114 1974.077 2076.989 2234.063 2378.166 2395.162 2403.584 2486.923 2610.574 2439.321 2371.402 2270.335 2472.155 2849.049 3061.310 3499.962 4127.458 4562.967 4791.604 5179.417 4879.536 4652.035 3700.425 3196.888 2916.945 2504.302 2222.292 1995.270 1802.538 1746.523 1610.406 1518.400 1433.039 1333.237 1232.762 1156.417 1230.767 1155.986 1253.791 1274.757 1287.604 1273.530 1309.126 1417.615 1419.135 -999.250 -999.250 -999.250 -999.250 -999.250 -999.250 -999.250 -999.250 -999.250 -999.250
1457.863 1570.156 1664.003 1754.699 1755.834 1812.727 1800.203 1867.507 1990.559 2104.945 2233.151 2329.200 2431.594 2449.462 2560.325 2542.881 2573.132 2619.833 2480.008 2527.169 2816.351 2989.664 3253.700 3962.488 4737.551 5731.888 5202.900 5983.062 5337.074 4954.370 3947.581 3175.101 2831.324 2368.709 2038.197 1765.216 1528.713 1455.805 1412.668 1381.399 1349.413 1280.906 1275.922 1284.575 1320.614 1286.813 1319.941 1346.072 1420.440 1424.566 1394.695 1512.629 1456.769 -999.250 -999.250 -999.250 -999.250 -999.250 -999.250 -999.250 -999.250 -999.250 -999.250
1530.201 1575.699 1687.352 1785.897 1786.988 1849.864 1938.925 2018.827 2206.422 2264.727 2432.638 2551.765 2625.083 2566.545 2579.885 2684.080 2684.733 2662.570 2725.243 2742.128 2903.914 3029.670 3526.906 4517.351 4735.797 6017.389 6121.358 6649.753 6242.930 6059.651 5209.914 3253.332 2827.571 2163.571 1781.963 1439.812 1235.774 1206.579 1259.432 1256.420 1280.450 1299.753 1325.842 1350.712 1389.999 1418.196 1430.945 1472.734 1524.358 1558.743 1548.620 1541.984 -999.250 -999.250 -999.250 -999.250 -999.250 -999.250 -999.250 -999.250 -999.250 -999.250 -999.250
1514.673 1632.124 1750.264 1824.398 1916.707 1977.274 2081.331 2176.313 2277.267 2431.523 2559.954 2742.184 2768.018 2707.192 2611.941 2739.993 2708.394 2746.512 2817.603 2885.287 3005.557 3379.373 4195.374 4102.864 5373.707 6367.759 6373.811 7041.994 7039.652 6265.292 5128.020 3479.223 2697.747 1889.466 1311.589 995.132 918.457 951.538 1044.095 1119.021 1223.365 1290.771 1368.756 1454.645 1556.407 1558.524 1550.229 -999.250 -999.250 -999.250 -999.250 -999.250 -999.250 -999.250 -999.250 -999.250 -999.250 -999.250 -999.250 -999.250 -999.250 -999.250 -999.250
1634.099 1730.184 1817.725 1895.435 1968.133 2077.596 2222.966 2278.292 2441.679 2540.683 2602.239 2777.081 2795.053 2753.237 2701.139 2585.338 2808.202 2849.909 2894.738 2958.094 3160.005 3353.714 3982.532 4451.867 5592.343 6289.107 7032.899 7216.645 7448.861 6454.064 5265.728 3394.439 2517.876 1494.272 773.835 547.956 594.791 730.284 864.683 1017.029 1138.168 1256.409 1415.536 1608.682 1703.412 1745.343 1762.928 1811.138 -999.250 -999.250 -999.250 -999.250 -999.250 -999.250 -999.250 -999.250 -999.250 -999.250 -999.250 -999.250 -999.250 -999.250 -999.250
1693.221 1786.274 1844.560 1935.577 2071.799 2146.359 2246.815 2284.084 2389.615 2570.348 2574.147 2750.089 2780.107 2707.322 2732.976 2740.339 2774.021 2902.989 2945.038 3058.765 3167.729 3693.933 3777.231 4653.702 5543.765 6244.607 6791.037 7121.427 7033.971 6023.365 4271.492 3232.302 2197.607 1172.729 0.000 177.383 383.681 610.755 792.507 997.439 1141.500 1348.603 1488.059 1693.282 1766.572 1877.339 1977.210 1994.441 1939.420 -999.250 -999.250 -999.250 -999.250 -999.250 -999.250 -999.250 -999.250 -999.250 -999.250 -999.250 -999.250 -999.250 -999.250
1733.852 1862.411 1917.796 2022.605 2157.300 2235.673 2288.112 2387.800 2562.962 2571.530 2676.865 2708.430 2793.519 2776.419 2770.947 2763.904 2825.012 2959.686 3040.088 3084.010 3400.912 4005.911 5230.240 5014.012 5844.047 5935.269 6509.010 6573.051 6305.192 5463.458 4049.507 2992.865 2053.561 1145.902 460.565 312.158 431.204 559.138 787.869 984.650 1186.379 1336.647 1576.002 1769.810 1933.740 2045.667 2178.245 2247.539 2179.552 -999.250 -999.250 -999.250 -999.250 -999.250 -999.250 -999.250 -999.250 -999.250 -999.250 -999.250 -999.250 -999.250 -999.250
1814.600 1901.718 2085.522 2182.554 2243.486 2297.835 2383.583 2477.511 2608.738 2581.218 2731.946 2746.176 2846.721 2798.808 2772.848 2853.445 2912.702 3103.099 3148.701 3331.136 4111.679 4824.976 5103.032 6043.185 5563.921 5559.872 5556.150 5737.797 5058.162 4685.743 3453.422 2716.745 2039.217 1347.408 778.648 542.272 521.289 606.057 811.022 1049.333 1271.851 1410.964 1598.032 1833.310 1982.287 2220.423 2344.557 2399.846 2167.770 2213.699 -999.250 -999.250 -999.250 -999.250 -999.250 -999.250 -999.250 -999.250 -999.250 -999.250 -999.250 -999.250 -999.250
1898.596 1928.310 2089.798 2251.089 2259.885 2320.345 2416.409 2565.325 2603.761 2582.063 2774.003 2795.375 2763.272 2732.382 2717.518 2818.802 3006.941 3169.786 3386.723 3509.940 3891.705 5014.637 5588.112 5541.966 5885.118 5900.164 5386.875 5360.662 4834.076 3830.477 3177.204 2777.697 2080.019 1437.296 941.313 719.138 727.698 766.949 854.806 1078.821 1268.857 1529.309 1741.879 1901.090 2061.334 2332.328 2578.797 2538.790 2472.506 2373.140 2294.667 -999.250 -999.250 -999.250 -999.250 -999.250 -999.250 -999.250 -999.250 -999.250 -999.250 -999.250 -999.250
1899.417 1979.027 2089.273 2152.552 2241.992 2349.044 2430.731 2541.671 2604.266 2660.327 2733.106 2721.504 2677.223 2817.494 2875.576 2886.089 3078.000 3261.857 3461.938 3678.695 4667.270 5260.952 5677.900 5846.501 5722.407 5900.113 5495.429 5021.914 3616.292 3387.772 3119.789 2537.333 1951.361 1485.920 1137.575 875.190 850.797 878.876 1036.900 1165.730 1345.443 1548.561 1781.984 1983.133 2155.836 2386.733 2551.895 2546.413 2519.247 2428.834 2347.143 -999.250 -999.250 -999.250 -999.250 -999.250 -999.250 -999.250 -999.250 -999.250 -999.250 -999.250 -999.250
1924.926 2018.215 2220.722 2296.394 2334.378 2395.085 2410.234 2490.904 2582.816 2561.015 2615.769 2735.779 2697.560 2758.892 2814.723 2974.879 3231.861 3559.081 3707.846 4024.950 4726.728 5123.127 5508.241 5610.546 5902.995 5778.377 4634.660 3931.306 3446.655 3296.756 2921.023 2418.233 1891.364 1550.459 1287.465 1084.042 1031.305 1043.337 1122.614 1309.547 1488.831 1677.792 1895.383 2006.899 2175.481 2398.813 2476.246 2512.739 2538.676 2352.598 2391.353 -999.250 -999.250 -999.250 -999.250 -999.250 -999.250 -999.250 -999.250 -999.250 -999.250 -999.250 -999.250
1980.599 2032.466 2169.018 2225.018 2267.393 2267.670 2403.562 2458.950 2574.323 2562.179 2708.802 2733.530 2669.230 2756.313 2869.149 2987.778 3268.360 3260.770 3578.866 4174.514 4762.757 5182.459 5756.597 5817.394 5707.932 5362.504 4254.133 3823.241 3266.482 2872.578 2767.349 2184.781 1804.442 1627.143 1331.847 1192.698 1126.152 1191.537 1283.802 1457.179 1641.993 1813.069 1935.341 2095.420 2244.073 2387.409 2537.880 2679.079 2558.824 2540.047 2524.711 2394.664 2310.437 -999.250 -999.250 -999.250 -999.250 -999.250 -999.250 -999.250 -999.250 -999.250 -999.250
1990.934 2041.847 2140.795 2298.850 2363.833 2379.329 2389.095 2493.541 2545.905 2510.129 2605.121 2603.413 2608.762 2688.287 2922.309 3070.511 3294.830 3410.997 3688.856 4497.893 5209.985 5899.342 5033.874 5502.770 4937.398 4574.231 4035.042 3305.037 3241.826 2905.711 2590.522 2109.512 1773.692 1647.686 1411.188 1297.992 1297.847 1296.626 1407.893 1526.314 1737.822 1833.968 2000.181 2194.798 2301.802 2392.139 2414.509 2464.777 2475.434 2461.909 2501.881 2505.243 2398.073 -999.250 -999.250 -999.250 -999.250 -999.250 -999.250 -999.250 -999.250 -999.250 -999.250
2126.042 2111.573 2143.625 2248.418 2268.368 2392.421 2485.354 2373.961 2555.710 2531.089 2501.412 2588.894 2733.008 2843.308 2996.095 3121.835 3060.903 3526.093 3724.187 4451.933 5163.771 5649.071 5763.721 5096.616 4903.338 4549.664 3708.014 3299.149 3080.899 2746.493 2339.997 2022.304 1765.189 1678.071 1485.801 1396.453 1423.676 1430.711 1501.693 1702.836 1767.963 1926.842 2091.336 2147.990 2385.605 2491.137 2465.685 2424.901 2577.493 2578.158 2532.718 2524.186 -999.250 -999.250 -999.250 -999.250 -999.250 -999.250 -999.250 -999.250 -999.250 -999.250 -999.250
2221.891 2243.521 2267.603 2328.650 2373.386 2314.421 2477.811 2434.244 2553.930 2578.909 2572.655 2750.398 2823.832 2971.774 3031.907 3137.029 3196.058 3456.377 4071.788 5082.979 5612.153 6039.684 6066.690 6047.358 5414.632 4302.627 3438.023 3151.921 3004.378 2599.140 2164.747 1896.608 1744.717 1661.221 1548.862 1527.008 1526.813 1561.604 1631.110 1787.416 1947.384 1995.496 2086.116 2220.848 2381.574 2519.241 2558.805 2491.554 2551.936 2686.751 2636.785 2602.578 -999.250 -999.250 -999.250 -999.250 -999.250 -999.250 -999.250 -999.250 -999.250 -999.250 -999.250
2350.625 2320.762 2252.108 2301.032 2335.780 2349.280 2393.436 2494.943 2530.355 2624.892 2562.398 2748.497 2906.548 2911.537 3015.601 3168.232 3299.806 3537.023 4210.831 4866.776 5876.627 6197.401 5976.763 6000.409 4933.038 4225.061 3383.716 3031.744 2723.742 2282.403 1938.822 1799.372 1713.078 1605.298 1630.129 1650.219 1648.263 1674.384 1781.515 1899.836 2032.003 2107.108 2223.295 2334.689 2415.128 2484.880 2559.299 2639.115 2696.954 2621.187 2646.276 2860.737 -999.250 -999.250 -999.250 -999.250 -999.250 -999.250 -999.250 -999.250 -999.250 -999.250 -999.250
2322.320 2313.684 2379.687 2405.474 2400.877 2342.703 2346.306 2545.730 2580.856 2638.980 2650.590 2743.832 2893.788 2977.991 3130.166 3080.803 3374.048 3508.422 4160.490 4696.406 5755.029 6350.626 6438.918 5973.085 5472.421 4451.197 3533.527 2933.287 2514.007 1994.366 1829.876 1800.871 1705.613 1681.857 1672.643 1637.840 1675.881 1729.665 1810.026 1971.298 2046.118 2232.405 2280.966 2371.076 2542.135 2609.022 2644.491 2662.036 2634.431 2771.333 2749.393 2734.939 -999.250 -999.250 -999.250 -999.250 -999.250 -999.250 -999.250 -999.250 -999.250 -999.250 -999.250
2343.243 2324.520 2315.158 2349.159 2344.127 2354.702 2392.657 2429.692 2515.082 2547.212 2575.858 2776.923 2860.366 2995.907 3130.207 3207.521 3261.833 3654.769 4442.024 5066.953 5871.382 5849.859 6233.878 5990.764 5342.155 3787.546 3369.910 2977.616 2516.969 2023.355 1853.331 1817.546 1755.971 1732.871 1662.498 1674.916 1663.904 1811.192 1894.524 2012.939 2164.770 2275.999 2343.524 2541.875 2501.119 2579.790 2719.295 2717.207 2770.339 2696.649 2700.723 2651.100 -999.250 -999.250 -999.250 -999.250 -999.250 -999.250 -999.250 -999.250 -999.250 -999.250 -999.250
2503.021 2436.347 2369.980 2372.016 2393.235 2373.403 2319.815 2444.279 2421.374 2495.830 2690.950 2822.997 2843.716 2913.633 3203.800 3136.304 3394.248 3569.917 3921.727 4405.364 5060.697 5444.412 5678.162 5452.855 4408.586 3671.413 3209.714 2969.660 2645.346 2179.624 1894.391 1828.147 1798.566 1726.202 1742.928 1800.539 1827.238 1876.797 1909.697 1997.259 2223.771 2377.720 2528.662 2591.863 2648.071 2708.067 2713.387 2751.703 2919.898 2785.551 2717.904 2709.475 -999.250 -999.250 -999.250 -999.250 -999.250 -999.250 -999.250 -999.250 -999.250 -999.250 -999.250
2637.852 2454.632 2433.172 2299.517 2333.979 2349.425 2404.465 2394.895 2456.167 2570.875 2598.037 2795.208 2774.239 2911.913 3029.573 3141.992 3167.236 3298.463 3518.494 3773.159 4336.428 4570.306 4522.857 4305.950 3655.312 3453.735 3147.757 2869.279 2419.327 2210.291 1952.898 1808.168 1757.570 1788.677 1786.267 1829.711 1849.628 1933.014 1987.942 2127.014 2344.612 2354.519 2568.832 2604.353 2654.059 2738.784 2658.875 2762.467 2862.129 2904.832 2885.304 2932.965 -999.250 -999.250 -999.250 -999.250 -999.250 -999.250 -999.250 -999.250 -999.250 -999.250 -999.250
2725.691 2526.773 2429.302 2371.048 2413.640 2422.554 2406.327 2367.009 2386.392 2429.716 2540.716 2670.114 2778.469 2928.248 3048.228 3040.444 3169.753 3275.454 3377.400 3515.870 3510.503 3846.074 3773.276 3692.076 3296.357 3177.702 2999.597 2798.804 2360.154 2204.419 2015.892 1836.323 1805.743 1761.944 1804.334 1831.384 1889.945 1989.137 2116.325 2269.840 2285.497 2322.142 2526.299 2782.402 2817.757 2821.514 2817.340 2833.586 2930.607 3037.711 2988.498 2933.806 -999.250 -999.250 -999.250 -999.250 -999.250 -999.250 -999.250 -999.250 -999.250 -999.250 -999.250
2863.756 2759.148 2588.112 2510.126 2388.878 2365.058 2386.537 2352.779 2370.621 2440.791 2561.877 2494.152 2725.179 2869.366 3016.856 3094.691 3166.473 3182.516 3179.577 3164.318 3221.415 3268.460 3333.622 3222.055 3123.795 3057.184 2858.938 2619.546 2340.574 2077.767 1915.659 1847.283 1792.509 1853.176 1853.093 1893.807 1942.347 2121.738 2201.838 2254.123 2324.567 2480.550 2454.800 2731.878 2838.446 2870.168 2913.000 2953.669 2979.527 2990.841 3073.133 3106.509 3059.040 -999.250 -999.250 -999.250 -999.250 -999.250 -999.250 -999.250 -999.250 -999.250 -999.250
2837.437 2769.409 2571.495 2453.382 2472.121 2403.852 2409.358 2435.494 2453.037 2344.036 2390.507 2496.572 2655.212 2773.252 2955.542 3190.443 3040.200 3034.564 2964.428 3013.473 3067.644 3026.567 3089.036 2990.371 2870.916 2851.426 2698.711 2306.267 2178.666 1968.949 1882.426 1815.772 1838.069 1868.368 1850.962 1944.175 1980.526 2141.180 2252.634 2308.322 2322.191 2433.484 2685.273 2760.889 2894.543 2931.199 3003.303 2970.666 3020.631 3302.157 3163.525 3327.444 3212.900 -999.250 -999.250 -999.250 -999.250 -999.250 -999.250 -999.250 -999.250 -999.250 -999.250
2762.635 2661.244 2482.717 2467.996 2473.816 2376.099 2380.487 2310.089 2345.342 2266.612 2273.528 2395.368 2532.004 2586.305 2771.941 2866.312 2875.971 2803.145 2794.337 2881.526 2874.480 2844.753 2891.993 2726.733 2570.351 2420.085 2318.498 2085.971 1920.700 1869.969 1780.971 1812.872 1854.170 1869.151 1862.232 1967.019 2073.584 2205.444 2275.382 2354.040 2409.134 2547.897 2764.844 2741.816 2860.400 2849.326 3018.310 3031.592 3221.362 3186.264 3264.337 3343.880 3137.378 -999.250 -999.250 -999.250 -999.250 -999.250 -999.250 -999.250 -999.250 -999.250 -999.250
2641.353 2626.007 2492.941 2426.966 2344.069 2364.893 2308.361 2230.342 2249.946 2218.717 2171.002 2151.072 2219.542 2321.787 2444.158 2553.960 2597.443 2572.499 2621.141 2709.721 2589.226 2664.426 2578.128 2445.235 2290.626 2136.151 1956.497 1786.958 1747.133 1741.597 1755.171 1766.138 1802.961 1888.767 1907.921 1977.465 2102.024 2175.528 2264.923 2364.847 2542.244 2706.799 2795.380 2778.001 2691.546 2833.797 2903.858 3125.847 3236.369 3254.911 3548.064 3693.885 3600.547 -999.250 -999.250 -999.250 -999.250 -999.250 -999.250 -999.250 -999.250 -999.250 -999.250
