data/medianmodel_02-Jul-2020.asc
ncols	141
nrows	288
xllcorner	-120191.398
yllcorner	-301404.813
cellsize	2000.000
NODATA_value	-999.250
[rows 31 to 61 of 288, columns 70 to 139 of 141]
0.000 0.000 0.000 0.000 0.000 0.000 0.000 0.000 0.000 0.000 0.000 0.000 0.000 0.000 0.767 1.167 2.122 1.000 2.082 2.582 2.303 0.000 0.000 0.000 0.000 0.000 0.000 0.000 0.000 0.000 0.000 0.000 0.000 0.000 0.000 0.000 0.000 0.000 0.000 0.000 0.000 0.000 0.000 0.000 0.000 0.000 0.000 0.000 0.000 0.000 0.000 0.000 0.000 1.190 4.845 8.386 13.141 20.465 26.124 33.388 45.269 46.765 53.601 58.185 62.124 67.227 65.495 64.320 56.335 58.837
0.000 0.000 1.991 3.988 3.753 1.468 0.000 0.000 0.000 0.000 0.000 0.399 0.584 0.807 3.089 4.634 5.170 6.969 5.118 4.319 4.390 4.808 1.568 0.000 0.000 0.000 0.000 0.000 0.000 0.000 0.000 0.000 0.000 0.000 0.000 0.000 0.000 0.000 0.000 0.000 0.000 0.000 0.000 0.000 0.000 0.000 0.000 0.000 0.000 0.000 0.000 0.000 0.000 2.357 5.985 7.828 14.873 19.875 27.071 39.816 52.755 56.297 62.964 67.502 70.176 72.632 74.036 72.398 68.468 61.857
0.000 2.480 5.915 7.998 7.235 3.068 0.717 0.000 0.000 0.590 1.633 3.760 5.082 4.944 6.679 6.870 8.701 11.374 12.382 11.415 11.600 10.883 6.358 4.135 2.316 0.558 0.000 0.000 0.000 0.000 0.000 0.000 0.000 0.000 0.000 0.000 0.000 0.000 0.000 0.000 0.000 0.000 0.000 0.000 0.000 0.000 0.000 0.000 0.000 0.000 0.000 0.000 0.000 3.169 5.627 9.666 15.427 21.162 30.375 44.918 55.677 65.014 67.964 73.498 80.224 86.962 87.918 79.521 76.685 -999.250
0.000 3.046 7.960 16.622 10.032 5.099 3.270 1.293 2.021 4.107 5.617 7.829 9.653 10.580 11.607 12.087 14.367 16.324 18.030 16.199 17.184 16.141 10.911 9.090 5.222 4.112 0.488 0.000 0.000 0.000 0.000 0.000 0.000 0.000 0.000 0.000 0.000 0.000 0.000 0.000 0.000 0.000 0.000 0.000 0.000 0.000 0.000 0.000 0.000 0.000 0.000 0.000 0.162 2.583 5.381 11.170 17.220 22.866 28.399 39.290 53.817 64.344 76.089 86.670 106.029 96.154 92.463 86.352 -999.250 -999.250
0.000 3.412 7.002 8.869 8.405 4.588 3.299 1.609 3.805 4.414 8.746 16.721 12.371 12.996 15.631 16.939 19.815 22.633 22.527 23.410 20.208 19.621 17.554 12.782 8.704 5.856 2.567 0.000 0.000 0.000 0.000 0.000 0.000 0.000 0.000 0.000 0.000 0.000 0.000 0.000 0.000 0.000 0.000 0.000 0.000 0.000 0.000 0.000 0.000 0.000 0.000 0.000 0.000 4.850 7.242 11.970 18.713 24.646 34.095 35.495 56.854 66.013 69.371 99.773 117.130 109.397 108.195 -999.250 -999.250 -999.250
0.000 2.028 4.649 5.847 4.721 4.863 4.078 3.110 3.229 6.162 8.179 12.372 12.193 14.650 18.520 19.010 25.595 29.484 30.140 27.910 26.092 24.294 22.328 15.280 11.502 7.962 4.651 2.613 2.123 4.597 0.000 0.000 0.000 0.000 0.000 0.000 0.000 0.000 0.000 0.000 0.000 0.000 0.000 0.000 0.000 0.000 0.000 0.000 0.000 0.000 0.000 0.000 0.000 2.688 7.951 9.274 19.642 24.950 38.191 44.194 60.730 64.689 74.396 86.489 98.404 108.093 101.673 -999.250 -999.250 -999.250
0.000 0.000 1.967 3.106 3.637 2.520 3.311 4.065 5.142 6.216 8.384 11.705 13.492 16.296 20.176 25.273 32.281 35.849 37.505 38.518 34.361 29.957 25.047 17.947 15.861 9.119 5.986 2.502 3.195 0.281 0.000 0.000 0.000 0.000 0.000 0.000 0.000 0.000 0.000 0.000 0.000 0.000 0.000 0.000 0.000 0.000 0.000 0.000 0.000 0.000 0.000 0.000 0.664 5.198 8.099 12.345 18.394 23.978 32.880 41.615 57.097 61.865 73.442 84.179 91.968 92.042 -999.250 -999.250 -999.250 -999.250
0.000 0.000 0.000 2.122 1.867 2.356 2.986 4.282 4.272 6.088 8.395 10.018 13.070 18.327 21.673 28.675 37.178 48.624 53.255 49.360 41.623 35.429 26.188 20.350 15.790 10.555 7.351 3.603 0.000 0.000 0.000 0.000 0.000 0.000 0.000 0.000 0.000 0.000 0.000 0.000 0.000 0.000 0.000 0.000 0.000 0.000 0.000 0.000 0.000 0.000 0.000 0.000 1.709 5.906 7.527 11.252 17.575 25.357 33.654 48.137 51.309 61.451 64.286 72.374 74.656 73.140 -999.250 -999.250 -999.250 -999.250
0.000 0.000 0.000 0.000 1.017 1.652 0.610 2.544 4.295 7.103 6.754 9.097 13.983 18.733 24.288 30.457 40.589 51.425 57.765 58.471 46.845 33.425 25.187 19.877 16.471 11.121 7.786 4.458 0.056 0.000 0.000 0.000 0.000 0.000 0.000 0.000 0.000 0.000 0.000 0.000 0.000 0.000 0.000 0.000 0.000 0.000 0.000 0.000 0.000 0.000 0.000 0.000 0.716 5.258 7.576 9.098 16.186 24.824 31.204 39.372 47.184 58.779 61.702 68.891 68.209 70.339 -999.250 -999.250 -999.250 -999.250
0.000 0.000 0.000 0.000 0.000 0.000 0.059 0.891 4.010 5.210 7.363 8.663 13.444 19.216 23.541 30.157 41.870 56.213 73.220 57.003 45.308 33.163 24.474 20.837 15.836 10.180 8.009 4.640 0.460 0.000 0.000 0.000 0.000 0.000 0.000 0.000 0.000 0.000 0.000 0.000 0.000 0.000 0.000 0.000 0.000 0.000 0.000 0.000 0.000 0.000 0.000 0.000 0.581 4.065 6.317 11.433 15.819 21.051 30.134 38.179 50.252 54.310 62.532 63.314 65.096 -999.250 -999.250 -999.250 -999.250 -999.250
0.000 0.000 0.000 0.000 0.000 0.000 0.000 0.730 2.549 4.041 5.765 11.455 10.991 17.475 22.244 25.769 35.663 46.260 53.840 48.842 37.319 30.001 22.609 18.198 14.834 10.460 7.549 4.316 1.775 0.041 0.000 0.000 0.000 0.000 0.000 0.000 0.000 0.000 0.000 0.000 0.000 0.000 0.000 0.000 0.000 0.000 0.000 0.000 0.000 0.000 0.000 0.000 2.971 4.839 4.963 9.923 16.624 19.131 26.987 28.463 40.449 47.674 41.557 45.681 57.717 52.396 -999.250 -999.250 -999.250 -999.250
0.000 0.000 0.000 0.000 0.000 0.000 0.000 0.668 4.326 5.097 6.690 7.891 10.905 13.081 18.529 22.030 24.796 33.355 35.082 32.519 27.797 24.245 20.393 16.738 10.978 9.609 6.506 3.883 0.930 0.062 0.000 0.000 0.000 0.000 0.000 0.000 0.000 0.000 0.000 0.000 0.000 0.000 0.000 0.000 0.000 0.000 0.000 0.000 0.000 0.000 0.000 1.323 3.582 5.581 6.180 8.653 14.482 17.460 20.225 23.749 33.117 33.828 -999.250 -999.250 -999.250 -999.250 -999.250 -999.250 -999.250 -999.250
0.000 0.000 0.000 0.000 0.000 0.000 0.309 2.536 2.789 3.737 4.549 6.497 8.552 10.402 12.263 16.867 19.049 22.227 23.647 23.508 19.982 18.533 16.456 10.373 10.646 7.709 6.819 3.444 1.076 0.177 0.000 0.000 0.000 0.000 0.000 0.000 0.000 0.000 0.000 0.000 0.000 0.000 0.000 0.000 0.000 0.000 0.000 0.000 0.000 0.000 1.349 3.052 4.531 6.711 8.236 11.250 11.847 18.008 17.257 24.481 27.759 31.364 32.543 -999.250 -999.250 -999.250 -999.250 -999.250 -999.250 -999.250
0.000 0.000 0.000 0.000 0.000 0.000 0.100 2.399 0.984 1.767 2.780 4.474 5.431 6.314 7.049 10.252 13.974 15.675 16.243 15.916 15.567 14.966 10.522 6.515 6.695 5.690 4.996 1.278 0.000 0.035 3.053 2.003 0.411 0.285 0.000 0.000 0.000 0.000 0.000 0.000 0.000 0.000 0.000 0.000 0.000 0.000 0.000 0.000 0.246 2.793 5.879 5.879 5.531 6.010 6.352 7.943 10.767 15.364 16.039 18.301 19.507 -999.250 -999.250 -999.250 -999.250 -999.250 -999.250 -999.250 -999.250 -999.250
0.000 0.000 0.000 0.000 0.000 0.000 3.265 2.730 0.972 0.000 1.347 1.194 2.460 2.642 3.363 5.350 6.656 6.870 7.759 8.397 8.721 8.987 5.895 4.501 5.191 3.583 0.640 0.296 0.076 3.582 4.038 3.696 4.039 2.752 0.000 0.000 0.000 0.000 0.000 0.000 0.000 0.000 0.000 0.000 0.000 0.000 0.000 0.000 1.006 5.342 11.916 6.999 6.354 6.294 5.281 8.347 9.926 14.318 15.676 16.721 18.037 -999.250 -999.250 -999.250 -999.250 -999.250 -999.250 -999.250 -999.250 -999.250
0.000 0.000 0.000 0.000 0.000 1.159 8.006 2.993 0.000 0.000 0.000 0.000 0.000 0.036 0.000 0.000 0.000 1.091 1.113 1.992 3.963 2.655 1.857 0.219 0.508 0.418 0.000 0.000 0.712 4.194 6.869 7.582 7.028 5.086 1.119 0.000 0.000 0.000 0.000 0.000 0.000 0.000 0.000 0.000 0.000 0.000 0.000 0.000 0.000 4.024 5.518 5.688 5.564 7.054 6.463 8.292 8.856 11.862 11.730 13.287 -999.250 -999.250 -999.250 -999.250 -999.250 -999.250 -999.250 -999.250 -999.250 -999.250
0.000 0.000 0.000 0.000 0.000 0.000 1.730 0.000 0.000 0.000 0.000 0.000 0.000 0.000 0.000 0.000 0.000 0.000 0.000 0.000 0.000 0.000 0.000 0.000 0.000 0.000 0.000 0.000 0.177 4.488 7.977 16.545 9.146 5.825 3.822 0.821 0.000 0.000 0.389 0.000 0.000 0.000 0.000 0.000 0.000 0.000 0.000 0.000 1.010 0.649 3.801 5.268 5.670 6.761 5.104 7.598 8.621 10.666 -999.250 -999.250 -999.250 -999.250 -999.250 -999.250 -999.250 -999.250 -999.250 -999.250 -999.250 -999.250
0.000 0.000 0.000 0.000 0.000 0.000 0.000 0.000 0.000 0.000 0.000 0.000 0.000 0.000 0.000 0.000 0.000 0.000 0.000 0.000 0.000 0.000 0.000 0.000 0.000 0.000 0.000 0.000 0.000 3.179 6.343 9.073 8.085 6.356 5.503 3.948 2.734 1.595 2.962 0.870 1.653 0.000 0.000 0.000 0.000 0.000 0.000 0.000 0.067 1.298 2.153 5.132 5.763 7.548 6.797 7.254 9.595 9.793 -999.250 -999.250 -999.250 -999.250 -999.250 -999.250 -999.250 -999.250 -999.250 -999.250 -999.250 -999.250
0.000 0.000 0.000 0.000 0.000 0.000 0.000 0.000 0.000 0.000 0.000 0.000 0.000 0.000 0.000 0.000 0.000 0.000 0.000 0.000 0.000 0.000 0.000 0.000 0.000 0.000 0.000 0.000 0.000 2.300 5.130 6.364 7.280 8.024 6.851 5.933 5.846 5.867 4.563 4.041 2.987 2.494 0.117 0.000 0.000 0.105 0.010 1.401 2.930 1.349 1.491 5.068 4.973 -999.250 8.195 8.992 -999.250 -999.250 -999.250 -999.250 -999.250 -999.250 -999.250 -999.250 -999.250 -999.250 -999.250 -999.250 -999.250 -999.250
0.000 0.000 0.000 0.000 0.000 0.000 0.000 0.000 0.000 0.000 0.000 0.000 0.000 0.000 0.000 0.000 0.000 0.000 0.000 0.000 0.000 0.000 0.000 0.000 0.000 0.000 0.000 0.000 0.000 0.301 3.439 4.403 6.819 9.047 8.910 7.968 8.191 7.147 6.348 4.990 4.080 2.596 1.358 2.873 1.349 1.410 3.202 2.950 4.194 3.954 4.724 -999.250 -999.250 -999.250 -999.250 -999.250 -999.250 -999.250 -999.250 -999.250 -999.250 -999.250 -999.250 -999.250 -999.250 -999.250 -999.250 -999.250 -999.250 -999.250
0.000 0.000 0.000 0.000 0.000 0.000 0.000 0.000 0.000 0.000 0.000 0.000 0.000 0.000 0.000 0.000 0.000 0.000 0.000 0.000 0.000 0.000 0.000 0.000 0.000 0.000 0.000 0.000 0.000 0.000 3.330 4.521 8.105 11.246 12.866 11.422 9.010 9.158 8.159 8.167 5.984 4.408 4.634 4.557 3.906 4.064 4.603 4.353 5.656 5.481 -999.250 -999.250 -999.250 -999.250 -999.250 -999.250 -999.250 -999.250 -999.250 -999.250 -999.250 -999.250 -999.250 -999.250 -999.250 -999.250 -999.250 -999.250 -999.250 -999.250
0.000 0.000 0.000 0.000 0.000 0.000 0.000 0.000 0.000 0.000 0.000 0.000 0.000 0.000 0.000 0.000 0.000 0.000 0.000 0.000 0.000 0.000 0.000 0.000 0.000 0.000 0.000 0.000 0.000 0.000 1.304 5.017 8.265 13.331 16.966 15.672 12.536 10.434 9.455 10.996 7.099 7.425 6.050 5.661 6.089 5.148 6.140 6.025 7.558 6.059 -999.250 -999.250 -999.250 -999.250 -999.250 -999.250 -999.250 -999.250 -999.250 -999.250 -999.250 -999.250 -999.250 -999.250 -999.250 -999.250 -999.250 -999.250 -999.250 -999.250
0.000 0.000 0.000 0.000 0.000 0.000 0.000 0.000 0.000 0.000 0.000 0.000 0.000 0.000 0.000 0.000 0.000 0.000 0.000 0.000 0.000 0.000 0.000 0.000 0.000 0.000 0.000 0.000 0.000 0.000 0.258 3.609 8.483 16.122 25.991 17.708 14.365 12.088 10.364 8.127 8.712 8.282 8.035 7.954 9.750 8.327 9.168 10.191 10.319 -999.250 -999.250 -999.250 -999.250 -999.250 -999.250 -999.250 -999.250 -999.250 -999.250 -999.250 -999.250 -999.250 -999.250 -999.250 -999.250 -999.250 -999.250 -999.250 -999.250 -999.250
0.000 0.000 0.000 0.000 0.000 0.000 0.000 0.000 0.000 0.000 0.000 0.000 0.000 0.000 0.000 0.000 0.000 0.000 0.000 0.000 0.000 0.000 0.000 0.000 0.000 0.000 0.000 0.000 0.000 0.000 0.000 2.942 7.251 11.907 17.231 15.801 14.505 11.490 8.938 9.189 7.626 7.811 9.321 10.321 11.574 11.299 10.277 11.011 -999.250 -999.250 -999.250 -999.250 -999.250 -999.250 -999.250 -999.250 -999.250 -999.250 -999.250 -999.250 -999.250 -999.250 -999.250 -999.250 -999.250 -999.250 -999.250 -999.250 -999.250 -999.250
0.000 0.000 0.000 0.000 0.000 0.000 0.000 0.000 0.000 0.000 0.000 0.000 0.000 0.000 0.000 0.000 0.000 0.000 0.000 0.000 0.000 0.000 0.000 0.000 0.000 0.000 0.000 0.000 0.000 0.000 0.000 0.000 4.080 7.814 9.065 8.730 8.987 9.451 7.989 7.749 7.294 8.630 10.933 10.803 14.296 15.784 15.572 14.022 -999.250 -999.250 -999.250 -999.250 -999.250 -999.250 -999.250 -999.250 -999.250 -999.250 -999.250 -999.250 -999.250 -999.250 -999.250 -999.250 -999.250 -999.250 -999.250 -999.250 -999.250 -999.250
0.000 0.000 0.000 0.200 0.000 0.000 0.000 0.000 0.000 0.000 0.000 0.000 0.000 0.000 0.000 0.000 0.000 0.000 0.000 0.000 0.000 0.000 0.000 0.000 0.000 0.000 0.000 0.000 0.000 0.000 0.000 0.000 0.000 3.759 3.873 5.897 6.594 6.389 5.865 6.457 8.197 9.786 11.302 13.619 18.194 18.966 18.520 -999.250 -999.250 -999.250 -999.250 -999.250 -999.250 -999.250 -999.250 -999.250 -999.250 -999.250 -999.250 -999.250 -999.250 -999.250 -999.250 -999.250 -999.250 -999.250 -999.250 -999.250 -999.250 -999.250
0.000 0.000 0.542 8.034 1.038 0.000 0.000 0.000 0.000 0.000 0.000 0.000 0.000 0.000 0.000 0.000 0.000 0.000 0.000 0.000 0.000 0.000 0.000 0.000 0.000 0.000 0.000 0.000 0.000 0.000 0.000 0.000 0.000 0.000 2.849 3.488 3.588 4.769 5.232 7.074 7.236 8.116 10.232 14.008 19.306 30.321 21.543 -999.250 -999.250 -999.250 -999.250 -999.250 -999.250 -999.250 -999.250 -999.250 -999.250 -999.250 -999.250 -999.250 -999.250 -999.250 -999.250 -999.250 -999.250 -999.250 -999.250 -999.250 -999.250 -999.250
0.000 0.000 0.000 1.211 0.000 0.000 0.000 0.000 0.000 0.000 0.000 0.000 0.000 0.000 0.000 0.000 0.000 0.000 0.000 0.000 0.000 0.000 0.000 0.000 0.000 0.000 0.000 0.000 0.000 0.000 0.000 0.000 0.000 0.000 0.000 0.324 2.151 3.896 4.851 7.202 7.321 7.314 10.531 13.467 18.346 20.900 20.809 -999.250 -999.250 -999.250 -999.250 -999.250 -999.250 -999.250 -999.250 -999.250 -999.250 -999.250 -999.250 -999.250 -999.250 -999.250 -999.250 -999.250 -999.250 -999.250 -999.250 -999.250 -999.250 -999.250
0.322 0.000 0.000 0.000 0.000 0.000 0.000 0.000 0.000 0.000 0.000 0.000 0.000 0.000 0.000 0.000 0.000 0.000 0.000 0.000 0.000 0.000 0.000 0.000 0.000 0.000 0.000 0.000 0.000 0.000 0.000 0.000 0.000 0.000 0.000 0.000 0.380 2.546 3.719 5.144 6.033 6.852 9.441 14.414 14.928 16.356 -999.250 -999.250 -999.250 -999.250 -999.250 -999.250 -999.250 -999.250 -999.250 -999.250 -999.250 -999.250 -999.250 -999.250 -999.250 -999.250 -999.250 -999.250 -999.250 -999.250 -999.250 -999.250 -999.250 -999.250
3.388 0.000 0.000 0.000 0.000 0.000 0.000 0.000 0.000 0.000 0.000 0.000 0.000 0.000 0.000 0.000 0.000 0.000 0.000 0.000 0.000 0.000 0.000 0.000 0.000 0.000 0.000 0.000 0.000 0.000 0.000 0.000 0.000 0.000 0.000 0.000 0.000 1.708 3.460 3.806 5.463 6.052 9.062 8.924 12.511 14.176 -999.250 -999.250 -999.250 -999.250 -999.250 -999.250 -999.250 -999.250 -999.250 -999.250 -999.250 -999.250 -999.250 -999.250 -999.250 -999.250 -999.250 -999.250 -999.250 -999.250 -999.250 -999.250 -999.250 -999.250
5.139 0.004 0.000 0.000 0.000 0.000 0.000 0.000 0.000 0.000 0.000 0.000 0.000 0.000 0.000 0.000 0.000 0.000 0.000 0.000 0.000 0.000 0.000 0.000 0.000 0.000 0.000 0.000 0.000 0.000 0.000 0.000 0.000 0.000 0.000 0.000 0.000 0.074 0.149 0.953 3.870 6.325 6.530 10.406 9.357 -999.250 -999.250 -999.250 -999.250 -999.250 -999.250 -999.250 -999.250 -999.250 -999.250 -999.250 -999.250 -999.250 -999.250 -999.250 -999.250 -999.250 -999.250 -999.250 -999.250 -999.250 -999.250 -999.250 -999.250 -999.250
