data/medianmodel_30-Nov-2020.asc
ncols	141
nrows	288
xllcorner	-120191.398
yllcorner	-301404.813
cellsize	2000.000
NODATA_value	-999.250
[rows 174 to 202 of 288, columns 64 to 127 of 141]
146.911 130.741 134.830 134.200 133.958 133.704 136.691 138.272 132.474 156.173 145.553 147.994 146.120 159.597 165.554 185.450 174.998 183.472 195.350 216.833 203.315 204.951 210.332 195.055 182.482 173.688 151.483 151.362 159.279 180.847 203.401 205.093 232.985 220.126 220.727 217.467 231.631 251.011 244.857 215.945 214.236 209.060 190.754 185.947 184.269 170.202 -999.250 -999.250 -999.250 -999.250 -999.250 -999.250 -999.250 -999.250 -999.250 -999.250 -999.250 -999.250 -999.250 -999.250 -999.250 -999.250 -999.250 -999.250
165.124 165.631 148.205 130.867 129.930 130.252 126.371 123.171 131.030 136.058 134.671 133.695 135.391 127.333 123.641 124.609 150.415 162.107 165.521 180.618 180.650 194.092 184.553 169.964 168.112 157.136 148.792 152.945 147.075 157.427 192.265 184.338 211.686 200.036 210.000 222.830 231.070 261.830 250.904 236.989 247.829 231.473 227.223 211.847 198.940 -999.250 -999.250 -999.250 -999.250 -999.250 -999.250 -999.250 -999.250 -999.250 -999.250 -999.250 -999.250 -999.250 -999.250 -999.250 -999.250 -999.250 -999.250 -999.250
175.204 162.032 152.205 143.873 135.229 133.389 125.592 118.868 122.307 136.968 124.907 132.203 117.279 100.842 93.560 67.996 123.426 133.763 149.619 160.773 159.841 180.423 170.859 156.452 153.073 149.516 143.465 145.089 156.685 161.108 176.277 183.864 195.464 210.083 213.401 236.523 239.026 238.483 248.910 259.159 258.401 249.038 231.721 212.991 203.984 -999.250 -999.250 -999.250 -999.250 -999.250 -999.250 -999.250 -999.250 -999.250 -999.250 -999.250 -999.250 -999.250 -999.250 -999.250 -999.250 -999.250 -999.250 -999.250
167.501 150.050 142.062 140.367 141.804 133.034 141.177 130.218 131.473 135.870 134.487 128.773 113.548 103.910 100.687 97.094 121.764 135.033 151.530 146.297 163.781 165.385 163.533 159.756 155.966 145.932 132.944 144.868 145.469 156.708 175.109 187.593 202.060 205.377 232.148 228.417 239.073 250.097 266.548 254.312 262.538 247.873 247.676 209.348 -999.250 -999.250 -999.250 -999.250 -999.250 -999.250 -999.250 -999.250 -999.250 -999.250 -999.250 -999.250 -999.250 -999.250 -999.250 -999.250 -999.250 -999.250 -999.250 -999.250
177.297 178.517 160.082 146.992 135.765 142.932 137.879 140.913 140.355 130.648 136.805 119.114 119.658 118.986 114.204 124.862 131.217 149.834 165.830 160.973 169.971 170.288 166.744 164.926 156.033 135.831 131.803 139.061 154.129 157.312 168.500 190.579 196.623 207.957 226.281 202.643 227.376 246.601 268.250 282.849 253.461 271.133 264.124 236.114 -999.250 -999.250 -999.250 -999.250 -999.250 -999.250 -999.250 -999.250 -999.250 -999.250 -999.250 -999.250 -999.250 -999.250 -999.250 -999.250 -999.250 -999.250 -999.250 -999.250
215.110 194.634 191.272 165.267 156.631 148.199 148.942 148.047 136.443 149.163 148.873 134.216 131.821 128.630 130.497 127.998 139.413 145.012 176.305 173.174 177.640 177.079 160.727 159.316 149.158 131.170 134.050 139.687 144.405 158.375 175.888 208.930 205.740 216.876 237.392 242.162 234.216 239.101 270.908 283.279 279.524 285.194 252.709 -999.250 -999.250 -999.250 -999.250 -999.250 -999.250 -999.250 -999.250 -999.250 -999.250 -999.250 -999.250 -999.250 -999.250 -999.250 -999.250 -999.250 -999.250 -999.250 -999.250 -999.250
226.642 213.395 189.848 189.931 163.626 175.297 179.900 174.700 150.130 151.126 148.142 149.328 151.392 160.458 141.992 151.070 159.777 175.298 181.393 184.986 184.381 174.090 160.041 156.712 155.612 146.031 139.220 141.447 154.967 164.458 181.340 178.481 203.025 205.764 208.526 245.970 233.332 250.362 269.408 266.735 270.021 250.481 243.516 -999.250 -999.250 -999.250 -999.250 -999.250 -999.250 -999.250 -999.250 -999.250 -999.250 -999.250 -999.250 -999.250 -999.250 -999.250 -999.250 -999.250 -999.250 -999.250 -999.250 -999.250
252.736 247.362 225.421 190.205 188.023 181.599 197.377 185.704 174.748 172.453 176.460 183.473 172.783 165.107 163.380 172.450 172.837 190.706 190.651 184.978 186.167 172.112 173.663 157.510 151.643 142.410 135.342 139.621 149.199 170.358 169.286 195.693 195.302 201.836 223.417 239.725 238.871 246.519 273.964 268.877 260.902 252.410 231.330 -999.250 -999.250 -999.250 -999.250 -999.250 -999.250 -999.250 -999.250 -999.250 -999.250 -999.250 -999.250 -999.250 -999.250 -999.250 -999.250 -999.250 -999.250 -999.250 -999.250 -999.250
280.742 258.931 241.532 220.823 209.146 203.337 196.858 174.237 191.734 194.080 188.391 206.338 189.081 179.269 185.311 198.614 192.877 194.843 186.861 194.193 180.661 186.409 162.590 158.404 146.220 140.940 134.988 143.029 150.728 162.756 174.782 193.622 213.650 227.327 231.581 245.122 246.314 252.337 263.868 271.517 272.701 261.583 -999.250 -999.250 -999.250 -999.250 -999.250 -999.250 -999.250 -999.250 -999.250 -999.250 -999.250 -999.250 -999.250 -999.250 -999.250 -999.250 -999.250 -999.250 -999.250 -999.250 -999.250 -999.250
281.531 284.183 247.427 245.845 224.498 238.001 221.414 246.191 223.390 205.134 205.759 216.324 201.521 223.692 190.110 202.055 208.231 218.563 208.066 204.274 189.137 193.673 178.036 173.056 146.825 137.111 124.076 134.148 160.900 166.997 167.715 198.806 226.554 214.565 234.118 262.028 263.838 273.398 258.184 265.900 280.647 -999.250 -999.250 -999.250 -999.250 -999.250 -999.250 -999.250 -999.250 -999.250 -999.250 -999.250 -999.250 -999.250 -999.250 -999.250 -999.250 -999.250 -999.250 -999.250 -999.250 -999.250 -999.250 -999.250
304.616 269.234 267.036 257.474 254.478 249.672 260.665 270.199 255.483 238.032 229.233 240.720 209.940 223.137 222.192 227.443 216.004 228.888 240.302 210.578 207.791 186.914 181.901 171.619 158.381 129.265 103.919 135.089 143.992 167.808 190.966 205.602 237.546 234.791 251.481 260.721 272.052 278.899 305.444 307.084 295.212 -999.250 -999.250 -999.250 -999.250 -999.250 -999.250 -999.250 -999.250 -999.250 -999.250 -999.250 -999.250 -999.250 -999.250 -999.250 -999.250 -999.250 -999.250 -999.250 -999.250 -999.250 -999.250 -999.250
291.894 274.804 267.902 274.122 275.099 292.475 301.701 289.152 291.547 257.560 250.834 274.278 258.546 239.975 239.951 225.662 234.069 214.906 235.326 236.421 209.736 206.691 188.164 175.289 165.125 156.335 137.885 142.665 168.252 200.624 222.693 249.289 264.703 253.740 273.873 285.505 282.262 320.483 323.303 -999.250 -999.250 -999.250 -999.250 -999.250 -999.250 -999.250 -999.250 -999.250 -999.250 -999.250 -999.250 -999.250 -999.250 -999.250 -999.250 -999.250 -999.250 -999.250 -999.250 -999.250 -999.250 -999.250 -999.250 -999.250
294.364 271.347 275.140 306.512 315.617 307.225 322.389 316.430 322.027 287.920 273.532 287.820 283.964 246.283 255.713 257.433 246.147 227.409 238.248 257.189 218.345 205.932 207.496 194.283 192.074 184.722 175.688 143.678 199.080 221.073 244.732 288.201 271.270 308.765 299.959 305.230 313.360 332.877 -999.250 -999.250 -999.250 -999.250 -999.250 -999.250 -999.250 -999.250 -999.250 -999.250 -999.250 -999.250 -999.250 -999.250 -999.250 -999.250 -999.250 -999.250 -999.250 -999.250 -999.250 -999.250 -999.250 -999.250 -999.250 -999.250
292.561 259.815 311.518 337.823 339.869 326.237 348.242 345.026 319.889 301.749 295.068 306.130 311.254 287.354 271.508 288.040 250.261 246.699 226.961 233.586 252.320 216.726 224.514 229.428 226.627 216.049 229.584 213.125 233.752 262.699 278.616 313.612 313.619 312.770 299.031 349.035 355.364 -999.250 -999.250 -999.250 -999.250 -999.250 -999.250 -999.250 -999.250 -999.250 -999.250 -999.250 -999.250 -999.250 -999.250 -999.250 -999.250 -999.250 -999.250 -999.250 -999.250 -999.250 -999.250 -999.250 -999.250 -999.250 -999.250 -999.250
327.997 328.985 370.941 372.512 363.441 352.410 361.332 370.066 373.469 338.028 327.322 324.522 320.122 308.988 285.160 271.538 258.771 242.906 250.095 235.507 263.131 236.774 232.096 277.546 278.831 279.908 285.953 275.548 289.937 317.305 353.883 344.839 342.989 346.387 370.617 382.471 -999.250 -999.250 -999.250 -999.250 -999.250 -999.250 -999.250 -999.250 -999.250 -999.250 -999.250 -999.250 -999.250 -999.250 -999.250 -999.250 -999.250 -999.250 -999.250 -999.250 -999.250 -999.250 -999.250 -999.250 -999.250 -999.250 -999.250 -999.250
384.268 374.523 401.768 402.361 381.695 389.528 372.075 410.983 388.596 375.640 356.791 330.603 327.004 326.881 282.252 283.748 251.816 253.808 247.129 251.591 259.162 269.283 258.608 316.621 318.522 317.019 347.104 341.381 365.457 361.060 396.993 382.641 387.393 414.017 -999.250 -999.250 -999.250 -999.250 -999.250 -999.250 -999.250 -999.250 -999.250 -999.250 -999.250 -999.250 -999.250 -999.250 -999.250 -999.250 -999.250 -999.250 -999.250 -999.250 -999.250 -999.250 -999.250 -999.250 -999.250 -999.250 -999.250 -999.250 -999.250 -999.250
407.647 417.090 436.350 433.229 427.672 446.148 427.308 436.148 422.185 417.268 373.956 336.393 322.616 321.167 290.650 287.722 249.618 246.693 249.020 235.834 275.401 298.477 328.901 349.779 366.993 380.044 418.142 437.936 411.674 456.995 433.374 437.917 454.674 439.077 -999.250 -999.250 -999.250 -999.250 -999.250 -999.250 -999.250 -999.250 -999.250 -999.250 -999.250 -999.250 -999.250 -999.250 -999.250 -999.250 -999.250 -999.250 -999.250 -999.250 -999.250 -999.250 -999.250 -999.250 -999.250 -999.250 -999.250 -999.250 -999.250 -999.250
431.845 446.831 434.339 456.379 439.291 458.850 483.181 465.471 444.752 420.215 373.471 356.092 338.087 335.968 325.387 292.013 276.290 247.787 240.383 230.015 259.899 318.788 333.404 369.165 429.259 447.382 481.427 487.531 500.912 494.969 499.308 508.815 484.808 -999.250 -999.250 -999.250 -999.250 -999.250 -999.250 -999.250 -999.250 -999.250 -999.250 -999.250 -999.250 -999.250 -999.250 -999.250 -999.250 -999.250 -999.250 -999.250 -999.250 -999.250 -999.250 -999.250 -999.250 -999.250 -999.250 -999.250 -999.250 -999.250 -999.250 -999.250
463.299 451.766 466.266 482.918 477.286 493.684 505.162 490.751 481.488 448.769 391.994 388.861 354.601 357.832 331.889 283.820 276.072 238.987 226.868 222.643 246.691 321.966 345.287 416.094 471.346 498.886 531.129 557.229 533.227 541.226 568.458 528.824 482.241 -999.250 -999.250 -999.250 -999.250 -999.250 -999.250 -999.250 -999.250 -999.250 -999.250 -999.250 -999.250 -999.250 -999.250 -999.250 -999.250 -999.250 -999.250 -999.250 -999.250 -999.250 -999.250 -999.250 -999.250 -999.250 -999.250 -999.250 -999.250 -999.250 -999.250 -999.250
464.275 478.527 494.933 526.116 524.912 509.420 542.157 539.743 505.248 461.969 457.125 410.420 399.925 352.659 336.960 330.923 284.620 251.452 222.394 173.147 257.004 346.080 400.209 450.741 515.019 548.549 577.250 625.875 615.065 632.613 589.111 590.944 543.648 -999.250 -999.250 -999.250 -999.250 -999.250 -999.250 -999.250 -999.250 -999.250 -999.250 -999.250 -999.250 -999.250 -999.250 -999.250 -999.250 -999.250 -999.250 -999.250 -999.250 -999.250 -999.250 -999.250 -999.250 -999.250 -999.250 -999.250 -999.250 -999.250 -999.250 -999.250
468.135 471.970 503.067 542.839 556.971 558.602 527.745 541.500 501.114 468.041 485.247 466.528 415.886 371.262 363.972 324.314 303.312 267.080 245.828 260.247 279.215 364.251 422.556 467.819 548.204 610.600 657.960 637.183 695.774 630.737 580.781 593.915 566.548 -999.250 -999.250 -999.250 -999.250 -999.250 -999.250 -999.250 -999.250 -999.250 -999.250 -999.250 -999.250 -999.250 -999.250 -999.250 -999.250 -999.250 -999.250 -999.250 -999.250 -999.250 -999.250 -999.250 -999.250 -999.250 -999.250 -999.250 -999.250 -999.250 -999.250 -999.250
481.354 493.084 522.144 540.626 554.405 561.774 541.188 499.604 516.363 468.421 474.445 461.021 438.896 394.587 367.700 333.082 334.908 297.619 293.712 315.531 344.014 400.291 455.447 525.704 579.890 666.063 701.122 719.580 681.315 685.736 621.339 643.277 612.609 561.704 -999.250 -999.250 -999.250 -999.250 -999.250 -999.250 -999.250 -999.250 -999.250 -999.250 -999.250 -999.250 -999.250 -999.250 -999.250 -999.250 -999.250 -999.250 -999.250 -999.250 -999.250 -999.250 -999.250 -999.250 -999.250 -999.250 -999.250 -999.250 -999.250 -999.250
506.447 503.268 525.199 558.868 548.116 562.526 520.197 507.409 499.640 497.203 509.528 475.649 466.455 409.705 390.304 377.303 361.623 348.999 351.098 342.478 380.712 447.400 482.795 517.938 599.207 643.592 706.581 682.609 641.845 682.103 653.906 639.991 621.253 538.332 -999.250 -999.250 -999.250 -999.250 -999.250 -999.250 -999.250 -999.250 -999.250 -999.250 -999.250 -999.250 -999.250 -999.250 -999.250 -999.250 -999.250 -999.250 -999.250 -999.250 -999.250 -999.250 -999.250 -999.250 -999.250 -999.250 -999.250 -999.250 -999.250 -999.250
512.939 503.130 509.107 569.960 591.743 590.204 558.830 556.148 505.968 510.386 495.467 474.416 485.389 439.870 424.325 416.868 366.989 381.398 381.709 364.220 423.539 468.287 533.946 516.045 600.714 672.156 670.554 670.835 701.308 713.627 715.260 627.416 598.246 -999.250 -999.250 -999.250 -999.250 -999.250 -999.250 -999.250 -999.250 -999.250 -999.250 -999.250 -999.250 -999.250 -999.250 -999.250 -999.250 -999.250 -999.250 -999.250 -999.250 -999.250 -999.250 -999.250 -999.250 -999.250 -999.250 -999.250 -999.250 -999.250 -999.250 -999.250
494.997 495.736 525.727 552.542 556.251 577.936 552.452 513.154 532.355 513.475 463.489 499.131 485.663 465.310 443.934 399.573 422.153 420.919 428.466 421.684 424.521 480.978 526.390 556.027 602.090 671.931 662.164 703.248 675.894 665.381 662.991 647.909 -999.250 -999.250 -999.250 -999.250 -999.250 -999.250 -999.250 -999.250 -999.250 -999.250 -999.250 -999.250 -999.250 -999.250 -999.250 -999.250 -999.250 -999.250 -999.250 -999.250 -999.250 -999.250 -999.250 -999.250 -999.250 -999.250 -999.250 -999.250 -999.250 -999.250 -999.250 -999.250
478.209 483.781 513.915 544.239 549.130 558.548 553.477 506.673 507.594 494.095 465.977 482.261 479.553 467.130 467.138 467.532 456.056 444.316 454.779 444.611 453.483 500.260 535.763 565.563 626.208 661.532 662.508 702.561 692.460 653.877 654.543 680.681 -999.250 -999.250 -999.250 -999.250 -999.250 -999.250 -999.250 -999.250 -999.250 -999.250 -999.250 -999.250 -999.250 -999.250 -999.250 -999.250 -999.250 -999.250 -999.250 -999.250 -999.250 -999.250 -999.250 -999.250 -999.250 -999.250 -999.250 -999.250 -999.250 -999.250 -999.250 -999.250
480.152 473.187 486.500 509.204 544.060 535.879 534.245 526.162 487.394 470.290 473.115 476.732 486.994 482.650 485.708 482.568 464.624 465.269 449.688 465.276 473.519 504.421 588.382 606.068 621.931 652.157 673.965 688.761 658.977 669.005 681.883 681.004 -999.250 -999.250 -999.250 -999.250 -999.250 -999.250 -999.250 -999.250 -999.250 -999.250 -999.250 -999.250 -999.250 -999.250 -999.250 -999.250 -999.250 -999.250 -999.250 -999.250 -999.250 -999.250 -999.250 -999.250 -999.250 -999.250 -999.250 -999.250 -999.250 -999.250 -999.250 -999.250
472.598 476.899 477.452 514.271 514.186 517.511 497.650 497.991 483.525 481.632 462.678 466.342 468.144 458.784 470.663 490.100 470.170 476.085 444.532 477.118 492.013 535.070 575.535 584.473 620.772 666.250 635.130 651.892 632.396 689.097 699.642 656.264 -999.250 -999.250 -999.250 -999.250 -999.250 -999.250 -999.250 -999.250 -999.250 -999.250 -999.250 -999.250 -999.250 -999.250 -999.250 -999.250 -999.250 -999.250 -999.250 -999.250 -999.250 -999.250 -999.250 -999.250 -999.250 -999.250 -999.250 -999.250 -999.250 -999.250 -999.250 -999.250
464.561 458.560 459.177 496.446 481.140 510.162 490.658 492.463 509.481 463.483 447.067 466.960 469.325 449.932 460.448 452.611 477.701 474.305 496.191 488.192 491.355 515.160 547.536 574.422 642.229 672.112 627.153 637.746 642.258 668.413 628.979 -999.250 -999.250 -999.250 -999.250 -999.250 -999.250 -999.250 -999.250 -999.250 -999.250 -999.250 -999.250 -999.250 -999.250 -999.250 -999.250 -999.250 -999.250 -999.250 -999.250 -999.250 -999.250 -999.250 -999.250 -999.250 -999.250 -999.250 -999.250 -999.250 -999.250 -999.250 -999.250 -999.250
