data/medianmodel_13-May-2020.asc
ncols	141
nrows	288
xllcorner	-120191.398
yllcorner	-301404.813
cellsize	2000.000
NODATA_value	-999.250
[rows 31 to 61 of 288, columns 0 to 68 of 141]
-999.250 -999.250 -999.250 -999.250 -999.250 -999.250 -999.250 -999.250 -999.250 -999.250 -999.250 -999.250 -999.250 -999.250 -999.250 -999.250 -999.250 -999.250 -999.250 -999.250 -999.250 -999.250 -999.250 -999.250 -999.250 -999.250 -999.250 -999.250 -999.250 -999.250 -999.250 -999.250 18.522 18.766 23.522 25.579 35.834 43.094 41.968 55.355 57.752 54.519 54.630 57.193 65.522 73.459 76.361 83.255 84.563 81.805 84.281 74.598 61.751 41.961 32.560 23.251 17.045 14.291 14.126 11.963 13.596 12.164 13.047 12.127 10.516 9.100 8.641 7.806 8.245
-999.250 -999.250 -999.250 -999.250 -999.250 -999.250 -999.250 -999.250 -999.250 -999.250 -999.250 -999.250 -999.250 -999.250 -999.250 -999.250 -999.250 -999.250 -999.250 -999.250 -999.250 -999.250 -999.250 -999.250 -999.250 -999.250 -999.250 -999.250 -999.250 -999.250 -999.250 -999.250 16.292 21.430 26.145 30.614 37.080 35.884 42.947 56.751 69.205 54.799 49.550 51.669 58.271 63.429 58.071 63.821 74.205 69.992 69.147 58.469 46.490 30.693 21.354 15.299 9.486 8.673 6.432 5.364 5.858 6.452 8.283 8.274 9.129 7.809 6.725 6.940 6.452
-999.250 -999.250 -999.250 -999.250 -999.250 -999.250 -999.250 -999.250 -999.250 -999.250 -999.250 -999.250 -999.250 -999.250 -999.250 -999.250 -999.250 -999.250 -999.250 -999.250 -999.250 -999.250 -999.250 -999.250 -999.250 -999.250 -999.250 -999.250 -999.250 -999.250 -999.250 -999.250 18.492 23.408 21.768 25.761 30.426 39.959 45.882 48.951 63.690 50.346 52.305 45.423 50.884 54.134 55.357 51.088 52.551 50.182 47.153 43.026 36.132 32.608 19.442 11.692 6.839 3.302 0.244 3.460 4.190 5.466 5.252 7.276 8.768 8.683 7.263 5.559 5.708
-999.250 -999.250 -999.250 -999.250 -999.250 -999.250 -999.250 -999.250 -999.250 -999.250 -999.250 -999.250 -999.250 -999.250 -999.250 -999.250 -999.250 -999.250 -999.250 -999.250 -999.250 -999.250 -999.250 -999.250 -999.250 -999.250 -999.250 -999.250 -999.250 -999.250 -999.250 -999.250 18.018 24.521 25.711 28.224 30.703 38.104 40.392 45.207 48.181 43.666 45.662 46.799 47.724 41.124 37.888 40.879 38.233 39.493 43.448 39.051 33.089 29.117 17.347 11.211 6.567 4.864 0.244 0.000 0.000 1.318 2.972 4.508 6.399 7.432 5.404 5.872 5.584
-999.250 -999.250 -999.250 -999.250 -999.250 -999.250 -999.250 -999.250 -999.250 -999.250 -999.250 -999.250 -999.250 -999.250 -999.250 -999.250 -999.250 -999.250 -999.250 -999.250 -999.250 -999.250 -999.250 -999.250 -999.250 -999.250 -999.250 -999.250 -999.250 -999.250 -999.250 -999.250 19.237 22.565 26.670 22.582 30.476 34.086 37.454 41.123 41.588 38.368 39.598 44.501 46.252 40.758 32.746 32.782 32.035 36.606 40.644 35.684 33.374 22.705 19.572 10.727 7.205 4.989 2.736 0.776 0.042 1.557 1.611 1.573 4.581 5.211 3.505 2.281 2.703
-999.250 -999.250 -999.250 -999.250 -999.250 -999.250 -999.250 -999.250 -999.250 -999.250 -999.250 -999.250 -999.250 -999.250 -999.250 -999.250 -999.250 -999.250 -999.250 -999.250 -999.250 -999.250 -999.250 -999.250 -999.250 -999.250 -999.250 -999.250 -999.250 -999.250 -999.250 -999.250 18.855 21.281 24.035 26.144 33.622 34.251 36.348 32.450 33.654 33.004 36.330 35.396 34.616 33.397 26.155 29.822 30.901 35.739 33.745 32.235 27.907 24.812 20.431 14.976 10.676 6.348 4.820 3.080 1.971 2.032 0.000 0.115 0.735 0.777 0.985 1.770 0.212
-999.250 -999.250 -999.250 -999.250 -999.250 -999.250 -999.250 -999.250 -999.250 -999.250 -999.250 -999.250 -999.250 -999.250 -999.250 -999.250 -999.250 -999.250 -999.250 -999.250 -999.250 -999.250 -999.250 -999.250 -999.250 -999.250 -999.250 -999.250 -999.250 -999.250 -999.250 -999.250 -999.250 24.087 25.021 25.273 32.103 30.635 31.592 27.699 27.767 32.020 35.077 33.823 26.070 26.242 25.636 24.834 28.870 33.350 31.119 31.253 31.422 27.443 25.318 21.341 14.734 12.958 9.794 8.453 5.453 2.738 1.523 0.000 0.000 0.000 0.000 0.117 0.099
-999.250 -999.250 -999.250 -999.250 -999.250 -999.250 -999.250 -999.250 -999.250 -999.250 -999.250 -999.250 -999.250 -999.250 -999.250 -999.250 -999.250 -999.250 -999.250 -999.250 -999.250 -999.250 -999.250 -999.250 -999.250 -999.250 -999.250 -999.250 -999.250 -999.250 -999.250 -999.250 -999.250 25.425 25.983 24.390 24.550 28.669 27.669 24.475 21.256 17.698 21.476 23.967 21.194 20.010 22.361 25.415 26.998 28.373 36.270 36.231 37.251 32.052 32.805 29.928 18.188 18.540 16.646 11.859 9.872 6.561 4.710 2.871 0.000 0.000 0.000 0.000 0.000
-999.250 -999.250 -999.250 -999.250 -999.250 -999.250 -999.250 -999.250 -999.250 -999.250 -999.250 -999.250 -999.250 -999.250 -999.250 -999.250 -999.250 -999.250 -999.250 -999.250 -999.250 -999.250 -999.250 -999.250 -999.250 -999.250 -999.250 -999.250 -999.250 -999.250 -999.250 -999.250 25.909 30.872 26.154 26.322 26.280 25.418 20.969 23.623 22.015 19.060 19.306 18.402 20.460 20.525 23.531 24.101 24.412 31.116 37.897 43.334 51.868 44.355 44.428 40.197 35.460 24.343 21.312 19.451 13.026 9.452 6.552 4.645 3.003 0.249 0.000 0.000 0.000
-999.250 -999.250 -999.250 -999.250 -999.250 -999.250 -999.250 -999.250 -999.250 -999.250 -999.250 -999.250 -999.250 -999.250 -999.250 -999.250 -999.250 -999.250 -999.250 -999.250 -999.250 -999.250 -999.250 -999.250 -999.250 -999.250 -999.250 -999.250 -999.250 -999.250 -999.250 -999.250 25.098 30.409 27.519 29.434 24.307 20.172 18.499 18.502 18.087 15.580 16.674 15.440 15.145 20.301 22.956 22.208 34.607 33.027 44.331 52.197 56.361 63.416 50.934 45.469 44.962 38.489 32.711 31.875 21.936 14.665 11.635 10.504 4.439 2.047 0.000 0.000 0.000
-999.250 -999.250 -999.250 -999.250 -999.250 -999.250 -999.250 -999.250 -999.250 -999.250 -999.250 -999.250 -999.250 -999.250 -999.250 -999.250 -999.250 -999.250 -999.250 -999.250 -999.250 -999.250 -999.250 -999.250 -999.250 -999.250 -999.250 -999.250 -999.250 -999.250 -999.250 -999.250 -999.250 27.620 31.855 27.679 25.525 24.364 19.683 12.308 15.620 17.021 14.564 14.154 18.986 18.785 27.993 28.872 36.254 45.047 47.527 56.677 66.948 76.640 69.440 65.239 59.340 50.704 46.083 39.539 25.813 18.614 12.516 9.316 5.969 2.790 0.000 0.000 0.000
-999.250 -999.250 -999.250 -999.250 -999.250 -999.250 -999.250 -999.250 -999.250 -999.250 -999.250 -999.250 -999.250 -999.250 -999.250 -999.250 -999.250 -999.250 -999.250 -999.250 -999.250 -999.250 -999.250 -999.250 -999.250 -999.250 -999.250 -999.250 -999.250 -999.250 -999.250 -999.250 -999.250 25.337 28.355 27.220 24.370 23.261 19.113 13.191 12.354 12.973 10.248 10.766 16.145 20.817 30.542 37.584 45.209 50.387 53.276 72.865 75.323 78.804 83.785 82.975 79.635 71.060 51.393 48.249 33.825 28.481 16.555 13.974 4.996 1.071 0.540 0.000 0.000
-999.250 -999.250 -999.250 -999.250 -999.250 -999.250 -999.250 -999.250 -999.250 -999.250 -999.250 -999.250 -999.250 -999.250 -999.250 -999.250 -999.250 -999.250 -999.250 -999.250 -999.250 -999.250 -999.250 -999.250 -999.250 -999.250 -999.250 -999.250 -999.250 -999.250 -999.250 -999.250 -999.250 29.651 30.987 29.349 24.553 21.760 18.755 14.501 13.144 11.019 7.499 9.923 12.568 21.871 33.302 48.490 45.940 53.660 62.204 73.568 81.739 84.783 96.411 94.899 97.146 95.707 78.560 61.933 46.635 34.516 17.946 13.622 6.982 4.214 0.510 0.215 0.254
-999.250 -999.250 -999.250 -999.250 -999.250 -999.250 -999.250 -999.250 -999.250 -999.250 -999.250 -999.250 -999.250 -999.250 -999.250 -999.250 -999.250 -999.250 -999.250 -999.250 -999.250 -999.250 -999.250 -999.250 -999.250 -999.250 -999.250 -999.250 -999.250 -999.250 -999.250 -999.250 -999.250 -999.250 29.758 32.541 24.197 20.493 16.415 14.281 9.858 8.921 6.298 8.796 11.841 21.426 29.815 36.590 40.695 49.235 65.041 72.844 89.140 93.001 104.982 109.540 105.598 95.230 80.070 70.059 54.451 42.067 22.371 14.844 9.610 7.323 5.229 3.222 0.593
-999.250 -999.250 -999.250 -999.250 -999.250 -999.250 -999.250 -999.250 -999.250 -999.250 -999.250 -999.250 -999.250 -999.250 -999.250 -999.250 -999.250 -999.250 -999.250 -999.250 -999.250 -999.250 -999.250 -999.250 -999.250 -999.250 -999.250 -999.250 -999.250 -999.250 -999.250 -999.250 -999.250 -999.250 31.755 25.610 27.204 22.874 15.538 12.386 10.060 8.131 5.975 7.809 14.218 18.695 29.846 32.964 41.947 52.245 70.061 82.797 93.593 98.276 121.043 129.734 108.656 94.559 87.269 72.103 52.456 38.403 26.622 16.050 9.769 9.141 3.962 2.974 1.635
-999.250 -999.250 -999.250 -999.250 -999.250 -999.250 -999.250 -999.250 -999.250 -999.250 -999.250 -999.250 -999.250 -999.250 -999.250 -999.250 -999.250 -999.250 -999.250 -999.250 -999.250 -999.250 -999.250 -999.250 -999.250 -999.250 -999.250 -999.250 -999.250 -999.250 -999.250 -999.250 -999.250 -999.250 28.354 28.920 21.576 19.248 17.587 14.001 9.722 8.103 6.954 10.296 15.567 20.134 25.042 33.425 38.228 49.054 61.698 82.314 102.645 124.862 152.134 144.921 121.041 113.832 88.049 69.587 54.665 36.519 28.041 16.882 11.972 8.502 8.256 6.170 4.334
-999.250 -999.250 -999.250 -999.250 -999.250 -999.250 -999.250 -999.250 -999.250 -999.250 -999.250 -999.250 -999.250 -999.250 -999.250 -999.250 -999.250 -999.250 -999.250 -999.250 -999.250 -999.250 -999.250 -999.250 -999.250 -999.250 -999.250 -999.250 -999.250 -999.250 -999.250 -999.250 -999.250 -999.250 26.918 29.113 28.885 18.703 21.246 13.893 13.737 10.192 10.727 14.069 18.383 22.425 27.373 35.419 41.080 48.522 70.837 96.829 110.548 154.997 173.244 169.845 148.502 103.565 89.149 73.462 50.554 34.978 27.844 19.040 10.399 9.939 10.000 7.199 6.942
-999.250 -999.250 -999.250 -999.250 -999.250 -999.250 -999.250 -999.250 -999.250 -999.250 -999.250 -999.250 -999.250 -999.250 -999.250 -999.250 -999.250 -999.250 -999.250 -999.250 -999.250 -999.250 -999.250 -999.250 -999.250 -999.250 -999.250 -999.250 -999.250 -999.250 -999.250 -999.250 -999.250 -999.250 -999.250 27.352 27.167 25.349 23.715 21.708 19.270 14.025 13.216 18.300 22.118 22.890 34.211 37.067 38.117 58.625 79.640 88.812 110.201 152.413 154.180 164.304 145.875 103.234 86.914 63.278 43.307 34.221 30.079 19.196 11.237 7.944 8.246 7.747 8.148
-999.250 -999.250 -999.250 -999.250 -999.250 -999.250 -999.250 -999.250 -999.250 -999.250 -999.250 -999.250 -999.250 -999.250 -999.250 -999.250 -999.250 -999.250 -999.250 -999.250 -999.250 -999.250 -999.250 -999.250 -999.250 -999.250 -999.250 -999.250 -999.250 -999.250 -999.250 -999.250 -999.250 -999.250 -999.250 32.618 31.306 29.077 23.527 21.579 17.174 15.751 18.028 17.689 19.935 27.136 33.189 34.095 42.171 55.973 74.695 90.947 116.031 126.716 142.108 138.981 132.076 91.242 83.549 62.460 46.450 35.130 29.986 19.513 14.952 10.376 9.359 8.537 7.027
-999.250 -999.250 -999.250 -999.250 -999.250 -999.250 -999.250 -999.250 -999.250 -999.250 -999.250 -999.250 -999.250 -999.250 -999.250 -999.250 -999.250 -999.250 -999.250 -999.250 -999.250 -999.250 -999.250 -999.250 -999.250 -999.250 -999.250 -999.250 -999.250 -999.250 -999.250 -999.250 -999.250 -999.250 -999.250 34.805 34.400 33.624 34.957 26.624 21.023 22.170 23.009 22.139 26.468 30.346 33.399 31.599 38.031 48.675 56.786 74.232 92.795 97.921 106.845 108.825 93.406 78.864 71.142 51.352 42.203 33.068 26.670 22.142 16.847 17.408 15.083 12.079 8.494
-999.250 -999.250 -999.250 -999.250 -999.250 -999.250 -999.250 -999.250 -999.250 -999.250 -999.250 -999.250 -999.250 -999.250 -999.250 -999.250 -999.250 -999.250 -999.250 -999.250 -999.250 -999.250 -999.250 -999.250 -999.250 -999.250 -999.250 -999.250 -999.250 -999.250 -999.250 -999.250 -999.250 -999.250 -999.250 41.744 37.762 38.546 45.621 33.522 23.744 28.370 32.839 25.267 24.614 30.964 28.412 34.536 37.417 40.883 51.644 52.467 68.731 76.317 79.964 88.538 82.008 67.028 65.264 46.660 41.338 30.300 29.521 26.087 19.250 21.069 18.411 11.773 8.364
-999.250 -999.250 -999.250 -999.250 -999.250 -999.250 -999.250 -999.250 -999.250 -999.250 -999.250 -999.250 -999.250 -999.250 -999.250 -999.250 -999.250 -999.250 -999.250 -999.250 -999.250 -999.250 -999.250 -999.250 -999.250 -999.250 -999.250 -999.250 -999.250 -999.250 -999.250 -999.250 -999.250 -999.250 -999.250 32.966 33.371 38.911 38.393 28.702 27.317 29.546 31.775 32.630 30.957 26.530 25.122 27.188 32.991 34.857 36.632 36.304 39.491 44.258 54.423 66.442 65.336 58.528 49.259 46.798 33.739 33.119 28.908 29.088 30.229 23.744 18.304 14.360 12.198
-999.250 -999.250 -999.250 -999.250 -999.250 -999.250 -999.250 -999.250 -999.250 -999.250 -999.250 -999.250 -999.250 -999.250 -999.250 -999.250 -999.250 -999.250 -999.250 -999.250 -999.250 -999.250 -999.250 -999.250 -999.250 -999.250 -999.250 -999.250 -999.250 -999.250 -999.250 -999.250 -999.250 -999.250 -999.250 -999.250 34.873 32.737 32.083 27.934 32.615 30.779 28.131 30.471 32.434 26.966 25.177 24.936 23.664 25.654 24.343 21.303 22.932 32.747 44.567 46.524 48.615 37.342 39.982 36.896 37.510 33.822 33.607 30.435 30.131 31.654 23.948 18.450 11.209
-999.250 -999.250 -999.250 -999.250 -999.250 -999.250 -999.250 -999.250 -999.250 -999.250 -999.250 -999.250 -999.250 -999.250 -999.250 -999.250 -999.250 -999.250 -999.250 -999.250 -999.250 -999.250 -999.250 -999.250 -999.250 -999.250 -999.250 -999.250 -999.250 -999.250 -999.250 -999.250 -999.250 -999.250 -999.250 -999.250 24.903 33.391 28.590 30.470 32.214 31.423 33.300 33.738 29.442 24.647 20.400 21.153 17.578 19.533 15.949 15.704 17.353 25.857 32.328 36.036 34.848 34.783 30.938 32.576 31.010 34.547 31.352 32.057 32.973 32.503 32.025 20.478 10.324
-999.250 -999.250 -999.250 -999.250 -999.250 -999.250 -999.250 -999.250 -999.250 -999.250 -999.250 -999.250 -999.250 -999.250 -999.250 -999.250 -999.250 -999.250 -999.250 -999.250 -999.250 -999.250 -999.250 -999.250 -999.250 -999.250 -999.250 -999.250 -999.250 -999.250 -999.250 -999.250 -999.250 -999.250 -999.250 -999.250 -999.250 33.405 34.466 31.410 34.135 31.534 31.300 32.355 29.855 26.377 19.224 20.340 16.972 15.399 14.760 12.415 18.449 20.987 24.638 28.852 28.296 31.880 31.253 30.783 27.491 27.791 29.178 29.109 29.999 29.877 37.337 22.436 13.202
-999.250 -999.250 -999.250 -999.250 -999.250 -999.250 -999.250 -999.250 -999.250 -999.250 -999.250 -999.250 -999.250 -999.250 -999.250 -999.250 -999.250 -999.250 -999.250 -999.250 -999.250 -999.250 -999.250 -999.250 -999.250 -999.250 -999.250 -999.250 -999.250 -999.250 -999.250 -999.250 -999.250 -999.250 -999.250 -999.250 -999.250 31.551 34.668 36.488 36.461 35.116 34.497 32.384 33.568 29.591 24.496 20.219 18.448 15.667 14.388 14.655 18.386 19.122 21.547 22.459 23.743 28.755 28.628 26.489 28.181 30.068 27.307 26.068 27.624 26.790 28.955 20.713 12.793
-999.250 -999.250 -999.250 -999.250 -999.250 -999.250 -999.250 -999.250 -999.250 -999.250 -999.250 -999.250 -999.250 -999.250 -999.250 -999.250 -999.250 -999.250 -999.250 -999.250 -999.250 -999.250 -999.250 -999.250 -999.250 -999.250 -999.250 -999.250 -999.250 -999.250 -999.250 -999.250 -999.250 -999.250 -999.250 -999.250 -999.250 27.049 34.695 38.734 40.936 35.671 35.556 32.343 35.178 32.039 29.197 23.406 20.148 16.105 18.488 24.816 24.841 24.511 31.250 27.481 33.082 26.842 26.915 26.028 29.171 28.315 29.313 28.015 26.247 24.777 18.619 14.356 9.865
-999.250 -999.250 -999.250 -999.250 -999.250 -999.250 -999.250 -999.250 -999.250 -999.250 -999.250 -999.250 -999.250 -999.250 -999.250 -999.250 -999.250 -999.250 -999.250 -999.250 -999.250 -999.250 -999.250 -999.250 -999.250 -999.250 -999.250 -999.250 -999.250 -999.250 -999.250 -999.250 -999.250 -999.250 -999.250 -999.250 -999.250 25.839 31.474 33.176 35.844 33.846 33.057 32.324 35.506 32.618 26.462 27.747 27.382 28.154 27.808 30.205 33.976 36.184 30.330 27.820 34.214 31.475 25.647 32.773 32.055 29.328 31.417 23.246 24.814 19.369 19.114 12.602 9.528
-999.250 -999.250 -999.250 -999.250 -999.250 -999.250 -999.250 -999.250 -999.250 -999.250 -999.250 -999.250 -999.250 -999.250 -999.250 -999.250 -999.250 -999.250 -999.250 -999.250 -999.250 -999.250 -999.250 -999.250 -999.250 -999.250 -999.250 -999.250 -999.250 -999.250 -999.250 -999.250 -999.250 -999.250 -999.250 -999.250 -999.250 -999.250 26.505 27.532 28.941 30.226 29.319 30.888 30.221 29.202 29.350 30.270 27.931 31.559 37.879 36.346 36.478 45.611 44.761 38.805 35.177 31.110 31.422 29.931 33.694 30.799 28.750 30.293 27.427 24.522 15.533 10.171 9.299
-999.250 -999.250 -999.250 -999.250 -999.250 -999.250 -999.250 -999.250 -999.250 -999.250 -999.250 -999.250 -999.250 -999.250 -999.250 -999.250 -999.250 -999.250 -999.250 -999.250 -999.250 -999.250 -999.250 -999.250 -999.250 -999.250 -999.250 -999.250 -999.250 -999.250 -999.250 -999.250 -999.250 -999.250 -999.250 -999.250 -999.250 -999.250 26.283 27.629 25.308 25.678 28.536 28.537 33.969 28.609 31.731 29.868 33.002 33.278 35.339 34.250 40.886 51.767 42.658 35.088 35.403 34.533 38.369 33.493 33.121 31.729 30.999 24.310 20.579 21.274 14.523 12.382 8.860
-999.250 -999.250 -999.250 -999.250 -999.250 -999.250 -999.250 -999.250 -999.250 -999.250 -999.250 -999.250 -999.250 -999.250 -999.250 -999.250 -999.250 -999.250 -999.250 -999.250 -999.250 -999.250 -999.250 -999.250 -999.250 -999.250 -999.250 -999.250 -999.250 -999.250 -999.250 -999.250 -999.250 -999.250 -999.250 -999.250 -999.250 -999.250 21.554 29.502 26.574 26.067 27.371 29.477 31.407 30.153 31.664 32.403 32.062 35.516 37.603 34.253 38.218 41.308 38.113 35.387 36.446 32.323 36.422 35.642 30.458 24.600 24.397 18.982 20.557 17.021 12.406 11.721 7.324
