data/medianmodel_06-Apr-2020.asc
ncols	141
nrows	288
xllcorner	-120191.398
yllcorner	-301404.813
cellsize	2000.000
NODATA_value	-999.250
[rows 60 to 89 of 288, columns 68 to 135 of 141]
393.446 358.196 297.459 241.083 162.431 69.442 25.499 5.393 0.000 0.000 0.000 0.000 2.569 7.059 8.508 10.488 9.175 11.251 9.345 15.718 20.416 22.115 25.617 25.240 32.306 32.328 36.237 39.314 40.070 42.196 49.511 61.830 72.389 70.317 78.218 78.151 82.956 85.823 78.238 67.587 79.585 65.837 63.450 55.122 46.072 38.505 27.125 24.952 -999.250 -999.250 -999.250 -999.250 -999.250 -999.250 -999.250 -999.250 -999.250 -999.250 -999.250 -999.250 -999.250 -999.250 -999.250 -999.250 -999.250 -999.250 -999.250 -999.250
389.520 345.877 280.827 240.544 141.880 65.622 20.262 0.000 0.000 0.000 0.000 0.000 5.349 10.032 12.660 11.192 10.724 13.571 14.297 15.656 24.334 27.261 30.637 27.025 26.643 30.062 31.303 33.727 30.021 37.584 39.894 51.679 57.103 54.805 63.234 68.896 74.493 68.381 68.670 75.224 66.811 65.979 51.653 44.050 50.193 38.285 26.184 -999.250 -999.250 -999.250 -999.250 -999.250 -999.250 -999.250 -999.250 -999.250 -999.250 -999.250 -999.250 -999.250 -999.250 -999.250 -999.250 -999.250 -999.250 -999.250 -999.250 -999.250
343.475 321.693 264.503 211.010 139.460 67.370 0.000 0.000 0.000 0.000 0.000 2.180 7.246 14.705 15.604 15.593 15.829 14.457 15.627 21.429 27.710 29.193 31.959 31.212 26.939 27.120 24.684 24.425 24.809 28.025 31.900 36.415 43.112 49.497 56.475 59.585 57.504 66.576 58.756 59.985 52.894 60.052 -999.250 -999.250 -999.250 -999.250 -999.250 -999.250 -999.250 -999.250 -999.250 -999.250 -999.250 -999.250 -999.250 -999.250 -999.250 -999.250 -999.250 -999.250 -999.250 -999.250 -999.250 -999.250 -999.250 -999.250 -999.250 -999.250
343.618 297.897 273.494 209.230 142.674 75.299 26.480 12.460 3.729 1.419 0.976 6.688 12.841 15.763 20.542 16.694 16.157 16.842 17.800 23.382 31.096 32.419 38.758 38.595 33.795 28.469 23.524 20.296 15.727 14.301 17.157 28.864 39.938 53.380 48.729 55.397 49.384 57.019 57.752 49.000 43.956 51.232 39.528 -999.250 -999.250 -999.250 -999.250 -999.250 -999.250 -999.250 -999.250 -999.250 -999.250 -999.250 -999.250 -999.250 -999.250 -999.250 -999.250 -999.250 -999.250 -999.250 -999.250 -999.250 -999.250 -999.250 -999.250 -999.250
319.277 310.229 284.498 236.906 158.681 89.953 51.623 23.115 12.466 9.849 7.958 9.573 14.870 18.008 16.296 17.582 13.032 12.630 17.889 24.724 26.222 34.830 35.853 35.560 35.787 28.003 20.317 16.938 8.761 0.000 13.415 25.443 31.368 46.348 43.886 37.794 39.715 34.713 39.876 36.055 39.396 44.542 37.410 32.025 -999.250 -999.250 -999.250 -999.250 -999.250 -999.250 -999.250 -999.250 -999.250 -999.250 -999.250 -999.250 -999.250 -999.250 -999.250 -999.250 -999.250 -999.250 -999.250 -999.250 -999.250 -999.250 -999.250 -999.250
290.004 318.880 289.978 249.052 171.312 114.825 68.512 40.984 23.568 19.551 14.127 11.119 11.653 12.664 13.880 12.380 11.035 12.457 16.887 19.543 25.487 31.365 32.184 34.163 30.238 29.989 23.842 19.821 13.816 9.060 15.127 20.796 23.538 30.126 36.710 31.773 30.561 28.567 32.651 28.085 30.036 32.381 26.792 23.697 -999.250 -999.250 -999.250 -999.250 -999.250 -999.250 -999.250 -999.250 -999.250 -999.250 -999.250 -999.250 -999.250 -999.250 -999.250 -999.250 -999.250 -999.250 -999.250 -999.250 -999.250 -999.250 -999.250 -999.250
296.983 301.997 273.094 234.747 198.894 122.313 88.877 50.064 28.258 21.533 15.800 13.781 11.886 10.302 8.780 7.807 7.013 9.194 14.468 19.316 21.701 23.468 29.464 31.171 33.113 31.239 25.921 19.385 17.589 16.787 16.092 18.875 23.740 25.090 27.883 26.072 27.189 26.108 26.222 22.695 22.031 24.800 23.341 24.491 24.089 -999.250 -999.250 -999.250 -999.250 -999.250 -999.250 -999.250 -999.250 -999.250 -999.250 -999.250 -999.250 -999.250 -999.250 -999.250 -999.250 -999.250 -999.250 -999.250 -999.250 -999.250 -999.250 -999.250
295.668 318.400 294.790 229.458 183.729 114.529 88.493 49.052 32.150 19.401 15.025 11.097 9.999 4.389 6.223 3.728 6.592 6.609 10.127 15.661 23.647 26.237 29.077 31.555 32.206 30.969 27.978 25.561 20.661 19.560 18.799 20.458 21.371 24.197 24.870 27.202 22.036 19.345 21.113 18.354 19.143 17.908 19.051 21.053 21.310 21.592 -999.250 -999.250 -999.250 -999.250 -999.250 -999.250 -999.250 -999.250 -999.250 -999.250 -999.250 -999.250 -999.250 -999.250 -999.250 -999.250 -999.250 -999.250 -999.250 -999.250 -999.250 -999.250
311.200 332.779 286.310 215.758 157.573 120.553 76.929 49.902 31.534 21.585 14.042 9.142 5.077 3.745 0.385 0.674 2.075 3.689 5.276 14.834 18.102 27.923 32.983 33.631 33.091 35.788 27.404 27.618 27.682 19.661 21.976 18.299 21.428 22.299 22.755 20.859 21.915 18.951 18.831 15.104 13.684 16.245 17.124 17.126 17.651 19.955 -999.250 -999.250 -999.250 -999.250 -999.250 -999.250 -999.250 -999.250 -999.250 -999.250 -999.250 -999.250 -999.250 -999.250 -999.250 -999.250 -999.250 -999.250 -999.250 -999.250 -999.250 -999.250
295.873 280.376 254.899 195.352 155.822 127.221 70.364 40.010 25.052 15.314 10.564 7.293 0.978 0.000 0.000 0.000 0.000 0.114 2.445 9.277 19.142 28.161 35.847 36.335 37.942 45.550 36.304 35.194 29.480 27.271 25.940 27.064 28.152 24.723 21.156 17.810 19.127 18.768 20.373 11.603 14.865 14.709 16.687 18.385 21.513 19.147 -999.250 -999.250 -999.250 -999.250 -999.250 -999.250 -999.250 -999.250 -999.250 -999.250 -999.250 -999.250 -999.250 -999.250 -999.250 -999.250 -999.250 -999.250 -999.250 -999.250 -999.250 -999.250
267.477 244.645 209.944 174.527 146.786 104.660 71.723 32.762 16.293 5.192 2.492 0.000 0.000 0.000 0.000 0.261 1.360 0.541 0.016 0.000 18.427 30.227 44.149 46.989 50.826 45.900 45.958 46.166 35.953 39.249 36.174 32.708 28.840 28.738 24.834 20.526 22.253 19.682 17.845 13.724 13.591 16.622 15.982 20.286 19.874 23.662 24.581 18.580 -999.250 -999.250 -999.250 -999.250 -999.250 -999.250 -999.250 -999.250 -999.250 -999.250 -999.250 -999.250 -999.250 -999.250 -999.250 -999.250 -999.250 -999.250 -999.250 -999.250
227.395 198.530 186.354 155.553 118.941 87.633 57.568 26.583 0.000 0.000 0.000 0.000 0.000 0.000 0.000 0.000 0.754 0.964 7.184 13.398 22.823 33.957 49.113 54.284 59.238 57.617 64.336 56.459 53.899 47.147 42.760 49.470 43.635 36.592 28.301 24.485 24.754 24.701 22.886 17.576 16.611 18.595 17.792 18.298 23.131 23.949 24.042 28.603 -999.250 -999.250 -999.250 -999.250 -999.250 -999.250 -999.250 -999.250 -999.250 -999.250 -999.250 -999.250 -999.250 -999.250 -999.250 -999.250 -999.250 -999.250 -999.250 -999.250
182.186 182.297 165.623 118.523 102.126 68.375 42.309 21.603 5.686 0.000 0.000 0.000 0.000 0.000 0.000 1.427 0.476 6.710 10.022 17.953 28.249 43.076 54.405 67.980 67.283 64.889 72.554 72.476 68.063 53.632 57.012 46.944 50.484 40.054 33.557 29.306 30.436 23.691 21.604 18.573 18.046 17.879 20.603 21.003 21.510 23.621 24.936 -999.250 -999.250 -999.250 -999.250 -999.250 -999.250 -999.250 -999.250 -999.250 -999.250 -999.250 -999.250 -999.250 -999.250 -999.250 -999.250 -999.250 -999.250 -999.250 -999.250 -999.250
144.229 143.589 114.684 106.678 79.716 58.349 36.804 20.586 6.534 0.000 0.000 0.000 0.000 0.000 1.849 0.000 2.473 8.768 15.554 22.532 34.797 50.850 67.084 85.911 88.807 78.815 80.210 73.993 69.824 66.734 69.240 48.688 48.118 45.789 34.377 31.648 30.371 26.277 21.580 20.957 19.789 20.858 25.096 22.458 24.210 23.446 27.072 -999.250 -999.250 -999.250 -999.250 -999.250 -999.250 -999.250 -999.250 -999.250 -999.250 -999.250 -999.250 -999.250 -999.250 -999.250 -999.250 -999.250 -999.250 -999.250 -999.250 -999.250
103.284 102.835 96.962 84.443 66.819 45.416 33.103 19.567 5.187 0.000 0.000 0.000 0.000 1.150 0.893 3.395 4.131 8.007 17.271 27.250 40.469 53.681 71.483 95.922 103.801 98.328 92.704 85.978 80.321 79.463 67.135 66.156 49.825 53.236 44.922 41.717 32.055 27.495 24.878 20.539 21.004 20.227 22.176 22.962 26.162 26.632 27.359 -999.250 -999.250 -999.250 -999.250 -999.250 -999.250 -999.250 -999.250 -999.250 -999.250 -999.250 -999.250 -999.250 -999.250 -999.250 -999.250 -999.250 -999.250 -999.250 -999.250 -999.250
85.181 91.875 84.844 60.269 62.268 39.522 27.827 21.095 10.071 4.782 2.406 1.275 0.113 1.976 1.719 2.422 1.032 5.892 16.603 29.501 45.472 61.399 78.037 105.932 135.211 121.750 97.788 96.362 75.552 88.559 78.442 64.149 63.420 61.996 45.894 41.443 35.248 30.002 25.742 23.370 25.450 24.835 23.634 24.450 29.727 29.140 27.560 -999.250 -999.250 -999.250 -999.250 -999.250 -999.250 -999.250 -999.250 -999.250 -999.250 -999.250 -999.250 -999.250 -999.250 -999.250 -999.250 -999.250 -999.250 -999.250 -999.250 -999.250
64.518 71.358 60.238 55.193 54.499 35.402 28.688 19.311 14.616 8.573 2.963 2.833 2.074 3.507 3.216 0.730 0.000 0.000 14.257 28.706 52.239 60.724 84.166 96.410 105.105 117.181 106.840 93.791 94.808 90.226 83.881 72.675 61.981 51.140 52.954 47.437 41.487 39.046 28.184 28.523 28.148 29.085 27.171 30.901 29.495 28.312 32.078 -999.250 -999.250 -999.250 -999.250 -999.250 -999.250 -999.250 -999.250 -999.250 -999.250 -999.250 -999.250 -999.250 -999.250 -999.250 -999.250 -999.250 -999.250 -999.250 -999.250 -999.250
50.088 54.320 44.161 49.998 41.840 34.271 28.365 23.935 17.126 8.636 6.536 2.493 3.524 5.913 3.788 2.454 2.619 9.294 18.038 29.607 49.415 61.961 76.224 95.486 119.284 108.794 114.896 113.264 105.828 88.246 84.159 72.768 62.419 62.549 52.416 47.409 49.090 44.400 31.561 30.080 27.481 27.776 29.832 28.832 27.869 30.170 31.102 -999.250 -999.250 -999.250 -999.250 -999.250 -999.250 -999.250 -999.250 -999.250 -999.250 -999.250 -999.250 -999.250 -999.250 -999.250 -999.250 -999.250 -999.250 -999.250 -999.250 -999.250
48.124 56.168 55.912 48.587 39.531 38.027 28.058 20.972 18.333 11.406 7.008 7.725 3.320 6.356 3.644 6.798 9.163 16.002 23.171 33.543 50.576 61.479 85.919 94.566 101.207 102.261 99.703 102.539 106.051 79.272 77.287 78.969 61.484 67.464 59.850 47.605 53.712 50.460 39.046 30.128 29.463 33.107 31.243 28.752 30.837 38.032 33.818 -999.250 -999.250 -999.250 -999.250 -999.250 -999.250 -999.250 -999.250 -999.250 -999.250 -999.250 -999.250 -999.250 -999.250 -999.250 -999.250 -999.250 -999.250 -999.250 -999.250 -999.250
41.961 46.787 50.788 56.545 43.971 41.798 27.065 21.466 19.199 10.359 5.051 6.549 4.403 2.609 5.413 8.579 13.065 20.053 31.495 40.299 61.113 66.734 90.753 86.587 99.702 112.647 106.354 101.243 108.790 83.521 70.319 73.287 61.068 62.212 52.719 56.222 48.030 51.359 45.501 33.610 34.056 35.507 29.210 26.570 32.834 38.269 37.492 -999.250 -999.250 -999.250 -999.250 -999.250 -999.250 -999.250 -999.250 -999.250 -999.250 -999.250 -999.250 -999.250 -999.250 -999.250 -999.250 -999.250 -999.250 -999.250 -999.250 -999.250
37.662 48.253 56.399 53.617 46.321 37.721 30.070 22.614 16.126 8.840 3.015 1.856 3.401 5.323 7.857 12.062 12.940 20.750 31.140 42.882 53.502 63.730 87.677 76.867 88.603 85.333 96.079 95.221 82.531 70.275 75.071 66.175 55.647 53.489 53.130 45.239 41.731 41.462 41.533 33.777 35.997 30.267 30.795 31.583 39.397 31.971 36.151 42.138 -999.250 -999.250 -999.250 -999.250 -999.250 -999.250 -999.250 -999.250 -999.250 -999.250 -999.250 -999.250 -999.250 -999.250 -999.250 -999.250 -999.250 -999.250 -999.250 -999.250
42.680 52.094 53.956 45.395 37.213 31.579 26.328 18.676 13.618 6.029 0.000 0.000 1.221 5.408 10.925 12.836 18.922 27.140 36.103 52.873 56.820 73.052 71.489 76.117 85.805 73.348 78.914 90.342 78.515 76.781 70.720 62.872 55.256 61.285 53.794 41.591 39.522 42.898 38.764 43.915 40.467 34.677 34.472 37.473 40.417 42.116 39.518 50.173 -999.250 -999.250 -999.250 -999.250 -999.250 -999.250 -999.250 -999.250 -999.250 -999.250 -999.250 -999.250 -999.250 -999.250 -999.250 -999.250 -999.250 -999.250 -999.250 -999.250
44.033 53.471 47.637 42.031 33.122 28.046 21.284 16.988 13.040 6.726 1.192 0.000 1.743 6.267 12.093 18.290 22.613 30.231 35.051 50.206 58.428 66.201 81.561 81.958 76.014 73.944 64.599 64.633 74.176 76.677 61.646 63.216 59.532 46.886 46.810 39.517 39.383 36.497 40.780 43.054 36.923 40.310 41.327 43.362 43.019 46.303 43.002 43.962 -999.250 -999.250 -999.250 -999.250 -999.250 -999.250 -999.250 -999.250 -999.250 -999.250 -999.250 -999.250 -999.250 -999.250 -999.250 -999.250 -999.250 -999.250 -999.250 -999.250
40.932 47.918 44.181 36.727 36.935 25.322 17.511 12.942 9.994 7.450 2.084 2.649 6.552 10.671 15.024 19.739 22.614 29.590 40.264 50.151 50.591 64.719 71.688 72.792 71.049 71.859 59.842 62.659 67.708 57.989 54.524 55.248 47.423 51.330 44.388 43.288 39.243 36.776 33.630 35.021 34.687 36.807 41.960 49.929 44.333 44.325 48.502 47.166 -999.250 -999.250 -999.250 -999.250 -999.250 -999.250 -999.250 -999.250 -999.250 -999.250 -999.250 -999.250 -999.250 -999.250 -999.250 -999.250 -999.250 -999.250 -999.250 -999.250
36.520 43.377 42.742 34.011 34.530 23.906 17.697 12.463 7.647 6.055 7.496 8.136 9.618 15.456 17.422 18.425 22.085 30.054 38.494 48.670 52.388 58.832 72.171 64.976 57.935 68.518 58.803 56.586 51.469 51.426 47.318 47.066 44.977 38.327 42.163 40.448 36.930 35.834 31.513 35.027 37.165 35.128 35.700 36.183 42.902 51.931 51.458 -999.250 -999.250 -999.250 -999.250 -999.250 -999.250 -999.250 -999.250 -999.250 -999.250 -999.250 -999.250 -999.250 -999.250 -999.250 -999.250 -999.250 -999.250 -999.250 -999.250 -999.250
36.995 36.532 40.272 40.084 27.360 24.295 17.591 14.487 5.402 8.757 9.924 10.552 14.076 16.357 19.517 22.392 23.941 26.611 39.261 45.301 50.944 47.348 61.145 61.221 55.438 53.562 50.724 52.481 48.538 47.052 38.373 39.476 38.793 37.049 36.900 31.237 31.629 38.728 38.835 40.622 36.460 37.764 40.973 43.050 41.207 47.106 47.439 -999.250 -999.250 -999.250 -999.250 -999.250 -999.250 -999.250 -999.250 -999.250 -999.250 -999.250 -999.250 -999.250 -999.250 -999.250 -999.250 -999.250 -999.250 -999.250 -999.250 -999.250
32.610 33.926 42.053 37.694 35.139 27.174 21.146 18.965 13.988 15.098 12.735 15.011 17.944 19.859 21.014 25.690 25.904 29.991 36.042 48.080 44.715 48.328 58.202 51.670 48.437 44.244 43.589 39.303 35.123 33.723 34.239 30.739 31.435 34.362 27.202 33.047 31.793 32.683 34.705 36.221 37.766 39.431 36.619 38.420 39.301 40.589 -999.250 -999.250 -999.250 -999.250 -999.250 -999.250 -999.250 -999.250 -999.250 -999.250 -999.250 -999.250 -999.250 -999.250 -999.250 -999.250 -999.250 -999.250 -999.250 -999.250 -999.250 -999.250
35.677 34.638 40.536 37.610 32.838 26.434 22.637 24.615 20.069 19.762 18.954 20.921 18.920 25.744 24.309 28.459 30.111 31.885 39.582 44.534 42.798 41.515 39.163 47.516 38.644 36.796 36.553 35.605 26.761 25.206 26.135 28.957 26.654 25.432 27.861 29.343 28.570 30.234 26.907 32.187 37.642 33.848 41.618 43.150 38.120 37.178 -999.250 -999.250 -999.250 -999.250 -999.250 -999.250 -999.250 -999.250 -999.250 -999.250 -999.250 -999.250 -999.250 -999.250 -999.250 -999.250 -999.250 -999.250 -999.250 -999.250 -999.250 -999.250
33.954 35.843 40.630 37.583 29.864 27.545 29.584 24.670 25.779 24.337 22.797 22.571 23.875 27.041 26.515 29.333 29.493 29.666 32.688 32.154 35.309 31.646 37.939 35.350 36.768 30.455 34.142 25.349 23.756 15.397 20.051 23.392 20.316 23.333 22.741 25.178 28.018 25.351 29.949 32.427 33.459 29.765 39.050 41.001 40.612 42.930 35.157 33.334 -999.250 -999.250 -999.250 -999.250 -999.250 -999.250 -999.250 -999.250 -999.250 -999.250 -999.250 -999.250 -999.250 -999.250 -999.250 -999.250 -999.250 -999.250 -999.250 -999.250
40.034 42.668 43.680 38.539 31.635 30.802 30.822 29.727 27.370 26.259 27.515 31.095 27.627 27.419 26.688 26.631 27.416 26.330 27.249 28.681 28.539 30.225 31.887 32.464 27.921 26.312 23.150 23.312 18.507 15.445 17.543 17.532 20.329 22.746 24.577 22.471 24.535 23.998 29.222 32.049 37.089 33.383 32.529 34.679 34.162 37.889 34.045 33.796 -999.250 -999.250 -999.250 -999.250 -999.250 -999.250 -999.250 -999.250 -999.250 -999.250 -999.250 -999.250 -999.250 -999.250 -999.250 -999.250 -999.250 -999.250 -999.250 -999.250
