data/medianmodel_23-Jul-2020.asc
ncols	141
nrows	288
xllcorner	-120191.398
yllcorner	-301404.813
cellsize	2000.000
NODATA_value	-999.250
[rows 31 to 61 of 288, columns 0 to 69 of 141]
-999.250 -999.250 -999.250 -999.250 -999.250 -999.250 -999.250 -999.250 -999.250 -999.250 -999.250 -999.250 -999.250 -999.250 -999.250 -999.250 -999.250 -999.250 -999.250 -999.250 -999.250 -999.250 -999.250 -999.250 -999.250 -999.250 -999.250 -999.250 -999.250 -999.250 -999.250 -999.250 2.027 1.984 0.000 0.000 0.000 0.000 0.000 0.000 0.000 0.000 0.000 0.630 0.264 1.580 2.507 3.981 4.384 4.599 3.960 3.093 4.761 6.023 9.303 5.356 2.497 0.000 0.000 0.000 0.000 0.000 0.000 0.000 0.000 0.000 0.000 0.000 0.000 0.000
-999.250 -999.250 -999.250 -999.250 -999.250 -999.250 -999.250 -999.250 -999.250 -999.250 -999.250 -999.250 -999.250 -999.250 -999.250 -999.250 -999.250 -999.250 -999.250 -999.250 -999.250 -999.250 -999.250 -999.250 -999.250 -999.250 -999.250 -999.250 -999.250 -999.250 -999.250 -999.250 3.292 2.788 1.849 0.000 0.000 0.000 0.000 0.000 0.000 0.000 0.000 0.000 0.000 1.669 3.077 5.811 7.612 6.479 4.131 3.452 6.109 5.611 5.265 4.113 1.999 0.000 0.000 0.000 0.000 0.000 0.000 0.000 0.000 0.000 0.000 0.000 0.000 0.000
-999.250 -999.250 -999.250 -999.250 -999.250 -999.250 -999.250 -999.250 -999.250 -999.250 -999.250 -999.250 -999.250 -999.250 -999.250 -999.250 -999.250 -999.250 -999.250 -999.250 -999.250 -999.250 -999.250 -999.250 -999.250 -999.250 -999.250 -999.250 -999.250 -999.250 -999.250 -999.250 4.079 5.852 2.634 1.502 0.000 0.000 0.000 0.000 2.582 0.000 0.000 0.000 0.000 0.092 3.703 5.774 9.853 7.292 5.380 5.443 5.796 3.492 2.486 1.096 0.438 0.000 0.000 0.000 0.000 0.000 0.000 0.000 0.000 0.000 0.000 0.000 0.000 0.000
-999.250 -999.250 -999.250 -999.250 -999.250 -999.250 -999.250 -999.250 -999.250 -999.250 -999.250 -999.250 -999.250 -999.250 -999.250 -999.250 -999.250 -999.250 -999.250 -999.250 -999.250 -999.250 -999.250 -999.250 -999.250 -999.250 -999.250 -999.250 -999.250 -999.250 -999.250 -999.250 3.298 3.563 1.928 0.000 0.000 0.000 0.000 0.000 0.000 0.000 0.000 0.000 0.000 0.000 2.017 5.037 6.414 5.549 5.821 5.037 4.182 2.277 1.211 0.000 0.000 0.000 0.000 0.000 0.000 0.000 0.000 0.000 0.000 0.000 0.000 0.000 0.000 0.000
-999.250 -999.250 -999.250 -999.250 -999.250 -999.250 -999.250 -999.250 -999.250 -999.250 -999.250 -999.250 -999.250 -999.250 -999.250 -999.250 -999.250 -999.250 -999.250 -999.250 -999.250 -999.250 -999.250 -999.250 -999.250 -999.250 -999.250 -999.250 -999.250 -999.250 -999.250 -999.250 2.306 3.186 2.306 4.116 2.960 2.053 0.527 0.560 0.000 0.000 0.000 0.000 0.000 0.000 3.293 4.550 4.149 4.944 4.403 4.982 2.682 2.610 0.068 0.000 0.000 0.000 0.000 0.000 0.000 0.000 0.000 0.000 0.000 0.000 0.000 0.000 0.000 0.000
-999.250 -999.250 -999.250 -999.250 -999.250 -999.250 -999.250 -999.250 -999.250 -999.250 -999.250 -999.250 -999.250 -999.250 -999.250 -999.250 -999.250 -999.250 -999.250 -999.250 -999.250 -999.250 -999.250 -999.250 -999.250 -999.250 -999.250 -999.250 -999.250 -999.250 -999.250 -999.250 4.105 4.665 5.251 5.505 5.588 6.019 2.687 1.608 0.542 0.000 0.000 0.000 0.000 0.000 0.000 0.573 3.344 2.944 3.838 4.910 2.221 1.714 1.193 0.334 0.000 0.000 0.000 0.000 0.000 0.000 0.000 0.000 0.000 0.000 0.000 0.000 0.000 0.000
-999.250 -999.250 -999.250 -999.250 -999.250 -999.250 -999.250 -999.250 -999.250 -999.250 -999.250 -999.250 -999.250 -999.250 -999.250 -999.250 -999.250 -999.250 -999.250 -999.250 -999.250 -999.250 -999.250 -999.250 -999.250 -999.250 -999.250 -999.250 -999.250 -999.250 -999.250 -999.250 -999.250 6.527 7.620 8.843 7.494 7.238 6.038 5.517 1.896 0.030 0.000 0.000 0.000 0.000 0.000 0.019 1.297 1.481 2.106 3.199 4.908 4.816 2.818 0.419 0.000 0.000 0.000 0.000 0.000 0.000 0.000 0.000 0.000 0.000 0.000 0.000 0.000 0.000
-999.250 -999.250 -999.250 -999.250 -999.250 -999.250 -999.250 -999.250 -999.250 -999.250 -999.250 -999.250 -999.250 -999.250 -999.250 -999.250 -999.250 -999.250 -999.250 -999.250 -999.250 -999.250 -999.250 -999.250 -999.250 -999.250 -999.250 -999.250 -999.250 -999.250 -999.250 -999.250 -999.250 7.921 9.777 10.591 10.784 8.936 9.014 6.279 5.120 0.883 1.379 0.000 0.000 0.000 0.000 0.000 0.399 2.834 2.343 6.663 5.520 6.015 3.179 2.743 1.351 0.849 2.081 0.000 0.000 1.202 2.915 1.891 0.340 0.000 0.000 0.000 0.000 0.000
-999.250 -999.250 -999.250 -999.250 -999.250 -999.250 -999.250 -999.250 -999.250 -999.250 -999.250 -999.250 -999.250 -999.250 -999.250 -999.250 -999.250 -999.250 -999.250 -999.250 -999.250 -999.250 -999.250 -999.250 -999.250 -999.250 -999.250 -999.250 -999.250 -999.250 -999.250 -999.250 12.813 11.231 12.137 12.313 13.174 12.493 10.141 8.417 6.030 3.553 3.533 0.215 1.116 0.000 0.000 0.000 0.264 3.071 4.782 7.322 9.848 6.462 6.217 5.342 3.633 2.143 1.634 0.605 1.468 3.169 4.760 5.802 3.122 1.124 0.000 0.000 0.000 0.000
-999.250 -999.250 -999.250 -999.250 -999.250 -999.250 -999.250 -999.250 -999.250 -999.250 -999.250 -999.250 -999.250 -999.250 -999.250 -999.250 -999.250 -999.250 -999.250 -999.250 -999.250 -999.250 -999.250 -999.250 -999.250 -999.250 -999.250 -999.250 -999.250 -999.250 -999.250 -999.250 15.461 13.476 15.896 17.537 18.640 15.454 12.836 10.634 9.392 6.116 5.013 4.649 3.880 0.578 0.000 0.000 0.000 5.857 6.668 8.765 8.841 9.172 8.101 7.658 6.394 4.396 1.675 1.585 2.192 4.252 6.189 10.504 6.165 1.996 0.000 0.000 0.000 0.000
-999.250 -999.250 -999.250 -999.250 -999.250 -999.250 -999.250 -999.250 -999.250 -999.250 -999.250 -999.250 -999.250 -999.250 -999.250 -999.250 -999.250 -999.250 -999.250 -999.250 -999.250 -999.250 -999.250 -999.250 -999.250 -999.250 -999.250 -999.250 -999.250 -999.250 -999.250 -999.250 -999.250 19.279 23.891 29.685 29.866 22.794 18.855 14.759 12.987 8.450 6.955 5.258 6.835 2.152 0.000 0.000 1.772 5.477 8.052 10.628 14.240 13.456 11.332 9.321 6.930 5.507 4.533 3.049 3.144 4.620 5.232 7.282 4.261 0.410 0.000 0.000 0.000 0.000
-999.250 -999.250 -999.250 -999.250 -999.250 -999.250 -999.250 -999.250 -999.250 -999.250 -999.250 -999.250 -999.250 -999.250 -999.250 -999.250 -999.250 -999.250 -999.250 -999.250 -999.250 -999.250 -999.250 -999.250 -999.250 -999.250 -999.250 -999.250 -999.250 -999.250 -999.250 -999.250 -999.250 30.253 37.333 48.412 46.144 33.954 28.759 23.896 17.157 13.023 8.988 5.814 4.735 1.855 0.000 0.000 4.139 6.494 11.042 16.019 25.108 16.752 12.837 9.921 9.227 8.717 6.690 5.634 3.861 4.830 5.778 3.992 2.037 0.076 0.000 0.000 0.000 0.000
-999.250 -999.250 -999.250 -999.250 -999.250 -999.250 -999.250 -999.250 -999.250 -999.250 -999.250 -999.250 -999.250 -999.250 -999.250 -999.250 -999.250 -999.250 -999.250 -999.250 -999.250 -999.250 -999.250 -999.250 -999.250 -999.250 -999.250 -999.250 -999.250 -999.250 -999.250 -999.250 -999.250 53.043 59.989 70.595 65.186 54.115 39.397 29.851 19.899 14.453 10.992 7.756 5.332 2.109 0.000 1.469 4.756 9.602 10.832 14.734 16.490 15.372 12.222 10.053 9.424 12.406 7.906 5.733 4.997 4.614 3.329 1.089 0.439 0.000 0.000 0.000 0.000 0.000
-999.250 -999.250 -999.250 -999.250 -999.250 -999.250 -999.250 -999.250 -999.250 -999.250 -999.250 -999.250 -999.250 -999.250 -999.250 -999.250 -999.250 -999.250 -999.250 -999.250 -999.250 -999.250 -999.250 -999.250 -999.250 -999.250 -999.250 -999.250 -999.250 -999.250 -999.250 -999.250 -999.250 -999.250 80.810 83.856 76.318 66.799 52.890 31.191 19.751 15.511 12.400 9.537 6.846 3.387 1.702 3.078 5.633 10.386 14.332 14.672 14.624 13.770 11.184 9.328 8.371 7.941 6.845 6.142 3.859 3.899 0.511 2.024 0.000 0.000 0.000 0.000 0.000 0.000
-999.250 -999.250 -999.250 -999.250 -999.250 -999.250 -999.250 -999.250 -999.250 -999.250 -999.250 -999.250 -999.250 -999.250 -999.250 -999.250 -999.250 -999.250 -999.250 -999.250 -999.250 -999.250 -999.250 -999.250 -999.250 -999.250 -999.250 -999.250 -999.250 -999.250 -999.250 -999.250 -999.250 -999.250 79.177 82.949 67.213 71.397 51.147 31.900 20.396 14.655 12.113 13.015 7.996 5.975 5.275 5.803 9.596 14.700 18.814 16.925 12.032 10.698 9.210 6.671 5.593 4.615 3.460 3.656 3.497 2.111 1.672 0.258 0.000 0.000 0.000 0.000 0.000 0.000
-999.250 -999.250 -999.250 -999.250 -999.250 -999.250 -999.250 -999.250 -999.250 -999.250 -999.250 -999.250 -999.250 -999.250 -999.250 -999.250 -999.250 -999.250 -999.250 -999.250 -999.250 -999.250 -999.250 -999.250 -999.250 -999.250 -999.250 -999.250 -999.250 -999.250 -999.250 -999.250 -999.250 -999.250 68.003 65.848 68.737 57.968 43.056 31.037 20.015 14.570 11.331 10.556 7.853 6.797 6.786 9.484 11.210 17.985 31.730 18.153 10.980 8.300 7.200 3.684 4.975 4.212 2.637 2.871 2.567 1.528 1.598 2.011 0.000 0.000 0.000 0.000 0.000 0.000
-999.250 -999.250 -999.250 -999.250 -999.250 -999.250 -999.250 -999.250 -999.250 -999.250 -999.250 -999.250 -999.250 -999.250 -999.250 -999.250 -999.250 -999.250 -999.250 -999.250 -999.250 -999.250 -999.250 -999.250 -999.250 -999.250 -999.250 -999.250 -999.250 -999.250 -999.250 -999.250 -999.250 -999.250 58.665 50.880 49.903 45.558 28.685 24.288 15.949 11.112 10.690 10.182 8.961 9.356 9.990 11.786 14.479 17.568 22.374 16.512 10.147 6.968 4.278 2.581 1.026 1.892 1.793 2.961 1.429 2.934 3.149 2.186 0.000 0.000 0.000 0.000 0.000 0.000
-999.250 -999.250 -999.250 -999.250 -999.250 -999.250 -999.250 -999.250 -999.250 -999.250 -999.250 -999.250 -999.250 -999.250 -999.250 -999.250 -999.250 -999.250 -999.250 -999.250 -999.250 -999.250 -999.250 -999.250 -999.250 -999.250 -999.250 -999.250 -999.250 -999.250 -999.250 -999.250 -999.250 -999.250 -999.250 33.905 31.016 27.293 21.791 19.273 16.752 11.553 11.669 9.161 9.560 8.424 10.554 11.330 13.223 15.246 16.252 13.497 8.682 6.075 1.955 0.263 1.109 0.387 0.471 1.022 2.093 2.416 5.640 2.419 0.000 0.000 0.000 0.000 0.000 0.000
-999.250 -999.250 -999.250 -999.250 -999.250 -999.250 -999.250 -999.250 -999.250 -999.250 -999.250 -999.250 -999.250 -999.250 -999.250 -999.250 -999.250 -999.250 -999.250 -999.250 -999.250 -999.250 -999.250 -999.250 -999.250 -999.250 -999.250 -999.250 -999.250 -999.250 -999.250 -999.250 -999.250 -999.250 -999.250 22.650 21.936 16.827 17.045 16.467 14.698 12.577 11.294 10.029 10.162 8.895 9.060 11.080 10.441 12.655 10.848 8.410 7.510 3.640 1.334 1.024 0.844 0.421 1.441 3.769 1.387 1.910 1.755 0.000 0.000 0.000 0.000 0.000 0.000 0.000
-999.250 -999.250 -999.250 -999.250 -999.250 -999.250 -999.250 -999.250 -999.250 -999.250 -999.250 -999.250 -999.250 -999.250 -999.250 -999.250 -999.250 -999.250 -999.250 -999.250 -999.250 -999.250 -999.250 -999.250 -999.250 -999.250 -999.250 -999.250 -999.250 -999.250 -999.250 -999.250 -999.250 -999.250 -999.250 15.461 16.047 11.892 11.907 18.709 14.865 15.264 14.574 13.352 10.110 10.239 7.547 8.370 7.637 8.413 7.098 5.565 3.285 2.856 0.775 2.464 1.843 2.563 3.037 3.088 2.449 1.984 1.025 0.000 0.000 0.000 0.000 0.000 0.000 0.000
-999.250 -999.250 -999.250 -999.250 -999.250 -999.250 -999.250 -999.250 -999.250 -999.250 -999.250 -999.250 -999.250 -999.250 -999.250 -999.250 -999.250 -999.250 -999.250 -999.250 -999.250 -999.250 -999.250 -999.250 -999.250 -999.250 -999.250 -999.250 -999.250 -999.250 -999.250 -999.250 -999.250 -999.250 -999.250 9.783 9.481 9.008 7.984 11.124 13.571 15.629 21.551 17.415 12.092 9.542 8.831 6.414 6.888 7.522 6.233 4.111 2.937 1.735 1.211 1.401 1.438 3.719 5.445 4.338 3.963 3.413 0.746 0.000 0.000 0.000 0.000 0.000 0.000 0.000
-999.250 -999.250 -999.250 -999.250 -999.250 -999.250 -999.250 -999.250 -999.250 -999.250 -999.250 -999.250 -999.250 -999.250 -999.250 -999.250 -999.250 -999.250 -999.250 -999.250 -999.250 -999.250 -999.250 -999.250 -999.250 -999.250 -999.250 -999.250 -999.250 -999.250 -999.250 -999.250 -999.250 -999.250 -999.250 8.166 7.628 4.919 7.869 9.248 11.476 13.110 12.923 14.172 11.081 8.577 6.468 5.979 5.838 6.971 4.548 3.118 2.839 1.150 0.376 1.320 2.020 3.958 7.468 8.174 5.928 5.018 1.817 0.000 0.000 0.000 0.000 0.000 0.000 0.000
-999.250 -999.250 -999.250 -999.250 -999.250 -999.250 -999.250 -999.250 -999.250 -999.250 -999.250 -999.250 -999.250 -999.250 -999.250 -999.250 -999.250 -999.250 -999.250 -999.250 -999.250 -999.250 -999.250 -999.250 -999.250 -999.250 -999.250 -999.250 -999.250 -999.250 -999.250 -999.250 -999.250 -999.250 -999.250 -999.250 6.611 6.892 9.735 12.336 11.997 12.638 11.327 9.592 10.479 6.708 5.552 4.972 4.588 3.245 2.672 2.698 4.300 1.642 1.211 1.299 4.674 6.116 8.040 13.593 8.311 4.704 2.318 0.118 0.000 0.000 0.000 0.000 0.000 0.000
-999.250 -999.250 -999.250 -999.250 -999.250 -999.250 -999.250 -999.250 -999.250 -999.250 -999.250 -999.250 -999.250 -999.250 -999.250 -999.250 -999.250 -999.250 -999.250 -999.250 -999.250 -999.250 -999.250 -999.250 -999.250 -999.250 -999.250 -999.250 -999.250 -999.250 -999.250 -999.250 -999.250 -999.250 -999.250 -999.250 6.498 8.328 12.388 19.390 12.342 10.341 9.076 8.434 7.217 7.430 5.723 4.261 3.320 2.016 1.744 1.187 1.292 1.003 0.993 2.034 5.667 6.983 8.874 9.681 8.814 5.971 2.687 0.310 0.000 0.000 0.000 0.000 0.000 0.000
-999.250 -999.250 -999.250 -999.250 -999.250 -999.250 -999.250 -999.250 -999.250 -999.250 -999.250 -999.250 -999.250 -999.250 -999.250 -999.250 -999.250 -999.250 -999.250 -999.250 -999.250 -999.250 -999.250 -999.250 -999.250 -999.250 -999.250 -999.250 -999.250 -999.250 -999.250 -999.250 -999.250 -999.250 -999.250 -999.250 -999.250 8.931 11.053 14.389 13.978 11.008 9.580 7.294 6.365 5.444 4.445 3.804 0.858 0.091 0.000 0.000 0.000 0.000 0.310 2.485 4.758 5.782 7.752 7.897 7.817 4.979 4.113 1.481 0.252 0.000 0.000 0.000 0.000 0.000
-999.250 -999.250 -999.250 -999.250 -999.250 -999.250 -999.250 -999.250 -999.250 -999.250 -999.250 -999.250 -999.250 -999.250 -999.250 -999.250 -999.250 -999.250 -999.250 -999.250 -999.250 -999.250 -999.250 -999.250 -999.250 -999.250 -999.250 -999.250 -999.250 -999.250 -999.250 -999.250 -999.250 -999.250 -999.250 -999.250 -999.250 9.290 10.417 13.157 14.601 11.158 9.260 6.897 6.277 5.335 5.019 1.356 0.231 0.000 0.000 0.000 0.000 0.000 0.065 2.679 2.828 4.662 6.333 6.716 6.867 5.890 4.101 4.021 0.000 0.000 0.000 0.000 0.000 0.000
-999.250 -999.250 -999.250 -999.250 -999.250 -999.250 -999.250 -999.250 -999.250 -999.250 -999.250 -999.250 -999.250 -999.250 -999.250 -999.250 -999.250 -999.250 -999.250 -999.250 -999.250 -999.250 -999.250 -999.250 -999.250 -999.250 -999.250 -999.250 -999.250 -999.250 -999.250 -999.250 -999.250 -999.250 -999.250 -999.250 -999.250 6.757 9.433 12.756 20.967 13.059 9.427 7.401 6.218 5.002 4.710 2.255 1.522 0.000 0.000 0.000 0.000 0.000 0.537 3.165 4.487 6.293 7.462 7.090 8.702 6.263 5.083 2.775 1.129 0.000 0.000 0.000 0.000 0.000
-999.250 -999.250 -999.250 -999.250 -999.250 -999.250 -999.250 -999.250 -999.250 -999.250 -999.250 -999.250 -999.250 -999.250 -999.250 -999.250 -999.250 -999.250 -999.250 -999.250 -999.250 -999.250 -999.250 -999.250 -999.250 -999.250 -999.250 -999.250 -999.250 -999.250 -999.250 -999.250 -999.250 -999.250 -999.250 -999.250 -999.250 6.286 8.300 10.079 11.901 12.390 10.370 7.217 7.019 7.287 4.675 2.380 1.830 0.000 0.000 0.000 0.000 0.000 0.377 3.097 5.788 8.386 9.666 8.279 8.107 8.234 7.173 5.975 0.900 0.414 0.000 0.000 0.000 0.000
-999.250 -999.250 -999.250 -999.250 -999.250 -999.250 -999.250 -999.250 -999.250 -999.250 -999.250 -999.250 -999.250 -999.250 -999.250 -999.250 -999.250 -999.250 -999.250 -999.250 -999.250 -999.250 -999.250 -999.250 -999.250 -999.250 -999.250 -999.250 -999.250 -999.250 -999.250 -999.250 -999.250 -999.250 -999.250 -999.250 -999.250 -999.250 6.917 8.210 8.803 10.730 10.243 8.712 7.239 7.223 5.493 1.482 0.036 0.000 0.000 0.000 0.000 0.000 0.915 4.930 7.829 10.723 14.524 11.969 10.925 10.994 8.106 5.332 3.388 1.361 0.000 0.000 0.000 0.000
-999.250 -999.250 -999.250 -999.250 -999.250 -999.250 -999.250 -999.250 -999.250 -999.250 -999.250 -999.250 -999.250 -999.250 -999.250 -999.250 -999.250 -999.250 -999.250 -999.250 -999.250 -999.250 -999.250 -999.250 -999.250 -999.250 -999.250 -999.250 -999.250 -999.250 -999.250 -999.250 -999.250 -999.250 -999.250 -999.250 -999.250 -999.250 3.763 5.149 6.631 7.553 8.807 9.215 8.516 7.510 6.076 4.814 0.265 0.000 0.000 0.000 0.000 0.000 1.298 5.982 9.238 14.737 21.925 13.681 11.949 11.658 8.697 6.844 4.167 2.457 0.000 0.000 0.000 0.000
-999.250 -999.250 -999.250 -999.250 -999.250 -999.250 -999.250 -999.250 -999.250 -999.250 -999.250 -999.250 -999.250 -999.250 -999.250 -999.250 -999.250 -999.250 -999.250 -999.250 -999.250 -999.250 -999.250 -999.250 -999.250 -999.250 -999.250 -999.250 -999.250 -999.250 -999.250 -999.250 -999.250 -999.250 -999.250 -999.250 -999.250 -999.250 1.420 2.997 5.680 7.720 9.325 8.787 8.327 8.301 6.626 5.056 1.860 0.000 0.000 0.000 0.000 0.000 2.344 7.809 9.913 12.442 16.993 16.332 13.953 10.327 8.447 6.999 5.313 1.712 0.000 0.000 0.000 0.000
