data/medianmodel_14-Jul-2020.asc
ncols	141
nrows	288
xllcorner	-120191.398
yllcorner	-301404.813
cellsize	2000.000
NODATA_value	-999.250
[rows 93 to 123 of 288, columns 0 to 69 of 141]
-999.250 -999.250 -999.250 -999.250 -999.250 -999.250 -999.250 -999.250 -999.250 -999.250 -999.250 -999.250 -999.250 -999.250 -999.250 -999.250 -999.250 -999.250 -999.250 -999.250 -999.250 -999.250 -999.250 -999.250 -999.250 -999.250 -999.250 -999.250 -999.250 -999.250 -999.250 0.000 0.000 0.000 1.716 2.687 8.552 9.971 18.079 28.266 37.948 40.833 40.348 34.939 26.814 20.472 11.006 5.415 0.000 0.000 0.000 0.000 0.000 0.000 0.000 0.000 0.000 0.000 0.000 0.000 0.000 0.000 0.000 0.000 0.000 0.000 0.000 0.000 0.000 0.000
-999.250 -999.250 -999.250 -999.250 -999.250 -999.250 -999.250 -999.250 -999.250 -999.250 -999.250 -999.250 -999.250 -999.250 -999.250 -999.250 -999.250 -999.250 -999.250 -999.250 -999.250 -999.250 -999.250 -999.250 -999.250 -999.250 -999.250 -999.250 -999.250 -999.250 -999.250 0.000 0.000 2.854 4.770 4.864 6.575 12.515 15.535 17.426 25.133 25.835 27.040 19.817 21.621 13.909 8.286 2.564 0.000 0.000 0.000 0.000 0.000 0.000 0.000 0.000 0.000 0.000 0.000 0.000 0.000 0.000 0.000 0.000 0.000 0.000 0.000 0.000 0.000 0.000
-999.250 -999.250 -999.250 -999.250 -999.250 -999.250 -999.250 -999.250 -999.250 -999.250 -999.250 -999.250 -999.250 -999.250 -999.250 -999.250 -999.250 -999.250 -999.250 -999.250 -999.250 -999.250 -999.250 -999.250 -999.250 -999.250 -999.250 -999.250 -999.250 -999.250 -999.250 0.000 0.214 4.115 8.452 7.082 7.252 8.454 9.237 12.786 13.959 18.222 14.785 16.155 14.793 11.267 6.904 0.997 0.000 0.000 0.000 0.000 0.000 0.000 0.000 0.000 0.000 0.000 0.000 0.000 0.000 0.000 0.000 0.000 0.000 0.000 0.000 0.000 0.000 0.000
-999.250 -999.250 -999.250 -999.250 -999.250 -999.250 -999.250 -999.250 -999.250 -999.250 -999.250 -999.250 -999.250 -999.250 -999.250 -999.250 -999.250 -999.250 -999.250 -999.250 -999.250 -999.250 -999.250 -999.250 -999.250 -999.250 -999.250 -999.250 -999.250 -999.250 0.967 0.000 0.585 3.194 4.423 4.431 5.102 6.087 5.314 8.485 11.421 11.994 12.742 12.103 10.538 9.763 7.207 4.349 0.000 0.000 0.000 0.000 0.000 0.000 0.000 0.000 0.000 0.000 0.000 0.000 0.000 0.000 0.000 0.000 0.000 0.000 0.000 0.000 0.000 0.000
-999.250 -999.250 -999.250 -999.250 -999.250 -999.250 -999.250 -999.250 -999.250 -999.250 -999.250 -999.250 -999.250 -999.250 -999.250 -999.250 -999.250 -999.250 -999.250 -999.250 -999.250 -999.250 -999.250 -999.250 -999.250 -999.250 -999.250 -999.250 -999.250 -999.250 1.003 1.371 1.848 1.926 2.250 1.396 2.282 2.919 4.886 6.595 7.290 6.911 10.513 8.998 6.582 8.932 10.043 3.695 0.000 0.000 0.000 0.000 0.000 0.000 0.000 0.000 0.000 0.000 0.000 0.000 0.000 0.000 0.000 0.000 0.000 0.000 0.000 0.000 0.000 0.000
-999.250 -999.250 -999.250 -999.250 -999.250 -999.250 -999.250 -999.250 -999.250 -999.250 -999.250 -999.250 -999.250 -999.250 -999.250 -999.250 -999.250 -999.250 -999.250 -999.250 -999.250 -999.250 -999.250 -999.250 -999.250 -999.250 -999.250 -999.250 -999.250 -999.250 1.370 1.031 2.178 1.527 0.698 0.000 0.145 2.762 1.875 4.350 5.828 6.107 6.158 6.966 6.316 6.401 4.680 2.121 0.000 0.000 0.000 0.000 0.000 0.000 0.000 0.000 0.000 0.000 0.000 0.000 0.000 0.000 0.000 0.000 0.000 0.000 0.000 0.000 0.000 0.000
-999.250 -999.250 -999.250 -999.250 -999.250 -999.250 -999.250 -999.250 -999.250 -999.250 -999.250 -999.250 -999.250 -999.250 -999.250 -999.250 -999.250 -999.250 -999.250 -999.250 -999.250 -999.250 -999.250 -999.250 -999.250 -999.250 -999.250 -999.250 -999.250 -999.250 2.969 1.771 0.000 0.287 0.527 0.000 0.258 0.343 0.480 2.447 5.713 5.370 3.489 2.626 2.330 1.603 0.997 0.658 0.000 0.000 0.000 0.000 0.000 0.000 0.000 0.000 0.000 0.000 0.000 0.000 0.000 0.000 0.000 0.000 0.000 0.000 0.000 0.000 0.000 0.000
-999.250 -999.250 -999.250 -999.250 -999.250 -999.250 -999.250 -999.250 -999.250 -999.250 -999.250 -999.250 -999.250 -999.250 -999.250 -999.250 -999.250 -999.250 -999.250 -999.250 -999.250 -999.250 -999.250 -999.250 -999.250 -999.250 -999.250 -999.250 -999.250 2.928 1.603 1.159 0.925 0.141 0.000 0.000 0.000 0.000 0.000 0.135 1.119 1.820 0.890 1.260 0.243 0.180 0.625 0.000 0.000 0.000 0.000 0.000 0.000 0.000 0.000 0.000 0.000 0.000 0.000 0.000 0.000 0.000 0.000 0.000 0.000 0.000 0.000 0.000 0.000 0.000
-999.250 -999.250 -999.250 -999.250 -999.250 -999.250 -999.250 -999.250 -999.250 -999.250 -999.250 -999.250 -999.250 -999.250 -999.250 -999.250 -999.250 -999.250 -999.250 -999.250 -999.250 -999.250 -999.250 -999.250 -999.250 -999.250 -999.250 -999.250 -999.250 1.688 2.813 2.811 1.578 0.656 0.000 0.000 0.000 0.000 0.000 0.000 0.000 0.000 0.000 0.000 0.088 0.000 0.196 0.000 0.000 0.000 0.000 0.000 0.000 0.000 0.000 0.000 0.000 0.000 0.000 0.000 0.000 0.000 0.000 0.000 0.000 0.000 0.000 0.000 0.000 0.000
-999.250 -999.250 -999.250 -999.250 -999.250 -999.250 -999.250 -999.250 -999.250 -999.250 -999.250 -999.250 -999.250 -999.250 -999.250 -999.250 -999.250 -999.250 -999.250 -999.250 -999.250 -999.250 -999.250 -999.250 -999.250 -999.250 -999.250 -999.250 -999.250 1.282 1.892 1.083 1.632 1.096 0.000 0.000 0.000 0.000 0.000 0.000 0.000 0.000 0.000 0.000 0.000 1.106 0.407 0.066 0.000 0.000 0.000 0.000 0.000 0.000 0.000 0.000 0.000 0.000 0.000 0.000 0.000 0.000 0.000 0.000 0.000 0.000 0.000 0.000 0.000 0.000
-999.250 -999.250 -999.250 -999.250 -999.250 -999.250 -999.250 -999.250 -999.250 -999.250 -999.250 -999.250 -999.250 -999.250 -999.250 -999.250 -999.250 -999.250 -999.250 -999.250 -999.250 -999.250 -999.250 -999.250 -999.250 -999.250 -999.250 -999.250 -999.250 0.717 0.835 0.635 2.149 0.000 0.000 0.000 0.000 0.000 0.000 0.000 0.000 0.000 0.237 0.000 0.645 1.367 1.831 0.934 0.000 0.000 0.000 0.000 0.000 0.000 0.000 0.000 0.000 0.000 0.000 0.000 0.000 0.000 0.063 0.477 0.000 0.000 0.000 0.000 0.000 0.000
-999.250 -999.250 -999.250 -999.250 -999.250 -999.250 -999.250 -999.250 -999.250 -999.250 -999.250 -999.250 -999.250 -999.250 -999.250 -999.250 -999.250 -999.250 -999.250 -999.250 -999.250 -999.250 -999.250 -999.250 -999.250 -999.250 -999.250 -999.250 1.071 0.877 0.000 0.296 0.000 0.135 0.012 0.000 0.000 0.000 0.000 0.000 0.000 0.000 0.000 0.000 3.388 4.499 5.141 3.253 1.194 0.164 0.000 0.000 0.000 0.000 0.000 0.000 0.000 0.000 0.000 0.000 0.000 0.079 1.510 1.296 0.803 0.000 0.000 0.000 0.000 0.000
-999.250 -999.250 -999.250 -999.250 -999.250 -999.250 -999.250 -999.250 -999.250 -999.250 -999.250 -999.250 -999.250 -999.250 -999.250 -999.250 -999.250 -999.250 -999.250 -999.250 -999.250 -999.250 -999.250 -999.250 -999.250 -999.250 -999.250 -999.250 1.001 0.935 0.617 0.928 0.958 0.000 1.068 0.000 0.000 0.000 0.388 0.000 0.000 0.000 0.000 1.568 3.630 6.416 8.199 4.588 2.735 1.881 0.000 0.000 0.000 0.000 0.000 0.000 0.000 0.000 0.000 0.000 0.000 2.910 2.027 3.624 2.685 0.547 0.000 0.000 0.000 0.000
-999.250 -999.250 -999.250 -999.250 -999.250 -999.250 -999.250 -999.250 -999.250 -999.250 -999.250 -999.250 -999.250 -999.250 -999.250 -999.250 -999.250 -999.250 -999.250 -999.250 -999.250 -999.250 -999.250 -999.250 -999.250 -999.250 -999.250 2.618 2.117 1.266 1.175 3.133 0.717 2.289 0.782 0.000 1.234 2.541 3.965 1.661 0.180 0.000 0.163 0.782 2.230 5.091 5.737 3.499 2.035 1.456 0.000 0.000 0.000 0.000 0.000 0.000 0.000 0.000 0.000 0.000 1.324 1.191 3.023 5.086 4.357 1.750 0.857 0.000 0.000 0.000
-999.250 -999.250 -999.250 -999.250 -999.250 -999.250 -999.250 -999.250 -999.250 -999.250 -999.250 -999.250 -999.250 -999.250 -999.250 -999.250 -999.250 -999.250 -999.250 -999.250 -999.250 -999.250 -999.250 -999.250 -999.250 -999.250 -999.250 1.646 2.799 3.025 3.363 2.286 1.854 0.938 0.000 0.000 0.410 1.527 1.465 0.514 0.000 0.000 0.000 0.015 0.481 3.597 4.655 2.716 1.823 1.679 0.408 0.000 0.000 0.000 0.000 0.000 0.000 0.000 0.000 0.000 1.780 1.854 4.340 9.079 4.441 3.409 0.578 0.000 0.000 0.000
-999.250 -999.250 -999.250 -999.250 -999.250 -999.250 -999.250 -999.250 -999.250 -999.250 -999.250 -999.250 -999.250 -999.250 -999.250 -999.250 -999.250 -999.250 -999.250 -999.250 -999.250 -999.250 -999.250 -999.250 -999.250 -999.250 -999.250 4.223 3.040 4.512 5.002 4.710 0.592 0.000 0.559 0.195 0.059 0.713 1.989 0.000 0.000 0.000 0.000 0.000 0.000 1.177 2.376 1.737 0.372 1.936 0.000 0.000 0.000 0.000 0.000 0.000 0.000 0.000 0.000 0.000 0.792 2.225 4.187 5.366 4.482 0.989 0.301 0.862 0.000 0.000
-999.250 -999.250 -999.250 -999.250 -999.250 -999.250 -999.250 -999.250 -999.250 -999.250 -999.250 -999.250 -999.250 -999.250 -999.250 -999.250 -999.250 -999.250 -999.250 -999.250 -999.250 -999.250 -999.250 -999.250 -999.250 -999.250 -999.250 5.146 4.341 5.446 6.809 4.201 1.730 1.088 0.167 0.000 0.000 0.097 0.000 0.174 0.000 0.000 0.000 0.000 0.000 0.000 0.688 0.000 0.000 0.732 0.248 0.148 0.400 1.060 0.976 0.868 0.105 0.000 0.317 0.000 0.006 0.443 2.031 2.590 0.532 1.026 0.000 0.000 0.000 0.000
-999.250 -999.250 -999.250 -999.250 -999.250 -999.250 -999.250 -999.250 -999.250 -999.250 -999.250 -999.250 -999.250 -999.250 -999.250 -999.250 -999.250 -999.250 -999.250 -999.250 -999.250 -999.250 -999.250 -999.250 -999.250 -999.250 -999.250 -999.250 3.533 3.751 3.689 3.425 2.042 0.662 0.178 0.448 0.699 0.000 0.457 0.148 0.531 0.000 0.000 0.000 0.000 0.000 0.000 0.000 0.141 0.917 0.556 1.070 1.010 1.031 2.834 4.334 3.142 0.988 0.000 0.000 0.000 0.000 0.000 0.000 0.285 0.000 0.000 0.000 0.000 0.000
-999.250 -999.250 -999.250 -999.250 -999.250 -999.250 -999.250 -999.250 -999.250 -999.250 -999.250 -999.250 -999.250 -999.250 -999.250 -999.250 -999.250 -999.250 -999.250 -999.250 -999.250 -999.250 -999.250 -999.250 -999.250 -999.250 -999.250 -999.250 2.618 3.593 1.855 2.835 0.088 0.000 0.473 0.621 1.993 0.838 0.222 0.543 0.416 0.000 0.000 0.000 0.000 0.000 0.000 0.000 0.000 0.391 2.080 1.600 2.677 3.427 5.495 5.941 4.429 1.302 0.000 0.000 0.000 0.000 0.000 0.000 0.000 0.000 0.000 0.000 0.000 0.000
-999.250 -999.250 -999.250 -999.250 -999.250 -999.250 -999.250 -999.250 -999.250 -999.250 -999.250 -999.250 -999.250 -999.250 -999.250 -999.250 -999.250 -999.250 -999.250 -999.250 -999.250 -999.250 -999.250 -999.250 -999.250 -999.250 -999.250 -999.250 2.693 2.923 2.881 1.235 1.080 0.444 1.110 1.445 2.370 1.047 1.082 2.777 2.241 0.000 0.000 0.000 0.000 0.000 0.000 0.000 0.000 0.479 4.071 3.030 4.001 5.685 7.769 11.656 5.398 0.702 0.000 0.000 0.000 0.000 0.000 0.000 0.000 0.000 0.000 0.000 0.000 0.000
-999.250 -999.250 -999.250 -999.250 -999.250 -999.250 -999.250 -999.250 -999.250 -999.250 -999.250 -999.250 -999.250 -999.250 -999.250 -999.250 -999.250 -999.250 -999.250 -999.250 -999.250 -999.250 -999.250 -999.250 -999.250 -999.250 -999.250 -999.250 2.884 1.771 2.631 1.763 0.425 0.848 0.561 2.024 2.024 1.334 1.486 1.086 0.339 0.000 0.000 0.000 0.000 0.000 0.000 0.000 0.000 0.357 3.233 7.869 6.729 6.445 7.496 7.795 4.429 0.669 0.000 0.000 0.000 0.000 0.000 0.000 0.000 0.000 0.000 0.000 0.000 0.000
-999.250 -999.250 -999.250 -999.250 -999.250 -999.250 -999.250 -999.250 -999.250 -999.250 -999.250 -999.250 -999.250 -999.250 -999.250 -999.250 -999.250 -999.250 -999.250 -999.250 -999.250 -999.250 -999.250 -999.250 -999.250 -999.250 -999.250 -999.250 2.090 2.178 2.616 1.944 2.756 2.152 1.243 0.812 1.844 2.376 2.532 3.310 2.254 0.000 0.000 0.000 0.000 0.000 0.000 0.000 0.000 0.000 2.779 5.456 8.131 7.899 8.079 5.190 2.431 0.085 0.000 0.000 0.000 0.000 0.000 0.000 0.000 0.000 0.000 0.000 0.000 0.000
-999.250 -999.250 -999.250 -999.250 -999.250 -999.250 -999.250 -999.250 -999.250 -999.250 -999.250 -999.250 -999.250 -999.250 -999.250 -999.250 -999.250 -999.250 -999.250 -999.250 -999.250 -999.250 -999.250 -999.250 -999.250 -999.250 -999.250 2.457 2.087 2.290 2.448 3.353 5.382 3.102 2.922 3.407 3.905 1.793 2.507 5.841 1.422 0.000 0.000 0.000 0.000 0.000 0.000 0.000 0.000 0.000 0.642 4.052 7.149 7.896 9.861 5.776 3.184 0.000 0.000 0.000 0.000 0.000 0.000 0.000 0.000 0.000 0.000 0.000 0.000 0.939
-999.250 -999.250 -999.250 -999.250 -999.250 -999.250 -999.250 -999.250 -999.250 -999.250 -999.250 -999.250 -999.250 -999.250 -999.250 -999.250 -999.250 -999.250 -999.250 -999.250 -999.250 -999.250 -999.250 -999.250 -999.250 -999.250 -999.250 2.021 1.583 2.608 2.720 3.925 2.696 3.477 2.718 3.938 2.781 2.179 1.828 3.213 0.252 0.000 0.000 0.000 0.000 0.000 0.000 0.000 0.000 0.000 0.895 4.864 8.814 11.005 10.707 8.790 0.813 0.000 0.000 0.000 0.000 0.000 0.000 0.000 0.000 0.000 0.688 2.568 3.256 4.748
-999.250 -999.250 -999.250 -999.250 -999.250 -999.250 -999.250 -999.250 -999.250 -999.250 -999.250 -999.250 -999.250 -999.250 -999.250 -999.250 -999.250 -999.250 -999.250 -999.250 -999.250 -999.250 -999.250 -999.250 -999.250 -999.250 -999.250 1.497 0.960 1.542 3.297 4.187 4.820 3.392 3.255 4.001 3.405 0.973 1.239 0.000 0.000 0.000 0.000 0.000 0.000 0.000 0.000 0.000 0.000 0.000 2.931 7.597 11.738 11.989 11.242 9.783 3.432 0.000 0.000 0.000 0.000 0.000 0.000 0.000 0.000 0.000 2.622 5.943 6.861 9.315
-999.250 -999.250 -999.250 -999.250 -999.250 -999.250 -999.250 -999.250 -999.250 -999.250 -999.250 -999.250 -999.250 -999.250 -999.250 -999.250 -999.250 -999.250 -999.250 -999.250 -999.250 -999.250 -999.250 -999.250 -999.250 -999.250 1.601 1.036 2.828 1.154 0.759 4.813 4.287 4.452 3.661 3.746 3.729 1.691 1.757 0.389 0.000 0.000 0.000 0.000 0.000 0.000 0.000 0.000 0.000 2.447 6.349 11.504 14.299 16.291 16.587 11.479 5.088 0.000 0.000 0.000 0.000 0.000 0.000 0.000 0.000 0.000 3.517 5.957 8.560 13.225
-999.250 -999.250 -999.250 -999.250 -999.250 -999.250 -999.250 -999.250 -999.250 -999.250 -999.250 -999.250 -999.250 -999.250 -999.250 -999.250 -999.250 -999.250 -999.250 -999.250 -999.250 -999.250 -999.250 -999.250 -999.250 -999.250 2.628 1.615 1.241 2.493 1.726 3.137 5.605 4.489 5.341 4.910 3.090 1.640 2.350 1.598 0.000 0.000 0.000 0.000 0.000 0.000 0.000 0.000 0.599 6.618 12.052 15.566 23.871 22.111 20.118 15.262 7.945 0.000 0.000 0.000 0.000 0.000 0.000 0.000 0.000 1.586 5.031 9.961 9.810 12.891
-999.250 -999.250 -999.250 -999.250 -999.250 -999.250 -999.250 -999.250 -999.250 -999.250 -999.250 -999.250 -999.250 -999.250 -999.250 -999.250 -999.250 -999.250 -999.250 -999.250 -999.250 -999.250 -999.250 -999.250 -999.250 -999.250 4.674 2.378 1.252 1.872 3.321 3.173 4.157 6.150 5.375 3.350 2.851 4.186 2.145 1.817 0.000 0.000 0.000 0.000 0.000 0.000 0.000 0.000 4.327 10.015 16.975 19.688 30.484 34.122 36.734 24.616 12.959 4.971 0.000 0.000 0.000 0.000 0.000 0.000 0.000 3.173 7.875 9.469 14.013 16.915
-999.250 -999.250 -999.250 -999.250 -999.250 -999.250 -999.250 -999.250 -999.250 -999.250 -999.250 -999.250 -999.250 -999.250 -999.250 -999.250 -999.250 -999.250 -999.250 -999.250 -999.250 -999.250 -999.250 -999.250 -999.250 3.245 4.142 3.387 2.118 1.529 3.065 3.719 6.081 5.161 5.768 4.925 4.942 6.623 5.763 2.988 0.000 0.000 0.000 0.000 0.000 0.000 0.000 0.000 7.690 15.087 22.907 38.020 45.718 56.131 47.104 30.461 20.303 8.124 0.000 0.000 0.000 0.000 0.000 0.000 0.000 2.733 5.909 8.891 15.960 19.937
-999.250 -999.250 -999.250 -999.250 -999.250 -999.250 -999.250 -999.250 -999.250 -999.250 -999.250 -999.250 -999.250 -999.250 -999.250 -999.250 -999.250 -999.250 -999.250 -999.250 -999.250 -999.250 -999.250 -999.250 -999.250 4.744 5.876 3.927 2.387 1.956 4.746 6.551 5.386 5.110 5.032 6.035 5.876 9.852 8.592 4.648 0.599 0.000 0.000 0.000 0.000 0.000 0.000 0.000 6.707 20.270 34.801 45.126 65.925 70.272 52.971 41.753 26.401 15.827 6.519 0.718 0.000 0.000 0.000 0.000 0.000 3.577 6.112 10.706 14.253 19.469
-999.250 -999.250 -999.250 -999.250 -999.250 -999.250 -999.250 -999.250 -999.250 -999.250 -999.250 -999.250 -999.250 -999.250 -999.250 -999.250 -999.250 -999.250 -999.250 -999.250 -999.250 -999.250 -999.250 -999.250 -999.250 4.578 3.776 3.265 1.649 3.404 2.708 6.529 6.005 4.692 7.306 7.280 6.622 10.623 11.659 6.754 1.823 0.000 0.000 0.000 0.000 0.000 0.000 3.525 10.518 22.843 43.237 60.510 82.942 89.951 78.559 67.578 41.640 24.059 14.696 6.853 1.362 0.000 0.000 0.000 0.000 1.025 6.150 11.972 17.375 22.913
