data/medianmodel_05-Apr-2020.asc
ncols	141
nrows	288
xllcorner	-120191.398
yllcorner	-301404.813
cellsize	2000.000
NODATA_value	-999.250
[rows 150 to 179 of 288, columns 68 to 135 of 141]
12.970 10.805 9.913 8.948 10.212 9.452 9.612 11.210 6.165 8.328 8.736 10.353 10.232 8.773 10.809 9.453 9.465 9.409 11.579 10.377 8.600 7.564 6.943 7.869 8.042 6.385 7.265 -999.250 -999.250 -999.250 -999.250 -999.250 -999.250 -999.250 -999.250 -999.250 -999.250 -999.250 -999.250 -999.250 -999.250 -999.250 -999.250 -999.250 -999.250 -999.250 -999.250 -999.250 -999.250 -999.250 -999.250 -999.250 -999.250 -999.250 -999.250 -999.250 -999.250 -999.250 -999.250 -999.250 -999.250 -999.250 -999.250 -999.250 -999.250 -999.250 -999.250 -999.250
13.110 10.481 10.398 10.254 11.464 8.880 10.329 9.560 9.523 6.912 7.245 9.158 9.154 10.293 9.421 9.412 7.902 8.410 11.552 8.811 9.763 7.983 8.469 5.705 4.058 4.421 4.720 -999.250 -999.250 -999.250 -999.250 -999.250 -999.250 -999.250 -999.250 -999.250 -999.250 -999.250 -999.250 -999.250 -999.250 -999.250 -999.250 -999.250 -999.250 -999.250 -999.250 -999.250 -999.250 -999.250 -999.250 -999.250 -999.250 -999.250 -999.250 -999.250 -999.250 -999.250 -999.250 -999.250 -999.250 -999.250 -999.250 -999.250 -999.250 -999.250 -999.250 -999.250
12.454 13.597 12.570 11.719 16.674 13.577 10.542 9.771 9.401 7.059 10.870 9.357 11.073 9.932 8.833 9.376 8.726 9.000 10.902 9.534 8.988 8.469 7.723 3.302 5.707 5.598 5.954 -999.250 -999.250 -999.250 -999.250 -999.250 -999.250 -999.250 -999.250 -999.250 -999.250 -999.250 -999.250 -999.250 -999.250 -999.250 -999.250 -999.250 -999.250 -999.250 -999.250 -999.250 -999.250 -999.250 -999.250 -999.250 -999.250 -999.250 -999.250 -999.250 -999.250 -999.250 -999.250 -999.250 -999.250 -999.250 -999.250 -999.250 -999.250 -999.250 -999.250 -999.250
16.316 15.309 16.030 15.540 15.768 15.269 11.933 11.494 9.431 7.733 10.054 10.333 9.402 11.459 12.980 8.566 10.577 9.349 6.550 10.293 10.022 9.163 6.336 3.725 3.342 4.926 4.281 -999.250 -999.250 -999.250 -999.250 -999.250 -999.250 -999.250 -999.250 -999.250 -999.250 -999.250 -999.250 -999.250 -999.250 -999.250 -999.250 -999.250 -999.250 -999.250 -999.250 -999.250 -999.250 -999.250 -999.250 -999.250 -999.250 -999.250 -999.250 -999.250 -999.250 -999.250 -999.250 -999.250 -999.250 -999.250 -999.250 -999.250 -999.250 -999.250 -999.250 -999.250
16.478 17.313 17.264 17.150 16.576 13.286 14.432 10.355 8.831 11.425 12.354 13.564 13.258 12.456 11.672 10.202 9.575 9.342 7.499 8.199 8.455 8.506 9.035 4.037 0.000 4.407 6.725 -999.250 -999.250 -999.250 -999.250 -999.250 -999.250 -999.250 -999.250 -999.250 -999.250 -999.250 -999.250 -999.250 -999.250 -999.250 -999.250 -999.250 -999.250 -999.250 -999.250 -999.250 -999.250 -999.250 -999.250 -999.250 -999.250 -999.250 -999.250 -999.250 -999.250 -999.250 -999.250 -999.250 -999.250 -999.250 -999.250 -999.250 -999.250 -999.250 -999.250 -999.250
16.062 15.917 15.182 17.976 15.874 13.635 12.846 14.139 10.477 11.014 10.835 16.029 10.960 12.790 10.125 9.964 10.287 11.291 10.396 8.761 10.624 9.130 9.455 6.933 4.958 5.388 8.055 -999.250 -999.250 -999.250 -999.250 -999.250 -999.250 -999.250 -999.250 -999.250 -999.250 -999.250 -999.250 -999.250 -999.250 -999.250 -999.250 -999.250 -999.250 -999.250 -999.250 -999.250 -999.250 -999.250 -999.250 -999.250 -999.250 -999.250 -999.250 -999.250 -999.250 -999.250 -999.250 -999.250 -999.250 -999.250 -999.250 -999.250 -999.250 -999.250 -999.250 -999.250
15.728 15.695 13.551 15.448 16.345 15.159 14.938 14.793 14.064 11.733 10.834 10.564 10.433 8.972 10.492 10.050 10.125 10.753 12.419 10.005 11.468 10.303 8.116 7.485 7.724 6.975 8.168 7.128 -999.250 -999.250 -999.250 -999.250 -999.250 -999.250 -999.250 -999.250 -999.250 -999.250 -999.250 -999.250 -999.250 -999.250 -999.250 -999.250 -999.250 -999.250 -999.250 -999.250 -999.250 -999.250 -999.250 -999.250 -999.250 -999.250 -999.250 -999.250 -999.250 -999.250 -999.250 -999.250 -999.250 -999.250 -999.250 -999.250 -999.250 -999.250 -999.250 -999.250
13.206 14.768 14.274 14.105 15.533 17.427 16.729 14.860 13.055 10.291 11.036 11.595 11.110 8.460 6.797 5.696 9.160 8.183 10.105 10.459 10.127 7.541 7.415 7.902 9.568 11.801 11.642 10.623 8.044 -999.250 -999.250 -999.250 -999.250 -999.250 -999.250 -999.250 -999.250 -999.250 -999.250 -999.250 -999.250 -999.250 -999.250 -999.250 -999.250 -999.250 -999.250 -999.250 -999.250 -999.250 -999.250 -999.250 -999.250 -999.250 -999.250 -999.250 -999.250 -999.250 -999.250 -999.250 -999.250 -999.250 -999.250 -999.250 -999.250 -999.250 -999.250 -999.250
12.945 15.431 16.914 15.220 19.002 16.423 18.922 14.654 11.836 9.423 11.773 9.001 9.969 6.756 4.040 0.000 5.388 10.075 12.385 12.713 10.649 8.199 4.510 7.368 9.709 12.318 14.019 12.950 10.149 5.793 -999.250 -999.250 -999.250 -999.250 -999.250 -999.250 -999.250 -999.250 -999.250 -999.250 -999.250 -999.250 -999.250 -999.250 -999.250 -999.250 -999.250 -999.250 -999.250 -999.250 -999.250 -999.250 -999.250 -999.250 -999.250 -999.250 -999.250 -999.250 -999.250 -999.250 -999.250 -999.250 -999.250 -999.250 -999.250 -999.250 -999.250 -999.250
17.411 15.787 15.056 13.212 14.395 16.334 16.628 15.901 12.268 10.993 8.655 7.377 9.978 8.397 4.511 2.677 5.426 9.562 10.154 10.807 10.402 9.464 8.684 8.117 11.573 11.881 12.386 10.524 10.116 7.249 -999.250 -999.250 -999.250 -999.250 -999.250 -999.250 -999.250 -999.250 -999.250 -999.250 -999.250 -999.250 -999.250 -999.250 -999.250 -999.250 -999.250 -999.250 -999.250 -999.250 -999.250 -999.250 -999.250 -999.250 -999.250 -999.250 -999.250 -999.250 -999.250 -999.250 -999.250 -999.250 -999.250 -999.250 -999.250 -999.250 -999.250 -999.250
15.657 15.399 13.960 15.115 14.667 15.429 16.449 11.500 11.161 12.195 6.884 8.581 6.898 9.009 6.770 7.280 8.499 8.669 9.072 11.195 9.957 11.407 10.341 12.378 13.141 14.109 14.092 8.317 12.347 10.982 -999.250 -999.250 -999.250 -999.250 -999.250 -999.250 -999.250 -999.250 -999.250 -999.250 -999.250 -999.250 -999.250 -999.250 -999.250 -999.250 -999.250 -999.250 -999.250 -999.250 -999.250 -999.250 -999.250 -999.250 -999.250 -999.250 -999.250 -999.250 -999.250 -999.250 -999.250 -999.250 -999.250 -999.250 -999.250 -999.250 -999.250 -999.250
15.702 15.438 16.259 17.076 15.473 15.948 13.143 11.895 12.020 10.481 11.369 11.564 7.331 6.556 8.167 7.402 6.051 7.146 11.023 12.039 12.583 7.604 10.267 11.478 10.973 17.296 14.794 10.903 10.331 12.374 -999.250 -999.250 -999.250 -999.250 -999.250 -999.250 -999.250 -999.250 -999.250 -999.250 -999.250 -999.250 -999.250 -999.250 -999.250 -999.250 -999.250 -999.250 -999.250 -999.250 -999.250 -999.250 -999.250 -999.250 -999.250 -999.250 -999.250 -999.250 -999.250 -999.250 -999.250 -999.250 -999.250 -999.250 -999.250 -999.250 -999.250 -999.250
16.854 15.925 14.525 18.617 16.461 14.266 14.097 15.247 11.788 9.039 8.385 7.962 5.501 4.727 6.073 8.375 8.739 9.957 10.495 12.780 10.806 9.335 11.289 13.763 12.032 12.303 13.808 10.855 10.793 12.750 -999.250 -999.250 -999.250 -999.250 -999.250 -999.250 -999.250 -999.250 -999.250 -999.250 -999.250 -999.250 -999.250 -999.250 -999.250 -999.250 -999.250 -999.250 -999.250 -999.250 -999.250 -999.250 -999.250 -999.250 -999.250 -999.250 -999.250 -999.250 -999.250 -999.250 -999.250 -999.250 -999.250 -999.250 -999.250 -999.250 -999.250 -999.250
13.483 13.828 15.920 17.410 17.072 14.852 12.384 13.467 12.164 8.295 11.288 5.576 4.410 0.000 4.350 8.293 11.405 9.962 11.506 12.492 12.340 10.056 11.780 12.910 11.869 12.974 16.322 12.424 12.289 11.406 10.200 -999.250 -999.250 -999.250 -999.250 -999.250 -999.250 -999.250 -999.250 -999.250 -999.250 -999.250 -999.250 -999.250 -999.250 -999.250 -999.250 -999.250 -999.250 -999.250 -999.250 -999.250 -999.250 -999.250 -999.250 -999.250 -999.250 -999.250 -999.250 -999.250 -999.250 -999.250 -999.250 -999.250 -999.250 -999.250 -999.250 -999.250
15.491 15.662 14.058 16.099 15.622 15.186 12.007 11.071 11.722 9.655 8.034 8.860 4.466 5.972 6.310 9.590 9.669 10.780 8.677 12.455 13.728 12.414 10.486 11.782 10.948 12.237 14.822 12.637 9.984 8.788 8.464 7.978 -999.250 -999.250 -999.250 -999.250 -999.250 -999.250 -999.250 -999.250 -999.250 -999.250 -999.250 -999.250 -999.250 -999.250 -999.250 -999.250 -999.250 -999.250 -999.250 -999.250 -999.250 -999.250 -999.250 -999.250 -999.250 -999.250 -999.250 -999.250 -999.250 -999.250 -999.250 -999.250 -999.250 -999.250 -999.250 -999.250
13.408 15.328 14.988 13.124 13.636 14.375 11.972 10.914 11.643 12.762 12.627 9.297 4.851 7.930 8.632 8.435 8.421 11.295 11.942 9.969 10.217 12.205 12.939 12.225 12.190 12.103 10.599 13.559 9.490 7.132 6.079 9.070 5.654 5.325 6.219 -999.250 -999.250 -999.250 -999.250 -999.250 -999.250 -999.250 -999.250 -999.250 -999.250 -999.250 -999.250 -999.250 -999.250 -999.250 -999.250 -999.250 -999.250 -999.250 -999.250 -999.250 -999.250 -999.250 -999.250 -999.250 -999.250 -999.250 -999.250 -999.250 -999.250 -999.250 -999.250 -999.250
14.016 14.007 14.104 13.620 18.314 15.870 15.982 14.254 11.052 9.410 11.480 10.250 10.314 10.746 8.758 6.392 10.379 11.202 11.207 11.833 11.797 11.177 12.276 12.928 11.215 10.930 11.194 8.698 8.461 8.362 7.650 7.132 6.718 7.597 7.558 -999.250 -999.250 -999.250 -999.250 -999.250 -999.250 -999.250 -999.250 -999.250 -999.250 -999.250 -999.250 -999.250 -999.250 -999.250 -999.250 -999.250 -999.250 -999.250 -999.250 -999.250 -999.250 -999.250 -999.250 -999.250 -999.250 -999.250 -999.250 -999.250 -999.250 -999.250 -999.250 -999.250
12.830 13.360 11.028 11.246 14.051 13.712 11.090 13.059 10.851 10.752 8.227 10.273 7.262 8.223 8.779 8.188 12.870 11.434 12.253 11.702 11.887 12.439 12.946 12.616 11.934 11.002 9.442 7.955 5.924 7.616 4.871 4.001 5.357 7.316 -999.250 -999.250 -999.250 -999.250 -999.250 -999.250 -999.250 -999.250 -999.250 -999.250 -999.250 -999.250 -999.250 -999.250 -999.250 -999.250 -999.250 -999.250 -999.250 -999.250 -999.250 -999.250 -999.250 -999.250 -999.250 -999.250 -999.250 -999.250 -999.250 -999.250 -999.250 -999.250 -999.250 -999.250
12.172 11.563 9.386 10.882 13.041 10.745 14.887 12.311 12.446 8.630 7.294 7.973 6.915 4.841 6.890 7.501 10.100 12.110 13.117 12.146 10.978 8.037 9.758 10.518 9.290 10.698 11.314 10.501 6.243 3.077 3.487 4.694 6.555 6.781 -999.250 -999.250 -999.250 6.385 4.736 2.203 -999.250 -999.250 -999.250 -999.250 -999.250 -999.250 -999.250 -999.250 -999.250 -999.250 -999.250 -999.250 -999.250 -999.250 -999.250 -999.250 -999.250 -999.250 -999.250 -999.250 -999.250 -999.250 -999.250 -999.250 -999.250 -999.250 -999.250 -999.250
10.471 5.653 6.813 9.664 13.840 12.053 11.063 10.227 10.241 8.508 6.771 4.693 5.065 4.430 8.550 9.703 8.578 13.303 13.462 13.197 11.168 8.956 11.564 8.637 8.301 9.665 9.592 6.791 5.156 2.072 0.000 4.410 5.641 8.348 9.712 7.637 10.358 7.803 4.591 1.799 1.739 -999.250 -999.250 -999.250 -999.250 -999.250 -999.250 -999.250 -999.250 -999.250 -999.250 -999.250 -999.250 -999.250 -999.250 -999.250 -999.250 -999.250 -999.250 -999.250 -999.250 -999.250 -999.250 -999.250 -999.250 -999.250 -999.250 -999.250
9.189 6.352 0.000 4.345 8.961 11.622 9.401 9.848 9.308 9.522 7.029 3.804 0.000 1.295 9.471 8.690 10.409 11.953 11.973 13.617 11.346 8.095 11.508 8.301 5.348 8.034 9.231 7.372 4.965 4.315 4.075 7.871 9.992 12.048 10.467 11.429 9.555 9.432 4.076 0.000 1.993 2.377 -999.250 -999.250 -999.250 -999.250 -999.250 -999.250 -999.250 -999.250 -999.250 -999.250 -999.250 -999.250 -999.250 -999.250 -999.250 -999.250 -999.250 -999.250 -999.250 -999.250 -999.250 -999.250 -999.250 -999.250 -999.250 -999.250
8.013 5.210 2.673 6.225 8.375 11.262 9.379 8.220 9.354 7.397 8.709 4.017 4.417 7.163 10.908 7.368 10.061 11.528 11.683 12.023 13.872 10.629 8.218 4.223 6.476 10.407 8.586 9.424 8.635 8.543 9.079 9.547 11.588 10.508 10.375 10.114 7.528 8.822 6.430 4.332 2.639 2.768 -999.250 -999.250 -999.250 -999.250 -999.250 -999.250 -999.250 -999.250 -999.250 -999.250 -999.250 -999.250 -999.250 -999.250 -999.250 -999.250 -999.250 -999.250 -999.250 -999.250 -999.250 -999.250 -999.250 -999.250 -999.250 -999.250
8.181 6.660 7.623 10.105 8.925 11.479 10.015 7.612 8.396 9.149 7.778 4.497 8.034 8.601 10.790 10.330 9.721 10.242 8.126 9.287 10.216 9.938 4.657 0.000 5.074 8.019 10.214 11.480 10.818 11.777 9.467 10.775 11.186 11.597 11.048 10.515 10.835 10.835 7.011 7.849 6.706 5.066 -999.250 -999.250 -999.250 -999.250 -999.250 -999.250 -999.250 -999.250 -999.250 -999.250 -999.250 -999.250 -999.250 -999.250 -999.250 -999.250 -999.250 -999.250 -999.250 -999.250 -999.250 -999.250 -999.250 -999.250 -999.250 -999.250
8.536 6.915 9.531 7.660 13.084 11.322 8.913 9.277 8.500 7.159 7.476 5.920 7.015 9.830 11.544 11.920 11.231 9.783 8.248 10.861 10.065 9.126 7.592 4.458 6.829 7.886 12.479 12.405 11.571 9.539 13.329 11.804 11.865 15.239 12.391 6.833 12.534 11.039 8.952 9.164 8.792 5.484 0.939 -999.250 -999.250 -999.250 -999.250 -999.250 -999.250 -999.250 -999.250 -999.250 -999.250 -999.250 -999.250 -999.250 -999.250 -999.250 -999.250 -999.250 -999.250 -999.250 -999.250 -999.250 -999.250 -999.250 -999.250 -999.250
7.448 10.732 9.629 10.898 11.531 8.864 10.594 10.442 8.694 7.631 6.631 4.870 7.693 7.895 11.449 10.605 10.393 11.527 12.824 11.790 11.118 10.127 9.616 8.467 10.219 12.279 14.766 11.393 14.216 10.665 12.384 12.142 12.947 10.702 8.480 8.178 10.814 12.477 11.186 8.134 8.892 5.273 -999.250 -999.250 -999.250 -999.250 -999.250 -999.250 -999.250 -999.250 -999.250 -999.250 -999.250 -999.250 -999.250 -999.250 -999.250 -999.250 -999.250 -999.250 -999.250 -999.250 -999.250 -999.250 -999.250 -999.250 -999.250 -999.250
7.596 9.156 10.759 7.403 9.447 9.368 9.576 10.178 9.409 7.900 6.011 4.575 6.364 10.857 11.408 12.275 12.829 10.389 12.741 12.056 9.939 10.898 10.186 9.647 10.858 13.991 9.681 10.061 12.641 13.147 12.173 9.979 9.734 10.058 8.163 8.945 10.669 7.754 9.678 7.955 8.407 -999.250 -999.250 -999.250 -999.250 -999.250 -999.250 -999.250 -999.250 -999.250 -999.250 -999.250 -999.250 -999.250 -999.250 -999.250 -999.250 -999.250 -999.250 -999.250 -999.250 -999.250 -999.250 -999.250 -999.250 -999.250 -999.250 -999.250
9.285 6.517 10.406 9.473 9.848 11.686 8.005 8.904 9.139 7.194 2.724 0.000 6.010 8.886 8.997 13.301 11.516 13.096 11.574 11.941 10.836 11.947 11.321 14.412 11.878 14.027 12.607 13.374 15.345 15.001 11.510 13.612 12.584 9.889 10.400 9.535 8.429 10.567 9.336 7.670 6.614 -999.250 -999.250 -999.250 -999.250 -999.250 -999.250 -999.250 -999.250 -999.250 -999.250 -999.250 -999.250 -999.250 -999.250 -999.250 -999.250 -999.250 -999.250 -999.250 -999.250 -999.250 -999.250 -999.250 -999.250 -999.250 -999.250 -999.250
10.933 9.410 12.465 10.242 10.915 11.824 10.758 9.779 9.472 8.677 4.973 2.543 6.215 7.939 10.409 9.114 9.730 10.641 11.007 9.616 11.163 11.112 12.089 12.447 13.385 12.671 10.919 11.730 12.002 18.427 14.922 14.442 14.120 10.545 11.866 8.819 10.485 12.566 8.714 9.011 -999.250 -999.250 -999.250 -999.250 -999.250 -999.250 -999.250 -999.250 -999.250 -999.250 -999.250 -999.250 -999.250 -999.250 -999.250 -999.250 -999.250 -999.250 -999.250 -999.250 -999.250 -999.250 -999.250 -999.250 -999.250 -999.250 -999.250 -999.250
9.288 13.615 10.872 12.214 10.897 10.785 10.342 10.156 8.451 7.932 5.898 5.818 9.053 9.320 12.195 11.047 8.098 10.768 8.950 9.558 11.055 13.425 11.303 11.779 9.796 8.875 12.753 13.854 15.630 15.451 14.363 14.054 12.123 12.540 14.160 13.557 12.556 12.774 9.829 8.748 -999.250 -999.250 -999.250 -999.250 -999.250 -999.250 -999.250 -999.250 -999.250 -999.250 -999.250 -999.250 -999.250 -999.250 -999.250 -999.250 -999.250 -999.250 -999.250 -999.250 -999.250 -999.250 -999.250 -999.250 -999.250 -999.250 -999.250 -999.250
8.821 8.475 8.299 8.235 11.851 10.478 8.918 9.489 10.527 10.140 9.398 8.179 5.408 9.023 10.952 12.790 12.243 10.419 8.690 10.396 11.001 12.313 12.274 12.750 11.335 11.622 11.919 12.795 13.748 16.386 13.346 12.804 12.122 15.053 12.877 11.081 14.999 11.804 10.808 -999.250 -999.250 -999.250 -999.250 -999.250 -999.250 -999.250 -999.250 -999.250 -999.250 -999.250 -999.250 -999.250 -999.250 -999.250 -999.250 -999.250 -999.250 -999.250 -999.250 -999.250 -999.250 -999.250 -999.250 -999.250 -999.250 -999.250 -999.250 -999.250
