data/medianmodel_11-Jan-2021.asc
ncols	141
nrows	288
xllcorner	-120191.398
yllcorner	-301404.813
cellsize	2000.000
NODATA_value	-999.250
[rows 84 to 111 of 288, columns 0 to 63 of 141]
-999.250 -999.250 -999.250 -999.250 -999.250 -999.250 -999.250 -999.250 -999.250 -999.250 -999.250 -999.250 -999.250 -999.250 -999.250 -999.250 -999.250 -999.250 -999.250 -999.250 -999.250 -999.250 -999.250 -999.250 -999.250 -999.250 -999.250 -999.250 -999.250 -999.250 -999.250 -999.250 -999.250 948.009 915.719 856.182 817.433 778.197 740.866 731.177 718.130 741.847 784.682 845.566 852.370 863.228 915.388 992.678 1084.489 1137.531 1166.514 1174.892 1205.382 1153.538 1161.546 1202.661 1234.059 1189.414 1191.753 1217.166 1238.164 1199.437 1195.862 1112.796
-999.250 -999.250 -999.250 -999.250 -999.250 -999.250 -999.250 -999.250 -999.250 -999.250 -999.250 -999.250 -999.250 -999.250 -999.250 -999.250 -999.250 -999.250 -999.250 -999.250 -999.250 -999.250 -999.250 -999.250 -999.250 -999.250 -999.250 -999.250 -999.250 -999.250 -999.250 -999.250 -999.250 875.935 860.649 842.285 790.641 675.155 691.023 722.316 740.897 734.385 796.655 841.830 874.448 923.433 947.059 1046.730 1130.602 1178.598 1137.130 1174.405 1168.545 1160.286 1189.507 1160.699 1140.704 1167.055 1174.853 1180.642 1221.966 1202.930 1179.221 1119.015
-999.250 -999.250 -999.250 -999.250 -999.250 -999.250 -999.250 -999.250 -999.250 -999.250 -999.250 -999.250 -999.250 -999.250 -999.250 -999.250 -999.250 -999.250 -999.250 -999.250 -999.250 -999.250 -999.250 -999.250 -999.250 -999.250 -999.250 -999.250 -999.250 -999.250 -999.250 -999.250 -999.250 839.926 827.293 807.986 752.450 729.080 677.923 674.088 726.503 809.658 850.916 864.900 919.005 977.169 989.730 1107.359 1198.047 1195.358 1185.999 1167.937 1161.951 1170.796 1181.789 1179.677 1159.199 1227.470 1201.007 1251.210 1216.142 1185.336 1144.604 1108.626
-999.250 -999.250 -999.250 -999.250 -999.250 -999.250 -999.250 -999.250 -999.250 -999.250 -999.250 -999.250 -999.250 -999.250 -999.250 -999.250 -999.250 -999.250 -999.250 -999.250 -999.250 -999.250 -999.250 -999.250 -999.250 -999.250 -999.250 -999.250 -999.250 -999.250 -999.250 -999.250 -999.250 795.045 767.804 704.146 721.533 658.358 678.907 705.461 719.550 799.994 863.124 892.165 938.476 1001.088 1060.346 1123.591 1207.677 1218.526 1237.168 1171.496 1194.669 1198.280 1187.120 1155.099 1143.341 1193.244 1186.696 1242.553 1213.174 1205.678 1163.072 1170.355
-999.250 -999.250 -999.250 -999.250 -999.250 -999.250 -999.250 -999.250 -999.250 -999.250 -999.250 -999.250 -999.250 -999.250 -999.250 -999.250 -999.250 -999.250 -999.250 -999.250 -999.250 -999.250 -999.250 -999.250 -999.250 -999.250 -999.250 -999.250 -999.250 -999.250 -999.250 -999.250 753.970 732.155 700.484 649.489 638.111 618.132 671.832 718.713 790.154 832.652 879.796 909.843 983.228 1010.778 1066.300 1156.381 1217.862 1224.662 1228.685 1160.971 1176.588 1139.311 1143.563 1136.738 1140.474 1198.359 1173.502 1185.790 1188.908 1196.989 1186.395 1157.752
-999.250 -999.250 -999.250 -999.250 -999.250 -999.250 -999.250 -999.250 -999.250 -999.250 -999.250 -999.250 -999.250 -999.250 -999.250 -999.250 -999.250 -999.250 -999.250 -999.250 -999.250 -999.250 -999.250 -999.250 -999.250 -999.250 -999.250 -999.250 -999.250 -999.250 -999.250 -999.250 699.890 693.600 604.798 610.756 588.517 613.358 657.950 727.004 806.071 881.433 943.280 981.667 1033.841 1077.234 1126.776 1180.608 1198.383 1222.543 1255.172 1170.965 1153.890 1127.912 1136.148 1090.306 1120.585 1123.412 1157.399 1200.454 1206.749 1216.474 1220.520 1197.172
-999.250 -999.250 -999.250 -999.250 -999.250 -999.250 -999.250 -999.250 -999.250 -999.250 -999.250 -999.250 -999.250 -999.250 -999.250 -999.250 -999.250 -999.250 -999.250 -999.250 -999.250 -999.250 -999.250 -999.250 -999.250 -999.250 -999.250 -999.250 -999.250 -999.250 -999.250 -999.250 685.185 620.395 586.172 587.964 567.282 596.432 673.329 776.859 841.349 907.228 965.767 988.228 1046.606 1147.947 1216.424 1244.015 1236.111 1224.581 1178.278 1188.056 1158.147 1058.228 1110.548 1110.194 1090.531 1094.884 1089.811 1178.886 1194.172 1226.479 1259.627 1212.712
-999.250 -999.250 -999.250 -999.250 -999.250 -999.250 -999.250 -999.250 -999.250 -999.250 -999.250 -999.250 -999.250 -999.250 -999.250 -999.250 -999.250 -999.250 -999.250 -999.250 -999.250 -999.250 -999.250 -999.250 -999.250 -999.250 -999.250 -999.250 -999.250 -999.250 -999.250 -999.250 633.883 631.348 586.352 598.971 599.072 613.532 685.089 793.283 866.946 920.343 986.899 1060.737 1162.673 1229.880 1265.789 1311.156 1226.365 1214.528 1192.374 1195.045 1118.134 1031.477 1019.214 1080.143 1024.559 1007.619 1066.770 1096.466 1121.410 1159.304 1198.863 1197.424
-999.250 -999.250 -999.250 -999.250 -999.250 -999.250 -999.250 -999.250 -999.250 -999.250 -999.250 -999.250 -999.250 -999.250 -999.250 -999.250 -999.250 -999.250 -999.250 -999.250 -999.250 -999.250 -999.250 -999.250 -999.250 -999.250 -999.250 -999.250 -999.250 -999.250 -999.250 687.933 649.483 598.065 600.135 587.581 631.296 695.586 738.766 823.230 871.085 943.313 1012.635 1128.766 1201.407 1255.126 1309.118 1305.209 1254.607 1276.829 1198.377 1199.701 1082.136 1006.185 1053.223 1000.183 981.690 1015.581 1013.523 1067.502 1058.904 1122.296 1164.349 1157.825
-999.250 -999.250 -999.250 -999.250 -999.250 -999.250 -999.250 -999.250 -999.250 -999.250 -999.250 -999.250 -999.250 -999.250 -999.250 -999.250 -999.250 -999.250 -999.250 -999.250 -999.250 -999.250 -999.250 -999.250 -999.250 -999.250 -999.250 -999.250 -999.250 -999.250 -999.250 679.377 637.494 613.997 605.081 617.549 681.085 758.257 817.358 855.283 914.590 961.443 1031.057 1154.533 1256.178 1305.866 1328.051 1275.031 1266.110 1270.759 1202.280 1159.536 1036.506 1011.745 991.476 933.138 921.105 941.139 934.532 959.136 1028.367 1127.925 1160.050 1142.552
-999.250 -999.250 -999.250 -999.250 -999.250 -999.250 -999.250 -999.250 -999.250 -999.250 -999.250 -999.250 -999.250 -999.250 -999.250 -999.250 -999.250 -999.250 -999.250 -999.250 -999.250 -999.250 -999.250 -999.250 -999.250 -999.250 -999.250 -999.250 -999.250 -999.250 -999.250 658.070 655.236 643.166 646.038 681.230 740.129 807.968 829.484 881.048 942.786 995.440 1060.952 1125.879 1234.833 1290.815 1295.307 1289.752 1260.721 1226.797 1176.924 1134.045 1083.717 1021.456 943.742 920.185 897.347 898.722 892.500 909.051 980.103 1084.940 1153.408 1189.064
-999.250 -999.250 -999.250 -999.250 -999.250 -999.250 -999.250 -999.250 -999.250 -999.250 -999.250 -999.250 -999.250 -999.250 -999.250 -999.250 -999.250 -999.250 -999.250 -999.250 -999.250 -999.250 -999.250 -999.250 -999.250 -999.250 -999.250 -999.250 -999.250 -999.250 -999.250 672.723 666.330 664.737 684.584 738.132 777.749 821.315 863.908 918.984 974.817 1004.640 1076.582 1145.940 1246.810 1298.942 1347.772 1311.972 1273.097 1234.338 1156.924 1134.051 1047.587 964.522 948.291 897.032 888.909 860.708 830.684 871.320 933.450 1068.855 1207.020 1277.341
-999.250 -999.250 -999.250 -999.250 -999.250 -999.250 -999.250 -999.250 -999.250 -999.250 -999.250 -999.250 -999.250 -999.250 -999.250 -999.250 -999.250 -999.250 -999.250 -999.250 -999.250 -999.250 -999.250 -999.250 -999.250 -999.250 -999.250 -999.250 -999.250 -999.250 687.440 659.361 677.579 679.480 699.538 728.260 785.956 850.005 879.639 917.257 978.814 1045.849 1125.657 1147.838 1213.470 1302.233 1324.270 1310.026 1224.278 1173.076 1169.318 1085.219 1009.418 926.952 896.552 882.165 872.164 821.985 822.134 813.241 944.934 1114.513 1238.624 1346.063
-999.250 -999.250 -999.250 -999.250 -999.250 -999.250 -999.250 -999.250 -999.250 -999.250 -999.250 -999.250 -999.250 -999.250 -999.250 -999.250 -999.250 -999.250 -999.250 -999.250 -999.250 -999.250 -999.250 -999.250 -999.250 -999.250 -999.250 -999.250 -999.250 -999.250 659.133 628.790 640.399 704.311 719.667 751.498 813.269 858.917 908.094 965.845 1010.351 1061.682 1144.586 1136.712 1197.727 1299.757 1335.744 1265.672 1245.971 1153.004 1111.335 1011.651 995.862 941.624 910.840 883.783 846.860 863.692 838.319 876.134 1004.701 1176.884 1367.263 1514.724
-999.250 -999.250 -999.250 -999.250 -999.250 -999.250 -999.250 -999.250 -999.250 -999.250 -999.250 -999.250 -999.250 -999.250 -999.250 -999.250 -999.250 -999.250 -999.250 -999.250 -999.250 -999.250 -999.250 -999.250 -999.250 -999.250 -999.250 -999.250 -999.250 -999.250 689.485 653.683 657.672 662.488 709.556 768.198 792.626 871.517 928.467 977.301 1075.627 1082.128 1085.557 1152.370 1185.228 1251.063 1235.210 1210.666 1205.498 1153.689 1099.521 1022.726 958.349 935.138 916.078 886.445 898.085 908.781 932.483 991.389 1117.209 1258.838 1471.106 1696.654
-999.250 -999.250 -999.250 -999.250 -999.250 -999.250 -999.250 -999.250 -999.250 -999.250 -999.250 -999.250 -999.250 -999.250 -999.250 -999.250 -999.250 -999.250 -999.250 -999.250 -999.250 -999.250 -999.250 -999.250 -999.250 -999.250 -999.250 -999.250 -999.250 -999.250 659.552 636.218 615.335 660.488 709.395 737.650 794.969 872.539 928.216 981.061 1102.511 1099.034 1093.788 1077.460 1138.492 1173.863 1166.095 1151.920 1108.490 1066.808 1062.006 1008.551 992.493 975.173 935.396 945.982 959.734 977.792 1026.380 1085.682 1210.352 1359.604 1463.731 1706.799
-999.250 -999.250 -999.250 -999.250 -999.250 -999.250 -999.250 -999.250 -999.250 -999.250 -999.250 -999.250 -999.250 -999.250 -999.250 -999.250 -999.250 -999.250 -999.250 -999.250 -999.250 -999.250 -999.250 -999.250 -999.250 -999.250 -999.250 -999.250 -999.250 655.386 664.678 616.640 607.681 638.076 697.102 715.106 776.920 841.221 891.245 958.145 993.688 1009.004 1014.516 1024.896 1067.159 1114.874 1090.045 1107.071 1066.192 1132.831 1115.668 1010.527 1039.908 1026.768 1061.012 1045.249 1059.428 1111.614 1167.766 1240.663 1316.182 1461.268 1487.349 1699.657
-999.250 -999.250 -999.250 -999.250 -999.250 -999.250 -999.250 -999.250 -999.250 -999.250 -999.250 -999.250 -999.250 -999.250 -999.250 -999.250 -999.250 -999.250 -999.250 -999.250 -999.250 -999.250 -999.250 -999.250 -999.250 -999.250 -999.250 -999.250 -999.250 659.267 630.113 617.810 598.355 660.701 641.301 696.647 734.942 818.356 837.888 888.009 897.505 937.938 972.252 991.592 980.180 993.821 1045.705 1052.353 1078.666 1127.481 1139.037 1113.120 1087.879 1098.921 1127.529 1184.404 1222.666 1271.620 1307.673 1367.424 1418.794 1512.629 1544.481 1615.099
-999.250 -999.250 -999.250 -999.250 -999.250 -999.250 -999.250 -999.250 -999.250 -999.250 -999.250 -999.250 -999.250 -999.250 -999.250 -999.250 -999.250 -999.250 -999.250 -999.250 -999.250 -999.250 -999.250 -999.250 -999.250 -999.250 -999.250 -999.250 -999.250 629.632 612.068 612.154 585.619 595.427 620.029 656.476 721.331 764.132 813.575 813.493 855.553 861.570 894.911 929.476 926.226 955.538 961.471 1007.969 1066.472 1118.814 1163.779 1160.992 1217.288 1161.092 1274.114 1317.002 1323.193 1394.208 1448.599 1484.697 1652.827 1565.873 1644.939 1714.345
-999.250 -999.250 -999.250 -999.250 -999.250 -999.250 -999.250 -999.250 -999.250 -999.250 -999.250 -999.250 -999.250 -999.250 -999.250 -999.250 -999.250 -999.250 -999.250 -999.250 -999.250 -999.250 -999.250 -999.250 -999.250 -999.250 -999.250 -999.250 -999.250 607.211 590.361 578.702 555.657 577.731 575.118 608.066 649.915 677.364 704.004 712.794 770.649 823.856 849.671 876.325 896.349 925.551 953.487 1009.096 1121.584 1204.777 1263.885 1320.760 1440.163 1422.551 1478.330 1531.712 1573.373 1659.613 1656.772 1622.550 1733.248 1615.085 1615.287 1652.978
-999.250 -999.250 -999.250 -999.250 -999.250 -999.250 -999.250 -999.250 -999.250 -999.250 -999.250 -999.250 -999.250 -999.250 -999.250 -999.250 -999.250 -999.250 -999.250 -999.250 -999.250 -999.250 -999.250 -999.250 -999.250 -999.250 -999.250 -999.250 600.588 587.937 584.421 518.755 544.322 546.243 532.267 575.692 598.665 596.960 616.429 669.340 678.345 705.382 783.159 846.851 875.110 895.829 935.658 1037.724 1146.622 1279.818 1402.833 1475.870 1608.846 1739.766 1931.431 1962.313 1935.304 1831.092 1838.618 1796.940 1678.095 1720.841 1548.566 1560.106
-999.250 -999.250 -999.250 -999.250 -999.250 -999.250 -999.250 -999.250 -999.250 -999.250 -999.250 -999.250 -999.250 -999.250 -999.250 -999.250 -999.250 -999.250 -999.250 -999.250 -999.250 -999.250 -999.250 -999.250 -999.250 -999.250 -999.250 -999.250 596.010 571.613 571.621 540.624 536.560 526.949 533.567 556.493 546.097 531.346 559.401 582.147 613.696 672.094 746.660 802.512 842.637 889.499 949.570 1099.215 1192.653 1331.666 1512.379 1625.733 1892.436 2166.528 2294.141 2222.367 2200.093 2004.474 1928.386 1920.537 1789.348 1684.991 1638.237 1566.489
-999.250 -999.250 -999.250 -999.250 -999.250 -999.250 -999.250 -999.250 -999.250 -999.250 -999.250 -999.250 -999.250 -999.250 -999.250 -999.250 -999.250 -999.250 -999.250 -999.250 -999.250 -999.250 -999.250 -999.250 -999.250 -999.250 -999.250 643.412 589.057 578.715 557.520 547.795 512.969 518.610 523.243 529.177 519.782 499.113 479.702 550.462 589.143 651.677 703.165 770.145 829.583 893.166 973.960 1094.037 1243.665 1424.640 1593.675 1800.077 2104.033 2316.430 2676.801 2636.384 2298.909 2244.931 2098.176 1989.648 1951.646 1805.100 1657.505 1562.521
-999.250 -999.250 -999.250 -999.250 -999.250 -999.250 -999.250 -999.250 -999.250 -999.250 -999.250 -999.250 -999.250 -999.250 -999.250 -999.250 -999.250 -999.250 -999.250 -999.250 -999.250 -999.250 -999.250 -999.250 -999.250 -999.250 -999.250 633.173 581.877 586.638 560.118 548.618 537.798 546.584 507.273 524.725 510.794 508.961 497.791 554.641 581.265 649.578 722.736 767.297 835.215 895.449 998.812 1100.523 1253.556 1415.599 1627.151 1957.822 2239.935 2595.600 3069.607 2751.210 2363.026 2202.757 2171.317 2030.495 1977.329 1812.036 1648.396 1579.807
-999.250 -999.250 -999.250 -999.250 -999.250 -999.250 -999.250 -999.250 -999.250 -999.250 -999.250 -999.250 -999.250 -999.250 -999.250 -999.250 -999.250 -999.250 -999.250 -999.250 -999.250 -999.250 -999.250 -999.250 -999.250 -999.250 -999.250 634.133 587.044 575.261 539.457 546.494 526.304 542.074 526.193 509.339 512.504 510.094 515.462 566.904 595.958 629.984 725.013 801.363 845.743 911.199 1030.725 1102.272 1291.849 1423.903 1717.416 1958.581 2143.484 2303.144 2405.109 2279.714 2257.828 2127.335 2082.047 2083.371 1888.515 1874.766 1659.304 1548.320
-999.250 -999.250 -999.250 -999.250 -999.250 -999.250 -999.250 -999.250 -999.250 -999.250 -999.250 -999.250 -999.250 -999.250 -999.250 -999.250 -999.250 -999.250 -999.250 -999.250 -999.250 -999.250 -999.250 -999.250 -999.250 -999.250 -999.250 598.930 591.368 582.891 566.837 539.403 531.861 548.273 534.973 508.049 527.489 525.981 559.453 587.613 599.308 657.986 736.227 780.864 861.804 928.895 996.767 1104.572 1242.270 1381.316 1534.368 1645.715 1953.217 1993.446 2131.729 2044.402 2012.213 1961.691 1914.534 1912.214 1953.089 1788.715 1770.229 1623.474
-999.250 -999.250 -999.250 -999.250 -999.250 -999.250 -999.250 -999.250 -999.250 -999.250 -999.250 -999.250 -999.250 -999.250 -999.250 -999.250 -999.250 -999.250 -999.250 -999.250 -999.250 -999.250 -999.250 -999.250 -999.250 -999.250 -999.250 -999.250 596.496 558.636 555.758 545.695 553.413 567.958 521.033 511.931 527.188 557.339 574.889 608.907 636.050 683.310 787.724 832.728 876.867 946.443 996.531 1160.979 1206.006 1302.032 1407.753 1484.725 1575.235 1582.951 1543.074 1587.762 1555.857 1702.808 1836.553 1943.650 1972.390 1871.214 1779.181 1536.236
-999.250 -999.250 -999.250 -999.250 -999.250 -999.250 -999.250 -999.250 -999.250 -999.250 -999.250 -999.250 -999.250 -999.250 -999.250 -999.250 -999.250 -999.250 -999.250 -999.250 -999.250 -999.250 -999.250 -999.250 -999.250 -999.250 -999.250 -999.250 597.562 561.332 557.859 558.464 554.179 562.238 556.466 542.530 570.203 573.211 602.173 655.581 661.667 714.591 788.167 848.130 907.681 948.858 1006.087 1075.178 1174.166 1285.900 1338.357 1360.186 1366.436 1312.251 1196.544 1116.839 1226.365 1363.835 1553.868 1810.544 2023.653 1893.024 1705.675 1521.557
