data/medianmodel_04-Nov-2020.asc
ncols	141
nrows	288
xllcorner	-120191.398
yllcorner	-301404.813
cellsize	2000.000
NODATA_value	-999.250
[rows 116 to 144 of 288, columns 65 to 129 of 141]
157.110 169.402 152.495 180.248 188.482 184.952 199.295 250.508 234.952 283.832 318.382 320.683 326.769 361.338 377.511 397.576 406.000 417.247 435.791 454.190 506.623 554.004 559.999 573.770 518.716 538.855 532.337 620.522 524.309 673.543 709.676 701.136 738.846 755.570 762.780 738.335 751.850 644.542 606.055 654.544 597.192 563.893 637.176 627.610 529.325 462.347 494.656 456.482 -999.250 -999.250 -999.250 -999.250 -999.250 -999.250 -999.250 -999.250 -999.250 -999.250 -999.250 -999.250 -999.250 -999.250 -999.250 -999.250 -999.250
132.383 148.657 159.126 153.509 162.338 157.431 190.865 203.965 216.843 246.173 300.805 304.369 304.702 345.121 367.241 375.586 392.811 450.227 489.673 425.504 481.785 536.417 658.705 600.561 517.464 538.406 613.549 556.398 649.159 617.539 683.379 814.440 791.716 849.423 755.214 923.664 795.044 820.742 777.884 866.027 721.944 639.609 640.285 606.599 622.500 524.694 575.045 488.802 -999.250 -999.250 -999.250 -999.250 -999.250 -999.250 -999.250 -999.250 -999.250 -999.250 -999.250 -999.250 -999.250 -999.250 -999.250 -999.250 -999.250
120.659 133.523 129.476 132.889 125.671 150.100 156.811 169.607 183.670 240.607 260.307 288.004 307.308 347.161 374.663 375.442 387.900 456.500 412.944 424.608 535.690 544.603 610.943 513.063 529.351 565.870 625.746 705.587 602.117 686.834 734.651 823.744 953.537 1052.435 1075.162 1076.838 996.085 939.400 1035.011 948.998 873.097 898.790 739.810 831.468 705.323 728.234 608.611 522.042 532.776 -999.250 -999.250 -999.250 -999.250 -999.250 -999.250 -999.250 -999.250 -999.250 -999.250 -999.250 -999.250 -999.250 -999.250 -999.250 -999.250
127.941 109.039 109.752 102.822 98.760 123.640 130.930 125.538 167.372 202.227 219.237 242.280 299.393 323.660 343.612 368.434 405.007 416.342 410.847 407.435 494.132 499.620 490.335 482.871 478.566 506.158 524.771 649.475 721.919 754.099 818.450 901.004 1023.181 1167.885 1283.834 1071.792 1096.959 1027.106 1012.422 1018.908 974.523 923.238 828.382 839.197 796.172 779.439 633.793 650.972 -999.250 -999.250 -999.250 -999.250 -999.250 -999.250 -999.250 -999.250 -999.250 -999.250 -999.250 -999.250 -999.250 -999.250 -999.250 -999.250 -999.250
107.254 109.728 95.703 92.866 83.774 89.387 104.824 128.549 142.092 185.026 215.686 228.046 274.352 320.892 350.765 386.155 393.171 391.338 431.067 415.475 468.638 443.881 421.239 443.555 483.770 545.151 605.664 746.500 679.215 780.012 874.701 1020.394 1081.941 1140.006 1344.997 1313.386 1287.918 1080.979 1175.844 1071.567 1019.436 973.629 867.470 882.053 845.332 771.047 720.069 689.231 -999.250 -999.250 -999.250 -999.250 -999.250 -999.250 -999.250 -999.250 -999.250 -999.250 -999.250 -999.250 -999.250 -999.250 -999.250 -999.250 -999.250
124.110 114.517 93.986 93.364 72.028 70.202 89.736 100.628 119.731 162.934 187.882 215.849 307.618 349.716 341.595 321.112 344.982 372.550 377.238 387.607 412.355 474.027 465.907 447.505 448.661 504.380 571.618 663.549 642.325 835.940 933.575 1020.150 1302.197 1318.001 1153.645 1385.107 1341.343 1363.800 1251.553 1148.898 1072.330 1022.116 922.227 930.227 846.196 937.396 830.909 723.181 -999.250 -999.250 -999.250 -999.250 -999.250 -999.250 -999.250 -999.250 -999.250 -999.250 -999.250 -999.250 -999.250 -999.250 -999.250 -999.250 -999.250
125.180 109.680 87.941 84.890 69.419 39.976 76.291 85.563 130.544 170.650 215.691 230.829 248.641 296.223 336.207 335.077 342.074 337.595 373.904 389.878 425.796 415.192 430.413 444.572 493.525 525.493 538.787 605.054 761.621 881.741 961.577 1028.308 1236.655 1263.236 1384.518 1524.905 1550.389 1541.657 1355.850 1233.938 1166.514 1093.680 1025.752 1007.675 898.266 885.001 751.045 695.598 -999.250 -999.250 -999.250 -999.250 -999.250 -999.250 -999.250 -999.250 -999.250 -999.250 -999.250 -999.250 -999.250 -999.250 -999.250 -999.250 -999.250
115.481 111.841 101.302 88.005 76.380 70.611 80.659 96.470 152.749 166.905 195.891 228.558 287.851 278.590 289.254 348.553 331.782 347.602 385.560 388.499 370.376 426.237 401.928 429.574 472.730 510.932 502.856 650.498 747.001 854.578 958.802 1064.200 1130.575 1452.141 1503.022 1765.510 1599.662 1656.222 1540.513 1257.457 1175.947 1157.265 899.670 967.621 826.395 786.398 907.311 -999.250 -999.250 -999.250 -999.250 -999.250 -999.250 -999.250 -999.250 -999.250 -999.250 -999.250 -999.250 -999.250 -999.250 -999.250 -999.250 -999.250 -999.250
144.058 152.942 125.687 92.339 102.273 92.606 97.268 106.040 159.753 155.837 194.378 225.823 261.770 280.082 322.798 329.024 297.356 335.196 320.782 340.444 386.785 385.672 372.509 396.160 416.244 476.187 577.691 618.247 705.811 863.922 975.150 1048.238 1248.961 1410.209 1625.007 1491.743 1559.530 1582.753 1401.074 1298.841 1088.766 1110.325 916.082 855.174 874.155 736.824 692.571 -999.250 -999.250 -999.250 -999.250 -999.250 -999.250 -999.250 -999.250 -999.250 -999.250 -999.250 -999.250 -999.250 -999.250 -999.250 -999.250 -999.250 -999.250
163.430 169.915 149.961 132.448 116.059 122.387 135.722 140.932 158.565 184.222 212.526 224.334 260.363 251.243 301.880 352.554 340.293 344.538 321.778 343.256 337.148 360.723 359.108 404.331 392.949 448.879 512.440 545.996 647.923 796.336 899.159 1056.023 1143.199 1268.969 1459.855 1433.077 1443.005 1574.565 1335.095 1255.240 1136.040 962.271 969.711 908.941 900.812 821.372 684.926 -999.250 -999.250 -999.250 -999.250 -999.250 -999.250 -999.250 -999.250 -999.250 -999.250 -999.250 -999.250 -999.250 -999.250 -999.250 -999.250 -999.250 -999.250
170.220 182.358 164.271 148.395 159.397 145.899 148.493 179.752 218.949 217.019 241.924 248.400 270.758 266.756 305.588 330.832 349.783 348.524 333.253 350.051 358.474 354.414 378.357 371.906 374.996 433.687 509.265 535.413 599.050 742.536 850.398 916.010 1076.389 1180.955 1219.936 1176.006 1365.089 1377.065 1229.444 1145.327 1098.163 992.139 938.492 847.538 824.277 737.780 638.913 -999.250 -999.250 -999.250 -999.250 -999.250 -999.250 -999.250 -999.250 -999.250 -999.250 -999.250 -999.250 -999.250 -999.250 -999.250 -999.250 -999.250 -999.250
174.031 186.754 182.014 184.236 182.174 189.095 193.883 216.059 215.017 247.683 255.493 265.008 307.331 318.749 339.085 351.115 357.497 352.877 342.212 322.936 334.229 375.555 363.107 322.974 349.535 420.663 489.040 529.822 641.659 697.185 790.391 945.401 975.825 968.377 1077.666 1144.797 1101.842 1125.739 1100.481 1074.042 1072.951 1076.873 872.234 831.757 697.492 663.776 -999.250 -999.250 -999.250 -999.250 -999.250 -999.250 -999.250 -999.250 -999.250 -999.250 -999.250 -999.250 -999.250 -999.250 -999.250 -999.250 -999.250 -999.250 -999.250
197.456 188.968 197.300 200.649 204.320 212.802 226.315 241.720 251.311 279.326 322.899 296.964 323.462 318.685 337.915 364.706 386.300 345.836 364.354 348.103 343.558 330.729 348.403 332.776 349.632 409.216 462.194 500.776 603.979 711.209 716.199 896.854 922.719 1038.859 1038.453 956.123 1000.597 929.759 945.131 1004.241 1024.416 1025.942 909.713 771.394 747.512 -999.250 -999.250 -999.250 -999.250 -999.250 -999.250 -999.250 -999.250 -999.250 -999.250 -999.250 -999.250 -999.250 -999.250 -999.250 -999.250 -999.250 -999.250 -999.250 -999.250
199.304 207.687 211.494 231.027 240.657 235.330 253.351 262.856 272.227 325.557 314.607 325.755 344.745 339.084 350.147 375.070 387.557 358.695 359.818 354.749 355.109 329.270 341.072 332.238 360.119 355.565 414.520 488.548 557.903 576.122 772.782 687.101 786.757 841.049 853.070 929.679 978.979 874.293 904.784 1048.932 845.028 966.268 763.656 702.963 -999.250 -999.250 -999.250 -999.250 -999.250 -999.250 -999.250 -999.250 -999.250 -999.250 -999.250 -999.250 -999.250 -999.250 -999.250 -999.250 -999.250 -999.250 -999.250 -999.250 -999.250
207.950 229.663 245.570 240.912 263.476 280.345 286.446 312.711 314.997 325.860 335.038 331.717 335.861 343.461 364.720 397.923 385.876 394.356 363.029 369.041 339.188 322.581 319.856 342.943 337.378 364.931 374.463 461.649 448.582 512.020 603.651 643.710 618.681 711.061 815.885 900.211 831.150 813.157 855.224 862.586 820.113 853.450 703.582 660.533 -999.250 -999.250 -999.250 -999.250 -999.250 -999.250 -999.250 -999.250 -999.250 -999.250 -999.250 -999.250 -999.250 -999.250 -999.250 -999.250 -999.250 -999.250 -999.250 -999.250 -999.250
186.636 208.985 262.072 278.735 292.919 312.823 318.378 327.045 331.578 332.366 338.161 316.417 340.220 380.501 374.886 394.596 367.180 398.857 369.083 326.987 347.175 329.572 387.718 366.632 367.733 389.675 369.174 389.884 432.849 468.735 460.552 516.376 602.219 688.686 703.616 788.482 846.880 783.623 755.872 745.890 763.358 752.395 673.192 632.242 -999.250 -999.250 -999.250 -999.250 -999.250 -999.250 -999.250 -999.250 -999.250 -999.250 -999.250 -999.250 -999.250 -999.250 -999.250 -999.250 -999.250 -999.250 -999.250 -999.250 -999.250
178.174 215.925 277.999 297.431 320.972 316.746 325.438 319.068 339.218 331.158 332.685 369.450 402.051 405.341 415.943 403.567 393.796 410.191 379.678 358.705 363.422 337.979 339.799 379.158 361.193 401.217 362.516 391.490 475.543 461.918 476.073 460.384 458.241 564.306 689.633 713.109 644.017 648.445 721.585 697.136 713.779 779.105 673.374 528.607 -999.250 -999.250 -999.250 -999.250 -999.250 -999.250 -999.250 -999.250 -999.250 -999.250 -999.250 -999.250 -999.250 -999.250 -999.250 -999.250 -999.250 -999.250 -999.250 -999.250 -999.250
198.947 213.740 263.004 292.342 301.452 331.166 340.450 326.770 334.590 332.355 384.981 373.223 399.452 442.451 433.747 399.098 430.406 403.197 375.440 358.033 347.657 344.322 348.680 393.032 361.027 360.766 327.827 394.333 430.193 451.165 431.518 457.568 402.772 498.370 589.572 655.935 646.066 674.717 605.801 618.422 571.267 508.031 565.362 -999.250 -999.250 -999.250 -999.250 -999.250 -999.250 -999.250 -999.250 -999.250 -999.250 -999.250 -999.250 -999.250 -999.250 -999.250 -999.250 -999.250 -999.250 -999.250 -999.250 -999.250 -999.250
188.771 225.590 255.715 279.721 292.938 298.280 326.632 336.258 341.688 342.713 410.284 413.183 413.459 432.639 403.189 437.045 419.755 408.114 402.794 357.950 337.433 304.001 356.457 361.925 329.746 339.314 360.997 382.706 398.485 417.552 493.037 435.140 477.468 516.078 476.441 472.800 505.987 542.467 548.000 527.400 491.958 471.256 493.867 -999.250 -999.250 -999.250 -999.250 -999.250 -999.250 -999.250 -999.250 -999.250 -999.250 -999.250 -999.250 -999.250 -999.250 -999.250 -999.250 -999.250 -999.250 -999.250 -999.250 -999.250 -999.250
176.354 209.643 243.415 252.256 269.701 293.975 304.370 325.147 339.905 367.722 390.085 429.370 460.200 462.063 441.443 446.889 408.190 397.126 365.210 387.645 339.721 309.775 335.688 342.634 344.106 350.993 345.813 353.272 379.334 411.159 455.570 456.495 450.317 463.693 460.557 454.324 503.019 484.887 498.403 464.944 465.793 539.361 465.241 -999.250 -999.250 -999.250 -999.250 -999.250 -999.250 -999.250 -999.250 -999.250 -999.250 -999.250 -999.250 -999.250 -999.250 -999.250 -999.250 -999.250 -999.250 -999.250 -999.250 -999.250 -999.250
182.129 196.877 207.373 232.362 267.866 283.241 287.845 320.661 345.623 376.115 413.814 427.624 421.542 455.999 508.906 461.413 438.712 389.377 373.819 345.126 338.348 337.347 308.081 302.196 352.370 334.271 355.362 352.346 374.078 421.847 427.610 415.616 436.632 435.106 426.597 401.953 425.448 470.789 503.342 450.816 431.396 438.763 485.427 -999.250 -999.250 -999.250 -999.250 -999.250 -999.250 -999.250 -999.250 -999.250 -999.250 -999.250 -999.250 -999.250 -999.250 -999.250 -999.250 -999.250 -999.250 -999.250 -999.250 -999.250 -999.250
153.822 176.328 194.620 198.623 235.327 238.757 258.941 319.120 336.738 373.370 374.046 391.727 407.378 416.491 446.951 442.342 399.927 393.119 341.014 305.247 320.973 300.266 316.334 248.085 322.176 356.205 303.425 330.269 389.009 354.862 385.832 396.182 404.937 374.358 361.388 381.102 401.863 427.813 424.781 476.407 459.802 460.684 -999.250 -999.250 -999.250 -999.250 -999.250 -999.250 -999.250 -999.250 -999.250 -999.250 -999.250 -999.250 -999.250 -999.250 -999.250 -999.250 -999.250 -999.250 -999.250 -999.250 -999.250 -999.250 -999.250
140.040 169.003 167.339 189.573 204.936 222.869 237.308 283.221 323.659 346.419 354.326 392.364 382.177 398.213 375.221 381.973 382.694 341.539 327.587 311.929 288.230 -999.250 -999.250 -999.250 -999.250 300.860 298.516 317.382 338.698 335.916 -999.250 -999.250 -999.250 -999.250 -999.250 -999.250 -999.250 -999.250 -999.250 -999.250 -999.250 -999.250 -999.250 -999.250 -999.250 -999.250 -999.250 -999.250 -999.250 -999.250 -999.250 -999.250 -999.250 -999.250 -999.250 -999.250 -999.250 -999.250 -999.250 -999.250 -999.250 -999.250 -999.250 -999.250 -999.250
111.907 121.437 149.560 170.934 181.897 227.510 227.509 243.961 283.636 317.327 334.133 354.994 362.641 354.404 332.971 332.391 333.043 344.253 277.604 288.286 276.407 -999.250 -999.250 -999.250 -999.250 -999.250 -999.250 -999.250 -999.250 -999.250 -999.250 -999.250 -999.250 -999.250 -999.250 -999.250 -999.250 -999.250 -999.250 -999.250 -999.250 -999.250 -999.250 -999.250 -999.250 -999.250 -999.250 -999.250 -999.250 -999.250 -999.250 -999.250 -999.250 -999.250 -999.250 -999.250 -999.250 -999.250 -999.250 -999.250 -999.250 -999.250 -999.250 -999.250 -999.250
96.959 104.976 130.744 144.491 161.673 193.809 214.832 241.531 262.539 275.149 288.600 305.042 333.004 311.401 287.330 298.500 281.239 246.919 234.600 220.806 247.893 -999.250 -999.250 -999.250 -999.250 -999.250 -999.250 -999.250 -999.250 -999.250 -999.250 -999.250 -999.250 -999.250 -999.250 -999.250 -999.250 -999.250 -999.250 -999.250 -999.250 -999.250 -999.250 -999.250 -999.250 -999.250 -999.250 -999.250 -999.250 -999.250 -999.250 -999.250 -999.250 -999.250 -999.250 -999.250 -999.250 -999.250 -999.250 -999.250 -999.250 -999.250 -999.250 -999.250 -999.250
80.956 85.690 114.357 105.493 132.941 143.009 191.426 214.411 226.363 262.753 264.210 288.411 280.954 269.865 249.370 240.216 230.065 197.890 188.272 183.669 198.544 200.555 -999.250 -999.250 -999.250 -999.250 -999.250 -999.250 -999.250 -999.250 -999.250 -999.250 -999.250 -999.250 -999.250 -999.250 -999.250 -999.250 -999.250 -999.250 -999.250 -999.250 -999.250 -999.250 -999.250 -999.250 -999.250 -999.250 -999.250 -999.250 -999.250 -999.250 -999.250 -999.250 -999.250 -999.250 -999.250 -999.250 -999.250 -999.250 -999.250 -999.250 -999.250 -999.250 -999.250
72.969 90.638 101.823 104.097 118.572 160.919 186.398 202.480 196.606 231.667 214.573 230.659 230.661 234.622 196.890 185.646 179.055 158.582 149.276 173.166 174.654 186.999 161.066 -999.250 -999.250 -999.250 -999.250 -999.250 -999.250 -999.250 -999.250 -999.250 -999.250 -999.250 -999.250 -999.250 -999.250 -999.250 -999.250 -999.250 -999.250 -999.250 -999.250 -999.250 -999.250 -999.250 -999.250 -999.250 -999.250 -999.250 -999.250 -999.250 -999.250 -999.250 -999.250 -999.250 -999.250 -999.250 -999.250 -999.250 -999.250 -999.250 -999.250 -999.250 -999.250
81.561 97.391 92.481 104.000 110.362 133.873 172.252 177.953 192.252 202.691 199.946 210.072 215.113 182.274 167.308 131.266 113.945 106.315 120.688 154.090 159.539 139.755 154.701 170.160 -999.250 -999.250 -999.250 -999.250 -999.250 -999.250 -999.250 -999.250 -999.250 -999.250 -999.250 -999.250 -999.250 -999.250 -999.250 -999.250 -999.250 -999.250 -999.250 -999.250 -999.250 -999.250 -999.250 -999.250 -999.250 -999.250 -999.250 -999.250 -999.250 -999.250 -999.250 -999.250 -999.250 -999.250 -999.250 -999.250 -999.250 -999.250 -999.250 -999.250 -999.250
109.713 107.745 94.675 100.229 119.157 131.176 168.657 179.328 166.368 199.504 188.478 174.407 163.964 129.878 110.945 90.717 74.178 81.888 79.910 94.170 118.715 118.797 128.671 124.724 -999.250 -999.250 -999.250 -999.250 -999.250 -999.250 -999.250 -999.250 -999.250 -999.250 -999.250 -999.250 -999.250 -999.250 -999.250 -999.250 -999.250 -999.250 -999.250 -999.250 -999.250 -999.250 -999.250 -999.250 -999.250 -999.250 -999.250 -999.250 -999.250 -999.250 -999.250 -999.250 -999.250 -999.250 -999.250 -999.250 -999.250 -999.250 -999.250 -999.250 -999.250
