data/medianmodel_16-Jan-2021.asc
ncols	141
nrows	288
xllcorner	-120191.398
yllcorner	-301404.813
cellsize	2000.000
NODATA_value	-999.250
[rows 84 to 111 of 288, columns 63 to 125 of 141]
2003.583 1948.529 1860.656 1717.055 1636.711 1578.527 1499.513 1507.557 1487.875 1581.590 1592.816 1614.313 1809.635 2034.421 2185.957 2461.799 2715.306 2867.967 3038.784 3350.649 3687.317 4372.792 3655.391 3344.145 2953.464 2666.348 2224.228 1775.404 1751.537 1667.283 1604.474 1549.575 1526.911 1492.495 1538.502 1533.400 1543.555 1621.076 1497.883 1521.891 1496.519 1487.150 1462.916 1421.389 1376.956 1341.450 1210.788 1216.084 1215.040 1127.352 1065.363 1046.312 -999.250 -999.250 -999.250 -999.250 -999.250 -999.250 -999.250 -999.250 -999.250 -999.250 -999.250
1930.094 1962.772 1839.335 1707.013 1648.209 1574.739 1560.236 1568.372 1581.931 1503.908 1594.400 1553.320 1600.012 1658.563 1947.125 2109.549 2354.114 2625.255 2792.199 2995.139 3155.949 3396.983 3302.018 3069.842 2711.921 2289.839 1972.618 1775.352 1590.503 1560.172 1533.482 1512.649 1487.719 1435.939 1540.892 1510.687 1502.765 1520.615 1466.557 1434.691 1400.215 1402.195 1376.511 1345.529 1221.571 1229.509 1162.213 1111.204 1050.538 1064.359 1012.360 1002.701 -999.250 -999.250 -999.250 -999.250 -999.250 -999.250 -999.250 -999.250 -999.250 -999.250 -999.250
1786.859 1804.076 1763.365 1738.049 1620.406 1587.445 1589.072 1630.860 1649.458 1566.637 1584.103 1538.037 1550.265 1541.650 1769.093 1822.531 2007.781 2103.855 2340.205 2554.031 2787.119 2951.691 2720.435 2696.144 2450.461 2039.388 1803.446 1622.881 1540.595 1497.745 1488.183 1479.300 1458.552 1488.395 1493.586 1478.106 1473.987 1469.460 1396.816 1375.402 1389.336 1303.228 1294.226 1234.544 1198.511 1075.161 1051.707 1007.341 1010.183 960.723 935.071 -999.250 -999.250 -999.250 -999.250 -999.250 -999.250 -999.250 -999.250 -999.250 -999.250 -999.250 -999.250
1741.681 1807.236 1657.759 1678.685 1601.058 1726.216 1736.820 1688.226 1755.104 1654.934 1558.601 1521.108 1519.903 1513.258 1566.798 1596.970 1688.510 1764.022 1931.828 1993.988 2200.912 2226.698 2270.401 2151.486 2017.376 1891.413 1648.649 1542.235 1487.424 1475.967 1451.836 1430.830 1478.718 1468.022 1491.035 1461.300 1434.009 1407.386 1383.406 1333.459 1297.464 1210.558 1202.676 1096.109 1065.510 1014.632 948.678 948.768 893.615 845.129 829.895 -999.250 -999.250 -999.250 -999.250 -999.250 -999.250 -999.250 -999.250 -999.250 -999.250 -999.250 -999.250
1863.309 1717.549 1611.417 1589.337 1662.024 1675.358 1819.386 1852.032 1835.422 1765.593 1631.396 1509.156 1430.334 1447.096 1433.888 1408.015 1436.564 1425.386 1471.691 1551.973 1672.791 1759.701 1736.139 1815.516 1739.674 1591.936 1515.196 1454.445 1438.676 1403.552 1395.019 1377.337 1399.569 1440.069 1493.495 1452.185 1363.705 1354.671 1297.396 1253.150 1174.870 1161.124 1104.839 1051.474 990.948 956.815 918.822 844.811 831.005 822.022 781.538 830.308 852.300 -999.250 -999.250 -999.250 -999.250 -999.250 -999.250 -999.250 -999.250 -999.250 -999.250
1823.353 1705.282 1613.566 1578.156 1681.631 1642.641 1808.008 1847.629 1965.469 1786.140 1692.374 1484.042 1411.749 1397.934 1303.481 1249.845 1197.296 1131.323 1085.926 1075.001 1226.926 1331.517 1422.716 1486.269 1440.177 1382.435 1381.173 1369.946 1376.000 1314.084 1324.948 1310.276 1350.260 1362.368 1417.953 1357.561 1292.613 1264.348 1243.566 1166.828 1113.133 1103.313 1010.262 997.650 967.345 924.669 836.166 777.451 778.087 808.295 795.693 819.605 842.141 -999.250 -999.250 -999.250 -999.250 -999.250 -999.250 -999.250 -999.250 -999.250 -999.250
1799.638 1708.993 1590.173 1527.187 1533.361 1582.631 1647.368 1744.038 1771.967 1731.150 1580.246 1460.995 1377.083 1286.113 1168.777 1120.028 1059.210 923.220 786.796 613.547 829.824 1038.031 1158.693 1247.624 1267.978 1281.906 1237.230 1278.556 1254.434 1225.997 1281.457 1214.066 1244.220 1275.139 1300.475 1276.578 1208.495 1205.440 1130.775 1103.908 1079.129 1064.956 1005.634 928.993 878.396 828.151 769.371 765.735 747.469 784.621 757.433 783.244 785.181 -999.250 -999.250 -999.250 -999.250 -999.250 -999.250 -999.250 -999.250 -999.250 -999.250
1636.374 1570.759 1496.640 1488.653 1474.459 1530.970 1528.127 1611.741 1601.054 1507.487 1467.494 1382.816 1293.423 1207.081 1099.179 1009.827 906.728 792.022 704.573 645.792 739.893 807.911 950.417 1038.085 1126.411 1154.924 1182.037 1168.145 1182.898 1190.336 1212.811 1151.941 1215.443 1190.623 1220.475 1167.277 1142.530 1081.314 1060.368 1038.685 1004.693 980.762 973.396 871.422 794.878 830.504 772.378 776.665 768.067 786.548 759.670 804.200 -999.250 -999.250 -999.250 -999.250 -999.250 -999.250 -999.250 -999.250 -999.250 -999.250 -999.250
1505.889 1506.548 1480.647 1461.371 1414.562 1470.610 1460.128 1515.162 1459.415 1436.559 1363.078 1298.477 1221.503 1165.398 1071.576 952.275 836.372 762.539 713.983 648.111 726.029 763.129 891.979 978.874 1041.793 1025.319 1102.011 1068.705 1159.222 1166.468 1145.631 1123.114 1151.759 1142.006 1125.479 1116.476 1087.527 1074.671 1052.621 1023.826 981.925 951.167 877.463 876.201 825.923 776.932 804.561 771.332 785.984 815.810 757.191 779.434 -999.250 -999.250 -999.250 -999.250 -999.250 -999.250 -999.250 -999.250 -999.250 -999.250 -999.250
1550.096 1498.786 1486.776 1445.819 1345.420 1411.934 1389.572 1397.094 1413.466 1337.794 1272.743 1240.011 1165.218 1066.168 1042.877 977.180 873.507 778.418 727.385 750.357 747.609 772.227 820.993 885.245 974.779 973.575 1024.443 1064.946 1048.561 1092.207 1093.892 1081.404 1084.024 1078.821 1118.790 1063.834 1063.369 1040.816 1007.982 986.687 952.336 963.275 912.882 912.965 934.621 811.787 790.104 793.158 775.011 779.704 767.590 -999.250 -999.250 -999.250 -999.250 -999.250 -999.250 -999.250 -999.250 -999.250 -999.250 -999.250 -999.250
1519.197 1582.411 1526.210 1414.374 1315.931 1393.207 1401.889 1369.677 1317.595 1283.728 1290.426 1191.313 1164.080 1128.567 1061.691 981.697 913.153 861.911 778.776 774.065 765.396 790.201 826.762 877.850 906.509 936.931 946.764 986.421 1018.946 1008.987 1086.925 1048.806 1067.061 1050.532 1052.672 1081.760 1009.531 985.113 1030.774 976.187 978.264 946.149 955.825 911.311 859.306 817.951 841.335 796.106 781.038 759.605 779.561 -999.250 -999.250 -999.250 -999.250 -999.250 -999.250 -999.250 -999.250 -999.250 -999.250 -999.250 -999.250
1685.065 1703.605 1653.873 1554.704 1470.486 1446.822 1380.092 1373.247 1330.584 1246.203 1234.863 1206.987 1183.800 1119.472 1138.080 1073.049 1045.513 921.630 827.104 839.519 804.834 821.056 864.649 852.697 859.583 909.654 930.498 922.675 968.146 1013.144 1042.008 1020.207 1039.019 1018.993 1013.977 1012.635 976.756 979.490 1017.303 957.341 1002.322 979.860 917.050 909.084 866.723 854.010 835.586 824.548 815.932 803.218 790.069 -999.250 -999.250 -999.250 -999.250 -999.250 -999.250 -999.250 -999.250 -999.250 -999.250 -999.250 -999.250
1882.900 1996.007 1985.686 1802.469 1666.964 1545.161 1442.438 1351.357 1311.214 1207.124 1215.039 1195.555 1161.359 1168.476 1138.820 1141.207 1173.878 1050.526 951.074 898.475 852.599 837.234 859.559 855.034 856.326 905.233 942.384 896.874 921.687 951.890 968.205 1026.873 1042.075 1020.008 980.387 968.087 1002.641 1006.242 1017.811 1002.222 973.423 919.016 953.075 876.289 889.653 895.319 848.931 901.491 883.347 842.238 786.391 830.190 -999.250 -999.250 -999.250 -999.250 -999.250 -999.250 -999.250 -999.250 -999.250 -999.250 -999.250
2165.372 2472.177 2230.460 2058.932 1818.348 1635.827 1489.387 1398.581 1308.800 1205.748 1211.693 1172.454 1172.677 1130.160 1160.563 1187.227 1162.114 1085.003 1007.152 942.640 867.576 853.032 843.080 876.898 861.878 897.911 917.088 937.231 878.540 946.466 998.759 1012.222 994.375 990.988 1007.144 1020.031 1005.510 964.276 992.508 967.081 980.795 960.865 979.599 907.220 928.510 962.250 929.856 929.356 919.992 882.176 877.946 858.671 903.762 -999.250 -999.250 -999.250 -999.250 -999.250 -999.250 -999.250 -999.250 -999.250 -999.250
2453.889 2894.089 2615.662 2251.923 1921.700 1727.534 1561.914 1404.104 1294.437 1221.056 1156.204 1170.016 1176.717 1161.255 1172.964 1158.164 1139.615 1100.553 1058.405 949.848 944.647 885.069 879.583 860.447 855.970 872.351 886.006 893.095 892.687 976.439 984.683 976.199 1006.359 996.477 985.262 980.693 998.078 1003.875 987.832 984.214 1001.362 1009.248 994.379 968.719 996.048 1014.495 972.114 966.970 917.931 905.770 957.401 910.157 943.176 935.938 -999.250 -999.250 -999.250 -999.250 -999.250 -999.250 -999.250 -999.250 -999.250
2343.908 2628.589 2549.236 2236.226 2077.798 1792.434 1580.927 1424.054 1355.932 1194.619 1153.926 1176.181 1155.503 1159.463 1203.924 1186.623 1107.467 1073.176 1030.750 1011.147 954.862 899.251 841.788 864.309 862.128 877.701 885.409 889.026 889.606 971.766 973.553 970.773 969.224 1001.723 1048.308 1006.633 1031.680 1040.589 1029.196 1037.771 1051.499 1039.206 1022.488 1027.337 994.787 1027.670 1044.127 1039.136 972.289 972.558 1006.960 946.385 988.101 -999.250 -999.250 -999.250 -999.250 -999.250 -999.250 -999.250 -999.250 -999.250 -999.250
2271.531 2378.229 2165.633 2215.324 2073.971 1794.843 1564.615 1458.794 1390.819 1283.283 1224.766 1181.527 1189.337 1191.713 1222.804 1183.100 1148.097 1106.663 1087.532 1061.077 933.261 904.316 843.637 899.902 879.420 860.101 881.144 887.617 903.581 945.905 960.068 986.976 982.809 998.384 998.162 993.646 989.441 1032.222 1028.382 1024.552 1035.902 1025.145 1042.048 1059.334 1021.478 1075.290 1062.244 1055.410 1035.890 1003.915 1072.724 1068.266 1054.120 1052.631 -999.250 -999.250 -999.250 -999.250 -999.250 -999.250 -999.250 -999.250 -999.250
2227.286 2152.601 2151.703 2054.097 1930.585 1775.064 1632.261 1563.152 1450.093 1386.215 1346.742 1251.197 1265.177 1216.838 1204.727 1149.417 1181.875 1155.265 1148.805 1051.295 990.538 967.877 902.148 854.128 829.377 834.150 862.479 866.576 890.514 896.470 969.629 989.682 1008.266 1012.914 1005.599 1028.260 1026.825 1058.231 1054.580 1045.570 1071.745 1082.503 1101.363 1130.903 1116.730 1121.483 1105.420 1101.714 1094.637 1112.793 1146.045 1144.300 -999.250 -999.250 -999.250 -999.250 -999.250 -999.250 -999.250 -999.250 -999.250 -999.250 -999.250
2092.714 2087.609 2109.529 2079.767 1977.267 1825.102 1604.741 1602.203 1520.632 1447.485 1344.031 1352.325 1313.949 1269.006 1249.614 1183.464 1195.586 1184.150 1185.906 1098.117 979.662 986.731 934.272 899.214 848.061 883.084 864.496 904.567 926.361 879.190 936.986 978.138 1029.830 1031.960 1038.984 1021.771 1093.542 1120.979 1112.188 1097.722 1140.059 1135.732 1179.411 1206.016 1221.521 1216.341 1156.579 1220.807 1126.232 1145.513 1220.477 -999.250 -999.250 -999.250 -999.250 -999.250 -999.250 -999.250 -999.250 -999.250 -999.250 -999.250 -999.250
1929.105 2056.168 1948.034 1968.264 1851.902 1791.736 1728.846 1626.614 1603.512 1502.513 1439.460 1378.507 1342.650 1303.201 1270.903 1229.819 1214.896 1241.779 1193.372 1123.615 1036.480 975.029 955.322 921.730 904.097 905.217 905.205 943.264 933.596 956.092 903.181 981.857 1037.951 1068.365 1089.514 1109.906 1152.798 1160.795 1178.603 1187.555 1210.840 1202.315 1235.019 1266.735 1261.950 1253.873 1303.098 1340.385 1285.739 1255.196 1274.190 -999.250 -999.250 -999.250 -999.250 -999.250 -999.250 -999.250 -999.250 -999.250 -999.250 -999.250 -999.250
1851.117 1959.244 1858.672 1923.064 1857.473 1784.951 1686.144 1717.034 1669.794 1606.698 1552.148 1501.144 1435.142 1395.043 1352.699 1318.787 1298.635 1251.745 1184.412 1135.813 1090.812 1059.155 1074.731 1027.992 994.102 983.207 1002.819 961.677 989.264 984.770 990.971 1003.393 1044.346 1054.104 1098.789 1164.078 1170.328 1191.124 1188.950 1272.360 1276.830 1264.813 1296.003 1343.641 1314.083 1280.506 1315.371 1319.332 1296.171 1284.552 -999.250 -999.250 -999.250 -999.250 -999.250 -999.250 -999.250 -999.250 -999.250 -999.250 -999.250 -999.250 -999.250
1819.984 1882.203 1847.571 1935.271 1851.549 1767.475 1821.638 1817.587 1758.359 1790.821 1667.755 1507.948 1517.282 1480.706 1453.575 1354.983 1305.146 1305.098 1225.102 1230.779 1242.625 1153.159 1118.837 1087.873 1075.989 1051.813 1050.900 1044.423 1017.265 1014.498 1000.303 1052.600 1076.108 1104.708 1153.209 1207.663 1213.523 1268.709 1278.288 1333.466 1309.038 1344.773 1342.418 1368.297 1369.278 1369.012 -999.250 -999.250 -999.250 -999.250 -999.250 -999.250 -999.250 -999.250 -999.250 -999.250 -999.250 -999.250 -999.250 -999.250 -999.250 -999.250 -999.250
1718.586 1704.335 1781.017 1868.224 1811.360 1843.644 1925.559 1949.112 1892.353 1905.603 1843.052 1627.707 1660.727 1555.069 1454.964 1437.485 1380.027 1359.446 1306.087 1295.271 1323.533 1245.368 1169.216 1134.257 1154.999 1151.368 1085.459 1109.234 1084.389 1072.524 1087.432 1098.546 1126.014 1232.024 1262.377 1265.357 1243.276 1332.588 1306.074 1343.208 1405.601 1433.632 1421.072 1398.389 -999.250 -999.250 -999.250 -999.250 -999.250 -999.250 -999.250 -999.250 -999.250 -999.250 -999.250 -999.250 -999.250 -999.250 -999.250 -999.250 -999.250 -999.250 -999.250
1625.204 1763.376 1904.994 1953.481 2067.307 2040.341 2031.613 2047.790 2007.570 1985.182 1746.867 1744.895 1780.489 1630.331 1544.348 1476.529 1450.024 1410.231 1391.724 1370.886 1401.189 1327.698 1247.699 1207.038 1232.224 1155.255 1136.316 1175.429 1170.268 1129.733 1151.156 1167.275 1225.051 1249.086 1293.311 1353.340 1342.129 1345.935 1374.968 1386.161 1440.046 1435.873 1442.011 1417.887 -999.250 -999.250 -999.250 -999.250 -999.250 -999.250 -999.250 -999.250 -999.250 -999.250 -999.250 -999.250 -999.250 -999.250 -999.250 -999.250 -999.250 -999.250 -999.250
1916.485 1940.634 2044.457 2154.608 2185.610 2291.952 2232.542 2254.516 2126.471 2013.965 1973.409 1817.215 1756.959 1655.026 1604.760 1582.854 1530.635 1440.755 1422.461 1435.394 1397.391 1370.119 1354.821 1263.494 1243.191 1230.238 1208.300 1209.629 1178.444 1204.716 1267.599 1202.573 1256.055 1305.242 1304.338 1378.804 1383.155 1398.298 1400.414 1476.152 1498.312 1514.251 1473.601 1451.919 -999.250 -999.250 -999.250 -999.250 -999.250 -999.250 -999.250 -999.250 -999.250 -999.250 -999.250 -999.250 -999.250 -999.250 -999.250 -999.250 -999.250 -999.250 -999.250
2292.441 2199.572 2226.023 2289.878 2437.733 2475.559 2592.846 2328.679 2247.156 2180.138 2127.038 2008.226 1904.716 1678.233 1608.821 1587.035 1542.077 1453.521 1478.997 1438.657 1427.009 1370.853 1362.080 1357.280 1309.287 1251.348 1273.810 1238.451 1243.621 1214.374 1292.683 1257.790 1304.875 1319.294 1328.142 1378.757 1357.731 1403.806 1465.211 1510.169 1598.318 1538.983 1546.272 1498.415 -999.250 -999.250 -999.250 -999.250 -999.250 -999.250 -999.250 -999.250 -999.250 -999.250 -999.250 -999.250 -999.250 -999.250 -999.250 -999.250 -999.250 -999.250 -999.250
2364.181 2394.921 2462.311 2418.225 2551.335 2714.136 2615.679 2488.711 2542.630 2481.399 2196.936 2114.546 1965.416 1927.644 1712.744 1654.971 1542.404 1555.608 1486.370 1465.577 1420.505 1461.554 1393.193 1352.753 1366.295 1308.905 1314.201 1279.327 1299.717 1250.907 1311.200 1330.086 1306.075 1328.766 1339.038 1396.732 1390.984 1498.114 1538.748 1570.299 1569.237 1565.133 1534.666 1500.666 -999.250 -999.250 -999.250 -999.250 -999.250 -999.250 -999.250 -999.250 -999.250 -999.250 -999.250 -999.250 -999.250 -999.250 -999.250 -999.250 -999.250 -999.250 -999.250
2624.159 2779.400 2581.715 2611.064 2762.032 2692.336 2752.423 2682.540 2679.588 2559.961 2308.792 2201.279 2126.087 1968.382 1873.197 1683.070 1544.869 1584.076 1511.567 1463.540 1465.809 1424.539 1433.978 1400.466 1371.224 1373.378 1334.498 1305.575 1354.290 1335.693 1329.649 1352.506 1341.741 1318.810 1324.956 1370.112 1410.180 1490.129 1536.053 1536.511 1577.206 1585.549 1527.633 1483.651 -999.250 -999.250 -999.250 -999.250 -999.250 -999.250 -999.250 -999.250 -999.250 -999.250 -999.250 -999.250 -999.250 -999.250 -999.250 -999.250 -999.250 -999.250 -999.250
