data/medianmodel_21-Mar-2020.asc
ncols	141
nrows	288
xllcorner	-120191.398
yllcorner	-301404.813
cellsize	2000.000
NODATA_value	-999.250
[rows 124 to 154 of 288, columns 0 to 69 of 141]
-999.250 -999.250 -999.250 -999.250 -999.250 -999.250 -999.250 -999.250 -999.250 -999.250 -999.250 -999.250 -999.250 -999.250 -999.250 -999.250 -999.250 -999.250 -999.250 -999.250 -999.250 -999.250 -999.250 -999.250 5.929 6.271 5.747 7.090 6.149 5.604 5.667 6.377 7.491 6.674 7.371 8.109 8.629 6.929 8.156 8.388 7.273 5.664 4.409 2.102 1.238 0.000 0.000 0.000 0.000 0.000 0.000 0.000 0.084 0.000 0.000 0.000 0.000 0.000 0.000 0.000 0.000 0.000 0.000 0.000 0.000 0.000 0.000 0.000 0.000 0.000
-999.250 -999.250 -999.250 -999.250 -999.250 -999.250 -999.250 -999.250 -999.250 -999.250 -999.250 -999.250 -999.250 -999.250 -999.250 -999.250 -999.250 -999.250 -999.250 -999.250 -999.250 -999.250 -999.250 -999.250 5.277 5.006 4.521 5.458 6.775 6.933 6.032 6.166 5.161 6.345 6.784 7.681 6.468 6.076 6.533 6.221 5.703 4.827 4.726 2.874 2.691 0.000 0.000 0.000 0.000 0.000 0.000 0.000 0.000 0.000 0.000 0.000 0.000 0.000 0.000 0.000 0.000 0.000 0.000 0.000 0.000 0.000 0.000 0.000 0.000 0.000
-999.250 -999.250 -999.250 -999.250 -999.250 -999.250 -999.250 -999.250 -999.250 -999.250 -999.250 -999.250 -999.250 -999.250 -999.250 -999.250 -999.250 -999.250 -999.250 -999.250 -999.250 -999.250 -999.250 4.335 5.849 4.708 4.849 5.258 5.933 6.011 6.110 5.643 6.480 5.219 5.344 7.642 7.076 6.766 5.574 4.756 4.440 3.384 3.657 3.804 2.070 0.023 0.000 0.000 0.000 0.000 0.000 0.000 0.000 0.000 0.000 0.000 0.000 0.000 0.000 0.000 0.000 0.000 0.000 0.000 0.000 0.067 0.647 0.116 0.000 0.000
-999.250 -999.250 -999.250 -999.250 -999.250 -999.250 -999.250 -999.250 -999.250 -999.250 -999.250 -999.250 -999.250 -999.250 -999.250 -999.250 -999.250 -999.250 -999.250 -999.250 -999.250 -999.250 -999.250 6.748 6.018 5.905 5.194 4.528 4.868 4.058 4.720 5.115 5.718 4.127 6.140 5.847 6.599 6.786 5.967 4.705 3.639 3.759 1.521 2.454 1.683 0.000 0.000 0.000 0.000 0.000 0.000 0.000 0.000 0.000 0.000 0.000 0.000 0.000 0.000 0.000 0.000 0.000 0.000 0.000 0.000 0.000 0.064 0.724 0.196 0.000
-999.250 -999.250 -999.250 -999.250 -999.250 -999.250 -999.250 -999.250 -999.250 -999.250 -999.250 -999.250 -999.250 -999.250 -999.250 -999.250 -999.250 -999.250 -999.250 -999.250 -999.250 -999.250 -999.250 5.763 5.839 5.213 4.547 5.856 4.492 4.807 4.696 4.822 5.867 5.230 5.771 6.282 5.778 5.277 5.019 4.846 4.219 2.975 2.427 1.727 0.122 0.000 0.000 0.000 0.000 0.000 0.000 0.000 0.000 0.000 0.000 0.000 0.000 0.000 0.000 0.000 0.000 0.000 0.000 0.000 0.064 0.000 0.288 0.085 0.000 0.000
-999.250 -999.250 -999.250 -999.250 -999.250 -999.250 -999.250 -999.250 -999.250 -999.250 -999.250 -999.250 -999.250 -999.250 -999.250 -999.250 -999.250 -999.250 -999.250 -999.250 -999.250 -999.250 5.400 4.829 4.456 4.039 3.428 4.001 3.356 3.611 3.267 4.925 5.172 5.439 3.989 4.071 5.256 4.047 4.174 4.131 3.127 2.905 1.948 1.167 0.030 0.000 0.000 0.000 0.000 0.000 0.000 0.000 0.000 0.000 0.000 0.000 0.000 0.000 0.000 0.000 0.000 0.000 0.000 0.000 0.000 0.169 0.661 0.000 0.000 0.000
-999.250 -999.250 -999.250 -999.250 -999.250 -999.250 -999.250 -999.250 -999.250 -999.250 -999.250 -999.250 -999.250 -999.250 -999.250 -999.250 -999.250 -999.250 -999.250 -999.250 -999.250 -999.250 5.464 4.322 4.696 3.335 3.553 2.922 2.282 1.164 1.804 3.004 2.635 4.818 4.314 3.440 4.390 4.104 3.625 2.763 2.372 3.005 0.815 0.539 0.000 0.000 0.000 0.000 0.000 0.000 0.000 0.000 0.000 0.000 0.000 0.000 0.000 0.000 0.000 0.000 0.000 0.000 0.000 0.000 0.000 0.000 0.053 0.302 0.393 0.605
-999.250 -999.250 -999.250 -999.250 -999.250 -999.250 -999.250 -999.250 -999.250 -999.250 -999.250 -999.250 -999.250 -999.250 -999.250 -999.250 -999.250 -999.250 -999.250 -999.250 -999.250 3.597 4.616 3.906 5.194 3.518 3.687 2.668 2.200 0.972 1.597 1.392 1.433 2.728 3.106 1.875 3.112 4.560 3.228 2.805 3.080 1.424 1.136 0.825 0.000 0.000 0.000 0.000 0.000 0.000 0.000 0.000 0.000 0.000 0.000 0.000 0.000 0.000 0.000 0.000 0.000 0.000 0.000 0.000 0.000 0.000 0.000 0.080 0.000 0.000
-999.250 -999.250 -999.250 -999.250 -999.250 -999.250 -999.250 -999.250 -999.250 -999.250 -999.250 -999.250 -999.250 -999.250 -999.250 -999.250 -999.250 -999.250 -999.250 -999.250 -999.250 3.294 3.630 3.169 3.693 2.326 1.948 2.293 1.397 1.731 2.035 1.702 2.854 1.637 3.047 3.560 2.368 3.626 3.089 1.763 1.348 1.019 0.533 0.451 0.000 0.000 0.000 0.000 0.000 0.000 0.000 0.000 0.000 0.000 0.000 0.000 0.000 0.000 0.000 0.000 0.000 0.000 0.088 0.318 0.444 0.000 0.000 0.000 0.000 0.000
-999.250 -999.250 -999.250 -999.250 -999.250 -999.250 -999.250 -999.250 -999.250 -999.250 -999.250 -999.250 -999.250 -999.250 -999.250 -999.250 -999.250 -999.250 -999.250 -999.250 -999.250 2.568 3.499 3.662 2.623 2.144 1.594 1.109 0.325 1.347 0.731 1.250 2.259 2.349 2.432 3.881 4.468 3.211 2.828 2.406 1.331 0.295 0.440 0.000 0.000 0.000 0.000 0.000 0.000 0.000 0.000 0.000 0.000 0.000 0.000 0.000 0.000 0.000 0.000 0.000 0.000 0.507 0.000 0.000 0.224 0.000 0.000 0.000 0.000 0.000
-999.250 -999.250 -999.250 -999.250 -999.250 -999.250 -999.250 -999.250 -999.250 -999.250 -999.250 -999.250 -999.250 -999.250 -999.250 -999.250 -999.250 -999.250 -999.250 -999.250 2.856 2.143 1.113 1.737 2.483 1.219 1.250 0.181 0.515 0.191 0.375 0.290 1.821 3.388 2.331 2.177 3.359 3.457 2.615 1.946 1.706 0.357 0.433 0.082 0.030 0.000 0.000 0.019 0.000 0.000 0.000 0.000 0.000 0.000 0.000 0.000 0.000 0.000 0.000 0.000 0.000 0.251 0.406 0.394 0.824 0.000 0.000 0.000 0.000 0.000
-999.250 -999.250 -999.250 -999.250 -999.250 -999.250 -999.250 -999.250 -999.250 -999.250 -999.250 -999.250 -999.250 -999.250 -999.250 -999.250 -999.250 -999.250 -999.250 -999.250 1.855 1.324 0.418 1.129 1.578 0.692 0.531 0.000 0.000 0.000 0.000 0.474 1.478 1.732 2.277 3.062 2.162 2.477 1.776 2.794 2.538 1.557 1.488 0.651 0.918 0.000 0.000 0.000 0.000 0.000 0.000 0.000 0.000 0.000 0.000 0.000 0.000 0.000 0.000 0.000 0.000 0.000 0.000 0.000 0.488 0.264 0.099 0.000 0.000 0.000
-999.250 -999.250 -999.250 -999.250 -999.250 -999.250 -999.250 -999.250 -999.250 -999.250 -999.250 -999.250 -999.250 -999.250 -999.250 -999.250 -999.250 -999.250 -999.250 -999.250 0.077 1.226 2.022 0.890 0.024 0.000 0.000 0.000 0.000 0.000 0.000 0.000 0.268 0.760 2.558 1.666 2.472 2.482 1.910 2.795 1.350 2.032 1.862 1.370 2.334 2.246 0.795 1.272 0.437 0.911 0.145 0.412 0.000 0.000 0.000 0.000 0.000 0.000 0.000 0.000 0.000 0.000 0.000 0.000 0.082 0.402 0.000 0.000 0.000 0.000
-999.250 -999.250 -999.250 -999.250 -999.250 -999.250 -999.250 -999.250 -999.250 -999.250 -999.250 -999.250 -999.250 -999.250 -999.250 -999.250 -999.250 -999.250 -999.250 -999.250 0.887 0.000 0.306 0.000 0.000 0.000 0.000 0.000 0.000 0.000 0.000 0.000 0.466 1.393 0.848 1.740 2.403 2.771 2.763 2.779 2.271 2.937 2.089 1.389 3.171 3.009 2.550 1.669 1.811 1.754 1.104 1.467 0.118 0.000 0.000 0.000 0.000 0.000 0.000 0.000 0.000 0.000 0.000 0.000 0.000 0.253 0.025 0.000 0.000 0.000
-999.250 -999.250 -999.250 -999.250 -999.250 -999.250 -999.250 -999.250 -999.250 -999.250 -999.250 -999.250 -999.250 -999.250 -999.250 -999.250 -999.250 -999.250 -999.250 0.000 0.000 0.000 0.000 0.000 0.000 0.000 0.000 0.000 0.000 0.000 0.000 0.000 0.000 0.000 0.426 0.794 1.785 2.032 3.778 2.240 2.606 2.754 2.713 2.915 2.594 2.723 1.924 2.522 3.186 2.468 2.386 1.695 1.112 0.066 0.703 0.000 0.000 0.000 0.000 0.000 0.000 0.000 0.000 0.000 0.000 0.000 0.000 0.000 0.000 0.249
-999.250 -999.250 -999.250 -999.250 -999.250 -999.250 -999.250 -999.250 -999.250 -999.250 -999.250 -999.250 -999.250 -999.250 -999.250 -999.250 -999.250 -999.250 -999.250 0.000 0.000 0.000 0.000 0.000 0.000 0.000 0.000 0.000 0.000 0.000 0.000 0.000 0.000 0.000 0.034 0.641 1.568 2.075 1.087 2.006 1.331 2.380 1.674 2.338 2.611 1.337 2.002 2.971 2.460 2.671 2.414 1.872 0.759 0.293 0.792 0.000 0.000 0.000 0.000 0.000 0.000 0.000 0.000 0.000 0.000 0.000 0.000 0.000 0.000 0.000
-999.250 -999.250 -999.250 -999.250 -999.250 -999.250 -999.250 -999.250 -999.250 -999.250 -999.250 -999.250 -999.250 -999.250 -999.250 -999.250 -999.250 -999.250 -999.250 0.000 0.000 0.000 0.000 0.000 0.000 0.000 0.000 0.000 0.000 0.000 0.000 0.000 0.000 0.000 0.000 0.425 1.395 2.127 1.004 2.661 2.458 1.424 2.834 3.210 3.470 1.918 2.067 2.363 2.191 2.089 2.035 1.346 1.258 1.054 0.463 0.745 0.000 0.472 0.000 0.000 0.000 0.000 0.000 0.000 0.000 0.000 0.000 0.000 0.000 0.000
-999.250 -999.250 -999.250 -999.250 -999.250 -999.250 -999.250 -999.250 -999.250 -999.250 -999.250 -999.250 -999.250 -999.250 -999.250 -999.250 -999.250 -999.250 -999.250 0.000 0.000 0.000 0.000 0.000 0.000 0.000 0.000 0.000 0.000 0.000 0.000 0.000 0.000 0.179 1.260 1.499 2.757 2.084 2.233 2.939 2.370 2.234 2.425 3.697 4.112 2.415 1.593 2.090 2.721 2.564 2.480 2.678 1.876 1.928 1.332 0.667 0.355 0.542 0.000 0.000 0.000 0.000 0.000 0.000 0.000 0.000 0.000 0.000 0.000 0.000
-999.250 -999.250 -999.250 -999.250 -999.250 -999.250 -999.250 -999.250 -999.250 -999.250 -999.250 -999.250 -999.250 -999.250 -999.250 -999.250 -999.250 -999.250 -999.250 0.000 0.000 0.000 0.000 0.000 0.000 0.000 0.000 0.000 0.000 0.000 0.000 0.279 1.446 1.504 2.196 2.958 1.974 1.485 3.529 3.106 3.359 2.607 2.936 2.096 2.104 3.025 2.307 2.882 2.385 3.003 3.411 2.527 2.843 2.843 1.881 1.270 0.835 1.715 0.000 0.000 0.000 0.000 0.000 0.000 0.000 0.000 0.000 0.000 0.000 0.000
-999.250 -999.250 -999.250 -999.250 -999.250 -999.250 -999.250 -999.250 -999.250 -999.250 -999.250 -999.250 -999.250 -999.250 -999.250 -999.250 -999.250 -999.250 0.000 0.000 0.000 0.000 0.000 0.000 0.000 0.000 0.000 0.000 0.000 0.000 1.780 1.422 2.234 3.469 3.384 3.713 3.996 3.851 3.708 2.890 2.602 2.950 3.112 2.201 2.169 3.339 3.691 2.830 4.094 4.106 4.153 1.947 1.832 2.696 2.867 0.917 0.751 1.305 0.000 0.000 0.000 0.000 0.000 0.000 0.000 0.000 0.000 0.000 0.000 0.000
-999.250 -999.250 -999.250 -999.250 -999.250 -999.250 -999.250 -999.250 -999.250 -999.250 -999.250 -999.250 -999.250 -999.250 -999.250 -999.250 -999.250 0.000 0.000 0.000 0.000 0.000 0.000 0.000 0.000 0.000 0.627 0.458 0.572 0.916 2.315 3.143 2.591 4.143 4.643 3.655 3.559 3.969 4.285 3.764 2.516 3.583 3.721 3.122 2.747 3.919 4.303 5.006 4.757 4.702 4.521 2.945 3.112 1.566 1.348 0.274 2.934 2.211 0.792 0.000 0.000 0.000 0.000 0.000 0.000 0.000 0.000 0.000 0.000 0.000
-999.250 -999.250 -999.250 -999.250 -999.250 -999.250 -999.250 -999.250 -999.250 -999.250 -999.250 -999.250 -999.250 -999.250 -999.250 -999.250 -999.250 0.000 0.000 0.000 0.000 0.000 0.000 0.100 0.333 1.545 1.554 1.711 1.852 2.921 3.016 3.140 4.439 4.251 4.325 5.327 5.064 4.601 3.839 4.577 3.065 2.569 2.713 3.044 2.732 3.429 5.130 5.766 4.985 5.275 5.286 3.015 1.968 0.962 1.802 2.001 3.336 3.754 2.074 0.368 0.000 0.632 0.922 0.000 0.000 0.000 0.000 0.000 0.000 0.000
-999.250 -999.250 -999.250 -999.250 -999.250 -999.250 -999.250 -999.250 -999.250 -999.250 -999.250 -999.250 -999.250 -999.250 -999.250 0.000 0.000 0.000 0.000 0.000 0.000 0.000 1.463 0.874 1.641 1.532 2.818 2.868 3.284 4.149 4.603 4.995 5.158 4.982 5.153 4.907 4.969 5.217 4.957 4.010 3.779 2.863 2.254 1.895 1.126 3.560 5.600 8.691 8.751 7.538 5.600 3.466 1.560 0.220 2.053 2.510 3.855 5.693 3.619 1.699 0.328 1.113 0.641 0.447 0.003 0.000 0.000 0.000 0.000 0.000
-999.250 -999.250 -999.250 -999.250 -999.250 -999.250 -999.250 -999.250 -999.250 -999.250 -999.250 -999.250 -999.250 -999.250 0.328 0.239 0.113 0.506 0.257 0.065 0.307 1.855 2.536 1.623 1.321 2.807 2.306 3.853 5.074 5.698 6.183 5.367 5.662 6.038 6.245 7.184 5.858 6.900 6.063 3.982 4.122 2.222 1.349 0.786 0.000 1.959 6.360 9.656 10.107 8.223 6.144 4.121 1.226 0.000 0.490 2.817 3.736 4.249 3.047 2.331 2.778 1.373 1.758 1.179 2.117 1.357 0.848 0.000 0.000 0.000
-999.250 -999.250 -999.250 -999.250 -999.250 -999.250 -999.250 -999.250 -999.250 -999.250 -999.250 -999.250 -999.250 -999.250 0.508 1.181 1.272 0.326 1.093 1.628 1.148 0.765 2.239 1.832 1.953 4.060 3.442 3.937 5.054 6.568 5.903 4.290 5.642 6.697 7.480 7.693 6.474 7.807 6.309 5.078 3.260 2.570 1.491 0.000 0.000 0.000 5.531 13.403 11.497 8.154 5.233 3.544 0.707 0.166 0.858 2.294 2.958 2.794 3.762 2.578 3.302 1.784 1.142 1.293 1.927 1.366 0.496 0.000 0.000 0.000
-999.250 -999.250 -999.250 -999.250 -999.250 -999.250 -999.250 -999.250 -999.250 -999.250 -999.250 -999.250 -999.250 0.410 0.718 1.030 0.448 0.772 1.544 2.784 2.019 1.812 2.287 2.787 4.301 4.658 5.808 5.335 5.346 5.795 5.412 5.275 6.240 6.358 6.595 6.484 6.756 6.780 5.112 4.596 2.977 1.975 0.879 0.000 0.000 0.419 5.205 7.870 8.789 6.230 5.207 3.370 2.979 1.525 0.920 2.490 2.024 2.709 2.145 3.352 2.559 2.026 1.338 2.603 1.481 1.119 1.048 0.000 0.000 0.000
-999.250 -999.250 -999.250 -999.250 -999.250 -999.250 -999.250 -999.250 -999.250 -999.250 -999.250 -999.250 0.000 0.000 0.000 1.080 1.715 2.264 2.127 2.422 2.607 3.048 2.572 2.433 3.361 3.366 4.461 6.303 6.845 7.585 6.543 5.660 5.679 5.041 4.781 6.557 6.408 5.461 4.913 3.496 2.411 1.261 0.000 0.000 0.000 0.074 3.137 6.179 5.764 5.447 4.133 3.367 2.284 1.707 1.091 1.977 2.184 1.632 2.607 1.887 2.607 1.445 1.887 2.068 0.623 1.007 0.929 0.000 0.000 0.000
-999.250 -999.250 -999.250 -999.250 -999.250 -999.250 -999.250 -999.250 -999.250 -999.250 -999.250 1.082 1.228 0.000 0.000 0.000 1.598 0.916 1.294 2.239 2.616 1.862 1.849 1.737 3.274 2.983 4.896 6.438 7.007 6.441 4.726 6.249 5.156 5.212 4.317 6.371 6.748 6.531 5.506 4.733 2.444 1.989 0.103 0.000 0.000 0.000 0.786 2.299 2.805 2.935 2.566 1.733 1.649 0.735 0.700 1.853 1.407 1.950 1.686 1.522 1.564 1.325 0.923 0.435 1.074 0.567 0.830 0.923 0.122 1.001
-999.250 -999.250 -999.250 -999.250 -999.250 -999.250 -999.250 -999.250 -999.250 -999.250 1.527 0.867 0.958 0.000 0.000 0.000 0.297 0.953 1.148 2.528 1.485 1.741 1.910 3.422 3.148 3.596 5.345 6.801 4.728 5.250 5.415 4.601 6.332 5.275 6.108 6.362 6.409 5.856 6.159 4.517 3.664 2.195 0.000 0.000 0.000 0.000 0.000 0.900 2.526 2.922 2.640 1.102 1.716 1.080 0.962 2.620 1.958 1.432 1.722 2.371 1.135 1.846 0.416 1.098 2.739 0.535 0.098 1.433 1.938 0.622
-999.250 -999.250 -999.250 -999.250 -999.250 -999.250 -999.250 -999.250 -999.250 2.224 1.247 0.240 0.788 0.000 0.000 0.000 0.000 0.191 1.704 1.926 1.546 1.387 1.935 2.125 4.255 4.098 5.419 5.747 6.121 5.933 6.976 5.149 5.475 4.283 6.290 6.005 6.449 6.312 5.273 4.382 3.683 1.907 0.000 0.000 0.000 0.000 0.000 0.000 0.294 2.266 1.157 1.155 1.119 0.568 0.507 1.878 1.766 2.169 2.201 2.389 2.804 2.609 1.571 2.814 1.103 1.238 1.639 1.661 0.570 0.000
-999.250 -999.250 -999.250 -999.250 -999.250 2.913 3.773 2.080 1.639 1.582 1.589 1.031 0.000 0.000 0.000 0.000 0.000 0.091 1.338 1.598 0.686 1.751 2.355 3.125 3.275 4.700 6.005 5.962 6.892 7.140 6.709 5.864 5.523 5.670 5.258 6.070 5.467 5.914 5.674 3.560 2.701 1.646 0.000 0.000 0.000 0.000 0.000 0.000 0.000 0.000 0.000 0.324 0.098 0.308 0.853 0.503 1.760 1.503 2.161 2.646 2.627 2.649 2.055 2.070 0.489 2.485 1.485 0.277 1.072 0.000
