data/medianmodel_25-May-2020.asc
ncols	141
nrows	288
xllcorner	-120191.398
yllcorner	-301404.813
cellsize	2000.000
NODATA_value	-999.250
[rows 217 to 247 of 288, columns 0 to 68 of 141]
-999.250 -999.250 -999.250 -999.250 -999.250 -999.250 -999.250 -999.250 -999.250 -999.250 -999.250 -999.250 -999.250 -999.250 -999.250 -999.250 -999.250 -999.250 -999.250 -999.250 -999.250 -999.250 -999.250 -999.250 -999.250 -999.250 -999.250 -999.250 -999.250 -999.250 -999.250 11.765 12.267 14.293 10.364 12.567 10.561 9.700 9.785 8.717 4.929 6.814 9.042 7.605 9.674 9.131 7.700 10.362 7.943 7.393 4.893 7.344 4.845 4.966 4.088 5.691 7.124 4.787 3.841 3.791 4.536 3.953 2.274 0.894 0.000 0.000 0.000 0.000 0.000
-999.250 -999.250 -999.250 -999.250 -999.250 -999.250 -999.250 -999.250 -999.250 -999.250 -999.250 -999.250 -999.250 -999.250 -999.250 -999.250 -999.250 -999.250 -999.250 -999.250 -999.250 -999.250 -999.250 -999.250 -999.250 -999.250 -999.250 -999.250 -999.250 -999.250 -999.250 12.832 11.462 9.538 10.792 10.096 9.895 11.740 10.449 7.730 5.526 6.799 6.353 7.768 7.771 9.172 8.757 8.238 9.477 7.148 5.481 5.156 4.779 7.161 4.208 6.082 3.539 4.897 4.629 4.103 2.546 2.325 1.309 1.086 0.000 0.000 0.000 0.000 0.000
-999.250 -999.250 -999.250 -999.250 -999.250 -999.250 -999.250 -999.250 -999.250 -999.250 -999.250 -999.250 -999.250 -999.250 -999.250 -999.250 -999.250 -999.250 -999.250 -999.250 -999.250 -999.250 -999.250 -999.250 -999.250 -999.250 -999.250 -999.250 -999.250 -999.250 -999.250 9.482 12.586 8.183 8.208 6.411 8.318 7.135 9.809 7.530 5.793 6.831 5.755 4.482 8.896 6.963 7.343 8.376 6.175 6.888 6.881 6.559 6.070 5.730 7.811 6.481 3.793 4.520 4.305 2.953 2.778 0.404 4.441 0.134 0.000 0.000 0.000 0.000 0.000
-999.250 -999.250 -999.250 -999.250 -999.250 -999.250 -999.250 -999.250 -999.250 -999.250 -999.250 -999.250 -999.250 -999.250 -999.250 -999.250 -999.250 -999.250 -999.250 -999.250 -999.250 -999.250 -999.250 -999.250 -999.250 -999.250 -999.250 -999.250 -999.250 -999.250 -999.250 11.581 9.931 10.229 7.452 4.728 3.320 6.866 5.666 4.721 4.156 6.831 5.843 7.810 7.293 9.375 8.801 5.439 6.539 5.149 4.653 6.677 5.774 5.296 5.050 4.788 4.308 6.862 5.076 0.427 0.784 1.528 3.296 0.568 0.000 0.000 0.000 0.000 0.000
-999.250 -999.250 -999.250 -999.250 -999.250 -999.250 -999.250 -999.250 -999.250 -999.250 -999.250 -999.250 -999.250 -999.250 -999.250 -999.250 -999.250 -999.250 -999.250 -999.250 -999.250 -999.250 -999.250 -999.250 -999.250 -999.250 -999.250 -999.250 -999.250 -999.250 -999.250 9.273 8.192 8.614 8.081 5.342 4.151 6.325 6.269 4.251 5.629 6.240 5.458 8.591 6.278 8.188 6.732 4.918 6.266 7.153 5.965 4.494 3.487 6.749 5.869 3.876 4.779 4.342 4.906 4.079 1.580 2.858 3.469 1.205 0.920 1.574 0.154 0.000 0.000
-999.250 -999.250 -999.250 -999.250 -999.250 -999.250 -999.250 -999.250 -999.250 -999.250 -999.250 -999.250 -999.250 -999.250 -999.250 -999.250 -999.250 -999.250 -999.250 -999.250 -999.250 -999.250 -999.250 -999.250 -999.250 -999.250 -999.250 -999.250 -999.250 -999.250 -999.250 6.589 6.018 9.709 8.359 5.127 4.005 3.778 6.275 7.205 7.629 7.692 5.622 7.206 8.575 5.096 6.286 5.804 6.220 4.169 5.385 5.678 3.822 5.397 4.587 3.136 1.056 2.838 2.723 1.797 2.932 3.582 1.327 2.179 3.454 2.926 0.000 0.000 0.000
-999.250 -999.250 -999.250 -999.250 -999.250 -999.250 -999.250 -999.250 -999.250 -999.250 -999.250 -999.250 -999.250 -999.250 -999.250 -999.250 -999.250 -999.250 -999.250 -999.250 -999.250 -999.250 -999.250 -999.250 -999.250 -999.250 -999.250 -999.250 -999.250 -999.250 6.432 7.202 8.229 8.694 6.550 6.098 3.548 2.617 5.028 6.109 8.101 6.813 7.045 7.230 8.186 4.774 3.484 3.709 8.386 5.282 5.434 5.853 5.104 4.745 6.002 2.083 1.979 3.006 1.770 2.651 2.977 4.762 3.170 2.867 1.219 1.631 0.247 0.000 0.000
-999.250 -999.250 -999.250 -999.250 -999.250 -999.250 -999.250 -999.250 -999.250 -999.250 -999.250 -999.250 -999.250 -999.250 -999.250 -999.250 -999.250 -999.250 -999.250 -999.250 -999.250 -999.250 -999.250 -999.250 -999.250 -999.250 -999.250 -999.250 -999.250 -999.250 7.730 7.794 8.016 8.212 8.858 5.733 4.066 5.147 4.546 7.403 6.035 7.341 6.522 7.445 6.917 4.557 2.973 4.987 3.739 3.884 4.336 6.376 6.025 4.427 3.418 2.513 2.527 2.041 0.130 1.474 1.531 2.530 2.964 0.441 1.643 0.778 0.057 0.230 0.291
-999.250 -999.250 -999.250 -999.250 -999.250 -999.250 -999.250 -999.250 -999.250 -999.250 -999.250 -999.250 -999.250 -999.250 -999.250 -999.250 -999.250 -999.250 -999.250 -999.250 -999.250 -999.250 -999.250 -999.250 -999.250 -999.250 -999.250 -999.250 -999.250 -999.250 6.449 9.508 8.700 8.630 6.460 5.126 6.183 5.805 5.317 5.706 5.189 7.757 7.324 7.106 7.615 6.314 6.106 4.676 2.272 3.337 5.611 7.019 6.269 3.371 3.651 2.048 0.628 0.000 0.000 0.000 0.000 0.390 1.354 1.001 1.308 1.185 1.027 1.257 0.650
-999.250 -999.250 -999.250 -999.250 -999.250 -999.250 -999.250 -999.250 -999.250 -999.250 -999.250 -999.250 -999.250 -999.250 -999.250 -999.250 -999.250 -999.250 -999.250 -999.250 -999.250 -999.250 -999.250 -999.250 -999.250 -999.250 -999.250 -999.250 -999.250 -999.250 8.360 8.603 8.010 8.471 6.980 5.304 4.325 3.910 5.651 5.010 4.710 5.351 7.839 7.610 5.556 5.786 3.799 5.130 4.525 3.463 4.331 3.046 3.415 2.231 0.160 0.000 0.000 0.000 0.000 0.000 0.000 0.000 0.180 2.288 0.445 0.899 1.139 3.157 0.000
-999.250 -999.250 -999.250 -999.250 -999.250 -999.250 -999.250 -999.250 -999.250 -999.250 -999.250 -999.250 -999.250 -999.250 -999.250 -999.250 -999.250 -999.250 -999.250 -999.250 -999.250 -999.250 -999.250 -999.250 -999.250 -999.250 -999.250 -999.250 -999.250 3.934 6.883 7.218 8.812 6.414 7.052 4.314 2.579 2.598 5.364 4.027 5.303 5.075 7.528 6.521 7.588 6.997 3.923 1.924 3.424 4.503 1.955 2.949 1.494 2.471 0.000 0.000 0.000 0.000 0.000 0.000 0.000 0.072 0.000 1.499 1.058 0.000 0.866 1.953 0.995
-999.250 -999.250 -999.250 -999.250 -999.250 -999.250 -999.250 -999.250 -999.250 -999.250 -999.250 -999.250 -999.250 -999.250 -999.250 -999.250 -999.250 -999.250 -999.250 -999.250 -999.250 -999.250 -999.250 -999.250 -999.250 -999.250 -999.250 -999.250 -999.250 4.524 5.205 6.484 5.278 4.906 4.644 4.744 3.299 2.533 2.793 2.316 3.921 2.876 5.825 5.542 7.296 5.237 3.221 5.306 3.428 3.863 2.832 4.104 3.585 1.339 0.000 0.379 0.000 0.000 0.000 0.000 0.316 0.000 1.597 0.238 1.768 1.806 0.779 3.286 2.518
-999.250 -999.250 -999.250 -999.250 -999.250 -999.250 -999.250 -999.250 -999.250 -999.250 -999.250 -999.250 -999.250 -999.250 -999.250 -999.250 -999.250 -999.250 -999.250 -999.250 -999.250 -999.250 -999.250 -999.250 -999.250 -999.250 -999.250 -999.250 5.061 8.148 6.659 5.437 5.503 5.014 3.890 4.604 3.473 3.932 3.055 0.106 0.961 5.032 4.398 3.720 3.568 3.858 2.378 1.990 2.131 1.294 3.373 5.337 6.231 3.407 1.226 0.000 0.000 0.000 0.000 0.692 2.979 0.470 0.777 1.525 3.127 0.000 2.827 0.872 0.627
-999.250 -999.250 -999.250 -999.250 -999.250 -999.250 -999.250 -999.250 -999.250 -999.250 -999.250 -999.250 -999.250 -999.250 -999.250 -999.250 -999.250 -999.250 -999.250 -999.250 -999.250 -999.250 -999.250 -999.250 -999.250 -999.250 -999.250 -999.250 6.656 5.590 7.521 8.269 5.779 6.284 4.245 4.555 2.252 3.832 3.094 3.069 1.925 2.491 4.491 5.612 4.165 3.926 3.286 3.057 2.768 1.059 3.970 5.749 4.356 4.044 0.176 0.197 0.000 0.478 0.000 0.000 0.588 2.888 1.614 2.756 1.781 0.000 1.089 0.848 1.738
-999.250 -999.250 -999.250 -999.250 -999.250 -999.250 -999.250 -999.250 -999.250 -999.250 -999.250 -999.250 -999.250 -999.250 -999.250 -999.250 -999.250 -999.250 -999.250 -999.250 -999.250 -999.250 -999.250 -999.250 -999.250 -999.250 -999.250 5.027 6.721 7.259 11.643 10.316 10.575 6.714 6.646 3.662 3.130 2.364 3.514 2.971 3.566 4.007 4.750 4.901 5.096 3.285 3.329 3.759 3.681 3.328 2.961 3.121 2.308 2.607 2.492 0.766 0.000 0.000 0.386 0.000 0.856 2.057 3.408 0.465 0.992 0.136 0.546 1.179 0.478
-999.250 -999.250 -999.250 -999.250 -999.250 -999.250 -999.250 -999.250 -999.250 -999.250 -999.250 -999.250 -999.250 -999.250 -999.250 -999.250 -999.250 -999.250 -999.250 -999.250 -999.250 -999.250 -999.250 -999.250 -999.250 -999.250 -999.250 6.469 5.276 9.678 10.976 14.583 10.429 7.591 3.898 3.686 4.198 4.907 4.578 5.604 5.905 2.366 2.951 5.046 5.253 3.076 2.654 1.318 4.354 2.127 2.437 4.798 4.558 4.590 1.979 2.355 1.150 0.000 0.000 0.000 0.139 0.339 1.152 0.520 0.440 1.200 1.611 0.142 2.159
-999.250 -999.250 -999.250 -999.250 -999.250 -999.250 -999.250 -999.250 -999.250 -999.250 -999.250 -999.250 -999.250 -999.250 -999.250 -999.250 -999.250 -999.250 -999.250 -999.250 -999.250 -999.250 -999.250 -999.250 -999.250 -999.250 -999.250 -999.250 8.548 8.502 7.561 11.695 9.202 5.449 6.569 5.253 7.425 7.757 4.611 6.079 6.170 3.150 3.633 3.038 3.668 2.457 1.691 2.280 3.675 0.828 1.470 3.553 6.216 6.115 3.308 0.514 0.000 0.074 0.000 0.000 0.000 0.000 0.111 0.000 0.000 0.567 2.156 0.919 2.645
-999.250 -999.250 -999.250 -999.250 -999.250 -999.250 -999.250 -999.250 -999.250 -999.250 -999.250 -999.250 -999.250 -999.250 -999.250 -999.250 -999.250 -999.250 -999.250 -999.250 -999.250 -999.250 -999.250 -999.250 -999.250 -999.250 -999.250 -999.250 -999.250 -999.250 6.443 6.542 7.140 7.066 6.087 4.920 5.497 7.475 6.793 6.271 4.718 3.775 3.810 2.707 2.904 1.522 2.306 0.777 2.742 4.723 1.310 2.939 3.423 2.794 3.041 1.121 0.000 0.000 0.000 0.000 0.000 0.000 0.000 0.000 1.620 2.836 2.955 2.010 3.104
-999.250 -999.250 -999.250 -999.250 -999.250 -999.250 -999.250 -999.250 -999.250 -999.250 -999.250 -999.250 -999.250 -999.250 -999.250 -999.250 -999.250 -999.250 -999.250 -999.250 -999.250 -999.250 -999.250 -999.250 -999.250 -999.250 -999.250 -999.250 -999.250 -999.250 7.170 7.106 6.662 4.070 4.454 5.174 5.983 8.742 6.633 5.073 5.516 5.021 4.755 4.157 3.470 4.490 3.597 3.119 2.499 3.443 2.422 2.831 3.916 3.041 2.907 0.000 0.000 0.000 0.000 0.000 0.000 0.000 0.000 1.687 1.226 2.140 2.881 4.897 3.741
-999.250 -999.250 -999.250 -999.250 -999.250 -999.250 -999.250 -999.250 -999.250 -999.250 -999.250 -999.250 -999.250 -999.250 -999.250 -999.250 -999.250 -999.250 -999.250 -999.250 -999.250 -999.250 -999.250 -999.250 -999.250 -999.250 -999.250 -999.250 -999.250 -999.250 7.997 5.514 4.042 5.699 4.955 7.302 8.567 8.609 7.248 5.049 4.136 5.510 6.988 7.182 6.459 4.280 4.125 3.602 2.997 3.970 3.304 4.753 1.030 1.279 1.792 0.193 0.078 0.000 0.000 0.000 0.000 0.000 0.052 2.707 2.861 2.156 1.037 2.795 2.202
-999.250 -999.250 -999.250 -999.250 -999.250 -999.250 -999.250 -999.250 -999.250 -999.250 -999.250 -999.250 -999.250 -999.250 -999.250 -999.250 -999.250 -999.250 -999.250 -999.250 -999.250 -999.250 -999.250 -999.250 -999.250 -999.250 -999.250 -999.250 -999.250 -999.250 -999.250 4.237 6.438 6.012 6.605 5.917 7.176 7.134 5.852 4.783 5.982 4.902 4.399 7.095 4.626 3.697 5.010 5.288 4.333 3.395 4.227 4.129 0.000 0.000 0.543 0.000 0.000 0.000 0.000 0.000 0.000 0.000 0.000 2.041 2.599 1.211 2.117 1.057 2.048
-999.250 -999.250 -999.250 -999.250 -999.250 -999.250 -999.250 -999.250 -999.250 -999.250 -999.250 -999.250 -999.250 -999.250 -999.250 -999.250 -999.250 -999.250 -999.250 -999.250 -999.250 -999.250 -999.250 -999.250 -999.250 -999.250 -999.250 -999.250 -999.250 -999.250 4.233 5.055 6.228 5.235 6.034 6.289 6.220 7.807 8.884 5.873 5.584 6.291 5.327 8.764 3.682 4.931 3.866 2.681 2.942 1.745 2.820 2.843 0.000 0.000 0.000 0.534 0.000 0.000 0.000 0.000 0.000 0.000 2.132 1.374 3.151 2.263 0.566 0.013 1.315
-999.250 -999.250 -999.250 -999.250 -999.250 -999.250 -999.250 -999.250 -999.250 -999.250 -999.250 -999.250 -999.250 -999.250 -999.250 -999.250 -999.250 -999.250 -999.250 -999.250 -999.250 -999.250 -999.250 -999.250 -999.250 -999.250 -999.250 -999.250 -999.250 -999.250 -999.250 4.925 4.898 6.232 6.286 6.611 5.988 7.633 6.309 4.450 3.761 3.795 4.125 3.771 4.315 3.456 4.112 5.360 2.868 1.773 1.406 2.840 0.000 0.000 0.000 0.000 0.000 0.000 0.000 0.806 1.345 1.713 1.494 0.049 2.235 1.401 0.217 0.695 0.441
-999.250 -999.250 -999.250 -999.250 -999.250 -999.250 -999.250 -999.250 -999.250 -999.250 -999.250 -999.250 -999.250 -999.250 -999.250 -999.250 -999.250 -999.250 -999.250 -999.250 -999.250 -999.250 -999.250 -999.250 -999.250 -999.250 -999.250 -999.250 -999.250 -999.250 3.022 4.124 6.328 5.220 4.038 6.666 4.598 6.307 4.936 5.650 3.749 3.209 3.312 3.368 1.777 3.162 3.398 5.600 4.458 2.711 2.123 0.120 0.112 1.004 1.238 1.544 1.664 0.929 1.474 0.413 3.862 3.429 2.028 0.000 1.789 1.374 0.087 0.000 1.873
-999.250 -999.250 -999.250 -999.250 -999.250 -999.250 -999.250 -999.250 -999.250 -999.250 -999.250 -999.250 -999.250 -999.250 -999.250 -999.250 -999.250 -999.250 -999.250 -999.250 -999.250 -999.250 -999.250 -999.250 -999.250 -999.250 -999.250 -999.250 -999.250 -999.250 3.262 4.002 4.106 5.402 5.379 4.684 5.257 5.938 2.845 3.891 3.055 3.988 1.816 3.521 3.934 4.106 3.342 2.492 4.266 4.158 0.760 1.802 1.408 0.872 2.007 1.856 0.102 1.495 0.463 0.658 1.732 3.040 0.630 1.200 1.458 2.280 0.000 0.000 0.285
-999.250 -999.250 -999.250 -999.250 -999.250 -999.250 -999.250 -999.250 -999.250 -999.250 -999.250 -999.250 -999.250 -999.250 -999.250 -999.250 -999.250 -999.250 -999.250 -999.250 -999.250 -999.250 -999.250 -999.250 -999.250 -999.250 -999.250 -999.250 -999.250 -999.250 3.547 4.066 3.308 3.943 4.199 2.926 3.180 2.998 1.877 1.845 2.098 3.115 4.515 5.120 3.434 4.666 4.499 3.935 5.163 2.816 1.535 2.362 0.000 1.269 0.000 0.000 0.148 1.249 0.220 0.000 0.000 0.240 0.812 0.550 0.000 0.799 0.000 0.489 0.093
-999.250 -999.250 -999.250 -999.250 -999.250 -999.250 -999.250 -999.250 -999.250 -999.250 -999.250 -999.250 -999.250 -999.250 -999.250 -999.250 -999.250 -999.250 -999.250 -999.250 -999.250 -999.250 -999.250 -999.250 -999.250 -999.250 -999.250 -999.250 -999.250 -999.250 3.506 5.037 5.924 5.593 4.227 3.884 2.750 2.617 0.580 2.336 2.776 2.958 3.085 3.457 3.533 4.781 3.742 4.989 3.015 2.553 1.646 0.000 0.000 0.000 0.049 1.236 2.293 0.276 0.000 0.000 0.000 0.000 0.000 0.000 0.000 0.000 0.000 0.000 0.000
-999.250 -999.250 -999.250 -999.250 -999.250 -999.250 -999.250 -999.250 -999.250 -999.250 -999.250 -999.250 -999.250 -999.250 -999.250 -999.250 -999.250 -999.250 -999.250 -999.250 -999.250 -999.250 -999.250 -999.250 -999.250 -999.250 -999.250 -999.250 -999.250 -999.250 4.493 6.051 6.302 5.228 5.233 4.602 4.286 1.984 2.782 1.920 2.773 2.225 2.493 5.651 2.001 5.771 3.635 4.519 1.673 3.332 0.773 0.173 0.000 0.000 0.000 0.000 0.000 0.000 0.000 0.000 0.000 0.000 0.000 0.000 0.000 0.000 0.000 0.000 0.000
-999.250 -999.250 -999.250 -999.250 -999.250 -999.250 -999.250 -999.250 -999.250 -999.250 -999.250 -999.250 -999.250 -999.250 -999.250 -999.250 -999.250 -999.250 -999.250 -999.250 -999.250 -999.250 -999.250 -999.250 -999.250 -999.250 -999.250 -999.250 -999.250 -999.250 -999.250 5.405 6.343 5.959 3.997 3.313 3.003 2.116 2.624 3.854 3.510 2.876 3.090 2.672 2.513 2.895 1.923 2.480 3.225 3.387 2.124 0.000 0.000 0.000 0.000 0.000 0.000 0.000 0.000 0.139 0.000 0.000 0.000 0.000 0.000 0.000 0.000 0.000 0.069
-999.250 -999.250 -999.250 -999.250 -999.250 -999.250 -999.250 -999.250 -999.250 -999.250 -999.250 -999.250 -999.250 -999.250 -999.250 -999.250 -999.250 -999.250 -999.250 -999.250 -999.250 -999.250 -999.250 -999.250 -999.250 -999.250 -999.250 -999.250 -999.250 -999.250 -999.250 5.056 3.323 1.528 3.564 4.594 2.939 5.767 3.574 2.303 1.611 1.949 0.664 1.746 2.229 2.412 1.098 1.144 1.163 1.165 0.561 0.000 0.000 0.000 0.000 0.000 0.000 0.000 0.000 0.000 0.000 0.000 0.000 0.000 0.000 0.000 0.000 0.000 0.000
-999.250 -999.250 -999.250 -999.250 -999.250 -999.250 -999.250 -999.250 -999.250 -999.250 -999.250 -999.250 -999.250 -999.250 -999.250 -999.250 -999.250 -999.250 -999.250 -999.250 -999.250 -999.250 -999.250 -999.250 -999.250 -999.250 -999.250 -999.250 -999.250 -999.250 3.489 3.010 4.675 4.169 5.226 4.387 2.715 4.750 2.939 2.653 1.163 0.836 1.995 0.996 0.681 0.001 0.771 0.109 1.149 0.000 0.916 0.000 0.000 0.000 0.000 0.000 0.000 0.000 0.000 0.000 0.000 0.000 0.000 0.000 0.512 1.205 0.000 0.000 0.000
