data/medianmodel_02-Oct-2020.asc
ncols	141
nrows	288
xllcorner	-120191.398
yllcorner	-301404.813
cellsize	2000.000
NODATA_value	-999.250
[rows 150 to 179 of 288, columns 67 to 133 of 141]
15.563 14.470 14.132 13.113 10.618 9.985 4.885 0.842 0.000 2.623 5.361 16.049 25.523 39.607 59.638 85.171 111.447 144.842 172.208 194.973 210.571 234.264 256.836 281.020 255.196 228.866 209.598 197.774 -999.250 -999.250 -999.250 -999.250 -999.250 -999.250 -999.250 -999.250 -999.250 -999.250 -999.250 -999.250 -999.250 -999.250 -999.250 -999.250 -999.250 -999.250 -999.250 -999.250 -999.250 -999.250 -999.250 -999.250 -999.250 -999.250 -999.250 -999.250 -999.250 -999.250 -999.250 -999.250 -999.250 -999.250 -999.250 -999.250 -999.250 -999.250 -999.250
10.744 7.707 8.612 7.813 7.890 5.420 4.522 1.145 0.767 2.586 6.924 13.343 28.508 46.116 57.720 81.672 107.857 133.317 155.340 174.495 195.068 211.934 233.781 231.114 224.284 206.508 186.083 175.755 -999.250 -999.250 -999.250 -999.250 -999.250 -999.250 -999.250 -999.250 -999.250 -999.250 -999.250 -999.250 -999.250 -999.250 -999.250 -999.250 -999.250 -999.250 -999.250 -999.250 -999.250 -999.250 -999.250 -999.250 -999.250 -999.250 -999.250 -999.250 -999.250 -999.250 -999.250 -999.250 -999.250 -999.250 -999.250 -999.250 -999.250 -999.250 -999.250
9.743 5.699 2.935 1.704 4.722 0.000 0.000 0.909 0.000 0.000 2.542 12.765 24.720 35.408 49.925 75.507 93.886 123.332 133.603 157.500 171.146 193.905 201.125 204.058 191.313 177.798 157.138 145.815 -999.250 -999.250 -999.250 -999.250 -999.250 -999.250 -999.250 -999.250 -999.250 -999.250 -999.250 -999.250 -999.250 -999.250 -999.250 -999.250 -999.250 -999.250 -999.250 -999.250 -999.250 -999.250 -999.250 -999.250 -999.250 -999.250 -999.250 -999.250 -999.250 -999.250 -999.250 -999.250 -999.250 -999.250 -999.250 -999.250 -999.250 -999.250 -999.250
2.036 0.435 0.000 0.000 0.000 0.000 0.000 0.000 0.000 0.000 0.000 10.818 18.569 29.036 39.756 63.310 84.535 98.057 116.387 135.804 146.673 164.570 175.815 185.993 163.001 163.514 138.519 126.810 -999.250 -999.250 -999.250 -999.250 -999.250 -999.250 -999.250 -999.250 -999.250 -999.250 -999.250 -999.250 -999.250 -999.250 -999.250 -999.250 -999.250 -999.250 -999.250 -999.250 -999.250 -999.250 -999.250 -999.250 -999.250 -999.250 -999.250 -999.250 -999.250 -999.250 -999.250 -999.250 -999.250 -999.250 -999.250 -999.250 -999.250 -999.250 -999.250
0.000 0.062 0.000 0.000 0.000 0.000 0.000 0.000 0.000 0.000 0.000 5.934 14.625 19.943 32.078 48.665 68.810 78.744 90.760 110.129 123.199 130.317 136.674 150.456 142.568 133.112 115.199 106.628 -999.250 -999.250 -999.250 -999.250 -999.250 -999.250 -999.250 -999.250 -999.250 -999.250 -999.250 -999.250 -999.250 -999.250 -999.250 -999.250 -999.250 -999.250 -999.250 -999.250 -999.250 -999.250 -999.250 -999.250 -999.250 -999.250 -999.250 -999.250 -999.250 -999.250 -999.250 -999.250 -999.250 -999.250 -999.250 -999.250 -999.250 -999.250 -999.250
0.000 0.463 0.147 1.011 0.000 0.000 0.000 0.000 0.000 0.000 0.000 3.094 10.605 13.084 22.917 34.408 44.209 59.305 72.021 91.629 98.445 100.263 111.574 119.353 121.763 112.416 96.150 90.326 -999.250 -999.250 -999.250 -999.250 -999.250 -999.250 -999.250 -999.250 -999.250 -999.250 -999.250 -999.250 -999.250 -999.250 -999.250 -999.250 -999.250 -999.250 -999.250 -999.250 -999.250 -999.250 -999.250 -999.250 -999.250 -999.250 -999.250 -999.250 -999.250 -999.250 -999.250 -999.250 -999.250 -999.250 -999.250 -999.250 -999.250 -999.250 -999.250
3.428 6.595 2.662 4.041 6.150 1.561 2.386 0.000 0.000 0.000 0.000 0.000 2.006 10.425 14.700 21.398 29.599 40.122 53.621 70.828 73.845 80.083 86.601 89.138 88.186 84.206 79.316 78.840 70.828 -999.250 -999.250 -999.250 -999.250 -999.250 -999.250 -999.250 -999.250 -999.250 -999.250 -999.250 -999.250 -999.250 -999.250 -999.250 -999.250 -999.250 -999.250 -999.250 -999.250 -999.250 -999.250 -999.250 -999.250 -999.250 -999.250 -999.250 -999.250 -999.250 -999.250 -999.250 -999.250 -999.250 -999.250 -999.250 -999.250 -999.250 -999.250
10.259 11.039 13.485 12.231 14.387 12.973 10.174 8.139 5.067 1.769 0.199 0.079 0.259 6.990 8.391 12.238 14.045 22.177 34.889 48.354 55.158 59.325 68.218 69.811 68.053 62.841 64.299 55.815 58.097 53.931 -999.250 -999.250 -999.250 -999.250 -999.250 -999.250 -999.250 -999.250 -999.250 -999.250 -999.250 -999.250 -999.250 -999.250 -999.250 -999.250 -999.250 -999.250 -999.250 -999.250 -999.250 -999.250 -999.250 -999.250 -999.250 -999.250 -999.250 -999.250 -999.250 -999.250 -999.250 -999.250 -999.250 -999.250 -999.250 -999.250 -999.250
15.607 17.199 19.253 20.500 21.161 19.697 15.757 14.230 12.750 8.248 4.651 0.804 2.402 2.070 2.659 2.913 0.000 12.878 22.667 31.813 34.666 41.024 46.100 49.612 49.575 47.903 46.216 45.179 47.784 46.183 39.554 -999.250 -999.250 -999.250 -999.250 -999.250 -999.250 -999.250 -999.250 -999.250 -999.250 -999.250 -999.250 -999.250 -999.250 -999.250 -999.250 -999.250 -999.250 -999.250 -999.250 -999.250 -999.250 -999.250 -999.250 -999.250 -999.250 -999.250 -999.250 -999.250 -999.250 -999.250 -999.250 -999.250 -999.250 -999.250 -999.250
25.131 28.729 31.459 34.888 36.576 32.807 29.925 23.465 19.163 15.073 11.407 9.334 7.075 6.464 2.243 0.019 1.751 8.615 15.789 19.330 26.943 29.496 34.109 32.793 35.038 35.391 34.873 37.066 37.562 33.820 30.439 -999.250 -999.250 -999.250 -999.250 -999.250 -999.250 -999.250 -999.250 -999.250 -999.250 -999.250 -999.250 -999.250 -999.250 -999.250 -999.250 -999.250 -999.250 -999.250 -999.250 -999.250 -999.250 -999.250 -999.250 -999.250 -999.250 -999.250 -999.250 -999.250 -999.250 -999.250 -999.250 -999.250 -999.250 -999.250 -999.250
40.110 44.863 49.392 51.073 49.461 48.292 45.548 35.135 31.522 26.449 19.571 14.391 12.034 11.592 6.209 4.004 4.915 9.543 12.719 14.506 19.076 20.972 23.074 23.300 21.785 24.598 27.864 27.188 27.488 24.242 21.159 -999.250 -999.250 -999.250 -999.250 -999.250 -999.250 -999.250 -999.250 -999.250 -999.250 -999.250 -999.250 -999.250 -999.250 -999.250 -999.250 -999.250 -999.250 -999.250 -999.250 -999.250 -999.250 -999.250 -999.250 -999.250 -999.250 -999.250 -999.250 -999.250 -999.250 -999.250 -999.250 -999.250 -999.250 -999.250 -999.250
65.047 68.525 71.854 78.928 73.098 68.658 60.663 48.208 40.305 37.803 30.560 21.688 19.706 15.736 13.710 9.067 7.445 6.999 6.292 7.767 13.155 13.098 15.905 17.519 16.509 17.224 18.324 17.458 17.036 16.815 15.190 -999.250 -999.250 -999.250 -999.250 -999.250 -999.250 -999.250 -999.250 -999.250 -999.250 -999.250 -999.250 -999.250 -999.250 -999.250 -999.250 -999.250 -999.250 -999.250 -999.250 -999.250 -999.250 -999.250 -999.250 -999.250 -999.250 -999.250 -999.250 -999.250 -999.250 -999.250 -999.250 -999.250 -999.250 -999.250 -999.250
91.291 90.646 97.469 98.133 98.150 89.526 76.204 67.626 61.052 47.808 39.725 29.535 25.851 23.588 20.722 14.038 9.332 6.563 4.095 3.075 6.264 8.431 9.255 11.961 12.369 13.137 15.131 14.482 11.344 11.343 11.307 -999.250 -999.250 -999.250 -999.250 -999.250 -999.250 -999.250 -999.250 -999.250 -999.250 -999.250 -999.250 -999.250 -999.250 -999.250 -999.250 -999.250 -999.250 -999.250 -999.250 -999.250 -999.250 -999.250 -999.250 -999.250 -999.250 -999.250 -999.250 -999.250 -999.250 -999.250 -999.250 -999.250 -999.250 -999.250 -999.250
115.845 124.627 126.330 128.573 114.795 104.898 106.066 90.963 76.860 66.768 51.323 43.567 31.464 30.974 31.596 18.325 12.075 5.554 3.725 0.598 1.129 1.834 4.295 7.790 6.910 8.480 8.478 8.065 5.768 4.648 5.968 5.688 -999.250 -999.250 -999.250 -999.250 -999.250 -999.250 -999.250 -999.250 -999.250 -999.250 -999.250 -999.250 -999.250 -999.250 -999.250 -999.250 -999.250 -999.250 -999.250 -999.250 -999.250 -999.250 -999.250 -999.250 -999.250 -999.250 -999.250 -999.250 -999.250 -999.250 -999.250 -999.250 -999.250 -999.250 -999.250
136.906 158.796 159.933 152.263 150.772 135.208 127.234 110.096 94.960 83.646 61.783 48.878 35.897 31.160 28.509 17.121 10.252 3.986 0.000 0.000 0.000 0.203 1.008 1.129 4.060 5.708 4.598 4.819 3.906 1.584 3.335 0.591 0.704 -999.250 -999.250 -999.250 -999.250 -999.250 -999.250 -999.250 -999.250 -999.250 -999.250 -999.250 -999.250 -999.250 -999.250 -999.250 -999.250 -999.250 -999.250 -999.250 -999.250 -999.250 -999.250 -999.250 -999.250 -999.250 -999.250 -999.250 -999.250 -999.250 -999.250 -999.250 -999.250 -999.250 -999.250
173.035 180.498 183.748 184.560 181.251 168.134 140.315 137.174 115.383 91.086 76.842 55.961 39.799 29.768 21.480 11.840 4.918 0.000 0.000 0.000 0.000 0.000 0.000 0.000 0.363 1.042 2.874 1.752 0.617 2.318 0.000 0.000 0.000 0.059 5.045 6.528 -999.250 -999.250 -999.250 -999.250 -999.250 -999.250 -999.250 -999.250 -999.250 -999.250 -999.250 -999.250 -999.250 -999.250 -999.250 -999.250 -999.250 -999.250 -999.250 -999.250 -999.250 -999.250 -999.250 -999.250 -999.250 -999.250 -999.250 -999.250 -999.250 -999.250 -999.250
193.709 197.056 214.870 219.421 205.380 188.602 173.007 153.125 129.899 112.705 89.289 61.342 42.441 25.395 16.060 7.114 0.000 0.000 0.000 0.000 0.000 0.000 1.785 0.538 0.000 2.369 2.952 1.452 1.068 0.267 1.391 0.000 0.000 2.362 7.259 7.835 -999.250 -999.250 -999.250 -999.250 -999.250 -999.250 -999.250 -999.250 -999.250 -999.250 -999.250 -999.250 -999.250 -999.250 -999.250 -999.250 -999.250 -999.250 -999.250 -999.250 -999.250 -999.250 -999.250 -999.250 -999.250 -999.250 -999.250 -999.250 -999.250 -999.250 -999.250
212.612 238.255 254.675 248.748 225.383 220.390 196.960 167.102 145.300 123.435 91.378 66.966 42.624 22.632 13.372 2.002 0.000 0.000 0.000 0.000 0.000 0.364 2.872 1.377 3.581 6.735 3.200 2.557 4.652 1.325 0.000 0.000 0.000 1.082 5.197 -999.250 -999.250 -999.250 -999.250 -999.250 -999.250 -999.250 -999.250 -999.250 -999.250 -999.250 -999.250 -999.250 -999.250 -999.250 -999.250 -999.250 -999.250 -999.250 -999.250 -999.250 -999.250 -999.250 -999.250 -999.250 -999.250 -999.250 -999.250 -999.250 -999.250 -999.250 -999.250
243.676 292.317 291.156 307.178 316.640 256.986 219.552 183.511 155.240 129.759 99.467 71.829 38.043 18.268 9.187 0.000 0.000 0.000 0.000 0.000 0.000 1.913 4.350 7.004 8.479 9.869 9.018 8.086 5.734 4.476 0.000 0.000 0.000 1.924 5.983 -999.250 -999.250 -999.250 8.596 11.104 10.703 -999.250 -999.250 -999.250 -999.250 -999.250 -999.250 -999.250 -999.250 -999.250 -999.250 -999.250 -999.250 -999.250 -999.250 -999.250 -999.250 -999.250 -999.250 -999.250 -999.250 -999.250 -999.250 -999.250 -999.250 -999.250 -999.250
248.698 320.581 361.345 353.251 337.127 307.084 226.568 194.776 176.863 141.301 104.021 70.723 33.279 11.326 0.000 0.000 0.000 0.000 0.000 0.000 1.750 4.179 6.794 12.027 13.252 14.443 12.887 10.954 9.238 5.635 0.874 0.000 0.000 2.958 5.690 5.004 7.053 9.034 10.220 9.185 11.627 15.733 -999.250 -999.250 -999.250 -999.250 -999.250 -999.250 -999.250 -999.250 -999.250 -999.250 -999.250 -999.250 -999.250 -999.250 -999.250 -999.250 -999.250 -999.250 -999.250 -999.250 -999.250 -999.250 -999.250 -999.250 -999.250
251.368 301.959 349.385 376.736 359.305 306.950 239.224 212.662 173.570 140.033 106.774 69.073 32.390 0.000 0.000 0.000 0.000 0.000 0.000 0.000 2.617 9.137 12.146 17.939 18.481 17.322 17.019 14.791 12.689 11.282 8.252 2.498 2.853 3.865 3.700 4.901 8.851 8.650 11.408 11.767 12.700 14.143 17.561 -999.250 -999.250 -999.250 -999.250 -999.250 -999.250 -999.250 -999.250 -999.250 -999.250 -999.250 -999.250 -999.250 -999.250 -999.250 -999.250 -999.250 -999.250 -999.250 -999.250 -999.250 -999.250 -999.250 -999.250
253.947 277.880 340.905 362.236 325.903 273.986 240.830 209.235 185.820 135.865 97.961 71.874 42.438 17.337 4.296 0.000 0.000 0.000 0.000 0.073 2.449 9.219 15.256 19.941 24.117 24.756 22.490 17.852 13.855 13.449 12.342 10.336 7.425 5.104 7.321 10.156 10.100 9.685 12.311 13.884 15.526 15.653 18.245 -999.250 -999.250 -999.250 -999.250 -999.250 -999.250 -999.250 -999.250 -999.250 -999.250 -999.250 -999.250 -999.250 -999.250 -999.250 -999.250 -999.250 -999.250 -999.250 -999.250 -999.250 -999.250 -999.250 -999.250
230.889 280.988 298.755 313.616 280.087 248.643 229.033 199.906 160.952 133.507 100.541 78.144 48.907 26.182 14.439 4.054 0.000 0.000 0.000 1.884 7.040 12.406 18.325 25.224 33.613 29.867 23.794 21.625 17.865 14.712 13.955 12.135 9.782 10.140 9.649 10.663 10.371 11.143 13.095 15.255 13.723 16.203 16.586 -999.250 -999.250 -999.250 -999.250 -999.250 -999.250 -999.250 -999.250 -999.250 -999.250 -999.250 -999.250 -999.250 -999.250 -999.250 -999.250 -999.250 -999.250 -999.250 -999.250 -999.250 -999.250 -999.250 -999.250
218.060 240.655 255.251 241.806 218.421 231.941 208.050 189.966 158.914 134.870 103.616 83.835 53.904 34.511 18.970 10.806 2.417 0.000 0.000 1.851 5.019 11.611 18.220 24.078 27.674 26.912 26.619 21.075 17.014 15.437 15.082 13.329 13.113 11.604 12.783 12.640 13.090 12.479 15.621 15.812 15.356 15.851 15.407 13.662 -999.250 -999.250 -999.250 -999.250 -999.250 -999.250 -999.250 -999.250 -999.250 -999.250 -999.250 -999.250 -999.250 -999.250 -999.250 -999.250 -999.250 -999.250 -999.250 -999.250 -999.250 -999.250 -999.250
200.873 203.571 216.651 208.019 214.466 199.369 192.572 182.799 150.921 129.526 106.373 84.921 64.194 40.927 25.135 14.845 4.937 0.356 1.914 4.332 4.564 11.038 16.242 20.196 22.944 25.515 23.274 20.648 18.712 16.317 16.188 16.386 16.277 15.325 12.794 12.174 14.715 15.688 15.341 15.559 15.144 16.153 18.262 -999.250 -999.250 -999.250 -999.250 -999.250 -999.250 -999.250 -999.250 -999.250 -999.250 -999.250 -999.250 -999.250 -999.250 -999.250 -999.250 -999.250 -999.250 -999.250 -999.250 -999.250 -999.250 -999.250 -999.250
175.588 185.787 198.561 205.604 190.950 188.052 175.188 154.891 142.559 118.468 97.066 84.233 66.150 48.257 29.936 15.542 10.171 2.274 1.355 1.887 3.079 9.852 13.171 15.347 18.257 19.302 20.264 19.592 16.692 16.323 16.607 16.595 17.422 16.132 15.288 15.857 17.024 18.182 15.433 18.156 17.493 16.646 -999.250 -999.250 -999.250 -999.250 -999.250 -999.250 -999.250 -999.250 -999.250 -999.250 -999.250 -999.250 -999.250 -999.250 -999.250 -999.250 -999.250 -999.250 -999.250 -999.250 -999.250 -999.250 -999.250 -999.250 -999.250
171.044 170.653 179.491 180.124 184.203 182.686 160.690 138.688 130.191 110.856 90.743 81.017 67.996 46.841 29.340 15.359 9.148 3.303 0.911 2.357 2.143 4.618 9.234 10.989 14.712 16.309 15.596 17.703 16.621 16.240 19.578 18.492 16.362 18.901 16.208 17.348 18.465 17.126 16.556 17.441 19.528 16.032 -999.250 -999.250 -999.250 -999.250 -999.250 -999.250 -999.250 -999.250 -999.250 -999.250 -999.250 -999.250 -999.250 -999.250 -999.250 -999.250 -999.250 -999.250 -999.250 -999.250 -999.250 -999.250 -999.250 -999.250 -999.250
141.284 145.046 143.336 162.679 168.325 153.576 138.808 135.971 117.512 101.919 89.065 72.428 56.412 45.849 28.574 17.091 10.024 3.517 0.000 0.069 0.164 1.480 5.457 6.644 10.770 13.231 15.642 16.850 17.258 17.398 19.797 17.598 18.584 19.484 19.883 19.854 19.428 17.812 19.212 15.439 17.154 -999.250 -999.250 -999.250 -999.250 -999.250 -999.250 -999.250 -999.250 -999.250 -999.250 -999.250 -999.250 -999.250 -999.250 -999.250 -999.250 -999.250 -999.250 -999.250 -999.250 -999.250 -999.250 -999.250 -999.250 -999.250 -999.250
120.514 128.114 131.603 141.880 140.068 137.637 128.211 116.575 102.922 97.674 77.621 64.234 49.561 37.761 30.494 17.936 7.758 1.835 0.320 0.033 0.000 0.652 2.568 5.227 7.756 12.013 11.883 14.990 16.061 17.731 19.721 18.341 19.213 21.076 20.423 20.678 22.159 20.191 18.471 15.686 19.797 -999.250 -999.250 -999.250 -999.250 -999.250 -999.250 -999.250 -999.250 -999.250 -999.250 -999.250 -999.250 -999.250 -999.250 -999.250 -999.250 -999.250 -999.250 -999.250 -999.250 -999.250 -999.250 -999.250 -999.250 -999.250 -999.250
110.270 114.446 114.495 121.098 122.230 115.407 98.817 99.441 99.145 85.024 72.566 63.181 49.201 34.903 24.738 15.678 9.482 4.985 0.014 0.000 0.000 0.000 0.871 1.526 7.603 8.021 9.715 13.655 13.707 15.864 18.551 19.167 23.605 22.736 21.732 20.701 22.239 22.270 22.142 21.236 -999.250 -999.250 -999.250 -999.250 -999.250 -999.250 -999.250 -999.250 -999.250 -999.250 -999.250 -999.250 -999.250 -999.250 -999.250 -999.250 -999.250 -999.250 -999.250 -999.250 -999.250 -999.250 -999.250 -999.250 -999.250 -999.250 -999.250
