data/medianmodel_20-Nov-2020.asc
ncols	141
nrows	288
xllcorner	-120191.398
yllcorner	-301404.813
cellsize	2000.000
NODATA_value	-999.250
[rows 116 to 144 of 288, columns 65 to 129 of 141]
363.960 432.183 444.416 486.670 494.189 529.028 563.874 597.144 573.757 580.447 591.803 598.659 658.976 621.043 646.787 632.791 660.941 594.842 639.698 670.074 638.228 606.613 616.268 637.803 677.886 626.464 598.424 575.009 645.648 523.855 533.719 548.986 505.154 535.844 535.774 546.050 505.302 492.949 474.568 460.290 443.294 439.664 381.450 387.748 361.643 346.623 331.694 303.203 -999.250 -999.250 -999.250 -999.250 -999.250 -999.250 -999.250 -999.250 -999.250 -999.250 -999.250 -999.250 -999.250 -999.250 -999.250 -999.250 -999.250
393.693 417.824 467.123 473.765 465.360 508.101 544.186 554.366 583.471 591.869 607.441 611.317 627.504 656.609 699.895 663.815 576.759 610.180 602.777 672.454 615.208 628.381 583.262 623.249 647.366 597.799 570.598 586.807 568.751 547.743 515.751 525.531 499.048 493.888 530.619 536.555 511.361 483.074 474.139 458.209 440.696 381.342 364.825 375.739 379.219 350.306 317.221 300.816 -999.250 -999.250 -999.250 -999.250 -999.250 -999.250 -999.250 -999.250 -999.250 -999.250 -999.250 -999.250 -999.250 -999.250 -999.250 -999.250 -999.250
417.214 426.192 465.808 471.049 515.312 530.051 538.805 545.541 556.342 585.283 582.441 616.217 657.931 634.030 639.453 598.439 553.578 599.768 624.757 578.985 590.004 583.225 558.063 605.127 583.674 583.504 551.350 546.549 539.318 507.429 513.441 493.355 488.725 506.047 527.523 512.661 496.747 481.303 448.889 424.202 406.788 386.626 370.621 370.683 361.468 347.102 336.245 304.515 288.534 -999.250 -999.250 -999.250 -999.250 -999.250 -999.250 -999.250 -999.250 -999.250 -999.250 -999.250 -999.250 -999.250 -999.250 -999.250 -999.250
414.676 436.180 443.739 485.173 525.098 539.308 522.844 551.058 581.176 587.945 579.883 612.008 606.426 640.745 584.967 597.487 573.081 576.348 569.303 563.769 579.445 561.974 534.544 568.257 545.603 564.509 554.273 562.828 545.327 516.251 516.150 488.061 467.402 484.947 483.208 503.890 481.601 475.779 451.649 461.361 422.642 392.120 369.278 382.537 356.580 368.033 352.609 336.181 -999.250 -999.250 -999.250 -999.250 -999.250 -999.250 -999.250 -999.250 -999.250 -999.250 -999.250 -999.250 -999.250 -999.250 -999.250 -999.250 -999.250
419.776 424.702 458.635 489.375 513.558 521.071 538.337 573.620 604.502 584.705 562.760 598.953 660.401 580.229 609.810 579.918 572.688 544.580 579.138 545.128 557.651 550.362 548.346 543.821 571.996 586.096 588.526 575.267 540.705 535.985 481.865 463.728 426.063 470.210 468.385 460.232 434.236 461.209 461.324 452.772 394.613 380.451 370.782 379.794 367.918 345.734 329.961 339.987 -999.250 -999.250 -999.250 -999.250 -999.250 -999.250 -999.250 -999.250 -999.250 -999.250 -999.250 -999.250 -999.250 -999.250 -999.250 -999.250 -999.250
414.032 457.525 474.418 497.988 501.715 540.372 529.826 539.773 543.959 577.651 562.862 560.022 543.886 622.246 633.281 546.325 555.370 521.477 572.388 571.091 557.428 512.952 529.201 569.234 546.417 563.644 587.337 579.262 554.235 515.756 480.200 492.248 446.112 419.283 409.600 423.237 449.285 438.727 432.811 419.204 402.735 352.454 374.239 374.941 367.344 367.195 347.141 324.895 -999.250 -999.250 -999.250 -999.250 -999.250 -999.250 -999.250 -999.250 -999.250 -999.250 -999.250 -999.250 -999.250 -999.250 -999.250 -999.250 -999.250
419.949 458.711 488.194 509.144 516.164 519.688 541.838 540.675 539.929 562.824 603.512 576.382 564.539 579.812 591.514 532.006 487.341 529.991 549.449 558.562 547.416 511.118 532.459 525.034 516.448 547.346 552.879 526.179 507.070 497.392 468.477 458.084 443.092 421.989 406.427 389.316 403.590 385.086 396.912 406.332 378.568 374.921 385.630 381.264 368.909 356.872 340.869 311.635 -999.250 -999.250 -999.250 -999.250 -999.250 -999.250 -999.250 -999.250 -999.250 -999.250 -999.250 -999.250 -999.250 -999.250 -999.250 -999.250 -999.250
424.966 429.639 494.429 519.934 523.271 541.953 567.116 541.773 549.373 596.970 589.246 566.058 550.338 559.801 563.646 513.763 476.464 517.267 515.406 509.672 519.675 521.690 513.166 501.749 517.568 514.159 527.426 544.838 484.340 500.320 460.927 459.265 420.008 428.944 363.758 335.696 351.161 367.068 380.215 369.931 362.974 364.166 341.295 362.043 344.179 326.861 337.113 -999.250 -999.250 -999.250 -999.250 -999.250 -999.250 -999.250 -999.250 -999.250 -999.250 -999.250 -999.250 -999.250 -999.250 -999.250 -999.250 -999.250 -999.250
390.068 453.473 482.312 500.774 518.242 531.728 534.896 528.658 537.654 585.693 554.667 540.766 539.458 555.329 523.060 505.184 486.480 503.823 499.115 494.016 511.587 507.737 491.610 492.983 516.929 496.569 514.403 515.214 491.787 483.206 468.697 406.478 401.989 394.351 365.653 338.306 345.138 362.067 350.404 325.841 329.758 338.636 329.412 336.464 341.581 314.310 317.896 -999.250 -999.250 -999.250 -999.250 -999.250 -999.250 -999.250 -999.250 -999.250 -999.250 -999.250 -999.250 -999.250 -999.250 -999.250 -999.250 -999.250 -999.250
374.934 425.816 470.746 510.672 514.452 500.722 541.297 535.434 522.501 532.812 519.598 536.073 504.473 493.404 501.508 504.322 481.815 459.348 476.478 488.550 483.718 500.948 504.051 485.533 489.567 512.212 502.032 492.726 474.513 469.867 413.315 381.283 380.427 378.239 351.592 331.900 327.803 331.386 317.202 310.527 323.011 332.853 321.157 334.062 323.642 315.044 319.828 -999.250 -999.250 -999.250 -999.250 -999.250 -999.250 -999.250 -999.250 -999.250 -999.250 -999.250 -999.250 -999.250 -999.250 -999.250 -999.250 -999.250 -999.250
348.425 394.826 458.475 495.427 512.339 521.513 533.035 521.029 500.987 511.717 493.334 499.231 492.738 470.477 477.532 472.310 466.360 427.422 443.700 466.220 486.219 482.547 466.322 452.709 473.656 469.828 481.474 479.296 435.414 393.163 409.487 388.583 375.495 345.877 343.650 340.345 336.033 322.028 322.319 303.024 313.433 336.632 322.309 330.668 322.813 317.216 317.098 -999.250 -999.250 -999.250 -999.250 -999.250 -999.250 -999.250 -999.250 -999.250 -999.250 -999.250 -999.250 -999.250 -999.250 -999.250 -999.250 -999.250 -999.250
328.481 391.976 438.047 477.379 487.341 481.524 520.507 498.914 512.271 500.118 486.173 476.201 445.592 469.786 455.012 467.510 390.105 406.649 420.935 414.431 437.795 471.014 464.623 421.887 439.762 451.127 418.997 411.975 410.224 380.240 389.787 370.910 342.827 352.695 351.084 324.183 341.797 326.560 310.778 301.710 314.320 315.663 317.246 334.271 330.850 329.450 -999.250 -999.250 -999.250 -999.250 -999.250 -999.250 -999.250 -999.250 -999.250 -999.250 -999.250 -999.250 -999.250 -999.250 -999.250 -999.250 -999.250 -999.250 -999.250
333.755 368.036 460.106 498.694 520.409 502.232 514.243 510.448 502.806 488.475 488.655 455.222 398.561 413.278 413.826 398.133 377.910 394.502 362.856 402.803 406.354 430.616 371.739 373.170 387.570 402.155 427.058 377.318 353.647 344.314 346.040 351.171 328.216 327.381 332.777 327.518 312.145 305.623 300.356 296.454 297.659 307.874 310.230 346.007 333.221 -999.250 -999.250 -999.250 -999.250 -999.250 -999.250 -999.250 -999.250 -999.250 -999.250 -999.250 -999.250 -999.250 -999.250 -999.250 -999.250 -999.250 -999.250 -999.250 -999.250
322.724 360.655 460.148 476.219 497.732 511.857 502.753 503.273 499.546 482.026 415.777 409.097 377.696 358.598 349.090 366.713 340.398 342.399 321.127 340.539 357.857 366.916 356.080 352.434 362.917 380.790 374.515 337.600 347.476 344.705 336.066 320.531 312.028 300.595 310.101 305.610 302.287 308.355 290.055 300.991 295.201 298.047 310.548 325.293 -999.250 -999.250 -999.250 -999.250 -999.250 -999.250 -999.250 -999.250 -999.250 -999.250 -999.250 -999.250 -999.250 -999.250 -999.250 -999.250 -999.250 -999.250 -999.250 -999.250 -999.250
344.296 378.625 469.367 490.481 511.036 523.416 507.520 501.849 480.708 437.192 411.843 379.453 362.199 336.169 317.850 311.192 311.730 301.534 309.717 310.564 331.382 337.885 337.396 329.951 333.527 347.433 340.835 324.288 319.303 315.097 304.879 315.633 312.639 311.132 302.528 289.864 294.384 289.973 279.057 265.326 281.636 289.863 299.045 303.209 -999.250 -999.250 -999.250 -999.250 -999.250 -999.250 -999.250 -999.250 -999.250 -999.250 -999.250 -999.250 -999.250 -999.250 -999.250 -999.250 -999.250 -999.250 -999.250 -999.250 -999.250
360.141 408.345 472.234 502.323 521.600 505.686 515.548 499.311 465.963 390.616 385.028 343.706 326.569 291.379 277.587 255.914 240.110 249.781 291.766 284.699 285.124 318.086 311.066 332.024 317.417 325.640 320.213 312.553 303.832 307.778 317.163 295.411 300.668 284.102 287.452 257.919 274.761 272.416 275.548 273.143 277.188 268.213 260.522 298.156 -999.250 -999.250 -999.250 -999.250 -999.250 -999.250 -999.250 -999.250 -999.250 -999.250 -999.250 -999.250 -999.250 -999.250 -999.250 -999.250 -999.250 -999.250 -999.250 -999.250 -999.250
345.489 416.119 479.953 520.602 530.875 535.697 530.009 504.499 433.690 373.815 340.399 317.299 286.774 239.930 221.475 216.505 219.037 230.916 242.253 250.650 245.627 262.407 287.918 303.675 312.072 306.358 322.436 291.178 299.219 283.860 281.809 271.124 293.653 261.206 286.714 251.033 283.976 267.891 265.370 256.351 289.190 267.786 263.832 272.175 -999.250 -999.250 -999.250 -999.250 -999.250 -999.250 -999.250 -999.250 -999.250 -999.250 -999.250 -999.250 -999.250 -999.250 -999.250 -999.250 -999.250 -999.250 -999.250 -999.250 -999.250
360.933 398.039 476.338 501.108 520.691 531.218 494.892 494.086 425.091 345.522 319.455 284.498 239.863 202.811 167.623 173.423 182.759 180.880 209.147 225.725 223.915 244.194 262.575 279.742 283.466 272.159 257.060 270.469 257.421 259.682 268.311 267.083 281.470 268.347 251.565 266.741 257.336 245.299 263.599 234.862 255.756 250.722 263.180 -999.250 -999.250 -999.250 -999.250 -999.250 -999.250 -999.250 -999.250 -999.250 -999.250 -999.250 -999.250 -999.250 -999.250 -999.250 -999.250 -999.250 -999.250 -999.250 -999.250 -999.250 -999.250
350.962 398.784 445.502 475.358 507.780 523.792 498.439 470.452 407.721 352.700 323.083 259.855 210.621 167.204 151.750 127.279 151.570 164.816 191.880 201.678 208.999 209.865 238.591 263.440 267.072 265.383 261.810 258.589 252.924 241.298 259.912 247.791 269.161 279.418 283.961 270.817 242.107 243.017 235.033 246.670 245.529 256.976 269.695 -999.250 -999.250 -999.250 -999.250 -999.250 -999.250 -999.250 -999.250 -999.250 -999.250 -999.250 -999.250 -999.250 -999.250 -999.250 -999.250 -999.250 -999.250 -999.250 -999.250 -999.250 -999.250
332.250 356.738 432.404 480.486 466.347 479.829 477.032 472.327 383.726 343.451 310.315 248.160 198.498 124.970 68.011 80.590 133.063 154.202 184.845 207.522 193.164 201.657 216.298 239.449 250.620 249.675 250.186 249.624 249.095 255.109 246.464 261.514 274.140 277.862 270.090 262.256 252.269 232.860 239.094 217.058 251.578 254.883 252.743 -999.250 -999.250 -999.250 -999.250 -999.250 -999.250 -999.250 -999.250 -999.250 -999.250 -999.250 -999.250 -999.250 -999.250 -999.250 -999.250 -999.250 -999.250 -999.250 -999.250 -999.250 -999.250
328.799 360.205 428.271 447.739 441.802 460.544 448.415 432.675 371.146 356.799 292.877 259.362 202.962 117.030 0.000 63.664 118.292 158.069 182.875 214.700 209.476 219.853 231.572 226.572 241.870 241.449 248.800 238.425 229.609 239.856 251.096 252.099 251.632 235.928 263.457 276.781 229.008 227.193 224.199 233.132 243.890 249.076 265.459 -999.250 -999.250 -999.250 -999.250 -999.250 -999.250 -999.250 -999.250 -999.250 -999.250 -999.250 -999.250 -999.250 -999.250 -999.250 -999.250 -999.250 -999.250 -999.250 -999.250 -999.250 -999.250
321.120 336.607 368.071 378.342 421.785 424.288 406.111 390.491 366.442 344.818 306.633 248.805 223.743 158.456 96.129 115.123 152.818 190.183 211.060 228.382 231.708 236.118 240.336 255.706 228.606 241.476 226.989 244.594 247.811 231.329 256.771 236.850 252.565 223.058 246.452 245.505 246.829 242.112 228.884 239.128 247.685 240.268 -999.250 -999.250 -999.250 -999.250 -999.250 -999.250 -999.250 -999.250 -999.250 -999.250 -999.250 -999.250 -999.250 -999.250 -999.250 -999.250 -999.250 -999.250 -999.250 -999.250 -999.250 -999.250 -999.250
308.410 331.935 334.719 369.804 384.069 372.669 372.411 349.351 335.339 311.192 307.080 274.932 233.156 207.563 189.919 179.890 205.810 223.257 238.704 235.691 241.868 -999.250 -999.250 -999.250 -999.250 221.216 224.456 240.624 254.634 222.795 -999.250 -999.250 -999.250 -999.250 -999.250 -999.250 -999.250 -999.250 -999.250 -999.250 -999.250 -999.250 -999.250 -999.250 -999.250 -999.250 -999.250 -999.250 -999.250 -999.250 -999.250 -999.250 -999.250 -999.250 -999.250 -999.250 -999.250 -999.250 -999.250 -999.250 -999.250 -999.250 -999.250 -999.250 -999.250
312.060 324.341 334.376 345.398 355.197 362.803 350.437 359.292 332.333 315.881 305.914 319.724 279.463 263.626 250.174 243.037 249.346 268.404 299.953 287.876 273.995 -999.250 -999.250 -999.250 -999.250 -999.250 -999.250 -999.250 -999.250 -999.250 -999.250 -999.250 -999.250 -999.250 -999.250 -999.250 -999.250 -999.250 -999.250 -999.250 -999.250 -999.250 -999.250 -999.250 -999.250 -999.250 -999.250 -999.250 -999.250 -999.250 -999.250 -999.250 -999.250 -999.250 -999.250 -999.250 -999.250 -999.250 -999.250 -999.250 -999.250 -999.250 -999.250 -999.250 -999.250
307.386 317.332 325.269 343.622 370.607 356.157 352.130 354.423 337.507 334.934 342.171 350.757 335.064 331.049 316.652 309.958 297.744 328.993 337.205 328.712 311.643 -999.250 -999.250 -999.250 -999.250 -999.250 -999.250 -999.250 -999.250 -999.250 -999.250 -999.250 -999.250 -999.250 -999.250 -999.250 -999.250 -999.250 -999.250 -999.250 -999.250 -999.250 -999.250 -999.250 -999.250 -999.250 -999.250 -999.250 -999.250 -999.250 -999.250 -999.250 -999.250 -999.250 -999.250 -999.250 -999.250 -999.250 -999.250 -999.250 -999.250 -999.250 -999.250 -999.250 -999.250
285.766 311.770 307.263 323.387 365.300 361.755 364.797 375.187 357.216 363.655 389.083 376.987 383.105 366.312 363.578 366.589 377.440 365.702 395.017 375.639 340.307 293.857 -999.250 -999.250 -999.250 -999.250 -999.250 -999.250 -999.250 -999.250 -999.250 -999.250 -999.250 -999.250 -999.250 -999.250 -999.250 -999.250 -999.250 -999.250 -999.250 -999.250 -999.250 -999.250 -999.250 -999.250 -999.250 -999.250 -999.250 -999.250 -999.250 -999.250 -999.250 -999.250 -999.250 -999.250 -999.250 -999.250 -999.250 -999.250 -999.250 -999.250 -999.250 -999.250 -999.250
255.368 312.340 329.020 334.712 347.626 374.603 391.941 428.046 387.260 425.622 413.821 416.089 453.252 464.123 460.838 440.632 437.456 438.126 409.491 381.038 364.435 334.967 269.529 -999.250 -999.250 -999.250 -999.250 -999.250 -999.250 -999.250 -999.250 -999.250 -999.250 -999.250 -999.250 -999.250 -999.250 -999.250 -999.250 -999.250 -999.250 -999.250 -999.250 -999.250 -999.250 -999.250 -999.250 -999.250 -999.250 -999.250 -999.250 -999.250 -999.250 -999.250 -999.250 -999.250 -999.250 -999.250 -999.250 -999.250 -999.250 -999.250 -999.250 -999.250 -999.250
304.594 313.097 331.802 326.588 369.693 368.748 424.826 419.081 399.923 440.251 455.822 462.772 496.318 512.250 499.853 523.070 485.190 489.215 470.091 445.287 387.877 346.291 307.827 265.711 -999.250 -999.250 -999.250 -999.250 -999.250 -999.250 -999.250 -999.250 -999.250 -999.250 -999.250 -999.250 -999.250 -999.250 -999.250 -999.250 -999.250 -999.250 -999.250 -999.250 -999.250 -999.250 -999.250 -999.250 -999.250 -999.250 -999.250 -999.250 -999.250 -999.250 -999.250 -999.250 -999.250 -999.250 -999.250 -999.250 -999.250 -999.250 -999.250 -999.250 -999.250
335.710 334.242 336.568 346.983 375.578 381.762 420.893 426.911 461.332 472.642 486.565 496.090 518.632 497.585 546.979 570.034 544.702 522.522 516.929 470.589 404.981 362.405 328.042 267.657 -999.250 -999.250 -999.250 -999.250 -999.250 -999.250 -999.250 -999.250 -999.250 -999.250 -999.250 -999.250 -999.250 -999.250 -999.250 -999.250 -999.250 -999.250 -999.250 -999.250 -999.250 -999.250 -999.250 -999.250 -999.250 -999.250 -999.250 -999.250 -999.250 -999.250 -999.250 -999.250 -999.250 -999.250 -999.250 -999.250 -999.250 -999.250 -999.250 -999.250 -999.250
