data/medianmodel_22-Jan-2021.asc
ncols	141
nrows	288
xllcorner	-120191.398
yllcorner	-301404.813
cellsize	2000.000
NODATA_value	-999.250
[rows 140 to 167 of 288, columns 0 to 62 of 141]
-999.250 -999.250 -999.250 -999.250 -999.250 -999.250 -999.250 -999.250 -999.250 -999.250 -999.250 -999.250 -999.250 -999.250 -999.250 -999.250 -999.250 -999.250 -999.250 1449.759 1503.706 1484.599 1447.444 1516.425 1469.118 1433.711 1459.716 1539.564 1604.722 1663.043 1667.025 1673.450 1692.403 1650.883 1742.284 1757.805 1832.701 1819.785 1819.058 1896.880 1915.512 1841.923 1952.716 2033.430 2014.037 2055.817 2161.855 2171.696 2160.032 2062.177 2095.470 2004.218 1920.951 1755.798 1620.564 1414.366 1277.480 1177.020 1071.261 998.997 954.898 1061.993 1208.635
-999.250 -999.250 -999.250 -999.250 -999.250 -999.250 -999.250 -999.250 -999.250 -999.250 -999.250 -999.250 -999.250 -999.250 -999.250 -999.250 -999.250 -999.250 -999.250 1427.070 1460.522 1441.661 1401.522 1463.071 1430.792 1445.552 1472.207 1532.249 1604.979 1675.437 1713.961 1704.624 1715.013 1732.226 1726.679 1782.576 1815.120 1847.970 1832.184 1841.885 1899.629 1855.369 1866.996 1886.800 2019.223 1976.179 2072.436 2071.995 2168.825 2084.359 1971.484 1781.259 1758.699 1592.328 1441.903 1315.149 1215.218 1109.525 1015.982 979.055 1034.059 1169.981 1329.508
-999.250 -999.250 -999.250 -999.250 -999.250 -999.250 -999.250 -999.250 -999.250 -999.250 -999.250 -999.250 -999.250 -999.250 -999.250 -999.250 -999.250 -999.250 -999.250 1476.613 1439.808 1444.994 1389.742 1388.109 1415.143 1435.054 1513.098 1546.005 1624.585 1674.600 1690.989 1704.324 1748.010 1751.470 1780.369 1817.999 1796.154 1826.687 1877.094 1836.458 1800.934 1804.391 1789.432 1812.124 1879.908 1958.481 1912.331 1953.913 1961.442 1853.130 1816.559 1754.648 1586.427 1444.090 1322.184 1259.567 1161.414 1059.338 952.398 972.076 1076.785 1178.271 1333.558
-999.250 -999.250 -999.250 -999.250 -999.250 -999.250 -999.250 -999.250 -999.250 -999.250 -999.250 -999.250 -999.250 -999.250 -999.250 -999.250 -999.250 -999.250 1446.910 1458.861 1396.064 1380.433 1355.878 1335.076 1429.055 1444.490 1531.895 1593.884 1619.572 1673.453 1728.276 1701.580 1790.725 1806.559 1800.138 1926.562 1896.257 1910.166 1818.212 1834.513 1767.523 1746.550 1725.530 1765.622 1774.626 1752.453 1772.923 1763.431 1776.102 1720.866 1645.032 1577.565 1485.939 1381.979 1277.227 1182.685 1152.386 977.352 926.978 962.066 1064.208 1240.139 1377.097
-999.250 -999.250 -999.250 -999.250 -999.250 -999.250 -999.250 -999.250 -999.250 -999.250 -999.250 -999.250 -999.250 -999.250 -999.250 -999.250 -999.250 1436.107 1458.737 1431.383 1404.690 1375.145 1358.773 1386.073 1448.212 1485.052 1600.318 1626.804 1646.215 1687.500 1643.017 1741.252 1829.140 1900.711 1889.342 1969.523 2012.042 1884.168 1852.151 1852.774 1760.555 1720.246 1676.941 1672.040 1658.217 1671.595 1641.016 1633.879 1564.866 1556.335 1469.515 1419.951 1367.535 1277.824 1237.651 1129.252 999.076 952.364 924.380 882.117 1000.833 1216.860 1357.383
-999.250 -999.250 -999.250 -999.250 -999.250 -999.250 -999.250 -999.250 -999.250 -999.250 -999.250 -999.250 -999.250 -999.250 -999.250 -999.250 -999.250 1338.904 1412.100 1439.374 1385.880 1375.899 1354.265 1393.926 1460.657 1493.317 1544.933 1622.037 1656.018 1705.481 1724.052 1800.091 1781.279 1887.332 1957.987 2038.624 1981.778 1953.558 1894.678 1813.594 1718.116 1666.043 1637.827 1577.319 1555.355 1533.940 1462.801 1471.443 1389.543 1368.212 1376.846 1319.506 1253.398 1240.395 1130.196 1045.448 936.877 877.050 905.792 911.258 1006.779 1168.339 1295.290
-999.250 -999.250 -999.250 -999.250 -999.250 -999.250 -999.250 -999.250 -999.250 -999.250 -999.250 -999.250 -999.250 -999.250 -999.250 1326.587 1368.196 1325.897 1344.306 1318.579 1378.833 1344.496 1416.702 1422.318 1491.262 1454.301 1555.127 1610.444 1696.519 1752.419 1777.829 1845.228 1836.601 1928.003 1979.679 2040.757 2013.220 1978.798 1935.410 1821.599 1727.062 1594.481 1554.008 1489.330 1461.792 1416.595 1344.891 1263.865 1235.574 1226.986 1261.913 1216.826 1223.169 1182.086 1086.084 984.903 945.025 834.045 867.362 926.879 1005.931 1171.080 1265.165
-999.250 -999.250 -999.250 -999.250 -999.250 -999.250 -999.250 -999.250 -999.250 -999.250 -999.250 -999.250 -999.250 -999.250 1236.264 1294.336 1295.173 1301.269 1294.386 1339.444 1366.650 1405.586 1419.864 1511.213 1529.304 1517.719 1633.136 1643.633 1724.706 1784.492 1787.899 1858.735 1930.405 1931.914 1991.642 2064.040 2133.041 2052.381 1913.355 1787.042 1717.921 1614.075 1467.337 1520.979 1405.160 1369.116 1184.693 1040.418 1017.501 1091.744 1151.021 1172.801 1184.102 1141.439 1032.135 1009.973 947.866 915.911 920.964 988.696 1059.702 1189.464 1244.854
-999.250 -999.250 -999.250 -999.250 -999.250 -999.250 -999.250 -999.250 -999.250 -999.250 -999.250 -999.250 -999.250 -999.250 1197.532 1249.361 1262.524 1242.239 1281.765 1351.236 1319.152 1357.264 1467.056 1480.207 1491.004 1602.821 1653.920 1710.243 1768.678 1803.332 1782.947 1817.120 1903.506 1929.580 2036.124 2132.948 2145.212 2154.735 1958.340 1855.077 1670.214 1557.329 1486.845 1424.868 1349.743 1317.376 1061.281 817.585 907.079 973.596 1028.381 1059.716 1071.419 1096.593 1046.120 997.117 1000.850 973.993 1006.685 1002.164 1130.679 1215.622 1284.064
-999.250 -999.250 -999.250 -999.250 -999.250 -999.250 -999.250 -999.250 -999.250 -999.250 -999.250 -999.250 -999.250 1223.415 1226.254 1261.159 1199.637 1215.147 1260.457 1307.580 1298.385 1366.639 1475.425 1531.467 1613.421 1654.792 1716.685 1756.934 1742.219 1850.037 1836.861 1901.853 1912.699 2032.058 2048.997 2108.995 2070.615 2015.196 1912.358 1810.241 1718.496 1542.340 1402.499 1317.883 1251.989 1121.084 977.508 875.725 861.988 942.150 962.930 1026.109 1043.741 1047.723 1034.079 977.952 965.272 963.395 967.249 1071.092 1129.501 1270.915 1281.941
-999.250 -999.250 -999.250 -999.250 -999.250 -999.250 -999.250 -999.250 -999.250 -999.250 -999.250 -999.250 1170.119 1142.965 1161.677 1194.675 1166.789 1208.970 1244.769 1244.941 1284.214 1361.581 1526.510 1514.004 1572.876 1708.163 1791.564 1764.809 1813.873 1830.196 1868.954 1944.095 1956.300 2069.952 2009.682 1995.534 1955.199 1965.499 1824.126 1740.988 1658.309 1457.074 1317.477 1243.176 1167.758 991.924 967.886 894.886 908.259 918.013 958.016 1015.182 1040.244 1038.393 1044.438 999.360 1008.964 1013.634 1073.707 1084.575 1182.123 1232.340 1309.712
-999.250 -999.250 -999.250 -999.250 -999.250 -999.250 -999.250 -999.250 -999.250 -999.250 -999.250 1153.317 1147.320 1124.638 1165.744 1202.133 1214.500 1204.860 1151.796 1192.142 1224.959 1370.342 1510.443 1605.010 1678.403 1808.217 1800.310 1808.140 1888.421 1902.327 1895.018 1908.246 1978.025 1969.309 1978.773 1944.811 1880.405 1786.544 1696.888 1594.863 1463.783 1360.258 1250.527 1193.017 1056.776 936.505 911.774 935.071 934.909 948.096 933.926 976.534 994.056 1023.607 992.714 1014.010 1072.766 1161.605 1158.675 1144.584 1241.417 1292.846 1356.061
-999.250 -999.250 -999.250 -999.250 -999.250 -999.250 -999.250 -999.250 -999.250 -999.250 1187.505 1184.212 1121.708 1053.689 1165.895 1154.860 1180.962 1144.446 1101.779 1090.655 1207.694 1341.402 1513.660 1677.037 1748.806 1824.918 1864.410 1871.781 1906.941 1834.810 1820.835 1901.765 1859.795 1878.009 1865.108 1825.856 1781.447 1668.582 1615.700 1495.142 1364.655 1277.378 1211.753 1086.788 965.544 945.387 931.943 951.917 924.601 942.980 934.104 960.856 1018.443 1012.986 1012.067 985.737 1084.884 1161.871 1192.442 1241.004 1293.746 1341.956 1366.906
-999.250 -999.250 -999.250 -999.250 -999.250 -999.250 -999.250 -999.250 -999.250 1199.062 1207.699 1145.822 1159.533 1131.964 1152.837 1172.996 1167.669 1090.725 1016.582 993.990 1213.197 1344.843 1517.303 1701.396 1839.388 1851.291 1930.335 1872.938 1889.988 1893.462 1858.655 1890.577 1813.363 1835.895 1761.667 1749.677 1730.836 1708.052 1590.331 1436.016 1247.442 1209.307 1114.725 1027.444 998.288 984.369 1001.713 968.643 966.991 939.204 924.328 976.917 1001.021 1044.020 1062.905 1053.362 1117.433 1207.700 1235.969 1288.624 1360.207 1398.446 1461.657
-999.250 -999.250 -999.250 -999.250 -999.250 1233.148 1188.634 1160.134 1172.041 1184.639 1192.575 1137.531 1122.717 1102.837 1084.396 1146.019 1115.341 1062.507 1061.571 1117.783 1238.262 1390.996 1542.935 1754.755 1844.149 2002.723 1970.477 1952.315 1932.242 1853.632 1784.180 1806.068 1891.557 1823.004 1701.405 1692.551 1655.149 1576.195 1424.369 1352.955 1179.087 1131.235 1059.428 981.965 989.584 981.515 1032.946 1010.713 998.655 1027.575 1008.115 993.797 1072.754 1055.776 1142.518 1149.868 1177.898 1195.918 1262.369 1317.466 1365.106 1405.004 1452.590
-999.250 -999.250 -999.250 -999.250 -999.250 -999.250 -999.250 1145.117 1183.005 1121.554 1192.740 1170.566 1075.993 1087.432 1119.808 1118.345 1067.849 1053.392 1109.360 1146.966 1198.176 1332.120 1530.989 1707.425 1892.990 2213.063 2075.961 2080.317 1998.755 1902.434 1807.282 1773.383 1803.995 1740.094 1633.176 1585.374 1506.631 1467.217 1380.080 1249.493 1132.499 1087.196 1011.680 1020.608 1008.447 1085.627 1044.095 1016.287 998.303 1036.825 1018.891 1046.240 1020.958 1049.136 1076.428 1164.898 1220.165 1216.004 1285.371 1306.474 1424.078 1491.457 1509.052
-999.250 -999.250 -999.250 -999.250 -999.250 -999.250 -999.250 1190.604 1149.263 1128.333 1142.357 1118.432 1100.567 1144.785 1099.162 1076.433 1052.258 1013.829 1037.488 1093.690 1184.001 1309.293 1405.444 1643.389 1869.744 1970.360 2049.894 2058.178 1904.258 1900.723 1801.919 1793.551 1705.169 1638.068 1564.915 1439.020 1434.094 1316.455 1297.281 1175.261 1067.215 997.670 963.353 958.496 974.236 1016.401 1037.079 998.722 1043.647 1035.829 1011.458 1008.201 1016.442 1057.252 1172.161 1186.285 1214.668 1272.688 1348.325 1392.694 1470.015 1562.474 1609.174
-999.250 -999.250 -999.250 -999.250 -999.250 -999.250 -999.250 1202.629 1153.242 1143.388 1083.686 1077.292 1079.806 1084.705 1053.873 1091.626 1002.044 990.221 1101.066 1019.185 1115.029 1227.514 1383.231 1529.177 1732.558 1861.615 1898.948 1891.870 1873.414 1803.030 1780.394 1747.639 1660.301 1588.472 1449.047 1411.033 1367.749 1295.648 1235.355 1087.609 1019.129 961.343 913.563 940.270 934.264 951.056 981.263 1009.320 1006.798 1064.770 1016.022 1034.051 1030.660 1077.015 1166.808 1199.351 1230.088 1294.676 1357.026 1402.872 1579.939 1555.975 1690.845
-999.250 -999.250 -999.250 -999.250 -999.250 -999.250 -999.250 1149.827 1116.022 1104.778 1075.431 1083.338 1098.836 1076.595 1080.767 1076.635 1014.072 981.692 1010.175 972.803 1030.468 1125.710 1235.085 1390.001 1555.755 1634.345 1716.424 1750.467 1755.132 1731.248 1682.497 1635.325 1658.535 1489.716 1439.223 1424.718 1374.941 1251.456 1196.663 1039.469 1002.226 926.223 863.860 913.612 949.454 952.926 969.786 1004.582 1004.936 1054.538 1015.644 1030.598 1090.762 1122.196 1185.478 1171.035 1248.971 1315.304 1383.097 1472.011 1557.475 1643.191 1737.181
-999.250 -999.250 -999.250 -999.250 -999.250 -999.250 -999.250 -999.250 1087.398 1077.709 1064.476 1004.859 1066.880 1074.777 1065.361 999.860 962.318 947.270 951.497 906.837 941.209 1017.619 1185.598 1268.882 1383.770 1512.743 1579.645 1620.920 1649.319 1615.417 1637.195 1468.585 1496.112 1496.707 1475.064 1385.471 1362.248 1296.858 1225.386 1073.151 941.929 834.087 844.363 854.339 937.553 981.384 969.331 990.477 1053.255 1096.766 1083.121 1067.026 1090.670 1065.705 1209.799 1202.748 1266.099 1345.419 1443.097 1485.889 1567.967 1722.056 1766.120
-999.250 -999.250 -999.250 -999.250 -999.250 -999.250 -999.250 -999.250 1142.371 1055.889 1071.337 1072.023 1074.906 1045.767 1055.679 1035.197 947.765 890.557 841.699 821.430 839.305 941.099 1081.933 1181.421 1280.661 1370.132 1404.327 1452.787 1476.457 1522.991 1449.539 1422.698 1416.612 1439.765 1426.011 1404.860 1389.111 1361.139 1270.711 1160.706 968.281 750.815 840.031 894.869 918.868 956.382 955.081 1016.713 1046.059 1097.001 1084.312 1169.004 1064.146 1117.901 1159.970 1243.378 1282.127 1370.888 1418.172 1435.961 1586.164 1733.870 1804.269
-999.250 -999.250 -999.250 -999.250 -999.250 -999.250 -999.250 1205.044 1214.466 1173.341 1135.811 1160.228 1132.094 1065.674 1096.883 1043.150 981.933 866.630 837.177 786.604 764.818 831.271 961.763 1069.693 1172.950 1262.599 1329.983 1350.207 1364.928 1357.403 1360.828 1392.854 1405.646 1440.806 1446.258 1462.817 1436.757 1447.854 1371.165 1275.583 1111.601 960.036 915.100 978.986 970.421 982.138 1042.932 1047.786 1085.814 1104.506 1093.604 1080.535 1111.072 1063.570 1181.793 1236.904 1293.605 1378.734 1414.439 1459.755 1546.854 1608.458 1772.145
-999.250 -999.250 -999.250 -999.250 -999.250 -999.250 -999.250 1295.060 1281.410 1241.791 1234.980 1240.124 1177.349 1176.972 1090.371 1083.251 970.107 906.886 806.588 710.602 636.290 774.079 893.210 983.390 1078.366 1145.037 1250.370 1243.880 1303.022 1305.175 1256.230 1284.889 1367.603 1428.730 1485.621 1514.144 1567.400 1624.497 1566.359 1434.650 1304.779 1178.793 1046.244 1074.546 1045.161 1057.618 1055.758 1043.794 1072.040 1117.824 1142.686 1108.932 1099.820 1174.022 1150.319 1206.233 1228.775 1350.428 1380.537 1372.660 1463.795 1546.896 1666.117
-999.250 -999.250 -999.250 -999.250 -999.250 -999.250 -999.250 1365.818 1367.845 1358.816 1364.325 1302.375 1254.810 1208.773 1213.283 1091.494 980.036 928.432 838.037 755.303 770.686 813.104 837.052 953.964 1032.434 1074.434 1149.247 1176.589 1178.675 1232.483 1177.464 1209.989 1279.817 1400.375 1458.119 1520.913 1614.310 1704.519 1805.198 1592.501 1414.509 1321.325 1227.700 1189.373 1174.589 1085.360 1117.868 1104.787 1092.081 1113.361 1140.086 1038.952 1131.947 1166.876 1157.821 1220.059 1239.838 1277.508 1354.846 1408.555 1482.697 1505.885 1565.249
-999.250 -999.250 -999.250 -999.250 -999.250 -999.250 -999.250 1412.421 1417.666 1428.398 1428.235 1421.771 1382.522 1279.423 1256.412 1169.240 1090.762 1003.313 912.697 860.350 841.525 864.242 929.487 984.408 1008.820 1052.545 1075.370 1076.779 1124.056 1138.945 1068.679 1077.079 1178.249 1282.063 1379.066 1550.209 1633.962 1689.576 1724.961 1681.628 1483.659 1352.893 1339.697 1320.004 1214.961 1184.256 1158.266 1129.925 1076.883 1114.038 1071.321 1065.204 1137.236 1071.932 1130.624 1189.046 1222.179 1262.822 1268.178 1371.177 1426.246 1432.787 1493.923
-999.250 -999.250 -999.250 -999.250 -999.250 -999.250 1550.498 1566.218 1502.019 1526.678 1484.010 1475.285 1428.739 1395.190 1328.391 1250.538 1155.565 1100.529 993.043 925.940 968.239 964.647 964.249 972.300 1020.457 1057.412 1069.333 1123.283 1134.651 1074.356 1020.525 985.614 1118.865 1285.923 1373.696 1508.723 1676.488 1702.522 1673.839 1639.760 1592.001 1446.739 1405.462 1369.888 1290.955 1248.715 1189.487 1145.687 1148.374 1178.231 1165.727 1152.609 1069.196 1091.935 1135.906 1133.592 1195.533 1186.059 1229.367 1287.588 1303.003 1342.102 1458.567
-999.250 -999.250 -999.250 -999.250 -999.250 -999.250 1584.679 1612.227 1660.834 1599.387 1619.218 1590.207 1470.133 1405.920 1371.179 1359.546 1246.952 1134.213 1036.214 1009.432 1018.017 1023.718 977.753 1020.349 1036.040 1067.904 1109.585 1117.204 1127.284 1143.385 1046.036 1099.328 1177.503 1314.049 1384.062 1483.208 1649.530 1691.056 1691.506 1632.538 1581.495 1557.850 1417.237 1382.424 1316.747 1298.543 1217.929 1170.967 1149.492 1170.251 1198.334 1158.740 1093.902 1070.565 1062.026 1125.219 1210.617 1172.203 1177.894 1251.203 1304.003 1312.878 1354.521
-999.250 -999.250 -999.250 -999.250 -999.250 1691.916 1683.297 1717.863 1679.957 1703.706 1710.219 1692.009 1642.182 1474.544 1435.678 1368.294 1325.189 1265.518 1131.635 1064.410 1051.673 1052.091 1078.380 1099.285 1076.704 1171.054 1196.280 1206.198 1198.709 1181.995 1176.752 1183.513 1235.245 1359.178 1434.531 1591.146 1643.921 1699.263 1640.169 1635.022 1570.277 1576.869 1456.797 1420.347 1344.176 1342.494 1270.599 1230.473 1237.842 1163.708 1167.654 1127.339 1114.342 1045.880 1053.751 1103.666 1125.503 1066.626 1141.111 1181.412 1271.710 1277.143 1333.122
