data/medianmodel_15-Jun-2020.asc
ncols	141
nrows	288
xllcorner	-120191.398
yllcorner	-301404.813
cellsize	2000.000
NODATA_value	-999.250
[rows 124 to 154 of 288, columns 0 to 68 of 141]
-999.250 -999.250 -999.250 -999.250 -999.250 -999.250 -999.250 -999.250 -999.250 -999.250 -999.250 -999.250 -999.250 -999.250 -999.250 -999.250 -999.250 -999.250 -999.250 -999.250 -999.250 -999.250 -999.250 -999.250 7.756 4.846 6.041 5.249 5.835 4.025 5.007 5.864 7.333 10.024 8.964 6.349 5.871 12.687 11.120 9.452 6.809 3.851 2.811 4.860 3.014 2.099 2.380 1.300 0.000 0.000 0.000 0.000 0.000 0.000 0.000 0.000 0.000 0.000 0.000 0.000 0.857 0.263 8.603 10.259 11.295 8.873 12.012 14.895 18.288
-999.250 -999.250 -999.250 -999.250 -999.250 -999.250 -999.250 -999.250 -999.250 -999.250 -999.250 -999.250 -999.250 -999.250 -999.250 -999.250 -999.250 -999.250 -999.250 -999.250 -999.250 -999.250 -999.250 -999.250 6.928 6.326 6.120 5.927 3.420 7.500 7.326 6.670 5.710 10.566 13.894 8.576 7.296 10.094 8.590 9.892 7.529 6.276 3.359 6.355 4.369 4.006 0.273 0.000 0.000 0.000 0.000 0.000 0.000 0.000 0.000 0.000 0.000 0.000 0.000 0.000 0.000 2.276 5.183 9.433 7.237 8.995 8.551 12.250 15.896
-999.250 -999.250 -999.250 -999.250 -999.250 -999.250 -999.250 -999.250 -999.250 -999.250 -999.250 -999.250 -999.250 -999.250 -999.250 -999.250 -999.250 -999.250 -999.250 -999.250 -999.250 -999.250 -999.250 5.167 3.825 5.108 6.318 3.506 5.039 9.479 7.342 8.910 5.075 7.471 8.958 7.676 6.909 8.181 7.800 7.416 6.804 4.762 5.384 5.906 5.242 1.022 0.000 0.000 0.000 0.000 0.000 0.000 0.000 0.000 0.000 0.000 0.000 0.000 0.000 0.000 0.000 0.740 4.891 4.686 6.710 8.373 6.579 9.544 12.313
-999.250 -999.250 -999.250 -999.250 -999.250 -999.250 -999.250 -999.250 -999.250 -999.250 -999.250 -999.250 -999.250 -999.250 -999.250 -999.250 -999.250 -999.250 -999.250 -999.250 -999.250 -999.250 -999.250 4.251 2.770 0.626 4.882 7.306 7.793 8.906 8.312 8.273 6.553 6.892 7.735 5.514 6.152 5.607 7.143 7.598 5.105 4.003 2.055 4.337 1.851 0.461 0.000 0.000 0.000 0.000 0.000 0.000 0.000 0.000 0.000 0.000 0.000 0.000 0.000 0.000 0.000 0.000 0.000 1.264 5.647 9.097 7.473 5.706 7.888
-999.250 -999.250 -999.250 -999.250 -999.250 -999.250 -999.250 -999.250 -999.250 -999.250 -999.250 -999.250 -999.250 -999.250 -999.250 -999.250 -999.250 -999.250 -999.250 -999.250 -999.250 -999.250 -999.250 6.744 3.507 2.973 4.234 7.487 6.644 6.660 6.848 3.796 6.970 6.521 6.280 9.083 6.835 3.539 4.032 7.104 6.767 4.898 4.325 1.142 0.000 0.000 0.000 0.000 0.000 0.000 0.000 0.000 0.000 0.000 0.000 0.000 0.000 0.000 0.000 0.000 0.000 0.000 0.000 0.029 5.131 10.279 8.704 10.158 9.982
-999.250 -999.250 -999.250 -999.250 -999.250 -999.250 -999.250 -999.250 -999.250 -999.250 -999.250 -999.250 -999.250 -999.250 -999.250 -999.250 -999.250 -999.250 -999.250 -999.250 -999.250 -999.250 7.540 6.897 5.265 5.387 4.853 4.322 3.671 3.442 3.956 4.146 3.943 5.433 5.200 6.324 3.444 3.521 2.469 6.740 6.061 5.454 2.118 0.982 0.000 0.000 0.000 0.000 0.000 0.000 0.000 0.000 0.000 0.000 0.000 0.000 0.000 0.000 0.000 0.000 0.000 0.000 0.000 0.000 6.108 5.790 7.113 8.284 10.418
-999.250 -999.250 -999.250 -999.250 -999.250 -999.250 -999.250 -999.250 -999.250 -999.250 -999.250 -999.250 -999.250 -999.250 -999.250 -999.250 -999.250 -999.250 -999.250 -999.250 -999.250 -999.250 8.038 6.843 4.307 1.162 4.586 3.605 1.563 5.501 5.222 5.465 4.807 8.308 5.013 5.826 6.382 2.977 4.748 6.534 6.777 3.988 2.661 1.273 0.000 0.000 0.000 0.000 0.000 0.000 0.000 0.000 0.000 0.000 0.000 0.000 0.000 0.000 0.000 0.000 0.000 0.000 0.000 1.440 4.302 9.046 7.403 8.623 9.112
-999.250 -999.250 -999.250 -999.250 -999.250 -999.250 -999.250 -999.250 -999.250 -999.250 -999.250 -999.250 -999.250 -999.250 -999.250 -999.250 -999.250 -999.250 -999.250 -999.250 -999.250 9.251 8.660 2.192 5.194 1.306 3.473 2.368 3.654 5.034 7.185 5.757 6.516 4.855 6.105 6.593 3.816 2.742 2.823 4.952 3.641 0.180 0.000 0.000 0.000 0.000 0.000 0.000 0.000 0.000 0.000 0.000 0.000 0.000 0.000 0.000 0.000 0.000 0.000 0.000 0.000 1.812 1.726 4.311 5.132 8.670 5.600 6.474 9.960
-999.250 -999.250 -999.250 -999.250 -999.250 -999.250 -999.250 -999.250 -999.250 -999.250 -999.250 -999.250 -999.250 -999.250 -999.250 -999.250 -999.250 -999.250 -999.250 -999.250 -999.250 15.648 7.980 4.035 2.691 2.770 6.245 7.250 6.278 5.357 4.121 4.503 5.243 7.353 4.313 4.698 3.951 6.401 4.361 2.884 0.386 2.288 0.388 0.000 0.000 0.000 0.000 0.000 0.000 0.000 0.000 0.000 0.000 0.000 0.000 0.000 0.000 0.000 0.000 0.000 1.221 5.360 7.553 4.939 4.743 6.662 7.904 7.894 9.911
-999.250 -999.250 -999.250 -999.250 -999.250 -999.250 -999.250 -999.250 -999.250 -999.250 -999.250 -999.250 -999.250 -999.250 -999.250 -999.250 -999.250 -999.250 -999.250 -999.250 -999.250 13.312 10.778 9.175 7.945 8.930 8.518 7.896 6.826 4.609 5.563 5.077 8.498 4.956 5.435 3.111 3.926 3.607 2.467 0.850 0.000 0.213 0.425 0.000 0.000 0.000 0.000 0.000 0.000 0.000 0.000 0.000 0.000 0.000 0.000 0.000 0.000 0.000 0.000 0.000 6.200 7.744 5.242 6.159 7.532 7.616 9.341 6.980 7.210
-999.250 -999.250 -999.250 -999.250 -999.250 -999.250 -999.250 -999.250 -999.250 -999.250 -999.250 -999.250 -999.250 -999.250 -999.250 -999.250 -999.250 -999.250 -999.250 -999.250 16.171 17.426 19.584 15.224 13.929 11.156 9.377 6.655 7.455 6.820 6.991 3.881 3.900 7.249 4.930 3.803 6.038 3.598 4.456 0.000 0.000 0.000 0.000 0.000 0.000 0.000 0.000 0.000 0.000 0.000 0.000 0.000 0.000 0.000 0.000 0.000 0.000 0.000 0.000 0.000 2.450 3.885 4.901 3.952 9.709 9.235 8.248 6.466 7.906
-999.250 -999.250 -999.250 -999.250 -999.250 -999.250 -999.250 -999.250 -999.250 -999.250 -999.250 -999.250 -999.250 -999.250 -999.250 -999.250 -999.250 -999.250 -999.250 -999.250 23.438 22.738 19.186 13.655 11.871 11.230 6.527 6.849 6.647 8.113 6.813 7.420 6.744 3.981 3.887 5.036 6.559 5.038 1.343 0.000 0.000 0.000 0.000 0.000 0.000 0.000 0.000 0.000 0.000 0.000 0.000 0.000 0.000 0.000 0.000 0.000 0.000 0.000 0.000 0.000 0.411 2.219 4.002 7.146 7.234 8.448 9.093 7.269 9.417
-999.250 -999.250 -999.250 -999.250 -999.250 -999.250 -999.250 -999.250 -999.250 -999.250 -999.250 -999.250 -999.250 -999.250 -999.250 -999.250 -999.250 -999.250 -999.250 -999.250 23.353 18.951 14.221 11.868 11.501 10.932 11.063 7.974 7.145 5.884 8.165 6.834 4.242 3.874 3.926 3.451 4.671 3.260 1.965 0.000 0.000 0.000 0.000 0.000 0.000 0.000 0.000 0.000 0.000 0.000 0.000 0.000 0.000 0.000 0.000 0.000 0.000 0.000 0.000 0.000 0.000 2.642 5.624 7.162 8.743 8.511 10.498 9.576 13.540
-999.250 -999.250 -999.250 -999.250 -999.250 -999.250 -999.250 -999.250 -999.250 -999.250 -999.250 -999.250 -999.250 -999.250 -999.250 -999.250 -999.250 -999.250 -999.250 -999.250 15.044 19.067 16.684 9.089 10.354 12.824 12.806 10.451 7.291 6.429 12.529 7.539 6.197 4.526 2.944 4.433 4.287 3.054 0.000 0.000 0.000 0.000 0.000 0.000 0.000 0.000 0.000 0.000 0.000 0.000 0.000 0.000 0.000 0.000 0.000 0.000 0.000 0.000 0.000 0.000 0.000 3.566 4.552 7.542 10.858 12.047 12.780 14.294 11.647
-999.250 -999.250 -999.250 -999.250 -999.250 -999.250 -999.250 -999.250 -999.250 -999.250 -999.250 -999.250 -999.250 -999.250 -999.250 -999.250 -999.250 -999.250 -999.250 18.297 14.284 13.943 13.604 13.530 14.245 12.345 14.663 15.919 8.992 8.488 7.271 4.508 4.370 5.943 7.611 7.320 7.050 2.667 2.570 0.000 0.000 0.000 0.000 0.000 0.000 0.000 0.000 0.000 0.000 0.000 0.000 0.000 0.000 0.000 0.000 0.000 0.000 0.000 0.000 0.000 0.000 3.589 7.814 8.345 12.856 14.411 14.282 16.489 14.738
-999.250 -999.250 -999.250 -999.250 -999.250 -999.250 -999.250 -999.250 -999.250 -999.250 -999.250 -999.250 -999.250 -999.250 -999.250 -999.250 -999.250 -999.250 -999.250 11.531 6.181 9.104 8.903 19.039 17.572 21.221 15.752 16.811 11.237 6.819 4.645 4.005 2.294 7.467 7.066 5.976 3.440 4.383 3.376 0.000 0.000 0.000 0.000 0.000 0.000 0.000 0.000 0.000 0.000 0.000 0.000 0.000 0.000 0.000 0.000 0.000 0.000 0.000 0.000 0.000 0.726 4.263 6.536 9.334 12.902 15.486 16.953 12.673 15.210
-999.250 -999.250 -999.250 -999.250 -999.250 -999.250 -999.250 -999.250 -999.250 -999.250 -999.250 -999.250 -999.250 -999.250 -999.250 -999.250 -999.250 -999.250 -999.250 8.706 0.000 3.582 11.396 21.678 29.759 32.445 19.159 9.870 8.304 6.919 8.593 4.351 6.870 6.679 5.274 5.812 2.583 2.427 4.309 0.021 0.000 0.000 0.000 0.000 0.000 0.000 0.000 0.000 0.000 0.000 0.000 0.000 0.000 0.000 0.000 0.000 0.000 0.000 0.000 0.000 1.256 5.965 6.812 9.795 15.337 18.167 14.548 12.463 12.384
-999.250 -999.250 -999.250 -999.250 -999.250 -999.250 -999.250 -999.250 -999.250 -999.250 -999.250 -999.250 -999.250 -999.250 -999.250 -999.250 -999.250 -999.250 -999.250 7.422 5.194 7.533 16.357 26.850 26.587 33.448 18.749 9.518 13.512 11.057 6.562 6.499 7.244 6.199 4.878 6.061 2.958 2.220 3.533 2.594 0.252 0.000 0.000 0.000 0.000 0.000 0.000 0.000 0.000 0.000 0.000 0.000 0.000 0.000 0.000 0.000 0.000 0.000 0.000 0.788 3.708 6.131 10.318 14.696 19.971 19.274 15.353 14.767 11.855
-999.250 -999.250 -999.250 -999.250 -999.250 -999.250 -999.250 -999.250 -999.250 -999.250 -999.250 -999.250 -999.250 -999.250 -999.250 -999.250 -999.250 -999.250 -999.250 17.276 19.435 15.274 36.610 37.243 39.227 32.072 36.409 20.786 18.823 15.320 11.316 9.256 10.341 8.322 5.810 2.675 6.300 3.029 4.533 3.222 0.000 0.000 0.000 0.000 0.000 0.000 0.000 0.000 0.000 0.000 0.000 0.000 0.000 0.000 0.000 0.000 0.000 0.000 0.000 0.000 3.079 7.320 12.569 22.629 47.870 24.456 12.620 9.354 13.248
-999.250 -999.250 -999.250 -999.250 -999.250 -999.250 -999.250 -999.250 -999.250 -999.250 -999.250 -999.250 -999.250 -999.250 -999.250 -999.250 -999.250 -999.250 22.837 30.780 28.650 37.771 52.384 76.557 51.494 30.216 27.367 25.060 27.420 23.470 13.322 17.354 13.331 10.814 7.898 5.635 4.584 2.523 4.534 3.503 0.000 0.000 0.000 0.000 0.000 0.000 0.000 0.000 0.000 0.000 0.000 0.000 0.000 0.000 0.000 0.000 0.000 0.000 0.000 0.000 0.732 3.633 9.272 18.069 19.468 15.748 13.009 8.756 6.344
-999.250 -999.250 -999.250 -999.250 -999.250 -999.250 -999.250 -999.250 -999.250 -999.250 -999.250 -999.250 -999.250 -999.250 -999.250 -999.250 -999.250 26.379 25.932 26.984 29.780 37.917 48.122 49.388 48.012 49.950 34.414 27.608 32.895 17.591 17.953 12.310 9.536 9.521 8.479 7.715 8.185 6.333 7.444 3.099 3.480 0.310 1.686 0.000 0.000 0.000 0.000 0.000 0.000 0.000 0.000 0.000 0.000 0.000 0.000 0.000 0.000 0.000 0.000 0.000 0.000 2.981 6.851 6.683 7.765 11.829 9.795 5.611 7.660
-999.250 -999.250 -999.250 -999.250 -999.250 -999.250 -999.250 -999.250 -999.250 -999.250 -999.250 -999.250 -999.250 -999.250 -999.250 -999.250 -999.250 23.196 28.435 27.527 28.076 22.188 42.183 32.422 35.853 31.562 26.316 32.382 26.949 22.886 12.103 14.336 14.161 8.651 8.504 10.157 8.524 8.758 5.785 5.442 3.735 3.886 0.756 2.450 0.033 0.000 0.000 0.000 0.000 0.000 0.000 0.000 0.000 0.000 0.000 0.000 0.000 0.000 0.000 0.000 0.993 3.176 6.229 2.532 4.655 6.512 5.279 5.818 3.788
-999.250 -999.250 -999.250 -999.250 -999.250 -999.250 -999.250 -999.250 -999.250 -999.250 -999.250 -999.250 -999.250 -999.250 -999.250 50.362 33.910 28.876 31.870 23.534 33.647 30.332 36.587 34.904 30.898 32.314 23.263 19.743 20.282 18.204 15.182 13.646 11.623 11.248 8.805 10.349 8.409 9.771 9.358 6.469 5.625 8.588 2.774 3.559 4.190 4.623 0.000 0.000 0.000 0.000 0.000 0.000 0.000 0.000 0.000 0.000 0.000 2.847 0.000 0.000 1.652 2.847 5.493 2.281 3.742 3.694 4.904 2.881 0.885
-999.250 -999.250 -999.250 -999.250 -999.250 -999.250 -999.250 -999.250 -999.250 -999.250 -999.250 -999.250 -999.250 -999.250 66.475 54.883 37.823 22.958 31.211 34.353 36.088 35.123 49.150 38.128 34.090 45.946 20.109 22.199 16.584 18.369 27.468 19.198 16.685 16.080 14.808 11.133 11.625 9.751 9.414 8.624 7.173 6.059 2.893 3.674 7.137 6.038 2.891 0.000 0.000 0.000 0.000 0.000 0.000 0.000 0.000 0.000 0.000 0.000 0.000 0.000 0.931 3.514 5.665 4.340 6.098 4.829 2.032 1.504 0.000
-999.250 -999.250 -999.250 -999.250 -999.250 -999.250 -999.250 -999.250 -999.250 -999.250 -999.250 -999.250 -999.250 -999.250 67.066 64.292 50.950 46.133 27.475 40.971 34.625 53.453 43.221 39.211 46.308 42.493 23.991 20.466 19.716 24.524 21.224 26.454 18.261 16.971 12.930 15.481 16.077 23.421 11.580 11.402 7.937 5.669 5.698 6.889 10.005 18.555 3.918 0.000 0.000 0.000 0.000 0.000 0.000 0.000 0.000 0.000 0.000 0.000 0.000 0.000 3.320 4.756 6.902 5.583 6.193 2.502 0.471 0.000 0.000
-999.250 -999.250 -999.250 -999.250 -999.250 -999.250 -999.250 -999.250 -999.250 -999.250 -999.250 -999.250 -999.250 54.948 59.408 64.484 57.182 49.122 51.737 49.710 43.844 54.566 55.421 35.622 36.146 29.367 27.904 33.265 24.985 28.755 32.044 31.759 23.120 22.517 11.277 12.585 13.339 9.657 10.863 9.390 7.852 6.761 4.806 5.265 12.382 12.055 5.893 0.000 0.000 0.000 0.000 0.000 0.000 0.000 0.000 0.000 0.000 0.000 0.000 0.149 2.176 3.542 3.286 2.895 3.783 1.325 1.248 0.000 0.000
-999.250 -999.250 -999.250 -999.250 -999.250 -999.250 -999.250 -999.250 -999.250 -999.250 -999.250 -999.250 44.714 48.608 53.001 63.376 45.455 48.977 49.130 53.383 57.432 44.475 36.824 44.649 24.748 29.403 29.175 24.235 29.034 25.601 22.585 34.518 25.708 18.343 12.947 12.395 18.627 10.282 11.593 8.763 8.700 6.679 5.825 6.813 8.311 9.449 7.135 0.000 0.000 0.000 0.000 0.000 0.000 0.000 0.000 0.000 0.000 0.000 0.739 1.049 1.069 3.022 3.249 2.165 1.927 0.000 0.000 0.000 0.000
-999.250 -999.250 -999.250 -999.250 -999.250 -999.250 -999.250 -999.250 -999.250 -999.250 -999.250 46.641 47.126 57.818 50.819 56.405 61.125 56.657 62.235 58.206 48.684 45.370 43.185 33.179 38.941 39.115 39.057 32.813 36.115 22.456 36.639 31.548 16.808 13.721 14.243 16.665 18.180 11.030 11.896 12.574 11.541 12.008 7.524 6.417 11.224 18.730 5.829 2.042 0.000 0.000 0.000 0.000 0.000 0.000 0.000 0.000 0.000 0.499 1.574 1.061 1.735 1.796 2.294 0.102 0.000 0.000 0.000 0.000 0.000
-999.250 -999.250 -999.250 -999.250 -999.250 -999.250 -999.250 -999.250 -999.250 -999.250 65.176 60.664 62.184 63.521 63.976 69.902 63.318 61.521 65.126 70.209 59.166 62.953 34.718 38.018 35.983 29.955 32.306 38.291 27.481 25.758 22.554 25.277 25.456 21.814 20.121 18.818 17.208 15.558 18.573 17.243 12.743 11.624 11.929 12.138 9.020 7.393 1.805 0.000 0.000 0.000 0.000 0.000 0.000 0.000 0.000 0.000 0.000 0.000 0.000 0.000 0.000 0.000 0.000 0.000 0.000 0.000 0.000 0.000 0.000
-999.250 -999.250 -999.250 -999.250 -999.250 -999.250 -999.250 -999.250 -999.250 56.260 56.584 61.749 51.242 69.696 62.203 84.388 67.259 57.475 64.319 80.906 66.678 48.966 37.566 38.445 29.586 22.003 21.683 24.572 25.867 26.099 18.629 33.044 20.247 21.493 29.275 20.061 20.244 19.118 14.491 13.105 17.288 14.365 9.306 7.211 5.669 0.000 0.000 0.000 0.000 0.000 0.000 0.000 0.000 0.000 0.000 0.000 0.000 0.000 0.000 0.000 0.000 0.000 0.000 0.000 0.000 0.000 0.000 0.000 0.000
-999.250 -999.250 -999.250 -999.250 -999.250 48.845 64.148 53.195 42.665 67.051 65.680 66.264 56.483 60.014 63.882 68.451 65.958 54.368 56.446 59.651 48.556 43.528 41.782 31.934 14.636 11.598 13.598 26.321 36.350 20.824 24.428 22.820 29.949 26.875 33.474 27.418 19.456 15.108 16.358 19.769 18.299 9.854 12.640 8.069 4.457 0.000 0.000 0.000 0.000 0.000 0.000 0.000 0.000 0.000 0.000 0.000 0.000 0.000 0.000 0.000 0.000 0.000 0.000 0.000 0.000 0.000 0.000 0.000 0.000
