data/medianmodel_27-Apr-2020.asc
ncols	141
nrows	288
xllcorner	-120191.398
yllcorner	-301404.813
cellsize	2000.000
NODATA_value	-999.250
[rows 120 to 149 of 288, columns 0 to 67 of 141]
-999.250 -999.250 -999.250 -999.250 -999.250 -999.250 -999.250 -999.250 -999.250 -999.250 -999.250 -999.250 -999.250 -999.250 -999.250 -999.250 -999.250 -999.250 -999.250 -999.250 -999.250 -999.250 -999.250 -999.250 -999.250 -999.250 14.604 15.988 14.616 18.876 13.390 14.014 12.764 15.058 14.875 13.465 16.308 13.213 17.593 23.233 29.428 36.314 36.922 35.755 34.578 23.521 22.353 17.406 11.301 8.889 4.020 3.503 7.156 10.922 13.001 13.242 13.777 13.958 11.423 10.994 12.033 11.370 9.621 12.913 10.177 10.882 10.979 10.090
-999.250 -999.250 -999.250 -999.250 -999.250 -999.250 -999.250 -999.250 -999.250 -999.250 -999.250 -999.250 -999.250 -999.250 -999.250 -999.250 -999.250 -999.250 -999.250 -999.250 -999.250 -999.250 -999.250 -999.250 -999.250 17.941 15.396 14.859 15.048 15.904 13.511 14.002 15.354 16.768 16.227 13.468 14.855 16.235 15.795 19.393 23.325 25.439 30.126 27.557 30.292 23.858 20.645 15.657 12.207 8.042 5.496 4.557 6.297 8.397 7.587 10.480 8.756 7.317 0.000 5.473 8.086 8.874 10.672 13.575 10.249 11.376 12.155 9.038
-999.250 -999.250 -999.250 -999.250 -999.250 -999.250 -999.250 -999.250 -999.250 -999.250 -999.250 -999.250 -999.250 -999.250 -999.250 -999.250 -999.250 -999.250 -999.250 -999.250 -999.250 -999.250 -999.250 -999.250 -999.250 14.398 16.619 17.756 22.355 15.253 15.755 16.904 15.766 15.323 16.160 15.581 17.338 14.058 17.385 19.807 17.789 20.800 27.132 26.396 23.051 20.804 19.830 16.613 13.154 10.242 6.873 5.979 6.265 8.521 6.515 6.305 5.092 1.889 0.787 2.630 6.507 6.441 10.997 8.652 10.082 10.345 10.767 10.498
-999.250 -999.250 -999.250 -999.250 -999.250 -999.250 -999.250 -999.250 -999.250 -999.250 -999.250 -999.250 -999.250 -999.250 -999.250 -999.250 -999.250 -999.250 -999.250 -999.250 -999.250 -999.250 -999.250 -999.250 -999.250 15.904 15.014 17.103 16.566 18.741 16.620 13.386 14.510 16.306 13.644 13.963 13.768 14.807 15.546 18.633 18.895 18.288 22.382 19.927 19.643 20.818 18.167 16.419 14.834 12.843 9.627 8.028 8.281 5.148 3.608 2.619 3.605 5.042 5.529 4.902 4.189 7.822 9.277 7.314 8.949 11.041 10.055 9.446
-999.250 -999.250 -999.250 -999.250 -999.250 -999.250 -999.250 -999.250 -999.250 -999.250 -999.250 -999.250 -999.250 -999.250 -999.250 -999.250 -999.250 -999.250 -999.250 -999.250 -999.250 -999.250 -999.250 -999.250 15.746 13.804 14.130 15.580 17.264 16.692 15.560 16.840 14.008 14.498 16.785 14.259 15.028 16.394 16.506 15.521 20.654 18.780 20.485 18.354 20.442 20.792 20.357 18.649 14.079 13.282 11.385 9.222 6.955 4.382 0.739 1.525 3.584 3.887 6.925 5.171 6.630 9.878 8.290 9.159 8.758 10.639 12.149 9.783
-999.250 -999.250 -999.250 -999.250 -999.250 -999.250 -999.250 -999.250 -999.250 -999.250 -999.250 -999.250 -999.250 -999.250 -999.250 -999.250 -999.250 -999.250 -999.250 -999.250 -999.250 -999.250 -999.250 -999.250 16.866 15.769 15.286 17.163 16.445 15.411 16.512 16.923 13.887 16.590 18.042 16.755 16.306 14.076 15.377 16.790 17.770 19.025 22.544 19.145 18.355 19.607 19.020 16.382 15.002 12.877 12.018 9.538 5.578 2.668 0.000 0.770 3.328 7.138 6.013 8.732 10.175 9.654 9.183 9.315 10.106 10.238 10.193 11.240
-999.250 -999.250 -999.250 -999.250 -999.250 -999.250 -999.250 -999.250 -999.250 -999.250 -999.250 -999.250 -999.250 -999.250 -999.250 -999.250 -999.250 -999.250 -999.250 -999.250 -999.250 -999.250 -999.250 13.791 15.083 14.384 13.403 15.279 16.572 17.980 16.745 17.756 15.685 16.564 15.297 17.241 18.697 17.129 17.060 18.139 17.316 16.605 14.762 17.288 17.827 18.784 18.696 16.583 16.014 13.629 9.960 11.005 9.053 6.662 2.104 4.683 7.033 5.217 8.936 8.701 9.796 7.044 8.255 10.601 9.778 11.703 9.885 11.726
-999.250 -999.250 -999.250 -999.250 -999.250 -999.250 -999.250 -999.250 -999.250 -999.250 -999.250 -999.250 -999.250 -999.250 -999.250 -999.250 -999.250 -999.250 -999.250 -999.250 -999.250 -999.250 -999.250 11.015 11.433 11.525 13.132 13.282 17.822 19.172 20.712 18.864 17.369 16.553 15.984 18.216 20.716 20.270 20.665 20.531 20.869 16.055 15.495 15.692 15.077 15.016 16.231 17.069 16.599 13.435 11.755 9.313 8.151 6.078 5.132 6.392 6.159 9.300 8.239 9.303 9.165 8.620 8.912 9.989 9.695 9.919 9.576 9.655
-999.250 -999.250 -999.250 -999.250 -999.250 -999.250 -999.250 -999.250 -999.250 -999.250 -999.250 -999.250 -999.250 -999.250 -999.250 -999.250 -999.250 -999.250 -999.250 -999.250 -999.250 -999.250 -999.250 10.339 9.017 11.115 12.882 15.088 16.981 18.164 20.040 19.358 16.727 17.202 19.374 17.643 23.311 21.602 18.557 18.139 15.115 16.784 17.334 15.862 16.160 15.424 17.128 15.739 15.158 12.808 12.089 8.326 7.069 6.866 8.248 9.035 8.337 6.740 9.000 10.264 10.524 9.579 6.860 9.295 9.346 10.934 11.114 9.988
-999.250 -999.250 -999.250 -999.250 -999.250 -999.250 -999.250 -999.250 -999.250 -999.250 -999.250 -999.250 -999.250 -999.250 -999.250 -999.250 -999.250 -999.250 -999.250 -999.250 -999.250 -999.250 10.152 10.312 8.261 9.682 13.132 13.999 17.423 15.799 19.376 20.321 16.686 17.181 18.966 16.910 20.630 22.847 18.787 18.676 16.364 17.856 17.197 16.554 17.020 14.577 14.753 14.362 14.270 13.345 13.035 13.120 9.539 9.022 8.292 6.397 8.236 9.457 9.271 12.417 11.048 10.983 9.152 10.222 10.757 9.266 8.442 8.500
-999.250 -999.250 -999.250 -999.250 -999.250 -999.250 -999.250 -999.250 -999.250 -999.250 -999.250 -999.250 -999.250 -999.250 -999.250 -999.250 -999.250 -999.250 -999.250 -999.250 -999.250 -999.250 7.221 7.308 6.753 7.769 10.569 12.442 15.065 14.831 17.115 16.947 18.655 16.525 17.138 17.875 19.737 18.441 18.550 19.421 17.926 18.173 15.321 14.863 14.529 14.299 13.634 14.183 14.594 12.992 10.700 10.832 11.163 10.567 10.760 9.236 8.945 10.420 11.861 12.472 13.073 12.241 11.561 9.838 11.402 9.575 9.679 8.362
-999.250 -999.250 -999.250 -999.250 -999.250 -999.250 -999.250 -999.250 -999.250 -999.250 -999.250 -999.250 -999.250 -999.250 -999.250 -999.250 -999.250 -999.250 -999.250 -999.250 -999.250 6.748 6.085 4.862 2.597 4.579 10.632 11.004 13.685 16.542 14.369 15.255 16.555 16.545 15.996 17.407 15.190 19.084 17.229 14.991 15.815 14.183 15.055 14.846 15.455 14.383 14.942 15.114 13.213 14.312 13.624 10.161 11.095 12.250 10.075 9.095 9.014 10.530 12.254 12.141 13.212 12.537 9.645 10.383 10.262 8.326 8.236 5.810
-999.250 -999.250 -999.250 -999.250 -999.250 -999.250 -999.250 -999.250 -999.250 -999.250 -999.250 -999.250 -999.250 -999.250 -999.250 -999.250 -999.250 -999.250 -999.250 -999.250 -999.250 4.707 4.341 4.863 5.866 6.705 9.886 10.678 14.757 16.368 17.023 19.191 15.247 15.847 15.893 16.932 18.484 20.058 17.904 16.865 15.726 17.184 18.403 17.566 16.944 15.843 14.159 14.356 13.619 13.901 13.235 11.471 11.952 11.297 9.426 10.291 10.816 10.792 10.773 13.808 15.353 13.407 11.444 11.553 9.258 8.768 9.322 4.148
-999.250 -999.250 -999.250 -999.250 -999.250 -999.250 -999.250 -999.250 -999.250 -999.250 -999.250 -999.250 -999.250 -999.250 -999.250 -999.250 -999.250 -999.250 -999.250 -999.250 -999.250 4.798 4.713 4.677 4.621 6.828 8.368 11.106 13.203 16.626 17.482 19.007 14.474 12.638 13.993 18.311 18.292 18.252 13.541 13.542 15.851 14.124 15.229 18.242 16.477 15.080 15.251 12.520 15.110 14.785 15.197 13.893 12.089 12.293 10.819 10.084 10.320 10.535 11.094 10.464 12.359 11.807 13.058 11.750 8.223 9.110 7.976 5.314
-999.250 -999.250 -999.250 -999.250 -999.250 -999.250 -999.250 -999.250 -999.250 -999.250 -999.250 -999.250 -999.250 -999.250 -999.250 -999.250 -999.250 -999.250 -999.250 -999.250 3.311 4.618 5.332 7.918 7.103 7.206 7.632 11.505 10.407 13.504 14.418 15.369 15.056 13.799 17.643 17.494 15.628 16.891 15.781 19.222 17.226 15.011 16.759 17.919 17.064 19.071 19.114 16.747 15.124 16.477 12.704 14.122 12.564 12.585 11.953 10.232 11.357 11.926 10.606 9.044 10.377 11.815 10.804 9.557 9.351 8.900 9.952 7.138
-999.250 -999.250 -999.250 -999.250 -999.250 -999.250 -999.250 -999.250 -999.250 -999.250 -999.250 -999.250 -999.250 -999.250 -999.250 -999.250 -999.250 -999.250 -999.250 -999.250 4.556 5.338 6.710 7.714 6.388 6.699 6.703 10.306 8.778 10.736 12.158 13.123 17.542 17.246 16.092 18.252 16.087 14.501 15.646 15.364 14.744 15.929 19.808 23.335 19.444 20.405 15.665 17.350 16.028 16.166 13.480 12.971 12.733 12.815 11.913 12.162 11.757 11.906 9.367 9.058 7.429 7.986 9.436 9.807 10.235 8.606 9.463 7.214
-999.250 -999.250 -999.250 -999.250 -999.250 -999.250 -999.250 -999.250 -999.250 -999.250 -999.250 -999.250 -999.250 -999.250 -999.250 -999.250 -999.250 -999.250 -999.250 -999.250 3.602 6.413 6.924 5.950 7.423 5.998 7.202 10.464 8.597 9.374 11.397 11.472 14.000 14.534 13.395 16.691 16.504 17.194 17.886 12.925 13.795 14.851 19.037 18.608 22.283 15.090 17.643 16.795 15.833 15.101 13.831 11.385 13.361 13.002 13.093 12.265 12.283 11.263 9.041 4.104 5.801 8.416 7.394 9.380 7.952 10.280 10.378 9.811
-999.250 -999.250 -999.250 -999.250 -999.250 -999.250 -999.250 -999.250 -999.250 -999.250 -999.250 -999.250 -999.250 -999.250 -999.250 -999.250 -999.250 -999.250 -999.250 -999.250 3.192 6.573 7.054 6.359 7.548 9.438 9.540 11.509 8.334 6.837 6.264 11.911 13.616 14.828 14.967 15.346 16.733 18.233 16.241 13.748 9.082 14.285 14.653 15.396 16.645 18.396 16.939 18.040 15.741 15.447 13.033 12.051 12.269 12.753 13.318 12.700 11.418 9.621 6.567 0.000 3.034 6.416 7.697 8.136 7.960 8.750 8.797 10.228
-999.250 -999.250 -999.250 -999.250 -999.250 -999.250 -999.250 -999.250 -999.250 -999.250 -999.250 -999.250 -999.250 -999.250 -999.250 -999.250 -999.250 -999.250 -999.250 2.120 3.254 5.355 6.895 8.102 7.513 12.057 11.150 10.774 10.832 9.881 8.200 12.052 14.128 15.942 15.544 17.706 18.800 17.782 16.713 13.240 12.952 11.736 14.856 16.129 16.471 16.765 16.718 15.117 12.664 11.228 12.922 11.431 13.575 11.262 10.874 12.163 11.958 9.100 6.209 3.959 4.579 5.967 6.920 6.772 9.074 8.933 10.078 10.152
-999.250 -999.250 -999.250 -999.250 -999.250 -999.250 -999.250 -999.250 -999.250 -999.250 -999.250 -999.250 -999.250 -999.250 -999.250 -999.250 -999.250 -999.250 -999.250 1.224 2.589 3.002 8.117 10.455 10.267 12.041 13.081 10.938 13.692 11.221 11.632 13.572 14.559 14.454 15.226 17.820 16.328 17.328 16.389 15.232 13.507 16.373 13.092 14.996 18.016 15.953 13.115 13.629 12.065 10.677 9.635 9.692 10.251 13.324 10.246 10.742 9.934 9.784 9.914 7.491 5.824 3.655 6.427 6.755 6.464 9.032 9.375 10.539
-999.250 -999.250 -999.250 -999.250 -999.250 -999.250 -999.250 -999.250 -999.250 -999.250 -999.250 -999.250 -999.250 -999.250 -999.250 -999.250 -999.250 -999.250 -999.250 0.856 0.000 5.525 8.970 11.339 11.553 11.837 13.262 14.516 16.743 16.296 12.889 14.177 16.919 14.288 19.637 20.048 22.046 17.581 19.294 16.469 17.799 16.996 14.895 16.722 15.660 16.640 15.220 11.873 11.105 10.623 10.043 10.150 10.180 13.407 11.987 11.578 11.120 8.399 8.373 6.634 6.000 5.365 3.733 6.823 6.693 9.664 9.354 10.502
-999.250 -999.250 -999.250 -999.250 -999.250 -999.250 -999.250 -999.250 -999.250 -999.250 -999.250 -999.250 -999.250 -999.250 -999.250 -999.250 -999.250 -999.250 -999.250 4.606 3.468 7.469 10.895 14.269 13.679 12.716 13.038 17.824 16.592 16.534 14.294 16.803 17.466 18.339 20.227 20.420 22.362 20.727 24.095 19.614 21.413 20.120 18.508 18.695 15.820 14.222 13.372 10.429 5.442 8.468 9.684 9.776 12.927 10.468 11.096 10.632 9.711 7.259 6.200 7.630 6.591 4.741 4.350 4.544 4.368 7.762 8.604 7.415
-999.250 -999.250 -999.250 -999.250 -999.250 -999.250 -999.250 -999.250 -999.250 -999.250 -999.250 -999.250 -999.250 -999.250 -999.250 -999.250 -999.250 -999.250 -999.250 8.174 9.247 12.319 16.369 18.767 18.360 18.863 18.134 18.249 19.641 19.193 16.021 15.706 17.898 19.533 19.476 22.391 21.462 24.667 20.270 20.383 18.856 20.035 18.339 16.469 17.220 14.482 12.203 9.971 9.919 9.076 6.926 8.761 11.800 11.262 9.844 9.729 9.999 8.937 7.019 4.805 4.791 2.898 3.696 1.225 0.000 5.016 5.308 7.946
-999.250 -999.250 -999.250 -999.250 -999.250 -999.250 -999.250 -999.250 -999.250 -999.250 -999.250 -999.250 -999.250 -999.250 -999.250 -999.250 -999.250 -999.250 10.037 10.047 12.809 17.474 23.396 24.274 21.829 24.074 22.049 21.118 22.904 22.048 18.549 20.460 20.066 22.854 22.276 25.508 20.320 25.041 23.621 21.377 23.886 22.274 18.129 20.724 18.388 17.216 11.480 13.370 12.481 9.116 8.155 8.979 8.096 9.961 8.849 9.254 8.543 8.438 5.653 2.248 1.950 3.647 5.050 2.593 4.288 4.873 6.896 8.073
-999.250 -999.250 -999.250 -999.250 -999.250 -999.250 -999.250 -999.250 -999.250 -999.250 -999.250 -999.250 -999.250 -999.250 -999.250 -999.250 -999.250 10.400 12.308 13.542 16.047 18.978 25.018 27.290 24.364 26.994 28.000 25.556 23.173 22.719 26.437 22.031 25.421 23.594 25.932 23.222 22.069 23.652 21.663 21.462 25.827 25.244 25.736 19.918 18.004 16.573 13.046 13.910 13.805 11.270 10.776 8.731 9.435 8.254 9.907 7.926 10.656 7.071 5.684 0.000 1.594 5.091 6.039 5.352 5.118 7.980 8.113 10.431
-999.250 -999.250 -999.250 -999.250 -999.250 -999.250 -999.250 -999.250 -999.250 -999.250 -999.250 -999.250 -999.250 -999.250 -999.250 -999.250 -999.250 12.963 14.619 15.768 19.668 24.904 30.731 26.242 25.807 27.046 25.359 29.076 22.882 25.703 21.864 23.007 22.936 26.544 27.519 24.901 28.020 27.308 23.869 23.881 23.043 25.457 23.329 19.643 16.715 15.850 15.253 13.138 11.982 11.935 9.861 7.347 7.680 6.873 8.130 7.898 10.819 9.602 7.877 7.074 7.023 5.423 6.270 6.687 7.706 8.830 8.225 8.588
-999.250 -999.250 -999.250 -999.250 -999.250 -999.250 -999.250 -999.250 -999.250 -999.250 -999.250 -999.250 -999.250 -999.250 -999.250 11.909 14.328 16.158 20.462 19.039 21.373 24.418 31.044 30.275 28.868 28.279 26.435 27.283 22.409 25.428 25.106 25.585 28.718 27.791 25.035 30.127 26.633 26.651 24.892 23.468 25.691 28.626 27.713 24.844 22.923 20.076 16.119 14.491 12.123 9.489 7.926 8.763 4.568 3.827 5.556 8.525 8.945 11.386 11.392 9.818 8.189 8.746 8.467 7.404 6.778 6.345 5.743 6.134
-999.250 -999.250 -999.250 -999.250 -999.250 -999.250 -999.250 -999.250 -999.250 -999.250 -999.250 -999.250 -999.250 -999.250 10.547 14.108 17.013 19.626 19.651 20.903 27.944 28.105 30.415 32.213 29.047 26.827 33.240 28.100 27.297 30.521 26.729 30.547 25.507 27.399 30.865 24.705 30.535 26.220 28.745 25.038 26.243 28.790 26.916 24.698 27.009 25.396 18.530 14.389 11.281 8.326 8.758 7.805 4.704 0.000 4.974 10.092 13.234 13.188 12.163 12.879 11.725 9.257 11.667 9.383 6.361 7.526 6.878 5.104
-999.250 -999.250 -999.250 -999.250 -999.250 -999.250 -999.250 -999.250 -999.250 -999.250 -999.250 -999.250 -999.250 -999.250 10.040 14.344 15.588 18.329 22.390 21.745 20.020 27.522 23.771 31.442 27.996 27.404 29.126 31.628 25.528 25.431 29.065 25.823 32.001 27.842 32.370 28.081 27.767 31.228 29.309 23.505 25.472 26.713 25.478 21.672 27.637 27.832 19.761 13.403 12.052 10.439 8.049 7.287 4.938 4.580 8.838 9.674 11.745 13.223 13.953 13.201 11.999 10.759 10.332 7.083 9.523 8.021 6.715 5.652
-999.250 -999.250 -999.250 -999.250 -999.250 -999.250 -999.250 -999.250 -999.250 -999.250 -999.250 -999.250 -999.250 13.324 14.180 14.422 14.291 19.019 20.253 23.240 25.062 26.319 27.983 34.963 32.099 27.859 32.071 30.409 23.827 26.729 26.777 28.391 29.643 30.049 33.707 32.034 32.220 30.058 26.894 27.607 28.945 22.164 22.389 20.288 21.301 16.632 14.589 14.140 14.405 12.310 11.702 9.531 10.226 10.011 10.534 9.747 10.554 13.295 14.702 14.186 12.972 11.775 11.256 10.510 10.149 9.326 8.324 6.215
