data/medianmodel_27-Mar-2020.asc
ncols	141
nrows	288
xllcorner	-120191.398
yllcorner	-301404.813
cellsize	2000.000
NODATA_value	-999.250
[rows 248 to 278 of 288, columns 0 to 68 of 141]
-999.250 -999.250 -999.250 -999.250 -999.250 -999.250 -999.250 -999.250 -999.250 -999.250 -999.250 -999.250 -999.250 -999.250 -999.250 -999.250 -999.250 -999.250 -999.250 -999.250 -999.250 -999.250 -999.250 -999.250 -999.250 -999.250 -999.250 -999.250 -999.250 -999.250 11.484 11.726 9.296 10.641 9.237 12.332 12.937 13.595 12.412 10.251 9.521 8.952 5.714 10.198 9.708 9.919 8.935 6.772 9.268 7.987 8.440 8.072 9.062 6.418 3.652 2.102 1.009 1.833 2.650 2.289 3.837 3.966 4.437 6.629 8.326 9.665 8.787 8.173 7.087
-999.250 -999.250 -999.250 -999.250 -999.250 -999.250 -999.250 -999.250 -999.250 -999.250 -999.250 -999.250 -999.250 -999.250 -999.250 -999.250 -999.250 -999.250 -999.250 -999.250 -999.250 -999.250 -999.250 -999.250 -999.250 -999.250 -999.250 -999.250 -999.250 -999.250 7.628 10.012 10.582 9.469 10.382 8.680 11.955 9.291 8.244 8.646 6.774 8.216 7.205 7.933 9.041 10.215 9.894 11.116 9.696 7.455 7.680 7.158 6.031 4.995 3.536 0.000 1.117 3.248 3.553 5.962 5.160 6.785 6.867 7.252 5.909 7.339 7.100 7.421 8.103
-999.250 -999.250 -999.250 -999.250 -999.250 -999.250 -999.250 -999.250 -999.250 -999.250 -999.250 -999.250 -999.250 -999.250 -999.250 -999.250 -999.250 -999.250 -999.250 -999.250 -999.250 -999.250 -999.250 -999.250 -999.250 -999.250 -999.250 -999.250 -999.250 -999.250 8.212 9.363 7.787 7.600 7.379 8.987 8.458 6.792 6.251 6.861 5.063 7.560 8.203 5.665 7.513 8.479 8.532 8.794 7.802 6.061 7.672 6.066 7.503 5.737 5.344 0.248 1.222 3.498 6.793 5.626 7.228 7.144 5.619 7.654 6.805 7.203 10.071 6.545 9.854
-999.250 -999.250 -999.250 -999.250 -999.250 -999.250 -999.250 -999.250 -999.250 -999.250 -999.250 -999.250 -999.250 -999.250 -999.250 -999.250 -999.250 -999.250 -999.250 -999.250 -999.250 -999.250 -999.250 -999.250 -999.250 -999.250 -999.250 -999.250 -999.250 -999.250 7.768 9.179 6.637 10.072 7.262 6.504 4.123 7.599 4.748 4.046 6.538 5.120 9.252 8.772 6.478 7.627 8.674 8.342 5.700 6.581 5.316 6.362 6.338 7.148 5.614 4.713 4.249 5.912 5.881 7.867 7.315 6.783 7.342 6.998 7.639 9.916 10.504 11.142 11.252
-999.250 -999.250 -999.250 -999.250 -999.250 -999.250 -999.250 -999.250 -999.250 -999.250 -999.250 -999.250 -999.250 -999.250 -999.250 -999.250 -999.250 -999.250 -999.250 -999.250 -999.250 -999.250 -999.250 -999.250 -999.250 -999.250 -999.250 -999.250 -999.250 3.795 6.383 8.056 7.947 7.024 7.423 7.458 6.311 7.061 4.658 4.662 8.567 7.942 9.022 8.791 7.587 10.375 9.451 8.178 8.049 9.321 6.709 7.405 7.758 6.428 7.400 7.284 6.260 3.887 4.528 9.949 8.197 6.038 8.681 6.897 13.431 10.508 12.411 12.579 11.785
-999.250 -999.250 -999.250 -999.250 -999.250 -999.250 -999.250 -999.250 -999.250 -999.250 -999.250 -999.250 -999.250 -999.250 -999.250 -999.250 -999.250 -999.250 -999.250 -999.250 -999.250 -999.250 -999.250 -999.250 -999.250 -999.250 -999.250 -999.250 -999.250 -999.250 5.902 6.941 6.396 8.224 9.480 10.373 8.293 7.754 7.774 6.048 7.866 7.740 9.086 8.662 8.114 8.998 8.213 8.770 8.805 9.991 9.168 8.346 7.847 8.530 9.074 8.088 8.865 6.881 6.700 7.150 7.844 8.468 9.569 12.881 12.448 10.873 14.182 13.440 11.321
-999.250 -999.250 -999.250 -999.250 -999.250 -999.250 -999.250 -999.250 -999.250 -999.250 -999.250 -999.250 -999.250 -999.250 -999.250 -999.250 -999.250 -999.250 -999.250 -999.250 -999.250 -999.250 -999.250 -999.250 -999.250 -999.250 -999.250 -999.250 -999.250 -999.250 6.035 7.736 6.331 7.501 8.405 11.096 7.090 8.335 8.654 7.001 9.557 6.787 9.461 6.460 7.428 8.642 8.892 9.293 7.403 8.987 10.080 12.304 8.017 8.074 7.033 7.833 7.504 7.604 9.890 6.784 9.620 12.929 11.196 10.845 10.208 13.900 13.363 13.910 15.061
-999.250 -999.250 -999.250 -999.250 -999.250 -999.250 -999.250 -999.250 -999.250 -999.250 -999.250 -999.250 -999.250 -999.250 -999.250 -999.250 -999.250 -999.250 -999.250 -999.250 -999.250 -999.250 -999.250 -999.250 -999.250 -999.250 -999.250 -999.250 -999.250 -999.250 -999.250 6.256 4.953 8.414 7.374 9.363 8.415 11.681 8.176 7.902 6.491 7.900 8.046 8.127 6.869 8.237 7.400 10.271 13.161 9.730 10.529 9.997 9.665 8.888 7.352 10.051 10.453 9.017 9.187 9.067 8.751 9.671 11.461 10.617 14.053 13.669 11.952 12.541 12.646
-999.250 -999.250 -999.250 -999.250 -999.250 -999.250 -999.250 -999.250 -999.250 -999.250 -999.250 -999.250 -999.250 -999.250 -999.250 -999.250 -999.250 -999.250 -999.250 -999.250 -999.250 -999.250 -999.250 -999.250 -999.250 -999.250 -999.250 -999.250 -999.250 -999.250 -999.250 4.764 5.179 5.553 9.310 9.781 8.771 9.239 10.066 5.288 7.730 8.655 7.429 6.018 9.233 8.800 10.636 11.247 12.238 11.426 9.564 9.519 11.127 10.171 11.578 10.433 12.102 11.155 7.687 9.739 9.200 9.987 11.544 13.396 14.327 14.956 15.586 16.044 14.395
-999.250 -999.250 -999.250 -999.250 -999.250 -999.250 -999.250 -999.250 -999.250 -999.250 -999.250 -999.250 -999.250 -999.250 -999.250 -999.250 -999.250 -999.250 -999.250 -999.250 -999.250 -999.250 -999.250 -999.250 -999.250 -999.250 -999.250 -999.250 -999.250 -999.250 5.689 5.950 6.072 7.715 8.386 12.734 9.697 9.301 8.339 7.764 6.848 7.591 6.081 6.053 9.511 9.409 10.132 8.789 9.685 10.024 12.060 9.440 9.703 11.120 11.113 11.085 12.302 10.237 9.519 9.790 11.995 11.198 12.483 14.331 14.870 14.424 16.593 17.114 17.743
-999.250 -999.250 -999.250 -999.250 -999.250 -999.250 -999.250 -999.250 -999.250 -999.250 -999.250 -999.250 -999.250 -999.250 -999.250 -999.250 -999.250 -999.250 -999.250 -999.250 -999.250 -999.250 -999.250 -999.250 -999.250 -999.250 -999.250 -999.250 -999.250 -999.250 5.681 4.530 5.474 7.284 5.121 8.350 5.343 8.264 7.508 7.116 7.808 7.365 5.338 10.248 9.313 8.908 8.933 9.382 7.638 9.535 9.791 7.810 6.663 10.169 12.779 11.964 12.789 12.147 11.853 12.310 12.155 13.207 14.461 15.188 16.326 16.735 18.539 19.789 15.365
-999.250 -999.250 -999.250 -999.250 -999.250 -999.250 -999.250 -999.250 -999.250 -999.250 -999.250 -999.250 -999.250 -999.250 -999.250 -999.250 -999.250 -999.250 -999.250 -999.250 -999.250 -999.250 -999.250 -999.250 -999.250 -999.250 -999.250 -999.250 -999.250 -999.250 5.829 6.277 7.395 7.389 7.117 7.237 9.051 7.337 9.323 7.974 7.648 8.621 8.121 9.839 8.010 8.972 8.969 9.043 9.167 7.698 9.818 9.724 10.039 8.334 9.545 9.599 11.632 11.480 10.713 9.842 13.863 16.988 14.718 13.984 15.024 15.429 15.968 15.070 16.069
-999.250 -999.250 -999.250 -999.250 -999.250 -999.250 -999.250 -999.250 -999.250 -999.250 -999.250 -999.250 -999.250 -999.250 -999.250 -999.250 -999.250 -999.250 -999.250 -999.250 -999.250 -999.250 -999.250 -999.250 -999.250 -999.250 -999.250 -999.250 -999.250 -999.250 5.963 7.538 6.702 6.669 5.807 7.907 7.293 7.339 7.065 7.257 8.841 9.302 6.720 8.778 7.859 9.591 7.839 6.892 6.123 7.976 5.526 7.045 8.348 8.892 8.613 12.245 13.023 13.707 12.506 12.389 12.178 14.472 14.110 18.021 19.624 16.784 13.933 14.456 13.240
-999.250 -999.250 -999.250 -999.250 -999.250 -999.250 -999.250 -999.250 -999.250 -999.250 -999.250 -999.250 -999.250 -999.250 -999.250 -999.250 -999.250 -999.250 -999.250 -999.250 -999.250 -999.250 -999.250 -999.250 -999.250 -999.250 -999.250 -999.250 -999.250 -999.250 4.958 4.691 5.556 4.035 5.639 6.186 5.412 8.055 7.165 7.050 7.000 7.791 7.530 8.628 10.613 8.646 5.444 4.656 4.964 7.970 6.468 10.319 8.967 10.074 7.706 12.630 12.148 14.540 14.746 12.776 15.465 16.230 18.888 18.852 19.035 15.911 15.975 18.441 14.625
-999.250 -999.250 -999.250 -999.250 -999.250 -999.250 -999.250 -999.250 -999.250 -999.250 -999.250 -999.250 -999.250 -999.250 -999.250 -999.250 -999.250 -999.250 -999.250 -999.250 -999.250 -999.250 -999.250 -999.250 -999.250 -999.250 -999.250 -999.250 -999.250 -999.250 4.394 4.810 4.078 3.440 3.126 5.958 5.261 5.152 6.362 7.744 6.612 6.979 5.816 3.975 6.480 6.042 5.772 3.286 4.830 4.138 5.005 6.746 4.557 9.725 13.038 12.545 13.985 14.308 15.612 13.583 17.820 15.498 17.373 17.516 17.782 14.430 13.615 13.751 16.164
-999.250 -999.250 -999.250 -999.250 -999.250 -999.250 -999.250 -999.250 -999.250 -999.250 -999.250 -999.250 -999.250 -999.250 -999.250 -999.250 -999.250 -999.250 -999.250 -999.250 -999.250 -999.250 -999.250 -999.250 -999.250 -999.250 -999.250 -999.250 -999.250 4.422 4.521 5.387 2.012 2.609 1.713 4.625 5.869 3.866 5.423 8.214 8.521 5.785 5.000 3.488 3.689 5.221 4.838 6.310 4.509 5.613 6.521 6.434 7.888 8.362 11.487 10.814 13.901 10.312 12.185 13.311 15.370 16.713 17.993 15.475 17.784 11.281 10.948 12.604 14.138
-999.250 -999.250 -999.250 -999.250 -999.250 -999.250 -999.250 -999.250 -999.250 -999.250 -999.250 -999.250 -999.250 -999.250 -999.250 -999.250 -999.250 -999.250 -999.250 -999.250 -999.250 -999.250 -999.250 -999.250 -999.250 -999.250 -999.250 -999.250 -999.250 4.147 4.462 5.050 4.529 2.366 4.027 2.192 3.945 4.561 5.761 5.026 5.451 5.227 3.054 4.132 3.774 4.122 4.652 3.891 7.781 7.839 5.229 6.032 5.856 9.433 10.431 10.640 10.920 11.845 12.527 16.215 15.997 18.816 17.296 15.646 13.096 10.692 11.858 13.256 13.364
-999.250 -999.250 -999.250 -999.250 -999.250 -999.250 -999.250 -999.250 -999.250 -999.250 -999.250 -999.250 -999.250 -999.250 -999.250 -999.250 -999.250 -999.250 -999.250 -999.250 -999.250 -999.250 -999.250 -999.250 -999.250 -999.250 -999.250 -999.250 4.236 8.154 3.864 3.660 1.049 2.818 2.607 3.518 2.702 2.930 4.644 2.000 3.609 3.985 2.504 3.841 5.455 4.363 6.490 8.125 6.787 5.382 4.757 4.109 8.274 7.707 9.303 12.568 12.451 12.660 14.952 16.132 16.375 14.848 14.296 11.673 11.208 12.891 12.132 9.652 10.643
-999.250 -999.250 -999.250 -999.250 -999.250 -999.250 -999.250 -999.250 -999.250 -999.250 -999.250 -999.250 -999.250 -999.250 -999.250 -999.250 -999.250 -999.250 -999.250 -999.250 -999.250 -999.250 -999.250 -999.250 -999.250 -999.250 -999.250 -999.250 2.648 2.374 3.328 3.764 4.588 4.119 2.127 2.292 3.879 4.337 4.504 2.503 2.306 2.664 2.208 1.518 4.385 4.675 5.379 8.984 8.125 6.615 6.990 7.727 8.096 8.346 10.201 12.435 12.811 14.588 14.304 17.357 18.116 13.189 13.565 14.630 11.131 11.420 9.120 10.898 12.138
-999.250 -999.250 -999.250 -999.250 -999.250 -999.250 -999.250 -999.250 -999.250 -999.250 -999.250 -999.250 -999.250 -999.250 -999.250 -999.250 -999.250 -999.250 -999.250 -999.250 -999.250 -999.250 -999.250 -999.250 -999.250 -999.250 -999.250 2.294 3.131 0.697 0.000 0.893 4.415 4.744 4.766 5.541 3.087 4.701 3.334 0.450 0.000 0.000 3.373 2.673 4.881 5.628 6.290 8.432 9.980 7.087 6.313 9.450 7.774 9.582 10.198 12.899 11.708 13.672 15.957 15.558 15.673 11.448 11.759 12.147 12.581 13.394 10.694 9.541 8.898
-999.250 -999.250 -999.250 -999.250 -999.250 -999.250 -999.250 -999.250 -999.250 -999.250 -999.250 -999.250 -999.250 -999.250 -999.250 -999.250 -999.250 -999.250 -999.250 -999.250 -999.250 -999.250 -999.250 -999.250 -999.250 -999.250 -999.250 1.002 4.020 0.436 0.000 1.772 3.345 4.407 1.747 4.595 3.759 5.507 5.659 4.074 2.036 2.263 4.589 3.631 4.330 7.322 7.295 10.131 9.787 6.180 7.362 11.557 10.588 11.171 11.780 12.769 12.712 13.211 16.493 15.040 13.619 10.087 14.068 12.217 10.889 12.782 12.575 9.957 7.504
-999.250 -999.250 -999.250 -999.250 -999.250 -999.250 -999.250 -999.250 -999.250 -999.250 -999.250 -999.250 -999.250 -999.250 -999.250 -999.250 -999.250 -999.250 -999.250 -999.250 -999.250 -999.250 -999.250 -999.250 -999.250 -999.250 -999.250 2.442 2.133 2.900 2.544 3.449 4.621 4.379 3.788 6.248 8.015 8.425 7.807 8.585 6.680 3.961 3.329 4.662 4.232 8.473 9.356 8.991 10.889 10.785 10.141 12.828 13.329 11.988 12.871 17.402 15.190 14.611 15.809 14.965 12.891 16.568 12.574 13.854 14.563 13.255 11.045 9.560 5.686
-999.250 -999.250 -999.250 -999.250 -999.250 -999.250 -999.250 -999.250 -999.250 -999.250 -999.250 -999.250 -999.250 -999.250 -999.250 -999.250 -999.250 -999.250 -999.250 -999.250 -999.250 -999.250 -999.250 -999.250 -999.250 -999.250 -999.250 3.687 1.934 3.538 3.640 4.337 3.599 6.520 7.874 7.905 9.902 8.912 10.715 11.944 9.974 9.601 7.328 7.950 6.866 8.814 9.663 11.545 11.210 13.477 10.498 13.132 14.515 12.083 14.891 20.242 19.834 19.955 18.504 16.154 14.758 15.567 16.220 14.346 13.376 10.677 11.312 9.125 6.257
-999.250 -999.250 -999.250 -999.250 -999.250 -999.250 -999.250 -999.250 -999.250 -999.250 -999.250 -999.250 -999.250 -999.250 -999.250 -999.250 -999.250 -999.250 -999.250 -999.250 -999.250 -999.250 -999.250 -999.250 -999.250 -999.250 -999.250 4.288 3.789 3.520 3.648 2.923 5.115 5.758 7.750 8.907 9.252 11.035 11.260 12.610 10.681 9.183 9.529 8.556 11.683 9.401 9.724 10.778 9.795 12.934 16.366 15.913 14.955 16.683 19.132 21.087 19.435 17.759 21.601 21.777 13.902 14.906 15.504 14.819 10.674 9.319 8.909 9.814 7.901
-999.250 -999.250 -999.250 -999.250 -999.250 -999.250 -999.250 -999.250 -999.250 -999.250 -999.250 -999.250 -999.250 -999.250 -999.250 -999.250 -999.250 -999.250 -999.250 -999.250 -999.250 -999.250 -999.250 -999.250 -999.250 -999.250 -999.250 5.534 3.689 3.706 4.841 4.928 7.668 7.713 9.034 10.140 10.106 10.789 13.408 13.352 12.169 14.344 12.006 12.648 11.251 9.575 13.881 12.045 12.030 11.293 14.806 15.653 18.477 20.628 17.175 20.736 25.139 22.107 21.811 19.970 17.375 15.216 12.748 14.099 13.523 9.666 10.308 10.084 7.767
-999.250 -999.250 -999.250 -999.250 -999.250 -999.250 -999.250 -999.250 -999.250 -999.250 -999.250 -999.250 -999.250 -999.250 -999.250 -999.250 -999.250 -999.250 -999.250 -999.250 -999.250 -999.250 -999.250 -999.250 -999.250 -999.250 4.513 4.331 4.806 2.483 4.611 5.903 7.127 10.351 9.495 10.883 12.646 15.319 13.958 14.427 14.683 16.955 18.198 12.789 12.634 12.836 11.745 9.744 11.048 11.635 14.266 15.601 16.652 20.169 20.016 21.671 27.819 26.174 23.488 20.627 19.132 17.866 14.918 13.882 14.694 13.487 8.925 9.484 8.244
-999.250 -999.250 -999.250 -999.250 -999.250 -999.250 -999.250 -999.250 -999.250 -999.250 -999.250 -999.250 -999.250 -999.250 -999.250 -999.250 -999.250 -999.250 -999.250 -999.250 -999.250 -999.250 -999.250 -999.250 -999.250 -999.250 2.056 4.544 4.903 5.107 5.935 6.767 8.472 11.133 12.285 13.110 12.797 13.471 18.211 14.925 19.656 20.466 20.155 15.949 13.776 12.916 10.642 9.750 8.733 9.115 11.041 14.752 16.677 20.180 18.826 21.895 26.960 29.792 28.984 24.666 21.005 18.904 19.948 18.504 15.422 14.010 11.942 10.114 7.067
-999.250 -999.250 -999.250 -999.250 -999.250 -999.250 -999.250 -999.250 -999.250 -999.250 -999.250 -999.250 -999.250 -999.250 -999.250 -999.250 -999.250 -999.250 -999.250 -999.250 -999.250 -999.250 -999.250 -999.250 -999.250 1.934 5.134 5.564 6.302 5.209 6.774 6.140 9.722 9.575 9.730 11.756 12.852 15.398 16.341 17.471 19.970 23.431 20.660 18.672 15.171 13.876 10.745 9.086 10.750 9.248 9.252 15.657 15.984 21.112 22.506 28.329 27.953 28.658 27.998 29.827 26.682 25.269 20.469 20.213 20.056 18.249 14.142 9.021 8.753
-999.250 -999.250 -999.250 -999.250 -999.250 -999.250 -999.250 -999.250 -999.250 -999.250 -999.250 -999.250 -999.250 -999.250 -999.250 -999.250 -999.250 -999.250 -999.250 -999.250 -999.250 -999.250 -999.250 -999.250 -999.250 2.287 4.520 3.820 4.440 4.254 4.141 5.058 8.301 9.248 8.873 9.108 9.865 14.797 14.050 17.435 19.812 22.293 20.519 20.018 16.822 14.631 14.399 12.604 9.175 7.329 9.308 14.271 18.534 23.151 24.383 28.928 36.586 31.898 31.619 31.474 30.277 27.688 24.821 20.973 20.441 16.698 17.001 16.327 12.809
-999.250 -999.250 -999.250 -999.250 -999.250 -999.250 -999.250 -999.250 -999.250 -999.250 -999.250 -999.250 -999.250 -999.250 -999.250 -999.250 -999.250 -999.250 -999.250 -999.250 -999.250 -999.250 -999.250 -999.250 -999.250 3.404 2.663 3.961 3.057 3.650 4.558 5.556 4.818 6.915 8.492 7.355 7.836 9.554 14.550 12.970 17.951 17.590 18.211 15.402 14.950 15.639 16.164 13.456 9.768 8.834 5.521 12.544 19.631 26.879 30.615 33.159 35.259 38.865 40.137 33.838 34.727 32.624 27.658 28.637 23.286 17.931 18.098 17.317 15.231
-999.250 -999.250 -999.250 -999.250 -999.250 -999.250 -999.250 -999.250 -999.250 -999.250 -999.250 -999.250 -999.250 -999.250 -999.250 -999.250 -999.250 -999.250 -999.250 -999.250 -999.250 -999.250 -999.250 -999.250 0.575 0.695 2.184 3.252 3.091 2.318 4.837 5.912 5.485 8.199 6.543 5.697 6.504 7.206 10.548 10.463 11.911 16.012 13.306 15.328 14.978 15.346 17.573 14.570 12.779 11.432 11.969 16.033 24.251 26.467 37.464 40.366 42.639 38.084 39.027 36.529 35.284 36.026 29.262 30.243 26.673 26.784 23.254 19.310 18.388
