data/medianmodel_16-Oct-2020.asc
ncols	141
nrows	288
xllcorner	-120191.398
yllcorner	-301404.813
cellsize	2000.000
NODATA_value	-999.250
[rows 90 to 119 of 288, columns 67 to 133 of 141]
33.453 30.908 32.885 33.551 34.547 37.818 40.273 43.368 53.854 51.721 55.425 57.559 52.035 58.785 50.141 48.438 48.727 42.873 43.619 43.508 46.546 46.221 50.539 59.429 73.144 76.726 85.304 91.595 108.691 126.449 135.462 144.713 163.931 169.816 159.811 150.487 152.752 126.997 116.638 110.319 87.254 82.622 68.916 57.856 64.702 59.256 67.220 65.013 95.763 -999.250 -999.250 -999.250 -999.250 -999.250 -999.250 -999.250 -999.250 -999.250 -999.250 -999.250 -999.250 -999.250 -999.250 -999.250 -999.250 -999.250 -999.250
27.321 19.797 26.986 24.334 21.533 31.906 36.907 33.782 41.612 43.500 47.643 49.807 49.872 43.942 45.616 42.371 42.418 42.958 41.461 35.563 39.953 47.744 54.638 66.017 87.967 109.715 97.480 87.438 97.815 112.536 126.482 142.429 156.491 164.732 154.912 149.575 145.526 147.596 107.725 101.308 83.102 86.152 80.373 74.280 77.074 67.469 79.509 101.157 -999.250 -999.250 -999.250 -999.250 -999.250 -999.250 -999.250 -999.250 -999.250 -999.250 -999.250 -999.250 -999.250 -999.250 -999.250 -999.250 -999.250 -999.250 -999.250
15.740 18.337 16.752 21.003 17.921 24.834 26.851 32.621 36.602 39.885 40.407 43.720 41.927 39.371 46.225 38.989 42.735 37.847 34.584 38.109 48.337 45.959 52.136 75.654 98.279 96.417 110.198 94.724 112.518 112.402 137.634 143.870 147.700 150.026 139.893 129.542 124.820 111.696 102.334 104.427 91.747 87.970 86.926 79.205 76.763 88.656 87.192 105.293 -999.250 -999.250 -999.250 -999.250 -999.250 -999.250 -999.250 -999.250 -999.250 -999.250 -999.250 -999.250 -999.250 -999.250 -999.250 -999.250 -999.250 -999.250 -999.250
15.199 12.817 13.857 14.177 19.442 18.023 22.991 20.034 29.910 32.792 35.052 38.361 38.810 36.758 34.420 35.193 36.404 35.054 37.068 37.203 43.362 54.884 65.124 85.278 90.368 93.034 96.510 96.990 113.485 119.745 142.498 143.225 151.275 136.331 122.653 117.631 115.302 125.163 115.054 95.322 97.119 89.464 93.845 89.441 97.042 92.919 100.116 -999.250 -999.250 -999.250 -999.250 -999.250 -999.250 -999.250 -999.250 -999.250 -999.250 -999.250 -999.250 -999.250 -999.250 -999.250 -999.250 -999.250 -999.250 -999.250 -999.250
10.786 10.463 13.208 14.101 13.913 16.144 19.543 18.503 18.197 23.340 30.165 32.978 28.441 32.854 26.968 33.454 26.712 29.099 30.348 40.589 50.989 58.036 57.834 71.486 85.953 89.237 98.146 118.808 118.080 127.208 133.226 150.366 132.030 120.829 118.261 103.416 112.879 106.042 111.766 103.957 99.685 85.353 92.259 108.422 105.770 108.148 123.360 -999.250 -999.250 -999.250 -999.250 -999.250 -999.250 -999.250 -999.250 -999.250 -999.250 -999.250 -999.250 -999.250 -999.250 -999.250 -999.250 -999.250 -999.250 -999.250 -999.250
9.343 11.319 11.768 13.037 11.011 13.885 19.798 15.281 18.731 20.244 26.834 25.546 23.653 24.671 28.771 22.727 27.415 26.133 33.256 40.725 48.840 56.824 68.013 83.161 90.250 90.656 95.961 111.966 128.157 118.629 117.057 138.806 131.077 118.225 106.432 94.975 106.611 113.250 110.125 111.606 107.596 103.580 108.490 110.045 106.990 101.363 110.309 -999.250 -999.250 -999.250 -999.250 -999.250 -999.250 -999.250 -999.250 -999.250 -999.250 -999.250 -999.250 -999.250 -999.250 -999.250 -999.250 -999.250 -999.250 -999.250 -999.250
16.945 12.390 13.596 13.400 10.435 10.324 15.118 17.334 16.096 21.559 21.708 20.906 17.991 18.724 19.839 19.243 22.209 27.017 33.922 36.649 42.047 61.744 70.287 77.582 92.904 98.154 120.055 115.449 110.653 137.469 138.544 148.540 124.169 120.087 107.592 99.364 109.082 121.636 95.885 110.120 122.803 97.162 116.442 121.209 100.132 109.599 106.700 113.770 -999.250 -999.250 -999.250 -999.250 -999.250 -999.250 -999.250 -999.250 -999.250 -999.250 -999.250 -999.250 -999.250 -999.250 -999.250 -999.250 -999.250 -999.250 -999.250
16.651 13.968 12.580 9.447 9.757 13.680 14.230 16.742 21.686 18.551 22.337 19.381 18.522 15.749 18.621 16.428 19.914 25.036 25.134 37.863 40.629 52.343 66.429 75.826 96.760 111.994 125.250 131.602 135.630 140.496 136.761 136.495 134.410 121.682 105.765 122.910 111.680 101.019 104.545 112.895 106.933 100.347 112.178 98.891 89.504 120.061 96.650 102.851 112.889 -999.250 -999.250 -999.250 -999.250 -999.250 -999.250 -999.250 -999.250 -999.250 -999.250 -999.250 -999.250 -999.250 -999.250 -999.250 -999.250 -999.250 -999.250
18.658 13.891 13.884 11.915 14.588 16.472 15.624 15.679 16.285 17.834 16.978 17.329 16.259 14.704 16.572 16.947 19.083 20.808 25.921 35.423 38.223 48.779 60.935 79.004 101.287 113.431 140.669 144.898 142.508 148.352 140.079 131.831 134.823 98.319 113.654 118.910 115.116 109.457 106.556 108.405 104.843 114.511 94.748 97.922 93.604 97.003 96.439 92.960 100.704 101.575 -999.250 -999.250 -999.250 -999.250 -999.250 -999.250 -999.250 -999.250 -999.250 -999.250 -999.250 -999.250 -999.250 -999.250 -999.250 -999.250 -999.250
16.610 18.087 19.709 13.466 13.454 15.582 16.482 16.717 17.839 19.021 17.796 16.728 14.682 14.216 17.954 17.138 20.483 21.705 23.541 34.277 38.041 49.374 66.829 74.958 95.556 115.253 133.129 141.634 142.009 135.968 119.075 133.452 140.549 105.298 118.526 124.889 119.508 113.368 108.203 111.906 94.315 98.030 104.801 92.895 87.501 99.804 94.875 107.904 101.478 -999.250 -999.250 -999.250 -999.250 -999.250 -999.250 -999.250 -999.250 -999.250 -999.250 -999.250 -999.250 -999.250 -999.250 -999.250 -999.250 -999.250 -999.250
16.993 14.563 17.029 15.258 15.498 17.433 15.738 14.390 21.009 19.887 18.596 17.073 15.540 14.737 15.549 15.052 19.498 23.944 28.008 38.143 40.176 52.592 57.343 78.806 98.727 104.287 119.369 131.454 141.353 133.213 126.406 130.359 125.997 99.501 102.621 117.242 127.180 126.887 111.148 97.950 95.833 92.461 94.922 109.818 94.429 103.150 112.086 105.303 106.744 112.151 -999.250 -999.250 -999.250 -999.250 -999.250 -999.250 -999.250 -999.250 -999.250 -999.250 -999.250 -999.250 -999.250 -999.250 -999.250 -999.250 -999.250
8.927 13.396 13.508 13.255 17.392 17.366 17.831 19.927 20.138 22.614 18.728 20.206 15.365 17.096 14.669 15.001 17.470 22.464 31.287 31.839 38.559 44.522 56.275 71.294 93.533 100.485 121.563 121.200 128.877 117.439 108.379 123.215 117.145 107.774 115.099 113.533 108.885 112.587 109.948 92.287 90.248 99.817 87.601 102.213 91.595 110.897 112.716 105.935 -999.250 -999.250 -999.250 -999.250 -999.250 -999.250 -999.250 -999.250 -999.250 -999.250 -999.250 -999.250 -999.250 -999.250 -999.250 -999.250 -999.250 -999.250 -999.250
7.673 10.594 14.145 16.084 16.141 16.952 17.691 18.137 18.978 21.568 21.690 20.427 18.396 21.310 17.094 17.860 20.442 24.374 25.795 30.916 39.963 48.853 55.987 69.097 93.917 98.184 105.631 102.646 112.855 111.364 120.869 122.353 127.284 133.157 130.845 107.880 115.316 122.774 108.358 106.909 96.021 106.509 111.014 87.988 80.209 95.658 100.185 -999.250 -999.250 -999.250 -999.250 -999.250 -999.250 -999.250 -999.250 -999.250 -999.250 -999.250 -999.250 -999.250 -999.250 -999.250 -999.250 -999.250 -999.250 -999.250 -999.250
4.148 4.998 6.914 13.722 13.202 13.668 14.899 20.731 20.231 21.372 25.981 27.007 23.391 17.496 19.703 20.351 23.809 25.286 25.907 31.703 38.472 53.779 57.153 62.568 74.635 81.258 94.476 92.660 94.110 112.054 127.510 126.713 124.369 125.797 143.920 133.079 129.871 145.227 115.031 117.264 104.033 103.432 92.691 90.416 85.845 108.065 93.507 -999.250 -999.250 -999.250 -999.250 -999.250 -999.250 -999.250 -999.250 -999.250 -999.250 -999.250 -999.250 -999.250 -999.250 -999.250 -999.250 -999.250 -999.250 -999.250 -999.250
1.867 3.212 4.659 9.229 6.655 10.266 14.941 16.744 18.431 19.345 24.856 22.717 23.788 24.246 23.030 23.647 25.958 25.886 30.133 34.576 39.497 49.259 50.201 55.561 71.211 65.072 82.179 84.592 76.269 99.934 111.512 130.045 146.377 145.841 157.790 137.152 134.151 131.096 129.134 131.556 124.795 120.159 92.727 101.658 93.505 109.760 -999.250 -999.250 -999.250 -999.250 -999.250 -999.250 -999.250 -999.250 -999.250 -999.250 -999.250 -999.250 -999.250 -999.250 -999.250 -999.250 -999.250 -999.250 -999.250 -999.250 -999.250
0.169 0.000 0.000 2.594 5.824 13.587 15.138 14.041 20.447 23.016 18.420 20.100 30.746 32.098 28.772 30.713 32.351 31.914 27.850 31.400 36.121 40.260 48.743 56.246 61.234 61.288 70.736 81.218 101.120 114.107 116.880 125.239 130.105 138.998 125.554 144.606 129.129 135.276 139.829 126.943 134.768 127.549 -999.250 -999.250 -999.250 -999.250 -999.250 -999.250 -999.250 -999.250 -999.250 -999.250 -999.250 -999.250 -999.250 -999.250 -999.250 -999.250 -999.250 -999.250 -999.250 -999.250 -999.250 -999.250 -999.250 -999.250 -999.250
0.298 0.000 0.883 4.692 4.237 11.146 13.495 14.010 20.067 21.765 23.682 22.068 24.724 29.280 29.426 32.708 31.330 29.889 29.058 31.367 34.176 34.246 44.372 47.942 54.573 62.267 72.518 82.052 86.495 102.820 120.805 118.089 136.500 168.247 168.788 152.849 150.156 150.898 117.596 123.685 -999.250 -999.250 -999.250 -999.250 -999.250 -999.250 -999.250 -999.250 -999.250 -999.250 -999.250 -999.250 -999.250 -999.250 -999.250 -999.250 -999.250 -999.250 -999.250 -999.250 -999.250 -999.250 -999.250 -999.250 -999.250 -999.250 -999.250
10.496 6.258 0.000 4.806 3.630 6.776 11.545 13.776 17.509 25.042 27.427 21.955 32.562 29.599 32.385 32.190 35.690 30.059 28.823 31.476 33.716 40.624 44.120 49.981 58.387 63.042 63.885 68.912 84.228 97.501 98.591 117.820 115.774 143.380 155.135 158.709 155.717 149.313 149.745 127.645 -999.250 -999.250 -999.250 -999.250 -999.250 -999.250 -999.250 -999.250 -999.250 -999.250 -999.250 -999.250 -999.250 -999.250 -999.250 -999.250 -999.250 -999.250 -999.250 -999.250 -999.250 -999.250 -999.250 -999.250 -999.250 -999.250 -999.250
19.684 8.596 6.985 6.361 4.736 6.666 10.428 11.446 17.463 23.982 25.448 26.667 32.782 33.820 30.554 36.490 28.646 34.646 21.095 28.020 36.436 40.135 46.113 42.127 53.722 69.015 71.930 85.614 88.384 106.855 123.364 115.653 135.580 146.042 165.677 184.235 173.644 151.637 128.274 139.169 -999.250 -999.250 -999.250 -999.250 -999.250 -999.250 -999.250 -999.250 -999.250 -999.250 -999.250 -999.250 -999.250 -999.250 -999.250 -999.250 -999.250 -999.250 -999.250 -999.250 -999.250 -999.250 -999.250 -999.250 -999.250 -999.250 -999.250
29.245 16.562 7.869 2.546 3.279 5.327 7.976 11.320 16.367 18.851 27.420 28.258 32.173 32.961 35.321 34.143 28.897 29.657 29.343 28.266 30.865 37.276 45.426 45.531 49.066 64.208 74.933 94.773 96.899 112.695 113.171 127.495 128.400 146.292 162.595 178.233 189.274 160.017 150.265 128.548 -999.250 -999.250 -999.250 -999.250 -999.250 -999.250 -999.250 -999.250 -999.250 -999.250 -999.250 -999.250 -999.250 -999.250 -999.250 -999.250 -999.250 -999.250 -999.250 -999.250 -999.250 -999.250 -999.250 -999.250 -999.250 -999.250 -999.250
39.881 24.114 13.081 3.205 1.687 3.410 2.815 13.039 19.756 20.385 23.299 24.141 28.682 34.451 35.584 36.684 35.107 30.021 34.256 29.036 30.194 36.083 43.887 48.856 50.028 68.969 69.635 87.484 90.533 97.579 117.967 130.840 141.531 138.242 156.460 169.203 168.183 172.857 164.173 152.216 -999.250 -999.250 -999.250 -999.250 -999.250 -999.250 -999.250 -999.250 -999.250 -999.250 -999.250 -999.250 -999.250 -999.250 -999.250 -999.250 -999.250 -999.250 -999.250 -999.250 -999.250 -999.250 -999.250 -999.250 -999.250 -999.250 -999.250
53.713 34.450 18.334 7.658 1.036 2.812 4.860 12.042 16.353 26.436 26.246 31.884 36.466 31.527 35.456 38.292 30.037 30.290 29.893 33.038 35.117 37.130 45.515 51.462 57.326 62.358 84.000 85.784 100.438 113.427 114.690 123.732 150.396 141.657 159.905 164.289 164.758 160.354 150.786 137.891 -999.250 -999.250 -999.250 -999.250 -999.250 -999.250 -999.250 -999.250 -999.250 -999.250 -999.250 -999.250 -999.250 -999.250 -999.250 -999.250 -999.250 -999.250 -999.250 -999.250 -999.250 -999.250 -999.250 -999.250 -999.250 -999.250 -999.250
61.528 34.313 17.379 4.978 0.000 0.000 9.960 9.934 15.629 19.978 26.603 28.335 38.068 32.694 34.441 39.398 33.652 42.989 41.034 41.100 43.390 40.178 51.932 55.496 51.758 54.082 74.453 79.246 94.498 119.469 129.084 118.067 130.651 140.901 162.524 160.747 167.702 146.583 164.879 132.557 134.466 127.425 -999.250 -999.250 -999.250 -999.250 -999.250 -999.250 -999.250 -999.250 -999.250 -999.250 -999.250 -999.250 -999.250 -999.250 -999.250 -999.250 -999.250 -999.250 -999.250 -999.250 -999.250 -999.250 -999.250 -999.250 -999.250
67.783 42.520 18.748 0.000 0.000 0.194 5.009 14.238 15.748 17.938 29.636 30.279 35.374 41.925 38.585 39.538 40.321 46.458 41.364 45.611 47.157 49.850 51.005 53.744 46.864 61.066 78.367 64.073 79.791 102.494 117.016 121.174 131.871 133.961 140.419 157.815 169.064 151.339 134.766 127.409 122.982 116.587 87.726 89.391 -999.250 -999.250 -999.250 -999.250 -999.250 -999.250 -999.250 -999.250 -999.250 -999.250 -999.250 -999.250 -999.250 -999.250 -999.250 -999.250 -999.250 -999.250 -999.250 -999.250 -999.250 -999.250 -999.250
56.671 39.968 23.127 9.998 0.153 3.112 7.208 9.936 12.609 23.935 25.127 36.066 40.479 40.890 39.980 35.193 42.847 47.805 52.961 52.060 48.370 55.904 59.432 66.651 64.135 71.405 76.405 86.452 80.880 91.497 111.967 121.203 123.322 153.194 164.364 162.561 150.433 152.846 141.836 139.239 119.408 107.301 99.465 97.854 -999.250 -999.250 -999.250 -999.250 -999.250 -999.250 -999.250 -999.250 -999.250 -999.250 -999.250 -999.250 -999.250 -999.250 -999.250 -999.250 -999.250 -999.250 -999.250 -999.250 -999.250 -999.250 -999.250
58.888 42.568 23.342 15.064 7.262 5.218 5.713 10.304 17.298 24.699 36.712 38.051 41.387 45.106 34.186 49.273 49.463 50.753 58.249 68.204 61.127 68.924 64.759 82.350 78.914 89.197 76.328 105.508 83.516 91.349 111.111 118.164 131.351 144.715 140.519 167.113 156.548 163.024 131.618 126.890 131.132 115.126 103.210 82.684 82.822 -999.250 -999.250 -999.250 -999.250 -999.250 -999.250 -999.250 -999.250 -999.250 -999.250 -999.250 -999.250 -999.250 -999.250 -999.250 -999.250 -999.250 -999.250 -999.250 -999.250 -999.250 -999.250
64.059 42.070 30.780 20.921 12.102 6.253 8.336 12.574 20.197 24.340 33.307 40.554 49.734 47.249 46.488 54.533 61.664 60.878 71.320 67.893 65.863 71.552 66.352 89.360 90.044 98.762 105.457 113.424 92.389 111.960 129.671 131.815 147.194 148.560 175.800 151.317 177.475 163.374 144.589 120.338 133.434 107.911 112.695 99.772 102.547 89.592 -999.250 -999.250 -999.250 -999.250 -999.250 -999.250 -999.250 -999.250 -999.250 -999.250 -999.250 -999.250 -999.250 -999.250 -999.250 -999.250 -999.250 -999.250 -999.250 -999.250 -999.250
54.312 37.353 25.481 16.137 11.573 7.211 9.975 16.972 24.011 30.870 40.597 44.586 51.698 43.618 50.395 58.773 65.027 65.096 82.584 77.655 75.317 82.860 93.366 101.690 113.011 109.541 131.963 120.426 116.887 119.152 146.119 145.399 164.989 165.492 169.614 170.569 164.705 166.946 151.642 137.153 124.431 127.386 107.154 106.130 94.000 84.463 -999.250 -999.250 -999.250 -999.250 -999.250 -999.250 -999.250 -999.250 -999.250 -999.250 -999.250 -999.250 -999.250 -999.250 -999.250 -999.250 -999.250 -999.250 -999.250 -999.250 -999.250
46.926 33.633 27.099 17.627 8.300 9.114 15.884 18.309 22.216 32.718 41.701 44.586 49.715 52.227 56.683 52.752 60.111 70.533 68.016 82.595 94.323 101.392 104.848 106.861 119.368 111.158 116.627 123.744 132.382 135.183 148.546 166.280 165.389 178.455 155.258 137.545 157.434 147.033 152.005 152.250 114.541 122.869 112.915 101.677 98.021 86.205 86.640 -999.250 -999.250 -999.250 -999.250 -999.250 -999.250 -999.250 -999.250 -999.250 -999.250 -999.250 -999.250 -999.250 -999.250 -999.250 -999.250 -999.250 -999.250 -999.250 -999.250
40.286 34.279 24.537 17.727 12.752 13.912 13.004 18.030 27.126 30.080 43.631 50.046 53.690 49.619 63.825 63.376 68.107 78.718 78.417 83.107 80.411 92.002 94.346 104.447 106.933 120.294 128.554 130.472 143.467 139.278 141.168 168.835 171.058 151.589 144.269 150.636 143.854 144.298 147.752 149.287 124.178 127.485 112.166 114.382 86.561 93.408 -999.250 -999.250 -999.250 -999.250 -999.250 -999.250 -999.250 -999.250 -999.250 -999.250 -999.250 -999.250 -999.250 -999.250 -999.250 -999.250 -999.250 -999.250 -999.250 -999.250 -999.250
