data/medianmodel_28-Nov-2020.asc
ncols	141
nrows	288
xllcorner	-120191.398
yllcorner	-301404.813
cellsize	2000.000
NODATA_value	-999.250
[rows 203 to 231 of 288, columns 64 to 127 of 141]
490.506 483.248 522.599 525.250 497.682 490.757 482.221 487.089 494.288 492.182 491.324 498.295 450.436 479.040 474.305 478.594 506.448 521.158 528.828 555.733 589.299 618.919 610.813 594.156 629.772 630.466 651.929 623.189 603.764 628.240 637.591 -999.250 -999.250 -999.250 -999.250 -999.250 -999.250 -999.250 -999.250 -999.250 -999.250 -999.250 -999.250 -999.250 -999.250 -999.250 -999.250 -999.250 -999.250 -999.250 -999.250 -999.250 -999.250 -999.250 -999.250 -999.250 -999.250 -999.250 -999.250 -999.250 -999.250 -999.250 -999.250 -999.250
457.362 472.440 481.856 477.631 476.955 451.835 447.004 467.696 447.549 472.089 472.502 478.664 445.713 423.961 468.006 506.023 516.534 519.767 546.870 559.314 585.032 618.647 625.625 618.972 616.274 641.298 625.662 623.049 641.804 618.990 622.424 592.832 -999.250 -999.250 -999.250 -999.250 -999.250 -999.250 -999.250 -999.250 -999.250 -999.250 -999.250 -999.250 -999.250 -999.250 -999.250 -999.250 -999.250 -999.250 -999.250 -999.250 -999.250 -999.250 -999.250 -999.250 -999.250 -999.250 -999.250 -999.250 -999.250 -999.250 -999.250 -999.250
440.820 432.793 463.247 465.315 442.278 433.450 425.329 413.871 426.755 421.165 430.374 402.531 394.977 414.101 452.790 506.921 491.924 543.504 545.499 566.726 586.716 619.908 640.842 654.950 647.090 601.428 609.066 616.463 589.723 625.527 591.118 -999.250 -999.250 -999.250 -999.250 -999.250 -999.250 -999.250 -999.250 -999.250 -999.250 -999.250 -999.250 -999.250 -999.250 -999.250 -999.250 -999.250 -999.250 -999.250 -999.250 -999.250 -999.250 -999.250 -999.250 -999.250 -999.250 -999.250 -999.250 -999.250 -999.250 -999.250 -999.250 -999.250
375.427 378.416 399.488 419.646 409.074 417.000 401.807 355.511 380.638 381.037 385.308 372.255 416.585 392.494 420.888 458.385 494.271 516.273 517.493 541.417 574.110 609.086 614.946 625.587 647.581 608.812 608.440 616.519 582.325 568.121 556.927 524.009 -999.250 -999.250 -999.250 -999.250 -999.250 -999.250 -999.250 -999.250 -999.250 -999.250 -999.250 -999.250 -999.250 -999.250 -999.250 -999.250 -999.250 -999.250 -999.250 -999.250 -999.250 -999.250 -999.250 -999.250 -999.250 -999.250 -999.250 -999.250 -999.250 -999.250 -999.250 -999.250
351.693 373.803 370.934 366.215 378.008 365.694 362.917 342.885 359.152 340.977 342.771 333.042 352.230 362.544 382.220 420.210 434.375 489.911 479.716 527.624 548.092 560.366 554.035 619.120 602.784 586.939 613.626 553.034 554.753 546.521 521.719 515.984 497.086 -999.250 -999.250 -999.250 -999.250 -999.250 -999.250 -999.250 -999.250 -999.250 -999.250 -999.250 -999.250 -999.250 -999.250 -999.250 -999.250 -999.250 -999.250 -999.250 -999.250 -999.250 -999.250 -999.250 -999.250 -999.250 -999.250 -999.250 -999.250 -999.250 -999.250 -999.250
320.049 336.905 340.841 353.184 356.229 335.333 330.294 330.384 326.323 316.895 305.061 309.603 321.411 311.328 340.748 345.009 376.280 401.328 455.844 501.469 532.329 522.028 544.551 584.139 563.882 591.293 574.689 562.329 524.603 514.090 502.832 494.012 477.549 -999.250 -999.250 -999.250 -999.250 -999.250 -999.250 -999.250 -999.250 -999.250 -999.250 -999.250 -999.250 -999.250 -999.250 -999.250 -999.250 -999.250 -999.250 -999.250 -999.250 -999.250 -999.250 -999.250 -999.250 -999.250 -999.250 -999.250 -999.250 -999.250 -999.250 -999.250
301.538 268.032 299.647 295.321 320.701 318.116 318.612 300.528 285.648 292.199 277.654 258.446 271.401 271.692 268.160 307.633 325.044 357.182 404.058 431.619 476.049 503.169 523.117 536.409 576.957 560.051 540.114 536.755 527.337 490.091 487.629 477.129 408.163 419.638 -999.250 -999.250 -999.250 -999.250 -999.250 -999.250 -999.250 -999.250 -999.250 -999.250 -999.250 -999.250 -999.250 -999.250 -999.250 -999.250 -999.250 -999.250 -999.250 -999.250 -999.250 -999.250 -999.250 -999.250 -999.250 -999.250 -999.250 -999.250 -999.250 -999.250
249.701 242.961 249.406 279.709 301.861 277.119 292.613 290.602 295.891 269.451 246.096 227.563 233.170 225.219 234.163 231.394 245.369 299.577 345.308 374.121 415.338 427.743 488.733 503.022 510.815 488.392 493.659 517.194 480.172 499.752 469.784 436.291 435.790 436.479 397.031 -999.250 -999.250 -999.250 -999.250 -999.250 -999.250 -999.250 -999.250 -999.250 -999.250 -999.250 -999.250 -999.250 -999.250 -999.250 -999.250 -999.250 -999.250 -999.250 -999.250 -999.250 -999.250 -999.250 -999.250 -999.250 -999.250 -999.250 -999.250 -999.250
217.156 194.363 232.750 245.751 262.116 273.445 274.562 283.370 263.474 223.464 207.482 197.416 184.054 169.057 165.786 186.228 226.093 262.524 322.326 336.055 365.103 388.244 452.892 475.558 471.639 459.862 479.350 481.354 474.123 459.715 442.289 435.570 423.151 408.168 405.877 389.558 -999.250 -999.250 -999.250 -999.250 -999.250 -999.250 -999.250 -999.250 -999.250 -999.250 -999.250 -999.250 -999.250 -999.250 -999.250 -999.250 -999.250 -999.250 -999.250 -999.250 -999.250 -999.250 -999.250 -999.250 -999.250 -999.250 -999.250 -999.250
185.473 197.613 208.264 238.444 256.814 280.689 278.063 266.793 233.199 210.878 192.049 172.265 140.272 121.722 108.762 141.439 180.004 239.941 262.273 311.044 357.905 361.404 417.373 418.492 463.002 478.850 428.002 472.773 467.684 454.589 417.359 437.951 389.979 389.853 374.099 357.924 370.167 -999.250 -999.250 -999.250 -999.250 -999.250 -999.250 -999.250 -999.250 -999.250 -999.250 -999.250 -999.250 -999.250 -999.250 -999.250 -999.250 -999.250 -999.250 -999.250 -999.250 -999.250 -999.250 -999.250 -999.250 -999.250 -999.250 -999.250
179.224 205.189 215.782 227.682 266.377 285.027 302.127 270.615 245.673 225.606 180.950 153.245 110.815 74.456 17.159 87.561 147.445 187.710 219.663 257.107 299.522 326.770 354.422 386.216 371.990 399.750 416.942 396.766 410.609 383.614 382.596 385.499 382.088 360.395 350.578 360.754 356.852 -999.250 -999.250 -999.250 -999.250 -999.250 -999.250 -999.250 -999.250 -999.250 -999.250 -999.250 -999.250 -999.250 -999.250 -999.250 -999.250 -999.250 -999.250 -999.250 -999.250 -999.250 -999.250 -999.250 -999.250 -999.250 -999.250 -999.250
166.336 186.551 208.614 249.240 279.595 307.239 335.930 302.151 270.312 229.740 180.901 139.264 108.411 71.175 51.805 80.807 115.924 171.297 193.802 222.977 271.025 303.629 332.909 343.949 357.982 373.238 380.880 386.735 385.185 361.165 357.558 370.748 371.870 354.572 345.959 329.418 352.909 355.401 -999.250 -999.250 -999.250 -999.250 -999.250 -999.250 -999.250 -999.250 -999.250 -999.250 -999.250 -999.250 -999.250 -999.250 -999.250 -999.250 -999.250 -999.250 -999.250 -999.250 -999.250 -999.250 -999.250 -999.250 -999.250 -999.250
139.350 162.209 200.281 247.916 296.478 320.951 339.431 319.039 260.967 223.651 174.706 124.592 106.716 81.728 77.571 86.049 129.259 171.397 183.719 212.303 230.055 274.733 286.043 306.680 329.778 344.235 351.546 341.254 335.579 339.773 347.200 314.449 310.226 327.285 335.465 330.180 341.707 340.529 368.874 -999.250 -999.250 -999.250 -999.250 -999.250 -999.250 -999.250 -999.250 -999.250 -999.250 -999.250 -999.250 -999.250 -999.250 -999.250 -999.250 -999.250 -999.250 -999.250 -999.250 -999.250 -999.250 -999.250 -999.250 -999.250
111.123 128.814 178.816 254.894 335.217 353.378 377.517 361.852 317.416 237.122 187.005 116.557 86.117 91.190 92.774 102.663 139.967 152.444 176.495 196.221 227.599 242.698 265.033 257.567 284.772 319.685 312.657 308.264 284.731 293.169 291.709 277.890 288.682 315.193 300.985 302.361 327.686 360.752 365.411 -999.250 -999.250 -999.250 -999.250 -999.250 -999.250 -999.250 -999.250 -999.250 -999.250 -999.250 -999.250 -999.250 -999.250 -999.250 -999.250 -999.250 -999.250 -999.250 -999.250 -999.250 -999.250 -999.250 -999.250 -999.250
128.123 80.743 198.143 301.753 352.086 406.978 437.719 413.949 355.488 272.605 185.749 90.744 107.209 121.773 106.042 113.478 139.857 148.299 159.403 175.718 197.805 222.439 213.635 257.770 251.662 264.275 265.326 263.435 270.294 264.570 255.300 261.599 278.676 289.434 295.057 331.203 340.077 362.023 367.239 -999.250 -999.250 -999.250 -999.250 -999.250 -999.250 -999.250 -999.250 -999.250 -999.250 -999.250 -999.250 -999.250 -999.250 -999.250 -999.250 -999.250 -999.250 -999.250 -999.250 -999.250 -999.250 -999.250 -999.250 -999.250
165.212 195.948 267.922 355.720 404.908 472.348 488.686 475.015 397.715 324.925 231.564 170.825 146.309 142.279 134.611 138.348 142.642 145.626 159.885 177.722 171.691 195.242 208.084 230.822 225.064 232.376 224.141 212.225 230.751 237.764 243.226 247.539 275.543 288.027 295.668 328.538 340.134 339.169 350.856 352.024 -999.250 -999.250 -999.250 -999.250 -999.250 -999.250 -999.250 368.360 -999.250 -999.250 -999.250 -999.250 -999.250 -999.250 -999.250 -999.250 -999.250 -999.250 -999.250 -999.250 -999.250 -999.250 -999.250 -999.250
237.916 278.208 334.491 415.618 468.820 517.138 532.985 497.756 453.385 371.008 289.880 221.088 194.370 173.044 172.407 161.894 150.200 162.000 174.303 163.824 182.926 174.847 176.929 200.588 212.198 193.087 186.221 183.404 173.340 183.925 216.351 231.705 255.651 264.590 276.557 292.008 323.929 342.718 339.102 351.002 356.183 -999.250 -999.250 -999.250 398.788 378.712 373.863 356.921 -999.250 -999.250 -999.250 -999.250 -999.250 -999.250 -999.250 -999.250 -999.250 -999.250 -999.250 -999.250 -999.250 -999.250 -999.250 -999.250
297.518 337.633 385.590 476.667 501.042 551.798 631.121 559.788 484.388 389.802 329.753 268.121 222.520 197.841 180.810 175.321 174.338 170.942 165.687 182.026 170.949 176.422 184.530 185.137 183.685 183.148 181.127 162.757 150.294 163.663 191.428 220.188 226.641 262.288 263.341 287.157 330.538 360.770 374.695 374.714 386.477 -999.250 367.947 356.967 376.344 370.478 382.833 -999.250 -999.250 -999.250 -999.250 -999.250 -999.250 -999.250 -999.250 -999.250 -999.250 -999.250 -999.250 -999.250 -999.250 -999.250 -999.250 -999.250
328.510 374.557 436.826 463.525 510.429 573.922 577.165 526.285 492.107 437.258 345.138 279.401 247.550 231.231 200.500 191.462 190.469 183.071 198.461 213.329 191.558 197.560 178.260 185.962 180.108 174.533 144.210 109.066 110.401 139.478 194.636 206.558 242.669 254.783 294.195 317.363 337.466 326.113 338.267 347.138 349.624 395.539 368.843 367.197 372.084 383.403 384.718 -999.250 -999.250 -999.250 -999.250 -999.250 -999.250 -999.250 -999.250 -999.250 -999.250 -999.250 -999.250 -999.250 -999.250 -999.250 -999.250 -999.250
372.039 391.881 437.162 473.244 516.970 514.437 533.610 501.250 472.167 410.801 347.164 314.736 274.322 247.897 219.370 204.564 201.465 203.217 190.274 225.866 195.566 221.334 192.545 180.719 172.188 175.190 137.504 98.803 51.028 121.419 167.842 200.103 233.866 264.790 274.444 278.914 307.842 326.633 365.256 377.603 363.739 381.453 380.123 380.753 377.809 409.504 397.011 -999.250 -999.250 -999.250 -999.250 -999.250 -999.250 -999.250 -999.250 -999.250 -999.250 -999.250 -999.250 -999.250 -999.250 -999.250 -999.250 -999.250
369.383 379.770 457.205 468.962 487.524 507.036 516.654 467.908 449.835 392.385 367.820 299.678 280.383 273.834 244.332 244.603 232.320 228.147 223.511 214.684 200.749 221.053 196.070 207.556 184.203 180.119 143.243 123.369 123.837 148.162 170.610 194.081 236.970 254.543 300.341 325.914 341.926 316.521 376.726 369.352 386.269 403.540 406.315 384.834 403.800 389.690 364.510 -999.250 -999.250 -999.250 -999.250 -999.250 -999.250 -999.250 -999.250 -999.250 -999.250 -999.250 -999.250 -999.250 -999.250 -999.250 -999.250 -999.250
381.495 393.651 404.399 448.463 446.003 481.257 476.154 464.697 396.781 377.541 334.776 307.443 286.157 258.002 257.336 251.014 247.348 266.977 273.787 252.076 232.637 219.045 225.358 213.673 207.769 198.129 172.004 157.005 154.325 167.255 205.416 208.885 228.602 242.716 277.641 311.555 333.996 340.390 369.343 368.802 382.083 377.905 406.051 390.430 391.391 386.831 -999.250 -999.250 -999.250 -999.250 -999.250 -999.250 -999.250 -999.250 -999.250 -999.250 -999.250 -999.250 -999.250 -999.250 -999.250 -999.250 -999.250 -999.250
368.665 392.494 375.228 376.320 413.904 402.356 422.537 417.586 377.008 338.823 322.382 294.125 261.504 290.717 262.807 245.043 249.972 264.326 292.517 278.883 270.016 243.342 257.324 234.515 233.511 242.506 199.094 200.670 179.846 204.421 194.584 231.334 243.499 276.847 292.092 288.961 313.600 346.603 367.561 382.854 388.596 379.300 424.015 417.121 404.080 378.930 -999.250 -999.250 -999.250 -999.250 -999.250 -999.250 -999.250 -999.250 -999.250 -999.250 -999.250 -999.250 -999.250 -999.250 -999.250 -999.250 -999.250 -999.250
327.052 336.343 334.670 353.707 369.789 335.194 368.911 360.463 339.105 346.539 326.156 305.580 296.206 289.968 272.542 282.346 283.975 288.121 266.893 286.683 274.210 293.596 293.031 267.630 270.477 245.158 220.599 216.492 225.379 215.454 228.659 234.302 268.367 293.838 294.111 309.639 307.225 351.394 380.961 371.455 377.498 375.336 409.987 427.806 371.192 386.498 -999.250 -999.250 -999.250 -999.250 -999.250 -999.250 -999.250 -999.250 -999.250 -999.250 -999.250 -999.250 -999.250 -999.250 -999.250 -999.250 -999.250 -999.250
327.776 325.633 323.455 301.008 315.454 297.844 295.829 304.071 317.435 293.893 314.539 297.843 281.860 282.966 288.362 311.983 311.607 281.750 319.748 310.037 310.733 301.845 303.530 320.185 311.975 284.722 268.696 266.303 249.550 240.123 257.860 281.365 266.650 273.807 287.573 315.428 315.185 304.336 341.163 374.737 346.013 393.237 408.550 382.850 376.897 -999.250 -999.250 -999.250 -999.250 -999.250 -999.250 -999.250 -999.250 -999.250 -999.250 -999.250 -999.250 -999.250 -999.250 -999.250 -999.250 -999.250 -999.250 -999.250
312.341 312.382 301.951 275.088 263.988 259.007 226.162 254.324 280.653 288.283 307.301 309.601 295.578 314.849 300.380 330.515 337.233 307.439 324.254 347.319 345.414 347.659 336.424 333.952 307.611 308.735 313.825 286.236 277.743 293.026 276.417 302.158 313.835 295.532 307.985 311.055 337.056 346.345 356.480 365.950 -999.250 -999.250 375.693 399.324 389.287 -999.250 -999.250 -999.250 -999.250 -999.250 -999.250 -999.250 -999.250 -999.250 -999.250 -999.250 -999.250 -999.250 -999.250 -999.250 -999.250 -999.250 -999.250 -999.250
282.985 276.208 288.371 263.864 256.571 228.531 157.837 221.097 247.949 282.372 273.202 294.833 291.460 300.867 326.469 338.841 348.096 335.417 334.298 347.015 372.203 368.722 365.644 367.418 341.614 341.277 332.200 358.168 334.629 299.313 320.564 307.095 323.562 296.065 277.538 313.685 337.570 346.553 362.535 330.024 -999.250 -999.250 -999.250 -999.250 -999.250 -999.250 -999.250 -999.250 -999.250 -999.250 -999.250 -999.250 -999.250 -999.250 -999.250 -999.250 -999.250 -999.250 -999.250 -999.250 -999.250 -999.250 -999.250 -999.250
278.497 273.886 265.964 266.370 237.684 220.879 199.685 219.147 233.239 257.694 248.375 281.950 303.341 311.094 327.021 343.381 330.312 358.694 369.883 364.453 370.479 368.458 364.034 394.536 375.790 342.972 330.265 360.944 332.926 333.021 335.693 343.393 324.737 325.639 302.752 324.035 -999.250 -999.250 350.838 -999.250 -999.250 -999.250 -999.250 -999.250 -999.250 -999.250 -999.250 -999.250 -999.250 -999.250 -999.250 -999.250 -999.250 -999.250 -999.250 -999.250 -999.250 -999.250 -999.250 -999.250 -999.250 -999.250 -999.250 -999.250
245.231 263.011 262.686 274.015 252.561 228.112 224.288 245.727 246.909 246.131 278.303 296.328 331.091 330.549 341.452 340.460 352.386 354.235 378.681 370.163 387.107 416.706 399.903 392.284 400.987 380.287 356.699 356.794 379.105 378.006 353.651 353.802 314.131 324.804 -999.250 -999.250 -999.250 -999.250 -999.250 -999.250 -999.250 -999.250 -999.250 -999.250 -999.250 -999.250 -999.250 -999.250 -999.250 -999.250 -999.250 -999.250 -999.250 -999.250 -999.250 -999.250 -999.250 -999.250 -999.250 -999.250 -999.250 -999.250 -999.250 -999.250
