data/medianmodel_31-May-2020.asc
ncols	141
nrows	288
xllcorner	-120191.398
yllcorner	-301404.813
cellsize	2000.000
NODATA_value	-999.250
[rows 93 to 123 of 288, columns 0 to 68 of 141]
-999.250 -999.250 -999.250 -999.250 -999.250 -999.250 -999.250 -999.250 -999.250 -999.250 -999.250 -999.250 -999.250 -999.250 -999.250 -999.250 -999.250 -999.250 -999.250 -999.250 -999.250 -999.250 -999.250 -999.250 -999.250 -999.250 -999.250 -999.250 -999.250 -999.250 -999.250 6.113 5.582 3.759 5.092 3.824 0.598 2.845 4.813 3.709 3.385 4.064 4.057 1.804 1.592 1.770 3.669 0.000 0.000 0.065 1.610 0.000 0.000 0.000 0.000 0.000 0.000 0.000 0.000 0.000 0.000 0.000 0.000 0.000 0.000 0.000 0.000 0.000 0.000
-999.250 -999.250 -999.250 -999.250 -999.250 -999.250 -999.250 -999.250 -999.250 -999.250 -999.250 -999.250 -999.250 -999.250 -999.250 -999.250 -999.250 -999.250 -999.250 -999.250 -999.250 -999.250 -999.250 -999.250 -999.250 -999.250 -999.250 -999.250 -999.250 -999.250 -999.250 5.115 3.834 3.655 5.536 1.784 0.895 2.554 2.690 2.044 1.870 5.306 3.886 1.219 0.914 0.000 0.000 0.000 0.000 1.219 0.007 0.000 0.000 0.000 0.000 0.000 0.000 0.000 0.000 0.000 0.000 0.000 0.000 0.000 0.000 0.000 0.000 0.000 0.000
-999.250 -999.250 -999.250 -999.250 -999.250 -999.250 -999.250 -999.250 -999.250 -999.250 -999.250 -999.250 -999.250 -999.250 -999.250 -999.250 -999.250 -999.250 -999.250 -999.250 -999.250 -999.250 -999.250 -999.250 -999.250 -999.250 -999.250 -999.250 -999.250 -999.250 -999.250 4.496 4.055 4.313 8.452 3.924 3.408 1.772 0.460 1.579 1.131 2.491 3.108 2.513 0.000 0.000 0.000 0.000 0.000 0.000 0.000 0.000 0.000 0.000 0.000 0.000 0.000 0.000 0.000 0.000 0.000 0.000 0.000 0.000 0.000 0.000 0.000 0.000 0.000
-999.250 -999.250 -999.250 -999.250 -999.250 -999.250 -999.250 -999.250 -999.250 -999.250 -999.250 -999.250 -999.250 -999.250 -999.250 -999.250 -999.250 -999.250 -999.250 -999.250 -999.250 -999.250 -999.250 -999.250 -999.250 -999.250 -999.250 -999.250 -999.250 -999.250 7.068 6.721 4.561 5.648 4.223 3.680 1.760 1.629 1.413 1.883 2.555 2.800 1.790 0.000 0.000 0.000 0.000 0.000 0.000 0.000 0.000 0.000 0.000 0.000 0.000 0.000 0.000 0.000 0.000 0.000 0.000 0.000 0.000 0.000 0.000 0.000 0.000 0.000 0.000
-999.250 -999.250 -999.250 -999.250 -999.250 -999.250 -999.250 -999.250 -999.250 -999.250 -999.250 -999.250 -999.250 -999.250 -999.250 -999.250 -999.250 -999.250 -999.250 -999.250 -999.250 -999.250 -999.250 -999.250 -999.250 -999.250 -999.250 -999.250 -999.250 -999.250 5.262 5.764 4.286 2.296 3.602 4.863 1.907 3.060 3.932 3.391 0.000 0.000 0.000 0.000 0.000 0.000 0.000 0.000 0.000 0.000 0.000 0.000 0.000 0.000 0.000 0.000 0.000 0.000 0.000 0.000 0.000 0.000 0.000 0.000 0.000 0.000 0.000 0.000 0.000
-999.250 -999.250 -999.250 -999.250 -999.250 -999.250 -999.250 -999.250 -999.250 -999.250 -999.250 -999.250 -999.250 -999.250 -999.250 -999.250 -999.250 -999.250 -999.250 -999.250 -999.250 -999.250 -999.250 -999.250 -999.250 -999.250 -999.250 -999.250 -999.250 -999.250 4.638 4.306 4.172 2.726 2.676 3.588 1.575 3.726 1.193 0.000 0.000 0.000 0.519 0.000 0.000 0.000 0.000 0.000 0.000 0.000 0.000 0.000 0.000 0.000 0.000 0.000 0.000 0.000 0.000 0.000 0.000 0.000 0.000 0.000 0.000 0.000 0.000 0.000 0.000
-999.250 -999.250 -999.250 -999.250 -999.250 -999.250 -999.250 -999.250 -999.250 -999.250 -999.250 -999.250 -999.250 -999.250 -999.250 -999.250 -999.250 -999.250 -999.250 -999.250 -999.250 -999.250 -999.250 -999.250 -999.250 -999.250 -999.250 -999.250 -999.250 -999.250 3.700 5.319 3.562 3.987 4.036 3.445 2.242 3.621 1.851 0.000 2.856 0.048 0.000 0.000 0.000 0.000 0.000 0.000 0.000 0.232 0.693 0.000 0.000 0.000 0.000 0.000 0.000 0.000 0.000 0.000 0.000 0.000 0.000 0.000 0.000 0.000 0.000 0.000 0.000
-999.250 -999.250 -999.250 -999.250 -999.250 -999.250 -999.250 -999.250 -999.250 -999.250 -999.250 -999.250 -999.250 -999.250 -999.250 -999.250 -999.250 -999.250 -999.250 -999.250 -999.250 -999.250 -999.250 -999.250 -999.250 -999.250 -999.250 -999.250 -999.250 2.978 3.007 5.249 4.322 2.955 2.853 4.182 2.782 1.508 0.567 0.000 0.332 0.000 0.000 0.235 0.000 0.000 0.000 0.170 0.000 0.000 0.000 0.000 0.000 0.000 0.000 0.000 0.000 0.000 0.000 0.000 0.000 0.000 0.000 0.000 0.000 0.000 0.000 0.000 0.000
-999.250 -999.250 -999.250 -999.250 -999.250 -999.250 -999.250 -999.250 -999.250 -999.250 -999.250 -999.250 -999.250 -999.250 -999.250 -999.250 -999.250 -999.250 -999.250 -999.250 -999.250 -999.250 -999.250 -999.250 -999.250 -999.250 -999.250 -999.250 -999.250 3.327 2.919 5.153 4.583 4.464 4.033 2.519 1.620 3.000 1.758 1.833 1.548 0.447 1.006 0.203 0.881 0.000 0.000 0.237 1.409 0.000 0.000 0.000 0.000 0.000 0.000 0.000 0.000 0.000 0.000 0.000 0.000 0.000 0.000 0.000 0.000 0.000 0.000 0.000 0.000
-999.250 -999.250 -999.250 -999.250 -999.250 -999.250 -999.250 -999.250 -999.250 -999.250 -999.250 -999.250 -999.250 -999.250 -999.250 -999.250 -999.250 -999.250 -999.250 -999.250 -999.250 -999.250 -999.250 -999.250 -999.250 -999.250 -999.250 -999.250 -999.250 4.151 4.014 5.891 4.249 4.066 3.021 5.026 4.271 4.277 2.685 4.960 3.252 1.712 1.621 0.323 0.000 0.000 0.857 0.341 0.000 0.000 0.000 0.000 0.000 0.000 0.000 0.000 0.000 0.000 0.000 0.000 0.000 0.000 0.000 0.000 0.000 0.000 0.000 0.000 0.000
-999.250 -999.250 -999.250 -999.250 -999.250 -999.250 -999.250 -999.250 -999.250 -999.250 -999.250 -999.250 -999.250 -999.250 -999.250 -999.250 -999.250 -999.250 -999.250 -999.250 -999.250 -999.250 -999.250 -999.250 -999.250 -999.250 -999.250 -999.250 -999.250 5.341 3.379 3.737 2.524 5.385 4.300 4.639 4.544 3.554 3.862 3.236 3.871 1.659 1.323 2.486 1.868 1.364 4.258 1.791 0.000 1.074 0.033 0.000 0.000 0.000 0.000 0.000 0.000 0.000 0.000 0.000 0.000 0.000 0.000 0.000 0.000 0.000 0.000 0.000 0.000
-999.250 -999.250 -999.250 -999.250 -999.250 -999.250 -999.250 -999.250 -999.250 -999.250 -999.250 -999.250 -999.250 -999.250 -999.250 -999.250 -999.250 -999.250 -999.250 -999.250 -999.250 -999.250 -999.250 -999.250 -999.250 -999.250 -999.250 -999.250 5.182 5.932 2.859 2.479 2.830 4.866 4.632 5.317 6.225 4.939 2.575 2.548 2.936 1.138 0.959 4.004 3.172 5.782 6.517 5.435 0.548 1.050 1.910 0.641 0.000 0.000 0.000 0.000 0.000 0.396 0.000 0.298 0.000 0.000 0.000 0.000 0.000 0.000 0.000 0.000 0.000
-999.250 -999.250 -999.250 -999.250 -999.250 -999.250 -999.250 -999.250 -999.250 -999.250 -999.250 -999.250 -999.250 -999.250 -999.250 -999.250 -999.250 -999.250 -999.250 -999.250 -999.250 -999.250 -999.250 -999.250 -999.250 -999.250 -999.250 -999.250 6.232 3.853 2.133 3.374 4.842 3.965 6.695 5.029 3.688 5.422 6.582 4.216 4.065 2.950 3.032 4.053 3.860 7.717 13.416 6.943 3.232 2.086 1.036 0.050 0.000 1.802 3.118 3.340 2.184 0.051 0.000 0.000 0.270 0.000 0.000 0.000 0.714 0.000 0.000 0.000 0.000
-999.250 -999.250 -999.250 -999.250 -999.250 -999.250 -999.250 -999.250 -999.250 -999.250 -999.250 -999.250 -999.250 -999.250 -999.250 -999.250 -999.250 -999.250 -999.250 -999.250 -999.250 -999.250 -999.250 -999.250 -999.250 -999.250 -999.250 4.266 3.743 4.062 1.372 4.103 6.930 4.748 5.443 6.541 6.888 6.380 11.893 5.537 3.952 2.871 4.469 4.992 5.401 8.466 7.146 5.294 2.858 2.207 0.772 0.000 2.666 4.093 7.084 7.193 4.121 1.244 1.732 0.000 1.097 2.226 3.041 3.438 1.606 0.814 0.000 0.000 0.000
-999.250 -999.250 -999.250 -999.250 -999.250 -999.250 -999.250 -999.250 -999.250 -999.250 -999.250 -999.250 -999.250 -999.250 -999.250 -999.250 -999.250 -999.250 -999.250 -999.250 -999.250 -999.250 -999.250 -999.250 -999.250 -999.250 -999.250 5.964 3.904 4.090 2.736 3.035 3.029 5.059 4.658 4.577 5.003 5.866 6.521 6.133 4.122 3.770 3.525 4.779 4.513 4.150 3.724 3.417 2.470 0.388 1.445 0.840 4.695 6.389 14.411 7.943 4.306 2.400 1.525 0.187 1.415 1.560 2.904 9.079 3.187 1.093 0.000 0.000 0.000
-999.250 -999.250 -999.250 -999.250 -999.250 -999.250 -999.250 -999.250 -999.250 -999.250 -999.250 -999.250 -999.250 -999.250 -999.250 -999.250 -999.250 -999.250 -999.250 -999.250 -999.250 -999.250 -999.250 -999.250 -999.250 -999.250 -999.250 6.255 4.617 4.075 1.794 3.731 3.021 3.606 2.714 4.338 3.974 3.663 6.289 5.749 3.502 4.027 3.883 2.573 3.263 3.657 3.042 0.824 0.952 0.000 0.500 2.931 5.119 6.691 8.353 6.287 3.688 0.000 1.440 1.448 0.045 0.125 1.289 5.059 1.867 2.096 0.000 0.000 0.459
-999.250 -999.250 -999.250 -999.250 -999.250 -999.250 -999.250 -999.250 -999.250 -999.250 -999.250 -999.250 -999.250 -999.250 -999.250 -999.250 -999.250 -999.250 -999.250 -999.250 -999.250 -999.250 -999.250 -999.250 -999.250 -999.250 -999.250 3.981 4.949 3.907 6.809 4.897 3.646 3.160 4.373 5.247 4.131 4.230 5.964 5.950 4.260 3.802 5.757 5.604 4.360 2.085 2.415 1.338 1.077 0.201 0.000 1.543 1.712 2.919 2.248 2.990 0.056 0.304 0.925 0.000 0.000 0.000 0.000 0.000 1.038 0.388 0.000 0.000 0.000
-999.250 -999.250 -999.250 -999.250 -999.250 -999.250 -999.250 -999.250 -999.250 -999.250 -999.250 -999.250 -999.250 -999.250 -999.250 -999.250 -999.250 -999.250 -999.250 -999.250 -999.250 -999.250 -999.250 -999.250 -999.250 -999.250 -999.250 -999.250 3.891 3.733 4.724 3.473 3.349 4.589 5.572 6.436 5.483 3.279 5.942 4.263 5.057 5.382 5.696 5.024 4.252 2.101 0.031 0.592 2.189 1.567 1.935 1.239 2.065 0.648 1.922 0.000 0.269 0.000 0.000 0.000 0.000 0.000 0.000 0.000 0.000 0.000 0.000 0.000 0.000
-999.250 -999.250 -999.250 -999.250 -999.250 -999.250 -999.250 -999.250 -999.250 -999.250 -999.250 -999.250 -999.250 -999.250 -999.250 -999.250 -999.250 -999.250 -999.250 -999.250 -999.250 -999.250 -999.250 -999.250 -999.250 -999.250 -999.250 -999.250 7.827 6.751 4.816 4.775 4.008 3.287 4.303 3.991 4.478 8.117 5.423 4.687 4.703 5.810 4.867 4.193 1.804 1.347 2.787 2.211 3.235 0.398 0.338 0.000 0.000 0.010 2.447 0.378 0.000 0.000 0.000 0.000 0.000 0.000 0.000 0.000 0.000 0.000 0.000 0.000 0.000
-999.250 -999.250 -999.250 -999.250 -999.250 -999.250 -999.250 -999.250 -999.250 -999.250 -999.250 -999.250 -999.250 -999.250 -999.250 -999.250 -999.250 -999.250 -999.250 -999.250 -999.250 -999.250 -999.250 -999.250 -999.250 -999.250 -999.250 -999.250 7.740 7.367 7.024 4.600 3.300 4.757 5.012 3.552 2.749 6.701 6.490 5.252 4.340 4.382 4.667 2.943 0.836 2.781 2.920 2.993 1.410 0.000 0.000 0.000 0.000 0.151 2.566 5.828 1.292 0.000 0.000 0.000 0.000 0.000 0.000 0.000 0.000 0.000 0.000 0.000 0.000
-999.250 -999.250 -999.250 -999.250 -999.250 -999.250 -999.250 -999.250 -999.250 -999.250 -999.250 -999.250 -999.250 -999.250 -999.250 -999.250 -999.250 -999.250 -999.250 -999.250 -999.250 -999.250 -999.250 -999.250 -999.250 -999.250 -999.250 -999.250 6.587 7.798 5.001 5.828 5.527 4.655 5.527 5.299 5.210 6.656 5.531 6.723 6.097 4.515 2.694 2.439 1.298 5.639 2.876 2.467 1.908 0.000 0.000 0.000 0.000 0.000 0.700 1.535 0.000 0.000 0.000 0.000 0.000 0.000 0.000 0.000 0.000 0.000 0.000 0.000 0.000
-999.250 -999.250 -999.250 -999.250 -999.250 -999.250 -999.250 -999.250 -999.250 -999.250 -999.250 -999.250 -999.250 -999.250 -999.250 -999.250 -999.250 -999.250 -999.250 -999.250 -999.250 -999.250 -999.250 -999.250 -999.250 -999.250 -999.250 -999.250 2.666 5.305 3.541 5.067 5.382 6.046 3.735 7.287 6.384 7.504 8.614 11.202 10.190 5.468 4.815 3.719 3.386 4.606 3.258 3.281 4.063 1.301 0.000 0.000 0.000 0.000 0.000 0.000 0.000 0.000 0.000 0.000 0.000 0.000 0.000 0.000 0.000 0.000 0.000 0.000 0.000
-999.250 -999.250 -999.250 -999.250 -999.250 -999.250 -999.250 -999.250 -999.250 -999.250 -999.250 -999.250 -999.250 -999.250 -999.250 -999.250 -999.250 -999.250 -999.250 -999.250 -999.250 -999.250 -999.250 -999.250 -999.250 -999.250 -999.250 2.358 4.229 5.696 5.929 4.230 5.550 5.824 5.156 5.841 7.445 5.842 10.725 17.523 8.449 3.744 3.941 4.778 4.777 4.092 5.566 4.353 5.222 2.750 0.641 0.000 0.000 0.000 0.000 0.000 0.000 0.000 0.000 0.000 0.000 0.000 0.000 0.000 0.000 0.000 0.000 0.000 0.000
-999.250 -999.250 -999.250 -999.250 -999.250 -999.250 -999.250 -999.250 -999.250 -999.250 -999.250 -999.250 -999.250 -999.250 -999.250 -999.250 -999.250 -999.250 -999.250 -999.250 -999.250 -999.250 -999.250 -999.250 -999.250 -999.250 -999.250 3.644 5.305 4.554 3.878 4.681 3.583 4.850 3.559 5.211 5.595 5.344 5.959 7.764 3.686 2.044 4.079 4.840 4.439 6.632 5.112 5.677 9.952 8.138 4.607 0.058 0.000 0.000 0.000 0.000 0.000 0.000 0.000 0.000 0.000 0.000 0.000 0.000 0.000 0.000 0.000 0.000 0.000
-999.250 -999.250 -999.250 -999.250 -999.250 -999.250 -999.250 -999.250 -999.250 -999.250 -999.250 -999.250 -999.250 -999.250 -999.250 -999.250 -999.250 -999.250 -999.250 -999.250 -999.250 -999.250 -999.250 -999.250 -999.250 -999.250 -999.250 2.926 4.483 3.739 4.026 4.742 2.427 2.584 3.516 2.906 5.375 6.327 3.810 3.925 2.285 3.450 3.120 4.314 5.553 4.810 6.842 8.970 10.641 18.529 8.051 4.008 0.000 0.000 0.000 0.000 0.000 0.000 0.000 0.000 0.000 0.000 0.000 0.000 0.000 0.000 0.000 0.000 0.000
-999.250 -999.250 -999.250 -999.250 -999.250 -999.250 -999.250 -999.250 -999.250 -999.250 -999.250 -999.250 -999.250 -999.250 -999.250 -999.250 -999.250 -999.250 -999.250 -999.250 -999.250 -999.250 -999.250 -999.250 -999.250 -999.250 1.103 3.631 5.063 1.255 3.316 2.682 2.853 4.671 3.590 3.966 5.666 4.055 4.409 4.055 3.231 4.801 3.166 5.430 5.160 4.067 4.300 5.888 8.429 11.536 7.599 3.367 0.000 0.000 0.000 0.000 0.000 0.000 0.000 0.000 0.000 0.000 0.000 0.000 0.000 0.000 0.000 0.000 0.000
-999.250 -999.250 -999.250 -999.250 -999.250 -999.250 -999.250 -999.250 -999.250 -999.250 -999.250 -999.250 -999.250 -999.250 -999.250 -999.250 -999.250 -999.250 -999.250 -999.250 -999.250 -999.250 -999.250 -999.250 -999.250 -999.250 2.734 6.146 4.900 4.206 4.383 3.305 6.240 5.905 4.540 4.257 5.856 3.770 5.579 4.547 3.950 5.721 5.517 3.962 3.993 3.752 4.134 5.210 6.005 5.670 4.412 1.948 0.536 0.000 0.000 0.000 0.000 0.000 0.000 0.000 0.000 0.000 0.000 0.000 0.000 0.000 0.000 0.000 0.000
-999.250 -999.250 -999.250 -999.250 -999.250 -999.250 -999.250 -999.250 -999.250 -999.250 -999.250 -999.250 -999.250 -999.250 -999.250 -999.250 -999.250 -999.250 -999.250 -999.250 -999.250 -999.250 -999.250 -999.250 -999.250 -999.250 6.021 4.803 3.775 5.174 2.942 4.349 6.258 6.436 4.235 3.389 5.378 4.588 4.862 4.594 5.139 5.443 3.046 4.701 3.940 4.638 3.828 4.299 5.307 4.715 3.959 1.439 0.000 0.000 0.000 0.000 0.000 0.000 0.000 0.000 0.000 0.000 0.000 0.000 0.000 0.000 0.000 0.000 0.000
-999.250 -999.250 -999.250 -999.250 -999.250 -999.250 -999.250 -999.250 -999.250 -999.250 -999.250 -999.250 -999.250 -999.250 -999.250 -999.250 -999.250 -999.250 -999.250 -999.250 -999.250 -999.250 -999.250 -999.250 -999.250 3.205 4.540 5.265 3.432 4.943 4.706 3.327 4.925 4.955 4.729 4.350 4.483 3.548 2.915 4.448 5.734 2.332 2.325 3.176 2.414 2.456 4.443 5.350 3.082 1.489 2.195 1.233 0.000 0.000 0.000 0.000 0.000 0.000 0.000 0.000 0.000 0.000 0.000 0.000 0.000 0.000 0.000 0.000 0.000
-999.250 -999.250 -999.250 -999.250 -999.250 -999.250 -999.250 -999.250 -999.250 -999.250 -999.250 -999.250 -999.250 -999.250 -999.250 -999.250 -999.250 -999.250 -999.250 -999.250 -999.250 -999.250 -999.250 -999.250 -999.250 3.547 2.073 4.126 4.653 4.563 3.515 3.614 5.602 3.723 1.927 3.010 4.085 3.718 4.488 4.536 4.467 3.141 3.117 3.051 2.474 2.405 4.745 8.306 3.762 2.290 0.000 0.000 0.000 0.000 0.000 0.000 0.000 0.000 0.000 0.000 0.000 0.000 0.000 0.000 0.000 0.000 0.000 0.000 0.000
-999.250 -999.250 -999.250 -999.250 -999.250 -999.250 -999.250 -999.250 -999.250 -999.250 -999.250 -999.250 -999.250 -999.250 -999.250 -999.250 -999.250 -999.250 -999.250 -999.250 -999.250 -999.250 -999.250 -999.250 -999.250 4.631 3.941 3.353 4.384 2.656 3.547 3.745 4.958 5.740 2.062 2.621 3.501 4.125 7.773 5.045 3.701 3.005 1.787 1.292 3.862 2.554 4.561 4.171 4.969 2.352 0.027 0.000 0.000 0.000 0.000 0.000 0.000 0.000 0.000 0.000 0.000 0.000 0.000 0.000 0.000 0.000 0.000 0.000 0.000
