data/medianmodel_09-May-2020.asc
ncols	141
nrows	288
xllcorner	-120191.398
yllcorner	-301404.813
cellsize	2000.000
NODATA_value	-999.250
[rows 93 to 123 of 288, columns 69 to 137 of 141]
7.454 11.160 13.535 12.619 16.947 14.299 13.966 10.359 10.599 8.663 5.660 8.998 5.304 4.593 2.653 3.038 3.283 1.441 0.086 1.439 4.657 3.351 3.685 3.326 4.115 4.393 3.497 9.169 8.864 9.333 7.614 9.950 9.403 8.766 11.565 9.685 13.277 8.785 7.983 8.651 9.550 7.467 4.592 4.019 5.319 -999.250 -999.250 -999.250 -999.250 -999.250 -999.250 -999.250 -999.250 -999.250 -999.250 -999.250 -999.250 -999.250 -999.250 -999.250 -999.250 -999.250 -999.250 -999.250 -999.250 -999.250 -999.250 -999.250 -999.250
7.203 10.919 12.340 13.235 16.324 13.628 13.472 8.522 8.399 5.854 5.873 3.365 4.585 4.476 1.965 0.000 0.827 0.000 1.498 1.699 2.576 2.910 3.954 0.761 1.681 3.421 4.877 6.816 9.956 9.090 10.493 11.787 11.470 10.691 10.715 10.347 12.049 8.261 6.819 8.978 8.791 7.267 6.377 4.859 6.361 -999.250 -999.250 -999.250 -999.250 -999.250 -999.250 -999.250 -999.250 -999.250 -999.250 -999.250 -999.250 -999.250 -999.250 -999.250 -999.250 -999.250 -999.250 -999.250 -999.250 -999.250 -999.250 -999.250 -999.250
8.893 8.918 9.616 12.488 12.683 16.545 12.896 9.545 7.535 5.397 5.604 4.010 2.671 3.089 0.222 0.053 0.000 0.000 0.433 0.670 0.349 1.266 2.840 1.887 3.389 3.929 3.580 5.355 8.263 8.081 8.722 9.005 10.182 7.795 9.600 9.169 10.211 9.759 8.262 8.352 5.981 4.562 5.607 4.064 4.935 -999.250 -999.250 -999.250 -999.250 -999.250 -999.250 -999.250 -999.250 -999.250 -999.250 -999.250 -999.250 -999.250 -999.250 -999.250 -999.250 -999.250 -999.250 -999.250 -999.250 -999.250 -999.250 -999.250 -999.250
7.428 10.480 11.388 11.856 13.329 18.113 16.300 13.668 9.159 8.539 4.498 3.377 3.133 2.490 0.422 0.000 0.000 0.000 0.000 0.000 0.000 0.000 0.000 0.706 0.624 4.196 4.882 5.440 7.558 7.589 6.885 5.501 8.220 9.468 8.678 6.890 9.209 9.806 10.537 10.223 8.163 6.041 6.139 5.205 5.707 2.730 -999.250 -999.250 -999.250 -999.250 -999.250 -999.250 -999.250 -999.250 -999.250 -999.250 -999.250 -999.250 -999.250 -999.250 -999.250 -999.250 -999.250 -999.250 -999.250 -999.250 -999.250 -999.250 -999.250
9.889 11.015 13.148 14.423 14.644 14.599 14.628 12.932 8.138 7.241 4.091 2.360 2.259 2.811 0.000 0.000 0.000 0.615 0.000 0.000 0.000 0.000 0.000 0.000 0.000 1.718 5.680 5.911 7.842 7.299 7.675 5.608 8.307 9.406 10.073 8.156 8.047 9.941 8.948 9.788 7.147 5.838 6.165 6.537 5.147 3.495 1.416 -999.250 -999.250 -999.250 -999.250 -999.250 -999.250 -999.250 -999.250 -999.250 -999.250 -999.250 -999.250 -999.250 -999.250 -999.250 -999.250 -999.250 -999.250 -999.250 -999.250 -999.250 -999.250
12.505 10.993 15.169 18.534 18.194 17.656 20.209 14.464 10.479 9.978 6.554 3.078 1.427 1.037 0.152 0.000 0.000 0.000 0.000 0.000 0.000 0.000 0.000 0.000 0.000 0.340 2.180 2.292 5.619 8.058 6.140 8.053 6.986 9.703 10.156 9.032 8.412 10.092 8.588 5.741 7.815 7.670 6.012 6.278 4.987 5.307 2.606 1.708 -999.250 -999.250 -999.250 -999.250 -999.250 -999.250 -999.250 -999.250 -999.250 -999.250 -999.250 -999.250 -999.250 -999.250 -999.250 -999.250 -999.250 -999.250 -999.250 -999.250 -999.250
9.489 11.645 16.172 20.776 16.601 16.930 14.833 16.261 12.472 8.942 6.830 5.350 2.373 1.656 0.000 0.000 0.000 0.000 0.000 0.000 0.000 0.000 0.000 0.000 0.000 1.277 2.571 3.123 6.069 6.170 6.841 8.376 7.727 10.301 9.107 9.447 9.049 8.675 8.148 9.205 8.364 6.588 7.450 5.635 4.046 3.109 2.614 -999.250 -999.250 -999.250 -999.250 -999.250 -999.250 -999.250 -999.250 -999.250 -999.250 -999.250 -999.250 -999.250 -999.250 -999.250 -999.250 -999.250 -999.250 -999.250 -999.250 -999.250 -999.250
10.405 12.681 15.400 16.306 15.806 13.661 15.731 14.181 13.147 10.247 6.758 6.321 3.662 2.110 1.269 0.300 1.321 2.976 0.201 0.000 0.000 0.395 0.294 0.440 1.196 2.723 3.702 3.516 5.692 8.300 8.874 8.716 9.752 8.609 6.566 8.213 9.562 7.447 6.747 7.927 7.091 5.972 5.079 6.931 5.080 6.449 2.255 2.074 -999.250 -999.250 -999.250 -999.250 -999.250 -999.250 -999.250 -999.250 -999.250 -999.250 -999.250 -999.250 -999.250 -999.250 -999.250 -999.250 -999.250 -999.250 -999.250 -999.250 -999.250
7.186 11.867 13.991 13.874 12.703 14.198 15.119 13.611 10.603 11.405 8.038 3.717 2.466 2.606 2.338 1.584 4.039 1.926 0.450 0.591 0.000 1.659 0.000 0.034 1.909 1.800 5.957 7.901 6.044 8.858 9.485 8.761 8.494 8.139 7.354 7.710 7.069 4.972 4.205 6.934 6.661 5.036 5.618 7.300 5.816 6.733 -999.250 -999.250 -999.250 -999.250 -999.250 -999.250 -999.250 -999.250 -999.250 -999.250 -999.250 -999.250 -999.250 -999.250 -999.250 -999.250 -999.250 -999.250 -999.250 -999.250 -999.250 -999.250 -999.250
8.323 9.353 12.310 13.146 11.729 11.768 11.898 12.429 10.468 10.463 5.731 5.316 3.062 3.123 3.203 3.416 4.770 3.849 3.005 1.754 2.101 2.179 1.191 0.000 1.540 4.364 4.273 5.824 6.756 10.400 8.609 9.941 9.915 8.092 8.769 9.406 8.480 6.376 5.935 5.461 6.581 7.659 6.076 4.652 5.480 -999.250 -999.250 -999.250 -999.250 -999.250 -999.250 -999.250 -999.250 -999.250 -999.250 -999.250 -999.250 -999.250 -999.250 -999.250 -999.250 -999.250 -999.250 -999.250 -999.250 -999.250 -999.250 -999.250 -999.250
8.357 9.715 10.768 11.094 11.786 12.853 11.747 10.815 9.129 7.740 8.398 4.109 7.144 5.082 5.118 5.989 4.725 4.408 2.137 2.402 2.582 3.099 1.261 4.515 3.200 6.071 6.083 10.278 7.922 9.019 8.040 8.264 7.752 9.392 6.850 9.841 8.129 7.576 4.970 5.049 3.072 5.549 7.602 9.686 2.845 -999.250 -999.250 -999.250 -999.250 -999.250 -999.250 -999.250 -999.250 -999.250 -999.250 -999.250 -999.250 -999.250 -999.250 -999.250 -999.250 -999.250 -999.250 -999.250 -999.250 -999.250 -999.250 -999.250 -999.250
6.317 9.917 11.539 13.322 12.318 12.755 12.692 9.770 9.497 8.844 6.449 6.422 6.250 8.064 4.861 6.322 4.326 4.773 3.702 4.691 3.458 5.100 4.160 4.659 2.776 4.390 6.597 6.424 5.965 7.487 7.149 9.047 9.807 8.671 8.467 8.012 6.294 3.781 4.580 2.913 3.738 5.114 5.633 2.626 -999.250 -999.250 -999.250 -999.250 -999.250 -999.250 -999.250 -999.250 -999.250 -999.250 -999.250 -999.250 -999.250 -999.250 -999.250 -999.250 -999.250 -999.250 -999.250 -999.250 -999.250 -999.250 -999.250 -999.250 -999.250
6.694 9.879 9.765 11.272 11.109 11.540 10.351 10.554 7.535 7.586 6.317 4.264 5.099 8.794 5.244 7.004 7.279 5.974 3.876 3.106 4.192 5.688 6.535 7.937 7.467 7.075 8.621 4.911 5.907 5.122 8.735 7.043 7.078 5.694 5.941 7.379 5.337 5.294 1.916 1.839 -999.250 -999.250 -999.250 -999.250 -999.250 -999.250 -999.250 -999.250 -999.250 -999.250 -999.250 -999.250 -999.250 -999.250 -999.250 -999.250 -999.250 -999.250 -999.250 -999.250 -999.250 -999.250 -999.250 -999.250 -999.250 -999.250 -999.250 -999.250 -999.250
5.375 6.977 7.270 8.082 8.828 9.116 10.105 8.414 7.046 4.777 5.359 4.258 3.998 4.911 4.449 8.946 5.820 7.665 6.399 5.959 4.343 5.254 6.195 6.645 8.035 10.124 6.678 6.552 7.472 6.138 9.379 6.085 5.030 5.177 6.644 4.887 4.056 2.135 -999.250 -999.250 -999.250 -999.250 -999.250 -999.250 -999.250 -999.250 -999.250 -999.250 -999.250 -999.250 -999.250 -999.250 -999.250 -999.250 -999.250 -999.250 -999.250 -999.250 -999.250 -999.250 -999.250 -999.250 -999.250 -999.250 -999.250 -999.250 -999.250 -999.250 -999.250
5.648 4.278 6.361 4.464 6.231 7.212 6.868 8.357 7.465 4.957 6.627 4.786 2.720 4.693 6.010 3.698 7.104 5.672 6.751 7.389 5.131 6.788 7.709 8.526 7.267 6.888 8.176 6.707 5.040 4.761 4.749 2.724 1.946 3.151 0.983 0.158 2.142 1.261 -999.250 -999.250 -999.250 -999.250 -999.250 -999.250 -999.250 -999.250 -999.250 -999.250 -999.250 -999.250 -999.250 -999.250 -999.250 -999.250 -999.250 -999.250 -999.250 -999.250 -999.250 -999.250 -999.250 -999.250 -999.250 -999.250 -999.250 -999.250 -999.250 -999.250 -999.250
3.996 2.890 5.400 3.371 3.432 7.407 7.851 6.236 8.128 7.111 6.806 3.871 3.901 5.946 5.319 3.346 3.984 7.020 5.383 5.649 7.600 8.080 8.105 7.291 7.251 7.437 8.712 7.270 8.075 5.737 4.153 4.461 3.047 0.861 0.123 0.000 1.378 0.351 -999.250 -999.250 -999.250 -999.250 -999.250 -999.250 -999.250 -999.250 -999.250 -999.250 -999.250 -999.250 -999.250 -999.250 -999.250 -999.250 -999.250 -999.250 -999.250 -999.250 -999.250 -999.250 -999.250 -999.250 -999.250 -999.250 -999.250 -999.250 -999.250 -999.250 -999.250
1.714 2.001 1.661 1.044 1.933 1.839 5.141 4.603 5.337 6.062 6.638 8.392 5.755 5.091 6.786 5.410 7.273 6.323 6.642 4.355 6.686 8.178 8.368 9.908 10.072 6.431 8.581 9.271 5.826 6.221 2.288 5.781 2.123 0.000 0.000 0.000 0.473 0.113 -999.250 -999.250 -999.250 -999.250 -999.250 -999.250 -999.250 -999.250 -999.250 -999.250 -999.250 -999.250 -999.250 -999.250 -999.250 -999.250 -999.250 -999.250 -999.250 -999.250 -999.250 -999.250 -999.250 -999.250 -999.250 -999.250 -999.250 -999.250 -999.250 -999.250 -999.250
3.387 0.000 0.000 0.000 0.248 0.000 1.705 3.746 6.787 8.664 7.126 6.213 5.583 6.584 7.577 7.684 7.296 6.941 7.549 7.421 6.750 9.905 9.905 10.703 5.204 8.304 7.591 8.271 6.304 6.848 4.891 5.374 1.659 0.000 0.000 0.063 0.017 1.328 -999.250 -999.250 -999.250 -999.250 -999.250 -999.250 -999.250 -999.250 -999.250 -999.250 -999.250 -999.250 -999.250 -999.250 -999.250 -999.250 -999.250 -999.250 -999.250 -999.250 -999.250 -999.250 -999.250 -999.250 -999.250 -999.250 -999.250 -999.250 -999.250 -999.250 -999.250
3.264 0.772 0.000 0.000 0.000 0.000 2.322 1.240 5.241 7.116 5.898 4.804 5.680 5.476 8.024 8.596 6.355 5.571 7.905 9.121 7.859 9.870 11.665 9.105 7.489 5.927 5.259 7.039 5.790 7.994 2.952 1.633 1.140 0.754 0.013 1.807 1.592 2.554 -999.250 -999.250 -999.250 -999.250 -999.250 -999.250 -999.250 -999.250 -999.250 -999.250 -999.250 -999.250 -999.250 -999.250 -999.250 -999.250 -999.250 -999.250 -999.250 -999.250 -999.250 -999.250 -999.250 -999.250 -999.250 -999.250 -999.250 -999.250 -999.250 -999.250 -999.250
3.973 0.000 0.000 0.000 0.000 0.000 0.000 1.261 2.613 2.811 5.910 4.910 7.713 7.567 8.297 8.920 5.987 6.865 7.540 8.053 10.015 10.037 10.426 8.415 7.502 9.054 7.510 7.834 8.414 8.256 3.148 5.489 2.515 2.058 2.989 2.204 3.817 6.044 5.236 3.518 -999.250 -999.250 -999.250 -999.250 -999.250 -999.250 -999.250 -999.250 -999.250 -999.250 -999.250 -999.250 -999.250 -999.250 -999.250 -999.250 -999.250 -999.250 -999.250 -999.250 -999.250 -999.250 -999.250 -999.250 -999.250 -999.250 -999.250 -999.250 -999.250
2.744 0.000 0.000 0.000 0.000 0.000 3.321 3.298 6.256 4.754 3.760 3.241 7.051 5.158 7.508 8.180 6.179 5.407 4.026 7.782 8.395 10.869 11.265 11.406 8.299 9.576 10.805 9.066 7.643 7.570 6.343 4.181 5.757 2.012 3.018 3.465 2.164 2.695 4.306 7.002 3.757 2.842 -999.250 -999.250 -999.250 -999.250 -999.250 -999.250 -999.250 -999.250 -999.250 -999.250 -999.250 -999.250 -999.250 -999.250 -999.250 -999.250 -999.250 -999.250 -999.250 -999.250 -999.250 -999.250 -999.250 -999.250 -999.250 -999.250 -999.250
6.014 0.163 0.329 1.095 1.718 1.230 3.215 4.937 4.811 3.539 5.329 6.450 6.653 6.835 6.628 8.387 6.260 5.076 4.460 7.853 7.344 10.932 7.642 9.057 9.810 8.919 8.680 8.018 6.882 5.647 5.571 6.154 3.584 3.974 3.044 3.055 2.540 3.055 3.995 6.658 5.649 4.483 -999.250 -999.250 -999.250 -999.250 -999.250 -999.250 -999.250 -999.250 -999.250 -999.250 -999.250 -999.250 -999.250 -999.250 -999.250 -999.250 -999.250 -999.250 -999.250 -999.250 -999.250 -999.250 -999.250 -999.250 -999.250 -999.250 -999.250
7.917 5.346 3.713 2.291 3.737 3.767 4.704 3.691 5.589 4.905 5.073 8.624 8.031 10.147 9.220 5.764 9.729 6.602 5.335 7.690 6.964 7.423 7.437 7.550 8.580 8.415 8.234 5.859 7.482 6.493 5.152 3.644 4.705 3.413 2.188 2.748 3.428 1.910 6.125 4.227 4.562 4.620 3.630 -999.250 -999.250 -999.250 -999.250 -999.250 -999.250 -999.250 -999.250 -999.250 -999.250 -999.250 -999.250 -999.250 -999.250 -999.250 -999.250 -999.250 -999.250 -999.250 -999.250 -999.250 -999.250 -999.250 -999.250 -999.250 -999.250
7.335 6.812 8.537 4.733 3.402 4.976 6.137 6.024 6.157 6.611 7.850 8.267 9.682 10.617 6.959 5.124 6.762 5.996 4.526 5.458 5.936 7.319 8.689 6.952 7.312 6.300 6.361 8.020 6.422 7.605 6.016 3.390 1.618 1.859 1.348 2.475 3.708 3.942 3.783 6.211 4.488 5.330 6.558 4.150 -999.250 -999.250 -999.250 -999.250 -999.250 -999.250 -999.250 -999.250 -999.250 -999.250 -999.250 -999.250 -999.250 -999.250 -999.250 -999.250 -999.250 -999.250 -999.250 -999.250 -999.250 -999.250 -999.250 -999.250 -999.250
10.837 8.486 10.901 8.106 5.707 5.711 6.586 8.718 7.497 8.463 8.693 8.476 8.683 8.578 12.078 8.204 7.757 8.071 8.049 6.744 6.090 4.588 6.217 6.022 10.095 7.570 8.062 4.903 7.804 6.862 6.710 3.503 2.457 1.034 1.880 2.652 2.860 3.357 4.641 4.744 4.734 5.270 4.407 3.536 -999.250 -999.250 -999.250 -999.250 -999.250 -999.250 -999.250 -999.250 -999.250 -999.250 -999.250 -999.250 -999.250 -999.250 -999.250 -999.250 -999.250 -999.250 -999.250 -999.250 -999.250 -999.250 -999.250 -999.250 -999.250
9.860 10.257 10.098 7.790 6.184 7.293 7.892 9.132 7.490 8.397 9.311 9.512 8.624 9.325 6.209 6.582 3.585 7.390 7.087 5.155 5.581 6.504 6.889 5.400 8.284 7.527 6.619 7.924 6.281 2.604 6.138 4.062 1.643 1.865 3.408 4.662 4.386 2.511 3.279 4.056 4.019 4.459 5.599 5.522 2.896 -999.250 -999.250 -999.250 -999.250 -999.250 -999.250 -999.250 -999.250 -999.250 -999.250 -999.250 -999.250 -999.250 -999.250 -999.250 -999.250 -999.250 -999.250 -999.250 -999.250 -999.250 -999.250 -999.250 -999.250
11.367 12.133 12.707 13.014 10.268 13.500 8.802 11.776 10.995 9.309 8.107 7.005 7.876 6.445 6.373 6.987 7.217 6.467 3.941 1.489 4.517 6.122 5.052 5.916 7.232 9.208 6.415 4.697 3.820 3.783 2.867 2.779 3.089 2.603 3.399 4.779 4.609 2.568 3.775 2.998 3.099 4.739 4.877 5.657 -999.250 -999.250 -999.250 -999.250 -999.250 -999.250 -999.250 -999.250 -999.250 -999.250 -999.250 -999.250 -999.250 -999.250 -999.250 -999.250 -999.250 -999.250 -999.250 -999.250 -999.250 -999.250 -999.250 -999.250 -999.250
12.013 12.247 12.908 15.189 12.254 13.055 11.855 12.576 12.580 11.658 8.472 8.467 7.288 6.231 6.794 7.563 6.775 7.136 4.101 3.601 3.783 4.047 4.103 4.478 7.493 8.772 3.714 4.578 4.055 1.974 2.299 2.226 1.800 2.728 2.536 2.912 2.245 2.792 3.812 4.430 5.109 5.477 4.701 3.536 -999.250 -999.250 -999.250 -999.250 -999.250 -999.250 -999.250 -999.250 -999.250 -999.250 -999.250 -999.250 -999.250 -999.250 -999.250 -999.250 -999.250 -999.250 -999.250 -999.250 -999.250 -999.250 -999.250 -999.250 -999.250
17.094 17.109 16.077 13.973 13.645 12.998 13.602 12.930 13.246 12.126 7.544 5.866 8.531 8.086 7.485 8.330 8.150 6.217 7.326 6.010 7.280 3.952 5.526 5.639 6.954 4.721 2.832 4.603 4.229 2.393 1.989 1.642 0.659 1.880 1.969 2.233 2.830 2.229 3.757 5.801 4.839 5.939 5.511 4.229 -999.250 -999.250 -999.250 -999.250 -999.250 -999.250 -999.250 -999.250 -999.250 -999.250 -999.250 -999.250 -999.250 -999.250 -999.250 -999.250 -999.250 -999.250 -999.250 -999.250 -999.250 -999.250 -999.250 -999.250 -999.250
17.832 19.988 16.283 13.371 13.373 10.453 9.847 12.278 14.184 9.163 8.826 10.428 7.987 9.753 8.055 7.091 8.885 6.310 6.906 3.500 4.430 4.606 5.868 3.780 6.535 4.585 3.336 4.122 3.325 2.714 0.791 1.003 0.000 2.405 2.491 2.358 2.191 3.725 2.926 3.649 3.661 4.576 7.335 6.624 -999.250 -999.250 -999.250 -999.250 -999.250 -999.250 -999.250 -999.250 -999.250 -999.250 -999.250 -999.250 -999.250 -999.250 -999.250 -999.250 -999.250 -999.250 -999.250 -999.250 -999.250 -999.250 -999.250 -999.250 -999.250
15.718 18.079 14.180 12.549 11.717 12.616 11.507 13.316 13.997 10.124 7.400 6.032 10.017 9.503 6.903 5.531 2.913 7.347 3.656 4.109 5.693 5.439 4.512 4.426 4.542 1.971 4.110 3.715 3.568 2.520 1.629 0.000 0.000 1.555 1.656 2.171 3.151 4.421 6.857 3.090 3.803 7.910 5.707 -999.250 -999.250 -999.250 -999.250 -999.250 -999.250 -999.250 -999.250 -999.250 -999.250 -999.250 -999.250 -999.250 -999.250 -999.250 -999.250 -999.250 -999.250 -999.250 -999.250 -999.250 -999.250 -999.250 -999.250 -999.250 -999.250
