data/medianmodel_18-Nov-2020.asc
ncols	141
nrows	288
xllcorner	-120191.398
yllcorner	-301404.813
cellsize	2000.000
NODATA_value	-999.250
[rows 174 to 202 of 288, columns 65 to 129 of 141]
463.446 421.161 364.541 343.455 318.533 301.079 284.832 260.536 240.518 230.364 228.691 223.395 230.381 255.593 249.017 285.987 318.336 345.135 421.893 469.743 508.840 543.649 559.454 598.664 638.405 614.824 661.350 665.888 627.125 600.531 577.899 557.947 545.663 514.052 495.186 472.786 460.168 457.215 451.699 440.406 428.014 409.968 422.111 432.366 351.498 -999.250 -999.250 -999.250 -999.250 -999.250 -999.250 -999.250 -999.250 -999.250 -999.250 -999.250 -999.250 -999.250 -999.250 -999.250 -999.250 -999.250 -999.250 -999.250 -999.250
436.487 446.992 368.309 337.599 328.922 304.884 300.416 271.534 253.734 253.936 250.141 245.288 238.642 236.456 246.060 284.301 314.865 330.496 399.153 456.001 508.190 513.346 551.580 595.685 598.568 659.675 636.459 662.578 589.087 599.489 556.776 564.048 530.236 511.882 514.076 491.851 479.682 487.782 456.652 418.748 442.511 424.200 407.702 393.118 -999.250 -999.250 -999.250 -999.250 -999.250 -999.250 -999.250 -999.250 -999.250 -999.250 -999.250 -999.250 -999.250 -999.250 -999.250 -999.250 -999.250 -999.250 -999.250 -999.250 -999.250
453.813 401.117 384.623 347.626 315.774 306.745 312.111 273.711 278.209 264.226 258.880 261.867 269.841 246.674 226.655 287.620 321.532 344.633 388.379 475.282 480.941 521.326 516.830 551.870 588.646 589.122 613.428 593.975 560.345 565.755 577.727 536.115 498.692 509.776 509.090 459.177 472.618 463.468 461.362 405.480 406.623 425.176 375.013 352.860 -999.250 -999.250 -999.250 -999.250 -999.250 -999.250 -999.250 -999.250 -999.250 -999.250 -999.250 -999.250 -999.250 -999.250 -999.250 -999.250 -999.250 -999.250 -999.250 -999.250 -999.250
448.185 376.402 360.125 339.189 345.570 306.848 292.589 278.479 265.635 266.864 274.569 268.659 277.397 273.523 274.032 296.495 329.964 342.113 382.958 433.240 449.873 498.255 481.012 520.692 492.894 578.409 567.857 532.410 582.165 547.410 533.540 503.810 522.144 526.612 509.302 440.155 458.734 441.024 432.021 409.025 400.408 406.063 371.116 -999.250 -999.250 -999.250 -999.250 -999.250 -999.250 -999.250 -999.250 -999.250 -999.250 -999.250 -999.250 -999.250 -999.250 -999.250 -999.250 -999.250 -999.250 -999.250 -999.250 -999.250 -999.250
437.305 400.796 366.355 352.618 340.643 300.872 287.140 288.643 280.297 260.980 267.236 268.062 290.242 304.388 310.559 315.526 331.005 343.728 355.147 405.891 408.443 411.499 494.480 493.610 491.755 512.760 510.266 541.803 531.829 534.116 530.261 529.418 505.798 493.289 481.616 459.336 427.559 416.969 408.728 388.784 372.055 361.307 366.698 -999.250 -999.250 -999.250 -999.250 -999.250 -999.250 -999.250 -999.250 -999.250 -999.250 -999.250 -999.250 -999.250 -999.250 -999.250 -999.250 -999.250 -999.250 -999.250 -999.250 -999.250 -999.250
413.718 372.820 366.824 358.785 345.047 314.472 300.502 285.461 277.626 275.912 287.368 296.154 300.326 318.931 304.873 328.273 328.363 345.058 362.375 367.173 376.563 390.049 415.249 446.123 476.657 457.533 456.457 475.659 493.137 506.520 481.499 496.127 506.366 500.269 510.473 466.410 452.989 411.742 425.663 443.070 359.662 352.695 -999.250 -999.250 -999.250 -999.250 -999.250 -999.250 -999.250 -999.250 -999.250 -999.250 -999.250 -999.250 -999.250 -999.250 -999.250 -999.250 -999.250 -999.250 -999.250 -999.250 -999.250 -999.250 -999.250
439.359 370.708 359.781 353.382 325.233 317.537 307.721 288.731 289.092 264.302 282.122 304.631 318.913 319.099 319.102 320.509 335.320 360.123 369.765 368.665 353.652 375.542 378.083 388.945 389.191 398.830 417.501 420.406 425.492 471.116 429.062 464.104 462.026 507.471 507.031 459.792 427.603 400.093 431.980 369.431 354.928 337.353 -999.250 -999.250 -999.250 -999.250 -999.250 -999.250 -999.250 -999.250 -999.250 -999.250 -999.250 -999.250 -999.250 -999.250 -999.250 -999.250 -999.250 -999.250 -999.250 -999.250 -999.250 -999.250 -999.250
395.200 341.563 349.307 323.969 314.251 304.023 272.628 275.121 296.393 291.161 302.173 309.106 309.871 325.091 320.163 335.005 344.583 344.700 367.413 358.047 350.274 337.741 365.284 354.135 322.098 339.167 364.170 371.713 393.789 394.397 422.107 462.409 434.833 470.418 435.288 451.237 400.907 379.713 390.457 348.844 351.473 333.733 -999.250 -999.250 -999.250 -999.250 -999.250 -999.250 -999.250 -999.250 -999.250 -999.250 -999.250 -999.250 -999.250 -999.250 -999.250 -999.250 -999.250 -999.250 -999.250 -999.250 -999.250 -999.250 -999.250
340.474 331.639 324.687 316.473 312.678 309.943 310.310 283.533 315.237 309.644 325.435 321.681 319.062 345.174 332.675 351.668 362.828 369.700 342.947 373.622 366.637 321.988 342.152 333.316 299.335 306.047 338.193 333.154 351.782 417.602 447.693 438.643 406.888 438.248 446.445 431.884 410.696 369.785 361.417 342.894 347.564 -999.250 -999.250 -999.250 -999.250 -999.250 -999.250 -999.250 -999.250 -999.250 -999.250 -999.250 -999.250 -999.250 -999.250 -999.250 -999.250 -999.250 -999.250 -999.250 -999.250 -999.250 -999.250 -999.250 -999.250
307.968 307.902 295.849 311.113 295.313 307.269 298.683 293.422 323.350 323.944 318.874 331.016 321.139 326.355 330.180 332.678 362.030 345.378 322.125 330.982 331.592 323.599 318.148 297.384 245.258 232.553 282.918 321.639 336.806 363.821 364.231 387.245 385.164 441.214 429.048 393.096 401.701 340.998 336.640 323.523 -999.250 -999.250 -999.250 -999.250 -999.250 -999.250 -999.250 -999.250 -999.250 -999.250 -999.250 -999.250 -999.250 -999.250 -999.250 -999.250 -999.250 -999.250 -999.250 -999.250 -999.250 -999.250 -999.250 -999.250 -999.250
289.982 290.313 291.354 291.038 275.895 286.751 285.292 303.152 309.930 303.931 318.536 317.109 320.138 322.586 335.553 347.123 324.320 337.092 344.008 339.571 332.213 323.686 284.376 268.067 227.035 148.456 239.951 291.523 335.961 360.607 353.319 356.003 377.823 383.277 357.011 368.487 365.112 335.649 327.184 312.327 -999.250 -999.250 -999.250 -999.250 -999.250 -999.250 -999.250 -999.250 -999.250 -999.250 -999.250 -999.250 -999.250 -999.250 -999.250 -999.250 -999.250 -999.250 -999.250 -999.250 -999.250 -999.250 -999.250 -999.250 -999.250
237.446 229.346 245.002 244.942 250.611 273.614 291.545 304.152 309.592 325.814 306.722 331.128 345.431 345.509 359.057 344.781 334.206 360.432 347.717 342.232 329.945 327.399 296.663 276.316 258.009 204.662 245.198 284.614 311.226 329.472 343.823 357.922 356.280 366.886 357.606 403.383 365.371 342.647 -999.250 -999.250 -999.250 -999.250 -999.250 -999.250 -999.250 -999.250 -999.250 -999.250 -999.250 -999.250 -999.250 -999.250 -999.250 -999.250 -999.250 -999.250 -999.250 -999.250 -999.250 -999.250 -999.250 -999.250 -999.250 -999.250 -999.250
167.206 182.456 213.655 226.377 256.637 255.301 303.003 307.917 326.368 306.156 321.101 344.032 350.139 349.507 366.065 363.486 341.143 354.548 353.846 347.447 321.287 317.759 307.663 295.721 266.777 264.531 274.295 308.530 324.072 325.741 330.605 315.821 349.690 337.330 344.311 361.832 343.384 -999.250 -999.250 -999.250 -999.250 -999.250 -999.250 -999.250 -999.250 -999.250 -999.250 -999.250 -999.250 -999.250 -999.250 -999.250 -999.250 -999.250 -999.250 -999.250 -999.250 -999.250 -999.250 -999.250 -999.250 -999.250 -999.250 -999.250 -999.250
86.605 155.455 208.375 211.789 248.363 266.788 298.797 309.484 310.023 312.721 340.057 347.944 354.112 364.837 392.468 397.979 385.808 363.756 370.830 349.440 322.701 326.343 314.180 289.747 281.895 284.505 294.031 319.682 324.868 300.554 310.980 317.518 319.768 335.956 336.573 325.884 -999.250 -999.250 -999.250 -999.250 -999.250 -999.250 -999.250 -999.250 -999.250 -999.250 -999.250 -999.250 -999.250 -999.250 -999.250 -999.250 -999.250 -999.250 -999.250 -999.250 -999.250 -999.250 -999.250 -999.250 -999.250 -999.250 -999.250 -999.250 -999.250
157.343 172.333 201.504 237.803 259.600 267.217 305.654 313.159 330.154 342.693 358.268 364.799 369.686 385.723 428.428 384.990 396.323 368.475 380.662 364.387 330.482 324.284 309.196 296.320 314.895 292.046 299.379 292.225 307.107 316.069 309.803 306.071 318.823 319.090 335.183 -999.250 -999.250 -999.250 -999.250 -999.250 -999.250 -999.250 -999.250 -999.250 -999.250 -999.250 -999.250 -999.250 -999.250 -999.250 -999.250 -999.250 -999.250 -999.250 -999.250 -999.250 -999.250 -999.250 -999.250 -999.250 -999.250 -999.250 -999.250 -999.250 -999.250
206.647 211.599 234.173 259.585 288.707 293.105 328.616 331.634 345.875 340.075 364.120 369.434 411.380 409.605 414.674 413.770 395.574 385.305 404.563 379.952 356.858 326.877 322.352 295.215 308.520 301.179 297.535 292.250 291.409 299.636 300.737 309.004 290.597 -999.250 -999.250 -999.250 -999.250 -999.250 -999.250 -999.250 -999.250 -999.250 -999.250 -999.250 -999.250 -999.250 -999.250 -999.250 -999.250 -999.250 -999.250 -999.250 -999.250 -999.250 -999.250 -999.250 -999.250 -999.250 -999.250 -999.250 -999.250 -999.250 -999.250 -999.250 -999.250
232.219 238.594 260.984 271.984 298.393 304.087 323.794 330.292 362.085 387.029 399.388 425.782 448.288 424.074 422.788 433.432 403.407 415.338 397.141 382.456 353.573 356.012 324.877 319.929 323.961 302.230 284.222 279.235 275.565 273.908 296.174 286.427 298.908 -999.250 -999.250 -999.250 -999.250 -999.250 -999.250 -999.250 -999.250 -999.250 -999.250 -999.250 -999.250 -999.250 -999.250 -999.250 -999.250 -999.250 -999.250 -999.250 -999.250 -999.250 -999.250 -999.250 -999.250 -999.250 -999.250 -999.250 -999.250 -999.250 -999.250 -999.250 -999.250
246.846 259.764 282.444 309.313 310.871 313.302 333.100 372.156 395.596 441.382 423.268 471.135 460.825 434.921 423.136 457.951 450.837 420.962 437.884 408.873 390.053 370.590 324.224 322.720 308.237 307.321 277.345 264.208 266.048 263.765 239.197 265.462 -999.250 -999.250 -999.250 -999.250 -999.250 -999.250 -999.250 -999.250 -999.250 -999.250 -999.250 -999.250 -999.250 -999.250 -999.250 -999.250 -999.250 -999.250 -999.250 -999.250 -999.250 -999.250 -999.250 -999.250 -999.250 -999.250 -999.250 -999.250 -999.250 -999.250 -999.250 -999.250 -999.250
268.136 270.132 281.178 319.914 319.978 357.957 359.605 396.547 416.382 437.986 488.297 489.562 476.694 460.280 463.349 464.677 466.599 452.794 438.041 438.102 390.129 352.021 362.797 319.254 283.530 265.314 246.002 259.058 238.991 231.039 236.693 232.797 -999.250 -999.250 -999.250 -999.250 -999.250 -999.250 -999.250 -999.250 -999.250 -999.250 -999.250 -999.250 -999.250 -999.250 -999.250 -999.250 -999.250 -999.250 -999.250 -999.250 -999.250 -999.250 -999.250 -999.250 -999.250 -999.250 -999.250 -999.250 -999.250 -999.250 -999.250 -999.250 -999.250
300.052 303.392 328.874 331.029 341.868 381.800 391.235 397.167 432.557 464.703 502.375 537.789 502.418 522.969 476.550 483.488 489.475 490.796 440.737 458.046 443.093 374.459 339.811 305.139 259.989 229.353 229.319 220.114 213.880 223.272 232.361 227.820 -999.250 -999.250 -999.250 -999.250 -999.250 -999.250 -999.250 -999.250 -999.250 -999.250 -999.250 -999.250 -999.250 -999.250 -999.250 -999.250 -999.250 -999.250 -999.250 -999.250 -999.250 -999.250 -999.250 -999.250 -999.250 -999.250 -999.250 -999.250 -999.250 -999.250 -999.250 -999.250 -999.250
306.161 317.758 328.237 338.977 371.296 397.935 442.330 466.047 457.233 451.902 477.199 525.528 532.100 520.811 509.245 505.040 506.792 494.971 483.470 452.922 433.471 371.453 347.603 294.274 262.197 198.782 192.326 207.384 191.448 213.147 209.011 217.712 -999.250 -999.250 -999.250 -999.250 -999.250 -999.250 -999.250 -999.250 -999.250 -999.250 -999.250 -999.250 -999.250 -999.250 -999.250 -999.250 -999.250 -999.250 -999.250 -999.250 -999.250 -999.250 -999.250 -999.250 -999.250 -999.250 -999.250 -999.250 -999.250 -999.250 -999.250 -999.250 -999.250
325.582 344.503 344.631 368.679 402.809 380.610 436.794 463.188 488.136 493.827 481.422 540.011 531.584 549.005 506.210 499.794 495.123 504.411 488.416 470.360 459.533 368.051 338.998 298.881 242.695 140.224 180.872 211.770 210.683 204.781 214.656 215.002 219.764 -999.250 -999.250 -999.250 -999.250 -999.250 -999.250 -999.250 -999.250 -999.250 -999.250 -999.250 -999.250 -999.250 -999.250 -999.250 -999.250 -999.250 -999.250 -999.250 -999.250 -999.250 -999.250 -999.250 -999.250 -999.250 -999.250 -999.250 -999.250 -999.250 -999.250 -999.250 -999.250
336.280 347.068 420.579 388.368 394.304 387.669 437.574 463.856 480.373 516.706 515.734 523.604 532.751 553.937 517.521 502.356 515.559 486.974 450.458 442.688 424.408 397.083 354.399 315.612 247.531 205.366 200.491 218.287 221.997 217.882 214.644 199.589 217.851 -999.250 -999.250 -999.250 -999.250 -999.250 -999.250 -999.250 -999.250 -999.250 -999.250 -999.250 -999.250 -999.250 -999.250 -999.250 -999.250 -999.250 -999.250 -999.250 -999.250 -999.250 -999.250 -999.250 -999.250 -999.250 -999.250 -999.250 -999.250 -999.250 -999.250 -999.250 -999.250
335.594 352.805 385.604 411.740 388.538 435.102 463.029 484.053 515.254 516.361 487.809 505.431 537.446 527.093 467.717 496.803 503.513 482.778 463.553 448.172 416.448 425.224 388.142 339.819 290.049 237.602 239.350 226.360 225.774 210.010 214.421 204.344 -999.250 -999.250 -999.250 -999.250 -999.250 -999.250 -999.250 -999.250 -999.250 -999.250 -999.250 -999.250 -999.250 -999.250 -999.250 -999.250 -999.250 -999.250 -999.250 -999.250 -999.250 -999.250 -999.250 -999.250 -999.250 -999.250 -999.250 -999.250 -999.250 -999.250 -999.250 -999.250 -999.250
350.202 391.453 392.798 388.702 370.031 436.026 480.264 467.032 507.802 496.440 485.551 514.145 505.395 523.819 498.667 484.703 484.137 484.256 485.862 486.450 491.765 455.804 406.105 400.080 326.409 295.823 257.943 243.715 239.314 230.804 223.442 -999.250 -999.250 -999.250 -999.250 -999.250 -999.250 -999.250 -999.250 -999.250 -999.250 -999.250 -999.250 -999.250 -999.250 -999.250 -999.250 -999.250 -999.250 -999.250 -999.250 -999.250 -999.250 -999.250 -999.250 -999.250 -999.250 -999.250 -999.250 -999.250 -999.250 -999.250 -999.250 -999.250 -999.250
358.899 376.821 423.919 420.719 394.058 449.582 473.440 484.948 499.247 505.504 497.276 517.129 532.903 506.250 487.669 482.080 480.394 461.137 462.034 515.977 458.310 486.014 427.910 384.437 353.622 315.024 296.213 260.865 269.649 227.165 226.064 -999.250 -999.250 -999.250 -999.250 -999.250 -999.250 -999.250 -999.250 -999.250 -999.250 -999.250 -999.250 -999.250 -999.250 -999.250 -999.250 -999.250 -999.250 -999.250 -999.250 -999.250 -999.250 -999.250 -999.250 -999.250 -999.250 -999.250 -999.250 -999.250 -999.250 -999.250 -999.250 -999.250 -999.250
390.767 401.040 431.913 444.013 438.091 448.772 483.573 488.064 493.818 504.807 474.981 467.038 469.932 485.360 474.680 484.334 497.201 461.311 468.032 500.470 496.075 477.650 452.615 432.104 372.828 330.640 295.484 286.596 270.754 244.483 234.388 -999.250 -999.250 -999.250 -999.250 -999.250 -999.250 -999.250 -999.250 -999.250 -999.250 -999.250 -999.250 -999.250 -999.250 -999.250 -999.250 -999.250 -999.250 -999.250 -999.250 -999.250 -999.250 -999.250 -999.250 -999.250 -999.250 -999.250 -999.250 -999.250 -999.250 -999.250 -999.250 -999.250 -999.250
411.430 436.046 466.199 460.656 464.596 475.062 453.150 482.760 478.322 476.704 469.569 497.748 478.815 478.026 491.313 499.512 476.485 488.456 486.240 494.461 525.748 501.721 462.307 437.897 394.602 348.701 332.062 293.172 259.080 246.054 222.992 -999.250 -999.250 -999.250 -999.250 -999.250 -999.250 -999.250 -999.250 -999.250 -999.250 -999.250 -999.250 -999.250 -999.250 -999.250 -999.250 -999.250 -999.250 -999.250 -999.250 -999.250 -999.250 -999.250 -999.250 -999.250 -999.250 -999.250 -999.250 -999.250 -999.250 -999.250 -999.250 -999.250 -999.250
420.777 438.135 475.634 477.960 458.128 465.483 468.182 455.678 481.786 462.990 466.272 464.967 473.520 482.806 479.100 501.054 483.906 508.649 503.079 498.424 525.648 512.442 475.717 445.751 404.666 374.337 335.963 310.754 265.446 238.192 -999.250 -999.250 -999.250 -999.250 -999.250 -999.250 -999.250 -999.250 -999.250 -999.250 -999.250 -999.250 -999.250 -999.250 -999.250 -999.250 -999.250 -999.250 -999.250 -999.250 -999.250 -999.250 -999.250 -999.250 -999.250 -999.250 -999.250 -999.250 -999.250 -999.250 -999.250 -999.250 -999.250 -999.250 -999.250
