data/medianmodel_08-Oct-2020.asc
ncols	141
nrows	288
xllcorner	-120191.398
yllcorner	-301404.813
cellsize	2000.000
NODATA_value	-999.250
[rows 210 to 239 of 288, columns 67 to 133 of 141]
1.670 5.915 7.709 10.054 9.909 8.097 7.490 9.303 8.839 5.977 8.153 11.895 12.904 11.680 12.431 12.689 15.913 15.384 13.674 16.972 13.896 12.866 10.399 11.214 11.685 9.521 11.693 8.280 5.465 4.481 2.895 1.968 -999.250 -999.250 -999.250 -999.250 -999.250 -999.250 -999.250 -999.250 -999.250 -999.250 -999.250 -999.250 -999.250 -999.250 -999.250 -999.250 -999.250 -999.250 -999.250 -999.250 -999.250 -999.250 -999.250 -999.250 -999.250 -999.250 -999.250 -999.250 -999.250 -999.250 -999.250 -999.250 -999.250 -999.250 -999.250
6.081 7.590 9.290 8.018 9.098 9.319 8.496 8.878 6.115 5.989 4.653 4.159 8.774 6.271 6.700 12.814 13.194 13.849 14.920 14.413 12.715 14.069 17.849 16.100 11.869 14.873 12.471 14.727 10.427 9.426 9.841 5.376 8.577 -999.250 -999.250 -999.250 -999.250 -999.250 -999.250 -999.250 -999.250 -999.250 -999.250 -999.250 -999.250 -999.250 -999.250 -999.250 -999.250 -999.250 -999.250 -999.250 -999.250 -999.250 -999.250 -999.250 -999.250 -999.250 -999.250 -999.250 -999.250 -999.250 -999.250 -999.250 -999.250 -999.250 -999.250
9.949 8.965 8.453 10.171 11.591 14.262 12.396 13.212 9.576 7.867 4.652 1.162 1.913 7.225 8.767 8.316 9.417 13.040 15.984 17.361 15.355 14.168 17.838 16.682 18.487 16.599 15.707 15.516 13.916 9.448 10.079 9.820 9.913 9.811 -999.250 -999.250 -999.250 -999.250 -999.250 -999.250 -999.250 -999.250 -999.250 -999.250 -999.250 -999.250 -999.250 -999.250 -999.250 -999.250 -999.250 -999.250 -999.250 -999.250 -999.250 -999.250 -999.250 -999.250 -999.250 -999.250 -999.250 -999.250 -999.250 -999.250 -999.250 -999.250 -999.250
12.979 14.471 10.865 15.507 14.502 15.491 11.975 12.224 11.157 9.463 5.821 0.000 1.510 5.713 11.994 11.993 11.375 10.991 14.152 19.566 16.147 15.463 15.318 17.302 18.715 18.592 16.189 18.144 14.627 14.185 10.389 9.748 11.674 12.241 -999.250 -999.250 -999.250 -999.250 -999.250 -999.250 -999.250 -999.250 -999.250 -999.250 -999.250 -999.250 -999.250 -999.250 -999.250 -999.250 -999.250 -999.250 -999.250 -999.250 -999.250 -999.250 -999.250 -999.250 -999.250 -999.250 -999.250 -999.250 -999.250 -999.250 -999.250 -999.250 -999.250
17.153 18.476 17.848 17.563 17.406 17.775 15.341 13.592 12.387 12.487 8.000 5.925 8.292 10.866 9.835 12.121 10.474 15.032 14.526 16.899 17.983 20.315 18.944 21.397 20.665 21.208 19.645 19.065 17.644 17.232 16.991 12.675 13.789 12.660 10.831 -999.250 -999.250 -999.250 -999.250 -999.250 -999.250 -999.250 -999.250 -999.250 -999.250 -999.250 -999.250 -999.250 -999.250 -999.250 -999.250 -999.250 -999.250 -999.250 -999.250 -999.250 -999.250 -999.250 -999.250 -999.250 -999.250 -999.250 -999.250 -999.250 -999.250 -999.250 -999.250
19.314 23.773 19.788 18.280 20.965 18.892 18.443 19.758 17.420 17.316 15.337 11.417 14.720 15.746 15.390 18.379 15.996 17.019 18.370 19.888 19.142 21.105 22.311 24.889 25.399 23.665 25.962 21.334 20.714 19.052 18.439 16.652 15.992 12.378 12.824 9.923 -999.250 -999.250 -999.250 -999.250 -999.250 -999.250 -999.250 -999.250 -999.250 -999.250 -999.250 -999.250 -999.250 -999.250 -999.250 -999.250 -999.250 -999.250 -999.250 -999.250 -999.250 -999.250 -999.250 -999.250 -999.250 -999.250 -999.250 -999.250 -999.250 -999.250 -999.250
27.311 25.813 22.306 21.123 20.190 18.555 21.686 24.853 26.745 23.643 19.027 18.580 16.776 17.517 15.213 15.488 16.794 20.715 20.672 26.608 22.920 24.605 24.392 25.354 27.706 31.004 29.095 26.584 23.480 22.879 20.034 21.166 20.574 15.144 14.775 9.613 -999.250 -999.250 -999.250 -999.250 -999.250 -999.250 -999.250 -999.250 -999.250 -999.250 -999.250 -999.250 -999.250 -999.250 -999.250 -999.250 -999.250 -999.250 -999.250 -999.250 -999.250 -999.250 -999.250 -999.250 -999.250 -999.250 -999.250 -999.250 -999.250 -999.250 -999.250
33.426 30.498 27.899 26.064 23.694 22.405 26.364 30.977 36.298 28.499 23.692 21.212 24.258 21.467 22.878 20.994 17.756 21.944 24.784 25.755 29.434 28.353 31.237 31.003 31.159 30.547 30.985 31.806 32.839 27.858 24.598 24.708 20.907 20.882 17.221 15.326 -999.250 -999.250 -999.250 -999.250 -999.250 -999.250 -999.250 -999.250 -999.250 -999.250 -999.250 -999.250 -999.250 -999.250 -999.250 -999.250 -999.250 -999.250 -999.250 -999.250 -999.250 -999.250 -999.250 -999.250 -999.250 -999.250 -999.250 -999.250 -999.250 -999.250 -999.250
36.303 35.041 29.256 28.917 26.326 26.171 28.526 34.425 33.812 37.725 33.325 27.572 28.949 27.583 27.834 25.545 25.816 26.767 27.298 29.275 30.708 32.272 35.059 37.478 33.811 35.700 32.801 32.492 37.414 38.534 30.520 26.742 22.119 20.243 17.519 16.863 14.835 -999.250 -999.250 -999.250 -999.250 -999.250 -999.250 -999.250 7.648 -999.250 -999.250 -999.250 -999.250 -999.250 -999.250 -999.250 -999.250 -999.250 -999.250 -999.250 -999.250 -999.250 -999.250 -999.250 -999.250 -999.250 -999.250 -999.250 -999.250 -999.250 -999.250
35.656 42.782 37.586 34.518 33.924 31.985 35.012 39.449 39.077 42.886 35.890 33.521 30.636 33.971 35.349 31.295 30.386 35.012 32.935 43.634 39.651 41.673 38.909 40.564 38.146 39.737 32.740 33.585 36.602 38.825 35.193 31.381 23.538 19.128 19.885 17.468 15.686 11.604 -999.250 -999.250 -999.250 3.736 7.501 7.804 7.815 -999.250 -999.250 -999.250 -999.250 -999.250 -999.250 -999.250 -999.250 -999.250 -999.250 -999.250 -999.250 -999.250 -999.250 -999.250 -999.250 -999.250 -999.250 -999.250 -999.250 -999.250 -999.250
39.773 45.741 43.757 43.526 41.026 41.465 47.175 52.645 45.566 42.604 40.001 40.876 36.086 38.713 31.641 29.934 33.437 39.575 33.850 38.014 37.249 46.955 45.763 51.827 43.844 40.931 35.895 39.821 45.369 40.128 36.843 31.905 27.268 24.381 19.975 16.959 15.504 11.552 -999.250 5.093 0.000 2.236 5.403 8.434 -999.250 -999.250 -999.250 -999.250 -999.250 -999.250 -999.250 -999.250 -999.250 -999.250 -999.250 -999.250 -999.250 -999.250 -999.250 -999.250 -999.250 -999.250 -999.250 -999.250 -999.250 -999.250 -999.250
43.481 48.747 45.120 49.173 52.189 54.988 51.863 50.005 51.536 47.764 43.770 48.717 38.390 42.666 42.343 39.165 38.047 42.003 50.220 47.141 45.225 51.587 55.225 58.522 49.939 48.490 50.156 50.248 46.886 45.793 43.877 32.834 26.878 24.424 21.153 16.232 15.132 10.265 7.530 4.956 0.000 0.000 5.772 7.059 -999.250 -999.250 -999.250 -999.250 -999.250 -999.250 -999.250 -999.250 -999.250 -999.250 -999.250 -999.250 -999.250 -999.250 -999.250 -999.250 -999.250 -999.250 -999.250 -999.250 -999.250 -999.250 -999.250
55.922 57.068 55.971 57.181 55.770 64.694 66.010 66.468 58.030 53.372 49.880 43.490 41.908 40.163 43.422 41.011 45.115 45.715 55.903 50.555 50.771 50.540 59.469 62.990 61.806 58.318 62.571 51.621 50.899 50.553 39.426 37.831 31.318 29.713 22.240 19.918 16.266 11.539 8.918 8.452 1.546 1.517 4.673 8.156 -999.250 -999.250 -999.250 -999.250 -999.250 -999.250 -999.250 -999.250 -999.250 -999.250 -999.250 -999.250 -999.250 -999.250 -999.250 -999.250 -999.250 -999.250 -999.250 -999.250 -999.250 -999.250 -999.250
63.730 68.244 73.091 67.708 70.256 67.908 71.094 68.834 63.803 57.017 56.054 64.524 54.596 43.875 49.110 49.685 47.202 49.252 54.397 56.119 60.798 67.751 61.470 65.346 63.536 64.178 54.053 63.146 57.814 46.747 43.228 39.195 34.024 29.788 27.034 21.301 17.421 11.541 7.650 7.464 4.910 4.511 7.570 9.773 -999.250 -999.250 -999.250 -999.250 -999.250 -999.250 -999.250 -999.250 -999.250 -999.250 -999.250 -999.250 -999.250 -999.250 -999.250 -999.250 -999.250 -999.250 -999.250 -999.250 -999.250 -999.250 -999.250
69.614 80.235 83.734 78.669 81.957 77.288 74.693 77.143 72.061 66.846 71.411 70.786 65.380 65.653 61.271 66.479 53.794 61.317 60.745 58.493 62.918 56.865 57.241 62.781 62.570 62.366 57.856 55.630 56.657 45.627 40.501 42.464 36.692 39.408 29.047 24.458 17.302 11.879 13.689 11.397 6.054 8.471 8.229 -999.250 -999.250 -999.250 -999.250 -999.250 -999.250 -999.250 -999.250 -999.250 -999.250 -999.250 -999.250 -999.250 -999.250 -999.250 -999.250 -999.250 -999.250 -999.250 -999.250 -999.250 -999.250 -999.250 -999.250
79.323 86.047 89.975 90.900 82.310 90.014 83.940 78.057 79.295 75.920 74.143 69.573 69.856 67.773 68.666 73.225 63.562 66.637 64.422 59.609 64.731 58.320 65.197 67.581 63.745 61.911 58.395 56.553 50.942 55.660 46.214 41.398 38.953 34.790 29.638 22.604 21.757 16.289 18.437 14.973 9.294 8.960 10.907 -999.250 -999.250 -999.250 -999.250 -999.250 -999.250 -999.250 -999.250 -999.250 -999.250 -999.250 -999.250 -999.250 -999.250 -999.250 -999.250 -999.250 -999.250 -999.250 -999.250 -999.250 -999.250 -999.250 -999.250
91.408 96.125 92.204 98.900 107.469 106.320 100.172 91.117 90.654 84.751 77.010 71.365 75.092 70.829 73.201 74.940 75.268 72.816 70.352 70.419 71.337 69.480 70.787 68.863 69.380 61.917 62.271 55.399 55.711 52.946 52.336 45.159 33.994 38.151 27.854 21.101 23.609 16.859 17.199 14.264 11.128 11.539 9.073 -999.250 -999.250 -999.250 -999.250 -999.250 -999.250 -999.250 -999.250 -999.250 -999.250 -999.250 -999.250 -999.250 -999.250 -999.250 -999.250 -999.250 -999.250 -999.250 -999.250 -999.250 -999.250 -999.250 -999.250
93.449 106.514 108.172 121.626 130.367 124.230 105.397 106.263 106.582 96.791 88.587 78.404 77.616 83.004 83.823 76.442 78.637 77.953 79.478 73.433 73.225 73.522 77.109 76.928 75.575 73.770 65.814 62.268 57.192 48.953 41.752 43.676 41.634 39.339 33.204 30.038 26.166 21.169 14.576 16.591 17.794 13.910 -999.250 -999.250 -999.250 -999.250 -999.250 -999.250 -999.250 -999.250 -999.250 -999.250 -999.250 -999.250 -999.250 -999.250 -999.250 -999.250 -999.250 -999.250 -999.250 -999.250 -999.250 -999.250 -999.250 -999.250 -999.250
105.506 105.965 123.912 140.551 137.401 136.899 115.414 124.270 122.007 98.887 84.898 95.238 83.504 86.627 83.004 84.558 78.547 90.442 89.338 84.045 76.699 78.287 81.847 82.067 77.760 75.818 71.832 69.710 63.638 52.142 50.845 48.706 53.483 43.003 41.812 36.632 33.266 -999.250 -999.250 23.627 18.544 18.421 -999.250 -999.250 -999.250 -999.250 -999.250 -999.250 -999.250 -999.250 -999.250 -999.250 -999.250 -999.250 -999.250 -999.250 -999.250 -999.250 -999.250 -999.250 -999.250 -999.250 -999.250 -999.250 -999.250 -999.250 -999.250
100.617 110.444 133.661 142.946 136.162 137.316 125.976 118.749 112.913 107.079 95.619 96.212 91.950 95.568 91.386 84.742 83.963 86.805 95.475 90.649 88.291 86.017 90.037 80.835 83.299 75.759 70.368 69.804 58.320 55.915 50.931 47.285 48.077 47.252 45.981 36.870 29.701 -999.250 -999.250 -999.250 -999.250 -999.250 -999.250 -999.250 -999.250 -999.250 -999.250 -999.250 -999.250 -999.250 -999.250 -999.250 -999.250 -999.250 -999.250 -999.250 -999.250 -999.250 -999.250 -999.250 -999.250 -999.250 -999.250 -999.250 -999.250 -999.250 -999.250
111.694 112.025 141.924 147.591 143.900 142.839 116.170 116.353 105.984 101.970 92.337 101.760 87.988 88.276 81.840 76.909 87.741 78.648 89.652 87.726 81.593 77.861 80.171 87.658 83.555 81.638 89.093 75.252 74.126 59.799 48.419 44.412 41.729 -999.250 -999.250 32.673 -999.250 -999.250 -999.250 -999.250 -999.250 -999.250 -999.250 -999.250 -999.250 -999.250 -999.250 -999.250 -999.250 -999.250 -999.250 -999.250 -999.250 -999.250 -999.250 -999.250 -999.250 -999.250 -999.250 -999.250 -999.250 -999.250 -999.250 -999.250 -999.250 -999.250 -999.250
98.533 120.023 138.239 136.755 137.761 135.693 121.595 119.647 115.313 102.953 91.931 96.258 91.256 87.137 77.585 80.033 78.279 87.613 85.966 79.924 89.850 92.535 80.813 87.654 81.692 76.350 80.755 76.482 65.449 67.990 60.440 -999.250 -999.250 -999.250 -999.250 -999.250 -999.250 -999.250 -999.250 -999.250 -999.250 -999.250 -999.250 -999.250 -999.250 -999.250 -999.250 -999.250 -999.250 -999.250 -999.250 -999.250 -999.250 -999.250 -999.250 -999.250 -999.250 -999.250 -999.250 -999.250 -999.250 -999.250 -999.250 -999.250 -999.250 -999.250 -999.250
97.639 99.761 113.776 126.551 125.120 131.777 116.386 111.131 104.991 100.737 99.070 95.164 94.959 84.343 84.256 78.863 84.189 77.563 82.842 81.271 88.553 86.846 86.985 84.489 80.845 80.029 78.452 76.780 74.455 67.309 68.234 -999.250 -999.250 -999.250 -999.250 -999.250 -999.250 -999.250 -999.250 -999.250 -999.250 -999.250 -999.250 -999.250 -999.250 -999.250 -999.250 -999.250 -999.250 -999.250 -999.250 -999.250 -999.250 -999.250 -999.250 -999.250 -999.250 -999.250 -999.250 -999.250 -999.250 -999.250 -999.250 -999.250 -999.250 -999.250 -999.250
86.763 94.613 116.889 119.377 126.819 122.211 103.728 101.650 112.232 102.402 95.167 90.213 87.669 91.786 84.871 85.827 76.986 75.012 80.755 93.629 91.346 81.737 86.767 87.593 88.102 78.469 75.568 80.996 80.665 69.430 64.735 -999.250 -999.250 -999.250 -999.250 -999.250 -999.250 -999.250 -999.250 -999.250 -999.250 -999.250 -999.250 -999.250 -999.250 -999.250 -999.250 -999.250 -999.250 -999.250 -999.250 -999.250 -999.250 -999.250 -999.250 -999.250 -999.250 -999.250 -999.250 -999.250 -999.250 -999.250 -999.250 -999.250 -999.250 -999.250 -999.250
77.522 84.064 97.882 103.776 114.009 118.034 102.668 104.354 97.244 92.786 92.296 95.618 87.548 89.802 81.677 87.629 83.596 79.797 81.888 91.391 94.977 95.405 94.404 90.166 84.948 87.003 77.015 80.055 71.234 68.823 67.644 -999.250 -999.250 -999.250 -999.250 -999.250 -999.250 -999.250 -999.250 -999.250 -999.250 -999.250 -999.250 -999.250 -999.250 -999.250 -999.250 -999.250 -999.250 -999.250 -999.250 -999.250 -999.250 -999.250 -999.250 -999.250 -999.250 -999.250 -999.250 -999.250 -999.250 -999.250 -999.250 -999.250 -999.250 -999.250 -999.250
70.679 77.068 89.426 104.000 113.321 110.146 103.863 101.843 95.801 97.154 90.771 81.498 87.185 89.115 89.129 84.219 89.312 88.263 90.913 100.808 96.078 94.334 94.543 95.515 98.277 97.888 86.305 87.384 75.772 76.281 -999.250 -999.250 -999.250 -999.250 -999.250 -999.250 -999.250 -999.250 -999.250 -999.250 -999.250 -999.250 -999.250 -999.250 -999.250 -999.250 -999.250 -999.250 -999.250 -999.250 -999.250 -999.250 -999.250 -999.250 -999.250 -999.250 -999.250 -999.250 -999.250 -999.250 -999.250 -999.250 -999.250 -999.250 -999.250 -999.250 -999.250
70.381 68.790 78.060 84.864 101.295 104.774 100.413 100.060 91.905 87.192 82.240 86.820 81.442 91.298 90.984 86.989 91.274 84.514 97.875 92.852 97.054 98.579 103.565 88.078 97.688 96.980 89.905 87.146 74.726 71.341 -999.250 -999.250 -999.250 -999.250 -999.250 -999.250 -999.250 -999.250 -999.250 -999.250 -999.250 -999.250 -999.250 -999.250 -999.250 -999.250 -999.250 -999.250 -999.250 -999.250 -999.250 -999.250 -999.250 -999.250 -999.250 -999.250 -999.250 -999.250 -999.250 -999.250 -999.250 -999.250 -999.250 -999.250 -999.250 -999.250 -999.250
58.783 64.750 71.699 79.243 90.331 88.233 94.171 97.142 91.655 87.225 82.823 76.715 79.935 87.054 87.772 82.483 83.932 84.302 90.303 89.789 90.732 96.156 103.966 95.832 93.805 96.165 100.953 83.304 81.503 82.643 -999.250 -999.250 -999.250 -999.250 -999.250 -999.250 -999.250 -999.250 -999.250 -999.250 -999.250 -999.250 -999.250 -999.250 -999.250 -999.250 -999.250 -999.250 -999.250 -999.250 -999.250 -999.250 -999.250 -999.250 -999.250 -999.250 -999.250 -999.250 -999.250 -999.250 -999.250 -999.250 -999.250 -999.250 -999.250 -999.250 -999.250
50.717 59.297 67.401 72.718 83.028 82.685 88.557 88.084 88.872 74.506 76.270 73.514 73.110 78.594 80.006 80.131 78.405 81.445 82.401 83.394 85.823 95.006 96.273 91.183 93.970 94.431 97.088 87.033 78.607 -999.250 -999.250 -999.250 -999.250 -999.250 -999.250 -999.250 -999.250 -999.250 -999.250 -999.250 -999.250 -999.250 -999.250 -999.250 -999.250 -999.250 -999.250 -999.250 -999.250 -999.250 -999.250 -999.250 -999.250 -999.250 -999.250 -999.250 -999.250 -999.250 -999.250 -999.250 -999.250 -999.250 -999.250 -999.250 -999.250 -999.250 -999.250
40.974 41.574 56.153 63.911 69.526 69.965 77.950 77.376 74.479 79.166 70.645 73.038 69.073 70.359 71.559 70.643 77.795 74.568 77.099 77.129 93.324 95.876 96.910 88.014 94.892 93.465 83.445 87.431 80.662 -999.250 -999.250 -999.250 -999.250 -999.250 -999.250 -999.250 -999.250 -999.250 -999.250 -999.250 -999.250 -999.250 -999.250 -999.250 -999.250 -999.250 -999.250 -999.250 -999.250 -999.250 -999.250 -999.250 -999.250 -999.250 -999.250 -999.250 -999.250 -999.250 -999.250 -999.250 -999.250 -999.250 -999.250 -999.250 -999.250 -999.250 -999.250
