data/medianmodel_24-Feb-2021.asc
ncols	141
nrows	288
xllcorner	-120191.398
yllcorner	-301404.813
cellsize	2000.000
NODATA_value	-999.250
[rows 87 to 115 of 288, columns 0 to 64 of 141]
-999.250 -999.250 -999.250 -999.250 -999.250 -999.250 -999.250 -999.250 -999.250 -999.250 -999.250 -999.250 -999.250 -999.250 -999.250 -999.250 -999.250 -999.250 -999.250 -999.250 -999.250 -999.250 -999.250 -999.250 -999.250 -999.250 -999.250 -999.250 -999.250 -999.250 -999.250 -999.250 -999.250 162.423 164.097 171.241 172.814 167.508 175.018 179.771 187.430 192.576 206.823 206.440 202.570 216.647 203.551 192.740 183.210 170.178 162.495 155.618 144.630 129.861 108.651 101.755 87.939 77.258 65.980 60.705 59.002 58.323 62.226 70.814 75.442
-999.250 -999.250 -999.250 -999.250 -999.250 -999.250 -999.250 -999.250 -999.250 -999.250 -999.250 -999.250 -999.250 -999.250 -999.250 -999.250 -999.250 -999.250 -999.250 -999.250 -999.250 -999.250 -999.250 -999.250 -999.250 -999.250 -999.250 -999.250 -999.250 -999.250 -999.250 -999.250 157.211 156.674 157.951 153.382 153.287 154.741 162.585 174.083 181.608 181.610 196.289 205.291 205.233 199.554 194.871 181.988 178.447 170.512 153.670 147.829 140.196 121.154 109.666 95.243 86.432 81.478 75.814 69.470 69.677 74.920 79.780 85.038 85.140
-999.250 -999.250 -999.250 -999.250 -999.250 -999.250 -999.250 -999.250 -999.250 -999.250 -999.250 -999.250 -999.250 -999.250 -999.250 -999.250 -999.250 -999.250 -999.250 -999.250 -999.250 -999.250 -999.250 -999.250 -999.250 -999.250 -999.250 -999.250 -999.250 -999.250 -999.250 -999.250 154.997 154.437 147.893 142.495 139.554 147.265 157.519 164.579 172.345 177.869 189.480 194.045 204.464 197.379 193.843 184.389 169.810 168.915 152.177 140.917 124.938 122.093 106.485 90.580 82.927 78.011 74.598 69.758 79.617 88.587 98.626 97.951 101.748
-999.250 -999.250 -999.250 -999.250 -999.250 -999.250 -999.250 -999.250 -999.250 -999.250 -999.250 -999.250 -999.250 -999.250 -999.250 -999.250 -999.250 -999.250 -999.250 -999.250 -999.250 -999.250 -999.250 -999.250 -999.250 -999.250 -999.250 -999.250 -999.250 -999.250 -999.250 -999.250 156.747 146.178 144.511 133.281 131.926 145.946 151.748 157.845 163.704 173.725 181.008 195.255 189.696 196.315 188.887 181.013 171.680 163.236 144.869 132.062 121.531 103.867 97.838 88.329 79.802 69.607 75.481 82.585 84.266 96.238 110.028 109.579 113.396
-999.250 -999.250 -999.250 -999.250 -999.250 -999.250 -999.250 -999.250 -999.250 -999.250 -999.250 -999.250 -999.250 -999.250 -999.250 -999.250 -999.250 -999.250 -999.250 -999.250 -999.250 -999.250 -999.250 -999.250 -999.250 -999.250 -999.250 -999.250 -999.250 -999.250 -999.250 -999.250 156.945 151.326 142.309 138.046 135.174 148.416 156.673 158.585 166.981 172.544 177.961 181.777 198.877 190.950 190.772 177.367 172.270 160.995 143.074 130.092 112.114 98.140 89.010 79.814 71.223 65.516 70.358 81.476 87.709 97.517 110.390 112.662 109.888
-999.250 -999.250 -999.250 -999.250 -999.250 -999.250 -999.250 -999.250 -999.250 -999.250 -999.250 -999.250 -999.250 -999.250 -999.250 -999.250 -999.250 -999.250 -999.250 -999.250 -999.250 -999.250 -999.250 -999.250 -999.250 -999.250 -999.250 -999.250 -999.250 -999.250 -999.250 165.099 160.829 154.058 147.985 144.358 144.773 152.355 156.703 158.812 165.835 179.796 180.560 184.569 188.861 190.191 185.179 179.670 172.678 161.180 145.271 129.902 118.755 93.823 82.369 77.252 66.996 65.981 69.385 77.618 93.757 107.496 120.047 117.680 120.566
-999.250 -999.250 -999.250 -999.250 -999.250 -999.250 -999.250 -999.250 -999.250 -999.250 -999.250 -999.250 -999.250 -999.250 -999.250 -999.250 -999.250 -999.250 -999.250 -999.250 -999.250 -999.250 -999.250 -999.250 -999.250 -999.250 -999.250 -999.250 -999.250 -999.250 -999.250 163.095 150.587 153.893 155.057 157.062 153.209 155.802 157.947 169.040 176.686 180.247 186.819 190.349 195.279 185.109 194.438 177.887 173.599 164.713 145.002 129.287 111.184 98.860 86.077 73.235 64.374 68.972 74.612 85.789 104.605 121.326 130.510 134.514 137.977
-999.250 -999.250 -999.250 -999.250 -999.250 -999.250 -999.250 -999.250 -999.250 -999.250 -999.250 -999.250 -999.250 -999.250 -999.250 -999.250 -999.250 -999.250 -999.250 -999.250 -999.250 -999.250 -999.250 -999.250 -999.250 -999.250 -999.250 -999.250 -999.250 -999.250 -999.250 166.307 165.007 163.101 161.124 159.044 164.471 160.593 161.327 170.898 180.485 190.340 186.990 195.351 200.020 201.505 192.862 182.307 179.531 170.665 156.764 139.797 109.797 99.226 86.750 75.940 65.518 64.884 77.515 95.590 113.504 135.895 153.332 160.680 161.046
-999.250 -999.250 -999.250 -999.250 -999.250 -999.250 -999.250 -999.250 -999.250 -999.250 -999.250 -999.250 -999.250 -999.250 -999.250 -999.250 -999.250 -999.250 -999.250 -999.250 -999.250 -999.250 -999.250 -999.250 -999.250 -999.250 -999.250 -999.250 -999.250 -999.250 -999.250 171.580 173.142 173.422 169.033 167.660 169.261 169.406 174.265 182.520 198.815 191.575 190.824 204.711 212.705 211.756 205.107 196.467 190.498 168.900 159.328 142.982 124.727 104.385 91.442 79.829 66.971 70.017 88.357 105.480 133.894 160.468 179.484 189.059 191.891
-999.250 -999.250 -999.250 -999.250 -999.250 -999.250 -999.250 -999.250 -999.250 -999.250 -999.250 -999.250 -999.250 -999.250 -999.250 -999.250 -999.250 -999.250 -999.250 -999.250 -999.250 -999.250 -999.250 -999.250 -999.250 -999.250 -999.250 -999.250 -999.250 -999.250 176.363 182.331 179.073 174.557 178.572 181.130 186.114 187.792 186.710 199.525 207.960 210.340 206.398 203.475 218.222 224.782 222.897 204.600 193.279 183.489 172.193 158.857 131.817 109.516 97.398 81.566 69.691 70.653 91.817 124.378 154.056 183.880 203.927 231.319 241.052
-999.250 -999.250 -999.250 -999.250 -999.250 -999.250 -999.250 -999.250 -999.250 -999.250 -999.250 -999.250 -999.250 -999.250 -999.250 -999.250 -999.250 -999.250 -999.250 -999.250 -999.250 -999.250 -999.250 -999.250 -999.250 -999.250 -999.250 -999.250 -999.250 -999.250 174.670 181.686 189.138 184.980 190.786 207.528 206.217 208.185 202.999 206.728 219.236 211.349 221.762 245.444 226.608 238.540 236.015 217.912 210.118 207.354 179.226 172.278 156.537 131.132 113.308 96.383 71.232 64.934 90.977 131.385 165.259 203.320 253.961 284.540 300.306
-999.250 -999.250 -999.250 -999.250 -999.250 -999.250 -999.250 -999.250 -999.250 -999.250 -999.250 -999.250 -999.250 -999.250 -999.250 -999.250 -999.250 -999.250 -999.250 -999.250 -999.250 -999.250 -999.250 -999.250 -999.250 -999.250 -999.250 -999.250 -999.250 -999.250 177.739 187.518 192.006 201.041 204.661 218.182 224.756 237.109 230.406 238.328 246.877 257.725 263.516 264.080 269.038 252.511 246.176 239.228 230.304 222.759 195.535 182.462 166.531 152.000 132.303 106.340 80.716 56.799 96.857 145.683 179.899 215.735 272.365 321.211 369.458
-999.250 -999.250 -999.250 -999.250 -999.250 -999.250 -999.250 -999.250 -999.250 -999.250 -999.250 -999.250 -999.250 -999.250 -999.250 -999.250 -999.250 -999.250 -999.250 -999.250 -999.250 -999.250 -999.250 -999.250 -999.250 -999.250 -999.250 -999.250 -999.250 -999.250 186.499 201.681 201.753 213.087 219.369 230.476 238.196 254.189 247.026 273.234 271.343 276.959 283.106 277.973 290.146 281.963 272.845 268.042 265.392 253.661 229.225 213.915 198.283 177.462 154.764 128.950 104.387 98.546 123.508 164.716 193.572 229.022 279.267 307.083 333.530
-999.250 -999.250 -999.250 -999.250 -999.250 -999.250 -999.250 -999.250 -999.250 -999.250 -999.250 -999.250 -999.250 -999.250 -999.250 -999.250 -999.250 -999.250 -999.250 -999.250 -999.250 -999.250 -999.250 -999.250 -999.250 -999.250 -999.250 -999.250 -999.250 190.439 193.655 197.211 201.225 229.660 239.078 255.591 256.616 263.308 277.880 287.837 299.058 306.567 306.683 306.095 297.163 302.665 290.082 294.701 287.557 272.934 268.681 260.306 228.887 203.960 178.683 158.958 145.987 140.957 151.598 178.902 217.085 258.318 277.901 311.297 313.623
-999.250 -999.250 -999.250 -999.250 -999.250 -999.250 -999.250 -999.250 -999.250 -999.250 -999.250 -999.250 -999.250 -999.250 -999.250 -999.250 -999.250 -999.250 -999.250 -999.250 -999.250 -999.250 -999.250 -999.250 -999.250 -999.250 -999.250 -999.250 -999.250 197.815 200.965 189.946 218.383 247.146 253.430 266.926 269.648 276.987 281.078 297.843 313.746 321.856 334.313 329.852 330.348 320.730 322.478 318.222 313.479 296.325 291.291 283.466 264.301 239.352 220.306 189.876 176.571 171.128 182.995 196.369 233.552 265.193 283.014 301.182 312.413
-999.250 -999.250 -999.250 -999.250 -999.250 -999.250 -999.250 -999.250 -999.250 -999.250 -999.250 -999.250 -999.250 -999.250 -999.250 -999.250 -999.250 -999.250 -999.250 -999.250 -999.250 -999.250 -999.250 -999.250 -999.250 -999.250 -999.250 -999.250 -999.250 215.983 215.377 208.609 240.229 258.877 262.590 279.714 288.640 286.019 298.860 314.152 324.404 328.115 341.058 340.626 339.153 342.888 347.984 340.201 332.992 318.641 307.103 296.199 285.752 277.494 250.318 218.405 195.927 186.414 196.026 217.616 233.527 271.654 277.535 288.380 294.757
-999.250 -999.250 -999.250 -999.250 -999.250 -999.250 -999.250 -999.250 -999.250 -999.250 -999.250 -999.250 -999.250 -999.250 -999.250 -999.250 -999.250 -999.250 -999.250 -999.250 -999.250 -999.250 -999.250 -999.250 -999.250 -999.250 -999.250 -999.250 -999.250 226.722 234.383 237.917 266.260 267.229 283.261 291.606 305.839 310.343 313.079 314.947 330.830 338.432 342.935 358.999 355.479 356.328 362.303 350.259 352.185 341.432 320.685 312.858 308.426 296.892 275.781 250.091 215.215 209.397 217.146 226.739 233.905 266.442 284.058 289.838 298.136
-999.250 -999.250 -999.250 -999.250 -999.250 -999.250 -999.250 -999.250 -999.250 -999.250 -999.250 -999.250 -999.250 -999.250 -999.250 -999.250 -999.250 -999.250 -999.250 -999.250 -999.250 -999.250 -999.250 -999.250 -999.250 -999.250 -999.250 -999.250 243.850 235.081 255.961 261.806 267.800 284.972 296.556 306.540 315.350 322.040 323.453 334.347 335.114 351.599 358.116 364.858 370.181 365.647 403.692 391.434 373.251 350.240 344.627 324.103 314.673 313.925 286.112 264.320 237.645 235.500 241.917 245.077 252.715 262.986 279.949 285.795 279.657
-999.250 -999.250 -999.250 -999.250 -999.250 -999.250 -999.250 -999.250 -999.250 -999.250 -999.250 -999.250 -999.250 -999.250 -999.250 -999.250 -999.250 -999.250 -999.250 -999.250 -999.250 -999.250 -999.250 -999.250 -999.250 -999.250 -999.250 -999.250 246.365 257.733 260.077 280.030 293.077 288.525 300.892 304.483 308.403 322.812 321.775 333.532 339.464 344.058 361.714 355.104 383.896 410.594 445.716 418.838 377.565 340.344 343.263 330.222 319.554 313.777 292.877 272.471 257.863 245.456 254.043 242.722 258.357 261.192 267.849 272.699 267.553
-999.250 -999.250 -999.250 -999.250 -999.250 -999.250 -999.250 -999.250 -999.250 -999.250 -999.250 -999.250 -999.250 -999.250 -999.250 -999.250 -999.250 -999.250 -999.250 -999.250 -999.250 -999.250 -999.250 -999.250 -999.250 -999.250 -999.250 225.109 241.948 259.698 272.718 284.812 282.346 291.321 304.264 308.660 316.053 324.331 333.016 325.226 334.534 338.896 359.184 363.855 369.552 393.485 407.809 380.112 360.672 340.949 339.307 334.526 334.574 314.495 299.543 289.770 271.937 254.678 238.317 240.883 255.129 268.135 260.158 266.168 263.307
-999.250 -999.250 -999.250 -999.250 -999.250 -999.250 -999.250 -999.250 -999.250 -999.250 -999.250 -999.250 -999.250 -999.250 -999.250 -999.250 -999.250 -999.250 -999.250 -999.250 -999.250 -999.250 -999.250 -999.250 -999.250 -999.250 -999.250 237.989 252.109 278.789 282.891 290.529 296.222 300.098 305.244 315.547 306.595 325.217 327.985 329.766 328.397 332.343 336.557 352.995 355.721 366.183 352.416 370.252 364.259 355.925 343.742 342.502 328.724 325.025 302.637 295.076 280.921 263.034 249.560 247.947 247.532 242.257 257.060 263.301 247.960
-999.250 -999.250 -999.250 -999.250 -999.250 -999.250 -999.250 -999.250 -999.250 -999.250 -999.250 -999.250 -999.250 -999.250 -999.250 -999.250 -999.250 -999.250 -999.250 -999.250 -999.250 -999.250 -999.250 -999.250 -999.250 -999.250 -999.250 247.828 264.392 270.637 279.912 293.577 307.502 298.100 307.045 314.146 311.961 318.849 317.585 317.141 306.368 323.400 324.854 334.975 332.716 343.007 347.219 343.901 344.258 336.537 339.419 334.575 327.844 321.997 308.112 302.060 286.603 275.639 255.030 238.398 230.528 223.890 232.389 237.863 227.538
-999.250 -999.250 -999.250 -999.250 -999.250 -999.250 -999.250 -999.250 -999.250 -999.250 -999.250 -999.250 -999.250 -999.250 -999.250 -999.250 -999.250 -999.250 -999.250 -999.250 -999.250 -999.250 -999.250 -999.250 -999.250 -999.250 -999.250 254.587 273.813 271.273 277.461 292.386 292.807 295.384 296.612 306.132 313.637 306.083 308.392 308.829 296.616 298.045 308.609 313.960 308.268 313.725 320.461 326.445 335.892 330.053 331.288 328.534 341.234 323.805 313.981 309.218 294.217 279.072 264.046 229.290 218.377 205.890 205.129 204.982 201.696
-999.250 -999.250 -999.250 -999.250 -999.250 -999.250 -999.250 -999.250 -999.250 -999.250 -999.250 -999.250 -999.250 -999.250 -999.250 -999.250 -999.250 -999.250 -999.250 -999.250 -999.250 -999.250 -999.250 -999.250 -999.250 -999.250 -999.250 -999.250 266.291 269.799 275.876 283.483 287.383 301.333 294.477 308.673 319.633 307.538 313.237 310.081 289.231 286.452 286.659 279.492 284.242 290.729 296.178 323.669 329.967 340.854 331.732 332.975 324.768 325.396 323.158 320.321 307.651 288.078 255.471 220.957 201.076 187.273 185.522 179.333 178.742
-999.250 -999.250 -999.250 -999.250 -999.250 -999.250 -999.250 -999.250 -999.250 -999.250 -999.250 -999.250 -999.250 -999.250 -999.250 -999.250 -999.250 -999.250 -999.250 -999.250 -999.250 -999.250 -999.250 -999.250 -999.250 -999.250 -999.250 -999.250 242.172 272.741 270.949 278.042 291.396 304.528 316.746 313.341 317.084 301.429 303.421 304.716 286.729 276.942 274.084 256.914 254.891 269.547 274.959 290.967 319.840 327.947 325.406 319.093 329.210 330.795 331.687 334.953 318.828 305.649 276.792 222.932 183.969 181.271 173.416 170.597 168.190
-999.250 -999.250 -999.250 -999.250 -999.250 -999.250 -999.250 -999.250 -999.250 -999.250 -999.250 -999.250 -999.250 -999.250 -999.250 -999.250 -999.250 -999.250 -999.250 -999.250 -999.250 -999.250 -999.250 -999.250 -999.250 -999.250 -999.250 -999.250 241.993 262.594 267.550 282.714 283.752 302.270 306.056 312.685 311.010 307.546 313.884 299.275 292.675 277.517 258.459 222.681 207.043 201.098 247.691 287.871 314.073 327.398 330.744 332.096 333.162 334.438 348.416 349.691 341.085 322.597 292.050 239.491 210.974 191.497 178.499 169.192 159.908
-999.250 -999.250 -999.250 -999.250 -999.250 -999.250 -999.250 -999.250 -999.250 -999.250 -999.250 -999.250 -999.250 -999.250 -999.250 -999.250 -999.250 -999.250 -999.250 -999.250 -999.250 -999.250 -999.250 -999.250 -999.250 -999.250 -999.250 -999.250 254.824 258.117 261.008 274.691 283.220 293.567 298.546 305.571 312.742 306.003 319.911 307.357 296.228 275.813 249.136 208.634 184.308 163.537 223.592 289.020 334.473 343.241 346.286 346.239 347.575 348.228 358.982 364.016 354.852 343.283 317.891 278.585 235.987 206.582 179.416 165.512 150.784
-999.250 -999.250 -999.250 -999.250 -999.250 -999.250 -999.250 -999.250 -999.250 -999.250 -999.250 -999.250 -999.250 -999.250 -999.250 -999.250 -999.250 -999.250 -999.250 -999.250 -999.250 -999.250 -999.250 -999.250 -999.250 -999.250 -999.250 -999.250 240.984 243.824 258.477 271.520 284.276 275.898 283.012 295.558 322.188 322.485 326.237 320.448 305.569 279.254 250.189 231.360 215.602 219.462 274.943 325.740 358.779 398.733 380.956 367.942 378.528 371.735 396.945 389.936 398.152 379.996 347.165 310.115 269.019 221.749 190.251 168.619 148.064
-999.250 -999.250 -999.250 -999.250 -999.250 -999.250 -999.250 -999.250 -999.250 -999.250 -999.250 -999.250 -999.250 -999.250 -999.250 -999.250 -999.250 -999.250 -999.250 -999.250 -999.250 -999.250 -999.250 -999.250 -999.250 -999.250 -999.250 245.308 238.787 237.519 250.586 265.582 268.559 282.712 280.404 290.255 307.729 321.860 327.153 332.944 316.078 288.102 266.937 272.545 261.286 285.578 322.119 349.134 442.401 438.337 439.612 410.163 412.665 413.342 402.739 411.865 415.202 446.857 392.735 340.943 295.813 247.370 198.853 170.944 158.714
