data/medianmodel_28-Oct-2020.asc
ncols	141
nrows	288
xllcorner	-120191.398
yllcorner	-301404.813
cellsize	2000.000
NODATA_value	-999.250
[rows 87 to 115 of 288, columns 0 to 65 of 141]
-999.250 -999.250 -999.250 -999.250 -999.250 -999.250 -999.250 -999.250 -999.250 -999.250 -999.250 -999.250 -999.250 -999.250 -999.250 -999.250 -999.250 -999.250 -999.250 -999.250 -999.250 -999.250 -999.250 -999.250 -999.250 -999.250 -999.250 -999.250 -999.250 -999.250 -999.250 -999.250 -999.250 186.787 189.150 202.533 199.249 204.978 196.193 185.823 161.547 136.562 130.744 111.795 117.374 116.608 125.685 148.810 174.778 206.316 229.356 236.375 259.638 252.511 250.044 242.230 288.276 286.948 284.353 283.311 270.400 250.687 238.645 216.492 197.467 179.753
-999.250 -999.250 -999.250 -999.250 -999.250 -999.250 -999.250 -999.250 -999.250 -999.250 -999.250 -999.250 -999.250 -999.250 -999.250 -999.250 -999.250 -999.250 -999.250 -999.250 -999.250 -999.250 -999.250 -999.250 -999.250 -999.250 -999.250 -999.250 -999.250 -999.250 -999.250 -999.250 162.114 184.548 194.026 186.728 197.619 186.593 184.177 183.506 176.269 141.511 135.837 112.035 108.238 100.511 120.122 127.850 146.447 183.398 194.639 197.256 211.671 212.139 217.760 228.419 250.356 236.862 251.512 258.114 252.323 246.238 248.602 224.185 195.220 197.661
-999.250 -999.250 -999.250 -999.250 -999.250 -999.250 -999.250 -999.250 -999.250 -999.250 -999.250 -999.250 -999.250 -999.250 -999.250 -999.250 -999.250 -999.250 -999.250 -999.250 -999.250 -999.250 -999.250 -999.250 -999.250 -999.250 -999.250 -999.250 -999.250 -999.250 -999.250 -999.250 157.603 165.720 170.586 164.649 180.113 183.270 174.265 173.216 149.236 146.739 127.693 115.083 109.585 110.812 124.841 126.832 132.227 158.736 185.170 190.205 194.552 188.803 190.482 195.756 208.508 240.269 210.849 252.500 265.879 249.232 262.289 227.428 214.115 202.873
-999.250 -999.250 -999.250 -999.250 -999.250 -999.250 -999.250 -999.250 -999.250 -999.250 -999.250 -999.250 -999.250 -999.250 -999.250 -999.250 -999.250 -999.250 -999.250 -999.250 -999.250 -999.250 -999.250 -999.250 -999.250 -999.250 -999.250 -999.250 -999.250 -999.250 -999.250 -999.250 154.887 170.378 171.457 182.641 171.504 184.045 176.918 144.090 142.152 134.875 131.605 125.270 123.869 118.945 138.621 137.039 149.321 140.372 141.556 148.187 150.798 136.924 159.737 188.836 213.638 222.942 239.647 237.252 247.563 252.772 254.202 244.482 196.091 175.514
-999.250 -999.250 -999.250 -999.250 -999.250 -999.250 -999.250 -999.250 -999.250 -999.250 -999.250 -999.250 -999.250 -999.250 -999.250 -999.250 -999.250 -999.250 -999.250 -999.250 -999.250 -999.250 -999.250 -999.250 -999.250 -999.250 -999.250 -999.250 -999.250 -999.250 -999.250 -999.250 161.580 167.970 182.818 176.434 173.055 158.262 162.353 157.312 141.919 144.688 131.630 137.290 153.347 160.719 164.555 146.685 151.706 140.386 136.630 145.521 143.425 129.047 142.788 174.512 195.902 219.081 242.054 265.246 231.482 244.345 239.333 215.666 194.624 156.567
-999.250 -999.250 -999.250 -999.250 -999.250 -999.250 -999.250 -999.250 -999.250 -999.250 -999.250 -999.250 -999.250 -999.250 -999.250 -999.250 -999.250 -999.250 -999.250 -999.250 -999.250 -999.250 -999.250 -999.250 -999.250 -999.250 -999.250 -999.250 -999.250 -999.250 -999.250 175.438 179.328 179.484 172.815 176.951 162.489 170.179 181.242 152.171 143.600 129.776 146.323 143.758 161.483 172.945 188.408 182.871 166.456 160.172 145.239 143.783 133.108 140.092 145.666 147.019 202.771 240.768 222.975 251.939 261.563 233.530 204.436 188.895 169.392 143.506
-999.250 -999.250 -999.250 -999.250 -999.250 -999.250 -999.250 -999.250 -999.250 -999.250 -999.250 -999.250 -999.250 -999.250 -999.250 -999.250 -999.250 -999.250 -999.250 -999.250 -999.250 -999.250 -999.250 -999.250 -999.250 -999.250 -999.250 -999.250 -999.250 -999.250 -999.250 202.175 182.092 163.531 175.339 176.346 180.504 156.331 167.931 168.632 156.318 159.392 153.521 170.886 174.580 188.190 220.119 193.213 196.593 167.061 162.436 141.026 120.310 138.185 139.831 155.730 175.339 207.639 258.662 265.941 271.993 263.529 229.896 178.145 151.210 121.597
-999.250 -999.250 -999.250 -999.250 -999.250 -999.250 -999.250 -999.250 -999.250 -999.250 -999.250 -999.250 -999.250 -999.250 -999.250 -999.250 -999.250 -999.250 -999.250 -999.250 -999.250 -999.250 -999.250 -999.250 -999.250 -999.250 -999.250 -999.250 -999.250 -999.250 -999.250 180.906 190.651 192.401 195.455 193.891 184.832 173.899 162.290 153.408 151.909 150.936 177.788 155.566 164.719 184.512 197.539 187.267 175.923 171.717 163.162 154.648 141.674 143.206 158.790 175.219 195.615 225.602 267.903 266.038 251.634 225.118 225.214 191.484 134.481 116.399
-999.250 -999.250 -999.250 -999.250 -999.250 -999.250 -999.250 -999.250 -999.250 -999.250 -999.250 -999.250 -999.250 -999.250 -999.250 -999.250 -999.250 -999.250 -999.250 -999.250 -999.250 -999.250 -999.250 -999.250 -999.250 -999.250 -999.250 -999.250 -999.250 -999.250 -999.250 196.103 207.406 208.988 194.388 204.310 202.604 195.170 175.179 143.563 165.529 154.843 160.200 143.347 143.384 173.787 175.062 189.732 166.654 171.623 174.538 177.398 177.776 167.960 155.684 162.089 191.017 214.657 242.745 284.097 256.837 222.489 209.608 160.390 133.425 105.779
-999.250 -999.250 -999.250 -999.250 -999.250 -999.250 -999.250 -999.250 -999.250 -999.250 -999.250 -999.250 -999.250 -999.250 -999.250 -999.250 -999.250 -999.250 -999.250 -999.250 -999.250 -999.250 -999.250 -999.250 -999.250 -999.250 -999.250 -999.250 -999.250 -999.250 180.592 195.654 223.317 210.075 215.107 223.368 211.318 195.397 188.381 161.885 171.190 149.426 150.480 168.899 142.017 154.482 152.352 174.950 160.053 193.938 178.852 176.476 164.264 177.580 167.444 135.964 165.322 180.408 223.747 306.161 255.081 218.206 192.598 141.196 116.004 90.941
-999.250 -999.250 -999.250 -999.250 -999.250 -999.250 -999.250 -999.250 -999.250 -999.250 -999.250 -999.250 -999.250 -999.250 -999.250 -999.250 -999.250 -999.250 -999.250 -999.250 -999.250 -999.250 -999.250 -999.250 -999.250 -999.250 -999.250 -999.250 -999.250 -999.250 198.339 197.318 218.463 233.720 207.724 217.776 193.911 203.775 190.250 173.356 166.977 181.721 160.241 149.726 148.732 159.574 150.648 168.290 177.571 181.849 198.354 203.035 198.590 172.546 177.008 160.903 138.316 132.180 179.977 225.714 235.381 203.747 177.004 133.474 110.640 83.938
-999.250 -999.250 -999.250 -999.250 -999.250 -999.250 -999.250 -999.250 -999.250 -999.250 -999.250 -999.250 -999.250 -999.250 -999.250 -999.250 -999.250 -999.250 -999.250 -999.250 -999.250 -999.250 -999.250 -999.250 -999.250 -999.250 -999.250 -999.250 -999.250 -999.250 174.916 193.379 209.264 239.069 218.571 215.801 212.782 193.732 190.034 182.884 182.559 161.716 167.602 157.019 149.113 161.844 179.534 185.312 181.026 190.706 214.014 225.429 234.618 219.184 204.675 170.416 126.900 79.518 139.614 183.497 195.247 178.527 171.259 129.602 87.966 73.645
-999.250 -999.250 -999.250 -999.250 -999.250 -999.250 -999.250 -999.250 -999.250 -999.250 -999.250 -999.250 -999.250 -999.250 -999.250 -999.250 -999.250 -999.250 -999.250 -999.250 -999.250 -999.250 -999.250 -999.250 -999.250 -999.250 -999.250 -999.250 -999.250 -999.250 159.832 190.959 199.711 222.201 205.642 229.924 197.918 204.326 188.007 199.245 188.512 189.454 176.249 154.297 171.415 182.356 198.844 189.010 186.069 205.793 234.835 239.811 274.484 258.048 237.342 193.649 146.052 124.602 143.168 163.805 184.491 144.197 129.648 115.353 89.596 74.298
-999.250 -999.250 -999.250 -999.250 -999.250 -999.250 -999.250 -999.250 -999.250 -999.250 -999.250 -999.250 -999.250 -999.250 -999.250 -999.250 -999.250 -999.250 -999.250 -999.250 -999.250 -999.250 -999.250 -999.250 -999.250 -999.250 -999.250 -999.250 -999.250 132.634 170.253 192.005 211.604 205.043 214.035 227.354 204.849 217.843 184.737 175.498 172.416 190.467 187.459 180.839 185.943 188.742 179.261 189.953 208.550 225.280 252.487 291.401 284.644 287.506 283.090 231.077 210.556 190.403 184.190 167.843 155.223 137.673 127.667 113.960 78.532 66.345
-999.250 -999.250 -999.250 -999.250 -999.250 -999.250 -999.250 -999.250 -999.250 -999.250 -999.250 -999.250 -999.250 -999.250 -999.250 -999.250 -999.250 -999.250 -999.250 -999.250 -999.250 -999.250 -999.250 -999.250 -999.250 -999.250 -999.250 -999.250 -999.250 163.945 176.339 165.705 196.891 176.642 191.328 204.136 205.322 199.238 184.372 177.042 184.045 196.878 194.311 187.826 184.898 187.112 202.397 207.090 209.359 226.265 277.050 303.376 331.041 332.551 293.306 272.638 219.221 204.006 175.923 138.941 135.498 122.916 126.136 104.386 78.666 70.626
-999.250 -999.250 -999.250 -999.250 -999.250 -999.250 -999.250 -999.250 -999.250 -999.250 -999.250 -999.250 -999.250 -999.250 -999.250 -999.250 -999.250 -999.250 -999.250 -999.250 -999.250 -999.250 -999.250 -999.250 -999.250 -999.250 -999.250 -999.250 -999.250 182.070 182.823 188.512 186.345 186.602 180.788 192.065 198.012 174.300 173.811 156.201 167.617 165.451 184.266 189.429 171.392 208.621 216.962 212.420 213.374 239.007 269.059 297.618 329.631 401.636 349.865 277.565 231.752 199.964 158.693 127.726 113.842 108.523 103.863 80.730 67.985 67.563
-999.250 -999.250 -999.250 -999.250 -999.250 -999.250 -999.250 -999.250 -999.250 -999.250 -999.250 -999.250 -999.250 -999.250 -999.250 -999.250 -999.250 -999.250 -999.250 -999.250 -999.250 -999.250 -999.250 -999.250 -999.250 -999.250 -999.250 -999.250 -999.250 190.375 185.724 178.848 199.203 194.981 173.983 189.226 173.328 175.294 179.415 170.968 176.105 180.078 165.611 186.300 200.672 201.149 219.230 213.718 225.849 238.629 262.166 272.610 305.604 313.538 279.729 225.943 200.200 172.539 142.339 126.566 103.321 99.250 91.866 67.074 60.696 60.707
-999.250 -999.250 -999.250 -999.250 -999.250 -999.250 -999.250 -999.250 -999.250 -999.250 -999.250 -999.250 -999.250 -999.250 -999.250 -999.250 -999.250 -999.250 -999.250 -999.250 -999.250 -999.250 -999.250 -999.250 -999.250 -999.250 -999.250 -999.250 185.874 176.966 188.995 199.631 189.292 188.636 184.519 178.621 166.547 158.794 156.255 162.316 167.565 163.681 177.647 169.690 193.684 199.558 225.338 230.701 237.493 231.758 249.470 241.988 275.455 260.826 227.531 193.682 165.666 130.282 109.512 94.011 88.676 69.714 60.890 52.396 60.154 54.540
-999.250 -999.250 -999.250 -999.250 -999.250 -999.250 -999.250 -999.250 -999.250 -999.250 -999.250 -999.250 -999.250 -999.250 -999.250 -999.250 -999.250 -999.250 -999.250 -999.250 -999.250 -999.250 -999.250 -999.250 -999.250 -999.250 -999.250 -999.250 190.177 196.354 216.639 212.189 216.268 175.513 158.158 157.436 151.627 145.649 139.016 146.699 139.102 146.747 149.343 178.037 184.050 206.783 219.877 219.923 214.442 199.630 209.351 206.455 201.280 185.771 174.516 129.795 105.856 97.134 82.051 78.573 72.150 58.285 46.669 46.398 40.047 39.235
-999.250 -999.250 -999.250 -999.250 -999.250 -999.250 -999.250 -999.250 -999.250 -999.250 -999.250 -999.250 -999.250 -999.250 -999.250 -999.250 -999.250 -999.250 -999.250 -999.250 -999.250 -999.250 -999.250 -999.250 -999.250 -999.250 -999.250 182.840 185.633 203.005 205.535 185.447 199.480 187.258 166.030 141.642 128.969 132.119 126.863 128.426 133.307 144.174 148.546 153.835 190.602 189.340 211.193 201.143 196.820 187.395 179.671 163.681 138.188 120.716 105.444 91.499 72.387 60.090 66.743 62.366 57.810 42.232 32.212 27.877 26.030 35.496
-999.250 -999.250 -999.250 -999.250 -999.250 -999.250 -999.250 -999.250 -999.250 -999.250 -999.250 -999.250 -999.250 -999.250 -999.250 -999.250 -999.250 -999.250 -999.250 -999.250 -999.250 -999.250 -999.250 -999.250 -999.250 -999.250 -999.250 203.089 202.577 212.690 210.852 199.748 194.109 173.171 146.517 135.391 130.243 124.686 121.776 136.735 131.295 128.439 121.352 132.573 149.149 172.782 188.085 202.976 185.007 174.865 143.002 129.355 117.344 73.829 28.823 41.544 47.207 49.097 52.506 42.597 48.893 40.989 24.974 9.079 24.645 32.712
-999.250 -999.250 -999.250 -999.250 -999.250 -999.250 -999.250 -999.250 -999.250 -999.250 -999.250 -999.250 -999.250 -999.250 -999.250 -999.250 -999.250 -999.250 -999.250 -999.250 -999.250 -999.250 -999.250 -999.250 -999.250 -999.250 -999.250 208.765 206.121 200.867 214.784 208.949 199.774 181.472 164.754 144.202 126.593 124.970 122.610 139.652 139.753 134.265 129.539 143.239 154.792 151.795 161.036 157.151 156.739 168.481 131.619 102.416 86.062 54.647 30.232 27.930 33.287 39.575 48.593 48.301 55.089 53.848 36.408 30.527 32.259 34.349
-999.250 -999.250 -999.250 -999.250 -999.250 -999.250 -999.250 -999.250 -999.250 -999.250 -999.250 -999.250 -999.250 -999.250 -999.250 -999.250 -999.250 -999.250 -999.250 -999.250 -999.250 -999.250 -999.250 -999.250 -999.250 -999.250 -999.250 199.193 214.665 202.513 199.159 197.558 184.438 167.038 140.686 139.049 131.158 127.528 121.254 123.865 125.053 128.301 133.512 148.646 152.738 124.617 143.380 149.266 127.581 137.394 102.338 74.288 63.222 42.522 26.687 23.300 29.985 46.936 51.622 58.710 65.159 61.677 57.149 55.652 46.082 52.839
-999.250 -999.250 -999.250 -999.250 -999.250 -999.250 -999.250 -999.250 -999.250 -999.250 -999.250 -999.250 -999.250 -999.250 -999.250 -999.250 -999.250 -999.250 -999.250 -999.250 -999.250 -999.250 -999.250 -999.250 -999.250 -999.250 -999.250 -999.250 184.779 182.969 189.148 194.208 180.693 160.520 141.744 125.687 112.891 106.484 113.083 107.338 113.310 114.032 123.450 145.862 136.503 126.363 131.470 126.065 109.365 95.552 75.410 65.701 57.042 30.805 26.872 31.010 36.023 46.868 61.239 73.100 85.536 78.175 74.926 63.120 58.076 49.227
-999.250 -999.250 -999.250 -999.250 -999.250 -999.250 -999.250 -999.250 -999.250 -999.250 -999.250 -999.250 -999.250 -999.250 -999.250 -999.250 -999.250 -999.250 -999.250 -999.250 -999.250 -999.250 -999.250 -999.250 -999.250 -999.250 -999.250 -999.250 193.897 185.046 186.268 189.848 176.249 150.138 137.117 118.981 111.354 117.476 117.812 111.303 102.627 116.043 120.659 128.959 121.662 118.025 115.020 107.584 109.064 80.283 76.513 61.178 50.832 34.757 24.420 25.619 38.076 52.265 66.858 86.327 105.125 92.904 93.675 72.638 69.834 57.645
-999.250 -999.250 -999.250 -999.250 -999.250 -999.250 -999.250 -999.250 -999.250 -999.250 -999.250 -999.250 -999.250 -999.250 -999.250 -999.250 -999.250 -999.250 -999.250 -999.250 -999.250 -999.250 -999.250 -999.250 -999.250 -999.250 -999.250 -999.250 176.953 187.004 188.906 192.595 169.108 168.094 143.040 113.632 122.595 106.712 102.784 99.003 92.388 111.098 109.018 113.314 117.376 119.121 110.603 106.687 94.725 80.076 64.500 58.688 52.291 39.886 31.251 29.141 40.213 51.046 68.511 92.207 103.557 95.243 106.715 93.165 84.248 70.874
-999.250 -999.250 -999.250 -999.250 -999.250 -999.250 -999.250 -999.250 -999.250 -999.250 -999.250 -999.250 -999.250 -999.250 -999.250 -999.250 -999.250 -999.250 -999.250 -999.250 -999.250 -999.250 -999.250 -999.250 -999.250 -999.250 -999.250 -999.250 201.436 199.697 178.022 166.223 162.139 161.667 123.169 130.793 114.354 102.334 103.766 90.772 93.041 96.308 99.306 106.998 112.079 118.423 117.434 107.856 101.176 80.338 66.212 55.083 51.005 36.973 34.466 38.307 46.981 56.850 65.759 91.848 101.494 96.478 107.132 100.201 85.919 72.246
-999.250 -999.250 -999.250 -999.250 -999.250 -999.250 -999.250 -999.250 -999.250 -999.250 -999.250 -999.250 -999.250 -999.250 -999.250 -999.250 -999.250 -999.250 -999.250 -999.250 -999.250 -999.250 -999.250 -999.250 -999.250 -999.250 -999.250 -999.250 173.371 188.233 173.638 173.294 163.018 146.660 132.544 118.659 98.258 89.261 88.778 76.602 79.086 83.018 90.474 92.760 104.671 101.249 101.083 90.069 77.829 75.663 71.197 56.093 48.475 47.158 44.377 45.330 48.066 58.446 68.376 85.409 93.586 100.021 101.575 99.851 87.094 70.477
-999.250 -999.250 -999.250 -999.250 -999.250 -999.250 -999.250 -999.250 -999.250 -999.250 -999.250 -999.250 -999.250 -999.250 -999.250 -999.250 -999.250 -999.250 -999.250 -999.250 -999.250 -999.250 -999.250 -999.250 -999.250 -999.250 -999.250 162.384 156.028 164.324 165.132 141.190 141.682 138.487 134.557 100.294 97.275 76.235 74.081 64.252 70.040 79.485 78.990 87.205 87.906 90.059 86.727 80.497 75.564 64.219 66.193 55.700 52.053 53.450 45.942 45.804 49.557 51.018 68.026 90.105 107.072 103.075 116.731 97.145 93.502 84.978
