data/medianmodel_15-Nov-2020.asc
ncols	141
nrows	288
xllcorner	-120191.398
yllcorner	-301404.813
cellsize	2000.000
NODATA_value	-999.250
[rows 87 to 115 of 288, columns 0 to 64 of 141]
-999.250 -999.250 -999.250 -999.250 -999.250 -999.250 -999.250 -999.250 -999.250 -999.250 -999.250 -999.250 -999.250 -999.250 -999.250 -999.250 -999.250 -999.250 -999.250 -999.250 -999.250 -999.250 -999.250 -999.250 -999.250 -999.250 -999.250 -999.250 -999.250 -999.250 -999.250 -999.250 -999.250 471.921 482.213 490.017 477.820 480.601 479.603 461.950 504.105 507.114 513.757 517.357 525.489 539.573 507.460 516.840 519.843 492.841 476.209 449.954 432.236 399.437 330.242 344.720 329.382 288.181 288.177 306.884 266.427 281.237 300.527 291.328 301.039
-999.250 -999.250 -999.250 -999.250 -999.250 -999.250 -999.250 -999.250 -999.250 -999.250 -999.250 -999.250 -999.250 -999.250 -999.250 -999.250 -999.250 -999.250 -999.250 -999.250 -999.250 -999.250 -999.250 -999.250 -999.250 -999.250 -999.250 -999.250 -999.250 -999.250 -999.250 -999.250 424.557 450.526 447.566 473.458 501.603 518.027 471.604 479.927 528.153 534.761 521.513 524.526 520.819 515.057 518.247 505.972 476.712 463.285 449.100 450.511 433.892 370.448 340.892 327.466 299.238 285.571 294.163 284.646 284.244 267.712 280.627 277.550 276.924
-999.250 -999.250 -999.250 -999.250 -999.250 -999.250 -999.250 -999.250 -999.250 -999.250 -999.250 -999.250 -999.250 -999.250 -999.250 -999.250 -999.250 -999.250 -999.250 -999.250 -999.250 -999.250 -999.250 -999.250 -999.250 -999.250 -999.250 -999.250 -999.250 -999.250 -999.250 -999.250 414.463 435.195 459.038 493.958 505.636 491.813 509.225 499.567 546.822 552.491 564.320 548.286 521.148 527.619 482.280 476.625 478.794 460.879 461.290 410.008 399.584 390.865 332.346 324.558 318.784 272.567 286.305 260.084 266.449 260.542 261.377 263.173 260.298
-999.250 -999.250 -999.250 -999.250 -999.250 -999.250 -999.250 -999.250 -999.250 -999.250 -999.250 -999.250 -999.250 -999.250 -999.250 -999.250 -999.250 -999.250 -999.250 -999.250 -999.250 -999.250 -999.250 -999.250 -999.250 -999.250 -999.250 -999.250 -999.250 -999.250 -999.250 -999.250 447.757 443.660 462.615 484.360 470.536 458.015 505.887 524.530 532.556 537.832 560.168 537.229 530.879 496.995 470.187 505.181 460.372 446.774 458.842 448.228 400.301 354.616 334.975 313.466 291.469 277.119 269.896 266.655 261.146 230.072 212.467 248.451 242.984
-999.250 -999.250 -999.250 -999.250 -999.250 -999.250 -999.250 -999.250 -999.250 -999.250 -999.250 -999.250 -999.250 -999.250 -999.250 -999.250 -999.250 -999.250 -999.250 -999.250 -999.250 -999.250 -999.250 -999.250 -999.250 -999.250 -999.250 -999.250 -999.250 -999.250 -999.250 -999.250 456.606 470.935 482.016 486.131 498.576 494.821 496.439 530.986 529.198 524.834 551.374 486.061 516.114 474.779 472.235 468.361 436.386 465.994 443.855 429.539 397.653 377.977 365.755 324.377 297.224 268.671 262.464 260.422 250.119 227.555 211.610 224.823 231.014
-999.250 -999.250 -999.250 -999.250 -999.250 -999.250 -999.250 -999.250 -999.250 -999.250 -999.250 -999.250 -999.250 -999.250 -999.250 -999.250 -999.250 -999.250 -999.250 -999.250 -999.250 -999.250 -999.250 -999.250 -999.250 -999.250 -999.250 -999.250 -999.250 -999.250 -999.250 480.116 465.970 466.539 472.232 494.292 496.865 476.068 488.554 493.809 531.499 530.204 515.484 510.830 514.649 476.416 455.054 438.515 456.438 454.849 460.104 420.115 414.529 375.165 298.764 298.271 276.407 280.057 254.085 269.088 237.297 223.128 224.916 218.509 233.320
-999.250 -999.250 -999.250 -999.250 -999.250 -999.250 -999.250 -999.250 -999.250 -999.250 -999.250 -999.250 -999.250 -999.250 -999.250 -999.250 -999.250 -999.250 -999.250 -999.250 -999.250 -999.250 -999.250 -999.250 -999.250 -999.250 -999.250 -999.250 -999.250 -999.250 -999.250 463.580 462.751 481.102 489.980 472.744 503.418 496.218 504.306 492.983 499.654 503.545 526.037 496.365 482.680 466.039 388.877 451.774 444.511 467.848 455.802 441.390 396.511 372.808 302.551 299.175 281.881 248.020 244.419 222.665 226.121 220.880 226.899 214.178 213.925
-999.250 -999.250 -999.250 -999.250 -999.250 -999.250 -999.250 -999.250 -999.250 -999.250 -999.250 -999.250 -999.250 -999.250 -999.250 -999.250 -999.250 -999.250 -999.250 -999.250 -999.250 -999.250 -999.250 -999.250 -999.250 -999.250 -999.250 -999.250 -999.250 -999.250 -999.250 492.731 482.886 488.002 497.025 519.894 517.961 485.166 492.369 486.448 508.332 479.938 523.012 519.630 517.590 475.784 476.991 482.154 483.007 493.615 462.686 428.208 396.346 343.152 318.568 329.029 259.801 255.602 248.437 234.540 233.153 226.101 216.782 206.168 215.168
-999.250 -999.250 -999.250 -999.250 -999.250 -999.250 -999.250 -999.250 -999.250 -999.250 -999.250 -999.250 -999.250 -999.250 -999.250 -999.250 -999.250 -999.250 -999.250 -999.250 -999.250 -999.250 -999.250 -999.250 -999.250 -999.250 -999.250 -999.250 -999.250 -999.250 -999.250 489.529 503.375 488.076 490.196 503.559 515.126 497.839 477.815 475.947 488.719 485.595 512.831 533.658 524.711 522.837 510.981 539.692 515.813 502.821 461.079 412.047 394.935 357.505 334.681 293.427 286.563 241.796 234.263 226.891 222.100 232.216 208.946 210.315 210.738
-999.250 -999.250 -999.250 -999.250 -999.250 -999.250 -999.250 -999.250 -999.250 -999.250 -999.250 -999.250 -999.250 -999.250 -999.250 -999.250 -999.250 -999.250 -999.250 -999.250 -999.250 -999.250 -999.250 -999.250 -999.250 -999.250 -999.250 -999.250 -999.250 -999.250 455.506 480.211 511.166 495.221 486.585 514.639 522.390 509.730 495.887 469.986 499.038 473.166 548.256 553.268 570.493 623.571 593.197 562.866 545.151 526.497 462.192 392.787 405.752 370.286 335.547 319.945 293.999 233.659 228.364 191.351 216.753 226.807 215.381 218.259 223.527
-999.250 -999.250 -999.250 -999.250 -999.250 -999.250 -999.250 -999.250 -999.250 -999.250 -999.250 -999.250 -999.250 -999.250 -999.250 -999.250 -999.250 -999.250 -999.250 -999.250 -999.250 -999.250 -999.250 -999.250 -999.250 -999.250 -999.250 -999.250 -999.250 -999.250 474.362 467.269 493.976 474.263 479.817 494.238 511.411 523.189 507.203 493.584 498.159 518.332 545.865 561.105 668.267 682.148 783.369 663.280 580.185 546.887 491.122 447.809 393.634 373.913 318.480 292.370 255.771 232.793 223.794 218.767 229.404 231.248 237.574 234.729 229.377
-999.250 -999.250 -999.250 -999.250 -999.250 -999.250 -999.250 -999.250 -999.250 -999.250 -999.250 -999.250 -999.250 -999.250 -999.250 -999.250 -999.250 -999.250 -999.250 -999.250 -999.250 -999.250 -999.250 -999.250 -999.250 -999.250 -999.250 -999.250 -999.250 -999.250 447.998 477.402 458.030 477.270 475.390 476.995 486.146 484.298 505.139 479.461 501.932 528.211 556.712 590.141 655.287 725.288 777.764 691.796 581.642 544.547 491.390 428.491 448.788 389.013 345.070 282.976 256.256 215.835 241.211 246.101 264.187 253.078 259.509 251.443 237.509
-999.250 -999.250 -999.250 -999.250 -999.250 -999.250 -999.250 -999.250 -999.250 -999.250 -999.250 -999.250 -999.250 -999.250 -999.250 -999.250 -999.250 -999.250 -999.250 -999.250 -999.250 -999.250 -999.250 -999.250 -999.250 -999.250 -999.250 -999.250 -999.250 -999.250 450.757 459.872 447.166 473.481 452.924 480.891 486.983 487.211 469.300 456.059 456.999 528.171 523.814 585.732 696.307 666.203 677.855 587.407 564.559 526.794 505.537 465.143 425.847 393.041 338.631 327.391 296.828 261.869 268.722 276.149 290.458 309.236 281.708 286.143 280.972
-999.250 -999.250 -999.250 -999.250 -999.250 -999.250 -999.250 -999.250 -999.250 -999.250 -999.250 -999.250 -999.250 -999.250 -999.250 -999.250 -999.250 -999.250 -999.250 -999.250 -999.250 -999.250 -999.250 -999.250 -999.250 -999.250 -999.250 -999.250 -999.250 461.606 448.630 460.455 440.941 469.383 468.880 455.278 458.595 464.728 464.742 492.432 490.878 521.417 523.928 546.796 696.268 589.978 635.991 578.633 565.014 540.369 462.051 468.276 470.143 403.119 377.470 345.014 342.420 315.232 304.006 315.489 312.623 333.412 327.173 325.683 357.160
-999.250 -999.250 -999.250 -999.250 -999.250 -999.250 -999.250 -999.250 -999.250 -999.250 -999.250 -999.250 -999.250 -999.250 -999.250 -999.250 -999.250 -999.250 -999.250 -999.250 -999.250 -999.250 -999.250 -999.250 -999.250 -999.250 -999.250 -999.250 -999.250 453.528 453.761 471.686 461.528 454.905 455.369 451.020 435.216 417.004 478.521 461.695 483.981 473.175 526.145 523.647 532.776 555.210 565.636 526.799 526.860 524.302 485.411 488.696 441.864 389.151 360.515 359.692 315.526 338.852 301.130 319.623 328.589 393.472 381.305 393.360 402.253
-999.250 -999.250 -999.250 -999.250 -999.250 -999.250 -999.250 -999.250 -999.250 -999.250 -999.250 -999.250 -999.250 -999.250 -999.250 -999.250 -999.250 -999.250 -999.250 -999.250 -999.250 -999.250 -999.250 -999.250 -999.250 -999.250 -999.250 -999.250 -999.250 450.970 493.687 444.699 441.997 448.648 459.824 423.850 427.568 411.346 410.567 441.507 448.132 486.978 491.422 533.749 521.676 534.116 528.353 509.101 491.932 484.320 478.233 488.394 405.762 350.519 375.115 362.730 339.158 328.185 344.632 347.861 381.290 427.048 440.765 457.700 438.341
-999.250 -999.250 -999.250 -999.250 -999.250 -999.250 -999.250 -999.250 -999.250 -999.250 -999.250 -999.250 -999.250 -999.250 -999.250 -999.250 -999.250 -999.250 -999.250 -999.250 -999.250 -999.250 -999.250 -999.250 -999.250 -999.250 -999.250 -999.250 -999.250 509.490 496.019 490.102 448.037 426.227 440.052 394.248 412.938 418.801 394.372 419.628 406.365 466.743 461.964 479.484 494.041 508.540 496.725 509.333 497.516 494.794 467.088 445.366 395.267 392.870 374.264 365.002 346.040 373.363 378.402 401.792 428.893 427.588 473.855 489.585 459.939
-999.250 -999.250 -999.250 -999.250 -999.250 -999.250 -999.250 -999.250 -999.250 -999.250 -999.250 -999.250 -999.250 -999.250 -999.250 -999.250 -999.250 -999.250 -999.250 -999.250 -999.250 -999.250 -999.250 -999.250 -999.250 -999.250 -999.250 -999.250 429.222 509.791 497.357 469.891 425.319 408.295 406.623 404.326 418.950 387.248 357.126 395.931 419.232 466.572 459.059 459.452 445.840 462.003 475.585 426.934 471.813 494.240 464.372 432.951 407.994 370.029 368.590 374.144 365.880 378.888 386.330 430.313 493.185 482.935 519.582 532.714 506.147
-999.250 -999.250 -999.250 -999.250 -999.250 -999.250 -999.250 -999.250 -999.250 -999.250 -999.250 -999.250 -999.250 -999.250 -999.250 -999.250 -999.250 -999.250 -999.250 -999.250 -999.250 -999.250 -999.250 -999.250 -999.250 -999.250 -999.250 -999.250 478.402 462.470 468.884 484.761 461.725 446.733 406.787 375.785 389.421 366.542 353.111 350.588 398.302 429.923 453.967 451.950 452.994 463.112 433.046 460.656 463.189 445.174 425.273 416.446 382.467 347.026 335.284 348.811 359.912 385.916 422.750 423.757 484.517 508.853 550.940 584.032 571.007
-999.250 -999.250 -999.250 -999.250 -999.250 -999.250 -999.250 -999.250 -999.250 -999.250 -999.250 -999.250 -999.250 -999.250 -999.250 -999.250 -999.250 -999.250 -999.250 -999.250 -999.250 -999.250 -999.250 -999.250 -999.250 -999.250 -999.250 465.521 521.551 504.080 474.291 464.768 443.476 443.227 420.716 371.845 382.212 342.734 293.371 333.532 371.415 419.950 427.818 459.069 464.627 467.879 486.214 471.164 478.369 442.231 462.635 439.773 374.754 321.808 303.974 331.394 372.946 401.141 422.495 464.992 487.320 525.890 554.215 623.836 598.381
-999.250 -999.250 -999.250 -999.250 -999.250 -999.250 -999.250 -999.250 -999.250 -999.250 -999.250 -999.250 -999.250 -999.250 -999.250 -999.250 -999.250 -999.250 -999.250 -999.250 -999.250 -999.250 -999.250 -999.250 -999.250 -999.250 -999.250 463.193 514.788 513.726 502.965 494.692 459.862 450.203 428.837 354.650 339.641 316.647 332.179 332.430 358.011 371.787 423.064 450.893 480.112 453.547 503.990 489.413 504.466 507.748 470.928 454.185 407.268 342.315 259.403 308.752 360.914 409.325 406.377 460.420 485.225 497.741 544.236 735.428 685.735
-999.250 -999.250 -999.250 -999.250 -999.250 -999.250 -999.250 -999.250 -999.250 -999.250 -999.250 -999.250 -999.250 -999.250 -999.250 -999.250 -999.250 -999.250 -999.250 -999.250 -999.250 -999.250 -999.250 -999.250 -999.250 -999.250 -999.250 512.430 506.072 515.670 529.591 503.216 482.349 464.604 445.092 402.472 348.789 341.637 335.733 330.853 371.927 406.285 430.226 454.847 442.825 475.082 514.471 496.724 512.271 507.948 485.132 449.215 441.872 382.386 341.323 307.692 335.236 364.636 402.254 369.779 440.762 482.531 510.968 606.770 593.523
-999.250 -999.250 -999.250 -999.250 -999.250 -999.250 -999.250 -999.250 -999.250 -999.250 -999.250 -999.250 -999.250 -999.250 -999.250 -999.250 -999.250 -999.250 -999.250 -999.250 -999.250 -999.250 -999.250 -999.250 -999.250 -999.250 -999.250 531.168 501.124 527.407 546.411 511.387 477.472 462.016 440.529 403.777 355.184 333.038 331.149 364.073 355.379 414.770 433.692 418.400 437.697 480.359 483.688 489.201 505.826 505.711 513.060 493.050 471.838 430.220 380.920 340.393 333.059 320.858 314.851 305.194 375.864 426.807 492.673 535.997 537.898
-999.250 -999.250 -999.250 -999.250 -999.250 -999.250 -999.250 -999.250 -999.250 -999.250 -999.250 -999.250 -999.250 -999.250 -999.250 -999.250 -999.250 -999.250 -999.250 -999.250 -999.250 -999.250 -999.250 -999.250 -999.250 -999.250 -999.250 -999.250 505.839 521.995 530.789 507.293 503.086 465.343 432.717 380.264 347.540 353.129 334.683 351.973 389.103 395.795 413.116 435.651 448.705 477.024 476.316 491.289 507.048 508.976 525.398 509.052 503.171 475.357 385.025 353.602 316.914 295.342 263.822 246.057 229.524 299.172 420.137 455.868 496.320
-999.250 -999.250 -999.250 -999.250 -999.250 -999.250 -999.250 -999.250 -999.250 -999.250 -999.250 -999.250 -999.250 -999.250 -999.250 -999.250 -999.250 -999.250 -999.250 -999.250 -999.250 -999.250 -999.250 -999.250 -999.250 -999.250 -999.250 -999.250 506.491 506.141 494.713 477.366 469.996 430.428 393.277 383.633 361.682 318.750 331.847 340.793 332.689 375.888 392.502 398.995 429.130 437.582 477.262 497.576 512.610 537.419 579.851 539.913 521.575 501.085 444.488 361.092 286.695 261.117 233.277 168.825 105.125 220.820 334.954 376.381 442.880
-999.250 -999.250 -999.250 -999.250 -999.250 -999.250 -999.250 -999.250 -999.250 -999.250 -999.250 -999.250 -999.250 -999.250 -999.250 -999.250 -999.250 -999.250 -999.250 -999.250 -999.250 -999.250 -999.250 -999.250 -999.250 -999.250 -999.250 -999.250 498.835 500.317 494.115 465.933 456.593 445.890 394.927 353.026 342.078 328.612 330.056 326.181 344.498 360.190 346.694 374.504 406.253 418.991 468.683 509.968 531.980 581.085 651.607 630.699 546.859 528.496 491.746 349.691 297.274 248.548 217.799 177.397 165.579 206.847 273.750 342.626 416.982
-999.250 -999.250 -999.250 -999.250 -999.250 -999.250 -999.250 -999.250 -999.250 -999.250 -999.250 -999.250 -999.250 -999.250 -999.250 -999.250 -999.250 -999.250 -999.250 -999.250 -999.250 -999.250 -999.250 -999.250 -999.250 -999.250 -999.250 -999.250 484.054 479.899 460.385 447.114 424.434 396.652 407.402 340.674 360.386 307.960 308.742 332.549 326.156 319.797 363.809 374.171 396.200 394.744 474.645 491.627 535.378 627.225 641.555 739.692 596.403 505.600 462.995 368.780 300.919 263.389 209.176 190.932 207.570 243.820 284.215 335.779 350.089
-999.250 -999.250 -999.250 -999.250 -999.250 -999.250 -999.250 -999.250 -999.250 -999.250 -999.250 -999.250 -999.250 -999.250 -999.250 -999.250 -999.250 -999.250 -999.250 -999.250 -999.250 -999.250 -999.250 -999.250 -999.250 -999.250 -999.250 -999.250 459.308 432.718 422.974 417.977 395.631 414.545 348.394 345.073 332.559 304.592 285.651 270.217 287.532 295.964 320.427 355.898 402.265 423.814 442.105 478.786 506.266 557.880 654.668 617.814 561.031 495.662 459.782 379.712 282.021 248.853 221.185 203.677 216.180 233.649 268.324 358.466 373.367
-999.250 -999.250 -999.250 -999.250 -999.250 -999.250 -999.250 -999.250 -999.250 -999.250 -999.250 -999.250 -999.250 -999.250 -999.250 -999.250 -999.250 -999.250 -999.250 -999.250 -999.250 -999.250 -999.250 -999.250 -999.250 -999.250 -999.250 426.488 442.166 450.556 449.684 411.115 424.412 391.062 364.031 361.036 316.581 308.374 254.317 198.598 283.209 302.022 313.993 370.897 399.833 449.650 472.620 488.449 489.990 522.327 547.391 524.223 502.372 479.371 429.703 337.955 275.207 229.140 198.256 200.539 216.186 237.642 270.188 313.238 332.030
