data/medianmodel_24-Aug-2020.asc
ncols	141
nrows	288
xllcorner	-120191.398
yllcorner	-301404.813
cellsize	2000.000
NODATA_value	-999.250
[rows 31 to 61 of 288, columns 0 to 69 of 141]
-999.250 -999.250 -999.250 -999.250 -999.250 -999.250 -999.250 -999.250 -999.250 -999.250 -999.250 -999.250 -999.250 -999.250 -999.250 -999.250 -999.250 -999.250 -999.250 -999.250 -999.250 -999.250 -999.250 -999.250 -999.250 -999.250 -999.250 -999.250 -999.250 -999.250 -999.250 -999.250 6.962 4.063 0.137 0.000 0.000 0.000 0.000 0.000 2.826 5.246 6.879 10.125 14.582 18.542 20.982 26.096 27.596 27.814 24.741 23.360 20.654 21.889 27.908 15.205 8.109 3.680 0.000 0.000 0.000 0.000 0.000 0.000 0.000 0.000 0.000 0.000 0.000 0.000
-999.250 -999.250 -999.250 -999.250 -999.250 -999.250 -999.250 -999.250 -999.250 -999.250 -999.250 -999.250 -999.250 -999.250 -999.250 -999.250 -999.250 -999.250 -999.250 -999.250 -999.250 -999.250 -999.250 -999.250 -999.250 -999.250 -999.250 -999.250 -999.250 -999.250 -999.250 -999.250 11.955 8.665 6.568 3.233 0.000 0.910 2.974 5.273 7.843 8.037 7.652 8.957 11.555 14.883 18.649 23.168 25.613 23.035 20.612 18.478 16.768 17.113 17.878 13.474 8.910 4.388 1.436 0.000 0.000 0.000 0.000 0.000 0.000 0.000 0.000 0.000 0.000 0.000
-999.250 -999.250 -999.250 -999.250 -999.250 -999.250 -999.250 -999.250 -999.250 -999.250 -999.250 -999.250 -999.250 -999.250 -999.250 -999.250 -999.250 -999.250 -999.250 -999.250 -999.250 -999.250 -999.250 -999.250 -999.250 -999.250 -999.250 -999.250 -999.250 -999.250 -999.250 -999.250 19.293 20.482 12.047 7.789 6.231 6.400 7.759 10.307 18.074 11.125 8.749 8.426 9.960 12.922 15.854 20.099 30.108 19.875 16.112 14.756 13.798 12.048 11.190 10.570 7.157 5.386 2.222 1.263 0.000 0.000 0.000 0.000 0.000 0.000 0.000 0.000 0.000 0.000
-999.250 -999.250 -999.250 -999.250 -999.250 -999.250 -999.250 -999.250 -999.250 -999.250 -999.250 -999.250 -999.250 -999.250 -999.250 -999.250 -999.250 -999.250 -999.250 -999.250 -999.250 -999.250 -999.250 -999.250 -999.250 -999.250 -999.250 -999.250 -999.250 -999.250 -999.250 -999.250 27.057 23.299 18.879 15.700 13.833 13.242 13.032 14.010 14.859 12.358 10.303 8.955 10.410 11.703 13.234 14.676 16.300 14.723 12.062 9.674 9.197 8.849 7.879 8.180 8.080 7.156 5.242 4.333 3.074 0.000 0.000 0.000 0.000 0.000 0.000 0.000 0.000 0.000
-999.250 -999.250 -999.250 -999.250 -999.250 -999.250 -999.250 -999.250 -999.250 -999.250 -999.250 -999.250 -999.250 -999.250 -999.250 -999.250 -999.250 -999.250 -999.250 -999.250 -999.250 -999.250 -999.250 -999.250 -999.250 -999.250 -999.250 -999.250 -999.250 -999.250 -999.250 -999.250 34.614 32.317 28.580 28.230 23.873 23.548 21.925 20.044 19.284 14.615 13.305 12.012 12.338 11.310 10.840 10.108 9.288 8.048 7.508 6.910 7.045 6.399 7.313 6.995 8.439 8.994 9.934 7.574 6.472 3.878 1.281 0.000 0.000 0.000 0.000 0.000 0.000 0.000
-999.250 -999.250 -999.250 -999.250 -999.250 -999.250 -999.250 -999.250 -999.250 -999.250 -999.250 -999.250 -999.250 -999.250 -999.250 -999.250 -999.250 -999.250 -999.250 -999.250 -999.250 -999.250 -999.250 -999.250 -999.250 -999.250 -999.250 -999.250 -999.250 -999.250 -999.250 -999.250 44.728 41.365 39.969 39.282 37.470 33.239 31.411 28.706 25.648 20.068 16.929 14.406 12.501 9.239 7.664 6.058 4.770 3.409 5.510 5.025 4.776 5.585 6.136 7.605 9.112 11.822 13.464 11.461 9.538 7.441 5.319 3.199 0.000 0.000 0.000 0.000 0.000 0.000
-999.250 -999.250 -999.250 -999.250 -999.250 -999.250 -999.250 -999.250 -999.250 -999.250 -999.250 -999.250 -999.250 -999.250 -999.250 -999.250 -999.250 -999.250 -999.250 -999.250 -999.250 -999.250 -999.250 -999.250 -999.250 -999.250 -999.250 -999.250 -999.250 -999.250 -999.250 -999.250 -999.250 57.417 54.573 52.826 50.163 44.030 40.296 38.624 33.138 28.931 24.462 17.119 12.854 10.120 7.192 4.705 3.097 2.368 1.955 3.241 4.324 3.722 5.275 7.605 11.208 15.369 19.386 17.107 14.331 11.620 10.102 8.057 5.310 1.886 0.272 0.000 0.000 0.000
-999.250 -999.250 -999.250 -999.250 -999.250 -999.250 -999.250 -999.250 -999.250 -999.250 -999.250 -999.250 -999.250 -999.250 -999.250 -999.250 -999.250 -999.250 -999.250 -999.250 -999.250 -999.250 -999.250 -999.250 -999.250 -999.250 -999.250 -999.250 -999.250 -999.250 -999.250 -999.250 -999.250 71.618 69.483 65.277 64.803 60.860 53.308 48.612 43.145 35.258 28.200 21.567 15.632 9.268 7.046 3.575 1.437 0.000 0.000 2.202 5.443 4.959 4.759 6.016 10.422 16.950 31.211 20.590 17.056 15.016 14.517 13.912 11.335 6.968 2.573 0.000 0.000 0.000
-999.250 -999.250 -999.250 -999.250 -999.250 -999.250 -999.250 -999.250 -999.250 -999.250 -999.250 -999.250 -999.250 -999.250 -999.250 -999.250 -999.250 -999.250 -999.250 -999.250 -999.250 -999.250 -999.250 -999.250 -999.250 -999.250 -999.250 -999.250 -999.250 -999.250 -999.250 -999.250 86.062 85.313 85.240 83.893 80.461 75.119 71.539 62.325 57.237 44.155 37.059 29.593 20.677 12.923 6.200 1.792 0.000 0.000 0.000 4.270 11.818 5.417 3.615 4.550 7.785 13.725 18.876 18.275 17.475 18.689 20.958 21.680 17.769 11.719 6.238 3.248 0.000 0.000
-999.250 -999.250 -999.250 -999.250 -999.250 -999.250 -999.250 -999.250 -999.250 -999.250 -999.250 -999.250 -999.250 -999.250 -999.250 -999.250 -999.250 -999.250 -999.250 -999.250 -999.250 -999.250 -999.250 -999.250 -999.250 -999.250 -999.250 -999.250 -999.250 -999.250 -999.250 -999.250 100.397 101.445 101.917 102.673 99.506 94.503 86.767 71.844 63.775 54.903 44.731 36.945 27.812 15.681 7.478 0.142 0.000 0.000 0.000 1.349 4.908 3.873 1.747 1.489 4.444 7.966 10.668 13.843 15.487 18.789 25.182 36.765 21.301 13.661 9.323 6.871 4.025 0.000
-999.250 -999.250 -999.250 -999.250 -999.250 -999.250 -999.250 -999.250 -999.250 -999.250 -999.250 -999.250 -999.250 -999.250 -999.250 -999.250 -999.250 -999.250 -999.250 -999.250 -999.250 -999.250 -999.250 -999.250 -999.250 -999.250 -999.250 -999.250 -999.250 -999.250 -999.250 -999.250 -999.250 113.752 124.236 120.921 116.192 104.479 94.053 85.099 73.419 63.626 51.101 42.113 40.250 20.587 8.764 0.529 0.000 0.000 0.000 2.714 4.953 3.457 0.000 0.000 0.000 3.591 6.270 8.245 11.530 15.139 20.129 22.944 19.656 13.795 11.670 14.397 5.748 0.967
-999.250 -999.250 -999.250 -999.250 -999.250 -999.250 -999.250 -999.250 -999.250 -999.250 -999.250 -999.250 -999.250 -999.250 -999.250 -999.250 -999.250 -999.250 -999.250 -999.250 -999.250 -999.250 -999.250 -999.250 -999.250 -999.250 -999.250 -999.250 -999.250 -999.250 -999.250 -999.250 -999.250 124.891 132.031 134.489 130.017 120.654 104.001 94.508 85.706 70.426 59.604 47.890 36.195 22.239 10.221 3.020 0.000 0.598 3.630 6.292 12.554 4.901 0.837 0.000 0.000 0.000 1.910 5.457 7.985 10.936 14.484 16.193 14.973 12.302 9.571 8.245 5.488 3.557
-999.250 -999.250 -999.250 -999.250 -999.250 -999.250 -999.250 -999.250 -999.250 -999.250 -999.250 -999.250 -999.250 -999.250 -999.250 -999.250 -999.250 -999.250 -999.250 -999.250 -999.250 -999.250 -999.250 -999.250 -999.250 -999.250 -999.250 -999.250 -999.250 -999.250 -999.250 -999.250 -999.250 144.492 167.630 170.272 159.496 129.925 116.679 103.368 89.144 76.870 65.610 52.858 39.821 24.063 13.067 7.347 6.026 7.948 9.965 11.008 10.883 7.008 1.104 0.000 0.000 3.545 0.000 0.996 4.886 7.100 9.540 10.730 9.801 9.190 8.333 5.154 5.423 4.280
-999.250 -999.250 -999.250 -999.250 -999.250 -999.250 -999.250 -999.250 -999.250 -999.250 -999.250 -999.250 -999.250 -999.250 -999.250 -999.250 -999.250 -999.250 -999.250 -999.250 -999.250 -999.250 -999.250 -999.250 -999.250 -999.250 -999.250 -999.250 -999.250 -999.250 -999.250 -999.250 -999.250 -999.250 187.071 200.253 178.316 129.939 118.023 103.342 89.293 80.410 72.725 62.371 45.874 30.880 19.105 13.061 13.844 18.014 20.511 19.479 15.518 11.974 7.438 4.237 0.470 0.000 0.000 0.000 1.572 4.661 7.601 8.164 7.600 7.219 7.004 6.063 5.835 6.008
-999.250 -999.250 -999.250 -999.250 -999.250 -999.250 -999.250 -999.250 -999.250 -999.250 -999.250 -999.250 -999.250 -999.250 -999.250 -999.250 -999.250 -999.250 -999.250 -999.250 -999.250 -999.250 -999.250 -999.250 -999.250 -999.250 -999.250 -999.250 -999.250 -999.250 -999.250 -999.250 -999.250 -999.250 179.469 183.351 162.713 131.288 113.825 100.187 83.297 76.216 74.447 78.088 48.185 33.638 24.415 20.756 23.924 33.227 37.416 34.325 27.113 20.049 14.652 8.283 4.349 0.239 0.000 0.000 0.000 3.563 5.596 5.694 6.018 7.186 6.975 7.076 7.896 8.406
-999.250 -999.250 -999.250 -999.250 -999.250 -999.250 -999.250 -999.250 -999.250 -999.250 -999.250 -999.250 -999.250 -999.250 -999.250 -999.250 -999.250 -999.250 -999.250 -999.250 -999.250 -999.250 -999.250 -999.250 -999.250 -999.250 -999.250 -999.250 -999.250 -999.250 -999.250 -999.250 -999.250 -999.250 143.228 153.501 129.074 113.386 101.834 85.291 75.482 66.582 62.051 56.893 41.822 32.599 27.715 27.824 33.200 43.958 61.698 44.091 35.441 29.302 25.458 15.177 8.432 2.501 0.000 0.000 0.327 3.762 5.510 6.122 5.945 6.900 7.954 8.957 9.715 11.058
-999.250 -999.250 -999.250 -999.250 -999.250 -999.250 -999.250 -999.250 -999.250 -999.250 -999.250 -999.250 -999.250 -999.250 -999.250 -999.250 -999.250 -999.250 -999.250 -999.250 -999.250 -999.250 -999.250 -999.250 -999.250 -999.250 -999.250 -999.250 -999.250 -999.250 -999.250 -999.250 -999.250 -999.250 115.170 114.678 106.512 98.386 79.809 68.616 59.983 50.332 45.202 39.569 33.639 28.201 26.446 30.081 35.011 43.428 49.993 43.503 38.346 35.262 38.499 20.839 11.418 6.025 0.584 0.000 1.862 5.932 6.854 5.886 4.944 6.966 7.888 10.397 13.446 15.051
-999.250 -999.250 -999.250 -999.250 -999.250 -999.250 -999.250 -999.250 -999.250 -999.250 -999.250 -999.250 -999.250 -999.250 -999.250 -999.250 -999.250 -999.250 -999.250 -999.250 -999.250 -999.250 -999.250 -999.250 -999.250 -999.250 -999.250 -999.250 -999.250 -999.250 -999.250 -999.250 -999.250 -999.250 -999.250 89.537 81.574 71.849 58.127 44.561 37.709 33.638 30.973 26.843 20.335 21.686 23.316 28.434 34.040 39.963 40.732 39.330 35.059 34.288 29.153 20.807 12.623 6.873 3.094 0.252 2.336 6.103 15.040 7.948 6.003 6.958 8.338 11.056 14.636 19.307
-999.250 -999.250 -999.250 -999.250 -999.250 -999.250 -999.250 -999.250 -999.250 -999.250 -999.250 -999.250 -999.250 -999.250 -999.250 -999.250 -999.250 -999.250 -999.250 -999.250 -999.250 -999.250 -999.250 -999.250 -999.250 -999.250 -999.250 -999.250 -999.250 -999.250 -999.250 -999.250 -999.250 -999.250 -999.250 67.683 59.612 46.686 34.726 25.867 18.942 17.165 15.146 14.152 13.654 14.988 18.713 23.211 27.818 32.137 34.240 34.510 31.610 29.631 24.458 18.868 12.798 7.345 4.903 1.132 1.114 4.534 6.788 5.271 5.338 6.517 8.660 11.616 16.044 22.437
-999.250 -999.250 -999.250 -999.250 -999.250 -999.250 -999.250 -999.250 -999.250 -999.250 -999.250 -999.250 -999.250 -999.250 -999.250 -999.250 -999.250 -999.250 -999.250 -999.250 -999.250 -999.250 -999.250 -999.250 -999.250 -999.250 -999.250 -999.250 -999.250 -999.250 -999.250 -999.250 -999.250 -999.250 -999.250 47.230 39.332 28.661 17.906 10.074 6.253 6.087 7.136 7.286 6.571 9.655 13.326 17.624 20.723 26.776 28.693 30.669 28.912 26.624 21.610 17.229 12.508 7.668 4.341 1.641 0.394 1.780 3.280 3.426 4.405 6.672 8.516 10.007 15.810 22.852
-999.250 -999.250 -999.250 -999.250 -999.250 -999.250 -999.250 -999.250 -999.250 -999.250 -999.250 -999.250 -999.250 -999.250 -999.250 -999.250 -999.250 -999.250 -999.250 -999.250 -999.250 -999.250 -999.250 -999.250 -999.250 -999.250 -999.250 -999.250 -999.250 -999.250 -999.250 -999.250 -999.250 -999.250 -999.250 36.734 26.149 16.520 11.976 3.883 0.734 2.303 8.210 4.150 3.673 5.459 8.198 12.402 17.675 22.394 26.253 29.217 28.371 26.044 20.667 16.573 11.719 7.417 5.430 2.600 0.186 0.092 0.523 1.400 1.758 5.454 7.630 10.106 14.158 19.267
-999.250 -999.250 -999.250 -999.250 -999.250 -999.250 -999.250 -999.250 -999.250 -999.250 -999.250 -999.250 -999.250 -999.250 -999.250 -999.250 -999.250 -999.250 -999.250 -999.250 -999.250 -999.250 -999.250 -999.250 -999.250 -999.250 -999.250 -999.250 -999.250 -999.250 -999.250 -999.250 -999.250 -999.250 -999.250 31.007 20.644 14.761 9.900 7.219 4.123 3.643 2.130 0.956 0.650 0.973 4.301 9.839 14.038 25.561 24.891 29.529 31.538 26.725 20.398 14.748 11.939 8.495 6.781 4.979 3.513 0.000 0.000 1.304 3.863 5.371 7.287 8.218 9.104 12.744
-999.250 -999.250 -999.250 -999.250 -999.250 -999.250 -999.250 -999.250 -999.250 -999.250 -999.250 -999.250 -999.250 -999.250 -999.250 -999.250 -999.250 -999.250 -999.250 -999.250 -999.250 -999.250 -999.250 -999.250 -999.250 -999.250 -999.250 -999.250 -999.250 -999.250 -999.250 -999.250 -999.250 -999.250 -999.250 -999.250 20.888 18.167 17.360 18.858 12.317 6.552 4.956 3.638 0.489 0.399 3.866 7.138 11.052 17.464 21.704 29.058 40.131 28.007 20.861 15.087 10.775 7.812 7.188 11.651 4.158 0.000 0.000 0.000 4.142 6.514 8.153 7.534 5.314 5.818
-999.250 -999.250 -999.250 -999.250 -999.250 -999.250 -999.250 -999.250 -999.250 -999.250 -999.250 -999.250 -999.250 -999.250 -999.250 -999.250 -999.250 -999.250 -999.250 -999.250 -999.250 -999.250 -999.250 -999.250 -999.250 -999.250 -999.250 -999.250 -999.250 -999.250 -999.250 -999.250 -999.250 -999.250 -999.250 -999.250 23.871 22.417 28.107 40.165 20.923 11.503 7.615 11.447 2.870 0.225 1.401 5.349 7.952 14.839 19.708 26.920 29.390 23.537 19.542 14.240 10.715 6.100 4.679 3.957 1.232 0.000 0.000 0.190 5.167 8.720 11.384 8.067 2.735 0.000
-999.250 -999.250 -999.250 -999.250 -999.250 -999.250 -999.250 -999.250 -999.250 -999.250 -999.250 -999.250 -999.250 -999.250 -999.250 -999.250 -999.250 -999.250 -999.250 -999.250 -999.250 -999.250 -999.250 -999.250 -999.250 -999.250 -999.250 -999.250 -999.250 -999.250 -999.250 -999.250 -999.250 -999.250 -999.250 -999.250 -999.250 21.839 26.257 27.633 19.405 12.116 7.487 5.374 1.301 1.040 3.523 5.537 8.953 14.540 19.495 22.171 25.429 23.536 19.026 14.212 9.075 5.727 1.864 0.059 0.000 0.000 0.000 0.284 4.618 9.728 21.336 9.048 1.245 0.000
-999.250 -999.250 -999.250 -999.250 -999.250 -999.250 -999.250 -999.250 -999.250 -999.250 -999.250 -999.250 -999.250 -999.250 -999.250 -999.250 -999.250 -999.250 -999.250 -999.250 -999.250 -999.250 -999.250 -999.250 -999.250 -999.250 -999.250 -999.250 -999.250 -999.250 -999.250 -999.250 -999.250 -999.250 -999.250 -999.250 -999.250 19.352 18.723 18.311 14.073 9.407 5.194 1.682 0.000 0.053 3.292 7.110 10.508 15.153 20.441 24.952 26.993 24.695 21.552 16.308 10.423 4.961 0.000 0.000 0.000 0.000 0.000 0.000 1.761 6.199 9.745 7.719 3.951 0.000
-999.250 -999.250 -999.250 -999.250 -999.250 -999.250 -999.250 -999.250 -999.250 -999.250 -999.250 -999.250 -999.250 -999.250 -999.250 -999.250 -999.250 -999.250 -999.250 -999.250 -999.250 -999.250 -999.250 -999.250 -999.250 -999.250 -999.250 -999.250 -999.250 -999.250 -999.250 -999.250 -999.250 -999.250 -999.250 -999.250 -999.250 14.442 13.302 12.258 14.644 6.721 1.566 0.000 0.000 0.000 6.302 8.448 12.233 18.856 25.335 29.213 30.719 30.479 25.235 16.491 10.079 5.307 0.000 0.000 0.000 0.000 0.000 0.000 0.000 1.783 4.497 5.318 9.865 0.000
-999.250 -999.250 -999.250 -999.250 -999.250 -999.250 -999.250 -999.250 -999.250 -999.250 -999.250 -999.250 -999.250 -999.250 -999.250 -999.250 -999.250 -999.250 -999.250 -999.250 -999.250 -999.250 -999.250 -999.250 -999.250 -999.250 -999.250 -999.250 -999.250 -999.250 -999.250 -999.250 -999.250 -999.250 -999.250 -999.250 -999.250 10.575 8.058 6.498 5.425 1.889 0.000 0.000 0.000 3.201 5.048 9.793 15.079 20.672 28.930 33.435 36.952 37.265 31.202 20.576 12.379 4.643 0.000 0.000 0.000 0.000 0.000 0.000 0.000 0.000 0.704 0.203 1.032 0.000
-999.250 -999.250 -999.250 -999.250 -999.250 -999.250 -999.250 -999.250 -999.250 -999.250 -999.250 -999.250 -999.250 -999.250 -999.250 -999.250 -999.250 -999.250 -999.250 -999.250 -999.250 -999.250 -999.250 -999.250 -999.250 -999.250 -999.250 -999.250 -999.250 -999.250 -999.250 -999.250 -999.250 -999.250 -999.250 -999.250 -999.250 -999.250 4.943 3.193 0.356 0.000 0.000 0.000 0.000 1.748 5.889 11.185 18.033 23.350 32.824 40.924 47.063 51.107 40.219 27.072 14.794 4.748 0.000 0.000 0.000 0.000 0.000 0.000 0.000 0.000 0.000 0.000 0.000 0.000
-999.250 -999.250 -999.250 -999.250 -999.250 -999.250 -999.250 -999.250 -999.250 -999.250 -999.250 -999.250 -999.250 -999.250 -999.250 -999.250 -999.250 -999.250 -999.250 -999.250 -999.250 -999.250 -999.250 -999.250 -999.250 -999.250 -999.250 -999.250 -999.250 -999.250 -999.250 -999.250 -999.250 -999.250 -999.250 -999.250 -999.250 -999.250 2.356 0.000 0.000 0.000 0.000 0.000 0.000 3.561 8.483 13.070 19.511 28.703 35.438 44.910 57.231 71.179 46.285 31.502 15.016 4.899 0.000 0.000 0.000 0.000 0.000 0.000 0.000 0.000 0.000 0.000 0.000 0.000
-999.250 -999.250 -999.250 -999.250 -999.250 -999.250 -999.250 -999.250 -999.250 -999.250 -999.250 -999.250 -999.250 -999.250 -999.250 -999.250 -999.250 -999.250 -999.250 -999.250 -999.250 -999.250 -999.250 -999.250 -999.250 -999.250 -999.250 -999.250 -999.250 -999.250 -999.250 -999.250 -999.250 -999.250 -999.250 -999.250 -999.250 -999.250 0.206 0.000 0.000 0.000 0.000 0.000 0.311 4.266 8.703 15.188 21.371 29.196 37.464 44.026 54.585 58.076 44.565 31.191 16.751 6.988 0.000 0.000 0.000 0.000 0.000 0.000 0.000 0.000 0.000 0.000 0.000 0.000
