data/medianmodel_11-Oct-2020.asc
ncols	141
nrows	288
xllcorner	-120191.398
yllcorner	-301404.813
cellsize	2000.000
NODATA_value	-999.250
[rows 210 to 239 of 288, columns 0 to 67 of 141]
-999.250 -999.250 -999.250 -999.250 -999.250 -999.250 -999.250 -999.250 -999.250 -999.250 -999.250 -999.250 -999.250 -999.250 -999.250 -999.250 -999.250 -999.250 -999.250 -999.250 -999.250 -999.250 -999.250 -999.250 -999.250 -999.250 -999.250 -999.250 -999.250 -999.250 -999.250 55.406 45.348 44.467 44.893 36.919 40.319 29.404 25.392 21.427 23.065 21.694 17.154 19.620 19.398 16.763 18.496 18.179 18.255 19.193 21.168 22.125 24.109 18.963 19.536 17.833 17.378 17.576 17.864 14.396 13.243 10.605 9.050 9.494 4.311 1.635 7.077 9.358
-999.250 -999.250 -999.250 -999.250 -999.250 -999.250 -999.250 -999.250 -999.250 -999.250 -999.250 -999.250 -999.250 -999.250 -999.250 -999.250 -999.250 -999.250 -999.250 -999.250 -999.250 -999.250 -999.250 -999.250 -999.250 -999.250 -999.250 -999.250 -999.250 -999.250 -999.250 48.862 45.993 40.332 36.448 33.185 29.077 37.186 25.378 23.851 19.707 16.233 16.477 16.030 15.177 15.661 17.816 18.064 19.163 21.000 21.982 21.150 21.571 17.921 18.592 18.677 19.350 18.666 15.233 14.568 15.043 14.340 13.070 11.899 5.528 0.000 1.417 8.974
-999.250 -999.250 -999.250 -999.250 -999.250 -999.250 -999.250 -999.250 -999.250 -999.250 -999.250 -999.250 -999.250 -999.250 -999.250 -999.250 -999.250 -999.250 -999.250 -999.250 -999.250 -999.250 -999.250 -999.250 -999.250 -999.250 -999.250 -999.250 -999.250 -999.250 -999.250 39.428 35.689 36.077 32.711 29.264 27.830 25.127 24.324 22.936 19.339 16.742 14.616 16.614 15.858 17.868 18.885 15.389 18.293 20.127 23.377 24.035 21.551 18.947 20.872 20.127 17.199 17.094 18.130 17.393 16.758 16.887 17.836 14.567 9.861 7.716 9.075 12.368
-999.250 -999.250 -999.250 -999.250 -999.250 -999.250 -999.250 -999.250 -999.250 -999.250 -999.250 -999.250 -999.250 -999.250 -999.250 -999.250 -999.250 -999.250 -999.250 -999.250 -999.250 -999.250 -999.250 -999.250 -999.250 -999.250 -999.250 -999.250 -999.250 -999.250 -999.250 30.989 29.125 30.936 23.103 24.030 23.706 21.901 19.945 19.231 16.511 15.804 15.157 16.333 14.314 14.916 18.555 17.964 17.652 16.367 20.244 22.789 25.277 20.579 21.521 19.868 21.537 23.017 17.777 18.522 18.754 18.836 16.186 15.447 15.480 11.321 15.569 12.820
-999.250 -999.250 -999.250 -999.250 -999.250 -999.250 -999.250 -999.250 -999.250 -999.250 -999.250 -999.250 -999.250 -999.250 -999.250 -999.250 -999.250 -999.250 -999.250 -999.250 -999.250 -999.250 -999.250 -999.250 -999.250 -999.250 -999.250 -999.250 -999.250 -999.250 -999.250 30.278 26.829 21.506 26.857 23.882 19.000 18.256 16.125 16.403 14.406 11.897 11.561 10.477 14.342 16.801 16.801 16.322 14.946 16.773 19.570 21.476 22.444 22.712 20.795 22.672 20.567 20.463 18.199 18.334 16.236 18.944 19.303 19.750 20.569 19.839 20.030 19.221
-999.250 -999.250 -999.250 -999.250 -999.250 -999.250 -999.250 -999.250 -999.250 -999.250 -999.250 -999.250 -999.250 -999.250 -999.250 -999.250 -999.250 -999.250 -999.250 -999.250 -999.250 -999.250 -999.250 -999.250 -999.250 -999.250 -999.250 -999.250 -999.250 -999.250 -999.250 27.292 24.761 23.768 21.901 19.476 16.390 17.111 14.372 15.018 13.616 8.891 5.810 11.061 14.062 14.807 13.272 16.626 13.829 16.563 20.632 22.985 21.871 21.750 21.244 21.649 25.415 23.421 19.879 18.411 20.865 21.367 22.402 22.519 27.677 23.944 26.064 23.986
-999.250 -999.250 -999.250 -999.250 -999.250 -999.250 -999.250 -999.250 -999.250 -999.250 -999.250 -999.250 -999.250 -999.250 -999.250 -999.250 -999.250 -999.250 -999.250 -999.250 -999.250 -999.250 -999.250 -999.250 -999.250 -999.250 -999.250 -999.250 -999.250 -999.250 -999.250 22.385 22.084 19.105 19.513 16.256 17.278 16.519 14.024 12.383 13.865 13.653 9.262 8.877 12.410 15.105 16.847 15.632 15.031 16.292 19.088 21.182 25.364 21.189 22.325 22.729 25.630 26.488 23.557 20.461 24.028 20.264 26.164 29.596 29.806 28.011 32.254 27.675
-999.250 -999.250 -999.250 -999.250 -999.250 -999.250 -999.250 -999.250 -999.250 -999.250 -999.250 -999.250 -999.250 -999.250 -999.250 -999.250 -999.250 -999.250 -999.250 -999.250 -999.250 -999.250 -999.250 -999.250 -999.250 -999.250 -999.250 -999.250 -999.250 -999.250 -999.250 22.720 20.272 17.877 17.630 16.189 16.698 16.629 13.384 10.742 10.983 10.322 10.359 14.210 10.838 15.317 12.131 15.158 16.972 14.380 17.357 18.742 18.227 25.611 22.309 20.994 26.429 30.440 23.798 28.342 28.218 26.637 28.544 34.888 35.326 40.371 35.593 28.003
-999.250 -999.250 -999.250 -999.250 -999.250 -999.250 -999.250 -999.250 -999.250 -999.250 -999.250 -999.250 -999.250 -999.250 -999.250 -999.250 -999.250 -999.250 -999.250 -999.250 -999.250 -999.250 -999.250 -999.250 -999.250 -999.250 -999.250 -999.250 -999.250 -999.250 -999.250 20.495 17.447 18.296 15.533 15.809 16.776 14.878 12.185 10.919 8.939 6.677 10.401 13.486 12.525 13.944 17.416 14.572 14.814 16.338 18.042 21.385 21.227 25.139 22.661 21.599 28.535 25.912 24.281 29.511 28.733 25.075 29.168 30.356 33.845 37.214 33.198 27.872
-999.250 -999.250 -999.250 -999.250 -999.250 -999.250 -999.250 -999.250 -999.250 -999.250 -999.250 -999.250 -999.250 -999.250 -999.250 -999.250 -999.250 -999.250 -999.250 -999.250 -999.250 -999.250 -999.250 -999.250 -999.250 -999.250 -999.250 -999.250 -999.250 -999.250 -999.250 18.835 18.186 19.403 16.806 15.334 15.254 12.860 10.015 11.070 10.093 6.831 11.795 11.215 9.958 13.329 15.455 16.598 14.805 18.869 21.154 23.809 24.224 25.743 24.466 27.933 25.793 28.390 30.774 27.801 27.249 28.793 28.831 29.458 30.377 34.668 29.833 29.319
-999.250 -999.250 -999.250 -999.250 -999.250 -999.250 -999.250 -999.250 -999.250 -999.250 -999.250 -999.250 -999.250 -999.250 -999.250 -999.250 -999.250 -999.250 -999.250 -999.250 -999.250 -999.250 -999.250 -999.250 -999.250 -999.250 -999.250 -999.250 -999.250 -999.250 -999.250 16.797 16.876 15.072 17.223 15.842 11.617 14.100 14.648 16.338 8.472 9.849 11.998 8.905 12.021 10.786 14.533 15.645 16.753 15.910 16.527 19.111 25.283 25.100 26.784 26.337 24.440 25.031 27.997 29.492 29.683 26.705 31.344 34.445 31.471 27.513 27.050 25.608
-999.250 -999.250 -999.250 -999.250 -999.250 -999.250 -999.250 -999.250 -999.250 -999.250 -999.250 -999.250 -999.250 -999.250 -999.250 -999.250 -999.250 -999.250 -999.250 -999.250 -999.250 -999.250 -999.250 -999.250 -999.250 -999.250 -999.250 -999.250 -999.250 -999.250 -999.250 18.830 15.992 17.341 13.088 13.211 12.937 14.882 11.062 15.320 12.317 12.382 12.464 14.144 12.955 13.761 13.448 17.232 16.781 15.402 19.799 19.555 22.013 23.038 28.116 28.362 25.853 31.843 26.438 28.947 26.311 27.096 30.456 35.040 33.396 31.564 32.174 27.059
-999.250 -999.250 -999.250 -999.250 -999.250 -999.250 -999.250 -999.250 -999.250 -999.250 -999.250 -999.250 -999.250 -999.250 -999.250 -999.250 -999.250 -999.250 -999.250 -999.250 -999.250 -999.250 -999.250 -999.250 -999.250 -999.250 -999.250 -999.250 -999.250 -999.250 -999.250 19.055 15.867 14.331 16.081 17.246 15.958 16.188 14.558 14.895 14.766 11.813 15.006 14.214 14.394 16.209 15.165 15.881 15.946 17.909 16.568 19.425 19.493 23.967 26.620 29.047 27.857 26.389 25.069 28.671 28.797 26.377 33.984 29.738 33.083 43.399 36.257 31.366
-999.250 -999.250 -999.250 -999.250 -999.250 -999.250 -999.250 -999.250 -999.250 -999.250 -999.250 -999.250 -999.250 -999.250 -999.250 -999.250 -999.250 -999.250 -999.250 -999.250 -999.250 -999.250 -999.250 -999.250 -999.250 -999.250 -999.250 -999.250 -999.250 -999.250 17.072 16.406 16.522 11.933 11.515 13.988 14.904 16.462 14.317 13.254 15.804 15.548 13.391 14.566 15.678 18.003 14.584 16.453 16.675 16.222 19.221 19.183 20.848 24.938 28.098 32.564 27.371 27.669 27.579 25.165 23.344 29.481 30.297 30.979 34.832 39.200 39.088 37.773
-999.250 -999.250 -999.250 -999.250 -999.250 -999.250 -999.250 -999.250 -999.250 -999.250 -999.250 -999.250 -999.250 -999.250 -999.250 -999.250 -999.250 -999.250 -999.250 -999.250 -999.250 -999.250 -999.250 -999.250 -999.250 -999.250 -999.250 -999.250 -999.250 -999.250 19.176 18.903 14.110 13.787 13.532 14.799 15.483 15.955 15.907 15.068 16.384 17.338 12.108 15.765 16.961 14.401 16.453 17.070 17.454 15.567 15.358 20.594 21.340 25.919 25.540 28.051 26.153 25.447 25.930 24.383 26.394 26.309 37.451 39.255 40.093 38.233 41.767 43.216
-999.250 -999.250 -999.250 -999.250 -999.250 -999.250 -999.250 -999.250 -999.250 -999.250 -999.250 -999.250 -999.250 -999.250 -999.250 -999.250 -999.250 -999.250 -999.250 -999.250 -999.250 -999.250 -999.250 -999.250 -999.250 -999.250 -999.250 -999.250 -999.250 -999.250 15.934 15.561 14.802 12.675 14.915 15.930 14.156 14.718 15.440 15.249 16.660 16.680 18.868 15.868 15.517 15.317 14.120 14.399 17.424 18.603 17.369 17.257 21.758 24.714 25.796 25.441 24.936 25.428 28.212 22.277 26.471 28.419 37.657 43.812 43.180 39.606 47.195 50.836
-999.250 -999.250 -999.250 -999.250 -999.250 -999.250 -999.250 -999.250 -999.250 -999.250 -999.250 -999.250 -999.250 -999.250 -999.250 -999.250 -999.250 -999.250 -999.250 -999.250 -999.250 -999.250 -999.250 -999.250 -999.250 -999.250 -999.250 -999.250 -999.250 -999.250 15.480 16.954 12.375 10.933 13.456 14.634 12.686 11.808 14.176 15.586 15.174 16.304 15.230 17.039 18.035 16.359 18.280 18.305 20.107 21.292 19.340 20.471 20.476 24.914 24.413 21.995 22.037 24.797 25.734 26.882 27.266 32.684 38.714 36.529 38.562 40.836 48.469 56.384
-999.250 -999.250 -999.250 -999.250 -999.250 -999.250 -999.250 -999.250 -999.250 -999.250 -999.250 -999.250 -999.250 -999.250 -999.250 -999.250 -999.250 -999.250 -999.250 -999.250 -999.250 -999.250 -999.250 -999.250 -999.250 -999.250 -999.250 -999.250 -999.250 17.869 16.404 14.472 14.457 14.009 12.923 10.745 13.082 9.858 13.199 14.586 16.226 16.761 15.995 12.445 19.146 20.064 19.097 19.348 18.292 20.609 20.909 22.362 21.980 21.177 23.408 21.493 25.265 25.494 25.856 27.342 31.849 32.164 39.302 44.329 45.399 48.564 51.033 70.050
-999.250 -999.250 -999.250 -999.250 -999.250 -999.250 -999.250 -999.250 -999.250 -999.250 -999.250 -999.250 -999.250 -999.250 -999.250 -999.250 -999.250 -999.250 -999.250 -999.250 -999.250 -999.250 -999.250 -999.250 -999.250 -999.250 -999.250 -999.250 -999.250 15.932 16.281 10.347 13.471 8.385 12.634 8.736 9.088 9.497 13.689 15.621 15.159 11.144 14.938 16.302 17.417 19.611 19.683 18.271 19.138 20.641 21.115 22.399 25.252 20.647 23.793 22.981 24.291 21.676 22.648 24.622 27.320 28.866 40.186 52.177 52.578 56.841 65.693 67.149
-999.250 -999.250 -999.250 -999.250 -999.250 -999.250 -999.250 -999.250 -999.250 -999.250 -999.250 -999.250 -999.250 -999.250 -999.250 -999.250 -999.250 -999.250 -999.250 -999.250 -999.250 -999.250 -999.250 -999.250 -999.250 -999.250 -999.250 -999.250 14.462 16.897 12.709 12.696 10.139 8.434 9.614 11.082 6.947 11.979 11.749 15.168 16.701 18.310 17.183 18.109 18.519 20.121 20.245 19.168 17.305 18.468 19.387 17.635 24.063 20.554 20.225 21.204 20.512 23.489 23.543 23.951 32.596 37.529 44.767 58.429 52.804 64.811 64.757 71.180
-999.250 -999.250 -999.250 -999.250 -999.250 -999.250 -999.250 -999.250 -999.250 -999.250 -999.250 -999.250 -999.250 -999.250 -999.250 -999.250 -999.250 -999.250 -999.250 -999.250 -999.250 -999.250 -999.250 -999.250 -999.250 -999.250 -999.250 -999.250 14.269 12.633 12.781 11.763 10.504 10.785 8.576 10.836 11.812 12.812 12.358 16.713 15.570 19.410 17.157 19.691 18.635 18.627 19.809 18.713 17.664 19.514 19.994 19.184 18.493 20.302 21.574 20.935 21.826 23.266 29.216 25.211 42.591 42.700 48.587 54.801 71.612 74.535 64.197 64.512
-999.250 -999.250 -999.250 -999.250 -999.250 -999.250 -999.250 -999.250 -999.250 -999.250 -999.250 -999.250 -999.250 -999.250 -999.250 -999.250 -999.250 -999.250 -999.250 -999.250 -999.250 -999.250 -999.250 -999.250 -999.250 -999.250 -999.250 17.862 13.831 12.547 13.480 10.867 9.463 9.617 11.562 9.170 12.786 13.383 14.124 16.690 16.851 18.045 21.289 19.626 20.983 20.995 21.919 19.905 17.471 18.933 17.820 20.306 19.610 20.095 17.711 21.453 24.199 22.019 26.141 26.922 31.440 41.987 49.177 51.363 63.654 62.922 61.856 70.009
-999.250 -999.250 -999.250 -999.250 -999.250 -999.250 -999.250 -999.250 -999.250 -999.250 -999.250 -999.250 -999.250 -999.250 -999.250 -999.250 -999.250 -999.250 -999.250 -999.250 -999.250 -999.250 -999.250 -999.250 -999.250 -999.250 -999.250 17.018 15.829 15.549 12.353 7.291 8.758 12.025 12.004 12.295 12.127 16.662 17.733 17.118 19.100 20.291 20.431 21.213 19.932 20.842 23.523 19.710 17.966 18.839 20.885 21.216 19.372 16.571 18.392 21.014 19.722 21.365 23.512 24.433 31.659 35.439 43.526 50.940 50.388 58.704 65.567 68.700
-999.250 -999.250 -999.250 -999.250 -999.250 -999.250 -999.250 -999.250 -999.250 -999.250 -999.250 -999.250 -999.250 -999.250 -999.250 -999.250 -999.250 -999.250 -999.250 -999.250 -999.250 -999.250 -999.250 -999.250 -999.250 -999.250 -999.250 -999.250 15.314 13.257 10.895 11.096 11.648 11.489 14.403 12.511 12.166 16.640 15.652 19.545 20.858 20.381 17.934 18.031 19.671 22.419 22.150 21.269 21.215 18.253 21.771 22.168 17.828 16.393 17.893 16.724 16.888 19.629 23.753 23.507 22.031 31.057 33.949 37.641 54.176 57.880 62.425 73.210
-999.250 -999.250 -999.250 -999.250 -999.250 -999.250 -999.250 -999.250 -999.250 -999.250 -999.250 -999.250 -999.250 -999.250 -999.250 -999.250 -999.250 -999.250 -999.250 -999.250 -999.250 -999.250 -999.250 -999.250 -999.250 -999.250 -999.250 -999.250 -999.250 -999.250 12.956 9.238 12.204 13.994 11.718 11.589 17.072 18.173 17.700 19.938 18.843 20.950 22.351 21.090 23.300 24.803 26.363 26.147 23.624 19.980 21.228 17.045 16.884 15.307 16.500 15.435 15.686 18.589 19.314 20.562 19.845 23.785 33.248 39.364 48.484 49.293 53.469 68.310
-999.250 -999.250 -999.250 -999.250 -999.250 -999.250 -999.250 -999.250 -999.250 -999.250 -999.250 -999.250 -999.250 -999.250 -999.250 -999.250 -999.250 -999.250 -999.250 -999.250 -999.250 -999.250 -999.250 -999.250 -999.250 -999.250 -999.250 -999.250 -999.250 -999.250 12.478 13.413 12.549 13.211 15.678 13.871 17.590 17.337 19.600 20.618 20.004 22.081 24.794 24.509 21.824 25.146 27.341 24.040 23.051 22.377 21.189 20.053 17.050 16.936 16.047 11.503 13.393 14.605 16.929 18.801 17.900 21.191 25.287 27.158 38.055 46.079 50.632 52.849
-999.250 -999.250 -999.250 -999.250 -999.250 -999.250 -999.250 -999.250 -999.250 -999.250 -999.250 -999.250 -999.250 -999.250 -999.250 -999.250 -999.250 -999.250 -999.250 -999.250 -999.250 -999.250 -999.250 -999.250 -999.250 -999.250 -999.250 -999.250 -999.250 -999.250 14.094 16.005 17.952 21.154 18.074 18.511 21.700 19.543 19.125 19.557 19.000 20.763 25.142 25.873 29.184 25.414 24.641 24.445 26.885 20.953 22.224 20.345 17.936 12.323 12.766 15.091 12.641 13.712 11.532 12.126 18.548 21.168 24.659 28.751 33.948 35.536 36.922 51.082
-999.250 -999.250 -999.250 -999.250 -999.250 -999.250 -999.250 -999.250 -999.250 -999.250 -999.250 -999.250 -999.250 -999.250 -999.250 -999.250 -999.250 -999.250 -999.250 -999.250 -999.250 -999.250 -999.250 -999.250 -999.250 -999.250 -999.250 -999.250 -999.250 -999.250 -999.250 18.767 19.761 21.971 22.148 20.023 21.403 21.129 21.505 21.567 22.198 23.611 25.651 27.858 27.527 27.909 27.887 27.616 29.865 22.379 20.588 19.548 15.601 17.762 12.469 10.518 9.628 11.394 8.783 10.784 16.623 17.737 21.307 26.428 32.622 32.922 38.755 45.581
-999.250 -999.250 -999.250 -999.250 -999.250 -999.250 -999.250 -999.250 -999.250 -999.250 -999.250 -999.250 -999.250 -999.250 -999.250 -999.250 -999.250 -999.250 -999.250 -999.250 -999.250 -999.250 -999.250 -999.250 -999.250 -999.250 -999.250 -999.250 -999.250 -999.250 21.887 21.576 21.488 21.979 18.234 21.793 25.044 22.314 23.775 28.278 28.832 25.586 29.315 29.111 24.938 28.227 26.460 29.488 27.101 21.134 23.444 23.887 19.567 16.564 16.849 13.425 7.795 8.505 9.863 10.127 9.540 16.646 20.306 21.346 23.633 28.055 33.107 36.653
-999.250 -999.250 -999.250 -999.250 -999.250 -999.250 -999.250 -999.250 -999.250 -999.250 -999.250 -999.250 -999.250 -999.250 -999.250 -999.250 -999.250 -999.250 -999.250 -999.250 -999.250 -999.250 -999.250 -999.250 -999.250 -999.250 -999.250 -999.250 -999.250 -999.250 -999.250 22.111 25.218 24.609 25.264 25.445 27.569 29.071 30.901 37.244 36.350 32.734 40.390 39.893 36.230 30.793 28.642 29.367 29.088 27.219 26.657 23.556 20.981 14.140 17.888 10.767 9.981 9.207 10.078 11.030 15.064 16.436 18.086 18.368 21.247 29.543 38.378 45.109
