data/medianmodel_21-Nov-2020.asc
ncols	141
nrows	288
xllcorner	-120191.398
yllcorner	-301404.813
cellsize	2000.000
NODATA_value	-999.250
[rows 232 to 260 of 288, columns 0 to 64 of 141]
-999.250 -999.250 -999.250 -999.250 -999.250 -999.250 -999.250 -999.250 -999.250 -999.250 -999.250 -999.250 -999.250 -999.250 -999.250 -999.250 -999.250 -999.250 -999.250 -999.250 -999.250 -999.250 -999.250 -999.250 -999.250 -999.250 -999.250 571.440 568.134 570.526 573.651 554.138 489.905 440.653 394.191 340.688 314.709 292.949 294.849 305.140 296.526 297.892 294.408 307.160 296.318 300.257 324.631 306.722 316.758 312.282 312.289 311.238 298.911 301.255 296.274 296.739 287.877 279.566 304.396 292.607 319.171 316.956 322.897 324.985 332.858
-999.250 -999.250 -999.250 -999.250 -999.250 -999.250 -999.250 -999.250 -999.250 -999.250 -999.250 -999.250 -999.250 -999.250 -999.250 -999.250 -999.250 -999.250 -999.250 -999.250 -999.250 -999.250 -999.250 -999.250 -999.250 -999.250 -999.250 -999.250 559.760 560.049 572.947 538.786 498.333 466.549 395.873 358.227 347.864 325.337 322.915 307.542 307.294 288.435 301.832 299.747 297.121 308.280 311.649 305.879 297.212 314.408 301.848 309.422 305.452 298.973 286.447 295.542 278.614 278.862 295.168 304.670 312.681 323.676 321.394 322.863 307.093
-999.250 -999.250 -999.250 -999.250 -999.250 -999.250 -999.250 -999.250 -999.250 -999.250 -999.250 -999.250 -999.250 -999.250 -999.250 -999.250 -999.250 -999.250 -999.250 -999.250 -999.250 -999.250 -999.250 -999.250 -999.250 -999.250 -999.250 -999.250 -999.250 -999.250 561.628 542.043 528.606 494.646 419.459 403.670 355.122 339.989 333.278 324.990 324.070 307.632 317.806 284.408 297.294 308.890 324.009 317.703 309.848 317.094 306.209 306.328 290.291 302.224 286.841 285.070 283.847 270.357 289.651 303.162 314.723 321.600 331.702 322.071 340.780
-999.250 -999.250 -999.250 -999.250 -999.250 -999.250 -999.250 -999.250 -999.250 -999.250 -999.250 -999.250 -999.250 -999.250 -999.250 -999.250 -999.250 -999.250 -999.250 -999.250 -999.250 -999.250 -999.250 -999.250 -999.250 -999.250 -999.250 -999.250 -999.250 -999.250 523.970 529.072 525.918 502.606 460.404 449.782 384.024 352.580 357.285 333.177 334.311 314.506 293.779 289.419 279.956 278.406 302.286 313.921 311.913 302.271 302.969 307.295 307.594 300.030 280.864 298.213 288.121 292.944 265.238 275.726 296.214 322.172 334.063 337.325 332.843
-999.250 -999.250 -999.250 -999.250 -999.250 -999.250 -999.250 -999.250 -999.250 -999.250 -999.250 -999.250 -999.250 -999.250 -999.250 -999.250 -999.250 -999.250 -999.250 -999.250 -999.250 -999.250 -999.250 -999.250 -999.250 -999.250 -999.250 -999.250 -999.250 -999.250 541.692 546.835 521.097 492.441 487.886 437.533 396.935 372.081 360.305 338.914 321.133 332.840 307.806 313.852 281.589 290.775 282.852 296.056 309.144 304.361 302.676 299.290 313.943 313.488 313.881 308.322 286.839 292.192 267.722 242.512 291.623 316.014 321.575 338.728 326.770
-999.250 -999.250 -999.250 -999.250 -999.250 -999.250 -999.250 -999.250 -999.250 -999.250 -999.250 -999.250 -999.250 -999.250 -999.250 -999.250 -999.250 -999.250 -999.250 -999.250 -999.250 -999.250 -999.250 -999.250 -999.250 -999.250 -999.250 -999.250 -999.250 -999.250 -999.250 529.901 495.559 503.844 459.552 413.279 412.200 387.593 361.644 353.026 325.557 329.861 313.702 321.052 310.608 294.579 287.379 308.744 315.198 318.374 319.084 308.942 322.597 330.417 311.834 300.929 307.726 308.552 295.142 298.235 317.401 319.580 318.715 329.320 326.753
-999.250 -999.250 -999.250 -999.250 -999.250 -999.250 -999.250 -999.250 -999.250 -999.250 -999.250 -999.250 -999.250 -999.250 -999.250 -999.250 -999.250 -999.250 -999.250 -999.250 -999.250 -999.250 -999.250 -999.250 -999.250 -999.250 -999.250 -999.250 -999.250 -999.250 499.213 481.078 489.612 476.154 466.181 414.533 418.003 371.195 359.840 346.594 322.821 321.294 318.300 313.169 307.811 307.097 309.347 303.361 313.492 325.825 327.803 312.160 311.648 332.635 307.432 304.812 312.310 298.965 313.880 309.381 326.234 326.037 306.660 310.476 314.481
-999.250 -999.250 -999.250 -999.250 -999.250 -999.250 -999.250 -999.250 -999.250 -999.250 -999.250 -999.250 -999.250 -999.250 -999.250 -999.250 -999.250 -999.250 -999.250 -999.250 -999.250 -999.250 -999.250 -999.250 -999.250 -999.250 -999.250 -999.250 -999.250 -999.250 -999.250 481.659 466.528 472.803 480.728 449.445 423.865 364.767 363.894 354.039 344.069 329.883 312.572 309.816 315.636 296.080 301.500 301.097 303.338 298.266 328.371 312.733 326.504 333.512 307.287 304.263 283.885 311.640 314.956 307.973 318.107 323.801 315.914 312.673 308.495
-999.250 -999.250 -999.250 -999.250 -999.250 -999.250 -999.250 -999.250 -999.250 -999.250 -999.250 -999.250 -999.250 -999.250 -999.250 -999.250 -999.250 -999.250 -999.250 -999.250 -999.250 -999.250 -999.250 -999.250 -999.250 -999.250 -999.250 -999.250 -999.250 -999.250 447.506 466.211 457.583 457.265 432.489 404.030 393.282 358.052 362.159 340.089 341.126 320.032 321.553 318.721 331.346 313.705 306.158 303.882 307.710 322.723 308.706 325.464 323.906 312.753 317.517 297.173 306.596 297.494 290.040 315.858 306.418 313.401 305.204 300.258 309.605
-999.250 -999.250 -999.250 -999.250 -999.250 -999.250 -999.250 -999.250 -999.250 -999.250 -999.250 -999.250 -999.250 -999.250 -999.250 -999.250 -999.250 -999.250 -999.250 -999.250 -999.250 -999.250 -999.250 -999.250 -999.250 -999.250 -999.250 -999.250 -999.250 -999.250 450.239 474.298 450.338 443.973 415.896 422.878 388.899 346.234 346.328 332.874 339.692 325.214 346.172 325.658 324.503 329.474 315.954 301.011 303.817 318.808 315.589 335.106 316.079 310.628 303.444 293.618 291.941 289.956 294.125 294.860 312.903 305.580 299.336 301.257 277.719
-999.250 -999.250 -999.250 -999.250 -999.250 -999.250 -999.250 -999.250 -999.250 -999.250 -999.250 -999.250 -999.250 -999.250 -999.250 -999.250 -999.250 -999.250 -999.250 -999.250 -999.250 -999.250 -999.250 -999.250 -999.250 -999.250 -999.250 -999.250 -999.250 -999.250 465.842 439.159 453.841 438.921 426.061 424.920 364.425 351.501 343.227 331.645 317.552 334.534 321.457 325.143 322.432 303.327 312.292 310.237 303.748 303.653 308.662 328.149 308.873 303.945 295.577 280.003 287.151 297.305 292.830 291.340 303.790 311.340 301.553 297.180 286.985
-999.250 -999.250 -999.250 -999.250 -999.250 -999.250 -999.250 -999.250 -999.250 -999.250 -999.250 -999.250 -999.250 -999.250 -999.250 -999.250 -999.250 -999.250 -999.250 -999.250 -999.250 -999.250 -999.250 -999.250 -999.250 -999.250 -999.250 -999.250 -999.250 -999.250 454.728 427.444 436.015 450.456 419.041 399.779 359.393 353.982 330.923 349.766 320.900 331.233 324.920 332.817 328.763 327.344 313.438 311.357 306.256 297.126 295.371 308.771 304.380 300.442 275.927 270.854 260.704 277.234 286.483 271.282 280.687 286.638 278.209 290.221 281.812
-999.250 -999.250 -999.250 -999.250 -999.250 -999.250 -999.250 -999.250 -999.250 -999.250 -999.250 -999.250 -999.250 -999.250 -999.250 -999.250 -999.250 -999.250 -999.250 -999.250 -999.250 -999.250 -999.250 -999.250 -999.250 -999.250 -999.250 -999.250 -999.250 -999.250 440.248 469.617 449.937 444.172 404.995 396.472 419.386 382.594 350.670 359.355 348.066 337.083 318.591 336.050 335.064 316.566 298.490 296.660 298.842 301.660 299.631 285.334 284.300 262.013 257.082 264.910 247.536 252.527 268.506 269.712 244.599 256.451 279.519 266.224 289.062
-999.250 -999.250 -999.250 -999.250 -999.250 -999.250 -999.250 -999.250 -999.250 -999.250 -999.250 -999.250 -999.250 -999.250 -999.250 -999.250 -999.250 -999.250 -999.250 -999.250 -999.250 -999.250 -999.250 -999.250 -999.250 -999.250 -999.250 -999.250 -999.250 -999.250 -999.250 426.810 460.665 405.178 398.063 376.995 405.578 372.995 371.215 354.762 365.084 351.922 344.741 329.938 317.499 322.479 301.166 300.560 314.423 283.697 281.148 269.905 267.358 267.683 232.897 229.037 254.628 232.375 263.817 262.436 240.576 201.468 240.101 263.834 267.763
-999.250 -999.250 -999.250 -999.250 -999.250 -999.250 -999.250 -999.250 -999.250 -999.250 -999.250 -999.250 -999.250 -999.250 -999.250 -999.250 -999.250 -999.250 -999.250 -999.250 -999.250 -999.250 -999.250 -999.250 -999.250 -999.250 -999.250 -999.250 -999.250 -999.250 -999.250 430.915 439.412 411.508 406.763 385.875 397.056 397.214 377.845 375.048 357.020 334.161 323.731 322.608 307.057 295.483 308.469 302.821 294.474 280.580 276.922 265.499 251.929 232.187 247.830 236.250 239.540 233.711 242.493 245.699 240.661 239.916 229.495 243.441 261.937
-999.250 -999.250 -999.250 -999.250 -999.250 -999.250 -999.250 -999.250 -999.250 -999.250 -999.250 -999.250 -999.250 -999.250 -999.250 -999.250 -999.250 -999.250 -999.250 -999.250 -999.250 -999.250 -999.250 -999.250 -999.250 -999.250 -999.250 -999.250 -999.250 -999.250 456.344 416.706 454.358 404.330 392.631 400.934 362.435 377.609 348.539 355.666 348.105 322.099 325.543 305.628 307.222 288.491 281.463 301.960 299.392 258.737 251.228 243.828 235.776 251.399 204.762 206.311 200.017 200.587 204.474 216.180 230.289 229.113 239.212 256.014 265.043
-999.250 -999.250 -999.250 -999.250 -999.250 -999.250 -999.250 -999.250 -999.250 -999.250 -999.250 -999.250 -999.250 -999.250 -999.250 -999.250 -999.250 -999.250 -999.250 -999.250 -999.250 -999.250 -999.250 -999.250 -999.250 -999.250 -999.250 -999.250 -999.250 -999.250 437.384 433.272 435.764 394.331 407.819 384.696 395.181 369.856 368.404 345.332 329.720 321.561 304.552 294.425 305.214 283.995 290.567 285.626 271.284 267.771 261.033 256.169 234.283 205.869 181.193 165.632 169.024 170.185 210.687 217.048 217.323 230.493 254.305 246.355 251.075
-999.250 -999.250 -999.250 -999.250 -999.250 -999.250 -999.250 -999.250 -999.250 -999.250 -999.250 -999.250 -999.250 -999.250 -999.250 -999.250 -999.250 -999.250 -999.250 -999.250 -999.250 -999.250 -999.250 -999.250 -999.250 -999.250 -999.250 -999.250 -999.250 -999.250 394.284 407.173 391.243 407.357 381.503 397.917 388.539 365.529 354.783 334.127 333.558 321.241 322.899 315.232 316.915 304.391 283.132 286.431 265.226 240.728 252.551 238.958 221.551 177.159 146.535 86.824 152.787 173.750 189.801 193.838 226.481 237.675 242.505 237.326 245.512
-999.250 -999.250 -999.250 -999.250 -999.250 -999.250 -999.250 -999.250 -999.250 -999.250 -999.250 -999.250 -999.250 -999.250 -999.250 -999.250 -999.250 -999.250 -999.250 -999.250 -999.250 -999.250 -999.250 -999.250 -999.250 -999.250 -999.250 -999.250 -999.250 -999.250 392.980 420.003 401.639 389.827 382.866 403.554 378.547 356.503 324.312 314.148 311.988 314.496 320.790 320.625 303.708 307.454 282.656 293.896 263.530 256.375 246.705 224.770 208.844 179.851 166.324 150.807 164.959 176.366 212.401 211.050 231.484 231.448 221.080 230.457 228.803
-999.250 -999.250 -999.250 -999.250 -999.250 -999.250 -999.250 -999.250 -999.250 -999.250 -999.250 -999.250 -999.250 -999.250 -999.250 -999.250 -999.250 -999.250 -999.250 -999.250 -999.250 -999.250 -999.250 -999.250 -999.250 -999.250 -999.250 -999.250 -999.250 -999.250 355.019 356.442 402.078 402.844 393.158 378.414 364.937 341.510 321.280 258.931 306.287 315.552 313.831 311.986 332.748 294.228 294.013 278.420 278.666 269.438 240.559 214.970 197.212 193.730 186.111 191.558 176.582 197.325 204.574 200.414 214.957 236.604 225.630 215.193 222.171
-999.250 -999.250 -999.250 -999.250 -999.250 -999.250 -999.250 -999.250 -999.250 -999.250 -999.250 -999.250 -999.250 -999.250 -999.250 -999.250 -999.250 -999.250 -999.250 -999.250 -999.250 -999.250 -999.250 -999.250 -999.250 -999.250 -999.250 -999.250 -999.250 346.694 356.159 371.989 393.544 367.060 364.984 347.664 369.520 339.470 326.468 304.103 308.010 312.253 341.556 318.317 334.556 304.953 310.682 290.128 248.836 246.214 204.878 241.465 204.261 197.502 197.917 204.467 211.896 222.384 204.684 206.637 216.545 233.855 220.954 215.733 209.045
-999.250 -999.250 -999.250 -999.250 -999.250 -999.250 -999.250 -999.250 -999.250 -999.250 -999.250 -999.250 -999.250 -999.250 -999.250 -999.250 -999.250 -999.250 -999.250 -999.250 -999.250 -999.250 -999.250 -999.250 -999.250 -999.250 -999.250 -999.250 -999.250 -999.250 333.252 343.209 345.263 342.171 360.175 344.313 341.946 324.139 337.794 322.336 327.365 326.692 325.530 326.460 327.269 313.133 303.897 278.053 259.698 227.125 213.098 228.958 203.431 211.080 187.996 213.584 208.850 233.925 230.638 207.355 223.376 188.225 211.105 195.559 184.889
-999.250 -999.250 -999.250 -999.250 -999.250 -999.250 -999.250 -999.250 -999.250 -999.250 -999.250 -999.250 -999.250 -999.250 -999.250 -999.250 -999.250 -999.250 -999.250 -999.250 -999.250 -999.250 -999.250 -999.250 -999.250 -999.250 -999.250 -999.250 -999.250 -999.250 319.596 345.049 348.226 330.982 334.983 338.944 350.289 348.198 343.150 341.078 334.950 338.804 325.204 326.242 318.948 317.254 300.808 284.031 273.380 240.551 232.934 231.418 226.952 216.113 201.813 193.550 224.272 206.118 214.553 232.846 198.109 202.665 199.165 178.028 159.896
-999.250 -999.250 -999.250 -999.250 -999.250 -999.250 -999.250 -999.250 -999.250 -999.250 -999.250 -999.250 -999.250 -999.250 -999.250 -999.250 -999.250 -999.250 -999.250 -999.250 -999.250 -999.250 -999.250 -999.250 -999.250 -999.250 -999.250 -999.250 -999.250 -999.250 -999.250 336.947 343.888 322.230 371.936 351.358 363.224 337.018 338.918 344.224 336.938 333.167 311.779 335.027 326.664 334.775 307.072 290.576 295.028 249.165 256.800 230.466 221.724 199.138 184.861 192.656 211.073 197.089 209.631 197.838 219.964 184.720 156.372 150.683 134.510
-999.250 -999.250 -999.250 -999.250 -999.250 -999.250 -999.250 -999.250 -999.250 -999.250 -999.250 -999.250 -999.250 -999.250 -999.250 -999.250 -999.250 -999.250 -999.250 -999.250 -999.250 -999.250 -999.250 -999.250 -999.250 -999.250 -999.250 -999.250 -999.250 -999.250 -999.250 335.198 361.958 343.978 359.002 346.138 347.259 327.906 333.883 319.043 318.793 335.301 338.218 333.235 334.799 336.036 329.280 309.129 282.858 278.754 289.986 261.519 245.372 225.160 200.157 185.859 204.207 202.935 197.394 183.176 197.246 165.903 149.510 126.343 108.891
-999.250 -999.250 -999.250 -999.250 -999.250 -999.250 -999.250 -999.250 -999.250 -999.250 -999.250 -999.250 -999.250 -999.250 -999.250 -999.250 -999.250 -999.250 -999.250 -999.250 -999.250 -999.250 -999.250 -999.250 -999.250 -999.250 -999.250 -999.250 -999.250 -999.250 297.987 309.747 327.253 335.153 337.590 327.630 350.132 336.234 325.312 326.033 327.282 350.454 356.670 337.630 338.935 328.126 317.047 292.498 304.955 297.792 273.667 264.772 256.710 255.553 232.957 219.161 207.355 214.514 208.199 188.261 188.926 168.619 141.350 110.672 59.480
-999.250 -999.250 -999.250 -999.250 -999.250 -999.250 -999.250 -999.250 -999.250 -999.250 -999.250 -999.250 -999.250 -999.250 -999.250 -999.250 -999.250 -999.250 -999.250 -999.250 -999.250 -999.250 -999.250 -999.250 -999.250 -999.250 -999.250 -999.250 -999.250 -999.250 287.029 331.344 328.581 333.495 332.539 319.918 338.504 336.980 345.780 355.057 342.740 372.262 336.853 335.184 325.273 328.115 332.362 312.123 304.367 297.255 274.900 265.401 259.638 238.852 234.202 240.365 230.394 212.150 193.350 202.114 180.487 171.531 150.364 123.695 108.635
-999.250 -999.250 -999.250 -999.250 -999.250 -999.250 -999.250 -999.250 -999.250 -999.250 -999.250 -999.250 -999.250 -999.250 -999.250 -999.250 -999.250 -999.250 -999.250 -999.250 -999.250 -999.250 -999.250 -999.250 -999.250 -999.250 -999.250 -999.250 -999.250 -999.250 298.944 320.364 313.175 323.285 334.256 327.156 351.434 336.142 353.265 352.966 352.748 350.400 357.637 337.152 335.817 323.891 328.763 312.121 281.672 271.329 298.122 289.019 255.621 251.511 251.031 229.792 232.005 237.050 208.502 192.736 183.617 176.789 171.087 158.172 143.796
-999.250 -999.250 -999.250 -999.250 -999.250 -999.250 -999.250 -999.250 -999.250 -999.250 -999.250 -999.250 -999.250 -999.250 -999.250 -999.250 -999.250 -999.250 -999.250 -999.250 -999.250 -999.250 -999.250 -999.250 -999.250 -999.250 -999.250 -999.250 -999.250 -999.250 289.631 291.866 308.834 317.190 316.986 347.312 342.678 367.652 344.818 345.987 346.939 343.086 345.332 331.172 341.021 316.715 304.803 303.295 295.792 286.109 294.837 270.942 267.522 260.044 247.302 240.302 254.116 239.773 221.023 211.174 197.010 202.600 190.283 169.942 167.211
