data/medianmodel_13-Feb-2021.asc
ncols	141
nrows	288
xllcorner	-120191.398
yllcorner	-301404.813
cellsize	2000.000
NODATA_value	-999.250
[rows 145 to 173 of 288, columns 65 to 129 of 141]
537.187 619.414 650.766 736.463 777.035 757.825 740.013 649.345 586.218 502.383 454.599 407.587 361.095 319.337 286.572 255.525 247.484 491.372 762.180 986.179 1149.985 1511.143 1613.613 1700.369 1830.634 1813.347 -999.250 -999.250 -999.250 -999.250 -999.250 -999.250 -999.250 -999.250 -999.250 -999.250 -999.250 -999.250 -999.250 -999.250 -999.250 -999.250 -999.250 -999.250 -999.250 -999.250 -999.250 -999.250 -999.250 -999.250 -999.250 -999.250 -999.250 -999.250 -999.250 -999.250 -999.250 -999.250 -999.250 -999.250 -999.250 -999.250 -999.250 -999.250 -999.250
623.056 703.843 766.332 828.658 919.195 902.395 826.828 760.278 667.862 567.387 494.643 425.603 387.631 377.107 333.065 346.700 409.418 585.398 811.949 1013.834 1275.584 1529.801 1750.269 2010.523 2176.732 2069.153 1899.812 -999.250 -999.250 -999.250 -999.250 -999.250 -999.250 -999.250 -999.250 -999.250 -999.250 -999.250 -999.250 -999.250 -999.250 -999.250 -999.250 -999.250 -999.250 -999.250 -999.250 -999.250 -999.250 -999.250 -999.250 -999.250 -999.250 -999.250 -999.250 -999.250 -999.250 -999.250 -999.250 -999.250 -999.250 -999.250 -999.250 -999.250 -999.250
701.065 779.255 905.743 974.678 1030.344 992.821 925.829 828.853 719.905 638.906 533.888 467.152 403.928 396.610 405.112 429.047 507.545 695.575 898.958 1093.917 1341.200 1571.447 1769.691 2143.707 2278.537 2330.592 2124.509 -999.250 -999.250 -999.250 -999.250 -999.250 -999.250 -999.250 -999.250 -999.250 -999.250 -999.250 -999.250 -999.250 -999.250 -999.250 -999.250 -999.250 -999.250 -999.250 -999.250 -999.250 -999.250 -999.250 -999.250 -999.250 -999.250 -999.250 -999.250 -999.250 -999.250 -999.250 -999.250 -999.250 -999.250 -999.250 -999.250 -999.250 -999.250
748.937 807.795 941.067 1024.403 1225.866 1055.019 977.950 865.705 771.500 663.758 570.511 466.299 456.256 449.878 455.819 510.640 594.499 781.597 960.212 1107.966 1469.660 1550.380 1812.622 1949.822 2260.228 2329.565 2025.239 1577.298 1273.950 1119.671 -999.250 -999.250 -999.250 -999.250 -999.250 -999.250 -999.250 -999.250 -999.250 -999.250 -999.250 -999.250 -999.250 -999.250 -999.250 -999.250 -999.250 -999.250 -999.250 -999.250 -999.250 -999.250 -999.250 -999.250 -999.250 -999.250 -999.250 -999.250 -999.250 -999.250 -999.250 -999.250 -999.250 -999.250 -999.250
764.251 840.223 956.204 1019.463 1045.128 1014.484 979.370 907.211 808.037 701.085 604.772 542.934 479.574 502.524 521.680 588.297 671.996 829.490 978.443 1151.676 1383.712 1501.102 1704.463 1771.215 1920.028 1883.028 1779.716 1480.309 1086.215 996.260 901.147 -999.250 -999.250 -999.250 -999.250 -999.250 -999.250 -999.250 -999.250 -999.250 -999.250 -999.250 -999.250 -999.250 -999.250 -999.250 -999.250 -999.250 -999.250 -999.250 -999.250 -999.250 -999.250 -999.250 -999.250 -999.250 -999.250 -999.250 -999.250 -999.250 -999.250 -999.250 -999.250 -999.250 -999.250
739.526 826.287 888.327 965.277 995.720 982.611 955.474 867.944 785.617 720.323 626.688 584.165 511.836 493.747 531.430 602.568 676.145 829.917 986.506 1087.084 1209.097 1450.053 1531.999 1535.958 1625.704 1599.936 1280.595 1142.673 956.798 867.194 -999.250 -999.250 -999.250 -999.250 -999.250 -999.250 -999.250 -999.250 -999.250 -999.250 -999.250 -999.250 -999.250 -999.250 -999.250 -999.250 -999.250 -999.250 -999.250 -999.250 -999.250 -999.250 -999.250 -999.250 -999.250 -999.250 -999.250 -999.250 -999.250 -999.250 -999.250 -999.250 -999.250 -999.250 -999.250
705.413 794.060 840.840 901.139 929.604 950.130 864.335 813.716 800.483 732.786 636.378 572.818 517.379 523.209 543.352 591.186 688.356 808.737 925.195 984.582 1080.612 1167.663 1228.946 1247.089 1259.029 1153.337 1011.621 864.836 769.446 659.643 -999.250 -999.250 -999.250 -999.250 -999.250 -999.250 -999.250 -999.250 -999.250 -999.250 -999.250 -999.250 -999.250 -999.250 -999.250 -999.250 -999.250 -999.250 -999.250 -999.250 -999.250 -999.250 -999.250 -999.250 -999.250 -999.250 -999.250 -999.250 -999.250 -999.250 -999.250 -999.250 -999.250 -999.250 -999.250
666.254 738.961 787.513 820.219 826.231 842.734 798.204 762.563 717.413 643.994 612.605 542.352 511.715 505.628 509.223 562.903 622.732 702.277 806.897 887.849 944.639 976.372 1030.692 1012.030 990.628 885.937 741.588 594.182 529.527 512.680 -999.250 -999.250 -999.250 -999.250 -999.250 -999.250 -999.250 -999.250 -999.250 -999.250 -999.250 -999.250 -999.250 -999.250 -999.250 -999.250 -999.250 -999.250 -999.250 -999.250 -999.250 -999.250 -999.250 -999.250 -999.250 -999.250 -999.250 -999.250 -999.250 -999.250 -999.250 -999.250 -999.250 -999.250 -999.250
613.229 694.083 699.131 733.498 790.945 764.103 731.201 650.491 614.010 598.483 554.116 510.122 489.452 471.369 487.597 516.521 566.973 625.091 697.629 802.594 839.154 858.236 880.717 813.994 739.671 593.106 476.121 368.479 343.831 377.973 -999.250 -999.250 -999.250 -999.250 -999.250 -999.250 -999.250 -999.250 -999.250 -999.250 -999.250 -999.250 -999.250 -999.250 -999.250 -999.250 -999.250 -999.250 -999.250 -999.250 -999.250 -999.250 -999.250 -999.250 -999.250 -999.250 -999.250 -999.250 -999.250 -999.250 -999.250 -999.250 -999.250 -999.250 -999.250
523.603 598.623 629.725 649.394 658.211 629.736 623.174 621.866 591.727 537.065 498.660 469.130 442.362 434.765 444.505 445.761 496.606 534.798 598.055 662.539 674.673 695.019 675.063 642.636 523.320 401.955 274.571 133.112 205.360 263.073 -999.250 -999.250 -999.250 -999.250 -999.250 -999.250 -999.250 -999.250 -999.250 -999.250 -999.250 -999.250 -999.250 -999.250 -999.250 -999.250 -999.250 -999.250 -999.250 -999.250 -999.250 -999.250 -999.250 -999.250 -999.250 -999.250 -999.250 -999.250 -999.250 -999.250 -999.250 -999.250 -999.250 -999.250 -999.250
469.094 505.240 529.773 550.415 568.466 557.354 544.121 527.093 490.926 459.527 439.442 407.716 383.522 395.149 383.191 403.854 401.875 451.568 510.448 515.787 531.247 547.331 525.433 482.128 395.575 296.459 205.620 134.167 178.757 236.314 -999.250 -999.250 -999.250 -999.250 -999.250 -999.250 -999.250 -999.250 -999.250 -999.250 -999.250 -999.250 -999.250 -999.250 -999.250 -999.250 -999.250 -999.250 -999.250 -999.250 -999.250 -999.250 -999.250 -999.250 -999.250 -999.250 -999.250 -999.250 -999.250 -999.250 -999.250 -999.250 -999.250 -999.250 -999.250
427.595 439.846 460.146 460.962 454.182 454.401 459.786 446.107 445.958 398.792 384.541 350.211 313.637 344.905 329.469 349.727 352.997 395.446 416.036 437.503 438.700 436.995 400.205 353.107 291.152 226.027 174.425 170.358 193.327 265.770 362.756 -999.250 -999.250 -999.250 -999.250 -999.250 -999.250 -999.250 -999.250 -999.250 -999.250 -999.250 -999.250 -999.250 -999.250 -999.250 -999.250 -999.250 -999.250 -999.250 -999.250 -999.250 -999.250 -999.250 -999.250 -999.250 -999.250 -999.250 -999.250 -999.250 -999.250 -999.250 -999.250 -999.250 -999.250
349.934 376.488 379.547 384.861 391.184 404.434 391.955 365.429 350.302 351.169 328.216 312.082 280.207 296.713 277.539 291.474 292.704 320.825 340.590 352.159 350.895 344.071 331.888 286.929 238.579 196.762 184.185 217.529 257.725 306.818 420.651 495.410 -999.250 -999.250 -999.250 -999.250 -999.250 -999.250 -999.250 -999.250 -999.250 -999.250 -999.250 -999.250 -999.250 -999.250 -999.250 -999.250 -999.250 -999.250 -999.250 -999.250 -999.250 -999.250 -999.250 -999.250 -999.250 -999.250 -999.250 -999.250 -999.250 -999.250 -999.250 -999.250 -999.250
290.113 304.673 302.906 335.570 344.370 330.915 343.329 330.134 308.076 294.608 267.477 255.915 244.259 240.284 241.390 227.969 229.216 245.997 255.673 267.949 286.657 267.149 269.220 251.104 217.721 184.918 221.718 271.231 336.821 401.219 489.891 595.028 653.143 -999.250 -999.250 -999.250 -999.250 -999.250 -999.250 -999.250 -999.250 -999.250 -999.250 -999.250 -999.250 -999.250 -999.250 -999.250 -999.250 -999.250 -999.250 -999.250 -999.250 -999.250 -999.250 -999.250 -999.250 -999.250 -999.250 -999.250 -999.250 -999.250 -999.250 -999.250 -999.250
236.726 244.506 257.925 284.618 304.081 289.003 272.663 274.806 257.313 248.805 241.470 230.600 221.539 208.035 191.114 195.836 190.410 188.677 207.569 215.320 233.582 238.471 236.674 236.749 233.625 235.806 270.819 347.872 426.977 496.948 593.269 707.539 769.489 -999.250 -999.250 -999.250 -999.250 -999.250 -999.250 -999.250 -999.250 -999.250 -999.250 -999.250 -999.250 -999.250 -999.250 -999.250 -999.250 -999.250 -999.250 -999.250 -999.250 -999.250 -999.250 -999.250 -999.250 -999.250 -999.250 -999.250 -999.250 -999.250 -999.250 -999.250 -999.250
193.411 212.706 219.722 243.308 243.471 254.450 262.237 253.661 239.807 223.547 211.954 197.106 193.889 191.418 174.289 159.110 149.285 158.888 163.114 193.256 206.235 223.201 234.016 246.240 257.984 305.646 353.021 436.258 510.130 621.724 748.049 804.428 864.243 -999.250 -999.250 -999.250 -999.250 -999.250 -999.250 -999.250 -999.250 -999.250 -999.250 -999.250 -999.250 -999.250 -999.250 -999.250 -999.250 -999.250 -999.250 -999.250 -999.250 -999.250 -999.250 -999.250 -999.250 -999.250 -999.250 -999.250 -999.250 -999.250 -999.250 -999.250 -999.250
182.134 180.916 193.682 212.474 206.697 220.169 217.622 228.278 225.047 206.214 204.990 192.867 186.536 164.907 152.529 117.525 100.367 121.529 142.872 177.400 202.155 233.613 255.315 278.310 312.462 357.571 439.072 511.731 622.508 754.261 801.709 888.311 982.464 -999.250 -999.250 -999.250 -999.250 -999.250 -999.250 -999.250 -999.250 -999.250 -999.250 -999.250 -999.250 -999.250 -999.250 -999.250 -999.250 -999.250 -999.250 -999.250 -999.250 -999.250 -999.250 -999.250 -999.250 -999.250 -999.250 -999.250 -999.250 -999.250 -999.250 -999.250 -999.250
157.900 177.545 187.347 191.658 199.275 214.173 209.152 204.056 206.774 207.171 209.400 192.024 182.061 161.319 141.241 103.848 84.769 99.168 148.262 173.804 212.005 245.660 278.934 325.136 354.412 431.243 514.374 631.276 752.232 853.397 943.325 1015.184 1073.059 -999.250 -999.250 -999.250 -999.250 -999.250 -999.250 -999.250 -999.250 -999.250 -999.250 -999.250 -999.250 -999.250 -999.250 -999.250 -999.250 -999.250 -999.250 -999.250 -999.250 -999.250 -999.250 -999.250 -999.250 -999.250 -999.250 -999.250 -999.250 -999.250 -999.250 -999.250 -999.250
152.197 164.968 173.085 169.220 177.683 179.562 187.367 194.645 199.028 193.200 214.721 198.701 194.977 170.455 151.705 116.980 63.191 103.425 158.689 200.899 232.688 263.181 298.124 348.399 429.090 487.276 590.363 735.665 836.432 946.555 1022.909 1120.176 1176.232 1300.584 -999.250 -999.250 -999.250 -999.250 -999.250 -999.250 -999.250 -999.250 -999.250 -999.250 -999.250 -999.250 -999.250 -999.250 -999.250 -999.250 -999.250 -999.250 -999.250 -999.250 -999.250 -999.250 -999.250 -999.250 -999.250 -999.250 -999.250 -999.250 -999.250 -999.250 -999.250
129.766 143.298 164.364 148.755 170.940 177.613 176.370 195.756 210.600 208.840 214.130 217.537 225.374 211.169 188.789 171.513 162.606 180.969 209.786 248.910 271.146 314.334 344.091 394.368 466.876 522.282 681.311 791.074 946.260 1034.448 1126.716 1224.436 1500.341 1447.955 1457.527 -999.250 -999.250 -999.250 -999.250 -999.250 -999.250 -999.250 -999.250 -999.250 -999.250 -999.250 -999.250 -999.250 -999.250 -999.250 -999.250 -999.250 -999.250 -999.250 -999.250 -999.250 -999.250 -999.250 -999.250 -999.250 -999.250 -999.250 -999.250 -999.250 -999.250
108.675 123.859 141.949 139.821 136.862 151.990 171.435 197.841 221.124 223.558 239.011 247.805 261.105 251.988 244.234 248.142 237.871 253.399 281.912 310.263 319.876 363.826 365.003 444.803 487.508 554.647 759.048 911.400 1042.465 1154.706 1301.202 1482.137 1632.742 1696.871 1740.262 1645.701 1603.171 1482.174 -999.250 -999.250 -999.250 -999.250 -999.250 -999.250 -999.250 -999.250 -999.250 -999.250 -999.250 -999.250 -999.250 -999.250 -999.250 -999.250 -999.250 -999.250 -999.250 -999.250 -999.250 -999.250 -999.250 -999.250 -999.250 -999.250 -999.250
112.576 120.732 130.591 131.547 139.603 158.419 172.218 199.935 222.840 250.537 286.175 294.760 320.442 343.396 354.404 346.397 341.565 341.377 353.986 376.551 380.106 386.738 422.011 469.603 532.017 617.702 752.290 930.520 1036.991 1210.799 1485.789 1603.060 1769.367 1944.329 1801.906 1752.270 1630.260 1320.135 -999.250 -999.250 -999.250 -999.250 -999.250 -999.250 -999.250 -999.250 -999.250 -999.250 -999.250 -999.250 -999.250 -999.250 -999.250 -999.250 -999.250 -999.250 -999.250 -999.250 -999.250 -999.250 -999.250 -999.250 -999.250 -999.250 -999.250
110.096 124.243 114.255 122.438 131.443 153.486 181.069 217.588 265.234 284.401 321.681 357.901 390.104 423.419 452.072 461.158 447.346 456.364 434.251 447.830 448.704 440.210 452.252 485.561 532.276 608.512 764.239 891.425 1050.528 1217.341 1577.965 1700.814 2101.746 2105.394 1903.447 1747.134 1643.983 -999.250 -999.250 -999.250 -999.250 -999.250 -999.250 -999.250 -999.250 -999.250 -999.250 -999.250 -999.250 -999.250 -999.250 -999.250 -999.250 -999.250 -999.250 -999.250 -999.250 -999.250 -999.250 -999.250 -999.250 -999.250 -999.250 -999.250 -999.250
115.327 109.692 112.142 125.132 134.719 153.904 195.436 235.836 289.872 332.310 379.507 431.435 463.323 518.723 572.142 562.650 560.253 531.748 509.365 510.235 474.523 470.863 452.622 480.495 533.361 593.552 739.454 906.855 1070.692 1305.264 1558.361 1761.412 2131.364 2185.524 2046.450 1867.521 1673.736 -999.250 -999.250 -999.250 954.111 856.706 753.229 -999.250 -999.250 -999.250 -999.250 -999.250 -999.250 -999.250 -999.250 -999.250 -999.250 -999.250 -999.250 -999.250 -999.250 -999.250 -999.250 -999.250 -999.250 -999.250 -999.250 -999.250 -999.250
127.341 113.701 117.069 130.653 153.589 170.626 208.751 252.965 321.936 352.568 431.385 481.911 535.247 606.292 655.806 706.473 698.597 635.195 580.307 564.525 496.552 508.872 459.490 472.641 503.757 561.059 665.299 831.925 1033.553 1250.123 1507.400 1683.590 2207.739 2269.503 2119.324 1951.961 1674.299 1475.832 1254.958 1112.822 943.320 796.686 661.940 605.361 -999.250 -999.250 -999.250 -999.250 -999.250 -999.250 -999.250 -999.250 -999.250 -999.250 -999.250 -999.250 -999.250 -999.250 -999.250 -999.250 -999.250 -999.250 -999.250 -999.250 -999.250
118.939 124.667 139.034 150.284 162.971 164.822 238.479 302.023 363.282 424.649 466.551 536.610 628.686 720.199 773.237 840.619 778.501 741.632 663.263 605.966 520.169 500.731 468.690 436.612 435.136 479.189 562.640 747.948 949.694 1122.802 1392.638 1681.869 1822.133 2031.893 1958.957 1898.420 1637.945 1476.346 1216.714 1115.455 922.201 775.501 596.901 535.488 509.901 -999.250 -999.250 -999.250 -999.250 -999.250 -999.250 -999.250 -999.250 -999.250 -999.250 -999.250 -999.250 -999.250 -999.250 -999.250 -999.250 -999.250 -999.250 -999.250 -999.250
157.462 166.642 171.584 188.624 191.399 223.390 281.964 352.440 410.720 459.965 541.205 591.422 698.328 782.468 804.382 845.976 816.665 785.364 734.843 638.821 589.159 522.114 475.014 420.511 404.074 386.689 418.374 579.328 801.451 1028.196 1227.380 1499.409 1680.679 1739.718 1731.014 1730.974 1598.461 1394.217 1158.581 1016.924 887.953 735.317 602.788 504.016 467.389 -999.250 -999.250 -999.250 -999.250 -999.250 -999.250 -999.250 -999.250 -999.250 -999.250 -999.250 -999.250 -999.250 -999.250 -999.250 -999.250 -999.250 -999.250 -999.250 -999.250
192.728 205.619 221.995 238.283 249.337 286.601 342.073 422.911 466.723 531.593 587.595 652.208 719.610 801.648 797.303 856.400 829.245 797.753 755.611 648.994 600.142 559.435 476.897 420.706 365.726 304.199 268.908 490.626 690.085 903.454 1078.114 1291.935 1370.518 1514.760 1500.833 1496.437 1456.938 1236.182 1102.498 967.344 829.282 683.036 575.464 473.783 426.959 -999.250 -999.250 -999.250 -999.250 -999.250 -999.250 -999.250 -999.250 -999.250 -999.250 -999.250 -999.250 -999.250 -999.250 -999.250 -999.250 -999.250 -999.250 -999.250 -999.250
219.991 237.972 274.229 299.118 319.272 359.726 413.269 465.488 536.814 599.993 634.664 701.071 776.896 803.388 850.395 868.445 879.738 842.944 762.667 712.477 625.987 571.151 486.934 430.876 358.149 333.524 343.922 469.010 633.939 814.623 953.345 1089.967 1198.992 1206.580 1314.557 1213.178 1157.042 1076.676 989.912 930.234 776.054 625.329 546.470 458.647 426.660 356.784 -999.250 -999.250 -999.250 -999.250 -999.250 -999.250 -999.250 -999.250 -999.250 -999.250 -999.250 -999.250 -999.250 -999.250 -999.250 -999.250 -999.250 -999.250 -999.250
