data/medianmodel_20-May-2020.asc
ncols	141
nrows	288
xllcorner	-120191.398
yllcorner	-301404.813
cellsize	2000.000
NODATA_value	-999.250
[rows 62 to 92 of 288, columns 0 to 69 of 141]
-999.250 -999.250 -999.250 -999.250 -999.250 -999.250 -999.250 -999.250 -999.250 -999.250 -999.250 -999.250 -999.250 -999.250 -999.250 -999.250 -999.250 -999.250 -999.250 -999.250 -999.250 -999.250 -999.250 -999.250 -999.250 -999.250 -999.250 -999.250 -999.250 -999.250 -999.250 -999.250 -999.250 -999.250 -999.250 -999.250 -999.250 -999.250 35.787 47.432 34.853 25.099 19.103 15.027 11.270 13.888 13.322 13.136 16.522 21.851 19.619 20.247 22.286 26.057 29.184 21.162 21.016 18.129 18.780 17.811 18.588 17.543 20.248 20.936 17.032 17.957 15.557 10.477 9.652 8.249
-999.250 -999.250 -999.250 -999.250 -999.250 -999.250 -999.250 -999.250 -999.250 -999.250 -999.250 -999.250 -999.250 -999.250 -999.250 -999.250 -999.250 -999.250 -999.250 -999.250 -999.250 -999.250 -999.250 -999.250 -999.250 -999.250 -999.250 -999.250 -999.250 -999.250 -999.250 -999.250 -999.250 -999.250 -999.250 -999.250 -999.250 -999.250 34.282 38.139 34.349 22.782 19.181 15.657 13.672 11.694 11.613 15.323 15.338 18.104 20.448 16.494 22.002 21.427 28.536 23.761 18.455 16.589 17.764 17.815 15.149 18.273 16.270 18.072 15.786 15.159 13.120 9.881 8.782 8.335
-999.250 -999.250 -999.250 -999.250 -999.250 -999.250 -999.250 -999.250 -999.250 -999.250 -999.250 -999.250 -999.250 -999.250 -999.250 -999.250 -999.250 -999.250 -999.250 -999.250 -999.250 -999.250 -999.250 -999.250 -999.250 -999.250 -999.250 -999.250 -999.250 -999.250 -999.250 -999.250 -999.250 -999.250 -999.250 -999.250 -999.250 -999.250 32.181 30.284 31.633 25.496 19.258 17.727 12.875 11.412 12.901 14.311 17.123 18.376 15.054 15.269 18.717 19.627 20.691 22.413 15.354 16.505 15.562 15.947 14.719 15.983 15.052 16.198 14.935 11.888 10.403 9.018 6.801 6.445
-999.250 -999.250 -999.250 -999.250 -999.250 -999.250 -999.250 -999.250 -999.250 -999.250 -999.250 -999.250 -999.250 -999.250 -999.250 -999.250 -999.250 -999.250 -999.250 -999.250 -999.250 -999.250 -999.250 -999.250 -999.250 -999.250 -999.250 -999.250 -999.250 -999.250 -999.250 -999.250 -999.250 -999.250 -999.250 -999.250 -999.250 -999.250 29.438 24.710 23.793 23.530 21.639 15.609 16.344 14.164 14.005 16.812 17.742 16.215 19.707 18.093 17.790 19.458 20.347 19.425 17.375 14.472 15.245 12.827 13.916 14.209 12.478 15.517 14.820 12.730 11.511 8.829 5.744 6.328
-999.250 -999.250 -999.250 -999.250 -999.250 -999.250 -999.250 -999.250 -999.250 -999.250 -999.250 -999.250 -999.250 -999.250 -999.250 -999.250 -999.250 -999.250 -999.250 -999.250 -999.250 -999.250 -999.250 -999.250 -999.250 -999.250 -999.250 -999.250 -999.250 -999.250 -999.250 -999.250 -999.250 -999.250 -999.250 -999.250 -999.250 -999.250 20.647 20.840 24.189 20.025 18.993 16.096 16.142 16.847 15.703 20.857 16.525 18.678 18.574 17.105 16.591 18.313 19.305 17.669 19.629 15.510 12.119 9.914 12.934 15.624 10.318 13.331 11.542 11.451 6.962 7.702 7.887 5.667
-999.250 -999.250 -999.250 -999.250 -999.250 -999.250 -999.250 -999.250 -999.250 -999.250 -999.250 -999.250 -999.250 -999.250 -999.250 -999.250 -999.250 -999.250 -999.250 -999.250 -999.250 -999.250 -999.250 -999.250 -999.250 -999.250 -999.250 -999.250 -999.250 -999.250 -999.250 -999.250 -999.250 -999.250 -999.250 -999.250 -999.250 19.599 24.866 25.306 21.928 21.068 20.168 19.230 18.963 18.140 18.331 18.619 19.011 17.124 17.335 18.362 18.510 19.093 17.460 15.032 14.510 12.329 13.445 10.524 8.401 11.027 12.523 6.732 10.898 10.674 9.463 9.132 7.570 4.925
-999.250 -999.250 -999.250 -999.250 -999.250 -999.250 -999.250 -999.250 -999.250 -999.250 -999.250 -999.250 -999.250 -999.250 -999.250 -999.250 -999.250 -999.250 -999.250 -999.250 -999.250 -999.250 -999.250 -999.250 -999.250 -999.250 -999.250 -999.250 -999.250 -999.250 -999.250 -999.250 -999.250 -999.250 -999.250 -999.250 -999.250 24.760 24.966 26.400 23.873 26.331 22.549 21.757 24.239 22.933 20.988 21.062 16.317 20.011 14.158 15.886 15.597 18.058 15.751 12.139 12.973 12.309 11.304 8.068 7.093 12.135 10.687 7.431 9.202 8.388 9.905 6.007 7.896 7.234
-999.250 -999.250 -999.250 -999.250 -999.250 -999.250 -999.250 -999.250 -999.250 -999.250 -999.250 -999.250 -999.250 -999.250 -999.250 -999.250 -999.250 -999.250 -999.250 -999.250 -999.250 -999.250 -999.250 -999.250 -999.250 -999.250 -999.250 -999.250 -999.250 -999.250 -999.250 -999.250 -999.250 -999.250 -999.250 -999.250 -999.250 22.814 27.591 28.688 26.283 31.370 26.218 25.144 31.634 31.879 27.843 17.949 19.053 17.627 16.179 14.103 12.395 19.226 12.938 13.714 8.218 9.868 8.318 9.304 9.292 14.801 12.148 11.798 7.872 6.857 7.589 5.601 6.907 7.115
-999.250 -999.250 -999.250 -999.250 -999.250 -999.250 -999.250 -999.250 -999.250 -999.250 -999.250 -999.250 -999.250 -999.250 -999.250 -999.250 -999.250 -999.250 -999.250 -999.250 -999.250 -999.250 -999.250 -999.250 -999.250 -999.250 -999.250 -999.250 -999.250 -999.250 -999.250 -999.250 -999.250 -999.250 -999.250 -999.250 -999.250 23.208 34.377 38.703 28.651 29.534 25.590 24.650 25.726 24.628 25.688 21.019 20.953 16.999 15.936 14.887 13.817 14.446 14.464 10.924 8.198 7.035 7.127 7.205 9.043 11.188 12.252 10.162 11.821 8.723 9.546 6.275 4.431 6.154
-999.250 -999.250 -999.250 -999.250 -999.250 -999.250 -999.250 -999.250 -999.250 -999.250 -999.250 -999.250 -999.250 -999.250 -999.250 -999.250 -999.250 -999.250 -999.250 -999.250 -999.250 -999.250 -999.250 -999.250 -999.250 -999.250 -999.250 -999.250 -999.250 -999.250 -999.250 -999.250 -999.250 -999.250 -999.250 -999.250 17.537 24.354 26.076 29.610 25.412 28.533 27.800 25.828 26.223 24.170 20.999 21.948 20.952 19.800 18.454 15.294 15.468 12.698 12.962 10.245 9.235 8.777 7.182 6.130 8.843 11.429 11.058 10.747 11.055 7.491 5.744 5.354 6.059 4.103
-999.250 -999.250 -999.250 -999.250 -999.250 -999.250 -999.250 -999.250 -999.250 -999.250 -999.250 -999.250 -999.250 -999.250 -999.250 -999.250 -999.250 -999.250 -999.250 -999.250 -999.250 -999.250 -999.250 -999.250 -999.250 -999.250 -999.250 -999.250 -999.250 -999.250 -999.250 -999.250 -999.250 -999.250 -999.250 -999.250 17.250 20.291 19.344 22.567 21.240 23.259 22.371 23.598 25.190 34.843 26.712 22.902 24.821 21.000 18.999 16.612 15.302 14.097 11.876 10.330 9.790 6.500 9.835 7.452 9.053 9.494 11.106 11.010 10.315 6.739 5.856 5.663 5.735 7.510
-999.250 -999.250 -999.250 -999.250 -999.250 -999.250 -999.250 -999.250 -999.250 -999.250 -999.250 -999.250 -999.250 -999.250 -999.250 -999.250 -999.250 -999.250 -999.250 -999.250 -999.250 -999.250 -999.250 -999.250 -999.250 -999.250 -999.250 -999.250 -999.250 -999.250 -999.250 -999.250 -999.250 -999.250 -999.250 -999.250 14.978 14.668 14.648 17.136 22.912 17.664 19.854 19.347 24.902 26.593 27.415 27.349 21.673 28.133 23.337 18.493 16.524 12.246 10.540 7.260 4.492 6.116 5.981 2.603 5.956 8.734 8.645 7.650 6.796 7.305 6.811 4.599 4.145 4.340
-999.250 -999.250 -999.250 -999.250 -999.250 -999.250 -999.250 -999.250 -999.250 -999.250 -999.250 -999.250 -999.250 -999.250 -999.250 -999.250 -999.250 -999.250 -999.250 -999.250 -999.250 -999.250 -999.250 -999.250 -999.250 -999.250 -999.250 -999.250 -999.250 -999.250 -999.250 -999.250 -999.250 -999.250 -999.250 -999.250 10.212 13.043 12.464 15.048 17.760 17.684 18.624 16.933 16.174 20.134 21.546 21.511 24.280 23.280 19.984 17.118 18.652 12.624 9.664 8.315 3.422 3.286 2.199 3.014 2.683 6.565 6.939 5.459 7.370 7.393 7.173 6.145 7.368 8.090
-999.250 -999.250 -999.250 -999.250 -999.250 -999.250 -999.250 -999.250 -999.250 -999.250 -999.250 -999.250 -999.250 -999.250 -999.250 -999.250 -999.250 -999.250 -999.250 -999.250 -999.250 -999.250 -999.250 -999.250 -999.250 -999.250 -999.250 -999.250 -999.250 -999.250 -999.250 -999.250 -999.250 -999.250 -999.250 7.261 7.103 5.869 5.410 8.517 13.249 15.942 18.015 14.807 16.370 17.064 17.145 16.530 19.315 20.299 20.434 20.450 20.040 13.181 8.974 4.284 3.362 3.700 2.569 3.566 3.168 5.024 6.510 6.018 5.487 5.695 3.464 5.977 7.399 6.230
-999.250 -999.250 -999.250 -999.250 -999.250 -999.250 -999.250 -999.250 -999.250 -999.250 -999.250 -999.250 -999.250 -999.250 -999.250 -999.250 -999.250 -999.250 -999.250 -999.250 -999.250 -999.250 -999.250 -999.250 -999.250 -999.250 -999.250 -999.250 -999.250 -999.250 -999.250 -999.250 -999.250 -999.250 -999.250 5.106 1.855 1.108 1.372 3.884 7.549 11.536 12.015 9.831 10.769 14.636 17.067 17.609 21.761 20.487 21.901 18.410 15.520 12.455 6.841 3.968 3.292 2.326 0.586 3.125 3.269 3.460 6.492 4.434 4.704 4.418 3.564 4.909 4.198 8.032
-999.250 -999.250 -999.250 -999.250 -999.250 -999.250 -999.250 -999.250 -999.250 -999.250 -999.250 -999.250 -999.250 -999.250 -999.250 -999.250 -999.250 -999.250 -999.250 -999.250 -999.250 -999.250 -999.250 -999.250 -999.250 -999.250 -999.250 -999.250 -999.250 -999.250 -999.250 -999.250 -999.250 -999.250 -999.250 4.806 1.017 0.000 0.000 0.000 2.260 4.240 8.014 8.396 7.221 11.117 11.579 14.886 19.292 21.050 25.041 18.508 14.462 13.588 6.892 3.747 0.992 0.000 0.000 0.620 1.793 1.422 3.600 3.491 3.720 5.513 3.917 4.844 5.832 6.707
-999.250 -999.250 -999.250 -999.250 -999.250 -999.250 -999.250 -999.250 -999.250 -999.250 -999.250 -999.250 -999.250 -999.250 -999.250 -999.250 -999.250 -999.250 -999.250 -999.250 -999.250 -999.250 -999.250 -999.250 -999.250 -999.250 -999.250 -999.250 -999.250 -999.250 -999.250 -999.250 -999.250 -999.250 -999.250 7.953 4.219 2.048 0.000 1.942 1.504 5.071 4.580 4.032 2.010 4.816 8.255 11.627 17.697 26.476 18.917 18.638 13.896 13.906 5.640 4.448 0.000 0.000 0.000 0.000 0.000 0.000 1.220 2.337 4.410 2.842 3.964 4.192 4.233 6.021
-999.250 -999.250 -999.250 -999.250 -999.250 -999.250 -999.250 -999.250 -999.250 -999.250 -999.250 -999.250 -999.250 -999.250 -999.250 -999.250 -999.250 -999.250 -999.250 -999.250 -999.250 -999.250 -999.250 -999.250 -999.250 -999.250 -999.250 -999.250 -999.250 -999.250 -999.250 -999.250 -999.250 -999.250 9.781 10.212 8.414 4.583 5.859 6.155 3.837 2.978 2.477 1.706 0.401 0.552 6.553 10.656 14.625 19.718 16.169 17.380 14.625 7.919 4.920 2.441 0.000 0.000 0.000 0.000 0.000 0.000 0.000 1.399 1.041 1.660 3.676 2.057 3.850 3.926
-999.250 -999.250 -999.250 -999.250 -999.250 -999.250 -999.250 -999.250 -999.250 -999.250 -999.250 -999.250 -999.250 -999.250 -999.250 -999.250 -999.250 -999.250 -999.250 -999.250 -999.250 -999.250 -999.250 -999.250 -999.250 -999.250 -999.250 -999.250 -999.250 -999.250 -999.250 -999.250 -999.250 -999.250 17.777 18.809 16.088 11.579 11.270 9.013 5.810 3.579 0.154 0.000 0.000 0.000 2.432 5.922 10.224 14.649 14.744 12.549 11.418 7.090 5.619 1.707 0.179 0.000 0.000 0.000 0.000 0.000 0.000 0.835 0.441 1.556 3.852 2.080 4.853 1.793
-999.250 -999.250 -999.250 -999.250 -999.250 -999.250 -999.250 -999.250 -999.250 -999.250 -999.250 -999.250 -999.250 -999.250 -999.250 -999.250 -999.250 -999.250 -999.250 -999.250 -999.250 -999.250 -999.250 -999.250 -999.250 -999.250 -999.250 -999.250 -999.250 -999.250 -999.250 -999.250 -999.250 -999.250 18.311 20.371 19.456 19.588 17.641 15.331 12.767 9.578 4.473 0.734 0.000 0.000 1.469 5.222 7.556 10.233 11.566 10.924 7.095 6.992 5.065 1.731 0.254 0.000 0.000 0.000 0.000 0.000 1.043 1.967 1.703 3.572 4.351 3.231 3.532 1.294
-999.250 -999.250 -999.250 -999.250 -999.250 -999.250 -999.250 -999.250 -999.250 -999.250 -999.250 -999.250 -999.250 -999.250 -999.250 -999.250 -999.250 -999.250 -999.250 -999.250 -999.250 -999.250 -999.250 -999.250 -999.250 -999.250 -999.250 -999.250 -999.250 -999.250 -999.250 -999.250 -999.250 -999.250 27.582 30.329 29.361 24.943 25.303 20.828 16.225 12.132 8.148 4.105 0.000 0.000 1.816 5.186 6.731 8.907 9.648 8.177 9.796 6.765 4.170 2.385 2.007 3.184 2.153 1.573 0.000 0.000 0.627 0.877 1.137 2.890 2.216 4.216 2.722 2.057
-999.250 -999.250 -999.250 -999.250 -999.250 -999.250 -999.250 -999.250 -999.250 -999.250 -999.250 -999.250 -999.250 -999.250 -999.250 -999.250 -999.250 -999.250 -999.250 -999.250 -999.250 -999.250 -999.250 -999.250 -999.250 -999.250 -999.250 -999.250 -999.250 -999.250 -999.250 -999.250 -999.250 26.021 31.571 43.929 30.998 27.729 29.551 29.212 19.610 14.112 9.873 4.988 2.113 3.204 3.939 7.275 7.862 8.367 8.878 9.041 5.893 8.161 3.981 3.204 3.036 3.532 1.759 3.279 1.442 0.606 2.344 1.794 1.558 1.815 3.039 2.801 4.414 3.026
-999.250 -999.250 -999.250 -999.250 -999.250 -999.250 -999.250 -999.250 -999.250 -999.250 -999.250 -999.250 -999.250 -999.250 -999.250 -999.250 -999.250 -999.250 -999.250 -999.250 -999.250 -999.250 -999.250 -999.250 -999.250 -999.250 -999.250 -999.250 -999.250 -999.250 -999.250 -999.250 -999.250 27.234 34.031 36.261 30.047 26.326 27.616 27.846 21.626 17.841 11.997 8.258 5.471 3.674 4.193 6.298 8.829 11.080 7.354 11.031 6.984 6.116 5.889 5.758 4.909 3.643 2.428 2.789 1.728 0.749 2.848 1.214 1.852 2.384 1.695 5.095 6.298 6.777
-999.250 -999.250 -999.250 -999.250 -999.250 -999.250 -999.250 -999.250 -999.250 -999.250 -999.250 -999.250 -999.250 -999.250 -999.250 -999.250 -999.250 -999.250 -999.250 -999.250 -999.250 -999.250 -999.250 -999.250 -999.250 -999.250 -999.250 -999.250 -999.250 -999.250 -999.250 -999.250 -999.250 23.021 31.453 33.189 31.450 29.770 25.581 24.161 21.081 15.502 13.246 7.530 7.709 6.287 7.828 6.586 10.056 10.242 9.105 6.323 6.376 7.012 4.590 6.253 5.588 5.905 4.373 1.473 2.640 1.378 3.898 4.111 3.314 2.865 3.369 3.583 5.350 5.316
-999.250 -999.250 -999.250 -999.250 -999.250 -999.250 -999.250 -999.250 -999.250 -999.250 -999.250 -999.250 -999.250 -999.250 -999.250 -999.250 -999.250 -999.250 -999.250 -999.250 -999.250 -999.250 -999.250 -999.250 -999.250 -999.250 -999.250 -999.250 -999.250 -999.250 -999.250 -999.250 -999.250 25.735 25.315 29.524 25.809 30.413 26.331 20.252 20.574 17.001 16.467 12.426 8.607 9.483 7.641 9.581 13.022 9.681 9.904 7.857 6.202 4.105 5.080 5.451 4.986 6.826 4.515 3.179 1.446 0.737 1.978 2.027 1.630 2.112 2.430 3.315 6.138 8.195
-999.250 -999.250 -999.250 -999.250 -999.250 -999.250 -999.250 -999.250 -999.250 -999.250 -999.250 -999.250 -999.250 -999.250 -999.250 -999.250 -999.250 -999.250 -999.250 -999.250 -999.250 -999.250 -999.250 -999.250 -999.250 -999.250 -999.250 -999.250 -999.250 -999.250 -999.250 -999.250 -999.250 18.608 22.570 27.332 23.322 23.501 22.585 22.367 18.979 15.089 16.249 14.566 10.730 13.670 10.954 11.155 11.510 11.154 8.638 6.186 4.892 8.703 7.727 6.569 4.008 7.047 6.514 5.694 2.102 2.496 1.915 1.959 0.220 2.707 4.563 3.670 6.747 9.407
-999.250 -999.250 -999.250 -999.250 -999.250 -999.250 -999.250 -999.250 -999.250 -999.250 -999.250 -999.250 -999.250 -999.250 -999.250 -999.250 -999.250 -999.250 -999.250 -999.250 -999.250 -999.250 -999.250 -999.250 -999.250 -999.250 -999.250 -999.250 -999.250 -999.250 -999.250 -999.250 15.304 17.780 19.546 21.579 21.313 20.857 17.471 17.851 17.746 16.324 14.771 13.612 12.003 9.407 12.134 12.568 8.622 9.614 7.193 5.992 6.037 5.696 5.791 7.783 4.739 4.566 3.979 1.829 2.413 0.000 0.396 1.456 1.752 1.827 3.020 7.037 6.202 9.051
-999.250 -999.250 -999.250 -999.250 -999.250 -999.250 -999.250 -999.250 -999.250 -999.250 -999.250 -999.250 -999.250 -999.250 -999.250 -999.250 -999.250 -999.250 -999.250 -999.250 -999.250 -999.250 -999.250 -999.250 -999.250 -999.250 -999.250 -999.250 -999.250 -999.250 -999.250 -999.250 11.546 14.593 14.810 17.045 15.552 13.920 15.688 16.749 15.501 14.331 16.477 14.804 12.280 11.153 8.029 8.751 8.310 6.921 6.164 4.756 6.630 4.404 4.862 5.016 5.887 4.702 1.416 1.048 0.197 0.000 0.000 0.909 0.326 3.028 4.107 6.106 6.732 7.391
-999.250 -999.250 -999.250 -999.250 -999.250 -999.250 -999.250 -999.250 -999.250 -999.250 -999.250 -999.250 -999.250 -999.250 -999.250 -999.250 -999.250 -999.250 -999.250 -999.250 -999.250 -999.250 -999.250 -999.250 -999.250 -999.250 -999.250 -999.250 -999.250 -999.250 -999.250 -999.250 9.268 10.843 10.607 12.240 17.590 15.284 13.914 12.988 12.927 11.956 11.404 12.658 12.656 8.139 7.052 6.433 6.692 5.833 6.878 6.286 6.765 6.125 7.517 5.755 5.139 3.870 2.267 0.000 0.000 0.000 0.000 0.000 0.000 1.625 1.029 2.285 5.603 8.229
-999.250 -999.250 -999.250 -999.250 -999.250 -999.250 -999.250 -999.250 -999.250 -999.250 -999.250 -999.250 -999.250 -999.250 -999.250 -999.250 -999.250 -999.250 -999.250 -999.250 -999.250 -999.250 -999.250 -999.250 -999.250 -999.250 -999.250 -999.250 -999.250 -999.250 -999.250 -999.250 9.414 7.898 8.982 12.081 11.004 13.039 10.330 10.439 12.155 10.502 9.417 10.630 7.384 8.041 7.285 4.111 4.082 4.273 6.191 6.050 7.227 9.184 7.978 4.280 6.629 3.784 0.853 0.000 0.000 0.000 0.000 0.000 0.000 0.000 0.000 0.147 3.260 4.791
-999.250 -999.250 -999.250 -999.250 -999.250 -999.250 -999.250 -999.250 -999.250 -999.250 -999.250 -999.250 -999.250 -999.250 -999.250 -999.250 -999.250 -999.250 -999.250 -999.250 -999.250 -999.250 -999.250 -999.250 -999.250 -999.250 -999.250 -999.250 -999.250 -999.250 -999.250 10.204 4.143 6.409 5.232 6.249 7.837 8.177 9.247 8.446 10.350 8.497 9.127 7.451 6.399 4.555 3.705 2.776 0.697 4.500 5.354 4.543 7.180 8.480 5.760 5.136 5.318 3.435 1.989 0.000 0.000 0.000 0.000 0.000 0.000 0.000 0.000 0.000 0.492 6.966
