data/medianmodel_01-Jul-2020.asc
ncols	141
nrows	288
xllcorner	-120191.398
yllcorner	-301404.813
cellsize	2000.000
NODATA_value	-999.250
[rows 124 to 154 of 288, columns 0 to 69 of 141]
-999.250 -999.250 -999.250 -999.250 -999.250 -999.250 -999.250 -999.250 -999.250 -999.250 -999.250 -999.250 -999.250 -999.250 -999.250 -999.250 -999.250 -999.250 -999.250 -999.250 -999.250 -999.250 -999.250 -999.250 0.000 0.000 0.000 0.000 0.244 0.000 0.709 0.006 1.639 2.307 3.759 4.486 4.743 5.481 5.850 4.797 0.092 0.000 0.000 0.000 0.000 0.000 0.000 4.283 13.798 30.639 55.305 69.443 100.509 113.651 118.957 94.631 66.118 44.003 25.286 12.906 5.424 0.856 0.000 0.000 0.000 0.000 0.000 0.000 0.000 0.000
-999.250 -999.250 -999.250 -999.250 -999.250 -999.250 -999.250 -999.250 -999.250 -999.250 -999.250 -999.250 -999.250 -999.250 -999.250 -999.250 -999.250 -999.250 -999.250 -999.250 -999.250 -999.250 -999.250 -999.250 0.000 0.000 0.000 0.000 0.731 0.697 3.141 1.506 3.693 5.241 5.215 5.197 5.385 4.358 3.729 3.825 0.367 0.000 0.000 0.000 0.000 0.000 0.000 4.638 14.672 27.448 51.776 69.430 102.266 127.062 161.638 116.414 73.826 52.334 27.437 16.300 9.009 1.429 0.000 0.000 0.000 0.000 0.000 0.000 0.000 0.000
-999.250 -999.250 -999.250 -999.250 -999.250 -999.250 -999.250 -999.250 -999.250 -999.250 -999.250 -999.250 -999.250 -999.250 -999.250 -999.250 -999.250 -999.250 -999.250 -999.250 -999.250 -999.250 -999.250 0.789 0.000 0.000 0.000 0.000 0.000 0.309 1.040 1.564 4.038 6.006 6.573 5.760 6.590 5.528 5.404 4.770 2.804 1.162 0.000 0.000 0.000 0.000 0.000 1.908 11.302 26.876 48.085 67.056 91.394 118.393 125.891 104.162 69.447 49.560 31.914 18.873 10.091 3.204 0.000 0.000 0.000 0.000 0.000 0.000 0.000 0.000
-999.250 -999.250 -999.250 -999.250 -999.250 -999.250 -999.250 -999.250 -999.250 -999.250 -999.250 -999.250 -999.250 -999.250 -999.250 -999.250 -999.250 -999.250 -999.250 -999.250 -999.250 -999.250 -999.250 0.293 0.514 0.000 0.000 0.000 0.000 0.000 0.000 2.766 6.202 7.610 8.485 8.176 8.270 6.781 5.801 6.625 6.176 4.519 2.163 0.000 0.000 0.000 0.000 0.000 6.810 19.092 37.323 60.963 76.708 95.406 95.556 89.099 67.663 50.104 29.650 16.905 9.070 3.007 0.000 0.000 0.000 0.000 0.000 0.000 0.000 0.000
-999.250 -999.250 -999.250 -999.250 -999.250 -999.250 -999.250 -999.250 -999.250 -999.250 -999.250 -999.250 -999.250 -999.250 -999.250 -999.250 -999.250 -999.250 -999.250 -999.250 -999.250 -999.250 -999.250 0.000 0.000 0.000 0.000 0.000 0.000 0.476 4.076 5.230 6.257 7.969 9.359 9.064 9.941 11.003 10.277 8.865 10.616 8.591 6.417 4.529 0.097 0.000 0.000 0.000 0.000 13.684 27.296 47.737 63.418 70.300 76.242 68.234 58.595 43.582 29.824 15.145 9.061 1.915 0.000 0.000 0.000 0.000 0.000 0.000 0.000 0.000
-999.250 -999.250 -999.250 -999.250 -999.250 -999.250 -999.250 -999.250 -999.250 -999.250 -999.250 -999.250 -999.250 -999.250 -999.250 -999.250 -999.250 -999.250 -999.250 -999.250 -999.250 -999.250 2.317 1.275 0.000 0.000 0.000 0.000 0.000 2.624 3.649 6.458 7.914 9.840 11.375 11.944 13.986 14.146 14.312 14.429 13.918 12.639 11.366 5.822 3.381 0.000 0.000 0.000 0.913 10.759 21.559 35.052 52.140 57.038 57.310 52.982 47.697 35.526 24.571 14.290 6.392 3.169 0.000 0.000 0.000 0.000 0.000 0.000 0.000 0.000
-999.250 -999.250 -999.250 -999.250 -999.250 -999.250 -999.250 -999.250 -999.250 -999.250 -999.250 -999.250 -999.250 -999.250 -999.250 -999.250 -999.250 -999.250 -999.250 -999.250 -999.250 -999.250 0.215 0.301 0.037 0.000 0.000 0.000 0.179 4.152 8.412 9.980 10.938 13.819 15.227 15.771 16.722 18.694 21.031 22.703 20.309 16.817 15.789 13.504 8.401 4.769 1.758 0.000 2.631 9.202 17.088 24.651 35.944 40.988 45.440 41.199 33.205 28.575 20.030 12.309 6.101 0.334 0.000 0.000 0.000 0.000 0.000 0.000 0.000 0.000
-999.250 -999.250 -999.250 -999.250 -999.250 -999.250 -999.250 -999.250 -999.250 -999.250 -999.250 -999.250 -999.250 -999.250 -999.250 -999.250 -999.250 -999.250 -999.250 -999.250 -999.250 0.000 0.000 0.008 5.194 0.000 0.000 0.000 0.632 5.784 15.168 11.836 11.762 14.849 19.233 20.752 21.757 24.173 28.859 29.485 27.920 26.371 22.871 18.274 14.189 9.099 6.725 2.522 2.182 7.879 12.308 18.697 25.931 27.177 29.952 30.816 26.972 20.878 13.032 8.846 4.204 0.000 0.000 0.000 0.000 0.000 0.000 0.000 0.000 0.000
-999.250 -999.250 -999.250 -999.250 -999.250 -999.250 -999.250 -999.250 -999.250 -999.250 -999.250 -999.250 -999.250 -999.250 -999.250 -999.250 -999.250 -999.250 -999.250 -999.250 -999.250 0.000 0.000 0.000 0.000 0.000 0.000 0.000 0.000 4.163 8.430 9.858 12.391 16.017 20.786 21.618 28.550 36.170 41.969 40.778 39.574 32.008 28.495 20.395 18.200 12.916 8.660 6.445 4.478 5.927 9.692 13.197 17.507 17.927 20.197 17.643 17.938 13.973 10.298 5.347 2.231 0.000 0.000 0.000 0.000 0.000 0.000 0.000 0.000 0.000
-999.250 -999.250 -999.250 -999.250 -999.250 -999.250 -999.250 -999.250 -999.250 -999.250 -999.250 -999.250 -999.250 -999.250 -999.250 -999.250 -999.250 -999.250 -999.250 -999.250 -999.250 0.000 0.000 0.000 0.000 0.000 0.000 0.000 0.000 0.471 3.099 8.396 11.082 17.202 20.815 25.790 36.276 46.796 46.573 51.348 49.760 42.702 36.960 26.913 19.678 17.144 12.497 9.364 4.453 5.979 6.130 10.033 12.399 13.384 12.196 11.229 9.079 5.438 5.003 4.530 0.416 0.000 0.000 0.000 0.000 0.000 0.000 0.000 0.000 0.000
-999.250 -999.250 -999.250 -999.250 -999.250 -999.250 -999.250 -999.250 -999.250 -999.250 -999.250 -999.250 -999.250 -999.250 -999.250 -999.250 -999.250 -999.250 -999.250 -999.250 0.000 0.000 0.000 0.000 0.000 0.000 0.000 0.000 0.000 0.000 0.643 6.834 11.968 16.678 25.016 32.760 44.222 49.264 52.538 57.243 62.679 52.612 44.056 33.493 23.413 19.613 14.586 10.203 5.300 4.089 4.770 6.847 12.564 8.168 7.373 4.835 5.363 1.875 0.952 0.000 0.000 0.000 0.000 0.000 0.000 0.000 0.000 0.000 0.000 0.000
-999.250 -999.250 -999.250 -999.250 -999.250 -999.250 -999.250 -999.250 -999.250 -999.250 -999.250 -999.250 -999.250 -999.250 -999.250 -999.250 -999.250 -999.250 -999.250 -999.250 0.000 0.000 0.000 0.000 0.000 0.000 0.000 0.000 0.000 0.000 0.000 3.980 9.356 17.076 25.413 34.065 42.029 58.736 63.641 69.843 65.375 67.188 54.999 44.127 31.607 21.769 16.711 11.308 7.688 3.750 3.264 3.781 4.584 2.869 2.431 1.029 0.000 0.000 0.000 0.000 0.000 0.000 0.000 0.000 0.000 0.000 0.000 0.000 0.000 0.000
-999.250 -999.250 -999.250 -999.250 -999.250 -999.250 -999.250 -999.250 -999.250 -999.250 -999.250 -999.250 -999.250 -999.250 -999.250 -999.250 -999.250 -999.250 -999.250 -999.250 0.000 0.000 0.000 0.000 0.000 0.000 0.000 0.000 0.000 0.000 0.000 2.916 9.985 16.590 26.905 41.179 45.015 56.250 62.774 77.593 80.604 72.331 57.935 50.487 33.934 22.519 15.796 10.691 6.428 3.295 0.085 0.000 0.000 0.000 0.000 0.000 0.000 0.000 0.000 0.000 0.000 0.000 0.000 0.000 0.406 1.700 0.952 0.552 0.000 0.000
-999.250 -999.250 -999.250 -999.250 -999.250 -999.250 -999.250 -999.250 -999.250 -999.250 -999.250 -999.250 -999.250 -999.250 -999.250 -999.250 -999.250 -999.250 -999.250 -999.250 0.000 0.000 0.000 0.000 0.000 0.000 0.000 0.000 0.000 0.000 0.000 3.647 8.928 13.828 21.273 33.012 45.411 52.799 68.428 83.494 102.171 77.025 61.388 47.794 36.297 24.800 16.392 10.088 5.414 0.936 0.000 0.000 0.000 0.000 0.000 0.000 0.000 0.000 0.000 0.000 0.000 0.000 0.000 1.836 2.585 4.020 4.583 3.200 3.708 1.157
-999.250 -999.250 -999.250 -999.250 -999.250 -999.250 -999.250 -999.250 -999.250 -999.250 -999.250 -999.250 -999.250 -999.250 -999.250 -999.250 -999.250 -999.250 -999.250 0.000 0.000 0.000 0.000 0.000 0.000 0.000 0.000 0.000 0.000 1.711 4.683 7.439 10.067 14.981 22.415 32.733 41.577 50.968 62.207 75.409 78.114 71.296 61.141 49.840 32.944 23.670 15.784 8.823 4.660 0.000 0.000 0.000 0.000 0.000 0.000 0.000 0.000 0.000 0.000 0.000 0.000 0.000 2.085 4.237 5.687 6.083 6.982 5.366 4.292 1.766
-999.250 -999.250 -999.250 -999.250 -999.250 -999.250 -999.250 -999.250 -999.250 -999.250 -999.250 -999.250 -999.250 -999.250 -999.250 -999.250 -999.250 -999.250 -999.250 0.000 0.000 0.000 0.000 0.000 0.000 0.000 0.191 1.335 4.537 10.232 12.926 12.259 12.464 15.227 23.979 29.959 37.747 49.367 57.441 62.468 65.877 62.343 51.428 40.869 27.772 22.653 15.103 7.841 4.408 0.000 0.000 0.000 0.000 0.000 0.000 0.000 0.000 0.000 0.000 0.000 0.000 0.000 3.018 6.655 9.894 9.039 9.165 6.664 4.478 2.820
-999.250 -999.250 -999.250 -999.250 -999.250 -999.250 -999.250 -999.250 -999.250 -999.250 -999.250 -999.250 -999.250 -999.250 -999.250 -999.250 -999.250 -999.250 -999.250 0.000 0.000 0.000 0.000 0.001 1.676 1.862 3.295 5.179 9.451 16.317 30.075 18.698 15.692 15.409 17.162 22.073 34.784 36.393 47.498 46.639 46.634 42.890 40.288 31.218 24.571 19.470 12.624 6.987 3.067 0.000 0.000 0.000 0.000 0.000 0.000 0.000 0.000 0.000 0.000 0.000 0.000 1.377 6.287 11.349 12.281 12.302 10.887 9.826 6.304 3.325
-999.250 -999.250 -999.250 -999.250 -999.250 -999.250 -999.250 -999.250 -999.250 -999.250 -999.250 -999.250 -999.250 -999.250 -999.250 -999.250 -999.250 -999.250 -999.250 0.000 0.000 0.000 2.588 4.144 5.345 5.458 6.073 8.155 10.426 15.630 20.151 19.361 15.227 15.213 15.333 17.060 23.785 31.615 34.349 36.087 32.889 32.710 30.113 24.417 18.826 14.873 10.549 5.902 5.442 0.000 0.000 0.000 0.000 0.000 0.000 0.000 0.000 0.000 0.000 0.000 0.000 3.168 8.739 15.484 19.924 17.445 14.102 9.147 6.197 3.828
-999.250 -999.250 -999.250 -999.250 -999.250 -999.250 -999.250 -999.250 -999.250 -999.250 -999.250 -999.250 -999.250 -999.250 -999.250 -999.250 -999.250 -999.250 -999.250 0.000 0.000 3.043 7.875 10.821 8.963 8.838 8.596 9.371 10.862 12.558 14.882 14.486 12.621 10.635 10.971 14.252 17.734 23.015 25.431 28.707 29.285 26.370 22.644 19.878 15.628 11.822 8.284 3.261 0.618 0.000 0.000 0.000 0.000 0.000 0.000 0.000 0.000 0.000 0.000 0.000 0.000 4.174 9.336 17.788 31.913 20.952 15.067 9.908 7.576 3.275
-999.250 -999.250 -999.250 -999.250 -999.250 -999.250 -999.250 -999.250 -999.250 -999.250 -999.250 -999.250 -999.250 -999.250 -999.250 -999.250 -999.250 -999.250 0.815 0.903 3.693 5.640 11.118 22.407 12.738 9.685 8.624 9.854 8.901 9.687 10.177 12.118 10.287 9.366 8.424 9.697 13.968 16.225 19.463 20.222 21.816 19.241 17.892 14.873 12.396 8.853 4.494 1.828 0.000 0.000 0.000 0.000 0.000 0.000 0.000 0.000 0.000 0.000 0.000 0.000 0.000 3.823 8.368 15.187 18.443 17.149 13.902 8.824 6.252 4.076
-999.250 -999.250 -999.250 -999.250 -999.250 -999.250 -999.250 -999.250 -999.250 -999.250 -999.250 -999.250 -999.250 -999.250 -999.250 -999.250 -999.250 3.852 4.171 3.824 4.718 7.619 10.536 13.785 11.568 9.188 9.304 8.366 7.618 7.575 7.195 8.562 6.477 6.508 6.630 7.099 8.999 10.207 11.846 15.241 14.898 14.233 11.835 11.488 9.615 6.841 5.050 1.154 0.000 0.000 0.000 0.000 0.000 0.000 0.000 0.000 0.000 0.000 0.000 0.000 0.000 2.035 7.098 9.960 11.642 11.798 9.298 6.682 4.583 1.965
-999.250 -999.250 -999.250 -999.250 -999.250 -999.250 -999.250 -999.250 -999.250 -999.250 -999.250 -999.250 -999.250 -999.250 -999.250 -999.250 -999.250 6.308 6.095 7.041 7.438 6.939 9.284 10.679 7.928 7.526 6.250 6.930 5.280 4.346 4.270 4.341 4.204 3.914 4.127 3.341 5.230 5.485 6.551 8.387 9.428 10.274 9.440 9.653 7.714 6.018 4.144 0.442 0.000 0.000 0.000 0.000 0.000 0.000 0.000 0.000 0.230 2.699 0.188 0.000 0.000 0.977 4.042 5.939 7.766 7.640 6.098 3.597 2.642 0.193
-999.250 -999.250 -999.250 -999.250 -999.250 -999.250 -999.250 -999.250 -999.250 -999.250 -999.250 -999.250 -999.250 -999.250 -999.250 12.066 10.285 10.310 8.702 9.320 6.873 8.043 8.584 8.597 6.470 6.308 4.402 4.747 3.810 2.517 2.708 1.800 1.469 1.103 0.000 0.000 0.000 0.273 1.585 3.691 6.481 11.450 8.520 7.663 7.567 6.673 5.218 2.395 0.000 0.000 0.000 0.000 0.000 0.000 0.000 0.000 3.245 11.386 4.043 0.082 0.000 0.409 1.848 3.814 4.642 5.153 3.239 1.722 0.000 0.000
-999.250 -999.250 -999.250 -999.250 -999.250 -999.250 -999.250 -999.250 -999.250 -999.250 -999.250 -999.250 -999.250 -999.250 17.466 13.461 14.034 12.551 11.055 11.419 10.124 9.726 7.871 7.421 5.959 5.600 3.553 3.028 2.397 0.888 0.000 0.000 0.000 0.000 0.000 0.000 0.000 0.000 0.000 0.791 1.501 3.742 4.803 7.133 9.366 8.731 8.184 6.847 3.158 0.000 0.000 0.000 0.000 0.000 0.000 0.000 1.327 3.756 2.944 0.327 0.000 0.268 0.000 0.552 2.933 2.113 0.661 0.000 0.000 0.000
-999.250 -999.250 -999.250 -999.250 -999.250 -999.250 -999.250 -999.250 -999.250 -999.250 -999.250 -999.250 -999.250 -999.250 17.262 17.432 14.338 14.532 15.508 12.329 11.478 10.580 8.418 5.152 4.527 3.722 1.839 0.492 0.387 0.000 0.000 0.000 0.000 0.000 0.000 0.000 0.000 0.000 0.000 0.000 0.000 1.557 4.028 6.806 10.364 13.916 11.288 13.403 5.246 0.171 0.000 0.000 0.000 0.000 0.000 0.000 0.000 0.000 0.000 0.000 0.362 0.000 0.845 0.873 1.363 0.000 0.000 0.000 0.000 0.000
-999.250 -999.250 -999.250 -999.250 -999.250 -999.250 -999.250 -999.250 -999.250 -999.250 -999.250 -999.250 -999.250 25.183 19.722 20.135 18.187 17.754 16.575 14.473 13.104 10.675 8.084 4.681 4.322 1.109 0.199 0.000 0.000 0.000 0.000 0.000 0.000 0.000 0.000 0.000 0.000 0.000 0.000 0.000 0.000 0.000 1.819 6.339 9.363 10.474 9.727 7.829 3.401 0.000 0.000 0.000 0.000 0.000 0.000 0.000 0.000 0.000 0.000 0.000 0.000 0.498 0.000 0.000 0.000 0.000 0.000 0.000 0.000 0.000
-999.250 -999.250 -999.250 -999.250 -999.250 -999.250 -999.250 -999.250 -999.250 -999.250 -999.250 -999.250 28.111 27.649 27.278 25.617 23.743 23.970 19.397 17.963 16.036 12.342 9.592 5.053 3.216 0.648 0.000 0.000 0.000 0.000 0.000 0.000 0.000 0.000 0.000 0.000 0.000 0.000 0.000 0.000 0.000 0.000 1.497 6.628 9.480 11.492 9.322 4.788 1.333 0.000 0.000 0.000 0.000 0.000 0.000 0.000 0.000 0.000 0.000 0.000 0.000 0.000 0.000 0.000 0.000 0.000 0.000 0.000 0.000 0.000
-999.250 -999.250 -999.250 -999.250 -999.250 -999.250 -999.250 -999.250 -999.250 -999.250 -999.250 39.028 31.249 35.356 31.223 28.016 24.722 24.175 23.819 21.863 19.384 14.841 10.109 5.902 2.278 0.000 0.000 0.000 0.000 0.000 0.000 0.000 0.000 0.000 0.000 0.000 0.000 0.000 0.000 0.000 0.000 0.601 1.245 5.615 10.412 18.730 8.959 4.327 0.000 0.000 0.000 0.000 0.000 0.000 0.000 0.000 0.000 0.000 0.000 0.000 0.000 0.000 0.000 0.000 0.000 0.000 0.000 0.000 0.000 0.000
-999.250 -999.250 -999.250 -999.250 -999.250 -999.250 -999.250 -999.250 -999.250 -999.250 45.738 37.320 30.875 29.499 29.803 32.131 29.948 27.069 28.118 28.330 23.304 17.064 10.866 6.297 0.575 0.000 0.000 0.000 0.000 0.000 0.000 0.000 0.000 0.000 0.000 0.000 0.000 0.000 0.000 0.561 0.197 2.280 3.062 5.621 7.378 8.684 4.234 0.995 0.000 0.000 0.000 0.000 0.000 0.000 0.000 0.000 0.000 0.000 0.000 0.000 0.000 0.000 0.000 0.000 0.000 0.000 0.000 0.000 0.000 0.000
-999.250 -999.250 -999.250 -999.250 -999.250 -999.250 -999.250 -999.250 -999.250 51.311 45.170 41.949 33.100 33.511 33.224 42.194 31.564 30.238 31.679 40.453 27.063 20.088 11.275 5.646 0.447 0.000 0.000 0.000 0.000 0.000 0.000 0.000 0.000 0.000 0.000 0.000 0.000 0.000 0.576 0.880 1.594 2.115 2.817 3.678 3.894 1.735 0.132 0.000 0.000 0.000 0.000 0.000 0.000 0.000 0.000 0.000 0.000 0.000 0.000 0.000 0.000 0.000 0.000 0.000 0.000 0.000 0.000 0.000 0.000 0.000
-999.250 -999.250 -999.250 -999.250 -999.250 63.893 71.695 57.518 56.395 53.404 47.897 41.081 34.691 33.733 33.035 36.747 31.157 29.211 26.655 28.000 22.898 16.553 11.042 5.180 0.000 0.000 0.000 0.000 0.000 0.000 0.000 0.000 0.000 0.000 0.000 0.221 1.375 1.423 1.344 0.530 3.400 2.727 2.917 3.730 0.986 0.000 0.000 0.000 0.000 0.000 0.000 0.000 0.000 0.000 0.000 0.000 0.000 0.000 0.000 0.000 0.000 0.000 0.000 0.000 0.000 0.000 0.000 0.000 0.000 0.000
