data/medianmodel_25-Nov-2020.asc
ncols	141
nrows	288
xllcorner	-120191.398
yllcorner	-301404.813
cellsize	2000.000
NODATA_value	-999.250
[rows 0 to 28 of 288, columns 64 to 127 of 141]
-999.250 -999.250 -999.250 -999.250 -999.250 -999.250 -999.250 -999.250 -999.250 -999.250 -999.250 -999.250 -999.250 -999.250 -999.250 -999.250 -999.250 -999.250 -999.250 -999.250 -999.250 -999.250 -999.250 -999.250 -999.250 -999.250 -999.250 -999.250 -999.250 -999.250 -999.250 -999.250 -999.250 -999.250 -999.250 -999.250 -999.250 -999.250 -999.250 -999.250 -999.250 -999.250 -999.250 -999.250 -999.250 -999.250 -999.250 -999.250 -999.250 -999.250 -999.250 -999.250 -999.250 -999.250 -999.250 -999.250 -999.250 -999.250 -999.250 -999.250 -999.250 -999.250 -999.250 -999.250
-999.250 -999.250 -999.250 -999.250 -999.250 -999.250 -999.250 -999.250 -999.250 -999.250 -999.250 -999.250 -999.250 -999.250 -999.250 -999.250 -999.250 -999.250 -999.250 -999.250 -999.250 -999.250 -999.250 -999.250 -999.250 -999.250 -999.250 -999.250 -999.250 -999.250 -999.250 -999.250 -999.250 -999.250 -999.250 -999.250 -999.250 -999.250 -999.250 -999.250 -999.250 -999.250 -999.250 -999.250 -999.250 -999.250 -999.250 -999.250 -999.250 -999.250 -999.250 -999.250 -999.250 -999.250 -999.250 -999.250 -999.250 -999.250 -999.250 -999.250 -999.250 -999.250 -999.250 -999.250
-999.250 -999.250 -999.250 -999.250 -999.250 -999.250 -999.250 -999.250 -999.250 -999.250 -999.250 -999.250 -999.250 -999.250 -999.250 -999.250 -999.250 -999.250 -999.250 -999.250 -999.250 -999.250 -999.250 -999.250 -999.250 -999.250 -999.250 -999.250 -999.250 -999.250 -999.250 -999.250 -999.250 -999.250 -999.250 -999.250 -999.250 -999.250 -999.250 -999.250 -999.250 -999.250 -999.250 -999.250 -999.250 -999.250 -999.250 -999.250 -999.250 -999.250 -999.250 -999.250 -999.250 -999.250 -999.250 -999.250 -999.250 -999.250 -999.250 -999.250 -999.250 -999.250 -999.250 -999.250
-999.250 -999.250 -999.250 -999.250 -999.250 -999.250 -999.250 -999.250 -999.250 -999.250 -999.250 -999.250 -999.250 -999.250 -999.250 -999.250 -999.250 -999.250 -999.250 -999.250 -999.250 -999.250 -999.250 -999.250 -999.250 -999.250 -999.250 -999.250 -999.250 -999.250 -999.250 -999.250 -999.250 -999.250 -999.250 -999.250 -999.250 -999.250 -999.250 -999.250 -999.250 -999.250 -999.250 -999.250 -999.250 -999.250 -999.250 -999.250 -999.250 -999.250 -999.250 -999.250 -999.250 -999.250 -999.250 -999.250 -999.250 -999.250 -999.250 -999.250 -999.250 -999.250 -999.250 -999.250
-999.250 -999.250 -999.250 -999.250 -999.250 -999.250 -999.250 -999.250 -999.250 -999.250 -999.250 -999.250 -999.250 -999.250 -999.250 -999.250 -999.250 -999.250 -999.250 -999.250 -999.250 -999.250 -999.250 -999.250 -999.250 -999.250 -999.250 -999.250 -999.250 -999.250 -999.250 -999.250 -999.250 -999.250 -999.250 -999.250 -999.250 -999.250 -999.250 -999.250 -999.250 -999.250 -999.250 -999.250 -999.250 -999.250 -999.250 -999.250 -999.250 -999.250 -999.250 -999.250 -999.250 -999.250 -999.250 -999.250 -999.250 -999.250 -999.250 -999.250 -999.250 -999.250 -999.250 -999.250
-999.250 -999.250 -999.250 -999.250 -999.250 -999.250 -999.250 -999.250 -999.250 -999.250 -999.250 -999.250 -999.250 -999.250 -999.250 -999.250 -999.250 -999.250 -999.250 -999.250 -999.250 -999.250 -999.250 -999.250 -999.250 -999.250 -999.250 -999.250 -999.250 -999.250 -999.250 -999.250 -999.250 -999.250 -999.250 -999.250 -999.250 -999.250 -999.250 -999.250 -999.250 -999.250 -999.250 -999.250 -999.250 -999.250 -999.250 -999.250 -999.250 -999.250 -999.250 -999.250 -999.250 -999.250 -999.250 -999.250 -999.250 -999.250 -999.250 -999.250 -999.250 -999.250 -999.250 -999.250
-999.250 -999.250 -999.250 -999.250 -999.250 -999.250 -999.250 -999.250 -999.250 -999.250 -999.250 -999.250 -999.250 -999.250 -999.250 -999.250 -999.250 -999.250 -999.250 -999.250 -999.250 -999.250 -999.250 -999.250 -999.250 -999.250 -999.250 -999.250 -999.250 -999.250 -999.250 -999.250 -999.250 -999.250 -999.250 -999.250 -999.250 -999.250 -999.250 -999.250 -999.250 -999.250 -999.250 -999.250 -999.250 -999.250 -999.250 -999.250 -999.250 -999.250 -999.250 -999.250 -999.250 -999.250 -999.250 -999.250 -999.250 -999.250 -999.250 -999.250 -999.250 -999.250 -999.250 -999.250
-999.250 -999.250 -999.250 -999.250 -999.250 -999.250 -999.250 -999.250 -999.250 -999.250 -999.250 -999.250 -999.250 -999.250 -999.250 -999.250 -999.250 -999.250 -999.250 -999.250 -999.250 -999.250 -999.250 -999.250 -999.250 -999.250 -999.250 -999.250 -999.250 -999.250 -999.250 -999.250 -999.250 -999.250 -999.250 -999.250 -999.250 -999.250 -999.250 -999.250 -999.250 -999.250 -999.250 -999.250 -999.250 -999.250 -999.250 -999.250 -999.250 -999.250 -999.250 -999.250 -999.250 -999.250 -999.250 -999.250 -999.250 -999.250 -999.250 -999.250 -999.250 -999.250 -999.250 -999.250
-999.250 -999.250 -999.250 -999.250 -999.250 -999.250 -999.250 -999.250 -999.250 -999.250 -999.250 -999.250 -999.250 -999.250 -999.250 -999.250 -999.250 -999.250 -999.250 -999.250 -999.250 -999.250 -999.250 -999.250 -999.250 -999.250 -999.250 -999.250 -999.250 -999.250 -999.250 -999.250 -999.250 -999.250 -999.250 -999.250 -999.250 -999.250 -999.250 -999.250 -999.250 -999.250 -999.250 -999.250 -999.250 -999.250 -999.250 -999.250 -999.250 -999.250 557.061 -999.250 -999.250 -999.250 -999.250 -999.250 -999.250 -999.250 -999.250 -999.250 -999.250 -999.250 -999.250 -999.250
-999.250 -999.250 -999.250 -999.250 -999.250 -999.250 -999.250 -999.250 -999.250 -999.250 -999.250 -999.250 -999.250 -999.250 -999.250 -999.250 -999.250 -999.250 -999.250 -999.250 -999.250 -999.250 -999.250 -999.250 -999.250 -999.250 -999.250 -999.250 -999.250 -999.250 -999.250 -999.250 -999.250 -999.250 -999.250 540.495 544.098 543.284 525.192 -999.250 -999.250 -999.250 -999.250 463.665 -999.250 -999.250 -999.250 -999.250 -999.250 -999.250 609.167 563.445 -999.250 -999.250 -999.250 -999.250 -999.250 -999.250 -999.250 -999.250 -999.250 -999.250 -999.250 -999.250
-999.250 -999.250 -999.250 -999.250 -999.250 -999.250 -999.250 -999.250 -999.250 -999.250 -999.250 -999.250 -999.250 -999.250 -999.250 -999.250 -999.250 -999.250 -999.250 -999.250 -999.250 -999.250 -999.250 -999.250 -999.250 -999.250 -999.250 -999.250 -999.250 -999.250 -999.250 -999.250 -999.250 -999.250 -999.250 585.347 566.831 522.099 488.112 -999.250 -999.250 -999.250 476.350 474.205 472.364 -999.250 -999.250 -999.250 -999.250 -999.250 627.492 634.504 661.716 -999.250 -999.250 -999.250 -999.250 -999.250 -999.250 740.383 716.462 -999.250 -999.250 -999.250
-999.250 -999.250 -999.250 -999.250 -999.250 -999.250 -999.250 -999.250 -999.250 -999.250 -999.250 -999.250 -999.250 -999.250 -999.250 -999.250 -999.250 -999.250 -999.250 -999.250 -999.250 -999.250 -999.250 -999.250 -999.250 -999.250 -999.250 -999.250 -999.250 -999.250 -999.250 -999.250 -999.250 -999.250 -999.250 615.628 572.171 538.467 509.744 475.894 509.085 502.924 494.558 500.923 517.532 519.645 549.190 521.531 592.383 602.587 622.416 616.096 635.176 643.345 623.429 658.704 750.952 831.206 840.253 833.411 734.621 -999.250 -999.250 -999.250
-999.250 -999.250 -999.250 -999.250 -999.250 444.065 -999.250 -999.250 -999.250 -999.250 -999.250 -999.250 -999.250 -999.250 -999.250 -999.250 -999.250 -999.250 -999.250 -999.250 -999.250 -999.250 -999.250 -999.250 -999.250 -999.250 -999.250 -999.250 -999.250 -999.250 -999.250 -999.250 -999.250 -999.250 -999.250 580.167 551.067 519.737 532.265 486.129 495.163 510.372 509.302 491.215 516.872 538.630 571.038 545.167 570.021 616.114 637.572 626.356 655.754 711.341 674.169 736.596 786.341 902.236 795.469 872.898 807.631 -999.250 -999.250 -999.250
-999.250 -999.250 -999.250 -999.250 -999.250 440.223 -999.250 -999.250 -999.250 -999.250 -999.250 -999.250 -999.250 578.339 -999.250 -999.250 -999.250 -999.250 -999.250 -999.250 -999.250 -999.250 -999.250 -999.250 -999.250 -999.250 -999.250 -999.250 -999.250 -999.250 -999.250 -999.250 -999.250 -999.250 -999.250 615.025 537.297 525.818 506.014 512.013 506.915 505.428 512.956 500.270 524.887 554.716 564.601 578.374 587.279 609.081 602.253 653.697 722.884 753.872 743.835 794.525 844.656 827.476 796.611 811.342 775.360 -999.250 -999.250 -999.250
-999.250 -999.250 -999.250 -999.250 -999.250 485.214 -999.250 -999.250 -999.250 -999.250 515.057 513.303 577.445 601.502 596.674 -999.250 -999.250 -999.250 -999.250 -999.250 -999.250 -999.250 -999.250 -999.250 -999.250 -999.250 -999.250 -999.250 -999.250 -999.250 -999.250 -999.250 -999.250 -999.250 -999.250 581.102 579.664 534.986 536.878 517.610 489.697 510.644 481.541 492.784 528.724 559.809 593.381 580.631 581.200 636.781 659.664 691.373 713.891 774.143 817.509 762.994 852.093 860.050 910.324 826.216 913.680 798.833 -999.250 -999.250
-999.250 -999.250 418.961 416.910 479.754 480.126 -999.250 -999.250 523.221 515.817 518.642 564.517 597.967 613.693 631.651 693.064 662.930 759.084 -999.250 -999.250 -999.250 -999.250 -999.250 -999.250 -999.250 -999.250 -999.250 -999.250 -999.250 -999.250 -999.250 -999.250 716.446 638.577 626.099 580.288 539.837 539.612 552.341 526.677 463.466 461.551 460.760 476.649 496.008 544.927 583.144 579.278 606.107 595.719 658.481 681.666 758.085 826.580 810.085 814.921 820.178 839.971 827.248 809.699 784.404 845.152 -999.250 -999.250
-999.250 433.640 423.844 460.894 465.020 492.619 -999.250 524.114 522.313 526.520 541.775 583.422 569.410 622.549 692.765 717.070 702.685 -999.250 -999.250 -999.250 -999.250 -999.250 1059.615 1033.382 -999.250 -999.250 -999.250 913.102 -999.250 -999.250 808.142 792.316 722.343 659.558 625.099 612.777 591.684 560.298 538.543 527.368 509.149 452.628 440.245 463.394 500.026 519.576 545.965 550.786 577.589 632.411 660.072 656.576 777.335 782.215 753.937 831.738 872.362 816.442 817.935 847.129 778.881 815.111 -999.250 -999.250
-999.250 422.798 475.804 475.640 477.401 499.610 514.926 547.292 556.395 552.116 571.613 607.810 581.929 619.070 650.062 662.815 719.331 -999.250 -999.250 855.163 933.400 1077.340 1129.181 1081.704 1074.470 -999.250 1139.750 1088.855 1069.363 877.978 836.674 793.106 723.888 736.823 608.875 588.897 592.705 587.923 550.866 514.076 475.919 436.683 374.387 437.897 491.983 504.181 537.293 558.239 609.565 617.573 656.310 666.184 736.584 785.551 813.215 827.246 799.104 830.250 882.294 836.410 851.981 812.101 -999.250 -999.250
446.428 452.502 491.383 480.066 494.252 502.378 519.063 539.570 546.899 581.411 597.835 592.861 590.035 664.674 655.538 707.678 728.796 829.790 854.995 902.026 980.000 1017.806 1157.851 1183.167 1174.128 1182.292 1230.770 1075.278 970.835 917.364 858.440 859.755 710.931 708.937 653.988 630.682 626.081 539.349 549.515 501.507 488.285 456.362 434.168 460.421 497.659 521.089 532.459 572.372 603.738 649.792 657.701 677.304 703.616 761.924 800.090 766.031 819.194 798.045 809.470 814.240 809.212 801.325 -999.250 -999.250
490.210 506.320 512.717 523.520 513.058 529.804 524.267 541.208 546.650 556.202 593.111 602.811 633.677 631.899 699.387 709.053 824.530 869.081 927.924 980.679 1022.247 1069.132 1200.004 1178.154 1159.241 1229.887 1157.325 1069.729 1009.087 986.015 880.132 846.899 786.091 791.554 631.634 615.410 560.510 539.112 555.513 541.369 507.165 493.621 470.704 501.775 510.365 549.943 540.397 602.020 551.283 590.674 639.636 675.001 705.882 754.959 732.822 752.857 778.011 749.857 815.673 746.650 817.971 696.255 -999.250 -999.250
553.462 529.337 519.309 510.291 534.570 562.932 562.515 545.580 570.573 581.080 587.955 588.333 650.279 673.874 681.173 743.798 788.610 860.742 959.716 1030.882 1048.619 1104.991 1170.512 1202.151 1202.811 1193.460 1147.479 1011.684 1009.082 992.216 870.586 900.618 853.622 785.328 702.120 669.165 603.797 573.708 550.760 517.037 545.316 554.720 530.454 538.470 553.432 598.826 584.921 579.246 585.895 583.868 646.494 645.073 701.336 700.536 670.886 720.682 637.807 741.440 703.119 759.367 744.930 -999.250 -999.250 -999.250
555.577 535.315 554.928 541.999 541.144 558.326 546.008 544.626 539.814 567.631 571.083 568.673 604.474 641.988 705.634 704.863 716.071 813.122 901.192 954.336 1131.205 1138.316 1190.105 1176.829 1232.444 1180.234 1179.998 962.801 971.739 988.247 1002.561 918.924 895.176 784.302 792.797 722.963 712.956 660.237 591.934 581.783 607.138 580.887 557.360 565.312 608.830 589.463 663.595 593.659 619.871 601.810 612.040 658.806 627.524 683.611 650.156 665.249 660.928 686.932 731.989 699.557 773.757 -999.250 -999.250 -999.250
594.771 570.900 567.995 535.950 565.675 558.605 568.337 545.868 546.965 558.752 535.786 597.384 612.955 650.613 676.764 729.323 685.739 776.990 886.771 976.861 984.944 1093.098 1129.373 1179.587 1186.421 1214.369 1217.015 1155.868 1051.169 1028.998 932.750 914.354 913.047 849.772 832.151 797.482 757.744 660.578 623.396 605.121 600.497 591.689 583.502 605.982 687.362 639.040 663.684 680.052 624.340 652.013 664.917 664.340 665.445 609.560 604.423 625.962 645.865 677.684 656.427 686.901 673.005 -999.250 -999.250 -999.250
633.277 656.259 595.010 557.572 592.328 552.446 565.364 558.579 559.238 567.057 554.875 570.908 591.299 640.556 670.507 673.375 684.308 792.103 832.648 969.814 1106.062 1158.268 1176.609 1156.640 1132.918 1214.915 1193.055 1145.808 1141.368 1027.928 991.175 970.085 887.777 874.445 768.625 795.085 746.616 708.740 654.541 605.775 608.287 577.755 607.323 659.798 673.736 697.473 662.964 686.048 655.791 620.493 669.271 662.611 656.754 629.870 601.202 652.526 652.859 656.662 682.301 659.612 608.681 -999.250 -999.250 -999.250
696.811 675.509 639.635 613.367 584.590 575.651 600.620 555.533 557.995 565.897 563.610 561.582 567.724 611.105 639.604 640.256 693.909 818.644 838.973 1007.931 1105.479 1149.441 1101.056 1122.896 1142.178 1160.449 1123.048 1140.520 1116.210 1086.812 980.478 922.970 878.082 860.978 838.376 775.339 696.451 643.075 649.088 651.079 596.572 606.753 642.780 654.705 661.513 697.949 701.272 741.765 697.418 643.312 667.731 689.745 652.286 582.153 625.775 646.813 601.883 614.756 662.092 658.265 641.589 -999.250 -999.250 -999.250
832.513 786.766 721.324 657.736 646.120 610.996 580.947 534.564 562.090 529.755 531.636 563.746 563.658 623.215 615.443 651.931 706.795 770.706 852.648 979.129 1049.087 1045.360 1019.235 1155.811 1148.689 1073.402 1113.541 1088.634 1070.863 1147.683 999.079 975.246 858.796 801.980 769.742 714.956 728.860 761.204 684.991 656.274 690.624 687.567 677.339 722.192 734.842 704.051 743.732 702.651 728.230 741.269 703.133 718.392 641.911 594.861 634.663 652.170 631.117 638.869 683.680 681.814 671.970 692.106 -999.250 -999.250
863.528 886.295 838.837 745.675 699.765 610.329 591.623 530.458 526.870 501.388 513.350 529.619 530.894 564.760 606.113 662.128 696.435 738.295 888.430 966.872 962.859 1041.711 1041.375 1169.252 1201.668 1140.294 1111.149 1065.709 1057.326 1011.674 1083.263 986.672 915.796 861.796 762.158 720.225 724.745 789.449 739.067 704.119 732.161 771.090 747.467 773.626 749.447 759.026 810.388 765.744 728.927 798.791 737.886 698.623 715.521 630.697 637.857 664.165 700.631 665.796 706.888 667.080 684.875 651.986 646.464 -999.250
1088.997 1041.372 906.812 833.535 710.777 669.222 615.072 565.177 532.822 527.457 491.833 516.563 549.671 564.788 587.434 637.642 698.293 807.621 883.811 985.793 976.771 1015.639 1013.621 1063.995 1098.118 1125.854 1081.427 1020.385 1024.090 1030.071 1021.659 867.809 874.679 907.957 827.575 772.510 787.825 808.979 786.538 720.395 726.270 813.119 809.953 822.076 815.498 768.857 802.139 772.175 719.293 849.209 775.843 737.126 747.752 738.086 720.971 721.691 713.082 739.722 740.059 694.570 657.461 690.737 634.202 637.234
1115.718 1068.869 960.866 787.127 762.118 669.701 612.408 596.302 523.352 532.672 497.766 491.767 505.134 581.623 573.901 634.737 719.896 814.544 845.523 962.429 929.844 980.510 986.263 981.409 1010.290 1030.634 970.252 1026.585 906.420 974.561 973.468 824.593 870.483 829.139 821.903 840.597 812.423 826.686 776.891 761.796 753.482 823.931 847.698 834.929 859.666 839.709 795.666 752.465 851.261 774.304 760.535 747.983 730.543 717.466 703.881 714.696 662.208 690.803 698.736 686.972 663.768 660.279 664.827 674.126
