data/medianmodel_27-Feb-2021.asc
ncols	141
nrows	288
xllcorner	-120191.398
yllcorner	-301404.813
cellsize	2000.000
NODATA_value	-999.250
[rows 58 to 86 of 288, columns 66 to 131 of 141]
771.790 846.180 939.008 897.616 782.229 648.378 511.435 459.559 358.251 282.960 226.675 169.835 131.570 92.449 81.522 69.865 66.381 64.941 62.002 68.111 66.908 70.074 71.258 70.057 72.537 80.048 83.823 93.807 108.805 120.256 124.302 141.828 152.968 161.031 184.641 181.938 163.518 133.739 100.040 85.913 67.497 59.759 51.232 42.435 33.915 31.041 27.888 26.921 25.194 26.707 28.295 -999.250 -999.250 -999.250 -999.250 -999.250 -999.250 -999.250 -999.250 -999.250 -999.250 -999.250 -999.250 -999.250 -999.250 -999.250
716.743 844.233 915.854 811.472 788.789 630.723 506.646 450.039 355.366 268.462 225.016 178.842 138.778 103.107 87.332 79.807 73.182 73.174 66.892 66.314 66.153 67.301 60.563 59.375 61.515 65.802 73.243 80.255 86.528 102.005 113.597 128.290 134.221 145.687 154.204 158.530 149.384 132.861 102.974 85.395 71.910 57.074 52.405 43.530 34.596 31.545 29.122 30.001 27.313 26.533 -999.250 -999.250 -999.250 -999.250 -999.250 -999.250 -999.250 -999.250 -999.250 -999.250 -999.250 -999.250 -999.250 -999.250 -999.250 -999.250
683.369 782.646 779.071 817.053 692.719 584.520 495.314 397.459 300.519 256.851 205.383 166.062 139.448 118.912 101.973 90.830 91.715 81.377 80.880 71.222 66.618 64.366 63.841 52.731 48.546 50.593 53.433 62.584 75.159 80.796 93.709 109.138 110.924 119.432 135.804 137.453 125.498 115.375 96.844 81.259 66.862 59.309 54.794 44.096 37.556 29.337 27.960 27.404 26.508 28.764 -999.250 -999.250 -999.250 -999.250 -999.250 -999.250 -999.250 -999.250 -999.250 -999.250 -999.250 -999.250 -999.250 -999.250 -999.250 -999.250
647.386 664.752 719.724 694.877 565.109 503.905 451.323 322.116 261.098 205.413 179.872 155.454 138.568 127.737 115.830 105.502 105.622 94.226 88.739 80.868 73.828 62.973 57.588 44.789 29.513 29.015 32.799 44.853 53.956 60.094 70.434 80.257 92.290 98.922 107.518 113.227 112.529 99.836 86.352 74.005 65.104 57.642 50.284 40.845 30.160 31.851 24.157 25.472 26.980 -999.250 -999.250 -999.250 -999.250 -999.250 -999.250 -999.250 -999.250 -999.250 -999.250 -999.250 -999.250 -999.250 -999.250 -999.250 -999.250 -999.250
510.086 540.590 555.058 580.606 507.267 441.700 367.237 282.466 192.209 179.172 158.438 143.268 126.573 126.500 119.795 116.872 119.740 111.512 100.039 90.361 81.243 65.090 49.343 35.616 25.147 19.864 20.847 26.725 33.550 42.403 49.567 54.432 66.241 74.127 81.590 93.741 95.445 87.052 78.808 68.017 57.952 52.008 47.227 36.125 -999.250 -999.250 -999.250 -999.250 -999.250 -999.250 -999.250 -999.250 -999.250 -999.250 -999.250 -999.250 -999.250 -999.250 -999.250 -999.250 -999.250 -999.250 -999.250 -999.250 -999.250 -999.250
436.030 440.915 473.543 469.705 413.892 361.623 292.909 237.470 175.387 145.688 136.176 131.163 122.920 125.336 123.804 126.579 133.525 126.032 112.427 102.689 88.912 75.794 54.421 39.205 21.101 0.000 2.238 14.018 19.844 22.336 23.243 28.641 42.213 55.148 71.147 72.904 81.600 69.296 61.145 55.190 50.204 45.595 35.441 27.541 21.715 -999.250 -999.250 -999.250 -999.250 -999.250 -999.250 -999.250 -999.250 -999.250 -999.250 -999.250 -999.250 -999.250 -999.250 -999.250 -999.250 -999.250 -999.250 -999.250 -999.250 -999.250
350.339 366.326 362.584 339.565 317.937 272.662 242.980 194.581 153.190 132.146 123.261 115.848 113.421 126.597 127.851 131.905 138.351 134.052 131.160 112.212 96.627 83.755 68.123 50.202 24.736 14.141 5.109 10.161 12.758 12.215 7.099 0.000 23.316 37.023 56.992 66.999 60.182 56.565 52.750 47.797 44.170 30.816 25.679 22.942 17.575 15.333 -999.250 -999.250 -999.250 -999.250 -999.250 -999.250 -999.250 -999.250 -999.250 -999.250 -999.250 -999.250 -999.250 -999.250 -999.250 -999.250 -999.250 -999.250 -999.250 -999.250
279.945 301.437 280.255 266.348 251.949 230.358 196.832 155.402 126.331 119.513 108.245 108.320 117.518 122.267 121.936 137.659 139.579 141.126 132.654 134.077 110.239 91.734 85.641 64.864 42.310 25.701 18.025 16.600 15.575 11.935 6.586 4.216 18.558 31.758 49.748 53.320 53.102 50.847 52.513 39.207 31.484 23.645 22.063 16.987 17.880 14.568 -999.250 -999.250 -999.250 -999.250 -999.250 -999.250 -999.250 -999.250 -999.250 -999.250 -999.250 -999.250 -999.250 -999.250 -999.250 -999.250 -999.250 -999.250 -999.250 -999.250
244.720 250.916 231.207 206.634 186.907 161.412 140.450 122.108 102.706 94.887 95.113 100.991 108.060 113.447 123.653 134.268 140.504 144.943 145.978 142.417 133.471 113.822 102.328 84.231 62.179 43.625 27.467 25.031 20.682 19.943 16.905 14.647 20.078 26.690 37.778 45.920 46.100 47.986 42.526 34.660 27.556 19.673 16.001 8.756 9.482 10.349 17.508 -999.250 -999.250 -999.250 -999.250 -999.250 -999.250 -999.250 -999.250 -999.250 -999.250 -999.250 -999.250 -999.250 -999.250 -999.250 -999.250 -999.250 -999.250 -999.250
198.648 181.651 158.780 133.538 123.107 111.759 104.941 92.921 82.876 79.141 82.794 88.818 99.705 117.033 122.801 134.534 144.093 142.321 146.557 139.433 138.086 132.101 125.438 100.569 72.856 56.095 40.336 33.436 31.798 27.006 25.433 24.325 23.171 34.403 34.687 44.337 43.038 41.873 42.204 30.973 26.339 18.560 13.154 0.000 8.471 15.482 19.902 22.632 -999.250 -999.250 -999.250 -999.250 -999.250 -999.250 -999.250 -999.250 -999.250 -999.250 -999.250 -999.250 -999.250 -999.250 -999.250 -999.250 -999.250 -999.250
159.176 134.846 101.741 65.109 76.581 73.941 74.584 70.164 63.506 65.095 72.057 81.353 93.111 102.373 121.508 136.793 140.264 142.976 140.767 149.755 154.740 145.048 140.879 118.651 90.061 75.981 60.837 56.866 45.643 43.669 34.848 35.608 37.629 38.750 39.439 44.734 46.659 45.879 38.143 33.750 27.525 23.125 19.529 16.787 18.218 18.729 23.094 27.057 -999.250 -999.250 -999.250 -999.250 -999.250 -999.250 -999.250 -999.250 -999.250 -999.250 -999.250 -999.250 -999.250 -999.250 -999.250 -999.250 -999.250 -999.250
135.462 113.218 81.339 56.424 58.481 55.552 54.517 51.503 49.605 51.863 53.897 64.764 72.977 89.323 105.383 116.731 128.207 136.076 145.281 158.132 166.200 175.035 151.484 140.910 115.131 89.203 76.900 67.149 60.763 53.604 48.970 43.826 49.115 47.846 46.870 47.362 48.583 46.750 45.155 35.792 34.607 27.597 25.666 23.893 24.915 27.776 34.084 36.080 -999.250 -999.250 -999.250 -999.250 -999.250 -999.250 -999.250 -999.250 -999.250 -999.250 -999.250 -999.250 -999.250 -999.250 -999.250 -999.250 -999.250 -999.250
121.312 102.226 75.629 58.967 51.740 50.358 51.098 37.463 40.284 33.216 37.006 45.700 62.970 75.466 88.450 98.596 109.762 122.577 139.699 143.765 170.677 185.322 159.184 148.687 126.925 101.844 88.220 83.923 72.711 61.744 57.638 54.867 55.026 50.349 50.311 51.866 54.261 49.729 47.140 46.347 41.637 32.235 29.344 35.138 32.990 42.035 48.074 48.266 55.842 57.034 -999.250 -999.250 -999.250 -999.250 -999.250 -999.250 -999.250 -999.250 -999.250 -999.250 -999.250 -999.250 -999.250 -999.250 -999.250 -999.250
121.194 97.614 73.854 64.899 56.838 46.099 39.318 35.193 29.041 25.293 21.336 34.249 52.001 60.108 77.257 90.684 96.345 106.744 120.210 134.273 146.957 160.433 164.858 147.473 132.233 116.665 104.055 96.800 84.511 76.488 71.896 62.303 58.775 56.720 58.122 61.016 59.351 57.486 56.163 53.682 53.517 47.895 41.689 46.614 50.343 52.555 55.050 54.813 67.474 68.671 -999.250 -999.250 -999.250 -999.250 -999.250 -999.250 -999.250 -999.250 -999.250 -999.250 -999.250 -999.250 -999.250 -999.250 -999.250 -999.250
116.023 92.607 76.376 65.247 58.321 48.354 38.050 28.888 26.943 23.875 22.849 28.867 47.830 57.155 71.092 82.808 88.426 98.570 108.595 119.971 131.504 142.885 146.392 138.698 134.212 128.301 117.719 106.716 101.222 89.456 81.934 78.006 71.885 67.207 60.205 66.885 64.592 64.404 63.772 63.684 63.914 60.428 58.135 57.369 60.674 60.493 65.633 72.027 76.425 -999.250 -999.250 -999.250 -999.250 -999.250 -999.250 -999.250 -999.250 -999.250 -999.250 -999.250 -999.250 -999.250 -999.250 -999.250 -999.250 -999.250
119.568 95.714 80.555 70.731 60.421 52.658 45.397 32.733 27.776 25.423 27.487 37.151 48.729 53.195 65.944 75.727 82.048 88.462 95.173 115.937 122.621 126.435 137.539 135.203 134.277 130.471 127.404 122.852 116.954 105.082 90.023 86.885 82.396 75.657 73.786 70.219 70.142 74.446 74.366 71.751 73.409 75.593 70.914 66.109 72.500 75.305 72.770 82.166 81.973 -999.250 -999.250 -999.250 -999.250 -999.250 -999.250 -999.250 -999.250 -999.250 -999.250 -999.250 -999.250 -999.250 -999.250 -999.250 -999.250 -999.250
130.461 107.470 84.803 75.663 61.904 55.291 52.978 45.782 43.838 37.003 40.981 46.996 50.586 58.005 67.079 74.669 77.129 82.901 82.071 92.594 102.239 111.785 121.359 130.817 126.762 133.416 141.275 136.790 132.246 107.292 93.912 88.449 87.158 82.449 78.079 73.054 75.185 75.290 79.026 80.296 80.287 83.702 83.189 88.067 83.358 87.367 88.027 92.334 89.102 -999.250 -999.250 -999.250 -999.250 -999.250 -999.250 -999.250 -999.250 -999.250 -999.250 -999.250 -999.250 -999.250 -999.250 -999.250 -999.250 -999.250
129.588 112.048 93.615 79.165 70.261 61.182 60.372 56.202 54.671 51.553 54.531 54.016 61.263 62.309 67.306 67.809 65.027 69.849 70.647 80.293 85.611 91.321 104.924 119.935 125.805 132.562 146.479 125.731 119.270 112.638 95.390 89.449 87.860 85.274 81.515 79.320 77.402 82.211 82.246 90.344 87.487 90.048 94.149 103.124 97.205 99.622 108.729 100.352 105.027 -999.250 -999.250 -999.250 -999.250 -999.250 -999.250 -999.250 -999.250 -999.250 -999.250 -999.250 -999.250 -999.250 -999.250 -999.250 -999.250 -999.250
130.132 115.831 95.946 83.009 76.590 75.363 68.399 63.946 63.398 64.795 63.220 65.131 66.727 65.728 65.839 63.506 64.500 60.509 66.088 64.488 71.488 83.143 91.939 103.352 112.067 120.498 125.898 116.000 116.493 109.952 95.101 88.941 84.929 84.036 79.422 74.612 77.828 82.932 87.455 94.994 94.056 99.571 106.177 110.084 109.976 119.999 122.331 115.405 118.388 -999.250 -999.250 -999.250 -999.250 -999.250 -999.250 -999.250 -999.250 -999.250 -999.250 -999.250 -999.250 -999.250 -999.250 -999.250 -999.250 -999.250
123.246 110.108 107.792 87.835 80.275 80.312 75.758 74.676 76.301 74.407 75.513 77.720 76.756 72.298 68.733 63.590 63.084 60.297 58.270 56.533 65.573 69.577 78.579 86.559 93.179 112.590 110.387 110.567 104.660 97.311 94.001 89.738 82.698 81.567 84.681 81.346 77.871 82.469 89.859 93.799 102.306 115.275 119.399 120.056 127.206 129.017 127.862 128.619 134.007 -999.250 -999.250 -999.250 -999.250 -999.250 -999.250 -999.250 -999.250 -999.250 -999.250 -999.250 -999.250 -999.250 -999.250 -999.250 -999.250 -999.250
118.289 117.257 113.263 100.983 94.464 89.903 84.838 82.233 85.957 84.060 82.958 81.801 76.191 69.437 65.832 60.910 57.086 56.328 51.494 50.270 53.350 59.827 68.212 73.086 83.698 92.122 91.844 92.303 91.698 87.386 82.094 85.090 82.293 80.794 80.192 81.685 81.365 83.348 85.404 98.353 107.691 121.695 124.918 136.694 131.587 137.119 143.978 138.554 144.966 -999.250 -999.250 -999.250 -999.250 -999.250 -999.250 -999.250 -999.250 -999.250 -999.250 -999.250 -999.250 -999.250 -999.250 -999.250 -999.250 -999.250
108.663 112.583 117.950 116.788 109.778 106.704 95.881 95.836 92.827 91.287 87.261 83.159 78.082 75.081 65.911 57.137 55.126 47.037 39.961 41.004 40.382 50.074 49.021 57.783 66.378 70.289 75.977 76.420 80.906 74.744 77.337 68.515 71.365 76.790 74.212 79.886 82.699 85.893 90.253 92.838 97.906 108.669 121.255 139.135 152.945 151.683 154.589 154.451 151.784 -999.250 -999.250 -999.250 -999.250 -999.250 -999.250 -999.250 -999.250 -999.250 -999.250 -999.250 -999.250 -999.250 -999.250 -999.250 -999.250 -999.250
104.937 109.181 118.214 118.085 114.527 111.167 102.711 107.312 100.075 97.128 93.490 86.837 82.803 77.712 65.847 54.724 45.871 35.992 29.415 28.482 28.272 30.392 35.228 40.710 51.240 54.821 62.001 58.259 61.406 64.212 66.349 65.189 66.509 65.218 71.450 74.282 75.629 80.067 81.844 87.040 103.709 112.474 127.604 137.522 154.423 155.616 165.662 159.498 170.003 165.677 -999.250 -999.250 -999.250 -999.250 -999.250 -999.250 -999.250 -999.250 -999.250 -999.250 -999.250 -999.250 -999.250 -999.250 -999.250 -999.250
95.836 109.841 126.154 125.925 125.975 119.045 118.179 111.323 104.702 98.180 97.522 92.603 84.329 80.320 66.320 52.188 42.288 32.073 24.827 24.063 24.074 25.437 27.892 28.139 36.740 38.401 45.984 48.545 54.493 57.418 56.295 65.483 62.717 66.911 60.302 65.846 66.609 73.982 81.739 85.701 99.616 124.354 127.566 135.805 146.573 148.484 175.274 177.086 174.761 172.178 -999.250 -999.250 -999.250 -999.250 -999.250 -999.250 -999.250 -999.250 -999.250 -999.250 -999.250 -999.250 -999.250 -999.250 -999.250 -999.250
83.774 99.175 123.463 135.734 136.230 127.057 126.274 114.952 104.174 99.065 90.555 90.327 87.281 75.830 72.363 55.514 43.698 31.013 20.866 20.431 20.948 21.431 26.105 23.324 23.236 27.501 35.345 44.482 51.354 55.793 56.087 57.136 59.571 61.253 55.662 59.558 65.270 64.903 75.174 84.876 95.416 113.171 135.781 144.872 154.834 161.868 175.889 180.148 186.373 183.839 -999.250 -999.250 -999.250 -999.250 -999.250 -999.250 -999.250 -999.250 -999.250 -999.250 -999.250 -999.250 -999.250 -999.250 -999.250 -999.250
75.732 90.994 112.903 123.354 129.664 131.361 120.813 117.258 110.800 102.247 89.444 88.150 87.628 86.890 80.487 62.452 51.157 28.595 21.809 21.737 26.742 27.671 27.033 22.727 16.977 23.346 36.687 44.657 52.283 52.188 57.444 57.397 60.280 59.751 60.091 59.390 68.244 67.944 72.161 87.378 97.453 114.110 130.068 142.616 162.076 167.908 187.223 194.604 198.423 188.536 -999.250 -999.250 -999.250 -999.250 -999.250 -999.250 -999.250 -999.250 -999.250 -999.250 -999.250 -999.250 -999.250 -999.250 -999.250 -999.250
71.741 78.754 95.127 104.888 121.333 123.554 118.764 111.815 105.738 101.304 96.490 88.917 95.439 100.532 89.295 77.224 71.511 52.056 22.085 41.188 50.357 53.824 42.932 31.642 14.434 27.529 40.761 50.673 57.472 57.903 66.617 61.032 62.742 55.090 56.115 61.480 62.780 66.542 73.157 87.265 98.452 110.477 130.269 141.877 154.239 176.768 194.171 198.276 205.832 -999.250 -999.250 -999.250 -999.250 -999.250 -999.250 -999.250 -999.250 -999.250 -999.250 -999.250 -999.250 -999.250 -999.250 -999.250 -999.250 -999.250
70.768 81.691 92.942 104.882 116.386 120.331 123.424 120.588 113.737 111.443 102.647 108.626 117.681 114.923 114.789 99.703 98.072 81.417 75.499 77.875 81.560 79.812 70.866 68.173 58.011 59.572 60.607 68.496 68.020 65.449 66.152 68.187 65.876 65.656 59.725 58.558 65.478 69.816 70.994 80.841 90.840 107.805 121.540 130.598 149.435 168.856 185.348 194.822 200.685 -999.250 -999.250 -999.250 -999.250 -999.250 -999.250 -999.250 -999.250 -999.250 -999.250 -999.250 -999.250 -999.250 -999.250 -999.250 -999.250 -999.250
71.408 74.576 91.566 100.111 114.177 121.211 132.946 127.481 125.852 124.873 121.037 129.807 141.772 134.312 138.053 138.882 129.240 121.910 131.098 128.822 131.461 120.935 109.920 107.819 100.707 98.906 86.008 88.332 90.546 83.801 82.207 75.733 73.499 72.213 69.723 64.411 68.421 67.277 72.968 79.416 88.695 105.875 111.370 125.802 148.762 169.866 188.051 193.493 -999.250 -999.250 -999.250 -999.250 -999.250 -999.250 -999.250 -999.250 -999.250 -999.250 -999.250 -999.250 -999.250 -999.250 -999.250 -999.250 -999.250 -999.250
