data/medianmodel_06-Oct-2020.asc
ncols	141
nrows	288
xllcorner	-120191.398
yllcorner	-301404.813
cellsize	2000.000
NODATA_value	-999.250
[rows 180 to 209 of 288, columns 0 to 66 of 141]
-999.250 -999.250 -999.250 105.640 104.249 118.615 112.302 109.987 132.258 123.708 133.454 146.988 154.991 157.520 175.356 165.962 168.132 167.941 155.047 159.382 145.635 148.005 143.625 132.214 143.964 128.628 107.440 103.115 98.662 82.734 76.813 68.328 62.023 58.490 53.239 50.434 49.777 46.596 48.685 50.839 47.727 53.847 50.115 55.462 53.069 46.668 39.387 33.298 25.354 25.100 21.005 17.373 12.899 8.117 4.863 0.418 1.070 3.495 8.750 12.785 26.248 40.346 60.389 61.818 80.941 89.828 90.795
-999.250 -999.250 -999.250 120.154 128.530 122.148 123.108 128.029 135.565 125.567 139.399 156.174 164.904 168.551 184.286 175.082 173.674 176.343 163.157 155.716 153.702 139.581 141.257 141.675 133.104 121.163 108.265 91.700 87.815 83.725 73.989 67.491 56.662 55.436 54.660 43.053 48.806 45.244 48.644 43.079 47.557 46.992 52.990 52.851 49.370 41.017 39.421 34.057 28.953 25.584 21.329 16.763 14.721 8.678 7.427 6.048 2.047 3.606 10.492 15.205 21.661 31.140 39.838 50.235 64.141 75.137 77.787
-999.250 -999.250 106.560 128.378 129.617 131.764 128.605 133.970 136.087 137.736 151.391 164.159 163.573 177.030 179.864 193.221 195.165 180.545 178.952 167.350 154.644 143.976 142.440 136.260 128.871 118.154 95.867 86.848 82.042 77.426 68.336 64.072 53.155 53.634 48.096 46.783 46.267 43.807 47.893 48.600 51.874 52.846 53.155 48.706 49.259 48.464 40.259 33.840 32.335 25.363 20.300 19.794 13.932 13.676 7.928 3.807 4.103 6.593 5.902 14.089 24.492 27.251 37.825 45.196 49.370 56.844 68.381
-999.250 -999.250 121.941 133.501 126.719 132.303 134.219 154.013 145.462 146.673 146.201 169.183 171.433 186.589 190.275 200.909 209.035 205.028 184.417 163.201 -999.250 137.407 138.853 136.322 121.395 104.052 90.329 78.932 76.470 71.891 70.118 66.897 55.445 52.521 48.002 49.291 49.060 42.396 42.764 48.787 47.413 51.646 52.492 41.834 41.791 44.560 38.290 36.089 29.232 30.198 24.387 22.914 14.303 14.337 14.169 9.649 8.915 10.946 7.700 19.215 21.559 27.596 27.586 38.174 43.928 45.593 55.730
-999.250 122.842 125.450 142.518 143.314 136.510 147.561 145.622 155.015 157.825 162.059 163.558 180.086 188.834 184.550 196.507 232.115 203.133 195.563 -999.250 -999.250 134.277 134.186 127.936 126.884 106.600 84.108 79.033 78.798 73.486 64.334 56.884 55.290 49.214 45.755 43.836 46.445 42.305 45.539 45.924 41.411 45.199 49.286 43.984 39.462 41.142 35.948 30.067 30.994 25.508 24.946 18.684 18.758 13.924 15.229 10.936 11.011 16.182 17.651 19.593 23.087 20.881 28.138 37.390 40.157 44.493 46.503
-999.250 127.755 141.566 135.162 142.923 139.065 153.898 158.661 161.857 164.626 166.932 171.587 176.527 182.316 179.262 189.411 206.029 204.828 -999.250 -999.250 -999.250 -999.250 128.027 115.222 105.052 99.114 84.671 83.699 69.916 64.712 61.571 55.207 48.315 44.395 48.799 47.392 40.227 36.945 38.216 40.127 41.145 42.638 41.200 35.231 36.921 38.359 35.704 32.980 32.223 28.094 26.269 24.758 22.776 21.349 18.192 15.587 18.138 18.223 18.787 20.731 26.420 26.759 29.531 32.857 42.461 51.024 44.818
124.147 123.187 143.954 145.925 154.139 152.336 162.786 161.760 174.040 180.377 177.048 169.573 162.335 178.625 179.302 191.528 193.095 191.899 -999.250 -999.250 -999.250 -999.250 -999.250 113.301 94.020 83.619 83.340 80.219 72.641 60.016 57.410 52.111 51.832 48.050 51.167 47.835 41.530 41.201 35.058 38.902 33.445 35.965 37.446 38.762 36.019 40.059 32.539 37.702 32.051 32.416 30.216 30.887 28.825 28.712 28.794 25.398 24.435 26.437 28.203 28.127 31.247 30.324 36.019 34.557 38.489 42.879 42.809
-999.250 132.122 149.455 142.211 134.802 145.496 156.600 174.108 174.850 179.783 165.223 161.430 152.630 163.902 182.482 183.089 179.374 173.797 -999.250 -999.250 -999.250 -999.250 120.614 99.569 92.077 80.947 83.372 74.898 63.901 59.805 54.684 51.120 50.009 52.175 51.304 52.749 42.937 43.718 39.060 34.731 30.078 29.763 29.946 28.081 33.833 31.687 29.419 30.827 28.283 33.447 32.900 33.321 33.449 31.046 33.053 31.735 34.075 33.407 30.691 30.770 33.674 36.073 32.456 35.114 40.233 43.303 42.935
-999.250 144.400 139.124 144.624 149.036 146.458 151.623 168.312 172.834 171.729 163.687 161.268 159.577 167.818 177.257 187.826 183.857 168.193 -999.250 -999.250 -999.250 121.929 -999.250 88.980 81.671 79.885 75.701 68.800 63.773 59.118 60.107 53.228 49.648 50.292 51.912 51.613 51.307 46.282 38.439 31.938 29.319 27.139 24.072 26.460 29.080 22.872 24.389 27.235 29.908 29.414 29.030 33.310 35.842 35.248 39.563 39.012 34.996 38.402 32.799 36.881 32.984 34.732 33.047 35.243 38.277 41.339 45.831
-999.250 143.368 139.770 146.092 152.709 151.722 161.797 162.594 175.390 173.658 175.539 175.103 169.712 165.762 174.461 179.772 165.557 -999.250 -999.250 -999.250 -999.250 100.109 87.381 84.218 80.200 80.697 71.957 73.244 66.469 55.705 57.381 56.789 51.631 48.302 52.674 50.631 47.685 42.393 35.043 32.008 29.276 29.028 21.732 30.202 22.919 20.963 24.622 25.466 26.689 29.389 36.055 39.746 34.928 43.659 44.715 47.757 44.964 41.509 42.945 46.653 40.648 38.069 33.969 40.819 39.853 39.573 37.182
-999.250 127.925 141.304 150.743 156.689 158.195 165.467 160.818 166.339 170.715 181.298 176.993 174.752 179.259 166.826 169.344 158.901 -999.250 -999.250 -999.250 111.603 101.790 88.520 84.609 78.056 71.725 71.225 66.346 70.754 65.419 53.571 56.088 55.003 50.608 53.293 51.904 47.069 38.490 32.778 33.818 28.746 24.079 23.990 22.260 20.948 17.809 20.872 25.440 24.705 29.305 33.252 39.220 39.960 41.410 49.781 47.831 51.854 48.912 48.101 45.765 39.421 41.983 38.788 38.049 37.065 41.476 38.772
-999.250 -999.250 -999.250 155.177 -999.250 -999.250 154.286 151.648 155.795 -999.250 -999.250 -999.250 162.927 159.013 -999.250 -999.250 -999.250 -999.250 -999.250 -999.250 103.977 102.947 88.378 89.521 80.709 80.431 69.847 63.778 67.431 62.046 54.489 57.600 53.209 49.083 46.774 49.985 46.349 39.787 33.444 30.322 26.283 26.502 24.750 20.194 14.278 12.184 17.358 19.702 25.796 27.176 36.496 35.714 45.046 43.688 54.477 55.586 54.277 56.168 57.128 49.243 52.626 50.382 41.743 44.049 41.207 38.889 39.366
-999.250 -999.250 -999.250 -999.250 -999.250 -999.250 -999.250 -999.250 -999.250 -999.250 -999.250 -999.250 -999.250 157.496 153.278 144.583 -999.250 -999.250 -999.250 117.200 106.763 100.325 95.663 93.689 84.917 72.153 72.964 68.108 70.218 62.073 59.768 50.614 50.337 50.151 44.922 49.054 42.935 34.317 28.898 30.184 26.798 21.668 20.602 15.158 12.165 8.885 13.825 20.101 20.537 26.355 31.268 41.436 43.096 48.008 57.389 62.589 61.067 62.299 58.235 56.175 55.787 49.918 49.361 42.664 42.822 41.195 41.220
-999.250 -999.250 -999.250 -999.250 -999.250 -999.250 -999.250 -999.250 -999.250 -999.250 -999.250 138.479 150.244 147.688 147.619 140.796 -999.250 -999.250 129.090 114.442 104.566 111.731 107.464 90.335 83.570 76.577 69.263 65.383 64.044 63.340 61.389 57.743 53.805 49.211 46.522 44.742 39.470 30.903 32.451 23.494 25.749 22.609 17.339 14.448 13.645 10.590 12.190 15.550 22.670 26.739 34.501 44.960 50.448 57.431 61.490 62.659 70.301 67.039 57.873 61.109 58.569 56.350 47.227 43.616 39.858 42.063 42.433
-999.250 -999.250 -999.250 -999.250 -999.250 -999.250 -999.250 -999.250 -999.250 -999.250 -999.250 129.292 136.899 135.479 137.736 138.094 133.584 127.045 111.645 108.029 112.441 122.657 113.964 90.287 83.212 78.787 74.686 69.623 66.093 59.499 59.844 53.903 55.611 52.873 47.775 40.800 37.194 27.700 32.980 26.452 22.672 20.058 15.631 18.753 15.472 13.771 15.311 18.044 27.417 31.561 35.920 43.279 49.758 56.202 61.719 68.837 69.234 66.448 67.767 55.054 57.558 53.878 47.311 39.736 38.434 39.497 37.262
-999.250 -999.250 -999.250 -999.250 -999.250 -999.250 -999.250 -999.250 -999.250 -999.250 -999.250 -999.250 117.323 132.624 138.297 131.931 134.723 128.548 114.996 118.697 110.159 113.844 111.958 94.365 85.379 78.676 72.508 73.428 69.163 67.471 60.753 56.477 53.867 48.860 45.547 41.340 32.791 30.797 29.069 23.329 21.661 18.198 15.779 17.980 16.809 14.349 16.687 22.913 26.789 31.136 37.404 44.779 51.150 57.232 59.435 57.538 62.198 63.994 59.063 52.603 50.195 48.706 42.596 38.049 35.638 34.572 32.282
-999.250 -999.250 -999.250 -999.250 -999.250 -999.250 -999.250 -999.250 -999.250 -999.250 -999.250 -999.250 -999.250 125.456 120.325 117.943 122.626 110.092 105.891 106.939 98.352 110.442 91.904 88.019 96.812 84.683 76.252 72.789 67.956 69.669 60.597 58.028 57.723 49.265 42.325 31.623 28.971 27.186 25.871 21.713 22.015 20.746 16.222 15.803 16.040 14.952 17.931 23.837 25.536 35.107 39.582 41.872 45.865 53.561 59.679 59.327 58.421 60.036 59.168 48.386 44.187 46.374 42.554 31.741 36.093 31.816 33.142
-999.250 -999.250 -999.250 -999.250 -999.250 -999.250 -999.250 -999.250 -999.250 -999.250 -999.250 -999.250 -999.250 119.837 119.072 103.612 98.748 96.616 90.000 98.443 97.138 99.708 91.859 90.802 87.347 85.232 82.551 71.984 70.956 71.748 64.064 61.408 54.937 52.380 43.805 37.070 35.313 30.698 31.085 23.186 23.902 18.857 16.154 15.997 17.053 15.199 23.305 26.156 30.956 31.319 39.935 43.284 47.591 53.172 55.168 55.991 55.160 54.479 51.108 50.551 43.421 39.070 41.407 33.301 32.252 31.333 28.608
-999.250 -999.250 -999.250 -999.250 -999.250 -999.250 -999.250 -999.250 -999.250 -999.250 -999.250 -999.250 -999.250 97.984 96.498 96.938 87.375 86.229 85.294 84.022 87.952 93.653 89.098 88.120 86.002 81.190 80.671 81.022 77.845 73.248 67.861 58.121 59.042 56.721 49.441 44.125 35.214 31.239 30.707 27.456 25.399 23.855 22.793 22.480 22.581 17.990 21.872 28.876 31.608 32.771 37.792 44.146 42.122 48.524 52.339 50.138 50.221 51.140 50.288 44.912 36.749 36.268 37.728 33.451 31.493 28.713 23.796
-999.250 -999.250 -999.250 -999.250 -999.250 -999.250 -999.250 -999.250 -999.250 -999.250 -999.250 -999.250 -999.250 -999.250 77.117 86.356 79.574 81.493 75.205 76.881 78.548 84.899 83.853 80.591 84.092 83.894 83.896 83.224 80.519 74.424 68.231 68.254 65.345 54.965 46.661 41.387 32.835 32.451 27.629 27.571 24.958 23.488 21.666 20.849 23.051 23.674 24.224 27.171 28.188 29.293 35.793 37.272 37.373 39.331 42.370 47.450 43.811 49.560 43.214 42.741 35.421 34.372 32.947 29.608 27.960 25.990 24.394
-999.250 -999.250 -999.250 -999.250 -999.250 -999.250 -999.250 -999.250 -999.250 -999.250 -999.250 -999.250 -999.250 -999.250 74.517 81.437 80.527 73.784 71.508 75.731 80.311 79.135 82.462 77.570 80.335 75.993 82.250 79.833 88.599 78.004 73.831 66.499 66.847 54.008 44.245 43.477 32.824 31.533 30.509 30.677 29.070 28.241 24.763 25.921 24.411 25.362 27.916 32.056 31.333 30.773 34.701 35.270 34.943 33.840 40.311 39.111 34.431 40.673 36.586 35.766 31.678 33.578 28.602 25.219 27.475 24.597 23.686
-999.250 -999.250 -999.250 -999.250 -999.250 -999.250 -999.250 -999.250 -999.250 -999.250 -999.250 -999.250 -999.250 -999.250 80.634 76.671 71.769 65.141 70.124 77.922 69.681 77.078 69.643 74.216 81.414 78.054 81.105 80.116 86.323 80.560 66.775 64.808 59.113 53.590 45.971 39.839 32.174 27.559 33.144 33.715 31.766 24.910 25.180 24.376 22.246 23.523 25.554 30.983 31.897 31.377 30.106 35.514 31.741 33.579 34.332 34.746 31.858 33.327 32.589 33.597 32.337 29.609 25.221 23.326 24.021 19.068 20.117
-999.250 -999.250 -999.250 -999.250 -999.250 -999.250 -999.250 -999.250 -999.250 -999.250 -999.250 -999.250 -999.250 -999.250 77.598 69.584 73.554 67.235 67.487 67.887 67.067 68.362 70.080 71.703 74.568 -999.250 80.916 76.146 78.451 76.720 65.861 58.248 56.326 50.106 45.725 42.856 35.292 32.734 34.494 32.076 30.897 27.846 27.996 25.996 22.182 23.830 23.926 28.511 29.366 27.721 31.043 30.330 31.503 30.905 31.690 33.762 30.386 27.955 31.379 31.963 23.518 26.197 27.013 20.636 20.984 12.654 15.416
-999.250 -999.250 -999.250 -999.250 -999.250 -999.250 -999.250 -999.250 -999.250 -999.250 -999.250 -999.250 -999.250 -999.250 70.666 68.998 70.548 69.076 71.494 68.938 63.914 66.274 63.630 -999.250 -999.250 -999.250 77.740 74.499 67.034 66.477 63.322 53.715 53.923 45.200 40.563 41.731 39.639 34.705 32.997 31.035 33.237 32.036 25.954 24.573 24.809 26.173 27.164 28.685 27.974 31.185 31.261 26.024 31.232 32.445 27.467 29.672 27.365 30.496 28.362 25.812 24.074 22.814 22.424 19.122 15.509 13.936 11.544
-999.250 -999.250 -999.250 -999.250 -999.250 -999.250 -999.250 -999.250 -999.250 -999.250 -999.250 -999.250 -999.250 81.228 80.997 73.642 63.330 68.195 72.439 63.020 64.377 65.831 -999.250 -999.250 -999.250 -999.250 -999.250 67.701 68.473 65.015 58.188 54.609 46.333 47.422 44.826 37.377 32.943 33.225 38.516 38.637 30.652 34.085 29.824 26.139 26.556 29.087 25.919 25.683 24.929 27.288 27.168 28.147 24.869 30.277 27.119 26.611 23.761 28.165 21.862 23.037 21.867 21.288 18.393 18.768 13.340 11.717 8.597
-999.250 -999.250 -999.250 -999.250 -999.250 -999.250 -999.250 -999.250 -999.250 -999.250 -999.250 -999.250 -999.250 77.036 73.738 66.057 64.716 61.938 65.334 65.988 -999.250 -999.250 -999.250 -999.250 -999.250 -999.250 -999.250 -999.250 63.499 62.259 62.902 55.478 45.903 42.889 38.780 38.157 31.804 33.552 34.207 34.228 39.135 36.158 31.310 28.325 29.915 26.294 22.666 18.665 25.489 25.593 28.663 27.354 28.114 25.796 25.479 23.372 22.884 20.088 19.873 22.935 18.211 17.701 16.704 14.090 9.733 7.890 4.879
-999.250 -999.250 -999.250 -999.250 -999.250 -999.250 -999.250 -999.250 -999.250 -999.250 -999.250 -999.250 65.530 68.251 -999.250 -999.250 -999.250 -999.250 -999.250 -999.250 -999.250 -999.250 -999.250 -999.250 -999.250 -999.250 -999.250 -999.250 -999.250 54.901 52.680 55.462 45.122 43.898 38.845 37.659 38.946 37.129 36.782 39.832 38.324 38.546 36.433 32.101 26.838 27.123 22.113 22.832 23.486 25.181 27.862 24.882 25.409 24.818 19.962 20.739 19.546 16.060 15.818 16.640 15.343 16.792 9.479 10.380 10.079 8.960 6.584
-999.250 -999.250 -999.250 -999.250 -999.250 -999.250 -999.250 -999.250 -999.250 -999.250 -999.250 -999.250 -999.250 -999.250 -999.250 -999.250 -999.250 -999.250 -999.250 -999.250 -999.250 -999.250 -999.250 -999.250 -999.250 -999.250 -999.250 -999.250 -999.250 -999.250 51.049 50.673 49.514 42.885 35.303 42.499 35.381 35.216 39.793 38.764 40.222 36.936 29.998 31.537 30.434 28.663 24.761 26.575 28.576 26.070 28.488 22.655 24.636 24.898 18.563 14.495 14.749 17.033 10.966 12.721 13.657 9.577 7.351 6.031 5.958 6.386 3.353
-999.250 -999.250 -999.250 -999.250 -999.250 -999.250 -999.250 -999.250 -999.250 -999.250 -999.250 -999.250 -999.250 -999.250 -999.250 -999.250 -999.250 -999.250 -999.250 -999.250 -999.250 -999.250 -999.250 -999.250 -999.250 -999.250 -999.250 -999.250 -999.250 -999.250 52.265 48.739 46.069 44.481 40.927 34.043 30.499 39.325 33.663 38.088 35.847 29.998 33.855 32.715 27.770 28.844 27.168 25.605 27.214 26.975 19.934 23.084 25.795 16.630 14.700 13.745 17.195 16.163 9.463 9.413 10.086 7.982 9.337 6.605 7.649 2.739 1.038
-999.250 -999.250 -999.250 -999.250 -999.250 -999.250 -999.250 -999.250 -999.250 -999.250 -999.250 -999.250 -999.250 -999.250 -999.250 -999.250 -999.250 -999.250 -999.250 -999.250 -999.250 -999.250 -999.250 -999.250 -999.250 -999.250 -999.250 -999.250 -999.250 -999.250 47.090 47.358 43.324 40.348 37.430 34.367 32.908 34.170 34.504 30.106 31.249 30.021 30.493 33.018 30.357 28.865 30.106 29.107 25.239 27.713 26.482 25.870 24.536 16.653 14.254 15.450 15.984 14.277 10.219 10.046 9.398 8.028 7.532 3.273 3.959 1.282 0.510
