data/medianmodel_18-Jan-2021.asc
ncols	141
nrows	288
xllcorner	-120191.398
yllcorner	-301404.813
cellsize	2000.000
NODATA_value	-999.250
[rows 84 to 111 of 288, columns 0 to 62 of 141]
-999.250 -999.250 -999.250 -999.250 -999.250 -999.250 -999.250 -999.250 -999.250 -999.250 -999.250 -999.250 -999.250 -999.250 -999.250 -999.250 -999.250 -999.250 -999.250 -999.250 -999.250 -999.250 -999.250 -999.250 -999.250 -999.250 -999.250 -999.250 -999.250 -999.250 -999.250 -999.250 -999.250 1048.484 992.522 1012.010 975.720 1028.702 1018.586 1008.722 1018.549 1051.475 1034.167 1115.285 1151.087 1252.976 1328.341 1450.823 1615.800 1731.155 1907.978 2036.054 2084.579 2119.437 2260.094 2310.195 2371.939 2458.183 2486.089 2591.292 2594.702 2560.965 2368.053
-999.250 -999.250 -999.250 -999.250 -999.250 -999.250 -999.250 -999.250 -999.250 -999.250 -999.250 -999.250 -999.250 -999.250 -999.250 -999.250 -999.250 -999.250 -999.250 -999.250 -999.250 -999.250 -999.250 -999.250 -999.250 -999.250 -999.250 -999.250 -999.250 -999.250 -999.250 -999.250 -999.250 994.621 987.482 961.308 977.490 981.067 989.114 987.923 999.806 1030.755 1082.583 1146.184 1229.310 1251.718 1346.278 1482.298 1571.711 1662.408 1778.182 1931.761 1992.554 2124.978 2120.074 2225.883 2291.841 2373.154 2414.790 2357.309 2364.297 2319.336 2348.246
-999.250 -999.250 -999.250 -999.250 -999.250 -999.250 -999.250 -999.250 -999.250 -999.250 -999.250 -999.250 -999.250 -999.250 -999.250 -999.250 -999.250 -999.250 -999.250 -999.250 -999.250 -999.250 -999.250 -999.250 -999.250 -999.250 -999.250 -999.250 -999.250 -999.250 -999.250 -999.250 -999.250 957.636 952.112 949.806 949.720 948.430 995.699 1004.176 1015.490 1070.066 1096.075 1213.402 1240.779 1335.595 1364.414 1443.547 1501.899 1633.489 1701.471 1790.271 1963.006 2097.394 2175.823 2111.263 2198.970 2207.103 2218.268 2254.838 2262.537 2209.593 2190.668
-999.250 -999.250 -999.250 -999.250 -999.250 -999.250 -999.250 -999.250 -999.250 -999.250 -999.250 -999.250 -999.250 -999.250 -999.250 -999.250 -999.250 -999.250 -999.250 -999.250 -999.250 -999.250 -999.250 -999.250 -999.250 -999.250 -999.250 -999.250 -999.250 -999.250 -999.250 -999.250 -999.250 909.447 886.939 908.249 914.303 940.025 1006.689 997.198 1076.213 1106.728 1119.051 1194.452 1304.372 1338.354 1372.895 1462.557 1542.286 1629.940 1667.973 1735.959 1797.908 1981.514 2057.165 2052.528 2156.160 2100.310 2125.915 2144.824 2141.630 2178.536 2161.904
-999.250 -999.250 -999.250 -999.250 -999.250 -999.250 -999.250 -999.250 -999.250 -999.250 -999.250 -999.250 -999.250 -999.250 -999.250 -999.250 -999.250 -999.250 -999.250 -999.250 -999.250 -999.250 -999.250 -999.250 -999.250 -999.250 -999.250 -999.250 -999.250 -999.250 -999.250 -999.250 875.286 884.648 873.840 879.668 921.578 964.425 983.270 999.990 1038.820 1111.900 1174.202 1197.118 1311.571 1344.541 1365.800 1458.815 1483.942 1592.882 1659.454 1694.795 1774.515 1820.548 1852.685 1963.989 1971.976 2056.859 1988.276 2031.896 2038.626 2096.667 2085.898
-999.250 -999.250 -999.250 -999.250 -999.250 -999.250 -999.250 -999.250 -999.250 -999.250 -999.250 -999.250 -999.250 -999.250 -999.250 -999.250 -999.250 -999.250 -999.250 -999.250 -999.250 -999.250 -999.250 -999.250 -999.250 -999.250 -999.250 -999.250 -999.250 -999.250 -999.250 -999.250 880.756 870.285 819.992 877.028 884.275 950.344 996.236 1030.265 1032.755 1106.210 1190.427 1263.540 1335.006 1388.476 1403.942 1449.189 1462.957 1580.384 1618.671 1584.747 1656.611 1730.696 1779.515 1733.512 1801.888 1867.091 1798.145 1834.595 2008.370 2078.015 2078.162
-999.250 -999.250 -999.250 -999.250 -999.250 -999.250 -999.250 -999.250 -999.250 -999.250 -999.250 -999.250 -999.250 -999.250 -999.250 -999.250 -999.250 -999.250 -999.250 -999.250 -999.250 -999.250 -999.250 -999.250 -999.250 -999.250 -999.250 -999.250 -999.250 -999.250 -999.250 -999.250 842.508 848.900 813.048 871.600 875.110 920.888 981.350 1042.768 1084.274 1122.071 1213.358 1280.779 1331.150 1399.706 1432.099 1461.911 1475.917 1502.319 1575.325 1561.381 1592.076 1617.287 1677.623 1725.568 1670.296 1650.221 1703.848 1706.273 1897.137 1979.986 2033.615
-999.250 -999.250 -999.250 -999.250 -999.250 -999.250 -999.250 -999.250 -999.250 -999.250 -999.250 -999.250 -999.250 -999.250 -999.250 -999.250 -999.250 -999.250 -999.250 -999.250 -999.250 -999.250 -999.250 -999.250 -999.250 -999.250 -999.250 -999.250 -999.250 -999.250 -999.250 -999.250 856.203 849.166 839.731 819.843 842.284 920.514 980.711 1050.143 1101.962 1125.637 1196.378 1301.654 1373.739 1403.471 1440.274 1491.700 1487.930 1537.957 1529.880 1559.429 1607.062 1654.276 1576.689 1628.857 1567.438 1579.376 1605.092 1631.134 1640.379 1833.924 1852.239
-999.250 -999.250 -999.250 -999.250 -999.250 -999.250 -999.250 -999.250 -999.250 -999.250 -999.250 -999.250 -999.250 -999.250 -999.250 -999.250 -999.250 -999.250 -999.250 -999.250 -999.250 -999.250 -999.250 -999.250 -999.250 -999.250 -999.250 -999.250 -999.250 -999.250 -999.250 825.195 835.361 829.451 855.224 826.378 845.471 912.200 995.360 1054.241 1134.626 1216.227 1249.678 1350.675 1378.476 1425.116 1474.359 1486.434 1531.396 1467.505 1508.842 1496.650 1529.015 1562.570 1522.594 1494.508 1466.780 1505.574 1504.528 1551.609 1588.335 1670.074 1741.799
-999.250 -999.250 -999.250 -999.250 -999.250 -999.250 -999.250 -999.250 -999.250 -999.250 -999.250 -999.250 -999.250 -999.250 -999.250 -999.250 -999.250 -999.250 -999.250 -999.250 -999.250 -999.250 -999.250 -999.250 -999.250 -999.250 -999.250 -999.250 -999.250 -999.250 -999.250 838.769 854.439 850.725 831.744 813.512 867.318 965.591 1003.833 1091.571 1173.873 1263.047 1311.283 1378.325 1407.126 1425.511 1445.447 1473.295 1519.772 1524.412 1476.882 1471.786 1467.305 1505.219 1505.692 1415.478 1401.163 1391.137 1398.273 1442.583 1523.727 1594.708 1689.832
-999.250 -999.250 -999.250 -999.250 -999.250 -999.250 -999.250 -999.250 -999.250 -999.250 -999.250 -999.250 -999.250 -999.250 -999.250 -999.250 -999.250 -999.250 -999.250 -999.250 -999.250 -999.250 -999.250 -999.250 -999.250 -999.250 -999.250 -999.250 -999.250 -999.250 -999.250 845.486 849.778 816.370 817.584 846.962 875.086 943.208 1042.136 1114.127 1189.121 1260.832 1309.494 1445.433 1459.426 1489.847 1528.730 1545.262 1554.622 1558.515 1573.898 1564.983 1508.541 1482.484 1387.932 1327.391 1334.087 1264.377 1294.606 1285.045 1403.809 1506.427 1639.527
-999.250 -999.250 -999.250 -999.250 -999.250 -999.250 -999.250 -999.250 -999.250 -999.250 -999.250 -999.250 -999.250 -999.250 -999.250 -999.250 -999.250 -999.250 -999.250 -999.250 -999.250 -999.250 -999.250 -999.250 -999.250 -999.250 -999.250 -999.250 -999.250 -999.250 -999.250 838.087 816.545 828.902 777.552 834.335 920.873 1001.394 1058.473 1135.345 1235.157 1290.213 1387.916 1385.064 1532.022 1614.057 1646.023 1672.633 1655.685 1689.617 1632.733 1581.055 1560.099 1483.647 1387.934 1253.621 1243.738 1191.028 1186.142 1250.265 1388.348 1542.712 1706.316
-999.250 -999.250 -999.250 -999.250 -999.250 -999.250 -999.250 -999.250 -999.250 -999.250 -999.250 -999.250 -999.250 -999.250 -999.250 -999.250 -999.250 -999.250 -999.250 -999.250 -999.250 -999.250 -999.250 -999.250 -999.250 -999.250 -999.250 -999.250 -999.250 -999.250 881.352 862.866 834.010 859.700 825.389 878.125 937.121 1030.615 1088.231 1150.682 1244.770 1304.047 1415.710 1467.365 1621.606 1748.541 1788.688 1817.656 1803.623 1722.290 1700.438 1588.323 1546.302 1519.305 1433.338 1313.890 1188.122 1172.234 1154.030 1205.511 1382.309 1632.412 1864.582
-999.250 -999.250 -999.250 -999.250 -999.250 -999.250 -999.250 -999.250 -999.250 -999.250 -999.250 -999.250 -999.250 -999.250 -999.250 -999.250 -999.250 -999.250 -999.250 -999.250 -999.250 -999.250 -999.250 -999.250 -999.250 -999.250 -999.250 -999.250 -999.250 -999.250 912.108 865.324 885.853 906.723 866.557 896.822 919.793 997.957 1078.919 1146.730 1263.397 1363.813 1463.502 1572.013 1713.094 1822.838 1988.551 1947.597 1826.989 1860.301 1689.710 1738.009 1617.632 1555.639 1501.833 1333.932 1275.121 1144.286 1196.227 1334.809 1486.647 1808.596 2062.252
-999.250 -999.250 -999.250 -999.250 -999.250 -999.250 -999.250 -999.250 -999.250 -999.250 -999.250 -999.250 -999.250 -999.250 -999.250 -999.250 -999.250 -999.250 -999.250 -999.250 -999.250 -999.250 -999.250 -999.250 -999.250 -999.250 -999.250 -999.250 -999.250 -999.250 910.845 913.822 913.716 867.827 879.394 907.245 942.754 1018.553 1113.596 1154.940 1269.251 1367.474 1484.995 1580.095 1762.334 1851.679 1902.066 1916.760 1917.654 1895.753 1894.430 1812.039 1782.133 1600.882 1576.163 1462.626 1327.700 1170.056 1293.532 1480.002 1607.129 1936.726 2224.026
-999.250 -999.250 -999.250 -999.250 -999.250 -999.250 -999.250 -999.250 -999.250 -999.250 -999.250 -999.250 -999.250 -999.250 -999.250 -999.250 -999.250 -999.250 -999.250 -999.250 -999.250 -999.250 -999.250 -999.250 -999.250 -999.250 -999.250 -999.250 -999.250 -999.250 904.393 905.491 924.781 908.562 879.910 909.593 966.680 1040.924 1117.742 1184.238 1322.441 1396.596 1456.174 1580.939 1678.543 1771.833 1894.915 1966.080 1869.578 1982.497 1940.491 1943.016 1880.074 1820.785 1745.632 1620.780 1538.612 1469.550 1511.862 1598.860 1849.496 2059.877 2155.564
-999.250 -999.250 -999.250 -999.250 -999.250 -999.250 -999.250 -999.250 -999.250 -999.250 -999.250 -999.250 -999.250 -999.250 -999.250 -999.250 -999.250 -999.250 -999.250 -999.250 -999.250 -999.250 -999.250 -999.250 -999.250 -999.250 -999.250 -999.250 -999.250 902.744 895.158 923.017 922.184 917.299 927.583 922.703 987.637 1040.947 1083.736 1136.373 1280.611 1398.969 1449.497 1551.478 1643.605 1769.045 1778.448 1953.877 2016.081 1956.952 1983.697 2018.734 2034.930 2069.274 2036.461 1846.895 1734.447 1712.674 1719.431 1799.630 2039.197 2128.087 2261.462
-999.250 -999.250 -999.250 -999.250 -999.250 -999.250 -999.250 -999.250 -999.250 -999.250 -999.250 -999.250 -999.250 -999.250 -999.250 -999.250 -999.250 -999.250 -999.250 -999.250 -999.250 -999.250 -999.250 -999.250 -999.250 -999.250 -999.250 -999.250 -999.250 886.505 902.378 911.303 882.990 880.600 928.757 924.650 982.423 1033.352 1051.021 1112.910 1229.563 1370.889 1430.686 1486.914 1596.190 1654.623 1764.617 1863.216 2047.244 2042.423 2078.100 2168.506 2207.590 2191.357 2167.697 2076.089 2038.670 1946.753 1947.228 1974.895 2119.885 2134.728 2210.135
-999.250 -999.250 -999.250 -999.250 -999.250 -999.250 -999.250 -999.250 -999.250 -999.250 -999.250 -999.250 -999.250 -999.250 -999.250 -999.250 -999.250 -999.250 -999.250 -999.250 -999.250 -999.250 -999.250 -999.250 -999.250 -999.250 -999.250 -999.250 -999.250 871.568 844.005 879.159 902.912 888.251 906.127 946.602 944.524 994.565 1049.832 1099.593 1191.448 1296.238 1382.468 1424.795 1482.941 1571.320 1742.185 1817.672 1909.558 2082.294 2147.549 2236.191 2284.909 2424.419 2331.275 2240.082 2219.963 2071.637 2110.481 2106.668 2195.079 2197.085 2245.082
-999.250 -999.250 -999.250 -999.250 -999.250 -999.250 -999.250 -999.250 -999.250 -999.250 -999.250 -999.250 -999.250 -999.250 -999.250 -999.250 -999.250 -999.250 -999.250 -999.250 -999.250 -999.250 -999.250 -999.250 -999.250 -999.250 -999.250 -999.250 -999.250 877.324 845.782 882.504 917.876 895.997 893.073 941.814 928.100 965.334 1008.130 1079.245 1147.891 1272.820 1296.290 1442.951 1463.631 1543.018 1605.040 1745.270 1888.519 2048.579 2129.171 2253.115 2394.861 2423.323 2469.147 2343.982 2292.799 2257.016 2253.443 2252.787 2126.588 2137.280 2080.350
-999.250 -999.250 -999.250 -999.250 -999.250 -999.250 -999.250 -999.250 -999.250 -999.250 -999.250 -999.250 -999.250 -999.250 -999.250 -999.250 -999.250 -999.250 -999.250 -999.250 -999.250 -999.250 -999.250 -999.250 -999.250 -999.250 -999.250 -999.250 882.525 857.625 880.150 879.795 882.603 878.566 930.882 911.412 918.585 909.318 963.336 1011.596 1074.555 1193.226 1231.060 1338.295 1352.322 1460.088 1577.522 1725.543 1846.577 2022.867 2146.832 2202.982 2466.562 2635.138 2601.996 2598.990 2474.038 2359.729 2279.456 2245.761 2162.013 2098.231 2019.861
-999.250 -999.250 -999.250 -999.250 -999.250 -999.250 -999.250 -999.250 -999.250 -999.250 -999.250 -999.250 -999.250 -999.250 -999.250 -999.250 -999.250 -999.250 -999.250 -999.250 -999.250 -999.250 -999.250 -999.250 -999.250 -999.250 -999.250 -999.250 898.420 897.068 869.496 858.432 855.791 874.991 878.736 887.654 890.328 890.794 940.361 983.919 1070.177 1109.206 1188.048 1277.543 1370.668 1398.024 1495.163 1641.597 1791.951 2041.770 2195.936 2319.628 2420.198 2715.473 2790.216 2713.259 2636.679 2512.170 2390.218 2269.181 2117.425 2044.506 1970.050
-999.250 -999.250 -999.250 -999.250 -999.250 -999.250 -999.250 -999.250 -999.250 -999.250 -999.250 -999.250 -999.250 -999.250 -999.250 -999.250 -999.250 -999.250 -999.250 -999.250 -999.250 -999.250 -999.250 -999.250 -999.250 -999.250 -999.250 913.925 899.499 909.020 885.093 892.151 844.860 860.214 897.755 880.383 904.400 892.974 899.937 915.955 1036.488 1045.607 1139.279 1209.510 1286.824 1411.664 1518.391 1638.629 1815.967 2016.840 2127.722 2334.017 2405.210 2795.477 3037.404 2942.198 2689.463 2663.107 2446.516 2375.487 2236.869 2124.890 1914.879
-999.250 -999.250 -999.250 -999.250 -999.250 -999.250 -999.250 -999.250 -999.250 -999.250 -999.250 -999.250 -999.250 -999.250 -999.250 -999.250 -999.250 -999.250 -999.250 -999.250 -999.250 -999.250 -999.250 -999.250 -999.250 -999.250 -999.250 968.681 923.395 913.820 927.109 861.108 871.137 860.123 866.351 889.589 892.514 899.283 923.740 960.263 1024.297 1038.560 1122.802 1171.538 1269.440 1373.751 1474.773 1562.982 1713.202 1968.276 2086.387 2199.585 2395.887 2999.419 3156.075 3011.200 2789.856 2600.093 2489.995 2404.363 2295.977 2126.286 1951.524
-999.250 -999.250 -999.250 -999.250 -999.250 -999.250 -999.250 -999.250 -999.250 -999.250 -999.250 -999.250 -999.250 -999.250 -999.250 -999.250 -999.250 -999.250 -999.250 -999.250 -999.250 -999.250 -999.250 -999.250 -999.250 -999.250 -999.250 933.707 869.711 892.773 917.515 894.419 898.451 864.010 868.747 866.460 857.042 887.492 901.457 940.629 1006.137 1085.069 1118.252 1186.143 1267.473 1371.049 1452.481 1560.927 1701.715 1905.852 2012.774 2105.652 2295.000 2500.118 2843.864 2689.454 2526.253 2546.420 2555.264 2505.844 2385.570 2226.263 2177.101
-999.250 -999.250 -999.250 -999.250 -999.250 -999.250 -999.250 -999.250 -999.250 -999.250 -999.250 -999.250 -999.250 -999.250 -999.250 -999.250 -999.250 -999.250 -999.250 -999.250 -999.250 -999.250 -999.250 -999.250 -999.250 -999.250 -999.250 941.899 889.237 881.600 854.512 879.172 845.805 844.547 836.044 836.727 859.167 875.066 873.357 898.823 956.806 1069.177 1089.549 1196.773 1230.889 1308.414 1378.720 1506.074 1654.604 1786.313 1939.437 1985.754 2140.375 2236.583 2209.187 2266.987 2290.688 2467.297 2745.329 2783.768 2673.290 2636.822 2420.596
-999.250 -999.250 -999.250 -999.250 -999.250 -999.250 -999.250 -999.250 -999.250 -999.250 -999.250 -999.250 -999.250 -999.250 -999.250 -999.250 -999.250 -999.250 -999.250 -999.250 -999.250 -999.250 -999.250 -999.250 -999.250 -999.250 -999.250 -999.250 917.615 915.235 865.558 858.962 848.910 831.582 822.654 806.495 840.971 860.551 872.380 935.916 1005.577 1020.245 1117.067 1150.622 1211.258 1328.351 1418.383 1510.530 1548.187 1676.501 1808.194 1907.908 1970.828 1906.158 1980.743 2002.715 2085.900 2271.341 2712.375 3036.558 3135.980 3050.033 2764.037
-999.250 -999.250 -999.250 -999.250 -999.250 -999.250 -999.250 -999.250 -999.250 -999.250 -999.250 -999.250 -999.250 -999.250 -999.250 -999.250 -999.250 -999.250 -999.250 -999.250 -999.250 -999.250 -999.250 -999.250 -999.250 -999.250 -999.250 -999.250 953.461 923.941 877.234 860.616 810.141 807.267 789.352 806.770 829.272 853.128 882.791 928.562 952.714 1034.482 1085.689 1103.551 1225.614 1303.865 1387.886 1416.974 1528.682 1545.130 1640.713 1675.540 1685.525 1568.241 1480.557 1517.299 1665.670 2042.280 2368.514 3012.338 3442.838 3180.955 2863.013
