data/medianmodel_07-Apr-2020.asc
ncols	141
nrows	288
xllcorner	-120191.398
yllcorner	-301404.813
cellsize	2000.000
NODATA_value	-999.250
[rows 150 to 179 of 288, columns 68 to 135 of 141]
13.315 9.762 9.156 11.433 9.596 9.400 12.855 13.341 9.541 8.842 7.287 10.492 9.432 10.981 7.992 9.414 11.022 9.199 8.952 8.005 10.563 11.926 14.441 18.459 19.703 23.751 22.680 -999.250 -999.250 -999.250 -999.250 -999.250 -999.250 -999.250 -999.250 -999.250 -999.250 -999.250 -999.250 -999.250 -999.250 -999.250 -999.250 -999.250 -999.250 -999.250 -999.250 -999.250 -999.250 -999.250 -999.250 -999.250 -999.250 -999.250 -999.250 -999.250 -999.250 -999.250 -999.250 -999.250 -999.250 -999.250 -999.250 -999.250 -999.250 -999.250 -999.250 -999.250
12.399 13.226 11.929 11.000 10.285 14.314 13.108 10.627 8.458 4.498 5.748 10.487 10.082 10.089 6.653 7.061 8.966 7.324 8.484 9.497 12.161 16.537 18.881 24.378 22.084 24.689 25.861 -999.250 -999.250 -999.250 -999.250 -999.250 -999.250 -999.250 -999.250 -999.250 -999.250 -999.250 -999.250 -999.250 -999.250 -999.250 -999.250 -999.250 -999.250 -999.250 -999.250 -999.250 -999.250 -999.250 -999.250 -999.250 -999.250 -999.250 -999.250 -999.250 -999.250 -999.250 -999.250 -999.250 -999.250 -999.250 -999.250 -999.250 -999.250 -999.250 -999.250 -999.250
13.721 12.037 9.869 14.543 10.280 11.142 10.080 8.570 7.562 8.336 7.608 8.171 8.957 8.917 8.998 6.316 8.829 9.046 10.589 10.762 16.432 20.561 22.726 25.098 30.379 28.220 27.960 -999.250 -999.250 -999.250 -999.250 -999.250 -999.250 -999.250 -999.250 -999.250 -999.250 -999.250 -999.250 -999.250 -999.250 -999.250 -999.250 -999.250 -999.250 -999.250 -999.250 -999.250 -999.250 -999.250 -999.250 -999.250 -999.250 -999.250 -999.250 -999.250 -999.250 -999.250 -999.250 -999.250 -999.250 -999.250 -999.250 -999.250 -999.250 -999.250 -999.250 -999.250
13.886 12.297 11.862 12.544 14.591 11.951 10.840 10.575 9.543 9.668 8.931 10.874 9.147 10.608 10.545 7.920 10.396 9.870 11.454 15.519 18.776 21.773 24.732 30.078 33.130 30.043 30.881 -999.250 -999.250 -999.250 -999.250 -999.250 -999.250 -999.250 -999.250 -999.250 -999.250 -999.250 -999.250 -999.250 -999.250 -999.250 -999.250 -999.250 -999.250 -999.250 -999.250 -999.250 -999.250 -999.250 -999.250 -999.250 -999.250 -999.250 -999.250 -999.250 -999.250 -999.250 -999.250 -999.250 -999.250 -999.250 -999.250 -999.250 -999.250 -999.250 -999.250 -999.250
14.097 13.814 10.409 13.259 13.814 11.826 11.388 12.140 12.174 10.841 10.129 11.138 11.033 9.821 8.782 10.212 8.781 10.842 11.366 15.316 17.306 19.896 22.817 30.668 33.278 34.570 30.893 -999.250 -999.250 -999.250 -999.250 -999.250 -999.250 -999.250 -999.250 -999.250 -999.250 -999.250 -999.250 -999.250 -999.250 -999.250 -999.250 -999.250 -999.250 -999.250 -999.250 -999.250 -999.250 -999.250 -999.250 -999.250 -999.250 -999.250 -999.250 -999.250 -999.250 -999.250 -999.250 -999.250 -999.250 -999.250 -999.250 -999.250 -999.250 -999.250 -999.250 -999.250
16.124 13.194 11.128 11.804 13.878 14.250 10.068 9.242 10.729 8.405 10.052 9.436 6.217 8.012 6.410 7.562 9.356 13.377 12.591 12.613 13.598 20.232 20.929 27.759 29.080 32.093 35.650 -999.250 -999.250 -999.250 -999.250 -999.250 -999.250 -999.250 -999.250 -999.250 -999.250 -999.250 -999.250 -999.250 -999.250 -999.250 -999.250 -999.250 -999.250 -999.250 -999.250 -999.250 -999.250 -999.250 -999.250 -999.250 -999.250 -999.250 -999.250 -999.250 -999.250 -999.250 -999.250 -999.250 -999.250 -999.250 -999.250 -999.250 -999.250 -999.250 -999.250 -999.250
18.490 16.952 14.229 16.265 11.673 12.240 11.803 11.086 8.490 9.437 8.761 7.964 8.747 7.242 7.451 7.946 6.815 11.635 14.399 14.200 14.568 17.285 23.053 24.915 23.970 28.044 22.818 26.521 -999.250 -999.250 -999.250 -999.250 -999.250 -999.250 -999.250 -999.250 -999.250 -999.250 -999.250 -999.250 -999.250 -999.250 -999.250 -999.250 -999.250 -999.250 -999.250 -999.250 -999.250 -999.250 -999.250 -999.250 -999.250 -999.250 -999.250 -999.250 -999.250 -999.250 -999.250 -999.250 -999.250 -999.250 -999.250 -999.250 -999.250 -999.250 -999.250 -999.250
15.852 15.816 16.987 14.949 13.340 12.982 12.796 11.672 9.671 10.032 9.618 9.812 9.853 8.561 5.526 3.841 6.229 8.611 12.776 13.264 13.930 14.342 16.224 18.766 23.305 22.951 23.073 22.829 18.961 -999.250 -999.250 -999.250 -999.250 -999.250 -999.250 -999.250 -999.250 -999.250 -999.250 -999.250 -999.250 -999.250 -999.250 -999.250 -999.250 -999.250 -999.250 -999.250 -999.250 -999.250 -999.250 -999.250 -999.250 -999.250 -999.250 -999.250 -999.250 -999.250 -999.250 -999.250 -999.250 -999.250 -999.250 -999.250 -999.250 -999.250 -999.250 -999.250
12.284 15.211 13.635 15.172 13.017 13.060 13.431 10.470 11.653 10.163 10.347 10.298 7.074 4.162 4.166 0.000 4.635 10.077 10.841 10.851 12.344 12.167 9.020 17.543 20.587 21.832 23.566 18.720 20.319 17.781 -999.250 -999.250 -999.250 -999.250 -999.250 -999.250 -999.250 -999.250 -999.250 -999.250 -999.250 -999.250 -999.250 -999.250 -999.250 -999.250 -999.250 -999.250 -999.250 -999.250 -999.250 -999.250 -999.250 -999.250 -999.250 -999.250 -999.250 -999.250 -999.250 -999.250 -999.250 -999.250 -999.250 -999.250 -999.250 -999.250 -999.250 -999.250
11.390 14.460 13.571 15.566 15.484 11.931 12.788 13.019 12.177 15.194 11.126 10.081 7.792 7.756 3.774 1.523 6.568 10.151 12.529 12.706 9.726 10.334 10.583 17.018 19.494 21.535 21.545 21.451 20.415 17.016 -999.250 -999.250 -999.250 -999.250 -999.250 -999.250 -999.250 -999.250 -999.250 -999.250 -999.250 -999.250 -999.250 -999.250 -999.250 -999.250 -999.250 -999.250 -999.250 -999.250 -999.250 -999.250 -999.250 -999.250 -999.250 -999.250 -999.250 -999.250 -999.250 -999.250 -999.250 -999.250 -999.250 -999.250 -999.250 -999.250 -999.250 -999.250
14.797 14.832 14.944 15.044 14.336 13.783 11.300 11.247 14.236 11.509 11.182 10.458 8.545 4.206 6.815 6.874 5.970 8.790 12.046 7.619 10.494 12.912 12.738 17.995 16.376 19.079 20.795 19.616 21.232 18.335 -999.250 -999.250 -999.250 -999.250 -999.250 -999.250 -999.250 -999.250 -999.250 -999.250 -999.250 -999.250 -999.250 -999.250 -999.250 -999.250 -999.250 -999.250 -999.250 -999.250 -999.250 -999.250 -999.250 -999.250 -999.250 -999.250 -999.250 -999.250 -999.250 -999.250 -999.250 -999.250 -999.250 -999.250 -999.250 -999.250 -999.250 -999.250
18.895 14.235 17.884 17.628 14.034 11.038 11.594 14.212 13.239 11.451 9.841 10.244 7.490 4.288 7.852 6.313 8.924 9.598 9.493 10.112 11.845 11.476 11.934 13.826 17.298 17.890 17.297 19.696 18.998 18.885 -999.250 -999.250 -999.250 -999.250 -999.250 -999.250 -999.250 -999.250 -999.250 -999.250 -999.250 -999.250 -999.250 -999.250 -999.250 -999.250 -999.250 -999.250 -999.250 -999.250 -999.250 -999.250 -999.250 -999.250 -999.250 -999.250 -999.250 -999.250 -999.250 -999.250 -999.250 -999.250 -999.250 -999.250 -999.250 -999.250 -999.250 -999.250
14.988 14.527 13.790 17.718 16.460 14.844 11.833 12.308 12.375 10.816 11.788 5.128 5.739 3.090 6.018 7.767 9.849 8.942 7.577 10.508 11.565 13.310 13.642 16.185 19.430 19.645 19.157 18.274 19.076 16.399 -999.250 -999.250 -999.250 -999.250 -999.250 -999.250 -999.250 -999.250 -999.250 -999.250 -999.250 -999.250 -999.250 -999.250 -999.250 -999.250 -999.250 -999.250 -999.250 -999.250 -999.250 -999.250 -999.250 -999.250 -999.250 -999.250 -999.250 -999.250 -999.250 -999.250 -999.250 -999.250 -999.250 -999.250 -999.250 -999.250 -999.250 -999.250
14.517 13.744 16.682 18.465 13.204 12.820 12.909 10.966 12.086 9.606 10.220 7.537 2.948 0.000 2.517 8.727 8.832 10.864 11.248 11.220 9.957 11.631 12.232 18.166 18.607 18.456 19.226 20.869 20.548 13.676 15.688 -999.250 -999.250 -999.250 -999.250 -999.250 -999.250 -999.250 -999.250 -999.250 -999.250 -999.250 -999.250 -999.250 -999.250 -999.250 -999.250 -999.250 -999.250 -999.250 -999.250 -999.250 -999.250 -999.250 -999.250 -999.250 -999.250 -999.250 -999.250 -999.250 -999.250 -999.250 -999.250 -999.250 -999.250 -999.250 -999.250 -999.250
12.623 12.867 11.838 15.732 14.532 10.331 7.524 11.840 10.936 10.309 10.265 9.934 5.744 3.955 6.540 8.201 12.203 13.875 11.425 12.272 12.624 13.076 15.335 16.104 16.973 15.939 18.627 19.975 18.398 16.091 12.423 15.435 -999.250 -999.250 -999.250 -999.250 -999.250 -999.250 -999.250 -999.250 -999.250 -999.250 -999.250 -999.250 -999.250 -999.250 -999.250 -999.250 -999.250 -999.250 -999.250 -999.250 -999.250 -999.250 -999.250 -999.250 -999.250 -999.250 -999.250 -999.250 -999.250 -999.250 -999.250 -999.250 -999.250 -999.250 -999.250 -999.250
16.449 13.216 10.734 13.177 12.077 12.268 12.259 11.727 12.071 11.658 9.704 8.925 9.458 7.887 6.590 8.777 10.467 10.163 12.421 14.877 12.461 14.329 13.994 15.347 14.645 14.991 14.829 17.662 16.517 11.533 11.477 9.337 9.162 11.795 7.714 -999.250 -999.250 -999.250 -999.250 -999.250 -999.250 -999.250 -999.250 -999.250 -999.250 -999.250 -999.250 -999.250 -999.250 -999.250 -999.250 -999.250 -999.250 -999.250 -999.250 -999.250 -999.250 -999.250 -999.250 -999.250 -999.250 -999.250 -999.250 -999.250 -999.250 -999.250 -999.250 -999.250
14.060 16.884 12.969 12.821 9.926 11.663 11.495 10.745 13.605 12.033 10.760 8.460 8.131 7.334 8.122 8.304 12.225 10.857 13.591 11.720 12.642 12.090 13.204 13.635 15.242 12.692 15.988 15.763 12.822 14.075 11.349 8.287 9.545 9.255 6.116 -999.250 -999.250 -999.250 -999.250 -999.250 -999.250 -999.250 -999.250 -999.250 -999.250 -999.250 -999.250 -999.250 -999.250 -999.250 -999.250 -999.250 -999.250 -999.250 -999.250 -999.250 -999.250 -999.250 -999.250 -999.250 -999.250 -999.250 -999.250 -999.250 -999.250 -999.250 -999.250 -999.250
11.208 11.591 12.381 9.918 13.428 14.162 10.530 10.724 11.660 9.752 7.442 8.549 9.873 7.416 10.132 7.430 10.910 9.773 11.807 9.560 10.003 11.615 9.532 12.521 13.380 12.659 13.149 13.573 13.694 13.580 7.217 7.782 7.343 7.230 -999.250 -999.250 -999.250 -999.250 -999.250 -999.250 -999.250 -999.250 -999.250 -999.250 -999.250 -999.250 -999.250 -999.250 -999.250 -999.250 -999.250 -999.250 -999.250 -999.250 -999.250 -999.250 -999.250 -999.250 -999.250 -999.250 -999.250 -999.250 -999.250 -999.250 -999.250 -999.250 -999.250 -999.250
11.665 9.844 10.355 8.145 10.720 13.299 12.479 10.737 7.266 10.397 10.064 9.507 10.204 9.131 10.983 9.553 10.824 9.965 11.468 9.925 11.815 11.588 10.235 12.033 13.014 12.378 10.620 12.487 9.408 6.345 4.770 6.835 6.654 4.902 -999.250 -999.250 -999.250 6.105 3.364 1.035 -999.250 -999.250 -999.250 -999.250 -999.250 -999.250 -999.250 -999.250 -999.250 -999.250 -999.250 -999.250 -999.250 -999.250 -999.250 -999.250 -999.250 -999.250 -999.250 -999.250 -999.250 -999.250 -999.250 -999.250 -999.250 -999.250 -999.250 -999.250
12.343 7.785 3.206 4.397 9.383 11.818 10.497 9.473 9.474 10.663 8.950 7.200 2.288 7.354 9.987 10.691 11.255 10.841 11.730 9.940 11.207 8.281 9.580 11.027 10.723 11.409 11.224 7.604 8.157 5.224 0.000 2.200 6.123 6.856 7.349 7.117 8.749 6.537 4.455 0.928 2.863 -999.250 -999.250 -999.250 -999.250 -999.250 -999.250 -999.250 -999.250 -999.250 -999.250 -999.250 -999.250 -999.250 -999.250 -999.250 -999.250 -999.250 -999.250 -999.250 -999.250 -999.250 -999.250 -999.250 -999.250 -999.250 -999.250 -999.250
7.790 5.477 0.000 4.859 11.594 13.100 8.606 8.540 10.404 8.456 8.892 4.550 0.000 6.098 9.314 10.944 11.264 8.399 10.334 10.911 7.093 5.737 9.483 8.720 7.572 9.590 10.250 10.141 8.835 8.438 0.654 3.867 3.896 5.325 8.144 8.616 7.353 4.261 5.828 0.000 1.865 1.172 -999.250 -999.250 -999.250 -999.250 -999.250 -999.250 -999.250 -999.250 -999.250 -999.250 -999.250 -999.250 -999.250 -999.250 -999.250 -999.250 -999.250 -999.250 -999.250 -999.250 -999.250 -999.250 -999.250 -999.250 -999.250 -999.250
9.552 6.397 4.792 8.210 11.267 10.460 11.228 9.444 9.747 9.090 8.163 4.534 3.043 4.141 7.926 11.367 10.876 11.774 11.359 9.647 10.047 7.890 6.621 4.769 6.826 7.551 9.784 12.074 7.481 8.616 8.772 6.317 7.262 7.364 6.026 8.345 5.457 5.088 6.630 5.780 2.899 4.284 -999.250 -999.250 -999.250 -999.250 -999.250 -999.250 -999.250 -999.250 -999.250 -999.250 -999.250 -999.250 -999.250 -999.250 -999.250 -999.250 -999.250 -999.250 -999.250 -999.250 -999.250 -999.250 -999.250 -999.250 -999.250 -999.250
9.866 7.077 8.051 7.399 9.649 12.517 13.833 10.975 10.637 11.055 11.176 6.994 5.925 8.266 10.916 9.974 13.390 12.945 11.843 10.855 10.456 7.155 4.541 0.000 2.496 8.755 7.972 8.608 9.686 8.243 7.948 10.851 7.967 8.622 7.330 7.325 5.027 6.388 5.789 7.242 7.860 6.516 -999.250 -999.250 -999.250 -999.250 -999.250 -999.250 -999.250 -999.250 -999.250 -999.250 -999.250 -999.250 -999.250 -999.250 -999.250 -999.250 -999.250 -999.250 -999.250 -999.250 -999.250 -999.250 -999.250 -999.250 -999.250 -999.250
11.052 10.610 10.098 7.853 10.619 9.049 9.921 11.985 13.655 13.977 11.587 7.827 10.666 7.899 9.368 8.953 10.184 10.457 9.411 9.288 13.146 9.333 5.430 7.333 7.694 9.882 11.813 9.929 10.702 9.259 11.819 10.105 9.512 8.937 10.799 9.787 9.394 9.178 7.060 7.396 8.750 7.560 7.375 -999.250 -999.250 -999.250 -999.250 -999.250 -999.250 -999.250 -999.250 -999.250 -999.250 -999.250 -999.250 -999.250 -999.250 -999.250 -999.250 -999.250 -999.250 -999.250 -999.250 -999.250 -999.250 -999.250 -999.250 -999.250
12.520 12.303 13.002 12.672 9.567 8.300 12.633 8.996 10.469 13.320 12.141 10.063 8.655 8.272 9.553 9.341 10.209 12.005 11.391 11.216 12.352 12.352 11.242 10.784 12.420 12.423 16.414 13.515 12.568 12.768 13.132 9.343 8.159 9.595 11.652 13.136 7.213 9.405 9.174 9.164 8.377 6.226 -999.250 -999.250 -999.250 -999.250 -999.250 -999.250 -999.250 -999.250 -999.250 -999.250 -999.250 -999.250 -999.250 -999.250 -999.250 -999.250 -999.250 -999.250 -999.250 -999.250 -999.250 -999.250 -999.250 -999.250 -999.250 -999.250
11.844 12.745 12.763 10.426 10.917 11.499 13.169 10.305 8.886 9.378 8.020 6.788 5.952 6.882 8.968 12.362 9.194 10.743 11.219 13.673 12.888 10.190 11.060 12.186 13.496 15.405 15.760 14.352 14.770 14.435 10.795 11.304 12.804 14.148 11.673 11.031 10.972 10.553 8.463 8.657 7.623 -999.250 -999.250 -999.250 -999.250 -999.250 -999.250 -999.250 -999.250 -999.250 -999.250 -999.250 -999.250 -999.250 -999.250 -999.250 -999.250 -999.250 -999.250 -999.250 -999.250 -999.250 -999.250 -999.250 -999.250 -999.250 -999.250 -999.250
12.385 12.639 11.885 12.794 15.876 14.619 13.681 11.527 11.166 8.428 7.378 0.000 5.140 8.379 8.717 8.223 11.142 12.398 12.660 14.355 14.271 12.225 12.319 13.733 14.359 13.807 15.704 16.837 14.610 13.947 14.321 11.580 12.372 12.863 11.429 11.860 12.039 10.059 12.234 7.701 6.565 -999.250 -999.250 -999.250 -999.250 -999.250 -999.250 -999.250 -999.250 -999.250 -999.250 -999.250 -999.250 -999.250 -999.250 -999.250 -999.250 -999.250 -999.250 -999.250 -999.250 -999.250 -999.250 -999.250 -999.250 -999.250 -999.250 -999.250
11.481 14.080 12.006 13.205 15.073 13.181 13.565 13.129 11.182 8.163 7.967 6.071 4.552 6.455 8.684 9.232 9.712 13.377 12.159 14.678 15.162 13.144 14.296 14.319 17.457 15.110 14.700 13.705 16.012 15.025 11.597 12.673 12.476 13.068 10.819 10.506 14.381 13.258 10.745 9.109 -999.250 -999.250 -999.250 -999.250 -999.250 -999.250 -999.250 -999.250 -999.250 -999.250 -999.250 -999.250 -999.250 -999.250 -999.250 -999.250 -999.250 -999.250 -999.250 -999.250 -999.250 -999.250 -999.250 -999.250 -999.250 -999.250 -999.250 -999.250
10.960 13.096 13.446 15.201 12.250 13.377 13.419 13.431 11.960 14.594 12.460 7.342 9.672 13.433 8.736 9.067 11.664 13.058 13.308 14.525 13.591 13.278 13.088 13.884 16.201 17.140 17.093 16.690 15.696 13.680 14.429 14.012 13.905 13.062 11.318 14.434 13.831 12.656 11.444 8.274 -999.250 -999.250 -999.250 -999.250 -999.250 -999.250 -999.250 -999.250 -999.250 -999.250 -999.250 -999.250 -999.250 -999.250 -999.250 -999.250 -999.250 -999.250 -999.250 -999.250 -999.250 -999.250 -999.250 -999.250 -999.250 -999.250 -999.250 -999.250
10.432 14.479 14.010 13.551 12.360 12.981 15.742 12.975 9.953 12.433 13.009 13.215 9.612 11.561 11.585 9.597 9.606 11.585 9.342 13.196 12.348 16.291 10.278 13.788 17.922 18.393 14.021 14.952 12.924 13.454 10.589 17.235 15.340 14.881 13.678 14.581 14.195 15.353 11.993 -999.250 -999.250 -999.250 -999.250 -999.250 -999.250 -999.250 -999.250 -999.250 -999.250 -999.250 -999.250 -999.250 -999.250 -999.250 -999.250 -999.250 -999.250 -999.250 -999.250 -999.250 -999.250 -999.250 -999.250 -999.250 -999.250 -999.250 -999.250 -999.250
