data/medianmodel_20-Mar-2020.asc
ncols	141
nrows	288
xllcorner	-120191.398
yllcorner	-301404.813
cellsize	2000.000
NODATA_value	-999.250
[rows 31 to 61 of 288, columns 70 to 139 of 141]
0.000 0.000 0.000 0.000 0.000 0.000 0.000 0.000 0.000 0.000 0.000 0.000 0.000 0.000 0.000 0.000 0.000 0.000 0.000 0.000 0.000 0.000 0.290 0.519 2.144 3.439 4.463 5.520 6.312 7.576 8.989 8.855 10.237 9.348 9.919 10.467 10.825 11.372 11.232 12.254 10.716 11.413 9.903 10.718 10.219 7.605 9.069 8.022 7.961 5.895 6.912 4.372 3.457 3.272 3.751 0.663 0.000 0.000 0.000 0.000 0.000 0.000 0.000 0.000 0.000 0.000 0.000 0.000 0.071 1.217
0.000 0.000 0.000 0.000 0.000 0.000 0.000 0.000 0.000 0.000 0.000 0.000 0.000 0.000 0.000 0.000 0.000 0.000 0.000 0.000 0.000 0.000 0.554 2.526 3.104 3.867 5.258 6.957 9.417 10.364 10.329 8.806 10.107 9.112 9.873 10.677 11.766 11.603 13.327 11.131 10.769 10.510 10.209 11.488 8.752 9.595 7.489 8.206 8.091 7.425 5.234 4.507 4.545 4.420 2.447 0.575 0.000 0.000 0.000 0.000 0.000 0.000 0.000 0.000 0.000 0.000 0.000 0.000 0.026 1.264
0.000 0.000 0.000 0.000 0.000 0.000 0.000 0.000 0.000 0.000 0.000 0.000 0.000 0.000 0.000 0.000 0.000 0.000 0.000 0.000 0.000 1.265 1.859 3.325 4.137 4.920 5.806 7.627 9.001 10.642 11.630 11.232 9.598 9.426 8.815 9.835 9.552 11.489 13.778 10.880 11.105 10.960 10.229 10.322 9.206 9.017 6.441 7.302 6.084 6.544 5.456 3.939 3.290 3.201 1.925 0.000 0.000 0.000 0.000 0.000 0.000 0.000 0.000 0.000 0.000 0.000 0.000 0.000 0.656 -999.250
0.000 0.000 0.000 0.000 0.000 0.000 0.000 0.000 0.000 0.000 0.000 0.000 0.000 0.000 0.000 0.000 0.000 0.000 0.000 0.000 1.469 1.878 2.357 4.235 4.346 6.095 6.037 7.846 10.578 11.221 11.814 10.094 9.948 8.331 10.320 9.701 9.803 10.396 11.164 9.927 10.363 10.854 9.255 9.104 7.585 6.818 7.109 5.997 4.214 4.594 4.192 2.900 2.130 1.426 1.325 0.536 0.000 0.000 0.000 0.000 0.000 0.000 0.000 0.000 0.000 0.000 0.000 0.000 -999.250 -999.250
0.000 0.000 0.000 0.000 0.000 0.000 0.000 0.000 0.000 0.000 0.000 0.000 0.000 0.000 0.000 0.000 0.000 0.000 0.000 0.000 0.462 2.911 3.451 3.277 4.683 6.245 7.806 9.773 10.848 12.404 12.311 11.044 10.691 8.822 8.952 10.033 9.802 9.909 8.415 8.480 9.593 8.154 8.932 9.013 7.686 7.258 6.108 4.524 3.981 4.380 4.095 3.239 2.994 1.022 1.285 0.487 0.196 0.000 0.000 0.000 0.000 0.000 0.000 0.000 0.000 0.000 0.000 -999.250 -999.250 -999.250
0.000 0.000 0.000 0.000 0.000 0.000 0.174 0.000 0.474 0.303 0.000 0.000 0.000 0.000 0.000 0.000 0.000 0.000 0.000 0.000 0.823 2.327 3.756 5.037 4.476 6.594 7.680 9.145 10.840 13.791 12.773 11.488 10.168 9.113 10.049 11.611 9.259 7.133 7.645 8.192 8.725 7.835 7.653 8.155 6.091 5.691 5.127 3.911 2.205 4.133 3.287 3.503 2.171 2.061 1.108 0.336 0.051 0.178 0.000 0.000 0.000 0.000 0.000 0.000 0.000 0.000 0.572 -999.250 -999.250 -999.250
0.000 0.000 0.000 0.000 0.311 0.574 0.733 1.840 1.895 1.184 0.000 0.000 0.000 0.000 0.000 0.000 0.000 0.000 0.000 0.000 0.882 1.959 2.672 3.779 4.430 5.498 6.425 8.239 10.092 10.986 10.915 10.582 9.117 8.668 9.498 8.028 8.525 8.387 7.544 7.559 6.650 7.471 6.262 6.073 6.032 4.004 4.895 3.865 4.070 3.002 2.888 1.954 2.004 1.221 0.763 0.702 0.318 0.328 0.000 0.000 0.000 0.000 0.461 0.000 0.000 0.078 -999.250 -999.250 -999.250 -999.250
0.000 0.000 0.000 0.000 0.272 0.366 1.082 0.435 0.830 1.159 0.449 0.202 0.000 0.000 0.000 0.000 0.000 0.000 0.000 0.000 0.232 2.036 2.478 3.635 4.867 5.009 5.242 6.921 9.317 9.250 9.183 9.291 8.318 9.006 7.889 8.085 8.866 8.325 7.006 5.975 5.936 6.175 4.817 5.102 4.462 4.245 4.081 3.863 3.263 2.828 1.965 2.865 3.072 2.210 0.378 0.692 1.897 0.000 0.000 0.018 0.457 0.285 0.508 0.242 0.656 2.131 -999.250 -999.250 -999.250 -999.250
0.000 0.000 0.880 2.244 0.729 1.230 1.655 1.470 1.056 1.875 0.861 0.939 0.000 0.000 0.000 0.000 0.000 0.000 0.000 0.000 0.000 2.185 3.429 4.231 4.747 4.865 5.327 7.112 8.859 8.338 8.518 9.315 8.926 7.756 8.458 7.639 6.735 6.363 5.234 5.194 4.462 5.526 3.985 3.255 5.345 4.764 4.667 2.873 2.889 3.300 2.541 2.201 2.998 1.988 1.233 1.462 1.784 0.352 0.454 0.553 0.839 0.877 0.176 0.877 1.415 2.071 -999.250 -999.250 -999.250 -999.250
0.000 0.334 0.705 1.252 1.570 2.269 2.181 1.806 1.802 0.940 0.073 0.000 0.000 0.000 0.000 0.000 0.000 0.000 0.000 0.000 0.074 0.984 3.823 4.273 4.416 4.829 5.585 6.444 7.884 7.073 7.782 7.710 8.103 6.761 6.128 5.678 4.893 5.150 4.196 3.995 3.295 3.536 2.643 3.122 3.341 3.623 4.002 3.349 3.058 2.804 1.662 2.569 2.081 2.218 1.302 1.016 0.738 0.527 0.356 0.983 1.480 1.644 0.387 1.051 1.160 -999.250 -999.250 -999.250 -999.250 -999.250
0.000 0.073 0.253 0.351 2.347 2.571 2.412 2.224 2.018 1.479 0.266 0.292 0.000 0.000 0.000 0.000 0.000 0.000 0.000 0.000 0.897 1.722 2.002 3.890 4.587 5.039 5.581 5.978 5.858 6.341 5.005 6.247 5.423 4.028 3.978 3.917 3.532 3.499 2.579 3.396 2.718 2.335 2.058 2.544 3.152 3.395 3.616 3.141 2.873 2.798 1.357 2.038 2.641 2.126 1.362 0.662 1.233 2.009 2.095 1.679 1.547 2.136 1.106 2.236 1.977 2.276 -999.250 -999.250 -999.250 -999.250
0.000 0.100 0.733 1.099 2.570 1.965 2.699 2.371 1.906 1.455 0.721 1.218 0.337 0.000 0.000 0.000 0.000 0.000 0.000 0.000 0.628 2.108 1.408 2.603 3.605 3.451 4.385 5.641 4.716 4.546 5.477 3.572 3.269 2.818 2.662 2.492 1.593 1.179 0.951 1.370 0.230 1.268 1.082 1.907 2.189 2.418 2.689 1.289 2.410 1.339 1.676 2.342 2.092 1.667 0.696 1.347 1.029 1.493 1.964 1.448 1.385 1.804 -999.250 -999.250 -999.250 -999.250 -999.250 -999.250 -999.250 -999.250
0.000 0.515 0.883 1.061 1.851 1.724 3.149 3.142 2.752 1.724 1.195 0.642 0.253 0.440 0.167 0.000 0.000 0.000 0.000 0.000 0.436 1.260 2.168 1.970 2.666 2.656 4.039 4.651 3.731 3.368 3.214 1.882 2.100 1.894 0.385 0.031 0.000 0.000 0.000 0.000 0.000 0.000 0.000 0.044 1.024 0.768 1.895 0.865 1.651 0.534 0.840 1.530 0.892 1.403 1.104 1.006 0.976 2.185 2.415 1.814 1.160 2.041 2.649 -999.250 -999.250 -999.250 -999.250 -999.250 -999.250 -999.250
0.000 0.000 0.703 1.444 2.149 3.021 3.072 3.203 3.276 2.707 1.180 1.605 1.361 0.521 0.000 0.000 0.000 0.000 0.000 0.329 0.416 0.955 1.564 1.377 1.842 3.869 2.299 1.680 1.891 2.091 2.750 2.619 1.346 0.539 0.000 0.000 0.000 0.000 0.000 0.000 0.000 0.000 0.000 0.000 0.000 0.000 0.000 0.249 0.919 0.000 0.000 0.000 0.000 1.069 0.812 1.025 0.187 1.653 2.853 2.610 3.165 -999.250 -999.250 -999.250 -999.250 -999.250 -999.250 -999.250 -999.250 -999.250
0.000 0.595 1.431 1.725 2.337 3.460 3.060 2.984 3.068 1.850 1.551 2.012 0.968 0.827 0.000 0.000 0.000 0.000 0.000 0.000 0.000 0.836 0.143 0.760 0.582 1.288 2.050 1.668 1.392 0.636 1.336 1.089 0.000 0.005 0.000 0.000 0.000 0.000 0.000 0.000 0.000 0.000 0.000 0.000 0.000 0.000 0.000 0.632 0.443 0.000 0.000 0.000 0.000 0.000 0.921 1.480 1.806 2.383 2.369 1.846 2.405 -999.250 -999.250 -999.250 -999.250 -999.250 -999.250 -999.250 -999.250 -999.250
0.000 0.236 0.733 2.528 2.884 3.508 4.003 3.858 2.463 3.370 2.425 1.366 0.168 0.000 0.000 0.000 0.000 0.000 0.000 0.000 0.000 0.000 0.000 0.000 0.555 0.823 0.767 0.431 1.196 0.000 0.000 0.000 0.000 0.000 0.000 0.000 0.000 0.000 0.000 0.000 0.000 0.000 0.000 0.000 0.000 0.000 0.000 0.000 0.000 0.000 0.000 0.000 0.000 0.000 0.000 0.464 0.677 1.170 1.707 1.335 -999.250 -999.250 -999.250 -999.250 -999.250 -999.250 -999.250 -999.250 -999.250 -999.250
0.000 0.031 0.301 1.490 2.298 2.957 3.697 2.601 2.669 2.555 2.261 1.404 0.210 0.000 0.000 0.000 0.000 0.000 0.000 0.000 0.000 0.000 0.000 0.000 0.000 0.000 0.080 0.248 0.164 0.000 0.000 0.000 0.000 0.000 0.000 0.000 0.000 0.000 0.000 0.000 0.000 0.000 0.000 0.000 0.000 0.000 0.000 0.000 0.000 0.000 0.000 0.000 0.000 0.217 0.000 0.420 0.770 1.399 -999.250 -999.250 -999.250 -999.250 -999.250 -999.250 -999.250 -999.250 -999.250 -999.250 -999.250 -999.250
0.000 0.000 0.074 0.631 1.717 1.899 1.492 2.817 1.949 1.949 1.970 0.450 0.000 0.000 0.000 0.000 0.000 0.000 0.000 0.000 0.000 0.000 0.000 0.000 0.000 0.000 0.000 0.000 0.000 0.000 0.000 0.000 0.000 0.000 0.000 0.000 0.000 0.000 0.000 0.000 0.000 0.000 0.000 0.000 0.000 0.000 0.000 0.000 0.000 0.000 0.000 0.000 0.000 0.000 0.000 0.021 0.313 0.573 -999.250 -999.250 -999.250 -999.250 -999.250 -999.250 -999.250 -999.250 -999.250 -999.250 -999.250 -999.250
0.000 0.000 0.000 0.000 1.214 1.601 1.236 2.060 2.383 1.838 1.501 0.210 0.000 0.000 0.000 0.000 0.000 0.000 0.000 0.000 0.000 0.000 0.000 0.000 0.000 0.000 0.000 0.000 0.000 0.000 0.000 0.000 0.000 0.000 0.000 0.000 0.000 0.000 0.000 0.000 0.000 0.000 0.000 0.000 0.000 0.000 0.000 0.000 0.000 0.000 0.000 0.000 0.464 -999.250 0.000 0.000 -999.250 -999.250 -999.250 -999.250 -999.250 -999.250 -999.250 -999.250 -999.250 -999.250 -999.250 -999.250 -999.250 -999.250
0.000 0.000 0.000 0.000 0.638 0.949 1.373 0.861 1.408 1.098 0.627 0.226 0.000 0.000 0.000 0.000 0.000 0.000 0.000 0.000 0.000 0.000 0.000 0.000 0.000 0.000 0.000 0.000 0.000 0.000 0.000 0.000 0.000 0.000 0.000 0.000 0.000 0.000 0.000 0.000 0.000 0.000 0.000 0.000 0.000 0.000 0.000 0.000 0.000 0.000 0.000 -999.250 -999.250 -999.250 -999.250 -999.250 -999.250 -999.250 -999.250 -999.250 -999.250 -999.250 -999.250 -999.250 -999.250 -999.250 -999.250 -999.250 -999.250 -999.250
0.000 0.000 0.000 0.000 0.000 0.968 0.675 1.559 0.847 1.215 0.877 0.000 0.000 0.000 0.000 0.000 0.000 0.000 0.000 0.000 0.000 0.000 0.000 0.000 0.000 0.000 0.000 0.000 0.000 0.000 0.000 0.000 0.000 0.000 0.000 0.000 0.000 0.000 0.000 0.000 0.000 0.000 0.000 0.000 0.000 0.000 0.000 0.000 0.000 0.000 -999.250 -999.250 -999.250 -999.250 -999.250 -999.250 -999.250 -999.250 -999.250 -999.250 -999.250 -999.250 -999.250 -999.250 -999.250 -999.250 -999.250 -999.250 -999.250 -999.250
0.000 0.000 0.000 0.000 0.000 0.000 0.000 0.091 0.896 0.137 0.000 0.000 0.000 0.000 0.000 0.000 0.000 0.000 0.000 0.000 0.000 0.000 0.000 0.000 0.000 0.000 0.000 0.000 0.000 0.000 0.000 0.000 0.000 0.000 0.000 0.000 0.000 0.000 0.000 0.000 0.000 0.000 0.000 0.000 0.000 0.000 0.000 0.000 0.000 0.000 -999.250 -999.250 -999.250 -999.250 -999.250 -999.250 -999.250 -999.250 -999.250 -999.250 -999.250 -999.250 -999.250 -999.250 -999.250 -999.250 -999.250 -999.250 -999.250 -999.250
0.000 0.000 0.000 0.000 0.000 0.000 0.000 0.000 0.000 0.000 0.000 0.000 0.000 0.000 0.000 0.000 0.000 0.000 0.000 0.000 0.000 0.000 0.000 0.000 0.000 0.000 0.000 0.000 0.000 0.000 0.000 0.000 0.000 0.000 0.000 0.000 0.000 0.000 0.000 0.000 0.000 0.000 0.000 0.000 0.000 0.000 0.000 0.000 0.000 -999.250 -999.250 -999.250 -999.250 -999.250 -999.250 -999.250 -999.250 -999.250 -999.250 -999.250 -999.250 -999.250 -999.250 -999.250 -999.250 -999.250 -999.250 -999.250 -999.250 -999.250
0.000 0.000 0.000 0.000 0.000 0.000 0.000 0.000 0.000 0.000 0.000 0.000 0.000 0.000 0.000 0.000 0.000 0.000 0.000 0.000 0.000 0.000 0.000 0.000 0.000 0.000 0.000 0.000 0.000 0.000 0.000 0.000 0.000 0.000 0.000 0.000 0.000 0.000 0.000 0.000 0.000 0.000 0.000 0.000 0.000 0.000 0.000 0.000 -999.250 -999.250 -999.250 -999.250 -999.250 -999.250 -999.250 -999.250 -999.250 -999.250 -999.250 -999.250 -999.250 -999.250 -999.250 -999.250 -999.250 -999.250 -999.250 -999.250 -999.250 -999.250
0.000 0.000 0.000 0.000 0.000 0.000 0.000 0.000 0.000 0.000 0.000 0.000 0.000 0.000 0.000 0.000 0.000 0.000 0.000 0.000 0.000 0.000 0.000 0.000 0.000 0.000 0.000 0.000 0.000 0.000 0.000 0.000 0.000 0.000 0.000 0.000 0.000 0.000 0.000 0.000 0.000 0.000 0.000 0.000 0.000 0.000 0.000 0.000 -999.250 -999.250 -999.250 -999.250 -999.250 -999.250 -999.250 -999.250 -999.250 -999.250 -999.250 -999.250 -999.250 -999.250 -999.250 -999.250 -999.250 -999.250 -999.250 -999.250 -999.250 -999.250
0.000 0.000 0.000 0.000 0.000 0.000 0.000 0.000 0.000 0.000 0.000 0.000 0.000 0.000 0.000 0.000 0.000 0.000 0.000 0.000 0.000 0.000 0.000 0.000 0.000 0.000 0.000 0.000 0.000 0.000 0.000 0.000 0.000 0.000 0.000 0.000 0.000 0.000 0.000 0.000 0.000 0.000 0.000 0.000 0.000 0.000 0.000 -999.250 -999.250 -999.250 -999.250 -999.250 -999.250 -999.250 -999.250 -999.250 -999.250 -999.250 -999.250 -999.250 -999.250 -999.250 -999.250 -999.250 -999.250 -999.250 -999.250 -999.250 -999.250 -999.250
0.000 0.000 0.000 0.000 0.000 0.000 0.000 0.000 0.000 0.000 0.000 0.000 0.000 0.000 0.000 0.000 0.000 0.000 0.000 0.000 0.000 0.000 0.000 0.000 0.000 0.000 0.000 0.000 0.000 0.000 0.000 0.000 0.000 0.000 0.016 0.000 0.197 0.000 0.000 0.000 0.000 0.000 0.000 0.000 0.000 0.000 0.000 -999.250 -999.250 -999.250 -999.250 -999.250 -999.250 -999.250 -999.250 -999.250 -999.250 -999.250 -999.250 -999.250 -999.250 -999.250 -999.250 -999.250 -999.250 -999.250 -999.250 -999.250 -999.250 -999.250
0.000 0.000 0.000 0.000 0.000 0.000 0.000 0.000 0.000 0.000 0.000 0.000 0.000 0.000 0.000 0.000 0.000 0.000 0.000 0.000 0.000 0.000 0.000 0.000 0.000 0.000 0.000 0.000 0.000 0.000 0.000 0.000 0.000 0.000 0.449 2.031 0.683 0.537 0.000 0.000 0.000 0.000 0.000 0.000 0.000 0.000 0.000 -999.250 -999.250 -999.250 -999.250 -999.250 -999.250 -999.250 -999.250 -999.250 -999.250 -999.250 -999.250 -999.250 -999.250 -999.250 -999.250 -999.250 -999.250 -999.250 -999.250 -999.250 -999.250 -999.250
0.000 0.000 0.000 0.000 0.000 0.000 0.000 0.000 0.000 0.000 0.000 0.000 0.000 0.000 0.000 0.000 0.000 0.000 0.000 0.000 0.000 0.000 0.000 0.000 0.000 0.000 0.000 0.000 0.000 0.000 0.000 0.000 0.000 0.000 0.000 0.674 0.282 0.614 0.197 0.000 0.000 0.000 0.000 0.000 0.000 0.000 -999.250 -999.250 -999.250 -999.250 -999.250 -999.250 -999.250 -999.250 -999.250 -999.250 -999.250 -999.250 -999.250 -999.250 -999.250 -999.250 -999.250 -999.250 -999.250 -999.250 -999.250 -999.250 -999.250 -999.250
0.000 0.000 0.000 0.000 0.000 0.000 0.000 0.000 0.000 0.000 0.000 0.000 0.000 0.000 0.000 0.000 0.000 0.000 0.000 0.000 0.000 0.000 0.000 0.000 0.000 0.000 0.000 0.000 0.000 0.000 0.000 0.000 0.000 0.000 0.000 0.331 0.642 0.474 0.121 0.000 0.000 0.000 0.000 0.000 0.000 0.000 -999.250 -999.250 -999.250 -999.250 -999.250 -999.250 -999.250 -999.250 -999.250 -999.250 -999.250 -999.250 -999.250 -999.250 -999.250 -999.250 -999.250 -999.250 -999.250 -999.250 -999.250 -999.250 -999.250 -999.250
0.000 0.000 0.000 0.000 0.000 0.000 0.000 0.000 0.000 0.000 0.000 0.000 0.000 0.000 0.559 1.290 1.000 0.110 0.000 0.000 0.000 0.000 0.000 0.000 0.000 0.000 0.000 0.000 0.000 0.000 0.000 0.000 0.000 0.000 0.000 0.129 0.273 0.945 0.000 0.000 0.000 0.000 0.000 0.000 0.000 -999.250 -999.250 -999.250 -999.250 -999.250 -999.250 -999.250 -999.250 -999.250 -999.250 -999.250 -999.250 -999.250 -999.250 -999.250 -999.250 -999.250 -999.250 -999.250 -999.250 -999.250 -999.250 -999.250 -999.250 -999.250
