data/medianmodel_13-Oct-2020.asc
ncols	141
nrows	288
xllcorner	-120191.398
yllcorner	-301404.813
cellsize	2000.000
NODATA_value	-999.250
[rows 0 to 29 of 288, columns 67 to 133 of 141]
-999.250 -999.250 -999.250 -999.250 -999.250 -999.250 -999.250 -999.250 -999.250 -999.250 -999.250 -999.250 -999.250 -999.250 -999.250 -999.250 -999.250 -999.250 -999.250 -999.250 -999.250 -999.250 -999.250 -999.250 -999.250 -999.250 -999.250 -999.250 -999.250 -999.250 -999.250 -999.250 -999.250 -999.250 -999.250 -999.250 -999.250 -999.250 -999.250 -999.250 -999.250 -999.250 -999.250 -999.250 -999.250 -999.250 -999.250 -999.250 -999.250 -999.250 -999.250 -999.250 -999.250 -999.250 -999.250 -999.250 -999.250 -999.250 -999.250 -999.250 -999.250 -999.250 -999.250 -999.250 -999.250 -999.250 -999.250
-999.250 -999.250 -999.250 -999.250 -999.250 -999.250 -999.250 -999.250 -999.250 -999.250 -999.250 -999.250 -999.250 -999.250 -999.250 -999.250 -999.250 -999.250 -999.250 -999.250 -999.250 -999.250 -999.250 -999.250 -999.250 -999.250 -999.250 -999.250 -999.250 -999.250 -999.250 -999.250 -999.250 -999.250 -999.250 -999.250 -999.250 -999.250 -999.250 -999.250 -999.250 -999.250 -999.250 -999.250 -999.250 -999.250 -999.250 -999.250 -999.250 -999.250 -999.250 -999.250 -999.250 -999.250 -999.250 -999.250 -999.250 -999.250 -999.250 -999.250 -999.250 -999.250 -999.250 -999.250 -999.250 -999.250 -999.250
-999.250 -999.250 -999.250 -999.250 -999.250 -999.250 -999.250 -999.250 -999.250 -999.250 -999.250 -999.250 -999.250 -999.250 -999.250 -999.250 -999.250 -999.250 -999.250 -999.250 -999.250 -999.250 -999.250 -999.250 -999.250 -999.250 -999.250 -999.250 -999.250 -999.250 -999.250 -999.250 -999.250 -999.250 -999.250 -999.250 -999.250 -999.250 -999.250 -999.250 -999.250 -999.250 -999.250 -999.250 -999.250 -999.250 -999.250 -999.250 -999.250 -999.250 -999.250 -999.250 -999.250 -999.250 -999.250 -999.250 -999.250 -999.250 -999.250 -999.250 -999.250 -999.250 -999.250 -999.250 -999.250 -999.250 -999.250
-999.250 -999.250 -999.250 -999.250 -999.250 -999.250 -999.250 -999.250 -999.250 -999.250 -999.250 -999.250 -999.250 -999.250 -999.250 -999.250 -999.250 -999.250 -999.250 -999.250 -999.250 -999.250 -999.250 -999.250 -999.250 -999.250 -999.250 -999.250 -999.250 -999.250 -999.250 -999.250 -999.250 -999.250 -999.250 -999.250 -999.250 -999.250 -999.250 -999.250 -999.250 -999.250 -999.250 -999.250 -999.250 -999.250 -999.250 -999.250 -999.250 -999.250 -999.250 -999.250 -999.250 -999.250 -999.250 -999.250 -999.250 -999.250 -999.250 -999.250 -999.250 -999.250 -999.250 -999.250 -999.250 -999.250 -999.250
-999.250 -999.250 -999.250 -999.250 -999.250 -999.250 -999.250 -999.250 -999.250 -999.250 -999.250 -999.250 -999.250 -999.250 -999.250 -999.250 -999.250 -999.250 -999.250 -999.250 -999.250 -999.250 -999.250 -999.250 -999.250 -999.250 -999.250 -999.250 -999.250 -999.250 -999.250 -999.250 -999.250 -999.250 -999.250 -999.250 -999.250 -999.250 -999.250 -999.250 -999.250 -999.250 -999.250 -999.250 -999.250 -999.250 -999.250 -999.250 -999.250 -999.250 -999.250 -999.250 -999.250 -999.250 -999.250 -999.250 -999.250 -999.250 -999.250 -999.250 -999.250 -999.250 -999.250 -999.250 -999.250 -999.250 -999.250
-999.250 -999.250 -999.250 -999.250 -999.250 -999.250 -999.250 -999.250 -999.250 -999.250 -999.250 -999.250 -999.250 -999.250 -999.250 -999.250 -999.250 -999.250 -999.250 -999.250 -999.250 -999.250 -999.250 -999.250 -999.250 -999.250 -999.250 -999.250 -999.250 -999.250 -999.250 -999.250 -999.250 -999.250 -999.250 -999.250 -999.250 -999.250 -999.250 -999.250 -999.250 -999.250 -999.250 -999.250 -999.250 -999.250 -999.250 -999.250 -999.250 -999.250 -999.250 -999.250 -999.250 -999.250 -999.250 -999.250 -999.250 -999.250 -999.250 -999.250 -999.250 -999.250 -999.250 -999.250 -999.250 -999.250 -999.250
-999.250 -999.250 -999.250 -999.250 -999.250 -999.250 -999.250 -999.250 -999.250 -999.250 -999.250 -999.250 -999.250 -999.250 -999.250 -999.250 -999.250 -999.250 -999.250 -999.250 -999.250 -999.250 -999.250 -999.250 -999.250 -999.250 -999.250 -999.250 -999.250 -999.250 -999.250 -999.250 -999.250 -999.250 -999.250 -999.250 -999.250 -999.250 -999.250 -999.250 -999.250 -999.250 -999.250 -999.250 -999.250 -999.250 -999.250 -999.250 -999.250 -999.250 -999.250 -999.250 -999.250 -999.250 -999.250 -999.250 -999.250 -999.250 -999.250 -999.250 -999.250 -999.250 -999.250 -999.250 -999.250 -999.250 -999.250
-999.250 -999.250 -999.250 -999.250 -999.250 -999.250 -999.250 -999.250 -999.250 -999.250 -999.250 -999.250 -999.250 -999.250 -999.250 -999.250 -999.250 -999.250 -999.250 -999.250 -999.250 -999.250 -999.250 -999.250 -999.250 -999.250 -999.250 -999.250 -999.250 -999.250 -999.250 -999.250 -999.250 -999.250 -999.250 -999.250 -999.250 -999.250 -999.250 -999.250 -999.250 -999.250 -999.250 -999.250 -999.250 -999.250 -999.250 -999.250 -999.250 -999.250 -999.250 -999.250 -999.250 -999.250 -999.250 -999.250 -999.250 -999.250 -999.250 -999.250 -999.250 -999.250 -999.250 -999.250 -999.250 -999.250 -999.250
-999.250 -999.250 -999.250 -999.250 -999.250 -999.250 -999.250 -999.250 -999.250 -999.250 -999.250 -999.250 -999.250 -999.250 -999.250 -999.250 -999.250 -999.250 -999.250 -999.250 -999.250 -999.250 -999.250 -999.250 -999.250 -999.250 -999.250 -999.250 -999.250 -999.250 -999.250 -999.250 -999.250 -999.250 -999.250 -999.250 -999.250 -999.250 -999.250 -999.250 -999.250 -999.250 -999.250 -999.250 -999.250 -999.250 -999.250 260.436 -999.250 -999.250 -999.250 -999.250 -999.250 -999.250 -999.250 -999.250 -999.250 -999.250 -999.250 -999.250 -999.250 -999.250 -999.250 -999.250 -999.250 -999.250 -999.250
-999.250 -999.250 -999.250 -999.250 -999.250 -999.250 -999.250 -999.250 -999.250 -999.250 -999.250 -999.250 -999.250 -999.250 -999.250 -999.250 -999.250 -999.250 -999.250 -999.250 -999.250 -999.250 -999.250 -999.250 -999.250 -999.250 -999.250 -999.250 -999.250 -999.250 -999.250 -999.250 166.937 184.109 168.286 179.907 -999.250 -999.250 -999.250 -999.250 200.481 -999.250 -999.250 -999.250 -999.250 -999.250 -999.250 280.773 291.466 -999.250 -999.250 -999.250 -999.250 -999.250 -999.250 -999.250 -999.250 -999.250 -999.250 -999.250 -999.250 -999.250 -999.250 -999.250 -999.250 -999.250 -999.250
-999.250 -999.250 -999.250 -999.250 -999.250 -999.250 -999.250 -999.250 -999.250 -999.250 -999.250 -999.250 -999.250 -999.250 -999.250 -999.250 -999.250 -999.250 -999.250 -999.250 -999.250 -999.250 -999.250 -999.250 -999.250 -999.250 -999.250 -999.250 -999.250 -999.250 -999.250 -999.250 167.864 167.986 181.620 155.863 -999.250 -999.250 -999.250 160.042 179.063 198.403 -999.250 -999.250 -999.250 -999.250 -999.250 305.672 349.785 316.467 -999.250 -999.250 -999.250 -999.250 -999.250 -999.250 404.899 392.284 -999.250 -999.250 -999.250 -999.250 -999.250 -999.250 -999.250 -999.250 -999.250
-999.250 -999.250 -999.250 -999.250 -999.250 -999.250 -999.250 -999.250 -999.250 -999.250 -999.250 -999.250 -999.250 -999.250 -999.250 -999.250 -999.250 -999.250 -999.250 -999.250 -999.250 -999.250 -999.250 -999.250 -999.250 -999.250 -999.250 -999.250 -999.250 -999.250 -999.250 -999.250 174.271 181.193 173.345 145.781 160.069 135.920 147.454 151.502 164.640 193.755 221.622 270.180 312.030 333.654 359.461 374.586 429.368 406.754 470.855 511.103 433.103 418.259 401.268 361.650 374.673 377.722 -999.250 -999.250 -999.250 -999.250 -999.250 -999.250 -999.250 -999.250 -999.250
-999.250 -999.250 232.792 -999.250 -999.250 -999.250 -999.250 -999.250 -999.250 -999.250 -999.250 -999.250 -999.250 -999.250 -999.250 -999.250 -999.250 -999.250 -999.250 -999.250 -999.250 -999.250 -999.250 -999.250 -999.250 -999.250 -999.250 -999.250 -999.250 -999.250 -999.250 -999.250 171.904 164.853 136.038 145.612 144.006 147.428 136.725 152.966 166.333 192.110 228.259 257.575 293.855 359.526 437.178 450.427 520.572 476.467 477.954 615.117 458.076 442.645 447.303 405.675 361.255 360.800 -999.250 -999.250 -999.250 -999.250 -999.250 -999.250 -999.250 -999.250 -999.250
-999.250 -999.250 266.174 -999.250 -999.250 -999.250 -999.250 -999.250 -999.250 -999.250 247.230 -999.250 -999.250 -999.250 -999.250 -999.250 -999.250 -999.250 -999.250 -999.250 -999.250 -999.250 -999.250 -999.250 -999.250 -999.250 -999.250 -999.250 -999.250 -999.250 -999.250 -999.250 170.421 158.154 155.052 146.559 125.758 127.624 142.065 145.743 166.704 199.598 224.197 279.739 304.105 361.605 451.519 460.923 628.014 609.277 598.859 585.697 572.702 530.245 475.284 446.326 399.469 371.649 -999.250 -999.250 -999.250 -999.250 -999.250 -999.250 -999.250 -999.250 -999.250
-999.250 -999.250 305.498 -999.250 -999.250 -999.250 -999.250 327.022 293.254 266.078 256.829 230.832 -999.250 -999.250 -999.250 -999.250 -999.250 -999.250 -999.250 -999.250 -999.250 -999.250 -999.250 -999.250 -999.250 -999.250 -999.250 -999.250 -999.250 -999.250 -999.250 -999.250 146.682 150.175 133.653 118.633 121.838 120.094 135.185 152.364 165.574 173.626 203.405 241.394 311.653 411.340 415.692 554.623 605.933 630.159 650.377 718.491 678.114 613.365 510.683 476.859 502.967 413.708 301.597 -999.250 -999.250 -999.250 -999.250 -999.250 -999.250 -999.250 -999.250
314.644 313.744 336.271 -999.250 -999.250 452.313 465.344 395.310 358.265 321.423 253.818 239.820 213.921 192.516 181.303 -999.250 -999.250 -999.250 -999.250 -999.250 -999.250 -999.250 -999.250 -999.250 -999.250 -999.250 -999.250 -999.250 -999.250 142.858 153.935 151.642 143.548 144.876 130.207 121.024 115.425 126.415 121.725 137.791 154.688 162.882 206.122 258.586 313.453 356.575 497.042 605.011 667.207 728.984 760.126 772.137 755.636 692.293 631.526 558.172 545.951 447.948 360.223 -999.250 -999.250 -999.250 -999.250 -999.250 -999.250 -999.250 -999.250
339.439 369.266 411.501 -999.250 468.344 449.993 437.125 454.310 419.375 334.971 325.550 250.728 220.712 198.853 -999.250 -999.250 -999.250 -999.250 -999.250 165.917 167.130 -999.250 -999.250 -999.250 160.726 -999.250 -999.250 137.127 147.462 153.955 134.114 144.540 129.018 121.874 119.280 111.379 115.754 116.242 130.819 131.889 160.546 156.889 203.770 272.531 351.678 416.400 514.606 735.590 715.566 823.206 794.439 805.173 814.819 754.702 634.365 575.683 515.563 440.550 376.323 -999.250 -999.250 -999.250 -999.250 -999.250 -999.250 -999.250 -999.250
339.927 436.995 517.120 528.287 648.622 469.676 449.410 448.256 412.914 377.061 317.383 271.299 236.292 202.660 -999.250 -999.250 170.044 141.911 157.085 147.574 140.221 151.201 -999.250 154.198 154.127 142.468 139.334 130.757 130.427 143.069 146.759 141.162 121.786 121.284 121.120 128.606 118.681 129.366 126.878 142.009 168.757 179.921 210.337 275.424 363.271 396.772 625.332 742.370 785.914 859.909 842.087 855.752 804.114 745.631 658.350 482.077 476.509 419.934 391.097 -999.250 -999.250 -999.250 -999.250 -999.250 -999.250 -999.250 -999.250
423.987 527.947 586.307 672.548 636.490 596.408 555.203 488.227 370.694 391.601 314.254 251.227 236.513 202.458 185.169 183.186 141.100 139.582 142.751 127.097 132.384 145.561 159.246 142.938 151.964 141.387 133.163 118.262 130.051 146.645 131.519 152.023 149.681 135.916 120.372 117.165 123.685 116.999 133.860 147.545 154.874 187.767 224.382 249.574 320.636 413.684 579.253 708.256 780.386 833.710 838.491 853.147 831.962 789.207 733.689 659.016 484.484 429.689 404.107 -999.250 -999.250 -999.250 -999.250 -999.250 -999.250 -999.250 -999.250
434.736 532.524 660.260 717.574 709.608 645.874 589.137 475.718 417.247 374.102 330.721 274.405 208.370 201.980 181.751 143.638 124.994 128.584 135.331 132.565 152.967 156.505 140.129 126.022 130.250 118.315 119.810 127.044 133.938 140.597 147.648 147.486 143.242 142.476 137.869 118.488 112.954 124.281 134.385 137.278 161.367 163.447 213.047 240.078 295.826 369.061 461.647 590.525 655.608 764.782 801.375 822.798 818.886 740.699 682.111 604.298 497.460 402.231 356.019 -999.250 -999.250 -999.250 -999.250 -999.250 -999.250 -999.250 -999.250
464.732 571.750 668.158 701.961 787.638 797.980 659.696 546.438 523.648 342.866 310.190 248.042 199.244 180.244 147.212 118.960 114.250 118.496 117.234 129.933 136.061 133.647 135.268 141.245 135.008 121.561 126.418 136.144 141.802 148.387 132.165 133.236 137.827 129.235 125.402 131.057 122.512 127.015 127.921 149.789 141.318 179.057 204.629 252.357 291.129 363.502 398.154 471.410 542.647 620.916 693.288 749.559 760.403 685.644 556.834 443.159 376.095 354.008 -999.250 -999.250 -999.250 -999.250 -999.250 -999.250 -999.250 -999.250 -999.250
456.319 625.031 608.670 692.430 766.922 743.739 692.210 553.524 429.748 311.549 266.531 204.019 180.718 157.438 114.886 101.219 99.351 110.891 104.717 115.715 127.087 129.115 122.498 123.961 117.641 125.818 142.779 133.045 146.089 140.655 155.702 140.002 145.984 125.622 119.048 119.744 120.527 136.860 126.711 139.350 156.190 186.327 220.010 225.320 275.627 317.614 365.482 462.421 534.855 528.280 696.929 644.817 631.144 673.444 510.677 452.922 341.950 321.676 -999.250 -999.250 -999.250 -999.250 -999.250 -999.250 -999.250 -999.250 -999.250
529.060 568.714 601.691 640.677 690.568 731.088 602.129 441.020 312.934 279.853 224.994 178.716 158.694 121.617 97.374 80.947 68.672 70.884 74.025 88.571 97.216 119.554 119.633 118.405 125.817 129.948 143.593 143.482 148.744 145.749 143.353 144.864 135.281 124.162 124.207 122.842 120.043 118.497 124.984 132.558 147.028 160.956 213.014 233.014 288.804 272.457 375.622 426.476 482.886 501.545 546.261 579.768 554.100 539.418 463.246 382.889 312.792 301.354 -999.250 -999.250 -999.250 -999.250 -999.250 -999.250 -999.250 -999.250 -999.250
444.246 499.830 550.077 572.307 610.371 546.069 432.651 354.260 289.300 256.403 189.332 143.070 87.360 56.018 56.602 49.877 52.259 55.604 61.100 81.000 92.488 111.077 116.002 110.115 125.099 142.333 149.344 144.012 136.020 137.564 137.123 149.371 128.294 123.318 121.833 122.126 121.396 133.257 138.105 143.698 162.451 168.077 206.325 208.430 223.040 253.141 303.622 336.509 384.589 457.665 442.787 407.431 440.650 387.415 366.766 301.744 306.296 243.117 -999.250 -999.250 -999.250 -999.250 -999.250 -999.250 -999.250 -999.250 -999.250
369.986 417.137 434.143 480.646 476.721 423.144 329.987 313.750 269.773 208.296 143.053 86.669 40.016 33.916 33.256 33.619 40.403 43.877 54.933 69.735 91.175 106.661 107.024 105.069 117.983 132.964 150.989 145.984 136.270 132.285 140.731 146.177 125.754 122.801 116.699 127.011 122.369 122.993 130.019 128.806 141.100 168.309 200.525 198.988 249.235 253.392 280.266 327.839 332.748 364.289 377.202 329.436 371.776 354.155 326.061 288.801 248.501 221.865 -999.250 -999.250 -999.250 -999.250 -999.250 -999.250 -999.250 -999.250 -999.250
303.675 361.645 333.823 370.526 380.577 322.409 250.550 261.221 213.835 146.806 122.141 60.985 31.884 20.547 22.883 29.155 34.953 37.482 41.596 63.940 77.662 93.968 110.095 120.319 128.994 145.157 140.307 149.285 153.551 147.764 134.553 136.859 125.283 114.029 118.886 109.326 114.407 118.682 121.562 134.087 143.078 178.133 180.123 202.565 195.856 232.659 271.786 264.580 288.913 346.761 369.046 323.690 322.704 279.588 280.952 232.622 208.506 197.096 164.427 -999.250 -999.250 -999.250 -999.250 138.708 130.905 -999.250 -999.250
270.567 288.467 321.684 310.444 317.877 252.291 226.562 184.770 172.136 136.976 92.245 52.521 27.080 22.086 21.226 21.423 28.065 38.094 45.633 66.138 93.315 104.572 103.437 112.389 124.595 136.826 142.558 134.617 144.641 143.370 128.090 133.626 123.196 116.000 112.375 104.544 106.513 113.674 123.498 133.638 134.741 140.964 177.560 190.391 204.241 207.842 263.044 245.688 262.907 300.041 295.754 264.587 286.753 249.511 227.941 225.449 190.268 176.430 138.502 132.136 -999.250 145.396 121.094 115.937 122.124 114.426 125.069
237.561 260.846 243.972 238.926 270.717 231.033 197.992 152.721 127.714 97.763 64.093 42.114 22.545 22.567 19.731 27.674 37.225 40.912 64.481 71.505 88.666 87.200 102.450 115.378 121.122 130.061 130.358 138.475 142.276 131.055 131.281 118.886 124.891 114.811 101.600 91.602 98.540 115.140 116.925 134.587 130.706 146.535 165.610 187.074 205.862 210.117 217.442 220.986 269.688 247.452 259.868 252.730 227.860 224.344 204.060 198.969 158.566 139.147 131.223 111.613 119.953 113.361 99.963 110.713 117.078 114.894 108.063
177.746 193.466 202.843 194.064 205.155 173.351 154.845 120.435 106.612 78.569 50.183 42.187 34.123 31.759 27.892 33.123 37.653 48.333 52.819 79.273 80.674 86.269 103.117 108.569 119.504 122.978 134.928 138.816 132.115 130.937 124.121 114.192 107.683 101.061 97.654 91.913 100.822 111.353 118.182 132.330 133.096 147.708 172.096 178.267 186.394 188.410 210.761 209.782 209.069 230.855 244.307 258.130 227.413 210.542 195.431 198.093 175.968 146.064 127.992 114.017 112.713 113.190 103.567 95.921 105.680 94.141 88.083
174.498 173.800 152.681 179.002 166.446 143.309 125.361 106.358 81.895 60.459 46.595 42.085 34.458 35.234 36.518 44.292 51.718 53.401 64.748 89.973 99.302 96.404 103.770 105.396 109.484 126.945 131.671 141.720 130.579 117.896 113.656 103.633 104.598 98.407 92.187 99.590 108.511 100.950 108.944 131.007 145.765 142.571 159.384 173.289 186.556 181.108 180.804 179.898 196.343 204.402 217.990 225.265 202.781 189.977 204.863 193.409 164.401 147.743 129.037 113.494 114.133 105.933 90.917 90.977 76.298 75.470 82.733
