data/medianmodel_16-Oct-2020.asc
ncols	141
nrows	288
xllcorner	-120191.398
yllcorner	-301404.813
cellsize	2000.000
NODATA_value	-999.250
[rows 90 to 119 of 288, columns 0 to 66 of 141]
-999.250 -999.250 -999.250 -999.250 -999.250 -999.250 -999.250 -999.250 -999.250 -999.250 -999.250 -999.250 -999.250 -999.250 -999.250 -999.250 -999.250 -999.250 -999.250 -999.250 -999.250 -999.250 -999.250 -999.250 -999.250 -999.250 -999.250 -999.250 -999.250 -999.250 -999.250 -999.250 40.796 41.196 44.972 41.901 43.975 45.448 49.338 44.736 50.522 54.742 55.140 55.980 59.874 56.685 53.179 60.678 57.586 56.894 57.809 57.815 52.772 65.344 71.395 58.687 59.420 54.112 48.501 52.231 51.050 49.713 56.911 42.514 37.815 37.091 35.333
-999.250 -999.250 -999.250 -999.250 -999.250 -999.250 -999.250 -999.250 -999.250 -999.250 -999.250 -999.250 -999.250 -999.250 -999.250 -999.250 -999.250 -999.250 -999.250 -999.250 -999.250 -999.250 -999.250 -999.250 -999.250 -999.250 -999.250 -999.250 -999.250 -999.250 -999.250 -999.250 40.758 44.331 42.560 48.165 43.038 46.054 50.399 52.538 61.018 57.600 55.337 67.453 65.057 67.153 67.992 64.835 58.781 64.715 58.071 60.451 53.454 58.543 62.823 56.345 52.865 46.320 41.125 45.938 43.581 47.861 46.451 39.582 37.453 29.929 30.430
-999.250 -999.250 -999.250 -999.250 -999.250 -999.250 -999.250 -999.250 -999.250 -999.250 -999.250 -999.250 -999.250 -999.250 -999.250 -999.250 -999.250 -999.250 -999.250 -999.250 -999.250 -999.250 -999.250 -999.250 -999.250 -999.250 -999.250 -999.250 -999.250 -999.250 -999.250 48.082 42.511 47.725 53.891 48.812 49.898 54.773 57.028 52.946 60.019 59.855 59.354 64.657 71.226 73.229 75.163 66.125 72.691 68.227 58.562 53.722 53.109 62.233 57.381 56.885 50.332 45.833 34.970 36.853 36.056 44.313 43.852 34.548 33.006 29.555 24.123
-999.250 -999.250 -999.250 -999.250 -999.250 -999.250 -999.250 -999.250 -999.250 -999.250 -999.250 -999.250 -999.250 -999.250 -999.250 -999.250 -999.250 -999.250 -999.250 -999.250 -999.250 -999.250 -999.250 -999.250 -999.250 -999.250 -999.250 -999.250 -999.250 -999.250 -999.250 60.148 58.242 60.950 52.020 55.171 56.116 59.203 59.165 58.852 73.621 67.997 67.042 70.810 77.476 83.795 95.385 76.199 63.481 60.605 61.933 50.640 55.207 53.583 51.534 48.961 40.384 34.747 35.890 31.140 33.753 34.172 35.182 28.168 28.061 27.688 21.078
-999.250 -999.250 -999.250 -999.250 -999.250 -999.250 -999.250 -999.250 -999.250 -999.250 -999.250 -999.250 -999.250 -999.250 -999.250 -999.250 -999.250 -999.250 -999.250 -999.250 -999.250 -999.250 -999.250 -999.250 -999.250 -999.250 -999.250 -999.250 -999.250 -999.250 -999.250 65.484 64.731 66.728 66.464 71.882 64.259 69.775 69.789 80.631 80.900 86.036 88.081 75.719 85.834 85.696 91.156 72.127 70.348 61.052 57.514 55.887 51.138 42.705 42.126 44.507 35.706 35.562 32.397 28.068 31.174 30.214 26.386 24.347 20.104 21.265 18.901
-999.250 -999.250 -999.250 -999.250 -999.250 -999.250 -999.250 -999.250 -999.250 -999.250 -999.250 -999.250 -999.250 -999.250 -999.250 -999.250 -999.250 -999.250 -999.250 -999.250 -999.250 -999.250 -999.250 -999.250 -999.250 -999.250 -999.250 -999.250 -999.250 -999.250 -999.250 69.855 75.453 83.638 84.517 76.721 72.863 76.746 91.865 103.308 101.342 100.012 104.696 90.159 84.372 84.856 82.908 68.148 65.743 52.739 46.049 49.849 43.579 41.416 40.767 38.402 33.320 35.515 32.540 26.975 23.100 25.313 28.165 27.199 26.612 21.087 17.844
-999.250 -999.250 -999.250 -999.250 -999.250 -999.250 -999.250 -999.250 -999.250 -999.250 -999.250 -999.250 -999.250 -999.250 -999.250 -999.250 -999.250 -999.250 -999.250 -999.250 -999.250 -999.250 -999.250 -999.250 -999.250 -999.250 -999.250 -999.250 -999.250 -999.250 66.854 84.949 75.099 80.278 93.374 91.397 87.306 89.268 106.782 128.439 108.849 113.458 106.236 99.421 93.287 77.983 77.650 70.339 57.331 52.256 47.480 45.524 36.710 34.483 37.234 34.605 32.490 30.201 22.470 19.135 23.261 25.633 27.935 30.907 27.253 22.116 18.652
-999.250 -999.250 -999.250 -999.250 -999.250 -999.250 -999.250 -999.250 -999.250 -999.250 -999.250 -999.250 -999.250 -999.250 -999.250 -999.250 -999.250 -999.250 -999.250 -999.250 -999.250 -999.250 -999.250 -999.250 -999.250 -999.250 -999.250 -999.250 -999.250 -999.250 70.090 77.610 85.248 86.233 94.317 106.830 107.422 111.216 116.053 132.430 115.617 125.558 127.666 109.029 94.152 78.962 70.302 58.704 55.418 45.719 47.074 39.343 35.706 30.218 36.257 32.440 33.862 28.754 20.531 18.896 20.894 21.878 30.020 36.394 29.584 27.091 20.585
-999.250 -999.250 -999.250 -999.250 -999.250 -999.250 -999.250 -999.250 -999.250 -999.250 -999.250 -999.250 -999.250 -999.250 -999.250 -999.250 -999.250 -999.250 -999.250 -999.250 -999.250 -999.250 -999.250 -999.250 -999.250 -999.250 -999.250 -999.250 -999.250 -999.250 74.463 79.680 84.745 81.494 87.791 105.360 102.710 120.065 124.784 147.515 157.551 140.376 123.059 117.010 91.640 79.386 65.367 52.319 56.447 42.547 42.116 39.132 29.071 29.863 31.418 27.279 24.359 22.720 19.181 20.955 18.171 20.979 26.852 35.806 35.187 32.566 22.316
-999.250 -999.250 -999.250 -999.250 -999.250 -999.250 -999.250 -999.250 -999.250 -999.250 -999.250 -999.250 -999.250 -999.250 -999.250 -999.250 -999.250 -999.250 -999.250 -999.250 -999.250 -999.250 -999.250 -999.250 -999.250 -999.250 -999.250 -999.250 -999.250 -999.250 75.458 76.729 83.124 98.451 88.535 93.097 105.358 103.193 130.142 149.697 168.518 147.359 120.348 112.642 80.899 69.765 59.773 57.203 46.035 39.462 38.962 38.742 34.669 30.134 28.880 25.635 24.096 22.052 18.491 19.026 21.489 21.394 27.804 28.006 29.526 26.473 22.836
-999.250 -999.250 -999.250 -999.250 -999.250 -999.250 -999.250 -999.250 -999.250 -999.250 -999.250 -999.250 -999.250 -999.250 -999.250 -999.250 -999.250 -999.250 -999.250 -999.250 -999.250 -999.250 -999.250 -999.250 -999.250 -999.250 -999.250 -999.250 -999.250 67.528 64.507 63.953 77.767 86.949 102.968 108.868 109.232 116.847 118.283 140.712 147.567 139.978 123.741 109.356 92.725 77.666 63.721 53.282 57.184 46.297 38.547 33.491 30.347 29.346 27.867 23.135 21.420 23.352 22.377 19.802 24.777 20.886 21.180 22.776 22.074 19.354 17.125
-999.250 -999.250 -999.250 -999.250 -999.250 -999.250 -999.250 -999.250 -999.250 -999.250 -999.250 -999.250 -999.250 -999.250 -999.250 -999.250 -999.250 -999.250 -999.250 -999.250 -999.250 -999.250 -999.250 -999.250 -999.250 -999.250 -999.250 -999.250 -999.250 80.181 69.811 79.827 73.505 89.250 85.792 95.640 108.424 105.975 107.917 108.693 118.165 114.755 112.580 106.847 98.321 86.297 66.800 62.852 51.763 43.914 42.241 38.463 29.716 26.220 22.711 22.586 20.734 20.742 21.075 19.642 19.439 19.851 17.177 15.565 14.986 12.730 12.463
-999.250 -999.250 -999.250 -999.250 -999.250 -999.250 -999.250 -999.250 -999.250 -999.250 -999.250 -999.250 -999.250 -999.250 -999.250 -999.250 -999.250 -999.250 -999.250 -999.250 -999.250 -999.250 -999.250 -999.250 -999.250 -999.250 -999.250 -999.250 -999.250 87.634 75.626 72.750 72.906 70.719 73.869 76.748 78.163 94.877 97.755 100.047 99.582 111.472 118.323 110.557 107.447 88.520 79.581 71.963 57.813 49.746 42.006 38.156 33.409 29.210 23.741 21.430 22.718 17.523 18.147 19.665 20.399 18.797 16.702 7.362 6.918 6.578 9.329
-999.250 -999.250 -999.250 -999.250 -999.250 -999.250 -999.250 -999.250 -999.250 -999.250 -999.250 -999.250 -999.250 -999.250 -999.250 -999.250 -999.250 -999.250 -999.250 -999.250 -999.250 -999.250 -999.250 -999.250 -999.250 -999.250 -999.250 -999.250 -999.250 70.988 69.509 68.515 75.667 73.003 55.726 65.977 78.511 79.231 79.900 90.517 94.534 93.836 99.205 110.643 119.224 95.747 90.162 79.292 63.374 54.668 44.513 40.879 30.603 29.242 28.135 29.872 28.469 29.434 27.682 25.373 19.298 17.544 16.953 11.879 5.574 5.951 4.223
-999.250 -999.250 -999.250 -999.250 -999.250 -999.250 -999.250 -999.250 -999.250 -999.250 -999.250 -999.250 -999.250 -999.250 -999.250 -999.250 -999.250 -999.250 -999.250 -999.250 -999.250 -999.250 -999.250 -999.250 -999.250 -999.250 -999.250 -999.250 76.692 78.557 74.885 68.065 72.244 52.703 55.434 68.067 61.292 62.273 71.494 85.979 91.624 98.042 102.721 97.246 119.152 109.090 92.254 84.302 62.131 55.056 45.671 45.210 31.791 29.847 27.249 28.685 35.047 40.955 37.840 30.153 28.876 21.286 13.537 11.438 3.816 2.176 2.015
-999.250 -999.250 -999.250 -999.250 -999.250 -999.250 -999.250 -999.250 -999.250 -999.250 -999.250 -999.250 -999.250 -999.250 -999.250 -999.250 -999.250 -999.250 -999.250 -999.250 -999.250 -999.250 -999.250 -999.250 -999.250 -999.250 -999.250 -999.250 73.933 88.510 79.999 75.525 68.548 50.848 51.776 57.743 60.023 61.726 64.835 72.792 84.356 101.043 96.116 97.179 112.641 120.315 105.839 90.140 65.663 60.133 53.412 42.682 38.623 38.181 36.542 30.742 38.000 45.214 49.928 44.393 39.789 33.832 13.870 7.727 0.000 0.000 0.000
-999.250 -999.250 -999.250 -999.250 -999.250 -999.250 -999.250 -999.250 -999.250 -999.250 -999.250 -999.250 -999.250 -999.250 -999.250 -999.250 -999.250 -999.250 -999.250 -999.250 -999.250 -999.250 -999.250 -999.250 -999.250 -999.250 -999.250 64.333 74.351 78.424 77.356 69.825 60.025 60.388 50.733 50.021 50.739 60.650 63.432 67.752 81.033 95.317 92.984 92.985 107.575 108.368 108.188 87.141 73.567 64.320 50.631 40.693 38.960 38.750 36.086 41.548 53.962 62.926 63.554 68.333 57.531 40.129 21.075 2.361 0.000 0.118 4.326
-999.250 -999.250 -999.250 -999.250 -999.250 -999.250 -999.250 -999.250 -999.250 -999.250 -999.250 -999.250 -999.250 -999.250 -999.250 -999.250 -999.250 -999.250 -999.250 -999.250 -999.250 -999.250 -999.250 -999.250 -999.250 -999.250 -999.250 84.144 79.165 74.319 67.309 76.049 66.968 58.674 53.791 47.950 45.766 52.459 56.168 69.327 69.168 95.016 100.734 112.082 112.351 102.087 110.551 84.732 67.045 53.833 52.145 46.451 41.002 37.339 43.234 48.320 62.000 76.150 88.210 101.610 93.997 73.377 46.872 0.000 9.155 14.997 15.914
-999.250 -999.250 -999.250 -999.250 -999.250 -999.250 -999.250 -999.250 -999.250 -999.250 -999.250 -999.250 -999.250 -999.250 -999.250 -999.250 -999.250 -999.250 -999.250 -999.250 -999.250 -999.250 -999.250 -999.250 -999.250 -999.250 -999.250 80.419 84.439 86.301 87.245 92.626 74.961 59.166 56.735 51.527 52.596 52.465 63.127 70.381 78.938 88.414 95.406 107.770 120.424 117.836 111.460 100.804 74.840 53.273 55.719 46.095 36.964 35.600 46.837 54.395 74.419 92.849 129.222 145.066 140.325 120.769 94.341 60.329 41.100 34.399 29.643
-999.250 -999.250 -999.250 -999.250 -999.250 -999.250 -999.250 -999.250 -999.250 -999.250 -999.250 -999.250 -999.250 -999.250 -999.250 -999.250 -999.250 -999.250 -999.250 -999.250 -999.250 -999.250 -999.250 -999.250 -999.250 -999.250 -999.250 95.484 84.190 93.482 97.026 88.247 81.408 60.495 58.755 46.583 49.087 55.184 59.595 76.163 88.885 93.846 112.090 99.816 109.595 121.598 108.582 101.835 77.683 60.451 56.910 47.193 36.247 40.783 49.762 64.718 91.677 118.764 152.069 191.029 196.144 174.703 160.476 114.511 85.501 67.342 45.250
-999.250 -999.250 -999.250 -999.250 -999.250 -999.250 -999.250 -999.250 -999.250 -999.250 -999.250 -999.250 -999.250 -999.250 -999.250 -999.250 -999.250 -999.250 -999.250 -999.250 -999.250 -999.250 -999.250 -999.250 -999.250 -999.250 -999.250 -999.250 87.486 91.445 86.123 78.250 87.352 64.055 53.187 43.829 43.618 46.024 52.922 70.645 68.056 89.962 100.052 107.414 107.085 115.612 98.469 93.745 75.959 61.491 47.973 38.659 37.765 38.078 50.763 66.814 93.540 124.149 178.903 230.316 248.475 224.238 167.188 162.536 136.078 94.824 66.538
-999.250 -999.250 -999.250 -999.250 -999.250 -999.250 -999.250 -999.250 -999.250 -999.250 -999.250 -999.250 -999.250 -999.250 -999.250 -999.250 -999.250 -999.250 -999.250 -999.250 -999.250 -999.250 -999.250 -999.250 -999.250 -999.250 -999.250 -999.250 79.878 85.595 84.149 67.653 62.204 59.993 49.110 43.018 45.560 43.472 53.810 64.276 69.346 70.535 87.760 99.804 115.393 115.887 116.371 100.733 67.420 55.264 44.856 30.035 29.747 33.124 41.933 62.713 100.058 130.846 201.114 257.181 315.375 254.130 224.980 177.319 155.753 114.088 78.487
-999.250 -999.250 -999.250 -999.250 -999.250 -999.250 -999.250 -999.250 -999.250 -999.250 -999.250 -999.250 -999.250 -999.250 -999.250 -999.250 -999.250 -999.250 -999.250 -999.250 -999.250 -999.250 -999.250 -999.250 -999.250 -999.250 -999.250 -999.250 89.349 75.430 78.228 67.860 71.501 55.696 46.345 44.103 47.511 46.241 51.735 54.141 70.039 78.800 90.547 101.811 120.722 123.514 108.799 99.555 73.482 48.413 29.114 16.425 18.759 25.652 36.843 58.282 89.772 133.781 170.551 233.950 261.473 256.513 240.355 185.904 174.707 143.220 105.217
-999.250 -999.250 -999.250 -999.250 -999.250 -999.250 -999.250 -999.250 -999.250 -999.250 -999.250 -999.250 -999.250 -999.250 -999.250 -999.250 -999.250 -999.250 -999.250 -999.250 -999.250 -999.250 -999.250 -999.250 -999.250 -999.250 -999.250 -999.250 85.770 69.848 71.206 73.232 60.234 52.879 49.177 48.932 49.559 50.658 50.090 57.966 63.606 71.540 89.772 94.446 118.955 129.702 100.588 88.954 60.466 41.052 21.025 7.869 9.647 17.003 29.623 48.749 79.984 109.364 163.722 213.995 217.139 218.812 224.065 207.433 172.623 154.235 109.629
-999.250 -999.250 -999.250 -999.250 -999.250 -999.250 -999.250 -999.250 -999.250 -999.250 -999.250 -999.250 -999.250 -999.250 -999.250 -999.250 -999.250 -999.250 -999.250 -999.250 -999.250 -999.250 -999.250 -999.250 -999.250 -999.250 -999.250 -999.250 84.185 78.306 68.688 61.372 67.864 58.576 50.890 54.580 54.500 46.494 44.176 52.397 55.380 61.801 73.375 98.255 103.306 100.983 90.170 61.206 46.998 33.616 15.542 6.344 6.004 10.730 20.693 36.352 62.781 93.600 140.629 174.078 201.894 191.962 182.994 190.133 162.570 141.082 86.161
-999.250 -999.250 -999.250 -999.250 -999.250 -999.250 -999.250 -999.250 -999.250 -999.250 -999.250 -999.250 -999.250 -999.250 -999.250 -999.250 -999.250 -999.250 -999.250 -999.250 -999.250 -999.250 -999.250 -999.250 -999.250 -999.250 -999.250 78.980 81.180 68.874 64.283 60.423 58.179 52.697 60.349 62.223 52.523 55.889 54.432 52.570 51.184 55.967 67.895 66.535 67.266 76.871 68.838 57.071 37.751 24.128 12.800 0.056 1.255 5.581 10.580 21.972 42.282 65.033 97.782 142.914 166.389 156.992 166.245 166.373 156.251 118.305 93.203
-999.250 -999.250 -999.250 -999.250 -999.250 -999.250 -999.250 -999.250 -999.250 -999.250 -999.250 -999.250 -999.250 -999.250 -999.250 -999.250 -999.250 -999.250 -999.250 -999.250 -999.250 -999.250 -999.250 -999.250 -999.250 -999.250 -999.250 68.862 72.088 70.113 72.888 70.510 63.646 56.965 59.679 69.212 55.182 47.524 53.017 48.371 45.309 47.624 52.822 56.451 53.269 54.140 52.515 40.274 30.242 19.159 9.372 0.000 0.000 0.000 0.000 6.110 18.093 38.744 65.673 114.826 114.294 136.379 138.767 143.889 123.643 110.152 92.078
-999.250 -999.250 -999.250 -999.250 -999.250 -999.250 -999.250 -999.250 -999.250 -999.250 -999.250 -999.250 -999.250 -999.250 -999.250 -999.250 -999.250 -999.250 -999.250 -999.250 -999.250 -999.250 -999.250 -999.250 -999.250 -999.250 -999.250 54.143 62.076 78.069 69.639 54.930 58.743 50.330 56.966 59.689 58.051 50.208 46.675 44.447 45.654 38.428 43.358 41.722 51.361 45.752 39.449 27.178 22.130 18.529 6.726 0.000 0.000 0.000 0.000 0.000 0.000 0.000 41.897 78.975 99.505 115.018 120.355 120.862 117.986 104.180 80.949
-999.250 -999.250 -999.250 -999.250 -999.250 -999.250 -999.250 -999.250 -999.250 -999.250 -999.250 -999.250 -999.250 -999.250 -999.250 -999.250 -999.250 -999.250 -999.250 -999.250 -999.250 -999.250 -999.250 -999.250 -999.250 -999.250 56.639 58.701 67.147 59.110 63.410 56.978 57.420 56.565 53.236 60.614 57.321 53.193 40.426 38.642 36.912 32.660 31.633 27.211 28.365 27.713 20.924 13.392 15.447 8.326 0.000 0.000 0.000 0.000 0.000 0.000 0.000 1.255 25.728 52.634 74.499 92.895 100.935 83.774 84.715 81.088 58.135
-999.250 -999.250 -999.250 -999.250 -999.250 -999.250 -999.250 -999.250 -999.250 -999.250 -999.250 -999.250 -999.250 -999.250 -999.250 -999.250 -999.250 -999.250 -999.250 -999.250 -999.250 -999.250 -999.250 -999.250 -999.250 -999.250 52.437 52.865 62.014 58.578 61.789 46.690 61.488 56.939 55.477 58.274 53.034 46.572 42.449 34.616 33.383 31.061 23.773 19.199 21.595 16.089 13.085 8.718 6.796 4.873 0.000 0.000 0.000 0.000 0.000 0.000 0.000 0.000 21.686 38.721 57.556 69.431 74.589 72.504 67.790 59.803 49.637
