data/medianmodel_30-Jan-2021.asc
ncols	141
nrows	288
xllcorner	-120191.398
yllcorner	-301404.813
cellsize	2000.000
NODATA_value	-999.250
[rows 28 to 55 of 288, columns 63 to 125 of 141]
1674.805 1674.304 1714.591 1741.367 1794.087 1806.042 1951.970 2004.934 2184.317 2259.278 2332.476 2418.553 2439.866 2427.970 2450.887 2539.094 2467.813 2413.292 2278.986 2171.655 2113.565 1920.239 1871.504 1797.968 1646.946 1601.829 1522.991 1536.628 1520.787 1576.491 1553.832 1574.625 1523.119 1575.553 1531.162 1535.277 1554.457 1566.028 1488.599 1461.725 1406.772 1371.017 1375.913 1351.640 1271.785 1263.317 1231.912 1191.213 1237.513 1269.718 1330.082 1347.249 1299.998 1260.550 1178.310 1196.697 1106.283 1036.845 1007.956 928.319 815.591 740.702 667.196
1637.660 1570.888 1644.951 1615.382 1783.925 1716.592 1865.515 1965.681 2076.212 2222.968 2277.162 2299.735 2376.852 2382.453 2357.035 2332.013 2324.976 2280.139 2127.519 2045.373 1991.939 1874.688 1811.854 1681.475 1647.457 1525.594 1529.497 1543.233 1572.053 1551.963 1579.741 1558.915 1584.317 1570.529 1596.848 1613.437 1616.088 1541.582 1549.320 1430.257 1393.033 1389.615 1390.200 1339.288 1244.356 1212.679 1182.779 1160.108 1201.283 1244.872 1305.789 1349.759 1290.084 1229.156 1218.208 1163.347 1085.858 1013.127 953.490 876.482 814.329 755.341 658.179
1534.529 1518.606 1527.224 1578.489 1656.791 1763.367 1833.064 1922.679 2023.065 2191.269 2217.957 2277.855 2278.345 2290.714 2260.208 2242.640 2104.416 2149.605 1989.375 1922.890 1802.577 1769.905 1731.390 1679.226 1583.639 1528.683 1530.362 1567.381 1604.909 1603.019 1600.164 1608.179 1625.068 1585.610 1646.902 1635.452 1635.039 1584.857 1591.267 1546.000 1501.543 1410.964 1342.176 1225.135 1174.689 1170.034 1168.665 1132.875 1213.113 1265.438 1336.183 1336.217 1293.139 1297.735 1270.169 1183.549 1076.270 1024.571 989.731 928.968 874.582 800.907 677.698
1455.440 1429.663 1495.186 1517.502 1572.095 1710.055 1842.704 1942.203 2017.757 2165.779 2205.000 2211.262 2178.727 2186.046 2117.221 1986.771 1984.556 1871.893 1803.561 1765.205 1709.551 1619.522 1611.234 1576.340 1504.282 1503.410 1549.218 1552.585 1541.219 1653.700 1626.111 1687.743 1667.362 1682.587 1719.546 1675.703 1676.431 1665.256 1684.671 1597.401 1541.627 1481.098 1271.054 1198.435 1176.563 1101.852 1129.773 1179.700 1249.967 1253.359 1321.008 1317.624 1290.188 1302.816 1223.227 1183.830 1074.850 1052.736 1022.158 977.706 890.736 795.438 722.184
1315.298 1333.325 1331.533 1422.320 1565.523 1657.411 1721.316 1801.572 1937.689 1996.873 2053.831 2107.590 2039.328 1984.435 1999.482 1949.618 1828.421 1742.952 1629.603 1570.732 1575.348 1429.619 1456.954 1449.254 1389.084 1475.047 1510.538 1534.185 1580.186 1642.063 1664.855 1742.659 1674.310 1664.082 1711.063 1764.979 1668.417 1646.473 1743.541 1583.107 1588.309 1480.570 1378.265 1286.897 1170.838 1105.959 1139.273 1193.724 1261.238 1240.180 1311.314 1339.948 1381.093 1279.011 1287.145 1234.043 1105.216 1066.777 1031.518 988.794 918.340 856.176 781.506
1257.042 1209.565 1211.546 1295.821 1388.715 1521.866 1597.585 1765.107 1874.481 1966.699 1980.485 2060.035 1996.858 1885.849 1801.852 1695.466 1685.320 1512.894 1441.254 1370.877 1391.355 1443.056 1419.187 1358.653 1362.748 1459.796 1522.391 1530.372 1544.409 1630.807 1716.115 1734.396 1764.042 1772.562 1758.577 1809.361 1774.910 1739.396 1716.537 1663.235 1598.228 1498.071 1407.731 1352.613 1222.475 1095.343 1183.914 1272.535 1320.684 1367.838 1392.849 1493.311 1480.133 1360.280 1364.982 1296.930 1200.639 1128.346 1120.404 1053.054 992.306 969.502 891.031
1186.938 1068.595 1147.983 1233.324 1355.091 1433.386 1594.512 1662.779 1760.595 1899.967 1994.681 1931.758 1857.837 1754.454 1687.981 1591.233 1517.671 1351.435 1235.712 1222.124 1249.559 1316.703 1391.709 1359.865 1401.756 1468.125 1507.009 1624.308 1636.602 1693.685 1677.199 1746.095 1831.948 1813.191 1820.611 1810.718 1818.180 1771.006 1810.256 1750.621 1646.658 1623.967 1537.081 1445.783 1342.320 1323.331 1392.177 1427.633 1511.295 1477.464 1563.312 1542.353 1582.327 1492.824 1471.818 1414.468 1262.632 1250.568 1158.479 1130.753 1086.386 997.587 993.250
1170.987 1132.345 1115.703 1192.422 1226.719 1297.231 1441.448 1542.236 1633.901 1721.511 1780.235 1771.847 1692.973 1612.288 1552.962 1438.764 1330.733 1178.694 1070.145 1106.769 1146.123 1257.867 1297.139 1406.663 1441.085 1444.652 1583.142 1625.823 1664.992 1671.237 1734.881 1773.275 1872.966 1845.328 1839.029 1860.518 1858.515 1884.622 1913.923 1900.685 1888.456 1770.062 1684.991 1657.727 1636.086 1663.097 1658.445 1682.960 1706.983 1635.840 1660.629 1659.177 1652.479 1596.481 1565.988 1462.382 1397.958 1341.725 1279.731 1231.896 1151.938 1070.740 1033.452
1213.257 1193.960 1168.326 1173.153 1190.721 1269.977 1325.491 1479.204 1543.223 1572.964 1609.335 1682.687 1602.780 1499.919 1453.599 1342.720 1197.850 1161.317 1102.530 1100.398 1151.187 1206.036 1250.305 1335.577 1418.727 1509.312 1535.465 1573.424 1603.775 1681.217 1686.989 1784.975 1829.359 1831.468 1854.328 1940.957 1939.873 2002.878 2032.170 1980.331 1986.560 1964.453 1936.731 1868.675 1845.042 1915.648 1892.906 1856.889 1817.067 1834.389 1849.951 1779.202 1768.042 1683.061 1628.872 1595.356 1543.452 1487.403 1358.726 1325.984 1237.200 1191.479 1116.735
1262.730 1183.260 1142.428 1151.128 1129.190 1185.866 1272.291 1303.659 1372.253 1433.168 1506.554 1526.898 1511.382 1435.988 1326.044 1245.488 1212.301 1179.085 1098.172 1125.454 1160.072 1133.987 1261.301 1315.794 1420.203 1537.624 1524.487 1626.953 1628.749 1717.072 1736.373 1788.331 1830.653 1869.947 1928.682 1968.643 1992.486 2070.053 2094.016 2153.203 2115.429 2078.244 2063.977 2022.936 2041.279 2071.894 2085.123 2066.681 2045.299 1985.781 1902.484 1846.400 1849.429 1847.064 1741.726 1671.174 1643.076 1550.867 1484.516 1456.717 1314.310 1237.402 1194.962
1282.615 1269.976 1174.422 1099.466 1088.226 1070.675 1143.342 1176.264 1302.852 1313.346 1377.472 1363.333 1352.132 1323.948 1248.757 1213.630 1151.838 1153.286 1184.388 1158.963 1153.595 1161.436 1280.966 1388.560 1489.896 1545.240 1564.899 1604.104 1700.995 1735.466 1750.347 1768.458 1847.772 1917.924 1909.814 1993.300 2078.838 2127.430 2179.163 2254.041 2212.434 2237.026 2228.875 2268.165 2226.225 2288.633 2246.438 2274.636 2246.700 2211.743 2020.187 2061.678 1964.472 1877.267 1803.774 1775.094 1692.617 1614.798 1607.976 1585.991 1512.257 1319.614 1280.581
1347.666 1294.427 1174.342 1054.115 1043.573 1027.255 1055.764 1077.139 1192.523 1249.973 1287.574 1294.823 1321.323 1258.983 1203.670 1149.430 1166.498 1155.247 1166.745 1111.217 1104.673 1182.960 1276.079 1402.948 1485.919 1540.486 1595.856 1631.458 1687.910 1693.780 1693.655 1760.965 1817.039 1871.546 1939.361 2012.299 2146.266 2186.654 2184.253 2220.136 2319.581 2371.808 2436.397 2444.415 2397.550 2399.159 2408.018 2419.240 2392.061 2301.145 2236.127 2173.249 2117.343 2004.077 1903.154 1807.682 1746.200 1762.435 1655.979 1622.919 1531.742 1443.365 1476.261
1439.076 1288.769 1178.785 1031.637 942.612 933.500 986.532 1037.041 1119.925 1201.048 1221.029 1268.504 1250.482 1220.416 1158.885 1153.697 1148.002 1119.746 1161.292 1131.548 1174.109 1226.166 1204.490 1313.566 1414.321 1537.617 1541.673 1602.043 1550.713 1618.984 1661.118 1725.223 1797.860 1871.942 1991.599 2114.726 2172.417 2247.005 2245.415 2351.205 2417.748 2521.019 2638.132 2543.608 2584.459 2612.902 2607.171 2543.517 2517.768 2404.348 2313.981 2291.432 2172.182 2132.786 1967.829 1952.298 1931.070 1791.974 1779.728 1769.994 1639.329 1603.190 1599.007
1349.728 1267.892 1109.646 978.598 820.616 915.905 955.988 1012.887 1085.427 1143.115 1210.474 1236.020 1200.479 1205.853 1216.276 1165.877 1147.081 1063.973 1086.885 1083.698 1109.693 1137.905 1187.425 1252.978 1305.365 1380.027 1452.873 1456.044 1517.321 1580.488 1642.278 1693.027 1761.871 1800.884 1985.940 2090.373 2180.932 2261.942 2347.751 2432.158 2507.267 2562.387 2670.279 2606.067 2906.742 2964.768 2904.993 2873.220 2695.641 2429.831 2425.719 2267.683 2249.478 2198.923 2048.092 1979.936 1966.354 1950.447 1784.709 1867.603 1786.315 1716.671 1726.700
1284.927 1214.894 1099.093 1005.366 940.960 914.413 950.383 1007.645 1065.067 1150.156 1190.500 1164.093 1184.706 1193.465 1161.746 1153.804 1172.036 1143.263 1119.108 1077.489 1134.774 1097.082 1123.778 1194.060 1245.374 1279.843 1300.027 1322.125 1370.645 1420.834 1529.325 1604.424 1700.790 1844.393 1974.871 2085.538 2257.420 2315.506 2481.540 2527.496 2606.057 2589.587 2752.794 2720.498 2865.995 3076.566 3124.791 2974.970 2874.724 2499.585 2427.511 2315.123 2284.144 2156.826 2130.700 2059.286 2013.138 1962.186 1861.945 1872.473 1903.064 1825.232 1790.814
1269.623 1214.256 1116.100 1042.886 981.990 969.747 945.570 984.465 1038.626 1124.073 1140.838 1122.046 1195.365 1202.565 1209.695 1157.537 1175.165 1203.828 1126.401 1078.748 1121.189 1074.854 1073.462 1084.280 1157.383 1105.003 1153.543 1225.949 1273.042 1341.697 1409.062 1487.733 1643.198 1777.691 1917.765 2107.418 2273.322 2384.569 2438.447 2604.675 2593.053 2639.375 2767.415 2941.418 2969.024 3142.867 3472.528 3054.597 2774.443 2606.294 2428.512 2373.190 2312.426 2254.772 2206.202 2046.613 2032.212 2033.944 1952.702 1966.011 1907.309 1822.206 1762.260
1337.308 1215.306 1089.519 1047.544 1007.315 976.293 1002.464 1015.555 1045.331 1094.614 1102.165 1196.477 1234.999 1244.567 1249.150 1192.651 1235.083 1228.590 1178.257 1090.681 1124.941 1072.537 1022.371 1035.286 1001.770 996.150 1037.333 1065.549 1097.261 1146.078 1248.446 1388.883 1547.740 1680.359 1889.619 2050.064 2216.497 2380.913 2447.558 2593.716 2666.560 2714.308 2644.575 2710.614 2899.223 3072.257 3055.048 2953.000 2824.020 2559.521 2483.453 2348.015 2225.887 2248.964 2193.099 2116.141 2069.620 2012.365 2009.714 1934.399 1954.057 1966.623 1851.564
1289.393 1204.437 1073.349 1057.039 1044.447 1016.234 999.785 1031.925 1051.880 1081.746 1144.354 1194.819 1240.267 1277.610 1231.988 1190.562 1196.202 1196.015 1202.869 1139.176 1046.960 1052.016 1070.222 996.232 972.519 978.074 946.573 990.898 1008.036 1048.458 1135.579 1191.702 1372.990 1576.776 1777.376 2011.350 2229.597 2388.538 2502.165 2567.942 2674.805 2688.397 2591.830 2705.199 2974.112 2970.478 2976.574 2931.670 2724.047 2501.999 2347.679 2325.786 2245.437 2149.730 2193.257 2139.471 2101.638 2013.823 1977.685 1996.295 1981.670 1945.387 1930.532
1314.852 1260.872 1157.488 1111.556 1113.253 1060.268 1037.114 1030.554 1049.008 1074.684 1097.007 1163.888 1252.099 1276.970 1278.802 1204.714 1223.658 1210.962 1191.779 1152.020 1077.730 1113.198 1046.137 1000.504 947.301 880.948 913.888 951.340 984.873 993.334 978.875 1090.280 1239.503 1410.227 1669.017 1874.888 2207.269 2373.471 2527.672 2537.063 2597.847 2577.209 2543.531 2530.816 2693.423 2867.823 2788.146 2818.616 2530.444 2415.296 2278.287 2224.953 2199.740 2208.995 2125.492 2125.012 2076.612 2026.660 1977.730 1967.863 1978.505 1961.554 2000.584
1333.904 1261.092 1192.788 1159.912 1119.592 1082.857 1055.054 1017.212 1015.909 1023.737 1065.303 1123.927 1135.363 1223.412 1283.208 1251.707 1241.542 1169.049 1202.652 1159.041 1157.620 1206.888 1135.034 1066.917 1003.112 818.823 955.674 974.674 1022.004 1003.103 972.465 964.044 1021.464 1223.345 1509.806 1750.800 2090.056 2302.142 2614.163 2471.235 2388.198 2374.906 2398.393 2419.751 2434.134 2468.497 2459.163 2451.682 2355.212 2307.930 2218.343 2193.932 2201.182 2180.099 2122.933 2001.568 2016.386 2000.747 1945.983 1955.778 1939.105 1877.431 1935.681
1325.266 1277.526 1256.905 1137.591 1127.263 1079.297 1047.792 1039.044 1035.650 1004.614 1056.131 1065.426 1123.901 1179.828 1238.830 1250.950 1243.815 1233.477 1207.213 1243.542 1266.464 1266.974 1236.376 1258.841 1231.376 1181.763 1163.171 1146.812 1177.798 1091.413 1020.915 891.963 864.561 1056.257 1388.453 1640.303 1875.155 2081.716 2273.127 2222.599 2201.364 2214.574 2204.669 2230.425 2314.886 2283.936 2320.144 2252.482 2175.407 2134.143 2161.145 2052.428 2124.306 2075.894 2019.968 2001.635 1982.426 1949.892 1905.455 1914.269 1895.174 1919.279 1961.938
1303.243 1287.485 1245.708 1206.375 1152.751 1085.472 1078.871 1043.550 999.342 998.451 1021.561 1024.236 1071.042 1125.917 1208.957 1235.714 1249.880 1239.763 1242.434 1250.980 1318.013 1389.166 1425.469 1459.766 1492.134 1546.177 1532.559 1452.778 1423.510 1290.232 1078.698 920.818 670.667 993.101 1289.601 1540.506 1721.918 1932.012 1954.421 1939.366 1889.070 1893.993 1858.030 1934.156 2021.533 2097.400 2067.255 2079.801 1999.476 1922.616 1896.954 1954.747 1959.615 2027.359 1967.708 2019.316 1947.381 1893.363 1847.286 1905.252 -999.250 1930.075 1897.628
1254.453 1304.478 1243.760 1230.762 1157.050 1077.352 1058.026 1005.125 977.159 999.594 995.575 1000.895 1065.979 1117.142 1170.241 1215.021 1220.467 1236.963 1272.350 1314.106 1441.463 1536.736 1687.505 1787.867 1883.141 1911.987 1914.662 1852.472 1749.147 1592.858 1367.697 1149.509 1036.149 1136.449 1310.508 1474.510 1631.093 1680.897 1694.526 1664.800 1596.130 1559.237 1552.450 1623.544 1702.721 1800.650 1864.925 1792.914 1794.835 1797.658 1844.118 1811.506 1813.753 1813.745 1920.906 1909.361 1907.252 1863.595 -999.250 -999.250 -999.250 -999.250 -999.250
1309.970 1349.244 1346.804 1267.863 1220.142 1149.078 1057.402 1013.464 1004.935 978.735 962.691 976.227 1052.954 1135.552 1189.996 1234.538 1262.653 1344.180 1370.063 1420.124 1512.357 1725.999 1787.868 2021.616 2230.378 2247.650 2329.520 2242.187 2160.229 1971.732 1782.244 1604.934 1445.475 1396.058 1483.869 1526.552 1612.292 1583.583 1525.473 1356.091 1238.646 1179.103 1210.185 1262.113 1411.604 1523.851 1624.254 1686.990 1610.094 1675.577 1667.121 1674.747 1729.997 1747.597 1793.782 1774.401 1832.931 -999.250 -999.250 -999.250 -999.250 -999.250 -999.250
1295.682 1332.925 1391.687 1332.031 1278.171 1204.241 1090.154 1015.196 1005.380 1023.717 1025.380 954.690 1132.623 1188.425 1242.715 1303.484 1305.395 1401.253 1355.641 1506.788 1622.170 1817.743 2058.965 2212.232 2414.164 2662.801 2810.853 2747.416 2581.736 2341.963 2117.786 1933.301 1724.365 1653.852 1621.036 1590.547 1619.262 1517.867 1379.204 1235.037 997.831 860.240 900.578 1006.814 1130.662 1255.497 1374.209 1466.595 1513.223 1559.962 1560.731 1615.806 1624.362 1671.502 1678.974 1674.872 1723.513 -999.250 -999.250 -999.250 -999.250 -999.250 -999.250
1432.226 1438.575 1487.783 1478.805 1390.353 1256.986 1081.509 1009.267 1005.365 1084.202 1244.685 1363.089 1300.020 1307.259 1335.371 1379.341 1370.372 1370.514 1361.194 1407.705 1616.291 1858.026 2243.834 2544.273 2850.965 3116.127 3253.514 3185.969 3030.523 2881.828 2472.974 2295.356 2019.701 1881.799 1789.618 1744.296 1711.386 1532.308 1331.386 1145.150 864.986 506.823 714.823 858.993 1012.950 1123.737 1221.631 1304.013 1407.144 1474.936 1503.746 1527.912 1588.211 1566.844 1597.570 1627.977 -999.250 -999.250 -999.250 -999.250 -999.250 -999.250 -999.250
1471.235 1571.536 1563.825 1583.910 1534.497 1321.096 1190.375 958.628 1102.259 1234.009 1337.735 1452.800 1430.675 1451.137 1425.382 1448.235 1433.025 1385.515 1329.762 1341.622 1549.633 1851.660 2319.925 2704.806 3241.000 3544.744 3875.626 3562.476 3361.908 3240.816 2841.067 2457.857 2328.686 2074.846 2042.180 1916.743 1836.589 1650.169 1428.322 1167.852 970.161 790.866 793.146 847.695 969.377 1058.639 1117.282 1210.125 1269.349 1344.514 1420.740 1422.244 1431.969 1513.818 1485.593 -999.250 -999.250 -999.250 -999.250 -999.250 -999.250 -999.250 -999.250
1534.672 1604.693 1699.931 1722.850 1691.182 1560.433 1383.748 1289.603 1314.450 1410.914 1540.077 1594.881 1575.705 1639.776 1611.364 1633.495 1563.874 1474.508 1351.519 1295.515 1390.707 1813.340 2345.569 2952.783 3571.719 4127.209 4785.965 4257.311 3851.724 3698.466 3128.364 2822.935 2433.795 2332.145 2133.835 2068.117 2004.271 1826.035 1602.154 1342.643 1180.673 986.432 910.502 922.292 991.932 1002.236 1093.569 1130.585 1234.624 1273.155 1298.995 1331.955 1376.154 1456.133 1539.203 -999.250 -999.250 -999.250 -999.250 -999.250 -999.250 -999.250 -999.250
