data/medianmodel_29-Jan-2021.asc
ncols	141
nrows	288
xllcorner	-120191.398
yllcorner	-301404.813
cellsize	2000.000
NODATA_value	-999.250
[rows 84 to 111 of 288, columns 0 to 62 of 141]
-999.250 -999.250 -999.250 -999.250 -999.250 -999.250 -999.250 -999.250 -999.250 -999.250 -999.250 -999.250 -999.250 -999.250 -999.250 -999.250 -999.250 -999.250 -999.250 -999.250 -999.250 -999.250 -999.250 -999.250 -999.250 -999.250 -999.250 -999.250 -999.250 -999.250 -999.250 -999.250 -999.250 1229.295 1242.524 1267.001 1267.622 1230.445 1295.573 1252.951 1220.254 1230.478 1276.049 1176.508 1310.369 1373.117 1462.931 1545.094 1760.025 1875.858 1994.370 2141.624 2239.273 2355.822 2376.850 2493.322 2521.261 2517.547 2625.267 2579.536 2623.980 2610.459 2460.680
-999.250 -999.250 -999.250 -999.250 -999.250 -999.250 -999.250 -999.250 -999.250 -999.250 -999.250 -999.250 -999.250 -999.250 -999.250 -999.250 -999.250 -999.250 -999.250 -999.250 -999.250 -999.250 -999.250 -999.250 -999.250 -999.250 -999.250 -999.250 -999.250 -999.250 -999.250 -999.250 -999.250 1208.464 1256.147 1251.942 1237.982 1222.238 1221.126 1207.441 1249.364 1263.444 1276.229 1337.759 1340.023 1391.897 1482.267 1589.109 1691.351 1806.957 1919.570 2034.693 2150.953 2248.470 2385.296 2404.741 2439.154 2396.592 2478.298 2566.689 2586.132 2562.069 2495.716
-999.250 -999.250 -999.250 -999.250 -999.250 -999.250 -999.250 -999.250 -999.250 -999.250 -999.250 -999.250 -999.250 -999.250 -999.250 -999.250 -999.250 -999.250 -999.250 -999.250 -999.250 -999.250 -999.250 -999.250 -999.250 -999.250 -999.250 -999.250 -999.250 -999.250 -999.250 -999.250 -999.250 1218.591 1205.986 1181.479 1203.159 1224.760 1204.639 1208.507 1174.475 1269.498 1294.701 1309.183 1365.581 1374.502 1505.355 1617.789 1655.996 1792.686 1932.319 2008.895 2113.100 2160.622 2211.123 2330.859 2366.157 2354.296 2447.668 2425.792 2426.975 2439.276 2373.063
-999.250 -999.250 -999.250 -999.250 -999.250 -999.250 -999.250 -999.250 -999.250 -999.250 -999.250 -999.250 -999.250 -999.250 -999.250 -999.250 -999.250 -999.250 -999.250 -999.250 -999.250 -999.250 -999.250 -999.250 -999.250 -999.250 -999.250 -999.250 -999.250 -999.250 -999.250 -999.250 -999.250 1099.440 1155.968 1131.554 1170.426 1160.288 1169.801 1164.633 1191.739 1190.807 1197.250 1291.944 1324.816 1425.850 1488.169 1583.899 1661.003 1755.449 1851.355 1895.934 1986.842 2036.721 2146.654 2219.901 2274.942 2287.697 2298.033 2285.807 2399.453 2420.933 2342.587
-999.250 -999.250 -999.250 -999.250 -999.250 -999.250 -999.250 -999.250 -999.250 -999.250 -999.250 -999.250 -999.250 -999.250 -999.250 -999.250 -999.250 -999.250 -999.250 -999.250 -999.250 -999.250 -999.250 -999.250 -999.250 -999.250 -999.250 -999.250 -999.250 -999.250 -999.250 -999.250 1056.064 1045.443 1062.816 1056.023 1052.333 1062.076 1107.352 1095.791 1165.579 1222.277 1245.088 1288.849 1349.042 1395.143 1456.091 1580.273 1678.639 1749.112 1756.805 1899.218 1936.003 2008.457 2024.368 2085.428 2166.422 2220.160 2279.184 2222.387 2320.501 2378.811 2252.107
-999.250 -999.250 -999.250 -999.250 -999.250 -999.250 -999.250 -999.250 -999.250 -999.250 -999.250 -999.250 -999.250 -999.250 -999.250 -999.250 -999.250 -999.250 -999.250 -999.250 -999.250 -999.250 -999.250 -999.250 -999.250 -999.250 -999.250 -999.250 -999.250 -999.250 -999.250 -999.250 1022.399 1031.027 1019.751 971.091 985.193 1049.285 1086.672 1126.534 1160.394 1226.170 1223.380 1289.348 1398.957 1440.593 1531.747 1614.291 1691.640 1701.427 1787.690 1852.588 1826.882 1932.722 1914.821 1928.860 2035.503 2099.200 2098.996 2199.545 2246.348 2274.282 2209.357
-999.250 -999.250 -999.250 -999.250 -999.250 -999.250 -999.250 -999.250 -999.250 -999.250 -999.250 -999.250 -999.250 -999.250 -999.250 -999.250 -999.250 -999.250 -999.250 -999.250 -999.250 -999.250 -999.250 -999.250 -999.250 -999.250 -999.250 -999.250 -999.250 -999.250 -999.250 -999.250 1015.320 1025.922 1003.029 984.033 958.663 1017.178 1060.481 1136.484 1136.389 1246.625 1268.027 1356.461 1442.671 1481.249 1498.323 1584.647 1645.648 1634.691 1678.277 1772.252 1771.646 1792.713 1842.463 1843.589 1939.791 2002.364 2019.276 2016.875 2134.425 2179.200 2170.201
-999.250 -999.250 -999.250 -999.250 -999.250 -999.250 -999.250 -999.250 -999.250 -999.250 -999.250 -999.250 -999.250 -999.250 -999.250 -999.250 -999.250 -999.250 -999.250 -999.250 -999.250 -999.250 -999.250 -999.250 -999.250 -999.250 -999.250 -999.250 -999.250 -999.250 -999.250 -999.250 996.286 994.928 1031.470 998.322 993.145 1032.736 1103.520 1128.462 1155.499 1282.616 1342.265 1417.984 1475.146 1489.848 1589.544 1641.506 1642.064 1632.723 1677.981 1703.717 1719.058 1738.825 1728.717 1764.482 1821.069 1818.841 1844.857 1991.812 2005.085 2041.050 2057.691
-999.250 -999.250 -999.250 -999.250 -999.250 -999.250 -999.250 -999.250 -999.250 -999.250 -999.250 -999.250 -999.250 -999.250 -999.250 -999.250 -999.250 -999.250 -999.250 -999.250 -999.250 -999.250 -999.250 -999.250 -999.250 -999.250 -999.250 -999.250 -999.250 -999.250 -999.250 995.465 1006.077 1008.087 1006.285 1007.183 1022.000 1066.828 1122.727 1162.105 1285.610 1335.393 1395.495 1513.402 1542.639 1606.239 1559.848 1620.272 1660.047 1640.642 1642.048 1608.153 1658.091 1690.483 1627.426 1649.540 1608.593 1677.216 1699.780 1820.674 1900.937 1973.162 2062.955
-999.250 -999.250 -999.250 -999.250 -999.250 -999.250 -999.250 -999.250 -999.250 -999.250 -999.250 -999.250 -999.250 -999.250 -999.250 -999.250 -999.250 -999.250 -999.250 -999.250 -999.250 -999.250 -999.250 -999.250 -999.250 -999.250 -999.250 -999.250 -999.250 -999.250 -999.250 987.532 998.749 977.355 987.369 1037.612 1078.702 1160.453 1209.066 1245.626 1339.260 1403.830 1504.242 1536.978 1630.099 1647.733 1643.554 1712.153 1763.562 1685.414 1671.993 1670.539 1648.458 1580.007 1585.151 1599.803 1547.266 1538.732 1628.289 1725.649 1797.412 1906.375 2017.743
-999.250 -999.250 -999.250 -999.250 -999.250 -999.250 -999.250 -999.250 -999.250 -999.250 -999.250 -999.250 -999.250 -999.250 -999.250 -999.250 -999.250 -999.250 -999.250 -999.250 -999.250 -999.250 -999.250 -999.250 -999.250 -999.250 -999.250 -999.250 -999.250 -999.250 -999.250 997.551 1015.357 973.523 1017.184 1031.872 1083.392 1203.742 1234.874 1278.082 1380.297 1504.325 1605.984 1673.591 1692.134 1723.194 1815.312 1815.236 1793.085 1789.878 1756.642 1701.558 1683.345 1603.380 1516.062 1499.113 1470.387 1454.696 1513.084 1627.743 1800.785 2022.251 2121.773
-999.250 -999.250 -999.250 -999.250 -999.250 -999.250 -999.250 -999.250 -999.250 -999.250 -999.250 -999.250 -999.250 -999.250 -999.250 -999.250 -999.250 -999.250 -999.250 -999.250 -999.250 -999.250 -999.250 -999.250 -999.250 -999.250 -999.250 -999.250 -999.250 -999.250 -999.250 996.478 1001.214 998.010 971.941 1053.298 1138.201 1224.501 1296.416 1377.390 1458.495 1587.556 1711.202 1744.614 1776.372 1810.922 1926.180 1956.518 1913.562 1919.431 1840.052 1734.172 1691.330 1591.543 1500.397 1366.615 1317.700 1338.588 1432.939 1596.877 1800.087 2057.809 2223.042
-999.250 -999.250 -999.250 -999.250 -999.250 -999.250 -999.250 -999.250 -999.250 -999.250 -999.250 -999.250 -999.250 -999.250 -999.250 -999.250 -999.250 -999.250 -999.250 -999.250 -999.250 -999.250 -999.250 -999.250 -999.250 -999.250 -999.250 -999.250 -999.250 -999.250 1013.047 1013.219 1027.729 1040.282 1059.470 1130.320 1250.568 1284.658 1382.255 1484.714 1567.716 1632.175 1784.587 1818.327 1885.329 2011.739 2117.405 2122.370 2051.320 2001.302 1931.554 1799.604 1723.358 1624.092 1520.111 1395.579 1254.357 1206.871 1329.454 1549.943 1813.735 2156.790 2345.746
-999.250 -999.250 -999.250 -999.250 -999.250 -999.250 -999.250 -999.250 -999.250 -999.250 -999.250 -999.250 -999.250 -999.250 -999.250 -999.250 -999.250 -999.250 -999.250 -999.250 -999.250 -999.250 -999.250 -999.250 -999.250 -999.250 -999.250 -999.250 -999.250 -999.250 1021.886 1051.758 1083.629 1100.742 1134.988 1225.307 1268.067 1368.493 1455.619 1565.414 1664.401 1724.318 1841.084 1928.844 2036.865 2111.716 2259.717 2221.650 2197.579 2112.138 2035.071 1975.018 1802.730 1625.931 1535.593 1335.718 1133.467 1102.083 1289.054 1627.461 1932.744 2207.996 2726.954
-999.250 -999.250 -999.250 -999.250 -999.250 -999.250 -999.250 -999.250 -999.250 -999.250 -999.250 -999.250 -999.250 -999.250 -999.250 -999.250 -999.250 -999.250 -999.250 -999.250 -999.250 -999.250 -999.250 -999.250 -999.250 -999.250 -999.250 -999.250 -999.250 -999.250 1049.147 1077.130 1138.830 1203.397 1238.642 1331.326 1348.868 1474.371 1544.439 1614.554 1685.944 1812.372 1952.174 2024.380 2140.371 2233.713 2298.557 2312.938 2234.711 2210.018 2178.475 2081.699 1890.718 1762.555 1660.043 1398.581 1185.519 954.220 1343.054 1692.195 2073.075 2464.967 2913.676
-999.250 -999.250 -999.250 -999.250 -999.250 -999.250 -999.250 -999.250 -999.250 -999.250 -999.250 -999.250 -999.250 -999.250 -999.250 -999.250 -999.250 -999.250 -999.250 -999.250 -999.250 -999.250 -999.250 -999.250 -999.250 -999.250 -999.250 -999.250 -999.250 -999.250 1066.956 1142.825 1174.368 1282.774 1317.183 1354.078 1503.544 1522.163 1629.377 1704.524 1742.310 1860.291 1999.218 2111.962 2189.052 2326.387 2357.321 2356.019 2311.413 2264.523 2287.517 2134.385 2093.856 1951.149 1791.962 1608.671 1441.340 1380.267 1616.687 1872.495 2257.168 2676.237 3031.374
-999.250 -999.250 -999.250 -999.250 -999.250 -999.250 -999.250 -999.250 -999.250 -999.250 -999.250 -999.250 -999.250 -999.250 -999.250 -999.250 -999.250 -999.250 -999.250 -999.250 -999.250 -999.250 -999.250 -999.250 -999.250 -999.250 -999.250 -999.250 -999.250 1143.347 1167.413 1202.975 1275.547 1315.024 1389.091 1447.165 1544.926 1606.432 1724.279 1807.166 1853.892 1976.661 2081.113 2225.372 2268.153 2322.371 2394.188 2413.599 2384.926 2424.013 2341.084 2300.020 2273.967 2102.487 1973.354 1812.810 1732.464 1663.815 1807.443 2026.870 2424.469 2729.942 2978.350
-999.250 -999.250 -999.250 -999.250 -999.250 -999.250 -999.250 -999.250 -999.250 -999.250 -999.250 -999.250 -999.250 -999.250 -999.250 -999.250 -999.250 -999.250 -999.250 -999.250 -999.250 -999.250 -999.250 -999.250 -999.250 -999.250 -999.250 -999.250 -999.250 1152.556 1177.302 1273.736 1294.111 1372.474 1441.322 1532.801 1614.243 1742.088 1744.143 1849.273 1949.272 2008.461 2106.030 2220.866 2326.173 2375.016 2431.166 2406.427 2403.470 2429.452 2389.282 2376.431 2391.012 2331.848 2163.779 1994.404 1915.979 1919.547 1957.791 2139.313 2471.427 2705.602 2982.928
-999.250 -999.250 -999.250 -999.250 -999.250 -999.250 -999.250 -999.250 -999.250 -999.250 -999.250 -999.250 -999.250 -999.250 -999.250 -999.250 -999.250 -999.250 -999.250 -999.250 -999.250 -999.250 -999.250 -999.250 -999.250 -999.250 -999.250 -999.250 -999.250 1226.474 1255.133 1268.240 1354.064 1438.770 1445.168 1636.402 1645.533 1768.175 1857.581 1937.790 2066.218 2118.708 2217.601 2264.887 2393.359 2397.293 2431.441 2480.123 2424.941 2436.829 2394.954 2419.502 2433.891 2526.654 2332.865 2188.971 2117.129 2100.097 2153.101 2286.393 2508.828 2694.147 2868.329
-999.250 -999.250 -999.250 -999.250 -999.250 -999.250 -999.250 -999.250 -999.250 -999.250 -999.250 -999.250 -999.250 -999.250 -999.250 -999.250 -999.250 -999.250 -999.250 -999.250 -999.250 -999.250 -999.250 -999.250 -999.250 -999.250 -999.250 -999.250 -999.250 1202.354 1248.033 1289.924 1374.823 1410.404 1524.194 1617.105 1741.140 1829.605 1985.307 2070.537 2105.087 2107.959 2247.764 2295.382 2446.556 2404.585 2470.116 2531.821 2531.741 2403.056 2392.627 2356.171 2368.495 2306.310 2232.408 2169.258 2127.676 2125.608 2298.417 2336.203 2560.683 2663.911 2813.847
-999.250 -999.250 -999.250 -999.250 -999.250 -999.250 -999.250 -999.250 -999.250 -999.250 -999.250 -999.250 -999.250 -999.250 -999.250 -999.250 -999.250 -999.250 -999.250 -999.250 -999.250 -999.250 -999.250 -999.250 -999.250 -999.250 -999.250 -999.250 1202.683 1255.896 1247.436 1278.636 1346.032 1476.781 1578.558 1685.741 1811.526 1895.009 2047.506 2116.568 2205.198 2198.881 2241.747 2358.474 2365.893 2434.405 2502.802 2518.150 2496.296 2447.200 2306.105 2267.097 2173.958 2194.373 2115.608 2045.818 2043.770 2144.640 2329.146 2332.899 2519.089 2607.038 2814.904
-999.250 -999.250 -999.250 -999.250 -999.250 -999.250 -999.250 -999.250 -999.250 -999.250 -999.250 -999.250 -999.250 -999.250 -999.250 -999.250 -999.250 -999.250 -999.250 -999.250 -999.250 -999.250 -999.250 -999.250 -999.250 -999.250 -999.250 -999.250 1201.557 1235.637 1248.004 1285.499 1377.404 1515.290 1640.618 1701.108 1849.613 1964.902 2054.402 2172.830 2222.021 2250.826 2377.381 2426.805 2378.282 2396.960 2543.118 2541.864 2439.704 2328.555 2292.566 2171.982 2104.061 2015.109 1876.517 1895.686 1967.839 2116.684 2215.223 2382.472 2535.932 2570.992 2624.012
-999.250 -999.250 -999.250 -999.250 -999.250 -999.250 -999.250 -999.250 -999.250 -999.250 -999.250 -999.250 -999.250 -999.250 -999.250 -999.250 -999.250 -999.250 -999.250 -999.250 -999.250 -999.250 -999.250 -999.250 -999.250 -999.250 -999.250 1096.905 1127.854 1166.172 1230.225 1293.609 1375.711 1499.386 1645.465 1716.781 1853.277 1961.638 2061.529 2103.015 2197.294 2275.242 2310.047 2365.338 2371.741 2364.043 2403.805 2413.423 2400.183 2260.768 2209.207 2029.312 1886.976 1755.211 1666.887 1707.603 1875.455 2051.685 2239.372 2396.028 2533.724 2582.452 2595.180
-999.250 -999.250 -999.250 -999.250 -999.250 -999.250 -999.250 -999.250 -999.250 -999.250 -999.250 -999.250 -999.250 -999.250 -999.250 -999.250 -999.250 -999.250 -999.250 -999.250 -999.250 -999.250 -999.250 -999.250 -999.250 -999.250 -999.250 1079.672 1129.814 1103.927 1180.367 1263.859 1331.019 1490.388 1601.518 1716.564 1791.139 1943.912 2069.997 2097.352 2085.532 2207.313 2276.887 2332.988 2375.721 2335.622 2332.508 2337.142 2235.577 2162.759 2038.665 1899.285 1751.371 1615.007 1397.896 1600.055 1816.151 2015.820 2184.980 2434.345 2471.984 2568.998 2543.068
-999.250 -999.250 -999.250 -999.250 -999.250 -999.250 -999.250 -999.250 -999.250 -999.250 -999.250 -999.250 -999.250 -999.250 -999.250 -999.250 -999.250 -999.250 -999.250 -999.250 -999.250 -999.250 -999.250 -999.250 -999.250 -999.250 -999.250 1073.594 1075.562 1114.544 1118.601 1195.789 1314.691 1402.369 1553.695 1683.191 1721.548 1865.964 1954.540 1989.732 2074.776 2168.583 2204.469 2257.023 2327.519 2291.126 2303.490 2216.223 2177.192 2065.307 1988.745 1867.930 1667.996 1533.092 1456.826 1564.489 1784.061 1974.220 2253.386 2371.146 2584.426 2674.449 2625.100
-999.250 -999.250 -999.250 -999.250 -999.250 -999.250 -999.250 -999.250 -999.250 -999.250 -999.250 -999.250 -999.250 -999.250 -999.250 -999.250 -999.250 -999.250 -999.250 -999.250 -999.250 -999.250 -999.250 -999.250 -999.250 -999.250 -999.250 1046.903 1043.998 1060.715 1086.013 1161.266 1288.804 1354.737 1470.755 1612.407 1697.040 1748.726 1825.993 1920.041 2016.856 2021.861 2128.270 2151.913 2230.259 2251.194 2316.330 2187.844 2156.369 2069.664 1946.609 1755.486 1707.757 1544.409 1551.653 1580.686 1799.925 1981.354 2246.191 2601.701 2699.648 2816.299 2736.959
-999.250 -999.250 -999.250 -999.250 -999.250 -999.250 -999.250 -999.250 -999.250 -999.250 -999.250 -999.250 -999.250 -999.250 -999.250 -999.250 -999.250 -999.250 -999.250 -999.250 -999.250 -999.250 -999.250 -999.250 -999.250 -999.250 -999.250 -999.250 1033.447 1060.598 1065.479 1124.736 1273.342 1341.273 1423.918 1474.025 1610.364 1639.889 1739.864 1797.197 1902.510 2023.479 2019.444 2083.427 2141.806 2193.146 2190.073 2191.672 2188.715 2123.911 2003.144 1807.751 1693.389 1565.647 1486.509 1524.287 1709.410 1982.654 2282.938 2750.708 2898.366 2871.553 2773.858
-999.250 -999.250 -999.250 -999.250 -999.250 -999.250 -999.250 -999.250 -999.250 -999.250 -999.250 -999.250 -999.250 -999.250 -999.250 -999.250 -999.250 -999.250 -999.250 -999.250 -999.250 -999.250 -999.250 -999.250 -999.250 -999.250 -999.250 -999.250 1027.897 1081.168 1072.625 1116.493 1243.472 1311.300 1395.451 1402.278 1533.976 1569.127 1665.321 1711.450 1762.040 1828.614 1965.130 2005.648 2074.728 2129.444 2152.139 2184.733 2120.305 2116.138 2004.175 1833.171 1727.460 1559.074 1420.824 1474.797 1645.447 1934.315 2290.476 2733.943 3180.026 2907.524 2815.556
