data/medianmodel_21-Feb-2021.asc
ncols	141
nrows	288
xllcorner	-120191.398
yllcorner	-301404.813
cellsize	2000.000
NODATA_value	-999.250
[rows 203 to 231 of 288, columns 65 to 129 of 141]
138.103 129.966 127.467 123.035 127.737 120.696 107.969 108.890 118.642 118.259 130.007 129.279 125.457 132.190 126.296 130.992 134.555 138.415 136.731 146.222 160.021 159.337 145.545 136.544 143.685 129.769 131.085 124.137 109.090 111.861 -999.250 -999.250 -999.250 -999.250 -999.250 -999.250 -999.250 -999.250 -999.250 -999.250 -999.250 -999.250 -999.250 -999.250 -999.250 -999.250 -999.250 -999.250 -999.250 -999.250 -999.250 -999.250 -999.250 -999.250 -999.250 -999.250 -999.250 -999.250 -999.250 -999.250 -999.250 -999.250 -999.250 -999.250 -999.250
134.244 133.025 132.211 127.410 117.957 114.846 99.395 97.952 96.560 110.545 119.194 125.142 122.533 122.845 122.152 130.826 132.476 140.027 143.901 151.091 164.941 156.316 151.831 140.658 136.490 131.701 115.309 104.806 94.246 95.159 96.881 -999.250 -999.250 -999.250 -999.250 -999.250 -999.250 -999.250 -999.250 -999.250 -999.250 -999.250 -999.250 -999.250 -999.250 -999.250 -999.250 -999.250 -999.250 -999.250 -999.250 -999.250 -999.250 -999.250 -999.250 -999.250 -999.250 -999.250 -999.250 -999.250 -999.250 -999.250 -999.250 -999.250 -999.250
134.358 138.636 134.307 126.149 118.269 106.683 85.364 95.609 94.383 109.964 108.621 108.716 115.712 114.980 121.589 127.445 132.669 140.155 151.100 159.450 173.856 165.081 161.789 146.027 142.121 128.165 115.917 107.890 89.531 78.385 -999.250 -999.250 -999.250 -999.250 -999.250 -999.250 -999.250 -999.250 -999.250 -999.250 -999.250 -999.250 -999.250 -999.250 -999.250 -999.250 -999.250 -999.250 -999.250 -999.250 -999.250 -999.250 -999.250 -999.250 -999.250 -999.250 -999.250 -999.250 -999.250 -999.250 -999.250 -999.250 -999.250 -999.250 -999.250
135.793 131.743 128.665 125.896 120.326 107.942 94.451 97.539 99.617 92.775 94.118 91.888 102.101 108.874 120.490 124.504 131.619 141.686 153.385 172.442 189.715 179.723 158.174 152.897 141.204 136.133 112.814 97.104 79.413 62.498 60.737 -999.250 -999.250 -999.250 -999.250 -999.250 -999.250 -999.250 -999.250 -999.250 -999.250 -999.250 -999.250 -999.250 -999.250 -999.250 -999.250 -999.250 -999.250 -999.250 -999.250 -999.250 -999.250 -999.250 -999.250 -999.250 -999.250 -999.250 -999.250 -999.250 -999.250 -999.250 -999.250 -999.250 -999.250
145.434 136.687 127.613 117.320 116.315 101.400 80.564 90.803 89.509 89.008 83.260 90.468 91.147 106.094 115.227 121.424 128.121 140.034 151.629 166.457 176.713 173.565 162.712 150.592 139.105 131.195 110.922 95.524 78.575 56.574 50.852 56.232 -999.250 -999.250 -999.250 -999.250 -999.250 -999.250 -999.250 -999.250 -999.250 -999.250 -999.250 -999.250 -999.250 -999.250 -999.250 -999.250 -999.250 -999.250 -999.250 -999.250 -999.250 -999.250 -999.250 -999.250 -999.250 -999.250 -999.250 -999.250 -999.250 -999.250 -999.250 -999.250 -999.250
157.586 144.331 134.195 126.965 116.647 101.985 86.653 85.698 89.115 78.846 76.323 81.332 83.296 95.201 99.318 109.839 121.398 139.267 145.427 154.369 169.858 172.275 166.930 153.415 139.724 132.513 107.321 97.297 73.192 61.660 46.415 50.277 -999.250 -999.250 -999.250 -999.250 -999.250 -999.250 -999.250 -999.250 -999.250 -999.250 -999.250 -999.250 -999.250 -999.250 -999.250 -999.250 -999.250 -999.250 -999.250 -999.250 -999.250 -999.250 -999.250 -999.250 -999.250 -999.250 -999.250 -999.250 -999.250 -999.250 -999.250 -999.250 -999.250
162.070 152.223 133.212 130.209 118.994 105.022 84.265 79.590 90.634 69.799 60.767 66.961 69.426 81.253 87.127 90.982 110.430 128.979 144.688 153.712 159.997 159.581 154.046 154.544 146.477 138.118 119.382 105.180 75.939 74.319 58.214 40.816 71.359 -999.250 -999.250 -999.250 -999.250 -999.250 -999.250 -999.250 -999.250 -999.250 -999.250 -999.250 -999.250 -999.250 -999.250 -999.250 -999.250 -999.250 -999.250 -999.250 -999.250 -999.250 -999.250 -999.250 -999.250 -999.250 -999.250 -999.250 -999.250 -999.250 -999.250 -999.250 -999.250
176.630 162.365 142.785 128.770 118.564 100.503 91.255 77.429 81.250 67.142 62.743 53.832 60.004 64.676 74.536 96.596 110.003 127.708 140.573 149.869 152.958 157.427 155.478 154.857 142.734 139.463 126.873 114.213 96.889 88.851 78.829 84.726 95.907 126.876 -999.250 -999.250 -999.250 -999.250 -999.250 -999.250 -999.250 -999.250 -999.250 -999.250 -999.250 -999.250 -999.250 -999.250 -999.250 -999.250 -999.250 -999.250 -999.250 -999.250 -999.250 -999.250 -999.250 -999.250 -999.250 -999.250 -999.250 -999.250 -999.250 -999.250 -999.250
194.363 163.082 140.394 128.449 125.183 104.349 94.730 73.203 65.046 66.218 57.944 59.954 62.330 66.634 69.782 85.247 96.833 116.017 129.774 139.405 154.656 157.606 174.848 156.341 153.909 149.607 146.826 132.492 122.916 120.139 116.619 122.927 136.709 147.940 170.592 -999.250 -999.250 -999.250 -999.250 -999.250 -999.250 -999.250 -999.250 -999.250 -999.250 -999.250 -999.250 -999.250 -999.250 -999.250 -999.250 -999.250 -999.250 -999.250 -999.250 -999.250 -999.250 -999.250 -999.250 -999.250 -999.250 -999.250 -999.250 -999.250 -999.250
181.441 156.507 138.246 123.171 123.460 102.955 88.582 73.626 67.938 59.545 57.795 58.453 60.247 57.259 66.457 72.518 93.598 106.596 127.476 143.038 149.882 167.585 162.712 171.595 162.603 170.879 161.325 146.654 145.112 147.722 144.726 156.181 157.968 182.992 198.312 230.281 -999.250 -999.250 -999.250 -999.250 -999.250 -999.250 -999.250 -999.250 -999.250 -999.250 -999.250 -999.250 -999.250 -999.250 -999.250 -999.250 -999.250 -999.250 -999.250 -999.250 -999.250 -999.250 -999.250 -999.250 -999.250 -999.250 -999.250 -999.250 -999.250
151.616 141.006 134.165 126.490 125.303 110.711 93.868 83.287 72.829 59.704 57.132 56.387 55.216 51.476 64.091 70.199 86.412 115.979 129.394 148.442 153.773 175.344 180.781 179.996 184.900 188.693 190.030 185.392 183.565 189.483 191.546 199.110 204.007 212.377 234.759 246.504 -999.250 -999.250 -999.250 -999.250 -999.250 -999.250 -999.250 -999.250 -999.250 -999.250 -999.250 -999.250 -999.250 -999.250 -999.250 -999.250 -999.250 -999.250 -999.250 -999.250 -999.250 -999.250 -999.250 -999.250 -999.250 -999.250 -999.250 -999.250 -999.250
141.277 132.300 124.605 126.538 124.410 115.067 104.761 97.243 75.468 61.608 58.760 56.327 49.504 56.151 63.335 72.785 95.226 116.070 134.132 146.668 160.644 178.167 193.810 207.074 202.018 206.446 208.390 211.784 226.007 234.917 235.121 244.035 244.666 261.734 276.551 302.116 312.631 -999.250 -999.250 -999.250 -999.250 -999.250 -999.250 -999.250 -999.250 -999.250 -999.250 -999.250 -999.250 -999.250 -999.250 -999.250 -999.250 -999.250 -999.250 -999.250 -999.250 -999.250 -999.250 -999.250 -999.250 -999.250 -999.250 -999.250 -999.250
129.581 128.604 132.794 130.400 129.119 135.184 123.252 101.323 90.434 69.098 60.274 61.348 54.780 53.353 67.096 83.524 89.866 116.394 135.563 151.216 182.386 196.006 203.962 228.277 234.923 239.466 248.119 245.277 249.670 254.183 280.077 269.983 290.019 283.471 311.584 344.012 364.450 354.139 -999.250 -999.250 -999.250 -999.250 -999.250 -999.250 -999.250 -999.250 -999.250 -999.250 -999.250 -999.250 -999.250 -999.250 -999.250 -999.250 -999.250 -999.250 -999.250 -999.250 -999.250 -999.250 -999.250 -999.250 -999.250 -999.250 -999.250
120.808 132.494 139.339 140.805 142.888 143.381 133.917 121.760 98.275 81.303 66.573 62.084 58.815 60.704 65.089 84.794 97.086 117.474 131.833 151.244 181.498 201.368 231.373 235.823 248.038 262.684 285.142 282.537 294.418 298.184 308.051 316.109 329.154 342.588 363.990 378.269 395.101 391.933 -999.250 -999.250 -999.250 -999.250 -999.250 -999.250 -999.250 -999.250 -999.250 -999.250 -999.250 -999.250 -999.250 -999.250 -999.250 -999.250 -999.250 -999.250 -999.250 -999.250 -999.250 -999.250 -999.250 -999.250 -999.250 -999.250 -999.250
121.114 138.765 146.575 152.491 163.365 160.740 151.608 131.526 113.265 88.012 72.595 66.090 65.547 67.047 68.859 89.974 101.160 123.865 140.106 161.312 193.682 208.847 241.963 250.950 283.009 296.839 309.973 332.552 353.516 342.410 351.988 354.453 354.763 381.519 391.045 393.438 412.838 423.085 -999.250 -999.250 -999.250 -999.250 -999.250 -999.250 -999.250 -999.250 -999.250 -999.250 -999.250 -999.250 -999.250 -999.250 -999.250 -999.250 -999.250 -999.250 -999.250 -999.250 -999.250 -999.250 -999.250 -999.250 -999.250 -999.250 -999.250
164.764 176.925 178.926 185.643 187.016 183.995 172.133 156.731 133.043 108.189 92.489 71.324 70.075 83.998 89.049 94.274 109.607 129.448 143.734 165.305 197.805 229.672 253.055 285.136 297.381 320.075 347.678 350.410 364.610 368.292 374.682 385.857 381.835 402.776 406.766 419.777 419.867 434.253 464.849 -999.250 -999.250 -999.250 -999.250 -999.250 -999.250 -999.250 410.613 -999.250 -999.250 -999.250 -999.250 -999.250 -999.250 -999.250 -999.250 -999.250 -999.250 -999.250 -999.250 -999.250 -999.250 -999.250 -999.250 -999.250 -999.250
217.882 213.155 214.830 214.184 231.547 225.025 204.623 178.994 144.510 126.884 107.108 87.887 74.489 79.413 89.218 104.974 124.683 133.588 151.396 176.350 198.872 234.266 262.681 298.395 334.364 353.195 363.306 385.607 388.882 401.786 413.717 409.041 421.602 412.996 443.064 463.912 456.547 472.752 494.157 488.888 -999.250 -999.250 -999.250 537.564 502.871 473.039 446.434 -999.250 -999.250 -999.250 -999.250 -999.250 -999.250 -999.250 -999.250 -999.250 -999.250 -999.250 -999.250 -999.250 -999.250 -999.250 -999.250 -999.250 -999.250
256.164 245.787 247.583 251.184 249.430 261.153 225.255 187.162 152.030 132.975 111.759 93.684 86.736 84.264 93.338 104.225 116.645 140.731 162.275 181.249 209.937 235.458 255.768 314.797 345.081 381.148 396.649 427.610 434.753 439.414 430.249 437.368 441.042 453.207 456.932 469.207 487.027 499.112 486.894 506.607 -999.250 606.915 589.322 601.673 572.426 494.732 -999.250 -999.250 -999.250 -999.250 -999.250 -999.250 -999.250 -999.250 -999.250 -999.250 -999.250 -999.250 -999.250 -999.250 -999.250 -999.250 -999.250 -999.250 -999.250
295.336 279.951 263.440 267.238 265.580 252.641 227.143 191.617 163.629 132.206 109.160 102.055 93.179 95.438 105.750 118.347 126.470 144.459 168.405 188.029 213.875 239.436 265.663 315.613 365.554 394.461 446.638 460.425 463.901 447.311 456.546 436.219 456.466 464.744 452.399 479.691 516.759 516.261 493.753 510.668 549.172 622.739 734.394 621.777 597.744 508.843 -999.250 -999.250 -999.250 -999.250 -999.250 -999.250 -999.250 -999.250 -999.250 -999.250 -999.250 -999.250 -999.250 -999.250 -999.250 -999.250 -999.250 -999.250 -999.250
332.329 334.096 277.343 262.311 244.488 242.662 207.757 189.247 157.651 132.189 117.762 115.762 104.564 106.624 107.609 120.382 130.712 141.722 165.889 190.164 214.604 251.416 282.403 331.785 370.032 414.368 476.645 524.858 510.327 467.904 467.674 444.613 450.152 446.490 467.200 480.195 512.966 526.958 511.601 565.349 545.807 591.243 611.974 575.196 533.230 527.214 -999.250 -999.250 -999.250 -999.250 -999.250 -999.250 -999.250 -999.250 -999.250 -999.250 -999.250 -999.250 -999.250 -999.250 -999.250 -999.250 -999.250 -999.250 -999.250
352.789 327.709 299.114 272.177 252.238 232.023 210.268 190.562 156.380 142.709 125.655 121.373 110.509 113.651 113.591 123.414 134.646 146.227 160.200 190.745 227.774 254.273 291.391 329.378 366.926 420.616 462.769 484.353 475.963 458.731 442.997 436.653 451.989 460.916 451.272 469.932 533.827 510.708 525.482 599.913 559.510 551.691 523.179 543.120 509.238 503.834 -999.250 -999.250 -999.250 -999.250 -999.250 -999.250 -999.250 -999.250 -999.250 -999.250 -999.250 -999.250 -999.250 -999.250 -999.250 -999.250 -999.250 -999.250 -999.250
355.180 350.034 305.278 277.098 260.346 229.510 206.714 179.287 163.671 137.364 131.429 124.714 121.902 121.324 119.133 133.124 130.804 150.710 170.651 191.177 236.553 245.782 274.114 336.037 365.282 405.185 459.635 441.589 449.941 454.818 447.214 427.286 451.436 447.080 479.426 477.693 516.702 513.292 535.682 522.964 526.161 558.027 514.385 486.984 468.475 -999.250 -999.250 -999.250 -999.250 -999.250 -999.250 -999.250 -999.250 -999.250 -999.250 -999.250 -999.250 -999.250 -999.250 -999.250 -999.250 -999.250 -999.250 -999.250 -999.250
370.774 357.360 336.675 282.411 263.052 231.108 207.302 190.004 163.149 144.041 133.839 129.243 116.309 129.961 126.105 135.457 143.871 151.708 177.251 222.736 231.997 249.408 272.698 316.203 352.416 387.115 411.573 419.572 411.646 424.734 425.358 461.902 460.458 472.820 466.961 492.482 511.341 502.279 511.392 521.582 502.861 536.457 506.244 456.697 442.418 -999.250 -999.250 -999.250 -999.250 -999.250 -999.250 -999.250 -999.250 -999.250 -999.250 -999.250 -999.250 -999.250 -999.250 -999.250 -999.250 -999.250 -999.250 -999.250 -999.250
384.687 388.908 361.584 306.486 252.064 214.299 202.245 190.131 164.207 140.558 138.057 128.228 126.568 130.718 128.543 140.771 154.238 161.831 185.700 202.745 226.670 238.123 261.286 324.917 360.763 376.987 387.289 395.842 410.287 432.159 426.574 415.176 459.438 443.330 448.352 440.533 504.155 515.198 502.057 477.460 463.435 471.505 467.418 448.044 388.244 -999.250 -999.250 -999.250 -999.250 -999.250 -999.250 -999.250 -999.250 -999.250 -999.250 -999.250 -999.250 -999.250 -999.250 -999.250 -999.250 -999.250 -999.250 -999.250 -999.250
400.682 386.053 342.280 295.096 260.168 214.517 199.996 179.415 156.190 140.074 134.018 131.191 130.679 128.809 132.845 151.232 154.219 163.943 177.049 194.198 226.495 240.428 253.799 275.206 338.690 348.203 372.804 400.323 409.594 403.795 410.572 415.298 441.013 434.143 453.996 432.707 477.364 477.243 425.737 415.514 445.863 432.298 453.713 432.345 -999.250 -999.250 -999.250 -999.250 -999.250 -999.250 -999.250 -999.250 -999.250 -999.250 -999.250 -999.250 -999.250 -999.250 -999.250 -999.250 -999.250 -999.250 -999.250 -999.250 -999.250
393.230 384.743 361.801 323.854 261.614 212.360 183.992 175.640 158.695 152.634 139.284 136.006 137.480 139.591 143.625 152.388 162.370 160.406 177.962 194.367 223.176 237.350 249.575 289.904 314.119 330.501 365.034 381.640 377.865 382.337 391.937 416.861 416.215 457.029 412.317 450.336 453.516 476.947 419.702 -999.250 -999.250 398.075 396.124 391.392 -999.250 -999.250 -999.250 -999.250 -999.250 -999.250 -999.250 -999.250 -999.250 -999.250 -999.250 -999.250 -999.250 -999.250 -999.250 -999.250 -999.250 -999.250 -999.250 -999.250 -999.250
439.294 420.652 381.439 329.928 266.048 199.530 181.045 180.230 171.842 160.076 156.314 147.226 150.299 146.164 141.660 152.538 162.918 175.064 184.480 195.881 224.611 240.777 253.391 283.536 287.023 323.223 345.161 358.749 356.597 371.281 378.781 388.811 400.225 420.125 415.740 423.035 405.815 404.575 397.977 -999.250 -999.250 -999.250 -999.250 -999.250 -999.250 -999.250 -999.250 -999.250 -999.250 -999.250 -999.250 -999.250 -999.250 -999.250 -999.250 -999.250 -999.250 -999.250 -999.250 -999.250 -999.250 -999.250 -999.250 -999.250 -999.250
460.711 420.084 401.066 337.476 277.590 236.922 202.724 196.944 189.829 181.346 168.731 157.381 155.378 154.032 150.897 154.864 166.235 181.323 181.434 200.945 219.976 237.741 251.863 286.062 278.806 317.569 330.587 325.909 341.508 347.312 366.415 371.698 364.206 386.468 387.008 -999.250 -999.250 380.667 -999.250 -999.250 -999.250 -999.250 -999.250 -999.250 -999.250 -999.250 -999.250 -999.250 -999.250 -999.250 -999.250 -999.250 -999.250 -999.250 -999.250 -999.250 -999.250 -999.250 -999.250 -999.250 -999.250 -999.250 -999.250 -999.250 -999.250
431.531 423.487 400.582 377.413 330.429 264.697 240.271 211.487 205.067 190.833 183.587 169.546 175.926 159.589 157.448 170.985 174.228 169.280 181.522 205.540 217.141 237.922 254.389 264.370 274.736 305.332 322.919 320.313 335.985 359.170 383.013 363.741 365.550 -999.250 -999.250 -999.250 -999.250 -999.250 -999.250 -999.250 -999.250 -999.250 -999.250 -999.250 -999.250 -999.250 -999.250 -999.250 -999.250 -999.250 -999.250 -999.250 -999.250 -999.250 -999.250 -999.250 -999.250 -999.250 -999.250 -999.250 -999.250 -999.250 -999.250 -999.250 -999.250
