data/medianmodel_07-May-2020.asc
ncols	141
nrows	288
xllcorner	-120191.398
yllcorner	-301404.813
cellsize	2000.000
NODATA_value	-999.250
[rows 186 to 216 of 288, columns 0 to 68 of 141]
54.094 49.668 52.848 54.450 49.448 54.195 55.977 57.445 67.229 73.837 74.984 78.890 76.736 64.007 64.473 78.530 92.149 91.295 -999.250 -999.250 -999.250 -999.250 -999.250 59.454 52.001 42.707 31.112 23.281 16.784 12.295 14.588 14.303 14.814 21.433 26.144 30.570 38.965 30.623 34.086 40.044 33.212 25.580 25.045 19.023 18.928 15.853 13.582 11.486 16.139 13.668 10.336 8.346 11.336 11.965 9.879 11.812 12.865 12.691 9.984 4.565 7.363 3.054 2.630 1.998 0.000 0.000 0.631 2.221 2.606
-999.250 58.450 53.828 53.359 45.489 48.509 49.456 51.696 59.943 59.451 67.705 81.032 102.115 83.822 79.486 80.535 85.101 87.584 -999.250 -999.250 -999.250 -999.250 68.036 62.257 47.812 41.507 28.069 24.421 21.185 17.065 17.070 16.462 20.321 26.231 32.357 31.027 38.607 32.203 35.884 33.803 33.044 26.372 23.518 17.037 14.003 11.601 11.195 12.549 11.650 10.548 9.646 11.486 10.429 9.278 11.287 12.211 13.353 11.207 11.168 6.674 5.141 5.056 2.058 0.276 0.000 0.000 0.000 2.499 4.212
-999.250 55.480 55.801 50.755 50.244 50.079 49.092 49.286 53.183 56.609 62.210 77.013 79.885 83.898 79.307 81.058 84.284 84.911 -999.250 -999.250 -999.250 79.710 -999.250 58.679 50.668 37.940 27.868 20.427 20.027 19.742 18.612 21.305 22.075 26.149 31.421 38.802 36.912 36.238 32.288 34.479 32.100 26.863 25.039 17.555 11.784 11.898 9.533 9.732 11.495 10.141 9.956 10.322 11.273 12.582 13.340 13.216 12.637 14.743 7.839 8.574 5.207 4.710 5.301 1.532 0.637 0.000 0.000 2.912 5.582
-999.250 52.898 58.246 54.557 52.500 45.891 45.335 55.521 51.440 53.108 51.631 53.954 66.765 74.836 77.855 75.821 81.939 -999.250 -999.250 -999.250 -999.250 81.983 73.827 61.220 46.692 36.177 27.013 18.255 18.804 17.795 16.535 19.658 23.380 30.691 37.938 41.863 32.890 33.195 33.281 31.322 29.780 32.388 21.426 18.863 13.841 10.917 7.430 8.859 8.133 8.913 11.696 9.226 10.571 15.991 14.087 15.030 12.976 14.495 8.781 6.870 5.681 5.163 6.477 4.714 1.622 2.151 2.194 4.205 5.077
-999.250 50.747 55.690 56.178 54.487 45.700 42.598 46.772 39.063 39.225 39.318 43.403 53.613 61.710 68.338 72.054 71.001 -999.250 -999.250 -999.250 74.665 76.935 88.520 58.769 50.270 34.293 26.059 20.064 20.215 16.937 12.916 18.840 23.585 32.857 30.426 33.197 38.709 40.923 35.172 35.016 34.667 26.032 20.615 14.521 10.306 8.719 5.870 4.990 6.858 8.076 7.799 7.476 10.164 13.015 15.336 13.261 14.243 13.420 10.158 8.567 6.191 7.533 7.604 2.630 2.266 2.464 2.858 3.927 4.880
-999.250 -999.250 -999.250 54.805 -999.250 -999.250 36.350 33.835 33.103 -999.250 -999.250 -999.250 47.961 52.056 -999.250 -999.250 -999.250 -999.250 -999.250 -999.250 77.666 73.761 70.278 54.919 45.688 27.670 24.333 16.298 15.090 13.008 11.024 16.134 21.151 27.147 35.537 29.526 30.372 33.437 31.244 38.056 29.380 21.067 18.808 13.525 8.852 2.662 0.000 4.237 4.751 8.049 7.196 8.948 8.380 13.093 11.871 12.392 10.666 11.452 10.608 9.681 8.194 5.907 5.311 4.139 0.807 2.001 5.376 6.464 6.723
-999.250 -999.250 -999.250 -999.250 -999.250 -999.250 -999.250 -999.250 -999.250 -999.250 -999.250 -999.250 -999.250 46.179 46.033 47.590 -999.250 -999.250 -999.250 74.569 78.835 68.335 52.415 42.297 31.151 21.162 16.100 10.810 9.971 11.355 8.809 11.627 16.929 28.512 28.162 36.322 34.228 35.137 28.844 25.014 27.098 19.186 13.208 9.676 4.468 0.000 0.000 1.698 5.065 5.171 7.575 8.823 7.722 10.742 11.578 13.040 11.155 10.331 8.678 8.842 7.448 6.423 6.447 5.766 2.478 3.717 4.277 7.601 8.465
-999.250 -999.250 -999.250 -999.250 -999.250 -999.250 -999.250 -999.250 -999.250 -999.250 -999.250 39.134 39.305 45.954 47.504 49.101 -999.250 -999.250 69.003 78.513 74.598 65.922 50.308 37.912 29.083 21.060 12.083 9.538 6.974 7.401 7.159 10.977 14.445 20.048 24.895 30.097 29.276 29.214 27.462 19.532 24.000 16.949 14.340 7.596 5.729 0.000 1.598 0.000 2.607 5.189 6.108 5.976 12.664 7.978 12.560 11.984 12.782 10.035 8.957 9.014 10.790 5.997 4.711 7.464 5.959 2.609 5.671 6.916 7.108
-999.250 -999.250 -999.250 -999.250 -999.250 -999.250 -999.250 -999.250 -999.250 -999.250 -999.250 34.855 37.387 36.229 34.076 32.677 36.776 44.233 52.745 60.717 60.814 52.789 41.369 29.134 20.876 13.305 6.224 6.202 7.361 5.055 5.923 8.019 11.393 12.619 21.021 27.714 24.158 24.213 23.954 18.536 18.908 13.363 12.121 7.123 6.094 1.593 1.309 1.556 2.349 4.240 4.473 7.618 11.149 11.286 10.197 12.420 11.082 9.804 8.338 11.183 9.254 8.241 6.841 6.905 6.911 6.868 6.014 4.507 3.672
-999.250 -999.250 -999.250 -999.250 -999.250 -999.250 -999.250 -999.250 -999.250 -999.250 -999.250 -999.250 35.585 31.435 23.876 20.993 24.441 31.109 40.291 49.804 48.977 42.340 38.106 24.384 16.730 10.137 6.254 4.250 4.235 4.056 5.071 3.308 8.868 12.336 18.782 17.093 28.303 20.489 22.284 19.276 11.981 11.988 8.734 7.858 6.409 4.185 3.297 4.501 5.105 5.120 6.508 7.364 7.937 9.569 8.818 9.951 9.813 8.612 10.837 9.989 8.361 8.086 8.231 7.280 8.348 6.400 5.098 5.512 5.446
-999.250 -999.250 -999.250 -999.250 -999.250 -999.250 -999.250 -999.250 -999.250 -999.250 -999.250 -999.250 -999.250 26.316 20.065 17.236 19.899 24.657 28.338 35.832 36.920 34.700 28.259 21.533 15.974 11.784 8.066 5.396 4.586 3.753 3.046 3.714 10.340 14.112 17.477 13.739 14.921 16.491 17.155 15.455 13.178 11.082 9.787 9.314 7.897 7.939 6.279 4.581 5.208 5.834 6.362 6.957 7.925 9.219 12.953 11.379 10.516 8.625 11.018 11.595 10.133 8.128 8.546 5.302 7.681 6.792 4.286 3.858 3.572
-999.250 -999.250 -999.250 -999.250 -999.250 -999.250 -999.250 -999.250 -999.250 -999.250 -999.250 -999.250 -999.250 24.861 20.277 16.810 16.189 19.114 21.441 27.708 26.557 26.145 18.291 17.820 12.322 9.047 10.011 6.888 6.508 4.925 5.580 7.575 9.857 11.599 13.271 15.125 12.974 9.645 11.300 15.380 11.238 10.968 7.624 8.764 9.268 6.738 6.727 7.986 7.139 7.580 6.418 9.406 9.407 9.701 7.795 9.440 7.764 8.692 10.511 9.345 10.665 8.145 7.428 7.538 10.027 7.089 6.274 6.347 4.256
-999.250 -999.250 -999.250 -999.250 -999.250 -999.250 -999.250 -999.250 -999.250 -999.250 -999.250 -999.250 -999.250 19.966 18.499 15.263 14.298 17.550 18.884 20.938 20.278 20.144 17.428 16.596 13.996 9.240 8.357 8.452 9.172 7.421 6.747 9.872 11.045 11.683 11.717 8.705 8.876 8.725 10.751 8.968 8.344 7.700 9.180 6.261 7.709 7.953 6.146 8.424 9.987 7.980 5.830 10.019 9.305 8.653 7.453 9.807 9.510 7.750 14.377 9.045 9.980 7.952 10.429 8.383 7.559 5.668 7.072 6.346 3.312
-999.250 -999.250 -999.250 -999.250 -999.250 -999.250 -999.250 -999.250 -999.250 -999.250 -999.250 -999.250 -999.250 -999.250 16.645 17.911 18.447 16.404 21.212 17.940 16.699 16.904 16.436 11.098 10.766 11.410 8.986 9.996 9.837 10.309 12.771 11.989 12.369 14.478 11.262 11.167 8.776 9.334 8.835 10.485 11.512 8.101 8.340 4.806 4.683 8.003 8.585 10.778 7.448 10.082 9.371 8.928 9.084 10.917 10.373 12.385 11.486 12.368 12.387 11.261 10.482 9.579 8.698 5.607 7.667 7.313 5.593 6.788 3.299
-999.250 -999.250 -999.250 -999.250 -999.250 -999.250 -999.250 -999.250 -999.250 -999.250 -999.250 -999.250 -999.250 -999.250 15.466 16.710 14.324 18.327 18.231 13.488 11.641 12.339 10.770 11.552 13.300 12.705 11.458 11.466 14.766 11.762 12.679 10.822 11.778 11.962 11.802 12.822 9.855 7.411 11.284 10.423 11.554 9.780 7.762 7.446 8.177 6.802 7.671 8.852 8.245 7.735 7.744 8.771 9.478 8.802 10.540 11.612 11.336 10.622 10.771 10.906 12.645 10.021 7.828 6.583 6.427 6.495 5.092 3.124 3.632
-999.250 -999.250 -999.250 -999.250 -999.250 -999.250 -999.250 -999.250 -999.250 -999.250 -999.250 -999.250 -999.250 -999.250 17.903 20.887 17.799 17.658 16.517 13.454 11.523 12.348 7.705 12.180 12.262 15.067 13.690 14.405 12.953 14.622 12.900 10.584 11.194 11.085 12.935 11.115 9.967 10.460 9.883 10.735 10.346 9.831 7.287 10.217 9.774 8.327 11.026 12.488 10.456 7.326 9.070 8.864 12.098 9.571 9.164 11.843 10.841 11.413 9.404 10.781 10.013 12.725 11.204 9.435 6.920 6.798 7.315 4.064 6.494
-999.250 -999.250 -999.250 -999.250 -999.250 -999.250 -999.250 -999.250 -999.250 -999.250 -999.250 -999.250 -999.250 -999.250 24.308 19.425 20.514 17.765 14.449 14.048 11.914 11.668 12.669 13.952 15.598 -999.250 16.305 14.778 16.203 15.948 14.177 13.011 13.244 13.212 11.621 9.687 10.105 10.793 8.864 11.118 8.778 9.882 8.682 10.160 7.985 9.672 10.863 13.033 12.057 8.576 8.855 9.306 8.099 8.686 12.934 13.121 12.966 11.440 11.546 11.622 11.725 11.874 8.531 7.147 7.574 8.559 7.677 4.456 3.882
-999.250 -999.250 -999.250 -999.250 -999.250 -999.250 -999.250 -999.250 -999.250 -999.250 -999.250 -999.250 -999.250 -999.250 20.626 20.181 19.982 17.880 20.866 14.832 10.620 11.210 12.933 -999.250 -999.250 -999.250 18.619 18.371 14.217 12.662 16.238 13.520 12.667 11.464 9.038 8.987 8.828 10.035 12.424 12.348 11.779 11.487 10.436 14.212 11.074 9.982 10.793 9.883 12.784 9.435 8.116 8.960 7.791 8.467 9.077 12.010 13.553 14.880 11.207 13.953 11.199 10.403 8.859 7.517 7.674 6.090 5.391 6.947 6.365
-999.250 -999.250 -999.250 -999.250 -999.250 -999.250 -999.250 -999.250 -999.250 -999.250 -999.250 -999.250 -999.250 19.409 22.119 18.085 18.356 15.971 18.075 15.837 13.102 15.810 -999.250 -999.250 -999.250 -999.250 -999.250 15.686 16.777 12.720 13.576 12.957 12.001 11.981 11.546 8.369 9.246 11.917 11.420 11.968 9.756 9.604 9.175 12.791 11.282 8.479 8.968 5.368 8.043 9.191 8.518 7.144 6.806 8.985 8.828 10.523 12.065 11.019 11.685 10.029 7.534 9.798 8.561 7.325 7.997 8.193 4.748 5.237 6.540
-999.250 -999.250 -999.250 -999.250 -999.250 -999.250 -999.250 -999.250 -999.250 -999.250 -999.250 -999.250 -999.250 19.638 17.633 18.529 20.785 19.791 18.223 16.147 -999.250 -999.250 -999.250 -999.250 -999.250 -999.250 -999.250 -999.250 13.319 12.762 11.553 13.992 11.011 11.318 9.993 11.694 7.533 12.090 13.687 10.779 7.854 5.440 7.133 10.840 7.888 9.355 9.751 6.138 5.988 8.377 8.885 8.238 12.314 8.970 9.553 8.371 10.427 8.206 8.510 9.146 9.364 9.478 6.502 8.110 9.084 6.259 4.701 3.936 6.041
-999.250 -999.250 -999.250 -999.250 -999.250 -999.250 -999.250 -999.250 -999.250 -999.250 -999.250 -999.250 17.773 22.375 -999.250 -999.250 -999.250 -999.250 -999.250 -999.250 -999.250 -999.250 -999.250 -999.250 -999.250 -999.250 -999.250 -999.250 -999.250 15.297 11.672 9.938 9.843 7.739 12.524 10.665 9.378 10.849 11.287 9.451 8.834 6.161 7.165 8.872 10.264 9.105 8.593 8.004 7.015 6.919 7.186 7.497 9.128 10.509 11.229 9.749 8.832 9.799 11.386 8.968 10.180 8.072 6.247 5.772 7.092 7.888 4.376 3.295 3.330
-999.250 -999.250 -999.250 -999.250 -999.250 -999.250 -999.250 -999.250 -999.250 -999.250 -999.250 -999.250 -999.250 -999.250 -999.250 -999.250 -999.250 -999.250 -999.250 -999.250 -999.250 -999.250 -999.250 -999.250 -999.250 -999.250 -999.250 -999.250 -999.250 -999.250 12.796 10.084 10.760 10.065 9.672 12.272 12.549 9.295 9.318 6.816 7.169 6.757 5.782 6.450 6.648 7.171 7.575 8.743 9.518 8.195 6.061 9.759 7.128 10.928 10.320 10.603 7.145 7.224 8.038 8.531 7.254 7.682 6.694 4.767 5.502 5.736 1.695 3.187 6.062
-999.250 -999.250 -999.250 -999.250 -999.250 -999.250 -999.250 -999.250 -999.250 -999.250 -999.250 -999.250 -999.250 -999.250 -999.250 -999.250 -999.250 -999.250 -999.250 -999.250 -999.250 -999.250 -999.250 -999.250 -999.250 -999.250 -999.250 -999.250 -999.250 -999.250 13.850 10.436 11.120 10.248 12.690 14.596 11.679 7.761 9.441 8.765 6.714 6.627 5.915 2.789 5.780 6.092 7.906 10.480 13.052 8.223 8.394 9.248 9.070 10.347 7.677 7.711 7.512 6.408 10.602 9.442 8.212 6.837 4.191 2.870 1.974 2.169 0.492 3.091 2.343
-999.250 -999.250 -999.250 -999.250 -999.250 -999.250 -999.250 -999.250 -999.250 -999.250 -999.250 -999.250 -999.250 -999.250 -999.250 -999.250 -999.250 -999.250 -999.250 -999.250 -999.250 -999.250 -999.250 -999.250 -999.250 -999.250 -999.250 -999.250 -999.250 -999.250 9.729 9.612 10.454 8.930 8.725 8.077 12.245 9.685 6.999 6.120 4.706 2.475 1.502 1.449 4.373 8.719 11.769 8.994 10.446 8.576 9.919 7.121 9.217 9.178 8.806 8.202 5.967 7.491 8.053 7.754 6.777 4.928 4.832 2.546 1.560 1.417 0.000 2.038 5.045
-999.250 -999.250 -999.250 -999.250 -999.250 -999.250 -999.250 -999.250 -999.250 -999.250 -999.250 -999.250 -999.250 -999.250 -999.250 -999.250 -999.250 -999.250 -999.250 -999.250 -999.250 -999.250 -999.250 -999.250 -999.250 -999.250 -999.250 -999.250 -999.250 -999.250 -999.250 8.810 11.949 12.157 11.478 10.146 9.573 7.468 5.717 5.585 3.421 0.239 0.000 1.667 4.948 8.664 10.933 10.495 9.405 7.466 9.181 9.766 11.406 10.155 7.921 9.089 6.666 7.581 5.956 6.085 4.744 2.999 2.561 1.441 0.000 0.000 0.000 1.041 1.365
-999.250 -999.250 -999.250 -999.250 -999.250 -999.250 -999.250 -999.250 -999.250 -999.250 -999.250 -999.250 -999.250 -999.250 -999.250 -999.250 -999.250 -999.250 -999.250 -999.250 -999.250 -999.250 -999.250 -999.250 -999.250 -999.250 -999.250 -999.250 -999.250 -999.250 -999.250 8.138 9.591 8.969 10.078 12.326 7.964 6.279 5.972 4.706 3.450 1.293 2.040 1.854 3.820 5.049 8.285 11.971 8.944 10.697 10.543 11.183 11.540 11.867 8.295 10.227 8.486 8.022 8.236 5.487 6.772 3.927 3.510 0.361 0.000 0.000 0.000 0.307 3.564
-999.250 -999.250 -999.250 -999.250 -999.250 -999.250 -999.250 -999.250 -999.250 -999.250 -999.250 -999.250 -999.250 -999.250 -999.250 -999.250 -999.250 -999.250 -999.250 -999.250 -999.250 -999.250 -999.250 -999.250 -999.250 -999.250 -999.250 -999.250 -999.250 -999.250 -999.250 7.539 8.892 10.417 10.859 10.775 8.294 5.569 4.830 5.573 3.958 2.740 4.915 2.441 5.718 5.413 7.310 9.445 10.575 8.843 13.147 12.593 13.117 10.819 9.454 10.887 9.745 11.953 6.686 5.603 4.196 2.716 1.914 2.445 0.071 0.000 0.000 0.982 1.056
-999.250 -999.250 -999.250 -999.250 -999.250 -999.250 -999.250 -999.250 -999.250 -999.250 -999.250 -999.250 -999.250 -999.250 -999.250 -999.250 -999.250 -999.250 -999.250 -999.250 -999.250 -999.250 -999.250 -999.250 -999.250 -999.250 -999.250 -999.250 -999.250 -999.250 -999.250 11.662 9.346 12.411 9.848 11.360 9.671 7.145 7.831 7.583 4.210 3.726 3.762 5.915 3.005 7.644 7.791 9.344 8.122 9.557 15.068 9.446 10.628 8.809 7.388 13.033 9.078 8.793 9.183 6.047 5.643 3.964 1.300 0.374 0.000 0.000 0.000 0.000 0.000
-999.250 -999.250 -999.250 -999.250 -999.250 -999.250 -999.250 -999.250 -999.250 -999.250 -999.250 -999.250 -999.250 -999.250 -999.250 -999.250 -999.250 -999.250 -999.250 -999.250 -999.250 -999.250 -999.250 -999.250 -999.250 -999.250 -999.250 -999.250 -999.250 -999.250 -999.250 10.896 12.885 13.933 10.479 11.432 10.519 9.139 8.725 7.636 6.985 6.899 6.294 4.224 5.638 8.075 7.313 5.757 8.535 7.990 8.818 11.416 10.228 9.454 10.363 10.792 9.292 11.101 11.057 6.742 7.084 2.212 2.189 2.600 0.440 0.000 0.000 0.000 0.000
-999.250 -999.250 -999.250 -999.250 -999.250 -999.250 -999.250 -999.250 -999.250 -999.250 -999.250 -999.250 -999.250 -999.250 -999.250 -999.250 -999.250 -999.250 -999.250 -999.250 -999.250 -999.250 -999.250 -999.250 -999.250 -999.250 -999.250 -999.250 -999.250 -999.250 -999.250 11.381 11.613 9.771 10.215 13.747 11.896 10.167 12.156 4.736 6.354 6.546 5.285 5.604 8.413 7.189 6.952 6.544 9.974 9.496 9.177 7.854 7.706 9.412 11.123 9.445 9.052 10.114 9.662 9.105 5.446 3.572 3.069 1.387 0.114 0.000 0.000 0.000 0.000
-999.250 -999.250 -999.250 -999.250 -999.250 -999.250 -999.250 -999.250 -999.250 -999.250 -999.250 -999.250 -999.250 -999.250 -999.250 -999.250 -999.250 -999.250 -999.250 -999.250 -999.250 -999.250 -999.250 -999.250 -999.250 -999.250 -999.250 -999.250 -999.250 -999.250 -999.250 9.669 12.465 11.085 9.355 10.626 9.561 9.201 7.204 7.838 5.967 7.420 6.548 9.814 7.802 8.221 5.092 7.470 7.891 10.110 9.723 10.480 7.902 9.192 8.915 9.776 9.656 10.895 9.913 8.903 6.353 2.646 2.883 2.058 0.795 0.000 0.000 0.000 0.000
