data/medianmodel_10-Oct-2020.asc
ncols	141
nrows	288
xllcorner	-120191.398
yllcorner	-301404.813
cellsize	2000.000
NODATA_value	-999.250
[rows 120 to 149 of 288, columns 68 to 135 of 141]
37.950 30.101 27.404 25.056 16.851 16.524 12.427 9.522 4.017 11.936 16.445 16.209 21.948 24.087 26.190 30.851 34.589 37.445 38.005 36.259 39.393 44.507 41.725 50.186 52.365 65.336 79.504 84.270 88.351 94.892 105.585 107.620 110.682 115.021 129.117 112.845 114.680 113.732 103.760 95.425 92.699 87.143 89.103 88.766 83.968 -999.250 -999.250 -999.250 -999.250 -999.250 -999.250 -999.250 -999.250 -999.250 -999.250 -999.250 -999.250 -999.250 -999.250 -999.250 -999.250 -999.250 -999.250 -999.250 -999.250 -999.250 -999.250 -999.250
34.445 26.504 25.927 20.882 19.081 14.585 11.721 7.622 7.238 11.663 15.682 16.843 21.937 28.082 26.842 26.242 31.850 33.502 36.598 32.012 31.471 36.663 38.681 44.988 56.852 70.284 70.726 72.684 84.000 88.118 108.547 104.906 114.103 117.501 106.889 101.900 105.989 93.461 100.051 84.322 85.438 85.615 95.922 88.004 78.559 -999.250 -999.250 -999.250 -999.250 -999.250 -999.250 -999.250 -999.250 -999.250 -999.250 -999.250 -999.250 -999.250 -999.250 -999.250 -999.250 -999.250 -999.250 -999.250 -999.250 -999.250 -999.250 -999.250
29.930 23.457 19.988 19.338 13.360 12.827 10.380 10.299 12.615 15.146 14.373 21.134 24.766 24.396 27.191 25.053 25.586 36.917 29.982 35.418 37.681 32.704 41.818 50.403 53.342 62.919 62.907 73.729 79.508 87.128 99.918 106.920 105.269 105.565 110.501 110.466 100.363 101.233 96.789 89.108 90.219 94.912 85.969 83.769 82.993 -999.250 -999.250 -999.250 -999.250 -999.250 -999.250 -999.250 -999.250 -999.250 -999.250 -999.250 -999.250 -999.250 -999.250 -999.250 -999.250 -999.250 -999.250 -999.250 -999.250 -999.250 -999.250 -999.250
25.499 22.483 20.737 18.380 16.035 12.519 11.663 12.429 14.215 17.118 16.841 19.705 26.585 24.867 29.532 27.004 26.797 29.067 34.431 34.859 41.885 40.752 41.737 46.719 49.191 54.354 65.116 65.675 76.577 83.565 93.009 97.381 99.465 102.227 101.214 97.122 104.291 99.290 96.111 89.809 89.363 87.989 76.851 77.445 -999.250 -999.250 -999.250 -999.250 -999.250 -999.250 -999.250 -999.250 -999.250 -999.250 -999.250 -999.250 -999.250 -999.250 -999.250 -999.250 -999.250 -999.250 -999.250 -999.250 -999.250 -999.250 -999.250 -999.250
21.502 21.998 19.738 17.841 14.132 10.023 15.984 14.615 15.052 17.609 18.579 19.365 25.872 27.449 29.740 28.634 30.804 30.162 30.193 28.917 34.962 35.980 39.957 42.565 46.714 52.337 59.040 62.817 69.454 77.254 79.721 83.573 87.021 90.702 86.454 90.522 91.919 98.160 93.564 85.198 86.401 79.954 73.964 76.196 -999.250 -999.250 -999.250 -999.250 -999.250 -999.250 -999.250 -999.250 -999.250 -999.250 -999.250 -999.250 -999.250 -999.250 -999.250 -999.250 -999.250 -999.250 -999.250 -999.250 -999.250 -999.250 -999.250 -999.250
22.728 22.909 20.965 18.935 17.756 12.128 16.811 17.284 17.526 18.514 19.394 21.418 27.035 29.551 29.730 28.282 29.195 27.852 24.854 25.657 29.704 32.002 38.844 43.122 40.527 42.030 49.742 62.368 59.994 69.085 68.753 77.403 75.732 75.849 83.213 85.214 81.473 80.348 82.253 78.711 71.405 70.915 72.456 71.835 -999.250 -999.250 -999.250 -999.250 -999.250 -999.250 -999.250 -999.250 -999.250 -999.250 -999.250 -999.250 -999.250 -999.250 -999.250 -999.250 -999.250 -999.250 -999.250 -999.250 -999.250 -999.250 -999.250 -999.250
20.089 24.634 18.680 19.476 18.041 17.622 17.634 18.432 21.271 18.304 22.213 22.154 20.752 25.562 32.622 28.745 27.653 25.397 28.429 26.688 30.815 29.638 36.311 42.669 38.617 41.941 47.618 52.500 60.531 59.578 64.484 62.992 72.399 70.806 73.536 82.705 78.245 74.232 66.963 76.447 70.624 69.919 75.063 74.354 -999.250 -999.250 -999.250 -999.250 -999.250 -999.250 -999.250 -999.250 -999.250 -999.250 -999.250 -999.250 -999.250 -999.250 -999.250 -999.250 -999.250 -999.250 -999.250 -999.250 -999.250 -999.250 -999.250 -999.250
19.764 19.710 20.606 20.223 19.853 16.518 20.574 21.498 23.291 25.082 24.713 24.469 25.662 29.134 32.526 29.426 29.491 26.752 27.963 27.357 27.638 26.009 29.701 36.055 30.936 38.536 47.510 42.113 48.676 51.350 60.332 59.851 65.856 70.652 69.835 71.370 77.555 72.847 76.070 65.758 69.806 67.138 68.707 -999.250 -999.250 -999.250 -999.250 -999.250 -999.250 -999.250 -999.250 -999.250 -999.250 -999.250 -999.250 -999.250 -999.250 -999.250 -999.250 -999.250 -999.250 -999.250 -999.250 -999.250 -999.250 -999.250 -999.250 -999.250
18.245 17.429 19.133 17.664 22.387 21.197 25.338 24.239 27.237 27.774 28.130 24.794 34.487 31.034 29.967 29.817 27.300 24.889 26.088 26.945 26.930 28.478 25.346 35.005 39.445 36.986 41.231 48.112 48.153 37.116 52.523 61.235 58.243 65.981 63.897 62.484 70.794 68.054 66.712 69.804 70.655 58.070 -999.250 -999.250 -999.250 -999.250 -999.250 -999.250 -999.250 -999.250 -999.250 -999.250 -999.250 -999.250 -999.250 -999.250 -999.250 -999.250 -999.250 -999.250 -999.250 -999.250 -999.250 -999.250 -999.250 -999.250 -999.250 -999.250
18.049 17.264 18.303 21.802 21.784 19.220 23.002 27.674 30.920 30.238 28.745 30.817 31.914 32.827 34.255 31.513 33.939 28.572 26.206 28.297 27.979 26.198 26.508 28.880 27.246 31.539 35.522 34.980 40.785 47.054 50.507 54.924 55.046 66.178 65.747 59.540 68.849 68.251 75.263 71.560 63.895 -999.250 -999.250 -999.250 -999.250 -999.250 -999.250 -999.250 -999.250 -999.250 -999.250 -999.250 -999.250 -999.250 -999.250 -999.250 -999.250 -999.250 -999.250 -999.250 -999.250 -999.250 -999.250 -999.250 -999.250 -999.250 -999.250 -999.250
19.204 17.730 20.861 21.917 24.376 23.587 24.851 29.101 26.282 35.134 34.280 35.986 35.213 38.912 39.936 31.782 27.623 27.994 29.037 29.849 29.827 28.210 28.758 32.454 28.226 32.197 34.567 31.310 35.502 42.301 42.124 47.264 61.875 60.538 68.386 68.586 67.378 70.095 67.992 61.962 69.942 -999.250 -999.250 -999.250 -999.250 -999.250 -999.250 -999.250 -999.250 -999.250 -999.250 -999.250 -999.250 -999.250 -999.250 -999.250 -999.250 -999.250 -999.250 -999.250 -999.250 -999.250 -999.250 -999.250 -999.250 -999.250 -999.250 -999.250
19.454 18.919 18.606 19.715 23.649 23.976 28.134 32.151 30.232 39.195 40.109 46.138 43.544 36.910 41.739 41.386 36.675 32.497 28.458 35.504 28.853 26.931 29.227 28.469 29.165 29.594 27.270 32.989 31.191 35.111 47.021 48.852 51.676 52.232 56.602 63.406 63.802 67.546 72.672 69.535 69.618 -999.250 -999.250 -999.250 -999.250 -999.250 -999.250 -999.250 -999.250 -999.250 -999.250 -999.250 -999.250 -999.250 -999.250 -999.250 -999.250 -999.250 -999.250 -999.250 -999.250 -999.250 -999.250 -999.250 -999.250 -999.250 -999.250 -999.250
18.653 17.810 19.669 21.423 22.206 23.972 28.324 36.559 40.402 42.172 52.324 55.777 50.748 45.867 45.769 41.349 36.743 33.103 36.541 39.109 29.737 27.536 25.519 28.675 29.346 27.453 34.095 29.440 31.161 36.147 44.553 51.721 57.998 51.201 50.416 61.402 70.589 65.077 68.318 71.185 63.242 -999.250 -999.250 -999.250 -999.250 -999.250 -999.250 -999.250 -999.250 -999.250 -999.250 -999.250 -999.250 -999.250 -999.250 -999.250 -999.250 -999.250 -999.250 -999.250 -999.250 -999.250 -999.250 -999.250 -999.250 -999.250 -999.250 -999.250
16.933 13.702 17.890 20.625 26.162 28.502 36.085 38.220 40.996 52.223 45.823 54.695 58.700 56.920 52.080 45.865 39.025 35.302 38.322 37.529 27.159 26.261 23.399 23.292 24.946 26.975 26.347 30.915 29.470 32.124 40.722 45.207 51.411 55.009 52.559 58.219 64.625 71.186 69.184 61.739 -999.250 -999.250 -999.250 -999.250 -999.250 -999.250 -999.250 -999.250 -999.250 -999.250 -999.250 -999.250 -999.250 -999.250 -999.250 -999.250 -999.250 -999.250 -999.250 -999.250 -999.250 -999.250 -999.250 -999.250 -999.250 -999.250 -999.250 -999.250
19.241 18.878 18.593 25.612 22.500 33.084 39.077 46.469 49.045 50.892 57.527 62.018 67.184 57.976 52.564 40.307 38.436 33.781 31.898 33.004 27.319 23.444 26.842 24.617 25.413 22.925 27.596 31.715 34.109 34.619 35.165 32.843 40.461 42.502 42.908 54.128 49.709 60.548 66.080 65.100 -999.250 -999.250 -999.250 -999.250 -999.250 -999.250 -999.250 -999.250 -999.250 -999.250 -999.250 -999.250 -999.250 -999.250 -999.250 -999.250 -999.250 -999.250 -999.250 -999.250 -999.250 -999.250 -999.250 -999.250 -999.250 -999.250 -999.250 -999.250
22.572 21.880 20.293 20.444 25.078 30.251 35.425 42.638 50.577 62.019 57.753 63.412 61.038 58.554 52.911 41.554 36.518 31.868 28.402 24.528 24.347 20.342 23.544 25.463 28.741 24.617 23.987 26.520 29.492 33.174 34.582 36.801 38.774 41.562 45.441 49.716 51.754 59.444 69.238 61.600 -999.250 -999.250 -999.250 -999.250 -999.250 -999.250 -999.250 -999.250 -999.250 -999.250 -999.250 -999.250 -999.250 -999.250 -999.250 -999.250 -999.250 -999.250 -999.250 -999.250 -999.250 -999.250 -999.250 -999.250 -999.250 -999.250 -999.250 -999.250
23.383 21.515 24.654 23.050 24.792 34.162 44.899 42.878 50.855 52.414 61.761 63.613 55.069 54.471 45.540 38.467 30.638 26.127 23.188 22.278 25.567 25.400 21.639 23.506 20.361 20.521 25.719 26.794 29.790 31.998 35.075 35.797 45.922 42.383 46.543 55.325 48.616 54.163 58.794 55.798 -999.250 -999.250 -999.250 -999.250 -999.250 -999.250 -999.250 -999.250 -999.250 -999.250 -999.250 -999.250 -999.250 -999.250 -999.250 -999.250 -999.250 -999.250 -999.250 -999.250 -999.250 -999.250 -999.250 -999.250 -999.250 -999.250 -999.250 -999.250
28.352 23.662 24.874 26.288 27.444 34.103 41.214 41.427 48.529 50.385 54.688 52.567 50.624 46.238 46.690 40.705 26.253 26.476 20.704 22.341 19.544 17.457 20.111 22.133 22.179 24.149 23.447 27.876 30.659 28.004 32.167 37.811 47.252 45.970 48.769 47.357 43.925 46.675 53.860 -999.250 -999.250 -999.250 -999.250 -999.250 -999.250 -999.250 -999.250 -999.250 -999.250 -999.250 -999.250 -999.250 -999.250 -999.250 -999.250 -999.250 -999.250 -999.250 -999.250 -999.250 -999.250 -999.250 -999.250 -999.250 -999.250 -999.250 -999.250 -999.250
30.290 35.223 32.898 30.659 31.609 34.120 36.469 40.459 45.515 42.282 47.443 46.322 41.207 39.447 39.105 31.218 26.391 20.934 -999.250 -999.250 -999.250 -999.250 20.300 20.516 18.570 23.373 24.767 -999.250 -999.250 -999.250 -999.250 -999.250 -999.250 -999.250 -999.250 -999.250 -999.250 -999.250 -999.250 -999.250 -999.250 -999.250 -999.250 -999.250 -999.250 -999.250 -999.250 -999.250 -999.250 -999.250 -999.250 -999.250 -999.250 -999.250 -999.250 -999.250 -999.250 -999.250 -999.250 -999.250 -999.250 -999.250 -999.250 -999.250 -999.250 -999.250 -999.250 -999.250
35.335 37.087 36.903 29.307 32.248 34.266 40.095 45.870 37.797 40.534 40.274 42.426 40.185 33.735 27.992 26.930 23.257 21.431 -999.250 -999.250 -999.250 -999.250 -999.250 -999.250 -999.250 -999.250 -999.250 -999.250 -999.250 -999.250 -999.250 -999.250 -999.250 -999.250 -999.250 -999.250 -999.250 -999.250 -999.250 -999.250 -999.250 -999.250 -999.250 -999.250 -999.250 -999.250 -999.250 -999.250 -999.250 -999.250 -999.250 -999.250 -999.250 -999.250 -999.250 -999.250 -999.250 -999.250 -999.250 -999.250 -999.250 -999.250 -999.250 -999.250 -999.250 -999.250 -999.250 -999.250
41.467 38.552 36.193 29.958 27.708 31.319 35.501 36.679 40.240 35.561 36.780 34.694 30.541 24.872 25.028 22.239 17.896 18.205 -999.250 -999.250 -999.250 -999.250 -999.250 -999.250 -999.250 -999.250 -999.250 -999.250 -999.250 -999.250 -999.250 -999.250 -999.250 -999.250 -999.250 -999.250 -999.250 -999.250 -999.250 -999.250 -999.250 -999.250 -999.250 -999.250 -999.250 -999.250 -999.250 -999.250 -999.250 -999.250 -999.250 -999.250 -999.250 -999.250 -999.250 -999.250 -999.250 -999.250 -999.250 -999.250 -999.250 -999.250 -999.250 -999.250 -999.250 -999.250 -999.250 -999.250
43.305 42.378 39.327 29.390 34.708 31.137 35.986 27.206 24.966 28.934 30.774 24.734 21.239 20.919 20.166 17.919 15.232 11.719 14.457 -999.250 -999.250 -999.250 -999.250 -999.250 -999.250 -999.250 -999.250 -999.250 -999.250 -999.250 -999.250 -999.250 -999.250 -999.250 -999.250 -999.250 -999.250 -999.250 -999.250 -999.250 -999.250 -999.250 -999.250 -999.250 -999.250 -999.250 -999.250 -999.250 -999.250 -999.250 -999.250 -999.250 -999.250 -999.250 -999.250 -999.250 -999.250 -999.250 -999.250 -999.250 -999.250 -999.250 -999.250 -999.250 -999.250 -999.250 -999.250 -999.250
42.848 39.271 35.059 32.037 34.561 34.208 29.201 26.397 23.711 21.897 21.783 19.913 15.034 15.437 15.303 14.099 10.549 7.701 12.797 13.444 -999.250 -999.250 -999.250 -999.250 -999.250 -999.250 -999.250 -999.250 -999.250 -999.250 -999.250 -999.250 -999.250 -999.250 -999.250 -999.250 -999.250 -999.250 -999.250 -999.250 -999.250 -999.250 -999.250 -999.250 -999.250 -999.250 -999.250 -999.250 -999.250 -999.250 -999.250 -999.250 -999.250 -999.250 -999.250 -999.250 -999.250 -999.250 -999.250 -999.250 -999.250 -999.250 -999.250 -999.250 -999.250 -999.250 -999.250 -999.250
34.986 37.562 33.433 36.909 31.248 25.943 26.416 22.941 21.019 18.434 15.801 12.247 13.557 10.769 10.805 8.036 10.074 6.151 7.627 5.201 5.470 -999.250 -999.250 -999.250 -999.250 -999.250 -999.250 -999.250 -999.250 -999.250 -999.250 -999.250 -999.250 -999.250 -999.250 -999.250 -999.250 -999.250 -999.250 -999.250 -999.250 -999.250 -999.250 -999.250 -999.250 -999.250 -999.250 -999.250 -999.250 -999.250 -999.250 -999.250 -999.250 -999.250 -999.250 -999.250 -999.250 -999.250 -999.250 -999.250 -999.250 -999.250 -999.250 -999.250 -999.250 -999.250 -999.250 -999.250
29.392 30.843 26.375 26.448 28.351 24.361 23.798 16.863 17.187 15.615 11.239 7.069 6.833 1.979 4.149 9.694 2.512 4.539 0.565 3.190 1.437 -999.250 -999.250 -999.250 -999.250 -999.250 -999.250 -999.250 -999.250 -999.250 -999.250 -999.250 -999.250 -999.250 -999.250 -999.250 -999.250 -999.250 -999.250 -999.250 -999.250 -999.250 -999.250 -999.250 -999.250 -999.250 -999.250 -999.250 -999.250 -999.250 -999.250 -999.250 -999.250 -999.250 -999.250 -999.250 -999.250 -999.250 -999.250 -999.250 -999.250 -999.250 -999.250 -999.250 -999.250 -999.250 -999.250 -999.250
23.673 25.104 25.709 22.450 26.866 21.976 19.217 14.789 9.098 9.473 11.404 3.903 2.785 0.000 0.000 1.170 0.414 0.000 0.000 0.000 0.695 6.577 14.819 -999.250 -999.250 -999.250 -999.250 -999.250 -999.250 -999.250 -999.250 -999.250 -999.250 -999.250 -999.250 -999.250 -999.250 -999.250 -999.250 -999.250 -999.250 -999.250 -999.250 -999.250 -999.250 -999.250 -999.250 -999.250 -999.250 -999.250 -999.250 -999.250 -999.250 -999.250 -999.250 -999.250 -999.250 -999.250 -999.250 -999.250 -999.250 -999.250 -999.250 -999.250 -999.250 -999.250 -999.250 -999.250
19.124 19.466 19.887 18.372 20.620 21.179 17.997 14.532 12.059 7.292 4.324 5.344 0.254 0.000 0.000 0.000 0.052 0.000 0.000 0.000 0.000 0.000 8.644 21.475 -999.250 -999.250 -999.250 -999.250 -999.250 -999.250 -999.250 -999.250 -999.250 -999.250 -999.250 -999.250 -999.250 -999.250 -999.250 -999.250 -999.250 -999.250 -999.250 -999.250 -999.250 -999.250 -999.250 -999.250 -999.250 -999.250 -999.250 -999.250 -999.250 -999.250 -999.250 -999.250 -999.250 -999.250 -999.250 -999.250 -999.250 -999.250 -999.250 -999.250 -999.250 -999.250 -999.250 -999.250
13.315 10.779 9.271 13.968 16.707 16.383 14.214 7.849 8.851 4.320 5.796 2.466 2.811 0.000 1.340 0.294 0.000 0.000 0.000 0.000 0.000 0.000 2.404 22.021 -999.250 -999.250 -999.250 -999.250 -999.250 -999.250 -999.250 -999.250 -999.250 -999.250 -999.250 -999.250 -999.250 -999.250 -999.250 -999.250 -999.250 -999.250 -999.250 -999.250 -999.250 -999.250 -999.250 -999.250 -999.250 -999.250 -999.250 -999.250 -999.250 -999.250 -999.250 -999.250 -999.250 -999.250 -999.250 -999.250 -999.250 -999.250 -999.250 -999.250 -999.250 -999.250 -999.250 -999.250
2.725 0.000 2.844 8.752 12.624 11.878 13.807 7.313 6.919 2.844 3.840 0.000 1.524 1.880 0.000 2.054 0.351 1.141 0.917 2.481 0.000 0.764 0.000 28.333 49.514 67.417 79.443 -999.250 -999.250 -999.250 -999.250 -999.250 -999.250 -999.250 -999.250 -999.250 -999.250 -999.250 -999.250 -999.250 -999.250 -999.250 -999.250 -999.250 -999.250 -999.250 -999.250 -999.250 -999.250 -999.250 -999.250 -999.250 -999.250 -999.250 -999.250 -999.250 -999.250 -999.250 -999.250 -999.250 -999.250 -999.250 -999.250 -999.250 -999.250 -999.250 -999.250 -999.250
0.435 0.000 0.012 3.303 3.698 6.614 6.824 6.321 6.296 2.911 1.724 0.051 2.869 0.000 0.237 0.000 2.547 0.856 8.636 9.386 13.038 17.169 25.519 46.449 69.800 83.416 92.569 88.913 -999.250 -999.250 -999.250 -999.250 -999.250 -999.250 -999.250 -999.250 -999.250 -999.250 -999.250 -999.250 -999.250 -999.250 -999.250 -999.250 -999.250 -999.250 -999.250 -999.250 -999.250 -999.250 -999.250 -999.250 -999.250 -999.250 -999.250 -999.250 -999.250 -999.250 -999.250 -999.250 -999.250 -999.250 -999.250 -999.250 -999.250 -999.250 -999.250 -999.250
