data/medianmodel_04-Jan-2021.asc
ncols	141
nrows	288
xllcorner	-120191.398
yllcorner	-301404.813
cellsize	2000.000
NODATA_value	-999.250
[rows 84 to 111 of 288, columns 0 to 64 of 141]
-999.250 -999.250 -999.250 -999.250 -999.250 -999.250 -999.250 -999.250 -999.250 -999.250 -999.250 -999.250 -999.250 -999.250 -999.250 -999.250 -999.250 -999.250 -999.250 -999.250 -999.250 -999.250 -999.250 -999.250 -999.250 -999.250 -999.250 -999.250 -999.250 -999.250 -999.250 -999.250 -999.250 585.720 544.421 500.126 479.922 455.647 415.473 390.735 386.022 394.201 421.899 446.069 462.952 508.613 536.107 550.399 552.193 560.989 539.567 501.598 499.456 440.437 405.051 382.503 362.110 318.834 308.527 304.169 307.547 309.275 286.964 323.450 346.699
-999.250 -999.250 -999.250 -999.250 -999.250 -999.250 -999.250 -999.250 -999.250 -999.250 -999.250 -999.250 -999.250 -999.250 -999.250 -999.250 -999.250 -999.250 -999.250 -999.250 -999.250 -999.250 -999.250 -999.250 -999.250 -999.250 -999.250 -999.250 -999.250 -999.250 -999.250 -999.250 -999.250 518.856 515.396 487.272 456.279 415.236 413.290 390.124 393.712 403.364 423.692 459.203 501.242 502.717 540.861 560.839 556.894 563.288 529.347 496.831 478.877 439.992 402.558 361.483 349.169 325.617 305.350 294.742 300.825 325.262 329.839 327.087 367.486
-999.250 -999.250 -999.250 -999.250 -999.250 -999.250 -999.250 -999.250 -999.250 -999.250 -999.250 -999.250 -999.250 -999.250 -999.250 -999.250 -999.250 -999.250 -999.250 -999.250 -999.250 -999.250 -999.250 -999.250 -999.250 -999.250 -999.250 -999.250 -999.250 -999.250 -999.250 -999.250 -999.250 499.863 467.866 464.942 433.037 408.450 397.686 393.979 400.207 405.705 428.583 471.477 505.369 525.240 547.347 585.114 612.046 568.566 542.855 510.812 470.079 437.981 401.501 357.950 336.294 303.205 274.334 303.284 305.730 305.698 328.563 329.525 348.868
-999.250 -999.250 -999.250 -999.250 -999.250 -999.250 -999.250 -999.250 -999.250 -999.250 -999.250 -999.250 -999.250 -999.250 -999.250 -999.250 -999.250 -999.250 -999.250 -999.250 -999.250 -999.250 -999.250 -999.250 -999.250 -999.250 -999.250 -999.250 -999.250 -999.250 -999.250 -999.250 -999.250 446.816 425.801 409.433 425.674 403.504 393.213 387.747 391.446 431.216 443.391 492.112 510.818 534.380 548.301 583.239 596.635 574.839 546.645 517.214 489.534 460.197 416.337 383.438 351.771 320.136 304.588 307.991 291.490 298.409 334.982 343.547 334.591
-999.250 -999.250 -999.250 -999.250 -999.250 -999.250 -999.250 -999.250 -999.250 -999.250 -999.250 -999.250 -999.250 -999.250 -999.250 -999.250 -999.250 -999.250 -999.250 -999.250 -999.250 -999.250 -999.250 -999.250 -999.250 -999.250 -999.250 -999.250 -999.250 -999.250 -999.250 -999.250 460.504 423.423 417.585 394.343 393.777 400.178 399.005 407.655 417.808 432.998 478.972 507.426 528.379 551.211 570.871 594.117 598.300 570.711 567.269 539.703 500.854 474.369 418.392 401.265 354.961 337.092 326.481 312.182 300.247 324.248 342.542 354.439 362.146
-999.250 -999.250 -999.250 -999.250 -999.250 -999.250 -999.250 -999.250 -999.250 -999.250 -999.250 -999.250 -999.250 -999.250 -999.250 -999.250 -999.250 -999.250 -999.250 -999.250 -999.250 -999.250 -999.250 -999.250 -999.250 -999.250 -999.250 -999.250 -999.250 -999.250 -999.250 -999.250 433.313 407.795 392.123 395.473 394.643 399.169 409.758 430.686 455.574 482.970 506.652 538.471 574.110 590.103 614.609 635.539 659.356 648.669 577.144 552.128 514.330 472.037 425.749 386.908 369.216 360.025 334.866 323.176 337.426 355.562 350.214 370.862 379.356
-999.250 -999.250 -999.250 -999.250 -999.250 -999.250 -999.250 -999.250 -999.250 -999.250 -999.250 -999.250 -999.250 -999.250 -999.250 -999.250 -999.250 -999.250 -999.250 -999.250 -999.250 -999.250 -999.250 -999.250 -999.250 -999.250 -999.250 -999.250 -999.250 -999.250 -999.250 -999.250 408.129 395.288 406.660 396.087 404.573 418.647 426.494 457.819 484.631 513.816 559.654 591.230 643.300 644.932 709.357 717.452 755.959 668.013 625.044 571.052 525.768 490.176 442.255 409.084 392.666 358.717 355.275 351.173 362.042 368.604 402.170 402.421 404.951
-999.250 -999.250 -999.250 -999.250 -999.250 -999.250 -999.250 -999.250 -999.250 -999.250 -999.250 -999.250 -999.250 -999.250 -999.250 -999.250 -999.250 -999.250 -999.250 -999.250 -999.250 -999.250 -999.250 -999.250 -999.250 -999.250 -999.250 -999.250 -999.250 -999.250 -999.250 -999.250 403.416 396.706 408.580 398.139 401.167 410.573 446.617 491.317 517.017 545.198 583.996 646.108 716.979 760.683 810.012 797.794 787.558 740.931 687.270 604.343 563.846 505.144 481.828 398.425 389.761 377.873 366.650 352.088 367.667 393.660 416.496 431.376 477.732
-999.250 -999.250 -999.250 -999.250 -999.250 -999.250 -999.250 -999.250 -999.250 -999.250 -999.250 -999.250 -999.250 -999.250 -999.250 -999.250 -999.250 -999.250 -999.250 -999.250 -999.250 -999.250 -999.250 -999.250 -999.250 -999.250 -999.250 -999.250 -999.250 -999.250 -999.250 402.815 400.395 404.471 408.304 421.004 422.363 439.549 476.225 510.073 561.372 597.107 635.972 722.611 791.301 863.951 899.573 858.657 803.700 784.968 704.191 624.232 586.940 524.634 489.398 442.407 397.181 390.229 381.127 392.020 381.687 393.057 440.220 482.940 507.437
-999.250 -999.250 -999.250 -999.250 -999.250 -999.250 -999.250 -999.250 -999.250 -999.250 -999.250 -999.250 -999.250 -999.250 -999.250 -999.250 -999.250 -999.250 -999.250 -999.250 -999.250 -999.250 -999.250 -999.250 -999.250 -999.250 -999.250 -999.250 -999.250 -999.250 -999.250 389.112 400.656 408.890 417.527 438.779 448.580 471.231 486.525 531.187 589.651 642.233 686.018 782.171 821.415 917.768 1034.559 916.017 851.871 799.909 744.718 645.243 574.658 526.122 491.614 477.658 416.163 389.706 381.259 396.064 395.727 412.845 465.133 525.704 548.673
-999.250 -999.250 -999.250 -999.250 -999.250 -999.250 -999.250 -999.250 -999.250 -999.250 -999.250 -999.250 -999.250 -999.250 -999.250 -999.250 -999.250 -999.250 -999.250 -999.250 -999.250 -999.250 -999.250 -999.250 -999.250 -999.250 -999.250 -999.250 -999.250 -999.250 -999.250 395.799 424.462 428.985 451.665 460.778 471.831 494.848 523.211 565.088 615.641 701.053 742.844 795.100 845.259 872.992 906.640 921.527 860.802 794.912 724.228 683.277 588.977 534.282 496.997 470.672 425.223 404.385 389.494 381.706 401.126 452.858 529.709 566.956 630.640
-999.250 -999.250 -999.250 -999.250 -999.250 -999.250 -999.250 -999.250 -999.250 -999.250 -999.250 -999.250 -999.250 -999.250 -999.250 -999.250 -999.250 -999.250 -999.250 -999.250 -999.250 -999.250 -999.250 -999.250 -999.250 -999.250 -999.250 -999.250 -999.250 -999.250 -999.250 394.414 426.454 448.375 481.744 483.812 484.249 538.214 557.467 610.929 643.886 703.436 748.920 815.521 847.663 862.817 858.423 839.171 828.710 771.106 707.800 661.747 584.547 536.030 507.034 483.653 447.842 406.157 392.680 397.623 432.741 501.441 583.551 666.834 754.323
-999.250 -999.250 -999.250 -999.250 -999.250 -999.250 -999.250 -999.250 -999.250 -999.250 -999.250 -999.250 -999.250 -999.250 -999.250 -999.250 -999.250 -999.250 -999.250 -999.250 -999.250 -999.250 -999.250 -999.250 -999.250 -999.250 -999.250 -999.250 -999.250 -999.250 357.930 400.858 414.327 454.119 465.000 482.385 510.760 540.703 581.143 610.996 678.402 747.275 768.944 803.648 824.724 818.725 817.662 804.821 758.042 729.120 702.354 628.637 571.003 543.648 516.928 501.803 468.812 464.467 433.077 420.972 490.146 559.773 646.337 798.188 868.729
-999.250 -999.250 -999.250 -999.250 -999.250 -999.250 -999.250 -999.250 -999.250 -999.250 -999.250 -999.250 -999.250 -999.250 -999.250 -999.250 -999.250 -999.250 -999.250 -999.250 -999.250 -999.250 -999.250 -999.250 -999.250 -999.250 -999.250 -999.250 -999.250 -999.250 361.626 389.204 400.957 429.622 461.052 483.363 507.536 566.615 601.581 659.829 730.946 749.675 760.546 740.754 755.285 753.841 758.260 723.188 693.958 656.151 633.836 590.263 545.978 534.866 512.399 504.495 505.315 511.940 499.155 490.532 536.161 625.241 748.837 861.985 1020.091
-999.250 -999.250 -999.250 -999.250 -999.250 -999.250 -999.250 -999.250 -999.250 -999.250 -999.250 -999.250 -999.250 -999.250 -999.250 -999.250 -999.250 -999.250 -999.250 -999.250 -999.250 -999.250 -999.250 -999.250 -999.250 -999.250 -999.250 -999.250 -999.250 -999.250 353.283 381.255 400.453 426.490 446.224 486.211 519.768 591.696 623.498 683.527 728.076 738.295 746.514 734.430 727.201 713.640 698.774 672.001 622.307 587.860 566.826 549.803 522.790 508.549 505.484 527.613 533.602 579.348 550.804 566.387 597.716 712.924 844.524 971.306 1178.747
-999.250 -999.250 -999.250 -999.250 -999.250 -999.250 -999.250 -999.250 -999.250 -999.250 -999.250 -999.250 -999.250 -999.250 -999.250 -999.250 -999.250 -999.250 -999.250 -999.250 -999.250 -999.250 -999.250 -999.250 -999.250 -999.250 -999.250 -999.250 -999.250 -999.250 345.934 376.203 397.254 403.088 437.366 469.018 531.325 577.813 628.295 678.312 768.330 741.759 750.008 706.899 696.378 703.104 680.055 625.241 577.083 552.359 506.462 504.960 480.264 468.029 497.596 518.078 553.912 573.709 598.135 603.672 671.012 726.845 888.067 1012.402 1091.834
-999.250 -999.250 -999.250 -999.250 -999.250 -999.250 -999.250 -999.250 -999.250 -999.250 -999.250 -999.250 -999.250 -999.250 -999.250 -999.250 -999.250 -999.250 -999.250 -999.250 -999.250 -999.250 -999.250 -999.250 -999.250 -999.250 -999.250 -999.250 -999.250 341.170 339.340 347.633 381.618 391.042 407.890 429.797 493.423 530.869 579.085 656.867 682.564 708.593 681.677 676.091 664.828 647.549 605.807 587.098 560.550 512.158 477.348 464.692 446.170 448.392 462.947 518.038 569.539 592.587 615.509 626.147 704.423 800.758 857.927 970.353 1084.934
-999.250 -999.250 -999.250 -999.250 -999.250 -999.250 -999.250 -999.250 -999.250 -999.250 -999.250 -999.250 -999.250 -999.250 -999.250 -999.250 -999.250 -999.250 -999.250 -999.250 -999.250 -999.250 -999.250 -999.250 -999.250 -999.250 -999.250 -999.250 -999.250 326.058 317.500 350.970 351.726 355.913 384.214 402.033 453.226 504.367 545.425 581.851 621.967 602.362 630.433 631.148 589.494 592.978 565.286 553.280 535.918 490.307 485.093 433.141 409.443 399.460 450.356 529.318 603.196 620.452 660.423 715.724 753.365 833.847 878.086 956.293 1038.133
-999.250 -999.250 -999.250 -999.250 -999.250 -999.250 -999.250 -999.250 -999.250 -999.250 -999.250 -999.250 -999.250 -999.250 -999.250 -999.250 -999.250 -999.250 -999.250 -999.250 -999.250 -999.250 -999.250 -999.250 -999.250 -999.250 -999.250 -999.250 -999.250 314.906 300.970 317.751 327.999 337.477 348.408 381.045 415.191 470.790 506.264 527.995 554.216 571.806 569.853 566.898 561.465 547.237 535.420 534.902 523.174 501.343 481.775 467.097 434.831 387.031 478.686 581.811 659.385 677.271 705.942 729.344 812.302 824.074 883.390 968.960 1004.709
-999.250 -999.250 -999.250 -999.250 -999.250 -999.250 -999.250 -999.250 -999.250 -999.250 -999.250 -999.250 -999.250 -999.250 -999.250 -999.250 -999.250 -999.250 -999.250 -999.250 -999.250 -999.250 -999.250 -999.250 -999.250 -999.250 -999.250 -999.250 -999.250 272.896 277.601 261.468 292.314 275.362 309.972 354.636 367.894 408.179 449.911 463.431 494.288 525.786 523.932 527.077 516.408 512.758 526.109 535.815 531.466 518.404 524.353 534.638 546.618 574.428 615.898 701.709 753.187 745.111 800.517 815.994 839.161 872.700 881.169 909.823 958.337
-999.250 -999.250 -999.250 -999.250 -999.250 -999.250 -999.250 -999.250 -999.250 -999.250 -999.250 -999.250 -999.250 -999.250 -999.250 -999.250 -999.250 -999.250 -999.250 -999.250 -999.250 -999.250 -999.250 -999.250 -999.250 -999.250 -999.250 -999.250 255.254 262.606 251.158 241.434 245.354 272.622 283.577 317.364 339.237 377.723 398.350 413.980 463.713 483.595 486.245 493.751 511.446 502.247 506.509 520.326 535.362 552.832 604.853 638.277 701.572 762.334 828.134 859.262 877.224 848.974 832.441 833.303 834.281 861.631 876.739 899.093 887.874
-999.250 -999.250 -999.250 -999.250 -999.250 -999.250 -999.250 -999.250 -999.250 -999.250 -999.250 -999.250 -999.250 -999.250 -999.250 -999.250 -999.250 -999.250 -999.250 -999.250 -999.250 -999.250 -999.250 -999.250 -999.250 -999.250 -999.250 -999.250 246.153 238.883 248.261 229.389 236.610 239.795 261.276 281.717 307.898 335.078 345.350 392.082 409.301 429.145 446.521 464.032 472.054 485.320 495.655 518.905 556.836 617.925 690.970 778.881 896.910 980.632 1058.112 1015.734 1014.904 976.823 865.778 842.824 828.692 840.108 886.470 852.298 867.871
-999.250 -999.250 -999.250 -999.250 -999.250 -999.250 -999.250 -999.250 -999.250 -999.250 -999.250 -999.250 -999.250 -999.250 -999.250 -999.250 -999.250 -999.250 -999.250 -999.250 -999.250 -999.250 -999.250 -999.250 -999.250 -999.250 -999.250 234.689 227.952 233.496 209.577 210.859 204.765 215.977 236.321 242.886 258.717 294.192 325.087 364.015 381.936 410.641 439.856 446.026 472.059 490.326 523.962 568.495 606.540 707.061 813.967 890.570 1112.275 1203.977 1292.171 1217.649 1141.095 1003.826 901.622 805.293 782.874 813.204 830.493 850.209 801.190
-999.250 -999.250 -999.250 -999.250 -999.250 -999.250 -999.250 -999.250 -999.250 -999.250 -999.250 -999.250 -999.250 -999.250 -999.250 -999.250 -999.250 -999.250 -999.250 -999.250 -999.250 -999.250 -999.250 -999.250 -999.250 -999.250 -999.250 232.539 226.651 219.630 205.673 205.523 183.853 222.150 243.595 239.411 256.556 288.341 317.118 346.072 377.258 395.576 423.684 452.068 480.427 496.880 541.428 608.163 682.162 751.877 876.881 1023.480 1138.132 1286.069 1498.775 1308.915 1166.942 960.276 856.247 757.780 734.335 715.247 769.428 844.380 775.718
-999.250 -999.250 -999.250 -999.250 -999.250 -999.250 -999.250 -999.250 -999.250 -999.250 -999.250 -999.250 -999.250 -999.250 -999.250 -999.250 -999.250 -999.250 -999.250 -999.250 -999.250 -999.250 -999.250 -999.250 -999.250 -999.250 -999.250 225.590 210.183 209.257 196.548 200.288 193.931 219.044 231.770 242.552 272.155 299.814 328.234 360.842 376.507 414.459 439.618 458.891 476.910 506.349 541.735 601.108 701.535 754.961 886.472 964.680 1065.042 1148.134 1242.862 1132.139 1002.835 850.160 755.119 692.447 659.320 621.418 643.200 682.792 665.833
-999.250 -999.250 -999.250 -999.250 -999.250 -999.250 -999.250 -999.250 -999.250 -999.250 -999.250 -999.250 -999.250 -999.250 -999.250 -999.250 -999.250 -999.250 -999.250 -999.250 -999.250 -999.250 -999.250 -999.250 -999.250 -999.250 -999.250 217.269 206.056 208.078 214.479 202.757 209.721 216.756 249.550 271.832 315.504 346.003 360.529 396.626 395.756 432.665 462.450 473.775 488.646 511.022 572.953 620.964 689.781 753.999 844.446 927.778 1002.781 1013.974 959.299 898.963 785.344 698.456 609.468 558.397 530.675 515.353 530.301 529.698 518.941
-999.250 -999.250 -999.250 -999.250 -999.250 -999.250 -999.250 -999.250 -999.250 -999.250 -999.250 -999.250 -999.250 -999.250 -999.250 -999.250 -999.250 -999.250 -999.250 -999.250 -999.250 -999.250 -999.250 -999.250 -999.250 -999.250 -999.250 -999.250 222.761 212.573 207.196 205.922 208.696 236.951 271.905 294.197 351.342 390.811 410.880 427.627 451.697 465.098 499.809 508.992 519.981 548.240 580.054 666.098 718.508 798.550 844.008 881.946 886.295 836.193 757.544 679.247 572.100 509.853 438.555 386.889 371.162 382.123 391.719 419.236 421.221
-999.250 -999.250 -999.250 -999.250 -999.250 -999.250 -999.250 -999.250 -999.250 -999.250 -999.250 -999.250 -999.250 -999.250 -999.250 -999.250 -999.250 -999.250 -999.250 -999.250 -999.250 -999.250 -999.250 -999.250 -999.250 -999.250 -999.250 -999.250 211.200 218.061 224.389 223.144 230.955 248.826 285.597 332.522 381.146 423.136 433.695 465.948 477.713 496.395 502.951 532.900 532.022 556.002 585.978 657.264 710.717 765.935 832.090 867.438 805.820 697.427 580.971 490.047 395.825 361.917 304.226 246.471 210.250 247.919 283.363 296.031 309.027
