data/medianmodel_01-Feb-2021.asc
ncols	141
nrows	288
xllcorner	-120191.398
yllcorner	-301404.813
cellsize	2000.000
NODATA_value	-999.250
[rows 168 to 195 of 288, columns 63 to 125 of 141]
1079.411 994.704 998.859 911.836 872.879 868.131 844.123 854.920 924.742 1050.896 1209.362 1467.799 1688.664 1977.813 2212.626 2438.073 2549.510 2708.793 2669.578 2419.638 2269.986 2159.751 1899.183 1622.151 1438.114 1276.193 1157.152 1062.124 961.961 952.160 1026.961 1011.522 1084.942 1184.810 1268.912 1389.448 1540.125 1612.759 1682.396 -999.250 -999.250 -999.250 2059.064 2178.262 2190.803 -999.250 -999.250 -999.250 -999.250 -999.250 -999.250 -999.250 -999.250 -999.250 -999.250 -999.250 -999.250 -999.250 -999.250 -999.250 -999.250 -999.250 -999.250
966.941 888.532 853.897 855.020 797.159 752.296 645.967 688.590 824.785 958.015 1177.355 1433.196 1631.489 1986.482 2271.441 2501.839 2868.254 3006.372 2913.760 2725.857 2346.952 2211.089 1981.147 1720.352 1563.472 1300.689 1175.331 1115.407 1003.943 963.603 974.709 975.276 1135.628 1216.528 1284.648 1418.440 1520.813 1593.835 1681.827 1871.578 1962.491 2101.400 2157.759 2200.354 2268.725 2232.869 -999.250 -999.250 -999.250 -999.250 -999.250 -999.250 -999.250 -999.250 -999.250 -999.250 -999.250 -999.250 -999.250 -999.250 -999.250 -999.250 -999.250
840.895 834.120 810.660 777.278 721.060 635.620 536.880 494.467 732.291 885.050 1154.852 1389.509 1665.505 1979.713 2340.147 2600.266 3081.629 3564.223 3154.350 2866.211 2459.514 2291.926 2013.608 1759.346 1550.697 1331.131 1190.455 1029.650 962.408 925.548 969.423 1028.149 1112.567 1220.706 1348.516 1460.673 1537.053 1661.246 1814.285 1895.895 2028.161 2131.445 2209.612 2250.656 2362.205 2264.561 2264.822 -999.250 -999.250 -999.250 -999.250 -999.250 -999.250 -999.250 -999.250 -999.250 -999.250 -999.250 -999.250 -999.250 -999.250 -999.250 -999.250
784.451 772.723 747.915 736.402 645.133 568.572 515.462 531.899 679.115 854.248 1089.645 1337.913 1568.403 1884.662 2179.964 2485.196 2808.102 2994.167 3017.619 2720.836 2456.784 2280.376 1988.028 1808.832 1584.699 1340.689 1154.697 959.045 888.407 890.138 933.684 977.089 1108.503 1190.707 1358.680 1424.097 1526.663 1593.858 1730.923 1910.109 2091.941 2109.539 2185.934 2259.944 2303.797 2290.370 2284.423 -999.250 -999.250 -999.250 -999.250 -999.250 -999.250 -999.250 -999.250 -999.250 -999.250 -999.250 -999.250 -999.250 -999.250 -999.250 -999.250
773.939 727.827 709.871 619.096 584.922 542.411 558.559 574.328 726.073 870.834 1040.685 1270.784 1496.069 1768.149 2097.489 2288.781 2444.934 2631.303 2586.752 2503.406 2372.848 2208.048 2005.918 1692.129 1541.508 1330.104 1110.101 945.040 773.109 833.409 887.137 979.232 1097.497 1220.078 1342.033 1445.765 1540.149 1589.053 1696.523 1847.493 1980.370 2057.665 2146.612 2210.595 2206.852 2234.913 2253.282 -999.250 -999.250 -999.250 -999.250 -999.250 -999.250 -999.250 -999.250 -999.250 -999.250 -999.250 -999.250 -999.250 -999.250 -999.250 -999.250
761.013 726.410 703.897 692.332 613.653 555.570 549.426 656.073 737.178 835.478 1005.388 1180.035 1394.683 1586.995 1779.085 1927.629 2144.243 2231.082 2203.812 2282.182 2205.829 2050.164 1878.747 1655.451 1526.504 1341.252 1149.752 970.515 879.957 862.297 922.844 950.801 1053.367 1170.824 1292.086 1392.222 1551.921 1622.824 1661.937 1859.813 1905.052 1957.524 2060.610 2145.264 2168.661 2193.105 2163.702 2158.253 -999.250 -999.250 -999.250 -999.250 -999.250 -999.250 -999.250 -999.250 -999.250 -999.250 -999.250 -999.250 -999.250 -999.250 -999.250
776.463 727.163 742.498 659.624 640.233 613.141 617.709 724.814 750.018 846.375 953.604 1109.297 1246.276 1371.004 1470.915 1556.300 1676.417 1794.969 1921.079 1916.851 1931.067 1916.526 1703.875 1571.198 1435.451 1342.424 1173.391 1036.749 956.687 921.613 948.796 969.445 1060.187 1183.142 1335.351 1382.776 1535.744 1605.253 1694.210 1867.597 1884.178 1930.799 2018.175 2141.937 2174.078 2229.807 2208.764 -999.250 -999.250 -999.250 -999.250 -999.250 -999.250 -999.250 -999.250 -999.250 -999.250 -999.250 -999.250 -999.250 -999.250 -999.250 -999.250
771.881 733.366 710.682 734.775 727.492 722.985 733.456 731.718 775.746 811.648 904.270 963.213 1075.242 1122.808 1178.684 1169.090 1212.697 1354.404 1558.761 1618.388 1761.550 1701.538 1607.383 1576.947 1421.141 1285.845 1213.791 1081.271 1016.345 948.139 975.393 1004.983 1076.233 1188.624 1281.305 1403.779 1465.628 1605.028 1675.759 1787.250 1845.971 1924.889 2034.482 2091.409 2163.901 2171.831 -999.250 -999.250 -999.250 -999.250 -999.250 -999.250 -999.250 -999.250 -999.250 -999.250 -999.250 -999.250 -999.250 -999.250 -999.250 -999.250 -999.250
755.304 779.971 752.207 750.778 721.929 747.586 754.997 781.180 771.372 816.894 894.198 948.793 984.422 975.083 966.741 913.211 815.957 1092.746 1331.930 1474.359 1542.700 1614.059 1565.139 1552.539 1447.141 1287.494 1183.026 1108.796 1060.062 962.716 1007.569 1024.470 1094.107 1169.759 1268.131 1370.329 1433.023 1549.498 1587.503 1684.675 1748.129 1758.841 1918.112 2004.821 2024.557 2062.009 -999.250 -999.250 -999.250 -999.250 -999.250 -999.250 -999.250 -999.250 -999.250 -999.250 -999.250 -999.250 -999.250 -999.250 -999.250 -999.250 -999.250
800.756 792.969 807.896 777.346 778.674 789.760 798.805 819.833 820.082 882.950 908.853 932.856 945.953 947.736 915.376 869.897 890.652 1052.850 1259.271 1382.343 1460.083 1526.911 1534.077 1435.338 1373.269 1293.765 1240.323 1134.952 1087.574 1030.632 1067.093 1087.570 1107.310 1169.319 1265.676 1394.364 1479.883 1452.851 1563.571 1665.432 1710.337 1748.978 1791.521 1892.293 1941.064 -999.250 -999.250 -999.250 -999.250 -999.250 -999.250 -999.250 -999.250 -999.250 -999.250 -999.250 -999.250 -999.250 -999.250 -999.250 -999.250 -999.250 -999.250
814.096 816.932 838.994 786.346 776.918 796.552 833.704 845.883 871.683 912.444 923.208 934.412 957.362 949.181 961.288 936.322 977.452 1143.210 1243.786 1335.116 1460.521 1482.614 1509.794 1380.905 1335.124 1263.604 1194.957 1172.436 1161.329 1037.348 1083.611 1093.330 1143.790 1113.709 1213.296 1301.430 1396.881 1493.575 1557.561 1566.907 1661.739 1752.951 1739.952 1821.123 1912.836 -999.250 -999.250 -999.250 -999.250 -999.250 -999.250 -999.250 -999.250 -999.250 -999.250 -999.250 -999.250 -999.250 -999.250 -999.250 -999.250 -999.250 -999.250
840.078 861.586 864.813 876.131 818.833 835.968 877.696 873.798 909.189 934.948 945.862 970.050 989.177 1007.969 986.714 1028.774 1087.203 1212.899 1268.168 1396.332 1478.962 1461.762 1477.398 1414.275 1290.961 1283.962 1220.190 1132.146 1113.205 1095.455 1059.442 1078.065 1140.663 1187.461 1227.450 1324.272 1429.201 1496.884 1543.954 1539.514 1580.130 1606.825 1672.322 1684.960 -999.250 -999.250 -999.250 -999.250 -999.250 -999.250 -999.250 -999.250 -999.250 -999.250 -999.250 -999.250 -999.250 -999.250 -999.250 -999.250 -999.250 -999.250 -999.250
923.883 891.134 912.654 929.128 883.814 922.547 914.799 927.735 936.172 965.402 968.541 1015.763 1034.537 1040.991 1106.121 1156.051 1226.506 1254.684 1376.870 1395.617 1467.747 1470.839 1482.947 1424.578 1324.442 1270.299 1272.694 1192.530 1141.710 1058.173 1071.774 1113.431 1097.710 1183.355 1219.012 1273.848 1405.232 1450.863 1471.010 1534.653 1554.800 1587.456 1660.719 1671.910 -999.250 -999.250 -999.250 -999.250 -999.250 -999.250 -999.250 -999.250 -999.250 -999.250 -999.250 -999.250 -999.250 -999.250 -999.250 -999.250 -999.250 -999.250 -999.250
944.401 937.434 963.105 986.092 973.295 937.653 972.054 976.418 1002.662 1078.663 1099.722 1105.081 1121.524 1203.790 1131.800 1265.789 1303.680 1433.860 1469.070 1497.916 1494.028 1530.315 1495.988 1441.264 1369.658 1258.722 1224.912 1194.638 1111.646 1105.119 1090.783 1125.672 1119.997 1194.286 1238.856 1293.056 1370.656 1422.336 1473.427 1511.435 1535.287 1546.648 1614.065 1662.197 -999.250 -999.250 -999.250 -999.250 -999.250 -999.250 -999.250 -999.250 -999.250 -999.250 -999.250 -999.250 -999.250 -999.250 -999.250 -999.250 -999.250 -999.250 -999.250
1005.260 1069.494 1069.846 981.586 957.357 1012.586 1020.725 1009.509 1068.916 1075.379 1133.699 1213.349 1244.603 1256.208 1273.584 1323.473 1425.839 1507.351 1564.008 1579.540 1687.567 1619.857 1557.514 1463.914 1400.586 1308.430 1224.728 1178.397 1149.302 1168.126 1148.023 1137.767 1161.980 1246.303 1279.970 1306.155 1370.187 1419.533 1456.276 1510.445 1518.755 1601.308 1629.720 -999.250 -999.250 -999.250 -999.250 -999.250 -999.250 -999.250 -999.250 -999.250 -999.250 -999.250 -999.250 -999.250 -999.250 -999.250 -999.250 -999.250 -999.250 -999.250 -999.250
1044.542 1093.553 1086.473 1063.545 1058.399 1082.178 1069.060 1050.160 1088.470 1132.260 1168.323 1221.938 1320.319 1361.344 1430.672 1427.252 1519.852 1541.479 1591.492 1658.812 1767.756 1710.088 1593.937 1550.928 1425.661 1329.553 1256.701 1241.717 1185.767 1167.929 1164.969 1154.935 1181.284 1214.467 1269.363 1325.142 1353.024 1412.803 1467.837 1456.547 1501.997 1539.888 -999.250 -999.250 -999.250 -999.250 -999.250 -999.250 -999.250 -999.250 -999.250 -999.250 -999.250 -999.250 -999.250 -999.250 -999.250 -999.250 -999.250 -999.250 -999.250 -999.250 -999.250
1081.827 1062.234 1092.198 1127.483 1136.093 1102.867 1090.210 1113.540 1184.501 1214.487 1273.254 1270.539 1419.917 1462.474 1487.542 1545.646 1599.254 1696.346 1667.247 1706.561 1785.574 1698.631 1665.164 1566.496 1486.593 1367.545 1309.117 1247.031 1144.702 1142.181 1147.355 1159.227 1173.810 1270.021 1273.474 1365.827 1373.870 1408.080 1451.311 1506.171 1500.578 1585.871 -999.250 -999.250 -999.250 -999.250 -999.250 -999.250 -999.250 -999.250 -999.250 -999.250 -999.250 -999.250 -999.250 -999.250 -999.250 -999.250 -999.250 -999.250 -999.250 -999.250 -999.250
1164.463 1144.921 1135.222 1166.863 1172.013 1161.338 1180.721 1222.815 1210.955 1273.736 1351.896 1429.320 1444.386 1534.052 1575.854 1625.179 1648.238 1726.867 1705.407 1831.884 1874.131 1727.634 1721.266 1595.850 1505.824 1438.202 1320.249 1201.811 1156.098 1147.928 1203.399 1239.577 1238.649 1249.921 1294.553 1319.636 1426.957 1474.205 1429.445 1510.567 -999.250 -999.250 -999.250 -999.250 -999.250 -999.250 -999.250 -999.250 -999.250 -999.250 -999.250 -999.250 -999.250 -999.250 -999.250 -999.250 -999.250 -999.250 -999.250 -999.250 -999.250 -999.250 -999.250
1223.463 1213.182 1215.919 1220.995 1251.509 1280.323 1219.477 1297.274 1311.427 1361.742 1432.354 1459.271 1537.180 1591.626 1682.905 1792.324 1813.115 1804.975 1902.057 1948.340 1858.804 1863.565 1780.013 1606.667 1574.903 1449.842 1386.159 1218.973 1110.240 1155.258 1272.701 1299.667 1278.551 1261.176 1353.784 1395.315 1433.796 1441.706 1456.532 -999.250 -999.250 -999.250 -999.250 -999.250 -999.250 -999.250 -999.250 -999.250 -999.250 -999.250 -999.250 -999.250 -999.250 -999.250 -999.250 -999.250 -999.250 -999.250 -999.250 -999.250 -999.250 -999.250 -999.250
1239.008 1199.411 1241.340 1280.134 1296.884 1297.983 1296.529 1370.083 1391.267 1508.793 1545.419 1600.178 1670.544 1688.084 1782.081 1832.606 1903.506 1952.069 1936.846 1983.110 1956.721 1919.665 1812.517 1677.124 1591.158 1505.998 1437.774 1272.756 1236.367 1247.842 1293.107 1314.666 1288.442 1327.529 1386.828 1383.039 1431.920 1427.576 -999.250 -999.250 -999.250 -999.250 -999.250 -999.250 -999.250 -999.250 -999.250 -999.250 -999.250 -999.250 -999.250 -999.250 -999.250 -999.250 -999.250 -999.250 -999.250 -999.250 -999.250 -999.250 -999.250 -999.250 -999.250
1267.532 1244.131 1267.698 1300.306 1369.227 1356.538 1369.755 1414.976 1451.393 1565.878 1614.928 1701.421 1697.034 1766.861 1876.934 1950.577 1952.974 2014.164 1996.185 2032.759 2059.902 1973.069 1909.380 1774.162 1611.197 1539.559 1498.324 1404.410 1401.459 1331.754 1306.151 1318.982 1345.172 1368.486 1398.183 1404.468 1395.247 -999.250 -999.250 -999.250 -999.250 -999.250 -999.250 -999.250 -999.250 -999.250 -999.250 -999.250 -999.250 -999.250 -999.250 -999.250 -999.250 -999.250 -999.250 -999.250 -999.250 -999.250 -999.250 -999.250 -999.250 -999.250 -999.250
1306.903 1346.663 1294.744 1349.388 1314.886 1344.731 1408.562 1461.439 1535.721 1559.780 1675.131 1743.360 1789.902 1890.138 1964.713 2039.065 2076.721 2131.799 2127.983 2130.511 2135.262 2005.548 2020.121 1916.165 1739.853 1622.149 1562.129 1494.382 1443.757 1401.716 1368.416 1393.702 1397.553 1425.424 1359.636 -999.250 -999.250 -999.250 -999.250 -999.250 -999.250 -999.250 -999.250 -999.250 -999.250 -999.250 -999.250 -999.250 -999.250 -999.250 -999.250 -999.250 -999.250 -999.250 -999.250 -999.250 -999.250 -999.250 -999.250 -999.250 -999.250 -999.250 -999.250
1339.766 1302.237 1266.690 1329.829 1357.322 1314.012 1432.885 1465.625 1530.702 1600.223 1685.453 1783.401 1828.466 1895.791 1983.814 2061.942 2147.962 2186.673 2213.367 2200.856 2199.679 2156.329 2033.370 1964.993 1864.503 1762.227 1617.689 1562.145 1474.993 1500.615 1363.350 1431.077 1472.135 1409.363 1431.325 -999.250 -999.250 -999.250 -999.250 -999.250 -999.250 -999.250 -999.250 -999.250 -999.250 -999.250 -999.250 -999.250 -999.250 -999.250 -999.250 -999.250 -999.250 -999.250 -999.250 -999.250 -999.250 -999.250 -999.250 -999.250 -999.250 -999.250 -999.250
1295.555 1349.850 1311.993 1308.231 1381.871 1350.465 1460.402 1438.086 1541.377 1596.741 1673.887 1804.325 1886.573 1915.690 1987.214 2067.257 2187.088 2222.109 2276.714 2354.135 2332.732 2228.395 2151.872 2053.104 1988.542 1826.534 1716.309 1655.455 1583.657 1491.525 1417.669 1412.091 1408.001 1417.545 -999.250 -999.250 -999.250 -999.250 -999.250 -999.250 -999.250 -999.250 -999.250 -999.250 -999.250 -999.250 -999.250 -999.250 -999.250 -999.250 -999.250 -999.250 -999.250 -999.250 -999.250 -999.250 -999.250 -999.250 -999.250 -999.250 -999.250 -999.250 -999.250
1344.303 1312.369 1338.268 1356.522 1414.397 1424.231 1463.434 1467.853 1554.704 1598.603 1627.528 1793.827 1873.265 1979.992 2039.215 2129.807 2194.836 2227.057 2386.332 2419.908 2435.212 2329.955 2228.917 2170.969 2070.058 1946.557 1770.487 1678.249 1642.819 1547.087 1526.405 1407.184 1450.126 1410.474 -999.250 -999.250 -999.250 -999.250 -999.250 -999.250 -999.250 -999.250 -999.250 -999.250 -999.250 -999.250 -999.250 -999.250 -999.250 -999.250 -999.250 -999.250 -999.250 -999.250 -999.250 -999.250 -999.250 -999.250 -999.250 -999.250 -999.250 -999.250 -999.250
1309.721 1325.831 1303.965 1311.667 1307.720 1349.106 1431.984 1466.278 1559.247 1596.588 1602.315 1774.625 1861.429 1910.848 2066.338 2169.977 2132.619 2283.573 2405.923 2543.942 2581.457 2409.420 2270.829 2206.414 2121.351 2004.208 1855.242 1734.771 1655.241 1583.036 1529.323 1451.827 1418.971 1421.841 -999.250 -999.250 -999.250 -999.250 -999.250 -999.250 -999.250 -999.250 -999.250 -999.250 -999.250 -999.250 -999.250 -999.250 -999.250 -999.250 -999.250 -999.250 -999.250 -999.250 -999.250 -999.250 -999.250 -999.250 -999.250 -999.250 -999.250 -999.250 -999.250
1249.546 1288.202 1299.545 1284.934 1296.642 1310.822 1405.505 1505.267 1551.884 1581.386 1661.796 1801.002 1845.767 1921.932 1981.583 2128.809 2250.451 2324.347 2372.622 2454.012 2492.962 2439.180 2341.013 2241.800 2113.075 2054.720 1857.126 1803.165 1694.454 1561.348 1523.154 1435.564 1395.646 1316.740 -999.250 -999.250 -999.250 -999.250 -999.250 -999.250 -999.250 -999.250 -999.250 -999.250 -999.250 -999.250 -999.250 -999.250 -999.250 -999.250 -999.250 -999.250 -999.250 -999.250 -999.250 -999.250 -999.250 -999.250 -999.250 -999.250 -999.250 -999.250 -999.250
1242.442 1233.028 1258.554 1284.998 1294.594 1296.355 1358.925 1463.036 1512.614 1595.666 1634.160 1796.331 1861.601 1980.652 2033.345 2062.293 2116.485 2217.911 2280.696 2351.585 2420.034 2397.725 2353.028 2212.881 2136.337 2010.180 1834.053 1782.852 1689.507 1619.413 1501.620 1436.668 1437.771 1342.010 1282.294 -999.250 -999.250 -999.250 -999.250 -999.250 -999.250 -999.250 -999.250 -999.250 -999.250 -999.250 -999.250 -999.250 -999.250 -999.250 -999.250 -999.250 -999.250 -999.250 -999.250 -999.250 -999.250 -999.250 -999.250 -999.250 -999.250 -999.250 -999.250
