data/medianmodel_04-Nov-2020.asc
ncols	141
nrows	288
xllcorner	-120191.398
yllcorner	-301404.813
cellsize	2000.000
NODATA_value	-999.250
[rows 145 to 173 of 288, columns 65 to 129 of 141]
127.001 117.443 129.395 124.760 144.004 143.912 157.363 153.916 145.828 178.101 168.637 152.014 130.000 110.399 80.768 58.886 16.499 45.997 68.406 74.489 86.969 104.542 105.923 100.047 109.808 136.732 -999.250 -999.250 -999.250 -999.250 -999.250 -999.250 -999.250 -999.250 -999.250 -999.250 -999.250 -999.250 -999.250 -999.250 -999.250 -999.250 -999.250 -999.250 -999.250 -999.250 -999.250 -999.250 -999.250 -999.250 -999.250 -999.250 -999.250 -999.250 -999.250 -999.250 -999.250 -999.250 -999.250 -999.250 -999.250 -999.250 -999.250 -999.250 -999.250
158.222 149.578 162.312 159.538 155.223 141.508 163.510 143.190 133.625 145.410 140.366 131.149 104.892 86.146 67.062 42.042 37.169 47.110 57.560 67.752 78.142 83.585 86.773 93.096 89.235 98.045 121.352 -999.250 -999.250 -999.250 -999.250 -999.250 -999.250 -999.250 -999.250 -999.250 -999.250 -999.250 -999.250 -999.250 -999.250 -999.250 -999.250 -999.250 -999.250 -999.250 -999.250 -999.250 -999.250 -999.250 -999.250 -999.250 -999.250 -999.250 -999.250 -999.250 -999.250 -999.250 -999.250 -999.250 -999.250 -999.250 -999.250 -999.250 -999.250
193.749 176.783 181.419 185.336 169.680 155.431 156.146 155.596 136.049 147.901 153.718 125.099 100.648 85.693 73.560 41.366 45.975 46.344 53.771 60.550 61.671 73.438 76.950 72.846 66.425 76.435 94.910 -999.250 -999.250 -999.250 -999.250 -999.250 -999.250 -999.250 -999.250 -999.250 -999.250 -999.250 -999.250 -999.250 -999.250 -999.250 -999.250 -999.250 -999.250 -999.250 -999.250 -999.250 -999.250 -999.250 -999.250 -999.250 -999.250 -999.250 -999.250 -999.250 -999.250 -999.250 -999.250 -999.250 -999.250 -999.250 -999.250 -999.250 -999.250
230.871 217.420 199.069 193.168 153.233 151.818 158.780 152.352 157.258 147.219 130.955 141.709 110.675 87.616 79.997 61.682 56.262 59.088 56.264 50.557 51.089 54.366 53.751 59.842 46.116 34.258 73.458 98.552 161.656 189.625 -999.250 -999.250 -999.250 -999.250 -999.250 -999.250 -999.250 -999.250 -999.250 -999.250 -999.250 -999.250 -999.250 -999.250 -999.250 -999.250 -999.250 -999.250 -999.250 -999.250 -999.250 -999.250 -999.250 -999.250 -999.250 -999.250 -999.250 -999.250 -999.250 -999.250 -999.250 -999.250 -999.250 -999.250 -999.250
242.431 237.498 223.448 198.297 192.525 175.233 181.157 161.589 164.906 147.318 136.886 120.563 104.279 89.130 83.084 67.382 55.959 48.707 47.588 45.256 45.273 55.779 66.169 52.559 43.742 43.695 71.941 98.543 148.421 172.433 219.458 -999.250 -999.250 -999.250 -999.250 -999.250 -999.250 -999.250 -999.250 -999.250 -999.250 -999.250 -999.250 -999.250 -999.250 -999.250 -999.250 -999.250 -999.250 -999.250 -999.250 -999.250 -999.250 -999.250 -999.250 -999.250 -999.250 -999.250 -999.250 -999.250 -999.250 -999.250 -999.250 -999.250 -999.250
278.806 244.722 206.700 221.792 203.408 202.133 210.939 199.267 161.324 164.567 115.831 119.897 109.019 96.389 90.202 72.952 71.922 56.109 51.404 54.643 56.584 57.367 63.164 59.472 62.564 62.345 80.090 98.927 119.435 160.588 -999.250 -999.250 -999.250 -999.250 -999.250 -999.250 -999.250 -999.250 -999.250 -999.250 -999.250 -999.250 -999.250 -999.250 -999.250 -999.250 -999.250 -999.250 -999.250 -999.250 -999.250 -999.250 -999.250 -999.250 -999.250 -999.250 -999.250 -999.250 -999.250 -999.250 -999.250 -999.250 -999.250 -999.250 -999.250
255.678 256.558 215.663 215.580 215.968 229.504 208.492 178.479 159.644 157.911 140.697 124.519 111.564 101.060 84.431 77.419 82.899 70.855 73.629 68.017 57.310 66.660 65.597 60.152 70.419 75.976 81.257 86.689 120.300 152.027 -999.250 -999.250 -999.250 -999.250 -999.250 -999.250 -999.250 -999.250 -999.250 -999.250 -999.250 -999.250 -999.250 -999.250 -999.250 -999.250 -999.250 -999.250 -999.250 -999.250 -999.250 -999.250 -999.250 -999.250 -999.250 -999.250 -999.250 -999.250 -999.250 -999.250 -999.250 -999.250 -999.250 -999.250 -999.250
272.901 228.836 220.404 198.955 231.297 236.099 210.610 193.693 175.518 153.460 138.951 126.220 112.135 96.530 93.082 94.660 86.317 91.131 79.013 76.800 84.247 72.613 78.102 78.043 73.295 79.414 82.258 89.114 103.696 120.157 -999.250 -999.250 -999.250 -999.250 -999.250 -999.250 -999.250 -999.250 -999.250 -999.250 -999.250 -999.250 -999.250 -999.250 -999.250 -999.250 -999.250 -999.250 -999.250 -999.250 -999.250 -999.250 -999.250 -999.250 -999.250 -999.250 -999.250 -999.250 -999.250 -999.250 -999.250 -999.250 -999.250 -999.250 -999.250
251.530 266.930 238.819 231.194 243.404 218.126 197.373 185.151 185.368 158.399 141.457 124.322 126.103 118.164 133.403 108.939 92.772 89.400 84.923 89.684 83.054 85.690 80.584 84.303 75.045 85.067 76.056 82.194 97.606 111.996 -999.250 -999.250 -999.250 -999.250 -999.250 -999.250 -999.250 -999.250 -999.250 -999.250 -999.250 -999.250 -999.250 -999.250 -999.250 -999.250 -999.250 -999.250 -999.250 -999.250 -999.250 -999.250 -999.250 -999.250 -999.250 -999.250 -999.250 -999.250 -999.250 -999.250 -999.250 -999.250 -999.250 -999.250 -999.250
283.351 249.467 261.232 253.139 211.665 235.299 199.704 185.598 200.002 185.068 161.317 161.111 128.622 128.678 122.470 111.545 110.488 100.542 98.770 96.357 94.877 89.242 93.556 85.564 85.778 77.587 78.948 66.556 87.482 107.360 -999.250 -999.250 -999.250 -999.250 -999.250 -999.250 -999.250 -999.250 -999.250 -999.250 -999.250 -999.250 -999.250 -999.250 -999.250 -999.250 -999.250 -999.250 -999.250 -999.250 -999.250 -999.250 -999.250 -999.250 -999.250 -999.250 -999.250 -999.250 -999.250 -999.250 -999.250 -999.250 -999.250 -999.250 -999.250
270.023 300.024 272.563 242.396 232.011 206.883 209.246 193.588 187.310 187.555 167.121 131.909 156.054 130.777 125.836 124.302 119.732 124.982 102.564 107.465 113.803 99.071 93.137 82.590 87.418 78.065 90.000 85.117 89.567 116.423 -999.250 -999.250 -999.250 -999.250 -999.250 -999.250 -999.250 -999.250 -999.250 -999.250 -999.250 -999.250 -999.250 -999.250 -999.250 -999.250 -999.250 -999.250 -999.250 -999.250 -999.250 -999.250 -999.250 -999.250 -999.250 -999.250 -999.250 -999.250 -999.250 -999.250 -999.250 -999.250 -999.250 -999.250 -999.250
271.861 277.736 275.584 241.712 236.276 211.316 210.267 197.315 166.470 185.052 168.169 165.191 166.717 158.454 149.055 137.049 131.111 119.969 136.298 123.894 110.358 104.035 104.160 91.098 82.085 86.203 81.800 88.715 93.604 112.000 137.684 -999.250 -999.250 -999.250 -999.250 -999.250 -999.250 -999.250 -999.250 -999.250 -999.250 -999.250 -999.250 -999.250 -999.250 -999.250 -999.250 -999.250 -999.250 -999.250 -999.250 -999.250 -999.250 -999.250 -999.250 -999.250 -999.250 -999.250 -999.250 -999.250 -999.250 -999.250 -999.250 -999.250 -999.250
257.705 258.207 253.356 237.490 230.064 198.540 211.749 191.023 190.475 192.483 162.677 169.569 161.661 156.037 153.562 146.714 134.154 148.472 124.303 121.231 113.907 110.222 97.363 92.636 89.340 80.053 87.928 104.736 112.847 113.863 139.303 147.553 -999.250 -999.250 -999.250 -999.250 -999.250 -999.250 -999.250 -999.250 -999.250 -999.250 -999.250 -999.250 -999.250 -999.250 -999.250 -999.250 -999.250 -999.250 -999.250 -999.250 -999.250 -999.250 -999.250 -999.250 -999.250 -999.250 -999.250 -999.250 -999.250 -999.250 -999.250 -999.250 -999.250
241.885 222.066 253.492 227.909 206.115 201.067 214.902 189.064 182.322 200.425 176.421 156.686 160.126 148.980 173.658 168.588 147.160 137.061 127.836 128.381 118.553 109.532 109.115 97.914 88.406 76.673 94.189 106.749 138.682 160.050 177.009 163.033 149.716 -999.250 -999.250 -999.250 -999.250 -999.250 -999.250 -999.250 -999.250 -999.250 -999.250 -999.250 -999.250 -999.250 -999.250 -999.250 -999.250 -999.250 -999.250 -999.250 -999.250 -999.250 -999.250 -999.250 -999.250 -999.250 -999.250 -999.250 -999.250 -999.250 -999.250 -999.250 -999.250
225.400 222.580 220.943 196.862 208.674 200.306 190.867 188.043 194.941 189.803 160.606 156.065 158.990 163.942 168.700 168.133 141.445 152.109 135.515 150.398 133.040 130.651 110.323 105.661 110.489 102.598 120.700 164.713 147.642 178.181 201.529 200.825 181.640 -999.250 -999.250 -999.250 -999.250 -999.250 -999.250 -999.250 -999.250 -999.250 -999.250 -999.250 -999.250 -999.250 -999.250 -999.250 -999.250 -999.250 -999.250 -999.250 -999.250 -999.250 -999.250 -999.250 -999.250 -999.250 -999.250 -999.250 -999.250 -999.250 -999.250 -999.250 -999.250
200.080 208.230 220.790 191.069 187.407 186.225 191.775 190.459 183.394 186.016 157.983 170.965 159.157 162.519 154.566 160.019 142.737 127.169 160.893 139.029 149.122 149.225 123.718 126.204 124.949 129.035 123.903 158.049 177.887 216.247 227.498 232.861 240.093 -999.250 -999.250 -999.250 -999.250 -999.250 -999.250 -999.250 -999.250 -999.250 -999.250 -999.250 -999.250 -999.250 -999.250 -999.250 -999.250 -999.250 -999.250 -999.250 -999.250 -999.250 -999.250 -999.250 -999.250 -999.250 -999.250 -999.250 -999.250 -999.250 -999.250 -999.250 -999.250
199.230 191.939 216.713 211.358 197.853 188.023 184.724 184.580 179.678 171.554 172.783 169.426 162.037 140.835 151.439 149.076 141.739 120.584 159.360 136.632 140.318 134.667 145.980 137.543 145.804 159.352 171.476 195.923 218.005 246.719 277.976 274.351 278.103 -999.250 -999.250 -999.250 -999.250 -999.250 -999.250 -999.250 -999.250 -999.250 -999.250 -999.250 -999.250 -999.250 -999.250 -999.250 -999.250 -999.250 -999.250 -999.250 -999.250 -999.250 -999.250 -999.250 -999.250 -999.250 -999.250 -999.250 -999.250 -999.250 -999.250 -999.250 -999.250
205.897 212.227 211.553 193.301 194.483 194.379 183.466 164.938 143.527 125.132 142.784 149.879 150.790 135.068 120.156 126.223 126.563 109.739 131.306 129.838 145.235 120.197 124.505 136.860 150.820 192.653 206.331 206.483 235.083 262.318 275.480 300.904 331.985 -999.250 -999.250 -999.250 -999.250 -999.250 -999.250 -999.250 -999.250 -999.250 -999.250 -999.250 -999.250 -999.250 -999.250 -999.250 -999.250 -999.250 -999.250 -999.250 -999.250 -999.250 -999.250 -999.250 -999.250 -999.250 -999.250 -999.250 -999.250 -999.250 -999.250 -999.250 -999.250
176.013 205.304 203.831 200.855 194.276 178.062 184.307 150.860 126.161 126.504 124.927 125.475 112.299 106.987 105.112 110.644 94.787 98.426 103.713 99.852 108.096 131.909 130.232 154.117 187.266 205.297 211.438 236.276 256.522 299.561 355.424 369.465 372.149 336.254 -999.250 -999.250 -999.250 -999.250 -999.250 -999.250 -999.250 -999.250 -999.250 -999.250 -999.250 -999.250 -999.250 -999.250 -999.250 -999.250 -999.250 -999.250 -999.250 -999.250 -999.250 -999.250 -999.250 -999.250 -999.250 -999.250 -999.250 -999.250 -999.250 -999.250 -999.250
188.211 183.952 193.525 173.857 157.593 157.135 150.379 131.606 119.123 122.975 101.655 108.208 95.704 99.464 97.106 93.106 89.634 91.059 92.296 105.905 110.836 151.115 123.814 155.226 190.590 217.131 248.477 276.963 280.491 326.488 354.506 355.925 369.494 392.811 346.076 -999.250 -999.250 -999.250 -999.250 -999.250 -999.250 -999.250 -999.250 -999.250 -999.250 -999.250 -999.250 -999.250 -999.250 -999.250 -999.250 -999.250 -999.250 -999.250 -999.250 -999.250 -999.250 -999.250 -999.250 -999.250 -999.250 -999.250 -999.250 -999.250 -999.250
192.286 181.461 167.992 158.089 160.911 116.048 112.232 115.765 105.529 98.712 92.048 87.936 80.848 80.321 82.445 79.594 85.590 92.828 87.632 90.490 97.535 122.719 120.635 138.354 185.460 214.798 238.572 264.039 298.661 340.191 393.284 370.334 393.952 404.929 413.126 354.390 320.974 307.745 -999.250 -999.250 -999.250 -999.250 -999.250 -999.250 -999.250 -999.250 -999.250 -999.250 -999.250 -999.250 -999.250 -999.250 -999.250 -999.250 -999.250 -999.250 -999.250 -999.250 -999.250 -999.250 -999.250 -999.250 -999.250 -999.250 -999.250
194.648 176.507 184.564 131.045 112.291 104.755 94.329 96.659 95.466 83.914 80.442 71.292 75.534 74.587 68.357 62.508 70.526 84.154 89.413 80.004 96.121 108.169 123.229 144.333 171.701 203.604 237.615 282.420 297.113 325.606 416.989 411.081 421.383 427.003 392.117 391.510 388.339 308.084 -999.250 -999.250 -999.250 -999.250 -999.250 -999.250 -999.250 -999.250 -999.250 -999.250 -999.250 -999.250 -999.250 -999.250 -999.250 -999.250 -999.250 -999.250 -999.250 -999.250 -999.250 -999.250 -999.250 -999.250 -999.250 -999.250 -999.250
171.676 166.666 151.558 115.091 99.051 92.802 85.758 83.918 77.364 75.501 57.809 65.295 62.284 59.906 47.264 65.152 70.503 72.810 73.788 82.399 95.271 111.644 108.599 132.699 170.053 217.402 251.835 292.547 343.236 384.270 411.709 438.428 409.355 410.582 422.453 385.084 391.278 -999.250 -999.250 -999.250 -999.250 -999.250 -999.250 -999.250 -999.250 -999.250 -999.250 -999.250 -999.250 -999.250 -999.250 -999.250 -999.250 -999.250 -999.250 -999.250 -999.250 -999.250 -999.250 -999.250 -999.250 -999.250 -999.250 -999.250 -999.250
166.241 155.144 131.565 101.996 95.055 85.411 78.339 71.346 61.778 61.840 55.593 48.766 40.787 40.470 43.603 40.621 50.229 53.696 74.729 76.196 88.134 99.500 108.669 122.419 167.692 186.019 252.358 297.130 305.928 379.393 405.658 442.887 463.861 454.429 460.815 410.900 374.414 -999.250 -999.250 -999.250 215.152 167.315 130.619 -999.250 -999.250 -999.250 -999.250 -999.250 -999.250 -999.250 -999.250 -999.250 -999.250 -999.250 -999.250 -999.250 -999.250 -999.250 -999.250 -999.250 -999.250 -999.250 -999.250 -999.250 -999.250
176.583 167.604 146.442 99.699 82.367 58.166 50.393 59.398 45.828 43.201 44.894 31.861 25.966 25.093 28.933 24.606 33.688 48.054 59.667 72.386 88.872 106.470 116.903 174.313 184.831 206.532 236.974 255.646 301.857 346.027 391.297 430.123 502.072 531.915 439.327 399.178 385.370 332.311 276.544 234.794 198.624 152.269 113.180 104.277 -999.250 -999.250 -999.250 -999.250 -999.250 -999.250 -999.250 -999.250 -999.250 -999.250 -999.250 -999.250 -999.250 -999.250 -999.250 -999.250 -999.250 -999.250 -999.250 -999.250 -999.250
145.492 147.344 111.268 90.067 65.555 23.546 38.688 40.866 36.782 39.862 35.261 32.046 28.733 21.380 11.209 0.000 26.969 43.792 66.607 71.520 84.703 89.993 143.471 159.547 169.015 190.382 225.802 249.863 282.139 322.311 389.365 409.056 438.407 451.023 415.241 384.364 365.199 308.199 272.476 223.897 176.957 140.016 88.900 87.799 94.316 -999.250 -999.250 -999.250 -999.250 -999.250 -999.250 -999.250 -999.250 -999.250 -999.250 -999.250 -999.250 -999.250 -999.250 -999.250 -999.250 -999.250 -999.250 -999.250 -999.250
157.093 133.083 104.336 81.941 65.773 45.231 40.181 45.884 41.758 38.320 36.509 25.661 22.594 28.646 21.377 18.988 35.623 47.308 70.494 81.659 100.616 117.641 142.995 165.477 176.869 181.793 202.196 256.962 274.527 357.292 352.885 361.206 387.135 376.655 375.895 336.973 297.214 257.651 241.844 211.313 182.977 157.050 97.400 89.253 97.516 -999.250 -999.250 -999.250 -999.250 -999.250 -999.250 -999.250 -999.250 -999.250 -999.250 -999.250 -999.250 -999.250 -999.250 -999.250 -999.250 -999.250 -999.250 -999.250 -999.250
141.914 120.601 91.333 75.226 78.079 61.329 50.562 39.445 39.458 42.727 34.069 25.931 31.259 32.444 33.778 43.382 44.475 56.620 78.828 89.958 99.971 137.772 146.585 162.191 175.603 176.402 168.067 211.453 255.989 273.115 329.841 341.956 362.942 349.721 330.264 328.057 297.243 249.386 239.455 203.759 165.030 150.120 108.418 104.073 92.350 -999.250 -999.250 -999.250 -999.250 -999.250 -999.250 -999.250 -999.250 -999.250 -999.250 -999.250 -999.250 -999.250 -999.250 -999.250 -999.250 -999.250 -999.250 -999.250 -999.250
109.451 101.647 104.725 90.686 78.942 63.938 62.197 52.666 48.223 39.804 33.334 33.771 32.226 46.848 45.248 53.833 60.922 79.395 91.381 111.127 116.294 147.048 132.642 153.106 176.346 188.126 183.689 200.625 230.355 275.860 290.542 297.859 323.732 297.278 300.297 293.447 258.870 235.524 203.701 203.912 175.302 141.005 120.885 111.409 96.241 109.706 -999.250 -999.250 -999.250 -999.250 -999.250 -999.250 -999.250 -999.250 -999.250 -999.250 -999.250 -999.250 -999.250 -999.250 -999.250 -999.250 -999.250 -999.250 -999.250
