data/medianmodel_02-Jan-2021.asc
ncols	141
nrows	288
xllcorner	-120191.398
yllcorner	-301404.813
cellsize	2000.000
NODATA_value	-999.250
[rows 232 to 260 of 288, columns 0 to 64 of 141]
-999.250 -999.250 -999.250 -999.250 -999.250 -999.250 -999.250 -999.250 -999.250 -999.250 -999.250 -999.250 -999.250 -999.250 -999.250 -999.250 -999.250 -999.250 -999.250 -999.250 -999.250 -999.250 -999.250 -999.250 -999.250 -999.250 -999.250 115.708 106.022 107.038 100.790 109.369 99.076 92.348 97.703 104.962 105.842 106.742 102.790 112.881 128.502 147.881 157.654 152.432 177.438 170.817 157.067 156.555 171.441 154.877 156.717 165.540 152.874 160.223 148.739 130.626 108.241 103.084 100.946 92.643 93.111 102.145 107.958 117.501 140.594
-999.250 -999.250 -999.250 -999.250 -999.250 -999.250 -999.250 -999.250 -999.250 -999.250 -999.250 -999.250 -999.250 -999.250 -999.250 -999.250 -999.250 -999.250 -999.250 -999.250 -999.250 -999.250 -999.250 -999.250 -999.250 -999.250 -999.250 -999.250 97.324 103.693 103.013 96.362 102.847 101.051 104.954 96.239 101.244 102.222 108.258 118.182 127.189 137.514 158.436 153.002 170.250 180.694 188.129 158.181 184.226 166.987 164.707 194.442 181.735 184.994 166.321 155.729 127.843 119.866 110.627 111.413 120.171 114.119 115.384 130.892 180.108
-999.250 -999.250 -999.250 -999.250 -999.250 -999.250 -999.250 -999.250 -999.250 -999.250 -999.250 -999.250 -999.250 -999.250 -999.250 -999.250 -999.250 -999.250 -999.250 -999.250 -999.250 -999.250 -999.250 -999.250 -999.250 -999.250 -999.250 -999.250 -999.250 -999.250 105.007 95.950 99.691 94.820 99.755 91.597 102.304 105.400 110.263 118.347 121.975 139.419 143.308 136.556 174.458 188.109 215.340 213.409 175.191 196.721 167.751 196.859 210.687 196.590 177.273 166.045 161.046 150.886 140.604 141.523 146.099 126.580 126.939 141.419 187.499
-999.250 -999.250 -999.250 -999.250 -999.250 -999.250 -999.250 -999.250 -999.250 -999.250 -999.250 -999.250 -999.250 -999.250 -999.250 -999.250 -999.250 -999.250 -999.250 -999.250 -999.250 -999.250 -999.250 -999.250 -999.250 -999.250 -999.250 -999.250 -999.250 -999.250 99.014 97.672 94.700 94.567 103.933 105.840 116.987 106.869 109.519 112.680 132.176 142.746 145.089 146.769 173.430 186.711 226.779 224.634 214.776 211.885 198.585 220.596 177.588 196.770 188.803 183.768 156.811 161.139 168.462 183.100 163.910 143.681 152.773 162.132 199.650
-999.250 -999.250 -999.250 -999.250 -999.250 -999.250 -999.250 -999.250 -999.250 -999.250 -999.250 -999.250 -999.250 -999.250 -999.250 -999.250 -999.250 -999.250 -999.250 -999.250 -999.250 -999.250 -999.250 -999.250 -999.250 -999.250 -999.250 -999.250 -999.250 -999.250 101.759 92.513 105.626 98.146 106.906 103.047 111.849 111.757 113.306 130.828 129.808 137.519 151.434 150.572 184.196 192.555 209.337 248.418 235.451 236.515 226.980 239.438 210.620 206.420 202.075 189.797 182.692 189.866 198.830 230.387 180.348 165.691 154.780 166.332 210.474
-999.250 -999.250 -999.250 -999.250 -999.250 -999.250 -999.250 -999.250 -999.250 -999.250 -999.250 -999.250 -999.250 -999.250 -999.250 -999.250 -999.250 -999.250 -999.250 -999.250 -999.250 -999.250 -999.250 -999.250 -999.250 -999.250 -999.250 -999.250 -999.250 -999.250 -999.250 98.943 109.138 107.433 108.728 111.336 105.834 104.377 119.326 125.683 138.106 148.654 152.767 162.244 179.956 219.591 221.316 220.745 238.759 232.609 247.473 233.408 223.759 213.799 204.630 205.849 206.962 195.866 198.785 213.579 189.468 177.114 163.667 176.863 211.258
-999.250 -999.250 -999.250 -999.250 -999.250 -999.250 -999.250 -999.250 -999.250 -999.250 -999.250 -999.250 -999.250 -999.250 -999.250 -999.250 -999.250 -999.250 -999.250 -999.250 -999.250 -999.250 -999.250 -999.250 -999.250 -999.250 -999.250 -999.250 -999.250 -999.250 98.017 100.954 110.846 113.695 110.631 105.556 118.397 114.683 125.162 146.581 141.934 158.702 170.981 214.531 214.697 220.971 227.701 226.755 244.312 260.626 266.092 280.950 249.715 240.494 205.866 209.238 213.968 204.389 175.633 192.367 182.123 173.707 157.536 177.983 221.635
-999.250 -999.250 -999.250 -999.250 -999.250 -999.250 -999.250 -999.250 -999.250 -999.250 -999.250 -999.250 -999.250 -999.250 -999.250 -999.250 -999.250 -999.250 -999.250 -999.250 -999.250 -999.250 -999.250 -999.250 -999.250 -999.250 -999.250 -999.250 -999.250 -999.250 -999.250 119.141 130.621 122.311 114.179 107.574 120.055 122.477 136.903 150.236 160.290 178.830 182.905 211.667 187.868 204.784 249.945 264.509 244.831 278.229 289.894 282.983 261.254 236.429 226.449 212.093 192.128 206.165 196.578 168.363 179.702 169.162 173.237 192.829 227.742
-999.250 -999.250 -999.250 -999.250 -999.250 -999.250 -999.250 -999.250 -999.250 -999.250 -999.250 -999.250 -999.250 -999.250 -999.250 -999.250 -999.250 -999.250 -999.250 -999.250 -999.250 -999.250 -999.250 -999.250 -999.250 -999.250 -999.250 -999.250 -999.250 -999.250 117.511 129.091 122.450 124.709 123.274 120.391 121.361 128.321 124.443 143.143 146.634 170.736 184.686 220.224 195.602 241.310 254.740 259.176 283.803 289.572 293.186 288.820 298.589 263.587 236.845 201.724 195.976 198.786 163.034 150.774 148.995 162.900 174.937 200.897 259.829
-999.250 -999.250 -999.250 -999.250 -999.250 -999.250 -999.250 -999.250 -999.250 -999.250 -999.250 -999.250 -999.250 -999.250 -999.250 -999.250 -999.250 -999.250 -999.250 -999.250 -999.250 -999.250 -999.250 -999.250 -999.250 -999.250 -999.250 -999.250 -999.250 -999.250 122.262 125.180 116.630 124.644 126.767 126.380 127.087 142.756 134.408 134.677 170.574 170.564 219.098 228.359 236.607 246.916 251.455 280.207 302.526 299.052 332.357 303.892 293.145 279.442 257.632 245.769 197.727 207.749 157.908 149.735 153.529 159.201 186.532 213.028 268.258
-999.250 -999.250 -999.250 -999.250 -999.250 -999.250 -999.250 -999.250 -999.250 -999.250 -999.250 -999.250 -999.250 -999.250 -999.250 -999.250 -999.250 -999.250 -999.250 -999.250 -999.250 -999.250 -999.250 -999.250 -999.250 -999.250 -999.250 -999.250 -999.250 -999.250 130.022 132.612 119.094 132.154 125.970 139.387 143.034 131.465 140.531 171.081 175.401 223.810 210.475 238.729 268.843 273.993 280.379 302.222 310.165 322.229 342.023 314.309 301.819 293.821 267.049 229.571 236.105 186.766 154.946 154.296 137.060 133.152 171.756 225.344 273.940
-999.250 -999.250 -999.250 -999.250 -999.250 -999.250 -999.250 -999.250 -999.250 -999.250 -999.250 -999.250 -999.250 -999.250 -999.250 -999.250 -999.250 -999.250 -999.250 -999.250 -999.250 -999.250 -999.250 -999.250 -999.250 -999.250 -999.250 -999.250 -999.250 -999.250 135.118 128.917 127.658 125.009 132.432 156.592 154.081 166.826 149.041 179.125 192.972 210.181 218.786 250.985 266.163 276.601 303.421 315.455 322.827 315.173 324.775 327.613 317.505 290.772 271.973 245.331 237.710 209.003 159.661 160.457 135.723 133.076 168.314 207.578 253.291
-999.250 -999.250 -999.250 -999.250 -999.250 -999.250 -999.250 -999.250 -999.250 -999.250 -999.250 -999.250 -999.250 -999.250 -999.250 -999.250 -999.250 -999.250 -999.250 -999.250 -999.250 -999.250 -999.250 -999.250 -999.250 -999.250 -999.250 -999.250 -999.250 -999.250 122.029 133.589 135.686 122.520 135.290 139.839 156.832 175.022 169.396 201.297 228.752 231.759 249.553 262.716 275.697 314.004 307.369 338.313 336.952 335.282 332.587 342.146 336.411 305.611 275.773 256.743 235.967 214.718 168.339 140.538 126.859 125.073 149.395 190.746 254.555
-999.250 -999.250 -999.250 -999.250 -999.250 -999.250 -999.250 -999.250 -999.250 -999.250 -999.250 -999.250 -999.250 -999.250 -999.250 -999.250 -999.250 -999.250 -999.250 -999.250 -999.250 -999.250 -999.250 -999.250 -999.250 -999.250 -999.250 -999.250 -999.250 -999.250 -999.250 148.394 131.391 146.172 149.553 151.748 153.797 174.723 183.327 200.254 226.369 240.193 247.518 271.839 287.913 298.242 297.640 311.673 343.556 346.913 348.611 362.223 352.638 328.911 306.553 275.449 240.839 196.633 156.235 132.454 128.349 129.515 154.811 177.017 234.964
-999.250 -999.250 -999.250 -999.250 -999.250 -999.250 -999.250 -999.250 -999.250 -999.250 -999.250 -999.250 -999.250 -999.250 -999.250 -999.250 -999.250 -999.250 -999.250 -999.250 -999.250 -999.250 -999.250 -999.250 -999.250 -999.250 -999.250 -999.250 -999.250 -999.250 -999.250 146.691 154.118 139.111 132.958 140.538 182.830 179.970 194.535 234.270 236.737 273.845 261.408 275.052 290.462 276.460 311.955 327.611 329.143 342.450 351.267 358.608 366.216 346.536 319.344 283.794 258.903 210.017 183.128 150.816 141.712 132.001 157.207 183.124 238.072
-999.250 -999.250 -999.250 -999.250 -999.250 -999.250 -999.250 -999.250 -999.250 -999.250 -999.250 -999.250 -999.250 -999.250 -999.250 -999.250 -999.250 -999.250 -999.250 -999.250 -999.250 -999.250 -999.250 -999.250 -999.250 -999.250 -999.250 -999.250 -999.250 -999.250 147.693 140.844 144.869 132.432 146.363 170.652 186.694 181.501 198.091 230.522 249.281 260.007 273.476 281.858 283.309 316.701 320.759 347.317 344.960 332.785 375.878 369.220 365.080 356.334 345.094 325.498 286.435 250.758 229.794 187.705 162.504 161.116 173.372 209.319 239.260
-999.250 -999.250 -999.250 -999.250 -999.250 -999.250 -999.250 -999.250 -999.250 -999.250 -999.250 -999.250 -999.250 -999.250 -999.250 -999.250 -999.250 -999.250 -999.250 -999.250 -999.250 -999.250 -999.250 -999.250 -999.250 -999.250 -999.250 -999.250 -999.250 -999.250 141.334 135.164 135.401 137.531 183.667 171.492 191.049 206.835 216.586 240.433 241.785 258.486 266.692 274.359 306.925 327.112 317.318 330.535 344.788 353.410 367.570 382.637 368.039 373.752 372.458 363.962 324.246 280.642 255.965 203.271 200.164 177.131 196.279 226.881 250.999
-999.250 -999.250 -999.250 -999.250 -999.250 -999.250 -999.250 -999.250 -999.250 -999.250 -999.250 -999.250 -999.250 -999.250 -999.250 -999.250 -999.250 -999.250 -999.250 -999.250 -999.250 -999.250 -999.250 -999.250 -999.250 -999.250 -999.250 -999.250 -999.250 -999.250 140.428 128.478 139.921 173.164 179.461 198.335 198.190 225.490 230.297 247.313 256.731 267.597 257.463 271.921 309.374 328.481 318.106 358.639 356.921 364.867 380.483 378.276 396.042 385.264 390.805 412.416 338.785 304.376 264.135 245.829 205.240 212.002 218.508 249.851 281.108
-999.250 -999.250 -999.250 -999.250 -999.250 -999.250 -999.250 -999.250 -999.250 -999.250 -999.250 -999.250 -999.250 -999.250 -999.250 -999.250 -999.250 -999.250 -999.250 -999.250 -999.250 -999.250 -999.250 -999.250 -999.250 -999.250 -999.250 -999.250 -999.250 -999.250 149.995 155.107 160.710 150.216 180.232 189.965 202.706 204.231 249.245 258.374 260.543 281.722 261.714 271.397 297.172 312.048 342.979 338.377 363.380 353.223 372.177 382.838 373.876 377.312 390.646 389.462 350.450 323.649 315.512 266.485 252.361 256.934 240.146 274.224 286.758
-999.250 -999.250 -999.250 -999.250 -999.250 -999.250 -999.250 -999.250 -999.250 -999.250 -999.250 -999.250 -999.250 -999.250 -999.250 -999.250 -999.250 -999.250 -999.250 -999.250 -999.250 -999.250 -999.250 -999.250 -999.250 -999.250 -999.250 -999.250 -999.250 -999.250 149.913 157.588 161.053 161.459 170.567 206.676 204.365 195.847 243.586 262.977 255.575 246.434 264.259 268.911 312.775 329.409 338.936 344.470 357.660 358.167 388.906 381.116 380.216 399.008 390.542 387.196 361.983 348.389 321.020 305.851 281.718 274.442 267.802 279.781 303.677
-999.250 -999.250 -999.250 -999.250 -999.250 -999.250 -999.250 -999.250 -999.250 -999.250 -999.250 -999.250 -999.250 -999.250 -999.250 -999.250 -999.250 -999.250 -999.250 -999.250 -999.250 -999.250 -999.250 -999.250 -999.250 -999.250 -999.250 -999.250 -999.250 153.732 142.194 143.522 166.796 151.783 160.431 191.889 200.024 219.390 242.908 247.378 252.076 267.533 273.018 284.423 290.557 327.901 343.158 343.485 358.246 354.355 346.796 373.455 375.888 368.445 376.175 374.908 346.407 347.752 336.005 322.790 304.518 292.499 278.882 308.259 320.909
-999.250 -999.250 -999.250 -999.250 -999.250 -999.250 -999.250 -999.250 -999.250 -999.250 -999.250 -999.250 -999.250 -999.250 -999.250 -999.250 -999.250 -999.250 -999.250 -999.250 -999.250 -999.250 -999.250 -999.250 -999.250 -999.250 -999.250 -999.250 -999.250 -999.250 151.908 145.453 141.342 168.021 162.512 150.772 171.423 188.929 231.220 227.916 229.586 256.138 268.538 273.816 272.290 303.311 333.903 343.253 334.827 343.055 357.024 378.500 377.917 367.448 370.304 368.801 364.073 353.480 306.825 331.408 318.954 325.220 295.528 308.262 326.227
-999.250 -999.250 -999.250 -999.250 -999.250 -999.250 -999.250 -999.250 -999.250 -999.250 -999.250 -999.250 -999.250 -999.250 -999.250 -999.250 -999.250 -999.250 -999.250 -999.250 -999.250 -999.250 -999.250 -999.250 -999.250 -999.250 -999.250 -999.250 -999.250 -999.250 142.174 148.440 149.076 154.251 166.548 138.129 156.085 169.417 208.300 222.131 228.559 252.333 251.797 257.938 281.608 283.576 306.934 344.560 352.515 339.056 357.002 372.607 353.132 363.538 360.266 350.371 343.730 335.235 331.240 333.070 338.906 321.999 343.728 336.351 333.019
-999.250 -999.250 -999.250 -999.250 -999.250 -999.250 -999.250 -999.250 -999.250 -999.250 -999.250 -999.250 -999.250 -999.250 -999.250 -999.250 -999.250 -999.250 -999.250 -999.250 -999.250 -999.250 -999.250 -999.250 -999.250 -999.250 -999.250 -999.250 -999.250 -999.250 -999.250 141.408 144.957 140.212 141.018 128.972 138.572 171.230 185.482 195.526 198.672 205.113 242.142 259.870 280.738 283.457 335.174 354.028 343.740 361.324 362.239 372.965 350.319 357.428 362.902 372.407 353.689 340.866 354.348 326.684 330.033 334.497 338.339 340.609 338.024
-999.250 -999.250 -999.250 -999.250 -999.250 -999.250 -999.250 -999.250 -999.250 -999.250 -999.250 -999.250 -999.250 -999.250 -999.250 -999.250 -999.250 -999.250 -999.250 -999.250 -999.250 -999.250 -999.250 -999.250 -999.250 -999.250 -999.250 -999.250 -999.250 -999.250 -999.250 158.721 137.382 135.298 130.036 127.616 125.950 149.532 155.126 166.566 165.983 184.156 224.079 243.019 276.980 311.817 317.577 345.583 339.446 353.277 374.868 367.485 353.401 338.420 349.534 352.866 357.920 349.231 347.050 351.034 344.914 335.723 329.635 344.238 340.336
-999.250 -999.250 -999.250 -999.250 -999.250 -999.250 -999.250 -999.250 -999.250 -999.250 -999.250 -999.250 -999.250 -999.250 -999.250 -999.250 -999.250 -999.250 -999.250 -999.250 -999.250 -999.250 -999.250 -999.250 -999.250 -999.250 -999.250 -999.250 -999.250 -999.250 134.708 148.019 132.865 125.926 124.011 113.287 122.908 149.894 143.190 163.585 192.177 200.795 212.267 240.659 249.413 297.917 322.070 335.805 347.526 347.341 357.180 347.947 348.947 339.581 366.732 374.294 351.953 340.055 346.763 345.001 326.332 337.397 312.250 332.364 342.007
-999.250 -999.250 -999.250 -999.250 -999.250 -999.250 -999.250 -999.250 -999.250 -999.250 -999.250 -999.250 -999.250 -999.250 -999.250 -999.250 -999.250 -999.250 -999.250 -999.250 -999.250 -999.250 -999.250 -999.250 -999.250 -999.250 -999.250 -999.250 -999.250 -999.250 122.457 136.965 131.768 124.716 119.489 114.370 124.544 132.258 123.318 160.984 149.671 182.396 202.779 230.938 269.459 279.213 304.555 281.319 322.201 341.375 353.609 367.500 352.350 350.477 374.485 358.515 347.456 359.243 346.198 339.810 335.958 329.960 333.382 343.915 327.394
-999.250 -999.250 -999.250 -999.250 -999.250 -999.250 -999.250 -999.250 -999.250 -999.250 -999.250 -999.250 -999.250 -999.250 -999.250 -999.250 -999.250 -999.250 -999.250 -999.250 -999.250 -999.250 -999.250 -999.250 -999.250 -999.250 -999.250 -999.250 -999.250 -999.250 119.254 131.244 129.959 117.586 123.222 110.439 113.238 115.226 119.029 123.512 128.587 151.339 174.514 210.676 247.948 268.972 281.233 306.253 329.549 341.324 348.370 350.190 361.670 356.827 354.465 359.887 366.139 351.983 355.923 352.611 340.404 314.998 306.964 336.531 328.145
-999.250 -999.250 -999.250 -999.250 -999.250 -999.250 -999.250 -999.250 -999.250 -999.250 -999.250 -999.250 -999.250 -999.250 -999.250 -999.250 -999.250 -999.250 -999.250 -999.250 -999.250 -999.250 -999.250 -999.250 -999.250 -999.250 -999.250 -999.250 -999.250 -999.250 109.438 120.016 114.784 109.906 106.320 104.939 98.742 109.211 105.391 108.201 124.524 138.926 169.736 198.258 217.533 237.234 265.174 287.293 314.818 322.116 344.775 327.679 360.735 343.067 352.710 364.443 373.547 346.934 342.067 334.950 329.904 315.717 305.000 330.840 334.248
