data/medianmodel_24-Apr-2020.asc
ncols	141
nrows	288
xllcorner	-120191.398
yllcorner	-301404.813
cellsize	2000.000
NODATA_value	-999.250
[rows 240 to 269 of 288, columns 0 to 67 of 141]
-999.250 -999.250 -999.250 -999.250 -999.250 -999.250 -999.250 -999.250 -999.250 -999.250 -999.250 -999.250 -999.250 -999.250 -999.250 -999.250 -999.250 -999.250 -999.250 -999.250 -999.250 -999.250 -999.250 -999.250 -999.250 -999.250 -999.250 -999.250 -999.250 -999.250 9.671 12.178 10.164 11.471 13.945 13.916 15.498 15.134 14.778 17.143 16.824 16.593 16.820 18.309 18.950 19.949 19.717 20.218 21.859 21.759 22.770 26.045 25.902 27.971 27.035 23.074 21.043 20.502 20.448 18.861 19.346 22.850 24.103 18.261 17.698 17.122 17.105 15.443
-999.250 -999.250 -999.250 -999.250 -999.250 -999.250 -999.250 -999.250 -999.250 -999.250 -999.250 -999.250 -999.250 -999.250 -999.250 -999.250 -999.250 -999.250 -999.250 -999.250 -999.250 -999.250 -999.250 -999.250 -999.250 -999.250 -999.250 -999.250 -999.250 -999.250 7.884 9.556 10.934 12.208 11.955 15.773 14.914 15.151 18.092 16.645 15.551 16.625 19.712 20.813 20.368 17.681 16.948 18.808 19.155 20.742 23.815 25.319 25.665 26.178 23.243 20.836 18.592 17.050 15.920 17.548 18.863 18.458 17.323 15.599 16.814 15.216 15.198 16.184
-999.250 -999.250 -999.250 -999.250 -999.250 -999.250 -999.250 -999.250 -999.250 -999.250 -999.250 -999.250 -999.250 -999.250 -999.250 -999.250 -999.250 -999.250 -999.250 -999.250 -999.250 -999.250 -999.250 -999.250 -999.250 -999.250 -999.250 -999.250 -999.250 -999.250 5.866 7.235 10.352 11.490 10.630 12.423 13.418 13.823 13.205 13.899 17.182 17.831 17.650 17.157 16.977 20.290 22.158 18.655 19.312 21.785 20.132 23.831 21.854 21.413 21.197 20.423 16.872 17.358 15.258 13.936 13.534 14.489 14.012 15.219 14.110 13.893 17.012 17.005
-999.250 -999.250 -999.250 -999.250 -999.250 -999.250 -999.250 -999.250 -999.250 -999.250 -999.250 -999.250 -999.250 -999.250 -999.250 -999.250 -999.250 -999.250 -999.250 -999.250 -999.250 -999.250 -999.250 -999.250 -999.250 -999.250 -999.250 -999.250 -999.250 -999.250 6.522 5.943 9.234 9.663 11.189 14.613 12.263 12.047 12.099 11.584 13.389 15.432 16.326 16.976 15.318 18.386 20.935 21.545 20.704 19.441 19.228 20.532 19.329 16.004 17.574 15.997 17.785 15.343 13.188 11.878 11.509 12.221 11.204 10.298 13.131 14.097 15.152 15.873
-999.250 -999.250 -999.250 -999.250 -999.250 -999.250 -999.250 -999.250 -999.250 -999.250 -999.250 -999.250 -999.250 -999.250 -999.250 -999.250 -999.250 -999.250 -999.250 -999.250 -999.250 -999.250 -999.250 -999.250 -999.250 -999.250 -999.250 -999.250 -999.250 -999.250 7.018 8.996 8.268 12.388 13.555 11.656 12.447 13.222 10.299 10.000 13.794 11.346 16.161 17.585 17.735 17.744 21.445 18.523 15.923 17.255 16.005 17.783 15.078 15.000 13.984 15.058 14.397 13.758 12.373 10.652 6.338 5.243 6.458 9.751 11.286 12.440 13.502 15.447
-999.250 -999.250 -999.250 -999.250 -999.250 -999.250 -999.250 -999.250 -999.250 -999.250 -999.250 -999.250 -999.250 -999.250 -999.250 -999.250 -999.250 -999.250 -999.250 -999.250 -999.250 -999.250 -999.250 -999.250 -999.250 -999.250 -999.250 -999.250 -999.250 -999.250 -999.250 8.370 8.815 8.033 10.110 11.442 10.887 11.441 13.489 13.034 11.617 12.253 16.451 16.314 17.538 18.386 15.715 18.006 15.620 15.083 18.102 12.502 13.023 13.167 13.743 12.821 13.465 12.700 9.546 9.671 4.700 0.000 5.582 10.373 11.172 13.609 12.634 13.992
-999.250 -999.250 -999.250 -999.250 -999.250 -999.250 -999.250 -999.250 -999.250 -999.250 -999.250 -999.250 -999.250 -999.250 -999.250 -999.250 -999.250 -999.250 -999.250 -999.250 -999.250 -999.250 -999.250 -999.250 -999.250 -999.250 -999.250 -999.250 -999.250 -999.250 -999.250 9.164 11.354 9.322 8.439 8.435 13.185 14.450 14.034 13.004 13.884 14.216 15.215 17.036 16.439 18.177 16.376 17.102 16.254 14.820 13.941 14.962 12.900 14.271 9.276 9.726 11.518 11.671 8.601 9.133 6.129 5.244 8.055 11.813 11.707 12.804 14.405 14.470
-999.250 -999.250 -999.250 -999.250 -999.250 -999.250 -999.250 -999.250 -999.250 -999.250 -999.250 -999.250 -999.250 -999.250 -999.250 -999.250 -999.250 -999.250 -999.250 -999.250 -999.250 -999.250 -999.250 -999.250 -999.250 -999.250 -999.250 -999.250 -999.250 -999.250 9.254 13.922 11.429 11.490 9.870 11.393 11.810 10.475 9.708 11.662 13.692 12.872 17.741 15.053 14.946 14.683 14.831 13.421 14.010 14.415 15.110 12.456 11.268 11.591 7.261 9.031 8.322 10.993 10.573 9.489 8.982 10.824 8.954 11.974 9.876 15.229 14.220 15.710
-999.250 -999.250 -999.250 -999.250 -999.250 -999.250 -999.250 -999.250 -999.250 -999.250 -999.250 -999.250 -999.250 -999.250 -999.250 -999.250 -999.250 -999.250 -999.250 -999.250 -999.250 -999.250 -999.250 -999.250 -999.250 -999.250 -999.250 -999.250 -999.250 -999.250 11.328 12.877 13.114 10.313 9.829 10.032 10.802 12.774 11.103 11.561 11.399 15.905 15.045 16.268 15.078 15.623 14.752 15.224 14.411 14.062 12.960 10.527 11.128 8.780 6.441 2.399 5.360 10.056 11.766 8.327 10.401 10.260 12.338 13.639 14.118 15.686 16.021 16.005
-999.250 -999.250 -999.250 -999.250 -999.250 -999.250 -999.250 -999.250 -999.250 -999.250 -999.250 -999.250 -999.250 -999.250 -999.250 -999.250 -999.250 -999.250 -999.250 -999.250 -999.250 -999.250 -999.250 -999.250 -999.250 -999.250 -999.250 -999.250 -999.250 -999.250 9.931 11.752 13.052 11.818 11.534 10.330 12.250 13.273 9.899 12.782 14.134 12.186 14.621 12.345 13.922 15.063 14.567 16.351 13.894 14.568 12.388 12.152 11.455 10.017 6.627 0.000 4.369 8.946 12.888 13.915 12.637 14.398 14.184 15.842 16.092 15.751 14.933 16.144
-999.250 -999.250 -999.250 -999.250 -999.250 -999.250 -999.250 -999.250 -999.250 -999.250 -999.250 -999.250 -999.250 -999.250 -999.250 -999.250 -999.250 -999.250 -999.250 -999.250 -999.250 -999.250 -999.250 -999.250 -999.250 -999.250 -999.250 -999.250 -999.250 -999.250 11.717 12.000 14.245 13.240 11.209 8.838 11.314 13.477 10.754 7.529 8.875 9.722 14.914 14.123 12.792 12.441 16.378 16.913 11.922 12.833 11.425 10.419 10.303 10.502 8.506 4.420 6.651 9.687 12.530 14.389 15.330 15.975 16.817 18.446 14.864 15.932 18.600 15.924
-999.250 -999.250 -999.250 -999.250 -999.250 -999.250 -999.250 -999.250 -999.250 -999.250 -999.250 -999.250 -999.250 -999.250 -999.250 -999.250 -999.250 -999.250 -999.250 -999.250 -999.250 -999.250 -999.250 -999.250 -999.250 -999.250 -999.250 -999.250 -999.250 -999.250 12.804 11.344 12.647 12.052 10.627 9.909 10.778 7.638 8.267 4.046 8.916 11.570 13.965 15.781 13.995 15.985 16.677 13.826 12.404 13.068 11.775 14.631 9.887 13.919 9.190 11.833 10.543 11.639 14.495 15.231 18.243 18.196 21.224 18.852 20.844 19.278 18.921 18.347
-999.250 -999.250 -999.250 -999.250 -999.250 -999.250 -999.250 -999.250 -999.250 -999.250 -999.250 -999.250 -999.250 -999.250 -999.250 -999.250 -999.250 -999.250 -999.250 -999.250 -999.250 -999.250 -999.250 -999.250 -999.250 -999.250 -999.250 -999.250 -999.250 14.589 14.071 11.789 12.449 12.659 12.628 12.248 13.203 7.267 9.347 7.312 8.946 13.159 14.820 13.175 17.370 17.962 17.012 14.976 14.596 13.784 14.389 15.046 13.601 11.324 11.373 12.440 14.116 13.812 14.500 18.147 19.597 20.605 20.224 21.959 20.883 24.324 22.404 24.770
-999.250 -999.250 -999.250 -999.250 -999.250 -999.250 -999.250 -999.250 -999.250 -999.250 -999.250 -999.250 -999.250 -999.250 -999.250 -999.250 -999.250 -999.250 -999.250 -999.250 -999.250 -999.250 -999.250 -999.250 -999.250 -999.250 -999.250 -999.250 -999.250 -999.250 11.400 10.049 13.245 10.413 11.972 12.702 11.977 11.955 9.641 11.990 13.340 15.591 14.074 14.539 15.825 13.916 15.474 14.416 14.498 12.881 12.437 15.294 14.677 14.151 12.543 15.902 15.392 16.082 17.228 19.638 20.618 22.510 26.168 25.124 24.389 23.452 26.186 21.736
-999.250 -999.250 -999.250 -999.250 -999.250 -999.250 -999.250 -999.250 -999.250 -999.250 -999.250 -999.250 -999.250 -999.250 -999.250 -999.250 -999.250 -999.250 -999.250 -999.250 -999.250 -999.250 -999.250 -999.250 -999.250 -999.250 -999.250 -999.250 -999.250 -999.250 9.948 14.331 9.467 10.284 12.596 13.580 14.070 13.607 9.111 13.512 14.915 14.276 14.657 11.159 13.121 13.217 11.607 14.703 13.817 13.247 14.222 15.671 14.076 13.353 14.375 15.695 18.327 17.385 20.345 21.609 21.247 29.862 26.649 28.265 26.296 27.510 27.250 24.530
-999.250 -999.250 -999.250 -999.250 -999.250 -999.250 -999.250 -999.250 -999.250 -999.250 -999.250 -999.250 -999.250 -999.250 -999.250 -999.250 -999.250 -999.250 -999.250 -999.250 -999.250 -999.250 -999.250 -999.250 -999.250 -999.250 -999.250 -999.250 -999.250 -999.250 -999.250 11.085 10.934 13.109 12.450 12.812 11.874 14.605 13.540 14.283 14.202 13.360 14.102 10.714 12.644 9.539 15.223 13.485 16.055 16.322 14.923 17.042 14.546 15.601 15.989 17.701 17.511 18.737 24.889 24.616 23.480 31.792 32.300 35.268 34.220 31.710 30.194 24.510
-999.250 -999.250 -999.250 -999.250 -999.250 -999.250 -999.250 -999.250 -999.250 -999.250 -999.250 -999.250 -999.250 -999.250 -999.250 -999.250 -999.250 -999.250 -999.250 -999.250 -999.250 -999.250 -999.250 -999.250 -999.250 -999.250 -999.250 -999.250 -999.250 -999.250 -999.250 10.975 10.919 13.107 12.041 13.251 12.296 15.309 15.021 14.829 14.494 12.708 11.204 13.978 12.145 12.774 13.081 14.473 14.915 12.685 15.684 15.133 15.443 17.607 17.683 23.164 21.227 25.217 31.809 30.434 26.919 26.615 35.119 35.966 38.483 35.477 34.035 29.123
-999.250 -999.250 -999.250 -999.250 -999.250 -999.250 -999.250 -999.250 -999.250 -999.250 -999.250 -999.250 -999.250 -999.250 -999.250 -999.250 -999.250 -999.250 -999.250 -999.250 -999.250 -999.250 -999.250 -999.250 -999.250 -999.250 -999.250 -999.250 -999.250 -999.250 11.132 9.097 10.697 12.164 12.367 14.246 13.685 14.353 13.182 13.090 14.816 13.322 11.128 13.795 13.744 12.530 13.767 12.859 16.689 16.569 13.930 15.595 17.939 18.611 21.357 25.563 25.259 24.214 30.055 30.820 26.969 29.680 34.663 41.436 44.610 44.847 40.768 31.513
-999.250 -999.250 -999.250 -999.250 -999.250 -999.250 -999.250 -999.250 -999.250 -999.250 -999.250 -999.250 -999.250 -999.250 -999.250 -999.250 -999.250 -999.250 -999.250 -999.250 -999.250 -999.250 -999.250 -999.250 -999.250 -999.250 -999.250 -999.250 -999.250 -999.250 12.453 11.553 11.688 10.973 12.621 12.908 15.322 15.092 16.634 15.204 14.910 14.453 13.569 13.540 13.094 15.860 12.503 14.407 15.006 15.149 16.320 18.491 22.737 18.750 22.100 23.395 27.785 30.329 32.877 33.639 33.854 36.297 38.652 42.172 42.726 41.935 34.364 31.222
-999.250 -999.250 -999.250 -999.250 -999.250 -999.250 -999.250 -999.250 -999.250 -999.250 -999.250 -999.250 -999.250 -999.250 -999.250 -999.250 -999.250 -999.250 -999.250 -999.250 -999.250 -999.250 -999.250 -999.250 -999.250 -999.250 -999.250 -999.250 -999.250 -999.250 10.355 10.276 10.788 12.070 11.844 14.102 14.261 13.285 14.597 16.864 13.665 13.685 14.802 13.359 14.506 13.328 16.224 14.275 16.369 17.037 17.966 19.319 23.925 22.052 23.381 29.713 24.992 29.034 33.305 33.825 38.057 36.773 38.833 36.057 37.428 33.762 35.583 32.901
-999.250 -999.250 -999.250 -999.250 -999.250 -999.250 -999.250 -999.250 -999.250 -999.250 -999.250 -999.250 -999.250 -999.250 -999.250 -999.250 -999.250 -999.250 -999.250 -999.250 -999.250 -999.250 -999.250 -999.250 -999.250 -999.250 -999.250 -999.250 -999.250 -999.250 9.198 10.536 13.927 11.027 13.059 15.337 13.950 13.589 13.772 15.923 15.113 17.328 14.742 14.178 14.674 14.204 12.653 14.327 16.306 15.651 16.688 19.191 21.742 22.704 27.186 32.889 27.218 34.311 37.344 36.824 35.906 31.616 32.394 33.065 33.643 36.743 37.164 26.523
-999.250 -999.250 -999.250 -999.250 -999.250 -999.250 -999.250 -999.250 -999.250 -999.250 -999.250 -999.250 -999.250 -999.250 -999.250 -999.250 -999.250 -999.250 -999.250 -999.250 -999.250 -999.250 -999.250 -999.250 -999.250 -999.250 -999.250 -999.250 -999.250 -999.250 6.789 9.609 10.632 11.822 12.584 14.169 13.824 12.916 12.044 16.787 14.222 16.299 15.423 14.515 15.639 17.196 16.863 13.300 16.931 16.905 16.305 19.548 20.584 24.830 23.967 31.573 34.137 30.518 33.912 33.094 35.107 39.292 33.289 33.264 35.599 33.559 34.690 28.742
-999.250 -999.250 -999.250 -999.250 -999.250 -999.250 -999.250 -999.250 -999.250 -999.250 -999.250 -999.250 -999.250 -999.250 -999.250 -999.250 -999.250 -999.250 -999.250 -999.250 -999.250 -999.250 -999.250 -999.250 -999.250 -999.250 -999.250 -999.250 -999.250 -999.250 9.451 9.738 10.365 9.361 11.919 11.589 14.365 11.227 14.255 14.959 16.493 15.385 16.525 13.592 14.284 15.880 17.046 13.502 19.287 16.318 19.167 20.049 23.034 26.364 33.942 26.904 29.957 28.508 28.503 31.141 34.921 34.890 34.123 33.309 38.095 36.123 28.672 26.862
-999.250 -999.250 -999.250 -999.250 -999.250 -999.250 -999.250 -999.250 -999.250 -999.250 -999.250 -999.250 -999.250 -999.250 -999.250 -999.250 -999.250 -999.250 -999.250 -999.250 -999.250 -999.250 -999.250 -999.250 -999.250 -999.250 -999.250 -999.250 -999.250 11.081 10.768 9.311 7.465 7.493 10.670 11.159 13.780 11.232 12.932 12.961 13.006 13.622 13.134 16.074 14.154 15.111 16.521 15.922 15.067 15.980 17.483 17.813 21.422 25.356 31.019 28.215 26.800 29.641 32.205 32.994 41.143 40.200 39.704 35.966 35.984 34.460 25.357 26.041
-999.250 -999.250 -999.250 -999.250 -999.250 -999.250 -999.250 -999.250 -999.250 -999.250 -999.250 -999.250 -999.250 -999.250 -999.250 -999.250 -999.250 -999.250 -999.250 -999.250 -999.250 -999.250 -999.250 -999.250 -999.250 -999.250 -999.250 -999.250 -999.250 11.445 11.688 10.266 9.687 10.212 10.844 9.495 10.760 10.390 11.504 12.387 10.087 11.358 9.796 13.974 17.588 14.470 17.636 16.066 15.719 18.059 18.766 19.942 21.661 23.333 29.871 26.060 27.041 35.780 33.452 34.671 39.451 37.749 29.978 35.200 35.683 30.665 27.868 23.844
-999.250 -999.250 -999.250 -999.250 -999.250 -999.250 -999.250 -999.250 -999.250 -999.250 -999.250 -999.250 -999.250 -999.250 -999.250 -999.250 -999.250 -999.250 -999.250 -999.250 -999.250 -999.250 -999.250 -999.250 -999.250 -999.250 -999.250 -999.250 8.736 8.421 7.618 7.832 8.074 9.391 8.694 6.357 6.852 8.596 9.707 8.787 8.286 10.105 13.506 12.007 12.721 14.037 14.503 15.680 15.101 17.000 20.185 20.746 20.870 28.887 36.381 30.358 28.726 28.353 26.972 28.822 28.919 33.401 35.925 31.384 29.538 26.498 26.172 25.697
-999.250 -999.250 -999.250 -999.250 -999.250 -999.250 -999.250 -999.250 -999.250 -999.250 -999.250 -999.250 -999.250 -999.250 -999.250 -999.250 -999.250 -999.250 -999.250 -999.250 -999.250 -999.250 -999.250 -999.250 -999.250 -999.250 -999.250 -999.250 5.745 5.292 3.820 4.493 6.069 6.454 7.526 6.305 7.390 7.703 6.817 5.426 4.912 7.619 11.509 13.312 14.541 14.767 14.616 16.170 14.885 16.093 12.655 18.773 21.281 23.583 27.120 29.335 32.059 35.052 28.132 31.675 29.923 32.086 32.098 30.775 27.220 23.145 23.688 21.263
-999.250 -999.250 -999.250 -999.250 -999.250 -999.250 -999.250 -999.250 -999.250 -999.250 -999.250 -999.250 -999.250 -999.250 -999.250 -999.250 -999.250 -999.250 -999.250 -999.250 -999.250 -999.250 -999.250 -999.250 -999.250 -999.250 -999.250 5.320 5.347 3.631 1.964 5.357 7.917 6.857 7.481 6.039 7.819 7.849 5.166 1.224 0.000 5.074 9.561 11.366 13.317 17.017 14.604 14.620 16.469 14.026 15.851 17.972 22.457 22.912 25.903 22.027 26.704 29.782 24.286 30.732 30.941 26.893 30.024 31.908 25.500 23.105 21.851 23.638
-999.250 -999.250 -999.250 -999.250 -999.250 -999.250 -999.250 -999.250 -999.250 -999.250 -999.250 -999.250 -999.250 -999.250 -999.250 -999.250 -999.250 -999.250 -999.250 -999.250 -999.250 -999.250 -999.250 -999.250 -999.250 -999.250 -999.250 8.527 6.324 1.449 0.000 3.695 6.515 7.066 6.222 8.802 6.174 5.322 4.634 2.078 2.018 5.075 8.718 10.488 15.522 14.536 14.236 14.812 17.467 17.237 17.471 17.187 19.684 22.055 24.757 24.205 24.577 25.428 29.138 29.268 29.479 28.172 33.682 23.824 23.565 20.803 18.877 18.821
-999.250 -999.250 -999.250 -999.250 -999.250 -999.250 -999.250 -999.250 -999.250 -999.250 -999.250 -999.250 -999.250 -999.250 -999.250 -999.250 -999.250 -999.250 -999.250 -999.250 -999.250 -999.250 -999.250 -999.250 -999.250 -999.250 -999.250 7.060 5.027 1.853 1.638 4.108 6.924 8.075 6.574 7.535 7.410 6.487 3.766 3.154 5.202 6.149 10.139 11.021 15.849 13.743 16.449 16.815 17.084 15.856 18.674 22.798 21.156 21.098 22.194 26.436 23.827 26.777 28.680 31.440 27.272 28.238 26.818 23.598 23.249 22.090 20.290 18.470
