data/medianmodel_27-Oct-2020.asc
ncols	141
nrows	288
xllcorner	-120191.398
yllcorner	-301404.813
cellsize	2000.000
NODATA_value	-999.250
[rows 58 to 86 of 288, columns 66 to 131 of 141]
247.642 222.435 177.191 124.462 107.283 94.001 79.579 81.024 78.253 81.389 95.767 101.412 124.285 161.368 241.331 309.273 411.245 426.219 408.484 352.651 371.161 301.140 231.873 197.328 149.301 97.359 66.006 61.157 60.608 71.167 80.655 109.683 123.452 142.335 143.110 155.518 114.490 90.657 66.379 55.017 44.742 44.406 37.010 36.284 41.302 48.491 58.590 56.706 61.977 67.524 84.096 -999.250 -999.250 -999.250 -999.250 -999.250 -999.250 -999.250 -999.250 -999.250 -999.250 -999.250 -999.250 -999.250 -999.250 -999.250
276.018 232.055 189.907 137.149 102.857 77.244 69.582 65.393 68.010 71.192 83.945 110.925 136.926 184.792 248.622 307.187 338.467 374.304 372.210 354.628 339.702 276.472 209.357 172.461 135.527 89.603 78.871 58.909 67.032 70.228 90.182 100.795 108.965 123.752 134.593 151.435 126.038 110.909 85.674 76.177 54.421 56.598 45.621 41.885 41.551 56.584 72.340 72.434 66.467 78.122 -999.250 -999.250 -999.250 -999.250 -999.250 -999.250 -999.250 -999.250 -999.250 -999.250 -999.250 -999.250 -999.250 -999.250 -999.250 -999.250
333.865 245.503 197.019 133.396 93.200 83.771 58.891 49.002 52.208 59.748 86.233 104.260 138.367 177.057 222.428 289.115 342.904 357.516 361.122 356.185 322.389 296.793 227.081 186.459 118.953 81.984 66.476 57.698 62.570 74.100 89.902 91.692 108.296 113.465 126.409 129.118 132.752 115.760 105.930 84.172 69.034 60.910 51.896 51.898 55.946 58.235 63.868 72.746 85.184 90.920 -999.250 -999.250 -999.250 -999.250 -999.250 -999.250 -999.250 -999.250 -999.250 -999.250 -999.250 -999.250 -999.250 -999.250 -999.250 -999.250
295.562 254.532 190.236 131.169 93.450 76.593 53.268 35.853 32.681 53.437 74.698 94.424 136.881 183.912 238.807 304.033 363.176 349.812 337.444 351.456 317.657 255.470 211.264 159.200 120.561 75.774 58.024 55.330 57.200 65.314 72.197 84.667 103.917 120.094 135.312 131.227 126.753 102.408 94.631 95.103 80.753 74.134 63.803 55.943 65.491 57.822 69.399 79.205 84.939 -999.250 -999.250 -999.250 -999.250 -999.250 -999.250 -999.250 -999.250 -999.250 -999.250 -999.250 -999.250 -999.250 -999.250 -999.250 -999.250 -999.250
347.587 250.686 189.045 126.658 111.335 67.888 40.401 21.293 12.814 45.733 76.684 114.113 165.293 184.760 240.011 288.511 340.126 351.303 317.984 345.561 290.972 255.549 199.107 130.019 100.609 59.556 41.652 46.721 50.341 61.239 68.574 82.645 92.322 107.813 113.281 114.367 128.921 109.929 99.044 81.693 89.585 84.285 72.629 69.500 -999.250 -999.250 -999.250 -999.250 -999.250 -999.250 -999.250 -999.250 -999.250 -999.250 -999.250 -999.250 -999.250 -999.250 -999.250 -999.250 -999.250 -999.250 -999.250 -999.250 -999.250 -999.250
308.608 277.265 183.743 135.624 98.595 69.790 43.417 30.364 30.290 49.298 77.895 130.382 172.455 205.993 257.322 292.629 338.948 323.879 283.816 288.726 273.739 248.148 196.440 126.417 76.227 38.595 37.617 39.294 48.279 50.752 60.885 71.780 85.708 95.773 104.079 120.265 120.365 107.644 102.455 93.252 96.382 80.418 75.075 71.253 63.245 -999.250 -999.250 -999.250 -999.250 -999.250 -999.250 -999.250 -999.250 -999.250 -999.250 -999.250 -999.250 -999.250 -999.250 -999.250 -999.250 -999.250 -999.250 -999.250 -999.250 -999.250
283.715 247.534 184.653 129.976 103.277 65.966 53.671 47.889 50.635 60.124 90.338 116.947 180.433 215.442 248.729 264.169 296.796 291.942 255.255 270.132 233.836 227.617 166.037 110.597 75.585 49.638 36.737 36.066 43.672 45.874 50.181 65.402 89.614 97.153 111.165 127.372 121.988 117.600 104.548 107.516 106.050 81.145 80.548 71.808 65.667 60.239 -999.250 -999.250 -999.250 -999.250 -999.250 -999.250 -999.250 -999.250 -999.250 -999.250 -999.250 -999.250 -999.250 -999.250 -999.250 -999.250 -999.250 -999.250 -999.250 -999.250
249.656 212.864 168.130 117.917 94.146 66.511 64.031 62.568 67.816 78.156 103.242 131.987 164.137 186.566 226.407 257.883 263.751 269.631 246.177 252.488 224.578 207.752 162.403 116.434 82.314 62.304 40.524 40.550 44.741 53.007 62.199 75.061 87.300 108.999 121.644 131.447 136.879 123.774 135.322 139.733 123.888 105.543 94.185 67.007 69.112 58.204 -999.250 -999.250 -999.250 -999.250 -999.250 -999.250 -999.250 -999.250 -999.250 -999.250 -999.250 -999.250 -999.250 -999.250 -999.250 -999.250 -999.250 -999.250 -999.250 -999.250
208.822 183.765 140.920 113.236 94.037 75.423 68.645 69.073 76.820 87.976 119.907 140.299 160.084 195.833 203.037 220.393 215.787 221.657 226.850 219.780 201.522 179.556 136.305 131.671 96.098 67.528 55.450 58.437 54.340 67.052 75.448 98.033 101.339 115.823 122.654 141.711 151.549 160.497 128.220 146.029 114.883 113.229 79.155 69.293 65.182 71.665 69.470 -999.250 -999.250 -999.250 -999.250 -999.250 -999.250 -999.250 -999.250 -999.250 -999.250 -999.250 -999.250 -999.250 -999.250 -999.250 -999.250 -999.250 -999.250 -999.250
173.492 160.826 124.840 112.354 91.943 78.540 75.009 89.827 100.320 118.828 133.908 153.399 171.777 192.380 200.428 229.258 225.211 212.429 218.485 178.009 171.314 184.471 158.755 120.010 111.469 79.273 60.594 62.553 71.316 72.950 93.321 103.196 111.507 143.267 145.002 160.893 169.751 175.797 157.864 155.876 152.511 118.936 93.821 71.633 75.307 71.303 73.991 70.457 -999.250 -999.250 -999.250 -999.250 -999.250 -999.250 -999.250 -999.250 -999.250 -999.250 -999.250 -999.250 -999.250 -999.250 -999.250 -999.250 -999.250 -999.250
147.196 122.065 109.683 94.046 84.114 87.945 91.483 82.906 107.460 128.349 139.549 156.390 170.410 180.534 185.631 192.344 200.499 183.602 175.243 158.937 184.861 174.796 169.004 138.897 113.249 99.765 79.368 101.445 102.428 98.774 107.576 109.662 132.711 137.603 154.444 187.469 185.311 202.662 201.074 188.319 182.076 169.988 123.734 102.047 94.880 88.971 79.444 78.221 -999.250 -999.250 -999.250 -999.250 -999.250 -999.250 -999.250 -999.250 -999.250 -999.250 -999.250 -999.250 -999.250 -999.250 -999.250 -999.250 -999.250 -999.250
110.904 95.695 101.842 89.267 96.194 94.025 96.192 101.157 112.763 119.199 126.467 152.435 168.338 149.108 157.549 176.872 152.384 157.214 164.351 152.008 172.163 171.417 164.076 138.092 119.654 105.836 108.779 115.597 122.872 126.729 134.546 135.902 146.950 168.825 193.254 186.748 193.986 206.179 225.517 225.229 204.951 162.731 143.560 123.604 113.420 114.598 84.189 82.540 -999.250 -999.250 -999.250 -999.250 -999.250 -999.250 -999.250 -999.250 -999.250 -999.250 -999.250 -999.250 -999.250 -999.250 -999.250 -999.250 -999.250 -999.250
98.585 90.020 92.590 97.636 86.582 76.970 95.944 113.965 128.830 136.122 156.062 156.637 149.231 151.589 139.536 126.228 132.130 128.743 119.224 136.056 157.343 166.790 162.215 141.522 139.316 133.749 139.942 140.616 148.519 169.817 158.003 178.199 181.120 209.872 227.724 219.114 247.944 275.414 275.691 253.792 228.292 190.356 164.273 150.830 153.256 130.870 116.711 98.686 110.418 100.468 -999.250 -999.250 -999.250 -999.250 -999.250 -999.250 -999.250 -999.250 -999.250 -999.250 -999.250 -999.250 -999.250 -999.250 -999.250 -999.250
73.103 80.203 77.300 88.292 78.280 91.525 106.512 105.207 125.312 136.382 149.349 143.727 144.186 121.514 106.768 121.168 111.892 120.078 116.637 119.573 136.548 143.947 141.421 155.221 145.002 173.684 162.978 161.289 171.552 195.824 187.086 220.835 224.069 257.292 241.033 276.188 291.296 336.173 342.905 291.613 262.531 229.338 193.111 178.052 170.082 154.014 136.007 123.670 101.826 107.886 -999.250 -999.250 -999.250 -999.250 -999.250 -999.250 -999.250 -999.250 -999.250 -999.250 -999.250 -999.250 -999.250 -999.250 -999.250 -999.250
77.656 70.273 73.200 81.063 87.424 98.390 121.397 119.565 128.252 131.105 134.032 130.175 131.237 113.232 110.377 91.427 85.181 81.827 84.262 89.166 115.179 121.010 142.763 162.591 189.331 191.851 209.504 199.686 192.356 194.445 215.543 225.929 228.027 249.141 257.521 275.404 312.741 364.673 344.015 353.190 291.439 272.333 248.038 221.412 198.506 195.970 174.249 153.850 138.780 -999.250 -999.250 -999.250 -999.250 -999.250 -999.250 -999.250 -999.250 -999.250 -999.250 -999.250 -999.250 -999.250 -999.250 -999.250 -999.250 -999.250
70.936 64.740 80.526 85.869 91.525 107.910 123.510 129.937 133.654 133.147 133.058 123.989 108.496 102.445 85.220 73.432 71.087 67.319 64.103 80.139 98.227 125.685 139.176 164.942 206.747 205.671 220.242 237.734 234.647 209.672 236.892 256.110 249.713 252.318 276.674 321.554 415.575 426.470 468.908 407.729 387.533 321.774 279.370 275.728 227.933 193.748 175.392 151.274 143.363 -999.250 -999.250 -999.250 -999.250 -999.250 -999.250 -999.250 -999.250 -999.250 -999.250 -999.250 -999.250 -999.250 -999.250 -999.250 -999.250 -999.250
68.731 64.379 73.894 95.489 106.161 108.391 120.156 126.490 130.976 112.063 113.863 102.387 95.046 87.488 77.247 71.920 60.124 50.629 63.478 74.557 81.552 119.503 136.856 166.185 207.050 230.271 241.684 278.582 261.561 259.424 267.847 281.936 269.586 291.480 343.894 380.279 465.745 586.362 588.857 563.375 454.994 409.868 345.049 279.346 230.309 230.443 185.227 187.433 149.343 -999.250 -999.250 -999.250 -999.250 -999.250 -999.250 -999.250 -999.250 -999.250 -999.250 -999.250 -999.250 -999.250 -999.250 -999.250 -999.250 -999.250
71.479 75.057 74.340 84.884 103.657 94.791 101.110 118.837 117.117 107.674 112.583 100.257 85.308 76.792 74.663 68.693 68.269 50.491 54.035 57.626 85.717 111.976 133.268 166.685 204.928 228.252 281.690 266.701 269.844 273.341 286.310 258.549 281.958 328.332 369.901 479.613 518.220 623.024 646.222 548.850 502.153 420.436 368.362 324.287 232.717 248.765 205.103 193.018 199.542 -999.250 -999.250 -999.250 -999.250 -999.250 -999.250 -999.250 -999.250 -999.250 -999.250 -999.250 -999.250 -999.250 -999.250 -999.250 -999.250 -999.250
77.106 77.241 91.414 100.731 116.076 111.137 106.662 99.489 105.884 105.795 105.657 95.800 73.949 71.318 73.411 65.017 60.162 58.175 54.390 42.992 71.433 114.443 131.367 176.915 201.133 229.663 253.614 247.105 256.125 280.873 316.094 331.663 280.201 297.676 369.038 454.744 484.138 558.042 590.448 573.414 494.194 439.092 375.098 294.815 255.524 251.475 213.624 229.093 200.603 -999.250 -999.250 -999.250 -999.250 -999.250 -999.250 -999.250 -999.250 -999.250 -999.250 -999.250 -999.250 -999.250 -999.250 -999.250 -999.250 -999.250
80.010 86.431 100.458 106.619 112.003 98.104 93.625 96.533 92.448 89.930 91.786 86.356 79.883 72.135 67.751 72.455 73.944 60.702 67.117 68.115 92.365 119.787 147.565 175.424 184.716 218.085 216.093 256.831 263.756 281.572 315.785 313.570 287.330 302.395 357.666 428.144 479.831 507.983 569.977 591.467 475.149 397.434 340.418 319.393 303.763 244.710 212.365 218.420 207.304 -999.250 -999.250 -999.250 -999.250 -999.250 -999.250 -999.250 -999.250 -999.250 -999.250 -999.250 -999.250 -999.250 -999.250 -999.250 -999.250 -999.250
91.715 109.167 113.149 130.451 112.304 116.775 93.491 93.762 75.701 86.747 82.258 76.803 70.722 72.986 77.350 86.922 85.214 91.891 91.719 89.068 109.720 122.892 168.873 169.712 169.028 185.349 213.691 233.457 270.575 282.009 301.684 312.996 310.860 333.775 354.592 450.650 474.447 488.489 553.228 535.948 465.353 402.776 359.339 363.278 262.207 224.490 227.845 218.833 182.869 -999.250 -999.250 -999.250 -999.250 -999.250 -999.250 -999.250 -999.250 -999.250 -999.250 -999.250 -999.250 -999.250 -999.250 -999.250 -999.250 -999.250
110.723 111.077 128.865 118.963 124.427 118.737 110.678 117.234 95.445 77.348 75.386 76.221 74.508 72.130 85.426 93.197 102.258 118.901 115.025 115.460 132.777 129.691 139.626 162.943 162.813 157.629 174.399 207.149 242.903 279.268 338.416 318.267 309.073 326.807 421.103 427.437 537.543 479.238 488.818 473.875 445.166 419.304 310.913 286.847 247.099 243.929 204.229 186.393 187.975 -999.250 -999.250 -999.250 -999.250 -999.250 -999.250 -999.250 -999.250 -999.250 -999.250 -999.250 -999.250 -999.250 -999.250 -999.250 -999.250 -999.250
122.770 133.890 142.843 134.739 143.528 131.025 124.489 113.703 97.645 74.838 68.952 62.176 69.480 75.159 96.581 105.661 129.513 139.167 143.973 151.179 154.616 148.391 148.756 145.566 126.517 145.009 157.531 197.567 258.107 286.030 372.793 364.943 365.283 381.897 470.957 470.398 519.954 423.437 400.835 417.951 354.642 358.950 323.502 267.392 243.241 193.626 186.531 185.416 165.852 164.699 -999.250 -999.250 -999.250 -999.250 -999.250 -999.250 -999.250 -999.250 -999.250 -999.250 -999.250 -999.250 -999.250 -999.250 -999.250 -999.250
138.702 146.505 148.158 148.614 152.101 123.570 121.195 104.848 89.091 80.278 60.973 65.504 56.219 73.467 102.139 128.066 172.279 172.267 167.694 181.054 175.223 148.533 136.941 122.876 118.378 132.314 141.930 181.427 233.830 282.366 345.636 376.915 385.094 459.078 480.582 633.204 539.961 450.114 431.570 405.711 381.327 317.729 297.756 233.691 199.205 189.035 171.978 166.221 160.077 155.059 -999.250 -999.250 -999.250 -999.250 -999.250 -999.250 -999.250 -999.250 -999.250 -999.250 -999.250 -999.250 -999.250 -999.250 -999.250 -999.250
142.931 175.486 165.774 173.781 158.405 129.913 121.707 118.093 107.895 82.577 71.421 74.572 78.644 90.809 123.052 160.270 188.422 212.494 201.716 216.663 201.646 167.027 151.144 129.699 109.080 118.072 138.532 149.992 208.182 328.788 358.201 361.106 470.407 448.488 491.162 486.334 509.538 394.965 401.573 362.521 357.874 335.333 259.333 213.579 195.958 168.983 141.403 145.579 128.734 137.326 -999.250 -999.250 -999.250 -999.250 -999.250 -999.250 -999.250 -999.250 -999.250 -999.250 -999.250 -999.250 -999.250 -999.250 -999.250 -999.250
146.387 158.275 167.361 182.215 172.107 149.870 134.930 126.294 114.468 106.379 92.872 95.952 106.593 117.465 121.031 179.287 218.666 240.827 255.866 259.064 245.487 192.949 151.136 111.572 94.662 112.307 158.577 214.677 233.579 308.837 361.279 423.650 481.743 508.297 546.760 492.413 454.003 374.617 426.307 326.773 344.030 338.022 257.009 228.809 185.707 180.464 123.739 123.573 126.825 137.465 -999.250 -999.250 -999.250 -999.250 -999.250 -999.250 -999.250 -999.250 -999.250 -999.250 -999.250 -999.250 -999.250 -999.250 -999.250 -999.250
147.560 155.154 160.008 172.317 150.144 147.601 146.956 130.371 128.928 119.930 119.931 117.721 143.998 132.363 164.595 172.146 226.041 279.801 331.272 282.550 252.886 204.408 151.112 112.744 72.171 117.874 163.514 227.122 298.502 348.423 373.105 456.270 570.204 601.091 619.932 567.779 443.204 394.403 364.616 334.469 319.339 321.442 268.002 198.797 188.774 159.545 153.213 135.011 120.069 -999.250 -999.250 -999.250 -999.250 -999.250 -999.250 -999.250 -999.250 -999.250 -999.250 -999.250 -999.250 -999.250 -999.250 -999.250 -999.250 -999.250
172.048 153.013 161.890 166.885 158.770 162.415 163.036 142.529 138.474 148.607 140.465 134.386 151.956 146.181 174.801 205.658 232.522 280.120 273.868 267.160 234.081 198.114 150.050 134.785 118.483 167.959 223.215 262.558 349.504 405.740 458.715 639.816 689.514 675.066 611.077 595.257 575.046 398.893 361.951 351.736 283.839 322.231 268.336 244.600 194.294 158.754 142.409 142.037 137.499 -999.250 -999.250 -999.250 -999.250 -999.250 -999.250 -999.250 -999.250 -999.250 -999.250 -999.250 -999.250 -999.250 -999.250 -999.250 -999.250 -999.250
169.252 157.402 152.862 159.846 154.147 156.821 157.062 144.295 145.278 137.349 144.311 149.076 145.167 149.234 191.555 198.148 253.017 235.746 264.420 255.641 229.157 208.175 185.322 181.561 169.876 221.578 276.298 335.175 411.845 449.515 527.692 620.021 663.749 721.237 617.918 618.376 509.187 424.647 369.690 358.115 311.558 273.591 247.513 237.982 193.500 178.946 165.957 136.676 -999.250 -999.250 -999.250 -999.250 -999.250 -999.250 -999.250 -999.250 -999.250 -999.250 -999.250 -999.250 -999.250 -999.250 -999.250 -999.250 -999.250 -999.250
