data/medianmodel_13-Dec-2020.asc
ncols	141
nrows	288
xllcorner	-120191.398
yllcorner	-301404.813
cellsize	2000.000
NODATA_value	-999.250
[rows 174 to 202 of 288, columns 64 to 127 of 141]
99.442 83.407 89.129 101.011 98.596 100.322 107.265 96.461 87.067 81.736 71.137 64.577 48.836 52.410 55.433 65.428 94.153 126.897 202.686 274.991 382.142 446.605 534.813 625.317 663.631 741.243 835.377 884.348 850.259 744.546 603.363 493.683 381.333 287.995 228.690 160.917 128.876 117.756 111.510 111.987 120.416 119.413 142.839 153.395 169.042 182.733 -999.250 -999.250 -999.250 -999.250 -999.250 -999.250 -999.250 -999.250 -999.250 -999.250 -999.250 -999.250 -999.250 -999.250 -999.250 -999.250 -999.250 -999.250
81.740 81.874 79.674 81.498 77.065 80.841 77.732 74.885 72.303 65.929 49.588 49.420 35.160 29.147 43.382 67.629 91.656 125.560 175.835 247.907 325.351 400.482 498.607 570.175 612.548 662.982 734.062 732.376 697.698 641.552 553.723 473.431 394.341 303.462 235.824 176.696 133.710 117.708 113.268 109.654 119.548 122.163 125.248 135.945 150.491 -999.250 -999.250 -999.250 -999.250 -999.250 -999.250 -999.250 -999.250 -999.250 -999.250 -999.250 -999.250 -999.250 -999.250 -999.250 -999.250 -999.250 -999.250 -999.250
86.430 79.514 79.640 73.397 71.638 66.799 63.131 54.268 50.833 41.689 34.215 23.492 19.641 22.483 28.983 45.331 79.995 118.354 156.165 229.922 284.978 361.617 414.190 505.389 570.324 607.742 633.332 651.771 613.731 583.226 510.332 452.953 356.026 288.508 230.343 184.335 144.114 129.294 113.358 112.884 119.612 120.736 126.267 135.066 146.813 -999.250 -999.250 -999.250 -999.250 -999.250 -999.250 -999.250 -999.250 -999.250 -999.250 -999.250 -999.250 -999.250 -999.250 -999.250 -999.250 -999.250 -999.250 -999.250
84.000 81.532 82.648 74.645 64.727 51.030 52.750 48.367 42.066 31.752 20.767 18.997 17.689 15.585 23.880 46.178 74.666 101.493 144.342 198.698 263.813 309.624 376.926 403.947 491.535 553.465 566.177 574.409 561.212 522.327 481.255 405.866 337.328 282.963 236.071 193.794 148.306 132.036 117.459 109.840 115.790 128.349 127.085 138.164 -999.250 -999.250 -999.250 -999.250 -999.250 -999.250 -999.250 -999.250 -999.250 -999.250 -999.250 -999.250 -999.250 -999.250 -999.250 -999.250 -999.250 -999.250 -999.250 -999.250
83.276 79.548 74.826 76.149 63.146 50.236 45.766 35.918 29.107 20.670 15.986 12.441 10.576 11.217 18.534 39.508 64.915 100.757 142.329 171.531 223.234 271.087 311.591 356.700 413.629 452.470 493.473 488.500 472.710 424.023 416.564 371.680 327.516 278.940 236.265 192.725 157.310 132.438 122.359 115.881 115.618 130.432 129.619 141.538 -999.250 -999.250 -999.250 -999.250 -999.250 -999.250 -999.250 -999.250 -999.250 -999.250 -999.250 -999.250 -999.250 -999.250 -999.250 -999.250 -999.250 -999.250 -999.250 -999.250
86.902 84.614 82.506 80.228 56.430 47.584 31.816 26.575 18.148 12.270 12.231 9.353 10.958 13.399 18.105 34.970 53.396 80.196 118.747 153.934 182.117 229.350 279.510 326.106 347.460 392.420 392.245 412.733 400.590 367.031 356.705 328.951 290.680 236.951 223.556 201.604 153.070 134.067 128.099 122.267 123.303 137.552 145.907 -999.250 -999.250 -999.250 -999.250 -999.250 -999.250 -999.250 -999.250 -999.250 -999.250 -999.250 -999.250 -999.250 -999.250 -999.250 -999.250 -999.250 -999.250 -999.250 -999.250 -999.250
95.240 84.393 77.045 71.582 55.623 50.209 36.494 23.987 19.060 10.544 13.748 11.105 12.495 13.341 18.015 32.394 51.445 74.964 106.732 132.632 154.757 201.691 233.922 256.942 308.508 318.144 329.931 329.131 349.070 328.928 318.633 301.520 257.030 224.933 222.157 176.040 161.272 143.853 140.949 133.961 132.755 140.514 154.625 -999.250 -999.250 -999.250 -999.250 -999.250 -999.250 -999.250 -999.250 -999.250 -999.250 -999.250 -999.250 -999.250 -999.250 -999.250 -999.250 -999.250 -999.250 -999.250 -999.250 -999.250
101.778 89.267 80.130 68.798 63.928 49.228 40.740 33.599 22.395 19.669 17.163 12.724 13.241 17.909 21.776 37.930 45.422 70.484 103.967 123.377 138.527 158.091 196.556 231.666 234.410 260.922 258.569 291.372 293.726 274.147 258.839 255.093 239.222 212.679 184.956 176.010 175.270 157.463 141.678 139.341 146.823 155.649 173.707 -999.250 -999.250 -999.250 -999.250 -999.250 -999.250 -999.250 -999.250 -999.250 -999.250 -999.250 -999.250 -999.250 -999.250 -999.250 -999.250 -999.250 -999.250 -999.250 -999.250 -999.250
115.218 103.162 92.835 79.386 70.963 56.502 44.364 41.905 31.692 29.137 26.671 20.182 22.990 23.489 21.093 38.581 49.581 71.485 94.605 114.688 132.015 152.025 162.332 190.117 198.458 219.432 226.281 237.400 247.499 235.674 236.864 225.608 226.678 221.267 193.124 183.932 174.023 168.857 153.664 169.478 172.853 194.480 -999.250 -999.250 -999.250 -999.250 -999.250 -999.250 -999.250 -999.250 -999.250 -999.250 -999.250 -999.250 -999.250 -999.250 -999.250 -999.250 -999.250 -999.250 -999.250 -999.250 -999.250 -999.250
124.475 113.908 100.108 90.689 78.040 67.379 62.467 48.455 45.747 38.378 37.553 31.230 32.202 26.326 38.188 48.575 54.812 66.332 87.264 109.994 121.426 128.363 137.360 156.116 162.107 164.700 174.642 191.552 222.568 224.955 224.714 224.169 218.136 224.721 209.410 202.555 194.216 187.630 185.113 201.108 212.322 -999.250 -999.250 -999.250 -999.250 -999.250 -999.250 -999.250 -999.250 -999.250 -999.250 -999.250 -999.250 -999.250 -999.250 -999.250 -999.250 -999.250 -999.250 -999.250 -999.250 -999.250 -999.250 -999.250
127.399 122.823 110.145 106.353 84.904 79.595 71.689 71.422 60.998 52.549 50.515 45.210 42.937 41.273 48.639 48.951 60.378 75.284 82.968 101.711 108.282 119.727 123.720 137.808 147.856 147.674 148.456 176.233 209.770 211.928 234.171 221.232 216.264 219.498 220.476 209.770 224.396 225.735 223.410 227.537 233.612 -999.250 -999.250 -999.250 -999.250 -999.250 -999.250 -999.250 -999.250 -999.250 -999.250 -999.250 -999.250 -999.250 -999.250 -999.250 -999.250 -999.250 -999.250 -999.250 -999.250 -999.250 -999.250 -999.250
141.207 127.302 118.621 112.858 104.614 98.832 83.888 76.344 76.517 65.872 61.748 60.049 59.116 60.261 50.485 53.153 64.860 75.022 83.958 90.839 104.904 105.570 116.379 123.055 140.201 140.987 157.629 178.616 203.913 213.484 221.257 222.646 223.138 223.613 232.013 240.093 255.808 252.689 254.346 -999.250 -999.250 -999.250 -999.250 -999.250 -999.250 -999.250 -999.250 -999.250 -999.250 -999.250 -999.250 -999.250 -999.250 -999.250 -999.250 -999.250 -999.250 -999.250 -999.250 -999.250 -999.250 -999.250 -999.250 -999.250
153.581 131.283 129.159 118.816 113.946 106.625 106.454 107.228 90.924 92.546 85.203 79.921 71.988 70.661 64.801 59.052 72.539 74.715 79.044 84.391 88.474 100.748 113.246 119.838 133.763 146.843 177.740 208.986 220.097 230.993 236.129 224.707 244.792 250.393 273.697 286.055 294.362 305.334 -999.250 -999.250 -999.250 -999.250 -999.250 -999.250 -999.250 -999.250 -999.250 -999.250 -999.250 -999.250 -999.250 -999.250 -999.250 -999.250 -999.250 -999.250 -999.250 -999.250 -999.250 -999.250 -999.250 -999.250 -999.250 -999.250
181.935 144.342 141.067 137.706 132.664 127.757 123.846 119.112 106.910 113.333 104.368 96.888 90.305 83.734 81.015 77.798 75.454 77.230 81.197 88.079 95.746 104.552 114.864 124.273 141.794 150.388 177.089 214.745 222.450 238.478 256.386 250.441 274.013 304.892 314.190 309.920 333.892 -999.250 -999.250 -999.250 -999.250 -999.250 -999.250 -999.250 -999.250 -999.250 -999.250 -999.250 -999.250 -999.250 -999.250 -999.250 -999.250 -999.250 -999.250 -999.250 -999.250 -999.250 -999.250 -999.250 -999.250 -999.250 -999.250 -999.250
231.620 209.554 177.710 174.114 172.165 162.439 152.626 154.298 140.216 127.646 121.139 111.027 104.780 101.454 99.167 96.394 86.500 82.910 82.069 85.769 94.301 106.511 120.251 123.594 150.094 165.957 176.666 214.871 228.930 247.919 276.623 295.079 324.583 318.147 330.957 346.294 -999.250 -999.250 -999.250 -999.250 -999.250 -999.250 -999.250 -999.250 -999.250 -999.250 -999.250 -999.250 -999.250 -999.250 -999.250 -999.250 -999.250 -999.250 -999.250 -999.250 -999.250 -999.250 -999.250 -999.250 -999.250 -999.250 -999.250 -999.250
264.212 238.995 217.626 221.413 204.721 203.624 195.119 186.266 165.211 150.022 137.499 124.424 119.899 119.455 112.134 92.839 95.672 87.561 84.074 87.935 99.033 109.897 119.387 133.245 150.978 176.419 200.313 223.391 249.984 297.145 293.667 321.044 330.224 345.990 -999.250 -999.250 -999.250 -999.250 -999.250 -999.250 -999.250 -999.250 -999.250 -999.250 -999.250 -999.250 -999.250 -999.250 -999.250 -999.250 -999.250 -999.250 -999.250 -999.250 -999.250 -999.250 -999.250 -999.250 -999.250 -999.250 -999.250 -999.250 -999.250 -999.250
322.451 288.334 279.383 249.841 240.027 232.566 211.365 214.763 202.750 182.242 169.194 149.715 133.220 129.651 117.606 110.385 100.838 97.716 86.304 95.187 101.525 109.285 122.340 147.700 159.139 188.714 218.177 251.186 284.053 325.670 347.077 355.225 367.557 396.333 -999.250 -999.250 -999.250 -999.250 -999.250 -999.250 -999.250 -999.250 -999.250 -999.250 -999.250 -999.250 -999.250 -999.250 -999.250 -999.250 -999.250 -999.250 -999.250 -999.250 -999.250 -999.250 -999.250 -999.250 -999.250 -999.250 -999.250 -999.250 -999.250 -999.250
349.116 333.185 324.150 323.805 315.442 282.208 256.390 239.746 227.348 214.299 187.878 181.861 159.129 143.989 136.629 122.101 109.126 106.713 102.161 102.502 99.658 121.176 136.329 146.297 183.616 212.446 229.336 272.203 311.578 343.977 375.398 372.645 401.121 -999.250 -999.250 -999.250 -999.250 -999.250 -999.250 -999.250 -999.250 -999.250 -999.250 -999.250 -999.250 -999.250 -999.250 -999.250 -999.250 -999.250 -999.250 -999.250 -999.250 -999.250 -999.250 -999.250 -999.250 -999.250 -999.250 -999.250 -999.250 -999.250 -999.250 -999.250
398.678 383.239 372.660 348.023 345.435 311.095 302.442 292.487 259.138 247.426 215.106 205.817 195.705 157.430 144.574 133.189 116.764 115.310 102.321 110.559 111.351 125.993 141.425 161.423 201.360 223.450 245.933 287.367 332.296 368.639 390.692 425.384 435.134 -999.250 -999.250 -999.250 -999.250 -999.250 -999.250 -999.250 -999.250 -999.250 -999.250 -999.250 -999.250 -999.250 -999.250 -999.250 -999.250 -999.250 -999.250 -999.250 -999.250 -999.250 -999.250 -999.250 -999.250 -999.250 -999.250 -999.250 -999.250 -999.250 -999.250 -999.250
470.280 432.059 405.836 377.434 365.209 343.577 342.958 319.210 272.326 268.748 240.529 217.629 205.248 167.221 166.809 150.771 128.286 119.182 118.781 110.184 121.335 136.130 155.502 178.274 207.255 229.775 250.060 292.499 329.263 363.828 405.385 461.302 502.413 -999.250 -999.250 -999.250 -999.250 -999.250 -999.250 -999.250 -999.250 -999.250 -999.250 -999.250 -999.250 -999.250 -999.250 -999.250 -999.250 -999.250 -999.250 -999.250 -999.250 -999.250 -999.250 -999.250 -999.250 -999.250 -999.250 -999.250 -999.250 -999.250 -999.250 -999.250
499.656 479.929 444.635 416.989 390.030 371.503 335.265 335.001 321.658 300.359 259.774 237.430 209.817 186.299 168.755 154.564 144.336 135.221 131.144 126.505 137.064 152.305 176.195 202.343 226.520 240.783 274.470 332.821 365.978 405.557 476.001 520.128 542.840 -999.250 -999.250 -999.250 -999.250 -999.250 -999.250 -999.250 -999.250 -999.250 -999.250 -999.250 -999.250 -999.250 -999.250 -999.250 -999.250 -999.250 -999.250 -999.250 -999.250 -999.250 -999.250 -999.250 -999.250 -999.250 -999.250 -999.250 -999.250 -999.250 -999.250 -999.250
514.171 488.201 470.943 437.548 438.984 419.406 383.771 369.982 340.335 324.264 303.123 268.199 235.636 207.999 204.472 183.834 157.303 153.144 144.913 136.861 149.640 166.389 203.709 214.447 242.544 265.789 300.481 349.243 388.093 416.458 505.126 520.727 568.898 597.502 -999.250 -999.250 -999.250 -999.250 -999.250 -999.250 -999.250 -999.250 -999.250 -999.250 -999.250 -999.250 -999.250 -999.250 -999.250 -999.250 -999.250 -999.250 -999.250 -999.250 -999.250 -999.250 -999.250 -999.250 -999.250 -999.250 -999.250 -999.250 -999.250 -999.250
552.072 544.702 491.777 487.444 487.390 458.512 430.816 389.007 363.057 324.263 306.717 271.592 242.739 213.401 214.366 185.804 184.701 153.635 151.109 152.776 173.959 186.785 209.216 230.581 269.667 310.195 342.025 376.038 415.902 469.401 539.017 589.534 622.102 653.798 -999.250 -999.250 -999.250 -999.250 -999.250 -999.250 -999.250 -999.250 -999.250 -999.250 -999.250 -999.250 -999.250 -999.250 -999.250 -999.250 -999.250 -999.250 -999.250 -999.250 -999.250 -999.250 -999.250 -999.250 -999.250 -999.250 -999.250 -999.250 -999.250 -999.250
549.260 538.922 535.908 545.609 530.250 528.050 469.489 419.561 390.897 373.884 307.687 269.765 250.603 230.301 223.197 208.659 189.297 190.856 168.812 177.157 185.260 213.009 235.775 271.655 315.781 338.193 383.763 420.435 486.272 534.583 583.623 643.830 653.514 -999.250 -999.250 -999.250 -999.250 -999.250 -999.250 -999.250 -999.250 -999.250 -999.250 -999.250 -999.250 -999.250 -999.250 -999.250 -999.250 -999.250 -999.250 -999.250 -999.250 -999.250 -999.250 -999.250 -999.250 -999.250 -999.250 -999.250 -999.250 -999.250 -999.250 -999.250
562.777 541.225 573.056 558.715 559.767 537.880 492.143 432.665 395.135 358.724 295.661 290.386 268.094 240.822 231.673 203.111 200.847 196.156 192.113 197.694 214.472 235.089 256.998 291.290 338.490 388.056 416.797 487.553 531.692 583.863 619.862 660.202 -999.250 -999.250 -999.250 -999.250 -999.250 -999.250 -999.250 -999.250 -999.250 -999.250 -999.250 -999.250 -999.250 -999.250 -999.250 -999.250 -999.250 -999.250 -999.250 -999.250 -999.250 -999.250 -999.250 -999.250 -999.250 -999.250 -999.250 -999.250 -999.250 -999.250 -999.250 -999.250
554.990 569.617 543.792 550.819 527.699 517.491 485.715 420.615 389.086 335.874 311.820 282.904 262.671 262.095 227.352 225.893 220.822 219.932 215.825 220.809 234.688 264.345 305.521 322.692 358.109 423.164 480.608 529.167 554.511 626.237 670.447 757.400 -999.250 -999.250 -999.250 -999.250 -999.250 -999.250 -999.250 -999.250 -999.250 -999.250 -999.250 -999.250 -999.250 -999.250 -999.250 -999.250 -999.250 -999.250 -999.250 -999.250 -999.250 -999.250 -999.250 -999.250 -999.250 -999.250 -999.250 -999.250 -999.250 -999.250 -999.250 -999.250
536.187 550.585 537.093 495.355 520.425 489.620 443.729 417.033 374.124 354.766 314.683 275.102 266.560 262.638 242.166 220.014 223.081 208.592 214.648 222.252 232.502 279.417 309.448 344.277 410.399 436.409 516.910 592.139 621.471 699.635 776.678 803.065 -999.250 -999.250 -999.250 -999.250 -999.250 -999.250 -999.250 -999.250 -999.250 -999.250 -999.250 -999.250 -999.250 -999.250 -999.250 -999.250 -999.250 -999.250 -999.250 -999.250 -999.250 -999.250 -999.250 -999.250 -999.250 -999.250 -999.250 -999.250 -999.250 -999.250 -999.250 -999.250
509.329 522.314 526.230 511.862 513.332 479.000 430.579 408.221 364.169 342.405 314.193 272.420 242.409 231.985 229.347 222.129 208.800 205.778 215.514 235.146 242.006 274.381 325.342 386.765 428.054 494.045 548.769 610.804 677.411 780.332 870.235 919.022 -999.250 -999.250 -999.250 -999.250 -999.250 -999.250 -999.250 -999.250 -999.250 -999.250 -999.250 -999.250 -999.250 -999.250 -999.250 -999.250 -999.250 -999.250 -999.250 -999.250 -999.250 -999.250 -999.250 -999.250 -999.250 -999.250 -999.250 -999.250 -999.250 -999.250 -999.250 -999.250
503.541 498.722 494.815 472.659 462.831 438.176 397.307 383.366 341.714 313.911 282.555 260.069 251.839 231.354 230.200 214.643 203.817 205.558 217.618 219.341 258.824 279.447 348.089 391.296 440.527 500.140 573.678 663.013 808.776 841.486 932.481 -999.250 -999.250 -999.250 -999.250 -999.250 -999.250 -999.250 -999.250 -999.250 -999.250 -999.250 -999.250 -999.250 -999.250 -999.250 -999.250 -999.250 -999.250 -999.250 -999.250 -999.250 -999.250 -999.250 -999.250 -999.250 -999.250 -999.250 -999.250 -999.250 -999.250 -999.250 -999.250 -999.250
