data/medianmodel_26-Dec-2020.asc
ncols	141
nrows	288
xllcorner	-120191.398
yllcorner	-301404.813
cellsize	2000.000
NODATA_value	-999.250
[rows 0 to 28 of 288, columns 64 to 127 of 141]
-999.250 -999.250 -999.250 -999.250 -999.250 -999.250 -999.250 -999.250 -999.250 -999.250 -999.250 -999.250 -999.250 -999.250 -999.250 -999.250 -999.250 -999.250 -999.250 -999.250 -999.250 -999.250 -999.250 -999.250 -999.250 -999.250 -999.250 -999.250 -999.250 -999.250 -999.250 -999.250 -999.250 -999.250 -999.250 -999.250 -999.250 -999.250 -999.250 -999.250 -999.250 -999.250 -999.250 -999.250 -999.250 -999.250 -999.250 -999.250 -999.250 -999.250 -999.250 -999.250 -999.250 -999.250 -999.250 -999.250 -999.250 -999.250 -999.250 -999.250 -999.250 -999.250 -999.250 -999.250
-999.250 -999.250 -999.250 -999.250 -999.250 -999.250 -999.250 -999.250 -999.250 -999.250 -999.250 -999.250 -999.250 -999.250 -999.250 -999.250 -999.250 -999.250 -999.250 -999.250 -999.250 -999.250 -999.250 -999.250 -999.250 -999.250 -999.250 -999.250 -999.250 -999.250 -999.250 -999.250 -999.250 -999.250 -999.250 -999.250 -999.250 -999.250 -999.250 -999.250 -999.250 -999.250 -999.250 -999.250 -999.250 -999.250 -999.250 -999.250 -999.250 -999.250 -999.250 -999.250 -999.250 -999.250 -999.250 -999.250 -999.250 -999.250 -999.250 -999.250 -999.250 -999.250 -999.250 -999.250
-999.250 -999.250 -999.250 -999.250 -999.250 -999.250 -999.250 -999.250 -999.250 -999.250 -999.250 -999.250 -999.250 -999.250 -999.250 -999.250 -999.250 -999.250 -999.250 -999.250 -999.250 -999.250 -999.250 -999.250 -999.250 -999.250 -999.250 -999.250 -999.250 -999.250 -999.250 -999.250 -999.250 -999.250 -999.250 -999.250 -999.250 -999.250 -999.250 -999.250 -999.250 -999.250 -999.250 -999.250 -999.250 -999.250 -999.250 -999.250 -999.250 -999.250 -999.250 -999.250 -999.250 -999.250 -999.250 -999.250 -999.250 -999.250 -999.250 -999.250 -999.250 -999.250 -999.250 -999.250
-999.250 -999.250 -999.250 -999.250 -999.250 -999.250 -999.250 -999.250 -999.250 -999.250 -999.250 -999.250 -999.250 -999.250 -999.250 -999.250 -999.250 -999.250 -999.250 -999.250 -999.250 -999.250 -999.250 -999.250 -999.250 -999.250 -999.250 -999.250 -999.250 -999.250 -999.250 -999.250 -999.250 -999.250 -999.250 -999.250 -999.250 -999.250 -999.250 -999.250 -999.250 -999.250 -999.250 -999.250 -999.250 -999.250 -999.250 -999.250 -999.250 -999.250 -999.250 -999.250 -999.250 -999.250 -999.250 -999.250 -999.250 -999.250 -999.250 -999.250 -999.250 -999.250 -999.250 -999.250
-999.250 -999.250 -999.250 -999.250 -999.250 -999.250 -999.250 -999.250 -999.250 -999.250 -999.250 -999.250 -999.250 -999.250 -999.250 -999.250 -999.250 -999.250 -999.250 -999.250 -999.250 -999.250 -999.250 -999.250 -999.250 -999.250 -999.250 -999.250 -999.250 -999.250 -999.250 -999.250 -999.250 -999.250 -999.250 -999.250 -999.250 -999.250 -999.250 -999.250 -999.250 -999.250 -999.250 -999.250 -999.250 -999.250 -999.250 -999.250 -999.250 -999.250 -999.250 -999.250 -999.250 -999.250 -999.250 -999.250 -999.250 -999.250 -999.250 -999.250 -999.250 -999.250 -999.250 -999.250
-999.250 -999.250 -999.250 -999.250 -999.250 -999.250 -999.250 -999.250 -999.250 -999.250 -999.250 -999.250 -999.250 -999.250 -999.250 -999.250 -999.250 -999.250 -999.250 -999.250 -999.250 -999.250 -999.250 -999.250 -999.250 -999.250 -999.250 -999.250 -999.250 -999.250 -999.250 -999.250 -999.250 -999.250 -999.250 -999.250 -999.250 -999.250 -999.250 -999.250 -999.250 -999.250 -999.250 -999.250 -999.250 -999.250 -999.250 -999.250 -999.250 -999.250 -999.250 -999.250 -999.250 -999.250 -999.250 -999.250 -999.250 -999.250 -999.250 -999.250 -999.250 -999.250 -999.250 -999.250
-999.250 -999.250 -999.250 -999.250 -999.250 -999.250 -999.250 -999.250 -999.250 -999.250 -999.250 -999.250 -999.250 -999.250 -999.250 -999.250 -999.250 -999.250 -999.250 -999.250 -999.250 -999.250 -999.250 -999.250 -999.250 -999.250 -999.250 -999.250 -999.250 -999.250 -999.250 -999.250 -999.250 -999.250 -999.250 -999.250 -999.250 -999.250 -999.250 -999.250 -999.250 -999.250 -999.250 -999.250 -999.250 -999.250 -999.250 -999.250 -999.250 -999.250 -999.250 -999.250 -999.250 -999.250 -999.250 -999.250 -999.250 -999.250 -999.250 -999.250 -999.250 -999.250 -999.250 -999.250
-999.250 -999.250 -999.250 -999.250 -999.250 -999.250 -999.250 -999.250 -999.250 -999.250 -999.250 -999.250 -999.250 -999.250 -999.250 -999.250 -999.250 -999.250 -999.250 -999.250 -999.250 -999.250 -999.250 -999.250 -999.250 -999.250 -999.250 -999.250 -999.250 -999.250 -999.250 -999.250 -999.250 -999.250 -999.250 -999.250 -999.250 -999.250 -999.250 -999.250 -999.250 -999.250 -999.250 -999.250 -999.250 -999.250 -999.250 -999.250 -999.250 -999.250 -999.250 -999.250 -999.250 -999.250 -999.250 -999.250 -999.250 -999.250 -999.250 -999.250 -999.250 -999.250 -999.250 -999.250
-999.250 -999.250 -999.250 -999.250 -999.250 -999.250 -999.250 -999.250 -999.250 -999.250 -999.250 -999.250 -999.250 -999.250 -999.250 -999.250 -999.250 -999.250 -999.250 -999.250 -999.250 -999.250 -999.250 -999.250 -999.250 -999.250 -999.250 -999.250 -999.250 -999.250 -999.250 -999.250 -999.250 -999.250 -999.250 -999.250 -999.250 -999.250 -999.250 -999.250 -999.250 -999.250 -999.250 -999.250 -999.250 -999.250 -999.250 -999.250 -999.250 -999.250 323.897 -999.250 -999.250 -999.250 -999.250 -999.250 -999.250 -999.250 -999.250 -999.250 -999.250 -999.250 -999.250 -999.250
-999.250 -999.250 -999.250 -999.250 -999.250 -999.250 -999.250 -999.250 -999.250 -999.250 -999.250 -999.250 -999.250 -999.250 -999.250 -999.250 -999.250 -999.250 -999.250 -999.250 -999.250 -999.250 -999.250 -999.250 -999.250 -999.250 -999.250 -999.250 -999.250 -999.250 -999.250 -999.250 -999.250 -999.250 -999.250 261.042 220.272 189.740 174.326 -999.250 -999.250 -999.250 -999.250 162.910 -999.250 -999.250 -999.250 -999.250 -999.250 -999.250 333.019 346.907 -999.250 -999.250 -999.250 -999.250 -999.250 -999.250 -999.250 -999.250 -999.250 -999.250 -999.250 -999.250
-999.250 -999.250 -999.250 -999.250 -999.250 -999.250 -999.250 -999.250 -999.250 -999.250 -999.250 -999.250 -999.250 -999.250 -999.250 -999.250 -999.250 -999.250 -999.250 -999.250 -999.250 -999.250 -999.250 -999.250 -999.250 -999.250 -999.250 -999.250 -999.250 -999.250 -999.250 -999.250 -999.250 -999.250 -999.250 270.742 227.374 192.238 171.734 -999.250 -999.250 -999.250 162.801 174.511 167.557 -999.250 -999.250 -999.250 -999.250 -999.250 335.161 347.042 383.150 -999.250 -999.250 -999.250 -999.250 -999.250 -999.250 470.220 462.878 -999.250 -999.250 -999.250
-999.250 -999.250 -999.250 -999.250 -999.250 -999.250 -999.250 -999.250 -999.250 -999.250 -999.250 -999.250 -999.250 -999.250 -999.250 -999.250 -999.250 -999.250 -999.250 -999.250 -999.250 -999.250 -999.250 -999.250 -999.250 -999.250 -999.250 -999.250 -999.250 -999.250 -999.250 -999.250 -999.250 -999.250 -999.250 255.743 237.503 210.761 183.113 170.984 160.792 159.799 165.985 163.682 176.736 200.718 226.812 254.474 297.332 326.059 350.740 362.873 401.325 412.746 445.784 451.013 463.750 456.677 477.989 461.495 479.644 -999.250 -999.250 -999.250
-999.250 -999.250 -999.250 -999.250 -999.250 752.345 -999.250 -999.250 -999.250 -999.250 -999.250 -999.250 -999.250 -999.250 -999.250 -999.250 -999.250 -999.250 -999.250 -999.250 -999.250 -999.250 -999.250 -999.250 -999.250 -999.250 -999.250 -999.250 -999.250 -999.250 -999.250 -999.250 -999.250 -999.250 -999.250 271.060 270.699 226.026 217.252 181.228 162.254 164.531 177.679 181.517 193.555 230.434 257.584 287.191 318.550 342.075 361.124 380.450 408.147 456.303 464.626 472.738 484.843 496.400 485.760 508.549 514.199 -999.250 -999.250 -999.250
-999.250 -999.250 -999.250 -999.250 -999.250 785.784 -999.250 -999.250 -999.250 -999.250 -999.250 -999.250 -999.250 824.624 -999.250 -999.250 -999.250 -999.250 -999.250 -999.250 -999.250 -999.250 -999.250 -999.250 -999.250 -999.250 -999.250 -999.250 -999.250 -999.250 -999.250 -999.250 -999.250 -999.250 -999.250 290.512 273.542 242.907 223.875 199.931 186.805 167.331 189.787 185.493 218.516 239.067 276.701 314.745 332.671 370.708 407.195 446.931 453.018 482.127 508.154 487.775 500.393 529.816 515.247 533.323 590.446 -999.250 -999.250 -999.250
-999.250 -999.250 -999.250 -999.250 -999.250 832.379 -999.250 -999.250 -999.250 -999.250 848.891 894.891 868.058 856.705 845.048 -999.250 -999.250 -999.250 -999.250 -999.250 -999.250 -999.250 -999.250 -999.250 -999.250 -999.250 -999.250 -999.250 -999.250 -999.250 -999.250 -999.250 -999.250 -999.250 -999.250 325.865 293.865 252.137 219.928 204.736 178.888 176.873 168.706 202.365 223.714 246.270 299.730 331.460 365.476 423.181 447.147 482.254 486.963 525.805 525.506 544.223 547.019 548.183 560.563 548.360 575.773 546.592 -999.250 -999.250
-999.250 -999.250 814.830 798.624 837.565 855.351 -999.250 -999.250 857.973 858.096 859.230 834.471 839.637 813.668 809.603 813.547 792.678 749.654 -999.250 -999.250 -999.250 -999.250 -999.250 -999.250 -999.250 -999.250 -999.250 -999.250 -999.250 -999.250 -999.250 -999.250 443.565 413.197 407.107 344.605 309.589 271.805 241.603 222.348 205.799 184.915 192.319 209.967 236.214 287.045 337.249 364.390 418.430 446.047 492.132 511.917 552.320 571.240 586.438 604.369 576.001 575.636 595.198 608.799 624.501 567.280 -999.250 -999.250
-999.250 823.996 810.073 874.932 874.718 856.430 -999.250 892.404 886.308 918.619 891.703 879.516 843.250 794.595 779.409 820.729 760.667 -999.250 -999.250 -999.250 -999.250 -999.250 729.456 749.855 -999.250 -999.250 -999.250 616.154 -999.250 -999.250 562.514 503.634 485.518 453.151 423.015 367.171 334.999 321.103 284.845 262.653 222.001 224.772 213.942 220.691 269.769 323.280 353.060 417.154 462.361 487.728 518.117 568.275 639.261 677.196 667.256 672.442 638.762 646.414 630.761 669.344 632.915 615.252 -999.250 -999.250
-999.250 816.043 833.190 865.437 842.204 900.392 897.281 934.637 891.547 928.374 898.320 888.292 848.002 825.345 803.696 790.724 751.638 -999.250 -999.250 701.040 710.989 746.193 724.790 730.094 758.614 -999.250 725.985 681.170 672.443 625.634 585.274 537.423 521.423 482.114 449.631 418.077 353.731 327.097 313.082 299.881 276.740 246.846 232.378 270.741 310.120 349.042 424.291 467.929 470.923 509.162 569.452 612.805 709.032 749.844 751.141 704.507 682.985 707.115 693.939 665.205 633.514 615.168 -999.250 -999.250
844.143 845.995 877.378 911.023 900.920 886.145 965.281 952.685 944.185 927.504 948.995 875.510 827.888 805.233 773.904 746.889 710.465 692.094 687.634 767.709 742.068 783.907 770.628 737.866 797.830 783.984 748.738 751.871 673.056 716.613 611.369 575.963 518.390 500.936 463.977 459.716 415.460 365.097 342.893 336.265 317.643 307.133 307.052 330.289 358.041 397.784 454.216 476.812 511.842 527.461 591.822 657.181 754.266 780.176 755.350 753.380 778.494 755.384 730.083 723.345 661.145 681.102 -999.250 -999.250
772.126 857.613 842.567 914.004 933.906 947.808 991.481 989.386 981.023 976.589 941.904 919.395 858.781 821.573 775.324 743.330 668.772 659.510 636.638 734.881 746.285 771.395 764.489 790.816 793.043 791.207 778.093 771.453 697.610 711.682 685.753 595.391 573.630 547.794 508.590 484.708 444.666 416.146 383.926 383.521 382.823 361.018 366.128 397.498 426.886 456.738 493.626 543.275 583.428 611.434 615.438 661.583 766.902 775.903 798.298 817.706 792.843 785.734 768.896 781.556 708.490 675.273 -999.250 -999.250
766.632 828.521 831.967 915.172 961.542 1004.945 1049.354 1049.925 1007.846 966.188 907.368 848.369 789.501 806.856 765.686 742.194 643.758 641.924 641.206 678.110 765.317 795.886 799.856 843.807 823.520 850.006 795.442 760.393 734.761 725.759 699.622 675.920 641.288 558.378 536.584 484.753 491.410 477.724 441.448 445.333 458.740 441.341 447.644 478.499 502.392 527.092 576.758 611.232 702.021 629.561 661.647 724.426 738.774 789.365 792.413 822.451 838.452 804.335 813.073 803.118 764.930 -999.250 -999.250 -999.250
721.207 794.122 850.661 899.113 952.357 994.279 1059.081 1133.711 1022.564 966.743 882.068 811.453 772.779 745.199 696.369 653.214 631.041 625.516 620.870 683.940 733.896 742.559 824.322 871.820 849.668 849.812 857.547 806.041 791.062 789.555 741.201 750.629 698.438 595.717 588.576 534.252 525.206 496.029 498.530 499.988 493.321 484.483 517.183 552.522 547.872 570.647 644.560 657.669 681.964 677.624 723.102 752.566 786.177 773.796 792.953 795.863 846.005 824.812 801.607 827.019 805.938 -999.250 -999.250 -999.250
718.807 821.626 861.332 851.242 940.696 984.177 1006.903 1014.351 993.322 929.243 863.195 809.332 756.532 650.244 644.800 579.104 562.878 585.184 618.928 680.210 698.874 780.386 792.760 835.749 841.788 850.364 860.808 854.837 843.567 824.533 827.357 794.928 750.614 710.067 682.729 581.778 574.064 544.337 548.221 542.166 547.878 546.598 594.360 602.763 623.218 681.351 696.529 740.860 723.287 733.466 746.210 782.550 795.984 855.598 821.978 840.492 822.702 825.373 846.805 847.577 863.627 -999.250 -999.250 -999.250
708.033 791.307 833.212 803.045 890.646 913.435 942.813 948.498 961.933 849.494 814.364 775.725 712.756 662.349 562.161 519.831 530.660 560.099 608.236 685.242 672.214 694.270 807.428 822.091 834.242 859.060 926.387 920.772 871.031 833.901 806.817 794.228 801.796 710.654 661.206 666.096 620.620 620.292 602.285 606.301 653.277 641.402 676.134 712.110 722.520 735.199 785.082 787.005 783.883 797.350 795.892 793.011 816.780 866.228 908.513 881.742 918.112 908.054 948.910 942.035 937.383 -999.250 -999.250 -999.250
683.053 747.156 800.144 817.351 853.375 854.667 884.445 839.575 846.299 798.794 803.941 748.456 664.698 589.226 515.152 480.192 496.464 506.918 566.154 618.845 711.898 763.421 767.098 770.030 835.975 839.084 850.666 873.677 875.032 834.665 844.764 796.625 773.096 750.170 668.062 659.851 659.095 648.472 656.415 662.732 699.297 723.965 682.198 768.124 759.626 823.612 873.812 835.570 865.435 843.932 852.436 829.502 842.745 907.312 915.293 899.840 902.216 953.407 946.760 940.423 918.752 -999.250 -999.250 -999.250
605.060 695.048 689.990 723.394 753.634 801.471 802.338 828.967 787.556 752.755 771.320 691.021 614.581 559.193 525.045 497.486 481.757 499.535 565.776 626.321 695.895 728.924 733.884 768.063 793.885 813.349 843.650 880.747 876.130 841.377 866.058 858.087 774.762 774.345 723.564 752.765 671.666 722.885 692.022 730.554 706.046 737.183 782.049 821.240 857.199 873.385 898.901 928.322 926.236 934.761 928.924 905.926 887.882 939.652 934.857 864.746 931.150 957.943 939.638 944.697 966.207 959.989 -999.250 -999.250
579.415 595.939 635.984 642.503 678.683 728.836 698.022 737.824 710.335 725.719 705.259 675.575 593.865 571.954 533.527 503.181 503.895 514.465 554.936 648.329 736.626 780.865 720.277 756.295 783.467 804.061 858.819 904.110 925.174 901.720 899.413 858.667 838.924 790.281 766.902 788.670 768.005 778.814 750.614 770.890 760.245 801.092 816.402 869.814 918.047 932.341 970.460 971.220 953.953 994.176 989.344 932.679 954.844 977.901 931.728 910.079 964.346 946.996 940.844 914.965 965.819 950.919 956.854 -999.250
498.992 511.401 555.171 592.173 588.792 638.064 650.357 692.590 636.263 656.942 658.785 640.998 614.062 564.370 564.942 527.338 540.719 580.234 583.523 681.121 705.115 720.558 751.748 767.299 795.878 835.490 849.535 888.479 926.354 963.656 927.886 882.444 866.796 820.073 811.237 809.251 776.329 796.375 802.786 786.159 812.465 816.521 890.650 890.773 945.686 946.306 963.404 987.430 989.915 980.802 974.679 976.096 990.619 992.481 957.778 966.220 978.235 952.698 954.255 954.390 974.379 985.352 960.574 957.625
474.600 471.366 484.901 511.426 541.500 565.714 578.628 643.473 607.444 641.643 589.287 619.467 609.955 599.636 590.153 585.113 588.831 632.485 660.430 726.734 700.074 729.738 763.340 763.252 804.268 805.240 853.541 905.822 959.193 971.609 975.343 911.217 860.033 853.539 850.483 792.587 777.784 821.062 806.394 794.493 841.927 856.711 908.628 906.560 965.527 990.544 1011.903 1036.091 1025.476 1024.789 1043.114 1027.317 1030.248 1020.658 995.946 1010.260 1005.263 970.347 980.792 979.184 977.601 988.537 969.565 971.824
