data/medianmodel_16-Feb-2021.asc
ncols	141
nrows	288
xllcorner	-120191.398
yllcorner	-301404.813
cellsize	2000.000
NODATA_value	-999.250
[rows 116 to 144 of 288, columns 65 to 129 of 141]
537.272 486.296 442.736 411.447 367.921 366.797 347.996 347.731 323.544 355.543 344.728 340.702 332.655 345.226 360.661 359.897 356.443 353.375 397.055 392.633 346.132 366.157 350.973 335.291 320.232 318.263 297.267 288.859 281.646 278.613 259.574 253.417 248.620 246.156 232.343 219.598 211.311 227.222 227.463 221.745 213.010 196.593 206.105 196.162 192.538 183.466 176.720 170.362 -999.250 -999.250 -999.250 -999.250 -999.250 -999.250 -999.250 -999.250 -999.250 -999.250 -999.250 -999.250 -999.250 -999.250 -999.250 -999.250 -999.250
528.974 477.261 427.644 381.801 355.617 346.841 327.827 322.103 314.510 324.425 317.776 324.755 320.156 329.819 335.696 345.098 365.276 360.848 372.014 365.903 350.694 345.056 350.033 323.816 310.970 282.126 300.238 286.676 262.422 267.511 263.327 251.371 242.567 219.765 222.004 217.769 212.388 209.391 202.388 203.559 204.183 189.459 190.839 178.816 178.191 166.095 164.973 168.248 -999.250 -999.250 -999.250 -999.250 -999.250 -999.250 -999.250 -999.250 -999.250 -999.250 -999.250 -999.250 -999.250 -999.250 -999.250 -999.250 -999.250
518.941 430.636 398.871 346.099 348.143 320.789 311.026 301.980 292.368 289.440 287.924 302.959 306.496 326.573 349.620 350.824 351.460 364.294 367.431 346.539 351.403 336.979 316.755 303.285 294.676 277.253 279.065 276.039 265.809 253.239 250.556 232.732 213.486 214.949 200.661 216.744 203.229 189.472 194.519 176.697 174.252 174.678 172.968 165.826 157.170 164.698 164.467 163.361 159.506 -999.250 -999.250 -999.250 -999.250 -999.250 -999.250 -999.250 -999.250 -999.250 -999.250 -999.250 -999.250 -999.250 -999.250 -999.250 -999.250
470.402 412.795 360.762 326.295 310.104 287.128 284.584 263.761 274.951 269.542 263.517 275.194 280.424 279.935 324.590 337.074 343.754 343.050 351.315 340.002 326.115 327.753 336.488 300.744 297.000 282.515 275.175 267.977 251.647 238.728 238.845 217.135 218.428 201.219 195.374 188.237 173.369 180.051 174.070 166.832 144.330 161.087 171.953 143.153 142.542 152.409 136.386 149.662 -999.250 -999.250 -999.250 -999.250 -999.250 -999.250 -999.250 -999.250 -999.250 -999.250 -999.250 -999.250 -999.250 -999.250 -999.250 -999.250 -999.250
417.804 379.265 325.244 307.425 278.015 265.451 258.186 257.566 257.775 250.634 266.176 285.336 275.854 293.785 303.921 318.395 307.219 332.280 341.012 340.254 325.287 333.502 326.130 297.315 287.197 275.346 272.495 253.680 239.666 226.651 216.925 212.137 210.049 189.579 186.830 179.917 168.015 167.122 156.462 138.936 154.013 138.560 141.126 141.689 128.880 134.105 128.788 132.063 -999.250 -999.250 -999.250 -999.250 -999.250 -999.250 -999.250 -999.250 -999.250 -999.250 -999.250 -999.250 -999.250 -999.250 -999.250 -999.250 -999.250
386.510 337.312 290.325 291.071 261.196 238.322 241.301 237.813 245.376 246.871 249.493 261.522 278.644 295.243 279.097 298.656 316.060 312.415 317.967 328.059 322.254 331.735 316.746 309.743 282.499 279.724 261.733 251.034 239.871 215.358 203.410 202.910 194.246 180.405 168.081 156.625 145.552 147.827 140.981 137.190 123.319 137.750 129.006 128.717 125.537 119.221 130.815 120.414 -999.250 -999.250 -999.250 -999.250 -999.250 -999.250 -999.250 -999.250 -999.250 -999.250 -999.250 -999.250 -999.250 -999.250 -999.250 -999.250 -999.250
329.035 301.048 283.602 256.574 240.131 219.868 236.756 225.996 225.165 236.967 228.597 247.329 256.967 260.449 261.207 272.803 285.321 294.231 312.753 332.972 335.840 343.146 332.100 328.082 303.945 268.859 273.812 267.391 245.024 216.702 211.634 206.173 198.083 178.077 163.000 137.087 137.876 134.521 131.878 135.256 137.187 123.678 122.045 121.325 120.642 121.687 119.505 135.547 -999.250 -999.250 -999.250 -999.250 -999.250 -999.250 -999.250 -999.250 -999.250 -999.250 -999.250 -999.250 -999.250 -999.250 -999.250 -999.250 -999.250
310.611 285.189 277.753 251.594 235.228 219.788 218.889 217.372 202.397 223.121 216.464 231.084 248.600 246.377 248.637 254.354 273.895 260.744 299.634 318.702 337.293 330.079 337.440 324.907 286.262 298.379 261.896 255.990 244.161 230.687 222.903 200.476 194.222 177.529 153.894 124.332 124.882 140.233 143.926 154.040 150.122 129.786 134.848 119.978 137.881 125.420 140.704 -999.250 -999.250 -999.250 -999.250 -999.250 -999.250 -999.250 -999.250 -999.250 -999.250 -999.250 -999.250 -999.250 -999.250 -999.250 -999.250 -999.250 -999.250
291.984 289.503 272.249 254.087 230.210 218.574 219.630 207.441 214.125 198.457 190.839 212.041 235.269 236.363 248.742 261.081 269.207 264.866 293.363 303.579 328.841 334.903 328.366 316.997 304.982 296.575 278.819 269.682 250.460 233.462 220.361 205.617 207.595 176.071 157.506 134.747 139.154 150.494 152.945 139.416 148.723 134.536 127.355 150.945 133.034 127.963 151.676 -999.250 -999.250 -999.250 -999.250 -999.250 -999.250 -999.250 -999.250 -999.250 -999.250 -999.250 -999.250 -999.250 -999.250 -999.250 -999.250 -999.250 -999.250
307.040 297.039 268.620 256.074 245.345 219.070 206.417 203.175 198.701 194.812 192.902 187.828 207.730 213.169 233.488 251.699 251.707 265.758 281.093 294.123 312.271 334.326 332.414 310.595 305.353 305.919 283.094 278.870 250.874 237.393 228.003 213.109 209.611 190.011 169.292 159.423 150.080 144.577 145.047 149.130 158.957 157.141 129.948 145.562 159.121 150.428 180.388 -999.250 -999.250 -999.250 -999.250 -999.250 -999.250 -999.250 -999.250 -999.250 -999.250 -999.250 -999.250 -999.250 -999.250 -999.250 -999.250 -999.250 -999.250
310.942 314.069 279.674 254.230 238.815 226.732 208.376 198.962 193.704 192.974 179.045 188.579 189.817 195.075 215.488 244.505 248.442 258.677 285.076 291.409 331.646 324.932 333.086 331.539 315.009 326.181 301.705 279.028 253.417 257.524 233.736 228.570 217.243 199.315 182.583 171.560 165.470 157.048 151.265 163.270 167.175 166.614 160.166 156.747 171.227 183.006 182.548 -999.250 -999.250 -999.250 -999.250 -999.250 -999.250 -999.250 -999.250 -999.250 -999.250 -999.250 -999.250 -999.250 -999.250 -999.250 -999.250 -999.250 -999.250
341.552 318.468 277.731 252.974 246.784 230.201 217.601 204.783 195.575 181.344 177.976 175.803 182.837 186.871 204.190 237.504 254.025 266.221 260.501 277.849 306.400 332.229 332.348 336.833 326.416 320.108 319.610 291.498 265.393 254.241 254.108 242.643 225.723 216.075 190.068 189.435 173.241 169.031 162.106 163.788 172.270 170.857 177.546 168.928 186.778 183.466 -999.250 -999.250 -999.250 -999.250 -999.250 -999.250 -999.250 -999.250 -999.250 -999.250 -999.250 -999.250 -999.250 -999.250 -999.250 -999.250 -999.250 -999.250 -999.250
348.973 320.052 284.674 253.529 238.173 226.360 207.181 192.648 186.202 175.341 175.082 170.642 172.615 182.318 189.822 214.258 232.808 245.720 261.847 274.752 316.372 349.961 349.246 359.705 354.767 320.035 320.092 306.314 279.620 276.742 261.302 255.124 250.929 225.491 229.631 196.756 180.383 192.266 180.053 178.931 198.441 185.480 192.263 184.900 184.646 -999.250 -999.250 -999.250 -999.250 -999.250 -999.250 -999.250 -999.250 -999.250 -999.250 -999.250 -999.250 -999.250 -999.250 -999.250 -999.250 -999.250 -999.250 -999.250 -999.250
344.213 333.191 279.497 262.924 229.160 206.559 200.190 185.276 172.211 155.974 162.790 157.870 168.423 171.526 183.158 204.404 230.086 236.331 258.098 270.096 313.346 332.361 347.350 362.289 344.635 329.172 330.488 325.563 317.766 302.651 287.190 266.621 257.527 248.192 241.227 233.226 224.726 213.050 195.550 197.851 206.077 190.214 200.493 208.762 -999.250 -999.250 -999.250 -999.250 -999.250 -999.250 -999.250 -999.250 -999.250 -999.250 -999.250 -999.250 -999.250 -999.250 -999.250 -999.250 -999.250 -999.250 -999.250 -999.250 -999.250
355.797 330.371 278.987 253.576 224.614 198.605 182.121 176.539 150.938 141.750 135.864 133.962 130.640 143.636 170.916 181.630 211.096 228.120 247.462 258.542 290.186 325.629 335.240 348.410 332.569 334.291 344.909 333.651 334.653 324.331 326.485 306.514 289.218 262.785 266.970 257.968 248.811 238.394 237.594 231.675 218.362 217.479 230.985 234.103 -999.250 -999.250 -999.250 -999.250 -999.250 -999.250 -999.250 -999.250 -999.250 -999.250 -999.250 -999.250 -999.250 -999.250 -999.250 -999.250 -999.250 -999.250 -999.250 -999.250 -999.250
364.913 320.349 280.121 248.935 206.511 183.113 176.957 161.480 141.005 125.084 122.161 112.318 121.348 129.111 153.229 179.479 195.823 219.618 234.564 254.483 287.573 311.267 335.357 343.274 348.723 367.227 374.110 349.612 346.172 328.382 350.323 343.705 314.886 297.903 277.793 274.891 270.313 262.243 261.520 243.882 247.783 238.640 242.815 228.924 -999.250 -999.250 -999.250 -999.250 -999.250 -999.250 -999.250 -999.250 -999.250 -999.250 -999.250 -999.250 -999.250 -999.250 -999.250 -999.250 -999.250 -999.250 -999.250 -999.250 -999.250
355.321 323.864 275.705 234.387 187.741 168.657 161.181 158.891 126.694 121.303 111.018 104.338 105.784 122.627 127.366 164.532 185.393 210.447 228.981 259.538 284.259 320.677 336.974 359.369 363.809 377.149 392.473 401.139 404.439 387.619 370.313 368.091 352.844 339.034 315.599 299.017 303.640 313.555 265.258 268.242 270.081 276.052 261.047 246.732 -999.250 -999.250 -999.250 -999.250 -999.250 -999.250 -999.250 -999.250 -999.250 -999.250 -999.250 -999.250 -999.250 -999.250 -999.250 -999.250 -999.250 -999.250 -999.250 -999.250 -999.250
355.875 318.622 269.943 228.211 178.131 170.125 149.302 131.027 120.707 112.405 106.081 103.879 100.462 103.665 116.771 145.461 175.198 182.375 224.880 246.533 281.407 326.543 349.938 382.887 399.699 413.897 401.506 426.143 442.024 449.257 420.808 397.666 357.381 351.615 359.782 338.732 317.851 316.706 303.552 286.186 300.618 287.829 275.313 -999.250 -999.250 -999.250 -999.250 -999.250 -999.250 -999.250 -999.250 -999.250 -999.250 -999.250 -999.250 -999.250 -999.250 -999.250 -999.250 -999.250 -999.250 -999.250 -999.250 -999.250 -999.250
347.769 292.833 252.914 231.085 189.161 171.688 157.684 125.440 116.396 101.728 100.809 97.431 90.798 99.770 110.983 130.897 163.551 190.335 219.197 265.267 293.985 324.844 367.667 399.332 426.700 433.660 450.619 466.771 467.997 491.022 474.976 443.195 419.782 429.102 396.968 400.463 367.929 356.194 348.355 328.929 341.349 322.111 343.354 -999.250 -999.250 -999.250 -999.250 -999.250 -999.250 -999.250 -999.250 -999.250 -999.250 -999.250 -999.250 -999.250 -999.250 -999.250 -999.250 -999.250 -999.250 -999.250 -999.250 -999.250 -999.250
346.212 295.922 258.507 228.610 207.737 184.906 169.047 151.313 135.378 114.020 103.113 93.962 96.366 97.070 106.876 130.694 174.535 198.288 229.923 261.496 328.907 359.067 396.368 435.285 473.573 488.250 479.544 504.938 513.256 499.999 503.804 476.639 468.587 476.446 463.940 413.951 413.670 396.586 387.204 360.919 343.454 341.410 334.637 -999.250 -999.250 -999.250 -999.250 -999.250 -999.250 -999.250 -999.250 -999.250 -999.250 -999.250 -999.250 -999.250 -999.250 -999.250 -999.250 -999.250 -999.250 -999.250 -999.250 -999.250 -999.250
329.617 288.911 265.195 242.138 212.227 188.495 183.402 162.405 143.907 121.985 106.135 102.495 95.071 94.257 95.420 125.306 177.448 204.754 260.885 298.822 355.490 429.529 476.714 508.564 523.336 550.611 519.619 551.604 586.244 560.889 562.364 525.784 520.540 502.151 488.542 502.302 453.888 427.789 431.220 395.335 355.553 337.722 349.914 -999.250 -999.250 -999.250 -999.250 -999.250 -999.250 -999.250 -999.250 -999.250 -999.250 -999.250 -999.250 -999.250 -999.250 -999.250 -999.250 -999.250 -999.250 -999.250 -999.250 -999.250 -999.250
319.266 286.532 270.443 241.779 218.720 196.477 193.433 174.926 162.523 132.985 117.929 106.002 102.982 102.827 112.278 148.328 180.879 230.548 283.735 347.247 424.005 474.144 521.220 582.609 607.434 623.877 620.394 605.631 615.522 620.445 607.116 568.143 553.334 536.892 523.437 514.796 500.961 460.150 418.993 414.386 391.087 369.034 -999.250 -999.250 -999.250 -999.250 -999.250 -999.250 -999.250 -999.250 -999.250 -999.250 -999.250 -999.250 -999.250 -999.250 -999.250 -999.250 -999.250 -999.250 -999.250 -999.250 -999.250 -999.250 -999.250
304.051 288.495 270.802 248.618 235.960 217.011 202.955 195.760 174.411 159.355 132.411 118.575 110.208 113.260 119.534 162.032 190.120 247.482 308.216 399.818 461.967 -999.250 -999.250 -999.250 -999.250 668.282 650.742 654.670 654.961 665.552 -999.250 -999.250 -999.250 -999.250 -999.250 -999.250 -999.250 -999.250 -999.250 -999.250 -999.250 -999.250 -999.250 -999.250 -999.250 -999.250 -999.250 -999.250 -999.250 -999.250 -999.250 -999.250 -999.250 -999.250 -999.250 -999.250 -999.250 -999.250 -999.250 -999.250 -999.250 -999.250 -999.250 -999.250 -999.250
279.530 277.277 269.175 262.505 250.350 248.993 231.951 218.457 193.457 169.865 153.447 135.064 121.403 118.575 137.016 176.091 216.992 276.855 362.461 446.279 522.582 -999.250 -999.250 -999.250 -999.250 -999.250 -999.250 -999.250 -999.250 -999.250 -999.250 -999.250 -999.250 -999.250 -999.250 -999.250 -999.250 -999.250 -999.250 -999.250 -999.250 -999.250 -999.250 -999.250 -999.250 -999.250 -999.250 -999.250 -999.250 -999.250 -999.250 -999.250 -999.250 -999.250 -999.250 -999.250 -999.250 -999.250 -999.250 -999.250 -999.250 -999.250 -999.250 -999.250 -999.250
265.876 271.969 276.961 299.259 270.203 274.682 260.928 253.677 218.967 187.892 171.426 160.804 125.604 139.109 161.943 187.328 244.367 298.224 369.272 491.636 591.672 -999.250 -999.250 -999.250 -999.250 -999.250 -999.250 -999.250 -999.250 -999.250 -999.250 -999.250 -999.250 -999.250 -999.250 -999.250 -999.250 -999.250 -999.250 -999.250 -999.250 -999.250 -999.250 -999.250 -999.250 -999.250 -999.250 -999.250 -999.250 -999.250 -999.250 -999.250 -999.250 -999.250 -999.250 -999.250 -999.250 -999.250 -999.250 -999.250 -999.250 -999.250 -999.250 -999.250 -999.250
250.832 277.989 304.045 328.264 337.771 316.012 309.289 284.834 254.319 214.968 188.668 172.055 162.175 160.238 169.872 203.477 255.110 329.678 420.708 527.660 626.644 715.208 -999.250 -999.250 -999.250 -999.250 -999.250 -999.250 -999.250 -999.250 -999.250 -999.250 -999.250 -999.250 -999.250 -999.250 -999.250 -999.250 -999.250 -999.250 -999.250 -999.250 -999.250 -999.250 -999.250 -999.250 -999.250 -999.250 -999.250 -999.250 -999.250 -999.250 -999.250 -999.250 -999.250 -999.250 -999.250 -999.250 -999.250 -999.250 -999.250 -999.250 -999.250 -999.250 -999.250
254.271 325.637 354.278 359.268 384.944 365.128 351.838 322.877 282.933 260.792 239.029 190.955 184.913 175.200 180.168 206.877 268.800 345.179 455.878 566.813 711.892 775.973 900.975 -999.250 -999.250 -999.250 -999.250 -999.250 -999.250 -999.250 -999.250 -999.250 -999.250 -999.250 -999.250 -999.250 -999.250 -999.250 -999.250 -999.250 -999.250 -999.250 -999.250 -999.250 -999.250 -999.250 -999.250 -999.250 -999.250 -999.250 -999.250 -999.250 -999.250 -999.250 -999.250 -999.250 -999.250 -999.250 -999.250 -999.250 -999.250 -999.250 -999.250 -999.250 -999.250
295.665 375.809 435.413 452.712 456.135 451.955 441.176 406.708 362.352 302.115 265.932 240.275 215.342 201.599 192.392 231.531 280.331 361.926 494.371 611.250 740.974 861.435 962.783 1008.494 -999.250 -999.250 -999.250 -999.250 -999.250 -999.250 -999.250 -999.250 -999.250 -999.250 -999.250 -999.250 -999.250 -999.250 -999.250 -999.250 -999.250 -999.250 -999.250 -999.250 -999.250 -999.250 -999.250 -999.250 -999.250 -999.250 -999.250 -999.250 -999.250 -999.250 -999.250 -999.250 -999.250 -999.250 -999.250 -999.250 -999.250 -999.250 -999.250 -999.250 -999.250
362.955 434.597 503.731 537.045 532.491 538.138 508.398 467.661 440.269 368.326 323.621 261.315 250.263 228.402 204.960 213.780 253.254 370.762 531.731 718.568 846.741 931.160 1053.140 1187.096 -999.250 -999.250 -999.250 -999.250 -999.250 -999.250 -999.250 -999.250 -999.250 -999.250 -999.250 -999.250 -999.250 -999.250 -999.250 -999.250 -999.250 -999.250 -999.250 -999.250 -999.250 -999.250 -999.250 -999.250 -999.250 -999.250 -999.250 -999.250 -999.250 -999.250 -999.250 -999.250 -999.250 -999.250 -999.250 -999.250 -999.250 -999.250 -999.250 -999.250 -999.250
