data/medianmodel_27-Apr-2020.asc
ncols	141
nrows	288
xllcorner	-120191.398
yllcorner	-301404.813
cellsize	2000.000
NODATA_value	-999.250
[rows 90 to 119 of 288, columns 0 to 67 of 141]
-999.250 -999.250 -999.250 -999.250 -999.250 -999.250 -999.250 -999.250 -999.250 -999.250 -999.250 -999.250 -999.250 -999.250 -999.250 -999.250 -999.250 -999.250 -999.250 -999.250 -999.250 -999.250 -999.250 -999.250 -999.250 -999.250 -999.250 -999.250 -999.250 -999.250 -999.250 -999.250 39.433 33.484 30.085 25.539 21.988 32.168 39.197 45.499 48.726 55.887 61.725 57.527 54.080 51.625 58.247 63.219 59.104 59.294 55.853 49.787 41.086 42.167 41.348 40.166 30.738 33.587 29.658 33.892 26.287 23.620 22.764 23.785 22.595 21.370 20.402 23.620
-999.250 -999.250 -999.250 -999.250 -999.250 -999.250 -999.250 -999.250 -999.250 -999.250 -999.250 -999.250 -999.250 -999.250 -999.250 -999.250 -999.250 -999.250 -999.250 -999.250 -999.250 -999.250 -999.250 -999.250 -999.250 -999.250 -999.250 -999.250 -999.250 -999.250 -999.250 -999.250 26.212 26.458 20.466 19.615 19.580 27.199 30.289 37.587 47.995 57.991 62.042 66.087 57.226 62.764 64.966 70.584 69.511 60.082 60.427 49.662 44.072 40.476 44.918 42.012 33.984 35.280 31.152 34.120 30.555 33.067 25.764 27.659 27.069 22.224 24.853 23.751
-999.250 -999.250 -999.250 -999.250 -999.250 -999.250 -999.250 -999.250 -999.250 -999.250 -999.250 -999.250 -999.250 -999.250 -999.250 -999.250 -999.250 -999.250 -999.250 -999.250 -999.250 -999.250 -999.250 -999.250 -999.250 -999.250 -999.250 -999.250 -999.250 -999.250 -999.250 23.820 23.785 21.319 18.388 23.986 19.678 21.956 31.803 35.305 37.431 48.807 60.517 69.409 66.347 70.155 81.399 73.787 68.115 56.286 64.004 48.141 43.519 38.856 36.870 42.448 40.518 36.819 32.715 33.377 32.039 34.695 31.433 37.350 37.365 34.429 30.565 31.911
-999.250 -999.250 -999.250 -999.250 -999.250 -999.250 -999.250 -999.250 -999.250 -999.250 -999.250 -999.250 -999.250 -999.250 -999.250 -999.250 -999.250 -999.250 -999.250 -999.250 -999.250 -999.250 -999.250 -999.250 -999.250 -999.250 -999.250 -999.250 -999.250 -999.250 -999.250 21.320 21.289 21.806 20.480 17.790 20.698 21.571 29.449 33.389 40.114 48.660 58.868 65.408 68.020 76.759 84.379 69.031 61.627 55.462 53.557 54.922 44.138 41.964 35.591 39.493 40.236 43.363 34.902 34.374 38.461 41.954 39.098 42.352 38.093 37.831 35.279 38.358
-999.250 -999.250 -999.250 -999.250 -999.250 -999.250 -999.250 -999.250 -999.250 -999.250 -999.250 -999.250 -999.250 -999.250 -999.250 -999.250 -999.250 -999.250 -999.250 -999.250 -999.250 -999.250 -999.250 -999.250 -999.250 -999.250 -999.250 -999.250 -999.250 -999.250 -999.250 19.820 18.561 17.289 18.742 19.137 20.417 21.909 26.483 25.178 34.083 45.360 54.237 55.247 56.420 64.575 65.386 65.683 61.511 57.465 57.114 50.625 46.123 46.498 39.988 35.037 40.996 40.480 39.508 43.840 44.855 45.990 48.122 51.239 47.398 44.003 41.744 43.145
-999.250 -999.250 -999.250 -999.250 -999.250 -999.250 -999.250 -999.250 -999.250 -999.250 -999.250 -999.250 -999.250 -999.250 -999.250 -999.250 -999.250 -999.250 -999.250 -999.250 -999.250 -999.250 -999.250 -999.250 -999.250 -999.250 -999.250 -999.250 -999.250 -999.250 -999.250 19.719 20.432 18.603 16.903 18.654 19.415 20.871 26.443 27.944 31.897 35.863 49.817 51.751 53.392 48.901 48.782 50.673 54.818 53.715 47.556 46.223 51.778 49.465 41.690 41.393 40.444 36.066 39.136 43.791 42.917 51.362 53.622 58.808 57.544 50.164 50.363 42.864
-999.250 -999.250 -999.250 -999.250 -999.250 -999.250 -999.250 -999.250 -999.250 -999.250 -999.250 -999.250 -999.250 -999.250 -999.250 -999.250 -999.250 -999.250 -999.250 -999.250 -999.250 -999.250 -999.250 -999.250 -999.250 -999.250 -999.250 -999.250 -999.250 -999.250 18.678 19.988 18.471 17.129 16.774 20.445 20.230 24.106 23.205 27.761 38.187 30.599 38.578 42.084 41.191 34.385 36.381 38.605 40.830 39.792 42.480 50.612 50.855 48.335 42.637 46.307 44.796 45.086 46.761 47.838 50.925 61.885 62.523 72.401 75.679 67.778 64.178 56.394
-999.250 -999.250 -999.250 -999.250 -999.250 -999.250 -999.250 -999.250 -999.250 -999.250 -999.250 -999.250 -999.250 -999.250 -999.250 -999.250 -999.250 -999.250 -999.250 -999.250 -999.250 -999.250 -999.250 -999.250 -999.250 -999.250 -999.250 -999.250 -999.250 -999.250 15.763 15.684 13.656 16.915 16.181 17.074 20.735 22.216 31.245 32.840 36.638 33.380 39.294 35.630 32.515 23.876 20.086 26.087 35.587 35.174 40.653 42.008 47.426 42.217 49.407 51.753 44.898 47.325 44.948 47.726 56.434 63.344 79.334 82.213 91.221 88.756 63.229 66.001
-999.250 -999.250 -999.250 -999.250 -999.250 -999.250 -999.250 -999.250 -999.250 -999.250 -999.250 -999.250 -999.250 -999.250 -999.250 -999.250 -999.250 -999.250 -999.250 -999.250 -999.250 -999.250 -999.250 -999.250 -999.250 -999.250 -999.250 -999.250 -999.250 -999.250 16.066 15.333 14.384 15.420 16.807 18.069 17.639 20.430 32.224 34.037 39.896 40.885 40.407 40.239 33.446 25.994 23.146 23.937 32.204 40.061 40.092 47.386 45.494 47.587 48.710 51.910 45.725 45.439 46.065 52.800 56.775 62.367 92.738 91.088 114.356 102.144 81.726 61.716
-999.250 -999.250 -999.250 -999.250 -999.250 -999.250 -999.250 -999.250 -999.250 -999.250 -999.250 -999.250 -999.250 -999.250 -999.250 -999.250 -999.250 -999.250 -999.250 -999.250 -999.250 -999.250 -999.250 -999.250 -999.250 -999.250 -999.250 -999.250 -999.250 -999.250 13.482 14.009 13.614 13.108 14.611 19.697 19.607 19.804 30.118 35.296 45.700 45.565 38.783 35.407 37.273 30.679 32.789 31.785 32.474 39.026 41.292 41.846 46.654 45.023 44.710 44.505 48.579 45.112 46.438 53.505 64.717 75.549 100.713 102.492 114.418 107.297 88.999 85.624
-999.250 -999.250 -999.250 -999.250 -999.250 -999.250 -999.250 -999.250 -999.250 -999.250 -999.250 -999.250 -999.250 -999.250 -999.250 -999.250 -999.250 -999.250 -999.250 -999.250 -999.250 -999.250 -999.250 -999.250 -999.250 -999.250 -999.250 -999.250 -999.250 17.611 14.327 12.733 12.995 13.441 14.777 15.591 19.395 17.157 22.635 36.224 41.856 40.405 42.254 42.547 36.601 33.443 40.989 39.416 37.780 42.415 45.991 39.069 41.265 40.347 39.665 49.915 49.333 46.308 48.775 58.264 65.231 83.639 100.646 114.085 100.890 100.240 99.047 85.293
-999.250 -999.250 -999.250 -999.250 -999.250 -999.250 -999.250 -999.250 -999.250 -999.250 -999.250 -999.250 -999.250 -999.250 -999.250 -999.250 -999.250 -999.250 -999.250 -999.250 -999.250 -999.250 -999.250 -999.250 -999.250 -999.250 -999.250 -999.250 -999.250 13.926 12.134 13.905 12.459 12.280 14.273 15.247 19.317 17.886 27.157 35.602 39.145 47.207 44.424 43.942 45.716 41.483 43.325 45.257 46.311 48.146 44.573 39.317 40.225 39.638 39.186 43.526 39.166 48.149 47.807 53.591 67.847 86.844 92.319 104.020 97.008 91.756 91.415 77.459
-999.250 -999.250 -999.250 -999.250 -999.250 -999.250 -999.250 -999.250 -999.250 -999.250 -999.250 -999.250 -999.250 -999.250 -999.250 -999.250 -999.250 -999.250 -999.250 -999.250 -999.250 -999.250 -999.250 -999.250 -999.250 -999.250 -999.250 -999.250 -999.250 17.131 14.823 14.256 12.825 9.464 13.984 13.557 15.701 17.441 21.181 35.192 39.339 48.806 52.393 52.465 51.267 53.557 54.416 58.169 59.457 56.802 53.522 47.559 46.967 43.815 41.520 41.869 38.340 40.810 46.598 53.184 61.028 63.301 81.578 93.461 94.351 90.084 79.262 73.299
-999.250 -999.250 -999.250 -999.250 -999.250 -999.250 -999.250 -999.250 -999.250 -999.250 -999.250 -999.250 -999.250 -999.250 -999.250 -999.250 -999.250 -999.250 -999.250 -999.250 -999.250 -999.250 -999.250 -999.250 -999.250 -999.250 -999.250 -999.250 -999.250 13.534 14.468 11.484 11.267 12.496 15.594 14.344 14.555 19.357 20.694 33.061 45.811 59.292 59.333 64.661 64.270 69.434 66.710 75.802 77.802 61.871 55.537 55.208 50.622 39.571 35.713 32.893 34.552 31.313 46.501 49.904 59.871 56.728 66.963 68.023 82.764 78.742 71.792 58.724
-999.250 -999.250 -999.250 -999.250 -999.250 -999.250 -999.250 -999.250 -999.250 -999.250 -999.250 -999.250 -999.250 -999.250 -999.250 -999.250 -999.250 -999.250 -999.250 -999.250 -999.250 -999.250 -999.250 -999.250 -999.250 -999.250 -999.250 -999.250 16.413 15.530 14.174 13.116 14.196 12.367 12.438 11.908 15.424 16.077 21.943 26.955 45.621 54.816 63.106 65.076 73.162 83.913 89.274 88.709 94.222 81.407 68.998 55.652 44.054 40.119 33.778 24.097 27.424 33.266 28.604 37.490 45.733 49.793 52.531 63.906 59.661 61.742 59.571 56.489
-999.250 -999.250 -999.250 -999.250 -999.250 -999.250 -999.250 -999.250 -999.250 -999.250 -999.250 -999.250 -999.250 -999.250 -999.250 -999.250 -999.250 -999.250 -999.250 -999.250 -999.250 -999.250 -999.250 -999.250 -999.250 -999.250 -999.250 -999.250 14.336 14.282 13.024 11.331 12.047 12.139 14.159 14.022 14.381 16.552 21.512 31.241 45.735 61.412 68.903 77.460 95.412 94.534 105.839 105.159 92.359 78.588 63.304 42.726 43.505 33.054 27.980 20.774 21.256 25.014 27.871 34.187 39.189 46.245 49.064 52.442 57.777 61.725 58.766 46.261
-999.250 -999.250 -999.250 -999.250 -999.250 -999.250 -999.250 -999.250 -999.250 -999.250 -999.250 -999.250 -999.250 -999.250 -999.250 -999.250 -999.250 -999.250 -999.250 -999.250 -999.250 -999.250 -999.250 -999.250 -999.250 -999.250 -999.250 17.599 16.858 15.315 13.748 11.044 12.752 14.259 13.051 16.919 18.356 17.839 19.822 33.356 48.988 60.029 78.730 90.050 89.816 88.949 104.199 104.160 102.119 82.741 66.486 53.749 40.662 29.563 20.725 15.681 14.616 20.658 26.306 28.824 32.114 37.899 39.304 46.766 48.759 56.444 50.787 44.908
-999.250 -999.250 -999.250 -999.250 -999.250 -999.250 -999.250 -999.250 -999.250 -999.250 -999.250 -999.250 -999.250 -999.250 -999.250 -999.250 -999.250 -999.250 -999.250 -999.250 -999.250 -999.250 -999.250 -999.250 -999.250 -999.250 -999.250 20.602 14.409 15.417 16.544 14.774 13.484 12.057 16.248 18.232 18.547 18.230 22.640 44.320 60.322 72.978 86.398 82.806 98.481 107.136 108.657 98.339 94.579 77.781 70.352 51.868 38.770 24.472 14.411 13.600 14.716 19.274 22.767 22.880 27.523 32.442 36.012 36.317 46.097 45.900 39.723 35.447
-999.250 -999.250 -999.250 -999.250 -999.250 -999.250 -999.250 -999.250 -999.250 -999.250 -999.250 -999.250 -999.250 -999.250 -999.250 -999.250 -999.250 -999.250 -999.250 -999.250 -999.250 -999.250 -999.250 -999.250 -999.250 -999.250 -999.250 16.176 16.507 16.788 17.334 15.196 15.451 13.828 14.943 16.147 18.088 19.457 29.525 43.558 67.683 75.837 97.255 99.518 106.578 99.131 120.548 103.525 94.827 85.962 70.567 46.834 40.302 26.009 17.256 16.605 14.328 19.410 19.043 20.523 26.075 25.666 34.101 30.562 34.321 34.202 32.708 27.472
-999.250 -999.250 -999.250 -999.250 -999.250 -999.250 -999.250 -999.250 -999.250 -999.250 -999.250 -999.250 -999.250 -999.250 -999.250 -999.250 -999.250 -999.250 -999.250 -999.250 -999.250 -999.250 -999.250 -999.250 -999.250 -999.250 -999.250 13.768 15.344 15.640 15.320 14.695 14.429 17.820 16.640 19.904 21.199 29.396 41.609 46.012 72.395 100.816 102.928 102.847 108.905 117.698 102.718 100.215 99.595 83.166 61.781 50.810 37.432 29.005 19.668 18.793 17.586 18.974 19.043 20.687 24.480 25.412 29.959 23.855 27.307 29.139 27.212 23.632
-999.250 -999.250 -999.250 -999.250 -999.250 -999.250 -999.250 -999.250 -999.250 -999.250 -999.250 -999.250 -999.250 -999.250 -999.250 -999.250 -999.250 -999.250 -999.250 -999.250 -999.250 -999.250 -999.250 -999.250 -999.250 -999.250 -999.250 -999.250 12.796 13.901 14.013 11.676 15.829 15.320 16.712 16.902 21.698 29.175 42.854 55.209 84.122 109.351 108.234 112.391 121.614 123.257 116.700 98.346 94.693 86.233 66.639 52.690 43.092 30.308 23.293 22.996 22.043 21.350 21.381 21.444 22.778 22.475 26.050 26.588 25.227 26.065 21.669 21.729
-999.250 -999.250 -999.250 -999.250 -999.250 -999.250 -999.250 -999.250 -999.250 -999.250 -999.250 -999.250 -999.250 -999.250 -999.250 -999.250 -999.250 -999.250 -999.250 -999.250 -999.250 -999.250 -999.250 -999.250 -999.250 -999.250 -999.250 -999.250 12.873 11.713 14.083 13.623 15.537 14.905 16.563 16.750 23.178 32.523 41.534 50.155 88.167 107.449 116.884 117.690 124.228 125.178 119.236 108.104 90.293 78.468 63.931 61.414 47.754 33.056 25.229 21.878 25.370 26.547 24.355 26.746 26.281 26.608 24.967 26.575 27.182 21.758 19.254 21.098
-999.250 -999.250 -999.250 -999.250 -999.250 -999.250 -999.250 -999.250 -999.250 -999.250 -999.250 -999.250 -999.250 -999.250 -999.250 -999.250 -999.250 -999.250 -999.250 -999.250 -999.250 -999.250 -999.250 -999.250 -999.250 -999.250 -999.250 -999.250 13.598 12.161 16.327 15.848 13.945 16.924 15.126 17.859 20.186 29.906 44.072 54.754 75.676 99.916 113.623 124.240 137.171 130.683 121.499 96.672 89.593 69.274 61.451 52.597 44.705 30.888 27.412 23.313 23.400 23.651 23.322 25.117 26.883 29.384 20.342 21.089 18.107 20.209 17.147 18.443
-999.250 -999.250 -999.250 -999.250 -999.250 -999.250 -999.250 -999.250 -999.250 -999.250 -999.250 -999.250 -999.250 -999.250 -999.250 -999.250 -999.250 -999.250 -999.250 -999.250 -999.250 -999.250 -999.250 -999.250 -999.250 -999.250 -999.250 -999.250 10.259 13.162 13.948 14.462 16.548 16.347 15.781 17.716 19.110 23.831 30.494 44.747 62.158 88.491 105.510 123.250 134.752 157.898 129.507 108.579 94.059 78.251 58.916 47.214 39.587 33.428 28.669 22.866 24.524 24.610 24.898 27.800 24.001 24.533 22.348 19.736 19.346 18.813 17.517 14.140
-999.250 -999.250 -999.250 -999.250 -999.250 -999.250 -999.250 -999.250 -999.250 -999.250 -999.250 -999.250 -999.250 -999.250 -999.250 -999.250 -999.250 -999.250 -999.250 -999.250 -999.250 -999.250 -999.250 -999.250 -999.250 -999.250 -999.250 -999.250 10.591 14.617 15.360 15.693 15.005 17.483 17.499 16.814 16.959 21.213 23.533 30.771 53.327 73.822 89.081 110.243 128.406 127.143 119.921 101.646 68.771 59.131 42.261 42.664 27.912 31.693 23.756 22.888 27.739 26.138 30.062 25.350 26.001 21.600 20.941 17.012 19.768 14.986 12.840 12.567
-999.250 -999.250 -999.250 -999.250 -999.250 -999.250 -999.250 -999.250 -999.250 -999.250 -999.250 -999.250 -999.250 -999.250 -999.250 -999.250 -999.250 -999.250 -999.250 -999.250 -999.250 -999.250 -999.250 -999.250 -999.250 -999.250 -999.250 12.832 10.426 11.689 14.555 15.945 14.883 17.389 15.776 14.918 15.133 14.207 18.585 17.523 42.835 66.609 87.128 100.077 110.227 110.851 98.061 79.447 55.492 41.004 30.879 26.358 23.631 25.804 24.642 26.005 26.791 30.402 32.740 25.583 23.949 18.105 16.199 13.604 13.302 14.983 13.475 11.446
-999.250 -999.250 -999.250 -999.250 -999.250 -999.250 -999.250 -999.250 -999.250 -999.250 -999.250 -999.250 -999.250 -999.250 -999.250 -999.250 -999.250 -999.250 -999.250 -999.250 -999.250 -999.250 -999.250 -999.250 -999.250 -999.250 -999.250 12.468 15.341 13.981 14.423 14.579 15.179 15.039 13.857 12.057 15.129 15.631 15.852 22.446 39.118 54.745 67.826 78.303 91.505 88.005 76.849 58.354 35.523 18.400 15.796 17.297 16.202 19.376 22.168 24.718 33.358 30.266 33.304 29.002 20.739 19.492 17.212 13.548 14.688 13.655 15.473 10.670
-999.250 -999.250 -999.250 -999.250 -999.250 -999.250 -999.250 -999.250 -999.250 -999.250 -999.250 -999.250 -999.250 -999.250 -999.250 -999.250 -999.250 -999.250 -999.250 -999.250 -999.250 -999.250 -999.250 -999.250 -999.250 -999.250 -999.250 11.886 17.099 15.483 13.125 13.003 13.488 14.713 15.735 13.288 12.881 16.035 17.723 27.323 38.213 52.022 58.309 63.788 68.450 67.470 52.218 37.338 17.840 0.000 5.156 8.754 14.430 14.753 20.366 27.690 30.954 38.255 32.381 27.482 20.131 14.585 14.482 11.581 13.041 14.512 12.179 11.184
-999.250 -999.250 -999.250 -999.250 -999.250 -999.250 -999.250 -999.250 -999.250 -999.250 -999.250 -999.250 -999.250 -999.250 -999.250 -999.250 -999.250 -999.250 -999.250 -999.250 -999.250 -999.250 -999.250 -999.250 -999.250 -999.250 11.547 15.070 14.369 15.521 14.381 14.115 17.275 13.825 12.641 13.637 16.126 14.540 15.650 25.535 30.257 42.849 45.017 47.987 53.191 48.030 39.535 31.738 14.387 1.922 1.416 5.081 10.483 13.302 18.412 21.110 22.910 26.289 28.998 25.490 18.920 16.103 14.315 14.854 11.967 14.796 12.000 10.472
-999.250 -999.250 -999.250 -999.250 -999.250 -999.250 -999.250 -999.250 -999.250 -999.250 -999.250 -999.250 -999.250 -999.250 -999.250 -999.250 -999.250 -999.250 -999.250 -999.250 -999.250 -999.250 -999.250 -999.250 -999.250 -999.250 15.428 13.985 13.724 13.383 16.705 13.609 14.289 15.732 14.153 14.426 16.855 15.924 17.438 20.575 34.289 35.065 36.642 40.667 38.244 34.118 28.710 20.264 12.340 5.290 3.258 4.704 7.693 10.278 12.463 14.984 19.855 19.918 20.146 17.416 14.628 13.685 13.091 10.705 12.851 10.962 12.099 9.657
