data/medianmodel_24-Jun-2020.asc
ncols	141
nrows	288
xllcorner	-120191.398
yllcorner	-301404.813
cellsize	2000.000
NODATA_value	-999.250
[rows 150 to 179 of 288, columns 0 to 68 of 141]
-999.250 -999.250 -999.250 -999.250 -999.250 -999.250 -999.250 -999.250 -999.250 -999.250 -999.250 -999.250 45.039 49.623 50.184 47.711 45.198 46.124 45.001 45.732 38.373 41.843 45.229 41.619 38.223 37.054 30.198 28.420 18.529 19.535 17.503 16.656 20.035 20.733 22.018 18.833 20.254 16.223 8.402 8.283 5.474 5.595 7.622 10.255 10.159 9.102 4.837 3.107 0.000 0.000 0.000 0.000 0.000 0.000 0.000 0.000 0.000 0.000 0.000 0.000 0.000 0.000 0.000 0.000 0.134 0.000 0.000 0.000 0.000
-999.250 -999.250 -999.250 -999.250 -999.250 -999.250 -999.250 -999.250 -999.250 -999.250 -999.250 43.242 51.492 55.897 60.103 55.475 50.394 52.691 51.376 49.252 50.615 45.650 39.783 36.438 31.586 29.701 27.886 19.602 16.664 12.863 13.992 12.591 14.529 15.983 18.172 15.325 16.798 11.563 7.779 5.665 4.719 3.105 2.296 1.982 1.129 0.000 0.000 0.000 0.000 0.000 0.000 0.000 0.000 0.000 0.000 0.000 0.000 0.000 0.000 0.000 0.000 0.000 0.000 0.000 0.000 0.000 0.000 0.000 0.000
-999.250 -999.250 -999.250 -999.250 -999.250 -999.250 -999.250 -999.250 -999.250 -999.250 43.558 51.816 50.638 62.362 71.362 70.688 71.644 63.863 57.551 54.116 56.853 41.102 34.386 33.168 26.106 19.294 17.639 11.354 10.910 9.976 11.038 10.037 13.252 12.838 14.124 13.711 12.897 11.268 7.260 6.580 3.701 0.688 0.000 0.000 0.000 0.000 0.000 0.000 0.000 0.000 0.000 0.000 0.000 0.000 0.000 0.000 0.000 0.000 0.000 0.000 0.000 0.000 0.000 0.000 0.000 0.000 0.000 0.000 0.000
-999.250 -999.250 -999.250 -999.250 -999.250 -999.250 -999.250 -999.250 -999.250 36.209 47.921 49.957 58.754 65.245 71.480 84.388 70.601 71.431 61.248 67.422 49.433 39.212 31.275 26.139 20.186 12.596 11.317 7.240 7.092 7.645 7.446 7.193 10.609 10.628 10.943 10.819 11.094 9.484 8.190 5.059 3.847 0.000 0.000 0.000 0.000 0.000 0.000 0.000 0.000 0.000 0.000 0.000 0.000 0.000 0.000 0.000 0.000 0.000 0.000 0.000 0.000 0.000 0.000 0.000 0.000 0.000 0.000 0.000 0.000
-999.250 -999.250 -999.250 -999.250 -999.250 35.294 37.734 36.650 35.745 40.848 46.591 53.550 67.550 65.106 73.577 76.334 74.558 64.136 62.078 52.655 44.590 32.102 26.712 21.479 12.525 8.612 6.039 4.708 6.978 5.042 6.077 7.367 11.509 13.006 11.611 12.044 11.574 8.443 6.163 3.530 0.631 0.000 0.000 0.000 0.000 0.000 0.000 0.000 0.000 0.000 0.000 0.000 0.000 0.000 0.000 0.000 0.000 0.000 0.000 0.000 0.000 0.000 2.360 0.989 0.895 0.198 0.000 0.000 0.000
-999.250 -999.250 -999.250 -999.250 -999.250 -999.250 -999.250 27.242 30.913 33.416 40.396 53.623 65.854 70.317 68.933 66.243 59.392 63.682 55.559 43.714 37.638 31.920 21.438 13.121 9.806 9.814 4.485 2.368 3.419 3.178 4.032 7.865 11.693 11.924 13.569 11.602 13.677 6.550 4.873 2.075 0.000 0.000 0.000 0.000 0.000 0.000 0.000 0.000 0.000 0.000 0.000 0.000 0.000 0.000 0.000 0.000 0.000 0.000 0.000 0.000 0.000 1.841 2.922 2.801 2.006 1.338 2.123 2.482 3.212
-999.250 -999.250 -999.250 -999.250 -999.250 -999.250 -999.250 24.883 28.811 34.167 40.203 51.441 58.942 70.526 73.034 73.430 68.999 55.923 50.482 46.771 38.661 25.698 16.245 11.369 7.125 4.550 2.572 2.294 1.521 3.682 7.722 9.348 14.909 13.965 16.853 14.500 11.354 9.913 4.621 2.348 0.000 0.000 0.000 0.000 0.000 0.000 0.000 0.000 0.000 0.000 0.000 0.000 0.000 0.000 0.000 0.000 0.000 0.000 0.000 0.000 0.128 2.447 2.497 3.926 3.101 4.759 3.019 3.999 6.139
-999.250 -999.250 -999.250 -999.250 -999.250 -999.250 -999.250 20.078 22.738 30.101 34.509 53.881 54.767 59.937 65.133 69.650 71.548 60.624 59.610 42.791 33.024 22.365 13.141 9.177 5.915 2.323 0.859 1.094 2.054 6.155 7.642 10.229 15.182 12.790 17.042 16.938 14.050 11.376 6.294 0.662 0.000 0.000 0.000 0.000 0.000 0.000 0.000 0.000 0.000 0.000 0.000 0.000 0.000 0.000 0.000 0.000 0.000 0.000 0.000 0.000 2.158 2.544 4.556 6.305 4.499 6.603 4.780 7.752 5.641
-999.250 -999.250 -999.250 -999.250 -999.250 -999.250 -999.250 14.291 17.722 23.556 34.244 44.704 55.063 65.724 80.478 80.678 71.829 69.707 56.966 47.647 31.917 26.191 14.634 8.693 4.108 1.742 0.488 1.811 3.474 6.201 6.493 11.568 12.152 14.849 16.848 16.761 13.414 12.268 4.591 1.312 0.000 0.000 0.000 0.000 0.000 0.000 0.000 0.000 0.000 0.000 0.000 0.000 0.000 0.000 0.000 0.000 0.000 0.000 0.591 2.297 2.429 5.109 6.245 9.991 6.753 8.651 8.229 9.802 7.447
-999.250 -999.250 -999.250 -999.250 -999.250 -999.250 -999.250 -999.250 17.253 23.723 30.510 38.445 55.292 61.464 78.799 82.494 70.191 66.387 57.331 45.400 33.965 23.809 13.857 9.182 4.291 3.369 2.833 2.973 3.954 5.571 7.335 12.062 12.987 15.490 21.818 16.586 17.639 11.473 6.224 1.983 0.000 0.000 0.000 0.000 0.000 0.000 0.000 0.000 0.000 0.000 0.000 0.000 0.000 0.000 0.000 0.000 0.000 0.000 1.157 2.374 3.621 4.363 7.129 9.559 11.346 14.024 10.127 9.349 4.870
-999.250 -999.250 -999.250 -999.250 -999.250 -999.250 -999.250 -999.250 16.082 23.206 23.666 36.307 46.739 62.619 81.356 111.483 79.614 74.479 65.642 51.750 36.683 23.535 14.023 10.420 5.463 5.770 3.100 4.128 6.308 10.309 9.518 12.579 17.068 21.560 21.438 23.159 20.427 13.263 5.944 2.315 0.000 0.000 0.000 0.000 0.000 0.000 0.000 0.000 0.000 0.000 0.000 0.000 0.000 0.000 0.000 0.000 0.000 0.000 1.518 1.924 3.705 6.275 8.666 9.016 12.792 20.008 13.332 10.137 6.138
-999.250 -999.250 -999.250 -999.250 -999.250 -999.250 -999.250 8.921 9.993 16.395 23.557 27.640 41.143 59.561 76.251 89.963 79.864 67.722 58.805 52.259 34.832 26.628 16.207 14.260 8.974 7.736 5.254 9.043 11.339 13.123 16.303 17.805 18.310 19.107 22.760 23.721 31.347 16.822 6.731 0.987 0.000 0.000 0.000 0.000 0.000 0.000 0.000 0.000 0.000 0.000 0.000 0.000 0.000 0.000 0.000 0.000 0.000 0.000 1.785 2.717 4.921 8.603 6.981 9.928 11.639 13.441 11.552 9.276 6.967
-999.250 -999.250 -999.250 -999.250 -999.250 -999.250 -999.250 5.749 6.664 8.862 16.967 26.508 42.102 47.305 55.354 68.608 63.005 60.970 48.488 49.248 43.882 31.930 21.518 15.683 11.498 10.728 9.450 10.261 15.364 16.955 19.151 19.344 19.797 19.337 20.991 20.907 17.663 12.724 4.922 1.697 0.000 0.000 0.000 0.000 0.000 0.000 0.000 0.000 0.000 0.000 0.000 0.000 0.000 0.000 0.000 0.000 0.000 0.000 2.069 2.700 3.881 6.639 7.005 7.498 11.890 12.773 8.520 6.103 5.755
-999.250 -999.250 -999.250 -999.250 -999.250 -999.250 -999.250 7.913 5.699 9.107 12.774 21.459 27.047 37.191 46.707 47.869 53.673 54.506 45.039 42.197 40.789 33.356 26.867 15.966 13.383 15.287 13.620 14.107 15.794 21.592 23.863 25.309 22.489 17.737 17.768 17.715 11.944 8.084 4.435 0.000 0.000 0.000 0.000 0.000 0.000 0.000 0.000 0.000 0.000 0.000 0.000 0.000 0.000 0.000 0.000 0.000 0.000 0.070 2.943 3.005 5.112 8.501 7.289 8.361 7.377 8.695 6.490 5.593 4.326
-999.250 -999.250 -999.250 -999.250 -999.250 -999.250 -999.250 5.113 3.306 5.293 11.716 15.175 25.811 27.043 37.521 37.765 43.024 43.514 38.786 39.856 37.445 37.740 27.981 25.584 20.908 23.865 23.062 20.755 26.673 27.159 24.980 28.052 24.835 17.339 15.349 12.391 8.513 5.085 0.528 0.000 0.000 0.000 0.000 0.000 0.000 0.000 0.000 0.000 0.000 0.000 0.000 0.000 0.000 0.000 0.000 0.000 0.000 0.000 1.217 2.361 3.439 3.422 4.617 4.676 3.102 4.696 4.474 4.577 2.904
-999.250 -999.250 -999.250 -999.250 -999.250 -999.250 11.504 6.287 5.740 7.629 11.375 14.585 19.724 25.709 31.730 35.128 39.108 43.212 39.289 38.217 33.862 33.480 34.550 32.215 30.332 31.470 31.140 29.810 29.045 27.703 28.546 33.553 20.020 16.334 11.277 7.944 4.953 1.098 0.000 0.000 0.000 0.000 0.000 0.000 0.000 0.000 0.000 0.000 0.000 0.000 0.000 0.000 0.000 0.000 0.000 0.000 0.000 0.000 1.264 0.917 1.727 2.966 3.080 3.202 3.371 4.340 4.009 3.385 0.153
-999.250 -999.250 -999.250 -999.250 -999.250 -999.250 15.804 8.432 7.556 8.130 13.823 14.366 20.029 26.015 26.760 35.689 41.642 40.546 40.570 35.115 39.869 38.587 37.147 35.254 33.908 35.750 36.293 37.709 37.221 30.286 26.238 26.164 19.570 12.176 7.785 4.012 2.988 0.000 0.000 0.000 0.000 0.000 0.000 0.000 0.000 0.000 0.000 0.000 0.000 0.000 0.000 0.000 0.000 0.352 0.339 0.000 0.000 0.000 0.000 2.021 0.856 1.557 1.041 2.970 1.337 1.602 2.153 1.128 0.000
-999.250 -999.250 -999.250 -999.250 -999.250 20.187 17.356 10.878 8.103 11.618 11.836 15.013 23.258 29.704 29.926 39.838 37.050 38.671 41.724 42.302 45.940 42.999 45.633 37.820 38.610 39.259 42.097 48.424 38.314 30.352 22.934 20.597 15.818 10.736 8.080 3.158 0.360 0.000 0.000 0.000 0.000 0.000 0.000 0.000 0.000 0.000 0.000 0.000 0.000 0.000 0.000 0.000 0.000 0.000 0.000 0.000 0.000 0.000 0.000 0.000 0.000 0.000 0.000 0.421 0.000 0.000 0.000 0.000 0.000
-999.250 -999.250 -999.250 -999.250 -999.250 20.007 18.980 15.649 11.969 11.325 15.179 22.921 26.612 31.729 32.782 34.712 40.792 35.277 39.252 37.191 45.946 43.252 46.159 45.216 43.702 42.923 42.626 42.787 34.891 28.751 23.217 17.280 11.819 7.190 4.931 2.636 0.000 0.000 0.000 0.000 0.000 0.000 0.000 0.000 0.000 0.000 0.000 0.000 0.000 0.000 0.000 0.000 0.000 0.000 0.274 0.142 0.000 0.357 0.000 0.000 0.000 0.000 0.000 0.000 0.000 0.000 0.000 0.000 0.000
-999.250 -999.250 -999.250 -999.250 25.180 20.943 17.701 14.479 12.714 13.416 14.964 21.124 27.406 31.303 35.130 37.927 40.266 38.851 43.580 42.374 45.042 51.657 57.575 56.978 55.145 43.780 40.353 35.474 32.572 27.760 19.724 13.196 7.439 4.231 1.054 0.000 0.000 0.000 0.000 0.000 0.000 0.000 0.000 0.000 0.000 0.000 0.000 0.000 0.000 0.000 0.000 0.000 0.000 0.000 0.000 0.000 0.000 0.000 0.000 0.000 0.000 0.000 0.000 0.000 0.000 0.000 0.000 0.000 0.000
-999.250 -999.250 -999.250 -999.250 25.139 21.158 18.481 14.055 14.360 13.867 14.340 21.351 23.495 29.717 35.245 36.722 46.332 46.857 43.055 45.687 48.626 56.428 70.371 62.414 51.642 42.485 35.224 29.940 29.961 24.029 16.465 11.239 4.545 3.284 0.000 0.000 0.000 0.000 0.000 0.000 0.000 0.000 0.000 0.000 0.000 0.000 0.000 0.000 0.000 0.000 0.000 0.000 0.000 0.000 0.000 0.000 0.000 0.000 0.000 0.000 0.000 0.000 0.000 0.000 0.000 0.000 0.000 0.000 0.000
-999.250 -999.250 -999.250 -999.250 31.338 24.311 18.006 15.417 19.697 14.117 18.329 24.435 29.442 30.178 33.736 37.662 48.504 45.827 45.088 39.855 43.356 49.090 57.934 57.473 51.117 39.857 31.930 31.753 22.912 17.550 11.607 9.998 7.268 3.237 0.294 0.000 0.000 0.000 0.000 0.000 0.000 0.000 0.000 0.000 0.000 0.000 0.000 0.000 0.000 0.000 0.000 0.000 0.000 0.000 0.000 0.000 0.000 0.000 0.000 0.000 0.000 0.000 0.000 0.000 0.000 0.000 0.000 0.000 0.000
-999.250 -999.250 -999.250 -999.250 31.469 27.364 21.971 21.936 20.601 17.638 17.560 23.807 31.395 31.804 39.367 56.102 58.937 46.385 43.323 37.816 34.066 40.916 42.076 47.764 43.149 37.913 32.600 26.983 23.963 17.944 14.961 12.997 8.578 6.623 2.185 4.696 0.000 0.000 0.000 0.000 0.000 0.000 0.000 0.000 0.000 0.000 0.000 0.000 0.000 0.000 0.000 0.000 0.000 0.000 0.000 0.000 0.000 0.000 0.000 0.000 0.000 0.000 0.000 0.000 0.000 0.000 0.000 0.000 0.000
-999.250 -999.250 -999.250 -999.250 32.492 28.499 20.663 14.338 23.488 26.374 25.480 23.906 31.176 39.171 48.750 55.722 75.110 56.345 38.551 35.300 34.874 34.129 43.188 40.954 49.029 44.049 35.857 33.282 29.235 23.824 18.515 13.921 10.627 7.897 4.017 3.656 0.000 0.000 0.000 0.000 0.000 0.000 0.000 0.000 0.000 0.000 0.000 0.000 0.000 0.000 0.000 0.000 0.000 0.000 0.000 0.000 0.000 0.000 0.000 0.000 0.000 0.000 0.000 0.000 0.000 0.000 0.000 0.000 0.000
-999.250 -999.250 -999.250 -999.250 31.361 28.363 24.677 26.777 32.472 35.575 31.075 31.615 43.019 46.928 48.601 59.983 60.107 51.275 37.474 38.931 36.647 36.225 39.013 42.346 48.412 45.070 42.574 38.889 34.634 28.541 24.019 16.697 14.497 8.824 5.723 3.953 0.066 0.000 0.000 0.000 0.000 0.000 0.000 0.000 0.000 0.000 0.000 0.000 0.000 0.000 0.000 0.000 0.000 0.000 0.000 0.000 0.000 0.000 0.000 0.000 0.000 0.000 0.000 0.000 0.000 0.000 0.000 0.000 0.000
-999.250 -999.250 -999.250 -999.250 22.128 28.859 30.905 36.494 44.596 46.318 36.190 43.258 49.703 49.756 49.939 57.869 52.654 46.774 38.808 40.658 35.732 42.017 41.420 47.814 53.693 43.211 45.639 45.518 42.720 31.685 29.654 18.763 15.391 14.116 9.078 4.446 2.027 0.000 0.000 0.000 0.000 0.000 0.000 1.011 0.000 0.000 0.000 0.000 0.000 0.000 0.000 0.000 0.000 0.000 0.000 0.000 0.000 0.000 0.000 0.000 0.000 0.000 0.000 0.000 0.000 0.000 0.000 0.000 0.000
-999.250 -999.250 -999.250 -999.250 33.072 33.199 38.180 51.877 52.341 46.918 48.860 53.851 50.529 54.232 52.454 55.590 50.829 55.286 48.028 52.728 52.745 50.830 51.549 51.248 56.289 58.370 51.817 50.301 48.483 37.296 30.078 26.724 21.692 14.500 13.204 7.808 4.893 1.347 1.550 0.000 0.000 0.000 1.049 5.724 1.651 0.000 0.000 0.000 0.000 0.000 0.000 0.000 0.000 0.000 0.000 0.000 0.000 0.000 0.000 0.000 0.000 0.000 0.000 0.000 0.000 0.000 0.000 0.000 0.000
-999.250 -999.250 -999.250 -999.250 38.981 38.430 52.090 54.010 51.938 49.256 59.566 63.545 59.445 60.856 61.195 64.066 65.774 59.319 63.629 62.795 67.889 64.793 60.844 64.285 60.386 52.917 55.712 58.996 52.071 44.295 33.032 30.024 26.730 22.521 15.781 11.693 7.718 3.755 2.270 1.090 0.000 0.000 1.054 3.752 2.497 0.226 0.000 0.000 0.000 0.000 0.000 0.000 0.000 0.000 0.000 0.000 0.000 0.000 0.000 0.000 0.000 0.000 0.000 0.000 0.000 0.000 0.000 0.000 0.000
-999.250 -999.250 -999.250 -999.250 55.811 58.468 63.271 61.239 60.379 67.725 70.356 74.342 74.477 64.498 72.658 71.498 86.513 84.411 87.368 93.033 93.333 82.126 79.476 71.881 70.426 63.546 61.529 58.168 59.211 50.550 42.987 41.442 31.448 26.645 23.788 13.073 9.499 7.110 3.400 1.881 0.000 0.284 2.760 2.413 2.439 0.910 0.029 0.000 0.000 0.000 0.000 0.000 0.000 0.000 0.000 0.000 0.000 0.000 0.000 0.000 0.000 0.000 0.000 0.000 0.000 0.000 0.000 0.000 0.000
-999.250 -999.250 -999.250 44.806 62.842 73.453 69.879 72.917 79.170 78.185 81.703 92.691 100.123 85.420 94.406 91.364 89.772 100.672 114.946 128.164 140.183 109.075 86.862 74.772 69.093 67.254 63.868 60.938 58.333 55.091 57.344 41.284 41.427 29.337 24.877 17.245 14.223 8.327 7.766 4.404 2.910 1.613 1.376 3.807 2.826 1.294 0.000 0.000 0.000 0.000 0.000 0.000 0.000 0.000 0.000 0.000 0.000 0.000 0.000 0.000 0.000 0.000 0.000 0.000 0.000 0.000 0.000 0.000 0.000
