data/medianmodel_14-Apr-2020.asc
ncols	141
nrows	288
xllcorner	-120191.398
yllcorner	-301404.813
cellsize	2000.000
NODATA_value	-999.250
[rows 90 to 119 of 288, columns 0 to 67 of 141]
-999.250 -999.250 -999.250 -999.250 -999.250 -999.250 -999.250 -999.250 -999.250 -999.250 -999.250 -999.250 -999.250 -999.250 -999.250 -999.250 -999.250 -999.250 -999.250 -999.250 -999.250 -999.250 -999.250 -999.250 -999.250 -999.250 -999.250 -999.250 -999.250 -999.250 -999.250 -999.250 56.785 49.969 45.321 46.196 48.373 44.150 41.439 40.572 40.239 30.465 26.858 25.646 28.812 30.353 29.011 31.219 30.933 28.029 25.272 26.126 23.594 21.193 16.875 15.015 12.674 16.385 16.848 16.062 16.015 17.745 18.970 26.447 32.919 37.454 52.967 50.892
-999.250 -999.250 -999.250 -999.250 -999.250 -999.250 -999.250 -999.250 -999.250 -999.250 -999.250 -999.250 -999.250 -999.250 -999.250 -999.250 -999.250 -999.250 -999.250 -999.250 -999.250 -999.250 -999.250 -999.250 -999.250 -999.250 -999.250 -999.250 -999.250 -999.250 -999.250 -999.250 45.832 34.156 34.451 37.292 35.931 34.258 32.477 33.047 34.476 27.783 29.409 32.302 32.092 33.364 33.441 31.892 31.946 27.326 25.382 25.259 24.598 23.029 16.212 15.549 15.234 18.197 19.428 20.474 21.001 21.661 27.778 35.947 39.700 47.548 59.067 56.341
-999.250 -999.250 -999.250 -999.250 -999.250 -999.250 -999.250 -999.250 -999.250 -999.250 -999.250 -999.250 -999.250 -999.250 -999.250 -999.250 -999.250 -999.250 -999.250 -999.250 -999.250 -999.250 -999.250 -999.250 -999.250 -999.250 -999.250 -999.250 -999.250 -999.250 -999.250 49.316 40.446 34.383 28.601 28.254 28.432 26.081 31.117 29.248 35.860 27.274 33.483 35.778 33.072 34.230 37.894 34.107 29.812 23.075 24.114 23.423 20.978 20.638 17.970 16.609 18.217 22.081 24.242 27.864 30.857 30.375 37.329 42.369 55.342 60.191 60.140 64.768
-999.250 -999.250 -999.250 -999.250 -999.250 -999.250 -999.250 -999.250 -999.250 -999.250 -999.250 -999.250 -999.250 -999.250 -999.250 -999.250 -999.250 -999.250 -999.250 -999.250 -999.250 -999.250 -999.250 -999.250 -999.250 -999.250 -999.250 -999.250 -999.250 -999.250 -999.250 44.563 35.206 24.915 22.474 22.633 24.662 27.532 27.087 32.648 31.948 34.072 36.791 31.141 36.551 38.675 44.024 34.373 29.726 25.211 21.115 18.942 18.427 18.716 18.721 17.969 19.347 22.072 28.683 32.569 32.213 37.576 48.671 55.840 63.600 62.677 74.068 76.270
-999.250 -999.250 -999.250 -999.250 -999.250 -999.250 -999.250 -999.250 -999.250 -999.250 -999.250 -999.250 -999.250 -999.250 -999.250 -999.250 -999.250 -999.250 -999.250 -999.250 -999.250 -999.250 -999.250 -999.250 -999.250 -999.250 -999.250 -999.250 -999.250 -999.250 -999.250 35.011 30.102 20.535 16.972 18.705 21.934 24.616 29.350 34.117 34.044 35.861 37.261 34.682 40.145 37.895 36.477 35.641 29.200 21.445 17.556 16.627 15.704 19.752 20.197 19.891 23.208 28.424 33.351 34.722 43.371 46.077 54.948 77.082 78.836 76.369 77.897 86.291
-999.250 -999.250 -999.250 -999.250 -999.250 -999.250 -999.250 -999.250 -999.250 -999.250 -999.250 -999.250 -999.250 -999.250 -999.250 -999.250 -999.250 -999.250 -999.250 -999.250 -999.250 -999.250 -999.250 -999.250 -999.250 -999.250 -999.250 -999.250 -999.250 -999.250 -999.250 26.116 21.209 17.170 8.452 15.142 20.701 28.799 35.557 35.835 39.436 41.668 43.588 45.464 40.135 43.619 34.768 30.833 27.976 22.323 18.782 17.186 17.218 19.371 17.872 22.932 24.718 28.356 31.033 39.344 50.462 61.565 69.452 88.354 99.532 92.396 90.248 90.122
-999.250 -999.250 -999.250 -999.250 -999.250 -999.250 -999.250 -999.250 -999.250 -999.250 -999.250 -999.250 -999.250 -999.250 -999.250 -999.250 -999.250 -999.250 -999.250 -999.250 -999.250 -999.250 -999.250 -999.250 -999.250 -999.250 -999.250 -999.250 -999.250 -999.250 25.072 20.975 18.340 13.694 13.770 18.087 25.224 35.025 39.301 40.264 47.608 50.489 50.483 52.199 46.607 44.543 38.366 29.933 28.282 21.039 18.216 16.835 17.607 18.920 17.489 18.553 23.833 28.914 33.983 47.838 58.899 76.568 81.662 93.587 120.420 107.510 108.221 104.999
-999.250 -999.250 -999.250 -999.250 -999.250 -999.250 -999.250 -999.250 -999.250 -999.250 -999.250 -999.250 -999.250 -999.250 -999.250 -999.250 -999.250 -999.250 -999.250 -999.250 -999.250 -999.250 -999.250 -999.250 -999.250 -999.250 -999.250 -999.250 -999.250 -999.250 18.625 16.663 14.318 13.326 13.496 20.433 26.941 35.997 42.489 52.140 62.381 49.967 47.867 50.601 41.547 39.399 35.151 31.757 28.603 21.820 18.427 18.698 19.044 19.133 19.114 21.129 24.915 27.572 33.605 45.607 60.629 90.145 98.557 126.157 136.640 133.670 131.437 99.506
-999.250 -999.250 -999.250 -999.250 -999.250 -999.250 -999.250 -999.250 -999.250 -999.250 -999.250 -999.250 -999.250 -999.250 -999.250 -999.250 -999.250 -999.250 -999.250 -999.250 -999.250 -999.250 -999.250 -999.250 -999.250 -999.250 -999.250 -999.250 -999.250 -999.250 14.482 13.545 13.424 14.757 18.710 22.760 33.152 42.454 53.835 62.487 68.896 72.220 55.058 48.799 46.218 42.303 37.313 33.438 31.483 26.180 21.602 20.392 19.945 19.068 21.271 20.089 23.157 22.720 31.679 42.828 63.469 93.003 110.700 130.877 167.136 140.589 133.740 97.390
-999.250 -999.250 -999.250 -999.250 -999.250 -999.250 -999.250 -999.250 -999.250 -999.250 -999.250 -999.250 -999.250 -999.250 -999.250 -999.250 -999.250 -999.250 -999.250 -999.250 -999.250 -999.250 -999.250 -999.250 -999.250 -999.250 -999.250 -999.250 -999.250 -999.250 9.782 13.830 14.440 12.607 16.287 22.042 33.691 44.115 62.052 73.186 94.256 81.586 68.529 66.448 47.605 48.390 39.721 40.229 32.229 25.792 28.125 25.627 24.879 26.178 23.972 22.465 22.775 27.449 34.957 48.107 62.774 87.511 98.681 132.608 155.681 137.539 139.337 98.986
-999.250 -999.250 -999.250 -999.250 -999.250 -999.250 -999.250 -999.250 -999.250 -999.250 -999.250 -999.250 -999.250 -999.250 -999.250 -999.250 -999.250 -999.250 -999.250 -999.250 -999.250 -999.250 -999.250 -999.250 -999.250 -999.250 -999.250 -999.250 -999.250 9.827 10.253 10.575 9.046 14.813 15.910 21.712 30.006 42.802 58.327 80.370 81.550 83.133 69.636 66.201 57.270 49.226 53.309 40.870 36.991 32.227 34.224 30.930 27.376 25.137 26.673 22.162 24.522 30.604 36.821 47.158 60.733 85.462 92.798 95.173 117.992 136.834 117.255 83.393
-999.250 -999.250 -999.250 -999.250 -999.250 -999.250 -999.250 -999.250 -999.250 -999.250 -999.250 -999.250 -999.250 -999.250 -999.250 -999.250 -999.250 -999.250 -999.250 -999.250 -999.250 -999.250 -999.250 -999.250 -999.250 -999.250 -999.250 -999.250 -999.250 8.578 11.151 9.190 7.439 10.764 15.699 20.983 32.427 41.925 49.640 61.872 72.412 72.567 70.517 80.070 64.504 54.037 51.552 54.922 50.902 43.770 40.373 34.812 31.653 27.388 24.116 23.479 22.415 28.671 32.576 41.172 57.339 79.495 77.839 91.815 109.500 113.991 99.085 82.058
-999.250 -999.250 -999.250 -999.250 -999.250 -999.250 -999.250 -999.250 -999.250 -999.250 -999.250 -999.250 -999.250 -999.250 -999.250 -999.250 -999.250 -999.250 -999.250 -999.250 -999.250 -999.250 -999.250 -999.250 -999.250 -999.250 -999.250 -999.250 -999.250 6.419 6.688 8.005 6.371 9.203 15.391 19.594 27.338 34.695 46.969 67.300 69.996 73.537 72.042 78.910 66.631 70.480 78.503 69.713 59.892 51.884 45.730 38.166 34.166 29.210 24.481 24.179 25.074 27.665 33.577 39.218 51.306 60.758 71.378 88.788 82.921 99.569 85.392 74.210
-999.250 -999.250 -999.250 -999.250 -999.250 -999.250 -999.250 -999.250 -999.250 -999.250 -999.250 -999.250 -999.250 -999.250 -999.250 -999.250 -999.250 -999.250 -999.250 -999.250 -999.250 -999.250 -999.250 -999.250 -999.250 -999.250 -999.250 -999.250 -999.250 6.330 6.704 6.301 7.375 9.592 13.378 17.534 23.673 29.386 40.904 55.815 70.048 80.380 84.478 83.315 82.306 72.669 87.760 79.720 69.816 58.157 47.050 42.727 38.427 29.203 24.201 23.530 25.116 26.094 32.584 38.879 45.466 57.989 59.523 74.276 75.256 77.380 70.950 62.380
-999.250 -999.250 -999.250 -999.250 -999.250 -999.250 -999.250 -999.250 -999.250 -999.250 -999.250 -999.250 -999.250 -999.250 -999.250 -999.250 -999.250 -999.250 -999.250 -999.250 -999.250 -999.250 -999.250 -999.250 -999.250 -999.250 -999.250 -999.250 6.559 6.932 7.916 8.961 11.009 13.507 14.061 17.493 21.597 28.001 39.185 52.999 71.794 84.018 92.787 87.099 93.937 103.737 112.883 97.190 87.463 78.361 63.009 53.781 36.600 28.716 23.339 20.393 22.725 26.278 34.708 40.213 47.386 52.816 59.404 67.519 68.486 73.382 62.816 45.990
-999.250 -999.250 -999.250 -999.250 -999.250 -999.250 -999.250 -999.250 -999.250 -999.250 -999.250 -999.250 -999.250 -999.250 -999.250 -999.250 -999.250 -999.250 -999.250 -999.250 -999.250 -999.250 -999.250 -999.250 -999.250 -999.250 -999.250 -999.250 10.098 9.274 9.408 12.197 13.996 13.651 14.296 18.136 21.208 24.865 35.098 61.112 84.023 106.452 112.318 148.135 145.120 143.473 156.523 114.761 106.824 88.457 70.197 57.504 35.161 24.200 17.138 15.859 17.564 23.953 30.852 39.998 46.295 46.444 53.710 67.532 60.087 51.584 42.984 43.666
-999.250 -999.250 -999.250 -999.250 -999.250 -999.250 -999.250 -999.250 -999.250 -999.250 -999.250 -999.250 -999.250 -999.250 -999.250 -999.250 -999.250 -999.250 -999.250 -999.250 -999.250 -999.250 -999.250 -999.250 -999.250 -999.250 -999.250 9.843 10.228 13.560 13.894 14.805 16.691 15.521 15.478 21.379 23.914 26.887 31.716 66.628 92.376 115.628 144.613 164.078 176.559 179.064 171.316 160.652 121.246 97.004 77.736 56.882 35.342 20.764 10.711 11.685 15.505 22.689 28.184 35.304 44.190 46.668 55.791 51.749 50.315 46.242 41.928 34.314
-999.250 -999.250 -999.250 -999.250 -999.250 -999.250 -999.250 -999.250 -999.250 -999.250 -999.250 -999.250 -999.250 -999.250 -999.250 -999.250 -999.250 -999.250 -999.250 -999.250 -999.250 -999.250 -999.250 -999.250 -999.250 -999.250 -999.250 11.353 10.271 12.953 15.891 16.821 17.107 18.544 20.292 25.543 27.136 34.614 47.862 77.164 106.316 140.909 174.880 190.246 209.080 211.092 194.898 177.708 149.118 88.677 91.911 60.623 32.448 19.316 0.000 7.448 18.793 24.120 32.741 36.290 44.235 45.835 51.628 45.397 45.844 42.257 40.827 36.710
-999.250 -999.250 -999.250 -999.250 -999.250 -999.250 -999.250 -999.250 -999.250 -999.250 -999.250 -999.250 -999.250 -999.250 -999.250 -999.250 -999.250 -999.250 -999.250 -999.250 -999.250 -999.250 -999.250 -999.250 -999.250 -999.250 -999.250 5.729 11.731 11.693 16.998 18.362 19.348 21.654 24.888 28.915 37.899 48.391 63.465 94.449 154.207 164.588 216.575 222.132 237.052 232.522 200.326 189.773 156.777 122.185 94.350 56.993 36.423 19.945 10.231 12.523 18.738 28.371 40.868 45.576 51.461 56.307 47.679 47.117 43.938 41.164 41.410 37.360
-999.250 -999.250 -999.250 -999.250 -999.250 -999.250 -999.250 -999.250 -999.250 -999.250 -999.250 -999.250 -999.250 -999.250 -999.250 -999.250 -999.250 -999.250 -999.250 -999.250 -999.250 -999.250 -999.250 -999.250 -999.250 -999.250 -999.250 1.891 7.482 14.936 18.724 22.180 21.819 27.262 29.880 36.869 42.008 50.842 82.529 97.408 155.371 206.752 229.404 248.580 264.916 265.708 239.386 223.814 185.227 130.566 98.601 75.605 38.535 22.679 16.011 18.274 21.672 36.369 42.603 56.121 64.066 65.427 54.618 47.702 45.354 43.823 39.002 34.086
-999.250 -999.250 -999.250 -999.250 -999.250 -999.250 -999.250 -999.250 -999.250 -999.250 -999.250 -999.250 -999.250 -999.250 -999.250 -999.250 -999.250 -999.250 -999.250 -999.250 -999.250 -999.250 -999.250 -999.250 -999.250 -999.250 -999.250 -999.250 7.644 14.681 17.333 20.710 25.794 27.274 31.693 38.193 42.747 60.989 93.975 130.137 177.693 209.394 248.344 294.250 290.881 305.725 288.072 246.271 194.484 145.812 98.881 64.416 37.068 22.300 17.802 21.059 24.054 39.435 57.837 66.145 85.554 77.041 55.033 50.181 45.056 45.567 40.994 35.896
-999.250 -999.250 -999.250 -999.250 -999.250 -999.250 -999.250 -999.250 -999.250 -999.250 -999.250 -999.250 -999.250 -999.250 -999.250 -999.250 -999.250 -999.250 -999.250 -999.250 -999.250 -999.250 -999.250 -999.250 -999.250 -999.250 -999.250 -999.250 4.060 9.732 14.498 17.555 22.695 25.844 32.039 36.402 42.911 53.029 85.702 149.862 203.511 231.632 287.444 334.105 344.117 343.604 332.144 273.183 220.820 151.303 104.793 57.049 34.509 20.669 18.611 19.107 26.711 37.673 55.298 81.262 105.125 81.083 70.208 59.831 48.475 44.288 41.262 36.147
-999.250 -999.250 -999.250 -999.250 -999.250 -999.250 -999.250 -999.250 -999.250 -999.250 -999.250 -999.250 -999.250 -999.250 -999.250 -999.250 -999.250 -999.250 -999.250 -999.250 -999.250 -999.250 -999.250 -999.250 -999.250 -999.250 -999.250 -999.250 2.290 4.917 10.726 14.533 18.698 24.205 28.763 31.607 42.278 53.266 85.383 144.901 199.013 243.150 301.269 405.485 464.622 485.179 395.677 287.510 224.811 156.009 86.435 50.042 28.848 17.774 16.094 17.485 22.704 34.989 49.624 70.774 80.060 74.616 69.571 57.539 45.028 39.483 34.864 31.844
-999.250 -999.250 -999.250 -999.250 -999.250 -999.250 -999.250 -999.250 -999.250 -999.250 -999.250 -999.250 -999.250 -999.250 -999.250 -999.250 -999.250 -999.250 -999.250 -999.250 -999.250 -999.250 -999.250 -999.250 -999.250 -999.250 -999.250 -999.250 2.412 6.354 9.593 10.033 13.587 17.420 22.130 25.053 33.414 48.641 67.861 110.324 199.445 235.023 292.514 357.342 480.008 518.807 445.773 300.979 232.595 143.373 92.809 31.476 18.906 10.177 10.791 15.713 21.499 32.743 38.355 51.567 66.774 64.101 62.155 43.533 42.839 41.210 32.627 28.103
-999.250 -999.250 -999.250 -999.250 -999.250 -999.250 -999.250 -999.250 -999.250 -999.250 -999.250 -999.250 -999.250 -999.250 -999.250 -999.250 -999.250 -999.250 -999.250 -999.250 -999.250 -999.250 -999.250 -999.250 -999.250 -999.250 -999.250 -999.250 1.158 7.278 9.534 10.647 11.244 15.168 17.730 21.785 29.992 37.570 53.120 85.340 171.111 231.902 278.036 356.525 470.587 469.204 376.750 254.837 208.002 141.295 62.821 27.607 13.912 4.235 6.379 11.688 16.062 21.639 29.319 46.022 47.116 49.294 49.824 42.794 40.586 34.746 31.300 27.144
-999.250 -999.250 -999.250 -999.250 -999.250 -999.250 -999.250 -999.250 -999.250 -999.250 -999.250 -999.250 -999.250 -999.250 -999.250 -999.250 -999.250 -999.250 -999.250 -999.250 -999.250 -999.250 -999.250 -999.250 -999.250 -999.250 -999.250 0.000 1.809 3.762 7.560 9.234 10.750 12.733 17.312 18.715 22.922 28.199 36.860 46.729 120.071 208.870 244.528 319.976 314.299 328.632 279.265 234.740 168.846 88.727 44.975 23.006 8.755 2.704 2.077 4.387 9.208 15.970 25.660 32.834 38.028 42.746 41.116 40.091 33.300 33.030 32.399 26.946
-999.250 -999.250 -999.250 -999.250 -999.250 -999.250 -999.250 -999.250 -999.250 -999.250 -999.250 -999.250 -999.250 -999.250 -999.250 -999.250 -999.250 -999.250 -999.250 -999.250 -999.250 -999.250 -999.250 -999.250 -999.250 -999.250 -999.250 0.000 0.595 6.313 6.709 8.165 10.577 11.860 11.102 15.606 18.559 23.882 35.075 56.377 104.286 186.344 225.422 263.625 251.266 244.814 234.499 191.642 113.373 56.458 28.928 12.000 3.504 0.000 4.417 0.615 1.264 7.550 17.881 29.310 36.723 39.342 42.992 35.642 37.025 30.538 30.042 24.987
-999.250 -999.250 -999.250 -999.250 -999.250 -999.250 -999.250 -999.250 -999.250 -999.250 -999.250 -999.250 -999.250 -999.250 -999.250 -999.250 -999.250 -999.250 -999.250 -999.250 -999.250 -999.250 -999.250 -999.250 -999.250 -999.250 -999.250 1.898 1.689 3.717 4.878 5.752 6.255 8.950 12.694 13.207 19.261 26.287 35.808 57.816 97.379 141.535 185.622 208.310 193.713 183.478 163.821 130.348 69.280 18.529 11.193 1.939 0.000 1.798 1.149 5.034 0.637 0.000 18.674 29.127 39.796 42.827 36.978 37.949 35.246 35.016 32.010 24.124
-999.250 -999.250 -999.250 -999.250 -999.250 -999.250 -999.250 -999.250 -999.250 -999.250 -999.250 -999.250 -999.250 -999.250 -999.250 -999.250 -999.250 -999.250 -999.250 -999.250 -999.250 -999.250 -999.250 -999.250 -999.250 -999.250 3.842 1.506 2.635 4.408 4.650 6.670 5.762 8.619 11.526 14.266 20.615 24.693 36.831 54.004 94.883 126.926 129.819 155.871 137.916 122.068 119.122 85.775 42.124 18.328 4.359 0.015 2.513 7.592 6.539 9.384 10.244 16.804 28.090 33.761 44.447 42.889 40.846 36.401 33.456 32.620 29.504 23.032
-999.250 -999.250 -999.250 -999.250 -999.250 -999.250 -999.250 -999.250 -999.250 -999.250 -999.250 -999.250 -999.250 -999.250 -999.250 -999.250 -999.250 -999.250 -999.250 -999.250 -999.250 -999.250 -999.250 -999.250 -999.250 -999.250 7.688 4.040 5.118 7.492 5.396 5.337 7.416 8.910 9.293 12.517 19.487 24.407 31.008 47.219 74.281 83.020 107.273 97.514 92.111 93.608 76.478 46.099 32.581 18.305 10.741 0.489 6.678 9.007 15.006 19.701 22.374 30.641 44.188 46.652 43.732 41.138 36.594 39.609 38.961 31.688 26.667 22.709
