data/medianmodel_20-Aug-2020.asc
ncols	141
nrows	288
xllcorner	-120191.398
yllcorner	-301404.813
cellsize	2000.000
NODATA_value	-999.250
[rows 155 to 185 of 288, columns 0 to 68 of 141]
-999.250 -999.250 -999.250 -999.250 -999.250 -999.250 -999.250 2.535 1.541 0.060 0.329 0.000 0.307 0.473 2.913 4.818 6.057 7.829 10.093 13.420 17.904 20.457 22.987 23.674 25.737 29.442 21.160 14.741 12.169 8.311 6.107 4.168 2.175 0.711 0.423 2.265 4.485 7.090 10.626 14.043 19.267 25.263 29.028 29.697 26.679 23.139 17.509 15.507 14.462 15.873 16.118 16.584 17.826 21.402 18.735 18.857 17.239 16.499 14.121 12.263 10.297 6.787 5.086 2.205 0.000 0.000 0.000 0.000 0.000
-999.250 -999.250 -999.250 -999.250 -999.250 -999.250 -999.250 5.817 5.133 3.835 3.077 0.042 0.053 0.000 0.000 2.843 7.100 11.958 16.757 23.307 27.481 30.912 32.686 32.459 31.297 28.935 26.157 19.316 14.482 11.431 8.184 5.079 3.792 1.156 1.081 2.248 4.238 5.350 9.022 12.610 15.968 20.435 23.168 23.320 22.010 18.423 16.285 15.922 15.920 17.303 19.126 22.915 22.811 24.876 25.166 25.135 23.868 23.143 22.251 16.955 14.344 10.269 7.983 6.518 2.539 0.000 0.000 0.000 0.000
-999.250 -999.250 -999.250 -999.250 -999.250 -999.250 -999.250 9.815 10.444 9.803 7.147 4.928 0.847 0.000 0.000 0.669 8.872 17.137 26.034 34.223 40.971 42.774 42.703 41.343 38.027 34.651 30.004 24.665 17.472 13.299 9.827 7.091 5.022 3.504 1.595 1.810 3.869 4.841 7.789 9.720 13.183 15.787 17.435 17.981 18.467 17.817 17.367 17.452 18.131 22.577 24.303 26.792 30.036 31.733 32.290 34.289 30.950 31.683 29.298 25.111 20.910 16.219 14.378 10.672 7.197 3.832 0.000 0.000 0.000
-999.250 -999.250 -999.250 -999.250 -999.250 -999.250 -999.250 17.396 17.651 16.276 12.801 8.574 3.166 0.000 0.000 2.137 11.161 23.798 35.441 46.647 55.794 58.114 56.172 50.071 43.937 39.690 33.111 27.641 21.455 16.235 12.475 8.596 5.554 3.756 4.084 2.512 3.599 5.290 6.048 7.758 10.021 12.719 14.886 15.682 16.071 17.178 18.254 21.484 23.773 26.439 27.795 32.255 33.434 40.198 43.009 43.162 42.787 42.043 38.367 33.429 29.883 24.995 22.659 17.616 14.292 9.473 5.187 0.000 0.000
-999.250 -999.250 -999.250 -999.250 -999.250 -999.250 -999.250 -999.250 26.999 27.374 22.426 14.195 7.399 2.107 0.000 0.000 13.134 31.387 46.850 59.225 70.562 72.685 68.229 59.704 54.863 44.203 38.228 31.198 25.690 18.428 13.984 9.955 6.328 4.280 4.101 4.338 4.905 5.752 5.724 7.047 9.126 11.384 12.734 13.809 14.933 18.118 19.489 22.918 27.489 31.438 34.307 42.665 43.784 50.065 56.462 57.300 58.538 57.682 53.582 43.729 41.411 38.841 31.402 26.951 22.978 17.941 11.399 4.699 0.000
-999.250 -999.250 -999.250 -999.250 -999.250 -999.250 -999.250 -999.250 33.657 42.545 30.017 19.948 12.608 6.449 0.928 0.000 19.150 41.432 60.843 75.004 81.547 82.628 75.751 68.224 60.905 52.318 41.506 33.500 26.583 21.315 13.914 10.087 6.616 4.747 5.400 6.228 7.104 7.108 5.691 6.380 8.267 14.166 12.372 12.870 15.511 19.825 24.548 28.650 33.305 40.125 44.485 55.189 57.907 58.833 66.413 73.657 73.669 72.142 68.818 59.991 57.600 49.474 43.426 40.112 32.938 33.347 17.457 8.364 2.350
-999.250 -999.250 -999.250 -999.250 -999.250 -999.250 -999.250 33.922 36.154 38.512 32.242 27.069 19.316 15.678 12.178 16.491 31.992 52.533 73.679 90.144 102.758 100.864 87.107 75.433 65.254 54.669 42.680 36.018 27.707 21.830 13.956 9.721 6.939 5.491 4.503 6.747 13.932 7.837 6.199 6.500 8.289 10.261 11.764 13.863 18.104 24.124 30.626 34.303 41.758 47.438 57.772 68.030 72.386 77.225 81.664 83.784 85.266 86.094 82.823 76.815 70.166 65.773 58.035 47.670 42.441 34.129 24.056 13.289 5.463
-999.250 -999.250 -999.250 -999.250 -999.250 -999.250 -999.250 35.980 36.865 36.415 33.994 31.825 27.147 24.579 25.774 31.937 43.975 61.550 80.279 103.366 131.646 112.183 92.670 75.775 64.639 54.726 43.222 33.251 27.345 20.892 13.560 9.851 6.622 4.282 3.767 4.695 7.027 7.095 8.185 6.981 7.009 9.169 12.318 15.812 21.833 31.045 35.489 42.306 49.169 58.845 66.124 77.205 88.697 89.031 99.879 107.798 108.575 110.147 100.238 92.829 86.895 79.186 76.515 63.623 53.757 41.610 28.891 16.345 7.637
-999.250 -999.250 -999.250 -999.250 -999.250 -999.250 -999.250 37.189 38.924 39.848 38.775 35.035 33.250 32.977 34.593 42.654 53.691 66.736 81.080 100.335 115.157 104.662 89.923 75.104 61.485 52.773 43.183 35.275 28.127 21.227 13.535 9.842 5.634 3.578 0.667 1.425 4.236 6.056 13.306 7.555 8.652 10.170 13.187 18.516 25.377 33.245 42.873 54.067 59.045 68.641 80.154 97.670 98.593 111.675 114.751 128.424 133.243 128.805 124.028 123.552 115.098 99.474 93.638 79.132 68.924 54.864 39.019 24.777 11.458
-999.250 -999.250 -999.250 -999.250 -999.250 -999.250 -999.250 39.562 41.779 41.925 42.620 41.390 40.602 40.901 41.824 48.079 56.166 69.429 76.401 85.947 90.072 86.363 76.990 71.291 58.402 51.722 42.817 34.832 28.478 21.419 14.107 9.318 4.785 0.995 0.000 0.000 0.362 3.760 6.033 6.076 7.365 9.952 14.875 24.123 31.415 39.886 54.946 60.864 70.102 78.563 96.768 117.416 124.375 127.717 135.617 153.989 149.186 162.490 154.098 153.067 129.047 123.960 122.660 110.873 87.145 65.328 46.395 33.368 17.620
-999.250 -999.250 -999.250 -999.250 -999.250 -999.250 41.224 40.395 42.668 44.450 44.054 44.730 44.115 44.203 45.895 50.596 55.470 61.444 68.073 74.203 75.880 74.487 67.596 59.186 53.682 46.415 41.874 37.153 28.649 20.270 14.118 12.582 4.949 0.440 0.000 0.000 0.000 0.246 2.970 4.410 6.677 10.023 17.988 26.744 38.727 45.633 59.944 71.747 78.333 92.714 112.646 123.951 130.664 147.406 169.978 177.435 200.625 200.187 186.288 176.859 177.583 145.566 139.156 124.071 101.974 78.348 66.234 43.445 24.618
-999.250 -999.250 -999.250 -999.250 -999.250 -999.250 42.780 43.331 43.557 46.515 49.957 52.757 49.174 50.956 49.723 51.455 56.594 56.885 60.584 59.788 61.843 58.487 55.275 48.948 44.070 42.488 41.527 38.164 29.703 19.480 12.694 7.905 3.912 0.000 0.000 0.000 0.000 0.000 0.000 4.142 6.547 13.182 22.010 32.972 44.852 56.614 72.575 82.180 96.215 104.344 123.916 127.554 153.761 168.643 183.986 208.537 208.329 241.151 215.015 202.082 200.981 182.268 177.704 173.193 128.843 101.440 77.336 53.097 31.001
-999.250 -999.250 -999.250 -999.250 -999.250 41.284 42.989 44.600 46.680 52.181 55.046 57.173 55.705 53.180 51.817 52.250 54.125 54.221 53.773 53.121 49.010 43.870 42.730 40.657 37.011 37.301 38.340 44.022 29.370 19.460 11.633 5.902 1.983 0.000 0.000 0.000 0.000 0.000 0.000 1.563 5.631 12.912 24.290 34.284 51.165 58.266 77.068 94.323 115.581 125.782 127.380 145.510 183.545 202.582 275.757 276.389 277.088 331.964 283.477 319.697 243.273 217.070 193.524 163.224 142.273 127.393 99.443 64.396 35.247
-999.250 -999.250 -999.250 -999.250 -999.250 43.374 43.827 46.064 48.092 54.507 58.053 67.490 57.753 54.073 52.381 47.518 44.889 44.857 43.032 41.477 40.507 34.531 31.632 29.773 30.078 30.306 31.218 30.562 24.262 16.056 11.141 5.871 2.697 0.000 0.000 0.000 0.000 0.000 0.000 0.271 4.712 12.028 22.889 35.517 55.126 68.277 82.034 106.185 128.841 139.440 158.293 190.897 217.314 256.109 302.805 394.026 371.783 383.443 393.749 356.717 327.891 288.068 216.090 193.075 175.620 144.714 123.128 82.984 47.922
-999.250 -999.250 -999.250 -999.250 42.488 43.051 44.276 48.639 50.100 53.785 56.612 58.322 57.269 53.499 49.645 45.371 43.637 41.416 36.837 31.686 28.681 25.860 23.976 22.120 22.126 23.615 23.867 21.576 18.540 13.432 9.295 5.487 1.731 0.000 0.000 0.000 0.000 0.000 0.000 0.000 4.241 9.739 24.296 38.842 56.031 73.771 93.443 121.695 146.430 167.935 190.726 206.222 258.191 286.633 352.602 435.246 457.199 524.932 428.719 449.450 418.372 373.706 318.526 247.476 211.605 168.929 129.021 100.260 62.699
-999.250 -999.250 -999.250 -999.250 42.247 43.528 45.466 47.499 49.837 52.490 55.127 54.480 54.423 52.673 47.238 43.452 40.014 34.983 30.913 26.347 21.017 18.030 18.160 15.189 15.529 17.099 17.496 15.544 13.851 11.310 6.779 4.091 2.571 0.000 0.000 0.000 0.000 0.000 0.000 0.000 2.661 9.792 22.406 36.854 56.885 75.644 110.160 133.130 161.611 186.706 213.509 260.661 339.936 390.554 477.361 482.501 565.226 562.278 548.314 562.749 494.080 460.411 420.445 386.136 271.373 189.026 170.828 123.340 76.522
-999.250 -999.250 -999.250 -999.250 41.916 43.133 45.325 45.787 48.687 49.140 50.950 51.884 47.483 47.582 44.580 42.528 39.648 32.586 26.962 20.105 16.431 12.785 11.737 12.137 12.983 12.982 13.731 13.376 10.908 8.810 5.971 3.893 0.849 1.256 3.261 3.140 0.000 0.000 0.000 0.000 0.028 7.608 17.423 32.087 57.914 81.522 108.181 146.728 177.882 196.367 261.610 336.201 349.708 474.912 560.534 594.411 600.468 695.002 716.563 645.625 561.038 572.881 476.620 457.663 369.385 255.038 189.874 147.521 108.599
-999.250 -999.250 -999.250 -999.250 42.361 43.830 45.966 50.832 48.156 49.863 49.417 45.969 46.107 45.733 43.485 42.525 41.134 31.696 22.998 15.852 11.540 9.440 9.801 10.068 12.035 11.886 12.995 12.611 10.732 9.157 5.442 3.620 1.647 2.156 3.951 9.392 1.643 0.000 0.000 0.000 0.000 4.934 15.415 34.838 55.587 77.672 123.013 159.973 193.739 214.478 325.720 397.813 454.098 507.446 596.255 720.299 725.321 815.834 791.049 746.177 625.165 553.262 548.245 544.444 445.105 335.082 206.979 180.962 126.360
-999.250 -999.250 -999.250 -999.250 42.204 42.566 45.688 47.469 47.267 51.461 46.915 45.986 44.653 43.555 42.263 42.370 46.944 30.255 19.111 13.142 9.830 9.429 10.106 12.062 12.684 12.877 12.844 12.576 9.564 8.892 5.956 2.944 0.761 0.910 0.712 2.106 0.000 0.000 0.000 0.000 0.000 3.200 11.551 29.080 53.852 83.202 128.487 177.631 200.122 260.580 415.789 503.023 543.059 593.868 663.306 756.210 890.508 902.448 825.133 790.180 747.615 720.115 647.296 595.592 536.391 434.361 280.306 217.225 168.958
-999.250 -999.250 -999.250 -999.250 40.346 43.402 46.314 46.541 47.218 46.622 45.552 43.310 43.014 42.138 41.004 38.944 33.546 26.188 16.795 12.977 11.184 12.628 13.229 14.674 14.518 14.784 15.122 13.170 10.590 7.783 6.546 3.312 0.000 0.000 0.000 0.000 0.000 0.000 0.000 0.000 0.000 0.000 6.584 22.357 46.878 80.749 125.642 173.376 205.549 279.976 456.611 492.818 635.172 705.173 814.498 861.132 923.880 1024.878 971.353 913.728 878.521 769.934 712.760 635.341 580.146 459.150 414.929 295.457 186.427
-999.250 -999.250 -999.250 -999.250 42.018 42.907 45.687 49.712 46.907 44.430 43.257 43.165 41.608 38.586 37.633 32.959 27.530 22.647 17.427 14.076 14.679 17.910 19.563 20.316 19.096 19.336 17.754 16.069 13.396 10.829 7.378 4.426 0.185 0.000 0.000 0.000 0.000 0.000 0.000 0.000 0.000 0.000 0.532 12.964 43.823 85.961 131.545 174.325 218.030 318.094 419.259 561.033 683.803 778.200 807.938 928.864 1012.620 1116.632 1065.629 991.004 934.398 843.137 773.569 685.375 556.750 552.524 381.122 285.593 193.651
-999.250 -999.250 -999.250 -999.250 41.083 42.631 45.536 56.593 47.987 44.285 43.325 41.809 39.410 37.986 33.394 30.171 26.784 22.694 21.537 22.301 24.860 26.419 27.924 26.882 25.423 24.169 22.604 18.466 14.700 12.046 9.661 5.559 0.577 0.000 0.000 0.000 0.000 0.000 0.000 0.000 0.000 0.000 0.000 5.724 42.624 92.809 138.519 188.363 231.952 321.573 458.765 608.529 687.186 796.228 849.092 993.605 1090.409 1184.147 1111.548 1038.376 1014.324 881.582 799.857 750.672 678.131 492.679 420.469 325.704 226.127
-999.250 -999.250 -999.250 -999.250 40.837 41.485 43.082 46.629 44.906 43.743 42.337 40.647 39.117 35.986 33.010 30.277 27.412 26.720 29.987 33.098 36.138 37.290 35.152 32.247 32.020 29.500 26.454 21.111 18.037 13.887 10.526 6.221 2.836 0.000 0.000 0.000 0.000 0.000 0.000 0.000 0.000 0.000 2.021 17.547 46.744 94.205 130.789 164.307 224.450 269.379 407.025 596.771 672.087 792.128 903.142 993.909 1052.783 1144.096 1098.590 1038.129 990.014 909.284 840.318 753.376 696.613 582.085 497.594 389.225 318.006
-999.250 -999.250 -999.250 -999.250 36.659 40.901 42.325 42.877 42.742 42.561 41.320 41.806 39.496 35.835 33.074 32.366 30.873 31.963 35.859 44.964 53.220 48.871 44.350 40.587 35.482 33.249 29.928 26.149 20.936 16.862 12.601 7.712 4.440 0.020 0.000 0.000 0.000 0.000 0.000 0.000 0.000 0.111 9.957 28.652 57.319 97.850 130.668 182.579 197.974 277.332 410.148 548.195 618.669 711.176 859.106 966.609 1031.157 1079.050 1065.360 998.358 918.901 887.473 839.014 760.152 699.741 585.689 505.564 392.712 308.057
-999.250 -999.250 -999.250 34.038 37.040 38.691 41.832 42.270 42.772 43.020 43.600 42.405 41.462 37.711 34.392 34.548 34.455 37.663 42.529 56.592 71.853 58.496 47.338 43.276 39.673 34.344 32.246 28.142 23.728 19.675 14.729 9.722 6.006 2.511 0.000 0.000 0.000 0.000 0.000 0.000 0.000 5.854 16.953 35.290 69.129 104.181 132.960 181.384 205.343 269.947 452.015 491.830 628.787 707.551 826.786 895.472 980.287 983.382 965.876 939.567 866.929 839.556 766.083 716.719 630.715 542.883 470.146 421.044 280.922
-999.250 -999.250 -999.250 33.681 35.598 38.884 40.757 42.580 43.941 45.208 45.179 44.654 42.987 42.077 38.584 36.632 37.655 39.751 44.112 53.971 57.697 56.273 50.031 43.616 41.773 36.802 33.369 30.695 28.025 22.631 17.793 12.959 6.878 3.879 0.000 0.000 0.000 0.000 0.000 0.000 0.160 9.058 25.650 43.689 73.448 108.151 130.041 172.708 208.190 311.433 373.854 464.662 540.964 664.415 758.755 836.992 896.147 914.878 900.605 916.705 856.175 797.636 746.599 687.067 565.750 530.809 445.759 369.474 223.369
-999.250 -999.250 -999.250 32.981 35.125 37.325 41.029 42.008 44.194 45.829 47.855 48.654 46.773 44.403 42.602 42.060 40.336 41.450 43.274 47.543 52.798 50.866 45.581 42.748 40.902 36.977 33.860 32.038 30.307 27.298 22.017 14.833 8.606 4.612 0.000 0.000 0.000 0.000 0.000 0.000 2.011 11.475 25.554 44.066 75.367 100.299 131.016 169.676 199.193 340.209 373.460 451.136 490.861 603.632 730.892 753.423 843.749 830.732 875.763 872.148 783.371 783.792 692.410 622.977 523.302 457.093 416.131 291.667 208.250
-999.250 -999.250 29.481 31.927 33.639 36.751 40.315 42.288 44.764 52.094 54.233 54.778 55.460 52.937 49.799 42.844 41.318 40.101 42.386 43.875 45.377 44.517 42.802 41.073 37.375 35.993 34.269 33.068 33.547 31.834 26.047 16.841 11.710 5.610 0.661 0.000 0.000 0.000 0.000 0.000 4.031 12.818 27.057 45.922 75.360 100.658 126.858 165.410 194.657 272.065 387.299 410.560 447.674 519.379 634.437 698.681 693.489 728.178 797.550 769.624 744.530 662.636 656.145 546.307 450.534 420.948 288.549 205.939 188.282
-999.250 -999.250 30.609 31.741 33.999 36.149 39.693 42.784 47.398 52.810 56.186 58.176 59.883 60.242 57.412 49.864 42.334 39.855 40.270 41.684 -999.250 41.842 41.647 40.605 36.744 34.943 34.147 33.536 35.419 42.481 29.080 19.035 12.740 6.390 2.106 0.000 0.000 0.000 0.000 0.000 4.545 14.037 31.497 53.767 75.470 100.537 130.423 158.686 182.794 233.843 329.107 469.334 429.826 490.386 566.358 616.082 659.571 615.919 645.960 643.788 651.889 621.686 507.540 417.662 368.439 309.550 205.220 180.722 142.834
-999.250 27.831 28.480 30.468 32.130 34.912 40.503 42.482 51.050 55.029 58.279 62.336 72.655 74.898 73.029 58.088 45.394 40.363 39.781 -999.250 -999.250 38.361 37.501 37.815 34.998 33.186 33.539 32.182 33.018 32.696 26.597 18.282 13.081 7.053 2.727 0.000 0.000 0.000 0.000 0.000 4.308 13.178 31.222 52.681 73.169 93.092 122.662 135.118 167.037 198.814 270.717 344.101 451.159 444.271 508.521 468.296 542.732 525.949 529.606 583.349 590.399 509.296 434.674 336.843 250.133 188.764 162.586 132.716 118.246
-999.250 26.869 27.857 30.211 32.093 35.120 39.894 42.209 47.825 56.444 58.686 63.447 74.042 79.403 91.486 67.142 49.248 41.312 -999.250 -999.250 -999.250 -999.250 33.261 32.137 31.862 30.159 30.623 30.992 29.620 26.745 23.552 17.891 11.843 7.143 3.559 0.000 0.000 0.000 0.000 0.000 3.945 12.426 26.367 46.332 62.265 83.388 109.123 128.289 146.993 180.516 224.284 328.524 386.996 423.098 453.378 467.427 472.093 514.575 500.498 561.057 516.760 410.029 326.292 232.790 182.512 134.142 120.235 89.698 77.346
