data/medianmodel_02-Jan-2021.asc
ncols	141
nrows	288
xllcorner	-120191.398
yllcorner	-301404.813
cellsize	2000.000
NODATA_value	-999.250
[rows 87 to 115 of 288, columns 65 to 129 of 141]
390.575 413.331 444.949 504.465 549.299 645.360 682.003 782.536 903.311 1009.204 1089.643 1122.310 1245.545 1119.305 1011.878 892.181 899.392 913.699 925.771 881.638 904.176 873.210 844.713 776.735 765.125 721.826 715.627 720.871 780.844 791.879 831.888 835.681 894.167 872.810 837.456 799.301 761.146 733.380 662.724 578.922 509.836 463.100 425.155 351.535 280.705 203.958 138.969 95.280 50.802 -999.250 -999.250 -999.250 -999.250 -999.250 -999.250 -999.250 -999.250 -999.250 -999.250 -999.250 -999.250 -999.250 -999.250 -999.250 -999.250
378.035 420.464 458.055 483.272 520.523 595.595 630.266 689.447 810.590 902.876 977.297 949.695 973.160 939.238 864.723 782.255 744.352 684.427 694.035 695.846 746.455 707.010 689.834 696.195 705.619 692.464 704.886 709.904 711.638 774.975 784.733 838.033 885.319 824.434 805.370 759.947 722.788 678.530 610.774 537.484 467.819 420.065 360.902 300.145 214.559 154.673 110.452 72.444 44.251 14.681 0.213 -999.250 -999.250 -999.250 -999.250 -999.250 -999.250 -999.250 -999.250 -999.250 -999.250 -999.250 -999.250 -999.250 -999.250
408.352 425.914 448.791 492.381 517.703 548.769 578.079 662.018 743.238 734.601 838.827 873.290 864.483 793.294 720.990 682.772 575.434 532.457 560.493 567.178 624.976 613.595 617.305 658.303 654.349 634.447 659.419 677.145 687.398 699.054 735.590 770.600 781.182 778.986 720.926 687.797 671.871 605.611 512.357 465.309 410.716 360.300 310.637 239.613 193.086 133.767 99.348 65.440 33.115 12.288 9.460 -999.250 -999.250 -999.250 -999.250 -999.250 -999.250 -999.250 -999.250 -999.250 -999.250 -999.250 -999.250 -999.250 -999.250
430.005 451.925 476.034 498.993 498.778 537.176 557.744 598.269 668.484 704.284 746.451 751.174 712.137 670.086 600.162 514.230 443.036 347.138 418.580 468.152 508.935 522.536 552.850 595.123 604.875 637.332 616.864 645.358 637.516 657.835 687.222 686.179 670.392 675.073 642.101 645.127 567.693 525.992 484.405 422.990 389.083 349.287 286.462 223.260 158.280 123.003 102.330 64.059 41.290 12.488 27.832 -999.250 -999.250 -999.250 -999.250 -999.250 -999.250 -999.250 -999.250 -999.250 -999.250 -999.250 -999.250 -999.250 -999.250
457.697 486.625 481.476 516.779 539.858 566.300 590.303 621.931 635.541 651.753 661.060 667.345 643.197 597.437 500.550 449.681 397.980 340.615 365.378 403.996 426.475 465.141 505.660 519.551 536.590 560.957 574.991 582.062 591.083 600.559 602.133 596.974 614.950 596.358 577.788 558.619 522.264 486.640 448.308 404.386 332.685 272.758 262.380 188.434 172.406 126.365 97.804 68.634 52.633 48.637 -999.250 -999.250 -999.250 -999.250 -999.250 -999.250 -999.250 -999.250 -999.250 -999.250 -999.250 -999.250 -999.250 -999.250 -999.250
502.937 532.368 544.579 566.977 569.880 589.177 609.869 623.504 632.717 630.795 608.382 600.376 560.196 512.619 454.226 428.962 372.955 349.046 352.046 375.925 408.673 441.047 461.591 487.910 520.499 532.969 521.533 535.463 517.188 543.447 543.109 551.123 552.198 537.931 523.150 479.654 461.364 443.391 422.221 351.777 331.742 275.223 251.578 197.441 155.353 126.124 103.382 88.683 70.895 72.019 -999.250 -999.250 -999.250 -999.250 -999.250 -999.250 -999.250 -999.250 -999.250 -999.250 -999.250 -999.250 -999.250 -999.250 -999.250
574.930 605.287 610.478 654.280 650.056 642.740 653.894 643.907 640.081 627.365 578.233 539.259 501.000 457.062 416.801 381.682 349.496 344.294 347.000 383.191 415.099 440.672 441.942 451.241 460.235 467.098 488.751 489.879 500.739 497.981 513.279 501.110 492.892 484.409 479.027 455.471 452.519 418.008 388.431 354.620 307.913 261.149 245.719 215.884 168.378 137.940 107.219 101.858 91.915 -999.250 -999.250 -999.250 -999.250 -999.250 -999.250 -999.250 -999.250 -999.250 -999.250 -999.250 -999.250 -999.250 -999.250 -999.250 -999.250
637.334 668.232 690.325 700.097 725.132 694.507 678.331 657.729 632.147 592.222 556.101 496.416 470.636 426.449 372.320 351.066 335.757 344.283 358.063 404.717 444.325 434.683 437.070 428.341 438.391 434.817 454.133 448.124 465.476 467.831 460.034 462.605 450.733 440.447 455.556 429.969 402.896 390.555 380.738 342.901 305.469 277.652 250.284 195.247 169.914 150.087 126.602 110.562 122.000 -999.250 -999.250 -999.250 -999.250 -999.250 -999.250 -999.250 -999.250 -999.250 -999.250 -999.250 -999.250 -999.250 -999.250 -999.250 -999.250
709.028 748.481 778.300 784.152 765.416 739.911 764.432 697.820 659.744 613.643 566.038 518.518 461.849 400.432 347.773 330.182 322.514 332.988 365.541 407.678 465.580 452.581 449.642 430.688 399.909 416.326 398.098 412.298 415.503 416.706 428.964 435.717 430.098 431.980 436.133 423.930 394.541 373.473 359.230 340.719 307.647 286.981 240.943 244.386 220.967 178.550 167.598 145.914 145.888 -999.250 -999.250 -999.250 -999.250 -999.250 -999.250 -999.250 -999.250 -999.250 -999.250 -999.250 -999.250 -999.250 -999.250 -999.250 -999.250
821.132 890.262 861.084 867.416 830.122 818.231 808.218 767.216 724.819 668.278 548.213 521.820 449.406 378.876 328.326 313.802 324.965 344.141 353.182 399.786 439.984 440.564 427.258 415.046 411.971 370.086 372.868 379.542 377.993 373.394 396.645 398.287 384.998 392.774 413.753 414.857 401.327 393.200 361.845 331.776 329.288 265.757 279.677 272.568 260.050 233.258 184.442 173.093 177.500 192.015 -999.250 -999.250 -999.250 -999.250 -999.250 -999.250 -999.250 -999.250 -999.250 -999.250 -999.250 -999.250 -999.250 -999.250 -999.250
942.018 968.175 974.778 940.635 967.545 900.232 899.790 862.529 777.614 671.946 617.456 546.479 469.731 404.810 345.392 300.346 310.049 340.163 359.926 389.084 407.769 392.360 390.607 386.272 373.527 366.118 359.839 348.793 349.284 359.729 382.387 370.279 370.547 391.262 427.545 426.076 399.923 384.279 365.393 350.768 328.125 308.614 294.203 304.011 309.172 268.499 271.729 223.766 253.647 228.730 251.757 -999.250 -999.250 -999.250 -999.250 -999.250 -999.250 -999.250 -999.250 -999.250 -999.250 -999.250 -999.250 -999.250 -999.250
1000.143 1026.474 1037.477 986.592 975.558 985.568 946.904 907.297 802.458 707.746 637.704 554.099 478.475 395.758 355.843 332.203 320.708 330.689 350.321 369.123 374.405 362.464 371.835 350.677 351.236 334.439 337.398 339.740 343.858 351.464 361.457 371.677 406.279 422.294 430.554 427.113 421.573 391.637 386.771 356.691 357.385 345.809 365.124 355.529 333.845 326.457 297.528 303.764 325.582 313.864 288.809 318.509 -999.250 -999.250 -999.250 -999.250 -999.250 -999.250 -999.250 -999.250 -999.250 -999.250 -999.250 -999.250 -999.250
1019.230 1024.600 1044.654 1016.304 1028.429 964.913 962.850 1012.829 858.903 740.762 636.120 544.272 449.486 413.284 366.775 350.993 326.727 343.490 343.520 360.881 367.586 353.893 337.544 338.632 336.874 333.510 331.433 336.765 337.867 371.988 370.182 397.982 419.116 440.620 448.029 459.425 440.024 433.892 431.104 387.341 408.613 401.494 385.047 396.209 368.980 340.759 354.574 351.086 357.997 329.882 344.563 -999.250 -999.250 -999.250 -999.250 -999.250 -999.250 -999.250 -999.250 -999.250 -999.250 -999.250 -999.250 -999.250 -999.250
1017.441 1066.330 1041.199 1011.687 1000.309 984.860 950.228 949.786 856.058 705.619 649.343 544.400 471.409 416.376 390.471 363.543 343.778 345.545 342.759 341.977 341.440 336.804 345.799 347.269 343.906 331.885 345.352 350.573 362.747 368.132 387.489 421.194 455.056 476.541 473.423 506.964 494.171 488.359 474.326 451.100 449.110 440.487 443.010 434.039 416.340 402.497 411.343 394.425 390.947 375.205 401.892 393.962 -999.250 -999.250 -999.250 -999.250 -999.250 -999.250 -999.250 -999.250 -999.250 -999.250 -999.250 -999.250 -999.250
981.040 1033.746 970.807 992.999 940.305 911.681 922.976 911.325 786.528 702.484 626.028 526.843 470.551 428.652 384.738 375.601 351.452 346.117 326.654 335.679 351.575 342.824 341.134 354.965 357.756 360.334 366.565 369.629 389.837 402.214 422.761 458.454 488.124 523.706 566.868 530.544 548.733 577.520 534.661 544.759 515.994 514.870 498.966 493.511 485.514 473.368 449.653 440.252 438.663 425.186 -999.250 -999.250 -999.250 -999.250 -999.250 -999.250 -999.250 -999.250 -999.250 -999.250 -999.250 -999.250 -999.250 -999.250 -999.250
953.731 990.875 954.221 966.982 946.487 878.335 848.189 837.986 727.855 662.600 592.784 533.862 477.569 420.261 396.964 355.660 350.109 339.674 326.965 334.363 350.989 349.571 359.147 358.400 368.567 372.190 375.082 404.930 432.441 432.741 459.432 523.491 555.514 585.517 590.382 614.765 631.833 635.341 663.106 631.508 631.633 596.907 587.808 575.446 556.183 506.345 482.842 495.288 484.053 -999.250 -999.250 -999.250 -999.250 -999.250 -999.250 -999.250 -999.250 -999.250 -999.250 -999.250 -999.250 -999.250 -999.250 -999.250 -999.250
904.223 928.481 927.376 865.338 891.636 830.060 788.149 729.284 682.482 606.635 549.154 519.523 477.274 426.375 395.907 379.500 350.728 339.511 339.319 341.440 340.959 363.516 393.272 366.787 379.653 396.338 396.381 431.773 456.573 496.678 554.361 582.917 635.260 659.523 666.513 693.509 689.276 730.863 734.665 721.157 686.881 679.691 676.235 610.600 645.312 609.638 563.143 551.184 521.119 -999.250 -999.250 -999.250 -999.250 -999.250 -999.250 -999.250 -999.250 -999.250 -999.250 -999.250 -999.250 -999.250 -999.250 -999.250 -999.250
848.536 835.096 841.333 806.158 827.462 763.191 689.516 687.810 608.342 547.398 530.010 478.538 452.398 423.479 394.743 364.582 340.167 334.230 341.978 333.837 351.030 362.380 370.391 390.896 393.731 420.711 437.645 464.385 496.423 554.986 606.660 624.046 673.099 690.479 746.246 781.850 797.690 798.357 821.001 812.668 809.969 771.910 756.315 715.860 685.881 672.130 668.610 621.159 -999.250 -999.250 -999.250 -999.250 -999.250 -999.250 -999.250 -999.250 -999.250 -999.250 -999.250 -999.250 -999.250 -999.250 -999.250 -999.250 -999.250
775.128 790.626 748.311 724.660 749.511 709.796 680.853 642.923 596.800 542.044 506.521 457.746 422.063 390.694 375.890 354.415 348.137 324.050 339.298 352.225 365.505 384.638 397.065 412.798 436.148 447.434 466.878 480.714 526.378 566.644 620.352 650.119 697.832 764.306 786.387 913.946 887.563 896.714 876.133 886.133 858.848 858.139 794.142 800.746 -999.250 -999.250 -999.250 -999.250 -999.250 -999.250 -999.250 -999.250 -999.250 -999.250 -999.250 -999.250 -999.250 -999.250 -999.250 -999.250 -999.250 -999.250 -999.250 -999.250 -999.250
710.744 708.782 675.080 647.468 659.487 631.019 595.835 554.591 532.371 533.049 478.638 443.135 418.050 399.424 359.684 360.170 350.306 344.123 351.239 355.059 381.922 396.653 411.796 440.384 454.718 467.705 489.491 514.036 537.344 621.562 668.654 696.224 765.928 815.879 908.166 948.239 996.770 1016.252 1002.133 936.853 956.186 905.355 -999.250 -999.250 -999.250 -999.250 -999.250 -999.250 -999.250 -999.250 -999.250 -999.250 -999.250 -999.250 -999.250 -999.250 -999.250 -999.250 -999.250 -999.250 -999.250 -999.250 -999.250 -999.250 -999.250
642.439 616.323 577.660 584.273 557.875 522.336 514.074 486.024 476.437 448.407 443.368 417.764 400.069 384.446 365.237 350.893 348.990 354.885 354.248 363.061 374.188 413.779 418.716 443.148 465.245 476.342 514.508 546.302 603.025 663.728 696.056 714.544 858.355 907.256 923.913 1012.634 1093.026 1070.300 1065.030 1012.348 981.080 961.352 -999.250 -999.250 -999.250 -999.250 -999.250 -999.250 -999.250 -999.250 -999.250 -999.250 -999.250 -999.250 -999.250 -999.250 -999.250 -999.250 -999.250 -999.250 -999.250 -999.250 -999.250 -999.250 -999.250
520.896 525.496 519.360 483.809 472.017 450.838 455.041 436.769 427.930 419.133 398.619 387.388 377.168 353.743 352.532 352.473 347.786 353.289 371.530 371.555 397.987 433.059 453.661 467.073 483.006 506.715 549.788 582.778 646.866 679.742 759.213 754.979 882.313 924.833 980.176 1046.557 1033.589 1120.544 1169.452 1105.944 1115.783 1013.159 -999.250 -999.250 -999.250 -999.250 -999.250 -999.250 -999.250 -999.250 -999.250 -999.250 -999.250 -999.250 -999.250 -999.250 -999.250 -999.250 -999.250 -999.250 -999.250 -999.250 -999.250 -999.250 -999.250
467.206 433.663 441.763 430.766 393.404 392.579 362.984 351.574 363.519 366.528 352.055 346.027 338.917 324.794 340.577 339.667 346.226 348.664 382.537 392.127 416.871 442.098 475.112 486.531 506.939 506.981 554.542 616.926 674.861 739.396 790.479 814.145 932.176 942.433 1039.010 1047.693 1148.740 1186.775 1303.891 1263.216 1215.213 1095.638 -999.250 -999.250 -999.250 -999.250 -999.250 -999.250 -999.250 -999.250 -999.250 -999.250 -999.250 -999.250 -999.250 -999.250 -999.250 -999.250 -999.250 -999.250 -999.250 -999.250 -999.250 -999.250 -999.250
379.985 370.538 353.714 338.390 331.326 316.147 313.339 278.141 286.221 306.045 329.416 327.357 326.444 323.626 350.407 346.728 349.467 359.734 376.951 403.513 434.770 453.790 501.981 503.383 508.886 538.356 563.529 622.245 685.845 754.807 785.482 842.619 969.724 1024.497 1064.488 1140.520 1186.545 1259.143 1236.966 1183.251 1095.998 1094.912 -999.250 -999.250 -999.250 -999.250 -999.250 -999.250 -999.250 -999.250 -999.250 -999.250 -999.250 -999.250 -999.250 -999.250 -999.250 -999.250 -999.250 -999.250 -999.250 -999.250 -999.250 -999.250 -999.250
270.052 274.303 270.223 232.135 244.118 229.376 227.273 231.513 253.708 249.338 273.301 283.270 312.831 314.458 326.493 336.304 359.810 366.207 380.793 409.803 452.218 470.221 495.007 511.265 550.408 573.278 604.626 611.982 683.435 733.200 804.699 844.330 935.740 994.107 1055.339 1122.240 1105.288 1154.017 1127.636 1169.535 1106.840 1056.543 -999.250 -999.250 -999.250 -999.250 -999.250 -999.250 -999.250 -999.250 -999.250 -999.250 -999.250 -999.250 -999.250 -999.250 -999.250 -999.250 -999.250 -999.250 -999.250 -999.250 -999.250 -999.250 -999.250
204.843 196.292 199.483 184.733 158.776 146.768 143.313 163.739 215.430 203.450 254.299 266.488 284.546 303.096 316.569 336.749 346.547 355.055 386.314 422.123 447.572 471.060 500.394 515.674 563.504 580.909 608.441 648.738 655.886 722.351 799.024 820.768 884.156 975.715 1060.280 1029.395 1107.787 1149.848 1169.008 1171.545 1103.266 1038.179 1017.073 1014.699 -999.250 -999.250 -999.250 -999.250 -999.250 -999.250 -999.250 -999.250 -999.250 -999.250 -999.250 -999.250 -999.250 -999.250 -999.250 -999.250 -999.250 -999.250 -999.250 -999.250 -999.250
130.961 144.611 137.622 130.955 113.664 99.084 107.971 112.513 131.874 172.418 207.915 241.787 254.232 285.339 285.562 327.053 329.370 350.682 385.961 424.760 447.615 473.366 490.790 508.749 542.301 577.714 636.640 663.040 680.238 730.277 792.344 870.042 900.757 976.864 1042.691 1069.070 1082.573 1087.362 1165.325 1086.295 1106.351 1088.330 1033.953 1004.703 942.482 876.706 -999.250 -999.250 -999.250 -999.250 -999.250 -999.250 -999.250 -999.250 -999.250 -999.250 -999.250 -999.250 -999.250 -999.250 -999.250 -999.250 -999.250 -999.250 -999.250
116.980 113.967 114.703 106.430 99.001 78.224 83.854 97.311 114.572 124.080 154.949 198.506 226.167 249.527 279.389 306.060 333.285 360.959 403.764 433.791 443.716 474.423 508.488 525.230 546.350 567.165 657.280 641.389 685.010 759.910 769.936 842.796 906.126 980.236 1037.393 1023.263 1075.594 1069.195 1107.357 1059.833 1067.224 1046.075 989.603 868.662 859.811 791.104 -999.250 -999.250 -999.250 -999.250 -999.250 -999.250 -999.250 -999.250 -999.250 -999.250 -999.250 -999.250 -999.250 -999.250 -999.250 -999.250 -999.250 -999.250 -999.250
115.923 114.271 108.923 100.268 83.661 74.011 78.749 88.976 107.975 119.929 158.378 205.313 221.785 260.022 272.332 305.238 331.237 369.163 412.353 426.774 440.001 475.948 512.538 551.960 556.402 608.101 642.878 672.649 678.418 780.924 753.116 812.300 857.002 982.659 990.651 1013.004 1060.879 1083.158 1075.067 1045.570 1113.506 1031.541 925.586 852.008 851.802 780.342 762.680 -999.250 -999.250 -999.250 -999.250 -999.250 -999.250 -999.250 -999.250 -999.250 -999.250 -999.250 -999.250 -999.250 -999.250 -999.250 -999.250 -999.250 -999.250
