data/medianmodel_19-Aug-2020.asc
ncols	141
nrows	288
xllcorner	-120191.398
yllcorner	-301404.813
cellsize	2000.000
NODATA_value	-999.250
[rows 124 to 154 of 288, columns 0 to 68 of 141]
-999.250 -999.250 -999.250 -999.250 -999.250 -999.250 -999.250 -999.250 -999.250 -999.250 -999.250 -999.250 -999.250 -999.250 -999.250 -999.250 -999.250 -999.250 -999.250 -999.250 -999.250 -999.250 -999.250 -999.250 0.000 0.000 0.000 0.000 0.000 0.000 0.000 0.000 0.000 0.000 0.000 0.511 0.000 1.104 2.462 0.132 0.000 0.000 0.000 0.000 0.000 0.000 0.000 0.000 0.000 0.000 0.000 0.000 0.000 0.000 0.000 0.000 0.000 0.000 0.000 0.000 0.000 0.000 0.000 0.000 0.000 0.024 1.032 3.086 4.006
-999.250 -999.250 -999.250 -999.250 -999.250 -999.250 -999.250 -999.250 -999.250 -999.250 -999.250 -999.250 -999.250 -999.250 -999.250 -999.250 -999.250 -999.250 -999.250 -999.250 -999.250 -999.250 -999.250 -999.250 0.000 0.000 0.000 0.000 0.000 0.000 0.000 0.000 0.000 0.000 0.000 0.000 0.000 0.000 0.000 0.000 0.000 0.000 0.000 0.000 0.000 0.000 0.000 0.000 0.000 0.000 0.000 0.000 0.000 0.000 0.000 0.000 0.000 0.000 0.000 0.000 0.000 0.000 0.176 0.000 0.000 0.000 0.000 0.189 1.392
-999.250 -999.250 -999.250 -999.250 -999.250 -999.250 -999.250 -999.250 -999.250 -999.250 -999.250 -999.250 -999.250 -999.250 -999.250 -999.250 -999.250 -999.250 -999.250 -999.250 -999.250 -999.250 -999.250 0.000 0.000 0.000 0.000 0.000 0.000 0.000 1.451 1.795 0.048 0.206 0.000 0.000 0.000 0.000 0.000 0.000 0.000 0.000 0.000 0.000 0.000 0.000 0.000 0.000 0.000 0.000 0.000 0.000 0.000 0.000 0.000 0.000 0.000 0.000 0.000 0.000 0.000 2.054 3.109 3.097 0.796 0.000 0.000 0.000 0.000
-999.250 -999.250 -999.250 -999.250 -999.250 -999.250 -999.250 -999.250 -999.250 -999.250 -999.250 -999.250 -999.250 -999.250 -999.250 -999.250 -999.250 -999.250 -999.250 -999.250 -999.250 -999.250 -999.250 0.000 0.000 0.000 0.000 0.000 0.337 2.864 4.265 3.806 2.477 0.389 0.000 0.123 0.000 0.000 0.000 0.000 0.000 0.000 0.000 0.000 0.000 0.000 0.000 0.000 0.000 0.000 0.000 0.000 0.000 0.000 0.000 0.000 0.000 0.000 0.000 0.000 0.661 3.753 6.156 5.257 2.798 0.000 0.000 0.000 0.000
-999.250 -999.250 -999.250 -999.250 -999.250 -999.250 -999.250 -999.250 -999.250 -999.250 -999.250 -999.250 -999.250 -999.250 -999.250 -999.250 -999.250 -999.250 -999.250 -999.250 -999.250 -999.250 -999.250 0.000 0.000 0.000 0.000 0.198 3.131 4.994 5.021 4.547 3.925 0.882 0.785 0.811 0.000 0.000 0.000 0.000 0.000 0.000 0.000 0.000 0.000 0.000 0.000 0.000 0.000 0.000 0.000 0.000 0.000 0.000 0.000 0.000 0.000 0.000 0.000 0.000 1.766 5.892 13.720 6.862 3.580 0.000 0.000 0.000 0.000
-999.250 -999.250 -999.250 -999.250 -999.250 -999.250 -999.250 -999.250 -999.250 -999.250 -999.250 -999.250 -999.250 -999.250 -999.250 -999.250 -999.250 -999.250 -999.250 -999.250 -999.250 -999.250 0.000 0.000 0.000 0.000 0.000 2.082 5.207 7.087 7.949 7.618 5.599 3.471 2.543 0.450 0.313 0.000 0.000 0.000 0.000 0.000 0.000 0.000 0.000 0.000 0.000 0.000 0.000 0.000 0.000 0.000 0.000 0.000 0.000 0.000 0.000 0.000 0.000 0.000 0.299 3.993 6.591 6.034 3.002 0.000 0.000 0.000 0.000
-999.250 -999.250 -999.250 -999.250 -999.250 -999.250 -999.250 -999.250 -999.250 -999.250 -999.250 -999.250 -999.250 -999.250 -999.250 -999.250 -999.250 -999.250 -999.250 -999.250 -999.250 -999.250 0.000 0.000 0.000 0.000 0.623 3.557 6.874 10.515 13.082 11.191 7.788 5.235 3.936 1.634 0.000 0.000 0.000 0.000 0.000 0.000 0.000 0.000 0.000 0.000 0.000 0.000 0.000 0.000 0.000 0.000 0.000 0.000 0.000 0.000 0.000 0.000 0.000 0.000 0.000 3.494 4.706 4.515 3.214 0.845 0.000 0.000 0.000
-999.250 -999.250 -999.250 -999.250 -999.250 -999.250 -999.250 -999.250 -999.250 -999.250 -999.250 -999.250 -999.250 -999.250 -999.250 -999.250 -999.250 -999.250 -999.250 -999.250 -999.250 0.000 0.000 0.000 2.597 0.000 0.000 3.971 6.851 11.621 22.352 13.101 8.300 5.050 3.784 0.000 0.000 0.000 0.000 0.000 0.000 0.000 0.000 0.000 0.000 0.000 0.000 0.000 0.000 0.000 0.000 0.000 0.000 0.000 0.000 0.000 0.000 0.000 0.000 0.000 0.306 2.867 4.525 4.460 4.642 2.912 0.846 0.000 0.000
-999.250 -999.250 -999.250 -999.250 -999.250 -999.250 -999.250 -999.250 -999.250 -999.250 -999.250 -999.250 -999.250 -999.250 -999.250 -999.250 -999.250 -999.250 -999.250 -999.250 -999.250 0.000 0.000 0.000 0.000 0.000 0.267 2.870 5.935 9.072 12.327 9.523 6.350 5.115 0.489 0.000 0.000 0.000 0.000 0.000 0.000 0.000 0.000 0.000 0.000 0.000 0.000 0.000 0.000 0.000 0.000 0.000 0.000 0.000 0.000 0.000 0.000 0.000 0.000 0.000 0.169 3.599 6.438 8.020 7.935 6.871 4.890 1.842 0.000
-999.250 -999.250 -999.250 -999.250 -999.250 -999.250 -999.250 -999.250 -999.250 -999.250 -999.250 -999.250 -999.250 -999.250 -999.250 -999.250 -999.250 -999.250 -999.250 -999.250 -999.250 0.000 0.000 0.000 0.000 0.000 0.000 0.451 3.449 5.255 6.228 5.300 3.496 2.266 0.000 0.000 0.000 0.000 0.000 0.000 0.000 0.000 0.000 0.000 0.000 0.000 0.000 0.000 0.000 0.000 0.000 0.000 0.000 0.000 0.000 0.000 0.000 0.000 0.000 0.000 0.968 5.691 9.140 12.797 14.389 13.017 11.183 7.396 2.048
-999.250 -999.250 -999.250 -999.250 -999.250 -999.250 -999.250 -999.250 -999.250 -999.250 -999.250 -999.250 -999.250 -999.250 -999.250 -999.250 -999.250 -999.250 -999.250 -999.250 0.000 0.000 0.000 0.000 0.000 0.000 0.000 0.017 0.000 1.985 1.061 1.039 0.414 0.388 0.000 0.000 0.000 0.000 0.000 0.000 0.000 0.000 0.000 0.000 0.000 0.000 0.000 0.000 0.000 0.000 0.000 0.000 0.000 0.000 0.000 0.000 0.000 0.000 0.000 0.000 3.123 7.849 12.892 18.523 22.581 23.287 21.016 15.225 10.293
-999.250 -999.250 -999.250 -999.250 -999.250 -999.250 -999.250 -999.250 -999.250 -999.250 -999.250 -999.250 -999.250 -999.250 -999.250 -999.250 -999.250 -999.250 -999.250 -999.250 0.000 0.000 0.000 0.495 0.000 0.000 0.000 0.000 0.000 0.000 0.000 0.000 0.000 0.000 0.000 0.000 0.000 0.000 0.000 0.000 0.000 0.000 0.000 0.000 0.000 0.000 0.000 0.000 0.000 0.000 0.000 0.000 0.000 0.000 0.000 0.000 0.000 0.000 0.000 0.000 4.934 11.585 18.303 26.397 30.365 32.240 30.612 26.065 21.920
-999.250 -999.250 -999.250 -999.250 -999.250 -999.250 -999.250 -999.250 -999.250 -999.250 -999.250 -999.250 -999.250 -999.250 -999.250 -999.250 -999.250 -999.250 -999.250 -999.250 0.000 0.000 1.425 2.724 1.937 0.728 0.441 0.000 0.000 0.000 0.000 0.000 0.000 0.000 0.000 0.000 0.000 0.000 0.000 0.000 0.000 0.000 0.000 0.000 0.000 0.000 0.000 0.000 0.000 0.000 0.000 0.000 0.000 0.000 0.000 0.000 0.000 0.000 0.000 0.000 7.285 17.674 27.016 33.678 42.415 44.388 43.107 39.991 31.410
-999.250 -999.250 -999.250 -999.250 -999.250 -999.250 -999.250 -999.250 -999.250 -999.250 -999.250 -999.250 -999.250 -999.250 -999.250 -999.250 -999.250 -999.250 -999.250 -999.250 0.000 2.713 4.565 5.310 4.174 4.009 1.826 0.258 0.000 0.000 0.000 0.000 0.000 0.000 0.000 0.000 0.000 0.000 0.000 0.000 0.000 0.000 0.000 0.000 0.000 0.000 0.000 0.000 0.000 0.000 0.000 0.000 0.000 0.000 0.000 0.000 0.000 0.000 0.000 0.000 9.373 23.661 36.664 47.787 56.227 57.811 56.576 50.933 43.572
-999.250 -999.250 -999.250 -999.250 -999.250 -999.250 -999.250 -999.250 -999.250 -999.250 -999.250 -999.250 -999.250 -999.250 -999.250 -999.250 -999.250 -999.250 -999.250 1.007 3.761 6.270 7.890 8.756 8.827 7.755 4.321 2.245 0.000 0.000 0.000 0.000 0.000 0.000 0.000 0.000 0.000 0.000 0.000 0.000 0.000 0.000 0.000 0.000 0.000 0.000 0.000 0.000 0.000 0.000 0.000 0.000 0.000 0.000 0.000 0.000 0.000 0.000 0.000 5.248 15.083 31.268 47.023 58.519 67.498 69.921 70.249 63.510 56.491
-999.250 -999.250 -999.250 -999.250 -999.250 -999.250 -999.250 -999.250 -999.250 -999.250 -999.250 -999.250 -999.250 -999.250 -999.250 -999.250 -999.250 -999.250 -999.250 4.560 7.580 9.222 12.117 13.698 14.401 12.052 8.344 4.367 0.585 0.000 0.000 0.000 0.000 0.000 0.000 0.000 0.000 0.000 0.000 0.000 0.000 0.000 0.000 0.000 0.000 0.000 0.000 0.000 0.000 0.000 0.000 0.000 0.000 0.000 0.000 0.000 0.000 0.000 0.128 8.901 23.520 40.911 57.507 75.418 81.800 87.210 79.974 74.992 68.095
-999.250 -999.250 -999.250 -999.250 -999.250 -999.250 -999.250 -999.250 -999.250 -999.250 -999.250 -999.250 -999.250 -999.250 -999.250 -999.250 -999.250 -999.250 -999.250 7.617 14.119 14.899 17.760 21.017 21.549 18.242 11.696 7.275 2.727 0.000 0.000 0.000 0.000 0.000 0.000 0.000 0.000 0.000 0.000 0.000 0.000 0.000 0.000 0.000 0.000 0.000 0.000 1.313 3.820 1.581 0.000 0.000 0.000 0.000 0.000 0.000 0.000 0.000 1.984 12.057 25.568 46.649 68.910 88.298 112.862 108.535 102.470 87.751 72.990
-999.250 -999.250 -999.250 -999.250 -999.250 -999.250 -999.250 -999.250 -999.250 -999.250 -999.250 -999.250 -999.250 -999.250 -999.250 -999.250 -999.250 -999.250 -999.250 10.274 15.802 21.340 27.628 30.804 29.105 23.916 15.530 9.639 4.639 0.745 0.000 0.000 0.000 0.000 0.000 0.000 0.000 0.000 0.000 0.000 0.000 0.000 0.000 0.000 0.000 0.000 1.065 4.993 10.885 4.141 0.000 0.000 0.000 0.000 0.000 0.000 0.000 0.000 1.496 11.263 28.571 50.264 76.432 115.950 136.580 132.451 114.033 96.071 76.695
-999.250 -999.250 -999.250 -999.250 -999.250 -999.250 -999.250 -999.250 -999.250 -999.250 -999.250 -999.250 -999.250 -999.250 -999.250 -999.250 -999.250 -999.250 -999.250 13.392 20.273 27.393 36.251 43.674 40.225 28.433 20.019 12.538 6.814 3.245 0.000 0.000 0.000 0.000 0.000 0.000 0.000 0.000 0.000 0.000 0.000 0.000 0.000 0.000 0.000 0.000 1.733 4.149 5.275 3.785 0.000 0.000 0.000 0.000 0.000 0.000 0.000 0.000 0.000 9.652 27.613 51.946 77.778 126.876 159.566 138.245 112.703 92.770 74.244
-999.250 -999.250 -999.250 -999.250 -999.250 -999.250 -999.250 -999.250 -999.250 -999.250 -999.250 -999.250 -999.250 -999.250 -999.250 -999.250 -999.250 -999.250 10.882 16.313 23.435 32.694 44.588 63.486 46.796 32.928 23.757 13.419 8.323 3.777 0.000 0.000 0.000 0.000 0.000 0.000 0.000 0.000 0.000 0.000 0.000 0.000 0.000 0.000 0.000 0.058 0.626 2.672 3.575 2.584 0.464 0.499 0.000 0.000 0.000 0.000 0.000 0.000 0.000 5.406 24.348 49.343 75.706 103.917 132.540 125.313 104.535 84.342 70.997
-999.250 -999.250 -999.250 -999.250 -999.250 -999.250 -999.250 -999.250 -999.250 -999.250 -999.250 -999.250 -999.250 -999.250 -999.250 -999.250 -999.250 7.361 11.715 17.619 24.504 31.735 42.059 47.836 45.636 32.581 23.873 14.293 9.289 4.526 0.000 0.000 0.000 0.000 0.000 0.000 0.000 0.000 0.000 0.000 0.000 1.042 2.828 3.073 2.716 3.603 3.639 2.581 2.507 3.113 1.163 2.247 3.653 1.344 0.000 0.000 0.000 0.000 0.000 0.000 16.876 40.795 62.972 79.364 93.250 94.997 83.132 72.863 61.901
-999.250 -999.250 -999.250 -999.250 -999.250 -999.250 -999.250 -999.250 -999.250 -999.250 -999.250 -999.250 -999.250 -999.250 -999.250 -999.250 -999.250 7.467 11.173 17.562 24.078 30.309 34.046 39.451 34.590 31.357 22.522 15.111 9.244 3.967 0.000 0.000 0.000 0.000 0.000 0.000 0.000 0.000 0.000 0.000 3.453 6.113 6.818 6.439 6.695 6.421 4.822 3.628 3.179 2.340 3.754 5.420 5.948 5.150 4.367 0.801 0.465 0.059 0.000 2.851 14.454 30.710 48.730 63.613 72.206 72.369 67.328 59.104 47.718
-999.250 -999.250 -999.250 -999.250 -999.250 -999.250 -999.250 -999.250 -999.250 -999.250 -999.250 -999.250 -999.250 -999.250 -999.250 0.524 4.159 6.766 10.008 15.447 20.648 25.929 29.303 30.919 27.965 25.427 19.619 12.768 7.709 3.220 0.000 0.000 0.000 0.000 0.000 0.000 0.000 0.000 0.000 1.145 5.739 14.313 11.283 10.433 11.572 11.232 8.408 4.457 4.117 4.834 4.839 7.122 11.298 12.813 9.470 6.077 4.547 8.540 3.659 5.038 13.479 25.039 36.358 48.146 53.198 53.220 50.393 41.996 31.612
-999.250 -999.250 -999.250 -999.250 -999.250 -999.250 -999.250 -999.250 -999.250 -999.250 -999.250 -999.250 -999.250 -999.250 0.000 0.783 4.202 6.374 9.595 12.680 16.241 20.314 23.179 23.648 23.070 19.419 14.371 9.571 6.249 2.422 0.000 0.000 0.000 0.000 0.000 0.000 0.000 0.000 0.000 2.765 6.868 12.298 13.884 15.430 17.575 17.994 13.420 8.190 5.678 6.355 6.252 9.521 14.737 24.814 13.517 8.658 5.748 4.642 4.264 5.879 11.181 18.211 28.479 32.492 37.028 37.424 33.034 25.904 18.190
-999.250 -999.250 -999.250 -999.250 -999.250 -999.250 -999.250 -999.250 -999.250 -999.250 -999.250 -999.250 -999.250 -999.250 0.000 0.092 4.062 5.872 7.714 9.789 12.013 14.329 17.149 18.642 16.730 14.031 10.832 7.959 4.680 1.582 0.000 0.000 0.000 0.000 0.000 0.000 0.000 0.000 0.000 4.324 8.251 13.030 16.876 20.997 26.214 32.471 19.971 13.403 7.959 7.780 8.224 10.119 13.854 16.319 13.131 9.823 6.729 5.190 4.469 6.833 9.047 13.737 18.757 20.337 23.857 23.736 20.062 13.971 6.961
-999.250 -999.250 -999.250 -999.250 -999.250 -999.250 -999.250 -999.250 -999.250 -999.250 -999.250 -999.250 -999.250 0.000 0.000 0.057 2.256 4.021 5.693 6.991 7.384 10.247 11.867 13.386 12.869 10.857 7.934 5.875 3.650 0.327 0.000 0.000 0.000 0.000 0.000 0.000 0.000 0.000 0.987 6.313 10.563 15.454 20.413 27.056 31.887 33.061 27.040 17.690 12.530 10.791 9.594 10.760 12.696 12.691 10.995 9.465 6.705 4.421 4.655 5.896 7.736 9.074 12.796 12.720 13.526 13.732 9.394 6.155 0.041
-999.250 -999.250 -999.250 -999.250 -999.250 -999.250 -999.250 -999.250 -999.250 -999.250 -999.250 -999.250 0.000 0.000 0.000 0.057 1.862 2.581 3.796 4.086 5.692 6.263 7.895 9.767 9.342 9.640 7.122 5.971 2.591 0.000 0.000 0.000 0.000 0.000 0.000 0.000 0.000 0.000 2.896 7.920 12.912 18.183 24.918 32.343 38.582 41.883 33.473 24.471 16.395 12.874 12.111 12.589 12.885 11.437 10.150 9.436 6.642 5.845 3.608 5.424 6.248 7.404 7.408 7.875 7.471 6.032 4.158 0.011 0.000
-999.250 -999.250 -999.250 -999.250 -999.250 -999.250 -999.250 -999.250 -999.250 -999.250 -999.250 0.000 0.000 0.000 2.403 3.046 2.638 1.150 0.545 1.965 3.646 6.116 7.284 7.352 7.859 7.204 5.930 3.836 0.988 0.000 0.000 0.000 0.000 0.000 0.000 0.000 0.000 0.258 5.170 9.421 14.233 21.612 26.918 33.768 44.359 56.190 39.691 28.129 19.426 16.049 14.326 13.279 13.409 12.085 11.808 9.524 8.000 6.259 4.223 4.632 4.396 4.319 5.009 4.531 3.527 1.450 0.000 0.000 0.000
-999.250 -999.250 -999.250 -999.250 -999.250 -999.250 -999.250 -999.250 -999.250 -999.250 0.000 0.000 0.000 2.822 5.832 7.894 5.710 2.751 1.063 1.469 3.175 3.993 5.392 6.701 7.142 6.969 4.805 1.708 0.937 0.000 0.000 0.000 0.000 0.000 0.000 0.000 0.000 1.719 5.523 10.068 15.488 23.504 28.183 34.074 41.829 44.407 37.156 28.818 23.061 18.240 16.372 15.016 14.405 14.186 12.899 10.480 7.967 6.934 6.021 5.809 4.132 3.913 2.875 0.857 0.312 0.000 0.000 0.000 0.000
-999.250 -999.250 -999.250 -999.250 -999.250 -999.250 -999.250 -999.250 -999.250 0.000 0.000 0.000 0.000 2.782 8.094 16.878 8.244 4.733 3.699 5.779 4.512 5.716 6.666 7.773 7.752 7.684 6.451 3.819 2.537 0.000 0.000 0.000 0.000 0.000 0.000 0.000 0.000 2.784 6.721 10.315 16.942 23.762 27.688 32.753 34.256 35.481 33.005 27.616 23.543 18.605 18.505 17.050 16.083 16.954 15.668 12.700 11.519 10.065 7.918 7.279 5.620 4.081 2.466 0.741 0.000 0.000 0.000 0.000 0.000
-999.250 -999.250 -999.250 -999.250 -999.250 3.660 3.773 0.000 0.000 0.000 0.000 0.000 0.000 1.354 5.681 8.016 6.972 5.291 6.487 6.300 7.729 8.463 9.560 10.776 11.142 11.474 7.744 4.568 2.110 0.000 0.000 0.000 0.000 0.000 0.000 0.000 0.000 3.133 6.577 10.917 16.715 23.078 27.302 29.222 31.838 30.888 32.619 25.531 21.664 20.365 20.012 19.041 17.679 18.982 18.691 16.106 14.942 13.505 12.381 9.639 8.167 6.704 3.632 0.000 0.000 0.000 0.000 0.000 0.000
