data/medianmodel_23-Sep-2020.asc
ncols	141
nrows	288
xllcorner	-120191.398
yllcorner	-301404.813
cellsize	2000.000
NODATA_value	-999.250
[rows 60 to 89 of 288, columns 68 to 135 of 141]
0.000 0.000 0.000 0.000 0.000 0.000 0.000 0.000 0.066 8.565 14.091 21.443 28.041 32.829 40.139 48.112 57.596 62.862 67.078 57.044 42.802 30.626 17.026 11.759 6.769 2.744 0.106 0.000 0.000 3.010 11.110 15.319 26.340 45.798 72.363 97.283 132.726 165.805 186.376 241.997 246.807 269.535 340.731 356.403 427.305 390.244 395.024 377.041 -999.250 -999.250 -999.250 -999.250 -999.250 -999.250 -999.250 -999.250 -999.250 -999.250 -999.250 -999.250 -999.250 -999.250 -999.250 -999.250 -999.250 -999.250 -999.250 -999.250
0.000 0.000 0.000 0.000 0.000 0.000 0.000 0.000 5.505 13.176 21.390 33.173 40.636 51.588 60.539 75.593 81.743 90.026 90.594 83.392 70.398 53.832 35.742 24.331 17.158 14.694 11.133 11.481 13.495 14.672 18.028 25.769 42.407 66.948 89.904 117.473 164.343 177.406 197.009 244.906 314.519 311.885 357.517 376.279 428.088 401.957 356.205 -999.250 -999.250 -999.250 -999.250 -999.250 -999.250 -999.250 -999.250 -999.250 -999.250 -999.250 -999.250 -999.250 -999.250 -999.250 -999.250 -999.250 -999.250 -999.250 -999.250 -999.250
0.000 0.000 0.000 0.000 0.000 0.000 0.000 0.005 10.402 20.318 29.517 45.195 61.051 72.669 85.755 106.045 120.791 138.912 133.274 121.196 104.761 85.885 69.457 49.030 39.300 31.446 27.757 29.734 32.894 32.204 37.938 49.554 59.472 80.341 100.239 129.584 177.985 192.006 223.721 248.603 324.570 417.205 -999.250 -999.250 -999.250 -999.250 -999.250 -999.250 -999.250 -999.250 -999.250 -999.250 -999.250 -999.250 -999.250 -999.250 -999.250 -999.250 -999.250 -999.250 -999.250 -999.250 -999.250 -999.250 -999.250 -999.250 -999.250 -999.250
0.000 0.000 0.000 0.000 0.000 0.000 0.000 3.860 14.048 27.531 41.360 60.212 76.183 93.366 112.983 139.920 160.996 174.041 182.095 170.438 150.260 125.105 99.095 77.190 65.653 53.589 49.355 48.661 51.932 55.508 60.323 63.467 79.654 97.378 121.337 143.993 173.304 213.536 259.389 319.644 350.006 372.497 427.391 -999.250 -999.250 -999.250 -999.250 -999.250 -999.250 -999.250 -999.250 -999.250 -999.250 -999.250 -999.250 -999.250 -999.250 -999.250 -999.250 -999.250 -999.250 -999.250 -999.250 -999.250 -999.250 -999.250 -999.250 -999.250
0.000 0.000 0.000 0.000 0.000 0.000 1.170 9.921 19.250 42.624 61.488 78.773 94.261 121.864 157.194 184.813 199.295 220.740 242.958 239.504 195.213 165.160 142.436 118.606 98.300 80.419 72.125 67.100 73.017 87.203 77.891 80.113 90.772 113.660 136.009 169.430 198.194 202.734 284.605 353.933 379.540 375.836 450.359 477.161 -999.250 -999.250 -999.250 -999.250 -999.250 -999.250 -999.250 -999.250 -999.250 -999.250 -999.250 -999.250 -999.250 -999.250 -999.250 -999.250 -999.250 -999.250 -999.250 -999.250 -999.250 -999.250 -999.250 -999.250
0.000 0.000 0.000 0.000 0.000 0.000 5.131 14.309 30.389 49.061 78.301 104.625 129.909 164.996 194.525 248.179 249.525 337.008 359.568 335.943 288.799 231.715 202.275 158.387 124.852 104.021 91.120 83.151 83.294 85.993 85.818 87.404 102.629 120.527 141.243 172.544 222.840 253.718 340.151 384.105 442.376 455.009 503.009 539.970 -999.250 -999.250 -999.250 -999.250 -999.250 -999.250 -999.250 -999.250 -999.250 -999.250 -999.250 -999.250 -999.250 -999.250 -999.250 -999.250 -999.250 -999.250 -999.250 -999.250 -999.250 -999.250 -999.250 -999.250
0.302 0.000 0.000 0.000 0.000 0.000 6.786 17.372 33.169 58.386 85.429 125.175 166.520 201.877 294.836 334.704 360.159 444.772 433.715 420.136 354.264 327.511 262.108 184.457 158.927 123.504 104.485 93.684 88.240 85.968 89.034 90.180 110.454 118.605 146.146 188.019 218.085 275.052 333.887 375.571 445.521 537.482 533.130 630.752 545.259 -999.250 -999.250 -999.250 -999.250 -999.250 -999.250 -999.250 -999.250 -999.250 -999.250 -999.250 -999.250 -999.250 -999.250 -999.250 -999.250 -999.250 -999.250 -999.250 -999.250 -999.250 -999.250 -999.250
4.506 5.363 2.300 0.000 0.000 0.000 7.418 20.707 40.010 70.068 100.482 143.016 187.575 257.344 349.557 427.043 469.010 515.409 543.818 588.666 435.472 360.215 341.345 241.022 168.194 145.096 115.424 100.781 93.745 88.311 84.249 96.084 103.765 126.875 132.844 185.611 223.336 259.065 334.517 374.293 472.820 573.066 561.970 615.865 538.722 548.544 -999.250 -999.250 -999.250 -999.250 -999.250 -999.250 -999.250 -999.250 -999.250 -999.250 -999.250 -999.250 -999.250 -999.250 -999.250 -999.250 -999.250 -999.250 -999.250 -999.250 -999.250 -999.250
7.026 14.469 6.141 0.000 0.000 0.000 5.541 15.565 40.406 76.074 110.847 155.325 231.467 280.983 385.135 480.384 572.037 621.738 705.532 625.096 588.388 447.507 355.055 293.756 194.535 155.294 121.248 101.840 88.220 85.203 85.658 92.178 109.946 126.099 134.795 155.185 207.873 253.679 315.255 363.681 419.744 511.161 577.890 559.589 585.735 566.788 -999.250 -999.250 -999.250 -999.250 -999.250 -999.250 -999.250 -999.250 -999.250 -999.250 -999.250 -999.250 -999.250 -999.250 -999.250 -999.250 -999.250 -999.250 -999.250 -999.250 -999.250 -999.250
3.635 6.790 2.579 0.000 0.000 0.000 1.283 11.699 31.261 72.520 115.426 172.290 224.609 331.911 425.139 470.036 647.801 739.483 795.583 776.699 601.911 518.080 414.522 306.267 187.233 152.811 125.285 97.510 86.179 85.820 80.946 85.074 91.344 106.352 127.608 164.014 188.643 228.126 291.348 387.731 416.497 498.198 492.068 541.983 509.195 515.819 -999.250 -999.250 -999.250 -999.250 -999.250 -999.250 -999.250 -999.250 -999.250 -999.250 -999.250 -999.250 -999.250 -999.250 -999.250 -999.250 -999.250 -999.250 -999.250 -999.250 -999.250 -999.250
0.000 0.000 0.000 0.000 0.000 0.000 0.000 3.653 20.833 63.649 114.921 182.998 271.613 366.973 442.231 513.207 632.881 750.409 775.175 796.887 700.635 489.667 439.142 261.669 185.825 154.618 120.184 91.199 80.178 73.142 70.099 75.723 84.064 89.673 113.219 134.497 164.969 181.436 231.952 349.153 409.953 402.422 421.006 435.540 486.033 466.821 396.318 313.930 -999.250 -999.250 -999.250 -999.250 -999.250 -999.250 -999.250 -999.250 -999.250 -999.250 -999.250 -999.250 -999.250 -999.250 -999.250 -999.250 -999.250 -999.250 -999.250 -999.250
0.000 0.000 0.000 0.000 0.000 0.000 0.000 0.000 0.000 49.727 103.101 177.696 256.366 371.188 444.712 505.602 562.567 705.053 731.143 722.039 636.685 472.767 346.321 255.164 182.791 150.181 112.795 81.339 72.649 67.272 62.757 64.830 69.159 76.640 95.777 113.928 137.805 174.177 220.582 250.122 307.589 355.871 378.331 388.735 420.179 366.928 390.126 343.491 -999.250 -999.250 -999.250 -999.250 -999.250 -999.250 -999.250 -999.250 -999.250 -999.250 -999.250 -999.250 -999.250 -999.250 -999.250 -999.250 -999.250 -999.250 -999.250 -999.250
0.000 0.000 0.000 0.000 0.000 0.000 0.000 0.000 12.643 46.613 97.061 163.587 220.240 312.408 399.383 469.801 511.639 618.820 641.549 636.379 533.662 437.807 299.824 226.648 189.316 127.552 86.952 65.939 56.152 46.200 47.738 46.691 50.512 59.937 75.872 86.415 113.695 138.479 172.676 200.518 244.361 328.602 330.573 347.342 335.905 375.598 333.121 -999.250 -999.250 -999.250 -999.250 -999.250 -999.250 -999.250 -999.250 -999.250 -999.250 -999.250 -999.250 -999.250 -999.250 -999.250 -999.250 -999.250 -999.250 -999.250 -999.250 -999.250
0.000 0.000 0.000 0.000 0.000 0.000 0.000 0.000 15.250 46.424 87.462 133.081 185.585 251.394 383.471 481.858 514.540 542.667 551.177 589.510 473.791 357.239 245.634 189.138 143.686 95.115 63.543 41.993 31.063 30.153 28.140 29.188 29.131 36.043 48.557 59.891 85.796 116.672 150.912 174.117 208.342 241.432 278.940 311.769 311.195 281.251 313.296 -999.250 -999.250 -999.250 -999.250 -999.250 -999.250 -999.250 -999.250 -999.250 -999.250 -999.250 -999.250 -999.250 -999.250 -999.250 -999.250 -999.250 -999.250 -999.250 -999.250 -999.250
0.000 0.000 0.000 0.000 0.000 0.000 0.000 0.000 14.742 43.713 78.847 126.966 177.062 241.242 320.203 431.874 472.326 552.031 513.209 489.973 456.654 340.035 210.891 148.927 80.097 49.339 30.049 20.101 14.062 14.372 11.346 13.743 14.491 20.508 30.431 45.047 61.949 86.398 121.800 160.030 183.529 195.349 226.065 272.459 261.090 262.225 259.486 -999.250 -999.250 -999.250 -999.250 -999.250 -999.250 -999.250 -999.250 -999.250 -999.250 -999.250 -999.250 -999.250 -999.250 -999.250 -999.250 -999.250 -999.250 -999.250 -999.250 -999.250
0.703 0.000 0.000 0.000 0.000 0.000 0.000 2.986 13.925 36.506 71.881 117.508 179.926 240.371 327.436 346.152 455.277 467.603 484.778 460.048 377.713 272.280 185.668 104.463 22.535 15.466 11.183 3.549 2.157 0.000 0.000 0.694 2.593 9.812 15.823 23.291 35.248 67.891 90.695 125.137 135.437 163.502 187.093 205.310 211.927 215.559 234.767 -999.250 -999.250 -999.250 -999.250 -999.250 -999.250 -999.250 -999.250 -999.250 -999.250 -999.250 -999.250 -999.250 -999.250 -999.250 -999.250 -999.250 -999.250 -999.250 -999.250 -999.250
9.872 3.361 0.000 0.000 0.000 0.000 0.000 1.974 13.712 34.104 66.707 97.027 152.694 201.163 230.468 306.547 367.486 472.915 439.128 377.967 289.591 224.805 155.291 82.478 26.196 5.397 0.000 0.000 0.000 0.000 0.000 0.000 0.000 0.112 3.804 12.363 25.969 52.967 77.546 101.243 112.929 144.023 148.908 165.387 172.378 177.516 170.338 -999.250 -999.250 -999.250 -999.250 -999.250 -999.250 -999.250 -999.250 -999.250 -999.250 -999.250 -999.250 -999.250 -999.250 -999.250 -999.250 -999.250 -999.250 -999.250 -999.250 -999.250
17.137 11.599 8.011 4.855 0.000 0.000 0.000 0.085 11.156 25.907 54.281 78.542 125.906 159.472 198.687 281.737 330.843 357.594 324.097 293.099 208.154 170.168 119.805 66.369 27.986 6.637 0.000 0.000 0.000 0.000 0.000 0.000 0.000 0.000 0.000 4.560 16.783 32.724 53.662 73.095 105.940 102.308 121.954 125.261 134.827 145.264 133.494 -999.250 -999.250 -999.250 -999.250 -999.250 -999.250 -999.250 -999.250 -999.250 -999.250 -999.250 -999.250 -999.250 -999.250 -999.250 -999.250 -999.250 -999.250 -999.250 -999.250 -999.250
26.747 18.909 13.134 8.469 4.044 0.000 0.000 0.000 4.592 15.777 34.906 67.850 108.678 140.976 173.337 213.315 238.130 228.155 226.373 200.953 165.187 136.367 93.223 58.027 25.900 6.989 0.000 0.000 0.000 0.000 0.000 0.000 0.000 0.000 0.000 0.016 12.586 22.982 38.835 58.795 77.810 88.196 91.319 95.749 104.222 107.810 97.037 -999.250 -999.250 -999.250 -999.250 -999.250 -999.250 -999.250 -999.250 -999.250 -999.250 -999.250 -999.250 -999.250 -999.250 -999.250 -999.250 -999.250 -999.250 -999.250 -999.250 -999.250
37.727 29.006 23.398 14.974 9.412 3.312 0.000 0.000 0.000 11.415 26.355 50.929 80.151 104.024 142.164 159.565 172.055 171.421 166.766 156.306 131.227 99.959 75.268 46.517 23.036 7.890 0.000 0.000 0.000 0.000 0.000 0.000 0.000 0.000 0.000 0.000 11.587 19.359 29.211 44.386 59.493 72.773 74.946 81.447 84.431 93.236 89.930 -999.250 -999.250 -999.250 -999.250 -999.250 -999.250 -999.250 -999.250 -999.250 -999.250 -999.250 -999.250 -999.250 -999.250 -999.250 -999.250 -999.250 -999.250 -999.250 -999.250 -999.250
50.068 41.151 33.673 26.374 18.884 10.906 3.795 0.000 0.000 6.387 18.484 37.610 59.222 81.345 104.517 126.857 132.031 130.272 119.685 107.732 92.273 77.281 57.757 30.916 16.560 6.509 0.000 0.000 0.000 0.000 0.000 0.000 0.000 0.000 0.000 0.000 6.083 12.342 19.672 28.708 43.591 53.957 61.607 68.272 67.721 74.212 77.310 75.533 -999.250 -999.250 -999.250 -999.250 -999.250 -999.250 -999.250 -999.250 -999.250 -999.250 -999.250 -999.250 -999.250 -999.250 -999.250 -999.250 -999.250 -999.250 -999.250 -999.250
64.755 59.825 48.763 36.996 24.527 15.579 8.065 2.529 2.272 5.605 14.055 26.478 37.701 55.466 68.705 83.869 83.753 88.150 84.361 76.190 67.272 56.183 38.054 21.511 11.995 3.309 0.000 0.000 0.000 0.000 0.000 0.000 0.000 0.000 0.000 0.000 0.000 7.050 14.622 17.220 25.560 35.594 43.482 51.061 58.298 57.161 62.884 58.879 -999.250 -999.250 -999.250 -999.250 -999.250 -999.250 -999.250 -999.250 -999.250 -999.250 -999.250 -999.250 -999.250 -999.250 -999.250 -999.250 -999.250 -999.250 -999.250 -999.250
73.755 76.093 61.115 43.143 32.874 23.328 15.699 13.672 8.769 7.966 11.944 18.383 23.698 34.220 44.434 48.366 52.915 55.444 54.415 45.608 39.649 32.074 24.065 15.363 9.274 2.869 0.000 0.000 0.000 0.000 0.000 0.000 0.000 0.000 0.000 0.000 0.000 0.628 7.776 13.271 15.011 23.469 29.216 30.895 33.370 40.343 42.906 47.528 -999.250 -999.250 -999.250 -999.250 -999.250 -999.250 -999.250 -999.250 -999.250 -999.250 -999.250 -999.250 -999.250 -999.250 -999.250 -999.250 -999.250 -999.250 -999.250 -999.250
75.773 74.737 61.026 51.147 40.722 33.710 24.556 18.641 14.303 11.725 12.259 13.455 15.904 18.144 19.473 20.554 22.501 26.269 22.154 23.714 21.115 18.496 16.139 13.552 5.426 0.000 0.000 0.000 0.000 0.000 0.000 0.000 0.000 0.000 0.000 0.000 0.000 0.000 1.156 4.136 9.458 12.495 15.537 17.938 19.948 21.937 25.850 31.357 -999.250 -999.250 -999.250 -999.250 -999.250 -999.250 -999.250 -999.250 -999.250 -999.250 -999.250 -999.250 -999.250 -999.250 -999.250 -999.250 -999.250 -999.250 -999.250 -999.250
73.869 74.640 68.468 58.904 46.672 39.880 31.838 29.535 26.868 19.593 13.001 12.881 11.564 10.451 10.193 4.302 0.000 5.528 9.777 11.385 12.476 13.195 14.434 9.305 3.275 0.000 0.000 0.000 0.000 0.000 0.000 0.000 0.000 0.000 0.000 0.000 0.000 0.000 0.000 0.000 0.734 5.174 8.779 11.385 11.806 14.227 17.153 -999.250 -999.250 -999.250 -999.250 -999.250 -999.250 -999.250 -999.250 -999.250 -999.250 -999.250 -999.250 -999.250 -999.250 -999.250 -999.250 -999.250 -999.250 -999.250 -999.250 -999.250
79.247 77.303 71.806 65.358 55.315 45.171 44.005 41.972 43.220 26.735 17.952 12.724 9.570 8.131 0.068 0.000 0.000 0.000 0.000 0.000 1.138 4.063 5.211 2.091 0.000 0.000 0.000 0.000 0.000 0.000 0.000 0.000 0.000 0.000 0.000 0.000 0.000 0.000 0.000 0.000 0.000 0.000 0.000 2.636 5.752 8.428 11.086 -999.250 -999.250 -999.250 -999.250 -999.250 -999.250 -999.250 -999.250 -999.250 -999.250 -999.250 -999.250 -999.250 -999.250 -999.250 -999.250 -999.250 -999.250 -999.250 -999.250 -999.250
78.016 76.354 74.300 73.256 65.751 58.701 52.441 45.458 41.348 31.739 20.378 14.101 11.013 6.262 1.055 0.000 0.000 0.000 0.000 0.000 0.000 0.000 0.000 0.000 0.000 0.000 0.000 1.442 5.745 5.579 2.610 0.000 0.000 0.000 0.000 0.000 0.000 0.000 0.000 0.000 0.000 0.000 0.000 0.000 0.000 2.873 -999.250 -999.250 -999.250 -999.250 -999.250 -999.250 -999.250 -999.250 -999.250 -999.250 -999.250 -999.250 -999.250 -999.250 -999.250 -999.250 -999.250 -999.250 -999.250 -999.250 -999.250 -999.250
78.174 77.270 79.934 75.647 69.640 58.608 54.133 48.636 40.648 33.784 24.142 17.251 12.562 9.736 6.139 1.547 0.000 0.000 0.000 0.000 0.000 0.000 0.000 0.000 0.000 1.600 6.741 11.148 13.124 14.275 12.499 6.827 0.090 0.000 0.000 0.000 0.000 0.000 0.000 0.000 0.000 0.000 0.000 0.000 0.000 0.000 -999.250 -999.250 -999.250 -999.250 -999.250 -999.250 -999.250 -999.250 -999.250 -999.250 -999.250 -999.250 -999.250 -999.250 -999.250 -999.250 -999.250 -999.250 -999.250 -999.250 -999.250 -999.250
75.341 78.290 75.797 76.800 77.139 64.449 57.417 51.593 42.365 36.533 30.858 21.023 15.883 13.919 11.471 8.175 1.006 0.000 0.000 0.000 0.000 0.000 0.000 0.000 2.443 6.733 11.707 13.781 20.974 28.228 16.021 10.343 6.748 1.398 0.000 0.000 0.000 0.000 0.000 0.000 0.000 0.000 0.000 0.000 0.000 0.000 1.458 7.358 -999.250 -999.250 -999.250 -999.250 -999.250 -999.250 -999.250 -999.250 -999.250 -999.250 -999.250 -999.250 -999.250 -999.250 -999.250 -999.250 -999.250 -999.250 -999.250 -999.250
74.002 75.803 77.823 84.785 71.429 68.589 56.096 49.132 48.337 41.291 33.552 27.961 23.489 22.246 18.369 13.931 5.897 0.000 0.000 0.000 0.000 0.000 0.000 2.096 9.051 13.943 14.990 18.203 22.796 24.201 18.158 12.924 11.749 8.103 2.158 0.000 0.000 0.000 0.000 0.000 0.000 0.000 0.000 0.000 0.000 0.000 0.000 7.424 -999.250 -999.250 -999.250 -999.250 -999.250 -999.250 -999.250 -999.250 -999.250 -999.250 -999.250 -999.250 -999.250 -999.250 -999.250 -999.250 -999.250 -999.250 -999.250 -999.250
