data/medianmodel_05-Feb-2021.asc
ncols	141
nrows	288
xllcorner	-120191.398
yllcorner	-301404.813
cellsize	2000.000
NODATA_value	-999.250
[rows 28 to 55 of 288, columns 63 to 125 of 141]
1080.015 1108.571 1023.408 1062.697 1147.316 1165.642 1232.665 1302.227 1461.894 1626.075 1799.621 1829.078 1860.305 1900.425 1997.717 1926.092 1921.216 1848.199 1755.814 1659.708 1521.868 1443.848 1318.304 1247.112 1202.019 1182.491 1151.028 1170.034 1169.361 1166.176 1195.216 1220.890 1263.982 1190.797 1199.795 1168.837 1163.301 1147.887 1216.044 1177.197 1180.948 1175.790 1129.515 1079.847 1052.824 980.414 933.530 932.668 908.981 850.039 842.638 831.460 808.182 781.217 745.512 716.117 683.165 661.167 656.396 610.370 597.398 563.074 504.827
1021.488 1002.060 979.370 1017.418 1068.686 1176.609 1149.463 1304.118 1489.681 1598.323 1694.599 1746.012 1834.189 1881.142 1868.112 1816.725 1750.838 1720.929 1595.984 1506.242 1431.419 1348.544 1278.552 1178.264 1147.850 1179.552 1157.809 1196.350 1208.922 1226.399 1202.745 1275.476 1286.760 1298.146 1256.395 1233.706 1253.123 1217.361 1191.849 1170.421 1172.403 1159.104 1125.868 1081.561 1006.987 973.436 943.211 912.522 889.933 858.059 859.358 827.119 785.652 760.815 717.234 694.638 661.883 672.269 625.992 598.083 563.281 517.147 476.550
1026.587 967.539 933.071 981.400 983.917 1161.420 1200.821 1290.145 1436.775 1569.938 1593.367 1690.880 1688.094 1779.931 1738.325 1656.537 1601.072 1534.136 1460.342 1344.353 1278.728 1274.912 1276.040 1227.244 1184.748 1207.137 1211.389 1211.988 1255.356 1267.969 1253.427 1288.192 1292.563 1343.516 1320.961 1319.449 1334.870 1303.579 1319.573 1209.754 1139.137 1165.232 1127.881 1041.151 1002.992 942.208 915.990 899.883 882.788 888.542 821.875 817.695 753.059 728.896 700.420 678.927 695.748 690.862 641.765 608.346 552.551 495.861 452.192
942.506 913.911 880.383 911.538 998.235 1110.224 1180.132 1253.520 1351.270 1384.438 1493.395 1544.830 1580.599 1598.887 1612.173 1500.549 1399.836 1380.099 1298.427 1250.651 1218.143 1210.697 1216.013 1215.913 1211.817 1198.696 1201.547 1254.369 1285.656 1274.785 1294.564 1310.591 1376.333 1425.368 1394.794 1357.250 1405.501 1371.017 1298.636 1277.366 1250.933 1200.159 1139.905 1074.393 988.622 927.153 916.380 890.453 864.663 858.612 823.454 813.409 757.104 742.293 736.191 709.601 701.660 695.995 666.497 623.332 570.528 543.914 477.311
865.101 839.060 841.090 875.977 966.302 988.912 1082.074 1184.785 1241.385 1351.930 1417.814 1445.988 1477.376 1433.075 1425.082 1382.527 1255.257 1197.593 1156.982 1139.623 1136.672 1115.885 1117.156 1156.180 1191.786 1208.029 1225.756 1244.403 1284.020 1340.034 1374.691 1404.617 1390.593 1360.560 1424.349 1413.309 1409.088 1363.499 1383.278 1354.103 1302.620 1249.668 1157.246 1081.818 981.597 912.530 921.964 897.526 887.337 890.434 866.473 816.563 784.825 788.263 753.389 760.688 694.957 686.498 664.849 642.592 605.922 538.063 524.412
763.324 762.184 785.235 826.071 882.825 960.724 1073.078 1131.833 1234.297 1320.190 1373.999 1386.368 1352.037 1326.988 1285.766 1231.908 1153.506 1063.091 984.442 1019.861 1028.613 1046.332 1066.475 1121.827 1106.010 1217.857 1242.265 1265.139 1316.966 1357.090 1352.784 1429.663 1433.364 1469.825 1464.415 1461.291 1492.556 1443.439 1422.581 1387.284 1375.021 1257.514 1193.793 1135.075 1052.048 888.675 929.499 938.161 945.781 928.223 930.938 868.445 843.085 821.719 812.866 774.804 756.144 741.221 667.758 664.738 597.700 580.623 556.505
723.332 691.067 720.509 785.012 852.313 899.453 1001.565 1081.654 1176.446 1264.797 1346.409 1292.307 1241.799 1262.286 1147.636 1098.868 1006.245 910.417 834.870 825.264 910.099 968.148 1016.458 1044.494 1125.932 1174.977 1238.563 1261.151 1307.594 1393.044 1422.582 1435.783 1456.042 1513.639 1472.809 1460.192 1465.787 1546.280 1519.954 1471.066 1389.326 1362.212 1324.101 1276.924 1152.570 1111.221 1048.758 1014.185 1039.355 1052.784 1011.748 970.360 917.013 866.115 820.442 793.600 784.782 755.658 708.691 658.722 643.940 628.849 625.613
732.268 686.904 709.601 734.461 784.692 832.918 957.358 1027.351 1113.610 1173.031 1216.372 1182.460 1170.922 1177.121 1106.977 1008.663 889.997 805.156 677.201 758.441 831.677 870.615 965.626 1028.273 1123.525 1180.953 1248.381 1329.930 1352.235 1388.355 1415.898 1447.805 1498.816 1512.333 1504.180 1549.268 1609.598 1629.775 1602.539 1572.365 1528.398 1502.855 1475.966 1414.687 1328.932 1282.956 1171.269 1140.667 1150.479 1129.745 1051.566 1072.800 971.977 961.329 871.341 826.010 852.235 785.839 753.113 729.432 677.452 638.233 644.350
709.100 695.354 701.628 706.795 744.707 807.410 860.037 972.888 1067.072 1068.940 1123.251 1088.510 1091.368 1016.317 967.941 879.281 812.871 751.560 711.309 740.205 776.773 870.389 935.179 1056.980 1113.234 1184.416 1272.305 1333.013 1411.191 1397.317 1465.802 1485.707 1481.882 1526.666 1569.648 1624.624 1645.674 1674.531 1678.289 1676.153 1680.432 1680.912 1547.549 1534.125 1465.843 1417.624 1373.810 1316.153 1239.844 1193.151 1172.411 1140.396 1058.396 1004.723 953.865 881.503 864.938 834.981 801.525 754.588 710.583 686.949 665.144
722.283 700.806 725.729 696.348 712.306 740.848 800.861 882.649 943.367 964.719 1016.863 1047.287 999.890 950.074 908.871 847.889 785.532 737.876 707.535 749.259 779.715 839.261 930.465 1042.305 1099.975 1159.888 1273.420 1357.840 1352.199 1358.184 1418.836 1543.784 1532.617 1596.357 1665.659 1638.260 1746.304 1774.724 1739.291 1731.719 1789.860 1753.680 1810.560 1707.364 1637.743 1584.305 1502.697 1454.691 1323.608 1275.694 1235.745 1191.712 1135.423 1091.012 1014.398 945.449 889.522 884.962 815.238 768.036 729.516 706.963 714.444
748.327 696.001 678.796 690.859 694.566 704.150 754.215 815.146 870.031 927.474 929.062 936.236 965.219 923.097 867.497 823.653 739.320 710.870 714.527 749.946 777.871 890.337 923.975 1032.788 1134.096 1181.163 1258.405 1280.718 1342.143 1332.227 1444.518 1509.003 1545.463 1624.253 1700.488 1712.261 1733.092 1803.374 1843.807 1824.762 1853.024 1866.096 1825.485 1855.265 1835.929 1739.937 1752.068 1598.324 1466.023 1412.629 1327.767 1257.112 1234.988 1185.889 1134.920 993.267 959.353 933.819 855.260 813.317 750.625 771.784 741.423
752.374 738.271 683.977 659.189 661.253 662.526 701.829 744.620 805.791 864.315 888.584 898.468 852.240 846.491 835.810 815.246 785.030 744.054 733.838 760.143 793.869 878.261 934.564 1030.030 1131.319 1207.753 1222.963 1321.527 1326.521 1407.140 1441.740 1501.841 1603.687 1622.341 1733.578 1757.829 1813.226 1927.821 1967.564 1922.609 1919.136 1901.977 1950.999 1981.360 1958.440 1943.661 1862.321 1737.801 1673.909 1559.115 1445.305 1332.586 1345.753 1251.921 1153.654 1118.979 1038.141 1012.526 933.953 848.348 834.636 815.401 766.772
772.059 725.404 681.054 656.356 643.787 647.591 678.546 718.114 740.499 770.853 803.434 851.843 842.256 797.893 814.477 800.028 800.871 773.831 765.114 770.961 803.662 867.322 908.213 1027.042 1131.917 1244.737 1214.501 1319.432 1327.199 1359.258 1410.907 1472.543 1572.764 1645.069 1688.976 1821.365 1904.704 1950.077 1952.729 1957.823 1957.058 2058.071 2072.221 2070.369 2065.081 2033.202 1961.692 1906.761 1834.266 1686.636 1583.759 1502.636 1426.796 1304.362 1252.716 1133.513 1124.228 1048.891 950.372 891.466 884.659 871.029 839.244
773.017 719.686 699.091 640.523 561.474 619.832 658.116 697.954 722.298 741.415 784.509 765.107 809.457 836.105 807.834 802.223 799.545 799.405 791.846 783.698 830.288 852.613 894.170 996.161 1078.731 1138.458 1165.498 1233.376 1272.578 1289.707 1390.123 1470.891 1565.446 1678.285 1789.712 1861.002 1921.125 1999.668 2079.328 2035.921 2116.553 2169.339 2180.965 2150.148 2187.207 2137.293 2087.065 2009.591 1928.596 1804.429 1663.308 1564.744 1516.315 1339.492 1270.586 1190.109 1115.769 1098.670 1062.166 953.319 930.781 904.297 865.994
779.185 749.781 705.932 683.953 635.980 650.750 674.431 662.776 712.360 741.190 773.280 779.658 798.692 797.886 835.961 805.202 820.740 805.294 784.948 804.900 802.659 816.427 876.430 927.870 1024.883 1061.452 1086.627 1136.877 1219.893 1248.953 1366.969 1475.440 1510.948 1673.977 1787.174 1937.145 1974.138 1992.611 2105.079 2166.456 2187.673 2122.746 2192.396 2294.296 2356.999 2328.843 2229.396 2118.530 1963.321 1830.351 1753.658 1626.274 1540.222 1401.261 1325.253 1227.548 1174.169 1132.838 1079.392 1021.581 955.157 913.353 893.376
783.038 757.103 724.171 691.255 673.725 673.229 678.543 676.550 707.094 733.304 753.543 776.167 796.129 831.782 864.013 836.546 846.835 835.881 807.223 772.031 808.129 831.371 814.129 884.777 945.574 955.859 1000.744 1039.008 1142.139 1214.655 1336.508 1370.521 1462.146 1579.536 1756.942 1936.106 2031.052 2068.593 2106.089 2146.778 2283.091 2225.157 2247.607 2226.763 2278.947 2325.424 2395.604 2167.686 2005.427 1830.914 1697.765 1624.016 1548.666 1418.720 1385.059 1255.776 1210.536 1136.755 1112.930 1041.701 1020.953 951.051 902.496
821.410 774.764 760.050 735.111 705.602 699.899 702.210 696.340 722.521 710.393 765.324 786.136 801.731 845.384 879.291 905.219 853.181 845.369 843.168 835.013 821.013 823.538 815.719 804.751 825.640 881.141 919.127 986.259 1123.189 1141.042 1268.378 1335.604 1401.920 1522.859 1708.502 1868.396 1963.506 2109.406 2175.381 2200.740 2219.681 2280.131 2150.869 2232.703 2288.630 2270.784 2264.937 2139.618 1961.160 1801.350 1771.087 1664.913 1526.237 1399.005 1366.325 1265.813 1204.382 1171.093 1155.984 1072.377 989.070 940.594 932.178
885.759 813.734 794.919 784.233 740.362 712.490 689.540 699.639 710.091 746.068 765.449 804.989 832.975 887.145 896.149 835.760 848.818 842.477 848.017 843.122 838.519 787.164 806.851 807.010 796.278 778.662 843.878 947.093 1024.083 1107.746 1172.321 1217.512 1349.770 1466.323 1618.436 1829.376 1982.093 2085.710 2267.790 2282.657 2210.347 2250.449 2210.245 2135.289 2149.324 2130.817 2112.255 1994.945 1925.396 1861.668 1703.007 1639.950 1480.649 1392.750 1353.146 1256.597 1203.506 1191.611 1129.297 1079.193 997.734 954.778 929.845
916.124 865.126 868.154 812.815 771.070 731.532 720.539 721.717 728.537 751.744 760.956 784.743 851.921 928.706 885.192 871.201 845.060 863.348 868.305 858.062 858.519 861.496 818.058 796.167 750.786 752.011 830.552 950.747 984.282 1060.180 1092.288 1163.947 1260.427 1374.315 1650.234 1782.416 1925.833 2116.406 2268.373 2244.187 2254.353 2157.381 2208.502 2138.181 2073.847 1947.392 1964.184 1865.164 1833.193 1741.087 1664.060 1514.067 1349.386 1323.294 1274.170 1202.492 1199.962 1162.491 1130.820 1085.204 1003.006 974.606 894.802
942.915 893.052 878.693 835.866 807.442 766.281 719.599 719.335 726.994 757.484 747.850 781.427 812.385 874.913 856.986 853.694 857.688 878.909 880.806 909.991 934.057 909.511 898.865 852.725 816.957 715.294 841.164 949.419 1041.499 1051.344 1043.365 1082.194 1162.987 1290.638 1518.671 1714.045 1873.459 2085.887 2365.983 2213.225 2188.318 2070.513 1941.497 1951.427 1907.193 1838.466 1797.247 1693.672 1650.328 1589.260 1519.357 1417.424 1279.279 1233.377 1195.243 1142.193 1171.307 1131.127 1075.602 1053.570 997.127 966.535 905.511
961.455 934.479 877.330 869.881 804.102 772.845 735.565 700.137 723.080 705.006 719.439 739.908 778.694 824.473 820.260 839.855 866.115 875.041 903.503 961.941 979.624 1011.914 1001.053 1021.291 993.687 972.490 1032.207 1105.205 1138.411 1142.518 1096.792 1032.403 1030.744 1186.864 1390.002 1602.800 1791.442 1938.091 2084.506 2106.092 1985.132 1879.641 1838.390 1794.387 1744.705 1665.363 1595.123 1528.382 1478.608 1439.789 1402.126 1312.415 1235.225 1180.403 1168.096 1082.417 1086.196 1056.522 1031.632 976.165 958.383 934.573 864.794
940.861 946.350 896.850 925.585 837.041 802.207 749.821 726.476 701.803 678.278 681.105 711.065 739.726 782.568 824.650 839.862 857.692 918.163 930.808 1010.259 1081.446 1084.241 1152.229 1197.079 1260.189 1252.248 1245.407 1273.156 1306.839 1239.749 1143.269 1021.163 882.457 1113.581 1329.085 1483.424 1724.529 1795.934 1830.372 1862.461 1852.993 1691.204 1638.066 1595.116 1519.554 1465.398 1377.647 1327.132 1318.207 1301.103 1249.540 1212.509 1161.710 1165.570 1094.533 1067.166 981.963 989.380 979.742 941.350 -999.250 868.700 845.593
926.269 940.312 947.701 927.394 898.984 851.977 800.845 770.552 693.025 658.277 652.567 677.060 699.896 767.708 774.563 859.645 890.411 922.406 964.739 1054.070 1151.120 1176.419 1286.251 1403.643 1523.997 1602.684 1601.069 1629.073 1564.298 1448.679 1295.896 1162.742 1109.060 1161.939 1337.497 1447.225 1593.005 1578.034 1700.444 1596.289 1470.023 1411.581 1330.921 1301.167 1221.903 1235.870 1219.687 1174.215 1168.132 1178.338 1183.393 1137.963 1092.611 1045.612 1027.332 983.293 975.665 939.094 -999.250 -999.250 -999.250 -999.250 -999.250
937.266 976.257 953.652 999.635 975.875 913.169 842.062 786.530 727.789 703.437 658.524 651.607 701.808 771.058 815.998 853.569 891.589 923.938 973.127 1095.078 1190.816 1319.772 1450.379 1651.918 1816.979 1954.478 1944.835 1945.258 1869.925 1753.075 1586.662 1414.124 1292.744 1277.184 1352.216 1405.481 1475.331 1462.953 1416.527 1336.427 1217.225 1134.846 1089.623 1079.067 1105.281 1069.056 1130.266 1118.233 1093.695 1044.157 1048.824 1040.985 994.265 989.716 1002.133 939.701 937.162 -999.250 -999.250 -999.250 -999.250 -999.250 -999.250
956.844 1019.413 1025.240 1091.923 1039.076 1007.445 918.644 830.169 788.776 767.995 736.423 636.460 772.929 829.872 894.350 897.479 899.723 909.206 969.403 1056.592 1211.129 1405.325 1580.765 1892.239 2064.679 2250.777 2346.847 2282.773 2149.142 2018.339 1915.355 1685.426 1544.416 1442.052 1428.544 1461.687 1522.977 1384.873 1226.147 1131.131 966.952 810.090 823.173 867.000 885.264 913.029 969.972 987.150 979.228 986.762 936.322 965.817 945.989 929.151 927.568 955.471 937.107 -999.250 -999.250 -999.250 -999.250 -999.250 -999.250
1011.683 1049.481 1117.907 1162.888 1114.848 1092.963 988.322 877.758 839.705 842.942 911.353 1033.411 932.400 959.184 939.245 949.652 946.227 944.408 970.222 1030.772 1131.240 1435.950 1692.794 2056.937 2305.371 2558.230 2666.517 2743.762 2544.273 2310.024 2116.424 1961.632 1787.129 1625.490 1563.244 1500.945 1410.695 1330.970 1172.606 1027.214 801.710 532.813 647.004 717.750 771.372 804.202 856.309 886.449 886.993 901.736 879.650 916.034 887.133 879.054 905.296 893.371 -999.250 -999.250 -999.250 -999.250 -999.250 -999.250 -999.250
1075.911 1118.380 1237.988 1227.630 1276.421 1240.835 1146.576 908.174 925.870 954.735 1024.303 1073.204 1068.569 1067.695 1063.515 1057.546 1014.040 949.109 937.589 960.991 1101.546 1413.261 1832.175 2295.369 2640.276 3081.925 3403.117 3230.544 3052.232 2628.849 2410.226 2191.055 1983.263 1817.596 1699.056 1676.554 1499.378 1356.096 1199.600 1007.946 781.618 641.143 631.253 649.921 680.707 718.964 749.908 767.931 795.509 813.145 834.099 871.976 849.148 877.510 851.448 -999.250 -999.250 -999.250 -999.250 -999.250 -999.250 -999.250 -999.250
1183.071 1240.594 1316.200 1360.145 1507.403 1518.258 1393.789 1224.857 1133.655 1112.510 1129.438 1119.954 1125.155 1133.922 1167.617 1141.408 1124.484 1024.076 926.107 849.140 943.286 1364.028 1900.708 2347.735 3048.696 3597.773 4084.210 3646.398 3330.206 3059.623 2553.717 2260.500 2086.135 1869.183 1823.906 1669.317 1505.010 1362.029 1208.588 1034.461 830.879 705.973 655.340 634.356 670.581 673.090 670.249 719.481 742.322 757.889 779.387 806.940 805.529 824.502 827.412 -999.250 -999.250 -999.250 -999.250 -999.250 -999.250 -999.250 -999.250
