data/medianmodel_04-Jan-2021.asc
ncols	141
nrows	288
xllcorner	-120191.398
yllcorner	-301404.813
cellsize	2000.000
NODATA_value	-999.250
[rows 196 to 223 of 288, columns 0 to 64 of 141]
-999.250 -999.250 -999.250 -999.250 -999.250 -999.250 -999.250 -999.250 -999.250 -999.250 -999.250 -999.250 -999.250 496.231 486.648 496.144 509.920 493.640 484.472 514.995 524.620 525.745 515.433 507.828 502.700 484.396 488.105 536.684 555.066 581.197 603.501 631.649 665.119 709.986 723.272 760.935 770.744 801.636 802.569 844.980 883.177 893.979 946.957 1006.587 996.325 1033.511 1024.788 953.084 957.182 985.761 945.237 915.400 855.372 872.492 853.411 846.856 847.860 802.435 774.657 787.262 734.753 799.595 772.534 751.087 761.125
-999.250 -999.250 -999.250 -999.250 -999.250 -999.250 -999.250 -999.250 -999.250 -999.250 -999.250 -999.250 -999.250 510.469 494.044 488.149 479.197 475.839 488.801 488.704 496.766 514.069 508.730 493.225 498.003 505.965 511.990 534.163 554.687 602.785 582.122 613.631 615.085 678.788 688.499 749.850 770.035 813.150 845.323 834.945 856.830 882.096 914.110 958.593 1033.325 1004.757 993.113 1064.949 989.532 992.164 926.070 992.668 996.026 956.415 940.711 896.019 864.053 874.559 850.830 865.248 833.293 852.291 861.379 856.435 838.102
-999.250 -999.250 -999.250 -999.250 -999.250 -999.250 -999.250 -999.250 -999.250 -999.250 -999.250 -999.250 -999.250 492.895 493.053 473.547 479.023 481.165 481.105 483.156 477.816 518.183 502.698 502.745 501.523 506.504 513.622 545.070 575.441 588.208 595.829 609.640 616.441 628.955 647.673 747.911 763.767 769.504 810.716 842.121 850.365 908.721 896.491 989.672 1032.859 1045.000 1085.084 1016.293 1053.018 1060.292 1052.738 1067.507 1011.361 1031.776 988.348 998.192 939.368 948.965 953.223 929.099 940.615 901.805 983.925 944.219 912.244
-999.250 -999.250 -999.250 -999.250 -999.250 -999.250 -999.250 -999.250 -999.250 -999.250 -999.250 -999.250 -999.250 -999.250 469.484 469.465 466.326 479.485 476.301 489.158 494.773 492.135 498.034 483.378 492.486 513.374 533.153 548.995 598.647 612.921 595.797 611.113 603.867 639.555 634.923 659.935 747.289 770.057 814.451 826.443 860.626 861.354 884.275 946.433 941.208 1020.230 1026.124 998.258 1106.972 1014.397 1052.830 1143.877 1045.228 1028.226 1045.357 1048.961 1033.597 1090.832 1055.365 996.625 990.185 1002.066 1046.884 976.828 1001.226
-999.250 -999.250 -999.250 -999.250 -999.250 -999.250 -999.250 -999.250 -999.250 -999.250 -999.250 -999.250 -999.250 -999.250 466.745 464.274 465.335 464.476 475.391 486.633 485.798 496.999 497.037 491.005 494.684 516.372 561.219 571.991 643.643 627.419 592.044 578.464 594.741 609.238 619.039 666.519 689.230 708.264 752.040 779.363 818.610 821.403 890.413 950.177 935.351 1022.416 1022.473 1010.303 1011.020 1059.862 1115.337 1136.206 1096.354 1004.286 1062.898 1152.246 1166.406 1159.085 1155.248 1096.789 1103.601 1143.695 1127.828 1132.501 1041.770
-999.250 -999.250 -999.250 -999.250 -999.250 -999.250 -999.250 -999.250 -999.250 -999.250 -999.250 -999.250 -999.250 -999.250 462.653 468.812 457.290 451.101 462.129 463.038 479.696 487.486 479.380 497.303 487.622 520.403 551.298 570.181 608.700 612.553 603.790 596.932 627.005 626.785 613.287 622.803 664.753 696.847 694.547 751.079 797.466 831.415 852.340 937.189 914.980 1025.799 1028.249 1027.709 991.062 1139.776 1163.553 1184.603 1087.073 1128.792 1144.794 1295.920 1259.100 1305.054 1246.782 1261.248 1278.130 1290.247 1351.685 1301.813 1262.534
-999.250 -999.250 -999.250 -999.250 -999.250 -999.250 -999.250 -999.250 -999.250 -999.250 -999.250 -999.250 -999.250 -999.250 458.790 466.387 463.986 464.332 490.114 478.441 473.212 470.722 490.567 479.021 491.932 -999.250 548.112 573.528 570.949 596.728 628.650 636.998 636.954 626.846 615.916 631.062 652.649 707.146 700.741 711.634 760.511 785.097 835.911 943.878 982.961 1009.552 1108.005 1077.742 1064.854 1094.096 1170.124 1319.626 1262.473 1287.967 1271.584 1397.282 1418.911 1453.056 1402.907 1424.004 1448.493 1450.980 1316.205 1385.345 1341.787
-999.250 -999.250 -999.250 -999.250 -999.250 -999.250 -999.250 -999.250 -999.250 -999.250 -999.250 -999.250 -999.250 -999.250 472.778 464.844 477.166 489.309 479.236 473.805 477.089 476.745 491.591 -999.250 -999.250 -999.250 514.796 546.888 550.427 574.950 595.435 597.861 629.193 587.102 612.563 646.916 688.349 697.376 684.722 730.959 774.390 812.772 827.031 874.741 968.286 946.345 1027.340 1017.477 1084.799 1103.518 1265.796 1377.217 1378.995 1350.251 1431.412 1412.263 1556.541 1511.007 1558.878 1547.310 1520.938 1565.766 1587.046 1581.450 1402.275
-999.250 -999.250 -999.250 -999.250 -999.250 -999.250 -999.250 -999.250 -999.250 -999.250 -999.250 -999.250 -999.250 468.957 493.827 490.122 482.398 484.411 478.747 475.599 470.955 463.833 -999.250 -999.250 -999.250 -999.250 -999.250 516.155 540.209 576.461 570.984 571.884 586.145 600.815 618.441 629.231 680.995 665.498 675.847 698.703 767.887 801.367 843.870 874.165 913.898 919.582 1005.633 1063.520 1095.277 1128.094 1122.737 1271.236 1367.646 1420.409 1416.582 1443.829 1497.657 1597.079 1549.507 1723.858 1780.714 1725.676 1759.669 1700.285 1595.695
-999.250 -999.250 -999.250 -999.250 -999.250 -999.250 -999.250 -999.250 -999.250 -999.250 -999.250 -999.250 -999.250 470.076 464.508 505.922 495.750 480.986 469.068 468.850 -999.250 -999.250 -999.250 -999.250 -999.250 -999.250 -999.250 -999.250 540.246 549.392 561.405 557.973 592.916 581.646 602.132 625.850 661.976 648.356 694.804 714.767 740.692 811.910 839.070 820.048 914.695 908.305 973.875 1072.534 1077.628 1158.907 1230.831 1336.810 1379.796 1400.009 1574.998 1596.422 1650.572 1696.083 1739.290 1645.571 1804.909 1923.891 1859.135 1889.858 1829.938
-999.250 -999.250 -999.250 -999.250 -999.250 -999.250 -999.250 -999.250 -999.250 -999.250 -999.250 -999.250 480.888 480.697 -999.250 -999.250 -999.250 -999.250 -999.250 -999.250 -999.250 -999.250 -999.250 -999.250 -999.250 -999.250 -999.250 -999.250 -999.250 576.061 565.273 575.041 559.367 589.838 595.705 621.342 685.290 653.287 707.648 729.149 735.659 781.385 838.761 817.878 879.679 910.561 1036.122 1064.387 1046.527 1119.012 1217.542 1308.805 1409.656 1402.961 1511.852 1679.592 1682.883 1706.945 1697.131 1740.853 1854.335 1918.387 1928.568 2026.436 1930.608
-999.250 -999.250 -999.250 -999.250 -999.250 -999.250 -999.250 -999.250 -999.250 -999.250 -999.250 -999.250 -999.250 -999.250 -999.250 -999.250 -999.250 -999.250 -999.250 -999.250 -999.250 -999.250 -999.250 -999.250 -999.250 -999.250 -999.250 -999.250 -999.250 -999.250 535.087 542.442 550.060 559.741 612.045 611.696 614.965 650.664 689.805 659.880 722.009 739.175 837.563 872.742 864.720 897.770 973.194 1050.875 1113.468 1146.465 1252.938 1317.517 1405.942 1436.856 1565.758 1614.131 1687.972 1631.872 1720.298 1846.937 1973.129 2128.138 2077.580 2113.521 2102.786
-999.250 -999.250 -999.250 -999.250 -999.250 -999.250 -999.250 -999.250 -999.250 -999.250 -999.250 -999.250 -999.250 -999.250 -999.250 -999.250 -999.250 -999.250 -999.250 -999.250 -999.250 -999.250 -999.250 -999.250 -999.250 -999.250 -999.250 -999.250 -999.250 -999.250 551.693 533.562 540.834 560.389 593.962 619.499 628.855 618.585 629.326 710.843 729.768 778.266 854.204 922.637 927.628 926.947 942.305 1054.042 1066.651 1122.430 1267.591 1341.004 1406.024 1432.476 1600.035 1616.573 1646.365 1684.497 1629.971 1799.792 2016.553 2098.396 2189.132 2320.617 2251.975
-999.250 -999.250 -999.250 -999.250 -999.250 -999.250 -999.250 -999.250 -999.250 -999.250 -999.250 -999.250 -999.250 -999.250 -999.250 -999.250 -999.250 -999.250 -999.250 -999.250 -999.250 -999.250 -999.250 -999.250 -999.250 -999.250 -999.250 -999.250 -999.250 -999.250 523.730 516.572 550.734 565.453 559.098 610.708 597.751 612.452 642.735 694.904 725.612 795.294 836.049 902.023 925.145 942.501 1013.150 1006.272 1047.121 1109.464 1170.480 1310.998 1421.001 1405.308 1428.298 1515.361 1658.394 1642.172 1827.684 1883.029 1937.311 2020.466 2220.290 2290.205 2313.125
-999.250 -999.250 -999.250 -999.250 -999.250 -999.250 -999.250 -999.250 -999.250 -999.250 -999.250 -999.250 -999.250 -999.250 -999.250 -999.250 -999.250 -999.250 -999.250 -999.250 -999.250 -999.250 -999.250 -999.250 -999.250 -999.250 -999.250 -999.250 -999.250 -999.250 -999.250 499.021 531.500 535.493 552.564 563.050 582.463 574.071 580.385 658.213 688.900 754.591 849.129 869.883 886.429 929.191 925.433 960.519 994.164 1074.695 1102.018 1184.608 1269.299 1381.903 1520.486 1522.525 1530.006 1578.268 1665.083 1825.392 1809.983 1947.367 2094.044 2134.781 2340.897
-999.250 -999.250 -999.250 -999.250 -999.250 -999.250 -999.250 -999.250 -999.250 -999.250 -999.250 -999.250 -999.250 -999.250 -999.250 -999.250 -999.250 -999.250 -999.250 -999.250 -999.250 -999.250 -999.250 -999.250 -999.250 -999.250 -999.250 -999.250 -999.250 -999.250 -999.250 496.294 505.724 514.597 502.701 542.092 533.731 547.486 578.166 635.746 650.289 712.447 771.453 800.892 830.265 858.518 850.136 899.101 925.345 1000.438 1088.742 1089.474 1143.808 1300.598 1469.678 1410.287 1454.289 1490.611 1601.081 1616.822 1722.616 1824.602 2006.221 2220.235 2272.304
-999.250 -999.250 -999.250 -999.250 -999.250 -999.250 -999.250 -999.250 -999.250 -999.250 -999.250 -999.250 -999.250 -999.250 -999.250 -999.250 -999.250 -999.250 -999.250 -999.250 -999.250 -999.250 -999.250 -999.250 -999.250 -999.250 -999.250 -999.250 -999.250 -999.250 -999.250 483.089 488.697 516.938 493.224 519.128 530.825 549.125 586.982 593.125 618.806 650.839 686.999 726.026 745.241 780.706 829.841 867.160 938.750 962.596 1003.758 1009.484 1126.077 1116.947 1297.380 1376.212 1383.620 1415.391 1481.916 1541.326 1584.845 1648.952 1799.764 1836.862 1952.171
-999.250 -999.250 -999.250 -999.250 -999.250 -999.250 -999.250 -999.250 -999.250 -999.250 -999.250 -999.250 -999.250 -999.250 -999.250 -999.250 -999.250 -999.250 -999.250 -999.250 -999.250 -999.250 -999.250 -999.250 -999.250 -999.250 -999.250 -999.250 -999.250 -999.250 -999.250 462.009 475.088 494.029 500.274 511.132 505.937 509.688 530.610 538.709 585.805 598.659 634.812 656.070 652.001 740.638 753.667 826.568 848.785 886.029 932.932 916.289 945.899 1092.786 1124.318 1166.164 1149.491 1200.297 1274.370 1343.786 1421.559 1430.765 1515.937 1490.619 1627.066
-999.250 -999.250 -999.250 -999.250 -999.250 -999.250 -999.250 -999.250 -999.250 -999.250 -999.250 -999.250 -999.250 -999.250 -999.250 -999.250 -999.250 -999.250 -999.250 -999.250 -999.250 -999.250 -999.250 -999.250 -999.250 -999.250 -999.250 -999.250 -999.250 -999.250 -999.250 478.689 483.655 490.719 488.025 494.932 485.024 490.481 494.453 515.132 525.561 543.436 557.507 585.541 599.076 648.312 703.791 726.628 779.007 831.120 875.942 880.505 879.174 880.100 966.029 1006.916 1076.415 1120.172 1089.453 1088.071 1123.815 1158.441 1196.078 1214.325 1238.742
-999.250 -999.250 -999.250 -999.250 -999.250 -999.250 -999.250 -999.250 -999.250 -999.250 -999.250 -999.250 -999.250 -999.250 -999.250 -999.250 -999.250 -999.250 -999.250 -999.250 -999.250 -999.250 -999.250 -999.250 -999.250 -999.250 -999.250 -999.250 -999.250 -999.250 -999.250 445.095 430.374 450.215 453.419 433.507 429.908 461.908 471.912 484.436 507.124 501.822 527.984 530.696 550.285 581.064 619.398 634.515 663.120 732.416 780.603 781.976 761.113 773.699 847.302 840.343 893.784 888.370 882.194 894.841 873.531 848.681 863.839 923.290 903.170
-999.250 -999.250 -999.250 -999.250 -999.250 -999.250 -999.250 -999.250 -999.250 -999.250 -999.250 -999.250 -999.250 -999.250 -999.250 -999.250 -999.250 -999.250 -999.250 -999.250 -999.250 -999.250 -999.250 -999.250 -999.250 -999.250 -999.250 -999.250 -999.250 -999.250 -999.250 421.776 405.025 451.922 433.772 435.312 438.434 442.854 438.253 419.499 450.565 451.446 469.036 474.229 504.751 525.801 531.239 548.680 581.328 624.531 694.794 688.008 659.387 676.991 684.267 728.998 735.319 776.060 719.581 742.881 684.356 635.543 629.327 631.048 615.066
-999.250 -999.250 -999.250 -999.250 -999.250 -999.250 -999.250 -999.250 -999.250 -999.250 -999.250 -999.250 -999.250 -999.250 -999.250 -999.250 -999.250 -999.250 -999.250 -999.250 -999.250 -999.250 -999.250 -999.250 -999.250 -999.250 -999.250 -999.250 -999.250 -999.250 -999.250 451.459 398.977 411.865 423.168 419.656 409.678 403.720 395.458 396.311 411.359 425.041 441.156 425.281 446.602 480.390 486.668 506.113 523.666 549.939 570.531 580.919 584.643 596.040 574.422 585.837 600.351 581.528 557.236 554.060 503.650 517.965 486.188 450.642 410.603
-999.250 -999.250 -999.250 -999.250 -999.250 -999.250 -999.250 -999.250 -999.250 -999.250 -999.250 -999.250 -999.250 -999.250 -999.250 -999.250 -999.250 -999.250 -999.250 -999.250 -999.250 -999.250 -999.250 -999.250 -999.250 -999.250 -999.250 -999.250 -999.250 -999.250 -999.250 408.473 398.459 407.611 385.346 388.833 388.401 375.096 385.997 358.476 368.169 380.327 392.197 401.778 406.723 415.346 438.075 451.536 471.053 478.324 477.655 477.820 505.800 517.464 520.863 494.341 487.081 461.175 430.214 413.033 396.716 355.277 318.447 299.717 271.749
-999.250 -999.250 -999.250 -999.250 -999.250 -999.250 -999.250 -999.250 -999.250 -999.250 -999.250 -999.250 -999.250 -999.250 -999.250 -999.250 -999.250 -999.250 -999.250 -999.250 -999.250 -999.250 -999.250 -999.250 -999.250 -999.250 -999.250 -999.250 -999.250 -999.250 -999.250 383.867 371.328 378.638 358.229 335.973 347.071 336.417 342.488 350.946 348.260 362.047 362.938 369.914 381.249 369.896 385.718 403.405 397.002 387.996 415.611 426.349 411.923 425.949 434.706 398.570 387.168 343.926 331.994 298.285 281.258 245.635 226.972 222.585 215.947
-999.250 -999.250 -999.250 -999.250 -999.250 -999.250 -999.250 -999.250 -999.250 -999.250 -999.250 -999.250 -999.250 -999.250 -999.250 -999.250 -999.250 -999.250 -999.250 -999.250 -999.250 -999.250 -999.250 -999.250 -999.250 -999.250 -999.250 -999.250 -999.250 -999.250 -999.250 342.198 346.443 314.411 310.034 302.670 315.161 295.538 307.260 304.746 297.445 314.179 319.160 327.490 326.321 352.372 338.825 330.943 351.246 334.928 351.605 346.912 332.833 325.913 326.341 294.640 297.348 270.072 236.074 212.920 206.382 170.916 162.470 163.828 178.367
-999.250 -999.250 -999.250 -999.250 -999.250 -999.250 -999.250 -999.250 -999.250 -999.250 -999.250 -999.250 -999.250 -999.250 -999.250 -999.250 -999.250 -999.250 -999.250 -999.250 -999.250 -999.250 -999.250 -999.250 -999.250 -999.250 -999.250 -999.250 -999.250 -999.250 -999.250 299.414 304.006 292.372 278.703 285.218 287.354 286.326 286.960 268.592 268.215 282.026 287.521 283.574 284.029 270.431 266.641 282.905 289.779 265.490 285.484 277.055 266.817 275.973 243.517 245.129 199.154 199.317 155.722 110.602 111.376 109.414 115.211 131.922 179.321
-999.250 -999.250 -999.250 -999.250 -999.250 -999.250 -999.250 -999.250 -999.250 -999.250 -999.250 -999.250 -999.250 -999.250 -999.250 -999.250 -999.250 -999.250 -999.250 -999.250 -999.250 -999.250 -999.250 -999.250 -999.250 -999.250 -999.250 -999.250 -999.250 -999.250 -999.250 250.346 268.455 269.889 255.069 246.626 250.172 258.305 244.620 248.953 243.773 245.785 262.959 261.110 257.223 250.256 242.372 248.326 230.522 226.145 245.528 200.575 212.648 206.040 208.460 179.387 178.904 156.060 126.385 98.504 92.569 81.859 95.482 106.746 175.157
-999.250 -999.250 -999.250 -999.250 -999.250 -999.250 -999.250 -999.250 -999.250 -999.250 -999.250 -999.250 -999.250 -999.250 -999.250 -999.250 -999.250 -999.250 -999.250 -999.250 -999.250 -999.250 -999.250 -999.250 -999.250 -999.250 -999.250 -999.250 -999.250 -999.250 242.319 251.062 235.270 238.797 236.539 234.465 236.302 239.817 239.773 236.237 233.776 224.106 252.128 222.651 235.323 224.305 215.735 206.132 206.316 183.010 187.573 176.433 169.325 179.654 152.417 121.027 124.026 118.583 92.700 88.323 70.401 79.054 86.916 109.043 155.267
