data/medianmodel_05-Sep-2020.asc
ncols	141
nrows	288
xllcorner	-120191.398
yllcorner	-301404.813
cellsize	2000.000
NODATA_value	-999.250
[rows 31 to 61 of 288, columns 69 to 137 of 141]
9.165 10.331 10.054 7.660 8.639 7.948 7.577 9.769 11.948 12.738 15.453 17.194 17.910 15.596 15.003 11.649 10.189 10.255 6.956 4.478 5.239 4.718 3.815 3.557 4.133 9.656 12.530 18.658 26.438 30.861 39.098 42.735 42.413 44.960 44.723 48.044 50.900 52.548 59.543 62.614 70.993 76.052 77.303 78.848 92.494 95.228 107.780 117.668 148.209 158.739 172.873 169.161 210.755 253.122 275.695 333.956 297.476 345.502 346.538 330.161 203.604 153.422 128.317 89.628 76.635 51.034 37.232 18.282 6.905
13.054 10.563 11.449 12.553 10.492 9.414 10.656 11.819 14.597 15.563 19.859 19.260 19.921 18.144 15.945 11.582 9.634 9.113 7.698 6.525 5.712 5.377 3.241 2.976 5.253 9.238 14.003 23.000 28.869 32.937 41.297 42.363 45.308 45.679 46.700 47.107 52.101 54.194 63.401 70.840 76.839 76.958 73.164 87.834 85.924 94.478 104.205 113.540 129.728 138.891 163.447 172.955 162.268 225.760 282.385 297.866 270.744 308.634 319.536 214.067 175.893 126.096 108.774 76.770 57.031 41.157 24.491 11.417 1.691
15.979 13.671 13.859 12.153 13.144 12.503 11.852 14.713 15.567 19.625 20.678 20.780 23.646 22.141 17.525 13.048 9.637 7.078 6.835 5.459 7.626 5.920 3.834 4.531 7.481 11.806 15.000 22.507 33.748 38.746 43.190 41.284 43.327 45.585 48.508 47.515 49.705 51.504 61.488 75.778 73.031 74.117 76.922 77.578 77.592 101.806 102.874 118.650 117.596 130.875 140.900 160.308 163.300 185.080 184.884 194.461 206.174 165.847 194.568 150.159 141.967 121.195 97.735 73.542 49.317 29.954 11.149 6.507 0.000
14.723 14.404 13.239 13.940 16.622 12.185 13.112 14.330 16.596 19.284 22.199 24.871 26.264 23.617 19.267 16.518 11.816 9.880 7.386 5.058 7.445 7.262 4.521 6.968 8.030 13.504 18.217 25.977 27.514 40.876 44.037 43.814 46.068 45.126 43.945 48.731 47.047 51.333 57.746 67.045 65.768 70.081 71.898 73.031 77.776 95.189 90.961 107.561 110.769 115.594 133.188 148.192 160.074 164.985 148.496 163.058 171.598 189.192 172.607 139.747 128.614 100.151 81.314 58.458 36.375 15.484 2.586 0.000 0.000
12.365 11.426 11.029 11.241 11.684 11.705 10.950 12.122 16.269 21.840 24.573 27.471 33.442 25.938 20.612 15.056 11.932 10.627 6.168 6.124 5.219 4.433 4.494 6.880 9.367 14.220 19.765 26.238 33.034 43.179 49.026 48.926 46.661 38.986 41.879 39.683 44.333 47.114 49.450 53.417 54.944 55.053 64.593 73.098 75.633 83.738 99.171 87.753 102.031 119.030 133.577 128.863 131.537 124.750 129.377 146.070 149.764 147.587 139.264 123.428 109.710 91.936 68.767 47.767 23.911 0.000 0.000 0.000 -999.250
11.527 8.674 8.859 8.626 8.740 8.275 11.343 15.815 16.150 19.343 22.269 24.872 25.628 25.089 19.419 14.768 11.440 7.992 4.715 6.384 6.111 5.089 7.151 7.366 9.543 13.826 18.853 25.436 35.662 45.175 55.162 48.155 46.573 40.563 39.358 38.605 40.759 42.900 42.002 48.666 49.485 51.186 56.824 63.344 68.860 77.988 92.614 98.373 103.285 117.676 122.460 137.913 118.345 123.878 140.776 124.699 127.025 114.074 115.472 95.247 88.814 70.350 55.620 37.713 18.009 0.000 0.000 0.000 -999.250
8.943 6.552 5.037 4.835 5.059 8.562 9.397 12.560 15.527 18.460 19.151 19.899 20.848 17.075 15.132 13.013 9.322 7.475 4.131 1.160 2.658 3.875 7.948 8.240 10.425 11.582 17.191 22.540 28.549 41.281 42.730 41.948 36.623 34.222 28.877 30.177 35.127 33.904 35.404 38.656 40.151 47.725 54.893 57.755 60.083 74.549 78.369 90.121 98.959 99.971 106.624 111.114 121.920 116.331 124.759 131.995 121.344 106.005 89.728 81.155 74.034 65.267 46.904 29.045 12.739 0.153 0.000 -999.250 -999.250
4.804 4.828 2.481 0.389 3.488 7.529 10.277 11.588 13.273 16.945 16.101 16.483 15.728 14.633 11.628 8.938 7.376 2.485 0.232 1.473 0.233 2.240 6.166 7.400 8.205 10.965 14.429 20.517 26.260 31.146 29.719 31.709 29.018 26.313 22.522 22.812 25.588 21.282 27.065 29.791 36.459 41.783 47.536 49.984 57.933 70.139 71.639 78.126 86.557 87.570 98.296 98.935 109.831 108.000 102.818 102.727 100.371 87.255 95.895 81.838 69.487 51.064 42.078 25.178 9.266 0.000 0.000 -999.250 -999.250
1.010 0.000 0.000 1.982 2.238 5.064 6.977 10.447 11.446 11.686 15.098 13.226 13.149 12.811 9.415 6.723 6.182 1.493 0.000 0.000 0.000 0.000 2.834 4.032 6.276 9.467 12.131 15.706 19.165 21.779 20.916 23.596 20.938 20.405 17.575 14.496 15.370 16.175 18.954 20.158 26.176 35.727 34.583 43.223 46.874 59.742 66.350 74.221 79.525 77.715 86.859 96.575 94.946 89.284 89.971 87.849 89.273 81.057 80.794 69.227 57.306 47.231 29.183 17.552 7.389 0.000 0.000 -999.250 -999.250
0.000 0.000 0.000 0.000 0.000 3.845 5.527 7.091 9.290 9.775 11.230 10.294 10.202 8.956 6.727 5.199 4.691 0.837 0.000 0.000 0.000 0.000 1.959 1.048 6.608 7.764 9.779 13.053 12.429 15.786 18.041 18.332 15.131 13.617 12.132 10.429 10.234 10.232 12.173 13.588 19.167 22.933 27.708 37.619 43.638 51.537 58.111 66.010 72.757 73.799 78.467 82.828 88.150 80.625 78.446 83.366 82.495 75.749 62.188 54.278 50.983 40.171 22.313 13.287 7.048 0.000 -999.250 -999.250 -999.250
0.000 0.000 0.000 0.000 0.606 2.112 4.723 5.849 9.697 9.629 9.772 8.348 7.853 7.814 5.652 5.197 2.878 0.652 0.000 0.000 0.000 0.000 0.000 2.146 4.412 6.277 7.992 9.705 9.958 13.146 11.759 10.556 9.821 9.472 6.885 5.748 5.357 5.811 7.917 6.819 10.672 17.436 20.381 33.195 41.468 47.304 51.343 61.033 64.756 74.183 73.711 77.308 83.337 80.880 78.066 76.535 74.933 62.305 52.570 52.832 44.209 29.271 16.801 12.418 1.542 0.000 0.000 -999.250 -999.250
0.000 0.000 0.000 0.000 0.461 3.598 3.870 5.292 7.784 8.685 7.729 7.136 8.793 7.636 5.129 2.511 2.462 1.218 0.000 0.000 0.000 0.157 0.000 1.420 2.399 4.586 6.464 7.730 6.893 8.760 7.572 4.853 5.891 4.442 2.051 0.696 0.000 2.251 1.475 0.241 5.059 9.756 18.197 21.143 31.444 44.024 51.825 57.552 64.946 70.037 69.739 75.449 83.774 77.900 75.255 70.099 69.542 58.164 51.178 48.286 45.446 28.542 14.679 -999.250 -999.250 -999.250 -999.250 -999.250 -999.250
0.000 0.656 0.149 1.508 3.285 1.441 1.998 5.907 8.026 7.012 6.838 5.599 5.566 5.407 4.801 4.902 4.239 2.897 1.313 1.240 1.587 1.182 0.000 0.167 0.147 2.614 2.517 5.267 4.937 6.503 5.556 5.172 2.799 1.444 0.000 0.000 0.000 0.000 0.000 0.000 0.000 6.311 10.390 18.559 27.715 42.996 48.758 53.469 59.808 69.682 71.465 75.950 83.869 75.089 70.605 65.944 59.403 51.522 46.525 38.149 39.536 27.505 13.548 6.470 -999.250 -999.250 -999.250 -999.250 -999.250
3.313 1.968 3.092 2.814 3.867 0.755 2.603 5.857 6.246 5.275 3.442 4.598 5.879 4.278 2.486 3.626 2.687 3.454 4.458 4.693 3.430 1.647 0.521 0.000 0.000 0.000 0.000 1.140 1.244 3.612 1.700 2.349 0.414 0.000 0.000 0.000 0.000 0.000 0.000 0.000 0.000 1.342 9.334 15.579 23.709 30.694 40.246 47.176 58.792 65.582 72.908 78.847 79.535 74.290 69.240 55.403 56.908 48.869 39.759 34.808 25.495 19.066 -999.250 -999.250 -999.250 -999.250 -999.250 -999.250 -999.250
5.454 4.434 2.752 2.830 2.732 2.084 3.795 4.691 4.277 3.578 1.394 2.879 1.806 2.724 2.222 1.981 2.795 2.606 3.499 4.364 4.777 2.022 1.342 0.764 0.000 0.000 0.000 0.000 0.181 0.000 1.069 0.000 0.000 0.000 0.000 0.000 0.000 0.000 0.000 0.000 0.000 3.818 7.207 12.332 23.020 29.382 38.230 45.518 52.433 60.440 68.850 83.413 76.619 73.661 59.556 53.618 50.168 42.405 38.775 30.797 26.641 18.330 -999.250 -999.250 -999.250 -999.250 -999.250 -999.250 -999.250
6.077 4.589 4.158 1.708 1.148 2.177 2.520 4.003 2.203 4.187 2.069 0.828 0.000 0.000 1.449 0.000 0.555 2.813 4.973 7.070 5.946 2.613 1.247 0.000 0.000 0.000 0.000 0.000 0.000 0.000 0.000 0.000 0.000 0.000 0.936 1.770 3.193 1.387 0.296 0.754 2.772 5.185 7.864 10.762 17.688 24.823 30.818 38.027 44.392 53.408 55.770 62.614 63.408 56.356 52.759 50.183 47.410 38.205 29.376 24.729 19.289 -999.250 -999.250 -999.250 -999.250 -999.250 -999.250 -999.250 -999.250
6.116 6.845 4.053 2.729 0.578 1.391 0.462 0.826 0.298 0.000 0.000 0.000 0.000 0.000 0.000 0.000 0.000 0.685 4.674 9.412 6.154 1.918 0.405 0.000 0.000 0.000 0.000 0.000 0.000 0.000 0.000 0.000 0.000 3.629 6.377 6.556 7.083 6.237 4.660 5.695 7.143 6.284 8.459 12.206 17.353 21.595 28.431 30.589 33.937 42.277 48.991 49.292 50.814 45.385 46.441 42.900 34.792 30.589 23.392 -999.250 -999.250 -999.250 -999.250 -999.250 -999.250 -999.250 -999.250 -999.250 -999.250
5.887 4.083 2.169 0.980 0.000 0.000 0.000 0.000 0.000 0.000 0.000 0.000 0.000 0.000 0.000 0.000 0.000 0.000 2.550 4.929 4.758 0.552 0.584 0.000 0.000 0.000 0.000 0.000 0.000 0.000 0.000 0.715 4.799 7.720 11.374 12.132 13.369 12.932 10.355 8.474 8.727 8.249 9.082 10.083 11.733 16.178 19.858 24.927 31.416 33.528 41.179 42.165 42.564 41.686 38.152 36.457 30.967 24.193 18.597 -999.250 -999.250 -999.250 -999.250 -999.250 -999.250 -999.250 -999.250 -999.250 -999.250
3.337 0.579 0.101 0.000 0.000 0.000 0.000 0.000 0.000 0.000 0.000 0.000 0.000 0.000 0.000 0.000 0.000 0.000 0.000 2.541 3.570 0.346 0.000 0.000 0.000 0.000 0.000 0.000 0.000 0.000 1.827 4.431 8.946 15.359 18.024 20.777 20.143 19.786 17.117 13.693 13.939 11.920 13.579 13.788 13.053 16.479 18.505 22.104 22.196 25.457 31.040 28.303 28.600 30.279 -999.250 27.520 25.996 -999.250 -999.250 -999.250 -999.250 -999.250 -999.250 -999.250 -999.250 -999.250 -999.250 -999.250 -999.250
0.149 0.000 0.000 0.000 0.000 0.000 0.000 0.000 2.448 2.451 3.979 0.876 0.000 0.000 0.000 0.000 0.000 0.000 0.943 1.210 3.004 1.581 0.150 0.000 0.000 0.000 0.000 0.000 0.000 0.000 2.608 7.842 13.242 22.524 30.204 32.409 29.411 30.787 22.412 21.505 17.878 16.373 15.338 13.714 16.221 17.354 17.763 15.684 16.173 19.316 19.779 25.035 -999.250 -999.250 -999.250 -999.250 -999.250 -999.250 -999.250 -999.250 -999.250 -999.250 -999.250 -999.250 -999.250 -999.250 -999.250 -999.250 -999.250
0.000 0.000 0.000 0.000 0.000 0.000 0.000 1.589 5.184 9.619 10.654 5.908 4.893 0.128 0.000 0.000 0.000 1.620 4.246 6.459 4.499 5.472 3.908 0.578 0.000 0.000 0.000 0.000 0.000 2.014 5.973 11.820 18.999 27.805 37.113 41.411 43.328 39.465 32.549 26.691 22.849 19.654 19.531 16.828 15.912 15.930 14.068 12.903 14.655 13.693 15.254 -999.250 -999.250 -999.250 -999.250 -999.250 -999.250 -999.250 -999.250 -999.250 -999.250 -999.250 -999.250 -999.250 -999.250 -999.250 -999.250 -999.250 -999.250
0.000 0.000 0.000 0.000 0.000 0.000 2.418 8.278 12.324 15.725 16.929 15.978 11.968 6.264 1.884 0.541 0.931 3.338 6.628 11.041 12.338 10.568 9.810 4.944 1.123 0.000 0.000 0.000 0.000 1.314 6.577 12.206 19.381 31.169 45.546 53.572 49.989 46.925 39.872 29.742 25.233 20.588 17.746 15.201 12.534 10.764 10.877 10.314 10.514 10.862 10.602 -999.250 -999.250 -999.250 -999.250 -999.250 -999.250 -999.250 -999.250 -999.250 -999.250 -999.250 -999.250 -999.250 -999.250 -999.250 -999.250 -999.250 -999.250
0.000 0.000 0.000 0.000 0.000 0.000 4.274 14.086 21.413 27.740 27.614 25.439 17.472 9.319 4.764 0.000 1.134 7.946 12.386 17.992 20.223 17.676 13.839 8.363 5.739 1.021 0.075 0.000 0.146 1.895 7.601 13.180 21.951 34.836 49.475 64.977 53.507 47.808 40.623 34.181 25.975 22.356 19.492 16.687 8.442 9.021 7.640 9.479 8.202 5.381 -999.250 -999.250 -999.250 -999.250 -999.250 -999.250 -999.250 -999.250 -999.250 -999.250 -999.250 -999.250 -999.250 -999.250 -999.250 -999.250 -999.250 -999.250 -999.250
0.000 0.000 0.000 0.000 0.000 2.666 11.018 21.788 36.207 45.748 47.579 38.091 26.748 12.032 3.057 0.026 1.931 9.505 18.261 25.066 27.830 24.091 19.163 11.387 8.213 4.602 3.231 1.866 1.671 4.262 7.040 12.806 20.608 32.620 47.004 50.287 49.027 45.780 38.505 34.969 25.117 22.532 17.320 12.914 8.877 8.097 5.238 4.004 4.275 -999.250 -999.250 -999.250 -999.250 -999.250 -999.250 -999.250 -999.250 -999.250 -999.250 -999.250 -999.250 -999.250 -999.250 -999.250 -999.250 -999.250 -999.250 -999.250 -999.250
0.000 0.000 0.000 0.000 0.049 8.862 20.180 35.374 52.324 62.076 66.118 53.575 36.296 15.441 0.978 0.000 3.723 10.474 20.571 30.814 42.105 31.709 22.438 18.592 12.680 7.801 3.217 4.954 0.977 3.644 7.824 12.073 18.021 26.233 36.996 41.407 40.353 40.512 35.293 24.832 20.462 18.836 14.438 10.357 8.340 5.463 2.894 0.658 2.378 -999.250 -999.250 -999.250 -999.250 -999.250 -999.250 -999.250 -999.250 -999.250 -999.250 -999.250 -999.250 -999.250 -999.250 -999.250 -999.250 -999.250 -999.250 -999.250 -999.250
0.000 0.000 0.000 0.000 0.958 12.529 25.903 47.588 67.397 84.242 87.881 76.777 48.168 20.855 0.000 0.000 5.012 12.498 20.363 25.764 30.608 29.987 23.354 17.959 11.600 7.973 4.546 3.798 2.008 3.669 7.688 11.979 17.550 20.371 26.557 30.995 31.446 34.288 28.637 24.575 18.102 16.590 13.458 10.669 8.651 1.016 0.000 0.000 -999.250 -999.250 -999.250 -999.250 -999.250 -999.250 -999.250 -999.250 -999.250 -999.250 -999.250 -999.250 -999.250 -999.250 -999.250 -999.250 -999.250 -999.250 -999.250 -999.250 -999.250
0.000 0.000 0.000 0.000 0.000 15.558 34.161 52.208 71.560 95.310 121.338 87.471 54.866 28.252 9.544 5.726 8.186 11.415 17.888 20.205 21.070 22.021 20.012 14.028 10.824 7.228 3.487 3.014 3.514 1.726 5.699 10.319 15.377 16.521 21.442 22.886 24.383 23.384 20.703 20.472 18.929 18.831 12.768 8.987 5.948 0.190 0.000 0.000 -999.250 -999.250 -999.250 -999.250 -999.250 -999.250 -999.250 -999.250 -999.250 -999.250 -999.250 -999.250 -999.250 -999.250 -999.250 -999.250 -999.250 -999.250 -999.250 -999.250 -999.250
0.000 0.000 0.000 0.000 1.331 12.138 29.462 50.652 64.628 84.176 91.870 82.884 56.187 30.904 17.867 9.990 10.544 11.912 17.018 15.020 15.984 14.666 12.163 9.178 8.234 5.510 4.488 1.842 2.551 3.855 4.973 7.816 10.667 11.989 14.008 15.752 17.072 19.721 16.097 15.835 16.136 14.196 14.162 7.909 4.479 0.000 0.000 0.000 -999.250 -999.250 -999.250 -999.250 -999.250 -999.250 -999.250 -999.250 -999.250 -999.250 -999.250 -999.250 -999.250 -999.250 -999.250 -999.250 -999.250 -999.250 -999.250 -999.250 -999.250
0.000 0.000 0.000 0.000 0.736 11.690 26.225 44.141 53.629 72.244 74.150 66.837 50.529 32.312 22.931 15.775 14.174 15.544 15.666 14.280 12.833 9.987 7.741 4.906 2.193 1.088 0.977 1.010 1.118 2.086 3.020 4.508 6.696 8.414 7.872 9.889 10.861 13.338 14.410 13.166 12.629 11.229 10.928 8.915 5.716 2.261 0.000 -999.250 -999.250 -999.250 -999.250 -999.250 -999.250 -999.250 -999.250 -999.250 -999.250 -999.250 -999.250 -999.250 -999.250 -999.250 -999.250 -999.250 -999.250 -999.250 -999.250 -999.250 -999.250
0.000 0.000 0.000 0.000 1.474 8.231 19.348 33.688 46.952 51.431 55.323 51.816 40.504 32.214 20.955 20.208 21.977 22.921 21.138 19.329 12.651 6.571 2.373 0.000 0.000 0.000 0.000 0.000 0.000 0.000 0.421 3.109 4.723 3.978 6.046 6.388 7.722 8.327 8.436 9.385 8.117 10.159 8.902 8.444 7.178 1.081 0.000 -999.250 -999.250 -999.250 -999.250 -999.250 -999.250 -999.250 -999.250 -999.250 -999.250 -999.250 -999.250 -999.250 -999.250 -999.250 -999.250 -999.250 -999.250 -999.250 -999.250 -999.250 -999.250
0.000 0.000 0.000 0.000 0.000 4.283 10.710 21.844 32.984 40.239 42.915 37.888 25.417 22.340 21.329 26.632 33.179 36.654 38.131 26.587 14.675 6.377 0.000 0.000 0.000 0.000 0.000 0.000 0.000 0.000 0.000 0.000 0.050 2.106 3.854 4.625 2.832 2.792 4.531 5.838 6.390 8.756 8.517 9.166 5.168 1.984 -999.250 -999.250 -999.250 -999.250 -999.250 -999.250 -999.250 -999.250 -999.250 -999.250 -999.250 -999.250 -999.250 -999.250 -999.250 -999.250 -999.250 -999.250 -999.250 -999.250 -999.250 -999.250 -999.250
