data/medianmodel_04-Jul-2020.asc
ncols	141
nrows	288
xllcorner	-120191.398
yllcorner	-301404.813
cellsize	2000.000
NODATA_value	-999.250
[rows 93 to 123 of 288, columns 69 to 137 of 141]
0.000 0.000 0.000 0.000 0.000 0.000 0.000 0.000 0.000 0.000 0.000 0.000 0.000 0.000 0.000 0.000 0.000 0.000 0.000 0.000 0.000 0.000 0.000 3.622 4.913 4.806 4.386 6.774 7.962 9.037 7.247 6.611 5.473 3.986 2.931 1.499 0.000 0.000 0.000 0.000 0.000 0.000 0.000 0.000 0.000 -999.250 -999.250 -999.250 -999.250 -999.250 -999.250 -999.250 -999.250 -999.250 -999.250 -999.250 -999.250 -999.250 -999.250 -999.250 -999.250 -999.250 -999.250 -999.250 -999.250 -999.250 -999.250 -999.250 -999.250
0.000 0.000 0.000 0.000 0.000 0.000 0.000 0.000 0.000 0.000 0.000 0.000 0.000 0.000 0.000 0.000 0.000 0.000 0.000 0.000 0.000 0.000 0.000 1.240 3.036 3.433 3.565 4.587 6.519 9.889 7.291 5.300 4.765 2.660 1.964 0.405 0.000 0.000 0.000 0.000 0.000 0.000 0.000 0.000 0.000 -999.250 -999.250 -999.250 -999.250 -999.250 -999.250 -999.250 -999.250 -999.250 -999.250 -999.250 -999.250 -999.250 -999.250 -999.250 -999.250 -999.250 -999.250 -999.250 -999.250 -999.250 -999.250 -999.250 -999.250
0.000 0.000 0.000 0.000 0.000 0.000 0.000 0.000 0.000 0.000 0.390 0.000 0.000 0.000 0.000 0.000 0.000 0.000 0.000 0.000 0.000 0.000 0.000 0.000 0.000 3.086 3.167 3.784 2.567 7.003 5.037 3.206 2.141 2.922 0.056 0.478 0.000 0.000 0.000 0.000 0.000 0.000 0.000 0.000 0.000 -999.250 -999.250 -999.250 -999.250 -999.250 -999.250 -999.250 -999.250 -999.250 -999.250 -999.250 -999.250 -999.250 -999.250 -999.250 -999.250 -999.250 -999.250 -999.250 -999.250 -999.250 -999.250 -999.250 -999.250
0.000 0.000 0.000 0.000 0.000 0.000 0.000 0.000 0.583 1.907 4.498 1.210 0.000 0.000 0.000 0.000 0.000 0.000 0.000 0.000 0.000 0.000 0.000 0.000 0.000 0.079 0.000 0.193 1.665 0.271 0.250 1.157 1.019 0.062 0.000 0.000 0.000 0.000 0.000 0.000 0.000 0.000 0.000 0.000 0.000 0.000 -999.250 -999.250 -999.250 -999.250 -999.250 -999.250 -999.250 -999.250 -999.250 -999.250 -999.250 -999.250 -999.250 -999.250 -999.250 -999.250 -999.250 -999.250 -999.250 -999.250 -999.250 -999.250 -999.250
0.000 0.000 0.000 0.000 0.000 0.000 0.000 0.000 0.000 2.240 2.783 0.368 0.000 0.000 0.000 0.000 0.000 0.000 0.000 0.000 0.000 0.000 0.000 0.000 0.000 0.000 0.000 0.000 0.000 0.000 0.725 0.000 0.000 0.000 0.000 0.000 0.000 0.000 0.000 0.000 0.000 0.000 0.000 0.000 0.000 0.000 0.000 -999.250 -999.250 -999.250 -999.250 -999.250 -999.250 -999.250 -999.250 -999.250 -999.250 -999.250 -999.250 -999.250 -999.250 -999.250 -999.250 -999.250 -999.250 -999.250 -999.250 -999.250 -999.250
0.000 0.000 0.000 0.000 0.000 0.000 0.000 0.000 0.344 1.269 0.684 0.001 0.000 0.000 0.000 0.000 0.000 0.000 0.000 0.000 0.000 0.000 0.000 0.000 0.000 0.000 0.000 0.000 0.000 0.000 0.000 0.000 0.000 0.000 0.000 0.000 0.000 0.000 0.000 0.000 0.000 0.000 0.000 0.000 0.000 0.000 0.000 0.660 -999.250 -999.250 -999.250 -999.250 -999.250 -999.250 -999.250 -999.250 -999.250 -999.250 -999.250 -999.250 -999.250 -999.250 -999.250 -999.250 -999.250 -999.250 -999.250 -999.250 -999.250
0.000 0.000 0.000 0.000 0.000 0.000 0.000 0.000 0.000 0.208 0.057 0.000 0.000 0.000 0.000 0.000 0.000 0.000 0.000 0.000 0.000 0.000 0.000 0.000 0.000 0.000 0.000 0.000 0.000 0.000 0.000 0.000 0.000 0.000 0.000 0.000 0.000 0.000 0.000 0.000 0.000 0.000 0.000 0.000 0.000 0.000 0.000 -999.250 -999.250 -999.250 -999.250 -999.250 -999.250 -999.250 -999.250 -999.250 -999.250 -999.250 -999.250 -999.250 -999.250 -999.250 -999.250 -999.250 -999.250 -999.250 -999.250 -999.250 -999.250
0.000 0.000 0.000 0.000 0.000 0.000 0.000 0.000 0.000 0.000 0.000 0.000 0.000 0.000 0.000 0.000 0.000 0.000 0.000 0.000 0.000 0.000 0.000 0.000 0.000 0.000 0.000 0.000 0.000 0.000 0.000 0.000 0.000 0.000 0.000 0.000 0.000 0.000 0.000 0.000 0.000 0.000 0.000 0.000 0.000 0.355 0.000 0.000 -999.250 -999.250 -999.250 -999.250 -999.250 -999.250 -999.250 -999.250 -999.250 -999.250 -999.250 -999.250 -999.250 -999.250 -999.250 -999.250 -999.250 -999.250 -999.250 -999.250 -999.250
0.000 0.000 0.000 0.000 0.000 0.000 0.000 0.000 0.000 0.710 0.000 0.000 0.000 0.000 0.000 0.000 0.000 0.000 0.000 0.000 0.000 0.000 0.000 0.000 0.000 0.000 0.000 0.000 0.000 0.000 0.000 0.000 0.000 0.000 0.000 0.000 0.000 0.000 0.000 0.000 0.000 0.000 0.000 0.000 0.272 1.196 -999.250 -999.250 -999.250 -999.250 -999.250 -999.250 -999.250 -999.250 -999.250 -999.250 -999.250 -999.250 -999.250 -999.250 -999.250 -999.250 -999.250 -999.250 -999.250 -999.250 -999.250 -999.250 -999.250
0.252 0.008 0.114 0.000 0.612 0.141 0.530 0.000 0.377 1.624 0.652 0.044 1.491 1.075 0.000 0.000 1.753 0.000 0.243 0.000 0.000 0.000 0.000 0.000 0.000 0.000 0.000 0.000 0.000 0.000 0.180 0.000 0.000 0.000 0.000 0.000 0.000 0.000 0.000 0.000 0.000 0.000 0.281 0.000 1.460 -999.250 -999.250 -999.250 -999.250 -999.250 -999.250 -999.250 -999.250 -999.250 -999.250 -999.250 -999.250 -999.250 -999.250 -999.250 -999.250 -999.250 -999.250 -999.250 -999.250 -999.250 -999.250 -999.250 -999.250
1.872 3.319 3.153 3.746 3.516 2.172 2.478 3.029 1.707 0.623 0.332 0.687 0.973 2.011 0.219 0.503 1.201 2.188 4.275 2.857 1.100 0.000 0.000 0.000 0.000 0.000 0.000 0.000 0.000 0.115 2.971 2.013 1.447 2.928 0.821 0.814 1.029 0.616 0.713 0.285 0.372 0.983 0.000 1.709 3.382 -999.250 -999.250 -999.250 -999.250 -999.250 -999.250 -999.250 -999.250 -999.250 -999.250 -999.250 -999.250 -999.250 -999.250 -999.250 -999.250 -999.250 -999.250 -999.250 -999.250 -999.250 -999.250 -999.250 -999.250
5.116 7.075 7.931 5.807 5.752 3.957 5.034 4.631 3.805 2.744 2.090 2.653 1.304 2.774 1.382 3.253 3.660 3.502 4.800 3.870 3.345 2.507 0.779 1.630 1.726 0.000 0.513 1.231 0.000 2.293 2.723 2.623 2.321 4.571 3.199 3.622 3.230 3.024 3.214 0.000 2.306 1.721 1.018 2.051 -999.250 -999.250 -999.250 -999.250 -999.250 -999.250 -999.250 -999.250 -999.250 -999.250 -999.250 -999.250 -999.250 -999.250 -999.250 -999.250 -999.250 -999.250 -999.250 -999.250 -999.250 -999.250 -999.250 -999.250 -999.250
6.620 9.589 10.075 7.614 8.082 5.972 6.363 5.411 5.314 5.027 2.965 3.491 4.048 3.009 5.094 3.711 6.004 6.586 6.539 8.977 8.633 6.460 6.213 5.756 3.659 1.934 2.263 2.254 3.843 3.439 3.838 6.120 6.953 5.883 8.594 7.910 3.408 4.792 4.347 4.299 -999.250 -999.250 -999.250 -999.250 -999.250 -999.250 -999.250 -999.250 -999.250 -999.250 -999.250 -999.250 -999.250 -999.250 -999.250 -999.250 -999.250 -999.250 -999.250 -999.250 -999.250 -999.250 -999.250 -999.250 -999.250 -999.250 -999.250 -999.250 -999.250
11.631 12.599 12.841 11.476 10.438 9.391 8.309 6.542 7.293 5.019 6.612 5.287 6.565 5.929 6.196 7.030 8.029 8.919 9.812 9.472 8.886 9.055 8.017 7.342 6.090 3.125 3.691 3.573 6.151 6.104 5.308 5.833 11.181 9.969 9.724 8.288 7.428 5.949 -999.250 -999.250 -999.250 -999.250 -999.250 -999.250 -999.250 -999.250 -999.250 -999.250 -999.250 -999.250 -999.250 -999.250 -999.250 -999.250 -999.250 -999.250 -999.250 -999.250 -999.250 -999.250 -999.250 -999.250 -999.250 -999.250 -999.250 -999.250 -999.250 -999.250 -999.250
14.488 18.127 17.531 14.156 14.125 11.233 10.582 10.644 9.465 7.097 8.057 6.072 7.929 10.155 9.796 10.513 11.611 12.844 14.627 12.549 12.554 11.312 9.434 6.805 6.448 4.391 5.967 6.850 7.181 6.864 7.949 9.249 11.718 12.830 11.861 11.328 9.563 6.875 -999.250 -999.250 -999.250 -999.250 -999.250 -999.250 -999.250 -999.250 -999.250 -999.250 -999.250 -999.250 -999.250 -999.250 -999.250 -999.250 -999.250 -999.250 -999.250 -999.250 -999.250 -999.250 -999.250 -999.250 -999.250 -999.250 -999.250 -999.250 -999.250 -999.250 -999.250
18.636 19.326 19.883 19.825 19.983 18.147 16.650 13.300 10.341 8.637 9.372 6.885 8.891 10.597 9.693 13.126 14.276 15.644 18.144 16.530 15.683 12.665 11.105 8.063 7.046 4.825 7.026 7.194 8.585 9.339 9.507 12.488 14.853 14.465 14.724 13.012 11.648 9.244 -999.250 -999.250 -999.250 -999.250 -999.250 -999.250 -999.250 -999.250 -999.250 -999.250 -999.250 -999.250 -999.250 -999.250 -999.250 -999.250 -999.250 -999.250 -999.250 -999.250 -999.250 -999.250 -999.250 -999.250 -999.250 -999.250 -999.250 -999.250 -999.250 -999.250 -999.250
25.635 25.054 25.452 25.791 24.061 27.290 18.534 14.163 13.234 11.950 10.301 9.396 9.992 11.817 12.666 13.198 14.833 20.171 20.422 20.377 18.451 13.934 14.009 10.668 10.155 7.585 7.460 8.710 8.349 10.888 12.768 13.725 13.735 15.765 21.030 14.478 11.104 7.679 -999.250 -999.250 -999.250 -999.250 -999.250 -999.250 -999.250 -999.250 -999.250 -999.250 -999.250 -999.250 -999.250 -999.250 -999.250 -999.250 -999.250 -999.250 -999.250 -999.250 -999.250 -999.250 -999.250 -999.250 -999.250 -999.250 -999.250 -999.250 -999.250 -999.250 -999.250
31.152 36.583 40.846 34.694 30.290 29.324 21.897 17.100 13.177 10.449 11.209 11.611 11.722 12.013 13.232 14.176 17.544 22.674 33.969 23.850 17.469 16.273 15.314 13.204 11.556 9.981 8.898 9.408 11.393 11.002 10.208 10.292 12.923 14.998 14.813 15.151 10.690 8.204 -999.250 -999.250 -999.250 -999.250 -999.250 -999.250 -999.250 -999.250 -999.250 -999.250 -999.250 -999.250 -999.250 -999.250 -999.250 -999.250 -999.250 -999.250 -999.250 -999.250 -999.250 -999.250 -999.250 -999.250 -999.250 -999.250 -999.250 -999.250 -999.250 -999.250 -999.250
38.887 49.864 56.367 38.256 37.664 27.039 21.250 19.176 15.765 11.874 11.793 12.171 13.539 10.468 13.370 15.581 17.785 20.484 25.109 18.816 18.413 16.182 13.782 13.143 11.630 10.441 9.407 9.621 9.599 11.172 9.626 9.345 12.393 12.564 12.769 12.578 9.844 8.768 -999.250 -999.250 -999.250 -999.250 -999.250 -999.250 -999.250 -999.250 -999.250 -999.250 -999.250 -999.250 -999.250 -999.250 -999.250 -999.250 -999.250 -999.250 -999.250 -999.250 -999.250 -999.250 -999.250 -999.250 -999.250 -999.250 -999.250 -999.250 -999.250 -999.250 -999.250
55.657 63.064 61.652 44.656 35.301 28.169 21.909 17.846 15.709 14.313 12.796 11.786 10.685 12.607 12.044 14.991 16.322 19.002 19.068 18.198 14.183 13.054 11.203 13.039 13.118 12.264 10.249 8.178 9.221 9.373 6.829 9.560 7.773 10.416 10.467 8.537 6.948 6.693 6.006 4.785 -999.250 -999.250 -999.250 -999.250 -999.250 -999.250 -999.250 -999.250 -999.250 -999.250 -999.250 -999.250 -999.250 -999.250 -999.250 -999.250 -999.250 -999.250 -999.250 -999.250 -999.250 -999.250 -999.250 -999.250 -999.250 -999.250 -999.250 -999.250 -999.250
57.732 74.313 64.449 52.641 37.020 26.563 25.927 20.295 16.492 13.236 12.840 11.308 14.248 12.226 12.071 13.984 14.632 15.842 19.381 17.025 15.371 12.546 13.616 11.335 10.957 9.573 10.001 10.147 9.165 8.755 6.731 5.818 6.409 8.979 7.888 5.928 5.845 6.462 6.470 4.879 3.036 3.247 -999.250 -999.250 -999.250 -999.250 -999.250 -999.250 -999.250 -999.250 -999.250 -999.250 -999.250 -999.250 -999.250 -999.250 -999.250 -999.250 -999.250 -999.250 -999.250 -999.250 -999.250 -999.250 -999.250 -999.250 -999.250 -999.250 -999.250
56.315 61.760 55.387 41.394 34.548 27.805 24.975 20.390 15.968 13.960 12.478 13.451 13.374 12.165 12.878 12.710 11.423 12.590 13.078 13.303 13.215 14.178 10.443 10.981 8.523 9.006 10.716 5.783 5.644 6.819 6.598 4.527 3.930 4.425 4.572 3.961 3.794 3.323 4.268 3.102 3.016 1.598 -999.250 -999.250 -999.250 -999.250 -999.250 -999.250 -999.250 -999.250 -999.250 -999.250 -999.250 -999.250 -999.250 -999.250 -999.250 -999.250 -999.250 -999.250 -999.250 -999.250 -999.250 -999.250 -999.250 -999.250 -999.250 -999.250 -999.250
39.561 50.492 43.319 40.952 37.257 26.354 24.297 18.974 15.949 13.853 13.765 12.542 11.348 10.284 7.837 11.857 12.397 13.447 10.478 11.024 11.019 9.893 9.781 11.047 9.303 7.523 6.170 5.104 5.971 3.815 3.187 1.962 1.751 2.891 4.432 2.732 2.838 3.060 3.207 0.679 2.054 1.498 0.339 -999.250 -999.250 -999.250 -999.250 -999.250 -999.250 -999.250 -999.250 -999.250 -999.250 -999.250 -999.250 -999.250 -999.250 -999.250 -999.250 -999.250 -999.250 -999.250 -999.250 -999.250 -999.250 -999.250 -999.250 -999.250 -999.250
30.999 35.202 34.271 33.572 30.140 23.406 18.961 16.864 15.500 12.711 13.621 9.533 10.137 8.208 8.238 9.306 8.973 8.937 11.002 8.697 7.707 8.095 10.361 7.751 6.466 5.479 5.283 3.643 1.893 2.446 2.153 1.784 1.325 3.799 2.730 2.918 1.288 1.956 1.248 0.364 1.010 0.000 0.265 0.522 -999.250 -999.250 -999.250 -999.250 -999.250 -999.250 -999.250 -999.250 -999.250 -999.250 -999.250 -999.250 -999.250 -999.250 -999.250 -999.250 -999.250 -999.250 -999.250 -999.250 -999.250 -999.250 -999.250 -999.250 -999.250
31.383 30.356 29.410 34.498 26.537 23.952 17.746 17.703 14.983 13.300 9.972 8.035 8.081 7.656 6.072 6.298 5.778 8.136 7.811 6.772 7.964 6.121 6.633 6.922 6.385 4.629 2.659 2.835 1.182 0.575 0.000 0.000 1.891 0.000 0.679 0.434 2.308 1.672 0.000 0.168 0.732 0.438 0.347 0.605 -999.250 -999.250 -999.250 -999.250 -999.250 -999.250 -999.250 -999.250 -999.250 -999.250 -999.250 -999.250 -999.250 -999.250 -999.250 -999.250 -999.250 -999.250 -999.250 -999.250 -999.250 -999.250 -999.250 -999.250 -999.250
29.086 22.837 24.647 27.047 26.587 22.864 17.986 15.895 17.118 12.982 8.891 6.824 6.403 3.862 4.179 4.670 5.338 6.989 6.362 5.006 2.927 5.592 5.177 5.141 3.207 2.135 1.475 1.173 1.704 0.000 0.000 0.000 0.000 0.000 0.037 0.001 1.007 1.220 2.068 1.944 0.833 1.076 2.290 2.636 2.666 -999.250 -999.250 -999.250 -999.250 -999.250 -999.250 -999.250 -999.250 -999.250 -999.250 -999.250 -999.250 -999.250 -999.250 -999.250 -999.250 -999.250 -999.250 -999.250 -999.250 -999.250 -999.250 -999.250 -999.250
20.907 18.250 19.718 22.421 21.521 16.983 14.250 17.393 12.848 10.435 6.273 4.980 3.321 3.338 1.242 1.826 2.317 4.518 4.463 7.332 3.748 4.719 2.999 0.603 1.254 1.262 0.134 0.127 0.000 0.000 0.000 0.000 0.000 0.000 0.000 0.000 0.000 0.000 3.485 3.141 1.621 2.115 2.851 1.924 -999.250 -999.250 -999.250 -999.250 -999.250 -999.250 -999.250 -999.250 -999.250 -999.250 -999.250 -999.250 -999.250 -999.250 -999.250 -999.250 -999.250 -999.250 -999.250 -999.250 -999.250 -999.250 -999.250 -999.250 -999.250
18.941 17.344 18.015 16.548 17.046 15.528 12.725 9.678 7.830 7.298 4.218 2.709 1.071 1.143 0.000 0.000 0.454 2.057 3.866 3.760 3.128 1.643 1.907 0.000 0.000 0.000 0.000 0.000 0.000 0.000 0.000 0.000 0.000 0.000 0.000 0.000 0.000 0.000 0.737 2.240 0.464 1.054 1.449 3.122 -999.250 -999.250 -999.250 -999.250 -999.250 -999.250 -999.250 -999.250 -999.250 -999.250 -999.250 -999.250 -999.250 -999.250 -999.250 -999.250 -999.250 -999.250 -999.250 -999.250 -999.250 -999.250 -999.250 -999.250 -999.250
14.451 16.756 15.822 14.110 14.738 13.480 9.572 9.667 7.049 5.868 3.279 3.474 3.213 2.619 0.000 0.000 0.000 0.000 0.000 1.519 0.000 0.000 0.000 0.000 0.000 0.000 0.000 0.000 0.000 0.000 0.000 0.000 0.000 0.000 0.000 0.000 0.000 0.000 0.402 0.000 0.678 2.656 1.895 2.681 -999.250 -999.250 -999.250 -999.250 -999.250 -999.250 -999.250 -999.250 -999.250 -999.250 -999.250 -999.250 -999.250 -999.250 -999.250 -999.250 -999.250 -999.250 -999.250 -999.250 -999.250 -999.250 -999.250 -999.250 -999.250
13.758 19.988 15.029 12.774 10.732 10.580 10.097 8.395 7.616 4.961 4.006 0.609 0.826 0.838 0.000 0.000 0.000 0.000 0.000 0.000 0.000 0.000 0.000 0.213 0.000 0.000 0.000 0.000 0.000 0.000 0.000 0.000 0.000 0.000 0.000 0.000 0.000 0.000 0.495 0.000 0.842 0.981 1.695 2.916 -999.250 -999.250 -999.250 -999.250 -999.250 -999.250 -999.250 -999.250 -999.250 -999.250 -999.250 -999.250 -999.250 -999.250 -999.250 -999.250 -999.250 -999.250 -999.250 -999.250 -999.250 -999.250 -999.250 -999.250 -999.250
11.115 12.459 12.341 10.338 9.404 8.370 6.130 6.728 5.497 3.768 2.995 0.000 0.000 0.000 0.000 0.000 0.000 0.000 0.000 0.000 0.000 0.000 0.000 0.000 0.000 0.000 0.000 0.000 0.000 0.000 0.000 0.000 0.000 0.000 0.000 0.000 0.000 0.000 1.238 0.000 0.449 0.491 0.559 -999.250 -999.250 -999.250 -999.250 -999.250 -999.250 -999.250 -999.250 -999.250 -999.250 -999.250 -999.250 -999.250 -999.250 -999.250 -999.250 -999.250 -999.250 -999.250 -999.250 -999.250 -999.250 -999.250 -999.250 -999.250 -999.250
