data/medianmodel_07-Nov-2020.asc
ncols	141
nrows	288
xllcorner	-120191.398
yllcorner	-301404.813
cellsize	2000.000
NODATA_value	-999.250
[rows 145 to 173 of 288, columns 65 to 129 of 141]
160.325 153.896 146.161 147.906 132.062 143.189 151.398 162.660 156.749 153.920 144.791 128.372 117.614 96.453 82.293 60.923 16.499 41.269 64.078 68.090 87.669 85.190 87.941 93.040 102.019 114.381 -999.250 -999.250 -999.250 -999.250 -999.250 -999.250 -999.250 -999.250 -999.250 -999.250 -999.250 -999.250 -999.250 -999.250 -999.250 -999.250 -999.250 -999.250 -999.250 -999.250 -999.250 -999.250 -999.250 -999.250 -999.250 -999.250 -999.250 -999.250 -999.250 -999.250 -999.250 -999.250 -999.250 -999.250 -999.250 -999.250 -999.250 -999.250 -999.250
183.687 178.356 176.630 146.264 139.318 138.261 149.366 157.853 152.604 143.772 135.977 121.842 115.899 102.520 90.287 64.502 44.030 50.977 50.282 69.029 84.772 76.320 72.410 75.629 87.017 111.032 116.857 -999.250 -999.250 -999.250 -999.250 -999.250 -999.250 -999.250 -999.250 -999.250 -999.250 -999.250 -999.250 -999.250 -999.250 -999.250 -999.250 -999.250 -999.250 -999.250 -999.250 -999.250 -999.250 -999.250 -999.250 -999.250 -999.250 -999.250 -999.250 -999.250 -999.250 -999.250 -999.250 -999.250 -999.250 -999.250 -999.250 -999.250 -999.250
224.917 188.081 180.782 141.532 141.080 137.988 163.292 163.371 148.173 129.014 139.633 129.159 131.109 99.428 94.545 71.710 72.142 63.899 52.601 57.215 73.029 80.985 62.433 60.823 68.716 72.992 84.646 -999.250 -999.250 -999.250 -999.250 -999.250 -999.250 -999.250 -999.250 -999.250 -999.250 -999.250 -999.250 -999.250 -999.250 -999.250 -999.250 -999.250 -999.250 -999.250 -999.250 -999.250 -999.250 -999.250 -999.250 -999.250 -999.250 -999.250 -999.250 -999.250 -999.250 -999.250 -999.250 -999.250 -999.250 -999.250 -999.250 -999.250 -999.250
225.523 219.557 180.385 152.933 122.587 144.551 148.685 158.405 148.132 145.878 134.502 119.941 131.199 114.482 104.499 84.708 92.194 79.362 77.905 76.770 71.189 65.821 70.547 51.741 46.679 34.258 93.498 115.304 149.626 176.210 -999.250 -999.250 -999.250 -999.250 -999.250 -999.250 -999.250 -999.250 -999.250 -999.250 -999.250 -999.250 -999.250 -999.250 -999.250 -999.250 -999.250 -999.250 -999.250 -999.250 -999.250 -999.250 -999.250 -999.250 -999.250 -999.250 -999.250 -999.250 -999.250 -999.250 -999.250 -999.250 -999.250 -999.250 -999.250
261.835 235.014 189.349 165.727 151.997 162.185 161.603 151.847 158.966 141.872 132.714 122.780 120.018 120.588 111.371 101.118 94.588 99.946 97.677 84.543 74.527 66.687 56.785 53.062 51.353 62.822 87.983 116.231 125.274 153.534 173.318 -999.250 -999.250 -999.250 -999.250 -999.250 -999.250 -999.250 -999.250 -999.250 -999.250 -999.250 -999.250 -999.250 -999.250 -999.250 -999.250 -999.250 -999.250 -999.250 -999.250 -999.250 -999.250 -999.250 -999.250 -999.250 -999.250 -999.250 -999.250 -999.250 -999.250 -999.250 -999.250 -999.250 -999.250
258.883 247.608 214.354 193.789 199.857 198.287 177.541 173.271 144.093 163.242 141.184 141.529 132.101 130.565 118.215 108.038 112.358 103.352 89.779 79.358 94.236 86.226 59.403 63.616 60.973 78.969 99.718 119.037 130.420 153.911 -999.250 -999.250 -999.250 -999.250 -999.250 -999.250 -999.250 -999.250 -999.250 -999.250 -999.250 -999.250 -999.250 -999.250 -999.250 -999.250 -999.250 -999.250 -999.250 -999.250 -999.250 -999.250 -999.250 -999.250 -999.250 -999.250 -999.250 -999.250 -999.250 -999.250 -999.250 -999.250 -999.250 -999.250 -999.250
276.161 271.303 255.817 241.421 214.077 204.844 192.232 176.401 167.021 163.123 163.633 152.309 141.552 117.102 123.833 121.613 123.553 127.890 90.328 105.624 96.777 91.995 69.831 78.028 82.623 92.272 104.413 122.427 128.439 145.923 -999.250 -999.250 -999.250 -999.250 -999.250 -999.250 -999.250 -999.250 -999.250 -999.250 -999.250 -999.250 -999.250 -999.250 -999.250 -999.250 -999.250 -999.250 -999.250 -999.250 -999.250 -999.250 -999.250 -999.250 -999.250 -999.250 -999.250 -999.250 -999.250 -999.250 -999.250 -999.250 -999.250 -999.250 -999.250
271.081 272.885 277.184 246.838 201.584 200.472 201.741 210.676 166.693 175.531 174.588 162.505 144.704 147.144 145.785 142.659 128.941 124.692 106.805 109.956 97.785 98.261 91.341 79.966 92.034 93.624 101.029 123.616 124.007 144.556 -999.250 -999.250 -999.250 -999.250 -999.250 -999.250 -999.250 -999.250 -999.250 -999.250 -999.250 -999.250 -999.250 -999.250 -999.250 -999.250 -999.250 -999.250 -999.250 -999.250 -999.250 -999.250 -999.250 -999.250 -999.250 -999.250 -999.250 -999.250 -999.250 -999.250 -999.250 -999.250 -999.250 -999.250 -999.250
289.972 266.659 250.258 247.907 208.375 209.856 208.316 198.045 175.548 165.428 167.432 162.432 151.019 165.438 156.546 145.994 141.171 124.482 132.783 116.762 112.018 103.953 96.999 99.579 93.696 88.564 112.783 111.280 119.659 149.992 -999.250 -999.250 -999.250 -999.250 -999.250 -999.250 -999.250 -999.250 -999.250 -999.250 -999.250 -999.250 -999.250 -999.250 -999.250 -999.250 -999.250 -999.250 -999.250 -999.250 -999.250 -999.250 -999.250 -999.250 -999.250 -999.250 -999.250 -999.250 -999.250 -999.250 -999.250 -999.250 -999.250 -999.250 -999.250
284.920 270.394 250.916 221.776 236.877 237.767 231.323 220.766 180.822 193.519 177.308 163.050 155.823 163.069 149.431 153.022 166.192 143.976 138.796 130.553 110.089 102.350 108.482 93.379 97.317 111.869 111.234 99.834 126.337 147.691 -999.250 -999.250 -999.250 -999.250 -999.250 -999.250 -999.250 -999.250 -999.250 -999.250 -999.250 -999.250 -999.250 -999.250 -999.250 -999.250 -999.250 -999.250 -999.250 -999.250 -999.250 -999.250 -999.250 -999.250 -999.250 -999.250 -999.250 -999.250 -999.250 -999.250 -999.250 -999.250 -999.250 -999.250 -999.250
275.749 278.821 273.057 237.026 225.124 232.134 224.162 231.911 226.233 226.852 188.778 183.055 170.412 164.268 156.510 164.133 173.315 159.883 142.145 143.290 133.475 100.371 102.070 116.283 105.307 124.052 128.413 134.895 141.194 162.952 -999.250 -999.250 -999.250 -999.250 -999.250 -999.250 -999.250 -999.250 -999.250 -999.250 -999.250 -999.250 -999.250 -999.250 -999.250 -999.250 -999.250 -999.250 -999.250 -999.250 -999.250 -999.250 -999.250 -999.250 -999.250 -999.250 -999.250 -999.250 -999.250 -999.250 -999.250 -999.250 -999.250 -999.250 -999.250
304.518 277.561 271.311 248.483 253.764 250.227 242.165 251.580 226.162 205.742 213.201 171.800 176.033 165.178 172.980 164.410 166.138 171.705 158.455 141.417 136.161 125.241 113.342 125.868 115.601 125.430 140.527 154.532 167.725 165.652 156.927 -999.250 -999.250 -999.250 -999.250 -999.250 -999.250 -999.250 -999.250 -999.250 -999.250 -999.250 -999.250 -999.250 -999.250 -999.250 -999.250 -999.250 -999.250 -999.250 -999.250 -999.250 -999.250 -999.250 -999.250 -999.250 -999.250 -999.250 -999.250 -999.250 -999.250 -999.250 -999.250 -999.250 -999.250
276.122 284.321 266.302 249.108 259.196 242.110 247.505 244.141 243.909 229.757 196.666 190.128 194.978 178.081 171.580 165.697 160.946 149.890 140.515 136.216 144.602 122.148 123.941 131.439 139.230 132.675 144.355 169.274 195.754 210.499 189.620 183.616 -999.250 -999.250 -999.250 -999.250 -999.250 -999.250 -999.250 -999.250 -999.250 -999.250 -999.250 -999.250 -999.250 -999.250 -999.250 -999.250 -999.250 -999.250 -999.250 -999.250 -999.250 -999.250 -999.250 -999.250 -999.250 -999.250 -999.250 -999.250 -999.250 -999.250 -999.250 -999.250 -999.250
304.466 282.860 266.956 264.910 241.231 231.204 232.183 230.749 211.958 215.922 197.358 188.711 178.443 180.499 171.687 154.018 165.177 139.032 127.836 144.250 140.961 136.337 144.301 142.562 139.100 126.285 153.401 161.308 195.137 213.125 221.091 229.536 198.665 -999.250 -999.250 -999.250 -999.250 -999.250 -999.250 -999.250 -999.250 -999.250 -999.250 -999.250 -999.250 -999.250 -999.250 -999.250 -999.250 -999.250 -999.250 -999.250 -999.250 -999.250 -999.250 -999.250 -999.250 -999.250 -999.250 -999.250 -999.250 -999.250 -999.250 -999.250 -999.250
287.273 252.429 244.251 254.859 245.290 221.032 220.683 224.550 219.324 196.399 175.797 184.492 194.205 164.553 162.063 163.766 158.240 154.722 159.397 153.549 154.156 158.604 166.602 166.108 172.754 172.860 180.631 173.690 219.794 223.852 256.872 226.821 205.486 -999.250 -999.250 -999.250 -999.250 -999.250 -999.250 -999.250 -999.250 -999.250 -999.250 -999.250 -999.250 -999.250 -999.250 -999.250 -999.250 -999.250 -999.250 -999.250 -999.250 -999.250 -999.250 -999.250 -999.250 -999.250 -999.250 -999.250 -999.250 -999.250 -999.250 -999.250 -999.250
246.765 266.516 253.743 246.291 235.474 194.202 179.829 187.208 194.920 198.273 172.567 165.843 157.629 151.311 146.390 153.812 160.781 153.942 163.328 173.596 164.007 161.642 178.311 205.426 207.832 205.317 202.958 199.576 225.196 254.154 251.412 267.974 230.306 -999.250 -999.250 -999.250 -999.250 -999.250 -999.250 -999.250 -999.250 -999.250 -999.250 -999.250 -999.250 -999.250 -999.250 -999.250 -999.250 -999.250 -999.250 -999.250 -999.250 -999.250 -999.250 -999.250 -999.250 -999.250 -999.250 -999.250 -999.250 -999.250 -999.250 -999.250 -999.250
260.336 259.961 254.624 232.689 224.873 186.208 166.758 177.639 171.879 155.612 157.173 153.444 148.132 160.230 142.955 140.164 142.245 158.017 161.542 151.846 174.074 187.268 194.792 218.009 244.755 223.416 250.486 241.569 248.990 247.972 298.763 277.014 267.429 -999.250 -999.250 -999.250 -999.250 -999.250 -999.250 -999.250 -999.250 -999.250 -999.250 -999.250 -999.250 -999.250 -999.250 -999.250 -999.250 -999.250 -999.250 -999.250 -999.250 -999.250 -999.250 -999.250 -999.250 -999.250 -999.250 -999.250 -999.250 -999.250 -999.250 -999.250 -999.250
259.779 247.246 238.684 216.233 195.893 183.031 168.387 171.317 171.701 149.473 154.203 146.923 147.423 150.377 133.061 136.115 137.736 148.987 165.699 175.503 194.211 206.815 214.012 228.195 252.476 258.867 267.950 271.749 288.480 300.234 284.048 292.765 299.500 -999.250 -999.250 -999.250 -999.250 -999.250 -999.250 -999.250 -999.250 -999.250 -999.250 -999.250 -999.250 -999.250 -999.250 -999.250 -999.250 -999.250 -999.250 -999.250 -999.250 -999.250 -999.250 -999.250 -999.250 -999.250 -999.250 -999.250 -999.250 -999.250 -999.250 -999.250 -999.250
268.624 248.897 209.546 221.159 184.011 174.806 165.997 140.657 150.740 150.112 139.316 135.178 127.180 134.117 125.366 118.538 94.787 136.090 156.974 203.086 220.970 220.350 251.396 269.905 285.275 295.333 285.319 295.667 317.068 314.271 321.264 343.746 320.077 339.009 -999.250 -999.250 -999.250 -999.250 -999.250 -999.250 -999.250 -999.250 -999.250 -999.250 -999.250 -999.250 -999.250 -999.250 -999.250 -999.250 -999.250 -999.250 -999.250 -999.250 -999.250 -999.250 -999.250 -999.250 -999.250 -999.250 -999.250 -999.250 -999.250 -999.250 -999.250
238.024 227.494 213.095 190.446 181.049 152.799 137.293 126.494 141.743 131.961 128.114 115.498 107.965 107.118 118.092 113.968 118.794 142.664 161.890 193.888 243.571 249.507 247.337 247.804 289.156 287.348 318.247 349.142 346.035 341.356 373.714 404.264 344.549 377.474 327.796 -999.250 -999.250 -999.250 -999.250 -999.250 -999.250 -999.250 -999.250 -999.250 -999.250 -999.250 -999.250 -999.250 -999.250 -999.250 -999.250 -999.250 -999.250 -999.250 -999.250 -999.250 -999.250 -999.250 -999.250 -999.250 -999.250 -999.250 -999.250 -999.250 -999.250
230.920 213.183 200.424 171.062 144.323 138.511 124.302 125.111 120.356 123.822 118.815 111.635 99.628 104.258 102.725 112.072 121.859 136.214 155.259 184.596 224.093 269.150 261.348 273.287 293.414 319.787 351.741 367.760 390.377 395.349 396.540 398.224 394.907 410.730 368.910 345.947 361.063 352.942 -999.250 -999.250 -999.250 -999.250 -999.250 -999.250 -999.250 -999.250 -999.250 -999.250 -999.250 -999.250 -999.250 -999.250 -999.250 -999.250 -999.250 -999.250 -999.250 -999.250 -999.250 -999.250 -999.250 -999.250 -999.250 -999.250 -999.250
203.605 190.543 170.081 151.896 139.882 119.177 118.745 92.295 94.065 92.924 94.855 97.947 87.903 93.558 93.302 120.694 124.366 135.076 157.895 191.923 206.644 221.153 283.009 335.770 343.712 380.752 378.691 403.042 426.417 411.576 432.490 445.240 470.999 465.212 429.047 391.876 379.050 355.094 -999.250 -999.250 -999.250 -999.250 -999.250 -999.250 -999.250 -999.250 -999.250 -999.250 -999.250 -999.250 -999.250 -999.250 -999.250 -999.250 -999.250 -999.250 -999.250 -999.250 -999.250 -999.250 -999.250 -999.250 -999.250 -999.250 -999.250
173.983 169.109 159.902 125.893 116.290 108.739 110.533 87.139 73.929 76.174 85.148 84.722 85.452 84.390 89.952 100.500 119.912 131.430 173.026 187.796 236.673 264.986 296.429 324.577 375.578 398.821 428.048 445.974 445.397 434.168 455.594 474.585 467.188 471.174 454.726 412.277 358.102 -999.250 -999.250 -999.250 -999.250 -999.250 -999.250 -999.250 -999.250 -999.250 -999.250 -999.250 -999.250 -999.250 -999.250 -999.250 -999.250 -999.250 -999.250 -999.250 -999.250 -999.250 -999.250 -999.250 -999.250 -999.250 -999.250 -999.250 -999.250
157.688 162.096 133.835 125.635 81.168 94.994 78.838 81.151 63.974 78.428 69.013 73.663 83.770 72.870 80.498 93.966 121.607 149.562 156.455 188.217 244.048 283.731 318.150 366.541 380.382 435.350 453.992 468.819 468.491 452.925 486.801 507.319 487.582 491.972 464.349 408.388 405.727 -999.250 -999.250 -999.250 284.840 267.149 251.067 -999.250 -999.250 -999.250 -999.250 -999.250 -999.250 -999.250 -999.250 -999.250 -999.250 -999.250 -999.250 -999.250 -999.250 -999.250 -999.250 -999.250 -999.250 -999.250 -999.250 -999.250 -999.250
172.396 149.177 124.919 108.201 77.780 53.137 65.442 54.277 68.707 72.073 71.655 73.952 68.190 67.836 72.206 81.288 108.646 145.123 181.312 227.864 257.244 285.488 303.062 381.926 409.874 447.810 472.469 500.435 479.648 476.200 475.332 505.984 468.859 496.454 475.744 422.895 385.566 356.090 340.663 305.811 287.479 260.526 238.132 238.091 -999.250 -999.250 -999.250 -999.250 -999.250 -999.250 -999.250 -999.250 -999.250 -999.250 -999.250 -999.250 -999.250 -999.250 -999.250 -999.250 -999.250 -999.250 -999.250 -999.250 -999.250
157.810 156.337 113.607 88.499 73.225 23.546 42.252 50.673 78.469 76.104 64.759 72.546 90.537 76.171 69.753 67.249 124.996 174.692 220.126 258.974 261.659 328.010 356.523 366.573 395.805 429.056 484.799 498.677 456.838 463.202 450.395 489.584 445.391 441.236 433.197 394.060 378.206 352.217 322.726 299.394 268.497 242.165 203.200 214.179 222.147 -999.250 -999.250 -999.250 -999.250 -999.250 -999.250 -999.250 -999.250 -999.250 -999.250 -999.250 -999.250 -999.250 -999.250 -999.250 -999.250 -999.250 -999.250 -999.250 -999.250
164.329 120.819 114.396 103.169 82.319 54.144 53.266 53.091 59.903 60.359 78.843 82.381 76.778 79.268 94.407 102.450 137.743 195.897 239.394 279.998 290.638 359.861 371.688 406.513 424.938 456.355 465.377 501.632 458.613 456.865 449.997 476.187 449.344 418.202 411.011 386.371 352.158 347.866 317.942 278.622 260.827 243.974 215.716 224.384 208.814 -999.250 -999.250 -999.250 -999.250 -999.250 -999.250 -999.250 -999.250 -999.250 -999.250 -999.250 -999.250 -999.250 -999.250 -999.250 -999.250 -999.250 -999.250 -999.250 -999.250
157.591 148.128 115.680 101.242 100.826 74.830 56.559 60.643 61.250 62.527 85.496 88.589 86.395 96.287 124.910 125.260 151.687 185.129 249.015 280.569 319.068 338.382 397.233 401.289 445.596 466.462 470.588 462.004 464.177 460.036 429.685 439.320 415.562 399.863 390.809 368.314 327.621 329.214 276.586 259.196 241.593 230.561 228.876 211.046 216.649 -999.250 -999.250 -999.250 -999.250 -999.250 -999.250 -999.250 -999.250 -999.250 -999.250 -999.250 -999.250 -999.250 -999.250 -999.250 -999.250 -999.250 -999.250 -999.250 -999.250
165.899 146.841 141.609 130.680 110.206 87.983 76.084 69.674 80.316 77.364 81.159 87.141 111.734 127.940 152.309 158.196 195.564 220.140 258.306 294.046 302.609 323.791 385.708 415.108 434.787 436.108 451.529 462.502 438.492 414.949 419.255 375.994 387.702 364.776 329.667 299.413 325.451 319.788 309.811 246.551 242.134 236.136 213.848 203.948 210.366 198.719 -999.250 -999.250 -999.250 -999.250 -999.250 -999.250 -999.250 -999.250 -999.250 -999.250 -999.250 -999.250 -999.250 -999.250 -999.250 -999.250 -999.250 -999.250 -999.250
