data/medianmodel_02-May-2020.asc
ncols	141
nrows	288
xllcorner	-120191.398
yllcorner	-301404.813
cellsize	2000.000
NODATA_value	-999.250
[rows 155 to 185 of 288, columns 69 to 137 of 141]
8.220 8.379 6.601 6.331 6.424 8.142 9.418 10.770 11.632 8.243 8.453 6.025 6.610 3.679 6.183 6.585 5.763 4.611 4.721 3.624 4.366 2.428 2.891 1.339 1.385 3.278 -999.250 -999.250 -999.250 -999.250 -999.250 -999.250 -999.250 -999.250 -999.250 -999.250 -999.250 -999.250 -999.250 -999.250 -999.250 -999.250 -999.250 -999.250 -999.250 -999.250 -999.250 -999.250 -999.250 -999.250 -999.250 -999.250 -999.250 -999.250 -999.250 -999.250 -999.250 -999.250 -999.250 -999.250 -999.250 -999.250 -999.250 -999.250 -999.250 -999.250 -999.250 -999.250 -999.250
6.724 9.908 9.334 7.675 9.532 9.102 9.155 10.978 8.464 9.991 9.421 6.501 5.680 5.542 4.421 3.468 4.848 3.553 2.254 2.344 3.285 2.263 2.989 3.207 3.435 3.000 3.064 -999.250 -999.250 -999.250 -999.250 -999.250 -999.250 -999.250 -999.250 -999.250 -999.250 -999.250 -999.250 -999.250 -999.250 -999.250 -999.250 -999.250 -999.250 -999.250 -999.250 -999.250 -999.250 -999.250 -999.250 -999.250 -999.250 -999.250 -999.250 -999.250 -999.250 -999.250 -999.250 -999.250 -999.250 -999.250 -999.250 -999.250 -999.250 -999.250 -999.250 -999.250 -999.250
6.092 7.811 8.260 8.770 8.567 8.856 8.964 10.372 7.093 8.070 7.416 4.819 3.868 1.834 1.306 3.819 3.310 3.422 4.188 2.552 0.000 0.514 2.385 1.858 2.543 4.323 3.172 1.096 -999.250 -999.250 -999.250 -999.250 -999.250 -999.250 -999.250 -999.250 -999.250 -999.250 -999.250 -999.250 -999.250 -999.250 -999.250 -999.250 -999.250 -999.250 -999.250 -999.250 -999.250 -999.250 -999.250 -999.250 -999.250 -999.250 -999.250 -999.250 -999.250 -999.250 -999.250 -999.250 -999.250 -999.250 -999.250 -999.250 -999.250 -999.250 -999.250 -999.250 -999.250
5.757 7.952 9.065 10.237 8.386 7.522 7.624 7.386 7.402 5.945 5.419 5.776 3.027 0.375 0.000 1.274 3.393 2.132 1.633 2.506 1.143 0.000 3.128 2.654 4.706 3.909 4.200 3.299 1.126 -999.250 -999.250 -999.250 -999.250 -999.250 -999.250 -999.250 -999.250 -999.250 -999.250 -999.250 -999.250 -999.250 -999.250 -999.250 -999.250 -999.250 -999.250 -999.250 -999.250 -999.250 -999.250 -999.250 -999.250 -999.250 -999.250 -999.250 -999.250 -999.250 -999.250 -999.250 -999.250 -999.250 -999.250 -999.250 -999.250 -999.250 -999.250 -999.250 -999.250
5.414 8.308 9.855 7.733 8.513 11.189 7.119 6.581 8.075 4.807 4.972 5.549 4.540 1.940 1.037 2.919 0.997 3.268 3.170 3.030 0.496 1.974 3.741 4.236 4.598 4.504 2.717 2.540 2.434 -999.250 -999.250 -999.250 -999.250 -999.250 -999.250 -999.250 -999.250 -999.250 -999.250 -999.250 -999.250 -999.250 -999.250 -999.250 -999.250 -999.250 -999.250 -999.250 -999.250 -999.250 -999.250 -999.250 -999.250 -999.250 -999.250 -999.250 -999.250 -999.250 -999.250 -999.250 -999.250 -999.250 -999.250 -999.250 -999.250 -999.250 -999.250 -999.250 -999.250
6.041 5.154 7.793 8.806 6.319 7.928 7.653 7.652 4.925 4.154 5.142 5.484 4.635 3.511 2.423 2.534 1.138 4.495 5.227 4.821 4.752 4.326 5.377 5.743 6.345 4.133 3.390 2.512 2.737 -999.250 -999.250 -999.250 -999.250 -999.250 -999.250 -999.250 -999.250 -999.250 -999.250 -999.250 -999.250 -999.250 -999.250 -999.250 -999.250 -999.250 -999.250 -999.250 -999.250 -999.250 -999.250 -999.250 -999.250 -999.250 -999.250 -999.250 -999.250 -999.250 -999.250 -999.250 -999.250 -999.250 -999.250 -999.250 -999.250 -999.250 -999.250 -999.250 -999.250
5.685 7.154 5.533 8.258 7.112 9.893 7.143 8.137 5.844 4.820 3.710 3.972 5.107 2.743 1.430 1.717 2.050 4.823 5.425 4.788 5.616 4.569 7.361 6.349 6.371 5.197 3.394 2.534 3.720 -999.250 -999.250 -999.250 -999.250 -999.250 -999.250 -999.250 -999.250 -999.250 -999.250 -999.250 -999.250 -999.250 -999.250 -999.250 -999.250 -999.250 -999.250 -999.250 -999.250 -999.250 -999.250 -999.250 -999.250 -999.250 -999.250 -999.250 -999.250 -999.250 -999.250 -999.250 -999.250 -999.250 -999.250 -999.250 -999.250 -999.250 -999.250 -999.250 -999.250
7.527 5.083 6.341 5.077 3.692 7.537 6.534 7.245 5.952 3.139 4.417 0.483 1.298 2.634 2.090 3.781 2.447 3.912 3.244 5.191 5.966 6.274 6.377 6.349 6.026 4.681 3.877 4.510 3.656 -999.250 -999.250 -999.250 -999.250 -999.250 -999.250 -999.250 -999.250 -999.250 -999.250 -999.250 -999.250 -999.250 -999.250 -999.250 -999.250 -999.250 -999.250 -999.250 -999.250 -999.250 -999.250 -999.250 -999.250 -999.250 -999.250 -999.250 -999.250 -999.250 -999.250 -999.250 -999.250 -999.250 -999.250 -999.250 -999.250 -999.250 -999.250 -999.250 -999.250
4.285 5.580 5.305 6.212 2.669 5.950 7.912 6.079 5.045 5.467 1.252 0.090 0.000 0.496 1.951 2.810 4.453 5.233 5.510 3.262 6.472 4.556 6.078 5.748 6.331 3.680 3.424 3.047 5.079 5.207 -999.250 -999.250 -999.250 -999.250 -999.250 -999.250 -999.250 -999.250 -999.250 -999.250 -999.250 -999.250 -999.250 -999.250 -999.250 -999.250 -999.250 -999.250 -999.250 -999.250 -999.250 -999.250 -999.250 -999.250 -999.250 -999.250 -999.250 -999.250 -999.250 -999.250 -999.250 -999.250 -999.250 -999.250 -999.250 -999.250 -999.250 -999.250 -999.250
5.580 5.622 4.883 5.150 5.346 6.811 7.228 5.912 4.483 5.535 4.210 0.778 1.681 3.231 1.407 2.627 3.679 4.047 5.525 5.409 5.274 7.893 3.945 4.148 7.286 4.720 2.489 4.459 4.539 4.697 5.214 -999.250 -999.250 -999.250 -999.250 -999.250 -999.250 -999.250 -999.250 -999.250 -999.250 -999.250 -999.250 -999.250 -999.250 -999.250 -999.250 -999.250 -999.250 -999.250 -999.250 -999.250 -999.250 -999.250 -999.250 -999.250 -999.250 -999.250 -999.250 -999.250 -999.250 -999.250 -999.250 -999.250 -999.250 -999.250 -999.250 -999.250 -999.250
4.327 4.853 5.089 5.608 5.273 4.092 3.458 5.716 4.497 4.816 4.559 4.865 3.541 4.628 3.099 2.147 3.441 4.916 6.114 4.682 4.824 6.482 6.668 6.568 4.565 4.293 4.427 3.641 3.927 5.352 5.841 4.538 2.718 2.769 -999.250 -999.250 -999.250 -999.250 -999.250 -999.250 -999.250 -999.250 -999.250 -999.250 -999.250 -999.250 -999.250 -999.250 -999.250 -999.250 -999.250 -999.250 -999.250 -999.250 -999.250 -999.250 -999.250 -999.250 -999.250 -999.250 -999.250 -999.250 -999.250 -999.250 -999.250 -999.250 -999.250 -999.250 -999.250
6.507 5.948 5.264 5.654 6.550 5.481 4.167 3.723 4.662 6.751 3.781 5.875 4.730 3.914 3.390 3.181 3.055 2.218 5.133 5.323 5.205 5.438 6.156 5.000 4.201 5.200 5.173 3.533 2.540 3.660 2.162 2.831 2.544 5.046 -999.250 -999.250 -999.250 -999.250 -999.250 -999.250 -999.250 -999.250 -999.250 -999.250 -999.250 -999.250 -999.250 -999.250 -999.250 -999.250 -999.250 -999.250 -999.250 -999.250 -999.250 -999.250 -999.250 -999.250 -999.250 -999.250 -999.250 -999.250 -999.250 -999.250 -999.250 -999.250 -999.250 -999.250 -999.250
2.858 4.629 4.749 3.118 1.850 5.504 4.811 5.309 3.028 4.793 4.259 3.267 4.497 4.227 4.581 3.138 1.996 4.016 3.550 6.773 7.385 3.962 6.108 5.757 4.966 6.112 5.452 4.227 4.329 2.225 2.815 1.776 4.346 -999.250 -999.250 -999.250 -999.250 -999.250 -999.250 -999.250 -999.250 -999.250 -999.250 -999.250 -999.250 -999.250 -999.250 -999.250 -999.250 -999.250 -999.250 -999.250 -999.250 -999.250 -999.250 -999.250 -999.250 -999.250 -999.250 -999.250 -999.250 -999.250 -999.250 -999.250 -999.250 -999.250 -999.250 -999.250 -999.250
4.338 3.459 2.984 4.619 4.934 6.129 4.402 4.769 3.113 3.711 3.388 3.082 2.762 2.905 2.449 4.610 4.319 3.832 4.728 5.080 6.212 5.243 5.800 5.340 5.747 3.888 4.613 4.389 2.720 1.132 3.330 3.556 3.078 -999.250 -999.250 -999.250 0.705 0.000 0.000 -999.250 -999.250 -999.250 -999.250 -999.250 -999.250 -999.250 -999.250 -999.250 -999.250 -999.250 -999.250 -999.250 -999.250 -999.250 -999.250 -999.250 -999.250 -999.250 -999.250 -999.250 -999.250 -999.250 -999.250 -999.250 -999.250 -999.250 -999.250 -999.250 -999.250
2.682 1.253 1.109 1.876 4.374 4.466 5.127 3.258 3.043 2.744 2.145 0.462 1.696 1.269 3.249 4.363 3.163 4.538 3.596 4.839 5.186 5.207 3.753 5.250 2.012 3.095 3.907 4.927 0.590 0.000 0.522 1.319 3.787 2.824 5.913 4.472 0.000 0.122 0.000 0.000 -999.250 -999.250 -999.250 -999.250 -999.250 -999.250 -999.250 -999.250 -999.250 -999.250 -999.250 -999.250 -999.250 -999.250 -999.250 -999.250 -999.250 -999.250 -999.250 -999.250 -999.250 -999.250 -999.250 -999.250 -999.250 -999.250 -999.250 -999.250 -999.250
2.070 0.000 2.510 3.008 5.078 5.673 4.673 4.474 4.240 3.107 1.754 0.000 1.218 1.949 1.725 3.810 1.041 2.114 4.631 3.364 3.690 3.508 3.244 4.267 3.206 1.345 4.492 4.307 1.062 0.000 2.721 1.793 2.565 3.183 3.614 3.522 2.674 0.000 0.000 0.000 0.000 -999.250 -999.250 -999.250 -999.250 -999.250 -999.250 -999.250 -999.250 -999.250 -999.250 -999.250 -999.250 -999.250 -999.250 -999.250 -999.250 -999.250 -999.250 -999.250 -999.250 -999.250 -999.250 -999.250 -999.250 -999.250 -999.250 -999.250 -999.250
3.406 3.225 4.916 3.745 5.344 4.676 5.681 4.361 2.419 0.851 0.618 0.378 0.871 1.766 2.270 1.727 2.947 4.244 5.605 4.592 3.476 2.359 2.233 2.460 3.507 4.305 6.079 3.765 2.938 2.179 2.623 2.868 3.063 2.514 2.165 1.260 2.794 1.037 0.000 0.000 0.000 -999.250 -999.250 -999.250 -999.250 -999.250 -999.250 -999.250 -999.250 -999.250 -999.250 -999.250 -999.250 -999.250 -999.250 -999.250 -999.250 -999.250 -999.250 -999.250 -999.250 -999.250 -999.250 -999.250 -999.250 -999.250 -999.250 -999.250 -999.250
5.123 4.364 6.444 4.572 6.315 5.554 4.915 2.801 2.720 1.825 2.512 2.308 3.301 3.029 1.882 2.784 3.046 4.660 4.423 2.401 3.208 1.135 0.000 1.269 2.417 3.558 2.903 4.591 4.687 3.711 2.240 4.350 4.167 3.539 3.737 3.519 1.023 1.139 1.551 0.000 0.000 -999.250 -999.250 -999.250 -999.250 -999.250 -999.250 -999.250 -999.250 -999.250 -999.250 -999.250 -999.250 -999.250 -999.250 -999.250 -999.250 -999.250 -999.250 -999.250 -999.250 -999.250 -999.250 -999.250 -999.250 -999.250 -999.250 -999.250 -999.250
4.901 7.679 6.239 3.846 6.132 5.081 5.469 3.409 4.087 1.951 0.733 0.000 2.458 0.924 0.000 1.044 3.723 4.300 1.712 1.858 1.276 0.912 0.000 1.119 2.248 3.732 3.280 2.612 4.373 4.082 3.315 4.829 6.619 5.788 6.492 2.602 3.053 4.370 1.632 0.781 0.900 0.000 -999.250 -999.250 -999.250 -999.250 -999.250 -999.250 -999.250 -999.250 -999.250 -999.250 -999.250 -999.250 -999.250 -999.250 -999.250 -999.250 -999.250 -999.250 -999.250 -999.250 -999.250 -999.250 -999.250 -999.250 -999.250 -999.250 -999.250
5.660 7.852 5.974 5.645 5.700 4.581 4.338 2.228 3.724 1.939 1.085 0.541 0.000 1.897 0.297 1.304 0.547 1.503 1.588 2.534 1.431 2.078 0.622 1.805 2.112 1.500 2.891 3.717 5.161 4.717 6.586 5.654 6.321 5.488 4.080 4.755 3.051 2.614 2.148 4.489 2.231 -999.250 -999.250 -999.250 -999.250 -999.250 -999.250 -999.250 -999.250 -999.250 -999.250 -999.250 -999.250 -999.250 -999.250 -999.250 -999.250 -999.250 -999.250 -999.250 -999.250 -999.250 -999.250 -999.250 -999.250 -999.250 -999.250 -999.250 -999.250
5.310 5.024 5.487 5.306 6.832 6.264 6.134 3.040 3.056 1.440 0.000 0.072 1.582 1.520 1.217 0.000 0.011 2.805 1.388 0.016 2.176 1.398 1.536 1.069 3.473 1.527 3.977 3.394 3.061 4.844 4.031 5.365 4.775 4.148 5.771 3.935 2.967 2.671 3.003 2.360 -999.250 -999.250 -999.250 -999.250 -999.250 -999.250 -999.250 -999.250 -999.250 -999.250 -999.250 -999.250 -999.250 -999.250 -999.250 -999.250 -999.250 -999.250 -999.250 -999.250 -999.250 -999.250 -999.250 -999.250 -999.250 -999.250 -999.250 -999.250 -999.250
6.783 7.380 7.438 6.500 5.124 6.997 7.497 6.271 4.674 1.068 0.000 2.431 3.422 1.462 1.236 0.641 0.722 0.000 1.656 0.283 1.436 2.046 1.505 0.877 1.799 2.809 4.595 5.718 6.574 5.016 4.713 5.766 4.822 3.271 5.697 3.263 3.434 2.346 1.759 2.109 -999.250 -999.250 -999.250 -999.250 -999.250 -999.250 -999.250 -999.250 -999.250 -999.250 -999.250 -999.250 -999.250 -999.250 -999.250 -999.250 -999.250 -999.250 -999.250 -999.250 -999.250 -999.250 -999.250 -999.250 -999.250 -999.250 -999.250 -999.250 -999.250
3.978 5.698 5.452 5.662 7.188 7.018 6.597 6.187 5.672 3.574 0.834 1.528 3.948 3.181 1.970 2.046 0.627 0.000 0.000 0.782 1.782 2.904 3.460 2.528 3.190 3.970 3.649 3.286 6.114 4.119 6.820 5.599 6.748 4.333 5.397 2.444 4.288 1.597 1.587 -999.250 -999.250 -999.250 -999.250 -999.250 -999.250 -999.250 -999.250 -999.250 -999.250 -999.250 -999.250 -999.250 -999.250 -999.250 -999.250 -999.250 -999.250 -999.250 -999.250 -999.250 -999.250 -999.250 -999.250 -999.250 -999.250 -999.250 -999.250 -999.250 -999.250
7.516 8.361 5.969 6.726 8.187 6.999 6.147 6.836 7.913 5.016 4.113 5.066 4.070 3.566 0.841 1.520 0.115 0.978 0.000 0.000 0.189 1.582 3.813 5.423 3.080 6.440 7.026 5.570 5.555 3.424 6.552 6.477 4.593 4.748 3.638 2.605 1.959 1.784 1.732 -999.250 -999.250 -999.250 -999.250 -999.250 -999.250 -999.250 -999.250 -999.250 -999.250 -999.250 -999.250 -999.250 -999.250 -999.250 -999.250 -999.250 -999.250 -999.250 -999.250 -999.250 -999.250 -999.250 -999.250 -999.250 -999.250 -999.250 -999.250 -999.250 -999.250
7.022 7.695 7.234 8.287 5.052 6.272 5.859 6.746 6.436 4.491 5.453 5.293 5.179 3.257 2.212 1.797 0.051 0.308 0.000 0.000 0.473 2.525 2.840 3.118 6.189 7.066 5.478 7.183 8.739 6.816 6.079 6.707 4.155 2.225 2.134 2.206 0.163 0.567 -999.250 -999.250 -999.250 -999.250 -999.250 -999.250 -999.250 -999.250 -999.250 -999.250 -999.250 -999.250 -999.250 -999.250 -999.250 -999.250 -999.250 -999.250 -999.250 -999.250 -999.250 -999.250 -999.250 -999.250 -999.250 -999.250 -999.250 -999.250 -999.250 -999.250 -999.250
6.194 7.335 6.155 7.213 5.275 7.011 5.627 6.299 5.671 5.621 6.058 4.532 4.639 4.520 2.889 0.124 0.000 0.000 0.000 0.000 0.000 1.789 3.426 6.956 9.902 9.314 8.745 7.973 8.836 7.718 5.442 6.271 3.406 2.113 1.424 0.439 0.812 0.954 -999.250 -999.250 -999.250 -999.250 -999.250 -999.250 -999.250 -999.250 -999.250 -999.250 -999.250 -999.250 -999.250 -999.250 -999.250 -999.250 -999.250 -999.250 -999.250 -999.250 -999.250 -999.250 -999.250 -999.250 -999.250 -999.250 -999.250 -999.250 -999.250 -999.250 -999.250
8.498 6.785 5.148 7.765 5.970 7.486 7.177 7.393 7.073 8.052 6.170 5.404 2.723 4.764 1.643 0.000 0.000 0.000 0.000 0.000 0.000 1.879 4.482 7.533 10.168 11.397 11.129 9.954 9.196 10.770 6.882 5.709 1.311 0.498 0.000 0.458 1.743 0.000 -999.250 -999.250 -999.250 -999.250 -999.250 -999.250 -999.250 -999.250 -999.250 -999.250 -999.250 -999.250 -999.250 -999.250 -999.250 -999.250 -999.250 -999.250 -999.250 -999.250 -999.250 -999.250 -999.250 -999.250 -999.250 -999.250 -999.250 -999.250 -999.250 -999.250 -999.250
7.672 8.508 9.656 7.043 7.680 9.087 8.263 7.532 8.491 7.961 5.281 3.604 2.317 1.234 0.000 0.000 0.139 0.522 1.828 0.000 0.000 0.082 4.100 7.238 11.485 11.949 11.035 10.656 11.051 10.581 10.633 6.491 1.895 0.000 0.000 0.000 0.000 -999.250 -999.250 -999.250 -999.250 -999.250 -999.250 -999.250 -999.250 -999.250 -999.250 -999.250 -999.250 -999.250 -999.250 -999.250 -999.250 -999.250 -999.250 -999.250 -999.250 -999.250 -999.250 -999.250 -999.250 -999.250 -999.250 -999.250 -999.250 -999.250 -999.250 -999.250 -999.250
8.584 11.938 9.648 8.093 7.459 7.384 6.042 7.849 7.539 7.582 7.043 6.409 4.518 0.460 0.000 0.822 1.039 1.526 1.456 0.000 0.000 0.000 6.179 8.486 12.354 15.053 16.463 16.115 16.152 14.638 10.842 9.130 2.803 0.000 0.000 0.000 -999.250 -999.250 -999.250 -999.250 -999.250 -999.250 -999.250 -999.250 -999.250 -999.250 -999.250 -999.250 -999.250 -999.250 -999.250 -999.250 -999.250 -999.250 -999.250 -999.250 -999.250 -999.250 -999.250 -999.250 -999.250 -999.250 -999.250 -999.250 -999.250 -999.250 -999.250 -999.250 -999.250
6.701 7.819 8.243 7.771 10.005 8.510 6.191 8.209 7.508 6.594 7.194 7.509 4.149 3.282 0.915 1.997 4.739 2.245 3.645 2.500 1.236 0.000 9.914 13.189 16.601 17.833 19.752 15.551 18.365 13.851 12.985 9.291 6.036 1.511 0.000 0.000 -999.250 -999.250 -999.250 -999.250 -999.250 -999.250 -999.250 -999.250 -999.250 -999.250 -999.250 -999.250 -999.250 -999.250 -999.250 -999.250 -999.250 -999.250 -999.250 -999.250 -999.250 -999.250 -999.250 -999.250 -999.250 -999.250 -999.250 -999.250 -999.250 -999.250 -999.250 -999.250 -999.250
8.679 9.101 8.038 9.039 9.773 10.085 10.422 7.620 7.580 7.829 8.557 6.543 5.229 4.944 3.774 3.110 5.485 5.650 5.817 7.805 11.207 13.821 21.045 22.808 22.740 20.580 22.604 22.879 17.966 15.221 14.275 7.863 6.676 2.585 -999.250 -999.250 -999.250 -999.250 -999.250 -999.250 -999.250 -999.250 -999.250 -999.250 -999.250 -999.250 -999.250 -999.250 -999.250 -999.250 -999.250 -999.250 -999.250 -999.250 -999.250 -999.250 -999.250 -999.250 -999.250 -999.250 -999.250 -999.250 -999.250 -999.250 -999.250 -999.250 -999.250 -999.250 -999.250
