data/medianmodel_22-Mar-2020.asc
ncols	141
nrows	288
xllcorner	-120191.398
yllcorner	-301404.813
cellsize	2000.000
NODATA_value	-999.250
[rows 217 to 247 of 288, columns 0 to 69 of 141]
-999.250 -999.250 -999.250 -999.250 -999.250 -999.250 -999.250 -999.250 -999.250 -999.250 -999.250 -999.250 -999.250 -999.250 -999.250 -999.250 -999.250 -999.250 -999.250 -999.250 -999.250 -999.250 -999.250 -999.250 -999.250 -999.250 -999.250 -999.250 -999.250 -999.250 -999.250 6.669 5.965 5.091 6.562 6.867 7.593 6.627 6.967 7.701 6.048 8.006 7.750 7.187 7.384 8.683 7.582 8.129 8.996 10.022 9.435 9.493 9.541 7.183 7.364 7.664 6.919 5.952 5.997 6.021 4.573 3.870 2.687 0.766 0.019 0.000 0.000 0.000 0.000 0.000
-999.250 -999.250 -999.250 -999.250 -999.250 -999.250 -999.250 -999.250 -999.250 -999.250 -999.250 -999.250 -999.250 -999.250 -999.250 -999.250 -999.250 -999.250 -999.250 -999.250 -999.250 -999.250 -999.250 -999.250 -999.250 -999.250 -999.250 -999.250 -999.250 -999.250 -999.250 4.760 4.593 5.354 6.909 7.431 6.736 6.430 7.072 4.747 6.303 6.195 7.112 7.444 8.259 6.619 8.447 7.841 8.498 8.786 8.259 8.985 8.613 7.621 7.720 7.059 6.758 4.798 5.043 5.660 4.841 3.732 1.536 1.514 0.041 0.000 0.000 0.000 0.000 0.000
-999.250 -999.250 -999.250 -999.250 -999.250 -999.250 -999.250 -999.250 -999.250 -999.250 -999.250 -999.250 -999.250 -999.250 -999.250 -999.250 -999.250 -999.250 -999.250 -999.250 -999.250 -999.250 -999.250 -999.250 -999.250 -999.250 -999.250 -999.250 -999.250 -999.250 -999.250 6.153 5.536 5.457 4.640 5.055 5.960 6.066 5.638 6.969 6.212 6.831 6.560 7.039 8.615 8.853 7.533 8.412 7.742 9.367 8.439 8.107 9.220 9.419 8.739 7.138 7.513 5.790 4.957 5.138 4.411 4.490 4.157 3.229 0.963 0.000 0.000 0.000 0.000 0.000
-999.250 -999.250 -999.250 -999.250 -999.250 -999.250 -999.250 -999.250 -999.250 -999.250 -999.250 -999.250 -999.250 -999.250 -999.250 -999.250 -999.250 -999.250 -999.250 -999.250 -999.250 -999.250 -999.250 -999.250 -999.250 -999.250 -999.250 -999.250 -999.250 -999.250 -999.250 3.433 3.643 4.599 3.789 5.067 5.680 4.273 5.679 5.272 5.309 6.278 7.239 6.535 5.764 7.160 7.217 7.887 7.253 7.697 7.296 8.581 8.996 7.934 9.223 7.597 8.079 6.971 5.536 5.511 4.478 3.641 4.243 3.767 2.116 1.665 1.697 0.000 0.000 0.000
-999.250 -999.250 -999.250 -999.250 -999.250 -999.250 -999.250 -999.250 -999.250 -999.250 -999.250 -999.250 -999.250 -999.250 -999.250 -999.250 -999.250 -999.250 -999.250 -999.250 -999.250 -999.250 -999.250 -999.250 -999.250 -999.250 -999.250 -999.250 -999.250 -999.250 -999.250 3.466 3.126 4.542 4.402 4.029 3.435 5.364 5.316 5.621 4.994 6.395 6.203 5.866 5.689 7.931 7.581 7.050 7.271 7.329 7.917 8.235 8.215 9.280 8.297 9.185 7.106 8.192 5.748 5.800 5.388 4.939 4.196 4.504 3.567 2.142 1.557 0.384 0.000 0.000
-999.250 -999.250 -999.250 -999.250 -999.250 -999.250 -999.250 -999.250 -999.250 -999.250 -999.250 -999.250 -999.250 -999.250 -999.250 -999.250 -999.250 -999.250 -999.250 -999.250 -999.250 -999.250 -999.250 -999.250 -999.250 -999.250 -999.250 -999.250 -999.250 -999.250 -999.250 2.101 4.105 2.911 5.364 4.410 3.609 3.988 4.471 4.657 4.944 4.785 7.416 5.129 6.303 6.975 7.321 8.137 7.547 7.826 7.488 7.670 9.703 8.681 8.512 9.210 9.699 9.045 8.504 6.540 5.495 5.013 5.020 3.197 3.352 3.830 1.866 1.375 0.000 0.000
-999.250 -999.250 -999.250 -999.250 -999.250 -999.250 -999.250 -999.250 -999.250 -999.250 -999.250 -999.250 -999.250 -999.250 -999.250 -999.250 -999.250 -999.250 -999.250 -999.250 -999.250 -999.250 -999.250 -999.250 -999.250 -999.250 -999.250 -999.250 -999.250 -999.250 2.430 3.023 3.421 2.194 2.120 3.639 2.792 4.379 3.809 4.647 5.669 5.884 6.335 4.853 6.246 6.496 5.926 5.441 7.202 7.642 6.808 8.177 10.549 9.850 10.440 11.453 10.984 10.591 9.950 8.079 6.407 6.184 6.085 5.849 3.136 2.779 0.910 0.249 0.000 0.000
-999.250 -999.250 -999.250 -999.250 -999.250 -999.250 -999.250 -999.250 -999.250 -999.250 -999.250 -999.250 -999.250 -999.250 -999.250 -999.250 -999.250 -999.250 -999.250 -999.250 -999.250 -999.250 -999.250 -999.250 -999.250 -999.250 -999.250 -999.250 -999.250 -999.250 1.356 2.061 2.248 0.833 2.758 2.589 2.653 3.492 4.633 4.647 4.643 5.485 5.833 5.870 4.002 5.359 4.081 5.391 5.839 7.892 6.148 7.502 8.082 9.866 11.447 11.900 11.807 9.913 10.447 8.619 9.952 7.642 6.876 5.300 2.919 2.559 2.128 0.759 0.730 0.110
-999.250 -999.250 -999.250 -999.250 -999.250 -999.250 -999.250 -999.250 -999.250 -999.250 -999.250 -999.250 -999.250 -999.250 -999.250 -999.250 -999.250 -999.250 -999.250 -999.250 -999.250 -999.250 -999.250 -999.250 -999.250 -999.250 -999.250 -999.250 -999.250 -999.250 0.637 1.657 2.613 1.750 0.242 1.843 4.142 2.779 4.875 4.421 4.577 5.495 4.866 4.469 3.813 4.611 4.991 5.868 5.354 6.015 7.616 7.011 7.773 9.002 9.897 11.592 12.022 10.852 10.754 9.785 11.257 7.369 6.725 4.478 4.873 3.484 3.386 1.794 0.255 0.000
-999.250 -999.250 -999.250 -999.250 -999.250 -999.250 -999.250 -999.250 -999.250 -999.250 -999.250 -999.250 -999.250 -999.250 -999.250 -999.250 -999.250 -999.250 -999.250 -999.250 -999.250 -999.250 -999.250 -999.250 -999.250 -999.250 -999.250 -999.250 -999.250 -999.250 0.146 1.983 1.614 0.115 0.194 1.004 2.559 2.506 2.518 3.243 3.509 4.311 3.969 3.944 3.568 3.445 3.977 5.330 5.423 7.141 7.787 8.104 8.759 8.736 8.685 9.814 12.501 11.126 11.606 10.952 9.945 8.096 7.309 5.659 3.898 3.770 2.370 2.149 1.107 0.000
-999.250 -999.250 -999.250 -999.250 -999.250 -999.250 -999.250 -999.250 -999.250 -999.250 -999.250 -999.250 -999.250 -999.250 -999.250 -999.250 -999.250 -999.250 -999.250 -999.250 -999.250 -999.250 -999.250 -999.250 -999.250 -999.250 -999.250 -999.250 -999.250 0.000 0.054 0.220 0.592 0.000 0.000 0.016 0.000 0.419 1.014 2.477 1.288 3.658 3.317 3.246 2.833 3.559 3.701 6.031 7.009 7.395 6.771 7.010 6.967 10.255 9.258 9.824 10.849 12.747 11.932 11.504 8.605 8.598 5.870 7.196 4.750 2.647 2.191 0.713 0.092 0.179
-999.250 -999.250 -999.250 -999.250 -999.250 -999.250 -999.250 -999.250 -999.250 -999.250 -999.250 -999.250 -999.250 -999.250 -999.250 -999.250 -999.250 -999.250 -999.250 -999.250 -999.250 -999.250 -999.250 -999.250 -999.250 -999.250 -999.250 -999.250 -999.250 0.000 0.000 0.000 0.000 0.000 0.000 0.000 0.000 0.448 0.000 0.935 2.301 3.732 3.245 4.137 2.604 4.018 4.516 5.937 8.130 6.098 7.502 6.903 8.000 9.956 8.619 9.363 10.327 9.972 12.285 10.362 9.530 8.540 6.218 5.095 4.570 3.095 1.731 1.427 0.249 0.000
-999.250 -999.250 -999.250 -999.250 -999.250 -999.250 -999.250 -999.250 -999.250 -999.250 -999.250 -999.250 -999.250 -999.250 -999.250 -999.250 -999.250 -999.250 -999.250 -999.250 -999.250 -999.250 -999.250 -999.250 -999.250 -999.250 -999.250 -999.250 0.000 0.000 0.000 0.000 0.000 0.000 0.000 0.000 0.000 0.000 0.692 0.637 1.870 3.478 4.037 3.652 5.103 4.880 5.254 6.731 5.548 5.210 6.466 5.795 7.100 7.418 8.387 8.087 9.387 9.709 11.496 9.805 8.992 6.544 6.143 5.224 5.058 3.294 1.974 0.849 0.440 0.000
-999.250 -999.250 -999.250 -999.250 -999.250 -999.250 -999.250 -999.250 -999.250 -999.250 -999.250 -999.250 -999.250 -999.250 -999.250 -999.250 -999.250 -999.250 -999.250 -999.250 -999.250 -999.250 -999.250 -999.250 -999.250 -999.250 -999.250 -999.250 0.000 0.000 0.000 0.000 0.000 0.000 0.000 0.000 0.000 0.000 0.000 0.772 1.328 3.490 4.150 2.578 4.373 5.318 4.285 6.024 6.337 5.492 6.059 5.780 5.701 7.281 6.008 8.258 8.095 7.383 10.010 8.725 8.838 6.395 4.375 4.869 4.468 4.495 3.277 2.646 2.341 0.000
-999.250 -999.250 -999.250 -999.250 -999.250 -999.250 -999.250 -999.250 -999.250 -999.250 -999.250 -999.250 -999.250 -999.250 -999.250 -999.250 -999.250 -999.250 -999.250 -999.250 -999.250 -999.250 -999.250 -999.250 -999.250 -999.250 -999.250 0.000 0.000 0.000 0.000 0.000 0.000 0.000 0.000 0.000 0.000 0.000 0.000 0.308 2.050 4.296 5.058 4.329 5.490 4.797 3.944 4.624 4.920 6.865 5.124 6.119 5.151 7.423 8.036 6.626 7.867 7.412 8.517 8.377 7.429 7.154 5.415 5.209 4.736 3.087 3.193 2.715 1.983 0.226
-999.250 -999.250 -999.250 -999.250 -999.250 -999.250 -999.250 -999.250 -999.250 -999.250 -999.250 -999.250 -999.250 -999.250 -999.250 -999.250 -999.250 -999.250 -999.250 -999.250 -999.250 -999.250 -999.250 -999.250 -999.250 -999.250 -999.250 0.000 0.000 0.000 0.000 0.000 0.000 0.000 0.000 0.000 0.000 0.000 0.075 0.821 1.506 2.546 3.916 4.082 4.777 3.950 5.110 5.354 5.139 4.389 4.573 4.245 4.434 6.374 6.822 7.243 6.764 5.333 6.606 4.619 6.567 6.837 5.245 3.401 2.360 2.707 3.494 2.301 2.356 0.138
-999.250 -999.250 -999.250 -999.250 -999.250 -999.250 -999.250 -999.250 -999.250 -999.250 -999.250 -999.250 -999.250 -999.250 -999.250 -999.250 -999.250 -999.250 -999.250 -999.250 -999.250 -999.250 -999.250 -999.250 -999.250 -999.250 -999.250 -999.250 0.000 0.000 0.000 0.000 0.000 0.000 0.000 0.000 0.000 0.067 0.000 0.467 1.629 2.644 2.915 2.191 4.817 4.515 4.446 4.802 4.272 3.484 4.706 5.737 4.438 3.608 6.018 6.635 5.966 5.579 4.722 4.066 4.702 6.606 4.701 2.259 1.942 1.980 2.923 1.661 0.369 0.742
-999.250 -999.250 -999.250 -999.250 -999.250 -999.250 -999.250 -999.250 -999.250 -999.250 -999.250 -999.250 -999.250 -999.250 -999.250 -999.250 -999.250 -999.250 -999.250 -999.250 -999.250 -999.250 -999.250 -999.250 -999.250 -999.250 -999.250 -999.250 -999.250 -999.250 0.000 0.000 0.000 0.000 0.000 0.000 0.000 0.004 0.000 0.761 0.525 2.369 2.363 1.673 3.821 4.334 3.909 5.051 4.361 3.689 3.614 5.122 5.193 3.979 3.519 4.677 5.303 3.465 1.991 2.944 2.365 3.648 2.914 2.772 2.193 1.953 2.462 1.874 0.759 0.556
-999.250 -999.250 -999.250 -999.250 -999.250 -999.250 -999.250 -999.250 -999.250 -999.250 -999.250 -999.250 -999.250 -999.250 -999.250 -999.250 -999.250 -999.250 -999.250 -999.250 -999.250 -999.250 -999.250 -999.250 -999.250 -999.250 -999.250 -999.250 -999.250 -999.250 0.000 0.000 0.000 0.000 0.000 0.000 0.000 0.204 0.340 1.280 2.546 2.679 3.217 2.908 2.515 2.434 4.562 3.567 5.001 4.355 3.118 5.002 3.703 3.543 2.545 2.483 2.622 0.757 0.750 0.000 1.744 1.542 0.642 1.603 1.924 1.455 1.151 1.558 1.181 1.715
-999.250 -999.250 -999.250 -999.250 -999.250 -999.250 -999.250 -999.250 -999.250 -999.250 -999.250 -999.250 -999.250 -999.250 -999.250 -999.250 -999.250 -999.250 -999.250 -999.250 -999.250 -999.250 -999.250 -999.250 -999.250 -999.250 -999.250 -999.250 -999.250 -999.250 0.135 0.000 0.000 0.000 0.000 0.000 0.000 1.247 1.813 2.227 4.614 4.162 5.325 2.212 2.611 3.996 3.940 2.535 2.842 2.327 3.368 3.960 3.356 2.364 2.362 1.426 0.422 0.150 0.000 0.000 0.000 0.076 0.000 0.473 2.119 0.000 1.746 0.965 2.026 0.817
-999.250 -999.250 -999.250 -999.250 -999.250 -999.250 -999.250 -999.250 -999.250 -999.250 -999.250 -999.250 -999.250 -999.250 -999.250 -999.250 -999.250 -999.250 -999.250 -999.250 -999.250 -999.250 -999.250 -999.250 -999.250 -999.250 -999.250 -999.250 -999.250 -999.250 -999.250 0.017 0.934 0.000 1.008 0.687 0.000 0.612 2.286 2.208 3.635 3.965 4.023 3.463 3.433 3.541 4.328 4.476 3.168 3.526 2.486 2.250 0.785 0.173 0.779 0.000 0.000 0.000 0.000 0.000 0.000 0.000 0.000 0.034 0.000 0.709 0.000 1.266 0.638 1.605
-999.250 -999.250 -999.250 -999.250 -999.250 -999.250 -999.250 -999.250 -999.250 -999.250 -999.250 -999.250 -999.250 -999.250 -999.250 -999.250 -999.250 -999.250 -999.250 -999.250 -999.250 -999.250 -999.250 -999.250 -999.250 -999.250 -999.250 -999.250 -999.250 -999.250 0.000 0.030 0.000 0.129 0.000 0.000 0.137 1.767 1.993 1.311 3.498 3.662 4.105 3.358 4.402 2.821 3.029 3.808 3.704 3.664 3.126 0.988 0.190 0.743 0.000 0.000 0.000 0.000 0.000 0.000 0.000 0.000 0.000 0.000 0.000 0.000 0.000 0.000 0.766 0.564
-999.250 -999.250 -999.250 -999.250 -999.250 -999.250 -999.250 -999.250 -999.250 -999.250 -999.250 -999.250 -999.250 -999.250 -999.250 -999.250 -999.250 -999.250 -999.250 -999.250 -999.250 -999.250 -999.250 -999.250 -999.250 -999.250 -999.250 -999.250 -999.250 -999.250 -999.250 0.346 0.000 0.000 0.000 0.362 0.162 0.209 2.021 2.219 2.652 5.112 3.938 3.393 4.160 1.553 1.867 2.187 2.729 3.749 2.620 1.735 0.000 0.000 0.000 0.000 0.000 0.000 0.000 0.000 0.000 0.000 0.000 0.000 0.000 0.000 0.000 0.000 0.342 0.148
-999.250 -999.250 -999.250 -999.250 -999.250 -999.250 -999.250 -999.250 -999.250 -999.250 -999.250 -999.250 -999.250 -999.250 -999.250 -999.250 -999.250 -999.250 -999.250 -999.250 -999.250 -999.250 -999.250 -999.250 -999.250 -999.250 -999.250 -999.250 -999.250 -999.250 0.000 0.211 0.000 0.000 0.580 1.369 0.262 0.553 1.843 1.687 2.791 4.323 4.688 2.976 2.523 3.798 2.221 3.170 2.466 1.504 2.947 0.871 0.000 0.000 0.000 0.000 0.000 0.000 0.000 0.000 0.000 0.000 0.000 0.000 0.000 0.000 0.073 0.361 0.306 0.400
-999.250 -999.250 -999.250 -999.250 -999.250 -999.250 -999.250 -999.250 -999.250 -999.250 -999.250 -999.250 -999.250 -999.250 -999.250 -999.250 -999.250 -999.250 -999.250 -999.250 -999.250 -999.250 -999.250 -999.250 -999.250 -999.250 -999.250 -999.250 -999.250 -999.250 0.000 0.819 1.515 1.403 1.779 2.159 0.982 1.825 2.355 2.672 2.303 4.179 4.221 4.526 3.650 4.332 4.512 3.312 2.785 2.322 1.402 0.000 0.000 0.000 0.000 0.000 0.000 0.000 0.000 0.000 0.000 0.000 0.000 0.000 0.000 0.000 0.000 0.533 0.625 0.103
-999.250 -999.250 -999.250 -999.250 -999.250 -999.250 -999.250 -999.250 -999.250 -999.250 -999.250 -999.250 -999.250 -999.250 -999.250 -999.250 -999.250 -999.250 -999.250 -999.250 -999.250 -999.250 -999.250 -999.250 -999.250 -999.250 -999.250 -999.250 -999.250 -999.250 0.000 1.134 0.394 1.392 1.327 3.339 1.641 1.295 2.463 1.754 2.890 2.874 3.691 4.429 2.861 2.863 2.516 2.951 2.458 2.259 2.407 0.000 0.000 0.000 0.000 0.000 0.000 0.000 0.000 0.000 0.000 0.000 0.000 0.000 0.000 0.000 0.814 0.197 0.297 1.341
-999.250 -999.250 -999.250 -999.250 -999.250 -999.250 -999.250 -999.250 -999.250 -999.250 -999.250 -999.250 -999.250 -999.250 -999.250 -999.250 -999.250 -999.250 -999.250 -999.250 -999.250 -999.250 -999.250 -999.250 -999.250 -999.250 -999.250 -999.250 -999.250 -999.250 0.000 0.131 1.656 0.777 2.291 2.720 2.052 2.347 1.973 2.899 3.245 2.820 3.224 3.003 3.240 3.607 3.291 2.399 1.617 1.448 1.708 1.596 0.788 0.000 0.000 0.000 0.000 0.000 0.000 0.000 0.000 0.000 0.000 0.000 0.000 0.000 0.000 0.142 0.199 2.075
-999.250 -999.250 -999.250 -999.250 -999.250 -999.250 -999.250 -999.250 -999.250 -999.250 -999.250 -999.250 -999.250 -999.250 -999.250 -999.250 -999.250 -999.250 -999.250 -999.250 -999.250 -999.250 -999.250 -999.250 -999.250 -999.250 -999.250 -999.250 -999.250 -999.250 0.000 2.344 1.464 1.420 1.809 1.198 0.937 2.496 2.564 2.038 3.427 2.562 2.970 3.133 3.861 3.007 2.584 2.573 2.355 0.893 0.034 2.069 0.242 0.292 0.000 0.000 0.000 0.000 0.000 0.000 0.000 0.000 0.000 0.000 0.000 0.473 0.710 1.769 1.181 1.900
-999.250 -999.250 -999.250 -999.250 -999.250 -999.250 -999.250 -999.250 -999.250 -999.250 -999.250 -999.250 -999.250 -999.250 -999.250 -999.250 -999.250 -999.250 -999.250 -999.250 -999.250 -999.250 -999.250 -999.250 -999.250 -999.250 -999.250 -999.250 -999.250 -999.250 -999.250 1.032 1.821 1.821 0.000 0.614 0.650 0.948 1.470 1.917 1.687 3.653 3.209 2.601 2.894 2.871 2.204 1.718 2.177 1.293 0.583 0.000 0.192 0.000 0.055 0.000 0.000 0.000 0.000 0.000 0.000 0.000 0.000 0.000 0.234 0.628 0.643 0.910 1.661 1.247
-999.250 -999.250 -999.250 -999.250 -999.250 -999.250 -999.250 -999.250 -999.250 -999.250 -999.250 -999.250 -999.250 -999.250 -999.250 -999.250 -999.250 -999.250 -999.250 -999.250 -999.250 -999.250 -999.250 -999.250 -999.250 -999.250 -999.250 -999.250 -999.250 -999.250 -999.250 0.352 1.739 0.075 1.112 0.703 1.807 1.447 0.517 0.569 1.353 2.621 2.919 2.239 2.082 2.616 1.290 2.517 1.849 0.849 0.565 0.043 0.133 0.400 0.000 0.000 0.000 0.000 0.000 0.000 0.000 0.000 0.030 0.252 0.104 1.338 0.205 1.688 1.601 2.185
-999.250 -999.250 -999.250 -999.250 -999.250 -999.250 -999.250 -999.250 -999.250 -999.250 -999.250 -999.250 -999.250 -999.250 -999.250 -999.250 -999.250 -999.250 -999.250 -999.250 -999.250 -999.250 -999.250 -999.250 -999.250 -999.250 -999.250 -999.250 -999.250 -999.250 0.705 0.300 0.032 0.368 0.000 0.000 1.207 1.051 1.643 2.094 1.908 2.260 3.157 2.744 1.057 1.150 0.812 0.856 1.810 1.159 1.566 0.066 0.000 0.000 0.000 0.000 0.000 0.000 0.000 0.000 0.000 0.000 0.736 1.629 0.292 0.661 0.989 1.582 2.343 2.833
