data/medianmodel_09-Nov-2020.asc
ncols	141
nrows	288
xllcorner	-120191.398
yllcorner	-301404.813
cellsize	2000.000
NODATA_value	-999.250
[rows 203 to 231 of 288, columns 65 to 129 of 141]
344.981 355.914 347.657 337.746 338.243 333.371 335.386 321.751 285.446 283.994 316.011 311.407 317.172 354.804 350.708 355.962 363.696 360.705 396.281 389.229 331.619 279.912 271.577 232.196 203.200 180.210 153.661 120.589 91.109 81.206 -999.250 -999.250 -999.250 -999.250 -999.250 -999.250 -999.250 -999.250 -999.250 -999.250 -999.250 -999.250 -999.250 -999.250 -999.250 -999.250 -999.250 -999.250 -999.250 -999.250 -999.250 -999.250 -999.250 -999.250 -999.250 -999.250 -999.250 -999.250 -999.250 -999.250 -999.250 -999.250 -999.250 -999.250 -999.250
352.111 354.394 372.802 332.739 331.067 322.796 286.344 266.200 262.205 300.128 292.076 328.369 315.508 277.102 314.430 334.496 347.122 352.263 366.390 381.321 334.070 308.170 272.464 237.437 218.071 185.661 166.060 128.168 98.381 86.862 74.601 -999.250 -999.250 -999.250 -999.250 -999.250 -999.250 -999.250 -999.250 -999.250 -999.250 -999.250 -999.250 -999.250 -999.250 -999.250 -999.250 -999.250 -999.250 -999.250 -999.250 -999.250 -999.250 -999.250 -999.250 -999.250 -999.250 -999.250 -999.250 -999.250 -999.250 -999.250 -999.250 -999.250 -999.250
377.783 338.618 354.871 330.044 340.053 294.401 285.431 280.518 264.179 272.441 275.420 261.588 288.761 297.590 294.608 322.208 320.999 336.616 364.378 343.466 334.518 317.949 286.700 283.775 234.191 191.609 172.168 148.636 115.271 90.775 -999.250 -999.250 -999.250 -999.250 -999.250 -999.250 -999.250 -999.250 -999.250 -999.250 -999.250 -999.250 -999.250 -999.250 -999.250 -999.250 -999.250 -999.250 -999.250 -999.250 -999.250 -999.250 -999.250 -999.250 -999.250 -999.250 -999.250 -999.250 -999.250 -999.250 -999.250 -999.250 -999.250 -999.250 -999.250
363.085 385.094 359.615 336.099 319.028 306.557 269.761 241.656 242.731 233.358 232.740 213.242 250.133 273.819 287.516 286.158 306.520 316.882 323.698 328.012 319.521 326.995 292.911 271.938 231.031 194.308 179.450 148.247 136.821 114.575 87.133 -999.250 -999.250 -999.250 -999.250 -999.250 -999.250 -999.250 -999.250 -999.250 -999.250 -999.250 -999.250 -999.250 -999.250 -999.250 -999.250 -999.250 -999.250 -999.250 -999.250 -999.250 -999.250 -999.250 -999.250 -999.250 -999.250 -999.250 -999.250 -999.250 -999.250 -999.250 -999.250 -999.250 -999.250
359.845 382.964 358.202 344.082 306.997 285.840 252.518 225.376 237.870 234.648 204.160 218.355 219.980 226.103 253.795 275.360 300.894 296.446 299.941 312.875 287.922 289.300 265.750 258.302 215.555 198.281 191.239 175.125 138.463 97.707 76.048 69.922 -999.250 -999.250 -999.250 -999.250 -999.250 -999.250 -999.250 -999.250 -999.250 -999.250 -999.250 -999.250 -999.250 -999.250 -999.250 -999.250 -999.250 -999.250 -999.250 -999.250 -999.250 -999.250 -999.250 -999.250 -999.250 -999.250 -999.250 -999.250 -999.250 -999.250 -999.250 -999.250 -999.250
367.487 354.205 329.099 321.573 282.118 268.408 245.284 221.302 206.450 198.803 213.659 209.917 200.080 213.488 231.000 263.475 298.773 284.972 286.456 273.675 294.125 286.880 280.666 227.216 205.622 198.215 192.525 169.742 138.246 94.842 84.340 71.441 -999.250 -999.250 -999.250 -999.250 -999.250 -999.250 -999.250 -999.250 -999.250 -999.250 -999.250 -999.250 -999.250 -999.250 -999.250 -999.250 -999.250 -999.250 -999.250 -999.250 -999.250 -999.250 -999.250 -999.250 -999.250 -999.250 -999.250 -999.250 -999.250 -999.250 -999.250 -999.250 -999.250
371.287 365.557 324.259 301.716 291.385 248.362 239.564 226.737 209.423 198.488 192.335 187.857 185.842 184.536 195.096 245.266 238.680 249.883 276.893 278.539 277.618 279.187 244.664 222.559 213.220 213.308 197.825 170.214 142.355 108.624 76.942 40.816 45.958 -999.250 -999.250 -999.250 -999.250 -999.250 -999.250 -999.250 -999.250 -999.250 -999.250 -999.250 -999.250 -999.250 -999.250 -999.250 -999.250 -999.250 -999.250 -999.250 -999.250 -999.250 -999.250 -999.250 -999.250 -999.250 -999.250 -999.250 -999.250 -999.250 -999.250 -999.250 -999.250
344.538 334.571 315.037 299.497 289.125 249.254 222.318 217.550 194.043 186.363 175.528 169.439 151.470 159.598 186.620 200.187 218.959 220.937 252.855 243.502 270.753 256.414 243.788 220.780 242.237 222.454 171.483 167.399 143.568 96.843 87.174 70.167 66.575 61.145 -999.250 -999.250 -999.250 -999.250 -999.250 -999.250 -999.250 -999.250 -999.250 -999.250 -999.250 -999.250 -999.250 -999.250 -999.250 -999.250 -999.250 -999.250 -999.250 -999.250 -999.250 -999.250 -999.250 -999.250 -999.250 -999.250 -999.250 -999.250 -999.250 -999.250 -999.250
349.854 328.473 292.462 291.990 270.295 225.017 209.855 188.049 181.945 179.797 165.140 135.482 125.915 134.147 146.180 169.546 185.020 207.656 223.034 230.569 216.969 214.735 218.307 222.780 239.451 213.901 193.372 160.203 140.792 132.832 95.668 82.097 80.343 72.133 65.174 -999.250 -999.250 -999.250 -999.250 -999.250 -999.250 -999.250 -999.250 -999.250 -999.250 -999.250 -999.250 -999.250 -999.250 -999.250 -999.250 -999.250 -999.250 -999.250 -999.250 -999.250 -999.250 -999.250 -999.250 -999.250 -999.250 -999.250 -999.250 -999.250 -999.250
306.687 322.064 290.025 284.601 266.633 233.070 215.168 195.099 184.767 157.130 140.714 112.734 83.634 84.907 93.312 141.935 160.610 178.529 193.159 224.975 218.272 221.531 217.202 215.511 224.880 198.088 177.148 167.765 147.767 143.915 116.939 95.387 82.558 81.966 79.217 61.004 -999.250 -999.250 -999.250 -999.250 -999.250 -999.250 -999.250 -999.250 -999.250 -999.250 -999.250 -999.250 -999.250 -999.250 -999.250 -999.250 -999.250 -999.250 -999.250 -999.250 -999.250 -999.250 -999.250 -999.250 -999.250 -999.250 -999.250 -999.250 -999.250
260.219 275.183 277.753 274.265 264.339 233.826 198.042 175.492 158.129 116.015 84.414 70.791 56.851 34.317 61.182 94.836 141.097 163.043 188.612 181.973 195.631 194.238 207.855 208.704 218.495 203.221 179.383 174.289 153.944 153.581 138.892 114.723 94.216 110.622 79.454 66.458 -999.250 -999.250 -999.250 -999.250 -999.250 -999.250 -999.250 -999.250 -999.250 -999.250 -999.250 -999.250 -999.250 -999.250 -999.250 -999.250 -999.250 -999.250 -999.250 -999.250 -999.250 -999.250 -999.250 -999.250 -999.250 -999.250 -999.250 -999.250 -999.250
226.841 212.194 236.492 240.961 248.085 217.571 201.898 170.693 145.276 99.443 78.809 52.272 48.520 38.386 60.414 78.989 99.901 140.811 154.150 161.278 189.748 174.988 202.898 202.825 225.382 198.229 192.077 157.756 152.521 143.502 138.334 134.635 101.611 77.749 82.074 71.824 67.772 -999.250 -999.250 -999.250 -999.250 -999.250 -999.250 -999.250 -999.250 -999.250 -999.250 -999.250 -999.250 -999.250 -999.250 -999.250 -999.250 -999.250 -999.250 -999.250 -999.250 -999.250 -999.250 -999.250 -999.250 -999.250 -999.250 -999.250 -999.250
160.045 179.899 203.068 220.425 221.901 224.481 198.626 176.350 148.898 95.350 64.270 52.147 48.994 41.323 53.518 60.068 93.202 102.447 145.613 161.466 167.016 178.437 173.060 177.026 175.157 179.690 190.980 148.897 138.521 141.362 137.509 132.463 94.154 94.156 75.628 78.561 60.442 72.384 -999.250 -999.250 -999.250 -999.250 -999.250 -999.250 -999.250 -999.250 -999.250 -999.250 -999.250 -999.250 -999.250 -999.250 -999.250 -999.250 -999.250 -999.250 -999.250 -999.250 -999.250 -999.250 -999.250 -999.250 -999.250 -999.250 -999.250
98.420 144.535 184.997 204.192 242.835 225.399 218.429 177.045 138.709 82.283 42.417 41.127 44.674 43.589 51.789 68.684 85.877 103.467 144.509 159.032 160.145 152.385 148.618 147.631 151.021 159.465 150.208 154.759 137.886 139.201 118.656 111.505 110.304 87.918 90.651 96.633 69.935 84.620 -999.250 -999.250 -999.250 -999.250 -999.250 -999.250 -999.250 -999.250 -999.250 -999.250 -999.250 -999.250 -999.250 -999.250 -999.250 -999.250 -999.250 -999.250 -999.250 -999.250 -999.250 -999.250 -999.250 -999.250 -999.250 -999.250 -999.250
40.371 115.518 162.030 219.519 239.960 244.774 222.247 186.123 150.035 87.581 18.149 37.482 42.948 51.265 62.684 73.850 80.942 99.655 122.006 145.709 135.587 151.207 148.425 154.348 150.004 155.070 143.557 144.127 132.159 128.691 101.175 102.248 96.975 87.264 96.455 92.100 82.038 80.647 -999.250 -999.250 -999.250 -999.250 -999.250 -999.250 -999.250 -999.250 -999.250 -999.250 -999.250 -999.250 -999.250 -999.250 -999.250 -999.250 -999.250 -999.250 -999.250 -999.250 -999.250 -999.250 -999.250 -999.250 -999.250 -999.250 -999.250
88.274 152.808 207.151 248.908 281.473 274.662 250.267 201.118 171.329 125.764 67.633 55.396 52.419 49.103 68.429 57.784 74.764 83.910 97.083 133.341 142.895 140.656 141.299 142.947 128.724 140.699 121.791 120.482 105.473 102.774 104.212 104.977 88.419 86.380 92.747 85.108 80.894 79.303 75.614 -999.250 -999.250 -999.250 -999.250 -999.250 -999.250 -999.250 82.493 -999.250 -999.250 -999.250 -999.250 -999.250 -999.250 -999.250 -999.250 -999.250 -999.250 -999.250 -999.250 -999.250 -999.250 -999.250 -999.250 -999.250 -999.250
155.281 185.841 230.069 278.834 296.249 305.272 285.037 247.794 195.443 167.935 116.847 83.421 67.234 70.881 72.363 78.779 87.979 95.729 103.946 116.422 129.693 136.704 129.218 128.198 106.669 126.802 122.391 126.202 96.213 110.889 89.433 109.357 95.116 83.695 89.711 80.279 82.421 87.262 85.485 84.323 -999.250 -999.250 -999.250 84.092 90.988 93.219 78.067 -999.250 -999.250 -999.250 -999.250 -999.250 -999.250 -999.250 -999.250 -999.250 -999.250 -999.250 -999.250 -999.250 -999.250 -999.250 -999.250 -999.250 -999.250
188.993 246.226 273.609 313.410 341.356 348.205 309.616 295.400 229.045 182.273 154.059 116.760 106.071 85.976 78.738 95.812 83.086 92.072 100.411 123.566 148.629 126.845 136.654 131.760 103.886 127.262 87.956 85.829 81.270 92.213 88.118 101.237 94.259 88.412 88.024 78.759 93.617 84.252 88.656 91.482 -999.250 82.791 82.638 83.621 87.040 84.976 -999.250 -999.250 -999.250 -999.250 -999.250 -999.250 -999.250 -999.250 -999.250 -999.250 -999.250 -999.250 -999.250 -999.250 -999.250 -999.250 -999.250 -999.250 -999.250
253.052 271.446 313.685 324.618 345.624 350.846 327.933 301.724 256.274 228.127 171.613 149.827 124.515 112.865 102.235 95.943 97.999 102.512 107.480 135.933 123.257 130.105 131.679 126.189 91.262 92.826 80.549 67.604 79.454 82.228 96.790 92.195 98.951 85.025 100.159 87.620 81.708 80.699 91.491 99.836 82.537 78.809 61.200 87.166 86.653 90.256 -999.250 -999.250 -999.250 -999.250 -999.250 -999.250 -999.250 -999.250 -999.250 -999.250 -999.250 -999.250 -999.250 -999.250 -999.250 -999.250 -999.250 -999.250 -999.250
252.966 275.480 309.853 340.446 369.122 374.687 349.074 309.259 274.146 232.695 183.399 179.887 162.928 136.182 114.161 126.239 105.901 108.264 108.449 128.824 129.813 116.238 132.502 136.596 101.998 88.610 85.529 43.738 71.647 83.843 85.982 88.408 89.513 92.695 104.074 95.454 87.026 75.728 88.462 96.650 87.849 78.821 76.031 91.846 88.983 106.190 -999.250 -999.250 -999.250 -999.250 -999.250 -999.250 -999.250 -999.250 -999.250 -999.250 -999.250 -999.250 -999.250 -999.250 -999.250 -999.250 -999.250 -999.250 -999.250
271.990 305.055 309.517 338.251 333.979 362.283 364.858 326.347 278.180 237.627 190.281 188.819 186.356 165.102 152.637 130.572 121.487 126.640 119.498 125.843 114.142 107.172 126.925 131.273 124.274 106.311 89.425 75.068 78.266 90.667 86.518 87.530 79.874 102.407 101.723 95.217 120.609 110.219 95.381 96.359 90.814 96.937 92.569 86.722 93.767 101.961 -999.250 -999.250 -999.250 -999.250 -999.250 -999.250 -999.250 -999.250 -999.250 -999.250 -999.250 -999.250 -999.250 -999.250 -999.250 -999.250 -999.250 -999.250 -999.250
288.325 288.388 306.040 304.393 320.324 333.235 330.078 313.577 289.432 283.626 219.029 194.483 171.050 169.485 167.979 158.523 125.982 123.892 111.117 131.007 127.476 106.940 109.915 108.621 120.864 115.668 98.213 100.622 91.864 100.509 101.990 96.483 106.541 100.817 100.385 119.103 116.802 121.470 108.520 97.315 86.969 79.851 94.033 106.015 99.731 -999.250 -999.250 -999.250 -999.250 -999.250 -999.250 -999.250 -999.250 -999.250 -999.250 -999.250 -999.250 -999.250 -999.250 -999.250 -999.250 -999.250 -999.250 -999.250 -999.250
301.885 288.839 307.575 315.284 309.535 327.057 314.578 289.111 276.160 272.133 237.594 210.031 196.143 190.825 177.414 176.903 146.261 127.983 138.584 128.173 128.001 123.298 132.898 123.228 121.787 110.735 112.473 134.952 116.315 107.112 96.353 90.027 109.484 86.941 96.228 124.589 138.375 135.054 106.710 92.317 88.191 74.761 81.829 108.725 92.911 -999.250 -999.250 -999.250 -999.250 -999.250 -999.250 -999.250 -999.250 -999.250 -999.250 -999.250 -999.250 -999.250 -999.250 -999.250 -999.250 -999.250 -999.250 -999.250 -999.250
281.360 295.812 308.487 305.749 306.629 320.376 294.535 327.319 289.343 263.925 226.999 227.322 204.896 212.072 182.484 164.653 154.190 141.614 136.474 139.325 147.597 134.397 132.131 119.039 128.146 116.368 111.445 134.751 117.669 120.242 94.079 89.496 95.473 100.164 94.984 128.878 126.501 121.154 105.563 85.602 92.853 80.364 86.558 92.917 97.910 -999.250 -999.250 -999.250 -999.250 -999.250 -999.250 -999.250 -999.250 -999.250 -999.250 -999.250 -999.250 -999.250 -999.250 -999.250 -999.250 -999.250 -999.250 -999.250 -999.250
287.040 300.010 342.380 322.470 319.427 293.238 328.004 333.499 303.625 288.762 246.600 244.083 219.382 226.464 182.484 181.013 176.418 144.811 132.274 136.832 149.172 152.429 144.044 132.008 125.050 116.573 118.093 130.041 122.859 123.259 99.633 105.844 120.251 122.861 108.691 117.457 119.255 112.432 99.085 92.021 92.479 88.645 90.609 88.235 -999.250 -999.250 -999.250 -999.250 -999.250 -999.250 -999.250 -999.250 -999.250 -999.250 -999.250 -999.250 -999.250 -999.250 -999.250 -999.250 -999.250 -999.250 -999.250 -999.250 -999.250
330.862 312.197 323.762 313.294 331.706 305.015 306.992 318.170 293.527 266.980 244.226 237.594 214.621 197.832 182.457 194.912 168.514 156.700 136.345 133.322 141.480 136.150 128.163 124.950 134.481 132.317 107.531 126.750 134.862 109.899 110.044 90.949 93.154 94.307 95.631 104.785 104.047 96.248 114.941 -999.250 -999.250 81.114 93.517 76.067 -999.250 -999.250 -999.250 -999.250 -999.250 -999.250 -999.250 -999.250 -999.250 -999.250 -999.250 -999.250 -999.250 -999.250 -999.250 -999.250 -999.250 -999.250 -999.250 -999.250 -999.250
313.093 324.207 341.716 317.524 331.538 318.651 324.420 320.623 309.543 264.161 245.151 253.064 215.164 199.831 190.577 165.768 190.485 161.233 140.382 138.783 139.443 134.422 149.830 124.206 122.847 121.157 116.165 132.373 113.237 104.557 115.823 100.922 104.562 119.962 105.055 88.077 106.761 94.659 102.918 -999.250 -999.250 -999.250 -999.250 -999.250 -999.250 -999.250 -999.250 -999.250 -999.250 -999.250 -999.250 -999.250 -999.250 -999.250 -999.250 -999.250 -999.250 -999.250 -999.250 -999.250 -999.250 -999.250 -999.250 -999.250 -999.250
305.702 317.511 308.499 326.053 323.668 343.903 331.956 304.937 306.069 277.391 250.938 246.558 214.875 217.310 173.397 177.393 160.200 172.020 151.320 127.297 130.703 133.574 137.064 131.515 102.415 126.524 122.170 136.281 132.455 108.222 110.383 120.840 111.135 124.547 103.617 -999.250 -999.250 72.104 -999.250 -999.250 -999.250 -999.250 -999.250 -999.250 -999.250 -999.250 -999.250 -999.250 -999.250 -999.250 -999.250 -999.250 -999.250 -999.250 -999.250 -999.250 -999.250 -999.250 -999.250 -999.250 -999.250 -999.250 -999.250 -999.250 -999.250
308.026 298.943 313.986 340.740 313.801 336.745 323.511 289.755 294.912 283.346 280.972 224.288 223.279 206.248 196.295 178.241 158.803 156.170 153.081 136.578 114.956 121.691 113.013 115.588 96.541 114.881 98.358 132.267 128.718 109.332 97.678 112.654 112.793 -999.250 -999.250 -999.250 -999.250 -999.250 -999.250 -999.250 -999.250 -999.250 -999.250 -999.250 -999.250 -999.250 -999.250 -999.250 -999.250 -999.250 -999.250 -999.250 -999.250 -999.250 -999.250 -999.250 -999.250 -999.250 -999.250 -999.250 -999.250 -999.250 -999.250 -999.250 -999.250
