data/medianmodel_08-Nov-2020.asc
ncols	141
nrows	288
xllcorner	-120191.398
yllcorner	-301404.813
cellsize	2000.000
NODATA_value	-999.250
[rows 232 to 260 of 288, columns 0 to 64 of 141]
-999.250 -999.250 -999.250 -999.250 -999.250 -999.250 -999.250 -999.250 -999.250 -999.250 -999.250 -999.250 -999.250 -999.250 -999.250 -999.250 -999.250 -999.250 -999.250 -999.250 -999.250 -999.250 -999.250 -999.250 -999.250 -999.250 -999.250 670.191 816.497 827.426 766.402 809.333 699.769 600.119 468.969 416.256 347.219 278.064 211.147 206.276 176.096 163.651 149.881 166.607 167.201 182.503 215.133 224.492 274.260 254.548 282.568 281.819 267.684 286.564 251.941 266.822 253.660 277.381 289.572 282.785 285.076 268.988 285.869 283.459 313.748
-999.250 -999.250 -999.250 -999.250 -999.250 -999.250 -999.250 -999.250 -999.250 -999.250 -999.250 -999.250 -999.250 -999.250 -999.250 -999.250 -999.250 -999.250 -999.250 -999.250 -999.250 -999.250 -999.250 -999.250 -999.250 -999.250 -999.250 -999.250 752.024 829.369 764.957 744.609 675.644 612.220 488.434 431.937 347.307 325.233 266.967 226.592 193.439 170.789 169.827 153.701 152.982 180.678 186.312 185.832 219.518 250.898 291.896 285.312 292.096 289.585 254.991 242.032 256.534 232.681 238.817 261.188 263.460 255.361 277.333 281.611 277.866
-999.250 -999.250 -999.250 -999.250 -999.250 -999.250 -999.250 -999.250 -999.250 -999.250 -999.250 -999.250 -999.250 -999.250 -999.250 -999.250 -999.250 -999.250 -999.250 -999.250 -999.250 -999.250 -999.250 -999.250 -999.250 -999.250 -999.250 -999.250 -999.250 -999.250 653.770 706.372 595.823 600.687 502.040 471.286 397.723 346.974 302.855 259.452 224.030 192.944 168.850 166.801 168.693 171.010 175.270 205.275 233.472 272.122 241.220 250.728 252.157 277.884 251.012 220.521 224.407 211.253 206.944 210.815 217.614 216.875 248.620 255.607 260.714
-999.250 -999.250 -999.250 -999.250 -999.250 -999.250 -999.250 -999.250 -999.250 -999.250 -999.250 -999.250 -999.250 -999.250 -999.250 -999.250 -999.250 -999.250 -999.250 -999.250 -999.250 -999.250 -999.250 -999.250 -999.250 -999.250 -999.250 -999.250 -999.250 -999.250 626.760 617.964 574.644 574.302 493.589 465.792 416.182 376.309 323.537 261.848 229.069 214.214 175.861 179.917 186.784 167.689 170.902 215.569 220.479 257.669 258.724 252.188 235.165 239.019 251.447 232.467 228.950 210.782 190.886 186.221 198.924 221.747 243.837 248.072 265.724
-999.250 -999.250 -999.250 -999.250 -999.250 -999.250 -999.250 -999.250 -999.250 -999.250 -999.250 -999.250 -999.250 -999.250 -999.250 -999.250 -999.250 -999.250 -999.250 -999.250 -999.250 -999.250 -999.250 -999.250 -999.250 -999.250 -999.250 -999.250 -999.250 -999.250 613.523 603.337 537.553 512.263 503.503 443.281 420.736 352.489 299.445 252.118 249.426 214.736 198.500 190.078 189.910 187.022 212.758 202.443 212.501 211.897 240.415 204.400 227.766 236.200 226.190 222.960 213.018 186.738 164.858 145.507 168.086 183.120 203.697 211.987 240.991
-999.250 -999.250 -999.250 -999.250 -999.250 -999.250 -999.250 -999.250 -999.250 -999.250 -999.250 -999.250 -999.250 -999.250 -999.250 -999.250 -999.250 -999.250 -999.250 -999.250 -999.250 -999.250 -999.250 -999.250 -999.250 -999.250 -999.250 -999.250 -999.250 -999.250 -999.250 537.471 537.062 515.530 451.670 439.928 416.776 354.132 324.839 269.536 285.374 226.671 220.358 189.447 184.294 215.295 227.342 218.653 200.902 201.020 215.046 200.677 192.882 218.654 220.745 203.821 195.569 192.179 170.749 155.534 174.886 180.943 181.842 211.944 215.070
-999.250 -999.250 -999.250 -999.250 -999.250 -999.250 -999.250 -999.250 -999.250 -999.250 -999.250 -999.250 -999.250 -999.250 -999.250 -999.250 -999.250 -999.250 -999.250 -999.250 -999.250 -999.250 -999.250 -999.250 -999.250 -999.250 -999.250 -999.250 -999.250 -999.250 523.400 535.079 485.381 493.943 455.380 432.970 408.073 366.611 309.115 275.638 260.659 219.810 240.022 226.072 189.472 206.995 219.562 199.348 196.060 169.787 219.149 210.954 209.675 209.797 199.243 202.161 184.382 172.479 155.595 152.590 172.692 169.433 184.855 173.392 188.494
-999.250 -999.250 -999.250 -999.250 -999.250 -999.250 -999.250 -999.250 -999.250 -999.250 -999.250 -999.250 -999.250 -999.250 -999.250 -999.250 -999.250 -999.250 -999.250 -999.250 -999.250 -999.250 -999.250 -999.250 -999.250 -999.250 -999.250 -999.250 -999.250 -999.250 -999.250 474.218 504.849 486.823 414.298 411.347 397.595 333.120 277.544 272.052 240.761 226.644 202.339 194.663 205.046 207.035 225.041 193.372 177.044 194.715 187.492 195.452 221.101 177.657 184.681 182.653 169.563 166.858 166.898 177.253 171.385 168.905 163.012 160.528 165.622
-999.250 -999.250 -999.250 -999.250 -999.250 -999.250 -999.250 -999.250 -999.250 -999.250 -999.250 -999.250 -999.250 -999.250 -999.250 -999.250 -999.250 -999.250 -999.250 -999.250 -999.250 -999.250 -999.250 -999.250 -999.250 -999.250 -999.250 -999.250 -999.250 -999.250 462.413 470.272 471.479 453.859 440.397 401.222 376.361 319.051 302.977 266.111 252.988 233.411 188.901 195.248 184.341 183.159 201.425 193.676 204.157 192.498 189.754 204.368 200.191 157.165 182.927 168.141 163.972 155.190 162.465 152.291 147.126 147.940 131.002 163.066 181.043
-999.250 -999.250 -999.250 -999.250 -999.250 -999.250 -999.250 -999.250 -999.250 -999.250 -999.250 -999.250 -999.250 -999.250 -999.250 -999.250 -999.250 -999.250 -999.250 -999.250 -999.250 -999.250 -999.250 -999.250 -999.250 -999.250 -999.250 -999.250 -999.250 -999.250 414.078 450.024 470.439 434.072 395.071 366.766 349.294 324.921 287.489 259.946 241.564 238.307 189.708 196.278 191.794 169.926 172.211 179.281 198.126 201.090 193.164 185.712 179.896 150.598 157.102 150.781 149.862 150.141 143.343 138.465 141.744 131.171 145.875 157.741 151.387
-999.250 -999.250 -999.250 -999.250 -999.250 -999.250 -999.250 -999.250 -999.250 -999.250 -999.250 -999.250 -999.250 -999.250 -999.250 -999.250 -999.250 -999.250 -999.250 -999.250 -999.250 -999.250 -999.250 -999.250 -999.250 -999.250 -999.250 -999.250 -999.250 -999.250 383.396 424.763 401.661 368.213 379.076 375.130 312.264 303.733 286.889 266.164 223.457 224.956 203.368 195.615 178.644 165.248 167.670 183.454 207.740 192.398 172.464 172.372 158.012 137.017 142.918 147.883 125.307 131.112 130.768 125.998 131.802 123.828 146.270 142.128 153.307
-999.250 -999.250 -999.250 -999.250 -999.250 -999.250 -999.250 -999.250 -999.250 -999.250 -999.250 -999.250 -999.250 -999.250 -999.250 -999.250 -999.250 -999.250 -999.250 -999.250 -999.250 -999.250 -999.250 -999.250 -999.250 -999.250 -999.250 -999.250 -999.250 -999.250 341.372 355.514 363.498 357.744 334.784 310.290 306.224 281.865 288.991 255.576 229.477 218.410 222.076 194.502 180.921 181.274 198.134 179.617 192.879 195.198 178.949 185.586 157.781 135.366 136.746 134.460 126.374 137.866 127.723 124.498 125.603 125.815 121.067 134.415 128.545
-999.250 -999.250 -999.250 -999.250 -999.250 -999.250 -999.250 -999.250 -999.250 -999.250 -999.250 -999.250 -999.250 -999.250 -999.250 -999.250 -999.250 -999.250 -999.250 -999.250 -999.250 -999.250 -999.250 -999.250 -999.250 -999.250 -999.250 -999.250 -999.250 -999.250 323.264 339.187 336.889 337.508 301.549 276.747 300.464 281.591 240.153 245.004 241.034 224.652 212.745 217.542 202.007 202.991 191.209 215.769 198.347 210.678 170.186 159.408 153.034 139.185 134.211 137.642 129.779 122.612 114.171 103.357 89.861 90.041 118.212 123.261 123.350
-999.250 -999.250 -999.250 -999.250 -999.250 -999.250 -999.250 -999.250 -999.250 -999.250 -999.250 -999.250 -999.250 -999.250 -999.250 -999.250 -999.250 -999.250 -999.250 -999.250 -999.250 -999.250 -999.250 -999.250 -999.250 -999.250 -999.250 -999.250 -999.250 -999.250 -999.250 309.926 279.265 304.675 296.777 298.928 285.499 263.947 255.442 245.250 231.263 237.420 206.969 212.574 203.439 202.334 201.161 178.355 189.207 186.619 171.336 169.114 157.922 129.462 124.390 132.097 134.162 121.030 96.814 87.778 77.053 57.562 100.866 123.022 128.689
-999.250 -999.250 -999.250 -999.250 -999.250 -999.250 -999.250 -999.250 -999.250 -999.250 -999.250 -999.250 -999.250 -999.250 -999.250 -999.250 -999.250 -999.250 -999.250 -999.250 -999.250 -999.250 -999.250 -999.250 -999.250 -999.250 -999.250 -999.250 -999.250 -999.250 -999.250 268.905 289.669 268.991 277.617 261.480 275.751 256.006 247.476 241.472 228.597 226.457 203.731 198.340 199.563 199.207 193.121 189.080 178.702 172.544 186.811 158.834 143.029 137.310 127.542 129.402 123.796 124.404 112.951 88.690 84.155 88.453 101.234 124.762 139.326
-999.250 -999.250 -999.250 -999.250 -999.250 -999.250 -999.250 -999.250 -999.250 -999.250 -999.250 -999.250 -999.250 -999.250 -999.250 -999.250 -999.250 -999.250 -999.250 -999.250 -999.250 -999.250 -999.250 -999.250 -999.250 -999.250 -999.250 -999.250 -999.250 -999.250 238.367 249.660 240.213 256.387 252.253 258.687 250.777 264.356 237.262 231.502 204.984 207.255 195.591 184.158 219.976 200.170 206.649 193.337 192.939 182.406 176.140 166.545 148.981 144.517 130.455 122.213 121.598 109.767 94.114 90.526 85.470 97.514 113.056 135.529 145.368
-999.250 -999.250 -999.250 -999.250 -999.250 -999.250 -999.250 -999.250 -999.250 -999.250 -999.250 -999.250 -999.250 -999.250 -999.250 -999.250 -999.250 -999.250 -999.250 -999.250 -999.250 -999.250 -999.250 -999.250 -999.250 -999.250 -999.250 -999.250 -999.250 -999.250 202.855 190.165 217.848 235.142 263.735 255.533 259.794 224.547 228.195 234.612 224.754 219.253 206.800 212.682 203.281 217.969 186.048 207.908 218.673 175.382 165.298 176.283 161.218 142.521 132.915 105.370 99.530 110.683 101.705 100.227 95.973 118.259 128.925 129.230 142.479
-999.250 -999.250 -999.250 -999.250 -999.250 -999.250 -999.250 -999.250 -999.250 -999.250 -999.250 -999.250 -999.250 -999.250 -999.250 -999.250 -999.250 -999.250 -999.250 -999.250 -999.250 -999.250 -999.250 -999.250 -999.250 -999.250 -999.250 -999.250 -999.250 -999.250 199.923 205.029 243.205 202.729 242.860 259.579 233.759 194.052 208.649 201.238 199.734 201.805 187.921 209.588 199.797 204.454 205.343 207.635 208.700 190.461 164.867 177.841 163.617 153.672 138.136 86.824 100.523 119.243 115.194 105.036 101.164 127.422 127.947 133.635 131.577
-999.250 -999.250 -999.250 -999.250 -999.250 -999.250 -999.250 -999.250 -999.250 -999.250 -999.250 -999.250 -999.250 -999.250 -999.250 -999.250 -999.250 -999.250 -999.250 -999.250 -999.250 -999.250 -999.250 -999.250 -999.250 -999.250 -999.250 -999.250 -999.250 -999.250 243.697 211.729 239.060 194.839 243.242 226.063 226.184 206.228 187.148 170.920 179.497 172.915 209.722 203.528 222.035 209.290 220.085 197.300 215.906 185.260 169.628 164.521 151.143 146.795 142.638 119.576 110.157 110.248 121.963 122.765 126.291 114.876 116.285 139.942 132.498
-999.250 -999.250 -999.250 -999.250 -999.250 -999.250 -999.250 -999.250 -999.250 -999.250 -999.250 -999.250 -999.250 -999.250 -999.250 -999.250 -999.250 -999.250 -999.250 -999.250 -999.250 -999.250 -999.250 -999.250 -999.250 -999.250 -999.250 -999.250 -999.250 -999.250 224.544 221.973 208.810 203.038 232.438 225.239 223.647 198.468 184.116 153.740 168.998 186.217 222.432 214.104 180.175 202.176 218.265 211.247 203.899 190.043 173.193 151.606 151.286 154.490 147.990 133.670 113.718 105.142 113.080 124.780 131.815 126.652 112.737 130.020 145.087
-999.250 -999.250 -999.250 -999.250 -999.250 -999.250 -999.250 -999.250 -999.250 -999.250 -999.250 -999.250 -999.250 -999.250 -999.250 -999.250 -999.250 -999.250 -999.250 -999.250 -999.250 -999.250 -999.250 -999.250 -999.250 -999.250 -999.250 -999.250 -999.250 213.678 217.232 228.297 195.066 217.628 210.762 224.131 209.693 200.403 184.029 177.311 179.446 184.762 198.445 186.724 189.064 189.549 210.113 219.472 190.654 192.485 195.417 169.214 171.308 160.471 140.454 142.521 126.243 115.866 120.158 131.510 127.549 125.279 126.179 128.807 135.871
-999.250 -999.250 -999.250 -999.250 -999.250 -999.250 -999.250 -999.250 -999.250 -999.250 -999.250 -999.250 -999.250 -999.250 -999.250 -999.250 -999.250 -999.250 -999.250 -999.250 -999.250 -999.250 -999.250 -999.250 -999.250 -999.250 -999.250 -999.250 -999.250 -999.250 206.563 200.013 184.680 212.180 187.520 192.416 182.850 188.606 174.546 187.981 191.278 181.091 201.866 199.705 227.430 214.218 205.927 205.120 197.567 211.896 188.351 185.312 176.654 166.069 158.924 150.935 153.950 148.344 140.056 130.960 131.171 136.574 125.595 133.857 138.488
-999.250 -999.250 -999.250 -999.250 -999.250 -999.250 -999.250 -999.250 -999.250 -999.250 -999.250 -999.250 -999.250 -999.250 -999.250 -999.250 -999.250 -999.250 -999.250 -999.250 -999.250 -999.250 -999.250 -999.250 -999.250 -999.250 -999.250 -999.250 -999.250 -999.250 192.455 188.067 189.586 190.404 205.395 179.624 189.835 184.404 178.008 184.396 199.964 193.700 203.724 206.642 211.154 204.387 198.244 188.011 206.328 207.752 204.539 211.164 181.451 178.250 162.052 163.369 152.110 147.373 136.706 151.424 137.120 139.864 119.830 116.696 128.023
-999.250 -999.250 -999.250 -999.250 -999.250 -999.250 -999.250 -999.250 -999.250 -999.250 -999.250 -999.250 -999.250 -999.250 -999.250 -999.250 -999.250 -999.250 -999.250 -999.250 -999.250 -999.250 -999.250 -999.250 -999.250 -999.250 -999.250 -999.250 -999.250 -999.250 -999.250 210.144 196.156 205.897 182.883 172.161 156.306 161.493 181.696 193.748 204.564 196.067 219.675 218.892 225.861 199.560 218.093 184.725 195.080 177.899 187.816 191.825 189.621 165.503 162.768 155.888 146.513 139.503 126.589 140.293 111.351 131.775 127.791 106.508 127.523
-999.250 -999.250 -999.250 -999.250 -999.250 -999.250 -999.250 -999.250 -999.250 -999.250 -999.250 -999.250 -999.250 -999.250 -999.250 -999.250 -999.250 -999.250 -999.250 -999.250 -999.250 -999.250 -999.250 -999.250 -999.250 -999.250 -999.250 -999.250 -999.250 -999.250 -999.250 213.553 216.381 194.897 188.790 169.508 176.938 175.579 177.077 192.588 191.785 198.566 225.443 217.994 224.685 221.345 214.964 221.219 208.489 207.903 190.430 195.405 179.218 172.506 177.181 157.627 139.761 132.732 133.785 118.261 124.491 114.023 120.795 118.687 114.152
-999.250 -999.250 -999.250 -999.250 -999.250 -999.250 -999.250 -999.250 -999.250 -999.250 -999.250 -999.250 -999.250 -999.250 -999.250 -999.250 -999.250 -999.250 -999.250 -999.250 -999.250 -999.250 -999.250 -999.250 -999.250 -999.250 -999.250 -999.250 -999.250 -999.250 175.615 194.663 174.864 181.786 174.132 161.651 153.646 158.308 169.924 189.105 175.301 203.943 183.418 183.430 192.434 207.473 222.678 203.487 225.677 216.219 185.570 174.181 182.406 168.485 168.844 152.165 140.920 143.731 127.242 129.168 144.310 120.854 120.625 98.578 74.349
-999.250 -999.250 -999.250 -999.250 -999.250 -999.250 -999.250 -999.250 -999.250 -999.250 -999.250 -999.250 -999.250 -999.250 -999.250 -999.250 -999.250 -999.250 -999.250 -999.250 -999.250 -999.250 -999.250 -999.250 -999.250 -999.250 -999.250 -999.250 -999.250 -999.250 180.212 162.152 158.849 165.323 145.271 140.378 145.706 152.475 152.836 155.430 162.476 177.121 152.364 179.738 182.219 203.669 201.809 210.117 214.346 199.786 199.899 181.701 165.506 173.416 151.817 150.921 150.904 146.864 139.051 132.249 127.613 132.939 127.432 108.020 119.644
-999.250 -999.250 -999.250 -999.250 -999.250 -999.250 -999.250 -999.250 -999.250 -999.250 -999.250 -999.250 -999.250 -999.250 -999.250 -999.250 -999.250 -999.250 -999.250 -999.250 -999.250 -999.250 -999.250 -999.250 -999.250 -999.250 -999.250 -999.250 -999.250 -999.250 164.751 178.095 137.287 144.994 152.168 139.530 135.024 141.552 143.211 149.014 154.296 155.124 165.260 180.654 177.948 173.294 178.788 199.337 218.555 194.331 222.634 195.446 171.789 161.355 151.344 158.330 155.348 165.987 147.036 134.654 132.186 140.123 135.562 141.950 140.736
-999.250 -999.250 -999.250 -999.250 -999.250 -999.250 -999.250 -999.250 -999.250 -999.250 -999.250 -999.250 -999.250 -999.250 -999.250 -999.250 -999.250 -999.250 -999.250 -999.250 -999.250 -999.250 -999.250 -999.250 -999.250 -999.250 -999.250 -999.250 -999.250 -999.250 140.268 145.216 145.861 135.523 142.039 130.225 128.683 127.292 130.328 130.359 131.842 137.029 138.534 141.844 147.155 175.749 184.783 239.100 208.038 215.490 199.764 199.459 179.385 168.366 164.209 155.175 176.304 141.307 148.241 143.778 133.917 139.713 151.726 156.979 146.937
