data/medianmodel_15-Nov-2020.asc
ncols	141
nrows	288
xllcorner	-120191.398
yllcorner	-301404.813
cellsize	2000.000
NODATA_value	-999.250
[rows 232 to 260 of 288, columns 0 to 64 of 141]
-999.250 -999.250 -999.250 -999.250 -999.250 -999.250 -999.250 -999.250 -999.250 -999.250 -999.250 -999.250 -999.250 -999.250 -999.250 -999.250 -999.250 -999.250 -999.250 -999.250 -999.250 -999.250 -999.250 -999.250 -999.250 -999.250 -999.250 464.763 502.382 525.100 530.266 524.973 494.827 446.402 376.737 299.180 253.994 219.185 226.065 213.337 214.823 201.741 213.048 235.981 258.955 265.700 272.823 282.487 306.022 296.366 325.177 306.535 321.120 341.315 335.250 387.639 366.609 345.054 371.845 374.669 365.480 374.908 350.334 352.108 392.651
-999.250 -999.250 -999.250 -999.250 -999.250 -999.250 -999.250 -999.250 -999.250 -999.250 -999.250 -999.250 -999.250 -999.250 -999.250 -999.250 -999.250 -999.250 -999.250 -999.250 -999.250 -999.250 -999.250 -999.250 -999.250 -999.250 -999.250 -999.250 501.919 489.897 533.019 519.115 487.259 451.786 420.578 337.652 292.537 252.602 233.313 208.190 218.989 201.110 241.345 233.378 250.482 260.859 296.939 295.541 305.761 326.690 313.134 319.455 313.751 329.578 344.130 334.206 314.999 339.025 308.519 373.001 359.312 343.723 346.074 356.163 389.523
-999.250 -999.250 -999.250 -999.250 -999.250 -999.250 -999.250 -999.250 -999.250 -999.250 -999.250 -999.250 -999.250 -999.250 -999.250 -999.250 -999.250 -999.250 -999.250 -999.250 -999.250 -999.250 -999.250 -999.250 -999.250 -999.250 -999.250 -999.250 -999.250 -999.250 507.791 471.861 479.431 472.042 426.993 402.584 306.440 270.722 240.551 217.770 202.364 216.450 238.661 246.308 248.447 259.650 256.122 288.543 273.469 252.676 284.691 303.290 321.766 325.060 311.163 327.760 352.732 334.591 310.731 324.607 343.498 346.113 344.946 332.796 375.484
-999.250 -999.250 -999.250 -999.250 -999.250 -999.250 -999.250 -999.250 -999.250 -999.250 -999.250 -999.250 -999.250 -999.250 -999.250 -999.250 -999.250 -999.250 -999.250 -999.250 -999.250 -999.250 -999.250 -999.250 -999.250 -999.250 -999.250 -999.250 -999.250 -999.250 485.158 514.567 456.039 457.060 425.379 400.592 353.072 304.502 268.321 252.679 216.145 225.975 223.455 252.729 253.167 265.934 253.611 299.164 274.604 248.917 260.143 264.190 297.513 254.666 311.351 310.793 296.425 306.905 295.672 293.720 326.840 360.663 347.233 338.519 375.941
-999.250 -999.250 -999.250 -999.250 -999.250 -999.250 -999.250 -999.250 -999.250 -999.250 -999.250 -999.250 -999.250 -999.250 -999.250 -999.250 -999.250 -999.250 -999.250 -999.250 -999.250 -999.250 -999.250 -999.250 -999.250 -999.250 -999.250 -999.250 -999.250 -999.250 487.164 480.617 484.141 420.979 382.403 390.573 339.896 295.674 274.246 251.304 235.320 236.979 226.987 215.132 243.072 248.215 255.963 278.308 263.164 271.333 246.283 265.052 260.419 246.548 269.258 281.139 294.160 298.629 285.757 254.638 304.326 332.312 341.661 358.636 343.144
-999.250 -999.250 -999.250 -999.250 -999.250 -999.250 -999.250 -999.250 -999.250 -999.250 -999.250 -999.250 -999.250 -999.250 -999.250 -999.250 -999.250 -999.250 -999.250 -999.250 -999.250 -999.250 -999.250 -999.250 -999.250 -999.250 -999.250 -999.250 -999.250 -999.250 -999.250 442.804 471.454 440.132 379.666 372.838 296.732 300.679 269.139 249.912 232.671 239.697 235.180 216.944 232.880 232.531 231.758 253.420 259.496 261.057 261.426 258.602 252.914 263.679 268.215 276.111 292.622 293.130 273.067 288.719 300.182 309.074 315.383 341.649 357.943
-999.250 -999.250 -999.250 -999.250 -999.250 -999.250 -999.250 -999.250 -999.250 -999.250 -999.250 -999.250 -999.250 -999.250 -999.250 -999.250 -999.250 -999.250 -999.250 -999.250 -999.250 -999.250 -999.250 -999.250 -999.250 -999.250 -999.250 -999.250 -999.250 -999.250 460.308 441.001 456.318 403.118 372.742 366.399 318.502 270.939 257.383 264.219 239.424 245.747 234.734 228.200 230.025 246.003 237.643 249.626 244.862 253.490 236.610 266.741 283.178 278.656 277.956 301.682 274.511 282.740 273.024 278.664 304.345 337.729 341.815 311.402 330.700
-999.250 -999.250 -999.250 -999.250 -999.250 -999.250 -999.250 -999.250 -999.250 -999.250 -999.250 -999.250 -999.250 -999.250 -999.250 -999.250 -999.250 -999.250 -999.250 -999.250 -999.250 -999.250 -999.250 -999.250 -999.250 -999.250 -999.250 -999.250 -999.250 -999.250 -999.250 462.809 421.651 415.266 378.345 344.084 300.552 296.589 260.834 252.047 250.514 222.019 243.563 232.534 239.867 236.867 236.791 236.861 242.184 237.477 241.363 279.463 252.583 257.482 297.837 270.156 269.824 263.612 266.319 268.948 292.076 287.535 301.670 320.145 320.329
-999.250 -999.250 -999.250 -999.250 -999.250 -999.250 -999.250 -999.250 -999.250 -999.250 -999.250 -999.250 -999.250 -999.250 -999.250 -999.250 -999.250 -999.250 -999.250 -999.250 -999.250 -999.250 -999.250 -999.250 -999.250 -999.250 -999.250 -999.250 -999.250 -999.250 457.967 466.175 425.586 398.073 402.374 332.215 308.491 279.846 286.311 268.789 244.102 253.234 246.269 237.249 238.722 256.780 237.129 225.310 245.264 235.916 230.706 255.625 246.015 269.628 260.322 263.752 250.364 253.770 258.474 245.499 255.564 268.845 274.131 299.437 316.228
-999.250 -999.250 -999.250 -999.250 -999.250 -999.250 -999.250 -999.250 -999.250 -999.250 -999.250 -999.250 -999.250 -999.250 -999.250 -999.250 -999.250 -999.250 -999.250 -999.250 -999.250 -999.250 -999.250 -999.250 -999.250 -999.250 -999.250 -999.250 -999.250 -999.250 408.742 437.349 416.669 372.727 356.835 355.856 320.210 303.509 294.093 266.695 258.260 241.853 272.922 254.807 238.083 234.593 243.861 271.633 231.903 241.087 245.958 247.830 247.009 250.821 252.030 246.898 236.426 248.441 259.972 249.906 257.635 250.561 252.630 252.894 269.712
-999.250 -999.250 -999.250 -999.250 -999.250 -999.250 -999.250 -999.250 -999.250 -999.250 -999.250 -999.250 -999.250 -999.250 -999.250 -999.250 -999.250 -999.250 -999.250 -999.250 -999.250 -999.250 -999.250 -999.250 -999.250 -999.250 -999.250 -999.250 -999.250 -999.250 355.768 413.582 408.861 385.077 342.826 349.561 322.928 303.888 324.464 287.332 274.369 277.807 259.380 242.343 254.186 243.873 231.379 246.171 230.437 229.722 228.642 228.645 227.375 222.140 225.562 231.154 235.832 218.348 240.053 227.034 232.570 233.350 233.844 236.721 261.666
-999.250 -999.250 -999.250 -999.250 -999.250 -999.250 -999.250 -999.250 -999.250 -999.250 -999.250 -999.250 -999.250 -999.250 -999.250 -999.250 -999.250 -999.250 -999.250 -999.250 -999.250 -999.250 -999.250 -999.250 -999.250 -999.250 -999.250 -999.250 -999.250 -999.250 399.651 379.635 382.380 374.380 333.097 305.907 304.478 303.201 316.787 299.101 285.464 291.742 257.211 274.024 257.190 256.291 242.183 232.209 228.928 232.211 221.514 229.137 228.359 211.272 203.375 213.364 227.111 201.319 212.043 216.840 208.786 215.097 228.824 233.600 229.660
-999.250 -999.250 -999.250 -999.250 -999.250 -999.250 -999.250 -999.250 -999.250 -999.250 -999.250 -999.250 -999.250 -999.250 -999.250 -999.250 -999.250 -999.250 -999.250 -999.250 -999.250 -999.250 -999.250 -999.250 -999.250 -999.250 -999.250 -999.250 -999.250 -999.250 357.161 381.950 369.674 395.593 339.368 319.450 330.298 307.263 334.635 327.442 304.198 278.952 269.091 265.637 253.903 254.130 264.278 250.966 233.521 229.171 239.981 220.707 215.559 197.467 197.585 191.097 184.627 210.582 176.968 183.874 174.150 177.333 177.431 210.981 224.739
-999.250 -999.250 -999.250 -999.250 -999.250 -999.250 -999.250 -999.250 -999.250 -999.250 -999.250 -999.250 -999.250 -999.250 -999.250 -999.250 -999.250 -999.250 -999.250 -999.250 -999.250 -999.250 -999.250 -999.250 -999.250 -999.250 -999.250 -999.250 -999.250 -999.250 -999.250 356.507 379.418 390.123 355.018 325.418 325.176 335.654 331.395 320.833 311.322 271.058 275.905 289.775 257.959 258.978 247.626 245.085 241.217 224.394 229.024 217.340 198.514 195.901 197.812 194.731 190.321 191.426 178.283 180.798 157.423 115.124 169.676 188.063 215.335
-999.250 -999.250 -999.250 -999.250 -999.250 -999.250 -999.250 -999.250 -999.250 -999.250 -999.250 -999.250 -999.250 -999.250 -999.250 -999.250 -999.250 -999.250 -999.250 -999.250 -999.250 -999.250 -999.250 -999.250 -999.250 -999.250 -999.250 -999.250 -999.250 -999.250 -999.250 366.684 417.652 375.478 370.533 359.827 329.585 309.157 326.496 307.935 315.331 308.637 303.801 264.851 241.857 251.614 252.266 235.946 229.812 245.406 232.614 228.780 211.213 196.467 191.620 185.104 188.240 182.397 188.776 182.403 164.735 143.048 166.648 191.810 217.388
-999.250 -999.250 -999.250 -999.250 -999.250 -999.250 -999.250 -999.250 -999.250 -999.250 -999.250 -999.250 -999.250 -999.250 -999.250 -999.250 -999.250 -999.250 -999.250 -999.250 -999.250 -999.250 -999.250 -999.250 -999.250 -999.250 -999.250 -999.250 -999.250 -999.250 339.027 371.030 372.066 378.144 339.852 319.137 322.847 305.022 286.298 306.206 307.096 295.609 287.700 265.790 252.768 259.564 252.987 234.533 231.397 229.638 213.941 228.209 213.448 200.963 180.301 157.030 166.934 177.199 179.510 162.899 170.516 157.697 171.325 187.976 200.645
-999.250 -999.250 -999.250 -999.250 -999.250 -999.250 -999.250 -999.250 -999.250 -999.250 -999.250 -999.250 -999.250 -999.250 -999.250 -999.250 -999.250 -999.250 -999.250 -999.250 -999.250 -999.250 -999.250 -999.250 -999.250 -999.250 -999.250 -999.250 -999.250 -999.250 351.648 347.572 369.856 350.760 340.596 306.318 310.196 296.242 288.532 285.096 262.734 274.191 260.617 246.498 249.711 271.780 252.182 226.177 230.625 239.378 224.848 211.524 194.699 191.373 160.541 146.882 158.104 164.029 176.716 177.927 179.921 178.578 186.894 179.779 206.932
-999.250 -999.250 -999.250 -999.250 -999.250 -999.250 -999.250 -999.250 -999.250 -999.250 -999.250 -999.250 -999.250 -999.250 -999.250 -999.250 -999.250 -999.250 -999.250 -999.250 -999.250 -999.250 -999.250 -999.250 -999.250 -999.250 -999.250 -999.250 -999.250 -999.250 343.302 300.631 306.217 321.443 333.340 304.742 303.381 268.604 258.970 249.577 271.611 250.959 260.532 261.958 273.408 267.801 249.617 248.205 229.808 224.823 215.324 186.414 184.096 165.801 151.125 108.531 150.549 156.972 170.225 185.141 172.219 168.984 198.739 215.768 228.319
-999.250 -999.250 -999.250 -999.250 -999.250 -999.250 -999.250 -999.250 -999.250 -999.250 -999.250 -999.250 -999.250 -999.250 -999.250 -999.250 -999.250 -999.250 -999.250 -999.250 -999.250 -999.250 -999.250 -999.250 -999.250 -999.250 -999.250 -999.250 -999.250 -999.250 360.856 291.448 307.496 285.611 260.234 273.534 270.356 266.894 245.228 217.640 225.088 229.298 265.409 282.161 276.373 278.042 259.214 243.375 212.953 217.693 216.765 195.907 203.788 168.526 159.110 154.961 150.459 162.801 172.485 175.025 177.782 176.273 209.963 216.317 204.216
-999.250 -999.250 -999.250 -999.250 -999.250 -999.250 -999.250 -999.250 -999.250 -999.250 -999.250 -999.250 -999.250 -999.250 -999.250 -999.250 -999.250 -999.250 -999.250 -999.250 -999.250 -999.250 -999.250 -999.250 -999.250 -999.250 -999.250 -999.250 -999.250 -999.250 301.652 279.848 304.645 251.111 287.979 267.680 253.652 258.664 228.776 165.878 201.437 235.971 253.886 255.484 290.005 254.316 257.156 253.914 204.889 228.379 197.927 205.987 202.216 185.361 192.740 160.202 170.798 173.669 190.008 185.189 205.064 188.832 196.503 202.481 195.580
-999.250 -999.250 -999.250 -999.250 -999.250 -999.250 -999.250 -999.250 -999.250 -999.250 -999.250 -999.250 -999.250 -999.250 -999.250 -999.250 -999.250 -999.250 -999.250 -999.250 -999.250 -999.250 -999.250 -999.250 -999.250 -999.250 -999.250 -999.250 -999.250 282.487 280.048 283.844 254.740 262.934 255.812 255.739 259.608 232.596 216.964 197.137 216.085 213.134 236.152 256.884 261.428 261.872 237.266 231.547 236.837 234.291 221.268 217.124 222.573 205.692 183.595 187.247 180.162 187.017 203.722 202.312 192.551 189.461 194.775 201.719 218.685
-999.250 -999.250 -999.250 -999.250 -999.250 -999.250 -999.250 -999.250 -999.250 -999.250 -999.250 -999.250 -999.250 -999.250 -999.250 -999.250 -999.250 -999.250 -999.250 -999.250 -999.250 -999.250 -999.250 -999.250 -999.250 -999.250 -999.250 -999.250 -999.250 -999.250 259.518 239.565 250.578 252.252 223.737 239.550 255.014 227.346 221.666 213.136 210.123 241.299 226.574 241.566 248.315 247.324 240.536 241.882 229.703 240.367 213.894 225.533 220.765 211.674 215.668 199.922 187.101 202.611 194.469 176.593 181.345 180.078 170.748 204.370 205.751
-999.250 -999.250 -999.250 -999.250 -999.250 -999.250 -999.250 -999.250 -999.250 -999.250 -999.250 -999.250 -999.250 -999.250 -999.250 -999.250 -999.250 -999.250 -999.250 -999.250 -999.250 -999.250 -999.250 -999.250 -999.250 -999.250 -999.250 -999.250 -999.250 -999.250 232.240 238.322 226.784 236.014 244.322 240.174 230.471 219.724 208.222 231.393 230.460 223.497 224.174 235.798 234.262 244.992 255.235 230.072 215.961 222.030 213.836 226.235 225.115 216.877 207.701 198.957 216.779 217.067 208.942 215.725 188.988 181.325 185.621 195.281 185.588
-999.250 -999.250 -999.250 -999.250 -999.250 -999.250 -999.250 -999.250 -999.250 -999.250 -999.250 -999.250 -999.250 -999.250 -999.250 -999.250 -999.250 -999.250 -999.250 -999.250 -999.250 -999.250 -999.250 -999.250 -999.250 -999.250 -999.250 -999.250 -999.250 -999.250 -999.250 221.633 219.082 229.213 235.942 229.238 219.225 215.825 206.929 217.167 229.432 217.038 233.329 226.899 239.612 232.950 208.909 220.445 217.536 234.381 203.752 222.522 217.801 210.938 204.901 208.155 220.410 215.097 193.746 186.545 197.684 197.786 190.087 183.738 176.246
-999.250 -999.250 -999.250 -999.250 -999.250 -999.250 -999.250 -999.250 -999.250 -999.250 -999.250 -999.250 -999.250 -999.250 -999.250 -999.250 -999.250 -999.250 -999.250 -999.250 -999.250 -999.250 -999.250 -999.250 -999.250 -999.250 -999.250 -999.250 -999.250 -999.250 -999.250 209.557 240.257 228.983 219.932 198.209 181.402 185.622 224.869 221.110 208.694 206.000 213.887 207.075 208.544 216.775 201.856 200.533 214.719 216.435 206.987 183.612 213.408 195.305 206.788 208.058 213.109 206.081 208.130 192.319 193.793 179.702 169.807 153.072 154.513
-999.250 -999.250 -999.250 -999.250 -999.250 -999.250 -999.250 -999.250 -999.250 -999.250 -999.250 -999.250 -999.250 -999.250 -999.250 -999.250 -999.250 -999.250 -999.250 -999.250 -999.250 -999.250 -999.250 -999.250 -999.250 -999.250 -999.250 -999.250 -999.250 -999.250 193.526 202.353 223.754 216.616 211.609 191.936 161.746 200.885 209.395 218.979 225.190 203.189 216.621 207.411 206.931 177.945 185.868 188.473 193.959 202.024 184.445 180.536 178.887 194.457 207.227 203.305 201.886 212.422 204.726 191.171 198.816 177.965 161.994 140.274 104.089
-999.250 -999.250 -999.250 -999.250 -999.250 -999.250 -999.250 -999.250 -999.250 -999.250 -999.250 -999.250 -999.250 -999.250 -999.250 -999.250 -999.250 -999.250 -999.250 -999.250 -999.250 -999.250 -999.250 -999.250 -999.250 -999.250 -999.250 -999.250 -999.250 -999.250 172.404 175.021 210.993 216.221 208.500 199.432 175.065 185.103 173.178 205.842 206.911 205.951 200.982 184.973 208.063 199.809 181.812 190.864 196.666 184.460 183.900 189.676 182.210 194.540 212.884 207.072 215.513 217.153 205.989 201.065 213.102 193.152 176.520 152.430 149.331
-999.250 -999.250 -999.250 -999.250 -999.250 -999.250 -999.250 -999.250 -999.250 -999.250 -999.250 -999.250 -999.250 -999.250 -999.250 -999.250 -999.250 -999.250 -999.250 -999.250 -999.250 -999.250 -999.250 -999.250 -999.250 -999.250 -999.250 -999.250 -999.250 -999.250 181.167 174.107 182.468 170.777 180.706 183.788 180.580 171.274 203.134 196.467 176.243 207.476 193.618 204.968 199.234 183.102 171.866 194.886 199.495 179.673 183.691 170.484 175.097 197.659 196.160 203.351 221.590 236.528 218.730 207.410 218.935 203.261 181.326 181.481 164.957
-999.250 -999.250 -999.250 -999.250 -999.250 -999.250 -999.250 -999.250 -999.250 -999.250 -999.250 -999.250 -999.250 -999.250 -999.250 -999.250 -999.250 -999.250 -999.250 -999.250 -999.250 -999.250 -999.250 -999.250 -999.250 -999.250 -999.250 -999.250 -999.250 -999.250 181.119 154.816 184.692 168.380 157.344 168.480 170.355 169.745 169.542 163.888 167.425 171.893 171.097 197.241 211.309 206.743 185.648 197.251 176.464 167.061 188.548 181.159 196.300 195.317 193.895 224.209 217.189 223.527 215.121 219.889 209.267 201.675 186.704 194.908 178.833
