data/medianmodel_02-Jun-2020.asc
ncols	141
nrows	288
xllcorner	-120191.398
yllcorner	-301404.813
cellsize	2000.000
NODATA_value	-999.250
[rows 93 to 123 of 288, columns 69 to 137 of 141]
0.000 0.000 0.000 0.000 0.000 0.000 0.000 0.000 0.000 0.000 0.000 0.000 0.000 0.000 0.000 0.000 0.000 0.000 0.000 0.000 0.000 1.139 0.522 0.000 0.550 0.792 0.000 0.000 0.017 0.918 0.243 0.000 0.000 0.000 0.000 0.000 0.000 0.000 0.000 0.000 0.000 0.000 0.000 1.110 0.000 -999.250 -999.250 -999.250 -999.250 -999.250 -999.250 -999.250 -999.250 -999.250 -999.250 -999.250 -999.250 -999.250 -999.250 -999.250 -999.250 -999.250 -999.250 -999.250 -999.250 -999.250 -999.250 -999.250 -999.250
0.000 0.000 0.000 0.000 0.000 0.000 0.000 0.000 0.000 0.000 0.000 0.000 0.000 0.000 0.000 0.000 0.000 0.000 0.000 0.000 0.000 0.000 0.000 1.686 0.558 0.000 0.000 0.000 1.059 0.000 0.000 0.000 0.020 0.752 0.000 0.000 0.000 0.000 0.000 0.000 0.000 0.000 0.000 0.000 0.129 -999.250 -999.250 -999.250 -999.250 -999.250 -999.250 -999.250 -999.250 -999.250 -999.250 -999.250 -999.250 -999.250 -999.250 -999.250 -999.250 -999.250 -999.250 -999.250 -999.250 -999.250 -999.250 -999.250 -999.250
0.000 0.000 0.000 0.000 0.000 0.000 0.000 0.000 0.000 0.000 0.790 0.000 0.000 0.000 0.000 0.000 0.000 0.000 0.000 0.000 0.000 0.000 0.365 2.833 1.376 0.632 0.000 0.000 0.608 1.662 0.000 0.551 0.342 0.516 1.842 0.499 0.162 0.325 0.000 0.000 0.032 0.000 0.000 0.000 0.066 -999.250 -999.250 -999.250 -999.250 -999.250 -999.250 -999.250 -999.250 -999.250 -999.250 -999.250 -999.250 -999.250 -999.250 -999.250 -999.250 -999.250 -999.250 -999.250 -999.250 -999.250 -999.250 -999.250 -999.250
0.000 0.000 0.000 0.000 0.000 0.000 0.000 0.000 0.000 0.194 4.498 0.711 0.000 0.000 0.000 0.000 0.000 0.000 0.000 0.000 0.000 0.017 1.192 3.265 3.717 1.603 1.382 0.000 0.000 0.033 0.313 0.000 0.000 0.676 0.344 1.003 1.164 0.245 0.000 0.000 0.000 0.000 0.000 0.000 0.137 0.000 -999.250 -999.250 -999.250 -999.250 -999.250 -999.250 -999.250 -999.250 -999.250 -999.250 -999.250 -999.250 -999.250 -999.250 -999.250 -999.250 -999.250 -999.250 -999.250 -999.250 -999.250 -999.250 -999.250
0.000 0.000 0.000 0.000 0.000 0.000 0.000 0.000 0.000 0.000 0.000 0.000 0.000 0.000 0.000 0.000 0.000 0.000 0.000 0.000 0.000 0.207 2.292 4.702 7.178 7.681 2.986 0.141 0.000 0.000 0.000 0.000 0.000 1.092 2.114 0.000 0.000 0.998 0.418 0.674 0.000 0.000 0.000 0.000 0.000 0.000 0.000 -999.250 -999.250 -999.250 -999.250 -999.250 -999.250 -999.250 -999.250 -999.250 -999.250 -999.250 -999.250 -999.250 -999.250 -999.250 -999.250 -999.250 -999.250 -999.250 -999.250 -999.250 -999.250
0.000 0.000 0.000 0.035 0.000 0.000 0.000 0.000 0.000 0.000 0.000 0.000 0.000 0.000 0.000 0.000 0.000 0.000 0.000 0.000 0.000 0.578 2.986 7.694 15.630 8.130 4.779 1.621 3.094 0.000 0.000 0.000 1.869 2.386 0.000 0.000 0.000 0.000 1.184 0.000 0.000 0.000 0.000 0.000 0.000 0.000 0.000 0.000 -999.250 -999.250 -999.250 -999.250 -999.250 -999.250 -999.250 -999.250 -999.250 -999.250 -999.250 -999.250 -999.250 -999.250 -999.250 -999.250 -999.250 -999.250 -999.250 -999.250 -999.250
0.000 0.561 3.919 5.194 0.000 0.000 0.000 0.000 0.000 0.000 0.000 0.000 0.000 0.000 0.000 0.000 0.000 0.000 0.000 0.000 0.041 0.000 0.765 5.890 7.941 6.615 3.717 4.210 2.459 2.895 1.891 2.499 2.830 1.678 0.000 0.000 0.000 0.000 1.075 0.000 0.007 0.000 0.000 0.000 0.000 0.000 0.000 -999.250 -999.250 -999.250 -999.250 -999.250 -999.250 -999.250 -999.250 -999.250 -999.250 -999.250 -999.250 -999.250 -999.250 -999.250 -999.250 -999.250 -999.250 -999.250 -999.250 -999.250 -999.250
0.000 2.741 1.963 1.471 0.522 0.000 0.000 0.000 0.000 0.000 0.000 0.000 0.000 0.000 0.000 0.000 0.000 0.000 0.000 0.000 0.000 0.000 0.000 1.826 3.562 5.040 5.228 3.925 4.114 2.929 3.356 3.762 4.285 1.927 0.957 0.000 0.000 0.000 0.239 0.908 1.944 0.000 0.000 0.000 0.000 0.000 0.000 0.809 -999.250 -999.250 -999.250 -999.250 -999.250 -999.250 -999.250 -999.250 -999.250 -999.250 -999.250 -999.250 -999.250 -999.250 -999.250 -999.250 -999.250 -999.250 -999.250 -999.250 -999.250
0.000 0.000 1.832 0.000 0.000 0.000 0.000 0.000 0.000 0.000 0.000 0.000 0.000 0.000 0.000 0.000 0.000 0.000 0.000 0.000 0.439 1.629 0.192 2.245 4.596 3.070 3.620 3.566 3.001 2.065 4.666 2.776 4.834 3.004 1.033 1.882 1.675 2.844 1.149 0.000 0.463 0.225 0.000 0.674 1.750 0.774 -999.250 -999.250 -999.250 -999.250 -999.250 -999.250 -999.250 -999.250 -999.250 -999.250 -999.250 -999.250 -999.250 -999.250 -999.250 -999.250 -999.250 -999.250 -999.250 -999.250 -999.250 -999.250 -999.250
0.000 0.860 0.059 0.000 0.000 0.000 0.000 0.000 0.000 0.000 0.000 0.000 0.000 0.000 0.000 0.000 0.000 0.000 0.000 0.000 0.000 3.070 0.711 3.192 4.707 6.534 3.725 3.747 3.724 0.345 3.388 2.074 2.049 3.574 2.492 3.248 5.740 2.418 0.860 1.052 0.821 3.161 0.136 0.700 0.000 -999.250 -999.250 -999.250 -999.250 -999.250 -999.250 -999.250 -999.250 -999.250 -999.250 -999.250 -999.250 -999.250 -999.250 -999.250 -999.250 -999.250 -999.250 -999.250 -999.250 -999.250 -999.250 -999.250 -999.250
0.000 0.000 0.000 0.000 0.000 0.000 0.000 0.026 0.000 0.000 0.000 0.000 0.000 0.000 0.000 0.000 0.000 0.000 0.000 0.000 0.000 0.873 3.195 2.788 5.505 3.358 4.882 4.014 3.283 2.721 3.451 3.090 4.813 5.992 4.151 5.891 5.118 5.086 1.950 0.797 1.425 2.101 1.522 1.872 0.556 -999.250 -999.250 -999.250 -999.250 -999.250 -999.250 -999.250 -999.250 -999.250 -999.250 -999.250 -999.250 -999.250 -999.250 -999.250 -999.250 -999.250 -999.250 -999.250 -999.250 -999.250 -999.250 -999.250 -999.250
0.000 0.000 0.000 0.000 0.000 0.000 0.000 0.000 0.000 0.000 0.000 0.000 0.000 0.000 0.000 0.000 0.000 0.000 0.000 0.000 0.000 0.197 2.631 5.153 4.931 3.444 4.393 5.073 4.639 5.448 4.277 5.173 3.235 3.198 5.166 4.625 6.878 3.665 3.585 2.657 2.756 2.840 2.221 2.819 -999.250 -999.250 -999.250 -999.250 -999.250 -999.250 -999.250 -999.250 -999.250 -999.250 -999.250 -999.250 -999.250 -999.250 -999.250 -999.250 -999.250 -999.250 -999.250 -999.250 -999.250 -999.250 -999.250 -999.250 -999.250
0.000 0.000 0.000 0.000 0.000 0.000 0.000 0.000 0.000 0.000 0.000 0.000 0.000 0.000 0.000 0.000 0.000 0.000 0.000 0.000 1.320 0.000 1.914 2.901 3.265 5.490 2.166 3.782 4.814 4.597 4.842 4.139 5.564 3.442 7.353 6.022 6.618 3.545 3.439 4.180 -999.250 -999.250 -999.250 -999.250 -999.250 -999.250 -999.250 -999.250 -999.250 -999.250 -999.250 -999.250 -999.250 -999.250 -999.250 -999.250 -999.250 -999.250 -999.250 -999.250 -999.250 -999.250 -999.250 -999.250 -999.250 -999.250 -999.250 -999.250 -999.250
0.000 0.428 0.056 0.000 0.000 0.228 0.000 0.000 0.000 0.000 0.000 0.000 0.000 0.000 0.000 0.000 0.000 1.836 0.619 2.433 2.899 3.737 3.240 4.619 2.990 4.513 4.495 6.001 5.038 4.814 5.818 5.893 6.458 7.238 7.704 6.881 5.419 4.752 -999.250 -999.250 -999.250 -999.250 -999.250 -999.250 -999.250 -999.250 -999.250 -999.250 -999.250 -999.250 -999.250 -999.250 -999.250 -999.250 -999.250 -999.250 -999.250 -999.250 -999.250 -999.250 -999.250 -999.250 -999.250 -999.250 -999.250 -999.250 -999.250 -999.250 -999.250
0.000 0.000 0.000 0.000 0.000 0.000 0.000 0.000 0.000 0.000 0.000 0.000 0.000 1.259 0.232 0.000 1.932 2.519 1.742 2.009 3.026 3.534 1.438 4.537 3.626 3.048 6.165 4.520 5.138 4.050 5.439 3.994 5.603 6.670 8.267 7.673 4.880 6.909 -999.250 -999.250 -999.250 -999.250 -999.250 -999.250 -999.250 -999.250 -999.250 -999.250 -999.250 -999.250 -999.250 -999.250 -999.250 -999.250 -999.250 -999.250 -999.250 -999.250 -999.250 -999.250 -999.250 -999.250 -999.250 -999.250 -999.250 -999.250 -999.250 -999.250 -999.250
0.000 0.000 0.000 0.000 0.160 0.000 0.000 0.698 0.487 0.101 0.460 0.865 0.487 0.061 0.000 0.000 0.508 2.643 1.159 2.355 2.480 2.443 2.417 2.439 4.230 3.204 7.855 5.318 5.852 5.572 5.606 4.741 5.365 7.725 10.124 7.569 8.581 7.635 -999.250 -999.250 -999.250 -999.250 -999.250 -999.250 -999.250 -999.250 -999.250 -999.250 -999.250 -999.250 -999.250 -999.250 -999.250 -999.250 -999.250 -999.250 -999.250 -999.250 -999.250 -999.250 -999.250 -999.250 -999.250 -999.250 -999.250 -999.250 -999.250 -999.250 -999.250
0.000 0.000 0.000 0.000 0.000 0.000 1.376 1.707 1.341 2.125 2.884 0.171 0.405 1.399 0.294 0.436 1.140 3.373 4.044 3.135 2.996 3.054 0.184 1.134 4.898 4.754 4.411 4.224 4.721 5.025 5.300 6.536 8.516 11.833 21.030 9.521 8.489 7.693 -999.250 -999.250 -999.250 -999.250 -999.250 -999.250 -999.250 -999.250 -999.250 -999.250 -999.250 -999.250 -999.250 -999.250 -999.250 -999.250 -999.250 -999.250 -999.250 -999.250 -999.250 -999.250 -999.250 -999.250 -999.250 -999.250 -999.250 -999.250 -999.250 -999.250 -999.250
0.000 0.000 0.000 0.000 0.000 0.000 1.478 0.000 1.581 1.776 5.573 4.561 2.218 3.342 1.543 1.319 2.950 4.278 7.549 6.099 1.107 0.668 1.995 1.641 3.270 3.452 3.816 4.266 4.701 8.610 5.990 4.999 7.317 10.967 11.714 11.289 7.757 8.185 -999.250 -999.250 -999.250 -999.250 -999.250 -999.250 -999.250 -999.250 -999.250 -999.250 -999.250 -999.250 -999.250 -999.250 -999.250 -999.250 -999.250 -999.250 -999.250 -999.250 -999.250 -999.250 -999.250 -999.250 -999.250 -999.250 -999.250 -999.250 -999.250 -999.250 -999.250
0.000 0.000 0.000 0.000 0.000 0.983 1.454 1.200 2.367 3.013 2.192 4.557 3.544 3.517 1.200 2.083 2.975 1.945 4.466 4.655 0.744 0.000 0.920 2.681 3.244 2.566 5.325 4.344 5.080 7.524 7.103 5.755 6.881 7.864 7.797 10.116 9.980 10.065 -999.250 -999.250 -999.250 -999.250 -999.250 -999.250 -999.250 -999.250 -999.250 -999.250 -999.250 -999.250 -999.250 -999.250 -999.250 -999.250 -999.250 -999.250 -999.250 -999.250 -999.250 -999.250 -999.250 -999.250 -999.250 -999.250 -999.250 -999.250 -999.250 -999.250 -999.250
0.000 0.000 0.000 0.000 0.000 0.108 1.885 1.460 1.223 3.375 2.725 3.288 3.185 5.162 4.374 2.305 4.163 3.591 3.938 5.426 2.634 2.534 0.245 4.011 6.191 5.306 4.158 3.198 4.601 4.756 7.127 7.719 7.027 5.951 5.582 6.982 7.012 5.918 6.531 7.026 -999.250 -999.250 -999.250 -999.250 -999.250 -999.250 -999.250 -999.250 -999.250 -999.250 -999.250 -999.250 -999.250 -999.250 -999.250 -999.250 -999.250 -999.250 -999.250 -999.250 -999.250 -999.250 -999.250 -999.250 -999.250 -999.250 -999.250 -999.250 -999.250
0.000 0.000 0.000 0.000 0.000 0.000 0.000 0.401 2.010 3.071 3.870 4.392 4.087 4.685 3.348 2.919 4.917 4.167 6.220 5.775 5.523 4.044 2.416 4.684 4.224 4.229 4.100 5.521 5.302 4.307 6.101 7.116 6.368 5.152 3.671 3.629 6.338 7.686 5.851 7.890 8.831 8.848 -999.250 -999.250 -999.250 -999.250 -999.250 -999.250 -999.250 -999.250 -999.250 -999.250 -999.250 -999.250 -999.250 -999.250 -999.250 -999.250 -999.250 -999.250 -999.250 -999.250 -999.250 -999.250 -999.250 -999.250 -999.250 -999.250 -999.250
0.000 0.000 0.000 0.000 0.241 0.000 1.890 1.440 3.592 3.633 3.327 2.925 4.353 5.108 3.701 3.853 3.301 6.321 6.898 6.265 4.472 6.245 2.923 4.373 4.142 4.886 5.969 5.201 2.857 4.163 4.624 7.531 5.568 6.685 5.433 5.439 7.622 8.352 6.334 4.410 5.129 6.932 -999.250 -999.250 -999.250 -999.250 -999.250 -999.250 -999.250 -999.250 -999.250 -999.250 -999.250 -999.250 -999.250 -999.250 -999.250 -999.250 -999.250 -999.250 -999.250 -999.250 -999.250 -999.250 -999.250 -999.250 -999.250 -999.250 -999.250
0.000 0.000 0.000 1.348 2.041 0.116 0.617 0.372 4.716 4.635 4.319 4.759 4.737 5.028 4.129 4.974 3.007 4.452 8.562 6.154 5.932 7.391 6.580 6.669 5.589 6.127 4.681 2.607 2.436 5.296 5.702 5.935 6.226 6.183 5.438 5.169 6.598 9.871 9.289 5.550 6.546 5.645 3.581 -999.250 -999.250 -999.250 -999.250 -999.250 -999.250 -999.250 -999.250 -999.250 -999.250 -999.250 -999.250 -999.250 -999.250 -999.250 -999.250 -999.250 -999.250 -999.250 -999.250 -999.250 -999.250 -999.250 -999.250 -999.250 -999.250
0.000 0.000 0.559 1.538 0.013 1.755 0.997 3.203 6.718 8.354 7.090 5.346 6.675 6.076 6.758 4.462 2.603 4.199 6.411 5.505 4.748 5.545 6.671 8.913 6.792 4.724 3.518 4.306 4.220 2.261 3.666 5.062 5.912 6.357 4.579 3.593 4.362 5.878 7.160 6.012 6.508 6.296 4.902 3.674 -999.250 -999.250 -999.250 -999.250 -999.250 -999.250 -999.250 -999.250 -999.250 -999.250 -999.250 -999.250 -999.250 -999.250 -999.250 -999.250 -999.250 -999.250 -999.250 -999.250 -999.250 -999.250 -999.250 -999.250 -999.250
0.000 0.675 0.608 2.472 0.259 0.798 2.895 6.919 5.415 7.764 4.606 5.106 6.966 7.772 6.769 5.114 4.892 6.535 6.218 5.986 4.228 4.936 6.834 7.268 6.534 5.725 4.717 5.777 5.574 2.976 4.673 3.382 3.162 4.449 4.632 2.973 3.091 5.088 1.648 3.576 5.430 5.488 3.000 5.035 -999.250 -999.250 -999.250 -999.250 -999.250 -999.250 -999.250 -999.250 -999.250 -999.250 -999.250 -999.250 -999.250 -999.250 -999.250 -999.250 -999.250 -999.250 -999.250 -999.250 -999.250 -999.250 -999.250 -999.250 -999.250
0.000 0.000 0.074 0.237 2.855 3.003 4.229 5.694 5.926 6.893 3.861 3.018 5.152 5.769 8.413 3.454 7.210 5.537 4.934 5.354 4.183 3.741 6.656 6.122 7.828 7.718 3.689 3.875 4.365 3.392 6.616 4.392 4.569 3.771 4.197 5.564 3.334 4.713 7.124 4.164 4.080 4.559 7.083 4.974 5.279 -999.250 -999.250 -999.250 -999.250 -999.250 -999.250 -999.250 -999.250 -999.250 -999.250 -999.250 -999.250 -999.250 -999.250 -999.250 -999.250 -999.250 -999.250 -999.250 -999.250 -999.250 -999.250 -999.250 -999.250
0.000 0.000 0.000 1.017 3.016 0.368 3.555 2.721 3.455 4.203 2.515 4.146 4.755 5.444 5.398 6.939 5.987 6.840 6.779 4.282 3.799 3.859 4.360 4.558 7.575 6.059 4.851 4.366 4.225 5.517 5.582 5.104 4.840 2.513 4.985 5.466 4.780 4.424 3.336 5.391 5.382 3.446 3.522 3.016 -999.250 -999.250 -999.250 -999.250 -999.250 -999.250 -999.250 -999.250 -999.250 -999.250 -999.250 -999.250 -999.250 -999.250 -999.250 -999.250 -999.250 -999.250 -999.250 -999.250 -999.250 -999.250 -999.250 -999.250 -999.250
0.000 0.000 0.000 1.496 3.883 4.943 2.832 5.726 5.155 5.035 5.415 5.909 6.333 5.827 5.260 8.017 6.072 4.466 4.451 5.147 3.333 2.585 3.062 4.319 6.041 5.303 5.806 2.898 1.863 5.681 3.682 3.594 5.082 4.059 3.670 5.740 4.294 2.345 3.885 4.714 6.142 4.399 2.641 3.527 -999.250 -999.250 -999.250 -999.250 -999.250 -999.250 -999.250 -999.250 -999.250 -999.250 -999.250 -999.250 -999.250 -999.250 -999.250 -999.250 -999.250 -999.250 -999.250 -999.250 -999.250 -999.250 -999.250 -999.250 -999.250
0.000 0.000 0.000 1.603 2.650 4.697 4.246 2.692 2.918 5.847 4.675 3.627 5.899 6.470 9.032 8.309 8.801 7.819 4.417 6.971 6.932 5.215 2.298 4.308 4.414 5.995 6.382 4.904 1.293 3.088 0.286 1.388 1.332 4.669 5.158 3.238 3.502 2.868 3.915 3.583 6.412 4.599 4.991 4.081 -999.250 -999.250 -999.250 -999.250 -999.250 -999.250 -999.250 -999.250 -999.250 -999.250 -999.250 -999.250 -999.250 -999.250 -999.250 -999.250 -999.250 -999.250 -999.250 -999.250 -999.250 -999.250 -999.250 -999.250 -999.250
0.000 0.000 0.000 1.130 3.095 3.865 3.986 2.342 3.700 8.072 4.815 5.614 5.440 5.530 5.006 4.860 6.993 9.975 7.499 7.624 6.604 4.590 4.234 3.565 6.752 5.257 3.733 3.218 2.291 0.423 0.000 0.000 0.000 4.985 6.434 2.541 1.953 4.004 2.485 4.449 4.752 5.493 5.414 5.036 -999.250 -999.250 -999.250 -999.250 -999.250 -999.250 -999.250 -999.250 -999.250 -999.250 -999.250 -999.250 -999.250 -999.250 -999.250 -999.250 -999.250 -999.250 -999.250 -999.250 -999.250 -999.250 -999.250 -999.250 -999.250
0.120 0.000 0.513 0.975 5.001 5.362 4.185 5.391 7.710 6.832 7.562 6.574 5.371 4.516 4.468 4.762 5.127 9.199 7.217 7.712 9.837 8.217 6.602 5.943 6.674 4.725 3.614 4.300 3.668 2.999 0.000 0.000 0.000 1.243 3.513 1.845 1.257 3.424 2.867 2.252 5.401 4.176 3.810 -999.250 -999.250 -999.250 -999.250 -999.250 -999.250 -999.250 -999.250 -999.250 -999.250 -999.250 -999.250 -999.250 -999.250 -999.250 -999.250 -999.250 -999.250 -999.250 -999.250 -999.250 -999.250 -999.250 -999.250 -999.250 -999.250
