data/medianmodel_29-Nov-2020.asc
ncols	141
nrows	288
xllcorner	-120191.398
yllcorner	-301404.813
cellsize	2000.000
NODATA_value	-999.250
[rows 174 to 202 of 288, columns 0 to 63 of 141]
-999.250 -999.250 -999.250 -999.250 420.083 430.016 459.235 449.687 476.553 478.702 487.493 470.567 458.171 444.433 425.095 376.883 366.264 340.920 314.525 259.538 337.141 421.112 448.272 501.041 506.720 523.270 525.657 494.401 503.896 507.420 451.639 425.604 381.725 357.273 338.852 291.861 309.226 290.793 269.464 273.350 279.350 275.617 266.337 285.014 309.984 307.954 349.073 367.177 380.239 413.136 422.818 424.399 435.762 460.781 474.879 460.069 493.344 486.631 456.461 446.677 440.247 408.440 357.128 350.612
-999.250 -999.250 -999.250 -999.250 432.903 447.110 443.956 433.671 466.017 495.578 497.968 463.760 452.861 445.473 408.870 381.791 354.211 350.799 329.151 326.764 355.639 397.777 451.664 480.155 519.580 500.525 504.914 494.697 485.827 451.450 447.489 392.832 386.375 347.509 343.223 322.444 284.217 275.934 284.636 286.328 289.189 285.673 280.846 281.235 295.644 318.645 346.853 387.697 395.065 406.536 401.840 419.343 450.120 467.474 480.259 499.385 516.442 515.953 496.378 481.711 441.371 431.077 424.998 358.346
-999.250 -999.250 -999.250 -999.250 450.565 453.371 447.408 422.090 449.216 495.440 502.973 476.841 474.281 435.116 411.575 399.612 362.938 363.811 353.456 359.031 370.645 420.215 433.221 467.411 497.611 517.991 496.175 458.011 452.362 466.988 422.282 389.032 351.570 332.112 329.377 311.568 280.009 290.943 296.401 280.353 275.560 276.178 260.584 251.846 302.800 321.937 367.974 399.218 421.299 432.087 416.878 460.959 444.479 483.240 491.316 498.790 541.414 555.824 519.491 512.721 467.728 463.828 418.946 394.658
-999.250 -999.250 -999.250 -999.250 449.053 459.371 467.877 468.333 460.091 488.056 511.056 464.936 477.280 459.715 436.142 390.053 421.915 392.611 403.634 408.731 424.256 452.213 442.067 478.607 475.536 473.476 444.539 446.084 445.942 403.326 385.714 342.903 333.969 324.698 317.513 318.357 288.111 306.896 281.446 269.673 263.303 264.265 287.823 287.235 313.257 357.380 370.535 389.681 419.016 451.154 437.505 446.597 478.813 483.884 506.276 525.412 527.045 532.938 518.779 501.666 478.005 469.240 440.035 401.433
-999.250 -999.250 -999.250 -999.250 453.197 452.319 468.904 474.017 454.495 489.995 475.586 490.860 467.544 485.412 463.169 453.271 452.914 439.793 461.494 453.874 463.579 465.118 473.720 464.374 462.959 462.245 420.749 449.285 432.100 393.242 351.755 329.514 313.255 305.765 294.023 293.512 286.898 271.421 275.158 275.788 295.679 272.968 293.528 305.268 315.415 333.010 336.576 366.744 386.789 445.916 443.641 422.066 468.072 480.322 486.930 512.600 523.788 518.947 504.998 478.883 468.677 461.882 434.102 411.880
-999.250 -999.250 -999.250 461.000 458.608 430.529 450.106 469.562 478.139 500.385 484.294 466.757 477.726 480.512 483.125 465.289 469.741 500.822 481.825 484.572 506.491 517.382 494.190 465.221 444.211 439.339 437.822 406.128 399.919 345.483 338.473 330.214 276.786 279.573 292.135 273.234 288.089 289.451 278.851 283.465 292.521 286.647 296.402 304.676 324.265 344.098 345.858 365.315 396.184 420.067 442.260 458.142 472.333 471.658 485.331 490.022 511.300 524.435 507.625 494.971 474.291 444.693 459.700 413.734
-999.250 -999.250 -999.250 459.177 434.025 453.061 471.286 474.555 474.013 492.755 504.856 475.450 485.565 481.724 508.051 488.714 509.564 495.445 506.797 506.046 508.511 514.112 500.129 480.500 454.409 445.776 416.165 382.697 336.138 327.007 293.004 301.584 295.936 274.400 283.434 284.668 268.529 272.747 260.313 287.156 287.643 286.150 281.044 324.979 335.385 342.902 366.357 395.580 418.734 424.766 436.484 433.251 457.880 491.398 485.742 488.734 504.949 505.054 499.323 462.091 459.836 459.477 428.250 407.927
-999.250 -999.250 -999.250 472.715 473.350 461.113 464.029 488.828 482.819 499.118 493.885 468.689 490.466 532.338 524.407 533.674 546.196 508.287 520.593 514.311 526.677 537.154 498.636 471.023 447.391 410.788 374.470 325.233 311.508 272.997 268.042 273.728 256.347 258.895 253.563 246.812 259.377 279.058 270.915 280.257 273.792 275.837 312.802 315.406 363.315 373.350 365.062 386.980 398.981 449.247 406.322 425.933 442.471 478.874 469.335 507.991 501.075 473.930 489.204 513.940 459.445 466.609 415.160 382.611
-999.250 -999.250 465.482 494.498 496.640 475.080 471.492 506.689 476.760 504.622 485.646 508.127 519.131 514.075 541.289 537.732 579.820 541.913 571.615 519.009 528.566 517.566 507.849 479.963 441.992 390.558 355.748 317.670 275.050 241.522 240.980 241.245 236.862 248.518 255.402 254.940 259.173 262.549 268.894 278.178 272.850 281.282 318.111 319.925 351.587 367.048 378.644 389.904 415.772 406.369 374.816 415.288 432.204 456.293 471.987 472.998 510.998 496.220 492.458 485.612 458.606 434.129 418.527 407.926
-999.250 -999.250 484.879 468.831 449.775 473.768 489.242 480.543 480.596 493.818 514.774 484.534 498.593 519.117 514.245 543.224 560.522 582.173 567.569 529.282 -999.250 540.238 469.399 455.542 422.002 390.180 342.697 311.537 254.813 192.798 231.710 245.143 247.005 244.482 248.959 259.240 247.099 270.776 280.215 286.476 260.950 264.902 291.838 320.387 332.115 356.114 370.834 383.824 374.218 397.231 390.347 416.304 434.292 459.933 477.399 496.688 506.317 488.007 505.570 471.790 458.650 422.111 434.929 407.642
-999.250 452.933 479.064 502.400 472.456 470.282 486.022 486.607 502.627 502.225 502.872 487.609 484.994 488.019 484.720 537.956 565.781 573.980 580.337 -999.250 -999.250 508.487 453.877 451.365 402.780 391.443 352.658 330.327 263.677 230.432 228.344 245.624 244.144 254.579 264.701 265.414 258.532 266.407 261.124 254.485 251.535 259.585 287.038 318.781 311.286 329.253 344.013 334.519 356.571 348.295 380.793 383.841 424.435 457.152 464.760 506.368 490.981 502.001 478.264 467.113 482.455 430.735 393.452 407.245
-999.250 474.883 468.932 482.266 487.020 504.409 489.687 497.205 509.961 529.854 505.445 496.050 481.502 480.127 456.810 525.541 565.321 607.809 -999.250 -999.250 -999.250 -999.250 476.484 434.763 429.996 374.506 358.795 335.554 290.186 258.940 250.361 271.916 254.755 271.451 270.415 271.105 264.530 276.519 274.833 251.657 256.105 269.012 287.977 270.188 279.384 291.421 325.687 327.255 339.128 356.814 362.714 371.030 403.309 426.907 423.732 439.662 461.120 443.273 464.453 465.910 434.239 410.410 388.066 371.512
481.815 473.490 498.106 497.973 493.249 498.253 504.320 500.413 503.210 506.640 496.894 478.475 480.497 497.559 522.274 532.444 583.598 582.892 -999.250 -999.250 -999.250 -999.250 -999.250 448.467 402.081 383.188 352.452 342.086 330.268 309.810 288.834 271.725 295.659 296.731 297.246 261.768 301.550 273.102 279.046 236.925 261.327 263.384 265.811 271.526 275.115 269.704 301.983 297.974 309.065 335.389 358.737 385.071 406.793 401.479 439.793 430.558 447.408 463.398 462.957 467.293 427.965 413.492 391.949 341.035
-999.250 486.853 502.355 492.887 500.601 511.720 490.517 489.772 491.685 491.672 492.020 480.413 491.565 510.257 548.333 584.293 576.946 570.781 -999.250 -999.250 -999.250 -999.250 475.645 450.576 402.055 374.663 368.490 346.722 325.107 338.553 324.057 273.276 292.106 303.096 273.151 274.664 283.173 259.380 258.177 243.995 260.413 250.910 250.899 250.761 250.947 250.494 266.241 260.498 293.772 301.803 354.722 354.594 377.282 420.852 410.088 405.936 438.589 456.154 459.104 458.080 418.914 412.047 367.461 331.319
-999.250 471.624 492.622 489.416 501.957 491.110 481.903 502.802 481.837 480.600 483.610 477.376 514.734 520.788 571.343 611.169 575.550 581.508 -999.250 -999.250 -999.250 477.896 -999.250 441.872 425.567 392.811 387.132 348.522 354.883 338.631 326.209 321.385 308.342 300.336 294.027 273.519 283.122 284.787 273.360 250.665 262.053 251.181 238.865 214.695 227.833 215.854 213.686 224.430 256.566 294.690 325.340 366.064 401.543 416.872 380.226 418.034 421.826 435.216 445.128 438.061 451.101 418.755 367.887 360.480
-999.250 472.766 481.378 494.567 500.751 473.072 476.681 479.781 492.330 470.609 455.539 458.831 492.616 543.938 547.935 585.798 603.261 -999.250 -999.250 -999.250 -999.250 461.668 453.058 422.472 419.516 401.239 386.270 379.728 354.946 353.785 342.640 331.435 332.916 325.780 279.999 277.071 275.931 261.178 294.328 264.850 262.636 247.089 226.093 191.018 209.570 194.800 195.364 222.816 251.506 270.699 324.848 358.090 369.533 390.274 390.577 401.149 439.744 463.331 461.700 432.750 422.224 423.968 386.423 362.941
-999.250 478.876 467.423 468.615 482.619 481.235 468.110 457.355 447.430 446.554 433.484 396.262 473.212 529.142 553.784 587.035 596.712 -999.250 -999.250 -999.250 494.848 455.517 402.680 403.825 406.500 392.981 370.416 358.574 358.821 356.541 338.755 329.461 332.140 328.920 281.305 266.056 265.078 273.242 284.764 246.524 233.009 237.888 202.776 179.493 172.916 168.275 171.464 206.503 235.907 269.239 316.985 344.717 360.776 390.602 398.753 420.978 430.692 469.378 456.004 444.055 440.118 445.574 448.655 406.246
-999.250 -999.250 -999.250 468.102 -999.250 -999.250 466.781 462.315 453.865 -999.250 -999.250 -999.250 495.921 545.525 -999.250 -999.250 -999.250 -999.250 -999.250 -999.250 480.639 465.524 436.235 409.667 387.196 385.503 382.093 359.541 351.739 340.790 351.376 341.209 333.242 328.232 302.480 291.539 288.805 288.976 258.325 247.186 237.931 218.534 188.735 152.233 122.583 116.982 143.268 169.137 219.116 291.429 322.642 357.257 369.339 418.129 424.528 428.510 432.772 448.909 461.240 445.411 462.009 431.774 438.983 437.620
-999.250 -999.250 -999.250 -999.250 -999.250 -999.250 -999.250 -999.250 -999.250 -999.250 -999.250 -999.250 -999.250 543.095 575.265 606.745 -999.250 -999.250 -999.250 505.347 495.637 469.572 431.039 414.582 374.049 382.309 366.327 350.977 361.172 348.051 338.810 339.850 335.492 327.736 310.285 313.053 296.073 284.323 264.517 243.205 224.468 191.155 164.206 136.400 89.658 44.425 113.341 173.714 200.223 265.424 319.888 348.618 354.216 377.678 428.717 423.392 423.586 451.064 462.206 468.685 465.276 467.478 481.075 463.601
-999.250 -999.250 -999.250 -999.250 -999.250 -999.250 -999.250 -999.250 -999.250 -999.250 -999.250 494.509 519.105 557.471 586.202 618.792 -999.250 -999.250 518.850 499.022 485.185 439.280 406.794 408.795 382.746 362.773 355.105 348.128 358.559 351.729 343.723 342.720 335.761 351.672 327.360 312.977 291.756 271.175 266.458 249.278 230.341 198.834 166.715 139.047 109.388 102.123 122.817 167.858 208.787 246.810 301.766 322.777 352.591 374.678 390.983 415.188 409.024 443.562 480.042 479.108 487.059 500.858 508.080 513.643
-999.250 -999.250 -999.250 -999.250 -999.250 -999.250 -999.250 -999.250 -999.250 -999.250 -999.250 492.907 498.372 555.579 567.621 568.168 539.534 542.042 521.991 497.727 458.512 423.867 431.747 435.958 380.938 362.925 334.531 351.378 385.182 385.439 360.274 338.467 334.954 353.148 329.918 334.173 318.748 276.935 265.855 253.984 237.559 208.494 192.432 160.597 150.823 151.093 159.075 186.973 212.966 238.102 276.279 300.400 342.936 366.366 427.609 420.791 456.357 471.820 488.387 499.715 503.648 489.172 521.321 520.664
-999.250 -999.250 -999.250 -999.250 -999.250 -999.250 -999.250 -999.250 -999.250 -999.250 -999.250 -999.250 495.054 530.906 532.094 545.217 503.124 497.539 487.111 485.168 464.883 451.109 445.466 450.589 415.450 412.831 379.057 377.358 373.546 398.475 402.595 359.084 369.995 340.827 341.532 322.349 299.084 306.640 313.993 258.562 234.879 236.341 195.200 178.548 168.752 177.167 183.870 191.537 224.640 248.839 276.699 307.463 342.665 348.318 384.809 432.102 439.516 480.270 499.767 491.464 485.532 513.160 525.556 520.659
-999.250 -999.250 -999.250 -999.250 -999.250 -999.250 -999.250 -999.250 -999.250 -999.250 -999.250 -999.250 -999.250 494.387 516.298 490.212 494.084 478.754 492.759 454.879 463.502 466.156 465.862 450.988 437.986 441.766 403.788 399.421 399.529 400.602 404.225 379.805 376.410 359.645 350.092 328.070 301.494 330.925 318.741 270.078 248.070 247.654 245.184 219.831 211.212 198.895 199.159 230.806 224.826 269.241 312.926 314.635 354.036 375.179 389.829 427.990 434.058 457.838 484.712 490.071 513.135 485.069 497.699 508.837
-999.250 -999.250 -999.250 -999.250 -999.250 -999.250 -999.250 -999.250 -999.250 -999.250 -999.250 -999.250 -999.250 478.754 486.778 481.646 476.167 482.473 471.164 447.885 469.592 459.232 450.530 461.952 442.587 439.212 436.873 440.031 410.458 417.068 421.055 395.925 384.159 392.017 365.930 340.533 339.007 326.246 312.599 275.107 260.177 255.324 252.988 244.558 221.937 235.898 228.780 236.064 246.657 256.877 291.422 349.348 356.627 377.993 384.618 430.103 431.648 453.718 452.266 488.994 497.137 491.497 498.270 520.182
-999.250 -999.250 -999.250 -999.250 -999.250 -999.250 -999.250 -999.250 -999.250 -999.250 -999.250 -999.250 -999.250 460.240 436.933 475.038 451.900 454.511 436.329 451.632 452.201 445.466 445.294 458.154 468.800 457.991 462.719 466.748 475.586 467.216 453.062 429.508 403.982 414.532 364.780 368.583 350.186 331.961 304.257 284.946 263.111 260.272 280.670 269.968 251.823 239.970 249.445 252.791 267.033 295.639 303.279 346.984 355.044 376.355 384.172 393.461 417.457 446.345 461.582 454.501 493.113 502.540 510.092 525.198
-999.250 -999.250 -999.250 -999.250 -999.250 -999.250 -999.250 -999.250 -999.250 -999.250 -999.250 -999.250 -999.250 -999.250 438.514 452.179 418.581 405.571 368.313 412.428 441.590 430.056 427.685 458.191 460.414 484.178 488.987 489.480 504.763 483.348 465.894 453.635 420.467 390.015 411.200 352.881 363.531 335.588 341.640 296.556 291.311 281.296 273.595 258.787 273.336 267.959 264.461 280.639 276.344 286.306 306.047 337.420 340.457 358.623 386.238 387.772 439.780 471.419 466.208 439.184 479.845 491.732 503.983 540.680
-999.250 -999.250 -999.250 -999.250 -999.250 -999.250 -999.250 -999.250 -999.250 -999.250 -999.250 -999.250 -999.250 -999.250 432.645 438.579 422.682 398.592 392.438 420.439 416.714 448.551 442.315 452.034 485.577 495.432 494.580 516.338 512.482 503.633 474.954 445.761 401.733 404.683 396.252 362.793 357.731 351.582 337.452 310.314 330.621 288.974 273.726 256.975 268.893 299.899 324.902 305.923 291.701 293.527 298.354 351.706 333.328 341.260 398.921 429.795 426.432 461.392 458.857 470.577 468.378 493.427 490.513 492.933
-999.250 -999.250 -999.250 -999.250 -999.250 -999.250 -999.250 -999.250 -999.250 -999.250 -999.250 -999.250 -999.250 -999.250 416.770 417.249 411.327 405.758 409.854 418.470 444.151 437.074 423.824 455.830 488.327 495.918 478.723 512.096 489.285 509.299 482.319 464.557 422.230 395.580 401.699 395.995 366.304 356.946 342.974 340.621 337.566 311.039 287.157 288.723 317.922 293.044 288.549 308.898 319.827 332.681 324.809 337.274 346.200 389.042 380.206 405.651 414.648 449.870 484.587 449.163 488.910 475.144 485.096 477.580
-999.250 -999.250 -999.250 -999.250 -999.250 -999.250 -999.250 -999.250 -999.250 -999.250 -999.250 -999.250 -999.250 -999.250 417.326 415.750 430.980 428.750 427.379 432.965 444.865 442.470 434.373 451.735 483.107 -999.250 501.706 500.578 499.375 507.686 499.947 495.078 453.456 416.116 407.413 414.297 366.098 402.388 334.755 339.247 344.115 298.481 285.390 309.657 295.263 306.741 296.873 302.191 326.719 342.786 327.883 326.022 352.778 360.590 393.647 395.403 399.404 449.060 472.050 445.891 478.455 482.622 487.786 471.970
