data/medianmodel_29-Nov-2020.asc
ncols	141
nrows	288
xllcorner	-120191.398
yllcorner	-301404.813
cellsize	2000.000
NODATA_value	-999.250
[rows 203 to 231 of 288, columns 0 to 63 of 141]
-999.250 -999.250 -999.250 -999.250 -999.250 -999.250 -999.250 -999.250 -999.250 -999.250 -999.250 -999.250 -999.250 -999.250 442.699 435.149 436.093 423.875 452.323 417.458 434.915 468.806 466.946 -999.250 -999.250 -999.250 469.952 491.201 488.802 483.446 494.590 473.765 483.966 441.628 419.929 395.118 368.131 349.267 369.844 342.685 337.246 322.108 304.163 295.765 280.600 309.914 309.007 317.045 323.945 328.022 330.342 340.158 359.702 345.027 376.580 378.076 397.170 430.032 449.202 462.866 477.482 469.347 449.964 483.680
-999.250 -999.250 -999.250 -999.250 -999.250 -999.250 -999.250 -999.250 -999.250 -999.250 -999.250 -999.250 -999.250 389.726 438.432 442.266 434.179 444.973 444.949 433.772 435.727 458.994 -999.250 -999.250 -999.250 -999.250 -999.250 488.220 475.846 471.126 478.479 481.665 467.257 447.839 440.601 415.919 407.051 388.736 377.667 370.152 337.190 334.925 316.481 308.039 273.173 287.529 318.576 324.936 299.309 326.633 319.397 346.406 358.066 343.605 355.559 355.746 353.609 389.831 389.524 385.843 399.218 425.028 437.610 449.860
-999.250 -999.250 -999.250 -999.250 -999.250 -999.250 -999.250 -999.250 -999.250 -999.250 -999.250 -999.250 -999.250 393.616 407.620 427.742 415.656 447.908 438.061 455.767 -999.250 -999.250 -999.250 -999.250 -999.250 -999.250 -999.250 -999.250 495.578 463.234 458.097 470.322 474.585 427.716 442.345 451.127 378.121 375.851 379.929 357.604 344.265 345.406 316.295 277.936 283.959 267.520 287.119 294.719 289.813 311.674 287.250 333.883 353.519 345.306 345.966 311.468 341.212 359.893 358.128 360.449 369.918 389.274 419.539 418.330
-999.250 -999.250 -999.250 -999.250 -999.250 -999.250 -999.250 -999.250 -999.250 -999.250 -999.250 -999.250 394.425 372.881 -999.250 -999.250 -999.250 -999.250 -999.250 -999.250 -999.250 -999.250 -999.250 -999.250 -999.250 -999.250 -999.250 -999.250 -999.250 450.250 465.599 486.159 473.068 456.213 428.166 437.378 428.856 393.370 373.666 355.011 349.216 351.039 315.374 272.611 281.543 285.855 276.838 309.659 282.255 290.366 313.063 339.673 331.945 315.852 340.435 328.356 323.506 348.126 325.246 336.518 331.450 375.475 373.773 382.361
-999.250 -999.250 -999.250 -999.250 -999.250 -999.250 -999.250 -999.250 -999.250 -999.250 -999.250 -999.250 -999.250 -999.250 -999.250 -999.250 -999.250 -999.250 -999.250 -999.250 -999.250 -999.250 -999.250 -999.250 -999.250 -999.250 -999.250 -999.250 -999.250 -999.250 452.130 472.555 488.808 466.079 452.869 418.400 419.679 412.337 380.285 356.343 339.572 332.113 320.315 312.247 298.499 297.106 319.152 294.949 308.744 308.735 296.068 332.092 344.206 316.673 345.964 332.701 298.942 293.199 272.659 295.407 311.476 322.011 346.189 359.211
-999.250 -999.250 -999.250 -999.250 -999.250 -999.250 -999.250 -999.250 -999.250 -999.250 -999.250 -999.250 -999.250 -999.250 -999.250 -999.250 -999.250 -999.250 -999.250 -999.250 -999.250 -999.250 -999.250 -999.250 -999.250 -999.250 -999.250 -999.250 -999.250 -999.250 431.372 467.135 445.312 474.362 441.633 423.517 425.473 409.400 403.541 374.604 313.592 300.789 293.285 312.925 319.796 311.314 282.999 291.686 298.200 321.566 341.843 329.537 329.381 321.150 318.232 335.686 303.298 292.705 279.739 284.547 270.635 288.534 299.140 313.455
-999.250 -999.250 -999.250 -999.250 -999.250 -999.250 -999.250 -999.250 -999.250 -999.250 -999.250 -999.250 -999.250 -999.250 -999.250 -999.250 -999.250 -999.250 -999.250 -999.250 -999.250 -999.250 -999.250 -999.250 -999.250 -999.250 -999.250 -999.250 -999.250 -999.250 438.082 462.206 442.472 427.475 438.374 434.399 416.370 378.903 369.138 337.787 329.928 324.842 278.111 310.879 311.938 311.694 293.074 297.953 316.250 296.183 286.195 321.184 314.828 292.014 302.247 277.073 274.096 260.881 269.253 267.825 274.093 265.607 276.323 266.681
-999.250 -999.250 -999.250 -999.250 -999.250 -999.250 -999.250 -999.250 -999.250 -999.250 -999.250 -999.250 -999.250 -999.250 -999.250 -999.250 -999.250 -999.250 -999.250 -999.250 -999.250 -999.250 -999.250 -999.250 -999.250 -999.250 -999.250 -999.250 -999.250 -999.250 -999.250 448.828 441.365 453.584 432.780 434.921 391.058 380.835 362.423 358.125 341.757 313.070 257.312 289.983 291.643 294.066 313.351 306.741 318.234 311.999 292.537 297.691 316.986 284.405 255.803 258.813 246.275 238.681 261.089 267.662 257.010 248.096 250.956 238.755
-999.250 -999.250 -999.250 -999.250 -999.250 -999.250 -999.250 -999.250 -999.250 -999.250 -999.250 -999.250 -999.250 -999.250 -999.250 -999.250 -999.250 -999.250 -999.250 -999.250 -999.250 -999.250 -999.250 -999.250 -999.250 -999.250 -999.250 -999.250 -999.250 -999.250 -999.250 452.294 418.750 430.015 431.522 426.019 373.192 370.387 372.123 329.154 341.287 327.643 301.576 288.241 295.851 289.885 340.464 338.308 331.100 322.780 320.573 300.579 268.854 275.651 264.773 255.279 223.132 215.348 220.186 228.188 244.987 231.059 218.653 203.072
-999.250 -999.250 -999.250 -999.250 -999.250 -999.250 -999.250 -999.250 -999.250 -999.250 -999.250 -999.250 -999.250 -999.250 -999.250 -999.250 -999.250 -999.250 -999.250 -999.250 -999.250 -999.250 -999.250 -999.250 -999.250 -999.250 -999.250 -999.250 -999.250 -999.250 -999.250 434.302 444.468 419.586 366.527 394.719 372.275 364.417 353.404 339.115 339.035 345.107 326.750 295.941 308.665 329.026 335.222 357.298 337.543 311.487 288.377 299.326 302.413 278.109 254.929 258.079 236.821 202.720 196.746 199.522 200.753 193.480 187.833 174.766
-999.250 -999.250 -999.250 -999.250 -999.250 -999.250 -999.250 -999.250 -999.250 -999.250 -999.250 -999.250 -999.250 -999.250 -999.250 -999.250 -999.250 -999.250 -999.250 -999.250 -999.250 -999.250 -999.250 -999.250 -999.250 -999.250 -999.250 -999.250 -999.250 -999.250 -999.250 428.066 412.413 388.994 418.789 397.078 386.863 361.641 335.629 330.318 339.210 343.484 325.379 306.310 314.099 341.940 339.728 335.033 335.378 328.260 306.866 272.463 274.192 258.679 237.554 220.779 196.528 204.643 205.258 181.981 179.863 182.940 168.124 170.898
-999.250 -999.250 -999.250 -999.250 -999.250 -999.250 -999.250 -999.250 -999.250 -999.250 -999.250 -999.250 -999.250 -999.250 -999.250 -999.250 -999.250 -999.250 -999.250 -999.250 -999.250 -999.250 -999.250 -999.250 -999.250 -999.250 -999.250 -999.250 -999.250 -999.250 -999.250 436.930 419.309 401.786 390.730 375.483 360.151 345.732 382.132 345.138 353.808 351.721 334.656 332.619 329.628 333.972 345.702 328.811 326.118 331.730 318.458 301.189 274.105 254.474 243.109 227.799 211.821 215.030 188.471 180.168 170.231 163.518 159.627 153.474
-999.250 -999.250 -999.250 -999.250 -999.250 -999.250 -999.250 -999.250 -999.250 -999.250 -999.250 -999.250 -999.250 -999.250 -999.250 -999.250 -999.250 -999.250 -999.250 -999.250 -999.250 -999.250 -999.250 -999.250 -999.250 -999.250 -999.250 -999.250 -999.250 -999.250 -999.250 428.323 405.056 349.334 375.011 376.253 376.656 372.205 375.003 341.120 368.598 357.401 354.622 341.629 377.350 356.316 346.224 337.740 316.926 315.739 302.177 310.520 274.609 268.500 248.609 216.980 206.712 197.964 190.781 190.858 170.177 168.626 151.343 142.790
-999.250 -999.250 -999.250 -999.250 -999.250 -999.250 -999.250 -999.250 -999.250 -999.250 -999.250 -999.250 -999.250 -999.250 -999.250 -999.250 -999.250 -999.250 -999.250 -999.250 -999.250 -999.250 -999.250 -999.250 -999.250 -999.250 -999.250 -999.250 -999.250 -999.250 -999.250 430.779 392.003 397.137 407.983 394.189 377.841 362.488 354.872 347.282 356.812 352.094 366.785 365.897 366.958 357.106 347.769 314.331 302.184 305.861 310.106 299.741 274.259 255.391 254.542 225.519 203.466 199.227 184.211 181.796 171.982 160.506 154.104 131.700
-999.250 -999.250 -999.250 -999.250 -999.250 -999.250 -999.250 -999.250 -999.250 -999.250 -999.250 -999.250 -999.250 -999.250 -999.250 -999.250 -999.250 -999.250 -999.250 -999.250 -999.250 -999.250 -999.250 -999.250 -999.250 -999.250 -999.250 -999.250 -999.250 -999.250 -999.250 412.623 409.839 399.408 394.961 408.921 389.074 388.976 386.808 367.170 366.651 358.828 364.851 356.889 363.114 352.880 328.805 327.128 312.366 295.759 301.463 292.211 262.697 246.801 242.611 233.930 234.583 201.282 181.467 177.478 177.336 171.448 153.891 141.934
-999.250 -999.250 -999.250 -999.250 -999.250 -999.250 -999.250 -999.250 -999.250 -999.250 -999.250 -999.250 -999.250 -999.250 -999.250 -999.250 -999.250 -999.250 -999.250 -999.250 -999.250 -999.250 -999.250 -999.250 -999.250 -999.250 -999.250 -999.250 -999.250 -999.250 -999.250 415.972 420.717 419.748 426.760 379.702 377.408 389.004 390.624 377.398 355.759 356.392 353.641 360.423 367.401 330.198 299.881 321.399 295.735 296.938 265.164 261.152 248.574 240.635 243.126 222.947 195.114 201.416 189.470 194.976 193.213 182.041 179.585 157.887
-999.250 -999.250 -999.250 -999.250 -999.250 -999.250 -999.250 -999.250 -999.250 -999.250 -999.250 -999.250 -999.250 -999.250 -999.250 -999.250 -999.250 -999.250 -999.250 -999.250 -999.250 -999.250 -999.250 -999.250 -999.250 -999.250 -999.250 -999.250 -999.250 -999.250 -999.250 438.520 421.366 382.129 385.052 363.672 364.648 399.069 367.703 356.327 364.170 327.891 356.140 343.849 328.087 327.665 286.422 277.655 292.089 281.160 275.637 254.145 243.532 232.341 235.207 239.213 225.682 204.776 193.747 199.024 203.995 187.002 185.583 199.729
-999.250 -999.250 -999.250 -999.250 -999.250 -999.250 -999.250 -999.250 -999.250 -999.250 -999.250 -999.250 -999.250 -999.250 -999.250 -999.250 -999.250 -999.250 -999.250 -999.250 -999.250 -999.250 -999.250 -999.250 -999.250 -999.250 -999.250 -999.250 -999.250 -999.250 -999.250 416.017 402.377 401.835 400.356 375.092 386.700 396.305 397.239 376.507 360.872 357.207 337.988 330.910 320.421 278.752 282.472 284.067 255.810 267.724 267.622 240.409 243.164 251.476 233.536 235.169 212.379 216.590 208.209 229.080 217.055 226.351 232.767 248.480
-999.250 -999.250 -999.250 -999.250 -999.250 -999.250 -999.250 -999.250 -999.250 -999.250 -999.250 -999.250 -999.250 -999.250 -999.250 -999.250 -999.250 -999.250 -999.250 -999.250 -999.250 -999.250 -999.250 -999.250 -999.250 -999.250 -999.250 -999.250 -999.250 -999.250 -999.250 387.721 393.849 410.640 388.866 373.804 368.666 360.068 363.867 365.851 363.650 359.738 336.641 325.156 316.186 293.601 269.533 272.541 272.311 281.420 259.219 240.628 228.852 247.640 233.433 235.218 221.422 237.351 230.226 241.904 233.654 227.893 239.671 272.861
-999.250 -999.250 -999.250 -999.250 -999.250 -999.250 -999.250 -999.250 -999.250 -999.250 -999.250 -999.250 -999.250 -999.250 -999.250 -999.250 -999.250 -999.250 -999.250 -999.250 -999.250 -999.250 -999.250 -999.250 -999.250 -999.250 -999.250 -999.250 -999.250 -999.250 -999.250 383.087 385.955 396.927 415.981 371.101 353.736 361.324 358.977 337.909 356.791 348.113 338.221 330.829 309.464 293.956 288.669 270.395 271.402 276.672 256.380 250.211 240.572 240.358 256.912 244.923 236.091 235.278 227.390 236.875 239.836 251.981 281.883 290.731
-999.250 -999.250 -999.250 -999.250 -999.250 -999.250 -999.250 -999.250 -999.250 -999.250 -999.250 -999.250 -999.250 -999.250 -999.250 -999.250 -999.250 -999.250 -999.250 -999.250 -999.250 -999.250 -999.250 -999.250 -999.250 -999.250 -999.250 -999.250 -999.250 -999.250 399.113 407.244 378.926 352.629 391.996 362.159 332.918 336.836 322.897 329.826 343.146 333.331 328.539 325.267 287.883 301.870 289.326 259.414 264.040 262.088 253.872 266.979 247.505 233.632 238.576 227.947 232.892 238.041 235.197 237.903 240.389 252.894 283.339 323.386
-999.250 -999.250 -999.250 -999.250 -999.250 -999.250 -999.250 -999.250 -999.250 -999.250 -999.250 -999.250 -999.250 -999.250 -999.250 -999.250 -999.250 -999.250 -999.250 -999.250 -999.250 -999.250 -999.250 -999.250 -999.250 -999.250 -999.250 -999.250 -999.250 -999.250 428.948 375.789 382.026 351.399 325.825 328.199 324.259 306.673 295.092 312.308 320.788 311.579 328.388 332.494 326.358 292.657 280.594 265.423 251.293 249.135 255.084 251.719 244.410 246.670 248.814 240.207 233.592 237.846 234.120 220.525 256.401 272.266 273.010 311.261
-999.250 -999.250 -999.250 -999.250 -999.250 -999.250 -999.250 -999.250 -999.250 -999.250 -999.250 -999.250 -999.250 -999.250 -999.250 -999.250 -999.250 -999.250 -999.250 -999.250 -999.250 -999.250 -999.250 -999.250 -999.250 -999.250 -999.250 -999.250 -999.250 -999.250 400.245 386.929 386.932 341.844 303.045 292.900 304.576 282.500 290.019 301.856 328.307 290.621 313.141 282.368 321.740 311.780 290.196 260.905 264.315 246.564 256.420 260.156 264.252 253.285 244.393 235.250 218.058 238.460 229.208 230.951 235.666 260.236 269.370 338.156
-999.250 -999.250 -999.250 -999.250 -999.250 -999.250 -999.250 -999.250 -999.250 -999.250 -999.250 -999.250 -999.250 -999.250 -999.250 -999.250 -999.250 -999.250 -999.250 -999.250 -999.250 -999.250 -999.250 -999.250 -999.250 -999.250 -999.250 -999.250 -999.250 -999.250 402.447 372.378 343.863 331.941 306.428 277.555 264.965 259.927 262.987 271.855 296.323 297.246 297.956 302.245 314.329 300.025 252.355 266.616 258.836 256.864 275.476 272.175 246.124 250.170 227.924 234.289 225.972 210.344 218.987 225.812 226.296 244.786 267.359 279.463
-999.250 -999.250 -999.250 -999.250 -999.250 -999.250 -999.250 -999.250 -999.250 -999.250 -999.250 -999.250 -999.250 -999.250 -999.250 -999.250 -999.250 -999.250 -999.250 -999.250 -999.250 -999.250 -999.250 -999.250 -999.250 -999.250 -999.250 -999.250 -999.250 432.243 411.050 396.003 388.379 357.964 324.011 270.595 229.633 230.543 247.018 268.349 277.645 289.152 289.313 302.951 301.506 309.136 282.445 285.803 267.815 290.043 311.032 271.724 230.077 242.805 234.454 228.021 209.843 178.458 204.952 226.221 241.253 235.018 255.066 278.065
-999.250 -999.250 -999.250 -999.250 -999.250 -999.250 -999.250 -999.250 -999.250 -999.250 -999.250 -999.250 -999.250 -999.250 -999.250 -999.250 -999.250 -999.250 -999.250 -999.250 -999.250 -999.250 -999.250 -999.250 -999.250 -999.250 -999.250 -999.250 -999.250 459.353 433.038 407.944 405.379 346.321 318.096 265.628 198.284 207.565 236.447 243.325 265.883 289.728 273.276 286.953 259.647 284.960 246.557 293.068 270.865 273.104 282.268 257.569 248.039 236.616 238.960 224.090 216.002 208.537 213.958 216.530 236.043 240.234 264.153 260.797
-999.250 -999.250 -999.250 -999.250 -999.250 -999.250 -999.250 -999.250 -999.250 -999.250 -999.250 -999.250 -999.250 -999.250 -999.250 -999.250 -999.250 -999.250 -999.250 -999.250 -999.250 -999.250 -999.250 -999.250 -999.250 -999.250 -999.250 -999.250 479.779 474.298 460.141 447.478 422.342 389.527 323.367 250.485 156.299 207.439 233.137 243.872 281.700 255.613 274.345 285.205 266.570 253.629 248.987 274.426 268.617 257.286 244.912 252.558 242.644 247.861 236.236 229.430 214.629 215.040 196.678 222.090 228.831 241.567 244.591 247.943
-999.250 -999.250 -999.250 -999.250 -999.250 -999.250 -999.250 -999.250 -999.250 -999.250 -999.250 -999.250 -999.250 -999.250 -999.250 -999.250 -999.250 -999.250 -999.250 -999.250 -999.250 -999.250 -999.250 -999.250 -999.250 -999.250 -999.250 -999.250 476.301 489.257 493.480 477.273 432.697 400.019 356.039 276.315 232.610 218.360 237.629 244.169 263.240 267.488 279.733 271.883 263.443 247.962 242.106 275.427 284.026 268.735 247.655 245.350 235.009 232.164 235.782 233.668 217.277 215.868 217.500 215.961 237.013 243.278 234.030 241.111
-999.250 -999.250 -999.250 -999.250 -999.250 -999.250 -999.250 -999.250 -999.250 -999.250 -999.250 -999.250 -999.250 -999.250 -999.250 -999.250 -999.250 -999.250 -999.250 -999.250 -999.250 -999.250 -999.250 -999.250 -999.250 -999.250 -999.250 503.065 528.322 515.773 512.440 504.589 488.231 456.875 381.910 330.374 284.038 256.750 255.576 274.249 260.869 282.125 310.719 279.497 275.297 250.465 252.546 299.233 277.432 251.998 250.809 232.963 215.666 227.558 227.044 220.388 221.386 228.369 231.724 229.476 213.546 221.923 224.118 225.326
