data/medianmodel_21-May-2020.asc
ncols	141
nrows	288
xllcorner	-120191.398
yllcorner	-301404.813
cellsize	2000.000
NODATA_value	-999.250
[rows 217 to 247 of 288, columns 0 to 68 of 141]
-999.250 -999.250 -999.250 -999.250 -999.250 -999.250 -999.250 -999.250 -999.250 -999.250 -999.250 -999.250 -999.250 -999.250 -999.250 -999.250 -999.250 -999.250 -999.250 -999.250 -999.250 -999.250 -999.250 -999.250 -999.250 -999.250 -999.250 -999.250 -999.250 -999.250 -999.250 9.674 13.664 10.350 11.634 13.192 9.935 10.497 9.534 11.297 12.944 11.343 9.797 8.407 8.416 5.471 10.733 11.750 10.570 10.222 9.697 9.531 8.965 7.289 8.401 10.853 8.189 7.949 7.502 1.939 4.070 4.751 2.707 1.395 0.273 0.000 0.000 0.000 0.000
-999.250 -999.250 -999.250 -999.250 -999.250 -999.250 -999.250 -999.250 -999.250 -999.250 -999.250 -999.250 -999.250 -999.250 -999.250 -999.250 -999.250 -999.250 -999.250 -999.250 -999.250 -999.250 -999.250 -999.250 -999.250 -999.250 -999.250 -999.250 -999.250 -999.250 -999.250 7.779 10.684 10.715 13.347 10.877 10.918 16.972 13.373 9.550 13.849 12.362 10.407 8.291 7.974 10.613 11.090 10.505 9.400 10.819 9.194 6.287 8.685 7.936 6.491 10.901 10.437 5.372 8.370 4.022 4.351 4.550 1.223 1.101 0.000 0.000 0.000 0.000 0.000
-999.250 -999.250 -999.250 -999.250 -999.250 -999.250 -999.250 -999.250 -999.250 -999.250 -999.250 -999.250 -999.250 -999.250 -999.250 -999.250 -999.250 -999.250 -999.250 -999.250 -999.250 -999.250 -999.250 -999.250 -999.250 -999.250 -999.250 -999.250 -999.250 -999.250 -999.250 9.756 10.118 12.372 12.863 11.891 13.255 13.751 13.358 11.622 11.639 13.662 13.541 11.635 8.632 11.037 9.274 11.519 9.786 9.336 8.708 7.695 6.851 6.613 7.470 7.529 7.301 6.651 7.370 8.104 4.724 5.542 0.971 0.034 0.000 0.000 0.000 0.000 0.000
-999.250 -999.250 -999.250 -999.250 -999.250 -999.250 -999.250 -999.250 -999.250 -999.250 -999.250 -999.250 -999.250 -999.250 -999.250 -999.250 -999.250 -999.250 -999.250 -999.250 -999.250 -999.250 -999.250 -999.250 -999.250 -999.250 -999.250 -999.250 -999.250 -999.250 -999.250 8.545 9.316 12.350 10.909 11.418 15.396 11.453 11.357 12.658 10.497 8.918 10.902 8.197 8.451 7.181 10.108 6.521 7.573 8.388 9.387 8.160 9.255 6.754 5.106 6.698 6.816 7.919 7.344 6.931 4.720 4.015 3.682 0.926 0.000 0.000 0.000 0.000 0.000
-999.250 -999.250 -999.250 -999.250 -999.250 -999.250 -999.250 -999.250 -999.250 -999.250 -999.250 -999.250 -999.250 -999.250 -999.250 -999.250 -999.250 -999.250 -999.250 -999.250 -999.250 -999.250 -999.250 -999.250 -999.250 -999.250 -999.250 -999.250 -999.250 -999.250 -999.250 10.144 9.749 10.925 10.281 12.740 12.034 11.200 8.611 10.329 9.657 9.124 10.563 10.313 8.797 9.918 9.454 7.497 8.441 9.172 8.116 9.271 7.212 6.847 5.032 6.655 4.952 5.335 6.548 7.847 4.372 7.358 3.240 1.102 1.518 0.415 0.000 0.000 0.000
-999.250 -999.250 -999.250 -999.250 -999.250 -999.250 -999.250 -999.250 -999.250 -999.250 -999.250 -999.250 -999.250 -999.250 -999.250 -999.250 -999.250 -999.250 -999.250 -999.250 -999.250 -999.250 -999.250 -999.250 -999.250 -999.250 -999.250 -999.250 -999.250 -999.250 -999.250 9.938 12.215 13.982 12.888 11.736 9.236 9.070 6.806 8.537 7.534 9.530 12.023 10.009 11.778 11.388 9.849 8.306 7.498 9.325 7.546 7.795 6.419 4.929 6.710 5.052 5.596 6.713 7.568 4.577 5.098 2.550 2.892 2.175 2.504 2.678 0.228 1.114 1.690
-999.250 -999.250 -999.250 -999.250 -999.250 -999.250 -999.250 -999.250 -999.250 -999.250 -999.250 -999.250 -999.250 -999.250 -999.250 -999.250 -999.250 -999.250 -999.250 -999.250 -999.250 -999.250 -999.250 -999.250 -999.250 -999.250 -999.250 -999.250 -999.250 -999.250 6.784 8.011 9.752 12.058 13.320 13.525 12.654 8.463 8.012 6.759 9.409 8.627 9.891 7.618 8.777 10.591 7.235 6.572 7.634 9.973 6.784 4.101 7.461 5.696 5.658 4.258 1.929 3.786 3.925 2.391 3.122 4.722 2.148 1.480 2.417 1.793 2.330 5.728 2.287
-999.250 -999.250 -999.250 -999.250 -999.250 -999.250 -999.250 -999.250 -999.250 -999.250 -999.250 -999.250 -999.250 -999.250 -999.250 -999.250 -999.250 -999.250 -999.250 -999.250 -999.250 -999.250 -999.250 -999.250 -999.250 -999.250 -999.250 -999.250 -999.250 -999.250 5.966 8.304 12.102 15.097 11.648 11.777 7.622 9.660 9.953 11.830 8.344 8.931 7.849 8.912 9.946 8.943 8.012 7.890 6.508 9.110 5.806 3.391 4.433 3.218 2.290 1.495 0.000 2.820 1.629 1.471 3.201 2.250 2.537 2.020 4.091 4.459 5.057 4.138 1.782
-999.250 -999.250 -999.250 -999.250 -999.250 -999.250 -999.250 -999.250 -999.250 -999.250 -999.250 -999.250 -999.250 -999.250 -999.250 -999.250 -999.250 -999.250 -999.250 -999.250 -999.250 -999.250 -999.250 -999.250 -999.250 -999.250 -999.250 -999.250 -999.250 -999.250 4.496 8.753 11.585 12.460 11.154 10.187 13.323 11.544 12.789 12.271 11.925 10.431 9.975 11.292 8.344 9.322 5.290 5.053 5.417 5.896 8.524 8.203 2.767 4.107 4.122 0.000 0.764 1.541 0.000 0.000 0.229 1.456 2.303 3.264 2.956 2.274 5.449 6.752 3.691
-999.250 -999.250 -999.250 -999.250 -999.250 -999.250 -999.250 -999.250 -999.250 -999.250 -999.250 -999.250 -999.250 -999.250 -999.250 -999.250 -999.250 -999.250 -999.250 -999.250 -999.250 -999.250 -999.250 -999.250 -999.250 -999.250 -999.250 -999.250 -999.250 -999.250 8.180 8.195 11.548 12.068 11.169 11.632 10.938 10.619 13.351 11.293 6.079 9.476 10.311 6.501 6.117 6.853 3.867 4.951 3.449 6.052 4.694 2.311 0.326 1.774 0.828 0.000 0.000 0.000 0.000 0.000 0.011 1.725 3.321 3.940 2.768 6.902 4.493 4.121 3.842
-999.250 -999.250 -999.250 -999.250 -999.250 -999.250 -999.250 -999.250 -999.250 -999.250 -999.250 -999.250 -999.250 -999.250 -999.250 -999.250 -999.250 -999.250 -999.250 -999.250 -999.250 -999.250 -999.250 -999.250 -999.250 -999.250 -999.250 -999.250 -999.250 10.784 9.641 9.678 6.121 8.501 12.060 9.324 9.133 8.419 7.984 9.148 4.746 11.206 12.027 5.885 5.785 4.157 3.248 4.203 3.292 3.875 4.093 0.345 0.933 1.771 2.894 0.000 0.000 0.000 0.000 0.000 1.117 1.679 2.498 4.245 4.799 5.293 3.250 3.590 3.336
-999.250 -999.250 -999.250 -999.250 -999.250 -999.250 -999.250 -999.250 -999.250 -999.250 -999.250 -999.250 -999.250 -999.250 -999.250 -999.250 -999.250 -999.250 -999.250 -999.250 -999.250 -999.250 -999.250 -999.250 -999.250 -999.250 -999.250 -999.250 -999.250 10.440 10.245 9.466 6.507 7.473 8.141 7.759 6.442 9.205 5.307 7.124 10.670 9.109 10.315 6.376 3.505 3.995 2.525 2.684 1.798 2.624 1.689 1.747 0.000 1.967 1.289 0.000 0.000 0.000 0.000 0.000 0.000 1.360 2.210 3.596 3.049 4.230 3.629 3.389 4.663
-999.250 -999.250 -999.250 -999.250 -999.250 -999.250 -999.250 -999.250 -999.250 -999.250 -999.250 -999.250 -999.250 -999.250 -999.250 -999.250 -999.250 -999.250 -999.250 -999.250 -999.250 -999.250 -999.250 -999.250 -999.250 -999.250 -999.250 -999.250 11.811 10.747 8.270 7.259 7.691 9.451 6.663 5.548 6.947 6.704 5.483 7.592 10.555 9.855 10.622 9.492 4.735 3.265 3.309 1.732 0.870 0.982 1.114 1.029 0.000 1.150 2.462 2.977 0.018 0.000 0.180 0.119 3.737 4.338 1.991 4.537 4.617 4.096 2.729 5.405 3.173
-999.250 -999.250 -999.250 -999.250 -999.250 -999.250 -999.250 -999.250 -999.250 -999.250 -999.250 -999.250 -999.250 -999.250 -999.250 -999.250 -999.250 -999.250 -999.250 -999.250 -999.250 -999.250 -999.250 -999.250 -999.250 -999.250 -999.250 -999.250 9.805 10.129 9.950 6.463 6.681 6.486 4.065 4.972 5.002 6.601 6.113 4.164 8.573 10.632 8.819 5.776 4.738 3.029 3.546 1.914 3.354 1.179 3.611 2.778 1.282 2.104 0.000 2.596 1.957 1.687 0.000 0.111 3.597 6.162 4.649 8.001 5.593 3.148 4.731 3.865 3.542
-999.250 -999.250 -999.250 -999.250 -999.250 -999.250 -999.250 -999.250 -999.250 -999.250 -999.250 -999.250 -999.250 -999.250 -999.250 -999.250 -999.250 -999.250 -999.250 -999.250 -999.250 -999.250 -999.250 -999.250 -999.250 -999.250 -999.250 10.207 10.947 11.113 9.802 6.647 7.162 6.369 4.435 3.907 5.323 4.546 4.706 6.593 7.822 6.982 4.111 4.350 6.839 3.886 5.127 3.558 2.186 3.465 3.819 1.938 3.607 2.645 1.901 1.290 0.579 1.842 1.399 0.173 2.396 2.753 4.547 4.500 3.132 4.018 5.913 4.133 0.793
-999.250 -999.250 -999.250 -999.250 -999.250 -999.250 -999.250 -999.250 -999.250 -999.250 -999.250 -999.250 -999.250 -999.250 -999.250 -999.250 -999.250 -999.250 -999.250 -999.250 -999.250 -999.250 -999.250 -999.250 -999.250 -999.250 -999.250 9.940 8.379 8.712 7.697 7.291 3.805 3.696 3.860 3.815 3.727 5.369 5.251 7.266 9.069 6.660 5.544 4.345 6.745 4.103 5.502 3.720 5.115 3.744 3.675 3.872 1.888 2.039 3.911 3.519 0.415 1.960 3.351 2.007 4.697 3.890 2.140 4.271 4.692 1.250 2.889 3.277 2.901
-999.250 -999.250 -999.250 -999.250 -999.250 -999.250 -999.250 -999.250 -999.250 -999.250 -999.250 -999.250 -999.250 -999.250 -999.250 -999.250 -999.250 -999.250 -999.250 -999.250 -999.250 -999.250 -999.250 -999.250 -999.250 -999.250 -999.250 -999.250 8.216 6.577 7.533 5.256 6.634 3.566 4.132 3.979 4.268 7.520 5.395 4.042 5.115 7.599 7.273 6.238 5.051 1.040 3.913 3.902 3.742 3.367 2.944 4.528 3.215 0.452 2.359 0.000 0.449 1.587 1.435 4.540 2.260 3.213 0.303 3.155 3.225 1.475 3.067 2.512 0.660
-999.250 -999.250 -999.250 -999.250 -999.250 -999.250 -999.250 -999.250 -999.250 -999.250 -999.250 -999.250 -999.250 -999.250 -999.250 -999.250 -999.250 -999.250 -999.250 -999.250 -999.250 -999.250 -999.250 -999.250 -999.250 -999.250 -999.250 -999.250 -999.250 -999.250 6.201 5.294 2.905 3.191 5.044 3.635 6.042 7.619 6.854 6.691 5.534 7.318 5.930 5.344 1.747 1.870 2.360 3.377 3.156 2.103 1.672 2.567 2.398 2.968 0.895 3.542 0.300 0.047 0.322 0.000 0.000 0.590 1.516 2.621 1.883 4.803 2.349 2.863 1.153
-999.250 -999.250 -999.250 -999.250 -999.250 -999.250 -999.250 -999.250 -999.250 -999.250 -999.250 -999.250 -999.250 -999.250 -999.250 -999.250 -999.250 -999.250 -999.250 -999.250 -999.250 -999.250 -999.250 -999.250 -999.250 -999.250 -999.250 -999.250 -999.250 -999.250 6.351 5.119 4.432 4.370 4.331 4.852 3.587 4.053 4.878 5.054 6.511 6.466 6.737 5.209 3.198 4.710 4.126 3.746 2.574 1.075 1.467 3.133 2.587 0.999 1.037 1.631 0.000 0.000 0.000 0.000 0.000 0.000 0.771 2.548 4.998 5.338 4.773 2.157 2.629
-999.250 -999.250 -999.250 -999.250 -999.250 -999.250 -999.250 -999.250 -999.250 -999.250 -999.250 -999.250 -999.250 -999.250 -999.250 -999.250 -999.250 -999.250 -999.250 -999.250 -999.250 -999.250 -999.250 -999.250 -999.250 -999.250 -999.250 -999.250 -999.250 -999.250 9.743 4.220 3.736 6.373 7.806 8.078 5.529 3.917 4.511 7.903 7.738 7.497 7.566 3.428 3.329 2.241 1.322 2.789 1.123 2.482 2.017 1.070 1.683 1.862 0.611 0.000 0.000 0.000 0.000 0.000 0.000 0.000 0.000 2.077 2.827 5.267 4.369 6.248 4.222
-999.250 -999.250 -999.250 -999.250 -999.250 -999.250 -999.250 -999.250 -999.250 -999.250 -999.250 -999.250 -999.250 -999.250 -999.250 -999.250 -999.250 -999.250 -999.250 -999.250 -999.250 -999.250 -999.250 -999.250 -999.250 -999.250 -999.250 -999.250 -999.250 -999.250 -999.250 4.437 4.402 7.515 7.729 8.883 9.610 7.578 7.736 10.194 7.639 10.558 4.581 3.999 1.552 1.645 3.499 3.635 1.839 2.023 0.126 0.932 0.000 1.063 1.187 1.788 0.652 0.000 0.000 0.000 0.000 0.212 1.229 0.378 1.110 3.470 3.860 5.034 5.975
-999.250 -999.250 -999.250 -999.250 -999.250 -999.250 -999.250 -999.250 -999.250 -999.250 -999.250 -999.250 -999.250 -999.250 -999.250 -999.250 -999.250 -999.250 -999.250 -999.250 -999.250 -999.250 -999.250 -999.250 -999.250 -999.250 -999.250 -999.250 -999.250 -999.250 5.524 6.001 5.839 6.086 6.370 7.661 7.116 10.906 9.490 10.769 10.288 6.510 5.816 8.784 5.587 3.062 4.435 3.050 0.844 0.569 2.152 0.318 1.554 1.535 3.471 2.109 2.100 0.000 0.000 0.000 0.638 1.772 0.919 1.761 0.266 3.402 3.488 3.628 4.582
-999.250 -999.250 -999.250 -999.250 -999.250 -999.250 -999.250 -999.250 -999.250 -999.250 -999.250 -999.250 -999.250 -999.250 -999.250 -999.250 -999.250 -999.250 -999.250 -999.250 -999.250 -999.250 -999.250 -999.250 -999.250 -999.250 -999.250 -999.250 -999.250 -999.250 -999.250 7.327 4.862 6.020 6.708 7.066 8.493 10.577 12.009 11.779 6.849 8.518 6.680 4.105 6.866 4.628 4.163 2.227 1.308 2.894 2.414 2.059 1.673 0.818 3.430 3.667 1.674 0.692 0.123 2.016 0.000 1.310 1.393 0.279 1.415 4.370 2.811 3.277 5.406
-999.250 -999.250 -999.250 -999.250 -999.250 -999.250 -999.250 -999.250 -999.250 -999.250 -999.250 -999.250 -999.250 -999.250 -999.250 -999.250 -999.250 -999.250 -999.250 -999.250 -999.250 -999.250 -999.250 -999.250 -999.250 -999.250 -999.250 -999.250 -999.250 -999.250 6.328 5.250 5.634 7.029 8.611 9.736 9.245 11.286 9.297 10.404 9.638 8.576 5.323 6.043 4.413 4.882 3.358 2.564 2.423 2.946 1.621 1.897 1.876 1.134 2.408 1.500 1.741 1.179 2.914 0.722 1.986 0.000 2.252 2.042 2.278 2.631 3.815 7.090 5.627
-999.250 -999.250 -999.250 -999.250 -999.250 -999.250 -999.250 -999.250 -999.250 -999.250 -999.250 -999.250 -999.250 -999.250 -999.250 -999.250 -999.250 -999.250 -999.250 -999.250 -999.250 -999.250 -999.250 -999.250 -999.250 -999.250 -999.250 -999.250 -999.250 -999.250 6.194 6.729 6.800 6.877 8.064 10.213 11.463 8.655 10.879 8.217 6.210 4.200 4.355 4.119 3.502 2.984 3.711 3.707 1.152 3.574 0.585 2.391 4.342 2.939 2.869 1.754 4.259 0.081 1.515 1.243 0.000 0.000 0.000 2.099 3.370 3.503 4.668 5.647 3.237
-999.250 -999.250 -999.250 -999.250 -999.250 -999.250 -999.250 -999.250 -999.250 -999.250 -999.250 -999.250 -999.250 -999.250 -999.250 -999.250 -999.250 -999.250 -999.250 -999.250 -999.250 -999.250 -999.250 -999.250 -999.250 -999.250 -999.250 -999.250 -999.250 -999.250 6.362 6.294 5.900 8.074 6.123 9.334 8.477 10.637 8.593 6.757 5.449 5.771 4.258 4.223 2.897 3.783 1.049 0.515 0.945 3.886 0.147 1.770 3.661 2.537 4.887 4.392 1.126 2.709 0.148 0.000 0.000 0.000 0.000 1.213 2.047 2.650 2.528 4.223 4.160
-999.250 -999.250 -999.250 -999.250 -999.250 -999.250 -999.250 -999.250 -999.250 -999.250 -999.250 -999.250 -999.250 -999.250 -999.250 -999.250 -999.250 -999.250 -999.250 -999.250 -999.250 -999.250 -999.250 -999.250 -999.250 -999.250 -999.250 -999.250 -999.250 -999.250 7.855 9.513 7.613 7.698 6.434 8.010 8.420 7.656 9.260 9.770 8.213 6.468 4.309 6.257 3.885 3.915 1.693 1.175 1.310 1.361 2.088 1.688 1.998 2.135 3.745 3.329 1.740 0.706 0.455 0.000 0.000 0.000 0.000 0.000 0.847 0.402 2.890 2.372 2.818
-999.250 -999.250 -999.250 -999.250 -999.250 -999.250 -999.250 -999.250 -999.250 -999.250 -999.250 -999.250 -999.250 -999.250 -999.250 -999.250 -999.250 -999.250 -999.250 -999.250 -999.250 -999.250 -999.250 -999.250 -999.250 -999.250 -999.250 -999.250 -999.250 -999.250 5.175 10.605 9.980 7.190 8.000 7.597 6.429 8.069 9.760 6.452 4.140 5.136 4.461 3.756 5.422 5.019 2.917 2.513 1.813 2.964 2.882 5.092 1.856 1.615 1.710 0.581 2.417 0.000 1.097 0.240 0.000 0.000 0.000 0.000 0.094 0.721 3.397 1.298 3.240
-999.250 -999.250 -999.250 -999.250 -999.250 -999.250 -999.250 -999.250 -999.250 -999.250 -999.250 -999.250 -999.250 -999.250 -999.250 -999.250 -999.250 -999.250 -999.250 -999.250 -999.250 -999.250 -999.250 -999.250 -999.250 -999.250 -999.250 -999.250 -999.250 -999.250 -999.250 7.326 6.330 7.918 9.006 4.831 4.933 4.160 6.086 4.321 4.313 4.177 3.072 3.869 2.191 3.684 1.959 2.001 3.779 1.132 2.225 2.875 0.601 1.085 0.708 2.132 1.008 0.463 0.000 0.000 0.000 0.000 0.000 0.000 0.000 0.000 1.004 1.583 1.113
-999.250 -999.250 -999.250 -999.250 -999.250 -999.250 -999.250 -999.250 -999.250 -999.250 -999.250 -999.250 -999.250 -999.250 -999.250 -999.250 -999.250 -999.250 -999.250 -999.250 -999.250 -999.250 -999.250 -999.250 -999.250 -999.250 -999.250 -999.250 -999.250 -999.250 -999.250 9.524 8.476 7.294 6.130 5.770 4.376 2.597 2.583 3.750 0.308 4.053 2.354 4.125 2.174 2.536 2.328 3.093 8.700 4.778 1.926 0.862 1.818 0.025 1.287 1.814 0.000 0.894 0.000 0.000 0.000 0.000 0.000 0.000 0.000 0.000 1.014 2.068 1.854
-999.250 -999.250 -999.250 -999.250 -999.250 -999.250 -999.250 -999.250 -999.250 -999.250 -999.250 -999.250 -999.250 -999.250 -999.250 -999.250 -999.250 -999.250 -999.250 -999.250 -999.250 -999.250 -999.250 -999.250 -999.250 -999.250 -999.250 -999.250 -999.250 -999.250 4.028 6.571 9.346 8.425 4.311 3.747 0.873 1.821 1.649 2.298 0.248 0.813 3.112 3.586 1.123 3.870 4.333 3.040 4.580 3.027 1.023 2.549 2.084 0.354 0.631 0.401 1.229 0.000 0.000 1.366 0.000 0.858 0.000 1.362 0.000 0.000 1.699 3.913 3.583
