data/medianmodel_10-Nov-2020.asc
ncols	141
nrows	288
xllcorner	-120191.398
yllcorner	-301404.813
cellsize	2000.000
NODATA_value	-999.250
[rows 145 to 173 of 288, columns 0 to 64 of 141]
-999.250 -999.250 -999.250 -999.250 -999.250 -999.250 -999.250 -999.250 -999.250 -999.250 -999.250 -999.250 -999.250 -999.250 -999.250 -999.250 -999.250 230.948 228.282 229.675 224.331 241.555 239.924 246.346 218.124 234.996 226.653 252.613 279.832 310.468 301.021 311.414 333.953 321.339 332.754 327.645 344.423 337.887 344.007 330.156 309.616 307.443 282.687 282.927 283.302 266.000 242.142 246.484 244.609 258.575 276.713 290.321 319.575 338.556 357.352 380.622 371.466 368.279 385.998 346.070 329.586 290.643 272.698 251.615 211.957
-999.250 -999.250 -999.250 -999.250 -999.250 -999.250 -999.250 -999.250 -999.250 -999.250 -999.250 -999.250 -999.250 -999.250 -999.250 229.605 230.782 226.881 218.478 234.536 235.267 230.111 250.218 263.798 234.985 246.269 242.930 271.307 274.376 308.312 296.897 313.761 311.907 336.057 337.978 368.106 371.124 376.146 318.311 309.064 315.719 277.674 280.517 273.020 264.527 247.436 231.239 246.596 240.383 257.543 262.613 300.167 308.431 320.804 349.563 397.561 431.507 395.673 400.735 375.389 335.374 307.995 292.595 265.299 264.211
-999.250 -999.250 -999.250 -999.250 -999.250 -999.250 -999.250 -999.250 -999.250 -999.250 -999.250 -999.250 -999.250 -999.250 251.824 254.088 254.614 238.244 224.495 210.359 228.997 239.900 251.793 250.584 235.403 266.871 264.352 289.286 277.107 330.027 326.638 329.869 334.696 386.810 390.951 387.159 355.050 357.840 325.059 314.986 305.059 294.086 251.764 222.899 238.396 228.403 212.439 213.467 215.410 254.088 271.490 286.570 304.184 322.581 359.253 393.474 409.569 406.611 400.085 393.025 365.422 316.025 304.732 271.034 266.951
-999.250 -999.250 -999.250 -999.250 -999.250 -999.250 -999.250 -999.250 -999.250 -999.250 -999.250 -999.250 -999.250 -999.250 233.221 254.391 250.718 239.313 252.865 228.178 225.612 242.850 246.488 248.606 267.928 281.454 274.264 308.470 312.661 340.931 340.827 366.266 381.985 367.348 386.033 423.826 370.206 343.509 333.739 316.866 289.440 292.723 256.695 235.506 213.890 199.462 194.285 160.836 213.864 227.548 254.720 285.436 325.796 362.739 352.626 395.738 355.018 410.299 417.242 398.784 383.262 370.830 314.753 312.264 277.185
-999.250 -999.250 -999.250 -999.250 -999.250 -999.250 -999.250 -999.250 -999.250 -999.250 -999.250 -999.250 -999.250 219.394 233.482 222.005 243.880 237.169 255.768 242.518 242.803 267.275 247.969 275.624 283.687 287.742 309.016 318.679 320.421 337.371 350.801 397.734 417.814 416.247 395.996 400.351 379.546 348.865 335.564 308.162 294.807 286.821 258.470 231.934 212.920 206.218 200.362 201.328 213.313 246.323 281.232 299.071 310.583 354.858 347.928 378.417 429.476 406.049 401.065 391.012 355.272 367.722 345.823 326.200 301.564
-999.250 -999.250 -999.250 -999.250 -999.250 -999.250 -999.250 -999.250 -999.250 -999.250 -999.250 -999.250 230.156 228.704 236.213 228.172 230.359 225.731 227.648 267.260 264.758 261.100 272.032 303.282 291.384 296.895 293.984 313.635 320.306 374.393 378.318 407.644 401.995 417.997 427.709 429.237 396.668 361.682 334.901 317.889 305.507 280.920 252.349 211.177 195.123 186.068 194.625 212.696 241.770 267.251 299.962 305.664 343.427 369.099 363.322 375.173 424.958 421.968 438.047 420.286 352.560 341.672 356.936 348.939 310.489
-999.250 -999.250 -999.250 -999.250 -999.250 -999.250 -999.250 -999.250 -999.250 -999.250 -999.250 234.157 200.820 217.446 230.773 228.795 225.645 215.463 222.709 242.451 268.261 277.631 275.087 277.511 271.485 301.104 307.607 333.998 350.977 379.154 406.028 413.653 440.536 431.921 415.222 401.045 407.003 366.565 374.277 310.080 288.195 275.151 250.449 204.837 190.645 149.841 197.241 224.476 241.745 261.960 281.307 307.443 350.557 344.228 367.797 379.912 384.673 412.258 442.799 406.634 380.928 379.702 331.615 354.730 332.553
-999.250 -999.250 -999.250 -999.250 -999.250 -999.250 -999.250 -999.250 -999.250 -999.250 189.420 220.230 205.634 209.078 211.675 209.728 194.507 199.358 226.412 256.044 257.584 253.208 256.617 293.421 266.060 308.935 324.474 377.756 370.371 413.221 434.977 424.018 436.329 448.758 449.081 429.514 422.069 411.667 403.317 336.632 291.703 277.077 262.799 213.339 201.036 197.698 211.322 216.606 274.930 273.091 290.742 318.269 339.645 348.586 392.861 401.609 361.891 393.923 406.296 384.927 389.039 391.200 380.528 344.021 351.075
-999.250 -999.250 -999.250 -999.250 -999.250 -999.250 -999.250 -999.250 -999.250 191.686 188.280 196.603 178.526 194.698 175.418 168.776 187.567 187.343 201.022 213.823 236.900 238.598 263.209 257.507 279.910 295.033 311.708 366.005 387.190 376.344 430.129 428.642 420.283 423.731 434.601 455.963 414.101 433.208 370.157 314.981 298.918 261.710 250.102 213.104 207.438 212.074 235.885 243.004 257.630 279.554 294.593 334.433 340.090 360.007 387.068 361.833 353.916 387.174 377.355 378.633 393.719 388.295 406.999 360.505 368.309
-999.250 -999.250 -999.250 -999.250 -999.250 158.668 143.391 157.233 168.420 169.867 180.047 203.581 186.039 199.494 186.106 181.884 181.748 189.657 206.708 207.781 234.428 235.837 250.123 249.459 250.726 290.363 318.137 349.437 354.920 379.922 424.800 409.674 412.445 412.899 423.732 421.677 408.295 379.932 328.232 305.959 298.438 273.389 253.979 217.020 221.682 232.231 260.955 256.698 287.142 298.259 301.103 346.211 379.737 368.869 363.945 342.490 391.161 356.251 374.807 386.122 407.340 397.046 390.593 365.620 353.170
-999.250 -999.250 -999.250 -999.250 -999.250 -999.250 -999.250 157.806 168.625 171.144 175.866 188.024 173.767 172.535 175.284 166.198 177.429 184.207 217.816 208.883 225.702 245.294 262.686 265.860 248.703 240.444 291.805 320.226 387.555 412.549 390.110 411.550 419.480 368.340 396.251 402.770 399.719 372.708 323.523 297.598 280.468 243.485 232.258 216.368 226.173 227.738 273.635 288.376 296.059 293.775 299.737 342.487 349.895 365.329 363.927 393.762 349.401 373.758 396.458 400.500 377.954 396.893 349.022 367.798 403.512
-999.250 -999.250 -999.250 -999.250 -999.250 -999.250 -999.250 179.295 186.525 177.888 185.516 179.996 172.359 165.772 163.558 164.475 177.803 183.020 192.442 200.743 217.299 232.734 286.080 268.189 268.709 272.292 302.946 332.042 368.894 411.179 389.281 417.167 408.239 451.550 451.874 400.728 390.670 365.058 312.658 281.725 250.770 215.712 216.405 214.226 219.669 243.482 267.810 288.518 300.514 316.429 354.775 324.344 368.308 352.972 349.646 390.370 368.894 348.925 366.241 371.444 401.175 394.519 384.061 391.835 396.678
-999.250 -999.250 -999.250 -999.250 -999.250 -999.250 -999.250 202.833 192.445 196.702 206.791 175.762 167.727 160.260 149.215 145.041 146.371 169.517 196.736 211.570 218.075 246.668 285.232 277.254 284.435 283.692 314.972 314.094 381.722 369.540 401.277 429.326 457.480 468.436 442.419 390.917 405.125 361.247 323.670 277.267 226.065 205.840 181.834 187.422 213.426 226.168 267.670 285.092 268.773 309.365 311.132 330.311 338.767 353.889 375.943 375.063 361.066 389.538 377.950 368.914 387.095 392.905 403.582 404.323 419.864
-999.250 -999.250 -999.250 -999.250 -999.250 -999.250 -999.250 216.865 195.794 192.805 209.157 192.549 181.194 156.980 143.664 120.159 130.819 147.997 175.658 198.779 226.465 226.911 259.654 272.771 294.147 307.761 341.437 342.562 365.935 386.665 378.585 409.393 467.995 465.606 476.393 420.429 414.725 369.910 306.217 264.001 191.826 157.779 150.928 166.190 178.109 221.269 251.885 271.028 278.513 292.028 315.235 359.875 357.996 361.486 356.364 360.308 331.107 353.762 349.711 357.217 356.183 436.512 410.968 447.945 409.644
-999.250 -999.250 -999.250 -999.250 -999.250 -999.250 -999.250 -999.250 215.110 205.867 206.657 192.238 165.028 149.863 114.715 103.943 125.398 164.025 179.982 217.877 221.950 237.350 257.579 264.547 305.419 307.915 348.247 351.935 349.390 360.435 417.657 458.184 454.855 477.283 471.606 440.042 429.716 394.185 305.819 245.183 159.634 108.935 133.442 155.602 188.858 199.092 219.394 244.829 289.463 289.039 323.851 331.158 325.908 331.442 333.676 351.779 392.686 350.800 381.597 333.986 349.513 356.233 381.338 414.499 390.587
-999.250 -999.250 -999.250 -999.250 -999.250 -999.250 -999.250 -999.250 225.067 204.989 214.426 200.676 175.295 153.551 106.146 55.741 118.830 179.556 200.548 217.448 243.014 249.620 274.190 287.443 323.385 341.550 342.411 370.547 376.597 373.642 406.752 438.085 447.943 489.586 476.989 474.145 463.815 428.851 331.830 252.426 147.681 42.499 88.209 136.867 178.311 185.856 223.654 259.509 251.609 289.400 298.031 312.274 319.980 333.012 341.360 364.523 351.863 345.260 362.602 346.663 351.871 369.335 371.058 342.689 369.974
-999.250 -999.250 -999.250 -999.250 -999.250 -999.250 -999.250 236.053 230.483 210.287 219.688 212.472 191.149 155.733 128.984 112.960 146.609 179.009 204.943 230.797 246.018 263.282 278.986 288.275 337.283 359.304 342.335 372.133 375.571 389.394 374.113 455.475 463.733 472.428 488.144 490.392 529.423 444.252 331.872 241.580 188.912 113.164 116.018 141.460 179.743 185.358 219.415 236.448 268.566 271.366 296.875 335.734 317.123 312.186 322.601 327.015 360.222 367.841 341.899 338.701 332.025 320.816 349.623 326.453 356.090
-999.250 -999.250 -999.250 -999.250 -999.250 -999.250 -999.250 233.914 231.293 239.626 222.517 226.592 187.979 166.231 152.889 160.780 190.400 195.886 221.693 236.817 234.038 275.562 289.987 315.999 343.056 361.614 375.696 373.877 401.374 416.125 394.035 434.473 447.110 436.211 473.892 519.169 499.159 412.396 348.841 270.292 211.047 186.327 166.252 176.814 200.747 213.959 245.780 266.328 264.584 289.352 289.173 329.537 305.273 323.623 305.248 344.011 357.315 338.311 342.109 314.045 330.074 341.516 307.264 330.787 310.779
-999.250 -999.250 -999.250 -999.250 -999.250 -999.250 -999.250 245.306 230.836 231.697 233.716 226.414 198.028 189.277 192.410 187.034 203.211 220.433 239.605 262.436 281.072 299.221 315.480 333.456 321.362 340.167 350.868 384.702 426.437 408.597 390.010 426.349 401.904 429.339 479.740 511.225 433.560 424.042 359.265 300.797 259.370 220.279 213.341 243.349 240.915 255.581 261.833 282.560 279.376 280.119 311.442 307.336 318.958 322.829 339.628 350.846 342.904 364.091 332.737 320.981 316.891 307.126 312.321 294.847 304.676
-999.250 -999.250 -999.250 -999.250 -999.250 -999.250 -999.250 244.456 250.520 231.711 240.323 212.728 219.351 207.490 211.035 216.579 233.967 242.678 272.909 291.151 303.151 301.476 325.620 337.044 336.524 353.599 369.983 401.638 428.927 390.340 424.589 379.412 401.387 436.349 458.828 464.035 454.197 426.501 391.408 326.843 292.808 282.296 254.181 271.228 266.947 280.109 271.633 304.530 310.449 326.508 327.668 351.497 347.523 363.564 323.657 330.288 307.927 326.101 313.241 338.074 319.974 294.897 293.381 287.821 307.077
-999.250 -999.250 -999.250 -999.250 -999.250 -999.250 282.357 259.300 253.968 251.243 228.245 241.855 210.780 213.033 223.481 225.734 242.903 275.554 298.184 298.529 317.711 350.253 344.316 352.552 331.327 393.809 395.466 400.583 393.600 384.303 392.837 348.111 380.249 391.284 440.448 431.059 457.682 447.999 427.576 382.221 354.313 296.640 306.346 302.822 298.958 299.755 348.035 312.301 306.896 335.507 366.442 371.373 397.036 371.030 335.459 317.103 314.090 303.348 331.461 313.062 292.624 288.176 297.983 258.307 265.223
-999.250 -999.250 -999.250 -999.250 -999.250 -999.250 293.828 271.342 247.231 248.945 227.644 238.195 229.917 235.441 242.328 241.963 260.196 291.059 328.589 318.902 362.404 353.416 386.467 368.904 385.101 408.663 407.727 420.077 404.049 410.632 383.811 382.123 381.785 383.753 406.380 430.643 421.594 449.351 422.382 408.985 361.856 344.158 341.193 340.149 381.825 355.212 358.421 371.031 367.950 346.809 375.731 410.057 383.962 342.789 340.321 319.955 341.026 327.534 343.460 300.644 295.810 283.256 265.401 275.124 245.694
-999.250 -999.250 -999.250 -999.250 -999.250 272.186 295.389 246.474 262.334 248.787 227.799 233.965 232.391 234.296 254.432 266.091 297.534 296.298 317.655 328.423 367.284 393.254 405.418 432.721 458.324 437.905 453.505 422.610 423.247 397.229 390.367 394.423 378.731 366.595 388.277 410.655 412.620 434.979 422.901 409.785 367.453 392.152 398.489 408.077 386.862 410.577 388.160 402.186 352.653 353.703 386.296 397.144 396.195 341.027 372.351 338.910 350.431 361.342 336.797 355.855 292.288 306.115 273.337 268.248 239.334
-999.250 -999.250 -999.250 -999.250 -999.250 285.825 299.246 285.405 275.183 251.719 259.174 227.938 248.650 252.601 276.246 280.345 299.962 301.928 318.117 329.830 346.215 403.154 450.295 437.568 433.103 466.091 439.902 425.310 420.530 428.335 373.872 368.059 410.940 410.392 398.435 397.298 387.796 411.687 463.135 419.487 394.001 413.665 432.468 448.503 446.817 414.487 424.708 413.839 361.732 403.272 429.980 434.801 423.952 411.634 362.731 374.311 355.298 360.116 342.944 385.167 308.018 292.778 279.177 264.378 259.967
-999.250 -999.250 -999.250 -999.250 325.493 318.381 302.506 298.500 275.264 282.672 291.105 280.402 264.188 268.930 299.048 300.424 298.129 330.827 321.470 330.734 348.918 403.793 420.393 422.534 471.878 456.917 457.915 406.496 438.947 443.738 423.446 404.752 434.488 393.600 423.678 429.438 435.638 467.021 460.431 457.339 437.827 435.502 431.313 462.417 474.537 451.421 440.766 421.240 433.047 410.032 426.108 479.590 468.852 428.259 424.574 426.962 392.916 396.995 372.315 346.713 305.243 310.895 274.647 263.915 247.298
-999.250 -999.250 -999.250 -999.250 361.444 315.150 311.920 327.443 312.407 327.939 303.667 286.949 285.713 299.405 300.217 308.543 303.650 320.743 372.787 356.486 394.472 398.615 413.148 454.971 467.853 439.477 438.903 399.772 447.291 459.349 431.713 436.652 450.557 436.987 453.710 444.286 470.658 439.794 433.105 451.505 492.695 455.027 507.752 487.414 535.204 474.129 471.644 448.118 445.240 475.519 438.450 452.108 456.515 426.013 435.838 429.911 405.568 391.666 388.385 346.959 302.510 326.753 273.963 274.119 244.858
-999.250 -999.250 -999.250 -999.250 381.909 334.195 338.395 361.007 330.525 334.576 348.332 314.938 303.325 314.201 316.572 322.813 312.362 320.668 354.296 340.007 383.761 403.542 436.461 419.736 458.917 431.430 406.409 465.432 461.697 470.506 452.182 428.788 461.783 457.120 451.192 449.267 488.887 456.570 488.118 479.751 533.899 503.672 567.645 529.991 545.508 577.937 558.335 469.349 541.435 540.557 512.188 525.771 501.948 448.066 431.749 428.041 414.210 364.599 368.685 332.953 335.856 299.279 272.125 291.013 253.034
-999.250 -999.250 -999.250 -999.250 402.618 411.739 380.175 388.416 370.658 382.234 372.803 337.335 321.939 324.541 330.066 357.699 331.478 331.999 341.517 352.389 366.282 394.847 439.834 412.997 432.938 418.037 453.123 473.880 487.050 450.934 438.541 471.787 474.838 481.887 468.576 478.986 474.456 456.904 442.639 516.044 544.592 538.427 568.309 623.171 571.637 589.366 609.298 527.427 513.700 593.016 625.706 525.864 482.588 531.875 448.545 444.139 417.179 404.067 378.344 336.268 334.869 317.475 289.263 296.688 270.507
-999.250 -999.250 -999.250 -999.250 407.885 395.006 391.937 402.551 431.139 396.920 414.671 383.991 347.016 364.269 343.071 374.204 356.774 361.807 339.532 335.204 373.269 408.670 406.325 445.390 409.309 458.100 446.333 496.609 471.968 444.224 453.735 465.588 465.845 469.135 448.135 487.498 495.398 483.132 498.274 547.605 508.589 541.782 619.169 640.400 595.055 681.949 633.989 643.895 608.459 641.763 612.587 561.174 545.597 498.783 465.482 461.055 445.436 437.888 410.399 354.966 351.588 318.605 301.280 294.905 261.091
