data/medianmodel_20-Feb-2021.asc
ncols	141
nrows	288
xllcorner	-120191.398
yllcorner	-301404.813
cellsize	2000.000
NODATA_value	-999.250
[rows 0 to 28 of 288, columns 65 to 129 of 141]
-999.250 -999.250 -999.250 -999.250 -999.250 -999.250 -999.250 -999.250 -999.250 -999.250 -999.250 -999.250 -999.250 -999.250 -999.250 -999.250 -999.250 -999.250 -999.250 -999.250 -999.250 -999.250 -999.250 -999.250 -999.250 -999.250 -999.250 -999.250 -999.250 -999.250 -999.250 -999.250 -999.250 -999.250 -999.250 -999.250 -999.250 -999.250 -999.250 -999.250 -999.250 -999.250 -999.250 -999.250 -999.250 -999.250 -999.250 -999.250 -999.250 -999.250 -999.250 -999.250 -999.250 -999.250 -999.250 -999.250 -999.250 -999.250 -999.250 -999.250 -999.250 -999.250 -999.250 -999.250 -999.250
-999.250 -999.250 -999.250 -999.250 -999.250 -999.250 -999.250 -999.250 -999.250 -999.250 -999.250 -999.250 -999.250 -999.250 -999.250 -999.250 -999.250 -999.250 -999.250 -999.250 -999.250 -999.250 -999.250 -999.250 -999.250 -999.250 -999.250 -999.250 -999.250 -999.250 -999.250 -999.250 -999.250 -999.250 -999.250 -999.250 -999.250 -999.250 -999.250 -999.250 -999.250 -999.250 -999.250 -999.250 -999.250 -999.250 -999.250 -999.250 -999.250 -999.250 -999.250 -999.250 -999.250 -999.250 -999.250 -999.250 -999.250 -999.250 -999.250 -999.250 -999.250 -999.250 -999.250 -999.250 -999.250
-999.250 -999.250 -999.250 -999.250 -999.250 -999.250 -999.250 -999.250 -999.250 -999.250 -999.250 -999.250 -999.250 -999.250 -999.250 -999.250 -999.250 -999.250 -999.250 -999.250 -999.250 -999.250 -999.250 -999.250 -999.250 -999.250 -999.250 -999.250 -999.250 -999.250 -999.250 -999.250 -999.250 -999.250 -999.250 -999.250 -999.250 -999.250 -999.250 -999.250 -999.250 -999.250 -999.250 -999.250 -999.250 -999.250 -999.250 -999.250 -999.250 -999.250 -999.250 -999.250 -999.250 -999.250 -999.250 -999.250 -999.250 -999.250 -999.250 -999.250 -999.250 -999.250 -999.250 -999.250 -999.250
-999.250 -999.250 -999.250 -999.250 -999.250 -999.250 -999.250 -999.250 -999.250 -999.250 -999.250 -999.250 -999.250 -999.250 -999.250 -999.250 -999.250 -999.250 -999.250 -999.250 -999.250 -999.250 -999.250 -999.250 -999.250 -999.250 -999.250 -999.250 -999.250 -999.250 -999.250 -999.250 -999.250 -999.250 -999.250 -999.250 -999.250 -999.250 -999.250 -999.250 -999.250 -999.250 -999.250 -999.250 -999.250 -999.250 -999.250 -999.250 -999.250 -999.250 -999.250 -999.250 -999.250 -999.250 -999.250 -999.250 -999.250 -999.250 -999.250 -999.250 -999.250 -999.250 -999.250 -999.250 -999.250
-999.250 -999.250 -999.250 -999.250 -999.250 -999.250 -999.250 -999.250 -999.250 -999.250 -999.250 -999.250 -999.250 -999.250 -999.250 -999.250 -999.250 -999.250 -999.250 -999.250 -999.250 -999.250 -999.250 -999.250 -999.250 -999.250 -999.250 -999.250 -999.250 -999.250 -999.250 -999.250 -999.250 -999.250 -999.250 -999.250 -999.250 -999.250 -999.250 -999.250 -999.250 -999.250 -999.250 -999.250 -999.250 -999.250 -999.250 -999.250 -999.250 -999.250 -999.250 -999.250 -999.250 -999.250 -999.250 -999.250 -999.250 -999.250 -999.250 -999.250 -999.250 -999.250 -999.250 -999.250 -999.250
-999.250 -999.250 -999.250 -999.250 -999.250 -999.250 -999.250 -999.250 -999.250 -999.250 -999.250 -999.250 -999.250 -999.250 -999.250 -999.250 -999.250 -999.250 -999.250 -999.250 -999.250 -999.250 -999.250 -999.250 -999.250 -999.250 -999.250 -999.250 -999.250 -999.250 -999.250 -999.250 -999.250 -999.250 -999.250 -999.250 -999.250 -999.250 -999.250 -999.250 -999.250 -999.250 -999.250 -999.250 -999.250 -999.250 -999.250 -999.250 -999.250 -999.250 -999.250 -999.250 -999.250 -999.250 -999.250 -999.250 -999.250 -999.250 -999.250 -999.250 -999.250 -999.250 -999.250 -999.250 -999.250
-999.250 -999.250 -999.250 -999.250 -999.250 -999.250 -999.250 -999.250 -999.250 -999.250 -999.250 -999.250 -999.250 -999.250 -999.250 -999.250 -999.250 -999.250 -999.250 -999.250 -999.250 -999.250 -999.250 -999.250 -999.250 -999.250 -999.250 -999.250 -999.250 -999.250 -999.250 -999.250 -999.250 -999.250 -999.250 -999.250 -999.250 -999.250 -999.250 -999.250 -999.250 -999.250 -999.250 -999.250 -999.250 -999.250 -999.250 -999.250 -999.250 -999.250 -999.250 -999.250 -999.250 -999.250 -999.250 -999.250 -999.250 -999.250 -999.250 -999.250 -999.250 -999.250 -999.250 -999.250 -999.250
-999.250 -999.250 -999.250 -999.250 -999.250 -999.250 -999.250 -999.250 -999.250 -999.250 -999.250 -999.250 -999.250 -999.250 -999.250 -999.250 -999.250 -999.250 -999.250 -999.250 -999.250 -999.250 -999.250 -999.250 -999.250 -999.250 -999.250 -999.250 -999.250 -999.250 -999.250 -999.250 -999.250 -999.250 -999.250 -999.250 -999.250 -999.250 -999.250 -999.250 -999.250 -999.250 -999.250 -999.250 -999.250 -999.250 -999.250 -999.250 -999.250 -999.250 -999.250 -999.250 -999.250 -999.250 -999.250 -999.250 -999.250 -999.250 -999.250 -999.250 -999.250 -999.250 -999.250 -999.250 -999.250
-999.250 -999.250 -999.250 -999.250 -999.250 -999.250 -999.250 -999.250 -999.250 -999.250 -999.250 -999.250 -999.250 -999.250 -999.250 -999.250 -999.250 -999.250 -999.250 -999.250 -999.250 -999.250 -999.250 -999.250 -999.250 -999.250 -999.250 -999.250 -999.250 -999.250 -999.250 -999.250 -999.250 -999.250 -999.250 -999.250 -999.250 -999.250 -999.250 -999.250 -999.250 -999.250 -999.250 -999.250 -999.250 -999.250 -999.250 -999.250 -999.250 150.339 -999.250 -999.250 -999.250 -999.250 -999.250 -999.250 -999.250 -999.250 -999.250 -999.250 -999.250 -999.250 -999.250 -999.250 -999.250
-999.250 -999.250 -999.250 -999.250 -999.250 -999.250 -999.250 -999.250 -999.250 -999.250 -999.250 -999.250 -999.250 -999.250 -999.250 -999.250 -999.250 -999.250 -999.250 -999.250 -999.250 -999.250 -999.250 -999.250 -999.250 -999.250 -999.250 -999.250 -999.250 -999.250 -999.250 -999.250 -999.250 -999.250 28.836 27.893 30.674 38.591 -999.250 -999.250 -999.250 -999.250 97.764 -999.250 -999.250 -999.250 -999.250 -999.250 -999.250 151.640 160.434 -999.250 -999.250 -999.250 -999.250 -999.250 -999.250 -999.250 -999.250 -999.250 -999.250 -999.250 -999.250 -999.250 -999.250
-999.250 -999.250 -999.250 -999.250 -999.250 -999.250 -999.250 -999.250 -999.250 -999.250 -999.250 -999.250 -999.250 -999.250 -999.250 -999.250 -999.250 -999.250 -999.250 -999.250 -999.250 -999.250 -999.250 -999.250 -999.250 -999.250 -999.250 -999.250 -999.250 -999.250 -999.250 -999.250 -999.250 -999.250 27.334 26.955 29.551 34.871 -999.250 -999.250 -999.250 76.572 80.916 98.868 -999.250 -999.250 -999.250 -999.250 -999.250 152.368 164.587 165.635 -999.250 -999.250 -999.250 -999.250 -999.250 -999.250 205.316 210.045 -999.250 -999.250 -999.250 -999.250 -999.250
-999.250 -999.250 -999.250 -999.250 -999.250 -999.250 -999.250 -999.250 -999.250 -999.250 -999.250 -999.250 -999.250 -999.250 -999.250 -999.250 -999.250 -999.250 -999.250 -999.250 -999.250 -999.250 -999.250 -999.250 -999.250 -999.250 -999.250 -999.250 -999.250 -999.250 -999.250 -999.250 -999.250 -999.250 25.891 30.579 31.329 34.829 35.980 50.514 59.219 71.625 76.522 91.951 101.768 109.514 128.394 133.992 144.321 155.127 176.541 182.807 187.472 195.016 213.009 196.129 216.976 205.058 206.030 200.591 -999.250 -999.250 -999.250 -999.250 -999.250
-999.250 -999.250 -999.250 -999.250 159.892 -999.250 -999.250 -999.250 -999.250 -999.250 -999.250 -999.250 -999.250 -999.250 -999.250 -999.250 -999.250 -999.250 -999.250 -999.250 -999.250 -999.250 -999.250 -999.250 -999.250 -999.250 -999.250 -999.250 -999.250 -999.250 -999.250 -999.250 -999.250 -999.250 25.439 28.757 31.208 30.387 37.449 50.763 61.046 66.803 72.779 90.855 103.977 119.073 129.248 142.960 156.538 170.267 178.791 187.338 185.936 195.969 201.346 207.560 223.638 218.151 221.244 217.647 -999.250 -999.250 -999.250 -999.250 -999.250
-999.250 -999.250 -999.250 -999.250 163.485 -999.250 -999.250 -999.250 -999.250 -999.250 -999.250 -999.250 216.309 -999.250 -999.250 -999.250 -999.250 -999.250 -999.250 -999.250 -999.250 -999.250 -999.250 -999.250 -999.250 -999.250 -999.250 -999.250 -999.250 -999.250 -999.250 -999.250 -999.250 -999.250 30.452 33.728 30.273 35.838 46.538 45.401 59.576 66.892 78.219 93.232 106.718 117.068 133.081 144.221 158.557 168.904 189.456 185.663 206.120 204.420 215.236 220.384 224.785 231.296 227.597 215.976 -999.250 -999.250 -999.250 -999.250 -999.250
-999.250 -999.250 -999.250 -999.250 141.780 -999.250 -999.250 -999.250 -999.250 198.348 196.552 210.990 245.613 244.629 -999.250 -999.250 -999.250 -999.250 -999.250 -999.250 -999.250 -999.250 -999.250 -999.250 -999.250 -999.250 -999.250 -999.250 -999.250 -999.250 -999.250 -999.250 -999.250 -999.250 26.187 30.780 35.948 35.320 46.816 49.773 61.258 64.364 76.977 92.786 98.520 124.094 138.027 149.734 163.325 175.848 178.049 193.076 211.007 201.066 216.817 223.079 219.945 242.964 238.626 243.067 228.869 -999.250 -999.250 -999.250 -999.250
-999.250 145.425 134.754 131.109 135.184 -999.250 -999.250 156.536 169.075 199.681 225.105 243.154 264.904 276.212 267.458 267.785 269.686 -999.250 -999.250 -999.250 -999.250 -999.250 -999.250 -999.250 -999.250 -999.250 -999.250 -999.250 -999.250 -999.250 -999.250 39.242 35.834 30.416 27.751 28.569 34.514 38.340 42.869 51.497 58.616 61.737 70.754 91.332 113.070 130.177 141.044 153.978 165.700 179.742 197.239 215.766 216.666 215.146 217.388 229.879 234.897 242.513 246.959 234.936 221.288 -999.250 -999.250 -999.250 -999.250
140.692 136.921 135.296 123.822 128.114 -999.250 138.351 161.163 189.312 224.457 244.311 278.685 299.318 302.525 310.002 316.597 -999.250 -999.250 -999.250 -999.250 -999.250 193.638 159.353 -999.250 -999.250 -999.250 78.268 -999.250 -999.250 59.705 50.403 40.586 29.838 29.291 33.477 31.813 33.234 38.493 40.303 45.528 57.749 66.376 83.494 102.275 120.267 128.374 143.925 157.628 173.505 184.867 208.002 217.974 223.815 226.178 220.370 224.844 229.437 222.412 232.806 237.274 228.007 -999.250 -999.250 -999.250 -999.250
142.405 123.874 118.241 125.897 117.622 122.952 137.841 159.542 177.605 236.463 269.751 300.592 364.693 346.646 365.955 350.051 -999.250 -999.250 274.960 253.757 227.920 204.915 170.155 149.720 -999.250 110.764 83.904 71.337 64.303 60.640 50.703 39.862 38.709 34.519 33.691 32.211 37.625 39.202 44.074 52.213 53.714 64.549 74.439 96.722 115.367 126.828 147.228 163.154 181.720 198.105 208.951 216.931 223.168 237.436 229.568 231.701 229.653 221.049 234.998 232.637 253.966 -999.250 -999.250 -999.250 -999.250
140.387 121.371 115.148 108.515 109.957 120.066 131.323 156.790 197.198 254.499 312.690 368.712 404.662 389.818 411.817 412.089 366.424 355.592 318.134 292.023 254.203 208.370 166.793 147.643 121.339 106.603 98.760 76.403 70.671 65.717 57.756 45.425 40.488 38.892 36.933 39.183 42.508 47.240 51.654 51.280 62.277 68.445 80.616 108.394 122.951 139.038 155.406 171.135 188.743 187.570 217.859 224.627 224.440 227.700 230.875 234.551 236.902 234.511 231.487 237.156 242.388 -999.250 -999.250 -999.250 -999.250
144.506 128.991 121.829 115.845 110.742 100.755 123.852 165.407 216.047 271.369 340.766 410.899 434.568 453.811 451.471 451.338 442.970 396.090 369.285 349.097 292.048 218.981 171.582 149.100 128.691 111.013 101.334 86.145 83.341 69.786 63.603 47.504 45.881 39.406 40.333 44.492 45.953 50.027 53.487 64.635 65.439 70.109 87.721 117.309 128.296 138.969 155.538 181.221 188.622 210.531 216.401 212.261 215.041 229.081 222.384 234.475 235.909 230.876 236.986 250.645 227.004 -999.250 -999.250 -999.250 -999.250
157.521 149.255 131.546 119.728 106.393 98.222 108.843 169.921 228.116 319.343 390.928 432.124 490.363 518.391 496.471 484.758 467.840 448.280 400.974 363.703 315.530 241.322 175.555 142.770 128.819 114.326 109.713 85.310 84.735 69.715 58.072 52.908 44.099 49.040 50.038 51.380 49.781 51.985 60.386 63.727 72.277 91.512 94.757 113.330 134.933 148.293 153.965 172.961 194.515 200.162 209.757 209.417 215.275 224.539 230.016 233.727 246.268 239.680 233.835 248.161 -999.250 -999.250 -999.250 -999.250 -999.250
156.813 150.313 146.849 136.028 125.284 100.208 77.804 183.285 266.008 360.925 426.168 502.836 535.032 580.162 596.833 568.349 497.467 453.102 428.029 392.820 328.296 243.771 170.297 153.880 143.161 124.292 108.799 90.635 75.999 70.426 63.523 59.877 57.289 56.556 60.370 58.575 61.861 67.562 62.029 67.888 72.400 90.009 111.164 120.115 139.792 151.602 161.460 176.102 188.995 200.635 214.092 208.043 223.065 220.174 227.071 235.422 241.006 238.302 239.429 244.762 -999.250 -999.250 -999.250 -999.250 -999.250
174.137 162.447 161.000 167.667 157.706 148.394 169.702 245.198 333.365 412.819 506.446 553.483 656.682 703.803 663.585 656.650 576.487 517.511 467.298 406.692 348.639 263.441 214.732 168.731 150.909 131.108 116.282 104.923 77.445 67.026 65.229 63.297 60.033 61.233 63.948 65.623 72.943 75.432 77.835 81.313 84.647 89.003 110.053 128.470 150.409 156.194 158.232 174.836 198.450 207.575 202.675 217.443 220.410 216.971 224.686 228.584 245.752 241.876 240.616 233.849 -999.250 -999.250 -999.250 -999.250 -999.250
183.862 192.991 194.533 213.147 221.429 211.590 249.658 304.468 392.581 469.901 540.358 641.269 735.159 804.978 833.077 764.308 560.738 526.951 468.643 432.543 360.904 289.945 236.179 192.588 163.278 139.403 123.853 103.397 75.088 70.150 69.034 61.986 73.119 73.678 79.269 74.580 92.345 100.431 94.608 92.870 98.437 110.559 115.269 128.947 134.469 160.199 162.811 178.568 196.400 196.310 207.219 216.804 220.343 211.679 224.005 239.550 242.523 237.102 240.027 246.458 -999.250 -999.250 -999.250 -999.250 -999.250
192.352 213.117 239.480 245.423 246.367 268.588 312.895 379.253 429.591 495.722 593.561 655.119 779.373 850.368 1020.408 822.090 699.778 555.917 510.417 448.991 390.585 327.115 265.432 222.854 174.596 150.365 128.397 112.583 98.350 86.503 74.343 81.461 93.084 82.722 94.054 96.765 93.155 101.690 115.364 108.311 99.626 107.031 127.798 128.752 144.603 151.758 162.337 180.110 186.013 195.350 200.703 213.860 217.595 219.677 227.165 240.604 241.258 234.387 235.408 247.004 -999.250 -999.250 -999.250 -999.250 -999.250
211.745 211.854 238.201 255.260 278.610 320.271 357.822 415.891 472.762 555.756 669.886 774.349 776.400 886.240 864.292 861.669 791.564 592.977 493.875 444.569 396.245 354.072 282.118 221.433 181.459 161.217 143.342 119.493 95.257 88.031 86.602 89.956 89.787 104.796 112.215 114.562 113.573 110.435 128.407 122.055 115.338 124.000 127.022 138.094 138.880 151.618 160.971 170.875 178.436 188.971 211.009 215.187 219.399 224.783 218.014 244.835 224.454 226.549 244.613 253.081 256.428 -999.250 -999.250 -999.250 -999.250
215.603 227.989 249.089 267.547 300.895 331.222 385.682 435.777 480.235 532.635 605.427 688.256 771.857 813.348 857.593 853.092 693.417 551.611 495.075 446.134 393.302 332.646 278.473 241.906 209.589 179.459 147.610 128.797 104.902 99.353 93.732 102.797 111.142 117.572 129.808 129.830 126.093 129.542 139.935 140.282 135.561 136.528 135.894 138.413 147.312 148.119 160.041 169.114 182.875 189.301 200.425 222.689 210.673 216.368 216.068 222.927 227.572 226.445 233.144 244.131 250.047 242.787 -999.250 235.084 204.992
205.437 215.684 239.327 261.783 297.491 336.857 379.439 433.257 475.230 535.511 602.647 688.224 796.514 828.436 787.099 683.899 606.798 526.745 492.954 455.187 393.454 340.073 311.571 263.329 213.678 186.811 155.218 131.927 112.409 99.072 93.131 105.206 119.114 135.309 136.485 138.244 140.009 142.588 139.219 141.228 140.940 145.322 136.531 137.860 148.377 149.904 162.234 175.032 182.686 188.385 199.437 203.525 203.141 198.193 204.307 221.424 232.328 235.727 225.747 234.272 243.150 225.915 235.282 238.972 214.008
192.119 205.690 228.264 250.759 285.608 332.780 370.752 423.853 468.877 514.110 547.692 611.646 698.179 751.521 720.423 562.548 538.543 534.324 480.371 460.261 390.689 356.460 295.575 274.520 223.123 193.834 163.070 136.969 113.265 92.199 93.257 112.500 133.471 139.205 153.437 155.160 162.221 154.662 155.016 154.249 146.140 143.526 147.416 147.513 150.814 151.937 155.591 165.372 173.841 188.760 186.746 198.332 199.700 210.641 211.153 212.727 221.452 224.702 234.874 239.988 233.773 241.275 235.110 230.256 197.791
