data/medianmodel_25-Oct-2020.asc
ncols	141
nrows	288
xllcorner	-120191.398
yllcorner	-301404.813
cellsize	2000.000
NODATA_value	-999.250
[rows 90 to 119 of 288, columns 66 to 131 of 141]
97.531 97.932 102.207 102.069 115.561 113.988 118.124 112.725 105.017 108.339 119.459 115.757 111.450 113.229 107.876 118.525 121.095 113.899 100.602 105.897 97.312 120.524 148.810 190.149 212.028 246.782 310.459 388.397 449.586 458.761 533.447 491.277 443.389 489.447 397.350 432.634 383.245 312.305 242.436 237.830 207.646 205.058 179.756 175.820 198.535 179.388 181.412 195.044 180.979 190.646 -999.250 -999.250 -999.250 -999.250 -999.250 -999.250 -999.250 -999.250 -999.250 -999.250 -999.250 -999.250 -999.250 -999.250 -999.250 -999.250
93.101 84.065 81.838 90.246 94.848 98.114 101.186 112.222 104.201 99.266 106.439 115.766 106.401 107.980 107.105 102.389 106.540 96.443 84.260 80.449 93.178 118.334 178.607 195.654 264.492 326.421 429.250 395.129 412.832 495.640 492.871 496.302 499.761 415.190 373.581 410.241 352.180 288.188 258.231 220.708 198.875 207.733 189.579 188.775 195.056 185.081 197.915 190.886 189.194 -999.250 -999.250 -999.250 -999.250 -999.250 -999.250 -999.250 -999.250 -999.250 -999.250 -999.250 -999.250 -999.250 -999.250 -999.250 -999.250 -999.250
83.230 73.907 83.907 90.666 78.351 87.142 90.970 100.964 96.240 107.602 109.074 98.507 99.407 82.425 88.938 88.405 82.247 74.998 65.396 70.766 91.419 118.913 173.969 208.030 266.138 316.095 403.524 569.286 493.913 436.989 439.880 470.980 423.283 431.409 353.270 356.512 379.669 310.253 245.844 251.581 204.328 197.278 180.124 186.385 189.600 191.715 202.838 193.844 192.621 -999.250 -999.250 -999.250 -999.250 -999.250 -999.250 -999.250 -999.250 -999.250 -999.250 -999.250 -999.250 -999.250 -999.250 -999.250 -999.250 -999.250
87.365 68.312 64.011 62.960 71.664 71.446 76.779 86.363 84.412 108.677 101.790 91.725 90.504 81.937 70.332 65.474 57.373 53.632 45.166 57.739 83.914 121.444 161.052 213.628 281.067 366.879 462.754 512.088 504.504 496.219 491.667 469.684 454.366 338.459 348.318 337.355 373.940 289.417 253.078 234.088 213.381 197.232 197.543 198.386 194.594 196.981 205.048 211.055 -999.250 -999.250 -999.250 -999.250 -999.250 -999.250 -999.250 -999.250 -999.250 -999.250 -999.250 -999.250 -999.250 -999.250 -999.250 -999.250 -999.250 -999.250
73.004 53.932 58.104 60.121 60.221 71.733 80.252 80.917 84.486 89.366 76.347 81.577 71.850 64.288 61.759 50.444 41.789 35.398 22.359 35.535 72.524 123.134 161.255 223.170 313.352 413.297 467.788 548.471 505.458 521.769 506.778 552.981 457.593 370.282 359.569 320.425 299.907 279.392 241.318 241.340 218.440 209.871 213.500 217.571 189.935 206.720 190.817 189.860 -999.250 -999.250 -999.250 -999.250 -999.250 -999.250 -999.250 -999.250 -999.250 -999.250 -999.250 -999.250 -999.250 -999.250 -999.250 -999.250 -999.250 -999.250
63.584 52.987 53.654 53.838 59.770 55.399 71.713 75.619 78.220 77.684 78.652 73.255 64.508 56.810 48.959 44.916 33.861 10.192 0.000 0.000 53.941 130.010 186.049 273.791 385.768 461.822 519.801 630.973 616.588 654.983 580.549 589.885 508.312 414.508 353.797 300.576 295.369 294.887 232.700 224.079 198.703 197.185 205.539 205.992 194.985 196.273 213.370 184.649 -999.250 -999.250 -999.250 -999.250 -999.250 -999.250 -999.250 -999.250 -999.250 -999.250 -999.250 -999.250 -999.250 -999.250 -999.250 -999.250 -999.250 -999.250
58.831 53.409 47.780 46.988 54.153 55.312 66.118 71.179 64.657 72.651 63.260 60.173 56.771 53.971 44.161 34.206 21.300 5.894 0.000 13.283 69.246 136.621 205.388 299.126 403.393 573.202 651.852 719.309 711.462 670.258 661.301 543.942 501.876 386.600 357.824 320.873 273.332 231.691 198.567 187.691 188.571 179.375 199.244 193.085 206.446 194.145 192.343 219.647 179.875 -999.250 -999.250 -999.250 -999.250 -999.250 -999.250 -999.250 -999.250 -999.250 -999.250 -999.250 -999.250 -999.250 -999.250 -999.250 -999.250 -999.250
61.336 52.464 47.693 46.459 47.811 56.802 61.794 65.476 74.582 76.707 70.895 64.139 52.383 47.791 38.066 29.415 15.897 2.698 6.894 38.538 75.654 157.498 211.665 310.488 453.306 593.688 689.190 800.026 756.451 697.844 640.432 517.031 492.920 412.839 342.574 273.360 257.370 234.915 197.690 188.139 170.072 182.922 199.998 185.158 176.888 191.154 226.466 191.832 204.676 197.114 -999.250 -999.250 -999.250 -999.250 -999.250 -999.250 -999.250 -999.250 -999.250 -999.250 -999.250 -999.250 -999.250 -999.250 -999.250 -999.250
49.063 47.314 42.938 47.590 52.346 59.710 64.682 63.220 66.118 67.772 70.083 65.384 57.186 47.962 35.760 22.527 20.459 7.300 27.826 48.160 82.238 145.815 229.449 328.682 468.739 628.823 771.353 844.014 785.746 763.859 683.174 578.914 469.542 399.870 342.248 282.745 241.977 216.907 186.430 173.971 166.859 166.925 186.850 178.080 182.321 180.881 172.766 207.024 177.562 209.729 165.397 -999.250 -999.250 -999.250 -999.250 -999.250 -999.250 -999.250 -999.250 -999.250 -999.250 -999.250 -999.250 -999.250 -999.250 -999.250
46.002 43.253 44.893 53.846 46.527 53.785 57.134 65.074 62.788 67.725 65.452 65.470 48.522 45.491 38.122 30.360 22.744 19.645 35.662 66.692 114.999 174.209 239.621 333.391 465.679 624.333 699.475 759.670 764.420 685.054 667.961 566.262 471.891 465.228 329.789 259.517 217.332 203.290 179.499 164.599 153.288 158.580 186.555 165.679 189.171 173.440 184.136 197.068 220.370 184.816 -999.250 -999.250 -999.250 -999.250 -999.250 -999.250 -999.250 -999.250 -999.250 -999.250 -999.250 -999.250 -999.250 -999.250 -999.250 -999.250
41.506 39.673 46.000 44.130 51.180 54.126 63.151 62.328 61.153 63.087 68.640 71.437 56.458 49.257 40.512 37.329 28.821 26.630 46.763 81.786 125.358 188.184 247.485 321.759 470.885 565.404 660.949 746.002 691.776 644.627 577.755 527.761 493.207 363.337 305.170 257.188 220.117 187.326 164.854 146.579 150.917 157.492 166.813 172.479 181.423 187.209 175.768 181.008 213.853 182.187 166.074 -999.250 -999.250 -999.250 -999.250 -999.250 -999.250 -999.250 -999.250 -999.250 -999.250 -999.250 -999.250 -999.250 -999.250 -999.250
47.868 38.290 41.849 43.034 49.282 55.638 64.480 67.530 78.905 71.407 79.771 67.307 58.667 56.687 45.964 48.526 36.546 40.131 54.807 96.977 138.024 192.927 251.260 341.639 426.184 511.380 668.906 633.741 665.533 627.937 644.034 448.113 424.068 346.373 266.818 218.817 213.499 179.638 152.005 139.467 161.393 160.432 137.144 159.243 180.680 174.851 191.223 191.818 188.284 -999.250 -999.250 -999.250 -999.250 -999.250 -999.250 -999.250 -999.250 -999.250 -999.250 -999.250 -999.250 -999.250 -999.250 -999.250 -999.250 -999.250
43.507 46.029 49.111 44.896 50.475 60.683 65.840 68.145 84.377 85.899 72.660 72.695 67.434 62.091 64.431 50.094 49.819 58.603 71.718 97.311 152.561 186.523 250.593 334.171 394.356 483.225 528.327 584.240 531.367 515.266 505.088 408.190 365.373 288.155 216.623 197.763 178.224 145.947 132.115 134.068 147.569 142.096 134.543 153.261 215.528 200.457 194.566 178.946 -999.250 -999.250 -999.250 -999.250 -999.250 -999.250 -999.250 -999.250 -999.250 -999.250 -999.250 -999.250 -999.250 -999.250 -999.250 -999.250 -999.250 -999.250
46.999 44.316 45.022 48.689 54.084 54.736 67.510 69.233 79.656 77.448 77.530 87.283 81.435 68.671 64.852 66.258 64.476 73.188 87.894 109.957 153.454 198.773 249.550 335.203 422.194 440.254 516.151 512.265 476.131 436.269 437.177 391.750 291.600 258.178 202.911 186.783 158.525 127.666 119.184 111.702 131.455 129.775 141.693 150.200 191.201 189.120 191.242 195.168 -999.250 -999.250 -999.250 -999.250 -999.250 -999.250 -999.250 -999.250 -999.250 -999.250 -999.250 -999.250 -999.250 -999.250 -999.250 -999.250 -999.250 -999.250
44.874 42.304 47.719 52.793 51.423 62.646 66.618 76.002 77.689 74.344 79.465 83.178 86.867 96.088 72.297 69.602 73.412 90.298 104.832 121.024 163.780 184.163 235.667 283.263 384.804 384.835 424.026 470.195 441.756 412.877 370.371 306.144 249.987 203.292 171.873 152.061 142.946 120.035 130.365 105.091 117.568 130.535 145.690 153.964 176.572 182.738 225.920 -999.250 -999.250 -999.250 -999.250 -999.250 -999.250 -999.250 -999.250 -999.250 -999.250 -999.250 -999.250 -999.250 -999.250 -999.250 -999.250 -999.250 -999.250 -999.250
39.008 41.233 44.419 43.657 42.507 50.675 58.111 62.889 74.723 84.376 76.613 90.317 78.792 83.947 85.600 84.766 91.658 96.907 110.033 126.783 149.363 165.747 205.394 247.940 337.111 365.501 432.100 396.063 408.582 357.964 299.189 244.953 186.835 183.541 149.982 125.754 122.717 118.428 118.972 109.734 126.485 122.335 151.550 -999.250 -999.250 -999.250 -999.250 -999.250 -999.250 -999.250 -999.250 -999.250 -999.250 -999.250 -999.250 -999.250 -999.250 -999.250 -999.250 -999.250 -999.250 -999.250 -999.250 -999.250 -999.250 -999.250
30.982 34.722 36.924 41.607 48.695 55.076 64.172 60.623 75.677 81.912 85.956 92.731 88.858 95.221 91.704 88.121 97.833 94.989 111.847 118.277 137.807 150.059 187.432 240.293 270.140 278.010 320.556 329.286 330.808 312.629 231.938 213.567 175.632 152.910 138.330 137.744 127.529 122.079 110.321 133.260 125.439 -999.250 -999.250 -999.250 -999.250 -999.250 -999.250 -999.250 -999.250 -999.250 -999.250 -999.250 -999.250 -999.250 -999.250 -999.250 -999.250 -999.250 -999.250 -999.250 -999.250 -999.250 -999.250 -999.250 -999.250 -999.250
29.826 30.333 37.966 39.333 46.124 48.778 63.536 64.030 73.524 83.418 98.010 111.434 91.786 91.414 94.933 90.456 96.069 104.800 110.522 124.902 131.603 150.869 165.843 205.719 236.005 250.942 273.260 291.858 266.148 224.855 235.970 224.090 165.306 136.659 122.567 117.672 118.047 104.026 100.620 121.471 155.548 -999.250 -999.250 -999.250 -999.250 -999.250 -999.250 -999.250 -999.250 -999.250 -999.250 -999.250 -999.250 -999.250 -999.250 -999.250 -999.250 -999.250 -999.250 -999.250 -999.250 -999.250 -999.250 -999.250 -999.250 -999.250
26.911 33.223 34.239 38.923 40.233 50.143 53.864 66.414 73.719 85.635 102.924 93.555 97.373 94.103 95.565 102.729 100.204 98.100 106.235 125.430 127.835 147.856 158.549 176.900 166.088 196.662 207.105 214.009 231.818 218.624 186.336 182.265 174.745 144.600 120.122 99.496 99.268 93.425 104.879 120.410 148.914 -999.250 -999.250 -999.250 -999.250 -999.250 -999.250 -999.250 -999.250 -999.250 -999.250 -999.250 -999.250 -999.250 -999.250 -999.250 -999.250 -999.250 -999.250 -999.250 -999.250 -999.250 -999.250 -999.250 -999.250 -999.250
27.910 30.157 33.501 32.166 39.491 43.187 49.976 58.688 74.582 89.297 85.748 98.858 100.960 97.741 110.211 110.256 113.654 108.894 96.964 105.302 117.003 123.584 126.608 126.517 168.996 169.583 185.412 186.131 209.505 204.512 190.821 183.605 187.606 170.131 122.874 120.830 99.858 84.122 106.797 117.225 148.804 -999.250 -999.250 -999.250 -999.250 -999.250 -999.250 -999.250 -999.250 -999.250 -999.250 -999.250 -999.250 -999.250 -999.250 -999.250 -999.250 -999.250 -999.250 -999.250 -999.250 -999.250 -999.250 -999.250 -999.250 -999.250
22.749 31.838 31.552 34.330 26.232 39.292 50.454 50.382 65.376 81.308 90.393 96.448 101.829 118.802 114.748 123.060 112.248 110.494 112.411 118.285 121.007 117.003 121.368 132.285 139.019 148.083 171.228 187.421 194.550 206.060 195.093 179.750 163.164 170.337 128.796 120.731 120.849 116.604 117.674 131.770 176.422 -999.250 -999.250 -999.250 -999.250 -999.250 -999.250 -999.250 -999.250 -999.250 -999.250 -999.250 -999.250 -999.250 -999.250 -999.250 -999.250 -999.250 -999.250 -999.250 -999.250 -999.250 -999.250 -999.250 -999.250 -999.250
32.411 30.676 26.545 23.467 27.025 32.712 42.656 52.265 65.669 85.053 92.694 87.173 95.948 108.744 118.868 113.763 100.304 126.337 109.155 111.971 109.261 100.652 120.309 133.820 148.244 136.757 181.243 188.931 199.644 174.724 180.348 180.159 189.821 166.307 143.175 138.881 139.639 148.205 140.613 146.473 165.573 -999.250 -999.250 -999.250 -999.250 -999.250 -999.250 -999.250 -999.250 -999.250 -999.250 -999.250 -999.250 -999.250 -999.250 -999.250 -999.250 -999.250 -999.250 -999.250 -999.250 -999.250 -999.250 -999.250 -999.250 -999.250
32.095 28.661 19.909 9.786 18.373 28.848 32.810 43.517 53.975 72.826 72.991 90.386 96.541 108.741 108.650 127.421 128.690 116.336 93.158 115.368 102.825 106.706 121.136 127.031 143.136 143.993 177.442 176.251 180.200 176.411 180.511 191.750 225.777 184.941 179.150 174.393 166.430 170.688 177.202 191.364 177.429 198.295 190.874 -999.250 -999.250 -999.250 -999.250 -999.250 -999.250 -999.250 -999.250 -999.250 -999.250 -999.250 -999.250 -999.250 -999.250 -999.250 -999.250 -999.250 -999.250 -999.250 -999.250 -999.250 -999.250 -999.250
40.190 31.836 20.151 9.534 0.000 14.434 28.967 36.675 51.273 73.725 79.013 90.545 91.072 100.560 138.999 147.289 133.721 116.061 108.930 112.321 120.674 137.456 136.354 135.206 139.267 160.948 162.457 170.716 197.843 181.639 207.477 209.502 206.935 213.204 200.091 215.614 204.522 202.836 186.876 187.754 206.243 231.168 262.021 274.969 316.003 -999.250 -999.250 -999.250 -999.250 -999.250 -999.250 -999.250 -999.250 -999.250 -999.250 -999.250 -999.250 -999.250 -999.250 -999.250 -999.250 -999.250 -999.250 -999.250 -999.250 -999.250
37.814 34.491 26.284 18.505 6.508 18.335 30.896 38.069 44.797 59.019 76.241 87.724 95.282 106.507 125.783 142.613 122.524 120.988 125.786 129.216 136.210 139.698 150.466 150.233 165.645 184.353 184.879 195.467 209.212 208.663 231.970 211.747 233.968 238.958 245.275 198.367 198.179 218.988 224.313 211.876 249.393 275.177 288.158 288.714 297.196 -999.250 -999.250 -999.250 -999.250 -999.250 -999.250 -999.250 -999.250 -999.250 -999.250 -999.250 -999.250 -999.250 -999.250 -999.250 -999.250 -999.250 -999.250 -999.250 -999.250 -999.250
36.499 29.489 28.380 20.107 15.796 22.557 28.415 41.365 47.145 63.953 77.382 81.821 86.063 102.189 130.817 149.498 135.134 135.707 132.493 134.725 155.475 146.022 155.963 160.087 155.846 179.235 184.080 196.438 220.859 222.454 228.459 229.617 230.211 240.358 268.466 264.483 223.587 244.616 251.555 297.471 321.762 374.242 336.458 349.373 312.231 327.440 -999.250 -999.250 -999.250 -999.250 -999.250 -999.250 -999.250 -999.250 -999.250 -999.250 -999.250 -999.250 -999.250 -999.250 -999.250 -999.250 -999.250 -999.250 -999.250 -999.250
33.677 34.336 27.181 22.236 24.719 22.306 31.436 41.788 46.306 52.599 71.670 76.355 93.483 106.411 120.088 137.534 140.768 141.228 142.672 161.518 157.577 159.283 160.549 176.014 165.152 179.949 186.678 222.245 225.208 260.988 235.425 253.337 261.859 307.568 317.202 349.806 294.026 298.140 363.406 401.767 400.298 370.122 394.888 384.176 371.757 355.600 371.392 -999.250 -999.250 -999.250 -999.250 -999.250 -999.250 -999.250 -999.250 -999.250 -999.250 -999.250 -999.250 -999.250 -999.250 -999.250 -999.250 -999.250 -999.250 -999.250
35.677 33.497 27.326 23.154 18.368 19.558 32.961 35.405 42.290 61.762 74.386 83.505 87.169 113.437 121.610 148.768 147.471 158.235 165.344 165.583 180.127 161.470 177.373 196.268 198.104 195.902 218.811 226.230 246.644 279.336 326.053 353.360 343.253 393.898 403.837 419.530 373.162 412.460 416.846 423.761 447.439 393.312 415.874 410.000 403.803 375.366 361.314 -999.250 -999.250 -999.250 -999.250 -999.250 -999.250 -999.250 -999.250 -999.250 -999.250 -999.250 -999.250 -999.250 -999.250 -999.250 -999.250 -999.250 -999.250 -999.250
32.424 29.257 24.010 20.959 25.915 26.177 30.992 35.350 48.731 64.420 74.981 88.098 105.408 109.360 127.275 134.652 145.870 162.638 162.682 174.656 186.109 192.738 182.729 184.034 199.295 205.038 233.714 276.385 335.615 388.706 396.039 443.805 470.592 465.781 486.705 464.582 442.341 476.942 518.591 499.789 549.458 430.416 429.617 449.613 417.716 326.562 426.055 397.081 -999.250 -999.250 -999.250 -999.250 -999.250 -999.250 -999.250 -999.250 -999.250 -999.250 -999.250 -999.250 -999.250 -999.250 -999.250 -999.250 -999.250 -999.250
37.755 35.118 26.715 22.695 24.164 30.097 36.935 43.218 53.282 62.606 86.892 95.810 115.338 108.335 119.117 126.964 131.836 147.062 161.382 180.428 187.141 199.533 195.201 191.840 202.158 232.885 268.926 298.447 391.072 423.436 523.148 566.643 539.705 515.575 543.216 538.110 532.783 499.782 657.670 602.688 472.309 471.926 465.239 465.944 467.372 370.113 419.775 -999.250 -999.250 -999.250 -999.250 -999.250 -999.250 -999.250 -999.250 -999.250 -999.250 -999.250 -999.250 -999.250 -999.250 -999.250 -999.250 -999.250 -999.250 -999.250
