data/medianmodel_17-Oct-2020.asc
ncols	141
nrows	288
xllcorner	-120191.398
yllcorner	-301404.813
cellsize	2000.000
NODATA_value	-999.250
[rows 120 to 149 of 288, columns 0 to 66 of 141]
-999.250 -999.250 -999.250 -999.250 -999.250 -999.250 -999.250 -999.250 -999.250 -999.250 -999.250 -999.250 -999.250 -999.250 -999.250 -999.250 -999.250 -999.250 -999.250 -999.250 -999.250 -999.250 -999.250 -999.250 -999.250 -999.250 67.075 79.920 69.985 68.896 71.673 68.546 52.209 50.999 48.539 44.260 46.805 42.696 40.082 35.744 36.079 28.783 34.518 29.808 24.776 23.027 13.330 11.088 10.872 10.024 2.784 0.185 0.000 0.000 0.000 0.000 0.000 0.000 12.263 28.530 51.748 52.948 59.388 60.486 60.981 58.885 48.674
-999.250 -999.250 -999.250 -999.250 -999.250 -999.250 -999.250 -999.250 -999.250 -999.250 -999.250 -999.250 -999.250 -999.250 -999.250 -999.250 -999.250 -999.250 -999.250 -999.250 -999.250 -999.250 -999.250 -999.250 -999.250 73.583 73.944 74.585 80.506 77.286 67.445 61.531 57.901 57.045 48.554 45.599 40.907 41.983 34.033 33.150 36.473 35.752 36.063 40.529 42.021 36.271 25.415 20.078 22.927 21.527 18.471 13.590 8.032 0.000 0.000 0.000 0.000 0.000 0.000 14.024 23.242 38.979 39.817 41.319 42.578 45.720 40.533
-999.250 -999.250 -999.250 -999.250 -999.250 -999.250 -999.250 -999.250 -999.250 -999.250 -999.250 -999.250 -999.250 -999.250 -999.250 -999.250 -999.250 -999.250 -999.250 -999.250 -999.250 -999.250 -999.250 -999.250 -999.250 68.763 76.713 78.254 75.215 64.911 69.574 55.048 54.293 61.633 48.975 49.428 51.992 50.349 41.148 46.568 42.083 43.194 51.331 53.500 64.880 58.395 54.307 41.532 46.352 53.705 48.848 41.627 21.311 8.916 0.000 0.000 0.000 0.000 0.000 7.752 18.756 24.770 27.450 35.180 33.460 37.461 31.173
-999.250 -999.250 -999.250 -999.250 -999.250 -999.250 -999.250 -999.250 -999.250 -999.250 -999.250 -999.250 -999.250 -999.250 -999.250 -999.250 -999.250 -999.250 -999.250 -999.250 -999.250 -999.250 -999.250 -999.250 -999.250 70.048 76.847 69.584 83.242 77.781 64.783 62.443 56.538 52.323 50.711 47.719 55.890 53.073 52.467 44.290 55.415 62.568 63.963 85.954 106.887 106.848 113.829 124.461 116.365 100.452 85.907 70.243 42.320 29.173 8.542 0.000 0.000 0.000 0.000 3.480 11.309 18.845 20.704 32.340 32.593 33.734 31.775
-999.250 -999.250 -999.250 -999.250 -999.250 -999.250 -999.250 -999.250 -999.250 -999.250 -999.250 -999.250 -999.250 -999.250 -999.250 -999.250 -999.250 -999.250 -999.250 -999.250 -999.250 -999.250 -999.250 -999.250 66.433 71.285 90.648 76.377 78.982 83.761 78.504 62.950 57.229 57.295 56.615 59.361 55.565 58.245 54.254 54.078 62.306 74.263 99.632 110.551 148.625 182.234 185.277 193.794 169.599 180.696 144.955 127.557 86.324 45.530 16.260 0.083 0.000 0.000 0.000 2.411 6.865 11.958 20.465 26.671 32.064 31.173 29.020
-999.250 -999.250 -999.250 -999.250 -999.250 -999.250 -999.250 -999.250 -999.250 -999.250 -999.250 -999.250 -999.250 -999.250 -999.250 -999.250 -999.250 -999.250 -999.250 -999.250 -999.250 -999.250 -999.250 -999.250 73.315 80.271 72.658 71.172 71.611 77.074 73.474 64.655 59.531 60.791 57.891 57.689 59.538 55.406 57.268 62.424 81.626 94.126 140.295 165.209 209.641 229.983 260.544 240.449 251.035 254.835 246.985 183.838 135.381 69.332 17.960 10.076 2.037 0.000 0.000 2.420 4.418 9.266 16.036 19.171 27.310 26.198 24.718
-999.250 -999.250 -999.250 -999.250 -999.250 -999.250 -999.250 -999.250 -999.250 -999.250 -999.250 -999.250 -999.250 -999.250 -999.250 -999.250 -999.250 -999.250 -999.250 -999.250 -999.250 -999.250 -999.250 63.576 76.295 62.609 74.827 68.122 66.904 75.705 61.250 65.152 58.659 61.189 52.967 50.386 58.925 64.071 57.811 78.766 108.271 126.924 175.785 222.920 278.443 298.804 313.144 353.663 366.755 325.660 300.654 254.217 174.677 120.531 55.915 28.190 13.009 4.156 0.000 0.000 0.254 7.975 13.414 17.732 23.244 31.706 29.305
-999.250 -999.250 -999.250 -999.250 -999.250 -999.250 -999.250 -999.250 -999.250 -999.250 -999.250 -999.250 -999.250 -999.250 -999.250 -999.250 -999.250 -999.250 -999.250 -999.250 -999.250 -999.250 -999.250 64.548 61.016 57.090 67.056 65.375 69.712 67.018 61.984 69.840 65.597 70.528 59.322 63.580 55.849 61.385 69.802 107.717 135.550 158.438 177.165 213.304 276.857 330.446 384.751 418.467 469.601 433.113 355.382 291.125 212.582 155.026 89.188 53.469 24.350 9.235 6.874 2.079 3.277 7.317 11.001 19.222 24.591 33.823 38.088
-999.250 -999.250 -999.250 -999.250 -999.250 -999.250 -999.250 -999.250 -999.250 -999.250 -999.250 -999.250 -999.250 -999.250 -999.250 -999.250 -999.250 -999.250 -999.250 -999.250 -999.250 -999.250 -999.250 61.403 52.445 58.033 67.364 71.071 76.690 66.705 68.956 72.796 74.485 70.089 64.679 62.802 66.703 71.612 77.073 86.525 130.123 150.767 195.233 216.818 303.923 364.965 414.929 526.196 591.178 518.434 423.302 321.162 227.838 172.248 120.385 57.907 31.448 15.191 9.949 7.103 5.134 8.383 6.860 18.434 22.816 36.586 36.314
-999.250 -999.250 -999.250 -999.250 -999.250 -999.250 -999.250 -999.250 -999.250 -999.250 -999.250 -999.250 -999.250 -999.250 -999.250 -999.250 -999.250 -999.250 -999.250 -999.250 -999.250 -999.250 50.402 61.329 63.260 58.442 68.412 61.291 72.134 74.612 67.493 67.851 69.401 75.307 65.653 54.165 66.074 69.722 75.626 119.672 128.544 153.535 209.203 244.492 316.805 310.910 389.702 484.743 531.360 487.477 446.633 355.582 238.262 177.322 112.390 51.253 37.095 17.819 13.275 8.407 7.918 9.923 14.641 25.231 29.031 38.136 45.183
-999.250 -999.250 -999.250 -999.250 -999.250 -999.250 -999.250 -999.250 -999.250 -999.250 -999.250 -999.250 -999.250 -999.250 -999.250 -999.250 -999.250 -999.250 -999.250 -999.250 -999.250 -999.250 61.741 69.025 68.315 65.165 61.108 67.343 70.220 74.670 71.011 72.657 72.879 81.424 59.821 59.537 60.831 65.877 77.488 100.242 139.767 156.880 202.943 250.408 282.685 321.089 402.977 407.229 472.824 419.547 353.656 313.098 208.417 153.047 89.750 53.984 33.518 17.866 9.204 8.849 10.316 14.321 19.385 23.528 30.888 37.347 45.928
-999.250 -999.250 -999.250 -999.250 -999.250 -999.250 -999.250 -999.250 -999.250 -999.250 -999.250 -999.250 -999.250 -999.250 -999.250 -999.250 -999.250 -999.250 -999.250 -999.250 -999.250 44.928 56.065 63.913 72.712 69.144 68.430 71.872 73.833 76.279 78.233 73.876 66.460 65.027 57.803 51.044 62.241 61.226 68.400 84.064 113.506 136.355 190.294 238.031 266.286 323.510 322.891 362.429 363.105 357.855 282.982 227.157 173.612 116.391 75.538 48.273 32.492 16.739 11.400 11.249 11.925 15.041 27.550 26.292 35.435 42.709 51.698
-999.250 -999.250 -999.250 -999.250 -999.250 -999.250 -999.250 -999.250 -999.250 -999.250 -999.250 -999.250 -999.250 -999.250 -999.250 -999.250 -999.250 -999.250 -999.250 -999.250 -999.250 50.186 57.947 56.653 59.303 67.755 68.237 65.932 79.593 71.058 76.692 65.721 64.118 53.619 47.190 53.373 56.357 48.869 58.933 80.634 111.175 133.793 172.703 191.205 241.815 269.583 301.316 291.085 317.783 274.527 219.484 143.008 131.349 83.437 44.792 28.331 15.011 6.158 7.901 5.159 11.674 15.360 23.861 35.008 39.618 43.768 55.021
-999.250 -999.250 -999.250 -999.250 -999.250 -999.250 -999.250 -999.250 -999.250 -999.250 -999.250 -999.250 -999.250 -999.250 -999.250 -999.250 -999.250 -999.250 -999.250 -999.250 -999.250 47.911 58.517 55.185 59.816 71.478 66.883 70.353 70.803 66.053 69.282 70.423 62.555 53.917 53.094 56.840 46.259 54.262 53.929 71.732 107.403 119.802 140.224 178.154 194.102 220.138 244.626 220.127 232.035 212.344 163.031 117.681 63.614 47.156 30.064 17.726 2.928 0.000 0.000 4.596 9.414 17.266 22.531 29.143 33.147 48.839 56.660
-999.250 -999.250 -999.250 -999.250 -999.250 -999.250 -999.250 -999.250 -999.250 -999.250 -999.250 -999.250 -999.250 -999.250 -999.250 -999.250 -999.250 -999.250 -999.250 -999.250 44.006 44.088 49.275 48.796 61.055 58.011 66.841 62.448 69.842 69.683 76.469 74.030 58.242 61.090 56.661 55.098 51.781 60.816 56.933 54.399 74.337 84.032 99.414 137.256 170.307 171.057 199.033 191.468 178.399 149.948 98.588 61.517 25.129 17.100 10.559 3.717 0.000 0.000 0.000 0.133 11.114 17.784 23.678 31.778 37.724 42.987 47.702
-999.250 -999.250 -999.250 -999.250 -999.250 -999.250 -999.250 -999.250 -999.250 -999.250 -999.250 -999.250 -999.250 -999.250 -999.250 -999.250 -999.250 -999.250 -999.250 -999.250 38.256 41.653 47.510 49.340 50.461 57.084 62.495 61.161 63.430 66.258 62.887 64.928 64.874 61.255 61.093 50.161 52.453 55.579 51.778 51.134 64.812 75.398 81.695 105.844 115.219 132.076 131.826 133.002 106.822 89.686 61.982 40.741 13.010 0.000 0.000 0.000 0.000 0.000 0.000 1.217 11.975 19.070 24.297 30.001 38.153 46.345 53.275
-999.250 -999.250 -999.250 -999.250 -999.250 -999.250 -999.250 -999.250 -999.250 -999.250 -999.250 -999.250 -999.250 -999.250 -999.250 -999.250 -999.250 -999.250 -999.250 -999.250 35.699 30.438 41.827 47.210 49.534 51.341 58.349 66.743 62.770 66.678 74.393 62.058 64.696 61.848 60.430 55.069 53.266 55.510 53.615 53.591 61.056 58.176 66.516 80.388 86.933 102.405 93.609 94.779 75.380 59.712 39.319 18.096 4.324 0.000 0.000 0.000 0.000 0.000 0.000 0.000 10.407 16.401 22.623 32.615 43.150 48.959 51.999
-999.250 -999.250 -999.250 -999.250 -999.250 -999.250 -999.250 -999.250 -999.250 -999.250 -999.250 -999.250 -999.250 -999.250 -999.250 -999.250 -999.250 -999.250 -999.250 -999.250 37.894 33.999 45.424 49.798 43.405 50.008 53.458 60.127 61.729 62.155 75.174 69.831 56.764 59.256 60.091 53.696 49.618 57.726 58.600 53.024 63.573 57.838 65.116 62.885 70.908 78.472 72.652 56.291 56.225 39.403 22.376 10.109 0.000 0.000 0.000 0.000 0.000 0.000 0.000 0.000 12.345 17.437 28.885 28.636 34.211 47.915 52.966
-999.250 -999.250 -999.250 -999.250 -999.250 -999.250 -999.250 -999.250 -999.250 -999.250 -999.250 -999.250 -999.250 -999.250 -999.250 -999.250 -999.250 -999.250 -999.250 32.275 31.878 39.290 44.590 44.030 43.695 44.129 51.929 59.064 54.749 60.648 63.311 62.105 62.166 62.928 59.563 56.474 48.744 53.341 58.125 57.375 56.916 54.962 58.169 54.689 56.925 55.849 51.076 46.223 41.241 30.144 22.504 6.593 0.119 0.000 0.000 0.000 0.000 2.799 4.747 9.946 17.307 22.540 29.846 35.616 40.189 45.706 48.400
-999.250 -999.250 -999.250 -999.250 -999.250 -999.250 -999.250 -999.250 -999.250 -999.250 -999.250 -999.250 -999.250 -999.250 -999.250 -999.250 -999.250 -999.250 -999.250 28.905 38.167 34.569 42.389 40.913 45.411 47.663 46.021 50.773 56.132 55.590 64.473 57.084 58.123 58.874 67.110 63.775 60.296 55.080 52.361 54.216 53.500 58.016 56.820 57.191 55.927 48.574 48.447 37.090 36.794 32.273 21.199 11.511 3.342 0.000 0.988 0.473 8.914 9.284 9.446 13.798 21.913 27.401 37.978 36.927 38.873 52.016 44.222
-999.250 -999.250 -999.250 -999.250 -999.250 -999.250 -999.250 -999.250 -999.250 -999.250 -999.250 -999.250 -999.250 -999.250 -999.250 -999.250 -999.250 -999.250 -999.250 28.187 28.239 38.353 44.089 45.274 44.534 49.320 48.460 54.464 56.858 58.261 55.854 56.468 57.162 54.649 55.354 61.294 54.631 51.272 52.107 54.527 49.806 55.610 58.698 62.211 55.622 57.558 52.337 46.358 43.351 37.693 30.240 16.695 13.644 13.254 8.890 6.997 13.952 18.091 18.974 25.250 28.863 41.417 39.516 37.930 43.453 45.540 52.056
-999.250 -999.250 -999.250 -999.250 -999.250 -999.250 -999.250 -999.250 -999.250 -999.250 -999.250 -999.250 -999.250 -999.250 -999.250 -999.250 -999.250 -999.250 -999.250 24.780 33.530 40.489 44.440 44.898 49.037 49.353 51.319 55.065 52.978 55.866 54.726 58.998 50.176 52.689 50.673 55.261 59.014 47.248 52.953 55.718 53.475 56.478 56.939 61.615 55.642 55.136 63.933 59.900 59.867 48.070 39.565 34.596 33.087 18.353 15.719 18.642 20.435 25.688 33.167 33.749 35.877 39.131 40.262 45.852 47.504 44.550 46.094
-999.250 -999.250 -999.250 -999.250 -999.250 -999.250 -999.250 -999.250 -999.250 -999.250 -999.250 -999.250 -999.250 -999.250 -999.250 -999.250 -999.250 -999.250 -999.250 35.387 40.964 46.378 50.712 55.622 54.528 58.845 59.144 57.908 49.553 58.445 52.551 49.871 44.123 50.875 52.864 50.829 55.588 56.621 61.927 65.181 64.089 63.479 60.675 62.604 70.331 63.148 68.058 64.046 66.118 56.162 52.198 44.766 38.998 35.270 27.901 35.971 34.552 38.326 35.892 35.376 43.185 40.678 40.532 44.857 47.870 43.891 44.713
-999.250 -999.250 -999.250 -999.250 -999.250 -999.250 -999.250 -999.250 -999.250 -999.250 -999.250 -999.250 -999.250 -999.250 -999.250 -999.250 -999.250 -999.250 36.683 41.294 48.454 47.634 56.112 69.088 59.023 59.585 50.019 49.799 51.742 53.937 47.334 53.934 42.851 42.211 50.076 53.037 53.225 60.304 62.840 65.054 72.171 73.748 75.829 77.172 74.232 78.656 75.761 84.480 77.319 76.302 67.353 56.769 51.226 45.188 38.479 41.712 44.828 43.128 45.167 47.539 41.568 41.571 37.048 37.669 41.378 39.640 39.271
-999.250 -999.250 -999.250 -999.250 -999.250 -999.250 -999.250 -999.250 -999.250 -999.250 -999.250 -999.250 -999.250 -999.250 -999.250 -999.250 -999.250 37.299 37.607 41.076 46.424 51.971 59.100 63.352 66.789 58.045 60.716 56.503 51.414 44.216 47.510 47.815 44.473 44.055 41.146 40.530 46.901 49.008 60.881 73.146 85.975 82.489 87.878 85.617 88.304 92.886 91.195 91.675 78.268 85.423 89.034 77.555 54.700 52.514 45.757 48.670 44.435 46.050 47.581 53.462 45.485 40.981 37.676 43.486 39.105 37.022 39.499
-999.250 -999.250 -999.250 -999.250 -999.250 -999.250 -999.250 -999.250 -999.250 -999.250 -999.250 -999.250 -999.250 -999.250 -999.250 -999.250 -999.250 35.944 39.622 45.401 46.289 55.769 59.078 68.858 78.419 62.691 58.547 54.553 56.909 54.123 51.434 43.656 41.864 36.679 37.459 39.941 36.312 48.603 56.461 68.951 81.814 91.219 99.727 110.213 102.890 99.743 107.739 110.322 104.717 92.126 88.137 90.847 80.156 70.498 61.300 58.069 46.798 48.574 48.230 51.897 44.938 41.117 37.048 42.988 38.661 36.005 39.834
-999.250 -999.250 -999.250 -999.250 -999.250 -999.250 -999.250 -999.250 -999.250 -999.250 -999.250 -999.250 -999.250 -999.250 -999.250 33.311 30.199 34.085 40.708 42.067 46.068 52.718 54.638 54.765 65.260 61.595 59.461 62.280 57.107 58.847 49.063 49.755 38.259 41.973 36.132 37.758 39.805 42.510 51.814 65.968 82.000 103.054 111.898 113.183 121.612 108.918 114.896 99.884 90.419 91.731 95.777 99.458 98.368 88.008 84.137 68.504 53.622 42.699 40.923 48.364 45.236 40.171 37.153 40.539 39.632 40.874 41.337
-999.250 -999.250 -999.250 -999.250 -999.250 -999.250 -999.250 -999.250 -999.250 -999.250 -999.250 -999.250 -999.250 -999.250 28.909 28.078 33.161 36.116 43.023 51.937 48.665 58.741 62.392 56.860 59.521 65.080 57.371 50.671 60.814 54.513 48.214 44.192 35.655 37.136 37.480 40.791 38.983 41.887 53.712 64.487 82.669 98.921 109.234 124.795 146.178 132.155 116.763 101.795 100.761 99.954 100.651 102.547 109.042 124.070 93.298 74.828 57.851 48.356 41.077 45.173 38.753 42.897 31.898 36.281 33.437 36.276 40.240
-999.250 -999.250 -999.250 -999.250 -999.250 -999.250 -999.250 -999.250 -999.250 -999.250 -999.250 -999.250 -999.250 -999.250 30.551 22.843 25.847 29.836 39.367 53.163 53.422 58.123 59.398 57.488 63.017 58.299 54.046 47.594 53.133 53.303 47.044 45.170 38.616 32.975 37.525 39.761 41.695 39.035 51.990 61.756 79.126 98.127 113.888 131.198 171.432 171.630 133.439 107.224 97.559 101.957 99.956 116.865 119.500 119.396 96.348 81.006 58.603 48.547 43.146 42.219 40.644 40.653 37.046 34.565 42.685 43.256 39.961
-999.250 -999.250 -999.250 -999.250 -999.250 -999.250 -999.250 -999.250 -999.250 -999.250 -999.250 -999.250 -999.250 23.185 27.086 30.206 31.542 25.328 38.070 45.498 44.832 50.956 50.942 52.443 58.826 64.750 51.776 54.973 49.316 46.078 44.320 40.353 45.045 45.655 44.339 44.684 41.524 44.707 48.516 54.368 71.276 95.238 95.411 131.648 144.395 132.151 114.097 103.650 94.653 109.486 108.599 118.265 111.511 114.728 98.325 92.934 62.486 50.957 43.223 39.222 36.806 35.573 35.097 27.599 33.588 34.055 37.548
