data/medianmodel_22-May-2020.asc
ncols	141
nrows	288
xllcorner	-120191.398
yllcorner	-301404.813
cellsize	2000.000
NODATA_value	-999.250
[rows 62 to 92 of 288, columns 70 to 139 of 141]
6.249 5.656 2.234 0.000 0.000 0.000 0.000 0.000 0.000 0.000 0.000 0.000 0.000 0.000 0.000 3.434 8.602 7.969 15.256 23.625 23.521 27.108 18.891 14.649 13.486 7.936 2.487 1.158 0.000 0.000 1.591 3.761 3.200 3.978 4.193 5.951 7.337 6.359 6.280 5.190 -999.250 -999.250 -999.250 -999.250 -999.250 -999.250 -999.250 -999.250 -999.250 -999.250 -999.250 -999.250 -999.250 -999.250 -999.250 -999.250 -999.250 -999.250 -999.250 -999.250 -999.250 -999.250 -999.250 -999.250 -999.250 -999.250 -999.250 -999.250 -999.250 -999.250
4.114 5.179 3.324 0.000 0.000 0.000 0.000 0.000 0.000 0.000 0.000 0.000 0.000 0.000 0.000 4.430 5.913 11.107 17.258 24.822 28.007 38.595 26.448 18.014 14.297 6.595 2.573 0.000 0.000 1.593 1.602 3.646 5.823 3.639 4.566 5.603 6.056 4.026 3.438 5.076 6.664 -999.250 -999.250 -999.250 -999.250 -999.250 -999.250 -999.250 -999.250 -999.250 -999.250 -999.250 -999.250 -999.250 -999.250 -999.250 -999.250 -999.250 -999.250 -999.250 -999.250 -999.250 -999.250 -999.250 -999.250 -999.250 -999.250 -999.250 -999.250 -999.250
5.447 2.383 0.933 0.430 0.121 0.000 0.000 0.000 0.000 0.000 0.000 0.000 0.000 0.000 0.219 6.043 7.897 10.497 18.322 19.971 27.338 29.645 21.355 16.535 10.261 5.784 0.377 0.000 0.000 0.383 0.000 0.532 3.851 2.658 3.518 3.833 4.654 2.437 2.600 2.781 3.461 2.765 -999.250 -999.250 -999.250 -999.250 -999.250 -999.250 -999.250 -999.250 -999.250 -999.250 -999.250 -999.250 -999.250 -999.250 -999.250 -999.250 -999.250 -999.250 -999.250 -999.250 -999.250 -999.250 -999.250 -999.250 -999.250 -999.250 -999.250 -999.250
6.142 3.963 3.234 2.105 0.571 1.045 0.695 0.000 0.000 0.000 0.000 0.000 0.044 0.295 1.372 2.936 6.590 8.983 15.350 20.451 26.201 19.868 18.562 14.377 7.872 4.094 0.871 0.000 0.000 0.000 1.809 4.094 5.133 4.736 3.639 3.131 1.304 2.417 0.304 0.417 0.626 1.645 -999.250 -999.250 -999.250 -999.250 -999.250 -999.250 -999.250 -999.250 -999.250 -999.250 -999.250 -999.250 -999.250 -999.250 -999.250 -999.250 -999.250 -999.250 -999.250 -999.250 -999.250 -999.250 -999.250 -999.250 -999.250 -999.250 -999.250 -999.250
6.215 5.161 2.240 3.033 0.000 0.848 0.035 0.274 0.000 0.000 0.000 0.119 0.938 0.112 0.000 1.044 3.253 8.851 14.898 17.638 18.485 19.814 16.629 14.646 6.875 2.883 0.000 0.222 0.000 1.479 0.643 3.201 2.314 6.156 4.038 3.273 1.956 0.000 0.000 0.000 0.000 0.631 2.406 -999.250 -999.250 -999.250 -999.250 -999.250 -999.250 -999.250 -999.250 -999.250 -999.250 -999.250 -999.250 -999.250 -999.250 -999.250 -999.250 -999.250 -999.250 -999.250 -999.250 -999.250 -999.250 -999.250 -999.250 -999.250 -999.250 -999.250
6.187 3.308 3.322 1.073 0.739 0.557 0.000 0.366 0.000 0.074 0.070 1.194 0.519 0.000 0.000 0.000 0.613 3.310 8.497 11.337 16.523 18.531 14.912 9.585 6.858 3.079 1.075 0.000 1.028 0.009 2.975 2.894 3.524 3.480 3.103 2.785 1.621 0.836 0.000 0.000 0.000 0.000 1.892 4.282 -999.250 -999.250 -999.250 -999.250 -999.250 -999.250 -999.250 -999.250 -999.250 -999.250 -999.250 -999.250 -999.250 -999.250 -999.250 -999.250 -999.250 -999.250 -999.250 -999.250 -999.250 -999.250 -999.250 -999.250 -999.250 -999.250
5.072 4.423 2.740 1.556 0.421 0.000 0.000 0.000 0.000 0.971 0.636 0.929 0.000 0.000 0.000 0.000 0.000 0.000 4.482 8.410 10.776 15.531 10.995 7.575 6.028 4.711 1.513 0.000 0.039 1.880 3.953 4.288 5.260 3.765 2.233 1.970 0.693 1.105 0.939 0.000 0.000 0.620 1.228 3.773 -999.250 -999.250 -999.250 -999.250 -999.250 -999.250 -999.250 -999.250 -999.250 -999.250 -999.250 -999.250 -999.250 -999.250 -999.250 -999.250 -999.250 -999.250 -999.250 -999.250 -999.250 -999.250 -999.250 -999.250 -999.250 -999.250
5.516 3.725 2.394 0.000 0.000 0.000 0.000 0.000 0.000 0.118 0.491 1.752 0.051 0.033 0.000 0.000 0.000 0.000 1.225 4.347 8.227 8.511 9.220 8.733 5.679 3.770 1.775 0.000 0.012 3.023 4.184 3.708 5.246 5.246 4.852 3.854 3.370 4.156 3.792 0.000 0.813 2.937 3.367 2.485 -999.250 -999.250 -999.250 -999.250 -999.250 -999.250 -999.250 -999.250 -999.250 -999.250 -999.250 -999.250 -999.250 -999.250 -999.250 -999.250 -999.250 -999.250 -999.250 -999.250 -999.250 -999.250 -999.250 -999.250 -999.250 -999.250
6.192 6.160 3.517 0.037 0.000 0.000 0.000 0.000 0.000 0.685 0.296 0.000 0.970 0.000 0.000 0.000 0.000 0.000 0.000 0.000 1.975 5.366 7.119 6.293 3.537 6.210 3.646 1.135 0.581 3.556 5.438 5.977 6.699 4.403 5.774 5.275 4.859 5.975 4.699 4.370 1.864 1.342 3.976 2.621 3.986 3.272 -999.250 -999.250 -999.250 -999.250 -999.250 -999.250 -999.250 -999.250 -999.250 -999.250 -999.250 -999.250 -999.250 -999.250 -999.250 -999.250 -999.250 -999.250 -999.250 -999.250 -999.250 -999.250 -999.250 -999.250
5.848 2.565 3.256 0.406 0.000 0.000 0.000 0.000 1.315 0.870 0.650 0.518 0.000 0.000 0.000 0.000 0.000 0.000 0.000 0.000 3.433 3.017 4.250 4.536 3.711 3.206 1.899 1.542 1.331 4.905 5.825 6.451 7.325 6.797 5.663 8.004 7.501 4.914 4.601 6.299 5.883 8.235 7.162 4.999 4.618 1.780 -999.250 -999.250 -999.250 -999.250 -999.250 -999.250 -999.250 -999.250 -999.250 -999.250 -999.250 -999.250 -999.250 -999.250 -999.250 -999.250 -999.250 -999.250 -999.250 -999.250 -999.250 -999.250 -999.250 -999.250
4.811 4.318 2.713 0.000 0.000 0.000 0.000 0.894 1.080 3.274 2.793 4.364 2.484 0.000 0.000 0.000 0.000 0.000 0.000 0.000 0.000 0.289 1.566 2.112 4.033 1.420 3.706 3.741 2.950 3.295 5.742 6.625 8.048 8.354 8.765 6.038 8.003 7.797 5.616 6.997 5.751 7.346 6.226 5.139 4.700 -999.250 -999.250 -999.250 -999.250 -999.250 -999.250 -999.250 -999.250 -999.250 -999.250 -999.250 -999.250 -999.250 -999.250 -999.250 -999.250 -999.250 -999.250 -999.250 -999.250 -999.250 -999.250 -999.250 -999.250 -999.250
4.868 3.471 3.544 0.000 0.000 0.000 0.129 2.630 3.330 2.706 4.013 3.995 1.433 0.652 0.000 0.000 0.000 0.000 0.000 0.000 0.000 0.000 0.000 0.000 4.788 3.992 5.365 7.113 4.570 6.044 4.542 6.029 7.971 8.851 8.025 7.026 6.491 7.283 7.688 6.992 4.799 4.517 6.064 5.076 3.321 -999.250 -999.250 -999.250 -999.250 -999.250 -999.250 -999.250 -999.250 -999.250 -999.250 -999.250 -999.250 -999.250 -999.250 -999.250 -999.250 -999.250 -999.250 -999.250 -999.250 -999.250 -999.250 -999.250 -999.250 -999.250
4.526 3.915 1.178 0.521 0.899 1.548 3.431 1.946 2.698 2.897 4.377 4.017 1.348 1.058 0.000 0.000 0.000 0.000 0.000 0.000 0.000 0.000 0.000 1.102 5.344 5.572 2.595 6.098 7.384 8.012 5.707 5.627 7.079 7.125 8.263 9.938 8.104 6.802 7.023 6.158 3.907 6.308 2.493 5.769 2.824 -999.250 -999.250 -999.250 -999.250 -999.250 -999.250 -999.250 -999.250 -999.250 -999.250 -999.250 -999.250 -999.250 -999.250 -999.250 -999.250 -999.250 -999.250 -999.250 -999.250 -999.250 -999.250 -999.250 -999.250 -999.250
4.377 3.875 1.639 2.425 2.734 2.626 3.763 4.176 3.697 2.394 3.587 3.434 2.164 0.579 0.000 0.000 0.000 0.000 0.000 0.000 0.000 0.000 0.000 0.037 5.020 3.658 2.838 7.647 8.027 7.722 8.363 7.019 7.914 9.398 11.749 10.290 7.358 4.434 5.320 3.516 5.375 3.748 4.137 6.935 4.013 -999.250 -999.250 -999.250 -999.250 -999.250 -999.250 -999.250 -999.250 -999.250 -999.250 -999.250 -999.250 -999.250 -999.250 -999.250 -999.250 -999.250 -999.250 -999.250 -999.250 -999.250 -999.250 -999.250 -999.250 -999.250
3.282 3.841 3.826 2.144 1.977 4.163 3.415 7.117 6.294 5.641 4.727 2.951 0.000 0.250 0.000 0.000 0.000 0.000 0.000 0.000 0.000 0.000 0.000 0.006 3.000 3.393 3.976 5.631 8.446 6.390 7.851 8.132 8.645 9.577 8.186 7.514 7.447 5.036 4.450 3.658 3.634 6.029 5.315 3.402 2.390 -999.250 -999.250 -999.250 -999.250 -999.250 -999.250 -999.250 -999.250 -999.250 -999.250 -999.250 -999.250 -999.250 -999.250 -999.250 -999.250 -999.250 -999.250 -999.250 -999.250 -999.250 -999.250 -999.250 -999.250 -999.250
4.422 2.926 2.940 3.958 4.035 3.109 5.764 8.636 7.280 4.665 3.581 1.588 0.349 1.737 0.074 0.000 0.073 0.740 0.693 1.428 0.474 0.000 1.199 0.300 0.062 4.362 4.781 4.088 6.090 7.410 7.656 8.291 6.603 5.467 7.625 6.497 6.600 3.243 2.840 3.644 3.765 3.711 4.458 4.372 3.582 -999.250 -999.250 -999.250 -999.250 -999.250 -999.250 -999.250 -999.250 -999.250 -999.250 -999.250 -999.250 -999.250 -999.250 -999.250 -999.250 -999.250 -999.250 -999.250 -999.250 -999.250 -999.250 -999.250 -999.250 -999.250
3.521 3.215 4.346 2.557 3.570 4.860 5.773 7.219 4.419 5.623 4.105 3.302 3.869 1.059 1.352 2.250 3.898 2.978 4.197 2.415 2.790 3.311 1.437 1.547 1.662 2.376 8.014 5.265 4.262 6.667 7.087 5.499 3.282 5.274 6.354 6.193 4.741 4.080 4.716 4.836 3.526 5.461 5.192 4.709 3.549 -999.250 -999.250 -999.250 -999.250 -999.250 -999.250 -999.250 -999.250 -999.250 -999.250 -999.250 -999.250 -999.250 -999.250 -999.250 -999.250 -999.250 -999.250 -999.250 -999.250 -999.250 -999.250 -999.250 -999.250 -999.250
1.330 1.975 3.258 3.590 1.382 1.935 4.766 3.774 4.071 2.901 4.146 1.578 2.686 2.601 3.373 3.990 5.617 5.397 4.281 5.695 3.234 2.523 2.556 1.587 2.648 3.417 5.067 5.207 5.828 5.699 2.964 2.926 2.402 7.272 6.809 8.931 6.646 5.448 3.174 1.536 4.347 6.413 6.445 2.944 3.287 -999.250 -999.250 -999.250 -999.250 -999.250 -999.250 -999.250 -999.250 -999.250 -999.250 -999.250 -999.250 -999.250 -999.250 -999.250 -999.250 -999.250 -999.250 -999.250 -999.250 -999.250 -999.250 -999.250 -999.250 -999.250
2.911 2.694 2.560 1.472 0.000 0.667 2.365 0.000 0.127 0.000 0.455 1.651 3.138 6.922 7.695 6.487 6.530 6.256 7.581 5.388 3.036 2.824 3.532 3.671 3.399 3.709 2.484 4.139 5.060 7.108 4.470 4.927 5.559 6.231 7.797 6.679 6.468 2.856 2.873 0.979 3.224 3.765 4.165 3.180 1.267 0.275 -999.250 -999.250 -999.250 -999.250 -999.250 -999.250 -999.250 -999.250 -999.250 -999.250 -999.250 -999.250 -999.250 -999.250 -999.250 -999.250 -999.250 -999.250 -999.250 -999.250 -999.250 -999.250 -999.250 -999.250
0.749 0.684 1.759 1.798 1.279 0.000 0.131 0.000 0.000 0.000 0.000 0.000 3.070 8.407 10.418 10.813 8.736 8.031 5.633 4.544 2.925 0.458 1.139 2.637 2.276 3.191 2.179 6.029 3.621 5.757 4.024 6.919 6.999 6.171 8.762 5.843 3.903 5.197 2.106 1.935 1.756 1.919 1.936 0.162 0.289 0.000 -999.250 -999.250 -999.250 -999.250 -999.250 -999.250 -999.250 -999.250 -999.250 -999.250 -999.250 -999.250 -999.250 -999.250 -999.250 -999.250 -999.250 -999.250 -999.250 -999.250 -999.250 -999.250 -999.250 -999.250
0.562 0.170 1.022 1.670 1.390 0.615 0.000 0.000 0.000 0.000 0.000 4.151 7.243 11.027 12.968 14.476 11.649 7.651 4.569 3.941 0.000 0.000 0.000 0.000 1.905 3.541 6.174 5.827 6.835 6.276 5.368 5.380 6.853 7.135 5.726 6.159 3.865 3.420 0.719 3.275 1.448 2.546 1.046 1.034 0.000 0.000 -999.250 -999.250 -999.250 -999.250 -999.250 -999.250 -999.250 -999.250 -999.250 -999.250 -999.250 -999.250 -999.250 -999.250 -999.250 -999.250 -999.250 -999.250 -999.250 -999.250 -999.250 -999.250 -999.250 -999.250
0.900 0.000 1.323 1.321 2.764 3.537 1.519 0.000 0.000 0.000 0.000 5.500 7.463 12.378 17.148 14.183 13.373 11.229 5.611 1.570 0.000 0.000 0.000 0.000 1.147 3.241 4.376 5.542 7.189 5.942 6.686 8.464 8.440 10.488 6.368 6.119 3.489 4.123 3.324 2.243 4.205 0.071 0.622 0.000 0.000 0.000 -999.250 -999.250 -999.250 -999.250 -999.250 -999.250 -999.250 -999.250 -999.250 -999.250 -999.250 -999.250 -999.250 -999.250 -999.250 -999.250 -999.250 -999.250 -999.250 -999.250 -999.250 -999.250 -999.250 -999.250
1.439 1.553 2.455 2.869 3.286 2.264 2.357 0.781 0.250 0.848 3.155 6.633 8.699 15.203 22.085 15.846 14.265 8.346 4.418 0.630 0.000 0.000 0.000 0.400 2.573 2.500 4.713 5.261 6.013 6.085 4.697 6.739 6.200 9.976 7.144 6.397 7.914 4.684 1.900 3.159 4.242 2.405 0.000 0.000 0.000 -999.250 -999.250 -999.250 -999.250 -999.250 -999.250 -999.250 -999.250 -999.250 -999.250 -999.250 -999.250 -999.250 -999.250 -999.250 -999.250 -999.250 -999.250 -999.250 -999.250 -999.250 -999.250 -999.250 -999.250 -999.250
3.701 4.370 3.825 5.658 6.249 6.066 5.402 3.864 2.334 2.896 5.646 4.953 10.156 16.216 16.805 15.172 13.683 8.715 2.103 0.000 0.000 0.000 0.000 0.881 2.902 4.037 4.151 6.611 6.702 7.699 7.188 5.714 8.259 8.266 7.507 8.842 5.656 4.164 3.304 3.813 3.809 3.862 0.000 0.000 0.000 -999.250 -999.250 -999.250 -999.250 -999.250 -999.250 -999.250 -999.250 -999.250 -999.250 -999.250 -999.250 -999.250 -999.250 -999.250 -999.250 -999.250 -999.250 -999.250 -999.250 -999.250 -999.250 -999.250 -999.250 -999.250
3.842 4.333 7.978 5.541 6.643 6.419 5.390 5.899 4.361 3.915 6.078 5.941 9.124 14.838 15.684 14.687 10.496 6.012 3.763 0.000 0.000 0.000 0.035 3.769 3.756 5.856 5.233 7.006 7.136 9.626 8.848 6.609 6.687 5.493 6.753 5.599 7.600 3.914 5.705 4.366 3.662 2.083 2.937 0.109 -999.250 -999.250 -999.250 -999.250 -999.250 -999.250 -999.250 -999.250 -999.250 -999.250 -999.250 -999.250 -999.250 -999.250 -999.250 -999.250 -999.250 -999.250 -999.250 -999.250 -999.250 -999.250 -999.250 -999.250 -999.250 -999.250
6.564 8.062 7.875 7.196 6.499 6.983 5.355 5.983 6.676 7.854 8.224 9.638 9.723 12.052 13.021 9.421 8.181 6.511 5.199 1.367 2.249 1.920 2.892 4.840 8.346 8.392 8.595 8.852 11.666 8.779 6.059 6.591 6.943 9.048 7.989 5.938 7.300 5.012 4.558 6.255 5.242 3.715 4.805 4.321 -999.250 -999.250 -999.250 -999.250 -999.250 -999.250 -999.250 -999.250 -999.250 -999.250 -999.250 -999.250 -999.250 -999.250 -999.250 -999.250 -999.250 -999.250 -999.250 -999.250 -999.250 -999.250 -999.250 -999.250 -999.250 -999.250
10.715 12.690 10.960 9.890 8.383 7.232 6.952 8.130 9.177 7.885 8.679 8.976 11.099 12.579 12.399 11.197 9.584 4.980 2.530 4.421 1.865 2.163 3.042 2.931 7.017 8.883 9.509 12.831 10.277 8.073 7.517 6.722 9.689 8.372 5.476 4.018 7.062 5.784 5.501 4.047 6.587 4.567 6.986 3.643 2.646 1.025 -999.250 -999.250 -999.250 -999.250 -999.250 -999.250 -999.250 -999.250 -999.250 -999.250 -999.250 -999.250 -999.250 -999.250 -999.250 -999.250 -999.250 -999.250 -999.250 -999.250 -999.250 -999.250 -999.250 -999.250
12.977 15.415 11.059 10.068 8.037 8.822 5.952 5.444 7.094 8.280 7.597 7.546 9.278 8.612 10.308 8.792 6.493 3.664 4.051 4.263 3.761 3.639 3.098 2.878 6.014 7.706 10.259 9.576 8.509 10.301 4.929 8.388 9.489 9.890 8.300 8.712 5.426 7.880 5.951 3.994 4.973 2.845 5.877 3.139 5.284 3.063 -999.250 -999.250 -999.250 -999.250 -999.250 -999.250 -999.250 -999.250 -999.250 -999.250 -999.250 -999.250 -999.250 -999.250 -999.250 -999.250 -999.250 -999.250 -999.250 -999.250 -999.250 -999.250 -999.250 -999.250
11.560 11.758 10.442 12.248 8.948 9.133 8.322 5.771 4.252 2.068 7.028 6.313 8.073 8.435 5.456 6.197 4.923 4.458 3.219 5.675 4.787 3.840 4.875 4.859 5.619 9.167 7.829 6.757 8.221 6.662 6.659 8.328 11.547 8.287 7.807 6.164 4.440 5.410 4.547 6.061 2.713 5.682 3.199 4.383 5.742 3.563 -999.250 -999.250 -999.250 -999.250 -999.250 -999.250 -999.250 -999.250 -999.250 -999.250 -999.250 -999.250 -999.250 -999.250 -999.250 -999.250 -999.250 -999.250 -999.250 -999.250 -999.250 -999.250 -999.250 -999.250
8.807 12.214 14.956 10.239 11.514 8.052 6.693 5.513 6.141 3.568 5.406 6.340 6.198 6.222 5.196 5.931 6.127 7.662 7.024 6.836 7.843 6.499 7.181 6.586 7.673 7.989 8.748 9.721 5.910 4.078 5.080 6.671 9.405 7.606 8.201 8.259 4.887 5.424 3.953 3.795 4.987 6.459 4.697 4.029 2.577 -999.250 -999.250 -999.250 -999.250 -999.250 -999.250 -999.250 -999.250 -999.250 -999.250 -999.250 -999.250 -999.250 -999.250 -999.250 -999.250 -999.250 -999.250 -999.250 -999.250 -999.250 -999.250 -999.250 -999.250 -999.250
10.023 14.535 12.256 10.486 7.766 8.680 7.389 4.166 2.948 3.005 2.952 4.467 2.431 2.675 5.788 3.735 4.865 4.860 5.066 9.787 7.871 7.371 6.996 5.549 6.498 5.696 6.525 4.466 6.015 5.039 6.132 6.504 9.697 8.457 8.736 5.689 6.823 6.598 6.812 4.691 4.675 5.315 8.178 4.623 4.467 -999.250 -999.250 -999.250 -999.250 -999.250 -999.250 -999.250 -999.250 -999.250 -999.250 -999.250 -999.250 -999.250 -999.250 -999.250 -999.250 -999.250 -999.250 -999.250 -999.250 -999.250 -999.250 -999.250 -999.250 -999.250
