data/medianmodel_29-Dec-2020.asc
ncols	141
nrows	288
xllcorner	-120191.398
yllcorner	-301404.813
cellsize	2000.000
NODATA_value	-999.250
[rows 203 to 231 of 288, columns 0 to 64 of 141]
-999.250 -999.250 -999.250 -999.250 -999.250 -999.250 -999.250 -999.250 -999.250 -999.250 -999.250 -999.250 -999.250 -999.250 341.147 335.027 342.374 336.727 341.686 342.711 347.015 343.291 339.727 -999.250 -999.250 -999.250 373.061 387.150 385.280 372.396 384.338 381.171 388.090 373.188 383.105 390.191 394.405 426.916 442.523 424.749 434.183 444.510 453.059 461.367 463.862 485.777 498.460 522.409 531.566 574.243 644.670 671.812 673.232 679.466 745.845 838.043 886.232 938.494 927.343 927.795 925.442 977.301 971.571 943.772 1010.959
-999.250 -999.250 -999.250 -999.250 -999.250 -999.250 -999.250 -999.250 -999.250 -999.250 -999.250 -999.250 -999.250 332.532 334.019 326.341 335.643 336.298 337.696 337.203 332.232 331.723 -999.250 -999.250 -999.250 -999.250 -999.250 368.385 371.769 369.089 377.016 354.889 376.307 378.819 368.408 374.329 398.841 408.372 406.974 421.370 423.469 431.035 444.783 454.766 469.009 479.245 495.970 503.698 566.923 592.239 655.458 672.467 718.421 786.227 828.452 884.259 925.603 941.315 952.603 948.338 966.962 1003.210 1016.097 1094.242 1044.584
-999.250 -999.250 -999.250 -999.250 -999.250 -999.250 -999.250 -999.250 -999.250 -999.250 -999.250 -999.250 -999.250 333.474 319.991 326.780 324.744 324.866 331.985 335.362 -999.250 -999.250 -999.250 -999.250 -999.250 -999.250 -999.250 -999.250 352.674 348.294 349.141 359.848 361.296 379.784 368.333 382.543 374.856 382.403 388.516 393.551 401.588 408.008 430.168 431.590 437.907 457.431 474.972 484.841 537.341 575.063 612.029 655.438 717.200 813.228 835.273 874.730 939.354 931.233 928.745 957.975 976.844 1239.947 1160.474 1251.160 1185.309
-999.250 -999.250 -999.250 -999.250 -999.250 -999.250 -999.250 -999.250 -999.250 -999.250 -999.250 -999.250 325.011 308.561 -999.250 -999.250 -999.250 -999.250 -999.250 -999.250 -999.250 -999.250 -999.250 -999.250 -999.250 -999.250 -999.250 -999.250 -999.250 331.185 351.069 345.157 363.103 365.360 374.665 354.674 359.894 377.834 384.460 396.800 387.651 386.794 402.999 429.000 453.600 454.347 457.894 477.511 537.386 570.441 635.406 668.039 714.791 794.182 845.611 872.004 926.573 960.787 962.696 1011.390 1128.523 1158.343 1313.538 1309.328 1303.623
-999.250 -999.250 -999.250 -999.250 -999.250 -999.250 -999.250 -999.250 -999.250 -999.250 -999.250 -999.250 -999.250 -999.250 -999.250 -999.250 -999.250 -999.250 -999.250 -999.250 -999.250 -999.250 -999.250 -999.250 -999.250 -999.250 -999.250 -999.250 -999.250 -999.250 336.681 330.364 339.770 346.393 352.798 351.087 352.035 357.270 368.875 379.006 384.262 393.902 399.977 406.741 436.838 456.129 452.245 474.979 527.558 606.522 621.809 689.211 729.090 760.398 811.654 829.180 944.399 977.159 1027.041 1065.272 1080.121 1278.569 1275.165 1376.770 1353.650
-999.250 -999.250 -999.250 -999.250 -999.250 -999.250 -999.250 -999.250 -999.250 -999.250 -999.250 -999.250 -999.250 -999.250 -999.250 -999.250 -999.250 -999.250 -999.250 -999.250 -999.250 -999.250 -999.250 -999.250 -999.250 -999.250 -999.250 -999.250 -999.250 -999.250 326.861 329.164 336.560 335.780 336.918 341.501 358.222 365.118 357.965 359.362 373.735 390.066 397.669 415.045 414.274 430.880 451.132 469.627 535.112 575.331 685.925 702.901 727.740 765.601 837.793 863.729 927.283 1004.774 1057.368 1147.552 1267.019 1327.930 1331.023 1403.758 1431.317
-999.250 -999.250 -999.250 -999.250 -999.250 -999.250 -999.250 -999.250 -999.250 -999.250 -999.250 -999.250 -999.250 -999.250 -999.250 -999.250 -999.250 -999.250 -999.250 -999.250 -999.250 -999.250 -999.250 -999.250 -999.250 -999.250 -999.250 -999.250 -999.250 -999.250 324.006 329.796 329.129 327.989 338.359 329.898 334.192 343.158 344.326 345.726 357.438 386.012 390.016 397.524 401.787 426.521 438.164 490.259 555.019 570.754 603.727 709.298 724.211 774.833 800.247 828.982 884.008 942.859 1060.806 1125.532 1253.646 1327.673 1322.040 1390.260 1456.198
-999.250 -999.250 -999.250 -999.250 -999.250 -999.250 -999.250 -999.250 -999.250 -999.250 -999.250 -999.250 -999.250 -999.250 -999.250 -999.250 -999.250 -999.250 -999.250 -999.250 -999.250 -999.250 -999.250 -999.250 -999.250 -999.250 -999.250 -999.250 -999.250 -999.250 -999.250 326.867 322.016 337.897 326.774 320.969 326.910 327.828 335.724 337.227 347.650 370.173 385.968 387.964 399.529 413.806 440.057 475.958 538.131 579.301 590.466 636.086 758.031 738.378 796.474 817.068 872.922 912.913 949.543 1017.685 1059.338 1165.509 1298.889 1416.743 1481.660
-999.250 -999.250 -999.250 -999.250 -999.250 -999.250 -999.250 -999.250 -999.250 -999.250 -999.250 -999.250 -999.250 -999.250 -999.250 -999.250 -999.250 -999.250 -999.250 -999.250 -999.250 -999.250 -999.250 -999.250 -999.250 -999.250 -999.250 -999.250 -999.250 -999.250 -999.250 310.615 320.899 326.312 335.368 316.976 330.807 329.557 327.827 332.651 340.271 346.534 363.863 377.918 386.685 401.977 417.426 456.884 503.023 521.123 584.041 620.416 689.314 706.540 741.596 809.116 827.475 874.762 857.423 912.010 939.822 1007.505 1177.456 1330.177 1460.805
-999.250 -999.250 -999.250 -999.250 -999.250 -999.250 -999.250 -999.250 -999.250 -999.250 -999.250 -999.250 -999.250 -999.250 -999.250 -999.250 -999.250 -999.250 -999.250 -999.250 -999.250 -999.250 -999.250 -999.250 -999.250 -999.250 -999.250 -999.250 -999.250 -999.250 -999.250 308.763 315.784 316.413 320.568 312.254 322.992 325.664 328.414 339.949 346.351 339.928 350.432 365.979 369.256 393.896 404.879 444.524 451.312 506.910 534.981 577.782 616.192 640.816 673.996 722.752 773.701 767.861 817.243 851.672 848.510 894.849 972.523 1054.954 1145.729
-999.250 -999.250 -999.250 -999.250 -999.250 -999.250 -999.250 -999.250 -999.250 -999.250 -999.250 -999.250 -999.250 -999.250 -999.250 -999.250 -999.250 -999.250 -999.250 -999.250 -999.250 -999.250 -999.250 -999.250 -999.250 -999.250 -999.250 -999.250 -999.250 -999.250 -999.250 292.002 303.396 303.509 308.775 320.149 325.587 314.162 315.713 319.649 320.771 324.089 331.750 344.261 360.613 371.307 390.816 402.371 447.178 461.977 488.630 514.699 552.404 582.984 617.663 626.824 652.537 666.646 688.330 707.239 766.559 801.056 842.586 887.002 907.386
-999.250 -999.250 -999.250 -999.250 -999.250 -999.250 -999.250 -999.250 -999.250 -999.250 -999.250 -999.250 -999.250 -999.250 -999.250 -999.250 -999.250 -999.250 -999.250 -999.250 -999.250 -999.250 -999.250 -999.250 -999.250 -999.250 -999.250 -999.250 -999.250 -999.250 -999.250 284.563 290.788 303.008 292.145 313.817 310.711 309.282 311.132 308.647 318.882 322.370 331.466 332.093 348.131 349.055 384.709 379.226 408.656 414.474 428.750 476.058 509.516 533.439 565.882 567.163 557.394 591.586 607.566 617.223 647.490 632.254 658.687 681.695 695.159
-999.250 -999.250 -999.250 -999.250 -999.250 -999.250 -999.250 -999.250 -999.250 -999.250 -999.250 -999.250 -999.250 -999.250 -999.250 -999.250 -999.250 -999.250 -999.250 -999.250 -999.250 -999.250 -999.250 -999.250 -999.250 -999.250 -999.250 -999.250 -999.250 -999.250 -999.250 256.890 283.621 286.366 281.208 303.385 288.322 305.631 297.948 298.850 303.499 316.327 329.552 332.573 335.455 333.688 334.898 354.594 383.966 381.824 405.380 416.377 446.278 471.193 468.321 472.971 497.145 501.954 511.401 487.465 480.105 478.282 448.771 461.835 453.159
-999.250 -999.250 -999.250 -999.250 -999.250 -999.250 -999.250 -999.250 -999.250 -999.250 -999.250 -999.250 -999.250 -999.250 -999.250 -999.250 -999.250 -999.250 -999.250 -999.250 -999.250 -999.250 -999.250 -999.250 -999.250 -999.250 -999.250 -999.250 -999.250 -999.250 -999.250 248.274 276.252 269.539 283.509 290.653 284.895 290.481 282.516 289.696 304.103 307.616 305.217 317.869 323.025 317.031 319.721 319.918 339.313 347.377 369.048 382.974 401.952 407.440 409.054 419.959 432.902 428.048 418.118 403.944 378.545 326.542 318.408 284.571 260.603
-999.250 -999.250 -999.250 -999.250 -999.250 -999.250 -999.250 -999.250 -999.250 -999.250 -999.250 -999.250 -999.250 -999.250 -999.250 -999.250 -999.250 -999.250 -999.250 -999.250 -999.250 -999.250 -999.250 -999.250 -999.250 -999.250 -999.250 -999.250 -999.250 -999.250 -999.250 247.007 251.480 257.376 258.908 266.311 272.861 273.792 274.825 285.901 301.695 295.109 292.159 299.698 292.772 306.818 313.080 315.868 314.476 326.940 330.348 335.272 352.434 363.938 353.127 364.449 367.343 383.433 344.599 312.274 278.222 243.327 192.906 149.959 88.866
-999.250 -999.250 -999.250 -999.250 -999.250 -999.250 -999.250 -999.250 -999.250 -999.250 -999.250 -999.250 -999.250 -999.250 -999.250 -999.250 -999.250 -999.250 -999.250 -999.250 -999.250 -999.250 -999.250 -999.250 -999.250 -999.250 -999.250 -999.250 -999.250 -999.250 -999.250 218.908 239.755 243.675 241.438 248.220 253.813 259.491 253.140 276.947 287.497 279.057 285.470 284.509 280.952 286.495 294.439 288.603 299.212 302.523 306.956 307.818 313.312 316.797 310.191 326.304 313.796 312.443 271.023 256.050 200.809 148.542 97.587 62.677 18.343
-999.250 -999.250 -999.250 -999.250 -999.250 -999.250 -999.250 -999.250 -999.250 -999.250 -999.250 -999.250 -999.250 -999.250 -999.250 -999.250 -999.250 -999.250 -999.250 -999.250 -999.250 -999.250 -999.250 -999.250 -999.250 -999.250 -999.250 -999.250 -999.250 -999.250 -999.250 180.951 208.250 204.061 198.382 222.724 215.601 216.223 230.410 255.694 263.185 280.074 284.520 276.201 270.024 256.409 281.928 278.890 273.536 276.071 284.540 275.026 298.823 288.150 285.450 269.227 273.555 239.206 231.790 189.112 137.192 87.752 44.070 23.270 0.000
-999.250 -999.250 -999.250 -999.250 -999.250 -999.250 -999.250 -999.250 -999.250 -999.250 -999.250 -999.250 -999.250 -999.250 -999.250 -999.250 -999.250 -999.250 -999.250 -999.250 -999.250 -999.250 -999.250 -999.250 -999.250 -999.250 -999.250 -999.250 -999.250 -999.250 -999.250 172.040 184.170 182.526 192.239 205.238 189.185 206.491 219.761 226.545 238.320 253.659 249.938 249.586 242.521 229.061 230.720 213.777 221.042 241.332 234.490 241.763 232.883 244.402 229.309 228.713 225.740 198.446 158.334 122.256 93.935 58.971 28.670 6.181 0.000
-999.250 -999.250 -999.250 -999.250 -999.250 -999.250 -999.250 -999.250 -999.250 -999.250 -999.250 -999.250 -999.250 -999.250 -999.250 -999.250 -999.250 -999.250 -999.250 -999.250 -999.250 -999.250 -999.250 -999.250 -999.250 -999.250 -999.250 -999.250 -999.250 -999.250 -999.250 159.959 158.845 169.783 184.519 196.971 188.488 191.998 190.578 208.654 208.213 210.054 203.699 189.494 194.717 206.730 201.067 180.990 195.120 197.209 186.088 193.933 210.422 199.458 198.406 185.260 167.743 145.886 116.888 96.064 66.295 33.940 12.297 0.000 0.000
-999.250 -999.250 -999.250 -999.250 -999.250 -999.250 -999.250 -999.250 -999.250 -999.250 -999.250 -999.250 -999.250 -999.250 -999.250 -999.250 -999.250 -999.250 -999.250 -999.250 -999.250 -999.250 -999.250 -999.250 -999.250 -999.250 -999.250 -999.250 -999.250 -999.250 -999.250 131.988 153.781 153.362 182.962 176.470 169.744 188.377 177.817 185.361 177.374 182.662 186.151 175.031 170.156 184.721 169.446 166.075 160.140 163.694 136.772 169.175 167.105 161.780 165.574 140.384 131.023 122.857 96.643 83.796 46.797 32.008 19.304 0.000 0.000
-999.250 -999.250 -999.250 -999.250 -999.250 -999.250 -999.250 -999.250 -999.250 -999.250 -999.250 -999.250 -999.250 -999.250 -999.250 -999.250 -999.250 -999.250 -999.250 -999.250 -999.250 -999.250 -999.250 -999.250 -999.250 -999.250 -999.250 -999.250 -999.250 -999.250 118.341 125.376 141.922 132.391 151.771 140.958 164.875 156.423 156.127 158.015 148.973 149.401 160.950 155.973 165.121 151.539 154.554 135.707 107.351 112.619 116.893 117.075 121.790 117.991 123.889 126.920 110.552 99.135 80.897 73.414 39.877 32.026 17.336 0.947 9.456
-999.250 -999.250 -999.250 -999.250 -999.250 -999.250 -999.250 -999.250 -999.250 -999.250 -999.250 -999.250 -999.250 -999.250 -999.250 -999.250 -999.250 -999.250 -999.250 -999.250 -999.250 -999.250 -999.250 -999.250 -999.250 -999.250 -999.250 -999.250 -999.250 -999.250 100.662 110.480 114.914 121.601 124.051 126.270 145.875 142.669 143.979 139.311 148.762 143.123 125.714 134.724 130.080 135.793 120.852 104.553 104.158 92.439 98.548 95.851 96.597 105.390 102.385 99.015 89.973 77.335 73.197 56.339 40.965 25.177 20.463 15.704 29.938
-999.250 -999.250 -999.250 -999.250 -999.250 -999.250 -999.250 -999.250 -999.250 -999.250 -999.250 -999.250 -999.250 -999.250 -999.250 -999.250 -999.250 -999.250 -999.250 -999.250 -999.250 -999.250 -999.250 -999.250 -999.250 -999.250 -999.250 -999.250 -999.250 -999.250 96.395 116.174 110.405 112.421 115.457 135.040 138.825 133.745 123.390 126.406 117.997 119.140 119.583 106.504 101.769 105.795 97.026 92.370 89.995 84.818 85.246 87.386 82.232 87.704 81.620 83.084 80.066 76.534 63.306 43.990 36.348 31.626 20.130 33.018 43.327
-999.250 -999.250 -999.250 -999.250 -999.250 -999.250 -999.250 -999.250 -999.250 -999.250 -999.250 -999.250 -999.250 -999.250 -999.250 -999.250 -999.250 -999.250 -999.250 -999.250 -999.250 -999.250 -999.250 -999.250 -999.250 -999.250 -999.250 -999.250 -999.250 -999.250 93.070 93.338 102.670 104.449 116.707 131.580 126.641 129.384 113.724 117.436 101.887 106.178 104.984 98.001 89.242 80.553 75.245 69.250 77.182 72.671 58.358 58.674 71.672 58.656 70.741 66.771 74.166 72.605 66.938 50.597 38.083 35.697 36.280 43.126 57.826
-999.250 -999.250 -999.250 -999.250 -999.250 -999.250 -999.250 -999.250 -999.250 -999.250 -999.250 -999.250 -999.250 -999.250 -999.250 -999.250 -999.250 -999.250 -999.250 -999.250 -999.250 -999.250 -999.250 -999.250 -999.250 -999.250 -999.250 -999.250 -999.250 86.693 89.881 94.617 104.770 114.326 113.617 124.777 124.892 115.448 101.353 95.773 92.406 95.934 83.074 76.907 76.974 55.939 48.301 45.839 47.528 43.171 43.480 42.268 39.935 43.932 54.227 49.540 68.530 76.482 65.400 46.922 46.570 46.627 51.858 68.102 83.266
-999.250 -999.250 -999.250 -999.250 -999.250 -999.250 -999.250 -999.250 -999.250 -999.250 -999.250 -999.250 -999.250 -999.250 -999.250 -999.250 -999.250 -999.250 -999.250 -999.250 -999.250 -999.250 -999.250 -999.250 -999.250 -999.250 -999.250 -999.250 -999.250 82.813 91.099 89.719 98.998 102.208 102.178 125.727 134.556 115.635 98.520 96.159 85.814 82.970 70.479 45.998 46.782 44.158 43.106 35.277 36.448 31.100 32.385 32.979 33.250 30.269 39.447 42.206 56.796 59.272 55.670 44.468 51.853 67.369 69.921 73.246 91.968
-999.250 -999.250 -999.250 -999.250 -999.250 -999.250 -999.250 -999.250 -999.250 -999.250 -999.250 -999.250 -999.250 -999.250 -999.250 -999.250 -999.250 -999.250 -999.250 -999.250 -999.250 -999.250 -999.250 -999.250 -999.250 -999.250 -999.250 -999.250 86.591 81.220 84.206 85.421 88.377 93.958 99.890 120.994 138.932 120.325 100.357 85.190 80.503 55.197 51.537 44.135 37.971 31.971 30.836 27.770 26.467 30.446 26.391 25.278 28.832 24.989 32.177 35.157 39.809 41.332 52.148 49.454 51.065 68.700 74.715 81.520 106.158
-999.250 -999.250 -999.250 -999.250 -999.250 -999.250 -999.250 -999.250 -999.250 -999.250 -999.250 -999.250 -999.250 -999.250 -999.250 -999.250 -999.250 -999.250 -999.250 -999.250 -999.250 -999.250 -999.250 -999.250 -999.250 -999.250 -999.250 -999.250 80.439 79.052 79.578 83.051 81.334 88.269 102.914 104.326 119.851 100.878 90.843 82.736 68.781 67.185 43.699 41.290 33.173 31.323 13.433 16.351 19.900 18.114 12.738 14.735 10.040 10.098 17.886 24.134 28.389 36.659 41.234 45.064 49.427 68.718 69.082 88.455 115.384
-999.250 -999.250 -999.250 -999.250 -999.250 -999.250 -999.250 -999.250 -999.250 -999.250 -999.250 -999.250 -999.250 -999.250 -999.250 -999.250 -999.250 -999.250 -999.250 -999.250 -999.250 -999.250 -999.250 -999.250 -999.250 -999.250 -999.250 85.351 84.324 85.952 84.637 84.358 84.528 88.876 87.999 101.995 95.560 95.567 87.112 84.418 73.449 55.493 36.220 35.385 27.620 24.388 9.104 17.145 13.973 4.607 3.652 7.211 12.080 0.779 6.776 21.035 22.465 23.881 35.660 41.105 48.004 68.974 84.388 109.448 126.812
