data/medianmodel_01-Jun-2020.asc
ncols	141
nrows	288
xllcorner	-120191.398
yllcorner	-301404.813
cellsize	2000.000
NODATA_value	-999.250
[rows 93 to 123 of 288, columns 0 to 68 of 141]
-999.250 -999.250 -999.250 -999.250 -999.250 -999.250 -999.250 -999.250 -999.250 -999.250 -999.250 -999.250 -999.250 -999.250 -999.250 -999.250 -999.250 -999.250 -999.250 -999.250 -999.250 -999.250 -999.250 -999.250 -999.250 -999.250 -999.250 -999.250 -999.250 -999.250 -999.250 4.236 4.816 4.383 3.734 2.117 2.538 4.629 3.649 5.612 6.194 7.776 7.165 3.293 2.082 1.161 3.669 2.547 2.735 1.127 0.000 0.000 0.000 0.000 0.000 0.000 0.000 0.000 0.000 0.000 0.000 0.000 0.000 0.000 0.000 0.000 0.000 0.000 0.000
-999.250 -999.250 -999.250 -999.250 -999.250 -999.250 -999.250 -999.250 -999.250 -999.250 -999.250 -999.250 -999.250 -999.250 -999.250 -999.250 -999.250 -999.250 -999.250 -999.250 -999.250 -999.250 -999.250 -999.250 -999.250 -999.250 -999.250 -999.250 -999.250 -999.250 -999.250 3.740 3.867 4.858 2.962 1.357 1.067 2.986 4.551 4.154 2.876 5.605 4.669 3.343 0.783 1.431 0.000 0.000 0.000 0.457 0.000 0.000 0.000 0.000 0.000 0.000 0.000 0.000 0.000 0.000 0.000 0.000 0.000 0.000 0.000 0.000 0.000 0.000 0.000
-999.250 -999.250 -999.250 -999.250 -999.250 -999.250 -999.250 -999.250 -999.250 -999.250 -999.250 -999.250 -999.250 -999.250 -999.250 -999.250 -999.250 -999.250 -999.250 -999.250 -999.250 -999.250 -999.250 -999.250 -999.250 -999.250 -999.250 -999.250 -999.250 -999.250 -999.250 6.211 4.707 4.274 8.452 4.898 4.747 3.336 5.164 3.518 1.918 2.937 1.292 3.151 1.129 0.000 0.000 0.000 0.000 0.000 0.050 0.000 0.000 0.000 0.000 0.000 0.000 0.000 0.000 0.000 0.000 0.000 0.000 0.000 0.000 0.000 0.000 0.000 0.000
-999.250 -999.250 -999.250 -999.250 -999.250 -999.250 -999.250 -999.250 -999.250 -999.250 -999.250 -999.250 -999.250 -999.250 -999.250 -999.250 -999.250 -999.250 -999.250 -999.250 -999.250 -999.250 -999.250 -999.250 -999.250 -999.250 -999.250 -999.250 -999.250 -999.250 5.298 4.153 6.069 4.640 4.938 4.231 4.048 3.093 3.508 2.491 3.512 2.843 0.821 3.087 1.869 0.020 0.006 0.000 0.000 0.333 0.000 0.087 0.000 0.000 0.000 0.000 0.000 0.000 0.000 0.000 0.000 0.000 0.000 0.000 0.000 0.000 0.000 0.000 0.000
-999.250 -999.250 -999.250 -999.250 -999.250 -999.250 -999.250 -999.250 -999.250 -999.250 -999.250 -999.250 -999.250 -999.250 -999.250 -999.250 -999.250 -999.250 -999.250 -999.250 -999.250 -999.250 -999.250 -999.250 -999.250 -999.250 -999.250 -999.250 -999.250 -999.250 3.767 4.101 4.761 4.005 1.549 3.247 3.870 4.077 3.240 0.000 1.315 0.554 0.331 1.710 0.775 0.744 5.022 0.989 0.438 0.000 0.000 0.000 0.000 0.000 0.000 0.000 0.000 0.000 0.000 0.000 0.000 0.000 0.000 0.000 0.000 0.000 0.000 0.000 0.000
-999.250 -999.250 -999.250 -999.250 -999.250 -999.250 -999.250 -999.250 -999.250 -999.250 -999.250 -999.250 -999.250 -999.250 -999.250 -999.250 -999.250 -999.250 -999.250 -999.250 -999.250 -999.250 -999.250 -999.250 -999.250 -999.250 -999.250 -999.250 -999.250 -999.250 3.940 3.267 4.000 3.219 2.955 1.912 1.062 1.548 1.071 0.000 0.222 0.000 0.000 2.176 1.214 0.312 1.446 0.428 1.690 1.974 0.000 0.000 0.000 0.000 0.000 0.000 0.000 0.000 0.000 0.000 0.000 0.000 0.000 0.000 0.000 0.000 0.000 0.000 0.000
-999.250 -999.250 -999.250 -999.250 -999.250 -999.250 -999.250 -999.250 -999.250 -999.250 -999.250 -999.250 -999.250 -999.250 -999.250 -999.250 -999.250 -999.250 -999.250 -999.250 -999.250 -999.250 -999.250 -999.250 -999.250 -999.250 -999.250 -999.250 -999.250 -999.250 2.802 3.220 4.605 3.836 3.562 3.839 2.317 1.331 1.572 1.792 2.856 0.000 0.217 0.002 0.000 0.972 1.453 0.980 0.874 0.325 0.000 0.000 0.000 0.000 0.000 0.000 0.000 0.000 0.000 0.000 0.000 0.000 0.000 0.000 0.000 0.000 0.000 0.000 0.000
-999.250 -999.250 -999.250 -999.250 -999.250 -999.250 -999.250 -999.250 -999.250 -999.250 -999.250 -999.250 -999.250 -999.250 -999.250 -999.250 -999.250 -999.250 -999.250 -999.250 -999.250 -999.250 -999.250 -999.250 -999.250 -999.250 -999.250 -999.250 -999.250 3.475 4.333 5.168 4.129 2.709 2.119 3.823 3.471 3.120 1.709 0.595 1.149 0.022 0.999 1.369 1.195 2.025 1.492 2.421 1.554 0.964 1.684 0.331 0.000 0.000 0.000 0.000 0.000 0.000 0.000 0.000 0.000 0.000 0.000 0.000 0.000 0.000 0.000 0.000 0.000
-999.250 -999.250 -999.250 -999.250 -999.250 -999.250 -999.250 -999.250 -999.250 -999.250 -999.250 -999.250 -999.250 -999.250 -999.250 -999.250 -999.250 -999.250 -999.250 -999.250 -999.250 -999.250 -999.250 -999.250 -999.250 -999.250 -999.250 -999.250 -999.250 6.034 5.791 5.979 3.514 3.007 2.434 1.949 1.026 2.730 2.325 2.711 3.310 1.217 3.557 2.196 2.686 2.772 1.211 0.635 1.884 0.714 2.164 0.000 0.000 0.000 0.000 0.000 0.000 0.000 0.000 0.000 0.000 0.000 0.000 0.000 0.000 0.000 0.000 0.000 0.000
-999.250 -999.250 -999.250 -999.250 -999.250 -999.250 -999.250 -999.250 -999.250 -999.250 -999.250 -999.250 -999.250 -999.250 -999.250 -999.250 -999.250 -999.250 -999.250 -999.250 -999.250 -999.250 -999.250 -999.250 -999.250 -999.250 -999.250 -999.250 -999.250 5.489 5.328 4.608 2.583 4.386 2.595 2.025 2.046 2.641 4.905 3.750 3.690 3.466 2.617 0.000 2.546 1.311 1.643 2.118 2.995 2.465 0.000 0.000 0.000 0.000 0.000 0.000 0.000 0.000 0.000 0.000 0.000 0.000 0.000 0.000 0.000 0.000 0.000 0.000 0.000
-999.250 -999.250 -999.250 -999.250 -999.250 -999.250 -999.250 -999.250 -999.250 -999.250 -999.250 -999.250 -999.250 -999.250 -999.250 -999.250 -999.250 -999.250 -999.250 -999.250 -999.250 -999.250 -999.250 -999.250 -999.250 -999.250 -999.250 -999.250 -999.250 5.414 6.796 5.606 5.738 4.147 2.718 3.003 2.664 6.776 5.567 4.926 4.381 5.823 3.081 1.708 1.948 3.011 4.718 5.568 6.525 3.884 1.897 0.000 0.000 0.000 0.000 0.000 0.000 0.000 0.000 0.000 0.000 0.000 0.000 0.000 0.000 0.071 0.000 0.000 0.000
-999.250 -999.250 -999.250 -999.250 -999.250 -999.250 -999.250 -999.250 -999.250 -999.250 -999.250 -999.250 -999.250 -999.250 -999.250 -999.250 -999.250 -999.250 -999.250 -999.250 -999.250 -999.250 -999.250 -999.250 -999.250 -999.250 -999.250 -999.250 4.090 3.248 4.879 5.994 4.556 2.844 2.963 4.159 4.086 4.180 4.538 4.454 5.398 7.137 4.950 4.051 4.209 6.275 9.874 7.759 5.861 3.964 3.627 1.860 0.142 0.000 0.600 1.529 2.160 0.000 0.000 0.137 0.000 0.000 0.000 0.000 0.000 0.000 0.000 0.000 0.403
-999.250 -999.250 -999.250 -999.250 -999.250 -999.250 -999.250 -999.250 -999.250 -999.250 -999.250 -999.250 -999.250 -999.250 -999.250 -999.250 -999.250 -999.250 -999.250 -999.250 -999.250 -999.250 -999.250 -999.250 -999.250 -999.250 -999.250 -999.250 4.214 4.229 3.709 5.539 2.738 3.955 2.633 2.728 3.908 7.022 6.625 5.979 6.570 5.681 5.303 5.997 4.519 8.353 19.379 11.904 5.821 4.061 3.752 1.379 2.411 2.448 3.675 1.742 1.348 3.294 2.195 0.983 0.000 0.373 0.000 0.000 0.369 0.000 0.000 0.007 0.000
-999.250 -999.250 -999.250 -999.250 -999.250 -999.250 -999.250 -999.250 -999.250 -999.250 -999.250 -999.250 -999.250 -999.250 -999.250 -999.250 -999.250 -999.250 -999.250 -999.250 -999.250 -999.250 -999.250 -999.250 -999.250 -999.250 -999.250 4.175 5.058 3.810 4.565 4.674 2.225 2.094 2.641 4.143 5.222 7.182 11.893 8.989 3.684 5.305 4.886 4.361 6.715 7.465 8.944 9.329 3.787 3.760 3.738 1.806 4.476 5.457 5.291 4.566 4.164 2.442 0.000 2.464 0.890 1.639 2.246 2.529 2.090 0.000 0.000 0.000 0.000
-999.250 -999.250 -999.250 -999.250 -999.250 -999.250 -999.250 -999.250 -999.250 -999.250 -999.250 -999.250 -999.250 -999.250 -999.250 -999.250 -999.250 -999.250 -999.250 -999.250 -999.250 -999.250 -999.250 -999.250 -999.250 -999.250 -999.250 5.982 3.259 3.969 3.616 3.660 4.278 3.631 3.013 5.231 4.544 8.194 6.933 6.410 4.878 5.527 3.989 4.486 3.685 7.799 7.305 6.612 3.436 4.204 2.196 3.720 4.801 8.814 14.411 6.220 2.770 2.207 1.679 2.304 0.500 1.934 3.733 9.079 5.272 0.728 1.562 0.000 0.000
-999.250 -999.250 -999.250 -999.250 -999.250 -999.250 -999.250 -999.250 -999.250 -999.250 -999.250 -999.250 -999.250 -999.250 -999.250 -999.250 -999.250 -999.250 -999.250 -999.250 -999.250 -999.250 -999.250 -999.250 -999.250 -999.250 -999.250 3.891 2.627 4.057 3.942 4.654 3.667 5.476 3.542 5.037 4.766 6.079 6.060 4.946 4.054 5.161 5.018 3.769 3.789 4.180 3.982 5.086 4.839 3.327 3.913 2.586 4.386 6.752 6.753 6.220 1.796 1.193 0.832 1.132 0.405 0.966 2.581 5.093 2.688 2.140 0.000 0.000 0.000
-999.250 -999.250 -999.250 -999.250 -999.250 -999.250 -999.250 -999.250 -999.250 -999.250 -999.250 -999.250 -999.250 -999.250 -999.250 -999.250 -999.250 -999.250 -999.250 -999.250 -999.250 -999.250 -999.250 -999.250 -999.250 -999.250 -999.250 3.897 2.327 4.409 6.809 4.133 3.759 4.419 5.481 5.223 6.405 4.505 5.631 4.523 2.812 5.847 4.212 3.042 4.478 3.113 1.132 4.166 4.834 2.855 2.769 0.336 2.515 4.116 6.880 3.893 4.274 3.326 2.024 0.000 0.000 0.000 0.737 1.400 3.679 1.358 0.000 0.000 0.000
-999.250 -999.250 -999.250 -999.250 -999.250 -999.250 -999.250 -999.250 -999.250 -999.250 -999.250 -999.250 -999.250 -999.250 -999.250 -999.250 -999.250 -999.250 -999.250 -999.250 -999.250 -999.250 -999.250 -999.250 -999.250 -999.250 -999.250 -999.250 2.247 4.484 4.401 5.772 3.975 3.463 3.639 4.185 4.942 6.187 6.527 6.175 5.084 4.436 3.957 3.870 4.246 3.018 1.704 5.066 3.556 3.938 0.973 0.134 0.197 2.678 3.592 3.173 2.031 1.339 0.000 0.000 0.000 0.000 0.000 0.000 0.000 0.000 0.000 0.000 0.000
-999.250 -999.250 -999.250 -999.250 -999.250 -999.250 -999.250 -999.250 -999.250 -999.250 -999.250 -999.250 -999.250 -999.250 -999.250 -999.250 -999.250 -999.250 -999.250 -999.250 -999.250 -999.250 -999.250 -999.250 -999.250 -999.250 -999.250 -999.250 2.391 2.502 3.288 4.472 5.362 2.849 2.456 2.672 5.421 5.574 6.933 6.350 5.266 3.760 3.014 3.594 3.725 2.546 2.836 2.695 4.663 3.110 1.249 0.000 0.000 1.449 3.780 6.230 4.262 1.983 0.000 0.000 0.000 0.000 0.000 0.000 0.000 0.000 0.000 0.000 0.000
-999.250 -999.250 -999.250 -999.250 -999.250 -999.250 -999.250 -999.250 -999.250 -999.250 -999.250 -999.250 -999.250 -999.250 -999.250 -999.250 -999.250 -999.250 -999.250 -999.250 -999.250 -999.250 -999.250 -999.250 -999.250 -999.250 -999.250 -999.250 2.277 3.011 3.646 4.354 6.474 6.308 3.587 4.564 6.277 6.979 7.038 8.505 6.031 6.463 2.353 3.156 4.663 4.842 2.992 2.403 2.305 2.911 0.000 0.000 0.000 3.817 5.767 11.656 6.932 2.337 0.000 0.000 0.000 0.000 0.000 0.000 0.000 0.000 0.000 0.000 0.000
-999.250 -999.250 -999.250 -999.250 -999.250 -999.250 -999.250 -999.250 -999.250 -999.250 -999.250 -999.250 -999.250 -999.250 -999.250 -999.250 -999.250 -999.250 -999.250 -999.250 -999.250 -999.250 -999.250 -999.250 -999.250 -999.250 -999.250 -999.250 3.209 1.502 4.255 3.490 5.148 6.660 7.343 4.539 6.544 7.712 9.157 8.061 7.072 4.104 4.132 2.550 3.339 5.639 2.039 0.748 0.538 0.000 0.000 0.000 0.000 0.393 2.591 5.851 3.668 4.262 0.000 0.000 0.000 0.000 0.000 0.000 0.000 0.000 0.000 0.000 0.000
-999.250 -999.250 -999.250 -999.250 -999.250 -999.250 -999.250 -999.250 -999.250 -999.250 -999.250 -999.250 -999.250 -999.250 -999.250 -999.250 -999.250 -999.250 -999.250 -999.250 -999.250 -999.250 -999.250 -999.250 -999.250 -999.250 -999.250 -999.250 4.368 4.759 3.330 2.955 4.615 7.093 6.443 8.234 7.602 6.766 8.661 9.474 6.829 5.126 3.657 2.333 0.831 0.569 2.371 3.640 2.963 1.796 0.000 0.000 0.000 0.594 2.401 1.972 2.211 0.000 0.000 0.000 0.000 0.000 0.000 0.000 0.000 0.000 0.000 0.000 0.000
-999.250 -999.250 -999.250 -999.250 -999.250 -999.250 -999.250 -999.250 -999.250 -999.250 -999.250 -999.250 -999.250 -999.250 -999.250 -999.250 -999.250 -999.250 -999.250 -999.250 -999.250 -999.250 -999.250 -999.250 -999.250 -999.250 -999.250 4.540 5.745 5.055 4.328 6.253 5.908 6.946 6.634 8.930 8.255 6.935 9.134 17.523 6.880 4.504 3.785 4.618 2.894 1.133 2.840 5.677 4.730 4.899 0.263 0.000 0.000 0.017 1.498 0.000 0.000 0.000 0.000 0.000 0.000 0.000 0.000 0.000 0.000 0.000 0.000 0.000 0.000
-999.250 -999.250 -999.250 -999.250 -999.250 -999.250 -999.250 -999.250 -999.250 -999.250 -999.250 -999.250 -999.250 -999.250 -999.250 -999.250 -999.250 -999.250 -999.250 -999.250 -999.250 -999.250 -999.250 -999.250 -999.250 -999.250 -999.250 5.986 5.581 3.289 5.206 5.723 7.824 6.025 6.885 9.007 7.359 7.389 8.803 10.213 6.706 5.578 4.042 5.319 4.079 3.644 3.325 8.194 8.967 8.964 5.281 2.171 1.463 0.000 0.000 0.000 0.000 0.000 0.000 0.000 0.000 0.000 0.000 0.000 0.000 0.000 0.000 0.000 0.000
-999.250 -999.250 -999.250 -999.250 -999.250 -999.250 -999.250 -999.250 -999.250 -999.250 -999.250 -999.250 -999.250 -999.250 -999.250 -999.250 -999.250 -999.250 -999.250 -999.250 -999.250 -999.250 -999.250 -999.250 -999.250 -999.250 -999.250 4.387 4.888 5.934 5.249 5.980 5.915 5.580 1.734 8.831 6.772 6.965 8.104 8.021 7.169 4.278 6.215 3.615 1.760 3.912 4.686 8.021 10.793 18.529 7.430 1.672 0.000 0.000 0.000 0.000 0.000 0.000 0.000 0.000 0.000 0.000 0.000 0.000 0.000 0.000 0.000 0.000 0.000
-999.250 -999.250 -999.250 -999.250 -999.250 -999.250 -999.250 -999.250 -999.250 -999.250 -999.250 -999.250 -999.250 -999.250 -999.250 -999.250 -999.250 -999.250 -999.250 -999.250 -999.250 -999.250 -999.250 -999.250 -999.250 -999.250 3.014 4.091 4.491 2.903 5.330 5.047 7.318 5.808 3.960 4.901 5.926 7.754 7.677 9.232 3.665 5.180 6.177 6.492 2.560 3.245 5.585 5.438 6.966 8.699 7.715 3.710 0.000 0.000 0.000 0.000 0.000 0.000 0.000 0.000 0.000 0.000 0.000 0.000 0.000 0.000 0.000 0.000 0.000
-999.250 -999.250 -999.250 -999.250 -999.250 -999.250 -999.250 -999.250 -999.250 -999.250 -999.250 -999.250 -999.250 -999.250 -999.250 -999.250 -999.250 -999.250 -999.250 -999.250 -999.250 -999.250 -999.250 -999.250 -999.250 -999.250 3.732 2.899 1.701 3.739 4.303 6.817 5.735 4.076 4.146 5.484 4.212 5.863 4.769 7.825 5.728 3.644 3.362 4.799 5.446 4.212 4.709 5.612 6.186 5.766 4.092 2.122 0.003 0.000 0.000 0.000 0.000 0.000 0.000 0.000 0.000 0.000 0.000 0.000 0.000 0.000 0.000 0.000 0.139
-999.250 -999.250 -999.250 -999.250 -999.250 -999.250 -999.250 -999.250 -999.250 -999.250 -999.250 -999.250 -999.250 -999.250 -999.250 -999.250 -999.250 -999.250 -999.250 -999.250 -999.250 -999.250 -999.250 -999.250 -999.250 -999.250 1.958 3.183 3.986 4.224 4.131 6.680 7.549 5.137 5.042 5.521 5.439 4.752 5.241 4.478 5.304 3.348 2.633 4.581 3.356 3.456 4.969 5.210 4.234 2.826 2.441 3.804 1.746 0.000 0.000 0.000 0.000 0.000 0.000 0.000 0.000 0.000 0.000 0.000 0.000 0.000 0.000 0.000 0.313
-999.250 -999.250 -999.250 -999.250 -999.250 -999.250 -999.250 -999.250 -999.250 -999.250 -999.250 -999.250 -999.250 -999.250 -999.250 -999.250 -999.250 -999.250 -999.250 -999.250 -999.250 -999.250 -999.250 -999.250 -999.250 3.738 1.512 4.766 4.360 4.622 3.001 6.733 8.125 7.641 5.098 4.673 5.909 5.409 5.755 6.037 4.738 4.122 2.462 4.057 2.569 3.330 3.886 4.382 3.142 2.214 1.405 1.344 0.000 0.000 0.000 0.000 0.000 0.000 0.000 0.000 0.000 0.000 0.000 0.000 0.000 0.000 0.000 0.000 0.000
-999.250 -999.250 -999.250 -999.250 -999.250 -999.250 -999.250 -999.250 -999.250 -999.250 -999.250 -999.250 -999.250 -999.250 -999.250 -999.250 -999.250 -999.250 -999.250 -999.250 -999.250 -999.250 -999.250 -999.250 -999.250 2.764 1.105 2.924 5.068 4.385 4.152 10.034 6.938 5.024 5.459 5.048 3.641 3.757 4.435 3.769 3.066 3.908 4.627 5.780 2.285 3.643 5.549 8.306 4.611 3.338 0.802 1.278 0.000 0.000 0.000 0.000 0.000 0.000 0.000 0.000 0.000 0.000 0.000 0.000 0.000 0.000 0.000 0.000 0.000
-999.250 -999.250 -999.250 -999.250 -999.250 -999.250 -999.250 -999.250 -999.250 -999.250 -999.250 -999.250 -999.250 -999.250 -999.250 -999.250 -999.250 -999.250 -999.250 -999.250 -999.250 -999.250 -999.250 -999.250 -999.250 4.369 3.335 0.988 3.562 3.205 4.696 7.017 6.153 6.930 7.070 4.775 4.039 5.614 7.773 3.202 3.220 4.219 4.023 4.875 5.167 4.553 4.920 3.241 2.575 3.124 1.018 0.000 0.000 0.000 0.000 0.000 0.000 0.000 0.000 0.000 0.000 0.000 0.000 0.000 0.000 0.000 0.000 0.000 0.000
