data/medianmodel_01-May-2020.asc
ncols	141
nrows	288
xllcorner	-120191.398
yllcorner	-301404.813
cellsize	2000.000
NODATA_value	-999.250
[rows 155 to 185 of 288, columns 0 to 68 of 141]
-999.250 -999.250 -999.250 -999.250 -999.250 -999.250 -999.250 4.177 3.576 2.676 4.318 4.009 2.961 0.281 0.000 0.000 4.190 4.381 7.657 10.889 11.137 11.160 11.242 9.574 11.220 14.721 13.862 16.832 18.027 21.908 33.053 30.752 28.566 35.556 33.373 35.755 27.647 28.003 30.478 36.760 26.312 28.288 22.759 21.131 21.749 25.832 29.642 33.738 28.677 26.311 19.799 21.361 19.189 15.187 12.679 16.200 15.457 13.050 14.160 11.647 10.230 13.233 9.785 7.458 8.997 5.895 6.026 6.935 6.659
-999.250 -999.250 -999.250 -999.250 -999.250 -999.250 -999.250 4.386 3.941 2.827 4.603 2.544 2.248 1.208 2.857 2.376 2.775 3.241 5.815 7.527 7.750 8.359 8.071 10.730 14.685 13.476 16.042 21.702 21.300 29.041 34.700 30.976 30.414 36.728 29.919 29.865 33.174 35.504 33.635 37.803 36.701 29.668 25.573 27.867 28.452 28.202 33.009 31.535 25.528 24.846 25.497 26.761 20.170 18.328 20.955 16.475 14.330 14.671 13.974 12.804 11.877 10.823 7.407 6.175 6.347 6.868 4.873 5.884 5.572
-999.250 -999.250 -999.250 -999.250 -999.250 -999.250 -999.250 4.181 3.064 4.338 3.918 4.411 4.334 1.345 2.197 0.847 1.104 0.463 3.328 3.963 6.118 7.030 9.245 10.186 11.742 13.217 18.083 21.388 20.298 26.880 26.870 35.266 33.831 33.220 35.820 30.656 32.510 32.280 37.067 38.572 37.723 34.615 33.989 35.169 33.107 28.538 32.588 31.629 36.868 29.422 24.919 25.555 21.869 21.498 22.730 20.907 15.397 14.008 14.430 14.623 11.200 8.214 7.856 6.483 5.250 4.408 4.482 4.058 6.227
-999.250 -999.250 -999.250 -999.250 -999.250 -999.250 -999.250 5.616 4.586 4.424 5.344 5.036 3.801 2.191 1.010 0.621 0.000 0.480 0.670 4.346 4.434 6.835 10.402 8.088 11.590 16.319 20.647 22.585 26.653 30.418 36.546 33.510 36.015 34.236 38.320 33.631 39.383 38.167 33.514 38.281 42.865 40.093 37.796 38.026 42.411 40.420 37.199 33.242 36.296 34.822 33.644 30.078 26.255 22.245 20.809 15.907 16.586 14.273 12.509 10.072 11.398 7.945 8.159 5.316 3.846 3.127 3.115 4.081 5.749
-999.250 -999.250 -999.250 -999.250 -999.250 -999.250 -999.250 -999.250 5.112 6.772 6.685 6.189 3.798 3.272 1.327 0.000 0.000 0.094 0.276 2.344 3.720 6.667 9.399 14.368 16.189 16.032 19.748 25.120 29.082 33.263 37.373 38.614 39.174 42.124 45.208 41.588 39.380 42.117 42.766 42.401 42.289 39.247 42.053 38.810 35.211 39.202 39.537 36.745 35.703 38.769 34.540 24.057 23.235 28.566 20.855 15.572 16.029 13.991 8.352 8.630 7.599 6.975 7.855 5.749 1.933 0.395 1.235 2.358 5.434
-999.250 -999.250 -999.250 -999.250 -999.250 -999.250 -999.250 -999.250 8.412 7.735 6.636 6.683 3.949 1.705 0.000 0.000 0.000 0.000 0.000 0.885 3.909 6.710 10.847 15.617 16.303 16.970 20.536 26.316 29.847 28.809 32.565 35.912 38.942 44.161 42.010 40.932 46.924 42.523 33.636 40.350 40.590 42.499 44.092 36.741 36.069 42.115 41.126 37.941 41.124 40.720 32.068 28.849 23.786 24.302 19.417 16.599 17.250 15.363 12.470 9.205 5.656 5.947 6.406 5.359 1.936 0.000 0.864 2.691 6.506
-999.250 -999.250 -999.250 -999.250 -999.250 -999.250 -999.250 9.586 6.622 7.294 7.046 5.889 4.882 3.600 0.080 0.000 0.007 0.000 0.000 0.000 0.633 5.756 12.148 18.041 21.813 31.300 26.170 37.523 34.235 35.339 38.320 35.251 43.208 40.176 40.196 42.846 43.538 40.959 33.203 33.948 32.958 37.719 40.968 34.853 35.943 34.232 34.077 36.972 36.352 38.679 35.401 32.480 27.906 25.027 18.872 18.623 14.073 13.532 11.966 9.099 8.052 6.081 7.166 5.181 3.330 2.621 2.609 4.877 6.146
-999.250 -999.250 -999.250 -999.250 -999.250 -999.250 -999.250 8.758 9.537 9.326 7.259 8.333 4.754 4.396 2.473 0.995 1.818 0.403 0.023 0.000 0.000 7.013 16.538 19.721 25.873 24.928 37.098 40.053 37.639 32.545 33.409 31.897 32.636 38.171 32.004 34.621 35.357 25.355 22.039 24.469 25.554 31.327 36.491 35.795 33.647 34.454 36.702 37.554 40.184 33.976 29.813 29.394 26.366 27.637 23.434 16.244 13.685 12.744 10.305 9.963 6.972 5.759 6.176 6.533 5.294 3.554 4.472 6.734 6.416
-999.250 -999.250 -999.250 -999.250 -999.250 -999.250 -999.250 10.157 9.997 9.666 9.242 7.499 8.008 5.013 3.014 2.934 1.765 1.217 2.595 2.768 6.656 9.284 17.085 22.179 30.427 30.892 32.259 42.675 34.532 36.945 38.901 36.634 34.797 34.655 27.390 28.652 27.657 19.654 13.306 14.566 21.495 24.637 28.919 32.691 35.634 36.159 38.615 38.378 41.557 30.229 31.733 23.864 25.011 23.904 15.841 15.792 10.612 8.628 10.204 10.200 8.762 5.306 7.122 4.372 3.726 4.504 6.834 6.574 5.000
-999.250 -999.250 -999.250 -999.250 -999.250 -999.250 -999.250 13.640 9.962 12.052 11.928 9.794 7.328 5.210 4.844 4.184 1.826 2.473 5.126 8.099 12.515 15.476 17.417 24.996 34.016 32.552 40.079 43.053 44.158 37.087 32.999 34.607 34.847 27.329 25.235 23.766 18.684 17.374 12.541 12.350 18.084 28.226 24.055 27.485 31.906 31.273 37.281 40.896 36.180 37.675 26.797 23.931 20.536 16.321 12.690 13.240 8.550 9.388 10.065 10.342 9.094 7.097 6.340 6.367 3.709 3.895 6.214 9.087 5.704
-999.250 -999.250 -999.250 -999.250 -999.250 -999.250 11.523 12.377 13.480 13.296 11.007 10.393 6.609 4.163 2.718 3.898 4.100 5.473 5.398 10.194 11.969 17.747 24.489 29.093 34.885 42.200 45.993 47.603 47.279 42.003 36.859 33.553 32.596 23.576 20.636 20.502 18.489 14.404 9.660 8.623 14.496 19.959 17.554 26.179 29.989 27.017 34.224 40.563 39.945 39.919 28.379 19.533 17.279 15.933 11.023 10.171 9.998 8.918 7.322 10.536 10.478 6.887 6.487 5.610 4.860 4.717 4.173 6.614 5.301
-999.250 -999.250 -999.250 -999.250 -999.250 -999.250 13.115 13.096 16.397 10.019 9.681 8.151 7.615 4.944 3.177 3.468 3.818 6.244 7.525 12.229 16.509 20.620 24.906 33.791 32.387 47.603 48.890 54.617 57.119 45.347 39.164 33.665 32.277 20.156 19.324 16.096 12.909 11.678 9.144 11.125 12.793 15.985 15.759 20.002 24.330 33.951 35.808 33.698 39.757 34.750 21.887 15.466 17.364 13.143 12.724 12.613 9.143 9.833 5.547 8.629 6.151 9.332 6.316 5.733 6.954 5.756 5.161 5.595 3.800
-999.250 -999.250 -999.250 -999.250 -999.250 13.797 13.946 11.709 13.637 8.710 7.518 6.733 5.563 6.003 4.656 5.736 5.885 7.674 8.266 12.201 14.963 19.397 25.536 28.368 35.884 44.959 56.065 61.631 50.806 46.038 38.897 32.048 24.729 22.384 14.708 12.876 12.986 8.980 7.807 7.302 12.190 15.341 16.763 19.484 22.417 25.616 31.703 28.369 30.389 29.029 19.339 15.730 14.983 15.882 15.926 12.475 10.486 7.520 5.719 5.624 5.597 7.081 6.253 8.138 7.313 6.244 7.038 4.363 3.446
-999.250 -999.250 -999.250 -999.250 -999.250 14.221 12.958 10.816 10.076 8.095 7.372 5.094 4.758 5.195 5.913 5.048 5.348 6.681 7.129 10.734 12.755 16.479 23.777 26.491 35.516 46.208 50.367 53.154 45.914 40.120 35.714 28.536 23.369 17.456 13.052 11.761 7.892 7.556 6.745 8.701 15.858 14.944 13.862 19.489 23.171 25.289 27.559 21.490 28.558 23.002 19.263 18.015 17.721 13.246 13.282 12.070 6.181 8.496 5.673 4.364 5.800 7.126 5.275 7.794 6.486 6.049 4.866 4.863 4.744
-999.250 -999.250 -999.250 -999.250 13.841 12.769 12.155 11.679 10.599 10.514 6.939 4.253 3.894 4.223 4.373 4.148 5.942 4.919 7.237 10.349 12.099 15.949 21.569 29.977 33.739 41.688 43.324 47.370 44.385 42.271 32.616 31.474 23.114 15.427 9.776 9.574 7.242 6.318 6.664 7.858 13.671 17.650 21.485 22.356 24.704 29.807 29.865 26.285 27.725 23.738 20.444 19.502 17.010 14.219 12.836 7.821 5.765 6.393 5.683 4.970 4.819 7.847 5.857 5.953 5.966 7.248 6.183 4.930 3.890
-999.250 -999.250 -999.250 -999.250 13.394 10.725 10.898 10.752 7.260 7.626 6.864 4.944 4.368 2.734 2.934 3.743 4.186 5.252 6.327 13.189 12.486 14.380 20.430 23.345 31.317 32.645 47.107 41.414 38.080 41.256 34.997 25.531 19.784 12.979 9.068 9.691 6.594 8.092 7.664 11.179 12.680 18.077 21.176 23.279 27.618 33.524 31.523 32.931 29.325 25.016 22.258 19.237 19.288 13.530 11.483 8.848 8.662 6.714 6.982 6.322 6.836 6.227 6.907 8.220 6.291 5.118 4.569 5.134 2.629
-999.250 -999.250 -999.250 -999.250 11.394 9.311 8.288 6.576 5.997 6.307 6.051 4.386 3.422 3.657 2.761 4.411 4.323 6.016 11.164 14.969 14.798 17.388 21.238 26.314 30.922 32.886 37.318 41.116 40.778 37.371 32.945 23.730 19.241 14.233 9.484 8.449 7.039 7.947 13.055 14.751 16.328 17.793 21.974 26.691 36.247 34.395 31.986 30.865 30.902 28.773 26.974 20.411 19.336 16.383 9.901 10.226 9.569 4.856 4.059 5.151 4.561 6.185 6.338 8.076 5.596 5.721 5.250 4.160 2.835
-999.250 -999.250 -999.250 -999.250 10.886 7.720 4.905 7.481 7.396 6.943 5.439 7.336 5.123 5.831 5.284 5.103 5.642 6.667 9.634 15.437 15.535 15.613 24.654 27.137 34.327 33.103 37.865 32.317 31.752 24.325 24.749 21.395 18.502 12.223 10.061 9.392 8.863 12.779 15.002 20.651 21.235 21.053 23.497 26.319 30.106 33.363 34.144 33.440 31.198 27.456 27.277 20.655 18.982 17.487 14.184 9.526 7.022 5.772 4.701 4.459 3.467 3.665 7.030 8.759 6.983 8.580 6.610 5.843 5.822
-999.250 -999.250 -999.250 -999.250 9.929 9.755 8.013 9.348 8.106 8.448 9.072 6.004 7.959 5.436 5.104 5.934 9.389 9.726 12.466 17.073 18.577 19.867 21.754 30.045 33.346 33.811 30.895 36.329 30.704 22.761 21.502 19.875 18.868 16.989 13.308 9.574 11.017 16.517 20.053 22.263 29.244 32.762 31.419 34.440 34.600 27.935 31.964 29.308 32.534 30.765 25.727 24.093 20.715 15.681 12.843 8.370 7.305 4.055 2.620 3.985 2.936 5.397 5.893 5.709 7.932 6.332 7.467 10.300 7.451
-999.250 -999.250 -999.250 -999.250 12.893 12.489 13.010 13.844 11.560 10.637 10.194 7.815 8.487 6.603 5.944 7.925 9.693 13.404 13.980 19.465 20.889 22.404 23.492 32.034 28.113 26.115 30.514 25.594 22.978 19.944 19.364 18.657 18.111 18.412 15.765 13.763 15.736 18.709 24.941 28.915 39.895 44.052 45.239 45.260 42.283 38.858 37.677 36.073 31.755 30.183 22.817 20.911 18.186 15.409 15.502 9.774 6.883 2.997 0.604 2.244 3.864 6.066 5.728 6.331 6.954 5.149 7.228 6.629 7.269
-999.250 -999.250 -999.250 -999.250 15.069 12.336 15.273 15.920 15.657 14.547 8.963 8.277 9.423 11.093 11.498 11.098 12.823 14.174 20.381 21.376 23.423 27.038 27.485 29.293 33.172 28.309 25.368 22.538 19.816 17.229 18.612 17.491 18.015 16.935 19.587 20.181 26.286 25.989 23.076 28.402 35.887 44.783 47.696 50.010 52.444 49.298 44.763 41.558 31.981 29.410 30.494 22.470 20.379 16.792 13.096 7.420 7.421 1.691 0.000 1.255 1.851 5.826 7.751 6.058 7.751 6.138 6.513 7.493 4.240
-999.250 -999.250 -999.250 -999.250 22.023 18.548 17.349 20.043 18.975 16.780 15.481 16.715 16.004 17.569 16.686 14.051 19.080 20.109 27.407 25.322 23.952 30.731 35.151 29.011 36.991 33.945 26.785 25.549 20.433 20.818 19.013 17.402 16.287 18.785 22.655 22.930 28.187 29.061 31.801 32.565 46.344 43.981 49.718 57.238 55.355 48.805 42.437 51.082 38.511 31.565 26.610 20.306 20.876 17.143 14.361 9.474 2.400 0.000 1.336 2.373 2.563 2.865 4.403 6.935 8.477 8.861 6.631 8.290 6.438
-999.250 -999.250 -999.250 -999.250 26.383 23.276 26.045 26.278 21.238 21.015 22.829 28.541 26.480 25.979 28.274 31.901 31.449 30.401 36.891 31.595 34.586 32.031 31.528 32.235 34.409 36.393 28.937 31.039 23.798 21.359 18.087 18.222 14.064 19.733 19.988 21.100 26.853 23.688 31.535 34.175 45.869 46.566 52.934 54.294 49.691 53.520 47.658 46.235 37.060 39.699 30.683 20.811 19.531 13.737 12.411 9.376 4.416 1.229 2.075 1.740 2.552 2.804 5.063 6.475 7.579 7.405 7.133 8.416 8.526
-999.250 -999.250 -999.250 -999.250 35.746 25.834 31.185 25.325 30.214 30.416 36.161 38.118 34.940 39.617 41.993 45.534 44.507 44.673 45.428 39.583 42.625 36.398 37.436 35.595 30.333 32.423 35.504 29.944 20.837 20.314 18.762 17.406 16.678 15.608 16.929 25.566 31.795 31.350 35.442 44.059 38.711 50.670 46.401 54.568 48.771 49.787 52.305 45.814 40.280 33.633 30.154 30.232 23.984 19.547 15.037 10.937 5.364 3.963 3.609 2.990 2.826 3.376 5.130 7.522 7.325 6.504 6.821 8.537 8.478
-999.250 -999.250 -999.250 37.134 32.380 34.132 38.834 37.553 34.034 35.843 41.153 47.393 41.778 48.138 52.509 54.679 52.830 54.483 52.443 51.121 47.197 45.415 43.584 42.319 39.051 39.959 29.232 36.536 28.239 29.884 18.840 16.763 18.453 17.534 19.696 20.688 27.794 35.824 36.691 38.117 39.012 41.869 45.282 41.065 42.727 40.364 39.121 36.563 39.324 28.234 31.615 22.821 23.025 21.183 17.874 10.975 9.797 7.264 6.084 4.519 4.601 5.526 4.059 6.834 7.374 6.898 6.121 8.835 7.925
-999.250 -999.250 -999.250 41.839 39.126 44.781 46.516 40.366 50.883 49.356 44.993 49.370 50.837 53.612 57.403 61.052 58.731 61.369 58.454 56.559 57.774 48.264 48.416 38.280 41.777 41.282 30.201 36.966 31.086 27.154 21.400 17.976 13.846 16.265 17.234 18.311 24.111 29.059 29.351 34.785 36.483 39.218 42.209 50.561 46.858 43.828 39.171 41.471 32.935 31.859 28.013 23.116 26.855 20.222 14.105 9.866 7.651 7.619 7.402 6.916 5.400 5.691 4.425 5.402 5.278 5.643 6.343 7.213 7.590
-999.250 -999.250 -999.250 44.717 47.404 47.546 45.749 51.076 56.305 56.202 56.619 58.182 57.442 58.172 63.258 69.534 63.590 65.268 57.982 64.092 60.463 55.942 47.234 47.902 42.531 41.242 32.395 28.895 25.437 23.783 20.018 20.230 15.377 17.356 20.258 20.078 26.262 29.330 33.947 39.298 32.588 35.289 39.093 39.943 40.216 41.028 36.232 38.573 35.363 32.963 28.255 31.882 17.747 19.755 14.970 10.480 8.147 11.319 11.532 7.149 9.323 6.522 5.169 4.461 3.787 8.609 7.248 6.370 6.783
-999.250 -999.250 51.832 53.490 57.598 55.709 57.626 59.088 61.671 65.505 59.756 55.072 69.885 69.217 69.264 71.920 73.852 69.952 73.057 64.229 64.815 51.766 52.665 42.859 42.078 32.203 30.609 29.220 25.684 24.044 20.018 20.365 16.300 18.498 17.928 21.504 24.863 33.291 33.712 32.240 28.235 35.708 33.815 34.609 32.936 40.540 39.456 35.791 35.577 35.858 32.655 22.752 21.793 16.652 16.730 13.033 12.294 7.389 5.206 4.987 8.065 6.812 5.452 6.362 4.927 7.066 7.472 6.748 7.692
-999.250 -999.250 47.143 50.117 49.692 59.853 60.897 61.903 59.555 56.132 58.639 59.043 65.311 64.311 69.669 77.556 89.254 87.375 70.983 70.444 -999.250 59.743 50.541 39.463 35.548 38.485 28.413 23.141 20.634 22.874 21.324 18.121 21.323 15.376 17.832 19.823 26.644 24.793 26.043 31.800 29.484 32.846 35.931 29.486 40.172 40.516 36.250 36.899 37.748 36.443 36.932 27.569 26.624 20.322 13.476 13.415 10.064 9.800 8.565 8.551 6.470 5.803 4.807 5.378 5.326 5.451 6.164 7.416 6.306
-999.250 47.131 44.117 46.632 50.449 56.414 60.603 60.230 63.555 66.862 64.618 62.086 61.527 64.656 66.387 74.743 98.275 86.030 77.363 -999.250 -999.250 62.234 44.821 38.985 38.060 32.089 25.185 20.860 20.443 21.822 18.567 18.374 18.312 17.901 16.704 26.214 23.578 25.849 27.331 29.252 32.157 35.181 34.297 33.685 41.965 36.544 46.224 38.409 46.974 41.320 33.287 31.214 26.938 20.924 15.775 17.592 13.977 11.787 8.700 9.195 7.143 5.996 2.874 5.791 5.910 3.680 5.257 5.778 6.744
-999.250 45.613 53.255 52.745 51.946 52.964 51.807 56.382 62.258 70.501 67.189 62.196 60.680 57.874 53.779 71.308 87.801 84.656 -999.250 -999.250 -999.250 -999.250 40.217 33.557 31.118 29.026 23.731 21.195 18.182 17.497 17.765 15.718 16.057 14.829 18.791 21.069 21.846 29.664 27.857 31.478 31.256 30.288 31.619 41.908 58.361 46.252 42.438 42.333 32.684 37.097 40.296 27.797 26.719 23.159 18.949 15.649 15.417 13.905 8.197 9.798 5.443 4.633 4.426 5.812 3.155 4.099 4.888 6.026 7.713
