data/medianmodel_10-Feb-2021.asc
ncols	141
nrows	288
xllcorner	-120191.398
yllcorner	-301404.813
cellsize	2000.000
NODATA_value	-999.250
[rows 145 to 173 of 288, columns 0 to 63 of 141]
-999.250 -999.250 -999.250 -999.250 -999.250 -999.250 -999.250 -999.250 -999.250 -999.250 -999.250 -999.250 -999.250 -999.250 -999.250 -999.250 -999.250 599.977 611.991 645.471 665.361 721.365 762.198 803.354 845.171 909.275 935.943 918.663 892.950 929.260 900.303 888.627 865.315 844.947 860.141 833.378 790.006 744.573 634.791 574.792 488.401 456.256 424.998 426.543 447.270 457.894 487.827 493.512 496.805 502.985 533.267 505.382 498.088 512.267 534.402 538.582 563.415 537.776 432.532 346.645 339.332 392.561 456.669 501.837
-999.250 -999.250 -999.250 -999.250 -999.250 -999.250 -999.250 -999.250 -999.250 -999.250 -999.250 -999.250 -999.250 -999.250 -999.250 590.194 603.969 614.620 627.016 670.987 711.506 758.072 827.100 875.716 953.013 955.667 1006.597 1003.321 1000.855 1070.310 1029.398 994.725 971.642 976.920 966.080 883.292 875.775 820.103 724.464 605.525 506.086 429.393 411.783 419.058 416.257 426.649 427.501 448.766 435.948 436.647 435.653 425.431 420.633 411.761 444.688 487.302 555.259 589.240 472.356 422.721 404.033 430.379 469.605 547.993
-999.250 -999.250 -999.250 -999.250 -999.250 -999.250 -999.250 -999.250 -999.250 -999.250 -999.250 -999.250 -999.250 -999.250 600.685 610.827 622.082 645.462 673.142 681.908 814.629 866.983 907.103 1011.817 1056.907 1044.006 1054.966 1144.769 1147.449 1115.509 1099.682 1101.394 1079.616 1041.867 1036.651 1009.695 988.342 911.881 787.087 639.883 550.088 475.689 436.940 405.984 394.541 382.990 421.412 424.802 425.277 410.278 394.198 359.998 333.818 297.767 380.221 449.457 496.151 538.601 488.948 458.780 465.564 464.760 534.634 624.879
-999.250 -999.250 -999.250 -999.250 -999.250 -999.250 -999.250 -999.250 -999.250 -999.250 -999.250 -999.250 -999.250 -999.250 641.409 610.574 635.859 654.314 677.806 764.691 836.940 916.223 985.334 1050.734 1106.759 1146.230 1185.770 1247.201 1275.361 1248.823 1249.669 1180.256 1185.895 1116.276 1082.684 1055.323 1023.051 1022.718 856.754 686.040 584.286 512.604 472.987 422.588 391.260 371.092 400.153 402.091 410.380 396.516 368.780 351.577 313.807 311.614 367.436 416.974 457.607 504.236 484.872 497.229 487.226 528.826 560.518 640.007
-999.250 -999.250 -999.250 -999.250 -999.250 -999.250 -999.250 -999.250 -999.250 -999.250 -999.250 -999.250 -999.250 647.438 633.203 641.101 650.902 674.728 716.578 782.697 826.414 988.824 1059.710 1133.682 1235.569 1301.742 1342.659 1372.506 1379.174 1371.894 1340.394 1341.120 1304.252 1246.972 1107.010 1080.293 1054.828 1011.851 901.293 760.529 628.537 562.895 491.469 432.907 409.693 396.940 396.884 413.371 402.325 383.890 357.079 343.730 310.026 324.529 372.948 411.737 451.283 481.640 480.921 496.553 544.661 585.446 611.635 683.709
-999.250 -999.250 -999.250 -999.250 -999.250 -999.250 -999.250 -999.250 -999.250 -999.250 -999.250 -999.250 679.392 654.375 643.040 632.173 665.440 698.580 760.040 816.276 929.083 1037.391 1196.587 1273.511 1358.499 1440.944 1463.117 1473.938 1504.195 1454.916 1438.217 1344.996 1326.214 1242.344 1197.823 1112.474 1049.267 984.923 927.116 753.641 663.695 585.086 523.459 461.746 430.049 416.960 408.420 412.543 397.526 387.813 369.262 361.457 348.809 347.237 387.501 416.636 445.858 463.297 492.475 526.361 537.444 574.872 621.902 680.863
-999.250 -999.250 -999.250 -999.250 -999.250 -999.250 -999.250 -999.250 -999.250 -999.250 -999.250 752.499 707.390 666.169 651.075 621.540 639.690 679.689 775.749 840.895 1020.399 1082.074 1265.356 1398.149 1488.103 1533.784 1557.201 1589.997 1591.780 1558.398 1465.491 1396.905 1364.398 1294.841 1221.931 1156.545 1063.685 961.769 854.621 760.118 655.600 610.191 539.969 479.508 449.342 449.522 422.300 426.286 417.568 408.646 390.853 368.644 384.881 372.157 393.738 414.147 451.704 466.981 489.982 539.247 559.247 589.351 618.646 673.539
-999.250 -999.250 -999.250 -999.250 -999.250 -999.250 -999.250 -999.250 -999.250 -999.250 846.807 797.416 765.717 668.032 637.952 623.566 644.013 704.223 757.079 835.689 1016.612 1174.640 1391.005 1502.954 1643.975 1787.013 1766.738 1779.888 1708.160 1669.260 1553.070 1507.595 1390.507 1327.033 1209.519 1167.127 1033.872 951.927 852.860 755.450 663.206 623.399 560.866 522.439 487.245 482.416 459.453 441.156 431.658 412.106 396.783 400.629 405.372 397.057 410.319 415.229 435.286 468.352 494.186 500.465 539.779 578.133 619.023 660.001
-999.250 -999.250 -999.250 -999.250 -999.250 -999.250 -999.250 -999.250 -999.250 1002.697 920.542 817.049 779.821 701.651 647.814 641.350 668.633 730.947 761.998 826.399 1025.078 1210.374 1423.167 1631.486 1870.836 1933.520 1958.048 1920.549 1848.711 1821.794 1634.602 1557.582 1466.379 1332.274 1268.446 1112.771 1055.716 986.957 858.837 768.870 683.263 637.677 600.354 555.058 529.169 517.752 512.085 491.142 468.048 439.080 431.200 414.595 404.408 400.187 438.079 423.167 449.073 468.935 487.867 521.083 553.921 590.141 635.324 653.005
-999.250 -999.250 -999.250 -999.250 -999.250 1046.777 1090.525 1058.648 1019.732 952.395 930.262 841.140 767.955 736.234 681.237 654.786 700.047 761.499 821.955 929.090 1093.782 1278.380 1500.468 1771.744 1990.755 2114.348 2151.350 2014.252 1938.223 1853.708 1649.083 1519.111 1428.136 1340.138 1271.450 1145.919 1059.208 977.597 872.949 775.708 656.499 635.730 605.864 585.945 565.667 543.208 565.402 523.309 496.455 468.466 457.932 426.671 423.173 414.278 415.146 426.165 451.915 454.062 476.951 510.482 528.459 586.248 600.704 615.824
-999.250 -999.250 -999.250 -999.250 -999.250 -999.250 -999.250 1050.805 990.534 950.424 897.312 868.410 770.423 776.865 741.310 761.463 781.765 808.351 857.300 954.043 1084.801 1263.669 1510.234 1726.035 1988.278 2281.760 2135.265 2059.912 1906.661 1805.808 1600.570 1517.182 1445.573 1329.366 1219.902 1147.559 1041.544 997.108 920.378 782.956 694.954 635.037 613.035 606.949 576.639 573.327 578.297 559.146 512.057 489.612 458.346 452.295 435.858 435.057 424.808 445.740 426.960 424.259 460.899 475.536 490.659 537.084 578.559 571.440
-999.250 -999.250 -999.250 -999.250 -999.250 -999.250 -999.250 1019.028 999.253 966.220 887.535 830.493 843.868 821.060 816.127 812.256 837.628 853.515 959.274 1027.329 1092.962 1289.755 1433.040 1677.256 1890.896 1991.880 1988.237 1965.920 1839.430 1718.534 1570.422 1511.977 1410.452 1309.893 1217.631 1095.746 1037.756 996.865 897.756 778.708 694.984 626.566 603.153 601.363 592.620 582.529 592.961 580.005 557.378 504.905 491.347 468.085 447.296 428.896 426.549 419.142 417.275 434.462 446.794 461.570 471.753 479.968 504.833 532.945
-999.250 -999.250 -999.250 -999.250 -999.250 -999.250 -999.250 1002.472 984.035 916.695 895.300 881.908 859.077 875.755 867.499 840.891 875.724 875.674 935.880 984.004 1080.689 1216.573 1390.857 1511.552 1696.337 1895.008 1864.584 1858.233 1723.702 1647.149 1557.847 1463.183 1402.143 1280.851 1218.551 1098.121 1034.417 956.134 865.668 784.726 667.185 647.320 616.330 613.805 594.534 606.546 601.081 571.648 552.918 490.037 484.949 494.763 475.320 437.614 429.981 428.386 434.296 448.138 431.680 438.750 457.190 465.379 481.833 479.784
-999.250 -999.250 -999.250 -999.250 -999.250 -999.250 -999.250 1010.488 932.371 896.770 896.105 868.012 876.972 887.273 905.587 927.358 913.094 903.112 907.299 949.510 1029.280 1145.909 1280.970 1384.539 1521.598 1625.943 1675.960 1728.410 1545.192 1574.924 1490.640 1443.390 1363.050 1312.995 1166.896 1089.289 1047.800 1008.422 882.852 790.829 670.405 631.358 636.638 626.668 617.429 621.688 584.412 561.727 531.674 496.462 498.386 469.368 458.467 446.293 444.476 428.247 412.446 407.624 404.469 430.489 427.271 424.727 428.662 449.358
-999.250 -999.250 -999.250 -999.250 -999.250 -999.250 -999.250 -999.250 923.626 871.932 869.502 866.710 935.070 958.544 1000.392 982.496 944.139 840.899 835.331 822.633 883.294 1000.431 1066.573 1210.804 1393.389 1506.801 1522.252 1490.570 1468.416 1435.587 1403.019 1334.187 1265.074 1191.134 1165.937 1077.802 1038.936 946.500 812.307 747.808 665.551 649.026 630.889 604.318 588.532 591.389 574.329 563.866 529.200 512.178 497.714 482.202 466.599 430.454 428.342 411.006 400.583 393.968 393.744 408.733 407.763 400.571 402.929 411.058
-999.250 -999.250 -999.250 -999.250 -999.250 -999.250 -999.250 -999.250 881.064 831.561 874.167 899.769 948.113 995.925 1008.845 1051.123 917.024 795.488 753.325 701.129 750.392 839.892 988.438 1087.842 1286.081 1325.082 1366.806 1353.058 1389.795 1308.993 1305.984 1288.305 1243.212 1140.283 1107.247 1060.343 1020.459 955.925 833.259 767.306 706.452 651.650 618.142 621.790 612.370 599.995 603.763 554.831 512.185 513.027 478.127 461.012 455.647 437.228 411.978 394.384 396.370 387.566 391.527 374.705 375.166 384.542 374.768 370.325
-999.250 -999.250 -999.250 -999.250 -999.250 -999.250 -999.250 949.621 868.631 821.849 831.221 880.595 900.351 947.373 942.903 961.400 871.859 752.002 639.679 601.691 595.020 687.242 824.497 1028.234 1103.957 1168.017 1232.398 1228.969 1217.692 1181.580 1181.138 1182.123 1081.662 1064.725 1055.645 1033.264 1006.600 916.917 845.035 749.810 711.181 655.587 647.218 630.226 615.995 611.524 598.486 581.599 528.196 494.707 472.264 451.489 443.917 414.854 386.047 371.457 370.696 391.476 364.273 370.059 333.301 332.733 321.482 336.052
-999.250 -999.250 -999.250 -999.250 -999.250 -999.250 -999.250 922.871 860.604 855.986 853.888 873.716 911.703 916.127 927.912 851.866 819.320 715.239 600.543 535.582 460.762 607.417 772.309 875.948 964.352 1038.822 1055.018 1067.785 1094.591 1083.922 1090.514 1071.552 1030.308 997.404 975.621 993.372 960.457 912.264 858.989 797.073 732.601 699.867 658.236 654.435 630.911 616.686 603.223 567.049 545.125 494.658 466.833 454.272 431.044 408.846 375.632 351.961 347.114 363.958 328.421 328.896 313.506 295.619 294.436 301.858
-999.250 -999.250 -999.250 -999.250 -999.250 -999.250 -999.250 926.525 881.158 889.347 822.921 847.678 849.676 842.422 841.107 829.852 763.021 672.045 600.811 569.543 522.572 597.391 672.750 792.358 908.703 975.440 989.048 1027.265 1007.340 987.938 989.464 1000.674 975.417 950.192 896.196 934.478 927.096 912.239 869.334 789.011 795.072 733.645 661.525 671.117 618.502 622.388 607.280 588.940 535.987 500.813 490.899 437.991 430.395 391.392 380.512 341.638 330.129 325.208 298.442 316.544 277.562 253.798 256.770 262.179
-999.250 -999.250 -999.250 -999.250 -999.250 -999.250 -999.250 921.011 897.502 871.145 865.103 865.071 852.767 853.026 826.729 789.946 679.059 652.173 627.791 590.719 588.721 624.967 683.988 764.471 832.843 882.954 926.907 972.919 985.250 957.714 916.601 898.869 887.685 892.867 886.629 956.178 968.757 944.956 874.842 842.524 787.619 764.652 733.803 675.059 641.677 632.265 629.045 584.997 554.956 513.018 469.194 449.724 425.849 406.372 372.428 345.596 330.593 322.792 311.639 287.647 259.622 236.864 234.429 228.515
-999.250 -999.250 -999.250 -999.250 -999.250 -999.250 1016.764 978.632 939.080 868.195 861.342 862.908 851.602 818.025 797.143 753.957 759.048 710.468 668.097 638.328 658.134 702.428 770.328 789.672 791.953 844.159 867.511 878.414 896.268 872.106 851.560 796.880 832.673 880.417 889.543 936.168 933.564 913.018 895.185 905.524 819.140 824.208 779.502 740.218 674.423 646.989 633.817 593.264 589.729 539.980 483.776 461.795 429.947 406.579 375.732 339.132 337.723 318.822 297.683 266.951 236.877 211.309 215.405 201.154
-999.250 -999.250 -999.250 -999.250 -999.250 -999.250 1048.504 1009.014 939.313 894.118 864.123 859.118 845.369 827.844 791.004 782.993 729.554 737.752 678.199 699.234 727.621 756.864 806.689 781.331 841.841 833.797 863.165 864.032 854.184 867.375 835.977 859.198 883.086 920.522 937.791 949.182 901.051 986.967 972.616 890.168 849.736 800.952 788.048 743.546 707.286 676.366 659.888 610.639 593.061 535.579 499.614 456.655 428.261 402.722 394.085 350.753 324.251 306.082 261.935 254.668 226.118 213.506 207.108 189.753
-999.250 -999.250 -999.250 -999.250 -999.250 1120.066 1052.673 1032.901 1000.875 938.702 909.366 849.808 851.108 818.168 812.669 796.474 770.454 803.627 799.245 795.324 789.842 811.244 844.217 861.170 885.651 896.064 906.451 880.437 884.951 899.204 895.930 913.531 914.871 958.414 946.289 979.505 1003.729 1006.675 973.931 967.079 940.720 867.701 816.726 809.425 759.068 655.104 667.624 634.210 593.124 585.940 516.990 474.631 435.736 404.322 374.848 359.241 293.706 290.461 260.012 242.837 229.763 216.994 204.870 173.117
-999.250 -999.250 -999.250 -999.250 -999.250 1101.825 1093.367 1034.737 993.258 923.434 957.254 873.552 844.100 850.853 816.637 821.535 839.114 808.722 833.688 849.892 846.872 890.573 934.030 915.306 911.029 970.698 955.061 936.390 929.731 973.336 972.321 956.977 995.418 1011.469 989.049 1009.774 1008.435 994.982 1033.566 984.858 984.992 906.897 867.113 831.441 792.592 770.189 681.673 662.609 623.587 588.757 551.639 484.970 446.024 403.547 386.886 377.424 327.753 272.450 270.738 246.754 231.900 216.029 205.816 189.459
-999.250 -999.250 -999.250 -999.250 1174.277 1136.883 1110.695 1083.126 1066.589 1020.561 1005.538 928.118 879.047 886.423 882.334 885.200 909.156 910.496 898.192 916.609 924.141 976.802 989.796 1011.748 961.805 1001.877 998.819 1010.663 1040.767 1001.683 966.765 1030.173 1016.558 1031.027 1060.759 1054.689 1059.888 1028.300 1040.377 1033.453 985.726 951.112 857.165 869.463 864.002 793.773 733.425 675.245 620.636 615.041 570.230 516.785 473.880 429.056 413.340 357.616 325.966 278.617 272.192 241.436 246.479 215.909 205.305 185.940
-999.250 -999.250 -999.250 -999.250 1241.250 1180.019 1156.378 1111.154 1060.832 1071.155 1038.108 1009.666 956.072 952.578 931.265 918.394 951.790 925.735 948.964 983.535 1016.863 1022.996 1041.950 1025.110 1044.348 1039.181 1040.072 1045.351 1043.855 1049.925 1037.373 1043.926 1055.360 1059.372 1097.624 1096.054 1074.086 1058.741 1056.653 1027.138 1050.389 985.921 868.964 848.679 824.752 842.721 740.374 694.293 649.965 601.522 556.907 517.032 483.427 436.158 413.824 349.310 324.965 301.770 263.643 258.941 233.296 219.063 204.139 201.126
-999.250 -999.250 -999.250 -999.250 1219.464 1239.783 1249.961 1206.319 1138.819 1083.582 1063.403 1022.821 1044.861 996.759 926.097 937.379 979.629 1013.404 998.818 996.515 1029.129 1035.211 1055.048 1061.922 1051.762 1065.410 1082.201 1039.205 1040.116 1036.068 1050.550 1061.029 1055.698 1117.319 1129.659 1175.735 1132.275 1110.354 1071.989 1062.919 1016.954 982.474 910.191 851.362 820.684 840.422 784.988 712.852 637.202 601.802 591.516 530.903 508.469 443.414 401.093 350.339 333.037 307.174 277.061 246.347 235.888 228.946 200.978 197.236
-999.250 -999.250 -999.250 -999.250 1260.241 1234.325 1248.940 1236.098 1144.280 1132.598 1097.543 1058.110 1041.468 1023.578 994.034 991.766 1025.567 1025.228 1013.941 1035.042 1034.225 1037.395 1088.703 1077.827 1101.559 1106.055 1087.164 1057.084 1044.485 1041.863 1060.195 1108.144 1101.532 1146.245 1155.660 1239.727 1178.489 1172.200 1127.281 1096.324 1049.595 1013.682 1007.782 853.290 857.220 801.762 737.612 665.367 633.686 612.211 589.671 558.268 515.659 462.147 404.207 379.332 324.245 293.506 258.890 251.938 238.939 225.722 208.008 189.307
-999.250 -999.250 -999.250 -999.250 1304.242 1311.855 1306.597 1257.642 1217.367 1218.139 1112.802 1134.863 1092.133 1040.928 1054.007 1040.318 1032.767 1031.035 1050.061 1008.214 1051.499 1075.778 1103.516 1119.326 1132.681 1137.778 1115.957 1063.383 1041.642 1052.290 1082.938 1109.216 1121.486 1135.420 1204.944 1207.523 1230.450 1164.049 1137.960 1095.281 1076.916 1043.895 995.800 932.152 857.657 816.700 766.585 738.706 645.730 597.201 576.631 531.441 490.083 489.019 415.994 362.546 325.740 289.237 250.389 238.831 235.211 222.113 215.081 216.010
