data/medianmodel_06-Jan-2021.asc
ncols	141
nrows	288
xllcorner	-120191.398
yllcorner	-301404.813
cellsize	2000.000
NODATA_value	-999.250
[rows 174 to 202 of 288, columns 0 to 63 of 141]
-999.250 -999.250 -999.250 -999.250 579.923 593.050 611.723 617.189 639.879 665.078 662.812 697.172 689.421 736.718 754.697 799.169 829.171 775.748 716.586 681.287 629.001 581.200 540.196 528.338 491.086 471.242 449.621 425.159 381.798 364.279 354.333 331.947 324.443 308.863 281.929 258.729 241.864 212.208 179.153 169.317 177.342 172.232 202.423 275.731 355.015 456.831 547.950 657.242 758.385 872.492 1054.743 1221.507 1351.241 1493.455 1640.207 1802.690 1851.813 1994.027 2022.058 1855.727 1862.532 1730.461 1640.101 1574.831
-999.250 -999.250 -999.250 -999.250 581.827 595.106 634.704 627.381 667.019 672.708 663.636 686.861 717.834 767.214 739.629 778.064 797.827 750.862 693.592 664.552 610.801 575.787 553.589 546.601 525.560 506.946 463.442 446.664 416.542 386.889 364.114 342.045 316.791 311.162 289.034 253.670 218.787 190.620 182.394 189.237 181.641 176.305 208.768 280.011 340.453 444.941 561.954 658.544 794.423 879.509 1056.180 1318.338 1409.232 1575.640 1663.276 1846.498 1995.588 2150.913 2135.132 2067.003 1984.872 1817.651 1699.371 1601.535
-999.250 -999.250 -999.250 -999.250 601.183 615.298 625.391 655.537 674.058 697.903 707.799 704.982 716.357 730.383 746.651 734.644 754.940 721.892 689.779 635.000 607.686 594.014 557.023 564.728 532.949 519.490 500.447 487.450 448.496 436.189 390.720 367.228 341.940 346.758 301.281 287.526 231.168 221.899 202.516 197.451 184.473 182.743 207.561 257.570 347.857 451.167 547.150 663.487 797.585 960.450 1083.548 1281.904 1371.221 1553.045 1738.571 1926.357 2102.416 2319.961 2191.091 2075.243 2081.145 1908.369 1727.395 1612.997
-999.250 -999.250 -999.250 -999.250 595.963 629.397 645.305 659.541 671.019 686.168 703.127 717.529 715.178 735.123 714.656 720.564 726.554 700.053 674.067 646.074 623.357 605.347 581.167 569.410 553.479 526.587 538.908 511.741 488.573 428.914 410.469 414.907 372.172 348.385 326.336 301.559 290.448 275.204 219.663 211.115 208.778 227.106 251.492 317.123 384.282 491.466 580.448 674.107 816.033 1039.948 1161.694 1322.349 1392.479 1564.104 1706.438 1905.272 2124.584 2277.020 2178.975 2048.796 1937.708 1859.539 1666.783 1598.751
-999.250 -999.250 -999.250 -999.250 590.187 616.147 627.552 658.177 646.555 674.300 715.732 707.725 696.961 699.128 709.286 711.994 709.545 679.026 653.376 643.588 625.701 614.181 582.149 576.789 552.982 562.885 547.896 547.044 529.350 496.203 467.943 445.981 417.974 392.423 385.993 348.373 311.122 288.602 272.831 218.798 242.400 271.148 285.565 338.599 409.722 495.799 597.810 725.945 836.193 991.530 1182.503 1337.283 1392.402 1602.062 1750.021 1876.466 2081.488 2164.095 2107.318 1965.933 1833.699 1755.576 1624.047 1549.530
-999.250 -999.250 -999.250 609.143 617.641 600.430 613.366 630.018 661.515 661.449 683.890 704.866 664.654 703.839 698.753 741.914 715.732 697.774 679.504 652.595 626.246 615.950 598.516 599.581 579.852 557.671 554.274 555.582 553.554 546.106 527.909 526.965 494.556 459.469 442.288 379.138 341.518 340.796 295.230 300.302 295.094 302.639 322.370 371.197 430.112 528.199 609.995 737.574 827.199 986.893 1145.163 1273.408 1403.673 1582.173 1699.803 1928.205 2010.741 2070.826 2091.372 2013.908 1809.378 1806.017 1652.535 1609.369
-999.250 -999.250 -999.250 588.131 592.676 597.108 608.617 621.034 642.347 657.173 655.779 661.658 660.503 684.553 672.778 695.434 723.644 697.148 679.235 645.467 617.773 614.440 614.161 606.488 577.400 591.221 560.265 561.461 575.337 560.044 574.432 552.199 521.107 518.938 496.743 394.588 385.964 363.104 351.613 340.582 330.492 378.836 392.590 433.330 503.640 583.118 640.764 741.967 853.868 1022.525 1119.912 1265.695 1440.668 1523.341 1648.544 1847.155 1898.424 1915.570 2005.780 1999.226 1856.587 1749.121 1655.575 1507.264
-999.250 -999.250 -999.250 577.209 588.621 578.991 599.002 610.443 619.641 610.303 621.571 652.717 659.084 673.867 675.699 687.221 679.767 706.252 677.844 657.719 635.583 628.380 632.288 621.635 620.329 633.291 613.221 609.945 620.094 611.866 591.237 574.897 553.390 522.928 531.299 458.279 440.217 408.682 381.861 370.352 358.680 414.274 459.609 507.245 546.605 618.202 656.223 779.710 869.717 949.415 1202.650 1288.630 1436.216 1475.411 1575.587 1732.084 1806.079 1773.462 1799.287 1758.101 1725.702 1670.907 1581.727 1514.469
-999.250 -999.250 580.221 569.323 575.739 574.879 579.138 607.697 608.255 608.023 612.672 621.515 641.188 656.681 676.437 717.431 697.333 707.370 689.110 634.427 647.375 643.443 632.599 629.693 614.204 638.341 635.504 651.127 652.358 654.649 644.428 623.743 580.387 561.036 542.401 498.010 495.451 477.466 470.927 415.032 434.188 473.837 520.013 562.286 609.830 665.788 725.107 789.194 879.972 1041.811 1149.317 1254.577 1337.078 1396.612 1611.225 1684.828 1647.174 1716.032 1686.756 1633.783 1607.430 1593.369 1543.396 1430.076
-999.250 -999.250 559.614 551.230 552.112 557.599 581.441 591.720 582.734 592.051 598.271 620.498 659.388 687.869 694.626 710.060 719.170 710.743 670.984 639.936 -999.250 643.894 629.450 651.245 651.242 677.065 659.491 668.496 704.424 725.443 689.989 638.222 614.984 577.360 576.721 540.827 549.434 523.288 502.361 519.551 515.437 531.697 593.060 622.888 652.418 687.097 741.819 819.578 928.231 1080.412 1175.914 1226.247 1268.694 1352.986 1426.352 1497.111 1553.963 1580.828 1634.017 1580.036 1522.844 1464.237 1420.479 1368.170
-999.250 556.423 561.215 556.044 547.729 552.860 567.794 578.654 574.804 582.068 595.211 610.869 666.209 660.592 705.391 701.425 730.508 690.420 695.804 -999.250 -999.250 649.131 654.053 657.212 687.965 685.223 692.720 722.389 733.599 742.538 724.838 694.442 643.776 617.581 591.688 594.339 543.940 562.023 532.548 557.247 576.657 592.156 629.926 656.494 701.413 746.167 805.657 849.248 966.931 999.927 1187.549 1175.572 1231.222 1346.753 1365.180 1432.647 1431.391 1431.811 1427.914 1425.899 1460.271 1402.566 1350.581 1241.791
-999.250 546.468 566.990 552.351 538.581 541.322 560.754 563.387 560.958 558.427 571.022 600.941 638.562 655.630 686.142 691.831 690.559 681.325 -999.250 -999.250 -999.250 -999.250 667.264 677.812 668.915 698.515 713.748 730.329 787.798 775.886 780.483 737.190 686.211 662.257 656.264 614.516 592.229 593.979 588.487 601.330 630.537 626.135 642.834 686.494 754.449 809.523 824.004 958.433 1032.636 1078.649 1170.085 1168.202 1262.390 1276.040 1347.976 1336.019 1362.786 1398.086 1354.467 1321.563 1369.876 1296.365 1241.901 1107.200
544.124 523.519 537.843 531.062 542.873 549.111 554.162 564.076 562.830 556.717 567.700 578.240 623.488 647.223 662.011 671.245 687.554 708.992 -999.250 -999.250 -999.250 -999.250 -999.250 672.602 687.477 707.967 739.111 768.819 819.694 784.865 802.199 752.804 729.351 697.747 691.020 643.096 624.471 621.460 634.212 647.603 684.410 685.442 698.721 706.824 753.441 800.409 949.716 997.125 1020.975 982.935 1100.137 1142.750 1241.692 1241.819 1302.800 1309.323 1252.346 1276.984 1271.406 1264.854 1283.668 1186.882 1115.544 996.851
-999.250 554.171 547.850 529.256 538.481 546.311 527.057 535.310 548.090 552.950 561.021 584.895 578.471 630.241 659.840 694.019 682.710 679.445 -999.250 -999.250 -999.250 -999.250 621.568 674.872 649.478 710.197 769.781 778.357 800.029 821.410 797.650 780.610 757.174 759.273 738.648 691.999 665.025 657.161 666.978 688.629 683.098 725.727 730.605 793.836 826.923 855.705 937.863 1023.713 1026.069 1133.246 1129.002 1177.396 1140.428 1137.417 1246.827 1213.401 1207.269 1171.097 1168.188 1184.405 1129.643 1110.692 949.498 888.581
-999.250 566.885 554.963 529.763 538.569 539.241 545.094 530.337 548.777 550.681 561.398 569.575 578.870 606.102 638.722 688.694 645.581 650.561 -999.250 -999.250 -999.250 577.395 -999.250 629.568 666.176 712.073 782.237 832.071 873.095 866.505 814.766 822.990 782.360 763.221 750.857 735.701 727.829 752.862 740.388 745.493 769.026 804.760 824.179 878.659 880.278 933.289 949.702 1038.653 1096.722 1084.452 1087.659 1112.220 1127.962 1177.372 1178.421 1187.403 1100.930 1131.028 1083.679 1022.141 988.185 1025.162 818.604 783.360
-999.250 531.561 555.413 537.231 539.081 529.216 532.906 547.918 559.444 578.261 563.838 582.511 592.854 602.462 621.830 643.751 645.948 -999.250 -999.250 -999.250 -999.250 576.771 576.010 603.116 661.587 734.262 776.896 839.607 904.961 891.230 925.080 849.360 833.057 801.393 798.534 800.094 782.666 791.755 795.289 796.829 791.132 812.917 891.271 947.859 964.685 1029.553 1062.534 1077.692 1043.603 1116.489 1130.998 998.861 1066.178 1107.702 1059.337 1055.751 1025.080 967.848 967.157 899.157 918.483 812.825 784.326 739.082
-999.250 546.468 544.210 545.860 546.699 537.390 547.452 556.160 559.544 561.281 583.514 609.894 598.926 602.625 613.571 623.199 625.952 -999.250 -999.250 -999.250 558.061 544.842 524.178 586.520 655.455 718.758 798.211 888.744 1005.711 944.721 883.546 881.240 872.087 861.799 862.504 828.760 822.165 840.670 850.130 876.563 880.406 880.530 989.274 1013.866 1129.327 1124.578 1158.157 1116.837 1100.015 1104.607 1115.249 1060.948 1079.300 958.303 954.732 907.269 947.973 903.449 937.846 914.127 813.567 760.399 732.877 654.091
-999.250 -999.250 -999.250 539.875 -999.250 -999.250 553.141 585.911 574.644 -999.250 -999.250 -999.250 595.433 604.796 -999.250 -999.250 -999.250 -999.250 -999.250 -999.250 559.939 555.823 561.591 610.561 635.849 714.791 769.304 814.020 862.963 927.627 883.316 898.917 900.627 948.966 864.590 884.909 870.068 861.185 903.911 902.084 940.292 1054.176 1080.966 1118.657 1179.525 1222.820 1215.040 1147.138 1116.389 1109.768 1115.447 1067.800 1048.626 965.027 948.481 953.855 898.208 895.544 830.147 812.837 767.576 743.100 714.729 656.367
-999.250 -999.250 -999.250 -999.250 -999.250 -999.250 -999.250 -999.250 -999.250 -999.250 -999.250 -999.250 -999.250 600.180 607.019 613.757 -999.250 -999.250 -999.250 563.437 591.976 600.753 604.948 613.203 650.443 675.840 720.206 771.900 799.874 810.145 871.896 927.779 942.821 958.820 973.708 923.032 972.469 903.305 905.238 926.605 1047.463 1121.145 1123.060 1166.145 1238.987 1323.856 1272.246 1234.248 1127.631 1146.263 1097.050 1066.136 974.804 972.354 878.489 882.933 865.515 811.205 790.865 789.086 727.491 687.482 696.085 658.850
-999.250 -999.250 -999.250 -999.250 -999.250 -999.250 -999.250 -999.250 -999.250 -999.250 -999.250 591.433 599.591 599.401 608.257 627.666 -999.250 -999.250 575.012 581.527 602.112 630.232 636.542 619.909 649.466 670.748 693.546 746.171 759.194 808.795 837.575 860.174 951.560 993.631 1002.742 1027.065 1031.861 993.145 998.294 1050.760 1123.802 1139.725 1217.323 1219.936 1226.431 1255.909 1283.976 1223.550 1212.762 1121.406 1110.773 1051.116 973.639 900.861 864.219 866.490 850.003 787.781 756.615 737.354 745.603 707.823 674.091 666.260
-999.250 -999.250 -999.250 -999.250 -999.250 -999.250 -999.250 -999.250 -999.250 -999.250 -999.250 550.481 585.359 604.935 591.756 600.327 586.790 582.973 582.910 598.862 628.484 683.156 653.572 665.569 660.817 690.811 712.630 750.955 734.639 804.034 797.778 847.259 921.584 984.075 935.087 1006.812 1074.472 1055.675 1095.073 1100.158 1115.607 1185.280 1189.918 1154.193 1233.463 1238.140 1218.366 1180.646 1218.917 1162.882 1128.563 1045.768 1030.491 884.171 867.509 824.643 845.714 795.514 776.904 737.657 679.912 695.168 645.501 640.357
-999.250 -999.250 -999.250 -999.250 -999.250 -999.250 -999.250 -999.250 -999.250 -999.250 -999.250 -999.250 585.763 574.819 572.384 586.032 606.848 579.413 579.025 580.497 620.125 654.155 676.375 647.840 686.571 686.975 721.313 698.783 736.059 787.117 797.944 848.209 900.491 975.311 1054.649 1062.559 1082.439 1160.689 1172.206 1208.893 1185.004 1264.473 1186.854 1195.769 1299.259 1295.409 1232.630 1209.225 1234.155 1211.138 1178.725 1101.774 968.144 866.612 828.865 825.219 814.033 809.178 742.266 722.323 678.167 663.462 636.033 618.616
-999.250 -999.250 -999.250 -999.250 -999.250 -999.250 -999.250 -999.250 -999.250 -999.250 -999.250 -999.250 -999.250 570.423 566.844 573.829 596.146 577.179 576.963 581.357 614.505 628.308 651.249 652.429 648.644 661.908 687.972 703.382 729.288 786.539 816.547 873.437 988.957 984.478 1129.093 1079.555 1098.582 1115.649 1203.229 1235.000 1265.688 1251.459 1302.106 1286.212 1318.862 1276.235 1280.409 1208.662 1246.122 1255.901 1132.520 1093.438 974.365 867.136 873.031 823.578 818.292 785.401 760.956 720.723 696.566 689.303 645.674 650.830
-999.250 -999.250 -999.250 -999.250 -999.250 -999.250 -999.250 -999.250 -999.250 -999.250 -999.250 -999.250 -999.250 553.061 548.334 557.824 564.383 568.085 571.775 585.715 590.593 611.291 630.418 645.860 637.195 700.745 686.864 726.918 763.338 797.204 839.686 897.881 1030.864 1051.852 1141.538 1065.030 1102.095 1169.187 1255.340 1281.767 1295.952 1306.591 1347.331 1305.193 1336.443 1293.266 1297.076 1283.776 1233.933 1196.578 1112.331 1034.720 1042.589 965.563 905.460 861.906 839.907 798.608 739.231 752.188 701.937 674.397 676.036 640.341
-999.250 -999.250 -999.250 -999.250 -999.250 -999.250 -999.250 -999.250 -999.250 -999.250 -999.250 -999.250 -999.250 539.474 553.983 536.530 526.052 546.071 557.695 574.882 580.136 619.961 594.286 634.880 654.444 667.652 719.915 765.354 817.163 820.865 860.150 978.957 967.535 1057.615 1118.822 1142.450 1207.542 1202.725 1336.368 1316.892 1340.978 1363.715 1374.490 1340.815 1333.966 1318.029 1277.842 1325.707 1218.196 1206.297 1192.950 1159.446 1040.827 1019.866 992.059 925.807 835.524 806.377 743.598 760.086 744.594 740.835 703.791 709.248
-999.250 -999.250 -999.250 -999.250 -999.250 -999.250 -999.250 -999.250 -999.250 -999.250 -999.250 -999.250 -999.250 -999.250 551.821 539.731 544.535 538.081 547.649 559.731 563.347 578.481 609.462 628.964 629.938 682.060 709.537 789.456 855.452 891.424 903.099 991.195 918.712 963.259 1130.072 1128.713 1196.584 1256.661 1287.316 1273.067 1365.617 1342.935 1359.077 1342.371 1376.099 1330.351 1382.466 1340.039 1308.331 1226.096 1175.680 1233.516 1055.416 987.997 1018.601 954.635 860.184 796.047 783.245 794.272 757.327 789.469 782.706 769.890
-999.250 -999.250 -999.250 -999.250 -999.250 -999.250 -999.250 -999.250 -999.250 -999.250 -999.250 -999.250 -999.250 -999.250 532.213 542.628 532.319 548.329 557.268 572.453 565.907 586.021 610.784 624.927 630.848 682.944 716.304 816.306 899.884 922.902 909.677 893.200 1003.832 988.397 1027.141 1154.178 1244.614 1311.248 1337.739 1315.274 1319.462 1295.027 1355.100 1372.145 1377.089 1289.785 1348.369 1347.694 1362.477 1351.859 1286.745 1211.284 1107.590 1024.083 1037.816 972.004 904.096 850.128 826.562 815.203 815.668 810.225 811.576 809.824
-999.250 -999.250 -999.250 -999.250 -999.250 -999.250 -999.250 -999.250 -999.250 -999.250 -999.250 -999.250 -999.250 -999.250 555.039 560.111 556.136 553.171 565.020 565.066 592.764 603.118 628.881 656.693 673.628 724.917 745.273 845.781 860.974 868.324 880.425 881.876 1042.417 1038.864 1044.546 1152.286 1204.981 1260.469 1346.558 1374.416 1402.467 1377.458 1383.315 1334.471 1358.960 1339.331 1324.775 1357.259 1408.696 1385.708 1327.567 1249.563 1185.562 1105.371 981.784 954.718 933.253 976.758 869.722 868.528 847.164 860.965 842.260 832.322
-999.250 -999.250 -999.250 -999.250 -999.250 -999.250 -999.250 -999.250 -999.250 -999.250 -999.250 -999.250 -999.250 -999.250 559.755 562.736 575.158 554.014 561.481 576.771 591.384 625.337 632.182 635.094 683.652 -999.250 760.620 800.024 793.399 848.022 879.508 863.371 1030.608 1048.954 1042.124 1185.706 1191.009 1254.134 1264.860 1355.220 1393.701 1353.973 1354.241 1338.892 1374.036 1391.592 1425.793 1451.910 1431.769 1406.950 1336.033 1347.921 1221.482 999.071 978.599 1027.486 930.964 917.899 864.286 910.869 898.169 936.931 931.095 881.947
