data/medianmodel_30-Oct-2020.asc
ncols	141
nrows	288
xllcorner	-120191.398
yllcorner	-301404.813
cellsize	2000.000
NODATA_value	-999.250
[rows 0 to 28 of 288, columns 66 to 131 of 141]
-999.250 -999.250 -999.250 -999.250 -999.250 -999.250 -999.250 -999.250 -999.250 -999.250 -999.250 -999.250 -999.250 -999.250 -999.250 -999.250 -999.250 -999.250 -999.250 -999.250 -999.250 -999.250 -999.250 -999.250 -999.250 -999.250 -999.250 -999.250 -999.250 -999.250 -999.250 -999.250 -999.250 -999.250 -999.250 -999.250 -999.250 -999.250 -999.250 -999.250 -999.250 -999.250 -999.250 -999.250 -999.250 -999.250 -999.250 -999.250 -999.250 -999.250 -999.250 -999.250 -999.250 -999.250 -999.250 -999.250 -999.250 -999.250 -999.250 -999.250 -999.250 -999.250 -999.250 -999.250 -999.250 -999.250
-999.250 -999.250 -999.250 -999.250 -999.250 -999.250 -999.250 -999.250 -999.250 -999.250 -999.250 -999.250 -999.250 -999.250 -999.250 -999.250 -999.250 -999.250 -999.250 -999.250 -999.250 -999.250 -999.250 -999.250 -999.250 -999.250 -999.250 -999.250 -999.250 -999.250 -999.250 -999.250 -999.250 -999.250 -999.250 -999.250 -999.250 -999.250 -999.250 -999.250 -999.250 -999.250 -999.250 -999.250 -999.250 -999.250 -999.250 -999.250 -999.250 -999.250 -999.250 -999.250 -999.250 -999.250 -999.250 -999.250 -999.250 -999.250 -999.250 -999.250 -999.250 -999.250 -999.250 -999.250 -999.250 -999.250
-999.250 -999.250 -999.250 -999.250 -999.250 -999.250 -999.250 -999.250 -999.250 -999.250 -999.250 -999.250 -999.250 -999.250 -999.250 -999.250 -999.250 -999.250 -999.250 -999.250 -999.250 -999.250 -999.250 -999.250 -999.250 -999.250 -999.250 -999.250 -999.250 -999.250 -999.250 -999.250 -999.250 -999.250 -999.250 -999.250 -999.250 -999.250 -999.250 -999.250 -999.250 -999.250 -999.250 -999.250 -999.250 -999.250 -999.250 -999.250 -999.250 -999.250 -999.250 -999.250 -999.250 -999.250 -999.250 -999.250 -999.250 -999.250 -999.250 -999.250 -999.250 -999.250 -999.250 -999.250 -999.250 -999.250
-999.250 -999.250 -999.250 -999.250 -999.250 -999.250 -999.250 -999.250 -999.250 -999.250 -999.250 -999.250 -999.250 -999.250 -999.250 -999.250 -999.250 -999.250 -999.250 -999.250 -999.250 -999.250 -999.250 -999.250 -999.250 -999.250 -999.250 -999.250 -999.250 -999.250 -999.250 -999.250 -999.250 -999.250 -999.250 -999.250 -999.250 -999.250 -999.250 -999.250 -999.250 -999.250 -999.250 -999.250 -999.250 -999.250 -999.250 -999.250 -999.250 -999.250 -999.250 -999.250 -999.250 -999.250 -999.250 -999.250 -999.250 -999.250 -999.250 -999.250 -999.250 -999.250 -999.250 -999.250 -999.250 -999.250
-999.250 -999.250 -999.250 -999.250 -999.250 -999.250 -999.250 -999.250 -999.250 -999.250 -999.250 -999.250 -999.250 -999.250 -999.250 -999.250 -999.250 -999.250 -999.250 -999.250 -999.250 -999.250 -999.250 -999.250 -999.250 -999.250 -999.250 -999.250 -999.250 -999.250 -999.250 -999.250 -999.250 -999.250 -999.250 -999.250 -999.250 -999.250 -999.250 -999.250 -999.250 -999.250 -999.250 -999.250 -999.250 -999.250 -999.250 -999.250 -999.250 -999.250 -999.250 -999.250 -999.250 -999.250 -999.250 -999.250 -999.250 -999.250 -999.250 -999.250 -999.250 -999.250 -999.250 -999.250 -999.250 -999.250
-999.250 -999.250 -999.250 -999.250 -999.250 -999.250 -999.250 -999.250 -999.250 -999.250 -999.250 -999.250 -999.250 -999.250 -999.250 -999.250 -999.250 -999.250 -999.250 -999.250 -999.250 -999.250 -999.250 -999.250 -999.250 -999.250 -999.250 -999.250 -999.250 -999.250 -999.250 -999.250 -999.250 -999.250 -999.250 -999.250 -999.250 -999.250 -999.250 -999.250 -999.250 -999.250 -999.250 -999.250 -999.250 -999.250 -999.250 -999.250 -999.250 -999.250 -999.250 -999.250 -999.250 -999.250 -999.250 -999.250 -999.250 -999.250 -999.250 -999.250 -999.250 -999.250 -999.250 -999.250 -999.250 -999.250
-999.250 -999.250 -999.250 -999.250 -999.250 -999.250 -999.250 -999.250 -999.250 -999.250 -999.250 -999.250 -999.250 -999.250 -999.250 -999.250 -999.250 -999.250 -999.250 -999.250 -999.250 -999.250 -999.250 -999.250 -999.250 -999.250 -999.250 -999.250 -999.250 -999.250 -999.250 -999.250 -999.250 -999.250 -999.250 -999.250 -999.250 -999.250 -999.250 -999.250 -999.250 -999.250 -999.250 -999.250 -999.250 -999.250 -999.250 -999.250 -999.250 -999.250 -999.250 -999.250 -999.250 -999.250 -999.250 -999.250 -999.250 -999.250 -999.250 -999.250 -999.250 -999.250 -999.250 -999.250 -999.250 -999.250
-999.250 -999.250 -999.250 -999.250 -999.250 -999.250 -999.250 -999.250 -999.250 -999.250 -999.250 -999.250 -999.250 -999.250 -999.250 -999.250 -999.250 -999.250 -999.250 -999.250 -999.250 -999.250 -999.250 -999.250 -999.250 -999.250 -999.250 -999.250 -999.250 -999.250 -999.250 -999.250 -999.250 -999.250 -999.250 -999.250 -999.250 -999.250 -999.250 -999.250 -999.250 -999.250 -999.250 -999.250 -999.250 -999.250 -999.250 -999.250 -999.250 -999.250 -999.250 -999.250 -999.250 -999.250 -999.250 -999.250 -999.250 -999.250 -999.250 -999.250 -999.250 -999.250 -999.250 -999.250 -999.250 -999.250
-999.250 -999.250 -999.250 -999.250 -999.250 -999.250 -999.250 -999.250 -999.250 -999.250 -999.250 -999.250 -999.250 -999.250 -999.250 -999.250 -999.250 -999.250 -999.250 -999.250 -999.250 -999.250 -999.250 -999.250 -999.250 -999.250 -999.250 -999.250 -999.250 -999.250 -999.250 -999.250 -999.250 -999.250 -999.250 -999.250 -999.250 -999.250 -999.250 -999.250 -999.250 -999.250 -999.250 -999.250 -999.250 -999.250 -999.250 -999.250 203.105 -999.250 -999.250 -999.250 -999.250 -999.250 -999.250 -999.250 -999.250 -999.250 -999.250 -999.250 -999.250 -999.250 -999.250 -999.250 -999.250 -999.250
-999.250 -999.250 -999.250 -999.250 -999.250 -999.250 -999.250 -999.250 -999.250 -999.250 -999.250 -999.250 -999.250 -999.250 -999.250 -999.250 -999.250 -999.250 -999.250 -999.250 -999.250 -999.250 -999.250 -999.250 -999.250 -999.250 -999.250 -999.250 -999.250 -999.250 -999.250 -999.250 -999.250 173.384 173.606 180.407 174.343 -999.250 -999.250 -999.250 -999.250 190.571 -999.250 -999.250 -999.250 -999.250 -999.250 -999.250 220.865 224.855 -999.250 -999.250 -999.250 -999.250 -999.250 -999.250 -999.250 -999.250 -999.250 -999.250 -999.250 -999.250 -999.250 -999.250 -999.250 -999.250
-999.250 -999.250 -999.250 -999.250 -999.250 -999.250 -999.250 -999.250 -999.250 -999.250 -999.250 -999.250 -999.250 -999.250 -999.250 -999.250 -999.250 -999.250 -999.250 -999.250 -999.250 -999.250 -999.250 -999.250 -999.250 -999.250 -999.250 -999.250 -999.250 -999.250 -999.250 -999.250 -999.250 156.473 175.326 175.296 163.604 -999.250 -999.250 -999.250 175.355 172.261 170.129 -999.250 -999.250 -999.250 -999.250 -999.250 257.538 270.677 254.325 -999.250 -999.250 -999.250 -999.250 -999.250 -999.250 197.349 227.434 -999.250 -999.250 -999.250 -999.250 -999.250 -999.250 -999.250
-999.250 -999.250 -999.250 -999.250 -999.250 -999.250 -999.250 -999.250 -999.250 -999.250 -999.250 -999.250 -999.250 -999.250 -999.250 -999.250 -999.250 -999.250 -999.250 -999.250 -999.250 -999.250 -999.250 -999.250 -999.250 -999.250 -999.250 -999.250 -999.250 -999.250 -999.250 -999.250 -999.250 174.336 191.065 163.956 177.385 180.857 172.642 189.833 186.084 183.530 159.637 185.150 196.620 191.192 218.997 266.779 274.076 261.090 304.295 279.498 281.371 277.644 287.113 274.929 223.448 230.500 238.001 -999.250 -999.250 -999.250 -999.250 -999.250 -999.250 -999.250
-999.250 -999.250 -999.250 107.417 -999.250 -999.250 -999.250 -999.250 -999.250 -999.250 -999.250 -999.250 -999.250 -999.250 -999.250 -999.250 -999.250 -999.250 -999.250 -999.250 -999.250 -999.250 -999.250 -999.250 -999.250 -999.250 -999.250 -999.250 -999.250 -999.250 -999.250 -999.250 -999.250 176.630 172.741 182.729 189.151 195.244 186.122 188.617 182.517 183.629 179.164 152.523 181.277 200.670 227.114 249.141 282.969 294.765 308.698 303.990 298.231 321.113 298.397 311.431 244.675 252.324 266.833 -999.250 -999.250 -999.250 -999.250 -999.250 -999.250 -999.250
-999.250 -999.250 -999.250 152.863 -999.250 -999.250 -999.250 -999.250 -999.250 -999.250 -999.250 140.380 -999.250 -999.250 -999.250 -999.250 -999.250 -999.250 -999.250 -999.250 -999.250 -999.250 -999.250 -999.250 -999.250 -999.250 -999.250 -999.250 -999.250 -999.250 -999.250 -999.250 -999.250 169.198 194.648 189.456 195.048 191.473 180.750 185.678 177.805 184.094 169.009 201.371 197.514 211.290 238.857 266.886 283.514 307.198 327.653 344.593 331.584 337.592 329.871 324.208 319.783 265.096 274.627 -999.250 -999.250 -999.250 -999.250 -999.250 -999.250 -999.250
-999.250 -999.250 -999.250 165.577 -999.250 -999.250 -999.250 -999.250 169.911 166.989 150.368 155.465 144.024 -999.250 -999.250 -999.250 -999.250 -999.250 -999.250 -999.250 -999.250 -999.250 -999.250 -999.250 -999.250 -999.250 -999.250 -999.250 -999.250 -999.250 -999.250 -999.250 -999.250 170.913 203.895 174.303 181.195 173.910 164.775 143.131 155.368 170.120 157.927 190.354 200.897 212.767 239.781 286.859 279.269 323.517 352.826 352.403 325.806 345.269 316.928 328.214 318.201 281.914 266.177 235.058 -999.250 -999.250 -999.250 -999.250 -999.250 -999.250
144.791 158.663 170.733 168.629 -999.250 -999.250 158.994 180.567 173.408 144.610 150.506 177.965 162.700 144.812 159.079 157.826 -999.250 -999.250 -999.250 -999.250 -999.250 -999.250 -999.250 -999.250 -999.250 -999.250 -999.250 -999.250 -999.250 -999.250 187.703 187.875 179.149 171.404 184.057 179.356 159.103 167.532 150.280 132.430 122.896 139.619 164.595 167.802 189.750 233.431 259.409 270.924 322.145 342.191 355.614 371.914 360.209 382.272 340.937 333.666 310.757 282.660 255.581 238.467 -999.250 -999.250 -999.250 -999.250 -999.250 -999.250
130.020 149.542 168.596 162.204 -999.250 167.555 172.355 157.522 141.588 149.783 153.614 160.603 150.300 175.075 163.857 -999.250 -999.250 -999.250 -999.250 -999.250 222.347 220.976 -999.250 -999.250 -999.250 233.917 -999.250 -999.250 205.543 190.623 195.524 171.994 180.361 192.976 187.463 164.867 176.423 167.250 142.511 139.115 118.774 130.941 163.512 187.820 210.323 219.938 261.173 278.002 309.188 345.964 385.895 422.233 408.781 375.034 341.909 314.670 297.439 310.859 284.777 276.968 -999.250 -999.250 -999.250 -999.250 -999.250 -999.250
154.346 145.331 158.178 177.175 173.150 186.401 168.435 173.445 141.427 158.702 150.630 147.337 156.139 145.094 147.845 -999.250 -999.250 184.227 205.357 225.152 208.640 212.747 238.251 -999.250 210.536 222.016 222.881 212.744 191.761 182.130 188.679 178.755 174.273 182.974 192.033 187.415 176.023 153.174 138.012 129.074 116.189 131.349 182.642 212.564 223.473 241.376 267.440 274.275 326.363 353.775 407.332 452.287 406.353 379.843 359.069 329.595 313.503 317.412 298.518 254.382 -999.250 -999.250 -999.250 -999.250 -999.250 -999.250
142.760 147.919 159.898 161.919 152.798 148.973 162.947 152.923 135.223 130.203 136.518 125.927 153.111 152.508 129.755 150.497 147.185 184.757 204.697 194.629 218.868 226.631 226.414 215.358 226.453 210.354 217.934 204.206 180.935 190.000 200.742 180.766 189.301 171.467 203.848 185.407 168.807 158.917 150.359 123.365 127.725 148.249 192.658 209.738 239.021 283.672 267.834 290.135 328.127 343.467 391.003 414.762 404.570 373.523 347.352 324.753 311.371 273.045 275.327 269.139 -999.250 -999.250 -999.250 -999.250 -999.250 -999.250
137.495 124.808 160.709 151.224 144.032 129.126 148.126 156.229 137.550 123.827 129.543 121.041 141.206 155.353 134.680 148.859 175.450 165.449 197.130 220.273 227.121 258.943 231.504 223.414 215.596 218.424 211.538 191.288 178.110 188.747 191.437 197.201 190.125 157.966 178.598 186.839 183.291 160.853 156.399 140.319 159.475 178.671 202.529 221.170 224.620 274.303 271.763 276.039 306.903 335.602 382.328 387.102 404.568 380.026 362.691 337.257 311.622 296.244 300.078 259.354 -999.250 -999.250 -999.250 -999.250 -999.250 -999.250
154.926 131.785 138.760 141.316 142.902 134.508 120.703 126.434 117.769 108.281 124.238 119.053 114.458 127.952 127.230 150.352 167.118 181.505 186.690 204.419 230.247 248.450 246.466 241.969 224.840 191.482 187.456 193.819 199.851 194.149 186.705 192.981 180.171 177.596 182.063 175.875 186.404 205.501 181.897 191.481 190.704 177.875 193.344 208.781 232.603 242.667 306.213 300.852 271.176 357.373 345.332 347.936 358.237 359.494 318.750 318.021 298.154 265.990 283.799 -999.250 -999.250 -999.250 -999.250 -999.250 -999.250 -999.250
162.312 143.454 124.830 131.760 129.831 111.148 116.892 126.873 144.056 105.742 109.545 121.703 119.953 118.201 123.487 125.015 151.518 174.688 180.815 217.957 213.507 236.383 243.688 235.999 240.386 189.188 196.554 200.577 201.500 187.153 191.829 178.276 169.607 190.142 177.780 187.703 182.789 189.714 178.975 193.564 187.641 200.194 211.110 226.995 241.081 248.428 280.441 278.604 272.628 295.998 338.517 321.742 333.278 341.609 339.959 303.633 301.085 278.607 289.332 -999.250 -999.250 -999.250 -999.250 -999.250 -999.250 -999.250
176.861 169.890 132.263 108.867 118.545 117.513 119.297 122.167 110.502 106.433 92.789 96.968 96.813 100.520 96.708 120.979 127.500 142.724 165.041 210.804 213.814 223.986 216.929 238.167 222.255 188.203 182.156 177.556 185.694 177.775 169.916 165.816 176.021 187.417 199.572 204.021 198.907 200.490 203.001 212.442 196.179 197.544 202.782 232.044 245.581 270.712 270.426 272.462 294.965 293.214 312.058 292.967 306.603 320.148 346.859 310.730 272.731 253.924 264.114 -999.250 -999.250 -999.250 -999.250 -999.250 -999.250 -999.250
176.644 146.550 132.428 123.310 128.543 123.094 128.125 107.407 96.587 104.831 99.963 101.409 84.197 87.593 94.812 112.871 123.536 135.393 144.966 189.893 196.160 202.358 222.592 214.991 209.119 197.234 182.425 177.189 149.699 178.878 175.850 148.971 190.217 190.285 203.380 192.472 209.675 204.334 213.129 207.754 214.942 218.357 216.889 215.359 231.517 276.097 260.776 267.745 298.625 286.829 278.192 300.904 278.456 290.177 316.048 274.963 234.587 243.721 259.332 -999.250 -999.250 -999.250 -999.250 -999.250 -999.250 -999.250
183.694 190.986 166.911 155.890 146.363 137.226 102.091 108.491 126.320 112.828 113.045 98.729 91.424 80.032 89.900 112.850 127.280 141.133 153.206 163.554 179.942 185.625 203.694 192.947 203.289 184.707 174.699 174.660 148.456 155.717 164.976 166.909 172.371 195.327 218.756 207.910 205.942 213.241 215.381 203.606 223.739 214.387 212.333 230.135 235.351 284.030 281.028 267.697 320.976 309.748 301.835 287.293 314.335 292.056 300.308 262.309 285.072 261.491 233.404 -999.250 -999.250 -999.250 -999.250 -999.250 -999.250 -999.250
186.396 209.506 193.468 166.956 149.972 146.214 136.013 141.177 136.992 125.588 113.196 109.862 92.108 92.180 100.621 126.792 129.255 137.304 160.432 166.271 176.241 208.676 206.177 184.974 186.818 170.658 174.542 163.979 129.375 130.464 160.355 158.157 168.647 199.131 207.746 205.828 215.890 246.837 234.672 209.602 212.972 250.695 246.686 249.476 269.052 287.611 301.664 272.459 299.117 306.049 319.205 300.698 297.418 315.879 283.401 270.650 248.941 229.188 216.894 215.200 -999.250 -999.250 -999.250 -999.250 217.073 199.831
205.116 214.144 196.637 183.867 171.087 158.649 156.096 147.160 168.019 140.852 142.514 131.358 115.768 120.147 116.250 148.017 129.458 135.356 157.250 177.449 174.951 187.302 194.920 187.072 163.054 159.007 155.522 154.675 141.815 124.381 125.616 143.558 187.383 194.430 205.918 236.370 239.198 226.644 222.048 217.912 229.648 229.134 252.483 278.336 269.705 295.103 294.676 326.152 311.042 313.464 312.360 284.201 267.669 288.603 259.691 294.343 234.396 212.626 213.758 206.193 202.002 -999.250 163.067 169.762 187.545 199.580
220.671 221.016 210.199 203.199 191.806 194.511 173.832 181.135 194.341 184.746 163.871 174.649 144.925 142.994 155.093 155.077 154.810 148.132 166.685 183.989 189.232 181.103 185.688 169.845 163.662 175.969 154.227 141.547 132.859 137.219 114.000 160.616 186.130 180.839 197.276 226.715 248.140 271.233 222.294 221.871 230.352 237.694 246.867 293.062 283.361 311.548 308.970 344.812 312.544 333.378 313.731 300.148 304.477 278.753 250.431 262.972 226.951 197.388 177.994 175.773 168.110 178.828 169.114 160.749 188.084 195.088
246.133 258.659 224.396 206.836 198.594 200.355 210.946 221.475 211.124 209.013 188.500 177.048 175.320 170.993 179.937 181.567 185.345 161.373 148.623 170.314 197.766 194.786 180.172 179.965 163.300 158.244 149.369 112.357 110.368 111.827 104.602 149.160 163.829 170.889 198.376 220.831 256.487 249.637 231.908 247.220 264.776 262.010 272.481 297.805 299.141 300.767 319.053 331.470 305.366 293.349 305.473 291.510 268.090 258.717 258.832 237.668 217.214 194.753 161.408 180.975 158.786 146.104 149.907 138.478 158.609 166.958
