data/medianmodel_23-Oct-2020.asc
ncols	141
nrows	288
xllcorner	-120191.398
yllcorner	-301404.813
cellsize	2000.000
NODATA_value	-999.250
[rows 150 to 179 of 288, columns 0 to 65 of 141]
-999.250 -999.250 -999.250 -999.250 -999.250 -999.250 -999.250 -999.250 -999.250 -999.250 -999.250 -999.250 79.350 58.967 64.252 66.791 68.809 64.806 68.679 69.897 72.394 68.266 62.226 66.260 70.809 69.221 66.906 70.599 77.218 97.249 96.192 102.017 113.520 104.577 100.642 107.103 114.665 124.022 106.057 109.177 120.484 122.831 111.348 107.106 113.007 87.758 87.451 73.939 82.825 103.635 107.314 101.957 113.281 117.611 111.708 107.485 108.001 87.683 89.571 64.121 63.249 63.428 66.309 55.988 52.975 53.953
-999.250 -999.250 -999.250 -999.250 -999.250 -999.250 -999.250 -999.250 -999.250 -999.250 -999.250 70.293 64.984 55.138 52.344 50.508 52.211 62.724 65.386 67.810 72.271 71.988 74.398 70.957 81.369 69.683 77.071 84.506 95.251 97.262 106.897 107.894 120.533 117.363 95.687 113.212 111.123 117.086 116.388 119.720 110.141 111.944 109.923 97.150 87.137 56.190 73.087 82.711 107.698 116.588 116.320 107.747 116.931 112.046 111.679 110.172 99.591 89.036 79.264 67.215 63.259 62.155 60.069 60.164 59.189 58.052
-999.250 -999.250 -999.250 -999.250 -999.250 -999.250 -999.250 -999.250 -999.250 -999.250 76.854 62.521 51.653 44.865 38.826 38.645 42.536 45.177 56.084 67.030 73.265 77.619 76.216 85.356 79.812 84.956 81.361 98.924 107.984 108.963 111.822 116.219 123.248 116.600 117.326 107.958 118.800 104.474 113.142 121.708 104.729 110.688 94.912 90.601 99.129 101.027 108.055 116.553 117.734 130.732 124.953 133.151 123.906 123.058 108.017 114.577 98.785 85.369 76.316 66.795 63.840 60.820 55.815 54.731 63.089 57.503
-999.250 -999.250 -999.250 -999.250 -999.250 -999.250 -999.250 -999.250 -999.250 87.140 70.033 53.312 46.269 33.471 29.754 25.317 37.645 52.540 56.907 73.201 82.870 84.892 85.435 90.066 90.311 87.834 94.361 100.686 120.332 117.722 118.160 116.126 124.990 120.947 125.866 118.031 107.944 109.091 108.285 105.239 109.242 111.955 104.205 111.760 123.358 141.830 156.197 154.902 152.232 154.366 152.849 123.023 128.882 127.959 122.024 118.289 94.529 80.000 69.130 60.296 64.712 60.474 57.731 54.073 68.434 69.000
-999.250 -999.250 -999.250 -999.250 -999.250 109.310 113.203 108.740 98.653 87.671 67.460 47.418 34.994 25.199 25.611 33.084 38.809 55.265 60.942 68.184 86.480 95.970 101.176 113.499 107.361 108.165 104.135 104.569 111.383 134.354 120.339 121.178 129.030 138.771 127.487 131.028 121.494 119.619 111.546 112.228 103.825 96.989 114.463 133.825 135.724 177.551 217.462 188.128 180.071 172.868 153.178 152.005 143.216 132.701 121.849 117.396 92.752 78.526 70.295 71.137 66.363 62.701 62.071 63.868 68.573 65.453
-999.250 -999.250 -999.250 -999.250 -999.250 -999.250 -999.250 107.911 95.171 79.580 60.131 43.081 35.396 26.895 28.194 34.951 40.013 59.099 72.850 77.356 90.656 102.217 111.876 114.872 113.762 122.675 121.343 120.215 127.276 126.442 136.416 143.731 139.320 134.176 149.501 155.221 133.398 137.692 124.925 112.876 99.870 108.705 125.647 120.549 162.489 178.755 197.546 198.402 184.578 182.804 155.688 143.457 133.184 125.269 117.863 113.709 100.869 81.231 67.812 59.850 62.431 60.129 61.241 65.150 70.740 60.965
-999.250 -999.250 -999.250 -999.250 -999.250 -999.250 -999.250 116.746 96.900 77.096 65.819 49.660 28.160 21.884 25.099 33.151 50.612 64.998 74.090 94.960 101.562 117.403 134.108 149.213 129.327 142.053 136.595 130.129 127.618 152.803 154.728 155.505 165.941 171.895 171.158 163.359 156.235 136.769 120.941 110.981 117.019 112.062 112.145 133.352 147.606 152.194 181.493 173.220 171.691 178.691 164.724 155.985 121.785 118.100 101.529 98.727 81.801 83.817 71.622 66.313 66.101 68.679 63.910 71.790 60.566 63.243
-999.250 -999.250 -999.250 -999.250 -999.250 -999.250 -999.250 107.302 93.584 69.481 58.049 46.393 36.202 27.462 24.497 36.721 57.970 86.716 96.572 121.438 137.509 134.347 158.672 166.700 156.991 152.671 144.877 133.447 138.596 155.687 177.956 152.772 174.717 178.202 193.635 186.900 183.800 149.788 148.478 120.668 124.662 129.873 125.169 112.953 147.563 148.049 156.909 165.917 158.183 156.811 160.895 153.906 141.526 127.865 107.037 100.136 87.128 80.307 73.787 70.983 70.846 61.885 68.393 63.241 66.436 60.948
-999.250 -999.250 -999.250 -999.250 -999.250 -999.250 -999.250 99.003 96.506 68.956 67.746 52.662 46.599 28.826 31.684 43.529 75.491 104.471 130.953 169.668 189.845 169.919 179.671 183.471 161.611 161.530 160.419 158.061 151.604 167.902 172.575 178.080 188.632 202.547 198.822 192.536 196.075 162.123 164.197 133.524 123.258 113.984 132.093 131.915 155.986 143.229 152.857 146.709 157.777 166.658 160.045 164.560 135.090 132.287 110.232 100.233 80.079 69.888 72.071 69.289 67.130 67.087 67.067 64.791 62.363 65.559
-999.250 -999.250 -999.250 -999.250 -999.250 -999.250 -999.250 -999.250 98.109 87.035 72.287 60.163 50.986 35.187 34.999 43.754 78.537 123.943 170.465 192.903 197.895 203.746 211.545 191.408 179.157 180.642 176.003 183.582 165.035 159.222 159.889 165.752 192.076 212.543 217.086 216.868 210.623 191.037 164.591 129.787 133.404 132.673 118.294 152.178 132.911 149.843 127.886 140.480 155.872 154.380 165.535 166.951 142.183 119.004 112.697 98.028 82.536 76.103 71.853 64.539 62.855 64.277 55.533 59.468 63.282 62.901
-999.250 -999.250 -999.250 -999.250 -999.250 -999.250 -999.250 -999.250 109.712 100.561 83.846 65.965 65.032 51.657 40.856 39.815 91.965 145.105 191.359 228.742 256.167 264.748 236.130 227.261 193.225 192.993 205.335 183.347 177.266 165.615 188.746 208.057 225.783 221.055 206.047 212.471 206.294 189.703 155.110 126.968 116.985 113.331 113.218 120.777 121.356 140.553 139.841 153.760 153.464 169.299 169.445 151.469 134.082 118.043 115.578 98.651 91.322 82.715 72.943 78.011 62.275 58.662 51.367 55.737 60.552 53.355
-999.250 -999.250 -999.250 -999.250 -999.250 -999.250 -999.250 112.407 102.353 94.698 83.887 75.486 68.692 75.115 70.991 74.328 115.340 166.514 220.464 257.944 291.265 294.808 271.740 236.464 214.479 206.002 195.059 187.174 196.975 178.112 199.232 213.141 218.714 242.667 230.179 210.580 235.106 185.026 131.723 117.012 105.980 103.808 103.617 102.167 118.744 124.752 135.048 138.320 160.547 157.964 145.140 144.239 140.674 123.652 96.730 106.529 84.441 81.560 73.965 71.852 68.982 55.458 53.600 60.805 58.797 54.932
-999.250 -999.250 -999.250 -999.250 -999.250 -999.250 -999.250 98.825 100.978 102.072 97.245 74.845 73.272 84.114 91.174 106.883 131.890 183.494 224.428 268.832 351.057 288.230 294.115 255.211 235.461 218.922 197.081 179.972 188.240 185.601 197.327 200.524 209.537 215.435 197.722 218.104 185.074 156.240 115.210 100.359 100.428 90.471 90.860 105.028 114.493 115.061 126.957 113.080 136.909 141.402 140.566 125.292 116.240 113.120 111.364 98.002 85.521 80.571 83.172 76.413 68.123 55.652 55.748 51.849 50.926 57.416
-999.250 -999.250 -999.250 -999.250 -999.250 -999.250 -999.250 106.832 102.904 97.140 105.352 78.047 83.409 99.076 118.241 129.903 165.397 202.055 234.863 255.521 303.398 289.684 280.322 249.020 222.899 200.489 197.048 185.453 192.106 197.106 210.657 204.044 207.659 212.965 191.474 212.359 164.303 125.916 97.578 87.100 77.534 79.367 89.034 100.878 107.126 117.604 124.442 131.813 109.306 111.641 123.652 108.197 108.486 112.671 104.525 101.073 78.960 81.453 80.904 74.663 66.866 59.245 48.602 59.609 52.376 57.966
-999.250 -999.250 -999.250 -999.250 -999.250 -999.250 -999.250 118.873 98.047 105.801 98.130 100.002 99.432 106.679 118.944 143.945 172.440 192.577 240.773 274.072 295.092 303.916 271.271 244.835 234.860 232.605 207.321 201.379 186.264 197.423 192.376 209.509 199.549 193.456 183.646 168.867 142.167 131.831 98.051 81.157 67.641 71.970 92.217 95.307 100.346 110.499 116.330 113.106 113.805 111.293 108.800 103.963 99.219 109.425 101.395 96.329 84.246 77.995 76.243 69.921 74.507 62.696 63.229 64.459 51.494 55.836
-999.250 -999.250 -999.250 -999.250 -999.250 -999.250 125.498 103.176 103.791 107.621 114.385 103.169 95.967 110.052 139.326 160.146 165.654 185.899 227.125 277.862 289.167 259.459 254.175 245.068 222.247 199.230 192.474 182.550 189.296 193.529 207.732 230.676 216.317 197.093 162.493 140.816 128.842 99.089 85.229 71.911 65.988 74.641 88.217 98.144 105.683 118.169 115.502 111.890 110.885 97.380 92.093 94.733 81.924 79.489 73.801 88.455 80.304 64.311 66.443 70.338 69.356 57.762 61.908 65.950 61.473 52.416
-999.250 -999.250 -999.250 -999.250 -999.250 -999.250 122.558 116.698 109.510 116.164 100.763 117.503 106.781 112.373 142.157 142.355 180.669 198.087 202.733 234.882 261.799 218.759 246.298 227.014 209.942 187.717 179.119 157.607 161.331 165.341 176.021 195.737 190.615 171.798 150.807 124.084 109.925 91.706 75.637 66.706 70.618 72.324 79.662 79.721 81.575 86.796 91.584 95.155 97.962 93.096 97.555 89.094 69.324 62.170 72.769 73.516 79.983 89.351 81.453 67.484 76.105 62.918 67.432 63.221 62.913 59.782
-999.250 -999.250 -999.250 -999.250 -999.250 139.192 127.602 112.039 112.977 109.835 102.725 107.692 119.007 119.660 136.004 146.969 175.782 212.914 213.465 209.958 220.164 212.054 230.112 230.123 186.673 191.383 167.658 140.870 130.254 144.898 150.397 165.988 161.466 148.915 125.097 106.947 105.464 86.019 71.621 63.597 64.721 70.818 68.058 64.453 76.035 86.278 97.431 90.318 86.947 83.492 88.321 81.379 73.676 66.625 68.113 72.189 72.571 79.790 73.721 62.903 61.993 63.079 68.221 64.176 61.702 63.020
-999.250 -999.250 -999.250 -999.250 -999.250 127.640 137.137 119.419 115.372 120.740 112.650 123.520 115.905 123.285 133.932 148.462 170.644 188.727 219.591 201.846 224.924 230.048 223.569 231.743 209.118 188.690 170.594 139.430 123.767 133.557 139.429 146.755 138.398 137.211 120.834 112.708 86.201 79.628 67.302 66.222 58.837 60.643 61.358 67.837 84.052 75.279 86.883 84.994 78.154 79.112 74.442 81.585 67.398 62.284 71.963 76.148 71.587 62.238 63.742 64.197 62.109 62.808 63.329 71.362 63.803 52.543
-999.250 -999.250 -999.250 -999.250 142.844 125.933 144.959 137.521 143.282 142.692 116.774 121.706 121.033 110.971 134.701 152.372 179.699 179.948 206.730 227.961 257.864 263.771 271.515 229.574 206.381 184.997 164.083 148.890 129.390 123.086 136.954 131.909 125.053 117.016 99.115 91.721 91.737 70.775 69.821 62.981 65.194 58.686 55.054 66.926 65.661 72.615 68.683 77.734 68.433 70.027 71.583 66.254 64.037 57.889 68.279 63.284 66.568 58.154 55.559 57.416 60.467 61.527 53.253 62.743 60.213 62.873
-999.250 -999.250 -999.250 -999.250 148.972 145.073 143.449 144.117 139.539 139.527 131.215 122.376 120.519 122.119 137.804 155.607 156.363 188.921 202.594 242.603 251.583 255.129 301.916 257.696 227.285 183.169 140.114 128.971 117.367 106.844 111.226 105.261 107.613 103.890 113.168 96.591 74.999 70.640 62.900 58.641 55.873 58.976 59.876 61.028 70.735 72.288 68.186 67.588 77.039 76.157 73.345 68.779 69.084 60.721 50.136 56.085 69.276 66.216 50.346 51.072 52.891 55.254 55.331 62.160 60.014 63.890
-999.250 -999.250 -999.250 -999.250 139.251 151.709 153.258 158.863 160.565 153.911 145.342 145.502 142.849 146.063 144.602 152.430 171.274 184.472 195.496 228.705 238.903 239.578 255.160 231.965 201.758 178.435 152.864 133.177 116.278 100.206 111.151 108.701 100.592 99.791 85.254 81.652 72.360 68.379 65.133 59.977 58.906 47.988 50.525 59.361 60.763 70.743 66.624 68.259 74.293 57.947 65.952 63.025 61.956 54.704 55.454 63.222 53.472 58.078 43.893 47.701 44.845 49.787 50.591 59.927 63.371 59.089
-999.250 -999.250 -999.250 -999.250 146.843 133.775 162.224 170.436 172.534 167.423 154.521 141.574 147.695 157.135 176.322 166.133 180.664 194.501 197.882 206.038 219.364 212.482 220.079 214.914 222.436 187.079 167.407 144.931 125.896 99.039 95.815 86.378 92.064 91.145 81.351 75.135 70.258 69.915 60.088 55.974 52.529 48.122 54.072 60.840 66.694 59.777 60.540 65.065 69.125 60.852 57.620 61.094 48.336 49.645 43.358 51.899 54.362 53.821 43.589 39.345 45.738 43.435 47.273 56.877 63.120 58.271
-999.250 -999.250 -999.250 -999.250 174.584 165.197 179.448 175.933 184.985 182.169 164.626 159.708 169.925 155.123 168.154 180.521 215.942 213.508 222.008 233.506 220.083 216.686 198.785 214.582 190.875 184.571 171.107 154.041 116.713 108.023 113.319 98.093 94.844 90.827 74.578 77.662 67.302 61.404 59.810 57.459 43.220 45.574 51.082 58.027 55.067 57.920 60.690 67.575 70.575 59.960 56.591 57.949 49.597 50.594 46.963 43.897 39.403 35.773 39.899 43.371 46.849 46.817 50.692 54.153 55.739 56.507
-999.250 -999.250 -999.250 -999.250 190.748 193.589 196.792 210.590 187.945 195.096 195.908 180.727 178.598 160.625 178.031 189.440 208.569 219.138 245.171 266.026 222.467 215.665 222.750 199.655 189.817 177.144 165.004 148.365 134.925 114.079 105.887 99.906 102.752 84.049 76.240 78.161 76.186 61.995 54.974 53.300 48.354 45.447 50.061 44.371 49.829 52.696 57.456 59.889 55.554 53.924 53.958 56.992 47.206 51.809 39.995 40.085 27.941 29.317 33.164 34.160 41.781 46.853 46.792 57.353 52.761 55.573
-999.250 -999.250 -999.250 -999.250 221.229 215.338 220.918 232.705 218.944 202.333 201.310 200.145 205.027 180.347 195.421 209.487 231.480 220.806 251.228 256.365 224.564 235.504 204.283 190.548 188.887 178.272 162.198 166.568 147.473 128.028 110.689 99.584 90.039 80.058 78.590 76.745 75.756 64.619 55.517 53.998 53.021 41.433 43.188 41.244 45.327 49.951 58.965 60.155 52.273 56.758 52.104 55.042 55.294 49.689 39.979 30.612 17.852 18.587 17.392 28.055 31.633 30.547 47.401 47.376 58.304 61.738
-999.250 -999.250 -999.250 -999.250 224.898 249.887 250.439 267.638 232.098 216.138 205.118 192.343 191.765 196.605 214.516 229.311 227.974 212.154 255.825 234.495 228.389 228.476 211.334 223.533 215.686 195.126 185.760 156.339 129.567 120.276 112.772 110.647 101.438 94.928 90.462 78.026 72.688 64.394 56.988 55.280 48.666 53.908 47.015 40.066 49.231 54.235 61.522 58.342 62.621 49.136 64.532 64.485 52.083 46.950 39.192 28.320 14.233 0.000 14.514 25.006 26.647 35.329 36.846 43.605 51.199 55.380
-999.250 -999.250 -999.250 -999.250 218.517 248.416 252.742 250.948 220.850 213.376 217.454 202.320 207.731 198.402 212.899 207.028 222.870 218.746 216.701 252.765 230.167 222.995 217.413 236.246 234.010 200.717 190.105 177.945 151.148 145.334 117.758 107.475 97.881 84.423 87.385 74.345 76.721 63.023 64.220 60.482 55.422 53.655 53.950 47.645 52.334 64.929 64.745 67.322 61.885 64.631 62.782 60.281 53.026 44.023 34.974 27.548 18.529 8.824 15.580 21.396 26.987 31.736 36.305 45.849 47.951 54.753
-999.250 -999.250 -999.250 -999.250 233.362 225.119 226.326 246.064 246.002 218.431 206.469 215.496 203.251 220.125 211.742 238.327 235.428 213.782 239.322 264.142 255.729 257.589 238.960 212.854 208.865 189.431 192.170 172.623 147.861 133.430 109.288 106.041 113.077 103.740 97.762 92.779 82.743 70.555 67.469 72.187 61.470 57.783 60.021 60.115 64.664 69.463 78.357 68.055 63.913 70.382 64.498 57.280 50.267 42.128 34.843 33.174 23.123 20.374 21.986 28.527 27.709 33.905 45.107 46.265 49.721 58.530
-999.250 -999.250 -999.250 203.939 219.776 251.813 233.853 256.265 227.838 213.334 216.712 221.845 210.481 235.618 226.620 240.182 232.178 235.369 262.256 293.550 321.224 255.141 233.310 232.501 196.777 203.899 167.463 176.198 145.104 124.632 115.091 145.571 126.075 138.153 100.345 86.959 82.037 84.926 70.775 78.155 76.053 77.646 68.227 65.672 70.668 81.052 77.826 77.147 67.721 78.126 71.288 59.803 49.657 47.357 39.008 40.856 33.050 29.867 27.716 26.028 32.656 35.494 38.189 48.307 60.586 59.917
