data/medianmodel_04-Dec-2020.asc
ncols	141
nrows	288
xllcorner	-120191.398
yllcorner	-301404.813
cellsize	2000.000
NODATA_value	-999.250
[rows 29 to 57 of 288, columns 64 to 127 of 141]
787.676 704.527 662.090 589.491 508.499 465.313 457.239 448.383 440.454 457.812 481.806 521.305 575.050 642.890 699.239 770.629 892.900 959.367 1141.481 1175.822 1270.281 1206.240 1249.103 1239.543 1255.666 1210.415 1214.805 1204.078 1165.876 1169.051 1093.265 1019.652 955.550 958.590 868.179 808.726 793.543 735.820 743.286 747.011 745.994 753.006 742.827 767.439 707.743 722.539 673.721 720.732 688.188 668.177 668.075 685.910 655.082 667.938 677.135 649.507 696.717 708.493 745.049 715.364 726.058 748.369 741.260 743.463
832.592 724.439 644.909 574.245 521.042 477.505 456.046 420.271 407.010 423.035 434.858 493.619 556.080 611.835 704.210 803.351 945.745 983.226 1070.167 1215.924 1253.382 1254.719 1228.460 1196.751 1133.705 1113.558 1104.390 1180.799 1066.420 1157.502 1007.935 996.484 948.269 883.895 871.215 733.408 693.387 730.021 705.108 717.409 727.477 763.173 743.097 734.104 727.779 701.948 700.796 670.502 716.989 663.885 660.854 667.656 622.721 627.027 617.761 661.855 667.822 646.882 698.636 699.407 699.673 732.412 736.062 745.712
791.718 726.506 654.418 586.423 525.456 479.795 439.984 391.777 324.583 346.495 398.551 455.918 548.603 634.676 712.357 811.334 910.032 996.482 1120.116 1142.147 1146.951 1156.290 1253.731 1110.929 1110.364 1076.566 1069.704 1115.962 1048.062 996.815 980.246 915.633 909.019 826.011 763.116 723.224 685.977 697.026 704.109 719.502 717.958 710.588 726.828 707.128 708.186 716.017 707.443 684.897 718.135 664.165 679.057 711.759 673.721 620.944 578.100 582.511 609.696 649.670 660.642 664.161 706.525 704.252 731.535 743.100
793.274 735.411 659.825 583.405 534.716 500.546 411.911 340.370 300.413 271.197 326.419 432.355 519.646 613.375 676.250 774.191 936.266 955.301 1067.086 1187.833 1117.701 1192.071 1087.775 1119.375 1064.542 982.753 993.377 968.343 966.794 929.069 896.884 850.203 876.363 763.416 724.879 723.946 641.700 683.501 664.098 675.080 684.813 710.361 709.979 715.815 713.374 700.596 711.444 727.616 696.501 724.739 710.357 698.298 674.030 635.559 620.444 575.524 593.777 576.638 670.916 632.648 627.047 717.183 695.763 715.151
769.050 710.708 689.735 604.407 574.983 498.623 416.364 334.235 258.589 212.300 267.941 404.799 500.348 582.267 686.741 778.293 907.751 978.320 1041.710 1085.501 1091.205 1116.254 1066.436 1006.584 1023.079 963.468 886.642 968.707 932.272 844.441 845.302 806.670 768.305 755.749 692.280 651.319 647.643 638.837 696.057 660.532 673.987 685.211 691.257 712.809 723.340 729.824 703.796 704.468 673.516 710.597 682.939 695.482 683.246 665.365 610.250 576.566 598.719 634.474 628.839 659.815 658.535 689.941 701.081 738.931
684.668 727.368 718.926 685.008 628.919 573.829 457.079 385.369 283.406 132.979 247.545 344.250 495.165 575.212 708.301 800.674 912.777 996.803 1052.916 1037.646 1043.728 1032.364 998.640 929.307 944.554 914.391 867.967 882.368 849.967 791.456 771.236 750.785 735.761 713.482 644.944 613.322 615.073 608.049 645.317 681.519 680.220 641.876 679.697 704.872 728.606 719.427 708.661 721.539 661.993 660.869 724.373 680.795 687.625 694.934 598.788 574.518 606.144 598.246 591.332 613.616 627.884 625.633 663.518 664.208
791.649 758.241 756.410 737.550 749.765 672.331 568.404 462.509 371.880 305.047 329.381 427.221 537.699 606.063 731.113 830.953 905.343 1003.261 988.141 971.283 975.995 969.710 951.458 928.488 908.216 865.683 861.600 820.117 813.009 795.608 737.649 740.576 669.395 627.807 603.651 576.186 577.952 567.392 609.886 629.034 620.801 613.514 668.680 660.714 696.758 713.877 723.615 729.379 742.063 669.790 682.144 645.153 654.584 607.789 549.306 563.065 563.379 567.649 572.171 598.064 583.324 616.118 622.668 609.566
785.549 785.196 805.270 841.203 803.764 771.593 707.272 609.828 547.962 481.291 484.268 540.876 578.817 665.010 733.072 833.157 885.607 949.537 966.834 974.451 951.621 930.007 905.124 864.010 853.741 784.822 773.920 752.856 729.775 727.884 694.618 676.973 647.039 622.725 579.443 533.235 539.596 557.663 558.097 577.984 574.643 610.273 651.653 653.760 682.567 725.719 691.730 677.477 724.725 701.641 644.154 653.921 645.807 572.077 545.370 539.152 521.851 542.557 541.074 537.081 561.583 584.340 597.545 648.353
889.387 879.877 916.776 981.956 991.647 923.555 873.634 762.699 696.617 612.479 601.404 613.680 621.338 701.779 755.389 824.374 873.000 898.820 924.985 911.209 850.737 864.376 787.405 787.888 741.934 731.834 727.289 713.225 672.955 672.570 657.895 559.063 579.616 561.957 515.692 525.482 502.861 514.148 537.722 562.939 582.078 597.765 638.142 650.574 698.197 708.191 706.741 696.172 687.807 677.005 621.666 632.342 587.727 537.460 502.787 507.245 485.245 513.448 532.507 541.167 550.186 567.297 551.812 578.118
905.709 1029.875 1186.549 1209.097 1230.480 1204.745 1104.515 961.667 811.088 717.960 697.472 662.485 674.812 704.754 731.314 771.078 752.278 867.379 867.447 857.786 824.106 765.544 723.242 705.738 692.210 697.116 648.831 659.960 618.312 609.641 597.641 550.300 551.637 545.609 509.924 505.503 489.090 492.636 494.889 525.911 554.825 602.426 616.304 660.050 687.289 679.048 670.743 669.247 724.310 689.215 630.069 571.035 572.691 557.565 526.449 479.931 461.103 497.402 491.696 517.017 555.954 550.296 535.144 534.487
867.908 1123.189 1336.110 1513.140 1547.796 1442.428 1313.224 1180.727 992.021 853.585 752.653 727.034 740.720 727.226 745.393 760.274 745.626 755.689 768.975 779.797 736.566 707.603 669.492 649.527 631.611 629.493 621.803 595.439 569.073 560.267 518.838 500.535 491.713 485.848 504.381 478.196 485.257 503.688 510.220 534.615 561.470 583.286 625.371 622.059 665.086 676.460 631.034 697.078 726.579 650.672 583.383 579.139 520.581 544.510 489.163 455.759 445.991 487.233 471.594 496.190 515.058 538.220 520.453 545.484
938.623 1238.978 1478.423 1776.208 1769.513 1676.844 1472.216 1282.905 1082.629 973.282 802.558 782.597 764.599 736.639 723.149 720.407 725.876 718.784 729.713 706.990 683.754 637.093 636.236 580.419 549.149 600.530 582.269 551.171 520.322 512.070 481.519 476.560 460.264 460.736 446.772 440.461 454.848 454.789 485.418 504.089 548.791 532.427 600.607 642.250 648.809 647.618 672.566 725.752 688.377 695.009 593.835 552.997 513.545 500.270 497.734 458.106 450.891 466.394 453.991 458.539 490.150 496.480 483.759 543.741
1066.532 1334.499 1707.920 2073.135 1915.378 1741.369 1572.709 1338.378 1237.044 1013.750 833.236 817.915 797.844 717.506 679.159 688.613 677.409 664.740 636.655 663.114 634.885 606.330 542.733 537.865 512.640 539.897 518.740 471.161 481.551 450.467 468.326 433.759 395.997 401.547 386.616 386.052 369.242 388.016 470.367 486.609 511.534 551.781 603.631 626.402 673.076 710.339 735.511 697.563 689.556 649.379 642.608 544.103 520.421 521.146 464.628 447.389 444.953 455.915 448.065 448.958 476.508 478.491 502.105 525.244
1224.084 1426.024 1720.383 1866.992 1882.126 1745.409 1541.323 1412.495 1228.342 1043.535 916.567 789.159 738.831 704.933 671.671 654.691 611.361 583.647 566.442 570.660 591.658 570.639 539.928 492.927 486.610 464.181 455.371 448.203 427.030 380.901 395.410 371.194 345.348 335.472 323.605 337.076 352.136 365.706 425.404 475.463 496.239 562.685 623.328 661.895 715.301 736.379 717.332 729.304 744.734 690.223 652.374 557.221 515.375 488.098 456.149 428.751 422.115 416.855 401.799 447.051 457.586 455.405 478.401 495.896
1273.416 1427.680 1585.869 1710.835 1728.657 1685.271 1553.341 1318.485 1183.128 975.522 862.833 769.844 729.236 703.583 649.513 607.403 587.594 555.161 531.135 520.724 542.200 539.665 509.932 476.822 450.835 440.553 417.756 423.667 389.499 346.605 334.776 320.781 295.088 287.423 296.092 304.182 312.655 340.409 416.017 457.887 495.804 579.427 621.495 714.929 748.132 791.209 742.164 756.523 763.639 656.183 676.857 626.776 528.855 499.117 436.231 369.964 349.190 351.450 381.030 397.316 436.049 472.712 487.128 502.646
1234.086 1342.107 1459.795 1531.314 1594.665 1505.037 1434.823 1276.694 1142.786 1012.450 836.083 736.127 673.820 675.716 611.979 588.063 538.844 504.822 507.568 477.142 460.796 462.725 470.332 466.405 431.027 426.420 408.374 365.507 357.570 313.047 318.695 274.346 259.570 256.080 230.091 246.158 278.168 311.617 361.496 450.237 524.499 619.073 655.096 702.794 746.542 790.303 748.603 736.991 752.129 720.221 688.158 655.648 569.721 487.061 412.136 355.826 297.759 308.386 351.073 422.032 452.488 479.289 482.066 532.440
1185.422 1232.857 1290.245 1388.302 1388.537 1364.786 1287.134 1106.738 1015.814 939.821 784.317 714.809 652.719 588.432 551.505 534.497 529.082 458.122 429.855 434.160 444.081 446.919 430.480 427.633 415.911 411.069 381.903 354.338 316.334 285.433 249.295 231.051 200.434 198.394 204.231 205.364 222.262 252.465 327.252 412.098 490.041 598.269 667.530 717.824 744.531 765.016 751.676 743.372 752.735 729.077 689.501 664.388 588.403 530.108 466.174 368.349 262.154 320.958 370.623 442.221 464.141 490.653 518.607 495.835
1066.178 1159.247 1188.258 1251.280 1282.570 1212.998 1084.687 990.981 915.435 816.220 724.874 664.714 546.415 547.785 524.752 503.215 469.149 418.361 388.911 368.043 402.972 389.755 369.772 391.457 419.361 375.111 367.887 326.306 279.576 239.527 213.750 179.769 184.109 169.005 166.428 179.539 176.567 210.546 293.566 400.162 491.789 573.856 665.774 724.564 754.029 771.316 751.721 765.285 739.798 787.808 736.252 695.731 643.286 580.493 519.897 472.369 408.445 425.469 455.701 465.978 505.621 508.168 526.632 554.534
1022.428 1084.060 1135.845 1091.864 1095.967 990.006 975.304 887.821 819.603 762.041 667.601 603.381 537.645 507.865 489.478 469.057 435.071 361.211 337.448 340.661 333.250 353.603 339.142 386.845 376.471 360.826 331.568 306.554 228.314 204.572 179.008 150.315 145.832 147.368 149.099 143.789 153.398 148.908 277.184 372.890 477.160 563.413 684.426 747.765 773.761 777.701 769.313 811.122 817.230 778.528 774.659 744.660 708.269 677.392 641.525 539.955 546.722 512.412 526.820 545.848 548.436 583.710 569.113 591.709
1007.377 985.027 1014.220 955.450 930.027 868.296 836.877 768.385 748.394 676.008 618.255 561.785 530.190 479.931 477.474 454.119 381.923 323.850 309.733 272.284 272.183 313.745 327.944 336.042 329.489 323.472 292.899 238.608 211.810 186.090 154.985 118.120 118.481 127.728 141.915 152.710 176.389 232.421 309.032 435.794 531.767 621.840 696.719 741.099 776.628 810.788 867.643 904.631 826.226 851.789 825.460 798.709 762.801 753.898 747.480 694.263 651.796 626.841 637.160 594.038 583.338 609.675 643.223 631.172
990.132 948.478 940.310 886.346 842.638 776.307 735.010 675.784 602.713 601.773 580.441 531.790 489.164 479.219 462.450 419.065 364.440 317.454 279.402 236.566 252.221 264.043 281.534 311.335 293.183 280.908 256.366 226.362 187.099 166.711 128.946 70.597 99.166 121.830 151.465 182.764 214.793 262.585 353.736 467.711 536.670 633.022 738.291 755.311 824.181 901.077 932.289 1023.854 955.735 936.483 924.571 951.003 946.559 965.435 901.583 781.709 732.843 738.653 668.170 -999.250 698.687 676.108 -999.250 -999.250
929.177 922.177 866.337 816.204 741.030 689.983 651.007 586.473 550.791 532.462 534.769 518.746 498.487 517.322 484.943 448.743 418.998 352.494 293.829 256.539 234.140 239.590 249.017 253.072 256.157 240.786 226.441 211.923 176.293 154.095 143.776 102.539 122.782 144.767 169.229 193.443 259.724 346.709 421.998 510.857 606.487 688.432 759.196 819.752 903.417 888.435 1015.898 986.852 1043.637 1051.361 1074.641 1120.424 1117.909 1036.417 927.761 913.391 797.939 -999.250 -999.250 -999.250 -999.250 -999.250 -999.250 -999.250
904.067 877.223 839.052 786.918 707.925 602.708 549.294 509.607 471.550 480.695 501.560 500.112 513.524 536.825 498.583 465.484 422.256 345.488 308.333 263.057 235.121 232.685 239.078 236.220 238.090 234.891 209.720 197.649 166.606 164.065 150.232 134.755 141.370 165.282 191.751 236.584 303.904 377.615 480.445 585.129 667.709 726.330 806.267 872.639 916.338 968.617 1012.019 1057.784 1137.561 1178.385 1200.852 1167.633 1210.189 1189.546 1081.792 1102.844 -999.250 -999.250 -999.250 -999.250 -999.250 -999.250 -999.250 -999.250
904.739 924.929 842.378 779.925 686.575 549.099 477.066 427.095 428.354 427.339 454.614 470.779 506.780 569.999 554.162 521.088 464.175 431.701 329.874 265.304 230.312 218.728 217.521 218.613 229.924 213.998 205.905 193.904 180.255 162.460 153.938 159.041 158.776 174.196 218.212 234.878 326.241 402.965 500.053 611.572 695.773 755.635 860.385 893.831 953.999 1060.102 1128.064 1183.743 1241.728 1231.888 1317.345 1365.067 1336.323 1323.043 1203.866 1141.104 -999.250 -999.250 -999.250 -999.250 -999.250 -999.250 -999.250 -999.250
917.817 906.066 889.743 777.803 661.638 500.866 378.899 341.191 372.643 380.110 316.997 483.149 525.677 630.857 659.141 639.978 565.130 469.519 347.061 266.143 208.743 185.061 188.453 210.230 207.581 209.862 187.428 193.664 189.892 164.491 170.104 167.739 173.612 198.710 220.090 274.749 341.412 395.349 508.900 629.681 740.741 827.100 899.842 966.462 1078.040 1142.545 1192.942 1261.014 1256.070 1316.743 1371.014 1490.036 1475.665 1407.986 1290.001 -999.250 -999.250 -999.250 -999.250 -999.250 -999.250 -999.250 -999.250 -999.250
934.006 955.166 921.751 777.982 621.260 453.833 277.498 332.700 372.423 429.332 465.425 557.061 654.271 733.952 780.918 769.614 656.041 529.746 357.356 224.455 171.496 159.017 166.079 186.931 194.662 205.254 210.172 213.542 198.368 184.796 184.726 168.658 196.723 212.138 238.777 278.688 356.270 409.216 525.347 640.602 742.807 840.075 924.435 986.119 1046.003 1246.799 1288.390 1321.184 1326.540 1419.616 1492.295 1573.492 1583.468 1564.964 -999.250 -999.250 -999.250 -999.250 -999.250 -999.250 -999.250 -999.250 -999.250 -999.250
954.313 927.448 944.101 756.222 617.623 461.226 375.065 414.887 483.058 559.648 606.668 743.907 802.409 867.580 917.440 913.170 838.494 573.742 340.358 177.396 132.421 124.711 150.484 164.594 186.852 210.526 223.254 216.273 191.792 197.655 193.482 183.083 191.663 215.120 242.548 280.848 337.332 430.487 518.311 608.967 724.458 833.620 886.355 999.172 1126.310 1259.380 1306.714 1370.657 1422.304 1574.524 1638.980 1669.042 1701.137 1687.034 -999.250 -999.250 -999.250 -999.250 -999.250 -999.250 -999.250 -999.250 -999.250 -999.250
899.330 894.019 777.718 645.963 545.768 463.317 479.297 499.766 596.223 718.436 778.735 855.152 981.142 1052.024 1159.992 1165.159 949.973 696.716 352.952 82.877 98.832 112.522 131.075 148.873 180.905 205.163 213.004 218.716 212.967 196.678 210.685 212.463 205.229 228.743 258.406 288.641 332.327 399.211 478.970 585.348 711.744 768.452 876.042 992.463 1163.114 1254.464 1288.924 1411.226 1492.547 1672.370 1725.033 1743.899 1751.353 -999.250 -999.250 -999.250 -999.250 -999.250 -999.250 -999.250 -999.250 -999.250 -999.250 -999.250
835.434 769.436 693.722 607.492 463.648 477.623 504.041 559.551 692.920 859.610 869.664 910.383 1022.336 1211.962 1332.306 1421.390 1068.833 736.270 450.883 218.606 146.345 134.789 123.859 143.775 170.125 192.094 208.563 222.529 224.288 211.848 219.563 202.977 220.686 219.561 262.115 310.003 343.986 369.060 488.132 611.231 673.572 768.845 901.438 1037.697 1164.944 1278.688 1336.025 1471.246 1574.807 1662.239 1733.807 1788.963 1769.745 -999.250 -999.250 -999.250 -999.250 -999.250 -999.250 -999.250 -999.250 -999.250 -999.250 -999.250
