data/medianmodel_15-Apr-2020.asc
ncols	141
nrows	288
xllcorner	-120191.398
yllcorner	-301404.813
cellsize	2000.000
NODATA_value	-999.250
[rows 120 to 149 of 288, columns 68 to 135 of 141]
16.793 13.096 6.379 5.073 5.806 9.341 10.498 7.598 12.333 13.616 13.785 16.075 16.265 13.348 16.636 13.116 14.146 14.450 11.197 12.789 12.668 12.744 15.164 11.862 12.945 14.731 13.661 14.933 13.026 12.172 13.038 11.933 7.957 10.937 10.689 13.197 12.782 15.609 15.763 18.099 16.850 18.756 17.188 17.009 17.242 -999.250 -999.250 -999.250 -999.250 -999.250 -999.250 -999.250 -999.250 -999.250 -999.250 -999.250 -999.250 -999.250 -999.250 -999.250 -999.250 -999.250 -999.250 -999.250 -999.250 -999.250 -999.250 -999.250
15.292 8.851 7.301 2.812 4.602 6.941 9.971 10.189 11.820 11.722 11.616 14.536 15.409 13.498 14.893 13.938 14.557 13.294 13.541 12.259 12.380 13.513 13.187 12.891 11.366 14.034 14.585 12.103 14.076 13.120 12.800 7.862 7.497 11.020 13.548 13.778 14.248 13.915 18.382 17.714 18.396 20.122 19.765 20.049 16.605 -999.250 -999.250 -999.250 -999.250 -999.250 -999.250 -999.250 -999.250 -999.250 -999.250 -999.250 -999.250 -999.250 -999.250 -999.250 -999.250 -999.250 -999.250 -999.250 -999.250 -999.250 -999.250 -999.250
15.316 8.615 0.000 3.330 5.416 9.048 11.234 9.960 11.855 12.923 14.945 13.064 14.492 14.057 13.789 15.399 14.234 14.011 13.329 11.761 13.117 14.409 14.220 12.622 12.561 13.664 11.132 12.249 12.246 10.267 7.768 3.826 3.846 8.122 11.476 15.376 14.202 17.291 19.993 18.695 18.096 19.800 19.436 20.224 16.905 -999.250 -999.250 -999.250 -999.250 -999.250 -999.250 -999.250 -999.250 -999.250 -999.250 -999.250 -999.250 -999.250 -999.250 -999.250 -999.250 -999.250 -999.250 -999.250 -999.250 -999.250 -999.250 -999.250
15.846 9.408 6.604 4.463 8.342 7.036 9.392 9.709 11.995 14.178 13.205 13.150 13.725 13.665 14.911 15.065 13.465 14.762 14.494 12.480 15.849 15.186 15.925 13.959 14.873 14.935 12.873 8.895 9.343 9.871 10.981 2.761 0.000 7.568 11.904 12.908 14.173 16.359 19.099 17.537 18.064 17.874 20.851 20.568 -999.250 -999.250 -999.250 -999.250 -999.250 -999.250 -999.250 -999.250 -999.250 -999.250 -999.250 -999.250 -999.250 -999.250 -999.250 -999.250 -999.250 -999.250 -999.250 -999.250 -999.250 -999.250 -999.250 -999.250
16.889 11.545 9.943 4.790 9.015 8.867 10.895 9.858 9.722 12.761 11.165 11.499 13.961 13.457 15.372 16.127 13.927 11.810 13.947 14.844 14.614 16.615 14.343 13.553 15.535 13.526 11.451 14.254 12.536 10.442 11.521 7.907 4.880 8.814 13.046 12.622 12.945 19.660 17.445 16.139 16.585 19.747 19.403 17.496 -999.250 -999.250 -999.250 -999.250 -999.250 -999.250 -999.250 -999.250 -999.250 -999.250 -999.250 -999.250 -999.250 -999.250 -999.250 -999.250 -999.250 -999.250 -999.250 -999.250 -999.250 -999.250 -999.250 -999.250
15.625 12.889 11.355 10.998 7.872 12.740 13.577 11.083 12.850 9.684 12.024 13.898 13.285 14.580 16.228 14.735 18.019 14.653 15.419 13.642 15.569 14.898 13.538 16.140 17.252 15.123 12.133 14.544 14.250 12.489 12.372 10.026 9.434 12.041 14.416 14.810 14.879 17.025 17.069 18.229 17.829 19.862 18.138 17.533 -999.250 -999.250 -999.250 -999.250 -999.250 -999.250 -999.250 -999.250 -999.250 -999.250 -999.250 -999.250 -999.250 -999.250 -999.250 -999.250 -999.250 -999.250 -999.250 -999.250 -999.250 -999.250 -999.250 -999.250
13.591 12.295 7.764 9.397 9.371 11.928 11.912 10.470 12.563 13.636 15.807 15.350 13.573 17.845 16.452 20.607 17.035 15.471 12.741 12.218 10.303 13.914 13.084 16.252 15.086 13.017 13.031 13.255 12.945 12.146 11.959 11.746 12.650 13.262 15.798 13.205 16.282 15.418 16.073 17.709 16.546 16.719 20.249 14.760 -999.250 -999.250 -999.250 -999.250 -999.250 -999.250 -999.250 -999.250 -999.250 -999.250 -999.250 -999.250 -999.250 -999.250 -999.250 -999.250 -999.250 -999.250 -999.250 -999.250 -999.250 -999.250 -999.250 -999.250
16.507 8.321 9.091 11.213 11.383 12.539 13.954 15.318 14.076 13.173 14.352 16.180 17.639 17.125 16.974 17.242 16.629 15.660 14.831 11.049 9.630 10.974 13.022 15.556 16.611 14.320 15.501 14.378 14.736 13.423 12.736 14.327 12.604 13.559 12.583 16.221 18.895 16.997 16.590 19.497 17.334 16.723 13.699 -999.250 -999.250 -999.250 -999.250 -999.250 -999.250 -999.250 -999.250 -999.250 -999.250 -999.250 -999.250 -999.250 -999.250 -999.250 -999.250 -999.250 -999.250 -999.250 -999.250 -999.250 -999.250 -999.250 -999.250 -999.250
13.680 12.120 10.848 6.914 9.881 10.619 12.388 13.559 16.087 15.865 13.520 15.898 17.411 17.608 19.224 20.834 17.395 16.719 14.091 7.782 3.847 7.935 13.963 15.029 16.618 18.232 15.913 13.160 14.591 14.698 13.471 13.187 14.394 13.728 15.357 16.827 19.217 17.220 16.494 17.177 15.193 18.927 -999.250 -999.250 -999.250 -999.250 -999.250 -999.250 -999.250 -999.250 -999.250 -999.250 -999.250 -999.250 -999.250 -999.250 -999.250 -999.250 -999.250 -999.250 -999.250 -999.250 -999.250 -999.250 -999.250 -999.250 -999.250 -999.250
13.926 12.103 10.725 10.912 8.284 11.026 14.569 14.157 16.870 16.651 16.125 18.165 18.682 18.908 18.938 18.827 17.280 16.472 13.921 12.023 9.070 10.770 14.290 13.392 15.312 14.733 14.197 14.480 14.602 13.733 13.887 12.800 12.832 13.103 13.911 15.492 18.172 17.826 18.777 17.500 18.044 -999.250 -999.250 -999.250 -999.250 -999.250 -999.250 -999.250 -999.250 -999.250 -999.250 -999.250 -999.250 -999.250 -999.250 -999.250 -999.250 -999.250 -999.250 -999.250 -999.250 -999.250 -999.250 -999.250 -999.250 -999.250 -999.250 -999.250
10.617 10.104 9.463 10.000 11.903 10.923 14.835 18.939 19.665 17.417 19.023 21.213 20.855 20.877 20.054 18.891 15.253 17.395 15.519 13.782 14.136 15.132 14.104 13.958 14.575 12.827 12.401 15.402 14.999 16.927 12.551 13.178 12.610 13.744 14.644 16.830 17.620 16.663 16.727 18.387 15.755 -999.250 -999.250 -999.250 -999.250 -999.250 -999.250 -999.250 -999.250 -999.250 -999.250 -999.250 -999.250 -999.250 -999.250 -999.250 -999.250 -999.250 -999.250 -999.250 -999.250 -999.250 -999.250 -999.250 -999.250 -999.250 -999.250 -999.250
10.788 6.866 9.008 10.816 11.004 11.387 15.410 18.408 18.638 21.104 22.049 21.092 25.498 22.236 22.899 17.373 16.817 16.775 16.262 16.960 16.942 14.712 16.996 16.537 15.704 15.035 14.328 12.294 15.670 14.856 15.419 14.989 14.319 14.588 17.248 19.391 18.037 16.314 17.054 17.716 16.934 -999.250 -999.250 -999.250 -999.250 -999.250 -999.250 -999.250 -999.250 -999.250 -999.250 -999.250 -999.250 -999.250 -999.250 -999.250 -999.250 -999.250 -999.250 -999.250 -999.250 -999.250 -999.250 -999.250 -999.250 -999.250 -999.250 -999.250
6.475 5.566 8.196 9.999 11.789 16.179 17.723 18.037 20.009 21.611 24.845 26.182 24.518 25.389 24.647 22.411 20.402 20.646 18.132 17.437 16.330 16.876 18.186 14.391 15.860 14.582 14.132 12.548 12.523 14.373 15.186 17.149 18.739 16.462 15.270 18.532 15.871 15.843 14.945 15.122 16.249 -999.250 -999.250 -999.250 -999.250 -999.250 -999.250 -999.250 -999.250 -999.250 -999.250 -999.250 -999.250 -999.250 -999.250 -999.250 -999.250 -999.250 -999.250 -999.250 -999.250 -999.250 -999.250 -999.250 -999.250 -999.250 -999.250 -999.250
4.889 0.000 5.069 9.580 13.104 14.852 17.578 20.042 21.136 24.230 23.721 27.545 27.230 23.601 26.049 24.001 22.502 19.107 20.699 17.089 18.147 17.202 17.325 16.074 13.721 11.436 13.402 14.056 15.590 14.586 17.853 20.851 20.705 18.650 17.645 18.242 14.289 14.716 16.029 15.189 -999.250 -999.250 -999.250 -999.250 -999.250 -999.250 -999.250 -999.250 -999.250 -999.250 -999.250 -999.250 -999.250 -999.250 -999.250 -999.250 -999.250 -999.250 -999.250 -999.250 -999.250 -999.250 -999.250 -999.250 -999.250 -999.250 -999.250 -999.250
8.261 7.583 11.051 11.827 14.612 19.396 20.400 21.368 23.767 31.336 29.970 26.076 27.090 26.371 26.619 23.279 19.449 20.765 19.984 18.307 17.466 17.973 17.757 17.596 16.444 15.533 12.909 14.707 14.214 15.080 16.343 16.798 17.558 18.680 18.587 16.758 18.788 18.619 17.185 17.419 -999.250 -999.250 -999.250 -999.250 -999.250 -999.250 -999.250 -999.250 -999.250 -999.250 -999.250 -999.250 -999.250 -999.250 -999.250 -999.250 -999.250 -999.250 -999.250 -999.250 -999.250 -999.250 -999.250 -999.250 -999.250 -999.250 -999.250 -999.250
12.525 12.241 12.819 16.301 18.576 19.970 21.019 24.694 25.388 30.583 32.261 31.357 34.088 27.663 26.299 21.544 21.150 20.582 20.989 19.646 20.374 17.615 18.214 16.972 16.626 14.709 13.420 12.991 12.857 13.273 11.822 15.502 16.447 14.004 18.626 15.713 16.977 19.991 19.202 16.427 -999.250 -999.250 -999.250 -999.250 -999.250 -999.250 -999.250 -999.250 -999.250 -999.250 -999.250 -999.250 -999.250 -999.250 -999.250 -999.250 -999.250 -999.250 -999.250 -999.250 -999.250 -999.250 -999.250 -999.250 -999.250 -999.250 -999.250 -999.250
12.869 14.061 14.230 15.123 17.420 22.614 26.764 25.574 26.620 30.855 33.049 31.807 29.819 28.791 25.830 20.620 20.616 16.731 20.908 18.097 17.449 16.790 16.607 17.422 15.810 16.366 15.076 15.886 13.654 14.494 15.140 15.342 14.445 15.832 18.512 16.099 15.342 17.877 16.398 14.241 -999.250 -999.250 -999.250 -999.250 -999.250 -999.250 -999.250 -999.250 -999.250 -999.250 -999.250 -999.250 -999.250 -999.250 -999.250 -999.250 -999.250 -999.250 -999.250 -999.250 -999.250 -999.250 -999.250 -999.250 -999.250 -999.250 -999.250 -999.250
13.136 14.132 14.239 16.081 21.143 22.178 23.265 26.024 25.364 29.306 33.198 31.980 27.406 26.799 22.571 21.669 20.139 19.762 17.450 17.908 19.074 17.631 15.724 16.868 14.812 15.965 15.832 15.109 14.918 16.050 12.642 13.163 15.462 14.568 15.704 15.455 14.504 15.460 14.731 -999.250 -999.250 -999.250 -999.250 -999.250 -999.250 -999.250 -999.250 -999.250 -999.250 -999.250 -999.250 -999.250 -999.250 -999.250 -999.250 -999.250 -999.250 -999.250 -999.250 -999.250 -999.250 -999.250 -999.250 -999.250 -999.250 -999.250 -999.250 -999.250
14.943 13.186 14.157 16.986 19.144 21.834 24.862 28.915 25.079 26.298 28.639 26.321 22.916 24.108 21.131 19.321 19.253 19.981 -999.250 -999.250 -999.250 -999.250 16.587 15.952 15.360 15.043 15.517 -999.250 -999.250 -999.250 -999.250 -999.250 -999.250 -999.250 -999.250 -999.250 -999.250 -999.250 -999.250 -999.250 -999.250 -999.250 -999.250 -999.250 -999.250 -999.250 -999.250 -999.250 -999.250 -999.250 -999.250 -999.250 -999.250 -999.250 -999.250 -999.250 -999.250 -999.250 -999.250 -999.250 -999.250 -999.250 -999.250 -999.250 -999.250 -999.250 -999.250 -999.250
16.035 17.287 16.824 16.925 18.337 23.538 23.423 22.478 24.041 22.915 24.421 22.859 25.436 23.988 21.169 18.541 15.557 16.156 -999.250 -999.250 -999.250 -999.250 -999.250 -999.250 -999.250 -999.250 -999.250 -999.250 -999.250 -999.250 -999.250 -999.250 -999.250 -999.250 -999.250 -999.250 -999.250 -999.250 -999.250 -999.250 -999.250 -999.250 -999.250 -999.250 -999.250 -999.250 -999.250 -999.250 -999.250 -999.250 -999.250 -999.250 -999.250 -999.250 -999.250 -999.250 -999.250 -999.250 -999.250 -999.250 -999.250 -999.250 -999.250 -999.250 -999.250 -999.250 -999.250 -999.250
16.401 15.951 17.800 18.003 18.815 17.419 19.030 21.645 22.556 20.810 21.044 18.852 21.205 18.569 19.355 15.201 15.952 17.802 -999.250 -999.250 -999.250 -999.250 -999.250 -999.250 -999.250 -999.250 -999.250 -999.250 -999.250 -999.250 -999.250 -999.250 -999.250 -999.250 -999.250 -999.250 -999.250 -999.250 -999.250 -999.250 -999.250 -999.250 -999.250 -999.250 -999.250 -999.250 -999.250 -999.250 -999.250 -999.250 -999.250 -999.250 -999.250 -999.250 -999.250 -999.250 -999.250 -999.250 -999.250 -999.250 -999.250 -999.250 -999.250 -999.250 -999.250 -999.250 -999.250 -999.250
17.426 16.699 16.345 16.514 14.799 17.997 17.975 20.681 20.600 19.315 17.778 19.188 17.811 17.617 16.197 15.941 13.913 13.261 14.086 -999.250 -999.250 -999.250 -999.250 -999.250 -999.250 -999.250 -999.250 -999.250 -999.250 -999.250 -999.250 -999.250 -999.250 -999.250 -999.250 -999.250 -999.250 -999.250 -999.250 -999.250 -999.250 -999.250 -999.250 -999.250 -999.250 -999.250 -999.250 -999.250 -999.250 -999.250 -999.250 -999.250 -999.250 -999.250 -999.250 -999.250 -999.250 -999.250 -999.250 -999.250 -999.250 -999.250 -999.250 -999.250 -999.250 -999.250 -999.250 -999.250
17.438 17.784 16.053 15.536 15.345 15.726 16.989 18.766 19.258 17.081 15.347 15.402 15.544 15.172 14.823 15.187 15.657 13.035 11.867 12.681 -999.250 -999.250 -999.250 -999.250 -999.250 -999.250 -999.250 -999.250 -999.250 -999.250 -999.250 -999.250 -999.250 -999.250 -999.250 -999.250 -999.250 -999.250 -999.250 -999.250 -999.250 -999.250 -999.250 -999.250 -999.250 -999.250 -999.250 -999.250 -999.250 -999.250 -999.250 -999.250 -999.250 -999.250 -999.250 -999.250 -999.250 -999.250 -999.250 -999.250 -999.250 -999.250 -999.250 -999.250 -999.250 -999.250 -999.250 -999.250
14.797 16.529 15.633 14.886 14.725 13.544 15.645 16.574 16.450 16.106 14.568 13.058 10.228 12.041 12.174 12.131 11.554 11.415 11.173 11.584 9.901 -999.250 -999.250 -999.250 -999.250 -999.250 -999.250 -999.250 -999.250 -999.250 -999.250 -999.250 -999.250 -999.250 -999.250 -999.250 -999.250 -999.250 -999.250 -999.250 -999.250 -999.250 -999.250 -999.250 -999.250 -999.250 -999.250 -999.250 -999.250 -999.250 -999.250 -999.250 -999.250 -999.250 -999.250 -999.250 -999.250 -999.250 -999.250 -999.250 -999.250 -999.250 -999.250 -999.250 -999.250 -999.250 -999.250 -999.250
14.256 13.955 17.685 16.511 14.135 14.043 15.271 16.410 17.511 16.182 14.763 10.070 6.943 8.522 6.791 10.137 8.165 9.594 11.226 11.076 8.454 -999.250 -999.250 -999.250 -999.250 -999.250 -999.250 -999.250 -999.250 -999.250 -999.250 -999.250 -999.250 -999.250 -999.250 -999.250 -999.250 -999.250 -999.250 -999.250 -999.250 -999.250 -999.250 -999.250 -999.250 -999.250 -999.250 -999.250 -999.250 -999.250 -999.250 -999.250 -999.250 -999.250 -999.250 -999.250 -999.250 -999.250 -999.250 -999.250 -999.250 -999.250 -999.250 -999.250 -999.250 -999.250 -999.250 -999.250
13.185 11.217 14.634 14.592 12.464 12.724 13.691 15.236 16.543 15.486 11.409 11.120 4.836 0.000 1.946 3.971 6.545 8.007 9.861 7.820 9.305 9.584 11.302 -999.250 -999.250 -999.250 -999.250 -999.250 -999.250 -999.250 -999.250 -999.250 -999.250 -999.250 -999.250 -999.250 -999.250 -999.250 -999.250 -999.250 -999.250 -999.250 -999.250 -999.250 -999.250 -999.250 -999.250 -999.250 -999.250 -999.250 -999.250 -999.250 -999.250 -999.250 -999.250 -999.250 -999.250 -999.250 -999.250 -999.250 -999.250 -999.250 -999.250 -999.250 -999.250 -999.250 -999.250 -999.250
9.809 10.055 12.154 13.250 11.137 11.379 14.522 13.873 14.158 11.967 11.047 6.819 1.899 1.746 1.914 3.244 2.768 7.805 10.681 9.432 7.496 7.329 6.948 10.310 -999.250 -999.250 -999.250 -999.250 -999.250 -999.250 -999.250 -999.250 -999.250 -999.250 -999.250 -999.250 -999.250 -999.250 -999.250 -999.250 -999.250 -999.250 -999.250 -999.250 -999.250 -999.250 -999.250 -999.250 -999.250 -999.250 -999.250 -999.250 -999.250 -999.250 -999.250 -999.250 -999.250 -999.250 -999.250 -999.250 -999.250 -999.250 -999.250 -999.250 -999.250 -999.250 -999.250 -999.250
7.878 3.876 6.332 10.468 9.643 11.658 12.317 12.936 12.627 14.131 13.536 7.255 5.917 5.230 5.417 3.716 3.834 8.422 6.860 7.872 9.031 6.396 4.067 6.990 -999.250 -999.250 -999.250 -999.250 -999.250 -999.250 -999.250 -999.250 -999.250 -999.250 -999.250 -999.250 -999.250 -999.250 -999.250 -999.250 -999.250 -999.250 -999.250 -999.250 -999.250 -999.250 -999.250 -999.250 -999.250 -999.250 -999.250 -999.250 -999.250 -999.250 -999.250 -999.250 -999.250 -999.250 -999.250 -999.250 -999.250 -999.250 -999.250 -999.250 -999.250 -999.250 -999.250 -999.250
6.243 0.000 4.819 6.410 11.325 11.469 13.007 12.178 14.159 10.984 8.490 9.274 5.634 4.944 5.317 5.317 7.589 8.586 6.262 9.756 6.321 2.563 0.000 5.505 12.584 15.035 16.455 -999.250 -999.250 -999.250 -999.250 -999.250 -999.250 -999.250 -999.250 -999.250 -999.250 -999.250 -999.250 -999.250 -999.250 -999.250 -999.250 -999.250 -999.250 -999.250 -999.250 -999.250 -999.250 -999.250 -999.250 -999.250 -999.250 -999.250 -999.250 -999.250 -999.250 -999.250 -999.250 -999.250 -999.250 -999.250 -999.250 -999.250 -999.250 -999.250 -999.250 -999.250
8.415 3.541 6.865 6.804 9.475 12.369 12.082 12.583 12.707 12.347 13.793 9.247 7.211 5.250 6.754 4.845 9.250 10.083 10.015 7.903 8.011 6.635 7.393 12.045 15.168 19.766 18.564 19.307 -999.250 -999.250 -999.250 -999.250 -999.250 -999.250 -999.250 -999.250 -999.250 -999.250 -999.250 -999.250 -999.250 -999.250 -999.250 -999.250 -999.250 -999.250 -999.250 -999.250 -999.250 -999.250 -999.250 -999.250 -999.250 -999.250 -999.250 -999.250 -999.250 -999.250 -999.250 -999.250 -999.250 -999.250 -999.250 -999.250 -999.250 -999.250 -999.250 -999.250
