data/medianmodel_23-Jan-2021.asc
ncols	141
nrows	288
xllcorner	-120191.398
yllcorner	-301404.813
cellsize	2000.000
NODATA_value	-999.250
[rows 140 to 167 of 288, columns 0 to 62 of 141]
-999.250 -999.250 -999.250 -999.250 -999.250 -999.250 -999.250 -999.250 -999.250 -999.250 -999.250 -999.250 -999.250 -999.250 -999.250 -999.250 -999.250 -999.250 -999.250 1507.839 1531.945 1437.414 1390.855 1410.037 1366.733 1401.595 1461.464 1554.636 1565.647 1678.226 1748.657 1761.152 1758.820 1785.456 1755.573 1785.407 1816.392 1812.706 1823.448 1832.092 1823.032 1825.844 1894.349 1961.075 1983.735 2111.330 2188.625 2244.116 2309.209 2294.783 2163.024 2061.927 1930.724 1729.651 1562.488 1488.127 1338.695 1193.690 1041.769 996.043 938.099 921.805 1035.596
-999.250 -999.250 -999.250 -999.250 -999.250 -999.250 -999.250 -999.250 -999.250 -999.250 -999.250 -999.250 -999.250 -999.250 -999.250 -999.250 -999.250 -999.250 -999.250 1477.103 1445.393 1415.966 1392.766 1372.026 1359.065 1411.454 1472.302 1541.357 1591.960 1678.980 1769.264 1790.803 1799.343 1790.568 1840.112 1813.511 1832.115 1837.192 1801.232 1809.303 1787.182 1804.700 1931.160 1888.389 1919.501 1973.326 2145.015 2132.751 2220.529 2112.426 2033.612 1885.848 1768.603 1586.695 1474.976 1416.662 1260.642 1111.807 1049.432 1062.798 1049.255 1031.802 1074.697
-999.250 -999.250 -999.250 -999.250 -999.250 -999.250 -999.250 -999.250 -999.250 -999.250 -999.250 -999.250 -999.250 -999.250 -999.250 -999.250 -999.250 -999.250 -999.250 1443.153 1426.392 1383.467 1340.540 1329.384 1335.206 1402.889 1475.676 1560.206 1665.611 1733.895 1779.648 1770.225 1777.181 1820.274 1767.340 1883.634 1927.979 1858.438 1814.373 1765.977 1796.192 1786.204 1823.883 1789.396 1880.391 1896.456 1893.535 2025.208 2059.852 1977.935 1887.519 1834.338 1636.641 1504.074 1388.663 1329.885 1266.263 1140.490 1087.692 1057.951 1084.661 1124.030 1150.288
-999.250 -999.250 -999.250 -999.250 -999.250 -999.250 -999.250 -999.250 -999.250 -999.250 -999.250 -999.250 -999.250 -999.250 -999.250 -999.250 -999.250 -999.250 1443.976 1393.802 1397.809 1370.058 1362.849 1245.449 1357.594 1443.868 1514.714 1548.514 1654.506 1702.083 1789.431 1794.918 1814.340 1856.530 1852.825 1841.876 1910.410 1895.340 1837.682 1812.729 1764.523 1785.421 1745.998 1724.026 1760.000 1782.987 1818.636 1786.802 1845.572 1801.724 1756.523 1572.437 1499.994 1399.694 1334.895 1232.693 1152.328 1065.998 1091.902 1074.004 1138.007 1187.351 1241.387
-999.250 -999.250 -999.250 -999.250 -999.250 -999.250 -999.250 -999.250 -999.250 -999.250 -999.250 -999.250 -999.250 -999.250 -999.250 -999.250 -999.250 1388.646 1380.438 1384.842 1405.382 1349.789 1340.656 1305.538 1341.187 1386.534 1506.611 1529.268 1621.448 1758.152 1808.454 1850.836 1858.138 1918.545 1933.723 1923.016 1936.016 1918.432 1904.090 1792.780 1783.960 1714.807 1703.397 1685.793 1681.093 1605.689 1656.654 1677.429 1676.270 1626.514 1584.227 1442.044 1329.062 1301.059 1214.081 1131.424 1066.789 1031.595 1051.351 1122.695 1139.463 1226.396 1268.644
-999.250 -999.250 -999.250 -999.250 -999.250 -999.250 -999.250 -999.250 -999.250 -999.250 -999.250 -999.250 -999.250 -999.250 -999.250 -999.250 -999.250 1364.532 1352.946 1357.143 1344.824 1330.585 1326.626 1355.405 1382.696 1409.611 1512.073 1559.311 1604.556 1778.050 1860.226 1874.815 1864.409 2002.654 2125.965 2140.057 2051.772 1999.986 1935.602 1855.767 1736.844 1704.013 1648.027 1574.776 1568.590 1565.057 1496.556 1459.272 1464.430 1437.252 1365.338 1352.729 1251.735 1188.024 1076.780 978.366 921.215 959.693 1033.215 1079.851 1155.588 1175.581 1236.625
-999.250 -999.250 -999.250 -999.250 -999.250 -999.250 -999.250 -999.250 -999.250 -999.250 -999.250 -999.250 -999.250 -999.250 -999.250 1261.364 1282.608 1300.811 1373.411 1348.953 1351.003 1379.558 1383.631 1383.271 1422.038 1474.688 1575.763 1570.638 1699.026 1781.184 1861.551 1893.287 1894.815 2023.073 2182.076 2168.114 2158.105 2077.888 2017.684 1840.593 1703.174 1574.443 1563.971 1531.786 1473.967 1420.921 1360.965 1285.990 1241.156 1258.849 1173.485 1147.980 1131.855 1064.881 989.350 936.622 887.323 865.357 986.760 1045.558 1126.050 1159.779 1238.759
-999.250 -999.250 -999.250 -999.250 -999.250 -999.250 -999.250 -999.250 -999.250 -999.250 -999.250 -999.250 -999.250 -999.250 1279.892 1304.598 1294.151 1315.314 1309.614 1302.441 1318.688 1374.308 1427.970 1446.931 1479.987 1566.019 1640.209 1723.048 1785.200 1829.452 1893.367 1938.795 2065.130 2036.748 2113.558 2071.603 2140.113 2190.025 2064.767 1866.449 1723.296 1576.474 1516.029 1485.812 1395.891 1337.030 1178.055 1022.742 1004.831 1048.229 1049.925 1052.467 1016.120 992.556 959.712 929.024 898.333 891.279 991.967 1063.974 1190.272 1216.566 1286.570
-999.250 -999.250 -999.250 -999.250 -999.250 -999.250 -999.250 -999.250 -999.250 -999.250 -999.250 -999.250 -999.250 -999.250 1286.778 1319.194 1293.059 1279.569 1269.826 1262.635 1324.319 1368.942 1439.077 1475.973 1574.336 1634.939 1670.433 1762.150 1802.402 1808.816 1929.157 2033.423 2117.837 2155.717 2143.303 2187.482 2180.173 2271.840 2029.516 1827.695 1686.336 1555.817 1452.064 1414.431 1339.973 1284.906 1038.116 790.779 835.121 876.302 927.995 961.978 995.785 979.085 931.103 936.977 897.870 936.198 971.322 1066.105 1209.855 1260.450 1323.816
-999.250 -999.250 -999.250 -999.250 -999.250 -999.250 -999.250 -999.250 -999.250 -999.250 -999.250 -999.250 -999.250 1327.349 1288.247 1295.769 1254.706 1277.552 1240.451 1270.968 1285.239 1372.077 1452.482 1479.671 1588.566 1701.330 1793.295 1824.759 1797.841 1836.142 1874.995 1992.938 2011.189 2063.904 2061.389 2055.217 2106.516 2075.619 1907.096 1778.336 1648.416 1494.318 1410.452 1319.224 1224.905 1092.721 948.855 832.832 782.289 840.795 856.232 917.219 994.083 972.691 971.258 992.306 973.670 1031.550 998.324 1111.953 1185.001 1297.535 1365.198
-999.250 -999.250 -999.250 -999.250 -999.250 -999.250 -999.250 -999.250 -999.250 -999.250 -999.250 -999.250 1281.796 1322.845 1298.863 1298.941 1278.340 1303.330 1200.898 1299.807 1327.770 1394.832 1482.195 1527.740 1695.074 1780.576 1819.297 1828.182 1790.062 1803.275 1900.874 1900.720 2060.467 2063.399 2013.035 1961.330 1950.559 1897.436 1823.003 1708.284 1538.899 1423.093 1334.912 1227.289 1078.412 960.413 872.981 831.693 842.700 851.944 869.429 899.776 957.644 977.866 990.445 996.811 1039.033 1032.258 1123.848 1206.275 1236.961 1306.633 1385.049
-999.250 -999.250 -999.250 -999.250 -999.250 -999.250 -999.250 -999.250 -999.250 -999.250 -999.250 1308.781 1325.022 1346.397 1388.065 1305.598 1272.021 1246.409 1223.520 1215.451 1258.532 1351.613 1489.865 1622.806 1734.409 1854.702 1888.562 1876.087 1824.474 1909.397 1927.081 1896.831 2013.080 2015.545 1985.484 1924.483 1862.482 1759.912 1751.136 1643.631 1448.710 1355.499 1210.321 1136.073 954.148 842.855 856.568 879.566 910.194 917.913 887.308 961.946 940.102 1017.483 1021.417 1019.147 1063.272 1078.670 1127.482 1248.801 1299.458 1334.251 1344.934
-999.250 -999.250 -999.250 -999.250 -999.250 -999.250 -999.250 -999.250 -999.250 -999.250 1278.361 1317.217 1313.255 1365.306 1347.722 1351.145 1288.026 1200.035 1164.470 1128.597 1179.442 1318.388 1547.078 1684.045 1827.221 1951.928 1936.075 1970.597 1881.092 1897.445 1837.583 1904.804 1883.682 1892.348 1840.572 1827.530 1774.361 1687.312 1548.054 1449.850 1358.385 1282.865 1142.227 1028.710 923.616 912.065 902.715 897.745 895.800 955.737 963.253 969.479 985.359 1046.557 1002.492 1043.228 1060.332 1126.271 1124.651 1266.357 1356.639 1406.220 1457.363
-999.250 -999.250 -999.250 -999.250 -999.250 -999.250 -999.250 -999.250 -999.250 1287.381 1263.691 1287.544 1330.945 1339.439 1347.165 1383.966 1276.108 1172.091 1061.313 980.505 1128.404 1379.275 1514.106 1728.019 1865.495 2070.445 2033.212 2016.867 1989.494 1893.794 1835.231 1805.232 1788.890 1830.279 1793.384 1753.836 1694.446 1568.927 1474.098 1393.304 1262.447 1201.563 1034.350 987.938 978.946 945.425 975.253 958.485 985.414 990.216 1006.832 1060.281 1070.731 1080.731 1078.645 1099.097 1064.228 1193.592 1221.307 1311.277 1420.416 1482.367 1492.934
-999.250 -999.250 -999.250 -999.250 -999.250 1262.106 1199.955 1190.360 1228.841 1257.242 1247.224 1294.885 1333.225 1311.946 1340.036 1326.626 1272.614 1188.908 1081.338 1070.103 1194.990 1350.739 1525.388 1783.678 1925.062 2138.872 2173.019 2127.206 2039.112 1923.635 1867.416 1889.913 1820.987 1748.689 1722.105 1615.076 1586.885 1510.132 1387.070 1289.017 1216.795 1068.773 1039.392 992.009 959.685 1001.357 1065.565 1054.844 1012.079 1025.253 1045.452 1075.928 1095.356 1110.958 1159.423 1107.024 1125.963 1149.767 1309.866 1376.555 1424.703 1563.988 1603.921
-999.250 -999.250 -999.250 -999.250 -999.250 -999.250 -999.250 1227.303 1231.281 1202.547 1221.577 1273.509 1258.366 1287.296 1291.394 1229.108 1238.612 1142.654 1129.514 1145.761 1228.157 1350.116 1518.673 1763.149 1965.105 2276.854 2174.918 2160.510 1983.374 1905.030 1879.964 1801.974 1745.626 1731.353 1623.999 1494.266 1527.422 1419.825 1373.355 1209.171 1136.132 1025.413 1029.070 951.627 954.832 1033.949 1047.466 1041.760 1040.590 1054.921 1047.256 1076.829 1076.199 1128.304 1172.140 1189.065 1275.668 1289.045 1331.100 1365.908 1464.948 1538.225 1606.193
-999.250 -999.250 -999.250 -999.250 -999.250 -999.250 -999.250 1178.310 1199.502 1258.519 1247.646 1204.179 1207.388 1235.918 1201.351 1179.763 1143.116 1114.614 1086.831 1132.122 1230.425 1341.102 1486.807 1669.169 1878.167 2100.090 2041.349 1960.875 1893.827 1856.499 1784.458 1759.088 1716.531 1700.276 1629.676 1475.055 1428.846 1375.208 1308.981 1194.329 1029.647 973.139 962.434 966.258 958.973 1032.169 992.774 1037.968 1072.398 1051.857 1113.725 1143.903 1156.548 1157.024 1244.887 1273.407 1300.119 1325.023 1377.322 1458.841 1525.970 1606.095 1724.057
-999.250 -999.250 -999.250 -999.250 -999.250 -999.250 -999.250 1117.109 1190.888 1173.097 1189.953 1173.383 1107.502 1119.567 1114.775 1086.424 1104.357 1078.353 1053.150 1068.967 1167.975 1285.614 1418.821 1638.147 1749.376 1866.511 1979.807 1922.295 1843.207 1802.281 1768.615 1711.279 1663.045 1560.537 1563.128 1449.451 1373.117 1338.059 1287.517 1163.338 1040.697 939.578 959.628 965.965 1013.843 988.042 1066.700 1056.329 1086.686 1107.725 1155.925 1123.331 1214.627 1261.771 1309.514 1345.421 1355.515 1407.071 1409.741 1526.726 1476.439 1676.493 1742.915
-999.250 -999.250 -999.250 -999.250 -999.250 -999.250 -999.250 1198.157 1151.670 1157.560 1131.648 1114.818 1090.450 1093.061 1075.556 1072.874 1057.619 1008.404 1003.680 1017.955 1070.387 1216.385 1348.338 1475.106 1588.894 1738.352 1737.001 1752.159 1753.946 1758.427 1663.903 1622.452 1607.692 1531.459 1453.107 1397.945 1398.368 1321.612 1233.221 1085.026 994.663 926.998 896.673 931.785 972.460 982.507 987.867 1083.656 1065.317 1164.566 1214.399 1258.253 1280.065 1288.153 1339.613 1387.293 1415.965 1423.177 1440.561 1573.758 1597.670 1712.375 1755.921
-999.250 -999.250 -999.250 -999.250 -999.250 -999.250 -999.250 -999.250 1100.478 1117.208 1061.627 1076.595 1075.695 1064.370 1036.308 1067.694 1025.995 934.301 898.570 920.528 986.546 1096.474 1286.430 1365.376 1477.726 1542.733 1610.689 1558.094 1602.526 1613.834 1539.232 1531.817 1503.539 1461.435 1452.040 1411.780 1366.090 1353.195 1226.645 1110.574 987.343 848.061 835.706 882.470 975.258 980.349 1038.162 1098.331 1142.218 1200.102 1238.566 1277.125 1270.037 1278.907 1337.302 1364.279 1408.212 1413.857 1481.950 1584.515 1661.179 1749.813 1824.417
-999.250 -999.250 -999.250 -999.250 -999.250 -999.250 -999.250 -999.250 1117.239 1098.434 1109.906 1103.031 1093.474 1087.767 1059.151 1035.197 996.176 892.585 878.339 877.781 910.656 1022.820 1166.504 1284.793 1373.595 1429.376 1388.534 1435.172 1494.612 1488.664 1461.016 1452.779 1474.513 1468.894 1404.172 1439.599 1394.570 1372.742 1284.901 1176.790 1002.342 764.981 849.446 954.244 921.227 1005.211 1049.402 1156.961 1210.416 1275.568 1256.328 1294.722 1317.534 1318.602 1309.607 1361.303 1412.937 1429.665 1457.606 1561.405 1707.379 1803.418 1864.704
-999.250 -999.250 -999.250 -999.250 -999.250 -999.250 -999.250 1236.418 1175.309 1147.149 1139.835 1107.714 1121.500 1119.156 1059.856 995.334 957.131 858.052 826.744 783.996 793.632 873.645 1023.680 1125.648 1261.332 1314.846 1348.608 1409.059 1415.343 1439.943 1368.243 1355.658 1399.519 1437.770 1441.956 1449.897 1421.083 1458.479 1380.184 1291.287 1120.002 971.504 983.383 996.774 1003.828 1032.549 1107.952 1157.255 1180.924 1204.338 1317.058 1289.570 1292.101 1300.406 1384.400 1417.311 1435.203 1496.533 1542.408 1616.891 1712.670 1792.795 1918.753
-999.250 -999.250 -999.250 -999.250 -999.250 -999.250 -999.250 1305.123 1283.603 1213.957 1123.209 1162.893 1188.235 1088.987 1034.847 1022.783 925.450 838.907 814.378 737.194 650.918 779.791 946.002 1047.616 1146.432 1268.418 1342.986 1359.659 1333.979 1354.980 1268.260 1283.361 1365.188 1400.765 1405.138 1460.691 1514.130 1519.907 1520.205 1434.986 1300.986 1184.825 1059.512 1068.526 1062.339 1069.602 1134.032 1265.404 1186.723 1258.438 1257.923 1291.619 1328.446 1357.786 1363.890 1379.714 1466.715 1503.070 1566.007 1589.909 1721.742 1768.228 1826.502
-999.250 -999.250 -999.250 -999.250 -999.250 -999.250 -999.250 1323.338 1308.100 1308.643 1256.698 1231.764 1183.449 1139.949 1066.230 1008.422 968.762 871.677 835.440 750.265 768.265 833.115 890.991 994.922 1079.917 1200.206 1272.669 1255.373 1255.413 1200.366 1233.087 1274.539 1258.936 1365.248 1429.759 1456.293 1587.056 1655.947 1769.715 1635.240 1445.812 1341.355 1228.369 1122.704 1081.063 1094.458 1191.047 1281.996 1237.246 1299.812 1318.445 1304.715 1299.753 1338.575 1432.403 1465.307 1495.913 1498.111 1590.940 1611.010 1680.689 1736.063 1793.843
-999.250 -999.250 -999.250 -999.250 -999.250 -999.250 -999.250 1398.524 1344.271 1335.150 1295.057 1288.876 1245.118 1143.231 1175.408 1050.853 996.642 941.394 895.106 879.854 850.862 863.644 895.921 1001.218 1085.114 1175.221 1203.652 1243.400 1201.976 1104.239 1076.327 1095.047 1160.189 1301.331 1401.831 1509.110 1590.959 1659.465 1702.197 1713.963 1563.195 1419.636 1330.596 1248.340 1165.783 1217.481 1272.458 1269.871 1285.600 1261.987 1313.120 1322.243 1350.089 1335.984 1387.886 1399.712 1463.589 1473.888 1509.427 1583.197 1688.802 1718.498 1728.463
-999.250 -999.250 -999.250 -999.250 -999.250 -999.250 1496.542 1486.447 1364.642 1394.822 1378.208 1385.334 1352.937 1310.175 1238.605 1168.316 1079.032 1023.954 992.410 955.662 972.174 962.914 958.206 1043.881 1087.182 1128.907 1123.865 1217.720 1160.541 1091.158 1018.599 968.838 1108.682 1295.313 1375.772 1476.112 1599.628 1629.009 1668.907 1664.872 1524.314 1424.513 1374.201 1347.578 1286.047 1267.329 1266.668 1289.593 1266.325 1251.562 1281.527 1336.425 1359.800 1371.828 1331.513 1393.228 1424.010 1470.128 1488.433 1582.121 1622.710 1619.622 1608.042
-999.250 -999.250 -999.250 -999.250 -999.250 -999.250 1559.842 1485.497 1503.473 1443.076 1455.713 1437.271 1450.583 1374.925 1342.400 1304.969 1155.878 1086.406 1035.964 1030.806 1015.133 1005.488 1013.181 1054.488 1176.648 1233.646 1218.463 1223.764 1224.377 1136.474 1077.749 1104.793 1171.283 1300.951 1356.767 1480.038 1623.972 1639.011 1713.071 1661.037 1642.463 1489.304 1446.101 1423.844 1360.006 1370.702 1318.907 1298.668 1276.902 1253.081 1308.815 1305.072 1337.910 1304.997 1318.451 1301.218 1376.856 1418.903 1465.817 1524.647 1587.213 1530.111 1526.561
-999.250 -999.250 -999.250 -999.250 -999.250 1614.611 1509.554 1537.362 1576.141 1566.710 1584.791 1565.176 1567.853 1487.687 1414.958 1347.264 1227.271 1176.717 1136.633 1056.471 1059.919 1060.503 1065.960 1148.536 1250.217 1285.065 1280.601 1303.046 1296.574 1237.031 1232.999 1211.139 1278.984 1328.974 1462.147 1497.405 1630.798 1621.645 1675.144 1590.471 1621.544 1562.133 1498.410 1429.824 1397.537 1316.924 1321.905 1301.966 1247.937 1219.782 1241.129 1272.685 1365.327 1294.354 1310.092 1286.067 1380.825 1409.541 1410.253 1390.910 1430.695 1487.419 1444.618
