data/medianmodel_23-Dec-2020.asc
ncols	141
nrows	288
xllcorner	-120191.398
yllcorner	-301404.813
cellsize	2000.000
NODATA_value	-999.250
[rows 174 to 202 of 288, columns 0 to 63 of 141]
-999.250 -999.250 -999.250 -999.250 342.804 348.653 338.981 333.547 336.561 344.088 334.789 342.259 357.666 374.290 374.430 379.306 386.976 450.160 483.437 525.564 509.654 492.577 477.682 454.166 417.780 405.750 395.375 383.280 369.713 365.014 352.046 342.816 342.743 358.424 381.149 380.088 358.400 323.642 281.572 275.024 254.587 230.769 235.637 241.382 299.960 362.796 426.646 491.201 593.337 705.698 771.343 929.356 1139.952 1221.465 1286.552 1394.222 1582.606 1746.060 1651.862 1495.390 1456.263 1296.903 1205.918 1098.893
-999.250 -999.250 -999.250 -999.250 348.468 342.177 339.585 340.809 347.381 345.501 339.575 358.299 358.320 365.976 379.051 393.474 407.012 441.299 463.299 489.273 482.233 466.713 437.151 419.215 400.974 388.803 375.835 365.538 355.408 347.064 321.512 329.980 312.485 339.546 353.954 354.785 329.442 296.512 278.386 252.886 228.467 219.715 214.391 240.113 295.110 358.720 423.115 518.735 604.008 728.668 898.029 1048.709 1179.985 1265.161 1420.277 1764.329 1924.029 1973.894 1983.265 1833.315 1672.370 1482.884 1253.663 1193.563
-999.250 -999.250 -999.250 -999.250 363.320 358.185 351.969 351.349 352.195 352.002 327.534 352.122 369.050 368.513 384.162 398.549 405.654 432.113 445.731 455.887 441.308 430.205 399.475 392.755 388.214 369.477 354.354 338.154 317.994 299.887 293.524 294.912 310.303 313.186 303.562 292.743 290.367 292.345 248.113 244.791 218.557 197.020 208.184 217.503 293.444 368.951 442.668 545.023 629.612 722.236 935.603 1048.884 1161.368 1285.355 1408.150 1775.114 2013.289 2199.130 2024.059 1949.065 1845.817 1473.321 1291.837 1242.495
-999.250 -999.250 -999.250 -999.250 346.045 350.334 338.782 344.509 342.224 331.114 353.577 355.718 370.047 377.418 383.910 395.361 422.918 427.159 434.991 422.507 411.069 403.396 377.784 372.525 361.992 343.822 327.447 315.041 302.914 291.470 286.163 287.917 283.955 297.309 298.216 298.680 285.737 282.208 248.321 246.311 240.924 228.419 222.727 249.515 309.176 378.208 467.814 542.652 644.006 758.867 908.669 1076.655 1194.483 1259.958 1426.523 1769.807 1997.236 2054.506 1999.464 1958.167 1757.369 1570.460 1392.647 1210.665
-999.250 -999.250 -999.250 -999.250 328.337 338.501 332.440 320.385 342.129 326.722 350.764 352.537 368.327 380.693 397.799 404.286 414.714 425.430 407.171 398.960 387.623 379.059 370.470 345.293 350.543 314.487 303.705 301.588 296.619 289.888 282.996 280.828 290.897 287.011 280.258 287.925 273.606 275.227 246.413 247.729 247.685 241.316 270.548 289.746 328.157 385.338 481.444 576.062 679.689 809.433 966.380 1173.227 1223.699 1319.096 1423.023 1672.126 1855.967 1954.244 1938.122 1864.415 1740.101 1571.677 1304.271 1258.283
-999.250 -999.250 -999.250 322.415 330.590 312.976 322.877 310.099 327.408 317.027 351.538 372.982 375.174 386.768 395.740 402.181 412.946 400.441 389.518 378.995 362.786 354.611 350.472 342.099 327.819 309.988 309.953 293.704 289.889 276.095 291.589 286.463 281.888 272.571 274.304 273.425 270.912 265.803 247.461 259.173 259.427 276.128 289.322 329.897 368.295 420.763 494.258 605.425 735.735 824.344 951.906 1022.459 1164.511 1266.013 1390.854 1551.320 1714.350 1870.597 1866.552 1718.124 1653.966 1551.780 1423.428 1256.442
-999.250 -999.250 -999.250 312.841 325.484 318.832 312.785 296.878 315.150 318.741 349.331 359.468 371.825 389.335 400.771 422.665 412.227 401.362 406.769 384.530 371.385 352.351 344.621 334.120 315.144 324.316 303.724 304.936 286.848 263.848 280.560 289.548 275.278 273.305 276.914 282.847 270.444 265.543 289.711 282.016 286.286 292.102 320.042 366.062 389.663 478.706 523.404 587.556 681.249 783.212 930.398 998.101 1048.125 1222.549 1350.581 1370.718 1550.306 1593.428 1721.267 1702.555 1507.646 1488.666 1495.022 1233.424
-999.250 -999.250 -999.250 331.199 339.110 326.908 315.619 307.420 320.069 341.151 346.147 364.678 373.570 377.359 397.932 419.343 419.411 414.815 406.751 388.488 375.658 361.490 351.873 345.146 330.436 313.582 321.352 308.199 285.688 285.591 274.591 282.131 282.534 286.110 283.424 291.331 280.999 282.673 283.831 293.614 294.324 313.480 345.625 387.245 410.964 487.416 548.653 583.763 667.178 737.902 892.229 944.957 1067.928 1178.540 1241.182 1344.421 1416.899 1530.927 1412.945 1424.980 1412.466 1348.951 1320.178 1211.926
-999.250 -999.250 342.996 352.706 350.136 339.164 314.512 299.865 323.402 322.578 346.165 347.136 379.466 381.910 397.259 413.067 423.965 417.129 422.273 394.904 381.507 373.175 342.980 344.594 352.863 346.691 329.834 316.458 297.064 286.817 278.139 278.864 290.493 285.587 284.972 289.641 280.811 301.314 306.083 306.743 333.959 342.838 369.968 397.531 428.484 497.629 553.298 601.363 688.850 742.578 856.880 958.917 997.770 1098.026 1132.406 1216.475 1194.021 1256.651 1333.161 1273.154 1278.790 1226.037 1196.194 1100.926
-999.250 -999.250 341.330 343.948 338.653 339.004 333.891 319.483 325.252 328.477 332.699 353.094 356.161 374.604 388.827 431.109 462.791 436.997 427.130 422.871 -999.250 390.053 371.680 365.729 361.989 358.324 347.892 329.267 310.242 300.634 299.831 288.852 309.906 310.153 315.515 304.080 311.113 328.588 333.080 362.392 367.351 389.597 377.437 413.286 466.606 521.411 567.715 621.928 689.022 708.226 814.479 937.360 974.470 1021.525 1048.876 1096.709 1174.514 1162.977 1172.245 1198.500 1196.553 1152.951 1076.925 1019.185
-999.250 368.625 369.401 359.378 346.323 338.236 344.246 322.085 338.564 335.319 335.626 352.713 365.194 374.245 386.227 422.559 490.437 472.582 467.478 -999.250 -999.250 386.730 381.302 380.031 376.551 370.059 366.947 355.043 341.212 330.877 319.096 327.730 344.856 316.500 334.190 324.365 326.608 349.611 367.590 377.279 396.784 403.480 416.939 442.530 484.407 520.390 567.503 591.577 638.757 680.350 761.831 876.371 901.410 983.010 1027.860 1007.118 1055.887 1043.432 1143.832 1094.744 1068.701 992.362 936.955 851.587
-999.250 373.545 366.287 361.410 364.220 352.732 341.914 350.873 356.010 355.937 362.009 368.236 371.460 375.868 379.542 407.380 459.201 452.862 -999.250 -999.250 -999.250 -999.250 406.471 400.178 389.268 379.044 384.678 384.065 373.643 376.159 359.967 364.294 362.424 340.981 338.796 344.497 359.183 373.105 376.886 394.831 412.029 413.183 460.802 477.716 531.947 558.411 585.015 614.144 625.645 684.730 732.965 775.331 830.804 932.920 899.889 949.178 970.740 988.587 1026.587 985.194 958.180 893.082 794.766 721.852
361.235 370.360 368.970 361.168 360.410 369.632 348.459 351.377 363.145 372.252 379.227 383.494 392.278 381.813 396.831 415.611 434.392 462.811 -999.250 -999.250 -999.250 -999.250 -999.250 413.592 417.485 425.297 426.720 400.153 408.070 407.707 388.900 386.708 377.925 379.178 369.121 367.541 357.359 373.378 388.308 409.015 432.591 468.745 467.845 509.252 535.586 546.139 588.019 625.918 629.430 660.270 682.869 731.536 807.242 845.382 856.935 902.065 875.471 887.243 880.497 829.682 796.828 738.702 685.283 623.424
-999.250 376.890 355.203 369.296 365.296 372.179 374.564 369.152 382.340 371.475 379.267 396.515 435.619 421.416 426.677 458.404 465.110 483.774 -999.250 -999.250 -999.250 -999.250 459.843 455.030 440.826 465.829 467.346 471.239 471.043 478.343 436.306 413.411 384.307 399.048 399.153 380.956 386.257 384.118 398.224 422.862 460.932 480.546 501.316 526.594 546.945 592.756 607.394 655.937 654.517 676.969 681.795 742.968 771.906 798.645 785.270 775.663 791.046 832.207 811.010 763.529 713.130 662.736 616.850 552.839
-999.250 356.095 369.829 372.655 363.451 368.656 364.164 375.454 373.145 384.553 378.859 397.959 428.201 432.345 452.019 486.541 493.458 491.180 -999.250 -999.250 -999.250 491.184 -999.250 476.508 488.701 482.663 513.707 526.085 536.734 522.645 503.507 484.758 441.243 417.163 400.379 393.610 395.806 391.668 422.745 462.303 485.928 503.502 544.339 571.056 602.884 609.986 637.935 660.094 670.671 669.576 708.572 668.382 712.188 689.575 733.775 722.014 700.304 722.285 698.501 682.749 650.773 572.316 526.653 492.072
-999.250 359.415 370.539 373.959 364.306 362.056 372.564 364.467 377.659 383.701 383.905 396.273 425.918 431.007 458.277 473.349 500.575 -999.250 -999.250 -999.250 -999.250 501.205 507.127 476.535 501.478 515.118 549.601 593.605 605.046 578.708 530.267 496.549 477.653 467.618 445.918 425.833 409.932 422.421 438.723 465.030 488.430 531.902 555.983 591.463 599.612 641.827 656.551 689.508 669.957 690.769 673.362 653.168 623.269 630.681 618.084 645.748 613.909 627.340 614.192 589.712 586.277 553.879 493.679 433.931
-999.250 360.628 373.018 370.305 373.089 367.913 377.304 378.368 384.172 393.624 388.139 403.026 421.316 436.015 453.478 492.150 509.016 -999.250 -999.250 -999.250 545.269 516.067 492.936 503.134 505.987 529.611 560.351 629.697 697.428 602.344 554.620 516.393 492.575 475.526 428.931 426.141 443.075 464.268 448.612 495.235 510.747 542.412 561.216 627.669 650.530 687.039 702.962 671.521 671.128 652.750 629.665 621.379 600.385 579.296 568.423 560.025 572.131 555.690 542.182 527.601 521.040 493.840 470.439 431.324
-999.250 -999.250 -999.250 359.360 -999.250 -999.250 375.001 375.681 386.548 -999.250 -999.250 -999.250 415.560 432.368 -999.250 -999.250 -999.250 -999.250 -999.250 -999.250 568.514 531.763 520.838 504.816 521.341 522.696 544.037 591.536 604.973 552.110 539.058 502.106 487.479 468.892 463.743 457.455 451.751 463.043 475.732 492.720 531.165 557.028 580.974 624.250 692.493 709.206 718.897 710.806 695.733 647.297 624.953 616.751 565.987 545.922 531.214 529.728 514.102 486.174 491.544 498.024 493.983 476.641 461.016 440.727
-999.250 -999.250 -999.250 -999.250 -999.250 -999.250 -999.250 -999.250 -999.250 -999.250 -999.250 -999.250 -999.250 455.192 476.391 504.162 -999.250 -999.250 -999.250 609.842 610.560 568.499 543.942 516.426 503.361 504.698 518.861 541.086 541.059 513.790 489.460 487.666 482.730 470.779 448.354 476.154 454.336 469.593 474.889 497.817 517.321 542.070 559.592 610.227 658.749 755.220 690.518 679.999 646.303 604.357 588.824 565.276 537.604 505.541 477.426 464.215 415.582 434.930 432.859 451.181 453.525 460.454 451.494 453.327
-999.250 -999.250 -999.250 -999.250 -999.250 -999.250 -999.250 -999.250 -999.250 -999.250 -999.250 408.410 419.154 432.048 467.898 504.617 -999.250 -999.250 606.850 668.024 623.057 584.616 562.803 533.248 494.634 456.886 457.276 479.457 484.138 457.531 452.785 468.921 446.489 425.554 447.109 455.128 468.348 492.393 493.953 493.090 520.165 534.066 565.756 606.897 668.662 691.545 688.604 637.816 598.945 589.446 553.881 546.655 508.897 490.948 450.881 399.285 377.069 399.577 415.875 432.278 451.180 459.899 457.457 467.103
-999.250 -999.250 -999.250 -999.250 -999.250 -999.250 -999.250 -999.250 -999.250 -999.250 -999.250 409.077 412.603 427.538 456.249 486.073 502.662 544.331 578.558 599.527 608.331 622.603 570.052 530.706 487.632 434.330 396.770 403.740 404.365 424.967 418.794 426.482 397.667 406.002 415.651 435.041 480.881 506.285 493.061 489.845 508.410 524.305 572.726 595.939 648.115 670.511 658.798 625.848 589.684 572.260 531.690 509.499 498.274 467.968 444.351 414.132 394.285 412.543 437.032 455.625 471.345 483.676 496.182 508.790
-999.250 -999.250 -999.250 -999.250 -999.250 -999.250 -999.250 -999.250 -999.250 -999.250 -999.250 -999.250 419.840 415.455 460.146 455.371 475.702 510.922 552.492 563.613 573.981 583.794 566.554 518.931 474.582 408.013 381.493 393.589 388.769 405.973 405.110 394.576 395.866 387.273 400.441 423.182 438.140 482.965 487.232 486.158 516.589 525.229 546.028 567.245 616.782 614.708 600.257 581.482 575.012 544.845 527.700 518.908 502.045 480.685 466.356 424.787 430.418 437.931 471.267 518.907 529.846 527.289 567.770 559.869
-999.250 -999.250 -999.250 -999.250 -999.250 -999.250 -999.250 -999.250 -999.250 -999.250 -999.250 -999.250 -999.250 415.221 435.448 439.583 467.752 490.732 500.662 538.043 553.270 545.288 514.410 499.392 453.300 411.712 400.892 388.303 395.807 382.100 396.978 395.965 390.010 377.946 379.591 387.949 446.888 460.834 476.452 489.057 492.299 493.378 506.055 532.403 563.053 568.333 581.684 573.452 538.272 514.863 498.250 517.967 516.684 480.284 464.097 464.040 466.432 495.046 507.557 569.979 558.129 572.066 576.750 581.181
-999.250 -999.250 -999.250 -999.250 -999.250 -999.250 -999.250 -999.250 -999.250 -999.250 -999.250 -999.250 -999.250 406.557 423.523 418.718 451.811 457.177 492.814 521.825 516.669 522.113 495.266 460.509 436.374 413.910 393.462 377.151 379.690 388.890 380.393 377.908 378.574 372.897 387.115 393.791 418.820 402.131 423.886 469.596 478.888 489.105 497.603 514.065 514.449 532.443 524.235 534.821 528.394 496.972 497.544 502.157 521.588 500.571 488.215 519.745 519.592 546.258 550.957 591.255 611.199 630.603 634.041 641.282
-999.250 -999.250 -999.250 -999.250 -999.250 -999.250 -999.250 -999.250 -999.250 -999.250 -999.250 -999.250 -999.250 396.918 421.157 423.418 427.191 444.095 474.554 477.210 487.899 478.148 468.375 434.931 423.273 401.503 398.211 384.979 389.739 382.361 388.326 370.088 361.279 369.068 384.596 401.300 408.497 406.960 425.346 447.154 457.392 468.982 481.044 476.453 481.582 496.572 530.146 522.839 514.561 492.368 509.483 512.519 513.622 542.108 533.176 550.008 567.875 604.363 609.568 670.797 675.104 707.069 715.373 714.740
-999.250 -999.250 -999.250 -999.250 -999.250 -999.250 -999.250 -999.250 -999.250 -999.250 -999.250 -999.250 -999.250 -999.250 404.909 412.610 429.912 441.095 449.304 461.616 445.751 434.645 432.737 426.329 408.805 404.004 403.261 392.781 400.137 383.532 387.705 382.241 363.982 375.491 373.606 395.151 412.685 408.292 419.132 413.066 427.664 431.668 430.267 456.958 455.169 475.681 488.682 490.625 497.722 494.939 493.793 513.593 512.461 550.112 550.931 591.073 609.323 656.797 667.545 722.463 759.446 765.472 772.976 780.947
-999.250 -999.250 -999.250 -999.250 -999.250 -999.250 -999.250 -999.250 -999.250 -999.250 -999.250 -999.250 -999.250 -999.250 391.195 399.440 407.461 421.809 435.550 433.586 430.061 418.882 416.753 412.219 421.422 393.726 399.734 401.630 423.015 390.719 376.223 367.469 367.382 354.264 370.938 369.057 375.578 386.898 387.521 405.002 392.391 396.112 401.280 447.502 458.937 459.189 462.116 460.274 479.295 497.291 520.249 534.089 535.198 544.066 600.693 639.870 688.273 740.104 740.826 756.194 767.553 808.271 856.465 828.155
-999.250 -999.250 -999.250 -999.250 -999.250 -999.250 -999.250 -999.250 -999.250 -999.250 -999.250 -999.250 -999.250 -999.250 381.009 395.870 400.981 417.532 434.604 427.243 416.034 406.736 413.481 418.468 400.622 398.129 396.369 386.380 390.337 391.594 374.612 369.765 347.298 349.619 348.633 349.252 360.559 366.975 377.932 386.005 383.451 389.807 399.238 410.143 401.837 424.656 446.558 458.215 492.379 515.549 523.268 538.274 543.313 594.582 619.630 726.695 773.623 791.440 819.663 805.322 865.290 893.291 915.211 943.257
-999.250 -999.250 -999.250 -999.250 -999.250 -999.250 -999.250 -999.250 -999.250 -999.250 -999.250 -999.250 -999.250 -999.250 389.622 411.293 409.251 421.939 419.637 418.060 394.461 396.092 411.337 401.509 393.538 -999.250 394.496 401.441 382.461 379.259 372.224 371.036 338.007 335.734 346.414 330.013 336.419 342.055 367.964 373.353 367.720 375.822 387.210 382.917 397.021 402.151 426.477 451.569 485.921 524.562 547.036 552.018 556.547 634.009 671.820 745.083 789.782 835.327 916.145 887.047 878.736 988.879 967.703 975.261
