data/medianmodel_28-Apr-2020.asc
ncols	141
nrows	288
xllcorner	-120191.398
yllcorner	-301404.813
cellsize	2000.000
NODATA_value	-999.250
[rows 90 to 119 of 288, columns 0 to 67 of 141]
-999.250 -999.250 -999.250 -999.250 -999.250 -999.250 -999.250 -999.250 -999.250 -999.250 -999.250 -999.250 -999.250 -999.250 -999.250 -999.250 -999.250 -999.250 -999.250 -999.250 -999.250 -999.250 -999.250 -999.250 -999.250 -999.250 -999.250 -999.250 -999.250 -999.250 -999.250 -999.250 29.779 30.818 29.337 27.574 26.385 40.846 48.509 49.394 60.531 62.236 62.513 67.098 68.669 67.720 65.484 64.194 60.699 65.046 58.802 50.090 43.920 38.591 32.395 32.112 33.106 29.224 28.021 20.905 27.309 23.322 22.764 24.360 29.807 27.771 29.568 26.869
-999.250 -999.250 -999.250 -999.250 -999.250 -999.250 -999.250 -999.250 -999.250 -999.250 -999.250 -999.250 -999.250 -999.250 -999.250 -999.250 -999.250 -999.250 -999.250 -999.250 -999.250 -999.250 -999.250 -999.250 -999.250 -999.250 -999.250 -999.250 -999.250 -999.250 -999.250 -999.250 31.247 25.545 24.354 21.057 22.369 32.864 43.300 46.996 59.175 61.556 63.118 72.528 67.674 75.277 77.895 60.614 66.112 62.623 52.233 52.206 46.021 36.249 34.182 32.019 29.288 27.730 28.343 25.794 28.748 27.657 26.913 30.388 34.452 36.216 36.487 27.729
-999.250 -999.250 -999.250 -999.250 -999.250 -999.250 -999.250 -999.250 -999.250 -999.250 -999.250 -999.250 -999.250 -999.250 -999.250 -999.250 -999.250 -999.250 -999.250 -999.250 -999.250 -999.250 -999.250 -999.250 -999.250 -999.250 -999.250 -999.250 -999.250 -999.250 -999.250 20.769 20.884 23.433 20.852 21.227 22.106 28.050 37.767 43.663 61.568 59.459 62.045 73.126 75.739 79.134 86.338 82.377 70.041 61.625 52.889 47.725 50.768 42.370 34.788 39.086 29.047 32.004 31.410 30.917 30.849 30.874 36.656 33.990 36.593 37.398 31.398 31.634
-999.250 -999.250 -999.250 -999.250 -999.250 -999.250 -999.250 -999.250 -999.250 -999.250 -999.250 -999.250 -999.250 -999.250 -999.250 -999.250 -999.250 -999.250 -999.250 -999.250 -999.250 -999.250 -999.250 -999.250 -999.250 -999.250 -999.250 -999.250 -999.250 -999.250 -999.250 19.288 19.124 20.079 19.456 21.523 22.144 32.617 38.372 43.788 50.985 55.823 62.520 69.865 72.153 78.555 88.047 74.756 71.494 61.801 51.153 51.874 47.508 45.578 38.857 37.120 31.412 32.199 33.615 34.274 30.315 38.218 39.276 42.592 43.156 40.118 34.836 34.964
-999.250 -999.250 -999.250 -999.250 -999.250 -999.250 -999.250 -999.250 -999.250 -999.250 -999.250 -999.250 -999.250 -999.250 -999.250 -999.250 -999.250 -999.250 -999.250 -999.250 -999.250 -999.250 -999.250 -999.250 -999.250 -999.250 -999.250 -999.250 -999.250 -999.250 -999.250 16.212 16.781 15.930 17.418 18.653 21.318 27.388 39.086 46.448 48.719 50.579 57.014 64.547 63.836 68.381 71.682 73.045 62.266 52.196 45.608 48.137 44.815 44.580 38.936 36.782 32.091 33.281 37.941 36.300 43.073 41.435 44.208 50.830 52.475 51.722 47.091 43.145
-999.250 -999.250 -999.250 -999.250 -999.250 -999.250 -999.250 -999.250 -999.250 -999.250 -999.250 -999.250 -999.250 -999.250 -999.250 -999.250 -999.250 -999.250 -999.250 -999.250 -999.250 -999.250 -999.250 -999.250 -999.250 -999.250 -999.250 -999.250 -999.250 -999.250 -999.250 16.054 16.413 16.490 16.903 17.583 22.863 28.305 36.211 39.581 46.172 58.452 49.258 48.854 62.386 52.824 55.187 52.948 56.112 47.763 44.011 41.663 47.142 44.134 35.360 30.821 36.090 33.819 40.849 42.028 40.311 45.043 49.939 63.614 61.854 60.147 58.593 54.348
-999.250 -999.250 -999.250 -999.250 -999.250 -999.250 -999.250 -999.250 -999.250 -999.250 -999.250 -999.250 -999.250 -999.250 -999.250 -999.250 -999.250 -999.250 -999.250 -999.250 -999.250 -999.250 -999.250 -999.250 -999.250 -999.250 -999.250 -999.250 -999.250 -999.250 15.148 15.091 16.044 15.400 17.380 18.869 24.343 24.086 29.414 43.452 37.555 48.625 45.181 49.389 47.008 41.137 35.580 41.963 47.856 38.583 38.434 46.646 38.848 42.818 41.035 39.827 39.167 45.091 41.933 38.270 42.366 46.196 51.441 71.707 83.933 81.188 67.663 63.836
-999.250 -999.250 -999.250 -999.250 -999.250 -999.250 -999.250 -999.250 -999.250 -999.250 -999.250 -999.250 -999.250 -999.250 -999.250 -999.250 -999.250 -999.250 -999.250 -999.250 -999.250 -999.250 -999.250 -999.250 -999.250 -999.250 -999.250 -999.250 -999.250 -999.250 14.712 15.061 12.654 16.821 15.414 21.461 22.337 25.164 28.583 34.994 36.758 43.722 42.414 42.912 36.634 33.783 20.086 30.246 33.552 35.113 40.455 40.113 42.453 40.897 36.798 39.922 44.161 46.151 42.657 43.087 42.546 46.581 64.793 87.057 95.934 89.476 79.947 66.692
-999.250 -999.250 -999.250 -999.250 -999.250 -999.250 -999.250 -999.250 -999.250 -999.250 -999.250 -999.250 -999.250 -999.250 -999.250 -999.250 -999.250 -999.250 -999.250 -999.250 -999.250 -999.250 -999.250 -999.250 -999.250 -999.250 -999.250 -999.250 -999.250 -999.250 11.096 13.801 12.036 14.219 16.934 20.078 24.420 25.662 27.696 36.362 43.582 42.455 44.066 39.020 36.432 31.281 31.367 32.097 32.201 39.922 38.474 37.896 38.242 39.437 39.617 34.201 41.079 45.439 43.785 44.361 49.728 59.721 69.430 91.996 114.356 97.986 86.826 77.094
-999.250 -999.250 -999.250 -999.250 -999.250 -999.250 -999.250 -999.250 -999.250 -999.250 -999.250 -999.250 -999.250 -999.250 -999.250 -999.250 -999.250 -999.250 -999.250 -999.250 -999.250 -999.250 -999.250 -999.250 -999.250 -999.250 -999.250 -999.250 -999.250 -999.250 14.826 11.694 14.154 13.649 16.547 18.642 22.615 26.824 33.410 44.204 45.700 43.932 43.384 44.146 45.658 42.547 40.929 39.462 38.632 39.376 39.552 49.108 43.889 41.566 40.458 39.574 43.065 42.890 42.047 48.757 53.060 64.424 78.192 91.105 96.222 95.724 88.012 75.198
-999.250 -999.250 -999.250 -999.250 -999.250 -999.250 -999.250 -999.250 -999.250 -999.250 -999.250 -999.250 -999.250 -999.250 -999.250 -999.250 -999.250 -999.250 -999.250 -999.250 -999.250 -999.250 -999.250 -999.250 -999.250 -999.250 -999.250 -999.250 -999.250 11.547 12.160 12.120 13.590 11.287 16.699 18.833 20.107 27.571 31.165 44.056 44.253 49.628 49.290 48.151 48.523 52.170 51.052 39.955 43.657 48.480 47.591 47.115 44.697 43.764 42.538 41.832 42.778 37.677 42.470 45.621 52.598 67.529 72.482 73.819 92.229 90.682 88.654 71.468
-999.250 -999.250 -999.250 -999.250 -999.250 -999.250 -999.250 -999.250 -999.250 -999.250 -999.250 -999.250 -999.250 -999.250 -999.250 -999.250 -999.250 -999.250 -999.250 -999.250 -999.250 -999.250 -999.250 -999.250 -999.250 -999.250 -999.250 -999.250 -999.250 10.652 11.537 13.273 13.038 11.414 16.226 18.089 19.163 22.555 33.206 42.099 45.567 52.985 51.585 57.398 64.213 60.058 54.642 48.291 45.651 52.261 52.695 52.736 46.279 48.283 40.226 35.413 39.358 36.827 41.468 44.645 53.088 57.937 63.389 70.451 78.163 75.878 70.613 59.883
-999.250 -999.250 -999.250 -999.250 -999.250 -999.250 -999.250 -999.250 -999.250 -999.250 -999.250 -999.250 -999.250 -999.250 -999.250 -999.250 -999.250 -999.250 -999.250 -999.250 -999.250 -999.250 -999.250 -999.250 -999.250 -999.250 -999.250 -999.250 -999.250 12.216 9.177 11.816 11.818 10.919 13.004 17.170 18.567 26.056 29.338 39.378 48.350 51.773 53.123 62.747 73.684 69.719 57.610 61.391 53.036 49.148 50.252 52.194 50.323 43.815 39.247 39.296 33.818 35.619 31.080 35.118 47.404 54.742 59.873 60.808 70.633 75.979 57.553 64.040
-999.250 -999.250 -999.250 -999.250 -999.250 -999.250 -999.250 -999.250 -999.250 -999.250 -999.250 -999.250 -999.250 -999.250 -999.250 -999.250 -999.250 -999.250 -999.250 -999.250 -999.250 -999.250 -999.250 -999.250 -999.250 -999.250 -999.250 -999.250 -999.250 14.306 10.698 8.871 9.916 11.342 14.345 14.771 18.137 19.805 27.323 37.048 42.727 54.152 63.312 70.236 69.813 76.911 72.172 72.218 66.043 62.402 53.620 50.942 52.770 42.527 38.133 31.671 29.195 32.058 33.402 36.094 42.611 47.298 57.425 65.287 69.208 57.892 60.617 55.244
-999.250 -999.250 -999.250 -999.250 -999.250 -999.250 -999.250 -999.250 -999.250 -999.250 -999.250 -999.250 -999.250 -999.250 -999.250 -999.250 -999.250 -999.250 -999.250 -999.250 -999.250 -999.250 -999.250 -999.250 -999.250 -999.250 -999.250 -999.250 14.911 14.057 12.105 9.767 10.395 10.518 10.999 11.630 14.463 17.818 23.706 35.609 44.555 49.896 64.408 78.649 75.148 83.142 80.578 87.784 76.567 64.063 61.799 47.642 43.595 40.639 28.573 22.829 22.812 24.453 24.052 31.510 37.586 34.974 46.075 54.591 51.655 50.103 49.623 43.896
-999.250 -999.250 -999.250 -999.250 -999.250 -999.250 -999.250 -999.250 -999.250 -999.250 -999.250 -999.250 -999.250 -999.250 -999.250 -999.250 -999.250 -999.250 -999.250 -999.250 -999.250 -999.250 -999.250 -999.250 -999.250 -999.250 -999.250 -999.250 16.356 12.718 11.728 11.413 12.701 11.881 11.707 12.111 12.262 13.585 19.317 30.373 48.674 58.898 66.089 80.816 90.972 98.377 99.876 85.302 80.276 76.746 56.424 51.273 42.747 32.981 23.777 19.979 19.912 21.249 23.630 22.722 27.634 30.058 38.779 41.880 41.690 41.599 42.514 42.059
-999.250 -999.250 -999.250 -999.250 -999.250 -999.250 -999.250 -999.250 -999.250 -999.250 -999.250 -999.250 -999.250 -999.250 -999.250 -999.250 -999.250 -999.250 -999.250 -999.250 -999.250 -999.250 -999.250 -999.250 -999.250 -999.250 -999.250 16.506 13.384 11.423 15.493 14.024 13.740 11.259 8.528 13.555 13.211 13.111 15.858 30.507 50.108 62.186 72.386 90.715 95.796 99.165 97.497 93.758 87.429 69.546 62.298 46.025 35.432 23.272 17.762 13.281 18.787 18.409 18.064 20.773 20.708 24.574 26.506 28.980 30.598 30.884 27.807 27.553
-999.250 -999.250 -999.250 -999.250 -999.250 -999.250 -999.250 -999.250 -999.250 -999.250 -999.250 -999.250 -999.250 -999.250 -999.250 -999.250 -999.250 -999.250 -999.250 -999.250 -999.250 -999.250 -999.250 -999.250 -999.250 -999.250 -999.250 13.808 14.396 15.013 15.393 15.076 17.677 13.198 11.946 13.213 15.055 17.329 23.516 37.741 56.955 72.170 88.751 78.656 96.484 95.088 95.642 100.110 90.645 72.935 54.467 44.450 34.251 23.944 14.411 15.247 15.647 16.892 13.867 19.446 20.580 18.331 19.474 18.159 18.809 22.994 21.949 24.883
-999.250 -999.250 -999.250 -999.250 -999.250 -999.250 -999.250 -999.250 -999.250 -999.250 -999.250 -999.250 -999.250 -999.250 -999.250 -999.250 -999.250 -999.250 -999.250 -999.250 -999.250 -999.250 -999.250 -999.250 -999.250 -999.250 -999.250 13.461 12.286 14.252 14.196 16.278 14.761 14.903 13.566 13.354 15.940 22.832 30.137 46.851 58.602 74.302 86.082 96.923 103.120 108.210 95.668 89.679 87.646 72.329 59.209 47.640 38.243 24.486 17.718 16.524 15.533 16.222 14.617 18.694 19.287 16.347 15.585 18.210 18.160 18.604 18.343 23.668
-999.250 -999.250 -999.250 -999.250 -999.250 -999.250 -999.250 -999.250 -999.250 -999.250 -999.250 -999.250 -999.250 -999.250 -999.250 -999.250 -999.250 -999.250 -999.250 -999.250 -999.250 -999.250 -999.250 -999.250 -999.250 -999.250 -999.250 12.022 13.865 15.144 15.320 15.785 16.505 14.257 15.250 16.199 20.484 24.825 31.123 45.333 57.640 73.862 84.522 93.509 105.319 96.265 91.434 84.971 85.786 75.824 68.717 55.532 36.632 25.108 18.096 17.399 17.503 17.643 19.403 19.932 21.515 20.059 17.710 17.895 18.447 16.587 16.855 17.646
-999.250 -999.250 -999.250 -999.250 -999.250 -999.250 -999.250 -999.250 -999.250 -999.250 -999.250 -999.250 -999.250 -999.250 -999.250 -999.250 -999.250 -999.250 -999.250 -999.250 -999.250 -999.250 -999.250 -999.250 -999.250 -999.250 -999.250 -999.250 13.816 12.697 13.528 15.447 14.192 15.790 16.664 17.613 20.011 22.049 32.812 44.165 67.035 74.891 90.056 99.127 97.701 102.851 103.559 98.427 89.852 86.326 65.188 50.662 42.017 23.632 18.188 19.669 19.629 22.193 24.025 19.915 20.109 19.792 16.622 15.315 15.431 16.218 16.493 16.776
-999.250 -999.250 -999.250 -999.250 -999.250 -999.250 -999.250 -999.250 -999.250 -999.250 -999.250 -999.250 -999.250 -999.250 -999.250 -999.250 -999.250 -999.250 -999.250 -999.250 -999.250 -999.250 -999.250 -999.250 -999.250 -999.250 -999.250 -999.250 12.567 11.993 13.490 15.502 13.974 13.545 13.996 16.078 20.465 27.235 29.497 44.759 63.871 76.534 94.185 110.366 109.462 106.036 106.672 102.169 93.284 72.900 61.531 50.998 39.306 27.492 19.033 20.561 23.546 26.230 24.794 25.787 26.281 21.111 19.575 16.258 16.448 16.367 15.448 11.431
-999.250 -999.250 -999.250 -999.250 -999.250 -999.250 -999.250 -999.250 -999.250 -999.250 -999.250 -999.250 -999.250 -999.250 -999.250 -999.250 -999.250 -999.250 -999.250 -999.250 -999.250 -999.250 -999.250 -999.250 -999.250 -999.250 -999.250 -999.250 9.290 11.873 11.399 11.687 15.512 12.346 14.009 15.169 20.831 23.528 33.931 39.538 61.239 80.793 94.021 106.697 124.218 126.658 114.544 96.808 84.108 65.855 57.236 51.237 35.794 30.848 23.955 23.313 22.627 23.540 22.220 27.266 25.313 24.787 26.384 19.781 17.981 15.310 12.190 11.474
-999.250 -999.250 -999.250 -999.250 -999.250 -999.250 -999.250 -999.250 -999.250 -999.250 -999.250 -999.250 -999.250 -999.250 -999.250 -999.250 -999.250 -999.250 -999.250 -999.250 -999.250 -999.250 -999.250 -999.250 -999.250 -999.250 -999.250 -999.250 10.351 10.476 11.496 12.152 13.484 15.845 12.752 15.258 16.364 17.891 26.628 33.217 56.154 77.441 88.590 97.749 114.383 129.702 109.367 96.931 79.577 66.600 57.540 47.214 39.799 31.546 22.698 24.519 27.095 28.886 25.720 27.411 26.241 21.430 23.634 21.747 19.354 14.621 14.966 10.783
-999.250 -999.250 -999.250 -999.250 -999.250 -999.250 -999.250 -999.250 -999.250 -999.250 -999.250 -999.250 -999.250 -999.250 -999.250 -999.250 -999.250 -999.250 -999.250 -999.250 -999.250 -999.250 -999.250 -999.250 -999.250 -999.250 -999.250 -999.250 12.636 11.198 11.321 11.974 14.948 15.640 13.163 12.111 14.596 16.702 18.552 24.995 41.981 60.030 85.863 94.067 104.670 104.327 91.384 84.167 59.062 51.657 43.301 40.331 39.911 28.582 28.048 31.493 30.279 30.463 26.213 28.157 25.053 23.509 21.958 21.283 20.386 14.158 13.364 10.359
-999.250 -999.250 -999.250 -999.250 -999.250 -999.250 -999.250 -999.250 -999.250 -999.250 -999.250 -999.250 -999.250 -999.250 -999.250 -999.250 -999.250 -999.250 -999.250 -999.250 -999.250 -999.250 -999.250 -999.250 -999.250 -999.250 -999.250 13.448 11.951 10.258 10.026 10.710 11.691 11.883 13.239 11.856 13.922 12.817 15.716 17.523 34.174 48.852 74.242 86.270 90.353 90.361 72.783 63.967 50.959 42.153 29.716 31.979 23.272 24.717 27.074 30.528 29.144 27.209 28.015 29.294 23.554 21.982 22.693 23.141 17.122 16.122 12.729 12.117
-999.250 -999.250 -999.250 -999.250 -999.250 -999.250 -999.250 -999.250 -999.250 -999.250 -999.250 -999.250 -999.250 -999.250 -999.250 -999.250 -999.250 -999.250 -999.250 -999.250 -999.250 -999.250 -999.250 -999.250 -999.250 -999.250 -999.250 13.686 12.978 10.064 9.483 10.090 11.385 8.659 8.076 8.364 12.021 12.051 15.728 18.675 31.872 40.047 54.815 71.073 77.667 73.243 52.753 45.309 34.430 18.334 18.537 18.223 21.044 20.989 22.964 26.052 36.183 34.867 35.902 27.690 23.262 21.236 21.720 19.829 15.875 16.855 14.741 12.250
-999.250 -999.250 -999.250 -999.250 -999.250 -999.250 -999.250 -999.250 -999.250 -999.250 -999.250 -999.250 -999.250 -999.250 -999.250 -999.250 -999.250 -999.250 -999.250 -999.250 -999.250 -999.250 -999.250 -999.250 -999.250 -999.250 -999.250 10.316 9.222 10.829 8.086 11.684 10.756 9.473 11.962 8.980 9.175 13.331 15.643 18.204 26.178 29.318 42.361 52.936 63.708 52.285 40.437 35.944 15.689 0.000 6.407 12.097 14.501 19.391 23.656 29.165 35.229 38.255 36.310 26.555 23.821 21.410 22.334 16.119 16.019 12.944 13.329 12.747
-999.250 -999.250 -999.250 -999.250 -999.250 -999.250 -999.250 -999.250 -999.250 -999.250 -999.250 -999.250 -999.250 -999.250 -999.250 -999.250 -999.250 -999.250 -999.250 -999.250 -999.250 -999.250 -999.250 -999.250 -999.250 -999.250 11.189 11.681 11.015 10.892 9.549 12.360 10.450 8.200 7.785 10.765 11.481 13.073 15.200 17.658 23.243 27.176 36.596 36.065 43.610 38.852 28.573 20.824 12.872 0.000 0.000 5.959 11.408 16.259 22.551 24.838 27.882 29.181 24.687 22.702 18.376 21.257 14.647 16.878 14.303 13.192 11.590 9.888
-999.250 -999.250 -999.250 -999.250 -999.250 -999.250 -999.250 -999.250 -999.250 -999.250 -999.250 -999.250 -999.250 -999.250 -999.250 -999.250 -999.250 -999.250 -999.250 -999.250 -999.250 -999.250 -999.250 -999.250 -999.250 -999.250 12.434 10.112 11.320 13.156 12.622 9.156 10.469 10.202 8.951 10.216 13.718 13.349 13.663 18.166 20.069 27.250 28.929 31.313 29.443 25.498 20.486 15.023 8.613 2.621 1.261 3.646 11.213 15.840 17.293 20.514 19.772 18.793 17.990 17.243 15.933 15.091 13.970 16.135 13.696 10.432 10.615 10.738
