data/medianmodel_17-Nov-2020.asc
ncols	141
nrows	288
xllcorner	-120191.398
yllcorner	-301404.813
cellsize	2000.000
NODATA_value	-999.250
[rows 87 to 115 of 288, columns 0 to 64 of 141]
-999.250 -999.250 -999.250 -999.250 -999.250 -999.250 -999.250 -999.250 -999.250 -999.250 -999.250 -999.250 -999.250 -999.250 -999.250 -999.250 -999.250 -999.250 -999.250 -999.250 -999.250 -999.250 -999.250 -999.250 -999.250 -999.250 -999.250 -999.250 -999.250 -999.250 -999.250 -999.250 -999.250 478.386 502.317 512.416 535.650 543.336 565.498 567.796 550.584 521.588 543.938 518.161 527.478 545.581 531.349 541.771 543.363 512.834 506.509 480.698 452.568 453.479 405.768 437.895 398.350 349.942 338.609 327.644 293.420 296.118 290.660 315.565 320.963
-999.250 -999.250 -999.250 -999.250 -999.250 -999.250 -999.250 -999.250 -999.250 -999.250 -999.250 -999.250 -999.250 -999.250 -999.250 -999.250 -999.250 -999.250 -999.250 -999.250 -999.250 -999.250 -999.250 -999.250 -999.250 -999.250 -999.250 -999.250 -999.250 -999.250 -999.250 -999.250 475.672 505.114 503.185 521.814 515.260 568.866 541.866 595.188 573.282 604.689 562.888 563.335 557.418 539.390 547.826 523.142 541.986 492.573 463.751 460.614 432.758 424.457 420.317 403.786 387.781 358.912 343.585 332.746 326.105 299.565 310.765 299.087 319.205
-999.250 -999.250 -999.250 -999.250 -999.250 -999.250 -999.250 -999.250 -999.250 -999.250 -999.250 -999.250 -999.250 -999.250 -999.250 -999.250 -999.250 -999.250 -999.250 -999.250 -999.250 -999.250 -999.250 -999.250 -999.250 -999.250 -999.250 -999.250 -999.250 -999.250 -999.250 -999.250 459.682 496.939 518.084 535.405 553.426 549.555 571.861 575.581 600.531 605.592 617.869 596.100 586.705 536.195 540.204 526.756 521.123 487.014 467.489 444.876 427.908 425.096 400.507 380.062 367.433 347.059 328.731 333.473 310.573 321.345 312.447 310.141 313.686
-999.250 -999.250 -999.250 -999.250 -999.250 -999.250 -999.250 -999.250 -999.250 -999.250 -999.250 -999.250 -999.250 -999.250 -999.250 -999.250 -999.250 -999.250 -999.250 -999.250 -999.250 -999.250 -999.250 -999.250 -999.250 -999.250 -999.250 -999.250 -999.250 -999.250 -999.250 -999.250 487.969 518.264 534.890 516.061 510.114 536.191 532.832 532.144 609.788 604.457 593.586 587.153 551.921 539.231 494.556 479.012 486.108 474.910 459.929 454.492 418.158 389.400 374.040 385.063 344.856 338.008 313.228 310.747 309.196 299.521 284.554 308.135 306.855
-999.250 -999.250 -999.250 -999.250 -999.250 -999.250 -999.250 -999.250 -999.250 -999.250 -999.250 -999.250 -999.250 -999.250 -999.250 -999.250 -999.250 -999.250 -999.250 -999.250 -999.250 -999.250 -999.250 -999.250 -999.250 -999.250 -999.250 -999.250 -999.250 -999.250 -999.250 -999.250 503.984 532.898 514.922 541.183 524.588 539.683 545.181 561.146 564.225 631.558 600.969 576.254 518.742 504.358 488.195 473.043 436.108 435.055 461.214 418.553 404.182 384.613 352.865 369.124 336.754 330.233 298.635 310.438 295.753 276.165 292.882 291.601 303.260
-999.250 -999.250 -999.250 -999.250 -999.250 -999.250 -999.250 -999.250 -999.250 -999.250 -999.250 -999.250 -999.250 -999.250 -999.250 -999.250 -999.250 -999.250 -999.250 -999.250 -999.250 -999.250 -999.250 -999.250 -999.250 -999.250 -999.250 -999.250 -999.250 -999.250 -999.250 494.956 541.678 541.105 527.512 509.260 522.522 520.006 526.245 554.114 562.848 563.882 549.502 542.301 519.629 481.627 443.785 456.512 440.692 428.913 449.144 424.892 397.549 381.195 363.155 341.936 323.663 312.453 261.278 271.498 251.853 241.243 275.856 274.606 275.243
-999.250 -999.250 -999.250 -999.250 -999.250 -999.250 -999.250 -999.250 -999.250 -999.250 -999.250 -999.250 -999.250 -999.250 -999.250 -999.250 -999.250 -999.250 -999.250 -999.250 -999.250 -999.250 -999.250 -999.250 -999.250 -999.250 -999.250 -999.250 -999.250 -999.250 -999.250 500.079 547.148 515.670 492.047 491.272 492.241 483.390 527.295 544.435 537.592 513.636 506.346 499.856 514.011 486.266 381.539 406.066 452.715 430.200 447.700 415.348 390.884 336.491 324.010 312.881 299.795 256.893 231.880 242.523 235.524 238.545 218.549 230.005 243.452
-999.250 -999.250 -999.250 -999.250 -999.250 -999.250 -999.250 -999.250 -999.250 -999.250 -999.250 -999.250 -999.250 -999.250 -999.250 -999.250 -999.250 -999.250 -999.250 -999.250 -999.250 -999.250 -999.250 -999.250 -999.250 -999.250 -999.250 -999.250 -999.250 -999.250 -999.250 514.274 545.792 523.197 499.143 476.404 469.982 505.729 522.523 525.565 527.505 516.615 536.704 546.190 547.726 503.881 493.790 479.058 482.347 460.604 414.675 414.639 388.450 348.230 347.920 301.589 274.999 238.654 230.484 204.241 202.305 200.015 205.770 204.036 205.102
-999.250 -999.250 -999.250 -999.250 -999.250 -999.250 -999.250 -999.250 -999.250 -999.250 -999.250 -999.250 -999.250 -999.250 -999.250 -999.250 -999.250 -999.250 -999.250 -999.250 -999.250 -999.250 -999.250 -999.250 -999.250 -999.250 -999.250 -999.250 -999.250 -999.250 -999.250 552.305 519.402 511.575 507.099 519.434 507.921 525.489 528.574 530.896 495.948 553.344 568.938 547.055 587.415 595.730 555.725 533.298 497.931 486.616 480.037 418.401 371.578 347.825 318.204 298.115 268.466 217.614 204.481 184.000 187.101 193.862 194.791 200.674 205.699
-999.250 -999.250 -999.250 -999.250 -999.250 -999.250 -999.250 -999.250 -999.250 -999.250 -999.250 -999.250 -999.250 -999.250 -999.250 -999.250 -999.250 -999.250 -999.250 -999.250 -999.250 -999.250 -999.250 -999.250 -999.250 -999.250 -999.250 -999.250 -999.250 -999.250 563.345 514.533 547.858 542.749 549.295 558.961 537.085 526.811 520.125 530.304 537.541 580.222 594.364 561.131 633.816 700.037 656.150 600.658 548.811 502.321 466.342 426.882 403.152 350.571 333.232 284.884 247.238 212.007 190.384 143.513 180.518 187.007 199.537 214.764 215.734
-999.250 -999.250 -999.250 -999.250 -999.250 -999.250 -999.250 -999.250 -999.250 -999.250 -999.250 -999.250 -999.250 -999.250 -999.250 -999.250 -999.250 -999.250 -999.250 -999.250 -999.250 -999.250 -999.250 -999.250 -999.250 -999.250 -999.250 -999.250 -999.250 -999.250 544.978 563.586 539.146 577.489 549.140 549.257 559.777 495.042 532.713 552.555 524.782 545.322 574.335 612.831 633.338 695.865 773.325 690.850 579.685 545.754 509.327 444.070 431.310 379.710 346.016 286.071 257.413 208.773 191.313 188.054 184.090 209.928 216.074 206.768 211.642
-999.250 -999.250 -999.250 -999.250 -999.250 -999.250 -999.250 -999.250 -999.250 -999.250 -999.250 -999.250 -999.250 -999.250 -999.250 -999.250 -999.250 -999.250 -999.250 -999.250 -999.250 -999.250 -999.250 -999.250 -999.250 -999.250 -999.250 -999.250 -999.250 -999.250 584.277 556.708 579.005 546.913 525.495 572.301 530.386 518.821 504.050 511.930 530.809 536.468 546.848 601.133 622.737 728.861 691.889 693.621 598.178 541.429 498.289 475.450 444.331 393.777 343.525 305.714 249.524 204.476 217.952 218.136 225.037 225.495 242.775 231.586 219.916
-999.250 -999.250 -999.250 -999.250 -999.250 -999.250 -999.250 -999.250 -999.250 -999.250 -999.250 -999.250 -999.250 -999.250 -999.250 -999.250 -999.250 -999.250 -999.250 -999.250 -999.250 -999.250 -999.250 -999.250 -999.250 -999.250 -999.250 -999.250 -999.250 -999.250 577.692 570.178 565.169 536.916 537.905 573.259 544.477 523.387 535.877 515.710 519.837 543.041 555.134 585.597 572.680 663.786 680.578 594.190 577.755 566.822 518.369 488.258 441.035 406.422 374.321 326.010 298.055 258.340 247.206 271.498 262.196 286.280 283.106 297.840 295.431
-999.250 -999.250 -999.250 -999.250 -999.250 -999.250 -999.250 -999.250 -999.250 -999.250 -999.250 -999.250 -999.250 -999.250 -999.250 -999.250 -999.250 -999.250 -999.250 -999.250 -999.250 -999.250 -999.250 -999.250 -999.250 -999.250 -999.250 -999.250 -999.250 513.562 545.899 550.912 565.429 555.050 531.281 533.421 506.071 519.854 493.540 489.194 516.436 515.474 545.047 545.467 629.259 626.940 627.040 591.044 577.178 538.701 511.264 473.463 429.745 393.880 396.692 339.713 335.334 310.424 311.106 307.849 327.514 333.159 341.086 332.591 363.351
-999.250 -999.250 -999.250 -999.250 -999.250 -999.250 -999.250 -999.250 -999.250 -999.250 -999.250 -999.250 -999.250 -999.250 -999.250 -999.250 -999.250 -999.250 -999.250 -999.250 -999.250 -999.250 -999.250 -999.250 -999.250 -999.250 -999.250 -999.250 -999.250 497.239 530.615 533.365 532.840 562.614 563.690 533.591 503.892 478.286 483.999 480.522 497.565 512.927 521.918 520.480 586.949 603.743 590.266 568.681 552.439 523.424 527.817 470.183 412.110 413.591 407.253 377.905 335.572 331.964 341.104 342.933 342.306 358.808 389.527 423.669 414.101
-999.250 -999.250 -999.250 -999.250 -999.250 -999.250 -999.250 -999.250 -999.250 -999.250 -999.250 -999.250 -999.250 -999.250 -999.250 -999.250 -999.250 -999.250 -999.250 -999.250 -999.250 -999.250 -999.250 -999.250 -999.250 -999.250 -999.250 -999.250 -999.250 525.688 533.944 533.418 522.619 528.786 521.218 517.675 523.779 480.716 487.457 468.913 482.116 493.521 495.225 512.169 568.957 543.247 551.724 564.142 518.777 508.627 502.723 469.702 451.484 401.636 384.470 358.647 343.341 336.297 353.493 390.119 389.185 413.268 457.326 481.453 496.057
-999.250 -999.250 -999.250 -999.250 -999.250 -999.250 -999.250 -999.250 -999.250 -999.250 -999.250 -999.250 -999.250 -999.250 -999.250 -999.250 -999.250 -999.250 -999.250 -999.250 -999.250 -999.250 -999.250 -999.250 -999.250 -999.250 -999.250 -999.250 -999.250 549.191 505.363 522.763 564.021 506.149 495.157 497.890 471.658 460.718 469.486 441.692 446.129 475.678 500.309 497.978 535.809 556.443 543.590 549.026 503.100 501.246 494.170 467.078 446.962 433.873 385.191 377.098 375.752 351.192 382.025 379.378 417.550 449.693 482.862 483.589 515.638
-999.250 -999.250 -999.250 -999.250 -999.250 -999.250 -999.250 -999.250 -999.250 -999.250 -999.250 -999.250 -999.250 -999.250 -999.250 -999.250 -999.250 -999.250 -999.250 -999.250 -999.250 -999.250 -999.250 -999.250 -999.250 -999.250 -999.250 -999.250 524.801 532.049 512.451 525.538 536.213 513.733 463.422 463.262 442.087 432.703 430.735 439.922 435.139 473.605 459.077 479.615 483.538 500.166 531.174 509.471 511.517 482.772 465.656 462.401 440.811 422.155 383.420 385.250 396.218 385.688 385.245 428.066 458.531 508.714 539.034 642.955 634.879
-999.250 -999.250 -999.250 -999.250 -999.250 -999.250 -999.250 -999.250 -999.250 -999.250 -999.250 -999.250 -999.250 -999.250 -999.250 -999.250 -999.250 -999.250 -999.250 -999.250 -999.250 -999.250 -999.250 -999.250 -999.250 -999.250 -999.250 -999.250 563.842 512.111 543.440 539.574 535.563 539.758 476.472 446.238 449.547 421.279 376.223 372.818 425.439 450.993 447.336 458.102 495.468 504.993 457.642 499.819 487.982 488.189 486.466 459.895 447.721 412.772 376.590 375.462 365.646 378.900 382.655 448.163 488.677 531.525 577.823 678.529 720.309
-999.250 -999.250 -999.250 -999.250 -999.250 -999.250 -999.250 -999.250 -999.250 -999.250 -999.250 -999.250 -999.250 -999.250 -999.250 -999.250 -999.250 -999.250 -999.250 -999.250 -999.250 -999.250 -999.250 -999.250 -999.250 -999.250 -999.250 552.773 559.104 530.545 572.015 543.750 530.523 480.770 469.214 437.512 416.325 381.226 317.158 364.418 382.430 426.340 447.242 472.039 465.820 478.041 488.091 491.930 480.084 495.684 475.054 466.203 461.052 395.367 353.602 350.768 346.506 392.563 399.754 451.348 506.537 572.350 639.183 754.032 777.963
-999.250 -999.250 -999.250 -999.250 -999.250 -999.250 -999.250 -999.250 -999.250 -999.250 -999.250 -999.250 -999.250 -999.250 -999.250 -999.250 -999.250 -999.250 -999.250 -999.250 -999.250 -999.250 -999.250 -999.250 -999.250 -999.250 -999.250 564.767 552.307 627.447 585.757 557.663 539.062 504.227 449.515 439.581 402.323 364.384 347.721 352.527 394.426 400.654 427.975 454.685 493.482 497.305 521.993 503.592 498.797 471.395 476.925 490.287 460.122 412.655 302.637 326.424 326.338 351.818 377.152 441.165 480.624 557.007 685.465 808.063 721.488
-999.250 -999.250 -999.250 -999.250 -999.250 -999.250 -999.250 -999.250 -999.250 -999.250 -999.250 -999.250 -999.250 -999.250 -999.250 -999.250 -999.250 -999.250 -999.250 -999.250 -999.250 -999.250 -999.250 -999.250 -999.250 -999.250 -999.250 571.996 546.349 586.382 580.304 566.648 509.081 500.201 451.619 470.354 413.349 386.920 379.139 377.447 380.873 399.309 445.118 457.594 459.731 475.455 487.854 506.893 517.591 518.202 525.081 499.587 475.005 442.456 376.948 342.906 331.772 333.337 334.240 353.815 410.224 481.271 619.964 695.731 648.549
-999.250 -999.250 -999.250 -999.250 -999.250 -999.250 -999.250 -999.250 -999.250 -999.250 -999.250 -999.250 -999.250 -999.250 -999.250 -999.250 -999.250 -999.250 -999.250 -999.250 -999.250 -999.250 -999.250 -999.250 -999.250 -999.250 -999.250 530.446 547.365 571.388 633.224 582.646 542.496 490.911 471.178 417.412 418.986 410.394 415.606 372.788 390.663 421.914 433.772 469.531 476.314 508.615 513.199 543.314 612.995 576.395 591.784 570.201 499.530 464.565 408.221 376.853 327.588 300.623 297.441 285.208 338.061 414.822 483.198 567.145 588.703
-999.250 -999.250 -999.250 -999.250 -999.250 -999.250 -999.250 -999.250 -999.250 -999.250 -999.250 -999.250 -999.250 -999.250 -999.250 -999.250 -999.250 -999.250 -999.250 -999.250 -999.250 -999.250 -999.250 -999.250 -999.250 -999.250 -999.250 -999.250 544.683 550.590 551.773 578.888 508.962 495.394 447.417 426.499 414.738 426.439 376.308 366.243 367.632 404.574 438.994 452.565 476.125 501.014 531.585 564.264 554.991 585.516 629.038 622.774 550.906 487.612 443.642 357.982 329.246 296.284 245.760 209.733 224.056 299.721 365.003 470.837 523.818
-999.250 -999.250 -999.250 -999.250 -999.250 -999.250 -999.250 -999.250 -999.250 -999.250 -999.250 -999.250 -999.250 -999.250 -999.250 -999.250 -999.250 -999.250 -999.250 -999.250 -999.250 -999.250 -999.250 -999.250 -999.250 -999.250 -999.250 -999.250 517.774 510.117 540.545 549.652 513.258 472.643 457.101 436.927 426.686 398.019 400.956 350.313 354.247 374.354 384.966 443.842 467.978 492.882 517.681 547.692 567.906 636.307 707.928 682.398 637.165 569.572 480.100 380.312 315.358 260.727 200.853 140.684 78.844 201.884 292.157 373.263 445.965
-999.250 -999.250 -999.250 -999.250 -999.250 -999.250 -999.250 -999.250 -999.250 -999.250 -999.250 -999.250 -999.250 -999.250 -999.250 -999.250 -999.250 -999.250 -999.250 -999.250 -999.250 -999.250 -999.250 -999.250 -999.250 -999.250 -999.250 -999.250 505.574 521.634 519.322 504.455 486.854 479.341 477.286 423.994 440.718 388.665 369.729 350.866 347.021 354.769 358.779 398.480 443.056 472.069 537.819 561.771 604.994 664.474 773.772 745.221 690.291 585.057 498.721 378.832 311.897 246.994 193.279 136.787 141.305 198.003 275.806 346.396 382.524
-999.250 -999.250 -999.250 -999.250 -999.250 -999.250 -999.250 -999.250 -999.250 -999.250 -999.250 -999.250 -999.250 -999.250 -999.250 -999.250 -999.250 -999.250 -999.250 -999.250 -999.250 -999.250 -999.250 -999.250 -999.250 -999.250 -999.250 -999.250 521.917 531.867 516.851 476.591 465.087 459.682 456.044 436.871 417.763 376.258 340.292 333.246 329.656 317.990 347.663 374.690 431.179 434.219 494.651 565.206 579.349 640.140 782.366 849.858 712.384 581.867 484.714 382.939 326.233 258.329 210.324 176.306 169.272 194.250 238.552 304.748 382.810
-999.250 -999.250 -999.250 -999.250 -999.250 -999.250 -999.250 -999.250 -999.250 -999.250 -999.250 -999.250 -999.250 -999.250 -999.250 -999.250 -999.250 -999.250 -999.250 -999.250 -999.250 -999.250 -999.250 -999.250 -999.250 -999.250 -999.250 -999.250 495.635 524.190 496.602 507.681 466.607 413.207 442.038 422.426 367.189 328.679 305.920 278.549 304.064 315.908 347.632 374.676 408.179 457.462 464.105 515.646 572.241 643.417 650.506 721.347 706.163 573.629 488.867 397.503 318.463 259.513 212.028 195.486 192.018 203.271 244.583 294.590 333.600
-999.250 -999.250 -999.250 -999.250 -999.250 -999.250 -999.250 -999.250 -999.250 -999.250 -999.250 -999.250 -999.250 -999.250 -999.250 -999.250 -999.250 -999.250 -999.250 -999.250 -999.250 -999.250 -999.250 -999.250 -999.250 -999.250 -999.250 446.352 498.290 478.030 479.950 461.869 465.239 451.240 417.607 401.280 372.842 334.015 279.045 210.280 272.163 310.169 344.709 373.878 406.913 435.290 462.522 494.029 542.910 579.293 647.956 656.958 613.426 544.150 460.125 368.014 300.242 224.438 199.809 209.540 189.835 211.984 246.182 292.001 334.319
