data/medianmodel_14-Jan-2021.asc
ncols	141
nrows	288
xllcorner	-120191.398
yllcorner	-301404.813
cellsize	2000.000
NODATA_value	-999.250
[rows 140 to 167 of 288, columns 0 to 63 of 141]
-999.250 -999.250 -999.250 -999.250 -999.250 -999.250 -999.250 -999.250 -999.250 -999.250 -999.250 -999.250 -999.250 -999.250 -999.250 -999.250 -999.250 -999.250 -999.250 608.583 607.130 711.660 817.346 889.369 989.477 992.271 1002.219 1036.974 1100.789 1165.151 1190.118 1123.445 1113.218 1200.663 1133.427 1179.870 1169.865 1217.881 1219.702 1249.942 1266.261 1337.538 1387.930 1463.916 1463.946 1486.835 1427.615 1572.791 1538.171 1505.873 1509.446 1534.884 1437.414 1368.398 1236.928 1035.256 848.603 684.576 602.832 509.741 582.093 681.094 866.964 985.181
-999.250 -999.250 -999.250 -999.250 -999.250 -999.250 -999.250 -999.250 -999.250 -999.250 -999.250 -999.250 -999.250 -999.250 -999.250 -999.250 -999.250 -999.250 -999.250 676.433 671.903 777.682 882.315 963.630 1008.322 1072.658 1067.220 1111.650 1156.302 1209.745 1216.599 1186.605 1140.866 1167.344 1199.018 1194.951 1173.934 1175.738 1239.080 1245.771 1290.758 1362.607 1382.222 1393.564 1398.406 1410.230 1415.242 1463.318 1453.140 1396.369 1397.224 1371.743 1307.944 1213.134 1116.960 944.944 818.575 647.032 609.375 564.545 617.347 742.665 945.676 1200.871
-999.250 -999.250 -999.250 -999.250 -999.250 -999.250 -999.250 -999.250 -999.250 -999.250 -999.250 -999.250 -999.250 -999.250 -999.250 -999.250 -999.250 -999.250 -999.250 743.860 768.997 866.873 1016.658 1103.853 1165.167 1178.396 1133.651 1135.419 1200.924 1216.709 1188.023 1197.490 1193.485 1204.840 1182.742 1179.336 1198.812 1193.357 1257.783 1261.306 1305.340 1312.636 1339.278 1372.220 1385.180 1393.722 1355.799 1340.154 1337.401 1305.390 1276.193 1234.315 1223.190 1098.998 953.136 836.201 731.158 602.986 526.476 523.596 590.586 761.810 1017.700 1303.495
-999.250 -999.250 -999.250 -999.250 -999.250 -999.250 -999.250 -999.250 -999.250 -999.250 -999.250 -999.250 -999.250 -999.250 -999.250 -999.250 -999.250 -999.250 766.379 823.693 869.453 953.699 1118.740 1223.042 1210.137 1213.610 1200.330 1192.485 1176.175 1187.337 1196.068 1171.518 1220.834 1219.468 1246.608 1193.750 1187.036 1227.953 1261.782 1265.933 1304.578 1276.543 1304.292 1254.760 1286.061 1309.783 1251.904 1258.051 1220.473 1199.865 1167.040 1157.764 1117.442 1033.979 908.279 781.166 671.618 589.097 488.934 459.195 578.815 758.399 999.406 1282.000
-999.250 -999.250 -999.250 -999.250 -999.250 -999.250 -999.250 -999.250 -999.250 -999.250 -999.250 -999.250 -999.250 -999.250 -999.250 -999.250 -999.250 804.545 805.046 851.392 924.737 1024.486 1123.698 1194.086 1190.245 1207.384 1197.596 1199.332 1192.184 1203.345 1200.965 1205.412 1179.400 1228.061 1217.408 1213.635 1203.879 1246.707 1249.238 1245.874 1298.496 1291.373 1312.108 1274.012 1249.417 1249.788 1213.487 1164.316 1140.323 1073.160 1062.063 1066.848 1006.422 966.539 868.966 773.775 664.190 613.834 471.169 347.501 559.108 726.931 979.326 1178.251
-999.250 -999.250 -999.250 -999.250 -999.250 -999.250 -999.250 -999.250 -999.250 -999.250 -999.250 -999.250 -999.250 -999.250 -999.250 -999.250 -999.250 848.309 831.929 864.171 969.374 1033.904 1087.669 1163.813 1191.824 1199.819 1203.798 1205.088 1208.530 1229.383 1230.642 1204.317 1211.715 1234.780 1237.144 1249.753 1269.840 1251.522 1219.709 1237.891 1295.072 1330.352 1328.903 1288.789 1232.941 1179.677 1153.336 1062.692 971.467 953.150 957.985 939.140 927.676 888.037 848.072 797.715 687.467 633.878 518.874 497.459 593.139 725.103 947.063 1087.341
-999.250 -999.250 -999.250 -999.250 -999.250 -999.250 -999.250 -999.250 -999.250 -999.250 -999.250 -999.250 -999.250 -999.250 -999.250 807.919 863.378 851.384 876.873 928.889 971.588 1034.702 1119.830 1168.646 1215.508 1239.384 1249.939 1235.181 1216.877 1254.782 1221.182 1222.775 1240.202 1222.551 1242.494 1271.262 1269.228 1260.059 1261.160 1241.818 1268.125 1285.318 1290.229 1225.810 1241.125 1144.731 1041.418 902.288 859.656 852.786 827.719 855.902 863.375 899.568 863.312 780.826 718.185 691.716 609.643 571.088 641.583 766.393 918.534 1057.890
-999.250 -999.250 -999.250 -999.250 -999.250 -999.250 -999.250 -999.250 -999.250 -999.250 -999.250 -999.250 -999.250 -999.250 845.596 862.702 885.404 890.847 928.433 941.640 981.247 1055.704 1139.463 1176.368 1194.689 1231.162 1241.755 1243.817 1276.049 1250.450 1264.274 1242.949 1256.562 1267.213 1249.674 1244.262 1258.811 1287.691 1268.885 1218.923 1241.882 1246.952 1239.248 1229.583 1237.756 1184.086 958.807 784.195 734.238 735.608 751.472 792.981 852.523 918.114 844.750 766.342 709.401 674.802 640.970 634.753 681.212 756.865 904.314 984.218
-999.250 -999.250 -999.250 -999.250 -999.250 -999.250 -999.250 -999.250 -999.250 -999.250 -999.250 -999.250 -999.250 -999.250 831.552 850.263 891.782 885.461 902.023 932.376 991.824 1062.572 1113.651 1134.137 1186.374 1225.892 1250.057 1263.212 1273.226 1237.799 1270.397 1264.831 1257.150 1285.275 1307.170 1242.902 1257.371 1295.964 1248.225 1218.762 1207.707 1203.726 1188.774 1198.560 1228.507 1206.049 887.117 616.539 636.689 668.597 695.288 762.015 829.383 809.349 774.359 743.895 711.660 665.783 654.917 654.693 705.722 778.764 855.463 961.119
-999.250 -999.250 -999.250 -999.250 -999.250 -999.250 -999.250 -999.250 -999.250 -999.250 -999.250 -999.250 -999.250 896.167 869.674 889.102 892.838 871.914 878.867 926.516 961.179 1033.915 1111.058 1142.952 1189.969 1207.295 1238.941 1279.063 1254.554 1264.291 1246.053 1255.835 1271.966 1265.408 1241.259 1262.962 1252.010 1229.828 1241.684 1222.181 1179.948 1163.746 1152.138 1119.430 1077.014 972.665 820.613 653.703 630.860 633.938 674.409 713.310 719.015 730.072 713.911 695.964 708.669 661.550 700.010 665.569 729.769 801.244 856.269 912.636
-999.250 -999.250 -999.250 -999.250 -999.250 -999.250 -999.250 -999.250 -999.250 -999.250 -999.250 -999.250 891.279 888.922 857.660 854.038 868.370 883.175 894.605 912.724 971.186 1029.536 1083.560 1140.390 1191.115 1219.720 1269.351 1250.584 1226.995 1253.215 1247.307 1258.073 1252.532 1258.464 1272.932 1222.463 1207.453 1214.120 1214.905 1199.999 1178.749 1091.800 1029.230 985.540 919.439 835.844 707.680 660.997 617.518 660.343 666.044 694.979 707.681 703.088 704.216 729.560 692.621 681.927 707.517 717.504 739.067 806.869 864.821 926.727
-999.250 -999.250 -999.250 -999.250 -999.250 -999.250 -999.250 -999.250 -999.250 -999.250 -999.250 898.596 899.657 875.463 850.833 832.686 834.035 869.918 841.127 846.149 927.878 969.444 1126.745 1157.351 1204.156 1228.049 1247.684 1239.176 1265.850 1229.589 1229.327 1254.782 1236.689 1245.283 1254.091 1195.850 1217.321 1221.467 1185.351 1134.751 1108.226 1032.801 982.303 909.177 826.091 693.014 667.438 665.558 655.574 658.547 681.406 694.695 713.199 719.982 707.293 707.197 707.340 694.542 696.334 763.228 783.733 811.033 863.949 943.713
-999.250 -999.250 -999.250 -999.250 -999.250 -999.250 -999.250 -999.250 -999.250 -999.250 906.805 906.036 909.231 883.825 866.104 835.344 835.172 849.219 830.877 843.347 911.221 984.122 1061.695 1170.240 1227.322 1273.757 1298.302 1281.883 1305.347 1263.292 1270.763 1262.399 1244.851 1207.276 1239.873 1238.755 1189.303 1198.495 1148.935 1086.707 1062.233 998.396 909.401 860.732 790.340 714.840 687.709 667.106 661.795 664.983 658.024 702.402 737.699 714.948 695.997 709.865 699.771 699.175 709.114 815.740 823.871 865.508 914.484 999.481
-999.250 -999.250 -999.250 -999.250 -999.250 -999.250 -999.250 -999.250 -999.250 956.176 905.533 923.200 874.122 846.473 815.637 827.004 824.175 797.698 790.954 805.209 896.986 1001.165 1089.986 1154.541 1216.787 1313.778 1319.199 1303.012 1316.732 1271.912 1238.050 1261.631 1262.446 1211.660 1205.253 1232.547 1193.775 1171.377 1132.969 1041.868 1009.352 936.586 885.779 802.713 761.332 724.235 711.494 694.780 684.217 683.857 703.741 692.206 709.319 724.911 693.914 693.796 732.512 697.760 696.497 752.970 812.643 890.912 996.782 994.699
-999.250 -999.250 -999.250 -999.250 -999.250 1109.699 1116.939 1059.092 957.246 941.672 897.395 859.832 857.576 808.275 776.826 756.934 740.700 749.152 727.029 776.825 863.376 957.821 1098.008 1181.197 1281.523 1324.184 1359.405 1363.654 1309.654 1251.071 1257.933 1239.651 1211.250 1228.172 1184.920 1212.033 1198.334 1139.819 1132.618 1034.823 988.075 925.396 860.374 754.408 742.933 784.776 793.737 720.672 705.877 696.578 669.935 702.688 683.192 721.875 702.543 706.210 733.978 763.940 795.876 787.875 864.470 909.933 996.029 1055.594
-999.250 -999.250 -999.250 -999.250 -999.250 -999.250 -999.250 1010.061 925.982 887.743 833.741 792.406 776.587 718.924 729.086 708.628 703.654 705.974 705.149 795.271 848.713 921.984 1027.516 1140.293 1257.902 1398.498 1362.324 1343.679 1276.180 1245.325 1239.265 1198.342 1222.841 1220.404 1166.552 1137.496 1146.384 1085.803 1017.958 1004.908 938.122 891.998 821.680 814.816 752.144 781.638 747.727 709.781 710.040 684.741 713.936 693.154 692.500 708.026 707.993 702.964 713.702 734.786 790.159 865.812 856.158 945.410 1046.356 1094.827
-999.250 -999.250 -999.250 -999.250 -999.250 -999.250 -999.250 923.853 888.541 854.610 775.648 727.832 677.943 676.948 665.766 670.161 674.837 667.259 672.243 723.127 807.059 915.579 1021.469 1069.468 1200.449 1274.394 1309.011 1252.632 1248.386 1231.748 1174.085 1206.147 1192.625 1159.045 1172.874 1134.454 1084.159 1081.762 993.848 964.595 924.083 861.383 798.847 786.696 741.013 765.705 726.413 711.392 691.569 700.358 688.333 668.956 696.804 697.507 690.421 698.600 713.872 738.157 806.687 851.305 876.306 982.219 1043.773 1126.766
-999.250 -999.250 -999.250 -999.250 -999.250 -999.250 -999.250 870.823 758.163 753.619 697.578 653.680 609.396 631.075 658.056 633.252 638.699 653.776 644.405 670.860 750.607 871.477 921.006 992.752 1093.304 1150.272 1213.369 1208.549 1204.406 1183.833 1194.766 1152.826 1139.722 1129.743 1114.019 1096.799 1054.770 1032.132 979.558 946.146 867.880 860.816 804.069 764.774 754.959 733.545 717.219 736.276 721.864 681.619 681.245 684.187 706.302 702.157 684.531 723.143 726.575 733.567 798.400 838.827 908.043 973.080 1067.868 1180.830
-999.250 -999.250 -999.250 -999.250 -999.250 -999.250 -999.250 748.230 686.554 657.644 630.212 626.576 612.077 588.485 606.385 585.851 588.734 593.780 637.129 645.169 696.782 772.213 871.119 916.317 1015.343 1098.538 1161.441 1115.584 1126.859 1133.943 1125.834 1046.910 1047.593 1051.375 1068.465 1084.145 1049.744 1019.308 955.536 879.031 843.999 779.687 755.905 765.705 785.740 754.895 728.488 702.237 718.916 667.100 682.748 675.697 702.579 711.506 705.105 704.233 775.332 747.135 812.631 852.581 906.679 995.379 1077.998 1182.659
-999.250 -999.250 -999.250 -999.250 -999.250 -999.250 -999.250 -999.250 621.877 567.211 566.383 564.803 544.129 596.276 582.508 575.409 585.304 586.211 613.945 623.557 670.644 720.615 810.887 857.912 926.126 979.543 1027.958 1029.116 1013.591 1022.159 1003.839 1029.770 1035.305 1042.148 1080.858 1095.849 1058.834 1063.772 1018.033 932.601 886.924 821.777 777.822 792.161 792.646 788.800 733.516 739.043 714.617 674.318 687.432 692.150 687.087 702.164 718.970 739.626 761.394 760.924 793.448 827.528 908.826 959.604 1028.178 1175.884
-999.250 -999.250 -999.250 -999.250 -999.250 -999.250 -999.250 -999.250 563.278 456.391 483.885 526.714 559.272 558.742 548.599 573.340 545.897 585.242 563.905 613.901 640.816 699.542 723.626 823.266 856.036 888.765 908.183 930.219 925.826 913.765 968.786 932.406 974.549 1001.365 1065.698 1131.819 1165.891 1132.450 1090.749 964.941 885.589 793.313 792.317 765.728 813.085 821.745 782.911 725.694 717.622 689.151 681.927 689.757 705.229 711.915 748.109 763.714 746.104 777.548 863.140 868.995 928.770 995.119 1083.196 1204.218
-999.250 -999.250 -999.250 -999.250 -999.250 -999.250 -999.250 668.859 573.424 540.055 533.152 552.911 558.858 554.257 557.109 530.512 562.764 536.634 557.146 589.446 617.284 648.165 692.629 753.131 794.087 826.520 827.069 839.037 853.698 874.990 830.134 863.425 935.662 977.514 1046.236 1100.697 1185.977 1189.209 1164.524 1063.828 955.826 886.811 873.265 794.014 827.960 818.528 779.281 756.182 764.911 717.429 746.156 720.801 730.058 739.042 805.260 800.049 863.559 828.199 872.955 934.094 965.034 1044.670 1123.164 1193.919
-999.250 -999.250 -999.250 -999.250 -999.250 -999.250 -999.250 701.184 661.108 620.173 613.800 591.064 588.883 578.045 575.972 569.950 575.246 536.796 565.416 582.140 563.154 632.185 660.322 688.647 719.565 745.868 753.164 786.917 819.960 772.043 760.783 795.712 863.323 925.245 991.187 1108.467 1204.826 1271.626 1247.077 1174.471 1083.547 970.490 960.768 881.881 882.211 860.251 854.574 843.943 808.463 786.362 800.245 769.761 784.397 809.198 833.355 839.158 854.886 860.704 875.265 918.477 970.693 1037.152 1064.307 1158.626
-999.250 -999.250 -999.250 -999.250 -999.250 -999.250 -999.250 767.480 743.656 721.503 683.441 707.797 668.276 628.125 612.232 599.633 585.982 574.112 558.178 592.998 617.475 631.853 651.134 695.164 696.554 689.602 708.548 690.637 710.910 669.568 658.334 704.079 809.049 879.063 951.410 1058.611 1164.846 1296.951 1392.708 1240.071 1148.647 1075.959 980.055 926.192 879.630 877.889 878.124 845.657 844.817 835.797 845.168 826.067 853.523 858.666 853.406 840.002 859.929 878.921 929.398 958.885 986.351 1050.262 1118.437 1139.383
-999.250 -999.250 -999.250 -999.250 -999.250 -999.250 -999.250 866.800 846.091 833.757 805.684 802.433 762.304 684.708 642.027 639.921 661.938 632.590 618.357 633.155 638.602 658.379 685.911 680.525 701.151 715.925 694.836 708.238 640.053 623.851 612.246 618.486 685.982 830.198 902.511 1004.159 1149.518 1246.844 1278.390 1224.280 1181.968 1101.286 1062.991 964.565 898.237 905.083 915.096 902.710 874.400 842.047 881.377 891.399 883.651 885.252 902.393 909.583 907.034 935.764 969.147 1011.471 1006.221 1052.259 1105.595 1181.475
-999.250 -999.250 -999.250 -999.250 -999.250 -999.250 980.086 964.478 954.795 959.366 932.363 907.398 863.204 810.570 738.838 691.313 681.788 679.033 664.641 668.373 668.464 654.297 673.049 691.374 682.899 706.614 692.308 684.461 662.037 629.610 571.120 536.845 639.899 715.778 861.257 966.460 1076.933 1192.827 1199.754 1201.233 1158.236 1093.832 1008.193 979.613 930.185 896.253 880.625 884.260 877.033 888.492 895.243 926.667 900.398 887.861 938.330 984.380 994.063 998.198 990.751 1031.458 1023.600 1106.350 1141.838 1087.887
-999.250 -999.250 -999.250 -999.250 -999.250 -999.250 998.085 1040.661 1042.461 1070.992 1081.199 1036.588 998.912 921.626 843.519 764.071 753.791 742.783 700.659 688.679 660.491 668.690 691.690 686.341 696.428 708.687 733.381 709.579 676.081 642.865 568.892 606.971 643.932 703.846 802.293 915.012 1040.554 1095.111 1122.633 1170.568 1148.351 1089.341 1058.281 1020.895 941.370 925.755 907.618 909.457 918.040 910.386 923.494 894.708 923.671 946.515 1017.389 1008.188 1022.655 1090.146 1050.725 1030.273 1070.662 1138.000 1148.372 1147.465
-999.250 -999.250 -999.250 -999.250 -999.250 1061.512 1055.582 1109.952 1172.905 1186.693 1179.657 1199.485 1098.863 1020.826 903.756 843.929 801.176 767.790 734.969 718.678 710.556 696.916 691.818 737.796 725.119 770.108 799.864 787.991 688.219 665.930 623.669 637.090 660.865 693.157 795.260 886.245 953.152 1018.470 1075.109 1084.909 1067.346 1041.930 985.070 981.073 940.390 928.486 907.512 920.787 899.514 930.838 945.155 951.849 986.704 1065.717 1015.757 1020.555 1080.266 1138.522 1121.298 1112.781 1077.980 1136.052 1099.751 1108.814
