data/medianmodel_24-Dec-2020.asc
ncols	141
nrows	288
xllcorner	-120191.398
yllcorner	-301404.813
cellsize	2000.000
NODATA_value	-999.250
[rows 0 to 28 of 288, columns 64 to 127 of 141]
-999.250 -999.250 -999.250 -999.250 -999.250 -999.250 -999.250 -999.250 -999.250 -999.250 -999.250 -999.250 -999.250 -999.250 -999.250 -999.250 -999.250 -999.250 -999.250 -999.250 -999.250 -999.250 -999.250 -999.250 -999.250 -999.250 -999.250 -999.250 -999.250 -999.250 -999.250 -999.250 -999.250 -999.250 -999.250 -999.250 -999.250 -999.250 -999.250 -999.250 -999.250 -999.250 -999.250 -999.250 -999.250 -999.250 -999.250 -999.250 -999.250 -999.250 -999.250 -999.250 -999.250 -999.250 -999.250 -999.250 -999.250 -999.250 -999.250 -999.250 -999.250 -999.250 -999.250 -999.250
-999.250 -999.250 -999.250 -999.250 -999.250 -999.250 -999.250 -999.250 -999.250 -999.250 -999.250 -999.250 -999.250 -999.250 -999.250 -999.250 -999.250 -999.250 -999.250 -999.250 -999.250 -999.250 -999.250 -999.250 -999.250 -999.250 -999.250 -999.250 -999.250 -999.250 -999.250 -999.250 -999.250 -999.250 -999.250 -999.250 -999.250 -999.250 -999.250 -999.250 -999.250 -999.250 -999.250 -999.250 -999.250 -999.250 -999.250 -999.250 -999.250 -999.250 -999.250 -999.250 -999.250 -999.250 -999.250 -999.250 -999.250 -999.250 -999.250 -999.250 -999.250 -999.250 -999.250 -999.250
-999.250 -999.250 -999.250 -999.250 -999.250 -999.250 -999.250 -999.250 -999.250 -999.250 -999.250 -999.250 -999.250 -999.250 -999.250 -999.250 -999.250 -999.250 -999.250 -999.250 -999.250 -999.250 -999.250 -999.250 -999.250 -999.250 -999.250 -999.250 -999.250 -999.250 -999.250 -999.250 -999.250 -999.250 -999.250 -999.250 -999.250 -999.250 -999.250 -999.250 -999.250 -999.250 -999.250 -999.250 -999.250 -999.250 -999.250 -999.250 -999.250 -999.250 -999.250 -999.250 -999.250 -999.250 -999.250 -999.250 -999.250 -999.250 -999.250 -999.250 -999.250 -999.250 -999.250 -999.250
-999.250 -999.250 -999.250 -999.250 -999.250 -999.250 -999.250 -999.250 -999.250 -999.250 -999.250 -999.250 -999.250 -999.250 -999.250 -999.250 -999.250 -999.250 -999.250 -999.250 -999.250 -999.250 -999.250 -999.250 -999.250 -999.250 -999.250 -999.250 -999.250 -999.250 -999.250 -999.250 -999.250 -999.250 -999.250 -999.250 -999.250 -999.250 -999.250 -999.250 -999.250 -999.250 -999.250 -999.250 -999.250 -999.250 -999.250 -999.250 -999.250 -999.250 -999.250 -999.250 -999.250 -999.250 -999.250 -999.250 -999.250 -999.250 -999.250 -999.250 -999.250 -999.250 -999.250 -999.250
-999.250 -999.250 -999.250 -999.250 -999.250 -999.250 -999.250 -999.250 -999.250 -999.250 -999.250 -999.250 -999.250 -999.250 -999.250 -999.250 -999.250 -999.250 -999.250 -999.250 -999.250 -999.250 -999.250 -999.250 -999.250 -999.250 -999.250 -999.250 -999.250 -999.250 -999.250 -999.250 -999.250 -999.250 -999.250 -999.250 -999.250 -999.250 -999.250 -999.250 -999.250 -999.250 -999.250 -999.250 -999.250 -999.250 -999.250 -999.250 -999.250 -999.250 -999.250 -999.250 -999.250 -999.250 -999.250 -999.250 -999.250 -999.250 -999.250 -999.250 -999.250 -999.250 -999.250 -999.250
-999.250 -999.250 -999.250 -999.250 -999.250 -999.250 -999.250 -999.250 -999.250 -999.250 -999.250 -999.250 -999.250 -999.250 -999.250 -999.250 -999.250 -999.250 -999.250 -999.250 -999.250 -999.250 -999.250 -999.250 -999.250 -999.250 -999.250 -999.250 -999.250 -999.250 -999.250 -999.250 -999.250 -999.250 -999.250 -999.250 -999.250 -999.250 -999.250 -999.250 -999.250 -999.250 -999.250 -999.250 -999.250 -999.250 -999.250 -999.250 -999.250 -999.250 -999.250 -999.250 -999.250 -999.250 -999.250 -999.250 -999.250 -999.250 -999.250 -999.250 -999.250 -999.250 -999.250 -999.250
-999.250 -999.250 -999.250 -999.250 -999.250 -999.250 -999.250 -999.250 -999.250 -999.250 -999.250 -999.250 -999.250 -999.250 -999.250 -999.250 -999.250 -999.250 -999.250 -999.250 -999.250 -999.250 -999.250 -999.250 -999.250 -999.250 -999.250 -999.250 -999.250 -999.250 -999.250 -999.250 -999.250 -999.250 -999.250 -999.250 -999.250 -999.250 -999.250 -999.250 -999.250 -999.250 -999.250 -999.250 -999.250 -999.250 -999.250 -999.250 -999.250 -999.250 -999.250 -999.250 -999.250 -999.250 -999.250 -999.250 -999.250 -999.250 -999.250 -999.250 -999.250 -999.250 -999.250 -999.250
-999.250 -999.250 -999.250 -999.250 -999.250 -999.250 -999.250 -999.250 -999.250 -999.250 -999.250 -999.250 -999.250 -999.250 -999.250 -999.250 -999.250 -999.250 -999.250 -999.250 -999.250 -999.250 -999.250 -999.250 -999.250 -999.250 -999.250 -999.250 -999.250 -999.250 -999.250 -999.250 -999.250 -999.250 -999.250 -999.250 -999.250 -999.250 -999.250 -999.250 -999.250 -999.250 -999.250 -999.250 -999.250 -999.250 -999.250 -999.250 -999.250 -999.250 -999.250 -999.250 -999.250 -999.250 -999.250 -999.250 -999.250 -999.250 -999.250 -999.250 -999.250 -999.250 -999.250 -999.250
-999.250 -999.250 -999.250 -999.250 -999.250 -999.250 -999.250 -999.250 -999.250 -999.250 -999.250 -999.250 -999.250 -999.250 -999.250 -999.250 -999.250 -999.250 -999.250 -999.250 -999.250 -999.250 -999.250 -999.250 -999.250 -999.250 -999.250 -999.250 -999.250 -999.250 -999.250 -999.250 -999.250 -999.250 -999.250 -999.250 -999.250 -999.250 -999.250 -999.250 -999.250 -999.250 -999.250 -999.250 -999.250 -999.250 -999.250 -999.250 -999.250 -999.250 340.123 -999.250 -999.250 -999.250 -999.250 -999.250 -999.250 -999.250 -999.250 -999.250 -999.250 -999.250 -999.250 -999.250
-999.250 -999.250 -999.250 -999.250 -999.250 -999.250 -999.250 -999.250 -999.250 -999.250 -999.250 -999.250 -999.250 -999.250 -999.250 -999.250 -999.250 -999.250 -999.250 -999.250 -999.250 -999.250 -999.250 -999.250 -999.250 -999.250 -999.250 -999.250 -999.250 -999.250 -999.250 -999.250 -999.250 -999.250 -999.250 318.514 274.273 246.733 232.446 -999.250 -999.250 -999.250 -999.250 170.798 -999.250 -999.250 -999.250 -999.250 -999.250 -999.250 350.608 367.383 -999.250 -999.250 -999.250 -999.250 -999.250 -999.250 -999.250 -999.250 -999.250 -999.250 -999.250 -999.250
-999.250 -999.250 -999.250 -999.250 -999.250 -999.250 -999.250 -999.250 -999.250 -999.250 -999.250 -999.250 -999.250 -999.250 -999.250 -999.250 -999.250 -999.250 -999.250 -999.250 -999.250 -999.250 -999.250 -999.250 -999.250 -999.250 -999.250 -999.250 -999.250 -999.250 -999.250 -999.250 -999.250 -999.250 -999.250 302.363 270.829 251.676 245.963 -999.250 -999.250 -999.250 166.905 201.575 217.830 -999.250 -999.250 -999.250 -999.250 -999.250 372.217 397.393 438.061 -999.250 -999.250 -999.250 -999.250 -999.250 -999.250 659.287 694.654 -999.250 -999.250 -999.250
-999.250 -999.250 -999.250 -999.250 -999.250 -999.250 -999.250 -999.250 -999.250 -999.250 -999.250 -999.250 -999.250 -999.250 -999.250 -999.250 -999.250 -999.250 -999.250 -999.250 -999.250 -999.250 -999.250 -999.250 -999.250 -999.250 -999.250 -999.250 -999.250 -999.250 -999.250 -999.250 -999.250 -999.250 -999.250 303.074 260.016 263.557 236.555 194.055 185.157 169.924 173.680 189.447 192.176 238.243 250.837 282.525 307.477 365.210 397.005 430.769 490.444 527.180 553.137 607.737 602.988 617.760 686.140 701.454 755.902 -999.250 -999.250 -999.250
-999.250 -999.250 -999.250 -999.250 -999.250 815.463 -999.250 -999.250 -999.250 -999.250 -999.250 -999.250 -999.250 -999.250 -999.250 -999.250 -999.250 -999.250 -999.250 -999.250 -999.250 -999.250 -999.250 -999.250 -999.250 -999.250 -999.250 -999.250 -999.250 -999.250 -999.250 -999.250 -999.250 -999.250 -999.250 324.438 273.976 267.812 239.395 205.082 189.035 200.280 188.466 206.714 219.556 246.594 272.474 300.877 352.964 401.578 443.607 471.161 505.507 551.687 560.366 636.010 665.841 694.486 776.901 750.015 766.568 -999.250 -999.250 -999.250
-999.250 -999.250 -999.250 -999.250 -999.250 857.894 -999.250 -999.250 -999.250 -999.250 -999.250 -999.250 -999.250 893.222 -999.250 -999.250 -999.250 -999.250 -999.250 -999.250 -999.250 -999.250 -999.250 -999.250 -999.250 -999.250 -999.250 -999.250 -999.250 -999.250 -999.250 -999.250 -999.250 -999.250 -999.250 358.562 312.933 288.495 256.833 234.417 192.344 197.390 215.761 223.321 235.847 271.698 315.151 346.523 389.570 448.509 478.149 503.129 561.079 590.955 622.419 701.562 749.330 802.698 811.338 779.999 808.425 -999.250 -999.250 -999.250
-999.250 -999.250 -999.250 -999.250 -999.250 929.215 -999.250 -999.250 -999.250 -999.250 894.824 906.177 888.417 835.520 856.013 -999.250 -999.250 -999.250 -999.250 -999.250 -999.250 -999.250 -999.250 -999.250 -999.250 -999.250 -999.250 -999.250 -999.250 -999.250 -999.250 -999.250 -999.250 -999.250 -999.250 378.368 327.775 299.807 277.980 250.458 226.398 207.938 220.659 232.543 242.094 278.077 348.395 381.688 414.149 491.985 539.541 567.837 603.955 633.006 668.453 784.555 791.523 864.832 866.474 897.322 842.106 929.611 -999.250 -999.250
-999.250 -999.250 780.321 892.727 917.134 927.792 -999.250 -999.250 956.851 929.782 975.693 889.976 849.520 838.312 869.635 810.676 805.958 840.249 -999.250 -999.250 -999.250 -999.250 -999.250 -999.250 -999.250 -999.250 -999.250 -999.250 -999.250 -999.250 -999.250 -999.250 511.386 474.100 415.760 390.396 365.524 331.408 284.597 254.990 239.276 236.159 232.127 246.919 270.603 316.431 372.347 417.570 464.896 526.080 562.119 614.163 673.225 741.612 786.238 862.768 858.075 836.515 911.158 930.882 941.980 985.615 -999.250 -999.250
-999.250 872.321 861.326 902.325 877.918 973.677 -999.250 1012.466 1012.717 988.781 949.791 902.464 927.298 878.777 836.368 809.405 792.407 -999.250 -999.250 -999.250 -999.250 -999.250 894.429 860.323 -999.250 -999.250 -999.250 838.746 -999.250 -999.250 632.034 575.519 557.185 510.351 467.481 423.944 368.948 348.229 319.853 285.512 264.563 257.191 251.497 269.660 324.764 367.821 406.592 460.055 488.170 557.989 588.471 679.371 758.777 857.440 870.673 903.549 985.323 943.640 917.397 1028.892 1050.361 984.350 -999.250 -999.250
-999.250 851.287 902.917 917.212 930.214 922.722 983.950 1020.714 1018.352 992.080 900.668 921.451 906.359 872.424 871.197 761.697 784.953 -999.250 -999.250 838.388 878.360 903.530 931.478 916.499 940.057 -999.250 931.747 930.310 802.990 748.535 676.413 632.210 585.749 548.878 495.393 444.202 400.110 383.036 359.770 331.658 294.583 281.651 271.108 309.100 353.291 411.339 436.023 490.380 558.627 608.765 675.732 770.963 834.678 922.427 935.697 992.021 959.362 975.614 1025.831 1040.608 1091.374 1063.560 -999.250 -999.250
824.196 887.797 916.288 954.025 933.652 1010.739 1037.072 1040.559 1071.263 985.818 945.768 920.981 897.492 832.680 810.947 778.641 813.453 826.336 876.588 906.859 913.722 955.512 913.666 921.578 941.340 982.962 940.695 920.404 828.647 810.020 728.094 706.320 623.987 591.240 529.366 487.399 424.521 407.129 376.031 361.148 352.559 334.860 332.764 348.876 379.676 439.489 502.457 535.159 606.832 674.815 752.668 839.701 862.622 935.298 983.710 935.529 1011.384 1062.207 1099.572 1103.913 1093.469 1070.830 -999.250 -999.250
808.108 864.795 868.873 855.783 914.491 995.436 1030.214 1063.737 1072.247 984.984 943.183 948.110 885.380 828.820 801.423 786.801 762.054 787.918 868.142 893.715 934.495 973.500 960.047 970.662 1002.053 979.955 976.135 934.863 914.255 897.067 832.162 755.548 664.189 617.220 558.786 511.235 483.310 475.701 415.269 395.866 388.860 383.919 397.524 393.017 428.153 483.528 538.792 578.765 679.907 723.955 809.380 865.217 913.941 975.215 1031.197 1050.145 1082.072 1132.055 1188.997 1157.406 1145.311 1132.118 -999.250 -999.250
756.337 827.311 837.586 884.109 902.676 1002.740 1079.571 1068.358 1035.589 996.536 943.672 912.860 907.548 817.744 781.154 727.277 756.138 764.379 798.012 872.897 877.316 985.128 1023.497 1027.565 1019.546 1015.635 942.885 967.045 934.463 922.407 884.985 806.483 725.934 660.855 609.975 558.840 526.167 512.362 488.358 461.964 459.183 442.408 451.905 453.675 487.201 524.089 591.662 649.961 704.951 787.460 898.579 912.854 966.979 989.069 1082.709 1098.925 1138.591 1204.202 1233.167 1262.386 1183.212 -999.250 -999.250 -999.250
783.866 781.858 801.522 854.078 904.484 954.893 1038.771 1111.482 1039.511 952.132 882.411 856.471 773.678 738.762 731.081 695.675 681.135 670.833 764.731 826.527 915.062 937.594 1001.668 1120.911 1041.834 1005.671 983.179 948.642 992.980 942.676 896.470 832.708 784.634 684.913 624.045 608.396 566.096 551.487 545.436 513.635 508.419 500.224 499.820 508.950 531.379 594.232 642.976 724.120 779.533 876.025 918.595 915.302 995.421 1078.017 1096.431 1176.459 1295.921 1227.966 1349.238 1254.466 1239.368 -999.250 -999.250 -999.250
752.313 763.038 770.043 796.999 851.590 883.333 941.394 1011.442 988.608 927.429 839.303 790.991 724.356 672.626 646.719 608.024 615.698 680.615 756.687 845.788 893.197 946.061 996.360 1058.827 1029.275 1003.436 981.134 992.640 966.616 926.029 908.415 853.566 829.721 738.306 681.806 632.847 607.872 604.458 554.297 584.319 567.390 578.222 559.707 579.374 604.672 643.041 693.959 757.098 841.932 880.353 953.917 946.936 1043.326 1103.259 1188.372 1216.973 1245.182 1235.809 1299.347 1343.081 1287.331 -999.250 -999.250 -999.250
747.731 740.629 758.036 761.763 779.452 835.295 856.609 900.595 873.997 823.967 800.911 712.345 625.557 593.455 565.464 554.989 579.425 617.032 714.284 786.895 844.430 904.614 979.679 1053.953 976.264 1019.103 1027.181 1016.878 1002.820 987.950 947.156 916.616 854.724 821.896 790.804 702.311 632.912 623.426 611.626 609.696 613.863 628.550 621.676 633.332 677.499 743.570 758.971 801.431 877.830 973.883 1005.307 1021.230 1073.882 1182.038 1222.571 1224.744 1290.667 1307.654 1339.083 1438.166 1523.122 -999.250 -999.250 -999.250
687.173 743.485 717.917 731.303 713.316 772.668 806.838 800.202 796.320 745.018 691.623 636.336 597.022 567.520 521.695 500.200 542.564 611.375 676.728 781.743 806.427 881.647 921.141 990.291 988.090 979.267 1012.607 998.711 1012.506 1011.552 968.591 902.651 898.277 822.521 773.507 734.466 686.821 660.807 650.031 686.328 673.581 690.732 689.394 703.240 723.145 797.701 860.417 915.010 930.141 971.072 1053.896 1084.537 1109.171 1155.636 1273.870 1301.196 1354.793 1427.248 1449.397 1494.783 1573.072 -999.250 -999.250 -999.250
670.713 693.882 656.717 684.734 727.666 754.790 773.370 725.413 737.567 680.422 622.855 600.795 574.884 549.313 543.305 524.869 561.131 618.531 683.496 731.042 774.089 846.282 875.590 938.120 933.107 988.636 1027.984 1029.804 1029.172 1050.146 1012.149 953.588 914.781 868.668 809.947 752.809 733.864 696.224 687.376 725.590 689.953 750.730 761.653 767.039 812.691 798.427 921.171 946.611 1013.367 1008.479 1079.595 1116.594 1140.953 1188.588 1249.624 1412.629 1512.970 1461.912 1534.120 1543.642 1619.748 1614.997 -999.250 -999.250
630.336 628.219 638.497 613.256 634.071 670.303 713.514 689.374 689.695 647.141 611.447 579.109 560.143 561.776 567.544 560.535 598.577 651.085 682.781 771.837 821.838 840.847 893.804 952.377 926.302 970.886 971.563 1002.823 1016.301 1044.056 1072.163 1002.058 934.871 869.410 791.975 783.062 779.304 759.527 761.376 779.137 727.414 815.866 781.215 844.165 928.001 897.469 894.417 966.757 1034.905 1072.166 1112.443 1156.631 1235.431 1215.428 1302.399 1444.764 1469.493 1613.278 1639.765 1661.364 1658.957 1741.963 1711.622 -999.250
601.376 591.751 585.814 588.740 614.970 618.686 615.323 637.554 633.145 611.456 615.190 607.769 587.281 562.907 583.360 568.364 621.751 650.040 708.869 760.495 855.828 885.296 891.612 920.303 978.634 970.387 987.631 1037.008 1078.164 1058.580 1023.119 1017.603 922.813 921.616 810.217 768.506 714.910 740.505 753.231 768.958 781.491 822.025 898.836 945.438 1032.781 952.274 1033.671 1035.284 1121.408 1168.169 1168.465 1154.645 1177.604 1320.999 1348.933 1411.327 1513.599 1586.852 1673.310 1740.030 1795.338 1872.333 1927.145 1868.234
588.744 566.201 560.938 551.918 556.722 568.693 595.418 586.639 603.294 605.050 582.625 583.654 580.988 605.386 625.027 624.191 640.897 706.510 730.004 790.880 812.538 913.539 913.820 929.124 995.491 998.232 990.996 1017.746 1067.609 1079.804 1096.646 1036.494 962.356 869.133 785.145 761.054 707.542 772.783 764.580 803.527 820.256 845.559 907.979 960.170 990.311 992.248 1092.869 1150.207 1135.938 1194.400 1210.896 1235.509 1313.070 1348.118 1510.252 1465.634 1495.748 1567.705 1578.162 1824.799 1772.890 1851.146 1843.422 1902.693
