data/medianmodel_13-Nov-2020.asc
ncols	141
nrows	288
xllcorner	-120191.398
yllcorner	-301404.813
cellsize	2000.000
NODATA_value	-999.250
[rows 58 to 86 of 288, columns 65 to 129 of 141]
629.702 545.915 489.700 451.338 426.666 387.705 377.168 370.988 358.405 364.901 369.996 356.560 343.281 276.353 256.725 230.699 206.731 201.454 174.495 162.314 185.039 191.726 178.846 156.579 144.126 151.068 149.585 160.541 192.492 222.388 250.153 305.356 352.593 430.148 481.620 530.075 606.620 641.258 694.581 852.828 919.430 1017.628 1095.413 1179.311 1324.857 1439.430 1690.333 1745.667 1870.504 2065.076 2076.428 2067.670 -999.250 -999.250 -999.250 -999.250 -999.250 -999.250 -999.250 -999.250 -999.250 -999.250 -999.250 -999.250 -999.250
662.172 530.531 488.307 432.211 404.707 419.421 413.218 403.356 399.122 367.283 351.581 354.447 294.423 272.040 249.168 233.470 206.203 201.039 191.454 163.958 178.007 163.974 167.280 146.222 150.077 142.528 146.827 175.389 204.659 237.631 294.770 333.167 363.433 422.349 500.041 540.941 678.245 700.229 807.731 824.054 923.225 1069.285 1052.682 1215.877 1371.959 1496.684 1461.778 1766.741 1904.002 1997.613 2110.085 -999.250 -999.250 -999.250 -999.250 -999.250 -999.250 -999.250 -999.250 -999.250 -999.250 -999.250 -999.250 -999.250 -999.250
601.401 546.446 503.102 426.712 418.956 443.651 412.587 404.751 407.649 343.934 348.743 341.620 308.665 281.818 246.026 228.599 222.378 219.424 193.341 182.265 178.592 158.026 157.127 142.286 130.003 128.994 150.764 188.454 214.297 232.650 284.079 342.512 402.780 439.956 495.278 573.502 672.534 729.396 825.681 974.541 1015.211 1058.315 1110.650 1284.120 1356.087 1367.347 1635.230 1753.867 1723.724 1922.851 1998.180 -999.250 -999.250 -999.250 -999.250 -999.250 -999.250 -999.250 -999.250 -999.250 -999.250 -999.250 -999.250 -999.250 -999.250
632.237 526.684 510.219 470.735 441.964 426.240 428.178 415.577 398.496 376.804 335.800 325.398 320.145 290.405 270.323 239.868 223.657 210.697 187.795 183.685 167.661 154.425 140.983 130.014 127.736 126.694 150.935 185.343 211.478 261.143 317.090 376.663 449.000 478.058 537.630 602.137 681.235 747.183 894.231 965.582 1008.816 1056.909 1178.832 1252.082 1231.008 1365.662 1450.488 1560.946 1626.816 1808.650 -999.250 -999.250 -999.250 -999.250 -999.250 -999.250 -999.250 -999.250 -999.250 -999.250 -999.250 -999.250 -999.250 -999.250 -999.250
595.443 543.380 501.436 478.782 451.132 468.820 448.602 445.388 412.076 358.790 355.793 315.715 336.786 265.390 248.763 234.233 232.073 215.991 193.194 173.358 152.383 148.460 140.269 124.628 132.615 127.826 135.444 185.691 240.318 272.840 349.653 401.367 468.432 522.942 540.901 608.417 684.372 824.545 908.366 945.798 952.675 992.848 1139.757 1183.653 1144.296 -999.250 -999.250 -999.250 -999.250 -999.250 -999.250 -999.250 -999.250 -999.250 -999.250 -999.250 -999.250 -999.250 -999.250 -999.250 -999.250 -999.250 -999.250 -999.250 -999.250
608.670 561.543 531.755 530.425 496.407 482.570 468.419 463.358 443.823 395.108 368.191 350.265 335.374 271.153 263.160 253.997 234.927 205.423 194.251 188.785 158.429 152.078 141.361 138.001 133.818 133.699 115.785 204.441 244.402 319.925 386.541 422.730 492.767 527.342 611.311 662.659 757.698 794.482 858.444 893.530 993.506 1067.039 1029.674 1192.762 1153.601 1189.065 -999.250 -999.250 -999.250 -999.250 -999.250 -999.250 -999.250 -999.250 -999.250 -999.250 -999.250 -999.250 -999.250 -999.250 -999.250 -999.250 -999.250 -999.250 -999.250
692.832 661.491 550.479 487.121 516.663 515.605 491.398 490.495 456.669 428.009 392.317 361.747 342.729 274.878 259.681 243.113 234.534 206.635 199.468 179.765 165.676 146.490 151.185 142.165 148.380 144.312 169.665 227.177 290.385 373.202 404.120 461.599 501.417 547.223 606.592 746.893 819.378 768.117 849.158 894.187 996.102 1105.670 1084.658 1251.419 1268.336 1295.492 1407.447 -999.250 -999.250 -999.250 -999.250 -999.250 -999.250 -999.250 -999.250 -999.250 -999.250 -999.250 -999.250 -999.250 -999.250 -999.250 -999.250 -999.250 -999.250
653.965 662.163 656.127 580.037 541.211 512.570 502.676 465.133 455.125 455.478 436.755 359.498 359.040 299.081 267.479 241.557 226.311 217.000 189.513 181.121 158.614 138.627 147.138 150.672 171.231 194.430 228.415 267.152 342.848 412.622 431.526 473.610 492.890 544.924 637.228 741.411 720.256 793.496 900.637 936.445 1019.660 1057.701 1138.584 1370.331 1300.443 1289.318 1350.096 -999.250 -999.250 -999.250 -999.250 -999.250 -999.250 -999.250 -999.250 -999.250 -999.250 -999.250 -999.250 -999.250 -999.250 -999.250 -999.250 -999.250 -999.250
598.611 628.411 682.480 595.257 542.874 527.033 498.303 471.932 459.918 447.270 430.060 400.572 365.109 321.919 283.773 254.689 227.795 199.497 183.788 178.454 154.579 139.020 153.932 164.129 191.444 230.656 266.958 325.466 379.440 457.342 467.064 482.294 531.721 571.629 579.488 696.539 752.612 777.728 831.730 899.585 1052.224 1132.098 1133.164 1234.536 1237.900 1264.519 1345.702 1263.390 -999.250 -999.250 -999.250 -999.250 -999.250 -999.250 -999.250 -999.250 -999.250 -999.250 -999.250 -999.250 -999.250 -999.250 -999.250 -999.250 -999.250
594.174 602.474 622.658 592.043 550.654 525.578 480.277 513.543 484.009 444.719 431.890 427.036 354.672 311.585 264.634 252.455 227.093 192.506 185.021 174.811 153.923 144.457 153.058 183.882 223.057 265.053 327.819 349.287 412.485 464.481 525.065 534.663 525.602 531.923 572.308 592.399 729.185 688.096 769.357 834.105 950.860 1043.600 1156.329 1330.642 1432.665 1453.636 1252.773 1223.583 1366.482 -999.250 -999.250 -999.250 -999.250 -999.250 -999.250 -999.250 -999.250 -999.250 -999.250 -999.250 -999.250 -999.250 -999.250 -999.250 -999.250
634.597 598.332 586.745 581.195 571.511 548.673 525.470 526.464 479.245 478.171 457.444 440.344 384.445 338.520 302.899 261.598 228.080 217.997 190.495 177.803 157.843 141.827 151.278 197.547 243.770 330.935 396.134 427.510 483.636 488.781 551.013 547.651 545.586 575.537 637.410 571.129 690.019 715.495 701.452 808.009 922.904 1063.575 1057.845 1203.843 1262.242 1205.286 1247.242 1220.117 1274.861 -999.250 -999.250 -999.250 -999.250 -999.250 -999.250 -999.250 -999.250 -999.250 -999.250 -999.250 -999.250 -999.250 -999.250 -999.250 -999.250
603.223 601.765 578.986 612.404 567.752 549.997 521.833 513.713 464.576 486.100 486.294 439.560 416.403 381.404 315.263 265.689 241.807 214.974 200.638 175.623 150.740 127.587 130.237 199.370 273.769 389.015 461.367 485.724 526.400 522.213 544.099 608.599 558.081 603.941 613.410 572.762 606.533 638.616 695.051 751.512 821.865 927.131 1018.317 1066.039 1134.805 1071.801 1111.478 1141.323 1190.489 -999.250 -999.250 -999.250 -999.250 -999.250 -999.250 -999.250 -999.250 -999.250 -999.250 -999.250 -999.250 -999.250 -999.250 -999.250 -999.250
569.196 626.864 576.839 642.774 578.577 576.055 547.866 545.664 498.088 507.791 466.431 445.044 418.936 375.416 333.606 259.540 249.030 228.556 205.827 192.916 156.635 134.881 92.661 223.485 326.818 429.590 474.967 537.504 572.012 544.265 585.738 642.034 604.406 600.126 566.889 640.081 574.853 603.719 557.089 676.989 758.942 789.581 891.983 994.009 970.548 969.493 1041.675 1208.917 1125.746 1208.673 1037.924 -999.250 -999.250 -999.250 -999.250 -999.250 -999.250 -999.250 -999.250 -999.250 -999.250 -999.250 -999.250 -999.250 -999.250
555.243 574.726 561.605 614.066 571.666 643.303 574.136 591.852 557.675 521.368 477.494 469.383 445.172 394.679 348.924 279.883 254.337 237.461 209.753 208.338 207.473 187.834 218.018 301.593 399.416 506.480 566.451 618.909 717.568 637.983 688.643 765.609 715.157 624.198 535.672 549.026 578.417 566.682 591.010 674.513 740.298 743.490 747.454 861.925 889.741 953.815 1027.813 1054.859 957.785 1073.529 1021.492 -999.250 -999.250 -999.250 -999.250 -999.250 -999.250 -999.250 -999.250 -999.250 -999.250 -999.250 -999.250 -999.250 -999.250
541.710 567.969 599.461 591.235 574.419 577.742 562.413 607.207 546.353 516.220 493.271 489.034 443.170 419.730 341.550 334.948 299.626 247.556 242.605 247.339 248.900 261.897 323.617 407.864 505.619 603.049 694.917 756.737 835.615 788.358 795.771 766.241 674.326 576.179 577.472 557.650 545.579 518.499 506.420 498.730 537.180 600.590 652.771 770.135 791.732 912.627 944.189 910.924 907.511 888.067 -999.250 -999.250 -999.250 -999.250 -999.250 -999.250 -999.250 -999.250 -999.250 -999.250 -999.250 -999.250 -999.250 -999.250 -999.250
527.767 580.808 579.729 632.395 595.150 559.418 545.467 541.709 525.615 526.781 485.093 498.489 455.801 437.330 373.845 327.652 294.161 258.384 241.877 244.810 277.026 329.944 413.702 475.617 609.075 829.934 881.938 940.642 939.239 892.276 799.301 824.288 730.635 600.666 618.160 587.606 512.817 455.261 426.936 454.692 488.756 517.403 536.277 586.133 668.509 743.399 859.638 755.070 790.105 878.686 -999.250 -999.250 -999.250 -999.250 -999.250 -999.250 -999.250 -999.250 -999.250 -999.250 -999.250 -999.250 -999.250 -999.250 -999.250
532.931 553.169 547.104 558.285 608.998 533.421 492.246 499.875 514.845 515.311 494.775 472.334 488.261 421.428 383.645 335.133 284.087 287.820 252.124 251.885 277.076 347.138 418.855 518.817 641.763 858.013 1054.119 1035.954 1006.889 1047.333 936.062 825.034 851.617 725.683 573.225 520.946 484.846 417.794 340.401 311.837 349.560 399.539 427.365 488.384 558.973 610.927 679.512 726.229 709.693 659.751 -999.250 -999.250 -999.250 -999.250 -999.250 -999.250 -999.250 -999.250 -999.250 -999.250 -999.250 -999.250 -999.250 -999.250 -999.250
508.838 503.781 509.495 503.044 532.329 504.444 465.826 484.289 478.134 491.125 474.695 464.363 443.121 438.068 376.379 323.233 273.106 262.476 236.511 236.218 275.019 362.348 474.104 586.173 788.461 936.345 1056.701 1273.239 1166.593 1012.726 941.736 907.340 821.752 670.226 568.110 511.292 434.661 346.827 259.545 164.493 257.669 327.645 387.163 458.468 532.416 541.832 587.380 611.644 600.602 575.785 -999.250 -999.250 -999.250 -999.250 -999.250 -999.250 -999.250 -999.250 -999.250 -999.250 -999.250 -999.250 -999.250 -999.250 -999.250
484.605 463.976 455.316 487.309 510.762 465.924 494.402 455.607 430.510 462.255 471.548 464.532 447.384 415.617 358.138 301.065 253.041 246.355 230.783 216.670 214.961 355.274 490.303 637.485 861.745 950.042 1022.182 1161.299 1079.971 1045.218 943.543 938.106 888.465 711.550 532.042 491.228 423.236 319.223 251.771 211.398 219.364 263.501 333.177 420.138 433.853 484.031 508.068 549.592 541.669 556.548 -999.250 -999.250 -999.250 -999.250 -999.250 -999.250 -999.250 -999.250 -999.250 -999.250 -999.250 -999.250 -999.250 -999.250 -999.250
400.964 444.215 443.658 447.831 455.449 442.823 457.626 460.426 444.661 450.750 451.885 427.420 397.237 375.058 333.114 337.411 283.837 239.769 237.763 243.044 271.721 421.008 499.646 653.396 836.082 952.378 1071.469 1076.902 1089.731 1071.842 1014.031 992.469 830.342 626.266 548.897 473.388 418.453 321.225 244.154 222.317 230.172 252.984 303.309 343.998 403.017 459.645 460.768 470.436 547.589 559.488 -999.250 -999.250 -999.250 -999.250 -999.250 -999.250 -999.250 -999.250 -999.250 -999.250 -999.250 -999.250 -999.250 -999.250 -999.250
397.580 423.943 416.216 422.072 431.243 431.319 447.484 433.832 433.126 432.431 402.794 413.421 385.965 384.104 325.238 283.671 277.345 262.415 258.206 274.033 352.085 458.589 541.501 713.718 843.054 896.224 1033.155 1144.675 1051.077 1048.577 1051.684 933.809 850.021 636.742 517.475 476.835 394.413 338.217 264.654 251.246 235.814 243.998 264.969 301.040 352.748 377.144 426.760 459.186 463.448 496.727 -999.250 -999.250 -999.250 -999.250 -999.250 -999.250 -999.250 -999.250 -999.250 -999.250 -999.250 -999.250 -999.250 -999.250 -999.250
337.575 383.870 409.151 400.322 421.508 395.056 407.968 424.544 452.671 442.570 401.671 374.346 382.492 356.344 291.578 269.543 269.459 266.619 268.540 305.346 382.659 451.858 577.674 741.628 903.374 995.296 1003.237 1094.987 1008.736 1083.783 964.037 911.825 832.682 713.544 535.730 478.428 445.551 337.279 288.195 253.246 220.700 221.016 262.699 293.875 315.395 364.521 402.893 436.832 426.015 459.799 -999.250 -999.250 -999.250 -999.250 -999.250 -999.250 -999.250 -999.250 -999.250 -999.250 -999.250 -999.250 -999.250 -999.250 -999.250
320.435 401.149 395.712 397.609 412.280 388.364 392.510 409.666 397.234 430.230 413.281 360.022 347.868 321.264 286.072 278.317 262.863 253.505 266.770 286.163 411.765 494.006 611.181 793.908 909.418 980.043 1087.220 1067.605 1071.677 976.010 963.585 931.193 824.338 701.805 555.316 464.601 437.693 352.845 299.284 253.471 249.267 223.730 256.880 289.408 277.289 344.329 377.645 412.657 425.690 469.775 477.483 -999.250 -999.250 -999.250 -999.250 -999.250 -999.250 -999.250 -999.250 -999.250 -999.250 -999.250 -999.250 -999.250 -999.250
297.037 364.507 379.314 375.717 380.524 380.908 393.233 379.673 382.684 385.635 409.060 407.204 343.767 281.096 259.466 253.184 255.472 244.080 243.811 330.832 407.270 527.522 671.083 840.968 930.232 1096.613 1094.676 1046.155 1107.949 1067.669 1001.605 899.815 858.519 765.771 570.969 461.250 390.470 368.434 306.169 281.089 238.656 237.778 218.790 261.527 267.303 295.204 335.265 404.066 433.307 465.152 483.198 -999.250 -999.250 -999.250 -999.250 -999.250 -999.250 -999.250 -999.250 -999.250 -999.250 -999.250 -999.250 -999.250 -999.250
297.715 340.042 370.246 372.171 372.240 364.908 395.718 389.612 387.640 406.979 429.224 381.841 369.164 307.609 277.806 256.775 237.583 232.599 228.879 299.848 378.718 464.300 667.945 929.672 1006.406 1080.165 1096.438 1149.840 1104.172 1074.356 1014.516 862.219 820.815 739.165 519.097 459.850 395.935 357.493 291.025 269.805 236.621 231.437 222.496 250.664 268.194 312.800 377.165 384.404 440.361 471.275 526.461 -999.250 -999.250 -999.250 -999.250 -999.250 -999.250 -999.250 -999.250 -999.250 -999.250 -999.250 -999.250 -999.250 -999.250
327.975 317.311 349.924 378.882 400.869 398.475 374.907 422.701 419.796 462.797 419.392 422.187 403.196 346.503 282.589 257.012 243.652 229.033 220.186 275.478 384.768 501.108 634.731 889.014 1093.112 1115.928 1143.676 1105.261 1091.002 1091.184 966.913 933.267 764.906 693.724 556.381 437.218 370.729 333.404 312.925 270.913 266.052 239.434 228.846 239.368 277.791 331.453 379.265 397.897 423.236 450.046 486.684 -999.250 -999.250 -999.250 -999.250 -999.250 -999.250 -999.250 -999.250 -999.250 -999.250 -999.250 -999.250 -999.250 -999.250
323.766 330.700 359.684 385.693 407.235 402.556 403.103 421.814 428.349 474.367 460.513 450.934 433.398 360.503 300.357 255.145 238.616 228.297 223.343 242.933 430.358 514.644 706.631 959.027 1151.025 1299.076 1299.805 1164.304 1103.703 1060.565 1023.877 911.998 868.007 698.916 560.970 461.440 387.902 336.968 300.474 276.392 263.143 235.991 222.949 251.737 262.042 327.202 338.805 381.835 409.012 445.969 -999.250 -999.250 -999.250 -999.250 -999.250 -999.250 -999.250 -999.250 -999.250 -999.250 -999.250 -999.250 -999.250 -999.250 -999.250
310.806 331.016 352.092 377.094 417.450 428.191 440.321 451.352 473.250 483.179 495.792 518.639 447.113 361.280 309.945 250.434 246.630 253.013 256.378 317.655 461.973 562.748 801.600 989.411 1107.423 1271.122 1346.803 1202.747 1109.718 1142.642 983.261 976.764 896.376 727.249 554.327 485.751 397.575 327.631 282.884 250.311 250.650 248.292 252.586 259.543 261.345 301.883 335.358 345.511 420.599 460.332 -999.250 -999.250 -999.250 -999.250 -999.250 -999.250 -999.250 -999.250 -999.250 -999.250 -999.250 -999.250 -999.250 -999.250 -999.250
284.127 329.392 346.743 399.723 408.964 441.637 452.697 476.126 484.806 501.256 480.094 470.497 400.388 343.003 280.958 238.642 231.440 234.543 277.498 373.176 491.022 618.304 905.558 1016.102 1124.991 1237.232 1299.402 1247.800 1121.059 1031.411 1020.198 950.156 841.073 803.698 596.185 488.016 423.274 330.247 287.996 234.175 250.702 243.007 248.118 262.962 259.096 274.881 320.168 371.991 411.864 -999.250 -999.250 -999.250 -999.250 -999.250 -999.250 -999.250 -999.250 -999.250 -999.250 -999.250 -999.250 -999.250 -999.250 -999.250 -999.250
