data/medianmodel_20-Nov-2020.asc
ncols	141
nrows	288
xllcorner	-120191.398
yllcorner	-301404.813
cellsize	2000.000
NODATA_value	-999.250
[rows 29 to 57 of 288, columns 65 to 129 of 141]
1002.607 882.490 933.374 855.336 715.652 647.474 571.827 565.895 544.608 511.769 516.955 533.069 520.032 564.005 562.927 586.717 650.584 640.817 667.821 673.139 645.632 726.851 707.120 737.647 719.661 686.273 754.575 734.064 684.214 695.101 662.986 682.825 674.680 733.356 683.634 703.739 700.989 698.094 639.711 718.487 717.056 688.839 640.647 692.127 687.939 694.350 755.222 732.684 677.630 668.664 625.406 585.849 600.140 555.594 550.497 546.349 556.103 542.864 504.885 481.575 495.952 467.111 430.773 438.838 439.487
1054.614 906.492 908.924 768.994 724.206 601.877 547.271 528.235 518.702 499.590 500.403 513.460 548.659 560.964 586.050 614.918 666.833 646.487 669.702 682.530 684.738 720.917 716.782 788.676 750.203 782.769 827.457 751.595 681.522 647.711 703.085 716.440 738.551 701.281 675.053 740.125 708.826 696.107 687.382 754.789 720.539 663.695 624.779 670.696 705.109 709.728 769.041 706.014 707.633 705.970 625.101 627.724 560.373 603.632 540.229 525.697 543.445 536.122 517.906 481.890 452.844 464.085 372.856 437.377 466.263
1063.356 1007.778 874.395 786.168 679.234 590.249 520.967 523.066 529.500 496.592 519.665 532.774 521.051 575.277 598.666 651.802 706.952 665.997 652.156 691.857 679.815 676.778 655.983 738.027 824.223 717.274 785.357 748.205 718.798 739.363 633.747 646.376 645.968 673.535 705.737 719.827 610.717 663.502 710.690 699.936 691.852 621.132 704.795 775.278 760.758 756.305 777.536 705.546 797.094 694.173 724.746 684.384 589.296 570.371 557.867 561.086 495.872 506.504 518.697 492.796 432.526 441.709 401.989 405.748 438.424
1072.631 908.071 864.462 777.327 687.230 603.297 570.087 497.610 487.633 479.837 505.473 534.442 536.740 561.280 610.840 641.561 722.512 652.175 696.455 636.472 670.676 667.573 623.806 733.805 710.594 658.726 762.425 765.982 675.478 692.350 687.742 676.575 670.241 613.040 644.894 669.541 668.065 675.015 699.740 660.258 755.412 751.473 815.552 803.509 778.525 781.645 758.814 730.642 698.733 644.794 635.126 661.849 647.641 533.883 562.991 511.634 511.254 511.633 514.880 469.342 459.545 457.157 456.508 434.779 448.743
1088.549 1016.489 928.460 741.306 662.353 574.837 531.251 500.384 462.495 473.565 495.290 533.165 547.439 544.375 626.813 638.252 689.992 688.779 646.946 744.513 692.122 710.752 735.239 771.626 701.455 713.318 728.072 693.102 656.288 665.506 733.476 642.349 635.976 649.155 663.058 651.940 660.044 673.547 685.113 733.271 765.617 808.555 854.831 812.896 775.937 838.653 813.013 755.332 746.988 727.667 709.804 644.629 635.598 575.595 546.162 541.963 502.867 503.056 484.626 476.762 495.407 479.601 475.545 458.897 467.839
1038.923 1017.173 913.570 765.342 661.077 575.804 540.173 479.076 398.936 479.722 516.832 516.507 570.013 578.909 597.186 633.877 663.538 686.607 679.449 670.902 707.062 713.676 765.810 727.655 750.596 692.872 719.523 752.193 675.631 665.669 677.582 678.651 641.001 632.694 617.479 585.639 643.455 586.445 645.203 723.107 863.612 804.572 873.817 808.516 837.364 793.172 831.873 731.495 761.788 702.578 756.491 629.724 600.659 558.119 547.541 542.683 505.204 479.711 512.614 496.721 512.424 492.191 463.186 487.975 496.173
1026.866 968.032 913.847 838.023 657.895 564.130 538.159 505.051 486.513 493.818 504.917 551.755 574.048 617.595 593.143 649.576 668.840 649.500 655.824 659.659 664.118 726.566 742.490 724.199 714.571 701.780 644.668 725.960 669.273 669.502 647.358 608.409 576.045 580.543 601.473 601.408 636.649 661.177 686.502 675.082 684.412 834.339 859.032 848.947 886.941 846.630 818.148 743.536 791.276 756.747 649.318 634.086 625.617 544.298 558.001 564.064 544.393 526.436 537.304 497.987 500.959 522.062 493.669 494.804 482.580
976.107 911.326 878.064 764.445 661.681 630.131 601.366 542.983 533.640 545.984 558.799 582.623 559.781 578.432 595.063 599.367 608.713 631.254 639.181 724.825 703.652 715.508 727.517 764.457 751.549 795.204 745.874 667.110 632.942 607.604 631.021 596.647 572.551 564.955 547.026 589.359 619.738 656.241 708.299 740.900 731.626 767.848 775.405 765.854 817.908 812.849 820.275 816.392 785.498 776.352 668.180 617.266 611.886 564.205 555.093 553.021 530.760 516.322 539.201 498.972 504.195 489.688 467.024 483.157 446.048
1042.098 877.717 727.909 742.718 698.575 623.205 615.690 615.383 549.255 563.353 571.012 553.838 547.413 573.553 568.945 582.778 593.897 616.862 665.691 705.237 706.410 827.409 814.551 900.690 741.668 817.007 780.232 719.680 690.417 616.579 593.219 599.642 571.963 551.318 549.219 571.979 589.937 650.570 738.127 701.415 740.429 789.638 798.141 786.148 829.150 795.951 867.679 755.793 789.139 758.659 725.785 627.833 597.095 592.954 628.294 551.870 522.952 503.601 542.206 511.586 506.113 493.420 467.872 475.406 495.715
975.832 899.963 793.214 751.022 645.597 593.078 592.039 600.734 609.760 593.700 641.095 599.364 602.412 578.376 576.147 586.541 611.861 594.200 637.873 689.349 745.458 758.416 788.049 833.463 753.926 771.679 745.879 669.488 612.583 629.822 607.740 605.009 567.345 567.984 569.152 573.151 593.702 621.016 696.488 724.865 770.209 745.612 795.513 796.054 878.491 829.498 825.582 858.175 822.139 757.393 765.984 589.892 627.340 604.778 576.979 554.020 579.064 583.853 530.083 526.866 532.330 514.335 500.427 530.394 516.548
878.013 817.995 798.186 735.676 732.295 603.230 604.654 644.384 610.521 584.784 620.235 611.367 574.233 592.476 595.943 597.482 596.153 655.347 653.643 680.974 690.313 734.660 790.567 800.531 766.351 724.167 652.748 628.144 576.375 593.941 590.433 569.019 567.633 561.606 551.787 546.955 564.260 580.706 607.185 687.959 760.869 766.602 829.859 805.005 904.140 856.633 874.829 822.030 826.645 767.511 752.263 594.309 582.761 586.877 573.054 595.630 574.141 552.162 534.456 509.646 504.214 502.125 514.658 536.665 542.176
920.655 800.507 820.178 719.872 778.726 676.334 601.105 626.351 636.078 653.937 639.741 630.632 595.564 613.708 595.482 618.535 571.049 633.847 657.799 671.181 719.551 687.423 734.810 768.808 774.586 734.020 664.560 587.043 580.547 583.983 564.448 549.587 549.605 543.166 535.825 530.677 573.466 588.927 564.903 660.613 727.440 801.058 868.889 838.376 836.450 833.052 913.554 821.786 797.575 785.145 767.980 703.123 683.209 608.516 590.118 579.647 576.040 549.092 552.190 548.808 554.747 533.188 537.434 543.829 554.339
896.749 844.747 777.426 756.592 748.070 685.465 648.497 628.947 675.734 714.738 632.909 601.059 597.545 596.853 602.238 657.296 596.406 635.110 606.386 618.493 637.625 685.002 707.971 709.011 756.400 678.322 621.797 577.752 534.053 536.477 525.784 510.720 510.993 503.823 493.216 478.455 525.640 545.428 572.737 659.007 755.485 787.980 859.319 932.445 899.201 908.846 956.449 877.692 843.566 841.046 779.632 763.671 645.146 637.943 604.592 569.450 544.845 569.750 550.049 538.775 551.586 586.780 518.322 539.705 544.761
912.957 853.862 788.300 736.800 721.478 659.317 655.309 711.982 686.942 689.813 619.633 647.723 618.819 574.477 607.058 666.021 650.558 632.418 650.318 648.609 653.594 666.610 660.074 686.059 627.577 625.024 604.360 582.224 543.647 519.700 505.688 488.561 474.429 477.382 464.600 469.725 511.624 541.496 539.770 642.149 703.930 863.390 896.691 892.066 945.511 940.746 889.538 852.616 858.708 842.021 798.432 718.690 673.643 682.945 630.900 581.891 545.045 561.449 539.018 537.710 551.909 573.767 574.554 543.707 543.198
992.497 824.284 727.220 673.639 691.254 703.833 690.021 708.941 756.051 763.698 649.102 646.504 625.871 592.380 628.838 654.219 653.362 637.888 608.514 671.159 637.711 681.511 661.657 618.130 608.280 632.901 596.506 555.541 530.406 520.976 505.674 474.841 437.710 403.994 390.440 415.910 458.327 499.333 540.036 604.012 698.664 837.098 921.098 966.626 945.055 1049.629 939.835 890.775 952.514 854.811 834.163 815.749 718.579 639.734 588.752 587.002 606.007 558.070 545.118 590.253 566.442 573.205 565.953 574.140 541.051
1016.723 880.803 751.852 752.944 754.921 712.079 697.244 702.312 738.156 772.378 719.366 674.024 658.864 654.034 626.035 626.387 629.939 649.852 664.743 658.424 640.219 575.976 613.179 609.545 589.639 592.877 558.754 542.774 519.564 495.566 465.998 443.598 383.522 354.578 351.997 350.587 380.733 435.495 495.258 574.781 651.434 771.722 832.853 918.624 986.997 1098.626 1033.851 990.061 1007.031 981.863 891.555 860.608 845.642 732.932 650.217 598.572 578.346 567.501 631.520 561.691 597.071 603.601 654.733 623.246 582.192
1075.134 906.120 867.362 744.932 765.066 758.919 718.740 683.633 726.718 744.578 698.048 700.366 662.435 643.186 612.300 622.913 604.981 635.618 596.324 589.294 631.613 686.127 671.597 616.081 608.558 610.597 552.064 509.207 470.716 447.176 411.143 376.205 333.990 336.551 323.061 310.433 330.592 375.673 489.730 553.842 640.624 696.437 825.369 867.631 927.474 1062.391 1078.511 1000.458 1104.177 1031.553 1125.504 955.957 955.426 775.531 667.329 619.638 604.038 601.211 610.348 628.054 652.421 683.825 755.725 766.879 631.062
1005.930 829.210 824.143 822.131 815.374 780.913 741.612 652.890 740.804 707.350 687.887 652.496 622.878 631.540 596.021 594.926 603.456 635.968 630.899 659.238 663.027 653.151 659.587 604.349 595.588 562.774 541.327 507.350 463.881 390.139 384.955 348.157 313.783 306.121 270.756 248.347 254.798 316.440 441.010 540.034 601.861 638.879 698.362 855.040 1027.557 1085.174 1003.247 1039.409 1108.291 1172.976 1179.059 1034.777 960.079 881.279 796.035 708.973 705.555 687.297 649.587 688.538 755.868 759.604 793.271 819.310 664.816
1020.516 903.456 877.757 900.589 820.565 849.824 856.901 786.820 749.722 693.728 670.198 654.752 631.851 586.069 599.095 576.306 586.982 601.552 604.260 605.176 616.815 616.402 651.629 658.823 617.390 571.161 513.080 487.661 456.759 368.410 327.462 323.641 316.225 278.635 232.285 215.511 165.453 289.811 397.064 515.775 591.145 664.330 679.099 848.042 962.054 967.212 1033.065 1238.033 1219.764 1216.816 1181.121 1079.259 1041.309 970.281 916.674 915.064 798.654 913.203 893.650 888.864 861.934 878.921 778.618 -999.250 -999.250
974.277 941.743 887.105 795.126 758.028 755.745 744.219 848.894 808.073 733.516 667.663 614.581 637.518 604.621 591.735 549.969 528.385 540.618 557.864 586.862 579.201 574.552 596.005 580.621 575.007 546.512 499.645 470.135 385.302 346.025 306.372 279.210 288.273 254.821 238.403 228.828 246.674 301.780 385.114 503.861 566.132 650.822 690.081 826.175 977.611 1075.645 1153.748 1196.488 1316.137 1219.256 1244.603 1216.642 1186.294 1080.800 1164.559 1071.832 937.414 1002.990 912.020 926.363 867.137 892.274 806.148 -999.250 -999.250
963.931 878.179 766.355 818.744 740.197 705.749 769.098 807.038 780.261 799.885 711.838 653.545 619.793 587.865 575.246 536.515 543.634 523.497 490.030 539.486 544.449 555.144 577.370 556.382 555.209 508.906 478.440 414.740 357.373 325.471 247.088 276.378 282.531 267.462 249.143 265.141 285.888 331.989 428.968 511.400 580.011 618.528 791.142 826.119 969.934 1097.063 1186.974 1325.240 1348.417 1340.957 1286.353 1317.020 1286.776 1293.408 1233.913 1189.724 1153.581 1086.641 -999.250 950.534 927.462 -999.250 -999.250 -999.250 -999.250
941.180 840.365 706.365 715.488 662.090 646.803 693.044 738.115 786.604 853.974 686.822 729.422 600.188 584.960 559.063 550.042 531.981 532.223 504.602 499.113 513.861 521.766 534.238 513.156 503.794 472.609 441.591 380.289 364.698 336.350 286.282 293.381 288.531 279.712 257.170 288.025 322.432 373.838 447.098 532.545 574.750 658.214 716.550 937.866 1010.793 1078.820 1254.292 1344.389 1359.458 1384.547 1398.714 1426.348 1406.327 1368.100 1352.058 1317.431 -999.250 -999.250 -999.250 -999.250 -999.250 -999.250 -999.250 -999.250 -999.250
738.274 760.346 713.203 658.066 585.385 581.478 605.751 684.277 718.241 806.878 759.131 665.075 653.277 578.489 549.520 559.079 524.130 482.660 494.606 483.563 474.491 500.111 491.523 490.325 477.953 437.990 446.411 391.436 369.046 346.344 322.004 319.917 311.415 312.783 304.903 323.514 345.619 414.249 475.253 517.629 574.511 689.556 845.693 1010.543 1156.473 1104.185 1310.101 1316.945 1452.347 1523.378 1517.145 1612.026 1596.479 1657.217 1567.936 -999.250 -999.250 -999.250 -999.250 -999.250 -999.250 -999.250 -999.250 -999.250 -999.250
839.356 740.596 644.861 579.404 533.068 523.986 543.010 567.876 625.642 848.613 669.690 636.000 593.531 599.000 573.661 551.114 513.787 498.628 468.270 436.661 446.411 451.705 450.161 449.450 462.500 446.478 451.699 435.169 384.323 335.290 341.860 331.039 337.626 325.316 337.808 361.389 393.305 438.051 495.361 555.547 642.652 759.280 887.606 1091.175 1148.399 1284.867 1343.919 1462.316 1531.493 1634.403 1694.513 1792.356 1852.744 1820.483 1721.431 -999.250 -999.250 -999.250 -999.250 -999.250 -999.250 -999.250 -999.250 -999.250 -999.250
801.193 696.719 600.407 539.883 458.804 439.187 434.208 474.882 464.514 329.677 514.603 579.940 592.140 599.390 590.454 555.966 505.679 464.797 430.629 414.046 399.205 420.277 427.331 449.331 407.363 413.485 423.814 428.290 362.938 360.995 342.151 344.038 345.639 364.657 375.320 404.095 447.338 482.467 528.791 571.800 669.624 813.267 964.598 1109.006 1276.914 1291.998 1424.735 1539.601 1707.742 1718.715 1877.499 1851.946 1914.798 1926.804 -999.250 -999.250 -999.250 -999.250 -999.250 -999.250 -999.250 -999.250 -999.250 -999.250 -999.250
779.946 709.175 590.088 506.803 385.444 302.724 351.646 365.382 374.987 403.680 482.408 572.363 633.551 672.347 680.120 582.105 530.579 447.137 370.155 353.561 348.840 371.564 375.885 409.843 387.063 408.721 429.850 402.574 381.840 375.674 361.327 353.250 391.592 383.518 385.305 424.009 465.781 500.032 544.409 598.630 733.645 847.236 1060.082 1136.517 1239.673 1394.223 1525.270 1686.287 1863.302 1951.848 2068.740 2129.917 2077.827 -999.250 -999.250 -999.250 -999.250 -999.250 -999.250 -999.250 -999.250 -999.250 -999.250 -999.250 -999.250
771.661 704.075 579.239 505.171 404.990 362.305 362.493 388.759 429.928 473.526 530.328 577.901 693.079 748.778 724.957 629.211 533.558 398.114 317.799 309.145 329.067 336.049 353.558 364.361 364.912 379.632 403.828 400.446 385.951 385.063 404.307 380.204 376.948 406.410 444.105 472.766 496.565 546.963 558.734 644.353 765.378 874.516 1122.116 1275.322 1381.013 1450.649 1645.646 1705.243 1957.424 2118.874 2256.788 2301.528 2334.516 -999.250 -999.250 -999.250 -999.250 -999.250 -999.250 -999.250 -999.250 -999.250 -999.250 -999.250 -999.250
757.601 677.013 580.115 524.820 479.252 438.000 444.354 455.413 473.799 516.792 565.211 660.893 745.440 804.523 837.554 690.474 567.308 395.151 215.482 255.053 288.887 317.900 336.990 361.056 365.845 379.538 392.608 402.557 404.967 397.471 411.561 399.375 410.891 432.211 473.682 481.855 514.494 549.611 607.120 746.660 952.361 1064.055 1197.643 1327.722 1442.759 1522.781 1767.604 1883.376 2021.924 2177.673 2336.703 2357.919 -999.250 -999.250 -999.250 -999.250 -999.250 -999.250 -999.250 -999.250 -999.250 -999.250 -999.250 -999.250 -999.250
818.772 740.899 597.271 532.702 500.649 486.593 490.038 495.421 526.210 572.854 604.592 719.517 731.465 865.726 953.371 697.695 562.343 450.364 331.495 287.597 292.998 312.880 339.489 371.084 365.451 392.440 405.755 403.964 435.610 452.243 438.585 418.139 470.889 478.518 497.486 504.848 522.836 587.948 682.966 825.008 1003.823 1047.874 1212.239 1369.101 1543.555 1712.190 1862.278 2049.456 2102.973 2298.808 2365.070 2399.768 -999.250 -999.250 -999.250 -999.250 -999.250 -999.250 -999.250 -999.250 -999.250 -999.250 -999.250 -999.250 -999.250
