data/medianmodel_24-Apr-2020.asc
ncols	141
nrows	288
xllcorner	-120191.398
yllcorner	-301404.813
cellsize	2000.000
NODATA_value	-999.250
[rows 120 to 149 of 288, columns 0 to 67 of 141]
-999.250 -999.250 -999.250 -999.250 -999.250 -999.250 -999.250 -999.250 -999.250 -999.250 -999.250 -999.250 -999.250 -999.250 -999.250 -999.250 -999.250 -999.250 -999.250 -999.250 -999.250 -999.250 -999.250 -999.250 -999.250 -999.250 10.172 12.346 6.923 6.142 6.654 8.502 10.237 9.718 13.320 16.313 21.343 23.734 23.875 33.335 42.417 49.409 55.071 61.260 47.722 47.995 32.653 21.938 10.234 0.904 0.000 0.000 0.932 7.780 14.956 20.288 23.862 34.114 29.540 30.345 24.537 22.118 18.858 20.980 19.764 19.699 16.400 15.173
-999.250 -999.250 -999.250 -999.250 -999.250 -999.250 -999.250 -999.250 -999.250 -999.250 -999.250 -999.250 -999.250 -999.250 -999.250 -999.250 -999.250 -999.250 -999.250 -999.250 -999.250 -999.250 -999.250 -999.250 -999.250 11.529 13.764 12.287 10.924 9.264 7.389 7.373 8.652 12.540 15.611 17.048 21.357 22.295 24.812 29.498 41.522 40.085 42.041 41.263 40.358 33.395 21.269 15.287 9.157 0.000 0.000 0.000 1.445 6.716 14.073 17.363 23.114 24.846 29.326 25.545 24.133 23.415 19.729 21.340 19.936 19.712 16.451 14.083
-999.250 -999.250 -999.250 -999.250 -999.250 -999.250 -999.250 -999.250 -999.250 -999.250 -999.250 -999.250 -999.250 -999.250 -999.250 -999.250 -999.250 -999.250 -999.250 -999.250 -999.250 -999.250 -999.250 -999.250 -999.250 14.760 13.888 13.179 13.580 10.267 10.711 7.645 7.442 9.292 13.613 16.364 18.705 19.475 21.238 27.717 30.645 36.753 35.571 33.781 25.167 20.956 18.092 8.306 4.678 0.000 0.000 0.000 1.496 7.628 12.625 16.330 16.912 19.898 22.601 23.425 20.779 21.867 21.303 23.112 23.515 19.258 17.787 12.357
-999.250 -999.250 -999.250 -999.250 -999.250 -999.250 -999.250 -999.250 -999.250 -999.250 -999.250 -999.250 -999.250 -999.250 -999.250 -999.250 -999.250 -999.250 -999.250 -999.250 -999.250 -999.250 -999.250 -999.250 -999.250 17.043 18.079 12.266 11.163 10.885 10.304 8.340 9.762 12.272 14.204 17.238 15.713 19.568 21.375 22.782 27.078 27.874 31.015 22.416 20.080 18.300 14.091 8.010 2.759 0.000 0.000 0.939 2.202 5.962 8.692 14.306 17.665 20.811 22.238 23.875 26.562 22.419 23.056 19.272 18.822 17.433 15.882 9.936
-999.250 -999.250 -999.250 -999.250 -999.250 -999.250 -999.250 -999.250 -999.250 -999.250 -999.250 -999.250 -999.250 -999.250 -999.250 -999.250 -999.250 -999.250 -999.250 -999.250 -999.250 -999.250 -999.250 -999.250 19.824 16.862 14.509 14.758 13.186 9.496 11.819 10.093 9.143 12.991 12.224 15.436 15.053 17.754 18.860 19.918 21.962 26.560 23.448 19.405 19.453 17.024 12.453 8.691 4.798 1.047 1.908 1.985 2.563 3.326 5.256 8.460 13.186 16.945 21.014 22.234 23.004 23.447 21.641 21.423 18.871 16.929 14.885 13.304
-999.250 -999.250 -999.250 -999.250 -999.250 -999.250 -999.250 -999.250 -999.250 -999.250 -999.250 -999.250 -999.250 -999.250 -999.250 -999.250 -999.250 -999.250 -999.250 -999.250 -999.250 -999.250 -999.250 -999.250 20.585 15.689 16.008 14.165 12.387 10.561 10.805 9.309 7.121 7.959 12.001 14.210 13.105 16.749 18.073 18.347 20.549 19.545 17.901 18.503 17.738 17.175 14.750 10.508 8.602 6.179 3.829 1.393 1.031 1.690 0.000 4.498 10.808 14.228 16.466 19.382 20.980 19.547 17.152 19.471 16.604 16.050 15.589 14.726
-999.250 -999.250 -999.250 -999.250 -999.250 -999.250 -999.250 -999.250 -999.250 -999.250 -999.250 -999.250 -999.250 -999.250 -999.250 -999.250 -999.250 -999.250 -999.250 -999.250 -999.250 -999.250 -999.250 19.871 18.877 18.147 16.065 13.878 12.980 10.568 10.467 11.918 9.086 9.051 12.235 12.730 12.132 14.626 14.179 15.281 15.610 17.431 18.620 17.344 17.625 14.749 14.807 10.259 10.329 5.960 6.348 4.626 1.613 0.699 3.951 5.655 12.084 11.779 14.813 15.648 16.232 15.443 16.635 17.301 14.767 15.396 15.372 13.405
-999.250 -999.250 -999.250 -999.250 -999.250 -999.250 -999.250 -999.250 -999.250 -999.250 -999.250 -999.250 -999.250 -999.250 -999.250 -999.250 -999.250 -999.250 -999.250 -999.250 -999.250 -999.250 -999.250 17.444 17.775 16.660 16.061 15.248 11.952 12.810 11.578 11.173 11.034 10.646 11.831 13.131 13.360 10.658 11.901 15.231 15.347 15.091 13.550 15.423 15.267 14.820 13.471 14.209 13.630 8.810 9.644 6.046 3.556 4.136 5.965 11.337 12.811 12.759 12.867 15.606 14.518 13.167 12.474 11.253 10.625 11.805 12.700 11.513
-999.250 -999.250 -999.250 -999.250 -999.250 -999.250 -999.250 -999.250 -999.250 -999.250 -999.250 -999.250 -999.250 -999.250 -999.250 -999.250 -999.250 -999.250 -999.250 -999.250 -999.250 -999.250 -999.250 15.607 16.040 14.981 15.152 15.215 16.423 15.133 14.940 15.443 13.809 15.530 13.603 14.236 13.326 11.799 12.518 12.634 11.626 12.026 14.013 14.267 15.267 13.728 13.003 15.189 15.158 15.360 11.051 7.867 6.018 7.306 8.303 9.799 10.849 10.162 12.363 14.564 15.179 11.831 6.860 7.595 7.223 8.245 10.341 8.649
-999.250 -999.250 -999.250 -999.250 -999.250 -999.250 -999.250 -999.250 -999.250 -999.250 -999.250 -999.250 -999.250 -999.250 -999.250 -999.250 -999.250 -999.250 -999.250 -999.250 -999.250 -999.250 15.883 13.952 14.833 15.213 13.657 14.717 15.127 17.951 17.101 16.961 15.792 15.041 13.766 13.579 14.149 13.513 12.090 12.569 15.277 12.780 13.824 14.016 14.722 12.918 14.144 14.553 14.718 12.901 13.713 10.933 7.672 7.343 10.657 11.946 12.838 14.012 13.353 13.892 15.230 10.523 9.760 9.031 11.234 8.197 7.239 10.272
-999.250 -999.250 -999.250 -999.250 -999.250 -999.250 -999.250 -999.250 -999.250 -999.250 -999.250 -999.250 -999.250 -999.250 -999.250 -999.250 -999.250 -999.250 -999.250 -999.250 -999.250 -999.250 10.264 13.313 14.986 15.112 13.356 15.450 16.339 17.155 19.030 18.958 15.738 15.938 15.682 14.635 12.385 11.479 13.145 12.585 13.115 12.147 12.691 12.390 13.383 14.762 14.645 17.688 15.052 15.796 14.096 13.107 13.172 11.698 11.165 12.120 13.173 14.091 12.983 13.321 12.476 11.923 11.079 11.456 10.378 10.539 9.170 9.377
-999.250 -999.250 -999.250 -999.250 -999.250 -999.250 -999.250 -999.250 -999.250 -999.250 -999.250 -999.250 -999.250 -999.250 -999.250 -999.250 -999.250 -999.250 -999.250 -999.250 -999.250 13.864 11.019 12.362 7.791 12.655 11.760 14.021 16.750 18.498 18.361 18.574 18.267 16.516 14.884 13.842 14.135 11.723 13.873 13.207 14.752 12.585 12.153 14.250 12.801 15.549 14.617 13.755 13.838 13.665 15.177 12.280 13.112 14.715 12.564 11.094 11.533 12.663 14.007 13.105 12.091 10.602 12.966 10.387 9.565 9.962 7.825 7.616
-999.250 -999.250 -999.250 -999.250 -999.250 -999.250 -999.250 -999.250 -999.250 -999.250 -999.250 -999.250 -999.250 -999.250 -999.250 -999.250 -999.250 -999.250 -999.250 -999.250 -999.250 11.128 11.239 8.221 9.417 10.093 13.389 14.156 17.579 19.433 18.530 16.101 17.191 14.055 14.791 14.505 13.977 14.757 15.024 13.554 14.574 14.028 14.868 14.605 14.411 15.707 15.669 16.409 17.826 16.080 16.936 14.773 14.225 13.951 14.621 13.959 11.780 12.550 14.354 13.461 11.599 11.375 10.806 9.064 11.694 9.193 6.960 4.844
-999.250 -999.250 -999.250 -999.250 -999.250 -999.250 -999.250 -999.250 -999.250 -999.250 -999.250 -999.250 -999.250 -999.250 -999.250 -999.250 -999.250 -999.250 -999.250 -999.250 -999.250 9.029 10.066 9.525 8.812 9.490 12.727 13.383 15.673 17.958 15.941 16.344 16.389 17.196 17.509 15.072 16.992 15.950 16.632 15.434 16.932 16.198 14.614 15.885 14.845 15.518 15.062 16.176 16.819 16.913 15.017 16.684 16.616 15.414 14.253 15.256 14.237 12.692 13.614 14.242 12.097 11.759 11.939 14.656 11.184 8.994 9.092 4.760
-999.250 -999.250 -999.250 -999.250 -999.250 -999.250 -999.250 -999.250 -999.250 -999.250 -999.250 -999.250 -999.250 -999.250 -999.250 -999.250 -999.250 -999.250 -999.250 -999.250 8.796 10.028 11.112 11.240 9.998 11.342 9.841 11.986 13.145 15.523 13.299 15.427 15.941 17.119 19.310 17.638 17.867 17.063 17.382 18.100 17.309 16.034 18.532 16.667 15.771 15.179 16.505 18.355 14.276 17.489 15.775 16.686 12.564 14.918 15.710 14.389 12.830 13.059 12.084 9.597 10.343 10.411 12.145 11.483 11.276 10.664 8.875 6.170
-999.250 -999.250 -999.250 -999.250 -999.250 -999.250 -999.250 -999.250 -999.250 -999.250 -999.250 -999.250 -999.250 -999.250 -999.250 -999.250 -999.250 -999.250 -999.250 -999.250 9.318 9.026 10.781 10.952 9.008 9.556 9.081 11.657 11.302 11.557 13.553 14.592 14.012 14.898 17.465 17.891 20.037 17.249 16.041 17.984 16.642 19.620 18.182 18.283 16.998 18.175 18.810 18.010 16.532 17.852 15.697 16.714 14.246 13.313 10.081 11.883 10.385 9.196 6.373 9.942 10.316 9.500 11.290 10.477 10.329 9.805 10.701 7.183
-999.250 -999.250 -999.250 -999.250 -999.250 -999.250 -999.250 -999.250 -999.250 -999.250 -999.250 -999.250 -999.250 -999.250 -999.250 -999.250 -999.250 -999.250 -999.250 -999.250 8.700 5.541 9.535 10.382 9.766 9.688 12.111 10.730 13.986 11.660 8.668 11.774 15.114 16.401 16.294 19.146 19.366 18.431 18.772 16.949 16.959 20.053 20.150 19.565 17.652 16.842 19.598 16.115 16.922 16.066 16.699 15.376 13.562 14.366 12.594 10.008 9.063 8.516 6.400 4.831 6.608 8.151 8.127 8.869 9.786 9.174 9.696 10.561
-999.250 -999.250 -999.250 -999.250 -999.250 -999.250 -999.250 -999.250 -999.250 -999.250 -999.250 -999.250 -999.250 -999.250 -999.250 -999.250 -999.250 -999.250 -999.250 -999.250 6.510 8.107 7.179 10.930 10.625 12.495 12.233 14.188 12.759 12.296 6.264 10.289 14.808 15.590 17.364 18.013 19.403 20.413 19.060 20.110 18.164 20.123 21.175 19.455 16.855 18.650 18.088 16.023 15.271 12.821 15.153 16.248 12.022 11.672 9.826 11.152 7.775 9.347 4.949 0.000 1.743 7.215 9.300 7.696 9.273 10.211 11.826 11.585
-999.250 -999.250 -999.250 -999.250 -999.250 -999.250 -999.250 -999.250 -999.250 -999.250 -999.250 -999.250 -999.250 -999.250 -999.250 -999.250 -999.250 -999.250 -999.250 3.979 7.068 6.910 5.883 11.909 12.138 12.492 11.384 16.915 16.370 15.753 13.648 13.870 15.007 16.341 16.027 16.444 18.528 19.838 18.642 18.305 19.248 21.475 21.383 19.460 18.086 17.110 14.853 14.417 12.544 14.229 14.301 14.928 12.379 10.342 10.205 10.863 9.427 7.294 5.393 0.360 3.924 5.087 7.369 7.471 9.038 10.794 9.855 11.241
-999.250 -999.250 -999.250 -999.250 -999.250 -999.250 -999.250 -999.250 -999.250 -999.250 -999.250 -999.250 -999.250 -999.250 -999.250 -999.250 -999.250 -999.250 -999.250 1.751 2.589 4.479 7.241 11.585 14.298 15.644 18.312 18.633 18.992 17.732 20.930 15.858 17.347 16.213 18.787 21.582 21.685 19.543 19.711 18.470 20.165 20.889 19.344 22.596 19.727 16.458 13.570 12.487 12.386 10.946 10.780 8.226 10.313 10.367 9.587 8.421 7.229 6.205 4.359 1.905 5.354 5.189 5.273 7.296 8.137 8.337 10.185 11.523
-999.250 -999.250 -999.250 -999.250 -999.250 -999.250 -999.250 -999.250 -999.250 -999.250 -999.250 -999.250 -999.250 -999.250 -999.250 -999.250 -999.250 -999.250 -999.250 3.469 0.000 4.789 7.942 13.174 14.288 16.543 17.954 20.250 21.595 23.811 25.779 19.875 19.693 21.227 18.352 21.019 22.117 23.842 19.931 21.492 21.615 20.175 18.663 20.922 19.558 19.386 13.907 13.033 8.937 10.424 8.955 9.771 11.080 11.387 8.992 11.124 8.091 5.973 5.418 2.833 2.992 6.970 7.222 6.120 7.834 5.116 7.577 10.988
-999.250 -999.250 -999.250 -999.250 -999.250 -999.250 -999.250 -999.250 -999.250 -999.250 -999.250 -999.250 -999.250 -999.250 -999.250 -999.250 -999.250 -999.250 -999.250 3.877 5.108 8.626 11.538 15.401 19.732 19.206 24.320 22.089 25.041 29.709 26.272 22.681 23.396 21.318 26.211 24.372 27.042 26.249 27.174 24.001 21.845 19.923 20.881 21.241 23.332 18.034 16.619 12.977 5.442 7.974 8.767 8.944 9.585 11.535 11.539 10.915 8.823 7.562 4.956 3.811 3.121 2.866 4.628 3.121 3.234 3.938 5.689 8.104
-999.250 -999.250 -999.250 -999.250 -999.250 -999.250 -999.250 -999.250 -999.250 -999.250 -999.250 -999.250 -999.250 -999.250 -999.250 -999.250 -999.250 -999.250 -999.250 5.440 11.101 13.209 16.964 20.627 21.668 23.957 25.305 25.623 28.688 28.817 27.074 28.557 26.432 27.625 26.474 24.554 26.909 29.195 25.311 24.730 25.042 25.744 22.623 22.544 21.889 18.819 17.599 9.294 9.286 6.643 7.061 7.105 8.340 10.753 11.340 11.652 8.949 6.066 3.031 2.082 2.828 2.058 3.280 2.126 0.000 4.062 6.767 9.847
-999.250 -999.250 -999.250 -999.250 -999.250 -999.250 -999.250 -999.250 -999.250 -999.250 -999.250 -999.250 -999.250 -999.250 -999.250 -999.250 -999.250 -999.250 8.391 10.592 12.388 16.568 22.467 26.141 26.971 25.297 24.763 24.773 34.283 30.369 29.758 31.437 29.538 29.305 28.228 25.977 27.886 31.049 31.296 28.837 25.172 21.014 27.811 22.659 22.210 20.594 16.840 11.661 7.891 7.302 6.223 4.989 6.664 9.708 8.407 12.853 11.138 7.524 4.453 0.000 1.346 3.117 4.487 3.839 4.682 7.011 9.057 10.449
-999.250 -999.250 -999.250 -999.250 -999.250 -999.250 -999.250 -999.250 -999.250 -999.250 -999.250 -999.250 -999.250 -999.250 -999.250 -999.250 -999.250 8.037 12.301 12.595 15.131 17.937 25.320 27.888 28.478 31.843 30.171 27.649 32.474 28.641 33.200 30.940 30.769 33.153 27.589 30.043 29.132 33.220 33.016 35.456 27.330 24.755 26.735 27.074 22.262 22.128 18.592 11.752 10.395 7.590 7.684 5.765 6.051 10.156 11.696 13.027 12.617 10.042 7.745 0.000 3.892 5.348 6.839 6.451 8.342 10.522 11.187 11.287
-999.250 -999.250 -999.250 -999.250 -999.250 -999.250 -999.250 -999.250 -999.250 -999.250 -999.250 -999.250 -999.250 -999.250 -999.250 -999.250 -999.250 11.951 13.407 15.742 17.455 20.197 24.499 28.881 29.876 29.995 28.445 26.288 32.338 32.665 34.477 29.075 28.958 27.174 30.558 32.165 29.023 31.533 33.160 34.201 36.078 30.234 30.161 26.800 23.815 21.611 18.571 16.251 12.152 8.297 7.615 5.342 6.097 8.536 11.915 12.754 13.589 13.031 10.733 8.352 7.082 7.205 8.613 9.213 8.214 11.327 12.142 10.116
-999.250 -999.250 -999.250 -999.250 -999.250 -999.250 -999.250 -999.250 -999.250 -999.250 -999.250 -999.250 -999.250 -999.250 -999.250 9.887 11.910 13.396 18.054 17.952 20.858 23.290 23.393 27.974 33.311 34.414 29.245 31.279 28.744 31.952 37.160 28.665 30.497 35.195 33.554 28.080 33.805 35.095 31.401 37.837 39.962 31.489 30.223 29.046 26.787 23.300 17.152 14.454 14.053 11.332 7.778 5.510 4.550 4.130 8.834 13.648 16.082 17.079 13.276 13.096 11.775 8.614 8.060 11.106 11.182 9.203 10.909 10.733
-999.250 -999.250 -999.250 -999.250 -999.250 -999.250 -999.250 -999.250 -999.250 -999.250 -999.250 -999.250 -999.250 -999.250 14.734 14.827 14.875 14.292 19.157 21.270 24.983 28.842 27.084 28.516 36.721 32.354 34.460 31.639 32.327 35.063 34.793 35.123 32.109 36.211 38.334 33.198 40.779 38.870 36.930 36.282 31.274 29.640 26.376 29.651 32.736 23.914 18.698 15.542 15.573 10.967 8.975 5.571 0.525 0.000 7.112 11.860 13.941 16.829 16.126 14.545 12.972 9.954 8.996 10.743 9.334 10.774 10.735 10.451
-999.250 -999.250 -999.250 -999.250 -999.250 -999.250 -999.250 -999.250 -999.250 -999.250 -999.250 -999.250 -999.250 -999.250 12.612 12.856 15.176 16.842 22.895 24.101 23.729 29.176 28.130 31.503 32.493 33.229 31.146 32.144 32.652 34.347 34.754 37.211 37.643 32.631 36.095 34.626 37.959 39.035 34.147 32.174 32.577 22.825 27.729 30.119 30.788 27.832 19.996 13.403 14.811 14.559 11.870 7.526 6.195 6.349 8.047 10.563 13.512 16.019 14.025 14.287 12.683 10.972 11.304 9.922 10.992 10.615 10.154 9.117
-999.250 -999.250 -999.250 -999.250 -999.250 -999.250 -999.250 -999.250 -999.250 -999.250 -999.250 -999.250 -999.250 12.077 13.040 16.029 15.338 16.483 20.164 22.509 27.300 29.730 26.511 30.089 33.450 37.580 35.923 31.596 32.833 36.931 34.080 37.118 36.890 33.546 32.957 33.814 35.299 32.655 35.031 31.753 31.733 28.639 26.627 24.638 25.859 22.663 21.640 20.425 18.081 16.903 15.517 13.296 11.450 8.919 9.367 11.880 11.810 13.339 15.596 15.310 14.128 13.998 11.997 10.251 11.018 12.575 10.992 11.373
