data/medianmodel_02-Dec-2020.asc
ncols	141
nrows	288
xllcorner	-120191.398
yllcorner	-301404.813
cellsize	2000.000
NODATA_value	-999.250
[rows 145 to 173 of 288, columns 64 to 127 of 141]
819.990 906.422 993.989 1131.468 1232.168 1321.119 1408.156 1419.879 1402.219 1339.964 1288.337 1164.697 1145.731 1077.839 1073.547 1090.806 1050.981 1055.931 935.543 816.956 747.819 633.259 566.904 488.861 425.664 410.075 379.696 -999.250 -999.250 -999.250 -999.250 -999.250 -999.250 -999.250 -999.250 -999.250 -999.250 -999.250 -999.250 -999.250 -999.250 -999.250 -999.250 -999.250 -999.250 -999.250 -999.250 -999.250 -999.250 -999.250 -999.250 -999.250 -999.250 -999.250 -999.250 -999.250 -999.250 -999.250 -999.250 -999.250 -999.250 -999.250 -999.250 -999.250
954.124 952.588 1194.133 1349.534 1479.114 1530.785 1555.601 1538.004 1573.797 1527.123 1396.845 1341.251 1275.275 1199.556 1196.250 1105.678 1057.066 1077.938 948.866 867.072 782.728 651.727 584.512 507.846 430.631 386.901 371.008 413.778 -999.250 -999.250 -999.250 -999.250 -999.250 -999.250 -999.250 -999.250 -999.250 -999.250 -999.250 -999.250 -999.250 -999.250 -999.250 -999.250 -999.250 -999.250 -999.250 -999.250 -999.250 -999.250 -999.250 -999.250 -999.250 -999.250 -999.250 -999.250 -999.250 -999.250 -999.250 -999.250 -999.250 -999.250 -999.250 -999.250
959.196 1127.969 1290.023 1526.664 1659.419 1731.195 1764.013 1686.875 1579.803 1551.814 1444.370 1407.743 1338.445 1182.850 1226.191 1212.149 1125.299 1020.057 988.319 899.001 819.620 745.652 624.387 518.583 448.642 381.846 381.173 440.419 -999.250 -999.250 -999.250 -999.250 -999.250 -999.250 -999.250 -999.250 -999.250 -999.250 -999.250 -999.250 -999.250 -999.250 -999.250 -999.250 -999.250 -999.250 -999.250 -999.250 -999.250 -999.250 -999.250 -999.250 -999.250 -999.250 -999.250 -999.250 -999.250 -999.250 -999.250 -999.250 -999.250 -999.250 -999.250 -999.250
1034.264 1184.195 1355.635 1574.430 1773.260 1930.739 1883.872 1788.693 1736.622 1629.946 1527.120 1494.672 1389.358 1275.523 1313.391 1300.114 1260.211 1107.135 1031.873 940.075 843.277 826.051 693.514 619.569 534.016 431.553 342.583 494.987 628.015 675.940 720.190 -999.250 -999.250 -999.250 -999.250 -999.250 -999.250 -999.250 -999.250 -999.250 -999.250 -999.250 -999.250 -999.250 -999.250 -999.250 -999.250 -999.250 -999.250 -999.250 -999.250 -999.250 -999.250 -999.250 -999.250 -999.250 -999.250 -999.250 -999.250 -999.250 -999.250 -999.250 -999.250 -999.250
1035.751 1261.218 1443.910 1653.904 1840.706 1885.335 1867.406 1812.177 1758.764 1675.367 1626.908 1535.344 1381.614 1318.736 1363.505 1238.651 1197.848 1109.253 1077.237 971.031 880.779 872.949 749.839 696.368 631.277 557.220 559.168 636.790 766.109 826.894 852.778 817.684 -999.250 -999.250 -999.250 -999.250 -999.250 -999.250 -999.250 -999.250 -999.250 -999.250 -999.250 -999.250 -999.250 -999.250 -999.250 -999.250 -999.250 -999.250 -999.250 -999.250 -999.250 -999.250 -999.250 -999.250 -999.250 -999.250 -999.250 -999.250 -999.250 -999.250 -999.250 -999.250
1016.602 1203.461 1404.349 1629.656 1841.443 1864.175 1857.560 1859.631 1783.403 1668.745 1603.421 1538.678 1391.063 1364.999 1353.472 1300.554 1218.969 1116.473 1068.279 993.409 882.794 892.943 869.129 794.325 796.878 746.272 775.537 859.587 937.860 908.139 922.121 -999.250 -999.250 -999.250 -999.250 -999.250 -999.250 -999.250 -999.250 -999.250 -999.250 -999.250 -999.250 -999.250 -999.250 -999.250 -999.250 -999.250 -999.250 -999.250 -999.250 -999.250 -999.250 -999.250 -999.250 -999.250 -999.250 -999.250 -999.250 -999.250 -999.250 -999.250 -999.250 -999.250
1063.420 1196.870 1378.735 1530.976 1646.844 1775.565 1819.402 1777.453 1634.431 1654.707 1576.847 1542.544 1394.648 1411.116 1319.420 1267.842 1297.767 1086.527 1066.884 945.458 953.035 942.017 934.967 880.126 887.102 872.634 905.401 1036.923 1065.584 1038.316 1059.149 -999.250 -999.250 -999.250 -999.250 -999.250 -999.250 -999.250 -999.250 -999.250 -999.250 -999.250 -999.250 -999.250 -999.250 -999.250 -999.250 -999.250 -999.250 -999.250 -999.250 -999.250 -999.250 -999.250 -999.250 -999.250 -999.250 -999.250 -999.250 -999.250 -999.250 -999.250 -999.250 -999.250
1010.851 1149.571 1279.021 1418.743 1544.656 1656.838 1717.922 1689.231 1633.843 1595.377 1489.690 1460.934 1351.162 1332.669 1412.758 1242.218 1242.678 1132.355 1030.077 1006.513 970.367 940.642 907.845 964.788 1002.887 1055.315 1041.199 1094.920 1161.862 1176.895 1180.112 -999.250 -999.250 -999.250 -999.250 -999.250 -999.250 -999.250 -999.250 -999.250 -999.250 -999.250 -999.250 -999.250 -999.250 -999.250 -999.250 -999.250 -999.250 -999.250 -999.250 -999.250 -999.250 -999.250 -999.250 -999.250 -999.250 -999.250 -999.250 -999.250 -999.250 -999.250 -999.250 -999.250
987.080 1065.957 1238.337 1303.239 1426.270 1515.645 1595.208 1658.904 1570.707 1555.673 1408.977 1401.761 1329.664 1294.518 1209.815 1214.059 1273.461 1095.619 1025.191 997.339 1015.232 990.137 996.127 1069.123 1020.622 1095.296 1182.858 1256.573 1315.634 1354.506 1255.464 -999.250 -999.250 -999.250 -999.250 -999.250 -999.250 -999.250 -999.250 -999.250 -999.250 -999.250 -999.250 -999.250 -999.250 -999.250 -999.250 -999.250 -999.250 -999.250 -999.250 -999.250 -999.250 -999.250 -999.250 -999.250 -999.250 -999.250 -999.250 -999.250 -999.250 -999.250 -999.250 -999.250
904.962 957.475 1073.926 1159.731 1298.655 1364.232 1383.517 1467.395 1408.497 1413.838 1369.512 1310.329 1182.242 1230.300 1201.062 1130.185 1137.152 1103.039 1037.443 996.908 1072.662 989.172 992.451 1065.863 1127.723 1197.835 1250.544 1346.388 1397.670 1371.858 1335.395 -999.250 -999.250 -999.250 -999.250 -999.250 -999.250 -999.250 -999.250 -999.250 -999.250 -999.250 -999.250 -999.250 -999.250 -999.250 -999.250 -999.250 -999.250 -999.250 -999.250 -999.250 -999.250 -999.250 -999.250 -999.250 -999.250 -999.250 -999.250 -999.250 -999.250 -999.250 -999.250 -999.250
748.924 873.991 920.878 977.813 1097.242 1174.916 1202.855 1240.721 1236.539 1301.287 1142.970 1180.881 1118.171 1121.775 1103.094 1043.963 989.623 1044.996 1008.641 951.060 1052.481 1008.403 1058.084 1090.573 1184.925 1186.954 1244.263 1356.489 1375.626 1383.361 1368.082 -999.250 -999.250 -999.250 -999.250 -999.250 -999.250 -999.250 -999.250 -999.250 -999.250 -999.250 -999.250 -999.250 -999.250 -999.250 -999.250 -999.250 -999.250 -999.250 -999.250 -999.250 -999.250 -999.250 -999.250 -999.250 -999.250 -999.250 -999.250 -999.250 -999.250 -999.250 -999.250 -999.250
610.959 679.147 811.873 914.781 916.758 964.676 1016.006 1050.891 1090.710 1064.653 1037.761 1044.820 1001.620 1021.166 964.668 987.036 952.620 953.109 944.356 954.307 1022.991 1066.897 1047.193 1054.204 1109.440 1121.168 1289.358 1343.575 1409.925 1377.356 1219.611 1244.722 -999.250 -999.250 -999.250 -999.250 -999.250 -999.250 -999.250 -999.250 -999.250 -999.250 -999.250 -999.250 -999.250 -999.250 -999.250 -999.250 -999.250 -999.250 -999.250 -999.250 -999.250 -999.250 -999.250 -999.250 -999.250 -999.250 -999.250 -999.250 -999.250 -999.250 -999.250 -999.250
507.025 587.372 662.717 694.924 783.776 849.275 930.503 905.062 924.749 941.766 928.366 953.316 972.764 918.900 915.681 923.329 906.517 956.888 939.545 944.173 943.295 980.113 1005.232 1050.021 1098.598 1157.623 1273.986 1281.721 1313.071 1254.053 1198.759 1235.548 1104.364 -999.250 -999.250 -999.250 -999.250 -999.250 -999.250 -999.250 -999.250 -999.250 -999.250 -999.250 -999.250 -999.250 -999.250 -999.250 -999.250 -999.250 -999.250 -999.250 -999.250 -999.250 -999.250 -999.250 -999.250 -999.250 -999.250 -999.250 -999.250 -999.250 -999.250 -999.250
370.934 459.219 528.489 591.659 655.126 719.815 814.672 837.450 826.814 835.411 837.452 892.207 877.056 859.110 825.627 844.473 885.492 900.808 867.911 894.855 928.099 964.384 1027.030 1041.530 1105.823 1064.582 1199.711 1199.874 1229.987 1223.036 1185.696 1087.794 1095.499 1091.130 -999.250 -999.250 -999.250 -999.250 -999.250 -999.250 -999.250 -999.250 -999.250 -999.250 -999.250 -999.250 -999.250 -999.250 -999.250 -999.250 -999.250 -999.250 -999.250 -999.250 -999.250 -999.250 -999.250 -999.250 -999.250 -999.250 -999.250 -999.250 -999.250 -999.250
253.826 267.858 347.385 461.765 559.532 634.600 674.420 689.060 704.133 734.325 752.667 762.687 790.309 744.563 721.205 747.839 764.624 769.980 813.360 831.083 896.495 913.394 956.381 1053.563 1049.954 1103.935 1149.147 1134.513 1151.452 1128.569 1023.188 1066.423 1019.683 1000.157 -999.250 -999.250 -999.250 -999.250 -999.250 -999.250 -999.250 -999.250 -999.250 -999.250 -999.250 -999.250 -999.250 -999.250 -999.250 -999.250 -999.250 -999.250 -999.250 -999.250 -999.250 -999.250 -999.250 -999.250 -999.250 -999.250 -999.250 -999.250 -999.250 -999.250
143.378 86.701 225.290 356.315 456.454 539.001 559.281 632.436 669.926 644.705 693.543 648.997 719.056 704.629 680.375 650.764 640.633 644.655 706.049 699.162 765.444 812.154 900.437 995.345 989.092 978.985 1076.295 1103.714 1115.977 1100.081 1028.519 963.792 919.725 965.074 -999.250 -999.250 -999.250 -999.250 -999.250 -999.250 -999.250 -999.250 -999.250 -999.250 -999.250 -999.250 -999.250 -999.250 -999.250 -999.250 -999.250 -999.250 -999.250 -999.250 -999.250 -999.250 -999.250 -999.250 -999.250 -999.250 -999.250 -999.250 -999.250 -999.250
117.007 115.292 199.680 296.573 374.782 422.188 479.651 478.280 544.619 543.952 564.921 593.888 591.417 571.426 598.637 541.917 537.518 556.867 581.802 622.045 666.102 706.927 830.104 909.701 924.641 991.565 1019.305 996.884 1042.506 982.802 1002.074 917.601 930.017 892.770 -999.250 -999.250 -999.250 -999.250 -999.250 -999.250 -999.250 -999.250 -999.250 -999.250 -999.250 -999.250 -999.250 -999.250 -999.250 -999.250 -999.250 -999.250 -999.250 -999.250 -999.250 -999.250 -999.250 -999.250 -999.250 -999.250 -999.250 -999.250 -999.250 -999.250
121.629 122.772 175.456 257.034 302.169 376.310 399.682 415.387 461.373 492.678 519.187 505.401 499.832 521.181 495.098 498.689 456.756 456.744 474.275 547.022 601.802 682.305 767.975 833.697 882.250 894.212 933.950 927.371 929.664 908.633 930.445 897.726 854.795 874.540 -999.250 -999.250 -999.250 -999.250 -999.250 -999.250 -999.250 -999.250 -999.250 -999.250 -999.250 -999.250 -999.250 -999.250 -999.250 -999.250 -999.250 -999.250 -999.250 -999.250 -999.250 -999.250 -999.250 -999.250 -999.250 -999.250 -999.250 -999.250 -999.250 -999.250
103.748 118.128 163.620 223.302 255.987 329.694 346.577 378.169 397.159 449.688 457.507 464.238 449.057 465.744 440.344 422.935 377.798 315.956 420.700 486.411 571.716 660.411 667.762 724.737 758.867 804.409 835.261 848.026 880.342 877.048 858.970 808.378 741.884 731.290 728.666 -999.250 -999.250 -999.250 -999.250 -999.250 -999.250 -999.250 -999.250 -999.250 -999.250 -999.250 -999.250 -999.250 -999.250 -999.250 -999.250 -999.250 -999.250 -999.250 -999.250 -999.250 -999.250 -999.250 -999.250 -999.250 -999.250 -999.250 -999.250 -999.250
102.127 121.655 148.773 184.345 226.115 248.450 322.091 321.943 339.897 377.340 389.011 405.102 436.432 431.625 402.215 374.689 352.342 334.077 375.646 450.991 505.293 565.614 603.256 662.502 670.662 699.006 758.740 793.043 743.460 746.459 741.587 728.919 701.196 677.741 663.803 601.666 -999.250 -999.250 -999.250 -999.250 -999.250 -999.250 -999.250 -999.250 -999.250 -999.250 -999.250 -999.250 -999.250 -999.250 -999.250 -999.250 -999.250 -999.250 -999.250 -999.250 -999.250 -999.250 -999.250 -999.250 -999.250 -999.250 -999.250 -999.250
104.691 120.048 133.720 170.493 201.842 238.098 271.688 270.497 301.861 348.290 324.538 357.983 385.346 383.548 373.452 374.371 359.972 341.081 384.976 454.717 496.346 541.885 534.148 592.866 643.512 607.110 665.703 679.401 662.673 668.486 621.843 619.938 620.095 578.849 611.894 569.900 533.604 555.194 515.316 -999.250 -999.250 -999.250 -999.250 -999.250 -999.250 -999.250 -999.250 -999.250 -999.250 -999.250 -999.250 -999.250 -999.250 -999.250 -999.250 -999.250 -999.250 -999.250 -999.250 -999.250 -999.250 -999.250 -999.250 -999.250
99.859 111.700 129.547 161.238 192.390 219.179 239.149 262.300 261.696 295.405 339.913 348.184 349.082 350.850 363.078 390.251 355.681 368.136 379.376 424.481 459.428 497.599 504.774 517.029 526.771 582.960 603.857 567.844 587.654 558.796 534.252 544.885 558.840 518.407 503.221 514.114 507.610 472.764 445.499 -999.250 -999.250 -999.250 -999.250 -999.250 -999.250 -999.250 -999.250 -999.250 -999.250 -999.250 -999.250 -999.250 -999.250 -999.250 -999.250 -999.250 -999.250 -999.250 -999.250 -999.250 -999.250 -999.250 -999.250 -999.250
101.018 115.688 135.065 164.161 161.818 197.482 221.329 230.049 266.703 269.580 319.374 308.246 337.886 345.107 361.190 371.763 376.145 410.154 389.347 427.133 420.442 421.002 467.202 484.314 466.433 458.269 489.986 497.594 513.776 505.920 492.274 487.288 469.294 461.792 464.119 467.783 441.341 419.842 -999.250 -999.250 -999.250 -999.250 -999.250 -999.250 -999.250 -999.250 -999.250 -999.250 -999.250 -999.250 -999.250 -999.250 -999.250 -999.250 -999.250 -999.250 -999.250 -999.250 -999.250 -999.250 -999.250 -999.250 -999.250 -999.250
102.903 103.511 129.744 138.630 157.088 175.000 210.313 221.898 237.101 264.394 294.712 283.399 317.603 335.227 362.931 392.340 406.054 416.636 434.259 430.311 418.180 417.525 431.789 437.053 407.874 409.170 418.526 408.293 433.368 431.349 436.549 427.731 414.237 399.537 398.832 380.888 386.342 404.877 -999.250 -999.250 -999.250 295.939 270.200 263.100 -999.250 -999.250 -999.250 -999.250 -999.250 -999.250 -999.250 -999.250 -999.250 -999.250 -999.250 -999.250 -999.250 -999.250 -999.250 -999.250 -999.250 -999.250 -999.250 -999.250
109.212 115.354 123.878 129.217 140.409 149.245 161.172 186.735 207.555 233.546 268.609 297.815 303.951 345.569 367.808 403.097 410.043 412.733 430.251 403.524 399.878 365.695 391.710 342.535 356.703 330.649 332.239 343.231 370.833 384.288 372.414 336.468 348.278 357.371 319.149 321.012 334.933 327.017 318.049 299.728 294.407 246.103 230.960 214.897 224.556 -999.250 -999.250 -999.250 -999.250 -999.250 -999.250 -999.250 -999.250 -999.250 -999.250 -999.250 -999.250 -999.250 -999.250 -999.250 -999.250 -999.250 -999.250 -999.250
125.019 125.881 126.524 131.259 134.275 139.109 141.276 170.207 203.848 217.247 237.505 252.606 272.995 317.004 341.266 379.765 403.497 400.278 390.155 381.823 350.177 344.277 342.553 324.498 305.489 290.127 263.617 259.515 296.430 298.951 297.029 307.602 308.888 298.236 292.433 272.292 280.791 274.925 283.103 266.614 245.998 224.755 200.810 165.100 187.288 203.194 -999.250 -999.250 -999.250 -999.250 -999.250 -999.250 -999.250 -999.250 -999.250 -999.250 -999.250 -999.250 -999.250 -999.250 -999.250 -999.250 -999.250 -999.250
129.962 128.683 123.738 122.508 136.704 147.671 159.829 172.566 188.358 199.533 203.680 235.101 251.177 292.414 316.321 334.361 372.277 359.856 352.389 340.353 335.926 341.899 304.293 278.913 246.908 237.837 221.945 205.826 223.712 236.315 262.125 252.881 267.441 279.981 248.535 241.178 240.103 238.057 222.466 225.794 226.660 214.285 193.212 181.168 175.646 183.379 -999.250 -999.250 -999.250 -999.250 -999.250 -999.250 -999.250 -999.250 -999.250 -999.250 -999.250 -999.250 -999.250 -999.250 -999.250 -999.250 -999.250 -999.250
126.512 132.069 128.996 130.449 132.033 146.429 154.312 157.893 166.680 175.544 188.103 209.035 234.222 254.173 274.542 301.401 305.686 295.747 293.882 290.841 314.693 312.512 258.660 247.759 223.854 198.415 177.723 134.454 175.412 209.581 205.770 222.678 230.399 232.138 235.869 228.270 222.874 221.401 212.060 203.642 206.802 196.171 191.674 180.834 165.025 171.090 -999.250 -999.250 -999.250 -999.250 -999.250 -999.250 -999.250 -999.250 -999.250 -999.250 -999.250 -999.250 -999.250 -999.250 -999.250 -999.250 -999.250 -999.250
144.268 142.723 136.274 128.471 141.731 135.602 136.616 143.807 148.230 173.001 186.771 186.920 192.105 221.534 236.116 243.210 253.347 258.760 263.940 255.188 249.086 257.145 226.801 206.817 190.907 180.514 142.298 138.586 139.290 176.438 180.626 210.239 216.296 207.730 200.878 197.437 197.535 202.041 192.308 190.457 181.437 184.032 165.868 163.305 166.121 165.850 160.364 -999.250 -999.250 -999.250 -999.250 -999.250 -999.250 -999.250 -999.250 -999.250 -999.250 -999.250 -999.250 -999.250 -999.250 -999.250 -999.250 -999.250
