data/medianmodel_21-Feb-2021.asc
ncols	141
nrows	288
xllcorner	-120191.398
yllcorner	-301404.813
cellsize	2000.000
NODATA_value	-999.250
[rows 116 to 144 of 288, columns 65 to 129 of 141]
345.055 278.717 258.131 240.014 218.259 206.880 203.642 179.191 163.933 151.176 150.653 149.446 136.933 128.742 127.397 121.008 112.506 111.894 106.590 90.775 110.593 113.277 136.620 150.559 166.004 182.169 183.701 187.895 201.383 197.439 215.472 217.019 212.259 234.754 232.000 227.087 235.123 245.114 246.358 257.868 264.584 273.974 279.774 271.787 268.717 266.188 283.813 290.592 -999.250 -999.250 -999.250 -999.250 -999.250 -999.250 -999.250 -999.250 -999.250 -999.250 -999.250 -999.250 -999.250 -999.250 -999.250 -999.250 -999.250
332.162 281.734 247.332 221.770 207.904 198.231 185.971 173.038 153.603 137.774 137.549 135.416 131.293 123.369 119.138 119.452 111.138 102.273 95.545 87.203 87.537 106.276 120.876 131.081 144.295 153.173 154.998 168.993 183.757 178.179 186.057 191.126 191.051 196.460 197.364 193.596 198.823 219.680 219.876 226.923 231.618 248.377 258.824 252.165 266.789 256.076 260.547 257.808 -999.250 -999.250 -999.250 -999.250 -999.250 -999.250 -999.250 -999.250 -999.250 -999.250 -999.250 -999.250 -999.250 -999.250 -999.250 -999.250 -999.250
317.644 256.030 230.569 207.615 194.898 177.301 166.370 150.058 136.588 128.977 129.776 117.087 116.489 116.129 94.905 88.718 88.060 78.331 69.677 66.189 72.623 81.202 96.004 114.864 130.972 134.830 138.618 149.331 159.544 156.054 151.402 156.235 154.501 152.729 170.175 167.427 166.624 172.721 189.267 198.078 206.125 209.783 230.184 234.440 238.607 245.697 245.343 256.591 257.694 -999.250 -999.250 -999.250 -999.250 -999.250 -999.250 -999.250 -999.250 -999.250 -999.250 -999.250 -999.250 -999.250 -999.250 -999.250 -999.250
283.262 247.927 229.821 204.780 178.373 169.089 157.352 140.538 129.065 127.753 113.711 112.044 97.296 89.408 71.495 69.647 71.843 62.932 63.800 52.755 62.537 69.061 82.598 92.474 109.252 108.537 112.690 126.456 131.102 139.238 136.817 128.923 132.079 136.798 127.169 139.348 149.246 152.349 154.078 168.869 192.902 206.410 204.318 225.674 223.159 233.538 235.938 245.000 -999.250 -999.250 -999.250 -999.250 -999.250 -999.250 -999.250 -999.250 -999.250 -999.250 -999.250 -999.250 -999.250 -999.250 -999.250 -999.250 -999.250
247.366 233.923 214.346 187.800 173.481 151.089 144.860 136.404 119.000 116.391 101.844 86.572 82.344 73.207 64.898 61.566 59.757 52.495 52.756 48.535 50.595 59.846 68.797 82.948 94.209 99.118 105.683 110.047 118.051 122.659 121.202 115.286 111.748 101.496 107.654 120.952 129.532 134.878 129.759 150.403 152.033 175.474 198.499 198.842 220.505 220.838 226.530 227.340 -999.250 -999.250 -999.250 -999.250 -999.250 -999.250 -999.250 -999.250 -999.250 -999.250 -999.250 -999.250 -999.250 -999.250 -999.250 -999.250 -999.250
228.810 222.095 198.410 193.560 168.808 144.740 132.065 124.807 114.097 100.858 90.769 78.023 76.535 63.765 56.569 50.722 51.284 46.491 42.076 39.498 48.892 54.992 62.560 73.772 85.983 96.224 99.329 101.350 91.833 97.517 90.874 98.156 85.175 83.532 86.331 94.069 109.031 120.684 130.506 143.758 144.860 166.067 168.488 191.694 205.108 209.309 206.402 213.582 -999.250 -999.250 -999.250 -999.250 -999.250 -999.250 -999.250 -999.250 -999.250 -999.250 -999.250 -999.250 -999.250 -999.250 -999.250 -999.250 -999.250
212.990 212.446 191.455 179.506 155.990 139.916 127.431 113.820 98.588 87.587 71.051 65.175 64.834 56.060 52.163 44.572 39.158 40.574 38.700 35.650 40.575 54.831 60.536 72.051 78.888 84.565 82.957 89.025 80.827 74.729 82.737 72.053 76.507 77.407 73.471 80.095 92.081 107.194 120.663 139.423 146.055 144.042 151.469 175.302 192.287 194.164 198.891 197.706 -999.250 -999.250 -999.250 -999.250 -999.250 -999.250 -999.250 -999.250 -999.250 -999.250 -999.250 -999.250 -999.250 -999.250 -999.250 -999.250 -999.250
204.227 200.132 189.806 170.224 155.709 143.987 129.008 114.578 99.500 80.732 70.192 65.187 61.633 53.665 43.940 39.993 37.993 37.427 36.010 36.295 39.912 50.843 59.965 74.884 79.388 73.832 69.481 71.697 72.317 76.086 69.403 69.832 69.405 64.617 64.128 62.166 81.248 100.586 117.062 127.386 137.877 149.930 144.347 149.368 170.784 180.507 190.847 -999.250 -999.250 -999.250 -999.250 -999.250 -999.250 -999.250 -999.250 -999.250 -999.250 -999.250 -999.250 -999.250 -999.250 -999.250 -999.250 -999.250 -999.250
202.744 206.116 192.583 178.437 165.637 144.837 136.978 122.979 106.196 94.036 80.421 62.041 56.929 51.808 39.493 33.265 34.435 35.894 33.605 32.135 36.324 55.542 68.725 84.584 74.289 80.189 67.736 67.598 71.295 68.835 66.569 64.441 73.169 65.335 65.088 68.328 77.129 89.710 110.174 116.401 128.754 142.112 140.259 149.977 163.401 172.586 171.027 -999.250 -999.250 -999.250 -999.250 -999.250 -999.250 -999.250 -999.250 -999.250 -999.250 -999.250 -999.250 -999.250 -999.250 -999.250 -999.250 -999.250 -999.250
202.015 208.081 208.888 188.777 178.264 152.060 138.461 130.608 120.800 103.011 89.311 65.555 63.587 53.491 41.220 32.649 33.642 33.083 31.807 39.020 40.959 62.473 80.980 89.860 89.803 86.558 84.284 78.303 74.294 68.972 69.609 68.542 66.133 65.431 71.075 84.129 86.382 87.750 102.002 107.822 118.229 134.711 127.385 142.829 138.749 147.419 163.009 -999.250 -999.250 -999.250 -999.250 -999.250 -999.250 -999.250 -999.250 -999.250 -999.250 -999.250 -999.250 -999.250 -999.250 -999.250 -999.250 -999.250 -999.250
218.412 219.684 223.575 200.583 194.188 169.742 154.691 135.268 128.024 107.214 101.244 81.155 66.102 53.235 48.373 38.614 35.093 35.810 38.358 43.422 58.171 71.956 101.955 106.999 109.855 102.059 105.913 94.136 86.713 76.496 77.928 71.891 74.490 76.023 74.824 85.764 88.202 91.830 90.158 100.074 109.034 116.865 123.160 134.785 133.475 146.773 127.070 -999.250 -999.250 -999.250 -999.250 -999.250 -999.250 -999.250 -999.250 -999.250 -999.250 -999.250 -999.250 -999.250 -999.250 -999.250 -999.250 -999.250 -999.250
244.082 240.608 228.055 214.441 204.544 183.273 161.308 146.373 140.245 129.631 112.957 83.094 70.385 65.921 52.627 41.707 45.103 44.217 49.612 56.975 70.555 96.325 121.814 128.148 125.492 120.123 123.366 111.253 103.750 93.357 82.596 83.379 80.896 75.214 76.913 89.366 88.680 88.679 82.182 94.496 96.253 101.640 119.963 118.727 123.926 127.043 -999.250 -999.250 -999.250 -999.250 -999.250 -999.250 -999.250 -999.250 -999.250 -999.250 -999.250 -999.250 -999.250 -999.250 -999.250 -999.250 -999.250 -999.250 -999.250
261.104 248.974 239.850 224.872 207.797 200.131 172.102 157.874 143.959 128.122 117.627 100.876 75.066 68.108 57.413 50.558 56.998 48.923 53.962 64.332 81.837 111.521 134.256 148.114 142.481 134.192 128.192 116.478 109.156 98.913 100.194 86.200 82.389 73.534 80.601 80.584 77.472 90.708 83.098 91.445 84.494 99.630 111.994 112.532 118.101 -999.250 -999.250 -999.250 -999.250 -999.250 -999.250 -999.250 -999.250 -999.250 -999.250 -999.250 -999.250 -999.250 -999.250 -999.250 -999.250 -999.250 -999.250 -999.250 -999.250
264.430 252.946 247.603 235.449 230.668 209.726 193.017 164.862 154.489 140.266 128.456 97.992 81.322 68.480 60.533 56.675 54.898 50.603 60.530 70.910 100.463 122.170 135.398 141.924 141.753 138.855 128.990 125.556 118.636 108.587 109.544 90.419 83.605 77.374 86.954 82.763 84.585 80.454 88.866 91.185 84.068 74.599 92.464 101.354 -999.250 -999.250 -999.250 -999.250 -999.250 -999.250 -999.250 -999.250 -999.250 -999.250 -999.250 -999.250 -999.250 -999.250 -999.250 -999.250 -999.250 -999.250 -999.250 -999.250 -999.250
258.549 254.967 250.697 244.585 233.303 227.634 200.498 181.495 162.787 139.407 127.380 113.706 79.846 69.452 61.890 57.980 57.261 63.233 70.477 91.938 107.671 127.232 136.552 132.533 132.424 132.393 124.751 114.799 116.062 113.200 100.817 89.038 88.764 91.625 95.571 86.041 90.129 96.355 82.853 77.514 86.837 82.927 91.108 93.194 -999.250 -999.250 -999.250 -999.250 -999.250 -999.250 -999.250 -999.250 -999.250 -999.250 -999.250 -999.250 -999.250 -999.250 -999.250 -999.250 -999.250 -999.250 -999.250 -999.250 -999.250
268.859 261.239 255.110 254.863 236.012 219.196 197.952 178.169 166.092 145.328 126.043 103.084 90.775 75.635 66.017 61.140 59.380 61.923 80.495 92.156 103.098 122.977 134.398 133.883 127.174 127.492 119.679 121.814 120.303 110.463 107.198 94.769 94.416 92.269 93.232 91.999 91.375 90.790 86.613 83.239 77.556 99.735 98.544 109.951 -999.250 -999.250 -999.250 -999.250 -999.250 -999.250 -999.250 -999.250 -999.250 -999.250 -999.250 -999.250 -999.250 -999.250 -999.250 -999.250 -999.250 -999.250 -999.250 -999.250 -999.250
252.267 259.956 256.382 252.294 247.789 224.238 204.002 182.892 160.011 136.200 126.146 104.254 87.090 73.839 61.380 60.339 58.429 66.548 77.903 93.639 105.101 124.122 128.625 119.671 125.730 115.244 118.741 123.559 113.382 101.075 93.937 100.614 97.448 104.888 97.594 106.508 94.589 94.248 85.468 100.075 94.874 101.342 111.398 106.382 -999.250 -999.250 -999.250 -999.250 -999.250 -999.250 -999.250 -999.250 -999.250 -999.250 -999.250 -999.250 -999.250 -999.250 -999.250 -999.250 -999.250 -999.250 -999.250 -999.250 -999.250
248.889 253.883 259.447 252.409 246.643 223.391 205.932 188.402 158.029 135.699 119.908 103.372 82.444 65.073 62.586 60.135 62.424 73.409 78.347 91.123 103.927 121.977 123.019 110.269 116.328 111.729 111.193 115.873 106.448 107.912 109.760 108.532 104.670 100.726 96.422 104.559 104.160 104.880 107.067 107.056 110.503 102.683 105.677 -999.250 -999.250 -999.250 -999.250 -999.250 -999.250 -999.250 -999.250 -999.250 -999.250 -999.250 -999.250 -999.250 -999.250 -999.250 -999.250 -999.250 -999.250 -999.250 -999.250 -999.250 -999.250
232.722 236.092 238.210 243.882 230.187 212.230 199.147 174.879 153.549 129.755 119.406 106.787 84.250 64.151 62.102 60.717 72.069 77.076 86.328 99.735 116.110 111.885 114.562 117.595 118.958 117.954 118.481 107.064 116.202 115.624 116.672 110.997 104.338 100.201 92.189 94.360 94.270 97.772 120.014 110.280 112.152 115.482 108.408 -999.250 -999.250 -999.250 -999.250 -999.250 -999.250 -999.250 -999.250 -999.250 -999.250 -999.250 -999.250 -999.250 -999.250 -999.250 -999.250 -999.250 -999.250 -999.250 -999.250 -999.250 -999.250
207.119 209.579 220.610 220.671 207.171 196.026 187.323 176.843 148.005 125.733 121.615 102.971 86.515 65.444 61.437 64.467 78.670 78.734 98.775 97.960 109.642 113.894 116.470 119.186 117.802 120.349 113.178 116.618 108.557 105.377 111.558 112.240 112.177 106.240 93.905 89.327 109.790 114.000 113.799 117.229 117.938 127.107 120.537 -999.250 -999.250 -999.250 -999.250 -999.250 -999.250 -999.250 -999.250 -999.250 -999.250 -999.250 -999.250 -999.250 -999.250 -999.250 -999.250 -999.250 -999.250 -999.250 -999.250 -999.250 -999.250
186.625 182.784 198.603 195.513 192.187 183.097 178.200 153.479 136.679 124.057 116.731 97.309 81.860 76.716 63.613 67.571 77.773 88.118 100.218 98.696 109.091 114.585 115.676 121.966 113.419 123.132 115.743 121.396 107.312 106.526 103.022 111.696 104.769 94.749 99.066 98.272 97.338 121.620 123.092 126.832 130.306 133.507 136.648 -999.250 -999.250 -999.250 -999.250 -999.250 -999.250 -999.250 -999.250 -999.250 -999.250 -999.250 -999.250 -999.250 -999.250 -999.250 -999.250 -999.250 -999.250 -999.250 -999.250 -999.250 -999.250
161.899 162.011 170.714 179.311 171.886 165.464 165.928 140.245 137.246 124.326 119.725 103.410 94.329 88.734 83.011 81.529 92.779 102.874 113.421 108.642 121.607 123.115 120.957 119.576 118.931 114.324 110.110 117.107 120.566 96.919 96.272 94.731 109.045 117.431 93.882 106.553 109.755 122.786 125.146 125.861 125.294 135.128 -999.250 -999.250 -999.250 -999.250 -999.250 -999.250 -999.250 -999.250 -999.250 -999.250 -999.250 -999.250 -999.250 -999.250 -999.250 -999.250 -999.250 -999.250 -999.250 -999.250 -999.250 -999.250 -999.250
144.252 145.022 156.620 152.856 149.802 153.752 149.584 139.376 132.160 128.102 122.721 111.141 101.514 102.976 95.534 105.250 106.140 112.027 115.326 119.992 126.263 -999.250 -999.250 -999.250 -999.250 115.219 105.930 108.911 112.209 102.330 -999.250 -999.250 -999.250 -999.250 -999.250 -999.250 -999.250 -999.250 -999.250 -999.250 -999.250 -999.250 -999.250 -999.250 -999.250 -999.250 -999.250 -999.250 -999.250 -999.250 -999.250 -999.250 -999.250 -999.250 -999.250 -999.250 -999.250 -999.250 -999.250 -999.250 -999.250 -999.250 -999.250 -999.250 -999.250
124.599 137.053 138.816 142.123 140.815 146.456 139.070 135.031 133.644 131.112 120.852 116.249 119.532 120.390 114.847 122.811 117.755 113.931 115.780 126.274 119.480 -999.250 -999.250 -999.250 -999.250 -999.250 -999.250 -999.250 -999.250 -999.250 -999.250 -999.250 -999.250 -999.250 -999.250 -999.250 -999.250 -999.250 -999.250 -999.250 -999.250 -999.250 -999.250 -999.250 -999.250 -999.250 -999.250 -999.250 -999.250 -999.250 -999.250 -999.250 -999.250 -999.250 -999.250 -999.250 -999.250 -999.250 -999.250 -999.250 -999.250 -999.250 -999.250 -999.250 -999.250
111.976 122.196 134.493 140.613 142.563 144.582 139.298 138.831 143.451 136.411 136.823 139.009 136.847 131.080 130.663 128.108 119.852 114.537 120.700 124.839 118.398 -999.250 -999.250 -999.250 -999.250 -999.250 -999.250 -999.250 -999.250 -999.250 -999.250 -999.250 -999.250 -999.250 -999.250 -999.250 -999.250 -999.250 -999.250 -999.250 -999.250 -999.250 -999.250 -999.250 -999.250 -999.250 -999.250 -999.250 -999.250 -999.250 -999.250 -999.250 -999.250 -999.250 -999.250 -999.250 -999.250 -999.250 -999.250 -999.250 -999.250 -999.250 -999.250 -999.250 -999.250
97.173 116.508 130.072 141.081 154.161 153.170 155.594 161.114 153.416 152.589 149.768 153.244 157.300 144.344 139.652 133.118 128.479 117.326 116.961 123.721 120.914 126.990 -999.250 -999.250 -999.250 -999.250 -999.250 -999.250 -999.250 -999.250 -999.250 -999.250 -999.250 -999.250 -999.250 -999.250 -999.250 -999.250 -999.250 -999.250 -999.250 -999.250 -999.250 -999.250 -999.250 -999.250 -999.250 -999.250 -999.250 -999.250 -999.250 -999.250 -999.250 -999.250 -999.250 -999.250 -999.250 -999.250 -999.250 -999.250 -999.250 -999.250 -999.250 -999.250 -999.250
88.593 113.320 130.887 151.048 155.072 162.921 175.925 176.213 183.419 178.113 167.449 164.943 165.157 152.081 142.614 139.763 134.295 122.917 126.305 127.151 123.416 126.788 126.008 -999.250 -999.250 -999.250 -999.250 -999.250 -999.250 -999.250 -999.250 -999.250 -999.250 -999.250 -999.250 -999.250 -999.250 -999.250 -999.250 -999.250 -999.250 -999.250 -999.250 -999.250 -999.250 -999.250 -999.250 -999.250 -999.250 -999.250 -999.250 -999.250 -999.250 -999.250 -999.250 -999.250 -999.250 -999.250 -999.250 -999.250 -999.250 -999.250 -999.250 -999.250 -999.250
106.210 133.981 150.704 170.853 181.565 185.804 188.640 195.154 189.173 195.393 183.096 185.896 176.627 161.322 151.503 137.669 133.748 128.333 131.321 134.072 137.491 136.503 137.385 136.845 -999.250 -999.250 -999.250 -999.250 -999.250 -999.250 -999.250 -999.250 -999.250 -999.250 -999.250 -999.250 -999.250 -999.250 -999.250 -999.250 -999.250 -999.250 -999.250 -999.250 -999.250 -999.250 -999.250 -999.250 -999.250 -999.250 -999.250 -999.250 -999.250 -999.250 -999.250 -999.250 -999.250 -999.250 -999.250 -999.250 -999.250 -999.250 -999.250 -999.250 -999.250
126.975 154.948 181.756 196.076 211.253 219.130 227.310 225.110 208.495 210.298 204.221 193.164 183.287 164.616 149.362 147.905 139.606 140.302 140.404 140.359 148.429 144.876 147.239 153.993 -999.250 -999.250 -999.250 -999.250 -999.250 -999.250 -999.250 -999.250 -999.250 -999.250 -999.250 -999.250 -999.250 -999.250 -999.250 -999.250 -999.250 -999.250 -999.250 -999.250 -999.250 -999.250 -999.250 -999.250 -999.250 -999.250 -999.250 -999.250 -999.250 -999.250 -999.250 -999.250 -999.250 -999.250 -999.250 -999.250 -999.250 -999.250 -999.250 -999.250 -999.250
