data/medianmodel_02-Feb-2021.asc
ncols	141
nrows	288
xllcorner	-120191.398
yllcorner	-301404.813
cellsize	2000.000
NODATA_value	-999.250
[rows 140 to 167 of 288, columns 63 to 125 of 141]
1144.303 1028.190 933.778 884.592 855.150 841.411 804.861 784.863 741.616 710.534 712.299 744.947 755.226 789.625 807.942 868.136 940.905 1119.750 1344.757 1483.797 1785.917 2070.444 2212.318 -999.250 -999.250 -999.250 -999.250 -999.250 -999.250 -999.250 -999.250 -999.250 -999.250 -999.250 -999.250 -999.250 -999.250 -999.250 -999.250 -999.250 -999.250 -999.250 -999.250 -999.250 -999.250 -999.250 -999.250 -999.250 -999.250 -999.250 -999.250 -999.250 -999.250 -999.250 -999.250 -999.250 -999.250 -999.250 -999.250 -999.250 -999.250 -999.250 -999.250
1066.655 949.700 926.130 918.378 874.031 861.093 834.221 805.437 767.715 763.080 753.202 756.494 739.895 750.351 791.793 831.599 894.532 1058.418 1279.844 1529.053 1868.770 2116.735 2383.997 2576.420 -999.250 -999.250 -999.250 -999.250 -999.250 -999.250 -999.250 -999.250 -999.250 -999.250 -999.250 -999.250 -999.250 -999.250 -999.250 -999.250 -999.250 -999.250 -999.250 -999.250 -999.250 -999.250 -999.250 -999.250 -999.250 -999.250 -999.250 -999.250 -999.250 -999.250 -999.250 -999.250 -999.250 -999.250 -999.250 -999.250 -999.250 -999.250 -999.250
1036.024 877.613 912.185 925.506 927.607 889.118 865.321 839.299 823.285 821.587 805.282 780.305 762.266 770.305 740.172 790.210 837.509 996.703 1170.693 1538.381 1931.840 2256.257 2551.070 2818.924 3244.337 -999.250 -999.250 -999.250 -999.250 -999.250 -999.250 -999.250 -999.250 -999.250 -999.250 -999.250 -999.250 -999.250 -999.250 -999.250 -999.250 -999.250 -999.250 -999.250 -999.250 -999.250 -999.250 -999.250 -999.250 -999.250 -999.250 -999.250 -999.250 -999.250 -999.250 -999.250 -999.250 -999.250 -999.250 -999.250 -999.250 -999.250 -999.250
1019.385 978.417 958.114 1009.774 970.763 925.169 947.327 892.618 895.135 866.000 815.408 809.918 741.773 711.153 755.929 742.382 784.198 861.620 1053.074 1445.794 1954.838 2367.026 2771.840 3378.751 3751.929 4177.393 -999.250 -999.250 -999.250 -999.250 -999.250 -999.250 -999.250 -999.250 -999.250 -999.250 -999.250 -999.250 -999.250 -999.250 -999.250 -999.250 -999.250 -999.250 -999.250 -999.250 -999.250 -999.250 -999.250 -999.250 -999.250 -999.250 -999.250 -999.250 -999.250 -999.250 -999.250 -999.250 -999.250 -999.250 -999.250 -999.250 -999.250
1065.598 1057.337 1050.476 1038.784 1088.111 1066.226 1013.887 1001.940 973.662 885.373 864.221 826.185 787.560 769.054 708.758 718.049 714.667 760.080 909.740 1408.621 2009.389 2493.781 2957.307 3727.333 4229.878 4436.084 -999.250 -999.250 -999.250 -999.250 -999.250 -999.250 -999.250 -999.250 -999.250 -999.250 -999.250 -999.250 -999.250 -999.250 -999.250 -999.250 -999.250 -999.250 -999.250 -999.250 -999.250 -999.250 -999.250 -999.250 -999.250 -999.250 -999.250 -999.250 -999.250 -999.250 -999.250 -999.250 -999.250 -999.250 -999.250 -999.250 -999.250
1090.547 1132.177 1159.919 1167.250 1175.224 1137.365 1123.890 1080.887 1056.118 942.087 889.054 883.353 798.528 772.419 750.101 697.719 727.262 714.526 676.456 1389.659 2087.997 2682.055 3376.311 4218.591 4553.740 4994.184 5202.283 5171.265 -999.250 -999.250 -999.250 -999.250 -999.250 -999.250 -999.250 -999.250 -999.250 -999.250 -999.250 -999.250 -999.250 -999.250 -999.250 -999.250 -999.250 -999.250 -999.250 -999.250 -999.250 -999.250 -999.250 -999.250 -999.250 -999.250 -999.250 -999.250 -999.250 -999.250 -999.250 -999.250 -999.250 -999.250 -999.250
1149.417 1191.279 1237.959 1300.918 1296.090 1293.032 1298.661 1236.294 1098.439 1013.190 940.109 876.089 806.710 800.210 786.640 805.037 839.994 873.467 1062.326 1536.501 2216.672 2851.046 3761.104 4498.706 4933.041 5577.766 5830.227 5877.138 5677.783 -999.250 -999.250 -999.250 -999.250 -999.250 -999.250 -999.250 -999.250 -999.250 -999.250 -999.250 -999.250 -999.250 -999.250 -999.250 -999.250 -999.250 -999.250 -999.250 -999.250 -999.250 -999.250 -999.250 -999.250 -999.250 -999.250 -999.250 -999.250 -999.250 -999.250 -999.250 -999.250 -999.250 -999.250
1186.243 1240.162 1279.374 1315.309 1376.593 1412.752 1425.924 1324.179 1185.524 1095.780 1001.405 917.014 893.529 843.254 844.916 856.479 951.821 1097.730 1402.851 1773.506 2344.000 3074.752 3577.372 4574.788 5262.414 5935.473 6206.166 6438.022 5908.263 -999.250 -999.250 -999.250 -999.250 -999.250 -999.250 -999.250 -999.250 -999.250 -999.250 -999.250 -999.250 -999.250 -999.250 -999.250 -999.250 -999.250 -999.250 -999.250 -999.250 -999.250 -999.250 -999.250 -999.250 -999.250 -999.250 -999.250 -999.250 -999.250 -999.250 -999.250 -999.250 -999.250 -999.250
1280.514 1326.937 1394.776 1411.148 1503.301 1500.321 1562.979 1423.835 1309.198 1175.100 1096.351 1014.667 974.499 895.363 899.240 975.505 1131.981 1387.756 1597.412 2069.953 2423.138 3062.190 3885.679 4325.933 5049.099 5710.447 6221.873 6714.628 5965.728 4995.106 4370.531 3578.026 -999.250 -999.250 -999.250 -999.250 -999.250 -999.250 -999.250 -999.250 -999.250 -999.250 -999.250 -999.250 -999.250 -999.250 -999.250 -999.250 -999.250 -999.250 -999.250 -999.250 -999.250 -999.250 -999.250 -999.250 -999.250 -999.250 -999.250 -999.250 -999.250 -999.250 -999.250
1262.200 1361.236 1455.056 1476.376 1479.202 1475.759 1475.099 1434.973 1331.912 1277.607 1187.314 1081.721 1008.498 993.171 1018.806 1085.794 1251.122 1483.715 1774.907 2126.406 2456.735 3081.043 3627.610 4233.441 4699.218 5361.957 5396.086 5711.378 4897.564 4294.311 3826.887 3082.937 2762.192 -999.250 -999.250 -999.250 -999.250 -999.250 -999.250 -999.250 -999.250 -999.250 -999.250 -999.250 -999.250 -999.250 -999.250 -999.250 -999.250 -999.250 -999.250 -999.250 -999.250 -999.250 -999.250 -999.250 -999.250 -999.250 -999.250 -999.250 -999.250 -999.250 -999.250
1343.776 1419.355 1462.861 1476.192 1524.092 1491.321 1481.364 1473.237 1366.238 1342.575 1248.865 1078.234 1092.953 1031.221 1033.899 1146.306 1249.231 1471.283 1739.983 2132.268 2433.609 2774.446 3316.567 3671.566 4301.882 4753.804 4674.738 4581.216 4305.479 3496.600 3032.140 2733.745 -999.250 -999.250 -999.250 -999.250 -999.250 -999.250 -999.250 -999.250 -999.250 -999.250 -999.250 -999.250 -999.250 -999.250 -999.250 -999.250 -999.250 -999.250 -999.250 -999.250 -999.250 -999.250 -999.250 -999.250 -999.250 -999.250 -999.250 -999.250 -999.250 -999.250 -999.250
1371.508 1414.000 1448.852 1497.976 1484.246 1485.171 1465.129 1393.882 1397.842 1325.954 1249.309 1132.149 1085.540 1084.225 1111.430 1184.515 1288.587 1457.154 1708.407 2029.366 2267.397 2628.884 3098.072 3296.613 3812.068 3886.574 3760.225 3690.137 3490.995 2935.798 2479.921 2414.313 -999.250 -999.250 -999.250 -999.250 -999.250 -999.250 -999.250 -999.250 -999.250 -999.250 -999.250 -999.250 -999.250 -999.250 -999.250 -999.250 -999.250 -999.250 -999.250 -999.250 -999.250 -999.250 -999.250 -999.250 -999.250 -999.250 -999.250 -999.250 -999.250 -999.250 -999.250
1400.402 1440.514 1491.418 1564.896 1514.438 1465.562 1456.327 1420.632 1362.904 1328.175 1213.482 1179.567 1159.414 1042.169 1113.244 1125.806 1250.863 1462.775 1568.920 1888.556 2156.253 2391.561 2588.152 2821.533 3113.699 3065.290 3065.872 2931.374 2557.623 2348.381 2178.740 2027.375 -999.250 -999.250 -999.250 -999.250 -999.250 -999.250 -999.250 -999.250 -999.250 -999.250 -999.250 -999.250 -999.250 -999.250 -999.250 -999.250 -999.250 -999.250 -999.250 -999.250 -999.250 -999.250 -999.250 -999.250 -999.250 -999.250 -999.250 -999.250 -999.250 -999.250 -999.250
1440.359 1470.209 1533.333 1493.278 1542.738 1514.908 1437.091 1407.568 1399.924 1353.641 1209.107 1157.600 1140.857 1076.840 1091.310 1106.523 1235.948 1338.108 1497.422 1683.597 1927.064 2143.364 2324.778 2483.886 2502.607 2564.229 2441.741 2270.584 2062.392 1821.702 1688.757 1676.131 -999.250 -999.250 -999.250 -999.250 -999.250 -999.250 -999.250 -999.250 -999.250 -999.250 -999.250 -999.250 -999.250 -999.250 -999.250 -999.250 -999.250 -999.250 -999.250 -999.250 -999.250 -999.250 -999.250 -999.250 -999.250 -999.250 -999.250 -999.250 -999.250 -999.250 -999.250
1468.803 1516.282 1526.828 1489.353 1531.434 1507.406 1466.965 1429.257 1352.705 1286.175 1180.692 1196.224 1102.738 1060.705 1059.909 1035.705 1098.201 1238.629 1380.440 1452.661 1611.385 1802.212 1951.971 2063.659 2078.949 2090.227 2063.350 1842.913 1618.403 1297.837 1384.304 1404.487 -999.250 -999.250 -999.250 -999.250 -999.250 -999.250 -999.250 -999.250 -999.250 -999.250 -999.250 -999.250 -999.250 -999.250 -999.250 -999.250 -999.250 -999.250 -999.250 -999.250 -999.250 -999.250 -999.250 -999.250 -999.250 -999.250 -999.250 -999.250 -999.250 -999.250 -999.250
1513.438 1572.142 1513.712 1504.618 1476.940 1505.057 1484.847 1437.580 1368.486 1259.669 1192.586 1229.457 1133.992 1062.172 1050.163 991.315 1044.550 1106.738 1124.867 1252.611 1368.807 1455.563 1509.347 1692.828 1682.801 1778.808 1643.432 1490.146 1317.698 1167.219 1096.104 1151.974 -999.250 -999.250 -999.250 -999.250 -999.250 -999.250 -999.250 -999.250 -999.250 -999.250 -999.250 -999.250 -999.250 -999.250 -999.250 -999.250 -999.250 -999.250 -999.250 -999.250 -999.250 -999.250 -999.250 -999.250 -999.250 -999.250 -999.250 -999.250 -999.250 -999.250 -999.250
1550.853 1599.434 1569.744 1609.825 1572.907 1498.152 1482.418 1433.510 1384.511 1275.677 1216.376 1159.867 1068.635 996.022 992.068 923.140 924.860 930.671 992.461 1013.983 1030.417 1109.352 1199.149 1351.187 1407.508 1428.717 1341.011 1229.958 1102.000 1034.649 986.597 1064.296 1100.748 -999.250 -999.250 -999.250 -999.250 -999.250 -999.250 -999.250 -999.250 -999.250 -999.250 -999.250 -999.250 -999.250 -999.250 -999.250 -999.250 -999.250 -999.250 -999.250 -999.250 -999.250 -999.250 -999.250 -999.250 -999.250 -999.250 -999.250 -999.250 -999.250 -999.250
1619.442 1641.018 1630.378 1697.707 1634.636 1621.495 1552.949 1440.993 1339.833 1270.497 1171.753 1124.201 1097.493 1008.594 916.573 860.957 872.447 834.402 838.377 785.199 750.179 836.201 940.603 1043.983 1119.284 1136.719 1066.204 996.967 968.199 970.103 960.263 986.208 1008.684 1068.391 -999.250 -999.250 -999.250 -999.250 -999.250 -999.250 -999.250 -999.250 -999.250 -999.250 -999.250 -999.250 -999.250 -999.250 -999.250 -999.250 -999.250 -999.250 -999.250 -999.250 -999.250 -999.250 -999.250 -999.250 -999.250 -999.250 -999.250 -999.250 -999.250
1661.346 1742.866 1752.006 1733.270 1688.822 1617.858 1557.336 1468.710 1387.246 1253.160 1180.916 1084.455 1021.876 977.298 898.097 893.945 844.552 763.292 674.284 547.992 447.427 638.943 779.657 883.037 920.528 954.521 893.430 843.406 865.780 900.146 895.160 963.127 969.010 1039.231 1086.541 -999.250 -999.250 -999.250 -999.250 -999.250 -999.250 -999.250 -999.250 -999.250 -999.250 -999.250 -999.250 -999.250 -999.250 -999.250 -999.250 -999.250 -999.250 -999.250 -999.250 -999.250 -999.250 -999.250 -999.250 -999.250 -999.250 -999.250 -999.250
1726.177 1798.314 1791.619 1810.587 1747.709 1672.050 1524.235 1434.681 1376.686 1259.640 1208.422 1088.964 1037.436 985.545 888.360 838.233 796.175 691.265 621.661 522.907 491.484 571.518 667.361 780.610 829.325 844.686 830.070 826.816 852.148 862.981 894.126 902.678 962.677 1020.258 1130.607 -999.250 -999.250 -999.250 -999.250 -999.250 -999.250 -999.250 -999.250 -999.250 -999.250 -999.250 -999.250 -999.250 -999.250 -999.250 -999.250 -999.250 -999.250 -999.250 -999.250 -999.250 -999.250 -999.250 -999.250 -999.250 -999.250 -999.250 -999.250
1712.623 1845.514 1887.422 1767.802 1693.756 1579.589 1517.379 1499.214 1342.710 1309.714 1234.793 1154.226 1054.142 999.905 902.467 874.737 784.599 680.856 580.211 544.466 566.093 604.136 641.742 694.046 787.445 817.728 822.456 819.287 840.074 864.006 911.835 955.202 982.081 1025.012 1084.651 -999.250 -999.250 -999.250 -999.250 -999.250 -999.250 -999.250 -999.250 -999.250 -999.250 -999.250 -999.250 -999.250 -999.250 -999.250 -999.250 -999.250 -999.250 -999.250 -999.250 -999.250 -999.250 -999.250 -999.250 -999.250 -999.250 -999.250 -999.250
1713.146 1719.800 1740.381 1742.018 1647.389 1596.478 1512.044 1464.737 1360.961 1256.394 1214.223 1187.492 1102.060 1044.830 982.007 892.161 818.648 741.917 638.650 606.767 606.526 661.058 708.425 763.330 790.279 795.831 831.801 836.009 869.298 873.996 908.874 975.305 1005.921 1005.893 1055.641 -999.250 -999.250 -999.250 -999.250 -999.250 -999.250 -999.250 -999.250 -999.250 -999.250 -999.250 -999.250 -999.250 -999.250 -999.250 -999.250 -999.250 -999.250 -999.250 -999.250 -999.250 -999.250 -999.250 -999.250 -999.250 -999.250 -999.250 -999.250
1580.873 1595.452 1540.727 1550.997 1513.958 1468.155 1420.735 1414.723 1317.446 1289.680 1224.026 1240.238 1158.409 1154.023 1082.178 981.955 866.856 795.955 687.016 700.207 733.361 817.201 815.523 826.159 843.427 841.554 874.460 891.582 885.762 897.650 952.027 998.709 1033.729 1081.464 1094.133 -999.250 -999.250 -999.250 -999.250 -999.250 -999.250 -999.250 -999.250 -999.250 -999.250 -999.250 -999.250 -999.250 -999.250 -999.250 -999.250 -999.250 -999.250 -999.250 -999.250 -999.250 -999.250 -999.250 -999.250 -999.250 -999.250 -999.250 -999.250
1501.114 1505.927 1500.310 1452.081 1413.341 1399.070 1366.597 1331.638 1296.198 1243.263 1248.838 1241.526 1235.401 1230.303 1174.158 1120.945 1045.680 949.366 758.294 868.272 899.441 947.590 910.443 886.365 904.623 882.927 950.206 898.768 926.650 980.790 1002.711 1034.218 1115.811 1167.021 1145.035 1184.350 -999.250 -999.250 -999.250 -999.250 -999.250 -999.250 -999.250 -999.250 -999.250 -999.250 -999.250 -999.250 -999.250 -999.250 -999.250 -999.250 -999.250 -999.250 -999.250 -999.250 -999.250 -999.250 -999.250 -999.250 -999.250 -999.250 -999.250
1387.943 1415.026 1324.191 1326.328 1284.063 1288.843 1278.420 1210.650 1235.551 1167.967 1240.188 1364.383 1303.961 1317.047 1362.462 1320.545 1343.940 1244.286 1167.393 1192.591 1178.297 1159.857 1091.637 1030.901 1027.323 994.693 1003.545 1018.379 987.079 1011.423 991.797 1122.643 1151.400 1200.229 1204.638 1332.640 1369.476 -999.250 -999.250 -999.250 -999.250 -999.250 -999.250 -999.250 -999.250 -999.250 -999.250 -999.250 -999.250 -999.250 -999.250 -999.250 -999.250 -999.250 -999.250 -999.250 -999.250 -999.250 -999.250 -999.250 -999.250 -999.250 -999.250
1292.365 1302.379 1243.306 1188.813 1153.467 1112.793 1167.167 1166.715 1109.316 1155.862 1285.472 1334.766 1413.212 1440.176 1524.281 1586.318 1629.012 1617.047 1614.126 1547.437 1454.451 1399.590 1330.583 1219.980 1157.918 1155.364 1073.730 1036.880 993.982 1020.222 1031.436 1076.405 1167.147 1185.115 1299.745 1415.312 1461.033 1481.624 1502.845 1558.954 -999.250 -999.250 -999.250 -999.250 -999.250 -999.250 -999.250 -999.250 -999.250 -999.250 -999.250 -999.250 -999.250 -999.250 -999.250 -999.250 -999.250 -999.250 -999.250 -999.250 -999.250 -999.250 -999.250
1193.435 1137.600 1096.285 1078.145 994.665 992.052 968.800 1045.455 1062.004 1182.301 1331.872 1397.366 1457.432 1625.459 1800.085 1946.757 2002.121 2073.836 2090.734 1937.256 1807.355 1717.279 1546.896 1437.277 1354.228 1253.312 1179.277 1076.103 1004.038 1037.026 1081.453 1099.693 1146.568 1245.065 1345.838 1465.626 1508.212 1547.990 1592.183 1590.935 -999.250 -999.250 -999.250 -999.250 -999.250 -999.250 -999.250 -999.250 -999.250 -999.250 -999.250 -999.250 -999.250 -999.250 -999.250 -999.250 -999.250 -999.250 -999.250 -999.250 -999.250 -999.250 -999.250
1027.831 992.333 961.541 946.648 892.566 907.078 890.261 914.615 976.711 1108.505 1224.149 1419.613 1585.283 1723.926 1952.619 2156.463 2292.642 2384.896 2389.143 2272.039 2126.281 2026.355 1785.731 1591.364 1464.429 1340.576 1219.191 1110.388 1055.077 1007.139 1096.688 1115.527 1228.213 1300.675 1325.210 1478.838 1552.626 1556.562 1684.594 -999.250 -999.250 -999.250 -999.250 -999.250 -999.250 -999.250 -999.250 -999.250 -999.250 -999.250 -999.250 -999.250 -999.250 -999.250 -999.250 -999.250 -999.250 -999.250 -999.250 -999.250 -999.250 -999.250 -999.250
