data/medianmodel_08-Sep-2020.asc
ncols	141
nrows	288
xllcorner	-120191.398
yllcorner	-301404.813
cellsize	2000.000
NODATA_value	-999.250
[rows 93 to 123 of 288, columns 0 to 68 of 141]
-999.250 -999.250 -999.250 -999.250 -999.250 -999.250 -999.250 -999.250 -999.250 -999.250 -999.250 -999.250 -999.250 -999.250 -999.250 -999.250 -999.250 -999.250 -999.250 -999.250 -999.250 -999.250 -999.250 -999.250 -999.250 -999.250 -999.250 -999.250 -999.250 -999.250 -999.250 1.439 0.000 0.125 1.513 2.099 3.731 6.187 7.029 9.435 11.056 13.047 14.526 13.866 14.757 18.573 25.680 20.647 18.124 16.008 14.579 13.696 12.501 12.728 12.372 13.757 16.163 19.450 21.369 24.206 20.081 18.920 16.314 10.626 6.588 5.905 2.011 1.862 5.384
-999.250 -999.250 -999.250 -999.250 -999.250 -999.250 -999.250 -999.250 -999.250 -999.250 -999.250 -999.250 -999.250 -999.250 -999.250 -999.250 -999.250 -999.250 -999.250 -999.250 -999.250 -999.250 -999.250 -999.250 -999.250 -999.250 -999.250 -999.250 -999.250 -999.250 -999.250 0.136 1.059 2.810 3.450 6.182 9.167 10.507 13.466 13.795 16.123 17.330 16.627 15.659 14.376 15.898 16.639 14.088 13.659 12.952 11.504 11.398 10.932 12.697 13.579 14.046 17.412 20.773 28.274 31.457 28.787 24.161 17.679 10.963 6.596 2.817 0.000 0.000 0.394
-999.250 -999.250 -999.250 -999.250 -999.250 -999.250 -999.250 -999.250 -999.250 -999.250 -999.250 -999.250 -999.250 -999.250 -999.250 -999.250 -999.250 -999.250 -999.250 -999.250 -999.250 -999.250 -999.250 -999.250 -999.250 -999.250 -999.250 -999.250 -999.250 -999.250 -999.250 1.411 1.714 5.281 8.452 9.138 12.226 13.893 17.422 20.516 23.416 21.005 19.866 15.399 14.031 11.335 12.161 10.800 10.402 9.800 11.680 10.187 10.865 10.909 12.255 12.523 15.193 23.546 36.960 44.228 38.478 28.020 20.057 13.571 7.416 3.649 0.000 0.000 0.000
-999.250 -999.250 -999.250 -999.250 -999.250 -999.250 -999.250 -999.250 -999.250 -999.250 -999.250 -999.250 -999.250 -999.250 -999.250 -999.250 -999.250 -999.250 -999.250 -999.250 -999.250 -999.250 -999.250 -999.250 -999.250 -999.250 -999.250 -999.250 -999.250 -999.250 1.608 1.902 4.115 5.524 10.318 11.071 17.659 20.836 26.155 26.604 28.726 26.452 24.639 18.873 13.323 10.436 7.283 6.849 6.784 7.448 9.535 10.126 10.017 9.014 8.114 10.964 12.571 19.300 35.162 57.405 43.434 31.609 22.136 13.618 6.243 3.071 0.000 0.000 0.000
-999.250 -999.250 -999.250 -999.250 -999.250 -999.250 -999.250 -999.250 -999.250 -999.250 -999.250 -999.250 -999.250 -999.250 -999.250 -999.250 -999.250 -999.250 -999.250 -999.250 -999.250 -999.250 -999.250 -999.250 -999.250 -999.250 -999.250 -999.250 -999.250 -999.250 2.242 4.296 6.275 8.995 11.316 14.912 23.264 30.646 32.095 38.750 42.469 36.087 28.403 22.636 14.062 10.208 5.022 5.613 7.007 7.749 10.599 12.124 11.439 10.011 9.142 7.235 7.141 11.808 25.040 38.168 36.148 28.728 19.294 12.031 8.402 1.515 0.000 0.000 0.000
-999.250 -999.250 -999.250 -999.250 -999.250 -999.250 -999.250 -999.250 -999.250 -999.250 -999.250 -999.250 -999.250 -999.250 -999.250 -999.250 -999.250 -999.250 -999.250 -999.250 -999.250 -999.250 -999.250 -999.250 -999.250 -999.250 -999.250 -999.250 -999.250 -999.250 3.901 5.349 8.185 10.196 13.686 17.788 24.912 32.526 44.920 51.070 52.676 47.081 35.487 24.871 17.343 10.470 7.394 7.035 9.580 9.960 13.144 13.978 15.933 14.220 12.109 9.385 3.497 0.000 14.648 24.322 27.350 22.849 16.100 10.956 8.797 2.611 0.000 0.000 0.000
-999.250 -999.250 -999.250 -999.250 -999.250 -999.250 -999.250 -999.250 -999.250 -999.250 -999.250 -999.250 -999.250 -999.250 -999.250 -999.250 -999.250 -999.250 -999.250 -999.250 -999.250 -999.250 -999.250 -999.250 -999.250 -999.250 -999.250 -999.250 -999.250 -999.250 5.592 7.133 9.492 12.480 15.832 20.130 26.631 34.063 45.281 55.401 71.406 51.398 40.489 28.647 20.572 13.933 11.213 10.146 11.450 13.483 16.747 21.324 23.622 19.715 17.820 14.061 8.769 4.364 10.596 15.247 19.469 16.576 13.785 9.957 6.650 1.112 0.000 0.000 0.000
-999.250 -999.250 -999.250 -999.250 -999.250 -999.250 -999.250 -999.250 -999.250 -999.250 -999.250 -999.250 -999.250 -999.250 -999.250 -999.250 -999.250 -999.250 -999.250 -999.250 -999.250 -999.250 -999.250 -999.250 -999.250 -999.250 -999.250 -999.250 -999.250 4.359 6.277 7.796 9.499 12.134 16.590 21.911 26.009 34.548 45.209 51.326 54.740 49.305 37.802 30.478 22.310 16.930 11.571 12.106 13.723 19.966 22.992 25.727 30.022 29.746 27.384 21.458 14.658 11.054 11.267 12.820 15.975 13.392 10.942 9.428 4.684 3.104 1.670 0.000 0.638
-999.250 -999.250 -999.250 -999.250 -999.250 -999.250 -999.250 -999.250 -999.250 -999.250 -999.250 -999.250 -999.250 -999.250 -999.250 -999.250 -999.250 -999.250 -999.250 -999.250 -999.250 -999.250 -999.250 -999.250 -999.250 -999.250 -999.250 -999.250 -999.250 5.952 6.615 7.535 10.226 9.859 14.221 18.299 25.926 29.815 40.153 45.818 45.157 41.004 36.644 28.270 23.362 18.940 14.452 14.224 16.996 23.824 26.759 31.488 40.997 43.911 36.499 28.390 20.191 14.919 12.720 13.060 12.050 11.723 9.276 6.223 6.033 3.191 1.829 1.512 0.009
-999.250 -999.250 -999.250 -999.250 -999.250 -999.250 -999.250 -999.250 -999.250 -999.250 -999.250 -999.250 -999.250 -999.250 -999.250 -999.250 -999.250 -999.250 -999.250 -999.250 -999.250 -999.250 -999.250 -999.250 -999.250 -999.250 -999.250 -999.250 -999.250 6.764 7.038 7.791 9.635 10.988 12.847 16.505 20.227 26.511 30.681 34.618 35.423 34.719 30.902 24.280 21.014 20.439 16.415 18.927 22.042 26.094 28.233 38.232 47.192 58.420 41.195 30.000 22.070 17.110 11.336 11.681 12.124 9.165 8.778 7.872 6.317 4.898 4.202 3.531 1.856
-999.250 -999.250 -999.250 -999.250 -999.250 -999.250 -999.250 -999.250 -999.250 -999.250 -999.250 -999.250 -999.250 -999.250 -999.250 -999.250 -999.250 -999.250 -999.250 -999.250 -999.250 -999.250 -999.250 -999.250 -999.250 -999.250 -999.250 -999.250 -999.250 4.678 5.528 5.241 8.501 8.516 13.511 12.501 14.860 17.847 23.884 23.995 24.208 24.125 22.164 23.035 20.453 18.936 19.413 21.212 24.293 26.016 31.208 35.885 39.875 41.416 34.673 25.690 19.532 13.753 10.438 11.462 9.986 8.253 8.169 7.986 6.820 3.599 3.914 3.322 3.566
-999.250 -999.250 -999.250 -999.250 -999.250 -999.250 -999.250 -999.250 -999.250 -999.250 -999.250 -999.250 -999.250 -999.250 -999.250 -999.250 -999.250 -999.250 -999.250 -999.250 -999.250 -999.250 -999.250 -999.250 -999.250 -999.250 -999.250 -999.250 5.147 6.098 6.223 5.557 6.689 7.848 9.545 8.927 10.498 11.017 13.936 15.012 15.652 17.480 19.454 20.674 18.432 20.497 21.654 22.051 23.150 25.440 25.300 26.686 29.976 29.775 22.447 18.620 13.867 11.566 8.670 8.805 8.597 8.156 6.907 9.539 6.987 4.902 5.615 3.290 2.384
-999.250 -999.250 -999.250 -999.250 -999.250 -999.250 -999.250 -999.250 -999.250 -999.250 -999.250 -999.250 -999.250 -999.250 -999.250 -999.250 -999.250 -999.250 -999.250 -999.250 -999.250 -999.250 -999.250 -999.250 -999.250 -999.250 -999.250 -999.250 7.117 5.409 7.866 6.845 6.106 8.270 6.480 4.832 4.910 5.490 8.031 10.021 11.400 13.291 14.427 16.163 16.675 20.029 26.832 22.167 20.962 21.364 22.410 21.881 18.696 19.187 13.630 11.938 9.983 7.893 6.089 4.953 7.745 6.641 7.394 8.926 8.255 8.275 4.819 4.409 3.749
-999.250 -999.250 -999.250 -999.250 -999.250 -999.250 -999.250 -999.250 -999.250 -999.250 -999.250 -999.250 -999.250 -999.250 -999.250 -999.250 -999.250 -999.250 -999.250 -999.250 -999.250 -999.250 -999.250 -999.250 -999.250 -999.250 -999.250 8.418 6.722 8.216 8.808 6.276 6.993 8.429 6.532 4.220 3.502 3.077 3.965 4.821 6.767 9.582 11.715 12.089 14.412 17.423 19.416 18.420 16.961 17.510 17.253 14.253 11.133 8.978 6.144 4.192 3.019 3.733 3.217 1.988 3.740 4.642 8.682 11.092 10.813 7.494 6.891 4.914 2.638
-999.250 -999.250 -999.250 -999.250 -999.250 -999.250 -999.250 -999.250 -999.250 -999.250 -999.250 -999.250 -999.250 -999.250 -999.250 -999.250 -999.250 -999.250 -999.250 -999.250 -999.250 -999.250 -999.250 -999.250 -999.250 -999.250 -999.250 6.634 7.084 8.709 8.593 7.781 7.252 6.634 5.387 3.738 2.015 1.257 0.000 1.201 5.254 6.764 9.171 10.940 11.502 14.833 12.959 12.909 12.379 12.258 11.427 9.225 4.571 2.214 0.000 0.000 0.000 0.000 0.000 0.000 2.146 4.849 9.249 18.159 11.963 8.877 7.092 3.736 1.053
-999.250 -999.250 -999.250 -999.250 -999.250 -999.250 -999.250 -999.250 -999.250 -999.250 -999.250 -999.250 -999.250 -999.250 -999.250 -999.250 -999.250 -999.250 -999.250 -999.250 -999.250 -999.250 -999.250 -999.250 -999.250 -999.250 -999.250 4.695 6.935 10.950 11.264 9.354 7.465 6.313 4.352 2.869 0.121 0.070 0.103 3.035 5.120 5.332 8.124 8.594 9.463 11.298 10.966 10.059 9.899 8.617 7.556 4.836 1.760 0.000 0.000 0.000 0.000 0.000 0.000 0.000 0.556 2.621 7.449 10.426 9.443 5.972 3.512 1.394 1.439
-999.250 -999.250 -999.250 -999.250 -999.250 -999.250 -999.250 -999.250 -999.250 -999.250 -999.250 -999.250 -999.250 -999.250 -999.250 -999.250 -999.250 -999.250 -999.250 -999.250 -999.250 -999.250 -999.250 -999.250 -999.250 -999.250 -999.250 7.832 8.641 11.864 17.022 9.875 8.232 6.745 4.262 1.914 0.859 1.433 2.525 2.332 3.399 4.278 7.564 8.027 8.407 9.045 7.620 8.851 8.066 5.373 3.697 1.242 0.340 0.000 0.000 0.000 0.000 0.000 0.000 0.000 0.000 0.226 2.777 6.332 6.504 3.724 1.725 0.269 0.621
-999.250 -999.250 -999.250 -999.250 -999.250 -999.250 -999.250 -999.250 -999.250 -999.250 -999.250 -999.250 -999.250 -999.250 -999.250 -999.250 -999.250 -999.250 -999.250 -999.250 -999.250 -999.250 -999.250 -999.250 -999.250 -999.250 -999.250 -999.250 7.334 9.664 10.874 9.955 5.582 5.678 2.377 1.587 1.293 1.626 2.564 2.984 2.750 5.423 6.245 8.587 8.522 8.737 9.095 7.288 4.454 2.807 1.312 0.000 0.000 0.000 0.000 0.000 0.000 0.000 0.000 0.000 0.000 0.000 0.000 0.569 2.750 1.744 0.067 0.000 0.000
-999.250 -999.250 -999.250 -999.250 -999.250 -999.250 -999.250 -999.250 -999.250 -999.250 -999.250 -999.250 -999.250 -999.250 -999.250 -999.250 -999.250 -999.250 -999.250 -999.250 -999.250 -999.250 -999.250 -999.250 -999.250 -999.250 -999.250 -999.250 5.657 7.647 8.123 5.862 5.007 3.361 3.157 2.166 3.270 5.165 2.997 3.924 5.332 4.369 6.284 5.914 8.712 8.531 6.016 6.660 1.462 1.820 0.000 0.000 0.000 0.295 2.150 4.764 1.575 0.000 0.000 0.000 0.000 0.000 0.000 0.000 0.000 0.000 0.000 0.000 0.000
-999.250 -999.250 -999.250 -999.250 -999.250 -999.250 -999.250 -999.250 -999.250 -999.250 -999.250 -999.250 -999.250 -999.250 -999.250 -999.250 -999.250 -999.250 -999.250 -999.250 -999.250 -999.250 -999.250 -999.250 -999.250 -999.250 -999.250 -999.250 4.989 5.411 6.223 7.175 5.711 3.630 2.895 4.048 4.578 4.603 5.273 4.898 5.509 4.721 5.995 5.196 6.832 8.532 5.536 3.957 0.056 0.000 0.000 0.000 0.000 0.594 4.472 11.656 4.850 2.014 0.000 0.000 0.000 0.000 0.000 0.000 0.000 0.000 0.000 0.000 0.000
-999.250 -999.250 -999.250 -999.250 -999.250 -999.250 -999.250 -999.250 -999.250 -999.250 -999.250 -999.250 -999.250 -999.250 -999.250 -999.250 -999.250 -999.250 -999.250 -999.250 -999.250 -999.250 -999.250 -999.250 -999.250 -999.250 -999.250 -999.250 5.801 5.824 5.872 5.142 4.634 4.692 4.404 7.203 7.336 8.058 7.504 9.243 8.216 7.470 7.110 6.599 8.200 11.278 4.555 2.598 0.000 0.000 0.000 0.000 0.000 0.267 2.985 4.409 2.611 0.369 0.000 0.000 0.000 0.000 0.000 0.000 0.000 0.000 0.000 0.000 0.000
-999.250 -999.250 -999.250 -999.250 -999.250 -999.250 -999.250 -999.250 -999.250 -999.250 -999.250 -999.250 -999.250 -999.250 -999.250 -999.250 -999.250 -999.250 -999.250 -999.250 -999.250 -999.250 -999.250 -999.250 -999.250 -999.250 -999.250 -999.250 3.378 5.720 4.743 6.122 5.942 7.146 8.557 8.980 8.725 10.273 10.901 11.506 9.820 8.281 6.428 5.018 5.958 6.760 3.073 0.830 0.000 0.000 0.000 0.000 0.000 0.000 1.166 0.880 0.887 0.000 0.000 0.000 0.000 0.000 0.000 0.000 0.000 0.000 0.000 0.000 0.000
-999.250 -999.250 -999.250 -999.250 -999.250 -999.250 -999.250 -999.250 -999.250 -999.250 -999.250 -999.250 -999.250 -999.250 -999.250 -999.250 -999.250 -999.250 -999.250 -999.250 -999.250 -999.250 -999.250 -999.250 -999.250 -999.250 -999.250 4.425 3.898 6.553 4.523 4.237 7.660 6.550 8.223 9.770 10.055 10.511 13.147 17.523 11.447 8.499 5.927 5.383 4.343 2.017 0.336 0.000 0.000 0.000 0.000 0.000 0.000 0.000 0.000 0.000 0.000 0.000 0.000 0.000 0.000 0.000 0.000 0.000 0.000 0.000 0.000 0.153 0.040
-999.250 -999.250 -999.250 -999.250 -999.250 -999.250 -999.250 -999.250 -999.250 -999.250 -999.250 -999.250 -999.250 -999.250 -999.250 -999.250 -999.250 -999.250 -999.250 -999.250 -999.250 -999.250 -999.250 -999.250 -999.250 -999.250 -999.250 3.422 4.873 5.292 7.255 7.816 7.956 7.815 8.262 11.284 11.516 12.102 12.287 11.977 9.063 6.390 5.328 3.696 2.049 0.000 0.000 0.000 0.000 0.000 0.000 0.000 0.000 0.000 0.000 0.000 0.000 0.000 0.000 0.000 0.000 0.000 0.000 0.000 0.000 0.000 1.042 3.149 4.290
-999.250 -999.250 -999.250 -999.250 -999.250 -999.250 -999.250 -999.250 -999.250 -999.250 -999.250 -999.250 -999.250 -999.250 -999.250 -999.250 -999.250 -999.250 -999.250 -999.250 -999.250 -999.250 -999.250 -999.250 -999.250 -999.250 -999.250 3.460 5.102 3.578 7.300 6.684 6.300 8.976 8.627 9.883 9.665 10.445 10.732 9.347 8.470 5.142 3.576 1.826 0.000 0.000 0.000 0.000 0.000 0.000 0.000 0.000 0.000 0.000 0.000 0.000 0.000 0.000 0.000 0.000 0.000 0.000 0.000 0.000 0.000 0.417 4.541 7.636 10.138
-999.250 -999.250 -999.250 -999.250 -999.250 -999.250 -999.250 -999.250 -999.250 -999.250 -999.250 -999.250 -999.250 -999.250 -999.250 -999.250 -999.250 -999.250 -999.250 -999.250 -999.250 -999.250 -999.250 -999.250 -999.250 -999.250 0.521 2.908 4.149 7.939 9.504 7.562 9.645 10.301 9.856 9.732 9.478 10.165 11.100 11.191 8.259 6.636 3.978 0.516 0.000 0.000 0.000 0.000 0.000 0.000 0.000 0.000 0.000 0.000 0.000 0.000 0.000 0.000 0.000 0.000 0.000 0.000 0.000 0.000 0.197 2.849 8.953 10.901 14.221
-999.250 -999.250 -999.250 -999.250 -999.250 -999.250 -999.250 -999.250 -999.250 -999.250 -999.250 -999.250 -999.250 -999.250 -999.250 -999.250 -999.250 -999.250 -999.250 -999.250 -999.250 -999.250 -999.250 -999.250 -999.250 -999.250 0.818 1.877 3.579 7.406 8.887 9.100 8.855 9.639 9.838 9.117 9.895 11.322 11.843 10.420 7.973 6.256 4.551 1.843 0.000 0.000 0.000 0.000 0.000 0.000 0.000 0.000 0.000 0.000 0.000 0.000 0.000 0.000 0.000 0.000 0.000 0.000 0.000 0.000 3.391 8.304 10.937 14.659 21.375
-999.250 -999.250 -999.250 -999.250 -999.250 -999.250 -999.250 -999.250 -999.250 -999.250 -999.250 -999.250 -999.250 -999.250 -999.250 -999.250 -999.250 -999.250 -999.250 -999.250 -999.250 -999.250 -999.250 -999.250 -999.250 -999.250 3.384 3.983 3.934 7.305 8.585 7.604 8.634 9.764 10.927 10.789 10.795 12.311 11.286 11.158 10.635 8.270 5.698 1.615 0.000 0.000 0.000 0.000 0.000 0.000 0.000 0.000 0.000 0.000 0.000 0.000 0.000 0.000 0.000 0.000 0.000 0.000 0.000 1.475 4.845 8.096 12.124 19.622 25.587
-999.250 -999.250 -999.250 -999.250 -999.250 -999.250 -999.250 -999.250 -999.250 -999.250 -999.250 -999.250 -999.250 -999.250 -999.250 -999.250 -999.250 -999.250 -999.250 -999.250 -999.250 -999.250 -999.250 -999.250 -999.250 2.575 3.968 6.669 6.511 7.508 8.443 8.991 8.147 10.956 10.792 11.046 12.336 13.678 12.807 11.314 10.867 8.312 6.027 2.078 0.000 0.000 0.000 0.000 0.000 0.000 0.000 0.000 0.000 0.114 0.000 0.000 0.000 0.000 0.000 0.000 0.000 0.000 0.000 2.585 7.385 11.139 16.253 22.960 28.207
-999.250 -999.250 -999.250 -999.250 -999.250 -999.250 -999.250 -999.250 -999.250 -999.250 -999.250 -999.250 -999.250 -999.250 -999.250 -999.250 -999.250 -999.250 -999.250 -999.250 -999.250 -999.250 -999.250 -999.250 -999.250 2.460 4.823 6.805 7.545 8.788 9.119 10.402 11.120 11.882 12.671 12.945 14.148 18.250 16.530 13.996 11.435 8.917 5.245 1.212 0.277 0.000 0.000 0.000 0.000 0.000 0.000 0.000 0.302 2.379 2.025 0.636 0.000 0.000 0.000 0.000 0.000 0.000 0.064 2.549 8.183 13.810 16.514 25.091 32.236
-999.250 -999.250 -999.250 -999.250 -999.250 -999.250 -999.250 -999.250 -999.250 -999.250 -999.250 -999.250 -999.250 -999.250 -999.250 -999.250 -999.250 -999.250 -999.250 -999.250 -999.250 -999.250 -999.250 -999.250 -999.250 3.285 3.692 6.974 6.649 8.599 10.361 11.256 13.643 13.355 13.617 15.310 16.512 20.609 25.262 16.056 12.184 9.073 5.094 2.394 0.000 0.000 0.000 0.000 0.000 0.000 0.000 0.923 1.982 5.444 5.171 4.468 0.748 0.000 0.000 0.000 0.000 0.000 0.109 3.151 8.580 12.367 19.849 26.157 37.437
