data/medianmodel_09-Oct-2020.asc
ncols	141
nrows	288
xllcorner	-120191.398
yllcorner	-301404.813
cellsize	2000.000
NODATA_value	-999.250
[rows 30 to 59 of 288, columns 68 to 135 of 141]
112.591 110.171 109.467 101.776 106.359 94.368 75.797 69.222 56.194 31.763 23.621 22.719 16.062 10.594 12.221 13.142 15.418 20.233 29.085 33.515 50.040 52.834 61.631 75.911 81.686 93.146 92.900 90.757 82.376 83.866 79.057 89.869 77.264 88.651 87.504 90.843 90.986 98.031 107.877 121.670 131.174 149.118 156.146 169.308 194.280 209.773 224.192 278.311 277.152 248.678 254.908 230.295 235.439 227.293 248.940 221.638 230.442 200.391 192.770 198.857 170.107 157.191 134.123 113.636 93.880 79.162 76.715 75.224
86.487 89.171 82.288 89.397 83.578 78.593 62.939 52.076 36.809 25.985 24.431 20.753 21.693 18.778 17.268 16.355 23.403 26.568 33.678 49.457 47.499 51.396 54.623 59.543 75.842 85.813 89.271 91.071 82.572 78.439 80.498 78.676 76.465 85.645 85.058 86.432 93.010 101.616 111.857 108.733 126.017 131.276 152.700 156.624 170.035 188.315 201.580 233.293 229.670 215.183 211.728 210.198 206.936 234.277 211.380 210.214 194.669 181.218 175.820 176.100 153.240 136.796 114.036 99.270 79.186 67.738 63.906 65.124
64.707 65.082 64.517 59.259 57.645 55.653 44.476 31.180 24.849 24.957 23.714 23.517 26.801 22.879 25.914 25.802 26.608 38.727 37.638 42.736 47.274 53.784 62.551 59.272 71.125 85.339 79.993 84.130 80.375 73.173 78.419 76.321 79.839 82.074 80.382 77.787 85.424 94.153 97.698 114.533 118.883 131.200 135.649 146.586 167.470 171.453 183.573 233.597 200.329 193.334 215.689 185.753 189.709 179.285 187.667 184.710 179.471 171.039 156.027 139.268 136.963 123.849 105.388 87.407 72.720 58.779 46.599 53.463
49.135 48.149 46.107 40.771 39.587 31.740 29.598 24.630 24.149 26.566 26.266 26.384 32.565 32.503 31.886 37.903 35.077 43.192 47.333 42.491 49.213 59.577 54.497 56.510 68.595 80.059 73.406 73.503 69.281 69.382 67.685 69.764 75.640 81.168 80.614 76.464 81.688 88.924 99.443 104.600 117.112 119.158 120.158 140.356 135.029 162.801 168.391 185.376 198.462 201.895 206.152 193.509 184.792 182.124 173.888 172.341 160.774 153.385 135.816 125.206 119.543 101.301 91.711 70.514 66.332 48.894 36.350 51.942
29.484 28.518 28.948 25.683 18.386 16.622 21.029 23.477 23.179 27.082 28.004 33.556 32.735 43.669 46.312 46.428 47.274 51.732 40.581 44.633 61.998 50.731 57.963 54.631 67.210 70.449 62.786 62.719 68.541 68.582 65.522 68.244 64.978 75.552 75.936 78.172 80.163 88.548 96.011 105.930 109.159 108.157 120.803 130.988 131.555 143.747 144.802 174.153 165.214 193.065 189.210 197.251 181.665 179.442 178.001 159.679 147.709 135.162 118.790 111.130 100.310 86.142 78.850 65.927 50.777 36.419 34.587 39.718
18.125 16.563 18.587 16.590 17.224 16.643 20.474 23.273 23.396 27.676 31.220 41.478 47.010 58.523 55.102 60.624 52.039 49.757 47.464 38.852 48.768 47.762 45.562 56.902 55.846 53.994 51.770 54.415 61.793 56.069 64.282 64.776 55.329 62.365 72.549 77.212 82.996 89.541 87.593 90.406 104.773 110.427 114.163 120.115 134.918 135.205 150.569 157.984 166.604 179.522 181.632 201.186 180.312 172.394 172.179 156.476 135.216 134.238 102.379 99.461 86.338 76.086 64.118 54.077 39.199 33.859 29.283 38.411
6.884 5.741 10.667 12.574 14.724 18.632 19.270 23.418 25.393 32.415 35.236 42.222 57.147 62.413 58.615 62.954 54.202 50.486 49.703 43.668 41.227 47.056 46.824 48.758 48.076 49.013 44.751 50.733 49.377 48.804 59.075 55.162 58.165 58.301 68.834 71.295 76.928 89.346 89.891 94.659 100.811 101.552 106.123 116.867 120.366 129.188 149.947 158.357 162.372 159.617 180.830 186.850 176.847 165.357 166.479 151.441 146.755 124.314 110.514 93.046 84.701 70.896 62.498 50.389 42.406 35.061 27.783 37.002
4.374 2.878 4.150 11.909 16.897 18.990 23.670 30.289 32.409 38.746 49.248 49.909 57.638 60.797 65.171 59.984 56.182 52.908 45.516 38.996 35.020 36.706 40.836 40.832 45.535 39.002 38.897 42.296 44.037 43.449 49.228 56.386 55.699 57.582 64.132 67.921 77.483 81.055 90.529 100.017 99.669 101.719 112.247 112.219 118.354 134.865 142.435 150.938 147.994 153.497 174.021 170.189 173.443 165.602 170.903 154.185 131.964 121.773 106.907 93.007 82.681 67.034 50.255 46.596 36.388 37.496 42.560 50.186
3.227 7.024 10.639 15.268 17.240 18.819 25.524 33.347 43.480 49.823 51.068 52.963 64.058 62.621 65.487 57.979 47.316 47.136 40.229 34.369 30.715 30.631 27.044 33.587 36.910 31.413 28.349 36.865 38.397 42.973 54.806 47.795 49.852 56.904 67.226 65.787 77.954 85.936 88.479 95.884 92.037 101.078 109.637 107.394 114.497 124.149 146.281 159.224 148.950 160.077 165.614 171.404 161.462 162.200 158.640 141.359 122.416 133.316 113.053 104.242 80.359 71.951 55.825 48.001 44.390 49.611 46.384 53.550
2.602 4.416 9.079 14.603 20.608 26.062 39.302 39.726 50.915 53.779 59.588 62.374 65.828 65.816 54.227 59.079 47.748 40.229 34.825 27.774 24.685 21.540 22.158 23.602 26.171 24.499 26.685 32.064 36.210 40.304 49.570 50.816 61.485 57.028 60.487 73.767 69.212 85.173 90.959 93.108 94.136 100.039 105.995 107.364 113.000 132.797 142.973 160.156 158.588 156.663 153.793 163.818 165.125 165.179 138.311 148.448 145.722 128.868 115.208 100.085 93.353 79.522 64.114 54.232 55.058 52.950 51.554 62.768
0.000 2.698 10.473 18.995 25.400 35.052 46.662 49.548 51.162 62.591 66.488 65.834 68.723 66.897 54.326 47.040 45.861 37.042 30.822 22.949 18.305 15.963 16.318 20.269 22.214 22.399 29.293 25.606 31.394 37.516 39.228 41.397 47.980 55.207 58.103 64.549 68.804 75.035 89.710 93.581 105.993 102.145 110.369 115.614 119.584 118.675 127.145 146.653 152.414 145.603 156.211 146.348 160.630 162.687 154.811 154.332 126.862 132.859 113.308 102.796 95.583 87.026 72.643 55.575 61.638 61.831 63.316 -999.250
0.404 8.960 15.535 24.090 32.876 38.618 51.475 58.494 63.729 64.066 63.858 72.761 72.635 68.697 62.019 51.936 43.329 34.204 25.842 22.214 16.892 15.840 13.435 14.711 17.335 21.306 20.594 24.938 26.457 29.750 33.983 40.529 48.198 54.125 60.491 67.024 68.750 78.042 84.493 98.066 98.333 108.996 115.231 114.106 121.546 119.438 127.710 135.484 137.822 154.937 154.026 164.178 166.626 164.049 150.296 147.292 140.862 140.405 117.647 110.331 112.514 94.192 75.677 69.365 66.797 74.589 73.991 82.562
9.519 12.705 18.397 27.307 37.289 45.304 51.732 67.892 74.848 73.079 73.389 71.805 68.195 63.132 61.854 51.961 38.752 30.597 25.988 18.983 16.595 15.025 9.967 12.634 13.450 14.101 17.621 18.755 21.509 26.328 33.029 35.022 41.105 53.046 58.668 61.430 63.909 76.513 82.559 98.381 102.851 103.784 113.563 113.644 115.465 132.775 128.984 128.171 138.814 156.466 169.960 162.667 160.471 152.751 155.459 150.647 148.215 130.716 127.759 110.255 113.404 109.419 98.645 87.710 -999.250 -999.250 -999.250 -999.250
13.801 16.132 21.612 27.650 36.238 54.534 62.293 76.604 77.283 75.427 74.423 76.429 73.205 67.113 53.821 45.552 35.228 24.644 23.695 19.241 16.724 11.746 12.688 11.401 9.451 12.825 13.348 16.679 21.325 22.617 30.708 37.866 48.168 45.591 56.401 60.394 63.383 72.553 82.132 95.524 99.213 109.890 113.445 114.412 125.760 137.046 137.681 148.669 160.665 155.538 165.278 175.740 175.158 163.219 164.066 151.068 140.731 131.308 135.987 117.419 124.838 106.144 103.569 93.724 82.603 -999.250 -999.250 -999.250
15.593 16.335 21.018 28.650 38.789 48.265 73.628 74.453 85.132 81.634 79.972 79.803 67.331 57.551 50.769 33.151 29.755 21.901 19.608 17.076 12.575 14.496 11.976 10.347 11.178 13.288 12.914 14.932 19.024 22.085 27.836 33.942 37.571 47.632 45.653 64.572 58.080 72.387 76.828 93.760 103.351 111.743 109.170 122.239 125.078 136.586 139.569 142.408 153.283 157.148 168.877 171.242 177.442 171.196 165.212 163.049 162.567 157.148 150.646 122.812 126.319 117.139 112.586 -999.250 -999.250 -999.250 -999.250 -999.250
16.939 16.893 23.779 28.408 35.179 48.575 66.209 79.436 81.965 81.725 83.035 70.130 66.609 62.945 39.883 25.140 25.157 19.774 17.019 14.309 11.586 12.194 7.740 9.905 9.535 8.759 12.165 12.953 14.365 18.228 25.655 28.206 35.249 38.699 49.195 58.081 65.588 70.025 80.354 91.760 97.130 107.032 111.881 115.250 119.642 126.624 152.369 153.596 163.715 154.747 166.922 177.570 190.658 180.126 174.088 171.482 168.356 155.693 145.231 131.820 117.138 120.636 111.325 -999.250 -999.250 -999.250 -999.250 -999.250
16.385 20.313 25.588 29.669 37.680 48.450 62.898 69.733 82.062 83.535 75.983 71.093 52.602 40.940 31.984 22.608 20.520 19.128 13.692 15.391 14.546 8.685 8.205 6.120 8.999 4.378 9.150 9.762 16.166 16.668 20.685 26.845 29.256 35.456 42.316 52.599 64.743 74.735 82.751 89.879 93.338 100.924 103.843 120.322 115.407 126.074 134.478 146.833 155.901 155.820 163.918 171.113 176.340 175.300 174.082 169.809 164.393 159.417 154.644 143.246 131.645 120.682 -999.250 -999.250 -999.250 -999.250 -999.250 -999.250
20.802 20.798 26.232 32.746 38.191 44.297 48.429 56.429 69.795 71.879 64.293 58.852 45.960 31.464 24.535 18.199 15.809 15.638 15.659 12.944 9.412 8.143 6.993 3.973 1.865 3.181 4.664 8.316 10.529 14.689 18.372 25.985 28.737 33.091 43.820 53.885 58.183 63.512 76.755 88.201 93.114 93.467 104.491 107.048 109.585 117.697 127.095 148.932 149.643 160.939 154.064 169.993 161.257 160.024 167.896 173.189 143.128 143.428 144.382 145.914 -999.250 -999.250 -999.250 -999.250 -999.250 -999.250 -999.250 -999.250
19.177 19.947 22.603 29.350 32.438 40.895 39.728 46.607 51.408 58.903 51.118 38.803 28.529 21.756 15.740 8.424 9.047 14.364 13.613 13.052 8.828 6.988 2.044 2.511 5.744 1.867 1.232 3.304 9.718 10.612 14.479 19.547 27.307 29.104 37.075 45.344 55.109 62.875 70.906 74.965 83.448 90.832 95.592 98.447 106.925 116.486 129.832 141.530 135.572 137.532 150.762 154.373 143.272 159.748 165.113 157.918 155.541 155.162 171.508 145.905 -999.250 -999.250 -999.250 -999.250 -999.250 -999.250 -999.250 -999.250
20.563 20.175 21.407 22.632 26.550 37.479 37.132 38.754 44.070 45.034 39.370 33.529 21.333 13.360 7.976 0.000 2.378 7.859 4.647 8.600 5.040 5.140 2.632 2.810 4.291 1.263 0.633 0.000 5.215 13.168 15.462 21.757 24.483 26.387 35.665 50.874 55.663 61.405 65.198 82.100 81.553 89.308 93.985 103.389 109.599 109.369 115.784 135.063 114.289 137.922 140.226 145.092 150.061 159.457 165.961 -999.250 156.139 155.066 -999.250 -999.250 -999.250 -999.250 -999.250 -999.250 -999.250 -999.250 -999.250 -999.250
20.235 19.258 18.488 21.423 25.505 30.919 34.058 31.855 33.410 34.987 31.378 22.218 15.795 10.501 3.334 0.000 1.711 2.499 4.810 5.797 8.049 2.491 3.264 1.673 0.000 0.317 0.000 0.205 7.327 10.311 17.766 20.744 25.388 27.564 35.619 42.674 49.571 65.163 68.685 77.105 88.045 94.575 94.654 97.538 89.310 103.970 104.994 109.817 111.102 108.726 125.909 131.809 131.432 -999.250 -999.250 -999.250 -999.250 -999.250 -999.250 -999.250 -999.250 -999.250 -999.250 -999.250 -999.250 -999.250 -999.250 -999.250
18.626 13.863 13.440 15.387 18.935 23.911 26.428 28.323 28.827 25.755 21.127 17.425 10.144 9.338 5.143 0.269 2.124 4.323 5.315 1.808 6.800 4.583 5.537 1.174 4.166 1.309 4.345 6.625 5.699 13.147 15.247 22.834 26.975 29.233 35.408 40.650 48.979 61.178 64.390 75.423 75.324 83.105 90.086 91.051 99.881 94.678 90.005 104.120 108.188 98.403 105.827 111.655 -999.250 -999.250 -999.250 -999.250 -999.250 -999.250 -999.250 -999.250 -999.250 -999.250 -999.250 -999.250 -999.250 -999.250 -999.250 -999.250
17.898 9.483 11.732 6.165 15.245 19.497 30.308 27.000 20.218 18.998 16.786 12.822 8.525 3.664 0.406 1.408 3.336 3.144 4.274 5.122 3.124 2.479 0.976 2.438 2.122 3.424 9.624 7.685 9.782 13.262 17.482 21.308 26.675 30.712 31.053 39.739 49.755 52.833 66.619 74.659 72.964 78.675 78.427 95.140 81.844 88.424 91.813 93.643 89.918 99.343 103.962 111.354 -999.250 -999.250 -999.250 -999.250 -999.250 -999.250 -999.250 -999.250 -999.250 -999.250 -999.250 -999.250 -999.250 -999.250 -999.250 -999.250
24.723 12.610 0.000 0.000 3.201 14.072 19.020 17.906 17.521 14.900 9.750 10.108 1.803 0.000 0.000 0.526 2.453 3.141 7.441 4.046 5.142 2.425 1.517 4.307 3.593 7.297 4.780 8.744 12.752 16.122 16.757 22.882 25.675 27.088 29.879 41.181 51.982 53.196 58.280 72.520 76.162 73.267 70.812 76.965 77.883 85.768 91.521 83.133 88.478 90.003 100.430 -999.250 -999.250 -999.250 -999.250 -999.250 -999.250 -999.250 -999.250 -999.250 -999.250 -999.250 -999.250 -999.250 -999.250 -999.250 -999.250 -999.250
40.073 23.355 0.000 0.000 0.242 5.596 8.484 11.307 7.026 6.842 5.891 4.340 0.834 0.000 0.000 0.235 1.583 2.011 4.912 8.205 4.958 1.473 2.141 2.526 3.000 7.060 8.663 11.737 15.261 14.141 17.143 18.814 23.113 28.564 33.766 41.037 47.347 49.440 53.615 62.503 67.214 69.457 65.480 70.773 79.673 84.727 83.540 82.246 88.038 90.306 -999.250 -999.250 -999.250 -999.250 -999.250 -999.250 -999.250 -999.250 -999.250 -999.250 -999.250 -999.250 -999.250 -999.250 -999.250 -999.250 -999.250 -999.250
84.024 60.939 31.827 19.613 14.245 5.779 0.453 0.000 2.888 2.170 0.719 0.000 0.000 0.000 0.000 0.000 0.000 2.691 5.173 1.882 1.027 0.000 1.298 1.276 6.869 7.933 9.271 12.400 12.411 14.740 14.948 20.192 25.258 27.818 32.421 38.941 47.474 46.525 52.445 59.033 61.366 69.340 71.735 73.078 76.888 78.561 77.006 76.990 75.830 77.306 -999.250 -999.250 -999.250 -999.250 -999.250 -999.250 -999.250 -999.250 -999.250 -999.250 -999.250 -999.250 -999.250 -999.250 -999.250 -999.250 -999.250 -999.250
149.355 111.208 80.190 40.669 20.325 6.738 0.000 0.000 2.028 0.000 0.000 0.000 0.000 0.000 0.000 0.000 0.000 1.411 3.342 4.729 3.042 0.090 2.089 4.033 3.899 10.724 10.303 11.765 12.408 14.841 16.164 19.978 24.259 24.117 28.444 39.293 43.753 55.904 51.099 64.689 58.388 61.604 58.598 62.168 66.686 68.632 69.387 64.094 74.248 -999.250 -999.250 -999.250 -999.250 -999.250 -999.250 -999.250 -999.250 -999.250 -999.250 -999.250 -999.250 -999.250 -999.250 -999.250 -999.250 -999.250 -999.250 -999.250
236.756 160.936 109.206 63.528 34.470 12.051 5.665 1.711 2.034 0.000 0.000 0.000 0.000 0.000 0.000 0.000 0.000 0.000 0.659 4.229 3.405 0.491 1.356 1.842 5.916 7.081 10.358 14.152 13.490 18.609 20.531 23.634 27.671 30.755 34.741 39.137 45.189 50.169 63.193 64.168 60.595 66.640 59.518 61.050 64.077 64.057 59.868 60.643 62.188 -999.250 -999.250 -999.250 -999.250 -999.250 -999.250 -999.250 -999.250 -999.250 -999.250 -999.250 -999.250 -999.250 -999.250 -999.250 -999.250 -999.250 -999.250 -999.250
196.021 172.921 123.943 83.922 48.093 23.618 13.442 10.508 9.210 2.324 0.000 0.000 0.000 0.000 0.000 0.000 0.000 0.000 0.000 1.075 0.000 2.996 2.825 4.443 8.065 6.922 11.044 12.305 15.058 17.987 25.473 27.323 24.398 31.933 34.333 34.272 47.760 51.178 57.683 55.821 60.300 57.972 59.000 58.239 63.112 59.038 58.269 57.761 58.524 -999.250 -999.250 -999.250 -999.250 -999.250 -999.250 -999.250 -999.250 -999.250 -999.250 -999.250 -999.250 -999.250 -999.250 -999.250 -999.250 -999.250 -999.250 -999.250
174.539 169.780 122.571 89.485 58.758 35.803 22.188 14.597 8.490 6.457 8.484 2.717 0.396 0.385 0.000 0.000 0.000 0.000 0.000 0.000 0.000 0.000 0.805 3.144 5.801 11.019 12.174 12.745 14.769 19.807 24.900 26.038 29.309 33.144 40.570 43.864 44.951 56.525 57.802 48.364 56.848 61.025 60.929 65.882 59.482 58.313 58.988 58.642 -999.250 -999.250 -999.250 -999.250 -999.250 -999.250 -999.250 -999.250 -999.250 -999.250 -999.250 -999.250 -999.250 -999.250 -999.250 -999.250 -999.250 -999.250 -999.250 -999.250
