data/medianmodel_09-Oct-2020.asc
ncols	141
nrows	288
xllcorner	-120191.398
yllcorner	-301404.813
cellsize	2000.000
NODATA_value	-999.250
[rows 180 to 209 of 288, columns 0 to 67 of 141]
-999.250 -999.250 -999.250 110.867 119.709 120.173 121.635 140.738 137.715 137.862 150.940 159.749 180.961 192.072 190.341 206.855 219.769 228.503 203.317 203.362 184.850 174.208 180.623 166.982 164.403 144.064 123.847 115.507 102.040 99.093 85.508 75.133 76.303 62.771 60.979 62.267 62.495 62.769 56.451 55.143 53.293 47.643 50.448 48.898 43.526 32.288 32.858 27.500 20.603 17.638 15.955 17.126 9.032 2.040 0.000 0.000 0.000 6.715 8.210 16.858 24.350 44.410 58.569 69.629 81.720 101.498 120.169 116.862
-999.250 -999.250 -999.250 123.851 124.685 124.745 136.258 148.252 149.490 156.656 163.376 169.172 178.630 192.314 200.717 210.547 213.221 212.483 220.843 198.784 195.794 179.410 174.883 160.266 151.553 135.918 120.828 109.599 97.301 87.463 79.537 76.567 67.114 69.175 55.577 62.516 59.392 55.483 47.055 58.706 54.981 44.507 40.268 46.976 34.996 37.930 34.498 34.264 22.476 20.065 20.039 15.888 11.651 6.564 0.199 2.983 1.464 5.490 11.836 15.822 22.257 29.854 42.609 58.063 72.867 76.496 86.612 98.659
-999.250 -999.250 128.811 127.110 119.719 131.989 140.525 144.654 158.158 156.536 173.109 169.154 190.438 197.348 215.181 231.756 226.411 220.095 210.030 195.137 188.806 171.548 169.306 150.010 140.302 117.827 108.513 99.412 92.483 82.153 73.360 66.191 63.348 55.788 61.073 56.554 61.838 59.751 51.058 54.705 49.121 45.554 45.884 38.299 42.091 39.068 33.942 34.953 23.530 24.927 18.249 16.683 14.494 10.877 8.444 3.126 3.725 7.573 11.586 13.896 19.771 26.444 33.927 38.526 53.907 66.258 69.421 77.376
-999.250 -999.250 125.967 120.230 139.049 139.174 147.869 158.872 163.314 159.384 167.875 178.754 184.297 196.333 222.316 235.385 247.613 217.371 225.682 190.666 -999.250 163.838 153.718 146.344 125.099 109.614 109.340 95.928 85.477 71.891 67.787 60.427 65.611 56.829 60.031 59.914 55.799 60.325 55.197 43.968 41.812 40.417 42.452 41.375 47.129 36.711 28.911 25.716 22.062 18.661 18.373 20.609 18.151 13.305 11.183 9.658 5.498 5.435 5.262 14.124 15.772 21.290 26.765 27.853 43.349 49.192 58.842 59.708
-999.250 141.557 135.269 130.342 140.173 152.254 156.020 163.176 174.571 162.465 171.087 179.322 185.898 201.557 211.073 230.348 258.322 233.358 209.324 -999.250 -999.250 148.716 155.597 142.515 119.271 103.247 99.147 93.112 77.115 71.120 62.686 57.342 61.236 54.118 53.639 53.724 56.567 54.679 52.096 41.806 42.081 34.571 37.337 37.259 41.059 31.893 26.017 24.861 27.740 22.635 26.078 25.596 23.863 19.232 14.877 12.306 10.545 12.606 14.908 15.849 17.094 21.912 22.606 24.210 30.184 39.855 52.216 57.362
-999.250 146.297 144.294 139.732 153.642 151.507 152.023 168.123 173.556 166.906 176.349 171.667 188.078 193.209 202.134 212.733 235.215 218.206 -999.250 -999.250 -999.250 -999.250 145.521 127.801 111.363 107.033 94.362 84.864 79.369 70.513 64.943 57.978 62.738 59.213 57.360 55.897 49.318 52.200 47.895 36.397 36.993 33.632 32.205 37.902 34.236 30.718 23.325 22.219 23.154 25.997 20.818 27.404 24.407 22.890 20.828 17.140 15.096 16.765 15.688 19.563 16.713 21.720 21.914 20.662 28.033 32.132 40.255 45.180
143.109 140.770 146.084 143.266 151.293 145.106 156.391 166.034 169.267 181.399 176.649 170.945 174.665 179.986 184.743 199.750 185.019 188.864 -999.250 -999.250 -999.250 -999.250 -999.250 126.185 108.936 100.307 87.771 81.542 77.145 72.084 64.002 67.208 61.873 64.601 58.028 50.816 48.204 49.851 44.389 34.284 34.963 27.688 29.757 27.929 27.289 24.867 24.613 24.501 22.291 22.319 23.061 24.725 26.373 23.651 23.928 19.120 19.669 21.665 21.999 22.452 22.955 24.001 24.670 23.306 25.798 31.927 31.885 37.401
-999.250 141.299 145.129 152.423 153.398 157.560 163.213 168.146 170.866 171.441 171.328 163.668 155.888 172.638 179.632 181.627 182.791 180.546 -999.250 -999.250 -999.250 -999.250 124.584 114.693 109.267 102.131 94.500 85.226 85.795 66.996 64.028 66.247 67.241 65.126 59.681 58.014 53.856 56.329 44.685 34.020 32.222 27.628 27.857 22.754 19.638 20.293 20.335 21.583 23.545 23.233 23.902 33.131 31.481 28.777 20.896 24.975 20.186 21.950 25.422 27.632 23.939 27.510 25.398 24.402 26.574 28.868 35.124 35.222
-999.250 147.766 157.870 164.295 163.839 155.440 156.835 163.736 169.163 169.013 166.983 161.909 151.976 168.986 171.951 189.592 173.961 161.197 -999.250 -999.250 -999.250 114.213 -999.250 96.855 94.970 93.883 88.885 89.189 84.809 82.483 75.587 73.330 69.510 63.862 65.623 62.195 47.545 48.818 41.699 34.325 34.735 23.342 28.632 23.225 22.000 17.971 19.352 20.489 21.826 26.276 29.142 37.495 36.566 34.603 36.155 34.972 29.789 31.398 38.551 32.217 29.043 26.883 28.995 29.108 28.344 30.560 32.512 33.962
-999.250 152.643 163.560 166.039 169.729 160.290 159.312 159.568 173.294 165.645 169.677 162.985 165.978 174.442 166.292 170.956 168.678 -999.250 -999.250 -999.250 -999.250 103.726 103.809 93.471 91.107 90.928 97.145 93.524 97.758 92.878 82.551 80.046 69.585 62.508 62.629 62.778 48.022 51.170 36.856 33.193 31.002 24.363 22.586 20.579 18.584 16.857 17.161 19.056 21.119 23.931 28.698 29.238 37.263 39.515 41.787 38.473 33.875 46.340 43.213 39.311 39.861 33.437 34.039 30.523 32.080 28.498 39.850 35.343
-999.250 155.969 162.526 169.938 162.798 158.931 161.697 163.912 156.966 165.865 173.418 179.248 173.161 171.389 173.762 168.117 159.110 -999.250 -999.250 -999.250 104.882 91.909 88.520 82.584 89.338 84.154 87.633 92.408 101.076 96.186 84.787 81.558 79.047 73.438 66.730 61.774 60.547 48.742 43.408 35.186 25.407 22.180 21.508 20.154 14.355 12.675 16.023 13.772 19.592 23.774 32.301 34.668 41.709 46.585 49.005 49.208 48.724 56.704 52.937 40.555 37.336 39.732 42.302 35.499 35.478 28.399 34.406 38.753
-999.250 -999.250 -999.250 166.796 -999.250 -999.250 165.144 158.183 162.089 -999.250 -999.250 -999.250 163.442 158.057 -999.250 -999.250 -999.250 -999.250 -999.250 -999.250 94.483 85.136 83.887 81.893 89.392 88.559 88.203 88.977 94.009 85.787 86.806 74.461 71.516 68.510 66.113 61.141 62.282 47.446 43.342 30.296 24.251 22.452 19.322 13.515 12.472 4.224 10.345 11.164 16.749 20.451 24.132 35.886 36.641 50.761 59.232 52.137 56.006 61.371 56.148 52.347 43.955 42.657 46.358 43.980 37.930 38.048 38.254 45.740
-999.250 -999.250 -999.250 -999.250 -999.250 -999.250 -999.250 -999.250 -999.250 -999.250 -999.250 -999.250 -999.250 157.892 163.481 155.008 -999.250 -999.250 -999.250 94.244 90.556 85.820 79.375 81.641 80.887 82.252 88.075 88.779 90.106 88.441 83.641 84.859 83.350 72.599 74.046 66.171 57.835 48.023 42.509 27.645 24.645 21.295 16.511 11.349 7.511 0.000 5.518 10.773 16.146 23.479 29.813 34.672 44.744 60.776 63.009 59.680 67.701 73.990 64.939 52.140 58.428 56.621 50.477 46.672 45.308 45.411 45.734 41.739
-999.250 -999.250 -999.250 -999.250 -999.250 -999.250 -999.250 -999.250 -999.250 -999.250 -999.250 152.439 148.819 153.445 151.663 147.303 -999.250 -999.250 103.063 87.828 93.105 85.436 83.143 73.605 75.490 83.024 81.651 84.404 89.333 88.296 80.740 80.543 78.974 76.901 67.222 59.956 58.108 47.199 42.941 31.131 23.189 19.839 16.765 9.477 5.821 4.021 7.416 11.073 17.860 22.347 29.132 38.932 46.020 54.134 60.833 68.986 76.692 71.310 67.606 67.260 70.636 63.608 58.836 56.476 48.207 49.461 46.386 53.603
-999.250 -999.250 -999.250 -999.250 -999.250 -999.250 -999.250 -999.250 -999.250 -999.250 -999.250 148.243 138.841 146.011 152.605 148.375 144.476 128.636 107.227 96.494 94.386 97.816 92.251 87.687 77.335 81.185 79.354 83.148 90.500 86.098 86.312 78.410 73.279 73.278 71.329 64.882 46.221 47.577 38.381 33.235 25.351 19.898 15.577 12.093 9.725 9.018 11.424 13.171 15.522 25.285 30.433 37.092 47.875 57.127 69.016 62.298 69.949 71.876 75.402 66.572 59.713 63.449 62.641 53.230 46.980 61.445 49.128 42.531
-999.250 -999.250 -999.250 -999.250 -999.250 -999.250 -999.250 -999.250 -999.250 -999.250 -999.250 -999.250 142.574 150.998 155.743 159.035 154.991 137.143 111.831 98.297 95.285 90.446 87.090 84.367 78.256 76.718 85.100 89.241 80.290 87.743 89.799 82.690 80.310 73.527 69.760 69.704 52.165 40.255 36.509 31.243 24.127 22.877 15.585 13.774 9.360 11.149 11.862 14.156 21.078 26.845 29.267 43.032 49.083 58.016 57.404 59.551 63.493 67.576 62.347 67.079 59.032 55.684 63.294 56.818 48.707 54.058 50.845 44.836
-999.250 -999.250 -999.250 -999.250 -999.250 -999.250 -999.250 -999.250 -999.250 -999.250 -999.250 -999.250 -999.250 133.327 141.636 145.745 146.748 129.749 110.749 97.484 92.283 93.108 86.828 82.045 89.337 84.998 87.511 86.876 88.982 84.617 80.792 81.412 80.596 74.970 74.721 59.231 53.320 41.174 34.969 31.309 26.876 22.237 19.914 16.327 15.210 14.403 14.231 17.990 23.808 30.052 32.635 41.434 47.005 56.324 53.727 58.640 67.022 65.293 59.018 56.188 54.222 56.732 62.010 51.957 49.038 49.153 48.081 47.035
-999.250 -999.250 -999.250 -999.250 -999.250 -999.250 -999.250 -999.250 -999.250 -999.250 -999.250 -999.250 -999.250 113.580 128.806 122.599 131.155 114.584 101.892 89.751 88.201 85.051 80.343 85.966 86.697 85.263 91.411 96.792 91.486 89.233 86.038 81.722 88.572 77.116 69.615 53.234 46.931 46.736 37.757 36.396 27.890 25.166 20.234 20.933 19.220 18.961 16.896 16.402 27.124 31.942 37.727 50.668 48.812 53.967 53.875 54.019 59.603 63.565 53.868 47.494 55.452 54.834 52.366 52.780 54.579 49.308 49.624 45.961
-999.250 -999.250 -999.250 -999.250 -999.250 -999.250 -999.250 -999.250 -999.250 -999.250 -999.250 -999.250 -999.250 109.298 113.961 114.263 118.355 110.093 98.170 85.280 84.364 78.682 81.961 83.523 94.448 92.200 95.167 96.512 93.213 92.131 85.882 89.146 77.435 71.735 65.899 58.662 49.720 48.998 40.379 32.554 27.043 26.356 22.498 25.417 21.466 19.720 18.750 20.736 25.611 32.136 37.611 35.354 34.928 46.499 50.558 54.288 49.576 50.568 49.180 46.116 49.998 40.745 49.412 45.039 47.380 45.819 40.161 37.465
-999.250 -999.250 -999.250 -999.250 -999.250 -999.250 -999.250 -999.250 -999.250 -999.250 -999.250 -999.250 -999.250 -999.250 106.373 105.261 106.857 99.383 82.919 81.039 76.364 78.674 84.225 97.141 94.497 91.775 93.418 94.549 96.909 92.115 90.310 89.132 90.208 74.267 68.755 56.290 48.276 50.405 41.367 31.648 29.077 26.728 25.477 27.155 24.522 21.431 24.751 22.564 22.877 26.593 29.857 28.563 33.759 30.685 35.493 43.940 45.998 39.868 48.600 48.829 42.518 36.078 38.550 36.729 35.080 39.195 35.764 38.481
-999.250 -999.250 -999.250 -999.250 -999.250 -999.250 -999.250 -999.250 -999.250 -999.250 -999.250 -999.250 -999.250 -999.250 100.247 98.355 88.610 87.394 80.984 74.463 77.602 79.535 82.617 87.062 90.755 89.019 89.321 92.273 106.840 99.518 99.067 93.867 79.884 77.302 62.745 46.768 44.748 38.511 37.950 35.454 31.144 30.450 38.818 31.440 26.338 27.440 23.314 21.711 27.974 25.887 29.105 31.568 32.662 34.786 35.592 38.254 39.491 39.945 45.662 35.266 43.023 38.510 33.716 35.424 34.374 32.649 36.749 37.142
-999.250 -999.250 -999.250 -999.250 -999.250 -999.250 -999.250 -999.250 -999.250 -999.250 -999.250 -999.250 -999.250 -999.250 95.104 89.914 90.181 88.663 76.652 80.331 74.231 71.837 78.591 73.828 88.627 90.703 93.802 92.754 100.946 97.119 93.924 83.788 75.096 71.325 62.700 57.805 51.507 45.448 36.028 36.234 33.505 35.216 30.869 25.089 28.229 25.245 24.565 25.027 25.337 23.655 30.916 24.627 27.556 29.277 32.404 30.602 33.604 37.735 35.871 32.491 39.389 35.030 31.679 32.153 33.295 28.208 33.529 32.880
-999.250 -999.250 -999.250 -999.250 -999.250 -999.250 -999.250 -999.250 -999.250 -999.250 -999.250 -999.250 -999.250 -999.250 98.243 91.832 86.392 80.578 80.445 73.170 79.773 76.491 81.390 79.405 93.352 -999.250 86.443 91.179 95.933 92.082 86.119 82.712 77.728 66.295 57.169 55.099 52.901 47.271 42.666 38.349 35.984 35.520 30.625 26.323 27.071 25.018 26.191 28.110 29.317 21.187 28.388 25.823 24.677 26.423 25.729 26.125 24.944 30.894 32.286 30.763 30.111 31.699 31.491 32.679 30.957 26.308 27.903 31.449
-999.250 -999.250 -999.250 -999.250 -999.250 -999.250 -999.250 -999.250 -999.250 -999.250 -999.250 -999.250 -999.250 -999.250 96.816 87.480 89.050 84.148 77.267 72.803 76.675 80.436 75.000 -999.250 -999.250 -999.250 92.787 90.945 92.475 87.721 86.460 85.490 72.728 65.443 58.874 59.393 54.912 52.998 53.333 43.535 35.576 39.041 30.514 27.852 21.387 25.836 26.843 22.386 24.627 24.394 24.478 23.845 29.055 25.044 21.374 23.240 20.635 29.053 29.996 29.051 25.613 25.968 23.275 29.338 25.717 23.902 26.496 26.201
-999.250 -999.250 -999.250 -999.250 -999.250 -999.250 -999.250 -999.250 -999.250 -999.250 -999.250 -999.250 -999.250 88.297 82.184 90.284 91.245 82.109 76.007 76.327 84.237 77.889 -999.250 -999.250 -999.250 -999.250 -999.250 82.630 77.742 75.027 76.883 77.730 73.177 59.796 54.208 58.333 51.927 49.474 49.861 38.630 33.666 36.129 33.674 26.908 27.284 24.223 26.037 27.653 25.530 24.069 22.918 21.571 21.390 20.764 23.427 20.016 27.276 24.730 26.611 24.881 23.532 23.335 23.276 26.790 28.317 25.386 24.467 23.259
-999.250 -999.250 -999.250 -999.250 -999.250 -999.250 -999.250 -999.250 -999.250 -999.250 -999.250 -999.250 -999.250 88.273 92.622 88.525 89.815 83.733 82.937 80.109 -999.250 -999.250 -999.250 -999.250 -999.250 -999.250 -999.250 -999.250 69.843 68.470 72.756 71.723 67.023 54.184 53.893 53.267 40.605 37.040 33.344 34.350 32.906 36.975 26.223 26.671 26.441 22.042 21.874 23.436 22.860 19.520 20.349 22.746 20.641 24.174 20.268 22.808 24.366 23.139 20.400 22.747 20.675 19.879 21.373 19.833 20.471 21.920 21.103 22.997
-999.250 -999.250 -999.250 -999.250 -999.250 -999.250 -999.250 -999.250 -999.250 -999.250 -999.250 -999.250 80.237 76.158 -999.250 -999.250 -999.250 -999.250 -999.250 -999.250 -999.250 -999.250 -999.250 -999.250 -999.250 -999.250 -999.250 -999.250 -999.250 63.032 65.589 62.049 61.351 55.982 48.959 42.411 40.839 40.710 36.513 31.451 27.010 30.518 25.830 25.026 27.665 24.673 23.338 19.536 18.213 17.538 17.282 19.725 20.244 18.778 22.421 18.332 21.383 19.406 21.133 18.497 19.000 21.051 16.070 17.962 20.319 20.076 16.699 17.192
-999.250 -999.250 -999.250 -999.250 -999.250 -999.250 -999.250 -999.250 -999.250 -999.250 -999.250 -999.250 -999.250 -999.250 -999.250 -999.250 -999.250 -999.250 -999.250 -999.250 -999.250 -999.250 -999.250 -999.250 -999.250 -999.250 -999.250 -999.250 -999.250 -999.250 58.776 58.275 61.965 53.258 41.651 43.426 35.751 32.289 30.694 32.566 28.784 28.370 23.793 22.342 22.398 22.507 22.530 19.322 18.928 20.306 17.726 17.605 18.437 18.750 17.035 17.977 17.133 19.986 19.323 18.217 21.202 15.364 17.391 16.812 17.181 18.246 18.085 17.472
-999.250 -999.250 -999.250 -999.250 -999.250 -999.250 -999.250 -999.250 -999.250 -999.250 -999.250 -999.250 -999.250 -999.250 -999.250 -999.250 -999.250 -999.250 -999.250 -999.250 -999.250 -999.250 -999.250 -999.250 -999.250 -999.250 -999.250 -999.250 -999.250 -999.250 47.654 46.704 53.107 44.015 45.221 37.707 35.281 24.359 30.210 32.344 29.735 25.249 25.421 20.426 21.083 23.180 20.051 19.583 21.928 20.050 19.685 17.688 19.212 21.585 17.752 16.860 13.258 13.413 14.255 15.303 17.417 16.121 18.026 15.553 16.851 16.921 16.830 12.074
-999.250 -999.250 -999.250 -999.250 -999.250 -999.250 -999.250 -999.250 -999.250 -999.250 -999.250 -999.250 -999.250 -999.250 -999.250 -999.250 -999.250 -999.250 -999.250 -999.250 -999.250 -999.250 -999.250 -999.250 -999.250 -999.250 -999.250 -999.250 -999.250 -999.250 37.317 46.464 50.501 37.416 40.228 29.546 28.762 25.552 23.029 21.979 25.492 27.519 23.387 22.823 21.172 22.488 23.396 20.072 19.192 20.012 20.992 20.237 17.542 16.902 15.797 17.805 13.605 16.387 15.182 16.248 15.943 16.163 15.012 16.541 12.801 13.423 9.032 11.281
