data/medianmodel_17-Jun-2020.asc
ncols	141
nrows	288
xllcorner	-120191.398
yllcorner	-301404.813
cellsize	2000.000
NODATA_value	-999.250
[rows 124 to 154 of 288, columns 0 to 68 of 141]
-999.250 -999.250 -999.250 -999.250 -999.250 -999.250 -999.250 -999.250 -999.250 -999.250 -999.250 -999.250 -999.250 -999.250 -999.250 -999.250 -999.250 -999.250 -999.250 -999.250 -999.250 -999.250 -999.250 -999.250 4.961 4.807 2.229 2.470 3.131 5.634 4.321 6.015 5.175 5.953 5.513 7.026 7.459 13.230 16.561 10.203 7.854 4.287 1.817 0.000 0.000 0.000 0.000 0.000 0.000 0.000 0.000 0.000 0.000 0.000 0.000 0.000 0.000 0.000 0.000 0.000 0.663 2.824 4.914 7.593 9.771 8.332 9.235 14.304 14.869
-999.250 -999.250 -999.250 -999.250 -999.250 -999.250 -999.250 -999.250 -999.250 -999.250 -999.250 -999.250 -999.250 -999.250 -999.250 -999.250 -999.250 -999.250 -999.250 -999.250 -999.250 -999.250 -999.250 -999.250 3.317 3.341 2.624 5.358 5.476 7.085 7.116 5.729 5.919 3.735 5.459 3.916 5.377 8.647 6.660 5.707 4.684 3.219 2.235 0.000 0.000 0.000 0.000 0.000 0.000 0.000 0.000 0.000 0.000 0.000 0.000 0.000 0.000 0.000 0.000 0.000 0.000 3.093 4.348 4.880 6.233 8.529 10.602 11.400 12.786
-999.250 -999.250 -999.250 -999.250 -999.250 -999.250 -999.250 -999.250 -999.250 -999.250 -999.250 -999.250 -999.250 -999.250 -999.250 -999.250 -999.250 -999.250 -999.250 -999.250 -999.250 -999.250 -999.250 4.317 6.310 2.968 6.495 5.343 6.574 7.615 6.130 5.730 3.350 2.909 3.312 4.083 4.623 3.358 8.613 4.408 4.452 2.655 0.106 1.867 0.000 0.000 0.000 0.000 0.000 0.000 0.000 0.000 0.000 0.000 0.000 0.000 0.000 0.000 0.000 0.000 0.000 0.000 1.501 2.389 6.663 7.186 7.033 7.027 13.788
-999.250 -999.250 -999.250 -999.250 -999.250 -999.250 -999.250 -999.250 -999.250 -999.250 -999.250 -999.250 -999.250 -999.250 -999.250 -999.250 -999.250 -999.250 -999.250 -999.250 -999.250 -999.250 -999.250 5.568 2.350 3.221 3.730 6.824 6.815 4.214 3.863 5.499 4.420 5.091 6.133 2.656 0.904 4.591 4.447 5.219 5.804 0.110 0.000 0.207 0.000 0.000 0.000 0.000 0.000 0.000 0.000 0.000 0.000 0.000 0.000 0.000 0.000 0.000 0.000 0.000 0.000 0.000 0.000 1.342 4.063 3.873 6.960 8.793 11.970
-999.250 -999.250 -999.250 -999.250 -999.250 -999.250 -999.250 -999.250 -999.250 -999.250 -999.250 -999.250 -999.250 -999.250 -999.250 -999.250 -999.250 -999.250 -999.250 -999.250 -999.250 -999.250 -999.250 5.258 5.073 3.839 4.787 7.590 2.844 3.792 5.515 7.530 5.760 7.176 7.124 4.853 1.935 3.691 4.494 4.769 6.196 3.500 0.970 0.000 0.000 0.000 0.000 0.000 0.000 0.000 0.000 0.000 0.000 0.000 0.000 0.000 0.000 0.000 0.000 0.000 0.000 0.000 0.000 0.000 0.000 3.366 6.101 8.703 12.880
-999.250 -999.250 -999.250 -999.250 -999.250 -999.250 -999.250 -999.250 -999.250 -999.250 -999.250 -999.250 -999.250 -999.250 -999.250 -999.250 -999.250 -999.250 -999.250 -999.250 -999.250 -999.250 9.818 6.619 6.100 5.966 4.200 4.655 2.927 1.377 3.049 4.959 7.777 3.240 2.873 2.555 2.152 4.646 6.043 5.469 4.620 1.895 1.040 0.000 0.000 0.000 0.000 0.000 0.000 0.000 0.000 0.000 0.000 0.000 0.000 0.000 0.000 0.000 0.000 0.000 0.000 0.000 0.000 0.000 0.000 4.561 6.573 8.424 8.873
-999.250 -999.250 -999.250 -999.250 -999.250 -999.250 -999.250 -999.250 -999.250 -999.250 -999.250 -999.250 -999.250 -999.250 -999.250 -999.250 -999.250 -999.250 -999.250 -999.250 -999.250 -999.250 10.130 5.751 5.451 5.063 5.119 3.227 3.270 1.032 3.486 4.259 1.016 2.821 3.518 4.661 3.007 2.993 1.768 1.164 0.000 0.000 0.000 0.000 0.000 0.000 0.000 0.000 0.000 0.000 0.000 0.000 0.000 0.000 0.000 0.000 0.000 0.000 0.000 0.000 0.000 0.000 0.000 3.215 4.756 4.508 3.409 5.372 7.260
-999.250 -999.250 -999.250 -999.250 -999.250 -999.250 -999.250 -999.250 -999.250 -999.250 -999.250 -999.250 -999.250 -999.250 -999.250 -999.250 -999.250 -999.250 -999.250 -999.250 -999.250 19.428 15.169 4.291 7.791 4.530 3.984 5.720 2.420 2.531 6.386 1.965 0.260 0.282 1.186 1.795 3.542 2.419 0.926 1.236 0.435 0.395 0.000 0.000 0.000 0.000 0.000 0.000 0.000 0.000 0.000 0.000 0.000 0.000 0.000 0.000 0.000 0.000 0.000 0.000 0.000 0.147 0.938 4.213 3.638 5.176 7.050 5.413 6.953
-999.250 -999.250 -999.250 -999.250 -999.250 -999.250 -999.250 -999.250 -999.250 -999.250 -999.250 -999.250 -999.250 -999.250 -999.250 -999.250 -999.250 -999.250 -999.250 -999.250 -999.250 16.708 12.001 8.608 3.310 3.426 4.951 5.439 3.330 3.489 0.815 0.000 0.000 0.226 0.259 0.000 0.000 0.000 0.665 1.293 1.183 0.000 0.000 0.000 0.000 0.000 0.000 0.000 0.000 0.000 0.000 0.000 0.000 0.000 0.000 0.000 0.000 0.000 0.000 0.000 0.000 3.533 3.655 4.967 4.520 5.636 7.573 8.035 7.684
-999.250 -999.250 -999.250 -999.250 -999.250 -999.250 -999.250 -999.250 -999.250 -999.250 -999.250 -999.250 -999.250 -999.250 -999.250 -999.250 -999.250 -999.250 -999.250 -999.250 -999.250 17.559 13.605 8.865 10.159 9.328 5.951 7.617 7.058 2.435 0.000 0.000 0.000 0.767 2.278 1.944 2.995 0.000 0.000 0.000 0.000 0.000 0.000 0.000 0.000 0.000 0.000 0.000 0.000 0.000 0.000 0.000 0.000 0.000 0.000 0.000 0.000 0.000 0.000 0.000 0.018 3.788 6.816 7.771 7.383 7.052 10.605 10.206 6.488
-999.250 -999.250 -999.250 -999.250 -999.250 -999.250 -999.250 -999.250 -999.250 -999.250 -999.250 -999.250 -999.250 -999.250 -999.250 -999.250 -999.250 -999.250 -999.250 -999.250 22.171 16.468 14.625 16.261 13.997 11.841 9.417 11.962 9.572 4.967 1.688 2.212 1.375 1.458 3.564 4.194 2.715 0.000 0.000 0.000 0.000 0.000 0.000 0.000 0.000 0.000 0.000 0.000 0.000 0.000 0.000 0.000 0.000 0.000 0.000 0.000 0.000 0.000 0.000 0.000 0.000 1.697 6.840 7.305 10.407 7.287 8.213 7.389 6.965
-999.250 -999.250 -999.250 -999.250 -999.250 -999.250 -999.250 -999.250 -999.250 -999.250 -999.250 -999.250 -999.250 -999.250 -999.250 -999.250 -999.250 -999.250 -999.250 -999.250 21.955 17.052 19.923 13.394 16.259 14.575 10.667 9.905 10.648 9.282 6.158 4.732 2.798 1.606 2.151 4.707 3.493 0.574 0.000 0.000 0.000 0.000 0.000 0.000 0.000 0.000 0.000 0.000 0.000 0.000 0.000 0.000 0.000 0.000 0.000 0.000 0.000 0.000 0.000 0.000 0.000 3.377 7.451 8.715 11.427 13.671 7.522 10.786 12.950
-999.250 -999.250 -999.250 -999.250 -999.250 -999.250 -999.250 -999.250 -999.250 -999.250 -999.250 -999.250 -999.250 -999.250 -999.250 -999.250 -999.250 -999.250 -999.250 -999.250 22.834 25.166 17.573 25.904 22.997 14.229 14.478 11.585 12.841 5.465 5.940 3.855 2.386 1.578 1.353 3.463 1.178 2.393 0.000 0.000 0.000 0.000 0.000 0.000 0.000 0.000 0.000 0.000 0.000 0.000 0.000 0.000 0.000 0.000 0.000 0.000 0.000 0.000 0.000 0.000 0.000 3.021 5.728 9.618 12.520 11.568 9.927 12.808 14.147
-999.250 -999.250 -999.250 -999.250 -999.250 -999.250 -999.250 -999.250 -999.250 -999.250 -999.250 -999.250 -999.250 -999.250 -999.250 -999.250 -999.250 -999.250 -999.250 -999.250 21.816 20.164 19.770 24.647 21.620 14.404 18.743 10.561 12.819 6.468 6.264 1.945 1.743 1.334 0.690 2.987 2.877 0.000 0.000 0.000 2.271 0.000 0.000 0.000 0.000 0.000 0.000 0.000 0.000 0.000 0.000 0.000 0.000 0.000 0.000 0.000 0.000 0.000 0.000 0.000 0.000 3.587 5.946 10.457 9.641 10.138 10.729 11.461 14.724
-999.250 -999.250 -999.250 -999.250 -999.250 -999.250 -999.250 -999.250 -999.250 -999.250 -999.250 -999.250 -999.250 -999.250 -999.250 -999.250 -999.250 -999.250 -999.250 22.606 15.041 14.068 19.887 17.904 22.205 19.085 16.224 15.916 11.161 5.784 0.801 0.707 0.390 0.000 0.234 2.023 0.274 1.805 0.000 0.000 0.000 0.000 0.000 0.000 0.000 0.000 0.000 0.000 0.000 0.000 0.000 0.000 0.000 0.000 0.000 0.000 0.000 0.000 0.000 0.000 0.000 3.612 6.775 8.257 7.588 13.505 10.714 14.366 15.455
-999.250 -999.250 -999.250 -999.250 -999.250 -999.250 -999.250 -999.250 -999.250 -999.250 -999.250 -999.250 -999.250 -999.250 -999.250 -999.250 -999.250 -999.250 -999.250 14.714 8.202 9.371 14.519 21.818 25.042 22.544 20.733 18.451 11.327 5.302 2.458 1.493 0.000 0.244 0.711 1.085 0.000 0.000 1.510 0.000 0.000 0.000 0.000 0.000 0.000 0.000 0.000 0.000 0.000 0.000 0.000 0.000 0.000 0.000 0.000 0.000 0.000 0.000 0.000 0.000 1.141 4.074 8.921 11.398 12.864 11.922 8.991 9.339 15.793
-999.250 -999.250 -999.250 -999.250 -999.250 -999.250 -999.250 -999.250 -999.250 -999.250 -999.250 -999.250 -999.250 -999.250 -999.250 -999.250 -999.250 -999.250 -999.250 7.078 0.000 4.738 14.032 29.435 30.290 29.674 23.753 17.516 16.025 9.191 12.889 4.971 2.863 3.297 3.296 0.000 2.748 3.112 1.107 0.000 0.345 0.000 0.000 0.000 0.000 0.000 0.000 0.000 0.000 0.000 0.000 0.000 0.000 0.000 0.000 0.000 0.000 0.000 0.000 0.000 0.075 3.891 8.796 13.290 16.111 15.197 9.099 8.511 14.991
-999.250 -999.250 -999.250 -999.250 -999.250 -999.250 -999.250 -999.250 -999.250 -999.250 -999.250 -999.250 -999.250 -999.250 -999.250 -999.250 -999.250 -999.250 -999.250 7.990 5.024 16.629 30.189 31.767 39.761 32.536 29.688 34.173 23.402 11.961 9.155 8.562 5.401 3.721 1.389 3.218 4.509 3.531 2.612 1.441 0.000 0.000 0.000 0.000 0.000 0.000 0.000 0.000 0.000 0.000 0.000 0.000 0.000 0.000 0.000 0.000 0.000 0.000 0.000 0.000 0.680 5.272 12.587 21.662 21.061 19.386 13.454 15.232 12.506
-999.250 -999.250 -999.250 -999.250 -999.250 -999.250 -999.250 -999.250 -999.250 -999.250 -999.250 -999.250 -999.250 -999.250 -999.250 -999.250 -999.250 -999.250 -999.250 17.379 18.924 29.940 49.700 58.105 59.147 36.405 39.973 29.912 31.476 14.395 13.129 7.166 6.533 7.386 5.787 7.304 7.011 8.652 10.540 4.145 0.693 0.000 0.000 0.000 0.000 0.000 0.000 0.000 0.000 0.000 0.000 0.000 0.000 0.000 0.000 0.000 0.000 0.000 0.000 0.000 0.409 4.394 13.814 26.514 47.870 24.257 11.052 8.048 9.629
-999.250 -999.250 -999.250 -999.250 -999.250 -999.250 -999.250 -999.250 -999.250 -999.250 -999.250 -999.250 -999.250 -999.250 -999.250 -999.250 -999.250 -999.250 23.442 22.643 27.291 48.887 71.846 100.831 70.193 42.079 27.667 21.121 28.141 16.666 15.458 9.065 8.667 9.251 5.893 5.684 7.341 5.516 7.113 4.389 0.000 0.861 0.000 0.000 0.000 0.000 0.000 0.000 0.000 0.000 0.000 0.000 0.000 0.000 0.000 0.000 0.000 0.000 0.000 0.000 0.000 2.974 7.995 14.424 21.869 12.446 11.334 8.370 7.724
-999.250 -999.250 -999.250 -999.250 -999.250 -999.250 -999.250 -999.250 -999.250 -999.250 -999.250 -999.250 -999.250 -999.250 -999.250 -999.250 -999.250 30.459 26.344 30.096 41.407 46.441 65.215 74.168 71.386 57.009 39.843 26.003 24.655 18.997 12.995 13.034 8.907 8.862 11.297 8.419 8.878 6.553 2.525 3.526 0.000 0.535 0.000 0.000 0.000 0.000 0.000 0.000 0.000 0.000 0.000 0.000 0.000 0.000 0.000 0.000 0.000 0.000 0.000 0.000 0.000 0.035 7.192 10.317 9.043 8.963 5.378 4.232 8.347
-999.250 -999.250 -999.250 -999.250 -999.250 -999.250 -999.250 -999.250 -999.250 -999.250 -999.250 -999.250 -999.250 -999.250 -999.250 -999.250 -999.250 37.799 33.282 38.781 41.891 48.872 54.483 65.861 47.021 51.337 40.525 35.197 17.049 16.801 18.367 14.199 17.723 9.832 11.332 12.447 8.949 6.972 5.083 1.627 0.000 0.000 0.000 0.000 2.552 0.000 0.000 0.000 0.000 0.000 0.000 0.000 0.000 0.000 0.000 0.000 0.000 0.000 0.000 0.000 0.000 1.555 8.361 9.234 11.464 8.928 10.826 5.772 6.863
-999.250 -999.250 -999.250 -999.250 -999.250 -999.250 -999.250 -999.250 -999.250 -999.250 -999.250 -999.250 -999.250 -999.250 -999.250 39.047 52.157 31.903 31.294 50.229 45.840 50.984 45.429 53.013 33.502 27.606 25.583 29.724 19.459 17.435 14.617 17.545 17.295 11.171 10.965 14.889 13.440 10.556 7.470 0.000 1.986 2.863 0.000 3.565 7.044 4.375 1.788 0.170 0.000 0.000 0.000 0.000 0.000 0.000 0.000 0.000 0.000 0.000 0.000 0.000 2.032 2.670 9.000 10.263 10.393 7.040 4.894 4.943 1.466
-999.250 -999.250 -999.250 -999.250 -999.250 -999.250 -999.250 -999.250 -999.250 -999.250 -999.250 -999.250 -999.250 -999.250 64.774 47.307 51.555 37.318 42.544 45.425 51.645 39.740 43.975 32.338 31.873 28.953 25.767 20.418 19.028 17.654 16.176 10.405 16.040 10.135 10.177 14.668 16.412 19.679 7.859 4.800 0.025 1.784 1.688 10.221 10.911 16.143 8.811 7.354 0.000 0.000 0.000 0.000 0.000 0.000 0.000 0.000 0.000 0.000 0.000 0.000 0.000 4.407 3.595 5.842 7.629 6.378 6.989 2.148 0.000
-999.250 -999.250 -999.250 -999.250 -999.250 -999.250 -999.250 -999.250 -999.250 -999.250 -999.250 -999.250 -999.250 -999.250 51.907 38.498 37.081 34.455 43.807 55.459 48.313 53.126 41.739 47.934 24.144 21.686 22.376 20.431 17.567 13.897 15.232 12.288 16.689 18.151 13.281 13.082 20.819 31.228 14.702 8.194 4.861 1.291 7.343 8.728 24.310 37.109 17.225 13.403 0.000 0.000 0.000 0.000 0.000 0.000 0.000 0.000 0.000 0.000 0.000 0.000 1.825 4.037 6.063 3.489 4.457 6.556 5.800 0.000 0.000
-999.250 -999.250 -999.250 -999.250 -999.250 -999.250 -999.250 -999.250 -999.250 -999.250 -999.250 -999.250 -999.250 64.666 40.297 44.358 46.198 42.388 55.138 49.538 55.011 49.816 34.933 36.316 34.722 30.322 28.818 31.745 24.671 11.109 12.093 16.319 17.433 19.295 12.399 11.338 17.053 15.686 13.958 8.600 9.101 3.401 6.840 10.080 21.776 17.416 11.240 3.996 0.000 0.000 0.000 0.000 0.000 0.000 0.000 0.000 0.000 0.000 0.000 0.549 3.984 1.776 1.823 1.951 4.218 2.207 1.078 1.128 0.000
-999.250 -999.250 -999.250 -999.250 -999.250 -999.250 -999.250 -999.250 -999.250 -999.250 -999.250 -999.250 53.870 58.825 53.232 52.014 44.164 51.392 63.415 69.511 60.237 48.644 35.192 52.421 45.705 35.993 21.759 26.466 16.154 17.695 18.535 16.516 17.629 17.085 10.551 8.591 10.481 9.671 13.484 11.187 6.807 4.357 3.738 4.160 6.766 5.661 0.000 0.000 0.000 0.000 0.000 0.000 0.000 0.000 0.000 0.000 0.000 0.000 0.000 0.000 0.829 0.000 0.023 1.399 2.815 0.000 0.000 0.956 0.000
-999.250 -999.250 -999.250 -999.250 -999.250 -999.250 -999.250 -999.250 -999.250 -999.250 -999.250 49.074 64.161 61.119 49.582 42.621 62.658 42.199 61.558 56.560 54.398 53.235 40.713 46.213 53.185 33.003 36.692 28.064 34.000 21.259 18.543 16.803 17.017 13.930 11.131 7.659 12.821 10.045 7.090 9.044 3.266 3.548 0.190 0.000 0.000 0.000 0.000 0.000 0.000 0.000 0.000 0.000 0.000 0.000 0.000 0.000 0.000 0.000 0.000 0.000 0.000 0.000 0.034 3.494 0.161 0.000 0.980 1.425 0.675
-999.250 -999.250 -999.250 -999.250 -999.250 -999.250 -999.250 -999.250 -999.250 -999.250 49.901 38.706 59.380 53.291 59.051 73.830 76.983 63.241 59.906 74.410 68.500 50.742 39.003 49.297 49.082 36.374 36.661 28.942 29.894 23.027 18.298 16.670 13.936 13.993 12.451 10.295 7.852 9.426 6.990 6.460 2.394 0.000 0.000 0.000 0.000 0.000 0.000 0.000 0.000 0.000 0.000 0.000 0.000 0.000 0.000 0.000 0.000 0.000 0.000 0.000 0.000 0.000 0.000 0.000 0.000 0.000 0.810 3.307 0.802
-999.250 -999.250 -999.250 -999.250 -999.250 -999.250 -999.250 -999.250 -999.250 48.531 43.811 44.116 67.571 73.295 81.015 92.827 63.602 58.211 77.630 86.685 67.122 45.161 36.868 48.691 39.384 33.875 39.607 17.909 20.565 23.096 25.840 22.745 17.040 16.680 9.558 13.245 10.736 10.686 6.404 2.536 2.382 0.000 0.000 0.000 0.000 0.000 0.000 0.000 0.000 0.000 0.000 0.000 0.000 0.000 0.000 0.000 0.000 0.000 0.000 0.000 0.000 0.000 0.000 0.000 0.000 0.000 0.000 2.120 2.792
-999.250 -999.250 -999.250 -999.250 -999.250 49.371 64.148 51.813 43.505 46.918 38.396 46.770 62.834 69.343 74.143 76.288 56.949 68.139 59.072 70.377 56.707 60.747 50.241 36.002 18.144 16.950 16.946 19.189 17.326 19.345 26.920 20.506 15.571 15.815 15.728 18.137 13.716 9.207 5.650 3.817 3.712 0.000 0.000 0.000 0.000 0.000 0.000 0.000 0.000 0.000 0.000 0.000 0.000 0.000 0.000 0.000 0.000 0.000 0.000 0.000 0.000 0.000 0.000 0.000 0.255 0.000 0.000 1.480 4.632
