data/medianmodel_11-Jan-2021.asc
ncols	141
nrows	288
xllcorner	-120191.398
yllcorner	-301404.813
cellsize	2000.000
NODATA_value	-999.250
[rows 0 to 27 of 288, columns 64 to 127 of 141]
-999.250 -999.250 -999.250 -999.250 -999.250 -999.250 -999.250 -999.250 -999.250 -999.250 -999.250 -999.250 -999.250 -999.250 -999.250 -999.250 -999.250 -999.250 -999.250 -999.250 -999.250 -999.250 -999.250 -999.250 -999.250 -999.250 -999.250 -999.250 -999.250 -999.250 -999.250 -999.250 -999.250 -999.250 -999.250 -999.250 -999.250 -999.250 -999.250 -999.250 -999.250 -999.250 -999.250 -999.250 -999.250 -999.250 -999.250 -999.250 -999.250 -999.250 -999.250 -999.250 -999.250 -999.250 -999.250 -999.250 -999.250 -999.250 -999.250 -999.250 -999.250 -999.250 -999.250 -999.250
-999.250 -999.250 -999.250 -999.250 -999.250 -999.250 -999.250 -999.250 -999.250 -999.250 -999.250 -999.250 -999.250 -999.250 -999.250 -999.250 -999.250 -999.250 -999.250 -999.250 -999.250 -999.250 -999.250 -999.250 -999.250 -999.250 -999.250 -999.250 -999.250 -999.250 -999.250 -999.250 -999.250 -999.250 -999.250 -999.250 -999.250 -999.250 -999.250 -999.250 -999.250 -999.250 -999.250 -999.250 -999.250 -999.250 -999.250 -999.250 -999.250 -999.250 -999.250 -999.250 -999.250 -999.250 -999.250 -999.250 -999.250 -999.250 -999.250 -999.250 -999.250 -999.250 -999.250 -999.250
-999.250 -999.250 -999.250 -999.250 -999.250 -999.250 -999.250 -999.250 -999.250 -999.250 -999.250 -999.250 -999.250 -999.250 -999.250 -999.250 -999.250 -999.250 -999.250 -999.250 -999.250 -999.250 -999.250 -999.250 -999.250 -999.250 -999.250 -999.250 -999.250 -999.250 -999.250 -999.250 -999.250 -999.250 -999.250 -999.250 -999.250 -999.250 -999.250 -999.250 -999.250 -999.250 -999.250 -999.250 -999.250 -999.250 -999.250 -999.250 -999.250 -999.250 -999.250 -999.250 -999.250 -999.250 -999.250 -999.250 -999.250 -999.250 -999.250 -999.250 -999.250 -999.250 -999.250 -999.250
-999.250 -999.250 -999.250 -999.250 -999.250 -999.250 -999.250 -999.250 -999.250 -999.250 -999.250 -999.250 -999.250 -999.250 -999.250 -999.250 -999.250 -999.250 -999.250 -999.250 -999.250 -999.250 -999.250 -999.250 -999.250 -999.250 -999.250 -999.250 -999.250 -999.250 -999.250 -999.250 -999.250 -999.250 -999.250 -999.250 -999.250 -999.250 -999.250 -999.250 -999.250 -999.250 -999.250 -999.250 -999.250 -999.250 -999.250 -999.250 -999.250 -999.250 -999.250 -999.250 -999.250 -999.250 -999.250 -999.250 -999.250 -999.250 -999.250 -999.250 -999.250 -999.250 -999.250 -999.250
-999.250 -999.250 -999.250 -999.250 -999.250 -999.250 -999.250 -999.250 -999.250 -999.250 -999.250 -999.250 -999.250 -999.250 -999.250 -999.250 -999.250 -999.250 -999.250 -999.250 -999.250 -999.250 -999.250 -999.250 -999.250 -999.250 -999.250 -999.250 -999.250 -999.250 -999.250 -999.250 -999.250 -999.250 -999.250 -999.250 -999.250 -999.250 -999.250 -999.250 -999.250 -999.250 -999.250 -999.250 -999.250 -999.250 -999.250 -999.250 -999.250 -999.250 -999.250 -999.250 -999.250 -999.250 -999.250 -999.250 -999.250 -999.250 -999.250 -999.250 -999.250 -999.250 -999.250 -999.250
-999.250 -999.250 -999.250 -999.250 -999.250 -999.250 -999.250 -999.250 -999.250 -999.250 -999.250 -999.250 -999.250 -999.250 -999.250 -999.250 -999.250 -999.250 -999.250 -999.250 -999.250 -999.250 -999.250 -999.250 -999.250 -999.250 -999.250 -999.250 -999.250 -999.250 -999.250 -999.250 -999.250 -999.250 -999.250 -999.250 -999.250 -999.250 -999.250 -999.250 -999.250 -999.250 -999.250 -999.250 -999.250 -999.250 -999.250 -999.250 -999.250 -999.250 -999.250 -999.250 -999.250 -999.250 -999.250 -999.250 -999.250 -999.250 -999.250 -999.250 -999.250 -999.250 -999.250 -999.250
-999.250 -999.250 -999.250 -999.250 -999.250 -999.250 -999.250 -999.250 -999.250 -999.250 -999.250 -999.250 -999.250 -999.250 -999.250 -999.250 -999.250 -999.250 -999.250 -999.250 -999.250 -999.250 -999.250 -999.250 -999.250 -999.250 -999.250 -999.250 -999.250 -999.250 -999.250 -999.250 -999.250 -999.250 -999.250 -999.250 -999.250 -999.250 -999.250 -999.250 -999.250 -999.250 -999.250 -999.250 -999.250 -999.250 -999.250 -999.250 -999.250 -999.250 -999.250 -999.250 -999.250 -999.250 -999.250 -999.250 -999.250 -999.250 -999.250 -999.250 -999.250 -999.250 -999.250 -999.250
-999.250 -999.250 -999.250 -999.250 -999.250 -999.250 -999.250 -999.250 -999.250 -999.250 -999.250 -999.250 -999.250 -999.250 -999.250 -999.250 -999.250 -999.250 -999.250 -999.250 -999.250 -999.250 -999.250 -999.250 -999.250 -999.250 -999.250 -999.250 -999.250 -999.250 -999.250 -999.250 -999.250 -999.250 -999.250 -999.250 -999.250 -999.250 -999.250 -999.250 -999.250 -999.250 -999.250 -999.250 -999.250 -999.250 -999.250 -999.250 -999.250 -999.250 -999.250 -999.250 -999.250 -999.250 -999.250 -999.250 -999.250 -999.250 -999.250 -999.250 -999.250 -999.250 -999.250 -999.250
-999.250 -999.250 -999.250 -999.250 -999.250 -999.250 -999.250 -999.250 -999.250 -999.250 -999.250 -999.250 -999.250 -999.250 -999.250 -999.250 -999.250 -999.250 -999.250 -999.250 -999.250 -999.250 -999.250 -999.250 -999.250 -999.250 -999.250 -999.250 -999.250 -999.250 -999.250 -999.250 -999.250 -999.250 -999.250 -999.250 -999.250 -999.250 -999.250 -999.250 -999.250 -999.250 -999.250 -999.250 -999.250 -999.250 -999.250 -999.250 -999.250 -999.250 1009.648 -999.250 -999.250 -999.250 -999.250 -999.250 -999.250 -999.250 -999.250 -999.250 -999.250 -999.250 -999.250 -999.250
-999.250 -999.250 -999.250 -999.250 -999.250 -999.250 -999.250 -999.250 -999.250 -999.250 -999.250 -999.250 -999.250 -999.250 -999.250 -999.250 -999.250 -999.250 -999.250 -999.250 -999.250 -999.250 -999.250 -999.250 -999.250 -999.250 -999.250 -999.250 -999.250 -999.250 -999.250 -999.250 -999.250 -999.250 -999.250 709.788 686.725 632.679 624.635 -999.250 -999.250 -999.250 -999.250 722.555 -999.250 -999.250 -999.250 -999.250 -999.250 -999.250 1001.855 1047.308 -999.250 -999.250 -999.250 -999.250 -999.250 -999.250 -999.250 -999.250 -999.250 -999.250 -999.250 -999.250
-999.250 -999.250 -999.250 -999.250 -999.250 -999.250 -999.250 -999.250 -999.250 -999.250 -999.250 -999.250 -999.250 -999.250 -999.250 -999.250 -999.250 -999.250 -999.250 -999.250 -999.250 -999.250 -999.250 -999.250 -999.250 -999.250 -999.250 -999.250 -999.250 -999.250 -999.250 -999.250 -999.250 -999.250 -999.250 718.150 662.294 636.548 622.115 -999.250 -999.250 -999.250 677.767 692.562 702.995 -999.250 -999.250 -999.250 -999.250 -999.250 997.191 1012.478 1082.110 -999.250 -999.250 -999.250 -999.250 -999.250 -999.250 1138.375 1189.437 -999.250 -999.250 -999.250
-999.250 -999.250 -999.250 -999.250 -999.250 -999.250 -999.250 -999.250 -999.250 -999.250 -999.250 -999.250 -999.250 -999.250 -999.250 -999.250 -999.250 -999.250 -999.250 -999.250 -999.250 -999.250 -999.250 -999.250 -999.250 -999.250 -999.250 -999.250 -999.250 -999.250 -999.250 -999.250 -999.250 -999.250 -999.250 694.438 634.814 588.111 585.843 582.601 594.896 596.148 606.051 644.609 699.198 734.138 779.046 830.655 868.114 939.976 997.582 1019.150 998.591 1038.090 1046.676 1068.688 1133.907 1174.402 1129.079 1088.898 1157.649 -999.250 -999.250 -999.250
-999.250 -999.250 -999.250 -999.250 -999.250 1002.284 -999.250 -999.250 -999.250 -999.250 -999.250 -999.250 -999.250 -999.250 -999.250 -999.250 -999.250 -999.250 -999.250 -999.250 -999.250 -999.250 -999.250 -999.250 -999.250 -999.250 -999.250 -999.250 -999.250 -999.250 -999.250 -999.250 -999.250 -999.250 -999.250 610.074 580.817 584.996 532.691 552.834 514.574 555.856 584.722 612.109 657.437 714.311 747.517 817.948 856.893 942.132 937.817 997.282 1027.249 1066.659 1083.868 1083.471 1070.939 1132.715 1118.080 1089.702 1134.437 -999.250 -999.250 -999.250
-999.250 -999.250 -999.250 -999.250 -999.250 1096.091 -999.250 -999.250 -999.250 -999.250 -999.250 -999.250 -999.250 1125.408 -999.250 -999.250 -999.250 -999.250 -999.250 -999.250 -999.250 -999.250 -999.250 -999.250 -999.250 -999.250 -999.250 -999.250 -999.250 -999.250 -999.250 -999.250 -999.250 -999.250 -999.250 608.577 577.158 574.341 498.764 498.064 509.746 532.484 550.251 574.780 669.466 680.682 784.799 815.962 853.007 907.884 953.047 982.329 1023.445 1049.481 1043.766 1113.214 1088.315 1059.652 1039.312 1058.954 1046.611 -999.250 -999.250 -999.250
-999.250 -999.250 -999.250 -999.250 -999.250 1149.759 -999.250 -999.250 -999.250 -999.250 1174.717 1159.448 1178.329 1239.829 1222.864 -999.250 -999.250 -999.250 -999.250 -999.250 -999.250 -999.250 -999.250 -999.250 -999.250 -999.250 -999.250 -999.250 -999.250 -999.250 -999.250 -999.250 -999.250 -999.250 -999.250 573.295 576.915 545.262 467.274 488.597 514.428 518.703 535.501 561.196 624.915 705.181 736.320 796.089 861.646 905.517 936.815 974.670 1029.365 1110.960 1073.868 1045.437 1063.956 1079.685 1039.827 1021.882 1039.105 1032.994 -999.250 -999.250
-999.250 -999.250 1046.080 1086.238 1189.059 1135.916 -999.250 -999.250 1270.783 1282.935 1266.515 1304.459 1322.424 1320.506 1304.008 1250.712 1236.699 1265.133 -999.250 -999.250 -999.250 -999.250 -999.250 -999.250 -999.250 -999.250 -999.250 -999.250 -999.250 -999.250 -999.250 -999.250 754.236 655.492 630.911 590.318 579.662 489.205 497.969 489.420 483.333 502.345 509.024 566.789 607.099 678.300 718.231 804.152 866.707 881.280 958.727 971.138 1036.596 1075.326 1081.073 1076.003 1056.206 1027.806 1008.582 1067.059 1035.353 1043.146 -999.250 -999.250
-999.250 1112.076 1132.896 1164.807 1237.443 1240.427 -999.250 1308.158 1360.494 1255.891 1300.449 1392.522 1343.627 1320.992 1355.521 1322.017 1363.837 -999.250 -999.250 -999.250 -999.250 -999.250 1273.574 1181.249 -999.250 -999.250 -999.250 1014.425 -999.250 -999.250 850.643 815.048 740.671 659.482 639.467 551.261 534.970 513.301 497.693 454.112 443.865 464.710 484.873 565.724 581.225 637.849 740.914 771.299 851.744 890.026 946.388 1003.507 1094.368 1109.310 1081.909 1051.571 1005.599 992.740 1019.302 1050.162 1051.013 1006.164 -999.250 -999.250
-999.250 1080.922 1187.741 1236.295 1273.913 1247.045 1295.544 1307.679 1358.069 1347.931 1418.272 1368.819 1376.136 1444.259 1424.668 1445.885 1437.756 -999.250 -999.250 1441.196 1456.554 1419.906 1373.409 1181.557 1157.276 -999.250 1093.270 1084.351 966.524 919.411 849.668 756.598 751.371 689.107 626.304 571.588 552.548 522.698 499.918 466.389 478.877 480.987 464.756 530.278 580.908 641.714 725.730 790.179 837.736 880.798 932.438 1000.076 1046.656 1166.424 1103.490 1026.162 986.832 976.121 998.412 1034.202 1014.220 978.405 -999.250 -999.250
1101.646 1147.200 1169.818 1228.969 1310.254 1374.397 1393.652 1390.559 1404.999 1445.427 1474.386 1459.916 1453.998 1536.319 1504.486 1505.557 1475.821 1439.334 1538.692 1495.544 1515.603 1428.297 1357.942 1306.920 1195.277 1207.801 1174.201 1101.249 958.077 949.948 877.656 792.179 732.227 699.514 661.774 619.452 577.124 528.845 490.170 511.531 511.229 504.234 504.703 542.150 608.324 655.106 690.708 732.310 848.893 898.606 919.146 989.366 1067.746 1077.605 1068.569 1015.963 1006.121 1001.881 1027.766 1002.524 1027.849 985.282 -999.250 -999.250
1166.950 1139.303 1185.995 1255.823 1252.823 1393.967 1403.216 1432.653 1446.743 1565.487 1606.193 1588.986 1532.830 1556.549 1683.506 1567.672 1524.638 1550.320 1678.468 1518.817 1534.437 1436.645 1333.588 1312.196 1249.838 1184.021 1154.431 1076.831 973.237 928.472 871.773 834.462 747.784 733.773 670.748 614.885 598.445 554.079 540.021 546.365 559.197 528.570 554.823 603.156 664.003 678.706 723.295 752.338 851.564 921.770 953.243 987.679 998.172 1045.290 1015.874 991.961 1052.300 1017.585 995.154 1002.487 978.218 974.712 -999.250 -999.250
1139.568 1154.479 1198.799 1275.828 1293.066 1401.149 1396.295 1490.065 1543.633 1579.056 1547.957 1568.255 1645.929 1624.930 1688.165 1647.441 1649.533 1709.469 1580.822 1589.223 1530.642 1435.009 1417.809 1325.486 1252.765 1194.070 1139.738 1086.007 1017.352 919.451 855.416 824.577 801.677 768.342 687.268 659.184 594.906 586.835 560.200 575.964 571.667 570.368 605.591 609.996 638.908 691.253 754.620 799.589 840.383 904.069 945.498 994.101 997.277 1002.802 982.069 1002.660 973.963 979.644 1016.295 974.300 954.505 -999.250 -999.250 -999.250
1131.577 1181.071 1161.652 1233.700 1297.221 1417.765 1521.840 1611.648 1593.491 1559.081 1543.671 1616.591 1658.719 1658.854 1706.070 1706.457 1629.020 1672.832 1670.261 1545.875 1528.544 1438.562 1377.063 1349.668 1271.877 1160.200 1091.700 1012.827 999.811 938.092 849.947 827.842 791.639 758.284 709.357 679.370 636.118 624.964 597.892 624.439 624.432 659.068 653.114 663.605 683.593 729.330 798.567 813.306 832.938 872.075 925.464 983.418 957.684 953.715 984.379 1013.946 971.990 943.947 947.765 983.226 973.893 -999.250 -999.250 -999.250
1136.266 1188.913 1212.748 1273.886 1306.234 1389.568 1458.499 1619.545 1633.816 1618.589 1622.922 1553.493 1628.587 1722.764 1775.470 1747.280 1784.587 1761.559 1722.727 1618.815 1540.166 1389.050 1401.566 1314.025 1223.852 1156.763 1083.687 996.200 960.988 896.131 863.315 833.859 787.629 781.957 675.804 698.578 665.391 671.355 656.021 624.789 668.365 668.632 700.901 715.178 730.557 771.082 805.340 822.775 851.952 874.033 909.107 954.559 931.133 978.047 965.289 994.146 968.314 960.300 956.675 972.608 983.162 -999.250 -999.250 -999.250
1208.615 1216.198 1273.323 1277.201 1340.869 1375.203 1427.809 1484.095 1509.709 1704.849 1604.756 1677.181 1724.145 1727.223 1755.298 1892.451 1783.433 1787.841 1707.864 1567.628 1463.255 1408.400 1359.382 1303.394 1219.837 1166.470 1048.662 984.044 948.291 911.470 852.488 850.004 811.852 772.777 740.551 706.593 679.739 696.400 742.131 683.777 738.440 755.622 791.324 762.420 815.687 835.220 846.235 878.094 851.305 876.205 903.489 906.226 928.040 935.081 939.046 945.839 971.212 955.660 960.041 957.353 955.382 -999.250 -999.250 -999.250
1146.620 1141.459 1231.181 1275.932 1256.469 1322.185 1423.349 1407.166 1583.851 1566.136 1600.081 1597.931 1583.455 1663.606 1736.608 1960.784 1858.236 1752.911 1594.897 1552.512 1408.802 1360.916 1341.639 1247.165 1153.617 1122.111 1027.677 979.088 918.740 888.356 865.099 838.902 818.490 779.734 772.105 736.667 696.541 757.784 770.510 771.778 821.986 791.432 835.036 814.831 847.845 869.798 878.637 875.421 889.086 897.843 903.493 899.680 945.912 974.464 955.339 944.399 954.285 963.837 937.957 939.867 1004.417 -999.250 -999.250 -999.250
1138.055 1118.233 1197.417 1236.547 1296.721 1357.987 1358.760 1437.635 1518.467 1496.013 1472.153 1515.950 1524.608 1631.744 1800.365 1802.865 1695.789 1550.675 1524.435 1391.794 1344.308 1272.160 1278.649 1208.670 1191.314 1090.282 1019.826 945.510 936.393 897.284 859.950 854.080 826.881 771.663 763.094 771.595 778.137 780.672 815.274 797.773 826.232 842.301 868.466 877.935 858.341 856.628 890.259 943.461 922.830 937.731 939.284 915.592 916.659 966.664 978.038 992.082 977.071 960.967 987.582 970.546 956.397 961.796 -999.250 -999.250
1057.441 1085.460 1128.110 1203.511 1262.175 1366.451 1394.613 1433.865 1396.276 1415.893 1417.302 1475.533 1544.908 1616.197 1775.097 1692.603 1615.129 1615.540 1419.010 1365.744 1355.776 1303.178 1247.706 1182.902 1158.470 1077.312 994.319 958.697 947.846 935.592 882.191 853.859 800.736 818.054 734.134 754.067 759.707 804.870 851.636 805.464 875.817 885.929 882.874 916.325 909.414 896.545 914.072 967.152 984.680 982.908 963.401 968.071 967.732 982.133 963.237 992.725 996.066 1007.914 961.456 973.145 967.164 1004.320 1049.602 -999.250
1063.537 1096.511 1094.951 1167.193 1180.176 1317.138 1337.919 1371.697 1346.651 1381.736 1414.769 1478.477 1583.757 1473.153 1512.400 1472.292 1534.736 1485.439 1413.428 1345.974 1304.792 1236.069 1191.140 1133.150 1049.874 1038.400 1004.454 958.763 951.919 941.896 936.002 871.786 826.208 838.563 794.900 768.852 745.169 768.935 865.658 861.373 885.723 912.529 929.575 953.716 966.051 959.806 983.820 1008.081 1009.580 1025.948 1021.717 991.308 981.858 992.178 963.174 972.792 988.348 1009.848 975.907 1013.060 1031.029 1043.953 1063.300 1093.694
