data/medianmodel_05-Apr-2020.asc
ncols	141
nrows	288
xllcorner	-120191.398
yllcorner	-301404.813
cellsize	2000.000
NODATA_value	-999.250
[rows 30 to 59 of 288, columns 68 to 135 of 141]
13.701 11.231 10.836 9.958 7.736 6.834 4.017 10.527 10.730 11.026 9.384 10.735 9.613 12.278 11.471 12.573 14.487 12.133 12.508 15.277 15.290 16.893 19.996 19.050 18.780 16.223 17.002 21.638 28.913 35.255 39.236 42.580 39.456 45.553 53.593 62.686 67.583 63.189 79.621 80.142 89.943 99.120 100.302 95.545 128.683 122.176 120.359 119.706 135.595 118.800 122.287 140.870 148.704 134.630 153.246 145.317 165.595 158.663 167.763 174.000 154.227 154.178 138.268 106.114 104.516 81.928 73.207 62.276
15.612 14.174 10.380 10.209 8.333 8.243 11.693 12.902 14.706 18.124 11.313 9.254 11.801 10.579 9.035 11.744 13.069 11.625 15.037 13.707 14.325 16.072 18.061 22.137 19.885 19.711 18.226 22.431 28.562 34.160 42.476 44.894 47.240 46.996 57.569 59.406 58.949 63.425 70.039 77.822 77.164 95.815 83.683 93.318 120.389 91.949 94.275 89.864 93.961 98.377 105.447 122.648 131.474 130.619 150.476 160.185 164.359 161.596 171.814 164.315 161.558 139.050 126.231 111.923 106.013 74.874 65.349 56.925
14.757 14.261 13.655 13.111 12.346 13.058 15.333 16.472 17.536 18.021 16.198 16.733 17.128 15.153 12.064 12.049 14.236 16.563 16.040 17.332 15.179 16.678 17.850 18.943 22.391 21.393 20.611 25.863 28.616 37.163 44.548 47.513 48.766 41.641 51.242 53.232 55.508 62.387 59.725 68.083 74.650 66.555 78.156 81.181 90.508 93.800 89.502 104.356 87.614 72.030 92.924 105.715 115.713 127.194 131.820 156.779 148.192 162.560 143.359 144.801 134.236 126.734 111.688 90.165 86.677 72.317 61.852 48.129
15.200 12.882 15.594 12.703 15.318 15.283 19.265 19.745 21.546 22.607 21.931 21.102 21.079 19.749 18.540 15.680 17.173 19.047 19.307 15.760 18.584 19.809 19.940 22.606 21.049 23.449 26.164 34.178 38.639 38.102 42.171 46.046 44.640 51.909 49.561 54.065 49.704 49.800 61.793 67.203 82.667 73.690 71.628 71.371 72.856 80.795 96.740 79.582 81.374 69.580 66.525 96.834 99.653 116.944 118.579 140.035 115.315 123.312 108.457 128.142 109.127 101.675 96.859 81.718 68.780 61.977 56.722 49.583
15.512 16.927 14.174 13.885 16.427 16.622 21.093 26.516 27.423 26.581 25.360 25.023 22.914 23.229 25.357 23.270 20.149 20.999 22.234 20.352 24.394 22.321 17.941 20.545 23.825 25.576 26.070 31.885 41.662 39.708 42.420 47.277 50.012 42.620 52.902 53.529 53.002 56.028 55.389 60.543 66.056 68.378 70.963 70.186 72.326 71.411 79.863 69.051 63.018 65.939 65.288 82.859 85.458 113.317 95.552 102.798 101.505 112.090 121.487 107.599 101.612 77.300 85.524 72.228 59.302 50.383 50.960 44.060
17.168 14.251 18.336 18.424 21.401 22.646 26.893 34.886 33.652 34.015 35.463 33.121 29.462 25.081 29.666 30.569 27.718 26.878 22.761 26.201 25.782 25.543 23.094 23.293 23.206 28.672 29.376 32.800 43.917 45.138 49.236 49.289 49.107 45.491 48.531 45.142 48.693 53.284 54.239 54.257 47.897 60.824 59.931 65.610 57.718 65.908 62.839 62.186 65.745 67.974 60.740 63.558 79.730 83.110 93.225 80.701 101.395 84.011 97.544 93.934 73.748 71.830 66.582 69.179 56.130 52.569 43.924 38.405
17.977 15.668 21.203 23.419 30.091 33.656 33.123 39.198 45.835 46.821 46.842 43.908 40.190 39.162 37.751 39.684 41.279 36.900 29.779 26.590 28.382 25.404 23.643 24.577 24.523 31.045 30.226 29.541 41.891 48.373 54.170 59.759 53.247 49.856 54.308 46.210 45.636 47.028 52.243 55.749 49.063 49.511 49.260 53.791 62.131 59.136 64.493 53.451 67.231 57.793 52.569 68.279 67.077 73.598 83.989 81.440 74.349 73.946 76.521 68.966 62.272 65.254 59.504 57.232 50.519 50.745 39.774 35.739
17.817 23.058 24.198 29.238 38.713 41.222 45.880 55.819 59.245 58.221 57.409 59.088 55.816 48.643 45.023 44.085 44.282 37.750 31.379 34.706 29.298 25.459 23.290 26.042 29.554 29.139 35.863 31.445 37.433 47.256 51.866 51.694 50.229 54.856 51.462 45.590 43.541 43.984 39.595 38.273 40.613 41.224 42.266 44.144 52.497 56.987 52.805 47.083 47.612 47.964 52.904 57.053 63.850 76.072 61.959 53.957 52.699 63.763 56.752 58.019 51.701 50.247 60.382 52.449 46.096 40.916 31.500 33.160
17.231 22.867 25.756 30.889 39.974 51.424 60.417 64.699 77.546 68.189 66.133 79.563 63.024 58.668 55.504 51.540 44.153 39.249 39.280 32.163 33.828 29.454 26.195 26.016 30.798 30.690 29.993 39.238 40.510 44.551 48.347 50.102 43.668 37.739 46.248 43.809 42.588 39.508 37.131 36.553 34.072 35.347 38.675 38.131 40.476 41.253 43.460 38.902 35.554 40.822 43.337 42.428 49.720 55.344 45.973 46.471 54.695 51.182 47.895 51.581 48.675 49.308 46.082 43.511 36.578 30.547 31.738 31.465
12.358 19.174 25.635 34.913 48.406 53.894 77.177 82.227 84.680 92.138 75.083 84.700 84.112 80.227 63.348 60.915 56.069 47.160 40.194 36.679 33.870 31.441 26.551 26.925 25.233 33.144 34.576 34.976 38.408 42.666 45.550 45.613 48.633 45.610 42.672 41.712 40.794 37.815 40.272 36.674 37.043 37.530 33.568 32.115 31.749 30.230 34.757 33.532 33.284 31.443 33.656 42.323 38.552 39.939 42.597 39.626 37.945 42.768 40.377 39.401 43.887 33.471 36.325 32.697 31.662 34.489 29.905 32.536
13.740 18.501 31.790 38.030 52.317 67.520 84.648 93.050 107.131 118.803 105.500 101.229 97.445 81.934 73.364 61.154 61.032 52.682 46.951 37.197 36.610 33.805 31.085 27.134 28.479 33.704 31.409 37.630 39.387 43.484 45.717 47.855 46.952 46.906 43.863 47.731 40.467 39.123 33.922 30.775 27.729 30.146 27.250 24.702 26.258 21.810 24.632 23.266 21.556 29.828 23.131 27.057 33.078 34.048 36.165 32.803 35.095 33.530 38.545 36.635 36.611 29.692 26.595 26.320 31.268 24.780 28.287 -999.250
15.807 22.894 40.152 55.974 66.077 80.706 109.765 113.890 125.082 126.524 129.682 125.455 103.270 93.961 77.522 68.801 62.519 60.564 51.786 43.590 37.793 31.733 31.079 24.947 26.460 33.256 33.804 31.236 38.121 44.372 47.424 48.472 45.718 50.973 40.268 42.572 44.503 46.423 37.867 32.945 23.402 24.084 22.531 20.783 21.694 22.779 22.666 17.570 19.342 18.971 19.332 21.808 25.085 26.826 29.538 31.916 31.059 29.399 34.956 32.218 28.077 28.086 25.558 26.128 28.121 26.956 25.278 27.857
15.115 30.903 43.437 60.110 86.811 129.856 130.588 147.760 158.668 147.797 133.414 117.547 95.152 109.758 92.808 73.434 74.036 54.930 45.372 47.452 39.029 31.808 29.330 24.913 27.304 28.098 31.145 31.416 36.995 41.192 45.443 45.929 47.187 48.169 42.341 47.792 48.267 40.245 33.828 30.436 22.985 21.090 19.634 19.916 16.728 20.028 18.677 17.415 15.932 14.490 16.322 16.725 21.375 24.263 26.114 28.337 22.882 24.690 20.799 28.829 27.565 26.976 25.933 23.523 -999.250 -999.250 -999.250 -999.250
23.807 39.492 50.937 71.648 92.504 130.398 166.525 175.962 187.266 175.965 155.700 142.710 117.138 117.118 87.168 74.961 70.036 57.294 48.649 44.831 34.718 32.925 28.511 24.989 26.052 27.131 30.832 33.649 38.826 43.413 40.588 47.323 44.443 42.916 48.211 47.113 43.266 42.863 38.376 32.365 25.308 21.978 19.121 18.650 16.389 15.489 14.891 15.220 13.034 12.619 16.736 14.525 13.287 15.684 19.050 22.955 24.433 23.020 23.741 23.938 23.775 25.013 23.331 20.806 22.613 -999.250 -999.250 -999.250
28.258 46.182 56.681 71.783 98.362 129.945 179.169 203.834 221.441 207.079 173.967 150.440 132.019 117.322 99.911 74.440 59.591 47.404 41.069 35.404 26.754 26.155 23.780 23.273 23.004 26.363 28.570 29.329 35.005 37.162 39.045 41.698 40.064 43.602 51.113 50.237 54.134 43.478 42.807 37.217 32.213 26.902 24.179 18.005 17.571 13.287 12.016 13.570 11.798 14.081 10.180 10.022 6.951 9.757 15.131 18.521 18.403 18.074 17.072 20.488 18.981 24.261 21.272 -999.250 -999.250 -999.250 -999.250 -999.250
38.771 45.321 59.963 67.009 106.079 137.385 185.407 219.556 224.872 224.784 187.218 157.354 148.363 124.459 73.809 70.575 63.801 43.903 35.731 28.789 24.017 18.663 19.550 23.318 22.520 26.884 27.791 33.743 37.143 31.602 39.273 43.690 46.931 48.082 56.206 51.779 56.867 49.255 44.219 42.112 36.754 34.297 29.257 23.088 22.012 16.544 11.883 12.086 8.922 9.745 10.759 6.022 0.000 5.604 11.733 14.379 14.440 18.182 17.854 18.347 21.555 24.110 24.019 -999.250 -999.250 -999.250 -999.250 -999.250
38.035 47.730 64.961 77.080 106.733 124.671 169.905 209.727 250.190 229.409 187.607 156.537 123.481 89.616 75.751 59.118 56.186 43.565 30.576 21.325 16.172 14.275 16.881 19.106 23.869 27.058 33.139 34.674 39.976 39.836 38.275 40.626 46.316 49.795 58.089 63.152 57.313 55.686 50.837 52.367 42.489 42.986 33.398 23.546 24.725 20.060 15.705 9.750 8.798 9.657 8.010 6.399 3.892 6.909 10.659 13.295 15.746 16.356 18.313 20.267 23.451 23.857 -999.250 -999.250 -999.250 -999.250 -999.250 -999.250
32.191 38.992 53.305 67.563 88.958 117.404 157.259 189.659 199.831 201.829 176.875 151.738 104.569 83.838 64.011 50.554 43.278 35.706 22.368 15.426 9.412 11.637 15.325 18.962 25.664 28.946 34.245 41.433 46.320 44.475 46.714 46.227 45.938 49.636 61.181 67.327 68.424 66.925 59.182 65.244 57.650 53.459 44.943 37.069 27.091 19.268 20.205 13.784 12.600 10.418 8.670 9.495 8.100 9.213 11.685 13.066 17.530 18.064 23.492 28.309 -999.250 -999.250 -999.250 -999.250 -999.250 -999.250 -999.250 -999.250
24.239 35.620 45.961 56.877 72.420 99.564 147.790 156.234 164.838 166.717 141.725 121.215 105.882 71.626 54.228 36.475 30.204 27.367 19.727 15.024 11.459 12.540 16.346 22.299 27.107 33.175 40.925 40.178 52.595 56.392 51.632 53.972 56.779 63.252 69.577 74.024 81.137 70.428 75.494 68.693 76.011 65.447 47.118 34.634 33.250 23.128 24.961 18.155 13.908 12.308 12.483 11.238 11.532 11.376 10.491 11.491 17.255 22.968 24.282 27.498 -999.250 -999.250 -999.250 -999.250 -999.250 -999.250 -999.250 -999.250
16.968 25.238 34.952 41.000 46.217 69.429 119.242 132.844 148.633 142.760 117.745 101.855 79.030 57.495 38.614 16.898 18.540 16.743 16.586 14.628 14.931 12.283 15.888 21.724 29.629 37.481 47.169 52.947 51.153 55.755 65.398 67.565 63.297 74.692 71.534 79.797 104.664 103.374 104.647 89.633 92.419 75.593 52.070 49.096 42.661 30.318 25.210 24.717 19.555 13.697 10.747 7.672 9.416 13.887 16.668 -999.250 18.613 24.317 -999.250 -999.250 -999.250 -999.250 -999.250 -999.250 -999.250 -999.250 -999.250 -999.250
13.237 16.016 23.148 24.666 33.642 48.136 60.481 75.745 88.826 97.776 100.330 87.954 63.569 43.055 27.032 17.319 10.967 12.839 10.969 13.572 14.236 14.991 19.576 25.506 27.965 40.723 43.837 55.317 53.909 63.079 67.810 76.123 80.141 83.865 79.950 120.576 134.767 128.070 115.929 111.701 93.833 76.264 68.752 57.165 47.873 29.616 26.833 25.340 22.954 20.179 15.129 15.629 14.039 -999.250 -999.250 -999.250 -999.250 -999.250 -999.250 -999.250 -999.250 -999.250 -999.250 -999.250 -999.250 -999.250 -999.250 -999.250
6.768 10.284 14.328 13.115 16.952 26.627 33.773 50.219 61.197 70.985 67.457 64.895 54.071 39.401 25.192 15.976 12.148 9.331 11.581 12.787 12.304 16.064 19.437 23.544 28.194 39.926 50.303 55.992 56.569 67.691 74.313 88.931 106.459 115.673 120.284 130.041 134.177 149.711 144.622 117.246 107.898 85.861 81.549 69.399 47.122 32.110 31.853 26.801 26.559 22.666 19.779 15.047 -999.250 -999.250 -999.250 -999.250 -999.250 -999.250 -999.250 -999.250 -999.250 -999.250 -999.250 -999.250 -999.250 -999.250 -999.250 -999.250
7.300 7.778 7.604 4.833 10.390 17.231 15.154 35.333 44.537 51.090 54.114 46.323 37.394 29.215 21.359 11.596 12.432 11.835 10.307 12.270 13.080 12.969 16.223 28.303 32.267 44.766 49.452 53.679 61.368 74.274 96.878 86.001 103.436 124.363 114.526 154.719 150.584 164.713 158.191 137.632 113.207 90.225 78.807 66.482 53.646 44.367 39.710 30.847 25.086 20.232 18.754 17.338 -999.250 -999.250 -999.250 -999.250 -999.250 -999.250 -999.250 -999.250 -999.250 -999.250 -999.250 -999.250 -999.250 -999.250 -999.250 -999.250
25.664 18.169 8.040 1.235 11.437 25.709 50.720 39.354 31.046 42.840 40.897 38.722 27.302 25.342 20.028 12.759 9.904 10.000 7.390 6.756 8.971 11.978 19.399 22.893 36.625 33.912 48.604 56.364 62.173 67.463 91.244 101.674 128.952 139.197 144.411 155.195 181.936 181.112 160.788 140.103 122.560 97.816 75.086 66.230 55.502 44.809 43.090 33.042 24.222 27.144 20.807 -999.250 -999.250 -999.250 -999.250 -999.250 -999.250 -999.250 -999.250 -999.250 -999.250 -999.250 -999.250 -999.250 -999.250 -999.250 -999.250 -999.250
63.951 57.176 25.227 19.787 21.903 26.652 33.838 33.605 31.934 33.088 32.250 30.559 24.908 20.839 16.264 13.069 10.877 8.012 6.475 6.458 5.057 7.955 16.779 20.782 29.228 33.671 45.770 50.776 59.415 76.692 89.497 113.053 121.488 123.547 133.625 153.395 156.990 160.852 157.217 136.404 119.382 89.677 77.087 78.610 58.901 47.382 37.011 28.228 24.516 22.121 -999.250 -999.250 -999.250 -999.250 -999.250 -999.250 -999.250 -999.250 -999.250 -999.250 -999.250 -999.250 -999.250 -999.250 -999.250 -999.250 -999.250 -999.250
157.997 159.345 111.162 68.039 49.168 31.246 25.236 22.683 22.393 23.439 20.269 18.564 16.077 16.413 16.450 15.936 14.067 8.893 5.698 6.929 1.909 0.000 12.168 21.238 30.368 41.240 49.823 58.111 60.023 69.631 84.679 108.030 84.895 126.535 113.506 130.362 139.090 139.773 135.901 129.326 108.583 94.199 76.053 66.648 55.947 49.361 42.165 31.522 27.579 18.641 -999.250 -999.250 -999.250 -999.250 -999.250 -999.250 -999.250 -999.250 -999.250 -999.250 -999.250 -999.250 -999.250 -999.250 -999.250 -999.250 -999.250 -999.250
303.941 288.454 207.354 131.805 66.566 33.654 18.961 14.485 18.692 13.475 10.836 8.617 10.741 15.645 16.573 16.576 13.551 11.531 7.201 9.617 8.502 9.021 17.800 23.861 29.754 45.428 54.411 50.503 62.266 66.117 78.687 89.887 107.741 109.067 101.950 111.806 110.400 102.353 96.485 86.462 80.307 75.892 64.918 66.578 57.333 49.530 41.082 32.125 26.304 -999.250 -999.250 -999.250 -999.250 -999.250 -999.250 -999.250 -999.250 -999.250 -999.250 -999.250 -999.250 -999.250 -999.250 -999.250 -999.250 -999.250 -999.250 -999.250
522.837 397.373 285.854 183.687 91.719 36.152 20.580 11.909 9.170 5.239 2.582 0.000 4.683 8.834 12.448 10.238 11.410 8.828 9.421 10.218 10.048 14.871 18.268 24.792 28.749 38.284 43.384 55.530 58.264 67.729 69.188 76.636 89.995 92.265 101.718 115.488 110.021 99.727 78.003 79.332 76.478 71.413 59.159 55.833 52.866 47.022 37.559 30.321 25.482 -999.250 -999.250 -999.250 -999.250 -999.250 -999.250 -999.250 -999.250 -999.250 -999.250 -999.250 -999.250 -999.250 -999.250 -999.250 -999.250 -999.250 -999.250 -999.250
522.324 422.336 331.123 233.451 143.399 64.599 29.060 13.009 5.099 0.087 0.000 0.000 1.006 6.448 8.958 9.543 8.830 6.837 7.284 9.982 17.124 19.850 27.765 28.649 30.288 38.338 49.450 45.235 54.384 58.743 64.222 77.707 74.041 85.545 90.468 91.996 84.587 80.073 73.871 79.397 63.361 56.842 55.481 48.409 48.893 41.336 35.238 29.746 27.475 -999.250 -999.250 -999.250 -999.250 -999.250 -999.250 -999.250 -999.250 -999.250 -999.250 -999.250 -999.250 -999.250 -999.250 -999.250 -999.250 -999.250 -999.250 -999.250
495.718 426.099 317.122 253.330 157.876 77.419 39.116 15.121 3.313 0.000 0.000 0.000 2.207 3.545 5.194 10.645 8.427 9.923 10.032 16.176 19.122 22.073 26.063 29.491 35.220 38.905 45.102 52.058 50.927 55.896 64.586 56.045 61.833 80.186 87.863 64.749 78.084 74.706 62.312 65.259 54.888 57.331 58.310 47.829 43.547 41.344 29.323 24.999 -999.250 -999.250 -999.250 -999.250 -999.250 -999.250 -999.250 -999.250 -999.250 -999.250 -999.250 -999.250 -999.250 -999.250 -999.250 -999.250 -999.250 -999.250 -999.250 -999.250
