data/medianmodel_22-Feb-2021.asc
ncols	141
nrows	288
xllcorner	-120191.398
yllcorner	-301404.813
cellsize	2000.000
NODATA_value	-999.250
[rows 29 to 57 of 288, columns 65 to 129 of 141]
180.076 204.280 208.056 219.544 248.867 281.465 339.933 353.306 374.239 408.843 427.217 466.327 484.262 474.474 490.538 501.567 534.191 482.820 412.137 389.177 352.931 321.687 275.673 239.928 217.787 179.725 156.763 127.696 107.237 80.983 94.877 102.974 108.405 116.408 121.644 122.975 125.759 127.421 121.718 118.386 123.510 125.109 130.320 131.420 133.112 132.767 139.922 141.469 147.627 153.214 160.657 167.179 176.790 182.891 186.938 191.392 199.138 190.798 213.218 210.380 222.834 219.106 207.733 200.296 196.500
163.288 172.631 168.563 194.040 207.347 236.546 276.831 307.271 344.036 370.070 382.443 398.842 461.751 441.798 449.228 438.101 447.901 409.129 386.342 379.469 357.025 311.639 271.618 241.365 223.151 188.108 158.268 143.394 125.540 112.250 107.598 115.636 119.552 124.045 129.383 132.447 133.442 138.868 134.617 131.394 121.414 135.133 126.795 132.068 129.743 132.306 137.696 140.870 142.557 152.391 152.234 147.497 165.343 166.545 176.250 184.813 191.119 193.612 201.852 200.876 207.323 210.753 198.857 192.250 173.806
149.343 161.195 154.416 172.350 183.248 187.959 225.861 246.652 270.765 300.751 330.964 371.670 387.589 381.122 388.655 391.992 393.778 385.907 370.749 370.083 343.234 309.615 269.148 255.597 235.403 206.434 168.631 161.394 143.167 132.524 130.570 134.568 133.462 138.768 140.054 141.843 144.095 147.215 141.561 140.899 139.787 138.722 131.508 128.157 123.423 127.809 128.283 141.520 138.612 141.541 148.034 160.707 154.412 158.706 165.246 176.324 177.853 180.968 184.406 191.984 196.121 192.029 184.104 172.627 165.556
139.585 137.823 135.941 139.023 153.572 165.292 176.763 190.104 224.111 238.593 275.662 315.391 330.258 348.558 364.267 379.108 365.193 367.766 350.365 356.043 319.668 284.253 266.691 249.074 237.554 210.984 180.309 172.868 164.605 153.693 159.767 159.007 162.076 162.842 162.235 157.903 159.599 157.852 160.431 158.948 152.098 149.003 130.279 121.732 129.187 126.156 128.881 127.402 132.161 134.249 141.339 151.542 153.161 161.360 160.664 166.077 163.386 159.796 167.370 165.772 175.125 178.978 171.924 162.990 142.985
119.965 112.765 120.709 130.229 131.513 133.651 136.827 143.566 160.955 187.430 223.647 266.173 290.573 323.698 323.524 350.085 354.349 330.844 321.916 315.258 298.268 295.803 252.206 235.101 218.926 208.747 187.172 178.775 176.395 185.870 173.372 178.297 183.792 181.447 185.500 196.878 179.635 170.605 168.101 169.333 153.277 144.577 130.468 117.112 122.636 129.315 124.242 121.332 125.144 123.312 123.729 137.465 133.670 146.770 157.943 154.317 166.695 160.849 159.501 160.502 167.347 165.174 168.568 143.092 140.453
115.139 109.462 115.507 116.181 112.264 112.367 112.309 107.764 99.734 147.899 188.019 238.907 256.794 291.096 319.276 323.755 337.910 314.963 306.606 306.422 256.226 245.553 233.771 221.703 211.112 200.525 197.878 201.840 179.490 196.348 203.396 206.401 211.706 216.480 215.813 214.293 210.623 189.413 174.497 169.377 157.204 135.224 127.467 115.840 115.298 115.866 115.888 109.333 114.711 120.241 124.629 124.430 129.352 139.828 139.714 146.460 146.385 153.208 149.151 150.048 151.783 151.523 145.774 132.121 127.401
108.122 106.228 106.600 106.008 105.176 102.945 97.117 97.354 100.559 125.478 161.802 200.135 229.026 248.306 261.200 277.809 284.257 281.095 276.850 263.733 249.776 232.017 217.017 202.583 206.777 192.457 196.260 192.548 194.236 214.382 214.000 219.954 224.576 241.457 241.889 236.208 221.383 207.885 178.800 177.737 161.827 140.019 130.501 118.907 111.679 111.720 107.335 106.054 103.701 111.618 118.180 115.088 119.529 127.758 133.768 131.152 140.529 135.830 136.981 137.702 134.821 142.829 130.058 123.385 115.680
101.287 103.513 102.193 105.888 100.663 97.179 97.312 100.779 101.950 112.748 134.191 176.615 210.962 227.407 236.636 242.199 242.471 242.852 233.384 235.141 213.998 206.612 195.785 188.394 179.615 176.281 191.922 205.165 207.129 221.619 223.684 227.869 242.043 251.091 271.214 252.861 233.619 212.891 204.120 174.356 170.523 147.215 128.188 115.729 113.509 100.987 94.852 88.781 96.624 100.376 109.736 111.483 110.103 117.663 125.369 121.651 131.780 137.990 130.737 129.471 124.929 127.496 114.319 117.352 107.107
109.005 112.970 110.115 107.180 103.847 95.243 97.822 104.480 111.292 113.858 133.624 165.718 188.980 197.483 219.599 224.834 220.104 214.188 202.387 195.842 182.364 174.620 166.937 158.528 157.883 168.336 185.768 205.875 215.329 224.678 233.960 245.515 259.521 269.105 266.660 257.651 245.104 232.665 211.149 201.227 170.551 149.251 125.398 114.103 107.480 99.290 88.968 83.930 82.968 86.124 96.952 104.706 112.945 112.271 112.940 115.547 124.516 124.828 120.954 121.806 115.514 109.587 112.155 104.429 105.276
111.700 114.604 112.549 113.222 111.429 105.972 107.677 109.772 110.236 123.251 133.793 150.131 164.634 171.938 198.044 199.465 201.327 184.284 179.225 171.231 161.368 147.052 139.719 134.570 140.239 156.276 174.985 188.937 222.323 227.456 245.530 252.310 262.448 268.869 271.899 258.312 248.983 238.089 225.551 203.560 182.952 149.089 124.367 107.736 97.261 83.767 79.164 82.061 74.571 76.963 90.989 89.800 97.602 109.713 117.839 120.672 117.290 120.435 109.872 116.107 107.576 95.831 105.722 93.413 91.678
119.781 120.936 123.240 122.803 121.347 117.772 110.080 110.190 111.062 111.281 123.074 138.453 154.313 161.066 176.956 179.898 175.122 172.173 166.468 156.700 137.563 127.801 122.060 114.600 119.900 141.357 166.595 187.364 217.524 235.623 250.334 253.063 262.152 284.610 277.278 263.616 262.256 248.971 235.299 214.042 179.056 145.607 119.269 101.232 82.785 73.329 65.732 61.125 63.684 61.143 64.698 80.833 88.625 99.010 110.277 110.127 104.988 107.485 99.931 99.190 96.654 96.370 94.582 95.766 73.419
122.142 132.930 135.851 127.493 121.768 123.288 120.665 116.848 115.979 124.681 123.661 138.557 150.478 163.976 162.645 157.717 167.614 166.999 151.740 143.383 136.010 118.445 108.535 91.525 113.117 135.476 158.962 193.763 214.136 233.594 253.790 262.274 285.657 291.236 280.796 281.493 265.801 260.928 239.081 210.956 178.567 139.390 118.494 94.205 67.427 52.821 54.340 52.251 54.751 56.670 58.413 71.909 78.648 84.861 93.934 99.306 98.212 96.703 92.514 100.588 95.021 91.298 86.161 76.268 76.639
145.023 150.690 158.364 144.795 134.405 133.434 127.930 123.381 130.542 124.492 130.001 147.476 150.865 158.927 164.838 161.483 157.560 157.416 140.945 133.284 131.176 121.797 113.637 111.448 119.470 134.133 150.097 183.535 217.933 240.975 252.016 269.932 292.358 304.040 293.195 292.441 275.830 267.525 240.463 214.269 177.966 144.590 115.552 76.298 51.678 44.018 45.481 45.112 51.631 55.975 59.961 64.742 64.353 70.216 81.721 78.441 74.790 77.010 82.685 81.851 84.023 74.713 80.109 79.870 70.114
151.566 156.064 149.659 156.408 142.657 138.903 131.851 129.488 130.015 129.108 131.294 142.839 151.920 158.003 158.310 159.971 158.184 160.363 142.900 133.510 132.940 124.589 129.800 127.309 128.924 143.233 165.806 188.431 222.494 247.829 278.819 285.751 304.715 300.228 306.879 299.311 292.028 286.904 239.479 213.566 180.967 135.912 106.912 68.268 43.504 30.310 35.760 41.585 43.656 48.285 56.077 55.989 58.405 60.150 63.013 67.493 65.345 67.771 66.125 72.324 72.303 75.680 73.209 77.276 79.571
154.719 149.605 150.166 148.938 139.843 141.831 137.269 129.743 124.118 126.684 132.480 136.131 142.258 143.316 148.933 152.627 154.648 145.211 142.424 139.705 129.290 129.540 135.215 136.595 138.041 148.515 176.349 207.277 219.100 249.178 265.675 289.231 304.518 310.500 317.903 308.414 299.285 282.401 252.454 225.390 182.911 145.758 103.677 60.964 21.978 23.576 28.189 40.314 41.627 46.029 47.467 52.414 51.994 55.159 57.554 62.435 63.502 64.504 60.979 59.508 72.293 71.467 79.842 77.989 68.408
165.383 154.093 152.905 147.011 136.865 138.209 127.442 123.134 123.286 127.273 127.745 139.383 138.320 140.181 151.661 151.958 156.643 153.956 150.829 151.255 140.961 142.630 151.297 156.434 158.594 168.639 192.744 209.188 225.397 237.344 262.371 287.995 323.858 329.277 337.673 325.158 315.042 298.805 265.741 231.234 193.195 147.491 111.292 72.434 43.392 35.219 34.716 35.645 38.543 41.886 49.127 52.657 53.933 52.646 57.931 59.658 61.289 62.470 63.792 63.756 69.499 64.892 70.608 75.453 71.873
166.217 160.214 153.980 143.537 138.715 125.943 119.408 120.016 120.280 132.435 132.434 136.974 140.256 143.685 147.742 152.302 147.827 158.536 147.397 154.586 150.454 155.977 165.506 178.501 177.613 180.197 190.967 201.083 227.792 238.417 265.270 280.796 307.515 319.128 335.981 348.239 337.640 311.611 260.697 231.696 192.869 142.267 106.851 70.200 49.028 40.002 40.732 35.942 40.248 41.784 41.048 46.411 49.472 53.530 56.827 59.581 63.313 63.234 63.009 64.369 61.193 66.452 77.752 59.154 66.776
164.323 152.005 148.175 142.035 133.549 119.475 114.895 116.028 117.902 128.078 126.163 134.102 134.815 141.497 139.471 147.985 149.942 146.766 152.869 156.376 164.727 175.986 195.097 197.779 192.619 201.729 205.853 205.416 224.186 231.498 252.619 277.450 308.752 327.707 339.128 355.037 353.554 316.052 272.776 228.623 193.982 147.246 114.863 76.865 58.634 49.895 40.781 43.888 38.454 44.116 46.859 41.443 44.728 58.449 56.367 59.864 57.690 65.950 62.368 63.387 64.455 64.888 64.052 68.142 66.049
172.526 160.098 149.034 137.256 129.288 119.246 118.419 116.400 117.711 118.900 126.306 132.596 134.893 134.738 139.384 139.008 145.832 142.342 150.271 153.891 166.093 183.423 194.071 207.059 213.969 214.238 199.320 207.211 204.820 228.286 247.495 263.423 291.455 321.258 328.839 359.231 363.997 318.802 267.126 219.829 179.005 138.197 112.517 86.543 57.367 52.892 47.648 47.584 46.162 46.060 46.763 48.352 44.058 52.592 60.836 52.828 57.366 61.337 64.275 71.022 61.731 65.056 60.055 -999.250 -999.250
174.611 162.971 145.048 130.530 120.934 117.402 111.975 108.915 113.384 118.391 126.498 129.284 130.866 128.745 132.296 134.733 140.795 135.712 145.954 152.361 173.794 184.487 201.095 202.569 207.243 203.939 204.700 207.663 209.727 213.939 223.647 243.756 272.194 304.367 317.552 330.956 314.438 293.892 242.011 200.318 161.392 127.431 105.229 86.769 73.391 52.998 46.235 45.930 46.112 46.999 49.532 49.299 54.014 57.915 55.111 65.214 67.004 65.764 59.608 59.730 72.334 76.221 63.619 -999.250 -999.250
176.003 163.036 143.793 128.383 117.097 112.605 112.650 108.053 113.660 112.929 124.111 127.575 127.903 130.421 125.674 127.944 130.094 137.369 135.181 149.133 161.480 179.862 203.362 205.537 209.264 210.492 205.740 209.580 207.747 211.415 211.790 235.762 258.597 276.861 295.859 280.424 262.370 243.864 217.554 165.472 143.614 112.429 97.785 74.420 58.676 54.339 55.247 48.472 47.615 49.823 53.537 56.721 58.544 57.461 61.178 65.588 67.514 61.894 -999.250 62.087 63.650 -999.250 -999.250 -999.250 -999.250
172.004 167.405 138.950 126.244 116.396 102.608 104.533 109.614 108.233 115.908 123.561 129.453 130.438 126.588 127.540 125.895 121.829 129.598 133.360 140.821 157.834 179.139 193.891 201.622 214.390 215.268 204.755 214.666 212.621 210.778 217.287 237.219 247.292 256.833 255.713 251.199 228.804 208.731 170.157 138.932 117.828 92.746 81.899 64.917 53.889 51.375 55.803 56.215 58.881 60.996 62.786 68.228 66.044 65.138 71.543 71.753 -999.250 -999.250 -999.250 -999.250 -999.250 -999.250 -999.250 -999.250 -999.250
170.161 164.180 152.642 134.876 113.428 102.831 106.536 109.482 115.114 122.512 130.130 129.750 130.119 135.938 123.775 119.667 117.686 127.839 135.518 141.201 149.557 176.855 191.693 216.463 224.757 219.936 217.968 219.574 227.398 224.935 230.680 233.748 230.711 245.595 243.127 230.556 210.272 169.460 143.678 111.766 81.428 67.062 64.744 58.634 47.578 52.047 55.446 61.452 68.715 67.308 68.727 79.063 79.368 73.715 82.826 -999.250 -999.250 -999.250 -999.250 -999.250 -999.250 -999.250 -999.250 -999.250 -999.250
188.536 176.539 170.941 156.323 127.771 114.034 113.515 117.338 130.960 136.384 146.661 141.805 135.412 124.876 124.705 120.697 114.468 118.560 125.776 142.104 162.675 177.775 200.066 213.346 226.471 234.083 226.953 238.280 234.034 226.536 230.466 229.010 231.418 243.622 234.308 222.554 188.719 157.560 115.106 71.986 51.321 48.221 50.529 56.332 52.734 49.908 54.948 60.141 66.443 75.053 77.051 75.909 90.095 92.659 94.822 -999.250 -999.250 -999.250 -999.250 -999.250 -999.250 -999.250 -999.250 -999.250 -999.250
211.362 201.775 224.957 218.346 186.003 140.199 126.815 145.512 167.844 190.198 175.390 161.995 148.427 128.494 119.688 116.409 112.902 115.604 118.204 128.957 164.075 185.231 209.643 225.674 232.900 241.869 241.247 236.452 230.560 232.244 236.376 234.631 238.985 247.030 231.142 220.701 186.726 142.266 89.054 25.991 37.991 45.631 47.230 56.264 55.217 52.833 60.360 66.656 77.828 83.368 88.208 90.261 96.580 97.201 -999.250 -999.250 -999.250 -999.250 -999.250 -999.250 -999.250 -999.250 -999.250 -999.250 -999.250
250.608 250.181 315.204 350.574 314.366 201.816 204.395 215.770 227.608 220.448 204.654 177.945 157.296 132.695 119.005 115.394 109.227 101.342 110.683 127.623 155.689 185.358 218.015 235.164 251.263 243.272 243.330 233.039 231.937 233.936 234.557 242.686 243.479 248.227 234.264 224.890 208.225 150.635 110.778 67.760 57.605 53.980 54.118 60.916 59.191 58.941 67.327 74.865 87.654 93.189 91.102 100.186 102.637 -999.250 -999.250 -999.250 -999.250 -999.250 -999.250 -999.250 -999.250 -999.250 -999.250 -999.250 -999.250
357.960 325.368 488.560 539.879 497.721 425.290 371.016 337.381 307.026 268.740 229.271 199.456 163.471 138.338 120.543 108.909 105.019 96.536 100.340 119.697 152.600 193.525 213.323 234.355 266.667 244.382 240.354 230.909 227.705 239.725 240.119 232.559 239.864 242.411 245.305 239.718 221.288 181.459 144.473 109.434 76.951 70.702 63.871 65.114 70.252 74.578 71.787 89.331 96.344 99.989 107.063 110.648 110.263 -999.250 -999.250 -999.250 -999.250 -999.250 -999.250 -999.250 -999.250 -999.250 -999.250 -999.250 -999.250
501.645 582.540 786.120 843.522 786.771 631.248 519.629 443.461 381.315 327.170 265.239 219.507 176.693 139.374 121.257 105.932 99.705 96.815 82.877 116.579 153.782 187.155 208.091 233.230 236.386 244.472 235.327 225.017 225.241 223.278 227.356 227.830 234.396 238.097 251.360 256.379 251.125 217.757 170.159 133.030 106.583 90.919 74.428 76.102 76.257 85.148 84.927 96.264 103.935 110.808 113.485 115.415 -999.250 -999.250 -999.250 -999.250 -999.250 -999.250 -999.250 -999.250 -999.250 -999.250 -999.250 -999.250 -999.250
651.953 871.006 1290.802 1519.187 1120.880 955.285 683.976 526.353 473.991 379.717 301.071 233.886 199.167 150.243 121.338 113.719 110.316 107.026 110.126 137.726 160.811 184.174 211.820 231.541 220.803 218.437 227.023 215.194 203.194 206.011 209.494 221.719 230.325 246.459 250.445 274.528 276.795 226.316 182.769 149.232 119.311 112.540 98.581 99.212 93.688 91.327 93.543 97.385 111.005 118.977 121.286 120.992 -999.250 -999.250 -999.250 -999.250 -999.250 -999.250 -999.250 -999.250 -999.250 -999.250 -999.250 -999.250 -999.250
