data/medianmodel_27-Dec-2020.asc
ncols	141
nrows	288
xllcorner	-120191.398
yllcorner	-301404.813
cellsize	2000.000
NODATA_value	-999.250
[rows 224 to 251 of 288, columns 0 to 64 of 141]
-999.250 -999.250 -999.250 -999.250 -999.250 -999.250 -999.250 -999.250 -999.250 -999.250 -999.250 -999.250 -999.250 -999.250 -999.250 -999.250 -999.250 -999.250 -999.250 -999.250 -999.250 -999.250 -999.250 -999.250 -999.250 -999.250 -999.250 -999.250 -999.250 -999.250 117.448 131.357 139.982 162.092 164.001 167.430 175.301 175.693 168.161 171.336 153.480 146.169 145.207 125.333 123.600 126.859 116.194 112.387 95.011 92.390 91.075 78.112 72.276 87.615 89.839 89.581 95.819 91.331 80.804 69.729 51.447 37.387 32.926 41.727 41.443
-999.250 -999.250 -999.250 -999.250 -999.250 -999.250 -999.250 -999.250 -999.250 -999.250 -999.250 -999.250 -999.250 -999.250 -999.250 -999.250 -999.250 -999.250 -999.250 -999.250 -999.250 -999.250 -999.250 -999.250 -999.250 -999.250 -999.250 -999.250 -999.250 -999.250 109.558 118.749 126.145 146.388 145.742 157.001 156.825 162.994 164.298 145.079 135.603 128.839 126.299 118.965 119.134 102.044 86.479 79.103 74.743 65.572 69.322 66.600 58.170 62.652 72.235 72.050 72.847 79.721 71.330 65.227 54.122 44.779 46.558 52.773 60.042
-999.250 -999.250 -999.250 -999.250 -999.250 -999.250 -999.250 -999.250 -999.250 -999.250 -999.250 -999.250 -999.250 -999.250 -999.250 -999.250 -999.250 -999.250 -999.250 -999.250 -999.250 -999.250 -999.250 -999.250 -999.250 -999.250 -999.250 -999.250 -999.250 -999.250 98.689 111.585 120.560 131.028 141.187 143.955 151.958 145.390 153.788 137.538 110.341 118.273 108.395 94.024 89.932 74.304 69.385 59.008 57.545 52.568 53.185 43.456 45.357 50.601 59.768 64.668 73.542 76.582 68.469 61.819 62.090 58.571 59.014 66.070 82.141
-999.250 -999.250 -999.250 -999.250 -999.250 -999.250 -999.250 -999.250 -999.250 -999.250 -999.250 -999.250 -999.250 -999.250 -999.250 -999.250 -999.250 -999.250 -999.250 -999.250 -999.250 -999.250 -999.250 -999.250 -999.250 -999.250 -999.250 -999.250 -999.250 93.246 94.402 99.972 106.902 118.285 134.676 147.070 136.831 126.221 128.044 118.146 103.982 101.976 80.787 63.477 61.682 50.975 50.423 44.456 41.300 37.872 38.352 31.204 34.744 36.878 45.698 48.991 61.095 89.229 76.430 63.195 63.933 56.822 64.513 70.669 90.367
-999.250 -999.250 -999.250 -999.250 -999.250 -999.250 -999.250 -999.250 -999.250 -999.250 -999.250 -999.250 -999.250 -999.250 -999.250 -999.250 -999.250 -999.250 -999.250 -999.250 -999.250 -999.250 -999.250 -999.250 -999.250 -999.250 -999.250 -999.250 -999.250 75.169 79.067 82.576 97.347 101.635 113.479 124.003 130.356 130.488 106.829 99.166 88.519 75.594 66.275 59.372 46.185 45.281 33.539 32.413 12.789 22.632 18.372 22.282 21.311 30.780 38.765 49.025 54.905 60.891 62.518 64.434 60.516 61.936 73.887 84.792 97.580
-999.250 -999.250 -999.250 -999.250 -999.250 -999.250 -999.250 -999.250 -999.250 -999.250 -999.250 -999.250 -999.250 -999.250 -999.250 -999.250 -999.250 -999.250 -999.250 -999.250 -999.250 -999.250 -999.250 -999.250 -999.250 -999.250 -999.250 -999.250 78.201 69.861 68.235 67.073 80.506 91.070 101.084 114.792 138.932 117.017 96.368 89.908 77.303 67.361 58.245 52.175 41.507 29.445 31.259 23.185 16.137 3.925 8.490 6.623 3.694 14.394 27.392 34.775 46.317 52.639 60.109 58.297 67.710 79.998 76.479 89.040 111.912
-999.250 -999.250 -999.250 -999.250 -999.250 -999.250 -999.250 -999.250 -999.250 -999.250 -999.250 -999.250 -999.250 -999.250 -999.250 -999.250 -999.250 -999.250 -999.250 -999.250 -999.250 -999.250 -999.250 -999.250 -999.250 -999.250 -999.250 -999.250 64.234 58.105 60.121 57.109 60.371 67.676 75.178 96.495 101.453 99.520 93.803 64.218 65.854 57.989 52.674 34.582 30.473 22.969 19.795 12.670 11.712 2.553 0.000 0.000 0.000 2.253 8.481 21.681 32.992 42.038 46.694 57.658 63.129 70.094 80.407 96.030 117.199
-999.250 -999.250 -999.250 -999.250 -999.250 -999.250 -999.250 -999.250 -999.250 -999.250 -999.250 -999.250 -999.250 -999.250 -999.250 -999.250 -999.250 -999.250 -999.250 -999.250 -999.250 -999.250 -999.250 -999.250 -999.250 -999.250 -999.250 83.941 70.575 58.880 53.554 53.488 55.398 64.087 67.166 79.860 84.062 84.289 76.344 74.145 55.880 44.356 36.545 26.892 17.117 11.439 11.072 2.949 2.677 0.000 0.000 0.000 0.000 0.000 6.676 17.201 20.721 37.615 42.461 48.241 63.309 74.981 93.207 115.537 133.119
-999.250 -999.250 -999.250 -999.250 -999.250 -999.250 -999.250 -999.250 -999.250 -999.250 -999.250 -999.250 -999.250 -999.250 -999.250 -999.250 -999.250 -999.250 -999.250 -999.250 -999.250 -999.250 -999.250 -999.250 -999.250 -999.250 -999.250 84.815 64.757 55.979 50.071 43.748 43.609 55.281 59.958 60.102 69.537 70.225 64.385 58.256 56.662 38.441 32.105 28.601 24.939 9.210 11.164 0.000 0.000 0.000 0.000 0.000 0.000 0.000 2.712 9.191 13.241 21.971 32.524 50.602 62.086 69.804 87.056 116.277 139.849
-999.250 -999.250 -999.250 -999.250 -999.250 -999.250 -999.250 -999.250 -999.250 -999.250 -999.250 -999.250 -999.250 -999.250 -999.250 -999.250 -999.250 -999.250 -999.250 -999.250 -999.250 -999.250 -999.250 -999.250 -999.250 -999.250 -999.250 -999.250 75.922 61.970 50.732 44.892 46.300 47.565 52.608 63.460 62.917 69.168 59.959 53.846 53.741 45.482 33.198 29.353 20.462 9.138 5.412 3.544 0.000 0.000 0.000 0.000 0.000 0.000 0.652 0.000 4.122 20.307 42.939 46.836 59.652 71.555 84.191 117.379 142.310
-999.250 -999.250 -999.250 -999.250 -999.250 -999.250 -999.250 -999.250 -999.250 -999.250 -999.250 -999.250 -999.250 -999.250 -999.250 -999.250 -999.250 -999.250 -999.250 -999.250 -999.250 -999.250 -999.250 -999.250 -999.250 -999.250 -999.250 -999.250 -999.250 -999.250 55.038 54.552 47.575 51.078 57.308 57.806 60.952 61.986 67.715 55.017 52.090 46.054 46.517 33.181 14.776 4.300 7.551 0.000 0.000 0.000 0.000 0.000 0.000 0.000 0.000 0.000 0.873 14.919 30.934 37.825 48.401 62.157 103.320 123.766 145.592
-999.250 -999.250 -999.250 -999.250 -999.250 -999.250 -999.250 -999.250 -999.250 -999.250 -999.250 -999.250 -999.250 -999.250 -999.250 -999.250 -999.250 -999.250 -999.250 -999.250 -999.250 -999.250 -999.250 -999.250 -999.250 -999.250 -999.250 -999.250 -999.250 -999.250 65.785 60.062 62.688 54.192 60.073 61.049 71.334 71.751 67.604 66.915 56.705 52.021 48.113 36.452 13.365 13.867 1.655 0.395 0.000 0.000 0.000 0.000 0.000 0.000 0.000 0.000 0.000 4.319 21.929 37.350 48.428 63.434 96.792 130.379 150.867
-999.250 -999.250 -999.250 -999.250 -999.250 -999.250 -999.250 -999.250 -999.250 -999.250 -999.250 -999.250 -999.250 -999.250 -999.250 -999.250 -999.250 -999.250 -999.250 -999.250 -999.250 -999.250 -999.250 -999.250 -999.250 -999.250 -999.250 -999.250 -999.250 -999.250 74.178 70.725 64.646 70.854 75.760 83.348 82.673 91.050 71.113 71.094 64.801 59.552 55.007 27.282 20.202 13.387 1.059 0.000 0.000 0.000 0.000 0.000 0.000 0.000 0.000 0.000 0.000 1.721 22.118 36.377 47.163 61.341 95.411 118.264 144.239
-999.250 -999.250 -999.250 -999.250 -999.250 -999.250 -999.250 -999.250 -999.250 -999.250 -999.250 -999.250 -999.250 -999.250 -999.250 -999.250 -999.250 -999.250 -999.250 -999.250 -999.250 -999.250 -999.250 -999.250 -999.250 -999.250 -999.250 -999.250 -999.250 -999.250 -999.250 82.506 75.851 94.156 90.055 98.319 95.795 92.096 88.674 92.082 74.790 65.086 51.886 38.328 24.131 16.396 7.969 0.000 0.000 0.000 0.000 0.000 0.000 0.000 0.000 0.000 0.000 4.135 11.650 29.502 51.148 61.152 91.683 118.766 147.022
-999.250 -999.250 -999.250 -999.250 -999.250 -999.250 -999.250 -999.250 -999.250 -999.250 -999.250 -999.250 -999.250 -999.250 -999.250 -999.250 -999.250 -999.250 -999.250 -999.250 -999.250 -999.250 -999.250 -999.250 -999.250 -999.250 -999.250 -999.250 -999.250 -999.250 107.309 101.618 102.258 103.215 102.686 105.815 112.451 114.729 113.231 106.679 96.118 71.401 63.046 49.705 34.914 26.189 13.081 0.000 0.000 0.000 0.000 0.000 0.000 0.000 0.000 0.000 0.000 0.027 15.475 29.077 46.628 65.512 88.361 115.895 131.050
-999.250 -999.250 -999.250 -999.250 -999.250 -999.250 -999.250 -999.250 -999.250 -999.250 -999.250 -999.250 -999.250 -999.250 -999.250 -999.250 -999.250 -999.250 -999.250 -999.250 -999.250 -999.250 -999.250 -999.250 -999.250 -999.250 -999.250 -999.250 -999.250 -999.250 -999.250 122.891 115.079 112.956 120.125 131.474 132.767 130.746 128.575 120.856 108.535 97.066 73.063 59.984 51.203 38.989 24.288 8.780 0.000 0.000 0.000 0.000 0.000 0.000 0.000 0.000 0.000 2.624 10.667 31.426 49.670 63.821 89.201 118.243 151.484
-999.250 -999.250 -999.250 -999.250 -999.250 -999.250 -999.250 -999.250 -999.250 -999.250 -999.250 -999.250 -999.250 -999.250 -999.250 -999.250 -999.250 -999.250 -999.250 -999.250 -999.250 -999.250 -999.250 -999.250 -999.250 -999.250 -999.250 -999.250 -999.250 -999.250 141.287 141.604 138.746 138.102 141.366 147.475 148.807 155.873 145.584 140.977 130.172 117.524 98.878 72.825 58.848 40.369 37.458 13.698 2.267 0.000 0.000 0.000 0.000 0.000 0.000 0.000 0.000 2.561 16.456 39.675 47.752 68.446 97.578 123.268 145.379
-999.250 -999.250 -999.250 -999.250 -999.250 -999.250 -999.250 -999.250 -999.250 -999.250 -999.250 -999.250 -999.250 -999.250 -999.250 -999.250 -999.250 -999.250 -999.250 -999.250 -999.250 -999.250 -999.250 -999.250 -999.250 -999.250 -999.250 -999.250 -999.250 -999.250 151.556 148.722 150.522 160.456 173.268 174.968 180.195 174.774 164.574 148.358 135.371 125.253 108.103 86.629 68.443 60.792 48.817 38.693 15.141 5.108 0.000 0.000 0.000 0.000 0.000 0.000 0.000 4.098 26.923 38.554 57.229 70.806 96.837 126.370 156.971
-999.250 -999.250 -999.250 -999.250 -999.250 -999.250 -999.250 -999.250 -999.250 -999.250 -999.250 -999.250 -999.250 -999.250 -999.250 -999.250 -999.250 -999.250 -999.250 -999.250 -999.250 -999.250 -999.250 -999.250 -999.250 -999.250 -999.250 -999.250 -999.250 -999.250 181.508 161.660 172.438 180.614 172.494 178.165 187.069 194.181 176.786 161.905 145.638 153.462 124.149 116.284 95.276 77.939 55.857 44.957 19.879 14.149 0.000 0.000 0.000 0.000 0.000 0.000 0.000 3.324 23.604 47.013 68.986 85.425 108.503 127.513 154.583
-999.250 -999.250 -999.250 -999.250 -999.250 -999.250 -999.250 -999.250 -999.250 -999.250 -999.250 -999.250 -999.250 -999.250 -999.250 -999.250 -999.250 -999.250 -999.250 -999.250 -999.250 -999.250 -999.250 -999.250 -999.250 -999.250 -999.250 -999.250 -999.250 -999.250 185.722 191.217 198.517 197.754 193.029 189.274 211.627 196.221 188.279 184.361 180.305 178.669 163.996 142.766 120.593 101.656 71.011 52.731 40.292 25.346 8.575 0.578 0.000 0.000 0.000 0.000 0.000 7.037 29.299 52.262 71.285 99.417 117.524 138.127 161.835
-999.250 -999.250 -999.250 -999.250 -999.250 -999.250 -999.250 -999.250 -999.250 -999.250 -999.250 -999.250 -999.250 -999.250 -999.250 -999.250 -999.250 -999.250 -999.250 -999.250 -999.250 -999.250 -999.250 -999.250 -999.250 -999.250 -999.250 -999.250 -999.250 -999.250 194.358 216.046 221.232 207.646 219.500 215.945 199.767 216.511 219.345 213.001 188.542 176.605 168.342 161.042 140.084 116.255 94.901 69.920 53.401 39.451 19.663 8.736 0.000 0.000 0.000 0.000 5.549 16.467 36.255 55.415 82.163 114.507 122.490 143.534 162.433
-999.250 -999.250 -999.250 -999.250 -999.250 -999.250 -999.250 -999.250 -999.250 -999.250 -999.250 -999.250 -999.250 -999.250 -999.250 -999.250 -999.250 -999.250 -999.250 -999.250 -999.250 -999.250 -999.250 -999.250 -999.250 -999.250 -999.250 -999.250 -999.250 -999.250 -999.250 220.998 233.693 231.777 245.206 228.966 230.538 231.334 245.612 216.879 208.784 202.149 205.455 181.443 140.157 128.949 107.633 86.910 67.404 46.028 28.929 23.900 5.874 1.241 2.565 3.168 6.307 19.866 42.365 58.904 93.005 143.906 140.963 145.155 160.350
-999.250 -999.250 -999.250 -999.250 -999.250 -999.250 -999.250 -999.250 -999.250 -999.250 -999.250 -999.250 -999.250 -999.250 -999.250 -999.250 -999.250 -999.250 -999.250 -999.250 -999.250 -999.250 -999.250 -999.250 -999.250 -999.250 -999.250 -999.250 -999.250 -999.250 -999.250 240.513 252.536 241.495 258.313 242.938 262.562 257.703 248.601 250.963 232.799 227.857 201.337 178.050 154.871 142.147 117.930 94.260 86.679 55.311 41.889 30.189 20.008 1.207 8.964 5.936 13.455 27.102 47.115 61.986 96.675 126.738 130.585 148.537 155.883
-999.250 -999.250 -999.250 -999.250 -999.250 -999.250 -999.250 -999.250 -999.250 -999.250 -999.250 -999.250 -999.250 -999.250 -999.250 -999.250 -999.250 -999.250 -999.250 -999.250 -999.250 -999.250 -999.250 -999.250 -999.250 -999.250 -999.250 -999.250 -999.250 -999.250 243.296 250.275 278.679 276.840 268.656 258.932 242.724 252.087 271.174 270.698 260.177 237.482 221.597 200.145 161.087 152.807 129.511 101.708 84.154 61.012 43.700 38.454 27.563 16.430 16.266 11.429 21.856 30.794 43.389 61.275 83.170 111.400 118.734 132.625 154.979
-999.250 -999.250 -999.250 -999.250 -999.250 -999.250 -999.250 -999.250 -999.250 -999.250 -999.250 -999.250 -999.250 -999.250 -999.250 -999.250 -999.250 -999.250 -999.250 -999.250 -999.250 -999.250 -999.250 -999.250 -999.250 -999.250 -999.250 -999.250 -999.250 -999.250 252.475 267.169 286.064 269.060 280.019 268.413 273.730 270.723 275.159 279.937 274.276 263.403 242.286 210.453 182.424 145.751 145.411 110.004 94.871 65.149 53.466 42.530 34.871 26.809 20.490 19.209 22.515 30.346 34.827 56.771 72.666 94.682 108.323 123.779 150.963
-999.250 -999.250 -999.250 -999.250 -999.250 -999.250 -999.250 -999.250 -999.250 -999.250 -999.250 -999.250 -999.250 -999.250 -999.250 -999.250 -999.250 -999.250 -999.250 -999.250 -999.250 -999.250 -999.250 -999.250 -999.250 -999.250 -999.250 -999.250 -999.250 -999.250 279.684 282.432 297.547 307.710 295.168 293.284 309.726 309.995 297.646 312.796 290.799 276.665 244.237 220.793 196.949 170.166 145.805 121.643 100.863 65.231 60.257 49.475 43.147 33.873 27.215 21.706 23.930 34.519 37.090 51.635 64.121 83.249 94.703 104.909 131.469
-999.250 -999.250 -999.250 -999.250 -999.250 -999.250 -999.250 -999.250 -999.250 -999.250 -999.250 -999.250 -999.250 -999.250 -999.250 -999.250 -999.250 -999.250 -999.250 -999.250 -999.250 -999.250 -999.250 -999.250 -999.250 -999.250 -999.250 -999.250 -999.250 -999.250 280.005 282.052 296.899 296.888 304.649 307.105 316.115 321.015 325.372 324.601 317.225 293.490 248.164 225.902 192.990 181.990 155.080 125.064 108.372 80.421 68.047 56.081 55.981 42.364 31.325 27.373 23.915 34.694 31.655 44.309 54.752 80.180 82.618 98.186 117.442
-999.250 -999.250 -999.250 -999.250 -999.250 -999.250 -999.250 -999.250 -999.250 -999.250 -999.250 -999.250 -999.250 -999.250 -999.250 -999.250 -999.250 -999.250 -999.250 -999.250 -999.250 -999.250 -999.250 -999.250 -999.250 -999.250 -999.250 -999.250 -999.250 -999.250 280.254 278.188 293.633 290.279 308.162 313.894 321.658 328.986 338.867 364.122 332.998 306.520 261.680 230.254 197.318 180.657 154.530 132.418 114.408 81.766 66.397 62.223 53.945 55.621 41.391 42.431 30.717 34.991 32.170 44.734 48.724 57.562 65.950 79.077 108.527
