data/medianmodel_25-Oct-2020.asc
ncols	141
nrows	288
xllcorner	-120191.398
yllcorner	-301404.813
cellsize	2000.000
NODATA_value	-999.250
[rows 30 to 59 of 288, columns 66 to 131 of 141]
174.623 161.077 187.341 211.644 221.413 222.955 208.191 217.258 207.811 245.274 212.200 201.574 214.404 193.257 192.462 199.344 230.467 206.948 177.769 202.316 160.660 161.214 135.938 138.082 104.263 115.971 120.585 111.970 110.686 122.206 124.178 102.763 115.277 107.954 113.291 147.905 178.649 188.514 197.745 264.693 292.183 319.792 314.261 286.102 306.269 254.844 259.333 237.922 275.017 261.504 250.417 250.585 245.639 229.506 205.503 176.207 170.680 156.521 110.842 94.287 83.365 49.714 60.398 74.832 81.454 101.998
185.408 187.223 205.012 225.275 238.848 235.019 245.616 245.841 302.462 276.508 251.707 218.888 226.167 216.680 217.898 203.577 220.689 225.499 198.247 211.945 163.251 157.394 156.296 152.485 112.626 108.729 109.236 103.586 100.706 103.428 94.875 96.758 110.886 106.518 100.266 151.083 191.900 196.644 235.783 251.516 256.996 332.986 327.727 312.454 310.026 286.767 289.250 289.295 287.514 285.797 271.796 272.371 254.271 217.818 178.347 181.746 185.352 148.543 112.558 86.305 79.727 72.803 61.150 60.779 73.840 88.717
200.102 222.517 221.136 261.470 255.230 270.338 282.234 287.496 340.112 310.805 300.801 276.007 249.056 252.269 252.095 223.923 236.437 224.784 214.690 185.374 169.596 163.192 159.519 141.435 122.239 106.647 105.356 103.637 95.228 98.205 91.260 97.614 101.690 115.165 109.049 154.796 220.692 213.485 222.684 266.886 283.399 279.796 352.393 314.647 313.223 296.268 343.695 282.077 286.984 282.961 305.175 275.919 251.200 205.639 202.675 195.576 142.028 134.587 121.205 99.585 86.624 77.426 70.050 78.950 78.233 94.170
205.145 207.776 227.127 266.463 294.094 334.240 344.239 389.204 374.562 339.169 334.978 327.279 287.094 272.385 286.087 271.674 253.616 219.947 214.962 184.267 200.050 166.601 163.249 123.727 124.298 122.662 100.189 95.920 93.223 94.138 87.476 91.924 91.981 107.322 125.899 168.697 235.776 227.806 272.606 291.279 300.521 333.391 399.559 340.748 312.129 299.459 288.359 326.771 293.681 314.513 291.283 252.560 253.733 236.785 222.485 190.525 170.328 146.085 114.356 120.449 100.076 90.220 83.888 86.690 89.345 86.008
213.024 222.808 241.359 253.339 264.672 320.693 369.883 432.181 419.942 359.223 367.029 359.349 349.617 326.736 325.184 355.005 294.707 230.228 217.606 202.140 169.809 145.950 133.257 129.449 110.871 105.694 91.595 95.391 90.938 94.918 105.158 104.653 112.353 123.413 150.911 185.643 226.646 232.590 244.102 297.106 357.806 385.564 400.715 381.429 306.272 315.060 305.298 329.584 308.106 286.844 323.911 280.306 244.903 237.827 186.770 213.451 178.974 159.826 135.384 133.714 118.682 108.233 93.710 92.974 95.233 100.807
234.548 226.746 229.385 234.247 283.760 348.617 377.874 398.466 393.826 364.975 343.744 358.517 337.264 359.671 376.157 367.862 301.794 238.554 245.581 206.864 176.705 145.476 130.766 128.695 116.098 102.958 101.962 90.166 94.414 98.546 113.351 106.490 118.024 132.144 162.236 169.823 197.761 227.593 256.612 284.278 317.327 318.701 380.439 339.279 338.473 290.417 327.477 356.239 363.958 309.450 370.208 343.133 279.505 231.876 240.520 203.833 188.593 167.493 174.532 159.253 152.396 111.511 105.975 97.142 98.680 102.703
209.966 222.238 235.352 249.719 297.030 317.714 346.094 390.736 393.313 384.345 367.494 358.645 380.885 338.609 315.302 315.318 318.732 260.073 238.341 201.019 176.133 153.839 133.645 137.527 102.201 99.622 104.353 95.500 89.613 115.184 112.783 132.128 129.946 142.502 175.328 211.488 208.642 236.491 250.147 263.661 316.785 316.149 350.790 336.828 314.379 312.170 347.988 387.462 373.755 315.761 334.993 305.572 317.945 302.767 209.455 237.837 240.176 218.681 208.005 208.065 186.588 154.970 126.414 130.732 118.799 127.637
202.124 187.180 216.950 231.586 235.020 278.283 306.139 349.923 387.347 342.221 340.477 371.582 333.358 308.218 351.535 269.995 308.544 247.845 212.156 186.255 176.655 158.852 130.582 129.245 103.492 101.157 107.006 109.237 100.498 121.764 125.904 159.881 161.651 168.268 195.901 205.976 235.694 243.136 275.449 289.169 269.976 314.674 333.141 374.128 332.433 328.261 378.526 384.343 327.435 330.183 370.075 343.123 357.746 322.375 287.416 339.606 246.144 227.966 255.385 204.526 193.089 193.695 160.855 149.309 156.722 145.642
177.484 179.209 200.334 192.767 224.731 257.586 268.191 291.944 333.559 330.422 324.516 334.651 286.439 285.918 308.937 292.542 259.959 249.368 227.555 197.625 176.624 177.035 135.557 132.243 118.633 122.564 114.114 124.125 121.596 116.464 147.077 180.129 199.451 212.163 218.019 212.650 260.679 275.962 250.421 254.914 290.343 297.413 309.573 371.938 394.621 370.322 342.245 381.176 351.169 357.327 363.735 373.730 356.707 330.784 351.458 346.130 338.561 321.436 269.589 259.213 225.213 244.482 184.640 156.481 170.151 158.562
171.724 165.612 176.086 179.742 150.492 193.882 230.130 255.562 279.849 343.606 321.981 285.978 309.317 270.805 271.012 238.187 235.853 248.889 200.356 177.295 175.903 187.318 155.513 144.615 133.381 127.548 138.098 135.760 123.562 153.460 187.626 215.271 221.012 244.355 257.569 286.025 306.879 311.609 286.318 280.436 274.153 295.527 354.467 412.831 430.949 348.916 338.447 321.269 350.025 315.676 376.534 393.405 378.709 364.955 348.174 437.985 418.704 372.570 318.299 259.578 246.968 216.455 188.820 194.471 183.243 184.233
162.144 150.509 166.393 165.949 155.533 164.356 194.988 237.718 266.301 263.921 282.996 269.231 266.825 248.102 245.649 219.483 206.992 210.947 208.471 207.727 182.527 178.793 183.050 173.474 154.869 142.434 158.597 151.731 178.763 174.417 215.352 236.235 282.104 287.243 320.092 376.777 418.663 377.001 392.675 349.393 371.417 334.982 357.013 421.090 438.940 352.090 365.614 344.181 360.871 321.837 390.269 372.370 445.119 402.881 442.804 460.599 459.317 395.480 366.760 242.972 277.525 238.545 197.524 191.781 203.845 187.627
161.566 129.571 127.055 153.324 142.409 174.842 192.368 208.364 215.105 237.151 262.266 266.957 270.340 243.790 206.790 212.871 191.853 208.768 224.728 220.850 210.938 193.114 202.942 204.011 188.296 168.920 183.614 181.004 176.709 192.596 211.209 266.323 346.485 358.497 364.527 405.711 373.564 438.541 443.938 408.333 421.321 385.303 394.605 410.965 356.373 377.311 348.683 335.367 335.839 401.304 438.994 474.655 495.317 456.395 493.417 477.202 478.737 417.333 391.756 376.767 350.264 262.176 229.929 220.372 217.807 198.004
161.834 150.732 137.373 146.126 143.596 159.447 177.993 188.091 187.160 224.282 248.190 260.274 244.436 245.796 224.453 232.788 196.219 212.750 231.915 237.363 228.141 225.832 216.566 206.531 206.345 203.900 199.869 196.661 207.301 207.415 257.613 348.358 378.308 419.874 473.434 504.263 487.756 499.673 447.639 413.632 419.401 410.540 391.237 420.092 360.619 354.704 361.511 316.079 352.875 390.569 449.888 468.807 517.293 463.633 500.203 502.279 505.326 454.005 426.775 401.934 384.737 278.045 264.336 219.254 225.540 212.900
162.828 163.009 132.112 133.224 160.914 188.126 192.243 183.113 199.031 198.009 202.780 226.366 242.050 242.262 207.566 213.622 203.742 210.725 235.123 237.270 258.092 232.836 279.387 262.490 258.903 237.503 239.522 222.253 217.599 249.972 303.578 336.957 450.103 481.398 497.266 645.523 520.043 564.479 634.740 536.026 471.479 447.302 405.126 439.560 410.767 336.481 328.287 320.390 337.258 388.142 423.217 480.597 477.659 589.597 670.683 645.853 598.561 508.682 476.026 487.926 357.176 279.384 277.726 253.554 210.434 226.652
202.970 176.304 166.205 154.521 146.819 167.909 188.369 183.290 221.049 200.672 219.058 211.395 206.026 202.002 201.298 201.525 191.311 200.903 221.192 232.307 296.780 327.655 354.680 342.835 325.119 258.560 258.888 227.873 220.374 256.687 278.121 395.856 444.711 521.013 586.812 690.946 653.488 627.236 568.435 520.315 391.798 402.972 387.644 387.263 383.183 337.938 339.192 347.639 385.668 333.345 436.753 487.883 485.448 608.599 690.509 667.773 622.984 526.301 486.084 428.723 335.682 328.152 295.499 254.111 254.143 -999.250
251.736 222.723 190.357 187.947 157.753 170.747 170.311 197.135 206.559 213.498 227.872 211.716 229.572 187.539 163.718 189.039 186.819 239.963 243.884 275.455 292.202 357.916 415.219 398.582 377.937 289.471 244.999 252.343 226.035 233.902 296.024 333.157 521.813 603.395 639.300 630.150 668.694 642.853 522.929 454.019 393.680 358.092 384.906 328.562 339.375 363.869 300.074 378.299 358.596 374.541 456.855 466.037 534.524 696.995 726.883 716.849 606.346 531.659 415.129 391.654 327.375 295.477 263.673 251.367 251.061 -999.250
294.717 261.620 229.306 190.265 169.983 155.113 158.203 177.701 200.862 208.024 248.189 216.725 188.997 171.884 147.345 161.651 180.935 206.508 215.413 302.761 371.893 429.131 434.866 418.253 391.156 296.767 249.197 205.959 196.606 224.056 291.512 355.030 431.536 584.902 660.559 701.967 702.927 665.516 552.496 418.496 332.994 349.852 371.913 305.245 284.000 315.499 287.224 338.043 448.377 415.803 465.648 511.786 615.462 678.602 699.163 660.076 637.419 542.271 482.681 385.631 357.243 343.683 282.496 268.671 -999.250 -999.250
350.749 281.170 237.570 179.629 180.700 170.930 157.600 166.480 169.981 180.508 190.778 170.343 172.592 155.167 135.078 128.828 138.839 165.166 229.042 279.587 340.672 404.001 517.647 396.379 349.893 250.774 228.114 175.870 153.175 154.446 230.188 268.578 384.774 511.600 625.174 761.085 681.291 568.945 544.547 413.176 334.560 291.824 312.618 303.618 274.155 271.770 336.191 349.890 421.724 426.813 500.359 493.583 545.466 523.961 584.189 604.266 604.414 489.306 412.481 374.435 314.873 277.714 -999.250 -999.250 -999.250 -999.250
386.795 269.272 227.926 190.774 162.940 152.331 148.031 139.289 129.971 146.587 156.768 148.376 125.524 128.518 117.991 107.203 102.793 133.378 195.078 265.879 340.395 402.786 426.427 340.499 306.004 201.175 168.051 118.162 91.661 93.167 143.350 210.470 309.108 412.128 509.157 626.626 558.408 547.780 408.257 356.208 286.882 303.520 253.620 230.494 232.768 255.735 333.245 361.885 369.900 395.310 429.465 414.842 443.008 441.209 452.283 430.238 422.309 410.434 347.593 352.893 297.868 266.959 -999.250 -999.250 -999.250 -999.250
306.506 249.380 193.931 175.445 158.779 144.484 119.810 110.418 104.489 97.415 113.677 116.407 115.725 114.757 98.329 96.582 86.678 84.488 170.882 224.295 281.907 342.268 379.432 316.363 250.964 173.277 116.460 70.991 36.631 0.000 79.688 151.412 223.464 282.092 396.065 469.626 421.480 385.446 367.530 299.804 226.020 203.768 214.300 184.498 169.457 210.505 248.373 274.421 296.006 314.952 386.604 361.799 350.457 357.425 385.433 380.211 341.653 -999.250 314.144 256.384 -999.250 -999.250 -999.250 -999.250 -999.250 -999.250
256.741 244.041 175.950 172.018 130.100 118.101 102.629 89.897 71.441 72.918 93.745 95.968 111.061 104.256 107.269 106.050 114.112 128.683 177.062 207.183 248.710 277.290 251.471 254.493 195.640 142.991 93.677 50.613 15.923 3.688 41.677 99.733 178.906 220.940 278.728 326.861 349.510 276.973 252.258 217.980 190.517 171.917 179.597 169.215 158.590 178.103 228.580 236.655 239.667 331.458 321.374 273.388 301.394 329.900 285.551 -999.250 -999.250 -999.250 -999.250 -999.250 -999.250 -999.250 -999.250 -999.250 -999.250 -999.250
274.848 215.052 173.418 146.939 122.416 111.806 102.146 71.698 54.567 70.529 88.208 93.608 95.518 113.797 122.690 130.149 144.700 179.635 188.269 232.998 235.321 238.910 224.030 188.228 158.814 102.153 64.224 32.755 9.662 9.008 43.565 78.036 120.796 164.288 209.312 235.315 246.632 213.134 169.618 143.730 134.747 127.905 129.253 119.269 120.425 132.377 150.488 162.482 193.352 255.664 261.027 245.112 251.881 286.439 -999.250 -999.250 -999.250 -999.250 -999.250 -999.250 -999.250 -999.250 -999.250 -999.250 -999.250 -999.250
242.424 180.894 159.887 128.668 112.373 117.545 101.216 87.190 45.461 89.579 99.132 105.582 112.950 120.050 136.062 175.405 190.931 198.788 246.320 237.916 225.215 209.385 198.923 159.257 112.328 81.385 43.420 16.490 2.452 11.439 31.650 58.573 93.568 131.287 146.677 160.823 154.670 116.576 86.421 79.027 82.376 87.205 80.801 74.888 90.529 91.563 106.965 121.039 143.240 195.971 189.815 205.525 208.257 217.864 -999.250 -999.250 -999.250 -999.250 -999.250 -999.250 -999.250 -999.250 -999.250 -999.250 -999.250 -999.250
211.612 156.706 136.862 118.411 114.202 104.604 118.148 157.059 215.558 146.761 132.103 127.521 129.598 140.388 151.453 207.526 238.656 284.724 279.766 268.596 228.644 207.284 192.322 148.475 113.604 66.043 41.887 21.478 5.961 11.345 18.913 43.089 67.632 84.540 95.181 86.335 82.170 46.632 0.000 29.576 44.735 49.471 47.837 67.062 64.768 62.147 60.923 77.725 102.652 141.608 160.445 151.447 167.722 -999.250 -999.250 -999.250 -999.250 -999.250 -999.250 -999.250 -999.250 -999.250 -999.250 -999.250 -999.250 -999.250
200.036 157.165 130.615 108.338 100.908 105.362 113.644 160.940 165.774 150.903 155.821 143.935 131.776 175.521 186.715 252.249 308.271 326.162 292.468 282.013 251.785 221.240 187.786 154.698 116.096 69.612 43.752 27.392 19.406 11.019 12.995 36.124 47.588 50.500 68.392 62.409 53.188 32.801 4.672 5.840 17.212 23.405 30.483 46.326 47.691 53.682 50.617 52.568 65.391 101.344 110.592 118.216 -999.250 -999.250 -999.250 -999.250 -999.250 -999.250 -999.250 -999.250 -999.250 -999.250 -999.250 -999.250 -999.250 -999.250
213.356 159.972 126.114 103.854 90.641 91.768 100.533 116.306 140.275 145.291 134.238 130.469 149.587 165.692 202.987 290.800 358.179 390.143 391.012 319.073 296.547 238.572 205.737 168.421 109.525 78.304 48.404 31.164 23.755 13.809 19.840 34.394 39.191 51.909 53.926 55.017 49.861 32.914 15.534 6.468 5.450 16.415 19.463 25.130 30.455 35.889 35.545 44.386 51.777 62.503 88.687 104.625 -999.250 -999.250 -999.250 -999.250 -999.250 -999.250 -999.250 -999.250 -999.250 -999.250 -999.250 -999.250 -999.250 -999.250
208.897 171.234 129.671 114.000 90.119 86.945 90.715 97.240 116.654 118.454 124.022 121.844 126.664 153.036 201.415 299.879 392.892 480.690 393.975 341.565 276.443 231.582 194.719 160.528 113.855 76.251 46.871 34.129 24.745 25.921 31.149 44.327 47.979 56.052 76.150 68.094 52.194 45.807 30.175 15.883 14.614 14.288 21.452 21.839 19.161 30.788 34.109 35.461 34.348 45.654 76.660 -999.250 -999.250 -999.250 -999.250 -999.250 -999.250 -999.250 -999.250 -999.250 -999.250 -999.250 -999.250 -999.250 -999.250 -999.250
217.101 192.697 167.702 117.712 93.073 78.704 73.924 80.337 101.710 98.840 102.533 105.186 112.805 121.338 186.128 254.617 398.190 413.050 363.334 309.616 269.148 216.713 194.846 160.654 114.687 68.698 43.384 36.335 27.944 30.833 39.799 50.640 58.329 71.172 84.691 92.265 66.891 53.207 36.421 34.069 21.608 22.188 26.695 27.797 31.155 26.316 34.726 34.398 38.847 30.321 55.367 -999.250 -999.250 -999.250 -999.250 -999.250 -999.250 -999.250 -999.250 -999.250 -999.250 -999.250 -999.250 -999.250 -999.250 -999.250
251.941 194.347 151.078 123.396 91.787 69.416 65.710 74.038 74.837 77.658 85.943 94.549 95.032 132.543 184.375 246.496 283.728 337.034 298.294 315.615 206.792 195.921 180.627 144.185 97.654 66.091 43.803 32.626 30.992 34.062 41.162 54.500 65.662 69.034 93.702 87.466 76.927 63.017 53.399 43.729 29.608 34.153 34.635 34.199 32.659 33.502 33.385 37.883 35.263 45.707 63.862 -999.250 -999.250 -999.250 -999.250 -999.250 -999.250 -999.250 -999.250 -999.250 -999.250 -999.250 -999.250 -999.250 -999.250 -999.250
246.161 202.334 144.982 119.626 84.927 72.826 60.903 58.808 61.683 59.844 63.392 79.593 95.783 124.896 165.018 190.182 219.581 257.022 257.325 249.637 226.781 212.319 153.176 118.165 77.425 55.393 38.597 33.180 31.645 35.437 44.684 55.188 67.911 80.169 98.269 95.528 87.476 74.081 58.051 52.005 49.919 38.549 39.367 43.288 36.035 34.930 37.362 42.122 43.873 58.071 -999.250 -999.250 -999.250 -999.250 -999.250 -999.250 -999.250 -999.250 -999.250 -999.250 -999.250 -999.250 -999.250 -999.250 -999.250 -999.250
