data/medianmodel_29-Jan-2021.asc
ncols	141
nrows	288
xllcorner	-120191.398
yllcorner	-301404.813
cellsize	2000.000
NODATA_value	-999.250
[rows 140 to 167 of 288, columns 63 to 125 of 141]
1401.353 1303.837 1216.070 1130.487 1065.531 1017.813 998.262 928.895 878.715 875.959 873.945 839.289 829.208 803.120 801.270 909.135 972.675 1143.713 1369.787 1614.157 1839.343 2245.935 2364.207 -999.250 -999.250 -999.250 -999.250 -999.250 -999.250 -999.250 -999.250 -999.250 -999.250 -999.250 -999.250 -999.250 -999.250 -999.250 -999.250 -999.250 -999.250 -999.250 -999.250 -999.250 -999.250 -999.250 -999.250 -999.250 -999.250 -999.250 -999.250 -999.250 -999.250 -999.250 -999.250 -999.250 -999.250 -999.250 -999.250 -999.250 -999.250 -999.250 -999.250
1353.367 1212.288 1200.933 1161.650 1131.794 1073.292 1027.172 974.075 976.739 919.719 880.853 864.801 858.678 837.582 870.215 914.702 953.305 1072.657 1279.582 1647.601 1892.369 2224.449 2577.433 2900.479 -999.250 -999.250 -999.250 -999.250 -999.250 -999.250 -999.250 -999.250 -999.250 -999.250 -999.250 -999.250 -999.250 -999.250 -999.250 -999.250 -999.250 -999.250 -999.250 -999.250 -999.250 -999.250 -999.250 -999.250 -999.250 -999.250 -999.250 -999.250 -999.250 -999.250 -999.250 -999.250 -999.250 -999.250 -999.250 -999.250 -999.250 -999.250 -999.250
1333.316 1212.701 1235.978 1209.290 1222.275 1148.983 1093.007 1044.543 1038.446 987.262 910.887 865.275 828.197 853.384 838.176 838.794 947.777 1014.262 1232.717 1569.691 1856.224 2253.288 2634.942 3082.436 3673.523 -999.250 -999.250 -999.250 -999.250 -999.250 -999.250 -999.250 -999.250 -999.250 -999.250 -999.250 -999.250 -999.250 -999.250 -999.250 -999.250 -999.250 -999.250 -999.250 -999.250 -999.250 -999.250 -999.250 -999.250 -999.250 -999.250 -999.250 -999.250 -999.250 -999.250 -999.250 -999.250 -999.250 -999.250 -999.250 -999.250 -999.250 -999.250
1346.288 1251.932 1258.429 1264.763 1270.972 1291.237 1201.569 1148.713 1092.900 1050.984 999.936 923.338 920.003 866.308 826.474 839.878 859.587 974.003 1168.011 1558.431 1943.068 2424.282 2777.335 3147.804 3910.831 4512.751 -999.250 -999.250 -999.250 -999.250 -999.250 -999.250 -999.250 -999.250 -999.250 -999.250 -999.250 -999.250 -999.250 -999.250 -999.250 -999.250 -999.250 -999.250 -999.250 -999.250 -999.250 -999.250 -999.250 -999.250 -999.250 -999.250 -999.250 -999.250 -999.250 -999.250 -999.250 -999.250 -999.250 -999.250 -999.250 -999.250 -999.250
1365.388 1345.078 1338.955 1350.081 1351.470 1406.039 1336.440 1204.110 1171.814 1103.617 1043.265 1027.347 951.591 893.545 874.224 830.780 824.140 845.546 1003.606 1455.577 1921.414 2590.676 3103.748 3725.170 4426.958 4707.807 -999.250 -999.250 -999.250 -999.250 -999.250 -999.250 -999.250 -999.250 -999.250 -999.250 -999.250 -999.250 -999.250 -999.250 -999.250 -999.250 -999.250 -999.250 -999.250 -999.250 -999.250 -999.250 -999.250 -999.250 -999.250 -999.250 -999.250 -999.250 -999.250 -999.250 -999.250 -999.250 -999.250 -999.250 -999.250 -999.250 -999.250
1413.765 1449.693 1460.887 1444.972 1456.014 1463.128 1401.563 1299.004 1277.545 1214.480 1130.476 1056.539 1028.393 972.693 915.827 875.084 854.890 840.362 775.450 1450.469 2003.643 2679.417 3177.193 4015.067 4789.610 5115.108 5298.953 5845.041 -999.250 -999.250 -999.250 -999.250 -999.250 -999.250 -999.250 -999.250 -999.250 -999.250 -999.250 -999.250 -999.250 -999.250 -999.250 -999.250 -999.250 -999.250 -999.250 -999.250 -999.250 -999.250 -999.250 -999.250 -999.250 -999.250 -999.250 -999.250 -999.250 -999.250 -999.250 -999.250 -999.250 -999.250 -999.250
1456.423 1515.164 1579.810 1564.311 1585.169 1590.702 1604.604 1495.759 1382.221 1310.632 1240.539 1192.008 1074.790 1056.764 1008.586 995.256 1003.900 1026.294 1199.688 1696.915 2329.396 2838.525 3490.685 4519.243 5104.856 5538.305 5810.128 6125.260 5920.074 -999.250 -999.250 -999.250 -999.250 -999.250 -999.250 -999.250 -999.250 -999.250 -999.250 -999.250 -999.250 -999.250 -999.250 -999.250 -999.250 -999.250 -999.250 -999.250 -999.250 -999.250 -999.250 -999.250 -999.250 -999.250 -999.250 -999.250 -999.250 -999.250 -999.250 -999.250 -999.250 -999.250 -999.250
1466.827 1555.151 1600.457 1636.054 1660.503 1729.018 1695.516 1641.829 1501.320 1436.149 1365.854 1241.020 1215.370 1196.240 1135.865 1135.129 1161.215 1320.865 1591.012 1983.815 2493.569 2995.234 3520.652 4584.584 5182.005 5678.277 6294.692 6717.661 6103.671 -999.250 -999.250 -999.250 -999.250 -999.250 -999.250 -999.250 -999.250 -999.250 -999.250 -999.250 -999.250 -999.250 -999.250 -999.250 -999.250 -999.250 -999.250 -999.250 -999.250 -999.250 -999.250 -999.250 -999.250 -999.250 -999.250 -999.250 -999.250 -999.250 -999.250 -999.250 -999.250 -999.250 -999.250
1552.435 1615.169 1625.972 1657.964 1745.524 1800.124 1838.799 1741.535 1583.170 1538.902 1453.080 1366.229 1285.293 1288.947 1269.347 1299.666 1367.258 1603.535 1861.141 2158.801 2623.499 3097.272 3952.056 4545.104 5304.237 5744.264 6664.029 7057.211 6027.749 5215.027 4599.330 3979.389 -999.250 -999.250 -999.250 -999.250 -999.250 -999.250 -999.250 -999.250 -999.250 -999.250 -999.250 -999.250 -999.250 -999.250 -999.250 -999.250 -999.250 -999.250 -999.250 -999.250 -999.250 -999.250 -999.250 -999.250 -999.250 -999.250 -999.250 -999.250 -999.250 -999.250 -999.250
1589.612 1593.731 1620.337 1743.565 1751.379 1762.597 1798.144 1770.755 1667.819 1577.549 1513.562 1430.175 1323.054 1293.050 1340.840 1433.573 1544.551 1773.953 2062.240 2342.996 2760.670 3078.059 3657.966 4658.427 5088.224 5687.364 6057.004 6334.848 5643.269 4657.537 4106.746 3486.591 3083.804 -999.250 -999.250 -999.250 -999.250 -999.250 -999.250 -999.250 -999.250 -999.250 -999.250 -999.250 -999.250 -999.250 -999.250 -999.250 -999.250 -999.250 -999.250 -999.250 -999.250 -999.250 -999.250 -999.250 -999.250 -999.250 -999.250 -999.250 -999.250 -999.250 -999.250
1614.766 1660.667 1677.631 1762.497 1771.177 1826.134 1766.415 1717.585 1712.108 1676.440 1628.198 1494.105 1474.324 1421.724 1472.110 1548.980 1610.888 1787.261 2066.437 2392.861 2703.070 3046.635 3434.894 4030.856 4621.987 5174.214 5160.736 5096.230 5169.688 4302.014 3371.789 3008.646 -999.250 -999.250 -999.250 -999.250 -999.250 -999.250 -999.250 -999.250 -999.250 -999.250 -999.250 -999.250 -999.250 -999.250 -999.250 -999.250 -999.250 -999.250 -999.250 -999.250 -999.250 -999.250 -999.250 -999.250 -999.250 -999.250 -999.250 -999.250 -999.250 -999.250 -999.250
1663.893 1738.879 1721.432 1840.904 1805.885 1796.989 1807.697 1730.835 1693.989 1661.453 1584.010 1513.147 1558.303 1518.684 1460.289 1543.145 1661.519 1776.003 1951.282 2268.252 2533.735 2879.482 3124.549 3505.646 4017.958 4493.615 4321.073 4362.928 4039.015 3376.184 3090.150 2667.162 -999.250 -999.250 -999.250 -999.250 -999.250 -999.250 -999.250 -999.250 -999.250 -999.250 -999.250 -999.250 -999.250 -999.250 -999.250 -999.250 -999.250 -999.250 -999.250 -999.250 -999.250 -999.250 -999.250 -999.250 -999.250 -999.250 -999.250 -999.250 -999.250 -999.250 -999.250
1723.744 1771.804 1821.436 1787.142 1779.156 1793.885 1780.130 1669.093 1656.899 1625.703 1589.004 1626.656 1603.401 1503.783 1566.130 1545.672 1650.683 1750.322 1832.078 2084.265 2337.787 2658.148 2784.189 3098.821 3355.055 3513.091 3459.512 3259.376 2975.215 2749.578 2482.144 2212.350 -999.250 -999.250 -999.250 -999.250 -999.250 -999.250 -999.250 -999.250 -999.250 -999.250 -999.250 -999.250 -999.250 -999.250 -999.250 -999.250 -999.250 -999.250 -999.250 -999.250 -999.250 -999.250 -999.250 -999.250 -999.250 -999.250 -999.250 -999.250 -999.250 -999.250 -999.250
1682.697 1808.649 1774.618 1809.296 1827.132 1798.821 1760.686 1702.803 1603.516 1584.355 1613.166 1518.144 1534.115 1466.084 1516.551 1541.692 1574.345 1634.029 1724.561 1889.914 2109.564 2366.586 2642.093 2761.383 2863.206 2901.766 2893.216 2691.144 2346.465 2036.248 1982.763 1891.803 -999.250 -999.250 -999.250 -999.250 -999.250 -999.250 -999.250 -999.250 -999.250 -999.250 -999.250 -999.250 -999.250 -999.250 -999.250 -999.250 -999.250 -999.250 -999.250 -999.250 -999.250 -999.250 -999.250 -999.250 -999.250 -999.250 -999.250 -999.250 -999.250 -999.250 -999.250
1767.933 1787.022 1804.122 1856.395 1878.736 1826.617 1818.248 1728.779 1697.255 1669.533 1578.001 1499.670 1496.992 1432.230 1444.957 1535.115 1453.755 1504.067 1590.333 1696.056 1844.414 2015.102 2193.878 2329.474 2368.789 2440.904 2282.442 2054.782 1750.803 1464.226 1542.619 1644.511 -999.250 -999.250 -999.250 -999.250 -999.250 -999.250 -999.250 -999.250 -999.250 -999.250 -999.250 -999.250 -999.250 -999.250 -999.250 -999.250 -999.250 -999.250 -999.250 -999.250 -999.250 -999.250 -999.250 -999.250 -999.250 -999.250 -999.250 -999.250 -999.250 -999.250 -999.250
1815.805 1864.087 1851.954 1906.480 1880.529 1872.190 1822.787 1783.563 1677.343 1637.584 1591.819 1523.079 1495.841 1432.645 1391.208 1395.224 1395.279 1330.640 1420.095 1499.400 1593.019 1746.766 1843.848 1963.039 1991.761 1974.537 1844.242 1654.159 1424.634 1298.496 1281.515 1400.693 -999.250 -999.250 -999.250 -999.250 -999.250 -999.250 -999.250 -999.250 -999.250 -999.250 -999.250 -999.250 -999.250 -999.250 -999.250 -999.250 -999.250 -999.250 -999.250 -999.250 -999.250 -999.250 -999.250 -999.250 -999.250 -999.250 -999.250 -999.250 -999.250 -999.250 -999.250
1827.509 1912.076 1936.641 1970.616 1983.408 1989.219 1897.642 1788.855 1740.705 1637.164 1570.508 1472.889 1457.296 1390.622 1400.372 1296.057 1240.848 1282.814 1223.778 1229.537 1298.394 1437.028 1519.344 1604.113 1631.814 1621.001 1510.125 1382.276 1255.145 1174.049 1216.393 1204.819 1345.450 -999.250 -999.250 -999.250 -999.250 -999.250 -999.250 -999.250 -999.250 -999.250 -999.250 -999.250 -999.250 -999.250 -999.250 -999.250 -999.250 -999.250 -999.250 -999.250 -999.250 -999.250 -999.250 -999.250 -999.250 -999.250 -999.250 -999.250 -999.250 -999.250 -999.250
1928.491 1931.541 1994.441 2058.638 2030.881 2031.268 1967.114 1818.313 1780.894 1697.108 1612.571 1495.153 1391.528 1361.028 1361.573 1241.043 1213.887 1121.360 1039.566 1015.266 1005.004 1102.770 1162.323 1225.234 1333.566 1292.606 1261.249 1154.481 1144.344 1066.582 1080.516 1206.095 1244.884 1310.944 -999.250 -999.250 -999.250 -999.250 -999.250 -999.250 -999.250 -999.250 -999.250 -999.250 -999.250 -999.250 -999.250 -999.250 -999.250 -999.250 -999.250 -999.250 -999.250 -999.250 -999.250 -999.250 -999.250 -999.250 -999.250 -999.250 -999.250 -999.250 -999.250
1964.290 2033.431 2099.824 2020.963 2020.264 1994.532 1936.747 1854.313 1790.904 1683.857 1593.748 1502.394 1401.753 1310.996 1256.847 1184.467 1089.449 1027.770 945.800 805.332 703.100 872.322 992.917 1044.682 1053.754 1065.728 1043.859 987.732 995.698 1032.372 1047.801 1105.364 1146.324 1250.473 1326.630 -999.250 -999.250 -999.250 -999.250 -999.250 -999.250 -999.250 -999.250 -999.250 -999.250 -999.250 -999.250 -999.250 -999.250 -999.250 -999.250 -999.250 -999.250 -999.250 -999.250 -999.250 -999.250 -999.250 -999.250 -999.250 -999.250 -999.250 -999.250
1964.484 2094.863 2136.239 2081.821 2034.624 1988.169 1887.448 1790.553 1727.250 1665.429 1584.961 1490.813 1385.000 1309.316 1212.469 1118.972 1019.313 973.549 872.336 767.027 708.613 812.753 902.641 953.590 995.374 996.658 974.497 982.161 990.868 1001.477 1031.550 1104.387 1173.198 1230.408 1299.145 -999.250 -999.250 -999.250 -999.250 -999.250 -999.250 -999.250 -999.250 -999.250 -999.250 -999.250 -999.250 -999.250 -999.250 -999.250 -999.250 -999.250 -999.250 -999.250 -999.250 -999.250 -999.250 -999.250 -999.250 -999.250 -999.250 -999.250 -999.250
1960.491 2149.977 2234.227 2123.673 2029.382 1916.952 1856.158 1780.951 1704.440 1630.839 1560.910 1494.871 1363.256 1300.328 1254.745 1119.960 1040.763 930.772 874.131 813.397 804.275 799.512 906.425 913.942 923.857 940.702 956.908 970.784 994.154 1026.552 1049.885 1076.471 1178.187 1272.974 1317.058 -999.250 -999.250 -999.250 -999.250 -999.250 -999.250 -999.250 -999.250 -999.250 -999.250 -999.250 -999.250 -999.250 -999.250 -999.250 -999.250 -999.250 -999.250 -999.250 -999.250 -999.250 -999.250 -999.250 -999.250 -999.250 -999.250 -999.250 -999.250
1931.101 2041.870 2043.871 2090.975 1991.645 1888.094 1820.706 1705.866 1634.080 1615.247 1546.666 1488.899 1427.357 1315.562 1245.109 1141.355 1036.047 957.802 887.441 869.614 860.575 896.778 908.242 909.683 967.943 986.546 968.854 981.250 1003.965 1037.588 1041.557 1071.228 1195.044 1269.644 1300.867 -999.250 -999.250 -999.250 -999.250 -999.250 -999.250 -999.250 -999.250 -999.250 -999.250 -999.250 -999.250 -999.250 -999.250 -999.250 -999.250 -999.250 -999.250 -999.250 -999.250 -999.250 -999.250 -999.250 -999.250 -999.250 -999.250 -999.250 -999.250
1839.353 1941.798 1984.233 1987.495 1959.184 1779.496 1755.008 1715.246 1649.186 1580.193 1540.295 1481.807 1427.292 1415.696 1318.282 1215.986 1156.087 1069.498 921.591 946.772 925.956 954.615 998.755 1008.983 1035.972 1044.576 1008.254 1009.676 1016.163 1062.535 1079.471 1086.913 1137.606 1258.066 1304.153 -999.250 -999.250 -999.250 -999.250 -999.250 -999.250 -999.250 -999.250 -999.250 -999.250 -999.250 -999.250 -999.250 -999.250 -999.250 -999.250 -999.250 -999.250 -999.250 -999.250 -999.250 -999.250 -999.250 -999.250 -999.250 -999.250 -999.250 -999.250
1780.865 1783.036 1802.659 1800.364 1834.378 1747.886 1683.430 1638.589 1587.461 1546.178 1529.073 1467.191 1489.155 1412.905 1443.690 1358.115 1317.411 1206.450 1011.058 1043.806 1076.722 1095.160 1055.743 1100.824 1103.411 1087.009 1047.875 1049.865 1054.121 1073.608 1150.802 1134.776 1193.890 1263.294 1357.120 1381.433 -999.250 -999.250 -999.250 -999.250 -999.250 -999.250 -999.250 -999.250 -999.250 -999.250 -999.250 -999.250 -999.250 -999.250 -999.250 -999.250 -999.250 -999.250 -999.250 -999.250 -999.250 -999.250 -999.250 -999.250 -999.250 -999.250 -999.250
1626.556 1643.789 1681.633 1695.131 1700.753 1620.724 1568.930 1548.500 1516.169 1460.026 1569.413 1545.722 1532.541 1588.136 1566.708 1589.483 1568.508 1453.469 1363.358 1349.197 1352.811 1319.984 1270.783 1241.820 1244.032 1205.111 1170.027 1124.301 1098.214 1131.419 1147.215 1167.849 1176.054 1278.315 1342.892 1400.564 1484.654 -999.250 -999.250 -999.250 -999.250 -999.250 -999.250 -999.250 -999.250 -999.250 -999.250 -999.250 -999.250 -999.250 -999.250 -999.250 -999.250 -999.250 -999.250 -999.250 -999.250 -999.250 -999.250 -999.250 -999.250 -999.250 -999.250
1518.069 1475.356 1513.147 1503.133 1488.751 1435.961 1453.984 1407.393 1427.516 1421.808 1508.524 1582.895 1642.711 1691.248 1731.900 1763.668 1798.508 1768.022 1710.571 1681.597 1624.825 1565.388 1487.309 1372.912 1333.374 1329.621 1320.592 1200.193 1205.548 1170.543 1162.448 1144.343 1201.952 1302.268 1391.651 1419.956 1512.761 1609.979 1727.735 1755.487 -999.250 -999.250 -999.250 -999.250 -999.250 -999.250 -999.250 -999.250 -999.250 -999.250 -999.250 -999.250 -999.250 -999.250 -999.250 -999.250 -999.250 -999.250 -999.250 -999.250 -999.250 -999.250 -999.250
1427.689 1370.463 1357.477 1331.028 1335.918 1329.005 1295.008 1293.039 1351.224 1378.617 1492.149 1602.202 1743.000 1823.235 1864.853 1973.992 2161.922 2161.001 2063.911 2022.912 1857.075 1777.771 1631.158 1589.229 1524.278 1396.571 1347.542 1275.691 1206.950 1254.805 1176.670 1188.302 1263.680 1320.173 1349.501 1447.534 1585.023 1677.838 1742.776 1825.654 -999.250 -999.250 -999.250 -999.250 -999.250 -999.250 -999.250 -999.250 -999.250 -999.250 -999.250 -999.250 -999.250 -999.250 -999.250 -999.250 -999.250 -999.250 -999.250 -999.250 -999.250 -999.250 -999.250
1273.111 1204.931 1220.352 1222.325 1242.134 1189.478 1162.255 1178.230 1243.471 1363.573 1491.417 1640.846 1826.014 2017.241 2055.185 2238.328 2361.110 2494.284 2395.634 2302.510 2186.727 2006.042 1869.857 1700.546 1643.468 1580.799 1390.601 1300.465 1278.012 1276.713 1272.749 1328.891 1301.695 1343.382 1414.663 1470.575 1616.912 1690.577 1755.795 -999.250 -999.250 -999.250 -999.250 -999.250 -999.250 -999.250 -999.250 -999.250 -999.250 -999.250 -999.250 -999.250 -999.250 -999.250 -999.250 -999.250 -999.250 -999.250 -999.250 -999.250 -999.250 -999.250 -999.250
