data/medianmodel_16-May-2020.asc
ncols	141
nrows	288
xllcorner	-120191.398
yllcorner	-301404.813
cellsize	2000.000
NODATA_value	-999.250
[rows 248 to 278 of 288, columns 0 to 68 of 141]
-999.250 -999.250 -999.250 -999.250 -999.250 -999.250 -999.250 -999.250 -999.250 -999.250 -999.250 -999.250 -999.250 -999.250 -999.250 -999.250 -999.250 -999.250 -999.250 -999.250 -999.250 -999.250 -999.250 -999.250 -999.250 -999.250 -999.250 -999.250 -999.250 -999.250 5.047 6.422 7.000 8.147 5.956 6.528 4.650 6.503 6.302 6.376 4.190 4.573 7.956 7.455 6.393 6.966 6.332 8.404 5.065 4.381 5.331 3.408 1.930 1.131 0.000 0.000 0.000 0.000 1.556 1.649 0.000 1.670 0.440 1.004 2.002 4.681 4.590 4.926 4.771
-999.250 -999.250 -999.250 -999.250 -999.250 -999.250 -999.250 -999.250 -999.250 -999.250 -999.250 -999.250 -999.250 -999.250 -999.250 -999.250 -999.250 -999.250 -999.250 -999.250 -999.250 -999.250 -999.250 -999.250 -999.250 -999.250 -999.250 -999.250 -999.250 -999.250 4.464 3.764 6.305 7.784 7.047 5.538 5.851 4.332 7.670 8.060 6.782 4.729 6.091 5.535 5.322 6.408 8.143 8.887 7.716 6.278 3.857 4.558 1.804 0.894 0.000 0.000 0.000 0.000 0.000 0.282 1.376 1.847 2.945 3.815 5.062 5.231 4.036 5.406 6.506
-999.250 -999.250 -999.250 -999.250 -999.250 -999.250 -999.250 -999.250 -999.250 -999.250 -999.250 -999.250 -999.250 -999.250 -999.250 -999.250 -999.250 -999.250 -999.250 -999.250 -999.250 -999.250 -999.250 -999.250 -999.250 -999.250 -999.250 -999.250 -999.250 -999.250 6.048 6.428 6.858 5.127 3.709 5.954 7.733 6.903 6.544 7.961 7.794 6.028 5.937 7.799 6.841 6.512 6.832 7.393 8.200 9.681 4.764 3.727 2.120 2.069 0.000 0.811 0.000 0.000 1.370 0.473 3.811 5.335 5.584 5.171 6.401 4.915 4.678 4.436 7.540
-999.250 -999.250 -999.250 -999.250 -999.250 -999.250 -999.250 -999.250 -999.250 -999.250 -999.250 -999.250 -999.250 -999.250 -999.250 -999.250 -999.250 -999.250 -999.250 -999.250 -999.250 -999.250 -999.250 -999.250 -999.250 -999.250 -999.250 -999.250 -999.250 -999.250 4.450 4.985 3.246 6.107 7.737 6.248 5.666 7.008 5.101 8.092 7.735 7.424 7.226 6.681 5.186 6.616 6.677 6.849 8.975 8.931 5.916 5.981 2.961 1.654 0.664 2.813 1.717 1.312 3.715 2.197 3.770 7.103 7.524 8.232 6.913 6.127 4.773 5.654 5.488
-999.250 -999.250 -999.250 -999.250 -999.250 -999.250 -999.250 -999.250 -999.250 -999.250 -999.250 -999.250 -999.250 -999.250 -999.250 -999.250 -999.250 -999.250 -999.250 -999.250 -999.250 -999.250 -999.250 -999.250 -999.250 -999.250 -999.250 -999.250 -999.250 4.834 5.390 5.280 4.446 5.698 7.000 6.133 6.272 5.727 7.228 5.557 5.465 6.775 8.603 6.109 7.732 7.329 6.505 4.856 6.713 7.714 3.904 6.251 3.677 3.896 3.625 4.238 1.834 5.601 4.409 4.051 4.231 7.118 6.670 8.263 6.146 8.991 6.698 8.300 5.682
-999.250 -999.250 -999.250 -999.250 -999.250 -999.250 -999.250 -999.250 -999.250 -999.250 -999.250 -999.250 -999.250 -999.250 -999.250 -999.250 -999.250 -999.250 -999.250 -999.250 -999.250 -999.250 -999.250 -999.250 -999.250 -999.250 -999.250 -999.250 -999.250 -999.250 4.434 7.604 9.001 7.226 7.992 6.564 6.510 6.680 6.489 4.504 5.110 8.602 5.347 6.540 7.688 7.718 7.334 5.739 4.948 5.684 3.293 4.746 3.718 5.190 5.082 5.977 4.327 4.625 6.575 6.688 9.114 8.836 7.204 6.797 8.475 9.784 9.132 7.042 4.609
-999.250 -999.250 -999.250 -999.250 -999.250 -999.250 -999.250 -999.250 -999.250 -999.250 -999.250 -999.250 -999.250 -999.250 -999.250 -999.250 -999.250 -999.250 -999.250 -999.250 -999.250 -999.250 -999.250 -999.250 -999.250 -999.250 -999.250 -999.250 -999.250 -999.250 6.107 6.128 5.498 4.890 5.917 6.399 5.830 4.890 5.846 5.177 7.152 5.722 6.209 4.545 7.628 5.496 6.952 6.498 7.568 4.270 5.289 6.436 3.254 4.429 6.475 5.331 7.573 7.703 9.131 10.193 6.878 9.217 7.142 7.377 7.008 8.732 11.705 9.035 5.535
-999.250 -999.250 -999.250 -999.250 -999.250 -999.250 -999.250 -999.250 -999.250 -999.250 -999.250 -999.250 -999.250 -999.250 -999.250 -999.250 -999.250 -999.250 -999.250 -999.250 -999.250 -999.250 -999.250 -999.250 -999.250 -999.250 -999.250 -999.250 -999.250 -999.250 -999.250 4.351 5.335 4.511 3.729 3.944 4.244 5.138 5.829 5.231 6.106 9.901 10.089 8.419 7.836 7.669 5.215 6.396 6.596 6.266 5.726 6.608 5.021 4.405 4.450 6.798 9.001 11.488 10.959 10.740 8.520 7.521 7.473 9.869 12.175 10.969 12.254 8.129 7.887
-999.250 -999.250 -999.250 -999.250 -999.250 -999.250 -999.250 -999.250 -999.250 -999.250 -999.250 -999.250 -999.250 -999.250 -999.250 -999.250 -999.250 -999.250 -999.250 -999.250 -999.250 -999.250 -999.250 -999.250 -999.250 -999.250 -999.250 -999.250 -999.250 -999.250 -999.250 5.751 6.270 7.396 5.070 5.174 3.614 4.668 7.756 5.248 5.710 8.204 6.627 6.282 7.775 6.390 5.258 6.494 6.987 6.439 4.832 6.813 5.132 6.294 6.521 7.001 8.477 9.906 13.108 9.780 10.572 9.387 9.087 11.834 10.963 13.885 13.344 11.351 8.076
-999.250 -999.250 -999.250 -999.250 -999.250 -999.250 -999.250 -999.250 -999.250 -999.250 -999.250 -999.250 -999.250 -999.250 -999.250 -999.250 -999.250 -999.250 -999.250 -999.250 -999.250 -999.250 -999.250 -999.250 -999.250 -999.250 -999.250 -999.250 -999.250 -999.250 6.086 4.797 10.723 6.830 6.881 4.481 5.808 4.612 4.511 4.459 6.107 7.277 7.519 7.371 7.921 8.181 6.830 6.439 6.444 7.612 7.949 7.515 6.686 6.270 8.711 9.824 8.269 11.166 10.262 11.476 12.077 12.284 12.313 12.937 14.870 11.523 11.183 8.844 9.441
-999.250 -999.250 -999.250 -999.250 -999.250 -999.250 -999.250 -999.250 -999.250 -999.250 -999.250 -999.250 -999.250 -999.250 -999.250 -999.250 -999.250 -999.250 -999.250 -999.250 -999.250 -999.250 -999.250 -999.250 -999.250 -999.250 -999.250 -999.250 -999.250 -999.250 6.081 4.780 8.326 6.034 7.008 9.811 7.131 10.012 7.053 8.164 7.924 6.832 5.673 8.298 7.510 6.283 7.432 7.295 5.399 7.074 8.802 6.328 6.285 7.229 10.068 8.715 7.847 10.499 10.015 11.254 11.325 7.993 10.159 12.056 11.677 8.955 9.608 12.955 11.696
-999.250 -999.250 -999.250 -999.250 -999.250 -999.250 -999.250 -999.250 -999.250 -999.250 -999.250 -999.250 -999.250 -999.250 -999.250 -999.250 -999.250 -999.250 -999.250 -999.250 -999.250 -999.250 -999.250 -999.250 -999.250 -999.250 -999.250 -999.250 -999.250 -999.250 3.636 7.200 7.201 7.281 11.260 9.805 8.233 9.717 5.466 7.287 5.518 7.641 8.508 6.305 7.054 6.017 8.136 9.444 6.637 8.008 8.145 10.322 8.958 8.964 7.740 8.430 7.458 8.918 12.011 9.289 9.562 10.644 11.266 11.932 11.715 11.279 9.853 11.557 10.527
-999.250 -999.250 -999.250 -999.250 -999.250 -999.250 -999.250 -999.250 -999.250 -999.250 -999.250 -999.250 -999.250 -999.250 -999.250 -999.250 -999.250 -999.250 -999.250 -999.250 -999.250 -999.250 -999.250 -999.250 -999.250 -999.250 -999.250 -999.250 -999.250 -999.250 3.715 4.921 7.566 9.443 7.138 7.795 9.413 10.774 9.201 8.407 8.498 8.519 6.004 7.308 6.333 5.434 8.633 8.099 4.864 8.713 8.267 9.303 11.069 9.332 7.777 9.026 7.023 6.827 10.813 9.812 11.114 11.181 15.786 11.962 10.378 8.368 9.234 10.349 9.761
-999.250 -999.250 -999.250 -999.250 -999.250 -999.250 -999.250 -999.250 -999.250 -999.250 -999.250 -999.250 -999.250 -999.250 -999.250 -999.250 -999.250 -999.250 -999.250 -999.250 -999.250 -999.250 -999.250 -999.250 -999.250 -999.250 -999.250 -999.250 -999.250 -999.250 3.576 4.947 5.794 7.173 6.023 8.648 7.494 8.637 7.770 4.929 7.292 6.527 4.451 4.300 5.939 6.704 5.976 6.461 5.303 8.376 11.002 10.049 10.322 12.520 10.313 7.231 7.482 8.601 8.026 13.774 13.179 10.410 14.086 14.383 10.530 9.604 10.470 11.671 8.670
-999.250 -999.250 -999.250 -999.250 -999.250 -999.250 -999.250 -999.250 -999.250 -999.250 -999.250 -999.250 -999.250 -999.250 -999.250 -999.250 -999.250 -999.250 -999.250 -999.250 -999.250 -999.250 -999.250 -999.250 -999.250 -999.250 -999.250 -999.250 -999.250 -999.250 3.745 3.984 3.978 4.249 5.821 4.915 5.844 8.378 5.865 4.364 3.844 4.241 3.752 4.691 4.511 5.458 4.563 6.085 10.849 6.369 11.155 8.459 8.253 8.212 10.428 10.712 6.070 6.753 7.843 11.792 13.253 10.780 8.756 11.421 13.833 11.189 7.192 9.298 9.188
-999.250 -999.250 -999.250 -999.250 -999.250 -999.250 -999.250 -999.250 -999.250 -999.250 -999.250 -999.250 -999.250 -999.250 -999.250 -999.250 -999.250 -999.250 -999.250 -999.250 -999.250 -999.250 -999.250 -999.250 -999.250 -999.250 -999.250 -999.250 -999.250 4.406 3.704 4.024 5.612 4.679 5.050 6.553 6.177 8.677 6.041 4.011 4.616 2.857 3.321 3.351 4.629 6.836 7.346 5.816 6.551 9.786 8.152 7.233 6.878 9.838 9.805 10.542 7.419 8.908 9.547 9.503 8.997 12.800 10.275 9.162 11.754 9.293 12.809 12.600 11.449
-999.250 -999.250 -999.250 -999.250 -999.250 -999.250 -999.250 -999.250 -999.250 -999.250 -999.250 -999.250 -999.250 -999.250 -999.250 -999.250 -999.250 -999.250 -999.250 -999.250 -999.250 -999.250 -999.250 -999.250 -999.250 -999.250 -999.250 -999.250 -999.250 1.672 3.553 5.204 4.051 3.477 4.173 4.283 3.924 2.892 4.368 3.934 1.590 1.085 2.270 4.327 3.494 5.364 6.570 6.755 4.569 7.653 7.190 10.937 9.768 9.471 7.016 8.790 8.120 9.183 10.758 12.511 9.265 11.942 11.765 11.296 12.776 10.826 12.931 10.555 11.086
-999.250 -999.250 -999.250 -999.250 -999.250 -999.250 -999.250 -999.250 -999.250 -999.250 -999.250 -999.250 -999.250 -999.250 -999.250 -999.250 -999.250 -999.250 -999.250 -999.250 -999.250 -999.250 -999.250 -999.250 -999.250 -999.250 -999.250 -999.250 0.543 0.064 1.133 2.613 1.675 4.284 1.952 4.254 4.483 1.530 2.230 0.433 0.000 2.030 1.900 3.974 2.696 3.527 3.814 8.184 5.854 7.609 7.268 10.815 9.504 8.418 9.262 9.133 13.512 8.926 12.643 12.600 10.529 16.132 12.994 15.574 15.383 15.043 12.063 11.818 15.157
-999.250 -999.250 -999.250 -999.250 -999.250 -999.250 -999.250 -999.250 -999.250 -999.250 -999.250 -999.250 -999.250 -999.250 -999.250 -999.250 -999.250 -999.250 -999.250 -999.250 -999.250 -999.250 -999.250 -999.250 -999.250 -999.250 -999.250 -999.250 0.000 0.000 0.000 0.674 0.479 1.313 1.283 4.577 1.829 2.328 1.840 0.000 0.000 0.219 0.575 2.442 2.587 4.528 6.174 5.173 9.154 6.123 6.645 6.810 7.918 10.295 6.811 11.800 10.216 12.519 13.121 14.550 11.757 13.160 13.772 13.952 15.002 15.084 16.662 16.708 12.370
-999.250 -999.250 -999.250 -999.250 -999.250 -999.250 -999.250 -999.250 -999.250 -999.250 -999.250 -999.250 -999.250 -999.250 -999.250 -999.250 -999.250 -999.250 -999.250 -999.250 -999.250 -999.250 -999.250 -999.250 -999.250 -999.250 -999.250 0.000 0.000 0.000 0.000 0.000 0.000 0.422 0.094 2.524 1.681 1.149 0.175 0.000 0.000 0.000 1.280 3.602 3.347 2.731 4.208 5.795 7.870 8.734 9.384 8.764 13.106 5.362 6.133 9.490 8.831 9.203 10.330 10.656 9.200 11.684 12.782 11.309 12.425 10.149 16.590 15.534 12.528
-999.250 -999.250 -999.250 -999.250 -999.250 -999.250 -999.250 -999.250 -999.250 -999.250 -999.250 -999.250 -999.250 -999.250 -999.250 -999.250 -999.250 -999.250 -999.250 -999.250 -999.250 -999.250 -999.250 -999.250 -999.250 -999.250 -999.250 0.000 0.000 0.000 0.000 0.000 0.000 0.076 2.155 1.291 3.487 1.951 0.846 0.000 0.000 0.000 0.605 4.371 5.822 4.760 5.246 4.455 9.225 9.143 9.556 8.944 9.298 7.577 10.132 7.437 8.271 7.899 10.779 10.814 9.219 12.007 12.556 12.321 15.401 13.831 14.540 11.593 11.323
-999.250 -999.250 -999.250 -999.250 -999.250 -999.250 -999.250 -999.250 -999.250 -999.250 -999.250 -999.250 -999.250 -999.250 -999.250 -999.250 -999.250 -999.250 -999.250 -999.250 -999.250 -999.250 -999.250 -999.250 -999.250 -999.250 -999.250 0.000 0.000 0.000 0.000 0.000 0.936 2.013 1.788 2.939 2.112 1.408 1.793 1.079 0.027 1.421 1.368 4.534 2.510 4.877 5.760 5.710 7.290 5.294 7.298 7.560 7.726 7.026 6.112 9.293 11.587 9.835 10.093 10.397 12.916 15.486 14.231 13.488 16.377 14.910 11.426 11.006 8.809
-999.250 -999.250 -999.250 -999.250 -999.250 -999.250 -999.250 -999.250 -999.250 -999.250 -999.250 -999.250 -999.250 -999.250 -999.250 -999.250 -999.250 -999.250 -999.250 -999.250 -999.250 -999.250 -999.250 -999.250 -999.250 -999.250 -999.250 0.000 0.064 0.168 0.575 0.911 1.803 2.452 2.787 4.927 3.726 3.568 3.655 1.525 1.766 3.766 1.475 2.702 5.550 8.583 8.954 5.553 6.016 6.859 6.694 8.086 8.170 7.928 9.151 9.736 13.453 9.477 12.836 11.485 16.277 12.595 11.617 11.359 14.077 14.064 9.839 9.785 9.007
-999.250 -999.250 -999.250 -999.250 -999.250 -999.250 -999.250 -999.250 -999.250 -999.250 -999.250 -999.250 -999.250 -999.250 -999.250 -999.250 -999.250 -999.250 -999.250 -999.250 -999.250 -999.250 -999.250 -999.250 -999.250 -999.250 -999.250 0.000 0.227 2.086 1.703 2.167 2.492 2.307 2.806 4.139 4.182 3.059 4.655 4.460 2.051 3.205 2.733 5.406 5.536 6.431 7.491 9.399 6.198 6.202 7.374 7.494 8.562 12.995 11.538 10.077 13.047 12.009 13.417 16.023 16.332 14.714 13.932 14.404 9.898 10.294 8.884 12.130 6.719
-999.250 -999.250 -999.250 -999.250 -999.250 -999.250 -999.250 -999.250 -999.250 -999.250 -999.250 -999.250 -999.250 -999.250 -999.250 -999.250 -999.250 -999.250 -999.250 -999.250 -999.250 -999.250 -999.250 -999.250 -999.250 -999.250 -999.250 0.644 3.754 0.628 0.775 0.576 2.367 2.817 2.979 4.045 4.048 4.741 5.459 4.365 2.670 4.152 3.588 4.933 4.591 6.991 5.314 4.864 6.945 5.968 4.720 7.341 10.176 10.835 12.101 12.736 14.959 14.561 10.420 14.079 10.723 14.859 13.066 13.005 11.183 11.808 12.892 11.444 6.517
-999.250 -999.250 -999.250 -999.250 -999.250 -999.250 -999.250 -999.250 -999.250 -999.250 -999.250 -999.250 -999.250 -999.250 -999.250 -999.250 -999.250 -999.250 -999.250 -999.250 -999.250 -999.250 -999.250 -999.250 -999.250 -999.250 0.400 2.720 1.506 2.390 3.226 1.705 2.494 3.432 3.093 1.671 5.466 5.280 6.729 6.250 7.834 5.590 5.002 3.836 4.575 4.399 5.921 4.510 6.342 4.383 4.506 6.593 10.761 10.708 9.771 12.048 11.412 11.090 10.830 12.088 14.094 17.579 14.796 13.943 12.498 9.228 12.021 12.184 10.829
-999.250 -999.250 -999.250 -999.250 -999.250 -999.250 -999.250 -999.250 -999.250 -999.250 -999.250 -999.250 -999.250 -999.250 -999.250 -999.250 -999.250 -999.250 -999.250 -999.250 -999.250 -999.250 -999.250 -999.250 -999.250 -999.250 0.000 1.015 0.000 1.017 1.534 1.048 2.834 1.879 0.382 3.643 3.933 5.471 5.177 4.475 4.998 4.481 3.667 3.832 2.413 3.577 3.689 3.972 5.232 5.166 8.358 9.312 10.599 11.136 13.987 12.600 10.393 9.563 11.962 12.445 12.471 11.720 13.888 14.240 11.327 10.858 8.655 15.193 7.941
-999.250 -999.250 -999.250 -999.250 -999.250 -999.250 -999.250 -999.250 -999.250 -999.250 -999.250 -999.250 -999.250 -999.250 -999.250 -999.250 -999.250 -999.250 -999.250 -999.250 -999.250 -999.250 -999.250 -999.250 -999.250 0.000 0.000 0.893 0.520 1.324 0.573 1.074 2.486 1.971 2.201 1.590 3.932 3.534 4.099 4.812 6.813 5.407 5.667 5.432 3.545 5.081 6.151 5.225 3.869 3.829 7.295 7.673 9.845 13.727 13.033 13.965 13.389 13.323 14.458 11.661 11.559 14.315 13.194 10.142 10.442 11.003 12.743 9.738 8.327
-999.250 -999.250 -999.250 -999.250 -999.250 -999.250 -999.250 -999.250 -999.250 -999.250 -999.250 -999.250 -999.250 -999.250 -999.250 -999.250 -999.250 -999.250 -999.250 -999.250 -999.250 -999.250 -999.250 -999.250 -999.250 0.000 0.000 0.000 0.004 0.000 0.490 1.883 2.419 1.733 0.213 1.130 1.785 3.444 3.809 4.500 4.926 3.919 5.046 3.633 4.998 4.510 2.920 4.744 4.785 4.126 6.067 8.818 9.505 9.467 11.979 14.886 12.401 14.643 11.853 14.493 12.037 12.460 14.507 14.097 13.361 12.046 9.441 10.974 8.339
-999.250 -999.250 -999.250 -999.250 -999.250 -999.250 -999.250 -999.250 -999.250 -999.250 -999.250 -999.250 -999.250 -999.250 -999.250 -999.250 -999.250 -999.250 -999.250 -999.250 -999.250 -999.250 -999.250 -999.250 -999.250 0.000 0.000 0.000 0.000 0.421 1.391 1.238 1.528 0.000 0.832 0.000 1.466 2.598 3.582 2.768 2.669 2.852 4.424 6.144 3.650 2.133 3.446 3.794 4.322 3.733 5.521 9.539 9.131 11.688 12.854 15.194 15.152 14.605 12.423 12.632 10.708 14.389 16.012 13.568 12.640 10.541 11.704 12.783 9.584
-999.250 -999.250 -999.250 -999.250 -999.250 -999.250 -999.250 -999.250 -999.250 -999.250 -999.250 -999.250 -999.250 -999.250 -999.250 -999.250 -999.250 -999.250 -999.250 -999.250 -999.250 -999.250 -999.250 -999.250 0.000 0.000 0.000 0.000 0.000 0.140 0.000 0.881 1.795 0.903 0.000 0.000 0.012 0.030 1.146 1.779 1.263 3.653 3.787 5.360 5.447 2.598 4.393 2.714 3.830 3.541 4.326 8.242 12.110 14.964 17.522 17.732 17.447 15.108 13.665 12.561 14.299 14.386 11.791 10.950 13.881 11.342 12.731 11.342 7.003
