data/medianmodel_08-Jun-2020.asc
ncols	141
nrows	288
xllcorner	-120191.398
yllcorner	-301404.813
cellsize	2000.000
NODATA_value	-999.250
[rows 124 to 154 of 288, columns 0 to 68 of 141]
-999.250 -999.250 -999.250 -999.250 -999.250 -999.250 -999.250 -999.250 -999.250 -999.250 -999.250 -999.250 -999.250 -999.250 -999.250 -999.250 -999.250 -999.250 -999.250 -999.250 -999.250 -999.250 -999.250 -999.250 3.368 5.215 5.667 3.670 5.806 2.330 3.197 4.207 4.068 2.143 4.897 3.999 5.185 6.738 8.942 7.462 6.683 5.375 6.292 6.602 6.795 5.337 5.705 3.227 3.398 0.560 0.000 0.000 0.000 0.000 0.000 0.000 0.000 0.000 0.000 0.000 0.000 0.000 0.000 0.000 0.000 0.000 0.000 0.000 0.000
-999.250 -999.250 -999.250 -999.250 -999.250 -999.250 -999.250 -999.250 -999.250 -999.250 -999.250 -999.250 -999.250 -999.250 -999.250 -999.250 -999.250 -999.250 -999.250 -999.250 -999.250 -999.250 -999.250 -999.250 2.902 1.179 5.287 3.545 4.743 3.623 5.073 6.581 6.613 5.398 6.070 4.902 6.899 4.491 5.427 6.718 7.326 6.362 4.385 7.118 6.777 3.971 3.761 1.468 0.776 0.000 0.000 0.000 0.000 0.000 0.000 0.000 0.000 0.000 0.000 0.000 0.000 0.000 0.000 0.000 0.000 0.000 0.000 0.000 0.000
-999.250 -999.250 -999.250 -999.250 -999.250 -999.250 -999.250 -999.250 -999.250 -999.250 -999.250 -999.250 -999.250 -999.250 -999.250 -999.250 -999.250 -999.250 -999.250 -999.250 -999.250 -999.250 -999.250 6.846 5.996 1.224 6.020 3.849 0.334 3.578 3.079 6.893 5.936 6.298 7.953 3.768 7.310 5.683 7.298 4.860 6.204 6.020 6.907 6.946 6.289 3.644 4.106 2.450 0.360 0.000 0.000 0.000 0.000 0.000 0.000 0.000 0.000 0.000 0.000 0.000 0.000 0.000 0.000 0.000 0.000 0.000 0.000 0.965 0.934
-999.250 -999.250 -999.250 -999.250 -999.250 -999.250 -999.250 -999.250 -999.250 -999.250 -999.250 -999.250 -999.250 -999.250 -999.250 -999.250 -999.250 -999.250 -999.250 -999.250 -999.250 -999.250 -999.250 6.470 5.678 6.155 2.997 3.817 2.836 4.086 4.621 5.495 5.944 6.138 7.020 6.770 6.396 8.378 8.973 3.045 5.594 6.588 7.362 6.147 5.161 4.167 2.958 0.272 0.000 0.000 0.000 0.000 0.000 0.000 0.000 0.000 0.000 0.000 0.000 0.000 0.000 0.000 0.000 0.000 0.000 0.879 1.766 4.030 5.042
-999.250 -999.250 -999.250 -999.250 -999.250 -999.250 -999.250 -999.250 -999.250 -999.250 -999.250 -999.250 -999.250 -999.250 -999.250 -999.250 -999.250 -999.250 -999.250 -999.250 -999.250 -999.250 -999.250 5.281 5.943 6.569 3.360 5.815 6.670 5.499 7.264 6.109 7.553 7.152 7.439 6.014 5.352 6.662 8.610 5.155 4.565 4.989 4.780 3.766 2.097 5.580 0.000 0.000 0.000 0.000 0.000 0.000 0.000 0.000 0.000 0.000 0.000 0.000 0.000 0.000 0.000 0.000 0.000 0.000 0.000 2.234 4.409 2.779 5.709
-999.250 -999.250 -999.250 -999.250 -999.250 -999.250 -999.250 -999.250 -999.250 -999.250 -999.250 -999.250 -999.250 -999.250 -999.250 -999.250 -999.250 -999.250 -999.250 -999.250 -999.250 -999.250 5.923 4.962 5.933 5.348 6.299 5.024 4.233 6.707 4.671 4.413 5.782 5.105 5.080 5.753 3.935 4.638 4.164 5.598 4.216 5.338 5.367 4.772 4.369 1.655 0.463 0.000 0.000 0.000 0.000 0.000 0.000 0.000 0.000 0.000 0.000 0.000 0.000 0.000 0.000 0.000 0.000 0.000 1.971 2.699 4.899 5.624 5.065
-999.250 -999.250 -999.250 -999.250 -999.250 -999.250 -999.250 -999.250 -999.250 -999.250 -999.250 -999.250 -999.250 -999.250 -999.250 -999.250 -999.250 -999.250 -999.250 -999.250 -999.250 -999.250 5.257 6.694 4.981 3.742 2.288 3.372 4.222 4.114 4.741 4.139 7.467 3.846 6.872 4.957 6.348 3.835 4.097 1.828 2.601 7.455 6.776 5.407 5.047 2.615 1.852 1.514 0.000 0.000 0.000 0.000 0.000 0.000 0.000 0.000 0.000 0.000 0.000 0.000 0.000 0.000 0.000 0.000 3.821 5.648 5.747 6.625 6.039
-999.250 -999.250 -999.250 -999.250 -999.250 -999.250 -999.250 -999.250 -999.250 -999.250 -999.250 -999.250 -999.250 -999.250 -999.250 -999.250 -999.250 -999.250 -999.250 -999.250 -999.250 4.924 4.853 5.530 7.791 3.641 2.783 4.293 6.893 3.914 7.185 5.647 5.375 6.391 6.681 9.015 3.240 4.234 3.357 5.025 3.971 5.698 6.842 3.143 4.307 2.624 1.646 0.000 0.000 0.000 0.000 0.000 0.000 0.000 0.000 0.000 0.000 0.000 0.000 0.000 0.000 0.000 0.000 0.000 4.596 4.094 4.396 6.237 5.662
-999.250 -999.250 -999.250 -999.250 -999.250 -999.250 -999.250 -999.250 -999.250 -999.250 -999.250 -999.250 -999.250 -999.250 -999.250 -999.250 -999.250 -999.250 -999.250 -999.250 -999.250 7.331 6.307 6.762 5.831 3.061 3.589 2.893 4.217 2.301 4.937 6.144 3.805 5.091 5.786 6.445 7.049 6.656 3.587 5.040 6.362 6.223 4.813 3.178 3.854 2.686 1.320 2.048 0.000 0.000 0.000 0.000 0.000 0.000 0.000 0.000 0.000 0.000 0.000 0.000 0.168 1.308 1.044 1.713 3.163 3.779 5.825 9.242 12.342
-999.250 -999.250 -999.250 -999.250 -999.250 -999.250 -999.250 -999.250 -999.250 -999.250 -999.250 -999.250 -999.250 -999.250 -999.250 -999.250 -999.250 -999.250 -999.250 -999.250 -999.250 7.770 7.537 7.053 3.913 3.514 4.148 6.262 4.918 2.110 3.889 2.774 6.090 4.846 4.637 3.575 8.204 8.381 6.257 6.292 6.613 4.465 3.464 3.467 3.477 2.228 0.184 0.000 2.042 0.000 0.000 0.000 0.000 0.000 0.000 0.000 0.000 0.000 0.000 0.000 0.000 0.000 0.000 0.667 1.273 4.664 5.866 12.256 20.086
-999.250 -999.250 -999.250 -999.250 -999.250 -999.250 -999.250 -999.250 -999.250 -999.250 -999.250 -999.250 -999.250 -999.250 -999.250 -999.250 -999.250 -999.250 -999.250 -999.250 6.755 10.244 10.586 8.653 6.252 5.873 6.114 6.774 7.820 5.808 2.645 5.134 4.489 2.928 5.186 3.791 3.641 5.634 3.807 7.176 6.524 7.614 5.520 3.572 3.366 2.584 1.530 1.283 2.440 0.000 0.000 0.000 0.000 0.000 0.000 0.000 0.000 0.000 0.000 0.000 0.000 0.322 0.000 1.528 2.283 5.403 6.738 10.423 17.467
-999.250 -999.250 -999.250 -999.250 -999.250 -999.250 -999.250 -999.250 -999.250 -999.250 -999.250 -999.250 -999.250 -999.250 -999.250 -999.250 -999.250 -999.250 -999.250 -999.250 9.282 8.506 8.276 9.294 10.765 9.089 5.926 7.725 6.571 6.039 5.270 5.946 5.446 4.563 3.915 4.267 5.863 6.353 8.831 4.604 10.130 8.289 7.688 7.590 7.416 5.154 2.454 1.402 1.415 0.000 0.000 0.000 0.000 0.000 0.000 0.000 0.000 0.000 0.000 0.000 0.000 0.652 0.000 2.821 1.148 3.623 5.137 10.653 12.804
-999.250 -999.250 -999.250 -999.250 -999.250 -999.250 -999.250 -999.250 -999.250 -999.250 -999.250 -999.250 -999.250 -999.250 -999.250 -999.250 -999.250 -999.250 -999.250 -999.250 11.534 11.950 8.934 10.685 10.166 8.370 8.247 4.974 7.664 5.741 7.712 6.223 3.030 2.773 5.850 5.443 6.728 8.308 9.575 8.403 11.203 10.862 9.242 9.198 5.268 4.082 5.319 4.593 0.000 2.756 0.000 0.000 0.000 0.000 0.000 0.100 2.002 0.000 0.000 0.000 0.000 0.000 0.000 2.421 3.473 2.104 5.159 7.673 8.234
-999.250 -999.250 -999.250 -999.250 -999.250 -999.250 -999.250 -999.250 -999.250 -999.250 -999.250 -999.250 -999.250 -999.250 -999.250 -999.250 -999.250 -999.250 -999.250 -999.250 10.898 14.528 11.661 11.614 9.003 7.826 6.508 4.337 6.278 7.933 12.529 4.925 3.592 3.429 4.486 6.714 7.794 9.442 10.083 13.048 20.434 10.438 8.149 5.305 5.404 5.089 6.051 3.638 0.915 1.975 0.000 0.000 0.220 0.890 0.000 1.960 0.013 0.000 0.000 0.000 0.000 0.000 0.000 0.133 0.830 3.268 5.545 6.560 8.485
-999.250 -999.250 -999.250 -999.250 -999.250 -999.250 -999.250 -999.250 -999.250 -999.250 -999.250 -999.250 -999.250 -999.250 -999.250 -999.250 -999.250 -999.250 -999.250 12.710 12.205 12.398 13.568 10.203 9.871 10.686 8.447 3.112 3.501 7.463 7.944 4.060 2.836 2.811 1.026 2.993 6.220 9.531 8.153 9.037 12.660 8.797 5.606 6.046 7.575 7.302 5.595 4.462 4.020 3.051 0.000 1.515 0.699 0.006 0.503 0.319 0.000 0.000 0.000 0.000 0.000 0.000 0.149 0.835 3.349 3.656 3.919 6.129 6.248
-999.250 -999.250 -999.250 -999.250 -999.250 -999.250 -999.250 -999.250 -999.250 -999.250 -999.250 -999.250 -999.250 -999.250 -999.250 -999.250 -999.250 -999.250 -999.250 12.097 11.825 10.726 9.331 10.327 8.891 7.961 7.716 5.856 4.576 4.777 4.525 4.529 6.847 6.272 3.534 4.252 6.411 7.484 6.026 7.608 8.144 7.280 7.724 5.473 4.953 6.129 6.639 6.752 4.373 3.086 1.884 2.688 0.313 0.000 0.557 2.618 2.089 0.654 3.352 0.000 0.266 0.678 0.507 2.229 3.591 4.767 4.938 4.552 4.569
-999.250 -999.250 -999.250 -999.250 -999.250 -999.250 -999.250 -999.250 -999.250 -999.250 -999.250 -999.250 -999.250 -999.250 -999.250 -999.250 -999.250 -999.250 -999.250 11.950 14.119 8.084 10.103 10.846 9.951 8.010 6.901 5.580 5.911 2.109 4.296 2.275 6.102 7.007 5.950 8.847 9.144 6.200 8.351 7.119 9.171 5.808 3.853 6.461 5.361 6.126 5.253 5.762 5.354 3.136 3.015 4.035 3.149 0.359 1.977 2.233 4.102 1.916 3.599 4.473 3.236 0.360 1.168 0.000 0.000 1.750 3.296 3.372 3.542
-999.250 -999.250 -999.250 -999.250 -999.250 -999.250 -999.250 -999.250 -999.250 -999.250 -999.250 -999.250 -999.250 -999.250 -999.250 -999.250 -999.250 -999.250 -999.250 8.533 10.068 9.921 8.116 8.932 12.052 8.664 7.688 6.846 7.414 5.527 2.392 4.649 3.304 5.322 5.342 6.754 7.638 6.150 9.133 7.994 9.261 7.423 4.992 5.946 3.495 4.571 4.026 5.838 8.164 3.620 4.709 4.835 2.787 4.196 3.106 5.763 5.972 4.632 4.950 4.289 4.069 4.522 0.586 0.000 0.000 0.000 0.239 1.550 4.119
-999.250 -999.250 -999.250 -999.250 -999.250 -999.250 -999.250 -999.250 -999.250 -999.250 -999.250 -999.250 -999.250 -999.250 -999.250 -999.250 -999.250 -999.250 -999.250 9.472 9.655 9.014 10.449 12.315 12.831 8.323 7.961 8.328 8.531 4.209 6.748 5.136 4.768 8.950 10.945 9.272 7.524 7.332 9.234 7.344 7.799 7.587 6.269 6.855 6.249 3.333 2.737 2.695 4.008 4.796 5.159 5.985 4.391 4.167 5.557 7.667 7.575 7.098 6.714 9.290 7.734 4.557 1.808 0.000 0.000 0.000 0.000 1.936 0.000
-999.250 -999.250 -999.250 -999.250 -999.250 -999.250 -999.250 -999.250 -999.250 -999.250 -999.250 -999.250 -999.250 -999.250 -999.250 -999.250 -999.250 -999.250 19.926 14.032 13.646 15.440 17.051 24.274 15.977 14.700 8.334 9.499 8.590 10.238 12.401 7.778 8.029 7.819 10.042 10.846 7.783 6.187 7.245 6.920 8.257 8.758 7.337 5.185 4.186 1.330 2.754 3.885 4.405 4.547 4.335 4.877 6.620 5.604 5.214 6.182 8.139 9.719 12.120 15.708 10.893 7.292 2.663 0.000 0.000 0.000 0.000 0.000 0.000
-999.250 -999.250 -999.250 -999.250 -999.250 -999.250 -999.250 -999.250 -999.250 -999.250 -999.250 -999.250 -999.250 -999.250 -999.250 -999.250 -999.250 18.139 18.438 12.625 12.944 12.261 14.836 13.613 13.478 14.291 12.449 9.995 11.968 13.251 14.646 9.657 7.893 8.220 9.827 12.159 10.352 7.532 5.894 7.202 9.353 6.817 6.821 3.228 2.418 3.845 1.731 4.630 1.979 3.603 4.301 3.767 5.744 5.481 4.417 6.318 6.254 8.523 16.819 26.731 13.831 9.486 3.701 2.537 2.577 0.315 0.103 0.236 0.000
-999.250 -999.250 -999.250 -999.250 -999.250 -999.250 -999.250 -999.250 -999.250 -999.250 -999.250 -999.250 -999.250 -999.250 -999.250 -999.250 -999.250 17.526 14.981 15.571 16.043 16.557 12.613 11.713 13.259 11.005 14.510 16.590 17.413 12.969 13.057 14.706 11.404 12.016 9.695 10.170 10.571 8.590 5.598 8.826 10.155 6.586 7.463 7.621 7.891 5.363 3.271 3.898 1.772 2.675 3.332 2.550 0.160 0.000 3.053 5.147 8.014 12.543 12.983 15.379 10.640 6.622 6.259 4.089 2.527 1.958 0.000 0.000 0.000
-999.250 -999.250 -999.250 -999.250 -999.250 -999.250 -999.250 -999.250 -999.250 -999.250 -999.250 -999.250 -999.250 -999.250 -999.250 17.965 15.945 18.390 21.212 24.277 20.683 18.692 16.178 13.461 11.550 10.334 14.943 13.074 19.377 13.413 17.110 15.247 14.469 14.892 12.948 9.460 6.890 6.323 6.700 6.754 7.574 11.450 5.793 8.756 8.408 8.965 3.400 0.706 0.000 0.000 1.019 0.000 0.000 0.000 0.479 6.524 12.404 19.926 14.575 8.205 6.659 4.413 3.140 1.867 2.559 1.354 2.614 0.000 0.000
-999.250 -999.250 -999.250 -999.250 -999.250 -999.250 -999.250 -999.250 -999.250 -999.250 -999.250 -999.250 -999.250 -999.250 21.144 19.845 18.993 20.361 18.497 24.537 18.833 17.326 18.123 13.509 16.943 14.322 14.467 14.232 19.940 19.264 17.445 15.027 20.375 15.631 12.407 6.231 5.436 3.643 7.452 4.752 6.328 8.732 6.146 9.367 13.110 13.745 6.880 0.000 0.000 0.000 0.000 0.000 0.000 0.000 0.000 6.496 10.207 11.581 10.802 7.898 6.376 3.161 3.601 2.095 5.342 4.566 2.349 0.000 0.000
-999.250 -999.250 -999.250 -999.250 -999.250 -999.250 -999.250 -999.250 -999.250 -999.250 -999.250 -999.250 -999.250 -999.250 15.691 21.015 18.220 19.951 19.711 22.123 19.360 21.286 19.507 14.424 24.789 17.238 16.245 14.526 16.305 18.347 15.772 20.118 19.791 19.623 11.698 8.317 6.825 7.807 5.255 8.924 10.644 10.831 7.553 14.268 20.669 27.832 9.285 0.000 0.000 0.000 0.000 0.000 0.000 0.000 0.000 5.613 8.684 6.143 7.013 6.350 4.633 4.623 3.017 0.841 3.997 4.062 2.421 0.664 0.000
-999.250 -999.250 -999.250 -999.250 -999.250 -999.250 -999.250 -999.250 -999.250 -999.250 -999.250 -999.250 -999.250 21.047 17.831 16.214 20.980 25.213 20.459 24.741 20.195 22.810 23.655 20.828 18.033 20.098 17.130 21.653 18.476 20.879 18.872 18.290 19.505 12.724 10.859 11.334 7.866 8.182 8.026 10.699 11.601 13.759 10.757 14.198 19.184 17.453 8.689 0.000 0.000 0.000 0.000 0.000 0.000 0.086 3.553 6.797 6.262 6.069 5.915 4.459 4.903 4.994 3.092 2.766 1.689 3.729 2.885 0.000 0.000
-999.250 -999.250 -999.250 -999.250 -999.250 -999.250 -999.250 -999.250 -999.250 -999.250 -999.250 -999.250 15.483 15.650 18.400 22.704 20.371 25.006 24.512 24.916 18.688 24.286 24.474 22.766 22.093 24.399 23.207 18.247 24.627 22.232 20.907 19.278 19.442 12.418 11.508 13.055 9.747 10.209 10.608 13.691 11.458 13.740 11.243 9.233 15.747 13.373 7.908 0.289 1.679 4.649 3.987 0.000 1.087 2.607 5.793 8.028 6.295 7.255 4.275 6.173 6.939 4.030 4.030 1.038 1.835 4.221 4.583 1.337 0.000
-999.250 -999.250 -999.250 -999.250 -999.250 -999.250 -999.250 -999.250 -999.250 -999.250 -999.250 18.212 15.424 14.734 16.938 17.407 15.849 25.981 24.708 20.019 26.300 29.692 27.908 24.758 20.314 22.660 20.508 18.917 20.659 18.484 18.614 16.968 23.154 17.505 17.565 12.101 11.006 10.691 12.441 9.410 13.597 14.549 13.773 14.578 11.070 18.730 7.724 4.463 1.497 1.678 1.425 0.608 0.000 3.173 5.617 7.065 6.695 5.071 5.426 2.198 4.753 7.292 4.233 2.341 1.040 2.551 2.333 3.514 1.341
-999.250 -999.250 -999.250 -999.250 -999.250 -999.250 -999.250 -999.250 -999.250 -999.250 23.859 20.570 17.142 12.299 9.206 10.171 11.903 17.301 26.335 22.420 27.006 26.583 36.472 31.346 24.132 27.213 22.348 20.571 16.984 18.838 20.194 18.748 21.445 19.184 17.898 20.366 16.924 10.939 12.413 10.126 13.609 12.664 13.829 15.021 9.579 8.473 4.106 0.173 2.989 1.406 0.847 0.000 0.000 1.950 1.586 2.725 6.126 4.311 1.306 4.033 4.237 6.208 4.358 2.985 1.956 0.810 1.246 0.766 2.191
-999.250 -999.250 -999.250 -999.250 -999.250 -999.250 -999.250 -999.250 -999.250 21.868 20.636 18.672 15.546 18.670 12.837 8.439 8.761 13.699 25.307 36.600 30.678 27.918 26.267 28.738 25.717 21.291 18.919 13.766 16.433 18.594 20.354 20.997 21.060 20.175 20.333 18.512 20.982 14.726 11.678 14.427 13.474 11.018 15.243 11.505 8.430 6.398 0.023 0.959 3.972 0.466 0.000 0.155 0.000 1.759 4.495 3.556 5.027 5.512 3.767 6.023 6.158 6.336 5.817 4.427 2.911 1.504 1.101 1.268 4.256
-999.250 -999.250 -999.250 -999.250 -999.250 24.486 33.961 22.492 22.294 25.892 23.190 22.215 17.289 17.549 17.460 13.354 10.254 11.695 20.248 23.467 23.224 25.947 21.808 19.725 12.668 14.655 13.271 13.602 14.034 28.072 20.325 26.438 25.054 23.491 25.189 22.051 19.957 19.456 16.315 19.940 12.135 11.922 8.144 7.704 5.617 1.861 0.000 0.000 0.809 2.050 4.746 3.157 1.583 3.320 3.033 5.369 6.044 4.257 4.194 6.831 7.326 5.972 3.521 2.021 2.261 0.000 0.000 0.000 0.685
