data/medianmodel_18-Jan-2021.asc
ncols	141
nrows	288
xllcorner	-120191.398
yllcorner	-301404.813
cellsize	2000.000
NODATA_value	-999.250
[rows 84 to 111 of 288, columns 63 to 125 of 141]
2260.187 2220.222 2130.999 2056.295 1907.649 1811.649 1720.344 1702.551 1718.213 1773.292 1919.022 1893.045 1910.671 2057.525 2280.726 2539.854 2793.358 3036.792 3159.820 3351.364 3639.193 4174.028 3586.393 3145.261 2917.445 2410.525 2154.712 1760.970 1685.369 1654.447 1649.195 1663.078 1634.179 1592.548 1603.988 1610.196 1572.928 1528.881 1530.532 1458.203 1537.680 1459.075 1436.939 1467.391 1390.009 1332.046 1299.605 1274.781 1278.974 1219.127 1192.240 1166.381 -999.250 -999.250 -999.250 -999.250 -999.250 -999.250 -999.250 -999.250 -999.250 -999.250 -999.250
2315.829 2251.185 2092.430 2026.421 1981.115 1901.661 1849.480 1832.798 1760.063 1786.450 1764.358 1783.609 1714.939 1642.355 1989.329 2185.352 2295.565 2738.818 2934.120 3117.767 3318.033 3441.054 3282.892 2982.942 2346.073 2152.169 2001.472 1728.880 1577.384 1587.123 1589.290 1604.499 1557.458 1565.745 1556.509 1602.878 1540.578 1530.198 1513.182 1456.396 1411.754 1404.205 1366.484 1338.523 1287.378 1266.959 1152.671 1164.884 1150.755 1119.163 1137.786 1122.372 -999.250 -999.250 -999.250 -999.250 -999.250 -999.250 -999.250 -999.250 -999.250 -999.250 -999.250
2171.277 2060.028 1995.970 1954.531 1954.088 1904.976 1862.119 1881.976 1885.156 1770.800 1809.739 1662.299 1626.794 1594.867 1673.921 1929.797 2079.716 2270.866 2536.592 2603.531 2825.184 2956.415 2642.874 2378.940 2147.590 2040.472 1810.876 1688.905 1552.780 1500.804 1515.025 1566.596 1582.669 1571.035 1561.003 1529.838 1492.539 1482.888 1414.092 1437.592 1374.044 1352.132 1309.173 1220.470 1167.186 1193.822 1152.252 1067.435 1082.195 1065.757 1073.112 -999.250 -999.250 -999.250 -999.250 -999.250 -999.250 -999.250 -999.250 -999.250 -999.250 -999.250 -999.250
2074.825 1977.832 2069.456 1969.861 1982.922 1964.021 2010.761 1954.344 1893.357 1883.326 1766.038 1643.505 1594.564 1565.539 1577.823 1740.483 1814.826 1929.993 2045.275 2118.888 2203.473 2184.586 2178.568 2062.648 1994.534 1786.275 1692.971 1605.764 1511.368 1451.954 1468.736 1498.553 1560.971 1576.018 1563.443 1525.711 1451.827 1376.748 1335.541 1365.258 1291.145 1260.695 1229.319 1121.297 1117.896 1076.298 1055.343 1033.660 1036.202 995.949 1048.969 -999.250 -999.250 -999.250 -999.250 -999.250 -999.250 -999.250 -999.250 -999.250 -999.250 -999.250 -999.250
2092.787 2007.998 1910.933 1917.891 1911.744 1900.145 1982.416 2027.004 1992.744 1986.655 1809.190 1626.836 1568.543 1512.750 1537.881 1552.759 1550.614 1639.315 1701.473 1690.780 1720.317 1759.881 1839.832 1768.661 1640.467 1617.881 1554.402 1517.342 1411.757 1404.991 1386.235 1464.598 1473.606 1565.064 1562.781 1522.323 1430.298 1351.492 1317.624 1274.689 1280.826 1194.520 1159.795 1136.525 1048.162 1039.518 942.298 990.829 962.677 970.975 989.640 990.174 994.870 -999.250 -999.250 -999.250 -999.250 -999.250 -999.250 -999.250 -999.250 -999.250 -999.250
2034.887 1972.952 1960.115 1808.398 1888.205 2002.179 1988.510 2060.212 2135.039 2017.687 1805.714 1618.425 1551.329 1430.797 1432.711 1409.727 1402.225 1396.564 1381.218 1286.994 1410.159 1492.153 1514.444 1598.284 1495.939 1478.363 1482.097 1392.771 1430.588 1370.065 1354.953 1418.386 1446.358 1479.584 1432.965 1437.465 1413.422 1329.733 1247.765 1219.694 1146.644 1127.843 1067.537 1048.875 1012.265 913.432 917.883 931.658 965.812 996.240 981.394 931.669 953.285 -999.250 -999.250 -999.250 -999.250 -999.250 -999.250 -999.250 -999.250 -999.250 -999.250
1935.748 1884.518 1784.848 1794.855 1792.856 1914.634 1852.996 1914.887 1926.341 1923.209 1791.648 1607.344 1479.675 1337.230 1315.282 1266.084 1220.336 1153.211 1076.229 960.685 1123.409 1281.706 1329.876 1377.805 1405.020 1380.976 1393.382 1379.239 1343.246 1316.343 1319.019 1314.262 1371.339 1357.976 1384.603 1299.963 1303.240 1309.982 1207.722 1150.130 1139.620 1053.100 1060.321 987.640 963.420 908.891 902.269 898.495 907.788 906.648 910.008 906.472 950.257 -999.250 -999.250 -999.250 -999.250 -999.250 -999.250 -999.250 -999.250 -999.250 -999.250
1799.961 1765.131 1708.298 1668.963 1668.379 1683.577 1649.308 1660.486 1707.307 1731.643 1625.611 1564.935 1414.993 1341.790 1215.924 1172.278 1124.024 1088.526 990.564 949.752 1022.960 1126.582 1237.051 1262.352 1273.902 1361.123 1330.883 1276.400 1229.153 1239.367 1226.330 1268.485 1297.825 1301.090 1214.986 1214.520 1212.842 1196.457 1137.484 1082.172 1052.405 1066.714 999.595 992.373 976.569 923.382 924.997 886.266 920.171 912.463 897.508 927.931 -999.250 -999.250 -999.250 -999.250 -999.250 -999.250 -999.250 -999.250 -999.250 -999.250 -999.250
1756.912 1719.485 1648.056 1613.934 1581.701 1585.659 1569.228 1557.856 1613.025 1583.465 1491.814 1432.829 1367.270 1270.580 1182.540 1124.619 1090.596 1006.977 991.480 947.142 996.764 1101.029 1169.220 1189.274 1178.827 1200.738 1250.866 1210.718 1150.176 1205.223 1205.483 1212.229 1244.649 1219.236 1170.377 1168.128 1162.899 1164.208 1115.199 1032.327 1008.265 998.623 997.433 970.347 965.818 946.586 916.894 887.687 906.199 951.633 971.371 939.814 -999.250 -999.250 -999.250 -999.250 -999.250 -999.250 -999.250 -999.250 -999.250 -999.250 -999.250
1752.848 1727.451 1648.864 1589.761 1471.589 1493.336 1517.182 1515.099 1483.299 1445.750 1411.709 1360.428 1272.935 1219.142 1162.404 1088.088 1012.924 991.415 1002.617 986.951 1035.371 1071.389 1145.443 1156.329 1161.472 1158.469 1132.901 1163.979 1141.085 1140.113 1128.288 1140.998 1107.563 1146.839 1103.671 1141.434 1151.902 1088.263 1066.345 1021.602 972.733 994.795 1012.605 983.216 956.886 947.638 947.175 909.770 925.298 971.461 985.990 -999.250 -999.250 -999.250 -999.250 -999.250 -999.250 -999.250 -999.250 -999.250 -999.250 -999.250 -999.250
1714.266 1807.910 1719.859 1597.458 1402.222 1479.667 1461.819 1438.172 1419.350 1400.316 1357.840 1312.166 1228.468 1202.719 1180.687 1101.842 1044.283 1027.866 1027.799 1025.803 1022.196 1131.603 1168.362 1150.881 1136.222 1106.526 1084.555 1104.977 1104.858 1157.883 1119.685 1089.786 1140.847 1110.958 1087.922 1129.796 1154.992 1069.663 1005.792 1005.058 976.729 999.986 1011.168 962.026 961.157 936.698 922.313 949.996 963.017 946.520 957.944 -999.250 -999.250 -999.250 -999.250 -999.250 -999.250 -999.250 -999.250 -999.250 -999.250 -999.250 -999.250
1905.605 1983.467 1936.917 1711.956 1581.192 1449.592 1411.228 1406.150 1335.493 1311.762 1269.876 1231.152 1255.975 1185.343 1155.703 1148.702 1137.287 1054.390 1041.510 1079.518 1080.641 1137.503 1197.207 1157.650 1103.747 1105.838 1049.840 1062.600 1078.140 1041.792 1059.494 1078.397 1029.843 1030.917 1047.675 1049.982 1067.026 1009.896 967.267 990.531 976.067 1027.506 1006.558 987.701 1000.498 923.119 963.175 1000.647 982.010 962.135 996.028 -999.250 -999.250 -999.250 -999.250 -999.250 -999.250 -999.250 -999.250 -999.250 -999.250 -999.250 -999.250
2072.092 2272.937 2099.695 1958.522 1728.480 1573.032 1474.786 1378.375 1303.945 1251.382 1233.526 1219.010 1161.747 1158.193 1174.429 1176.956 1209.859 1112.176 1106.068 1086.845 1083.898 1150.968 1130.548 1094.408 1095.240 1069.793 1030.352 1062.849 1027.934 1026.868 1022.235 1012.599 1010.610 1033.399 1006.063 1023.594 1030.723 981.184 974.819 985.915 1019.135 992.063 1018.197 1011.913 1006.928 979.729 975.270 1033.662 995.133 996.369 1021.105 1042.388 -999.250 -999.250 -999.250 -999.250 -999.250 -999.250 -999.250 -999.250 -999.250 -999.250 -999.250
2313.051 2445.093 2341.210 2146.788 1863.766 1699.394 1513.990 1360.513 1278.860 1238.600 1199.499 1181.645 1142.849 1156.803 1161.747 1175.077 1174.355 1145.877 1094.674 1071.140 1070.788 1134.506 1144.147 1093.768 1073.426 1079.985 1048.729 984.001 990.895 1011.417 990.987 983.922 1025.497 1044.228 989.648 1001.937 994.631 949.385 952.360 1009.910 998.596 1023.476 1046.095 1048.484 1035.334 971.994 984.747 1023.516 1024.878 1046.970 1058.072 1082.300 1097.712 -999.250 -999.250 -999.250 -999.250 -999.250 -999.250 -999.250 -999.250 -999.250 -999.250
2533.996 2964.462 2563.864 2245.841 2012.693 1781.184 1513.117 1384.611 1290.804 1218.327 1149.084 1175.597 1166.965 1135.544 1128.466 1130.738 1131.695 1135.411 1111.708 1090.109 1076.753 1112.811 1078.370 1079.967 1072.379 1024.182 1021.162 985.608 990.262 982.861 969.053 973.981 955.110 949.377 948.627 969.695 977.572 927.693 971.708 982.058 1007.801 1020.135 1049.709 1079.692 1083.595 1042.866 1035.312 1043.186 1085.244 1109.597 1158.749 1108.986 1157.040 1168.819 -999.250 -999.250 -999.250 -999.250 -999.250 -999.250 -999.250 -999.250 -999.250
2520.069 2569.659 2476.195 2245.503 2067.811 1908.828 1592.801 1463.045 1280.011 1199.813 1185.468 1142.193 1133.483 1114.481 1154.355 1151.773 1147.344 1148.722 1135.741 1098.114 1079.561 1080.494 1029.045 1045.528 1034.636 1014.970 1001.653 1004.307 991.845 982.658 983.675 968.654 969.706 947.546 965.639 953.771 967.894 962.615 960.596 1001.242 1027.813 1058.101 1108.030 1096.407 1070.559 1084.373 1096.397 1098.087 1133.378 1177.059 1196.288 1120.439 1119.913 -999.250 -999.250 -999.250 -999.250 -999.250 -999.250 -999.250 -999.250 -999.250 -999.250
2360.413 2463.352 2416.885 2192.378 2023.172 1786.012 1617.420 1524.234 1397.689 1300.272 1240.347 1200.010 1185.282 1169.112 1136.099 1143.579 1130.617 1102.443 1152.411 1137.004 1109.034 1044.006 1065.334 1035.142 1009.256 985.848 947.922 984.745 1006.530 978.987 987.635 1019.413 946.895 971.357 993.005 976.561 979.384 939.157 1003.856 1010.252 1042.455 1110.609 1125.496 1116.046 1097.104 1124.907 1119.943 1114.057 1163.457 1226.473 1230.046 1236.925 1227.038 1299.459 -999.250 -999.250 -999.250 -999.250 -999.250 -999.250 -999.250 -999.250 -999.250
2254.059 2349.097 2248.218 2159.304 1972.672 1874.038 1638.095 1564.936 1442.222 1396.677 1343.033 1248.860 1284.001 1223.240 1181.675 1158.891 1126.327 1113.790 1163.062 1136.256 1123.891 1076.621 1049.828 1008.558 1035.104 1003.904 976.217 993.790 942.457 964.746 968.525 988.296 982.043 991.854 971.321 1021.399 964.038 994.996 1008.460 1031.746 1109.408 1114.368 1131.138 1117.501 1134.618 1103.669 1181.645 1163.085 1249.190 1218.231 1300.362 1279.152 -999.250 -999.250 -999.250 -999.250 -999.250 -999.250 -999.250 -999.250 -999.250 -999.250 -999.250
2203.638 2135.107 2117.631 2076.384 2006.409 1848.990 1658.434 1535.435 1451.449 1469.285 1395.268 1343.175 1304.862 1282.885 1206.032 1198.353 1187.632 1207.715 1158.514 1120.068 1111.348 1093.959 1069.331 1032.538 1025.031 999.519 1021.000 1009.447 1002.452 1013.011 1052.580 1010.457 992.253 1001.780 1030.799 1034.363 1031.228 1051.894 1058.455 1106.341 1156.440 1168.870 1149.333 1200.297 1149.804 1174.704 1194.046 1227.533 1259.429 1343.666 1323.030 -999.250 -999.250 -999.250 -999.250 -999.250 -999.250 -999.250 -999.250 -999.250 -999.250 -999.250 -999.250
2119.791 2088.008 2027.258 2021.034 2033.598 1895.615 1780.997 1639.131 1576.297 1531.054 1508.438 1444.352 1429.554 1316.227 1282.587 1247.904 1192.409 1188.148 1175.255 1163.637 1117.584 1110.078 1089.598 1101.532 1017.377 1016.698 1032.139 1010.885 1019.169 1017.399 1033.947 1072.696 1033.138 1062.038 1065.449 1058.257 1071.502 1089.462 1072.765 1111.776 1183.581 1176.924 1236.871 1195.287 1244.410 1258.416 1198.792 1231.228 1296.584 1337.219 1316.706 -999.250 -999.250 -999.250 -999.250 -999.250 -999.250 -999.250 -999.250 -999.250 -999.250 -999.250 -999.250
2006.056 1981.591 1986.918 1989.371 1982.058 1895.745 1797.700 1708.765 1788.898 1612.357 1605.226 1524.265 1475.569 1432.572 1394.468 1341.051 1329.126 1303.389 1255.495 1239.656 1158.446 1122.835 1108.157 1079.922 1105.564 1131.293 1059.158 1005.355 979.838 1004.683 1054.295 1043.887 1048.807 1068.556 1121.248 1119.711 1107.784 1120.454 1151.434 1171.119 1206.247 1226.915 1231.938 1268.846 1290.439 1298.701 1299.893 1300.579 1277.703 1285.500 -999.250 -999.250 -999.250 -999.250 -999.250 -999.250 -999.250 -999.250 -999.250 -999.250 -999.250 -999.250 -999.250
1929.263 1856.027 1947.971 1926.956 1961.360 1900.422 1841.729 1828.530 1726.992 1663.776 1674.367 1637.018 1569.330 1581.766 1497.200 1418.602 1379.583 1365.430 1334.064 1298.087 1224.958 1172.676 1175.010 1197.558 1114.829 1090.449 1051.395 1041.168 1008.677 1039.536 1064.799 1047.684 1099.335 1121.310 1129.318 1124.862 1160.014 1158.702 1187.982 1239.243 1236.326 1267.013 1260.489 1299.797 1357.004 1372.560 -999.250 -999.250 -999.250 -999.250 -999.250 -999.250 -999.250 -999.250 -999.250 -999.250 -999.250 -999.250 -999.250 -999.250 -999.250 -999.250 -999.250
1778.493 1809.307 1863.503 1961.547 1986.714 2011.581 1969.311 1963.335 1877.305 1836.601 1749.094 1751.913 1673.715 1637.400 1502.812 1472.143 1466.225 1439.267 1425.002 1322.799 1314.505 1242.448 1231.764 1198.643 1187.832 1112.791 1128.512 1102.333 1111.979 1114.600 1102.625 1119.246 1098.052 1153.060 1151.649 1148.773 1178.244 1191.486 1228.010 1260.049 1275.584 1307.208 1350.143 1324.603 -999.250 -999.250 -999.250 -999.250 -999.250 -999.250 -999.250 -999.250 -999.250 -999.250 -999.250 -999.250 -999.250 -999.250 -999.250 -999.250 -999.250 -999.250 -999.250
1597.966 1803.447 1903.935 1989.682 2055.723 2093.498 2087.959 2100.493 2033.915 2010.026 1951.267 1912.816 1796.375 1741.555 1593.736 1526.927 1527.170 1511.546 1364.008 1360.875 1332.611 1320.686 1326.498 1259.790 1218.815 1174.646 1156.973 1181.344 1177.594 1174.782 1163.924 1172.115 1182.030 1164.353 1178.504 1228.266 1245.944 1219.243 1255.212 1261.925 1317.626 1341.853 1346.186 1330.507 -999.250 -999.250 -999.250 -999.250 -999.250 -999.250 -999.250 -999.250 -999.250 -999.250 -999.250 -999.250 -999.250 -999.250 -999.250 -999.250 -999.250 -999.250 -999.250
1968.150 1997.537 1996.294 2040.201 2124.778 2203.928 2161.627 2206.923 2209.203 2198.824 2052.178 2018.061 2007.846 1819.497 1698.488 1641.768 1545.655 1497.880 1472.781 1394.571 1393.778 1408.383 1346.783 1346.078 1277.357 1268.957 1249.040 1217.932 1211.790 1211.535 1178.402 1186.403 1218.190 1213.996 1254.335 1238.566 1246.457 1276.430 1306.811 1295.305 1354.731 1396.155 1360.034 1355.780 -999.250 -999.250 -999.250 -999.250 -999.250 -999.250 -999.250 -999.250 -999.250 -999.250 -999.250 -999.250 -999.250 -999.250 -999.250 -999.250 -999.250 -999.250 -999.250
2203.231 2095.033 2146.812 2256.323 2313.052 2377.081 2381.189 2352.999 2379.553 2313.734 2236.952 2152.003 2110.271 2029.477 1913.012 1756.993 1610.351 1560.834 1539.520 1494.657 1490.797 1423.270 1387.005 1396.095 1366.456 1345.891 1287.871 1323.289 1341.603 1290.747 1231.866 1241.311 1219.262 1226.448 1211.316 1325.792 1298.034 1298.635 1315.206 1345.135 1388.013 1390.432 1384.556 1399.911 -999.250 -999.250 -999.250 -999.250 -999.250 -999.250 -999.250 -999.250 -999.250 -999.250 -999.250 -999.250 -999.250 -999.250 -999.250 -999.250 -999.250 -999.250 -999.250
2407.438 2368.267 2365.506 2409.203 2458.065 2744.816 2572.872 2581.425 2487.132 2475.274 2334.295 2253.972 2143.695 2069.702 2009.359 1744.202 1624.786 1534.090 1582.741 1575.570 1541.444 1467.552 1453.316 1427.188 1411.587 1356.764 1341.201 1312.756 1319.247 1345.609 1325.976 1282.445 1272.608 1266.760 1319.040 1314.855 1337.315 1337.317 1355.342 1366.031 1369.894 1365.468 1381.594 1367.628 -999.250 -999.250 -999.250 -999.250 -999.250 -999.250 -999.250 -999.250 -999.250 -999.250 -999.250 -999.250 -999.250 -999.250 -999.250 -999.250 -999.250 -999.250 -999.250
2685.407 2506.445 2543.037 2669.992 2775.573 2803.213 2923.239 2848.106 2736.183 2453.274 2347.466 2299.792 2203.085 2098.021 2011.489 1779.435 1596.910 1594.301 1584.704 1564.146 1487.862 1541.537 1471.763 1437.150 1426.159 1406.164 1386.110 1338.651 1357.948 1339.951 1347.535 1307.130 1329.692 1319.505 1338.671 1315.149 1372.132 1358.665 1339.899 1327.940 1339.513 1408.732 1335.329 1342.111 -999.250 -999.250 -999.250 -999.250 -999.250 -999.250 -999.250 -999.250 -999.250 -999.250 -999.250 -999.250 -999.250 -999.250 -999.250 -999.250 -999.250 -999.250 -999.250
