data/medianmodel_29-Apr-2020.asc
ncols	141
nrows	288
xllcorner	-120191.398
yllcorner	-301404.813
cellsize	2000.000
NODATA_value	-999.250
[rows 210 to 239 of 288, columns 68 to 135 of 141]
12.546 15.995 16.364 16.727 16.902 23.168 23.206 26.513 24.552 34.001 33.330 39.301 39.178 38.111 38.504 38.169 32.718 30.019 24.685 26.282 30.045 29.141 26.733 26.139 25.908 23.172 21.010 13.227 8.590 7.630 3.764 -999.250 -999.250 -999.250 -999.250 -999.250 -999.250 -999.250 -999.250 -999.250 -999.250 -999.250 -999.250 -999.250 -999.250 -999.250 -999.250 -999.250 -999.250 -999.250 -999.250 -999.250 -999.250 -999.250 -999.250 -999.250 -999.250 -999.250 -999.250 -999.250 -999.250 -999.250 -999.250 -999.250 -999.250 -999.250 -999.250 -999.250
13.325 14.535 14.516 16.895 18.222 21.241 25.695 29.533 31.524 36.727 39.719 41.267 41.413 45.915 42.636 40.966 38.027 40.360 40.684 39.427 46.639 44.749 38.485 45.053 40.094 35.761 35.551 31.629 19.608 18.661 13.142 11.201 -999.250 -999.250 -999.250 -999.250 -999.250 -999.250 -999.250 -999.250 -999.250 -999.250 -999.250 -999.250 -999.250 -999.250 -999.250 -999.250 -999.250 -999.250 -999.250 -999.250 -999.250 -999.250 -999.250 -999.250 -999.250 -999.250 -999.250 -999.250 -999.250 -999.250 -999.250 -999.250 -999.250 -999.250 -999.250 -999.250
11.368 13.012 14.325 19.556 21.712 22.687 28.638 28.889 33.849 42.840 47.291 43.552 44.484 48.234 42.680 48.865 44.382 46.146 48.622 44.771 48.360 53.958 50.244 55.797 56.407 50.851 49.331 45.236 35.420 32.229 22.684 18.213 12.042 -999.250 -999.250 -999.250 -999.250 -999.250 -999.250 -999.250 -999.250 -999.250 -999.250 -999.250 -999.250 -999.250 -999.250 -999.250 -999.250 -999.250 -999.250 -999.250 -999.250 -999.250 -999.250 -999.250 -999.250 -999.250 -999.250 -999.250 -999.250 -999.250 -999.250 -999.250 -999.250 -999.250 -999.250 -999.250
11.935 15.062 14.682 17.343 18.474 20.218 25.398 26.756 37.278 44.417 51.476 48.806 45.997 44.613 41.502 48.917 51.912 53.532 47.688 53.950 69.832 61.710 63.719 67.245 72.598 82.050 65.276 59.841 47.541 40.753 34.429 23.350 21.946 -999.250 -999.250 -999.250 -999.250 -999.250 -999.250 -999.250 -999.250 -999.250 -999.250 -999.250 -999.250 -999.250 -999.250 -999.250 -999.250 -999.250 -999.250 -999.250 -999.250 -999.250 -999.250 -999.250 -999.250 -999.250 -999.250 -999.250 -999.250 -999.250 -999.250 -999.250 -999.250 -999.250 -999.250 -999.250
11.149 14.061 17.074 16.406 17.052 17.079 21.678 27.314 33.819 40.133 38.915 43.579 44.606 45.493 46.024 53.790 61.777 54.851 74.801 82.451 76.722 72.092 85.120 87.222 95.773 97.159 85.215 71.854 64.625 53.224 41.718 39.588 33.173 21.964 -999.250 -999.250 -999.250 -999.250 -999.250 -999.250 -999.250 -999.250 -999.250 -999.250 -999.250 -999.250 -999.250 -999.250 -999.250 -999.250 -999.250 -999.250 -999.250 -999.250 -999.250 -999.250 -999.250 -999.250 -999.250 -999.250 -999.250 -999.250 -999.250 -999.250 -999.250 -999.250 -999.250 -999.250
14.558 17.448 13.562 17.326 16.831 14.085 18.717 22.279 29.072 35.258 38.666 40.152 44.989 50.821 47.191 56.421 61.863 64.276 94.847 82.266 80.572 104.020 98.840 100.804 108.657 124.228 93.817 89.211 74.646 62.045 49.030 42.439 37.662 28.881 25.367 -999.250 -999.250 -999.250 -999.250 -999.250 -999.250 -999.250 -999.250 -999.250 -999.250 -999.250 -999.250 -999.250 -999.250 -999.250 -999.250 -999.250 -999.250 -999.250 -999.250 -999.250 -999.250 -999.250 -999.250 -999.250 -999.250 -999.250 -999.250 -999.250 -999.250 -999.250 -999.250 -999.250
13.804 14.242 15.114 13.105 13.821 10.863 10.670 13.359 19.961 25.697 33.177 40.657 41.444 50.095 54.800 61.389 69.385 89.802 86.994 105.143 109.104 105.262 121.360 127.244 142.503 139.896 119.328 111.726 88.444 83.140 81.907 67.149 52.468 37.195 29.142 -999.250 -999.250 -999.250 -999.250 -999.250 -999.250 -999.250 -999.250 -999.250 -999.250 -999.250 -999.250 -999.250 -999.250 -999.250 -999.250 -999.250 -999.250 -999.250 -999.250 -999.250 -999.250 -999.250 -999.250 -999.250 -999.250 -999.250 -999.250 -999.250 -999.250 -999.250 -999.250 -999.250
13.382 17.824 13.841 13.858 10.936 7.722 1.976 0.000 12.985 21.908 29.429 30.147 41.425 48.819 57.286 65.103 81.100 96.710 94.276 101.668 114.294 119.221 144.760 159.534 167.610 170.985 155.104 135.089 106.776 107.617 92.771 82.008 69.183 56.611 37.325 -999.250 -999.250 -999.250 -999.250 -999.250 -999.250 -999.250 -999.250 -999.250 -999.250 -999.250 -999.250 -999.250 -999.250 -999.250 -999.250 -999.250 -999.250 -999.250 -999.250 -999.250 -999.250 -999.250 -999.250 -999.250 -999.250 -999.250 -999.250 -999.250 -999.250 -999.250 -999.250 -999.250
15.620 16.445 16.830 11.931 10.575 8.078 3.611 4.476 9.599 17.859 24.361 30.152 37.660 46.683 61.447 76.586 92.947 90.768 109.107 122.251 132.882 147.169 160.690 196.224 175.864 181.101 160.363 145.732 125.796 118.280 108.428 92.524 77.749 58.306 41.941 28.007 -999.250 -999.250 -999.250 -999.250 -999.250 -999.250 -999.250 0.000 -999.250 -999.250 -999.250 -999.250 -999.250 -999.250 -999.250 -999.250 -999.250 -999.250 -999.250 -999.250 -999.250 -999.250 -999.250 -999.250 -999.250 -999.250 -999.250 -999.250 -999.250 -999.250 -999.250 -999.250
15.179 18.085 17.965 17.324 11.282 6.592 7.204 8.051 10.705 18.184 23.542 32.280 43.188 48.260 63.145 80.163 103.596 99.862 107.870 127.447 146.060 166.460 184.415 197.255 198.523 195.604 197.425 158.781 138.717 130.254 107.548 87.126 74.396 70.057 47.775 35.755 22.277 -999.250 -999.250 -999.250 0.000 0.000 0.000 0.000 -999.250 -999.250 -999.250 -999.250 -999.250 -999.250 -999.250 -999.250 -999.250 -999.250 -999.250 -999.250 -999.250 -999.250 -999.250 -999.250 -999.250 -999.250 -999.250 -999.250 -999.250 -999.250 -999.250 -999.250
15.799 19.498 21.763 19.208 14.624 10.472 8.815 7.730 12.479 14.388 24.568 33.456 41.085 51.519 67.606 88.263 93.034 100.849 119.964 148.398 151.739 168.302 201.299 208.943 200.364 206.559 198.642 171.292 162.214 151.375 132.944 96.518 80.397 74.566 55.428 39.188 29.715 -999.250 7.235 0.255 0.000 0.000 0.000 -999.250 -999.250 -999.250 -999.250 -999.250 -999.250 -999.250 -999.250 -999.250 -999.250 -999.250 -999.250 -999.250 -999.250 -999.250 -999.250 -999.250 -999.250 -999.250 -999.250 -999.250 -999.250 -999.250 -999.250 -999.250
15.871 18.860 20.372 17.739 15.886 10.004 5.973 8.756 12.200 14.074 22.585 31.967 42.369 40.795 53.987 84.931 100.324 111.059 121.661 142.365 157.550 177.556 210.802 218.538 221.493 215.733 211.232 185.231 167.456 146.727 134.048 106.295 87.804 73.826 51.717 40.967 29.835 18.825 10.617 0.000 0.000 0.000 0.000 -999.250 -999.250 -999.250 -999.250 -999.250 -999.250 -999.250 -999.250 -999.250 -999.250 -999.250 -999.250 -999.250 -999.250 -999.250 -999.250 -999.250 -999.250 -999.250 -999.250 -999.250 -999.250 -999.250 -999.250 -999.250
15.344 15.792 17.065 17.371 15.424 10.977 8.560 9.656 10.104 15.121 21.103 28.085 41.280 44.314 61.400 80.314 93.053 107.812 140.979 148.057 173.818 194.811 206.789 219.023 211.401 209.879 198.274 203.589 180.053 147.955 134.311 109.340 93.582 87.560 62.479 47.943 32.218 19.520 12.727 5.919 1.026 0.000 0.000 -999.250 -999.250 -999.250 -999.250 -999.250 -999.250 -999.250 -999.250 -999.250 -999.250 -999.250 -999.250 -999.250 -999.250 -999.250 -999.250 -999.250 -999.250 -999.250 -999.250 -999.250 -999.250 -999.250 -999.250 -999.250
13.379 15.738 15.600 14.202 15.831 11.702 11.470 8.526 11.234 16.192 23.291 27.753 38.417 47.039 54.099 69.688 81.626 97.586 126.928 155.814 157.586 179.387 200.625 215.461 208.284 206.068 196.160 190.653 175.387 156.274 140.825 124.026 96.175 81.919 71.028 61.264 40.207 20.381 14.490 10.321 7.191 4.802 4.391 -999.250 -999.250 -999.250 -999.250 -999.250 -999.250 -999.250 -999.250 -999.250 -999.250 -999.250 -999.250 -999.250 -999.250 -999.250 -999.250 -999.250 -999.250 -999.250 -999.250 -999.250 -999.250 -999.250 -999.250 -999.250
11.445 13.708 12.588 11.546 11.180 12.037 9.804 10.160 14.299 16.562 20.187 24.168 32.466 44.171 56.013 70.011 83.248 110.242 114.603 125.037 156.573 177.622 193.991 210.469 209.626 211.450 204.320 185.757 182.301 165.311 136.989 128.533 118.407 84.417 74.138 55.228 47.598 29.391 21.690 14.253 11.872 8.594 -999.250 -999.250 -999.250 -999.250 -999.250 -999.250 -999.250 -999.250 -999.250 -999.250 -999.250 -999.250 -999.250 -999.250 -999.250 -999.250 -999.250 -999.250 -999.250 -999.250 -999.250 -999.250 -999.250 -999.250 -999.250 -999.250
9.030 10.978 12.769 10.574 11.711 9.948 9.377 6.121 10.866 13.430 16.790 20.946 29.872 39.767 52.757 66.804 75.232 92.528 107.955 117.269 131.805 150.492 187.558 181.619 194.970 190.425 183.114 179.175 172.323 175.094 126.543 125.106 113.545 82.423 66.553 57.970 42.854 33.225 26.496 18.198 13.255 11.265 -999.250 -999.250 -999.250 -999.250 -999.250 -999.250 -999.250 -999.250 -999.250 -999.250 -999.250 -999.250 -999.250 -999.250 -999.250 -999.250 -999.250 -999.250 -999.250 -999.250 -999.250 -999.250 -999.250 -999.250 -999.250 -999.250
8.569 10.236 9.108 9.492 8.447 7.096 7.872 8.144 11.061 11.044 15.320 18.115 21.913 36.829 50.790 57.570 60.792 72.488 96.284 114.112 123.134 151.599 149.669 158.447 174.712 172.158 198.275 168.348 159.290 152.075 132.560 113.923 86.678 74.596 68.854 54.168 43.103 31.728 26.832 19.608 18.058 9.414 -999.250 -999.250 -999.250 -999.250 -999.250 -999.250 -999.250 -999.250 -999.250 -999.250 -999.250 -999.250 -999.250 -999.250 -999.250 -999.250 -999.250 -999.250 -999.250 -999.250 -999.250 -999.250 -999.250 -999.250 -999.250 -999.250
7.805 8.514 7.248 5.804 5.440 5.151 6.375 8.015 10.557 10.995 13.991 17.356 20.091 32.597 37.650 47.792 50.108 63.851 89.985 100.324 117.185 132.909 143.713 138.313 143.740 164.881 179.764 160.651 144.528 135.735 128.032 113.612 96.957 66.900 67.055 48.713 45.058 34.115 26.882 20.559 16.781 -999.250 -999.250 -999.250 -999.250 -999.250 -999.250 -999.250 -999.250 -999.250 -999.250 -999.250 -999.250 -999.250 -999.250 -999.250 -999.250 -999.250 -999.250 -999.250 -999.250 -999.250 -999.250 -999.250 -999.250 -999.250 -999.250 -999.250
6.687 5.735 3.217 4.334 4.070 5.457 6.043 6.667 10.989 12.143 12.191 18.158 19.420 22.330 29.241 41.530 46.156 65.052 74.228 82.615 100.776 113.804 118.468 121.160 135.480 131.963 154.147 141.215 138.782 129.411 108.400 100.963 77.409 73.257 73.348 55.789 -999.250 -999.250 25.782 19.990 15.645 -999.250 -999.250 -999.250 -999.250 -999.250 -999.250 -999.250 -999.250 -999.250 -999.250 -999.250 -999.250 -999.250 -999.250 -999.250 -999.250 -999.250 -999.250 -999.250 -999.250 -999.250 -999.250 -999.250 -999.250 -999.250 -999.250 -999.250
7.129 3.429 0.000 1.279 5.555 3.958 6.793 9.224 10.455 12.389 13.484 16.749 18.376 22.725 28.282 35.705 43.562 52.252 63.841 64.317 85.615 85.857 106.104 113.292 116.771 119.425 123.967 114.301 116.412 104.579 108.909 85.743 71.009 58.246 56.511 49.281 -999.250 -999.250 -999.250 -999.250 -999.250 -999.250 -999.250 -999.250 -999.250 -999.250 -999.250 -999.250 -999.250 -999.250 -999.250 -999.250 -999.250 -999.250 -999.250 -999.250 -999.250 -999.250 -999.250 -999.250 -999.250 -999.250 -999.250 -999.250 -999.250 -999.250 -999.250 -999.250
7.717 3.645 3.444 3.431 4.465 5.458 6.310 7.183 8.468 10.395 11.996 13.170 14.886 20.862 26.057 32.365 33.516 40.153 51.746 57.211 67.409 76.212 85.718 95.898 99.131 101.273 113.871 105.663 98.601 90.862 90.766 85.401 -999.250 -999.250 57.197 -999.250 -999.250 -999.250 -999.250 -999.250 -999.250 -999.250 -999.250 -999.250 -999.250 -999.250 -999.250 -999.250 -999.250 -999.250 -999.250 -999.250 -999.250 -999.250 -999.250 -999.250 -999.250 -999.250 -999.250 -999.250 -999.250 -999.250 -999.250 -999.250 -999.250 -999.250 -999.250 -999.250
8.784 6.608 5.502 6.144 6.987 6.282 6.795 7.419 7.834 7.568 8.282 8.720 13.427 16.665 17.188 21.471 23.955 32.638 46.555 48.834 55.567 66.036 79.506 90.699 87.954 83.848 99.893 76.577 81.536 74.826 -999.250 -999.250 -999.250 -999.250 -999.250 -999.250 -999.250 -999.250 -999.250 -999.250 -999.250 -999.250 -999.250 -999.250 -999.250 -999.250 -999.250 -999.250 -999.250 -999.250 -999.250 -999.250 -999.250 -999.250 -999.250 -999.250 -999.250 -999.250 -999.250 -999.250 -999.250 -999.250 -999.250 -999.250 -999.250 -999.250 -999.250 -999.250
9.292 8.228 8.933 9.157 8.337 6.698 7.311 5.942 9.403 8.764 9.257 7.423 11.796 10.928 15.011 17.850 21.020 26.983 37.188 36.856 40.801 57.307 57.632 68.771 70.783 73.530 76.813 69.803 65.792 65.296 -999.250 -999.250 -999.250 -999.250 -999.250 -999.250 -999.250 -999.250 -999.250 -999.250 -999.250 -999.250 -999.250 -999.250 -999.250 -999.250 -999.250 -999.250 -999.250 -999.250 -999.250 -999.250 -999.250 -999.250 -999.250 -999.250 -999.250 -999.250 -999.250 -999.250 -999.250 -999.250 -999.250 -999.250 -999.250 -999.250 -999.250 -999.250
10.142 8.751 11.217 10.262 7.980 6.521 7.482 7.689 7.425 10.060 8.513 8.778 7.309 10.202 11.604 13.509 18.156 21.133 29.281 33.975 38.153 46.652 51.489 62.100 70.542 57.886 63.817 60.626 55.186 51.975 -999.250 -999.250 -999.250 -999.250 -999.250 -999.250 -999.250 -999.250 -999.250 -999.250 -999.250 -999.250 -999.250 -999.250 -999.250 -999.250 -999.250 -999.250 -999.250 -999.250 -999.250 -999.250 -999.250 -999.250 -999.250 -999.250 -999.250 -999.250 -999.250 -999.250 -999.250 -999.250 -999.250 -999.250 -999.250 -999.250 -999.250 -999.250
9.460 10.786 10.826 9.832 6.400 8.937 10.277 7.453 6.704 7.910 7.835 7.646 9.920 10.216 11.288 11.753 13.056 17.503 18.045 27.099 28.731 36.934 42.819 49.125 49.741 47.291 51.451 55.486 46.423 48.221 -999.250 -999.250 -999.250 -999.250 -999.250 -999.250 -999.250 -999.250 -999.250 -999.250 -999.250 -999.250 -999.250 -999.250 -999.250 -999.250 -999.250 -999.250 -999.250 -999.250 -999.250 -999.250 -999.250 -999.250 -999.250 -999.250 -999.250 -999.250 -999.250 -999.250 -999.250 -999.250 -999.250 -999.250 -999.250 -999.250 -999.250 -999.250
9.509 7.774 8.393 7.872 9.678 8.022 8.819 7.276 6.633 8.179 8.252 8.294 6.824 6.217 6.243 8.152 6.913 10.966 11.532 16.535 18.658 26.377 32.756 31.538 35.668 41.647 42.175 44.832 42.421 -999.250 -999.250 -999.250 -999.250 -999.250 -999.250 -999.250 -999.250 -999.250 -999.250 -999.250 -999.250 -999.250 -999.250 -999.250 -999.250 -999.250 -999.250 -999.250 -999.250 -999.250 -999.250 -999.250 -999.250 -999.250 -999.250 -999.250 -999.250 -999.250 -999.250 -999.250 -999.250 -999.250 -999.250 -999.250 -999.250 -999.250 -999.250 -999.250
8.541 7.813 9.181 9.068 9.567 8.797 9.237 6.883 7.534 8.202 7.172 7.607 6.886 5.138 3.471 5.514 3.796 0.000 5.035 8.773 11.556 18.051 21.868 22.844 31.408 36.752 39.004 37.329 34.540 -999.250 -999.250 -999.250 -999.250 -999.250 -999.250 -999.250 -999.250 -999.250 -999.250 -999.250 -999.250 -999.250 -999.250 -999.250 -999.250 -999.250 -999.250 -999.250 -999.250 -999.250 -999.250 -999.250 -999.250 -999.250 -999.250 -999.250 -999.250 -999.250 -999.250 -999.250 -999.250 -999.250 -999.250 -999.250 -999.250 -999.250 -999.250 -999.250
6.602 8.701 9.093 7.425 8.340 9.895 10.636 10.715 9.461 9.314 6.977 5.165 4.953 4.565 4.996 0.944 0.032 0.000 2.163 5.600 10.032 12.531 16.846 16.840 18.392 24.097 23.420 23.213 23.602 -999.250 -999.250 -999.250 -999.250 -999.250 -999.250 -999.250 -999.250 -999.250 -999.250 -999.250 -999.250 -999.250 -999.250 -999.250 -999.250 -999.250 -999.250 -999.250 -999.250 -999.250 -999.250 -999.250 -999.250 -999.250 -999.250 -999.250 -999.250 -999.250 -999.250 -999.250 -999.250 -999.250 -999.250 -999.250 -999.250 -999.250 -999.250 -999.250
6.904 9.588 6.615 8.391 9.026 11.204 11.370 12.897 8.945 11.194 7.824 7.243 6.160 5.447 4.162 3.336 2.401 0.561 1.990 5.385 8.552 11.763 11.933 12.052 13.807 16.525 17.805 16.694 -999.250 -999.250 -999.250 -999.250 -999.250 -999.250 -999.250 -999.250 -999.250 -999.250 -999.250 -999.250 -999.250 -999.250 -999.250 -999.250 -999.250 -999.250 -999.250 -999.250 -999.250 -999.250 -999.250 -999.250 -999.250 -999.250 -999.250 -999.250 -999.250 -999.250 -999.250 -999.250 -999.250 -999.250 -999.250 -999.250 -999.250 -999.250 -999.250 -999.250
7.133 6.042 8.223 8.184 8.545 10.628 11.067 9.214 8.783 10.699 9.238 8.098 6.557 5.902 3.609 3.553 3.269 1.321 1.400 5.534 6.292 9.525 10.012 10.345 13.567 14.698 13.236 15.089 -999.250 -999.250 -999.250 -999.250 -999.250 -999.250 -999.250 -999.250 -999.250 -999.250 -999.250 -999.250 -999.250 -999.250 -999.250 -999.250 -999.250 -999.250 -999.250 -999.250 -999.250 -999.250 -999.250 -999.250 -999.250 -999.250 -999.250 -999.250 -999.250 -999.250 -999.250 -999.250 -999.250 -999.250 -999.250 -999.250 -999.250 -999.250 -999.250 -999.250
