data/medianmodel_24-Mar-2020.asc
ncols	141
nrows	288
xllcorner	-120191.398
yllcorner	-301404.813
cellsize	2000.000
NODATA_value	-999.250
[rows 62 to 92 of 288, columns 0 to 69 of 141]
-999.250 -999.250 -999.250 -999.250 -999.250 -999.250 -999.250 -999.250 -999.250 -999.250 -999.250 -999.250 -999.250 -999.250 -999.250 -999.250 -999.250 -999.250 -999.250 -999.250 -999.250 -999.250 -999.250 -999.250 -999.250 -999.250 -999.250 -999.250 -999.250 -999.250 -999.250 -999.250 -999.250 -999.250 -999.250 -999.250 -999.250 -999.250 47.960 50.820 38.648 35.585 28.597 32.036 25.484 21.396 18.051 14.963 12.065 7.239 3.079 0.000 0.000 0.000 1.465 5.392 8.396 11.203 17.191 18.838 22.441 33.962 36.460 46.701 50.599 75.168 78.563 96.116 97.712 71.451
-999.250 -999.250 -999.250 -999.250 -999.250 -999.250 -999.250 -999.250 -999.250 -999.250 -999.250 -999.250 -999.250 -999.250 -999.250 -999.250 -999.250 -999.250 -999.250 -999.250 -999.250 -999.250 -999.250 -999.250 -999.250 -999.250 -999.250 -999.250 -999.250 -999.250 -999.250 -999.250 -999.250 -999.250 -999.250 -999.250 -999.250 -999.250 46.946 48.571 38.598 37.198 35.519 30.539 25.070 24.167 18.183 13.500 11.760 7.509 4.381 2.044 2.460 4.748 5.980 8.705 10.917 16.354 18.837 25.154 25.169 34.456 33.458 37.983 48.570 56.754 64.955 66.355 59.112 48.213
-999.250 -999.250 -999.250 -999.250 -999.250 -999.250 -999.250 -999.250 -999.250 -999.250 -999.250 -999.250 -999.250 -999.250 -999.250 -999.250 -999.250 -999.250 -999.250 -999.250 -999.250 -999.250 -999.250 -999.250 -999.250 -999.250 -999.250 -999.250 -999.250 -999.250 -999.250 -999.250 -999.250 -999.250 -999.250 -999.250 -999.250 -999.250 53.513 49.901 42.700 42.391 41.815 34.558 29.563 24.487 16.642 12.562 12.039 10.649 6.975 5.281 5.732 9.362 12.968 15.050 15.956 20.569 24.984 27.028 28.693 28.952 26.275 34.264 41.537 46.374 49.749 44.342 41.504 40.806
-999.250 -999.250 -999.250 -999.250 -999.250 -999.250 -999.250 -999.250 -999.250 -999.250 -999.250 -999.250 -999.250 -999.250 -999.250 -999.250 -999.250 -999.250 -999.250 -999.250 -999.250 -999.250 -999.250 -999.250 -999.250 -999.250 -999.250 -999.250 -999.250 -999.250 -999.250 -999.250 -999.250 -999.250 -999.250 -999.250 -999.250 -999.250 59.177 51.681 49.047 51.575 51.213 38.765 30.554 22.515 17.915 14.922 13.881 10.663 9.543 7.993 13.337 16.481 17.514 18.905 17.365 24.458 26.899 29.282 28.161 26.746 27.633 29.343 32.837 37.308 36.550 35.380 34.602 27.638
-999.250 -999.250 -999.250 -999.250 -999.250 -999.250 -999.250 -999.250 -999.250 -999.250 -999.250 -999.250 -999.250 -999.250 -999.250 -999.250 -999.250 -999.250 -999.250 -999.250 -999.250 -999.250 -999.250 -999.250 -999.250 -999.250 -999.250 -999.250 -999.250 -999.250 -999.250 -999.250 -999.250 -999.250 -999.250 -999.250 -999.250 -999.250 74.500 81.228 72.223 56.552 50.284 38.201 30.352 20.821 16.663 16.180 14.938 13.677 11.856 14.095 16.453 23.324 28.957 21.636 24.796 25.567 29.854 29.552 28.060 29.190 28.950 27.561 27.927 28.230 27.714 23.370 24.916 19.775
-999.250 -999.250 -999.250 -999.250 -999.250 -999.250 -999.250 -999.250 -999.250 -999.250 -999.250 -999.250 -999.250 -999.250 -999.250 -999.250 -999.250 -999.250 -999.250 -999.250 -999.250 -999.250 -999.250 -999.250 -999.250 -999.250 -999.250 -999.250 -999.250 -999.250 -999.250 -999.250 -999.250 -999.250 -999.250 -999.250 -999.250 108.577 114.390 98.467 98.257 62.350 47.007 43.684 28.751 19.309 16.171 17.639 17.162 17.495 15.651 15.457 17.943 22.576 24.732 22.606 21.424 24.136 24.802 26.454 30.611 27.799 26.075 28.387 24.317 24.769 22.991 20.347 16.429 11.490
-999.250 -999.250 -999.250 -999.250 -999.250 -999.250 -999.250 -999.250 -999.250 -999.250 -999.250 -999.250 -999.250 -999.250 -999.250 -999.250 -999.250 -999.250 -999.250 -999.250 -999.250 -999.250 -999.250 -999.250 -999.250 -999.250 -999.250 -999.250 -999.250 -999.250 -999.250 -999.250 -999.250 -999.250 -999.250 -999.250 -999.250 127.973 138.212 135.676 113.808 69.527 57.542 42.082 23.920 17.308 16.663 17.961 20.451 21.295 19.875 18.701 19.817 20.544 18.753 24.494 22.995 25.038 23.745 25.672 25.774 25.132 24.559 19.774 20.962 16.995 16.251 14.412 6.552 0.000
-999.250 -999.250 -999.250 -999.250 -999.250 -999.250 -999.250 -999.250 -999.250 -999.250 -999.250 -999.250 -999.250 -999.250 -999.250 -999.250 -999.250 -999.250 -999.250 -999.250 -999.250 -999.250 -999.250 -999.250 -999.250 -999.250 -999.250 -999.250 -999.250 -999.250 -999.250 -999.250 -999.250 -999.250 -999.250 -999.250 -999.250 137.476 167.460 173.274 138.908 97.679 67.013 40.546 18.385 18.217 19.894 22.063 24.290 23.264 25.918 24.182 25.029 19.233 19.567 22.338 20.881 23.093 19.353 18.738 22.980 20.211 23.849 18.662 16.399 16.534 12.889 8.343 3.666 0.000
-999.250 -999.250 -999.250 -999.250 -999.250 -999.250 -999.250 -999.250 -999.250 -999.250 -999.250 -999.250 -999.250 -999.250 -999.250 -999.250 -999.250 -999.250 -999.250 -999.250 -999.250 -999.250 -999.250 -999.250 -999.250 -999.250 -999.250 -999.250 -999.250 -999.250 -999.250 -999.250 -999.250 -999.250 -999.250 -999.250 -999.250 163.847 175.209 193.513 157.727 97.414 62.970 46.933 31.194 24.080 25.084 24.568 25.375 27.917 28.601 29.210 26.081 18.761 16.133 17.377 17.747 17.382 17.606 16.499 16.985 17.234 15.157 14.978 15.592 11.827 9.231 5.546 1.873 0.000
-999.250 -999.250 -999.250 -999.250 -999.250 -999.250 -999.250 -999.250 -999.250 -999.250 -999.250 -999.250 -999.250 -999.250 -999.250 -999.250 -999.250 -999.250 -999.250 -999.250 -999.250 -999.250 -999.250 -999.250 -999.250 -999.250 -999.250 -999.250 -999.250 -999.250 -999.250 -999.250 -999.250 -999.250 -999.250 -999.250 138.999 166.946 184.797 171.356 142.082 102.263 77.859 51.781 42.483 35.365 32.139 33.527 31.942 32.732 30.483 29.058 26.332 21.760 16.788 16.974 16.557 15.732 14.955 14.044 13.571 14.582 15.616 13.539 10.512 9.013 5.639 5.013 1.662 0.000
-999.250 -999.250 -999.250 -999.250 -999.250 -999.250 -999.250 -999.250 -999.250 -999.250 -999.250 -999.250 -999.250 -999.250 -999.250 -999.250 -999.250 -999.250 -999.250 -999.250 -999.250 -999.250 -999.250 -999.250 -999.250 -999.250 -999.250 -999.250 -999.250 -999.250 -999.250 -999.250 -999.250 -999.250 -999.250 -999.250 98.101 133.680 141.415 129.485 115.374 101.282 75.785 52.968 49.309 48.477 40.435 37.726 39.107 36.874 29.537 30.187 25.182 21.469 18.246 16.526 13.262 13.986 13.463 13.576 13.016 12.749 12.088 9.688 9.523 8.611 5.297 3.053 2.420 0.000
-999.250 -999.250 -999.250 -999.250 -999.250 -999.250 -999.250 -999.250 -999.250 -999.250 -999.250 -999.250 -999.250 -999.250 -999.250 -999.250 -999.250 -999.250 -999.250 -999.250 -999.250 -999.250 -999.250 -999.250 -999.250 -999.250 -999.250 -999.250 -999.250 -999.250 -999.250 -999.250 -999.250 -999.250 -999.250 -999.250 102.458 101.561 104.078 85.039 67.848 71.826 64.024 49.165 47.638 47.615 44.573 43.446 40.483 42.200 35.603 29.897 24.530 19.726 17.830 13.616 12.938 10.247 11.249 11.349 11.120 11.567 11.018 11.133 7.424 4.142 3.168 0.686 0.000 0.000
-999.250 -999.250 -999.250 -999.250 -999.250 -999.250 -999.250 -999.250 -999.250 -999.250 -999.250 -999.250 -999.250 -999.250 -999.250 -999.250 -999.250 -999.250 -999.250 -999.250 -999.250 -999.250 -999.250 -999.250 -999.250 -999.250 -999.250 -999.250 -999.250 -999.250 -999.250 -999.250 -999.250 -999.250 -999.250 -999.250 64.144 75.161 66.273 53.861 53.508 49.387 47.754 41.348 46.387 42.086 45.978 41.498 37.255 37.514 31.436 25.107 23.690 17.340 14.876 10.538 11.048 9.541 9.012 8.837 9.185 11.698 12.450 11.053 8.958 6.698 4.812 1.117 0.000 0.000
-999.250 -999.250 -999.250 -999.250 -999.250 -999.250 -999.250 -999.250 -999.250 -999.250 -999.250 -999.250 -999.250 -999.250 -999.250 -999.250 -999.250 -999.250 -999.250 -999.250 -999.250 -999.250 -999.250 -999.250 -999.250 -999.250 -999.250 -999.250 -999.250 -999.250 -999.250 -999.250 -999.250 -999.250 -999.250 39.699 44.370 47.680 45.310 43.694 38.009 30.756 36.471 39.815 42.547 41.186 38.707 35.808 31.947 28.240 24.497 21.495 17.346 15.474 12.007 9.219 7.284 7.220 8.263 8.592 7.892 9.642 11.993 10.970 8.420 5.404 3.517 0.832 0.320 0.000
-999.250 -999.250 -999.250 -999.250 -999.250 -999.250 -999.250 -999.250 -999.250 -999.250 -999.250 -999.250 -999.250 -999.250 -999.250 -999.250 -999.250 -999.250 -999.250 -999.250 -999.250 -999.250 -999.250 -999.250 -999.250 -999.250 -999.250 -999.250 -999.250 -999.250 -999.250 -999.250 -999.250 -999.250 -999.250 31.978 29.755 32.594 32.662 30.770 27.442 26.917 31.886 32.776 40.177 36.988 32.989 30.246 27.789 21.365 20.143 16.200 13.746 10.486 9.463 7.950 6.063 6.205 6.482 6.931 7.249 10.249 12.985 11.145 7.887 5.933 3.714 2.124 0.666 0.626
-999.250 -999.250 -999.250 -999.250 -999.250 -999.250 -999.250 -999.250 -999.250 -999.250 -999.250 -999.250 -999.250 -999.250 -999.250 -999.250 -999.250 -999.250 -999.250 -999.250 -999.250 -999.250 -999.250 -999.250 -999.250 -999.250 -999.250 -999.250 -999.250 -999.250 -999.250 -999.250 -999.250 -999.250 -999.250 24.868 25.817 21.091 19.457 20.578 23.282 26.157 28.661 40.200 40.689 37.805 35.017 29.761 24.013 15.510 11.811 10.620 10.553 7.316 6.319 5.466 4.880 3.176 5.278 4.027 6.443 9.280 9.275 9.447 6.895 5.615 4.729 4.611 4.396 3.017
-999.250 -999.250 -999.250 -999.250 -999.250 -999.250 -999.250 -999.250 -999.250 -999.250 -999.250 -999.250 -999.250 -999.250 -999.250 -999.250 -999.250 -999.250 -999.250 -999.250 -999.250 -999.250 -999.250 -999.250 -999.250 -999.250 -999.250 -999.250 -999.250 -999.250 -999.250 -999.250 -999.250 -999.250 -999.250 18.940 18.182 17.411 17.938 18.978 20.972 28.424 31.945 38.048 49.532 39.989 37.330 32.397 22.114 8.825 8.454 7.222 6.360 5.332 3.912 3.375 0.944 0.000 2.276 2.968 4.188 5.720 5.626 6.627 6.664 6.042 6.217 6.508 5.477 5.792
-999.250 -999.250 -999.250 -999.250 -999.250 -999.250 -999.250 -999.250 -999.250 -999.250 -999.250 -999.250 -999.250 -999.250 -999.250 -999.250 -999.250 -999.250 -999.250 -999.250 -999.250 -999.250 -999.250 -999.250 -999.250 -999.250 -999.250 -999.250 -999.250 -999.250 -999.250 -999.250 -999.250 -999.250 18.754 18.441 19.342 15.773 18.415 21.377 28.230 30.235 33.962 39.227 50.040 51.123 46.638 36.270 22.615 14.235 9.541 6.324 3.963 3.447 1.950 2.602 1.166 0.000 0.000 0.000 1.403 0.778 4.433 6.002 6.977 6.384 6.300 7.188 6.172 6.707
-999.250 -999.250 -999.250 -999.250 -999.250 -999.250 -999.250 -999.250 -999.250 -999.250 -999.250 -999.250 -999.250 -999.250 -999.250 -999.250 -999.250 -999.250 -999.250 -999.250 -999.250 -999.250 -999.250 -999.250 -999.250 -999.250 -999.250 -999.250 -999.250 -999.250 -999.250 -999.250 -999.250 -999.250 17.191 17.887 19.039 18.805 22.154 26.546 36.260 38.792 35.842 45.447 52.919 70.411 49.619 36.269 26.258 16.655 10.579 5.671 4.447 3.293 2.296 2.041 0.527 0.000 0.000 0.000 0.000 0.000 1.737 4.571 5.161 5.384 5.881 5.866 5.672 5.103
-999.250 -999.250 -999.250 -999.250 -999.250 -999.250 -999.250 -999.250 -999.250 -999.250 -999.250 -999.250 -999.250 -999.250 -999.250 -999.250 -999.250 -999.250 -999.250 -999.250 -999.250 -999.250 -999.250 -999.250 -999.250 -999.250 -999.250 -999.250 -999.250 -999.250 -999.250 -999.250 -999.250 -999.250 15.243 18.559 19.933 24.295 26.291 31.881 35.423 36.701 45.460 46.441 46.526 53.285 48.036 34.749 27.359 16.342 13.002 7.580 4.035 2.519 3.042 1.520 1.257 0.000 0.000 0.000 0.000 0.000 1.011 4.808 5.336 6.527 5.351 5.536 5.832 6.449
-999.250 -999.250 -999.250 -999.250 -999.250 -999.250 -999.250 -999.250 -999.250 -999.250 -999.250 -999.250 -999.250 -999.250 -999.250 -999.250 -999.250 -999.250 -999.250 -999.250 -999.250 -999.250 -999.250 -999.250 -999.250 -999.250 -999.250 -999.250 -999.250 -999.250 -999.250 -999.250 -999.250 -999.250 15.113 17.196 22.116 27.205 34.188 39.989 43.172 39.381 51.165 45.453 45.317 41.406 35.863 29.289 25.264 17.783 13.841 8.501 4.738 2.605 2.624 1.635 0.822 0.000 0.000 0.000 0.000 0.000 1.216 2.761 4.834 5.353 5.579 4.525 6.295 6.170
-999.250 -999.250 -999.250 -999.250 -999.250 -999.250 -999.250 -999.250 -999.250 -999.250 -999.250 -999.250 -999.250 -999.250 -999.250 -999.250 -999.250 -999.250 -999.250 -999.250 -999.250 -999.250 -999.250 -999.250 -999.250 -999.250 -999.250 -999.250 -999.250 -999.250 -999.250 -999.250 -999.250 10.905 13.826 18.088 23.540 28.755 40.143 45.724 44.186 44.554 45.488 43.119 45.673 42.465 35.006 27.759 24.499 17.609 12.101 9.213 6.486 4.753 2.254 0.893 0.000 0.000 0.000 0.000 0.000 0.000 0.708 2.231 4.015 3.961 5.771 4.494 5.857 6.918
-999.250 -999.250 -999.250 -999.250 -999.250 -999.250 -999.250 -999.250 -999.250 -999.250 -999.250 -999.250 -999.250 -999.250 -999.250 -999.250 -999.250 -999.250 -999.250 -999.250 -999.250 -999.250 -999.250 -999.250 -999.250 -999.250 -999.250 -999.250 -999.250 -999.250 -999.250 -999.250 -999.250 11.090 13.246 16.884 21.128 27.305 31.949 35.067 44.983 41.519 47.651 44.630 39.072 40.400 34.289 25.114 24.277 16.830 12.428 8.930 7.133 4.415 1.527 1.290 0.000 0.000 0.000 0.000 0.000 0.000 0.194 2.391 4.120 4.221 6.900 7.040 5.990 5.766
-999.250 -999.250 -999.250 -999.250 -999.250 -999.250 -999.250 -999.250 -999.250 -999.250 -999.250 -999.250 -999.250 -999.250 -999.250 -999.250 -999.250 -999.250 -999.250 -999.250 -999.250 -999.250 -999.250 -999.250 -999.250 -999.250 -999.250 -999.250 -999.250 -999.250 -999.250 -999.250 -999.250 11.356 13.352 15.996 18.546 20.532 29.786 32.377 32.464 39.879 41.119 38.859 37.976 37.198 28.306 25.232 18.888 15.863 13.059 8.655 5.803 3.931 3.223 0.279 0.000 0.000 0.000 0.000 0.000 0.000 2.156 3.015 4.806 4.429 6.019 6.539 6.964 7.380
-999.250 -999.250 -999.250 -999.250 -999.250 -999.250 -999.250 -999.250 -999.250 -999.250 -999.250 -999.250 -999.250 -999.250 -999.250 -999.250 -999.250 -999.250 -999.250 -999.250 -999.250 -999.250 -999.250 -999.250 -999.250 -999.250 -999.250 -999.250 -999.250 -999.250 -999.250 -999.250 -999.250 12.354 13.556 17.880 19.517 21.541 24.331 26.670 34.373 38.232 32.695 35.564 35.187 32.980 27.795 21.696 17.363 14.011 12.198 8.502 6.806 2.347 0.058 0.000 0.000 0.000 0.000 0.000 0.000 0.073 1.963 2.931 5.307 5.069 5.378 7.071 7.962 6.372
-999.250 -999.250 -999.250 -999.250 -999.250 -999.250 -999.250 -999.250 -999.250 -999.250 -999.250 -999.250 -999.250 -999.250 -999.250 -999.250 -999.250 -999.250 -999.250 -999.250 -999.250 -999.250 -999.250 -999.250 -999.250 -999.250 -999.250 -999.250 -999.250 -999.250 -999.250 -999.250 -999.250 12.857 14.325 15.917 19.352 23.857 22.547 25.738 29.163 34.880 34.953 32.465 30.608 29.547 25.232 18.353 15.433 13.256 9.095 8.255 4.684 1.130 0.000 0.000 0.000 0.000 0.000 0.000 0.000 0.000 1.414 3.845 4.528 4.807 4.659 8.888 7.083 6.088
-999.250 -999.250 -999.250 -999.250 -999.250 -999.250 -999.250 -999.250 -999.250 -999.250 -999.250 -999.250 -999.250 -999.250 -999.250 -999.250 -999.250 -999.250 -999.250 -999.250 -999.250 -999.250 -999.250 -999.250 -999.250 -999.250 -999.250 -999.250 -999.250 -999.250 -999.250 -999.250 12.538 14.257 14.161 16.284 17.525 20.025 24.258 26.374 28.752 31.069 33.735 31.438 25.602 22.424 19.406 16.487 15.023 10.808 9.059 6.810 2.364 0.000 0.000 0.000 0.000 0.000 0.000 0.000 0.000 0.000 0.159 1.976 4.343 4.716 5.859 7.312 9.127 6.835
-999.250 -999.250 -999.250 -999.250 -999.250 -999.250 -999.250 -999.250 -999.250 -999.250 -999.250 -999.250 -999.250 -999.250 -999.250 -999.250 -999.250 -999.250 -999.250 -999.250 -999.250 -999.250 -999.250 -999.250 -999.250 -999.250 -999.250 -999.250 -999.250 -999.250 -999.250 -999.250 10.933 13.243 14.777 17.125 16.945 20.923 24.205 28.381 29.399 30.658 32.953 28.058 23.842 19.165 17.205 15.734 12.568 8.366 6.682 4.188 1.554 0.000 0.000 0.000 0.000 0.000 0.000 0.000 0.000 0.000 0.000 2.493 5.172 6.024 5.238 6.278 7.358 8.442
-999.250 -999.250 -999.250 -999.250 -999.250 -999.250 -999.250 -999.250 -999.250 -999.250 -999.250 -999.250 -999.250 -999.250 -999.250 -999.250 -999.250 -999.250 -999.250 -999.250 -999.250 -999.250 -999.250 -999.250 -999.250 -999.250 -999.250 -999.250 -999.250 -999.250 -999.250 -999.250 9.960 12.719 14.209 15.313 17.590 18.650 20.229 23.872 28.849 27.446 29.141 24.618 21.686 18.565 15.093 12.837 8.689 6.313 4.255 2.715 0.043 0.000 0.000 0.000 0.000 0.000 0.000 0.000 0.000 0.000 0.000 1.488 4.202 5.795 7.279 7.215 7.513 8.754
-999.250 -999.250 -999.250 -999.250 -999.250 -999.250 -999.250 -999.250 -999.250 -999.250 -999.250 -999.250 -999.250 -999.250 -999.250 -999.250 -999.250 -999.250 -999.250 -999.250 -999.250 -999.250 -999.250 -999.250 -999.250 -999.250 -999.250 -999.250 -999.250 -999.250 -999.250 -999.250 7.835 10.179 11.288 12.988 13.959 14.368 19.777 23.270 21.535 23.032 23.107 19.452 17.336 15.819 12.902 7.669 6.322 3.454 2.232 0.204 0.000 0.000 0.000 0.000 0.000 0.000 0.000 0.000 0.458 0.704 0.000 3.384 6.299 6.654 7.637 7.196 7.681 8.467
-999.250 -999.250 -999.250 -999.250 -999.250 -999.250 -999.250 -999.250 -999.250 -999.250 -999.250 -999.250 -999.250 -999.250 -999.250 -999.250 -999.250 -999.250 -999.250 -999.250 -999.250 -999.250 -999.250 -999.250 -999.250 -999.250 -999.250 -999.250 -999.250 -999.250 -999.250 5.721 6.955 7.137 8.970 9.770 12.092 13.268 15.341 17.194 17.796 21.819 17.144 16.335 13.105 10.144 7.234 6.133 4.203 2.959 0.279 0.000 0.000 0.000 0.000 0.000 0.000 0.000 0.000 0.000 0.954 2.106 3.006 5.297 6.266 6.851 7.114 7.348 8.028 8.637
