data/medianmodel_19-Aug-2020.asc
ncols	141
nrows	288
xllcorner	-120191.398
yllcorner	-301404.813
cellsize	2000.000
NODATA_value	-999.250
[rows 31 to 61 of 288, columns 0 to 68 of 141]
-999.250 -999.250 -999.250 -999.250 -999.250 -999.250 -999.250 -999.250 -999.250 -999.250 -999.250 -999.250 -999.250 -999.250 -999.250 -999.250 -999.250 -999.250 -999.250 -999.250 -999.250 -999.250 -999.250 -999.250 -999.250 -999.250 -999.250 -999.250 -999.250 -999.250 -999.250 -999.250 11.528 6.930 4.696 4.262 3.745 3.099 4.905 5.271 5.861 5.733 4.546 5.306 5.813 8.360 10.230 12.655 15.492 16.001 16.555 16.694 18.224 20.019 27.908 17.800 11.474 7.528 4.171 0.441 0.000 0.000 0.000 0.000 0.000 0.000 0.000 0.000 0.000
-999.250 -999.250 -999.250 -999.250 -999.250 -999.250 -999.250 -999.250 -999.250 -999.250 -999.250 -999.250 -999.250 -999.250 -999.250 -999.250 -999.250 -999.250 -999.250 -999.250 -999.250 -999.250 -999.250 -999.250 -999.250 -999.250 -999.250 -999.250 -999.250 -999.250 -999.250 -999.250 16.806 12.849 9.915 8.322 8.380 7.779 9.475 12.710 13.262 10.892 8.324 7.154 8.073 9.777 12.822 15.653 18.837 18.155 17.863 17.295 17.235 18.314 19.800 17.061 12.736 9.019 6.961 3.074 0.965 0.000 0.000 0.000 0.000 0.000 0.000 0.000 0.000
-999.250 -999.250 -999.250 -999.250 -999.250 -999.250 -999.250 -999.250 -999.250 -999.250 -999.250 -999.250 -999.250 -999.250 -999.250 -999.250 -999.250 -999.250 -999.250 -999.250 -999.250 -999.250 -999.250 -999.250 -999.250 -999.250 -999.250 -999.250 -999.250 -999.250 -999.250 -999.250 24.581 23.408 17.633 14.752 14.205 14.735 16.020 17.824 24.099 16.380 12.640 10.349 10.313 11.695 13.906 18.402 27.370 19.423 16.964 14.255 14.619 15.358 15.719 13.494 11.160 9.800 7.312 5.395 3.673 1.661 0.180 0.294 0.456 0.000 0.000 0.000 0.000
-999.250 -999.250 -999.250 -999.250 -999.250 -999.250 -999.250 -999.250 -999.250 -999.250 -999.250 -999.250 -999.250 -999.250 -999.250 -999.250 -999.250 -999.250 -999.250 -999.250 -999.250 -999.250 -999.250 -999.250 -999.250 -999.250 -999.250 -999.250 -999.250 -999.250 -999.250 -999.250 32.057 29.578 26.580 24.706 23.872 23.313 23.141 22.741 23.128 19.229 16.938 13.811 13.308 12.354 14.302 16.142 18.297 16.843 14.200 11.910 12.355 12.730 11.890 10.562 10.718 10.256 8.158 6.886 5.853 3.876 3.148 3.729 6.399 0.650 0.000 0.000 0.000
-999.250 -999.250 -999.250 -999.250 -999.250 -999.250 -999.250 -999.250 -999.250 -999.250 -999.250 -999.250 -999.250 -999.250 -999.250 -999.250 -999.250 -999.250 -999.250 -999.250 -999.250 -999.250 -999.250 -999.250 -999.250 -999.250 -999.250 -999.250 -999.250 -999.250 -999.250 -999.250 41.559 40.251 38.570 33.148 33.164 32.290 32.101 30.636 27.146 24.085 20.253 17.299 14.706 13.381 12.467 12.849 13.088 11.958 10.791 10.885 9.600 8.927 8.031 9.620 10.334 10.231 9.610 9.101 8.301 7.353 5.751 5.223 4.224 2.668 0.000 0.000 0.000
-999.250 -999.250 -999.250 -999.250 -999.250 -999.250 -999.250 -999.250 -999.250 -999.250 -999.250 -999.250 -999.250 -999.250 -999.250 -999.250 -999.250 -999.250 -999.250 -999.250 -999.250 -999.250 -999.250 -999.250 -999.250 -999.250 -999.250 -999.250 -999.250 -999.250 -999.250 -999.250 52.903 50.943 51.082 48.381 46.885 44.488 42.828 40.388 33.259 28.745 24.938 21.067 17.401 14.490 12.041 10.284 9.605 7.954 7.826 6.956 7.077 7.640 7.397 8.548 10.207 12.430 12.987 12.995 10.586 9.832 8.719 7.857 6.251 3.977 0.987 0.000 0.000
-999.250 -999.250 -999.250 -999.250 -999.250 -999.250 -999.250 -999.250 -999.250 -999.250 -999.250 -999.250 -999.250 -999.250 -999.250 -999.250 -999.250 -999.250 -999.250 -999.250 -999.250 -999.250 -999.250 -999.250 -999.250 -999.250 -999.250 -999.250 -999.250 -999.250 -999.250 -999.250 -999.250 62.864 65.426 63.041 60.900 57.742 55.236 48.306 41.885 37.075 29.711 24.111 19.358 14.660 13.080 8.507 7.303 5.645 5.473 5.197 6.423 6.112 6.102 8.174 10.920 13.903 17.204 15.785 14.098 12.811 12.083 10.561 9.184 6.920 4.860 0.714 0.000
-999.250 -999.250 -999.250 -999.250 -999.250 -999.250 -999.250 -999.250 -999.250 -999.250 -999.250 -999.250 -999.250 -999.250 -999.250 -999.250 -999.250 -999.250 -999.250 -999.250 -999.250 -999.250 -999.250 -999.250 -999.250 -999.250 -999.250 -999.250 -999.250 -999.250 -999.250 -999.250 -999.250 77.150 77.512 79.029 74.948 73.862 68.668 61.363 51.845 44.857 39.035 30.173 23.928 16.905 11.928 7.150 5.329 3.203 3.071 5.018 6.972 5.690 6.637 6.753 9.860 15.603 24.969 18.711 15.038 15.752 14.941 14.693 12.027 10.259 6.467 3.739 0.462
-999.250 -999.250 -999.250 -999.250 -999.250 -999.250 -999.250 -999.250 -999.250 -999.250 -999.250 -999.250 -999.250 -999.250 -999.250 -999.250 -999.250 -999.250 -999.250 -999.250 -999.250 -999.250 -999.250 -999.250 -999.250 -999.250 -999.250 -999.250 -999.250 -999.250 -999.250 -999.250 88.847 92.456 103.432 94.767 94.816 87.911 76.728 71.565 60.819 53.905 44.866 35.658 26.733 20.312 12.720 7.830 4.140 1.018 1.696 4.400 11.162 5.872 4.166 4.812 7.851 12.401 16.472 16.895 15.605 17.389 19.459 21.212 17.811 13.061 8.534 5.559 3.346
-999.250 -999.250 -999.250 -999.250 -999.250 -999.250 -999.250 -999.250 -999.250 -999.250 -999.250 -999.250 -999.250 -999.250 -999.250 -999.250 -999.250 -999.250 -999.250 -999.250 -999.250 -999.250 -999.250 -999.250 -999.250 -999.250 -999.250 -999.250 -999.250 -999.250 -999.250 -999.250 112.168 116.896 120.448 118.597 125.399 118.235 100.457 79.713 72.432 61.713 53.797 44.896 33.086 23.356 13.375 6.100 1.902 0.000 0.000 1.429 3.200 1.716 0.849 3.220 4.549 7.578 10.506 12.809 15.092 17.848 22.914 31.513 21.054 15.386 12.061 9.152 5.380
-999.250 -999.250 -999.250 -999.250 -999.250 -999.250 -999.250 -999.250 -999.250 -999.250 -999.250 -999.250 -999.250 -999.250 -999.250 -999.250 -999.250 -999.250 -999.250 -999.250 -999.250 -999.250 -999.250 -999.250 -999.250 -999.250 -999.250 -999.250 -999.250 -999.250 -999.250 -999.250 -999.250 133.809 135.385 141.198 142.455 136.788 125.182 93.642 78.757 72.279 60.668 50.752 44.807 26.209 13.878 5.868 0.483 0.000 0.000 0.000 0.038 0.000 0.000 0.000 2.115 4.267 6.969 9.146 12.585 15.675 19.862 23.139 19.758 15.071 13.160 14.397 7.552
-999.250 -999.250 -999.250 -999.250 -999.250 -999.250 -999.250 -999.250 -999.250 -999.250 -999.250 -999.250 -999.250 -999.250 -999.250 -999.250 -999.250 -999.250 -999.250 -999.250 -999.250 -999.250 -999.250 -999.250 -999.250 -999.250 -999.250 -999.250 -999.250 -999.250 -999.250 -999.250 -999.250 143.090 152.072 161.695 151.211 147.585 136.497 115.041 93.462 77.477 69.089 53.848 42.202 27.751 14.041 5.303 0.636 0.812 1.361 1.530 4.185 0.000 0.000 0.000 0.000 1.881 4.163 7.010 9.260 13.338 14.940 15.940 15.690 14.109 11.875 9.973 6.989
-999.250 -999.250 -999.250 -999.250 -999.250 -999.250 -999.250 -999.250 -999.250 -999.250 -999.250 -999.250 -999.250 -999.250 -999.250 -999.250 -999.250 -999.250 -999.250 -999.250 -999.250 -999.250 -999.250 -999.250 -999.250 -999.250 -999.250 -999.250 -999.250 -999.250 -999.250 -999.250 -999.250 153.874 171.909 179.171 173.372 158.876 144.516 129.376 108.766 85.203 73.547 59.857 44.280 29.122 15.309 5.878 4.525 6.529 6.352 6.018 4.147 1.671 0.048 0.000 0.000 3.545 1.836 4.491 6.600 9.456 11.280 12.677 11.976 11.831 10.822 8.639 7.345
-999.250 -999.250 -999.250 -999.250 -999.250 -999.250 -999.250 -999.250 -999.250 -999.250 -999.250 -999.250 -999.250 -999.250 -999.250 -999.250 -999.250 -999.250 -999.250 -999.250 -999.250 -999.250 -999.250 -999.250 -999.250 -999.250 -999.250 -999.250 -999.250 -999.250 -999.250 -999.250 -999.250 -999.250 179.327 217.775 177.374 159.898 145.063 128.308 116.534 91.188 75.229 68.361 50.503 32.421 19.458 11.994 12.140 14.551 16.331 13.813 10.336 6.057 4.373 2.162 0.211 0.000 0.942 1.451 5.745 7.884 9.270 10.108 10.746 10.630 9.673 8.105 6.421
-999.250 -999.250 -999.250 -999.250 -999.250 -999.250 -999.250 -999.250 -999.250 -999.250 -999.250 -999.250 -999.250 -999.250 -999.250 -999.250 -999.250 -999.250 -999.250 -999.250 -999.250 -999.250 -999.250 -999.250 -999.250 -999.250 -999.250 -999.250 -999.250 -999.250 -999.250 -999.250 -999.250 -999.250 168.695 177.345 171.218 156.434 140.520 117.757 91.846 82.544 76.731 80.691 52.552 34.195 25.038 19.397 21.703 26.728 30.913 26.256 18.494 13.151 8.236 6.616 2.511 0.000 0.000 0.000 3.610 6.379 7.671 9.476 9.659 9.682 8.857 8.208 7.369
-999.250 -999.250 -999.250 -999.250 -999.250 -999.250 -999.250 -999.250 -999.250 -999.250 -999.250 -999.250 -999.250 -999.250 -999.250 -999.250 -999.250 -999.250 -999.250 -999.250 -999.250 -999.250 -999.250 -999.250 -999.250 -999.250 -999.250 -999.250 -999.250 -999.250 -999.250 -999.250 -999.250 -999.250 151.310 158.520 150.105 143.600 123.742 100.039 81.078 72.899 65.500 58.083 45.186 32.629 26.815 25.305 29.760 37.782 52.884 36.211 25.958 18.680 15.182 9.730 5.773 1.991 0.075 0.426 2.368 5.366 8.186 9.033 9.765 10.037 9.775 9.255 9.812
-999.250 -999.250 -999.250 -999.250 -999.250 -999.250 -999.250 -999.250 -999.250 -999.250 -999.250 -999.250 -999.250 -999.250 -999.250 -999.250 -999.250 -999.250 -999.250 -999.250 -999.250 -999.250 -999.250 -999.250 -999.250 -999.250 -999.250 -999.250 -999.250 -999.250 -999.250 -999.250 -999.250 -999.250 140.410 140.370 131.597 114.174 91.037 78.321 66.770 55.320 49.511 43.180 33.874 28.515 25.473 27.578 32.201 39.256 43.036 36.551 29.398 24.461 25.666 13.984 7.616 2.780 0.791 0.000 2.393 6.694 8.795 10.942 11.039 10.728 12.461 11.526 11.052
-999.250 -999.250 -999.250 -999.250 -999.250 -999.250 -999.250 -999.250 -999.250 -999.250 -999.250 -999.250 -999.250 -999.250 -999.250 -999.250 -999.250 -999.250 -999.250 -999.250 -999.250 -999.250 -999.250 -999.250 -999.250 -999.250 -999.250 -999.250 -999.250 -999.250 -999.250 -999.250 -999.250 -999.250 -999.250 106.852 95.956 77.693 67.514 54.709 44.038 37.597 32.639 27.788 25.162 23.706 24.147 26.530 30.120 33.433 34.223 31.732 27.622 24.758 20.569 13.692 8.083 4.025 1.274 0.091 3.321 7.073 15.040 11.838 12.853 13.264 14.400 13.283 14.260
-999.250 -999.250 -999.250 -999.250 -999.250 -999.250 -999.250 -999.250 -999.250 -999.250 -999.250 -999.250 -999.250 -999.250 -999.250 -999.250 -999.250 -999.250 -999.250 -999.250 -999.250 -999.250 -999.250 -999.250 -999.250 -999.250 -999.250 -999.250 -999.250 -999.250 -999.250 -999.250 -999.250 -999.250 -999.250 77.506 69.819 55.997 42.162 27.209 22.553 18.400 18.279 17.490 16.047 16.862 18.330 22.199 25.316 27.618 28.052 27.556 24.269 21.474 18.021 12.854 7.791 4.662 1.952 1.288 3.741 7.538 11.190 12.372 13.685 15.227 15.206 16.494 17.083
-999.250 -999.250 -999.250 -999.250 -999.250 -999.250 -999.250 -999.250 -999.250 -999.250 -999.250 -999.250 -999.250 -999.250 -999.250 -999.250 -999.250 -999.250 -999.250 -999.250 -999.250 -999.250 -999.250 -999.250 -999.250 -999.250 -999.250 -999.250 -999.250 -999.250 -999.250 -999.250 -999.250 -999.250 -999.250 60.632 50.356 33.468 21.476 9.354 7.308 7.870 9.069 8.932 8.957 11.395 13.552 15.583 19.520 22.103 24.243 24.644 24.181 20.199 15.655 12.001 7.909 4.566 2.365 1.353 5.325 7.753 10.850 14.360 17.108 19.334 20.473 18.145 19.774
-999.250 -999.250 -999.250 -999.250 -999.250 -999.250 -999.250 -999.250 -999.250 -999.250 -999.250 -999.250 -999.250 -999.250 -999.250 -999.250 -999.250 -999.250 -999.250 -999.250 -999.250 -999.250 -999.250 -999.250 -999.250 -999.250 -999.250 -999.250 -999.250 -999.250 -999.250 -999.250 -999.250 -999.250 -999.250 49.856 34.013 24.308 14.257 4.679 1.291 3.807 8.210 5.377 4.870 6.790 9.516 12.917 16.768 18.926 21.341 23.044 24.643 20.349 16.697 12.856 8.029 5.381 2.836 2.599 4.788 8.671 12.882 17.467 23.766 25.083 25.936 24.371 21.357
-999.250 -999.250 -999.250 -999.250 -999.250 -999.250 -999.250 -999.250 -999.250 -999.250 -999.250 -999.250 -999.250 -999.250 -999.250 -999.250 -999.250 -999.250 -999.250 -999.250 -999.250 -999.250 -999.250 -999.250 -999.250 -999.250 -999.250 -999.250 -999.250 -999.250 -999.250 -999.250 -999.250 -999.250 -999.250 38.022 28.496 20.959 13.642 9.040 5.734 4.213 3.730 3.599 2.290 4.227 7.547 9.663 13.467 20.914 22.707 25.647 27.889 24.309 18.546 13.748 9.167 5.801 4.088 4.177 6.336 10.115 15.117 22.597 29.770 31.915 32.035 28.436 23.342
-999.250 -999.250 -999.250 -999.250 -999.250 -999.250 -999.250 -999.250 -999.250 -999.250 -999.250 -999.250 -999.250 -999.250 -999.250 -999.250 -999.250 -999.250 -999.250 -999.250 -999.250 -999.250 -999.250 -999.250 -999.250 -999.250 -999.250 -999.250 -999.250 -999.250 -999.250 -999.250 -999.250 -999.250 -999.250 -999.250 28.554 24.105 22.745 22.595 14.731 7.929 5.175 4.111 1.968 3.336 4.525 7.349 11.059 16.866 22.365 28.335 37.264 26.362 20.486 13.837 10.278 5.688 4.758 7.768 8.390 12.217 17.622 28.085 34.068 42.089 42.462 32.907 24.411
-999.250 -999.250 -999.250 -999.250 -999.250 -999.250 -999.250 -999.250 -999.250 -999.250 -999.250 -999.250 -999.250 -999.250 -999.250 -999.250 -999.250 -999.250 -999.250 -999.250 -999.250 -999.250 -999.250 -999.250 -999.250 -999.250 -999.250 -999.250 -999.250 -999.250 -999.250 -999.250 -999.250 -999.250 -999.250 -999.250 30.128 29.440 31.521 43.397 24.684 12.228 7.379 9.037 3.897 1.593 4.192 7.571 12.150 16.770 22.654 27.951 30.640 26.444 21.052 15.036 11.125 6.810 5.242 6.435 8.129 12.817 21.157 30.613 41.258 49.980 52.319 40.186 24.763
-999.250 -999.250 -999.250 -999.250 -999.250 -999.250 -999.250 -999.250 -999.250 -999.250 -999.250 -999.250 -999.250 -999.250 -999.250 -999.250 -999.250 -999.250 -999.250 -999.250 -999.250 -999.250 -999.250 -999.250 -999.250 -999.250 -999.250 -999.250 -999.250 -999.250 -999.250 -999.250 -999.250 -999.250 -999.250 -999.250 -999.250 29.760 30.793 30.712 22.714 12.928 7.070 4.407 3.762 2.982 5.935 9.256 12.847 17.594 23.508 28.672 30.322 28.260 22.908 17.381 11.294 7.200 5.489 6.644 8.560 13.531 20.562 31.221 41.341 52.427 69.341 42.817 22.894
-999.250 -999.250 -999.250 -999.250 -999.250 -999.250 -999.250 -999.250 -999.250 -999.250 -999.250 -999.250 -999.250 -999.250 -999.250 -999.250 -999.250 -999.250 -999.250 -999.250 -999.250 -999.250 -999.250 -999.250 -999.250 -999.250 -999.250 -999.250 -999.250 -999.250 -999.250 -999.250 -999.250 -999.250 -999.250 -999.250 -999.250 24.319 23.013 20.325 15.258 8.958 4.957 3.078 1.699 3.404 6.703 10.151 15.128 20.954 26.554 31.243 33.266 30.946 25.118 20.067 14.109 7.889 7.387 6.635 7.741 12.799 18.821 27.914 36.407 43.141 44.686 31.842 16.475
-999.250 -999.250 -999.250 -999.250 -999.250 -999.250 -999.250 -999.250 -999.250 -999.250 -999.250 -999.250 -999.250 -999.250 -999.250 -999.250 -999.250 -999.250 -999.250 -999.250 -999.250 -999.250 -999.250 -999.250 -999.250 -999.250 -999.250 -999.250 -999.250 -999.250 -999.250 -999.250 -999.250 -999.250 -999.250 -999.250 -999.250 18.828 16.184 12.946 10.317 5.566 2.213 0.167 0.638 4.144 7.745 12.159 17.991 23.617 28.692 34.322 39.352 36.174 32.267 25.198 16.151 8.682 6.069 4.704 6.113 11.079 15.897 21.839 25.819 29.892 26.749 19.165 9.865
-999.250 -999.250 -999.250 -999.250 -999.250 -999.250 -999.250 -999.250 -999.250 -999.250 -999.250 -999.250 -999.250 -999.250 -999.250 -999.250 -999.250 -999.250 -999.250 -999.250 -999.250 -999.250 -999.250 -999.250 -999.250 -999.250 -999.250 -999.250 -999.250 -999.250 -999.250 -999.250 -999.250 -999.250 -999.250 -999.250 -999.250 13.813 10.429 7.643 4.048 1.027 0.000 0.000 2.517 4.933 9.169 13.974 20.789 27.410 33.791 42.465 45.900 44.418 37.873 28.760 17.665 9.773 5.006 2.465 3.501 7.400 12.414 15.896 18.284 17.917 16.797 10.729 4.158
-999.250 -999.250 -999.250 -999.250 -999.250 -999.250 -999.250 -999.250 -999.250 -999.250 -999.250 -999.250 -999.250 -999.250 -999.250 -999.250 -999.250 -999.250 -999.250 -999.250 -999.250 -999.250 -999.250 -999.250 -999.250 -999.250 -999.250 -999.250 -999.250 -999.250 -999.250 -999.250 -999.250 -999.250 -999.250 -999.250 -999.250 -999.250 6.739 3.708 1.053 0.000 0.000 0.000 1.685 6.281 10.096 15.913 24.319 31.698 39.761 49.374 56.292 58.143 46.986 32.052 18.583 7.984 1.370 0.000 0.000 3.677 6.598 8.603 9.093 9.857 8.656 5.418 2.411
-999.250 -999.250 -999.250 -999.250 -999.250 -999.250 -999.250 -999.250 -999.250 -999.250 -999.250 -999.250 -999.250 -999.250 -999.250 -999.250 -999.250 -999.250 -999.250 -999.250 -999.250 -999.250 -999.250 -999.250 -999.250 -999.250 -999.250 -999.250 -999.250 -999.250 -999.250 -999.250 -999.250 -999.250 -999.250 -999.250 -999.250 -999.250 3.887 0.005 0.000 0.000 0.000 0.000 2.883 7.412 11.341 17.915 26.243 33.728 43.330 51.647 62.188 77.650 54.686 34.130 19.581 8.238 0.000 0.000 0.000 0.000 1.803 3.352 4.119 4.055 4.065 0.856 0.000
-999.250 -999.250 -999.250 -999.250 -999.250 -999.250 -999.250 -999.250 -999.250 -999.250 -999.250 -999.250 -999.250 -999.250 -999.250 -999.250 -999.250 -999.250 -999.250 -999.250 -999.250 -999.250 -999.250 -999.250 -999.250 -999.250 -999.250 -999.250 -999.250 -999.250 -999.250 -999.250 -999.250 -999.250 -999.250 -999.250 -999.250 -999.250 3.267 0.187 0.000 0.000 0.000 0.048 4.447 7.155 12.156 18.393 27.676 35.185 45.039 51.466 59.187 61.774 51.279 33.869 18.858 7.699 0.000 0.000 0.000 0.000 0.000 0.000 0.000 0.000 0.000 0.000 0.000
