data/medianmodel_05-Jun-2020.asc
ncols	141
nrows	288
xllcorner	-120191.398
yllcorner	-301404.813
cellsize	2000.000
NODATA_value	-999.250
[rows 150 to 179 of 288, columns 0 to 68 of 141]
-999.250 -999.250 -999.250 -999.250 -999.250 -999.250 -999.250 -999.250 -999.250 -999.250 -999.250 -999.250 13.497 16.136 15.756 19.127 12.583 14.866 13.917 13.750 14.162 14.746 14.349 15.508 18.891 18.728 16.447 19.576 17.663 22.395 23.168 18.339 16.666 16.718 16.891 13.228 12.005 9.681 13.883 11.186 13.127 9.458 9.739 9.797 15.624 11.720 7.324 2.810 1.724 3.755 6.665 7.730 6.531 8.979 7.276 12.968 14.119 15.303 13.846 16.000 12.876 13.596 11.099 10.505 9.765 11.016 10.723 9.375 2.813
-999.250 -999.250 -999.250 -999.250 -999.250 -999.250 -999.250 -999.250 -999.250 -999.250 -999.250 12.930 15.084 14.842 13.174 15.303 10.693 14.272 13.346 12.663 12.461 13.016 14.823 14.299 17.000 19.588 15.688 16.230 29.764 25.328 20.507 22.305 17.881 16.779 16.463 17.311 15.237 18.665 15.447 11.675 11.776 14.289 8.636 10.587 12.396 18.730 9.355 5.413 3.840 6.002 7.575 6.661 5.176 9.168 10.643 13.966 12.722 13.938 14.676 14.110 15.710 15.363 11.105 9.077 9.624 9.432 10.569 8.147 6.761
-999.250 -999.250 -999.250 -999.250 -999.250 -999.250 -999.250 -999.250 -999.250 -999.250 15.649 15.234 11.638 13.060 12.153 11.613 10.565 11.159 14.912 12.684 13.041 14.730 13.458 14.550 12.878 20.254 17.737 27.859 27.309 25.966 22.166 20.017 18.897 21.716 18.350 18.430 24.026 21.495 16.884 18.481 17.311 14.531 12.134 9.157 9.152 9.039 5.453 6.386 7.429 9.819 8.908 8.225 6.303 7.804 11.357 12.262 18.270 17.273 16.228 15.379 11.602 11.617 10.186 9.424 10.332 9.365 8.475 7.426 8.456
-999.250 -999.250 -999.250 -999.250 -999.250 -999.250 -999.250 -999.250 -999.250 14.034 16.794 14.947 12.457 13.923 11.795 8.439 4.170 11.720 18.820 26.969 14.142 12.795 15.516 13.726 10.133 15.228 21.583 29.333 26.290 24.993 20.059 25.160 22.219 20.538 17.143 23.440 20.116 22.385 24.053 21.556 18.312 13.527 10.425 12.887 9.396 3.145 0.000 0.306 2.806 9.189 10.813 7.202 6.861 6.586 8.108 10.037 16.876 18.977 19.615 19.515 14.606 11.243 9.970 9.135 8.909 6.558 8.462 10.001 8.016
-999.250 -999.250 -999.250 -999.250 -999.250 14.112 7.547 6.404 9.020 13.849 15.664 19.633 13.595 15.125 11.843 10.001 7.868 12.563 23.002 13.934 13.645 13.061 12.866 21.366 16.889 16.897 17.379 23.755 28.821 26.770 19.390 22.532 26.642 22.130 16.149 18.577 19.497 21.863 23.353 22.852 14.030 14.183 15.026 14.344 6.782 1.358 0.000 0.000 1.891 8.449 8.755 6.164 8.825 6.661 7.584 9.498 15.155 16.672 12.402 11.792 9.925 12.195 10.571 10.039 11.055 9.898 8.995 5.987 7.615
-999.250 -999.250 -999.250 -999.250 -999.250 -999.250 -999.250 7.258 9.368 15.679 15.854 18.749 15.512 18.531 21.944 18.839 12.991 17.822 19.541 18.169 16.231 12.810 14.898 15.945 14.978 19.628 16.340 24.904 30.160 31.084 25.215 41.388 32.917 24.569 16.950 19.078 19.564 20.246 22.880 19.389 14.959 15.822 12.394 11.746 11.579 3.667 0.506 0.006 7.067 5.468 8.194 6.427 6.303 7.448 6.692 11.830 10.357 13.713 12.222 10.558 10.905 10.219 10.480 10.665 10.759 8.602 7.304 7.381 8.727
-999.250 -999.250 -999.250 -999.250 -999.250 -999.250 -999.250 8.311 11.879 15.429 16.524 14.728 13.148 21.781 24.872 25.731 21.004 23.822 20.053 19.031 17.185 17.896 17.949 19.012 17.072 16.234 16.655 24.776 34.301 26.763 30.926 40.873 53.243 30.680 28.272 18.417 24.331 16.079 13.395 19.671 20.696 20.732 17.982 15.491 15.026 9.978 4.825 5.025 5.396 7.906 10.110 8.980 9.278 6.846 8.835 8.348 11.734 10.524 13.146 11.064 9.771 8.750 8.209 11.414 9.131 8.451 7.396 9.066 6.357
-999.250 -999.250 -999.250 -999.250 -999.250 -999.250 -999.250 12.768 13.769 15.470 16.944 16.807 20.154 23.879 32.157 24.584 31.976 28.221 24.784 25.103 19.316 22.567 26.895 28.310 27.101 32.010 26.893 36.116 34.114 31.661 34.302 43.406 40.349 35.050 24.627 19.327 16.373 14.297 16.131 23.273 21.887 14.435 12.295 14.536 12.333 12.364 10.633 9.506 9.990 10.355 10.096 11.969 12.884 12.038 9.993 14.469 12.025 13.040 11.503 10.102 8.557 10.027 10.463 12.115 12.412 9.871 8.368 7.235 6.317
-999.250 -999.250 -999.250 -999.250 -999.250 -999.250 -999.250 12.867 19.644 16.258 19.756 19.144 16.263 21.905 38.656 32.237 31.470 31.761 27.934 24.036 29.595 31.757 32.760 29.704 28.911 42.832 45.808 58.253 56.700 47.456 40.953 49.974 39.784 32.665 25.098 26.293 20.272 17.626 15.475 16.913 14.893 12.328 11.172 9.568 11.473 10.529 11.333 11.161 9.545 10.808 9.059 15.535 16.554 12.901 11.397 14.642 14.047 8.236 11.633 10.053 9.318 10.479 9.444 11.533 9.952 6.221 5.810 5.529 3.097
-999.250 -999.250 -999.250 -999.250 -999.250 -999.250 -999.250 -999.250 17.005 20.081 17.685 17.634 19.283 27.382 41.077 46.183 41.517 30.848 28.398 21.131 32.384 27.276 42.418 36.631 43.855 53.023 46.668 70.911 62.200 47.722 38.766 41.418 47.269 37.879 28.119 25.983 27.095 22.211 25.463 18.270 17.201 12.427 11.285 14.783 9.699 16.755 11.770 12.303 11.367 14.032 11.334 14.977 14.903 14.268 12.905 12.336 11.358 13.770 8.877 11.832 12.385 10.569 10.020 7.484 5.508 1.213 0.000 5.009 3.088
-999.250 -999.250 -999.250 -999.250 -999.250 -999.250 -999.250 -999.250 17.503 23.206 19.824 27.064 18.859 24.676 38.201 71.668 41.825 29.654 24.849 26.227 29.190 26.044 43.838 53.472 51.457 69.082 75.917 67.951 58.112 47.615 37.685 51.452 47.517 52.712 29.392 35.895 34.406 38.866 24.517 18.952 13.998 14.166 8.747 11.721 14.161 14.825 12.908 11.846 11.990 15.762 12.219 12.205 13.971 11.959 11.475 10.256 10.176 10.385 10.754 11.480 8.322 9.398 9.612 7.064 3.908 0.000 0.000 0.060 2.262
-999.250 -999.250 -999.250 -999.250 -999.250 -999.250 -999.250 14.358 14.190 16.161 14.602 22.417 24.774 26.683 35.907 38.722 39.963 27.527 27.869 21.175 23.842 31.791 41.298 64.899 60.659 86.027 84.737 88.775 69.500 55.433 45.743 38.499 52.783 52.564 40.992 41.890 71.402 46.186 23.244 19.834 12.287 10.378 11.576 13.557 13.387 15.674 12.280 11.263 11.637 12.864 12.294 14.180 15.813 9.297 9.402 9.465 10.166 7.130 12.703 11.747 7.556 7.275 8.620 8.815 2.165 0.000 0.000 0.000 2.393
-999.250 -999.250 -999.250 -999.250 -999.250 -999.250 -999.250 14.380 20.510 15.831 19.455 18.856 19.659 24.092 26.957 28.711 33.599 32.328 29.034 25.577 29.255 30.463 53.332 60.668 101.962 110.596 91.267 75.441 63.037 62.101 66.946 42.247 42.929 41.599 43.600 40.807 47.248 39.536 20.624 22.143 15.376 15.872 14.205 19.414 18.277 14.858 17.890 16.213 16.840 14.190 12.955 11.533 11.114 8.278 8.292 11.080 9.658 8.269 8.573 11.244 9.560 6.799 8.813 6.972 3.916 0.067 1.633 1.478 2.201
-999.250 -999.250 -999.250 -999.250 -999.250 -999.250 -999.250 13.253 23.300 17.724 20.425 26.329 24.950 25.921 25.144 29.905 23.480 29.557 26.134 29.576 31.378 49.856 69.192 88.899 90.254 114.698 97.112 81.394 66.770 56.003 48.932 37.377 36.335 31.840 48.982 40.908 32.964 35.986 39.918 26.067 23.123 19.031 14.042 19.471 19.755 13.921 16.685 18.105 14.627 17.682 12.878 10.220 6.949 5.827 7.216 10.862 8.360 7.411 4.959 7.854 7.506 5.739 5.712 5.940 5.191 2.251 2.900 2.760 1.752
-999.250 -999.250 -999.250 -999.250 -999.250 -999.250 -999.250 18.736 21.123 23.666 25.588 23.430 27.207 35.156 44.896 29.731 34.050 26.631 33.043 47.894 52.732 83.031 92.342 94.035 89.180 107.036 100.293 76.780 78.169 80.823 47.621 39.398 22.386 28.778 39.182 29.122 24.474 29.400 27.765 29.794 30.065 21.184 15.428 24.947 22.956 16.694 15.139 13.373 14.642 14.996 12.046 11.048 8.491 7.624 6.645 9.962 6.004 8.110 4.634 5.550 8.332 3.743 3.355 2.590 3.416 4.003 4.988 2.035 0.000
-999.250 -999.250 -999.250 -999.250 -999.250 -999.250 18.977 19.174 21.356 15.426 26.643 32.527 31.502 31.698 32.712 32.002 30.294 39.859 40.505 66.811 66.219 69.108 80.449 91.593 91.120 97.728 120.986 122.571 101.826 69.599 45.819 37.747 26.042 33.410 36.532 33.224 28.184 25.037 27.139 22.211 23.496 22.838 15.449 24.873 23.042 17.283 19.902 17.303 14.730 15.516 9.386 11.596 9.102 10.351 8.461 6.408 6.463 8.051 6.097 6.815 5.690 3.159 3.404 1.865 5.307 4.561 1.671 1.590 0.000
-999.250 -999.250 -999.250 -999.250 -999.250 -999.250 18.626 23.502 23.980 21.875 18.675 19.718 26.680 24.279 38.370 33.164 33.872 39.402 50.213 67.916 60.388 65.414 65.546 97.040 127.693 145.616 193.861 202.170 141.321 93.366 54.220 46.182 36.915 34.392 34.490 31.044 28.930 21.493 27.686 25.230 29.541 26.052 17.624 21.730 25.292 21.355 23.911 15.940 16.193 11.922 13.861 11.607 11.426 10.776 9.467 8.823 7.956 8.527 6.129 7.788 8.081 6.622 2.540 1.645 2.380 1.348 0.905 1.349 0.000
-999.250 -999.250 -999.250 -999.250 -999.250 30.260 34.916 30.866 23.563 22.772 17.718 15.275 17.946 26.652 32.994 34.493 36.361 54.126 59.349 58.635 75.316 83.400 93.200 111.348 128.300 159.336 236.343 268.533 178.925 98.290 75.608 52.718 47.900 35.007 43.918 41.324 27.554 32.033 29.706 19.268 25.436 22.358 21.887 29.541 18.162 18.470 22.574 16.918 13.889 10.625 12.590 14.261 13.237 12.613 10.114 9.842 8.842 12.070 8.127 8.181 6.259 3.799 2.469 2.244 3.185 2.984 1.713 0.220 0.327
-999.250 -999.250 -999.250 -999.250 -999.250 28.292 28.391 36.256 25.781 18.780 16.566 14.007 14.531 22.766 25.945 44.148 41.122 62.358 59.712 66.875 65.004 78.697 99.257 122.008 129.086 145.832 217.265 233.985 181.048 137.343 73.988 79.519 48.476 50.832 49.868 43.976 30.021 27.032 19.593 19.416 20.968 25.427 25.410 28.297 20.834 18.683 17.805 17.579 13.233 10.210 15.506 12.954 16.324 11.946 11.087 10.950 9.210 9.608 9.386 8.081 5.000 3.201 2.808 1.707 1.910 2.356 2.453 0.000 0.000
-999.250 -999.250 -999.250 -999.250 34.476 42.806 28.641 29.243 25.955 21.186 15.702 15.964 27.584 31.754 31.607 39.815 42.750 55.909 46.688 61.251 66.941 87.867 99.578 111.536 103.577 117.889 156.469 167.718 163.263 107.292 83.210 74.345 53.066 47.046 36.777 29.389 28.739 31.583 26.693 21.570 16.417 32.389 27.817 29.280 21.750 20.861 17.479 16.109 14.793 14.778 15.371 12.418 14.873 14.184 10.645 9.016 6.975 9.241 7.262 6.136 6.230 3.185 2.960 2.900 1.604 3.348 2.612 0.770 0.000
-999.250 -999.250 -999.250 -999.250 33.963 28.107 31.973 29.678 34.402 37.167 29.926 30.356 37.101 25.854 21.413 27.124 32.105 48.065 55.283 65.036 80.394 81.862 122.582 105.774 107.081 116.896 126.954 134.203 149.238 100.154 102.640 83.325 60.855 67.738 43.977 21.918 24.387 28.391 22.602 19.992 27.707 26.776 33.288 28.950 19.039 18.210 18.365 22.445 24.982 10.378 12.620 13.030 12.750 15.732 15.397 12.039 10.722 6.674 5.295 3.318 4.226 3.840 3.711 0.929 1.340 2.393 0.000 0.000 0.000
-999.250 -999.250 -999.250 -999.250 34.440 28.390 29.909 26.941 30.933 35.410 31.153 29.483 35.515 26.050 24.836 27.798 33.521 50.282 59.269 60.838 81.097 104.167 126.543 111.149 118.602 118.164 125.687 129.054 119.349 120.054 70.632 69.590 67.942 70.038 34.575 19.177 16.475 22.355 23.124 20.751 20.811 24.717 29.306 31.471 24.193 20.129 21.209 22.390 17.784 12.904 13.965 14.793 18.493 16.209 17.666 14.490 11.532 6.803 4.220 5.216 3.330 3.897 1.498 0.414 0.846 0.575 0.000 0.029 0.000
-999.250 -999.250 -999.250 -999.250 40.374 37.052 29.060 31.874 25.395 30.274 32.033 33.550 32.322 39.567 30.510 29.913 31.978 37.446 36.857 39.588 62.623 88.601 108.556 95.707 89.345 102.849 108.036 125.623 121.591 109.236 87.961 70.892 64.097 38.377 28.222 18.784 15.014 23.399 26.505 24.015 32.983 33.067 27.528 25.366 19.567 20.901 23.564 26.499 14.540 15.336 16.381 15.249 13.862 14.721 13.836 10.884 10.499 7.928 3.784 5.276 3.325 4.745 2.204 0.000 0.673 0.000 0.330 0.000 0.000
-999.250 -999.250 -999.250 -999.250 41.401 47.733 36.405 25.497 35.456 33.841 32.313 29.835 29.431 28.550 33.999 35.541 46.944 30.966 24.991 27.762 55.366 95.548 93.517 79.149 97.721 88.538 86.899 124.747 106.276 101.038 88.093 74.752 56.437 37.856 25.469 16.636 16.507 24.455 24.761 20.753 29.450 32.514 29.381 37.588 24.754 23.995 19.810 21.546 20.523 16.898 15.502 16.055 15.557 11.894 10.053 10.695 9.653 6.184 4.309 4.473 4.166 4.518 0.098 0.000 0.917 0.000 0.000 0.000 0.000
-999.250 -999.250 -999.250 -999.250 38.334 33.818 35.990 33.052 30.012 31.030 40.051 35.486 31.322 32.947 33.091 31.047 35.732 24.222 14.178 19.465 39.494 71.328 89.885 72.749 97.568 107.947 83.734 88.799 85.721 74.828 75.458 76.330 57.023 32.542 31.205 22.973 25.746 28.008 26.871 29.111 29.974 32.463 32.120 35.825 30.919 21.118 18.624 20.940 23.297 15.417 15.229 13.450 14.286 12.172 6.563 7.954 5.919 3.037 3.206 6.365 3.762 0.085 0.024 1.483 0.000 0.653 0.000 0.000 0.000
-999.250 -999.250 -999.250 -999.250 46.404 34.412 33.571 28.810 26.103 36.323 34.421 37.601 46.530 32.795 40.793 46.680 38.946 33.655 19.382 25.526 38.813 55.251 73.893 87.637 87.943 99.293 96.062 80.000 75.822 80.963 59.883 58.495 29.991 24.910 19.836 22.469 31.373 27.632 27.893 25.901 21.951 26.185 30.904 30.634 25.703 18.766 19.503 20.523 19.191 16.445 14.128 18.133 14.110 11.324 6.199 8.024 4.766 0.780 0.230 2.734 3.798 2.284 0.183 0.054 0.000 0.474 0.000 0.000 0.000
-999.250 -999.250 -999.250 -999.250 48.676 34.849 33.252 42.445 28.949 31.113 46.419 64.329 52.281 45.891 64.665 47.528 52.269 35.848 45.821 44.195 59.655 79.140 77.150 74.633 71.205 78.268 73.872 81.318 73.561 56.792 49.092 43.120 24.432 22.611 29.896 27.041 23.707 24.771 22.613 25.716 21.433 19.940 28.793 40.066 26.229 21.928 23.518 19.978 18.144 15.212 14.080 12.752 10.200 9.989 7.615 5.836 0.432 0.000 0.000 0.422 1.083 4.058 0.385 0.279 0.256 0.000 0.000 0.000 0.000
-999.250 -999.250 -999.250 -999.250 50.665 48.651 35.379 38.436 50.157 38.112 51.493 77.929 53.887 57.918 55.971 66.915 67.978 71.093 78.172 84.695 105.105 82.581 70.732 79.959 65.358 64.516 68.183 60.330 58.678 55.778 54.200 32.017 26.422 21.652 30.793 30.302 28.192 27.335 22.862 23.847 22.098 19.274 21.819 25.376 19.466 18.158 25.166 14.535 14.866 15.351 14.239 10.592 9.545 7.014 6.561 3.913 0.688 0.000 0.000 1.431 2.310 1.123 0.086 0.501 0.000 1.213 0.000 0.000 0.000
-999.250 -999.250 -999.250 -999.250 56.102 66.184 49.954 50.908 53.049 58.665 63.273 63.477 80.938 68.571 83.545 67.692 66.567 77.232 75.315 81.522 109.726 108.038 99.923 69.376 60.772 63.407 66.524 52.954 42.908 50.277 57.103 52.945 30.276 28.807 28.547 23.947 27.507 28.658 30.432 23.127 25.683 25.202 21.919 18.882 15.748 16.863 15.833 14.582 17.857 14.290 12.467 12.366 9.221 6.162 5.610 6.658 5.968 2.628 2.600 1.092 1.333 0.000 0.000 0.000 3.556 1.687 0.000 0.000 0.000
-999.250 -999.250 -999.250 73.797 68.236 81.189 71.797 58.736 54.114 70.935 76.092 65.970 94.503 108.005 74.992 87.805 81.646 102.527 61.863 84.147 123.981 100.434 84.312 74.431 86.502 61.603 55.544 58.589 55.042 60.025 50.965 43.837 37.120 26.661 25.483 23.121 25.328 25.962 30.299 22.877 29.168 23.393 18.826 17.182 15.490 15.916 16.021 19.999 18.579 15.133 11.458 10.528 7.777 6.769 8.647 9.982 8.801 6.613 4.813 4.516 5.746 1.943 0.000 0.000 0.201 0.000 0.000 0.000 0.000
