data/medianmodel_23-Sep-2020.asc
ncols	141
nrows	288
xllcorner	-120191.398
yllcorner	-301404.813
cellsize	2000.000
NODATA_value	-999.250
[rows 30 to 59 of 288, columns 68 to 135 of 141]
0.000 0.000 0.000 0.000 0.551 8.702 13.564 17.961 30.787 39.438 49.879 57.594 65.131 64.322 70.066 73.625 70.824 70.279 68.049 61.115 56.056 48.726 37.426 31.296 26.867 25.448 21.572 17.632 13.397 11.268 11.319 12.483 11.949 12.027 12.376 13.902 18.713 23.560 30.811 42.546 51.128 65.078 85.167 108.060 150.949 186.671 253.060 308.837 358.622 473.551 537.139 657.415 700.815 797.562 829.465 902.492 922.619 965.171 1009.835 1043.997 999.015 873.497 814.660 747.839 551.194 428.363 327.188 260.712
0.000 0.000 0.000 0.000 2.036 10.258 13.186 21.203 34.414 49.061 59.312 65.496 73.667 75.567 80.316 78.072 75.603 70.797 63.385 56.977 52.932 45.118 36.214 30.133 26.311 24.328 18.028 15.557 13.647 13.913 15.009 13.659 12.763 14.999 9.862 13.930 17.067 24.679 33.447 46.434 59.166 72.599 87.862 113.188 147.137 177.298 216.857 277.923 346.068 418.634 515.794 663.550 741.731 801.921 826.159 886.383 881.430 942.432 984.700 976.257 909.603 838.103 738.746 695.328 482.937 407.841 282.991 216.613
0.000 0.000 0.000 0.000 1.226 8.914 14.441 24.943 38.382 53.140 63.240 72.298 79.466 83.898 80.531 82.621 77.171 71.715 64.889 58.026 54.511 46.684 34.979 29.891 22.798 19.787 16.342 14.180 13.516 13.289 14.428 16.899 13.580 13.129 14.070 16.120 22.673 29.134 37.109 52.083 68.874 77.686 95.823 116.997 137.631 165.212 224.612 279.721 407.711 447.782 469.119 529.924 652.405 735.381 777.086 840.735 889.481 883.499 892.214 909.042 861.169 778.216 695.156 525.459 425.917 373.443 237.910 186.807
0.000 0.000 0.000 0.000 0.000 4.951 12.678 24.328 36.370 51.652 66.028 74.389 86.941 89.213 89.407 84.787 77.291 66.017 66.235 54.527 51.407 43.953 32.821 30.053 21.743 18.378 16.955 17.282 15.963 13.567 14.893 15.799 15.128 13.217 15.126 17.208 23.003 31.416 42.024 58.394 75.778 83.268 100.691 113.293 150.701 181.722 210.953 268.161 372.658 446.907 467.540 505.173 649.737 694.436 788.921 800.087 859.680 856.546 873.388 821.803 780.695 692.854 544.785 443.279 319.160 234.517 185.187 138.861
0.000 0.000 0.000 0.000 0.000 0.000 10.319 19.297 34.744 52.147 62.060 83.149 88.889 104.345 103.040 91.176 76.745 72.409 58.829 53.322 48.948 48.909 34.680 26.448 23.757 19.018 16.239 14.699 14.714 14.808 14.392 14.758 16.997 14.320 17.247 15.245 18.638 27.780 38.169 51.891 66.093 74.210 87.794 113.269 134.975 165.726 196.465 258.018 337.673 381.616 426.665 479.850 510.442 682.139 723.016 742.522 840.478 800.195 788.116 746.503 625.257 524.134 449.963 386.119 262.912 179.336 136.831 84.859
0.000 0.000 0.000 0.000 0.000 0.000 10.483 19.281 36.212 47.189 61.566 76.809 92.219 117.047 96.993 88.861 76.768 68.766 56.119 50.255 44.251 38.040 32.226 24.306 22.849 20.621 14.488 16.140 16.691 15.342 15.253 19.799 17.205 14.506 15.934 13.741 19.350 22.708 28.711 38.762 51.925 60.463 74.608 101.441 121.150 153.038 154.760 200.106 292.893 308.837 376.442 410.982 425.686 532.567 669.547 693.162 720.851 685.098 684.344 682.464 543.529 428.991 379.341 303.333 214.863 139.150 73.206 45.011
0.000 0.000 0.000 0.000 0.000 2.638 10.079 16.137 31.733 45.688 58.473 73.317 85.019 95.762 88.852 81.376 73.974 63.516 57.918 46.739 39.665 34.433 27.183 22.392 19.726 16.825 14.825 14.907 15.345 16.558 19.090 22.984 16.939 15.964 14.562 13.902 15.331 19.455 21.744 25.851 34.177 47.322 68.745 83.694 108.015 126.342 155.672 179.633 204.357 238.889 284.301 361.194 407.831 492.235 556.458 604.303 612.513 513.170 519.462 490.821 421.465 397.681 293.217 212.923 157.849 92.379 54.097 22.958
0.000 0.000 0.000 0.000 0.000 5.396 12.182 17.806 27.795 41.526 53.552 63.937 76.554 78.767 80.877 73.113 66.790 59.401 48.514 40.085 35.184 28.581 24.910 22.549 18.510 18.005 14.824 13.938 13.608 17.102 17.786 19.973 18.268 16.776 13.101 13.256 12.084 13.479 14.108 17.368 25.270 34.914 50.288 73.721 89.050 114.397 150.522 162.524 172.560 220.311 273.569 336.237 355.529 397.191 463.878 509.098 495.843 499.011 452.446 395.667 355.518 271.776 210.384 157.194 115.927 73.632 38.509 11.945
0.000 0.000 0.000 0.000 2.963 8.601 13.896 20.264 29.219 40.939 44.480 56.428 65.754 68.532 65.207 65.338 53.026 47.502 38.577 30.666 26.328 22.415 19.786 17.922 15.636 16.357 14.894 13.984 13.692 16.134 16.276 16.243 17.121 16.724 13.312 11.504 10.421 7.746 12.064 12.674 14.903 26.325 35.019 56.113 73.327 85.454 113.095 144.529 155.433 174.387 203.010 254.965 306.830 324.011 387.314 381.546 348.553 394.835 372.443 305.046 264.873 187.527 161.490 115.106 77.910 47.791 22.416 1.388
0.781 0.000 0.114 1.769 3.682 9.539 14.567 21.269 29.032 34.439 43.288 47.601 53.637 53.565 54.547 47.495 44.375 36.133 33.196 23.923 21.124 19.052 17.210 15.000 17.375 16.466 14.974 14.095 15.088 17.621 17.428 16.908 15.752 14.236 10.411 10.132 8.576 4.865 4.825 6.130 9.275 12.451 20.884 32.464 51.013 71.927 86.769 101.657 133.669 156.537 179.190 196.544 201.961 232.009 262.640 310.286 278.099 220.976 224.394 216.908 185.500 156.481 116.290 90.060 66.222 28.869 9.597 0.000
7.420 6.577 3.271 2.609 8.489 12.671 15.198 23.956 30.705 34.448 37.407 41.322 46.769 46.638 39.887 36.232 30.077 28.849 22.661 19.764 18.305 17.487 18.352 15.774 15.455 14.984 13.620 14.044 15.112 15.895 17.159 14.843 15.854 14.356 12.920 9.685 6.767 0.758 0.022 0.000 1.050 5.689 13.940 22.448 32.438 46.391 66.241 81.218 90.555 113.538 139.221 148.889 159.335 169.096 188.250 192.169 189.922 182.365 175.190 162.282 129.983 118.212 85.827 58.847 38.696 18.372 0.000 -999.250
11.666 10.636 10.383 12.057 13.323 15.129 18.581 23.422 28.051 31.484 32.779 34.109 35.724 36.975 31.966 25.264 23.115 18.830 17.255 14.749 13.875 14.145 16.486 15.880 16.866 17.925 18.627 16.822 18.638 18.354 17.114 15.812 14.450 15.953 14.856 12.065 4.938 1.689 0.000 0.000 0.000 2.025 8.478 13.062 22.147 29.990 50.159 67.933 69.882 85.968 93.067 113.079 130.478 139.167 149.528 160.671 159.458 150.243 120.353 118.725 100.549 83.752 61.574 39.292 22.200 0.533 0.000 0.000
13.381 13.348 13.743 15.143 15.410 16.976 19.234 20.194 25.451 26.834 33.815 31.520 32.197 27.695 30.077 24.736 20.530 17.505 13.736 14.023 12.771 13.860 14.003 17.717 20.127 18.740 24.283 22.738 20.561 18.670 17.666 18.689 18.589 15.663 15.333 11.407 7.625 2.345 0.000 0.000 0.000 0.000 0.608 5.863 11.732 19.130 31.033 40.083 53.065 57.733 64.349 76.134 88.059 92.840 103.932 107.682 106.444 114.626 99.210 80.084 71.402 64.794 33.230 19.141 -999.250 -999.250 -999.250 -999.250
15.715 15.269 15.837 16.556 15.810 17.456 19.992 20.834 19.618 23.270 24.760 28.249 28.547 27.696 24.577 20.345 15.519 13.164 12.982 11.049 12.042 14.370 17.868 20.172 21.142 22.418 23.723 27.640 24.205 20.239 18.805 20.187 19.984 15.647 15.093 11.036 8.280 0.000 0.000 0.000 0.000 0.000 0.000 1.506 6.017 12.320 18.562 25.386 34.471 38.527 48.282 52.629 52.245 64.359 70.079 74.232 75.520 71.453 72.030 54.211 45.894 31.787 21.776 8.292 0.000 -999.250 -999.250 -999.250
20.460 23.814 21.851 20.970 18.796 19.639 18.312 19.018 17.096 21.312 18.615 23.080 24.261 23.872 18.608 14.355 12.674 11.149 11.602 10.677 12.695 13.406 16.164 20.459 20.079 24.454 27.193 27.542 29.095 24.908 25.306 23.233 20.720 19.723 16.447 13.507 8.296 1.131 0.000 0.000 0.000 0.000 0.000 0.000 4.183 6.832 12.774 17.433 22.223 23.877 25.130 31.521 34.338 40.525 45.780 53.102 51.303 53.022 46.249 35.686 23.305 14.447 10.044 -999.250 -999.250 -999.250 -999.250 -999.250
32.840 30.847 30.456 28.928 22.837 19.753 17.055 14.757 15.675 13.874 14.669 16.045 17.668 15.018 13.950 10.617 9.729 9.594 8.705 9.329 12.360 13.296 16.021 19.731 25.802 25.173 28.825 27.648 31.728 27.618 27.706 24.948 23.355 21.044 18.061 13.762 9.983 3.230 0.000 0.000 0.000 0.000 0.000 0.000 3.215 11.120 10.533 13.913 14.155 14.076 14.879 15.816 11.916 17.765 29.708 29.136 29.862 30.440 27.087 16.464 12.259 5.990 0.000 -999.250 -999.250 -999.250 -999.250 -999.250
46.614 39.252 40.715 32.869 26.108 22.559 16.558 13.911 14.011 11.902 11.312 12.174 11.492 11.873 11.622 9.400 6.909 5.294 9.407 7.076 10.240 12.655 14.805 19.460 24.518 26.945 29.025 31.263 28.921 28.221 28.347 29.720 26.505 26.260 19.956 13.733 10.056 4.843 2.069 1.051 0.000 0.540 4.695 4.140 6.950 10.483 12.074 14.281 14.062 15.905 16.172 12.963 11.180 12.081 14.213 14.461 14.359 14.087 14.477 11.129 0.568 0.000 -999.250 -999.250 -999.250 -999.250 -999.250 -999.250
57.381 57.686 49.665 41.831 29.599 24.681 15.085 10.452 7.928 6.188 5.867 6.139 7.641 6.711 4.633 3.755 1.365 5.310 2.531 7.288 9.412 11.061 12.762 16.598 22.712 25.928 31.874 33.051 30.330 28.687 28.081 27.026 29.703 33.091 21.637 15.012 11.000 6.292 7.886 7.620 8.995 10.388 11.370 14.184 16.352 17.143 18.474 19.509 21.457 23.119 22.248 16.679 16.933 15.572 15.006 13.872 12.167 11.444 13.219 8.780 -999.250 -999.250 -999.250 -999.250 -999.250 -999.250 -999.250 -999.250
78.420 73.870 67.813 51.780 38.350 24.281 13.375 4.845 0.112 0.338 0.000 0.000 1.555 0.205 0.000 0.000 0.000 0.000 0.000 0.000 4.664 5.031 10.134 13.709 18.746 23.282 31.435 32.395 31.066 25.581 21.798 22.340 21.752 22.569 18.063 12.624 10.602 9.215 9.746 12.679 14.326 16.665 22.357 23.010 32.461 34.327 37.131 38.356 43.282 35.260 38.505 33.399 24.705 25.313 24.494 19.491 18.667 14.430 13.722 10.736 -999.250 -999.250 -999.250 -999.250 -999.250 -999.250 -999.250 -999.250
98.826 95.778 86.248 72.124 47.324 26.230 11.289 0.000 0.000 0.000 0.000 0.000 0.000 0.000 0.000 0.000 0.000 0.000 0.000 0.000 0.000 0.287 6.102 9.630 15.761 21.143 25.338 35.298 25.974 18.216 18.154 17.388 17.392 15.132 13.149 11.217 9.960 10.659 13.387 19.125 23.398 31.584 33.034 41.611 47.186 58.164 58.255 57.092 59.381 63.948 54.991 48.162 44.817 42.347 41.113 -999.250 25.150 26.329 -999.250 -999.250 -999.250 -999.250 -999.250 -999.250 -999.250 -999.250 -999.250 -999.250
127.284 126.689 117.336 89.974 66.920 33.774 10.234 0.000 0.000 0.000 0.000 0.000 0.000 0.000 0.000 0.000 0.000 0.000 0.000 0.000 0.000 0.000 0.000 5.621 12.184 16.383 19.569 21.629 18.367 12.715 11.040 9.692 11.953 10.192 9.254 9.192 11.665 14.750 23.307 29.683 34.655 46.383 53.902 62.184 70.471 77.946 81.841 79.467 85.264 85.573 79.175 72.103 67.733 -999.250 -999.250 -999.250 -999.250 -999.250 -999.250 -999.250 -999.250 -999.250 -999.250 -999.250 -999.250 -999.250 -999.250 -999.250
157.061 168.455 161.521 128.276 84.631 39.757 8.403 0.000 0.000 0.000 0.000 0.000 0.000 0.000 0.000 0.000 0.000 0.000 0.000 0.000 0.000 0.000 0.000 0.771 5.613 9.504 11.262 12.366 10.037 5.714 3.888 1.490 0.100 1.449 2.234 8.824 12.521 19.688 27.854 40.596 51.209 65.450 74.326 77.288 83.265 95.969 111.201 108.954 107.051 103.200 93.513 94.944 -999.250 -999.250 -999.250 -999.250 -999.250 -999.250 -999.250 -999.250 -999.250 -999.250 -999.250 -999.250 -999.250 -999.250 -999.250 -999.250
177.206 191.723 209.868 166.131 112.859 55.028 0.000 0.000 0.000 0.000 0.000 0.000 0.000 0.000 0.000 0.000 0.000 0.000 0.000 0.000 0.000 0.000 0.000 0.000 0.000 2.135 6.599 3.536 1.227 0.000 0.000 0.000 0.000 0.000 2.564 9.095 16.905 28.975 38.532 56.572 71.747 81.946 93.766 101.858 117.623 118.316 135.490 135.422 129.518 122.587 120.667 129.726 -999.250 -999.250 -999.250 -999.250 -999.250 -999.250 -999.250 -999.250 -999.250 -999.250 -999.250 -999.250 -999.250 -999.250 -999.250 -999.250
217.880 251.806 255.127 216.532 155.546 75.186 12.680 0.000 0.000 0.000 0.000 0.000 0.000 0.000 0.000 0.000 0.000 0.000 0.000 0.000 0.000 0.000 0.000 0.000 0.000 0.000 0.000 0.000 0.000 0.000 0.000 0.000 0.000 0.000 4.449 13.942 25.991 41.701 57.197 75.139 88.059 120.852 128.970 128.607 157.524 157.835 163.697 168.853 163.272 154.385 144.183 -999.250 -999.250 -999.250 -999.250 -999.250 -999.250 -999.250 -999.250 -999.250 -999.250 -999.250 -999.250 -999.250 -999.250 -999.250 -999.250 -999.250
206.601 249.916 353.179 224.815 159.079 87.640 30.296 4.639 0.000 0.000 0.000 0.000 0.000 0.000 0.000 0.000 0.000 0.000 0.000 0.000 0.000 0.000 0.000 0.000 0.000 0.000 0.000 0.000 0.000 0.000 0.000 0.000 0.000 0.000 7.364 19.298 34.076 56.101 75.158 91.338 107.558 130.770 154.451 185.284 195.344 194.480 204.185 223.453 213.474 181.047 -999.250 -999.250 -999.250 -999.250 -999.250 -999.250 -999.250 -999.250 -999.250 -999.250 -999.250 -999.250 -999.250 -999.250 -999.250 -999.250 -999.250 -999.250
174.130 205.759 224.946 187.287 129.621 78.630 30.721 9.256 0.000 0.000 0.000 0.000 0.000 0.000 0.000 0.000 0.000 0.000 0.000 0.000 0.000 0.000 0.000 0.000 0.000 0.000 0.000 0.000 0.000 0.000 0.000 0.000 0.000 0.000 10.396 22.844 48.722 69.321 90.590 114.982 131.467 159.134 178.315 199.497 233.740 246.144 294.493 308.107 261.483 249.517 -999.250 -999.250 -999.250 -999.250 -999.250 -999.250 -999.250 -999.250 -999.250 -999.250 -999.250 -999.250 -999.250 -999.250 -999.250 -999.250 -999.250 -999.250
103.525 141.020 152.410 128.225 99.359 57.900 23.273 7.241 0.000 0.000 1.899 2.616 3.362 0.000 0.000 0.000 0.000 0.000 0.000 0.000 0.000 0.000 0.000 0.000 0.000 0.000 0.000 0.000 0.000 0.000 0.000 0.000 0.000 0.000 13.983 31.358 53.805 76.762 105.426 128.440 161.244 172.254 182.921 208.839 266.133 289.292 355.613 374.009 337.801 -999.250 -999.250 -999.250 -999.250 -999.250 -999.250 -999.250 -999.250 -999.250 -999.250 -999.250 -999.250 -999.250 -999.250 -999.250 -999.250 -999.250 -999.250 -999.250
9.865 60.853 82.815 79.518 62.892 24.101 12.241 1.203 0.000 1.168 9.210 17.334 11.430 1.543 0.354 2.855 3.359 7.090 6.731 4.193 1.882 0.000 0.000 0.000 0.000 0.000 0.000 0.000 0.000 0.000 0.000 0.000 0.000 0.000 18.765 43.296 71.220 91.894 122.384 154.698 180.233 203.621 252.263 281.178 343.966 351.939 419.069 424.500 365.580 -999.250 -999.250 -999.250 -999.250 -999.250 -999.250 -999.250 -999.250 -999.250 -999.250 -999.250 -999.250 -999.250 -999.250 -999.250 -999.250 -999.250 -999.250 -999.250
1.310 18.087 32.575 35.127 24.948 12.785 4.391 0.000 0.000 1.792 9.384 13.445 12.630 12.058 13.664 12.618 15.278 14.474 14.265 13.680 11.476 6.497 0.000 0.000 0.000 0.000 0.000 0.000 0.000 0.000 0.000 0.000 4.163 13.815 31.987 55.547 87.250 114.377 138.874 173.900 226.954 229.144 286.131 329.660 332.604 413.476 397.409 409.343 376.911 -999.250 -999.250 -999.250 -999.250 -999.250 -999.250 -999.250 -999.250 -999.250 -999.250 -999.250 -999.250 -999.250 -999.250 -999.250 -999.250 -999.250 -999.250 -999.250
0.000 0.693 9.794 12.578 10.336 2.399 0.000 0.000 0.000 5.419 12.511 13.763 18.913 19.984 25.988 26.726 31.381 36.731 34.530 31.648 21.669 14.278 8.716 1.453 0.000 0.000 0.000 0.000 0.000 0.000 0.000 6.331 16.314 32.363 54.516 77.305 110.268 147.664 156.507 186.257 238.595 282.852 321.003 385.120 364.198 409.732 403.555 407.455 -999.250 -999.250 -999.250 -999.250 -999.250 -999.250 -999.250 -999.250 -999.250 -999.250 -999.250 -999.250 -999.250 -999.250 -999.250 -999.250 -999.250 -999.250 -999.250 -999.250
