data/medianmodel_26-Aug-2020.asc
ncols	141
nrows	288
xllcorner	-120191.398
yllcorner	-301404.813
cellsize	2000.000
NODATA_value	-999.250
[rows 31 to 61 of 288, columns 0 to 68 of 141]
-999.250 -999.250 -999.250 -999.250 -999.250 -999.250 -999.250 -999.250 -999.250 -999.250 -999.250 -999.250 -999.250 -999.250 -999.250 -999.250 -999.250 -999.250 -999.250 -999.250 -999.250 -999.250 -999.250 -999.250 -999.250 -999.250 -999.250 -999.250 -999.250 -999.250 -999.250 -999.250 13.063 8.918 5.893 4.777 4.851 4.776 5.991 8.203 12.674 15.352 19.735 26.799 31.491 34.844 38.504 37.417 36.402 32.317 31.428 30.712 29.291 31.251 37.211 24.844 16.223 9.954 5.586 1.176 0.000 0.000 0.000 0.000 0.000 0.000 0.000 0.000 0.000
-999.250 -999.250 -999.250 -999.250 -999.250 -999.250 -999.250 -999.250 -999.250 -999.250 -999.250 -999.250 -999.250 -999.250 -999.250 -999.250 -999.250 -999.250 -999.250 -999.250 -999.250 -999.250 -999.250 -999.250 -999.250 -999.250 -999.250 -999.250 -999.250 -999.250 -999.250 -999.250 16.713 13.180 10.500 7.333 6.342 7.352 8.516 10.676 12.997 14.874 16.073 22.072 23.928 28.310 30.790 30.752 30.668 28.130 26.861 25.647 26.726 27.730 28.094 23.178 17.212 12.899 7.294 4.819 0.450 0.000 0.000 0.000 0.000 0.000 0.000 0.000 0.000
-999.250 -999.250 -999.250 -999.250 -999.250 -999.250 -999.250 -999.250 -999.250 -999.250 -999.250 -999.250 -999.250 -999.250 -999.250 -999.250 -999.250 -999.250 -999.250 -999.250 -999.250 -999.250 -999.250 -999.250 -999.250 -999.250 -999.250 -999.250 -999.250 -999.250 -999.250 -999.250 24.612 23.408 16.863 14.395 13.409 11.011 12.665 14.005 18.935 15.695 15.701 17.430 18.825 21.647 22.081 25.501 30.108 24.094 21.688 20.533 21.122 22.471 20.096 20.142 16.310 13.391 10.040 7.407 5.347 1.742 0.000 0.000 0.078 0.000 0.000 0.000 0.000
-999.250 -999.250 -999.250 -999.250 -999.250 -999.250 -999.250 -999.250 -999.250 -999.250 -999.250 -999.250 -999.250 -999.250 -999.250 -999.250 -999.250 -999.250 -999.250 -999.250 -999.250 -999.250 -999.250 -999.250 -999.250 -999.250 -999.250 -999.250 -999.250 -999.250 -999.250 -999.250 33.139 29.230 25.049 22.353 20.325 18.123 17.510 17.164 16.475 15.617 15.615 15.500 15.768 15.697 16.330 17.820 18.032 17.960 16.522 16.707 16.379 16.874 17.245 16.508 15.406 13.914 12.294 9.995 7.286 4.995 3.103 3.602 6.399 0.355 0.000 0.000 0.000
-999.250 -999.250 -999.250 -999.250 -999.250 -999.250 -999.250 -999.250 -999.250 -999.250 -999.250 -999.250 -999.250 -999.250 -999.250 -999.250 -999.250 -999.250 -999.250 -999.250 -999.250 -999.250 -999.250 -999.250 -999.250 -999.250 -999.250 -999.250 -999.250 -999.250 -999.250 -999.250 42.070 39.763 36.299 34.209 29.904 28.459 26.150 22.449 19.229 17.708 16.425 13.271 12.216 12.241 12.511 12.780 13.386 13.081 14.730 14.515 14.216 15.069 15.113 15.255 16.370 15.446 14.527 12.855 10.478 8.376 6.182 5.055 4.618 1.923 0.000 0.000 0.000
-999.250 -999.250 -999.250 -999.250 -999.250 -999.250 -999.250 -999.250 -999.250 -999.250 -999.250 -999.250 -999.250 -999.250 -999.250 -999.250 -999.250 -999.250 -999.250 -999.250 -999.250 -999.250 -999.250 -999.250 -999.250 -999.250 -999.250 -999.250 -999.250 -999.250 -999.250 -999.250 54.597 53.379 50.200 45.757 42.020 40.511 35.796 29.744 26.980 21.808 17.670 15.342 11.642 10.691 8.575 8.580 8.085 10.421 11.809 12.884 12.456 12.966 13.836 15.355 15.687 16.455 16.510 15.727 14.439 12.590 11.127 8.629 5.931 4.302 0.000 0.000 0.000
-999.250 -999.250 -999.250 -999.250 -999.250 -999.250 -999.250 -999.250 -999.250 -999.250 -999.250 -999.250 -999.250 -999.250 -999.250 -999.250 -999.250 -999.250 -999.250 -999.250 -999.250 -999.250 -999.250 -999.250 -999.250 -999.250 -999.250 -999.250 -999.250 -999.250 -999.250 -999.250 -999.250 66.444 66.160 62.382 56.386 51.022 45.828 39.107 33.095 27.604 19.407 16.207 12.508 9.358 6.787 6.847 5.664 7.136 9.230 10.848 12.275 12.287 13.297 14.780 16.812 19.637 22.552 19.111 17.392 15.732 14.197 12.722 10.633 5.707 0.719 0.000 0.000
-999.250 -999.250 -999.250 -999.250 -999.250 -999.250 -999.250 -999.250 -999.250 -999.250 -999.250 -999.250 -999.250 -999.250 -999.250 -999.250 -999.250 -999.250 -999.250 -999.250 -999.250 -999.250 -999.250 -999.250 -999.250 -999.250 -999.250 -999.250 -999.250 -999.250 -999.250 -999.250 -999.250 85.050 84.153 76.223 71.875 67.770 59.782 47.700 40.777 34.115 26.765 18.082 14.101 10.170 6.497 4.576 4.458 5.979 7.799 10.763 13.269 13.553 12.752 12.671 15.851 20.243 31.211 22.689 19.063 18.108 17.654 16.881 12.880 8.209 3.136 0.000 0.000
-999.250 -999.250 -999.250 -999.250 -999.250 -999.250 -999.250 -999.250 -999.250 -999.250 -999.250 -999.250 -999.250 -999.250 -999.250 -999.250 -999.250 -999.250 -999.250 -999.250 -999.250 -999.250 -999.250 -999.250 -999.250 -999.250 -999.250 -999.250 -999.250 -999.250 -999.250 -999.250 92.733 94.822 92.116 90.502 89.137 78.554 69.118 59.167 46.498 38.517 30.433 23.984 15.839 10.172 5.973 3.925 3.446 4.302 6.826 11.046 19.040 13.116 11.355 11.838 12.904 16.563 19.547 19.504 18.740 19.973 25.091 25.873 18.148 11.696 4.152 0.000 0.000
-999.250 -999.250 -999.250 -999.250 -999.250 -999.250 -999.250 -999.250 -999.250 -999.250 -999.250 -999.250 -999.250 -999.250 -999.250 -999.250 -999.250 -999.250 -999.250 -999.250 -999.250 -999.250 -999.250 -999.250 -999.250 -999.250 -999.250 -999.250 -999.250 -999.250 -999.250 -999.250 100.337 113.200 113.163 105.441 96.099 92.050 78.757 66.560 55.133 43.747 35.153 27.166 19.600 12.968 7.232 3.284 0.670 2.829 5.387 9.444 12.480 10.520 9.242 8.333 9.265 11.292 13.933 15.609 17.015 20.323 26.678 36.765 22.608 12.208 5.103 0.000 0.000
-999.250 -999.250 -999.250 -999.250 -999.250 -999.250 -999.250 -999.250 -999.250 -999.250 -999.250 -999.250 -999.250 -999.250 -999.250 -999.250 -999.250 -999.250 -999.250 -999.250 -999.250 -999.250 -999.250 -999.250 -999.250 -999.250 -999.250 -999.250 -999.250 -999.250 -999.250 -999.250 -999.250 129.814 138.570 125.227 117.845 98.002 90.488 77.243 63.330 48.116 39.976 32.463 29.618 15.800 7.877 3.781 1.350 3.593 5.769 8.705 11.714 9.715 6.603 6.433 6.596 7.148 7.854 10.433 14.016 17.005 22.304 24.239 17.740 10.960 4.332 0.000 0.000
-999.250 -999.250 -999.250 -999.250 -999.250 -999.250 -999.250 -999.250 -999.250 -999.250 -999.250 -999.250 -999.250 -999.250 -999.250 -999.250 -999.250 -999.250 -999.250 -999.250 -999.250 -999.250 -999.250 -999.250 -999.250 -999.250 -999.250 -999.250 -999.250 -999.250 -999.250 -999.250 -999.250 130.520 137.254 137.332 124.874 110.405 91.789 76.890 65.863 53.812 42.600 34.721 26.423 16.607 9.086 4.606 3.779 5.650 8.138 11.284 16.738 9.597 6.736 5.091 3.859 4.437 5.370 8.181 10.441 13.000 16.253 16.488 13.424 7.872 1.782 0.000 0.000
-999.250 -999.250 -999.250 -999.250 -999.250 -999.250 -999.250 -999.250 -999.250 -999.250 -999.250 -999.250 -999.250 -999.250 -999.250 -999.250 -999.250 -999.250 -999.250 -999.250 -999.250 -999.250 -999.250 -999.250 -999.250 -999.250 -999.250 -999.250 -999.250 -999.250 -999.250 -999.250 -999.250 136.594 139.927 142.835 138.763 116.453 95.024 85.222 66.463 59.377 46.908 37.231 28.352 17.786 11.758 8.816 7.303 10.190 13.085 14.098 14.298 10.840 6.925 4.851 3.872 5.317 3.354 5.110 7.057 10.116 12.087 11.044 8.572 5.533 1.849 0.000 0.000
-999.250 -999.250 -999.250 -999.250 -999.250 -999.250 -999.250 -999.250 -999.250 -999.250 -999.250 -999.250 -999.250 -999.250 -999.250 -999.250 -999.250 -999.250 -999.250 -999.250 -999.250 -999.250 -999.250 -999.250 -999.250 -999.250 -999.250 -999.250 -999.250 -999.250 -999.250 -999.250 -999.250 -999.250 146.980 157.699 138.297 119.590 95.523 87.075 69.785 55.965 50.906 42.455 32.201 20.959 14.015 11.621 13.015 16.278 18.617 19.734 18.195 15.194 11.240 6.881 4.148 1.662 1.967 3.427 4.309 6.385 7.585 7.836 6.790 4.006 1.740 0.000 0.000
-999.250 -999.250 -999.250 -999.250 -999.250 -999.250 -999.250 -999.250 -999.250 -999.250 -999.250 -999.250 -999.250 -999.250 -999.250 -999.250 -999.250 -999.250 -999.250 -999.250 -999.250 -999.250 -999.250 -999.250 -999.250 -999.250 -999.250 -999.250 -999.250 -999.250 -999.250 -999.250 -999.250 -999.250 132.441 135.891 122.384 105.369 91.350 74.024 64.133 54.871 51.074 54.662 34.485 22.436 16.747 16.024 20.153 26.397 31.070 29.317 25.649 22.159 16.840 12.106 6.511 3.712 0.357 0.464 1.630 5.026 5.274 5.912 4.977 3.797 3.119 0.571 1.271
-999.250 -999.250 -999.250 -999.250 -999.250 -999.250 -999.250 -999.250 -999.250 -999.250 -999.250 -999.250 -999.250 -999.250 -999.250 -999.250 -999.250 -999.250 -999.250 -999.250 -999.250 -999.250 -999.250 -999.250 -999.250 -999.250 -999.250 -999.250 -999.250 -999.250 -999.250 -999.250 -999.250 -999.250 118.702 112.347 100.576 89.840 79.832 66.487 55.574 46.366 42.472 38.336 29.459 21.638 17.814 20.715 26.631 34.886 47.596 37.635 31.070 29.230 26.124 17.628 11.681 5.690 2.916 2.178 2.917 3.585 5.206 5.790 5.200 3.306 2.966 4.438 5.793
-999.250 -999.250 -999.250 -999.250 -999.250 -999.250 -999.250 -999.250 -999.250 -999.250 -999.250 -999.250 -999.250 -999.250 -999.250 -999.250 -999.250 -999.250 -999.250 -999.250 -999.250 -999.250 -999.250 -999.250 -999.250 -999.250 -999.250 -999.250 -999.250 -999.250 -999.250 -999.250 -999.250 -999.250 99.712 92.640 86.852 75.846 63.218 50.569 41.078 35.642 31.208 27.466 23.010 17.659 17.990 23.221 29.036 36.203 40.209 38.810 35.788 35.815 38.499 24.933 15.306 9.390 5.919 4.464 4.174 4.912 6.206 4.926 3.824 4.705 4.723 6.028 8.195
-999.250 -999.250 -999.250 -999.250 -999.250 -999.250 -999.250 -999.250 -999.250 -999.250 -999.250 -999.250 -999.250 -999.250 -999.250 -999.250 -999.250 -999.250 -999.250 -999.250 -999.250 -999.250 -999.250 -999.250 -999.250 -999.250 -999.250 -999.250 -999.250 -999.250 -999.250 -999.250 -999.250 -999.250 -999.250 81.330 69.162 57.953 46.736 35.776 28.106 22.922 20.425 16.719 15.557 15.205 16.769 20.659 27.422 33.307 36.400 37.325 36.809 36.080 32.491 24.078 16.303 11.445 7.156 5.464 4.554 5.910 11.280 5.795 4.461 3.189 4.470 6.776 10.758
-999.250 -999.250 -999.250 -999.250 -999.250 -999.250 -999.250 -999.250 -999.250 -999.250 -999.250 -999.250 -999.250 -999.250 -999.250 -999.250 -999.250 -999.250 -999.250 -999.250 -999.250 -999.250 -999.250 -999.250 -999.250 -999.250 -999.250 -999.250 -999.250 -999.250 -999.250 -999.250 -999.250 -999.250 -999.250 65.791 56.135 44.455 33.232 21.474 15.907 13.126 11.107 10.744 10.599 11.604 15.318 18.394 25.669 29.777 33.620 35.818 35.941 33.536 29.894 24.506 16.655 12.283 8.610 5.778 4.889 5.454 5.305 3.711 1.206 2.653 5.171 6.973 11.398
-999.250 -999.250 -999.250 -999.250 -999.250 -999.250 -999.250 -999.250 -999.250 -999.250 -999.250 -999.250 -999.250 -999.250 -999.250 -999.250 -999.250 -999.250 -999.250 -999.250 -999.250 -999.250 -999.250 -999.250 -999.250 -999.250 -999.250 -999.250 -999.250 -999.250 -999.250 -999.250 -999.250 -999.250 -999.250 54.177 43.003 35.119 24.815 12.952 7.533 6.584 6.602 6.716 7.377 8.575 12.517 16.735 23.424 27.058 31.142 34.559 35.420 32.152 29.801 26.073 17.551 13.507 9.480 6.718 5.108 4.203 1.860 2.194 1.821 3.717 4.840 7.705 11.762
-999.250 -999.250 -999.250 -999.250 -999.250 -999.250 -999.250 -999.250 -999.250 -999.250 -999.250 -999.250 -999.250 -999.250 -999.250 -999.250 -999.250 -999.250 -999.250 -999.250 -999.250 -999.250 -999.250 -999.250 -999.250 -999.250 -999.250 -999.250 -999.250 -999.250 -999.250 -999.250 -999.250 -999.250 -999.250 45.965 37.275 30.941 27.373 13.377 6.646 4.491 8.210 5.105 4.961 6.554 10.704 16.151 21.509 27.750 31.983 35.722 36.841 34.323 30.609 25.505 18.842 14.623 11.085 7.662 5.879 3.359 3.024 1.069 2.772 3.560 4.611 6.346 11.124
-999.250 -999.250 -999.250 -999.250 -999.250 -999.250 -999.250 -999.250 -999.250 -999.250 -999.250 -999.250 -999.250 -999.250 -999.250 -999.250 -999.250 -999.250 -999.250 -999.250 -999.250 -999.250 -999.250 -999.250 -999.250 -999.250 -999.250 -999.250 -999.250 -999.250 -999.250 -999.250 -999.250 -999.250 -999.250 37.874 31.795 27.382 22.255 15.726 9.952 5.877 4.923 4.386 4.382 6.060 10.620 14.479 22.081 31.371 33.488 37.603 40.978 37.772 31.503 26.060 18.757 14.551 12.158 10.636 6.859 3.666 1.392 1.701 1.843 2.905 4.562 6.301 7.268
-999.250 -999.250 -999.250 -999.250 -999.250 -999.250 -999.250 -999.250 -999.250 -999.250 -999.250 -999.250 -999.250 -999.250 -999.250 -999.250 -999.250 -999.250 -999.250 -999.250 -999.250 -999.250 -999.250 -999.250 -999.250 -999.250 -999.250 -999.250 -999.250 -999.250 -999.250 -999.250 -999.250 -999.250 -999.250 -999.250 29.575 25.478 23.674 21.754 14.636 9.096 6.683 5.773 5.270 5.980 9.402 14.740 20.331 27.027 33.090 40.517 51.597 39.945 32.383 25.753 17.877 15.080 13.065 15.535 6.582 2.833 0.962 2.153 2.625 4.596 6.229 5.529 4.836
-999.250 -999.250 -999.250 -999.250 -999.250 -999.250 -999.250 -999.250 -999.250 -999.250 -999.250 -999.250 -999.250 -999.250 -999.250 -999.250 -999.250 -999.250 -999.250 -999.250 -999.250 -999.250 -999.250 -999.250 -999.250 -999.250 -999.250 -999.250 -999.250 -999.250 -999.250 -999.250 -999.250 -999.250 -999.250 -999.250 29.168 27.339 27.480 34.163 20.060 12.073 9.103 13.254 7.769 6.822 9.562 14.225 19.302 26.571 31.944 38.514 41.206 38.155 31.829 25.130 17.621 13.353 11.069 7.724 4.739 0.255 0.000 1.578 4.479 6.704 7.601 5.987 1.426
-999.250 -999.250 -999.250 -999.250 -999.250 -999.250 -999.250 -999.250 -999.250 -999.250 -999.250 -999.250 -999.250 -999.250 -999.250 -999.250 -999.250 -999.250 -999.250 -999.250 -999.250 -999.250 -999.250 -999.250 -999.250 -999.250 -999.250 -999.250 -999.250 -999.250 -999.250 -999.250 -999.250 -999.250 -999.250 -999.250 -999.250 24.651 24.828 24.759 18.422 13.376 8.706 7.417 6.763 7.576 11.152 15.537 20.830 27.366 32.145 37.007 38.400 36.595 30.585 24.486 16.222 10.410 6.773 4.899 0.610 0.003 0.000 0.590 3.811 7.420 16.002 5.614 0.000
-999.250 -999.250 -999.250 -999.250 -999.250 -999.250 -999.250 -999.250 -999.250 -999.250 -999.250 -999.250 -999.250 -999.250 -999.250 -999.250 -999.250 -999.250 -999.250 -999.250 -999.250 -999.250 -999.250 -999.250 -999.250 -999.250 -999.250 -999.250 -999.250 -999.250 -999.250 -999.250 -999.250 -999.250 -999.250 -999.250 -999.250 21.799 18.631 18.030 16.295 11.439 7.482 6.425 6.099 7.571 12.015 14.391 22.605 27.782 34.143 37.315 38.859 35.917 30.771 22.877 15.553 9.051 5.291 0.867 0.000 0.000 0.000 0.000 0.000 3.173 5.947 2.845 0.000
-999.250 -999.250 -999.250 -999.250 -999.250 -999.250 -999.250 -999.250 -999.250 -999.250 -999.250 -999.250 -999.250 -999.250 -999.250 -999.250 -999.250 -999.250 -999.250 -999.250 -999.250 -999.250 -999.250 -999.250 -999.250 -999.250 -999.250 -999.250 -999.250 -999.250 -999.250 -999.250 -999.250 -999.250 -999.250 -999.250 -999.250 16.248 15.270 14.105 17.639 8.740 6.645 5.460 5.727 8.036 12.895 16.864 23.729 30.052 36.147 39.156 41.072 37.034 32.351 25.325 15.294 9.246 3.280 0.000 0.000 0.000 0.000 0.000 0.000 0.000 0.000 0.000 0.000
-999.250 -999.250 -999.250 -999.250 -999.250 -999.250 -999.250 -999.250 -999.250 -999.250 -999.250 -999.250 -999.250 -999.250 -999.250 -999.250 -999.250 -999.250 -999.250 -999.250 -999.250 -999.250 -999.250 -999.250 -999.250 -999.250 -999.250 -999.250 -999.250 -999.250 -999.250 -999.250 -999.250 -999.250 -999.250 -999.250 -999.250 12.436 11.387 9.132 8.274 6.112 5.409 5.305 6.867 9.461 15.128 19.285 27.456 33.140 38.726 42.707 45.758 44.150 37.534 27.933 16.421 7.431 0.595 0.000 0.000 0.000 0.000 0.000 0.000 0.000 0.000 0.000 0.000
-999.250 -999.250 -999.250 -999.250 -999.250 -999.250 -999.250 -999.250 -999.250 -999.250 -999.250 -999.250 -999.250 -999.250 -999.250 -999.250 -999.250 -999.250 -999.250 -999.250 -999.250 -999.250 -999.250 -999.250 -999.250 -999.250 -999.250 -999.250 -999.250 -999.250 -999.250 -999.250 -999.250 -999.250 -999.250 -999.250 -999.250 -999.250 6.778 5.525 4.924 4.323 3.538 5.053 6.877 9.101 15.363 21.462 28.974 35.931 41.011 47.572 53.904 54.796 45.830 31.180 18.287 7.638 0.000 0.000 0.000 0.000 0.000 0.000 0.000 0.000 0.000 0.000 0.000
-999.250 -999.250 -999.250 -999.250 -999.250 -999.250 -999.250 -999.250 -999.250 -999.250 -999.250 -999.250 -999.250 -999.250 -999.250 -999.250 -999.250 -999.250 -999.250 -999.250 -999.250 -999.250 -999.250 -999.250 -999.250 -999.250 -999.250 -999.250 -999.250 -999.250 -999.250 -999.250 -999.250 -999.250 -999.250 -999.250 -999.250 -999.250 4.104 2.053 1.618 1.268 2.393 5.353 7.855 11.219 16.387 23.690 31.503 39.082 45.450 51.627 61.596 71.179 53.188 35.958 22.160 8.672 0.000 0.000 0.000 0.000 0.000 0.000 0.000 0.000 0.000 0.000 0.000
-999.250 -999.250 -999.250 -999.250 -999.250 -999.250 -999.250 -999.250 -999.250 -999.250 -999.250 -999.250 -999.250 -999.250 -999.250 -999.250 -999.250 -999.250 -999.250 -999.250 -999.250 -999.250 -999.250 -999.250 -999.250 -999.250 -999.250 -999.250 -999.250 -999.250 -999.250 -999.250 -999.250 -999.250 -999.250 -999.250 -999.250 -999.250 1.724 0.000 0.347 0.969 3.316 6.435 10.785 13.497 19.189 26.257 32.858 39.004 47.826 54.101 61.049 62.952 52.632 40.059 25.855 14.136 5.123 0.000 0.000 0.000 0.000 0.000 0.000 0.000 0.000 0.000 0.000
