data/medianmodel_10-Jan-2021.asc
ncols	141
nrows	288
xllcorner	-120191.398
yllcorner	-301404.813
cellsize	2000.000
NODATA_value	-999.250
[rows 145 to 173 of 288, columns 0 to 63 of 141]
-999.250 -999.250 -999.250 -999.250 -999.250 -999.250 -999.250 -999.250 -999.250 -999.250 -999.250 -999.250 -999.250 -999.250 -999.250 -999.250 -999.250 735.351 727.328 769.264 845.523 880.939 929.325 1000.180 1020.966 1009.851 995.099 964.665 922.692 933.246 900.117 885.761 859.981 851.124 846.448 848.264 850.428 907.769 955.325 1006.374 1073.051 1122.665 1098.284 965.167 915.782 868.693 826.218 761.613 728.867 697.716 674.688 686.774 671.228 622.416 605.600 548.530 488.796 469.345 370.556 380.238 504.141 736.274 931.967 1140.627
-999.250 -999.250 -999.250 -999.250 -999.250 -999.250 -999.250 -999.250 -999.250 -999.250 -999.250 -999.250 -999.250 -999.250 -999.250 765.978 754.651 767.122 784.128 820.756 859.688 894.142 922.176 967.066 993.869 1026.985 992.754 955.867 925.120 904.382 900.870 886.414 834.686 819.228 826.767 791.496 805.885 850.160 912.538 964.068 1085.276 1196.576 1131.824 1006.617 917.843 887.954 799.877 737.314 677.043 635.641 665.253 681.130 667.514 663.091 625.636 578.497 545.818 580.700 489.791 502.516 577.220 714.620 882.787 979.163
-999.250 -999.250 -999.250 -999.250 -999.250 -999.250 -999.250 -999.250 -999.250 -999.250 -999.250 -999.250 -999.250 -999.250 802.602 799.525 801.258 798.146 809.611 822.938 872.969 928.563 948.755 964.235 1014.042 1024.017 994.500 968.133 928.616 902.370 912.073 872.689 820.471 809.651 796.022 763.771 757.036 795.644 852.767 918.138 975.540 1072.137 1034.763 957.622 917.929 880.584 767.156 672.816 660.217 625.396 649.168 661.519 710.658 719.603 681.465 601.749 560.848 561.827 545.320 568.317 624.548 743.558 854.497 955.788
-999.250 -999.250 -999.250 -999.250 -999.250 -999.250 -999.250 -999.250 -999.250 -999.250 -999.250 -999.250 -999.250 -999.250 847.931 821.740 807.516 821.538 827.536 847.301 862.094 886.015 959.479 975.861 1015.338 1007.151 998.852 993.344 941.394 926.519 907.431 876.088 818.328 785.201 800.900 780.773 749.071 702.631 797.427 882.288 943.191 958.371 956.591 933.747 894.160 872.066 735.237 643.345 598.723 600.823 598.336 637.013 660.597 670.460 631.261 631.651 587.448 570.064 554.886 567.871 637.935 736.919 833.050 902.428
-999.250 -999.250 -999.250 -999.250 -999.250 -999.250 -999.250 -999.250 -999.250 -999.250 -999.250 -999.250 -999.250 847.187 867.999 854.542 823.394 841.268 837.841 864.999 875.744 879.110 936.697 976.679 988.897 978.576 993.986 1010.474 964.014 940.636 903.296 858.480 849.033 809.547 794.421 761.069 744.654 741.589 793.484 867.000 898.535 873.838 880.123 844.289 813.529 756.090 650.643 577.796 571.897 571.144 578.294 595.591 638.423 638.657 612.951 607.927 609.833 575.651 568.824 598.242 627.596 720.139 806.219 892.112
-999.250 -999.250 -999.250 -999.250 -999.250 -999.250 -999.250 -999.250 -999.250 -999.250 -999.250 -999.250 848.933 851.957 872.257 871.414 848.513 834.359 822.160 830.852 840.656 898.780 928.424 950.673 1016.945 1061.354 1032.837 1006.490 1010.582 968.310 929.420 885.110 853.692 837.086 784.932 793.708 776.495 762.471 809.721 838.369 826.792 825.881 821.150 768.390 712.409 626.369 604.190 588.205 574.476 558.794 574.600 579.594 583.350 590.403 600.996 579.156 574.406 542.284 558.258 595.053 620.070 695.012 783.523 843.011
-999.250 -999.250 -999.250 -999.250 -999.250 -999.250 -999.250 -999.250 -999.250 -999.250 -999.250 886.350 859.249 877.979 874.016 847.457 842.844 824.745 829.158 811.064 826.954 877.358 896.841 967.897 1005.594 1087.043 1120.683 1113.958 1037.517 1019.104 958.363 910.686 857.708 853.331 833.356 821.303 803.599 765.741 770.763 804.958 796.128 788.037 744.982 721.490 613.735 543.173 543.772 550.176 512.991 552.165 560.738 595.083 555.227 548.009 537.038 538.433 549.448 555.975 555.418 575.585 617.741 671.749 741.131 821.992
-999.250 -999.250 -999.250 -999.250 -999.250 -999.250 -999.250 -999.250 -999.250 -999.250 853.507 894.012 864.959 884.454 866.338 856.285 835.997 810.761 811.510 807.561 817.611 880.089 924.306 1001.045 1056.294 1125.086 1123.666 1123.120 1068.691 1051.351 980.899 932.484 895.149 863.686 851.418 806.946 793.159 781.547 784.136 794.667 781.015 735.729 716.932 642.203 592.888 537.696 530.007 533.913 526.904 528.996 511.965 540.830 545.421 545.764 521.780 514.315 506.263 513.263 505.887 552.321 576.518 613.412 735.689 807.113
-999.250 -999.250 -999.250 -999.250 -999.250 -999.250 -999.250 -999.250 -999.250 878.202 856.362 868.627 873.468 871.440 865.851 877.637 830.819 783.433 763.047 749.345 796.592 864.303 939.145 1031.399 1147.679 1168.983 1182.664 1148.337 1116.913 1067.603 1045.428 941.490 896.116 866.587 871.967 850.750 800.370 785.479 790.541 775.238 748.610 718.815 682.685 651.136 574.082 549.176 544.720 545.952 530.631 514.278 512.058 518.669 509.926 524.309 476.459 482.968 487.528 473.538 483.868 504.839 562.458 594.358 706.806 767.106
-999.250 -999.250 -999.250 -999.250 -999.250 933.032 992.415 914.300 893.506 880.528 877.754 851.782 854.014 836.402 815.404 814.721 798.835 762.626 720.956 733.964 785.583 843.115 938.903 1053.831 1140.675 1208.771 1234.425 1186.554 1144.402 1042.373 1061.009 976.642 917.193 907.261 890.483 875.455 844.670 795.863 810.578 805.797 753.324 742.242 694.553 648.447 598.279 569.103 587.148 544.928 521.224 519.565 507.959 508.970 506.351 492.560 489.462 469.278 488.400 467.520 476.321 473.221 521.881 610.065 696.617 754.366
-999.250 -999.250 -999.250 -999.250 -999.250 -999.250 -999.250 896.756 871.991 868.289 827.911 821.075 802.362 798.796 788.289 769.574 746.060 731.342 725.532 729.884 748.194 824.873 906.360 999.641 1165.606 1290.544 1225.246 1168.736 1150.174 1115.122 1030.809 966.668 935.946 910.619 896.500 890.568 860.286 847.892 811.154 813.149 759.920 731.676 714.370 655.349 646.290 586.026 585.509 564.735 523.227 520.419 513.844 512.739 499.025 465.575 469.602 456.137 456.778 466.707 464.474 479.996 537.326 590.069 677.494 763.145
-999.250 -999.250 -999.250 -999.250 -999.250 -999.250 -999.250 836.788 832.641 802.047 770.820 739.846 734.104 738.402 718.586 698.386 733.689 654.768 680.302 716.816 757.303 805.731 890.692 977.501 1097.317 1160.914 1155.533 1104.327 1100.489 1044.617 1003.762 969.429 966.382 924.679 905.294 917.649 887.907 861.610 846.312 801.906 798.859 772.710 722.474 699.467 667.752 597.875 577.192 562.601 550.366 536.096 498.160 488.997 482.004 443.154 449.358 452.857 451.047 446.910 480.224 497.043 544.093 611.857 678.390 762.330
-999.250 -999.250 -999.250 -999.250 -999.250 -999.250 -999.250 768.725 735.201 713.879 693.607 655.144 645.051 642.644 630.707 643.729 620.970 591.398 607.955 634.432 704.455 775.601 857.112 911.559 946.221 1018.039 1004.194 1014.875 995.008 1003.011 988.900 919.521 939.192 911.592 905.540 889.437 891.173 879.402 861.026 850.611 836.804 794.132 759.018 726.284 694.586 623.508 599.123 581.403 540.755 516.934 520.182 508.388 494.085 473.899 453.485 435.290 446.984 447.656 493.984 542.212 583.695 643.761 674.593 766.925
-999.250 -999.250 -999.250 -999.250 -999.250 -999.250 -999.250 736.289 653.735 616.302 591.675 582.365 565.927 553.082 557.935 568.284 543.731 566.680 560.342 575.308 676.309 738.677 806.303 866.016 908.988 923.694 919.091 920.752 932.838 926.845 947.874 902.087 895.965 888.323 901.854 909.922 917.406 869.886 883.345 868.512 862.983 868.035 819.126 783.797 724.103 685.700 662.437 631.362 588.780 547.009 548.206 504.911 496.767 471.662 463.039 469.714 414.721 460.892 491.881 511.642 539.357 596.433 679.839 745.314
-999.250 -999.250 -999.250 -999.250 -999.250 -999.250 -999.250 -999.250 587.064 548.278 537.813 528.768 527.393 508.956 538.504 530.489 518.581 519.871 539.782 554.360 602.264 693.033 740.044 800.826 821.906 852.414 878.237 881.958 874.759 878.813 899.935 867.427 848.545 884.360 884.478 900.125 911.453 909.262 903.033 909.340 885.558 904.332 864.297 816.540 745.488 727.687 721.440 699.445 685.533 596.945 576.427 545.553 492.288 494.913 468.989 467.065 467.104 480.537 504.616 541.776 563.807 607.374 661.942 732.189
-999.250 -999.250 -999.250 -999.250 -999.250 -999.250 -999.250 -999.250 568.391 475.730 509.147 512.329 535.474 510.697 521.830 525.561 523.945 496.236 519.084 528.438 563.190 625.920 705.518 763.295 797.153 832.140 858.585 851.659 829.841 819.190 847.996 828.038 829.395 861.005 871.746 887.403 908.507 903.577 910.931 928.015 913.984 949.143 879.869 826.201 792.106 744.592 696.933 699.111 692.595 635.845 608.654 560.454 523.218 530.910 506.935 495.495 488.024 484.463 507.280 537.616 578.775 603.609 627.503 704.558
-999.250 -999.250 -999.250 -999.250 -999.250 -999.250 -999.250 583.787 542.549 508.986 487.945 497.116 497.699 509.107 526.814 509.595 508.598 499.565 506.696 503.192 540.389 574.476 629.221 672.214 734.671 772.840 787.944 798.315 776.584 747.298 769.395 770.408 785.858 834.932 851.742 880.035 950.872 920.747 911.324 922.456 907.294 897.242 865.744 821.947 808.784 792.613 772.792 743.786 720.718 665.223 674.389 614.390 567.879 578.180 541.763 528.182 536.401 507.025 554.633 572.177 593.554 591.841 672.281 735.717
-999.250 -999.250 -999.250 -999.250 -999.250 -999.250 -999.250 585.102 577.215 524.646 535.741 517.755 549.320 532.093 524.842 518.718 506.436 514.478 518.802 501.777 519.272 536.052 566.988 624.509 627.340 719.886 699.237 662.698 707.907 688.281 676.442 722.119 733.065 766.405 802.353 852.681 882.980 889.579 897.643 898.381 887.389 870.905 862.114 797.139 805.637 820.080 772.877 748.355 714.298 691.237 675.664 659.571 677.499 648.407 617.460 581.435 608.141 572.708 569.959 579.285 583.837 628.003 672.407 744.567
-999.250 -999.250 -999.250 -999.250 -999.250 -999.250 -999.250 663.091 642.927 571.185 588.361 551.285 569.309 581.426 555.711 546.144 516.235 555.740 528.545 520.486 509.655 539.789 574.491 599.135 618.029 630.512 645.315 638.980 597.324 581.870 597.304 609.629 646.931 715.553 746.470 776.635 820.417 852.463 873.769 844.253 863.555 873.932 841.938 815.625 813.030 799.691 787.774 785.925 738.574 727.180 676.592 702.954 748.963 728.234 702.699 651.989 676.045 673.253 651.816 639.985 655.609 698.616 699.605 745.772
-999.250 -999.250 -999.250 -999.250 -999.250 -999.250 -999.250 712.102 697.274 650.605 637.793 648.067 615.475 641.250 631.546 572.098 556.437 549.828 546.413 519.968 511.315 533.392 535.125 579.387 579.520 609.177 603.074 606.004 560.482 538.292 523.537 516.124 556.034 595.060 670.222 734.944 753.024 779.677 815.198 825.841 810.446 810.893 803.699 793.154 794.117 782.362 763.138 776.313 761.253 753.862 750.562 755.391 764.895 783.384 773.975 736.730 715.678 722.683 699.910 711.875 714.735 728.643 747.666 754.829
-999.250 -999.250 -999.250 -999.250 -999.250 -999.250 751.404 756.398 751.104 741.590 733.446 733.974 695.874 629.855 633.590 612.670 625.066 602.345 552.202 543.220 526.371 524.093 543.060 558.673 562.430 557.652 541.165 558.916 520.369 492.997 481.437 452.963 489.720 550.957 599.664 659.565 705.325 741.409 763.887 776.187 774.593 751.146 778.033 776.435 801.101 775.998 772.144 733.026 784.781 774.903 778.176 781.084 787.347 800.427 807.398 826.764 810.316 794.643 772.969 786.592 754.101 768.558 801.911 747.402
-999.250 -999.250 -999.250 -999.250 -999.250 -999.250 819.080 790.892 783.423 793.431 797.832 795.828 762.788 715.427 696.824 681.861 644.512 621.153 563.266 576.692 545.060 549.315 578.950 589.890 547.354 538.628 540.666 524.736 508.732 498.523 477.888 455.456 498.875 519.013 595.632 637.054 661.839 687.436 710.602 748.220 738.698 727.978 732.043 723.717 776.581 783.036 753.928 767.953 796.537 802.459 811.706 834.805 829.644 824.036 856.152 874.909 868.729 869.842 866.234 873.210 820.322 835.593 850.696 842.615
-999.250 -999.250 -999.250 -999.250 -999.250 847.996 833.940 836.540 830.492 849.946 884.795 877.283 831.840 792.488 768.079 730.364 718.406 631.191 611.504 613.706 605.017 581.377 576.075 576.669 564.039 554.820 545.144 532.664 518.987 512.562 473.844 485.349 498.106 515.329 561.982 571.888 600.450 632.118 621.736 687.080 700.784 686.727 689.661 711.275 716.657 757.382 752.171 778.680 796.727 814.020 809.305 857.221 865.189 875.025 915.627 899.039 918.550 916.875 873.090 929.517 908.005 866.430 856.008 828.761
-999.250 -999.250 -999.250 -999.250 -999.250 849.650 835.883 850.401 866.170 905.334 928.910 967.783 898.991 872.447 796.596 795.320 748.343 709.370 681.959 672.138 617.663 593.670 564.576 574.648 590.524 557.342 547.100 529.234 519.257 503.658 491.467 499.346 502.593 496.672 526.040 540.616 575.917 585.146 615.807 628.582 666.742 668.962 651.461 667.373 696.194 750.157 758.100 794.644 815.530 866.722 867.532 896.481 891.090 936.007 984.356 1021.117 1018.262 993.657 974.095 1023.170 955.416 911.404 872.163 848.160
-999.250 -999.250 -999.250 -999.250 853.466 839.487 868.922 863.186 896.681 941.528 941.812 942.948 912.235 874.706 849.277 807.618 766.723 768.075 760.936 723.092 662.898 619.270 579.880 581.448 591.399 580.359 552.051 548.929 553.706 515.813 515.196 489.670 491.565 526.392 512.478 530.567 566.576 564.854 568.175 601.130 570.712 583.426 607.962 620.111 641.286 725.648 772.842 770.124 807.572 868.866 892.666 939.571 1015.454 1129.419 1111.791 1089.049 1104.686 1125.408 1094.456 1124.660 992.535 957.299 931.058 898.627
-999.250 -999.250 -999.250 -999.250 901.653 871.656 870.778 901.762 927.011 949.846 920.976 937.984 921.988 894.548 875.065 872.542 839.082 829.624 795.630 752.484 710.505 656.118 626.532 601.403 581.110 575.110 552.740 547.252 555.852 544.783 517.930 520.546 501.277 514.557 527.644 526.539 538.706 561.807 546.786 550.866 548.157 563.877 574.738 565.121 624.542 693.712 717.657 770.836 831.623 909.878 926.883 943.577 1077.295 1166.914 1176.812 1231.987 1225.537 1189.807 1179.922 1158.656 1134.394 1051.995 987.756 918.260
-999.250 -999.250 -999.250 -999.250 903.491 924.821 887.409 912.830 907.184 939.077 935.163 934.505 940.453 943.884 929.586 901.690 885.040 853.206 826.152 796.407 759.216 706.474 663.985 634.940 617.698 601.219 607.072 593.539 569.226 557.107 518.959 517.069 552.386 540.850 552.284 538.688 558.784 541.378 522.658 505.320 538.184 522.788 531.237 555.477 579.607 642.934 723.972 780.337 868.299 901.642 964.547 988.598 1096.870 1192.806 1255.546 1282.274 1321.183 1280.557 1267.084 1242.824 1182.117 1125.336 1073.054 994.868
-999.250 -999.250 -999.250 -999.250 937.105 921.603 920.337 912.985 940.691 944.792 952.787 952.766 927.189 931.131 956.699 948.192 936.840 903.296 878.468 818.166 782.563 742.396 718.236 647.161 628.997 648.098 633.547 599.408 588.390 595.604 564.317 589.260 579.132 576.941 560.585 601.080 558.882 531.523 503.844 497.651 487.631 469.234 497.406 503.022 574.007 622.370 685.235 784.140 828.583 879.087 970.525 1077.343 1194.475 1225.922 1319.681 1391.828 1373.911 1414.577 1396.853 1363.241 1272.204 1220.076 1125.255 1094.148
-999.250 -999.250 -999.250 -999.250 914.230 938.991 915.487 933.100 921.672 952.831 965.686 941.357 927.061 961.852 939.264 963.255 1004.601 945.043 918.395 879.452 842.881 809.829 739.401 709.685 704.367 659.205 666.672 621.888 647.248 667.947 611.883 593.946 580.099 578.707 590.262 568.771 540.424 517.591 483.509 448.371 473.322 431.292 473.322 479.869 538.363 585.097 685.205 785.766 857.980 926.909 1055.847 1133.149 1243.535 1332.534 1412.732 1463.059 1506.671 1502.853 1530.349 1455.498 1418.567 1333.058 1305.474 1204.459
