data/medianmodel_26-Nov-2020.asc
ncols	141
nrows	288
xllcorner	-120191.398
yllcorner	-301404.813
cellsize	2000.000
NODATA_value	-999.250
[rows 116 to 144 of 288, columns 0 to 63 of 141]
-999.250 -999.250 -999.250 -999.250 -999.250 -999.250 -999.250 -999.250 -999.250 -999.250 -999.250 -999.250 -999.250 -999.250 -999.250 -999.250 -999.250 -999.250 -999.250 -999.250 -999.250 -999.250 -999.250 -999.250 -999.250 -999.250 -999.250 663.620 684.680 695.433 728.707 742.496 671.060 666.553 660.350 615.888 551.766 512.256 541.392 515.798 515.028 512.205 522.080 523.158 552.772 580.905 559.183 600.404 680.050 663.060 728.027 777.844 716.309 613.644 515.425 409.772 284.342 180.355 165.597 179.004 213.888 247.962 308.826 361.122
-999.250 -999.250 -999.250 -999.250 -999.250 -999.250 -999.250 -999.250 -999.250 -999.250 -999.250 -999.250 -999.250 -999.250 -999.250 -999.250 -999.250 -999.250 -999.250 -999.250 -999.250 -999.250 -999.250 -999.250 -999.250 -999.250 -999.250 596.369 677.305 729.170 655.709 716.370 716.317 658.763 643.174 586.428 559.642 548.063 561.205 556.943 537.615 520.461 514.332 538.339 559.763 557.191 571.218 607.013 575.013 518.807 596.415 606.873 582.216 510.853 442.543 322.959 199.102 76.511 126.932 156.421 193.855 245.147 293.239 360.502
-999.250 -999.250 -999.250 -999.250 -999.250 -999.250 -999.250 -999.250 -999.250 -999.250 -999.250 -999.250 -999.250 -999.250 -999.250 -999.250 -999.250 -999.250 -999.250 -999.250 -999.250 -999.250 -999.250 -999.250 -999.250 -999.250 604.932 592.547 685.301 723.846 651.888 658.198 669.903 671.622 620.936 657.879 621.355 605.835 595.952 571.647 570.736 531.437 540.189 555.169 556.118 577.541 553.819 590.299 531.260 498.118 513.460 506.966 478.737 458.660 366.143 273.502 169.033 105.019 110.878 142.870 160.759 236.774 293.483 347.097
-999.250 -999.250 -999.250 -999.250 -999.250 -999.250 -999.250 -999.250 -999.250 -999.250 -999.250 -999.250 -999.250 -999.250 -999.250 -999.250 -999.250 -999.250 -999.250 -999.250 -999.250 -999.250 -999.250 -999.250 -999.250 -999.250 536.117 548.934 579.536 636.427 639.327 720.515 703.895 655.554 640.322 660.365 598.293 607.838 598.055 576.627 557.963 554.256 590.278 575.084 553.305 563.323 554.220 527.446 522.321 500.188 470.271 474.551 431.328 374.562 325.720 233.186 159.647 110.771 123.397 139.476 167.311 222.024 265.704 338.484
-999.250 -999.250 -999.250 -999.250 -999.250 -999.250 -999.250 -999.250 -999.250 -999.250 -999.250 -999.250 -999.250 -999.250 -999.250 -999.250 -999.250 -999.250 -999.250 -999.250 -999.250 -999.250 -999.250 -999.250 -999.250 -999.250 536.667 614.783 556.311 562.105 602.672 624.426 648.870 633.424 640.794 642.940 615.328 601.454 559.177 598.882 577.206 560.694 590.245 579.824 543.745 540.328 530.995 511.298 492.024 475.518 457.318 442.352 391.347 333.104 288.344 223.093 152.334 117.197 89.877 126.378 163.582 214.804 274.274 333.202
-999.250 -999.250 -999.250 -999.250 -999.250 -999.250 -999.250 -999.250 -999.250 -999.250 -999.250 -999.250 -999.250 -999.250 -999.250 -999.250 -999.250 -999.250 -999.250 -999.250 -999.250 -999.250 -999.250 -999.250 -999.250 531.879 552.399 530.020 544.649 540.728 582.866 642.039 592.136 633.650 620.372 620.317 624.427 573.988 560.213 567.275 568.273 546.014 591.565 568.395 580.809 545.209 526.168 508.728 470.289 460.876 428.989 397.159 352.180 331.289 248.954 189.563 146.010 95.738 58.651 138.900 157.142 221.348 238.719 296.844
-999.250 -999.250 -999.250 -999.250 -999.250 -999.250 -999.250 -999.250 -999.250 -999.250 -999.250 -999.250 -999.250 -999.250 -999.250 -999.250 -999.250 -999.250 -999.250 -999.250 -999.250 -999.250 -999.250 -999.250 -999.250 504.163 541.312 525.804 575.060 516.495 538.209 604.630 599.549 628.958 628.740 607.749 609.721 583.603 593.469 587.564 570.698 584.167 557.409 571.702 595.928 535.249 525.357 490.074 472.569 446.589 397.393 359.105 344.309 287.838 239.540 192.481 159.335 141.008 105.812 140.087 164.033 194.866 248.971 286.514
-999.250 -999.250 -999.250 -999.250 -999.250 -999.250 -999.250 -999.250 -999.250 -999.250 -999.250 -999.250 -999.250 -999.250 -999.250 -999.250 -999.250 -999.250 -999.250 -999.250 -999.250 -999.250 -999.250 -999.250 -999.250 519.205 526.511 509.709 520.062 536.042 546.601 577.564 581.358 619.457 621.498 613.754 627.288 585.070 581.023 573.099 568.678 577.845 567.681 598.263 562.555 520.644 523.057 496.294 463.647 421.771 366.140 350.823 308.497 272.719 232.077 209.723 172.619 154.267 154.701 153.703 183.417 216.526 248.963 276.470
-999.250 -999.250 -999.250 -999.250 -999.250 -999.250 -999.250 -999.250 -999.250 -999.250 -999.250 -999.250 -999.250 -999.250 -999.250 -999.250 -999.250 -999.250 -999.250 -999.250 -999.250 -999.250 -999.250 -999.250 481.276 503.561 498.874 529.992 568.069 536.204 537.195 566.532 636.212 588.553 576.855 576.479 618.067 619.752 533.386 549.669 557.129 535.785 551.641 553.230 508.764 505.002 487.308 457.513 418.609 382.896 341.782 337.348 315.485 258.238 243.548 191.870 174.866 166.517 159.528 170.110 187.341 211.153 245.272 268.912
-999.250 -999.250 -999.250 -999.250 -999.250 -999.250 -999.250 -999.250 -999.250 -999.250 -999.250 -999.250 -999.250 -999.250 -999.250 -999.250 -999.250 -999.250 -999.250 -999.250 -999.250 -999.250 -999.250 -999.250 480.815 496.216 493.811 530.651 519.325 524.111 591.586 579.613 560.699 524.898 509.522 561.481 586.615 551.826 557.052 525.585 537.218 501.035 498.917 493.925 479.716 465.454 438.414 398.233 358.087 345.191 313.407 319.596 288.606 255.922 215.517 204.382 186.428 180.188 168.731 160.449 175.945 208.219 208.705 245.884
-999.250 -999.250 -999.250 -999.250 -999.250 -999.250 -999.250 -999.250 -999.250 -999.250 -999.250 -999.250 -999.250 -999.250 -999.250 -999.250 -999.250 -999.250 -999.250 -999.250 -999.250 -999.250 -999.250 461.539 467.593 452.106 484.700 484.829 501.880 510.867 522.744 512.472 526.898 528.500 511.275 522.336 520.178 536.999 519.669 543.986 510.658 503.129 474.355 481.022 468.341 398.382 366.662 353.670 306.531 292.821 305.250 309.900 279.696 247.206 223.703 205.347 200.464 179.770 169.677 173.381 172.771 184.088 197.737 234.572
-999.250 -999.250 -999.250 -999.250 -999.250 -999.250 -999.250 -999.250 -999.250 -999.250 -999.250 -999.250 -999.250 -999.250 -999.250 -999.250 -999.250 -999.250 -999.250 -999.250 -999.250 -999.250 -999.250 452.213 456.587 477.457 481.654 485.488 492.417 499.080 495.003 492.918 489.812 489.468 500.945 511.378 521.419 524.228 521.944 518.352 514.336 488.765 482.867 450.455 430.945 382.355 345.046 293.422 247.521 251.481 266.245 281.995 272.136 259.268 236.176 207.869 211.755 190.076 174.627 180.704 173.165 170.837 177.130 201.668
-999.250 -999.250 -999.250 -999.250 -999.250 -999.250 -999.250 -999.250 -999.250 -999.250 -999.250 -999.250 -999.250 -999.250 -999.250 -999.250 -999.250 -999.250 -999.250 -999.250 -999.250 -999.250 -999.250 434.819 434.671 454.617 462.129 465.969 469.642 450.257 467.733 498.750 475.352 467.405 489.072 487.847 494.239 509.020 498.392 496.785 476.665 471.616 470.110 453.555 419.677 372.419 336.346 255.418 151.584 204.150 241.578 255.977 272.124 263.630 240.961 224.369 199.585 177.422 171.882 180.860 166.581 161.467 130.342 185.481
-999.250 -999.250 -999.250 -999.250 -999.250 -999.250 -999.250 -999.250 -999.250 -999.250 -999.250 -999.250 -999.250 -999.250 -999.250 -999.250 -999.250 -999.250 -999.250 -999.250 -999.250 -999.250 423.142 397.685 385.852 401.612 414.441 438.286 436.228 418.417 439.451 453.167 442.308 463.587 471.971 474.143 477.622 505.897 488.089 487.575 457.794 476.640 452.065 446.212 405.140 371.802 314.343 255.281 200.705 195.785 231.095 233.188 255.990 262.122 250.273 222.450 208.279 178.812 165.644 163.051 166.558 156.698 167.071 196.100
-999.250 -999.250 -999.250 -999.250 -999.250 -999.250 -999.250 -999.250 -999.250 -999.250 -999.250 -999.250 -999.250 -999.250 -999.250 -999.250 -999.250 -999.250 -999.250 -999.250 -999.250 -999.250 397.952 373.380 360.734 376.834 417.839 425.725 425.903 422.133 418.262 437.371 442.040 463.862 466.159 466.624 495.183 476.997 481.463 466.520 464.857 460.041 443.726 443.062 394.098 358.006 283.873 252.367 240.710 219.966 230.219 231.119 244.534 245.249 239.796 204.910 209.912 179.482 163.541 154.706 154.990 170.085 178.667 209.394
-999.250 -999.250 -999.250 -999.250 -999.250 -999.250 -999.250 -999.250 -999.250 -999.250 -999.250 -999.250 -999.250 -999.250 -999.250 -999.250 -999.250 -999.250 -999.250 -999.250 -999.250 380.233 383.190 369.457 316.817 348.099 380.121 400.225 405.528 390.375 368.014 422.906 457.000 472.579 470.927 475.626 481.579 468.954 500.183 463.134 470.469 467.726 452.987 406.877 386.451 377.373 305.542 290.964 259.567 252.174 234.156 242.893 243.447 232.359 222.236 203.358 184.907 173.671 156.254 161.974 149.197 172.348 168.018 217.724
-999.250 -999.250 -999.250 -999.250 -999.250 -999.250 -999.250 -999.250 -999.250 -999.250 -999.250 -999.250 -999.250 -999.250 -999.250 -999.250 -999.250 -999.250 -999.250 -999.250 -999.250 362.709 381.513 361.501 366.304 366.383 371.674 375.287 379.806 376.146 370.364 381.847 442.692 461.650 467.229 478.225 472.135 482.085 488.899 472.452 466.679 474.285 461.517 455.522 402.259 369.203 330.585 285.000 268.692 262.223 253.029 232.136 225.380 226.313 206.158 189.431 168.200 165.327 150.003 148.290 151.681 168.971 177.392 211.792
-999.250 -999.250 -999.250 -999.250 -999.250 -999.250 -999.250 -999.250 -999.250 -999.250 -999.250 -999.250 -999.250 -999.250 -999.250 -999.250 -999.250 -999.250 -999.250 -999.250 -999.250 380.720 374.307 364.614 366.751 371.086 385.053 380.373 380.725 370.325 370.239 386.885 419.634 428.289 460.238 475.757 485.933 473.638 464.160 476.525 459.705 478.256 462.492 444.046 408.432 382.180 366.696 314.062 294.699 283.308 281.334 259.926 225.188 212.274 203.016 177.580 156.112 152.515 148.658 122.487 147.451 158.506 172.461 196.337
-999.250 -999.250 -999.250 -999.250 -999.250 -999.250 -999.250 -999.250 -999.250 -999.250 -999.250 -999.250 -999.250 -999.250 -999.250 -999.250 -999.250 -999.250 -999.250 -999.250 397.797 396.339 387.006 390.220 366.719 376.664 374.423 377.804 360.543 346.164 339.798 354.626 361.482 384.849 433.862 471.432 457.688 478.035 467.983 474.840 468.140 474.026 457.189 425.319 410.851 371.168 366.639 344.292 293.719 290.738 291.432 255.854 213.595 220.731 204.742 206.875 164.858 148.072 129.162 123.126 122.109 154.681 167.216 205.978
-999.250 -999.250 -999.250 -999.250 -999.250 -999.250 -999.250 -999.250 -999.250 -999.250 -999.250 -999.250 -999.250 -999.250 -999.250 -999.250 -999.250 -999.250 -999.250 -999.250 434.419 423.371 400.602 374.804 363.864 358.452 372.688 348.802 323.355 317.110 317.562 314.954 331.530 356.658 386.358 446.713 450.847 459.765 467.659 481.645 487.821 470.434 453.574 439.712 392.049 403.477 381.014 353.778 342.936 308.292 309.111 282.612 274.280 224.969 214.243 191.436 162.933 134.855 96.483 90.475 109.064 135.233 177.530 202.135
-999.250 -999.250 -999.250 -999.250 -999.250 -999.250 -999.250 -999.250 -999.250 -999.250 -999.250 -999.250 -999.250 -999.250 -999.250 -999.250 -999.250 -999.250 -999.250 -999.250 406.917 420.414 382.881 373.725 367.305 380.908 352.555 316.631 307.200 281.382 273.430 302.105 327.022 354.803 399.135 462.058 484.019 472.606 495.116 489.940 485.967 488.771 464.756 458.072 419.208 406.648 383.023 358.249 343.812 318.019 316.854 290.144 277.416 257.180 232.843 206.355 175.874 145.606 89.430 59.979 81.549 135.309 166.178 210.890
-999.250 -999.250 -999.250 -999.250 -999.250 -999.250 -999.250 -999.250 -999.250 -999.250 -999.250 -999.250 -999.250 -999.250 -999.250 -999.250 -999.250 -999.250 -999.250 -999.250 417.540 436.483 396.485 412.112 394.277 366.292 350.665 309.526 277.635 264.401 219.257 288.333 308.488 350.653 389.469 440.250 442.031 487.461 506.940 500.455 497.230 491.274 456.243 446.177 413.851 380.303 380.399 361.134 348.379 317.934 324.302 304.294 302.672 273.982 250.148 216.663 205.256 163.567 104.011 30.093 90.309 162.539 179.795 211.705
-999.250 -999.250 -999.250 -999.250 -999.250 -999.250 -999.250 -999.250 -999.250 -999.250 -999.250 -999.250 -999.250 -999.250 -999.250 -999.250 -999.250 -999.250 -999.250 458.167 459.401 440.877 423.665 387.905 365.491 365.910 352.492 319.244 313.934 257.473 254.211 284.414 324.047 369.755 404.168 458.249 469.111 475.779 496.092 507.324 504.099 496.507 484.998 469.671 419.992 397.301 377.090 371.039 354.500 336.413 320.050 328.160 321.898 307.152 280.982 273.252 253.776 232.865 169.730 159.551 169.710 187.756 216.638 231.700
-999.250 -999.250 -999.250 -999.250 -999.250 -999.250 -999.250 -999.250 -999.250 -999.250 -999.250 -999.250 -999.250 -999.250 -999.250 -999.250 -999.250 -999.250 -999.250 474.432 449.257 463.083 437.784 407.158 378.890 367.132 361.058 326.568 305.937 265.857 278.738 305.356 346.911 389.890 442.561 467.333 483.179 508.595 504.313 523.847 525.477 501.162 466.152 450.250 419.103 394.788 381.142 349.771 368.179 343.445 344.922 350.337 353.457 346.769 338.155 300.894 306.156 300.984 285.492 266.796 266.516 264.369 253.284 266.596
-999.250 -999.250 -999.250 -999.250 -999.250 -999.250 -999.250 -999.250 -999.250 -999.250 -999.250 -999.250 -999.250 -999.250 -999.250 -999.250 -999.250 -999.250 -999.250 456.764 437.699 456.585 456.867 400.809 383.493 360.606 368.115 339.877 324.157 296.863 279.270 320.445 377.092 409.651 447.249 471.302 509.047 510.867 499.957 508.442 524.422 486.605 469.827 455.446 425.067 385.432 379.108 361.123 329.141 319.219 339.842 340.436 354.509 367.164 365.908 359.050 373.394 371.814 406.084 378.127 380.197 355.886 332.105 301.448
-999.250 -999.250 -999.250 -999.250 -999.250 -999.250 -999.250 -999.250 -999.250 -999.250 -999.250 -999.250 -999.250 -999.250 -999.250 -999.250 -999.250 -999.250 -999.250 459.431 445.204 458.123 448.608 425.122 389.583 383.464 378.602 364.038 353.395 359.300 355.497 372.076 397.895 436.563 475.394 478.410 539.065 541.436 541.936 542.372 531.803 486.864 457.023 421.907 394.019 397.356 372.584 330.991 299.336 334.815 357.406 365.631 380.516 373.621 393.211 388.707 413.142 458.699 511.935 499.516 462.187 430.595 378.939 330.741
-999.250 -999.250 -999.250 -999.250 -999.250 -999.250 -999.250 -999.250 -999.250 -999.250 -999.250 -999.250 -999.250 -999.250 -999.250 -999.250 -999.250 -999.250 -999.250 456.739 451.577 439.779 443.307 396.859 399.250 382.907 383.509 411.106 401.998 415.474 392.726 445.426 491.157 481.642 509.821 541.385 534.156 551.100 558.423 555.413 509.736 479.391 448.892 412.372 362.010 375.841 379.263 356.376 344.661 343.159 355.712 378.442 379.764 378.298 398.161 440.155 465.310 510.893 571.302 585.707 584.165 525.338 460.665 393.205
-999.250 -999.250 -999.250 -999.250 -999.250 -999.250 -999.250 -999.250 -999.250 -999.250 -999.250 -999.250 -999.250 -999.250 -999.250 -999.250 -999.250 -999.250 402.775 442.684 430.537 446.027 417.900 369.713 397.806 403.888 427.442 417.310 435.361 437.334 457.222 498.967 500.447 553.751 564.736 608.673 616.529 619.198 575.694 565.475 513.343 480.215 437.313 379.531 362.495 356.442 338.362 354.408 345.852 336.331 349.640 373.859 389.121 405.667 410.980 446.120 489.687 527.398 624.519 711.539 718.986 647.477 592.568 500.950
-999.250 -999.250 -999.250 -999.250 -999.250 -999.250 -999.250 -999.250 -999.250 -999.250 -999.250 -999.250 -999.250 -999.250 -999.250 -999.250 -999.250 369.828 420.041 426.662 447.558 418.112 417.503 422.480 426.423 441.085 448.457 439.581 453.362 465.883 486.620 539.195 609.330 598.230 618.914 663.765 734.471 660.437 632.618 592.578 517.757 470.598 394.132 378.197 368.235 342.151 361.189 340.118 361.971 363.159 364.682 378.545 396.354 405.556 435.300 455.433 478.746 542.816 631.151 801.925 765.609 735.786 676.625 676.119
