data/medianmodel_20-Dec-2020.asc
ncols	141
nrows	288
xllcorner	-120191.398
yllcorner	-301404.813
cellsize	2000.000
NODATA_value	-999.250
[rows 145 to 173 of 288, columns 0 to 63 of 141]
-999.250 -999.250 -999.250 -999.250 -999.250 -999.250 -999.250 -999.250 -999.250 -999.250 -999.250 -999.250 -999.250 -999.250 -999.250 -999.250 -999.250 192.168 188.358 193.353 193.746 209.125 227.436 247.286 310.072 354.518 405.149 459.291 476.431 508.216 544.162 537.510 496.446 450.562 396.563 364.140 345.414 325.260 307.835 329.884 334.975 335.354 297.751 277.252 230.063 221.593 211.234 204.855 197.553 184.941 191.595 186.662 190.866 200.486 213.400 218.672 223.873 239.729 261.905 282.036 302.387 340.160 396.179 469.535
-999.250 -999.250 -999.250 -999.250 -999.250 -999.250 -999.250 -999.250 -999.250 -999.250 -999.250 -999.250 -999.250 -999.250 -999.250 217.286 213.925 203.562 201.555 214.447 221.965 216.320 258.004 289.918 324.887 358.361 399.197 453.438 487.953 511.798 537.184 502.478 456.110 401.755 366.940 347.529 326.054 307.377 298.624 309.784 324.994 352.103 316.755 262.418 229.549 208.953 204.608 202.149 202.112 193.177 199.699 205.853 199.332 215.396 219.348 242.123 252.014 284.657 286.942 303.742 356.484 409.130 488.073 588.957
-999.250 -999.250 -999.250 -999.250 -999.250 -999.250 -999.250 -999.250 -999.250 -999.250 -999.250 -999.250 -999.250 -999.250 229.828 234.181 225.220 230.770 218.550 248.385 245.732 252.432 278.122 314.209 348.611 380.324 424.450 466.137 492.614 512.581 503.122 502.445 438.036 386.302 353.391 308.061 277.463 242.663 251.935 289.150 301.439 303.184 274.379 235.203 212.375 200.478 203.216 213.253 204.474 198.778 197.615 218.596 221.527 248.139 231.964 257.456 273.868 286.903 327.180 360.884 399.664 484.476 566.482 673.042
-999.250 -999.250 -999.250 -999.250 -999.250 -999.250 -999.250 -999.250 -999.250 -999.250 -999.250 -999.250 -999.250 -999.250 253.792 248.112 257.395 259.297 264.988 282.115 297.863 322.699 332.545 344.795 355.422 372.377 412.728 452.816 472.267 506.882 485.157 462.088 414.386 372.429 342.224 297.063 242.803 226.403 226.787 241.815 258.594 253.321 236.017 208.422 190.177 180.907 200.819 227.851 219.150 203.745 207.267 218.641 225.059 233.454 252.221 248.300 271.051 304.499 341.805 372.861 442.057 539.498 621.328 722.782
-999.250 -999.250 -999.250 -999.250 -999.250 -999.250 -999.250 -999.250 -999.250 -999.250 -999.250 -999.250 -999.250 265.720 280.399 283.959 306.008 306.916 311.139 328.659 354.625 344.514 354.531 356.821 369.251 401.060 430.493 444.180 456.599 464.752 460.866 424.249 382.037 344.401 330.023 271.128 227.384 217.720 218.939 213.349 222.822 218.568 207.736 203.623 186.738 185.332 195.344 208.303 201.792 207.312 211.749 208.121 221.725 228.045 237.208 254.933 284.549 340.759 358.565 383.906 456.927 532.996 614.802 747.871
-999.250 -999.250 -999.250 -999.250 -999.250 -999.250 -999.250 -999.250 -999.250 -999.250 -999.250 -999.250 300.986 277.285 286.381 292.731 312.299 322.107 338.140 349.221 366.088 372.788 368.577 378.713 387.734 428.457 445.331 432.297 470.961 452.536 437.265 434.005 376.699 343.366 327.413 270.044 233.866 225.198 213.521 210.372 209.174 205.481 204.185 198.461 186.864 184.209 195.025 208.755 198.761 215.005 223.242 212.306 229.268 220.696 220.672 236.339 256.181 329.142 361.764 395.777 475.153 543.173 617.665 734.113
-999.250 -999.250 -999.250 -999.250 -999.250 -999.250 -999.250 -999.250 -999.250 -999.250 -999.250 321.132 305.821 320.174 321.465 319.409 337.522 342.205 356.725 364.865 369.340 377.761 399.153 407.339 414.162 449.651 456.936 446.204 449.346 449.290 434.544 434.617 386.565 355.554 322.710 291.145 242.181 227.620 217.790 220.504 214.474 204.884 197.303 189.760 194.745 206.031 203.066 197.688 202.621 204.268 216.647 215.991 228.632 222.471 226.771 237.935 270.866 319.603 356.274 387.904 468.864 538.889 594.810 742.296
-999.250 -999.250 -999.250 -999.250 -999.250 -999.250 -999.250 -999.250 -999.250 -999.250 339.370 309.233 314.509 308.063 330.066 336.490 336.321 338.190 365.989 382.651 385.818 390.284 391.593 401.204 420.467 463.911 474.237 462.931 461.236 461.067 441.409 426.839 379.887 355.962 342.081 304.530 266.040 231.968 231.464 220.379 207.190 201.377 190.476 196.719 192.920 204.488 205.581 218.924 214.258 208.532 216.054 204.191 220.904 227.628 219.730 244.908 276.808 326.038 353.467 396.984 454.718 536.204 594.641 693.805
-999.250 -999.250 -999.250 -999.250 -999.250 -999.250 -999.250 -999.250 -999.250 350.813 347.652 327.125 320.349 306.388 336.084 329.114 329.569 345.990 361.488 400.678 394.488 394.859 399.707 416.556 452.840 490.065 487.504 481.018 463.807 455.915 461.483 430.330 412.791 364.987 339.622 322.623 292.500 249.645 221.288 220.378 197.070 205.558 199.392 198.197 205.302 215.436 214.566 218.775 213.370 216.384 213.883 206.784 210.620 229.098 223.260 240.552 250.889 303.901 341.572 364.669 426.390 487.926 563.600 645.308
-999.250 -999.250 -999.250 -999.250 -999.250 407.200 422.626 392.826 378.710 354.865 351.015 341.819 318.117 317.696 317.439 312.981 326.853 333.225 352.343 368.981 387.262 398.707 407.405 431.700 479.611 509.307 498.742 497.744 469.312 464.033 457.253 421.677 384.592 378.107 352.679 332.443 301.750 267.756 230.830 224.809 207.118 194.822 203.731 198.959 206.191 224.296 260.955 225.850 224.447 210.578 203.917 206.535 213.919 206.754 229.783 233.351 266.510 268.402 328.246 346.935 380.299 431.983 520.837 580.816
-999.250 -999.250 -999.250 -999.250 -999.250 -999.250 -999.250 391.779 386.392 355.956 358.298 336.003 330.831 301.837 306.338 298.525 294.652 312.324 325.898 345.669 371.119 396.603 413.305 434.100 469.024 520.143 514.755 490.945 447.664 467.059 468.691 417.687 366.605 368.562 361.386 336.410 310.504 279.107 245.922 220.304 202.219 196.364 181.376 190.495 201.367 218.826 224.069 215.434 210.470 216.236 203.480 207.358 210.155 216.786 214.693 221.791 219.349 239.828 270.021 313.055 347.647 393.181 464.870 542.553
-999.250 -999.250 -999.250 -999.250 -999.250 -999.250 -999.250 403.969 393.684 379.902 364.339 347.043 324.434 283.393 268.118 263.544 262.743 286.651 290.875 316.968 343.769 357.273 394.875 423.129 458.070 480.556 488.529 465.291 454.555 467.463 421.707 408.965 384.905 384.056 367.017 350.533 328.142 290.567 267.752 220.729 200.264 193.418 189.609 184.422 192.573 199.160 208.034 198.842 202.617 200.709 200.792 198.791 204.758 200.158 206.968 213.905 216.444 234.390 236.919 274.816 293.828 337.483 385.472 459.201
-999.250 -999.250 -999.250 -999.250 -999.250 -999.250 -999.250 409.547 411.106 387.053 375.520 348.427 319.612 286.945 278.052 256.694 232.631 236.523 247.162 268.023 310.653 346.162 366.567 399.713 441.402 440.999 436.784 462.610 458.818 429.730 419.998 412.901 397.792 384.174 370.900 372.098 360.365 322.068 263.895 227.924 205.730 186.457 175.403 169.467 180.556 186.553 184.779 195.464 197.741 201.290 214.872 203.526 217.428 216.522 211.310 201.931 199.517 212.007 216.449 243.663 267.296 294.363 341.629 369.618
-999.250 -999.250 -999.250 -999.250 -999.250 -999.250 -999.250 419.151 403.662 398.220 387.973 365.899 342.433 297.000 259.970 242.554 220.491 223.682 222.230 240.590 266.915 304.529 352.202 376.500 395.946 390.815 417.536 447.242 420.038 413.096 401.301 408.064 410.792 404.942 383.108 392.109 374.240 336.969 296.959 236.632 196.583 170.439 159.481 153.871 161.188 175.777 182.915 194.318 203.866 204.805 213.032 216.883 219.395 224.567 215.549 200.854 200.756 206.591 210.921 212.054 233.016 236.403 259.895 324.437
-999.250 -999.250 -999.250 -999.250 -999.250 -999.250 -999.250 -999.250 449.957 421.836 418.943 372.284 334.409 312.779 261.130 231.119 204.391 198.417 208.745 212.929 242.015 275.963 314.054 341.113 362.761 383.600 403.176 395.654 394.893 376.498 391.468 383.713 395.605 404.890 387.347 401.354 386.951 361.581 314.178 218.075 188.746 152.564 136.863 130.883 163.028 176.919 185.111 196.851 208.062 229.205 217.867 225.510 226.780 227.962 219.023 215.243 201.065 198.289 198.792 189.865 197.783 207.744 218.043 232.861
-999.250 -999.250 -999.250 -999.250 -999.250 -999.250 -999.250 -999.250 440.911 467.995 421.744 388.100 345.848 319.478 239.728 222.965 202.052 197.857 189.379 191.978 214.482 237.656 290.363 334.776 356.140 372.648 402.858 384.914 371.784 365.046 379.777 369.208 382.520 392.183 400.858 427.064 433.546 388.959 314.758 223.521 174.177 127.497 109.914 127.919 161.689 176.819 183.998 196.009 207.948 225.020 228.233 222.474 238.303 240.244 239.580 221.010 216.603 200.551 200.661 199.461 192.434 193.506 201.899 198.784
-999.250 -999.250 -999.250 -999.250 -999.250 -999.250 -999.250 420.027 447.983 442.426 397.826 389.574 352.957 309.000 248.117 219.888 211.023 201.773 193.086 191.367 202.989 228.678 271.438 326.720 355.668 369.354 367.696 366.184 359.630 352.881 361.302 350.338 362.506 376.736 388.294 452.013 506.783 393.918 322.355 220.509 182.433 130.155 108.577 128.994 160.384 180.933 192.809 193.005 226.791 243.450 251.904 268.497 251.940 292.488 259.915 237.897 233.695 226.439 207.457 199.170 194.004 190.785 205.970 187.981
-999.250 -999.250 -999.250 -999.250 -999.250 -999.250 -999.250 408.773 428.598 399.302 393.618 384.144 350.400 318.729 269.173 239.841 228.567 213.182 204.401 199.915 197.470 228.732 298.932 330.102 345.109 363.900 357.308 368.034 343.640 330.577 340.829 343.281 350.453 360.341 371.434 393.382 413.679 362.232 271.038 209.095 185.726 145.292 133.282 135.152 165.852 184.660 186.760 208.310 248.617 261.649 252.086 289.692 286.593 304.491 310.176 275.412 237.087 220.192 220.805 199.680 196.016 203.837 197.222 195.045
-999.250 -999.250 -999.250 -999.250 -999.250 -999.250 -999.250 411.899 417.425 401.740 378.939 367.926 355.272 337.814 306.809 275.449 241.008 245.789 225.915 224.120 245.918 269.108 323.358 350.027 357.669 360.128 362.461 355.941 334.933 331.821 313.155 274.553 318.736 325.631 336.644 346.644 330.238 315.414 243.946 199.020 182.073 159.856 152.362 139.601 164.323 185.286 198.951 222.577 244.993 290.875 267.466 299.369 328.482 320.299 331.510 307.309 261.668 256.188 216.363 231.772 231.175 217.161 220.906 218.695
-999.250 -999.250 -999.250 -999.250 -999.250 -999.250 -999.250 400.457 396.978 386.103 369.581 352.537 356.163 337.953 330.263 308.975 278.331 286.252 288.779 284.192 320.031 351.327 365.053 378.701 395.681 392.529 397.058 372.378 347.801 311.741 256.215 245.298 239.408 257.388 273.344 283.593 288.279 245.533 217.919 193.295 180.867 171.783 159.747 166.907 169.121 187.414 201.348 232.771 288.526 321.007 330.925 344.855 359.950 352.116 354.292 353.285 335.089 318.683 281.937 272.858 263.089 273.324 255.492 251.454
-999.250 -999.250 -999.250 -999.250 -999.250 -999.250 388.774 377.918 384.100 366.948 372.653 368.710 342.912 348.470 341.301 320.482 327.600 340.416 344.133 357.405 356.019 391.584 421.302 445.883 446.840 436.508 402.773 372.033 357.749 311.319 244.015 205.511 215.345 231.127 236.822 242.770 241.332 225.038 206.461 199.269 189.073 174.521 174.075 188.011 189.676 206.721 207.674 252.494 302.510 339.391 356.740 345.194 358.860 387.832 384.870 400.125 383.537 367.599 364.961 335.789 333.200 316.295 315.399 307.363
-999.250 -999.250 -999.250 -999.250 -999.250 -999.250 364.824 358.274 356.778 365.189 374.041 355.995 346.386 356.146 354.823 351.805 337.340 353.348 367.845 378.026 426.832 451.379 483.207 503.088 497.357 471.902 457.225 414.180 359.318 298.583 244.131 210.340 212.354 213.065 215.602 226.943 220.742 215.586 208.604 195.438 192.700 179.810 186.597 193.221 203.601 209.205 249.471 275.661 319.082 357.201 378.658 395.553 403.078 416.559 444.919 461.572 434.417 407.392 405.305 417.280 390.237 370.318 354.156 351.887
-999.250 -999.250 -999.250 -999.250 -999.250 355.841 354.569 357.785 362.422 368.758 350.719 352.471 353.928 349.418 355.955 358.746 348.931 359.051 398.099 435.654 493.471 534.552 538.085 549.174 552.779 536.258 492.791 479.838 393.367 340.070 253.459 222.651 204.816 216.231 223.217 226.877 227.051 207.844 201.003 199.578 191.623 184.214 186.945 201.560 217.306 216.486 263.065 301.672 343.726 363.858 399.556 429.198 435.046 487.984 494.313 509.431 532.269 517.994 522.822 466.424 471.504 425.625 398.832 373.782
-999.250 -999.250 -999.250 -999.250 -999.250 359.691 366.894 355.029 366.614 367.207 351.700 359.098 351.605 348.140 347.937 343.287 354.581 379.298 419.643 487.091 520.891 570.753 589.174 605.588 592.228 557.588 510.370 475.483 402.681 356.893 309.237 238.917 226.468 202.774 220.833 233.459 224.271 214.857 212.486 204.463 201.722 187.129 202.289 207.652 228.357 235.355 282.560 327.020 367.566 400.634 442.476 483.407 514.023 526.278 517.070 563.493 583.521 582.004 602.392 563.679 527.515 490.815 492.803 438.797
-999.250 -999.250 -999.250 -999.250 354.876 348.610 352.977 353.798 354.310 351.892 345.210 334.122 328.913 336.626 331.737 325.509 361.744 391.889 438.957 492.235 567.362 600.909 663.276 624.098 619.831 568.357 535.853 467.360 411.637 362.844 314.205 281.107 248.885 227.496 247.147 243.015 239.961 227.963 206.296 211.636 202.738 191.029 197.184 195.119 231.007 239.236 311.017 351.632 391.089 430.101 495.257 533.896 566.308 586.397 612.632 634.089 676.104 663.816 636.090 625.033 602.778 590.022 547.491 496.823
-999.250 -999.250 -999.250 -999.250 353.959 341.397 346.544 351.267 336.568 321.669 314.664 303.951 285.531 308.234 314.067 330.469 352.389 395.660 424.696 512.832 576.335 637.122 740.034 657.505 613.958 583.911 536.874 458.865 420.299 366.939 340.749 325.077 273.174 266.186 275.638 271.882 285.441 259.672 216.526 206.801 198.362 194.152 202.378 206.581 222.939 276.172 334.565 357.523 404.866 472.289 537.363 588.494 613.593 661.594 723.964 765.672 744.144 774.519 735.127 741.280 654.713 651.298 602.465 553.978
-999.250 -999.250 -999.250 -999.250 347.415 349.972 341.931 351.190 328.220 313.104 285.601 284.035 255.011 266.459 265.049 289.259 318.645 351.742 399.279 458.600 527.435 586.989 624.423 611.914 586.622 546.545 513.197 443.803 410.010 372.654 358.343 328.395 312.314 284.378 301.262 292.025 267.580 259.337 229.680 206.392 195.986 188.376 199.038 212.444 253.698 280.495 347.932 397.035 482.842 548.477 590.023 632.999 725.897 758.548 792.536 885.164 842.097 886.455 905.703 829.833 791.608 746.019 650.347 614.443
-999.250 -999.250 -999.250 -999.250 348.780 353.667 350.466 337.882 324.150 294.403 296.916 269.164 242.009 248.691 231.467 239.912 256.402 309.572 363.799 421.794 472.490 545.855 564.593 569.339 535.078 525.121 479.542 425.665 394.688 380.940 353.972 349.978 328.335 328.339 312.594 324.020 293.414 254.325 228.970 210.527 188.997 189.990 200.447 227.594 254.608 314.193 365.184 444.200 491.303 545.309 619.360 685.502 768.398 889.731 850.119 1003.565 1032.061 1012.173 1031.527 974.909 916.931 835.243 771.382 688.666
-999.250 -999.250 -999.250 -999.250 351.378 351.644 350.440 345.329 322.652 316.298 278.366 268.824 241.723 227.806 213.919 217.722 225.331 272.281 339.025 370.920 405.465 464.205 493.852 499.571 485.922 484.866 433.769 398.481 381.487 366.827 350.139 334.434 317.643 313.654 323.913 289.877 275.604 244.722 218.210 201.573 187.215 193.112 199.553 217.271 267.613 328.085 369.940 446.538 530.781 592.708 657.981 748.095 811.404 908.332 1032.447 1121.393 1145.601 1192.500 1191.718 1134.312 1058.223 964.939 906.196 781.001
