data/medianmodel_31-Dec-2020.asc
ncols	141
nrows	288
xllcorner	-120191.398
yllcorner	-301404.813
cellsize	2000.000
NODATA_value	-999.250
[rows 145 to 173 of 288, columns 0 to 64 of 141]
-999.250 -999.250 -999.250 -999.250 -999.250 -999.250 -999.250 -999.250 -999.250 -999.250 -999.250 -999.250 -999.250 -999.250 -999.250 -999.250 -999.250 339.373 337.658 339.628 345.136 349.638 384.473 413.435 457.289 505.375 540.546 592.647 626.060 615.703 596.203 595.160 593.010 581.526 528.359 510.010 503.316 542.046 579.449 643.392 716.026 711.236 663.002 592.706 522.910 467.505 421.203 386.714 354.406 339.639 316.432 303.277 282.525 275.407 261.766 227.357 196.387 178.281 187.014 242.752 394.702 604.248 802.833 977.933 1091.979
-999.250 -999.250 -999.250 -999.250 -999.250 -999.250 -999.250 -999.250 -999.250 -999.250 -999.250 -999.250 -999.250 -999.250 -999.250 409.709 378.259 370.188 366.819 359.418 373.154 388.130 409.953 435.201 467.250 506.453 542.299 579.610 605.949 586.375 594.486 578.186 552.389 547.946 505.734 471.251 483.506 508.277 560.053 633.174 697.648 804.397 688.805 599.434 524.910 447.998 407.830 385.163 362.544 344.731 333.108 332.717 321.648 321.880 289.262 248.593 234.751 264.731 258.854 313.100 429.808 563.443 737.760 847.690 988.054
-999.250 -999.250 -999.250 -999.250 -999.250 -999.250 -999.250 -999.250 -999.250 -999.250 -999.250 -999.250 -999.250 -999.250 431.128 436.856 421.934 407.478 401.324 400.407 425.676 436.437 437.850 466.424 505.164 536.480 539.386 580.593 605.438 583.538 586.587 570.417 557.072 535.117 494.293 458.376 440.512 465.085 521.184 579.358 661.277 674.462 637.687 535.045 467.103 428.103 399.692 386.336 365.733 351.694 337.457 337.216 346.173 372.208 321.922 297.856 275.095 286.313 298.969 342.114 423.827 552.227 693.984 774.326 853.941
-999.250 -999.250 -999.250 -999.250 -999.250 -999.250 -999.250 -999.250 -999.250 -999.250 -999.250 -999.250 -999.250 -999.250 467.019 467.965 442.877 430.935 430.393 443.861 447.486 465.733 457.726 498.363 541.047 551.553 554.678 618.690 631.755 606.074 581.162 580.147 544.278 519.750 467.296 427.968 401.557 390.351 461.552 519.692 587.796 584.286 559.196 487.981 427.089 394.285 387.853 388.688 363.082 344.159 336.557 340.436 357.547 350.277 318.044 298.545 282.196 293.802 310.995 345.262 418.745 511.177 588.357 678.536 775.686
-999.250 -999.250 -999.250 -999.250 -999.250 -999.250 -999.250 -999.250 -999.250 -999.250 -999.250 -999.250 -999.250 524.069 508.683 510.568 474.349 474.166 468.148 455.537 476.508 500.374 509.592 533.020 561.162 573.218 620.963 632.200 652.274 617.485 579.981 576.493 547.681 500.098 445.409 408.488 391.966 403.420 438.432 477.014 509.362 513.369 498.230 459.266 411.718 386.127 381.229 365.317 354.278 331.016 332.601 319.564 328.091 321.244 318.208 296.487 283.396 299.220 317.734 341.402 397.859 447.848 538.520 624.449 696.413
-999.250 -999.250 -999.250 -999.250 -999.250 -999.250 -999.250 -999.250 -999.250 -999.250 -999.250 -999.250 559.655 543.280 545.647 537.151 505.180 502.049 492.012 466.998 495.761 525.435 549.824 563.065 598.360 634.422 653.757 672.063 639.000 639.111 603.938 601.797 541.799 491.532 436.875 412.016 398.471 410.009 414.990 442.470 460.106 457.241 455.723 443.903 413.312 397.019 382.237 348.223 340.025 326.426 318.793 323.437 316.077 306.528 313.750 295.252 277.028 275.609 294.555 336.905 363.909 420.042 487.883 551.329 616.831
-999.250 -999.250 -999.250 -999.250 -999.250 -999.250 -999.250 -999.250 -999.250 -999.250 -999.250 562.804 562.077 560.813 578.630 553.465 545.234 520.433 502.937 503.153 522.847 557.363 567.149 589.283 659.629 685.436 691.192 681.787 663.254 647.172 644.003 599.703 574.636 488.262 442.533 422.215 415.356 401.020 412.663 411.009 427.619 426.185 422.844 410.713 398.785 412.062 350.558 329.754 317.047 308.484 315.073 302.248 315.648 318.879 303.452 281.354 282.302 261.460 278.684 306.376 345.653 366.631 428.733 502.722 521.695
-999.250 -999.250 -999.250 -999.250 -999.250 -999.250 -999.250 -999.250 -999.250 -999.250 548.021 537.840 559.169 581.009 602.228 590.284 560.712 540.858 510.759 512.906 521.452 540.667 583.327 636.192 705.061 747.548 755.866 716.874 701.127 675.538 648.524 594.643 562.539 493.590 451.544 436.544 418.692 403.581 403.605 410.788 414.873 410.372 391.366 391.370 371.875 347.651 316.849 290.318 287.381 284.227 295.467 290.453 301.159 301.109 307.218 282.609 253.480 253.546 263.703 280.704 312.937 344.610 375.595 407.139 465.006
-999.250 -999.250 -999.250 -999.250 -999.250 -999.250 -999.250 -999.250 -999.250 523.638 542.300 551.422 568.331 566.153 603.097 641.350 576.602 545.749 515.053 495.069 528.089 567.294 625.018 688.845 737.696 803.545 814.767 788.183 731.647 684.283 645.711 582.933 536.246 501.100 451.565 436.924 418.103 398.668 399.011 389.804 388.026 388.303 378.711 367.904 326.443 297.879 247.333 232.518 230.248 247.139 250.702 283.352 287.017 285.427 295.820 250.404 251.544 232.417 233.793 244.471 287.010 311.671 338.876 357.086 384.733
-999.250 -999.250 -999.250 -999.250 -999.250 537.995 528.282 506.103 503.122 506.252 501.797 514.936 528.460 535.988 562.778 563.663 559.744 533.601 503.441 485.299 518.115 578.127 639.407 730.927 800.266 843.260 823.108 802.242 727.579 686.828 610.747 593.488 542.700 506.051 472.398 436.038 419.214 400.592 385.663 375.016 370.033 374.984 359.368 331.061 303.635 247.968 195.716 195.880 208.122 222.460 225.507 238.917 244.892 258.654 261.659 245.328 225.825 216.653 217.429 205.771 245.935 268.810 293.529 319.884 342.868
-999.250 -999.250 -999.250 -999.250 -999.250 -999.250 -999.250 494.038 492.643 496.296 489.881 500.536 492.706 498.887 520.209 515.242 514.638 486.931 477.652 476.952 519.771 597.737 673.693 735.017 842.140 951.960 870.316 792.967 749.575 671.324 638.516 583.159 538.768 511.258 463.869 437.199 424.242 413.899 382.037 387.355 382.249 361.523 345.059 322.323 280.884 237.001 193.639 178.091 173.533 186.198 196.238 217.890 207.230 222.207 252.376 230.182 210.882 200.227 201.877 197.404 203.929 220.289 261.730 289.941 306.155
-999.250 -999.250 -999.250 -999.250 -999.250 -999.250 -999.250 465.347 468.509 461.909 458.555 456.654 441.523 439.854 455.941 448.668 448.200 461.133 455.132 457.332 517.931 592.040 663.997 719.341 785.469 828.703 800.815 807.455 723.192 667.457 629.235 570.221 531.823 512.577 492.063 446.848 424.936 413.133 391.700 376.678 382.701 366.717 345.915 313.792 275.798 225.600 186.078 166.919 171.394 177.271 185.691 201.338 203.838 209.804 229.284 211.563 184.229 180.888 169.056 175.958 184.349 193.226 208.602 250.134 266.916
-999.250 -999.250 -999.250 -999.250 -999.250 -999.250 -999.250 450.392 437.396 440.052 433.115 410.615 406.907 405.073 421.002 412.303 403.093 398.202 418.187 431.798 478.021 546.255 596.733 632.420 736.111 728.697 740.609 776.015 737.307 667.042 611.114 558.908 530.417 488.137 459.459 444.366 435.141 412.802 414.199 390.130 381.070 369.680 362.161 318.784 273.576 220.596 189.264 164.840 165.175 153.416 168.067 180.942 183.805 193.696 215.324 197.657 175.515 164.166 164.405 163.587 171.511 183.983 190.813 199.283 232.232
-999.250 -999.250 -999.250 -999.250 -999.250 -999.250 -999.250 412.565 413.935 404.698 390.085 382.481 371.552 378.952 385.539 369.915 366.742 369.858 385.418 404.963 442.844 482.760 544.820 579.340 638.896 662.420 680.196 709.611 671.878 638.631 604.784 566.807 530.338 503.475 473.154 462.980 438.664 432.941 415.844 402.834 393.581 375.323 365.887 322.839 277.451 206.469 176.936 165.847 149.380 146.224 147.025 174.757 184.876 206.514 195.318 186.364 187.693 173.656 170.143 160.917 164.508 156.629 169.226 193.275 187.137
-999.250 -999.250 -999.250 -999.250 -999.250 -999.250 -999.250 -999.250 376.459 368.950 363.964 362.881 348.699 349.646 337.695 343.553 344.009 343.162 352.415 370.869 413.410 445.567 507.835 536.707 576.748 589.380 608.320 612.853 610.198 594.163 575.806 552.304 517.292 488.336 462.075 456.277 446.010 433.748 416.706 407.870 411.409 417.056 384.499 326.795 270.879 222.569 190.382 172.748 159.512 142.414 155.299 172.977 189.134 186.375 195.021 193.139 195.804 181.617 186.073 178.588 163.863 155.867 159.078 186.838 164.311
-999.250 -999.250 -999.250 -999.250 -999.250 -999.250 -999.250 -999.250 361.382 355.831 343.866 334.995 331.043 315.467 313.995 310.559 316.531 310.651 326.960 337.198 369.337 407.976 432.996 477.276 512.759 534.737 556.758 558.232 552.858 516.407 494.109 489.140 482.544 463.165 469.158 449.345 447.448 426.166 397.678 401.833 419.711 453.322 383.030 334.956 282.247 246.993 206.391 183.822 171.242 170.842 172.867 183.258 207.635 230.524 221.148 221.819 209.968 204.986 191.909 180.860 171.929 178.501 183.113 176.490 167.462
-999.250 -999.250 -999.250 -999.250 -999.250 -999.250 -999.250 352.898 343.949 344.614 332.002 322.306 318.682 307.190 297.007 297.348 281.035 294.617 303.642 309.492 326.695 353.297 380.847 428.063 455.358 465.038 494.352 473.336 488.968 495.452 460.765 452.930 449.465 437.120 438.063 435.762 456.279 400.244 367.180 368.703 389.236 385.408 352.185 328.051 284.645 249.478 217.903 188.504 184.975 182.437 184.181 198.131 221.846 229.432 240.710 255.748 242.132 233.553 219.841 216.329 208.902 193.097 192.923 192.758 190.503
-999.250 -999.250 -999.250 -999.250 -999.250 -999.250 -999.250 340.590 340.281 334.260 325.475 318.187 312.902 305.805 301.823 291.373 271.201 280.773 277.024 267.208 285.234 330.094 345.693 368.340 391.816 398.610 424.089 416.740 421.012 436.617 430.564 422.625 409.477 399.042 378.485 387.559 376.372 343.320 312.215 320.413 344.504 335.541 333.168 304.758 291.310 251.161 229.644 209.276 191.126 181.955 191.177 214.939 240.796 278.504 271.978 279.086 284.996 258.780 245.295 234.899 233.222 211.056 214.643 231.262 219.438
-999.250 -999.250 -999.250 -999.250 -999.250 -999.250 -999.250 350.392 332.959 334.111 322.683 317.917 318.795 310.553 299.301 287.481 279.490 272.153 271.428 280.546 289.650 315.510 328.329 349.087 359.208 358.493 383.827 376.640 383.522 380.217 389.687 383.229 371.517 364.213 358.860 347.507 322.752 294.689 243.946 274.909 301.573 306.645 292.037 273.666 261.224 234.310 230.116 210.347 205.634 197.563 227.352 248.491 273.615 292.167 293.706 307.845 319.227 300.498 300.772 299.428 288.304 271.653 279.028 281.677 275.968
-999.250 -999.250 -999.250 -999.250 -999.250 -999.250 -999.250 346.717 339.190 334.552 325.320 327.745 316.857 317.296 311.682 308.543 306.067 299.657 298.140 298.993 295.101 292.896 317.408 336.011 334.080 340.806 338.300 346.321 350.582 347.517 349.853 347.649 344.096 337.220 331.147 314.722 292.923 265.640 242.609 253.796 262.369 265.942 276.420 239.222 237.303 248.033 226.995 232.868 234.763 252.989 231.649 282.518 291.187 322.744 337.830 348.687 351.295 343.539 338.035 331.475 336.647 332.827 330.051 312.084 315.881
-999.250 -999.250 -999.250 -999.250 -999.250 -999.250 351.958 356.251 356.600 348.995 341.541 340.928 347.814 342.910 337.020 336.426 336.893 319.757 326.871 319.736 300.325 312.864 301.976 306.053 321.275 322.382 314.615 310.762 306.757 323.069 330.131 318.752 316.706 313.972 307.112 301.618 267.352 247.980 235.047 238.629 247.059 242.764 250.434 228.194 244.724 236.599 231.278 233.071 259.637 270.219 297.225 310.111 318.938 348.989 373.546 373.703 397.509 390.802 381.893 382.639 388.341 379.853 365.887 356.489 360.581
-999.250 -999.250 -999.250 -999.250 -999.250 -999.250 354.515 365.875 356.902 362.049 353.633 363.743 365.877 365.648 363.202 364.631 356.376 359.641 355.045 353.426 328.970 326.619 329.292 315.849 317.174 307.855 294.947 274.608 273.375 290.352 300.952 307.107 295.991 292.903 303.212 297.833 277.560 257.372 241.168 239.543 248.906 246.928 244.793 226.692 221.445 235.940 249.503 249.591 268.914 287.846 322.621 340.291 350.573 390.892 423.444 434.779 435.471 445.544 435.133 444.909 441.164 439.235 424.956 410.443 405.792
-999.250 -999.250 -999.250 -999.250 -999.250 366.006 357.824 367.670 371.700 366.281 370.006 379.247 389.857 384.465 393.049 389.699 375.914 388.523 373.346 361.729 361.186 355.595 351.323 337.174 307.235 302.509 283.463 259.729 260.837 252.198 270.230 291.506 291.183 275.803 286.377 297.081 289.422 266.383 256.451 239.629 244.327 250.718 245.200 240.775 237.376 252.992 276.074 293.650 302.666 334.827 346.901 391.656 419.309 419.454 462.462 472.031 501.379 505.060 512.909 524.706 523.635 498.980 487.099 475.706 449.004
-999.250 -999.250 -999.250 -999.250 -999.250 348.630 362.718 362.619 364.118 373.149 397.454 424.042 422.643 433.292 423.990 431.970 423.747 422.679 413.599 397.331 385.839 375.815 356.978 348.857 322.500 295.656 275.970 257.422 246.265 255.543 243.457 289.150 281.199 297.997 295.560 290.478 305.598 300.485 290.629 261.002 261.654 245.475 236.270 229.560 260.968 256.355 295.938 310.770 340.134 354.551 383.942 419.062 456.135 484.020 531.989 534.531 576.034 615.191 603.219 630.526 584.482 563.457 548.666 530.725 510.076
-999.250 -999.250 -999.250 -999.250 361.186 341.659 355.451 372.837 379.967 391.317 414.529 448.519 429.173 440.913 454.151 480.773 470.088 487.615 484.612 445.376 447.761 412.719 399.283 373.993 344.358 329.569 296.443 268.699 265.566 264.445 260.108 291.170 290.574 283.648 299.708 305.206 304.183 291.526 288.481 280.520 270.602 268.117 238.794 239.377 265.675 292.993 310.485 341.281 359.781 388.285 414.246 448.347 492.045 542.872 611.431 624.775 672.896 680.881 677.078 693.951 695.199 625.245 606.717 581.533 566.180
-999.250 -999.250 -999.250 -999.250 362.719 345.552 358.431 375.372 385.130 401.132 416.038 442.960 471.151 474.328 492.208 534.673 513.237 521.679 507.390 517.141 485.155 453.600 451.739 391.384 351.812 327.909 306.570 282.950 272.621 271.695 282.957 289.040 304.077 305.741 306.761 308.428 316.203 305.699 298.224 269.047 270.293 258.153 256.698 258.910 267.800 292.981 326.657 345.303 374.618 420.406 473.713 501.127 545.589 635.510 662.746 727.290 722.188 769.235 809.771 780.811 787.755 746.846 702.017 646.624 612.194
-999.250 -999.250 -999.250 -999.250 341.037 355.763 350.038 379.787 397.941 397.572 430.519 462.313 498.260 518.070 542.549 568.651 580.825 578.429 551.526 534.317 508.333 467.785 447.032 420.037 376.126 329.429 314.145 302.752 300.377 290.010 283.778 308.621 306.746 321.988 328.350 335.777 335.797 313.718 302.188 276.840 267.912 243.417 258.402 264.966 271.803 310.967 339.799 360.308 410.423 453.842 510.454 574.875 640.259 702.088 741.194 791.929 835.721 921.448 903.989 903.696 842.404 825.087 808.598 731.424 671.767
-999.250 -999.250 -999.250 -999.250 350.132 364.527 366.089 382.768 406.245 432.083 439.908 448.776 495.499 537.794 583.175 597.872 625.593 615.853 609.925 564.922 533.539 509.389 461.796 416.416 372.343 343.444 335.398 327.169 309.402 300.684 302.059 306.286 312.408 320.922 334.603 361.587 337.091 305.893 289.309 255.915 259.076 239.625 239.299 268.457 291.033 314.321 339.313 381.945 426.143 460.980 531.879 607.625 690.056 760.814 773.961 820.959 955.835 963.962 993.217 974.149 927.476 904.559 895.680 857.051 767.856
-999.250 -999.250 -999.250 -999.250 350.154 364.341 379.508 389.126 416.425 439.463 442.551 455.086 501.570 538.693 582.817 630.053 694.770 666.937 645.042 604.445 571.144 528.809 477.449 420.494 381.264 349.120 334.948 319.876 318.039 309.383 317.541 321.044 331.163 323.643 337.954 328.244 320.768 303.800 278.953 246.772 235.542 231.221 231.213 247.045 285.070 308.976 338.861 404.921 437.454 500.461 564.392 643.845 729.929 825.691 889.405 996.896 1045.430 1087.095 1100.315 1145.358 1025.011 1043.522 992.792 935.059 854.115
