data/medianmodel_13-Nov-2020.asc
ncols	141
nrows	288
xllcorner	-120191.398
yllcorner	-301404.813
cellsize	2000.000
NODATA_value	-999.250
[rows 116 to 144 of 288, columns 0 to 64 of 141]
-999.250 -999.250 -999.250 -999.250 -999.250 -999.250 -999.250 -999.250 -999.250 -999.250 -999.250 -999.250 -999.250 -999.250 -999.250 -999.250 -999.250 -999.250 -999.250 -999.250 -999.250 -999.250 -999.250 -999.250 -999.250 -999.250 -999.250 446.109 476.309 459.844 456.611 455.674 406.725 439.726 403.414 392.566 318.096 299.896 276.540 246.813 259.755 288.498 330.990 357.865 383.718 413.694 450.998 466.364 498.478 512.177 500.322 501.600 447.280 383.195 320.667 253.218 222.472 194.031 193.693 198.359 201.839 213.125 256.692 282.102 288.002
-999.250 -999.250 -999.250 -999.250 -999.250 -999.250 -999.250 -999.250 -999.250 -999.250 -999.250 -999.250 -999.250 -999.250 -999.250 -999.250 -999.250 -999.250 -999.250 -999.250 -999.250 -999.250 -999.250 -999.250 -999.250 -999.250 -999.250 446.794 461.188 489.920 466.021 433.285 438.953 405.986 378.071 359.077 330.662 326.042 290.011 270.048 278.832 299.087 360.014 367.513 404.129 398.047 429.703 432.874 472.664 518.807 509.384 479.247 429.154 389.368 321.244 255.063 214.504 153.022 181.174 197.972 213.210 232.929 252.810 256.240 264.140
-999.250 -999.250 -999.250 -999.250 -999.250 -999.250 -999.250 -999.250 -999.250 -999.250 -999.250 -999.250 -999.250 -999.250 -999.250 -999.250 -999.250 -999.250 -999.250 -999.250 -999.250 -999.250 -999.250 -999.250 -999.250 -999.250 419.455 412.688 459.539 487.051 473.664 427.668 395.110 419.199 376.858 371.536 336.019 336.214 319.052 302.179 319.810 345.257 339.453 409.820 413.396 433.968 425.350 420.096 453.301 463.921 464.600 443.350 413.964 355.951 285.039 255.158 217.977 196.769 207.692 211.077 207.864 248.201 246.959 254.595 283.792
-999.250 -999.250 -999.250 -999.250 -999.250 -999.250 -999.250 -999.250 -999.250 -999.250 -999.250 -999.250 -999.250 -999.250 -999.250 -999.250 -999.250 -999.250 -999.250 -999.250 -999.250 -999.250 -999.250 -999.250 -999.250 -999.250 404.236 407.328 404.504 428.851 465.053 415.209 394.075 381.048 357.166 368.015 352.838 359.326 343.117 312.244 336.987 360.576 397.574 388.620 429.595 414.737 426.118 425.792 438.778 433.534 437.564 428.902 404.497 366.868 278.906 252.975 236.391 223.182 233.986 232.469 239.598 231.226 254.509 248.236 280.441
-999.250 -999.250 -999.250 -999.250 -999.250 -999.250 -999.250 -999.250 -999.250 -999.250 -999.250 -999.250 -999.250 -999.250 -999.250 -999.250 -999.250 -999.250 -999.250 -999.250 -999.250 -999.250 -999.250 -999.250 -999.250 -999.250 372.904 388.232 378.685 417.791 398.592 424.111 420.064 382.823 393.053 351.813 381.589 367.745 366.504 358.238 372.214 404.886 407.911 387.836 409.276 408.642 403.617 380.874 397.501 422.475 397.412 376.747 332.555 318.961 276.569 248.683 240.978 236.176 242.759 240.463 231.785 237.083 250.070 244.886 264.753
-999.250 -999.250 -999.250 -999.250 -999.250 -999.250 -999.250 -999.250 -999.250 -999.250 -999.250 -999.250 -999.250 -999.250 -999.250 -999.250 -999.250 -999.250 -999.250 -999.250 -999.250 -999.250 -999.250 -999.250 -999.250 400.576 421.635 402.392 414.840 420.440 413.478 404.113 417.969 410.726 374.796 391.341 376.972 403.045 411.198 378.628 405.681 391.256 383.735 393.093 408.996 369.627 352.353 320.677 331.676 369.964 359.189 312.061 306.705 274.314 263.443 250.911 232.611 239.549 234.604 239.420 231.715 242.064 263.756 268.400 268.992
-999.250 -999.250 -999.250 -999.250 -999.250 -999.250 -999.250 -999.250 -999.250 -999.250 -999.250 -999.250 -999.250 -999.250 -999.250 -999.250 -999.250 -999.250 -999.250 -999.250 -999.250 -999.250 -999.250 -999.250 -999.250 419.901 371.942 372.940 432.033 403.468 420.183 418.924 423.316 425.433 386.199 417.585 406.106 392.256 389.001 403.274 390.389 394.262 419.718 375.908 364.292 323.383 307.299 257.497 287.936 321.170 323.626 293.930 273.849 244.857 252.722 228.636 229.036 244.619 252.203 229.384 230.651 233.321 256.454 254.007 258.788
-999.250 -999.250 -999.250 -999.250 -999.250 -999.250 -999.250 -999.250 -999.250 -999.250 -999.250 -999.250 -999.250 -999.250 -999.250 -999.250 -999.250 -999.250 -999.250 -999.250 -999.250 -999.250 -999.250 -999.250 -999.250 349.124 364.701 392.131 410.085 429.294 425.732 403.203 393.535 410.949 439.941 405.669 410.614 399.086 363.382 406.486 388.601 386.344 374.313 343.025 338.215 327.748 304.737 260.098 253.395 271.828 270.618 251.824 237.962 212.288 204.858 206.609 215.068 222.374 227.141 232.021 227.349 233.854 230.206 246.584 261.201
-999.250 -999.250 -999.250 -999.250 -999.250 -999.250 -999.250 -999.250 -999.250 -999.250 -999.250 -999.250 -999.250 -999.250 -999.250 -999.250 -999.250 -999.250 -999.250 -999.250 -999.250 -999.250 -999.250 -999.250 379.103 327.083 354.997 395.070 389.470 394.219 395.562 388.747 395.074 421.729 408.064 431.018 387.932 428.846 392.206 416.576 405.264 358.245 375.527 329.095 320.410 312.209 279.015 265.140 260.595 246.508 258.923 236.762 205.879 177.921 172.833 178.177 211.566 212.426 212.170 213.585 213.116 212.789 239.573 246.070 253.185
-999.250 -999.250 -999.250 -999.250 -999.250 -999.250 -999.250 -999.250 -999.250 -999.250 -999.250 -999.250 -999.250 -999.250 -999.250 -999.250 -999.250 -999.250 -999.250 -999.250 -999.250 -999.250 -999.250 -999.250 298.912 339.274 376.296 371.591 368.233 361.315 361.030 396.951 385.679 408.313 418.298 433.211 434.866 426.401 379.490 405.323 405.381 386.615 352.061 306.804 316.880 296.269 271.049 249.740 243.863 233.662 227.092 200.943 179.918 146.589 107.759 156.249 186.403 188.246 203.514 195.474 190.026 212.297 221.368 244.859 256.994
-999.250 -999.250 -999.250 -999.250 -999.250 -999.250 -999.250 -999.250 -999.250 -999.250 -999.250 -999.250 -999.250 -999.250 -999.250 -999.250 -999.250 -999.250 -999.250 -999.250 -999.250 -999.250 -999.250 304.715 307.530 342.648 358.573 358.580 400.324 405.513 385.371 395.137 406.793 396.158 393.704 423.249 436.779 447.731 419.895 409.139 399.302 413.815 397.525 355.095 321.159 295.541 282.391 248.052 219.238 218.556 195.978 173.654 156.099 141.383 126.430 142.851 163.028 185.267 191.107 178.283 189.320 199.945 220.343 234.471 266.533
-999.250 -999.250 -999.250 -999.250 -999.250 -999.250 -999.250 -999.250 -999.250 -999.250 -999.250 -999.250 -999.250 -999.250 -999.250 -999.250 -999.250 -999.250 -999.250 -999.250 -999.250 -999.250 -999.250 297.469 291.014 312.697 322.962 349.622 358.601 376.200 379.681 392.479 376.653 382.367 398.969 411.391 432.947 430.397 427.109 421.524 419.219 420.531 390.907 372.990 334.067 299.014 254.865 230.398 204.081 184.118 173.825 167.395 160.431 129.255 124.958 131.829 155.683 170.645 183.068 181.112 172.271 179.634 190.597 242.079 263.244
-999.250 -999.250 -999.250 -999.250 -999.250 -999.250 -999.250 -999.250 -999.250 -999.250 -999.250 -999.250 -999.250 -999.250 -999.250 -999.250 -999.250 -999.250 -999.250 -999.250 -999.250 -999.250 -999.250 315.286 329.958 314.294 330.396 339.165 333.925 322.718 322.750 346.046 330.841 349.117 385.950 406.879 423.604 446.945 425.898 415.829 420.986 394.510 401.487 383.701 337.215 300.700 256.593 222.064 151.584 156.714 166.549 154.750 138.252 123.501 137.616 136.486 137.826 156.133 171.234 162.265 164.084 162.681 150.923 241.875 305.419
-999.250 -999.250 -999.250 -999.250 -999.250 -999.250 -999.250 -999.250 -999.250 -999.250 -999.250 -999.250 -999.250 -999.250 -999.250 -999.250 -999.250 -999.250 -999.250 -999.250 -999.250 -999.250 295.747 285.141 292.501 276.361 295.449 325.922 333.718 303.821 305.795 317.062 335.098 352.622 372.715 375.256 396.704 417.759 406.212 437.054 432.534 416.806 439.712 411.045 370.761 325.897 253.711 216.426 189.761 174.684 152.145 148.701 134.115 128.408 117.337 129.698 145.902 142.001 158.856 157.674 174.914 172.776 217.716 264.132 327.132
-999.250 -999.250 -999.250 -999.250 -999.250 -999.250 -999.250 -999.250 -999.250 -999.250 -999.250 -999.250 -999.250 -999.250 -999.250 -999.250 -999.250 -999.250 -999.250 -999.250 -999.250 -999.250 282.802 282.090 271.875 279.246 279.992 296.222 306.135 296.658 274.124 283.182 333.269 333.201 383.479 373.552 375.607 401.279 431.475 409.143 433.166 451.840 445.647 448.542 400.894 345.538 277.622 239.095 202.391 200.690 160.274 137.371 123.025 119.005 123.167 117.019 134.183 142.396 150.397 159.828 182.360 222.539 269.603 301.380 373.189
-999.250 -999.250 -999.250 -999.250 -999.250 -999.250 -999.250 -999.250 -999.250 -999.250 -999.250 -999.250 -999.250 -999.250 -999.250 -999.250 -999.250 -999.250 -999.250 -999.250 -999.250 293.331 276.946 259.681 241.508 274.681 274.907 258.429 266.430 252.211 237.094 275.440 307.684 339.621 397.221 378.471 390.507 416.572 446.841 452.588 471.034 479.615 468.327 448.204 407.336 343.089 287.778 258.684 237.733 205.422 166.347 156.822 127.231 108.759 110.197 100.596 116.632 143.764 144.946 157.024 192.211 228.836 298.836 353.210 413.634
-999.250 -999.250 -999.250 -999.250 -999.250 -999.250 -999.250 -999.250 -999.250 -999.250 -999.250 -999.250 -999.250 -999.250 -999.250 -999.250 -999.250 -999.250 -999.250 -999.250 -999.250 299.207 278.954 263.967 259.466 260.995 257.918 249.151 251.636 258.359 265.349 275.181 309.119 345.415 376.559 372.482 421.307 448.696 471.539 452.413 480.677 492.082 440.985 409.019 410.938 358.678 310.522 270.797 241.895 208.437 176.106 149.766 111.304 105.447 97.964 97.614 107.079 114.312 138.355 164.679 195.999 239.282 312.749 341.368 419.487
-999.250 -999.250 -999.250 -999.250 -999.250 -999.250 -999.250 -999.250 -999.250 -999.250 -999.250 -999.250 -999.250 -999.250 -999.250 -999.250 -999.250 -999.250 -999.250 -999.250 -999.250 284.931 278.804 260.729 272.459 256.055 246.218 241.602 252.858 245.948 265.576 282.896 312.359 340.879 369.319 398.910 428.005 452.842 464.592 485.125 460.500 482.572 464.181 447.584 430.849 355.594 354.198 280.456 255.432 208.664 175.478 153.501 120.203 105.118 95.815 102.692 102.591 118.107 135.947 160.906 195.535 249.177 306.381 360.593 446.365
-999.250 -999.250 -999.250 -999.250 -999.250 -999.250 -999.250 -999.250 -999.250 -999.250 -999.250 -999.250 -999.250 -999.250 -999.250 -999.250 -999.250 -999.250 -999.250 -999.250 253.861 266.767 263.021 266.071 255.500 252.621 223.297 225.424 213.400 233.998 232.883 299.160 311.695 345.454 382.709 414.954 422.923 457.921 478.021 493.091 483.793 489.704 483.404 451.454 411.165 376.351 358.716 277.818 266.263 219.412 197.421 146.733 100.515 110.917 114.023 124.188 115.184 126.143 140.441 163.154 202.922 230.199 298.776 366.121 419.101
-999.250 -999.250 -999.250 -999.250 -999.250 -999.250 -999.250 -999.250 -999.250 -999.250 -999.250 -999.250 -999.250 -999.250 -999.250 -999.250 -999.250 -999.250 -999.250 -999.250 264.663 277.067 272.069 237.441 246.491 249.390 233.909 206.054 220.081 226.208 232.298 261.301 306.549 320.158 348.714 379.177 430.848 464.991 469.584 487.903 515.694 480.597 479.768 460.201 437.670 407.815 368.850 330.135 285.448 246.756 201.122 155.109 137.233 132.723 133.473 124.245 124.301 133.336 123.970 150.928 170.025 208.283 249.393 333.481 397.383
-999.250 -999.250 -999.250 -999.250 -999.250 -999.250 -999.250 -999.250 -999.250 -999.250 -999.250 -999.250 -999.250 -999.250 -999.250 -999.250 -999.250 -999.250 -999.250 -999.250 290.776 290.143 265.296 260.583 240.320 232.584 227.413 225.592 217.197 209.301 210.118 253.591 289.909 344.838 338.094 403.700 458.332 486.096 480.176 500.131 521.710 510.613 474.280 460.649 446.717 412.973 395.416 319.505 288.907 244.067 208.343 188.011 152.710 157.264 150.203 137.733 139.481 123.745 117.591 126.880 170.491 217.154 262.585 302.171 378.525
-999.250 -999.250 -999.250 -999.250 -999.250 -999.250 -999.250 -999.250 -999.250 -999.250 -999.250 -999.250 -999.250 -999.250 -999.250 -999.250 -999.250 -999.250 -999.250 -999.250 302.626 266.456 280.878 269.748 252.025 247.875 246.893 230.837 214.715 206.069 175.406 240.766 282.252 290.182 354.826 388.119 440.366 445.023 474.269 505.359 558.532 516.854 478.462 485.795 449.833 426.769 358.686 319.196 279.482 248.957 222.122 204.190 185.212 177.472 153.407 149.186 146.748 117.851 119.210 90.280 137.553 213.226 227.489 281.145 357.368
-999.250 -999.250 -999.250 -999.250 -999.250 -999.250 -999.250 -999.250 -999.250 -999.250 -999.250 -999.250 -999.250 -999.250 -999.250 -999.250 -999.250 -999.250 -999.250 325.386 295.357 280.749 273.168 269.401 258.248 243.753 243.483 245.050 234.215 224.001 213.583 234.935 275.694 292.960 339.807 394.155 422.446 466.178 456.345 494.326 530.902 514.437 475.681 481.338 403.889 381.157 328.175 304.944 288.424 257.099 244.087 224.142 223.640 193.984 182.328 177.882 161.887 155.426 134.806 132.847 144.968 176.154 203.984 243.981 302.933
-999.250 -999.250 -999.250 -999.250 -999.250 -999.250 -999.250 -999.250 -999.250 -999.250 -999.250 -999.250 -999.250 -999.250 -999.250 -999.250 -999.250 -999.250 -999.250 320.690 298.919 273.050 260.297 253.520 243.186 244.868 239.403 240.529 244.240 236.876 241.593 260.189 282.423 315.437 356.237 393.815 410.290 478.736 451.362 476.581 509.483 495.772 465.625 461.311 425.214 387.418 356.726 315.481 265.833 259.370 259.185 228.217 243.391 217.953 201.210 200.102 200.844 188.545 184.351 166.558 163.319 173.319 191.989 226.956 270.009
-999.250 -999.250 -999.250 -999.250 -999.250 -999.250 -999.250 -999.250 -999.250 -999.250 -999.250 -999.250 -999.250 -999.250 -999.250 -999.250 -999.250 -999.250 -999.250 329.461 303.565 295.749 266.039 253.947 225.636 247.834 251.658 256.959 247.615 262.369 257.787 275.663 287.273 301.265 348.007 392.687 443.051 444.515 466.171 481.494 463.603 488.197 469.412 453.511 432.822 410.379 387.517 289.107 255.989 253.280 256.322 240.578 264.552 272.333 236.828 226.752 211.875 196.601 199.606 171.342 163.568 159.909 163.258 187.714 218.695
-999.250 -999.250 -999.250 -999.250 -999.250 -999.250 -999.250 -999.250 -999.250 -999.250 -999.250 -999.250 -999.250 -999.250 -999.250 -999.250 -999.250 -999.250 -999.250 320.859 326.830 312.700 282.424 242.528 243.656 232.319 260.234 274.018 260.236 274.928 285.831 278.111 290.543 305.082 348.138 371.813 411.239 419.212 460.096 471.179 464.828 465.288 454.806 427.981 419.917 424.460 381.646 295.870 258.517 263.753 254.181 316.594 276.386 280.880 276.675 251.942 236.854 221.089 198.890 185.316 173.038 157.318 145.337 143.744 155.547
-999.250 -999.250 -999.250 -999.250 -999.250 -999.250 -999.250 -999.250 -999.250 -999.250 -999.250 -999.250 -999.250 -999.250 -999.250 -999.250 -999.250 -999.250 -999.250 318.458 297.443 297.131 255.999 246.856 238.889 262.226 286.908 274.159 276.380 293.703 310.661 317.252 325.486 321.300 325.107 372.963 405.180 455.392 442.696 442.701 456.649 464.956 439.268 417.203 421.065 404.799 389.611 326.909 297.244 287.241 309.594 316.842 331.031 328.136 315.056 294.910 268.735 245.166 213.081 205.136 177.090 161.559 142.785 138.045 95.740
-999.250 -999.250 -999.250 -999.250 -999.250 -999.250 -999.250 -999.250 -999.250 -999.250 -999.250 -999.250 -999.250 -999.250 -999.250 -999.250 -999.250 -999.250 311.471 325.441 308.251 275.952 253.555 220.334 245.377 266.711 289.144 300.241 317.358 330.974 355.550 336.614 353.143 347.379 340.600 413.522 404.009 419.795 418.887 436.250 439.191 446.728 435.457 437.858 405.450 405.321 400.542 349.592 353.588 356.808 335.137 362.014 340.928 352.918 352.593 353.458 322.604 289.876 230.888 208.466 194.436 184.703 175.073 162.645 148.834
-999.250 -999.250 -999.250 -999.250 -999.250 -999.250 -999.250 -999.250 -999.250 -999.250 -999.250 -999.250 -999.250 -999.250 -999.250 -999.250 -999.250 303.572 328.704 306.765 301.443 300.801 263.879 259.360 265.113 266.865 309.494 322.544 328.994 343.762 341.124 336.324 372.262 365.291 367.409 407.734 423.182 408.313 424.246 407.226 445.155 418.242 414.001 408.631 421.711 400.769 357.409 360.231 364.539 399.015 396.064 391.991 412.110 410.845 409.150 419.622 392.846 334.089 267.081 187.116 210.727 218.440 202.327 187.367 194.358
