data/medianmodel_11-May-2020.asc
ncols	141
nrows	288
xllcorner	-120191.398
yllcorner	-301404.813
cellsize	2000.000
NODATA_value	-999.250
[rows 62 to 92 of 288, columns 69 to 137 of 141]
18.560 14.632 9.440 7.635 2.587 0.000 0.272 3.588 6.037 8.585 11.798 18.597 22.236 29.485 27.968 20.800 20.926 15.398 12.657 11.155 7.331 2.626 0.539 0.359 0.902 5.545 2.039 3.535 6.210 4.985 10.436 10.879 12.179 12.962 13.524 15.138 15.227 10.272 8.954 6.697 3.345 -999.250 -999.250 -999.250 -999.250 -999.250 -999.250 -999.250 -999.250 -999.250 -999.250 -999.250 -999.250 -999.250 -999.250 -999.250 -999.250 -999.250 -999.250 -999.250 -999.250 -999.250 -999.250 -999.250 -999.250 -999.250 -999.250 -999.250 -999.250
18.295 12.396 9.025 6.239 2.683 0.048 0.212 3.815 10.329 11.777 16.003 22.486 29.604 41.085 35.811 28.504 21.697 18.046 12.451 10.117 9.099 2.733 0.000 0.000 0.061 1.709 1.265 0.000 1.851 4.019 8.283 8.251 9.503 11.751 12.978 14.258 11.075 10.029 6.260 6.755 4.931 2.305 -999.250 -999.250 -999.250 -999.250 -999.250 -999.250 -999.250 -999.250 -999.250 -999.250 -999.250 -999.250 -999.250 -999.250 -999.250 -999.250 -999.250 -999.250 -999.250 -999.250 -999.250 -999.250 -999.250 -999.250 -999.250 -999.250 -999.250
17.063 13.084 9.654 5.228 5.110 0.728 2.943 3.852 10.711 12.571 20.641 20.895 30.214 39.491 36.889 28.399 22.074 20.346 18.285 12.284 7.319 2.042 0.000 0.000 0.000 0.000 0.000 0.000 0.000 1.666 5.821 4.959 10.602 12.297 9.256 11.971 6.507 7.706 6.151 4.460 1.505 0.000 0.000 -999.250 -999.250 -999.250 -999.250 -999.250 -999.250 -999.250 -999.250 -999.250 -999.250 -999.250 -999.250 -999.250 -999.250 -999.250 -999.250 -999.250 -999.250 -999.250 -999.250 -999.250 -999.250 -999.250 -999.250 -999.250 -999.250
14.864 12.919 8.776 6.259 3.114 3.430 2.522 5.713 10.228 12.803 17.964 24.274 31.831 30.597 30.251 31.013 28.412 21.255 17.161 11.863 7.543 2.655 0.000 0.000 0.000 0.000 0.000 0.000 0.000 0.830 3.300 5.398 6.364 8.432 9.293 8.931 6.799 5.678 4.037 3.177 0.357 0.000 0.000 -999.250 -999.250 -999.250 -999.250 -999.250 -999.250 -999.250 -999.250 -999.250 -999.250 -999.250 -999.250 -999.250 -999.250 -999.250 -999.250 -999.250 -999.250 -999.250 -999.250 -999.250 -999.250 -999.250 -999.250 -999.250 -999.250
15.116 10.705 8.354 6.551 4.026 3.436 5.326 5.811 11.015 12.747 17.118 21.229 24.486 26.944 27.032 30.888 27.834 20.559 20.868 14.212 5.775 4.151 0.817 0.000 0.000 0.000 0.000 0.000 0.000 0.736 6.045 7.049 5.906 8.139 9.257 8.129 5.148 6.598 4.678 0.144 0.000 0.000 0.000 0.000 -999.250 -999.250 -999.250 -999.250 -999.250 -999.250 -999.250 -999.250 -999.250 -999.250 -999.250 -999.250 -999.250 -999.250 -999.250 -999.250 -999.250 -999.250 -999.250 -999.250 -999.250 -999.250 -999.250 -999.250 -999.250
15.049 11.730 8.259 3.530 3.385 2.433 6.704 6.567 10.504 13.612 19.680 20.754 25.274 25.570 28.576 24.525 27.225 23.200 21.766 15.573 8.233 4.259 0.304 0.000 0.000 0.000 0.000 0.000 0.000 1.482 6.258 5.780 8.974 8.830 10.669 8.851 5.841 4.773 2.017 0.231 0.000 0.000 0.000 0.000 0.336 -999.250 -999.250 -999.250 -999.250 -999.250 -999.250 -999.250 -999.250 -999.250 -999.250 -999.250 -999.250 -999.250 -999.250 -999.250 -999.250 -999.250 -999.250 -999.250 -999.250 -999.250 -999.250 -999.250 -999.250
14.469 10.731 6.609 3.207 0.989 1.539 4.764 6.786 11.196 13.674 16.616 18.827 19.574 23.847 22.526 25.750 18.827 19.884 19.338 12.894 10.059 3.054 2.555 0.000 0.000 0.000 0.116 0.000 1.973 4.055 3.646 5.892 7.660 9.829 10.471 8.795 9.041 4.780 4.081 1.001 0.000 0.000 0.255 1.053 0.000 -999.250 -999.250 -999.250 -999.250 -999.250 -999.250 -999.250 -999.250 -999.250 -999.250 -999.250 -999.250 -999.250 -999.250 -999.250 -999.250 -999.250 -999.250 -999.250 -999.250 -999.250 -999.250 -999.250 -999.250
8.714 8.180 4.647 2.404 0.000 0.000 2.562 5.118 7.643 10.272 14.963 13.765 17.282 17.364 19.347 17.451 19.797 17.881 15.350 15.251 8.987 4.736 2.199 0.000 0.030 1.355 0.000 0.172 0.577 2.852 4.226 8.805 10.749 11.613 13.403 9.966 9.589 8.557 6.836 4.233 4.433 1.000 0.362 1.631 0.000 -999.250 -999.250 -999.250 -999.250 -999.250 -999.250 -999.250 -999.250 -999.250 -999.250 -999.250 -999.250 -999.250 -999.250 -999.250 -999.250 -999.250 -999.250 -999.250 -999.250 -999.250 -999.250 -999.250 -999.250
7.722 6.081 4.538 2.555 0.923 0.000 0.000 0.819 3.857 8.698 12.542 13.651 15.802 16.457 15.938 15.454 13.427 15.087 18.532 13.217 8.179 4.457 1.008 0.778 1.797 0.386 0.547 3.629 2.054 4.779 5.866 9.985 13.245 15.452 14.524 11.751 11.382 12.082 13.170 8.379 7.109 6.128 3.425 1.606 0.323 1.162 0.305 -999.250 -999.250 -999.250 -999.250 -999.250 -999.250 -999.250 -999.250 -999.250 -999.250 -999.250 -999.250 -999.250 -999.250 -999.250 -999.250 -999.250 -999.250 -999.250 -999.250 -999.250 -999.250
9.982 7.921 4.388 1.581 0.510 0.000 0.000 0.000 2.209 5.940 9.939 11.093 14.764 16.972 16.143 15.370 13.333 13.981 14.673 11.677 7.146 6.308 3.368 3.245 3.550 1.946 4.203 6.428 7.907 8.011 11.634 14.869 13.001 18.484 19.963 15.903 17.722 18.172 14.435 11.740 11.680 11.201 7.849 4.679 1.698 2.077 2.465 -999.250 -999.250 -999.250 -999.250 -999.250 -999.250 -999.250 -999.250 -999.250 -999.250 -999.250 -999.250 -999.250 -999.250 -999.250 -999.250 -999.250 -999.250 -999.250 -999.250 -999.250 -999.250
7.986 7.536 4.171 1.483 0.047 0.066 0.000 0.000 0.965 4.097 9.102 10.417 9.785 12.965 10.765 8.718 9.456 10.796 7.807 8.176 8.046 5.129 2.252 2.090 3.292 2.947 7.571 8.655 10.925 15.313 17.681 20.049 18.596 18.953 23.687 26.059 21.937 18.492 19.555 15.822 11.113 10.677 10.106 5.437 3.130 3.043 -999.250 -999.250 -999.250 -999.250 -999.250 -999.250 -999.250 -999.250 -999.250 -999.250 -999.250 -999.250 -999.250 -999.250 -999.250 -999.250 -999.250 -999.250 -999.250 -999.250 -999.250 -999.250 -999.250
8.766 7.536 6.893 3.135 2.108 0.141 0.321 0.685 1.853 3.403 5.906 7.348 7.927 9.206 9.354 6.235 8.106 5.235 5.807 5.137 3.112 3.066 1.660 2.572 1.349 0.383 4.272 8.614 10.858 17.111 19.420 18.998 23.585 31.695 27.670 28.361 30.492 25.509 19.326 18.797 15.278 10.308 11.027 7.449 4.576 1.312 -999.250 -999.250 -999.250 -999.250 -999.250 -999.250 -999.250 -999.250 -999.250 -999.250 -999.250 -999.250 -999.250 -999.250 -999.250 -999.250 -999.250 -999.250 -999.250 -999.250 -999.250 -999.250 -999.250
8.251 6.172 5.363 5.189 2.013 2.191 2.431 0.655 1.894 1.655 3.957 4.663 4.747 6.042 3.288 3.224 4.721 3.916 5.741 2.221 1.773 1.180 0.284 0.000 0.753 2.010 5.844 6.814 10.042 17.934 22.658 24.565 31.115 32.943 35.339 36.358 32.913 24.614 18.806 18.941 13.731 13.080 9.947 9.643 6.009 2.795 -999.250 -999.250 -999.250 -999.250 -999.250 -999.250 -999.250 -999.250 -999.250 -999.250 -999.250 -999.250 -999.250 -999.250 -999.250 -999.250 -999.250 -999.250 -999.250 -999.250 -999.250 -999.250 -999.250
6.838 4.074 4.883 5.472 4.371 3.416 3.624 5.235 5.160 2.387 2.233 3.333 2.527 0.706 1.439 1.022 0.371 0.813 3.076 1.565 0.667 0.000 0.000 0.000 0.000 0.599 6.423 7.834 10.869 15.995 17.554 28.011 29.680 35.570 41.648 46.998 39.611 34.385 24.287 20.422 15.555 12.127 10.393 7.530 4.456 1.792 -999.250 -999.250 -999.250 -999.250 -999.250 -999.250 -999.250 -999.250 -999.250 -999.250 -999.250 -999.250 -999.250 -999.250 -999.250 -999.250 -999.250 -999.250 -999.250 -999.250 -999.250 -999.250 -999.250
3.550 3.377 7.248 6.027 5.596 4.047 5.642 5.639 7.882 4.320 3.944 2.428 1.555 0.000 0.000 0.000 0.000 0.000 0.000 0.000 0.000 0.000 0.000 0.000 0.000 1.588 4.349 9.275 11.419 13.050 17.777 28.822 28.609 36.133 41.551 40.056 41.730 31.430 25.033 20.180 14.579 10.998 7.611 6.904 4.830 3.531 -999.250 -999.250 -999.250 -999.250 -999.250 -999.250 -999.250 -999.250 -999.250 -999.250 -999.250 -999.250 -999.250 -999.250 -999.250 -999.250 -999.250 -999.250 -999.250 -999.250 -999.250 -999.250 -999.250
2.014 2.537 3.952 6.014 4.289 4.806 6.299 6.800 8.636 5.864 3.065 1.497 0.596 0.000 0.000 0.000 0.000 0.000 0.000 0.000 0.000 0.000 0.000 0.000 0.000 2.063 6.388 6.255 9.995 15.038 17.078 26.799 28.127 33.385 36.760 40.862 33.460 30.083 29.886 21.760 15.332 12.096 10.227 4.621 5.293 2.006 -999.250 -999.250 -999.250 -999.250 -999.250 -999.250 -999.250 -999.250 -999.250 -999.250 -999.250 -999.250 -999.250 -999.250 -999.250 -999.250 -999.250 -999.250 -999.250 -999.250 -999.250 -999.250 -999.250
1.666 3.423 4.019 4.017 5.430 5.918 7.092 5.396 6.223 6.358 2.924 1.202 0.000 0.000 0.000 0.000 0.000 0.000 0.000 0.000 0.000 0.000 0.000 0.000 0.012 2.200 5.974 7.723 11.299 11.428 17.977 22.943 29.877 33.409 42.431 34.736 28.581 29.260 24.682 19.558 16.565 12.987 7.878 7.594 5.137 0.942 -999.250 -999.250 -999.250 -999.250 -999.250 -999.250 -999.250 -999.250 -999.250 -999.250 -999.250 -999.250 -999.250 -999.250 -999.250 -999.250 -999.250 -999.250 -999.250 -999.250 -999.250 -999.250 -999.250
2.902 1.716 2.609 4.666 5.015 5.562 6.641 4.284 2.718 2.304 0.900 0.766 0.000 0.000 0.000 0.000 0.000 0.000 0.000 0.000 0.000 0.000 0.000 0.000 0.770 4.650 7.812 7.284 12.189 13.046 15.569 19.840 30.048 38.129 37.721 35.948 30.829 26.409 25.512 21.535 15.770 14.660 9.399 6.618 6.255 2.584 -999.250 -999.250 -999.250 -999.250 -999.250 -999.250 -999.250 -999.250 -999.250 -999.250 -999.250 -999.250 -999.250 -999.250 -999.250 -999.250 -999.250 -999.250 -999.250 -999.250 -999.250 -999.250 -999.250
2.212 4.399 6.261 6.714 4.697 8.111 4.541 5.271 1.102 0.000 0.000 0.000 0.000 0.000 0.000 0.000 0.000 0.000 0.000 0.000 0.000 0.000 0.000 0.000 1.906 7.218 8.091 7.719 14.072 16.452 20.472 25.151 28.584 39.920 39.103 39.731 33.478 25.983 21.178 16.470 12.662 10.663 7.121 8.584 3.958 2.374 0.492 -999.250 -999.250 -999.250 -999.250 -999.250 -999.250 -999.250 -999.250 -999.250 -999.250 -999.250 -999.250 -999.250 -999.250 -999.250 -999.250 -999.250 -999.250 -999.250 -999.250 -999.250 -999.250
3.131 4.462 6.698 10.179 11.119 9.171 6.357 3.926 1.119 0.000 0.000 0.000 0.000 0.000 0.000 0.000 0.000 0.000 0.000 0.000 0.000 0.000 0.000 0.000 1.901 3.602 8.049 9.333 13.225 17.132 19.049 20.584 25.557 32.672 32.436 29.126 32.592 27.851 21.395 15.059 11.768 11.313 7.443 5.234 4.637 2.716 0.000 -999.250 -999.250 -999.250 -999.250 -999.250 -999.250 -999.250 -999.250 -999.250 -999.250 -999.250 -999.250 -999.250 -999.250 -999.250 -999.250 -999.250 -999.250 -999.250 -999.250 -999.250 -999.250
3.085 5.637 7.677 9.204 11.480 11.324 10.464 7.484 4.379 2.933 1.753 2.245 0.424 0.000 0.000 0.000 0.000 0.000 0.000 0.000 0.000 0.000 0.000 0.000 1.331 5.254 8.887 9.531 11.859 17.066 22.020 21.189 25.519 22.163 33.996 35.962 25.614 25.037 19.570 14.438 12.085 12.371 5.183 2.937 2.404 0.000 0.000 -999.250 -999.250 -999.250 -999.250 -999.250 -999.250 -999.250 -999.250 -999.250 -999.250 -999.250 -999.250 -999.250 -999.250 -999.250 -999.250 -999.250 -999.250 -999.250 -999.250 -999.250 -999.250
6.867 6.982 8.568 12.285 12.709 12.787 13.579 12.435 8.858 8.974 4.944 4.281 2.211 0.058 0.000 0.000 0.000 0.000 0.000 0.000 0.000 0.000 0.000 0.807 3.026 2.565 4.396 7.422 9.088 18.086 19.553 19.149 23.432 28.632 28.601 25.765 25.589 22.216 15.975 13.950 9.559 13.332 5.364 2.303 0.000 0.000 0.000 -999.250 -999.250 -999.250 -999.250 -999.250 -999.250 -999.250 -999.250 -999.250 -999.250 -999.250 -999.250 -999.250 -999.250 -999.250 -999.250 -999.250 -999.250 -999.250 -999.250 -999.250 -999.250
9.391 12.416 12.733 14.785 17.398 18.820 17.595 17.143 14.912 11.145 6.364 7.497 4.387 1.989 0.000 0.000 0.000 0.000 0.000 0.000 0.000 0.000 0.000 1.633 1.706 2.261 4.932 7.461 9.200 12.619 16.809 17.094 23.626 27.351 24.624 22.052 20.722 17.848 14.853 11.343 9.743 6.135 2.667 0.000 0.000 0.000 -999.250 -999.250 -999.250 -999.250 -999.250 -999.250 -999.250 -999.250 -999.250 -999.250 -999.250 -999.250 -999.250 -999.250 -999.250 -999.250 -999.250 -999.250 -999.250 -999.250 -999.250 -999.250 -999.250
12.715 14.675 16.285 14.639 16.420 23.209 21.909 27.012 17.787 13.655 10.945 9.067 4.933 3.290 0.635 0.000 0.000 0.000 0.000 0.000 0.000 0.000 0.000 2.101 2.707 2.739 5.926 6.452 9.148 16.095 15.261 17.880 18.422 18.999 20.895 22.762 20.693 16.625 15.893 9.044 6.436 7.403 2.917 0.000 0.000 0.000 -999.250 -999.250 -999.250 -999.250 -999.250 -999.250 -999.250 -999.250 -999.250 -999.250 -999.250 -999.250 -999.250 -999.250 -999.250 -999.250 -999.250 -999.250 -999.250 -999.250 -999.250 -999.250 -999.250
15.670 17.436 20.195 21.705 24.620 26.179 25.549 21.509 17.410 13.782 11.783 9.290 8.163 7.290 2.702 0.000 0.000 0.000 0.000 0.000 0.000 0.000 0.828 2.843 3.852 7.037 6.242 8.706 8.872 15.123 15.424 17.397 14.240 16.739 19.125 23.371 14.744 11.695 12.572 13.499 8.876 6.381 1.158 0.064 0.000 -999.250 -999.250 -999.250 -999.250 -999.250 -999.250 -999.250 -999.250 -999.250 -999.250 -999.250 -999.250 -999.250 -999.250 -999.250 -999.250 -999.250 -999.250 -999.250 -999.250 -999.250 -999.250 -999.250 -999.250
19.298 22.986 25.092 27.537 28.132 28.799 25.830 23.832 17.868 15.872 10.628 10.358 8.283 6.171 2.860 2.106 0.000 0.000 0.000 0.000 0.000 0.000 2.023 3.767 6.079 5.979 6.214 4.659 10.206 11.765 15.515 14.633 12.602 12.069 15.567 19.012 17.333 14.254 12.283 8.508 8.156 3.035 2.768 2.584 0.000 -999.250 -999.250 -999.250 -999.250 -999.250 -999.250 -999.250 -999.250 -999.250 -999.250 -999.250 -999.250 -999.250 -999.250 -999.250 -999.250 -999.250 -999.250 -999.250 -999.250 -999.250 -999.250 -999.250 -999.250
19.334 27.154 32.212 33.175 29.108 26.500 31.117 24.736 18.849 17.126 10.424 6.832 4.879 3.483 1.139 0.000 0.000 0.000 0.000 0.000 0.000 0.000 2.091 3.141 5.661 6.311 5.381 6.856 10.265 10.718 10.032 11.924 12.535 14.554 14.525 16.055 15.979 15.273 14.676 8.663 4.499 4.516 4.758 3.407 1.598 0.095 0.495 -999.250 -999.250 -999.250 -999.250 -999.250 -999.250 -999.250 -999.250 -999.250 -999.250 -999.250 -999.250 -999.250 -999.250 -999.250 -999.250 -999.250 -999.250 -999.250 -999.250 -999.250 -999.250
19.033 27.712 38.539 38.087 36.620 36.290 29.339 27.225 19.767 12.910 11.466 6.323 2.334 0.386 0.000 0.000 0.000 0.000 0.482 0.767 0.733 0.344 1.925 4.414 4.490 4.500 5.258 6.531 9.100 10.703 10.615 10.324 12.579 14.297 16.031 13.239 17.840 13.212 10.253 8.254 4.171 5.912 6.381 4.377 2.492 5.223 0.997 -999.250 -999.250 -999.250 -999.250 -999.250 -999.250 -999.250 -999.250 -999.250 -999.250 -999.250 -999.250 -999.250 -999.250 -999.250 -999.250 -999.250 -999.250 -999.250 -999.250 -999.250 -999.250
19.124 23.931 32.950 31.298 33.300 31.864 27.497 20.809 17.613 10.712 11.500 6.180 2.865 0.000 0.000 0.000 0.000 0.000 0.000 0.000 2.110 2.454 1.325 4.008 4.759 6.004 7.089 6.244 9.766 10.046 12.542 10.515 9.597 13.312 13.156 11.207 12.483 10.885 8.306 9.161 7.899 5.724 2.206 4.157 5.919 4.265 3.271 -999.250 -999.250 -999.250 -999.250 -999.250 -999.250 -999.250 -999.250 -999.250 -999.250 -999.250 -999.250 -999.250 -999.250 -999.250 -999.250 -999.250 -999.250 -999.250 -999.250 -999.250 -999.250
18.274 22.964 28.940 32.233 31.580 30.433 22.427 21.627 17.061 13.812 10.453 4.282 1.964 0.000 0.000 0.000 0.000 0.000 0.000 1.046 0.970 1.920 3.458 4.354 5.239 5.351 6.996 7.273 7.116 8.175 10.357 11.596 9.610 13.702 11.975 12.426 12.010 11.147 10.004 9.384 8.680 7.160 6.008 4.102 4.353 4.264 -999.250 -999.250 -999.250 -999.250 -999.250 -999.250 -999.250 -999.250 -999.250 -999.250 -999.250 -999.250 -999.250 -999.250 -999.250 -999.250 -999.250 -999.250 -999.250 -999.250 -999.250 -999.250 -999.250
16.423 20.148 21.716 23.484 26.733 25.817 21.519 16.567 12.480 9.497 8.317 3.756 1.861 0.000 0.000 0.000 0.000 0.000 0.000 0.150 1.932 2.873 3.278 3.420 3.693 5.233 4.909 6.355 5.936 6.414 6.770 8.880 9.083 10.339 10.242 9.593 9.803 8.782 8.207 7.401 7.522 10.476 5.385 5.871 5.494 3.569 -999.250 -999.250 -999.250 -999.250 -999.250 -999.250 -999.250 -999.250 -999.250 -999.250 -999.250 -999.250 -999.250 -999.250 -999.250 -999.250 -999.250 -999.250 -999.250 -999.250 -999.250 -999.250 -999.250
