data/medianmodel_19-Feb-2021.asc
ncols	141
nrows	288
xllcorner	-120191.398
yllcorner	-301404.813
cellsize	2000.000
NODATA_value	-999.250
[rows 203 to 231 of 288, columns 65 to 129 of 141]
127.983 131.958 130.661 132.135 124.344 122.597 117.109 111.197 116.547 119.550 125.076 133.940 135.277 146.361 145.634 160.669 170.166 185.823 204.278 222.387 217.038 218.828 233.466 221.681 211.195 206.791 180.916 182.880 165.007 149.130 -999.250 -999.250 -999.250 -999.250 -999.250 -999.250 -999.250 -999.250 -999.250 -999.250 -999.250 -999.250 -999.250 -999.250 -999.250 -999.250 -999.250 -999.250 -999.250 -999.250 -999.250 -999.250 -999.250 -999.250 -999.250 -999.250 -999.250 -999.250 -999.250 -999.250 -999.250 -999.250 -999.250 -999.250 -999.250
133.393 127.330 124.841 120.902 119.126 109.407 108.344 114.501 107.425 122.194 124.978 124.341 123.597 129.991 143.970 155.681 163.746 174.171 196.611 215.057 225.745 243.210 231.935 224.398 221.247 199.381 187.253 173.697 156.817 133.802 126.251 -999.250 -999.250 -999.250 -999.250 -999.250 -999.250 -999.250 -999.250 -999.250 -999.250 -999.250 -999.250 -999.250 -999.250 -999.250 -999.250 -999.250 -999.250 -999.250 -999.250 -999.250 -999.250 -999.250 -999.250 -999.250 -999.250 -999.250 -999.250 -999.250 -999.250 -999.250 -999.250 -999.250 -999.250
128.810 123.965 117.109 120.231 110.962 111.204 105.342 101.697 100.347 102.261 107.736 107.822 123.327 123.145 143.441 148.880 161.282 180.687 201.334 215.052 237.723 250.534 239.688 237.829 211.707 200.862 181.523 156.640 141.030 127.793 -999.250 -999.250 -999.250 -999.250 -999.250 -999.250 -999.250 -999.250 -999.250 -999.250 -999.250 -999.250 -999.250 -999.250 -999.250 -999.250 -999.250 -999.250 -999.250 -999.250 -999.250 -999.250 -999.250 -999.250 -999.250 -999.250 -999.250 -999.250 -999.250 -999.250 -999.250 -999.250 -999.250 -999.250 -999.250
140.964 133.091 120.081 121.666 105.505 113.964 107.425 98.354 89.227 97.190 98.621 100.015 113.011 120.100 126.329 144.063 150.464 172.553 195.535 226.276 249.626 244.893 239.781 222.094 208.637 177.349 167.964 146.939 129.859 116.950 99.892 -999.250 -999.250 -999.250 -999.250 -999.250 -999.250 -999.250 -999.250 -999.250 -999.250 -999.250 -999.250 -999.250 -999.250 -999.250 -999.250 -999.250 -999.250 -999.250 -999.250 -999.250 -999.250 -999.250 -999.250 -999.250 -999.250 -999.250 -999.250 -999.250 -999.250 -999.250 -999.250 -999.250 -999.250
152.764 131.638 120.335 118.574 113.392 105.554 96.050 93.448 77.358 80.655 90.142 90.541 93.817 108.805 117.499 132.517 146.543 166.802 198.602 216.243 225.097 235.019 227.214 222.127 203.496 182.131 171.634 152.166 130.976 106.046 90.330 70.876 -999.250 -999.250 -999.250 -999.250 -999.250 -999.250 -999.250 -999.250 -999.250 -999.250 -999.250 -999.250 -999.250 -999.250 -999.250 -999.250 -999.250 -999.250 -999.250 -999.250 -999.250 -999.250 -999.250 -999.250 -999.250 -999.250 -999.250 -999.250 -999.250 -999.250 -999.250 -999.250 -999.250
155.220 141.253 130.084 116.951 105.052 100.639 93.530 82.838 75.994 75.631 78.058 67.904 81.442 92.525 111.699 124.527 141.509 164.288 180.533 209.840 222.160 221.425 221.377 230.410 206.304 186.417 166.523 145.067 128.287 105.560 75.514 57.713 -999.250 -999.250 -999.250 -999.250 -999.250 -999.250 -999.250 -999.250 -999.250 -999.250 -999.250 -999.250 -999.250 -999.250 -999.250 -999.250 -999.250 -999.250 -999.250 -999.250 -999.250 -999.250 -999.250 -999.250 -999.250 -999.250 -999.250 -999.250 -999.250 -999.250 -999.250 -999.250 -999.250
168.220 150.993 146.029 134.919 112.582 108.865 91.790 78.890 71.571 69.832 61.795 62.038 63.003 72.804 94.732 112.205 141.259 153.547 177.171 189.323 198.696 211.622 204.059 210.809 203.565 186.595 174.499 147.689 127.923 106.923 67.696 40.816 54.924 -999.250 -999.250 -999.250 -999.250 -999.250 -999.250 -999.250 -999.250 -999.250 -999.250 -999.250 -999.250 -999.250 -999.250 -999.250 -999.250 -999.250 -999.250 -999.250 -999.250 -999.250 -999.250 -999.250 -999.250 -999.250 -999.250 -999.250 -999.250 -999.250 -999.250 -999.250 -999.250
174.764 166.730 146.726 128.922 126.250 103.279 97.809 89.054 77.849 58.821 60.698 53.093 60.553 66.264 84.000 103.040 128.623 149.191 166.033 184.592 197.619 207.190 207.811 212.714 197.863 185.280 182.147 159.809 150.648 109.883 92.244 68.215 71.508 91.537 -999.250 -999.250 -999.250 -999.250 -999.250 -999.250 -999.250 -999.250 -999.250 -999.250 -999.250 -999.250 -999.250 -999.250 -999.250 -999.250 -999.250 -999.250 -999.250 -999.250 -999.250 -999.250 -999.250 -999.250 -999.250 -999.250 -999.250 -999.250 -999.250 -999.250 -999.250
194.363 172.494 154.335 135.453 123.616 102.861 91.685 90.843 90.209 65.826 55.439 56.176 47.717 55.818 69.599 87.914 111.458 136.303 158.614 167.063 188.955 205.237 205.456 205.082 211.570 213.667 186.844 173.044 161.875 137.842 125.443 108.085 109.005 115.322 122.013 -999.250 -999.250 -999.250 -999.250 -999.250 -999.250 -999.250 -999.250 -999.250 -999.250 -999.250 -999.250 -999.250 -999.250 -999.250 -999.250 -999.250 -999.250 -999.250 -999.250 -999.250 -999.250 -999.250 -999.250 -999.250 -999.250 -999.250 -999.250 -999.250 -999.250
169.285 154.261 141.933 126.294 115.972 111.875 100.520 90.053 80.970 69.930 70.519 54.079 42.103 41.286 63.026 90.350 108.053 128.590 149.837 168.301 190.972 199.352 210.463 222.174 227.075 217.593 201.002 184.399 186.507 173.585 156.016 144.921 144.826 133.578 135.483 146.906 -999.250 -999.250 -999.250 -999.250 -999.250 -999.250 -999.250 -999.250 -999.250 -999.250 -999.250 -999.250 -999.250 -999.250 -999.250 -999.250 -999.250 -999.250 -999.250 -999.250 -999.250 -999.250 -999.250 -999.250 -999.250 -999.250 -999.250 -999.250 -999.250
155.694 142.348 137.717 128.874 128.092 122.621 111.037 107.304 94.770 84.666 69.560 56.653 47.138 34.317 61.661 80.403 112.764 123.554 146.361 170.124 187.212 204.959 224.998 233.813 247.115 239.370 221.720 217.924 217.494 210.526 197.112 175.680 170.067 166.744 172.610 177.303 -999.250 -999.250 -999.250 -999.250 -999.250 -999.250 -999.250 -999.250 -999.250 -999.250 -999.250 -999.250 -999.250 -999.250 -999.250 -999.250 -999.250 -999.250 -999.250 -999.250 -999.250 -999.250 -999.250 -999.250 -999.250 -999.250 -999.250 -999.250 -999.250
145.467 136.248 137.735 136.635 138.117 134.798 127.284 121.300 104.309 96.508 89.861 72.649 63.849 56.728 74.219 101.718 117.575 126.421 154.351 178.542 197.831 202.020 238.342 246.137 249.309 249.970 268.817 255.537 251.471 248.883 230.648 219.311 211.093 207.160 192.056 196.153 194.578 -999.250 -999.250 -999.250 -999.250 -999.250 -999.250 -999.250 -999.250 -999.250 -999.250 -999.250 -999.250 -999.250 -999.250 -999.250 -999.250 -999.250 -999.250 -999.250 -999.250 -999.250 -999.250 -999.250 -999.250 -999.250 -999.250 -999.250 -999.250
135.247 132.448 137.862 147.380 150.484 154.545 141.524 136.038 129.183 116.960 114.542 95.497 91.607 85.383 100.439 117.590 124.653 130.702 156.556 184.784 197.493 238.373 247.945 271.412 279.835 285.541 283.117 296.381 287.602 287.963 276.792 265.260 253.524 228.387 225.137 211.439 209.698 211.536 -999.250 -999.250 -999.250 -999.250 -999.250 -999.250 -999.250 -999.250 -999.250 -999.250 -999.250 -999.250 -999.250 -999.250 -999.250 -999.250 -999.250 -999.250 -999.250 -999.250 -999.250 -999.250 -999.250 -999.250 -999.250 -999.250 -999.250
130.768 138.943 146.687 159.589 171.722 185.756 175.992 170.482 155.540 147.232 137.979 126.362 114.335 114.134 119.164 132.775 144.612 158.048 163.525 196.513 225.536 255.429 284.359 288.398 309.018 323.313 330.543 342.847 338.993 325.628 303.492 301.613 287.255 276.538 260.193 255.457 255.651 229.868 -999.250 -999.250 -999.250 -999.250 -999.250 -999.250 -999.250 -999.250 -999.250 -999.250 -999.250 -999.250 -999.250 -999.250 -999.250 -999.250 -999.250 -999.250 -999.250 -999.250 -999.250 -999.250 -999.250 -999.250 -999.250 -999.250 -999.250
121.114 157.433 181.084 206.136 203.737 219.072 207.867 202.592 181.142 171.543 163.339 148.538 129.474 128.872 141.108 151.266 160.035 167.043 188.198 213.215 240.311 269.341 294.289 308.132 335.821 360.732 371.416 385.675 365.419 364.306 339.133 340.490 306.238 294.509 284.704 276.309 265.345 260.661 -999.250 -999.250 -999.250 -999.250 -999.250 -999.250 -999.250 -999.250 -999.250 -999.250 -999.250 -999.250 -999.250 -999.250 -999.250 -999.250 -999.250 -999.250 -999.250 -999.250 -999.250 -999.250 -999.250 -999.250 -999.250 -999.250 -999.250
183.077 190.401 220.854 243.807 256.985 249.682 244.527 225.262 208.872 191.743 179.636 168.552 152.357 143.868 147.996 158.790 166.393 175.908 194.291 226.222 258.184 284.766 302.935 342.634 390.024 422.753 422.876 416.323 429.873 392.291 388.602 359.554 356.634 329.833 305.855 297.616 291.170 276.443 263.205 -999.250 -999.250 -999.250 -999.250 -999.250 -999.250 -999.250 232.818 -999.250 -999.250 -999.250 -999.250 -999.250 -999.250 -999.250 -999.250 -999.250 -999.250 -999.250 -999.250 -999.250 -999.250 -999.250 -999.250 -999.250 -999.250
249.084 253.371 266.788 281.041 298.210 291.625 276.328 255.837 230.206 204.453 189.416 173.566 164.312 154.893 157.004 166.388 167.876 184.931 201.302 248.249 263.076 294.484 340.194 376.290 414.776 438.460 479.168 479.486 449.213 437.929 419.109 398.716 370.057 354.829 331.970 307.304 306.669 297.737 289.603 280.958 -999.250 -999.250 -999.250 267.148 263.876 254.845 241.901 -999.250 -999.250 -999.250 -999.250 -999.250 -999.250 -999.250 -999.250 -999.250 -999.250 -999.250 -999.250 -999.250 -999.250 -999.250 -999.250 -999.250 -999.250
294.967 295.491 301.312 311.138 325.970 348.205 316.052 271.824 251.755 224.850 202.403 186.926 173.577 168.017 166.065 175.715 179.505 200.196 231.608 260.994 272.758 294.932 341.757 379.123 444.228 484.633 479.538 510.636 496.127 455.871 439.244 432.531 412.395 374.163 363.107 344.529 330.045 323.319 319.331 307.701 -999.250 285.409 284.340 272.936 266.533 267.303 -999.250 -999.250 -999.250 -999.250 -999.250 -999.250 -999.250 -999.250 -999.250 -999.250 -999.250 -999.250 -999.250 -999.250 -999.250 -999.250 -999.250 -999.250 -999.250
349.380 337.401 334.491 333.503 336.744 352.471 312.384 284.549 256.208 240.492 210.450 193.117 185.574 175.923 175.255 181.824 190.445 220.006 239.572 264.101 279.665 325.298 361.984 419.106 462.802 510.792 547.499 548.828 533.132 489.727 451.853 447.711 424.081 371.735 375.175 368.632 350.589 343.480 332.890 323.099 308.608 304.914 305.998 286.375 275.091 278.764 -999.250 -999.250 -999.250 -999.250 -999.250 -999.250 -999.250 -999.250 -999.250 -999.250 -999.250 -999.250 -999.250 -999.250 -999.250 -999.250 -999.250 -999.250 -999.250
382.697 387.773 364.911 364.990 356.693 332.255 294.514 272.488 254.976 243.803 214.409 190.430 190.232 183.884 191.083 189.445 208.161 224.364 250.480 271.782 287.971 344.172 378.039 421.779 451.846 509.195 548.816 619.624 542.259 507.960 503.961 477.906 456.591 403.204 412.029 391.682 353.570 339.971 349.858 333.644 320.597 319.807 317.018 291.752 293.251 288.093 -999.250 -999.250 -999.250 -999.250 -999.250 -999.250 -999.250 -999.250 -999.250 -999.250 -999.250 -999.250 -999.250 -999.250 -999.250 -999.250 -999.250 -999.250 -999.250
430.569 420.287 386.636 391.407 368.023 338.127 304.952 278.830 255.031 232.229 222.782 209.726 200.673 190.161 194.238 205.039 221.560 235.845 256.535 277.064 293.946 327.971 372.531 432.493 475.686 495.305 542.059 555.115 547.020 513.992 504.207 483.441 457.406 437.165 422.020 417.702 356.270 351.086 366.892 339.002 326.364 308.649 296.430 294.630 302.838 291.413 -999.250 -999.250 -999.250 -999.250 -999.250 -999.250 -999.250 -999.250 -999.250 -999.250 -999.250 -999.250 -999.250 -999.250 -999.250 -999.250 -999.250 -999.250 -999.250
465.609 453.269 418.643 391.795 361.340 329.930 291.090 275.332 251.775 223.814 222.601 222.359 212.314 199.524 194.881 194.506 227.602 241.490 256.288 265.982 288.534 327.095 374.396 419.624 459.909 489.178 525.926 536.181 516.991 504.731 499.208 481.241 462.542 437.814 422.577 415.868 383.467 373.460 368.889 361.838 342.818 323.144 308.031 302.788 294.506 -999.250 -999.250 -999.250 -999.250 -999.250 -999.250 -999.250 -999.250 -999.250 -999.250 -999.250 -999.250 -999.250 -999.250 -999.250 -999.250 -999.250 -999.250 -999.250 -999.250
477.427 440.336 405.946 391.569 348.039 322.978 287.008 266.354 247.492 226.425 235.278 223.338 216.409 201.930 198.035 210.707 208.916 247.688 249.639 277.177 299.568 332.192 354.658 395.629 429.896 459.671 497.805 505.278 490.629 499.989 493.762 479.671 467.858 452.544 454.790 428.320 411.914 361.062 365.462 362.092 352.614 319.223 321.251 303.538 299.503 -999.250 -999.250 -999.250 -999.250 -999.250 -999.250 -999.250 -999.250 -999.250 -999.250 -999.250 -999.250 -999.250 -999.250 -999.250 -999.250 -999.250 -999.250 -999.250 -999.250
475.915 453.062 415.560 383.555 338.147 319.337 282.602 260.023 247.043 227.059 229.354 233.134 218.400 214.941 206.064 213.520 216.201 229.544 251.867 278.091 301.786 319.639 340.357 381.163 425.007 462.736 490.552 507.012 501.043 478.217 460.882 459.516 468.246 444.955 440.709 414.000 401.282 370.364 383.603 358.423 352.101 344.713 320.320 326.163 322.276 -999.250 -999.250 -999.250 -999.250 -999.250 -999.250 -999.250 -999.250 -999.250 -999.250 -999.250 -999.250 -999.250 -999.250 -999.250 -999.250 -999.250 -999.250 -999.250 -999.250
468.414 438.411 418.289 373.513 316.413 295.128 274.780 252.230 242.918 243.394 245.652 223.772 223.311 223.990 225.586 231.344 246.491 254.324 247.716 271.334 294.032 311.986 355.418 390.195 411.535 446.904 476.112 457.373 475.437 460.483 482.192 481.610 452.753 447.429 437.221 437.319 401.536 399.318 368.431 364.857 351.684 346.546 337.623 342.426 -999.250 -999.250 -999.250 -999.250 -999.250 -999.250 -999.250 -999.250 -999.250 -999.250 -999.250 -999.250 -999.250 -999.250 -999.250 -999.250 -999.250 -999.250 -999.250 -999.250 -999.250
466.712 451.472 418.942 383.388 315.241 285.630 260.242 249.093 238.712 243.250 240.747 235.999 227.881 237.960 232.680 228.012 233.437 241.647 253.037 275.812 288.633 296.840 324.471 355.964 397.705 406.651 430.004 468.743 467.248 449.587 458.296 454.718 429.029 394.922 419.096 411.920 397.967 394.474 382.762 -999.250 -999.250 363.983 351.123 329.362 -999.250 -999.250 -999.250 -999.250 -999.250 -999.250 -999.250 -999.250 -999.250 -999.250 -999.250 -999.250 -999.250 -999.250 -999.250 -999.250 -999.250 -999.250 -999.250 -999.250 -999.250
492.523 459.943 431.190 378.526 310.360 259.091 259.339 258.248 262.156 241.595 233.783 231.001 235.561 235.887 240.866 242.834 242.382 233.825 256.983 265.009 276.283 285.186 305.604 342.325 374.327 388.896 418.953 433.773 435.906 455.560 457.347 415.116 409.454 381.524 426.687 385.748 388.047 391.475 385.749 -999.250 -999.250 -999.250 -999.250 -999.250 -999.250 -999.250 -999.250 -999.250 -999.250 -999.250 -999.250 -999.250 -999.250 -999.250 -999.250 -999.250 -999.250 -999.250 -999.250 -999.250 -999.250 -999.250 -999.250 -999.250 -999.250
513.787 477.474 444.899 406.596 335.627 296.600 278.702 265.272 264.308 253.026 250.339 246.591 232.678 234.617 249.399 237.218 240.396 255.582 254.724 263.029 268.096 277.838 298.879 313.912 362.156 379.979 403.327 376.111 409.515 428.924 426.302 400.933 390.702 373.987 378.541 -999.250 -999.250 382.245 -999.250 -999.250 -999.250 -999.250 -999.250 -999.250 -999.250 -999.250 -999.250 -999.250 -999.250 -999.250 -999.250 -999.250 -999.250 -999.250 -999.250 -999.250 -999.250 -999.250 -999.250 -999.250 -999.250 -999.250 -999.250 -999.250 -999.250
552.251 495.827 451.100 412.734 350.405 339.148 292.647 279.217 275.565 264.571 251.281 243.869 231.296 234.420 244.930 236.681 244.772 250.021 256.207 256.725 265.268 277.447 295.290 303.316 336.116 363.221 369.751 400.004 408.834 416.452 410.038 395.565 382.737 -999.250 -999.250 -999.250 -999.250 -999.250 -999.250 -999.250 -999.250 -999.250 -999.250 -999.250 -999.250 -999.250 -999.250 -999.250 -999.250 -999.250 -999.250 -999.250 -999.250 -999.250 -999.250 -999.250 -999.250 -999.250 -999.250 -999.250 -999.250 -999.250 -999.250 -999.250 -999.250
