data/medianmodel_11-Feb-2021.asc
ncols	141
nrows	288
xllcorner	-120191.398
yllcorner	-301404.813
cellsize	2000.000
NODATA_value	-999.250
[rows 174 to 202 of 288, columns 64 to 127 of 141]
308.753 323.136 338.753 371.102 395.109 445.168 479.289 556.106 573.569 653.264 715.738 797.293 865.322 902.134 962.652 1004.757 977.988 1017.417 1002.677 970.008 916.670 815.892 721.084 615.414 580.450 533.753 496.076 497.079 539.674 597.701 714.827 796.275 909.839 986.763 1023.572 1010.968 1062.753 1021.227 979.658 979.702 976.478 874.014 896.292 816.532 722.880 687.343 -999.250 -999.250 -999.250 -999.250 -999.250 -999.250 -999.250 -999.250 -999.250 -999.250 -999.250 -999.250 -999.250 -999.250 -999.250 -999.250 -999.250 -999.250
322.393 340.571 374.311 404.327 447.059 513.893 549.586 611.486 659.900 724.937 818.238 865.588 932.306 985.737 1038.711 1031.334 1026.746 1026.461 1037.530 1023.772 952.245 904.387 792.662 709.311 596.851 564.783 524.978 523.859 534.619 598.851 644.378 725.352 824.225 856.417 923.604 937.411 964.225 947.075 902.396 909.323 852.268 821.420 816.687 743.123 714.752 -999.250 -999.250 -999.250 -999.250 -999.250 -999.250 -999.250 -999.250 -999.250 -999.250 -999.250 -999.250 -999.250 -999.250 -999.250 -999.250 -999.250 -999.250 -999.250
361.269 383.586 408.293 454.099 513.992 574.529 602.344 679.214 749.722 798.488 863.461 940.133 996.827 1047.099 1060.197 1087.942 1062.307 1082.578 1095.057 1065.345 1002.262 952.029 870.500 733.144 646.490 592.389 551.041 550.435 555.179 576.948 588.015 678.159 715.838 806.017 809.533 811.992 869.242 835.643 802.320 787.588 790.835 752.685 739.993 711.609 677.191 -999.250 -999.250 -999.250 -999.250 -999.250 -999.250 -999.250 -999.250 -999.250 -999.250 -999.250 -999.250 -999.250 -999.250 -999.250 -999.250 -999.250 -999.250 -999.250
389.173 421.300 463.571 500.302 554.669 597.866 631.883 679.923 811.516 853.607 954.677 998.115 1060.671 1111.737 1098.470 1132.342 1130.419 1173.622 1145.153 1124.582 1054.554 1000.558 894.695 768.190 675.213 595.913 542.421 563.705 544.790 572.197 597.190 630.992 644.840 695.082 717.271 744.386 745.483 738.570 728.787 690.010 692.365 707.259 628.271 617.328 -999.250 -999.250 -999.250 -999.250 -999.250 -999.250 -999.250 -999.250 -999.250 -999.250 -999.250 -999.250 -999.250 -999.250 -999.250 -999.250 -999.250 -999.250 -999.250 -999.250
433.975 489.904 533.476 557.885 608.016 639.801 669.617 739.519 834.566 904.166 989.602 1030.069 1114.524 1131.119 1134.806 1164.859 1174.418 1192.771 1219.756 1142.956 1052.256 1047.657 982.276 825.770 717.201 628.062 585.149 563.916 536.620 547.701 569.343 588.692 584.574 603.840 632.269 625.451 643.869 637.831 640.068 624.789 610.236 620.124 595.291 584.476 -999.250 -999.250 -999.250 -999.250 -999.250 -999.250 -999.250 -999.250 -999.250 -999.250 -999.250 -999.250 -999.250 -999.250 -999.250 -999.250 -999.250 -999.250 -999.250 -999.250
507.524 537.748 548.573 600.956 655.681 677.558 723.355 832.208 874.098 958.477 995.079 1046.700 1093.038 1170.916 1188.546 1219.947 1252.028 1240.172 1254.792 1187.134 1096.075 1047.638 968.230 871.095 775.220 642.344 594.697 546.949 543.035 535.291 542.492 537.745 556.557 567.602 583.815 586.289 578.134 575.644 587.561 575.759 583.221 576.343 579.795 -999.250 -999.250 -999.250 -999.250 -999.250 -999.250 -999.250 -999.250 -999.250 -999.250 -999.250 -999.250 -999.250 -999.250 -999.250 -999.250 -999.250 -999.250 -999.250 -999.250 -999.250
541.329 584.810 606.654 656.383 684.989 756.107 830.557 854.377 935.849 990.324 1036.479 1097.961 1126.755 1165.761 1215.478 1263.925 1324.865 1333.144 1322.838 1295.364 1230.258 1105.474 999.833 876.552 745.890 647.170 590.678 545.043 510.025 505.915 479.546 516.861 525.503 525.383 539.382 540.059 522.777 532.577 530.783 534.078 537.277 541.241 548.569 -999.250 -999.250 -999.250 -999.250 -999.250 -999.250 -999.250 -999.250 -999.250 -999.250 -999.250 -999.250 -999.250 -999.250 -999.250 -999.250 -999.250 -999.250 -999.250 -999.250 -999.250
577.934 611.777 648.833 706.833 802.743 793.760 849.513 928.193 972.140 1005.517 1040.695 1085.752 1140.392 1179.814 1224.046 1393.160 1422.138 1431.015 1438.034 1381.145 1263.417 1150.908 1020.636 874.343 792.135 637.110 566.748 525.970 499.367 482.026 493.499 492.100 508.422 501.694 508.936 492.018 481.302 498.352 505.364 474.093 475.410 500.162 511.512 -999.250 -999.250 -999.250 -999.250 -999.250 -999.250 -999.250 -999.250 -999.250 -999.250 -999.250 -999.250 -999.250 -999.250 -999.250 -999.250 -999.250 -999.250 -999.250 -999.250 -999.250
638.996 669.750 718.588 776.600 809.852 878.440 922.682 981.878 1027.183 1033.026 1085.779 1141.576 1163.349 1244.359 1312.458 1397.726 1467.509 1443.871 1490.178 1493.692 1315.758 1199.766 1028.280 916.742 733.481 610.271 541.303 508.573 468.910 488.511 499.082 497.667 511.252 483.528 466.942 480.481 486.197 468.910 441.050 443.993 437.197 440.220 -999.250 -999.250 -999.250 -999.250 -999.250 -999.250 -999.250 -999.250 -999.250 -999.250 -999.250 -999.250 -999.250 -999.250 -999.250 -999.250 -999.250 -999.250 -999.250 -999.250 -999.250 -999.250
739.002 738.516 747.203 794.675 904.978 938.132 949.415 1012.098 1044.551 1046.092 1117.014 1161.419 1189.760 1300.650 1279.314 1370.969 1375.095 1486.324 1535.243 1594.909 1366.860 1203.545 1014.603 892.966 728.111 588.739 487.296 472.190 469.695 490.783 486.886 470.978 476.846 487.334 462.319 481.134 440.667 429.887 404.326 416.330 422.793 -999.250 -999.250 -999.250 -999.250 -999.250 -999.250 -999.250 -999.250 -999.250 -999.250 -999.250 -999.250 -999.250 -999.250 -999.250 -999.250 -999.250 -999.250 -999.250 -999.250 -999.250 -999.250 -999.250
763.911 807.010 859.880 895.996 898.238 938.842 961.629 990.959 1061.554 1090.883 1101.761 1112.309 1184.102 1233.847 1248.379 1309.577 1392.103 1391.819 1526.775 1460.147 1365.405 1177.444 1008.291 883.671 709.656 569.359 430.523 486.346 506.360 505.481 495.846 509.301 501.638 504.271 480.162 475.329 455.920 426.633 408.292 418.375 412.234 -999.250 -999.250 -999.250 -999.250 -999.250 -999.250 -999.250 -999.250 -999.250 -999.250 -999.250 -999.250 -999.250 -999.250 -999.250 -999.250 -999.250 -999.250 -999.250 -999.250 -999.250 -999.250 -999.250
838.780 917.840 945.739 944.094 982.976 980.018 1001.083 1016.992 1053.197 1099.704 1101.885 1091.708 1183.459 1167.516 1244.688 1255.355 1294.950 1353.565 1363.333 1336.815 1252.676 1117.988 1004.047 882.824 721.388 597.915 562.341 556.862 557.310 551.983 531.363 534.446 502.264 495.664 482.797 483.409 470.985 447.464 432.673 -999.250 -999.250 -999.250 -999.250 -999.250 -999.250 -999.250 -999.250 -999.250 -999.250 -999.250 -999.250 -999.250 -999.250 -999.250 -999.250 -999.250 -999.250 -999.250 -999.250 -999.250 -999.250 -999.250 -999.250 -999.250
921.566 978.191 985.214 969.939 1014.044 1009.256 997.824 1029.767 1049.128 1057.322 1087.160 1124.493 1100.087 1126.811 1164.195 1181.618 1241.691 1247.741 1239.167 1215.572 1140.464 1043.044 969.734 888.957 761.265 664.761 624.478 653.082 597.228 594.215 554.878 560.320 547.476 533.270 514.855 500.130 491.536 472.199 -999.250 -999.250 -999.250 -999.250 -999.250 -999.250 -999.250 -999.250 -999.250 -999.250 -999.250 -999.250 -999.250 -999.250 -999.250 -999.250 -999.250 -999.250 -999.250 -999.250 -999.250 -999.250 -999.250 -999.250 -999.250 -999.250
937.196 1039.261 1028.343 1026.628 1026.662 1003.026 1011.948 1027.278 1005.740 1011.620 1066.442 1077.237 1063.131 1074.350 1102.242 1104.887 1152.732 1136.376 1157.654 1114.310 1060.663 1020.870 972.204 873.821 765.069 733.919 693.600 659.557 650.414 609.644 587.198 583.856 580.622 535.089 515.858 525.298 506.570 -999.250 -999.250 -999.250 -999.250 -999.250 -999.250 -999.250 -999.250 -999.250 -999.250 -999.250 -999.250 -999.250 -999.250 -999.250 -999.250 -999.250 -999.250 -999.250 -999.250 -999.250 -999.250 -999.250 -999.250 -999.250 -999.250 -999.250
899.794 983.762 982.974 1004.364 999.527 982.900 965.755 943.608 958.040 968.896 1008.437 1004.412 1011.772 1024.288 1023.035 1034.151 1063.315 1040.790 1035.433 1010.405 1003.084 960.888 894.790 834.063 764.584 749.130 715.005 700.553 696.491 673.604 616.676 599.732 577.259 566.161 571.824 557.496 -999.250 -999.250 -999.250 -999.250 -999.250 -999.250 -999.250 -999.250 -999.250 -999.250 -999.250 -999.250 -999.250 -999.250 -999.250 -999.250 -999.250 -999.250 -999.250 -999.250 -999.250 -999.250 -999.250 -999.250 -999.250 -999.250 -999.250 -999.250
836.153 914.328 958.591 928.392 964.722 936.828 956.404 891.446 904.682 898.055 920.141 922.805 951.720 960.566 965.522 957.056 980.761 992.069 955.821 956.147 919.368 860.218 825.967 800.988 775.499 794.916 775.965 752.276 752.261 707.534 675.275 667.917 621.243 605.463 -999.250 -999.250 -999.250 -999.250 -999.250 -999.250 -999.250 -999.250 -999.250 -999.250 -999.250 -999.250 -999.250 -999.250 -999.250 -999.250 -999.250 -999.250 -999.250 -999.250 -999.250 -999.250 -999.250 -999.250 -999.250 -999.250 -999.250 -999.250 -999.250 -999.250
760.895 840.315 897.913 860.220 908.196 870.725 849.385 861.875 840.127 834.917 845.879 859.737 824.212 883.128 848.543 848.162 900.017 866.319 796.061 800.054 813.992 815.892 790.348 780.960 776.288 780.757 818.455 776.686 773.675 757.459 732.391 698.114 694.585 667.244 -999.250 -999.250 -999.250 -999.250 -999.250 -999.250 -999.250 -999.250 -999.250 -999.250 -999.250 -999.250 -999.250 -999.250 -999.250 -999.250 -999.250 -999.250 -999.250 -999.250 -999.250 -999.250 -999.250 -999.250 -999.250 -999.250 -999.250 -999.250 -999.250 -999.250
733.657 748.599 798.875 773.459 847.199 790.429 762.643 789.423 789.265 786.795 750.410 749.190 772.864 825.703 757.645 745.603 738.748 719.312 672.292 696.361 673.558 707.244 758.611 782.797 797.182 818.918 861.795 865.302 795.487 804.760 797.250 750.289 736.048 -999.250 -999.250 -999.250 -999.250 -999.250 -999.250 -999.250 -999.250 -999.250 -999.250 -999.250 -999.250 -999.250 -999.250 -999.250 -999.250 -999.250 -999.250 -999.250 -999.250 -999.250 -999.250 -999.250 -999.250 -999.250 -999.250 -999.250 -999.250 -999.250 -999.250 -999.250
627.332 666.996 719.024 707.128 700.502 717.155 730.078 712.393 722.595 722.165 695.005 714.582 709.320 685.636 691.201 675.849 619.016 611.152 576.484 581.291 605.899 626.844 694.988 757.998 822.070 852.823 922.915 889.300 878.541 866.553 825.369 776.936 733.035 -999.250 -999.250 -999.250 -999.250 -999.250 -999.250 -999.250 -999.250 -999.250 -999.250 -999.250 -999.250 -999.250 -999.250 -999.250 -999.250 -999.250 -999.250 -999.250 -999.250 -999.250 -999.250 -999.250 -999.250 -999.250 -999.250 -999.250 -999.250 -999.250 -999.250 -999.250
562.320 595.460 615.331 650.677 632.817 607.536 627.986 631.451 640.904 628.412 609.177 602.429 603.958 594.642 582.567 576.497 566.157 553.373 519.400 472.218 554.024 595.482 652.103 754.142 820.825 906.319 955.580 939.551 937.670 858.940 814.224 787.789 798.627 -999.250 -999.250 -999.250 -999.250 -999.250 -999.250 -999.250 -999.250 -999.250 -999.250 -999.250 -999.250 -999.250 -999.250 -999.250 -999.250 -999.250 -999.250 -999.250 -999.250 -999.250 -999.250 -999.250 -999.250 -999.250 -999.250 -999.250 -999.250 -999.250 -999.250 -999.250
515.785 551.729 552.533 568.439 556.979 549.453 578.305 578.642 580.523 571.827 560.166 549.814 537.791 547.168 521.788 514.252 513.354 499.183 492.287 491.470 521.653 608.320 674.342 741.197 850.041 956.455 989.574 997.872 971.375 912.097 859.731 872.942 797.872 -999.250 -999.250 -999.250 -999.250 -999.250 -999.250 -999.250 -999.250 -999.250 -999.250 -999.250 -999.250 -999.250 -999.250 -999.250 -999.250 -999.250 -999.250 -999.250 -999.250 -999.250 -999.250 -999.250 -999.250 -999.250 -999.250 -999.250 -999.250 -999.250 -999.250 -999.250
483.036 503.631 523.555 524.844 522.723 525.596 516.686 530.075 522.023 504.158 525.261 502.397 498.086 483.518 493.379 464.158 473.218 488.821 485.816 517.352 534.910 598.367 688.068 742.002 875.866 978.407 1041.667 1015.733 992.331 907.682 905.833 854.134 827.590 789.601 -999.250 -999.250 -999.250 -999.250 -999.250 -999.250 -999.250 -999.250 -999.250 -999.250 -999.250 -999.250 -999.250 -999.250 -999.250 -999.250 -999.250 -999.250 -999.250 -999.250 -999.250 -999.250 -999.250 -999.250 -999.250 -999.250 -999.250 -999.250 -999.250 -999.250
466.501 460.379 471.438 468.360 490.361 491.188 478.831 484.038 471.007 500.808 481.095 481.289 462.399 431.203 442.970 439.581 471.502 487.587 488.884 494.666 541.800 590.740 679.781 779.219 902.495 929.375 980.032 986.290 931.219 958.364 924.660 851.298 819.287 832.165 -999.250 -999.250 -999.250 -999.250 -999.250 -999.250 -999.250 -999.250 -999.250 -999.250 -999.250 -999.250 -999.250 -999.250 -999.250 -999.250 -999.250 -999.250 -999.250 -999.250 -999.250 -999.250 -999.250 -999.250 -999.250 -999.250 -999.250 -999.250 -999.250 -999.250
431.299 438.754 420.736 419.989 427.051 417.756 419.336 432.704 429.790 444.874 445.235 423.398 424.448 425.642 429.266 456.060 453.461 469.466 468.397 526.243 572.875 612.463 675.142 720.443 811.082 844.280 955.260 936.555 931.669 937.439 914.070 830.165 824.627 -999.250 -999.250 -999.250 -999.250 -999.250 -999.250 -999.250 -999.250 -999.250 -999.250 -999.250 -999.250 -999.250 -999.250 -999.250 -999.250 -999.250 -999.250 -999.250 -999.250 -999.250 -999.250 -999.250 -999.250 -999.250 -999.250 -999.250 -999.250 -999.250 -999.250 -999.250
415.394 405.654 400.802 396.421 381.694 368.124 386.960 382.588 403.353 419.707 411.593 394.157 399.206 406.720 421.897 412.362 431.274 440.228 493.360 511.238 557.351 588.990 652.363 721.972 776.318 853.353 898.629 878.176 863.800 864.005 880.665 837.178 -999.250 -999.250 -999.250 -999.250 -999.250 -999.250 -999.250 -999.250 -999.250 -999.250 -999.250 -999.250 -999.250 -999.250 -999.250 -999.250 -999.250 -999.250 -999.250 -999.250 -999.250 -999.250 -999.250 -999.250 -999.250 -999.250 -999.250 -999.250 -999.250 -999.250 -999.250 -999.250
371.333 373.798 379.168 361.057 354.144 348.636 355.506 367.924 365.701 390.822 393.149 372.753 395.242 401.476 402.151 408.712 430.618 437.610 478.457 521.301 557.234 575.200 629.307 713.416 729.659 781.686 838.735 810.176 807.203 811.403 821.105 806.741 -999.250 -999.250 -999.250 -999.250 -999.250 -999.250 -999.250 -999.250 -999.250 -999.250 -999.250 -999.250 -999.250 -999.250 -999.250 -999.250 -999.250 -999.250 -999.250 -999.250 -999.250 -999.250 -999.250 -999.250 -999.250 -999.250 -999.250 -999.250 -999.250 -999.250 -999.250 -999.250
365.206 354.665 353.700 354.303 343.110 330.228 332.833 351.625 352.223 354.672 355.517 381.889 385.199 384.462 388.737 419.595 423.443 438.622 474.829 532.186 548.872 583.629 613.629 668.019 715.303 748.466 764.933 808.208 741.907 745.538 766.418 720.863 -999.250 -999.250 -999.250 -999.250 -999.250 -999.250 -999.250 -999.250 -999.250 -999.250 -999.250 -999.250 -999.250 -999.250 -999.250 -999.250 -999.250 -999.250 -999.250 -999.250 -999.250 -999.250 -999.250 -999.250 -999.250 -999.250 -999.250 -999.250 -999.250 -999.250 -999.250 -999.250
353.215 342.752 340.882 341.434 321.676 315.297 330.829 341.233 335.770 329.822 349.281 348.515 360.555 390.131 399.282 405.621 416.933 426.631 469.759 515.309 541.798 563.881 592.832 621.716 694.544 712.784 744.900 729.164 726.981 685.021 703.225 665.611 -999.250 -999.250 -999.250 -999.250 -999.250 -999.250 -999.250 -999.250 -999.250 -999.250 -999.250 -999.250 -999.250 -999.250 -999.250 -999.250 -999.250 -999.250 -999.250 -999.250 -999.250 -999.250 -999.250 -999.250 -999.250 -999.250 -999.250 -999.250 -999.250 -999.250 -999.250 -999.250
331.166 333.655 334.842 341.248 327.570 313.077 311.813 316.332 326.808 318.208 340.735 327.406 339.973 343.534 373.635 377.686 404.475 414.613 461.529 499.900 516.697 577.466 593.087 610.861 636.091 703.329 635.406 664.663 645.793 642.273 632.052 -999.250 -999.250 -999.250 -999.250 -999.250 -999.250 -999.250 -999.250 -999.250 -999.250 -999.250 -999.250 -999.250 -999.250 -999.250 -999.250 -999.250 -999.250 -999.250 -999.250 -999.250 -999.250 -999.250 -999.250 -999.250 -999.250 -999.250 -999.250 -999.250 -999.250 -999.250 -999.250 -999.250
