data/medianmodel_12-Nov-2020.asc
ncols	141
nrows	288
xllcorner	-120191.398
yllcorner	-301404.813
cellsize	2000.000
NODATA_value	-999.250
[rows 203 to 231 of 288, columns 0 to 64 of 141]
-999.250 -999.250 -999.250 -999.250 -999.250 -999.250 -999.250 -999.250 -999.250 -999.250 -999.250 -999.250 -999.250 -999.250 416.104 369.534 409.478 423.759 417.375 440.161 444.023 480.071 467.378 -999.250 -999.250 -999.250 559.220 547.287 574.026 558.836 526.693 490.686 493.875 463.651 416.258 390.636 369.085 390.599 335.357 320.713 319.522 298.245 312.653 292.771 250.933 259.707 263.948 241.210 234.623 247.870 257.627 275.017 307.477 325.755 294.291 307.888 330.903 385.911 375.949 402.777 357.719 341.892 350.855 320.470 337.572
-999.250 -999.250 -999.250 -999.250 -999.250 -999.250 -999.250 -999.250 -999.250 -999.250 -999.250 -999.250 -999.250 411.059 405.234 406.903 404.604 441.366 441.798 430.403 472.409 482.155 -999.250 -999.250 -999.250 -999.250 -999.250 503.836 535.777 501.597 510.039 502.163 452.828 452.392 433.082 415.217 417.166 384.063 326.461 356.530 338.947 317.964 329.732 325.774 289.378 300.142 259.351 259.891 269.523 251.488 277.281 295.299 289.817 290.990 290.722 305.833 352.737 384.945 348.023 348.709 349.366 339.616 377.797 363.400 342.104
-999.250 -999.250 -999.250 -999.250 -999.250 -999.250 -999.250 -999.250 -999.250 -999.250 -999.250 -999.250 -999.250 383.511 395.078 420.034 435.441 434.448 407.370 427.606 -999.250 -999.250 -999.250 -999.250 -999.250 -999.250 -999.250 -999.250 483.993 497.004 520.649 484.659 445.743 432.937 461.903 452.982 421.741 407.530 338.040 364.759 367.353 336.865 327.344 334.144 319.772 298.127 263.452 265.222 290.108 312.241 328.404 294.660 285.132 293.849 300.159 310.878 342.501 387.604 376.698 339.222 369.722 344.745 363.537 361.030 369.818
-999.250 -999.250 -999.250 -999.250 -999.250 -999.250 -999.250 -999.250 -999.250 -999.250 -999.250 -999.250 364.781 405.775 -999.250 -999.250 -999.250 -999.250 -999.250 -999.250 -999.250 -999.250 -999.250 -999.250 -999.250 -999.250 -999.250 -999.250 -999.250 491.169 507.325 476.595 463.672 432.160 448.389 414.615 440.930 427.909 389.524 397.385 334.589 351.449 297.298 334.227 316.373 301.659 295.194 283.657 296.108 309.264 319.127 281.911 301.657 288.574 303.243 325.665 368.193 376.385 357.662 364.103 350.648 325.839 367.977 379.182 382.304
-999.250 -999.250 -999.250 -999.250 -999.250 -999.250 -999.250 -999.250 -999.250 -999.250 -999.250 -999.250 -999.250 -999.250 -999.250 -999.250 -999.250 -999.250 -999.250 -999.250 -999.250 -999.250 -999.250 -999.250 -999.250 -999.250 -999.250 -999.250 -999.250 -999.250 459.239 463.207 463.913 440.366 430.495 427.747 400.792 446.913 385.277 348.584 344.104 323.463 306.731 313.651 303.798 315.902 346.343 305.007 336.847 328.722 343.303 314.719 320.053 324.557 326.385 320.847 357.902 363.195 351.577 348.715 361.959 345.284 373.753 377.428 364.521
-999.250 -999.250 -999.250 -999.250 -999.250 -999.250 -999.250 -999.250 -999.250 -999.250 -999.250 -999.250 -999.250 -999.250 -999.250 -999.250 -999.250 -999.250 -999.250 -999.250 -999.250 -999.250 -999.250 -999.250 -999.250 -999.250 -999.250 -999.250 -999.250 -999.250 441.396 432.869 472.922 458.033 431.806 435.603 407.062 382.656 386.959 344.605 337.360 308.346 308.470 298.411 309.625 340.815 340.575 346.022 300.112 333.215 327.892 312.942 331.492 303.977 335.692 344.352 383.544 374.967 372.057 354.878 345.502 353.885 361.650 347.255 382.018
-999.250 -999.250 -999.250 -999.250 -999.250 -999.250 -999.250 -999.250 -999.250 -999.250 -999.250 -999.250 -999.250 -999.250 -999.250 -999.250 -999.250 -999.250 -999.250 -999.250 -999.250 -999.250 -999.250 -999.250 -999.250 -999.250 -999.250 -999.250 -999.250 -999.250 429.629 435.745 424.362 446.813 430.282 411.777 398.844 380.216 366.336 346.490 326.447 299.745 297.339 320.462 320.318 334.584 331.609 327.334 321.649 328.334 350.948 334.024 314.502 297.701 319.609 336.831 360.704 334.891 339.380 337.411 313.047 397.760 345.337 378.180 388.106
-999.250 -999.250 -999.250 -999.250 -999.250 -999.250 -999.250 -999.250 -999.250 -999.250 -999.250 -999.250 -999.250 -999.250 -999.250 -999.250 -999.250 -999.250 -999.250 -999.250 -999.250 -999.250 -999.250 -999.250 -999.250 -999.250 -999.250 -999.250 -999.250 -999.250 -999.250 413.268 394.860 397.800 387.243 413.431 389.402 409.759 389.018 384.557 352.135 302.178 274.466 332.876 360.672 352.250 337.194 311.950 328.016 340.530 348.697 290.232 318.691 309.358 330.765 299.209 296.029 317.978 343.661 346.357 341.220 340.830 356.073 370.578 383.281
-999.250 -999.250 -999.250 -999.250 -999.250 -999.250 -999.250 -999.250 -999.250 -999.250 -999.250 -999.250 -999.250 -999.250 -999.250 -999.250 -999.250 -999.250 -999.250 -999.250 -999.250 -999.250 -999.250 -999.250 -999.250 -999.250 -999.250 -999.250 -999.250 -999.250 -999.250 386.223 367.431 398.681 394.954 410.756 377.773 418.331 377.069 403.626 371.612 359.752 337.769 373.607 374.025 361.324 371.881 331.949 339.943 358.216 365.459 313.533 321.617 353.368 332.386 299.122 267.594 324.389 325.731 318.388 317.806 332.532 336.276 372.212 375.594
-999.250 -999.250 -999.250 -999.250 -999.250 -999.250 -999.250 -999.250 -999.250 -999.250 -999.250 -999.250 -999.250 -999.250 -999.250 -999.250 -999.250 -999.250 -999.250 -999.250 -999.250 -999.250 -999.250 -999.250 -999.250 -999.250 -999.250 -999.250 -999.250 -999.250 -999.250 404.374 394.713 396.237 388.193 403.622 392.309 377.979 410.801 417.726 405.565 392.703 380.473 399.969 408.033 406.180 362.979 371.599 351.001 338.162 349.297 290.748 295.660 356.617 329.095 322.103 292.058 301.157 309.830 304.082 295.295 295.412 290.206 327.455 324.857
-999.250 -999.250 -999.250 -999.250 -999.250 -999.250 -999.250 -999.250 -999.250 -999.250 -999.250 -999.250 -999.250 -999.250 -999.250 -999.250 -999.250 -999.250 -999.250 -999.250 -999.250 -999.250 -999.250 -999.250 -999.250 -999.250 -999.250 -999.250 -999.250 -999.250 -999.250 354.355 363.496 353.880 363.637 376.248 390.063 396.092 416.557 406.148 389.577 378.964 395.729 411.553 397.102 400.143 390.580 360.581 371.469 342.299 331.300 304.877 302.363 295.927 315.014 307.895 287.968 279.136 271.814 296.909 280.194 269.873 267.728 273.323 273.061
-999.250 -999.250 -999.250 -999.250 -999.250 -999.250 -999.250 -999.250 -999.250 -999.250 -999.250 -999.250 -999.250 -999.250 -999.250 -999.250 -999.250 -999.250 -999.250 -999.250 -999.250 -999.250 -999.250 -999.250 -999.250 -999.250 -999.250 -999.250 -999.250 -999.250 -999.250 319.495 359.126 339.433 367.635 392.342 397.682 387.965 403.621 383.485 397.343 376.493 386.994 410.722 409.684 413.041 387.690 369.079 365.353 363.758 357.611 325.917 302.778 282.602 309.023 268.284 290.135 279.491 281.956 277.388 247.081 259.148 239.549 226.726 227.143
-999.250 -999.250 -999.250 -999.250 -999.250 -999.250 -999.250 -999.250 -999.250 -999.250 -999.250 -999.250 -999.250 -999.250 -999.250 -999.250 -999.250 -999.250 -999.250 -999.250 -999.250 -999.250 -999.250 -999.250 -999.250 -999.250 -999.250 -999.250 -999.250 -999.250 -999.250 351.136 340.277 325.475 396.776 401.480 396.587 383.225 384.096 421.315 426.983 431.181 400.275 420.161 418.064 403.271 367.019 383.843 356.770 333.545 352.699 325.669 293.617 294.238 322.827 291.602 299.685 262.561 268.971 240.038 237.389 218.266 217.460 196.024 197.594
-999.250 -999.250 -999.250 -999.250 -999.250 -999.250 -999.250 -999.250 -999.250 -999.250 -999.250 -999.250 -999.250 -999.250 -999.250 -999.250 -999.250 -999.250 -999.250 -999.250 -999.250 -999.250 -999.250 -999.250 -999.250 -999.250 -999.250 -999.250 -999.250 -999.250 -999.250 314.899 337.908 347.371 377.151 431.156 423.376 392.037 405.375 376.472 410.006 398.364 406.511 424.377 414.420 417.352 369.022 387.120 355.600 344.100 353.677 323.605 316.129 302.916 296.243 267.778 276.633 256.673 233.876 234.446 217.842 200.500 187.349 150.797 136.810
-999.250 -999.250 -999.250 -999.250 -999.250 -999.250 -999.250 -999.250 -999.250 -999.250 -999.250 -999.250 -999.250 -999.250 -999.250 -999.250 -999.250 -999.250 -999.250 -999.250 -999.250 -999.250 -999.250 -999.250 -999.250 -999.250 -999.250 -999.250 -999.250 -999.250 -999.250 337.594 341.880 347.065 367.033 386.152 408.148 429.205 449.483 433.167 421.003 429.471 388.089 382.348 412.054 386.055 370.935 381.037 388.511 402.245 364.304 307.192 300.526 317.498 290.395 274.477 274.226 262.922 260.490 234.055 215.144 203.116 165.201 132.633 95.200
-999.250 -999.250 -999.250 -999.250 -999.250 -999.250 -999.250 -999.250 -999.250 -999.250 -999.250 -999.250 -999.250 -999.250 -999.250 -999.250 -999.250 -999.250 -999.250 -999.250 -999.250 -999.250 -999.250 -999.250 -999.250 -999.250 -999.250 -999.250 -999.250 -999.250 -999.250 304.091 308.187 343.343 349.252 376.262 379.641 404.996 419.431 416.701 421.184 423.754 403.932 404.191 407.626 400.577 395.124 389.698 405.283 345.990 315.556 322.042 286.425 288.833 286.727 265.775 260.224 262.509 241.037 228.944 216.393 209.981 176.412 141.042 106.468
-999.250 -999.250 -999.250 -999.250 -999.250 -999.250 -999.250 -999.250 -999.250 -999.250 -999.250 -999.250 -999.250 -999.250 -999.250 -999.250 -999.250 -999.250 -999.250 -999.250 -999.250 -999.250 -999.250 -999.250 -999.250 -999.250 -999.250 -999.250 -999.250 -999.250 -999.250 299.228 312.717 333.769 316.684 356.338 348.342 411.067 435.784 411.406 418.227 389.371 385.748 382.725 380.632 394.157 396.237 386.179 384.881 376.988 323.876 316.243 300.041 308.765 295.943 259.570 267.651 270.775 248.118 237.719 230.216 210.769 188.876 169.782 150.289
-999.250 -999.250 -999.250 -999.250 -999.250 -999.250 -999.250 -999.250 -999.250 -999.250 -999.250 -999.250 -999.250 -999.250 -999.250 -999.250 -999.250 -999.250 -999.250 -999.250 -999.250 -999.250 -999.250 -999.250 -999.250 -999.250 -999.250 -999.250 -999.250 -999.250 -999.250 341.777 338.438 314.251 330.987 327.464 344.154 384.712 392.844 426.768 382.789 399.723 387.362 381.753 355.062 374.267 383.761 376.350 355.052 370.881 327.537 323.096 323.031 307.103 312.957 297.483 273.378 263.866 279.498 251.907 240.794 239.875 205.464 181.879 180.884
-999.250 -999.250 -999.250 -999.250 -999.250 -999.250 -999.250 -999.250 -999.250 -999.250 -999.250 -999.250 -999.250 -999.250 -999.250 -999.250 -999.250 -999.250 -999.250 -999.250 -999.250 -999.250 -999.250 -999.250 -999.250 -999.250 -999.250 -999.250 -999.250 -999.250 -999.250 345.978 307.777 304.611 305.517 317.914 294.998 342.516 369.034 375.340 385.299 373.926 375.108 345.544 355.341 349.465 361.794 360.003 326.869 320.709 322.955 328.504 310.823 318.634 321.823 295.060 270.416 296.277 269.994 258.040 243.348 237.100 227.731 214.691 225.203
-999.250 -999.250 -999.250 -999.250 -999.250 -999.250 -999.250 -999.250 -999.250 -999.250 -999.250 -999.250 -999.250 -999.250 -999.250 -999.250 -999.250 -999.250 -999.250 -999.250 -999.250 -999.250 -999.250 -999.250 -999.250 -999.250 -999.250 -999.250 -999.250 -999.250 -999.250 304.742 318.229 310.168 296.216 307.602 303.696 319.106 332.047 364.859 368.744 344.400 357.211 336.406 340.574 314.791 315.507 339.400 329.353 314.585 310.470 295.569 312.096 329.923 300.431 283.809 296.988 310.377 263.965 275.628 254.368 274.798 249.590 256.410 241.197
-999.250 -999.250 -999.250 -999.250 -999.250 -999.250 -999.250 -999.250 -999.250 -999.250 -999.250 -999.250 -999.250 -999.250 -999.250 -999.250 -999.250 -999.250 -999.250 -999.250 -999.250 -999.250 -999.250 -999.250 -999.250 -999.250 -999.250 -999.250 -999.250 -999.250 317.891 315.494 302.942 281.598 272.286 246.388 281.903 292.893 332.775 329.734 338.488 310.923 335.357 322.551 321.370 327.776 331.567 337.274 352.542 309.481 309.531 320.558 319.189 331.182 321.045 313.064 315.634 308.265 300.817 290.343 303.368 319.387 288.133 265.475 233.272
-999.250 -999.250 -999.250 -999.250 -999.250 -999.250 -999.250 -999.250 -999.250 -999.250 -999.250 -999.250 -999.250 -999.250 -999.250 -999.250 -999.250 -999.250 -999.250 -999.250 -999.250 -999.250 -999.250 -999.250 -999.250 -999.250 -999.250 -999.250 -999.250 -999.250 356.565 314.622 339.548 275.602 282.421 253.487 257.031 281.833 298.716 313.484 305.678 307.801 306.944 302.371 331.851 322.953 312.849 324.415 326.020 335.287 310.175 308.569 311.718 342.138 322.767 320.010 342.922 312.135 311.757 333.896 320.511 325.651 293.980 277.023 258.629
-999.250 -999.250 -999.250 -999.250 -999.250 -999.250 -999.250 -999.250 -999.250 -999.250 -999.250 -999.250 -999.250 -999.250 -999.250 -999.250 -999.250 -999.250 -999.250 -999.250 -999.250 -999.250 -999.250 -999.250 -999.250 -999.250 -999.250 -999.250 -999.250 -999.250 341.551 287.073 310.007 268.562 251.090 254.856 254.797 251.329 255.773 253.433 260.183 280.104 278.368 295.058 299.088 325.679 285.684 298.994 305.212 281.927 280.293 307.705 325.257 355.487 334.603 346.093 332.742 341.507 320.359 300.849 355.674 318.123 284.684 292.446 251.769
-999.250 -999.250 -999.250 -999.250 -999.250 -999.250 -999.250 -999.250 -999.250 -999.250 -999.250 -999.250 -999.250 -999.250 -999.250 -999.250 -999.250 -999.250 -999.250 -999.250 -999.250 -999.250 -999.250 -999.250 -999.250 -999.250 -999.250 -999.250 -999.250 -999.250 335.395 333.033 292.151 267.569 239.453 226.000 235.514 226.114 224.833 221.942 234.966 255.601 268.240 266.455 271.231 283.034 289.515 275.889 270.279 257.037 251.833 281.127 319.726 316.659 333.414 338.315 337.276 336.641 348.833 339.047 345.519 333.524 336.109 301.172 314.096
-999.250 -999.250 -999.250 -999.250 -999.250 -999.250 -999.250 -999.250 -999.250 -999.250 -999.250 -999.250 -999.250 -999.250 -999.250 -999.250 -999.250 -999.250 -999.250 -999.250 -999.250 -999.250 -999.250 -999.250 -999.250 -999.250 -999.250 -999.250 -999.250 382.392 361.415 356.229 306.447 254.847 228.341 194.452 189.464 180.845 194.052 195.535 211.236 218.380 240.656 243.596 265.312 263.325 249.024 272.140 275.557 256.263 286.734 304.475 301.286 334.239 332.371 323.607 333.066 344.168 369.503 344.995 341.361 321.675 330.982 325.451 309.692
-999.250 -999.250 -999.250 -999.250 -999.250 -999.250 -999.250 -999.250 -999.250 -999.250 -999.250 -999.250 -999.250 -999.250 -999.250 -999.250 -999.250 -999.250 -999.250 -999.250 -999.250 -999.250 -999.250 -999.250 -999.250 -999.250 -999.250 -999.250 -999.250 421.276 386.496 371.974 365.137 269.979 229.675 183.953 136.866 144.081 158.661 191.971 213.404 205.042 219.882 229.793 242.775 249.470 252.840 254.502 259.380 252.729 282.929 289.500 300.796 328.404 306.955 324.125 345.725 363.468 370.917 355.310 360.267 351.406 356.332 329.733 330.019
-999.250 -999.250 -999.250 -999.250 -999.250 -999.250 -999.250 -999.250 -999.250 -999.250 -999.250 -999.250 -999.250 -999.250 -999.250 -999.250 -999.250 -999.250 -999.250 -999.250 -999.250 -999.250 -999.250 -999.250 -999.250 -999.250 -999.250 -999.250 464.270 476.302 444.356 398.037 354.790 290.625 237.134 161.948 65.993 119.645 164.825 197.309 188.782 206.920 210.745 210.826 221.877 245.397 254.842 254.797 253.398 264.891 268.258 292.963 314.384 327.708 327.225 319.185 348.397 358.335 366.925 363.847 368.265 343.881 340.573 338.377 333.915
-999.250 -999.250 -999.250 -999.250 -999.250 -999.250 -999.250 -999.250 -999.250 -999.250 -999.250 -999.250 -999.250 -999.250 -999.250 -999.250 -999.250 -999.250 -999.250 -999.250 -999.250 -999.250 -999.250 -999.250 -999.250 -999.250 -999.250 -999.250 476.709 464.433 442.041 434.603 387.659 322.777 253.690 199.549 135.903 157.805 182.597 193.859 186.651 212.500 213.385 218.692 224.250 239.329 247.879 238.709 236.511 255.172 253.788 255.580 266.985 310.454 318.267 324.530 338.825 354.057 350.586 357.502 357.129 356.494 364.858 318.865 329.885
-999.250 -999.250 -999.250 -999.250 -999.250 -999.250 -999.250 -999.250 -999.250 -999.250 -999.250 -999.250 -999.250 -999.250 -999.250 -999.250 -999.250 -999.250 -999.250 -999.250 -999.250 -999.250 -999.250 -999.250 -999.250 -999.250 -999.250 471.376 482.977 501.240 486.128 452.801 405.113 352.175 305.452 243.172 201.048 200.306 195.099 198.298 204.623 214.837 206.787 211.096 213.185 230.830 226.511 228.086 228.311 250.172 262.351 285.217 267.844 303.635 338.366 311.969 338.521 328.705 336.468 337.836 328.594 333.552 307.991 312.347 323.745
