data/medianmodel_01-Jul-2020.asc
ncols	141
nrows	288
xllcorner	-120191.398
yllcorner	-301404.813
cellsize	2000.000
NODATA_value	-999.250
[rows 93 to 123 of 288, columns 70 to 139 of 141]
0.000 0.000 0.000 0.000 0.000 0.000 0.000 0.000 0.000 0.000 0.000 0.000 0.000 0.000 0.000 0.000 0.000 0.000 0.000 0.000 0.000 0.000 0.000 0.000 0.000 0.000 0.000 0.000 0.000 0.000 0.000 0.000 0.000 0.000 0.000 0.000 0.000 0.000 0.000 0.000 0.416 0.839 4.342 5.998 -999.250 -999.250 -999.250 -999.250 -999.250 -999.250 -999.250 -999.250 -999.250 -999.250 -999.250 -999.250 -999.250 -999.250 -999.250 -999.250 -999.250 -999.250 -999.250 -999.250 -999.250 -999.250 -999.250 -999.250 -999.250 -999.250
0.000 0.000 0.000 0.000 0.000 0.000 0.000 0.000 0.000 0.000 0.000 0.000 0.000 0.000 0.000 0.000 0.000 0.000 0.000 0.000 0.000 0.000 0.000 0.000 0.000 0.000 0.000 0.000 0.000 0.000 0.000 0.000 0.000 0.000 0.000 0.000 0.000 0.000 0.000 0.000 0.000 0.000 2.307 4.722 -999.250 -999.250 -999.250 -999.250 -999.250 -999.250 -999.250 -999.250 -999.250 -999.250 -999.250 -999.250 -999.250 -999.250 -999.250 -999.250 -999.250 -999.250 -999.250 -999.250 -999.250 -999.250 -999.250 -999.250 -999.250 -999.250
0.000 0.000 0.000 0.000 0.000 0.000 0.000 0.000 0.572 2.149 0.000 0.000 0.000 0.000 0.000 0.000 0.000 0.000 0.000 0.000 0.000 0.000 0.000 0.000 0.000 0.000 0.000 0.000 0.000 0.000 0.000 0.000 0.000 0.000 0.000 0.000 0.000 0.000 0.000 0.000 0.000 0.000 1.442 3.224 -999.250 -999.250 -999.250 -999.250 -999.250 -999.250 -999.250 -999.250 -999.250 -999.250 -999.250 -999.250 -999.250 -999.250 -999.250 -999.250 -999.250 -999.250 -999.250 -999.250 -999.250 -999.250 -999.250 -999.250 -999.250 -999.250
0.000 0.000 0.000 0.000 0.000 0.000 0.000 0.000 2.351 8.995 1.432 0.000 0.000 0.000 0.000 0.000 0.000 0.000 0.000 0.000 0.000 0.000 0.000 2.518 0.995 0.000 0.000 0.000 0.000 0.000 0.000 0.000 0.000 0.000 0.000 0.000 0.000 0.000 0.000 0.000 0.000 0.000 0.000 0.000 2.178 -999.250 -999.250 -999.250 -999.250 -999.250 -999.250 -999.250 -999.250 -999.250 -999.250 -999.250 -999.250 -999.250 -999.250 -999.250 -999.250 -999.250 -999.250 -999.250 -999.250 -999.250 -999.250 -999.250 -999.250 -999.250
0.000 0.000 0.000 0.000 0.000 0.000 0.000 0.000 0.698 2.065 0.385 0.000 0.000 0.000 0.000 0.000 0.000 0.000 0.000 0.000 0.000 0.213 3.845 5.982 5.286 1.704 0.000 0.000 0.000 0.000 0.000 0.000 0.000 0.000 0.000 0.000 0.000 0.000 0.000 0.000 0.000 0.000 0.000 0.000 2.213 0.886 -999.250 -999.250 -999.250 -999.250 -999.250 -999.250 -999.250 -999.250 -999.250 -999.250 -999.250 -999.250 -999.250 -999.250 -999.250 -999.250 -999.250 -999.250 -999.250 -999.250 -999.250 -999.250 -999.250 -999.250
0.000 0.000 0.000 0.000 0.000 0.000 0.000 0.000 0.000 0.000 0.000 0.000 0.000 0.000 0.000 0.000 0.000 0.000 0.000 0.000 0.000 0.627 5.771 15.630 8.349 4.795 2.298 0.000 0.000 0.000 0.000 0.000 0.000 0.000 0.000 0.000 0.000 0.000 0.000 0.000 0.000 0.000 0.000 0.000 0.020 2.197 2.940 -999.250 -999.250 -999.250 -999.250 -999.250 -999.250 -999.250 -999.250 -999.250 -999.250 -999.250 -999.250 -999.250 -999.250 -999.250 -999.250 -999.250 -999.250 -999.250 -999.250 -999.250 -999.250 -999.250
0.000 0.000 0.000 0.000 0.000 0.000 0.000 0.000 0.000 0.000 0.000 0.000 0.000 0.000 0.000 0.000 0.000 0.000 0.000 0.000 0.000 2.265 6.004 9.027 6.162 4.849 3.427 0.000 0.000 0.000 0.000 0.000 0.000 0.000 0.000 0.000 0.000 0.000 0.000 0.000 0.000 0.000 0.000 0.000 0.000 3.006 -999.250 -999.250 -999.250 -999.250 -999.250 -999.250 -999.250 -999.250 -999.250 -999.250 -999.250 -999.250 -999.250 -999.250 -999.250 -999.250 -999.250 -999.250 -999.250 -999.250 -999.250 -999.250 -999.250 -999.250
0.000 0.000 0.000 0.000 0.000 0.000 0.000 0.000 0.000 0.000 0.000 0.000 0.000 0.000 0.000 0.000 0.000 0.000 0.000 0.000 0.000 1.585 4.962 7.080 6.695 5.774 4.254 2.612 0.694 1.272 2.016 0.000 0.000 0.000 0.000 0.000 0.000 0.000 0.000 0.000 0.000 0.000 0.000 0.000 0.000 2.900 3.301 -999.250 -999.250 -999.250 -999.250 -999.250 -999.250 -999.250 -999.250 -999.250 -999.250 -999.250 -999.250 -999.250 -999.250 -999.250 -999.250 -999.250 -999.250 -999.250 -999.250 -999.250 -999.250 -999.250
0.000 0.000 0.000 0.000 0.000 0.000 0.000 0.000 0.000 0.000 0.000 0.000 0.000 0.000 0.000 0.000 0.000 0.000 0.000 0.000 0.000 3.166 5.913 7.561 7.176 7.183 5.004 5.399 5.542 4.940 4.874 3.992 3.421 1.186 0.846 0.000 0.000 0.000 0.000 0.100 0.000 0.000 0.000 0.869 0.838 -999.250 -999.250 -999.250 -999.250 -999.250 -999.250 -999.250 -999.250 -999.250 -999.250 -999.250 -999.250 -999.250 -999.250 -999.250 -999.250 -999.250 -999.250 -999.250 -999.250 -999.250 -999.250 -999.250 -999.250 -999.250
0.000 0.000 0.000 0.000 0.000 0.000 0.000 0.000 0.000 0.000 0.000 0.000 0.000 0.000 0.000 0.000 0.000 0.000 0.000 0.187 2.000 4.745 7.850 10.331 9.387 10.233 10.506 8.936 8.871 8.503 8.188 8.047 7.032 4.793 5.335 3.375 1.716 2.884 3.021 0.403 0.304 0.000 0.000 2.954 -999.250 -999.250 -999.250 -999.250 -999.250 -999.250 -999.250 -999.250 -999.250 -999.250 -999.250 -999.250 -999.250 -999.250 -999.250 -999.250 -999.250 -999.250 -999.250 -999.250 -999.250 -999.250 -999.250 -999.250 -999.250 -999.250
0.000 0.000 0.000 0.000 0.000 0.391 0.000 0.000 0.000 0.000 0.000 0.000 0.000 0.000 0.000 0.000 0.326 4.275 2.957 3.429 5.438 7.305 9.527 11.381 14.599 14.230 14.293 11.572 14.961 15.513 14.745 12.665 10.716 9.950 9.923 7.510 7.281 4.769 5.167 5.144 2.297 2.076 3.187 4.593 -999.250 -999.250 -999.250 -999.250 -999.250 -999.250 -999.250 -999.250 -999.250 -999.250 -999.250 -999.250 -999.250 -999.250 -999.250 -999.250 -999.250 -999.250 -999.250 -999.250 -999.250 -999.250 -999.250 -999.250 -999.250 -999.250
0.000 0.997 0.957 2.327 2.552 3.558 1.781 1.984 0.361 0.000 0.146 0.000 0.000 0.272 1.629 1.931 4.303 4.209 5.071 6.103 8.434 9.075 12.739 15.113 16.824 18.727 18.972 17.609 19.525 22.985 22.467 20.801 17.261 15.103 14.414 9.720 9.950 7.920 7.382 5.831 6.215 5.401 7.033 -999.250 -999.250 -999.250 -999.250 -999.250 -999.250 -999.250 -999.250 -999.250 -999.250 -999.250 -999.250 -999.250 -999.250 -999.250 -999.250 -999.250 -999.250 -999.250 -999.250 -999.250 -999.250 -999.250 -999.250 -999.250 -999.250 -999.250
3.928 4.151 5.029 4.248 6.190 5.608 5.445 4.716 4.882 2.973 4.732 2.174 4.349 4.391 4.853 6.355 7.402 8.169 7.767 10.318 12.659 14.552 16.909 19.451 21.466 22.319 21.839 23.670 21.802 24.607 27.490 26.384 23.118 21.750 18.276 14.237 12.018 11.017 9.350 -999.250 -999.250 -999.250 -999.250 -999.250 -999.250 -999.250 -999.250 -999.250 -999.250 -999.250 -999.250 -999.250 -999.250 -999.250 -999.250 -999.250 -999.250 -999.250 -999.250 -999.250 -999.250 -999.250 -999.250 -999.250 -999.250 -999.250 -999.250 -999.250 -999.250 -999.250
7.534 10.035 8.969 8.829 9.329 10.226 9.610 9.472 8.717 6.832 5.827 4.915 6.432 6.202 9.520 10.833 10.802 13.935 13.634 17.146 18.305 19.547 19.085 22.238 20.538 26.953 25.036 27.818 27.223 35.224 32.274 32.657 31.604 27.987 23.476 19.862 17.252 -999.250 -999.250 -999.250 -999.250 -999.250 -999.250 -999.250 -999.250 -999.250 -999.250 -999.250 -999.250 -999.250 -999.250 -999.250 -999.250 -999.250 -999.250 -999.250 -999.250 -999.250 -999.250 -999.250 -999.250 -999.250 -999.250 -999.250 -999.250 -999.250 -999.250 -999.250 -999.250 -999.250
12.362 15.384 15.283 15.762 15.357 13.277 13.191 10.878 10.690 9.403 8.115 8.094 10.078 11.839 13.855 16.724 17.021 19.124 21.275 23.363 23.458 25.410 22.995 24.331 21.118 24.986 28.435 30.216 37.194 36.053 38.159 43.050 41.123 36.455 31.618 27.651 22.149 -999.250 -999.250 -999.250 -999.250 -999.250 -999.250 -999.250 -999.250 -999.250 -999.250 -999.250 -999.250 -999.250 -999.250 -999.250 -999.250 -999.250 -999.250 -999.250 -999.250 -999.250 -999.250 -999.250 -999.250 -999.250 -999.250 -999.250 -999.250 -999.250 -999.250 -999.250 -999.250 -999.250
18.683 22.242 22.536 24.364 21.394 18.786 16.215 12.476 12.288 11.688 11.094 11.185 13.115 14.508 16.979 21.747 24.770 27.564 28.212 28.137 28.435 24.788 27.055 27.712 27.729 27.058 29.984 33.697 37.506 39.589 42.777 45.073 54.190 46.240 41.983 33.758 26.659 -999.250 -999.250 -999.250 -999.250 -999.250 -999.250 -999.250 -999.250 -999.250 -999.250 -999.250 -999.250 -999.250 -999.250 -999.250 -999.250 -999.250 -999.250 -999.250 -999.250 -999.250 -999.250 -999.250 -999.250 -999.250 -999.250 -999.250 -999.250 -999.250 -999.250 -999.250 -999.250 -999.250
26.293 31.041 31.246 31.510 26.253 23.489 20.506 16.978 15.874 13.051 15.696 14.843 15.082 18.899 21.832 27.943 33.731 38.022 37.816 31.939 35.481 28.047 26.818 27.468 28.638 29.600 38.560 37.670 39.813 42.629 47.827 47.976 57.969 63.092 44.898 39.459 29.280 -999.250 -999.250 -999.250 -999.250 -999.250 -999.250 -999.250 -999.250 -999.250 -999.250 -999.250 -999.250 -999.250 -999.250 -999.250 -999.250 -999.250 -999.250 -999.250 -999.250 -999.250 -999.250 -999.250 -999.250 -999.250 -999.250 -999.250 -999.250 -999.250 -999.250 -999.250 -999.250 -999.250
38.158 40.792 40.995 36.011 31.640 27.554 23.311 21.549 16.328 17.379 16.433 15.508 16.763 20.724 25.067 31.838 43.620 56.614 43.554 34.661 30.058 33.190 28.212 26.968 29.450 31.012 37.380 40.677 41.927 43.444 43.242 45.572 54.022 54.027 45.895 39.355 30.748 -999.250 -999.250 -999.250 -999.250 -999.250 -999.250 -999.250 -999.250 -999.250 -999.250 -999.250 -999.250 -999.250 -999.250 -999.250 -999.250 -999.250 -999.250 -999.250 -999.250 -999.250 -999.250 -999.250 -999.250 -999.250 -999.250 -999.250 -999.250 -999.250 -999.250 -999.250 -999.250 -999.250
46.167 47.185 46.007 41.230 37.259 33.823 26.214 23.919 18.088 19.799 19.143 17.180 19.151 21.465 26.523 31.755 45.003 44.438 41.309 36.404 34.171 33.072 28.055 28.178 28.843 28.727 33.176 41.726 40.480 41.354 44.995 44.740 47.680 41.122 39.050 34.155 26.281 -999.250 -999.250 -999.250 -999.250 -999.250 -999.250 -999.250 -999.250 -999.250 -999.250 -999.250 -999.250 -999.250 -999.250 -999.250 -999.250 -999.250 -999.250 -999.250 -999.250 -999.250 -999.250 -999.250 -999.250 -999.250 -999.250 -999.250 -999.250 -999.250 -999.250 -999.250 -999.250 -999.250
57.338 54.419 48.793 43.470 43.258 39.117 28.942 25.346 21.252 23.078 18.855 18.784 21.295 24.620 25.644 31.277 38.544 39.862 38.106 40.906 38.500 29.698 31.449 27.330 25.525 28.783 32.388 32.691 32.841 28.243 29.288 40.624 38.644 35.494 29.893 29.703 24.445 19.984 16.847 -999.250 -999.250 -999.250 -999.250 -999.250 -999.250 -999.250 -999.250 -999.250 -999.250 -999.250 -999.250 -999.250 -999.250 -999.250 -999.250 -999.250 -999.250 -999.250 -999.250 -999.250 -999.250 -999.250 -999.250 -999.250 -999.250 -999.250 -999.250 -999.250 -999.250 -999.250
74.313 60.599 53.351 47.434 45.114 41.126 32.514 24.543 21.392 19.456 20.171 18.315 20.153 24.726 27.817 31.107 35.155 36.920 31.011 37.199 30.819 30.093 25.927 27.825 28.762 32.896 28.702 28.003 30.856 28.087 27.793 29.280 27.267 27.559 24.857 23.256 18.788 15.496 14.392 13.667 11.411 -999.250 -999.250 -999.250 -999.250 -999.250 -999.250 -999.250 -999.250 -999.250 -999.250 -999.250 -999.250 -999.250 -999.250 -999.250 -999.250 -999.250 -999.250 -999.250 -999.250 -999.250 -999.250 -999.250 -999.250 -999.250 -999.250 -999.250 -999.250 -999.250
54.255 55.057 49.856 43.436 43.290 39.485 30.879 28.897 24.424 18.957 19.882 17.698 21.607 18.698 24.492 26.262 25.537 29.240 26.979 30.168 28.965 29.093 24.461 21.473 24.867 28.613 23.699 27.538 28.135 24.678 23.965 26.969 23.980 20.328 17.892 15.216 15.009 15.975 12.358 11.617 9.806 -999.250 -999.250 -999.250 -999.250 -999.250 -999.250 -999.250 -999.250 -999.250 -999.250 -999.250 -999.250 -999.250 -999.250 -999.250 -999.250 -999.250 -999.250 -999.250 -999.250 -999.250 -999.250 -999.250 -999.250 -999.250 -999.250 -999.250 -999.250 -999.250
41.190 42.342 39.294 43.650 35.246 31.566 26.986 24.380 21.271 17.714 16.291 18.875 21.179 19.608 19.968 19.475 23.004 24.177 27.018 24.842 24.050 22.809 18.976 19.208 20.744 20.017 17.022 19.462 20.841 18.636 16.450 18.227 20.155 17.925 15.691 12.176 11.039 11.416 9.225 9.308 9.561 9.011 -999.250 -999.250 -999.250 -999.250 -999.250 -999.250 -999.250 -999.250 -999.250 -999.250 -999.250 -999.250 -999.250 -999.250 -999.250 -999.250 -999.250 -999.250 -999.250 -999.250 -999.250 -999.250 -999.250 -999.250 -999.250 -999.250 -999.250 -999.250
27.662 31.854 30.784 30.531 29.991 24.754 23.398 21.091 18.310 17.056 17.011 17.548 16.570 16.633 16.733 18.961 17.765 22.115 24.960 22.675 20.026 16.454 15.940 16.994 15.303 12.808 10.852 12.952 13.503 12.537 12.665 13.178 13.969 12.318 11.373 8.843 8.113 7.210 5.432 6.912 5.881 5.914 5.651 -999.250 -999.250 -999.250 -999.250 -999.250 -999.250 -999.250 -999.250 -999.250 -999.250 -999.250 -999.250 -999.250 -999.250 -999.250 -999.250 -999.250 -999.250 -999.250 -999.250 -999.250 -999.250 -999.250 -999.250 -999.250 -999.250 -999.250
22.091 23.777 21.908 22.168 20.702 24.889 18.704 15.108 15.816 14.488 13.879 12.852 13.468 12.184 12.290 15.611 17.523 23.366 20.647 19.364 17.295 14.672 14.160 13.509 10.435 10.365 10.164 8.643 8.970 9.654 9.943 11.241 10.860 9.665 8.303 7.796 7.104 6.439 2.692 4.778 3.967 3.768 4.282 -999.250 -999.250 -999.250 -999.250 -999.250 -999.250 -999.250 -999.250 -999.250 -999.250 -999.250 -999.250 -999.250 -999.250 -999.250 -999.250 -999.250 -999.250 -999.250 -999.250 -999.250 -999.250 -999.250 -999.250 -999.250 -999.250 -999.250
14.950 16.180 15.436 15.362 15.549 15.551 14.383 12.952 11.761 10.414 9.604 9.026 9.991 11.577 13.703 11.930 15.306 16.612 16.217 14.142 12.343 10.532 12.807 9.656 8.426 8.704 7.164 7.518 8.081 6.732 7.467 8.762 6.512 6.098 5.119 5.232 2.983 2.016 1.453 0.473 2.626 1.334 2.938 2.734 -999.250 -999.250 -999.250 -999.250 -999.250 -999.250 -999.250 -999.250 -999.250 -999.250 -999.250 -999.250 -999.250 -999.250 -999.250 -999.250 -999.250 -999.250 -999.250 -999.250 -999.250 -999.250 -999.250 -999.250 -999.250 -999.250
9.236 10.597 10.835 12.101 10.160 9.584 8.720 7.680 8.678 7.928 7.200 7.032 7.976 10.567 9.429 10.495 12.824 15.296 14.620 11.358 7.781 8.521 9.070 8.210 5.385 4.465 3.785 3.735 4.372 2.919 5.535 3.907 4.720 4.563 2.932 1.278 0.000 0.151 0.849 0.000 0.247 0.184 0.461 -999.250 -999.250 -999.250 -999.250 -999.250 -999.250 -999.250 -999.250 -999.250 -999.250 -999.250 -999.250 -999.250 -999.250 -999.250 -999.250 -999.250 -999.250 -999.250 -999.250 -999.250 -999.250 -999.250 -999.250 -999.250 -999.250 -999.250
4.315 7.514 7.599 7.136 5.759 5.374 5.195 4.381 5.921 4.917 5.324 5.425 5.624 6.895 8.202 9.879 9.060 10.115 10.304 9.335 6.322 5.384 4.595 3.395 1.540 2.623 2.888 0.288 0.000 0.020 0.336 0.340 0.441 0.000 0.609 0.000 0.000 0.000 0.000 0.000 0.000 0.000 0.000 -999.250 -999.250 -999.250 -999.250 -999.250 -999.250 -999.250 -999.250 -999.250 -999.250 -999.250 -999.250 -999.250 -999.250 -999.250 -999.250 -999.250 -999.250 -999.250 -999.250 -999.250 -999.250 -999.250 -999.250 -999.250 -999.250 -999.250
0.168 2.041 3.902 2.642 3.196 1.648 3.078 4.009 2.396 2.780 4.991 5.346 5.009 5.884 7.222 8.669 7.851 8.297 7.392 6.142 5.864 5.123 1.830 1.316 1.105 0.000 0.000 0.000 0.000 0.000 0.000 0.000 0.000 0.000 0.000 0.000 0.000 0.000 0.000 0.000 0.000 0.000 0.000 -999.250 -999.250 -999.250 -999.250 -999.250 -999.250 -999.250 -999.250 -999.250 -999.250 -999.250 -999.250 -999.250 -999.250 -999.250 -999.250 -999.250 -999.250 -999.250 -999.250 -999.250 -999.250 -999.250 -999.250 -999.250 -999.250 -999.250
0.000 0.000 0.000 0.000 0.000 0.000 0.362 0.000 0.000 0.945 2.678 2.569 4.476 4.619 5.388 5.052 7.053 6.050 5.485 2.738 3.711 2.669 0.487 0.000 0.000 0.000 0.000 0.000 0.000 0.000 0.000 0.000 0.000 0.000 0.000 0.000 0.000 0.000 0.000 0.000 0.000 0.000 0.000 -999.250 -999.250 -999.250 -999.250 -999.250 -999.250 -999.250 -999.250 -999.250 -999.250 -999.250 -999.250 -999.250 -999.250 -999.250 -999.250 -999.250 -999.250 -999.250 -999.250 -999.250 -999.250 -999.250 -999.250 -999.250 -999.250 -999.250
0.000 0.000 0.000 0.000 0.000 0.000 0.000 0.000 0.000 0.000 0.000 0.000 1.337 4.183 4.812 3.031 4.161 3.527 4.776 2.461 1.408 0.805 0.000 0.000 0.000 0.000 0.000 0.000 0.000 0.000 0.000 0.000 0.000 0.000 0.000 0.000 0.000 0.000 0.000 0.000 0.000 0.000 -999.250 -999.250 -999.250 -999.250 -999.250 -999.250 -999.250 -999.250 -999.250 -999.250 -999.250 -999.250 -999.250 -999.250 -999.250 -999.250 -999.250 -999.250 -999.250 -999.250 -999.250 -999.250 -999.250 -999.250 -999.250 -999.250 -999.250 -999.250
