data/medianmodel_05-May-2020.asc
ncols	141
nrows	288
xllcorner	-120191.398
yllcorner	-301404.813
cellsize	2000.000
NODATA_value	-999.250
[rows 155 to 185 of 288, columns 69 to 137 of 141]
3.972 4.827 4.143 4.808 5.142 6.375 5.626 4.614 5.368 4.541 3.282 3.862 6.261 4.037 5.435 4.332 5.039 1.949 0.615 1.910 2.626 0.000 0.000 0.000 0.000 0.000 -999.250 -999.250 -999.250 -999.250 -999.250 -999.250 -999.250 -999.250 -999.250 -999.250 -999.250 -999.250 -999.250 -999.250 -999.250 -999.250 -999.250 -999.250 -999.250 -999.250 -999.250 -999.250 -999.250 -999.250 -999.250 -999.250 -999.250 -999.250 -999.250 -999.250 -999.250 -999.250 -999.250 -999.250 -999.250 -999.250 -999.250 -999.250 -999.250 -999.250 -999.250 -999.250 -999.250
5.028 5.138 2.993 5.365 3.352 4.043 3.880 4.892 4.356 3.863 3.297 3.910 3.920 4.474 4.813 3.366 3.486 4.124 2.011 0.500 1.605 0.000 0.000 0.000 0.000 0.031 0.000 -999.250 -999.250 -999.250 -999.250 -999.250 -999.250 -999.250 -999.250 -999.250 -999.250 -999.250 -999.250 -999.250 -999.250 -999.250 -999.250 -999.250 -999.250 -999.250 -999.250 -999.250 -999.250 -999.250 -999.250 -999.250 -999.250 -999.250 -999.250 -999.250 -999.250 -999.250 -999.250 -999.250 -999.250 -999.250 -999.250 -999.250 -999.250 -999.250 -999.250 -999.250 -999.250
6.440 3.622 4.736 2.766 3.229 4.676 6.042 4.869 5.216 3.152 2.243 3.546 0.807 1.794 0.210 1.185 1.155 4.319 4.653 2.992 0.000 0.000 0.000 0.000 0.000 0.000 0.000 0.000 -999.250 -999.250 -999.250 -999.250 -999.250 -999.250 -999.250 -999.250 -999.250 -999.250 -999.250 -999.250 -999.250 -999.250 -999.250 -999.250 -999.250 -999.250 -999.250 -999.250 -999.250 -999.250 -999.250 -999.250 -999.250 -999.250 -999.250 -999.250 -999.250 -999.250 -999.250 -999.250 -999.250 -999.250 -999.250 -999.250 -999.250 -999.250 -999.250 -999.250 -999.250
2.457 4.173 2.595 2.520 2.908 4.836 2.707 4.217 5.528 4.525 2.662 2.925 1.268 0.000 0.000 0.000 2.341 3.546 3.318 0.279 0.000 0.000 0.000 0.000 0.000 0.891 0.000 0.000 0.000 -999.250 -999.250 -999.250 -999.250 -999.250 -999.250 -999.250 -999.250 -999.250 -999.250 -999.250 -999.250 -999.250 -999.250 -999.250 -999.250 -999.250 -999.250 -999.250 -999.250 -999.250 -999.250 -999.250 -999.250 -999.250 -999.250 -999.250 -999.250 -999.250 -999.250 -999.250 -999.250 -999.250 -999.250 -999.250 -999.250 -999.250 -999.250 -999.250 -999.250
2.164 2.645 3.244 1.898 1.996 4.254 4.947 5.546 2.631 2.715 2.565 2.366 4.233 0.000 0.000 0.836 1.609 2.756 2.365 0.533 0.000 0.934 0.024 1.455 1.425 1.090 0.630 0.000 0.000 -999.250 -999.250 -999.250 -999.250 -999.250 -999.250 -999.250 -999.250 -999.250 -999.250 -999.250 -999.250 -999.250 -999.250 -999.250 -999.250 -999.250 -999.250 -999.250 -999.250 -999.250 -999.250 -999.250 -999.250 -999.250 -999.250 -999.250 -999.250 -999.250 -999.250 -999.250 -999.250 -999.250 -999.250 -999.250 -999.250 -999.250 -999.250 -999.250 -999.250
2.699 4.451 4.683 2.340 2.652 2.713 2.736 2.970 4.223 2.559 1.872 0.711 2.855 0.000 0.000 0.274 2.370 1.164 2.919 1.726 2.361 1.867 1.698 2.550 2.610 3.042 0.550 1.242 1.856 -999.250 -999.250 -999.250 -999.250 -999.250 -999.250 -999.250 -999.250 -999.250 -999.250 -999.250 -999.250 -999.250 -999.250 -999.250 -999.250 -999.250 -999.250 -999.250 -999.250 -999.250 -999.250 -999.250 -999.250 -999.250 -999.250 -999.250 -999.250 -999.250 -999.250 -999.250 -999.250 -999.250 -999.250 -999.250 -999.250 -999.250 -999.250 -999.250 -999.250
5.145 4.587 3.515 3.916 2.140 4.593 5.134 3.824 4.178 1.570 0.759 0.069 0.383 0.761 1.022 1.091 1.738 3.537 3.329 3.303 5.089 3.681 2.354 4.533 4.065 2.242 2.161 2.372 0.000 -999.250 -999.250 -999.250 -999.250 -999.250 -999.250 -999.250 -999.250 -999.250 -999.250 -999.250 -999.250 -999.250 -999.250 -999.250 -999.250 -999.250 -999.250 -999.250 -999.250 -999.250 -999.250 -999.250 -999.250 -999.250 -999.250 -999.250 -999.250 -999.250 -999.250 -999.250 -999.250 -999.250 -999.250 -999.250 -999.250 -999.250 -999.250 -999.250 -999.250
5.833 3.153 2.307 3.857 6.077 2.115 3.487 4.880 2.610 1.444 0.528 0.000 0.000 0.000 1.464 1.733 2.415 3.050 4.133 4.436 3.578 4.318 2.733 4.170 6.956 3.323 3.379 4.190 0.514 -999.250 -999.250 -999.250 -999.250 -999.250 -999.250 -999.250 -999.250 -999.250 -999.250 -999.250 -999.250 -999.250 -999.250 -999.250 -999.250 -999.250 -999.250 -999.250 -999.250 -999.250 -999.250 -999.250 -999.250 -999.250 -999.250 -999.250 -999.250 -999.250 -999.250 -999.250 -999.250 -999.250 -999.250 -999.250 -999.250 -999.250 -999.250 -999.250 -999.250
4.215 3.925 5.581 5.811 3.663 3.456 2.970 3.001 0.461 1.908 0.000 0.000 0.000 0.250 1.893 1.209 3.860 3.780 4.731 4.521 4.641 6.547 2.843 2.846 2.750 1.126 2.833 4.708 2.186 0.000 -999.250 -999.250 -999.250 -999.250 -999.250 -999.250 -999.250 -999.250 -999.250 -999.250 -999.250 -999.250 -999.250 -999.250 -999.250 -999.250 -999.250 -999.250 -999.250 -999.250 -999.250 -999.250 -999.250 -999.250 -999.250 -999.250 -999.250 -999.250 -999.250 -999.250 -999.250 -999.250 -999.250 -999.250 -999.250 -999.250 -999.250 -999.250 -999.250
5.020 5.505 5.093 2.110 2.649 2.100 1.564 0.877 1.447 1.002 0.680 0.000 0.000 0.118 0.352 2.183 3.263 3.472 3.974 3.282 5.996 4.290 2.877 4.185 2.566 1.779 4.103 2.847 2.544 0.369 0.625 -999.250 -999.250 -999.250 -999.250 -999.250 -999.250 -999.250 -999.250 -999.250 -999.250 -999.250 -999.250 -999.250 -999.250 -999.250 -999.250 -999.250 -999.250 -999.250 -999.250 -999.250 -999.250 -999.250 -999.250 -999.250 -999.250 -999.250 -999.250 -999.250 -999.250 -999.250 -999.250 -999.250 -999.250 -999.250 -999.250 -999.250 -999.250
1.625 3.980 2.644 2.664 1.786 1.731 0.954 2.763 3.727 1.319 0.697 0.445 0.000 1.667 1.164 1.590 2.687 2.099 4.314 3.887 4.781 3.330 2.368 4.614 1.524 3.129 2.838 3.971 2.346 0.808 0.000 0.000 0.000 0.000 -999.250 -999.250 -999.250 -999.250 -999.250 -999.250 -999.250 -999.250 -999.250 -999.250 -999.250 -999.250 -999.250 -999.250 -999.250 -999.250 -999.250 -999.250 -999.250 -999.250 -999.250 -999.250 -999.250 -999.250 -999.250 -999.250 -999.250 -999.250 -999.250 -999.250 -999.250 -999.250 -999.250 -999.250 -999.250
2.124 1.291 1.050 2.651 1.542 0.408 3.089 1.687 1.964 1.412 1.189 0.368 1.315 1.631 2.983 0.554 2.872 2.016 2.738 5.507 4.034 3.216 5.632 3.390 1.680 1.995 2.117 3.018 1.950 1.848 0.000 1.451 0.000 0.000 -999.250 -999.250 -999.250 -999.250 -999.250 -999.250 -999.250 -999.250 -999.250 -999.250 -999.250 -999.250 -999.250 -999.250 -999.250 -999.250 -999.250 -999.250 -999.250 -999.250 -999.250 -999.250 -999.250 -999.250 -999.250 -999.250 -999.250 -999.250 -999.250 -999.250 -999.250 -999.250 -999.250 -999.250 -999.250
1.838 0.660 0.022 1.809 0.617 2.096 1.403 2.680 3.772 2.774 1.910 0.000 0.528 2.096 2.472 1.247 1.782 3.996 5.085 3.577 4.491 3.219 2.696 1.800 0.237 1.838 3.028 1.010 0.151 0.571 0.000 0.542 0.829 -999.250 -999.250 -999.250 -999.250 -999.250 -999.250 -999.250 -999.250 -999.250 -999.250 -999.250 -999.250 -999.250 -999.250 -999.250 -999.250 -999.250 -999.250 -999.250 -999.250 -999.250 -999.250 -999.250 -999.250 -999.250 -999.250 -999.250 -999.250 -999.250 -999.250 -999.250 -999.250 -999.250 -999.250 -999.250 -999.250
2.005 0.745 0.000 1.531 1.872 0.019 1.592 2.391 1.248 1.698 0.000 0.275 0.025 2.603 3.095 2.444 3.670 4.659 5.037 3.421 4.423 1.699 3.261 1.840 0.635 0.115 2.043 0.382 0.000 0.000 0.000 2.240 2.982 -999.250 -999.250 -999.250 0.000 0.000 0.000 -999.250 -999.250 -999.250 -999.250 -999.250 -999.250 -999.250 -999.250 -999.250 -999.250 -999.250 -999.250 -999.250 -999.250 -999.250 -999.250 -999.250 -999.250 -999.250 -999.250 -999.250 -999.250 -999.250 -999.250 -999.250 -999.250 -999.250 -999.250 -999.250 -999.250
0.081 0.051 0.000 0.373 2.145 4.458 3.308 1.684 3.019 2.034 0.000 0.000 0.000 0.610 1.527 2.221 4.385 3.681 3.782 4.089 2.443 3.473 0.427 0.446 1.207 1.124 0.390 0.401 0.000 0.000 0.000 0.301 1.799 1.161 1.367 0.000 0.000 0.000 0.000 0.000 -999.250 -999.250 -999.250 -999.250 -999.250 -999.250 -999.250 -999.250 -999.250 -999.250 -999.250 -999.250 -999.250 -999.250 -999.250 -999.250 -999.250 -999.250 -999.250 -999.250 -999.250 -999.250 -999.250 -999.250 -999.250 -999.250 -999.250 -999.250 -999.250
0.089 0.000 0.000 1.904 1.939 3.454 4.644 2.928 2.060 1.204 0.000 0.000 0.000 0.401 1.874 1.717 3.687 3.080 4.011 2.486 1.159 2.755 1.067 2.758 0.753 1.522 1.730 1.466 0.615 0.000 0.000 0.634 1.324 2.676 1.696 0.000 2.351 0.000 0.000 0.000 0.000 -999.250 -999.250 -999.250 -999.250 -999.250 -999.250 -999.250 -999.250 -999.250 -999.250 -999.250 -999.250 -999.250 -999.250 -999.250 -999.250 -999.250 -999.250 -999.250 -999.250 -999.250 -999.250 -999.250 -999.250 -999.250 -999.250 -999.250 -999.250
0.463 0.522 1.631 0.470 3.447 5.251 3.886 5.077 1.042 1.343 0.000 0.000 0.000 1.351 2.497 0.927 3.097 3.672 3.267 2.696 2.504 0.054 0.000 0.000 1.605 2.027 0.472 2.878 1.585 0.559 0.000 2.415 1.286 2.102 3.565 3.044 1.814 0.350 0.000 0.000 0.000 -999.250 -999.250 -999.250 -999.250 -999.250 -999.250 -999.250 -999.250 -999.250 -999.250 -999.250 -999.250 -999.250 -999.250 -999.250 -999.250 -999.250 -999.250 -999.250 -999.250 -999.250 -999.250 -999.250 -999.250 -999.250 -999.250 -999.250 -999.250
2.467 2.630 4.269 1.246 2.939 5.392 2.276 1.996 0.834 0.549 0.000 0.000 0.000 0.665 2.625 1.425 1.781 1.609 2.574 2.051 1.855 0.000 0.000 0.000 0.317 2.558 0.428 0.649 1.363 1.635 1.783 0.876 0.000 1.854 2.788 4.902 2.694 0.249 0.000 1.206 1.625 -999.250 -999.250 -999.250 -999.250 -999.250 -999.250 -999.250 -999.250 -999.250 -999.250 -999.250 -999.250 -999.250 -999.250 -999.250 -999.250 -999.250 -999.250 -999.250 -999.250 -999.250 -999.250 -999.250 -999.250 -999.250 -999.250 -999.250 -999.250
4.224 4.226 3.356 4.060 3.933 6.816 5.288 5.619 1.769 1.979 0.000 0.000 0.117 2.358 1.713 1.180 3.053 5.127 3.241 0.000 0.798 0.000 0.000 0.000 0.000 0.578 0.599 1.211 2.671 2.684 0.594 1.510 1.878 2.048 3.049 2.429 5.117 1.847 1.825 2.057 0.362 0.000 -999.250 -999.250 -999.250 -999.250 -999.250 -999.250 -999.250 -999.250 -999.250 -999.250 -999.250 -999.250 -999.250 -999.250 -999.250 -999.250 -999.250 -999.250 -999.250 -999.250 -999.250 -999.250 -999.250 -999.250 -999.250 -999.250 -999.250
6.648 5.489 6.255 4.676 5.424 6.288 6.078 3.669 0.993 1.148 0.000 0.000 0.461 1.568 0.960 1.768 2.208 3.900 3.657 0.920 1.491 0.229 0.026 0.041 0.000 1.923 2.865 1.962 1.957 2.127 2.978 0.539 2.124 2.841 3.480 2.602 0.683 1.886 3.250 2.526 1.686 -999.250 -999.250 -999.250 -999.250 -999.250 -999.250 -999.250 -999.250 -999.250 -999.250 -999.250 -999.250 -999.250 -999.250 -999.250 -999.250 -999.250 -999.250 -999.250 -999.250 -999.250 -999.250 -999.250 -999.250 -999.250 -999.250 -999.250 -999.250
5.810 5.620 7.223 6.305 5.417 6.174 5.957 2.615 2.440 0.000 0.000 0.000 0.000 1.271 0.748 1.385 1.430 1.924 2.006 0.094 0.000 0.000 0.000 0.513 0.468 0.000 0.606 2.621 0.745 1.998 2.910 1.194 1.927 2.383 3.456 2.753 2.271 2.242 1.798 4.143 -999.250 -999.250 -999.250 -999.250 -999.250 -999.250 -999.250 -999.250 -999.250 -999.250 -999.250 -999.250 -999.250 -999.250 -999.250 -999.250 -999.250 -999.250 -999.250 -999.250 -999.250 -999.250 -999.250 -999.250 -999.250 -999.250 -999.250 -999.250 -999.250
8.360 6.888 7.758 7.572 7.115 8.311 5.029 3.131 2.034 0.000 0.000 0.000 0.000 1.523 0.256 0.008 0.000 0.000 0.303 0.000 0.000 0.546 0.000 1.171 1.031 0.717 0.905 1.808 2.572 2.613 3.136 0.993 2.836 1.845 2.948 0.995 1.055 3.814 2.516 1.700 -999.250 -999.250 -999.250 -999.250 -999.250 -999.250 -999.250 -999.250 -999.250 -999.250 -999.250 -999.250 -999.250 -999.250 -999.250 -999.250 -999.250 -999.250 -999.250 -999.250 -999.250 -999.250 -999.250 -999.250 -999.250 -999.250 -999.250 -999.250 -999.250
7.092 8.020 8.806 6.867 7.556 7.029 6.677 5.831 1.920 0.824 2.556 0.000 0.000 0.391 0.572 0.521 0.000 0.000 0.000 0.000 0.000 0.000 0.000 0.829 0.000 0.173 1.268 3.460 3.911 2.946 4.177 2.840 3.745 1.812 2.269 3.466 3.548 3.989 1.679 -999.250 -999.250 -999.250 -999.250 -999.250 -999.250 -999.250 -999.250 -999.250 -999.250 -999.250 -999.250 -999.250 -999.250 -999.250 -999.250 -999.250 -999.250 -999.250 -999.250 -999.250 -999.250 -999.250 -999.250 -999.250 -999.250 -999.250 -999.250 -999.250 -999.250
5.997 6.548 7.664 5.979 5.629 7.697 6.580 5.372 5.661 4.315 0.000 0.611 0.504 0.000 0.000 0.000 0.000 0.000 0.000 0.000 0.000 0.000 0.000 0.000 0.043 0.904 2.138 2.819 4.166 3.240 2.689 4.078 2.863 3.606 3.489 2.784 2.811 0.926 0.000 -999.250 -999.250 -999.250 -999.250 -999.250 -999.250 -999.250 -999.250 -999.250 -999.250 -999.250 -999.250 -999.250 -999.250 -999.250 -999.250 -999.250 -999.250 -999.250 -999.250 -999.250 -999.250 -999.250 -999.250 -999.250 -999.250 -999.250 -999.250 -999.250 -999.250
8.051 7.315 5.081 6.392 5.161 7.233 6.701 6.932 4.825 5.178 3.172 1.668 0.185 0.520 0.000 0.000 0.000 0.000 0.000 0.000 0.000 0.000 0.000 1.155 1.304 5.139 4.060 4.239 4.845 4.534 3.476 5.438 2.903 3.385 2.494 1.863 1.526 0.444 -999.250 -999.250 -999.250 -999.250 -999.250 -999.250 -999.250 -999.250 -999.250 -999.250 -999.250 -999.250 -999.250 -999.250 -999.250 -999.250 -999.250 -999.250 -999.250 -999.250 -999.250 -999.250 -999.250 -999.250 -999.250 -999.250 -999.250 -999.250 -999.250 -999.250 -999.250
5.966 7.597 7.191 5.801 6.386 6.179 6.160 4.759 4.283 4.125 4.565 2.390 2.286 0.364 0.000 0.000 0.000 0.000 0.000 0.000 0.000 0.000 0.000 0.000 3.536 4.122 7.720 5.793 4.719 4.445 3.419 3.372 3.899 4.631 2.457 0.487 0.880 0.339 -999.250 -999.250 -999.250 -999.250 -999.250 -999.250 -999.250 -999.250 -999.250 -999.250 -999.250 -999.250 -999.250 -999.250 -999.250 -999.250 -999.250 -999.250 -999.250 -999.250 -999.250 -999.250 -999.250 -999.250 -999.250 -999.250 -999.250 -999.250 -999.250 -999.250 -999.250
9.024 5.808 4.702 4.955 6.606 7.746 8.190 4.852 5.250 5.645 3.281 2.016 0.208 0.223 0.000 0.000 0.000 0.000 0.000 0.000 0.000 0.000 0.764 1.941 3.832 6.938 8.643 10.121 7.230 5.295 4.010 0.681 2.166 1.508 0.202 0.000 0.000 0.000 -999.250 -999.250 -999.250 -999.250 -999.250 -999.250 -999.250 -999.250 -999.250 -999.250 -999.250 -999.250 -999.250 -999.250 -999.250 -999.250 -999.250 -999.250 -999.250 -999.250 -999.250 -999.250 -999.250 -999.250 -999.250 -999.250 -999.250 -999.250 -999.250 -999.250 -999.250
5.416 6.716 6.362 5.731 4.618 4.956 5.316 8.441 5.790 5.886 5.444 3.315 0.909 0.000 0.000 0.000 0.000 0.000 0.000 0.000 0.000 0.000 2.344 4.919 8.928 13.138 13.394 9.483 6.904 6.437 5.058 3.509 1.035 0.000 0.000 0.000 0.000 -999.250 -999.250 -999.250 -999.250 -999.250 -999.250 -999.250 -999.250 -999.250 -999.250 -999.250 -999.250 -999.250 -999.250 -999.250 -999.250 -999.250 -999.250 -999.250 -999.250 -999.250 -999.250 -999.250 -999.250 -999.250 -999.250 -999.250 -999.250 -999.250 -999.250 -999.250 -999.250
3.805 3.919 6.453 7.843 6.970 5.631 4.876 6.702 6.235 7.596 4.362 2.729 0.740 0.000 0.000 0.000 0.000 0.000 0.000 0.000 0.000 0.000 5.585 8.393 15.526 13.613 16.957 13.720 8.474 7.060 6.016 3.018 0.000 0.000 0.000 0.000 -999.250 -999.250 -999.250 -999.250 -999.250 -999.250 -999.250 -999.250 -999.250 -999.250 -999.250 -999.250 -999.250 -999.250 -999.250 -999.250 -999.250 -999.250 -999.250 -999.250 -999.250 -999.250 -999.250 -999.250 -999.250 -999.250 -999.250 -999.250 -999.250 -999.250 -999.250 -999.250 -999.250
3.880 5.671 6.682 8.968 8.903 4.486 6.911 6.585 6.061 7.327 5.132 4.168 0.070 0.463 0.000 0.000 0.000 0.606 0.947 1.823 1.604 0.000 9.959 18.237 17.258 16.778 15.689 18.876 12.271 9.510 6.806 4.763 1.084 0.000 0.000 0.000 -999.250 -999.250 -999.250 -999.250 -999.250 -999.250 -999.250 -999.250 -999.250 -999.250 -999.250 -999.250 -999.250 -999.250 -999.250 -999.250 -999.250 -999.250 -999.250 -999.250 -999.250 -999.250 -999.250 -999.250 -999.250 -999.250 -999.250 -999.250 -999.250 -999.250 -999.250 -999.250 -999.250
4.990 4.292 6.123 9.230 6.001 6.082 5.388 6.028 3.752 5.374 5.714 3.829 2.655 0.000 0.000 1.528 2.193 2.548 3.469 7.317 9.479 15.380 22.601 28.514 26.536 25.921 22.241 21.404 15.166 11.717 9.069 7.851 3.259 0.000 -999.250 -999.250 -999.250 -999.250 -999.250 -999.250 -999.250 -999.250 -999.250 -999.250 -999.250 -999.250 -999.250 -999.250 -999.250 -999.250 -999.250 -999.250 -999.250 -999.250 -999.250 -999.250 -999.250 -999.250 -999.250 -999.250 -999.250 -999.250 -999.250 -999.250 -999.250 -999.250 -999.250 -999.250 -999.250
