data/medianmodel_16-May-2020.asc
ncols	141
nrows	288
xllcorner	-120191.398
yllcorner	-301404.813
cellsize	2000.000
NODATA_value	-999.250
[rows 186 to 216 of 288, columns 0 to 68 of 141]
34.570 40.059 35.437 35.662 33.506 42.099 48.156 51.320 59.415 72.304 90.001 100.171 92.967 86.031 89.558 95.074 105.724 113.051 -999.250 -999.250 -999.250 -999.250 -999.250 72.921 64.795 46.506 32.376 21.988 21.958 17.341 21.648 21.998 29.234 39.582 41.222 45.283 62.820 68.774 57.823 53.131 46.518 40.082 26.987 27.742 21.408 19.570 17.542 15.284 16.231 14.595 12.659 13.306 14.768 13.131 9.326 8.077 8.290 7.529 8.903 6.892 4.137 3.880 1.065 0.411 0.000 0.000 0.000 0.000 0.059
-999.250 41.417 38.166 34.866 34.587 32.841 37.179 40.869 60.878 70.115 90.152 101.234 114.065 95.722 87.228 85.094 95.353 100.236 -999.250 -999.250 -999.250 -999.250 87.034 81.172 73.834 63.203 35.730 26.276 25.255 22.545 20.667 28.046 30.454 39.844 59.767 59.423 59.012 77.666 62.988 47.837 42.893 36.787 31.205 27.145 23.849 18.715 15.835 14.990 11.031 13.312 10.153 14.786 16.704 11.198 12.133 9.824 10.511 7.875 7.090 6.633 3.734 2.057 0.959 1.009 0.000 0.000 0.000 0.912 0.000
-999.250 40.962 34.700 38.199 32.985 37.728 35.756 36.462 48.850 53.668 74.640 86.830 99.465 96.113 89.497 91.067 88.964 95.469 -999.250 -999.250 -999.250 108.233 -999.250 76.370 61.088 41.193 36.849 27.501 24.114 27.466 25.175 27.270 33.339 41.628 50.820 57.188 52.416 53.230 58.504 56.203 49.826 37.070 29.274 26.219 24.354 15.848 13.653 9.432 9.576 12.399 11.778 10.485 10.118 12.491 10.548 10.030 10.302 9.507 6.456 6.413 4.970 2.600 2.961 0.920 0.940 0.000 0.000 0.000 0.171
-999.250 47.098 43.342 38.256 34.060 33.615 36.248 39.461 47.652 45.619 58.782 70.987 76.676 81.340 73.494 85.987 83.640 -999.250 -999.250 -999.250 -999.250 116.057 120.118 101.095 74.954 43.842 34.605 29.245 28.907 24.983 24.554 35.057 41.443 41.377 52.814 46.420 56.186 55.689 52.686 42.949 40.492 37.885 26.678 22.726 17.888 17.351 13.557 10.636 11.292 9.019 11.214 7.007 8.187 8.856 8.696 5.606 7.013 5.915 5.616 6.358 5.116 3.857 1.047 2.994 0.502 1.848 0.266 1.187 0.717
-999.250 43.475 43.559 48.687 35.486 30.428 30.752 28.882 31.961 42.515 47.077 58.058 71.617 70.869 74.800 74.837 78.949 -999.250 -999.250 -999.250 117.156 119.504 130.177 105.275 69.989 44.397 26.892 26.860 30.323 25.947 24.159 32.004 35.797 38.696 45.047 38.699 50.758 50.846 47.026 52.999 37.184 26.473 26.278 24.250 16.057 14.432 12.333 9.790 7.251 7.257 8.332 6.808 8.934 10.836 6.382 4.656 5.859 2.899 3.031 5.064 4.993 3.991 1.723 2.197 1.412 1.764 0.862 0.756 1.435
-999.250 -999.250 -999.250 47.400 -999.250 -999.250 25.587 27.128 28.743 -999.250 -999.250 -999.250 46.847 47.534 -999.250 -999.250 -999.250 -999.250 -999.250 -999.250 103.122 122.119 110.495 88.932 70.712 43.288 24.485 21.328 23.189 21.736 20.372 24.864 27.846 31.733 38.205 44.320 41.903 38.297 41.602 38.824 29.995 27.521 27.588 18.093 15.889 12.333 9.212 7.125 5.964 6.332 8.605 4.734 5.221 6.250 6.148 3.551 2.838 3.202 2.760 3.123 3.891 4.422 2.091 0.677 0.920 1.637 0.570 2.815 2.991
-999.250 -999.250 -999.250 -999.250 -999.250 -999.250 -999.250 -999.250 -999.250 -999.250 -999.250 -999.250 -999.250 38.577 39.502 45.300 -999.250 -999.250 -999.250 113.853 110.892 102.963 102.747 75.490 50.260 35.371 25.596 16.885 18.521 13.023 17.350 18.351 23.410 30.902 32.486 34.267 29.435 35.064 30.722 29.154 25.795 21.761 17.735 14.204 12.033 8.885 7.646 5.364 6.556 8.454 8.509 6.706 7.073 4.864 3.340 0.907 0.035 0.000 2.467 2.271 3.175 1.571 3.486 1.379 3.243 3.981 3.136 7.508 3.303
-999.250 -999.250 -999.250 -999.250 -999.250 -999.250 -999.250 -999.250 -999.250 -999.250 -999.250 28.143 30.969 32.971 34.542 38.453 -999.250 -999.250 98.655 111.781 114.873 95.401 91.815 75.525 51.834 35.381 15.939 10.017 11.356 8.597 10.864 15.806 21.679 24.885 28.695 25.177 28.198 26.535 23.557 27.684 21.592 17.700 14.709 13.413 9.178 5.535 5.567 5.765 6.606 9.011 9.499 7.250 4.074 4.466 3.653 0.780 0.000 0.000 0.479 1.561 1.885 2.406 3.736 2.646 3.509 2.361 3.499 6.310 6.915
-999.250 -999.250 -999.250 -999.250 -999.250 -999.250 -999.250 -999.250 -999.250 -999.250 -999.250 23.156 28.502 27.863 28.637 41.166 50.895 70.895 90.476 99.789 91.299 88.500 84.597 57.380 32.845 24.152 7.780 3.628 5.402 5.187 8.738 11.108 18.260 18.046 22.882 21.537 21.285 19.295 20.838 18.353 15.845 13.844 14.832 9.691 5.973 5.980 3.783 6.654 5.971 8.756 7.454 4.964 5.971 4.205 3.924 1.168 0.000 0.345 2.521 2.852 3.161 2.918 2.332 4.904 4.692 4.561 3.764 4.374 6.450
-999.250 -999.250 -999.250 -999.250 -999.250 -999.250 -999.250 -999.250 -999.250 -999.250 -999.250 -999.250 24.924 26.400 29.850 40.520 56.631 58.765 82.189 81.489 78.074 71.881 51.452 36.378 27.359 14.715 6.598 3.678 4.023 4.833 9.665 12.957 19.065 16.180 16.405 19.002 17.626 18.977 18.360 18.029 14.419 12.538 9.637 11.440 6.172 7.888 5.776 5.810 6.847 5.241 5.157 5.955 4.316 3.783 3.387 2.849 1.472 1.935 3.135 3.097 1.664 3.179 3.250 5.629 4.979 4.838 4.313 3.610 5.773
-999.250 -999.250 -999.250 -999.250 -999.250 -999.250 -999.250 -999.250 -999.250 -999.250 -999.250 -999.250 -999.250 24.468 28.877 33.998 40.267 53.200 64.822 59.643 62.388 51.882 44.629 32.699 19.578 14.071 5.757 2.214 4.157 6.197 9.092 11.938 15.100 16.356 15.528 15.852 14.493 14.914 15.377 15.672 14.290 13.435 10.714 10.857 8.420 8.449 7.104 7.565 7.395 8.850 6.146 6.111 6.504 4.213 5.369 3.500 3.254 4.223 3.246 2.821 2.230 3.420 4.833 7.075 5.653 5.315 5.930 5.874 3.515
-999.250 -999.250 -999.250 -999.250 -999.250 -999.250 -999.250 -999.250 -999.250 -999.250 -999.250 -999.250 -999.250 23.239 25.396 26.707 29.828 31.587 29.286 43.532 44.065 32.951 34.008 28.229 17.592 9.934 6.910 6.554 6.559 9.449 8.987 12.603 9.864 16.165 15.029 16.174 14.151 15.445 14.549 15.335 11.567 11.976 11.367 9.950 7.391 8.731 8.275 6.269 4.840 8.230 5.465 7.520 9.413 7.333 5.850 5.090 5.946 3.880 4.007 3.665 2.112 5.033 4.606 6.177 6.413 7.032 6.241 6.716 6.140
-999.250 -999.250 -999.250 -999.250 -999.250 -999.250 -999.250 -999.250 -999.250 -999.250 -999.250 -999.250 -999.250 24.874 23.923 22.186 21.684 24.278 25.381 28.425 31.616 28.567 26.868 20.812 15.556 11.142 7.502 8.853 6.806 10.051 9.783 10.686 15.868 14.716 15.171 13.860 12.862 11.862 10.512 14.999 12.615 12.464 11.731 12.452 11.680 11.177 9.923 9.099 8.992 9.169 7.607 8.098 7.596 7.328 8.896 9.887 7.159 6.527 4.448 3.685 6.091 6.732 5.361 6.379 5.933 5.117 4.700 4.144 4.412
-999.250 -999.250 -999.250 -999.250 -999.250 -999.250 -999.250 -999.250 -999.250 -999.250 -999.250 -999.250 -999.250 -999.250 21.470 22.936 18.266 18.583 21.212 20.644 19.530 20.497 15.406 17.964 12.295 8.511 9.176 10.474 14.972 12.098 14.641 15.702 17.307 15.538 18.779 18.195 15.511 11.020 14.697 12.565 15.685 16.148 13.038 12.324 11.985 9.890 9.872 10.635 9.630 12.850 9.916 9.414 8.907 4.328 8.310 7.917 5.854 7.158 6.428 7.467 7.662 7.336 5.021 5.895 6.056 4.794 3.745 4.882 3.952
-999.250 -999.250 -999.250 -999.250 -999.250 -999.250 -999.250 -999.250 -999.250 -999.250 -999.250 -999.250 -999.250 -999.250 21.905 20.012 15.245 15.559 17.088 17.859 13.085 17.213 16.611 15.312 10.381 9.189 10.668 13.526 19.978 18.631 18.129 17.118 19.196 15.985 14.677 14.649 15.783 13.879 12.759 15.520 13.059 10.536 11.870 10.976 10.541 11.269 11.092 8.769 10.484 8.787 9.055 8.006 7.643 7.868 8.580 9.166 8.978 8.586 5.967 3.910 5.556 5.197 4.336 7.077 5.870 3.899 4.715 4.543 6.868
-999.250 -999.250 -999.250 -999.250 -999.250 -999.250 -999.250 -999.250 -999.250 -999.250 -999.250 -999.250 -999.250 -999.250 18.525 18.583 17.620 14.509 12.720 14.199 12.328 16.311 12.060 13.616 9.648 9.049 11.398 16.582 17.037 15.885 19.188 18.833 16.681 16.044 16.090 17.619 15.342 13.837 12.063 14.973 16.220 14.112 9.177 10.390 10.609 10.943 10.108 11.812 8.917 8.798 9.252 8.222 9.797 10.727 9.771 10.403 8.898 6.589 4.817 5.011 5.225 4.540 5.266 5.055 4.533 3.929 3.833 3.511 5.385
-999.250 -999.250 -999.250 -999.250 -999.250 -999.250 -999.250 -999.250 -999.250 -999.250 -999.250 -999.250 -999.250 -999.250 21.693 17.933 16.518 14.733 12.467 12.361 11.875 11.635 13.515 12.937 13.875 -999.250 13.910 13.976 13.852 15.827 19.167 15.622 14.846 16.962 17.219 15.248 20.032 14.568 13.874 18.756 13.558 12.988 12.271 11.101 9.612 12.232 8.278 8.078 8.613 8.887 6.316 6.662 10.539 9.709 8.891 7.412 7.031 5.600 6.410 4.582 3.523 4.832 5.382 4.391 3.806 2.837 4.610 4.946 4.683
-999.250 -999.250 -999.250 -999.250 -999.250 -999.250 -999.250 -999.250 -999.250 -999.250 -999.250 -999.250 -999.250 -999.250 25.584 17.316 15.677 13.150 11.707 12.990 11.992 17.195 11.989 -999.250 -999.250 -999.250 15.672 13.812 16.074 18.033 20.087 18.600 16.983 13.524 15.828 19.112 17.063 12.865 12.831 13.835 12.539 12.551 12.324 8.705 11.455 10.655 13.521 7.752 11.403 8.167 7.272 7.930 8.366 8.039 7.475 6.030 8.090 6.565 7.759 6.758 2.973 5.686 5.754 3.791 2.037 2.908 4.996 3.883 6.102
-999.250 -999.250 -999.250 -999.250 -999.250 -999.250 -999.250 -999.250 -999.250 -999.250 -999.250 -999.250 -999.250 20.676 24.196 18.000 15.207 13.547 16.892 15.218 13.871 13.655 -999.250 -999.250 -999.250 -999.250 -999.250 13.143 13.705 15.916 19.303 17.741 19.784 21.065 17.519 18.819 14.760 14.990 14.999 12.044 14.143 11.669 9.069 10.167 9.132 7.685 8.014 10.559 9.757 9.288 10.303 8.733 11.089 9.762 9.370 8.796 8.485 5.836 5.817 5.354 5.615 3.342 4.344 2.456 2.145 3.872 2.773 2.445 4.406
-999.250 -999.250 -999.250 -999.250 -999.250 -999.250 -999.250 -999.250 -999.250 -999.250 -999.250 -999.250 -999.250 22.169 21.732 20.047 17.132 12.455 18.143 14.533 -999.250 -999.250 -999.250 -999.250 -999.250 -999.250 -999.250 -999.250 13.578 14.994 15.164 21.040 19.056 19.589 15.516 16.043 15.183 15.951 14.174 9.821 11.146 8.947 10.704 11.179 9.351 9.443 6.205 7.304 8.214 11.165 9.097 9.392 8.992 8.876 8.906 9.740 6.790 5.477 4.756 5.771 5.204 4.166 3.853 3.842 4.388 5.463 4.537 2.551 3.452
-999.250 -999.250 -999.250 -999.250 -999.250 -999.250 -999.250 -999.250 -999.250 -999.250 -999.250 -999.250 20.576 23.680 -999.250 -999.250 -999.250 -999.250 -999.250 -999.250 -999.250 -999.250 -999.250 -999.250 -999.250 -999.250 -999.250 -999.250 -999.250 13.910 15.667 20.458 20.156 19.236 13.837 14.450 12.881 13.460 12.239 13.423 7.281 8.145 10.918 9.157 11.432 6.022 8.118 8.645 7.682 9.657 10.011 9.469 7.264 8.238 7.724 9.137 6.237 6.469 5.762 3.940 3.098 2.474 2.831 1.924 5.202 2.245 2.910 4.352 3.373
-999.250 -999.250 -999.250 -999.250 -999.250 -999.250 -999.250 -999.250 -999.250 -999.250 -999.250 -999.250 -999.250 -999.250 -999.250 -999.250 -999.250 -999.250 -999.250 -999.250 -999.250 -999.250 -999.250 -999.250 -999.250 -999.250 -999.250 -999.250 -999.250 -999.250 13.768 15.362 17.368 17.221 17.165 14.448 11.776 12.226 12.676 6.899 8.071 6.478 6.878 7.240 7.936 5.944 5.339 4.896 8.227 8.728 8.292 6.962 6.986 7.376 4.655 5.777 5.330 4.832 4.476 1.116 3.448 3.425 1.304 2.188 3.540 3.564 3.417 2.900 4.207
-999.250 -999.250 -999.250 -999.250 -999.250 -999.250 -999.250 -999.250 -999.250 -999.250 -999.250 -999.250 -999.250 -999.250 -999.250 -999.250 -999.250 -999.250 -999.250 -999.250 -999.250 -999.250 -999.250 -999.250 -999.250 -999.250 -999.250 -999.250 -999.250 -999.250 11.676 14.616 12.093 16.113 18.753 15.814 11.180 10.172 7.206 9.217 4.932 8.925 7.325 5.891 6.091 6.748 5.911 7.035 7.935 6.303 4.854 5.896 5.071 6.495 4.111 3.316 3.829 4.317 3.359 1.178 2.742 0.620 0.000 1.510 4.329 1.320 2.338 3.943 3.710
-999.250 -999.250 -999.250 -999.250 -999.250 -999.250 -999.250 -999.250 -999.250 -999.250 -999.250 -999.250 -999.250 -999.250 -999.250 -999.250 -999.250 -999.250 -999.250 -999.250 -999.250 -999.250 -999.250 -999.250 -999.250 -999.250 -999.250 -999.250 -999.250 -999.250 8.987 14.241 11.477 12.806 14.095 14.185 17.284 8.432 8.266 9.647 8.784 6.952 7.943 6.526 4.722 5.991 8.373 6.983 5.049 4.509 3.883 6.379 5.755 5.635 7.740 4.641 3.460 1.412 3.360 0.688 2.115 1.589 2.443 1.094 0.915 1.107 2.689 3.285 3.332
-999.250 -999.250 -999.250 -999.250 -999.250 -999.250 -999.250 -999.250 -999.250 -999.250 -999.250 -999.250 -999.250 -999.250 -999.250 -999.250 -999.250 -999.250 -999.250 -999.250 -999.250 -999.250 -999.250 -999.250 -999.250 -999.250 -999.250 -999.250 -999.250 -999.250 -999.250 10.091 10.403 11.527 9.143 11.550 12.451 8.782 8.609 8.709 8.339 7.495 8.577 6.185 8.144 6.494 8.550 5.852 5.024 4.186 4.188 5.806 7.070 4.415 3.416 4.544 4.256 0.886 1.201 2.061 1.176 3.055 2.129 0.000 0.000 0.000 0.000 1.496 1.406
-999.250 -999.250 -999.250 -999.250 -999.250 -999.250 -999.250 -999.250 -999.250 -999.250 -999.250 -999.250 -999.250 -999.250 -999.250 -999.250 -999.250 -999.250 -999.250 -999.250 -999.250 -999.250 -999.250 -999.250 -999.250 -999.250 -999.250 -999.250 -999.250 -999.250 -999.250 9.979 13.384 14.378 11.913 11.196 12.843 10.454 9.735 7.526 7.514 8.764 8.583 5.803 4.489 3.986 9.352 6.696 5.693 6.104 4.646 5.204 3.952 4.775 1.961 3.584 2.280 2.282 2.736 2.146 3.414 3.059 0.385 0.000 0.000 0.000 0.000 0.357 0.999
-999.250 -999.250 -999.250 -999.250 -999.250 -999.250 -999.250 -999.250 -999.250 -999.250 -999.250 -999.250 -999.250 -999.250 -999.250 -999.250 -999.250 -999.250 -999.250 -999.250 -999.250 -999.250 -999.250 -999.250 -999.250 -999.250 -999.250 -999.250 -999.250 -999.250 -999.250 9.995 10.672 11.787 11.673 10.226 9.898 11.072 10.621 8.759 7.457 7.895 7.758 5.492 4.683 4.439 4.406 5.880 7.889 6.947 7.070 3.137 4.395 4.672 4.557 3.480 2.894 1.330 2.229 3.926 2.537 0.953 0.011 0.000 0.000 0.000 0.000 0.000 0.125
-999.250 -999.250 -999.250 -999.250 -999.250 -999.250 -999.250 -999.250 -999.250 -999.250 -999.250 -999.250 -999.250 -999.250 -999.250 -999.250 -999.250 -999.250 -999.250 -999.250 -999.250 -999.250 -999.250 -999.250 -999.250 -999.250 -999.250 -999.250 -999.250 -999.250 -999.250 8.662 8.570 14.242 13.389 13.101 10.954 9.040 8.814 9.361 5.974 8.288 6.742 7.588 5.987 6.806 6.312 7.748 6.592 7.510 7.002 5.464 8.197 7.469 5.310 4.728 3.280 1.147 3.447 4.648 2.996 0.918 0.271 0.000 0.000 0.000 0.000 0.000 0.000
-999.250 -999.250 -999.250 -999.250 -999.250 -999.250 -999.250 -999.250 -999.250 -999.250 -999.250 -999.250 -999.250 -999.250 -999.250 -999.250 -999.250 -999.250 -999.250 -999.250 -999.250 -999.250 -999.250 -999.250 -999.250 -999.250 -999.250 -999.250 -999.250 -999.250 -999.250 11.427 8.654 10.318 12.822 13.113 9.634 9.123 12.066 7.214 7.655 8.078 8.158 8.637 9.934 7.083 8.011 6.308 9.296 9.259 8.524 7.119 5.515 6.831 4.951 5.402 3.409 4.049 4.704 2.567 0.000 2.318 1.249 0.129 0.912 0.000 0.000 0.000 0.000
-999.250 -999.250 -999.250 -999.250 -999.250 -999.250 -999.250 -999.250 -999.250 -999.250 -999.250 -999.250 -999.250 -999.250 -999.250 -999.250 -999.250 -999.250 -999.250 -999.250 -999.250 -999.250 -999.250 -999.250 -999.250 -999.250 -999.250 -999.250 -999.250 -999.250 -999.250 10.926 9.940 8.712 10.835 8.415 9.926 12.711 9.560 9.870 8.787 9.483 10.072 9.928 8.556 9.869 8.096 8.459 8.769 12.442 7.274 6.746 6.913 5.116 4.728 5.657 5.268 4.515 5.640 4.035 1.983 2.007 2.252 1.572 0.000 0.000 0.000 0.000 0.000
-999.250 -999.250 -999.250 -999.250 -999.250 -999.250 -999.250 -999.250 -999.250 -999.250 -999.250 -999.250 -999.250 -999.250 -999.250 -999.250 -999.250 -999.250 -999.250 -999.250 -999.250 -999.250 -999.250 -999.250 -999.250 -999.250 -999.250 -999.250 -999.250 -999.250 -999.250 12.209 11.155 10.626 9.213 9.333 9.965 12.464 13.303 7.898 11.924 8.376 7.558 8.927 6.127 7.301 5.724 7.164 11.462 9.110 5.855 7.619 7.078 7.001 7.200 5.713 7.662 4.468 5.074 4.389 2.516 2.946 2.407 1.649 0.595 0.000 0.000 0.000 0.000
