data/medianmodel_29-Apr-2020.asc
ncols	141
nrows	288
xllcorner	-120191.398
yllcorner	-301404.813
cellsize	2000.000
NODATA_value	-999.250
[rows 60 to 89 of 288, columns 68 to 135 of 141]
55.553 53.507 45.967 41.831 32.974 22.403 20.301 17.716 18.891 17.879 20.562 19.741 21.342 18.919 15.889 14.413 12.526 7.904 6.687 4.869 4.551 7.893 10.018 17.777 26.863 36.232 46.359 56.474 75.581 104.155 137.003 151.069 159.970 170.853 158.190 146.355 126.283 110.989 91.641 65.158 54.463 38.358 28.618 21.200 14.412 9.156 5.354 0.000 -999.250 -999.250 -999.250 -999.250 -999.250 -999.250 -999.250 -999.250 -999.250 -999.250 -999.250 -999.250 -999.250 -999.250 -999.250 -999.250 -999.250 -999.250 -999.250 -999.250
53.570 46.873 41.647 33.856 31.772 21.968 17.190 16.480 18.778 18.726 22.908 25.131 28.898 29.545 24.546 21.910 16.750 12.710 9.867 8.260 8.673 7.206 7.737 11.144 19.062 27.677 38.632 47.554 66.580 79.883 105.114 129.931 145.114 139.504 143.652 145.299 109.629 103.391 71.815 59.232 47.527 33.081 27.180 20.791 14.828 10.100 4.851 -999.250 -999.250 -999.250 -999.250 -999.250 -999.250 -999.250 -999.250 -999.250 -999.250 -999.250 -999.250 -999.250 -999.250 -999.250 -999.250 -999.250 -999.250 -999.250 -999.250 -999.250
44.808 45.767 37.759 34.300 27.887 18.941 12.814 15.263 21.478 21.307 25.147 31.696 34.072 36.194 33.899 26.569 22.587 19.571 14.646 11.596 11.059 9.643 6.219 7.494 12.079 20.490 27.965 39.705 43.605 60.849 76.166 94.371 121.094 124.408 128.152 123.735 103.140 85.295 69.699 54.297 42.747 39.337 -999.250 -999.250 -999.250 -999.250 -999.250 -999.250 -999.250 -999.250 -999.250 -999.250 -999.250 -999.250 -999.250 -999.250 -999.250 -999.250 -999.250 -999.250 -999.250 -999.250 -999.250 -999.250 -999.250 -999.250 -999.250 -999.250
38.544 42.010 35.407 34.500 25.335 23.486 17.944 19.422 23.869 29.918 31.592 33.938 36.874 37.958 41.085 35.910 27.897 18.641 16.383 15.148 14.071 9.611 3.934 0.000 7.795 13.010 16.128 20.628 17.876 33.333 47.560 74.476 94.455 110.123 117.671 109.883 96.501 76.972 63.329 52.594 40.796 38.259 23.030 -999.250 -999.250 -999.250 -999.250 -999.250 -999.250 -999.250 -999.250 -999.250 -999.250 -999.250 -999.250 -999.250 -999.250 -999.250 -999.250 -999.250 -999.250 -999.250 -999.250 -999.250 -999.250 -999.250 -999.250 -999.250
41.634 43.393 40.209 29.993 30.803 26.458 20.361 24.160 29.468 33.031 35.681 36.051 33.677 38.770 39.329 38.156 30.891 26.327 21.020 20.478 15.204 11.743 6.128 3.323 3.357 7.000 8.198 8.879 4.170 0.000 29.485 57.002 70.163 89.822 94.265 98.616 81.229 73.227 51.060 42.206 33.091 27.645 20.613 12.528 -999.250 -999.250 -999.250 -999.250 -999.250 -999.250 -999.250 -999.250 -999.250 -999.250 -999.250 -999.250 -999.250 -999.250 -999.250 -999.250 -999.250 -999.250 -999.250 -999.250 -999.250 -999.250 -999.250 -999.250
40.589 41.644 40.749 37.425 32.829 32.761 27.987 25.230 29.419 33.885 33.965 33.516 36.878 40.812 39.802 38.016 34.475 32.227 23.768 27.451 20.818 15.839 12.095 6.344 3.977 4.245 4.675 2.080 2.984 5.506 21.069 40.595 54.555 71.392 71.863 74.491 69.189 53.778 45.480 32.322 24.168 19.017 12.166 5.515 -999.250 -999.250 -999.250 -999.250 -999.250 -999.250 -999.250 -999.250 -999.250 -999.250 -999.250 -999.250 -999.250 -999.250 -999.250 -999.250 -999.250 -999.250 -999.250 -999.250 -999.250 -999.250 -999.250 -999.250
44.033 44.496 39.949 34.668 34.315 31.963 27.413 28.740 29.009 32.511 33.400 35.484 40.044 38.534 38.856 37.066 34.697 29.490 25.911 31.823 28.020 21.455 15.451 10.295 9.706 6.242 3.769 2.128 4.299 10.856 19.171 37.178 42.951 56.259 67.376 55.606 55.150 48.049 39.254 25.199 16.608 9.637 4.023 2.131 0.000 -999.250 -999.250 -999.250 -999.250 -999.250 -999.250 -999.250 -999.250 -999.250 -999.250 -999.250 -999.250 -999.250 -999.250 -999.250 -999.250 -999.250 -999.250 -999.250 -999.250 -999.250 -999.250 -999.250
43.727 42.267 40.773 36.560 30.903 30.025 29.867 27.615 26.911 27.915 32.113 38.740 39.230 36.682 37.177 40.833 36.561 37.482 32.823 30.133 32.950 26.960 20.427 16.108 13.276 10.443 7.580 6.403 7.320 13.579 20.489 34.744 38.312 46.296 51.925 51.361 44.807 37.147 30.021 21.887 11.792 0.000 0.230 0.000 0.000 0.000 -999.250 -999.250 -999.250 -999.250 -999.250 -999.250 -999.250 -999.250 -999.250 -999.250 -999.250 -999.250 -999.250 -999.250 -999.250 -999.250 -999.250 -999.250 -999.250 -999.250 -999.250 -999.250
40.635 43.406 37.507 33.215 29.692 32.442 31.350 25.078 28.042 28.364 27.770 35.860 37.946 40.607 39.575 40.530 40.412 42.906 40.191 37.581 37.391 33.132 24.782 21.077 18.818 15.370 13.496 14.052 11.795 14.254 20.359 24.737 36.992 43.501 43.177 43.308 40.607 34.437 24.672 16.910 10.075 3.479 0.258 0.000 0.000 0.000 -999.250 -999.250 -999.250 -999.250 -999.250 -999.250 -999.250 -999.250 -999.250 -999.250 -999.250 -999.250 -999.250 -999.250 -999.250 -999.250 -999.250 -999.250 -999.250 -999.250 -999.250 -999.250
37.793 33.335 36.700 31.665 34.507 25.224 28.873 23.605 25.182 25.939 30.455 27.140 31.884 33.506 43.990 48.523 44.189 44.642 43.875 49.058 42.697 36.928 29.506 24.505 18.614 19.494 16.103 18.105 15.272 16.582 22.271 28.731 32.638 34.471 40.553 37.947 32.676 29.624 19.805 17.008 11.352 6.002 2.780 0.000 0.000 0.000 -999.250 -999.250 -999.250 -999.250 -999.250 -999.250 -999.250 -999.250 -999.250 -999.250 -999.250 -999.250 -999.250 -999.250 -999.250 -999.250 -999.250 -999.250 -999.250 -999.250 -999.250 -999.250
31.397 31.354 26.609 27.773 26.754 27.101 27.091 24.735 23.507 23.296 24.743 26.042 33.059 34.173 36.822 40.719 41.223 44.927 52.743 55.597 45.283 37.088 32.003 28.915 22.852 22.018 22.841 19.941 20.423 18.890 20.496 27.917 31.318 28.481 41.516 28.079 33.649 24.578 18.497 15.295 11.736 7.659 5.032 2.102 0.341 0.000 0.000 0.000 -999.250 -999.250 -999.250 -999.250 -999.250 -999.250 -999.250 -999.250 -999.250 -999.250 -999.250 -999.250 -999.250 -999.250 -999.250 -999.250 -999.250 -999.250 -999.250 -999.250
27.319 28.524 28.244 23.315 23.842 25.246 24.831 22.914 21.336 22.105 26.310 23.936 30.612 30.087 37.114 35.173 41.204 43.153 50.315 44.740 43.298 41.810 35.515 28.340 25.285 28.560 22.067 19.662 19.975 21.957 21.201 26.616 32.289 33.617 36.642 35.767 34.479 25.509 21.627 16.917 13.139 11.235 6.487 4.135 1.479 1.790 0.793 0.000 -999.250 -999.250 -999.250 -999.250 -999.250 -999.250 -999.250 -999.250 -999.250 -999.250 -999.250 -999.250 -999.250 -999.250 -999.250 -999.250 -999.250 -999.250 -999.250 -999.250
22.059 21.873 24.341 23.125 19.158 19.257 21.011 20.459 18.560 19.559 24.736 24.490 27.381 25.891 30.438 28.276 36.864 40.379 42.054 42.089 39.657 41.072 39.046 36.489 29.750 31.366 22.799 22.647 23.783 22.675 25.957 33.050 35.758 34.798 31.912 31.675 33.275 26.852 21.999 21.258 16.342 12.251 7.427 4.864 4.708 2.665 3.465 -999.250 -999.250 -999.250 -999.250 -999.250 -999.250 -999.250 -999.250 -999.250 -999.250 -999.250 -999.250 -999.250 -999.250 -999.250 -999.250 -999.250 -999.250 -999.250 -999.250 -999.250
22.533 19.852 21.359 16.910 19.763 19.221 19.613 19.827 22.704 23.577 26.387 25.579 28.041 24.291 28.082 31.851 37.833 34.699 37.516 37.367 33.409 38.108 37.205 36.654 35.160 27.720 24.202 26.484 22.423 25.117 26.363 34.459 35.247 37.291 36.992 33.177 34.557 30.709 25.748 23.991 17.042 13.257 9.329 5.310 4.121 2.894 1.376 -999.250 -999.250 -999.250 -999.250 -999.250 -999.250 -999.250 -999.250 -999.250 -999.250 -999.250 -999.250 -999.250 -999.250 -999.250 -999.250 -999.250 -999.250 -999.250 -999.250 -999.250
16.496 15.777 18.629 18.537 18.413 18.937 22.258 20.469 21.865 23.161 23.659 21.647 26.256 23.172 27.265 26.389 30.780 28.843 28.419 34.221 29.984 37.725 36.483 36.690 36.769 30.737 25.799 22.229 26.761 27.109 35.303 31.550 39.060 39.253 41.346 38.164 40.838 37.026 35.753 26.944 20.527 14.964 10.842 5.471 3.848 4.423 5.397 -999.250 -999.250 -999.250 -999.250 -999.250 -999.250 -999.250 -999.250 -999.250 -999.250 -999.250 -999.250 -999.250 -999.250 -999.250 -999.250 -999.250 -999.250 -999.250 -999.250 -999.250
14.770 14.995 13.850 15.206 17.135 16.971 19.168 19.274 20.787 17.432 19.344 21.251 23.301 24.200 25.229 24.829 22.305 24.846 25.553 25.541 30.352 34.247 34.076 31.616 33.803 27.742 27.562 24.209 24.000 27.258 28.151 30.825 38.651 41.873 39.351 44.384 46.998 41.263 39.230 29.513 23.616 15.117 10.388 7.149 7.614 7.748 4.297 -999.250 -999.250 -999.250 -999.250 -999.250 -999.250 -999.250 -999.250 -999.250 -999.250 -999.250 -999.250 -999.250 -999.250 -999.250 -999.250 -999.250 -999.250 -999.250 -999.250 -999.250
14.384 14.579 16.718 18.820 16.439 16.427 20.128 19.570 19.552 17.972 19.255 20.938 22.491 21.563 21.278 21.281 22.255 21.496 22.206 21.609 32.438 32.177 33.631 30.533 35.556 32.572 22.834 24.943 25.894 25.355 27.742 32.908 33.764 37.004 39.993 39.673 42.636 42.958 39.203 31.834 23.202 15.696 12.921 9.381 9.611 6.651 1.395 -999.250 -999.250 -999.250 -999.250 -999.250 -999.250 -999.250 -999.250 -999.250 -999.250 -999.250 -999.250 -999.250 -999.250 -999.250 -999.250 -999.250 -999.250 -999.250 -999.250 -999.250
13.938 19.186 17.245 22.264 19.256 19.694 19.245 18.756 19.642 17.271 16.019 18.756 18.701 17.998 19.307 22.566 21.437 21.893 20.853 23.524 30.812 30.883 34.223 30.043 32.007 29.899 25.105 24.307 25.518 28.836 30.660 34.597 34.992 37.244 39.229 42.850 40.220 38.878 37.385 30.692 22.063 18.045 11.320 11.524 7.952 4.859 3.165 -999.250 -999.250 -999.250 -999.250 -999.250 -999.250 -999.250 -999.250 -999.250 -999.250 -999.250 -999.250 -999.250 -999.250 -999.250 -999.250 -999.250 -999.250 -999.250 -999.250 -999.250
14.915 18.056 18.436 20.966 25.561 24.201 20.486 18.525 19.024 17.651 14.526 17.337 17.748 19.238 19.422 18.592 22.283 21.206 23.016 21.113 31.484 34.789 32.660 27.487 27.332 26.717 26.566 28.993 26.365 34.026 33.272 34.205 36.810 35.583 41.721 41.743 39.149 34.311 32.657 23.286 23.864 18.278 14.145 10.705 8.331 5.824 4.250 -999.250 -999.250 -999.250 -999.250 -999.250 -999.250 -999.250 -999.250 -999.250 -999.250 -999.250 -999.250 -999.250 -999.250 -999.250 -999.250 -999.250 -999.250 -999.250 -999.250 -999.250
17.792 18.376 22.325 25.510 26.282 25.894 23.912 26.787 21.770 17.384 15.358 14.193 14.883 16.920 18.204 19.996 18.156 21.778 24.952 26.577 27.303 29.457 25.166 26.610 23.736 30.805 26.294 34.171 28.633 34.194 31.629 35.530 39.055 42.228 39.097 40.185 38.891 35.196 26.281 21.509 19.839 15.925 16.133 10.861 9.441 6.072 5.225 -999.250 -999.250 -999.250 -999.250 -999.250 -999.250 -999.250 -999.250 -999.250 -999.250 -999.250 -999.250 -999.250 -999.250 -999.250 -999.250 -999.250 -999.250 -999.250 -999.250 -999.250
17.904 18.055 21.892 31.195 30.785 34.906 28.938 27.878 26.274 19.478 13.087 15.289 17.279 19.797 21.143 20.521 21.530 25.241 27.885 31.569 24.992 24.210 23.122 23.828 23.647 22.375 24.608 28.805 36.882 31.415 32.443 28.690 34.542 33.702 37.605 38.612 36.574 31.706 21.803 20.620 18.695 15.372 15.124 11.345 10.487 5.526 6.169 4.508 -999.250 -999.250 -999.250 -999.250 -999.250 -999.250 -999.250 -999.250 -999.250 -999.250 -999.250 -999.250 -999.250 -999.250 -999.250 -999.250 -999.250 -999.250 -999.250 -999.250
16.404 19.295 25.118 34.505 33.313 37.050 39.730 37.729 33.386 21.848 14.055 18.720 20.397 21.425 23.118 24.008 26.152 28.971 31.074 30.759 30.109 22.713 19.412 19.567 21.248 19.163 19.497 26.095 32.088 27.736 33.191 28.664 33.640 37.648 36.300 34.978 28.506 30.287 23.974 19.962 18.512 15.980 13.198 9.063 7.695 4.958 6.138 3.998 -999.250 -999.250 -999.250 -999.250 -999.250 -999.250 -999.250 -999.250 -999.250 -999.250 -999.250 -999.250 -999.250 -999.250 -999.250 -999.250 -999.250 -999.250 -999.250 -999.250
19.722 18.509 27.740 39.442 45.823 51.980 46.847 55.029 46.796 41.773 36.263 29.991 30.381 32.575 34.020 35.291 35.403 31.980 30.099 28.468 28.446 21.535 19.864 19.420 20.261 20.324 19.887 25.220 24.001 24.447 26.675 26.976 34.197 32.268 29.410 28.530 27.703 22.927 23.598 20.566 17.918 14.858 11.888 10.022 6.877 3.717 3.923 2.064 -999.250 -999.250 -999.250 -999.250 -999.250 -999.250 -999.250 -999.250 -999.250 -999.250 -999.250 -999.250 -999.250 -999.250 -999.250 -999.250 -999.250 -999.250 -999.250 -999.250
21.859 25.177 36.993 44.180 49.059 54.387 61.451 70.080 68.998 60.803 54.962 43.576 40.047 39.797 41.550 39.609 39.493 36.282 36.286 27.391 20.493 20.665 16.464 15.801 17.331 17.209 17.881 19.187 21.392 22.991 26.187 25.820 25.160 28.477 23.192 22.486 24.205 24.865 24.836 20.150 18.048 15.778 14.453 9.664 6.903 5.526 0.946 0.864 -999.250 -999.250 -999.250 -999.250 -999.250 -999.250 -999.250 -999.250 -999.250 -999.250 -999.250 -999.250 -999.250 -999.250 -999.250 -999.250 -999.250 -999.250 -999.250 -999.250
25.530 35.078 40.761 42.535 56.674 64.152 76.797 90.299 101.131 90.643 73.297 65.965 57.513 53.522 44.911 42.845 44.170 40.361 33.337 30.685 22.481 17.436 14.434 13.379 14.299 17.092 20.627 16.027 19.193 20.399 21.847 22.642 23.221 22.003 23.147 23.105 21.516 23.446 24.088 17.751 14.861 15.596 10.802 8.804 8.692 3.818 0.000 -999.250 -999.250 -999.250 -999.250 -999.250 -999.250 -999.250 -999.250 -999.250 -999.250 -999.250 -999.250 -999.250 -999.250 -999.250 -999.250 -999.250 -999.250 -999.250 -999.250 -999.250
31.458 35.889 41.477 50.364 61.357 71.768 92.965 101.309 135.062 107.311 91.257 82.403 68.084 56.431 50.253 50.835 43.913 41.544 32.720 29.858 20.687 17.709 14.216 13.423 13.443 14.802 16.317 16.911 17.925 18.184 19.465 23.233 21.058 23.959 21.141 18.569 20.450 21.462 17.477 19.095 14.215 13.262 8.214 6.609 6.548 3.795 1.924 -999.250 -999.250 -999.250 -999.250 -999.250 -999.250 -999.250 -999.250 -999.250 -999.250 -999.250 -999.250 -999.250 -999.250 -999.250 -999.250 -999.250 -999.250 -999.250 -999.250 -999.250
31.026 36.457 43.045 51.594 61.902 75.092 95.463 110.226 110.429 107.445 88.794 75.369 66.579 60.102 52.496 46.907 42.865 38.892 36.796 26.741 20.519 17.462 15.618 14.090 14.228 14.244 17.527 18.616 17.078 16.807 17.315 18.333 20.167 20.504 18.491 20.555 21.649 18.047 17.504 17.059 13.320 13.273 11.193 8.486 7.197 3.514 -999.250 -999.250 -999.250 -999.250 -999.250 -999.250 -999.250 -999.250 -999.250 -999.250 -999.250 -999.250 -999.250 -999.250 -999.250 -999.250 -999.250 -999.250 -999.250 -999.250 -999.250 -999.250
32.929 37.434 44.030 50.743 61.440 70.644 84.556 94.144 111.032 92.887 94.841 75.976 74.109 63.707 51.757 47.193 37.072 36.690 36.920 28.564 20.703 18.842 15.852 13.874 13.386 14.768 16.222 16.925 15.825 15.424 16.005 18.250 19.736 18.088 17.964 15.036 15.626 16.393 16.750 16.425 16.155 12.786 11.200 9.710 6.398 6.399 -999.250 -999.250 -999.250 -999.250 -999.250 -999.250 -999.250 -999.250 -999.250 -999.250 -999.250 -999.250 -999.250 -999.250 -999.250 -999.250 -999.250 -999.250 -999.250 -999.250 -999.250 -999.250
32.755 37.353 38.686 44.918 51.925 69.066 74.240 83.605 85.624 84.609 79.866 69.597 59.556 58.555 53.088 44.803 39.905 27.747 32.504 26.830 21.352 17.951 14.730 15.261 13.359 12.318 15.419 14.231 12.542 12.831 14.879 16.620 19.830 17.999 16.229 12.296 13.707 14.850 14.910 15.661 12.806 11.698 12.416 8.852 9.517 5.686 4.771 4.300 -999.250 -999.250 -999.250 -999.250 -999.250 -999.250 -999.250 -999.250 -999.250 -999.250 -999.250 -999.250 -999.250 -999.250 -999.250 -999.250 -999.250 -999.250 -999.250 -999.250
30.499 30.122 34.588 38.539 46.953 55.139 60.822 71.349 77.429 74.480 74.894 61.831 52.714 46.248 45.252 42.500 40.234 36.719 25.677 23.230 21.079 21.374 19.208 16.662 12.524 13.158 13.802 13.351 11.376 11.051 12.256 13.072 13.195 13.850 13.439 12.139 15.450 12.094 15.058 13.140 14.510 11.023 10.066 11.696 8.235 6.047 6.239 6.677 -999.250 -999.250 -999.250 -999.250 -999.250 -999.250 -999.250 -999.250 -999.250 -999.250 -999.250 -999.250 -999.250 -999.250 -999.250 -999.250 -999.250 -999.250 -999.250 -999.250
