data/medianmodel_20-Dec-2020.asc
ncols	141
nrows	288
xllcorner	-120191.398
yllcorner	-301404.813
cellsize	2000.000
NODATA_value	-999.250
[rows 174 to 202 of 288, columns 0 to 63 of 141]
-999.250 -999.250 -999.250 -999.250 350.048 343.870 350.803 354.406 334.556 314.491 292.065 262.657 230.174 231.134 221.779 221.060 222.006 250.726 279.739 311.446 362.118 405.089 433.010 458.539 440.409 420.924 393.811 370.969 355.134 348.624 334.731 321.393 304.773 308.542 305.640 287.783 255.040 233.437 228.188 216.047 194.596 186.689 196.120 216.591 243.820 328.256 380.335 473.430 539.023 610.579 719.259 823.671 889.330 1013.789 1120.085 1191.452 1263.973 1279.374 1277.859 1269.355 1191.739 1134.564 968.141 896.294
-999.250 -999.250 -999.250 -999.250 342.694 350.437 355.757 345.757 339.700 318.546 286.715 277.987 279.278 244.757 227.499 232.694 235.243 246.029 268.933 319.741 337.192 377.033 398.641 396.662 403.105 396.913 377.474 364.336 348.440 344.219 318.793 301.866 286.409 293.585 278.849 258.438 229.607 218.161 215.625 206.739 206.870 190.705 194.719 205.209 250.614 331.270 398.756 520.698 569.478 637.812 731.284 885.151 954.179 1059.686 1160.052 1262.083 1416.169 1452.405 1424.742 1362.262 1298.617 1204.764 1060.316 1008.268
-999.250 -999.250 -999.250 -999.250 359.093 344.520 359.637 361.960 348.836 326.424 299.971 291.574 298.191 263.234 250.391 255.055 248.733 264.329 279.751 290.179 321.480 357.463 359.386 374.515 375.731 363.727 355.732 353.798 326.157 298.072 292.370 274.732 258.118 257.592 248.396 234.635 223.594 221.401 200.807 204.337 199.239 203.579 198.614 200.332 247.948 339.019 442.953 521.905 589.765 689.950 820.891 903.276 1001.730 1159.948 1229.266 1318.325 1505.905 1764.137 1620.131 1432.981 1345.038 1206.611 1149.465 1052.475
-999.250 -999.250 -999.250 -999.250 342.013 348.821 353.668 357.544 349.826 338.616 331.920 318.204 299.239 268.971 276.409 265.603 290.131 293.605 288.442 306.764 318.477 350.906 343.849 351.947 348.723 345.164 347.027 328.921 314.616 295.377 285.476 262.252 250.961 236.136 225.105 219.766 224.015 213.129 205.651 207.237 200.815 209.498 210.943 234.127 306.856 351.090 456.310 539.462 613.600 710.127 829.209 928.119 1075.019 1141.125 1278.958 1340.080 1590.510 1686.859 1727.143 1515.071 1328.680 1236.182 1143.088 1069.133
-999.250 -999.250 -999.250 -999.250 361.555 370.828 359.278 353.888 344.030 353.716 340.303 337.916 321.423 313.137 307.833 323.642 322.428 323.132 307.138 329.038 330.073 335.522 347.502 351.299 338.570 342.686 325.087 315.664 298.891 290.605 247.599 245.911 232.679 227.945 232.334 215.120 218.065 218.131 220.707 214.605 227.050 224.027 237.076 259.952 334.617 381.492 480.804 539.048 619.844 726.671 820.109 950.226 1061.788 1146.183 1257.659 1389.255 1458.914 1422.274 1503.500 1476.998 1323.899 1228.734 1144.104 1016.187
-999.250 -999.250 -999.250 362.645 356.688 356.169 349.217 341.982 329.964 341.547 347.724 334.587 328.852 338.636 329.314 337.315 346.209 341.463 334.743 339.013 346.584 348.972 343.426 341.714 335.138 328.883 333.512 287.794 272.233 263.750 241.284 226.139 224.310 222.846 218.102 212.238 210.800 219.562 231.457 232.421 240.944 251.903 269.731 317.848 366.049 394.819 480.221 558.089 619.892 745.136 792.657 896.623 1040.568 1121.336 1182.008 1251.788 1375.156 1362.144 1343.282 1349.883 1338.962 1236.671 1112.607 1013.356
-999.250 -999.250 -999.250 372.884 366.106 360.414 353.528 357.097 348.302 345.997 341.667 353.534 347.708 351.317 342.623 352.681 365.379 361.765 348.455 365.027 359.378 356.098 344.940 355.312 326.523 314.296 284.324 295.092 279.097 262.643 243.714 225.409 231.848 230.637 220.467 218.423 218.306 227.702 254.392 251.742 276.977 281.332 316.273 350.346 379.193 422.621 502.750 550.381 595.882 668.585 761.287 876.567 956.377 1059.553 1146.211 1176.690 1233.667 1254.528 1246.042 1214.369 1236.426 1159.771 1092.109 991.247
-999.250 -999.250 -999.250 368.440 368.730 366.033 357.868 351.947 351.023 344.005 351.401 350.682 356.906 360.691 362.793 361.392 384.183 389.695 372.184 363.375 371.818 361.526 349.527 347.107 328.080 326.022 294.282 288.912 270.898 266.803 243.466 240.096 223.960 231.863 220.131 233.414 230.868 243.714 256.974 253.230 306.150 330.106 333.492 358.661 435.926 463.470 519.828 558.842 605.685 664.759 780.399 810.116 896.018 961.813 1158.928 1147.704 1142.511 1194.280 1153.421 1148.863 1129.525 1107.771 1029.842 911.695
-999.250 -999.250 376.005 366.401 374.104 369.010 359.097 349.420 351.248 357.654 354.173 359.270 368.920 372.475 380.474 395.579 391.376 408.852 395.414 389.298 369.426 360.568 352.574 350.129 342.887 319.049 291.273 286.807 278.363 256.886 246.081 241.009 241.044 251.843 247.580 237.798 245.120 265.829 294.174 319.620 325.551 333.679 364.790 385.437 443.801 506.817 539.304 573.433 641.145 686.707 724.926 777.539 847.784 926.203 1018.475 1105.636 1161.276 1134.600 1143.347 1112.313 1063.045 1010.024 914.715 821.435
-999.250 -999.250 364.660 381.241 368.903 363.761 356.116 355.815 345.786 359.719 368.878 362.562 365.559 372.164 376.954 402.081 426.246 441.995 429.016 403.476 -999.250 366.389 356.649 357.344 332.929 336.075 327.858 302.107 293.042 274.492 262.579 254.213 248.802 275.214 284.069 260.923 277.336 283.448 327.061 342.900 329.160 363.528 387.624 404.498 463.055 530.514 591.158 598.041 603.688 713.755 751.284 783.374 811.598 935.640 946.724 1020.470 1051.563 1076.934 1091.869 1043.573 993.373 916.226 837.480 751.671
-999.250 371.488 363.000 379.411 367.936 353.763 360.578 355.530 355.105 365.110 367.618 372.416 372.414 370.189 391.612 417.114 476.866 457.067 460.566 -999.250 -999.250 385.920 371.755 363.954 354.763 357.256 337.423 331.936 316.384 316.079 279.213 280.602 278.726 306.197 303.560 286.037 291.843 307.519 336.469 337.350 356.997 366.352 395.832 439.744 493.073 545.025 568.890 579.574 634.488 701.586 746.259 779.553 842.182 890.824 905.696 960.266 972.658 994.889 916.895 975.140 863.300 764.282 736.604 652.602
-999.250 358.407 389.080 356.857 361.145 371.479 352.061 357.605 363.370 364.834 365.880 371.660 373.069 384.128 387.578 415.091 459.527 474.332 -999.250 -999.250 -999.250 -999.250 395.187 380.760 368.105 352.117 344.320 339.408 341.262 321.411 311.195 301.165 320.799 318.073 317.578 325.893 328.472 338.208 344.628 370.278 374.696 394.209 428.443 449.738 513.317 528.894 579.019 595.467 627.433 698.592 717.005 789.779 813.682 843.757 891.486 876.003 862.666 902.721 927.510 786.295 798.649 728.108 664.529 594.383
368.752 366.178 356.948 355.148 348.114 352.228 342.441 351.195 355.947 384.515 363.795 379.229 379.077 385.542 406.996 443.564 479.911 482.062 -999.250 -999.250 -999.250 -999.250 -999.250 395.005 394.332 388.920 369.193 358.563 353.795 347.888 341.468 355.573 347.284 333.221 330.876 346.363 345.938 356.097 366.517 374.030 396.057 417.740 449.743 500.138 544.725 593.147 597.656 619.273 630.974 674.671 757.805 742.331 788.802 804.848 864.937 787.220 823.594 787.241 780.910 745.308 703.149 647.715 583.442 540.748
-999.250 359.855 352.764 354.668 348.420 342.194 345.402 348.742 357.735 368.798 374.075 378.050 399.770 415.946 443.476 460.082 502.988 519.955 -999.250 -999.250 -999.250 -999.250 445.700 414.720 410.109 402.201 394.177 391.141 391.613 380.156 368.468 361.725 344.565 364.474 359.454 358.899 361.821 366.452 377.470 387.742 407.369 449.858 489.491 523.191 572.586 591.811 611.457 595.620 614.668 687.973 731.421 720.443 761.388 746.853 773.258 768.174 741.888 736.093 697.106 679.588 650.245 589.880 537.065 449.642
-999.250 357.808 362.258 360.463 346.709 349.660 343.297 349.617 353.378 355.659 364.859 365.700 390.014 440.065 476.466 502.831 509.395 526.558 -999.250 -999.250 -999.250 453.829 -999.250 427.820 428.204 420.085 425.024 434.873 426.326 412.623 408.799 378.060 369.407 374.621 359.071 374.025 383.472 389.704 408.725 421.777 451.952 484.519 501.196 558.029 586.701 592.830 605.975 586.511 623.128 663.447 708.392 724.880 737.186 760.781 755.156 701.806 682.633 698.029 647.184 616.668 588.009 556.401 503.698 406.947
-999.250 361.036 356.552 356.533 357.048 350.604 348.992 354.894 356.061 357.171 357.116 366.329 387.887 438.834 462.078 507.365 536.482 -999.250 -999.250 -999.250 -999.250 467.294 466.793 431.090 433.263 432.055 429.495 469.436 470.339 465.855 421.207 406.155 391.927 374.003 380.282 387.913 395.780 407.473 414.029 454.125 476.508 506.559 549.432 554.337 596.150 631.597 607.388 626.047 634.552 659.211 661.506 698.892 720.925 696.520 709.996 670.083 651.424 639.480 613.971 585.644 551.485 536.008 482.547 424.762
-999.250 350.811 349.174 363.282 359.510 351.758 355.807 367.188 374.004 354.781 360.305 368.642 393.024 440.172 488.535 529.562 538.955 -999.250 -999.250 -999.250 542.537 518.494 463.429 460.312 444.231 446.748 444.637 483.105 530.651 484.201 434.323 395.951 392.476 398.634 393.691 386.655 408.694 419.433 443.058 468.166 520.249 530.092 551.230 578.807 596.292 619.240 647.517 645.414 654.027 638.054 643.843 671.646 660.369 674.136 656.052 632.566 629.902 614.453 598.324 576.046 554.374 530.186 478.196 426.071
-999.250 -999.250 -999.250 365.605 -999.250 -999.250 369.285 362.561 363.524 -999.250 -999.250 -999.250 412.664 450.853 -999.250 -999.250 -999.250 -999.250 -999.250 -999.250 566.906 540.740 505.199 493.315 486.202 452.450 444.498 474.629 510.140 458.180 421.636 395.779 385.935 387.061 408.744 408.170 412.407 430.295 442.307 474.461 507.003 542.518 576.172 594.276 627.096 638.575 636.167 656.475 646.199 670.658 648.825 638.052 659.223 652.204 650.026 645.660 616.265 592.822 578.815 587.125 560.658 523.822 504.544 440.616
-999.250 -999.250 -999.250 -999.250 -999.250 -999.250 -999.250 -999.250 -999.250 -999.250 -999.250 -999.250 -999.250 454.781 513.021 545.486 -999.250 -999.250 -999.250 587.900 586.475 589.611 550.727 521.309 473.665 449.834 441.562 424.572 444.752 419.788 398.360 413.419 405.576 390.930 398.557 406.287 411.964 439.903 442.481 454.137 515.226 537.471 589.036 590.503 622.225 666.370 640.120 639.432 643.750 653.119 644.468 659.345 676.022 656.343 660.797 628.381 618.245 607.722 586.420 581.261 553.742 535.343 519.794 494.234
-999.250 -999.250 -999.250 -999.250 -999.250 -999.250 -999.250 -999.250 -999.250 -999.250 -999.250 419.204 434.481 457.958 492.924 544.253 -999.250 -999.250 597.034 654.717 625.400 596.599 588.126 535.756 475.744 433.637 402.900 402.600 416.096 397.597 389.030 384.430 390.462 403.254 393.136 404.197 430.101 439.121 462.811 457.361 510.357 518.193 570.875 583.510 607.942 618.490 609.397 611.029 617.606 646.321 642.969 648.505 630.275 652.564 639.525 627.170 632.709 600.225 582.590 581.760 561.930 549.833 542.825 516.027
-999.250 -999.250 -999.250 -999.250 -999.250 -999.250 -999.250 -999.250 -999.250 -999.250 -999.250 406.722 428.558 451.662 491.367 501.068 508.738 540.355 573.183 608.326 617.059 650.550 598.776 537.498 473.678 409.774 393.658 380.022 387.403 378.850 384.736 375.171 384.931 379.934 392.154 387.882 400.231 419.383 447.812 473.899 488.941 524.681 547.432 551.229 575.320 583.624 591.299 588.247 613.579 619.024 618.626 616.976 616.072 609.245 612.588 606.015 598.467 597.795 605.783 581.902 587.628 585.715 562.482 538.033
-999.250 -999.250 -999.250 -999.250 -999.250 -999.250 -999.250 -999.250 -999.250 -999.250 -999.250 -999.250 407.703 446.962 456.614 453.711 462.588 490.159 545.455 571.325 584.724 595.498 569.551 508.338 468.569 419.015 383.014 391.598 395.846 376.584 373.237 370.900 373.435 385.676 380.744 386.972 377.241 416.728 403.311 420.338 464.436 493.353 512.149 528.670 559.805 561.855 562.041 576.230 582.642 574.244 585.739 574.053 600.250 583.864 588.725 596.373 600.818 590.737 608.800 589.140 593.986 576.421 577.637 562.927
-999.250 -999.250 -999.250 -999.250 -999.250 -999.250 -999.250 -999.250 -999.250 -999.250 -999.250 -999.250 -999.250 425.692 416.719 427.476 458.589 485.630 527.105 530.156 551.400 544.847 531.284 485.299 433.201 419.903 401.450 397.417 370.657 389.487 372.688 361.683 367.870 380.032 360.326 373.228 371.142 397.607 398.933 417.206 444.896 459.778 483.959 503.930 527.076 529.845 535.152 552.222 564.634 566.435 561.133 563.377 579.913 574.792 572.333 591.464 589.122 587.087 601.616 597.667 598.374 591.771 606.377 588.124
-999.250 -999.250 -999.250 -999.250 -999.250 -999.250 -999.250 -999.250 -999.250 -999.250 -999.250 -999.250 -999.250 400.968 418.938 412.431 420.775 436.179 456.092 495.371 506.247 516.139 471.116 462.647 433.912 412.070 396.164 395.758 379.573 377.559 364.233 373.529 367.278 365.300 375.435 371.028 389.391 404.140 400.263 404.952 416.354 449.871 471.890 492.915 493.859 519.739 497.083 534.640 551.478 561.913 542.592 524.923 538.327 548.278 572.528 583.542 590.137 599.419 606.695 597.684 602.736 614.332 615.397 614.272
-999.250 -999.250 -999.250 -999.250 -999.250 -999.250 -999.250 -999.250 -999.250 -999.250 -999.250 -999.250 -999.250 390.359 405.545 413.529 384.488 407.845 442.329 456.456 465.656 471.327 441.392 449.219 433.918 398.671 397.400 380.890 376.977 378.398 366.795 371.473 368.562 357.651 359.087 368.283 366.318 376.390 400.972 404.722 415.822 440.723 444.309 462.438 460.177 452.356 468.510 471.384 508.141 507.062 514.461 521.614 508.558 535.997 561.626 600.104 576.701 594.873 583.853 599.088 607.547 598.782 625.141 646.879
-999.250 -999.250 -999.250 -999.250 -999.250 -999.250 -999.250 -999.250 -999.250 -999.250 -999.250 -999.250 -999.250 -999.250 387.022 390.990 400.998 394.117 414.594 432.953 433.081 425.561 420.028 422.715 416.274 396.943 387.143 378.357 376.882 373.155 375.727 359.706 369.412 352.113 352.909 360.745 360.562 370.530 372.428 392.341 383.587 397.299 406.615 426.937 420.750 430.882 465.541 433.976 454.882 473.769 485.224 519.528 514.185 531.814 531.317 570.705 578.555 583.779 580.159 595.348 606.616 629.152 611.123 611.846
-999.250 -999.250 -999.250 -999.250 -999.250 -999.250 -999.250 -999.250 -999.250 -999.250 -999.250 -999.250 -999.250 -999.250 380.876 372.915 386.941 391.143 390.198 402.794 399.857 405.111 406.528 407.507 392.186 388.270 397.697 375.934 396.956 371.283 368.819 368.724 362.402 350.255 348.819 349.746 337.505 363.550 348.411 357.526 361.039 366.848 390.581 405.093 388.448 415.950 415.266 425.569 432.194 438.858 465.100 476.042 497.074 486.394 533.701 564.220 578.466 569.794 606.817 597.419 596.444 604.462 596.676 621.707
-999.250 -999.250 -999.250 -999.250 -999.250 -999.250 -999.250 -999.250 -999.250 -999.250 -999.250 -999.250 -999.250 -999.250 381.224 369.113 374.512 383.892 393.512 387.809 400.298 383.905 378.867 389.004 387.437 377.740 383.929 382.118 380.709 373.974 364.782 359.442 354.339 340.464 343.642 347.454 340.936 356.526 343.583 347.152 345.712 361.721 356.464 380.453 380.791 380.895 384.985 411.097 399.751 432.726 461.249 474.962 473.646 481.064 501.122 545.457 566.134 566.697 590.490 593.161 602.771 580.705 591.579 597.342
-999.250 -999.250 -999.250 -999.250 -999.250 -999.250 -999.250 -999.250 -999.250 -999.250 -999.250 -999.250 -999.250 -999.250 379.456 384.373 394.262 381.744 381.983 372.689 373.683 370.516 368.137 375.167 368.495 -999.250 386.651 379.778 370.190 351.714 361.927 363.460 381.878 353.353 332.192 339.134 340.270 331.153 321.525 329.780 343.378 340.703 340.251 352.144 364.092 370.130 377.292 371.089 388.834 400.467 442.614 427.816 459.242 448.773 504.244 535.180 554.996 560.261 559.603 580.484 569.998 577.981 589.860 587.786
