data/medianmodel_09-Jun-2020.asc
ncols	141
nrows	288
xllcorner	-120191.398
yllcorner	-301404.813
cellsize	2000.000
NODATA_value	-999.250
[rows 31 to 61 of 288, columns 0 to 68 of 141]
-999.250 -999.250 -999.250 -999.250 -999.250 -999.250 -999.250 -999.250 -999.250 -999.250 -999.250 -999.250 -999.250 -999.250 -999.250 -999.250 -999.250 -999.250 -999.250 -999.250 -999.250 -999.250 -999.250 -999.250 -999.250 -999.250 -999.250 -999.250 -999.250 -999.250 -999.250 -999.250 0.000 0.000 0.088 0.907 0.000 0.000 2.107 2.495 3.960 6.247 6.854 5.412 6.734 7.381 8.044 7.691 3.302 7.781 4.814 6.060 5.023 2.502 4.651 3.418 6.221 8.792 8.367 14.195 10.691 9.409 10.276 8.462 7.191 8.423 6.306 4.674 2.634
-999.250 -999.250 -999.250 -999.250 -999.250 -999.250 -999.250 -999.250 -999.250 -999.250 -999.250 -999.250 -999.250 -999.250 -999.250 -999.250 -999.250 -999.250 -999.250 -999.250 -999.250 -999.250 -999.250 -999.250 -999.250 -999.250 -999.250 -999.250 -999.250 -999.250 -999.250 -999.250 0.000 0.000 0.199 0.560 3.869 2.800 3.797 4.737 6.204 4.225 3.280 4.641 6.396 6.484 7.093 7.907 9.929 7.384 9.277 7.260 5.258 2.544 2.263 2.210 5.450 7.455 8.486 12.428 10.094 10.379 7.712 8.911 9.207 6.453 5.883 4.543 1.073
-999.250 -999.250 -999.250 -999.250 -999.250 -999.250 -999.250 -999.250 -999.250 -999.250 -999.250 -999.250 -999.250 -999.250 -999.250 -999.250 -999.250 -999.250 -999.250 -999.250 -999.250 -999.250 -999.250 -999.250 -999.250 -999.250 -999.250 -999.250 -999.250 -999.250 -999.250 -999.250 0.977 2.926 1.233 1.339 2.711 2.760 4.168 5.880 10.328 3.801 6.159 6.501 5.694 5.008 7.905 8.911 12.043 5.537 6.576 5.374 5.872 2.186 4.221 1.987 3.169 3.599 6.857 8.129 14.719 8.837 8.855 9.207 8.581 6.902 5.256 3.747 0.835
-999.250 -999.250 -999.250 -999.250 -999.250 -999.250 -999.250 -999.250 -999.250 -999.250 -999.250 -999.250 -999.250 -999.250 -999.250 -999.250 -999.250 -999.250 -999.250 -999.250 -999.250 -999.250 -999.250 -999.250 -999.250 -999.250 -999.250 -999.250 -999.250 -999.250 -999.250 -999.250 0.048 0.000 0.226 3.374 4.768 2.586 5.115 5.599 5.718 5.492 4.195 6.535 6.866 5.116 3.350 5.432 7.255 7.172 5.242 5.053 6.309 4.694 4.823 0.733 1.657 4.208 5.222 5.959 5.901 5.430 6.695 7.617 12.797 6.214 5.203 1.432 1.195
-999.250 -999.250 -999.250 -999.250 -999.250 -999.250 -999.250 -999.250 -999.250 -999.250 -999.250 -999.250 -999.250 -999.250 -999.250 -999.250 -999.250 -999.250 -999.250 -999.250 -999.250 -999.250 -999.250 -999.250 -999.250 -999.250 -999.250 -999.250 -999.250 -999.250 -999.250 -999.250 0.575 0.000 0.883 2.300 1.608 2.469 3.376 2.981 3.573 5.583 5.131 5.028 5.932 7.206 4.264 4.087 4.675 7.156 6.956 7.563 5.809 4.750 3.974 3.880 3.267 3.058 2.748 3.131 5.014 3.727 4.660 5.304 6.606 5.596 3.088 2.822 3.195
-999.250 -999.250 -999.250 -999.250 -999.250 -999.250 -999.250 -999.250 -999.250 -999.250 -999.250 -999.250 -999.250 -999.250 -999.250 -999.250 -999.250 -999.250 -999.250 -999.250 -999.250 -999.250 -999.250 -999.250 -999.250 -999.250 -999.250 -999.250 -999.250 -999.250 -999.250 -999.250 0.841 1.479 0.713 2.082 3.012 2.431 3.529 2.694 2.125 5.325 3.687 4.346 4.155 4.817 3.016 5.773 7.250 5.977 7.690 9.650 7.124 4.818 5.395 4.576 4.405 3.828 1.908 0.634 0.588 1.492 2.581 3.792 5.929 5.297 4.124 0.840 1.877
-999.250 -999.250 -999.250 -999.250 -999.250 -999.250 -999.250 -999.250 -999.250 -999.250 -999.250 -999.250 -999.250 -999.250 -999.250 -999.250 -999.250 -999.250 -999.250 -999.250 -999.250 -999.250 -999.250 -999.250 -999.250 -999.250 -999.250 -999.250 -999.250 -999.250 -999.250 -999.250 -999.250 2.602 0.880 4.809 1.902 4.347 2.662 2.866 2.949 3.870 3.761 3.855 5.523 3.553 5.009 6.624 8.305 11.118 6.849 5.077 4.567 4.474 4.313 4.344 4.377 3.796 1.004 0.000 0.741 1.387 1.977 3.742 4.442 2.072 4.024 0.127 0.000
-999.250 -999.250 -999.250 -999.250 -999.250 -999.250 -999.250 -999.250 -999.250 -999.250 -999.250 -999.250 -999.250 -999.250 -999.250 -999.250 -999.250 -999.250 -999.250 -999.250 -999.250 -999.250 -999.250 -999.250 -999.250 -999.250 -999.250 -999.250 -999.250 -999.250 -999.250 -999.250 -999.250 3.382 2.324 4.368 3.228 3.690 2.002 2.925 3.031 4.726 4.337 4.415 6.391 4.360 4.396 5.960 7.476 7.376 8.306 5.139 3.448 2.730 6.866 4.518 1.569 0.361 4.162 0.000 0.000 0.000 0.752 1.005 1.651 2.329 1.059 0.000 0.000
-999.250 -999.250 -999.250 -999.250 -999.250 -999.250 -999.250 -999.250 -999.250 -999.250 -999.250 -999.250 -999.250 -999.250 -999.250 -999.250 -999.250 -999.250 -999.250 -999.250 -999.250 -999.250 -999.250 -999.250 -999.250 -999.250 -999.250 -999.250 -999.250 -999.250 -999.250 -999.250 0.200 1.613 2.186 0.277 2.834 3.777 2.583 5.798 2.093 5.158 4.125 4.369 3.175 3.715 3.049 7.580 7.558 4.528 2.635 2.819 6.566 5.834 6.313 5.286 2.764 1.369 0.768 0.000 0.000 0.000 0.000 0.000 0.000 0.000 0.000 0.000 0.000
-999.250 -999.250 -999.250 -999.250 -999.250 -999.250 -999.250 -999.250 -999.250 -999.250 -999.250 -999.250 -999.250 -999.250 -999.250 -999.250 -999.250 -999.250 -999.250 -999.250 -999.250 -999.250 -999.250 -999.250 -999.250 -999.250 -999.250 -999.250 -999.250 -999.250 -999.250 -999.250 2.224 2.095 1.192 0.287 3.041 3.248 3.117 1.139 2.399 1.597 2.580 0.000 0.000 0.984 5.691 7.750 7.343 5.695 5.002 8.018 8.132 7.537 6.464 7.701 6.820 4.272 2.407 0.539 0.000 0.000 0.000 0.000 0.000 0.000 0.000 0.000 0.000
-999.250 -999.250 -999.250 -999.250 -999.250 -999.250 -999.250 -999.250 -999.250 -999.250 -999.250 -999.250 -999.250 -999.250 -999.250 -999.250 -999.250 -999.250 -999.250 -999.250 -999.250 -999.250 -999.250 -999.250 -999.250 -999.250 -999.250 -999.250 -999.250 -999.250 -999.250 -999.250 -999.250 1.195 6.371 2.800 1.300 2.791 0.534 3.015 0.327 2.539 2.172 0.000 1.519 0.000 6.477 9.617 8.208 6.518 9.348 13.482 19.371 13.449 12.206 7.616 4.870 5.810 4.214 3.547 0.712 0.000 0.000 0.000 0.000 0.000 0.000 0.000 0.000
-999.250 -999.250 -999.250 -999.250 -999.250 -999.250 -999.250 -999.250 -999.250 -999.250 -999.250 -999.250 -999.250 -999.250 -999.250 -999.250 -999.250 -999.250 -999.250 -999.250 -999.250 -999.250 -999.250 -999.250 -999.250 -999.250 -999.250 -999.250 -999.250 -999.250 -999.250 -999.250 -999.250 2.003 2.153 0.517 4.476 2.581 3.574 3.306 2.535 4.128 3.783 1.163 0.000 1.973 8.424 16.412 10.903 11.256 13.974 23.125 46.031 25.964 12.042 5.941 8.431 7.711 5.037 3.552 1.477 0.000 0.000 0.000 0.000 0.000 0.000 0.000 0.000
-999.250 -999.250 -999.250 -999.250 -999.250 -999.250 -999.250 -999.250 -999.250 -999.250 -999.250 -999.250 -999.250 -999.250 -999.250 -999.250 -999.250 -999.250 -999.250 -999.250 -999.250 -999.250 -999.250 -999.250 -999.250 -999.250 -999.250 -999.250 -999.250 -999.250 -999.250 -999.250 -999.250 2.395 0.945 2.616 4.503 4.046 3.198 3.479 0.489 3.686 1.134 0.000 0.944 6.731 12.924 27.919 12.194 12.834 16.660 25.829 34.541 21.252 13.707 8.012 8.113 10.634 4.983 4.046 1.309 0.000 0.000 0.000 0.000 0.000 0.000 0.000 0.000
-999.250 -999.250 -999.250 -999.250 -999.250 -999.250 -999.250 -999.250 -999.250 -999.250 -999.250 -999.250 -999.250 -999.250 -999.250 -999.250 -999.250 -999.250 -999.250 -999.250 -999.250 -999.250 -999.250 -999.250 -999.250 -999.250 -999.250 -999.250 -999.250 -999.250 -999.250 -999.250 -999.250 -999.250 2.803 7.510 4.892 2.745 3.442 1.286 0.786 1.324 0.000 0.043 0.630 6.394 12.155 15.812 15.526 11.958 12.628 19.217 25.378 20.812 13.621 9.643 7.262 6.733 4.006 3.712 1.254 2.261 0.000 0.000 0.000 0.000 0.000 0.000 0.000
-999.250 -999.250 -999.250 -999.250 -999.250 -999.250 -999.250 -999.250 -999.250 -999.250 -999.250 -999.250 -999.250 -999.250 -999.250 -999.250 -999.250 -999.250 -999.250 -999.250 -999.250 -999.250 -999.250 -999.250 -999.250 -999.250 -999.250 -999.250 -999.250 -999.250 -999.250 -999.250 -999.250 -999.250 1.500 3.714 2.376 3.599 2.173 4.858 0.336 0.000 0.000 2.603 0.972 3.394 8.617 11.877 12.158 10.936 15.438 21.050 17.587 19.900 18.784 10.888 10.233 5.338 7.171 4.118 2.479 1.592 0.675 0.752 0.000 0.000 0.000 0.000 0.000
-999.250 -999.250 -999.250 -999.250 -999.250 -999.250 -999.250 -999.250 -999.250 -999.250 -999.250 -999.250 -999.250 -999.250 -999.250 -999.250 -999.250 -999.250 -999.250 -999.250 -999.250 -999.250 -999.250 -999.250 -999.250 -999.250 -999.250 -999.250 -999.250 -999.250 -999.250 -999.250 -999.250 -999.250 2.873 1.119 2.889 3.223 2.986 2.455 4.089 1.265 1.011 2.280 3.121 5.097 7.521 12.417 10.352 7.411 17.628 13.053 18.888 19.340 23.696 17.709 7.496 9.299 6.955 4.557 3.665 2.974 0.271 2.837 0.776 0.000 0.000 0.000 0.000
-999.250 -999.250 -999.250 -999.250 -999.250 -999.250 -999.250 -999.250 -999.250 -999.250 -999.250 -999.250 -999.250 -999.250 -999.250 -999.250 -999.250 -999.250 -999.250 -999.250 -999.250 -999.250 -999.250 -999.250 -999.250 -999.250 -999.250 -999.250 -999.250 -999.250 -999.250 -999.250 -999.250 -999.250 2.634 1.650 3.135 1.831 1.732 3.202 0.440 1.605 2.582 2.904 7.079 7.957 8.229 12.574 10.738 11.005 14.142 12.431 18.324 21.520 38.499 23.443 9.919 6.626 8.396 6.171 2.486 0.577 1.629 2.692 0.558 0.000 0.310 0.000 0.000
-999.250 -999.250 -999.250 -999.250 -999.250 -999.250 -999.250 -999.250 -999.250 -999.250 -999.250 -999.250 -999.250 -999.250 -999.250 -999.250 -999.250 -999.250 -999.250 -999.250 -999.250 -999.250 -999.250 -999.250 -999.250 -999.250 -999.250 -999.250 -999.250 -999.250 -999.250 -999.250 -999.250 -999.250 -999.250 3.432 4.857 3.066 1.839 0.760 2.520 1.980 4.650 4.401 9.185 10.880 9.825 10.476 10.369 11.904 13.147 12.146 13.590 22.969 23.601 14.685 9.135 7.388 10.595 9.050 3.044 3.211 7.520 2.781 0.546 3.361 2.852 0.170 0.000
-999.250 -999.250 -999.250 -999.250 -999.250 -999.250 -999.250 -999.250 -999.250 -999.250 -999.250 -999.250 -999.250 -999.250 -999.250 -999.250 -999.250 -999.250 -999.250 -999.250 -999.250 -999.250 -999.250 -999.250 -999.250 -999.250 -999.250 -999.250 -999.250 -999.250 -999.250 -999.250 -999.250 -999.250 -999.250 6.379 2.949 3.440 4.257 4.275 4.213 6.183 4.917 9.199 10.814 11.944 11.532 8.067 12.206 18.568 15.602 12.690 14.545 12.935 16.714 11.754 9.298 6.903 9.543 6.580 2.379 1.636 2.612 1.774 0.178 2.832 4.488 1.039 0.000
-999.250 -999.250 -999.250 -999.250 -999.250 -999.250 -999.250 -999.250 -999.250 -999.250 -999.250 -999.250 -999.250 -999.250 -999.250 -999.250 -999.250 -999.250 -999.250 -999.250 -999.250 -999.250 -999.250 -999.250 -999.250 -999.250 -999.250 -999.250 -999.250 -999.250 -999.250 -999.250 -999.250 -999.250 -999.250 3.415 5.134 6.523 6.803 10.074 3.576 6.003 7.590 9.730 9.483 11.525 10.789 12.790 14.635 15.846 14.036 11.183 14.942 11.613 10.463 11.006 8.168 7.879 8.840 3.735 2.885 0.050 2.554 4.268 2.759 3.618 3.012 2.614 2.337
-999.250 -999.250 -999.250 -999.250 -999.250 -999.250 -999.250 -999.250 -999.250 -999.250 -999.250 -999.250 -999.250 -999.250 -999.250 -999.250 -999.250 -999.250 -999.250 -999.250 -999.250 -999.250 -999.250 -999.250 -999.250 -999.250 -999.250 -999.250 -999.250 -999.250 -999.250 -999.250 -999.250 -999.250 -999.250 3.401 4.756 9.638 13.116 7.193 3.615 7.021 16.420 7.684 9.593 11.910 12.583 11.653 17.158 19.606 18.014 12.444 8.284 10.107 9.470 12.325 8.545 5.089 3.773 2.021 2.413 2.870 5.845 4.002 4.575 4.062 3.039 3.350 4.443
-999.250 -999.250 -999.250 -999.250 -999.250 -999.250 -999.250 -999.250 -999.250 -999.250 -999.250 -999.250 -999.250 -999.250 -999.250 -999.250 -999.250 -999.250 -999.250 -999.250 -999.250 -999.250 -999.250 -999.250 -999.250 -999.250 -999.250 -999.250 -999.250 -999.250 -999.250 -999.250 -999.250 -999.250 -999.250 4.319 4.611 6.848 8.051 8.486 3.945 8.491 9.146 7.862 8.064 8.641 10.500 12.373 16.091 26.723 15.173 11.165 7.610 8.409 8.912 9.446 8.376 4.355 2.043 0.963 3.204 3.684 4.044 5.331 6.759 6.633 6.984 2.535 4.477
-999.250 -999.250 -999.250 -999.250 -999.250 -999.250 -999.250 -999.250 -999.250 -999.250 -999.250 -999.250 -999.250 -999.250 -999.250 -999.250 -999.250 -999.250 -999.250 -999.250 -999.250 -999.250 -999.250 -999.250 -999.250 -999.250 -999.250 -999.250 -999.250 -999.250 -999.250 -999.250 -999.250 -999.250 -999.250 -999.250 4.206 4.087 6.358 7.544 5.382 7.490 8.174 7.555 8.345 8.393 7.526 11.403 13.543 15.441 12.671 9.513 11.466 10.178 7.263 7.571 6.576 2.205 1.718 3.884 3.678 3.705 2.048 3.793 7.222 6.294 8.462 5.533 3.505
-999.250 -999.250 -999.250 -999.250 -999.250 -999.250 -999.250 -999.250 -999.250 -999.250 -999.250 -999.250 -999.250 -999.250 -999.250 -999.250 -999.250 -999.250 -999.250 -999.250 -999.250 -999.250 -999.250 -999.250 -999.250 -999.250 -999.250 -999.250 -999.250 -999.250 -999.250 -999.250 -999.250 -999.250 -999.250 -999.250 5.470 4.174 6.265 12.003 4.200 5.238 7.388 12.049 7.472 6.702 7.917 8.511 8.370 12.082 9.277 8.279 8.293 7.630 6.933 3.276 2.476 1.599 2.177 3.661 4.098 4.082 3.995 6.496 5.356 8.153 10.923 7.193 2.154
-999.250 -999.250 -999.250 -999.250 -999.250 -999.250 -999.250 -999.250 -999.250 -999.250 -999.250 -999.250 -999.250 -999.250 -999.250 -999.250 -999.250 -999.250 -999.250 -999.250 -999.250 -999.250 -999.250 -999.250 -999.250 -999.250 -999.250 -999.250 -999.250 -999.250 -999.250 -999.250 -999.250 -999.250 -999.250 -999.250 -999.250 5.789 5.125 4.600 4.372 4.507 6.922 6.515 6.893 6.635 10.124 7.707 6.514 8.479 7.703 6.974 7.308 8.187 8.742 6.409 5.494 2.751 4.090 6.190 6.980 6.732 6.605 5.095 6.529 14.150 21.336 9.351 0.605
-999.250 -999.250 -999.250 -999.250 -999.250 -999.250 -999.250 -999.250 -999.250 -999.250 -999.250 -999.250 -999.250 -999.250 -999.250 -999.250 -999.250 -999.250 -999.250 -999.250 -999.250 -999.250 -999.250 -999.250 -999.250 -999.250 -999.250 -999.250 -999.250 -999.250 -999.250 -999.250 -999.250 -999.250 -999.250 -999.250 -999.250 3.362 3.259 4.347 6.791 6.597 6.575 7.827 6.979 7.534 11.608 10.019 7.338 10.139 6.860 8.074 9.087 7.804 6.867 5.726 6.856 5.812 5.204 6.595 7.213 6.791 6.236 5.131 9.139 10.695 10.021 5.816 0.000
-999.250 -999.250 -999.250 -999.250 -999.250 -999.250 -999.250 -999.250 -999.250 -999.250 -999.250 -999.250 -999.250 -999.250 -999.250 -999.250 -999.250 -999.250 -999.250 -999.250 -999.250 -999.250 -999.250 -999.250 -999.250 -999.250 -999.250 -999.250 -999.250 -999.250 -999.250 -999.250 -999.250 -999.250 -999.250 -999.250 -999.250 3.284 2.383 6.674 10.650 5.516 5.282 5.694 7.311 9.248 9.326 9.014 8.470 8.893 6.057 8.450 8.913 7.264 7.994 5.471 7.600 7.461 8.160 10.226 6.456 8.522 7.400 8.856 8.830 9.092 6.459 0.571 0.000
-999.250 -999.250 -999.250 -999.250 -999.250 -999.250 -999.250 -999.250 -999.250 -999.250 -999.250 -999.250 -999.250 -999.250 -999.250 -999.250 -999.250 -999.250 -999.250 -999.250 -999.250 -999.250 -999.250 -999.250 -999.250 -999.250 -999.250 -999.250 -999.250 -999.250 -999.250 -999.250 -999.250 -999.250 -999.250 -999.250 -999.250 5.235 4.731 6.065 6.502 3.726 5.437 6.027 6.330 7.378 10.029 11.829 8.961 10.173 6.488 8.121 11.192 6.678 7.348 4.725 7.556 7.223 9.244 12.572 8.853 7.104 8.298 6.520 7.011 6.533 4.248 0.540 0.000
-999.250 -999.250 -999.250 -999.250 -999.250 -999.250 -999.250 -999.250 -999.250 -999.250 -999.250 -999.250 -999.250 -999.250 -999.250 -999.250 -999.250 -999.250 -999.250 -999.250 -999.250 -999.250 -999.250 -999.250 -999.250 -999.250 -999.250 -999.250 -999.250 -999.250 -999.250 -999.250 -999.250 -999.250 -999.250 -999.250 -999.250 -999.250 5.251 6.320 4.322 3.194 6.086 6.575 8.281 9.617 6.514 6.825 7.282 8.100 11.995 8.239 7.985 8.374 8.414 6.815 11.199 14.867 19.709 14.848 11.441 10.287 10.699 10.135 9.809 8.579 4.672 2.025 0.000
-999.250 -999.250 -999.250 -999.250 -999.250 -999.250 -999.250 -999.250 -999.250 -999.250 -999.250 -999.250 -999.250 -999.250 -999.250 -999.250 -999.250 -999.250 -999.250 -999.250 -999.250 -999.250 -999.250 -999.250 -999.250 -999.250 -999.250 -999.250 -999.250 -999.250 -999.250 -999.250 -999.250 -999.250 -999.250 -999.250 -999.250 -999.250 5.464 5.239 3.827 3.338 8.721 8.134 6.211 6.591 7.538 6.541 6.520 7.955 8.606 9.237 8.397 12.942 7.557 7.740 11.957 20.894 32.888 15.659 10.496 9.470 11.368 10.021 5.881 9.017 3.669 4.226 0.176
-999.250 -999.250 -999.250 -999.250 -999.250 -999.250 -999.250 -999.250 -999.250 -999.250 -999.250 -999.250 -999.250 -999.250 -999.250 -999.250 -999.250 -999.250 -999.250 -999.250 -999.250 -999.250 -999.250 -999.250 -999.250 -999.250 -999.250 -999.250 -999.250 -999.250 -999.250 -999.250 -999.250 -999.250 -999.250 -999.250 -999.250 -999.250 6.765 7.458 4.888 7.831 5.746 7.475 5.799 3.697 5.800 7.542 7.458 9.121 8.401 7.946 5.395 5.942 6.059 9.119 12.857 17.160 15.954 11.509 9.920 7.353 11.479 12.424 10.851 7.349 6.671 3.289 3.024
