data/medianmodel_19-Jan-2021.asc
ncols	141
nrows	288
xllcorner	-120191.398
yllcorner	-301404.813
cellsize	2000.000
NODATA_value	-999.250
[rows 0 to 27 of 288, columns 63 to 125 of 141]
-999.250 -999.250 -999.250 -999.250 -999.250 -999.250 -999.250 -999.250 -999.250 -999.250 -999.250 -999.250 -999.250 -999.250 -999.250 -999.250 -999.250 -999.250 -999.250 -999.250 -999.250 -999.250 -999.250 -999.250 -999.250 -999.250 -999.250 -999.250 -999.250 -999.250 -999.250 -999.250 -999.250 -999.250 -999.250 -999.250 -999.250 -999.250 -999.250 -999.250 -999.250 -999.250 -999.250 -999.250 -999.250 -999.250 -999.250 -999.250 -999.250 -999.250 -999.250 -999.250 -999.250 -999.250 -999.250 -999.250 -999.250 -999.250 -999.250 -999.250 -999.250 -999.250 -999.250
-999.250 -999.250 -999.250 -999.250 -999.250 -999.250 -999.250 -999.250 -999.250 -999.250 -999.250 -999.250 -999.250 -999.250 -999.250 -999.250 -999.250 -999.250 -999.250 -999.250 -999.250 -999.250 -999.250 -999.250 -999.250 -999.250 -999.250 -999.250 -999.250 -999.250 -999.250 -999.250 -999.250 -999.250 -999.250 -999.250 -999.250 -999.250 -999.250 -999.250 -999.250 -999.250 -999.250 -999.250 -999.250 -999.250 -999.250 -999.250 -999.250 -999.250 -999.250 -999.250 -999.250 -999.250 -999.250 -999.250 -999.250 -999.250 -999.250 -999.250 -999.250 -999.250 -999.250
-999.250 -999.250 -999.250 -999.250 -999.250 -999.250 -999.250 -999.250 -999.250 -999.250 -999.250 -999.250 -999.250 -999.250 -999.250 -999.250 -999.250 -999.250 -999.250 -999.250 -999.250 -999.250 -999.250 -999.250 -999.250 -999.250 -999.250 -999.250 -999.250 -999.250 -999.250 -999.250 -999.250 -999.250 -999.250 -999.250 -999.250 -999.250 -999.250 -999.250 -999.250 -999.250 -999.250 -999.250 -999.250 -999.250 -999.250 -999.250 -999.250 -999.250 -999.250 -999.250 -999.250 -999.250 -999.250 -999.250 -999.250 -999.250 -999.250 -999.250 -999.250 -999.250 -999.250
-999.250 -999.250 -999.250 -999.250 -999.250 -999.250 -999.250 -999.250 -999.250 -999.250 -999.250 -999.250 -999.250 -999.250 -999.250 -999.250 -999.250 -999.250 -999.250 -999.250 -999.250 -999.250 -999.250 -999.250 -999.250 -999.250 -999.250 -999.250 -999.250 -999.250 -999.250 -999.250 -999.250 -999.250 -999.250 -999.250 -999.250 -999.250 -999.250 -999.250 -999.250 -999.250 -999.250 -999.250 -999.250 -999.250 -999.250 -999.250 -999.250 -999.250 -999.250 -999.250 -999.250 -999.250 -999.250 -999.250 -999.250 -999.250 -999.250 -999.250 -999.250 -999.250 -999.250
-999.250 -999.250 -999.250 -999.250 -999.250 -999.250 -999.250 -999.250 -999.250 -999.250 -999.250 -999.250 -999.250 -999.250 -999.250 -999.250 -999.250 -999.250 -999.250 -999.250 -999.250 -999.250 -999.250 -999.250 -999.250 -999.250 -999.250 -999.250 -999.250 -999.250 -999.250 -999.250 -999.250 -999.250 -999.250 -999.250 -999.250 -999.250 -999.250 -999.250 -999.250 -999.250 -999.250 -999.250 -999.250 -999.250 -999.250 -999.250 -999.250 -999.250 -999.250 -999.250 -999.250 -999.250 -999.250 -999.250 -999.250 -999.250 -999.250 -999.250 -999.250 -999.250 -999.250
-999.250 -999.250 -999.250 -999.250 -999.250 -999.250 -999.250 -999.250 -999.250 -999.250 -999.250 -999.250 -999.250 -999.250 -999.250 -999.250 -999.250 -999.250 -999.250 -999.250 -999.250 -999.250 -999.250 -999.250 -999.250 -999.250 -999.250 -999.250 -999.250 -999.250 -999.250 -999.250 -999.250 -999.250 -999.250 -999.250 -999.250 -999.250 -999.250 -999.250 -999.250 -999.250 -999.250 -999.250 -999.250 -999.250 -999.250 -999.250 -999.250 -999.250 -999.250 -999.250 -999.250 -999.250 -999.250 -999.250 -999.250 -999.250 -999.250 -999.250 -999.250 -999.250 -999.250
-999.250 -999.250 -999.250 -999.250 -999.250 -999.250 -999.250 -999.250 -999.250 -999.250 -999.250 -999.250 -999.250 -999.250 -999.250 -999.250 -999.250 -999.250 -999.250 -999.250 -999.250 -999.250 -999.250 -999.250 -999.250 -999.250 -999.250 -999.250 -999.250 -999.250 -999.250 -999.250 -999.250 -999.250 -999.250 -999.250 -999.250 -999.250 -999.250 -999.250 -999.250 -999.250 -999.250 -999.250 -999.250 -999.250 -999.250 -999.250 -999.250 -999.250 -999.250 -999.250 -999.250 -999.250 -999.250 -999.250 -999.250 -999.250 -999.250 -999.250 -999.250 -999.250 -999.250
-999.250 -999.250 -999.250 -999.250 -999.250 -999.250 -999.250 -999.250 -999.250 -999.250 -999.250 -999.250 -999.250 -999.250 -999.250 -999.250 -999.250 -999.250 -999.250 -999.250 -999.250 -999.250 -999.250 -999.250 -999.250 -999.250 -999.250 -999.250 -999.250 -999.250 -999.250 -999.250 -999.250 -999.250 -999.250 -999.250 -999.250 -999.250 -999.250 -999.250 -999.250 -999.250 -999.250 -999.250 -999.250 -999.250 -999.250 -999.250 -999.250 -999.250 -999.250 -999.250 -999.250 -999.250 -999.250 -999.250 -999.250 -999.250 -999.250 -999.250 -999.250 -999.250 -999.250
-999.250 -999.250 -999.250 -999.250 -999.250 -999.250 -999.250 -999.250 -999.250 -999.250 -999.250 -999.250 -999.250 -999.250 -999.250 -999.250 -999.250 -999.250 -999.250 -999.250 -999.250 -999.250 -999.250 -999.250 -999.250 -999.250 -999.250 -999.250 -999.250 -999.250 -999.250 -999.250 -999.250 -999.250 -999.250 -999.250 -999.250 -999.250 -999.250 -999.250 -999.250 -999.250 -999.250 -999.250 -999.250 -999.250 -999.250 -999.250 -999.250 -999.250 -999.250 1648.956 -999.250 -999.250 -999.250 -999.250 -999.250 -999.250 -999.250 -999.250 -999.250 -999.250 -999.250
-999.250 -999.250 -999.250 -999.250 -999.250 -999.250 -999.250 -999.250 -999.250 -999.250 -999.250 -999.250 -999.250 -999.250 -999.250 -999.250 -999.250 -999.250 -999.250 -999.250 -999.250 -999.250 -999.250 -999.250 -999.250 -999.250 -999.250 -999.250 -999.250 -999.250 -999.250 -999.250 -999.250 -999.250 -999.250 -999.250 1474.910 1452.518 1527.578 1529.066 -999.250 -999.250 -999.250 -999.250 1573.424 -999.250 -999.250 -999.250 -999.250 -999.250 -999.250 1577.739 1636.888 -999.250 -999.250 -999.250 -999.250 -999.250 -999.250 -999.250 -999.250 -999.250 -999.250
-999.250 -999.250 -999.250 -999.250 -999.250 -999.250 -999.250 -999.250 -999.250 -999.250 -999.250 -999.250 -999.250 -999.250 -999.250 -999.250 -999.250 -999.250 -999.250 -999.250 -999.250 -999.250 -999.250 -999.250 -999.250 -999.250 -999.250 -999.250 -999.250 -999.250 -999.250 -999.250 -999.250 -999.250 -999.250 -999.250 1439.845 1560.706 1517.157 1532.231 -999.250 -999.250 -999.250 1532.332 1580.487 1478.078 -999.250 -999.250 -999.250 -999.250 -999.250 1568.936 1671.353 1663.730 -999.250 -999.250 -999.250 -999.250 -999.250 -999.250 1493.991 1494.338 -999.250
-999.250 -999.250 -999.250 -999.250 -999.250 -999.250 -999.250 -999.250 -999.250 -999.250 -999.250 -999.250 -999.250 -999.250 -999.250 -999.250 -999.250 -999.250 -999.250 -999.250 -999.250 -999.250 -999.250 -999.250 -999.250 -999.250 -999.250 -999.250 -999.250 -999.250 -999.250 -999.250 -999.250 -999.250 -999.250 -999.250 1468.545 1496.287 1489.453 1483.570 1468.241 1509.830 1539.561 1529.711 1489.752 1533.259 1483.245 1536.100 1558.252 1603.361 1568.650 1644.307 1649.271 1583.132 1564.993 1569.633 1617.924 1612.917 1610.883 1470.481 1497.038 1467.537 -999.250
-999.250 -999.250 -999.250 -999.250 -999.250 -999.250 1472.722 -999.250 -999.250 -999.250 -999.250 -999.250 -999.250 -999.250 -999.250 -999.250 -999.250 -999.250 -999.250 -999.250 -999.250 -999.250 -999.250 -999.250 -999.250 -999.250 -999.250 -999.250 -999.250 -999.250 -999.250 -999.250 -999.250 -999.250 -999.250 -999.250 1465.874 1503.441 1444.060 1465.974 1482.121 1473.072 1497.739 1539.370 1505.893 1463.316 1488.827 1515.997 1541.309 1524.224 1573.347 1586.951 1603.379 1560.959 1515.898 1481.304 1528.377 1561.771 1533.619 1403.457 1434.439 1457.554 -999.250
-999.250 -999.250 -999.250 -999.250 -999.250 -999.250 1426.365 -999.250 -999.250 -999.250 -999.250 -999.250 -999.250 -999.250 1400.867 -999.250 -999.250 -999.250 -999.250 -999.250 -999.250 -999.250 -999.250 -999.250 -999.250 -999.250 -999.250 -999.250 -999.250 -999.250 -999.250 -999.250 -999.250 -999.250 -999.250 -999.250 1416.769 1444.031 1393.426 1453.033 1495.799 1497.442 1481.901 1468.721 1437.453 1401.899 1443.740 1479.563 1505.464 1528.961 1556.003 1554.468 1506.637 1478.326 1478.407 1507.508 1544.588 1490.377 1472.149 1487.523 1410.217 1413.992 -999.250
-999.250 -999.250 -999.250 -999.250 -999.250 -999.250 1458.657 -999.250 -999.250 -999.250 -999.250 1422.899 1443.237 1431.339 1404.243 1306.509 -999.250 -999.250 -999.250 -999.250 -999.250 -999.250 -999.250 -999.250 -999.250 -999.250 -999.250 -999.250 -999.250 -999.250 -999.250 -999.250 -999.250 -999.250 -999.250 -999.250 1398.120 1381.732 1349.542 1417.803 1487.088 1451.590 1473.152 1448.326 1462.868 1415.633 1394.517 1475.015 1458.890 1527.623 1544.261 1451.227 1498.763 1427.168 1452.167 1425.509 1441.102 1440.310 1444.548 1393.088 1326.989 1298.580 1273.361
-999.250 -999.250 -999.250 1486.409 1526.075 1544.252 1492.865 -999.250 -999.250 1388.640 1426.080 1434.309 1436.695 1406.847 1385.036 1397.665 1438.888 1448.768 1385.463 -999.250 -999.250 -999.250 -999.250 -999.250 -999.250 -999.250 -999.250 -999.250 -999.250 -999.250 -999.250 -999.250 -999.250 1337.385 1329.364 1323.523 1285.710 1369.975 1382.891 1470.112 1428.133 1379.572 1400.578 1494.097 1434.867 1394.855 1399.020 1433.772 1470.654 1491.026 1434.678 1437.457 1431.919 1425.096 1419.308 1424.233 1363.531 1376.280 1350.181 1348.359 1280.331 1223.310 1231.655
-999.250 -999.250 1527.028 1505.841 1485.041 1453.997 1447.731 -999.250 1405.884 1374.184 1464.408 1387.182 1371.723 1411.517 1382.958 1398.391 1442.597 1514.226 -999.250 -999.250 -999.250 -999.250 -999.250 1325.889 1296.208 -999.250 -999.250 -999.250 1288.283 -999.250 -999.250 1319.896 1288.117 1278.788 1324.263 1298.261 1307.128 1400.103 1384.586 1366.871 1389.616 1394.268 1435.553 1424.240 1436.902 1385.082 1375.483 1384.277 1403.502 1426.106 1385.686 1429.510 1409.511 1401.557 1448.754 1382.848 1364.969 1337.776 1353.984 1302.317 1255.246 1197.103 1211.829
-999.250 -999.250 1500.579 1528.041 1438.507 1400.992 1408.385 1383.820 1391.263 1379.958 1426.219 1390.987 1350.772 1420.964 1425.979 1411.477 1454.866 1474.821 -999.250 -999.250 1460.314 1376.660 1330.288 1334.674 1316.248 1317.650 -999.250 1344.408 1331.633 1268.323 1317.292 1335.939 1329.305 1309.943 1259.676 1362.241 1315.797 1373.124 1380.283 1369.257 1348.578 1353.048 1437.099 1445.908 1400.458 1401.843 1400.676 1391.053 1329.567 1323.692 1366.460 1375.082 1399.205 1433.203 1419.347 1402.162 1308.495 1309.673 1264.431 1237.793 1202.367 1176.173 1158.228
1451.152 1470.169 1429.213 1466.043 1463.144 1403.065 1385.075 1407.448 1389.782 1414.953 1434.624 1396.092 1439.858 1443.320 1513.875 1444.572 1503.750 1545.951 1499.324 1513.541 1445.526 1400.247 1386.275 1332.548 1346.538 1259.690 1304.748 1326.457 1363.264 1325.859 1314.463 1326.244 1254.343 1274.535 1284.896 1269.267 1271.500 1321.933 1313.146 1328.599 1345.532 1393.230 1414.190 1381.809 1395.108 1397.819 1345.406 1373.435 1335.162 1337.732 1344.265 1327.663 1329.900 1374.951 1368.812 1298.210 1274.296 1217.882 1183.362 1213.807 1153.562 1118.304 1161.860
1502.244 1480.336 1439.464 1467.275 1395.787 1393.334 1393.145 1407.443 1431.656 1460.222 1466.970 1444.288 1466.662 1533.745 1548.037 1516.274 1554.187 1584.220 1565.709 1533.072 1440.347 1412.783 1382.731 1390.839 1334.139 1363.182 1310.278 1298.916 1327.266 1330.453 1309.914 1281.544 1322.295 1345.112 1325.112 1293.766 1336.461 1362.385 1308.963 1335.338 1362.763 1343.916 1338.330 1318.279 1375.212 1344.789 1356.941 1320.033 1309.352 1343.977 1335.120 1326.841 1279.529 1298.205 1255.616 1233.645 1177.517 1157.322 1150.151 1117.004 1109.062 1033.644 1038.219
1479.456 1496.056 1491.099 1489.736 1476.345 1474.143 1412.672 1394.469 1418.386 1448.302 1489.272 1511.157 1526.325 1635.288 1645.964 1616.463 1662.771 1657.489 1612.835 1545.492 1548.258 1465.731 1396.073 1351.658 1318.298 1343.588 1292.764 1331.354 1308.054 1347.052 1355.396 1289.277 1306.115 1345.223 1335.733 1330.602 1318.739 1315.515 1371.620 1350.871 1362.191 1331.407 1300.437 1352.660 1362.800 1377.757 1326.616 1353.294 1267.914 1292.322 1257.218 1248.907 1222.168 1197.166 1261.068 1225.424 1110.777 1056.478 1081.115 1035.414 985.711 937.324 -999.250
1461.908 1509.825 1508.722 1455.282 1497.661 1457.063 1422.276 1437.374 1422.697 1476.495 1531.472 1582.035 1657.895 1707.628 1672.116 1709.152 1809.385 1741.655 1633.158 1595.879 1555.147 1471.749 1398.557 1373.480 1309.000 1334.594 1299.319 1266.884 1307.712 1326.086 1327.866 1292.622 1330.686 1373.422 1328.264 1376.692 1406.429 1343.825 1292.007 1295.482 1363.899 1304.540 1300.339 1294.037 1320.909 1274.863 1285.520 1247.142 1215.682 1172.880 1198.877 1209.334 1236.777 1149.019 1228.135 1167.597 1100.771 1042.720 1032.645 1007.210 970.799 948.467 -999.250
1555.650 1488.333 1509.823 1544.079 1525.230 1477.872 1475.425 1454.242 1532.019 1561.914 1610.660 1691.051 1753.745 1824.109 1803.512 1787.597 1896.544 1837.866 1719.947 1648.727 1645.473 1564.107 1494.976 1395.709 1367.843 1370.582 1299.432 1360.345 1343.039 1357.317 1346.443 1367.148 1368.708 1392.552 1336.673 1306.055 1285.612 1294.928 1343.903 1283.998 1305.421 1274.522 1259.805 1245.375 1214.469 1248.139 1263.914 1246.219 1217.246 1183.117 1189.043 1183.192 1184.093 1166.150 1133.455 1129.015 1047.190 1026.811 925.614 931.687 921.746 875.819 -999.250
1472.234 1513.867 1467.380 1447.735 1483.084 1536.654 1546.796 1508.832 1522.343 1612.917 1693.228 1743.420 1742.531 1811.727 1872.798 2040.802 2037.366 2003.289 1913.565 1816.041 1706.670 1578.795 1516.688 1453.410 1451.473 1373.960 1387.275 1396.934 1383.197 1385.155 1370.063 1382.455 1413.719 1403.619 1348.767 1283.372 1316.239 1313.806 1304.077 1351.015 1296.142 1246.890 1242.774 1246.747 1205.035 1238.123 1255.604 1227.161 1140.452 1148.605 1172.208 1215.616 1100.245 1104.133 1120.520 1063.848 1029.500 978.416 942.951 911.394 886.377 848.323 -999.250
1506.662 1510.097 1490.117 1477.066 1573.748 1540.830 1576.563 1630.768 1628.916 1653.649 1709.675 1828.876 1759.516 1920.119 2017.859 2083.517 2180.872 2077.780 1890.233 1926.305 1754.981 1563.162 1453.418 1459.876 1484.984 1451.856 1417.262 1451.218 1408.472 1427.320 1407.265 1424.678 1424.603 1380.621 1338.406 1331.310 1380.342 1351.937 1299.201 1305.492 1276.519 1295.983 1205.692 1182.304 1188.299 1249.875 1266.039 1238.540 1158.628 1208.701 1137.822 1155.781 1167.410 1120.831 1090.842 1020.985 984.266 929.358 922.462 878.025 831.877 806.363 -999.250
1532.719 1516.186 1545.131 1523.519 1560.297 1593.768 1632.456 1635.656 1693.559 1727.137 1785.523 1953.500 1927.032 1968.085 2039.395 2070.698 2093.998 2006.384 1896.619 1837.948 1648.134 1619.029 1482.088 1482.997 1461.153 1453.794 1437.460 1397.740 1427.967 1414.479 1410.556 1415.901 1426.861 1434.633 1354.036 1367.710 1346.274 1296.718 1310.031 1225.120 1276.960 1231.581 1176.326 1172.222 1170.693 1192.373 1171.226 1185.436 1137.888 1154.033 1093.928 1042.127 1073.732 1086.111 1045.867 1003.605 945.416 943.706 913.945 817.976 783.708 747.410 689.922
1562.855 1533.637 1570.343 1561.780 1563.761 1595.296 1640.956 1692.295 1714.698 1732.860 1775.856 1882.676 1933.267 2040.532 2079.147 2051.456 2063.080 1989.678 1832.345 1725.533 1639.389 1635.607 1467.127 1492.161 1472.875 1458.612 1458.108 1434.184 1441.252 1431.025 1462.001 1428.536 1415.494 1451.415 1428.951 1362.613 1324.571 1320.148 1306.092 1220.980 1198.316 1170.210 1192.432 1130.358 1127.170 1181.367 1185.780 1136.111 1119.148 1162.937 1080.812 1080.060 1108.965 1096.249 1034.809 985.461 989.023 939.861 913.078 822.380 770.646 701.367 675.625
1526.702 1572.110 1562.977 1550.842 1565.176 1595.427 1685.081 1713.168 1751.223 1765.474 1810.237 1953.671 1968.470 1997.769 1988.317 1956.798 1929.915 1890.754 1736.976 1697.816 1644.367 1624.201 1566.582 1506.077 1519.145 1474.942 1458.958 1464.786 1418.247 1468.669 1471.662 1467.459 1437.789 1429.963 1357.231 1306.386 1344.504 1332.107 1303.535 1221.650 1201.542 1182.747 1159.727 1131.725 1191.062 1183.415 1138.543 1148.677 1084.163 1098.065 1097.281 1103.527 1080.198 1099.386 1079.267 1020.800 1026.869 1003.438 914.203 794.945 740.823 707.567 662.066
