data/medianmodel_03-Jan-2021.asc
ncols	141
nrows	288
xllcorner	-120191.398
yllcorner	-301404.813
cellsize	2000.000
NODATA_value	-999.250
[rows 174 to 202 of 288, columns 0 to 63 of 141]
-999.250 -999.250 -999.250 -999.250 395.192 406.042 420.280 435.413 459.336 482.627 506.932 559.875 607.433 641.693 647.364 737.264 741.437 726.924 675.021 668.310 561.232 494.016 447.349 395.015 381.203 362.153 332.161 307.218 292.880 296.710 300.097 312.251 297.210 305.179 302.449 272.564 269.553 252.065 235.018 234.306 207.894 198.063 227.461 254.291 283.378 344.055 409.531 478.107 541.869 622.983 720.019 853.912 976.035 1094.784 1127.292 1367.883 1434.123 1477.591 1418.945 1433.136 1368.876 1262.688 1145.854 1090.986
-999.250 -999.250 -999.250 -999.250 395.134 405.216 420.700 439.259 474.098 480.953 510.012 549.507 590.286 626.385 645.322 697.274 702.903 704.208 670.662 620.396 558.794 504.517 454.342 416.099 388.061 359.526 334.552 316.573 310.929 305.055 332.212 301.398 302.752 306.504 282.363 267.307 260.977 245.408 233.694 209.357 199.989 185.615 195.580 228.915 271.583 337.675 423.859 507.973 564.228 657.154 743.683 880.739 987.849 1012.820 1199.570 1390.670 1527.309 1578.198 1572.296 1494.683 1503.980 1410.464 1312.360 1193.617
-999.250 -999.250 -999.250 -999.250 379.746 414.136 411.061 452.745 471.576 463.374 494.257 535.237 591.010 615.013 651.956 656.617 659.737 663.946 634.620 570.288 528.289 480.277 462.995 416.921 402.462 361.446 334.428 330.785 329.527 297.361 295.874 287.274 289.537 291.639 269.062 260.938 238.274 236.806 222.189 188.422 204.470 191.471 183.908 217.503 279.287 349.160 444.558 521.154 585.205 681.597 754.149 845.443 960.239 1082.425 1255.439 1435.291 1597.562 1715.805 1615.581 1578.881 1527.598 1420.574 1396.780 1274.768
-999.250 -999.250 -999.250 -999.250 376.851 403.499 421.676 413.596 449.489 475.169 496.519 523.758 582.346 608.468 595.162 631.351 630.891 607.638 572.186 540.067 512.603 475.868 444.152 423.567 421.974 386.631 353.774 341.060 337.451 315.285 337.318 285.122 290.006 287.575 266.830 246.221 243.250 233.823 225.865 215.350 206.816 197.380 211.798 243.538 307.820 374.766 457.282 533.101 616.155 712.325 749.705 863.694 988.775 1110.963 1273.115 1470.027 1545.957 1593.887 1609.141 1544.518 1515.832 1473.049 1460.488 1276.058
-999.250 -999.250 -999.250 -999.250 364.239 380.936 395.390 418.605 436.393 462.840 479.454 515.115 561.784 551.182 588.391 578.052 575.069 562.152 572.586 513.118 485.179 463.669 436.256 433.172 428.414 388.664 377.838 359.113 343.019 348.086 337.345 330.652 314.331 287.687 277.587 281.347 254.885 231.990 230.673 225.796 231.399 224.875 261.024 279.422 340.358 405.564 456.937 544.807 649.644 714.822 779.502 897.904 1006.354 1093.427 1274.139 1406.839 1511.852 1499.767 1551.288 1554.824 1498.213 1505.310 1394.565 1417.779
-999.250 -999.250 -999.250 358.853 359.573 376.519 391.998 408.566 422.540 455.696 468.809 505.926 517.062 567.599 555.525 545.554 566.705 552.622 513.150 489.646 454.363 441.827 425.840 427.468 423.111 404.922 397.449 372.889 362.862 341.988 360.670 344.310 340.157 306.464 310.294 300.357 284.116 273.285 261.893 251.559 254.485 271.812 301.434 341.142 377.002 444.612 479.492 559.751 642.846 717.128 811.056 903.454 1016.037 1108.154 1344.397 1362.909 1465.859 1509.139 1473.624 1514.590 1447.802 1378.470 1437.760 1247.903
-999.250 -999.250 -999.250 363.015 370.980 369.166 392.526 403.575 424.341 438.415 462.886 488.401 507.859 513.530 535.156 551.393 545.881 523.892 524.018 489.006 468.951 440.347 435.477 428.533 434.347 416.301 408.214 398.248 391.249 382.379 383.159 373.926 361.602 337.628 323.040 316.471 315.001 315.948 298.605 272.607 298.778 337.848 339.630 368.483 418.005 473.876 545.163 608.669 673.898 708.304 832.471 870.766 999.281 1085.634 1184.249 1259.027 1304.242 1347.233 1286.716 1432.545 1398.121 1371.400 1290.913 1144.405
-999.250 -999.250 -999.250 360.685 371.903 377.518 372.932 386.436 393.417 427.629 447.935 484.072 505.343 539.387 530.919 543.860 547.377 541.271 521.994 494.111 468.404 458.888 441.108 424.557 439.775 434.640 421.241 425.577 407.261 411.285 414.252 393.843 378.849 374.783 360.396 372.397 345.843 369.632 348.012 340.887 344.785 356.215 376.572 410.970 441.057 478.786 583.189 627.779 669.033 699.504 783.246 924.623 1018.075 1033.547 1159.066 1160.156 1232.947 1230.844 1291.168 1239.148 1239.729 1207.553 1220.759 1102.399
-999.250 -999.250 353.377 368.839 369.808 354.845 372.959 387.137 396.218 426.625 446.331 484.756 494.640 515.653 545.499 530.987 561.377 542.251 519.621 502.481 475.526 447.187 454.016 457.299 453.032 446.963 440.641 459.228 447.542 452.276 444.586 427.479 413.914 394.169 409.864 382.837 384.312 387.583 372.266 353.772 386.174 399.500 417.508 446.582 476.912 507.575 603.544 627.271 680.257 713.044 789.294 871.737 910.141 1059.718 1065.326 1141.037 1162.953 1144.365 1201.516 1162.170 1185.038 1185.954 1120.541 1067.422
-999.250 -999.250 362.732 359.528 359.587 358.131 377.889 380.308 381.336 404.504 437.931 450.192 479.662 517.108 524.830 550.741 564.103 578.521 534.099 511.084 -999.250 478.960 473.909 468.418 473.211 483.968 485.625 474.829 492.273 493.432 469.515 461.698 450.991 444.589 432.568 447.517 438.949 430.474 412.986 414.479 431.129 457.215 477.562 480.321 513.330 534.405 598.377 627.993 670.882 737.455 864.955 834.940 892.566 928.901 988.095 1036.497 1056.097 1041.105 1118.031 1127.011 1106.260 1087.540 1091.065 1015.969
-999.250 366.718 342.559 354.122 358.566 367.398 372.380 375.817 377.976 407.972 428.278 445.259 479.889 489.949 508.730 555.166 599.943 561.606 543.652 -999.250 -999.250 489.312 482.293 491.688 492.976 499.716 514.952 511.887 522.053 521.374 514.877 511.298 499.106 475.695 483.936 482.672 471.101 461.565 434.984 452.096 474.380 505.731 515.148 528.649 543.157 573.753 652.227 658.357 677.711 742.052 812.907 799.830 811.379 921.111 962.134 956.459 978.667 982.793 971.252 1071.397 1006.117 1024.437 975.586 921.539
-999.250 359.919 346.531 357.269 369.497 381.471 390.639 382.568 391.940 406.951 422.489 438.295 474.084 482.223 497.608 536.812 550.778 561.749 -999.250 -999.250 -999.250 -999.250 522.201 525.841 518.130 538.034 549.280 571.884 565.591 576.806 564.476 556.851 537.759 528.417 521.475 501.882 501.446 497.700 484.703 482.036 499.533 528.588 543.231 611.840 624.299 628.603 661.895 697.429 730.857 741.367 798.627 771.344 794.510 817.743 775.977 855.016 897.623 945.486 965.564 959.266 906.295 906.399 893.944 834.856
396.884 381.310 367.709 363.715 365.104 387.242 383.779 401.265 412.680 411.342 432.095 441.997 465.367 478.610 494.779 520.380 516.572 532.830 -999.250 -999.250 -999.250 -999.250 -999.250 521.594 546.459 579.243 601.314 635.173 621.158 599.835 633.687 595.652 590.798 576.347 548.103 524.978 530.469 532.526 516.785 520.572 540.344 550.016 621.861 650.477 674.788 666.709 683.317 708.368 737.180 722.914 764.394 773.985 744.170 747.921 796.296 847.354 841.049 877.418 903.571 839.209 816.225 789.911 775.523 784.326
-999.250 401.446 381.528 374.923 380.539 401.567 392.572 411.182 406.748 435.778 467.049 460.054 473.640 479.754 483.940 511.438 516.377 522.304 -999.250 -999.250 -999.250 -999.250 497.673 520.237 572.683 614.634 650.612 689.911 698.684 693.403 688.415 685.443 654.842 623.118 577.809 568.280 575.380 534.501 552.394 567.651 578.402 613.492 696.063 731.684 718.563 741.959 763.335 750.786 717.676 746.914 694.634 706.302 738.347 768.375 744.284 721.817 772.616 808.773 806.681 740.864 728.203 724.086 750.311 733.043
-999.250 407.531 410.309 385.718 395.704 419.413 411.911 417.758 442.173 451.816 459.129 467.481 482.781 487.261 498.616 531.093 519.542 509.652 -999.250 -999.250 -999.250 466.593 -999.250 510.639 567.983 640.155 684.395 744.884 814.132 796.984 731.830 718.793 672.059 632.067 623.833 589.636 583.445 579.949 642.756 616.335 618.873 676.977 728.686 760.299 793.537 796.834 767.392 769.166 737.412 755.338 716.059 702.368 723.647 737.576 705.281 753.832 747.575 734.162 725.059 701.387 716.007 705.719 684.303 636.206
-999.250 415.990 408.732 412.056 400.175 415.959 418.399 444.619 469.952 483.478 486.158 482.843 488.298 485.576 487.820 499.828 498.534 -999.250 -999.250 -999.250 -999.250 452.388 460.085 501.184 588.259 633.387 734.814 870.714 916.576 845.407 791.033 777.746 716.520 677.210 642.143 605.288 594.814 604.302 635.779 660.140 686.214 737.446 782.256 777.146 842.568 875.233 830.116 813.277 774.918 786.318 768.281 733.490 733.577 709.037 712.771 692.321 719.231 706.817 712.067 648.726 662.875 632.915 594.232 615.910
-999.250 416.770 422.656 433.504 424.615 417.965 441.113 438.071 464.170 482.079 490.863 519.706 503.117 480.744 478.987 484.656 486.683 -999.250 -999.250 -999.250 444.925 430.287 418.301 489.129 569.188 648.934 716.604 839.640 1005.711 921.749 857.286 759.915 737.996 706.313 688.752 662.146 622.035 622.369 653.780 672.163 717.130 774.849 847.534 902.171 932.483 976.374 914.853 892.999 870.377 821.703 759.282 725.479 704.760 682.137 677.347 684.491 675.807 652.261 673.562 628.750 625.459 594.866 571.664 582.217
-999.250 -999.250 -999.250 430.052 -999.250 -999.250 453.929 452.812 465.442 -999.250 -999.250 -999.250 496.930 502.993 -999.250 -999.250 -999.250 -999.250 -999.250 -999.250 465.254 453.419 466.592 480.393 552.000 627.871 699.034 774.392 886.652 856.371 801.673 735.317 728.144 744.752 699.184 672.639 684.001 674.839 695.931 724.150 746.852 824.224 908.946 964.201 1004.286 1072.497 1037.832 976.814 902.860 813.811 785.466 710.035 708.472 686.240 653.295 679.750 651.920 654.492 601.296 610.023 615.877 605.488 600.737 568.334
-999.250 -999.250 -999.250 -999.250 -999.250 -999.250 -999.250 -999.250 -999.250 -999.250 -999.250 -999.250 -999.250 502.484 509.481 503.510 -999.250 -999.250 -999.250 478.132 469.855 480.207 485.768 474.799 501.584 551.189 636.633 692.464 769.674 783.199 763.995 715.383 695.324 681.579 694.918 675.384 662.316 695.206 721.439 750.563 808.112 860.518 916.412 993.543 1071.277 1163.927 1064.915 1005.747 891.681 824.496 759.733 707.444 692.282 695.729 701.046 668.546 660.758 628.660 667.369 642.617 628.124 625.615 587.842 565.875
-999.250 -999.250 -999.250 -999.250 -999.250 -999.250 -999.250 -999.250 -999.250 -999.250 -999.250 480.867 491.669 501.153 510.261 521.773 -999.250 -999.250 468.788 487.045 498.998 514.673 504.598 489.841 497.312 509.545 538.042 599.601 677.838 694.269 704.252 682.273 705.601 676.319 685.278 711.822 717.053 723.210 724.014 781.831 820.319 852.192 914.247 990.992 1041.839 1084.683 1035.400 994.472 886.693 817.384 789.063 762.838 722.570 688.770 683.417 671.651 658.273 651.584 621.097 650.913 662.842 627.523 594.523 607.419
-999.250 -999.250 -999.250 -999.250 -999.250 -999.250 -999.250 -999.250 -999.250 -999.250 -999.250 479.764 477.645 488.131 493.890 499.923 500.780 483.225 477.678 486.855 504.534 585.340 526.413 471.784 481.483 473.713 465.232 530.624 594.545 629.114 621.910 683.441 675.119 712.490 689.012 697.698 742.469 751.798 731.171 808.679 826.493 859.339 928.818 1002.141 1026.467 1077.208 1015.717 969.591 907.157 841.210 780.015 774.852 725.980 706.274 705.335 673.954 664.768 691.029 683.671 681.335 669.497 673.466 682.349 637.800
-999.250 -999.250 -999.250 -999.250 -999.250 -999.250 -999.250 -999.250 -999.250 -999.250 -999.250 -999.250 476.575 477.035 487.673 495.952 504.912 486.599 472.724 482.502 499.864 517.537 513.450 489.567 465.490 452.861 474.852 505.493 550.132 572.697 618.068 633.733 647.063 654.757 668.350 686.355 718.657 733.338 801.075 802.721 810.071 794.957 939.760 922.915 940.815 990.757 1000.151 931.128 902.179 870.390 810.886 817.994 767.145 754.610 757.852 736.990 727.645 725.836 703.500 739.364 716.326 698.208 686.283 690.960
-999.250 -999.250 -999.250 -999.250 -999.250 -999.250 -999.250 -999.250 -999.250 -999.250 -999.250 -999.250 -999.250 463.817 468.821 481.966 480.965 471.563 476.618 478.221 479.768 486.911 479.754 460.697 448.262 450.012 464.950 508.034 516.621 558.253 582.801 618.365 614.727 620.401 672.797 676.317 689.303 731.089 750.563 754.491 802.116 816.439 870.522 909.765 888.148 942.722 953.031 969.188 945.754 878.695 908.596 881.443 828.080 790.161 780.803 783.989 749.469 820.677 803.292 813.930 805.874 813.492 792.435 775.264
-999.250 -999.250 -999.250 -999.250 -999.250 -999.250 -999.250 -999.250 -999.250 -999.250 -999.250 -999.250 -999.250 465.268 456.947 455.744 474.597 461.311 459.127 464.375 467.835 471.203 476.271 455.936 462.332 459.846 468.830 505.208 533.005 559.591 586.184 586.729 621.978 619.125 632.712 694.571 720.596 725.788 764.742 767.544 819.703 815.370 828.022 867.070 849.433 903.756 941.365 1006.868 970.255 896.492 962.406 918.893 852.498 883.183 804.240 832.105 892.077 834.256 863.268 911.402 894.806 889.628 831.815 873.127
-999.250 -999.250 -999.250 -999.250 -999.250 -999.250 -999.250 -999.250 -999.250 -999.250 -999.250 -999.250 -999.250 457.318 453.898 454.036 469.979 466.421 457.598 460.243 447.468 453.928 458.617 472.409 465.281 474.371 470.613 510.406 524.643 577.660 580.741 592.631 604.311 609.317 635.594 695.319 697.942 715.714 704.002 760.623 749.780 829.777 776.330 824.247 846.267 808.232 896.785 924.607 960.414 949.516 971.388 924.042 910.450 859.519 899.175 911.571 989.168 949.717 949.396 1012.485 995.083 1008.794 1027.471 968.745
-999.250 -999.250 -999.250 -999.250 -999.250 -999.250 -999.250 -999.250 -999.250 -999.250 -999.250 -999.250 -999.250 -999.250 471.398 454.796 448.786 460.563 478.229 477.034 464.511 460.867 448.681 456.367 459.948 469.944 475.468 521.670 552.825 566.352 577.990 559.630 588.787 597.697 613.166 651.529 720.019 691.373 728.238 675.184 727.748 777.714 778.959 789.167 846.419 806.048 908.452 924.058 935.176 968.056 910.698 939.318 919.628 931.235 963.453 1026.525 1048.504 1069.960 1104.573 1073.136 1152.359 1114.368 1113.157 1124.383
-999.250 -999.250 -999.250 -999.250 -999.250 -999.250 -999.250 -999.250 -999.250 -999.250 -999.250 -999.250 -999.250 -999.250 455.203 459.327 437.049 472.400 461.033 443.707 437.396 443.612 457.042 458.390 447.180 466.371 481.647 529.726 583.708 573.564 558.062 562.577 567.651 589.470 609.856 660.697 697.907 668.320 659.633 686.400 693.924 765.155 777.973 795.917 835.823 827.289 915.787 981.824 995.245 987.983 961.180 1014.035 1020.400 1035.924 1151.708 1094.987 1136.882 1271.184 1287.738 1243.326 1312.147 1408.045 1388.760 1146.701
-999.250 -999.250 -999.250 -999.250 -999.250 -999.250 -999.250 -999.250 -999.250 -999.250 -999.250 -999.250 -999.250 -999.250 459.035 445.239 442.611 445.805 462.089 436.401 436.274 453.990 458.044 469.743 470.377 489.065 503.412 521.051 571.134 557.675 549.857 544.322 525.668 577.926 585.885 654.539 666.914 652.745 677.273 701.083 699.584 673.738 697.096 764.765 794.899 876.348 965.837 974.579 957.535 949.885 977.396 1074.279 1038.784 1156.128 1127.107 1246.746 1211.317 1390.271 1453.361 1453.283 1535.243 1527.486 1431.631 1379.308
-999.250 -999.250 -999.250 -999.250 -999.250 -999.250 -999.250 -999.250 -999.250 -999.250 -999.250 -999.250 -999.250 -999.250 439.166 444.960 444.025 446.440 445.988 452.946 433.028 445.330 443.468 462.593 474.895 -999.250 491.412 499.245 523.752 536.120 526.682 531.165 551.779 540.417 565.337 590.456 658.956 638.491 653.442 665.495 684.414 699.875 670.400 736.044 762.220 845.501 907.092 954.410 1051.719 1039.685 1054.288 1111.183 1192.713 1207.987 1272.446 1382.867 1377.348 1528.689 1569.460 1618.040 1597.827 1635.681 1590.927 1602.670
