data/medianmodel_27-Nov-2020.asc
ncols	141
nrows	288
xllcorner	-120191.398
yllcorner	-301404.813
cellsize	2000.000
NODATA_value	-999.250
[rows 0 to 28 of 288, columns 64 to 127 of 141]
-999.250 -999.250 -999.250 -999.250 -999.250 -999.250 -999.250 -999.250 -999.250 -999.250 -999.250 -999.250 -999.250 -999.250 -999.250 -999.250 -999.250 -999.250 -999.250 -999.250 -999.250 -999.250 -999.250 -999.250 -999.250 -999.250 -999.250 -999.250 -999.250 -999.250 -999.250 -999.250 -999.250 -999.250 -999.250 -999.250 -999.250 -999.250 -999.250 -999.250 -999.250 -999.250 -999.250 -999.250 -999.250 -999.250 -999.250 -999.250 -999.250 -999.250 -999.250 -999.250 -999.250 -999.250 -999.250 -999.250 -999.250 -999.250 -999.250 -999.250 -999.250 -999.250 -999.250 -999.250
-999.250 -999.250 -999.250 -999.250 -999.250 -999.250 -999.250 -999.250 -999.250 -999.250 -999.250 -999.250 -999.250 -999.250 -999.250 -999.250 -999.250 -999.250 -999.250 -999.250 -999.250 -999.250 -999.250 -999.250 -999.250 -999.250 -999.250 -999.250 -999.250 -999.250 -999.250 -999.250 -999.250 -999.250 -999.250 -999.250 -999.250 -999.250 -999.250 -999.250 -999.250 -999.250 -999.250 -999.250 -999.250 -999.250 -999.250 -999.250 -999.250 -999.250 -999.250 -999.250 -999.250 -999.250 -999.250 -999.250 -999.250 -999.250 -999.250 -999.250 -999.250 -999.250 -999.250 -999.250
-999.250 -999.250 -999.250 -999.250 -999.250 -999.250 -999.250 -999.250 -999.250 -999.250 -999.250 -999.250 -999.250 -999.250 -999.250 -999.250 -999.250 -999.250 -999.250 -999.250 -999.250 -999.250 -999.250 -999.250 -999.250 -999.250 -999.250 -999.250 -999.250 -999.250 -999.250 -999.250 -999.250 -999.250 -999.250 -999.250 -999.250 -999.250 -999.250 -999.250 -999.250 -999.250 -999.250 -999.250 -999.250 -999.250 -999.250 -999.250 -999.250 -999.250 -999.250 -999.250 -999.250 -999.250 -999.250 -999.250 -999.250 -999.250 -999.250 -999.250 -999.250 -999.250 -999.250 -999.250
-999.250 -999.250 -999.250 -999.250 -999.250 -999.250 -999.250 -999.250 -999.250 -999.250 -999.250 -999.250 -999.250 -999.250 -999.250 -999.250 -999.250 -999.250 -999.250 -999.250 -999.250 -999.250 -999.250 -999.250 -999.250 -999.250 -999.250 -999.250 -999.250 -999.250 -999.250 -999.250 -999.250 -999.250 -999.250 -999.250 -999.250 -999.250 -999.250 -999.250 -999.250 -999.250 -999.250 -999.250 -999.250 -999.250 -999.250 -999.250 -999.250 -999.250 -999.250 -999.250 -999.250 -999.250 -999.250 -999.250 -999.250 -999.250 -999.250 -999.250 -999.250 -999.250 -999.250 -999.250
-999.250 -999.250 -999.250 -999.250 -999.250 -999.250 -999.250 -999.250 -999.250 -999.250 -999.250 -999.250 -999.250 -999.250 -999.250 -999.250 -999.250 -999.250 -999.250 -999.250 -999.250 -999.250 -999.250 -999.250 -999.250 -999.250 -999.250 -999.250 -999.250 -999.250 -999.250 -999.250 -999.250 -999.250 -999.250 -999.250 -999.250 -999.250 -999.250 -999.250 -999.250 -999.250 -999.250 -999.250 -999.250 -999.250 -999.250 -999.250 -999.250 -999.250 -999.250 -999.250 -999.250 -999.250 -999.250 -999.250 -999.250 -999.250 -999.250 -999.250 -999.250 -999.250 -999.250 -999.250
-999.250 -999.250 -999.250 -999.250 -999.250 -999.250 -999.250 -999.250 -999.250 -999.250 -999.250 -999.250 -999.250 -999.250 -999.250 -999.250 -999.250 -999.250 -999.250 -999.250 -999.250 -999.250 -999.250 -999.250 -999.250 -999.250 -999.250 -999.250 -999.250 -999.250 -999.250 -999.250 -999.250 -999.250 -999.250 -999.250 -999.250 -999.250 -999.250 -999.250 -999.250 -999.250 -999.250 -999.250 -999.250 -999.250 -999.250 -999.250 -999.250 -999.250 -999.250 -999.250 -999.250 -999.250 -999.250 -999.250 -999.250 -999.250 -999.250 -999.250 -999.250 -999.250 -999.250 -999.250
-999.250 -999.250 -999.250 -999.250 -999.250 -999.250 -999.250 -999.250 -999.250 -999.250 -999.250 -999.250 -999.250 -999.250 -999.250 -999.250 -999.250 -999.250 -999.250 -999.250 -999.250 -999.250 -999.250 -999.250 -999.250 -999.250 -999.250 -999.250 -999.250 -999.250 -999.250 -999.250 -999.250 -999.250 -999.250 -999.250 -999.250 -999.250 -999.250 -999.250 -999.250 -999.250 -999.250 -999.250 -999.250 -999.250 -999.250 -999.250 -999.250 -999.250 -999.250 -999.250 -999.250 -999.250 -999.250 -999.250 -999.250 -999.250 -999.250 -999.250 -999.250 -999.250 -999.250 -999.250
-999.250 -999.250 -999.250 -999.250 -999.250 -999.250 -999.250 -999.250 -999.250 -999.250 -999.250 -999.250 -999.250 -999.250 -999.250 -999.250 -999.250 -999.250 -999.250 -999.250 -999.250 -999.250 -999.250 -999.250 -999.250 -999.250 -999.250 -999.250 -999.250 -999.250 -999.250 -999.250 -999.250 -999.250 -999.250 -999.250 -999.250 -999.250 -999.250 -999.250 -999.250 -999.250 -999.250 -999.250 -999.250 -999.250 -999.250 -999.250 -999.250 -999.250 -999.250 -999.250 -999.250 -999.250 -999.250 -999.250 -999.250 -999.250 -999.250 -999.250 -999.250 -999.250 -999.250 -999.250
-999.250 -999.250 -999.250 -999.250 -999.250 -999.250 -999.250 -999.250 -999.250 -999.250 -999.250 -999.250 -999.250 -999.250 -999.250 -999.250 -999.250 -999.250 -999.250 -999.250 -999.250 -999.250 -999.250 -999.250 -999.250 -999.250 -999.250 -999.250 -999.250 -999.250 -999.250 -999.250 -999.250 -999.250 -999.250 -999.250 -999.250 -999.250 -999.250 -999.250 -999.250 -999.250 -999.250 -999.250 -999.250 -999.250 -999.250 -999.250 -999.250 -999.250 493.409 -999.250 -999.250 -999.250 -999.250 -999.250 -999.250 -999.250 -999.250 -999.250 -999.250 -999.250 -999.250 -999.250
-999.250 -999.250 -999.250 -999.250 -999.250 -999.250 -999.250 -999.250 -999.250 -999.250 -999.250 -999.250 -999.250 -999.250 -999.250 -999.250 -999.250 -999.250 -999.250 -999.250 -999.250 -999.250 -999.250 -999.250 -999.250 -999.250 -999.250 -999.250 -999.250 -999.250 -999.250 -999.250 -999.250 -999.250 -999.250 554.820 551.890 559.278 501.223 -999.250 -999.250 -999.250 -999.250 399.633 -999.250 -999.250 -999.250 -999.250 -999.250 -999.250 463.091 490.167 -999.250 -999.250 -999.250 -999.250 -999.250 -999.250 -999.250 -999.250 -999.250 -999.250 -999.250 -999.250
-999.250 -999.250 -999.250 -999.250 -999.250 -999.250 -999.250 -999.250 -999.250 -999.250 -999.250 -999.250 -999.250 -999.250 -999.250 -999.250 -999.250 -999.250 -999.250 -999.250 -999.250 -999.250 -999.250 -999.250 -999.250 -999.250 -999.250 -999.250 -999.250 -999.250 -999.250 -999.250 -999.250 -999.250 -999.250 646.192 580.937 517.271 506.221 -999.250 -999.250 -999.250 464.589 435.160 431.807 -999.250 -999.250 -999.250 -999.250 -999.250 505.371 521.097 558.526 -999.250 -999.250 -999.250 -999.250 -999.250 -999.250 795.198 775.655 -999.250 -999.250 -999.250
-999.250 -999.250 -999.250 -999.250 -999.250 -999.250 -999.250 -999.250 -999.250 -999.250 -999.250 -999.250 -999.250 -999.250 -999.250 -999.250 -999.250 -999.250 -999.250 -999.250 -999.250 -999.250 -999.250 -999.250 -999.250 -999.250 -999.250 -999.250 -999.250 -999.250 -999.250 -999.250 -999.250 -999.250 -999.250 580.039 563.164 552.592 507.297 505.886 495.830 485.177 469.178 467.885 414.701 451.998 473.698 500.615 492.668 487.863 553.346 556.203 612.556 631.457 609.834 653.843 718.736 739.171 780.282 794.095 842.631 -999.250 -999.250 -999.250
-999.250 -999.250 -999.250 -999.250 -999.250 444.903 -999.250 -999.250 -999.250 -999.250 -999.250 -999.250 -999.250 -999.250 -999.250 -999.250 -999.250 -999.250 -999.250 -999.250 -999.250 -999.250 -999.250 -999.250 -999.250 -999.250 -999.250 -999.250 -999.250 -999.250 -999.250 -999.250 -999.250 -999.250 -999.250 619.307 603.495 528.672 546.206 517.026 489.779 487.406 480.840 479.532 442.970 460.542 470.482 482.883 511.007 543.573 534.252 614.798 697.897 727.999 725.308 702.203 685.531 791.081 736.973 813.783 836.490 -999.250 -999.250 -999.250
-999.250 -999.250 -999.250 -999.250 -999.250 476.851 -999.250 -999.250 -999.250 -999.250 -999.250 -999.250 -999.250 675.200 -999.250 -999.250 -999.250 -999.250 -999.250 -999.250 -999.250 -999.250 -999.250 -999.250 -999.250 -999.250 -999.250 -999.250 -999.250 -999.250 -999.250 -999.250 -999.250 -999.250 -999.250 647.083 608.192 537.986 575.499 526.476 490.246 450.883 458.408 451.083 479.832 473.066 492.888 520.189 534.231 580.316 560.095 653.428 716.259 721.028 687.248 752.791 736.076 735.847 865.558 857.922 931.972 -999.250 -999.250 -999.250
-999.250 -999.250 -999.250 -999.250 -999.250 498.132 -999.250 -999.250 -999.250 -999.250 564.770 588.412 684.313 762.161 730.389 -999.250 -999.250 -999.250 -999.250 -999.250 -999.250 -999.250 -999.250 -999.250 -999.250 -999.250 -999.250 -999.250 -999.250 -999.250 -999.250 -999.250 -999.250 -999.250 -999.250 669.970 614.215 571.640 565.810 505.181 479.523 456.711 461.517 451.174 452.317 479.195 514.999 518.227 533.477 564.049 612.098 694.116 745.133 761.319 758.388 844.449 827.310 828.974 867.632 879.497 880.980 909.916 -999.250 -999.250
-999.250 -999.250 395.602 417.737 490.648 459.881 -999.250 -999.250 547.712 531.429 579.773 646.192 660.975 756.334 768.076 789.866 896.415 941.341 -999.250 -999.250 -999.250 -999.250 -999.250 -999.250 -999.250 -999.250 -999.250 -999.250 -999.250 -999.250 -999.250 -999.250 945.607 801.368 728.223 679.954 648.414 582.740 577.294 540.313 480.831 467.462 449.665 439.012 471.599 503.672 505.357 536.725 547.293 594.527 711.434 768.903 786.115 770.154 772.817 835.011 847.751 892.169 930.593 889.466 888.623 834.678 -999.250 -999.250
-999.250 449.443 458.443 470.136 504.285 477.414 -999.250 516.240 515.059 553.338 558.626 661.534 710.778 763.477 794.474 856.835 922.368 -999.250 -999.250 -999.250 -999.250 -999.250 1256.679 1281.292 -999.250 -999.250 -999.250 1208.161 -999.250 -999.250 1101.705 1077.455 1057.053 974.779 820.350 729.614 637.766 660.337 605.087 536.403 498.409 443.229 389.033 420.685 477.695 489.248 549.839 568.238 555.094 648.535 680.950 738.587 763.530 736.347 796.613 809.899 862.059 1000.734 926.650 861.513 936.944 933.329 -999.250 -999.250
-999.250 441.919 462.165 484.980 511.117 508.097 543.938 524.232 547.069 568.094 599.456 584.904 716.583 693.078 809.923 797.678 876.753 -999.250 -999.250 1062.109 1168.674 1256.696 1257.271 1314.195 1382.056 -999.250 1292.232 1331.853 1368.982 1266.168 1168.601 1145.009 1043.681 1027.642 843.057 842.883 760.847 665.444 589.338 537.600 501.149 450.147 361.477 414.378 476.223 498.794 525.636 552.307 602.857 680.927 698.549 742.655 717.522 749.844 773.049 753.650 752.432 815.303 859.525 923.957 932.865 1026.326 -999.250 -999.250
477.737 492.338 481.464 474.316 508.896 500.368 511.214 522.209 536.219 554.317 622.589 613.187 667.535 684.920 770.017 822.650 885.758 904.960 1047.746 1181.053 1165.707 1234.393 1226.509 1204.168 1344.445 1405.985 1308.091 1228.413 1285.439 1309.467 1155.105 1193.080 1031.218 1001.010 877.388 780.902 773.881 704.311 594.881 557.582 494.567 483.470 467.047 485.163 497.151 529.440 565.751 593.893 598.037 681.022 753.729 710.820 695.029 744.526 787.088 789.300 806.125 810.528 947.833 946.979 928.180 891.806 -999.250 -999.250
509.137 521.898 528.132 502.365 532.478 532.980 524.402 528.923 569.716 586.425 585.691 603.790 598.203 702.139 776.790 838.905 861.460 860.015 1068.355 1080.423 1175.203 1230.567 1296.547 1372.700 1389.035 1362.962 1365.392 1257.743 1291.491 1255.995 1191.694 1166.512 1147.714 1013.334 924.796 831.053 753.712 711.817 616.858 577.250 540.975 508.777 529.693 519.015 559.748 552.321 576.689 661.752 712.658 723.319 735.758 736.464 725.522 765.428 770.543 806.163 846.582 877.717 844.773 948.417 1004.226 876.266 -999.250 -999.250
547.138 537.607 529.690 548.563 551.484 565.520 537.559 537.375 556.319 571.391 573.848 637.259 637.805 653.689 722.665 785.074 812.779 900.225 972.565 1078.261 1236.002 1288.894 1355.398 1330.544 1368.632 1374.949 1353.702 1278.107 1280.011 1223.947 1207.187 1165.248 1140.596 1045.259 945.226 793.101 766.950 705.247 615.423 596.616 561.554 526.526 587.159 604.484 552.617 577.139 627.222 652.320 719.854 696.473 713.647 776.818 735.415 711.184 807.915 809.461 828.673 835.820 852.530 943.046 943.540 -999.250 -999.250 -999.250
575.707 546.896 545.309 546.186 558.696 577.314 558.627 555.741 566.728 571.304 596.659 647.712 612.904 706.133 734.469 779.482 797.193 841.940 928.663 1085.948 1220.355 1276.419 1340.651 1329.334 1345.387 1384.737 1284.210 1250.057 1225.387 1150.852 1119.689 1137.864 1161.052 1007.169 1010.885 875.816 804.580 805.329 708.676 644.314 598.145 582.318 613.982 645.897 606.519 615.558 682.694 693.021 730.589 682.631 761.712 751.147 703.861 769.350 775.136 792.785 785.035 895.069 893.273 947.517 910.081 -999.250 -999.250 -999.250
702.782 639.284 576.520 572.952 557.367 571.470 577.095 564.383 557.761 573.127 597.840 606.359 631.394 652.677 686.674 703.814 758.724 806.075 887.265 1077.842 1171.230 1273.275 1311.860 1323.850 1370.681 1330.415 1279.605 1292.352 1166.981 1181.991 1197.017 1128.606 1126.016 1047.772 953.764 844.307 793.135 827.681 737.312 697.153 703.545 658.834 746.339 678.407 677.762 633.428 733.706 726.499 728.442 764.948 754.224 783.859 773.452 776.499 781.172 776.077 788.968 876.324 885.854 862.096 855.235 -999.250 -999.250 -999.250
771.025 715.368 711.518 646.851 611.114 612.335 581.182 564.710 559.507 579.391 610.394 569.860 588.989 603.931 601.753 625.364 689.917 753.738 842.007 1005.433 1079.976 1284.084 1271.010 1268.069 1324.086 1294.177 1284.551 1296.896 1197.767 1202.529 1180.484 1166.823 1043.508 1024.723 967.997 890.377 856.035 809.409 804.211 748.151 743.277 726.889 769.573 757.337 743.314 737.580 679.145 742.850 759.251 752.819 760.878 824.424 837.166 795.930 780.741 779.453 805.030 826.148 899.143 879.800 888.110 -999.250 -999.250 -999.250
841.336 861.605 770.372 710.544 644.238 592.435 566.572 564.162 549.362 567.155 610.068 593.585 559.921 545.005 568.181 580.232 625.701 752.599 792.027 963.703 1053.180 1150.932 1203.178 1258.957 1255.832 1259.070 1290.901 1270.480 1195.527 1096.723 1155.818 1178.632 1101.368 989.295 1018.065 908.837 861.531 807.300 808.458 817.042 797.587 790.631 799.482 814.541 822.306 742.940 737.987 725.930 751.421 754.263 743.407 823.006 820.642 771.300 739.655 765.308 818.523 800.349 901.001 851.823 886.422 -999.250 -999.250 -999.250
981.495 928.476 880.891 820.843 729.515 657.414 561.453 537.395 540.780 537.534 558.099 524.971 524.389 535.456 562.553 594.520 660.972 710.156 790.574 923.459 1023.699 1060.997 1182.276 1205.270 1268.651 1201.887 1210.201 1238.352 1150.406 1164.459 1142.997 1091.890 1022.209 983.135 960.540 909.167 862.597 828.069 811.499 841.869 864.514 858.402 862.567 818.967 866.320 830.792 738.850 747.995 761.426 798.049 811.950 764.819 752.220 721.170 787.424 781.043 796.631 785.782 805.370 804.778 904.413 859.530 -999.250 -999.250
1041.442 1015.092 928.392 802.196 735.209 647.505 605.740 550.412 526.865 504.025 520.737 510.260 516.363 523.012 553.779 564.961 616.795 700.190 846.015 874.143 958.462 1047.233 1079.156 1189.966 1153.835 1153.032 1228.458 1098.082 1126.602 1090.821 1066.940 978.421 978.204 987.555 985.041 900.895 841.049 835.578 862.389 802.078 853.777 915.070 905.095 908.227 859.523 897.507 827.559 842.202 816.060 792.334 770.096 826.918 758.477 808.908 808.979 832.413 789.683 822.335 810.754 887.918 920.476 884.002 824.924 -999.250
1286.657 1040.250 928.400 814.586 738.093 642.756 584.319 547.239 508.070 485.713 488.936 515.431 509.175 509.799 535.980 580.478 621.744 736.266 810.520 864.608 940.335 992.178 1042.358 1046.078 1125.265 1157.963 1126.887 1091.984 1091.643 1064.437 960.998 941.197 985.579 972.528 906.465 859.166 811.916 807.621 839.285 864.824 836.123 907.575 914.536 921.358 957.848 863.062 889.905 926.273 822.786 785.742 786.928 807.318 799.629 804.776 815.980 781.782 762.600 771.410 761.216 806.899 829.822 857.141 837.040 789.401
1301.507 1096.211 969.027 785.923 746.803 643.758 560.672 527.066 489.015 486.429 463.073 481.768 489.625 486.694 531.668 631.378 672.772 743.675 805.537 860.258 963.395 1050.176 992.719 1068.684 1083.880 1113.111 1063.804 1172.651 1054.806 984.773 995.310 986.368 898.691 1009.671 884.969 871.737 875.495 851.482 803.831 808.153 828.151 813.400 927.281 999.899 988.696 940.961 999.371 901.910 827.915 798.992 787.584 805.271 807.989 841.369 808.330 767.042 747.534 804.564 764.667 799.765 797.124 790.358 813.436 791.212
