data/medianmodel_01-Feb-2021.asc
ncols	141
nrows	288
xllcorner	-120191.398
yllcorner	-301404.813
cellsize	2000.000
NODATA_value	-999.250
[rows 0 to 27 of 288, columns 63 to 125 of 141]
-999.250 -999.250 -999.250 -999.250 -999.250 -999.250 -999.250 -999.250 -999.250 -999.250 -999.250 -999.250 -999.250 -999.250 -999.250 -999.250 -999.250 -999.250 -999.250 -999.250 -999.250 -999.250 -999.250 -999.250 -999.250 -999.250 -999.250 -999.250 -999.250 -999.250 -999.250 -999.250 -999.250 -999.250 -999.250 -999.250 -999.250 -999.250 -999.250 -999.250 -999.250 -999.250 -999.250 -999.250 -999.250 -999.250 -999.250 -999.250 -999.250 -999.250 -999.250 -999.250 -999.250 -999.250 -999.250 -999.250 -999.250 -999.250 -999.250 -999.250 -999.250 -999.250 -999.250
-999.250 -999.250 -999.250 -999.250 -999.250 -999.250 -999.250 -999.250 -999.250 -999.250 -999.250 -999.250 -999.250 -999.250 -999.250 -999.250 -999.250 -999.250 -999.250 -999.250 -999.250 -999.250 -999.250 -999.250 -999.250 -999.250 -999.250 -999.250 -999.250 -999.250 -999.250 -999.250 -999.250 -999.250 -999.250 -999.250 -999.250 -999.250 -999.250 -999.250 -999.250 -999.250 -999.250 -999.250 -999.250 -999.250 -999.250 -999.250 -999.250 -999.250 -999.250 -999.250 -999.250 -999.250 -999.250 -999.250 -999.250 -999.250 -999.250 -999.250 -999.250 -999.250 -999.250
-999.250 -999.250 -999.250 -999.250 -999.250 -999.250 -999.250 -999.250 -999.250 -999.250 -999.250 -999.250 -999.250 -999.250 -999.250 -999.250 -999.250 -999.250 -999.250 -999.250 -999.250 -999.250 -999.250 -999.250 -999.250 -999.250 -999.250 -999.250 -999.250 -999.250 -999.250 -999.250 -999.250 -999.250 -999.250 -999.250 -999.250 -999.250 -999.250 -999.250 -999.250 -999.250 -999.250 -999.250 -999.250 -999.250 -999.250 -999.250 -999.250 -999.250 -999.250 -999.250 -999.250 -999.250 -999.250 -999.250 -999.250 -999.250 -999.250 -999.250 -999.250 -999.250 -999.250
-999.250 -999.250 -999.250 -999.250 -999.250 -999.250 -999.250 -999.250 -999.250 -999.250 -999.250 -999.250 -999.250 -999.250 -999.250 -999.250 -999.250 -999.250 -999.250 -999.250 -999.250 -999.250 -999.250 -999.250 -999.250 -999.250 -999.250 -999.250 -999.250 -999.250 -999.250 -999.250 -999.250 -999.250 -999.250 -999.250 -999.250 -999.250 -999.250 -999.250 -999.250 -999.250 -999.250 -999.250 -999.250 -999.250 -999.250 -999.250 -999.250 -999.250 -999.250 -999.250 -999.250 -999.250 -999.250 -999.250 -999.250 -999.250 -999.250 -999.250 -999.250 -999.250 -999.250
-999.250 -999.250 -999.250 -999.250 -999.250 -999.250 -999.250 -999.250 -999.250 -999.250 -999.250 -999.250 -999.250 -999.250 -999.250 -999.250 -999.250 -999.250 -999.250 -999.250 -999.250 -999.250 -999.250 -999.250 -999.250 -999.250 -999.250 -999.250 -999.250 -999.250 -999.250 -999.250 -999.250 -999.250 -999.250 -999.250 -999.250 -999.250 -999.250 -999.250 -999.250 -999.250 -999.250 -999.250 -999.250 -999.250 -999.250 -999.250 -999.250 -999.250 -999.250 -999.250 -999.250 -999.250 -999.250 -999.250 -999.250 -999.250 -999.250 -999.250 -999.250 -999.250 -999.250
-999.250 -999.250 -999.250 -999.250 -999.250 -999.250 -999.250 -999.250 -999.250 -999.250 -999.250 -999.250 -999.250 -999.250 -999.250 -999.250 -999.250 -999.250 -999.250 -999.250 -999.250 -999.250 -999.250 -999.250 -999.250 -999.250 -999.250 -999.250 -999.250 -999.250 -999.250 -999.250 -999.250 -999.250 -999.250 -999.250 -999.250 -999.250 -999.250 -999.250 -999.250 -999.250 -999.250 -999.250 -999.250 -999.250 -999.250 -999.250 -999.250 -999.250 -999.250 -999.250 -999.250 -999.250 -999.250 -999.250 -999.250 -999.250 -999.250 -999.250 -999.250 -999.250 -999.250
-999.250 -999.250 -999.250 -999.250 -999.250 -999.250 -999.250 -999.250 -999.250 -999.250 -999.250 -999.250 -999.250 -999.250 -999.250 -999.250 -999.250 -999.250 -999.250 -999.250 -999.250 -999.250 -999.250 -999.250 -999.250 -999.250 -999.250 -999.250 -999.250 -999.250 -999.250 -999.250 -999.250 -999.250 -999.250 -999.250 -999.250 -999.250 -999.250 -999.250 -999.250 -999.250 -999.250 -999.250 -999.250 -999.250 -999.250 -999.250 -999.250 -999.250 -999.250 -999.250 -999.250 -999.250 -999.250 -999.250 -999.250 -999.250 -999.250 -999.250 -999.250 -999.250 -999.250
-999.250 -999.250 -999.250 -999.250 -999.250 -999.250 -999.250 -999.250 -999.250 -999.250 -999.250 -999.250 -999.250 -999.250 -999.250 -999.250 -999.250 -999.250 -999.250 -999.250 -999.250 -999.250 -999.250 -999.250 -999.250 -999.250 -999.250 -999.250 -999.250 -999.250 -999.250 -999.250 -999.250 -999.250 -999.250 -999.250 -999.250 -999.250 -999.250 -999.250 -999.250 -999.250 -999.250 -999.250 -999.250 -999.250 -999.250 -999.250 -999.250 -999.250 -999.250 -999.250 -999.250 -999.250 -999.250 -999.250 -999.250 -999.250 -999.250 -999.250 -999.250 -999.250 -999.250
-999.250 -999.250 -999.250 -999.250 -999.250 -999.250 -999.250 -999.250 -999.250 -999.250 -999.250 -999.250 -999.250 -999.250 -999.250 -999.250 -999.250 -999.250 -999.250 -999.250 -999.250 -999.250 -999.250 -999.250 -999.250 -999.250 -999.250 -999.250 -999.250 -999.250 -999.250 -999.250 -999.250 -999.250 -999.250 -999.250 -999.250 -999.250 -999.250 -999.250 -999.250 -999.250 -999.250 -999.250 -999.250 -999.250 -999.250 -999.250 -999.250 -999.250 -999.250 1747.074 -999.250 -999.250 -999.250 -999.250 -999.250 -999.250 -999.250 -999.250 -999.250 -999.250 -999.250
-999.250 -999.250 -999.250 -999.250 -999.250 -999.250 -999.250 -999.250 -999.250 -999.250 -999.250 -999.250 -999.250 -999.250 -999.250 -999.250 -999.250 -999.250 -999.250 -999.250 -999.250 -999.250 -999.250 -999.250 -999.250 -999.250 -999.250 -999.250 -999.250 -999.250 -999.250 -999.250 -999.250 -999.250 -999.250 -999.250 1683.497 1659.074 1703.077 1715.780 -999.250 -999.250 -999.250 -999.250 1682.151 -999.250 -999.250 -999.250 -999.250 -999.250 -999.250 1742.025 1752.210 -999.250 -999.250 -999.250 -999.250 -999.250 -999.250 -999.250 -999.250 -999.250 -999.250
-999.250 -999.250 -999.250 -999.250 -999.250 -999.250 -999.250 -999.250 -999.250 -999.250 -999.250 -999.250 -999.250 -999.250 -999.250 -999.250 -999.250 -999.250 -999.250 -999.250 -999.250 -999.250 -999.250 -999.250 -999.250 -999.250 -999.250 -999.250 -999.250 -999.250 -999.250 -999.250 -999.250 -999.250 -999.250 -999.250 1664.876 1760.809 1724.213 1692.460 -999.250 -999.250 -999.250 1686.760 1775.389 1719.829 -999.250 -999.250 -999.250 -999.250 -999.250 1742.727 1691.524 1747.758 -999.250 -999.250 -999.250 -999.250 -999.250 -999.250 1492.921 1505.789 -999.250
-999.250 -999.250 -999.250 -999.250 -999.250 -999.250 -999.250 -999.250 -999.250 -999.250 -999.250 -999.250 -999.250 -999.250 -999.250 -999.250 -999.250 -999.250 -999.250 -999.250 -999.250 -999.250 -999.250 -999.250 -999.250 -999.250 -999.250 -999.250 -999.250 -999.250 -999.250 -999.250 -999.250 -999.250 -999.250 -999.250 1738.291 1807.015 1703.864 1791.601 1733.394 1769.967 1764.990 1760.631 1833.144 1813.110 1736.779 1780.087 1846.826 1827.470 1852.807 1794.995 1753.045 1726.455 1657.603 1684.958 1552.272 1566.775 1534.824 1527.248 1488.337 1487.677 -999.250
-999.250 -999.250 -999.250 -999.250 -999.250 -999.250 1632.740 -999.250 -999.250 -999.250 -999.250 -999.250 -999.250 -999.250 -999.250 -999.250 -999.250 -999.250 -999.250 -999.250 -999.250 -999.250 -999.250 -999.250 -999.250 -999.250 -999.250 -999.250 -999.250 -999.250 -999.250 -999.250 -999.250 -999.250 -999.250 -999.250 1723.382 1818.835 1720.279 1741.747 1784.717 1847.769 1860.139 1883.548 1851.322 1884.959 1886.744 1872.358 1897.889 1857.313 1815.693 1723.216 1724.526 1663.742 1654.073 1639.856 1618.437 1542.366 1553.166 1562.369 1493.096 1436.889 -999.250
-999.250 -999.250 -999.250 -999.250 -999.250 -999.250 1611.927 -999.250 -999.250 -999.250 -999.250 -999.250 -999.250 -999.250 1688.279 -999.250 -999.250 -999.250 -999.250 -999.250 -999.250 -999.250 -999.250 -999.250 -999.250 -999.250 -999.250 -999.250 -999.250 -999.250 -999.250 -999.250 -999.250 -999.250 -999.250 -999.250 1725.533 1780.295 1845.610 1902.475 1867.317 1854.693 1905.359 1963.462 1900.554 1948.853 1992.707 1892.413 1891.970 1819.414 1859.856 1770.908 1742.591 1702.795 1652.645 1637.635 1645.612 1557.485 1586.518 1535.413 1454.447 1413.682 -999.250
-999.250 -999.250 -999.250 -999.250 -999.250 -999.250 1588.458 -999.250 -999.250 -999.250 -999.250 1611.934 1593.039 1630.212 1661.324 1679.857 -999.250 -999.250 -999.250 -999.250 -999.250 -999.250 -999.250 -999.250 -999.250 -999.250 -999.250 -999.250 -999.250 -999.250 -999.250 -999.250 -999.250 -999.250 -999.250 -999.250 1685.206 1792.029 1855.282 1931.704 1881.688 1949.330 2047.284 1992.057 1991.556 1945.514 1942.719 1951.938 1891.012 1882.555 1868.794 1776.199 1723.197 1715.179 1662.442 1618.207 1616.139 1581.839 1621.881 1586.556 1510.080 1400.986 1358.559
-999.250 -999.250 -999.250 1514.245 1510.428 1514.537 1534.842 -999.250 -999.250 1516.885 1547.132 1578.232 1574.189 1622.958 1747.169 1778.538 1723.274 1640.520 1646.888 -999.250 -999.250 -999.250 -999.250 -999.250 -999.250 -999.250 -999.250 -999.250 -999.250 -999.250 -999.250 -999.250 -999.250 1633.953 1615.102 1641.883 1768.874 1846.571 1946.369 1929.030 1935.867 1989.656 2000.855 2021.633 2008.542 1979.471 1956.509 1942.695 1885.957 1876.675 1844.220 1789.849 1756.170 1672.700 1684.439 1634.599 1615.601 1509.226 1507.575 1471.701 1414.952 1385.826 1352.680
-999.250 -999.250 1506.909 1454.681 1455.339 1452.565 1475.576 -999.250 1483.161 1528.182 1516.088 1581.565 1617.139 1719.338 1806.241 1823.582 1764.757 1774.314 -999.250 -999.250 -999.250 -999.250 -999.250 1355.482 1289.263 -999.250 -999.250 -999.250 1353.443 -999.250 -999.250 1501.563 1563.786 1596.030 1622.790 1669.544 1727.004 1864.036 1902.089 1911.440 1954.573 1992.118 2032.166 2021.871 2010.203 1956.027 1944.502 1984.405 1965.202 1832.438 1835.354 1797.720 1691.548 1647.102 1657.130 1586.229 1551.234 1503.768 1484.205 1418.855 1384.358 1322.527 1259.929
-999.250 -999.250 1437.512 1428.305 1420.850 1453.172 1398.538 1392.476 1495.574 1520.851 1588.220 1609.208 1714.787 1757.173 1809.996 1810.902 1871.020 1867.230 -999.250 -999.250 1584.365 1484.738 1318.267 1236.259 1256.659 1231.908 -999.250 1213.127 1366.731 1417.693 1430.504 1442.177 1513.144 1535.066 1627.933 1634.181 1761.193 1866.265 1956.513 2002.418 1944.433 1991.867 1989.175 2001.033 1998.330 1982.023 1958.572 2008.120 1960.479 1859.133 1826.088 1811.237 1681.819 1647.946 1669.295 1610.891 1551.990 1500.666 1502.362 1439.481 1361.210 1301.819 1229.381
1469.688 1465.987 1446.308 1447.262 1351.880 1434.074 1383.481 1370.333 1399.421 1456.398 1519.148 1579.981 1747.854 1786.428 1901.875 1911.089 1913.286 1886.976 1839.043 1667.498 1593.745 1475.235 1371.462 1306.453 1196.257 1187.245 1161.938 1212.944 1291.545 1379.067 1443.947 1460.924 1445.063 1565.466 1589.545 1635.726 1784.417 1855.096 1870.634 1910.958 1899.656 1947.481 1995.065 1945.889 1930.791 1986.774 1925.794 2005.960 1921.428 1840.872 1817.749 1796.661 1679.082 1663.222 1660.576 1576.530 1471.732 1462.848 1474.008 1353.200 1295.334 1205.313 1186.395
1474.106 1492.255 1395.431 1384.339 1342.193 1312.696 1288.694 1305.386 1357.358 1412.314 1517.303 1676.160 1801.643 1973.750 1996.328 2039.180 2053.255 1994.326 1954.204 1837.737 1628.064 1481.270 1442.929 1263.029 1129.866 1118.778 1149.777 1195.408 1268.098 1284.782 1330.198 1425.175 1485.985 1566.207 1571.520 1701.450 1787.842 1773.961 1830.530 1861.718 1904.538 1879.181 1947.741 1882.338 1870.866 1872.759 1877.979 1813.679 1864.694 1767.552 1776.807 1748.210 1676.845 1616.910 1586.934 1551.710 1435.804 1397.499 1397.705 1373.723 1245.103 1181.963 1189.212
1410.661 1426.121 1342.452 1382.354 1312.701 1252.720 1229.281 1251.613 1289.862 1399.497 1579.839 1740.757 1875.269 2090.954 2150.978 2195.011 2199.453 2165.922 2073.544 1989.762 1814.846 1560.001 1414.838 1245.636 1051.529 1031.566 1111.293 1158.207 1213.545 1215.423 1275.981 1371.683 1435.837 1497.193 1590.836 1604.851 1695.848 1735.687 1844.670 1809.783 1793.373 1800.809 1857.106 1859.961 1790.528 1801.855 1791.644 1743.970 1821.816 1796.567 1769.267 1685.020 1640.751 1561.257 1544.089 1555.194 1456.954 1412.034 1385.005 1242.525 1225.543 1117.420 -999.250
1386.225 1459.681 1379.315 1337.142 1289.366 1272.639 1249.458 1214.289 1155.941 1421.319 1634.624 1826.719 2004.877 2189.569 2295.565 2419.181 2425.717 2355.117 2240.056 2108.545 1912.579 1662.107 1392.921 1210.288 968.406 1026.309 1122.636 1144.284 1233.239 1283.996 1339.864 1416.000 1446.290 1470.180 1507.043 1571.692 1608.310 1794.225 1788.667 1780.581 1724.794 1736.400 1814.537 1736.526 1760.904 1727.300 1659.689 1657.049 1664.963 1717.785 1669.296 1652.585 1604.230 1565.341 1487.633 1464.003 1425.085 1346.146 1246.484 1204.873 1187.568 1073.678 -999.250
1415.720 1413.689 1427.822 1381.109 1422.013 1416.260 1389.211 1339.271 1385.035 1542.534 1752.092 1960.737 2172.386 2302.925 2495.871 2656.841 2651.690 2571.693 2329.578 2185.621 2016.008 1787.780 1517.985 1275.543 1136.601 1078.289 1118.580 1164.059 1186.019 1240.643 1328.828 1349.050 1420.869 1460.894 1434.951 1513.983 1556.117 1630.986 1689.034 1720.781 1759.287 1705.528 1706.186 1656.659 1637.076 1596.131 1648.825 1620.434 1553.519 1621.748 1614.302 1699.272 1551.616 1538.542 1451.047 1339.955 1292.888 1264.066 1179.714 1171.736 1091.248 1013.740 -999.250
1428.646 1455.908 1458.753 1444.095 1499.631 1518.414 1520.853 1496.007 1577.865 1683.022 1859.327 2093.618 2270.204 2508.621 2655.497 2855.114 2901.087 2738.344 2496.295 2327.865 2053.552 1833.595 1570.682 1430.006 1227.218 1181.615 1167.392 1176.718 1233.709 1303.380 1297.238 1376.641 1428.792 1463.639 1474.604 1519.916 1542.592 1596.240 1608.729 1616.379 1661.016 1613.550 1632.221 1610.969 1584.996 1557.776 1591.237 1588.689 1519.024 1533.354 1546.615 1575.733 1531.127 1449.133 1389.705 1327.906 1270.641 1219.144 1157.252 1116.433 1088.477 940.446 -999.250
1448.434 1516.713 1543.421 1514.814 1467.548 1519.780 1616.440 1687.999 1752.446 1855.312 2008.234 2224.546 2393.450 2628.424 2766.805 2983.170 3301.321 2948.660 2596.797 2364.577 2156.447 1899.202 1624.252 1525.157 1400.901 1305.135 1246.225 1218.523 1301.085 1333.949 1387.330 1399.851 1437.343 1461.645 1490.715 1498.928 1569.255 1588.098 1633.792 1617.641 1577.519 1564.363 1569.822 1556.681 1510.741 1516.334 1531.674 1538.469 1529.210 1511.879 1535.497 1469.703 1506.966 1434.030 1344.805 1339.046 1222.116 1156.335 1159.651 1082.283 1019.038 981.167 -999.250
1488.257 1491.125 1511.200 1501.588 1561.443 1633.387 1659.776 1758.359 1890.231 2012.107 2067.571 2179.929 2399.213 2691.445 2746.149 2959.779 2997.589 2884.991 2640.192 2345.667 2114.939 1936.064 1739.535 1679.406 1459.488 1399.565 1312.390 1337.386 1364.808 1383.373 1435.375 1488.899 1484.481 1502.009 1498.786 1539.234 1561.696 1555.360 1571.377 1574.463 1556.329 1590.629 1522.289 1525.946 1512.618 1452.020 1479.686 1444.110 1380.625 1436.119 1429.328 1388.627 1392.365 1303.866 1296.264 1268.440 1241.843 1153.437 1080.258 1108.709 1014.707 932.699 868.254
1506.260 1473.589 1550.352 1552.594 1597.148 1616.843 1689.146 1791.116 1941.787 2003.571 2114.981 2200.885 2325.569 2490.387 2636.762 2856.378 2809.601 2691.003 2440.610 2302.642 2139.366 1982.813 1743.595 1603.067 1494.975 1421.589 1353.898 1332.018 1356.635 1411.887 1428.650 1485.314 1511.068 1508.412 1613.146 1566.514 1564.876 1530.781 1517.680 1546.830 1488.518 1504.568 1504.279 1515.068 1432.642 1425.131 1369.616 1394.350 1404.386 1390.685 1366.288 1303.974 1312.463 1293.990 1244.859 1219.143 1151.310 1088.428 1088.184 1056.588 937.416 883.210 827.264
1424.466 1465.423 1569.086 1567.831 1555.308 1596.677 1672.362 1810.791 1949.969 2070.507 2221.962 2234.001 2411.500 2424.545 2482.545 2586.177 2603.143 2497.457 2362.866 2182.626 1994.686 1812.066 1647.554 1550.160 1552.703 1472.060 1439.484 1389.586 1402.485 1436.734 1476.033 1497.129 1515.592 1580.098 1566.861 1584.716 1553.943 1499.917 1495.707 1481.171 1488.108 1423.176 1490.120 1439.934 1394.350 1333.127 1300.979 1293.805 1352.587 1309.911 1328.885 1296.208 1317.530 1262.163 1275.293 1171.429 1168.662 1068.667 1082.959 994.407 934.201 842.537 804.687
