data/medianmodel_25-Nov-2020.asc
ncols	141
nrows	288
xllcorner	-120191.398
yllcorner	-301404.813
cellsize	2000.000
NODATA_value	-999.250
[rows 58 to 86 of 288, columns 64 to 127 of 141]
1007.038 772.996 723.855 610.535 569.563 543.023 529.763 583.622 613.556 656.674 715.024 853.919 1075.842 1193.910 1312.890 1294.487 1091.774 754.793 552.066 459.303 350.470 323.739 315.421 316.353 333.288 367.980 398.341 420.145 428.814 414.572 427.892 422.206 429.110 436.169 472.183 482.533 534.296 585.529 640.474 802.256 958.392 1131.558 1290.669 1482.927 1744.222 1898.491 2058.876 2234.525 2403.356 2701.709 2933.453 3051.263 2885.114 -999.250 -999.250 -999.250 -999.250 -999.250 -999.250 -999.250 -999.250 -999.250 -999.250 -999.250
913.178 789.613 719.766 646.805 588.337 570.166 555.398 589.713 655.449 689.534 726.138 894.989 930.995 1030.287 1144.185 1162.122 925.293 684.612 532.616 439.942 380.919 313.690 323.491 325.496 368.809 385.571 406.688 408.420 424.712 434.351 443.779 430.350 442.339 452.915 488.766 500.588 547.319 601.951 663.249 782.194 1001.903 1136.164 1222.262 1430.649 1683.104 1817.345 2196.892 2164.089 2285.381 2540.893 2725.368 2901.936 -999.250 -999.250 -999.250 -999.250 -999.250 -999.250 -999.250 -999.250 -999.250 -999.250 -999.250 -999.250
828.065 824.541 705.342 629.085 585.616 566.300 569.908 633.698 686.068 705.814 739.887 766.571 871.867 915.752 889.543 922.990 700.851 599.777 479.979 411.856 343.747 325.307 313.504 321.514 353.808 382.968 414.378 445.013 479.305 468.022 454.001 440.111 458.678 453.940 495.462 529.082 545.617 607.800 634.168 773.470 923.615 1127.726 1273.578 1440.917 1610.645 1859.243 2007.401 2117.630 2229.932 2429.383 2705.134 2765.252 -999.250 -999.250 -999.250 -999.250 -999.250 -999.250 -999.250 -999.250 -999.250 -999.250 -999.250 -999.250
895.970 752.394 671.559 646.645 578.631 609.581 607.090 632.079 649.835 656.648 674.554 747.808 760.255 796.479 795.823 765.338 587.333 509.321 401.791 331.506 287.196 265.893 291.794 287.341 337.870 403.958 419.977 447.118 468.708 465.955 470.410 426.422 446.621 468.618 484.062 527.806 523.534 578.865 634.622 724.198 963.846 1164.801 1272.438 1353.022 1449.446 1659.680 1832.828 2014.908 2146.199 2336.064 2416.345 -999.250 -999.250 -999.250 -999.250 -999.250 -999.250 -999.250 -999.250 -999.250 -999.250 -999.250 -999.250 -999.250
763.036 711.293 726.518 665.842 612.827 615.863 601.255 607.490 598.702 622.454 615.069 647.159 691.525 689.626 657.203 612.173 509.982 377.255 270.351 228.869 221.708 226.439 253.234 281.523 330.289 395.569 420.153 460.458 472.415 474.586 483.383 460.517 454.319 450.171 463.496 502.134 545.428 545.963 673.866 756.958 957.701 1109.578 1186.160 1246.037 1386.699 1576.050 -999.250 -999.250 -999.250 -999.250 -999.250 -999.250 -999.250 -999.250 -999.250 -999.250 -999.250 -999.250 -999.250 -999.250 -999.250 -999.250 -999.250 -999.250
785.259 742.468 733.544 624.064 561.360 534.718 553.988 563.595 565.730 576.739 608.500 625.419 647.405 571.154 575.378 494.083 404.510 287.764 143.796 159.957 163.836 173.831 227.240 258.304 315.507 374.154 423.013 463.142 463.678 487.569 471.581 449.895 450.063 442.610 451.626 503.713 539.290 612.137 621.272 795.525 903.399 1039.470 1118.039 1196.309 1310.490 1467.604 1544.345 -999.250 -999.250 -999.250 -999.250 -999.250 -999.250 -999.250 -999.250 -999.250 -999.250 -999.250 -999.250 -999.250 -999.250 -999.250 -999.250 -999.250
774.233 663.945 674.546 632.229 586.843 560.992 541.368 542.687 579.360 558.061 536.229 551.931 560.462 535.638 498.796 446.570 354.185 254.854 166.033 150.994 147.197 161.189 191.200 234.561 300.443 353.754 435.726 461.058 473.497 456.066 457.967 459.078 444.444 392.413 423.701 471.534 537.761 582.036 595.240 724.980 818.651 834.540 944.724 1057.694 1174.180 1301.577 1355.703 1532.876 -999.250 -999.250 -999.250 -999.250 -999.250 -999.250 -999.250 -999.250 -999.250 -999.250 -999.250 -999.250 -999.250 -999.250 -999.250 -999.250
676.374 645.549 617.134 604.829 560.346 551.528 539.564 510.795 538.396 520.482 555.267 531.618 527.066 512.566 457.148 407.130 306.532 241.564 174.467 159.855 146.082 158.517 196.295 221.509 260.343 336.541 395.326 436.013 442.226 438.170 433.562 448.202 445.039 423.599 442.472 458.365 515.186 580.745 553.130 673.093 734.907 792.496 906.908 948.905 1086.907 1136.352 1242.438 1313.089 -999.250 -999.250 -999.250 -999.250 -999.250 -999.250 -999.250 -999.250 -999.250 -999.250 -999.250 -999.250 -999.250 -999.250 -999.250 -999.250
642.176 579.176 589.369 536.379 510.444 505.592 517.445 526.535 518.716 532.551 531.319 523.413 524.078 507.256 442.123 400.482 321.545 241.438 196.786 159.099 152.726 159.099 183.407 204.964 237.311 294.238 353.647 385.909 424.701 422.861 441.635 437.386 422.556 424.842 463.061 465.346 515.042 507.088 541.604 609.512 669.571 690.322 787.449 802.704 885.032 956.271 1034.943 1229.739 1325.666 -999.250 -999.250 -999.250 -999.250 -999.250 -999.250 -999.250 -999.250 -999.250 -999.250 -999.250 -999.250 -999.250 -999.250 -999.250
584.583 534.986 512.582 521.325 471.985 479.494 503.795 497.651 538.139 545.472 562.787 603.006 594.738 529.521 460.373 398.017 335.692 281.472 224.312 176.692 147.552 155.672 152.161 163.325 209.571 269.433 296.408 343.774 378.177 395.552 402.704 413.544 412.754 459.164 459.638 458.863 490.710 521.147 524.494 549.953 604.757 663.586 696.402 720.149 799.732 805.874 950.820 1149.113 1206.757 1287.955 -999.250 -999.250 -999.250 -999.250 -999.250 -999.250 -999.250 -999.250 -999.250 -999.250 -999.250 -999.250 -999.250 -999.250
524.441 515.865 499.685 498.202 472.466 426.825 496.135 513.170 543.850 585.025 607.982 599.135 593.268 566.669 502.754 449.348 390.540 296.346 238.980 191.639 151.684 148.382 139.923 146.795 186.804 231.889 290.752 324.982 345.237 371.743 404.624 409.691 419.499 440.566 438.978 446.952 475.929 493.132 481.835 555.370 547.678 570.590 631.408 661.918 746.544 797.760 865.791 1071.299 1146.969 1192.450 -999.250 -999.250 -999.250 -999.250 -999.250 -999.250 -999.250 -999.250 -999.250 -999.250 -999.250 -999.250 -999.250 -999.250
523.757 498.420 505.610 490.312 489.961 495.727 509.321 556.274 574.506 591.129 662.008 651.656 630.229 610.773 539.044 470.643 413.793 341.787 271.499 226.824 163.308 141.627 109.196 97.772 161.916 215.609 279.010 289.385 316.139 374.250 381.785 381.479 410.237 452.950 419.764 441.279 450.855 464.772 469.602 472.523 493.588 533.135 573.804 592.655 676.877 788.733 843.190 1012.352 1022.526 1158.105 -999.250 -999.250 -999.250 -999.250 -999.250 -999.250 -999.250 -999.250 -999.250 -999.250 -999.250 -999.250 -999.250 -999.250
533.484 506.491 505.196 493.058 500.300 517.032 532.477 556.134 598.126 645.970 675.962 718.636 715.312 640.274 599.152 523.521 446.706 376.143 305.059 241.406 195.472 150.306 102.723 55.597 145.920 214.841 252.506 284.943 320.202 334.173 370.551 393.659 410.261 422.000 401.178 429.641 395.136 417.979 422.169 437.651 465.824 498.015 535.280 568.457 663.160 716.990 812.248 944.687 1083.358 1173.465 1247.441 1202.569 -999.250 -999.250 -999.250 -999.250 -999.250 -999.250 -999.250 -999.250 -999.250 -999.250 -999.250 -999.250
528.503 509.880 493.721 504.277 495.304 532.491 595.716 608.225 616.515 650.552 698.206 762.601 789.418 711.911 636.687 553.271 461.797 410.317 365.719 279.249 228.554 170.750 146.174 138.683 172.822 225.059 263.493 318.309 341.332 379.839 370.633 375.282 391.497 406.911 419.668 377.971 392.129 383.523 396.771 393.880 401.692 432.816 471.741 547.253 591.957 673.653 731.862 896.900 1008.106 1048.029 1075.008 1082.967 -999.250 -999.250 -999.250 -999.250 -999.250 -999.250 -999.250 -999.250 -999.250 -999.250 -999.250 -999.250
482.436 502.344 481.673 475.659 508.073 542.428 591.485 600.131 666.396 707.073 775.372 799.474 792.558 761.151 652.702 569.830 516.155 449.665 394.182 309.453 255.832 223.483 172.931 184.349 210.328 245.376 278.177 348.588 363.593 393.918 412.196 401.234 415.609 412.521 379.025 359.302 365.336 365.224 333.814 343.928 328.048 380.372 419.298 454.852 532.872 552.549 615.110 710.866 827.871 1008.420 992.774 -999.250 -999.250 -999.250 -999.250 -999.250 -999.250 -999.250 -999.250 -999.250 -999.250 -999.250 -999.250 -999.250
509.310 490.375 491.703 495.344 497.802 538.375 578.857 618.407 680.930 762.395 766.276 801.425 775.178 788.988 679.460 637.877 538.468 490.351 440.710 344.460 275.456 256.687 214.411 224.286 245.535 279.463 313.244 367.969 379.332 402.599 410.441 413.350 393.356 388.348 373.855 346.234 325.816 338.167 300.425 277.567 259.512 294.094 343.524 402.035 481.028 507.950 591.054 628.500 683.197 799.655 913.546 -999.250 -999.250 -999.250 -999.250 -999.250 -999.250 -999.250 -999.250 -999.250 -999.250 -999.250 -999.250 -999.250
495.674 504.366 512.247 517.901 516.431 549.173 589.069 624.022 686.014 732.284 805.999 778.663 811.024 749.845 687.411 623.657 551.011 517.645 432.770 364.956 302.534 256.650 232.715 250.109 278.707 312.190 336.989 374.381 395.375 431.880 441.084 448.977 408.355 396.569 366.459 343.521 318.520 278.803 246.601 215.429 205.163 260.351 293.424 374.458 434.964 491.309 532.675 563.571 617.019 683.977 801.240 -999.250 -999.250 -999.250 -999.250 -999.250 -999.250 -999.250 -999.250 -999.250 -999.250 -999.250 -999.250 -999.250
509.526 531.074 537.534 515.204 518.436 544.062 593.420 650.802 653.183 700.622 772.050 740.030 742.241 765.107 719.708 655.286 593.407 511.734 434.552 368.117 299.085 256.800 246.632 279.771 321.099 358.993 380.890 410.242 428.169 456.951 465.467 454.660 434.911 398.561 382.178 354.939 326.936 262.693 226.369 162.830 93.996 193.502 274.565 328.831 397.635 464.064 497.790 561.793 620.311 686.806 718.386 -999.250 -999.250 -999.250 -999.250 -999.250 -999.250 -999.250 -999.250 -999.250 -999.250 -999.250 -999.250 -999.250
477.899 508.771 543.044 496.950 511.947 541.752 616.690 643.726 681.884 739.152 756.588 786.831 768.938 815.873 722.707 660.011 646.298 528.411 440.099 381.079 293.241 214.961 273.217 317.603 377.409 396.952 436.701 444.384 473.569 500.939 494.258 513.850 496.113 424.367 385.898 365.716 343.825 281.693 250.750 190.576 167.401 200.460 271.676 322.852 381.747 419.165 454.192 543.575 601.111 592.866 657.309 -999.250 -999.250 -999.250 -999.250 -999.250 -999.250 -999.250 -999.250 -999.250 -999.250 -999.250 -999.250 -999.250
453.768 484.643 514.492 517.889 512.449 538.047 604.209 628.695 697.224 666.642 728.413 763.830 771.149 829.015 734.055 644.502 602.603 523.288 452.536 410.795 343.974 291.377 331.469 358.598 421.539 443.548 473.898 513.539 528.377 533.730 549.511 543.286 523.260 463.836 432.811 390.293 352.296 313.366 278.765 232.116 215.283 225.112 275.102 316.605 368.437 397.421 438.016 498.254 509.736 547.725 555.074 -999.250 -999.250 -999.250 -999.250 -999.250 -999.250 -999.250 -999.250 -999.250 -999.250 -999.250 -999.250 -999.250
440.516 478.378 509.619 518.936 508.695 537.679 559.159 602.183 704.028 685.549 698.559 672.369 717.906 728.984 690.617 645.877 564.777 488.397 445.317 406.159 392.303 359.100 358.844 401.919 474.017 514.538 541.161 586.245 576.114 587.740 597.493 564.348 523.761 522.174 487.049 422.193 403.861 313.855 294.119 260.747 235.371 247.759 291.757 341.891 381.627 398.418 419.940 481.867 516.935 548.487 520.263 -999.250 -999.250 -999.250 -999.250 -999.250 -999.250 -999.250 -999.250 -999.250 -999.250 -999.250 -999.250 -999.250
441.583 477.924 478.731 503.500 509.945 524.553 531.663 594.196 635.409 635.913 647.235 663.856 666.759 676.155 616.045 573.652 522.374 490.697 432.617 421.770 383.063 375.173 389.140 435.279 514.081 569.495 579.238 635.244 701.841 652.266 624.703 603.848 562.189 552.405 491.645 459.561 412.925 356.331 348.169 304.004 265.075 283.329 312.182 341.417 367.009 406.697 432.510 430.364 480.928 532.430 560.215 -999.250 -999.250 -999.250 -999.250 -999.250 -999.250 -999.250 -999.250 -999.250 -999.250 -999.250 -999.250 -999.250
421.555 436.154 478.875 479.153 488.144 515.920 534.841 572.219 598.856 595.011 610.581 597.732 604.980 595.640 564.335 519.600 482.585 432.182 416.465 380.957 385.239 387.257 420.986 496.266 566.572 646.056 708.292 718.467 770.770 740.132 704.885 662.545 586.726 601.085 508.589 495.923 421.109 416.650 377.232 335.445 296.966 289.513 307.117 328.338 378.886 394.374 422.573 450.862 482.626 478.022 515.498 542.822 -999.250 -999.250 -999.250 -999.250 -999.250 -999.250 -999.250 -999.250 -999.250 -999.250 -999.250 -999.250
416.816 440.684 447.315 464.331 498.879 518.647 507.226 514.630 551.440 566.835 567.249 575.275 548.173 533.212 463.809 447.643 428.766 391.398 366.744 361.338 348.965 401.846 478.691 540.519 633.716 694.550 771.978 835.314 917.003 800.846 760.224 708.027 668.766 634.007 545.369 530.370 458.622 444.678 438.217 360.180 329.550 319.217 325.782 339.137 339.783 376.900 410.238 415.794 435.980 455.693 459.166 488.449 -999.250 -999.250 -999.250 -999.250 -999.250 -999.250 -999.250 -999.250 -999.250 -999.250 -999.250 -999.250
404.566 444.390 428.329 451.516 448.854 456.560 496.023 515.543 505.719 532.249 537.056 533.228 529.891 489.207 443.327 421.487 392.250 344.892 338.366 298.903 325.371 391.926 521.199 619.807 752.708 869.397 891.396 976.437 946.036 824.942 762.375 740.089 700.402 625.944 577.757 532.551 496.887 493.354 437.887 381.877 366.361 377.546 353.676 345.722 370.239 386.650 407.533 412.058 436.126 456.966 442.881 450.792 -999.250 -999.250 -999.250 -999.250 -999.250 -999.250 -999.250 -999.250 -999.250 -999.250 -999.250 -999.250
391.278 425.622 413.846 422.687 450.273 478.503 450.354 471.290 517.988 485.379 500.290 520.530 510.772 464.466 415.404 395.495 340.132 322.026 283.758 238.686 265.812 361.841 515.628 638.784 806.849 949.665 1095.314 1143.249 1061.809 1015.412 870.161 777.746 708.660 638.250 596.559 540.331 515.695 497.843 445.466 428.174 404.346 391.990 367.490 390.453 393.374 392.469 403.772 397.474 392.167 419.729 388.202 397.806 -999.250 -999.250 -999.250 -999.250 -999.250 -999.250 -999.250 -999.250 -999.250 -999.250 -999.250 -999.250
377.042 411.682 417.048 409.238 401.625 425.256 444.518 435.614 467.083 476.308 466.500 475.723 479.387 457.416 421.705 390.516 348.816 285.031 276.274 217.650 154.594 378.068 536.751 657.519 842.672 1074.119 1241.340 1253.613 1170.202 1093.000 930.129 771.848 751.728 655.934 600.312 592.362 520.742 469.903 443.051 425.590 407.734 431.620 400.823 428.262 395.817 394.315 402.125 381.297 409.075 369.058 325.901 -999.250 -999.250 -999.250 -999.250 -999.250 -999.250 -999.250 -999.250 -999.250 -999.250 -999.250 -999.250 -999.250
347.086 360.297 377.668 380.920 378.947 385.222 389.502 419.148 426.916 431.749 448.058 432.475 415.991 413.434 412.003 383.796 337.380 309.765 268.437 275.587 300.045 419.669 561.541 749.822 979.394 1133.234 1274.809 1296.892 1239.565 1177.854 1007.604 816.280 835.191 684.053 621.951 617.806 541.157 500.447 493.287 451.291 463.468 415.953 422.055 415.084 422.248 421.617 386.712 384.069 370.512 351.662 352.331 -999.250 -999.250 -999.250 -999.250 -999.250 -999.250 -999.250 -999.250 -999.250 -999.250 -999.250 -999.250 -999.250
365.462 358.950 367.375 343.665 348.511 360.898 385.211 369.994 386.291 397.668 391.153 422.324 387.895 393.623 387.990 380.982 329.801 321.427 326.376 333.235 411.330 516.515 626.637 825.877 1006.681 1200.862 1276.643 1281.565 1141.116 1131.410 1014.778 877.895 799.821 633.857 605.111 580.944 560.674 534.078 515.959 472.528 456.842 441.879 448.904 436.957 426.707 425.488 405.479 403.783 382.917 372.732 -999.250 -999.250 -999.250 -999.250 -999.250 -999.250 -999.250 -999.250 -999.250 -999.250 -999.250 -999.250 -999.250 -999.250
