data/medianmodel_02-Sep-2020.asc
ncols	141
nrows	288
xllcorner	-120191.398
yllcorner	-301404.813
cellsize	2000.000
NODATA_value	-999.250
[rows 93 to 123 of 288, columns 0 to 68 of 141]
-999.250 -999.250 -999.250 -999.250 -999.250 -999.250 -999.250 -999.250 -999.250 -999.250 -999.250 -999.250 -999.250 -999.250 -999.250 -999.250 -999.250 -999.250 -999.250 -999.250 -999.250 -999.250 -999.250 -999.250 -999.250 -999.250 -999.250 -999.250 -999.250 -999.250 -999.250 0.000 0.000 0.000 0.000 0.000 0.000 0.000 0.000 0.000 0.055 2.846 4.918 6.399 7.900 9.483 14.675 10.484 8.791 9.097 7.212 7.379 6.198 7.519 9.085 13.884 15.240 19.378 21.871 21.558 22.043 18.653 12.491 8.654 5.274 0.633 0.000 0.094 0.123
-999.250 -999.250 -999.250 -999.250 -999.250 -999.250 -999.250 -999.250 -999.250 -999.250 -999.250 -999.250 -999.250 -999.250 -999.250 -999.250 -999.250 -999.250 -999.250 -999.250 -999.250 -999.250 -999.250 -999.250 -999.250 -999.250 -999.250 -999.250 -999.250 -999.250 -999.250 0.000 0.000 0.000 0.000 0.000 0.000 0.000 0.000 0.000 1.675 3.413 5.285 5.684 6.320 7.964 11.054 9.265 9.073 7.562 7.431 5.327 6.729 8.468 9.001 14.071 17.347 19.170 27.315 32.119 29.170 22.789 15.825 9.001 3.992 0.444 0.000 0.000 0.000
-999.250 -999.250 -999.250 -999.250 -999.250 -999.250 -999.250 -999.250 -999.250 -999.250 -999.250 -999.250 -999.250 -999.250 -999.250 -999.250 -999.250 -999.250 -999.250 -999.250 -999.250 -999.250 -999.250 -999.250 -999.250 -999.250 -999.250 -999.250 -999.250 -999.250 -999.250 0.000 0.000 0.000 0.000 0.000 0.000 0.000 0.477 3.392 3.522 3.524 4.638 4.551 6.336 6.086 7.274 6.651 5.505 5.238 4.595 5.300 4.520 7.039 8.377 11.241 18.004 24.040 33.386 39.490 35.661 27.213 19.595 9.478 3.016 0.000 0.000 0.000 0.000
-999.250 -999.250 -999.250 -999.250 -999.250 -999.250 -999.250 -999.250 -999.250 -999.250 -999.250 -999.250 -999.250 -999.250 -999.250 -999.250 -999.250 -999.250 -999.250 -999.250 -999.250 -999.250 -999.250 -999.250 -999.250 -999.250 -999.250 -999.250 -999.250 -999.250 0.000 0.000 0.000 0.000 0.000 0.000 0.000 1.948 3.200 5.334 4.806 6.428 5.118 5.657 4.490 4.058 4.853 3.253 3.589 2.306 2.004 2.381 4.626 3.841 3.694 6.888 11.349 20.856 31.459 47.838 38.225 28.537 18.835 8.646 2.345 0.000 0.000 0.000 0.000
-999.250 -999.250 -999.250 -999.250 -999.250 -999.250 -999.250 -999.250 -999.250 -999.250 -999.250 -999.250 -999.250 -999.250 -999.250 -999.250 -999.250 -999.250 -999.250 -999.250 -999.250 -999.250 -999.250 -999.250 -999.250 -999.250 -999.250 -999.250 -999.250 -999.250 0.000 0.000 0.000 0.000 0.000 0.348 3.452 2.080 5.259 8.407 8.846 7.867 6.874 7.230 5.024 4.914 5.022 2.527 1.216 0.189 0.000 0.000 0.000 0.061 0.065 3.036 5.083 10.732 21.091 31.670 29.179 22.746 15.713 6.704 0.000 0.000 0.000 0.000 0.000
-999.250 -999.250 -999.250 -999.250 -999.250 -999.250 -999.250 -999.250 -999.250 -999.250 -999.250 -999.250 -999.250 -999.250 -999.250 -999.250 -999.250 -999.250 -999.250 -999.250 -999.250 -999.250 -999.250 -999.250 -999.250 -999.250 -999.250 -999.250 -999.250 -999.250 0.000 0.000 0.000 0.000 0.261 0.730 2.596 5.018 8.206 9.827 13.582 10.640 8.521 5.999 5.177 3.816 3.433 0.054 0.209 0.000 0.000 0.000 0.000 0.000 0.000 0.000 0.000 0.000 9.780 17.413 19.802 13.707 9.215 5.489 0.000 0.000 0.000 0.000 0.000
-999.250 -999.250 -999.250 -999.250 -999.250 -999.250 -999.250 -999.250 -999.250 -999.250 -999.250 -999.250 -999.250 -999.250 -999.250 -999.250 -999.250 -999.250 -999.250 -999.250 -999.250 -999.250 -999.250 -999.250 -999.250 -999.250 -999.250 -999.250 -999.250 -999.250 0.000 0.000 0.000 0.000 1.251 2.677 5.624 6.112 8.535 12.240 19.994 13.464 9.846 7.752 5.437 3.785 3.438 2.208 0.261 0.000 0.000 0.000 0.000 0.000 0.000 0.000 0.000 0.000 5.197 10.588 11.813 8.574 5.844 1.467 0.000 0.000 0.000 0.000 0.000
-999.250 -999.250 -999.250 -999.250 -999.250 -999.250 -999.250 -999.250 -999.250 -999.250 -999.250 -999.250 -999.250 -999.250 -999.250 -999.250 -999.250 -999.250 -999.250 -999.250 -999.250 -999.250 -999.250 -999.250 -999.250 -999.250 -999.250 -999.250 -999.250 0.000 0.000 0.000 0.000 0.068 0.989 3.940 4.854 5.627 7.661 11.661 12.481 10.963 10.150 7.866 6.931 5.288 4.272 3.317 0.933 0.000 0.000 0.000 0.000 0.000 0.000 0.000 0.000 0.000 2.817 6.889 5.916 4.503 3.394 0.090 0.000 0.000 0.000 0.000 0.000
-999.250 -999.250 -999.250 -999.250 -999.250 -999.250 -999.250 -999.250 -999.250 -999.250 -999.250 -999.250 -999.250 -999.250 -999.250 -999.250 -999.250 -999.250 -999.250 -999.250 -999.250 -999.250 -999.250 -999.250 -999.250 -999.250 -999.250 -999.250 -999.250 0.000 0.000 0.000 0.000 0.000 0.742 2.589 3.603 4.462 5.368 8.408 9.738 8.641 9.423 7.283 7.308 5.986 6.290 5.415 4.019 0.084 0.000 0.000 0.000 0.000 0.000 0.000 0.000 0.000 0.000 2.184 1.555 0.867 1.737 0.000 0.000 0.000 0.000 0.000 0.000
-999.250 -999.250 -999.250 -999.250 -999.250 -999.250 -999.250 -999.250 -999.250 -999.250 -999.250 -999.250 -999.250 -999.250 -999.250 -999.250 -999.250 -999.250 -999.250 -999.250 -999.250 -999.250 -999.250 -999.250 -999.250 -999.250 -999.250 -999.250 -999.250 0.000 0.000 0.000 0.635 0.566 1.903 1.279 2.323 3.261 4.253 5.168 6.069 7.144 8.146 8.349 7.818 8.220 9.218 6.803 5.303 3.509 0.923 0.000 0.000 0.000 0.000 0.000 0.000 0.000 0.000 0.000 0.534 1.863 2.785 0.886 0.640 0.000 0.000 0.000 0.000
-999.250 -999.250 -999.250 -999.250 -999.250 -999.250 -999.250 -999.250 -999.250 -999.250 -999.250 -999.250 -999.250 -999.250 -999.250 -999.250 -999.250 -999.250 -999.250 -999.250 -999.250 -999.250 -999.250 -999.250 -999.250 -999.250 -999.250 -999.250 -999.250 0.000 1.045 0.781 1.355 1.088 0.677 0.957 0.882 1.275 3.457 2.766 4.922 7.245 6.938 9.672 10.073 10.048 11.611 9.329 7.468 6.584 3.789 0.000 0.000 0.000 0.000 0.000 0.000 0.000 0.000 0.000 3.828 3.519 4.665 5.092 3.630 4.197 2.182 1.804 1.442
-999.250 -999.250 -999.250 -999.250 -999.250 -999.250 -999.250 -999.250 -999.250 -999.250 -999.250 -999.250 -999.250 -999.250 -999.250 -999.250 -999.250 -999.250 -999.250 -999.250 -999.250 -999.250 -999.250 -999.250 -999.250 -999.250 -999.250 -999.250 1.454 0.361 4.097 3.059 2.464 2.404 1.739 0.000 0.000 0.403 2.450 4.256 5.437 6.194 6.940 9.587 12.065 14.036 15.770 13.246 9.043 7.449 4.372 0.000 0.000 0.000 0.000 0.000 0.000 0.000 0.000 2.790 2.820 4.415 7.739 8.815 7.851 5.587 4.381 3.053 1.919
-999.250 -999.250 -999.250 -999.250 -999.250 -999.250 -999.250 -999.250 -999.250 -999.250 -999.250 -999.250 -999.250 -999.250 -999.250 -999.250 -999.250 -999.250 -999.250 -999.250 -999.250 -999.250 -999.250 -999.250 -999.250 -999.250 -999.250 -999.250 4.418 4.698 4.701 3.833 3.549 3.912 1.864 0.000 0.000 0.394 1.537 4.500 5.038 6.434 8.178 9.593 15.931 19.336 23.106 15.755 8.552 7.029 3.587 1.505 0.000 0.000 0.000 0.000 0.000 0.000 0.000 3.979 5.463 6.435 10.046 11.027 10.815 9.307 6.570 3.741 2.546
-999.250 -999.250 -999.250 -999.250 -999.250 -999.250 -999.250 -999.250 -999.250 -999.250 -999.250 -999.250 -999.250 -999.250 -999.250 -999.250 -999.250 -999.250 -999.250 -999.250 -999.250 -999.250 -999.250 -999.250 -999.250 -999.250 -999.250 5.916 6.354 6.968 5.107 5.686 4.919 3.349 1.216 0.000 0.000 0.713 3.965 3.483 4.687 7.050 8.836 13.493 13.742 18.117 19.129 12.878 9.007 6.250 3.691 0.000 0.000 0.000 0.000 0.000 0.000 0.000 0.009 2.765 6.655 9.341 14.925 17.710 15.779 11.634 6.812 5.585 3.283
-999.250 -999.250 -999.250 -999.250 -999.250 -999.250 -999.250 -999.250 -999.250 -999.250 -999.250 -999.250 -999.250 -999.250 -999.250 -999.250 -999.250 -999.250 -999.250 -999.250 -999.250 -999.250 -999.250 -999.250 -999.250 -999.250 -999.250 6.408 7.297 7.366 7.115 6.867 5.994 5.817 2.939 0.000 0.000 0.831 2.850 3.503 4.923 6.996 10.622 12.731 14.743 18.098 16.565 11.308 8.658 6.123 4.265 1.140 0.000 0.000 0.000 0.000 0.000 0.000 0.000 1.721 7.509 10.519 17.252 27.238 20.247 14.641 7.771 4.554 3.710
-999.250 -999.250 -999.250 -999.250 -999.250 -999.250 -999.250 -999.250 -999.250 -999.250 -999.250 -999.250 -999.250 -999.250 -999.250 -999.250 -999.250 -999.250 -999.250 -999.250 -999.250 -999.250 -999.250 -999.250 -999.250 -999.250 -999.250 9.174 8.499 8.794 9.930 8.327 5.372 3.109 2.423 0.926 0.332 0.638 1.365 3.579 5.026 7.127 11.671 12.930 14.199 15.830 16.321 11.904 11.998 7.679 4.759 1.412 0.000 0.000 0.000 0.000 0.000 0.000 0.000 1.162 5.239 8.515 13.765 18.108 16.569 11.979 7.101 5.417 2.131
-999.250 -999.250 -999.250 -999.250 -999.250 -999.250 -999.250 -999.250 -999.250 -999.250 -999.250 -999.250 -999.250 -999.250 -999.250 -999.250 -999.250 -999.250 -999.250 -999.250 -999.250 -999.250 -999.250 -999.250 -999.250 -999.250 -999.250 7.129 8.930 11.376 15.320 9.486 6.876 3.930 2.482 2.003 0.771 2.420 2.133 4.653 5.670 6.393 10.721 12.743 14.484 14.691 13.326 13.611 10.528 7.519 5.718 4.626 0.897 0.000 0.000 0.000 0.000 0.000 0.000 0.000 1.656 4.900 8.299 9.649 10.117 9.394 5.926 4.059 2.599
-999.250 -999.250 -999.250 -999.250 -999.250 -999.250 -999.250 -999.250 -999.250 -999.250 -999.250 -999.250 -999.250 -999.250 -999.250 -999.250 -999.250 -999.250 -999.250 -999.250 -999.250 -999.250 -999.250 -999.250 -999.250 -999.250 -999.250 -999.250 8.289 9.680 9.081 7.445 6.317 3.622 1.246 0.859 1.517 2.553 3.242 6.050 5.370 8.243 12.078 14.654 14.474 15.542 14.328 14.143 9.903 7.508 6.010 2.991 1.762 0.342 0.000 0.000 0.000 0.000 0.000 0.000 0.000 1.166 4.254 7.289 6.764 4.999 4.824 3.714 2.549
-999.250 -999.250 -999.250 -999.250 -999.250 -999.250 -999.250 -999.250 -999.250 -999.250 -999.250 -999.250 -999.250 -999.250 -999.250 -999.250 -999.250 -999.250 -999.250 -999.250 -999.250 -999.250 -999.250 -999.250 -999.250 -999.250 -999.250 -999.250 6.172 6.781 7.220 6.170 5.435 2.454 1.874 2.241 0.698 3.004 4.867 5.486 6.826 9.543 12.106 13.919 16.486 17.144 16.357 12.870 9.655 7.182 5.487 4.013 1.667 1.958 1.276 1.312 0.000 0.000 0.000 0.000 0.000 0.000 1.473 3.967 4.645 2.788 3.214 1.076 0.000
-999.250 -999.250 -999.250 -999.250 -999.250 -999.250 -999.250 -999.250 -999.250 -999.250 -999.250 -999.250 -999.250 -999.250 -999.250 -999.250 -999.250 -999.250 -999.250 -999.250 -999.250 -999.250 -999.250 -999.250 -999.250 -999.250 -999.250 -999.250 4.407 5.150 5.136 5.355 3.989 2.188 5.662 1.861 2.286 1.875 6.294 6.930 8.422 9.512 11.553 15.032 18.530 18.278 15.653 13.011 9.090 6.424 6.353 5.937 2.107 0.631 1.979 5.828 2.997 0.000 0.000 0.000 0.000 0.000 0.000 1.184 1.488 1.757 0.545 0.000 0.000
-999.250 -999.250 -999.250 -999.250 -999.250 -999.250 -999.250 -999.250 -999.250 -999.250 -999.250 -999.250 -999.250 -999.250 -999.250 -999.250 -999.250 -999.250 -999.250 -999.250 -999.250 -999.250 -999.250 -999.250 -999.250 -999.250 -999.250 -999.250 4.302 5.884 4.464 2.157 3.441 2.755 2.906 4.246 3.162 3.654 6.694 8.326 8.411 10.360 13.243 16.492 18.897 22.557 15.855 12.777 7.238 5.441 5.053 7.869 4.204 0.000 0.000 0.480 0.000 0.000 0.000 0.000 0.000 0.000 0.000 0.000 1.498 2.271 0.885 1.212 0.000
-999.250 -999.250 -999.250 -999.250 -999.250 -999.250 -999.250 -999.250 -999.250 -999.250 -999.250 -999.250 -999.250 -999.250 -999.250 -999.250 -999.250 -999.250 -999.250 -999.250 -999.250 -999.250 -999.250 -999.250 -999.250 -999.250 -999.250 -999.250 3.900 4.572 4.663 2.515 3.524 3.389 3.431 4.238 3.877 5.518 6.244 7.799 9.155 9.858 13.310 13.913 16.672 16.967 14.021 8.064 5.638 5.040 3.087 2.883 1.127 0.000 0.000 0.000 0.000 0.000 0.000 0.000 0.000 0.000 0.000 0.000 0.325 1.948 3.892 5.846 4.422
-999.250 -999.250 -999.250 -999.250 -999.250 -999.250 -999.250 -999.250 -999.250 -999.250 -999.250 -999.250 -999.250 -999.250 -999.250 -999.250 -999.250 -999.250 -999.250 -999.250 -999.250 -999.250 -999.250 -999.250 -999.250 -999.250 -999.250 3.385 2.483 3.836 2.806 1.411 1.206 2.706 1.290 3.202 3.759 5.550 7.274 11.682 8.838 10.013 9.622 12.336 12.181 11.099 9.990 6.561 3.973 1.026 0.000 0.163 0.000 0.000 0.000 0.000 0.000 0.000 0.000 0.000 0.000 0.000 0.000 0.541 4.015 5.740 6.136 8.546 9.650
-999.250 -999.250 -999.250 -999.250 -999.250 -999.250 -999.250 -999.250 -999.250 -999.250 -999.250 -999.250 -999.250 -999.250 -999.250 -999.250 -999.250 -999.250 -999.250 -999.250 -999.250 -999.250 -999.250 -999.250 -999.250 -999.250 -999.250 2.554 3.684 3.086 1.646 1.481 1.707 1.500 2.566 3.342 4.928 6.181 6.727 7.682 7.233 8.463 8.928 8.040 7.107 8.604 5.128 2.669 0.000 0.000 0.000 0.000 0.000 0.000 0.000 0.000 0.000 0.000 0.000 0.000 0.000 0.000 0.000 2.593 6.138 8.713 11.137 12.886 13.614
-999.250 -999.250 -999.250 -999.250 -999.250 -999.250 -999.250 -999.250 -999.250 -999.250 -999.250 -999.250 -999.250 -999.250 -999.250 -999.250 -999.250 -999.250 -999.250 -999.250 -999.250 -999.250 -999.250 -999.250 -999.250 -999.250 -999.250 0.447 2.627 2.317 2.944 2.226 2.728 0.000 0.896 2.774 4.278 5.484 4.718 6.936 6.165 6.925 6.341 5.603 6.291 2.964 2.726 0.000 0.000 0.000 0.000 0.000 0.000 0.000 0.000 0.000 0.000 0.000 0.000 0.000 0.000 0.000 0.683 4.155 7.360 9.397 12.962 17.517 19.839
-999.250 -999.250 -999.250 -999.250 -999.250 -999.250 -999.250 -999.250 -999.250 -999.250 -999.250 -999.250 -999.250 -999.250 -999.250 -999.250 -999.250 -999.250 -999.250 -999.250 -999.250 -999.250 -999.250 -999.250 -999.250 -999.250 0.150 0.137 1.612 4.291 3.899 1.541 2.097 0.407 1.714 1.879 4.496 5.778 3.846 4.442 3.856 5.018 4.306 4.273 2.267 0.532 0.000 0.000 0.000 0.000 0.000 0.000 0.000 0.000 0.000 0.000 0.000 0.000 0.000 0.000 0.000 0.000 3.020 6.822 7.354 12.528 16.599 21.974 26.789
-999.250 -999.250 -999.250 -999.250 -999.250 -999.250 -999.250 -999.250 -999.250 -999.250 -999.250 -999.250 -999.250 -999.250 -999.250 -999.250 -999.250 -999.250 -999.250 -999.250 -999.250 -999.250 -999.250 -999.250 -999.250 -999.250 0.858 1.265 0.926 2.010 4.040 0.542 1.206 0.174 0.436 1.466 2.325 4.215 3.783 4.556 4.012 3.364 3.618 2.718 0.378 0.000 0.000 0.000 0.000 0.000 0.000 0.000 0.000 0.000 0.000 0.000 0.000 0.000 0.000 0.000 0.000 0.000 3.340 7.415 9.669 15.931 18.358 26.308 34.427
-999.250 -999.250 -999.250 -999.250 -999.250 -999.250 -999.250 -999.250 -999.250 -999.250 -999.250 -999.250 -999.250 -999.250 -999.250 -999.250 -999.250 -999.250 -999.250 -999.250 -999.250 -999.250 -999.250 -999.250 -999.250 -999.250 2.074 2.211 1.785 1.682 1.710 0.732 0.993 0.251 1.173 1.596 1.161 3.231 2.751 1.596 2.575 1.012 1.672 0.000 0.000 0.000 0.000 0.000 0.000 0.000 0.000 0.000 0.000 0.000 0.000 0.000 0.000 0.000 0.000 0.000 0.000 0.485 5.605 8.590 14.331 18.152 24.908 34.002 42.072
-999.250 -999.250 -999.250 -999.250 -999.250 -999.250 -999.250 -999.250 -999.250 -999.250 -999.250 -999.250 -999.250 -999.250 -999.250 -999.250 -999.250 -999.250 -999.250 -999.250 -999.250 -999.250 -999.250 -999.250 -999.250 1.432 1.215 3.406 4.311 3.953 3.096 2.556 1.158 1.254 0.264 1.240 1.215 1.555 3.194 0.789 1.263 0.088 0.000 0.000 0.000 0.000 0.000 0.000 0.000 0.000 0.000 0.000 0.000 0.000 0.000 0.000 0.000 0.000 0.000 0.000 0.000 2.190 6.931 9.905 14.551 21.683 31.571 38.746 47.345
-999.250 -999.250 -999.250 -999.250 -999.250 -999.250 -999.250 -999.250 -999.250 -999.250 -999.250 -999.250 -999.250 -999.250 -999.250 -999.250 -999.250 -999.250 -999.250 -999.250 -999.250 -999.250 -999.250 -999.250 -999.250 0.479 3.489 4.249 5.311 4.259 4.178 4.410 4.389 1.835 1.826 1.745 0.867 2.677 4.117 1.959 0.791 0.716 0.000 0.000 0.000 0.000 0.000 0.000 0.000 0.000 0.000 0.000 0.000 0.000 0.000 0.000 0.000 0.000 0.000 0.000 0.000 3.266 6.317 10.590 18.383 25.095 31.345 40.568 52.603
-999.250 -999.250 -999.250 -999.250 -999.250 -999.250 -999.250 -999.250 -999.250 -999.250 -999.250 -999.250 -999.250 -999.250 -999.250 -999.250 -999.250 -999.250 -999.250 -999.250 -999.250 -999.250 -999.250 -999.250 -999.250 3.559 5.720 4.984 5.904 4.696 4.724 5.053 5.038 4.521 2.884 3.812 1.879 2.991 5.830 1.852 1.149 0.000 0.000 0.000 0.000 0.000 0.000 0.000 0.000 0.000 0.000 0.000 0.000 0.000 0.000 0.000 0.000 0.000 0.000 0.000 0.000 3.289 7.132 10.650 17.507 24.113 29.531 36.157 49.117
