data/medianmodel_13-Oct-2020.asc
ncols	141
nrows	288
xllcorner	-120191.398
yllcorner	-301404.813
cellsize	2000.000
NODATA_value	-999.250
[rows 240 to 269 of 288, columns 0 to 66 of 141]
-999.250 -999.250 -999.250 -999.250 -999.250 -999.250 -999.250 -999.250 -999.250 -999.250 -999.250 -999.250 -999.250 -999.250 -999.250 -999.250 -999.250 -999.250 -999.250 -999.250 -999.250 -999.250 -999.250 -999.250 -999.250 -999.250 -999.250 -999.250 -999.250 -999.250 24.598 26.665 21.155 22.112 25.956 26.397 31.595 26.054 26.739 32.702 34.719 36.794 41.882 42.834 40.568 47.562 37.825 37.201 29.872 29.072 23.773 19.254 20.894 15.400 14.074 9.318 6.845 4.173 3.484 5.051 2.394 9.387 13.949 22.391 23.813 31.806 35.724
-999.250 -999.250 -999.250 -999.250 -999.250 -999.250 -999.250 -999.250 -999.250 -999.250 -999.250 -999.250 -999.250 -999.250 -999.250 -999.250 -999.250 -999.250 -999.250 -999.250 -999.250 -999.250 -999.250 -999.250 -999.250 -999.250 -999.250 -999.250 -999.250 -999.250 24.922 26.376 22.745 23.249 32.253 31.096 30.490 28.793 27.125 37.755 38.629 40.531 46.483 42.090 41.928 37.926 36.165 32.524 30.599 23.386 22.274 19.397 16.363 15.963 13.711 10.152 9.690 6.273 3.613 3.640 2.164 10.070 14.927 19.096 28.764 31.595 38.949
-999.250 -999.250 -999.250 -999.250 -999.250 -999.250 -999.250 -999.250 -999.250 -999.250 -999.250 -999.250 -999.250 -999.250 -999.250 -999.250 -999.250 -999.250 -999.250 -999.250 -999.250 -999.250 -999.250 -999.250 -999.250 -999.250 -999.250 -999.250 -999.250 -999.250 26.418 25.121 27.825 34.027 36.783 35.427 35.947 37.603 36.100 37.436 40.321 35.249 40.117 47.864 49.912 38.192 41.375 35.010 26.276 22.611 21.571 19.731 17.745 17.726 12.902 8.543 9.794 6.687 3.936 3.285 5.002 7.280 12.905 17.201 24.930 29.689 34.164
-999.250 -999.250 -999.250 -999.250 -999.250 -999.250 -999.250 -999.250 -999.250 -999.250 -999.250 -999.250 -999.250 -999.250 -999.250 -999.250 -999.250 -999.250 -999.250 -999.250 -999.250 -999.250 -999.250 -999.250 -999.250 -999.250 -999.250 -999.250 -999.250 -999.250 28.095 26.480 32.475 32.301 39.087 38.700 44.110 37.947 39.924 44.498 44.434 44.355 45.388 40.964 41.739 45.943 33.908 32.733 32.039 30.776 27.084 22.134 17.270 15.512 14.131 10.601 6.976 6.476 1.482 2.250 1.167 4.161 13.742 16.738 22.736 30.223 31.345
-999.250 -999.250 -999.250 -999.250 -999.250 -999.250 -999.250 -999.250 -999.250 -999.250 -999.250 -999.250 -999.250 -999.250 -999.250 -999.250 -999.250 -999.250 -999.250 -999.250 -999.250 -999.250 -999.250 -999.250 -999.250 -999.250 -999.250 -999.250 -999.250 -999.250 29.760 34.357 33.908 35.710 36.262 37.637 50.310 46.433 52.210 55.649 43.503 42.924 50.798 44.739 38.508 45.815 37.207 39.538 35.539 30.872 24.538 25.653 19.783 16.142 17.560 10.457 9.282 6.854 9.395 1.077 0.000 1.406 9.394 17.217 27.505 30.466 39.747
-999.250 -999.250 -999.250 -999.250 -999.250 -999.250 -999.250 -999.250 -999.250 -999.250 -999.250 -999.250 -999.250 -999.250 -999.250 -999.250 -999.250 -999.250 -999.250 -999.250 -999.250 -999.250 -999.250 -999.250 -999.250 -999.250 -999.250 -999.250 -999.250 -999.250 -999.250 38.646 38.478 41.024 42.576 48.836 56.282 55.982 56.557 66.192 56.983 47.268 52.650 46.962 44.491 48.086 43.524 40.914 35.436 34.234 26.292 26.865 21.017 17.492 17.225 11.809 9.714 9.750 6.276 7.361 0.000 0.000 4.527 13.512 21.096 28.528 33.523
-999.250 -999.250 -999.250 -999.250 -999.250 -999.250 -999.250 -999.250 -999.250 -999.250 -999.250 -999.250 -999.250 -999.250 -999.250 -999.250 -999.250 -999.250 -999.250 -999.250 -999.250 -999.250 -999.250 -999.250 -999.250 -999.250 -999.250 -999.250 -999.250 -999.250 -999.250 53.370 41.924 44.989 59.746 50.308 54.310 64.302 66.224 68.643 59.175 59.921 57.820 54.783 49.287 46.610 56.056 45.104 37.506 30.861 30.520 26.249 24.505 19.379 17.849 15.929 12.077 11.073 6.416 7.431 5.453 4.431 6.542 15.251 19.328 28.078 38.113
-999.250 -999.250 -999.250 -999.250 -999.250 -999.250 -999.250 -999.250 -999.250 -999.250 -999.250 -999.250 -999.250 -999.250 -999.250 -999.250 -999.250 -999.250 -999.250 -999.250 -999.250 -999.250 -999.250 -999.250 -999.250 -999.250 -999.250 -999.250 -999.250 -999.250 32.424 37.741 43.756 50.744 59.521 53.200 62.247 61.203 67.642 72.256 70.385 78.703 61.745 76.920 66.708 67.180 54.846 57.454 42.274 38.684 33.700 29.266 27.898 17.382 22.100 16.940 14.268 11.816 9.092 7.107 6.391 8.718 11.105 16.873 23.256 29.398 35.542
-999.250 -999.250 -999.250 -999.250 -999.250 -999.250 -999.250 -999.250 -999.250 -999.250 -999.250 -999.250 -999.250 -999.250 -999.250 -999.250 -999.250 -999.250 -999.250 -999.250 -999.250 -999.250 -999.250 -999.250 -999.250 -999.250 -999.250 -999.250 -999.250 -999.250 44.622 45.874 48.836 46.907 54.841 58.925 61.670 80.921 69.334 82.741 95.347 73.303 82.135 72.759 68.954 74.608 61.429 61.393 43.700 43.221 36.149 34.103 28.439 25.411 21.065 20.119 17.672 13.416 10.859 9.671 8.666 13.013 12.544 15.062 23.678 27.157 34.460
-999.250 -999.250 -999.250 -999.250 -999.250 -999.250 -999.250 -999.250 -999.250 -999.250 -999.250 -999.250 -999.250 -999.250 -999.250 -999.250 -999.250 -999.250 -999.250 -999.250 -999.250 -999.250 -999.250 -999.250 -999.250 -999.250 -999.250 -999.250 -999.250 -999.250 42.163 37.898 39.726 50.218 56.705 67.227 76.044 83.719 96.876 108.260 107.210 92.961 86.400 82.643 86.582 84.419 68.141 64.917 55.074 45.793 38.676 35.053 28.624 27.704 24.036 21.706 19.729 14.209 11.884 8.387 11.185 10.340 10.026 21.624 20.934 27.685 29.145
-999.250 -999.250 -999.250 -999.250 -999.250 -999.250 -999.250 -999.250 -999.250 -999.250 -999.250 -999.250 -999.250 -999.250 -999.250 -999.250 -999.250 -999.250 -999.250 -999.250 -999.250 -999.250 -999.250 -999.250 -999.250 -999.250 -999.250 -999.250 -999.250 -999.250 28.437 39.415 39.487 56.514 63.393 75.129 73.721 86.751 106.067 114.080 116.975 103.687 99.922 100.003 83.195 82.374 67.517 61.594 51.212 44.440 36.749 32.253 31.236 27.037 26.914 23.873 16.236 15.742 13.457 13.164 15.847 8.196 14.543 18.684 24.821 26.845 26.388
-999.250 -999.250 -999.250 -999.250 -999.250 -999.250 -999.250 -999.250 -999.250 -999.250 -999.250 -999.250 -999.250 -999.250 -999.250 -999.250 -999.250 -999.250 -999.250 -999.250 -999.250 -999.250 -999.250 -999.250 -999.250 -999.250 -999.250 -999.250 -999.250 -999.250 27.729 32.128 39.541 51.708 68.043 71.183 80.743 100.295 118.126 125.420 118.506 106.350 99.349 90.120 80.525 82.232 71.349 61.749 51.226 40.909 32.614 31.425 31.984 27.892 22.689 19.245 19.622 18.281 17.304 16.220 19.179 17.414 16.936 16.254 23.220 23.422 27.171
-999.250 -999.250 -999.250 -999.250 -999.250 -999.250 -999.250 -999.250 -999.250 -999.250 -999.250 -999.250 -999.250 -999.250 -999.250 -999.250 -999.250 -999.250 -999.250 -999.250 -999.250 -999.250 -999.250 -999.250 -999.250 -999.250 -999.250 -999.250 -999.250 25.072 25.288 28.780 39.055 54.564 62.462 67.232 75.737 102.891 98.510 110.367 107.199 104.812 80.268 78.804 56.051 65.626 72.293 47.408 55.480 45.139 35.306 30.820 25.437 29.980 21.206 21.688 19.715 19.332 17.287 18.863 20.294 20.445 13.226 17.732 21.465 27.313 22.788
-999.250 -999.250 -999.250 -999.250 -999.250 -999.250 -999.250 -999.250 -999.250 -999.250 -999.250 -999.250 -999.250 -999.250 -999.250 -999.250 -999.250 -999.250 -999.250 -999.250 -999.250 -999.250 -999.250 -999.250 -999.250 -999.250 -999.250 -999.250 -999.250 -999.250 34.370 35.060 47.245 64.790 61.256 70.058 76.191 91.968 91.713 89.790 90.869 79.205 75.335 69.969 70.559 68.501 56.476 43.966 53.022 41.296 36.392 30.041 25.203 27.909 26.020 19.112 20.707 18.785 16.729 17.477 16.554 15.612 12.085 9.111 12.538 12.902 19.864
-999.250 -999.250 -999.250 -999.250 -999.250 -999.250 -999.250 -999.250 -999.250 -999.250 -999.250 -999.250 -999.250 -999.250 -999.250 -999.250 -999.250 -999.250 -999.250 -999.250 -999.250 -999.250 -999.250 -999.250 -999.250 -999.250 -999.250 -999.250 -999.250 -999.250 39.478 40.146 55.896 59.379 69.179 68.257 70.905 83.908 89.484 95.916 96.636 88.285 67.064 69.373 68.711 67.166 49.828 50.024 42.421 32.385 33.593 28.405 30.154 26.191 26.941 24.193 19.735 19.622 18.179 16.498 12.367 9.043 7.221 8.169 12.671 13.417 20.517
-999.250 -999.250 -999.250 -999.250 -999.250 -999.250 -999.250 -999.250 -999.250 -999.250 -999.250 -999.250 -999.250 -999.250 -999.250 -999.250 -999.250 -999.250 -999.250 -999.250 -999.250 -999.250 -999.250 -999.250 -999.250 -999.250 -999.250 -999.250 -999.250 -999.250 -999.250 50.917 56.292 58.889 56.679 70.871 64.541 67.370 73.768 69.023 67.231 72.766 68.996 73.568 66.339 61.997 55.563 46.930 44.293 36.895 32.664 33.250 23.984 25.403 27.312 23.160 23.979 22.923 16.290 15.319 15.478 8.813 6.112 6.499 8.898 13.501 21.011
-999.250 -999.250 -999.250 -999.250 -999.250 -999.250 -999.250 -999.250 -999.250 -999.250 -999.250 -999.250 -999.250 -999.250 -999.250 -999.250 -999.250 -999.250 -999.250 -999.250 -999.250 -999.250 -999.250 -999.250 -999.250 -999.250 -999.250 -999.250 -999.250 -999.250 -999.250 52.430 60.546 56.578 58.582 64.856 69.100 77.424 63.787 61.871 57.063 64.417 68.782 66.951 65.994 68.472 62.595 48.763 42.980 40.444 32.124 31.985 27.977 29.567 29.692 29.074 25.541 20.630 21.104 17.245 11.924 8.439 5.190 2.858 4.940 18.042 23.323
-999.250 -999.250 -999.250 -999.250 -999.250 -999.250 -999.250 -999.250 -999.250 -999.250 -999.250 -999.250 -999.250 -999.250 -999.250 -999.250 -999.250 -999.250 -999.250 -999.250 -999.250 -999.250 -999.250 -999.250 -999.250 -999.250 -999.250 -999.250 -999.250 -999.250 48.864 57.258 56.437 61.689 57.865 59.400 64.385 66.677 65.870 75.208 64.588 58.980 58.801 66.494 70.571 71.902 50.757 46.948 41.070 37.846 31.595 26.866 30.949 29.475 29.390 28.772 23.536 25.129 21.319 14.909 14.787 12.189 7.766 5.851 0.000 18.817 24.641
-999.250 -999.250 -999.250 -999.250 -999.250 -999.250 -999.250 -999.250 -999.250 -999.250 -999.250 -999.250 -999.250 -999.250 -999.250 -999.250 -999.250 -999.250 -999.250 -999.250 -999.250 -999.250 -999.250 -999.250 -999.250 -999.250 -999.250 -999.250 -999.250 -999.250 35.284 52.135 60.970 56.600 54.009 57.369 60.802 64.131 68.128 61.393 55.308 52.151 43.989 62.977 66.837 62.169 55.820 43.840 42.312 36.570 34.547 31.000 30.487 27.720 29.065 32.739 29.315 22.918 20.912 19.318 20.205 18.644 15.043 14.910 13.396 25.408 43.000
-999.250 -999.250 -999.250 -999.250 -999.250 -999.250 -999.250 -999.250 -999.250 -999.250 -999.250 -999.250 -999.250 -999.250 -999.250 -999.250 -999.250 -999.250 -999.250 -999.250 -999.250 -999.250 -999.250 -999.250 -999.250 -999.250 -999.250 -999.250 -999.250 -999.250 38.880 47.469 51.064 50.698 50.772 57.928 65.026 57.293 61.960 57.587 55.705 52.575 52.051 55.186 62.332 55.400 43.449 44.109 37.833 33.712 45.682 37.637 38.224 28.661 30.908 27.810 24.872 22.728 21.772 20.847 18.459 20.530 22.642 21.618 23.875 37.221 58.663
-999.250 -999.250 -999.250 -999.250 -999.250 -999.250 -999.250 -999.250 -999.250 -999.250 -999.250 -999.250 -999.250 -999.250 -999.250 -999.250 -999.250 -999.250 -999.250 -999.250 -999.250 -999.250 -999.250 -999.250 -999.250 -999.250 -999.250 -999.250 -999.250 -999.250 43.379 48.314 45.064 48.210 47.538 50.949 53.300 52.623 47.211 53.743 51.164 53.250 50.089 48.823 46.106 49.841 39.659 43.060 46.050 35.387 36.972 31.175 32.611 29.957 25.151 31.637 26.711 25.354 26.748 26.297 28.062 29.510 29.231 34.614 37.277 46.602 61.233
-999.250 -999.250 -999.250 -999.250 -999.250 -999.250 -999.250 -999.250 -999.250 -999.250 -999.250 -999.250 -999.250 -999.250 -999.250 -999.250 -999.250 -999.250 -999.250 -999.250 -999.250 -999.250 -999.250 -999.250 -999.250 -999.250 -999.250 -999.250 -999.250 -999.250 31.243 36.282 40.276 40.497 40.181 39.016 45.735 44.317 50.457 48.580 47.713 44.112 45.748 47.429 48.179 45.943 43.183 36.112 38.198 37.410 34.962 33.545 32.145 30.408 31.808 32.627 33.693 33.280 34.658 34.511 32.997 37.918 33.577 37.266 55.613 58.949 70.541
-999.250 -999.250 -999.250 -999.250 -999.250 -999.250 -999.250 -999.250 -999.250 -999.250 -999.250 -999.250 -999.250 -999.250 -999.250 -999.250 -999.250 -999.250 -999.250 -999.250 -999.250 -999.250 -999.250 -999.250 -999.250 -999.250 -999.250 -999.250 -999.250 -999.250 27.303 32.194 38.618 36.807 41.480 38.896 40.462 51.767 46.325 43.773 41.845 44.053 41.234 49.347 44.388 45.295 53.926 46.663 39.966 39.078 34.835 37.111 38.434 28.642 37.808 34.067 35.389 36.680 39.790 50.891 45.772 43.407 39.604 50.785 51.381 72.758 92.806
-999.250 -999.250 -999.250 -999.250 -999.250 -999.250 -999.250 -999.250 -999.250 -999.250 -999.250 -999.250 -999.250 -999.250 -999.250 -999.250 -999.250 -999.250 -999.250 -999.250 -999.250 -999.250 -999.250 -999.250 -999.250 -999.250 -999.250 -999.250 -999.250 22.430 23.263 28.325 31.254 32.347 33.242 28.556 37.140 35.409 46.830 39.911 40.585 47.489 53.901 45.298 38.841 48.164 44.660 49.286 46.733 37.379 39.509 42.599 40.761 40.280 43.639 46.437 44.264 40.827 52.028 53.616 50.762 64.177 56.615 50.527 57.071 67.834 96.400
-999.250 -999.250 -999.250 -999.250 -999.250 -999.250 -999.250 -999.250 -999.250 -999.250 -999.250 -999.250 -999.250 -999.250 -999.250 -999.250 -999.250 -999.250 -999.250 -999.250 -999.250 -999.250 -999.250 -999.250 -999.250 -999.250 -999.250 -999.250 -999.250 17.509 18.617 15.789 21.065 20.194 27.968 33.110 31.300 38.024 43.595 40.531 41.226 51.268 42.893 41.244 37.237 41.453 40.254 42.204 40.215 42.978 45.299 36.196 37.599 41.804 39.440 41.578 43.487 42.597 54.693 56.781 62.074 61.466 56.374 57.649 70.807 86.362 101.345
-999.250 -999.250 -999.250 -999.250 -999.250 -999.250 -999.250 -999.250 -999.250 -999.250 -999.250 -999.250 -999.250 -999.250 -999.250 -999.250 -999.250 -999.250 -999.250 -999.250 -999.250 -999.250 -999.250 -999.250 -999.250 -999.250 -999.250 -999.250 17.443 13.018 12.824 10.899 17.675 23.598 25.909 24.239 31.081 34.783 36.958 39.270 38.219 48.747 45.728 49.070 44.635 41.505 38.946 38.275 40.739 38.403 32.347 43.602 30.908 35.653 41.291 41.061 56.039 52.115 66.646 57.121 65.906 66.844 68.824 75.790 84.466 97.776 99.770
-999.250 -999.250 -999.250 -999.250 -999.250 -999.250 -999.250 -999.250 -999.250 -999.250 -999.250 -999.250 -999.250 -999.250 -999.250 -999.250 -999.250 -999.250 -999.250 -999.250 -999.250 -999.250 -999.250 -999.250 -999.250 -999.250 -999.250 -999.250 17.050 7.239 8.674 7.996 9.344 19.481 22.904 20.219 28.046 29.034 33.985 34.862 39.051 37.702 42.309 37.708 38.905 33.090 36.692 38.724 39.964 36.603 40.037 40.095 44.236 34.947 37.266 46.949 46.737 49.342 63.794 71.877 65.638 63.891 76.768 86.747 88.703 99.269 108.022
-999.250 -999.250 -999.250 -999.250 -999.250 -999.250 -999.250 -999.250 -999.250 -999.250 -999.250 -999.250 -999.250 -999.250 -999.250 -999.250 -999.250 -999.250 -999.250 -999.250 -999.250 -999.250 -999.250 -999.250 -999.250 -999.250 -999.250 22.793 11.031 3.015 0.000 2.734 10.365 20.259 22.836 23.065 26.140 30.383 34.114 35.092 39.393 41.474 43.224 40.650 41.213 35.671 36.904 35.157 33.888 36.002 34.395 34.878 41.278 42.021 45.435 40.057 42.679 52.418 65.385 74.421 80.092 71.657 72.564 90.650 101.429 99.972 92.610
-999.250 -999.250 -999.250 -999.250 -999.250 -999.250 -999.250 -999.250 -999.250 -999.250 -999.250 -999.250 -999.250 -999.250 -999.250 -999.250 -999.250 -999.250 -999.250 -999.250 -999.250 -999.250 -999.250 -999.250 -999.250 -999.250 -999.250 19.951 13.295 3.189 0.000 1.003 8.510 20.769 29.070 29.188 30.557 32.031 32.161 33.178 34.613 33.586 37.225 39.156 40.891 41.559 35.094 31.872 34.116 37.623 31.170 32.191 38.910 36.606 49.144 44.692 50.023 55.318 63.703 81.426 87.397 88.739 75.901 88.448 83.690 92.969 99.063
-999.250 -999.250 -999.250 -999.250 -999.250 -999.250 -999.250 -999.250 -999.250 -999.250 -999.250 -999.250 -999.250 -999.250 -999.250 -999.250 -999.250 -999.250 -999.250 -999.250 -999.250 -999.250 -999.250 -999.250 -999.250 -999.250 -999.250 18.375 14.182 8.633 7.021 9.767 14.782 17.470 20.967 27.868 30.077 31.813 31.479 29.838 27.789 31.111 39.243 40.864 41.920 38.863 28.959 35.964 30.185 36.670 25.629 28.057 36.411 41.281 45.036 50.802 50.865 53.432 58.746 83.694 71.912 81.193 94.080 89.898 79.456 76.993 91.984
