data/medianmodel_02-Nov-2020.asc
ncols	141
nrows	288
xllcorner	-120191.398
yllcorner	-301404.813
cellsize	2000.000
NODATA_value	-999.250
[rows 174 to 202 of 288, columns 0 to 64 of 141]
-999.250 -999.250 -999.250 -999.250 329.804 326.244 332.701 333.086 303.110 306.892 254.505 273.380 269.618 239.561 236.607 270.647 243.427 256.683 250.347 272.515 313.201 340.923 360.106 371.495 369.026 364.199 337.777 341.773 351.646 321.432 308.569 281.511 284.863 280.320 248.559 220.907 237.039 228.781 201.317 213.081 191.459 202.018 193.328 176.746 190.726 175.257 158.770 147.321 139.669 125.159 127.088 127.844 115.387 131.708 130.170 112.164 94.891 101.141 82.781 92.012 83.145 98.762 93.429 107.258 102.700
-999.250 -999.250 -999.250 -999.250 315.545 318.354 313.913 340.279 338.821 310.343 306.017 288.705 275.513 242.426 251.441 274.331 282.474 277.273 265.910 298.735 343.568 339.264 338.932 309.736 337.252 325.005 329.224 310.281 297.887 297.116 298.211 268.227 263.311 257.660 225.342 200.910 211.435 237.658 222.049 187.506 202.647 171.064 180.564 180.126 165.929 179.702 159.973 173.287 136.521 143.137 122.642 123.589 126.828 121.035 112.176 91.357 79.711 72.470 73.155 77.676 77.749 88.041 95.604 97.521 123.433
-999.250 -999.250 -999.250 -999.250 353.378 346.021 362.709 365.497 357.118 323.175 316.650 306.136 287.131 285.118 266.806 272.661 299.851 280.087 305.437 323.550 337.826 339.128 338.343 322.411 329.488 338.861 307.022 318.468 322.555 283.852 292.426 289.721 254.655 242.066 232.506 221.197 218.628 222.659 226.150 217.510 191.965 177.505 176.632 165.989 170.962 165.888 162.636 161.115 161.325 152.122 129.396 135.342 119.726 133.036 103.082 81.386 73.132 48.333 63.074 73.065 76.840 76.977 81.925 98.351 98.871
-999.250 -999.250 -999.250 -999.250 350.758 336.847 341.524 362.860 361.671 353.188 330.474 290.369 279.944 275.884 277.302 270.114 302.360 315.834 334.291 343.123 368.158 373.141 377.837 341.774 350.818 366.349 346.584 330.253 317.651 299.755 289.364 261.730 291.560 247.359 230.957 225.194 242.851 229.853 232.263 195.343 174.494 182.862 178.100 165.542 176.556 164.635 160.826 173.245 163.161 154.340 140.898 138.097 132.924 120.793 99.363 94.761 66.004 61.174 63.870 76.172 70.077 76.634 82.284 81.619 81.523
-999.250 -999.250 -999.250 -999.250 364.830 338.222 326.662 351.731 354.691 340.858 314.153 311.768 304.962 323.097 301.670 318.821 336.968 337.949 360.925 373.710 396.080 381.374 372.961 379.998 343.308 351.657 348.794 360.006 334.676 344.735 302.057 270.333 246.074 259.658 245.166 231.776 236.600 231.733 225.257 198.219 194.881 182.646 178.995 174.867 184.628 178.533 160.281 162.237 145.222 150.481 149.747 137.516 131.300 119.941 110.848 87.261 86.347 72.812 78.507 86.941 77.816 82.229 87.188 78.850 88.231
-999.250 -999.250 -999.250 339.195 382.463 345.493 321.065 334.364 350.254 349.115 322.722 326.930 326.313 344.820 346.249 341.918 327.142 322.429 353.839 355.743 440.979 409.030 367.270 381.930 348.125 357.418 346.768 301.329 324.429 334.749 310.668 280.383 284.510 242.757 240.296 250.487 223.165 237.779 205.919 196.560 194.241 193.258 190.175 211.744 194.917 177.043 181.206 155.486 139.430 153.538 145.425 135.537 128.644 122.960 128.635 103.760 90.806 90.602 83.303 85.301 91.818 85.241 82.733 88.697 95.544
-999.250 -999.250 -999.250 334.473 353.741 340.049 333.447 326.851 342.060 321.725 310.176 329.511 354.498 339.963 341.554 342.867 323.917 328.505 376.365 386.846 385.682 393.878 369.631 364.067 364.596 373.088 359.888 331.227 322.398 290.072 327.897 299.396 245.609 267.898 255.690 225.995 210.697 213.958 201.580 186.487 194.936 207.113 205.324 213.056 200.971 189.400 184.449 159.734 149.775 154.656 148.080 128.908 137.340 125.847 138.773 122.443 117.896 98.706 94.280 89.754 89.595 81.636 86.292 99.725 86.628
-999.250 -999.250 -999.250 311.094 322.063 345.404 323.947 326.730 312.469 339.488 339.932 342.410 348.869 342.018 339.444 343.212 358.518 356.788 373.971 360.953 378.962 386.550 361.401 377.607 360.421 347.796 359.191 370.148 329.398 307.992 321.278 302.915 269.387 261.181 245.787 228.857 218.569 220.997 207.532 205.072 206.163 202.673 187.757 183.879 200.465 177.366 187.469 165.084 158.636 157.858 158.543 156.583 154.803 134.237 136.604 116.832 123.668 96.302 100.352 87.716 83.216 81.442 79.272 91.800 92.854
-999.250 -999.250 301.273 311.635 338.047 327.926 317.599 324.992 335.541 335.403 353.318 369.881 355.039 346.366 364.865 375.410 368.406 364.927 379.259 384.169 346.359 376.228 368.736 339.171 365.946 345.073 345.360 379.403 347.894 332.865 328.927 289.192 282.531 265.496 244.932 232.821 225.452 234.438 229.221 215.377 197.815 182.352 180.482 188.416 193.183 169.861 166.293 154.534 171.592 156.522 176.016 154.592 149.428 143.878 140.547 135.366 122.820 108.211 108.619 93.232 101.140 80.131 79.545 88.546 94.989
-999.250 -999.250 276.708 302.325 341.355 336.665 280.904 320.664 319.135 334.410 330.308 337.924 373.161 364.357 364.081 379.321 375.194 359.575 365.781 365.352 -999.250 348.033 337.569 364.564 333.542 339.095 312.472 322.188 345.405 333.312 291.784 275.817 292.624 275.793 242.059 225.806 229.906 242.370 213.043 210.753 206.708 189.193 178.305 187.374 156.011 159.078 160.628 171.425 137.274 170.102 153.618 159.043 165.973 163.060 177.240 147.155 130.489 120.878 103.294 120.521 103.947 81.179 88.165 81.229 91.475
-999.250 255.453 293.379 310.960 319.495 301.904 310.087 341.213 305.267 325.450 325.046 345.619 351.060 361.133 361.756 384.144 401.522 375.197 402.195 -999.250 -999.250 343.621 336.151 338.150 330.458 311.606 299.550 295.876 323.947 322.043 287.710 289.567 263.474 237.941 218.250 215.446 227.185 222.021 218.375 201.289 192.502 170.001 154.858 140.946 143.431 143.013 166.261 171.950 147.233 162.069 153.719 168.086 163.320 177.764 170.897 188.461 150.506 118.561 109.349 95.836 93.970 89.165 90.463 81.846 82.339
-999.250 289.107 292.569 312.395 288.540 316.071 330.960 334.149 330.970 348.945 331.326 344.805 367.151 393.958 394.995 421.448 425.818 400.724 -999.250 -999.250 -999.250 -999.250 321.832 317.666 306.429 273.705 275.973 303.732 290.692 291.197 282.570 276.854 251.042 224.432 204.033 203.800 202.940 193.281 200.258 190.467 162.891 142.350 141.188 144.055 125.332 137.207 167.016 151.207 166.504 151.122 169.910 177.689 197.857 192.712 177.065 180.971 167.204 140.749 127.768 119.192 98.635 101.540 82.833 76.610 77.721
286.944 346.828 325.105 291.925 295.238 289.585 335.018 339.405 350.910 355.900 348.056 344.174 355.515 365.665 392.660 409.192 435.111 384.945 -999.250 -999.250 -999.250 -999.250 -999.250 259.391 270.989 254.463 246.094 250.961 243.477 257.333 271.980 256.902 248.922 237.354 218.098 201.514 193.284 190.531 188.586 170.403 159.645 164.860 138.611 136.150 139.447 150.953 142.886 145.053 157.849 148.118 172.069 185.931 197.214 186.639 174.402 187.307 178.346 147.421 135.520 115.148 105.912 108.446 85.789 77.069 72.263
-999.250 330.968 307.486 313.255 314.788 333.503 328.207 331.109 344.550 336.561 341.683 327.677 315.036 380.026 392.582 408.415 438.089 384.217 -999.250 -999.250 -999.250 -999.250 280.930 278.114 233.876 238.136 241.621 225.307 227.584 248.103 244.398 233.511 234.160 242.496 216.568 187.572 193.930 183.052 181.954 172.540 149.890 147.974 151.019 138.563 130.988 125.701 138.014 144.336 144.119 160.279 180.284 190.274 191.629 209.991 190.319 191.753 167.355 155.949 145.607 125.691 118.322 91.778 74.897 78.498 76.569
-999.250 336.716 335.866 346.346 339.347 332.061 353.488 353.194 349.316 335.355 318.417 334.236 357.007 376.945 400.228 473.391 442.547 401.038 -999.250 -999.250 -999.250 258.589 -999.250 234.647 226.819 231.262 228.020 205.932 210.688 235.065 227.456 219.923 224.230 241.536 220.591 189.956 177.302 191.165 159.493 151.215 158.463 150.981 122.562 118.207 108.252 123.808 127.874 139.193 129.362 143.379 165.779 183.445 198.535 202.118 203.505 174.639 170.169 154.134 162.285 142.031 123.392 121.014 96.239 97.133 96.887
-999.250 353.043 354.955 348.113 336.756 324.135 360.012 324.452 355.954 349.122 356.633 357.397 362.248 387.858 418.012 440.023 422.874 -999.250 -999.250 -999.250 -999.250 225.370 202.032 206.340 218.379 228.059 215.937 214.970 212.263 220.723 224.173 229.705 240.164 214.577 217.324 183.325 190.119 180.478 168.207 144.262 124.601 138.597 116.233 93.434 91.496 111.186 127.542 127.841 136.954 158.248 165.863 179.572 204.922 196.568 208.836 194.880 192.651 176.772 178.109 154.981 138.525 119.000 121.104 121.412 115.714
-999.250 351.391 371.179 375.922 371.143 375.107 363.299 362.628 375.861 370.381 381.834 382.170 362.192 411.459 412.730 415.606 373.940 -999.250 -999.250 -999.250 271.538 226.435 183.983 206.555 207.823 213.808 219.915 215.217 197.099 217.390 248.631 253.819 239.704 229.509 210.917 204.785 191.776 187.853 154.828 144.551 134.583 106.882 96.995 99.486 87.779 91.789 115.719 126.129 136.455 143.348 161.832 169.626 171.219 200.658 199.401 206.685 218.333 201.311 191.341 189.749 159.054 157.027 136.807 142.438 122.542
-999.250 -999.250 -999.250 377.894 -999.250 -999.250 376.427 348.608 368.316 -999.250 -999.250 -999.250 368.484 383.284 -999.250 -999.250 -999.250 -999.250 -999.250 -999.250 229.566 215.589 187.201 217.802 216.902 222.761 224.248 222.036 219.328 221.397 220.347 238.631 238.242 206.304 194.147 190.580 180.616 160.334 163.798 146.845 136.642 108.719 99.590 88.436 73.717 76.461 90.896 108.879 129.678 149.596 166.694 171.550 185.662 196.463 206.944 219.336 218.042 226.314 204.946 192.228 185.022 183.166 155.248 132.917 129.759
-999.250 -999.250 -999.250 -999.250 -999.250 -999.250 -999.250 -999.250 -999.250 -999.250 -999.250 -999.250 -999.250 366.125 376.894 374.453 -999.250 -999.250 -999.250 220.718 227.290 218.998 211.465 230.157 240.856 253.203 259.269 266.496 249.269 237.108 257.182 233.718 242.913 210.970 210.279 193.736 191.263 170.161 158.445 140.261 117.755 108.201 87.332 91.449 68.005 44.425 71.150 111.274 115.939 145.317 158.122 180.856 189.919 204.726 202.476 214.247 219.663 232.061 228.255 212.557 208.460 185.392 184.158 163.841 158.301
-999.250 -999.250 -999.250 -999.250 -999.250 -999.250 -999.250 -999.250 -999.250 -999.250 -999.250 344.847 371.791 367.191 366.431 369.737 -999.250 -999.250 239.903 199.609 215.275 223.799 233.342 248.639 295.220 308.947 314.811 306.481 266.132 272.277 263.306 249.542 258.689 238.104 227.296 204.865 200.825 179.103 160.488 136.838 119.709 100.330 103.550 75.469 67.234 76.901 74.054 100.821 127.726 150.729 163.790 178.527 203.132 222.218 204.935 221.360 236.467 246.893 231.810 215.525 197.764 193.375 184.955 166.103 164.996
-999.250 -999.250 -999.250 -999.250 -999.250 -999.250 -999.250 -999.250 -999.250 -999.250 -999.250 322.317 342.617 324.647 341.954 349.362 309.051 271.822 243.577 222.311 219.650 242.210 259.669 267.958 289.993 341.216 370.318 337.071 301.256 285.713 285.691 289.319 266.679 238.397 234.262 227.674 197.029 187.617 177.564 142.646 134.101 131.194 95.495 84.821 81.771 79.151 99.480 106.144 123.922 145.644 172.789 188.110 189.379 207.855 211.440 229.273 242.432 249.126 240.628 222.105 199.179 188.402 197.150 172.955 176.019
-999.250 -999.250 -999.250 -999.250 -999.250 -999.250 -999.250 -999.250 -999.250 -999.250 -999.250 -999.250 310.495 331.461 337.317 302.248 281.368 271.975 249.703 243.839 223.964 252.188 274.485 301.253 315.544 345.687 361.068 362.975 335.076 306.519 334.999 336.415 289.814 254.550 245.330 251.156 227.211 197.440 168.759 146.416 130.216 133.094 117.213 104.779 97.108 100.025 103.618 126.122 118.368 153.843 169.832 193.370 198.558 219.099 234.566 222.573 248.664 257.704 248.561 226.451 210.096 203.104 197.474 189.902 189.242
-999.250 -999.250 -999.250 -999.250 -999.250 -999.250 -999.250 -999.250 -999.250 -999.250 -999.250 -999.250 -999.250 334.140 316.773 276.271 278.274 284.387 262.532 262.132 276.131 270.764 293.806 321.562 332.206 348.505 373.499 354.008 344.694 350.473 334.485 337.323 328.102 267.868 278.942 229.900 222.856 220.514 202.916 190.572 153.344 134.926 120.053 92.905 102.809 118.333 106.194 119.621 126.084 149.926 169.585 204.095 204.755 222.289 228.266 217.808 217.530 238.529 252.528 209.586 211.652 207.180 211.113 187.112 202.706
-999.250 -999.250 -999.250 -999.250 -999.250 -999.250 -999.250 -999.250 -999.250 -999.250 -999.250 -999.250 -999.250 294.332 318.166 313.024 249.821 300.258 293.986 286.750 288.939 292.378 309.705 318.088 326.938 372.824 370.356 377.997 357.154 356.470 350.060 349.546 324.373 312.548 315.324 265.345 237.497 216.354 204.648 184.659 164.968 146.543 141.693 136.411 135.477 133.401 139.305 124.593 146.013 158.543 166.687 199.482 222.689 213.676 207.461 206.362 227.629 216.864 211.256 209.701 203.067 189.284 190.301 204.654 198.445
-999.250 -999.250 -999.250 -999.250 -999.250 -999.250 -999.250 -999.250 -999.250 -999.250 -999.250 -999.250 -999.250 296.328 288.611 286.093 283.639 326.460 304.108 325.033 318.729 333.065 335.170 349.027 365.200 328.905 370.365 413.439 377.658 396.220 374.106 369.079 318.440 305.776 304.605 277.569 242.706 249.718 218.399 206.933 190.717 158.835 157.873 156.300 148.239 151.266 128.174 129.786 163.810 157.562 171.939 203.159 224.882 226.526 210.770 194.452 224.993 198.168 207.991 195.604 201.201 182.370 189.877 200.978 192.790
-999.250 -999.250 -999.250 -999.250 -999.250 -999.250 -999.250 -999.250 -999.250 -999.250 -999.250 -999.250 -999.250 -999.250 309.533 323.218 300.137 314.587 335.532 323.715 326.364 320.348 336.794 344.737 327.530 313.686 340.159 397.013 398.190 373.604 376.281 357.488 316.437 321.348 322.364 288.968 264.943 230.435 204.348 210.820 182.111 179.821 165.179 166.456 164.096 151.117 134.500 143.906 160.489 160.602 182.939 188.440 204.882 204.980 195.052 204.193 207.973 210.114 195.955 194.349 193.497 195.194 184.423 179.278 195.999
-999.250 -999.250 -999.250 -999.250 -999.250 -999.250 -999.250 -999.250 -999.250 -999.250 -999.250 -999.250 -999.250 -999.250 325.789 306.370 292.610 314.626 321.475 318.983 323.953 331.166 339.324 342.237 344.351 337.428 358.292 395.935 432.570 394.351 390.977 354.170 301.392 331.025 326.158 288.679 262.312 258.631 220.560 205.781 181.278 167.223 180.894 190.815 166.022 151.577 141.070 140.021 171.423 160.384 165.893 182.600 213.406 206.317 197.560 203.577 207.553 197.789 199.163 209.163 202.672 172.378 181.298 182.346 195.683
-999.250 -999.250 -999.250 -999.250 -999.250 -999.250 -999.250 -999.250 -999.250 -999.250 -999.250 -999.250 -999.250 -999.250 320.216 319.549 291.686 303.711 321.941 324.404 337.692 339.626 329.734 312.014 335.352 341.791 364.738 383.849 410.785 384.073 381.372 361.717 308.034 331.868 287.732 302.378 300.362 255.822 235.210 215.041 187.187 194.653 195.573 164.907 168.768 162.379 158.807 167.788 160.785 178.839 182.572 206.855 206.637 208.473 189.022 202.523 194.783 190.776 199.498 202.585 177.108 174.020 190.977 203.076 179.998
-999.250 -999.250 -999.250 -999.250 -999.250 -999.250 -999.250 -999.250 -999.250 -999.250 -999.250 -999.250 -999.250 -999.250 323.397 354.302 323.265 291.749 306.882 324.596 340.468 330.928 327.999 338.732 328.498 -999.250 337.108 360.541 347.998 364.604 349.211 346.904 323.254 331.792 266.817 295.510 269.041 228.127 238.211 217.792 193.019 198.136 193.040 182.298 182.956 184.695 172.534 164.885 193.261 183.016 206.417 199.544 207.155 212.196 200.316 201.455 194.099 203.309 187.958 193.519 191.954 213.510 210.027 180.208 182.704
