data/medianmodel_04-Aug-2020.asc
ncols	141
nrows	288
xllcorner	-120191.398
yllcorner	-301404.813
cellsize	2000.000
NODATA_value	-999.250
[rows 150 to 179 of 288, columns 0 to 67 of 141]
-999.250 -999.250 -999.250 -999.250 -999.250 -999.250 -999.250 -999.250 -999.250 -999.250 -999.250 -999.250 4.235 7.248 7.953 7.632 14.085 16.473 19.294 21.376 21.870 22.040 15.984 12.675 9.469 10.897 8.765 6.357 5.417 5.102 3.550 1.319 0.000 0.000 0.614 0.000 1.712 5.172 10.229 18.144 30.739 41.263 64.354 89.286 104.276 97.575 75.431 44.462 22.000 11.412 4.597 0.000 0.000 0.000 0.000 2.199 7.281 16.171 27.786 36.230 50.100 70.872 83.471 109.039 149.181 175.200 190.411 215.268
-999.250 -999.250 -999.250 -999.250 -999.250 -999.250 -999.250 -999.250 -999.250 -999.250 -999.250 1.952 2.870 3.820 6.644 8.758 12.164 15.631 21.868 24.274 27.620 22.954 17.072 15.482 10.369 8.999 8.254 7.922 5.539 4.752 4.070 1.981 2.048 1.756 2.135 3.522 4.230 7.723 14.083 27.599 37.588 50.930 64.966 84.899 94.072 93.650 65.641 39.177 24.407 11.952 3.356 0.000 0.000 0.000 0.000 1.226 5.748 14.270 24.575 33.597 49.446 64.964 88.915 116.731 120.534 168.430 181.248 191.625
-999.250 -999.250 -999.250 -999.250 -999.250 -999.250 -999.250 -999.250 -999.250 -999.250 0.000 0.177 1.849 2.596 5.442 7.829 11.019 18.806 23.897 30.964 26.635 24.114 17.851 13.955 9.205 8.783 9.627 8.062 5.748 6.636 4.967 4.735 3.389 4.162 6.197 5.309 7.515 11.842 19.386 29.457 40.304 46.577 60.125 76.940 79.092 67.123 46.491 34.584 18.119 8.596 1.214 0.000 0.000 0.000 0.000 0.000 4.355 10.157 20.851 37.852 43.013 58.494 80.539 109.513 128.527 155.129 160.920 173.804
-999.250 -999.250 -999.250 -999.250 -999.250 -999.250 -999.250 -999.250 -999.250 0.000 1.273 0.237 1.070 1.990 4.548 8.439 9.635 17.752 22.253 34.674 28.636 20.094 16.820 11.410 10.199 8.775 7.161 6.711 6.026 6.623 5.900 5.463 4.506 5.471 7.152 8.138 10.643 15.091 25.243 27.028 37.479 42.371 58.243 62.335 60.196 47.897 36.292 21.995 12.132 5.236 0.022 0.000 0.000 0.000 0.000 0.000 5.877 10.430 19.395 34.707 43.987 57.637 74.316 93.672 118.958 130.839 157.789 156.438
-999.250 -999.250 -999.250 -999.250 -999.250 4.005 3.773 1.594 0.413 0.000 0.629 1.140 0.075 0.484 3.412 4.931 7.201 11.678 19.681 22.468 18.367 17.575 13.290 10.864 9.149 8.124 6.799 5.162 5.671 5.480 5.120 5.347 6.520 6.619 6.661 9.841 9.864 14.502 21.237 27.906 32.999 44.136 46.393 50.585 43.778 35.652 21.746 13.194 6.745 4.004 0.000 0.000 0.000 0.000 0.000 0.000 4.963 8.550 18.850 30.180 38.324 51.408 60.962 78.145 103.147 120.465 127.900 146.844
-999.250 -999.250 -999.250 -999.250 -999.250 -999.250 -999.250 4.536 3.923 3.352 3.027 2.589 0.367 0.792 0.690 2.115 4.877 7.178 11.686 13.721 12.716 10.907 9.221 8.110 7.055 9.814 6.238 5.231 3.604 4.669 4.256 3.971 5.926 6.854 8.216 9.239 11.125 15.855 17.995 23.881 29.273 36.886 38.547 35.998 35.847 22.202 13.679 8.481 4.612 1.104 0.000 0.000 0.000 0.000 0.000 0.000 3.696 8.085 15.914 21.569 28.155 42.551 56.761 73.385 96.781 103.163 108.919 119.004
-999.250 -999.250 -999.250 -999.250 -999.250 -999.250 -999.250 7.134 6.055 5.445 5.531 4.016 3.934 1.962 0.446 0.177 1.149 3.803 5.847 8.079 7.054 5.080 5.702 4.352 5.742 5.206 4.775 3.533 3.765 3.792 3.345 5.103 6.930 9.799 9.491 8.306 11.357 16.373 16.535 20.125 24.575 30.263 32.403 26.746 24.843 16.199 8.474 4.983 1.055 0.000 0.000 0.000 0.000 0.000 0.000 0.000 2.775 5.445 11.939 19.864 23.081 38.635 43.518 54.708 70.521 84.907 102.701 101.913
-999.250 -999.250 -999.250 -999.250 -999.250 -999.250 -999.250 9.164 11.183 10.207 8.047 7.566 6.255 4.235 1.394 0.213 0.000 1.530 3.104 4.339 3.716 2.524 3.024 2.857 3.772 3.365 2.477 3.060 3.518 4.505 4.277 4.469 7.639 10.735 9.645 11.260 11.371 13.912 14.803 18.955 20.810 22.759 18.989 20.661 15.700 10.815 6.562 3.864 0.000 0.000 0.000 0.000 0.000 0.000 0.000 0.000 1.639 5.248 9.700 15.106 21.343 30.854 39.281 51.023 58.197 70.899 75.928 76.871
-999.250 -999.250 -999.250 -999.250 -999.250 -999.250 -999.250 14.661 14.679 17.765 13.974 11.533 9.093 5.231 1.325 0.000 0.000 0.000 0.000 1.304 1.302 1.458 1.067 0.312 2.566 1.466 3.288 2.753 1.850 3.612 3.401 4.456 5.426 9.045 10.687 12.018 12.489 12.574 14.100 16.100 16.506 20.835 15.591 13.403 10.320 6.573 3.688 1.679 0.000 0.000 0.000 0.000 0.000 0.000 0.000 0.000 0.000 3.778 8.655 12.801 23.786 26.354 31.425 35.460 52.211 60.252 72.981 68.860
-999.250 -999.250 -999.250 -999.250 -999.250 -999.250 -999.250 -999.250 26.896 27.021 20.612 16.799 11.489 6.328 2.890 0.000 0.000 0.000 0.000 0.006 0.346 0.022 0.000 0.761 0.295 0.658 1.750 2.256 3.067 2.133 5.141 5.957 6.134 7.538 9.870 12.911 13.542 13.130 12.820 15.995 15.609 14.590 13.396 9.298 6.620 4.675 2.911 0.002 0.000 0.000 0.000 0.000 0.000 0.000 0.000 0.000 0.000 3.213 7.854 10.463 12.850 21.278 28.380 31.865 41.934 46.824 56.840 61.739
-999.250 -999.250 -999.250 -999.250 -999.250 -999.250 -999.250 -999.250 29.262 38.677 30.511 20.169 13.896 7.440 2.739 0.000 0.000 0.000 0.000 0.000 1.701 0.432 0.202 0.000 0.442 0.974 1.333 3.309 4.121 3.662 4.242 5.000 7.094 8.199 9.328 12.894 14.350 13.713 12.464 11.930 13.850 14.166 8.563 6.832 4.734 3.339 0.449 0.000 0.000 0.000 0.000 0.000 0.000 0.000 0.000 0.000 0.000 1.603 5.356 7.009 10.021 14.080 19.227 26.013 34.965 40.016 39.151 42.139
-999.250 -999.250 -999.250 -999.250 -999.250 -999.250 -999.250 20.581 25.925 33.814 27.765 18.413 10.924 7.282 3.260 0.000 0.000 0.000 0.000 1.597 2.496 2.804 1.453 0.003 1.327 1.297 2.986 4.036 3.606 3.585 4.347 4.593 6.486 6.237 10.197 14.624 20.898 16.129 11.362 10.376 9.808 8.890 6.832 5.397 2.185 0.698 0.000 0.000 0.000 0.000 0.000 0.000 0.000 0.000 0.000 0.000 0.000 0.387 2.027 4.945 6.988 8.363 13.252 18.188 21.395 28.633 31.628 35.692
-999.250 -999.250 -999.250 -999.250 -999.250 -999.250 -999.250 19.013 20.367 24.817 23.154 18.447 15.203 9.668 4.912 2.819 1.844 1.081 0.944 3.543 7.314 4.751 3.264 3.202 2.455 2.422 3.257 4.429 3.836 4.212 4.771 5.113 6.104 7.012 8.324 10.281 12.549 12.425 11.369 10.185 7.710 5.185 2.565 3.087 0.629 0.000 0.000 0.000 0.000 0.000 0.000 0.000 0.000 0.000 0.000 0.000 0.000 0.000 0.000 1.698 3.171 5.327 6.468 9.981 12.720 21.621 23.096 26.030
-999.250 -999.250 -999.250 -999.250 -999.250 -999.250 -999.250 18.125 22.382 19.839 18.365 15.091 11.517 11.426 7.229 4.384 3.815 3.742 3.969 4.664 6.125 5.473 5.758 4.847 5.111 5.333 5.256 6.413 5.518 6.045 5.505 5.441 7.895 7.197 6.156 7.825 9.312 10.251 13.306 9.535 6.315 4.138 2.346 1.043 0.000 0.000 0.000 0.000 0.000 0.000 0.000 0.000 0.000 0.000 0.000 0.000 0.000 0.000 0.000 0.000 0.000 2.836 3.613 6.291 9.771 13.282 15.432 16.050
-999.250 -999.250 -999.250 -999.250 -999.250 -999.250 -999.250 17.094 19.385 17.230 14.248 13.441 13.148 10.576 10.064 7.447 6.142 6.810 7.638 6.395 7.467 6.131 6.314 6.225 7.146 8.368 8.871 10.069 7.047 7.645 7.646 8.526 6.955 6.117 5.860 6.239 7.355 9.253 9.016 6.981 5.599 2.896 0.588 0.030 0.000 0.000 0.000 0.000 0.000 0.000 0.000 0.000 0.000 0.000 0.000 0.000 0.000 0.000 0.000 0.000 0.000 0.000 0.586 2.197 5.075 7.836 9.984 11.299
-999.250 -999.250 -999.250 -999.250 -999.250 -999.250 14.049 15.587 19.218 16.989 18.009 14.834 14.494 16.880 15.796 15.619 13.550 12.566 10.029 9.038 9.311 6.719 6.849 7.367 8.062 10.054 12.361 12.197 10.814 10.097 9.627 12.582 8.284 5.670 4.878 5.016 5.747 6.347 5.271 5.419 4.348 3.719 2.288 0.500 0.000 0.000 0.000 0.000 0.000 0.000 0.000 0.000 0.000 0.000 0.000 0.000 0.000 0.000 0.000 0.000 0.000 0.000 0.000 1.104 3.918 5.316 6.475 5.623
-999.250 -999.250 -999.250 -999.250 -999.250 -999.250 16.995 18.360 20.319 20.685 20.639 17.247 22.514 23.293 23.439 21.595 21.296 19.173 14.458 12.479 12.574 10.898 9.013 8.140 9.056 10.985 16.150 19.510 18.003 10.257 11.006 8.301 6.763 5.215 4.951 5.005 5.746 3.950 4.763 3.888 4.004 3.694 2.400 0.889 0.000 0.000 0.000 0.000 0.000 0.000 0.000 0.000 0.000 0.000 0.000 0.000 0.000 0.000 0.000 0.000 0.000 0.000 0.000 0.000 0.000 1.452 3.067 3.558
-999.250 -999.250 -999.250 -999.250 -999.250 15.066 16.086 15.864 22.460 20.973 23.931 22.156 29.220 35.827 34.968 35.568 29.442 28.470 23.818 21.539 18.228 13.320 10.426 10.553 10.945 12.425 21.853 30.815 19.151 14.201 10.564 7.951 6.860 4.515 4.047 2.529 2.564 3.292 4.580 3.344 2.746 3.100 1.662 0.000 0.000 0.000 0.000 0.000 0.000 0.000 0.000 0.000 0.000 0.000 0.000 0.000 0.000 0.000 0.000 0.000 0.000 0.000 0.000 0.000 0.000 0.000 0.000 0.000
-999.250 -999.250 -999.250 -999.250 -999.250 20.218 21.347 25.898 22.497 24.078 30.935 31.835 38.348 42.443 44.105 49.115 47.151 38.298 35.691 31.479 23.506 15.826 13.191 10.172 11.747 15.272 19.822 22.748 20.049 13.573 10.532 8.575 7.294 4.376 2.346 0.906 0.000 1.419 1.496 1.749 1.478 0.050 0.716 0.000 0.000 0.000 0.000 0.000 0.000 0.000 0.000 0.000 0.000 0.000 0.000 0.000 0.000 0.000 0.000 0.000 0.000 0.000 0.000 0.000 0.000 0.000 0.000 0.000
-999.250 -999.250 -999.250 -999.250 20.277 21.244 23.246 27.859 30.782 32.090 37.801 43.153 47.239 49.828 61.980 58.319 62.493 52.311 43.984 40.550 29.913 17.400 15.893 13.230 14.027 14.577 17.624 18.207 19.422 15.949 11.383 9.669 6.914 4.324 1.187 0.000 0.000 0.000 0.000 0.081 0.077 0.000 0.000 0.000 0.000 0.000 0.000 0.000 0.000 0.000 0.000 0.000 0.000 0.000 0.000 0.000 0.000 0.000 0.000 0.000 0.000 0.000 0.000 0.000 0.000 0.000 0.000 0.000
-999.250 -999.250 -999.250 -999.250 21.834 24.438 20.168 32.595 36.964 37.629 43.034 51.431 62.126 66.971 79.725 80.315 81.286 67.270 58.644 45.773 34.516 25.746 20.430 14.514 15.938 14.822 16.998 15.607 14.256 12.412 12.318 10.232 6.785 4.673 2.205 0.000 0.000 0.000 0.000 0.000 0.000 0.000 0.000 0.000 0.000 0.000 0.000 0.000 0.000 0.000 0.000 0.000 0.000 0.000 0.000 0.000 0.000 0.000 0.000 0.000 0.000 0.000 0.000 0.000 0.000 0.000 0.000 0.000
-999.250 -999.250 -999.250 -999.250 29.628 27.751 32.410 39.143 42.124 45.179 61.650 66.787 76.268 94.025 96.455 111.655 99.477 89.886 72.911 60.901 36.512 29.027 27.686 18.948 15.680 18.659 16.938 14.219 13.839 12.821 14.682 11.026 6.806 5.293 3.372 0.691 0.000 0.000 0.000 0.000 0.000 0.000 0.000 0.000 0.000 0.000 0.000 0.000 0.000 0.000 0.000 0.000 0.000 0.000 0.000 0.000 0.000 0.000 0.000 0.000 0.000 0.000 0.000 0.000 0.000 0.000 0.000 0.000
-999.250 -999.250 -999.250 -999.250 31.247 34.708 35.283 47.651 45.809 53.357 63.521 75.549 89.477 104.366 116.171 142.738 151.873 112.091 81.400 60.814 43.773 34.854 24.897 22.791 18.787 19.249 21.818 17.418 16.932 12.478 14.501 12.263 10.698 6.923 4.235 4.696 0.195 0.000 0.000 0.000 0.000 0.000 0.000 0.000 0.000 0.000 0.000 0.000 0.000 0.000 0.000 0.000 0.000 0.000 0.000 0.000 0.000 0.000 0.000 0.000 0.000 0.000 0.000 0.000 0.000 0.000 0.000 0.000
-999.250 -999.250 -999.250 -999.250 38.105 39.175 44.142 46.264 49.014 50.791 70.716 80.172 96.675 118.651 135.921 163.655 178.387 130.030 95.660 61.746 41.902 36.642 28.077 25.370 21.849 21.485 20.177 21.370 22.105 20.637 20.361 18.771 12.546 9.120 6.419 5.212 2.446 0.077 0.558 0.000 0.352 0.000 0.000 0.000 0.000 0.000 0.000 0.000 0.000 0.000 0.000 0.000 0.000 0.000 0.000 0.000 0.000 0.000 0.000 0.000 0.000 0.000 0.000 0.000 0.000 0.000 0.000 0.000
-999.250 -999.250 -999.250 -999.250 39.841 42.266 47.360 57.599 61.322 60.665 74.038 93.363 106.566 125.660 142.962 154.756 147.491 130.114 91.306 58.396 40.008 35.872 34.487 29.454 26.342 25.688 24.970 28.880 32.330 29.103 24.407 19.642 16.026 12.892 8.082 6.429 6.209 3.997 2.156 2.261 1.969 1.237 0.000 0.000 0.000 0.000 0.000 0.000 0.000 0.000 0.000 0.000 0.000 0.000 0.000 0.000 0.000 0.000 0.000 0.000 0.000 0.000 0.000 0.776 0.122 1.006 0.300 0.530
-999.250 -999.250 -999.250 -999.250 48.142 47.120 55.282 63.984 67.762 66.955 75.109 89.473 108.041 126.880 135.033 122.315 124.353 107.998 79.943 60.167 39.275 35.833 34.613 29.843 31.302 30.476 34.465 35.800 38.607 39.044 30.933 23.975 20.792 15.784 12.561 9.608 8.774 5.466 5.512 3.883 2.738 3.382 2.352 2.280 0.000 0.000 0.000 0.000 0.000 0.000 0.000 0.000 0.000 0.000 0.000 0.000 0.000 0.000 0.000 0.000 0.000 0.000 1.852 2.950 4.509 5.288 3.893 4.098
-999.250 -999.250 -999.250 -999.250 39.268 45.793 64.887 74.278 71.317 74.548 76.274 90.567 105.296 111.708 113.060 103.721 107.678 89.688 67.299 50.904 44.226 38.042 33.424 32.250 39.292 38.308 39.649 42.224 44.134 39.790 35.224 36.092 30.728 27.042 19.491 14.331 12.973 9.184 7.245 6.846 4.288 3.819 4.142 5.724 1.151 0.000 0.000 0.000 0.000 0.000 0.000 0.000 0.000 0.000 0.000 0.000 0.000 0.000 0.000 0.000 0.845 2.818 3.700 5.954 7.258 8.295 7.298 7.069
-999.250 -999.250 -999.250 -999.250 43.214 48.613 51.920 69.185 74.422 73.670 79.617 82.048 92.309 93.207 98.612 93.452 85.576 75.598 60.812 48.620 40.175 38.783 38.912 44.136 40.110 39.767 45.182 48.008 51.436 45.095 41.888 38.184 34.964 33.905 26.439 22.242 16.740 11.674 11.875 8.198 5.650 4.440 4.553 4.092 2.002 0.000 0.000 0.000 0.000 0.000 0.000 0.000 0.000 0.000 0.000 0.000 0.000 0.000 0.000 0.725 3.206 5.588 7.610 8.011 10.676 12.235 13.124 13.916
-999.250 -999.250 -999.250 -999.250 46.103 47.933 58.841 61.443 68.111 81.206 72.145 85.588 85.110 93.724 87.620 81.740 77.308 72.716 62.756 48.584 42.465 46.290 42.087 45.812 47.792 43.218 54.651 52.107 51.987 48.895 50.764 42.460 36.708 36.251 33.679 26.316 23.208 19.002 13.289 11.997 10.553 6.877 5.162 3.147 2.289 0.000 0.000 0.000 0.000 0.000 0.000 0.000 0.000 0.000 0.000 0.000 0.000 0.090 2.836 3.266 6.232 8.913 10.002 12.176 14.269 18.239 18.937 17.020
-999.250 -999.250 -999.250 53.073 50.305 52.959 63.531 65.757 73.518 82.159 77.332 83.155 83.861 80.234 76.190 77.148 73.458 68.038 57.575 49.709 54.946 45.573 46.486 44.296 44.706 50.250 57.247 61.189 61.173 59.420 56.768 52.076 43.647 39.030 36.994 36.005 26.018 22.291 18.377 12.634 10.289 10.265 5.935 5.050 2.301 0.000 0.000 0.000 0.000 0.000 0.000 0.000 0.000 0.000 0.000 0.000 1.714 4.428 5.683 8.865 10.880 10.598 13.183 17.000 26.920 22.131 22.401 29.108
