data/medianmodel_09-Sep-2020.asc
ncols	141
nrows	288
xllcorner	-120191.398
yllcorner	-301404.813
cellsize	2000.000
NODATA_value	-999.250
[rows 217 to 247 of 288, columns 0 to 68 of 141]
-999.250 -999.250 -999.250 -999.250 -999.250 -999.250 -999.250 -999.250 -999.250 -999.250 -999.250 -999.250 -999.250 -999.250 -999.250 -999.250 -999.250 -999.250 -999.250 -999.250 -999.250 -999.250 -999.250 -999.250 -999.250 -999.250 -999.250 -999.250 -999.250 -999.250 -999.250 46.012 48.704 51.165 45.288 50.602 44.791 46.628 44.498 52.995 50.035 48.611 42.887 34.988 30.495 22.727 21.723 15.081 13.000 11.084 8.668 6.120 2.528 0.000 0.000 0.000 0.000 0.000 0.000 0.000 0.000 0.000 0.000 0.000 0.000 0.000 0.000 0.000 2.446
-999.250 -999.250 -999.250 -999.250 -999.250 -999.250 -999.250 -999.250 -999.250 -999.250 -999.250 -999.250 -999.250 -999.250 -999.250 -999.250 -999.250 -999.250 -999.250 -999.250 -999.250 -999.250 -999.250 -999.250 -999.250 -999.250 -999.250 -999.250 -999.250 -999.250 -999.250 43.408 47.718 47.596 48.292 45.041 44.929 48.140 47.639 50.155 54.373 56.758 48.198 39.811 31.162 26.471 22.320 17.700 15.890 12.217 8.829 5.509 1.276 0.611 0.000 0.000 0.000 0.000 0.000 0.000 0.000 0.000 0.000 0.000 0.000 0.000 0.000 3.609 4.505
-999.250 -999.250 -999.250 -999.250 -999.250 -999.250 -999.250 -999.250 -999.250 -999.250 -999.250 -999.250 -999.250 -999.250 -999.250 -999.250 -999.250 -999.250 -999.250 -999.250 -999.250 -999.250 -999.250 -999.250 -999.250 -999.250 -999.250 -999.250 -999.250 -999.250 -999.250 42.898 45.261 44.216 44.308 44.000 46.507 46.453 49.005 48.915 55.112 61.480 48.481 39.419 33.025 26.329 22.603 18.508 15.978 11.716 7.808 3.875 2.472 0.815 0.000 0.000 0.000 0.000 0.000 0.000 0.000 0.000 0.000 0.000 0.000 0.000 0.817 4.567 7.631
-999.250 -999.250 -999.250 -999.250 -999.250 -999.250 -999.250 -999.250 -999.250 -999.250 -999.250 -999.250 -999.250 -999.250 -999.250 -999.250 -999.250 -999.250 -999.250 -999.250 -999.250 -999.250 -999.250 -999.250 -999.250 -999.250 -999.250 -999.250 -999.250 -999.250 -999.250 41.364 41.557 44.482 41.786 40.733 43.068 42.272 45.817 45.489 49.473 49.772 45.205 37.997 32.962 24.395 21.517 17.615 15.828 11.424 7.310 5.801 3.056 0.000 0.000 0.000 0.000 0.000 0.000 0.000 0.000 0.000 0.000 0.000 0.000 0.070 2.516 5.334 10.443
-999.250 -999.250 -999.250 -999.250 -999.250 -999.250 -999.250 -999.250 -999.250 -999.250 -999.250 -999.250 -999.250 -999.250 -999.250 -999.250 -999.250 -999.250 -999.250 -999.250 -999.250 -999.250 -999.250 -999.250 -999.250 -999.250 -999.250 -999.250 -999.250 -999.250 -999.250 40.695 41.774 43.269 44.941 43.867 44.873 44.202 43.477 44.041 43.040 44.404 39.884 35.569 29.412 23.602 18.559 16.779 14.097 11.290 8.519 5.003 2.296 0.878 0.000 0.000 0.000 0.000 0.000 0.000 0.000 0.000 0.000 0.000 0.000 0.781 2.954 7.675 10.802
-999.250 -999.250 -999.250 -999.250 -999.250 -999.250 -999.250 -999.250 -999.250 -999.250 -999.250 -999.250 -999.250 -999.250 -999.250 -999.250 -999.250 -999.250 -999.250 -999.250 -999.250 -999.250 -999.250 -999.250 -999.250 -999.250 -999.250 -999.250 -999.250 -999.250 -999.250 36.938 37.532 39.578 40.815 41.951 42.041 39.614 40.193 41.500 36.855 35.278 33.657 30.299 28.235 23.472 18.542 14.905 11.696 10.357 8.648 7.076 3.672 0.579 0.000 0.000 0.000 0.000 0.000 0.000 0.000 0.000 0.000 0.000 0.017 2.973 5.852 7.788 8.838
-999.250 -999.250 -999.250 -999.250 -999.250 -999.250 -999.250 -999.250 -999.250 -999.250 -999.250 -999.250 -999.250 -999.250 -999.250 -999.250 -999.250 -999.250 -999.250 -999.250 -999.250 -999.250 -999.250 -999.250 -999.250 -999.250 -999.250 -999.250 -999.250 -999.250 33.347 33.408 36.681 36.212 37.805 35.475 38.907 37.516 36.386 38.502 33.671 32.303 28.169 24.074 25.183 19.834 17.272 14.162 10.612 9.389 7.447 6.576 3.721 2.274 0.000 0.000 0.000 0.000 0.000 0.000 0.000 0.000 0.000 0.000 0.029 3.673 6.443 7.165 8.981
-999.250 -999.250 -999.250 -999.250 -999.250 -999.250 -999.250 -999.250 -999.250 -999.250 -999.250 -999.250 -999.250 -999.250 -999.250 -999.250 -999.250 -999.250 -999.250 -999.250 -999.250 -999.250 -999.250 -999.250 -999.250 -999.250 -999.250 -999.250 -999.250 -999.250 34.716 33.154 35.234 36.655 36.966 35.345 35.129 35.810 34.600 35.510 33.022 29.509 29.421 23.215 21.705 19.572 16.024 12.134 11.518 7.664 6.899 6.228 4.834 1.384 0.395 0.000 0.000 0.000 0.000 0.000 0.000 0.000 0.000 0.000 1.859 0.985 4.734 6.237 8.464
-999.250 -999.250 -999.250 -999.250 -999.250 -999.250 -999.250 -999.250 -999.250 -999.250 -999.250 -999.250 -999.250 -999.250 -999.250 -999.250 -999.250 -999.250 -999.250 -999.250 -999.250 -999.250 -999.250 -999.250 -999.250 -999.250 -999.250 -999.250 -999.250 -999.250 39.260 35.452 36.830 35.044 35.731 35.777 33.987 32.826 32.956 29.927 31.093 27.615 22.238 21.168 20.958 18.395 13.869 11.711 9.591 7.937 5.513 4.518 2.908 0.000 0.000 0.000 0.000 0.000 0.000 0.000 0.000 0.000 0.000 0.000 0.000 2.379 4.777 6.497 7.522
-999.250 -999.250 -999.250 -999.250 -999.250 -999.250 -999.250 -999.250 -999.250 -999.250 -999.250 -999.250 -999.250 -999.250 -999.250 -999.250 -999.250 -999.250 -999.250 -999.250 -999.250 -999.250 -999.250 -999.250 -999.250 -999.250 -999.250 -999.250 -999.250 -999.250 36.837 36.868 35.538 39.384 35.003 35.216 34.463 31.720 29.487 28.118 28.266 27.285 23.628 20.442 18.685 16.642 15.081 11.483 10.033 6.674 4.801 2.458 0.119 0.000 0.000 0.000 0.000 0.000 0.000 0.000 0.000 0.000 0.000 0.000 0.000 0.607 2.810 6.431 8.841
-999.250 -999.250 -999.250 -999.250 -999.250 -999.250 -999.250 -999.250 -999.250 -999.250 -999.250 -999.250 -999.250 -999.250 -999.250 -999.250 -999.250 -999.250 -999.250 -999.250 -999.250 -999.250 -999.250 -999.250 -999.250 -999.250 -999.250 -999.250 -999.250 39.163 40.717 39.998 38.417 35.768 36.372 33.242 31.633 29.929 27.679 30.020 26.488 20.730 26.154 19.596 16.076 15.868 12.898 10.094 10.744 7.274 4.929 3.133 0.449 0.000 0.000 0.000 0.000 0.000 0.000 0.000 0.000 0.000 0.000 0.000 0.000 0.698 1.549 3.585 5.966
-999.250 -999.250 -999.250 -999.250 -999.250 -999.250 -999.250 -999.250 -999.250 -999.250 -999.250 -999.250 -999.250 -999.250 -999.250 -999.250 -999.250 -999.250 -999.250 -999.250 -999.250 -999.250 -999.250 -999.250 -999.250 -999.250 -999.250 -999.250 -999.250 41.313 42.772 40.865 40.568 37.426 37.865 33.637 33.103 31.121 25.581 23.008 23.972 22.371 19.942 18.153 17.933 14.346 13.039 10.317 10.468 7.913 5.592 1.402 0.475 0.000 0.000 0.000 0.000 0.000 0.000 0.000 0.000 0.000 0.000 0.000 0.000 0.466 2.145 4.405 4.223
-999.250 -999.250 -999.250 -999.250 -999.250 -999.250 -999.250 -999.250 -999.250 -999.250 -999.250 -999.250 -999.250 -999.250 -999.250 -999.250 -999.250 -999.250 -999.250 -999.250 -999.250 -999.250 -999.250 -999.250 -999.250 -999.250 -999.250 -999.250 46.180 45.786 43.680 44.843 46.021 40.163 38.763 36.102 34.733 30.121 25.975 22.502 18.496 16.963 17.711 16.488 16.924 14.832 11.939 10.636 9.875 6.226 5.682 3.037 0.075 0.000 0.000 0.000 0.000 0.000 0.000 0.000 0.000 0.000 0.000 0.000 0.000 1.388 1.716 1.899 3.334
-999.250 -999.250 -999.250 -999.250 -999.250 -999.250 -999.250 -999.250 -999.250 -999.250 -999.250 -999.250 -999.250 -999.250 -999.250 -999.250 -999.250 -999.250 -999.250 -999.250 -999.250 -999.250 -999.250 -999.250 -999.250 -999.250 -999.250 -999.250 44.697 49.702 49.194 48.838 45.680 46.175 39.586 37.763 32.064 27.240 24.017 21.500 19.415 15.673 17.987 17.395 13.953 14.431 12.501 11.095 9.160 7.030 4.546 1.402 0.000 0.000 0.000 0.000 0.000 0.000 0.000 0.000 0.000 0.000 0.000 0.000 0.000 0.413 1.538 2.719 3.931
-999.250 -999.250 -999.250 -999.250 -999.250 -999.250 -999.250 -999.250 -999.250 -999.250 -999.250 -999.250 -999.250 -999.250 -999.250 -999.250 -999.250 -999.250 -999.250 -999.250 -999.250 -999.250 -999.250 -999.250 -999.250 -999.250 -999.250 42.856 45.736 54.371 57.072 53.018 48.309 41.792 40.820 37.532 32.984 27.372 24.856 21.453 17.855 15.272 13.398 15.006 15.478 12.054 11.483 8.191 4.050 4.563 4.231 1.497 0.179 0.000 0.000 0.000 0.000 0.000 0.000 0.000 0.000 0.000 0.000 0.022 1.136 2.964 3.811 2.504 4.178
-999.250 -999.250 -999.250 -999.250 -999.250 -999.250 -999.250 -999.250 -999.250 -999.250 -999.250 -999.250 -999.250 -999.250 -999.250 -999.250 -999.250 -999.250 -999.250 -999.250 -999.250 -999.250 -999.250 -999.250 -999.250 -999.250 -999.250 44.474 50.294 52.053 57.974 65.622 52.228 46.700 41.142 36.519 33.995 27.991 26.207 23.289 18.575 15.927 18.193 13.838 12.551 9.506 9.352 6.631 5.262 3.374 0.454 0.294 0.000 0.000 0.000 0.000 0.000 0.000 0.000 0.000 0.000 0.000 0.000 0.824 0.433 4.252 3.265 3.609 5.709
-999.250 -999.250 -999.250 -999.250 -999.250 -999.250 -999.250 -999.250 -999.250 -999.250 -999.250 -999.250 -999.250 -999.250 -999.250 -999.250 -999.250 -999.250 -999.250 -999.250 -999.250 -999.250 -999.250 -999.250 -999.250 -999.250 -999.250 -999.250 44.497 50.620 53.489 57.115 49.521 43.058 38.269 37.052 34.245 29.484 22.831 20.150 18.068 18.694 17.908 14.519 13.484 12.072 9.416 6.461 4.761 5.913 0.362 0.000 0.000 0.000 0.000 0.000 0.000 0.000 0.000 1.722 1.729 0.351 0.003 0.193 4.376 2.949 3.688 4.622 6.774
-999.250 -999.250 -999.250 -999.250 -999.250 -999.250 -999.250 -999.250 -999.250 -999.250 -999.250 -999.250 -999.250 -999.250 -999.250 -999.250 -999.250 -999.250 -999.250 -999.250 -999.250 -999.250 -999.250 -999.250 -999.250 -999.250 -999.250 -999.250 -999.250 -999.250 49.205 52.886 49.412 45.853 43.429 40.684 36.727 31.886 24.565 24.237 23.122 20.913 18.049 15.321 14.114 11.022 10.730 8.107 6.319 3.321 0.209 2.143 0.000 0.524 0.000 0.258 0.500 0.850 1.002 3.106 3.367 3.193 1.563 1.627 4.889 6.588 6.219 8.151 8.272
-999.250 -999.250 -999.250 -999.250 -999.250 -999.250 -999.250 -999.250 -999.250 -999.250 -999.250 -999.250 -999.250 -999.250 -999.250 -999.250 -999.250 -999.250 -999.250 -999.250 -999.250 -999.250 -999.250 -999.250 -999.250 -999.250 -999.250 -999.250 -999.250 -999.250 45.864 49.954 47.566 45.057 44.104 41.093 40.124 31.698 29.118 26.552 28.022 24.727 19.024 18.879 13.572 10.373 10.426 7.430 4.407 3.037 3.349 1.901 1.406 1.772 0.385 1.293 0.930 4.675 4.985 7.175 5.666 6.022 3.985 3.556 5.354 5.960 6.848 9.176 7.847
-999.250 -999.250 -999.250 -999.250 -999.250 -999.250 -999.250 -999.250 -999.250 -999.250 -999.250 -999.250 -999.250 -999.250 -999.250 -999.250 -999.250 -999.250 -999.250 -999.250 -999.250 -999.250 -999.250 -999.250 -999.250 -999.250 -999.250 -999.250 -999.250 -999.250 49.087 45.677 43.115 44.609 43.121 40.811 39.115 34.199 32.393 27.383 26.612 25.691 25.138 18.923 14.678 12.772 10.204 7.278 6.880 1.564 3.454 2.602 1.066 3.250 1.497 2.482 3.112 6.009 7.359 12.126 9.488 6.378 6.038 5.777 6.332 5.994 6.794 8.928 9.427
-999.250 -999.250 -999.250 -999.250 -999.250 -999.250 -999.250 -999.250 -999.250 -999.250 -999.250 -999.250 -999.250 -999.250 -999.250 -999.250 -999.250 -999.250 -999.250 -999.250 -999.250 -999.250 -999.250 -999.250 -999.250 -999.250 -999.250 -999.250 -999.250 -999.250 -999.250 44.087 44.519 42.891 42.211 41.627 41.198 35.015 32.957 27.815 26.417 22.642 20.895 17.218 15.078 11.570 9.014 9.681 6.145 2.648 4.418 1.475 4.012 2.523 0.918 1.728 1.884 3.707 9.051 10.704 8.408 5.662 7.636 7.848 8.718 7.219 9.548 10.919 11.512
-999.250 -999.250 -999.250 -999.250 -999.250 -999.250 -999.250 -999.250 -999.250 -999.250 -999.250 -999.250 -999.250 -999.250 -999.250 -999.250 -999.250 -999.250 -999.250 -999.250 -999.250 -999.250 -999.250 -999.250 -999.250 -999.250 -999.250 -999.250 -999.250 -999.250 44.949 47.013 47.208 48.711 46.467 43.265 42.838 38.413 33.694 33.013 32.511 27.222 26.311 17.761 17.087 12.495 12.036 11.822 8.903 4.333 4.493 4.114 3.790 1.405 2.929 2.808 4.816 7.914 8.044 9.778 9.082 8.789 8.332 7.785 11.659 8.929 12.573 14.191 14.945
-999.250 -999.250 -999.250 -999.250 -999.250 -999.250 -999.250 -999.250 -999.250 -999.250 -999.250 -999.250 -999.250 -999.250 -999.250 -999.250 -999.250 -999.250 -999.250 -999.250 -999.250 -999.250 -999.250 -999.250 -999.250 -999.250 -999.250 -999.250 -999.250 -999.250 -999.250 43.549 48.285 47.595 44.199 42.470 46.812 40.456 39.342 35.604 31.792 28.696 28.709 20.783 18.867 14.682 16.758 11.892 9.325 7.228 6.488 3.497 3.316 3.063 3.188 3.366 4.524 7.896 8.245 10.924 9.358 9.931 10.506 11.565 11.062 13.706 15.647 16.683 20.914
-999.250 -999.250 -999.250 -999.250 -999.250 -999.250 -999.250 -999.250 -999.250 -999.250 -999.250 -999.250 -999.250 -999.250 -999.250 -999.250 -999.250 -999.250 -999.250 -999.250 -999.250 -999.250 -999.250 -999.250 -999.250 -999.250 -999.250 -999.250 -999.250 -999.250 43.968 42.584 47.278 45.020 44.619 47.046 44.456 44.808 40.110 36.358 37.910 32.782 33.274 30.382 24.681 19.495 16.539 13.941 12.071 8.738 8.024 3.561 0.839 1.609 4.332 5.075 8.659 8.555 8.917 10.366 10.381 9.551 12.157 14.863 16.224 14.870 18.688 18.814 20.393
-999.250 -999.250 -999.250 -999.250 -999.250 -999.250 -999.250 -999.250 -999.250 -999.250 -999.250 -999.250 -999.250 -999.250 -999.250 -999.250 -999.250 -999.250 -999.250 -999.250 -999.250 -999.250 -999.250 -999.250 -999.250 -999.250 -999.250 -999.250 -999.250 -999.250 40.480 44.909 42.407 47.790 47.484 44.258 46.058 44.060 44.253 40.219 40.281 42.321 34.762 33.685 28.831 20.066 18.583 14.963 12.414 10.131 8.688 4.997 2.243 1.928 2.758 3.664 6.855 9.094 9.594 11.515 12.977 12.527 13.715 14.919 14.584 15.801 18.027 23.724 21.442
-999.250 -999.250 -999.250 -999.250 -999.250 -999.250 -999.250 -999.250 -999.250 -999.250 -999.250 -999.250 -999.250 -999.250 -999.250 -999.250 -999.250 -999.250 -999.250 -999.250 -999.250 -999.250 -999.250 -999.250 -999.250 -999.250 -999.250 -999.250 -999.250 -999.250 43.457 40.844 46.121 49.333 45.734 45.542 43.378 45.998 44.116 44.470 44.418 40.495 40.969 36.315 29.338 21.381 19.636 16.494 13.610 10.489 8.365 4.548 1.194 1.532 0.800 2.728 4.804 8.082 10.341 12.638 13.718 15.242 15.907 17.720 16.754 20.477 18.728 21.208 25.246
-999.250 -999.250 -999.250 -999.250 -999.250 -999.250 -999.250 -999.250 -999.250 -999.250 -999.250 -999.250 -999.250 -999.250 -999.250 -999.250 -999.250 -999.250 -999.250 -999.250 -999.250 -999.250 -999.250 -999.250 -999.250 -999.250 -999.250 -999.250 -999.250 -999.250 39.869 46.261 47.789 50.636 56.140 53.315 50.183 45.398 44.670 44.595 46.750 40.951 37.327 36.754 29.373 24.836 24.089 17.465 15.233 11.543 7.777 4.941 4.051 1.288 1.785 2.950 5.607 10.290 10.843 13.881 16.455 18.509 19.710 19.794 17.878 23.927 21.857 19.611 23.257
-999.250 -999.250 -999.250 -999.250 -999.250 -999.250 -999.250 -999.250 -999.250 -999.250 -999.250 -999.250 -999.250 -999.250 -999.250 -999.250 -999.250 -999.250 -999.250 -999.250 -999.250 -999.250 -999.250 -999.250 -999.250 -999.250 -999.250 -999.250 -999.250 -999.250 43.654 46.807 51.095 53.871 55.650 63.608 55.340 45.585 49.466 51.838 51.714 45.885 44.994 41.626 34.722 29.983 23.127 19.718 15.960 13.143 7.069 6.826 4.503 0.602 0.368 2.024 5.152 9.861 11.194 13.236 17.106 22.365 22.037 21.828 20.364 23.087 22.221 25.849 28.171
-999.250 -999.250 -999.250 -999.250 -999.250 -999.250 -999.250 -999.250 -999.250 -999.250 -999.250 -999.250 -999.250 -999.250 -999.250 -999.250 -999.250 -999.250 -999.250 -999.250 -999.250 -999.250 -999.250 -999.250 -999.250 -999.250 -999.250 -999.250 -999.250 -999.250 -999.250 45.268 47.443 57.160 62.069 53.172 51.702 53.034 51.972 53.212 52.200 51.380 47.522 42.985 38.953 32.061 24.413 19.130 17.583 12.940 8.721 6.950 3.707 3.718 0.972 1.012 1.545 8.238 11.323 13.549 18.789 28.781 25.490 20.300 19.058 22.390 22.876 25.056 25.971
-999.250 -999.250 -999.250 -999.250 -999.250 -999.250 -999.250 -999.250 -999.250 -999.250 -999.250 -999.250 -999.250 -999.250 -999.250 -999.250 -999.250 -999.250 -999.250 -999.250 -999.250 -999.250 -999.250 -999.250 -999.250 -999.250 -999.250 -999.250 -999.250 -999.250 -999.250 50.853 44.794 55.618 59.562 58.174 58.700 54.640 58.634 57.397 61.114 54.331 53.871 42.152 38.931 32.435 28.421 22.025 17.083 12.874 10.944 9.694 5.587 1.385 0.386 0.099 0.000 5.039 8.490 11.396 15.186 20.695 21.518 17.909 19.174 21.004 24.211 24.930 27.100
-999.250 -999.250 -999.250 -999.250 -999.250 -999.250 -999.250 -999.250 -999.250 -999.250 -999.250 -999.250 -999.250 -999.250 -999.250 -999.250 -999.250 -999.250 -999.250 -999.250 -999.250 -999.250 -999.250 -999.250 -999.250 -999.250 -999.250 -999.250 -999.250 -999.250 47.071 44.913 47.415 51.674 53.572 56.261 60.290 67.459 69.230 66.900 64.045 53.681 54.467 45.379 39.596 34.491 30.330 20.607 17.489 13.329 10.429 6.697 3.334 1.335 0.000 0.175 0.091 1.374 6.875 9.714 12.065 14.118 15.518 16.913 17.625 18.860 20.133 23.255 27.174
