data/medianmodel_29-Oct-2020.asc
ncols	141
nrows	288
xllcorner	-120191.398
yllcorner	-301404.813
cellsize	2000.000
NODATA_value	-999.250
[rows 0 to 28 of 288, columns 66 to 131 of 141]
-999.250 -999.250 -999.250 -999.250 -999.250 -999.250 -999.250 -999.250 -999.250 -999.250 -999.250 -999.250 -999.250 -999.250 -999.250 -999.250 -999.250 -999.250 -999.250 -999.250 -999.250 -999.250 -999.250 -999.250 -999.250 -999.250 -999.250 -999.250 -999.250 -999.250 -999.250 -999.250 -999.250 -999.250 -999.250 -999.250 -999.250 -999.250 -999.250 -999.250 -999.250 -999.250 -999.250 -999.250 -999.250 -999.250 -999.250 -999.250 -999.250 -999.250 -999.250 -999.250 -999.250 -999.250 -999.250 -999.250 -999.250 -999.250 -999.250 -999.250 -999.250 -999.250 -999.250 -999.250 -999.250 -999.250
-999.250 -999.250 -999.250 -999.250 -999.250 -999.250 -999.250 -999.250 -999.250 -999.250 -999.250 -999.250 -999.250 -999.250 -999.250 -999.250 -999.250 -999.250 -999.250 -999.250 -999.250 -999.250 -999.250 -999.250 -999.250 -999.250 -999.250 -999.250 -999.250 -999.250 -999.250 -999.250 -999.250 -999.250 -999.250 -999.250 -999.250 -999.250 -999.250 -999.250 -999.250 -999.250 -999.250 -999.250 -999.250 -999.250 -999.250 -999.250 -999.250 -999.250 -999.250 -999.250 -999.250 -999.250 -999.250 -999.250 -999.250 -999.250 -999.250 -999.250 -999.250 -999.250 -999.250 -999.250 -999.250 -999.250
-999.250 -999.250 -999.250 -999.250 -999.250 -999.250 -999.250 -999.250 -999.250 -999.250 -999.250 -999.250 -999.250 -999.250 -999.250 -999.250 -999.250 -999.250 -999.250 -999.250 -999.250 -999.250 -999.250 -999.250 -999.250 -999.250 -999.250 -999.250 -999.250 -999.250 -999.250 -999.250 -999.250 -999.250 -999.250 -999.250 -999.250 -999.250 -999.250 -999.250 -999.250 -999.250 -999.250 -999.250 -999.250 -999.250 -999.250 -999.250 -999.250 -999.250 -999.250 -999.250 -999.250 -999.250 -999.250 -999.250 -999.250 -999.250 -999.250 -999.250 -999.250 -999.250 -999.250 -999.250 -999.250 -999.250
-999.250 -999.250 -999.250 -999.250 -999.250 -999.250 -999.250 -999.250 -999.250 -999.250 -999.250 -999.250 -999.250 -999.250 -999.250 -999.250 -999.250 -999.250 -999.250 -999.250 -999.250 -999.250 -999.250 -999.250 -999.250 -999.250 -999.250 -999.250 -999.250 -999.250 -999.250 -999.250 -999.250 -999.250 -999.250 -999.250 -999.250 -999.250 -999.250 -999.250 -999.250 -999.250 -999.250 -999.250 -999.250 -999.250 -999.250 -999.250 -999.250 -999.250 -999.250 -999.250 -999.250 -999.250 -999.250 -999.250 -999.250 -999.250 -999.250 -999.250 -999.250 -999.250 -999.250 -999.250 -999.250 -999.250
-999.250 -999.250 -999.250 -999.250 -999.250 -999.250 -999.250 -999.250 -999.250 -999.250 -999.250 -999.250 -999.250 -999.250 -999.250 -999.250 -999.250 -999.250 -999.250 -999.250 -999.250 -999.250 -999.250 -999.250 -999.250 -999.250 -999.250 -999.250 -999.250 -999.250 -999.250 -999.250 -999.250 -999.250 -999.250 -999.250 -999.250 -999.250 -999.250 -999.250 -999.250 -999.250 -999.250 -999.250 -999.250 -999.250 -999.250 -999.250 -999.250 -999.250 -999.250 -999.250 -999.250 -999.250 -999.250 -999.250 -999.250 -999.250 -999.250 -999.250 -999.250 -999.250 -999.250 -999.250 -999.250 -999.250
-999.250 -999.250 -999.250 -999.250 -999.250 -999.250 -999.250 -999.250 -999.250 -999.250 -999.250 -999.250 -999.250 -999.250 -999.250 -999.250 -999.250 -999.250 -999.250 -999.250 -999.250 -999.250 -999.250 -999.250 -999.250 -999.250 -999.250 -999.250 -999.250 -999.250 -999.250 -999.250 -999.250 -999.250 -999.250 -999.250 -999.250 -999.250 -999.250 -999.250 -999.250 -999.250 -999.250 -999.250 -999.250 -999.250 -999.250 -999.250 -999.250 -999.250 -999.250 -999.250 -999.250 -999.250 -999.250 -999.250 -999.250 -999.250 -999.250 -999.250 -999.250 -999.250 -999.250 -999.250 -999.250 -999.250
-999.250 -999.250 -999.250 -999.250 -999.250 -999.250 -999.250 -999.250 -999.250 -999.250 -999.250 -999.250 -999.250 -999.250 -999.250 -999.250 -999.250 -999.250 -999.250 -999.250 -999.250 -999.250 -999.250 -999.250 -999.250 -999.250 -999.250 -999.250 -999.250 -999.250 -999.250 -999.250 -999.250 -999.250 -999.250 -999.250 -999.250 -999.250 -999.250 -999.250 -999.250 -999.250 -999.250 -999.250 -999.250 -999.250 -999.250 -999.250 -999.250 -999.250 -999.250 -999.250 -999.250 -999.250 -999.250 -999.250 -999.250 -999.250 -999.250 -999.250 -999.250 -999.250 -999.250 -999.250 -999.250 -999.250
-999.250 -999.250 -999.250 -999.250 -999.250 -999.250 -999.250 -999.250 -999.250 -999.250 -999.250 -999.250 -999.250 -999.250 -999.250 -999.250 -999.250 -999.250 -999.250 -999.250 -999.250 -999.250 -999.250 -999.250 -999.250 -999.250 -999.250 -999.250 -999.250 -999.250 -999.250 -999.250 -999.250 -999.250 -999.250 -999.250 -999.250 -999.250 -999.250 -999.250 -999.250 -999.250 -999.250 -999.250 -999.250 -999.250 -999.250 -999.250 -999.250 -999.250 -999.250 -999.250 -999.250 -999.250 -999.250 -999.250 -999.250 -999.250 -999.250 -999.250 -999.250 -999.250 -999.250 -999.250 -999.250 -999.250
-999.250 -999.250 -999.250 -999.250 -999.250 -999.250 -999.250 -999.250 -999.250 -999.250 -999.250 -999.250 -999.250 -999.250 -999.250 -999.250 -999.250 -999.250 -999.250 -999.250 -999.250 -999.250 -999.250 -999.250 -999.250 -999.250 -999.250 -999.250 -999.250 -999.250 -999.250 -999.250 -999.250 -999.250 -999.250 -999.250 -999.250 -999.250 -999.250 -999.250 -999.250 -999.250 -999.250 -999.250 -999.250 -999.250 -999.250 -999.250 263.977 -999.250 -999.250 -999.250 -999.250 -999.250 -999.250 -999.250 -999.250 -999.250 -999.250 -999.250 -999.250 -999.250 -999.250 -999.250 -999.250 -999.250
-999.250 -999.250 -999.250 -999.250 -999.250 -999.250 -999.250 -999.250 -999.250 -999.250 -999.250 -999.250 -999.250 -999.250 -999.250 -999.250 -999.250 -999.250 -999.250 -999.250 -999.250 -999.250 -999.250 -999.250 -999.250 -999.250 -999.250 -999.250 -999.250 -999.250 -999.250 -999.250 -999.250 210.236 226.402 240.163 217.466 -999.250 -999.250 -999.250 -999.250 225.582 -999.250 -999.250 -999.250 -999.250 -999.250 -999.250 241.385 241.708 -999.250 -999.250 -999.250 -999.250 -999.250 -999.250 -999.250 -999.250 -999.250 -999.250 -999.250 -999.250 -999.250 -999.250 -999.250 -999.250
-999.250 -999.250 -999.250 -999.250 -999.250 -999.250 -999.250 -999.250 -999.250 -999.250 -999.250 -999.250 -999.250 -999.250 -999.250 -999.250 -999.250 -999.250 -999.250 -999.250 -999.250 -999.250 -999.250 -999.250 -999.250 -999.250 -999.250 -999.250 -999.250 -999.250 -999.250 -999.250 -999.250 216.821 200.043 205.427 219.782 -999.250 -999.250 -999.250 209.650 220.445 236.545 -999.250 -999.250 -999.250 -999.250 -999.250 236.559 236.861 258.344 -999.250 -999.250 -999.250 -999.250 -999.250 -999.250 287.750 235.114 -999.250 -999.250 -999.250 -999.250 -999.250 -999.250 -999.250
-999.250 -999.250 -999.250 -999.250 -999.250 -999.250 -999.250 -999.250 -999.250 -999.250 -999.250 -999.250 -999.250 -999.250 -999.250 -999.250 -999.250 -999.250 -999.250 -999.250 -999.250 -999.250 -999.250 -999.250 -999.250 -999.250 -999.250 -999.250 -999.250 -999.250 -999.250 -999.250 -999.250 185.467 196.630 216.449 179.472 174.779 173.680 187.553 205.287 226.615 236.811 221.169 224.234 210.389 246.486 243.734 273.340 251.536 243.568 286.417 317.716 314.880 313.026 325.665 326.796 260.199 264.607 -999.250 -999.250 -999.250 -999.250 -999.250 -999.250 -999.250
-999.250 -999.250 -999.250 137.195 -999.250 -999.250 -999.250 -999.250 -999.250 -999.250 -999.250 -999.250 -999.250 -999.250 -999.250 -999.250 -999.250 -999.250 -999.250 -999.250 -999.250 -999.250 -999.250 -999.250 -999.250 -999.250 -999.250 -999.250 -999.250 -999.250 -999.250 -999.250 -999.250 195.952 195.517 189.103 188.676 161.233 178.889 158.555 176.474 210.043 214.312 218.242 203.701 208.005 223.691 257.200 295.322 279.801 299.045 333.216 346.889 355.509 356.779 347.963 347.404 278.460 267.244 -999.250 -999.250 -999.250 -999.250 -999.250 -999.250 -999.250
-999.250 -999.250 -999.250 144.483 -999.250 -999.250 -999.250 -999.250 -999.250 -999.250 -999.250 149.294 -999.250 -999.250 -999.250 -999.250 -999.250 -999.250 -999.250 -999.250 -999.250 -999.250 -999.250 -999.250 -999.250 -999.250 -999.250 -999.250 -999.250 -999.250 -999.250 -999.250 -999.250 213.892 177.882 177.415 170.337 146.149 148.167 153.476 173.557 202.755 202.385 197.936 218.587 237.008 239.611 281.217 297.664 336.243 365.593 376.189 365.880 391.237 362.070 388.712 364.005 307.679 282.074 -999.250 -999.250 -999.250 -999.250 -999.250 -999.250 -999.250
-999.250 -999.250 -999.250 165.985 -999.250 -999.250 -999.250 -999.250 134.750 152.711 143.678 169.002 166.046 -999.250 -999.250 -999.250 -999.250 -999.250 -999.250 -999.250 -999.250 -999.250 -999.250 -999.250 -999.250 -999.250 -999.250 -999.250 -999.250 -999.250 -999.250 -999.250 -999.250 203.705 191.692 165.632 146.284 157.363 143.668 151.668 180.847 195.914 191.428 187.715 206.803 223.686 275.372 278.507 277.164 346.886 348.116 402.908 417.359 391.114 388.937 350.905 349.878 352.295 286.115 257.974 -999.250 -999.250 -999.250 -999.250 -999.250 -999.250
128.720 143.565 140.195 135.509 -999.250 -999.250 137.007 118.019 151.621 130.280 140.061 146.879 157.862 164.162 151.906 151.347 -999.250 -999.250 -999.250 -999.250 -999.250 -999.250 -999.250 -999.250 -999.250 -999.250 -999.250 -999.250 -999.250 -999.250 222.457 198.807 196.790 210.589 184.752 174.410 166.625 175.611 138.022 131.873 159.865 180.547 183.206 185.659 219.131 240.192 277.600 301.947 334.978 330.066 392.293 391.367 408.632 393.102 357.411 387.315 342.818 310.329 263.049 300.380 -999.250 -999.250 -999.250 -999.250 -999.250 -999.250
124.797 138.152 128.977 130.819 -999.250 132.457 132.384 130.208 126.303 124.403 134.141 120.544 130.490 140.697 136.041 -999.250 -999.250 -999.250 -999.250 -999.250 199.996 208.940 -999.250 -999.250 -999.250 221.749 -999.250 -999.250 238.107 253.106 250.808 241.995 216.178 207.575 181.458 173.600 172.459 145.822 157.198 127.653 133.475 183.528 178.585 198.390 231.031 232.120 280.990 273.976 310.847 328.929 384.287 409.615 465.459 457.888 416.483 379.714 331.921 310.776 288.451 289.987 -999.250 -999.250 -999.250 -999.250 -999.250 -999.250
124.494 125.870 124.098 127.336 131.131 126.995 118.792 116.926 106.086 114.899 109.836 123.091 117.377 129.242 134.389 -999.250 -999.250 161.427 187.922 199.613 196.964 201.323 207.877 -999.250 232.473 237.863 240.347 245.024 235.735 228.728 227.402 238.364 219.833 186.327 184.967 173.710 165.417 157.799 164.563 128.886 116.189 155.463 180.891 179.600 216.302 236.473 253.678 277.230 299.148 350.783 421.365 487.994 457.995 479.203 422.671 377.474 322.348 308.541 293.748 276.249 -999.250 -999.250 -999.250 -999.250 -999.250 -999.250
145.753 132.150 124.534 116.458 125.394 119.752 103.369 113.666 97.820 102.088 104.306 113.569 111.295 113.880 129.105 146.999 152.292 164.935 182.507 212.813 235.833 218.829 224.673 230.097 243.886 230.932 233.802 244.142 253.898 250.831 236.076 228.384 214.799 202.359 206.316 196.838 192.182 187.546 156.448 144.561 138.526 147.708 174.687 195.824 215.485 224.584 267.760 308.021 320.845 425.723 444.739 444.252 522.582 428.335 412.423 373.453 341.055 312.767 274.595 243.442 -999.250 -999.250 -999.250 -999.250 -999.250 -999.250
147.288 148.195 131.506 103.836 127.352 108.300 115.399 111.611 98.821 97.560 91.059 97.863 99.206 106.721 114.785 146.343 154.152 156.261 172.427 191.905 206.821 224.406 237.726 229.732 219.083 224.701 211.329 223.764 239.537 259.000 243.841 237.573 220.109 199.103 211.448 213.641 183.713 187.007 160.835 158.192 146.669 157.223 176.574 179.689 212.257 234.081 262.023 323.360 315.800 381.530 474.263 460.279 466.466 435.732 377.750 368.777 351.105 346.868 265.937 240.334 -999.250 -999.250 -999.250 -999.250 -999.250 -999.250
164.389 155.615 128.525 121.780 105.625 106.522 106.645 113.330 97.681 93.188 94.533 92.507 86.591 104.692 119.656 127.467 126.895 169.668 168.546 179.905 195.548 227.974 241.289 235.651 225.987 222.881 204.037 237.651 233.584 259.917 249.559 246.128 236.830 232.116 211.248 213.576 214.405 209.658 187.012 169.636 181.985 174.151 193.302 189.663 229.448 245.518 256.912 282.159 316.532 342.022 398.740 393.433 445.817 372.682 393.108 389.958 334.147 358.616 285.011 -999.250 -999.250 -999.250 -999.250 -999.250 -999.250 -999.250
168.936 143.720 150.424 136.656 108.320 100.033 99.877 107.764 97.745 85.468 82.341 76.510 91.139 88.258 97.359 108.429 115.635 144.814 170.671 185.982 216.004 233.841 245.776 223.971 237.670 239.853 225.715 236.369 251.692 242.964 218.973 230.621 226.674 205.155 211.818 218.659 221.337 223.458 204.440 193.982 199.069 199.193 209.859 227.928 215.078 246.055 254.993 276.640 307.406 332.810 369.668 381.873 397.322 399.639 356.029 369.590 299.659 293.235 275.227 -999.250 -999.250 -999.250 -999.250 -999.250 -999.250 -999.250
170.725 171.423 142.521 122.475 111.478 113.212 97.004 102.933 99.460 82.957 77.292 78.049 78.794 83.356 81.588 112.381 124.880 142.476 163.586 203.540 211.819 220.559 229.840 222.975 217.444 218.226 229.283 211.827 239.814 235.957 243.172 225.164 215.764 209.893 207.496 224.252 217.912 218.077 210.885 203.310 203.559 230.467 203.669 231.236 228.070 230.970 252.591 259.373 284.079 331.933 361.682 395.496 395.687 411.544 341.941 305.678 279.965 268.531 245.539 -999.250 -999.250 -999.250 -999.250 -999.250 -999.250 -999.250
181.573 157.908 173.605 140.561 125.311 124.604 108.780 110.801 98.177 82.649 68.023 67.101 71.759 66.293 86.654 93.160 121.296 142.944 171.080 206.841 216.244 221.674 230.555 243.407 225.008 213.859 196.853 194.017 228.646 244.397 245.656 219.038 214.585 216.577 216.552 217.596 214.084 203.636 224.529 225.184 227.154 233.130 213.048 213.469 219.138 260.932 259.164 262.468 307.857 323.623 366.179 350.919 390.110 337.658 347.047 315.970 276.510 235.272 247.436 -999.250 -999.250 -999.250 -999.250 -999.250 -999.250 -999.250
181.358 192.896 176.550 166.080 132.028 107.148 116.853 112.659 103.947 95.082 76.387 73.475 68.548 60.024 90.467 94.557 100.655 138.332 170.405 187.975 209.221 202.952 226.879 210.272 219.256 192.659 195.326 176.250 193.375 209.619 197.139 204.700 193.228 217.774 216.999 198.682 214.944 188.966 220.881 231.866 219.268 229.156 219.118 225.006 290.007 283.668 303.039 282.898 320.837 323.360 339.922 343.946 336.398 353.010 314.954 303.935 253.488 234.328 226.890 -999.250 -999.250 -999.250 -999.250 -999.250 -999.250 -999.250
204.388 203.724 209.745 172.890 139.747 128.338 129.276 127.793 108.058 93.995 95.607 81.389 69.238 76.809 86.234 107.168 121.247 150.379 163.679 189.308 182.135 201.830 198.863 191.801 198.787 175.747 162.664 162.429 176.542 174.721 189.738 205.034 210.922 177.231 210.220 210.923 202.761 202.856 204.405 193.069 211.881 224.067 244.173 241.468 252.131 299.270 334.971 311.538 323.727 346.508 310.673 344.951 336.113 330.561 330.862 301.950 252.332 229.235 197.987 214.095 -999.250 -999.250 -999.250 -999.250 183.647 188.514
213.213 208.375 215.914 175.996 161.256 150.979 157.784 158.167 132.132 131.182 115.416 102.909 84.842 99.865 111.740 110.177 139.600 165.945 182.070 189.017 185.783 208.828 185.644 197.346 174.612 165.070 145.841 153.727 151.635 155.851 186.997 177.508 183.103 194.618 222.765 210.498 197.144 212.483 196.893 199.822 214.709 246.074 232.725 281.096 311.347 318.667 335.274 379.162 386.304 403.494 352.424 356.007 314.820 378.383 338.510 313.376 256.597 204.411 204.925 193.993 170.272 -999.250 150.801 175.437 160.432 175.070
224.262 224.330 212.188 184.320 187.827 191.283 186.665 188.537 180.926 152.284 137.724 146.637 122.106 130.898 145.113 153.102 140.341 192.039 169.892 187.041 191.946 196.050 194.723 179.484 149.111 146.046 149.169 133.373 129.881 146.491 163.550 175.406 190.144 212.954 220.109 215.901 228.697 216.297 217.990 255.329 238.610 256.557 270.342 295.124 291.702 339.761 304.869 346.185 376.436 404.154 369.159 362.601 357.275 325.736 348.226 283.293 233.118 209.909 201.131 190.790 161.282 120.899 117.160 130.006 142.667 164.675
240.322 220.980 195.192 204.834 200.927 214.837 217.643 230.674 201.297 199.900 193.441 193.768 183.824 182.039 162.830 171.771 191.349 188.655 174.984 170.889 175.096 190.147 172.060 163.081 145.851 154.840 140.822 129.360 131.808 149.977 139.661 166.805 177.087 203.412 238.602 222.806 240.683 228.395 231.815 272.068 266.095 283.859 277.982 311.635 296.125 314.450 328.400 360.487 408.292 403.043 385.450 399.638 405.124 367.929 344.519 284.031 232.968 217.482 191.826 178.433 133.639 128.021 101.615 98.809 128.761 139.134
