data/medianmodel_17-Dec-2020.asc
ncols	141
nrows	288
xllcorner	-120191.398
yllcorner	-301404.813
cellsize	2000.000
NODATA_value	-999.250
[rows 29 to 57 of 288, columns 64 to 127 of 141]
553.425 500.581 505.640 473.553 456.284 465.520 434.531 423.147 434.282 475.897 517.654 570.491 634.704 690.535 784.525 843.491 925.652 1065.414 1189.352 1277.081 1329.941 1410.910 1385.642 1381.011 1332.730 1287.552 1265.552 1310.179 1249.410 1291.875 1248.482 1167.375 1040.201 867.584 816.378 719.345 690.323 618.395 596.917 597.549 585.934 577.536 571.477 605.359 634.263 660.035 765.760 855.088 996.563 1138.022 1179.264 1366.059 1593.075 1744.784 1855.954 1901.715 2088.766 2245.767 2570.193 2698.298 2895.207 3040.925 3091.628 3146.045
530.437 498.574 440.820 437.100 428.241 430.859 401.461 401.474 402.996 449.971 519.482 569.014 656.775 741.112 849.606 871.998 1115.171 1120.491 1282.377 1280.085 1368.364 1367.919 1527.696 1373.893 1264.101 1261.786 1217.199 1297.817 1295.986 1206.113 1187.124 985.359 896.623 798.757 723.050 687.863 623.582 628.207 572.653 558.901 565.777 578.122 576.720 593.903 620.457 658.625 708.565 823.306 929.934 1131.062 1190.633 1357.881 1547.384 1672.690 1767.934 1929.062 1972.606 2168.817 2353.628 2716.287 2915.165 3009.430 3122.820 3206.562
492.156 454.100 419.402 406.910 407.660 392.710 372.133 354.588 387.250 450.638 530.146 585.182 659.889 826.938 888.154 1050.649 1204.174 1261.818 1301.416 1355.612 1409.754 1534.806 1465.858 1339.722 1279.898 1195.276 1232.657 1207.545 1216.307 1078.778 1014.919 888.867 829.070 755.903 682.860 633.906 597.075 576.316 555.802 528.526 536.073 571.546 569.935 572.909 606.994 651.136 694.996 834.263 1031.083 1111.512 1187.152 1310.920 1422.249 1579.293 1748.223 1905.143 1955.365 2117.499 2409.425 2506.437 2687.595 2952.438 3040.533 3034.669
454.888 431.014 406.936 409.101 407.078 385.355 374.534 360.409 369.318 415.053 509.606 600.164 708.655 831.985 969.442 1209.770 1264.738 1412.691 1352.648 1375.542 1395.072 1401.475 1360.982 1244.635 1204.530 1174.572 1076.611 1141.894 1128.350 946.494 881.353 776.039 745.055 702.875 653.727 589.526 567.928 560.030 522.366 522.993 509.995 520.286 553.024 567.720 597.972 631.933 699.869 793.590 842.062 1139.545 1225.602 1308.100 1451.087 1577.205 1637.605 1792.184 1945.740 2051.551 2223.326 2417.832 2640.784 2920.541 2966.824 2824.266
414.033 411.859 416.072 433.236 418.791 400.005 387.571 373.741 372.471 388.479 494.102 619.940 729.549 872.323 1069.641 1230.230 1300.017 1423.598 1348.052 1423.069 1396.277 1356.277 1300.384 1243.823 1201.141 1215.595 1028.348 1018.458 907.459 865.336 778.430 742.214 667.017 641.134 599.781 542.877 525.684 500.258 499.710 493.419 481.076 514.755 533.875 544.054 564.894 625.074 666.392 752.210 854.273 980.388 1199.119 1284.930 1330.016 1572.671 1705.026 1703.835 1881.796 1925.798 2052.308 2431.144 2352.102 2514.418 2605.426 2441.576
390.325 417.663 435.310 460.005 473.181 457.027 422.966 407.052 385.500 365.692 509.226 617.593 743.959 908.712 1122.902 1214.862 1417.285 1553.881 1519.008 1494.406 1481.656 1308.039 1222.028 1186.713 1154.180 962.744 914.436 819.840 752.658 737.843 704.764 659.708 622.502 580.907 537.656 531.313 492.467 477.746 468.116 445.309 478.832 495.694 530.180 549.218 571.880 615.945 673.675 758.573 825.929 1048.396 1148.999 1177.515 1297.243 1515.203 1575.000 1680.797 1762.499 1923.524 2022.919 2155.377 2285.454 2220.513 2262.728 2087.003
448.300 481.798 493.455 528.588 525.730 542.112 514.909 482.329 473.847 501.499 576.657 653.043 789.624 892.227 1169.131 1316.307 1496.882 1588.496 1528.488 1437.063 1297.968 1250.304 1229.846 1068.797 976.118 892.612 781.562 740.428 706.017 653.058 656.998 604.080 578.104 541.613 487.259 478.822 462.280 440.543 443.840 452.530 466.086 521.511 535.133 553.405 586.422 624.145 677.643 705.246 802.314 937.012 1192.110 1197.524 1241.901 1293.799 1495.898 1660.113 1658.382 1784.019 1889.315 1938.341 2009.537 1918.973 1967.463 1883.521
519.461 550.921 573.296 611.053 626.622 628.313 594.200 588.548 571.730 588.909 633.619 710.247 822.588 927.126 1099.595 1282.589 1430.216 1508.804 1412.202 1308.024 1239.044 1138.747 982.163 918.334 824.689 749.824 707.873 651.321 614.164 581.008 556.982 541.598 514.898 460.317 444.318 404.523 417.114 420.099 423.400 451.199 464.156 532.745 564.517 558.737 590.418 628.228 698.942 747.413 782.242 929.658 1009.242 1144.423 1176.691 1252.722 1462.261 1571.759 1657.751 1725.876 1774.315 1873.445 1816.505 1725.661 1706.713 1700.256
583.893 637.562 678.170 700.167 735.269 712.166 710.927 686.914 682.617 688.322 701.404 744.093 803.714 905.947 1044.774 1203.624 1300.518 1283.292 1260.081 1205.325 1108.432 1019.462 867.215 761.828 700.903 629.921 597.026 544.490 544.085 532.923 486.544 454.823 440.338 420.476 390.265 396.776 405.969 405.356 423.545 448.877 506.086 540.557 572.625 572.267 621.960 649.422 695.542 778.180 792.740 815.830 942.005 1012.829 1068.017 1218.147 1288.543 1399.251 1467.758 1491.266 1526.900 1566.861 1681.524 1611.435 1654.886 1511.892
622.822 716.265 817.816 854.556 904.977 842.301 807.746 786.396 758.703 752.370 751.467 798.466 846.497 943.971 1000.870 1083.986 1134.222 1165.361 1178.193 1079.072 925.230 820.720 742.956 645.864 584.571 530.609 515.533 505.568 452.683 457.005 417.305 398.435 389.603 375.131 381.615 380.199 387.636 409.911 431.735 471.813 501.972 548.721 582.871 588.532 653.527 654.443 704.352 748.869 790.648 774.646 881.560 849.584 945.425 1089.056 1148.421 1234.244 1225.039 1312.905 1321.066 1407.909 1388.941 1428.540 1335.615 1325.115
695.898 826.057 1037.925 1076.283 1199.484 1148.170 1075.189 988.173 888.465 864.713 786.282 814.025 857.484 873.424 905.384 947.029 933.294 995.529 981.281 894.903 800.440 736.958 639.588 562.473 484.836 433.150 422.112 415.091 392.461 399.774 383.743 369.144 366.275 347.680 365.235 358.924 383.192 408.546 459.879 496.710 512.793 557.499 619.515 648.599 650.151 662.489 691.773 750.561 750.555 746.153 765.334 803.371 850.909 994.823 1015.557 949.851 1116.628 1156.851 1220.086 1241.613 1242.046 1213.518 1210.561 1135.813
749.861 958.826 1209.024 1365.539 1368.167 1260.291 1225.651 1118.866 1009.097 907.237 872.289 850.327 859.818 849.929 804.529 878.695 896.489 886.471 820.161 762.521 715.059 623.418 559.601 466.231 384.404 356.724 359.354 343.429 350.752 332.485 303.530 338.656 310.420 297.138 340.741 333.516 370.849 407.287 433.006 500.405 555.175 580.523 627.903 666.320 686.388 690.185 710.184 737.181 703.033 691.160 741.319 764.934 781.938 807.609 836.005 827.018 923.140 1010.974 961.872 986.930 1150.051 1095.371 996.225 928.003
822.842 1084.749 1310.601 1612.439 1485.120 1403.771 1273.006 1114.848 1061.509 974.855 843.564 826.002 796.883 774.136 758.240 760.747 756.564 737.364 715.896 679.679 630.348 563.939 483.562 398.699 345.178 300.752 286.439 299.657 293.862 277.612 261.172 271.707 270.806 276.429 285.188 320.592 357.368 402.091 442.802 506.692 554.697 586.993 650.639 673.632 715.665 744.137 731.335 744.013 721.191 722.924 744.255 752.226 744.514 734.021 753.560 743.310 768.951 734.187 780.989 796.888 854.720 924.755 780.820 769.510
939.921 1112.350 1332.176 1521.010 1478.937 1356.148 1205.324 1154.982 1081.965 946.673 837.645 785.282 754.256 747.128 736.126 708.466 656.319 645.449 626.653 616.945 571.096 493.280 412.372 348.296 325.264 270.227 251.387 250.871 243.094 222.040 219.372 209.922 235.893 259.042 275.373 294.883 341.142 402.719 440.870 534.573 566.544 602.567 631.685 693.226 774.189 782.988 775.248 740.855 712.398 686.153 657.064 660.256 667.922 678.045 663.572 654.410 655.381 641.278 646.499 650.530 650.856 701.302 669.837 623.307
1001.140 1149.862 1266.724 1320.227 1307.621 1312.206 1185.582 1147.814 1105.085 967.099 891.197 784.585 751.750 701.600 659.466 635.325 610.550 586.456 571.536 541.987 472.562 432.543 376.857 331.921 285.667 252.558 221.146 201.450 189.520 184.356 185.744 186.943 195.805 224.081 258.407 268.461 335.345 392.177 440.400 514.262 560.128 603.592 651.345 706.093 802.783 923.077 783.763 709.619 663.388 635.808 632.321 597.125 605.303 599.281 576.273 552.522 533.173 536.573 545.595 557.616 567.750 571.071 554.258 544.159
1070.011 1082.119 1203.945 1201.712 1250.483 1210.978 1149.438 1079.065 998.054 929.443 770.925 749.854 702.800 647.288 617.001 606.029 576.860 523.188 492.963 482.087 424.322 383.649 344.824 311.655 278.515 256.606 214.760 191.892 179.118 172.952 165.359 166.046 182.113 191.252 231.005 268.144 338.227 388.021 436.627 504.381 554.584 605.210 648.502 695.627 775.740 771.217 724.025 680.321 642.608 613.088 601.117 562.898 537.808 517.954 447.943 404.997 397.208 395.535 425.710 447.166 451.424 421.173 454.150 414.740
1112.402 1118.408 1130.763 1159.309 1187.461 1065.051 1066.331 978.774 856.671 848.151 759.082 696.087 672.389 631.830 602.448 564.953 510.229 476.021 431.440 410.227 386.809 354.800 339.413 312.146 282.087 248.166 210.766 183.208 163.312 121.344 115.795 127.594 144.275 170.533 210.200 265.247 306.340 366.072 426.759 482.853 545.364 585.819 615.362 645.880 663.170 685.050 661.374 620.684 607.071 565.783 534.646 492.011 444.707 420.845 372.722 312.983 274.070 300.847 321.825 343.070 344.533 346.786 359.664 332.638
1043.163 1136.650 1148.905 1152.543 1016.257 1013.063 937.140 906.003 824.572 790.389 716.418 681.404 682.519 615.420 584.253 517.164 482.817 423.652 373.678 347.651 353.723 326.607 348.116 335.332 339.396 280.309 226.320 168.939 135.458 105.383 89.561 96.033 115.775 148.166 195.933 249.968 301.356 357.992 407.212 453.191 509.065 547.995 597.490 615.501 604.771 614.737 607.293 589.080 545.634 514.907 484.840 425.911 405.269 337.363 301.275 261.735 242.952 239.962 249.097 261.809 265.388 266.390 261.868 264.793
1150.310 1149.373 1206.045 1071.939 1065.789 915.680 905.458 822.595 794.404 760.706 746.290 680.001 653.372 616.335 576.777 535.759 450.543 408.491 345.335 294.802 316.479 325.665 329.865 371.037 376.471 297.808 228.179 180.236 119.682 95.016 71.272 68.627 91.231 113.337 171.010 213.738 268.111 347.452 373.642 412.483 447.752 507.668 546.726 567.572 571.162 569.425 553.260 507.406 487.244 446.377 417.443 384.641 337.382 291.063 269.376 247.829 220.023 211.384 199.930 205.584 209.755 227.321 208.388 220.262
1105.910 1138.690 1106.224 993.198 895.676 870.215 782.660 757.862 714.547 701.714 674.293 659.710 630.070 590.670 562.398 534.080 466.567 396.977 298.490 259.918 274.802 307.402 333.226 360.796 349.529 285.716 216.828 181.827 117.862 85.328 51.681 41.423 59.147 93.521 146.700 193.908 242.625 297.175 345.956 400.572 411.888 472.348 505.731 534.202 517.976 513.898 495.157 455.745 425.929 422.170 374.024 334.558 318.135 260.624 250.273 212.910 208.103 194.987 185.433 178.117 190.867 196.718 165.305 183.186
1047.052 1009.548 922.916 893.494 822.667 767.659 736.659 709.631 692.063 685.788 665.027 650.955 634.721 605.697 583.124 544.371 479.263 412.498 328.250 253.464 286.228 346.038 363.264 360.594 342.467 290.777 222.569 177.974 116.011 76.137 35.591 17.649 39.848 82.861 118.590 171.898 197.934 261.388 294.220 341.712 401.177 407.116 444.989 459.454 444.194 448.845 443.242 405.688 386.280 368.065 336.239 308.131 264.046 239.101 234.036 204.838 200.719 192.219 182.066 -999.250 157.381 152.017 -999.250 -999.250
1094.185 935.966 860.419 821.901 741.957 706.758 656.034 636.509 636.587 654.465 669.099 659.015 638.973 620.629 607.597 610.149 546.601 495.688 426.479 395.834 395.757 406.671 413.078 397.246 342.081 290.544 230.767 188.920 123.738 77.808 39.683 19.638 33.517 67.374 96.908 142.077 183.290 219.845 258.022 304.298 362.741 363.232 404.867 385.223 400.629 402.457 376.890 368.131 355.233 350.286 314.102 265.627 253.230 234.069 221.597 193.138 195.933 -999.250 -999.250 -999.250 -999.250 -999.250 -999.250 -999.250
928.537 912.049 837.168 763.049 671.068 627.915 566.279 583.029 604.655 636.393 675.841 663.495 658.947 649.308 651.654 662.376 637.531 602.880 590.290 562.713 549.860 527.951 482.524 440.602 387.146 327.522 248.005 191.247 130.627 84.860 58.062 23.407 35.164 58.880 87.031 109.638 165.115 191.068 235.597 276.980 328.608 356.126 358.164 367.765 368.782 378.659 359.064 359.432 328.639 313.245 294.121 282.044 254.313 234.420 226.996 208.023 -999.250 -999.250 -999.250 -999.250 -999.250 -999.250 -999.250 -999.250
806.546 841.349 773.647 670.307 587.297 526.405 479.334 480.827 555.643 615.336 697.075 694.192 680.122 686.541 694.679 734.620 725.449 762.368 747.976 716.860 705.057 662.205 586.084 512.342 430.111 332.449 263.925 192.474 146.222 96.421 65.317 35.706 36.677 48.228 78.519 110.355 143.425 179.823 222.816 252.844 293.437 320.149 327.064 326.091 341.067 341.518 337.164 317.942 281.149 287.697 283.016 282.066 262.020 239.348 205.755 200.201 -999.250 -999.250 -999.250 -999.250 -999.250 -999.250 -999.250 -999.250
777.481 762.702 682.679 615.394 542.477 449.752 384.289 410.071 519.170 573.585 627.655 692.469 734.415 764.971 769.047 801.372 855.254 865.701 919.688 912.664 876.543 727.133 663.630 588.396 496.397 377.500 275.659 206.199 172.117 105.580 82.810 54.282 45.322 49.606 67.261 91.943 111.553 157.911 187.209 226.426 272.904 275.018 276.605 300.549 278.679 307.883 289.739 297.459 276.561 282.293 288.035 273.470 257.470 220.277 212.379 -999.250 -999.250 -999.250 -999.250 -999.250 -999.250 -999.250 -999.250 -999.250
755.926 723.748 667.345 595.727 484.311 392.613 277.498 394.496 503.689 587.721 626.160 696.961 780.297 830.917 918.101 1045.448 1165.468 1214.695 1165.166 1185.246 1168.702 964.592 776.894 637.674 542.811 404.074 308.392 235.383 183.185 116.447 97.147 71.485 57.509 54.032 67.964 84.232 108.284 133.736 180.164 200.352 235.685 264.267 261.075 263.873 265.566 260.216 267.882 272.687 272.083 272.296 280.413 282.326 274.460 238.715 -999.250 -999.250 -999.250 -999.250 -999.250 -999.250 -999.250 -999.250 -999.250 -999.250
676.665 693.103 688.073 582.455 521.676 416.733 392.725 480.362 571.024 642.001 703.987 759.698 852.511 987.522 1130.193 1195.311 1234.365 1297.679 1410.416 1354.543 1315.027 1077.496 831.350 691.367 568.748 421.053 334.143 258.049 191.508 139.479 100.235 85.996 75.494 70.787 65.448 85.795 97.700 116.560 156.352 187.755 210.534 228.949 245.355 232.779 248.563 249.214 263.431 277.211 279.973 277.540 292.495 281.785 267.162 252.812 -999.250 -999.250 -999.250 -999.250 -999.250 -999.250 -999.250 -999.250 -999.250 -999.250
664.431 673.662 640.902 595.246 551.964 485.783 499.458 554.881 643.190 743.022 778.013 810.126 867.453 1026.808 1197.460 1254.864 1332.123 1445.215 1551.405 1657.550 1445.795 1218.300 964.321 750.810 617.601 478.141 390.767 284.021 226.349 174.089 137.763 97.069 79.481 71.539 71.513 80.088 94.270 116.982 144.304 177.542 191.632 193.368 212.807 231.276 231.781 244.128 260.308 273.024 270.218 275.289 290.159 305.014 288.590 -999.250 -999.250 -999.250 -999.250 -999.250 -999.250 -999.250 -999.250 -999.250 -999.250 -999.250
653.751 647.662 615.734 602.647 572.161 561.424 556.837 625.895 734.888 863.627 795.788 846.218 943.316 1076.500 1197.294 1317.386 1323.125 1413.523 1490.365 1527.447 1376.478 1229.244 917.280 782.047 649.718 532.578 409.765 328.102 253.352 188.258 143.454 114.453 94.742 82.175 72.160 79.014 95.870 123.020 124.173 161.471 182.340 191.619 207.080 214.788 220.977 241.833 246.396 252.667 267.144 276.834 294.271 333.536 297.724 -999.250 -999.250 -999.250 -999.250 -999.250 -999.250 -999.250 -999.250 -999.250 -999.250 -999.250
