data/medianmodel_24-Sep-2020.asc
ncols	141
nrows	288
xllcorner	-120191.398
yllcorner	-301404.813
cellsize	2000.000
NODATA_value	-999.250
[rows 210 to 239 of 288, columns 0 to 66 of 141]
-999.250 -999.250 -999.250 -999.250 -999.250 -999.250 -999.250 -999.250 -999.250 -999.250 -999.250 -999.250 -999.250 -999.250 -999.250 -999.250 -999.250 -999.250 -999.250 -999.250 -999.250 -999.250 -999.250 -999.250 -999.250 -999.250 -999.250 -999.250 -999.250 -999.250 -999.250 53.353 62.576 57.608 56.337 56.346 56.959 57.952 51.056 48.018 49.464 51.018 51.462 43.681 38.269 32.995 26.220 25.116 20.967 21.623 20.333 17.525 18.018 17.148 13.790 13.915 14.272 13.233 14.456 15.839 14.790 13.483 16.764 16.894 18.393 19.948 22.458
-999.250 -999.250 -999.250 -999.250 -999.250 -999.250 -999.250 -999.250 -999.250 -999.250 -999.250 -999.250 -999.250 -999.250 -999.250 -999.250 -999.250 -999.250 -999.250 -999.250 -999.250 -999.250 -999.250 -999.250 -999.250 -999.250 -999.250 -999.250 -999.250 -999.250 -999.250 59.760 63.167 55.673 54.701 55.712 50.518 50.517 54.397 51.058 49.696 48.736 48.320 45.644 40.826 35.740 28.547 24.553 20.167 22.125 17.477 15.905 15.685 13.072 12.093 12.721 13.394 12.390 11.389 9.418 12.445 12.033 12.450 13.009 14.877 19.436 17.576
-999.250 -999.250 -999.250 -999.250 -999.250 -999.250 -999.250 -999.250 -999.250 -999.250 -999.250 -999.250 -999.250 -999.250 -999.250 -999.250 -999.250 -999.250 -999.250 -999.250 -999.250 -999.250 -999.250 -999.250 -999.250 -999.250 -999.250 -999.250 -999.250 -999.250 -999.250 64.620 59.426 52.050 51.091 56.645 51.715 52.626 50.405 44.666 49.322 47.168 42.594 46.231 42.154 34.601 29.151 24.313 20.471 19.251 17.359 15.222 12.816 12.982 10.131 10.806 10.543 10.664 10.006 8.366 8.287 7.772 9.161 9.735 10.752 12.244 13.865
-999.250 -999.250 -999.250 -999.250 -999.250 -999.250 -999.250 -999.250 -999.250 -999.250 -999.250 -999.250 -999.250 -999.250 -999.250 -999.250 -999.250 -999.250 -999.250 -999.250 -999.250 -999.250 -999.250 -999.250 -999.250 -999.250 -999.250 -999.250 -999.250 -999.250 -999.250 64.477 58.690 53.020 53.678 48.535 53.574 43.056 51.233 45.322 46.719 46.373 44.911 40.203 38.918 36.759 29.908 25.571 23.728 19.262 18.058 13.609 12.694 10.374 10.451 10.436 6.351 5.148 4.076 5.429 4.919 4.465 3.962 7.491 7.104 7.944 9.945
-999.250 -999.250 -999.250 -999.250 -999.250 -999.250 -999.250 -999.250 -999.250 -999.250 -999.250 -999.250 -999.250 -999.250 -999.250 -999.250 -999.250 -999.250 -999.250 -999.250 -999.250 -999.250 -999.250 -999.250 -999.250 -999.250 -999.250 -999.250 -999.250 -999.250 -999.250 62.130 57.351 55.235 49.132 50.688 46.069 48.985 48.069 47.039 47.356 49.334 45.039 40.588 41.378 34.612 31.284 27.090 22.995 19.054 16.071 13.554 10.437 7.871 8.670 8.641 2.647 2.088 1.935 0.000 0.000 0.000 0.000 0.000 0.933 4.302 7.977
-999.250 -999.250 -999.250 -999.250 -999.250 -999.250 -999.250 -999.250 -999.250 -999.250 -999.250 -999.250 -999.250 -999.250 -999.250 -999.250 -999.250 -999.250 -999.250 -999.250 -999.250 -999.250 -999.250 -999.250 -999.250 -999.250 -999.250 -999.250 -999.250 -999.250 -999.250 59.802 57.947 55.493 55.883 55.981 54.233 50.418 50.317 47.704 56.040 55.106 52.401 46.000 42.503 36.008 32.645 29.293 24.019 17.284 15.844 13.746 13.108 10.284 11.880 6.650 1.168 2.688 0.000 0.000 0.000 0.000 0.000 0.000 0.000 0.057 5.409
-999.250 -999.250 -999.250 -999.250 -999.250 -999.250 -999.250 -999.250 -999.250 -999.250 -999.250 -999.250 -999.250 -999.250 -999.250 -999.250 -999.250 -999.250 -999.250 -999.250 -999.250 -999.250 -999.250 -999.250 -999.250 -999.250 -999.250 -999.250 -999.250 -999.250 -999.250 58.133 53.684 65.698 61.941 61.918 61.221 59.947 50.614 59.055 57.489 53.781 51.647 50.271 40.973 40.194 33.095 29.153 23.265 18.908 16.157 13.956 12.917 6.888 7.910 4.224 1.387 2.550 0.000 0.000 0.000 0.000 0.000 0.000 0.000 0.000 9.248
-999.250 -999.250 -999.250 -999.250 -999.250 -999.250 -999.250 -999.250 -999.250 -999.250 -999.250 -999.250 -999.250 -999.250 -999.250 -999.250 -999.250 -999.250 -999.250 -999.250 -999.250 -999.250 -999.250 -999.250 -999.250 -999.250 -999.250 -999.250 -999.250 -999.250 -999.250 58.965 65.148 65.009 68.159 68.215 60.088 64.392 62.486 62.042 62.355 61.358 55.676 50.436 50.003 41.317 37.260 33.448 21.424 18.862 16.459 14.370 9.739 7.154 5.401 1.935 3.524 0.095 0.000 0.000 0.000 0.000 0.000 0.000 0.000 0.000 12.041
-999.250 -999.250 -999.250 -999.250 -999.250 -999.250 -999.250 -999.250 -999.250 -999.250 -999.250 -999.250 -999.250 -999.250 -999.250 -999.250 -999.250 -999.250 -999.250 -999.250 -999.250 -999.250 -999.250 -999.250 -999.250 -999.250 -999.250 -999.250 -999.250 -999.250 -999.250 63.917 67.497 65.552 63.652 69.362 68.491 71.578 72.098 71.855 70.330 67.890 61.531 60.415 50.191 46.031 38.856 31.973 26.026 21.160 17.330 12.219 8.633 7.718 8.808 0.812 2.076 0.000 0.000 0.000 0.000 0.000 0.340 0.000 2.617 8.998 17.280
-999.250 -999.250 -999.250 -999.250 -999.250 -999.250 -999.250 -999.250 -999.250 -999.250 -999.250 -999.250 -999.250 -999.250 -999.250 -999.250 -999.250 -999.250 -999.250 -999.250 -999.250 -999.250 -999.250 -999.250 -999.250 -999.250 -999.250 -999.250 -999.250 -999.250 -999.250 68.497 71.053 70.641 71.237 74.917 71.270 73.752 75.604 76.969 75.982 75.142 68.360 63.790 54.440 51.657 39.911 33.843 26.963 21.408 17.187 11.806 9.294 5.526 7.777 2.697 0.000 0.000 0.000 0.000 0.000 0.000 5.797 6.738 11.743 15.239 27.135
-999.250 -999.250 -999.250 -999.250 -999.250 -999.250 -999.250 -999.250 -999.250 -999.250 -999.250 -999.250 -999.250 -999.250 -999.250 -999.250 -999.250 -999.250 -999.250 -999.250 -999.250 -999.250 -999.250 -999.250 -999.250 -999.250 -999.250 -999.250 -999.250 -999.250 -999.250 71.181 76.718 72.608 76.832 74.011 74.827 81.632 81.643 84.843 83.525 80.066 74.595 68.565 66.010 58.414 43.428 36.684 29.985 22.388 17.270 12.934 9.356 3.262 1.236 0.000 0.000 0.000 0.000 0.000 0.432 3.476 8.025 11.092 16.311 26.064 32.091
-999.250 -999.250 -999.250 -999.250 -999.250 -999.250 -999.250 -999.250 -999.250 -999.250 -999.250 -999.250 -999.250 -999.250 -999.250 -999.250 -999.250 -999.250 -999.250 -999.250 -999.250 -999.250 -999.250 -999.250 -999.250 -999.250 -999.250 -999.250 -999.250 -999.250 -999.250 76.633 78.296 76.502 76.457 83.583 86.495 92.394 90.494 92.857 90.671 87.672 82.968 75.278 70.423 56.042 52.651 38.808 30.837 23.426 16.375 12.695 8.295 3.166 3.280 0.000 0.000 0.000 0.000 0.000 0.851 4.863 10.887 14.806 20.726 31.159 41.778
-999.250 -999.250 -999.250 -999.250 -999.250 -999.250 -999.250 -999.250 -999.250 -999.250 -999.250 -999.250 -999.250 -999.250 -999.250 -999.250 -999.250 -999.250 -999.250 -999.250 -999.250 -999.250 -999.250 -999.250 -999.250 -999.250 -999.250 -999.250 -999.250 -999.250 -999.250 81.013 80.275 85.680 81.570 87.696 97.126 98.686 95.613 96.659 94.756 88.001 82.726 79.199 69.841 61.655 55.622 42.786 34.151 25.436 20.460 13.594 11.147 8.282 1.228 0.082 0.000 0.000 0.000 0.310 3.649 8.170 12.900 17.132 22.896 34.440 50.625
-999.250 -999.250 -999.250 -999.250 -999.250 -999.250 -999.250 -999.250 -999.250 -999.250 -999.250 -999.250 -999.250 -999.250 -999.250 -999.250 -999.250 -999.250 -999.250 -999.250 -999.250 -999.250 -999.250 -999.250 -999.250 -999.250 -999.250 -999.250 -999.250 -999.250 89.089 89.779 89.255 91.828 96.300 96.305 99.866 104.377 109.621 100.574 102.207 93.036 86.558 87.614 73.816 70.494 58.306 49.289 44.509 36.699 24.767 14.816 10.441 8.550 6.490 1.799 0.000 0.000 0.000 0.588 3.553 7.862 12.182 14.961 25.498 35.246 48.923
-999.250 -999.250 -999.250 -999.250 -999.250 -999.250 -999.250 -999.250 -999.250 -999.250 -999.250 -999.250 -999.250 -999.250 -999.250 -999.250 -999.250 -999.250 -999.250 -999.250 -999.250 -999.250 -999.250 -999.250 -999.250 -999.250 -999.250 -999.250 -999.250 -999.250 94.433 94.813 101.259 106.083 100.232 113.501 116.007 117.042 117.386 109.393 102.106 96.711 95.863 93.596 84.767 77.064 67.568 54.756 49.262 39.794 26.484 21.559 15.461 9.708 5.250 0.088 0.000 0.000 0.000 0.000 4.624 5.716 11.007 17.531 24.978 35.709 42.392
-999.250 -999.250 -999.250 -999.250 -999.250 -999.250 -999.250 -999.250 -999.250 -999.250 -999.250 -999.250 -999.250 -999.250 -999.250 -999.250 -999.250 -999.250 -999.250 -999.250 -999.250 -999.250 -999.250 -999.250 -999.250 -999.250 -999.250 -999.250 -999.250 -999.250 95.113 100.743 100.202 113.716 121.880 124.889 137.320 147.670 121.901 119.959 125.186 111.235 102.388 98.491 90.876 80.510 73.161 66.164 48.828 37.878 36.310 20.836 18.229 13.655 10.126 2.692 0.000 0.000 0.000 0.000 0.594 3.150 9.953 14.689 21.891 32.588 42.362
-999.250 -999.250 -999.250 -999.250 -999.250 -999.250 -999.250 -999.250 -999.250 -999.250 -999.250 -999.250 -999.250 -999.250 -999.250 -999.250 -999.250 -999.250 -999.250 -999.250 -999.250 -999.250 -999.250 -999.250 -999.250 -999.250 -999.250 -999.250 -999.250 -999.250 103.081 105.836 107.108 121.342 142.678 152.998 138.632 165.369 159.194 128.483 129.988 131.963 115.340 101.772 100.812 93.020 84.158 74.056 62.390 51.341 38.670 28.997 22.491 15.904 9.841 5.302 0.000 0.000 0.000 0.000 0.000 1.391 10.724 14.770 22.515 29.971 40.257
-999.250 -999.250 -999.250 -999.250 -999.250 -999.250 -999.250 -999.250 -999.250 -999.250 -999.250 -999.250 -999.250 -999.250 -999.250 -999.250 -999.250 -999.250 -999.250 -999.250 -999.250 -999.250 -999.250 -999.250 -999.250 -999.250 -999.250 -999.250 -999.250 103.296 108.292 114.658 121.689 138.461 148.580 159.440 177.048 178.599 159.281 161.695 141.847 136.837 141.457 124.568 106.369 98.761 88.090 81.059 70.746 63.476 55.001 43.061 31.628 21.502 13.052 8.544 1.141 0.000 0.000 0.000 0.000 2.104 8.204 12.596 17.294 27.003 33.421
-999.250 -999.250 -999.250 -999.250 -999.250 -999.250 -999.250 -999.250 -999.250 -999.250 -999.250 -999.250 -999.250 -999.250 -999.250 -999.250 -999.250 -999.250 -999.250 -999.250 -999.250 -999.250 -999.250 -999.250 -999.250 -999.250 -999.250 -999.250 -999.250 111.751 106.906 111.710 126.820 146.012 153.152 174.903 185.597 183.610 174.788 167.945 163.932 163.100 143.876 123.612 125.739 101.206 95.891 86.940 80.197 79.940 65.059 53.057 36.671 28.841 14.133 8.304 1.948 0.000 0.000 0.000 0.000 2.377 5.415 10.686 15.603 20.242 34.011
-999.250 -999.250 -999.250 -999.250 -999.250 -999.250 -999.250 -999.250 -999.250 -999.250 -999.250 -999.250 -999.250 -999.250 -999.250 -999.250 -999.250 -999.250 -999.250 -999.250 -999.250 -999.250 -999.250 -999.250 -999.250 -999.250 -999.250 -999.250 104.657 108.707 112.206 112.988 128.733 152.589 158.829 187.694 222.292 198.850 182.884 178.734 185.337 172.370 150.151 157.220 136.211 117.624 103.763 86.678 85.546 77.666 73.367 54.679 44.631 29.729 20.136 14.305 6.366 0.265 0.000 0.000 0.000 0.000 3.953 9.003 11.416 16.722 28.545
-999.250 -999.250 -999.250 -999.250 -999.250 -999.250 -999.250 -999.250 -999.250 -999.250 -999.250 -999.250 -999.250 -999.250 -999.250 -999.250 -999.250 -999.250 -999.250 -999.250 -999.250 -999.250 -999.250 -999.250 -999.250 -999.250 -999.250 -999.250 102.306 107.927 107.751 121.842 126.251 149.917 167.758 175.808 196.991 195.484 191.218 183.619 180.440 169.472 143.252 133.072 124.178 120.555 105.201 101.901 89.231 85.682 75.050 69.102 52.389 39.136 27.285 19.228 10.587 6.515 0.000 0.000 0.000 0.000 0.151 5.808 10.005 14.087 19.787
-999.250 -999.250 -999.250 -999.250 -999.250 -999.250 -999.250 -999.250 -999.250 -999.250 -999.250 -999.250 -999.250 -999.250 -999.250 -999.250 -999.250 -999.250 -999.250 -999.250 -999.250 -999.250 -999.250 -999.250 -999.250 -999.250 -999.250 99.211 99.483 105.791 112.956 114.412 122.561 144.458 168.414 176.640 178.819 183.987 181.600 182.720 161.953 156.416 137.915 132.645 130.231 118.558 114.797 104.340 98.925 89.901 87.212 74.689 70.654 55.088 33.708 19.559 12.610 8.359 1.564 0.000 0.000 0.000 0.000 0.000 5.300 11.134 18.000
-999.250 -999.250 -999.250 -999.250 -999.250 -999.250 -999.250 -999.250 -999.250 -999.250 -999.250 -999.250 -999.250 -999.250 -999.250 -999.250 -999.250 -999.250 -999.250 -999.250 -999.250 -999.250 -999.250 -999.250 -999.250 -999.250 -999.250 96.413 92.185 101.092 105.616 116.661 119.054 133.015 152.637 159.761 163.269 178.031 177.741 178.582 168.112 147.954 135.713 136.532 125.465 125.363 132.661 109.947 106.470 94.297 87.620 81.809 73.002 63.597 45.079 28.868 18.124 11.736 5.611 1.985 0.000 0.000 0.000 0.000 2.994 8.050 14.277
-999.250 -999.250 -999.250 -999.250 -999.250 -999.250 -999.250 -999.250 -999.250 -999.250 -999.250 -999.250 -999.250 -999.250 -999.250 -999.250 -999.250 -999.250 -999.250 -999.250 -999.250 -999.250 -999.250 -999.250 -999.250 -999.250 -999.250 -999.250 93.690 101.206 102.154 106.059 110.388 120.538 143.590 142.441 150.236 162.716 164.646 158.314 160.356 152.756 150.600 136.409 126.882 135.526 138.881 145.148 119.043 116.120 105.434 96.851 80.854 74.685 57.894 41.580 27.545 16.140 11.137 6.869 0.000 0.000 0.000 0.000 0.000 6.336 9.242
-999.250 -999.250 -999.250 -999.250 -999.250 -999.250 -999.250 -999.250 -999.250 -999.250 -999.250 -999.250 -999.250 -999.250 -999.250 -999.250 -999.250 -999.250 -999.250 -999.250 -999.250 -999.250 -999.250 -999.250 -999.250 -999.250 -999.250 -999.250 -999.250 -999.250 93.552 100.762 111.425 119.772 124.770 134.942 148.746 164.785 160.084 138.152 140.690 150.175 128.429 148.539 136.612 140.036 137.295 157.660 143.681 127.972 111.723 104.300 101.579 79.669 72.662 64.460 47.423 28.095 15.794 9.199 0.836 0.000 0.000 0.000 0.000 2.804 4.377
-999.250 -999.250 -999.250 -999.250 -999.250 -999.250 -999.250 -999.250 -999.250 -999.250 -999.250 -999.250 -999.250 -999.250 -999.250 -999.250 -999.250 -999.250 -999.250 -999.250 -999.250 -999.250 -999.250 -999.250 -999.250 -999.250 -999.250 -999.250 -999.250 -999.250 88.872 95.114 111.012 111.631 116.079 126.182 126.370 138.298 135.984 133.433 145.928 139.908 143.492 150.648 139.933 156.919 160.085 164.276 157.022 141.335 122.132 118.394 101.134 95.571 87.685 74.275 57.553 39.722 26.787 15.702 6.889 0.000 0.000 0.000 0.000 0.000 0.775
-999.250 -999.250 -999.250 -999.250 -999.250 -999.250 -999.250 -999.250 -999.250 -999.250 -999.250 -999.250 -999.250 -999.250 -999.250 -999.250 -999.250 -999.250 -999.250 -999.250 -999.250 -999.250 -999.250 -999.250 -999.250 -999.250 -999.250 -999.250 -999.250 -999.250 85.185 96.656 93.324 97.651 102.544 111.939 116.959 123.352 130.731 156.646 159.381 168.460 158.436 157.183 146.142 154.190 186.056 187.686 200.011 159.058 163.638 144.853 125.866 108.472 92.978 84.065 72.357 55.661 37.083 24.251 13.251 3.196 0.000 0.000 0.000 0.000 0.000
-999.250 -999.250 -999.250 -999.250 -999.250 -999.250 -999.250 -999.250 -999.250 -999.250 -999.250 -999.250 -999.250 -999.250 -999.250 -999.250 -999.250 -999.250 -999.250 -999.250 -999.250 -999.250 -999.250 -999.250 -999.250 -999.250 -999.250 -999.250 -999.250 -999.250 -999.250 84.037 86.106 97.939 95.754 96.646 108.548 112.472 124.914 127.440 133.827 159.027 156.872 164.747 170.022 186.270 185.485 214.167 204.131 186.162 171.650 155.406 143.911 132.786 108.346 100.743 86.382 68.907 51.972 32.664 18.545 7.843 0.000 0.000 0.000 0.000 0.000
-999.250 -999.250 -999.250 -999.250 -999.250 -999.250 -999.250 -999.250 -999.250 -999.250 -999.250 -999.250 -999.250 -999.250 -999.250 -999.250 -999.250 -999.250 -999.250 -999.250 -999.250 -999.250 -999.250 -999.250 -999.250 -999.250 -999.250 -999.250 -999.250 -999.250 75.724 76.229 82.664 83.448 93.676 92.683 99.400 107.975 112.675 121.844 132.620 144.724 148.984 171.092 190.428 190.113 191.920 221.500 210.187 206.109 207.947 170.255 175.681 169.764 162.470 128.165 110.129 80.776 62.933 36.120 23.563 10.593 2.930 0.000 0.000 0.000 0.000
-999.250 -999.250 -999.250 -999.250 -999.250 -999.250 -999.250 -999.250 -999.250 -999.250 -999.250 -999.250 -999.250 -999.250 -999.250 -999.250 -999.250 -999.250 -999.250 -999.250 -999.250 -999.250 -999.250 -999.250 -999.250 -999.250 -999.250 -999.250 -999.250 -999.250 -999.250 67.373 75.054 81.179 85.609 88.149 99.230 109.711 122.919 118.898 134.301 147.482 175.359 168.345 194.766 197.622 199.837 209.831 232.206 212.599 207.950 185.534 198.034 189.716 175.391 157.876 134.367 97.725 74.823 51.159 30.843 14.994 5.463 0.000 0.000 0.000 0.000
