data/medianmodel_25-Jan-2021.asc
ncols	141
nrows	288
xllcorner	-120191.398
yllcorner	-301404.813
cellsize	2000.000
NODATA_value	-999.250
[rows 112 to 139 of 288, columns 0 to 62 of 141]
-999.250 -999.250 -999.250 -999.250 -999.250 -999.250 -999.250 -999.250 -999.250 -999.250 -999.250 -999.250 -999.250 -999.250 -999.250 -999.250 -999.250 -999.250 -999.250 -999.250 -999.250 -999.250 -999.250 -999.250 -999.250 -999.250 -999.250 -999.250 987.339 990.079 1035.345 1050.145 1092.879 1127.388 1148.367 1196.525 1236.068 1211.872 1273.153 1318.642 1449.605 1562.905 1613.943 1660.310 1777.899 1872.935 1893.015 1941.173 1854.779 1891.146 1894.999 1903.887 1749.011 1526.374 1355.458 1200.606 1560.221 2044.181 2650.610 3078.391 3315.418 3224.693 3183.505
-999.250 -999.250 -999.250 -999.250 -999.250 -999.250 -999.250 -999.250 -999.250 -999.250 -999.250 -999.250 -999.250 -999.250 -999.250 -999.250 -999.250 -999.250 -999.250 -999.250 -999.250 -999.250 -999.250 -999.250 -999.250 -999.250 -999.250 -999.250 999.415 1011.528 1039.534 1059.873 1100.056 1138.537 1138.291 1138.616 1138.046 1192.474 1167.851 1258.425 1364.707 1481.436 1559.404 1683.013 1777.272 1798.906 1888.519 1896.170 1878.985 1885.005 1936.518 2022.348 1758.419 1517.028 1362.757 1356.350 1534.971 1899.013 2401.449 2808.319 3114.375 3032.274 2987.024
-999.250 -999.250 -999.250 -999.250 -999.250 -999.250 -999.250 -999.250 -999.250 -999.250 -999.250 -999.250 -999.250 -999.250 -999.250 -999.250 -999.250 -999.250 -999.250 -999.250 -999.250 -999.250 -999.250 -999.250 -999.250 -999.250 -999.250 -999.250 989.434 1023.506 1012.932 1026.726 1050.110 1080.334 1105.201 1096.017 1112.597 1126.891 1143.221 1203.328 1318.010 1422.198 1548.083 1679.247 1750.799 1797.082 1829.916 1851.807 1840.239 1843.798 1875.522 1853.679 1721.344 1531.776 1435.556 1435.804 1521.401 1798.468 2106.575 2529.935 2787.017 2761.302 2788.829
-999.250 -999.250 -999.250 -999.250 -999.250 -999.250 -999.250 -999.250 -999.250 -999.250 -999.250 -999.250 -999.250 -999.250 -999.250 -999.250 -999.250 -999.250 -999.250 -999.250 -999.250 -999.250 -999.250 -999.250 -999.250 -999.250 -999.250 892.817 971.832 989.759 994.708 1040.527 1049.607 1061.703 1106.455 1082.076 1059.787 1080.521 1146.982 1127.336 1331.546 1435.020 1589.334 1662.521 1764.398 1793.666 1814.101 1818.021 1757.453 1792.606 1792.989 1709.818 1659.571 1514.344 1402.343 1403.534 1478.258 1672.974 1867.290 2117.425 2312.100 2521.275 2566.422
-999.250 -999.250 -999.250 -999.250 -999.250 -999.250 -999.250 -999.250 -999.250 -999.250 -999.250 -999.250 -999.250 -999.250 -999.250 -999.250 -999.250 -999.250 -999.250 -999.250 -999.250 -999.250 -999.250 -999.250 -999.250 -999.250 -999.250 964.876 953.129 998.210 975.160 1002.283 1055.752 1093.470 1112.334 1092.805 1112.183 1138.073 1180.441 1228.100 1391.578 1512.456 1632.093 1723.497 1778.610 1798.265 1849.322 1759.282 1735.669 1667.084 1671.900 1618.912 1552.987 1443.754 1429.676 1388.312 1373.771 1486.614 1681.245 1839.828 2053.388 2276.824 2404.663
-999.250 -999.250 -999.250 -999.250 -999.250 -999.250 -999.250 -999.250 -999.250 -999.250 -999.250 -999.250 -999.250 -999.250 -999.250 -999.250 -999.250 -999.250 -999.250 -999.250 -999.250 -999.250 -999.250 -999.250 -999.250 -999.250 -999.250 996.143 984.364 977.421 1050.278 1074.521 1091.339 1115.992 1108.969 1119.193 1204.569 1262.476 1311.249 1370.865 1440.286 1585.043 1655.514 1736.068 1815.686 1877.485 1882.939 1844.370 1747.522 1574.949 1607.374 1603.895 1473.411 1389.623 1359.158 1277.523 1255.355 1262.433 1433.915 1627.794 1802.458 2004.869 2125.364
-999.250 -999.250 -999.250 -999.250 -999.250 -999.250 -999.250 -999.250 -999.250 -999.250 -999.250 -999.250 -999.250 -999.250 -999.250 -999.250 -999.250 -999.250 -999.250 -999.250 -999.250 -999.250 -999.250 -999.250 -999.250 -999.250 1005.306 1002.751 1020.170 1034.084 1058.593 1068.553 1131.259 1150.950 1169.153 1254.775 1301.710 1387.827 1361.292 1460.820 1566.629 1667.786 1761.217 1853.475 1908.376 1959.156 1950.586 1936.319 1813.451 1720.972 1662.587 1604.960 1538.191 1392.766 1332.332 1223.596 1184.934 1179.471 1314.906 1468.347 1624.384 1789.705 1984.242
-999.250 -999.250 -999.250 -999.250 -999.250 -999.250 -999.250 -999.250 -999.250 -999.250 -999.250 -999.250 -999.250 -999.250 -999.250 -999.250 -999.250 -999.250 -999.250 -999.250 -999.250 -999.250 -999.250 -999.250 -999.250 -999.250 943.675 1002.688 999.813 1085.761 1085.136 1114.478 1136.467 1157.442 1216.376 1294.967 1365.748 1397.988 1488.165 1573.024 1655.474 1741.902 1834.779 1910.055 2013.978 2073.734 2134.333 2062.433 1989.079 1936.494 1809.344 1693.496 1546.037 1454.069 1323.809 1224.159 1107.316 1082.662 1132.111 1253.738 1425.969 1592.288 1795.623
-999.250 -999.250 -999.250 -999.250 -999.250 -999.250 -999.250 -999.250 -999.250 -999.250 -999.250 -999.250 -999.250 -999.250 -999.250 -999.250 -999.250 -999.250 -999.250 -999.250 -999.250 -999.250 -999.250 -999.250 -999.250 -999.250 938.448 1033.695 1082.048 1086.202 1153.791 1221.950 1192.163 1141.246 1243.568 1322.088 1426.734 1498.723 1615.494 1669.046 1789.190 1870.183 1929.718 2066.779 2286.121 2312.470 2300.713 2290.032 2144.118 2050.959 1900.925 1803.405 1656.478 1501.228 1373.661 1217.282 1054.527 971.391 1028.418 1086.802 1226.377 1437.234 1567.883
-999.250 -999.250 -999.250 -999.250 -999.250 -999.250 -999.250 -999.250 -999.250 -999.250 -999.250 -999.250 -999.250 -999.250 -999.250 -999.250 -999.250 -999.250 -999.250 -999.250 -999.250 -999.250 -999.250 -999.250 -999.250 918.164 975.549 1021.568 1092.268 1136.345 1142.078 1221.608 1222.839 1277.860 1393.557 1396.557 1457.714 1567.442 1674.082 1815.927 1891.189 1928.788 2067.750 2179.405 2282.315 2527.412 2675.015 2571.014 2409.670 2117.138 2043.578 1847.457 1697.233 1596.430 1394.825 1229.637 1116.190 988.016 791.789 979.320 1161.996 1315.632 1433.152
-999.250 -999.250 -999.250 -999.250 -999.250 -999.250 -999.250 -999.250 -999.250 -999.250 -999.250 -999.250 -999.250 -999.250 -999.250 -999.250 -999.250 -999.250 -999.250 -999.250 -999.250 -999.250 -999.250 -999.250 -999.250 927.649 983.644 1019.417 1123.181 1156.237 1164.254 1240.664 1333.106 1404.442 1393.652 1406.605 1504.144 1633.004 1703.154 1876.352 1965.296 2076.133 2145.513 2212.776 2304.691 2553.028 2770.942 2832.461 2434.546 2279.195 2121.070 1972.053 1857.208 1668.057 1477.182 1362.412 1204.914 1054.416 945.908 993.597 1117.365 1212.892 1305.166
-999.250 -999.250 -999.250 -999.250 -999.250 -999.250 -999.250 -999.250 -999.250 -999.250 -999.250 -999.250 -999.250 -999.250 -999.250 -999.250 -999.250 -999.250 -999.250 -999.250 -999.250 -999.250 -999.250 -999.250 -999.250 947.694 1052.832 1101.655 1117.820 1144.979 1212.552 1316.558 1382.376 1363.310 1432.590 1486.984 1604.455 1693.886 1789.705 1917.673 1951.591 2059.176 2206.366 2325.429 2435.812 2545.663 2702.374 2761.698 2682.351 2380.014 2232.461 2086.310 1942.430 1774.512 1640.103 1522.636 1347.945 1141.790 1073.655 1071.798 1102.159 1211.060 1184.468
-999.250 -999.250 -999.250 -999.250 -999.250 -999.250 -999.250 -999.250 -999.250 -999.250 -999.250 -999.250 -999.250 -999.250 -999.250 -999.250 -999.250 -999.250 -999.250 -999.250 -999.250 -999.250 -999.250 -999.250 925.697 987.826 1043.307 1151.917 1148.931 1145.644 1214.766 1292.275 1312.085 1399.517 1423.989 1546.254 1644.590 1708.162 1854.384 1935.815 1941.512 2090.398 2178.239 2310.888 2471.978 2568.955 2645.597 2689.290 2626.289 2307.467 2337.713 2107.678 2012.777 1903.027 1757.509 1573.704 1399.882 1270.167 1206.520 1168.009 1161.622 1183.479 1176.914
-999.250 -999.250 -999.250 -999.250 -999.250 -999.250 -999.250 -999.250 -999.250 -999.250 -999.250 -999.250 -999.250 -999.250 -999.250 -999.250 -999.250 -999.250 -999.250 -999.250 -999.250 -999.250 -999.250 -999.250 878.146 944.514 1033.280 1119.078 1172.762 1176.959 1252.519 1312.220 1322.062 1430.028 1484.439 1575.881 1656.997 1770.894 1865.717 1900.993 1949.983 2074.652 2158.536 2203.984 2459.785 2471.025 2578.836 2512.834 2485.282 2367.396 2209.375 2172.788 2060.551 2007.698 1867.816 1695.439 1526.553 1412.790 1297.633 1273.516 1228.829 1180.613 1152.961
-999.250 -999.250 -999.250 -999.250 -999.250 -999.250 -999.250 -999.250 -999.250 -999.250 -999.250 -999.250 -999.250 -999.250 -999.250 -999.250 -999.250 -999.250 -999.250 -999.250 -999.250 -999.250 -999.250 830.777 928.098 1003.650 1031.313 1074.947 1163.521 1225.296 1281.069 1340.001 1358.478 1397.287 1529.825 1603.813 1656.694 1804.624 1855.697 1885.359 1982.982 2046.763 2164.524 2275.811 2302.154 2486.941 2501.543 2400.708 2360.709 2312.883 2255.408 2161.437 2137.885 2015.370 1891.528 1737.990 1596.185 1479.747 1401.309 1335.074 1280.690 1242.213 1214.679
-999.250 -999.250 -999.250 -999.250 -999.250 -999.250 -999.250 -999.250 -999.250 -999.250 -999.250 -999.250 -999.250 -999.250 -999.250 -999.250 -999.250 -999.250 -999.250 -999.250 -999.250 -999.250 -999.250 836.522 877.546 979.006 1023.813 1089.358 1138.789 1232.148 1280.849 1337.752 1355.190 1461.954 1566.250 1588.549 1644.918 1764.707 1779.596 1906.202 1923.327 2002.062 2134.422 2145.714 2296.775 2485.053 2453.352 2341.946 2356.207 2247.163 2283.936 2262.335 2128.076 2041.379 1938.062 1812.445 1654.686 1561.249 1480.354 1375.208 1338.528 1277.852 1204.352
-999.250 -999.250 -999.250 -999.250 -999.250 -999.250 -999.250 -999.250 -999.250 -999.250 -999.250 -999.250 -999.250 -999.250 -999.250 -999.250 -999.250 -999.250 -999.250 -999.250 -999.250 -999.250 -999.250 813.251 915.965 949.002 1060.459 1110.978 1188.204 1238.405 1276.105 1353.261 1386.330 1459.114 1562.848 1622.775 1647.180 1746.254 1819.300 1863.787 1888.446 1986.657 2027.815 2185.354 2225.210 2294.111 2275.291 2287.715 2319.236 2210.774 2292.196 2306.904 2209.625 2053.903 1969.187 1798.975 1723.282 1586.611 1523.987 1382.769 1343.919 1319.712 1262.263
-999.250 -999.250 -999.250 -999.250 -999.250 -999.250 -999.250 -999.250 -999.250 -999.250 -999.250 -999.250 -999.250 -999.250 -999.250 -999.250 -999.250 -999.250 -999.250 -999.250 -999.250 -999.250 830.036 837.917 886.411 977.245 1067.721 1142.049 1175.163 1250.047 1247.312 1366.484 1417.325 1467.873 1555.092 1592.323 1644.733 1688.197 1806.968 1862.029 1944.151 1945.717 2013.290 2090.586 2255.936 2356.463 2369.862 2333.042 2317.902 2330.370 2266.292 2343.050 2226.391 2107.246 1966.944 1877.607 1736.267 1597.246 1495.706 1368.526 1254.847 1204.216 1126.323
-999.250 -999.250 -999.250 -999.250 -999.250 -999.250 -999.250 -999.250 -999.250 -999.250 -999.250 -999.250 -999.250 -999.250 -999.250 -999.250 -999.250 -999.250 -999.250 -999.250 -999.250 -999.250 813.067 860.523 928.788 969.255 1041.789 1097.033 1216.234 1232.297 1304.973 1383.684 1411.328 1500.435 1528.616 1595.505 1666.288 1713.184 1856.932 1880.009 1929.393 1936.676 2007.015 2123.458 2216.461 2216.904 2351.244 2388.461 2402.178 2318.281 2342.022 2329.587 2285.944 2094.654 2052.478 1933.788 1783.221 1626.772 1442.932 1333.289 1198.320 1141.899 1081.598
-999.250 -999.250 -999.250 -999.250 -999.250 -999.250 -999.250 -999.250 -999.250 -999.250 -999.250 -999.250 -999.250 -999.250 -999.250 -999.250 -999.250 -999.250 -999.250 -999.250 -999.250 921.808 865.484 888.508 885.530 971.807 1030.537 1120.952 1191.480 1233.365 1302.817 1402.155 1453.080 1511.427 1551.730 1622.298 1673.736 1776.357 1834.140 1894.500 1893.921 1905.707 2022.568 2099.812 2127.697 2306.580 2401.866 2380.943 2410.044 2410.318 2403.854 2388.490 2366.570 2196.322 2000.597 1900.789 1743.749 1570.962 1381.865 1282.587 1137.531 1060.509 938.571
-999.250 -999.250 -999.250 -999.250 -999.250 -999.250 -999.250 -999.250 -999.250 -999.250 -999.250 -999.250 -999.250 -999.250 -999.250 -999.250 -999.250 -999.250 -999.250 -999.250 -999.250 959.584 976.708 1027.406 1006.894 1038.951 1057.863 1121.159 1221.964 1238.212 1340.420 1411.001 1435.653 1524.762 1615.536 1651.646 1689.574 1742.466 1782.578 1859.656 1850.311 1997.683 1975.777 2120.638 2162.038 2382.007 2508.643 2475.601 2559.454 2543.424 2463.837 2472.378 2432.196 2253.460 2034.981 1918.393 1690.187 1509.715 1349.721 1200.509 1053.915 910.072 903.048
-999.250 -999.250 -999.250 -999.250 -999.250 -999.250 -999.250 -999.250 -999.250 -999.250 -999.250 -999.250 -999.250 -999.250 -999.250 -999.250 -999.250 -999.250 -999.250 -999.250 -999.250 1034.579 1081.145 1078.570 1086.685 1108.310 1098.538 1149.347 1223.047 1250.919 1336.114 1452.951 1524.636 1585.201 1665.885 1688.603 1736.844 1802.647 1839.091 1793.450 1919.849 1942.762 2068.373 2110.228 2313.405 2243.770 2401.985 2475.502 2522.239 2525.289 2633.384 2600.451 2562.178 2427.609 2070.851 1896.679 1683.664 1479.705 1225.603 1079.613 1023.173 894.185 752.793
-999.250 -999.250 -999.250 -999.250 -999.250 -999.250 -999.250 -999.250 -999.250 -999.250 -999.250 -999.250 -999.250 -999.250 -999.250 -999.250 -999.250 -999.250 -999.250 -999.250 1135.923 1167.319 1181.533 1127.399 1143.637 1162.481 1205.969 1199.613 1251.721 1316.278 1363.962 1447.932 1558.810 1634.131 1623.463 1634.585 1766.460 1820.922 1858.676 1839.600 1888.397 1974.759 2060.108 2123.461 2248.927 2334.602 2368.799 2482.059 2586.835 2485.656 2605.449 2650.900 2651.087 2337.531 2052.179 1852.757 1594.575 1427.507 1165.273 982.066 894.376 772.415 719.494
-999.250 -999.250 -999.250 -999.250 -999.250 -999.250 -999.250 -999.250 -999.250 -999.250 -999.250 -999.250 -999.250 -999.250 -999.250 -999.250 -999.250 -999.250 -999.250 -999.250 1218.064 1235.446 1259.277 1244.978 1329.099 1266.984 1282.646 1289.080 1294.693 1334.663 1414.126 1452.471 1564.304 1643.699 1663.780 1706.761 1693.116 1778.799 1876.771 1822.290 1867.490 2006.374 1995.352 2132.120 2238.356 2339.168 2397.369 2392.970 2514.549 2619.868 2542.230 2597.632 2494.777 2250.247 2009.274 1801.363 1525.121 1317.587 1107.292 957.993 850.322 770.163 736.377
-999.250 -999.250 -999.250 -999.250 -999.250 -999.250 -999.250 -999.250 -999.250 -999.250 -999.250 -999.250 -999.250 -999.250 -999.250 -999.250 -999.250 -999.250 -999.250 -999.250 1367.583 1354.160 1363.159 1348.248 1354.251 1337.897 1338.440 1345.963 1357.809 1380.477 1442.266 1511.553 1571.579 1635.961 1637.565 1720.090 1753.537 1782.686 1853.477 1841.818 1877.689 1926.671 2076.700 2168.635 2226.088 2369.008 2420.803 2451.904 2475.639 2515.885 2448.020 2509.763 2362.044 2187.316 1987.736 1683.717 1385.969 1161.044 962.102 785.105 759.250 764.624 731.188
-999.250 -999.250 -999.250 -999.250 -999.250 -999.250 -999.250 -999.250 -999.250 -999.250 -999.250 -999.250 -999.250 -999.250 -999.250 -999.250 -999.250 -999.250 -999.250 -999.250 1452.258 1471.510 1390.091 1430.742 1389.243 1343.884 1400.895 1401.101 1387.548 1435.750 1428.303 1528.006 1577.292 1639.877 1642.695 1677.189 1730.836 1759.556 1808.581 1877.316 1879.938 1980.930 2110.811 2242.638 2330.335 2338.036 2453.555 2375.247 2476.573 2465.995 2394.593 2336.800 2265.840 2053.985 1876.566 1591.655 1364.825 1144.145 915.858 662.052 720.039 733.926 765.215
-999.250 -999.250 -999.250 -999.250 -999.250 -999.250 -999.250 -999.250 -999.250 -999.250 -999.250 -999.250 -999.250 -999.250 -999.250 -999.250 -999.250 -999.250 -999.250 1526.960 1549.370 1512.093 1459.176 1423.278 1472.160 1421.183 1455.232 1433.590 1503.899 1524.352 1576.993 1599.770 1629.896 1657.303 1644.816 1704.087 1774.500 1767.208 1811.784 1834.278 1909.209 1948.047 2128.339 2129.515 2317.365 2423.404 2430.027 2380.887 2442.507 2298.837 2321.864 2292.830 2169.931 2012.022 1730.103 1568.325 1341.364 1108.874 945.402 768.109 744.122 756.983 838.617
-999.250 -999.250 -999.250 -999.250 -999.250 -999.250 -999.250 -999.250 -999.250 -999.250 -999.250 -999.250 -999.250 -999.250 -999.250 -999.250 -999.250 -999.250 -999.250 1608.793 1641.840 1563.282 1514.664 1458.206 1460.458 1516.005 1545.605 1566.160 1614.758 1637.023 1671.958 1715.506 1665.550 1729.623 1712.239 1756.081 1771.591 1825.896 1828.823 1871.994 1918.711 1982.403 2049.087 2114.106 2233.846 2384.086 2342.233 2382.463 2313.975 2295.219 2287.348 2161.312 2028.471 1880.528 1734.366 1512.287 1335.420 1147.450 1003.229 901.823 881.264 864.325 895.355
