data/medianmodel_28-Feb-2021.asc
ncols	141
nrows	288
xllcorner	-120191.398
yllcorner	-301404.813
cellsize	2000.000
NODATA_value	-999.250
[rows 210 to 239 of 288, columns 66 to 131 of 141]
190.015 166.127 155.323 128.472 113.017 106.154 94.456 88.005 82.354 82.158 72.633 81.603 80.034 76.896 75.532 76.824 72.789 72.973 70.282 73.760 70.285 70.842 63.276 56.390 54.530 46.377 46.454 41.491 45.954 51.835 58.872 77.185 99.673 -999.250 -999.250 -999.250 -999.250 -999.250 -999.250 -999.250 -999.250 -999.250 -999.250 -999.250 -999.250 -999.250 -999.250 -999.250 -999.250 -999.250 -999.250 -999.250 -999.250 -999.250 -999.250 -999.250 -999.250 -999.250 -999.250 -999.250 -999.250 -999.250 -999.250 -999.250 -999.250 -999.250
186.291 164.351 146.556 131.228 114.011 100.391 96.493 89.350 88.133 80.951 78.351 75.743 75.662 74.591 71.656 75.472 70.086 68.752 72.309 74.402 74.067 72.030 65.748 64.782 57.908 50.450 52.752 51.561 55.665 63.474 71.667 89.815 115.108 132.827 -999.250 -999.250 -999.250 -999.250 -999.250 -999.250 -999.250 -999.250 -999.250 -999.250 -999.250 -999.250 -999.250 -999.250 -999.250 -999.250 -999.250 -999.250 -999.250 -999.250 -999.250 -999.250 -999.250 -999.250 -999.250 -999.250 -999.250 -999.250 -999.250 -999.250 -999.250 -999.250
153.133 154.968 137.078 121.063 99.892 97.917 95.532 90.309 83.019 82.222 73.582 75.949 72.039 70.642 68.898 69.087 69.755 69.799 67.482 73.138 67.663 73.625 66.596 71.846 66.663 61.385 62.818 63.585 66.983 79.879 88.559 107.600 129.858 162.406 179.293 -999.250 -999.250 -999.250 -999.250 -999.250 -999.250 -999.250 -999.250 -999.250 -999.250 -999.250 -999.250 -999.250 -999.250 -999.250 -999.250 -999.250 -999.250 -999.250 -999.250 -999.250 -999.250 -999.250 -999.250 -999.250 -999.250 -999.250 -999.250 -999.250 -999.250 -999.250
140.850 129.961 125.202 110.993 96.571 94.697 94.826 81.981 82.558 79.670 73.543 68.858 68.634 68.044 64.083 65.735 66.162 69.608 70.023 76.106 80.391 74.806 73.384 72.334 72.083 74.074 78.864 78.029 85.891 96.597 114.812 140.637 156.148 180.919 198.300 -999.250 -999.250 -999.250 -999.250 -999.250 -999.250 -999.250 -999.250 -999.250 -999.250 -999.250 -999.250 -999.250 -999.250 -999.250 -999.250 -999.250 -999.250 -999.250 -999.250 -999.250 -999.250 -999.250 -999.250 -999.250 -999.250 -999.250 -999.250 -999.250 -999.250 -999.250
115.539 109.374 103.493 102.880 98.034 92.122 86.678 82.114 80.188 82.255 72.341 68.704 69.539 64.273 63.620 66.851 67.408 66.602 77.237 76.211 81.301 77.601 82.359 85.132 80.281 87.222 89.975 92.675 105.980 117.129 136.895 153.169 182.344 192.798 217.322 229.023 -999.250 -999.250 -999.250 -999.250 -999.250 -999.250 -999.250 -999.250 -999.250 -999.250 -999.250 -999.250 -999.250 -999.250 -999.250 -999.250 -999.250 -999.250 -999.250 -999.250 -999.250 -999.250 -999.250 -999.250 -999.250 -999.250 -999.250 -999.250 -999.250 -999.250
84.347 90.113 102.658 96.738 98.455 90.375 86.634 80.530 78.520 75.899 73.588 68.018 67.406 62.732 60.563 65.485 69.259 66.874 79.963 82.665 89.433 91.294 94.474 90.584 88.630 91.906 104.924 121.450 125.994 145.266 156.195 173.927 198.488 227.739 243.071 257.007 269.332 -999.250 -999.250 -999.250 -999.250 -999.250 -999.250 -999.250 -999.250 -999.250 -999.250 -999.250 -999.250 -999.250 -999.250 -999.250 -999.250 -999.250 -999.250 -999.250 -999.250 -999.250 -999.250 -999.250 -999.250 -999.250 -999.250 -999.250 -999.250 -999.250
73.647 80.439 90.328 91.920 89.702 94.109 89.531 82.160 78.429 72.032 70.319 68.811 69.612 60.718 63.594 65.497 68.535 70.399 75.458 83.664 87.580 101.373 101.553 102.097 107.998 110.159 121.312 137.933 152.874 174.090 173.743 198.918 218.432 234.077 259.834 286.258 310.545 -999.250 -999.250 -999.250 -999.250 -999.250 -999.250 -999.250 -999.250 -999.250 -999.250 -999.250 -999.250 -999.250 -999.250 -999.250 -999.250 -999.250 -999.250 -999.250 -999.250 -999.250 -999.250 -999.250 -999.250 -999.250 -999.250 -999.250 -999.250 -999.250
63.610 79.022 92.622 97.703 104.001 105.995 96.507 85.813 76.346 72.595 76.746 71.114 68.652 69.068 75.525 76.102 72.644 72.281 81.541 86.330 95.326 105.998 112.759 106.904 117.148 144.656 145.719 153.738 177.801 185.387 201.041 217.574 241.407 247.413 282.073 327.616 347.985 -999.250 -999.250 -999.250 -999.250 -999.250 -999.250 -999.250 -999.250 -999.250 -999.250 -999.250 -999.250 -999.250 -999.250 -999.250 -999.250 -999.250 -999.250 -999.250 -999.250 -999.250 -999.250 -999.250 -999.250 -999.250 -999.250 -999.250 -999.250 -999.250
76.505 87.878 105.071 111.861 119.592 113.609 116.194 97.201 88.593 82.990 78.845 77.504 76.160 74.209 73.597 82.015 83.863 81.208 90.634 93.561 101.520 113.848 133.041 138.746 137.426 161.773 166.898 176.855 200.504 210.433 225.062 241.505 258.164 272.758 298.525 327.478 413.238 425.714 -999.250 -999.250 -999.250 -999.250 -999.250 -999.250 -999.250 551.785 -999.250 -999.250 -999.250 -999.250 -999.250 -999.250 -999.250 -999.250 -999.250 -999.250 -999.250 -999.250 -999.250 -999.250 -999.250 -999.250 -999.250 -999.250 -999.250 -999.250
99.894 109.688 121.930 124.290 130.867 128.221 118.707 109.915 102.061 91.167 84.058 84.264 85.539 87.519 81.243 86.138 86.591 98.960 99.203 106.493 115.692 126.535 149.820 158.673 158.153 175.500 190.615 203.608 212.441 231.744 245.752 256.719 270.400 275.668 305.013 356.097 445.714 471.674 483.864 -999.250 -999.250 -999.250 638.699 629.907 653.903 600.337 -999.250 -999.250 -999.250 -999.250 -999.250 -999.250 -999.250 -999.250 -999.250 -999.250 -999.250 -999.250 -999.250 -999.250 -999.250 -999.250 -999.250 -999.250 -999.250 -999.250
139.579 141.885 148.084 148.593 152.339 141.034 130.296 121.004 107.334 96.866 96.172 93.939 90.530 91.670 84.124 97.291 100.498 106.287 114.968 129.885 131.866 154.748 161.264 171.661 175.007 203.568 210.662 222.113 235.910 251.337 257.452 269.004 280.537 310.321 326.688 371.019 438.353 455.908 491.707 -999.250 579.262 664.384 618.357 622.512 615.544 -999.250 -999.250 -999.250 -999.250 -999.250 -999.250 -999.250 -999.250 -999.250 -999.250 -999.250 -999.250 -999.250 -999.250 -999.250 -999.250 -999.250 -999.250 -999.250 -999.250 -999.250
161.424 166.597 166.374 157.047 159.717 144.023 135.640 121.900 122.101 104.826 105.900 102.016 102.701 99.241 100.031 107.183 117.580 115.336 133.356 139.687 147.850 174.666 185.910 192.915 191.682 215.815 227.006 230.772 238.589 239.372 258.881 273.971 325.026 329.334 344.135 414.456 444.922 482.117 509.960 571.604 618.651 734.394 733.419 739.759 681.642 -999.250 -999.250 -999.250 -999.250 -999.250 -999.250 -999.250 -999.250 -999.250 -999.250 -999.250 -999.250 -999.250 -999.250 -999.250 -999.250 -999.250 -999.250 -999.250 -999.250 -999.250
189.335 181.062 172.361 171.830 159.610 152.965 146.032 131.281 126.558 115.527 113.617 107.971 113.399 111.979 117.772 113.235 122.303 129.552 144.406 159.844 170.075 176.075 190.373 198.109 215.898 223.779 247.850 241.487 249.752 247.597 267.437 296.777 300.289 344.735 379.894 426.143 435.621 473.718 526.775 581.576 582.340 676.034 711.610 643.537 676.327 -999.250 -999.250 -999.250 -999.250 -999.250 -999.250 -999.250 -999.250 -999.250 -999.250 -999.250 -999.250 -999.250 -999.250 -999.250 -999.250 -999.250 -999.250 -999.250 -999.250 -999.250
196.825 193.866 176.793 173.178 163.465 165.385 153.620 140.011 132.296 130.442 119.341 120.138 126.389 131.095 129.914 130.893 137.900 145.288 158.130 168.787 186.856 191.974 202.495 220.160 233.731 240.328 261.376 255.868 263.392 267.885 291.575 287.141 299.415 349.105 364.388 399.335 472.080 454.649 540.109 562.082 618.164 570.296 714.801 678.648 679.145 -999.250 -999.250 -999.250 -999.250 -999.250 -999.250 -999.250 -999.250 -999.250 -999.250 -999.250 -999.250 -999.250 -999.250 -999.250 -999.250 -999.250 -999.250 -999.250 -999.250 -999.250
208.676 191.726 186.584 182.091 183.489 168.472 160.365 150.560 148.712 135.232 132.309 125.022 132.217 145.749 140.334 139.522 152.211 165.242 169.983 176.299 192.852 194.532 216.312 231.563 248.017 259.538 244.649 263.399 275.392 292.018 279.445 315.786 349.614 343.831 372.771 412.459 447.759 466.825 506.322 509.762 529.629 556.520 619.830 560.490 -999.250 -999.250 -999.250 -999.250 -999.250 -999.250 -999.250 -999.250 -999.250 -999.250 -999.250 -999.250 -999.250 -999.250 -999.250 -999.250 -999.250 -999.250 -999.250 -999.250 -999.250 -999.250
219.903 211.734 198.547 195.923 191.761 172.294 155.801 157.239 139.717 142.806 146.752 138.036 151.041 148.585 140.722 159.298 164.927 162.202 182.805 195.311 197.991 212.083 226.825 248.112 257.027 261.069 267.995 273.690 291.552 291.694 334.712 354.144 367.607 362.809 370.031 429.885 480.503 474.354 507.050 509.387 521.714 546.904 498.369 522.165 -999.250 -999.250 -999.250 -999.250 -999.250 -999.250 -999.250 -999.250 -999.250 -999.250 -999.250 -999.250 -999.250 -999.250 -999.250 -999.250 -999.250 -999.250 -999.250 -999.250 -999.250 -999.250
234.092 218.370 197.109 197.304 186.165 175.152 163.865 162.378 159.102 151.307 152.127 156.536 162.168 159.748 157.269 173.232 184.063 186.268 190.951 203.680 223.342 231.601 243.904 260.985 262.297 273.863 282.900 283.590 304.917 295.831 331.517 361.370 375.544 355.221 375.911 405.583 430.949 454.097 493.642 531.279 522.675 507.187 525.818 517.030 -999.250 -999.250 -999.250 -999.250 -999.250 -999.250 -999.250 -999.250 -999.250 -999.250 -999.250 -999.250 -999.250 -999.250 -999.250 -999.250 -999.250 -999.250 -999.250 -999.250 -999.250 -999.250
232.998 223.980 212.079 203.089 190.186 181.605 175.303 172.069 165.511 161.091 166.131 166.997 172.758 187.068 174.705 178.184 191.023 193.059 198.517 221.432 238.421 239.037 259.211 276.639 273.843 266.097 288.808 290.532 285.101 325.165 339.469 332.017 352.434 384.981 423.957 456.833 450.371 449.777 437.457 480.756 467.116 485.715 523.921 -999.250 -999.250 -999.250 -999.250 -999.250 -999.250 -999.250 -999.250 -999.250 -999.250 -999.250 -999.250 -999.250 -999.250 -999.250 -999.250 -999.250 -999.250 -999.250 -999.250 -999.250 -999.250 -999.250
241.020 222.764 218.227 201.203 188.278 180.938 182.543 172.589 176.115 178.100 174.777 177.107 198.781 203.795 204.619 196.926 204.860 212.726 225.763 228.835 250.344 256.550 270.153 280.010 278.910 278.796 282.455 278.773 285.170 339.664 352.318 341.775 364.027 444.594 429.433 418.681 394.863 465.649 -999.250 -999.250 462.965 458.842 487.202 -999.250 -999.250 -999.250 -999.250 -999.250 -999.250 -999.250 -999.250 -999.250 -999.250 -999.250 -999.250 -999.250 -999.250 -999.250 -999.250 -999.250 -999.250 -999.250 -999.250 -999.250 -999.250 -999.250
242.861 227.607 215.394 196.026 181.661 188.589 188.065 189.214 177.751 183.179 174.320 185.848 193.727 208.902 211.182 214.442 210.953 231.702 239.660 251.862 251.922 257.413 277.053 277.504 285.997 282.769 303.872 330.232 305.998 304.632 347.907 363.676 410.681 374.598 408.979 428.120 436.629 445.382 -999.250 -999.250 -999.250 -999.250 -999.250 -999.250 -999.250 -999.250 -999.250 -999.250 -999.250 -999.250 -999.250 -999.250 -999.250 -999.250 -999.250 -999.250 -999.250 -999.250 -999.250 -999.250 -999.250 -999.250 -999.250 -999.250 -999.250 -999.250
238.121 235.067 213.674 208.515 201.337 202.262 196.396 194.215 186.857 184.782 186.349 204.697 207.836 206.905 218.583 222.714 233.626 240.418 250.469 256.420 267.398 272.699 298.896 312.838 319.543 298.722 340.367 325.995 311.748 303.091 314.845 363.525 388.452 420.776 -999.250 -999.250 440.480 -999.250 -999.250 -999.250 -999.250 -999.250 -999.250 -999.250 -999.250 -999.250 -999.250 -999.250 -999.250 -999.250 -999.250 -999.250 -999.250 -999.250 -999.250 -999.250 -999.250 -999.250 -999.250 -999.250 -999.250 -999.250 -999.250 -999.250 -999.250 -999.250
247.806 234.341 224.524 220.301 210.912 199.109 195.916 183.684 176.280 189.613 195.428 202.054 205.506 211.909 229.763 237.012 241.855 253.974 253.609 263.263 276.903 281.778 282.352 308.619 319.721 332.483 322.665 346.241 379.255 320.742 349.843 330.067 -999.250 -999.250 -999.250 -999.250 -999.250 -999.250 -999.250 -999.250 -999.250 -999.250 -999.250 -999.250 -999.250 -999.250 -999.250 -999.250 -999.250 -999.250 -999.250 -999.250 -999.250 -999.250 -999.250 -999.250 -999.250 -999.250 -999.250 -999.250 -999.250 -999.250 -999.250 -999.250 -999.250 -999.250
244.615 235.882 235.762 230.456 213.750 200.002 185.478 185.109 190.167 192.799 192.825 196.483 206.481 209.459 226.297 242.416 240.488 258.392 271.510 263.641 300.019 277.807 271.145 299.605 325.847 337.594 314.384 336.692 325.215 311.349 323.592 338.582 -999.250 -999.250 -999.250 -999.250 -999.250 -999.250 -999.250 -999.250 -999.250 -999.250 -999.250 -999.250 -999.250 -999.250 -999.250 -999.250 -999.250 -999.250 -999.250 -999.250 -999.250 -999.250 -999.250 -999.250 -999.250 -999.250 -999.250 -999.250 -999.250 -999.250 -999.250 -999.250 -999.250 -999.250
247.307 237.672 233.800 219.589 217.401 203.912 180.907 186.376 189.042 196.885 192.669 198.685 210.764 220.730 229.059 240.867 250.535 263.815 260.468 281.382 317.492 285.716 294.970 283.607 312.201 322.206 314.255 330.431 299.655 305.639 320.365 307.041 -999.250 -999.250 -999.250 -999.250 -999.250 -999.250 -999.250 -999.250 -999.250 -999.250 -999.250 -999.250 -999.250 -999.250 -999.250 -999.250 -999.250 -999.250 -999.250 -999.250 -999.250 -999.250 -999.250 -999.250 -999.250 -999.250 -999.250 -999.250 -999.250 -999.250 -999.250 -999.250 -999.250 -999.250
238.455 235.373 233.471 223.725 208.233 190.950 191.369 185.984 187.433 211.959 209.011 199.380 204.301 225.005 239.063 254.791 266.440 273.600 270.230 302.015 326.129 323.753 317.842 308.274 305.882 310.771 282.444 307.629 307.195 308.382 296.103 301.367 -999.250 -999.250 -999.250 -999.250 -999.250 -999.250 -999.250 -999.250 -999.250 -999.250 -999.250 -999.250 -999.250 -999.250 -999.250 -999.250 -999.250 -999.250 -999.250 -999.250 -999.250 -999.250 -999.250 -999.250 -999.250 -999.250 -999.250 -999.250 -999.250 -999.250 -999.250 -999.250 -999.250 -999.250
245.477 233.261 232.700 224.969 211.294 206.756 189.046 201.463 202.324 210.698 214.429 196.670 216.858 230.213 245.031 254.484 270.963 272.952 283.984 319.359 327.644 315.439 316.783 311.189 309.436 309.449 304.252 298.151 285.958 320.638 321.146 -999.250 -999.250 -999.250 -999.250 -999.250 -999.250 -999.250 -999.250 -999.250 -999.250 -999.250 -999.250 -999.250 -999.250 -999.250 -999.250 -999.250 -999.250 -999.250 -999.250 -999.250 -999.250 -999.250 -999.250 -999.250 -999.250 -999.250 -999.250 -999.250 -999.250 -999.250 -999.250 -999.250 -999.250 -999.250
235.020 232.601 235.982 215.353 212.708 211.463 207.385 212.977 213.850 206.423 209.327 208.659 213.629 226.718 239.121 249.248 265.228 283.906 307.474 342.562 344.592 336.280 312.094 316.644 316.645 300.499 308.426 280.801 289.169 313.108 321.055 -999.250 -999.250 -999.250 -999.250 -999.250 -999.250 -999.250 -999.250 -999.250 -999.250 -999.250 -999.250 -999.250 -999.250 -999.250 -999.250 -999.250 -999.250 -999.250 -999.250 -999.250 -999.250 -999.250 -999.250 -999.250 -999.250 -999.250 -999.250 -999.250 -999.250 -999.250 -999.250 -999.250 -999.250 -999.250
229.413 228.174 228.972 219.552 210.552 212.444 204.862 207.212 205.317 205.377 207.313 210.122 218.548 221.339 236.240 246.859 259.473 278.879 297.781 320.959 305.894 297.110 304.862 297.797 298.479 282.288 288.078 273.467 279.030 311.943 294.375 -999.250 -999.250 -999.250 -999.250 -999.250 -999.250 -999.250 -999.250 -999.250 -999.250 -999.250 -999.250 -999.250 -999.250 -999.250 -999.250 -999.250 -999.250 -999.250 -999.250 -999.250 -999.250 -999.250 -999.250 -999.250 -999.250 -999.250 -999.250 -999.250 -999.250 -999.250 -999.250 -999.250 -999.250 -999.250
230.769 220.799 217.505 208.232 207.730 205.070 201.082 191.249 197.576 199.982 201.816 215.988 211.897 218.942 223.548 236.115 253.960 278.010 289.351 309.134 297.513 309.117 301.069 292.280 303.239 290.634 277.150 277.679 278.425 325.486 -999.250 -999.250 -999.250 -999.250 -999.250 -999.250 -999.250 -999.250 -999.250 -999.250 -999.250 -999.250 -999.250 -999.250 -999.250 -999.250 -999.250 -999.250 -999.250 -999.250 -999.250 -999.250 -999.250 -999.250 -999.250 -999.250 -999.250 -999.250 -999.250 -999.250 -999.250 -999.250 -999.250 -999.250 -999.250 -999.250
214.967 218.744 214.544 210.217 202.727 206.059 195.483 192.394 178.259 194.894 208.875 209.436 206.619 211.875 213.198 232.838 249.946 269.930 269.503 302.110 302.456 309.583 283.953 276.745 287.795 299.594 271.177 272.200 271.557 278.964 -999.250 -999.250 -999.250 -999.250 -999.250 -999.250 -999.250 -999.250 -999.250 -999.250 -999.250 -999.250 -999.250 -999.250 -999.250 -999.250 -999.250 -999.250 -999.250 -999.250 -999.250 -999.250 -999.250 -999.250 -999.250 -999.250 -999.250 -999.250 -999.250 -999.250 -999.250 -999.250 -999.250 -999.250 -999.250 -999.250
