data/medianmodel_16-Jun-2020.asc
ncols	141
nrows	288
xllcorner	-120191.398
yllcorner	-301404.813
cellsize	2000.000
NODATA_value	-999.250
[rows 186 to 216 of 288, columns 0 to 68 of 141]
100.339 98.634 109.253 123.918 141.612 129.779 116.755 152.256 172.746 195.451 203.027 232.294 216.098 184.595 140.628 117.567 129.279 135.251 -999.250 -999.250 -999.250 -999.250 -999.250 77.185 65.367 56.552 62.789 64.021 39.348 39.562 28.322 23.797 19.755 23.712 20.441 16.835 16.828 16.420 10.490 9.768 10.878 12.842 16.366 13.126 8.801 7.487 6.710 5.064 5.902 7.626 9.035 8.181 6.074 5.067 2.070 1.726 0.000 0.673 0.000 0.000 0.000 0.000 0.000 0.000 0.000 0.000 0.000 0.000 0.000
-999.250 79.010 120.325 119.804 97.939 104.495 109.827 121.315 154.874 182.848 208.396 243.211 257.460 201.998 143.540 111.635 94.210 84.487 -999.250 -999.250 -999.250 -999.250 50.202 56.713 58.043 50.250 35.528 58.361 31.927 38.646 26.388 21.934 21.840 33.353 28.743 19.800 17.119 15.784 11.993 10.833 10.042 15.877 12.832 10.341 9.513 8.926 8.290 5.885 5.174 5.764 7.457 6.291 6.483 7.861 5.126 3.603 3.622 0.193 0.143 0.000 1.254 0.000 0.000 0.000 0.000 0.000 0.000 0.000 0.000
-999.250 93.907 115.046 101.751 88.359 78.668 87.087 89.669 110.875 117.970 159.501 192.211 230.582 185.427 132.450 104.413 94.509 85.647 -999.250 -999.250 -999.250 51.027 -999.250 37.047 36.663 37.542 37.692 35.328 22.704 29.989 26.549 20.987 22.807 31.440 26.378 21.516 17.686 15.644 16.253 14.724 11.887 15.943 14.804 9.299 10.358 7.559 7.199 6.676 5.207 6.164 7.517 7.144 9.267 6.004 4.665 4.956 5.990 5.337 3.503 1.439 2.594 0.974 0.063 0.000 0.000 0.000 0.000 0.000 0.000
-999.250 89.180 83.500 61.320 77.002 67.943 72.917 79.438 95.547 90.979 91.731 126.043 160.161 135.508 101.087 94.384 88.685 -999.250 -999.250 -999.250 -999.250 29.765 30.531 24.793 21.104 40.276 32.687 23.625 18.242 17.443 22.402 36.884 27.002 41.099 25.465 21.048 19.291 16.105 13.065 12.764 13.873 16.400 10.407 8.767 9.746 7.867 3.756 5.630 6.934 5.653 5.019 4.110 3.256 6.459 5.733 5.337 6.211 5.881 0.782 3.940 3.360 0.847 0.171 0.000 0.000 0.000 0.000 0.000 0.000
-999.250 75.293 74.101 67.881 78.551 74.337 88.668 75.285 81.895 84.453 71.262 80.041 90.317 91.950 97.751 89.392 89.069 -999.250 -999.250 -999.250 35.431 37.129 27.771 22.484 23.682 20.144 20.607 18.123 20.215 14.580 17.476 25.123 25.709 21.500 28.970 27.868 16.771 11.783 10.406 14.258 14.574 16.571 14.037 8.559 10.101 5.688 5.627 5.178 5.804 6.841 4.646 4.448 3.092 6.442 5.352 3.503 4.594 6.542 4.302 5.779 4.670 1.537 1.122 0.000 0.000 0.000 0.000 0.000 0.000
-999.250 -999.250 -999.250 83.758 -999.250 -999.250 71.403 74.827 78.466 -999.250 -999.250 -999.250 81.696 83.829 -999.250 -999.250 -999.250 -999.250 -999.250 -999.250 37.620 38.433 33.410 23.388 19.706 22.313 18.894 24.121 12.631 11.601 18.116 23.005 26.344 18.639 32.608 24.791 15.486 12.714 12.970 16.130 20.127 14.740 9.777 11.939 7.828 6.624 4.966 3.593 6.600 5.356 7.077 7.115 5.341 8.316 8.590 3.370 3.532 5.160 2.754 5.868 2.552 1.008 3.121 0.000 0.000 0.000 0.000 0.000 0.000
-999.250 -999.250 -999.250 -999.250 -999.250 -999.250 -999.250 -999.250 -999.250 -999.250 -999.250 -999.250 -999.250 83.899 81.473 80.526 -999.250 -999.250 -999.250 58.471 63.143 59.729 49.157 44.500 21.858 24.019 23.864 15.812 15.237 17.944 21.701 18.817 17.242 19.151 18.532 20.730 16.251 14.151 13.317 17.940 19.003 14.407 11.074 6.312 6.909 8.885 2.848 5.099 6.054 6.741 7.356 6.290 5.378 5.264 4.862 5.354 2.807 6.925 6.032 3.649 0.859 1.599 2.593 0.000 0.000 0.000 0.538 0.000 0.000
-999.250 -999.250 -999.250 -999.250 -999.250 -999.250 -999.250 -999.250 -999.250 -999.250 -999.250 76.554 66.665 65.471 65.823 75.131 -999.250 -999.250 65.960 86.497 73.816 82.254 68.844 53.970 46.821 22.302 14.455 15.547 19.637 25.210 23.274 18.259 20.387 19.673 20.654 17.844 17.804 18.388 21.427 17.474 11.963 10.797 9.996 6.444 3.710 6.508 4.067 4.602 5.281 7.246 8.141 3.693 4.459 6.209 6.051 4.979 6.391 2.597 0.544 2.228 2.467 2.873 1.286 0.924 0.000 0.000 0.000 0.000 0.000
-999.250 -999.250 -999.250 -999.250 -999.250 -999.250 -999.250 -999.250 -999.250 -999.250 -999.250 88.957 80.909 64.051 53.267 55.055 55.693 48.979 55.756 75.890 71.900 93.158 57.761 38.479 23.491 14.293 17.116 13.875 21.272 28.977 24.498 27.234 22.260 26.758 35.498 22.041 23.390 20.253 16.304 21.632 17.857 13.254 10.238 8.711 2.830 8.566 9.297 7.216 8.780 6.144 8.123 4.756 3.950 4.113 5.635 5.860 2.451 1.174 3.796 3.785 4.098 5.002 4.538 3.961 0.000 0.000 0.000 0.000 0.019
-999.250 -999.250 -999.250 -999.250 -999.250 -999.250 -999.250 -999.250 -999.250 -999.250 -999.250 -999.250 81.050 79.435 63.483 51.304 69.150 60.852 46.392 59.126 68.594 58.243 46.380 39.797 24.523 13.224 14.244 18.058 22.896 34.029 22.592 22.205 16.962 21.941 19.380 16.838 17.160 13.016 16.491 15.135 20.087 14.827 16.991 9.394 8.993 8.153 6.771 9.207 7.064 5.257 6.813 4.980 4.777 5.777 6.341 2.732 0.771 0.549 1.076 4.300 5.009 2.167 0.000 1.842 2.102 0.000 0.000 0.000 0.000
-999.250 -999.250 -999.250 -999.250 -999.250 -999.250 -999.250 -999.250 -999.250 -999.250 -999.250 -999.250 -999.250 79.224 66.955 60.050 64.307 49.465 42.312 39.084 60.183 47.606 37.163 30.602 25.932 19.552 17.876 27.807 19.983 24.165 24.876 19.867 14.642 20.894 21.203 19.809 17.754 19.165 20.877 18.803 15.293 16.011 13.825 11.652 10.604 8.694 10.983 9.779 9.837 7.477 7.627 6.519 6.138 9.253 6.109 4.832 0.000 1.319 1.020 0.388 1.987 3.301 1.994 1.644 1.997 0.000 0.000 0.843 2.375
-999.250 -999.250 -999.250 -999.250 -999.250 -999.250 -999.250 -999.250 -999.250 -999.250 -999.250 -999.250 -999.250 59.522 50.032 51.849 45.830 38.049 21.515 25.762 36.773 41.266 40.083 24.385 29.591 22.744 19.804 20.917 22.862 23.815 21.388 20.553 18.106 19.994 21.585 23.912 19.941 16.149 13.996 13.154 14.738 12.875 12.110 10.748 12.681 10.272 8.962 10.875 8.549 8.019 5.850 5.172 8.381 5.914 8.048 3.674 1.973 3.622 1.113 2.028 3.348 3.149 1.401 0.000 1.182 3.341 0.000 2.716 4.782
-999.250 -999.250 -999.250 -999.250 -999.250 -999.250 -999.250 -999.250 -999.250 -999.250 -999.250 -999.250 -999.250 55.860 59.364 49.343 44.581 24.817 16.239 13.791 26.209 35.071 37.406 38.882 26.786 19.107 21.454 23.579 19.031 18.437 18.363 16.622 12.791 13.266 17.169 16.821 19.438 19.316 11.031 17.218 8.911 9.473 9.398 15.600 13.360 8.482 7.034 6.554 6.823 7.614 6.024 7.356 6.552 4.614 5.765 5.264 3.079 2.665 1.828 4.641 3.100 3.434 0.819 1.168 0.441 0.000 2.021 1.258 5.549
-999.250 -999.250 -999.250 -999.250 -999.250 -999.250 -999.250 -999.250 -999.250 -999.250 -999.250 -999.250 -999.250 -999.250 49.077 28.085 23.556 14.931 13.498 14.703 20.927 40.640 26.077 39.179 30.757 25.772 22.719 16.188 15.510 14.659 13.797 20.979 14.316 11.707 9.806 17.996 18.980 18.465 14.206 12.540 12.781 11.735 12.772 15.937 11.138 10.291 9.844 14.333 9.159 9.901 7.175 6.186 7.793 5.687 6.035 5.068 2.153 2.048 4.967 5.930 2.200 4.958 0.757 1.336 2.164 1.994 0.782 2.685 4.012
-999.250 -999.250 -999.250 -999.250 -999.250 -999.250 -999.250 -999.250 -999.250 -999.250 -999.250 -999.250 -999.250 -999.250 33.727 36.097 21.482 12.975 11.671 16.994 15.687 23.938 30.840 32.240 20.246 20.538 18.830 15.905 20.847 14.194 16.247 16.291 17.006 13.561 11.472 13.854 16.798 18.034 13.423 14.367 11.268 13.093 9.570 12.949 9.756 8.496 10.207 9.559 12.587 8.146 7.129 6.295 4.332 2.544 5.742 2.153 3.148 5.252 6.601 5.413 2.877 5.368 2.576 2.381 3.057 1.637 1.140 3.714 3.789
-999.250 -999.250 -999.250 -999.250 -999.250 -999.250 -999.250 -999.250 -999.250 -999.250 -999.250 -999.250 -999.250 -999.250 37.201 43.264 20.330 16.079 15.148 21.423 28.990 33.010 24.853 20.664 29.246 23.260 24.187 16.571 13.539 14.075 14.572 17.276 23.467 17.246 16.392 18.301 19.232 19.251 15.096 17.597 11.179 14.069 12.628 10.308 11.260 8.705 11.902 12.826 7.360 11.261 10.163 9.701 5.050 2.391 6.239 3.587 4.173 3.354 1.992 3.504 3.932 4.323 2.658 1.643 5.045 6.419 5.489 3.840 2.631
-999.250 -999.250 -999.250 -999.250 -999.250 -999.250 -999.250 -999.250 -999.250 -999.250 -999.250 -999.250 -999.250 -999.250 27.018 37.964 34.298 28.493 22.178 24.471 25.858 31.334 28.086 21.097 24.982 -999.250 20.061 15.324 16.471 14.566 13.553 10.713 14.730 11.108 21.677 15.443 14.594 15.889 14.315 17.159 15.514 16.215 8.749 11.622 9.705 12.417 9.683 11.005 11.296 8.342 10.588 8.789 6.506 7.088 6.234 5.367 5.709 4.687 4.708 1.408 2.563 3.539 3.952 3.511 2.670 5.266 5.721 5.596 3.819
-999.250 -999.250 -999.250 -999.250 -999.250 -999.250 -999.250 -999.250 -999.250 -999.250 -999.250 -999.250 -999.250 -999.250 27.855 34.644 34.656 32.624 18.735 20.110 35.028 28.895 30.667 -999.250 -999.250 -999.250 24.832 23.718 19.407 26.747 20.069 11.605 15.626 20.447 19.605 14.743 13.884 14.073 15.816 23.580 14.251 14.643 10.275 10.401 13.787 14.597 12.414 10.858 10.238 13.004 14.164 7.140 7.786 7.345 7.988 8.229 8.246 6.581 2.802 3.092 4.465 6.680 5.402 5.188 3.526 5.762 3.893 4.829 5.815
-999.250 -999.250 -999.250 -999.250 -999.250 -999.250 -999.250 -999.250 -999.250 -999.250 -999.250 -999.250 -999.250 20.276 42.201 34.608 35.181 32.002 26.812 20.971 23.310 18.633 -999.250 -999.250 -999.250 -999.250 -999.250 19.005 19.800 24.802 20.497 19.604 16.927 22.418 15.862 21.012 18.244 18.861 21.510 34.737 21.806 17.733 13.176 12.981 13.764 13.076 9.478 10.409 10.833 7.948 11.992 8.379 6.023 5.454 6.170 6.222 7.903 4.812 6.189 4.675 3.537 5.066 6.244 3.842 4.698 4.959 5.303 8.980 4.582
-999.250 -999.250 -999.250 -999.250 -999.250 -999.250 -999.250 -999.250 -999.250 -999.250 -999.250 -999.250 -999.250 23.950 26.461 26.022 28.932 26.769 22.241 23.665 -999.250 -999.250 -999.250 -999.250 -999.250 -999.250 -999.250 -999.250 18.374 17.215 15.219 18.939 21.154 21.931 17.036 15.496 17.885 19.136 17.278 19.882 22.479 17.374 19.479 13.587 13.997 9.022 7.340 7.919 9.337 6.545 8.355 8.427 7.982 6.300 8.536 7.912 5.494 5.814 5.842 6.592 6.916 5.125 2.901 5.271 2.986 6.705 8.600 8.689 5.966
-999.250 -999.250 -999.250 -999.250 -999.250 -999.250 -999.250 -999.250 -999.250 -999.250 -999.250 -999.250 28.803 25.328 -999.250 -999.250 -999.250 -999.250 -999.250 -999.250 -999.250 -999.250 -999.250 -999.250 -999.250 -999.250 -999.250 -999.250 -999.250 15.735 15.026 15.797 21.841 23.594 27.328 20.095 16.887 20.894 23.755 20.099 22.101 17.724 23.373 16.228 15.720 12.395 9.415 6.415 6.251 8.376 9.078 5.873 6.833 8.013 7.800 6.708 7.808 5.916 5.284 7.574 7.348 6.353 3.919 5.479 4.624 7.321 8.180 6.298 7.719
-999.250 -999.250 -999.250 -999.250 -999.250 -999.250 -999.250 -999.250 -999.250 -999.250 -999.250 -999.250 -999.250 -999.250 -999.250 -999.250 -999.250 -999.250 -999.250 -999.250 -999.250 -999.250 -999.250 -999.250 -999.250 -999.250 -999.250 -999.250 -999.250 -999.250 15.997 12.739 13.894 25.983 21.472 21.852 20.122 22.463 19.649 23.215 20.686 16.875 15.954 12.729 10.247 9.710 9.780 9.005 7.557 8.196 6.475 8.031 5.866 8.764 8.766 8.257 6.905 5.787 2.587 6.841 5.175 5.045 7.232 4.239 7.977 8.940 6.203 4.841 5.486
-999.250 -999.250 -999.250 -999.250 -999.250 -999.250 -999.250 -999.250 -999.250 -999.250 -999.250 -999.250 -999.250 -999.250 -999.250 -999.250 -999.250 -999.250 -999.250 -999.250 -999.250 -999.250 -999.250 -999.250 -999.250 -999.250 -999.250 -999.250 -999.250 -999.250 13.241 18.809 10.211 19.973 20.015 15.297 12.439 13.929 19.030 17.202 14.063 16.098 10.030 8.820 8.963 8.520 8.734 6.397 6.661 7.777 4.902 6.614 8.341 8.828 3.051 5.201 3.308 4.208 4.029 5.734 2.750 7.756 4.870 5.033 7.741 4.115 7.490 5.747 3.708
-999.250 -999.250 -999.250 -999.250 -999.250 -999.250 -999.250 -999.250 -999.250 -999.250 -999.250 -999.250 -999.250 -999.250 -999.250 -999.250 -999.250 -999.250 -999.250 -999.250 -999.250 -999.250 -999.250 -999.250 -999.250 -999.250 -999.250 -999.250 -999.250 -999.250 14.924 15.123 11.138 11.550 14.305 11.265 10.361 15.918 17.602 12.761 18.496 16.949 9.630 7.180 5.622 7.956 8.696 6.499 6.055 8.311 5.092 4.243 6.816 7.814 6.619 6.089 4.099 3.744 2.981 3.196 5.193 3.543 4.004 5.758 6.909 5.833 5.346 4.662 2.724
-999.250 -999.250 -999.250 -999.250 -999.250 -999.250 -999.250 -999.250 -999.250 -999.250 -999.250 -999.250 -999.250 -999.250 -999.250 -999.250 -999.250 -999.250 -999.250 -999.250 -999.250 -999.250 -999.250 -999.250 -999.250 -999.250 -999.250 -999.250 -999.250 -999.250 -999.250 13.091 10.426 11.628 11.422 9.172 9.433 10.179 12.180 20.204 15.254 11.054 17.154 6.360 6.728 8.844 8.172 10.214 9.623 5.315 5.066 6.429 4.726 9.377 6.341 8.576 5.815 5.792 4.585 5.031 5.223 5.044 4.671 7.350 8.114 8.388 5.548 3.932 0.374
-999.250 -999.250 -999.250 -999.250 -999.250 -999.250 -999.250 -999.250 -999.250 -999.250 -999.250 -999.250 -999.250 -999.250 -999.250 -999.250 -999.250 -999.250 -999.250 -999.250 -999.250 -999.250 -999.250 -999.250 -999.250 -999.250 -999.250 -999.250 -999.250 -999.250 -999.250 10.846 9.821 9.556 16.075 12.193 13.960 8.855 8.026 13.111 12.129 12.123 10.691 7.292 5.272 6.140 7.192 7.837 7.192 7.218 5.569 4.037 5.935 6.571 6.739 5.646 6.803 5.950 2.513 2.981 3.636 2.960 3.558 5.712 8.259 19.436 7.338 5.035 0.894
-999.250 -999.250 -999.250 -999.250 -999.250 -999.250 -999.250 -999.250 -999.250 -999.250 -999.250 -999.250 -999.250 -999.250 -999.250 -999.250 -999.250 -999.250 -999.250 -999.250 -999.250 -999.250 -999.250 -999.250 -999.250 -999.250 -999.250 -999.250 -999.250 -999.250 -999.250 12.475 12.206 12.933 10.122 12.389 9.354 9.103 10.976 12.032 15.918 17.083 10.759 7.931 4.693 1.016 4.832 7.428 8.217 5.733 4.191 5.108 4.726 6.607 2.247 5.180 5.404 5.213 3.902 3.440 4.866 1.861 4.633 4.991 8.884 8.137 5.559 3.168 2.288
-999.250 -999.250 -999.250 -999.250 -999.250 -999.250 -999.250 -999.250 -999.250 -999.250 -999.250 -999.250 -999.250 -999.250 -999.250 -999.250 -999.250 -999.250 -999.250 -999.250 -999.250 -999.250 -999.250 -999.250 -999.250 -999.250 -999.250 -999.250 -999.250 -999.250 -999.250 15.711 13.640 11.033 8.917 12.036 14.054 9.902 8.466 8.831 9.722 13.450 10.068 3.549 4.129 3.693 5.596 4.108 7.134 3.978 5.298 6.294 5.759 4.814 7.281 4.425 4.813 7.444 4.626 2.624 4.900 1.781 2.675 5.295 4.786 2.348 0.000 0.000 0.000
-999.250 -999.250 -999.250 -999.250 -999.250 -999.250 -999.250 -999.250 -999.250 -999.250 -999.250 -999.250 -999.250 -999.250 -999.250 -999.250 -999.250 -999.250 -999.250 -999.250 -999.250 -999.250 -999.250 -999.250 -999.250 -999.250 -999.250 -999.250 -999.250 -999.250 -999.250 16.791 14.197 14.625 9.493 9.082 9.691 8.042 7.069 9.040 10.472 9.678 9.507 4.408 3.785 2.664 1.825 4.238 3.634 2.417 2.942 7.564 6.419 7.237 4.916 2.700 4.855 5.041 4.356 2.289 4.732 1.780 0.248 1.788 1.832 0.000 0.000 0.000 0.000
-999.250 -999.250 -999.250 -999.250 -999.250 -999.250 -999.250 -999.250 -999.250 -999.250 -999.250 -999.250 -999.250 -999.250 -999.250 -999.250 -999.250 -999.250 -999.250 -999.250 -999.250 -999.250 -999.250 -999.250 -999.250 -999.250 -999.250 -999.250 -999.250 -999.250 -999.250 10.204 9.646 8.631 15.215 7.729 10.414 7.743 6.638 5.976 7.977 5.091 5.508 4.029 4.492 3.969 5.340 4.555 4.018 3.040 3.141 6.519 5.200 6.756 4.886 1.700 0.918 5.267 4.146 2.661 1.513 3.519 0.000 0.327 0.000 0.000 0.000 0.000 0.000
-999.250 -999.250 -999.250 -999.250 -999.250 -999.250 -999.250 -999.250 -999.250 -999.250 -999.250 -999.250 -999.250 -999.250 -999.250 -999.250 -999.250 -999.250 -999.250 -999.250 -999.250 -999.250 -999.250 -999.250 -999.250 -999.250 -999.250 -999.250 -999.250 -999.250 -999.250 12.994 8.908 9.425 7.634 4.505 7.744 8.828 3.026 5.792 7.898 4.215 4.071 4.567 8.132 5.423 4.249 2.904 3.343 7.383 6.858 5.408 8.686 8.785 4.682 5.063 1.626 0.000 0.000 0.000 2.007 1.784 0.679 0.000 0.000 0.000 0.000 0.000 0.000
