data/medianmodel_31-Mar-2020.asc
ncols	141
nrows	288
xllcorner	-120191.398
yllcorner	-301404.813
cellsize	2000.000
NODATA_value	-999.250
[rows 180 to 209 of 288, columns 0 to 68 of 141]
-999.250 -999.250 -999.250 35.650 41.501 48.226 44.316 39.919 34.701 34.127 33.370 35.361 29.830 30.774 31.225 30.644 25.782 25.128 24.147 25.557 25.997 24.156 23.059 26.040 28.036 37.007 40.591 43.630 48.177 44.193 46.694 44.072 47.890 42.416 44.978 45.014 44.099 43.165 37.977 39.215 45.629 45.187 44.632 40.773 33.975 30.822 26.402 34.481 29.940 27.713 21.208 16.571 14.647 13.874 11.388 10.840 11.370 7.804 5.050 7.167 7.310 8.774 8.596 7.693 5.801 5.926 7.267 9.165 7.857
-999.250 -999.250 -999.250 36.973 41.528 47.927 47.918 42.850 36.682 35.617 35.649 35.748 36.020 35.319 36.552 30.547 27.245 29.842 35.016 31.718 30.633 27.305 30.179 31.383 37.485 38.620 45.681 48.907 49.644 49.311 46.396 45.527 50.810 46.872 49.394 46.793 43.702 42.187 41.020 39.680 41.075 42.151 41.747 37.230 36.379 34.323 33.409 32.424 26.316 22.321 18.875 16.589 15.451 13.525 12.575 12.366 11.525 11.226 8.397 8.817 7.668 6.756 7.835 6.822 6.325 6.270 4.445 7.407 5.677
-999.250 -999.250 28.124 37.415 44.207 38.604 42.822 37.170 44.842 40.420 38.511 44.389 42.869 36.393 39.986 39.413 33.695 36.894 37.985 37.035 37.132 32.166 33.418 36.075 42.330 45.190 51.434 53.921 53.966 57.969 51.894 52.597 54.971 55.724 53.669 41.726 43.516 44.370 42.831 40.270 35.584 39.920 40.002 32.343 41.654 33.947 34.342 29.478 26.987 26.099 21.132 19.218 16.761 13.996 14.010 10.595 10.577 8.654 10.213 9.675 5.654 7.457 7.102 5.380 6.649 6.953 8.824 8.255 8.847
-999.250 -999.250 31.839 35.114 37.493 48.252 47.903 48.778 45.068 46.268 46.725 45.716 40.485 40.701 41.739 40.612 40.098 43.380 35.624 41.203 -999.250 35.651 41.247 39.792 45.022 45.586 51.681 49.522 65.351 71.891 61.652 57.207 55.171 55.916 61.955 51.158 48.367 44.232 40.829 34.995 35.405 37.951 35.112 33.390 35.165 39.237 29.436 31.958 24.036 25.964 23.430 17.986 18.468 15.043 11.804 11.705 8.214 8.796 9.930 9.027 5.685 6.753 4.432 4.767 6.128 5.194 7.781 7.646 9.996
-999.250 32.272 35.159 38.026 40.807 46.505 42.149 51.230 50.640 47.358 43.801 42.990 43.131 42.035 43.865 47.416 50.541 45.073 45.805 -999.250 -999.250 39.177 43.093 43.536 43.574 49.722 59.506 55.392 58.770 65.287 59.683 58.174 58.150 62.237 61.979 56.220 55.253 43.988 40.167 36.080 41.544 34.575 37.028 28.517 33.418 36.722 29.565 25.463 25.993 20.065 20.004 16.254 15.781 14.244 12.701 11.119 11.365 9.595 9.682 6.734 4.708 5.392 3.836 4.624 5.775 4.195 7.084 9.159 9.550
-999.250 35.838 35.249 39.226 41.604 45.182 51.834 49.068 51.031 47.054 45.993 43.582 42.668 47.879 51.924 54.002 53.534 52.861 -999.250 -999.250 -999.250 -999.250 43.149 44.647 49.279 47.399 53.265 57.484 59.330 57.589 60.040 49.599 57.262 53.670 52.362 56.416 54.871 44.103 38.153 36.029 36.589 29.420 30.329 30.368 29.289 28.489 33.802 28.177 24.886 17.723 18.562 15.726 13.532 13.728 14.613 12.312 10.642 8.750 11.246 9.806 6.652 2.996 2.942 3.976 4.440 4.067 6.835 5.907 9.946
32.969 37.434 38.765 40.787 46.321 47.211 49.714 49.761 51.030 58.508 47.202 41.368 40.127 47.142 55.947 72.300 64.286 55.645 -999.250 -999.250 -999.250 -999.250 -999.250 44.039 46.319 51.734 55.881 55.677 54.987 53.207 50.659 51.730 55.758 47.516 50.439 50.543 54.403 50.927 39.767 35.572 33.313 27.183 24.244 24.925 32.146 26.881 24.437 25.852 19.827 20.237 16.106 14.662 11.281 12.575 13.650 11.534 12.124 10.832 9.067 8.093 5.291 6.210 5.971 5.590 4.550 2.183 4.953 7.659 10.567
-999.250 40.817 42.103 42.626 46.694 39.361 45.606 49.495 48.738 51.732 45.886 41.912 42.367 51.105 64.455 83.316 76.532 66.631 -999.250 -999.250 -999.250 -999.250 43.818 38.651 41.410 44.053 48.161 48.886 53.068 56.516 49.674 46.552 50.474 50.662 48.249 40.440 50.812 38.168 40.959 28.752 26.168 23.503 21.729 23.365 27.344 23.279 21.074 21.783 17.248 16.329 12.904 13.774 13.997 14.863 13.099 13.579 13.704 10.798 11.142 10.969 9.991 8.562 8.819 4.669 3.167 0.000 4.669 8.025 12.448
-999.250 39.840 45.716 40.758 42.104 45.807 46.033 47.285 48.691 47.000 44.447 47.000 48.277 59.015 90.534 99.703 85.663 73.879 -999.250 -999.250 -999.250 41.860 -999.250 38.096 38.894 42.523 39.856 45.393 52.448 43.703 45.453 48.048 40.460 45.476 43.878 37.959 49.763 44.203 39.632 32.437 30.596 19.888 23.147 21.806 23.579 19.236 20.198 15.751 16.819 15.206 13.239 14.026 10.819 13.200 13.470 13.537 11.435 11.874 10.040 10.262 11.657 12.514 9.397 7.709 5.692 4.212 7.703 10.406 12.567
-999.250 34.791 41.517 47.497 44.636 44.602 43.397 48.115 47.522 44.867 44.706 48.073 51.320 64.753 84.055 89.982 76.207 -999.250 -999.250 -999.250 -999.250 38.105 37.614 35.151 40.412 40.848 40.863 45.628 46.823 47.450 41.716 44.603 45.704 41.676 33.717 39.064 33.372 32.422 36.071 27.458 26.567 20.816 23.872 19.071 17.781 17.940 16.200 16.080 14.433 13.761 11.674 12.340 13.017 13.409 12.473 12.188 11.861 12.023 11.611 11.768 12.653 12.987 13.311 9.069 8.096 9.576 11.098 12.094 13.247
-999.250 36.728 44.132 53.837 45.737 48.144 39.163 44.728 42.553 45.483 49.903 55.240 54.141 62.136 75.269 73.687 64.391 -999.250 -999.250 -999.250 41.474 36.962 27.771 28.970 31.078 37.462 39.282 41.869 45.484 39.880 34.374 34.820 35.669 33.311 33.542 30.697 29.656 29.892 34.598 22.795 23.006 24.833 22.655 21.734 17.067 12.288 15.255 14.209 13.318 13.627 13.140 14.980 17.834 14.420 14.652 12.423 13.752 11.987 11.234 11.569 11.805 14.561 13.630 12.906 11.095 12.826 15.837 16.369 16.235
-999.250 -999.250 -999.250 42.272 -999.250 -999.250 38.637 37.922 36.749 -999.250 -999.250 -999.250 46.924 57.685 -999.250 -999.250 -999.250 -999.250 -999.250 -999.250 45.169 33.009 29.465 26.536 26.567 30.951 35.697 37.421 36.976 34.852 30.799 35.093 33.551 31.299 24.392 25.671 27.068 20.796 26.704 22.605 22.244 22.921 21.444 16.371 13.923 11.155 14.395 12.487 15.827 12.773 17.517 17.022 16.136 16.943 17.817 17.862 14.323 13.952 14.005 12.866 11.931 15.448 16.081 14.188 15.718 16.932 18.352 19.724 17.417
-999.250 -999.250 -999.250 -999.250 -999.250 -999.250 -999.250 -999.250 -999.250 -999.250 -999.250 -999.250 -999.250 42.621 40.797 40.167 -999.250 -999.250 -999.250 55.136 47.978 37.782 30.917 26.644 23.621 27.254 27.186 30.396 28.788 31.968 32.912 27.580 34.241 24.395 23.208 22.003 20.166 19.823 24.481 21.524 20.188 20.382 19.085 17.103 13.759 8.885 11.752 12.241 12.787 14.141 14.774 14.756 15.076 15.027 17.398 13.822 13.063 12.363 13.839 13.810 13.424 14.868 16.252 18.538 21.325 18.885 19.848 22.247 18.892
-999.250 -999.250 -999.250 -999.250 -999.250 -999.250 -999.250 -999.250 -999.250 -999.250 -999.250 39.948 40.608 38.631 38.703 33.720 -999.250 -999.250 52.971 63.875 46.595 41.137 30.070 25.464 23.927 22.849 22.358 23.355 26.560 24.423 25.621 28.605 26.585 21.686 18.895 19.255 21.788 18.227 22.497 21.250 20.981 17.494 16.016 12.183 13.007 12.764 10.741 12.109 14.544 13.852 15.036 15.665 14.741 14.559 14.546 14.763 12.782 13.442 12.423 13.013 13.493 16.021 17.166 20.715 19.502 26.467 23.766 26.911 22.679
-999.250 -999.250 -999.250 -999.250 -999.250 -999.250 -999.250 -999.250 -999.250 -999.250 -999.250 27.873 30.721 30.823 29.855 27.731 31.812 38.447 45.868 52.368 47.127 40.368 30.172 26.481 21.186 20.344 18.672 21.950 21.829 22.641 23.765 22.122 22.461 19.814 17.898 20.057 18.441 16.070 17.194 15.517 16.268 16.808 15.979 13.421 12.359 13.656 15.447 14.608 14.329 15.407 13.716 15.880 16.537 15.478 16.970 16.148 14.276 16.100 15.308 13.309 18.318 20.799 20.167 22.311 23.705 25.928 31.117 32.627 29.671
-999.250 -999.250 -999.250 -999.250 -999.250 -999.250 -999.250 -999.250 -999.250 -999.250 -999.250 -999.250 25.512 24.419 24.834 19.711 24.441 29.723 40.954 45.518 43.418 34.733 26.442 25.375 20.213 15.815 17.576 18.669 18.318 19.559 21.991 20.534 19.948 18.748 17.769 18.264 17.882 14.339 13.837 13.855 14.229 13.463 12.827 14.856 14.371 13.831 14.833 15.805 16.109 15.849 13.680 15.701 18.167 18.154 18.437 18.289 16.651 18.843 18.812 15.873 16.890 17.504 19.937 24.264 24.924 28.648 29.554 37.189 33.659
-999.250 -999.250 -999.250 -999.250 -999.250 -999.250 -999.250 -999.250 -999.250 -999.250 -999.250 -999.250 -999.250 21.321 20.652 18.156 20.631 24.415 29.013 39.690 41.361 29.584 19.648 20.992 17.943 20.423 17.599 18.481 19.178 20.606 20.675 22.286 21.959 17.947 15.847 17.180 17.766 15.722 15.355 14.948 13.762 13.417 14.695 16.075 15.427 16.508 13.562 14.380 15.568 14.845 17.117 13.028 16.584 19.731 20.572 21.115 19.041 16.079 16.455 16.149 16.546 18.372 20.432 22.912 28.064 34.076 38.073 36.774 36.057
-999.250 -999.250 -999.250 -999.250 -999.250 -999.250 -999.250 -999.250 -999.250 -999.250 -999.250 -999.250 -999.250 18.433 18.880 17.656 21.473 21.864 23.782 27.259 27.944 23.919 21.590 21.761 19.221 16.640 18.072 19.577 17.806 18.006 19.194 18.785 17.945 17.527 18.372 12.665 16.870 15.792 17.810 16.472 11.783 11.391 14.558 13.556 15.230 13.968 13.600 17.081 14.785 15.933 17.088 13.992 15.430 16.641 18.075 19.687 20.792 17.082 20.295 17.305 19.327 18.984 21.184 23.907 32.666 35.253 34.799 34.761 36.004
-999.250 -999.250 -999.250 -999.250 -999.250 -999.250 -999.250 -999.250 -999.250 -999.250 -999.250 -999.250 -999.250 13.300 16.120 15.745 14.639 15.603 16.233 19.000 21.520 21.150 21.314 20.779 17.590 15.807 18.111 18.315 18.679 21.167 21.795 19.993 19.121 18.434 17.599 14.926 13.809 16.044 17.223 16.456 12.905 12.529 13.736 15.804 13.365 15.637 14.273 13.950 14.032 17.500 15.498 15.334 16.003 15.518 13.405 17.671 16.208 18.896 19.193 18.631 18.030 22.394 26.098 25.347 33.079 30.557 35.296 32.131 38.044
-999.250 -999.250 -999.250 -999.250 -999.250 -999.250 -999.250 -999.250 -999.250 -999.250 -999.250 -999.250 -999.250 -999.250 14.182 14.114 12.601 12.957 11.570 18.188 19.034 19.529 18.240 18.384 18.144 20.531 17.285 20.099 21.558 22.908 21.133 20.700 17.794 19.729 18.787 17.010 15.815 15.877 15.769 14.361 15.479 13.770 13.425 12.539 13.757 12.775 12.592 12.843 10.149 15.507 16.026 16.310 16.008 16.165 14.345 17.018 17.925 22.111 17.208 18.568 18.082 20.347 27.269 30.904 27.233 31.126 33.111 30.757 33.863
-999.250 -999.250 -999.250 -999.250 -999.250 -999.250 -999.250 -999.250 -999.250 -999.250 -999.250 -999.250 -999.250 -999.250 12.711 11.990 11.466 12.212 11.852 12.866 16.325 16.716 17.496 18.252 18.424 20.718 20.114 20.352 22.584 20.608 20.443 20.478 21.595 18.830 19.589 16.873 16.765 14.802 15.079 17.170 15.562 17.146 14.918 15.798 13.961 15.823 14.333 17.272 14.669 12.832 16.139 16.333 19.270 17.352 12.156 17.870 19.280 20.208 20.752 16.909 17.656 19.302 22.330 24.910 24.985 28.519 27.926 28.847 32.570
-999.250 -999.250 -999.250 -999.250 -999.250 -999.250 -999.250 -999.250 -999.250 -999.250 -999.250 -999.250 -999.250 -999.250 12.880 10.976 11.904 12.229 12.109 10.735 14.227 16.328 17.181 19.934 17.173 17.313 19.379 19.805 20.836 21.334 24.743 19.805 18.396 21.082 18.828 17.616 16.120 16.219 17.887 19.119 16.542 15.284 13.439 15.064 17.855 13.601 12.137 14.181 13.425 16.108 15.442 16.904 18.956 16.752 14.183 14.621 18.856 20.060 22.815 19.839 19.518 20.402 17.564 22.916 24.637 27.443 24.920 30.299 28.939
-999.250 -999.250 -999.250 -999.250 -999.250 -999.250 -999.250 -999.250 -999.250 -999.250 -999.250 -999.250 -999.250 -999.250 12.484 10.765 12.056 12.264 10.358 11.636 12.415 12.146 17.268 18.028 17.513 -999.250 19.183 19.599 20.873 20.597 19.596 21.286 19.578 18.305 18.152 20.471 17.441 19.935 19.358 15.092 17.329 13.560 14.432 14.815 13.875 12.235 12.590 13.118 11.230 11.249 15.158 17.241 16.261 16.688 14.233 19.644 18.113 21.896 19.667 21.194 22.139 20.506 20.927 21.933 20.640 26.037 27.351 24.045 28.797
-999.250 -999.250 -999.250 -999.250 -999.250 -999.250 -999.250 -999.250 -999.250 -999.250 -999.250 -999.250 -999.250 -999.250 13.847 12.649 10.892 11.377 12.174 11.503 12.442 16.511 15.986 -999.250 -999.250 -999.250 17.470 20.439 21.438 21.450 21.926 24.087 25.664 18.285 16.425 17.893 17.951 21.572 16.744 15.567 15.731 14.745 15.278 14.109 12.000 13.865 13.519 13.537 13.727 13.222 12.367 15.661 16.027 15.950 18.020 17.435 18.540 16.277 17.959 18.583 19.107 20.613 25.290 19.153 22.128 22.404 22.364 27.487 28.447
-999.250 -999.250 -999.250 -999.250 -999.250 -999.250 -999.250 -999.250 -999.250 -999.250 -999.250 -999.250 -999.250 13.653 12.830 12.890 12.354 11.850 11.141 11.602 15.491 13.677 -999.250 -999.250 -999.250 -999.250 -999.250 19.233 19.741 19.152 22.615 23.131 22.225 20.401 17.072 18.127 21.679 21.526 19.189 20.820 17.264 16.114 13.392 13.520 11.610 10.419 13.623 12.324 13.184 13.977 12.979 14.425 11.954 14.474 18.044 18.228 15.433 13.945 15.933 17.446 18.622 19.541 21.688 18.392 21.983 20.949 19.987 23.171 24.481
-999.250 -999.250 -999.250 -999.250 -999.250 -999.250 -999.250 -999.250 -999.250 -999.250 -999.250 -999.250 -999.250 13.942 13.027 14.458 12.598 12.838 13.862 13.432 -999.250 -999.250 -999.250 -999.250 -999.250 -999.250 -999.250 -999.250 19.354 21.361 21.193 22.983 23.915 20.273 18.838 20.678 21.751 22.022 20.652 19.816 16.984 17.123 15.992 15.581 11.520 13.347 14.579 13.276 15.057 16.286 17.147 16.402 13.608 17.086 15.767 19.380 14.699 17.811 16.578 16.232 14.990 19.536 18.265 15.988 16.435 19.810 19.680 24.638 19.140
-999.250 -999.250 -999.250 -999.250 -999.250 -999.250 -999.250 -999.250 -999.250 -999.250 -999.250 -999.250 17.919 14.837 -999.250 -999.250 -999.250 -999.250 -999.250 -999.250 -999.250 -999.250 -999.250 -999.250 -999.250 -999.250 -999.250 -999.250 -999.250 23.462 22.250 22.200 27.668 24.841 24.679 25.343 28.018 21.522 19.996 20.561 18.788 16.221 16.510 16.503 17.483 10.687 14.092 13.652 16.218 14.112 14.471 17.296 17.765 17.722 16.821 16.541 16.340 13.260 15.427 15.980 11.729 15.449 15.658 15.483 14.890 19.237 19.391 20.929 18.270
-999.250 -999.250 -999.250 -999.250 -999.250 -999.250 -999.250 -999.250 -999.250 -999.250 -999.250 -999.250 -999.250 -999.250 -999.250 -999.250 -999.250 -999.250 -999.250 -999.250 -999.250 -999.250 -999.250 -999.250 -999.250 -999.250 -999.250 -999.250 -999.250 -999.250 23.888 23.139 28.939 29.124 31.276 26.277 25.394 24.497 19.933 21.431 22.663 16.067 16.711 14.028 18.246 11.687 12.437 14.717 18.107 15.536 15.142 16.078 20.152 20.814 17.682 13.128 15.554 13.735 11.857 12.803 12.942 16.272 15.542 16.268 14.248 14.774 17.063 14.018 12.941
-999.250 -999.250 -999.250 -999.250 -999.250 -999.250 -999.250 -999.250 -999.250 -999.250 -999.250 -999.250 -999.250 -999.250 -999.250 -999.250 -999.250 -999.250 -999.250 -999.250 -999.250 -999.250 -999.250 -999.250 -999.250 -999.250 -999.250 -999.250 -999.250 -999.250 23.579 25.548 27.929 27.471 30.353 26.634 21.467 24.972 24.494 20.559 21.901 18.318 18.119 15.507 16.409 16.924 13.619 13.841 16.065 15.349 16.642 16.198 17.118 15.567 15.786 16.370 14.984 12.168 11.746 15.066 13.582 15.760 14.142 14.221 13.114 14.483 14.777 10.825 13.325
-999.250 -999.250 -999.250 -999.250 -999.250 -999.250 -999.250 -999.250 -999.250 -999.250 -999.250 -999.250 -999.250 -999.250 -999.250 -999.250 -999.250 -999.250 -999.250 -999.250 -999.250 -999.250 -999.250 -999.250 -999.250 -999.250 -999.250 -999.250 -999.250 -999.250 28.719 24.295 29.856 29.842 26.221 24.990 26.365 24.236 27.913 24.297 20.403 20.467 16.856 14.958 17.285 17.446 15.849 16.533 17.798 15.118 16.852 17.861 17.402 16.848 13.984 15.549 13.603 12.348 13.874 13.929 12.450 12.463 9.231 11.460 12.571 11.230 10.597 10.478 10.459
