data/medianmodel_30-Mar-2020.asc
ncols	141
nrows	288
xllcorner	-120191.398
yllcorner	-301404.813
cellsize	2000.000
NODATA_value	-999.250
[rows 217 to 247 of 288, columns 0 to 68 of 141]
-999.250 -999.250 -999.250 -999.250 -999.250 -999.250 -999.250 -999.250 -999.250 -999.250 -999.250 -999.250 -999.250 -999.250 -999.250 -999.250 -999.250 -999.250 -999.250 -999.250 -999.250 -999.250 -999.250 -999.250 -999.250 -999.250 -999.250 -999.250 -999.250 -999.250 -999.250 29.920 36.222 40.901 43.098 42.773 44.624 52.264 53.169 55.676 60.836 51.292 46.661 43.489 45.191 39.710 32.509 33.497 29.656 26.626 23.519 23.469 18.323 15.552 13.981 12.207 10.986 11.745 11.207 9.706 7.531 4.158 4.606 2.212 0.818 0.000 0.000 0.924 4.001
-999.250 -999.250 -999.250 -999.250 -999.250 -999.250 -999.250 -999.250 -999.250 -999.250 -999.250 -999.250 -999.250 -999.250 -999.250 -999.250 -999.250 -999.250 -999.250 -999.250 -999.250 -999.250 -999.250 -999.250 -999.250 -999.250 -999.250 -999.250 -999.250 -999.250 -999.250 27.715 36.848 38.330 38.005 40.761 43.445 48.664 54.000 52.855 61.336 59.378 56.346 48.334 43.086 42.012 40.651 41.955 33.459 29.676 29.356 25.584 20.329 17.515 15.047 14.843 12.146 10.661 9.553 6.816 6.809 8.731 6.202 5.563 5.768 2.541 1.461 2.513 1.806
-999.250 -999.250 -999.250 -999.250 -999.250 -999.250 -999.250 -999.250 -999.250 -999.250 -999.250 -999.250 -999.250 -999.250 -999.250 -999.250 -999.250 -999.250 -999.250 -999.250 -999.250 -999.250 -999.250 -999.250 -999.250 -999.250 -999.250 -999.250 -999.250 -999.250 -999.250 28.116 29.346 35.568 41.856 40.009 45.981 48.089 48.774 54.398 59.836 68.311 56.549 48.711 43.690 42.477 33.492 38.749 28.114 30.392 26.119 25.943 22.811 18.281 13.724 16.533 13.805 10.216 9.843 7.988 6.690 4.947 6.355 6.537 6.547 6.785 6.465 4.741 3.775
-999.250 -999.250 -999.250 -999.250 -999.250 -999.250 -999.250 -999.250 -999.250 -999.250 -999.250 -999.250 -999.250 -999.250 -999.250 -999.250 -999.250 -999.250 -999.250 -999.250 -999.250 -999.250 -999.250 -999.250 -999.250 -999.250 -999.250 -999.250 -999.250 -999.250 -999.250 27.242 30.922 32.760 34.315 33.886 41.686 42.263 50.080 52.298 61.121 60.097 54.794 48.923 43.705 36.105 37.440 36.668 35.560 31.688 27.801 26.814 20.934 18.728 16.230 13.024 12.150 11.420 9.723 9.218 8.181 8.119 8.730 7.129 9.153 8.714 8.740 5.201 5.357
-999.250 -999.250 -999.250 -999.250 -999.250 -999.250 -999.250 -999.250 -999.250 -999.250 -999.250 -999.250 -999.250 -999.250 -999.250 -999.250 -999.250 -999.250 -999.250 -999.250 -999.250 -999.250 -999.250 -999.250 -999.250 -999.250 -999.250 -999.250 -999.250 -999.250 -999.250 27.833 31.719 36.942 39.222 37.951 30.685 37.906 46.985 45.740 54.711 52.994 48.959 46.230 39.718 40.626 39.251 36.062 33.428 28.352 25.538 21.266 21.776 19.260 14.936 12.794 11.059 11.122 10.047 8.369 9.992 6.982 9.758 8.337 7.210 7.675 7.074 7.689 6.759
-999.250 -999.250 -999.250 -999.250 -999.250 -999.250 -999.250 -999.250 -999.250 -999.250 -999.250 -999.250 -999.250 -999.250 -999.250 -999.250 -999.250 -999.250 -999.250 -999.250 -999.250 -999.250 -999.250 -999.250 -999.250 -999.250 -999.250 -999.250 -999.250 -999.250 -999.250 32.745 32.844 31.952 35.320 32.770 31.683 30.875 41.120 47.661 44.415 42.553 45.887 51.050 36.880 41.738 39.614 29.989 28.554 27.200 22.327 17.050 20.258 18.783 12.656 11.179 10.510 11.998 9.939 8.628 8.136 5.771 8.657 7.884 8.411 9.855 6.765 8.045 8.513
-999.250 -999.250 -999.250 -999.250 -999.250 -999.250 -999.250 -999.250 -999.250 -999.250 -999.250 -999.250 -999.250 -999.250 -999.250 -999.250 -999.250 -999.250 -999.250 -999.250 -999.250 -999.250 -999.250 -999.250 -999.250 -999.250 -999.250 -999.250 -999.250 -999.250 25.349 28.370 29.006 30.953 32.526 30.086 30.288 32.468 38.420 42.241 45.875 43.217 49.956 41.910 37.708 34.099 31.711 27.492 27.879 28.106 19.919 19.140 14.891 12.779 16.194 12.918 11.688 10.690 9.504 9.602 7.116 9.875 8.244 8.577 5.625 9.036 10.002 9.153 9.197
-999.250 -999.250 -999.250 -999.250 -999.250 -999.250 -999.250 -999.250 -999.250 -999.250 -999.250 -999.250 -999.250 -999.250 -999.250 -999.250 -999.250 -999.250 -999.250 -999.250 -999.250 -999.250 -999.250 -999.250 -999.250 -999.250 -999.250 -999.250 -999.250 -999.250 24.875 23.794 25.679 27.263 26.456 32.282 29.402 33.403 34.088 38.013 36.689 36.748 40.795 36.034 30.059 34.991 31.999 30.945 29.750 25.141 17.574 18.382 15.666 14.164 14.527 14.603 9.954 9.827 8.461 7.911 7.223 8.739 8.427 6.875 8.013 9.823 8.762 8.827 8.950
-999.250 -999.250 -999.250 -999.250 -999.250 -999.250 -999.250 -999.250 -999.250 -999.250 -999.250 -999.250 -999.250 -999.250 -999.250 -999.250 -999.250 -999.250 -999.250 -999.250 -999.250 -999.250 -999.250 -999.250 -999.250 -999.250 -999.250 -999.250 -999.250 -999.250 21.162 26.276 26.944 27.293 28.479 27.984 27.758 30.901 32.995 31.226 30.148 30.123 32.707 32.713 32.655 28.934 34.552 29.422 25.412 25.405 24.705 19.632 15.765 16.970 14.287 12.261 8.111 9.374 5.980 7.494 9.548 8.433 7.849 8.715 7.818 7.925 8.465 8.933 8.109
-999.250 -999.250 -999.250 -999.250 -999.250 -999.250 -999.250 -999.250 -999.250 -999.250 -999.250 -999.250 -999.250 -999.250 -999.250 -999.250 -999.250 -999.250 -999.250 -999.250 -999.250 -999.250 -999.250 -999.250 -999.250 -999.250 -999.250 -999.250 -999.250 -999.250 24.999 24.372 23.730 28.402 27.513 30.257 28.153 30.754 32.451 29.190 26.479 30.704 35.499 31.022 25.239 27.224 27.656 25.028 24.704 20.096 23.683 15.841 11.446 12.254 13.512 11.400 9.324 5.958 4.816 6.748 5.660 7.069 8.037 8.352 6.575 8.878 8.171 7.429 7.599
-999.250 -999.250 -999.250 -999.250 -999.250 -999.250 -999.250 -999.250 -999.250 -999.250 -999.250 -999.250 -999.250 -999.250 -999.250 -999.250 -999.250 -999.250 -999.250 -999.250 -999.250 -999.250 -999.250 -999.250 -999.250 -999.250 -999.250 -999.250 -999.250 24.016 26.427 24.668 22.098 25.592 23.382 26.663 25.902 26.626 23.675 25.364 27.654 27.941 30.330 24.450 23.902 28.372 25.147 21.850 20.783 17.374 13.830 11.594 12.215 10.293 12.072 8.329 3.743 0.000 1.472 4.890 6.980 6.316 9.076 7.016 9.120 9.406 9.640 9.950 9.822
-999.250 -999.250 -999.250 -999.250 -999.250 -999.250 -999.250 -999.250 -999.250 -999.250 -999.250 -999.250 -999.250 -999.250 -999.250 -999.250 -999.250 -999.250 -999.250 -999.250 -999.250 -999.250 -999.250 -999.250 -999.250 -999.250 -999.250 -999.250 -999.250 22.141 27.117 25.067 22.415 23.008 23.408 22.456 23.746 22.483 20.110 21.244 23.054 26.747 25.082 28.868 22.498 19.964 22.345 19.656 23.501 18.950 14.401 13.785 13.235 13.221 10.028 6.513 6.475 1.297 2.319 7.867 6.516 9.596 8.908 8.139 8.454 9.592 10.699 11.389 8.613
-999.250 -999.250 -999.250 -999.250 -999.250 -999.250 -999.250 -999.250 -999.250 -999.250 -999.250 -999.250 -999.250 -999.250 -999.250 -999.250 -999.250 -999.250 -999.250 -999.250 -999.250 -999.250 -999.250 -999.250 -999.250 -999.250 -999.250 -999.250 20.343 22.236 20.623 21.701 19.144 21.459 22.357 20.785 20.840 19.491 20.137 19.779 20.398 22.674 23.291 24.863 21.759 20.019 18.473 22.255 21.081 17.701 16.285 15.699 13.018 13.408 9.423 7.650 6.139 4.297 4.586 4.993 5.601 6.490 7.927 8.044 11.451 10.833 11.067 12.064 10.288
-999.250 -999.250 -999.250 -999.250 -999.250 -999.250 -999.250 -999.250 -999.250 -999.250 -999.250 -999.250 -999.250 -999.250 -999.250 -999.250 -999.250 -999.250 -999.250 -999.250 -999.250 -999.250 -999.250 -999.250 -999.250 -999.250 -999.250 -999.250 17.864 19.436 20.705 17.410 16.118 22.581 19.349 19.966 20.084 19.250 19.848 19.447 17.798 17.837 21.606 22.808 22.730 21.523 16.435 19.819 16.726 16.153 13.099 14.176 15.813 11.456 10.208 9.810 5.605 6.294 4.351 3.400 4.917 7.000 8.264 10.284 12.396 12.091 10.860 12.293 9.988
-999.250 -999.250 -999.250 -999.250 -999.250 -999.250 -999.250 -999.250 -999.250 -999.250 -999.250 -999.250 -999.250 -999.250 -999.250 -999.250 -999.250 -999.250 -999.250 -999.250 -999.250 -999.250 -999.250 -999.250 -999.250 -999.250 -999.250 15.387 14.273 17.875 17.568 17.096 17.841 17.612 17.263 16.445 18.434 18.943 19.254 19.669 19.402 17.896 17.161 21.544 17.540 17.315 19.416 19.842 14.406 17.755 16.096 16.231 14.517 10.539 10.210 7.481 8.736 5.401 4.979 5.350 6.840 8.211 9.339 9.123 12.223 12.710 11.617 10.677 11.767
-999.250 -999.250 -999.250 -999.250 -999.250 -999.250 -999.250 -999.250 -999.250 -999.250 -999.250 -999.250 -999.250 -999.250 -999.250 -999.250 -999.250 -999.250 -999.250 -999.250 -999.250 -999.250 -999.250 -999.250 -999.250 -999.250 -999.250 13.389 16.802 16.682 14.300 14.583 15.708 15.781 15.337 16.143 18.411 17.538 21.371 20.149 19.916 16.397 16.161 18.153 15.949 14.014 13.730 14.156 16.497 16.414 13.331 12.829 10.211 9.596 10.598 8.565 9.227 7.821 7.666 4.835 7.839 6.928 10.174 11.280 12.709 10.707 12.084 11.341 12.076
-999.250 -999.250 -999.250 -999.250 -999.250 -999.250 -999.250 -999.250 -999.250 -999.250 -999.250 -999.250 -999.250 -999.250 -999.250 -999.250 -999.250 -999.250 -999.250 -999.250 -999.250 -999.250 -999.250 -999.250 -999.250 -999.250 -999.250 -999.250 16.358 17.754 15.683 15.050 14.296 16.300 17.023 19.305 17.383 15.599 16.836 17.108 21.428 17.054 17.061 16.128 16.847 12.837 14.985 15.245 16.099 14.659 13.822 13.426 10.751 10.895 9.007 6.582 8.576 8.134 4.980 6.329 5.909 8.158 9.715 9.152 9.475 10.372 11.195 11.880 12.511
-999.250 -999.250 -999.250 -999.250 -999.250 -999.250 -999.250 -999.250 -999.250 -999.250 -999.250 -999.250 -999.250 -999.250 -999.250 -999.250 -999.250 -999.250 -999.250 -999.250 -999.250 -999.250 -999.250 -999.250 -999.250 -999.250 -999.250 -999.250 -999.250 -999.250 16.155 14.298 15.984 13.360 14.041 16.102 17.023 16.226 18.189 20.675 22.899 16.931 16.005 18.435 18.187 16.569 15.462 13.526 13.639 13.219 12.346 13.191 11.332 10.418 12.108 9.544 7.138 7.200 6.096 4.224 5.205 7.840 11.153 10.399 10.430 11.427 12.380 11.549 11.854
-999.250 -999.250 -999.250 -999.250 -999.250 -999.250 -999.250 -999.250 -999.250 -999.250 -999.250 -999.250 -999.250 -999.250 -999.250 -999.250 -999.250 -999.250 -999.250 -999.250 -999.250 -999.250 -999.250 -999.250 -999.250 -999.250 -999.250 -999.250 -999.250 -999.250 14.680 14.502 15.333 13.325 15.528 15.061 18.548 17.420 16.944 18.488 13.549 15.212 16.319 14.126 17.511 14.229 16.352 16.467 15.287 15.307 12.506 12.164 12.022 10.372 11.205 12.013 8.914 3.915 3.659 1.179 3.761 7.408 10.402 8.810 10.392 10.309 11.770 13.868 12.677
-999.250 -999.250 -999.250 -999.250 -999.250 -999.250 -999.250 -999.250 -999.250 -999.250 -999.250 -999.250 -999.250 -999.250 -999.250 -999.250 -999.250 -999.250 -999.250 -999.250 -999.250 -999.250 -999.250 -999.250 -999.250 -999.250 -999.250 -999.250 -999.250 -999.250 13.918 12.933 15.991 14.536 17.023 14.169 15.522 15.960 17.085 14.560 16.897 13.467 15.907 17.515 17.148 14.978 14.662 15.037 15.063 12.076 14.090 10.446 9.754 10.003 10.598 8.729 8.713 4.965 2.936 0.000 2.182 4.672 6.327 10.318 9.175 8.135 9.990 13.488 11.141
-999.250 -999.250 -999.250 -999.250 -999.250 -999.250 -999.250 -999.250 -999.250 -999.250 -999.250 -999.250 -999.250 -999.250 -999.250 -999.250 -999.250 -999.250 -999.250 -999.250 -999.250 -999.250 -999.250 -999.250 -999.250 -999.250 -999.250 -999.250 -999.250 -999.250 -999.250 12.216 14.561 15.599 14.515 13.562 13.429 13.352 16.242 15.505 17.725 14.009 16.972 18.867 17.456 14.399 13.977 12.101 14.296 11.386 12.096 12.273 11.143 8.842 8.489 6.608 9.625 7.751 4.849 2.032 4.844 6.349 5.228 7.915 7.498 9.814 10.655 11.447 13.795
-999.250 -999.250 -999.250 -999.250 -999.250 -999.250 -999.250 -999.250 -999.250 -999.250 -999.250 -999.250 -999.250 -999.250 -999.250 -999.250 -999.250 -999.250 -999.250 -999.250 -999.250 -999.250 -999.250 -999.250 -999.250 -999.250 -999.250 -999.250 -999.250 -999.250 12.799 13.571 14.954 12.635 14.236 13.079 13.486 14.572 15.250 15.167 14.393 12.924 18.084 17.236 16.609 13.563 14.384 12.152 13.551 13.120 11.351 11.696 11.635 10.242 8.664 7.362 4.673 6.190 5.090 4.991 3.720 7.703 7.920 7.038 9.879 9.866 12.146 10.894 13.246
-999.250 -999.250 -999.250 -999.250 -999.250 -999.250 -999.250 -999.250 -999.250 -999.250 -999.250 -999.250 -999.250 -999.250 -999.250 -999.250 -999.250 -999.250 -999.250 -999.250 -999.250 -999.250 -999.250 -999.250 -999.250 -999.250 -999.250 -999.250 -999.250 -999.250 -999.250 11.330 11.352 12.726 12.272 13.770 13.949 13.769 16.145 12.832 14.600 16.292 17.473 16.608 21.018 16.541 16.456 13.759 13.075 13.193 12.534 13.550 11.925 10.343 7.746 7.125 7.314 4.001 4.407 5.113 4.889 7.022 4.134 8.309 7.636 11.904 9.896 13.379 13.175
-999.250 -999.250 -999.250 -999.250 -999.250 -999.250 -999.250 -999.250 -999.250 -999.250 -999.250 -999.250 -999.250 -999.250 -999.250 -999.250 -999.250 -999.250 -999.250 -999.250 -999.250 -999.250 -999.250 -999.250 -999.250 -999.250 -999.250 -999.250 -999.250 -999.250 12.179 13.464 14.447 13.138 14.573 14.737 12.382 14.218 14.960 16.060 15.492 15.553 15.863 19.644 20.117 17.549 16.103 13.312 12.924 13.026 12.176 13.455 14.777 10.146 7.739 7.064 6.926 5.681 4.711 6.599 6.689 7.246 7.739 10.483 10.269 9.954 11.407 13.871 14.066
-999.250 -999.250 -999.250 -999.250 -999.250 -999.250 -999.250 -999.250 -999.250 -999.250 -999.250 -999.250 -999.250 -999.250 -999.250 -999.250 -999.250 -999.250 -999.250 -999.250 -999.250 -999.250 -999.250 -999.250 -999.250 -999.250 -999.250 -999.250 -999.250 -999.250 12.595 13.590 12.359 14.906 15.010 13.753 13.238 13.232 13.660 14.492 14.732 14.260 17.043 16.936 18.057 14.331 13.304 12.113 11.923 13.878 14.032 10.922 8.899 8.612 8.174 6.784 6.547 6.027 6.302 7.049 5.738 7.133 8.499 10.066 10.668 12.698 10.557 13.674 13.225
-999.250 -999.250 -999.250 -999.250 -999.250 -999.250 -999.250 -999.250 -999.250 -999.250 -999.250 -999.250 -999.250 -999.250 -999.250 -999.250 -999.250 -999.250 -999.250 -999.250 -999.250 -999.250 -999.250 -999.250 -999.250 -999.250 -999.250 -999.250 -999.250 -999.250 10.609 13.600 12.095 13.163 14.406 14.791 13.833 13.611 13.387 14.721 17.020 16.134 15.871 16.907 14.399 13.269 13.479 13.415 12.853 10.559 10.694 9.400 11.076 8.797 5.104 6.577 5.209 5.038 4.118 7.509 7.793 6.892 9.768 7.121 10.405 10.896 12.333 14.105 11.718
-999.250 -999.250 -999.250 -999.250 -999.250 -999.250 -999.250 -999.250 -999.250 -999.250 -999.250 -999.250 -999.250 -999.250 -999.250 -999.250 -999.250 -999.250 -999.250 -999.250 -999.250 -999.250 -999.250 -999.250 -999.250 -999.250 -999.250 -999.250 -999.250 -999.250 12.507 15.205 11.411 12.227 17.540 14.964 16.555 13.684 10.362 13.307 15.759 13.774 14.253 16.003 14.705 12.026 14.196 12.733 10.367 8.829 10.748 11.134 9.315 9.879 9.104 4.800 5.230 5.247 3.147 5.085 4.522 4.830 5.022 7.918 9.876 11.114 10.421 13.329 13.484
-999.250 -999.250 -999.250 -999.250 -999.250 -999.250 -999.250 -999.250 -999.250 -999.250 -999.250 -999.250 -999.250 -999.250 -999.250 -999.250 -999.250 -999.250 -999.250 -999.250 -999.250 -999.250 -999.250 -999.250 -999.250 -999.250 -999.250 -999.250 -999.250 -999.250 11.612 14.433 12.714 13.361 13.344 15.984 13.740 15.061 12.659 11.882 13.293 13.530 11.598 12.233 14.022 11.967 12.519 12.056 10.337 9.728 11.304 8.877 10.138 10.911 8.974 8.483 7.285 5.956 5.601 5.737 2.411 2.061 1.010 5.530 11.397 11.832 10.839 10.672 10.494
-999.250 -999.250 -999.250 -999.250 -999.250 -999.250 -999.250 -999.250 -999.250 -999.250 -999.250 -999.250 -999.250 -999.250 -999.250 -999.250 -999.250 -999.250 -999.250 -999.250 -999.250 -999.250 -999.250 -999.250 -999.250 -999.250 -999.250 -999.250 -999.250 -999.250 -999.250 14.035 14.325 13.874 15.036 14.160 11.664 13.691 12.596 12.887 11.353 12.104 13.697 12.235 11.084 11.088 13.451 11.626 12.550 12.608 11.273 9.204 10.021 9.984 7.117 8.182 7.719 7.853 5.230 5.015 0.101 0.000 2.930 5.769 9.177 9.595 10.316 12.651 13.621
-999.250 -999.250 -999.250 -999.250 -999.250 -999.250 -999.250 -999.250 -999.250 -999.250 -999.250 -999.250 -999.250 -999.250 -999.250 -999.250 -999.250 -999.250 -999.250 -999.250 -999.250 -999.250 -999.250 -999.250 -999.250 -999.250 -999.250 -999.250 -999.250 -999.250 -999.250 12.567 13.963 12.593 14.409 14.158 12.290 11.357 11.837 13.247 12.429 9.876 10.265 10.623 11.408 12.117 15.053 14.120 12.329 12.955 13.324 12.338 9.540 10.161 9.698 5.441 5.654 5.790 5.320 6.315 1.999 2.644 5.310 8.359 7.576 8.905 10.957 13.301 12.814
-999.250 -999.250 -999.250 -999.250 -999.250 -999.250 -999.250 -999.250 -999.250 -999.250 -999.250 -999.250 -999.250 -999.250 -999.250 -999.250 -999.250 -999.250 -999.250 -999.250 -999.250 -999.250 -999.250 -999.250 -999.250 -999.250 -999.250 -999.250 -999.250 -999.250 13.202 12.065 13.974 12.181 14.910 11.430 10.785 11.370 9.699 13.102 12.982 12.101 13.089 10.031 12.649 13.487 11.470 12.102 12.477 12.181 11.601 10.921 8.853 7.373 6.668 5.108 6.220 7.112 5.606 6.760 6.482 6.181 6.101 6.903 9.945 10.222 11.309 13.392 13.709
