data/medianmodel_09-Jan-2021.asc
ncols	141
nrows	288
xllcorner	-120191.398
yllcorner	-301404.813
cellsize	2000.000
NODATA_value	-999.250
[rows 87 to 115 of 288, columns 64 to 127 of 141]
990.972 1002.572 1044.133 1028.564 1001.795 1077.152 1135.919 1173.887 1213.696 1313.729 1410.570 1463.682 1488.923 1457.643 1548.193 1612.175 1638.007 1838.116 1875.794 1987.726 2066.999 2114.563 1980.771 1737.322 1549.311 1409.143 1249.670 1172.789 1189.088 1224.681 1193.195 1214.157 1232.224 1276.551 1302.102 1240.402 1127.872 1081.006 981.630 917.048 850.294 740.300 689.418 575.521 491.497 456.665 381.772 328.908 212.227 205.812 -999.250 -999.250 -999.250 -999.250 -999.250 -999.250 -999.250 -999.250 -999.250 -999.250 -999.250 -999.250 -999.250 -999.250
1040.982 1092.379 1105.233 1049.946 1031.687 1074.277 1142.050 1213.438 1227.563 1277.812 1316.745 1327.630 1288.713 1335.419 1354.231 1345.540 1296.658 1335.378 1434.620 1512.221 1608.220 1683.687 1554.492 1376.488 1301.100 1245.453 1159.154 1168.523 1121.627 1083.075 1163.680 1158.869 1199.269 1267.674 1216.595 1143.594 1084.800 1016.222 934.669 865.033 769.075 671.621 582.249 506.554 420.403 362.003 332.206 253.753 202.136 180.090 165.577 164.571 -999.250 -999.250 -999.250 -999.250 -999.250 -999.250 -999.250 -999.250 -999.250 -999.250 -999.250 -999.250
1116.527 1098.748 1076.444 1078.638 1125.018 1123.352 1154.937 1179.282 1156.010 1186.322 1195.250 1171.516 1214.383 1204.107 1185.197 1152.020 1081.557 969.034 942.440 1063.428 1179.253 1212.654 1202.352 1159.010 1100.127 1053.803 1030.431 1045.965 1072.345 1033.343 1087.319 1153.548 1123.955 1149.499 1124.834 1078.126 905.072 907.741 835.139 765.243 707.966 586.854 527.944 449.496 370.124 268.843 246.815 207.237 178.825 165.738 147.364 145.106 -999.250 -999.250 -999.250 -999.250 -999.250 -999.250 -999.250 -999.250 -999.250 -999.250 -999.250 -999.250
1114.469 1048.104 1090.907 1118.338 1104.234 1154.175 1151.375 1142.065 1123.268 1066.802 1106.983 1093.266 1090.671 1059.855 1054.950 900.266 824.200 697.382 484.379 689.831 825.521 875.059 883.533 878.537 912.079 920.888 919.143 898.029 970.403 970.220 1052.138 999.103 1014.930 965.901 984.431 935.053 884.327 834.295 781.939 708.307 643.756 523.825 479.217 397.852 389.520 273.592 207.460 189.236 174.924 156.818 158.375 156.202 -999.250 -999.250 -999.250 -999.250 -999.250 -999.250 -999.250 -999.250 -999.250 -999.250 -999.250 -999.250
1116.748 1159.536 1176.120 1138.913 1134.011 1145.331 1076.766 1107.969 1084.983 1035.991 1017.817 1022.890 947.029 926.526 859.556 792.603 702.492 527.018 435.371 484.983 594.431 631.880 704.238 744.153 764.646 798.270 781.365 832.100 879.628 900.700 915.878 932.704 914.145 895.811 888.061 866.912 806.045 788.740 714.461 656.482 558.525 473.778 481.204 414.037 329.571 238.060 209.828 177.762 161.829 179.127 183.498 -999.250 -999.250 -999.250 -999.250 -999.250 -999.250 -999.250 -999.250 -999.250 -999.250 -999.250 -999.250 -999.250
1161.567 1179.979 1199.780 1182.849 1174.500 1164.249 1117.027 1052.739 1059.559 959.616 977.214 949.607 922.967 873.455 775.802 697.336 617.879 483.815 386.000 412.322 440.283 490.031 516.685 568.521 613.526 697.458 745.179 764.314 809.432 827.292 856.255 821.392 844.513 845.741 841.779 811.018 781.713 732.527 683.262 581.204 516.222 502.198 474.600 465.889 340.651 315.229 220.264 211.196 189.676 204.483 214.053 -999.250 -999.250 -999.250 -999.250 -999.250 -999.250 -999.250 -999.250 -999.250 -999.250 -999.250 -999.250 -999.250
1129.106 1225.314 1252.653 1254.256 1193.530 1162.733 1133.170 1013.246 994.875 941.763 882.197 876.441 863.776 812.955 731.600 661.581 532.596 459.281 375.485 333.259 328.982 364.746 435.132 485.134 497.525 593.979 655.706 684.770 739.062 763.123 796.296 815.716 828.769 804.144 798.745 740.758 716.418 686.913 659.936 570.404 504.079 458.550 465.843 404.374 381.717 343.490 317.779 335.797 250.118 208.736 -999.250 -999.250 -999.250 -999.250 -999.250 -999.250 -999.250 -999.250 -999.250 -999.250 -999.250 -999.250 -999.250 -999.250
1202.103 1260.340 1271.685 1315.931 1225.847 1184.264 1159.124 1098.129 979.537 911.071 882.737 835.378 812.975 771.571 720.417 637.669 543.046 464.792 379.574 299.133 278.141 264.836 309.929 356.874 456.464 526.376 575.189 642.826 716.411 718.984 760.467 751.379 754.815 767.047 737.371 736.618 708.187 649.033 654.123 577.964 519.918 490.849 454.529 431.746 423.155 404.832 339.193 320.577 330.973 318.275 -999.250 -999.250 -999.250 -999.250 -999.250 -999.250 -999.250 -999.250 -999.250 -999.250 -999.250 -999.250 -999.250 -999.250
1235.893 1306.138 1278.574 1304.703 1240.228 1171.023 1133.141 1074.849 1003.790 918.771 850.500 825.628 812.385 746.021 719.246 645.444 539.693 448.579 360.828 301.346 218.097 199.534 225.034 328.635 415.365 476.993 537.513 611.037 644.677 695.525 722.473 722.316 700.952 736.766 729.639 708.559 693.338 672.902 612.363 539.681 510.815 528.022 459.768 465.336 457.191 426.098 428.636 356.853 387.845 404.480 -999.250 -999.250 -999.250 -999.250 -999.250 -999.250 -999.250 -999.250 -999.250 -999.250 -999.250 -999.250 -999.250 -999.250
1282.297 1281.007 1290.411 1247.230 1280.333 1214.178 1205.266 1112.791 1033.376 915.792 880.428 845.808 784.704 734.113 712.199 670.145 553.220 468.143 343.506 253.145 198.645 182.441 211.788 294.215 344.081 448.355 533.897 602.787 656.727 714.837 715.252 712.442 718.533 746.704 693.034 706.192 674.751 679.697 635.487 580.342 533.890 507.207 516.369 496.692 494.439 506.111 458.577 448.646 470.096 466.539 486.551 -999.250 -999.250 -999.250 -999.250 -999.250 -999.250 -999.250 -999.250 -999.250 -999.250 -999.250 -999.250 -999.250
1325.326 1357.215 1289.019 1286.191 1257.889 1235.050 1170.527 1113.720 1057.596 938.575 869.181 832.163 776.628 733.338 687.963 619.030 566.988 479.004 376.266 283.544 209.806 191.340 204.468 266.347 349.885 451.131 537.655 629.437 683.639 707.141 706.481 726.319 745.337 744.510 746.887 710.144 698.089 678.634 644.449 596.976 567.190 558.486 566.150 562.999 536.471 543.527 511.878 523.171 511.596 539.774 550.869 615.900 -999.250 -999.250 -999.250 -999.250 -999.250 -999.250 -999.250 -999.250 -999.250 -999.250 -999.250 -999.250
1372.273 1371.273 1313.109 1307.870 1236.138 1198.849 1204.812 1135.017 1071.608 989.546 881.458 844.146 778.037 712.487 654.606 614.038 518.809 495.926 382.976 317.807 243.627 219.319 273.987 316.571 388.043 482.735 520.409 586.629 689.716 750.234 741.924 747.242 749.041 747.029 729.606 707.545 710.436 717.799 710.118 634.137 641.287 615.171 678.546 675.213 653.081 613.806 614.884 617.851 612.796 612.150 679.923 699.883 704.104 -999.250 -999.250 -999.250 -999.250 -999.250 -999.250 -999.250 -999.250 -999.250 -999.250 -999.250
1300.103 1347.204 1287.171 1248.458 1217.291 1158.779 1135.736 1127.353 1064.769 959.601 857.841 802.859 768.314 715.201 637.205 574.739 502.555 443.592 416.678 332.293 323.370 278.137 314.001 336.529 411.576 493.603 550.270 620.721 685.476 728.298 749.528 757.375 764.649 783.866 749.240 732.527 744.490 750.177 732.944 729.850 699.102 727.367 745.516 724.645 712.957 684.036 682.301 652.678 685.477 664.074 698.007 741.765 -999.250 -999.250 -999.250 -999.250 -999.250 -999.250 -999.250 -999.250 -999.250 -999.250 -999.250 -999.250
1225.379 1264.564 1257.475 1275.886 1189.259 1197.743 1174.368 1100.190 1023.373 975.212 871.776 795.150 746.064 672.953 630.018 544.877 505.413 480.645 419.011 363.429 313.815 314.507 357.458 401.922 443.932 516.619 588.009 615.290 685.214 721.630 761.253 779.950 797.969 786.335 804.948 782.642 815.410 795.762 807.245 787.843 784.505 792.943 806.301 789.720 763.981 759.934 744.754 746.195 739.259 759.431 768.096 802.296 822.350 -999.250 -999.250 -999.250 -999.250 -999.250 -999.250 -999.250 -999.250 -999.250 -999.250 -999.250
1202.402 1200.991 1223.515 1237.325 1199.796 1181.722 1143.133 1085.710 1010.192 923.035 840.070 754.641 733.789 662.820 613.904 540.497 496.363 474.546 467.199 395.360 379.133 361.763 419.287 447.265 496.177 519.068 596.801 639.943 702.595 732.636 772.087 790.161 824.837 817.464 832.102 838.522 867.058 884.258 877.757 862.162 886.740 875.462 877.631 841.256 814.477 801.559 791.467 767.650 795.310 816.504 797.447 -999.250 -999.250 -999.250 -999.250 -999.250 -999.250 -999.250 -999.250 -999.250 -999.250 -999.250 -999.250 -999.250
1214.239 1209.809 1249.337 1258.435 1203.456 1180.993 1097.438 1006.114 978.314 879.723 823.003 797.508 725.826 663.484 591.837 545.449 517.390 490.429 479.585 495.255 453.212 462.200 477.167 521.129 565.673 585.044 633.474 700.580 735.663 778.454 783.147 798.673 833.003 859.850 883.138 897.612 935.539 989.701 945.215 926.325 902.013 937.898 898.453 922.859 884.172 871.744 848.675 866.114 843.049 847.508 -999.250 -999.250 -999.250 -999.250 -999.250 -999.250 -999.250 -999.250 -999.250 -999.250 -999.250 -999.250 -999.250 -999.250
1225.916 1215.348 1202.172 1187.417 1172.294 1137.740 1026.388 1013.496 1004.585 864.210 804.743 758.630 728.575 624.821 573.549 531.614 546.310 536.858 530.431 545.369 527.088 543.940 540.428 587.770 627.520 649.988 676.505 755.274 776.171 791.512 795.200 836.578 877.030 904.200 909.237 996.455 1072.690 1089.688 1062.128 1016.493 990.625 991.789 956.239 927.814 971.675 962.585 948.256 895.015 910.431 878.099 -999.250 -999.250 -999.250 -999.250 -999.250 -999.250 -999.250 -999.250 -999.250 -999.250 -999.250 -999.250 -999.250 -999.250
1217.958 1243.151 1223.849 1172.106 1153.636 1073.517 1028.987 946.663 913.467 835.035 758.208 723.216 702.788 653.535 579.045 568.514 548.078 545.401 531.351 553.501 566.541 565.756 623.867 652.966 710.456 711.434 743.929 783.753 798.616 845.728 873.922 884.447 924.341 986.471 1016.476 1091.273 1171.188 1187.004 1160.926 1151.261 1120.463 1114.926 1060.815 1052.196 1086.529 1042.189 995.351 1013.585 940.840 -999.250 -999.250 -999.250 -999.250 -999.250 -999.250 -999.250 -999.250 -999.250 -999.250 -999.250 -999.250 -999.250 -999.250 -999.250
1235.172 1206.105 1194.061 1175.140 1124.557 1044.109 999.836 885.360 826.841 798.195 727.287 727.306 681.161 631.604 615.929 593.509 572.573 553.992 549.177 575.103 593.461 640.496 702.769 721.144 756.219 783.931 819.074 875.490 883.073 902.011 938.717 994.442 1077.617 1100.424 1130.267 1158.315 1232.589 1232.519 1266.328 1243.953 1201.517 1213.004 1156.659 1156.838 1172.563 -999.250 -999.250 -999.250 -999.250 -999.250 -999.250 -999.250 -999.250 -999.250 -999.250 -999.250 -999.250 -999.250 -999.250 -999.250 -999.250 -999.250 -999.250 -999.250
1268.361 1199.991 1138.220 1081.384 1047.578 976.346 892.916 852.955 778.344 749.156 661.491 666.966 655.634 608.503 647.500 648.272 652.110 655.148 630.756 636.537 659.444 715.837 744.984 793.462 825.706 856.857 856.187 937.499 959.574 1001.121 1052.622 1151.017 1186.281 1196.632 1238.348 1249.362 1285.672 1283.199 1281.200 1300.563 1309.438 1265.222 1219.722 -999.250 -999.250 -999.250 -999.250 -999.250 -999.250 -999.250 -999.250 -999.250 -999.250 -999.250 -999.250 -999.250 -999.250 -999.250 -999.250 -999.250 -999.250 -999.250 -999.250 -999.250
1255.846 1188.165 1138.350 1017.480 953.402 901.304 847.282 773.530 743.276 695.126 629.374 628.027 622.495 623.585 621.182 629.683 619.979 660.539 679.456 697.880 746.018 769.871 842.492 875.798 891.044 937.253 946.924 980.851 1048.037 1094.870 1126.165 1170.584 1217.566 1261.187 1268.496 1371.502 1360.576 1336.815 1430.670 1435.354 1452.616 1403.678 1291.244 -999.250 -999.250 -999.250 -999.250 -999.250 -999.250 -999.250 -999.250 -999.250 -999.250 -999.250 -999.250 -999.250 -999.250 -999.250 -999.250 -999.250 -999.250 -999.250 -999.250 -999.250
1279.091 1202.143 1094.453 1020.696 942.049 830.975 769.624 725.109 665.173 641.512 596.192 583.357 577.505 576.809 639.324 629.124 650.116 683.593 690.630 748.778 796.551 841.268 909.336 960.623 977.066 1019.620 1058.294 1055.841 1145.761 1151.556 1187.123 1220.466 1270.486 1331.741 1390.809 1389.335 1402.519 1428.762 1534.922 1567.916 1625.345 1448.234 1418.244 -999.250 -999.250 -999.250 -999.250 -999.250 -999.250 -999.250 -999.250 -999.250 -999.250 -999.250 -999.250 -999.250 -999.250 -999.250 -999.250 -999.250 -999.250 -999.250 -999.250 -999.250
1284.810 1157.652 1111.717 926.822 832.843 772.077 710.470 650.435 580.709 555.741 580.512 540.198 562.441 567.370 589.837 617.734 661.423 698.138 734.745 776.102 836.756 914.702 1019.426 1107.377 1119.732 1080.869 1131.586 1128.842 1163.326 1204.972 1216.652 1228.471 1279.375 1334.387 1333.490 1360.180 1457.251 1509.907 1647.954 1682.439 1623.438 1514.543 1398.615 -999.250 -999.250 -999.250 -999.250 -999.250 -999.250 -999.250 -999.250 -999.250 -999.250 -999.250 -999.250 -999.250 -999.250 -999.250 -999.250 -999.250 -999.250 -999.250 -999.250 -999.250
1314.887 1163.832 1033.871 859.414 756.382 700.794 633.168 534.776 533.300 509.154 518.266 498.321 515.782 512.468 587.191 607.267 636.453 700.918 736.729 819.729 896.362 950.851 1106.171 1219.098 1198.339 1157.559 1172.393 1205.147 1204.704 1270.198 1274.858 1285.344 1321.311 1291.863 1400.697 1464.145 1483.004 1575.837 1563.537 1606.995 1642.144 1543.634 1511.119 -999.250 -999.250 -999.250 -999.250 -999.250 -999.250 -999.250 -999.250 -999.250 -999.250 -999.250 -999.250 -999.250 -999.250 -999.250 -999.250 -999.250 -999.250 -999.250 -999.250 -999.250
1220.404 1126.524 953.183 822.639 747.336 584.135 521.787 463.499 429.620 442.082 463.638 465.827 445.923 492.583 573.779 597.253 636.635 703.110 758.307 832.922 922.443 1022.995 1144.505 1219.043 1249.920 1234.433 1254.124 1250.401 1228.263 1258.883 1300.787 1345.310 1364.601 1385.499 1373.314 1436.510 1552.395 1584.932 1523.508 1561.258 1539.534 1458.344 1382.583 -999.250 -999.250 -999.250 -999.250 -999.250 -999.250 -999.250 -999.250 -999.250 -999.250 -999.250 -999.250 -999.250 -999.250 -999.250 -999.250 -999.250 -999.250 -999.250 -999.250 -999.250
1203.466 1032.281 890.537 767.135 663.471 508.976 424.339 389.817 387.333 390.163 393.574 436.606 454.616 504.448 568.445 615.850 652.212 720.949 752.358 828.970 895.540 1058.274 1136.074 1233.916 1242.479 1261.714 1333.876 1262.432 1248.400 1297.412 1309.234 1354.114 1426.038 1398.018 1367.293 1432.263 1492.599 1549.053 1591.283 1542.827 1434.676 1402.504 1377.881 1332.906 1366.923 -999.250 -999.250 -999.250 -999.250 -999.250 -999.250 -999.250 -999.250 -999.250 -999.250 -999.250 -999.250 -999.250 -999.250 -999.250 -999.250 -999.250 -999.250 -999.250
1146.694 984.965 841.805 736.068 580.071 492.793 322.021 328.490 304.436 324.630 351.542 395.428 423.493 444.480 546.623 603.254 692.702 705.795 764.758 882.097 915.904 1057.995 1132.143 1196.980 1245.940 1274.288 1261.992 1272.348 1363.073 1326.695 1311.058 1342.516 1346.613 1430.051 1427.055 1435.437 1411.634 1519.168 1648.877 1532.276 1558.535 1509.880 1385.724 1278.902 1341.456 1218.139 1199.028 -999.250 -999.250 -999.250 -999.250 -999.250 -999.250 -999.250 -999.250 -999.250 -999.250 -999.250 -999.250 -999.250 -999.250 -999.250 -999.250 -999.250
1113.626 928.138 794.194 700.344 541.689 442.702 348.023 299.806 278.202 276.563 317.998 324.203 378.717 467.782 554.091 605.562 697.001 691.735 759.909 835.091 906.129 1008.545 1100.564 1129.477 1218.353 1258.401 1262.483 1268.618 1276.140 1340.239 1383.696 1416.221 1343.163 1428.973 1530.349 1380.300 1370.142 1509.321 1592.124 1713.735 1561.797 1461.226 1392.399 1330.569 1286.065 1211.684 1191.244 -999.250 -999.250 -999.250 -999.250 -999.250 -999.250 -999.250 -999.250 -999.250 -999.250 -999.250 -999.250 -999.250 -999.250 -999.250 -999.250 -999.250
1058.563 882.908 793.849 694.322 548.225 434.580 346.273 326.320 264.421 232.958 269.372 329.481 408.589 438.050 498.043 552.889 615.829 704.150 743.047 826.037 878.475 968.591 1029.762 1100.323 1130.376 1243.058 1321.603 1371.297 1371.970 1353.558 1336.216 1405.721 1478.201 1530.175 1596.015 1590.141 1539.537 1585.056 1612.932 1643.549 1559.575 1416.814 1401.716 1343.094 1255.677 1215.115 1183.711 1182.473 -999.250 -999.250 -999.250 -999.250 -999.250 -999.250 -999.250 -999.250 -999.250 -999.250 -999.250 -999.250 -999.250 -999.250 -999.250 -999.250
