data/medianmodel_08-Nov-2020.asc
ncols	141
nrows	288
xllcorner	-120191.398
yllcorner	-301404.813
cellsize	2000.000
NODATA_value	-999.250
[rows 174 to 202 of 288, columns 0 to 64 of 141]
-999.250 -999.250 -999.250 -999.250 437.297 447.469 421.195 432.038 449.242 410.994 399.376 370.563 385.795 363.745 376.045 366.439 371.759 352.777 387.966 356.865 396.562 410.433 417.480 430.150 453.647 423.302 456.173 421.158 437.065 431.545 383.968 421.877 420.282 428.352 453.231 479.481 475.476 507.385 538.123 569.905 628.105 587.643 665.070 693.390 762.972 727.278 693.035 654.417 585.509 581.964 527.327 554.776 545.617 520.086 468.847 461.880 441.453 417.781 426.586 396.539 352.664 374.841 355.667 336.106 310.924
-999.250 -999.250 -999.250 -999.250 436.225 442.022 457.789 461.434 452.532 447.739 392.756 381.777 382.676 387.393 377.828 397.466 383.603 361.770 378.166 408.950 418.196 428.815 404.339 437.966 435.138 416.732 428.517 446.232 442.576 449.091 400.104 413.135 406.365 418.313 457.038 465.191 457.680 506.761 572.802 555.418 577.736 724.775 714.737 710.182 771.019 799.050 628.826 629.924 586.121 534.378 509.758 515.861 546.122 531.859 479.814 526.850 448.295 419.828 412.169 375.235 381.388 340.855 370.240 328.092 314.185
-999.250 -999.250 -999.250 -999.250 440.717 456.879 479.526 505.801 491.828 472.739 434.649 400.112 370.493 396.496 401.156 390.087 378.934 395.370 407.150 419.740 434.374 438.067 426.924 452.054 418.666 440.340 439.889 440.980 427.843 401.583 411.261 423.513 403.783 431.739 466.702 467.346 470.331 524.665 548.851 604.609 661.026 665.270 735.486 761.261 736.492 709.361 729.052 588.614 550.132 563.537 513.067 507.688 485.120 560.190 527.594 501.554 470.371 434.993 409.236 393.441 371.474 336.623 348.515 330.064 324.333
-999.250 -999.250 -999.250 -999.250 441.083 450.555 454.210 505.288 491.132 471.974 425.697 412.468 413.683 382.737 410.443 417.047 421.325 435.328 434.884 442.468 443.387 433.581 434.450 445.718 471.440 462.121 444.257 442.690 428.378 437.005 409.418 445.779 432.423 467.385 458.886 458.623 486.141 487.189 544.102 548.139 595.311 615.300 664.456 670.338 754.785 664.590 639.710 554.234 571.747 531.617 478.019 489.628 515.192 539.055 510.349 492.167 485.388 436.680 448.651 367.181 339.094 337.906 332.454 301.919 309.090
-999.250 -999.250 -999.250 -999.250 433.207 449.492 436.426 463.853 476.543 465.039 447.199 436.965 447.378 417.988 414.709 414.038 434.531 457.118 435.909 453.934 469.275 480.548 460.487 495.211 455.292 460.654 471.246 454.812 439.986 416.629 397.988 420.773 434.307 440.934 460.135 440.363 500.004 507.274 538.804 535.155 600.825 642.038 687.860 612.612 662.808 641.644 556.518 542.872 532.085 521.549 492.589 488.795 490.175 516.454 475.122 496.881 461.271 484.222 448.597 385.796 370.567 367.583 325.525 328.695 302.379
-999.250 -999.250 -999.250 431.374 450.487 439.758 435.731 483.465 443.722 441.743 421.627 452.487 434.506 429.352 421.346 433.908 465.011 465.379 494.909 504.307 525.511 501.506 482.118 471.796 447.384 460.491 441.904 431.290 431.478 433.709 416.553 427.910 431.080 425.885 414.733 450.769 429.694 464.775 482.671 531.031 538.313 563.288 569.766 580.848 661.406 593.587 547.578 543.653 516.372 521.381 450.933 462.651 445.798 473.914 482.920 472.453 418.901 466.058 445.241 406.084 365.174 328.138 299.417 302.602 289.212
-999.250 -999.250 -999.250 446.830 473.057 468.959 462.267 458.315 446.541 469.920 497.712 451.921 439.645 441.622 455.087 454.655 503.209 486.931 487.897 502.000 492.432 479.547 474.694 442.243 458.409 414.233 414.558 408.164 444.341 434.138 400.525 413.251 413.486 387.896 417.226 447.320 440.487 453.638 466.131 490.157 548.822 533.308 542.326 565.062 553.359 554.007 528.050 544.575 494.369 475.949 460.579 403.670 384.384 448.532 441.368 440.897 436.687 428.618 377.301 371.709 344.086 319.302 290.754 272.295 299.248
-999.250 -999.250 -999.250 464.773 472.589 433.011 449.713 484.487 463.729 462.111 481.647 479.618 464.169 435.138 448.297 480.170 471.081 511.930 519.761 492.980 480.729 472.342 427.941 432.075 396.340 421.302 399.837 408.848 430.975 408.793 408.450 390.340 389.698 389.051 388.178 440.472 442.768 417.191 441.499 458.335 451.043 459.549 497.826 486.605 516.374 482.997 461.020 484.200 489.465 412.601 398.676 428.747 412.785 406.678 411.241 400.926 398.431 392.479 373.592 332.866 343.330 293.539 289.835 306.395 282.092
-999.250 -999.250 440.963 433.582 441.949 429.496 458.030 466.416 455.155 473.265 452.839 458.680 428.714 467.616 466.845 499.726 507.387 536.078 495.454 465.898 461.141 454.310 445.225 424.070 429.141 419.966 423.058 429.512 407.441 414.607 398.084 359.774 398.346 365.176 378.766 393.772 398.087 381.059 410.043 430.048 404.342 428.658 409.323 480.225 441.966 465.043 502.023 455.822 451.019 389.285 374.912 362.003 353.302 354.430 362.051 366.654 387.855 323.800 347.684 356.278 321.508 311.895 276.672 288.543 285.767
-999.250 -999.250 485.077 491.507 433.634 432.490 420.697 458.867 459.568 449.103 454.758 460.120 474.368 484.387 518.549 531.706 503.069 530.006 501.542 474.889 -999.250 443.475 443.737 425.529 419.064 415.480 406.300 404.498 406.446 388.863 380.807 389.271 370.066 393.122 365.047 338.932 354.698 348.942 371.222 371.099 387.074 393.466 400.236 419.925 415.621 419.807 401.781 392.005 366.169 360.460 358.258 334.298 346.449 369.787 325.071 346.643 335.096 329.107 329.326 295.289 275.900 293.036 287.656 268.633 262.010
-999.250 436.465 431.695 460.179 437.590 460.275 451.151 452.147 450.571 456.830 466.640 482.341 486.316 501.712 521.275 522.160 526.939 490.414 479.829 -999.250 -999.250 439.266 400.055 395.171 401.160 393.684 387.942 361.044 381.973 367.948 379.897 376.312 374.441 377.818 354.953 344.958 305.716 357.816 345.970 312.048 350.251 345.749 354.837 344.652 393.381 376.955 375.162 349.483 355.678 339.183 332.700 320.198 327.369 330.038 338.113 313.348 306.722 302.994 329.358 279.676 268.831 247.180 248.130 233.615 249.358
-999.250 448.644 440.116 439.680 449.303 459.514 443.119 446.543 454.711 456.441 455.292 471.180 475.822 495.622 536.551 525.196 481.946 507.715 -999.250 -999.250 -999.250 -999.250 415.474 385.364 380.238 365.283 362.300 356.645 359.549 370.504 365.764 374.997 355.194 323.869 343.220 329.091 298.229 316.722 310.765 301.104 310.424 325.448 290.643 304.145 335.718 360.772 357.841 338.707 359.565 338.146 324.682 311.607 315.282 323.112 331.370 305.366 295.730 298.274 268.161 255.072 258.666 219.083 215.367 201.049 200.851
419.605 436.243 415.429 398.875 486.712 472.815 451.849 447.820 457.265 454.264 454.727 449.345 467.295 507.884 538.855 550.656 505.583 473.085 -999.250 -999.250 -999.250 -999.250 -999.250 357.526 313.443 319.941 334.256 314.906 346.366 354.089 339.695 339.566 317.558 331.791 312.755 314.420 284.936 312.126 293.179 320.422 315.194 295.599 277.806 275.140 301.937 304.378 312.654 317.174 321.657 311.206 286.018 328.780 341.768 320.233 312.767 298.495 309.451 294.464 266.387 260.368 239.551 198.241 195.924 179.557 149.856
-999.250 470.753 449.192 453.114 467.755 489.846 491.056 449.718 457.791 443.559 449.639 419.431 402.486 486.183 532.699 524.077 532.135 495.032 -999.250 -999.250 -999.250 -999.250 324.258 301.383 304.114 314.303 299.368 303.904 320.456 347.713 324.619 313.507 312.027 294.380 281.733 276.202 284.064 281.549 295.273 299.649 287.018 253.732 250.477 266.161 262.793 281.778 280.622 290.024 288.242 299.602 305.486 295.055 286.048 320.474 305.100 281.052 298.826 291.578 254.572 252.130 235.657 193.507 193.498 169.565 140.202
-999.250 516.261 505.732 502.203 513.277 481.519 485.051 467.422 456.568 461.034 416.921 406.323 424.771 493.281 545.523 570.739 507.995 465.000 -999.250 -999.250 -999.250 310.638 -999.250 280.985 295.947 274.771 269.928 259.602 299.090 322.695 311.857 307.500 300.764 286.815 298.323 280.394 292.141 267.374 259.493 254.802 256.236 228.949 240.640 224.002 220.745 211.476 245.508 246.305 240.851 277.534 289.183 267.622 284.776 289.702 282.331 306.738 262.849 291.988 263.397 241.363 221.460 199.701 190.822 161.113 145.402
-999.250 489.827 534.438 535.442 515.488 499.409 495.849 503.266 443.901 456.206 447.898 424.640 451.504 511.784 517.349 529.683 487.961 -999.250 -999.250 -999.250 -999.250 260.298 239.596 246.381 261.325 265.106 260.500 248.524 266.592 304.265 317.762 301.984 300.834 312.256 314.608 297.451 288.785 269.176 266.886 255.625 234.562 226.735 192.156 191.150 195.376 202.673 196.928 209.867 206.267 229.518 248.341 268.303 271.983 280.024 286.154 296.798 292.195 279.110 261.136 263.683 242.253 223.234 196.097 190.668 158.933
-999.250 473.638 474.727 583.780 531.408 530.614 475.447 502.084 471.749 459.256 449.912 448.683 469.173 500.160 553.998 509.697 482.100 -999.250 -999.250 -999.250 305.724 268.815 190.926 222.589 252.372 280.988 261.142 252.563 227.422 282.430 303.738 281.404 294.611 301.043 301.229 269.843 253.764 255.208 268.414 222.761 214.275 189.451 162.785 149.775 145.724 155.631 142.540 159.688 199.104 213.492 213.849 260.508 251.833 249.275 249.221 256.031 240.446 262.157 243.113 267.985 224.676 216.540 192.635 215.929 180.660
-999.250 -999.250 -999.250 512.330 -999.250 -999.250 488.880 508.032 476.304 -999.250 -999.250 -999.250 472.046 484.228 -999.250 -999.250 -999.250 -999.250 -999.250 -999.250 288.988 255.166 240.546 256.677 256.976 287.909 294.290 278.586 270.707 299.441 312.898 310.504 309.453 302.507 283.286 264.619 248.487 240.359 228.116 213.454 211.493 159.788 128.509 113.897 103.726 104.996 123.466 157.534 158.803 194.792 209.624 230.299 252.066 255.268 262.991 251.628 237.853 241.670 230.098 218.783 211.292 206.694 211.118 196.511 180.592
-999.250 -999.250 -999.250 -999.250 -999.250 -999.250 -999.250 -999.250 -999.250 -999.250 -999.250 -999.250 -999.250 474.256 452.686 475.139 -999.250 -999.250 -999.250 306.369 254.908 270.284 262.111 266.390 291.948 291.013 313.802 317.296 329.338 315.365 342.424 339.992 332.639 328.960 301.647 277.202 254.377 229.789 224.684 201.536 174.775 155.683 133.369 119.870 83.503 53.310 100.305 143.186 153.265 180.589 225.430 236.026 255.068 245.347 246.715 237.681 239.744 235.851 246.457 239.857 236.668 216.189 204.583 227.927 191.840
-999.250 -999.250 -999.250 -999.250 -999.250 -999.250 -999.250 -999.250 -999.250 -999.250 -999.250 456.390 472.531 464.216 460.495 476.813 -999.250 -999.250 350.340 292.760 274.716 259.502 278.519 301.620 321.358 359.180 374.818 357.383 371.434 396.494 364.431 358.948 358.054 344.296 306.022 264.256 226.193 245.695 228.097 198.176 185.422 131.401 120.210 97.142 87.000 79.326 101.420 134.172 165.685 202.432 204.720 254.101 266.795 254.099 236.070 249.980 230.076 231.350 247.490 250.938 272.595 265.288 272.372 255.964 231.197
-999.250 -999.250 -999.250 -999.250 -999.250 -999.250 -999.250 -999.250 -999.250 -999.250 -999.250 425.437 446.303 454.392 455.846 466.300 432.055 400.313 359.426 310.604 285.232 265.499 294.477 323.684 357.286 394.559 431.001 421.500 404.182 402.775 397.003 399.749 357.920 350.704 302.344 287.556 261.145 235.438 218.492 173.129 172.158 142.773 122.736 105.526 83.974 84.671 104.100 136.949 154.036 178.027 209.347 210.436 238.186 250.368 253.063 254.717 254.343 249.148 284.319 274.384 269.722 265.967 260.934 251.705 260.342
-999.250 -999.250 -999.250 -999.250 -999.250 -999.250 -999.250 -999.250 -999.250 -999.250 -999.250 -999.250 448.086 461.237 437.627 432.120 418.475 397.519 373.478 364.728 327.076 307.452 315.699 364.358 387.028 423.524 449.332 430.509 450.004 448.473 454.788 407.818 372.727 361.589 314.620 298.872 275.231 249.026 202.098 175.760 165.698 155.298 141.006 122.671 91.530 114.711 132.511 148.549 181.061 185.422 200.703 216.342 259.280 270.575 261.933 282.544 281.841 269.135 296.033 283.067 283.965 276.336 302.271 276.474 275.671
-999.250 -999.250 -999.250 -999.250 -999.250 -999.250 -999.250 -999.250 -999.250 -999.250 -999.250 -999.250 -999.250 444.779 410.639 416.588 428.461 422.512 408.192 383.212 347.643 351.598 352.631 384.529 427.128 453.094 460.701 442.660 438.971 448.297 452.651 414.497 393.582 350.396 343.817 287.714 283.628 229.483 222.046 188.040 155.393 157.819 145.807 131.372 132.563 127.826 140.253 159.395 175.559 187.374 213.030 223.997 246.181 282.793 289.356 283.585 306.567 292.846 300.839 282.278 279.504 304.413 324.616 299.919 279.867
-999.250 -999.250 -999.250 -999.250 -999.250 -999.250 -999.250 -999.250 -999.250 -999.250 -999.250 -999.250 -999.250 420.014 399.225 437.621 428.236 400.312 411.370 381.427 370.325 364.551 374.012 407.484 458.974 474.531 463.074 499.002 463.590 468.957 459.685 452.196 419.440 373.601 354.939 333.989 291.762 274.091 226.124 193.089 175.563 178.915 160.549 153.701 142.155 151.155 149.959 147.267 170.487 188.692 215.676 217.850 263.858 286.319 288.928 299.403 301.057 285.570 293.576 295.149 293.256 296.758 294.696 292.604 323.442
-999.250 -999.250 -999.250 -999.250 -999.250 -999.250 -999.250 -999.250 -999.250 -999.250 -999.250 -999.250 -999.250 371.801 409.687 393.601 413.952 409.423 388.936 392.253 394.787 403.821 403.246 447.128 474.842 454.132 479.033 505.207 490.694 496.996 474.616 448.198 463.001 415.291 380.742 317.609 288.744 249.094 253.924 237.772 180.491 190.248 173.267 163.632 166.892 170.042 171.325 162.973 172.565 173.449 216.658 242.196 265.585 276.130 297.298 294.242 303.276 279.283 290.355 264.507 299.825 297.034 304.543 333.220 334.898
-999.250 -999.250 -999.250 -999.250 -999.250 -999.250 -999.250 -999.250 -999.250 -999.250 -999.250 -999.250 -999.250 -999.250 376.567 396.361 384.563 392.832 374.099 402.026 417.887 428.391 442.062 467.431 473.355 465.786 481.790 531.515 529.696 527.653 487.712 455.821 434.882 412.907 361.517 354.226 306.125 274.983 268.324 210.625 212.200 173.429 164.937 173.712 179.641 170.484 187.373 206.335 205.120 198.423 202.531 231.253 247.534 276.994 285.736 279.736 286.960 291.998 285.546 309.566 330.736 330.529 344.195 330.703 367.904
-999.250 -999.250 -999.250 -999.250 -999.250 -999.250 -999.250 -999.250 -999.250 -999.250 -999.250 -999.250 -999.250 -999.250 377.478 391.954 395.652 384.306 396.494 394.468 416.764 451.097 462.202 466.320 480.381 466.768 492.848 527.611 581.971 529.180 487.865 480.840 420.482 409.419 369.629 348.410 340.193 312.040 273.919 263.991 231.679 216.909 179.652 185.951 197.172 203.094 202.168 214.493 221.071 229.185 219.924 270.245 264.830 285.897 289.320 286.361 306.786 302.076 287.027 328.225 366.044 350.890 357.329 360.054 345.568
-999.250 -999.250 -999.250 -999.250 -999.250 -999.250 -999.250 -999.250 -999.250 -999.250 -999.250 -999.250 -999.250 -999.250 358.643 347.631 359.735 385.525 393.993 366.205 413.139 454.486 466.052 468.942 484.257 461.200 492.559 500.105 532.062 501.343 507.001 438.893 410.971 359.333 364.231 340.201 310.779 305.191 305.870 272.132 259.470 256.362 193.631 194.823 200.110 207.101 205.826 226.591 238.121 239.700 252.681 268.143 280.367 307.251 306.962 314.112 318.923 330.734 323.133 368.954 365.813 369.328 355.980 323.028 336.171
-999.250 -999.250 -999.250 -999.250 -999.250 -999.250 -999.250 -999.250 -999.250 -999.250 -999.250 -999.250 -999.250 -999.250 357.012 346.164 349.487 391.932 395.302 369.457 385.737 412.291 427.981 459.033 448.656 -999.250 482.466 494.012 471.402 454.441 464.062 437.921 398.827 349.191 355.830 332.945 325.713 323.683 303.339 296.137 273.458 221.704 239.705 249.439 218.955 213.555 188.714 211.942 242.847 240.395 245.851 287.011 282.299 282.876 305.185 310.302 341.137 365.742 338.099 377.224 373.624 356.640 354.901 360.040 355.064
