data/medianmodel_22-Apr-2020.asc
ncols	141
nrows	288
xllcorner	-120191.398
yllcorner	-301404.813
cellsize	2000.000
NODATA_value	-999.250
[rows 150 to 179 of 288, columns 68 to 135 of 141]
7.828 8.610 8.880 11.812 12.384 13.332 14.467 14.566 13.170 14.058 14.249 16.174 17.319 20.746 18.868 16.378 15.090 14.937 13.972 14.434 11.815 10.853 5.051 3.630 5.083 3.448 1.794 -999.250 -999.250 -999.250 -999.250 -999.250 -999.250 -999.250 -999.250 -999.250 -999.250 -999.250 -999.250 -999.250 -999.250 -999.250 -999.250 -999.250 -999.250 -999.250 -999.250 -999.250 -999.250 -999.250 -999.250 -999.250 -999.250 -999.250 -999.250 -999.250 -999.250 -999.250 -999.250 -999.250 -999.250 -999.250 -999.250 -999.250 -999.250 -999.250 -999.250 -999.250
9.421 11.042 10.332 11.788 11.738 10.020 12.800 13.479 14.758 15.670 14.316 17.044 17.955 19.959 16.490 16.892 13.876 14.191 13.542 12.315 11.575 8.580 5.078 5.254 4.952 3.143 4.551 -999.250 -999.250 -999.250 -999.250 -999.250 -999.250 -999.250 -999.250 -999.250 -999.250 -999.250 -999.250 -999.250 -999.250 -999.250 -999.250 -999.250 -999.250 -999.250 -999.250 -999.250 -999.250 -999.250 -999.250 -999.250 -999.250 -999.250 -999.250 -999.250 -999.250 -999.250 -999.250 -999.250 -999.250 -999.250 -999.250 -999.250 -999.250 -999.250 -999.250 -999.250
8.789 10.972 10.753 11.105 11.506 13.677 13.026 15.766 15.310 16.688 13.270 14.483 17.187 16.007 14.934 15.696 13.718 12.737 13.267 12.232 9.712 10.607 4.323 7.245 6.413 4.054 1.694 -999.250 -999.250 -999.250 -999.250 -999.250 -999.250 -999.250 -999.250 -999.250 -999.250 -999.250 -999.250 -999.250 -999.250 -999.250 -999.250 -999.250 -999.250 -999.250 -999.250 -999.250 -999.250 -999.250 -999.250 -999.250 -999.250 -999.250 -999.250 -999.250 -999.250 -999.250 -999.250 -999.250 -999.250 -999.250 -999.250 -999.250 -999.250 -999.250 -999.250 -999.250
10.158 11.561 9.327 10.730 10.575 10.837 13.862 13.025 14.116 12.458 13.994 12.898 12.882 13.453 12.541 11.142 13.377 13.767 13.842 11.405 9.429 8.316 3.049 4.857 3.115 2.552 3.147 -999.250 -999.250 -999.250 -999.250 -999.250 -999.250 -999.250 -999.250 -999.250 -999.250 -999.250 -999.250 -999.250 -999.250 -999.250 -999.250 -999.250 -999.250 -999.250 -999.250 -999.250 -999.250 -999.250 -999.250 -999.250 -999.250 -999.250 -999.250 -999.250 -999.250 -999.250 -999.250 -999.250 -999.250 -999.250 -999.250 -999.250 -999.250 -999.250 -999.250 -999.250
9.790 10.551 9.002 10.737 9.876 9.854 13.420 13.349 13.152 14.497 13.670 12.717 11.202 10.916 9.671 10.527 12.167 11.420 12.358 11.839 10.752 9.046 8.264 5.382 0.000 3.609 4.104 -999.250 -999.250 -999.250 -999.250 -999.250 -999.250 -999.250 -999.250 -999.250 -999.250 -999.250 -999.250 -999.250 -999.250 -999.250 -999.250 -999.250 -999.250 -999.250 -999.250 -999.250 -999.250 -999.250 -999.250 -999.250 -999.250 -999.250 -999.250 -999.250 -999.250 -999.250 -999.250 -999.250 -999.250 -999.250 -999.250 -999.250 -999.250 -999.250 -999.250 -999.250
11.671 10.545 12.248 11.547 10.844 9.881 11.806 13.240 14.152 12.559 12.488 11.432 12.041 12.286 11.021 9.330 11.012 9.498 9.832 9.403 12.354 11.137 10.589 8.784 5.106 5.579 6.368 -999.250 -999.250 -999.250 -999.250 -999.250 -999.250 -999.250 -999.250 -999.250 -999.250 -999.250 -999.250 -999.250 -999.250 -999.250 -999.250 -999.250 -999.250 -999.250 -999.250 -999.250 -999.250 -999.250 -999.250 -999.250 -999.250 -999.250 -999.250 -999.250 -999.250 -999.250 -999.250 -999.250 -999.250 -999.250 -999.250 -999.250 -999.250 -999.250 -999.250 -999.250
11.183 13.500 11.598 9.468 10.754 11.432 11.154 9.863 12.748 13.459 12.792 9.676 10.474 11.215 9.721 8.490 6.699 9.267 11.302 10.779 10.958 11.143 12.843 8.883 8.243 7.855 9.107 9.984 -999.250 -999.250 -999.250 -999.250 -999.250 -999.250 -999.250 -999.250 -999.250 -999.250 -999.250 -999.250 -999.250 -999.250 -999.250 -999.250 -999.250 -999.250 -999.250 -999.250 -999.250 -999.250 -999.250 -999.250 -999.250 -999.250 -999.250 -999.250 -999.250 -999.250 -999.250 -999.250 -999.250 -999.250 -999.250 -999.250 -999.250 -999.250 -999.250 -999.250
10.227 9.462 10.584 11.966 10.229 11.016 10.001 11.244 10.108 9.380 10.110 12.978 8.312 8.127 5.887 3.667 7.950 11.136 13.694 11.857 12.696 12.721 12.016 11.267 11.652 12.904 13.500 12.737 14.050 -999.250 -999.250 -999.250 -999.250 -999.250 -999.250 -999.250 -999.250 -999.250 -999.250 -999.250 -999.250 -999.250 -999.250 -999.250 -999.250 -999.250 -999.250 -999.250 -999.250 -999.250 -999.250 -999.250 -999.250 -999.250 -999.250 -999.250 -999.250 -999.250 -999.250 -999.250 -999.250 -999.250 -999.250 -999.250 -999.250 -999.250 -999.250 -999.250
8.960 9.274 8.713 10.922 9.147 10.455 10.439 11.254 12.602 12.125 10.353 7.826 6.913 8.547 4.272 0.000 6.679 8.565 13.885 14.769 13.459 13.718 13.531 14.729 10.944 12.539 14.122 16.052 15.206 13.807 -999.250 -999.250 -999.250 -999.250 -999.250 -999.250 -999.250 -999.250 -999.250 -999.250 -999.250 -999.250 -999.250 -999.250 -999.250 -999.250 -999.250 -999.250 -999.250 -999.250 -999.250 -999.250 -999.250 -999.250 -999.250 -999.250 -999.250 -999.250 -999.250 -999.250 -999.250 -999.250 -999.250 -999.250 -999.250 -999.250 -999.250 -999.250
9.536 6.410 8.669 10.205 7.096 10.681 10.552 8.229 8.274 10.378 10.612 8.621 6.311 7.939 4.320 4.962 6.249 8.711 12.551 13.372 14.200 13.681 14.667 13.814 14.417 11.472 13.601 14.463 13.977 11.353 -999.250 -999.250 -999.250 -999.250 -999.250 -999.250 -999.250 -999.250 -999.250 -999.250 -999.250 -999.250 -999.250 -999.250 -999.250 -999.250 -999.250 -999.250 -999.250 -999.250 -999.250 -999.250 -999.250 -999.250 -999.250 -999.250 -999.250 -999.250 -999.250 -999.250 -999.250 -999.250 -999.250 -999.250 -999.250 -999.250 -999.250 -999.250
10.009 8.805 9.743 6.785 6.791 8.785 8.581 6.722 8.706 10.633 10.976 7.756 6.702 6.317 6.980 6.159 9.871 10.550 14.014 11.990 13.593 12.693 14.692 14.406 14.819 14.431 13.611 14.308 12.757 10.845 -999.250 -999.250 -999.250 -999.250 -999.250 -999.250 -999.250 -999.250 -999.250 -999.250 -999.250 -999.250 -999.250 -999.250 -999.250 -999.250 -999.250 -999.250 -999.250 -999.250 -999.250 -999.250 -999.250 -999.250 -999.250 -999.250 -999.250 -999.250 -999.250 -999.250 -999.250 -999.250 -999.250 -999.250 -999.250 -999.250 -999.250 -999.250
6.630 10.329 8.937 8.441 6.680 8.334 9.260 8.797 6.521 6.879 8.061 8.585 5.228 7.165 6.840 8.303 8.880 12.679 11.791 13.363 14.174 13.302 13.993 16.125 14.705 14.724 14.167 13.588 14.119 12.632 -999.250 -999.250 -999.250 -999.250 -999.250 -999.250 -999.250 -999.250 -999.250 -999.250 -999.250 -999.250 -999.250 -999.250 -999.250 -999.250 -999.250 -999.250 -999.250 -999.250 -999.250 -999.250 -999.250 -999.250 -999.250 -999.250 -999.250 -999.250 -999.250 -999.250 -999.250 -999.250 -999.250 -999.250 -999.250 -999.250 -999.250 -999.250
7.264 7.818 10.345 8.528 9.617 9.741 7.388 9.957 7.161 7.480 9.038 10.376 7.432 3.107 6.383 5.166 6.397 10.839 12.412 11.606 12.823 11.629 12.430 13.128 15.363 15.201 12.995 11.464 10.354 12.438 -999.250 -999.250 -999.250 -999.250 -999.250 -999.250 -999.250 -999.250 -999.250 -999.250 -999.250 -999.250 -999.250 -999.250 -999.250 -999.250 -999.250 -999.250 -999.250 -999.250 -999.250 -999.250 -999.250 -999.250 -999.250 -999.250 -999.250 -999.250 -999.250 -999.250 -999.250 -999.250 -999.250 -999.250 -999.250 -999.250 -999.250 -999.250
10.132 9.324 9.310 8.209 8.656 9.499 8.409 6.127 6.514 11.244 8.395 10.175 5.166 0.000 3.428 5.836 7.594 7.305 11.374 10.432 11.096 12.726 13.683 12.649 12.144 12.649 12.002 12.743 11.556 10.954 11.551 -999.250 -999.250 -999.250 -999.250 -999.250 -999.250 -999.250 -999.250 -999.250 -999.250 -999.250 -999.250 -999.250 -999.250 -999.250 -999.250 -999.250 -999.250 -999.250 -999.250 -999.250 -999.250 -999.250 -999.250 -999.250 -999.250 -999.250 -999.250 -999.250 -999.250 -999.250 -999.250 -999.250 -999.250 -999.250 -999.250 -999.250
13.476 12.371 9.449 11.368 11.011 7.744 6.757 8.156 9.100 7.924 9.350 9.022 6.421 2.940 5.480 5.591 4.112 6.572 8.388 9.355 14.379 13.174 8.988 8.817 11.919 13.610 12.223 11.215 11.682 9.988 9.132 9.705 -999.250 -999.250 -999.250 -999.250 -999.250 -999.250 -999.250 -999.250 -999.250 -999.250 -999.250 -999.250 -999.250 -999.250 -999.250 -999.250 -999.250 -999.250 -999.250 -999.250 -999.250 -999.250 -999.250 -999.250 -999.250 -999.250 -999.250 -999.250 -999.250 -999.250 -999.250 -999.250 -999.250 -999.250 -999.250 -999.250
13.502 11.326 10.150 9.071 7.392 6.282 5.927 7.343 7.731 9.628 11.946 9.242 6.487 7.524 6.417 6.498 6.446 8.586 9.041 12.598 12.666 9.898 10.077 11.302 13.141 10.109 11.672 8.293 7.907 9.001 6.969 9.753 13.689 16.769 17.278 -999.250 -999.250 -999.250 -999.250 -999.250 -999.250 -999.250 -999.250 -999.250 -999.250 -999.250 -999.250 -999.250 -999.250 -999.250 -999.250 -999.250 -999.250 -999.250 -999.250 -999.250 -999.250 -999.250 -999.250 -999.250 -999.250 -999.250 -999.250 -999.250 -999.250 -999.250 -999.250 -999.250
8.890 10.630 10.579 8.204 5.534 6.881 4.221 6.952 9.950 11.217 8.811 8.151 6.553 6.342 6.207 8.115 9.736 10.205 8.654 10.255 13.447 8.710 9.387 11.649 10.788 10.037 6.509 8.170 6.678 7.893 7.791 11.548 14.138 15.869 19.451 -999.250 -999.250 -999.250 -999.250 -999.250 -999.250 -999.250 -999.250 -999.250 -999.250 -999.250 -999.250 -999.250 -999.250 -999.250 -999.250 -999.250 -999.250 -999.250 -999.250 -999.250 -999.250 -999.250 -999.250 -999.250 -999.250 -999.250 -999.250 -999.250 -999.250 -999.250 -999.250 -999.250
8.583 9.164 10.553 7.057 6.367 7.033 5.627 8.489 8.914 8.833 8.546 7.407 7.383 7.877 6.956 10.300 11.135 8.414 6.608 9.796 11.459 9.266 7.909 7.803 8.164 7.510 4.334 5.314 5.465 6.406 7.085 9.331 13.222 15.166 -999.250 -999.250 -999.250 -999.250 -999.250 -999.250 -999.250 -999.250 -999.250 -999.250 -999.250 -999.250 -999.250 -999.250 -999.250 -999.250 -999.250 -999.250 -999.250 -999.250 -999.250 -999.250 -999.250 -999.250 -999.250 -999.250 -999.250 -999.250 -999.250 -999.250 -999.250 -999.250 -999.250 -999.250
9.479 6.213 5.725 7.908 8.781 8.005 6.921 7.567 8.736 7.091 5.989 6.870 5.354 6.761 7.287 8.747 11.119 10.648 6.757 9.747 9.594 6.987 7.706 8.641 7.876 7.971 8.519 7.024 3.463 3.584 5.071 8.065 10.240 16.689 -999.250 -999.250 -999.250 29.810 33.393 41.580 -999.250 -999.250 -999.250 -999.250 -999.250 -999.250 -999.250 -999.250 -999.250 -999.250 -999.250 -999.250 -999.250 -999.250 -999.250 -999.250 -999.250 -999.250 -999.250 -999.250 -999.250 -999.250 -999.250 -999.250 -999.250 -999.250 -999.250 -999.250
9.849 3.703 4.631 6.419 9.016 8.368 8.372 9.330 8.476 7.966 8.970 6.287 3.454 4.235 5.928 7.751 9.892 9.686 7.758 7.906 7.888 7.501 2.649 4.780 5.096 9.005 8.258 7.214 4.434 2.081 0.000 7.343 12.031 18.634 22.945 25.488 26.841 34.880 40.864 45.688 46.696 -999.250 -999.250 -999.250 -999.250 -999.250 -999.250 -999.250 -999.250 -999.250 -999.250 -999.250 -999.250 -999.250 -999.250 -999.250 -999.250 -999.250 -999.250 -999.250 -999.250 -999.250 -999.250 -999.250 -999.250 -999.250 -999.250 -999.250
6.801 3.551 0.000 3.881 7.699 8.112 8.597 7.561 9.573 9.292 7.501 4.124 0.000 2.394 4.008 6.666 7.830 9.351 9.123 7.560 10.267 8.222 6.037 4.273 5.482 6.646 8.222 8.294 6.687 5.467 4.473 10.034 16.320 19.853 22.480 26.918 32.651 37.306 44.866 50.800 51.194 50.265 -999.250 -999.250 -999.250 -999.250 -999.250 -999.250 -999.250 -999.250 -999.250 -999.250 -999.250 -999.250 -999.250 -999.250 -999.250 -999.250 -999.250 -999.250 -999.250 -999.250 -999.250 -999.250 -999.250 -999.250 -999.250 -999.250
7.731 5.353 5.487 5.626 6.777 7.348 9.732 8.542 9.102 9.371 7.986 5.778 1.869 4.951 6.008 8.533 9.800 11.033 10.361 7.960 8.618 7.389 3.105 3.205 4.863 7.047 6.575 8.554 7.513 9.786 8.961 16.334 18.872 18.508 24.602 29.027 38.796 43.229 46.637 48.101 47.549 50.095 -999.250 -999.250 -999.250 -999.250 -999.250 -999.250 -999.250 -999.250 -999.250 -999.250 -999.250 -999.250 -999.250 -999.250 -999.250 -999.250 -999.250 -999.250 -999.250 -999.250 -999.250 -999.250 -999.250 -999.250 -999.250 -999.250
10.956 9.284 9.107 7.854 7.205 9.828 7.592 10.141 9.971 6.686 9.341 5.530 5.493 5.721 6.531 9.979 10.499 13.065 9.166 7.813 5.953 4.967 3.680 0.000 2.591 6.720 8.762 10.445 11.447 15.751 15.278 17.800 19.714 21.337 22.968 36.120 41.396 42.476 44.749 46.554 50.873 47.550 -999.250 -999.250 -999.250 -999.250 -999.250 -999.250 -999.250 -999.250 -999.250 -999.250 -999.250 -999.250 -999.250 -999.250 -999.250 -999.250 -999.250 -999.250 -999.250 -999.250 -999.250 -999.250 -999.250 -999.250 -999.250 -999.250
7.488 10.297 11.389 12.819 9.383 11.907 11.149 11.463 9.392 7.034 7.759 6.847 7.707 5.545 8.441 10.088 10.803 11.231 8.614 8.581 7.502 7.751 4.702 4.568 5.250 8.482 11.087 14.860 15.803 16.478 17.769 17.498 21.709 24.009 30.379 39.187 43.986 42.919 43.221 49.057 43.751 41.655 43.332 -999.250 -999.250 -999.250 -999.250 -999.250 -999.250 -999.250 -999.250 -999.250 -999.250 -999.250 -999.250 -999.250 -999.250 -999.250 -999.250 -999.250 -999.250 -999.250 -999.250 -999.250 -999.250 -999.250 -999.250 -999.250
11.424 12.110 11.144 10.846 14.028 12.749 11.740 10.932 7.519 7.376 6.524 3.637 4.731 4.444 7.081 11.659 11.898 12.068 10.481 7.834 8.236 8.511 8.157 8.162 11.845 9.492 16.196 17.178 17.725 18.553 20.128 18.158 25.093 29.627 37.108 36.226 47.523 48.812 50.956 48.671 51.368 42.538 -999.250 -999.250 -999.250 -999.250 -999.250 -999.250 -999.250 -999.250 -999.250 -999.250 -999.250 -999.250 -999.250 -999.250 -999.250 -999.250 -999.250 -999.250 -999.250 -999.250 -999.250 -999.250 -999.250 -999.250 -999.250 -999.250
9.629 11.026 13.075 14.758 11.366 13.445 10.799 11.767 7.593 8.319 4.392 3.123 3.024 5.684 7.850 12.108 10.050 11.034 12.378 12.030 9.414 7.228 10.541 7.622 11.186 13.475 15.459 16.835 17.800 18.866 20.559 24.161 24.256 28.737 31.212 36.170 46.091 43.674 50.620 53.768 51.217 -999.250 -999.250 -999.250 -999.250 -999.250 -999.250 -999.250 -999.250 -999.250 -999.250 -999.250 -999.250 -999.250 -999.250 -999.250 -999.250 -999.250 -999.250 -999.250 -999.250 -999.250 -999.250 -999.250 -999.250 -999.250 -999.250 -999.250
9.544 13.357 13.098 15.158 14.084 14.237 12.832 10.195 8.965 7.006 4.776 0.000 2.932 7.627 7.492 9.616 12.759 10.243 8.320 11.579 11.873 10.476 12.129 11.830 13.190 14.102 18.438 18.163 18.712 21.951 28.422 27.837 27.844 33.964 37.635 41.858 44.273 44.023 39.484 44.677 45.811 -999.250 -999.250 -999.250 -999.250 -999.250 -999.250 -999.250 -999.250 -999.250 -999.250 -999.250 -999.250 -999.250 -999.250 -999.250 -999.250 -999.250 -999.250 -999.250 -999.250 -999.250 -999.250 -999.250 -999.250 -999.250 -999.250 -999.250
10.397 11.628 13.100 13.987 13.118 13.968 14.799 12.223 9.866 8.727 6.181 5.331 6.615 7.912 10.339 9.555 11.064 11.613 10.601 11.449 12.916 10.173 10.709 12.105 15.026 16.128 19.795 19.222 22.367 25.740 26.123 24.716 29.357 35.558 41.487 40.832 38.782 36.966 35.137 40.442 -999.250 -999.250 -999.250 -999.250 -999.250 -999.250 -999.250 -999.250 -999.250 -999.250 -999.250 -999.250 -999.250 -999.250 -999.250 -999.250 -999.250 -999.250 -999.250 -999.250 -999.250 -999.250 -999.250 -999.250 -999.250 -999.250 -999.250 -999.250
11.475 12.421 11.872 13.154 11.829 15.019 13.161 12.548 12.467 10.889 9.435 6.877 7.778 8.583 8.307 9.163 10.515 8.424 10.761 8.954 11.972 8.366 10.791 11.059 15.224 16.335 19.617 20.397 22.575 23.957 26.315 27.484 34.146 35.178 36.088 41.798 41.132 35.217 35.298 28.766 -999.250 -999.250 -999.250 -999.250 -999.250 -999.250 -999.250 -999.250 -999.250 -999.250 -999.250 -999.250 -999.250 -999.250 -999.250 -999.250 -999.250 -999.250 -999.250 -999.250 -999.250 -999.250 -999.250 -999.250 -999.250 -999.250 -999.250 -999.250
12.719 13.644 11.449 10.621 11.996 14.509 14.674 11.924 13.145 12.478 8.117 9.910 8.019 9.386 10.304 7.185 7.035 6.738 8.251 7.509 6.838 8.862 10.003 12.198 14.862 15.907 21.362 21.185 21.913 29.557 24.223 28.311 28.761 34.392 39.658 36.820 36.462 33.363 30.967 -999.250 -999.250 -999.250 -999.250 -999.250 -999.250 -999.250 -999.250 -999.250 -999.250 -999.250 -999.250 -999.250 -999.250 -999.250 -999.250 -999.250 -999.250 -999.250 -999.250 -999.250 -999.250 -999.250 -999.250 -999.250 -999.250 -999.250 -999.250 -999.250
