data/medianmodel_06-Oct-2020.asc
ncols	141
nrows	288
xllcorner	-120191.398
yllcorner	-301404.813
cellsize	2000.000
NODATA_value	-999.250
[rows 30 to 59 of 288, columns 67 to 133 of 141]
82.969 88.591 95.917 97.217 82.540 72.584 64.091 58.813 39.377 26.826 16.209 3.751 0.000 0.000 0.000 0.000 1.015 6.236 11.909 22.889 33.766 36.277 46.331 46.473 50.445 60.044 59.713 59.613 61.540 57.596 56.642 58.792 62.768 67.581 62.378 68.375 72.587 85.454 86.152 96.318 111.016 125.118 148.673 152.276 166.651 188.021 190.641 201.244 238.628 228.756 229.900 237.514 240.532 217.577 239.807 246.251 246.305 243.107 239.452 237.199 223.714 196.402 172.822 155.405 127.549 105.159 96.808
53.387 63.274 67.671 67.850 54.160 49.854 44.694 34.478 25.076 17.156 6.646 0.607 0.000 0.000 0.000 0.000 3.843 10.080 15.538 26.052 30.420 35.157 48.813 50.715 52.370 55.599 52.791 59.105 53.214 54.240 51.001 51.849 62.862 58.511 58.256 72.174 73.548 71.627 81.797 100.026 112.803 132.296 143.958 151.910 160.016 184.083 204.199 209.859 228.369 216.636 217.138 215.943 207.843 220.748 217.574 226.313 211.928 207.132 212.812 215.732 206.752 188.865 178.482 136.380 119.497 92.066 84.510
35.712 45.009 44.504 38.421 30.960 30.851 24.137 18.228 13.482 8.503 4.862 0.000 0.000 0.000 0.000 0.329 7.889 13.122 17.439 27.442 35.584 44.136 47.672 52.760 46.138 55.521 50.924 53.623 49.095 50.102 51.160 47.540 55.812 63.471 63.609 66.037 62.938 70.010 77.193 88.950 116.725 133.549 129.604 146.698 162.581 160.133 173.084 197.352 195.454 194.513 199.983 204.712 209.630 211.563 220.766 230.941 216.765 184.385 185.410 183.220 176.274 161.146 148.422 126.064 95.213 87.055 68.457
22.201 26.108 23.174 20.393 20.492 13.918 9.410 9.238 4.229 2.109 0.000 0.000 0.000 0.000 0.039 2.539 8.285 17.597 24.189 29.396 39.238 45.475 48.690 47.161 47.647 54.192 50.764 54.275 51.206 47.415 48.968 39.772 46.428 54.192 53.806 55.965 64.723 70.145 78.246 82.068 105.678 124.001 129.099 138.564 144.091 145.895 155.245 167.220 179.721 186.256 194.351 191.129 192.407 193.351 196.584 187.411 182.565 174.678 181.960 163.759 144.352 141.792 126.614 100.668 87.805 77.773 63.440
11.351 11.233 10.631 11.989 8.392 3.958 0.000 0.000 1.786 0.906 0.106 0.919 1.677 2.176 4.714 7.274 12.862 18.016 26.652 34.571 39.963 41.085 50.335 53.523 48.345 49.832 53.315 48.813 45.013 52.093 43.669 40.072 45.710 43.101 47.143 54.060 54.234 56.586 66.719 70.167 90.709 101.395 112.879 119.520 114.582 131.969 146.582 153.617 172.739 164.667 172.825 177.974 179.068 182.234 185.124 179.366 164.899 161.343 154.866 135.978 131.930 116.727 118.296 87.994 75.515 69.245 49.276
1.277 2.056 6.730 3.640 1.041 0.000 0.000 0.000 0.305 4.721 2.598 5.849 8.257 6.130 8.361 15.860 17.486 21.619 28.477 36.636 42.000 42.092 46.470 48.261 50.177 48.981 45.681 46.540 44.123 40.474 43.181 40.233 37.393 35.487 43.196 47.233 48.076 58.458 58.709 67.986 77.246 86.085 95.338 102.724 105.419 110.025 147.353 143.393 153.566 154.790 152.807 158.009 166.207 173.964 173.505 161.724 151.678 147.085 145.289 120.895 111.743 96.393 93.495 73.157 59.003 50.144 40.673
0.000 0.000 0.000 0.000 0.000 0.000 0.090 1.353 3.641 6.525 8.067 8.313 11.810 9.615 16.757 21.959 26.209 28.580 36.257 43.807 46.102 45.343 47.620 54.672 48.836 45.145 41.299 41.019 39.981 39.017 40.382 35.557 32.178 33.013 30.581 36.642 42.444 50.949 58.436 57.428 71.761 73.641 83.694 91.885 97.063 93.214 119.902 123.544 129.379 138.173 145.789 142.953 151.532 149.490 160.022 157.245 143.769 136.700 135.972 106.498 97.657 90.898 75.254 69.700 59.079 43.520 36.085
0.000 0.000 0.000 0.000 0.000 0.000 3.337 5.305 6.953 11.865 12.853 16.398 14.383 16.599 20.413 28.605 31.442 37.596 38.685 47.924 44.962 50.046 50.455 54.345 46.538 43.471 37.114 40.399 42.890 39.085 36.073 30.840 28.165 29.381 29.965 36.052 36.860 38.682 46.785 52.385 57.754 65.397 70.877 77.569 84.463 90.546 110.881 105.381 111.680 128.353 129.870 135.140 136.059 134.887 147.512 146.024 127.542 128.599 99.873 98.137 92.203 85.376 62.267 57.146 48.169 43.406 35.511
0.000 0.000 0.000 0.000 3.964 5.272 8.637 9.059 12.209 14.140 17.080 20.559 22.999 21.707 26.216 29.729 35.677 39.786 46.580 47.953 51.167 55.271 53.093 51.137 49.608 46.130 38.565 38.093 38.491 34.940 29.618 26.299 27.123 25.050 24.075 27.283 31.004 37.534 40.884 47.343 51.206 58.642 68.497 75.163 83.496 86.013 104.681 88.848 106.287 106.270 112.458 130.084 124.324 125.220 128.831 127.554 130.891 104.911 91.538 87.163 83.389 73.752 58.266 44.979 46.725 42.404 38.101
0.000 0.000 0.000 1.185 7.187 10.405 13.012 12.658 18.711 17.201 21.348 26.313 25.610 30.221 31.069 32.535 37.395 35.699 44.530 50.375 52.719 51.970 48.997 51.774 48.991 43.880 33.230 34.959 33.971 28.539 26.805 22.470 20.784 19.910 19.090 22.371 26.189 31.263 36.605 39.934 45.088 58.302 54.432 64.114 72.966 82.300 84.547 90.936 89.314 91.811 97.717 103.803 105.506 105.833 118.083 113.522 100.207 89.339 79.969 85.076 77.472 63.581 56.961 49.114 47.263 44.085 42.478
0.000 0.000 0.000 4.695 12.129 14.326 21.989 23.335 25.837 26.604 27.054 32.315 33.432 37.995 37.253 37.428 38.139 40.723 45.316 51.428 49.819 54.915 51.817 48.266 41.474 36.774 32.674 26.575 26.868 25.213 25.798 21.441 19.014 13.827 16.893 21.412 22.198 28.855 31.442 30.129 37.893 50.404 51.169 59.941 66.467 75.131 71.482 80.025 86.665 89.947 96.412 93.371 96.358 102.238 98.285 94.502 89.663 80.980 76.318 77.589 73.736 59.893 56.536 50.776 46.036 47.473 46.368
0.000 0.000 1.391 6.023 13.150 19.185 26.959 25.090 29.343 31.694 36.249 38.868 38.610 41.921 41.398 43.037 44.625 43.251 45.373 45.128 45.399 46.024 46.226 41.014 35.128 31.321 26.404 24.912 24.393 21.241 19.215 19.545 13.857 14.972 14.093 16.430 16.967 16.186 26.917 28.271 37.921 43.170 44.274 53.183 59.229 67.659 72.116 79.497 79.975 79.133 86.092 96.103 85.941 86.246 88.977 100.282 95.575 80.749 72.815 71.447 67.099 65.200 58.605 53.202 51.041 54.662 53.758
2.287 3.028 5.061 7.361 13.817 23.986 27.242 32.497 36.849 35.119 45.333 44.615 46.209 47.156 47.263 42.832 39.902 37.028 37.905 35.930 37.227 35.178 37.470 34.724 33.899 30.093 26.635 20.649 16.997 21.122 16.029 14.373 13.128 12.547 11.451 10.073 15.730 15.571 21.631 26.342 35.008 39.655 44.356 50.856 59.677 70.915 75.056 74.908 76.626 78.135 91.546 92.266 96.638 83.997 91.561 89.397 98.835 91.281 71.495 73.829 62.580 62.989 55.721 55.999 62.231 -999.250 -999.250
8.974 9.248 10.988 18.107 23.712 30.184 35.313 38.778 42.055 44.713 50.048 47.123 45.954 46.693 46.273 40.256 37.059 32.579 32.117 30.788 28.482 31.231 29.094 29.384 26.043 23.288 21.140 15.950 14.095 12.612 11.706 9.492 9.990 7.584 8.542 8.406 9.240 12.218 18.700 23.490 28.672 36.976 43.956 49.153 55.105 68.045 72.637 73.605 78.436 77.304 80.267 93.765 94.465 93.514 92.286 92.506 88.576 81.845 76.765 67.306 65.596 60.297 64.084 61.865 67.165 64.099 -999.250
12.989 10.824 13.541 18.085 23.708 33.430 37.741 44.876 47.943 52.509 48.543 48.605 47.941 48.117 42.739 43.929 40.240 34.444 30.230 23.288 21.298 21.088 17.875 21.569 17.890 18.904 16.136 13.552 10.226 9.652 8.968 6.471 4.132 5.265 4.836 4.660 6.200 13.541 17.924 24.241 32.373 42.372 49.707 55.867 59.380 66.949 69.692 76.123 83.119 77.191 84.300 91.826 89.576 93.078 95.700 88.273 94.925 85.933 84.241 73.623 71.588 66.717 70.750 67.011 -999.250 -999.250 -999.250
13.124 15.014 15.836 20.482 23.274 29.298 37.131 47.946 49.432 57.703 55.815 55.244 51.535 43.280 39.962 37.334 32.302 28.651 21.889 18.371 19.813 15.058 12.734 14.062 10.912 8.504 10.046 9.410 7.907 5.198 5.405 4.636 0.572 1.150 2.051 0.942 4.873 12.243 21.335 29.057 36.190 50.901 56.349 62.235 69.279 77.306 75.946 79.901 88.709 84.729 89.649 97.562 100.949 107.245 104.894 111.781 99.751 93.203 89.264 85.866 78.745 78.517 81.443 76.065 -999.250 -999.250 -999.250
18.553 13.398 21.604 20.166 23.909 28.475 36.999 46.078 51.121 60.046 58.282 57.645 44.757 40.760 34.628 31.799 30.466 22.081 20.562 11.620 11.219 6.354 5.552 6.391 5.376 6.876 5.994 7.091 7.610 6.363 6.175 2.013 0.000 0.000 0.000 2.437 4.241 11.745 20.277 32.895 44.409 56.624 60.554 69.982 75.438 87.258 90.269 88.593 88.990 94.826 95.930 112.359 114.116 116.930 119.435 114.317 124.124 100.893 98.167 93.579 89.352 93.945 80.426 -999.250 -999.250 -999.250 -999.250
22.154 16.366 21.555 19.366 25.694 26.965 35.776 40.815 44.353 53.382 51.673 49.853 36.469 35.272 31.032 27.884 21.732 20.409 17.550 12.924 5.779 0.000 0.000 3.011 1.801 2.344 2.808 3.483 3.911 2.659 1.681 0.000 0.000 0.000 0.000 2.197 11.395 16.469 29.987 38.552 52.350 65.707 73.120 85.086 91.243 94.566 101.019 106.646 109.290 109.541 112.587 128.025 132.714 121.602 130.339 117.410 121.023 112.409 105.547 107.061 90.598 -999.250 -999.250 -999.250 -999.250 -999.250 -999.250
23.024 19.979 23.802 19.763 23.192 25.775 29.537 36.019 40.748 44.201 41.196 43.434 32.581 29.643 28.479 25.053 19.849 15.854 13.716 10.386 3.828 0.000 0.000 0.046 0.000 0.498 2.150 1.914 0.277 2.576 0.000 0.000 0.000 0.000 5.594 6.482 15.371 22.687 31.592 42.630 57.663 67.030 76.739 84.386 93.761 98.728 119.641 129.144 108.790 118.651 127.844 137.495 138.378 140.044 131.093 134.583 139.001 125.495 126.666 112.825 105.103 -999.250 -999.250 -999.250 -999.250 -999.250 -999.250
24.725 24.681 22.271 22.321 21.893 23.361 26.885 29.222 34.069 35.952 39.076 38.002 32.016 24.564 25.029 20.417 16.898 10.736 8.378 6.684 0.722 0.000 0.000 0.000 2.357 0.000 1.421 0.000 0.000 0.000 0.000 0.000 0.000 2.918 7.621 13.451 22.091 29.221 40.387 52.701 64.518 71.512 85.822 87.441 105.993 122.592 135.723 142.023 136.992 146.818 148.335 146.948 149.002 146.301 129.728 141.644 -999.250 134.458 124.112 -999.250 -999.250 -999.250 -999.250 -999.250 -999.250 -999.250 -999.250
27.905 24.523 23.793 19.222 17.277 15.637 19.399 22.671 27.399 33.594 32.073 30.450 29.344 22.890 18.945 17.379 17.131 11.428 7.527 2.704 0.000 0.000 0.000 0.435 0.000 0.000 0.009 0.000 0.000 0.000 0.000 0.000 5.316 7.557 13.037 19.064 26.407 35.947 51.573 61.984 72.680 81.788 85.114 95.252 124.789 131.312 139.878 138.697 153.211 170.743 168.083 166.986 161.834 156.462 -999.250 -999.250 -999.250 -999.250 -999.250 -999.250 -999.250 -999.250 -999.250 -999.250 -999.250 -999.250 -999.250
31.150 26.617 19.261 14.158 14.066 13.809 13.661 18.188 23.008 27.450 28.898 27.894 25.226 18.270 17.429 12.169 9.782 9.245 5.786 3.599 0.000 0.000 0.000 0.000 0.011 0.057 1.248 0.168 0.000 0.000 0.000 4.031 4.950 11.962 16.361 23.889 34.857 47.590 52.054 65.124 83.300 90.354 114.330 109.841 136.745 137.599 150.255 161.798 171.250 182.772 181.977 178.986 172.215 -999.250 -999.250 -999.250 -999.250 -999.250 -999.250 -999.250 -999.250 -999.250 -999.250 -999.250 -999.250 -999.250 -999.250
38.278 28.090 20.139 9.422 6.924 10.410 13.188 15.154 19.846 23.401 23.770 20.007 20.984 15.597 12.377 10.149 7.831 4.439 3.802 3.000 2.447 0.558 0.000 0.000 1.831 2.579 0.000 1.722 0.000 2.572 2.663 4.722 6.790 12.894 24.474 30.912 44.912 53.926 65.743 70.983 90.712 105.610 119.539 143.286 146.682 158.402 175.905 195.036 189.261 207.408 207.835 205.221 183.007 -999.250 -999.250 -999.250 -999.250 -999.250 -999.250 -999.250 -999.250 -999.250 -999.250 -999.250 -999.250 -999.250 -999.250
43.799 32.620 16.886 4.413 0.539 6.842 14.816 25.360 19.460 19.500 18.124 16.085 16.419 12.141 7.904 7.798 4.649 3.990 1.448 0.984 3.647 2.156 0.000 0.000 2.727 1.374 2.442 4.531 3.909 3.318 5.365 7.203 12.600 18.540 25.148 36.852 51.654 64.977 75.419 80.514 90.543 119.892 130.612 149.623 164.048 173.758 188.414 216.099 203.796 216.032 201.502 204.784 -999.250 -999.250 -999.250 -999.250 -999.250 -999.250 -999.250 -999.250 -999.250 -999.250 -999.250 -999.250 -999.250 -999.250 -999.250
53.351 40.108 23.012 0.000 0.000 9.857 14.212 19.838 17.179 13.723 15.889 12.973 9.353 6.494 6.808 2.129 2.206 4.621 0.750 1.044 1.954 0.208 0.000 1.660 1.816 3.548 3.760 4.790 5.187 5.870 7.393 10.420 15.270 22.698 31.423 37.758 49.225 61.008 74.244 83.107 105.551 131.380 139.644 157.771 166.466 180.001 207.414 230.384 228.208 232.069 230.879 -999.250 -999.250 -999.250 -999.250 -999.250 -999.250 -999.250 -999.250 -999.250 -999.250 -999.250 -999.250 -999.250 -999.250 -999.250 -999.250
70.222 52.899 32.512 17.957 11.733 10.425 11.828 10.007 11.867 11.376 9.119 6.407 4.098 3.991 1.217 0.000 0.000 0.000 0.000 1.236 0.000 0.000 0.000 0.170 3.824 7.080 9.380 9.513 9.117 8.566 10.662 11.784 15.037 18.697 28.069 39.993 52.426 58.782 76.432 92.177 116.929 134.352 156.858 184.020 188.272 204.482 234.757 236.505 248.364 236.543 248.717 -999.250 -999.250 -999.250 -999.250 -999.250 -999.250 -999.250 -999.250 -999.250 -999.250 -999.250 -999.250 -999.250 -999.250 -999.250 -999.250
75.717 67.374 52.330 35.642 25.349 19.247 15.082 11.179 11.733 10.176 8.432 5.283 0.388 0.000 0.000 0.000 0.000 0.000 0.000 0.186 1.003 0.708 1.595 4.857 7.698 10.624 13.874 13.284 12.221 12.984 13.902 12.684 14.373 20.812 28.854 40.608 58.699 68.258 85.597 105.948 110.700 145.153 162.188 182.450 205.981 232.304 264.249 265.970 281.294 276.069 -999.250 -999.250 -999.250 -999.250 -999.250 -999.250 -999.250 -999.250 -999.250 -999.250 -999.250 -999.250 -999.250 -999.250 -999.250 -999.250 -999.250
84.080 88.784 61.257 48.240 33.141 23.593 16.067 14.551 9.756 7.560 7.088 0.936 0.000 0.000 0.000 0.000 0.000 0.000 0.000 1.714 2.586 3.154 5.720 10.831 14.460 17.909 19.702 18.611 17.536 17.437 15.170 16.309 17.457 24.252 30.755 43.445 61.385 74.535 87.125 105.223 118.214 142.363 175.718 189.117 208.530 233.155 261.569 287.508 303.214 276.443 -999.250 -999.250 -999.250 -999.250 -999.250 -999.250 -999.250 -999.250 -999.250 -999.250 -999.250 -999.250 -999.250 -999.250 -999.250 -999.250 -999.250
80.186 77.392 69.069 51.565 39.399 29.572 22.776 18.484 12.137 11.366 5.751 2.347 0.000 0.000 0.000 0.000 0.000 0.000 0.934 4.647 7.064 10.043 14.129 14.349 18.316 19.653 24.156 22.106 21.635 22.715 19.625 20.994 22.530 28.023 36.880 47.879 67.310 74.994 88.336 119.644 114.793 143.813 163.653 191.259 202.970 223.095 242.787 276.048 307.764 264.440 -999.250 -999.250 -999.250 -999.250 -999.250 -999.250 -999.250 -999.250 -999.250 -999.250 -999.250 -999.250 -999.250 -999.250 -999.250 -999.250 -999.250
71.802 71.057 66.053 57.631 43.361 35.534 29.353 26.094 21.370 17.590 10.993 5.571 0.000 0.000 0.000 0.000 0.000 0.790 4.296 6.694 11.161 16.523 20.122 25.821 27.532 30.288 30.159 29.328 23.065 23.200 27.827 24.137 25.992 30.815 36.684 50.485 67.595 79.891 95.414 117.874 136.484 144.283 175.985 192.230 212.404 222.577 256.685 239.331 277.648 -999.250 -999.250 -999.250 -999.250 -999.250 -999.250 -999.250 -999.250 -999.250 -999.250 -999.250 -999.250 -999.250 -999.250 -999.250 -999.250 -999.250 -999.250
