data/medianmodel_11-Sep-2020.asc
ncols	141
nrows	288
xllcorner	-120191.398
yllcorner	-301404.813
cellsize	2000.000
NODATA_value	-999.250
[rows 90 to 119 of 288, columns 69 to 137 of 141]
36.846 44.198 46.590 45.414 45.105 39.388 32.607 27.278 21.962 17.197 12.939 7.930 0.800 0.000 0.000 0.000 0.000 0.000 0.000 0.000 0.000 0.000 1.856 4.055 8.025 11.900 16.007 18.007 22.348 20.983 20.969 21.190 22.121 21.565 18.278 14.627 11.265 8.516 4.434 3.910 0.262 0.000 0.000 0.000 0.000 0.000 0.000 -999.250 -999.250 -999.250 -999.250 -999.250 -999.250 -999.250 -999.250 -999.250 -999.250 -999.250 -999.250 -999.250 -999.250 -999.250 -999.250 -999.250 -999.250 -999.250 -999.250 -999.250 -999.250
31.737 37.311 39.174 42.910 44.459 45.123 40.765 34.651 29.466 26.029 18.580 14.164 8.581 2.457 0.000 0.000 0.000 0.000 0.000 0.000 0.000 0.956 5.221 9.128 12.426 18.094 18.935 21.400 23.842 22.743 22.938 20.336 21.349 20.886 18.499 14.926 8.722 3.592 3.115 0.000 0.000 0.031 0.000 0.000 0.000 0.000 -999.250 -999.250 -999.250 -999.250 -999.250 -999.250 -999.250 -999.250 -999.250 -999.250 -999.250 -999.250 -999.250 -999.250 -999.250 -999.250 -999.250 -999.250 -999.250 -999.250 -999.250 -999.250 -999.250
22.560 27.895 33.853 39.454 48.054 49.465 48.048 45.210 43.149 36.530 29.668 22.127 15.169 9.177 5.400 0.050 0.000 0.000 0.000 0.000 0.982 6.705 9.242 14.245 18.966 21.959 22.562 23.942 24.627 25.833 21.416 22.086 17.941 18.520 15.659 10.550 8.416 4.739 3.335 1.041 0.000 0.000 0.000 0.000 0.000 0.000 -999.250 -999.250 -999.250 -999.250 -999.250 -999.250 -999.250 -999.250 -999.250 -999.250 -999.250 -999.250 -999.250 -999.250 -999.250 -999.250 -999.250 -999.250 -999.250 -999.250 -999.250 -999.250 -999.250
15.236 22.063 29.219 35.106 44.982 46.401 49.802 55.146 53.096 50.769 41.446 34.053 27.442 18.996 10.550 4.350 0.000 0.000 0.000 2.123 6.359 10.699 14.067 17.439 24.306 22.045 24.829 25.543 24.258 24.553 20.515 18.542 16.851 11.714 11.375 9.333 5.587 2.758 3.708 0.011 0.000 0.000 0.000 0.000 0.000 -999.250 -999.250 -999.250 -999.250 -999.250 -999.250 -999.250 -999.250 -999.250 -999.250 -999.250 -999.250 -999.250 -999.250 -999.250 -999.250 -999.250 -999.250 -999.250 -999.250 -999.250 -999.250 -999.250 -999.250
11.594 17.259 21.442 28.598 38.314 48.245 51.451 60.619 62.704 61.542 61.121 47.398 39.070 25.324 16.305 7.476 0.000 0.000 0.476 5.027 8.494 11.335 17.044 20.809 24.936 25.797 24.907 22.002 20.492 19.472 18.236 14.867 14.349 10.780 8.573 7.623 6.183 1.740 0.676 0.000 0.000 0.000 0.000 0.000 0.000 -999.250 -999.250 -999.250 -999.250 -999.250 -999.250 -999.250 -999.250 -999.250 -999.250 -999.250 -999.250 -999.250 -999.250 -999.250 -999.250 -999.250 -999.250 -999.250 -999.250 -999.250 -999.250 -999.250 -999.250
6.119 13.342 16.848 23.492 32.210 42.564 53.081 58.769 63.420 70.620 71.462 59.790 46.844 33.139 20.355 9.168 0.000 0.000 2.714 6.880 10.595 14.712 16.416 21.153 25.293 22.765 21.566 20.015 18.177 17.864 13.744 12.963 10.004 9.248 6.596 6.216 4.458 0.433 0.000 0.000 0.000 0.000 0.000 0.000 0.000 -999.250 -999.250 -999.250 -999.250 -999.250 -999.250 -999.250 -999.250 -999.250 -999.250 -999.250 -999.250 -999.250 -999.250 -999.250 -999.250 -999.250 -999.250 -999.250 -999.250 -999.250 -999.250 -999.250 -999.250
5.051 8.141 15.053 19.410 26.322 39.231 47.206 56.945 66.076 72.878 85.455 67.443 47.196 34.034 21.724 12.437 5.566 1.718 5.327 4.569 9.518 13.125 14.005 17.034 18.530 19.778 17.546 17.458 14.558 12.860 9.719 8.849 6.692 6.733 4.742 3.229 2.664 0.000 0.000 0.000 0.000 0.000 0.000 0.000 0.000 0.000 -999.250 -999.250 -999.250 -999.250 -999.250 -999.250 -999.250 -999.250 -999.250 -999.250 -999.250 -999.250 -999.250 -999.250 -999.250 -999.250 -999.250 -999.250 -999.250 -999.250 -999.250 -999.250 -999.250
1.914 7.273 11.444 16.454 22.003 30.603 43.612 52.458 60.331 68.916 69.980 60.148 47.982 32.222 21.426 12.886 7.471 1.483 2.219 3.313 6.679 9.693 12.978 14.532 15.842 15.525 16.214 13.951 10.924 8.946 7.772 6.824 3.477 2.813 2.078 2.346 0.000 0.000 0.000 0.000 0.000 0.000 0.000 0.000 0.000 0.013 0.000 -999.250 -999.250 -999.250 -999.250 -999.250 -999.250 -999.250 -999.250 -999.250 -999.250 -999.250 -999.250 -999.250 -999.250 -999.250 -999.250 -999.250 -999.250 -999.250 -999.250 -999.250 -999.250
0.000 2.816 7.005 14.476 19.018 26.314 36.949 47.126 54.773 58.447 57.143 52.932 41.176 30.766 20.808 13.817 6.688 3.137 2.323 2.011 3.696 6.460 10.556 12.616 15.630 14.079 13.498 11.882 8.960 7.505 5.485 3.813 0.568 1.218 0.230 0.000 0.000 0.000 0.000 0.000 0.000 0.000 0.000 0.000 0.000 0.000 0.000 2.212 -999.250 -999.250 -999.250 -999.250 -999.250 -999.250 -999.250 -999.250 -999.250 -999.250 -999.250 -999.250 -999.250 -999.250 -999.250 -999.250 -999.250 -999.250 -999.250 -999.250 -999.250
0.000 3.141 5.864 10.388 17.633 23.986 31.800 40.906 46.391 47.018 46.781 42.957 37.606 27.984 16.545 12.420 7.826 5.155 1.609 1.926 1.678 4.712 6.626 10.596 11.738 13.021 12.022 9.745 5.342 4.260 3.504 1.215 0.000 0.000 0.000 0.000 0.000 0.000 0.000 0.000 0.000 0.000 0.000 0.000 0.000 0.000 0.000 -999.250 -999.250 -999.250 -999.250 -999.250 -999.250 -999.250 -999.250 -999.250 -999.250 -999.250 -999.250 -999.250 -999.250 -999.250 -999.250 -999.250 -999.250 -999.250 -999.250 -999.250 -999.250
0.000 2.711 4.658 9.901 15.552 21.644 28.875 37.435 38.840 39.127 40.727 35.850 29.294 24.520 18.078 11.703 7.825 6.572 2.583 0.662 0.879 3.126 5.651 8.089 6.700 9.656 8.389 5.095 2.161 0.955 0.415 0.000 0.000 0.000 0.000 0.000 0.000 0.000 0.000 0.000 0.000 0.000 0.000 0.000 0.000 0.000 0.000 0.000 -999.250 -999.250 -999.250 -999.250 -999.250 -999.250 -999.250 -999.250 -999.250 -999.250 -999.250 -999.250 -999.250 -999.250 -999.250 -999.250 -999.250 -999.250 -999.250 -999.250 -999.250
0.000 1.234 5.736 9.019 14.408 19.528 25.658 31.361 36.594 36.578 32.774 32.148 24.334 19.997 15.135 12.612 9.226 5.118 3.699 2.075 1.709 1.069 3.655 3.808 5.920 6.991 6.660 2.003 1.359 0.754 1.258 0.000 0.000 0.000 0.000 0.000 0.000 0.000 0.000 0.000 0.000 0.000 0.000 0.000 0.000 0.000 -999.250 -999.250 -999.250 -999.250 -999.250 -999.250 -999.250 -999.250 -999.250 -999.250 -999.250 -999.250 -999.250 -999.250 -999.250 -999.250 -999.250 -999.250 -999.250 -999.250 -999.250 -999.250 -999.250
0.000 0.512 6.401 8.477 13.082 18.957 25.952 28.225 30.998 27.460 29.134 25.509 21.124 19.336 14.607 11.457 8.623 6.175 4.353 2.343 0.000 0.081 1.264 0.988 5.092 4.764 4.060 1.729 0.135 0.035 0.000 0.000 0.000 0.000 0.000 0.000 0.000 0.000 0.000 0.000 0.000 0.000 0.000 0.000 0.000 -999.250 -999.250 -999.250 -999.250 -999.250 -999.250 -999.250 -999.250 -999.250 -999.250 -999.250 -999.250 -999.250 -999.250 -999.250 -999.250 -999.250 -999.250 -999.250 -999.250 -999.250 -999.250 -999.250 -999.250
0.000 0.988 3.965 7.972 12.897 16.814 19.175 23.828 25.110 26.759 24.496 23.398 19.066 15.990 12.537 9.994 9.178 5.597 6.412 3.315 0.000 0.000 0.000 0.028 3.300 1.014 1.194 0.446 0.000 0.000 0.000 0.000 0.000 0.000 0.000 0.000 0.000 0.000 0.000 0.000 0.000 0.000 0.000 0.000 0.000 -999.250 -999.250 -999.250 -999.250 -999.250 -999.250 -999.250 -999.250 -999.250 -999.250 -999.250 -999.250 -999.250 -999.250 -999.250 -999.250 -999.250 -999.250 -999.250 -999.250 -999.250 -999.250 -999.250 -999.250
0.000 0.358 1.373 6.884 10.853 13.039 17.479 19.317 20.221 20.740 21.120 21.551 18.492 15.836 11.880 8.849 9.004 4.704 3.640 0.809 0.143 0.666 0.000 1.881 1.214 0.000 0.000 0.000 0.000 0.000 0.000 0.000 0.000 0.000 0.000 0.000 0.000 0.000 0.000 0.000 0.000 0.000 0.000 0.000 -999.250 -999.250 -999.250 -999.250 -999.250 -999.250 -999.250 -999.250 -999.250 -999.250 -999.250 -999.250 -999.250 -999.250 -999.250 -999.250 -999.250 -999.250 -999.250 -999.250 -999.250 -999.250 -999.250 -999.250 -999.250
0.000 0.000 0.143 4.531 7.500 10.557 13.367 15.774 15.584 18.826 18.157 20.086 14.835 13.746 13.157 8.788 6.771 3.409 2.034 0.000 0.000 0.554 0.466 0.841 0.282 0.000 0.000 0.000 0.000 0.000 0.000 0.000 0.000 0.000 0.000 0.000 0.000 0.000 0.000 0.000 -999.250 -999.250 -999.250 -999.250 -999.250 -999.250 -999.250 -999.250 -999.250 -999.250 -999.250 -999.250 -999.250 -999.250 -999.250 -999.250 -999.250 -999.250 -999.250 -999.250 -999.250 -999.250 -999.250 -999.250 -999.250 -999.250 -999.250 -999.250 -999.250
0.000 0.000 0.000 2.128 3.802 8.906 10.369 13.828 14.264 15.216 15.656 14.815 14.988 13.395 12.305 8.734 7.209 5.095 0.800 0.975 0.560 0.000 1.309 0.000 0.000 0.000 0.000 0.000 0.000 0.000 0.000 0.000 0.000 0.000 0.000 0.000 0.000 0.000 -999.250 -999.250 -999.250 -999.250 -999.250 -999.250 -999.250 -999.250 -999.250 -999.250 -999.250 -999.250 -999.250 -999.250 -999.250 -999.250 -999.250 -999.250 -999.250 -999.250 -999.250 -999.250 -999.250 -999.250 -999.250 -999.250 -999.250 -999.250 -999.250 -999.250 -999.250
0.000 0.000 0.000 0.738 3.950 6.375 7.618 10.621 11.300 12.734 12.084 14.291 15.003 13.626 9.463 7.053 7.687 3.958 4.591 3.128 1.915 0.193 0.000 0.000 0.000 0.000 0.000 0.000 0.000 0.000 0.000 0.000 0.000 0.000 0.000 0.000 0.000 0.000 -999.250 -999.250 -999.250 -999.250 -999.250 -999.250 -999.250 -999.250 -999.250 -999.250 -999.250 -999.250 -999.250 -999.250 -999.250 -999.250 -999.250 -999.250 -999.250 -999.250 -999.250 -999.250 -999.250 -999.250 -999.250 -999.250 -999.250 -999.250 -999.250 -999.250 -999.250
0.000 0.000 0.000 0.000 0.903 4.159 7.111 7.770 10.460 10.938 12.002 11.666 11.210 10.361 9.484 8.219 6.983 4.502 3.554 2.748 2.137 0.161 0.000 0.000 0.000 0.000 0.000 0.000 0.000 0.000 0.000 0.000 0.000 0.000 0.000 0.000 0.000 0.000 -999.250 -999.250 -999.250 -999.250 -999.250 -999.250 -999.250 -999.250 -999.250 -999.250 -999.250 -999.250 -999.250 -999.250 -999.250 -999.250 -999.250 -999.250 -999.250 -999.250 -999.250 -999.250 -999.250 -999.250 -999.250 -999.250 -999.250 -999.250 -999.250 -999.250 -999.250
0.000 0.000 0.000 0.000 1.281 4.663 5.255 7.289 9.477 8.187 8.624 9.691 10.322 9.336 7.039 6.574 6.112 5.307 5.043 3.632 2.183 0.000 0.000 0.000 0.000 0.000 0.000 0.000 0.000 0.000 0.000 0.000 0.000 0.000 0.000 0.000 0.000 0.000 -999.250 -999.250 -999.250 -999.250 -999.250 -999.250 -999.250 -999.250 -999.250 -999.250 -999.250 -999.250 -999.250 -999.250 -999.250 -999.250 -999.250 -999.250 -999.250 -999.250 -999.250 -999.250 -999.250 -999.250 -999.250 -999.250 -999.250 -999.250 -999.250 -999.250 -999.250
0.000 0.000 0.000 0.000 0.000 3.655 4.801 7.080 7.403 7.162 7.023 9.075 8.114 7.800 7.034 6.388 3.876 4.268 7.549 4.764 0.674 0.000 0.000 0.000 0.000 0.000 0.000 0.000 0.000 0.000 0.000 0.000 0.000 0.000 0.000 0.000 0.000 0.000 -999.250 -999.250 -999.250 -999.250 -999.250 -999.250 -999.250 -999.250 -999.250 -999.250 -999.250 -999.250 -999.250 -999.250 -999.250 -999.250 -999.250 -999.250 -999.250 -999.250 -999.250 -999.250 -999.250 -999.250 -999.250 -999.250 -999.250 -999.250 -999.250 -999.250 -999.250
0.000 0.000 0.000 0.000 1.601 1.586 6.310 6.537 5.992 5.319 6.285 7.580 6.669 6.206 6.258 3.433 1.186 3.175 4.511 1.255 1.419 0.000 0.000 0.000 0.000 0.000 0.000 0.000 0.000 0.000 0.000 0.000 0.000 0.000 0.000 0.247 0.119 0.000 -999.250 -999.250 -999.250 -999.250 -999.250 -999.250 -999.250 -999.250 -999.250 -999.250 -999.250 -999.250 -999.250 -999.250 -999.250 -999.250 -999.250 -999.250 -999.250 -999.250 -999.250 -999.250 -999.250 -999.250 -999.250 -999.250 -999.250 -999.250 -999.250 -999.250 -999.250
0.000 0.000 0.000 0.000 1.246 2.985 4.517 4.674 5.425 4.357 3.375 6.040 4.611 5.767 5.448 4.374 3.207 0.860 1.167 0.141 0.138 0.000 0.000 0.000 0.000 0.000 0.468 0.557 0.000 0.000 0.000 0.000 0.098 1.721 2.266 1.103 1.006 0.051 2.781 1.924 -999.250 -999.250 -999.250 -999.250 -999.250 -999.250 -999.250 -999.250 -999.250 -999.250 -999.250 -999.250 -999.250 -999.250 -999.250 -999.250 -999.250 -999.250 -999.250 -999.250 -999.250 -999.250 -999.250 -999.250 -999.250 -999.250 -999.250 -999.250 -999.250
0.000 0.000 0.000 0.000 1.010 0.686 3.476 5.337 5.919 5.943 5.195 5.431 5.224 4.068 2.605 2.811 1.709 0.523 0.072 0.000 0.000 0.000 0.000 0.000 0.000 0.000 0.000 0.164 0.000 0.000 0.125 1.653 2.857 2.945 1.787 3.343 0.937 3.308 3.053 1.417 0.669 2.447 -999.250 -999.250 -999.250 -999.250 -999.250 -999.250 -999.250 -999.250 -999.250 -999.250 -999.250 -999.250 -999.250 -999.250 -999.250 -999.250 -999.250 -999.250 -999.250 -999.250 -999.250 -999.250 -999.250 -999.250 -999.250 -999.250 -999.250
0.000 0.000 0.266 0.348 3.094 1.650 4.946 4.274 5.684 5.761 5.492 4.441 3.182 4.698 2.153 0.505 0.000 0.000 0.000 0.000 0.000 0.000 0.000 0.000 0.000 0.000 0.000 0.447 0.000 0.000 1.911 2.613 1.570 3.973 6.534 8.150 5.877 4.289 5.699 5.280 6.044 5.401 -999.250 -999.250 -999.250 -999.250 -999.250 -999.250 -999.250 -999.250 -999.250 -999.250 -999.250 -999.250 -999.250 -999.250 -999.250 -999.250 -999.250 -999.250 -999.250 -999.250 -999.250 -999.250 -999.250 -999.250 -999.250 -999.250 -999.250
0.000 0.000 1.188 2.094 2.379 4.770 3.210 6.369 5.513 4.384 4.133 3.564 4.144 3.028 1.050 0.158 0.000 0.000 0.000 0.000 0.000 0.000 0.000 0.000 0.000 0.000 0.098 0.000 0.076 3.175 2.595 5.189 5.991 7.476 6.368 9.170 10.673 7.756 7.063 8.588 7.462 8.219 9.244 -999.250 -999.250 -999.250 -999.250 -999.250 -999.250 -999.250 -999.250 -999.250 -999.250 -999.250 -999.250 -999.250 -999.250 -999.250 -999.250 -999.250 -999.250 -999.250 -999.250 -999.250 -999.250 -999.250 -999.250 -999.250 -999.250
0.000 3.826 4.231 5.699 5.436 4.656 6.026 7.608 7.752 7.274 6.173 5.371 4.030 0.857 4.083 0.000 0.000 0.000 0.000 0.000 0.000 0.000 0.000 0.000 0.000 0.000 0.000 0.000 0.806 1.264 2.865 4.847 6.319 8.948 8.016 9.747 8.831 11.780 10.478 7.102 9.478 11.580 9.615 8.901 -999.250 -999.250 -999.250 -999.250 -999.250 -999.250 -999.250 -999.250 -999.250 -999.250 -999.250 -999.250 -999.250 -999.250 -999.250 -999.250 -999.250 -999.250 -999.250 -999.250 -999.250 -999.250 -999.250 -999.250 -999.250
3.059 6.332 8.924 9.779 12.265 10.792 9.148 9.158 9.631 9.934 6.372 5.455 4.329 3.171 3.895 1.498 0.000 0.000 0.000 0.000 0.000 0.000 0.000 0.000 0.000 0.000 0.000 0.000 1.136 2.702 4.682 5.980 6.630 8.215 8.951 10.979 9.406 9.767 9.431 9.096 8.857 12.956 11.080 10.700 -999.250 -999.250 -999.250 -999.250 -999.250 -999.250 -999.250 -999.250 -999.250 -999.250 -999.250 -999.250 -999.250 -999.250 -999.250 -999.250 -999.250 -999.250 -999.250 -999.250 -999.250 -999.250 -999.250 -999.250 -999.250
7.465 10.523 11.618 11.022 12.972 14.922 14.852 11.388 13.582 12.358 11.327 8.479 5.368 3.796 4.181 3.312 0.150 0.000 0.000 0.000 0.000 0.000 0.000 0.000 0.000 0.000 0.000 1.567 2.751 3.491 5.438 5.964 9.045 9.511 8.831 10.900 9.947 10.835 11.716 13.040 12.295 14.161 14.829 10.751 11.494 -999.250 -999.250 -999.250 -999.250 -999.250 -999.250 -999.250 -999.250 -999.250 -999.250 -999.250 -999.250 -999.250 -999.250 -999.250 -999.250 -999.250 -999.250 -999.250 -999.250 -999.250 -999.250 -999.250 -999.250
12.670 15.725 16.259 18.142 18.524 20.011 20.710 18.981 16.150 14.486 13.338 11.395 10.397 10.075 7.497 7.429 2.760 2.942 0.000 0.000 0.000 0.000 0.000 0.000 0.000 0.000 0.284 1.170 4.045 2.237 5.504 6.883 8.734 10.290 10.927 12.254 14.033 14.187 15.316 14.596 13.214 16.124 15.447 13.813 -999.250 -999.250 -999.250 -999.250 -999.250 -999.250 -999.250 -999.250 -999.250 -999.250 -999.250 -999.250 -999.250 -999.250 -999.250 -999.250 -999.250 -999.250 -999.250 -999.250 -999.250 -999.250 -999.250 -999.250 -999.250
