data/medianmodel_14-Nov-2020.asc
ncols	141
nrows	288
xllcorner	-120191.398
yllcorner	-301404.813
cellsize	2000.000
NODATA_value	-999.250
[rows 116 to 144 of 288, columns 65 to 129 of 141]
338.221 403.070 389.574 416.587 442.994 442.811 428.362 425.065 399.795 428.250 446.445 414.886 402.681 389.790 417.339 427.283 415.487 418.040 457.488 433.156 466.543 495.213 493.309 476.778 520.915 563.299 548.985 590.080 510.795 560.856 527.156 543.671 530.344 497.847 533.769 529.742 544.736 523.149 607.546 596.257 613.297 624.753 539.163 474.795 526.107 471.714 424.622 377.245 -999.250 -999.250 -999.250 -999.250 -999.250 -999.250 -999.250 -999.250 -999.250 -999.250 -999.250 -999.250 -999.250 -999.250 -999.250 -999.250 -999.250
329.525 341.229 384.228 410.966 392.048 403.007 394.458 382.577 383.843 409.947 394.591 393.846 402.929 396.181 396.533 407.133 361.212 416.980 431.905 420.112 449.204 449.264 445.670 466.806 507.848 506.185 526.570 543.870 541.734 568.188 606.794 550.903 523.292 553.353 589.864 563.893 602.588 542.162 547.374 577.308 577.517 597.475 533.104 505.427 536.895 486.248 453.117 413.439 -999.250 -999.250 -999.250 -999.250 -999.250 -999.250 -999.250 -999.250 -999.250 -999.250 -999.250 -999.250 -999.250 -999.250 -999.250 -999.250 -999.250
307.870 323.639 328.166 351.346 402.542 364.138 363.687 388.674 391.119 370.291 363.726 387.185 365.604 366.128 378.869 359.375 400.375 399.451 418.215 425.187 417.454 455.674 453.877 468.276 484.591 465.580 516.994 553.492 526.595 522.585 745.491 588.510 528.446 552.381 602.024 576.161 565.765 592.970 610.864 596.693 599.507 556.603 577.953 551.435 567.311 534.164 453.437 423.110 397.857 -999.250 -999.250 -999.250 -999.250 -999.250 -999.250 -999.250 -999.250 -999.250 -999.250 -999.250 -999.250 -999.250 -999.250 -999.250 -999.250
293.071 304.349 298.039 312.241 356.833 359.504 340.785 396.467 358.855 343.947 363.578 330.456 367.460 338.628 365.615 372.642 375.578 381.617 416.822 428.939 389.511 461.971 441.938 457.865 458.406 477.389 519.585 518.966 541.555 568.730 611.105 599.447 616.272 617.533 630.732 676.233 685.643 641.877 641.658 568.781 571.150 569.960 650.279 578.783 545.086 536.966 484.296 468.230 -999.250 -999.250 -999.250 -999.250 -999.250 -999.250 -999.250 -999.250 -999.250 -999.250 -999.250 -999.250 -999.250 -999.250 -999.250 -999.250 -999.250
297.065 310.025 313.991 304.644 321.244 320.525 342.301 361.752 376.778 350.782 393.443 342.472 342.065 362.499 369.465 322.006 337.776 332.013 409.006 421.603 426.820 426.817 444.571 460.372 498.617 507.453 502.089 563.594 538.148 610.312 579.183 577.356 605.828 653.760 729.001 770.867 755.386 696.726 703.718 613.824 637.277 620.984 596.687 579.535 577.458 499.889 510.818 452.043 -999.250 -999.250 -999.250 -999.250 -999.250 -999.250 -999.250 -999.250 -999.250 -999.250 -999.250 -999.250 -999.250 -999.250 -999.250 -999.250 -999.250
314.542 312.731 300.218 285.597 312.088 285.893 334.901 363.458 383.526 391.278 418.837 404.089 364.939 387.111 346.932 361.136 338.527 349.542 376.095 370.923 412.291 419.896 433.353 495.958 490.204 512.920 517.079 546.253 559.337 671.362 650.455 702.278 682.342 658.058 807.977 769.431 746.896 798.025 743.403 784.529 811.188 685.886 762.881 677.357 545.257 486.558 474.459 476.393 -999.250 -999.250 -999.250 -999.250 -999.250 -999.250 -999.250 -999.250 -999.250 -999.250 -999.250 -999.250 -999.250 -999.250 -999.250 -999.250 -999.250
302.715 322.727 309.709 296.944 273.536 239.856 305.336 346.587 379.964 404.116 393.843 410.355 420.484 359.898 387.890 423.245 402.077 348.320 344.918 344.562 398.350 405.325 479.995 461.444 478.790 502.544 539.992 564.674 617.918 633.957 663.132 697.690 674.346 807.381 900.249 823.295 808.090 825.922 842.089 877.575 817.076 689.240 684.621 569.813 538.922 510.224 511.758 503.882 -999.250 -999.250 -999.250 -999.250 -999.250 -999.250 -999.250 -999.250 -999.250 -999.250 -999.250 -999.250 -999.250 -999.250 -999.250 -999.250 -999.250
286.095 320.868 329.503 320.165 309.781 300.961 306.558 344.331 368.573 379.719 426.767 402.172 417.433 364.620 348.179 371.894 377.289 351.056 369.585 350.491 413.097 404.015 448.666 470.911 500.141 527.319 545.116 561.918 640.263 633.349 584.090 732.749 782.197 837.891 780.282 820.589 838.038 760.541 847.222 834.270 736.065 746.496 596.699 553.850 527.449 527.163 504.821 -999.250 -999.250 -999.250 -999.250 -999.250 -999.250 -999.250 -999.250 -999.250 -999.250 -999.250 -999.250 -999.250 -999.250 -999.250 -999.250 -999.250 -999.250
282.964 321.722 345.756 369.624 335.433 339.985 353.021 365.653 394.705 396.874 423.990 428.578 381.765 363.392 399.969 362.804 379.327 315.331 369.230 401.796 358.397 363.787 379.177 425.712 450.791 492.301 515.730 524.895 605.929 677.884 671.349 715.415 802.181 775.351 789.416 861.629 822.928 786.264 774.311 813.471 787.352 758.034 582.268 560.757 553.738 549.424 516.533 -999.250 -999.250 -999.250 -999.250 -999.250 -999.250 -999.250 -999.250 -999.250 -999.250 -999.250 -999.250 -999.250 -999.250 -999.250 -999.250 -999.250 -999.250
298.176 339.127 363.258 379.840 371.594 370.076 414.248 430.978 430.200 420.597 422.997 421.074 442.502 410.400 363.589 386.340 357.327 337.816 342.808 330.518 328.831 328.701 347.227 408.145 444.696 496.558 498.061 510.560 576.058 586.449 623.299 666.103 766.941 802.965 829.623 833.235 815.192 729.370 753.655 785.459 772.728 767.041 671.101 585.271 545.529 551.608 559.780 -999.250 -999.250 -999.250 -999.250 -999.250 -999.250 -999.250 -999.250 -999.250 -999.250 -999.250 -999.250 -999.250 -999.250 -999.250 -999.250 -999.250 -999.250
292.347 360.991 353.932 371.635 434.641 430.062 433.768 451.735 435.829 431.894 431.539 428.492 421.922 411.306 403.386 377.365 398.543 370.458 322.450 310.239 307.357 325.392 328.610 361.924 421.141 447.231 439.613 529.879 528.821 564.822 540.366 653.749 608.918 668.604 824.127 724.283 851.941 785.544 856.144 924.094 877.667 794.662 660.231 611.057 605.990 579.129 524.195 -999.250 -999.250 -999.250 -999.250 -999.250 -999.250 -999.250 -999.250 -999.250 -999.250 -999.250 -999.250 -999.250 -999.250 -999.250 -999.250 -999.250 -999.250
295.969 352.872 416.828 412.334 435.975 461.893 471.171 464.051 465.225 434.488 435.533 418.218 417.409 403.687 419.104 378.663 369.903 342.488 362.719 330.170 284.495 302.699 312.854 332.039 389.288 415.341 461.530 477.502 531.614 546.592 612.678 602.371 659.557 770.946 795.490 792.811 766.195 747.357 759.496 846.791 792.866 757.404 717.737 664.042 643.376 639.728 -999.250 -999.250 -999.250 -999.250 -999.250 -999.250 -999.250 -999.250 -999.250 -999.250 -999.250 -999.250 -999.250 -999.250 -999.250 -999.250 -999.250 -999.250 -999.250
324.492 416.180 452.747 466.080 481.621 497.633 522.392 503.677 474.262 451.613 453.105 423.502 392.459 407.037 391.997 390.094 346.467 346.108 311.876 301.575 296.960 287.091 278.537 257.757 349.494 362.278 419.284 488.763 532.713 542.827 566.650 635.639 718.880 642.756 676.016 726.390 734.654 711.071 705.866 665.468 689.719 740.286 690.909 635.304 601.769 -999.250 -999.250 -999.250 -999.250 -999.250 -999.250 -999.250 -999.250 -999.250 -999.250 -999.250 -999.250 -999.250 -999.250 -999.250 -999.250 -999.250 -999.250 -999.250 -999.250
353.050 445.046 456.204 468.366 511.239 509.871 534.869 528.362 497.903 484.367 450.667 426.203 435.122 416.473 386.066 359.258 345.760 292.576 299.120 301.940 300.390 292.808 288.964 299.606 303.407 322.028 426.198 486.492 524.940 540.851 524.272 527.216 575.433 607.388 580.511 587.872 621.400 614.234 618.211 579.916 707.185 735.203 738.062 612.482 -999.250 -999.250 -999.250 -999.250 -999.250 -999.250 -999.250 -999.250 -999.250 -999.250 -999.250 -999.250 -999.250 -999.250 -999.250 -999.250 -999.250 -999.250 -999.250 -999.250 -999.250
428.354 483.153 500.988 559.047 574.165 572.057 586.660 535.109 498.286 498.076 483.305 455.202 439.552 412.969 405.573 310.153 324.942 307.324 312.260 291.988 308.803 295.507 277.464 294.685 332.135 353.014 377.184 451.462 492.710 493.604 563.942 550.117 527.459 575.262 555.249 583.928 594.889 618.141 598.413 573.583 578.367 647.467 699.389 664.618 -999.250 -999.250 -999.250 -999.250 -999.250 -999.250 -999.250 -999.250 -999.250 -999.250 -999.250 -999.250 -999.250 -999.250 -999.250 -999.250 -999.250 -999.250 -999.250 -999.250 -999.250
434.263 486.237 549.234 574.550 635.621 698.261 641.032 613.197 546.043 487.996 474.995 442.451 408.786 379.182 360.078 311.744 330.558 299.612 306.054 299.244 307.069 293.258 290.988 319.128 319.711 339.857 345.655 411.120 443.251 449.620 495.183 503.067 549.945 516.007 536.049 557.698 600.904 563.296 526.826 584.060 674.657 572.147 608.104 534.249 -999.250 -999.250 -999.250 -999.250 -999.250 -999.250 -999.250 -999.250 -999.250 -999.250 -999.250 -999.250 -999.250 -999.250 -999.250 -999.250 -999.250 -999.250 -999.250 -999.250 -999.250
446.122 486.994 553.235 665.518 749.643 758.229 717.119 619.120 558.763 537.561 489.027 449.514 395.462 355.953 327.610 343.154 323.846 335.018 268.845 278.771 279.979 279.194 286.441 285.065 274.092 323.164 320.316 330.918 388.317 402.833 463.255 474.891 490.628 480.069 535.245 486.610 558.127 536.848 553.505 523.435 534.637 603.065 569.514 533.230 -999.250 -999.250 -999.250 -999.250 -999.250 -999.250 -999.250 -999.250 -999.250 -999.250 -999.250 -999.250 -999.250 -999.250 -999.250 -999.250 -999.250 -999.250 -999.250 -999.250 -999.250
430.308 500.666 550.805 724.174 808.441 787.969 685.008 657.899 579.132 524.638 482.355 445.524 382.627 349.840 322.471 293.971 283.460 299.880 269.012 262.972 258.696 262.398 265.913 296.883 265.076 282.812 308.786 336.761 400.642 422.341 442.363 451.216 452.876 485.303 478.717 496.528 478.669 530.923 533.313 583.295 515.144 526.070 518.256 -999.250 -999.250 -999.250 -999.250 -999.250 -999.250 -999.250 -999.250 -999.250 -999.250 -999.250 -999.250 -999.250 -999.250 -999.250 -999.250 -999.250 -999.250 -999.250 -999.250 -999.250 -999.250
431.664 498.587 540.172 690.243 738.513 791.212 695.671 632.786 555.337 492.833 484.346 455.485 370.069 347.597 281.832 265.125 280.551 252.026 238.456 243.363 247.794 266.353 269.643 267.736 281.862 292.784 298.559 301.074 355.829 398.456 425.418 436.903 462.746 460.201 460.084 466.637 481.058 548.479 535.898 554.552 570.065 542.570 475.203 -999.250 -999.250 -999.250 -999.250 -999.250 -999.250 -999.250 -999.250 -999.250 -999.250 -999.250 -999.250 -999.250 -999.250 -999.250 -999.250 -999.250 -999.250 -999.250 -999.250 -999.250 -999.250
422.808 477.173 519.179 633.050 622.208 585.347 636.148 596.979 547.150 482.578 497.134 432.094 393.881 311.140 273.500 249.600 261.309 255.514 245.216 242.865 243.023 251.088 254.384 234.898 253.167 279.405 290.258 326.339 316.502 359.277 346.568 426.368 394.084 390.473 459.026 443.845 480.696 520.918 480.671 517.189 516.518 563.054 511.232 -999.250 -999.250 -999.250 -999.250 -999.250 -999.250 -999.250 -999.250 -999.250 -999.250 -999.250 -999.250 -999.250 -999.250 -999.250 -999.250 -999.250 -999.250 -999.250 -999.250 -999.250 -999.250
394.454 468.451 522.273 564.496 560.112 571.890 561.219 566.087 549.456 476.300 478.117 421.264 341.556 298.370 222.646 237.745 268.491 255.888 266.661 250.721 239.864 227.762 247.055 231.605 234.786 245.583 235.974 263.304 287.873 313.221 363.628 349.615 377.963 367.600 430.614 452.102 437.925 462.649 480.321 475.447 472.226 485.673 511.321 -999.250 -999.250 -999.250 -999.250 -999.250 -999.250 -999.250 -999.250 -999.250 -999.250 -999.250 -999.250 -999.250 -999.250 -999.250 -999.250 -999.250 -999.250 -999.250 -999.250 -999.250 -999.250
396.558 422.639 515.046 527.860 534.793 531.725 547.725 550.260 487.497 492.862 475.811 421.942 406.441 348.519 287.958 272.808 269.524 259.054 282.614 259.609 252.839 235.413 235.238 216.016 216.332 212.352 227.378 246.894 298.240 246.977 312.159 343.715 379.418 335.530 418.430 456.682 407.997 397.904 451.651 447.354 460.707 472.739 -999.250 -999.250 -999.250 -999.250 -999.250 -999.250 -999.250 -999.250 -999.250 -999.250 -999.250 -999.250 -999.250 -999.250 -999.250 -999.250 -999.250 -999.250 -999.250 -999.250 -999.250 -999.250 -999.250
368.623 379.313 448.777 495.317 478.245 499.698 486.549 503.187 502.597 519.621 451.177 441.488 408.197 353.486 360.986 306.478 281.591 268.694 286.140 276.857 238.422 -999.250 -999.250 -999.250 -999.250 208.079 222.572 232.771 262.318 237.647 -999.250 -999.250 -999.250 -999.250 -999.250 -999.250 -999.250 -999.250 -999.250 -999.250 -999.250 -999.250 -999.250 -999.250 -999.250 -999.250 -999.250 -999.250 -999.250 -999.250 -999.250 -999.250 -999.250 -999.250 -999.250 -999.250 -999.250 -999.250 -999.250 -999.250 -999.250 -999.250 -999.250 -999.250 -999.250
308.853 348.364 398.400 444.947 444.319 468.711 470.000 499.819 467.628 502.969 463.528 423.701 424.370 373.962 385.452 338.685 348.608 292.786 271.976 249.610 262.540 -999.250 -999.250 -999.250 -999.250 -999.250 -999.250 -999.250 -999.250 -999.250 -999.250 -999.250 -999.250 -999.250 -999.250 -999.250 -999.250 -999.250 -999.250 -999.250 -999.250 -999.250 -999.250 -999.250 -999.250 -999.250 -999.250 -999.250 -999.250 -999.250 -999.250 -999.250 -999.250 -999.250 -999.250 -999.250 -999.250 -999.250 -999.250 -999.250 -999.250 -999.250 -999.250 -999.250 -999.250
262.771 288.026 367.072 397.933 414.290 419.963 475.492 471.858 455.242 457.092 447.011 437.591 425.658 423.454 394.593 383.276 336.727 300.301 303.241 277.012 262.041 -999.250 -999.250 -999.250 -999.250 -999.250 -999.250 -999.250 -999.250 -999.250 -999.250 -999.250 -999.250 -999.250 -999.250 -999.250 -999.250 -999.250 -999.250 -999.250 -999.250 -999.250 -999.250 -999.250 -999.250 -999.250 -999.250 -999.250 -999.250 -999.250 -999.250 -999.250 -999.250 -999.250 -999.250 -999.250 -999.250 -999.250 -999.250 -999.250 -999.250 -999.250 -999.250 -999.250 -999.250
230.911 294.014 321.067 373.438 356.944 403.767 425.478 466.210 477.637 447.204 440.981 428.016 410.123 429.969 399.997 384.466 328.106 322.935 321.275 280.577 260.258 222.047 -999.250 -999.250 -999.250 -999.250 -999.250 -999.250 -999.250 -999.250 -999.250 -999.250 -999.250 -999.250 -999.250 -999.250 -999.250 -999.250 -999.250 -999.250 -999.250 -999.250 -999.250 -999.250 -999.250 -999.250 -999.250 -999.250 -999.250 -999.250 -999.250 -999.250 -999.250 -999.250 -999.250 -999.250 -999.250 -999.250 -999.250 -999.250 -999.250 -999.250 -999.250 -999.250 -999.250
210.136 259.091 294.749 329.516 325.924 366.184 428.453 426.125 438.166 428.244 459.150 418.365 432.899 428.968 424.460 420.242 401.512 359.954 321.581 269.902 247.982 217.873 203.791 -999.250 -999.250 -999.250 -999.250 -999.250 -999.250 -999.250 -999.250 -999.250 -999.250 -999.250 -999.250 -999.250 -999.250 -999.250 -999.250 -999.250 -999.250 -999.250 -999.250 -999.250 -999.250 -999.250 -999.250 -999.250 -999.250 -999.250 -999.250 -999.250 -999.250 -999.250 -999.250 -999.250 -999.250 -999.250 -999.250 -999.250 -999.250 -999.250 -999.250 -999.250 -999.250
211.786 231.595 253.336 279.093 296.843 316.421 370.596 395.738 400.439 414.470 423.582 395.189 395.661 430.851 444.118 401.664 394.891 335.717 319.366 276.282 251.184 214.852 183.458 159.777 -999.250 -999.250 -999.250 -999.250 -999.250 -999.250 -999.250 -999.250 -999.250 -999.250 -999.250 -999.250 -999.250 -999.250 -999.250 -999.250 -999.250 -999.250 -999.250 -999.250 -999.250 -999.250 -999.250 -999.250 -999.250 -999.250 -999.250 -999.250 -999.250 -999.250 -999.250 -999.250 -999.250 -999.250 -999.250 -999.250 -999.250 -999.250 -999.250 -999.250 -999.250
228.070 243.057 239.571 269.489 279.805 288.840 329.214 367.429 403.321 401.248 410.156 407.207 406.935 404.292 432.534 406.843 386.185 351.786 310.889 271.492 262.017 220.365 168.716 154.825 -999.250 -999.250 -999.250 -999.250 -999.250 -999.250 -999.250 -999.250 -999.250 -999.250 -999.250 -999.250 -999.250 -999.250 -999.250 -999.250 -999.250 -999.250 -999.250 -999.250 -999.250 -999.250 -999.250 -999.250 -999.250 -999.250 -999.250 -999.250 -999.250 -999.250 -999.250 -999.250 -999.250 -999.250 -999.250 -999.250 -999.250 -999.250 -999.250 -999.250 -999.250
