data/medianmodel_11-Sep-2020.asc
ncols	141
nrows	288
xllcorner	-120191.398
yllcorner	-301404.813
cellsize	2000.000
NODATA_value	-999.250
[rows 150 to 179 of 288, columns 0 to 68 of 141]
-999.250 -999.250 -999.250 -999.250 -999.250 -999.250 -999.250 -999.250 -999.250 -999.250 -999.250 -999.250 6.483 5.971 2.563 5.488 6.342 9.654 13.261 14.443 16.702 19.327 22.016 24.373 27.259 28.751 34.760 39.909 39.826 41.936 45.008 45.808 45.245 43.001 34.686 30.292 25.804 23.573 19.205 15.398 13.243 7.862 7.973 8.531 7.922 6.419 6.453 8.274 8.525 5.920 3.483 1.677 1.457 1.943 4.620 5.089 6.973 8.671 9.193 6.615 4.616 1.493 3.289 3.124 0.000 0.000 0.000 0.000 0.000
-999.250 -999.250 -999.250 -999.250 -999.250 -999.250 -999.250 -999.250 -999.250 -999.250 -999.250 5.088 4.118 1.226 2.398 1.755 3.295 6.114 9.957 11.110 14.640 18.496 19.613 23.353 26.927 29.932 33.127 37.601 42.046 43.898 48.567 47.376 46.635 44.416 39.022 37.877 32.635 28.069 21.499 19.269 15.508 9.919 7.540 6.362 1.801 0.000 5.369 9.387 9.484 8.037 5.735 5.376 4.462 3.991 6.258 6.897 9.828 9.002 9.893 5.995 5.423 4.833 6.220 3.556 1.965 1.962 0.175 0.000 0.000
-999.250 -999.250 -999.250 -999.250 -999.250 -999.250 -999.250 -999.250 -999.250 -999.250 9.094 5.417 3.519 0.111 0.000 0.000 0.425 4.271 9.175 11.702 14.008 17.187 19.291 21.948 26.566 31.991 37.119 40.054 44.822 46.446 49.626 51.003 47.883 46.246 45.744 46.718 37.044 29.678 25.716 22.204 18.610 14.231 9.599 7.729 7.223 8.232 11.718 14.928 13.410 11.856 9.647 7.452 7.829 7.764 7.441 8.834 8.604 9.289 10.171 8.221 7.802 7.438 7.241 5.546 3.089 0.782 0.473 0.000 0.000
-999.250 -999.250 -999.250 -999.250 -999.250 -999.250 -999.250 -999.250 -999.250 11.595 8.308 5.525 1.171 0.000 0.000 0.000 0.000 1.594 5.701 13.484 12.899 15.070 17.771 21.726 25.813 30.318 34.995 35.042 41.994 49.713 53.937 50.423 50.977 55.337 53.006 52.313 44.876 37.243 34.347 28.546 21.108 16.157 11.642 14.377 14.378 21.213 24.437 22.731 18.500 15.815 15.513 11.976 8.989 8.427 8.114 8.460 9.238 10.488 11.764 9.504 8.018 8.582 7.608 6.373 4.475 4.504 3.472 0.000 0.000
-999.250 -999.250 -999.250 -999.250 -999.250 22.343 22.641 17.894 12.284 9.040 5.624 2.546 0.000 0.000 0.000 0.000 0.000 0.000 2.733 7.768 9.505 11.814 15.992 19.239 26.313 30.773 34.889 38.583 40.798 46.925 48.969 55.004 57.991 59.663 60.071 59.337 48.320 41.259 37.812 29.568 24.987 19.856 16.209 17.941 19.956 29.210 43.492 29.591 22.909 19.047 17.324 14.661 14.472 11.489 9.852 10.216 12.917 13.094 14.268 12.451 10.024 8.663 8.002 6.811 7.427 7.034 4.664 0.723 0.000
-999.250 -999.250 -999.250 -999.250 -999.250 -999.250 -999.250 14.911 10.930 8.748 5.860 0.572 0.000 0.000 0.000 0.000 0.000 0.000 0.000 4.413 6.782 10.842 14.616 17.996 25.275 34.349 37.536 39.058 39.210 46.349 52.604 55.358 61.605 59.579 59.717 57.689 51.520 49.686 42.582 35.169 28.756 22.309 19.346 21.368 23.710 29.985 37.208 29.833 27.388 20.360 17.466 15.284 14.759 12.922 13.378 13.249 12.795 13.332 12.542 11.119 12.625 10.411 12.181 10.579 9.611 7.615 4.333 4.224 2.971
-999.250 -999.250 -999.250 -999.250 -999.250 -999.250 -999.250 12.635 9.198 7.391 4.978 0.000 0.000 0.000 0.000 0.000 0.000 0.000 0.000 0.697 4.782 8.305 10.531 15.889 19.953 25.748 31.886 39.229 40.688 49.821 51.639 59.651 57.955 65.571 63.188 64.987 58.363 53.296 47.242 40.048 31.829 27.640 21.087 21.153 23.695 29.739 29.799 27.450 25.230 23.576 17.894 17.495 14.664 14.418 13.691 15.461 11.698 14.525 12.365 11.803 12.658 12.889 14.780 12.470 10.654 9.268 6.984 5.221 3.748
-999.250 -999.250 -999.250 -999.250 -999.250 -999.250 -999.250 10.190 9.235 6.218 1.065 0.000 0.000 0.000 0.000 0.000 0.000 0.000 0.000 0.000 0.618 5.061 9.634 13.126 19.494 25.687 29.564 37.927 40.732 50.509 55.220 58.213 70.893 63.691 69.457 69.885 68.166 64.479 53.297 42.880 37.508 28.275 22.868 21.757 24.672 27.123 26.750 27.116 27.258 22.069 20.849 17.179 18.116 15.475 15.819 15.656 14.887 12.794 13.103 12.848 15.439 14.521 16.400 15.825 11.886 11.504 9.442 4.861 4.222
-999.250 -999.250 -999.250 -999.250 -999.250 -999.250 -999.250 8.918 6.734 4.888 0.024 0.000 0.000 0.000 0.000 0.000 0.000 0.000 0.000 0.000 0.637 4.266 7.208 13.801 18.801 24.377 31.777 37.810 44.648 47.694 54.524 59.624 67.675 72.555 72.132 74.483 70.946 69.234 56.172 44.063 36.120 28.482 23.556 21.420 23.570 23.851 24.951 24.573 24.882 23.217 21.093 19.061 18.897 16.556 16.603 16.152 15.136 18.458 15.037 14.300 14.898 18.171 18.331 16.635 14.860 13.691 12.486 7.942 5.503
-999.250 -999.250 -999.250 -999.250 -999.250 -999.250 -999.250 -999.250 4.959 1.691 0.000 0.000 0.000 0.000 0.000 0.000 0.000 0.000 0.000 0.000 0.000 5.863 8.375 13.044 17.637 24.006 29.664 35.268 40.932 50.589 49.808 62.145 66.759 68.459 76.980 81.606 80.234 77.413 61.199 45.226 34.767 28.152 24.860 22.120 22.692 24.134 22.237 22.701 23.644 21.146 21.724 20.825 17.447 16.187 16.000 16.725 14.652 15.568 15.828 15.803 17.349 16.673 17.935 19.416 17.608 15.816 13.201 8.288 6.787
-999.250 -999.250 -999.250 -999.250 -999.250 -999.250 -999.250 -999.250 2.114 3.868 0.000 0.000 0.000 0.000 0.000 0.000 0.000 0.000 0.000 0.000 0.000 5.010 9.395 14.942 18.844 26.960 29.187 37.989 42.999 46.727 51.474 55.657 58.386 69.055 82.914 90.142 90.024 77.728 53.481 41.988 36.307 28.333 22.644 20.063 19.344 19.858 19.462 21.003 20.308 20.674 21.641 21.034 19.731 19.187 16.765 17.708 15.880 17.679 16.371 16.029 17.810 17.472 16.458 16.570 18.166 20.008 12.841 7.657 7.093
-999.250 -999.250 -999.250 -999.250 -999.250 -999.250 -999.250 1.817 0.230 0.000 0.000 0.000 0.000 0.000 0.000 0.000 0.000 0.000 0.000 0.000 0.000 3.674 12.618 18.917 24.362 30.354 34.670 36.107 42.245 46.221 46.856 48.876 56.094 61.289 75.610 87.579 109.716 75.337 51.810 36.044 28.056 21.422 19.401 15.368 15.606 18.382 17.129 19.010 19.480 19.058 21.175 22.659 21.192 20.490 17.118 19.629 19.117 17.910 15.900 15.351 14.959 13.314 15.563 18.008 17.563 15.175 12.212 8.783 5.614
-999.250 -999.250 -999.250 -999.250 -999.250 -999.250 -999.250 0.887 0.000 0.000 0.000 0.000 0.000 0.000 0.000 0.000 0.000 0.000 0.000 0.000 0.000 5.747 12.240 21.919 29.651 37.738 39.226 38.526 45.335 44.388 45.644 43.709 51.389 54.478 59.147 69.102 74.110 53.899 36.463 23.103 18.059 16.072 15.127 13.988 13.273 15.592 17.095 17.319 18.660 19.042 18.332 23.454 20.599 19.641 20.191 17.402 18.705 17.366 15.487 18.382 19.115 12.480 13.998 13.546 14.353 12.771 10.946 8.077 5.484
-999.250 -999.250 -999.250 -999.250 -999.250 -999.250 -999.250 1.247 0.000 0.000 0.000 0.000 0.000 0.000 0.000 0.000 0.000 0.000 0.000 0.000 2.689 9.263 16.551 27.883 31.485 39.988 41.043 45.852 43.530 38.876 37.215 36.230 35.687 41.379 43.511 50.705 46.643 32.142 13.306 10.792 9.406 9.617 9.926 9.149 11.247 14.464 14.376 15.366 16.614 18.546 17.965 19.769 21.666 21.103 19.920 17.953 17.776 16.980 17.723 16.598 16.547 14.915 13.621 14.388 13.712 10.302 9.290 6.400 4.082
-999.250 -999.250 -999.250 -999.250 -999.250 -999.250 -999.250 2.171 0.000 0.000 0.000 0.000 0.000 0.000 0.000 0.000 0.000 0.000 2.297 3.886 8.830 12.870 19.874 28.752 39.431 45.144 50.639 52.962 47.404 36.926 30.686 26.255 26.734 27.378 29.270 29.720 28.218 18.561 8.162 5.525 6.088 6.615 7.229 6.041 9.298 11.877 11.637 15.168 16.206 16.509 17.796 19.696 20.213 20.032 20.876 18.318 16.836 17.977 17.463 16.977 17.398 15.515 13.173 12.891 11.693 10.235 8.993 5.470 3.224
-999.250 -999.250 -999.250 -999.250 -999.250 -999.250 2.710 0.816 0.000 0.000 0.000 0.024 0.000 0.000 0.000 0.000 0.350 4.589 7.741 8.675 14.216 17.867 25.072 34.642 45.631 57.308 56.624 59.326 48.950 41.672 27.720 16.776 17.339 18.934 18.073 18.670 15.707 10.545 5.012 1.526 2.919 3.224 3.925 4.678 6.695 8.735 13.156 14.213 16.041 17.105 17.663 19.366 21.641 20.660 20.644 20.280 20.054 18.569 14.604 17.285 14.284 13.209 11.706 9.597 8.982 6.558 6.199 4.359 1.729
-999.250 -999.250 -999.250 -999.250 -999.250 -999.250 4.776 1.396 0.877 0.695 2.151 3.005 1.467 2.817 3.863 4.382 6.045 6.891 10.052 15.416 17.798 24.743 28.038 40.976 52.757 61.295 72.245 70.340 59.805 45.752 30.522 19.943 15.002 14.779 11.223 11.343 11.347 7.238 1.204 0.865 0.000 0.964 2.456 2.955 4.286 7.889 9.893 11.866 16.086 18.821 18.063 18.337 19.638 17.270 19.206 20.193 18.871 21.799 17.839 15.006 15.228 14.242 9.321 6.377 6.106 5.948 5.657 3.767 1.864
-999.250 -999.250 -999.250 -999.250 -999.250 6.998 6.944 3.212 6.166 4.112 8.297 8.268 8.188 7.850 7.091 8.933 11.518 13.121 17.444 18.769 22.979 27.663 35.196 45.084 57.546 65.862 77.026 92.446 68.302 51.692 33.044 21.912 13.942 12.073 9.706 8.450 5.047 0.929 0.000 0.000 0.000 1.195 0.654 2.575 2.921 6.855 10.768 13.467 15.205 17.475 16.045 16.171 19.732 17.664 17.606 19.538 17.394 18.177 16.769 16.647 13.895 11.692 8.779 7.440 4.424 5.341 1.430 0.551 0.187
-999.250 -999.250 -999.250 -999.250 -999.250 11.356 9.156 6.081 8.021 8.521 9.829 14.007 13.533 12.283 12.724 14.978 17.922 17.185 20.777 26.397 29.164 31.498 34.699 47.817 58.107 64.981 74.903 79.443 67.842 49.650 40.593 23.591 17.196 14.104 8.380 6.708 5.218 0.551 0.000 0.000 0.000 1.055 1.424 2.215 2.387 6.805 11.970 11.462 11.758 16.005 15.012 17.486 18.286 21.537 19.914 18.468 17.585 17.838 16.211 15.110 12.395 8.401 9.073 6.239 5.378 4.393 1.327 0.202 0.000
-999.250 -999.250 -999.250 -999.250 13.566 13.922 11.921 12.624 13.269 11.943 13.972 17.031 16.920 16.861 19.767 21.945 24.355 26.909 29.654 32.090 36.596 35.783 38.942 43.784 52.724 60.132 65.143 66.601 64.813 53.457 37.989 27.332 19.540 15.948 12.559 7.982 5.299 1.920 0.607 0.000 0.000 0.004 2.314 3.750 5.058 7.897 10.454 12.549 13.209 14.993 16.261 17.123 17.464 22.545 16.653 19.353 19.675 19.088 16.208 15.677 11.947 8.725 7.858 6.379 4.621 3.747 0.459 0.000 0.000
-999.250 -999.250 -999.250 -999.250 15.764 14.245 16.403 17.457 15.649 16.739 17.657 19.699 21.671 21.029 26.219 28.578 36.479 40.779 41.385 44.485 43.980 43.505 40.861 46.501 52.860 57.742 63.683 59.493 55.624 47.980 40.729 30.708 21.396 16.896 11.999 8.995 6.431 4.422 0.585 0.000 0.757 1.627 4.307 4.809 8.580 9.426 10.210 12.838 15.682 16.252 17.645 18.656 19.885 19.852 19.637 16.863 18.074 17.794 16.571 14.725 13.950 9.259 6.809 6.881 3.984 2.796 0.000 0.000 0.000
-999.250 -999.250 -999.250 -999.250 20.003 21.082 21.755 21.208 20.811 21.174 22.001 23.547 26.150 29.880 35.278 40.095 45.985 54.436 58.270 60.354 60.915 59.238 52.473 53.926 55.255 55.452 61.455 58.310 47.237 47.384 36.737 28.404 23.277 18.427 14.180 10.505 7.127 4.503 3.402 0.683 0.327 2.134 6.492 8.001 9.583 10.613 13.886 13.662 14.086 15.911 15.263 18.318 20.330 18.714 19.039 17.938 17.589 16.747 15.737 15.463 13.695 10.278 7.863 5.141 4.901 2.315 0.115 0.000 0.000
-999.250 -999.250 -999.250 -999.250 25.157 28.018 25.641 26.816 29.583 26.954 29.655 29.954 33.750 36.129 39.082 46.246 53.544 67.584 80.062 88.786 90.271 83.243 72.489 61.452 57.226 54.582 57.814 55.640 48.662 44.446 34.829 26.114 22.117 18.066 14.473 14.088 9.218 6.049 2.871 1.342 2.648 4.635 6.152 9.438 11.945 11.928 13.360 15.054 16.090 17.308 17.136 18.922 18.449 18.878 18.149 19.255 16.784 17.437 17.476 14.348 11.263 10.004 8.785 4.800 3.317 3.396 2.787 0.000 0.000
-999.250 -999.250 -999.250 -999.250 31.041 35.114 35.532 34.003 36.880 40.874 39.790 38.734 42.075 42.794 50.113 56.700 65.722 86.876 102.715 113.575 106.994 95.894 87.138 75.264 65.841 60.638 52.541 50.516 46.387 36.662 34.036 28.245 22.242 18.206 15.522 12.502 9.826 6.528 5.710 3.726 5.066 7.396 9.706 11.507 13.587 14.059 15.692 16.824 17.184 17.560 18.900 17.860 19.979 18.198 17.042 18.282 17.651 17.603 16.432 14.920 12.068 9.658 9.116 8.872 5.898 4.884 6.237 3.084 1.956
-999.250 -999.250 -999.250 -999.250 41.700 42.505 48.401 47.304 45.442 49.110 45.196 44.252 48.884 56.628 62.909 73.098 88.956 104.055 127.171 168.700 132.353 106.263 92.900 80.834 74.339 63.746 54.381 46.379 44.070 39.592 30.819 25.882 24.326 19.027 15.831 12.665 9.091 6.181 5.423 5.944 7.149 10.867 13.652 16.533 15.954 15.889 17.126 18.664 17.226 19.789 19.527 19.650 17.601 18.482 19.468 17.630 18.774 17.405 17.308 13.297 12.746 9.559 7.864 7.953 8.851 7.755 5.591 8.137 6.314
-999.250 -999.250 -999.250 -999.250 45.607 54.496 55.368 58.348 54.084 58.421 59.479 57.724 63.162 61.226 69.629 79.683 97.572 112.344 142.579 147.760 128.196 108.582 99.308 87.673 74.989 65.173 57.712 48.956 43.936 40.025 29.553 24.045 22.920 17.200 13.948 11.235 8.942 7.372 7.012 7.099 10.924 13.215 16.340 20.942 20.580 19.272 19.044 19.220 20.248 20.384 18.008 17.356 15.974 18.642 18.678 17.714 20.656 18.831 15.791 15.509 13.824 10.607 7.949 7.056 8.036 9.832 7.383 9.498 7.274
-999.250 -999.250 -999.250 -999.250 51.391 56.342 62.808 71.920 66.386 66.183 61.172 66.300 70.033 74.477 82.687 90.657 101.236 111.609 132.151 121.736 120.177 105.189 94.876 89.799 72.388 66.108 54.742 48.931 44.545 39.420 31.195 25.179 21.666 15.840 14.371 11.529 7.874 5.428 5.768 6.345 10.813 13.051 19.392 28.619 23.909 20.284 20.843 18.564 18.763 18.831 18.379 17.201 18.393 17.854 20.210 19.942 21.386 24.166 18.777 16.835 14.384 11.828 11.107 9.712 9.605 9.986 9.136 10.397 9.006
-999.250 -999.250 -999.250 -999.250 53.715 58.309 69.383 71.788 68.972 70.921 69.291 67.181 73.643 81.641 85.510 96.721 98.385 107.502 115.601 111.899 106.310 109.070 97.709 86.419 72.597 62.511 57.254 48.944 41.634 31.572 27.998 23.870 17.630 15.555 14.700 9.183 7.068 6.425 4.483 7.180 10.485 13.207 18.048 21.122 21.960 21.095 21.937 20.686 20.092 21.565 19.035 18.599 17.143 18.526 20.366 19.096 21.128 19.957 18.196 17.232 15.767 13.487 12.680 10.016 10.336 11.046 11.924 12.457 10.967
-999.250 -999.250 -999.250 -999.250 60.254 67.268 72.399 76.011 75.253 77.642 76.798 74.097 69.492 82.077 88.340 93.404 97.810 103.933 108.309 109.008 106.015 98.977 90.590 81.742 69.567 58.290 54.115 46.560 39.242 29.438 26.230 22.083 17.445 14.699 13.372 7.975 6.527 6.295 4.507 6.344 10.365 12.608 16.029 19.842 19.242 20.048 19.972 18.485 18.445 19.928 19.677 16.783 18.659 20.063 21.545 18.992 19.066 19.575 19.461 17.485 16.986 15.229 14.543 12.477 12.905 15.245 14.632 15.328 13.811
-999.250 -999.250 -999.250 65.954 67.983 71.112 71.167 72.990 76.621 78.770 79.841 69.013 79.740 80.209 86.858 89.765 95.351 93.656 94.895 100.166 100.735 91.087 82.441 70.965 69.608 57.262 50.390 43.956 33.392 31.306 25.527 19.181 14.691 12.544 10.880 8.238 6.734 7.397 4.548 7.606 9.488 11.576 16.920 15.898 15.812 16.467 19.068 20.876 20.174 20.600 19.922 18.909 18.630 18.365 21.789 20.355 20.142 20.031 17.865 18.383 15.461 16.138 13.430 12.163 14.123 16.879 18.015 18.653 19.367
