data/medianmodel_29-Aug-2020.asc
ncols	141
nrows	288
xllcorner	-120191.398
yllcorner	-301404.813
cellsize	2000.000
NODATA_value	-999.250
[rows 155 to 185 of 288, columns 0 to 68 of 141]
-999.250 -999.250 -999.250 -999.250 -999.250 -999.250 -999.250 0.000 0.000 0.000 0.000 0.000 0.000 0.000 0.000 0.000 0.000 0.000 0.000 0.000 0.000 3.924 9.994 18.659 30.059 44.163 37.394 34.778 33.972 33.285 35.171 34.810 34.034 33.834 32.770 33.039 34.630 30.817 29.945 27.613 25.658 26.211 23.847 18.503 13.521 9.548 5.679 2.436 0.000 0.000 0.000 0.000 0.000 0.000 0.000 0.000 0.000 0.000 0.000 0.000 0.000 0.000 0.000 0.000 0.000 0.000 0.000 0.000 0.000
-999.250 -999.250 -999.250 -999.250 -999.250 -999.250 -999.250 0.000 0.000 0.000 0.000 0.000 0.000 0.000 0.000 0.000 0.000 0.000 0.000 0.000 0.000 4.611 10.165 17.579 28.403 33.565 36.283 34.120 35.122 34.418 34.455 35.929 37.181 36.980 36.532 36.831 37.868 35.398 31.910 26.905 23.380 18.936 17.317 13.582 7.799 5.872 1.656 0.000 0.000 0.000 0.000 0.000 0.000 0.000 0.000 0.000 0.000 0.000 0.000 0.000 0.000 0.000 0.000 0.000 0.000 0.000 0.000 0.000 0.000
-999.250 -999.250 -999.250 -999.250 -999.250 -999.250 -999.250 0.000 0.000 0.000 0.000 0.000 0.000 0.000 0.000 0.000 0.000 0.000 0.000 0.000 0.000 4.707 9.634 16.970 25.725 30.981 32.930 32.884 35.835 35.635 38.005 37.270 38.639 40.539 42.632 42.957 39.078 36.456 31.756 26.258 18.859 14.300 10.681 9.193 3.782 2.526 0.000 0.000 0.000 0.000 0.000 0.000 0.000 0.000 0.000 0.000 0.000 0.062 0.524 2.361 3.430 2.211 2.560 2.411 1.238 0.000 0.000 0.000 0.000
-999.250 -999.250 -999.250 -999.250 -999.250 -999.250 -999.250 0.000 0.000 0.000 0.000 0.000 0.000 0.000 0.000 0.000 0.000 0.000 0.000 0.000 0.000 4.017 8.559 14.663 21.317 28.660 31.169 32.561 35.498 36.875 36.907 38.908 39.342 43.438 46.935 52.648 44.131 38.882 30.614 23.072 13.392 7.895 4.644 3.911 0.086 0.000 0.000 0.000 0.000 0.000 0.000 0.000 3.919 4.260 3.795 3.916 7.771 5.901 6.741 8.232 8.762 8.484 8.355 9.697 7.898 6.924 2.988 0.000 0.000
-999.250 -999.250 -999.250 -999.250 -999.250 -999.250 -999.250 -999.250 0.000 0.000 0.000 0.000 0.000 0.000 0.000 0.000 0.000 0.000 0.000 0.000 0.000 2.978 7.340 14.216 22.141 27.580 30.974 33.273 35.386 36.261 38.211 39.740 43.364 45.010 53.210 56.665 54.413 43.279 30.712 19.081 8.516 2.438 0.000 0.000 0.000 0.000 0.000 0.000 0.000 0.000 0.000 4.629 10.495 10.950 13.260 13.467 14.438 13.859 12.240 16.276 14.770 13.844 15.862 15.821 18.652 16.471 10.623 2.534 0.000
-999.250 -999.250 -999.250 -999.250 -999.250 -999.250 -999.250 -999.250 0.000 3.868 0.000 0.000 0.000 0.000 0.000 0.000 0.000 0.000 0.000 0.000 0.000 2.332 8.316 14.793 23.168 28.117 30.178 34.099 35.339 34.275 37.192 39.597 44.616 49.918 56.188 61.839 62.032 48.566 30.341 13.355 3.081 0.000 0.000 0.000 0.000 0.000 0.000 0.000 0.000 3.293 5.103 11.357 16.975 19.923 23.717 26.928 26.330 24.905 23.717 22.904 24.378 22.848 22.377 22.774 28.695 33.347 17.407 7.870 0.000
-999.250 -999.250 -999.250 -999.250 -999.250 -999.250 -999.250 0.000 0.000 0.000 0.000 0.000 0.000 0.000 0.000 0.000 0.000 0.000 0.000 0.000 0.000 2.996 10.214 16.505 23.675 29.752 31.592 35.046 35.440 35.209 34.448 36.968 40.356 43.995 53.968 62.962 80.110 44.318 22.405 8.431 0.000 0.000 0.000 0.000 0.000 0.000 0.000 0.020 4.232 7.571 13.605 18.209 23.863 30.647 34.842 36.753 37.250 37.397 33.797 35.822 33.699 33.226 34.647 32.501 31.682 28.925 18.850 9.738 2.300
-999.250 -999.250 -999.250 -999.250 -999.250 -999.250 -999.250 0.000 0.000 0.000 0.000 0.000 0.000 0.000 0.000 0.000 0.000 0.000 0.000 0.000 0.000 3.458 10.296 19.349 27.172 31.968 34.742 36.038 35.693 35.350 32.127 33.699 35.386 35.739 40.389 47.895 47.541 31.174 10.467 1.202 0.000 0.000 0.000 0.000 0.000 0.000 1.814 4.824 9.184 15.403 23.781 29.648 34.736 40.394 42.952 49.890 58.117 50.060 50.362 52.956 53.613 47.834 46.528 40.952 35.630 30.300 19.632 10.611 3.522
-999.250 -999.250 -999.250 -999.250 -999.250 -999.250 -999.250 0.000 0.000 0.000 0.000 0.000 0.000 0.000 0.000 0.000 0.000 0.000 0.000 0.000 1.965 7.889 14.711 24.458 30.020 35.294 38.716 37.825 37.444 35.544 29.501 29.425 27.353 30.820 32.497 30.024 26.450 14.268 0.000 0.000 0.000 0.000 0.000 0.000 0.000 0.019 8.034 9.593 16.143 25.760 34.155 37.647 46.907 51.139 56.132 62.079 66.661 64.673 64.204 69.297 67.798 65.810 58.632 50.995 44.511 35.161 21.435 11.896 6.093
-999.250 -999.250 -999.250 -999.250 -999.250 -999.250 -999.250 0.000 0.000 0.000 1.118 2.418 2.400 0.513 0.222 0.650 0.946 0.956 2.748 4.992 9.861 12.120 21.661 30.147 36.305 40.158 44.277 44.468 39.779 34.150 28.348 20.611 18.943 20.094 18.843 17.258 11.618 5.412 0.000 0.000 0.000 0.000 0.000 0.000 0.000 3.561 12.050 18.276 26.382 35.349 37.199 48.368 60.177 63.758 65.703 74.886 76.155 74.334 76.061 99.868 87.500 80.923 69.983 60.449 57.882 41.794 29.005 16.709 7.284
-999.250 -999.250 -999.250 -999.250 -999.250 -999.250 0.908 0.712 1.352 5.315 5.414 7.986 6.099 5.434 3.941 6.147 5.153 6.448 8.301 10.006 12.825 18.809 27.833 35.662 42.114 47.195 55.664 54.670 46.403 36.425 27.783 16.776 13.257 11.910 10.190 9.355 4.792 0.002 0.000 0.000 0.000 0.000 0.000 0.000 2.818 8.294 17.546 26.301 38.826 47.663 54.449 62.540 74.942 76.327 84.661 84.909 87.258 94.048 101.853 108.955 96.014 91.018 89.513 77.319 67.084 53.279 38.500 21.337 10.675
-999.250 -999.250 -999.250 -999.250 -999.250 -999.250 4.441 4.154 6.506 10.059 10.852 12.261 10.202 10.708 8.278 8.044 9.349 11.238 11.944 12.826 19.698 24.178 30.771 40.174 52.294 59.756 66.980 67.421 56.890 41.833 29.173 18.104 12.350 9.296 8.026 4.294 0.807 0.000 0.000 0.000 0.000 0.000 0.000 0.687 8.411 13.929 26.557 35.533 48.461 61.773 71.210 86.043 90.786 97.096 104.208 104.971 102.472 115.182 115.074 113.810 107.521 115.627 115.323 87.686 76.729 63.927 45.571 32.608 17.731
-999.250 -999.250 -999.250 -999.250 -999.250 5.641 6.146 7.493 9.961 12.624 16.546 19.342 17.519 12.355 13.550 12.373 12.915 13.418 13.138 17.546 25.017 30.644 35.665 42.208 54.058 62.428 76.887 92.446 65.253 46.524 34.244 21.430 14.010 9.195 7.706 1.486 0.000 0.000 0.000 0.000 0.000 0.000 0.000 2.422 10.310 21.680 34.556 47.895 61.666 80.915 76.358 94.773 105.194 125.457 127.417 125.212 137.951 135.225 132.276 135.254 128.471 140.044 110.073 104.019 81.972 75.230 61.794 40.697 25.773
-999.250 -999.250 -999.250 -999.250 -999.250 8.907 9.320 10.586 13.272 16.536 22.817 31.835 21.822 14.981 15.680 14.572 15.713 16.769 19.524 26.420 30.038 33.199 40.198 45.568 55.589 62.265 74.120 75.519 63.964 50.842 35.591 24.481 15.506 10.681 7.790 4.431 2.163 0.000 0.000 0.000 0.000 0.000 0.000 8.669 18.692 31.256 43.633 59.660 78.980 78.248 91.079 121.318 128.309 131.307 174.565 156.006 216.907 204.226 164.347 193.150 173.813 179.519 131.781 112.251 96.176 91.645 69.244 50.248 32.338
-999.250 -999.250 -999.250 -999.250 10.452 10.276 10.714 12.972 14.615 18.733 22.618 25.408 23.776 17.922 15.528 15.926 18.017 18.306 24.977 30.075 34.715 36.762 43.969 51.075 54.877 61.989 61.601 66.166 60.599 49.682 35.763 27.087 18.766 13.428 10.407 5.679 3.615 0.000 0.000 0.000 0.000 0.000 2.907 11.089 23.493 34.427 53.471 64.459 84.870 109.722 113.230 129.207 161.583 196.665 191.914 199.715 205.864 212.698 230.846 240.108 232.679 189.710 167.151 141.531 127.727 101.623 81.962 63.619 37.323
-999.250 -999.250 -999.250 -999.250 12.927 10.629 11.265 13.604 16.867 17.542 20.061 20.700 20.604 19.174 18.710 17.254 18.327 25.401 30.530 34.757 39.237 44.513 54.481 55.166 58.253 60.631 61.955 59.901 56.767 47.849 38.458 30.297 23.849 17.323 14.643 11.251 7.550 2.307 0.000 0.000 0.000 0.000 6.059 15.978 28.696 43.374 63.493 81.897 110.975 120.047 132.839 170.168 187.082 185.253 239.004 274.199 310.671 332.191 298.089 357.009 272.460 245.629 214.113 198.041 149.605 116.106 96.173 75.195 47.863
-999.250 -999.250 -999.250 -999.250 12.322 13.706 14.624 16.065 17.698 20.079 17.856 18.698 18.565 18.912 18.371 16.309 19.041 27.820 34.101 37.302 41.702 48.238 54.308 58.801 60.042 60.337 58.853 57.234 55.624 50.895 38.618 32.847 27.557 23.004 21.293 18.278 11.083 4.254 0.000 0.000 0.000 0.262 6.038 16.141 30.921 52.946 74.261 98.087 114.370 126.484 171.999 185.196 245.983 277.050 256.661 306.064 339.375 382.778 376.138 440.457 439.514 310.135 286.342 229.206 204.853 128.100 106.800 83.860 65.312
-999.250 -999.250 -999.250 -999.250 14.113 15.304 17.600 16.946 17.356 19.620 17.513 17.416 19.064 18.081 18.790 18.324 21.214 31.282 38.337 43.756 50.901 55.909 58.873 58.781 61.740 62.349 58.795 56.654 55.883 46.629 39.578 33.321 28.439 23.934 23.476 28.176 13.736 5.972 0.000 0.000 0.000 2.061 7.790 18.797 36.649 56.186 78.429 98.122 119.782 138.880 212.425 238.164 278.542 264.411 361.022 441.631 446.589 435.352 501.753 508.202 513.083 432.286 350.328 280.945 229.159 174.349 134.550 102.675 82.864
-999.250 -999.250 -999.250 -999.250 15.984 16.112 19.758 19.669 20.432 21.360 19.393 16.274 17.737 16.949 19.519 21.001 28.166 35.760 45.689 59.006 63.650 60.966 62.513 63.073 63.623 65.539 61.108 55.144 54.924 46.573 39.298 32.627 27.358 24.369 20.919 17.615 10.651 5.067 0.000 0.000 0.000 0.014 8.602 21.960 37.940 57.573 80.015 114.804 134.691 157.966 271.600 314.053 380.981 393.492 443.355 477.330 504.422 558.438 601.941 579.904 567.467 505.698 434.749 381.501 284.724 257.107 152.635 126.205 95.262
-999.250 -999.250 -999.250 -999.250 19.525 18.156 22.077 22.016 22.276 21.949 20.726 18.552 17.909 19.067 22.478 26.977 33.010 43.294 61.551 77.861 73.136 65.150 66.666 68.528 64.625 61.896 60.947 56.031 48.679 42.153 37.268 31.029 27.918 19.062 14.271 10.916 7.718 1.511 0.000 0.000 0.000 0.000 6.388 17.401 35.873 59.718 81.612 118.475 150.049 188.273 246.018 392.466 363.913 408.478 492.361 566.024 626.113 675.781 668.288 664.142 619.875 548.531 536.478 426.061 378.510 301.315 216.307 163.011 118.689
-999.250 -999.250 -999.250 -999.250 19.627 23.064 25.943 29.539 27.334 26.358 25.764 22.413 22.064 22.916 26.564 32.888 39.758 53.232 61.888 74.483 78.027 72.731 71.413 69.808 64.726 62.504 60.609 57.614 45.563 40.392 34.617 30.253 20.444 16.831 10.002 6.437 0.880 0.000 0.000 0.000 0.000 0.000 4.490 18.496 34.266 53.614 82.419 125.418 138.263 226.467 264.471 375.007 433.500 468.015 570.999 630.647 678.911 720.014 711.422 667.561 665.729 601.725 603.104 523.934 409.565 288.780 253.905 172.232 153.799
-999.250 -999.250 -999.250 -999.250 21.758 25.059 28.929 36.550 28.869 27.979 25.447 23.782 25.959 26.518 30.993 36.730 46.111 56.165 63.097 71.862 77.006 75.349 74.791 70.919 70.090 61.748 55.665 53.145 45.352 37.645 33.935 27.379 18.031 13.263 7.104 3.175 0.000 0.000 0.000 0.000 0.000 0.000 4.545 17.171 34.366 52.648 77.702 122.341 152.704 216.490 289.159 350.225 458.562 528.571 619.630 659.147 718.780 773.320 742.270 717.488 693.071 649.811 623.144 565.990 478.237 331.896 343.487 248.652 210.064
-999.250 -999.250 -999.250 -999.250 24.714 27.837 30.624 32.088 31.392 29.654 28.443 26.621 28.989 30.212 35.683 40.619 50.973 57.279 63.922 71.720 77.820 77.091 78.269 73.190 65.297 61.399 55.168 50.432 45.966 36.502 29.842 22.262 16.845 9.803 4.412 0.000 0.000 0.000 0.000 0.000 0.000 0.000 4.002 17.015 33.927 52.630 81.769 112.573 138.871 234.046 306.448 385.911 455.208 531.434 625.094 686.777 713.032 745.209 728.960 723.524 692.508 656.342 607.271 581.599 466.096 443.245 351.924 278.664 253.572
-999.250 -999.250 -999.250 -999.250 24.703 27.995 29.269 29.084 30.913 30.858 30.289 31.797 33.257 34.552 37.870 41.651 49.224 57.339 63.331 71.933 78.905 78.288 75.613 72.371 65.422 63.273 55.076 51.694 42.105 36.691 30.844 23.259 13.575 7.802 1.558 0.000 0.000 0.000 0.000 0.000 0.000 0.000 6.405 16.588 34.393 58.100 81.888 116.245 159.584 284.013 326.766 420.784 517.536 576.481 647.352 647.613 690.019 703.959 731.138 697.689 698.000 641.382 588.562 561.939 557.054 484.543 384.218 304.186 295.121
-999.250 -999.250 -999.250 25.152 26.028 27.836 29.509 31.531 31.303 32.492 34.510 34.249 36.074 37.837 41.140 45.140 54.030 60.652 64.492 72.527 89.464 80.514 73.778 69.681 63.062 58.708 51.159 45.877 39.775 34.473 27.701 18.823 10.812 6.255 0.000 0.000 0.000 0.000 0.000 0.000 0.000 0.000 6.617 19.808 36.464 56.972 81.670 101.958 153.006 218.279 304.476 417.025 410.124 483.575 594.716 632.330 659.668 680.620 708.650 693.777 638.963 620.645 607.714 531.073 534.792 434.615 418.723 330.606 264.318
-999.250 -999.250 -999.250 26.623 28.301 31.312 33.017 33.044 32.411 33.784 36.021 37.312 39.950 43.937 47.021 50.514 56.697 60.609 64.274 71.097 76.084 73.946 67.218 63.107 58.250 53.693 48.576 43.807 39.575 33.746 27.492 19.396 11.487 4.128 0.000 0.000 0.000 0.000 0.000 0.000 0.000 0.000 9.016 20.621 38.930 51.531 74.093 112.438 130.066 205.953 273.875 281.082 353.548 473.087 523.854 627.101 642.413 661.114 672.649 670.099 653.701 581.753 595.158 509.630 502.035 464.941 418.493 354.805 245.711
-999.250 -999.250 -999.250 27.033 30.407 31.497 33.589 34.691 35.036 36.474 40.894 41.541 44.793 52.324 52.695 55.157 57.268 57.119 60.732 63.876 64.880 64.109 63.800 58.106 53.343 50.927 43.991 39.589 37.036 33.193 28.731 19.750 11.620 4.056 0.000 0.000 0.000 0.000 0.000 0.000 0.000 0.000 8.540 19.565 37.130 58.737 77.843 114.348 125.282 152.531 267.144 353.523 345.618 480.661 531.258 634.658 573.477 636.557 653.155 634.016 613.947 592.817 589.294 534.070 457.956 410.278 367.341 310.468 240.844
-999.250 -999.250 27.659 28.603 31.155 33.471 34.390 36.224 38.031 42.291 45.858 50.583 52.263 56.148 60.032 56.769 54.816 55.900 55.601 56.205 59.807 57.206 57.813 54.229 47.027 43.512 41.576 39.061 38.648 35.323 28.419 18.476 9.704 2.491 0.000 0.000 0.000 0.000 0.000 0.000 0.000 0.000 7.873 18.383 30.694 49.876 75.668 97.551 114.424 148.080 197.739 289.606 360.685 380.880 461.987 554.639 551.054 591.155 624.917 582.248 552.772 528.219 534.801 466.808 396.315 346.277 288.487 264.911 258.103
-999.250 -999.250 26.650 30.272 30.010 33.982 37.071 40.751 42.042 47.949 51.419 59.185 61.732 68.197 66.280 60.582 55.063 53.428 53.086 52.609 -999.250 52.880 49.434 42.767 39.475 39.286 37.978 39.011 38.277 42.481 28.659 16.856 9.472 3.583 0.000 0.000 0.000 0.000 0.000 0.000 0.000 0.000 5.862 18.726 32.487 49.792 73.993 90.979 98.994 137.003 175.532 232.137 286.928 419.151 439.352 468.087 452.926 494.818 469.223 477.078 470.882 451.308 436.197 391.643 350.062 389.926 295.116 268.847 195.777
-999.250 27.390 25.744 30.570 31.175 36.056 37.289 40.488 46.575 52.729 57.371 64.870 72.754 77.037 77.273 66.323 58.029 51.463 48.626 -999.250 -999.250 42.715 44.680 38.646 38.174 36.865 36.001 35.015 33.089 31.133 22.301 15.057 7.654 1.856 0.000 0.000 0.000 0.000 0.000 0.000 0.000 0.000 5.019 15.002 31.688 46.686 69.158 79.862 112.490 127.094 151.211 177.340 202.784 300.240 342.425 350.182 407.412 413.060 478.687 455.002 416.335 455.627 341.734 289.204 313.393 262.979 221.166 186.776 144.329
-999.250 27.485 25.763 29.472 30.340 34.770 39.417 43.945 48.186 55.194 63.534 71.618 79.919 84.155 93.340 71.580 56.773 49.958 -999.250 -999.250 -999.250 -999.250 36.895 34.617 34.203 31.794 30.604 30.229 29.108 25.292 18.700 12.948 6.489 1.302 0.000 0.000 0.000 0.000 0.000 0.000 0.000 0.000 2.607 14.195 27.426 41.334 59.990 86.498 98.040 130.641 146.745 155.225 197.878 283.851 311.128 277.080 307.765 351.223 407.191 333.010 319.112 312.044 325.210 264.328 218.490 179.440 204.423 146.660 127.298
