data/medianmodel_14-Feb-2021.asc
ncols	141
nrows	288
xllcorner	-120191.398
yllcorner	-301404.813
cellsize	2000.000
NODATA_value	-999.250
[rows 87 to 115 of 288, columns 65 to 129 of 141]
548.824 530.723 494.160 485.317 458.127 439.195 407.023 384.287 356.143 333.755 315.498 325.371 301.332 288.428 275.239 273.332 276.124 291.115 325.458 351.316 354.912 369.458 372.938 388.321 379.718 361.523 363.549 371.773 381.480 384.706 410.090 414.124 425.498 435.946 447.385 470.524 478.864 533.433 546.745 566.437 604.406 624.980 716.225 699.912 751.606 740.615 779.517 776.362 814.772 -999.250 -999.250 -999.250 -999.250 -999.250 -999.250 -999.250 -999.250 -999.250 -999.250 -999.250 -999.250 -999.250 -999.250 -999.250 -999.250
525.287 504.228 503.508 459.756 441.355 408.901 389.328 358.693 347.213 329.098 313.466 320.719 301.045 301.177 300.278 312.709 311.850 361.984 380.638 412.991 432.545 448.951 453.940 454.947 451.065 438.458 421.865 432.599 421.241 427.504 433.526 443.763 449.075 456.380 453.386 466.344 491.443 522.802 543.778 573.896 616.369 660.179 691.163 725.426 711.865 749.366 772.605 791.643 813.353 803.570 824.298 -999.250 -999.250 -999.250 -999.250 -999.250 -999.250 -999.250 -999.250 -999.250 -999.250 -999.250 -999.250 -999.250 -999.250
519.875 509.178 480.915 472.425 438.761 403.597 362.263 361.782 349.398 330.294 331.858 330.646 333.187 328.433 352.261 361.762 380.877 405.880 453.572 495.409 547.313 564.491 561.296 543.570 513.089 483.496 476.972 460.097 460.687 462.225 467.261 463.425 476.156 487.607 473.005 502.890 531.300 524.888 570.368 586.796 616.107 660.912 727.197 727.038 717.492 753.563 750.450 760.916 801.532 795.584 805.717 -999.250 -999.250 -999.250 -999.250 -999.250 -999.250 -999.250 -999.250 -999.250 -999.250 -999.250 -999.250 -999.250 -999.250
510.904 521.934 493.652 480.212 437.353 408.626 393.528 380.949 368.591 362.990 354.149 352.103 378.374 384.546 410.205 423.522 441.785 468.233 539.997 628.658 689.231 688.092 750.340 693.776 648.803 595.749 561.171 539.121 524.967 497.838 489.410 501.561 509.102 506.308 512.102 535.210 559.184 551.759 550.103 593.475 650.695 696.986 718.433 705.720 733.575 785.002 758.374 788.679 802.477 751.916 799.446 -999.250 -999.250 -999.250 -999.250 -999.250 -999.250 -999.250 -999.250 -999.250 -999.250 -999.250 -999.250 -999.250 -999.250
531.991 497.215 496.018 471.407 450.672 437.883 409.186 395.254 387.568 387.000 372.686 393.663 418.197 426.729 453.470 499.880 547.000 613.134 661.060 773.488 825.133 834.117 850.081 795.543 765.718 739.362 659.110 637.266 577.041 548.668 565.795 524.547 550.376 564.685 563.190 557.092 555.348 557.274 599.951 641.159 658.647 719.734 748.343 753.019 742.323 733.608 758.227 755.104 818.508 766.838 -999.250 -999.250 -999.250 -999.250 -999.250 -999.250 -999.250 -999.250 -999.250 -999.250 -999.250 -999.250 -999.250 -999.250 -999.250
522.469 516.227 510.733 502.601 470.729 444.694 419.494 420.774 391.747 396.312 410.678 422.605 447.776 483.509 523.107 605.241 687.776 792.244 852.256 917.938 965.135 936.227 931.611 891.267 885.271 795.875 733.255 669.024 608.359 591.226 580.695 556.193 590.300 574.538 568.696 597.307 570.591 603.032 655.813 674.543 704.828 738.732 743.919 747.549 770.284 756.905 772.242 766.499 748.433 748.265 -999.250 -999.250 -999.250 -999.250 -999.250 -999.250 -999.250 -999.250 -999.250 -999.250 -999.250 -999.250 -999.250 -999.250 -999.250
536.740 551.633 543.377 522.388 473.315 451.329 433.644 430.320 416.676 419.507 440.000 461.077 490.158 517.571 602.496 724.532 835.328 916.481 981.301 1079.584 1149.437 1109.132 1045.020 972.207 923.364 867.808 815.897 721.222 660.992 603.354 598.022 579.387 623.104 622.654 583.890 610.522 608.850 599.711 652.862 673.019 691.217 737.021 727.990 733.104 756.791 730.907 769.609 754.967 743.854 -999.250 -999.250 -999.250 -999.250 -999.250 -999.250 -999.250 -999.250 -999.250 -999.250 -999.250 -999.250 -999.250 -999.250 -999.250 -999.250
552.742 571.084 582.461 529.535 479.194 463.685 453.352 450.779 447.433 469.330 462.661 488.333 519.691 574.636 666.927 799.854 897.696 1001.407 1156.958 1315.417 1419.452 1343.115 1203.049 1085.133 976.073 864.891 841.525 783.415 681.382 643.930 611.886 597.615 579.598 624.585 614.946 630.114 662.237 640.945 694.501 697.658 712.864 719.832 741.562 714.162 750.593 794.506 734.375 742.897 756.526 -999.250 -999.250 -999.250 -999.250 -999.250 -999.250 -999.250 -999.250 -999.250 -999.250 -999.250 -999.250 -999.250 -999.250 -999.250 -999.250
553.897 573.077 584.910 536.411 503.407 468.252 466.852 459.247 461.368 466.398 491.191 515.749 559.381 594.861 717.311 817.240 922.742 1069.810 1243.828 1507.211 1762.554 1478.097 1255.993 1130.627 1017.735 915.475 846.217 795.413 719.292 669.347 642.854 598.422 604.367 625.900 637.812 643.374 677.788 669.193 700.390 734.609 738.585 770.631 728.407 748.653 743.671 741.978 741.997 761.101 776.746 -999.250 -999.250 -999.250 -999.250 -999.250 -999.250 -999.250 -999.250 -999.250 -999.250 -999.250 -999.250 -999.250 -999.250 -999.250 -999.250
580.095 564.692 563.394 539.155 498.664 482.889 479.637 459.527 466.862 472.561 490.472 549.668 573.232 605.656 661.150 829.060 963.860 1122.600 1338.715 1451.151 1626.209 1479.450 1311.647 1108.163 1027.454 900.098 831.534 745.671 689.476 661.374 603.055 594.242 608.376 628.401 649.311 693.288 694.973 742.751 764.088 785.504 760.050 767.561 768.949 741.297 725.289 732.713 755.885 715.982 735.731 708.534 -999.250 -999.250 -999.250 -999.250 -999.250 -999.250 -999.250 -999.250 -999.250 -999.250 -999.250 -999.250 -999.250 -999.250 -999.250
575.511 568.623 563.387 539.265 510.115 496.881 487.526 476.613 473.339 480.620 541.606 578.792 605.245 660.491 755.901 863.595 961.679 1093.757 1332.975 1368.158 1443.225 1469.610 1278.395 1125.622 969.551 900.352 810.669 723.524 671.481 614.661 616.333 597.013 600.380 616.475 623.826 678.937 738.399 781.385 784.133 780.819 790.804 771.046 766.737 762.901 748.854 732.556 750.613 765.895 733.250 726.416 738.821 -999.250 -999.250 -999.250 -999.250 -999.250 -999.250 -999.250 -999.250 -999.250 -999.250 -999.250 -999.250 -999.250 -999.250
564.711 582.926 552.422 524.939 512.936 492.296 497.725 475.104 478.751 501.251 541.415 593.341 634.173 684.199 809.180 875.439 941.620 1158.924 1245.039 1274.399 1287.648 1263.074 1235.822 1020.358 927.470 860.059 806.049 701.782 625.195 601.134 574.041 580.455 600.781 606.189 640.571 689.886 725.881 789.842 793.160 810.020 790.276 776.379 773.301 715.550 760.908 746.665 741.283 747.978 715.738 697.751 717.038 717.388 -999.250 -999.250 -999.250 -999.250 -999.250 -999.250 -999.250 -999.250 -999.250 -999.250 -999.250 -999.250 -999.250
545.681 560.251 521.218 521.443 518.958 519.861 489.149 503.818 504.253 505.829 558.580 620.523 653.541 711.125 792.619 847.252 927.952 1064.124 1117.263 1186.152 1201.663 1146.432 1099.738 978.385 893.325 820.980 777.164 681.941 614.864 573.387 559.949 569.803 581.913 593.008 619.981 691.033 718.024 766.567 802.725 812.471 799.439 781.570 773.995 745.590 711.649 710.423 721.150 720.376 735.554 671.273 634.646 -999.250 -999.250 -999.250 -999.250 -999.250 -999.250 -999.250 -999.250 -999.250 -999.250 -999.250 -999.250 -999.250 -999.250
525.125 546.902 535.058 502.315 542.992 512.485 506.154 510.991 514.059 521.202 582.956 590.016 628.110 754.642 812.918 862.090 912.871 971.738 984.609 1074.782 1076.717 1029.361 957.521 902.446 859.015 808.740 740.507 683.498 613.599 575.217 558.962 561.674 587.192 567.545 588.316 672.981 698.528 770.255 747.575 780.233 756.872 779.032 747.705 757.631 727.995 728.831 688.389 712.407 693.898 649.617 665.029 638.564 -999.250 -999.250 -999.250 -999.250 -999.250 -999.250 -999.250 -999.250 -999.250 -999.250 -999.250 -999.250 -999.250
513.914 550.995 543.702 525.046 543.358 507.228 507.240 494.577 549.995 558.508 593.326 607.324 650.337 726.874 807.004 865.021 893.316 936.970 965.826 934.029 954.798 935.096 878.346 835.610 805.219 756.990 696.791 635.028 608.112 565.444 543.216 563.545 550.701 557.227 564.216 629.758 686.200 685.411 716.715 712.800 726.118 759.373 735.658 702.892 711.575 710.692 663.544 689.854 674.435 638.045 -999.250 -999.250 -999.250 -999.250 -999.250 -999.250 -999.250 -999.250 -999.250 -999.250 -999.250 -999.250 -999.250 -999.250 -999.250
546.636 557.260 537.133 530.104 526.912 513.276 487.262 504.508 558.403 583.873 592.321 641.994 678.391 722.178 785.162 814.830 867.897 888.825 896.667 891.458 857.052 833.216 749.141 709.251 725.211 684.649 660.023 593.124 588.108 591.632 539.188 533.366 539.110 538.339 554.820 580.391 628.416 671.010 668.426 645.066 668.033 751.956 747.674 719.052 726.594 696.283 694.065 659.778 646.123 -999.250 -999.250 -999.250 -999.250 -999.250 -999.250 -999.250 -999.250 -999.250 -999.250 -999.250 -999.250 -999.250 -999.250 -999.250 -999.250
535.463 564.133 538.615 525.068 499.518 483.220 498.677 498.643 549.696 564.813 611.975 590.374 629.449 718.406 775.757 759.548 834.694 841.010 858.205 848.081 792.104 762.551 634.792 662.052 644.877 656.373 627.856 587.493 609.312 568.148 533.455 554.157 542.425 527.617 557.085 569.179 591.808 597.410 618.855 652.336 671.879 659.828 728.334 714.391 691.925 673.855 691.394 676.732 617.954 -999.250 -999.250 -999.250 -999.250 -999.250 -999.250 -999.250 -999.250 -999.250 -999.250 -999.250 -999.250 -999.250 -999.250 -999.250 -999.250
525.152 536.148 538.030 530.402 499.458 500.393 498.142 532.890 558.999 557.400 568.306 609.552 608.515 661.315 700.838 762.063 785.260 813.940 819.782 778.462 779.170 717.552 638.567 615.558 621.091 611.548 598.180 587.141 565.924 574.485 524.316 524.536 517.799 535.057 525.022 557.238 582.287 579.974 571.675 605.311 639.370 638.141 640.359 676.665 660.150 632.919 661.072 650.790 -999.250 -999.250 -999.250 -999.250 -999.250 -999.250 -999.250 -999.250 -999.250 -999.250 -999.250 -999.250 -999.250 -999.250 -999.250 -999.250 -999.250
554.066 535.946 520.929 520.311 486.335 497.872 492.511 485.390 496.703 530.538 548.563 592.320 567.936 613.965 639.935 665.163 709.213 764.363 769.478 746.865 697.391 691.674 619.255 605.543 613.588 570.357 577.332 572.982 569.382 531.332 521.284 494.860 482.671 490.115 548.660 518.645 530.819 547.906 550.635 566.953 571.797 599.370 616.541 622.894 -999.250 -999.250 -999.250 -999.250 -999.250 -999.250 -999.250 -999.250 -999.250 -999.250 -999.250 -999.250 -999.250 -999.250 -999.250 -999.250 -999.250 -999.250 -999.250 -999.250 -999.250
552.627 534.705 501.638 481.100 484.574 474.425 471.945 470.611 478.530 496.933 527.484 564.203 563.195 590.042 628.594 660.888 661.705 713.398 736.222 697.777 701.132 690.810 652.036 636.802 602.559 605.539 567.838 569.616 560.268 523.444 516.869 498.222 475.558 501.475 469.946 488.380 518.656 517.938 545.303 558.770 547.959 595.274 -999.250 -999.250 -999.250 -999.250 -999.250 -999.250 -999.250 -999.250 -999.250 -999.250 -999.250 -999.250 -999.250 -999.250 -999.250 -999.250 -999.250 -999.250 -999.250 -999.250 -999.250 -999.250 -999.250
562.233 525.194 518.883 487.723 479.613 471.390 470.592 460.396 456.516 488.332 511.458 515.613 543.967 560.913 571.590 614.211 615.935 633.791 668.377 683.567 699.388 669.746 621.099 629.427 666.489 635.988 609.739 571.372 545.725 519.771 502.689 515.086 479.608 468.814 471.529 462.478 488.171 482.110 500.246 513.512 529.453 537.343 -999.250 -999.250 -999.250 -999.250 -999.250 -999.250 -999.250 -999.250 -999.250 -999.250 -999.250 -999.250 -999.250 -999.250 -999.250 -999.250 -999.250 -999.250 -999.250 -999.250 -999.250 -999.250 -999.250
551.443 516.819 493.607 467.271 459.557 456.381 462.499 447.528 458.211 467.275 471.520 493.732 499.333 525.745 564.579 582.240 591.211 611.447 645.928 649.185 656.228 692.134 696.082 670.164 668.199 621.310 615.829 591.766 540.929 523.550 514.881 493.249 490.372 465.430 445.716 457.772 456.339 474.858 494.714 492.583 511.960 504.978 -999.250 -999.250 -999.250 -999.250 -999.250 -999.250 -999.250 -999.250 -999.250 -999.250 -999.250 -999.250 -999.250 -999.250 -999.250 -999.250 -999.250 -999.250 -999.250 -999.250 -999.250 -999.250 -999.250
499.644 494.115 491.295 465.652 462.626 459.541 443.614 439.945 444.632 472.670 473.357 487.103 486.563 521.613 562.625 577.054 543.197 599.050 628.363 647.405 690.017 743.022 752.725 705.410 688.675 638.635 596.440 575.803 553.328 502.569 478.410 480.705 467.645 448.807 451.651 433.312 433.109 452.836 462.671 470.561 475.259 482.093 -999.250 -999.250 -999.250 -999.250 -999.250 -999.250 -999.250 -999.250 -999.250 -999.250 -999.250 -999.250 -999.250 -999.250 -999.250 -999.250 -999.250 -999.250 -999.250 -999.250 -999.250 -999.250 -999.250
481.440 486.209 452.106 471.385 438.873 446.726 435.061 443.509 443.422 456.741 461.202 481.222 475.630 504.017 535.424 529.823 570.807 580.598 641.380 693.424 723.727 751.630 762.408 726.390 659.433 638.758 587.759 547.316 521.918 505.791 486.861 469.384 434.984 424.853 421.063 433.893 430.713 432.712 432.797 447.626 458.056 466.014 -999.250 -999.250 -999.250 -999.250 -999.250 -999.250 -999.250 -999.250 -999.250 -999.250 -999.250 -999.250 -999.250 -999.250 -999.250 -999.250 -999.250 -999.250 -999.250 -999.250 -999.250 -999.250 -999.250
520.398 494.410 461.555 446.690 433.940 437.000 425.000 431.109 442.038 455.022 454.050 464.926 481.983 493.492 510.739 517.333 531.366 556.343 616.459 640.864 668.075 724.073 697.257 670.705 657.561 586.316 574.155 503.127 532.381 491.793 469.546 438.352 426.235 424.750 398.314 398.093 409.021 411.640 419.074 432.247 442.716 442.312 -999.250 -999.250 -999.250 -999.250 -999.250 -999.250 -999.250 -999.250 -999.250 -999.250 -999.250 -999.250 -999.250 -999.250 -999.250 -999.250 -999.250 -999.250 -999.250 -999.250 -999.250 -999.250 -999.250
539.445 511.974 464.254 463.174 448.396 446.861 438.766 420.860 421.165 443.864 450.717 483.568 468.973 483.283 475.466 505.708 531.750 574.093 601.164 628.884 678.354 681.454 647.458 638.427 618.092 583.375 555.143 538.561 510.983 482.391 443.631 435.956 428.477 402.585 380.445 384.625 373.750 381.055 399.003 405.542 415.564 417.542 432.570 438.985 -999.250 -999.250 -999.250 -999.250 -999.250 -999.250 -999.250 -999.250 -999.250 -999.250 -999.250 -999.250 -999.250 -999.250 -999.250 -999.250 -999.250 -999.250 -999.250 -999.250 -999.250
566.994 489.840 478.370 459.634 443.012 445.876 430.097 425.033 433.554 451.951 440.980 460.997 469.409 460.468 481.819 506.930 553.085 562.753 598.140 590.364 638.891 644.207 612.210 599.701 583.426 567.250 540.253 511.356 494.815 467.649 450.935 429.257 407.306 392.783 375.637 355.271 374.560 365.233 386.902 391.173 392.411 418.192 414.687 398.111 420.773 423.061 -999.250 -999.250 -999.250 -999.250 -999.250 -999.250 -999.250 -999.250 -999.250 -999.250 -999.250 -999.250 -999.250 -999.250 -999.250 -999.250 -999.250 -999.250 -999.250
575.844 534.405 489.395 467.895 451.046 441.951 430.901 431.067 435.766 438.320 445.041 452.254 440.048 464.348 485.214 492.669 503.849 553.069 593.240 584.721 614.939 617.527 601.550 614.784 576.113 547.408 505.137 483.726 470.625 474.105 428.006 411.169 385.878 369.766 346.674 364.617 353.451 378.006 369.354 365.600 372.545 386.065 389.428 386.443 376.707 378.555 -999.250 -999.250 -999.250 -999.250 -999.250 -999.250 -999.250 -999.250 -999.250 -999.250 -999.250 -999.250 -999.250 -999.250 -999.250 -999.250 -999.250 -999.250 -999.250
622.179 522.663 512.505 457.802 433.699 443.812 421.171 433.477 411.724 420.645 425.378 430.575 431.910 445.377 471.822 487.120 504.284 510.605 552.487 541.935 567.119 579.092 579.351 581.874 552.625 521.857 490.865 459.947 455.357 440.922 423.455 394.945 363.693 360.074 313.850 344.911 331.483 360.507 358.834 362.647 345.954 363.080 365.292 376.937 351.981 338.135 370.254 -999.250 -999.250 -999.250 -999.250 -999.250 -999.250 -999.250 -999.250 -999.250 -999.250 -999.250 -999.250 -999.250 -999.250 -999.250 -999.250 -999.250 -999.250
