data/medianmodel_31-Dec-2020.asc
ncols	141
nrows	288
xllcorner	-120191.398
yllcorner	-301404.813
cellsize	2000.000
NODATA_value	-999.250
[rows 203 to 231 of 288, columns 65 to 129 of 141]
1143.034 1047.075 979.950 900.422 835.932 802.228 752.254 679.180 633.086 546.479 506.938 444.334 389.030 342.255 319.290 278.135 249.808 231.959 263.813 302.959 361.629 445.438 541.481 702.139 862.239 1039.423 1224.697 1515.191 1634.753 1785.186 -999.250 -999.250 -999.250 -999.250 -999.250 -999.250 -999.250 -999.250 -999.250 -999.250 -999.250 -999.250 -999.250 -999.250 -999.250 -999.250 -999.250 -999.250 -999.250 -999.250 -999.250 -999.250 -999.250 -999.250 -999.250 -999.250 -999.250 -999.250 -999.250 -999.250 -999.250 -999.250 -999.250 -999.250 -999.250
1205.064 1124.437 1042.342 1020.950 926.042 857.576 808.466 718.950 645.955 538.708 523.253 427.383 376.789 333.502 293.845 264.100 228.903 201.925 239.017 293.880 342.265 429.299 565.700 740.766 947.726 1093.686 1374.834 1583.566 1774.787 1965.313 2157.948 -999.250 -999.250 -999.250 -999.250 -999.250 -999.250 -999.250 -999.250 -999.250 -999.250 -999.250 -999.250 -999.250 -999.250 -999.250 -999.250 -999.250 -999.250 -999.250 -999.250 -999.250 -999.250 -999.250 -999.250 -999.250 -999.250 -999.250 -999.250 -999.250 -999.250 -999.250 -999.250 -999.250 -999.250
1262.309 1310.447 1051.346 1007.811 992.499 923.482 918.942 733.227 669.045 593.042 504.668 455.853 373.502 318.540 290.638 250.466 212.238 211.911 209.127 248.689 312.484 431.128 579.757 782.413 1014.992 1244.204 1549.926 1610.362 1869.894 2215.944 -999.250 -999.250 -999.250 -999.250 -999.250 -999.250 -999.250 -999.250 -999.250 -999.250 -999.250 -999.250 -999.250 -999.250 -999.250 -999.250 -999.250 -999.250 -999.250 -999.250 -999.250 -999.250 -999.250 -999.250 -999.250 -999.250 -999.250 -999.250 -999.250 -999.250 -999.250 -999.250 -999.250 -999.250 -999.250
1375.362 1345.770 1215.790 1068.217 1012.478 965.510 951.866 776.735 676.466 638.711 533.467 448.958 384.091 320.363 271.170 242.509 204.630 205.335 213.328 250.355 289.566 447.394 596.373 871.211 1045.163 1361.999 1620.007 1740.290 1960.937 2274.183 2532.888 -999.250 -999.250 -999.250 -999.250 -999.250 -999.250 -999.250 -999.250 -999.250 -999.250 -999.250 -999.250 -999.250 -999.250 -999.250 -999.250 -999.250 -999.250 -999.250 -999.250 -999.250 -999.250 -999.250 -999.250 -999.250 -999.250 -999.250 -999.250 -999.250 -999.250 -999.250 -999.250 -999.250 -999.250
1363.451 1403.359 1441.684 1195.584 1092.857 1014.811 921.490 812.449 749.008 643.523 558.840 463.134 382.153 330.953 276.359 220.338 207.703 218.423 240.805 290.225 363.920 487.141 687.112 894.078 1120.436 1479.580 1700.400 1922.440 2177.000 2467.530 2717.239 2844.553 -999.250 -999.250 -999.250 -999.250 -999.250 -999.250 -999.250 -999.250 -999.250 -999.250 -999.250 -999.250 -999.250 -999.250 -999.250 -999.250 -999.250 -999.250 -999.250 -999.250 -999.250 -999.250 -999.250 -999.250 -999.250 -999.250 -999.250 -999.250 -999.250 -999.250 -999.250 -999.250 -999.250
1515.536 1443.399 1333.707 1302.887 1084.878 995.108 917.283 827.864 728.675 640.520 580.566 479.643 386.000 328.116 267.576 247.499 226.827 248.368 281.548 325.950 417.716 551.548 714.905 919.848 1068.480 1463.840 1722.347 1988.281 2289.127 2469.910 2831.653 3094.062 -999.250 -999.250 -999.250 -999.250 -999.250 -999.250 -999.250 -999.250 -999.250 -999.250 -999.250 -999.250 -999.250 -999.250 -999.250 -999.250 -999.250 -999.250 -999.250 -999.250 -999.250 -999.250 -999.250 -999.250 -999.250 -999.250 -999.250 -999.250 -999.250 -999.250 -999.250 -999.250 -999.250
1571.926 1527.493 1336.280 1283.948 1197.481 1017.597 948.198 899.303 735.910 677.737 603.103 504.232 419.581 352.790 295.571 266.448 259.314 284.747 326.710 373.024 475.507 623.653 784.312 968.832 1211.673 1529.053 1709.334 2091.536 2271.756 2591.395 2988.606 3265.306 3135.471 -999.250 -999.250 -999.250 -999.250 -999.250 -999.250 -999.250 -999.250 -999.250 -999.250 -999.250 -999.250 -999.250 -999.250 -999.250 -999.250 -999.250 -999.250 -999.250 -999.250 -999.250 -999.250 -999.250 -999.250 -999.250 -999.250 -999.250 -999.250 -999.250 -999.250 -999.250 -999.250
1567.026 1517.718 1381.111 1415.514 1239.172 1037.332 953.941 930.629 825.909 709.263 636.848 524.796 420.804 363.968 295.815 284.360 298.401 328.698 364.326 448.168 569.647 717.791 836.065 1009.727 1253.333 1584.483 1737.536 2006.954 2288.484 2579.867 2940.744 3065.260 2989.158 2953.034 -999.250 -999.250 -999.250 -999.250 -999.250 -999.250 -999.250 -999.250 -999.250 -999.250 -999.250 -999.250 -999.250 -999.250 -999.250 -999.250 -999.250 -999.250 -999.250 -999.250 -999.250 -999.250 -999.250 -999.250 -999.250 -999.250 -999.250 -999.250 -999.250 -999.250 -999.250
1613.217 1514.342 1423.980 1279.686 1137.093 1079.335 1063.473 954.904 892.647 808.083 675.196 548.580 451.797 389.286 339.567 326.592 346.079 374.362 447.283 526.131 599.685 748.803 891.904 1060.187 1413.641 1603.309 1710.094 1878.017 2318.134 2441.375 2785.779 2837.019 2897.543 2829.486 2645.411 -999.250 -999.250 -999.250 -999.250 -999.250 -999.250 -999.250 -999.250 -999.250 -999.250 -999.250 -999.250 -999.250 -999.250 -999.250 -999.250 -999.250 -999.250 -999.250 -999.250 -999.250 -999.250 -999.250 -999.250 -999.250 -999.250 -999.250 -999.250 -999.250 -999.250
1388.151 1351.059 1218.182 1135.334 1069.142 1041.022 1051.154 995.302 938.657 900.739 784.371 681.173 536.901 418.560 388.144 399.510 426.724 444.215 498.532 565.909 639.657 740.787 889.368 1027.719 1359.010 1496.596 1718.392 1824.949 2075.920 2238.661 2417.282 2608.134 2599.180 2628.660 2486.241 2339.160 -999.250 -999.250 -999.250 -999.250 -999.250 -999.250 -999.250 -999.250 -999.250 -999.250 -999.250 -999.250 -999.250 -999.250 -999.250 -999.250 -999.250 -999.250 -999.250 -999.250 -999.250 -999.250 -999.250 -999.250 -999.250 -999.250 -999.250 -999.250 -999.250
1030.130 1050.499 1021.975 1036.027 999.841 1035.896 1044.366 1028.474 1037.858 1038.346 988.414 852.218 706.368 446.122 482.993 516.772 529.884 537.108 580.114 623.396 682.284 765.352 875.933 1035.060 1218.532 1508.807 1624.142 1710.570 1830.738 2064.369 2273.414 2343.488 2415.579 2362.566 2323.165 2339.499 -999.250 -999.250 -999.250 -999.250 -999.250 -999.250 -999.250 -999.250 -999.250 -999.250 -999.250 -999.250 -999.250 -999.250 -999.250 -999.250 -999.250 -999.250 -999.250 -999.250 -999.250 -999.250 -999.250 -999.250 -999.250 -999.250 -999.250 -999.250 -999.250
793.294 883.642 884.501 934.757 959.246 1026.808 1127.101 1309.365 1316.780 1350.087 1265.524 1098.758 949.193 775.277 717.192 671.244 659.570 654.921 692.165 683.172 729.258 793.295 893.363 992.683 1157.551 1331.962 1535.743 1611.919 1693.533 1795.849 1990.697 2147.485 2210.426 2209.212 2097.510 2134.557 1935.731 -999.250 -999.250 -999.250 -999.250 -999.250 -999.250 -999.250 -999.250 -999.250 -999.250 -999.250 -999.250 -999.250 -999.250 -999.250 -999.250 -999.250 -999.250 -999.250 -999.250 -999.250 -999.250 -999.250 -999.250 -999.250 -999.250 -999.250 -999.250
569.661 653.998 720.314 830.984 950.983 1086.099 1306.682 1523.128 1639.860 1666.371 1644.115 1590.064 1341.206 1051.837 925.003 895.583 833.074 747.481 788.004 821.755 794.213 806.351 886.991 981.233 1033.550 1137.077 1416.926 1464.492 1460.175 1627.351 1668.959 1758.063 1847.489 1873.898 1792.919 1727.738 1685.382 1636.735 -999.250 -999.250 -999.250 -999.250 -999.250 -999.250 -999.250 -999.250 -999.250 -999.250 -999.250 -999.250 -999.250 -999.250 -999.250 -999.250 -999.250 -999.250 -999.250 -999.250 -999.250 -999.250 -999.250 -999.250 -999.250 -999.250 -999.250
350.139 452.430 577.735 717.608 901.204 1068.493 1404.364 1632.401 1749.645 1901.613 2133.754 1855.497 1626.737 1422.527 1192.438 1063.742 972.451 914.933 870.672 852.398 807.277 858.172 891.104 892.243 944.709 1035.532 1189.160 1253.670 1420.927 1522.286 1528.567 1572.993 1566.683 1620.178 1631.665 1604.617 1528.953 1551.080 -999.250 -999.250 -999.250 -999.250 -999.250 -999.250 -999.250 -999.250 -999.250 -999.250 -999.250 -999.250 -999.250 -999.250 -999.250 -999.250 -999.250 -999.250 -999.250 -999.250 -999.250 -999.250 -999.250 -999.250 -999.250 -999.250 -999.250
121.114 297.066 445.253 630.821 776.786 1040.803 1384.176 1647.872 1877.024 2235.406 2577.133 2234.028 1765.124 1624.732 1485.948 1332.961 1053.437 933.496 903.033 876.419 818.973 851.777 882.790 887.019 906.111 947.534 992.628 1004.266 1057.366 1198.814 1236.335 1326.616 1367.364 1398.300 1424.713 1257.101 1204.535 1153.222 -999.250 -999.250 -999.250 -999.250 -999.250 -999.250 -999.250 -999.250 -999.250 -999.250 -999.250 -999.250 -999.250 -999.250 -999.250 -999.250 -999.250 -999.250 -999.250 -999.250 -999.250 -999.250 -999.250 -999.250 -999.250 -999.250 -999.250
111.659 218.764 363.409 541.915 749.737 958.412 1225.455 1583.903 1946.953 2191.466 2363.393 2240.502 1868.648 1730.901 1590.137 1409.579 1157.053 1047.113 967.083 894.529 842.789 869.072 819.711 819.234 844.895 840.270 877.783 850.592 878.401 957.853 957.616 1025.434 1046.801 1026.168 1094.368 1063.488 1010.324 976.638 915.792 -999.250 -999.250 -999.250 -999.250 -999.250 -999.250 -999.250 442.602 -999.250 -999.250 -999.250 -999.250 -999.250 -999.250 -999.250 -999.250 -999.250 -999.250 -999.250 -999.250 -999.250 -999.250 -999.250 -999.250 -999.250 -999.250
117.959 212.719 333.840 473.535 676.464 879.657 1071.603 1501.468 1742.326 1926.669 2208.583 2205.616 2028.680 1786.853 1644.176 1509.458 1320.168 1158.717 1038.181 899.668 889.107 872.960 800.124 754.565 700.909 688.813 711.248 689.086 712.919 763.225 811.531 835.758 858.480 921.730 917.104 958.086 884.462 829.126 720.408 630.657 -999.250 -999.250 -999.250 335.743 349.539 353.861 358.708 -999.250 -999.250 -999.250 -999.250 -999.250 -999.250 -999.250 -999.250 -999.250 -999.250 -999.250 -999.250 -999.250 -999.250 -999.250 -999.250 -999.250 -999.250
129.814 212.731 338.030 453.631 604.600 739.935 1026.299 1469.340 1630.972 1755.575 1932.513 1967.055 1829.627 1759.648 1633.895 1548.543 1340.794 1216.609 1026.770 927.737 840.567 802.058 776.660 729.563 618.534 553.317 538.669 541.964 574.077 630.888 663.623 698.174 718.087 733.372 708.648 747.700 723.778 672.891 577.864 474.248 -999.250 294.146 210.561 205.484 214.929 252.959 -999.250 -999.250 -999.250 -999.250 -999.250 -999.250 -999.250 -999.250 -999.250 -999.250 -999.250 -999.250 -999.250 -999.250 -999.250 -999.250 -999.250 -999.250 -999.250
162.905 262.999 360.696 465.282 609.243 766.499 963.200 1237.664 1585.907 1658.857 1758.514 1834.577 1868.663 1745.297 1631.500 1579.644 1441.585 1163.566 1004.366 926.293 908.568 753.294 672.489 627.548 514.322 453.858 382.695 355.961 387.471 450.494 511.908 547.497 561.171 551.185 572.506 570.126 551.686 507.427 448.071 336.820 231.239 147.291 61.200 81.582 105.273 137.054 -999.250 -999.250 -999.250 -999.250 -999.250 -999.250 -999.250 -999.250 -999.250 -999.250 -999.250 -999.250 -999.250 -999.250 -999.250 -999.250 -999.250 -999.250 -999.250
200.853 284.515 378.193 489.684 630.370 766.786 924.982 1224.473 1575.388 1613.682 1692.042 1745.257 1724.054 1686.262 1630.789 1516.109 1266.536 1089.370 963.109 898.524 813.070 724.590 605.991 525.986 441.566 344.404 286.569 196.822 249.911 322.585 365.593 393.330 420.779 419.487 414.639 413.874 396.019 363.721 279.713 210.570 138.730 76.353 29.078 31.657 59.440 84.706 -999.250 -999.250 -999.250 -999.250 -999.250 -999.250 -999.250 -999.250 -999.250 -999.250 -999.250 -999.250 -999.250 -999.250 -999.250 -999.250 -999.250 -999.250 -999.250
213.487 306.547 389.764 507.569 630.494 782.806 949.343 1172.886 1469.929 1537.057 1646.610 1588.640 1681.918 1578.691 1547.350 1418.441 1179.630 1041.805 967.305 850.575 754.919 666.370 565.366 464.224 397.666 310.684 210.497 166.574 181.360 220.734 256.281 298.542 300.313 312.028 316.015 303.963 279.254 237.119 184.293 128.658 77.535 29.148 3.015 10.228 26.417 64.327 -999.250 -999.250 -999.250 -999.250 -999.250 -999.250 -999.250 -999.250 -999.250 -999.250 -999.250 -999.250 -999.250 -999.250 -999.250 -999.250 -999.250 -999.250 -999.250
247.311 320.141 408.425 514.814 607.325 752.552 943.257 1029.021 1176.541 1391.563 1518.005 1544.074 1493.866 1421.312 1419.303 1271.335 1106.247 1022.373 918.537 807.869 711.741 642.290 530.368 418.564 349.062 282.091 197.832 153.243 139.688 148.269 175.479 200.473 205.639 202.667 208.501 178.395 177.920 142.878 110.212 73.581 39.718 18.462 5.159 11.473 17.850 -999.250 -999.250 -999.250 -999.250 -999.250 -999.250 -999.250 -999.250 -999.250 -999.250 -999.250 -999.250 -999.250 -999.250 -999.250 -999.250 -999.250 -999.250 -999.250 -999.250
275.127 349.834 437.818 513.804 619.260 716.962 874.580 985.087 1055.719 1291.155 1412.785 1432.011 1392.638 1334.216 1298.655 1171.161 1080.479 990.457 890.676 786.333 655.590 588.654 517.620 407.739 332.068 261.319 180.561 125.639 116.506 107.568 117.942 139.219 138.227 132.225 123.130 116.001 116.517 89.529 71.470 38.335 13.628 11.195 8.734 10.323 12.106 -999.250 -999.250 -999.250 -999.250 -999.250 -999.250 -999.250 -999.250 -999.250 -999.250 -999.250 -999.250 -999.250 -999.250 -999.250 -999.250 -999.250 -999.250 -999.250 -999.250
297.206 356.085 450.031 519.668 649.641 757.129 876.313 910.115 1026.313 1142.069 1346.328 1197.427 1257.303 1280.796 1167.453 1088.139 1024.291 942.994 837.936 723.345 624.264 534.007 467.117 391.386 309.279 227.790 161.208 124.338 94.367 86.965 85.577 82.892 82.643 78.829 81.822 79.686 73.240 64.684 41.780 23.970 10.748 5.859 5.429 8.814 5.253 -999.250 -999.250 -999.250 -999.250 -999.250 -999.250 -999.250 -999.250 -999.250 -999.250 -999.250 -999.250 -999.250 -999.250 -999.250 -999.250 -999.250 -999.250 -999.250 -999.250
323.676 385.375 457.342 555.087 653.228 728.724 846.958 927.853 975.290 1107.874 1163.697 1211.755 1121.256 1127.429 1100.083 1018.200 926.823 852.479 769.911 684.245 563.785 486.409 446.561 370.271 310.972 205.029 140.686 107.727 81.643 75.428 61.813 57.710 51.277 47.495 57.870 46.059 43.517 27.404 12.640 14.370 5.635 8.673 11.320 4.858 -999.250 -999.250 -999.250 -999.250 -999.250 -999.250 -999.250 -999.250 -999.250 -999.250 -999.250 -999.250 -999.250 -999.250 -999.250 -999.250 -999.250 -999.250 -999.250 -999.250 -999.250
360.096 408.070 482.835 566.969 648.637 772.833 847.923 929.151 962.253 971.806 1022.205 979.658 1014.790 1060.177 1018.252 994.420 903.988 795.537 704.083 605.433 546.365 447.925 402.124 326.287 277.347 217.813 133.245 93.479 76.774 54.043 45.861 44.734 25.567 31.388 31.354 32.544 14.800 11.069 1.248 -999.250 -999.250 9.855 4.869 4.478 -999.250 -999.250 -999.250 -999.250 -999.250 -999.250 -999.250 -999.250 -999.250 -999.250 -999.250 -999.250 -999.250 -999.250 -999.250 -999.250 -999.250 -999.250 -999.250 -999.250 -999.250
380.106 437.525 491.064 559.234 653.972 759.403 843.602 934.557 915.618 965.090 986.531 986.980 977.853 1009.451 970.149 938.640 870.567 733.923 671.218 568.587 499.729 420.658 361.810 313.298 244.260 177.768 119.235 84.514 66.894 47.810 36.672 22.816 19.013 19.507 15.236 9.113 6.673 12.898 3.939 -999.250 -999.250 -999.250 -999.250 -999.250 -999.250 -999.250 -999.250 -999.250 -999.250 -999.250 -999.250 -999.250 -999.250 -999.250 -999.250 -999.250 -999.250 -999.250 -999.250 -999.250 -999.250 -999.250 -999.250 -999.250 -999.250
387.793 435.723 500.350 575.587 623.625 704.159 778.362 847.031 911.298 885.263 929.120 962.885 911.052 946.516 886.815 854.991 759.453 694.132 600.872 520.824 463.870 401.863 334.166 288.045 219.661 162.473 112.602 80.183 55.996 29.655 34.356 20.344 15.136 8.258 6.369 -999.250 -999.250 1.788 -999.250 -999.250 -999.250 -999.250 -999.250 -999.250 -999.250 -999.250 -999.250 -999.250 -999.250 -999.250 -999.250 -999.250 -999.250 -999.250 -999.250 -999.250 -999.250 -999.250 -999.250 -999.250 -999.250 -999.250 -999.250 -999.250 -999.250
375.195 443.012 503.547 574.139 632.135 699.900 753.215 793.340 829.440 904.801 867.128 844.680 860.320 857.800 841.484 796.611 743.872 661.065 543.231 473.679 413.044 361.854 303.119 252.655 213.906 146.604 105.218 74.079 45.781 41.058 26.845 19.496 12.168 -999.250 -999.250 -999.250 -999.250 -999.250 -999.250 -999.250 -999.250 -999.250 -999.250 -999.250 -999.250 -999.250 -999.250 -999.250 -999.250 -999.250 -999.250 -999.250 -999.250 -999.250 -999.250 -999.250 -999.250 -999.250 -999.250 -999.250 -999.250 -999.250 -999.250 -999.250 -999.250
