data/medianmodel_08-Sep-2020.asc
ncols	141
nrows	288
xllcorner	-120191.398
yllcorner	-301404.813
cellsize	2000.000
NODATA_value	-999.250
[rows 248 to 278 of 288, columns 0 to 68 of 141]
-999.250 -999.250 -999.250 -999.250 -999.250 -999.250 -999.250 -999.250 -999.250 -999.250 -999.250 -999.250 -999.250 -999.250 -999.250 -999.250 -999.250 -999.250 -999.250 -999.250 -999.250 -999.250 -999.250 -999.250 -999.250 -999.250 -999.250 -999.250 -999.250 -999.250 45.677 52.611 57.401 58.833 63.779 64.471 67.039 68.283 69.868 71.275 61.443 58.033 55.960 46.932 44.550 38.068 28.719 22.143 20.816 14.633 11.799 10.363 7.385 3.944 0.985 0.000 0.000 0.000 2.016 4.727 7.478 9.308 10.377 11.261 12.439 14.864 15.862 19.977 21.606
-999.250 -999.250 -999.250 -999.250 -999.250 -999.250 -999.250 -999.250 -999.250 -999.250 -999.250 -999.250 -999.250 -999.250 -999.250 -999.250 -999.250 -999.250 -999.250 -999.250 -999.250 -999.250 -999.250 -999.250 -999.250 -999.250 -999.250 -999.250 -999.250 -999.250 47.127 50.020 55.321 55.729 63.705 63.238 69.737 80.248 78.552 77.570 77.879 67.543 57.572 51.243 45.749 38.867 33.293 25.214 21.297 12.727 10.411 10.055 4.578 2.862 0.000 0.000 0.000 0.000 0.000 2.861 4.148 6.327 6.181 8.700 10.026 12.920 16.521 20.037 24.297
-999.250 -999.250 -999.250 -999.250 -999.250 -999.250 -999.250 -999.250 -999.250 -999.250 -999.250 -999.250 -999.250 -999.250 -999.250 -999.250 -999.250 -999.250 -999.250 -999.250 -999.250 -999.250 -999.250 -999.250 -999.250 -999.250 -999.250 -999.250 -999.250 -999.250 43.951 49.572 53.687 51.843 60.842 62.416 73.564 80.495 85.160 84.999 80.729 69.446 59.782 56.260 49.252 47.040 39.281 27.354 21.243 14.688 11.787 8.322 3.389 0.148 0.000 0.000 0.000 0.000 0.000 0.000 0.365 3.818 3.293 7.335 8.771 10.967 16.888 17.265 20.624
-999.250 -999.250 -999.250 -999.250 -999.250 -999.250 -999.250 -999.250 -999.250 -999.250 -999.250 -999.250 -999.250 -999.250 -999.250 -999.250 -999.250 -999.250 -999.250 -999.250 -999.250 -999.250 -999.250 -999.250 -999.250 -999.250 -999.250 -999.250 -999.250 -999.250 44.327 48.064 49.357 54.725 58.535 68.041 66.887 77.217 86.259 93.053 78.509 68.886 63.409 55.437 47.853 42.142 38.879 28.753 23.798 14.961 10.675 6.953 1.102 0.000 0.000 0.000 0.000 0.000 0.000 0.000 0.000 1.061 1.495 2.067 5.771 9.560 12.492 12.987 16.661
-999.250 -999.250 -999.250 -999.250 -999.250 -999.250 -999.250 -999.250 -999.250 -999.250 -999.250 -999.250 -999.250 -999.250 -999.250 -999.250 -999.250 -999.250 -999.250 -999.250 -999.250 -999.250 -999.250 -999.250 -999.250 -999.250 -999.250 -999.250 -999.250 36.355 42.331 46.117 47.362 51.929 54.641 54.862 63.677 75.077 81.569 83.805 77.773 69.034 58.783 55.333 47.019 40.180 35.445 28.628 22.794 16.845 10.558 6.554 3.434 0.000 0.000 0.000 0.000 0.000 0.000 0.000 0.000 0.000 0.000 1.717 2.890 5.637 9.562 13.989 12.761
-999.250 -999.250 -999.250 -999.250 -999.250 -999.250 -999.250 -999.250 -999.250 -999.250 -999.250 -999.250 -999.250 -999.250 -999.250 -999.250 -999.250 -999.250 -999.250 -999.250 -999.250 -999.250 -999.250 -999.250 -999.250 -999.250 -999.250 -999.250 -999.250 -999.250 40.962 44.993 46.333 51.709 52.361 53.372 58.856 66.040 75.060 73.559 72.765 64.559 60.569 51.935 44.243 39.391 35.071 25.590 20.409 11.870 9.751 4.695 1.820 0.000 0.000 0.000 0.000 0.000 0.000 0.000 0.000 0.000 0.000 0.000 1.145 2.501 5.956 9.832 10.597
-999.250 -999.250 -999.250 -999.250 -999.250 -999.250 -999.250 -999.250 -999.250 -999.250 -999.250 -999.250 -999.250 -999.250 -999.250 -999.250 -999.250 -999.250 -999.250 -999.250 -999.250 -999.250 -999.250 -999.250 -999.250 -999.250 -999.250 -999.250 -999.250 -999.250 38.330 40.115 40.474 44.620 49.801 54.870 57.015 60.711 61.404 66.479 63.111 64.681 57.699 51.704 44.598 40.334 30.543 25.537 17.496 10.165 7.048 7.037 1.241 0.000 0.000 0.000 0.000 0.000 0.000 0.000 0.000 0.000 0.000 0.000 0.000 1.601 3.916 7.751 10.556
-999.250 -999.250 -999.250 -999.250 -999.250 -999.250 -999.250 -999.250 -999.250 -999.250 -999.250 -999.250 -999.250 -999.250 -999.250 -999.250 -999.250 -999.250 -999.250 -999.250 -999.250 -999.250 -999.250 -999.250 -999.250 -999.250 -999.250 -999.250 -999.250 -999.250 -999.250 36.010 37.143 43.651 48.480 50.134 53.889 54.061 55.861 59.209 55.531 56.829 51.710 47.502 42.348 39.302 28.400 22.225 16.429 10.270 10.132 5.359 0.000 0.000 0.000 0.000 0.000 0.000 0.000 0.000 0.000 0.000 0.000 0.000 0.000 0.572 3.165 4.802 8.970
-999.250 -999.250 -999.250 -999.250 -999.250 -999.250 -999.250 -999.250 -999.250 -999.250 -999.250 -999.250 -999.250 -999.250 -999.250 -999.250 -999.250 -999.250 -999.250 -999.250 -999.250 -999.250 -999.250 -999.250 -999.250 -999.250 -999.250 -999.250 -999.250 -999.250 -999.250 28.565 32.455 36.809 42.510 43.876 50.783 46.862 50.334 50.868 52.027 51.004 46.873 40.558 39.702 29.499 24.590 18.981 15.073 12.318 5.184 3.823 0.000 0.000 0.000 0.000 0.000 0.000 0.000 0.000 0.000 0.000 0.000 0.000 0.000 0.000 1.165 5.086 6.352
-999.250 -999.250 -999.250 -999.250 -999.250 -999.250 -999.250 -999.250 -999.250 -999.250 -999.250 -999.250 -999.250 -999.250 -999.250 -999.250 -999.250 -999.250 -999.250 -999.250 -999.250 -999.250 -999.250 -999.250 -999.250 -999.250 -999.250 -999.250 -999.250 -999.250 24.804 25.519 28.460 30.368 34.353 38.549 42.533 43.470 42.205 45.358 46.005 45.771 44.641 38.895 33.254 28.646 20.449 16.195 12.241 7.932 5.305 0.327 0.000 0.000 0.000 0.000 0.000 0.000 0.000 0.000 0.000 0.000 0.000 0.000 0.000 0.000 0.695 4.680 6.049
-999.250 -999.250 -999.250 -999.250 -999.250 -999.250 -999.250 -999.250 -999.250 -999.250 -999.250 -999.250 -999.250 -999.250 -999.250 -999.250 -999.250 -999.250 -999.250 -999.250 -999.250 -999.250 -999.250 -999.250 -999.250 -999.250 -999.250 -999.250 -999.250 -999.250 17.531 24.485 23.504 29.476 30.411 31.328 35.737 36.989 37.645 35.462 36.593 37.239 33.663 29.446 26.368 22.444 16.204 12.905 10.582 6.602 1.377 0.000 0.000 0.000 0.000 0.000 0.000 0.000 0.000 0.000 0.000 0.000 0.000 0.000 0.000 0.000 0.000 2.688 5.492
-999.250 -999.250 -999.250 -999.250 -999.250 -999.250 -999.250 -999.250 -999.250 -999.250 -999.250 -999.250 -999.250 -999.250 -999.250 -999.250 -999.250 -999.250 -999.250 -999.250 -999.250 -999.250 -999.250 -999.250 -999.250 -999.250 -999.250 -999.250 -999.250 -999.250 18.786 19.270 22.623 24.261 26.359 27.308 28.298 28.660 30.308 29.586 27.946 27.817 28.667 24.473 20.741 17.547 12.358 8.752 6.843 4.677 1.179 0.000 0.000 0.000 0.000 0.000 0.000 0.000 0.000 0.000 0.000 0.000 0.000 0.000 0.000 0.000 0.000 1.161 4.910
-999.250 -999.250 -999.250 -999.250 -999.250 -999.250 -999.250 -999.250 -999.250 -999.250 -999.250 -999.250 -999.250 -999.250 -999.250 -999.250 -999.250 -999.250 -999.250 -999.250 -999.250 -999.250 -999.250 -999.250 -999.250 -999.250 -999.250 -999.250 -999.250 -999.250 14.530 15.179 17.446 22.419 24.607 24.417 24.223 24.239 22.387 24.004 20.576 22.997 21.861 19.290 15.935 14.695 11.001 6.382 4.587 3.344 1.345 0.316 0.000 0.000 0.000 0.000 0.000 0.000 0.000 0.000 0.000 0.000 0.000 0.000 0.000 0.000 0.043 2.824 4.410
-999.250 -999.250 -999.250 -999.250 -999.250 -999.250 -999.250 -999.250 -999.250 -999.250 -999.250 -999.250 -999.250 -999.250 -999.250 -999.250 -999.250 -999.250 -999.250 -999.250 -999.250 -999.250 -999.250 -999.250 -999.250 -999.250 -999.250 -999.250 -999.250 -999.250 12.554 10.697 14.461 13.597 14.761 14.762 16.308 18.895 18.108 17.145 16.779 16.337 16.437 15.769 15.573 12.744 10.669 7.134 4.606 4.275 3.861 3.366 0.076 0.150 1.245 0.046 0.808 0.207 0.406 2.180 0.122 1.519 2.726 3.774 3.017 3.185 3.252 4.602 5.837
-999.250 -999.250 -999.250 -999.250 -999.250 -999.250 -999.250 -999.250 -999.250 -999.250 -999.250 -999.250 -999.250 -999.250 -999.250 -999.250 -999.250 -999.250 -999.250 -999.250 -999.250 -999.250 -999.250 -999.250 -999.250 -999.250 -999.250 -999.250 -999.250 -999.250 7.978 6.743 9.508 9.924 9.665 11.050 13.563 13.605 12.290 13.064 12.235 11.525 11.212 11.442 11.905 10.992 11.089 7.760 4.193 2.344 3.072 0.691 1.321 0.897 2.964 2.203 3.525 3.872 4.747 4.792 4.716 5.258 5.015 4.862 5.313 7.497 7.210 6.994 8.454
-999.250 -999.250 -999.250 -999.250 -999.250 -999.250 -999.250 -999.250 -999.250 -999.250 -999.250 -999.250 -999.250 -999.250 -999.250 -999.250 -999.250 -999.250 -999.250 -999.250 -999.250 -999.250 -999.250 -999.250 -999.250 -999.250 -999.250 -999.250 -999.250 4.156 4.440 6.009 5.684 5.787 6.886 5.741 9.010 9.416 8.108 8.485 9.143 9.483 10.065 5.576 8.752 7.549 10.228 5.859 3.668 3.046 4.759 3.266 4.048 5.513 3.106 2.814 5.033 6.671 6.328 7.570 9.066 8.956 9.560 8.624 8.977 8.749 9.873 8.887 10.891
-999.250 -999.250 -999.250 -999.250 -999.250 -999.250 -999.250 -999.250 -999.250 -999.250 -999.250 -999.250 -999.250 -999.250 -999.250 -999.250 -999.250 -999.250 -999.250 -999.250 -999.250 -999.250 -999.250 -999.250 -999.250 -999.250 -999.250 -999.250 -999.250 1.689 2.065 1.081 1.673 1.899 1.696 3.780 3.901 4.643 5.597 4.037 5.250 7.397 7.775 5.011 4.809 4.325 4.668 5.140 3.855 4.813 4.077 5.083 4.801 5.665 5.689 4.876 5.356 5.878 9.665 11.242 11.465 11.165 12.725 10.933 10.715 11.945 12.555 13.484 12.803
-999.250 -999.250 -999.250 -999.250 -999.250 -999.250 -999.250 -999.250 -999.250 -999.250 -999.250 -999.250 -999.250 -999.250 -999.250 -999.250 -999.250 -999.250 -999.250 -999.250 -999.250 -999.250 -999.250 -999.250 -999.250 -999.250 -999.250 -999.250 2.160 0.642 0.000 0.000 0.000 0.081 0.030 0.000 0.000 2.948 0.454 1.512 1.331 1.746 1.286 2.067 2.316 2.825 2.042 3.030 4.705 4.863 4.560 7.708 7.875 6.933 8.142 9.269 9.798 9.561 11.636 13.432 16.187 15.343 14.798 13.159 14.596 14.872 18.224 14.177 13.494
-999.250 -999.250 -999.250 -999.250 -999.250 -999.250 -999.250 -999.250 -999.250 -999.250 -999.250 -999.250 -999.250 -999.250 -999.250 -999.250 -999.250 -999.250 -999.250 -999.250 -999.250 -999.250 -999.250 -999.250 -999.250 -999.250 -999.250 -999.250 0.048 0.000 0.000 0.000 0.000 0.000 0.000 0.000 0.000 0.000 0.000 0.000 0.000 0.000 0.000 0.000 0.790 0.631 0.873 1.132 4.066 5.488 5.937 7.429 8.551 9.034 10.543 10.541 14.384 13.701 15.056 17.219 20.417 23.754 19.713 19.355 18.100 17.900 19.839 19.422 17.193
-999.250 -999.250 -999.250 -999.250 -999.250 -999.250 -999.250 -999.250 -999.250 -999.250 -999.250 -999.250 -999.250 -999.250 -999.250 -999.250 -999.250 -999.250 -999.250 -999.250 -999.250 -999.250 -999.250 -999.250 -999.250 -999.250 -999.250 2.044 0.000 0.000 0.000 0.000 0.000 0.000 0.000 0.000 0.000 0.000 0.000 0.000 0.000 0.000 0.000 0.000 0.000 0.000 1.304 4.153 4.444 5.246 3.348 9.377 9.188 11.935 13.604 13.878 14.004 16.020 18.645 21.630 25.528 24.550 27.514 23.664 25.508 25.210 24.600 21.228 16.702
-999.250 -999.250 -999.250 -999.250 -999.250 -999.250 -999.250 -999.250 -999.250 -999.250 -999.250 -999.250 -999.250 -999.250 -999.250 -999.250 -999.250 -999.250 -999.250 -999.250 -999.250 -999.250 -999.250 -999.250 -999.250 -999.250 -999.250 1.047 0.000 0.000 0.000 0.000 0.000 0.000 0.000 0.000 0.000 0.000 0.000 0.000 0.000 0.000 0.000 0.000 0.000 0.000 0.030 3.079 4.430 6.200 7.564 11.839 11.289 14.153 15.152 16.949 18.117 21.976 23.159 25.467 29.125 32.829 30.108 31.027 30.358 29.483 26.281 25.060 23.785
-999.250 -999.250 -999.250 -999.250 -999.250 -999.250 -999.250 -999.250 -999.250 -999.250 -999.250 -999.250 -999.250 -999.250 -999.250 -999.250 -999.250 -999.250 -999.250 -999.250 -999.250 -999.250 -999.250 -999.250 -999.250 -999.250 -999.250 3.465 0.067 0.000 0.000 0.000 0.000 0.000 0.000 0.000 0.000 0.000 0.000 0.000 0.000 0.000 0.000 0.000 0.000 0.000 1.654 4.836 6.176 8.714 9.646 10.747 13.589 14.508 22.719 21.435 24.299 26.243 30.641 32.352 33.727 37.849 41.196 38.783 40.856 31.663 30.918 29.390 29.986
-999.250 -999.250 -999.250 -999.250 -999.250 -999.250 -999.250 -999.250 -999.250 -999.250 -999.250 -999.250 -999.250 -999.250 -999.250 -999.250 -999.250 -999.250 -999.250 -999.250 -999.250 -999.250 -999.250 -999.250 -999.250 -999.250 -999.250 5.633 1.129 0.000 0.000 0.000 0.000 0.000 0.000 0.000 0.000 0.000 0.000 0.000 0.000 0.000 0.000 0.000 0.000 1.955 2.754 5.048 5.736 7.926 10.662 11.788 15.311 16.868 21.971 23.166 28.107 32.308 34.239 39.442 41.018 42.951 44.689 45.594 47.627 39.282 37.451 38.782 33.063
-999.250 -999.250 -999.250 -999.250 -999.250 -999.250 -999.250 -999.250 -999.250 -999.250 -999.250 -999.250 -999.250 -999.250 -999.250 -999.250 -999.250 -999.250 -999.250 -999.250 -999.250 -999.250 -999.250 -999.250 -999.250 -999.250 -999.250 6.622 4.493 0.420 0.000 0.000 0.000 0.000 0.000 0.000 0.000 0.000 0.000 0.000 0.000 0.000 0.970 0.947 1.752 3.297 3.956 5.956 8.431 9.487 12.489 12.712 18.089 22.595 24.807 30.910 35.344 36.801 43.001 42.772 42.605 44.880 48.586 48.126 45.625 41.485 45.657 43.983 40.743
-999.250 -999.250 -999.250 -999.250 -999.250 -999.250 -999.250 -999.250 -999.250 -999.250 -999.250 -999.250 -999.250 -999.250 -999.250 -999.250 -999.250 -999.250 -999.250 -999.250 -999.250 -999.250 -999.250 -999.250 -999.250 -999.250 -999.250 9.115 6.022 2.186 0.625 0.000 0.000 0.000 0.000 0.000 0.000 0.000 0.000 0.363 1.093 3.608 2.820 3.874 4.138 5.063 5.066 7.328 9.816 11.175 13.431 14.614 20.844 18.738 27.508 30.395 33.677 41.778 45.842 45.234 49.940 52.866 51.258 53.609 53.218 48.969 48.486 45.677 44.878
-999.250 -999.250 -999.250 -999.250 -999.250 -999.250 -999.250 -999.250 -999.250 -999.250 -999.250 -999.250 -999.250 -999.250 -999.250 -999.250 -999.250 -999.250 -999.250 -999.250 -999.250 -999.250 -999.250 -999.250 -999.250 -999.250 15.791 11.527 8.730 6.246 4.097 3.654 1.877 0.005 0.000 0.000 0.000 2.131 3.337 4.313 7.089 5.989 8.903 6.486 5.674 7.353 8.114 9.422 10.882 10.616 13.742 18.864 21.933 25.297 25.243 30.688 36.430 43.956 46.101 49.873 54.606 57.523 57.434 55.373 53.165 52.203 51.666 49.770 47.900
-999.250 -999.250 -999.250 -999.250 -999.250 -999.250 -999.250 -999.250 -999.250 -999.250 -999.250 -999.250 -999.250 -999.250 -999.250 -999.250 -999.250 -999.250 -999.250 -999.250 -999.250 -999.250 -999.250 -999.250 -999.250 -999.250 18.039 15.173 13.459 10.001 7.420 4.913 2.942 1.546 1.041 1.033 1.887 3.079 4.270 7.092 10.082 11.758 11.145 9.865 8.810 8.067 9.970 11.116 11.114 12.490 15.140 17.709 19.813 25.456 27.904 30.155 38.208 44.057 47.698 53.190 57.658 64.382 62.071 59.754 59.043 54.166 52.675 52.613 48.273
-999.250 -999.250 -999.250 -999.250 -999.250 -999.250 -999.250 -999.250 -999.250 -999.250 -999.250 -999.250 -999.250 -999.250 -999.250 -999.250 -999.250 -999.250 -999.250 -999.250 -999.250 -999.250 -999.250 -999.250 -999.250 23.672 21.231 17.078 16.276 12.609 10.864 8.944 5.398 3.390 4.390 4.026 3.417 6.079 7.881 10.142 13.981 19.826 14.874 12.286 11.102 10.950 12.047 10.713 13.191 15.424 16.388 21.217 23.610 25.872 28.230 36.082 41.840 50.949 51.698 59.697 58.793 68.514 71.360 69.435 65.299 56.738 53.336 52.187 50.714
-999.250 -999.250 -999.250 -999.250 -999.250 -999.250 -999.250 -999.250 -999.250 -999.250 -999.250 -999.250 -999.250 -999.250 -999.250 -999.250 -999.250 -999.250 -999.250 -999.250 -999.250 -999.250 -999.250 -999.250 -999.250 33.255 26.871 24.993 21.135 15.917 14.914 12.422 9.100 5.321 5.530 7.249 7.171 8.067 10.737 13.364 14.662 16.554 14.612 14.374 13.013 12.845 15.552 13.547 16.248 17.688 19.553 21.583 23.881 28.335 31.490 40.143 44.258 48.471 53.587 63.285 68.024 75.376 76.566 77.696 68.876 60.006 54.094 55.064 51.276
-999.250 -999.250 -999.250 -999.250 -999.250 -999.250 -999.250 -999.250 -999.250 -999.250 -999.250 -999.250 -999.250 -999.250 -999.250 -999.250 -999.250 -999.250 -999.250 -999.250 -999.250 -999.250 -999.250 -999.250 -999.250 41.220 36.296 29.527 26.082 23.744 19.178 14.553 10.991 10.057 9.681 10.068 9.552 9.761 11.896 14.304 14.306 14.642 15.420 14.356 14.520 16.637 18.513 18.740 17.910 20.158 24.844 24.013 27.229 31.973 36.667 43.617 48.708 51.856 58.843 63.881 67.915 77.596 84.429 77.258 69.817 61.739 53.176 51.166 46.305
-999.250 -999.250 -999.250 -999.250 -999.250 -999.250 -999.250 -999.250 -999.250 -999.250 -999.250 -999.250 -999.250 -999.250 -999.250 -999.250 -999.250 -999.250 -999.250 -999.250 -999.250 -999.250 -999.250 -999.250 49.389 50.662 44.945 36.962 33.415 26.101 22.515 19.201 14.803 13.158 13.871 12.644 13.055 12.855 12.939 13.751 16.032 15.856 16.459 17.077 18.137 22.233 26.360 21.589 20.096 22.540 24.351 24.714 28.502 33.156 40.597 47.081 51.986 52.942 59.087 62.454 65.023 71.221 76.546 72.980 65.331 55.983 52.355 47.860 42.252
