data/medianmodel_25-Apr-2020.asc
ncols	141
nrows	288
xllcorner	-120191.398
yllcorner	-301404.813
cellsize	2000.000
NODATA_value	-999.250
[rows 90 to 119 of 288, columns 0 to 67 of 141]
-999.250 -999.250 -999.250 -999.250 -999.250 -999.250 -999.250 -999.250 -999.250 -999.250 -999.250 -999.250 -999.250 -999.250 -999.250 -999.250 -999.250 -999.250 -999.250 -999.250 -999.250 -999.250 -999.250 -999.250 -999.250 -999.250 -999.250 -999.250 -999.250 -999.250 -999.250 -999.250 27.933 25.090 19.683 21.430 17.590 22.816 32.249 33.741 40.007 44.791 53.014 51.466 65.646 64.801 71.845 64.926 52.300 49.695 45.377 38.862 35.965 26.003 23.003 28.973 25.477 22.153 19.877 20.259 22.212 22.572 22.764 22.090 18.541 19.019 20.400 21.559
-999.250 -999.250 -999.250 -999.250 -999.250 -999.250 -999.250 -999.250 -999.250 -999.250 -999.250 -999.250 -999.250 -999.250 -999.250 -999.250 -999.250 -999.250 -999.250 -999.250 -999.250 -999.250 -999.250 -999.250 -999.250 -999.250 -999.250 -999.250 -999.250 -999.250 -999.250 -999.250 24.985 23.014 18.934 17.735 19.871 21.521 29.598 38.648 40.706 43.075 58.757 60.785 60.993 59.224 63.692 70.188 54.697 55.792 50.601 36.904 37.206 26.866 29.917 31.908 33.187 21.911 27.459 25.781 27.677 25.515 25.360 20.784 23.783 24.292 24.456 21.744
-999.250 -999.250 -999.250 -999.250 -999.250 -999.250 -999.250 -999.250 -999.250 -999.250 -999.250 -999.250 -999.250 -999.250 -999.250 -999.250 -999.250 -999.250 -999.250 -999.250 -999.250 -999.250 -999.250 -999.250 -999.250 -999.250 -999.250 -999.250 -999.250 -999.250 -999.250 22.662 23.549 18.463 16.930 18.187 20.178 27.413 27.517 34.652 44.470 51.376 56.257 61.224 66.375 68.685 73.882 75.694 62.925 53.992 47.708 45.626 46.401 37.031 39.933 41.262 34.427 30.701 28.496 28.805 31.012 29.153 27.141 32.705 30.164 29.193 28.300 30.712
-999.250 -999.250 -999.250 -999.250 -999.250 -999.250 -999.250 -999.250 -999.250 -999.250 -999.250 -999.250 -999.250 -999.250 -999.250 -999.250 -999.250 -999.250 -999.250 -999.250 -999.250 -999.250 -999.250 -999.250 -999.250 -999.250 -999.250 -999.250 -999.250 -999.250 -999.250 18.372 19.407 17.272 18.117 20.860 20.184 23.628 30.187 33.159 44.985 48.271 55.109 60.392 69.621 77.952 84.379 81.923 64.981 61.242 51.252 49.051 46.636 42.609 43.016 35.517 33.899 36.483 32.405 35.481 35.929 36.633 38.453 40.841 38.638 41.116 37.273 34.356
-999.250 -999.250 -999.250 -999.250 -999.250 -999.250 -999.250 -999.250 -999.250 -999.250 -999.250 -999.250 -999.250 -999.250 -999.250 -999.250 -999.250 -999.250 -999.250 -999.250 -999.250 -999.250 -999.250 -999.250 -999.250 -999.250 -999.250 -999.250 -999.250 -999.250 -999.250 17.672 16.433 17.868 16.845 18.128 19.662 24.383 30.964 37.467 43.469 47.091 51.627 57.701 61.774 67.335 75.196 74.187 62.598 51.834 59.061 56.081 45.345 46.630 46.546 41.090 33.201 33.523 33.908 36.534 41.008 39.681 43.194 45.587 51.276 47.511 43.053 43.145
-999.250 -999.250 -999.250 -999.250 -999.250 -999.250 -999.250 -999.250 -999.250 -999.250 -999.250 -999.250 -999.250 -999.250 -999.250 -999.250 -999.250 -999.250 -999.250 -999.250 -999.250 -999.250 -999.250 -999.250 -999.250 -999.250 -999.250 -999.250 -999.250 -999.250 -999.250 16.121 15.990 16.470 16.903 18.852 20.093 23.356 30.228 38.031 38.417 47.073 49.160 49.149 51.405 49.788 53.811 50.854 53.478 52.154 52.009 49.056 48.713 46.256 42.896 40.518 39.668 34.801 38.171 37.374 45.067 51.059 57.479 69.044 70.418 69.599 57.663 66.540
-999.250 -999.250 -999.250 -999.250 -999.250 -999.250 -999.250 -999.250 -999.250 -999.250 -999.250 -999.250 -999.250 -999.250 -999.250 -999.250 -999.250 -999.250 -999.250 -999.250 -999.250 -999.250 -999.250 -999.250 -999.250 -999.250 -999.250 -999.250 -999.250 -999.250 13.391 15.319 16.774 16.149 17.424 18.082 22.105 27.575 28.730 40.132 42.636 43.670 47.279 47.047 43.380 42.375 36.482 39.067 40.992 45.186 47.756 50.757 49.615 43.793 39.621 39.822 43.098 36.711 42.164 47.838 52.676 61.693 77.423 95.735 102.641 101.370 95.209 77.878
-999.250 -999.250 -999.250 -999.250 -999.250 -999.250 -999.250 -999.250 -999.250 -999.250 -999.250 -999.250 -999.250 -999.250 -999.250 -999.250 -999.250 -999.250 -999.250 -999.250 -999.250 -999.250 -999.250 -999.250 -999.250 -999.250 -999.250 -999.250 -999.250 -999.250 12.846 15.533 16.848 16.732 17.062 16.759 21.869 24.561 33.936 32.862 38.683 42.643 44.440 40.193 37.245 29.297 25.108 27.267 31.303 37.752 44.497 43.954 42.527 43.228 41.914 40.603 39.688 40.880 48.009 49.090 60.298 84.219 99.127 121.088 132.381 123.574 106.977 88.723
-999.250 -999.250 -999.250 -999.250 -999.250 -999.250 -999.250 -999.250 -999.250 -999.250 -999.250 -999.250 -999.250 -999.250 -999.250 -999.250 -999.250 -999.250 -999.250 -999.250 -999.250 -999.250 -999.250 -999.250 -999.250 -999.250 -999.250 -999.250 -999.250 -999.250 14.316 14.830 14.846 12.554 15.479 17.726 22.410 32.157 31.743 38.063 46.139 42.162 48.805 47.557 40.093 36.860 34.061 27.716 34.078 35.794 42.743 44.039 44.388 43.732 46.218 48.989 42.818 45.439 50.125 59.597 82.149 96.284 116.929 139.546 158.339 145.708 128.113 113.072
-999.250 -999.250 -999.250 -999.250 -999.250 -999.250 -999.250 -999.250 -999.250 -999.250 -999.250 -999.250 -999.250 -999.250 -999.250 -999.250 -999.250 -999.250 -999.250 -999.250 -999.250 -999.250 -999.250 -999.250 -999.250 -999.250 -999.250 -999.250 -999.250 -999.250 18.321 14.268 14.441 13.084 14.151 16.200 24.961 28.822 38.193 42.039 54.269 52.214 50.593 54.311 41.357 35.262 34.476 30.199 33.957 36.677 43.026 44.010 43.703 38.812 46.331 44.812 42.489 54.878 57.624 66.942 97.200 121.750 129.396 139.599 139.732 130.518 130.640 108.492
-999.250 -999.250 -999.250 -999.250 -999.250 -999.250 -999.250 -999.250 -999.250 -999.250 -999.250 -999.250 -999.250 -999.250 -999.250 -999.250 -999.250 -999.250 -999.250 -999.250 -999.250 -999.250 -999.250 -999.250 -999.250 -999.250 -999.250 -999.250 -999.250 15.442 15.212 14.829 13.505 13.112 14.440 16.465 20.185 28.617 38.079 40.388 49.638 45.353 43.597 55.822 46.893 43.504 41.549 47.159 42.643 39.965 39.276 42.081 43.792 39.631 43.400 45.519 48.414 48.301 51.311 72.744 95.014 120.235 125.958 136.359 131.830 128.000 115.115 101.676
-999.250 -999.250 -999.250 -999.250 -999.250 -999.250 -999.250 -999.250 -999.250 -999.250 -999.250 -999.250 -999.250 -999.250 -999.250 -999.250 -999.250 -999.250 -999.250 -999.250 -999.250 -999.250 -999.250 -999.250 -999.250 -999.250 -999.250 -999.250 -999.250 17.089 16.309 14.040 10.776 13.940 13.752 17.080 18.560 29.655 37.874 41.114 43.328 39.808 43.682 52.992 56.098 52.292 53.532 55.719 56.160 45.386 38.948 38.417 43.397 42.418 40.273 40.765 47.877 49.500 55.353 82.525 91.297 96.446 119.797 127.552 124.683 117.196 110.590 88.683
-999.250 -999.250 -999.250 -999.250 -999.250 -999.250 -999.250 -999.250 -999.250 -999.250 -999.250 -999.250 -999.250 -999.250 -999.250 -999.250 -999.250 -999.250 -999.250 -999.250 -999.250 -999.250 -999.250 -999.250 -999.250 -999.250 -999.250 -999.250 -999.250 16.852 17.430 11.712 12.534 10.882 12.429 14.046 14.713 20.060 27.152 34.119 44.290 46.857 50.798 58.271 59.774 64.800 62.334 68.754 72.163 56.736 43.779 38.147 38.947 43.815 39.294 35.285 45.361 54.297 57.464 72.288 77.735 96.377 94.833 117.750 118.437 124.882 101.682 82.626
-999.250 -999.250 -999.250 -999.250 -999.250 -999.250 -999.250 -999.250 -999.250 -999.250 -999.250 -999.250 -999.250 -999.250 -999.250 -999.250 -999.250 -999.250 -999.250 -999.250 -999.250 -999.250 -999.250 -999.250 -999.250 -999.250 -999.250 -999.250 -999.250 17.001 15.769 14.791 12.549 10.926 11.180 10.921 14.441 21.740 26.179 36.106 42.859 44.864 53.196 68.207 79.766 75.049 82.964 78.338 80.721 69.640 50.519 46.350 42.946 42.438 35.356 32.353 34.819 42.846 52.943 60.182 74.290 82.541 96.855 95.137 95.402 92.719 92.238 72.315
-999.250 -999.250 -999.250 -999.250 -999.250 -999.250 -999.250 -999.250 -999.250 -999.250 -999.250 -999.250 -999.250 -999.250 -999.250 -999.250 -999.250 -999.250 -999.250 -999.250 -999.250 -999.250 -999.250 -999.250 -999.250 -999.250 -999.250 -999.250 18.611 15.663 16.361 13.713 12.776 12.761 11.817 11.793 13.732 16.407 21.799 34.448 50.209 58.259 63.803 74.161 79.331 90.138 96.366 92.401 83.665 67.813 62.402 49.317 41.530 32.768 30.839 30.390 34.018 41.493 43.224 50.851 61.923 66.736 77.044 84.280 79.665 83.437 86.280 66.467
-999.250 -999.250 -999.250 -999.250 -999.250 -999.250 -999.250 -999.250 -999.250 -999.250 -999.250 -999.250 -999.250 -999.250 -999.250 -999.250 -999.250 -999.250 -999.250 -999.250 -999.250 -999.250 -999.250 -999.250 -999.250 -999.250 -999.250 -999.250 17.466 17.019 15.529 12.265 12.047 12.589 12.210 13.390 14.581 15.315 19.105 30.117 47.018 70.768 84.137 86.792 85.135 113.876 120.746 107.503 84.862 72.576 62.603 50.609 39.368 30.973 24.623 20.895 23.464 28.540 35.360 43.282 52.899 49.940 58.006 62.525 66.467 62.512 55.381 58.889
-999.250 -999.250 -999.250 -999.250 -999.250 -999.250 -999.250 -999.250 -999.250 -999.250 -999.250 -999.250 -999.250 -999.250 -999.250 -999.250 -999.250 -999.250 -999.250 -999.250 -999.250 -999.250 -999.250 -999.250 -999.250 -999.250 -999.250 20.484 19.649 16.948 15.813 13.668 12.657 12.483 14.879 13.622 13.223 15.348 15.858 32.833 47.652 63.114 95.963 91.652 95.119 123.745 124.977 117.929 96.011 77.992 61.306 44.467 39.170 27.325 18.653 16.279 18.568 22.599 27.113 32.898 40.041 43.182 49.504 47.504 44.052 51.747 51.395 42.583
-999.250 -999.250 -999.250 -999.250 -999.250 -999.250 -999.250 -999.250 -999.250 -999.250 -999.250 -999.250 -999.250 -999.250 -999.250 -999.250 -999.250 -999.250 -999.250 -999.250 -999.250 -999.250 -999.250 -999.250 -999.250 -999.250 -999.250 25.072 19.050 18.131 15.444 14.093 14.420 14.339 16.001 14.124 17.591 19.192 26.579 40.097 54.050 67.446 87.310 111.726 111.352 131.267 126.689 120.217 106.955 86.366 66.739 53.041 35.275 24.857 14.411 14.461 14.963 16.420 20.935 27.599 29.287 32.193 36.962 36.317 44.629 42.474 43.493 36.321
-999.250 -999.250 -999.250 -999.250 -999.250 -999.250 -999.250 -999.250 -999.250 -999.250 -999.250 -999.250 -999.250 -999.250 -999.250 -999.250 -999.250 -999.250 -999.250 -999.250 -999.250 -999.250 -999.250 -999.250 -999.250 -999.250 -999.250 18.212 18.920 19.997 14.817 15.114 14.584 16.317 13.578 15.217 20.160 27.125 32.306 45.483 63.452 82.967 104.440 130.471 137.345 141.526 139.118 137.658 106.568 96.974 79.356 54.666 34.982 26.768 19.236 13.071 13.608 17.567 15.936 21.377 21.551 24.839 32.760 28.386 35.864 37.372 31.607 33.651
-999.250 -999.250 -999.250 -999.250 -999.250 -999.250 -999.250 -999.250 -999.250 -999.250 -999.250 -999.250 -999.250 -999.250 -999.250 -999.250 -999.250 -999.250 -999.250 -999.250 -999.250 -999.250 -999.250 -999.250 -999.250 -999.250 -999.250 16.726 16.848 17.683 18.724 19.199 15.416 16.660 15.241 18.736 28.005 39.822 43.932 50.650 79.542 104.017 127.594 130.730 153.173 163.406 165.531 139.934 115.351 102.518 74.349 63.613 43.379 29.797 20.626 15.026 15.070 17.388 16.661 20.853 25.359 23.990 24.627 26.272 29.564 29.266 29.135 26.013
-999.250 -999.250 -999.250 -999.250 -999.250 -999.250 -999.250 -999.250 -999.250 -999.250 -999.250 -999.250 -999.250 -999.250 -999.250 -999.250 -999.250 -999.250 -999.250 -999.250 -999.250 -999.250 -999.250 -999.250 -999.250 -999.250 -999.250 -999.250 14.386 14.569 15.617 16.796 15.706 15.396 16.038 18.930 29.832 38.868 45.879 61.516 81.404 111.576 141.774 188.988 194.066 198.600 188.864 143.031 128.034 93.347 75.444 59.978 43.254 33.846 23.877 17.492 15.243 14.732 18.409 19.801 23.309 26.059 22.389 24.347 27.474 24.449 26.283 23.183
-999.250 -999.250 -999.250 -999.250 -999.250 -999.250 -999.250 -999.250 -999.250 -999.250 -999.250 -999.250 -999.250 -999.250 -999.250 -999.250 -999.250 -999.250 -999.250 -999.250 -999.250 -999.250 -999.250 -999.250 -999.250 -999.250 -999.250 -999.250 14.294 15.632 14.842 14.670 14.021 15.702 19.998 21.822 27.333 41.390 52.884 74.495 98.562 131.924 164.746 201.058 223.626 207.211 192.866 156.976 125.644 92.988 70.928 49.543 42.516 31.154 29.089 19.500 18.053 18.309 20.558 21.808 26.281 24.459 19.887 21.327 21.150 19.875 19.536 17.949
-999.250 -999.250 -999.250 -999.250 -999.250 -999.250 -999.250 -999.250 -999.250 -999.250 -999.250 -999.250 -999.250 -999.250 -999.250 -999.250 -999.250 -999.250 -999.250 -999.250 -999.250 -999.250 -999.250 -999.250 -999.250 -999.250 -999.250 -999.250 14.743 12.600 15.805 14.056 12.734 12.527 16.126 22.316 25.059 42.306 54.125 82.455 113.275 144.709 182.309 201.367 248.210 206.237 211.872 176.182 137.479 103.930 71.473 56.400 42.145 31.149 20.856 23.313 18.568 17.718 21.791 22.280 22.369 22.245 19.236 21.353 19.549 19.136 15.028 13.540
-999.250 -999.250 -999.250 -999.250 -999.250 -999.250 -999.250 -999.250 -999.250 -999.250 -999.250 -999.250 -999.250 -999.250 -999.250 -999.250 -999.250 -999.250 -999.250 -999.250 -999.250 -999.250 -999.250 -999.250 -999.250 -999.250 -999.250 -999.250 12.957 11.363 11.643 12.279 10.288 12.549 16.404 18.055 23.648 36.312 43.684 65.382 103.283 137.706 182.841 224.116 237.056 253.764 200.674 181.512 135.404 108.866 74.598 47.214 37.828 27.706 24.451 21.281 22.166 22.234 17.830 21.066 19.039 21.907 21.339 16.709 17.406 14.632 15.250 13.285
-999.250 -999.250 -999.250 -999.250 -999.250 -999.250 -999.250 -999.250 -999.250 -999.250 -999.250 -999.250 -999.250 -999.250 -999.250 -999.250 -999.250 -999.250 -999.250 -999.250 -999.250 -999.250 -999.250 -999.250 -999.250 -999.250 -999.250 -999.250 11.065 10.612 9.204 11.392 11.247 13.401 14.623 14.117 16.920 25.969 34.149 44.535 84.850 121.884 142.841 182.146 217.560 227.462 179.689 147.787 122.353 78.051 57.480 38.353 29.682 21.755 21.081 23.099 24.117 21.800 19.729 22.966 21.424 20.793 17.418 17.504 15.886 15.999 14.782 12.514
-999.250 -999.250 -999.250 -999.250 -999.250 -999.250 -999.250 -999.250 -999.250 -999.250 -999.250 -999.250 -999.250 -999.250 -999.250 -999.250 -999.250 -999.250 -999.250 -999.250 -999.250 -999.250 -999.250 -999.250 -999.250 -999.250 -999.250 13.667 11.096 9.954 8.648 9.866 12.029 12.202 12.728 13.349 15.410 19.674 23.184 29.206 65.265 89.714 127.605 152.876 188.131 177.251 150.655 124.929 82.693 56.231 40.993 27.646 19.525 20.091 22.912 24.007 26.121 27.706 24.451 23.623 21.564 20.535 18.424 16.866 17.074 14.238 13.840 10.259
-999.250 -999.250 -999.250 -999.250 -999.250 -999.250 -999.250 -999.250 -999.250 -999.250 -999.250 -999.250 -999.250 -999.250 -999.250 -999.250 -999.250 -999.250 -999.250 -999.250 -999.250 -999.250 -999.250 -999.250 -999.250 -999.250 -999.250 11.814 10.657 10.003 10.038 7.941 9.428 8.343 12.483 11.633 14.500 16.679 20.666 32.047 49.514 79.369 106.870 119.829 135.129 136.233 119.196 87.290 56.667 34.450 18.024 17.948 16.583 18.086 22.386 22.312 27.845 30.127 29.604 25.706 21.486 18.477 16.695 15.203 15.173 14.091 13.144 10.233
-999.250 -999.250 -999.250 -999.250 -999.250 -999.250 -999.250 -999.250 -999.250 -999.250 -999.250 -999.250 -999.250 -999.250 -999.250 -999.250 -999.250 -999.250 -999.250 -999.250 -999.250 -999.250 -999.250 -999.250 -999.250 -999.250 -999.250 11.222 10.818 10.483 8.525 11.248 8.724 10.578 9.413 11.048 12.855 16.859 22.083 36.834 48.414 61.153 83.691 88.646 99.804 87.392 83.868 52.090 28.720 0.000 2.419 7.678 11.954 16.843 22.099 28.562 36.257 38.255 35.311 25.624 21.912 17.970 18.502 15.427 14.791 13.206 13.069 11.465
-999.250 -999.250 -999.250 -999.250 -999.250 -999.250 -999.250 -999.250 -999.250 -999.250 -999.250 -999.250 -999.250 -999.250 -999.250 -999.250 -999.250 -999.250 -999.250 -999.250 -999.250 -999.250 -999.250 -999.250 -999.250 -999.250 12.063 10.590 7.757 12.609 9.121 9.184 9.534 10.827 12.377 14.649 13.487 16.598 21.978 29.297 43.985 52.258 64.499 72.423 77.035 74.179 55.137 39.637 18.061 0.756 0.000 1.023 6.067 14.168 18.466 25.483 31.640 33.429 34.475 27.953 21.822 17.309 16.203 15.298 15.311 14.325 12.280 9.435
-999.250 -999.250 -999.250 -999.250 -999.250 -999.250 -999.250 -999.250 -999.250 -999.250 -999.250 -999.250 -999.250 -999.250 -999.250 -999.250 -999.250 -999.250 -999.250 -999.250 -999.250 -999.250 -999.250 -999.250 -999.250 -999.250 12.069 11.862 11.200 10.062 11.898 11.435 12.458 9.723 11.721 15.017 15.248 18.168 24.186 29.556 30.255 40.867 47.255 62.591 62.424 58.306 47.215 26.960 13.047 2.017 0.000 0.000 6.330 11.199 16.024 19.383 27.104 33.263 31.255 29.675 23.264 18.468 15.620 17.066 16.000 17.891 14.467 12.382
