data/medianmodel_03-May-2020.asc
ncols	141
nrows	288
xllcorner	-120191.398
yllcorner	-301404.813
cellsize	2000.000
NODATA_value	-999.250
[rows 93 to 123 of 288, columns 69 to 137 of 141]
9.418 15.168 19.365 14.812 12.307 13.468 11.282 18.185 14.977 15.913 12.219 9.891 16.325 14.268 7.568 10.104 9.689 12.353 6.600 9.398 12.470 8.162 7.551 8.763 6.071 10.621 7.325 4.495 6.447 7.629 9.528 9.123 4.320 8.791 9.415 5.924 8.076 11.092 8.928 10.296 9.341 15.083 13.308 12.733 9.013 -999.250 -999.250 -999.250 -999.250 -999.250 -999.250 -999.250 -999.250 -999.250 -999.250 -999.250 -999.250 -999.250 -999.250 -999.250 -999.250 -999.250 -999.250 -999.250 -999.250 -999.250 -999.250 -999.250 -999.250
8.511 9.010 14.185 15.577 11.492 12.575 12.980 12.064 13.324 13.116 11.304 9.608 12.216 9.991 12.754 11.313 5.931 9.136 8.616 9.839 8.630 5.687 7.549 8.122 1.965 6.983 5.947 6.162 6.675 4.060 6.262 6.012 4.973 5.240 9.426 8.843 11.226 14.148 11.406 8.932 8.655 9.431 10.734 12.960 9.734 -999.250 -999.250 -999.250 -999.250 -999.250 -999.250 -999.250 -999.250 -999.250 -999.250 -999.250 -999.250 -999.250 -999.250 -999.250 -999.250 -999.250 -999.250 -999.250 -999.250 -999.250 -999.250 -999.250 -999.250
11.098 12.643 12.000 13.949 9.844 14.065 11.954 10.643 12.084 13.177 8.068 9.906 8.711 10.464 15.742 8.135 0.000 6.364 6.584 5.762 11.262 5.597 5.926 6.666 5.016 5.641 4.879 6.095 2.624 5.430 2.162 5.776 5.706 9.451 6.242 8.779 8.660 10.195 9.394 9.500 10.161 8.520 9.263 13.347 9.483 -999.250 -999.250 -999.250 -999.250 -999.250 -999.250 -999.250 -999.250 -999.250 -999.250 -999.250 -999.250 -999.250 -999.250 -999.250 -999.250 -999.250 -999.250 -999.250 -999.250 -999.250 -999.250 -999.250 -999.250
9.135 13.697 12.629 12.387 10.930 11.949 16.446 9.661 9.632 10.810 4.498 10.225 10.331 6.199 14.151 7.599 6.043 7.622 10.872 12.083 3.996 5.622 4.400 3.155 4.473 5.075 6.503 6.617 6.049 5.199 6.402 3.871 7.058 4.507 4.866 11.291 12.038 6.471 12.340 15.410 11.395 6.707 9.509 6.680 15.234 9.226 -999.250 -999.250 -999.250 -999.250 -999.250 -999.250 -999.250 -999.250 -999.250 -999.250 -999.250 -999.250 -999.250 -999.250 -999.250 -999.250 -999.250 -999.250 -999.250 -999.250 -999.250 -999.250 -999.250
9.744 11.165 7.457 12.976 11.782 8.655 13.229 13.254 11.031 8.021 8.074 9.286 6.537 8.333 7.536 8.610 4.508 5.499 6.506 8.019 8.188 3.828 5.599 3.031 2.455 6.527 6.732 6.768 4.652 3.256 3.587 8.623 6.626 6.641 7.537 6.227 7.887 4.572 7.598 10.139 7.215 6.583 10.779 8.588 10.049 11.095 8.922 -999.250 -999.250 -999.250 -999.250 -999.250 -999.250 -999.250 -999.250 -999.250 -999.250 -999.250 -999.250 -999.250 -999.250 -999.250 -999.250 -999.250 -999.250 -999.250 -999.250 -999.250 -999.250
12.465 10.195 11.500 13.679 9.942 9.923 6.075 8.054 9.369 6.915 6.612 9.072 6.868 9.017 6.771 7.538 4.594 9.276 5.219 6.734 3.020 6.430 6.127 4.826 0.000 1.985 6.447 5.361 8.304 8.317 5.505 5.637 4.746 7.086 5.700 5.947 9.573 5.226 8.812 9.177 5.959 10.537 10.611 6.234 8.113 11.796 8.783 9.342 -999.250 -999.250 -999.250 -999.250 -999.250 -999.250 -999.250 -999.250 -999.250 -999.250 -999.250 -999.250 -999.250 -999.250 -999.250 -999.250 -999.250 -999.250 -999.250 -999.250 -999.250
11.193 9.239 11.112 15.582 8.767 10.478 7.555 9.396 8.572 8.479 7.337 7.971 7.633 5.776 4.586 6.860 3.196 6.771 7.063 6.892 6.303 5.678 5.103 8.828 4.098 8.830 5.282 8.355 5.171 2.552 7.844 6.033 5.535 5.135 6.297 9.447 9.470 9.637 7.420 7.492 9.404 8.925 7.937 7.610 9.695 5.753 8.115 -999.250 -999.250 -999.250 -999.250 -999.250 -999.250 -999.250 -999.250 -999.250 -999.250 -999.250 -999.250 -999.250 -999.250 -999.250 -999.250 -999.250 -999.250 -999.250 -999.250 -999.250 -999.250
11.993 14.609 10.193 13.349 11.106 8.921 9.841 4.398 11.793 8.746 7.668 4.942 7.103 2.461 8.126 5.265 9.070 8.409 4.796 7.335 8.521 11.755 5.910 5.656 2.476 7.170 4.864 9.325 8.102 4.301 7.276 10.350 7.189 5.937 8.065 5.079 4.595 10.548 9.675 6.661 7.012 8.206 6.081 9.692 7.329 8.347 7.287 9.357 -999.250 -999.250 -999.250 -999.250 -999.250 -999.250 -999.250 -999.250 -999.250 -999.250 -999.250 -999.250 -999.250 -999.250 -999.250 -999.250 -999.250 -999.250 -999.250 -999.250 -999.250
9.928 10.318 7.857 11.114 12.599 9.250 14.608 10.040 8.976 10.157 9.105 7.977 5.550 5.939 7.351 8.325 2.601 4.010 6.067 6.593 8.450 9.571 4.681 5.904 7.322 5.688 7.458 7.156 9.130 6.817 6.997 5.516 7.443 5.735 6.625 6.184 6.934 5.547 6.931 5.132 8.971 9.394 9.228 6.412 9.891 8.999 -999.250 -999.250 -999.250 -999.250 -999.250 -999.250 -999.250 -999.250 -999.250 -999.250 -999.250 -999.250 -999.250 -999.250 -999.250 -999.250 -999.250 -999.250 -999.250 -999.250 -999.250 -999.250 -999.250
14.281 9.875 11.604 12.017 10.713 10.088 8.688 6.863 10.005 11.201 6.545 7.012 11.482 5.303 4.975 5.723 5.252 7.887 4.072 5.369 4.808 5.453 5.065 3.768 10.351 8.736 7.937 7.859 2.086 9.028 6.787 7.514 6.645 5.445 7.429 6.203 9.297 4.666 4.789 11.950 7.565 6.742 7.306 11.416 11.837 -999.250 -999.250 -999.250 -999.250 -999.250 -999.250 -999.250 -999.250 -999.250 -999.250 -999.250 -999.250 -999.250 -999.250 -999.250 -999.250 -999.250 -999.250 -999.250 -999.250 -999.250 -999.250 -999.250 -999.250
14.203 11.325 13.932 9.231 9.716 10.591 8.189 13.154 6.353 10.390 9.900 9.247 6.478 8.178 10.899 5.167 1.507 4.432 2.137 7.006 6.761 3.595 2.642 4.409 5.753 7.939 5.960 4.503 5.504 6.624 5.997 7.521 4.815 6.894 1.578 4.629 6.071 1.390 4.565 7.525 4.484 5.637 6.671 10.169 9.403 -999.250 -999.250 -999.250 -999.250 -999.250 -999.250 -999.250 -999.250 -999.250 -999.250 -999.250 -999.250 -999.250 -999.250 -999.250 -999.250 -999.250 -999.250 -999.250 -999.250 -999.250 -999.250 -999.250 -999.250
16.072 13.721 10.263 12.331 12.098 9.856 8.865 8.279 10.149 9.519 8.986 7.398 8.585 8.459 7.994 10.420 6.674 8.134 6.301 4.670 5.156 5.203 4.513 6.455 5.386 8.806 8.316 8.893 2.726 6.882 4.150 4.794 7.096 4.509 3.967 7.020 9.883 7.318 7.830 3.191 5.956 9.829 8.998 8.272 -999.250 -999.250 -999.250 -999.250 -999.250 -999.250 -999.250 -999.250 -999.250 -999.250 -999.250 -999.250 -999.250 -999.250 -999.250 -999.250 -999.250 -999.250 -999.250 -999.250 -999.250 -999.250 -999.250 -999.250 -999.250
16.862 16.271 13.630 10.606 8.768 8.858 6.291 5.843 7.573 5.389 6.597 7.833 11.897 7.478 13.723 6.097 4.228 5.441 8.096 6.095 5.262 5.369 3.716 8.031 9.769 6.267 8.707 9.056 6.852 8.320 7.852 6.931 1.599 4.646 7.613 4.385 9.196 5.537 6.485 5.089 -999.250 -999.250 -999.250 -999.250 -999.250 -999.250 -999.250 -999.250 -999.250 -999.250 -999.250 -999.250 -999.250 -999.250 -999.250 -999.250 -999.250 -999.250 -999.250 -999.250 -999.250 -999.250 -999.250 -999.250 -999.250 -999.250 -999.250 -999.250 -999.250
18.588 14.217 11.988 9.998 9.236 8.507 7.634 8.479 3.928 8.829 7.586 6.701 6.774 9.336 14.197 14.963 7.810 5.165 6.835 10.877 7.787 6.903 5.207 7.536 9.161 5.553 8.189 5.178 6.195 9.911 6.470 5.014 2.448 9.078 7.606 4.579 7.762 4.048 -999.250 -999.250 -999.250 -999.250 -999.250 -999.250 -999.250 -999.250 -999.250 -999.250 -999.250 -999.250 -999.250 -999.250 -999.250 -999.250 -999.250 -999.250 -999.250 -999.250 -999.250 -999.250 -999.250 -999.250 -999.250 -999.250 -999.250 -999.250 -999.250 -999.250 -999.250
14.012 10.977 13.500 11.962 8.511 6.839 7.546 7.865 9.857 5.502 8.395 7.252 5.422 5.515 9.562 6.529 7.119 5.209 5.952 5.888 4.357 10.765 6.030 9.965 4.350 7.088 4.569 6.939 6.655 8.351 6.797 6.310 3.706 4.981 7.284 5.210 4.601 2.638 -999.250 -999.250 -999.250 -999.250 -999.250 -999.250 -999.250 -999.250 -999.250 -999.250 -999.250 -999.250 -999.250 -999.250 -999.250 -999.250 -999.250 -999.250 -999.250 -999.250 -999.250 -999.250 -999.250 -999.250 -999.250 -999.250 -999.250 -999.250 -999.250 -999.250 -999.250
15.189 9.444 14.481 11.181 12.146 11.154 9.111 7.830 9.383 11.024 7.876 9.908 8.473 5.338 8.559 8.230 4.266 5.260 3.094 6.114 9.707 9.782 5.257 7.750 9.936 6.433 5.871 7.518 7.016 7.368 6.482 3.057 8.815 3.185 2.796 7.231 5.747 2.061 -999.250 -999.250 -999.250 -999.250 -999.250 -999.250 -999.250 -999.250 -999.250 -999.250 -999.250 -999.250 -999.250 -999.250 -999.250 -999.250 -999.250 -999.250 -999.250 -999.250 -999.250 -999.250 -999.250 -999.250 -999.250 -999.250 -999.250 -999.250 -999.250 -999.250 -999.250
10.024 9.560 8.543 9.695 7.267 7.070 21.291 9.916 9.556 5.889 5.947 11.283 7.255 5.635 13.768 8.172 4.348 8.979 6.145 6.175 9.843 9.906 6.125 8.273 8.642 9.621 7.006 6.607 7.652 7.680 5.238 6.925 4.395 1.993 0.000 5.088 1.502 5.740 -999.250 -999.250 -999.250 -999.250 -999.250 -999.250 -999.250 -999.250 -999.250 -999.250 -999.250 -999.250 -999.250 -999.250 -999.250 -999.250 -999.250 -999.250 -999.250 -999.250 -999.250 -999.250 -999.250 -999.250 -999.250 -999.250 -999.250 -999.250 -999.250 -999.250 -999.250
16.279 14.991 7.024 11.444 8.939 12.314 8.820 12.679 12.757 9.262 11.275 7.983 9.046 10.988 11.281 5.163 5.574 5.316 7.549 7.790 7.941 6.987 8.872 9.399 7.331 8.134 7.211 2.874 5.136 8.484 4.411 7.294 5.372 7.755 1.093 5.326 4.533 4.869 -999.250 -999.250 -999.250 -999.250 -999.250 -999.250 -999.250 -999.250 -999.250 -999.250 -999.250 -999.250 -999.250 -999.250 -999.250 -999.250 -999.250 -999.250 -999.250 -999.250 -999.250 -999.250 -999.250 -999.250 -999.250 -999.250 -999.250 -999.250 -999.250 -999.250 -999.250
9.422 9.731 9.645 10.577 6.882 10.355 8.711 9.225 8.982 9.924 8.912 5.938 7.955 6.862 10.739 10.281 7.127 4.786 6.209 7.846 8.263 7.517 10.485 5.121 7.702 7.756 8.845 8.763 8.977 7.032 2.664 5.611 6.381 7.637 4.022 4.752 3.216 5.238 -999.250 -999.250 -999.250 -999.250 -999.250 -999.250 -999.250 -999.250 -999.250 -999.250 -999.250 -999.250 -999.250 -999.250 -999.250 -999.250 -999.250 -999.250 -999.250 -999.250 -999.250 -999.250 -999.250 -999.250 -999.250 -999.250 -999.250 -999.250 -999.250 -999.250 -999.250
9.999 5.616 10.911 8.545 9.545 8.605 6.201 9.471 6.092 9.002 10.055 11.440 10.344 12.875 10.366 13.089 6.528 10.125 7.708 7.340 6.883 9.496 6.993 8.528 8.632 5.893 7.631 3.020 2.924 5.783 7.115 4.327 2.050 9.560 2.904 8.211 5.272 5.004 2.511 3.599 -999.250 -999.250 -999.250 -999.250 -999.250 -999.250 -999.250 -999.250 -999.250 -999.250 -999.250 -999.250 -999.250 -999.250 -999.250 -999.250 -999.250 -999.250 -999.250 -999.250 -999.250 -999.250 -999.250 -999.250 -999.250 -999.250 -999.250 -999.250 -999.250
4.215 0.000 9.845 7.740 6.875 7.923 4.789 9.089 7.808 5.818 6.683 13.313 9.433 6.225 11.106 5.129 9.500 8.349 7.937 9.340 10.781 9.602 11.479 8.836 8.251 4.406 5.242 2.169 6.047 3.250 5.829 3.993 3.576 3.287 6.061 2.789 4.334 5.242 2.556 2.203 0.000 1.868 -999.250 -999.250 -999.250 -999.250 -999.250 -999.250 -999.250 -999.250 -999.250 -999.250 -999.250 -999.250 -999.250 -999.250 -999.250 -999.250 -999.250 -999.250 -999.250 -999.250 -999.250 -999.250 -999.250 -999.250 -999.250 -999.250 -999.250
6.681 7.975 9.596 6.152 5.044 8.077 11.513 6.704 3.319 6.397 4.370 8.624 6.126 8.600 3.236 7.774 7.661 8.467 5.580 9.389 12.553 6.065 7.702 10.130 7.573 4.110 5.566 1.841 5.610 7.114 8.970 9.182 6.720 2.254 4.868 6.041 5.438 4.235 2.897 4.534 3.747 5.771 -999.250 -999.250 -999.250 -999.250 -999.250 -999.250 -999.250 -999.250 -999.250 -999.250 -999.250 -999.250 -999.250 -999.250 -999.250 -999.250 -999.250 -999.250 -999.250 -999.250 -999.250 -999.250 -999.250 -999.250 -999.250 -999.250 -999.250
4.564 2.900 7.743 5.383 6.023 6.233 8.323 8.041 8.136 5.621 11.656 4.529 9.494 8.920 2.788 5.341 9.390 9.594 9.247 6.567 8.323 7.202 6.431 7.143 8.725 1.995 4.734 4.691 7.011 5.879 5.112 5.684 3.462 5.612 5.263 2.395 5.289 7.098 2.595 2.686 3.648 1.769 5.160 -999.250 -999.250 -999.250 -999.250 -999.250 -999.250 -999.250 -999.250 -999.250 -999.250 -999.250 -999.250 -999.250 -999.250 -999.250 -999.250 -999.250 -999.250 -999.250 -999.250 -999.250 -999.250 -999.250 -999.250 -999.250 -999.250
9.817 10.591 7.070 6.473 8.552 4.762 4.946 9.552 7.322 4.816 7.647 7.630 4.091 12.200 9.698 7.633 6.580 5.125 8.550 6.508 8.248 9.366 5.336 5.447 6.164 8.278 5.089 5.602 3.446 7.694 9.674 6.958 6.713 8.698 5.199 4.724 5.238 5.260 6.294 5.966 7.634 8.257 10.666 5.494 -999.250 -999.250 -999.250 -999.250 -999.250 -999.250 -999.250 -999.250 -999.250 -999.250 -999.250 -999.250 -999.250 -999.250 -999.250 -999.250 -999.250 -999.250 -999.250 -999.250 -999.250 -999.250 -999.250 -999.250 -999.250
5.749 5.594 10.330 7.467 8.397 7.794 7.699 8.228 7.014 7.531 8.029 9.826 7.487 6.870 5.926 2.221 1.826 5.889 5.458 6.213 6.845 5.779 6.012 7.158 5.632 4.766 5.862 6.956 7.751 9.884 4.650 4.888 9.637 7.614 2.739 7.619 5.804 9.412 7.580 5.658 5.273 3.345 4.732 8.158 -999.250 -999.250 -999.250 -999.250 -999.250 -999.250 -999.250 -999.250 -999.250 -999.250 -999.250 -999.250 -999.250 -999.250 -999.250 -999.250 -999.250 -999.250 -999.250 -999.250 -999.250 -999.250 -999.250 -999.250 -999.250
6.530 10.642 10.298 6.141 13.284 9.317 4.896 7.818 10.843 3.771 6.054 8.196 7.849 1.497 6.074 8.236 6.185 7.824 6.019 4.538 6.427 6.055 5.250 8.508 6.191 5.013 6.473 3.692 9.702 9.001 6.746 8.429 8.418 6.712 5.115 6.121 8.955 7.261 5.487 8.794 6.337 6.439 6.309 5.387 7.173 -999.250 -999.250 -999.250 -999.250 -999.250 -999.250 -999.250 -999.250 -999.250 -999.250 -999.250 -999.250 -999.250 -999.250 -999.250 -999.250 -999.250 -999.250 -999.250 -999.250 -999.250 -999.250 -999.250 -999.250
7.560 8.195 6.982 7.767 10.283 6.364 8.454 7.695 10.335 5.088 6.150 9.066 5.279 5.013 8.441 7.881 5.278 1.899 5.743 8.668 8.448 5.884 6.377 5.247 5.803 5.163 7.636 5.077 6.461 7.293 5.163 3.817 6.945 4.694 10.006 8.535 7.327 8.800 5.073 9.770 6.763 6.293 8.900 4.906 -999.250 -999.250 -999.250 -999.250 -999.250 -999.250 -999.250 -999.250 -999.250 -999.250 -999.250 -999.250 -999.250 -999.250 -999.250 -999.250 -999.250 -999.250 -999.250 -999.250 -999.250 -999.250 -999.250 -999.250 -999.250
4.834 6.356 8.032 5.928 4.979 5.091 6.209 7.897 6.105 5.294 7.847 7.460 5.591 6.475 7.789 5.277 7.403 6.333 5.426 7.981 5.321 6.748 4.935 7.072 5.411 7.619 3.198 7.063 4.809 7.818 6.557 4.535 5.315 9.204 8.391 7.014 2.633 5.063 9.693 6.070 8.215 4.681 2.116 5.657 -999.250 -999.250 -999.250 -999.250 -999.250 -999.250 -999.250 -999.250 -999.250 -999.250 -999.250 -999.250 -999.250 -999.250 -999.250 -999.250 -999.250 -999.250 -999.250 -999.250 -999.250 -999.250 -999.250 -999.250 -999.250
4.982 6.745 9.515 4.240 7.623 8.709 5.997 6.979 9.797 7.957 8.563 6.876 5.854 5.960 6.257 9.961 7.395 8.598 3.992 5.757 6.622 9.589 9.194 4.885 6.592 6.596 7.400 8.066 5.628 6.458 6.969 2.906 3.183 7.809 3.156 8.342 6.813 5.900 4.701 7.637 5.601 4.666 6.021 5.216 -999.250 -999.250 -999.250 -999.250 -999.250 -999.250 -999.250 -999.250 -999.250 -999.250 -999.250 -999.250 -999.250 -999.250 -999.250 -999.250 -999.250 -999.250 -999.250 -999.250 -999.250 -999.250 -999.250 -999.250 -999.250
2.502 0.000 4.483 5.125 5.603 5.668 5.162 7.050 7.204 4.706 5.364 2.883 3.245 6.175 5.244 5.761 6.510 5.397 5.392 5.136 2.743 6.854 9.686 8.966 5.808 4.880 4.406 7.809 6.542 4.926 6.426 4.696 7.775 3.878 5.492 5.618 5.475 5.713 8.963 9.654 7.455 7.291 4.754 6.161 -999.250 -999.250 -999.250 -999.250 -999.250 -999.250 -999.250 -999.250 -999.250 -999.250 -999.250 -999.250 -999.250 -999.250 -999.250 -999.250 -999.250 -999.250 -999.250 -999.250 -999.250 -999.250 -999.250 -999.250 -999.250
7.380 3.252 8.812 7.063 5.769 4.983 6.104 8.533 8.048 8.095 5.736 4.720 5.461 7.861 7.470 9.150 8.879 5.696 4.307 1.957 5.383 7.034 7.827 5.525 4.363 4.854 4.686 3.275 8.670 9.805 5.850 0.000 1.434 6.704 8.924 4.979 4.427 5.515 5.910 3.657 6.012 9.328 7.460 -999.250 -999.250 -999.250 -999.250 -999.250 -999.250 -999.250 -999.250 -999.250 -999.250 -999.250 -999.250 -999.250 -999.250 -999.250 -999.250 -999.250 -999.250 -999.250 -999.250 -999.250 -999.250 -999.250 -999.250 -999.250 -999.250
