data/medianmodel_23-Dec-2020.asc
ncols	141
nrows	288
xllcorner	-120191.398
yllcorner	-301404.813
cellsize	2000.000
NODATA_value	-999.250
[rows 145 to 173 of 288, columns 0 to 63 of 141]
-999.250 -999.250 -999.250 -999.250 -999.250 -999.250 -999.250 -999.250 -999.250 -999.250 -999.250 -999.250 -999.250 -999.250 -999.250 -999.250 -999.250 245.979 256.245 268.422 279.381 303.106 350.829 381.988 413.134 468.262 517.178 554.328 603.991 595.798 578.421 573.247 550.460 487.931 423.952 388.343 368.717 355.881 357.232 370.293 382.802 382.522 361.605 323.144 281.817 241.206 213.855 184.604 172.180 155.111 153.538 153.692 165.214 181.419 187.291 184.724 207.577 207.589 203.827 199.676 230.688 297.433 377.890 468.021
-999.250 -999.250 -999.250 -999.250 -999.250 -999.250 -999.250 -999.250 -999.250 -999.250 -999.250 -999.250 -999.250 -999.250 -999.250 276.110 291.649 279.547 290.990 294.749 310.096 368.323 376.365 392.276 461.087 496.836 538.108 587.969 607.605 594.588 568.405 543.298 531.212 457.606 406.200 372.536 356.538 323.761 318.704 361.053 380.036 426.531 367.464 318.426 280.880 218.407 193.225 167.810 154.737 146.390 152.469 166.394 196.747 214.271 227.326 227.282 242.268 276.117 268.719 263.496 276.682 355.571 415.821 545.140
-999.250 -999.250 -999.250 -999.250 -999.250 -999.250 -999.250 -999.250 -999.250 -999.250 -999.250 -999.250 -999.250 -999.250 286.081 295.165 310.512 331.038 349.816 365.150 373.742 389.025 396.772 440.092 496.797 524.706 550.828 582.872 602.938 589.883 566.681 559.952 478.196 458.924 379.591 334.577 302.766 274.460 297.906 317.221 357.090 373.575 351.663 294.403 263.742 229.289 185.611 157.023 153.030 152.709 151.515 174.817 226.370 272.953 260.106 252.750 270.770 287.642 289.470 287.828 309.943 382.787 484.576 583.501
-999.250 -999.250 -999.250 -999.250 -999.250 -999.250 -999.250 -999.250 -999.250 -999.250 -999.250 -999.250 -999.250 -999.250 324.577 328.465 346.265 362.022 382.768 382.922 390.291 415.163 451.219 472.870 505.360 547.819 559.208 582.971 583.426 592.371 567.400 536.108 496.571 422.278 371.589 309.982 288.877 234.210 271.797 290.896 315.791 331.972 316.245 267.614 244.855 227.294 193.421 160.836 151.067 147.136 161.090 184.597 226.348 249.428 248.913 263.984 270.308 294.193 304.098 319.885 355.305 416.857 531.958 642.904
-999.250 -999.250 -999.250 -999.250 -999.250 -999.250 -999.250 -999.250 -999.250 -999.250 -999.250 -999.250 -999.250 323.264 341.698 339.179 358.458 372.180 394.386 398.511 429.788 463.511 477.748 511.593 524.916 566.622 593.156 587.904 578.899 567.808 581.629 527.476 489.739 424.405 359.208 313.836 274.054 258.603 269.995 281.141 286.934 294.801 284.715 269.383 243.296 233.073 205.563 181.498 167.129 156.397 170.095 179.065 213.650 240.422 255.447 257.063 271.928 282.244 295.383 316.504 368.665 417.987 526.179 644.995
-999.250 -999.250 -999.250 -999.250 -999.250 -999.250 -999.250 -999.250 -999.250 -999.250 -999.250 -999.250 341.387 353.434 356.041 368.949 378.888 392.129 399.937 421.084 476.641 477.844 501.137 543.227 577.245 585.237 599.615 603.155 614.654 605.592 574.374 549.589 480.433 433.427 384.781 323.750 294.197 274.691 277.998 286.020 283.435 292.410 287.078 280.596 282.766 273.163 232.020 199.823 168.867 170.122 167.412 177.883 194.140 226.828 247.430 257.997 266.391 264.025 296.226 331.028 374.146 439.255 530.646 653.321
-999.250 -999.250 -999.250 -999.250 -999.250 -999.250 -999.250 -999.250 -999.250 -999.250 -999.250 352.129 353.811 359.404 370.238 377.769 385.461 398.716 413.584 454.711 477.516 509.106 528.278 541.872 590.387 620.849 610.360 635.165 617.242 606.155 569.168 536.102 471.342 415.146 392.120 360.161 297.256 307.373 291.788 284.489 287.407 279.323 289.960 288.344 296.442 337.142 254.047 208.160 196.666 164.438 164.895 165.615 173.322 201.041 223.778 242.553 255.959 268.642 292.607 311.783 369.155 419.901 534.176 624.680
-999.250 -999.250 -999.250 -999.250 -999.250 -999.250 -999.250 -999.250 -999.250 -999.250 360.618 357.614 360.397 362.270 380.528 382.292 399.284 420.790 454.318 463.979 501.997 510.795 533.388 579.903 618.097 648.213 643.975 648.814 616.104 627.357 573.243 520.932 468.707 439.945 398.325 366.707 327.674 314.420 291.698 290.411 285.355 278.046 283.405 292.838 286.605 292.018 261.877 199.383 183.414 169.600 165.024 169.540 184.611 197.894 198.971 233.668 232.338 250.843 275.778 302.448 373.916 409.930 495.643 589.975
-999.250 -999.250 -999.250 -999.250 -999.250 -999.250 -999.250 -999.250 -999.250 384.711 370.148 374.767 363.169 362.007 375.594 388.186 408.042 405.280 444.759 496.995 504.532 530.731 562.977 609.451 669.814 711.351 686.708 689.633 629.552 597.681 575.336 532.882 491.266 434.640 397.194 367.548 351.944 311.056 290.445 287.618 276.314 281.442 283.172 264.436 259.540 243.617 225.316 201.691 167.081 155.997 160.978 173.068 174.076 180.978 192.234 205.019 213.224 245.632 270.861 300.615 350.155 390.345 471.007 543.331
-999.250 -999.250 -999.250 -999.250 -999.250 415.007 437.719 420.370 395.171 387.471 383.225 374.169 359.927 365.175 349.192 382.016 396.933 400.228 431.256 469.224 504.275 537.334 557.695 622.734 703.308 753.146 721.454 709.217 664.878 630.201 579.099 540.735 503.279 462.877 414.839 394.040 363.839 326.623 301.940 278.888 278.222 267.356 257.820 238.833 229.231 210.620 184.843 168.145 158.197 154.629 154.684 161.953 171.913 178.681 176.905 170.615 181.334 209.727 228.458 269.819 317.152 369.284 411.552 494.162
-999.250 -999.250 -999.250 -999.250 -999.250 -999.250 -999.250 405.102 401.708 398.039 390.917 372.846 380.306 358.310 354.619 359.382 369.366 389.379 412.252 421.333 488.505 518.272 560.908 608.589 684.529 804.750 725.228 701.038 653.664 628.767 599.500 559.407 524.765 465.943 419.752 402.357 362.488 325.083 306.934 285.200 266.896 263.349 227.124 207.860 195.489 172.603 157.868 153.239 150.040 147.939 154.361 155.065 164.336 175.191 169.325 169.133 177.824 193.709 218.268 224.419 277.451 305.447 371.887 443.062
-999.250 -999.250 -999.250 -999.250 -999.250 -999.250 -999.250 422.783 412.065 412.116 392.984 374.682 365.969 339.465 321.802 325.664 344.885 354.211 379.830 391.458 433.674 489.946 540.450 590.055 638.782 703.798 675.225 635.239 634.464 636.309 597.127 540.728 510.717 461.325 432.766 393.295 368.769 353.920 317.572 282.368 259.135 218.922 197.975 190.032 173.558 162.967 155.647 153.739 148.263 153.491 152.145 152.585 162.162 153.819 149.034 160.118 159.084 181.203 200.392 221.685 245.433 279.667 313.410 362.731
-999.250 -999.250 -999.250 -999.250 -999.250 -999.250 -999.250 438.112 425.391 409.714 388.299 377.818 361.764 335.135 314.623 301.817 298.535 309.441 336.961 367.086 395.945 425.023 477.410 545.712 583.507 617.299 625.961 618.766 591.825 582.628 575.307 532.125 490.906 464.995 420.320 391.234 380.300 357.677 317.122 286.692 244.866 205.716 180.843 166.143 155.479 154.612 155.329 150.538 134.125 139.785 142.376 157.725 155.791 154.835 152.980 161.914 160.948 161.939 179.331 184.108 200.506 237.831 292.545 317.937
-999.250 -999.250 -999.250 -999.250 -999.250 -999.250 -999.250 435.098 442.838 427.559 402.361 387.827 365.963 333.053 300.163 285.021 266.205 280.813 290.895 332.913 367.978 396.610 419.544 495.873 536.294 571.105 583.361 574.346 573.279 568.199 553.937 519.108 491.300 467.184 448.083 411.453 383.743 370.860 314.011 273.508 229.609 197.519 160.019 149.826 143.199 139.309 139.948 138.348 135.043 139.127 140.234 144.753 158.705 165.954 147.981 153.424 155.165 162.072 159.942 166.075 171.753 186.620 210.662 241.002
-999.250 -999.250 -999.250 -999.250 -999.250 -999.250 -999.250 -999.250 459.639 440.617 414.676 379.333 363.536 309.569 269.599 254.258 241.997 243.818 254.899 273.104 311.177 348.332 390.354 426.397 482.285 502.014 511.634 524.893 530.085 525.407 517.070 501.956 475.417 473.874 431.042 417.284 390.607 374.195 304.576 267.408 232.653 178.430 153.800 135.997 133.808 133.067 138.505 147.782 146.674 133.998 141.603 154.075 160.866 164.290 153.986 160.521 159.420 156.222 164.813 150.112 155.468 152.309 166.327 186.842
-999.250 -999.250 -999.250 -999.250 -999.250 -999.250 -999.250 -999.250 464.159 471.862 405.359 380.381 347.773 299.253 267.725 238.892 215.970 225.091 216.877 243.611 258.450 296.651 346.170 396.507 424.590 451.881 483.844 488.395 476.505 491.601 467.251 440.129 455.707 446.831 440.886 453.634 442.720 380.244 311.824 264.373 210.935 169.996 150.053 137.962 130.132 136.023 133.709 141.121 156.891 158.574 162.113 172.474 154.676 170.695 163.663 158.211 160.269 157.830 170.061 173.219 162.091 151.191 150.086 153.075
-999.250 -999.250 -999.250 -999.250 -999.250 -999.250 -999.250 434.645 440.527 449.172 404.068 378.480 330.853 295.971 262.621 230.440 207.227 189.420 185.922 201.903 230.042 272.490 319.361 378.171 397.936 432.313 458.762 453.720 438.373 436.839 409.965 389.649 402.978 392.444 396.315 441.266 487.627 389.389 304.356 250.360 187.702 165.882 148.848 139.131 146.776 141.838 141.940 150.055 161.177 180.293 189.992 182.933 195.842 188.461 196.264 187.542 190.151 171.040 167.394 176.087 164.171 154.994 155.771 151.248
-999.250 -999.250 -999.250 -999.250 -999.250 -999.250 -999.250 417.862 417.736 408.095 394.712 376.978 322.896 287.693 265.111 238.628 210.855 185.800 199.570 183.038 197.470 259.635 314.756 367.165 386.723 411.550 422.653 414.904 403.006 394.832 370.893 365.061 353.118 360.601 371.685 383.628 394.551 340.705 277.968 228.129 172.977 162.229 154.539 148.517 147.767 156.403 155.531 190.150 199.372 217.998 235.403 207.683 217.786 251.022 249.994 232.351 235.152 216.478 206.836 191.135 184.727 167.267 176.633 171.809
-999.250 -999.250 -999.250 -999.250 -999.250 -999.250 -999.250 405.967 408.412 389.957 376.322 367.889 316.155 290.703 269.792 252.243 236.754 229.620 220.882 212.373 226.751 269.567 306.931 353.474 381.650 394.738 398.273 388.472 380.691 366.035 341.354 308.514 285.867 299.020 320.762 324.999 327.554 288.193 235.075 197.451 167.021 156.814 158.965 156.406 160.373 166.032 191.275 211.535 224.510 244.248 254.133 265.569 273.100 289.698 286.290 268.845 264.220 264.845 258.438 252.637 235.901 231.160 235.950 223.026
-999.250 -999.250 -999.250 -999.250 -999.250 -999.250 -999.250 393.124 405.219 382.057 370.981 348.576 341.880 316.365 284.234 271.495 259.324 252.514 250.026 256.598 272.273 300.726 344.758 359.129 383.995 390.995 391.817 387.615 357.187 322.658 286.251 249.121 254.238 258.238 281.115 290.892 285.706 257.924 225.651 190.561 172.798 181.103 179.041 160.179 180.000 187.389 217.075 255.809 266.824 267.805 283.226 291.804 311.752 344.058 339.753 362.686 331.488 347.359 337.298 340.308 305.006 290.848 288.830 280.041
-999.250 -999.250 -999.250 -999.250 -999.250 -999.250 385.513 386.621 384.837 394.273 377.290 367.013 355.748 319.063 318.931 300.948 294.448 296.462 297.168 299.168 338.333 362.247 374.251 377.457 412.275 398.746 407.164 384.286 358.188 320.742 263.361 213.899 220.127 235.476 263.055 263.688 245.245 226.321 223.654 212.552 191.602 187.743 171.730 191.793 201.945 212.537 241.751 270.688 300.828 335.908 349.962 354.566 367.490 378.954 400.907 399.788 398.179 414.647 416.184 399.879 384.513 367.528 347.340 326.707
-999.250 -999.250 -999.250 -999.250 -999.250 -999.250 377.186 384.738 387.821 387.003 378.672 370.625 356.821 349.261 342.888 325.912 329.992 336.166 348.505 358.269 384.344 389.527 405.885 425.436 431.744 440.003 424.239 399.230 384.791 314.899 274.098 238.733 215.666 232.122 233.318 260.984 237.081 248.890 227.418 218.775 190.622 202.795 208.099 200.554 222.141 247.127 264.981 281.837 322.127 364.261 374.504 400.098 411.805 432.667 470.904 478.605 480.129 495.235 494.664 483.444 477.956 437.415 391.525 382.080
-999.250 -999.250 -999.250 -999.250 -999.250 371.774 381.617 385.701 378.998 382.071 373.527 372.615 365.775 354.794 345.244 333.776 345.235 375.804 379.929 390.986 410.126 436.795 455.033 471.332 464.574 469.847 464.706 466.631 387.762 347.745 291.132 263.032 249.435 247.395 263.033 258.047 274.331 262.688 253.069 216.299 199.420 220.184 202.241 219.230 248.066 259.160 286.999 316.427 370.843 386.700 410.827 466.876 507.038 498.200 525.675 558.330 577.806 586.242 601.302 563.785 563.848 526.136 499.341 466.942
-999.250 -999.250 -999.250 -999.250 -999.250 377.515 379.840 377.691 383.570 366.872 372.893 380.746 366.036 358.498 359.925 360.993 375.485 388.716 402.954 423.052 481.676 507.215 522.776 507.437 501.986 474.283 474.783 446.798 393.303 366.356 323.937 288.646 281.633 281.389 277.016 285.849 275.013 277.586 255.239 229.120 218.009 212.042 232.128 258.887 259.765 291.649 324.552 366.100 395.501 440.639 491.002 529.604 544.510 595.882 591.565 616.326 647.232 675.205 687.986 714.892 642.865 585.628 596.613 552.322
-999.250 -999.250 -999.250 -999.250 366.630 368.463 362.352 371.756 370.841 361.392 377.288 373.366 368.072 366.327 361.052 368.664 381.982 396.219 426.007 456.102 502.136 545.754 565.274 532.969 519.909 485.123 469.502 451.280 390.848 366.976 324.051 310.913 309.175 318.079 311.409 313.020 303.310 294.858 275.276 250.675 225.407 207.224 237.555 269.726 288.828 313.245 362.309 386.059 431.264 477.230 509.865 584.067 627.222 653.669 697.838 708.312 785.327 798.789 800.360 800.615 778.315 754.189 683.446 675.844
-999.250 -999.250 -999.250 -999.250 360.074 365.675 363.918 348.273 353.784 352.762 367.118 363.936 359.693 367.735 367.047 386.515 396.149 411.295 438.938 489.922 525.707 566.658 610.642 558.210 534.297 495.778 486.153 434.567 394.595 367.818 341.314 344.933 326.738 352.386 353.357 356.995 341.854 311.179 287.612 266.022 245.145 228.181 248.353 273.997 295.847 345.197 372.748 427.239 483.901 507.181 594.675 675.958 699.841 730.192 771.238 775.307 957.613 978.152 958.163 985.891 966.762 876.033 766.504 711.952
-999.250 -999.250 -999.250 -999.250 353.473 358.884 364.715 350.423 355.730 352.247 358.942 358.148 355.619 357.527 358.095 374.281 387.218 405.791 460.947 496.204 546.208 570.451 563.089 557.621 520.501 497.511 449.308 425.723 397.202 375.717 364.523 370.479 363.789 380.974 387.811 397.080 374.049 344.364 296.751 268.906 236.763 236.489 240.445 267.251 299.531 352.212 387.274 465.704 507.440 549.876 655.562 725.595 799.215 956.418 952.633 964.513 1070.251 1133.705 1125.119 1144.224 1080.915 970.877 849.821 763.141
-999.250 -999.250 -999.250 -999.250 346.178 347.867 338.566 351.879 337.196 342.547 343.742 354.566 349.945 344.034 365.586 382.923 386.334 412.872 465.084 505.926 518.405 536.527 535.241 512.705 509.191 488.921 456.263 419.174 399.455 368.325 377.218 375.494 370.380 384.882 404.681 432.026 387.624 355.787 298.882 277.077 260.612 245.539 250.614 265.251 308.836 350.555 388.828 466.238 531.675 596.098 659.089 769.639 908.073 992.506 1034.139 1143.467 1170.052 1209.409 1207.806 1199.967 1183.549 1064.999 977.154 932.455
-999.250 -999.250 -999.250 -999.250 345.116 342.472 332.906 347.961 353.027 352.159 354.758 333.747 363.553 369.933 358.777 371.988 384.940 428.240 467.027 514.576 516.936 525.006 520.774 495.748 469.543 441.236 422.925 391.860 387.091 373.551 372.942 360.999 368.465 385.332 390.108 391.203 372.332 337.968 309.304 288.986 276.167 242.216 246.789 268.584 299.131 352.792 402.959 470.997 573.858 635.749 731.343 862.553 1038.003 1117.146 1219.656 1253.557 1359.564 1370.126 1370.617 1308.871 1242.035 1196.706 1123.642 988.534
