data/medianmodel_05-Nov-2020.asc
ncols	141
nrows	288
xllcorner	-120191.398
yllcorner	-301404.813
cellsize	2000.000
NODATA_value	-999.250
[rows 203 to 231 of 288, columns 0 to 64 of 141]
-999.250 -999.250 -999.250 -999.250 -999.250 -999.250 -999.250 -999.250 -999.250 -999.250 -999.250 -999.250 -999.250 -999.250 356.103 367.928 332.640 334.644 340.836 362.288 360.385 350.370 349.797 -999.250 -999.250 -999.250 380.466 370.892 347.845 390.150 396.573 361.290 371.310 366.840 349.919 327.059 312.558 292.844 251.895 241.533 259.446 223.868 201.314 187.736 203.584 209.916 222.511 210.091 214.770 217.947 215.916 247.575 254.545 258.082 273.212 273.689 266.261 282.351 261.223 260.104 266.090 256.656 261.518 276.995 297.797
-999.250 -999.250 -999.250 -999.250 -999.250 -999.250 -999.250 -999.250 -999.250 -999.250 -999.250 -999.250 -999.250 323.342 304.216 335.152 311.482 297.705 328.262 327.197 385.412 344.873 -999.250 -999.250 -999.250 -999.250 -999.250 372.292 338.591 348.793 391.977 367.852 346.419 342.471 322.217 319.897 283.667 262.652 259.488 233.684 228.538 224.800 184.682 188.338 199.779 213.453 224.134 212.337 208.983 211.694 222.804 222.564 231.000 237.847 266.051 255.321 265.285 260.044 285.074 301.637 258.954 269.874 273.162 261.153 281.349
-999.250 -999.250 -999.250 -999.250 -999.250 -999.250 -999.250 -999.250 -999.250 -999.250 -999.250 -999.250 -999.250 309.481 291.860 316.808 333.963 314.192 319.479 330.233 -999.250 -999.250 -999.250 -999.250 -999.250 -999.250 -999.250 -999.250 368.165 336.250 366.369 341.016 351.372 338.482 291.559 322.642 257.198 253.300 268.144 234.370 207.985 227.142 196.483 203.543 201.961 225.214 241.576 228.347 217.969 223.311 230.441 221.381 244.208 237.039 243.788 254.049 264.218 252.874 242.250 264.907 250.358 266.790 239.913 248.996 273.626
-999.250 -999.250 -999.250 -999.250 -999.250 -999.250 -999.250 -999.250 -999.250 -999.250 -999.250 -999.250 265.641 282.333 -999.250 -999.250 -999.250 -999.250 -999.250 -999.250 -999.250 -999.250 -999.250 -999.250 -999.250 -999.250 -999.250 -999.250 -999.250 336.756 368.445 363.436 280.644 297.039 252.896 239.390 268.609 242.201 237.536 224.888 227.548 206.233 181.746 192.479 212.076 214.195 224.045 217.199 211.875 221.772 215.555 230.845 229.596 237.121 248.581 235.851 242.995 248.884 247.842 247.491 249.553 231.998 225.211 236.399 290.086
-999.250 -999.250 -999.250 -999.250 -999.250 -999.250 -999.250 -999.250 -999.250 -999.250 -999.250 -999.250 -999.250 -999.250 -999.250 -999.250 -999.250 -999.250 -999.250 -999.250 -999.250 -999.250 -999.250 -999.250 -999.250 -999.250 -999.250 -999.250 -999.250 -999.250 365.449 336.525 268.010 299.187 279.544 250.219 266.870 210.135 219.670 233.954 215.996 219.826 188.716 218.337 209.999 216.123 207.384 194.959 223.246 214.363 211.896 218.467 220.527 215.392 231.934 243.543 230.037 252.945 237.709 246.294 259.018 248.306 246.886 279.099 259.001
-999.250 -999.250 -999.250 -999.250 -999.250 -999.250 -999.250 -999.250 -999.250 -999.250 -999.250 -999.250 -999.250 -999.250 -999.250 -999.250 -999.250 -999.250 -999.250 -999.250 -999.250 -999.250 -999.250 -999.250 -999.250 -999.250 -999.250 -999.250 -999.250 -999.250 331.341 326.742 269.193 302.263 260.081 267.579 290.780 216.808 234.920 224.372 212.217 220.003 199.734 204.315 202.678 203.906 200.805 206.638 208.651 224.537 211.931 219.980 226.142 240.004 237.705 236.018 222.690 225.893 228.502 238.353 248.841 262.468 241.642 254.988 272.586
-999.250 -999.250 -999.250 -999.250 -999.250 -999.250 -999.250 -999.250 -999.250 -999.250 -999.250 -999.250 -999.250 -999.250 -999.250 -999.250 -999.250 -999.250 -999.250 -999.250 -999.250 -999.250 -999.250 -999.250 -999.250 -999.250 -999.250 -999.250 -999.250 -999.250 298.260 306.861 300.102 268.969 237.543 263.129 253.394 238.498 234.377 227.012 221.685 211.840 202.923 221.902 191.712 195.789 205.544 210.888 204.140 206.406 193.812 221.981 220.419 227.572 219.817 212.868 223.903 227.902 243.120 242.677 251.473 254.311 251.870 250.626 274.256
-999.250 -999.250 -999.250 -999.250 -999.250 -999.250 -999.250 -999.250 -999.250 -999.250 -999.250 -999.250 -999.250 -999.250 -999.250 -999.250 -999.250 -999.250 -999.250 -999.250 -999.250 -999.250 -999.250 -999.250 -999.250 -999.250 -999.250 -999.250 -999.250 -999.250 -999.250 290.004 305.896 285.619 273.433 268.692 251.280 244.311 221.325 229.309 226.029 215.172 180.118 203.281 219.026 205.643 213.052 211.670 227.703 204.503 206.721 213.627 189.010 198.168 202.989 198.717 200.894 220.768 227.248 239.385 248.360 246.676 227.221 242.456 273.300
-999.250 -999.250 -999.250 -999.250 -999.250 -999.250 -999.250 -999.250 -999.250 -999.250 -999.250 -999.250 -999.250 -999.250 -999.250 -999.250 -999.250 -999.250 -999.250 -999.250 -999.250 -999.250 -999.250 -999.250 -999.250 -999.250 -999.250 -999.250 -999.250 -999.250 -999.250 306.841 323.236 297.371 272.816 273.419 266.364 268.279 247.435 254.886 220.216 214.612 197.269 217.987 220.958 215.306 203.153 215.476 203.949 219.467 195.132 199.830 194.144 200.751 199.252 211.621 214.481 205.461 206.710 197.334 206.418 216.519 226.543 227.987 255.156
-999.250 -999.250 -999.250 -999.250 -999.250 -999.250 -999.250 -999.250 -999.250 -999.250 -999.250 -999.250 -999.250 -999.250 -999.250 -999.250 -999.250 -999.250 -999.250 -999.250 -999.250 -999.250 -999.250 -999.250 -999.250 -999.250 -999.250 -999.250 -999.250 -999.250 -999.250 302.971 335.430 302.026 298.708 300.332 300.001 268.642 270.520 250.687 238.158 244.206 231.393 231.786 229.998 218.509 212.231 213.191 215.872 216.762 187.689 196.011 217.730 217.593 188.697 218.849 211.514 192.471 165.971 180.203 174.102 193.880 197.649 229.889 225.118
-999.250 -999.250 -999.250 -999.250 -999.250 -999.250 -999.250 -999.250 -999.250 -999.250 -999.250 -999.250 -999.250 -999.250 -999.250 -999.250 -999.250 -999.250 -999.250 -999.250 -999.250 -999.250 -999.250 -999.250 -999.250 -999.250 -999.250 -999.250 -999.250 -999.250 -999.250 311.874 308.594 298.586 324.761 307.814 313.419 274.310 277.472 254.023 257.627 253.347 223.779 228.952 227.491 232.105 233.570 225.015 212.680 212.808 181.945 204.496 231.321 180.892 179.956 202.985 191.658 161.578 167.361 137.197 135.902 144.095 182.316 176.340 176.232
-999.250 -999.250 -999.250 -999.250 -999.250 -999.250 -999.250 -999.250 -999.250 -999.250 -999.250 -999.250 -999.250 -999.250 -999.250 -999.250 -999.250 -999.250 -999.250 -999.250 -999.250 -999.250 -999.250 -999.250 -999.250 -999.250 -999.250 -999.250 -999.250 -999.250 -999.250 313.579 290.979 315.959 306.778 284.677 290.174 284.522 278.771 271.878 284.327 256.314 227.350 238.803 244.197 240.915 239.068 228.512 233.006 210.978 197.770 211.790 197.309 220.348 185.579 182.892 181.984 166.095 137.611 128.485 117.060 121.057 124.638 125.742 141.690
-999.250 -999.250 -999.250 -999.250 -999.250 -999.250 -999.250 -999.250 -999.250 -999.250 -999.250 -999.250 -999.250 -999.250 -999.250 -999.250 -999.250 -999.250 -999.250 -999.250 -999.250 -999.250 -999.250 -999.250 -999.250 -999.250 -999.250 -999.250 -999.250 -999.250 -999.250 317.664 284.580 310.039 318.946 280.011 284.505 272.668 285.408 284.312 288.186 262.022 259.601 256.150 236.469 255.805 240.572 239.039 252.215 237.152 227.651 209.922 201.649 201.716 188.276 162.699 157.541 136.436 110.965 110.705 101.321 94.051 93.180 97.685 96.023
-999.250 -999.250 -999.250 -999.250 -999.250 -999.250 -999.250 -999.250 -999.250 -999.250 -999.250 -999.250 -999.250 -999.250 -999.250 -999.250 -999.250 -999.250 -999.250 -999.250 -999.250 -999.250 -999.250 -999.250 -999.250 -999.250 -999.250 -999.250 -999.250 -999.250 -999.250 300.829 274.536 311.281 264.781 296.552 279.054 299.104 310.885 343.029 330.033 275.906 299.766 289.904 276.458 283.140 258.959 236.555 233.176 242.947 227.867 212.774 203.763 202.310 188.431 172.909 145.971 123.841 123.094 86.078 81.813 69.747 63.063 61.150 50.747
-999.250 -999.250 -999.250 -999.250 -999.250 -999.250 -999.250 -999.250 -999.250 -999.250 -999.250 -999.250 -999.250 -999.250 -999.250 -999.250 -999.250 -999.250 -999.250 -999.250 -999.250 -999.250 -999.250 -999.250 -999.250 -999.250 -999.250 -999.250 -999.250 -999.250 -999.250 278.223 295.494 265.933 278.284 270.554 277.284 267.480 283.106 327.126 289.303 295.973 299.990 299.628 278.374 272.002 270.143 281.209 252.770 244.250 228.722 208.004 196.634 199.872 185.037 166.123 138.994 126.378 121.047 93.977 83.200 72.454 61.297 64.499 38.364
-999.250 -999.250 -999.250 -999.250 -999.250 -999.250 -999.250 -999.250 -999.250 -999.250 -999.250 -999.250 -999.250 -999.250 -999.250 -999.250 -999.250 -999.250 -999.250 -999.250 -999.250 -999.250 -999.250 -999.250 -999.250 -999.250 -999.250 -999.250 -999.250 -999.250 -999.250 275.866 255.783 288.619 261.412 255.120 279.874 308.994 292.509 323.615 296.958 305.910 312.383 307.257 260.731 263.814 261.993 269.268 271.056 246.885 237.408 226.686 211.447 216.137 200.869 158.505 146.115 130.508 108.683 94.800 89.766 78.006 87.796 80.904 62.738
-999.250 -999.250 -999.250 -999.250 -999.250 -999.250 -999.250 -999.250 -999.250 -999.250 -999.250 -999.250 -999.250 -999.250 -999.250 -999.250 -999.250 -999.250 -999.250 -999.250 -999.250 -999.250 -999.250 -999.250 -999.250 -999.250 -999.250 -999.250 -999.250 -999.250 -999.250 264.749 271.725 239.031 239.744 245.029 268.935 273.172 268.941 319.002 308.029 321.060 321.805 291.791 291.254 261.639 257.131 282.235 252.564 227.092 245.764 271.342 222.472 239.974 207.526 208.930 184.761 147.040 122.477 104.611 118.055 114.692 95.811 101.037 97.435
-999.250 -999.250 -999.250 -999.250 -999.250 -999.250 -999.250 -999.250 -999.250 -999.250 -999.250 -999.250 -999.250 -999.250 -999.250 -999.250 -999.250 -999.250 -999.250 -999.250 -999.250 -999.250 -999.250 -999.250 -999.250 -999.250 -999.250 -999.250 -999.250 -999.250 -999.250 251.014 247.666 245.594 222.654 223.434 256.866 296.556 301.453 301.053 293.024 322.234 321.846 303.557 315.920 266.392 277.092 263.479 248.666 223.852 240.731 253.313 247.092 242.338 231.379 198.283 204.650 152.781 138.813 133.631 127.051 122.063 102.939 118.066 130.416
-999.250 -999.250 -999.250 -999.250 -999.250 -999.250 -999.250 -999.250 -999.250 -999.250 -999.250 -999.250 -999.250 -999.250 -999.250 -999.250 -999.250 -999.250 -999.250 -999.250 -999.250 -999.250 -999.250 -999.250 -999.250 -999.250 -999.250 -999.250 -999.250 -999.250 -999.250 278.877 267.885 239.977 232.538 250.484 249.966 274.756 269.920 295.439 283.235 321.046 277.392 258.704 289.356 268.714 298.604 267.880 273.215 246.039 258.321 259.417 258.755 243.212 236.779 212.057 193.625 178.099 188.364 148.067 152.498 137.407 139.534 143.387 150.283
-999.250 -999.250 -999.250 -999.250 -999.250 -999.250 -999.250 -999.250 -999.250 -999.250 -999.250 -999.250 -999.250 -999.250 -999.250 -999.250 -999.250 -999.250 -999.250 -999.250 -999.250 -999.250 -999.250 -999.250 -999.250 -999.250 -999.250 -999.250 -999.250 -999.250 -999.250 259.881 252.352 226.351 231.100 209.550 239.785 244.037 244.607 266.216 270.148 271.199 295.734 284.698 300.962 254.157 270.474 256.951 252.186 284.083 270.417 279.116 285.222 253.054 243.207 242.063 215.955 202.265 199.165 196.052 180.123 150.233 177.430 184.151 185.751
-999.250 -999.250 -999.250 -999.250 -999.250 -999.250 -999.250 -999.250 -999.250 -999.250 -999.250 -999.250 -999.250 -999.250 -999.250 -999.250 -999.250 -999.250 -999.250 -999.250 -999.250 -999.250 -999.250 -999.250 -999.250 -999.250 -999.250 -999.250 -999.250 -999.250 311.856 309.422 275.274 243.650 232.303 235.601 223.418 240.160 224.196 233.698 250.859 241.891 259.833 270.658 283.183 270.908 250.037 225.974 238.645 257.733 256.866 284.318 258.384 252.324 240.384 242.282 219.246 223.792 215.323 224.953 204.536 196.147 200.479 195.954 202.568
-999.250 -999.250 -999.250 -999.250 -999.250 -999.250 -999.250 -999.250 -999.250 -999.250 -999.250 -999.250 -999.250 -999.250 -999.250 -999.250 -999.250 -999.250 -999.250 -999.250 -999.250 -999.250 -999.250 -999.250 -999.250 -999.250 -999.250 -999.250 -999.250 -999.250 337.647 303.717 277.874 264.857 237.234 222.753 217.875 219.486 205.245 198.263 233.674 227.686 235.125 257.157 254.234 265.903 252.217 255.341 252.207 249.940 259.563 261.898 280.255 257.286 258.486 291.439 237.398 242.310 239.950 230.711 205.462 222.453 241.273 225.105 252.786
-999.250 -999.250 -999.250 -999.250 -999.250 -999.250 -999.250 -999.250 -999.250 -999.250 -999.250 -999.250 -999.250 -999.250 -999.250 -999.250 -999.250 -999.250 -999.250 -999.250 -999.250 -999.250 -999.250 -999.250 -999.250 -999.250 -999.250 -999.250 -999.250 -999.250 328.771 295.435 294.733 285.081 274.042 233.230 219.674 194.809 210.682 197.441 197.886 207.003 223.734 232.031 222.732 235.340 247.654 244.373 232.087 266.636 260.008 250.831 284.863 270.395 294.409 301.583 279.189 279.952 277.742 260.672 252.376 246.895 256.426 264.402 253.375
-999.250 -999.250 -999.250 -999.250 -999.250 -999.250 -999.250 -999.250 -999.250 -999.250 -999.250 -999.250 -999.250 -999.250 -999.250 -999.250 -999.250 -999.250 -999.250 -999.250 -999.250 -999.250 -999.250 -999.250 -999.250 -999.250 -999.250 -999.250 -999.250 -999.250 340.486 321.367 334.477 321.202 256.136 231.738 188.292 182.321 172.400 183.007 174.659 203.465 217.843 220.029 217.135 223.644 240.242 260.302 241.874 242.075 251.926 276.109 281.566 292.321 295.036 328.304 337.132 311.245 294.363 293.071 293.855 285.659 281.340 273.822 292.443
-999.250 -999.250 -999.250 -999.250 -999.250 -999.250 -999.250 -999.250 -999.250 -999.250 -999.250 -999.250 -999.250 -999.250 -999.250 -999.250 -999.250 -999.250 -999.250 -999.250 -999.250 -999.250 -999.250 -999.250 -999.250 -999.250 -999.250 -999.250 -999.250 395.537 392.058 384.016 358.584 335.352 263.045 209.583 183.854 154.909 166.170 143.088 155.197 171.489 174.409 208.655 212.388 232.912 218.789 211.160 228.210 235.228 259.473 286.489 270.265 289.452 288.910 309.975 295.781 305.927 307.013 293.055 310.212 289.495 282.342 310.714 305.848
-999.250 -999.250 -999.250 -999.250 -999.250 -999.250 -999.250 -999.250 -999.250 -999.250 -999.250 -999.250 -999.250 -999.250 -999.250 -999.250 -999.250 -999.250 -999.250 -999.250 -999.250 -999.250 -999.250 -999.250 -999.250 -999.250 -999.250 -999.250 -999.250 490.713 425.628 395.201 378.299 334.913 292.624 192.355 139.691 131.372 128.688 139.083 146.596 136.982 152.248 175.772 182.275 183.915 224.286 217.755 223.542 219.980 245.825 251.969 240.564 269.193 297.789 278.529 293.386 277.107 305.091 288.040 301.429 302.545 281.860 269.399 323.212
-999.250 -999.250 -999.250 -999.250 -999.250 -999.250 -999.250 -999.250 -999.250 -999.250 -999.250 -999.250 -999.250 -999.250 -999.250 -999.250 -999.250 -999.250 -999.250 -999.250 -999.250 -999.250 -999.250 -999.250 -999.250 -999.250 -999.250 -999.250 506.426 541.353 485.783 464.666 414.796 371.901 289.476 206.115 104.199 103.902 125.914 123.441 109.839 104.402 123.605 140.598 167.490 191.199 207.090 205.843 195.299 213.579 225.003 237.671 248.793 258.867 266.679 266.378 283.473 304.929 295.720 299.544 304.239 288.971 296.208 269.552 320.442
-999.250 -999.250 -999.250 -999.250 -999.250 -999.250 -999.250 -999.250 -999.250 -999.250 -999.250 -999.250 -999.250 -999.250 -999.250 -999.250 -999.250 -999.250 -999.250 -999.250 -999.250 -999.250 -999.250 -999.250 -999.250 -999.250 -999.250 -999.250 563.968 653.866 671.794 552.354 452.813 407.475 322.676 232.220 175.905 137.160 129.028 137.645 120.731 129.068 141.133 165.772 159.558 168.713 181.405 182.916 175.862 209.317 204.312 214.018 233.753 250.004 255.646 267.548 282.633 280.939 282.252 310.855 295.342 283.304 294.996 250.438 279.359
-999.250 -999.250 -999.250 -999.250 -999.250 -999.250 -999.250 -999.250 -999.250 -999.250 -999.250 -999.250 -999.250 -999.250 -999.250 -999.250 -999.250 -999.250 -999.250 -999.250 -999.250 -999.250 -999.250 -999.250 -999.250 -999.250 -999.250 540.970 612.803 602.524 673.599 611.683 546.087 431.507 373.018 295.393 214.271 178.953 147.415 140.230 134.877 136.719 136.027 143.902 155.800 146.808 182.033 196.475 180.899 174.262 213.762 206.616 216.792 243.996 228.324 240.218 254.781 231.907 288.037 275.587 271.138 276.184 282.449 271.470 272.680
