data/medianmodel_24-Nov-2020.asc
ncols	141
nrows	288
xllcorner	-120191.398
yllcorner	-301404.813
cellsize	2000.000
NODATA_value	-999.250
[rows 252 to 279 of 288, columns 0 to 64 of 141]
-999.250 -999.250 -999.250 -999.250 -999.250 -999.250 -999.250 -999.250 -999.250 -999.250 -999.250 -999.250 -999.250 -999.250 -999.250 -999.250 -999.250 -999.250 -999.250 -999.250 -999.250 -999.250 -999.250 -999.250 -999.250 -999.250 -999.250 -999.250 -999.250 432.039 419.378 443.710 434.892 466.472 498.690 444.929 443.269 455.971 455.329 427.510 450.950 427.937 426.510 425.643 402.468 380.161 347.356 325.959 303.447 241.476 225.291 215.364 177.785 192.716 183.793 168.575 165.853 163.156 181.690 218.307 209.211 226.792 237.390 234.057 217.707
-999.250 -999.250 -999.250 -999.250 -999.250 -999.250 -999.250 -999.250 -999.250 -999.250 -999.250 -999.250 -999.250 -999.250 -999.250 -999.250 -999.250 -999.250 -999.250 -999.250 -999.250 -999.250 -999.250 -999.250 -999.250 -999.250 -999.250 -999.250 -999.250 -999.250 445.925 445.043 452.141 456.935 455.678 473.406 453.322 452.395 476.898 459.005 422.522 424.920 424.007 415.460 396.349 376.281 326.685 305.436 290.504 270.730 256.432 227.140 211.133 217.541 178.217 172.758 168.230 174.522 199.608 191.973 211.934 205.832 214.215 211.402 196.951
-999.250 -999.250 -999.250 -999.250 -999.250 -999.250 -999.250 -999.250 -999.250 -999.250 -999.250 -999.250 -999.250 -999.250 -999.250 -999.250 -999.250 -999.250 -999.250 -999.250 -999.250 -999.250 -999.250 -999.250 -999.250 -999.250 -999.250 -999.250 -999.250 -999.250 429.148 413.985 448.298 499.548 437.671 462.409 444.690 435.275 440.688 440.066 421.466 431.922 408.209 413.562 397.534 370.063 336.493 289.874 296.127 268.298 245.941 230.283 229.780 214.753 198.844 192.006 166.692 172.214 201.908 220.782 206.463 205.553 181.978 178.005 174.852
-999.250 -999.250 -999.250 -999.250 -999.250 -999.250 -999.250 -999.250 -999.250 -999.250 -999.250 -999.250 -999.250 -999.250 -999.250 -999.250 -999.250 -999.250 -999.250 -999.250 -999.250 -999.250 -999.250 -999.250 -999.250 -999.250 -999.250 -999.250 -999.250 -999.250 -999.250 380.632 405.258 453.827 425.982 436.802 452.022 433.720 440.914 430.531 429.733 412.348 435.843 422.947 388.015 368.130 340.033 321.097 302.480 287.556 268.088 214.993 244.969 220.029 200.072 216.287 206.521 184.826 181.930 204.212 201.982 209.120 191.148 168.180 158.136
-999.250 -999.250 -999.250 -999.250 -999.250 -999.250 -999.250 -999.250 -999.250 -999.250 -999.250 -999.250 -999.250 -999.250 -999.250 -999.250 -999.250 -999.250 -999.250 -999.250 -999.250 -999.250 -999.250 -999.250 -999.250 -999.250 -999.250 -999.250 -999.250 -999.250 -999.250 383.696 408.793 395.568 411.501 409.606 435.063 411.482 427.930 424.918 429.885 414.872 412.316 420.576 406.342 364.245 353.363 333.618 329.687 301.346 288.746 266.427 252.912 235.311 230.161 208.053 219.161 195.077 213.746 182.139 191.726 178.831 156.433 156.876 130.220
-999.250 -999.250 -999.250 -999.250 -999.250 -999.250 -999.250 -999.250 -999.250 -999.250 -999.250 -999.250 -999.250 -999.250 -999.250 -999.250 -999.250 -999.250 -999.250 -999.250 -999.250 -999.250 -999.250 -999.250 -999.250 -999.250 -999.250 -999.250 -999.250 -999.250 368.474 379.911 400.744 387.610 357.437 375.925 425.765 422.618 423.660 435.830 416.728 423.409 391.424 411.534 382.496 351.488 352.813 341.414 333.541 328.396 297.696 278.644 273.451 255.989 220.101 209.737 192.449 222.119 178.774 175.385 173.624 174.519 152.086 132.041 74.349
-999.250 -999.250 -999.250 -999.250 -999.250 -999.250 -999.250 -999.250 -999.250 -999.250 -999.250 -999.250 -999.250 -999.250 -999.250 -999.250 -999.250 -999.250 -999.250 -999.250 -999.250 -999.250 -999.250 -999.250 -999.250 -999.250 -999.250 -999.250 -999.250 -999.250 390.840 392.463 379.559 382.566 392.029 388.777 408.270 418.307 436.765 439.357 436.342 418.474 397.101 384.146 371.562 373.864 367.750 352.551 348.991 308.912 309.828 312.047 305.306 255.095 216.500 208.986 201.455 200.550 176.951 178.568 185.083 192.775 155.475 137.604 127.969
-999.250 -999.250 -999.250 -999.250 -999.250 -999.250 -999.250 -999.250 -999.250 -999.250 -999.250 -999.250 -999.250 -999.250 -999.250 -999.250 -999.250 -999.250 -999.250 -999.250 -999.250 -999.250 -999.250 -999.250 -999.250 -999.250 -999.250 -999.250 -999.250 -999.250 392.166 387.872 384.987 363.691 390.360 399.598 407.550 415.888 435.969 434.872 447.920 413.817 405.893 394.907 379.486 374.332 380.675 350.941 340.593 356.803 290.425 277.897 292.726 270.614 248.403 212.445 208.885 191.010 201.051 195.441 215.464 185.259 171.850 150.345 147.230
-999.250 -999.250 -999.250 -999.250 -999.250 -999.250 -999.250 -999.250 -999.250 -999.250 -999.250 -999.250 -999.250 -999.250 -999.250 -999.250 -999.250 -999.250 -999.250 -999.250 -999.250 -999.250 -999.250 -999.250 -999.250 -999.250 -999.250 -999.250 -999.250 -999.250 373.639 387.295 373.730 370.008 392.832 386.664 411.561 390.930 425.081 438.926 424.168 424.585 395.421 395.835 393.114 403.545 377.491 361.017 361.834 337.209 293.170 277.952 290.384 255.618 249.317 231.937 191.887 213.383 203.031 208.283 213.496 214.703 218.229 188.444 175.143
-999.250 -999.250 -999.250 -999.250 -999.250 -999.250 -999.250 -999.250 -999.250 -999.250 -999.250 -999.250 -999.250 -999.250 -999.250 -999.250 -999.250 -999.250 -999.250 -999.250 -999.250 -999.250 -999.250 -999.250 -999.250 -999.250 -999.250 -999.250 -999.250 -999.250 360.223 374.730 363.075 367.111 370.624 394.810 394.667 425.827 425.055 425.864 421.504 403.557 433.662 418.583 395.649 400.122 380.046 361.018 324.530 319.267 312.256 286.560 301.458 256.515 275.459 228.439 232.899 222.613 225.875 212.773 218.049 221.103 222.984 222.199 188.110
-999.250 -999.250 -999.250 -999.250 -999.250 -999.250 -999.250 -999.250 -999.250 -999.250 -999.250 -999.250 -999.250 -999.250 -999.250 -999.250 -999.250 -999.250 -999.250 -999.250 -999.250 -999.250 -999.250 -999.250 -999.250 -999.250 -999.250 -999.250 -999.250 -999.250 320.087 338.633 328.853 361.935 358.009 381.147 382.871 419.326 414.073 431.369 424.207 416.816 416.651 434.623 404.678 387.560 378.713 348.817 347.819 322.299 294.397 277.341 304.321 259.909 259.661 231.991 223.414 237.884 252.014 237.247 227.186 220.072 254.891 240.527 216.421
-999.250 -999.250 -999.250 -999.250 -999.250 -999.250 -999.250 -999.250 -999.250 -999.250 -999.250 -999.250 -999.250 -999.250 -999.250 -999.250 -999.250 -999.250 -999.250 -999.250 -999.250 -999.250 -999.250 -999.250 -999.250 -999.250 -999.250 -999.250 -999.250 290.407 292.240 310.444 320.850 319.946 354.806 398.962 396.073 384.966 426.794 451.452 447.304 416.941 404.257 414.147 402.365 404.596 394.472 372.481 353.989 344.827 319.055 310.516 305.649 284.073 268.740 238.958 245.594 235.202 239.620 241.544 229.626 246.291 224.011 228.969 227.056
-999.250 -999.250 -999.250 -999.250 -999.250 -999.250 -999.250 -999.250 -999.250 -999.250 -999.250 -999.250 -999.250 -999.250 -999.250 -999.250 -999.250 -999.250 -999.250 -999.250 -999.250 -999.250 -999.250 -999.250 -999.250 -999.250 -999.250 -999.250 -999.250 225.953 260.335 275.960 291.248 311.301 348.137 369.909 375.232 407.605 411.253 427.669 425.429 409.432 423.585 427.551 425.517 394.698 400.074 396.314 366.853 361.668 337.145 330.719 315.702 282.771 266.599 278.134 243.978 257.469 256.061 266.425 251.439 231.248 254.040 260.662 255.993
-999.250 -999.250 -999.250 -999.250 -999.250 -999.250 -999.250 -999.250 -999.250 -999.250 -999.250 -999.250 -999.250 -999.250 -999.250 -999.250 -999.250 -999.250 -999.250 -999.250 -999.250 -999.250 -999.250 -999.250 -999.250 -999.250 -999.250 -999.250 233.324 242.494 241.344 256.785 299.400 309.355 337.409 357.479 374.838 411.668 412.220 411.955 408.645 420.791 423.831 422.007 422.200 408.974 399.408 368.178 360.031 359.125 350.258 310.131 329.532 294.184 287.401 280.637 275.476 261.056 275.261 286.509 269.781 256.425 270.064 248.112 261.513
-999.250 -999.250 -999.250 -999.250 -999.250 -999.250 -999.250 -999.250 -999.250 -999.250 -999.250 -999.250 -999.250 -999.250 -999.250 -999.250 -999.250 -999.250 -999.250 -999.250 -999.250 -999.250 -999.250 -999.250 -999.250 -999.250 -999.250 -999.250 181.516 202.481 211.180 228.027 254.059 292.507 328.934 350.150 366.383 391.621 392.454 399.230 395.836 432.058 434.906 436.608 417.322 392.510 405.704 402.085 397.906 362.967 369.034 350.217 348.728 328.540 314.498 298.906 278.262 287.755 281.031 273.374 271.462 257.426 262.766 253.925 261.014
-999.250 -999.250 -999.250 -999.250 -999.250 -999.250 -999.250 -999.250 -999.250 -999.250 -999.250 -999.250 -999.250 -999.250 -999.250 -999.250 -999.250 -999.250 -999.250 -999.250 -999.250 -999.250 -999.250 -999.250 -999.250 -999.250 -999.250 214.950 174.407 162.462 165.205 203.351 245.038 309.189 339.423 344.745 363.497 376.309 390.623 379.506 354.540 403.455 439.745 429.889 418.347 399.423 412.411 397.877 396.797 349.819 347.098 355.736 324.222 313.629 330.225 304.658 282.427 283.300 280.830 266.815 263.230 261.292 270.048 276.212 260.617
-999.250 -999.250 -999.250 -999.250 -999.250 -999.250 -999.250 -999.250 -999.250 -999.250 -999.250 -999.250 -999.250 -999.250 -999.250 -999.250 -999.250 -999.250 -999.250 -999.250 -999.250 -999.250 -999.250 -999.250 -999.250 -999.250 -999.250 212.473 186.510 149.477 107.258 192.306 226.273 291.451 328.962 343.624 370.589 375.305 391.002 398.067 407.365 422.085 427.097 439.776 408.318 412.986 398.668 393.964 385.094 369.797 367.283 362.117 347.706 317.204 318.058 288.899 294.294 312.162 325.545 270.132 280.834 258.969 271.184 257.769 266.562
-999.250 -999.250 -999.250 -999.250 -999.250 -999.250 -999.250 -999.250 -999.250 -999.250 -999.250 -999.250 -999.250 -999.250 -999.250 -999.250 -999.250 -999.250 -999.250 -999.250 -999.250 -999.250 -999.250 -999.250 -999.250 -999.250 -999.250 228.205 188.542 180.668 161.220 192.405 223.897 275.614 327.525 353.503 397.313 404.442 390.924 411.331 420.598 427.951 421.509 423.648 403.053 395.862 402.444 381.345 391.929 386.696 383.906 357.740 342.805 343.190 330.870 296.937 289.750 305.869 296.215 291.838 279.227 282.083 279.751 283.168 259.528
-999.250 -999.250 -999.250 -999.250 -999.250 -999.250 -999.250 -999.250 -999.250 -999.250 -999.250 -999.250 -999.250 -999.250 -999.250 -999.250 -999.250 -999.250 -999.250 -999.250 -999.250 -999.250 -999.250 -999.250 -999.250 -999.250 -999.250 227.728 224.418 208.572 216.605 214.642 267.166 305.233 348.048 367.086 384.244 400.962 415.571 405.226 422.865 439.637 430.467 420.822 405.900 401.136 381.720 377.393 379.885 371.687 351.253 365.455 339.989 350.649 334.632 316.313 289.746 296.295 307.372 273.087 286.483 272.402 262.641 264.372 258.720
-999.250 -999.250 -999.250 -999.250 -999.250 -999.250 -999.250 -999.250 -999.250 -999.250 -999.250 -999.250 -999.250 -999.250 -999.250 -999.250 -999.250 -999.250 -999.250 -999.250 -999.250 -999.250 -999.250 -999.250 -999.250 -999.250 -999.250 260.386 244.280 225.982 243.719 250.836 273.273 325.195 334.298 354.908 396.374 394.596 411.067 435.951 436.011 433.389 449.762 431.707 425.939 395.085 395.031 388.658 372.803 364.841 349.375 330.308 356.181 317.151 315.654 312.005 320.943 291.137 306.119 303.874 289.465 272.763 276.544 273.672 277.156
-999.250 -999.250 -999.250 -999.250 -999.250 -999.250 -999.250 -999.250 -999.250 -999.250 -999.250 -999.250 -999.250 -999.250 -999.250 -999.250 -999.250 -999.250 -999.250 -999.250 -999.250 -999.250 -999.250 -999.250 -999.250 -999.250 -999.250 277.919 275.090 287.023 302.709 286.526 321.664 329.917 335.886 361.174 376.975 428.948 445.579 433.374 437.033 452.884 449.132 437.057 421.631 409.427 389.642 380.493 367.435 360.457 328.884 326.987 336.393 308.255 318.162 315.025 297.374 303.324 291.968 277.258 301.219 292.767 289.780 279.130 258.805
-999.250 -999.250 -999.250 -999.250 -999.250 -999.250 -999.250 -999.250 -999.250 -999.250 -999.250 -999.250 -999.250 -999.250 -999.250 -999.250 -999.250 -999.250 -999.250 -999.250 -999.250 -999.250 -999.250 -999.250 -999.250 -999.250 326.911 314.320 305.389 328.377 319.667 322.196 344.978 328.620 365.530 378.782 395.166 401.581 444.302 444.378 442.919 449.777 432.677 435.840 435.516 416.602 394.775 361.917 348.631 335.211 335.727 322.476 309.886 318.151 307.916 302.595 319.024 309.038 307.756 292.310 294.881 278.334 266.493 280.919 299.164
-999.250 -999.250 -999.250 -999.250 -999.250 -999.250 -999.250 -999.250 -999.250 -999.250 -999.250 -999.250 -999.250 -999.250 -999.250 -999.250 -999.250 -999.250 -999.250 -999.250 -999.250 -999.250 -999.250 -999.250 -999.250 -999.250 360.672 365.211 335.368 347.447 366.728 338.906 333.397 366.909 343.866 362.533 384.631 398.835 442.338 431.577 428.309 440.889 414.908 427.460 420.071 399.583 394.758 360.085 333.544 341.437 308.240 296.347 287.300 304.540 292.147 290.675 271.416 276.623 301.229 295.090 286.805 283.635 272.685 295.504 318.347
-999.250 -999.250 -999.250 -999.250 -999.250 -999.250 -999.250 -999.250 -999.250 -999.250 -999.250 -999.250 -999.250 -999.250 -999.250 -999.250 -999.250 -999.250 -999.250 -999.250 -999.250 -999.250 -999.250 -999.250 -999.250 361.473 398.761 380.333 353.341 374.089 367.941 354.945 349.991 343.289 347.378 347.130 366.224 410.633 424.338 414.227 413.745 400.123 412.381 421.527 421.631 406.119 392.832 357.047 327.110 282.188 270.973 277.387 259.293 275.100 271.853 270.951 267.806 271.407 290.046 291.437 286.895 293.549 292.972 289.902 290.482
-999.250 -999.250 -999.250 -999.250 -999.250 -999.250 -999.250 -999.250 -999.250 -999.250 -999.250 -999.250 -999.250 -999.250 -999.250 -999.250 -999.250 -999.250 -999.250 -999.250 -999.250 -999.250 -999.250 -999.250 -999.250 409.201 401.712 393.047 393.125 377.632 390.379 376.010 355.979 367.625 350.274 366.334 379.492 402.404 405.590 412.438 415.791 404.148 424.789 423.042 431.021 414.654 392.754 348.686 324.732 256.539 241.008 244.926 255.164 255.633 268.723 264.079 268.449 283.871 287.642 306.088 292.694 293.265 264.650 299.052 315.137
-999.250 -999.250 -999.250 -999.250 -999.250 -999.250 -999.250 -999.250 -999.250 -999.250 -999.250 -999.250 -999.250 -999.250 -999.250 -999.250 -999.250 -999.250 -999.250 -999.250 -999.250 -999.250 -999.250 -999.250 -999.250 435.014 426.652 427.942 415.470 405.387 387.888 394.615 375.676 374.325 360.940 351.844 367.152 393.539 390.822 394.048 391.136 412.544 418.678 415.800 404.513 404.562 373.643 339.328 298.992 225.482 165.627 223.236 235.767 271.655 266.522 266.913 287.501 296.654 320.560 308.999 299.086 295.153 250.375 288.439 310.269
-999.250 -999.250 -999.250 -999.250 -999.250 -999.250 -999.250 -999.250 -999.250 -999.250 -999.250 -999.250 -999.250 -999.250 -999.250 -999.250 -999.250 -999.250 -999.250 -999.250 -999.250 -999.250 -999.250 -999.250 452.394 453.895 445.044 428.404 427.922 415.536 410.616 392.612 389.447 365.432 336.187 333.629 345.865 381.803 385.491 393.170 407.451 422.052 420.492 418.293 409.910 378.335 342.676 336.838 288.495 251.621 234.948 239.297 254.524 256.795 266.987 290.755 294.032 295.177 330.155 312.316 309.008 308.656 306.976 306.845 348.822
-999.250 -999.250 -999.250 -999.250 -999.250 -999.250 -999.250 -999.250 -999.250 -999.250 -999.250 -999.250 -999.250 -999.250 -999.250 -999.250 -999.250 -999.250 -999.250 -999.250 -999.250 -999.250 -999.250 -999.250 449.008 465.658 460.199 445.297 434.526 434.381 398.391 389.083 391.911 354.566 333.684 276.552 -999.250 -999.250 -999.250 -999.250 -999.250 -999.250 407.191 409.105 402.351 376.996 362.177 334.524 323.450 281.544 256.656 237.807 257.032 261.675 285.675 288.461 302.948 315.786 337.224 310.034 346.848 342.613 341.703 339.687 344.645
