data/medianmodel_02-Feb-2021.asc
ncols	141
nrows	288
xllcorner	-120191.398
yllcorner	-301404.813
cellsize	2000.000
NODATA_value	-999.250
[rows 252 to 279 of 288, columns 0 to 62 of 141]
-999.250 -999.250 -999.250 -999.250 -999.250 -999.250 -999.250 -999.250 -999.250 -999.250 -999.250 -999.250 -999.250 -999.250 -999.250 -999.250 -999.250 -999.250 -999.250 -999.250 -999.250 -999.250 -999.250 -999.250 -999.250 -999.250 -999.250 -999.250 -999.250 503.528 481.736 528.125 553.452 562.284 573.005 627.832 653.005 677.206 705.369 757.979 804.871 848.718 854.856 907.182 935.246 987.222 1005.608 1024.938 1035.535 1028.165 1042.582 1055.620 1050.750 1085.420 1100.996 1055.326 1032.392 1001.154 983.596 960.453 972.159 938.302 927.013
-999.250 -999.250 -999.250 -999.250 -999.250 -999.250 -999.250 -999.250 -999.250 -999.250 -999.250 -999.250 -999.250 -999.250 -999.250 -999.250 -999.250 -999.250 -999.250 -999.250 -999.250 -999.250 -999.250 -999.250 -999.250 -999.250 -999.250 -999.250 -999.250 -999.250 479.582 467.596 514.484 555.196 606.589 582.624 662.614 679.624 684.189 792.154 820.512 841.759 851.838 869.702 926.332 964.121 1038.409 1004.221 1072.439 1048.274 1064.016 1049.888 1042.485 1068.094 1047.493 1018.325 994.247 941.580 948.475 903.931 894.214 902.004 868.258
-999.250 -999.250 -999.250 -999.250 -999.250 -999.250 -999.250 -999.250 -999.250 -999.250 -999.250 -999.250 -999.250 -999.250 -999.250 -999.250 -999.250 -999.250 -999.250 -999.250 -999.250 -999.250 -999.250 -999.250 -999.250 -999.250 -999.250 -999.250 -999.250 -999.250 499.326 463.719 522.599 560.602 556.415 624.172 686.161 716.414 740.816 825.269 838.173 849.808 870.957 879.734 969.018 958.002 972.258 991.695 1056.782 1033.402 1025.233 1048.439 1040.306 1000.870 1015.403 978.485 930.029 894.415 876.653 885.199 865.376 857.764 830.698
-999.250 -999.250 -999.250 -999.250 -999.250 -999.250 -999.250 -999.250 -999.250 -999.250 -999.250 -999.250 -999.250 -999.250 -999.250 -999.250 -999.250 -999.250 -999.250 -999.250 -999.250 -999.250 -999.250 -999.250 -999.250 -999.250 -999.250 -999.250 -999.250 -999.250 -999.250 430.696 480.464 531.885 591.283 620.479 695.585 717.407 787.802 800.933 848.892 865.990 907.788 920.199 926.813 944.408 939.465 1014.938 993.235 1016.555 1027.252 1061.398 1030.152 986.224 1017.874 935.927 914.248 871.490 834.735 875.884 834.352 831.368 809.812
-999.250 -999.250 -999.250 -999.250 -999.250 -999.250 -999.250 -999.250 -999.250 -999.250 -999.250 -999.250 -999.250 -999.250 -999.250 -999.250 -999.250 -999.250 -999.250 -999.250 -999.250 -999.250 -999.250 -999.250 -999.250 -999.250 -999.250 -999.250 -999.250 -999.250 -999.250 478.027 506.265 534.261 566.252 600.058 679.639 719.565 751.706 821.637 871.457 906.738 936.724 911.952 900.773 959.280 922.470 975.133 999.304 999.937 970.676 1035.179 995.115 961.897 954.815 901.721 883.041 854.266 814.122 839.543 789.527 774.910 732.675
-999.250 -999.250 -999.250 -999.250 -999.250 -999.250 -999.250 -999.250 -999.250 -999.250 -999.250 -999.250 -999.250 -999.250 -999.250 -999.250 -999.250 -999.250 -999.250 -999.250 -999.250 -999.250 -999.250 -999.250 -999.250 -999.250 -999.250 -999.250 -999.250 -999.250 437.557 474.047 487.750 519.069 591.636 575.925 686.891 765.540 820.703 847.313 877.389 920.041 920.968 930.497 945.972 971.020 917.429 963.438 1017.875 979.584 1026.668 999.489 1009.032 997.898 962.656 894.677 876.333 845.290 813.070 802.225 771.066 714.287 665.791
-999.250 -999.250 -999.250 -999.250 -999.250 -999.250 -999.250 -999.250 -999.250 -999.250 -999.250 -999.250 -999.250 -999.250 -999.250 -999.250 -999.250 -999.250 -999.250 -999.250 -999.250 -999.250 -999.250 -999.250 -999.250 -999.250 -999.250 -999.250 -999.250 -999.250 389.413 466.681 485.302 512.711 570.054 635.707 744.731 818.769 840.154 851.409 865.059 918.053 922.839 945.269 961.686 980.315 954.011 993.921 949.282 944.892 957.138 971.861 952.014 936.599 927.801 903.155 849.282 842.843 809.181 806.073 741.759 722.653 663.725
-999.250 -999.250 -999.250 -999.250 -999.250 -999.250 -999.250 -999.250 -999.250 -999.250 -999.250 -999.250 -999.250 -999.250 -999.250 -999.250 -999.250 -999.250 -999.250 -999.250 -999.250 -999.250 -999.250 -999.250 -999.250 -999.250 -999.250 -999.250 -999.250 -999.250 424.590 456.517 512.570 511.474 579.551 651.517 717.468 785.521 875.912 873.936 911.592 933.512 941.661 952.873 983.176 982.530 975.149 987.210 967.067 908.321 926.045 908.476 923.318 924.106 914.731 886.669 852.717 836.363 829.208 813.217 779.567 772.200 690.637
-999.250 -999.250 -999.250 -999.250 -999.250 -999.250 -999.250 -999.250 -999.250 -999.250 -999.250 -999.250 -999.250 -999.250 -999.250 -999.250 -999.250 -999.250 -999.250 -999.250 -999.250 -999.250 -999.250 -999.250 -999.250 -999.250 -999.250 -999.250 -999.250 -999.250 400.861 483.925 514.589 510.524 561.350 632.255 682.489 796.617 853.038 891.860 916.625 964.982 964.650 975.869 1019.752 1019.560 1012.538 945.169 973.094 936.881 948.144 938.289 930.412 933.374 916.039 860.495 854.564 845.564 842.953 806.383 782.132 751.356 699.340
-999.250 -999.250 -999.250 -999.250 -999.250 -999.250 -999.250 -999.250 -999.250 -999.250 -999.250 -999.250 -999.250 -999.250 -999.250 -999.250 -999.250 -999.250 -999.250 -999.250 -999.250 -999.250 -999.250 -999.250 -999.250 -999.250 -999.250 -999.250 -999.250 -999.250 458.261 480.840 480.446 555.251 594.859 631.753 704.775 834.334 886.082 892.399 938.700 983.701 977.989 1013.186 1014.585 1030.136 1028.861 975.329 998.857 972.993 957.428 914.288 900.240 894.517 911.123 893.449 838.755 853.462 847.865 806.427 820.677 789.929 765.699
-999.250 -999.250 -999.250 -999.250 -999.250 -999.250 -999.250 -999.250 -999.250 -999.250 -999.250 -999.250 -999.250 -999.250 -999.250 -999.250 -999.250 -999.250 -999.250 -999.250 -999.250 -999.250 -999.250 -999.250 -999.250 -999.250 -999.250 -999.250 -999.250 -999.250 423.333 450.669 493.575 507.018 622.850 650.010 721.877 827.280 882.814 933.472 995.821 962.408 999.970 1014.641 1035.774 994.491 1032.533 983.211 945.579 921.779 943.777 919.316 904.725 894.896 874.626 878.474 848.412 861.299 841.296 839.012 805.838 811.490 772.352
-999.250 -999.250 -999.250 -999.250 -999.250 -999.250 -999.250 -999.250 -999.250 -999.250 -999.250 -999.250 -999.250 -999.250 -999.250 -999.250 -999.250 -999.250 -999.250 -999.250 -999.250 -999.250 -999.250 -999.250 -999.250 -999.250 -999.250 -999.250 -999.250 367.222 387.212 424.636 486.188 538.003 580.250 649.807 735.658 842.580 904.097 992.236 1016.980 996.649 988.718 1031.509 1066.783 998.241 999.020 996.200 939.654 932.168 956.057 965.479 938.889 891.031 865.513 858.925 869.636 847.643 831.386 836.485 854.735 838.153 832.475
-999.250 -999.250 -999.250 -999.250 -999.250 -999.250 -999.250 -999.250 -999.250 -999.250 -999.250 -999.250 -999.250 -999.250 -999.250 -999.250 -999.250 -999.250 -999.250 -999.250 -999.250 -999.250 -999.250 -999.250 -999.250 -999.250 -999.250 -999.250 -999.250 369.854 382.112 398.198 475.747 521.293 615.970 698.737 766.631 854.815 937.056 1048.649 1084.826 1015.672 1024.153 1056.868 1050.689 1035.354 1020.838 977.423 959.952 931.575 941.105 929.281 906.999 895.670 856.904 853.206 852.845 865.205 827.305 821.028 863.116 879.812 858.542
-999.250 -999.250 -999.250 -999.250 -999.250 -999.250 -999.250 -999.250 -999.250 -999.250 -999.250 -999.250 -999.250 -999.250 -999.250 -999.250 -999.250 -999.250 -999.250 -999.250 -999.250 -999.250 -999.250 -999.250 -999.250 -999.250 -999.250 -999.250 214.050 326.349 356.935 318.678 442.745 534.173 640.829 723.320 813.513 872.110 965.414 1031.151 1097.486 1091.246 1086.666 1045.218 1054.377 1047.839 1003.321 945.847 926.725 913.032 909.757 898.326 846.755 876.374 905.241 878.508 873.730 851.934 884.855 834.706 867.770 891.464 879.121
-999.250 -999.250 -999.250 -999.250 -999.250 -999.250 -999.250 -999.250 -999.250 -999.250 -999.250 -999.250 -999.250 -999.250 -999.250 -999.250 -999.250 -999.250 -999.250 -999.250 -999.250 -999.250 -999.250 -999.250 -999.250 -999.250 -999.250 -999.250 213.840 194.420 214.348 329.554 427.594 522.505 647.179 747.352 808.631 878.462 972.427 1073.222 1147.740 1133.402 1101.799 1042.081 1037.660 995.655 993.851 946.998 931.103 919.809 864.526 880.734 877.455 882.533 862.090 861.428 897.823 870.914 887.058 912.086 867.414 907.424 908.355
-999.250 -999.250 -999.250 -999.250 -999.250 -999.250 -999.250 -999.250 -999.250 -999.250 -999.250 -999.250 -999.250 -999.250 -999.250 -999.250 -999.250 -999.250 -999.250 -999.250 -999.250 -999.250 -999.250 -999.250 -999.250 -999.250 -999.250 153.781 119.638 158.171 190.801 205.889 421.116 509.545 624.894 737.740 846.682 900.704 982.484 1069.055 1201.497 1124.905 1087.959 1039.916 1018.010 986.819 989.810 952.081 936.564 909.913 910.304 890.822 917.197 915.332 906.683 896.805 899.433 915.036 932.160 899.884 904.037 946.321 969.977
-999.250 -999.250 -999.250 -999.250 -999.250 -999.250 -999.250 -999.250 -999.250 -999.250 -999.250 -999.250 -999.250 -999.250 -999.250 -999.250 -999.250 -999.250 -999.250 -999.250 -999.250 -999.250 -999.250 -999.250 -999.250 -999.250 -999.250 144.097 169.685 119.534 107.258 269.772 446.595 490.231 590.440 719.438 828.878 898.496 958.292 1048.401 1084.914 1093.408 1087.769 1042.774 1036.073 963.559 943.273 911.134 892.980 887.633 904.657 904.199 888.199 894.225 896.935 925.864 908.572 915.728 956.900 1002.098 997.889 968.821 984.131
-999.250 -999.250 -999.250 -999.250 -999.250 -999.250 -999.250 -999.250 -999.250 -999.250 -999.250 -999.250 -999.250 -999.250 -999.250 -999.250 -999.250 -999.250 -999.250 -999.250 -999.250 -999.250 -999.250 -999.250 -999.250 -999.250 -999.250 159.914 145.963 127.265 184.110 307.133 427.412 513.849 637.179 739.420 815.998 870.738 932.869 988.789 1000.277 1032.689 1028.451 977.428 959.747 922.631 906.535 879.833 886.456 873.450 902.569 895.297 900.793 903.810 906.615 932.550 957.723 983.538 980.693 1033.341 1055.452 1014.767 997.479
-999.250 -999.250 -999.250 -999.250 -999.250 -999.250 -999.250 -999.250 -999.250 -999.250 -999.250 -999.250 -999.250 -999.250 -999.250 -999.250 -999.250 -999.250 -999.250 -999.250 -999.250 -999.250 -999.250 -999.250 -999.250 -999.250 -999.250 182.595 163.245 182.760 254.918 416.853 476.807 541.176 636.517 737.713 814.114 836.022 893.298 927.623 965.355 961.447 923.217 941.223 933.234 884.841 879.137 866.064 864.770 878.037 937.221 915.013 871.223 906.416 939.254 926.007 1015.785 1030.560 1009.966 1065.358 1067.036 1044.895 1036.813
-999.250 -999.250 -999.250 -999.250 -999.250 -999.250 -999.250 -999.250 -999.250 -999.250 -999.250 -999.250 -999.250 -999.250 -999.250 -999.250 -999.250 -999.250 -999.250 -999.250 -999.250 -999.250 -999.250 -999.250 -999.250 -999.250 -999.250 186.005 215.323 317.414 378.285 466.387 480.102 508.604 637.308 727.649 787.376 839.500 863.878 858.420 886.865 896.071 900.117 922.628 891.793 866.109 868.760 843.450 861.610 881.694 884.434 890.856 902.818 904.415 940.747 1012.926 1000.868 1047.364 1080.847 1065.703 1104.548 1158.246 1120.796
-999.250 -999.250 -999.250 -999.250 -999.250 -999.250 -999.250 -999.250 -999.250 -999.250 -999.250 -999.250 -999.250 -999.250 -999.250 -999.250 -999.250 -999.250 -999.250 -999.250 -999.250 -999.250 -999.250 -999.250 -999.250 -999.250 -999.250 203.287 296.450 389.248 419.863 480.346 511.728 599.671 668.414 722.631 775.947 823.509 857.027 856.578 838.249 861.981 850.846 862.992 867.239 847.016 861.567 839.111 847.977 865.243 886.015 875.028 894.771 892.622 933.822 989.292 1009.788 1051.480 1095.204 1107.244 1125.881 1159.915 1111.287
-999.250 -999.250 -999.250 -999.250 -999.250 -999.250 -999.250 -999.250 -999.250 -999.250 -999.250 -999.250 -999.250 -999.250 -999.250 -999.250 -999.250 -999.250 -999.250 -999.250 -999.250 -999.250 -999.250 -999.250 -999.250 -999.250 221.902 291.937 359.382 403.355 454.723 488.510 570.863 641.245 699.748 726.178 766.283 806.772 834.806 821.355 822.584 816.249 815.877 808.396 816.314 816.000 813.492 834.343 848.208 848.404 873.007 887.324 877.002 908.678 933.762 982.257 1009.962 1102.293 1142.025 1159.202 1195.136 1160.107 1169.126
-999.250 -999.250 -999.250 -999.250 -999.250 -999.250 -999.250 -999.250 -999.250 -999.250 -999.250 -999.250 -999.250 -999.250 -999.250 -999.250 -999.250 -999.250 -999.250 -999.250 -999.250 -999.250 -999.250 -999.250 -999.250 -999.250 248.890 349.187 404.754 423.892 472.438 555.571 637.080 671.399 699.666 732.983 776.458 838.219 823.134 811.221 762.780 710.816 710.174 740.826 772.086 763.259 771.666 788.203 830.732 831.740 849.731 865.879 897.115 923.174 939.202 1012.360 1066.920 1083.747 1170.855 1219.383 1231.633 1204.823 1206.344
-999.250 -999.250 -999.250 -999.250 -999.250 -999.250 -999.250 -999.250 -999.250 -999.250 -999.250 -999.250 -999.250 -999.250 -999.250 -999.250 -999.250 -999.250 -999.250 -999.250 -999.250 -999.250 -999.250 -999.250 -999.250 236.007 266.702 310.791 357.329 447.396 521.090 595.766 668.169 716.155 738.947 744.543 824.053 801.436 793.220 768.658 700.286 650.650 677.538 660.882 689.585 720.891 712.792 747.953 809.031 818.003 829.772 850.899 890.671 928.377 934.457 1057.775 1022.345 1108.872 1174.341 1209.774 1263.880 1273.085 1282.409
-999.250 -999.250 -999.250 -999.250 -999.250 -999.250 -999.250 -999.250 -999.250 -999.250 -999.250 -999.250 -999.250 -999.250 -999.250 -999.250 -999.250 -999.250 -999.250 -999.250 -999.250 -999.250 -999.250 -999.250 -999.250 184.847 284.807 376.719 387.330 456.872 506.231 554.038 711.789 732.543 775.229 781.911 813.152 826.262 787.456 731.799 712.035 648.598 662.839 645.928 655.372 655.520 686.134 733.312 746.852 789.717 815.817 810.519 873.168 915.083 972.580 993.937 1061.379 1093.503 1189.114 1245.257 1264.128 1258.352 1298.238
-999.250 -999.250 -999.250 -999.250 -999.250 -999.250 -999.250 -999.250 -999.250 -999.250 -999.250 -999.250 -999.250 -999.250 -999.250 -999.250 -999.250 -999.250 -999.250 -999.250 -999.250 -999.250 -999.250 -999.250 -999.250 210.380 256.994 368.505 447.959 458.314 512.855 595.792 712.439 754.525 800.017 826.113 814.923 796.775 750.078 724.614 680.145 663.648 639.449 635.877 633.375 589.377 597.331 637.679 710.677 713.696 748.082 830.776 844.515 912.022 943.613 998.751 1001.564 1038.907 1141.264 1189.015 1300.655 1303.046 1345.037
-999.250 -999.250 -999.250 -999.250 -999.250 -999.250 -999.250 -999.250 -999.250 -999.250 -999.250 -999.250 -999.250 -999.250 -999.250 -999.250 -999.250 -999.250 -999.250 -999.250 -999.250 -999.250 -999.250 -999.250 184.037 229.791 226.232 362.277 445.500 480.113 530.194 640.605 750.226 795.359 846.859 848.809 822.644 760.356 741.791 748.901 669.265 662.896 627.478 597.341 558.015 554.439 500.835 601.937 660.224 709.072 736.165 784.026 844.786 897.042 934.726 968.901 1011.115 1059.867 1095.182 1169.984 1258.760 1337.985 1356.790
-999.250 -999.250 -999.250 -999.250 -999.250 -999.250 -999.250 -999.250 -999.250 -999.250 -999.250 -999.250 -999.250 -999.250 -999.250 -999.250 -999.250 -999.250 -999.250 -999.250 -999.250 -999.250 -999.250 -999.250 227.483 194.024 278.404 353.944 432.138 474.681 551.720 653.511 745.378 783.359 859.365 852.703 -999.250 -999.250 -999.250 -999.250 -999.250 -999.250 640.641 615.005 592.158 523.882 548.749 547.974 647.103 714.629 712.932 790.872 836.917 862.126 906.258 940.282 992.876 1066.308 1096.371 1195.190 1206.327 1289.741 1297.465
