data/medianmodel_22-Sep-2020.asc
ncols	141
nrows	288
xllcorner	-120191.398
yllcorner	-301404.813
cellsize	2000.000
NODATA_value	-999.250
[rows 210 to 239 of 288, columns 68 to 135 of 141]
20.909 23.616 21.730 22.079 21.075 19.939 20.100 21.243 20.415 19.777 24.366 25.725 30.778 34.664 39.094 45.656 53.021 53.802 52.846 50.916 51.384 43.031 38.707 31.425 23.499 16.976 9.750 3.190 0.000 0.000 0.000 -999.250 -999.250 -999.250 -999.250 -999.250 -999.250 -999.250 -999.250 -999.250 -999.250 -999.250 -999.250 -999.250 -999.250 -999.250 -999.250 -999.250 -999.250 -999.250 -999.250 -999.250 -999.250 -999.250 -999.250 -999.250 -999.250 -999.250 -999.250 -999.250 -999.250 -999.250 -999.250 -999.250 -999.250 -999.250 -999.250 -999.250
16.248 15.704 20.169 16.088 16.135 13.577 12.488 12.035 12.279 12.786 12.665 14.009 21.534 26.207 29.452 35.835 39.177 41.727 41.788 41.958 37.381 39.096 33.787 28.827 22.940 13.571 9.607 3.652 0.000 0.000 0.000 0.000 -999.250 -999.250 -999.250 -999.250 -999.250 -999.250 -999.250 -999.250 -999.250 -999.250 -999.250 -999.250 -999.250 -999.250 -999.250 -999.250 -999.250 -999.250 -999.250 -999.250 -999.250 -999.250 -999.250 -999.250 -999.250 -999.250 -999.250 -999.250 -999.250 -999.250 -999.250 -999.250 -999.250 -999.250 -999.250 -999.250
13.246 13.661 14.540 14.054 12.123 8.756 7.307 3.668 4.834 3.311 7.988 10.642 12.543 17.562 19.855 25.851 29.978 33.835 33.821 36.169 30.833 30.740 31.184 24.224 20.521 15.526 11.780 7.216 2.789 0.597 0.000 0.000 0.000 -999.250 -999.250 -999.250 -999.250 -999.250 -999.250 -999.250 -999.250 -999.250 -999.250 -999.250 -999.250 -999.250 -999.250 -999.250 -999.250 -999.250 -999.250 -999.250 -999.250 -999.250 -999.250 -999.250 -999.250 -999.250 -999.250 -999.250 -999.250 -999.250 -999.250 -999.250 -999.250 -999.250 -999.250 -999.250
11.928 15.150 13.152 14.061 12.106 6.382 1.788 0.000 0.000 0.000 0.000 1.631 5.919 11.276 14.920 18.062 20.977 23.651 24.922 31.587 29.147 29.828 27.967 25.304 24.512 17.776 14.036 9.680 7.862 4.720 0.457 0.000 0.000 -999.250 -999.250 -999.250 -999.250 -999.250 -999.250 -999.250 -999.250 -999.250 -999.250 -999.250 -999.250 -999.250 -999.250 -999.250 -999.250 -999.250 -999.250 -999.250 -999.250 -999.250 -999.250 -999.250 -999.250 -999.250 -999.250 -999.250 -999.250 -999.250 -999.250 -999.250 -999.250 -999.250 -999.250 -999.250
14.017 17.065 14.564 13.660 11.225 5.789 0.469 0.000 0.000 0.000 0.000 0.000 2.140 6.866 10.831 12.984 16.913 23.327 21.224 25.367 26.666 28.807 28.183 27.693 24.928 21.238 15.169 12.890 8.966 7.026 4.488 0.248 0.000 0.000 -999.250 -999.250 -999.250 -999.250 -999.250 -999.250 -999.250 -999.250 -999.250 -999.250 -999.250 -999.250 -999.250 -999.250 -999.250 -999.250 -999.250 -999.250 -999.250 -999.250 -999.250 -999.250 -999.250 -999.250 -999.250 -999.250 -999.250 -999.250 -999.250 -999.250 -999.250 -999.250 -999.250 -999.250
15.759 20.895 20.823 18.941 13.349 8.286 0.239 0.000 0.000 0.000 0.000 0.000 0.000 2.151 7.328 11.780 17.372 17.092 23.113 26.185 26.127 30.792 31.642 28.514 29.453 24.348 20.971 15.227 11.455 9.555 8.408 1.675 0.000 0.000 0.000 -999.250 -999.250 -999.250 -999.250 -999.250 -999.250 -999.250 -999.250 -999.250 -999.250 -999.250 -999.250 -999.250 -999.250 -999.250 -999.250 -999.250 -999.250 -999.250 -999.250 -999.250 -999.250 -999.250 -999.250 -999.250 -999.250 -999.250 -999.250 -999.250 -999.250 -999.250 -999.250 -999.250
24.147 26.189 27.971 24.767 14.938 11.694 2.374 0.000 0.000 0.000 0.000 0.000 0.000 0.860 5.844 8.544 13.651 16.574 19.665 24.270 26.449 30.391 28.986 32.006 28.353 26.139 21.952 16.437 16.820 12.997 11.898 7.501 4.830 0.000 0.000 -999.250 -999.250 -999.250 -999.250 -999.250 -999.250 -999.250 -999.250 -999.250 -999.250 -999.250 -999.250 -999.250 -999.250 -999.250 -999.250 -999.250 -999.250 -999.250 -999.250 -999.250 -999.250 -999.250 -999.250 -999.250 -999.250 -999.250 -999.250 -999.250 -999.250 -999.250 -999.250 -999.250
33.635 35.796 35.119 32.772 23.426 12.421 6.399 0.000 0.000 0.000 0.000 0.000 0.000 1.415 5.106 6.598 13.092 14.589 18.214 21.886 25.547 28.603 32.375 33.205 32.136 27.606 26.372 22.241 18.394 18.941 11.829 9.710 5.433 1.553 0.000 -999.250 -999.250 -999.250 -999.250 -999.250 -999.250 -999.250 -999.250 -999.250 -999.250 -999.250 -999.250 -999.250 -999.250 -999.250 -999.250 -999.250 -999.250 -999.250 -999.250 -999.250 -999.250 -999.250 -999.250 -999.250 -999.250 -999.250 -999.250 -999.250 -999.250 -999.250 -999.250 -999.250
40.775 48.050 50.569 44.735 31.421 18.551 11.689 3.206 0.412 0.000 0.000 0.000 0.000 0.688 1.739 5.888 10.842 13.863 19.806 21.366 26.931 33.699 34.176 35.061 34.290 36.712 32.842 28.937 29.083 25.420 16.533 11.779 10.127 7.575 0.484 0.000 -999.250 -999.250 -999.250 -999.250 -999.250 -999.250 -999.250 3.465 -999.250 -999.250 -999.250 -999.250 -999.250 -999.250 -999.250 -999.250 -999.250 -999.250 -999.250 -999.250 -999.250 -999.250 -999.250 -999.250 -999.250 -999.250 -999.250 -999.250 -999.250 -999.250 -999.250 -999.250
52.077 63.881 66.856 57.061 38.721 28.888 16.408 9.689 5.438 3.251 0.000 0.000 0.000 0.353 3.022 7.674 9.128 13.695 19.255 24.608 29.522 32.314 35.414 36.755 41.723 39.433 38.979 33.279 30.669 25.743 19.795 14.894 10.694 9.759 2.895 0.143 0.000 -999.250 -999.250 -999.250 0.000 0.000 0.000 0.000 -999.250 -999.250 -999.250 -999.250 -999.250 -999.250 -999.250 -999.250 -999.250 -999.250 -999.250 -999.250 -999.250 -999.250 -999.250 -999.250 -999.250 -999.250 -999.250 -999.250 -999.250 -999.250 -999.250 -999.250
56.335 73.521 87.051 69.781 57.494 36.973 22.129 13.861 10.808 3.650 1.578 1.167 0.859 4.869 7.376 7.436 13.321 16.046 19.889 23.566 29.142 35.972 40.044 45.625 46.584 47.510 45.629 36.207 32.887 28.493 21.861 15.858 12.894 10.456 5.654 4.251 0.000 -999.250 0.000 0.000 0.000 0.000 0.000 -999.250 -999.250 -999.250 -999.250 -999.250 -999.250 -999.250 -999.250 -999.250 -999.250 -999.250 -999.250 -999.250 -999.250 -999.250 -999.250 -999.250 -999.250 -999.250 -999.250 -999.250 -999.250 -999.250 -999.250 -999.250
60.536 70.749 76.651 71.910 61.294 41.948 31.248 19.922 11.745 8.328 7.906 4.092 2.853 2.705 6.192 11.397 14.851 16.505 21.976 27.782 33.047 37.769 45.478 51.753 56.708 54.091 47.394 42.469 34.928 28.979 25.263 20.375 13.205 11.637 7.668 6.379 0.125 0.000 0.000 0.000 0.000 0.000 0.000 -999.250 -999.250 -999.250 -999.250 -999.250 -999.250 -999.250 -999.250 -999.250 -999.250 -999.250 -999.250 -999.250 -999.250 -999.250 -999.250 -999.250 -999.250 -999.250 -999.250 -999.250 -999.250 -999.250 -999.250 -999.250
64.100 71.529 69.643 64.671 55.995 41.823 34.708 27.106 18.080 14.061 11.105 9.804 8.124 6.749 10.537 11.657 14.258 16.824 21.929 27.277 33.726 39.268 45.218 56.472 65.607 55.166 50.865 42.213 35.176 32.114 28.550 23.666 18.042 16.205 11.770 9.429 4.749 2.224 0.436 0.000 0.000 0.000 1.707 -999.250 -999.250 -999.250 -999.250 -999.250 -999.250 -999.250 -999.250 -999.250 -999.250 -999.250 -999.250 -999.250 -999.250 -999.250 -999.250 -999.250 -999.250 -999.250 -999.250 -999.250 -999.250 -999.250 -999.250 -999.250
59.409 63.133 61.292 60.688 52.935 38.860 37.706 31.267 22.262 22.700 14.559 12.754 10.445 8.225 12.052 12.704 13.938 16.844 20.521 25.378 33.895 38.698 46.233 52.644 55.747 52.815 49.802 40.027 35.997 31.620 28.265 23.192 21.650 16.655 13.602 11.511 7.647 7.840 4.492 1.352 1.801 2.154 4.875 -999.250 -999.250 -999.250 -999.250 -999.250 -999.250 -999.250 -999.250 -999.250 -999.250 -999.250 -999.250 -999.250 -999.250 -999.250 -999.250 -999.250 -999.250 -999.250 -999.250 -999.250 -999.250 -999.250 -999.250 -999.250
53.666 61.338 62.354 59.614 50.084 43.193 38.080 33.517 27.491 23.772 19.323 15.414 12.392 12.737 9.593 13.083 15.182 16.787 19.711 23.202 30.594 33.229 41.053 44.852 47.117 51.999 49.136 43.613 38.140 32.003 30.744 23.968 22.738 15.907 15.282 11.469 9.690 9.991 7.652 6.432 3.672 2.928 -999.250 -999.250 -999.250 -999.250 -999.250 -999.250 -999.250 -999.250 -999.250 -999.250 -999.250 -999.250 -999.250 -999.250 -999.250 -999.250 -999.250 -999.250 -999.250 -999.250 -999.250 -999.250 -999.250 -999.250 -999.250 -999.250
54.073 56.455 61.399 58.433 53.020 46.376 38.914 35.756 33.014 27.835 22.569 20.332 11.959 10.005 12.168 13.953 13.297 15.116 20.082 24.370 28.565 30.764 39.249 43.670 46.498 46.345 43.060 43.852 36.418 31.033 26.308 26.357 24.401 20.281 15.121 14.484 12.050 11.261 10.107 6.650 4.375 5.596 -999.250 -999.250 -999.250 -999.250 -999.250 -999.250 -999.250 -999.250 -999.250 -999.250 -999.250 -999.250 -999.250 -999.250 -999.250 -999.250 -999.250 -999.250 -999.250 -999.250 -999.250 -999.250 -999.250 -999.250 -999.250 -999.250
48.910 54.942 52.874 60.538 54.939 42.856 42.939 39.227 36.321 28.471 23.709 19.751 15.192 12.925 13.209 13.669 13.151 16.202 19.712 23.720 30.865 30.047 37.419 43.841 44.079 38.364 39.636 38.221 37.643 30.193 27.306 27.251 23.111 22.899 17.883 14.937 12.820 14.079 11.747 8.499 9.644 5.301 -999.250 -999.250 -999.250 -999.250 -999.250 -999.250 -999.250 -999.250 -999.250 -999.250 -999.250 -999.250 -999.250 -999.250 -999.250 -999.250 -999.250 -999.250 -999.250 -999.250 -999.250 -999.250 -999.250 -999.250 -999.250 -999.250
43.592 51.298 52.006 60.425 51.439 45.203 44.864 41.185 34.269 30.391 24.915 17.438 14.957 15.768 15.969 16.180 14.033 16.541 16.929 21.327 24.328 30.504 35.240 38.884 39.063 43.932 42.044 38.267 33.974 33.615 25.363 23.331 24.274 25.658 18.226 14.737 16.074 13.696 14.549 10.462 9.380 -999.250 -999.250 -999.250 -999.250 -999.250 -999.250 -999.250 -999.250 -999.250 -999.250 -999.250 -999.250 -999.250 -999.250 -999.250 -999.250 -999.250 -999.250 -999.250 -999.250 -999.250 -999.250 -999.250 -999.250 -999.250 -999.250 -999.250
42.033 48.614 52.293 55.497 51.595 47.176 41.789 41.638 34.260 33.313 28.708 19.098 15.387 13.494 15.515 14.840 12.242 16.351 17.173 20.947 24.388 24.429 32.601 34.070 36.456 35.741 38.789 38.383 35.672 30.468 26.103 24.399 22.144 21.524 18.819 20.934 -999.250 -999.250 13.822 14.218 11.334 -999.250 -999.250 -999.250 -999.250 -999.250 -999.250 -999.250 -999.250 -999.250 -999.250 -999.250 -999.250 -999.250 -999.250 -999.250 -999.250 -999.250 -999.250 -999.250 -999.250 -999.250 -999.250 -999.250 -999.250 -999.250 -999.250 -999.250
34.560 45.680 53.605 50.505 47.867 41.727 41.803 40.272 35.473 31.595 26.334 19.231 14.700 13.841 14.362 12.906 12.439 13.321 14.054 15.653 18.219 24.135 28.207 32.587 30.220 33.484 34.575 33.716 36.624 31.510 28.587 24.557 24.275 24.285 17.809 16.954 -999.250 -999.250 -999.250 -999.250 -999.250 -999.250 -999.250 -999.250 -999.250 -999.250 -999.250 -999.250 -999.250 -999.250 -999.250 -999.250 -999.250 -999.250 -999.250 -999.250 -999.250 -999.250 -999.250 -999.250 -999.250 -999.250 -999.250 -999.250 -999.250 -999.250 -999.250 -999.250
29.225 37.561 43.596 44.530 39.392 43.777 43.193 39.544 33.191 30.635 25.431 16.933 14.410 13.173 13.738 13.252 12.030 11.466 12.146 14.366 15.998 21.324 25.600 27.247 31.861 27.582 30.776 29.021 29.108 26.111 25.963 24.724 -999.250 -999.250 19.301 -999.250 -999.250 -999.250 -999.250 -999.250 -999.250 -999.250 -999.250 -999.250 -999.250 -999.250 -999.250 -999.250 -999.250 -999.250 -999.250 -999.250 -999.250 -999.250 -999.250 -999.250 -999.250 -999.250 -999.250 -999.250 -999.250 -999.250 -999.250 -999.250 -999.250 -999.250 -999.250 -999.250
21.839 29.642 34.367 36.047 34.970 37.498 40.259 35.866 31.401 31.514 23.011 19.104 15.036 13.627 13.883 12.437 10.262 12.324 13.319 14.936 16.807 16.338 19.765 25.165 28.573 26.362 27.424 26.237 26.134 23.871 -999.250 -999.250 -999.250 -999.250 -999.250 -999.250 -999.250 -999.250 -999.250 -999.250 -999.250 -999.250 -999.250 -999.250 -999.250 -999.250 -999.250 -999.250 -999.250 -999.250 -999.250 -999.250 -999.250 -999.250 -999.250 -999.250 -999.250 -999.250 -999.250 -999.250 -999.250 -999.250 -999.250 -999.250 -999.250 -999.250 -999.250 -999.250
14.764 21.421 26.314 30.623 31.274 36.384 37.633 32.045 31.497 26.562 23.750 17.360 12.335 11.977 13.878 12.515 11.772 12.243 13.364 15.393 14.451 17.650 18.173 20.306 20.773 19.859 25.597 25.601 25.167 25.470 -999.250 -999.250 -999.250 -999.250 -999.250 -999.250 -999.250 -999.250 -999.250 -999.250 -999.250 -999.250 -999.250 -999.250 -999.250 -999.250 -999.250 -999.250 -999.250 -999.250 -999.250 -999.250 -999.250 -999.250 -999.250 -999.250 -999.250 -999.250 -999.250 -999.250 -999.250 -999.250 -999.250 -999.250 -999.250 -999.250 -999.250 -999.250
11.252 16.520 18.195 20.988 29.611 30.835 30.399 28.720 27.685 22.822 18.349 14.962 12.700 12.107 13.652 12.927 14.753 12.072 11.545 12.889 14.008 14.419 14.781 16.417 17.516 17.031 19.214 21.069 21.571 24.970 -999.250 -999.250 -999.250 -999.250 -999.250 -999.250 -999.250 -999.250 -999.250 -999.250 -999.250 -999.250 -999.250 -999.250 -999.250 -999.250 -999.250 -999.250 -999.250 -999.250 -999.250 -999.250 -999.250 -999.250 -999.250 -999.250 -999.250 -999.250 -999.250 -999.250 -999.250 -999.250 -999.250 -999.250 -999.250 -999.250 -999.250 -999.250
6.973 10.997 13.747 17.392 23.224 23.166 25.827 25.330 25.076 17.571 16.004 15.693 16.403 15.013 12.225 12.429 13.915 10.153 10.729 11.683 11.338 12.743 12.974 15.447 13.969 16.548 17.514 19.275 21.735 20.903 -999.250 -999.250 -999.250 -999.250 -999.250 -999.250 -999.250 -999.250 -999.250 -999.250 -999.250 -999.250 -999.250 -999.250 -999.250 -999.250 -999.250 -999.250 -999.250 -999.250 -999.250 -999.250 -999.250 -999.250 -999.250 -999.250 -999.250 -999.250 -999.250 -999.250 -999.250 -999.250 -999.250 -999.250 -999.250 -999.250 -999.250 -999.250
4.456 9.208 10.617 12.744 16.474 19.319 22.000 20.936 18.282 15.889 15.789 14.697 16.065 12.092 11.470 14.353 12.777 12.507 11.343 11.254 13.356 10.993 12.798 13.861 13.260 15.518 15.584 17.958 14.986 -999.250 -999.250 -999.250 -999.250 -999.250 -999.250 -999.250 -999.250 -999.250 -999.250 -999.250 -999.250 -999.250 -999.250 -999.250 -999.250 -999.250 -999.250 -999.250 -999.250 -999.250 -999.250 -999.250 -999.250 -999.250 -999.250 -999.250 -999.250 -999.250 -999.250 -999.250 -999.250 -999.250 -999.250 -999.250 -999.250 -999.250 -999.250 -999.250
0.000 2.680 6.655 10.937 12.292 14.366 19.407 22.014 15.573 16.224 16.574 12.678 12.678 13.051 12.371 11.335 12.971 13.982 11.661 12.027 12.858 8.913 11.549 11.886 13.011 12.905 12.225 12.986 15.422 -999.250 -999.250 -999.250 -999.250 -999.250 -999.250 -999.250 -999.250 -999.250 -999.250 -999.250 -999.250 -999.250 -999.250 -999.250 -999.250 -999.250 -999.250 -999.250 -999.250 -999.250 -999.250 -999.250 -999.250 -999.250 -999.250 -999.250 -999.250 -999.250 -999.250 -999.250 -999.250 -999.250 -999.250 -999.250 -999.250 -999.250 -999.250 -999.250
0.000 0.000 0.891 3.130 9.185 13.214 15.768 16.445 15.484 17.605 12.391 11.580 13.353 11.885 10.875 11.186 12.583 11.649 11.688 11.570 11.228 10.749 12.877 13.709 10.773 11.388 10.044 12.066 12.659 -999.250 -999.250 -999.250 -999.250 -999.250 -999.250 -999.250 -999.250 -999.250 -999.250 -999.250 -999.250 -999.250 -999.250 -999.250 -999.250 -999.250 -999.250 -999.250 -999.250 -999.250 -999.250 -999.250 -999.250 -999.250 -999.250 -999.250 -999.250 -999.250 -999.250 -999.250 -999.250 -999.250 -999.250 -999.250 -999.250 -999.250 -999.250 -999.250
0.000 0.000 0.000 1.527 5.298 9.879 13.462 14.468 15.137 12.779 12.392 15.820 15.464 11.276 12.086 13.665 13.335 11.200 12.940 12.286 11.200 10.392 11.075 11.572 12.368 11.562 11.757 12.848 -999.250 -999.250 -999.250 -999.250 -999.250 -999.250 -999.250 -999.250 -999.250 -999.250 -999.250 -999.250 -999.250 -999.250 -999.250 -999.250 -999.250 -999.250 -999.250 -999.250 -999.250 -999.250 -999.250 -999.250 -999.250 -999.250 -999.250 -999.250 -999.250 -999.250 -999.250 -999.250 -999.250 -999.250 -999.250 -999.250 -999.250 -999.250 -999.250 -999.250
0.000 0.000 0.000 0.000 3.482 7.885 9.830 10.697 14.423 15.349 14.047 11.487 12.101 12.285 10.714 13.028 13.171 13.142 13.488 12.919 12.964 11.396 11.438 12.239 11.132 12.071 11.288 13.130 -999.250 -999.250 -999.250 -999.250 -999.250 -999.250 -999.250 -999.250 -999.250 -999.250 -999.250 -999.250 -999.250 -999.250 -999.250 -999.250 -999.250 -999.250 -999.250 -999.250 -999.250 -999.250 -999.250 -999.250 -999.250 -999.250 -999.250 -999.250 -999.250 -999.250 -999.250 -999.250 -999.250 -999.250 -999.250 -999.250 -999.250 -999.250 -999.250 -999.250
