data/medianmodel_15-Dec-2020.asc
ncols	141
nrows	288
xllcorner	-120191.398
yllcorner	-301404.813
cellsize	2000.000
NODATA_value	-999.250
[rows 87 to 115 of 288, columns 64 to 127 of 141]
421.128 462.057 517.694 578.767 603.566 635.076 686.602 690.798 644.747 594.921 542.711 450.729 409.799 370.300 344.681 334.788 329.977 345.903 334.149 324.648 295.919 276.894 267.219 267.557 285.849 284.031 306.715 313.888 379.229 403.015 437.518 509.006 564.191 612.096 630.448 664.570 679.032 672.367 678.480 731.226 690.858 726.984 712.329 671.751 675.278 629.203 621.252 603.379 594.489 571.844 -999.250 -999.250 -999.250 -999.250 -999.250 -999.250 -999.250 -999.250 -999.250 -999.250 -999.250 -999.250 -999.250 -999.250
416.490 449.902 510.433 580.875 617.401 656.335 736.763 744.844 698.605 632.127 584.639 510.727 453.380 413.502 382.890 380.855 375.384 370.758 349.718 310.671 325.628 297.040 280.285 278.135 283.029 294.950 299.151 334.508 384.216 411.584 440.888 495.144 553.526 590.213 615.918 621.057 643.289 652.169 678.643 686.629 680.013 696.354 745.589 708.890 670.927 620.894 615.605 612.335 599.588 596.088 556.860 540.383 -999.250 -999.250 -999.250 -999.250 -999.250 -999.250 -999.250 -999.250 -999.250 -999.250 -999.250 -999.250
387.567 434.008 498.662 575.524 623.636 706.162 774.020 863.265 761.580 678.314 623.626 570.551 496.464 450.427 420.446 430.326 437.317 411.784 405.083 373.388 336.235 315.073 300.331 298.380 305.172 305.210 320.207 343.156 392.134 409.458 427.643 482.453 532.183 571.209 608.408 605.319 633.920 623.450 642.056 680.442 651.264 653.143 654.812 630.141 626.891 607.440 595.783 594.486 604.651 578.924 539.979 537.209 -999.250 -999.250 -999.250 -999.250 -999.250 -999.250 -999.250 -999.250 -999.250 -999.250 -999.250 -999.250
376.022 420.963 469.127 550.937 623.106 663.915 721.370 780.237 737.539 691.584 625.454 590.300 552.487 512.957 462.320 455.449 457.765 450.637 452.087 397.750 365.589 353.739 327.001 321.090 306.956 324.655 331.849 346.901 386.038 396.368 447.413 471.075 528.377 536.814 588.032 595.369 585.764 625.633 638.092 614.415 632.296 612.140 631.550 618.795 615.003 601.049 613.423 601.820 603.915 569.962 541.900 568.487 -999.250 -999.250 -999.250 -999.250 -999.250 -999.250 -999.250 -999.250 -999.250 -999.250 -999.250 -999.250
351.974 397.697 427.347 483.167 587.355 644.933 677.354 719.409 680.528 668.820 620.587 593.299 582.125 554.340 526.762 497.130 481.060 465.766 447.204 408.666 388.666 364.379 324.225 326.411 329.765 317.995 325.672 338.737 386.524 415.623 443.289 459.753 548.467 548.813 559.875 588.185 590.815 599.842 627.582 630.259 625.196 614.800 634.253 612.608 587.882 612.938 600.426 607.070 601.979 568.975 555.621 -999.250 -999.250 -999.250 -999.250 -999.250 -999.250 -999.250 -999.250 -999.250 -999.250 -999.250 -999.250 -999.250
314.360 351.181 391.276 441.092 534.356 598.630 626.076 633.011 653.907 633.452 628.710 625.352 594.181 580.994 562.390 541.984 526.938 507.413 469.749 425.576 391.572 369.575 346.898 335.936 349.188 335.457 333.288 372.492 360.738 411.542 456.947 475.427 518.532 548.942 583.200 580.198 600.183 601.723 632.490 618.450 608.873 597.291 618.614 612.904 597.561 612.994 608.720 589.009 583.996 582.980 544.476 -999.250 -999.250 -999.250 -999.250 -999.250 -999.250 -999.250 -999.250 -999.250 -999.250 -999.250 -999.250 -999.250
275.734 316.036 351.556 399.615 473.284 530.035 583.043 620.688 619.972 640.801 629.700 619.756 599.692 599.614 573.768 550.611 566.446 533.796 474.660 430.544 413.084 381.953 343.604 332.039 313.262 348.555 353.931 356.275 378.191 406.367 427.806 466.049 534.719 549.431 575.614 575.353 600.041 610.220 633.191 624.659 622.039 645.506 620.415 601.950 624.757 630.019 594.622 573.096 571.865 566.639 -999.250 -999.250 -999.250 -999.250 -999.250 -999.250 -999.250 -999.250 -999.250 -999.250 -999.250 -999.250 -999.250 -999.250
245.186 268.197 294.119 323.590 415.795 487.100 565.225 594.648 593.003 634.554 610.309 636.216 597.398 601.675 585.135 575.549 558.531 556.449 514.725 438.705 401.906 389.469 349.423 350.052 329.394 355.949 363.551 365.234 379.826 393.770 422.681 460.500 509.942 562.162 585.809 585.665 601.202 628.581 622.875 651.098 648.862 658.072 625.368 627.804 632.911 606.586 600.259 593.027 587.331 582.024 -999.250 -999.250 -999.250 -999.250 -999.250 -999.250 -999.250 -999.250 -999.250 -999.250 -999.250 -999.250 -999.250 -999.250
230.003 252.716 288.819 317.271 388.579 481.804 523.161 569.403 606.836 619.659 623.196 628.818 619.507 609.507 611.470 617.156 577.907 536.483 495.298 436.327 406.111 365.813 358.627 346.031 343.154 338.508 358.984 349.216 355.718 390.000 424.528 425.337 487.118 563.373 566.448 596.859 589.039 615.635 625.207 637.570 636.584 640.167 625.179 623.051 614.670 603.480 600.865 602.197 595.236 578.287 -999.250 -999.250 -999.250 -999.250 -999.250 -999.250 -999.250 -999.250 -999.250 -999.250 -999.250 -999.250 -999.250 -999.250
217.913 246.270 290.551 327.407 385.630 442.944 526.380 567.890 588.526 611.894 653.640 656.007 637.166 619.793 626.841 625.169 591.733 554.988 505.664 457.792 412.475 396.244 367.695 359.381 360.634 341.362 347.164 338.097 355.233 370.386 412.305 445.323 489.641 532.645 567.028 586.394 578.376 621.294 631.472 633.984 616.679 633.651 637.103 639.666 647.957 617.102 632.288 604.926 592.391 588.600 597.357 -999.250 -999.250 -999.250 -999.250 -999.250 -999.250 -999.250 -999.250 -999.250 -999.250 -999.250 -999.250 -999.250
204.877 235.593 279.771 315.992 393.511 455.431 531.176 573.234 602.313 613.510 635.992 638.312 638.312 612.244 631.737 607.876 581.791 545.314 512.600 443.765 438.411 391.510 391.854 356.302 344.190 335.645 341.518 327.356 337.012 358.960 401.904 459.789 480.953 555.914 573.224 604.648 601.224 616.062 629.966 635.276 627.468 634.183 639.485 649.140 654.488 641.403 659.698 654.897 643.565 627.670 609.898 626.666 -999.250 -999.250 -999.250 -999.250 -999.250 -999.250 -999.250 -999.250 -999.250 -999.250 -999.250 -999.250
211.119 234.358 276.057 314.472 397.754 462.097 524.548 583.658 621.447 632.836 636.771 650.231 632.682 619.322 616.767 601.674 569.561 530.896 479.359 435.905 427.297 399.473 381.828 371.175 355.532 345.092 356.356 342.173 332.605 343.858 399.119 426.133 492.360 554.861 598.614 593.116 617.965 628.135 656.415 680.060 662.968 683.984 706.757 693.994 664.763 675.451 692.734 706.107 653.836 633.827 642.785 618.647 625.603 -999.250 -999.250 -999.250 -999.250 -999.250 -999.250 -999.250 -999.250 -999.250 -999.250 -999.250
249.146 250.877 287.623 336.220 383.310 434.707 514.432 571.143 612.891 618.273 637.772 633.043 636.265 606.280 595.526 565.118 550.368 518.851 479.697 429.186 415.911 403.085 381.586 384.931 355.072 354.125 354.685 335.620 334.896 375.315 424.162 467.134 525.513 570.698 602.735 631.991 647.027 688.866 719.806 694.245 717.997 715.523 750.390 746.167 749.994 738.502 728.611 762.599 673.959 676.507 640.110 653.452 -999.250 -999.250 -999.250 -999.250 -999.250 -999.250 -999.250 -999.250 -999.250 -999.250 -999.250 -999.250
257.102 255.551 270.609 320.374 378.720 433.487 487.719 560.837 578.456 604.994 605.611 618.578 596.917 600.679 581.162 534.808 520.241 497.762 447.554 430.171 410.899 423.081 406.828 391.966 377.830 382.325 388.499 377.089 375.265 410.604 455.244 514.160 565.870 597.055 619.097 671.314 727.895 746.513 769.904 790.335 772.332 779.981 782.832 784.866 785.543 808.203 798.459 776.386 762.352 764.324 706.836 708.709 676.613 -999.250 -999.250 -999.250 -999.250 -999.250 -999.250 -999.250 -999.250 -999.250 -999.250 -999.250
256.957 253.391 283.668 324.529 371.927 410.025 430.392 494.304 534.592 541.003 576.444 590.278 571.760 550.620 561.490 528.469 461.987 434.699 431.565 421.231 440.145 426.510 398.176 408.744 407.599 386.317 393.477 377.680 415.704 457.454 471.014 573.866 606.699 632.288 671.465 759.291 845.027 877.012 832.026 880.962 842.441 894.982 828.674 869.192 896.937 869.330 881.924 860.940 806.554 842.928 753.107 -999.250 -999.250 -999.250 -999.250 -999.250 -999.250 -999.250 -999.250 -999.250 -999.250 -999.250 -999.250 -999.250
246.433 239.372 252.523 301.062 341.967 390.482 418.153 456.860 490.658 509.011 531.010 532.213 531.205 519.009 504.488 474.437 433.844 422.627 405.525 409.489 414.692 431.966 432.107 427.904 425.495 412.740 411.895 402.199 414.757 459.329 525.335 591.647 641.633 685.202 780.334 853.617 923.996 968.986 1007.096 1010.739 1002.172 980.996 993.953 983.139 983.181 970.141 939.795 963.804 885.429 888.281 -999.250 -999.250 -999.250 -999.250 -999.250 -999.250 -999.250 -999.250 -999.250 -999.250 -999.250 -999.250 -999.250 -999.250
215.182 220.719 242.216 271.458 321.119 368.385 400.917 439.958 452.017 483.580 515.744 502.135 522.752 488.606 441.430 447.280 415.466 410.061 400.485 401.412 402.851 417.650 441.024 436.019 435.172 431.398 442.815 428.607 457.329 512.490 576.544 629.447 697.384 787.655 795.275 951.678 993.871 1041.621 1065.895 1115.793 1095.608 1126.035 1096.217 1034.106 1077.255 972.852 973.278 990.211 1031.705 945.515 -999.250 -999.250 -999.250 -999.250 -999.250 -999.250 -999.250 -999.250 -999.250 -999.250 -999.250 -999.250 -999.250 -999.250
192.409 192.244 198.217 233.220 277.248 322.215 382.250 415.232 443.404 437.819 461.172 454.203 446.252 450.267 436.991 415.964 393.948 397.352 399.217 374.432 390.428 398.682 421.379 425.795 435.934 446.467 440.298 454.250 492.941 551.559 603.092 649.919 718.999 754.578 904.365 1018.971 1098.845 1150.614 1221.208 1210.659 1182.185 1194.868 1128.603 1144.251 1127.187 1085.974 1069.921 1020.125 950.997 -999.250 -999.250 -999.250 -999.250 -999.250 -999.250 -999.250 -999.250 -999.250 -999.250 -999.250 -999.250 -999.250 -999.250 -999.250
172.100 177.215 197.926 243.317 269.809 323.946 350.600 383.220 412.265 421.205 430.670 409.056 403.612 404.736 388.923 385.793 347.239 361.293 380.020 356.531 370.554 414.770 404.262 415.625 431.277 449.569 452.579 498.944 517.230 591.986 639.663 687.830 740.456 823.364 988.934 1081.244 1149.191 1203.569 1244.940 1247.975 1352.503 1281.740 1255.615 1136.416 1127.801 -999.250 -999.250 -999.250 -999.250 -999.250 -999.250 -999.250 -999.250 -999.250 -999.250 -999.250 -999.250 -999.250 -999.250 -999.250 -999.250 -999.250 -999.250 -999.250
155.285 162.266 173.501 209.966 252.366 267.913 312.837 360.030 383.612 385.398 373.669 395.151 386.982 375.351 374.228 335.382 332.414 329.221 316.116 344.157 374.808 369.920 399.080 404.581 424.271 441.579 474.764 525.404 578.748 599.403 660.428 705.835 776.669 898.016 1005.888 1135.042 1153.483 1261.013 1317.649 1380.049 1298.120 1324.816 1272.723 -999.250 -999.250 -999.250 -999.250 -999.250 -999.250 -999.250 -999.250 -999.250 -999.250 -999.250 -999.250 -999.250 -999.250 -999.250 -999.250 -999.250 -999.250 -999.250 -999.250 -999.250
131.979 156.624 173.156 195.600 250.140 260.647 272.846 318.906 332.212 334.590 349.331 352.618 352.096 337.743 341.710 332.305 304.730 295.473 308.428 319.644 318.676 339.417 356.439 380.969 410.553 433.943 485.792 548.997 577.065 597.554 669.381 742.067 878.472 960.791 1083.129 1160.635 1215.209 1325.752 1437.323 1375.238 1397.981 1420.957 1460.457 -999.250 -999.250 -999.250 -999.250 -999.250 -999.250 -999.250 -999.250 -999.250 -999.250 -999.250 -999.250 -999.250 -999.250 -999.250 -999.250 -999.250 -999.250 -999.250 -999.250 -999.250
133.049 159.004 173.749 192.492 213.171 237.378 265.022 290.500 308.943 300.692 322.252 325.691 304.890 311.600 315.646 289.659 277.828 278.705 283.121 277.167 279.592 307.720 327.445 344.121 395.327 454.040 513.774 541.246 572.793 605.253 673.494 741.950 858.231 1049.515 1085.885 1146.544 1267.725 1381.836 1444.101 1531.321 1469.728 1485.097 1426.701 -999.250 -999.250 -999.250 -999.250 -999.250 -999.250 -999.250 -999.250 -999.250 -999.250 -999.250 -999.250 -999.250 -999.250 -999.250 -999.250 -999.250 -999.250 -999.250 -999.250 -999.250
139.216 149.145 172.012 189.786 226.945 241.563 251.554 266.036 267.487 267.131 293.882 280.258 279.910 284.173 279.701 262.919 271.042 265.070 254.034 263.332 273.844 289.566 317.590 334.684 369.842 403.723 511.948 548.393 601.975 625.295 674.259 806.639 939.467 1042.126 1119.132 1136.856 1314.442 1443.995 1547.192 1682.439 1559.902 1461.305 1460.224 -999.250 -999.250 -999.250 -999.250 -999.250 -999.250 -999.250 -999.250 -999.250 -999.250 -999.250 -999.250 -999.250 -999.250 -999.250 -999.250 -999.250 -999.250 -999.250 -999.250 -999.250
148.436 162.148 173.406 188.373 214.228 234.162 248.170 246.502 252.389 266.734 266.227 252.811 263.721 259.984 246.896 255.758 258.656 259.340 249.449 253.021 260.040 285.320 305.966 313.267 372.183 414.111 526.187 561.680 599.789 626.163 699.886 780.539 922.402 988.720 1117.494 1224.145 1293.549 1425.491 1527.040 1655.312 1619.194 1490.009 1476.428 -999.250 -999.250 -999.250 -999.250 -999.250 -999.250 -999.250 -999.250 -999.250 -999.250 -999.250 -999.250 -999.250 -999.250 -999.250 -999.250 -999.250 -999.250 -999.250 -999.250 -999.250
169.419 164.786 171.223 195.418 219.876 227.382 253.845 252.474 241.170 243.607 248.887 241.791 240.960 229.435 219.072 213.472 204.453 218.918 228.506 257.014 258.822 270.258 280.174 326.128 390.437 423.049 495.006 557.526 591.116 619.982 658.077 751.135 859.302 1014.621 1132.786 1156.919 1226.407 1356.568 1512.740 1527.886 1485.594 1581.778 1489.588 -999.250 -999.250 -999.250 -999.250 -999.250 -999.250 -999.250 -999.250 -999.250 -999.250 -999.250 -999.250 -999.250 -999.250 -999.250 -999.250 -999.250 -999.250 -999.250 -999.250 -999.250
176.653 168.714 177.062 176.199 200.843 233.251 240.354 235.082 229.926 223.868 216.202 211.622 200.670 196.597 204.213 208.216 192.613 205.206 221.669 235.499 256.896 263.910 276.895 314.681 382.064 434.137 466.096 553.801 590.758 604.949 693.188 751.429 905.972 1052.508 1094.449 1110.495 1262.159 1286.980 1351.828 1475.903 1384.039 1469.927 1446.555 1451.829 1421.174 -999.250 -999.250 -999.250 -999.250 -999.250 -999.250 -999.250 -999.250 -999.250 -999.250 -999.250 -999.250 -999.250 -999.250 -999.250 -999.250 -999.250 -999.250 -999.250
176.869 176.639 171.611 180.472 183.158 212.161 222.938 213.228 211.132 191.333 187.791 187.676 178.121 186.294 182.409 175.232 178.975 184.927 200.696 206.884 226.764 238.727 260.168 295.833 380.078 418.770 507.817 527.830 564.880 594.629 695.084 730.932 828.479 966.072 1070.710 1076.297 1178.058 1314.692 1274.457 1314.052 1316.355 1362.056 1407.326 1375.215 1304.294 1251.833 1202.915 -999.250 -999.250 -999.250 -999.250 -999.250 -999.250 -999.250 -999.250 -999.250 -999.250 -999.250 -999.250 -999.250 -999.250 -999.250 -999.250 -999.250
182.604 178.061 171.749 174.168 175.479 187.995 186.341 193.690 182.754 170.414 165.193 166.914 158.871 162.899 173.491 168.136 160.020 163.567 183.137 179.002 215.997 230.847 254.291 285.252 363.629 400.088 475.130 521.094 559.342 595.280 651.116 688.105 756.615 889.052 969.963 959.775 1075.671 1164.345 1217.714 1213.278 1218.380 1244.241 1285.917 1248.146 1281.734 1160.963 1132.465 -999.250 -999.250 -999.250 -999.250 -999.250 -999.250 -999.250 -999.250 -999.250 -999.250 -999.250 -999.250 -999.250 -999.250 -999.250 -999.250 -999.250
186.014 170.185 170.552 163.463 167.381 166.900 170.882 164.638 163.074 156.334 140.705 137.468 146.284 143.648 131.963 144.768 150.387 151.645 166.435 179.697 184.895 217.553 250.530 275.658 334.812 391.112 414.184 463.640 519.155 575.621 620.417 684.037 719.645 794.284 858.368 906.478 1005.444 1069.920 1087.689 1106.992 1096.543 1162.053 1160.706 1180.468 1182.593 1071.982 1093.119 1065.572 -999.250 -999.250 -999.250 -999.250 -999.250 -999.250 -999.250 -999.250 -999.250 -999.250 -999.250 -999.250 -999.250 -999.250 -999.250 -999.250
