data/medianmodel_15-Dec-2020.asc
ncols	141
nrows	288
xllcorner	-120191.398
yllcorner	-301404.813
cellsize	2000.000
NODATA_value	-999.250
[rows 145 to 173 of 288, columns 0 to 63 of 141]
-999.250 -999.250 -999.250 -999.250 -999.250 -999.250 -999.250 -999.250 -999.250 -999.250 -999.250 -999.250 -999.250 -999.250 -999.250 -999.250 -999.250 178.028 181.696 176.578 169.736 179.945 185.621 214.192 262.966 300.858 366.546 413.352 440.857 479.526 515.632 496.732 448.471 421.029 403.065 377.491 366.110 314.139 328.008 304.608 299.389 302.015 282.723 247.010 233.942 228.422 203.307 186.446 191.122 180.914 173.747 166.125 165.025 160.260 173.630 191.437 211.067 217.380 230.640 242.196 259.058 306.851 339.519 416.097
-999.250 -999.250 -999.250 -999.250 -999.250 -999.250 -999.250 -999.250 -999.250 -999.250 -999.250 -999.250 -999.250 -999.250 -999.250 191.907 202.301 199.346 191.872 190.772 198.082 219.248 213.054 228.424 285.324 310.146 372.465 403.044 437.693 458.945 498.959 462.988 415.312 412.554 393.514 352.870 334.401 316.466 293.196 287.240 308.049 312.026 260.265 247.940 219.738 214.257 199.730 202.216 200.938 187.729 174.767 165.193 161.817 171.320 182.277 196.590 244.487 267.578 283.766 296.950 328.921 375.369 417.664 490.909
-999.250 -999.250 -999.250 -999.250 -999.250 -999.250 -999.250 -999.250 -999.250 -999.250 -999.250 -999.250 -999.250 -999.250 204.488 210.316 226.286 213.936 207.964 220.427 209.017 234.167 241.806 261.414 281.462 334.778 374.889 394.581 435.695 457.514 451.971 433.490 416.588 395.907 383.317 326.964 304.396 275.624 263.623 283.137 288.302 279.359 264.256 239.350 214.089 202.486 208.213 206.241 220.119 203.136 186.054 174.890 175.360 173.697 190.586 215.084 250.675 284.463 299.212 342.353 386.910 429.101 484.316 573.048
-999.250 -999.250 -999.250 -999.250 -999.250 -999.250 -999.250 -999.250 -999.250 -999.250 -999.250 -999.250 -999.250 -999.250 221.950 245.943 223.690 223.591 230.616 235.259 247.209 256.889 252.591 278.395 315.401 341.692 377.404 406.813 416.480 427.927 429.851 421.956 410.544 378.466 357.163 328.069 295.053 265.438 265.044 273.297 270.444 258.487 252.353 228.548 195.538 190.185 211.988 227.851 244.694 234.285 197.212 191.053 187.498 184.871 211.755 220.562 263.964 287.136 313.198 369.371 431.133 460.619 544.945 614.969
-999.250 -999.250 -999.250 -999.250 -999.250 -999.250 -999.250 -999.250 -999.250 -999.250 -999.250 -999.250 -999.250 252.499 251.488 256.649 253.770 240.247 251.574 266.746 269.790 259.541 276.826 295.188 327.233 351.854 385.641 407.696 411.613 422.028 425.577 404.392 394.442 360.306 346.534 321.874 281.877 271.671 284.206 272.131 249.749 254.428 242.874 222.880 204.721 214.439 228.695 253.184 260.679 263.420 234.482 219.168 213.007 209.222 210.323 238.396 268.971 283.207 325.468 391.443 419.286 492.739 578.942 616.948
-999.250 -999.250 -999.250 -999.250 -999.250 -999.250 -999.250 -999.250 -999.250 -999.250 -999.250 -999.250 258.911 255.502 264.175 259.636 263.690 256.422 268.039 271.610 286.878 298.321 312.374 328.123 345.240 362.402 391.938 406.780 413.368 427.042 409.506 409.082 378.309 382.144 348.985 327.714 304.068 309.376 283.807 265.526 263.849 266.596 260.407 239.219 234.922 239.120 254.673 283.773 282.822 303.715 280.651 241.145 241.591 231.602 225.904 243.475 275.794 310.952 337.000 372.691 417.774 521.537 584.158 629.366
-999.250 -999.250 -999.250 -999.250 -999.250 -999.250 -999.250 -999.250 -999.250 -999.250 -999.250 294.457 274.126 271.957 280.394 273.141 272.046 266.509 283.043 285.979 305.546 324.226 337.518 363.138 373.677 383.264 400.251 407.407 418.678 417.652 412.329 398.510 385.110 356.473 355.646 327.613 315.016 313.204 293.743 277.209 267.221 272.340 261.976 268.087 264.846 262.221 314.659 351.774 348.073 341.704 326.306 279.508 248.166 252.024 264.066 273.893 271.842 318.414 350.586 381.670 405.775 472.837 596.382 631.236
-999.250 -999.250 -999.250 -999.250 -999.250 -999.250 -999.250 -999.250 -999.250 -999.250 318.500 291.519 292.401 275.908 277.843 272.261 269.873 273.624 305.126 320.745 335.053 338.719 358.607 385.322 388.442 411.732 410.623 413.733 413.416 409.217 421.659 414.410 390.822 386.123 368.166 342.945 325.735 323.092 306.491 288.581 268.706 282.872 272.006 292.308 313.370 368.913 393.812 410.579 413.423 395.420 350.297 310.643 296.630 271.084 259.002 263.821 270.214 306.483 347.560 367.457 412.753 449.550 560.684 636.315
-999.250 -999.250 -999.250 -999.250 -999.250 -999.250 -999.250 -999.250 -999.250 365.092 357.783 315.345 297.010 293.067 271.569 261.603 259.686 279.079 293.192 333.256 327.416 326.314 362.206 381.962 398.934 413.894 415.957 411.114 412.250 413.210 413.400 407.884 396.301 372.127 344.556 345.373 325.011 321.850 310.929 287.953 285.783 286.451 301.397 334.769 378.212 431.626 488.509 499.889 452.521 414.189 380.709 342.182 323.064 286.332 279.442 268.067 274.732 302.362 318.748 381.243 397.338 444.052 534.212 621.668
-999.250 -999.250 -999.250 -999.250 -999.250 413.749 415.079 399.758 382.813 359.689 358.847 338.894 305.148 279.660 266.489 257.803 252.193 271.439 285.311 308.470 318.508 315.288 334.955 374.558 391.220 399.078 411.319 416.087 419.227 422.335 419.074 424.269 402.876 376.428 359.656 357.091 335.381 296.371 289.736 274.365 283.697 281.844 305.466 364.610 421.041 510.296 598.021 567.894 495.657 457.483 425.376 379.495 350.628 321.986 301.520 271.533 271.162 301.655 320.876 355.976 380.855 423.450 485.072 572.043
-999.250 -999.250 -999.250 -999.250 -999.250 -999.250 -999.250 408.825 412.715 403.351 375.689 338.928 316.058 279.375 260.210 240.912 250.236 228.108 250.216 263.214 295.004 293.736 314.739 364.655 389.415 412.189 409.663 412.280 412.180 417.981 412.670 407.580 402.365 398.448 382.680 365.872 343.918 315.925 303.312 265.241 266.696 269.758 314.672 378.877 430.814 497.509 551.307 568.005 521.116 450.150 415.340 402.909 376.467 334.087 306.880 274.555 283.701 279.116 304.156 332.083 361.354 389.905 447.602 525.041
-999.250 -999.250 -999.250 -999.250 -999.250 -999.250 -999.250 411.248 432.321 404.748 394.297 340.486 296.801 260.248 242.235 234.887 214.135 211.223 226.163 239.218 247.909 264.254 291.035 335.906 376.646 401.911 408.219 424.843 432.764 416.174 421.495 413.761 408.323 405.673 386.434 351.987 335.939 304.473 288.257 253.993 242.157 279.385 288.528 356.198 397.044 432.181 466.378 521.543 479.932 453.531 418.625 400.074 366.279 343.187 308.597 279.871 294.993 290.374 296.162 302.793 325.675 371.374 408.524 430.196
-999.250 -999.250 -999.250 -999.250 -999.250 -999.250 -999.250 427.855 409.382 407.557 381.961 359.286 299.306 269.856 249.950 241.429 219.523 193.070 198.358 198.468 221.548 237.067 276.203 293.276 337.853 364.844 408.486 411.422 434.306 409.880 421.582 440.505 415.129 418.478 373.385 369.484 340.778 307.180 271.374 248.611 230.949 242.724 279.390 321.078 366.872 415.299 447.304 469.718 464.459 439.063 431.735 385.162 379.693 352.062 332.367 300.532 275.171 292.753 281.485 282.008 290.841 318.526 356.987 363.931
-999.250 -999.250 -999.250 -999.250 -999.250 -999.250 -999.250 426.350 424.601 411.305 381.689 351.041 311.753 272.708 238.825 216.572 199.003 186.284 175.261 175.267 180.887 209.752 232.731 266.203 304.795 353.866 393.669 409.699 410.031 412.986 418.532 440.222 430.460 416.216 405.988 388.823 353.726 313.489 272.108 231.397 201.028 218.269 240.066 283.898 317.198 365.895 395.953 413.868 421.823 426.801 395.502 389.228 358.614 345.064 332.946 294.484 278.775 259.297 239.037 250.267 264.749 260.954 281.178 330.051
-999.250 -999.250 -999.250 -999.250 -999.250 -999.250 -999.250 -999.250 432.078 421.329 387.679 349.726 330.540 280.628 250.725 216.910 188.396 172.114 171.713 167.774 167.402 177.185 212.680 243.892 288.337 344.821 391.806 401.383 412.078 414.437 424.700 431.321 424.951 413.093 399.657 385.170 372.866 322.644 278.180 219.764 178.987 170.354 197.731 235.476 300.578 346.801 349.964 382.224 386.952 386.756 386.741 380.015 377.165 337.776 319.955 280.629 269.783 238.991 205.421 221.651 224.802 230.412 237.411 259.274
-999.250 -999.250 -999.250 -999.250 -999.250 -999.250 -999.250 -999.250 430.051 433.185 404.698 369.153 332.563 303.770 246.154 222.965 186.180 173.922 155.500 140.260 146.132 165.764 202.686 237.222 303.638 345.478 384.997 400.283 405.147 416.629 396.566 406.451 409.549 415.386 407.251 407.681 394.038 360.027 267.469 211.912 163.313 113.331 166.543 204.141 256.016 300.567 317.857 366.213 387.725 386.077 380.115 369.677 319.792 316.128 293.581 271.283 238.611 207.166 201.590 190.789 200.394 191.647 204.422 209.837
-999.250 -999.250 -999.250 -999.250 -999.250 -999.250 -999.250 426.854 420.754 422.701 400.494 368.828 341.774 285.412 260.186 233.444 200.146 177.997 152.993 134.231 122.827 153.468 193.354 250.058 301.679 341.983 388.779 392.474 404.987 395.455 394.438 393.681 380.907 381.787 407.659 415.940 438.864 338.070 269.475 211.108 173.330 150.838 166.864 188.920 236.956 273.132 314.360 343.617 343.531 383.227 363.285 321.365 301.485 302.619 262.131 237.940 206.773 191.731 181.419 172.368 168.900 171.007 178.017 180.142
-999.250 -999.250 -999.250 -999.250 -999.250 -999.250 -999.250 426.858 429.130 407.122 395.855 388.578 350.146 292.255 290.782 254.447 216.569 181.125 165.510 131.805 95.078 166.875 235.700 279.908 328.702 355.061 382.649 383.570 395.644 380.116 357.864 341.709 350.215 356.493 362.662 386.781 390.557 340.443 259.760 210.465 176.717 162.859 164.598 192.444 244.227 270.530 285.677 326.338 347.879 361.582 342.655 326.901 311.448 274.168 277.863 248.622 207.411 184.988 166.239 152.489 151.123 153.783 156.996 165.226
-999.250 -999.250 -999.250 -999.250 -999.250 -999.250 -999.250 413.871 412.622 413.491 392.388 392.329 349.269 327.427 292.937 271.038 241.821 197.599 185.306 177.850 180.776 222.165 266.817 323.297 375.980 400.105 376.470 410.495 398.217 355.631 342.082 319.278 322.971 316.665 320.465 346.071 348.504 306.829 239.510 199.592 174.533 171.276 177.090 206.671 248.496 266.445 283.715 297.979 312.942 321.901 335.071 336.166 310.773 270.718 258.655 240.024 189.324 172.705 160.349 145.444 140.562 151.175 144.584 156.242
-999.250 -999.250 -999.250 -999.250 -999.250 -999.250 -999.250 418.520 412.229 414.066 409.753 397.139 367.297 347.182 332.684 317.389 280.700 263.534 255.939 265.344 281.856 310.530 341.725 390.590 411.011 420.485 424.811 415.715 400.146 360.730 322.566 271.947 288.872 305.303 299.409 296.280 309.013 266.443 234.913 204.828 183.104 181.094 186.606 208.245 233.582 252.465 263.114 273.464 307.123 316.514 328.027 307.942 298.891 266.300 231.464 210.367 182.065 181.046 156.717 141.286 128.673 144.722 123.505 145.256
-999.250 -999.250 -999.250 -999.250 -999.250 -999.250 445.603 424.269 424.133 412.134 391.834 392.446 395.930 373.614 371.177 349.268 321.876 323.107 344.684 351.021 371.970 401.480 426.693 458.617 465.529 467.783 449.020 468.058 401.336 374.561 304.744 255.840 281.647 276.581 276.153 275.753 279.042 254.639 231.079 196.969 189.870 186.151 182.620 198.713 222.078 235.974 256.922 263.954 285.928 281.783 313.403 287.427 274.568 254.688 219.067 202.950 183.229 173.205 162.463 150.207 143.752 140.148 129.184 137.251
-999.250 -999.250 -999.250 -999.250 -999.250 -999.250 436.402 415.192 435.015 419.925 434.958 397.302 406.272 412.392 388.755 355.094 398.437 381.580 416.999 415.931 432.365 469.874 519.412 528.034 542.259 546.697 540.406 522.739 453.275 393.447 335.032 292.693 272.671 276.142 277.649 276.713 261.950 249.069 243.841 223.424 196.978 194.317 191.607 195.004 204.885 238.674 249.770 260.555 268.762 282.410 295.192 274.324 267.004 255.648 219.932 208.649 185.146 179.895 173.129 161.165 153.843 135.781 135.695 134.547
-999.250 -999.250 -999.250 -999.250 -999.250 429.519 442.405 430.129 427.420 418.112 422.866 417.681 406.508 396.681 395.658 388.666 411.706 425.339 448.380 471.521 501.875 565.478 592.425 592.380 589.252 570.824 572.496 563.480 490.480 421.808 368.651 325.736 298.491 285.643 291.578 277.946 278.849 248.020 248.227 219.594 212.332 211.662 197.355 193.754 196.696 225.323 224.316 243.654 247.745 269.339 248.423 255.219 244.534 227.850 213.312 192.530 184.199 173.451 167.326 155.590 146.554 147.204 130.279 135.349
-999.250 -999.250 -999.250 -999.250 -999.250 432.411 421.781 418.719 431.645 409.977 410.988 418.948 400.000 394.773 385.951 394.211 418.869 431.249 455.538 516.310 572.844 612.504 630.411 637.035 614.560 594.314 587.670 580.989 508.784 446.516 392.825 360.512 328.911 285.341 288.514 281.369 282.965 246.786 241.859 230.554 225.218 200.250 208.764 204.291 205.648 207.261 204.900 211.585 222.252 240.349 251.584 254.667 200.486 196.777 201.754 189.869 173.342 169.387 159.829 157.992 148.543 151.490 137.337 147.597
-999.250 -999.250 -999.250 -999.250 445.645 414.216 415.329 419.672 407.365 405.438 421.363 400.332 389.857 375.891 375.802 395.635 418.815 435.550 485.578 559.521 598.609 646.197 685.505 663.277 644.160 618.911 585.379 579.284 514.266 458.790 398.838 374.820 345.670 335.226 309.985 327.439 301.848 271.596 255.797 243.161 235.008 193.536 199.514 209.451 189.612 195.020 185.622 186.310 203.939 222.008 216.514 224.529 214.209 184.623 193.132 187.789 180.124 173.341 156.588 163.596 160.028 143.696 139.763 155.891
-999.250 -999.250 -999.250 -999.250 419.536 423.485 425.441 398.581 404.326 411.583 401.488 386.812 373.053 350.789 361.809 379.157 389.134 422.741 478.993 531.112 615.223 647.294 755.925 695.809 635.999 610.912 586.838 576.180 525.444 441.504 415.148 386.849 354.689 353.702 347.813 331.657 325.700 280.284 263.507 246.893 226.731 205.473 191.957 183.126 173.509 192.754 176.358 192.093 203.749 212.832 196.580 200.961 191.378 209.257 209.578 189.703 178.215 180.686 176.182 173.457 171.566 162.764 147.012 152.244
-999.250 -999.250 -999.250 -999.250 410.505 407.004 413.101 413.787 415.622 400.282 391.997 381.060 367.421 372.774 360.845 360.261 359.574 401.369 437.633 493.066 570.119 623.978 631.377 644.372 630.568 587.938 581.210 553.705 490.503 475.916 420.254 405.906 383.306 364.986 362.074 348.911 323.217 277.152 257.357 252.073 214.501 201.955 195.891 180.689 177.096 174.718 171.971 186.590 210.373 203.751 190.984 186.598 207.202 208.262 207.695 209.951 199.942 193.274 175.668 174.895 169.757 162.697 157.367 151.515
-999.250 -999.250 -999.250 -999.250 391.912 386.759 408.763 400.658 410.313 391.123 373.689 355.387 361.914 354.954 344.488 322.775 329.592 370.469 397.916 445.728 521.358 566.364 573.194 598.423 577.200 563.964 529.353 523.752 480.084 442.743 421.663 405.902 399.522 367.507 370.647 347.499 318.885 287.696 261.188 239.970 216.001 205.939 186.346 170.561 165.988 167.634 176.523 178.937 171.257 177.240 197.779 212.589 199.720 218.749 216.431 209.140 222.451 232.494 205.198 190.659 182.854 178.403 162.360 165.736
-999.250 -999.250 -999.250 -999.250 371.679 358.484 386.346 404.062 387.692 373.355 369.715 334.288 325.725 315.556 315.439 281.536 272.275 297.787 335.563 365.176 413.548 465.354 525.383 536.085 532.619 517.977 493.463 486.963 440.819 401.641 408.921 386.477 368.413 359.287 335.821 335.389 306.803 286.694 251.266 219.880 213.725 187.637 182.451 185.419 181.880 174.008 183.177 190.972 181.235 191.192 190.454 200.236 221.932 227.466 235.831 220.749 250.752 237.677 232.957 215.547 209.117 186.730 183.874 172.799
