data/medianmodel_23-Nov-2020.asc
ncols	141
nrows	288
xllcorner	-120191.398
yllcorner	-301404.813
cellsize	2000.000
NODATA_value	-999.250
[rows 116 to 144 of 288, columns 65 to 129 of 141]
492.348 503.930 529.906 583.044 635.064 628.149 659.348 624.005 662.612 689.600 701.575 683.855 743.655 622.067 630.781 642.425 644.273 640.011 636.379 617.096 617.695 607.056 665.687 686.217 664.826 625.542 623.936 651.377 620.647 673.269 623.361 593.109 623.060 579.614 577.129 585.401 539.972 569.325 546.801 520.624 527.491 500.008 481.482 462.937 452.715 415.956 381.346 379.013 -999.250 -999.250 -999.250 -999.250 -999.250 -999.250 -999.250 -999.250 -999.250 -999.250 -999.250 -999.250 -999.250 -999.250 -999.250 -999.250 -999.250
464.755 504.024 552.885 575.786 595.618 642.048 625.671 613.047 631.207 597.594 667.955 641.600 654.882 608.976 612.688 650.466 644.087 608.960 640.530 634.670 565.566 612.875 626.675 617.218 639.402 610.317 631.425 635.252 622.342 649.504 630.623 618.600 611.157 556.379 534.605 528.411 513.954 532.157 503.171 517.026 513.557 485.589 494.595 480.297 433.184 393.894 396.223 362.631 -999.250 -999.250 -999.250 -999.250 -999.250 -999.250 -999.250 -999.250 -999.250 -999.250 -999.250 -999.250 -999.250 -999.250 -999.250 -999.250 -999.250
435.590 505.551 535.934 583.310 595.068 632.331 600.641 619.954 604.922 606.902 596.092 624.352 592.073 598.546 610.297 586.190 641.006 623.266 632.894 573.824 602.362 593.303 616.386 621.994 651.660 602.856 634.555 581.185 606.224 602.710 577.183 585.071 589.190 552.615 550.130 546.814 512.661 495.382 506.097 494.797 491.990 475.552 439.226 438.733 403.246 382.513 393.300 385.017 387.308 -999.250 -999.250 -999.250 -999.250 -999.250 -999.250 -999.250 -999.250 -999.250 -999.250 -999.250 -999.250 -999.250 -999.250 -999.250 -999.250
422.289 483.643 529.794 574.091 600.241 600.124 587.531 646.513 634.507 615.510 585.649 586.122 599.273 582.694 594.136 573.381 623.949 590.085 578.435 601.067 567.806 614.614 622.249 624.933 640.113 587.910 577.238 560.410 574.086 570.256 564.288 564.408 549.492 529.932 527.547 512.507 505.425 489.625 482.844 452.883 466.067 456.077 431.541 411.523 393.664 365.501 370.321 367.211 -999.250 -999.250 -999.250 -999.250 -999.250 -999.250 -999.250 -999.250 -999.250 -999.250 -999.250 -999.250 -999.250 -999.250 -999.250 -999.250 -999.250
441.856 499.071 518.828 582.007 621.709 631.160 608.116 634.179 603.060 596.216 551.615 563.430 589.687 582.776 588.311 557.228 560.347 564.353 566.016 556.957 582.525 592.493 571.678 613.628 582.821 543.043 544.720 553.910 540.953 520.989 531.928 525.856 550.573 503.231 506.790 503.107 489.953 460.701 459.320 447.417 428.504 434.723 412.213 419.747 387.632 393.583 394.714 384.593 -999.250 -999.250 -999.250 -999.250 -999.250 -999.250 -999.250 -999.250 -999.250 -999.250 -999.250 -999.250 -999.250 -999.250 -999.250 -999.250 -999.250
454.711 483.404 541.921 569.165 595.042 607.423 605.833 635.191 620.658 568.442 553.249 578.449 582.700 585.567 588.439 581.372 575.165 545.718 546.514 559.708 533.957 556.558 572.983 564.196 583.047 579.220 534.929 527.019 568.839 517.720 512.978 506.173 507.854 503.816 483.909 476.084 459.117 445.170 431.946 415.072 414.560 421.328 400.157 422.071 410.108 416.310 408.829 445.893 -999.250 -999.250 -999.250 -999.250 -999.250 -999.250 -999.250 -999.250 -999.250 -999.250 -999.250 -999.250 -999.250 -999.250 -999.250 -999.250 -999.250
420.024 480.958 512.832 538.483 566.630 559.664 578.105 593.188 597.470 564.273 546.660 627.675 624.693 588.897 586.430 558.102 570.544 567.980 569.819 524.303 510.138 553.250 569.472 546.836 562.217 562.005 531.703 516.346 520.801 506.082 516.540 511.606 482.490 470.789 453.885 411.709 400.958 399.330 404.336 429.538 432.528 419.482 387.884 387.354 395.015 387.116 381.054 391.364 -999.250 -999.250 -999.250 -999.250 -999.250 -999.250 -999.250 -999.250 -999.250 -999.250 -999.250 -999.250 -999.250 -999.250 -999.250 -999.250 -999.250
391.291 414.973 486.679 522.120 547.683 572.555 550.409 551.376 555.056 557.056 561.956 572.682 540.636 552.631 545.682 535.011 541.390 543.063 515.422 528.254 521.768 546.508 526.172 569.963 550.311 548.297 520.650 519.083 490.937 478.601 495.297 490.091 495.934 437.074 422.298 360.562 363.081 380.092 389.846 393.242 387.215 388.353 377.021 380.779 366.988 373.107 372.729 -999.250 -999.250 -999.250 -999.250 -999.250 -999.250 -999.250 -999.250 -999.250 -999.250 -999.250 -999.250 -999.250 -999.250 -999.250 -999.250 -999.250 -999.250
354.339 423.108 466.281 504.687 540.894 550.068 554.099 550.276 524.905 542.197 545.824 534.247 537.714 535.470 525.178 504.680 515.361 506.909 503.610 517.371 534.684 546.189 543.132 535.804 548.578 512.693 520.529 528.510 490.943 490.016 500.101 461.493 463.238 427.914 419.894 382.467 354.031 381.966 390.497 377.829 371.731 347.431 371.662 360.910 366.121 375.723 382.483 -999.250 -999.250 -999.250 -999.250 -999.250 -999.250 -999.250 -999.250 -999.250 -999.250 -999.250 -999.250 -999.250 -999.250 -999.250 -999.250 -999.250 -999.250
358.589 381.296 438.727 476.791 491.080 527.225 527.645 512.347 520.857 540.350 527.546 510.267 499.805 477.408 501.925 501.351 491.205 492.188 498.849 501.195 519.476 548.604 518.372 534.788 545.718 538.121 520.675 525.121 510.891 508.507 479.467 449.473 430.764 410.162 405.220 382.172 348.312 366.447 366.691 351.735 340.931 324.637 337.772 355.920 364.422 369.775 355.861 -999.250 -999.250 -999.250 -999.250 -999.250 -999.250 -999.250 -999.250 -999.250 -999.250 -999.250 -999.250 -999.250 -999.250 -999.250 -999.250 -999.250 -999.250
348.536 381.506 428.458 464.625 490.539 498.029 523.459 536.744 516.125 510.697 510.046 507.259 488.263 470.222 476.811 480.919 473.554 483.161 517.188 487.491 489.867 525.737 550.733 523.357 497.394 523.262 515.315 503.777 504.843 497.457 487.567 465.536 429.015 406.921 373.319 364.765 340.191 353.115 334.589 342.300 333.884 344.195 331.718 334.899 335.377 354.216 331.176 -999.250 -999.250 -999.250 -999.250 -999.250 -999.250 -999.250 -999.250 -999.250 -999.250 -999.250 -999.250 -999.250 -999.250 -999.250 -999.250 -999.250 -999.250
338.126 368.495 419.264 440.693 471.817 488.307 499.515 523.488 503.939 489.780 472.330 498.199 491.076 493.770 478.133 461.010 466.441 492.273 482.050 454.892 476.068 498.856 532.019 506.182 502.927 493.034 502.260 508.953 487.364 491.770 475.215 445.131 421.080 385.070 374.254 354.731 350.300 341.308 337.312 326.447 322.973 310.539 322.419 315.890 304.887 326.888 -999.250 -999.250 -999.250 -999.250 -999.250 -999.250 -999.250 -999.250 -999.250 -999.250 -999.250 -999.250 -999.250 -999.250 -999.250 -999.250 -999.250 -999.250 -999.250
322.391 373.586 436.665 452.988 461.152 499.519 478.907 488.215 479.578 474.784 462.642 468.007 472.657 421.443 443.235 418.501 446.902 445.588 454.815 440.699 446.691 492.301 503.166 478.966 484.613 501.890 469.469 466.975 475.440 458.431 444.978 433.845 366.371 378.021 380.351 369.993 350.470 327.892 326.843 320.660 298.647 287.545 295.089 316.334 316.606 -999.250 -999.250 -999.250 -999.250 -999.250 -999.250 -999.250 -999.250 -999.250 -999.250 -999.250 -999.250 -999.250 -999.250 -999.250 -999.250 -999.250 -999.250 -999.250 -999.250
314.645 368.758 402.651 445.837 434.600 455.944 462.107 455.485 438.139 440.032 432.201 445.785 416.916 398.370 393.029 398.100 408.677 401.106 409.286 408.756 438.513 433.009 456.801 464.935 439.780 471.209 458.557 441.788 418.901 420.056 389.684 372.782 358.010 361.834 365.496 385.173 343.812 328.770 288.652 300.560 282.132 304.100 290.046 289.123 -999.250 -999.250 -999.250 -999.250 -999.250 -999.250 -999.250 -999.250 -999.250 -999.250 -999.250 -999.250 -999.250 -999.250 -999.250 -999.250 -999.250 -999.250 -999.250 -999.250 -999.250
330.887 376.046 417.630 443.080 439.056 472.944 476.400 469.085 436.813 439.491 448.297 408.592 369.226 354.161 362.809 365.937 342.715 350.464 368.009 397.684 389.088 386.733 425.686 436.549 431.817 435.810 425.127 437.796 412.624 377.988 370.243 357.542 359.012 361.648 364.326 355.134 305.522 308.783 291.231 301.101 259.710 258.548 254.701 275.591 -999.250 -999.250 -999.250 -999.250 -999.250 -999.250 -999.250 -999.250 -999.250 -999.250 -999.250 -999.250 -999.250 -999.250 -999.250 -999.250 -999.250 -999.250 -999.250 -999.250 -999.250
337.124 381.185 425.486 435.863 473.769 465.994 465.209 455.024 432.528 407.812 387.947 368.972 346.787 331.833 310.499 317.396 319.952 308.007 329.839 358.394 365.714 378.882 373.570 400.467 413.995 387.326 398.744 406.016 381.167 365.127 362.930 353.440 326.363 332.624 321.583 327.055 310.072 293.938 294.881 309.642 242.482 273.002 252.735 255.257 -999.250 -999.250 -999.250 -999.250 -999.250 -999.250 -999.250 -999.250 -999.250 -999.250 -999.250 -999.250 -999.250 -999.250 -999.250 -999.250 -999.250 -999.250 -999.250 -999.250 -999.250
350.454 390.448 402.216 431.862 461.316 462.492 455.318 434.124 424.089 415.491 376.957 341.670 310.511 259.956 241.842 231.535 236.179 247.682 267.240 324.495 329.512 333.578 361.491 363.173 366.515 382.834 352.905 358.136 355.330 335.862 327.880 338.930 317.935 320.935 303.930 304.145 310.426 274.593 308.876 298.570 268.434 305.049 268.224 268.837 -999.250 -999.250 -999.250 -999.250 -999.250 -999.250 -999.250 -999.250 -999.250 -999.250 -999.250 -999.250 -999.250 -999.250 -999.250 -999.250 -999.250 -999.250 -999.250 -999.250 -999.250
343.954 379.099 396.468 457.768 452.179 463.553 451.146 411.577 402.026 383.329 357.863 314.337 257.733 207.903 182.390 179.017 209.377 211.953 228.583 250.181 298.328 328.095 315.424 333.520 336.095 332.726 346.554 340.119 329.086 309.283 307.272 286.811 294.399 312.607 285.964 275.139 272.304 267.284 274.980 297.367 290.733 296.788 264.677 -999.250 -999.250 -999.250 -999.250 -999.250 -999.250 -999.250 -999.250 -999.250 -999.250 -999.250 -999.250 -999.250 -999.250 -999.250 -999.250 -999.250 -999.250 -999.250 -999.250 -999.250 -999.250
349.982 381.577 410.743 449.573 459.710 459.672 457.048 409.030 396.854 352.804 341.094 287.537 212.452 149.532 131.280 141.635 150.784 193.512 219.938 249.407 238.704 273.808 285.394 303.800 314.911 325.757 313.134 319.510 308.625 292.579 289.358 283.024 294.574 263.322 267.952 253.501 273.916 301.861 259.083 285.461 265.775 266.961 275.710 -999.250 -999.250 -999.250 -999.250 -999.250 -999.250 -999.250 -999.250 -999.250 -999.250 -999.250 -999.250 -999.250 -999.250 -999.250 -999.250 -999.250 -999.250 -999.250 -999.250 -999.250 -999.250
345.122 362.063 388.570 435.313 461.734 435.576 424.075 428.236 403.640 377.721 316.002 245.882 175.292 126.452 70.866 84.523 121.362 151.902 166.860 210.046 225.786 231.163 253.323 292.906 288.970 280.498 284.130 297.440 275.059 276.094 278.310 269.567 261.907 232.223 283.931 250.352 283.678 278.944 269.236 258.464 253.007 279.124 239.846 -999.250 -999.250 -999.250 -999.250 -999.250 -999.250 -999.250 -999.250 -999.250 -999.250 -999.250 -999.250 -999.250 -999.250 -999.250 -999.250 -999.250 -999.250 -999.250 -999.250 -999.250 -999.250
358.648 386.876 401.182 436.357 467.256 450.867 412.357 399.545 379.214 362.944 325.555 250.409 177.049 115.322 0.000 64.613 127.514 162.165 179.112 199.049 231.279 229.776 237.220 270.994 274.068 269.661 268.887 272.099 255.784 249.384 286.557 292.834 268.884 253.477 261.885 245.546 277.780 298.329 291.518 295.513 285.625 294.275 292.127 -999.250 -999.250 -999.250 -999.250 -999.250 -999.250 -999.250 -999.250 -999.250 -999.250 -999.250 -999.250 -999.250 -999.250 -999.250 -999.250 -999.250 -999.250 -999.250 -999.250 -999.250 -999.250
352.332 372.512 392.835 450.149 472.873 456.554 433.967 414.508 406.887 366.151 317.533 262.740 212.047 153.158 106.168 139.040 160.509 176.160 199.847 209.101 228.902 245.574 251.178 248.714 249.546 281.797 274.810 259.193 261.972 247.356 257.279 255.541 250.975 292.676 268.900 252.825 293.065 293.391 291.597 294.281 287.485 290.145 -999.250 -999.250 -999.250 -999.250 -999.250 -999.250 -999.250 -999.250 -999.250 -999.250 -999.250 -999.250 -999.250 -999.250 -999.250 -999.250 -999.250 -999.250 -999.250 -999.250 -999.250 -999.250 -999.250
330.286 358.127 388.975 431.302 446.814 464.870 464.171 435.268 422.660 387.574 346.112 323.811 279.849 235.588 229.927 202.208 204.593 219.543 241.510 262.828 262.165 -999.250 -999.250 -999.250 -999.250 240.145 273.872 254.334 249.993 240.231 -999.250 -999.250 -999.250 -999.250 -999.250 -999.250 -999.250 -999.250 -999.250 -999.250 -999.250 -999.250 -999.250 -999.250 -999.250 -999.250 -999.250 -999.250 -999.250 -999.250 -999.250 -999.250 -999.250 -999.250 -999.250 -999.250 -999.250 -999.250 -999.250 -999.250 -999.250 -999.250 -999.250 -999.250 -999.250
313.376 349.361 397.508 424.375 434.217 475.183 446.517 455.311 455.622 420.743 388.222 371.587 345.838 333.159 315.678 286.448 275.345 279.708 291.384 277.000 297.187 -999.250 -999.250 -999.250 -999.250 -999.250 -999.250 -999.250 -999.250 -999.250 -999.250 -999.250 -999.250 -999.250 -999.250 -999.250 -999.250 -999.250 -999.250 -999.250 -999.250 -999.250 -999.250 -999.250 -999.250 -999.250 -999.250 -999.250 -999.250 -999.250 -999.250 -999.250 -999.250 -999.250 -999.250 -999.250 -999.250 -999.250 -999.250 -999.250 -999.250 -999.250 -999.250 -999.250 -999.250
325.326 369.374 419.203 449.163 481.072 486.765 486.502 486.664 453.152 479.131 423.735 415.830 418.440 399.519 373.284 360.484 341.607 350.591 340.207 331.712 312.934 -999.250 -999.250 -999.250 -999.250 -999.250 -999.250 -999.250 -999.250 -999.250 -999.250 -999.250 -999.250 -999.250 -999.250 -999.250 -999.250 -999.250 -999.250 -999.250 -999.250 -999.250 -999.250 -999.250 -999.250 -999.250 -999.250 -999.250 -999.250 -999.250 -999.250 -999.250 -999.250 -999.250 -999.250 -999.250 -999.250 -999.250 -999.250 -999.250 -999.250 -999.250 -999.250 -999.250 -999.250
311.786 389.419 446.835 475.825 487.186 505.715 518.697 530.695 527.198 472.260 455.986 481.653 489.392 465.472 417.288 443.974 405.529 424.730 388.215 370.633 361.511 339.809 -999.250 -999.250 -999.250 -999.250 -999.250 -999.250 -999.250 -999.250 -999.250 -999.250 -999.250 -999.250 -999.250 -999.250 -999.250 -999.250 -999.250 -999.250 -999.250 -999.250 -999.250 -999.250 -999.250 -999.250 -999.250 -999.250 -999.250 -999.250 -999.250 -999.250 -999.250 -999.250 -999.250 -999.250 -999.250 -999.250 -999.250 -999.250 -999.250 -999.250 -999.250 -999.250 -999.250
342.635 425.921 455.814 488.928 511.594 520.462 540.014 537.211 525.633 539.102 538.145 503.675 510.861 512.921 509.659 509.259 514.338 494.808 436.222 413.319 375.552 334.254 313.441 -999.250 -999.250 -999.250 -999.250 -999.250 -999.250 -999.250 -999.250 -999.250 -999.250 -999.250 -999.250 -999.250 -999.250 -999.250 -999.250 -999.250 -999.250 -999.250 -999.250 -999.250 -999.250 -999.250 -999.250 -999.250 -999.250 -999.250 -999.250 -999.250 -999.250 -999.250 -999.250 -999.250 -999.250 -999.250 -999.250 -999.250 -999.250 -999.250 -999.250 -999.250 -999.250
406.613 455.402 491.110 527.246 562.761 565.104 573.854 563.895 566.965 550.301 593.354 559.542 584.608 601.344 581.448 571.656 574.281 541.678 499.447 446.437 401.124 366.463 310.175 249.752 -999.250 -999.250 -999.250 -999.250 -999.250 -999.250 -999.250 -999.250 -999.250 -999.250 -999.250 -999.250 -999.250 -999.250 -999.250 -999.250 -999.250 -999.250 -999.250 -999.250 -999.250 -999.250 -999.250 -999.250 -999.250 -999.250 -999.250 -999.250 -999.250 -999.250 -999.250 -999.250 -999.250 -999.250 -999.250 -999.250 -999.250 -999.250 -999.250 -999.250 -999.250
458.048 489.690 528.083 564.930 603.325 594.985 640.813 651.775 628.494 591.123 587.411 608.336 604.345 640.301 646.761 632.619 629.452 582.239 512.795 476.017 410.039 384.608 331.471 271.054 -999.250 -999.250 -999.250 -999.250 -999.250 -999.250 -999.250 -999.250 -999.250 -999.250 -999.250 -999.250 -999.250 -999.250 -999.250 -999.250 -999.250 -999.250 -999.250 -999.250 -999.250 -999.250 -999.250 -999.250 -999.250 -999.250 -999.250 -999.250 -999.250 -999.250 -999.250 -999.250 -999.250 -999.250 -999.250 -999.250 -999.250 -999.250 -999.250 -999.250 -999.250
