data/medianmodel_17-May-2020.asc
ncols	141
nrows	288
xllcorner	-120191.398
yllcorner	-301404.813
cellsize	2000.000
NODATA_value	-999.250
[rows 186 to 216 of 288, columns 0 to 68 of 141]
54.930 66.644 53.855 42.506 46.709 55.315 44.057 53.369 55.674 71.538 76.289 88.600 98.180 79.941 85.820 87.979 93.556 93.291 -999.250 -999.250 -999.250 -999.250 -999.250 53.211 37.770 35.096 26.663 18.618 14.354 18.048 20.606 23.468 27.684 33.358 33.910 39.404 38.267 49.032 47.641 38.409 39.989 37.901 30.794 27.168 22.075 21.136 20.891 19.653 13.080 14.626 10.592 11.113 9.664 10.707 7.046 8.168 6.882 6.433 5.088 5.486 4.081 3.096 3.381 2.483 0.304 0.000 0.000 0.664 1.945
-999.250 52.181 41.989 48.281 46.932 54.383 57.004 59.876 74.903 67.003 78.178 99.858 111.892 97.585 95.137 96.890 92.175 99.510 -999.250 -999.250 -999.250 -999.250 83.155 69.620 46.408 36.750 29.619 18.548 18.893 24.712 23.566 27.088 31.161 42.135 47.868 46.897 46.781 47.123 42.377 43.454 46.800 35.622 30.813 21.137 19.674 19.920 20.514 18.273 15.201 12.600 14.202 11.875 11.318 10.000 7.907 5.835 7.890 7.353 3.995 4.649 6.464 3.807 1.643 2.387 0.000 0.000 0.000 0.000 1.910
-999.250 42.869 47.711 48.053 42.547 46.047 48.738 52.608 64.359 72.620 69.689 92.773 107.524 97.415 93.290 94.207 93.928 94.370 -999.250 -999.250 -999.250 106.302 -999.250 74.169 66.965 37.066 27.172 23.277 19.358 23.581 25.248 26.104 31.423 40.572 45.314 42.671 59.002 49.800 48.559 50.436 44.972 41.629 29.993 23.004 18.483 16.094 19.868 14.937 14.766 13.248 12.036 11.076 8.225 6.536 7.692 7.263 6.514 6.813 7.006 5.562 6.411 2.152 1.549 0.416 0.000 0.000 0.000 0.540 2.543
-999.250 36.184 43.317 47.578 35.390 37.028 42.105 46.462 53.995 62.029 59.032 71.151 87.327 77.100 79.943 80.719 84.491 -999.250 -999.250 -999.250 -999.250 121.424 112.510 81.732 57.307 33.971 29.658 28.983 26.356 23.082 22.548 26.582 36.892 38.534 53.883 49.145 60.436 57.904 49.981 36.951 36.318 32.490 26.507 23.720 16.879 16.833 15.806 11.926 12.822 11.509 8.285 9.388 9.556 7.652 7.637 6.891 5.412 4.364 6.358 5.169 5.483 4.304 2.180 0.135 0.000 0.000 0.000 0.894 2.216
-999.250 34.264 40.608 47.283 38.781 30.006 32.076 42.320 54.698 56.915 51.980 56.931 67.411 60.196 59.622 75.865 76.373 -999.250 -999.250 -999.250 120.896 121.179 118.027 94.164 60.064 41.015 26.555 27.059 30.323 22.258 22.556 23.684 33.819 43.148 46.730 45.055 56.971 52.702 44.396 42.667 36.887 29.805 24.608 19.874 15.996 14.807 11.514 9.991 11.795 8.913 7.818 10.633 8.224 6.753 5.208 5.123 5.481 5.926 5.552 4.223 4.900 3.860 2.121 1.387 0.000 0.137 1.761 2.854 1.923
-999.250 -999.250 -999.250 31.749 -999.250 -999.250 30.383 39.190 37.564 -999.250 -999.250 -999.250 42.891 45.739 -999.250 -999.250 -999.250 -999.250 -999.250 -999.250 128.845 109.583 107.887 77.891 71.642 38.533 24.666 23.847 19.998 16.672 20.859 23.244 30.061 38.540 48.572 51.461 52.991 42.245 38.791 34.205 28.535 25.014 22.135 14.501 11.725 10.804 11.059 10.800 10.982 8.526 7.458 8.833 6.321 6.267 3.362 3.944 3.356 3.122 3.114 1.778 3.499 2.779 3.456 2.090 2.245 1.632 1.332 2.825 2.883
-999.250 -999.250 -999.250 -999.250 -999.250 -999.250 -999.250 -999.250 -999.250 -999.250 -999.250 -999.250 -999.250 39.619 34.058 47.912 -999.250 -999.250 -999.250 114.621 122.125 108.703 89.104 73.291 49.696 35.329 22.455 17.810 15.051 12.578 14.701 20.951 27.801 30.315 41.811 47.433 45.942 46.186 34.356 27.189 23.875 15.762 11.134 10.872 8.870 8.885 7.403 7.812 7.054 6.741 6.045 6.795 5.060 4.944 2.701 1.296 0.000 1.256 0.753 0.000 2.744 3.101 1.882 3.459 1.395 1.934 2.037 1.043 2.122
-999.250 -999.250 -999.250 -999.250 -999.250 -999.250 -999.250 -999.250 -999.250 -999.250 -999.250 32.591 26.130 27.789 27.553 37.861 -999.250 -999.250 104.624 117.104 111.422 94.998 90.060 64.593 43.047 24.040 15.293 10.238 8.095 9.193 12.003 16.380 18.136 26.116 30.283 39.646 44.482 41.666 34.336 27.164 21.975 13.830 12.151 12.500 7.667 6.408 6.307 6.025 5.154 7.202 5.242 5.349 4.556 4.324 1.477 0.000 0.000 0.000 1.162 0.357 0.547 1.314 1.868 2.364 2.856 3.113 1.560 1.030 0.974
-999.250 -999.250 -999.250 -999.250 -999.250 -999.250 -999.250 -999.250 -999.250 -999.250 -999.250 27.429 30.494 25.350 27.306 36.424 51.184 75.775 95.902 96.119 100.694 90.052 78.846 67.676 41.494 21.412 7.780 2.375 1.920 6.904 9.728 14.172 15.817 19.826 28.160 32.330 40.203 37.504 32.757 24.734 16.395 14.206 11.234 10.640 6.495 7.242 6.117 6.969 5.733 6.102 4.953 4.207 4.857 4.643 2.382 0.000 0.000 0.000 0.000 1.739 0.815 1.174 3.313 1.577 3.902 3.491 3.668 1.845 2.190
-999.250 -999.250 -999.250 -999.250 -999.250 -999.250 -999.250 -999.250 -999.250 -999.250 -999.250 -999.250 26.163 22.232 34.087 38.864 59.016 61.262 76.622 75.127 86.837 74.482 74.237 52.621 34.727 16.081 5.080 2.053 1.395 2.498 5.159 11.603 10.747 17.974 19.697 26.979 24.228 25.291 25.263 25.761 16.718 15.557 10.136 9.364 8.442 7.967 7.263 6.449 4.918 5.737 5.110 5.373 6.747 4.524 2.861 0.763 1.080 0.375 0.423 2.279 3.075 3.871 5.435 2.876 3.859 3.178 2.514 2.686 2.408
-999.250 -999.250 -999.250 -999.250 -999.250 -999.250 -999.250 -999.250 -999.250 -999.250 -999.250 -999.250 -999.250 25.367 30.185 33.104 45.617 50.570 49.647 64.719 72.045 64.643 42.376 36.587 24.944 15.777 7.432 3.034 2.833 3.512 7.643 10.894 12.690 15.006 18.065 19.840 19.458 21.514 21.138 19.218 16.584 16.936 10.248 10.433 10.276 9.024 7.401 5.126 4.045 4.809 5.854 5.181 5.667 3.340 4.144 2.986 1.261 1.151 2.022 3.761 3.153 2.303 3.218 4.408 4.154 4.542 4.523 2.509 3.166
-999.250 -999.250 -999.250 -999.250 -999.250 -999.250 -999.250 -999.250 -999.250 -999.250 -999.250 -999.250 -999.250 23.473 25.203 28.821 33.839 37.072 43.390 49.562 55.620 44.885 32.826 25.902 16.668 14.090 7.307 2.818 5.272 7.827 7.924 12.791 12.009 12.510 18.148 16.192 18.281 17.632 16.217 17.915 18.019 13.301 11.362 9.667 8.396 7.981 5.843 6.895 5.592 5.273 4.649 6.896 7.234 3.830 3.761 4.523 3.256 4.835 2.629 3.965 5.087 3.513 2.517 2.898 4.313 3.955 4.168 4.268 4.428
-999.250 -999.250 -999.250 -999.250 -999.250 -999.250 -999.250 -999.250 -999.250 -999.250 -999.250 -999.250 -999.250 21.425 25.972 28.644 25.941 28.178 30.563 33.855 37.683 34.210 29.084 21.576 15.856 10.117 6.954 7.385 9.506 7.126 13.197 11.319 13.424 13.644 14.472 18.809 15.935 14.417 14.335 16.787 18.129 13.433 9.187 7.181 7.345 7.842 10.650 7.913 7.839 4.606 5.469 7.220 6.355 4.841 3.165 5.298 4.972 5.132 5.208 5.416 4.180 5.853 5.422 5.248 2.182 4.516 4.654 4.947 6.386
-999.250 -999.250 -999.250 -999.250 -999.250 -999.250 -999.250 -999.250 -999.250 -999.250 -999.250 -999.250 -999.250 -999.250 19.221 23.831 21.416 21.051 21.212 25.025 28.009 23.255 19.070 18.729 14.815 11.855 10.732 12.169 14.616 10.992 14.290 13.971 15.687 13.427 11.321 19.634 17.668 17.048 18.449 15.095 15.586 14.602 11.969 11.017 9.749 10.213 9.059 7.063 8.927 6.784 5.297 8.223 7.180 7.256 4.804 6.784 6.177 6.830 5.400 5.490 5.902 6.352 6.540 4.710 3.816 5.834 5.894 6.202 6.338
-999.250 -999.250 -999.250 -999.250 -999.250 -999.250 -999.250 -999.250 -999.250 -999.250 -999.250 -999.250 -999.250 -999.250 17.258 18.058 13.399 18.128 18.076 17.831 18.088 18.236 18.879 18.579 16.417 15.594 17.028 17.500 20.847 16.676 14.479 11.670 15.263 11.620 13.495 12.840 14.261 14.771 13.443 16.447 11.470 11.786 12.054 13.554 12.726 9.630 8.978 6.838 8.104 7.900 6.082 5.435 7.616 5.404 7.144 7.919 8.373 8.099 6.657 6.716 6.039 6.669 6.336 5.533 4.478 3.880 4.471 5.296 7.533
-999.250 -999.250 -999.250 -999.250 -999.250 -999.250 -999.250 -999.250 -999.250 -999.250 -999.250 -999.250 -999.250 -999.250 15.002 16.820 16.019 15.233 16.589 15.178 18.541 19.036 19.187 19.700 15.419 17.020 16.410 15.836 19.092 18.939 16.515 16.603 10.726 15.091 13.114 15.802 14.135 14.478 14.406 14.692 14.536 12.080 10.997 11.745 11.910 8.774 7.324 6.860 7.404 8.329 7.886 6.992 6.999 7.263 7.709 10.177 9.011 9.245 8.846 7.543 4.528 5.360 3.982 4.736 5.952 4.548 4.748 5.401 6.236
-999.250 -999.250 -999.250 -999.250 -999.250 -999.250 -999.250 -999.250 -999.250 -999.250 -999.250 -999.250 -999.250 -999.250 21.610 20.159 17.492 16.438 17.050 14.742 16.268 20.142 20.057 18.628 16.543 -999.250 17.070 20.268 19.688 18.839 18.633 19.800 16.178 12.703 12.908 15.004 15.316 13.370 12.491 11.464 11.418 13.191 11.349 12.223 13.044 9.446 7.171 5.710 7.756 8.256 7.048 9.334 5.676 6.894 6.597 8.566 9.778 9.350 8.129 8.137 3.934 4.376 5.153 4.504 5.214 5.141 4.055 3.836 6.273
-999.250 -999.250 -999.250 -999.250 -999.250 -999.250 -999.250 -999.250 -999.250 -999.250 -999.250 -999.250 -999.250 -999.250 23.785 21.995 22.128 18.670 18.310 16.176 16.207 16.290 19.722 -999.250 -999.250 -999.250 15.992 20.068 20.880 20.365 20.430 20.293 16.183 15.067 15.221 13.717 9.904 14.271 11.107 9.877 12.661 13.338 15.065 10.298 9.067 7.690 8.509 7.187 8.356 6.799 5.941 7.960 6.095 5.584 5.468 7.027 11.135 10.930 6.618 8.215 6.616 4.384 6.961 6.255 4.221 5.861 6.726 4.052 3.640
-999.250 -999.250 -999.250 -999.250 -999.250 -999.250 -999.250 -999.250 -999.250 -999.250 -999.250 -999.250 -999.250 24.717 29.129 26.494 22.214 22.664 17.398 17.762 19.444 18.168 -999.250 -999.250 -999.250 -999.250 -999.250 14.862 17.437 17.523 16.558 14.994 15.449 14.944 16.651 12.956 10.527 12.651 11.524 10.757 10.792 12.025 11.364 12.199 10.706 8.381 7.439 8.517 8.318 10.897 8.446 8.915 6.951 5.795 3.004 7.120 8.017 10.220 7.882 6.639 7.122 5.647 4.349 5.697 3.768 5.831 7.041 6.384 6.066
-999.250 -999.250 -999.250 -999.250 -999.250 -999.250 -999.250 -999.250 -999.250 -999.250 -999.250 -999.250 -999.250 26.782 30.364 23.735 20.754 21.151 18.010 15.968 -999.250 -999.250 -999.250 -999.250 -999.250 -999.250 -999.250 -999.250 13.712 16.708 16.026 16.228 15.694 12.654 16.645 13.946 15.066 11.491 7.982 9.026 12.329 9.855 9.044 11.119 8.133 7.342 8.136 8.071 9.416 10.837 9.499 7.450 7.981 6.842 5.394 7.633 10.192 8.358 7.267 5.584 5.101 5.718 5.424 4.440 5.270 6.450 6.833 6.000 4.441
-999.250 -999.250 -999.250 -999.250 -999.250 -999.250 -999.250 -999.250 -999.250 -999.250 -999.250 -999.250 22.635 30.417 -999.250 -999.250 -999.250 -999.250 -999.250 -999.250 -999.250 -999.250 -999.250 -999.250 -999.250 -999.250 -999.250 -999.250 -999.250 13.102 14.235 15.646 15.165 9.643 12.097 12.238 10.831 10.056 8.609 8.786 11.886 9.796 10.839 7.876 7.663 8.431 7.989 7.592 8.257 9.365 8.158 7.251 6.543 6.622 7.778 8.088 8.891 6.976 5.463 4.092 4.927 3.021 3.262 5.305 4.211 4.771 4.010 5.386 5.553
-999.250 -999.250 -999.250 -999.250 -999.250 -999.250 -999.250 -999.250 -999.250 -999.250 -999.250 -999.250 -999.250 -999.250 -999.250 -999.250 -999.250 -999.250 -999.250 -999.250 -999.250 -999.250 -999.250 -999.250 -999.250 -999.250 -999.250 -999.250 -999.250 -999.250 10.791 12.220 8.988 11.986 13.101 16.594 12.298 11.851 9.056 10.046 11.565 9.445 7.906 10.914 9.340 7.592 7.619 9.431 8.135 10.509 9.297 6.307 7.236 6.634 5.579 7.585 6.398 7.116 4.242 4.478 3.967 3.894 3.503 4.326 2.890 3.749 2.623 5.092 3.530
-999.250 -999.250 -999.250 -999.250 -999.250 -999.250 -999.250 -999.250 -999.250 -999.250 -999.250 -999.250 -999.250 -999.250 -999.250 -999.250 -999.250 -999.250 -999.250 -999.250 -999.250 -999.250 -999.250 -999.250 -999.250 -999.250 -999.250 -999.250 -999.250 -999.250 10.278 10.783 9.971 12.764 11.567 13.785 12.741 13.022 10.116 10.896 8.048 8.964 7.993 11.159 8.507 7.742 8.392 8.300 7.887 7.557 6.536 8.740 7.524 4.790 5.114 5.987 5.203 5.405 4.505 4.433 4.574 3.714 2.101 3.535 2.558 2.983 1.954 1.420 2.001
-999.250 -999.250 -999.250 -999.250 -999.250 -999.250 -999.250 -999.250 -999.250 -999.250 -999.250 -999.250 -999.250 -999.250 -999.250 -999.250 -999.250 -999.250 -999.250 -999.250 -999.250 -999.250 -999.250 -999.250 -999.250 -999.250 -999.250 -999.250 -999.250 -999.250 8.085 11.433 10.568 9.412 10.580 12.098 13.222 12.424 11.582 11.715 9.924 7.835 7.484 9.299 9.082 7.448 7.054 6.679 5.443 6.546 7.862 8.787 6.745 6.743 6.892 6.170 6.605 7.012 6.263 4.679 3.058 1.995 1.210 0.843 0.901 0.000 1.201 0.573 2.520
-999.250 -999.250 -999.250 -999.250 -999.250 -999.250 -999.250 -999.250 -999.250 -999.250 -999.250 -999.250 -999.250 -999.250 -999.250 -999.250 -999.250 -999.250 -999.250 -999.250 -999.250 -999.250 -999.250 -999.250 -999.250 -999.250 -999.250 -999.250 -999.250 -999.250 -999.250 14.391 13.481 15.202 14.720 13.731 14.475 12.921 12.621 11.669 10.629 7.198 8.577 9.250 8.605 8.647 7.790 6.928 6.380 8.699 6.103 7.537 8.690 5.800 6.708 5.878 5.885 7.543 6.816 3.911 2.295 1.448 0.000 0.212 0.000 0.000 1.518 0.334 0.985
-999.250 -999.250 -999.250 -999.250 -999.250 -999.250 -999.250 -999.250 -999.250 -999.250 -999.250 -999.250 -999.250 -999.250 -999.250 -999.250 -999.250 -999.250 -999.250 -999.250 -999.250 -999.250 -999.250 -999.250 -999.250 -999.250 -999.250 -999.250 -999.250 -999.250 -999.250 13.441 15.273 17.196 15.633 15.180 11.837 13.552 11.715 12.139 10.248 8.876 7.655 6.890 8.626 7.984 8.334 6.015 9.404 6.540 6.937 7.550 7.968 5.737 7.963 6.520 7.889 4.139 4.685 6.379 2.541 2.183 1.880 0.000 0.000 0.000 0.000 0.000 1.884
-999.250 -999.250 -999.250 -999.250 -999.250 -999.250 -999.250 -999.250 -999.250 -999.250 -999.250 -999.250 -999.250 -999.250 -999.250 -999.250 -999.250 -999.250 -999.250 -999.250 -999.250 -999.250 -999.250 -999.250 -999.250 -999.250 -999.250 -999.250 -999.250 -999.250 -999.250 14.508 12.146 15.077 13.532 12.687 14.047 11.257 9.433 9.305 9.672 8.316 5.819 6.076 8.149 8.229 8.307 8.227 9.538 4.627 7.357 6.322 5.695 5.463 6.147 6.281 7.168 6.403 5.973 4.494 4.532 5.218 1.426 1.964 0.000 0.000 0.000 0.431 1.922
-999.250 -999.250 -999.250 -999.250 -999.250 -999.250 -999.250 -999.250 -999.250 -999.250 -999.250 -999.250 -999.250 -999.250 -999.250 -999.250 -999.250 -999.250 -999.250 -999.250 -999.250 -999.250 -999.250 -999.250 -999.250 -999.250 -999.250 -999.250 -999.250 -999.250 -999.250 12.201 13.401 12.142 9.866 11.782 12.249 10.300 11.824 10.159 8.574 9.658 8.357 8.027 6.161 6.493 5.411 6.944 8.225 7.157 7.040 7.217 6.418 4.494 7.111 5.428 5.908 4.113 6.261 6.643 6.110 4.473 3.327 1.826 0.000 0.508 0.000 1.152 0.000
-999.250 -999.250 -999.250 -999.250 -999.250 -999.250 -999.250 -999.250 -999.250 -999.250 -999.250 -999.250 -999.250 -999.250 -999.250 -999.250 -999.250 -999.250 -999.250 -999.250 -999.250 -999.250 -999.250 -999.250 -999.250 -999.250 -999.250 -999.250 -999.250 -999.250 -999.250 11.794 12.651 13.954 9.851 10.215 9.409 10.149 10.542 7.876 9.843 7.025 8.904 9.188 6.341 7.357 4.826 5.445 5.515 7.605 7.386 6.908 6.098 6.212 5.319 5.152 5.746 3.167 5.042 6.099 4.289 4.130 2.363 0.301 0.000 0.000 0.000 0.087 0.000
-999.250 -999.250 -999.250 -999.250 -999.250 -999.250 -999.250 -999.250 -999.250 -999.250 -999.250 -999.250 -999.250 -999.250 -999.250 -999.250 -999.250 -999.250 -999.250 -999.250 -999.250 -999.250 -999.250 -999.250 -999.250 -999.250 -999.250 -999.250 -999.250 -999.250 -999.250 13.373 12.555 11.478 10.153 11.828 12.289 8.643 8.268 10.242 9.592 7.997 7.671 6.855 6.469 7.240 8.701 5.620 4.968 6.603 9.490 5.685 7.983 4.708 2.691 4.739 5.890 6.828 5.921 4.899 5.017 2.184 3.408 0.905 0.000 0.000 0.000 0.000 0.000
-999.250 -999.250 -999.250 -999.250 -999.250 -999.250 -999.250 -999.250 -999.250 -999.250 -999.250 -999.250 -999.250 -999.250 -999.250 -999.250 -999.250 -999.250 -999.250 -999.250 -999.250 -999.250 -999.250 -999.250 -999.250 -999.250 -999.250 -999.250 -999.250 -999.250 -999.250 10.183 9.277 11.431 11.535 13.664 14.266 11.898 8.350 7.150 6.827 8.169 10.137 6.087 6.124 6.059 5.844 6.916 5.369 6.062 6.617 6.078 4.525 5.594 5.752 3.167 7.234 5.678 6.220 8.685 5.018 3.761 2.357 1.079 0.121 0.000 0.000 0.000 0.000
