data/medianmodel_13-Jan-2021.asc
ncols	141
nrows	288
xllcorner	-120191.398
yllcorner	-301404.813
cellsize	2000.000
NODATA_value	-999.250
[rows 84 to 111 of 288, columns 64 to 127 of 141]
1364.996 1297.564 1305.329 1328.086 1303.667 1356.627 1369.478 1338.878 1355.684 1399.375 1445.288 1497.369 1582.556 1755.772 2059.845 2325.754 2540.693 2646.757 3244.789 3817.214 4196.113 3589.321 3157.395 2788.352 2346.223 1907.486 1486.721 1403.961 1388.641 1343.616 1396.284 1360.291 1377.965 1467.346 1440.973 1455.886 1469.850 1465.111 1531.036 1428.295 1379.178 1357.920 1284.151 1239.401 1208.341 1107.593 1073.113 973.971 897.104 848.000 823.328 -999.250 -999.250 -999.250 -999.250 -999.250 -999.250 -999.250 -999.250 -999.250 -999.250 -999.250 -999.250 -999.250
1364.634 1286.913 1328.831 1345.481 1338.400 1336.825 1380.763 1375.264 1402.965 1388.582 1391.929 1397.224 1512.696 1565.713 1780.718 2131.634 2225.403 2427.515 2652.137 3204.196 3398.066 3198.828 2706.957 2408.042 2004.630 1628.296 1466.552 1340.078 1290.205 1323.715 1339.981 1342.158 1361.456 1345.893 1408.393 1439.385 1423.027 1392.617 1389.566 1322.339 1345.599 1277.039 1197.502 1086.007 1028.769 982.095 934.101 855.104 800.742 744.448 777.358 -999.250 -999.250 -999.250 -999.250 -999.250 -999.250 -999.250 -999.250 -999.250 -999.250 -999.250 -999.250 -999.250
1339.658 1284.645 1344.547 1364.731 1380.419 1365.363 1386.995 1345.718 1366.279 1358.028 1373.297 1385.728 1410.763 1457.565 1558.099 1698.790 1861.453 2175.804 2342.617 2569.433 2683.394 2510.105 2449.697 2086.724 1805.882 1568.087 1374.881 1311.319 1259.601 1271.130 1249.482 1294.723 1310.689 1312.731 1351.690 1339.734 1357.552 1326.079 1357.720 1325.633 1247.902 1175.946 1100.714 991.750 984.698 908.127 821.161 805.569 736.566 690.526 -999.250 -999.250 -999.250 -999.250 -999.250 -999.250 -999.250 -999.250 -999.250 -999.250 -999.250 -999.250 -999.250 -999.250
1371.423 1305.314 1313.053 1373.572 1384.736 1415.232 1459.855 1441.143 1379.199 1332.972 1314.642 1329.050 1301.510 1348.511 1377.170 1507.096 1569.275 1594.293 1779.609 1938.677 2094.977 2123.355 1910.174 1760.359 1603.139 1447.631 1351.479 1266.976 1246.017 1254.178 1238.577 1234.362 1292.122 1342.181 1333.750 1293.246 1273.763 1289.411 1246.408 1237.782 1203.907 1093.987 1030.300 928.811 852.371 795.649 776.007 685.453 650.240 626.898 -999.250 -999.250 -999.250 -999.250 -999.250 -999.250 -999.250 -999.250 -999.250 -999.250 -999.250 -999.250 -999.250 -999.250
1301.813 1291.263 1289.889 1379.180 1403.598 1476.926 1495.246 1562.545 1474.610 1350.142 1275.325 1254.760 1220.359 1198.687 1238.515 1275.509 1266.053 1272.856 1358.954 1471.196 1529.741 1560.123 1533.193 1448.704 1393.982 1342.266 1286.964 1254.674 1216.930 1202.364 1203.974 1252.346 1314.292 1367.754 1293.752 1278.025 1260.636 1195.002 1160.593 1156.378 1088.991 1011.544 909.924 841.280 811.551 757.868 725.364 672.934 619.657 608.936 595.964 623.717 -999.250 -999.250 -999.250 -999.250 -999.250 -999.250 -999.250 -999.250 -999.250 -999.250 -999.250 -999.250
1300.344 1301.167 1301.422 1344.280 1360.110 1459.012 1543.405 1680.284 1495.936 1352.948 1281.906 1194.350 1162.280 1112.691 1062.268 1068.977 1013.794 930.864 931.830 1036.606 1167.879 1191.976 1228.832 1269.773 1208.710 1149.531 1186.195 1173.747 1160.685 1157.807 1155.685 1202.574 1256.284 1260.978 1249.242 1211.452 1195.687 1144.784 1101.473 1080.249 1020.831 941.517 876.420 845.735 735.119 690.064 624.409 565.169 556.570 542.663 575.069 570.216 -999.250 -999.250 -999.250 -999.250 -999.250 -999.250 -999.250 -999.250 -999.250 -999.250 -999.250 -999.250
1305.263 1295.269 1297.558 1332.306 1343.590 1422.790 1469.680 1483.849 1402.508 1313.520 1233.359 1135.010 1052.747 1024.815 947.226 893.118 824.844 658.808 484.379 677.038 830.809 942.793 1006.540 1091.855 1032.048 1043.591 1063.592 1097.296 1080.147 1107.169 1140.350 1190.531 1137.587 1170.454 1145.749 1197.273 1162.083 1124.703 1046.454 998.629 998.941 901.304 787.318 755.846 709.498 633.223 616.679 559.369 508.517 494.142 551.083 542.323 -999.250 -999.250 -999.250 -999.250 -999.250 -999.250 -999.250 -999.250 -999.250 -999.250 -999.250 -999.250
1253.899 1255.452 1247.453 1267.082 1356.622 1371.799 1392.743 1398.119 1328.855 1293.223 1206.167 1084.900 1030.418 956.377 872.245 754.035 663.154 564.915 445.545 514.858 620.515 728.943 810.322 860.406 870.562 952.003 1001.847 998.351 996.457 1053.180 1069.498 1121.997 1083.185 1101.256 1106.351 1100.216 1084.049 1079.722 1046.935 953.759 896.805 843.597 826.866 716.277 713.913 642.163 612.023 572.898 533.083 503.928 532.883 -999.250 -999.250 -999.250 -999.250 -999.250 -999.250 -999.250 -999.250 -999.250 -999.250 -999.250 -999.250 -999.250
1248.920 1230.314 1259.022 1271.376 1287.263 1327.615 1302.331 1310.056 1274.776 1166.821 1149.472 1053.512 982.795 872.710 806.989 715.523 615.168 506.812 445.546 463.082 528.884 588.952 672.433 744.942 800.523 880.003 912.246 916.568 952.005 989.755 1069.396 1064.395 1081.119 1056.557 1056.371 1054.029 1003.674 1033.060 987.677 928.334 882.502 847.660 815.737 788.361 682.145 669.257 614.607 602.080 532.793 574.142 532.228 -999.250 -999.250 -999.250 -999.250 -999.250 -999.250 -999.250 -999.250 -999.250 -999.250 -999.250 -999.250 -999.250
1253.194 1291.056 1258.082 1230.204 1243.236 1232.365 1230.987 1218.050 1220.637 1167.413 1073.954 1038.338 978.833 892.833 794.350 680.461 605.768 522.696 478.078 430.203 481.523 529.713 575.865 621.780 742.494 807.674 834.982 898.146 934.689 980.926 1029.063 1037.864 1056.090 1017.476 1021.612 1013.050 997.468 973.380 962.914 926.899 890.759 861.877 828.991 758.169 689.720 642.376 628.416 627.269 607.145 596.008 -999.250 -999.250 -999.250 -999.250 -999.250 -999.250 -999.250 -999.250 -999.250 -999.250 -999.250 -999.250 -999.250 -999.250
1303.082 1288.193 1273.167 1218.854 1257.944 1241.295 1263.188 1263.767 1186.947 1149.314 1072.960 1036.363 950.731 893.377 815.666 739.598 646.054 575.846 484.501 436.500 463.521 483.811 510.847 579.269 647.258 749.593 776.409 886.414 886.216 952.006 979.071 970.788 1017.313 986.708 967.550 945.881 947.607 958.824 942.751 911.565 880.628 811.411 793.748 771.659 708.112 681.187 659.354 663.384 619.110 630.564 -999.250 -999.250 -999.250 -999.250 -999.250 -999.250 -999.250 -999.250 -999.250 -999.250 -999.250 -999.250 -999.250 -999.250
1394.927 1424.397 1350.575 1299.747 1286.735 1312.518 1299.399 1272.352 1207.057 1179.953 1077.541 1047.107 980.334 908.883 869.547 829.710 715.706 611.391 502.844 487.915 445.209 432.325 472.480 547.611 612.477 677.133 766.029 849.516 915.578 941.533 954.398 964.212 974.687 1012.948 992.511 962.003 952.414 934.574 945.355 943.273 867.666 811.041 809.928 782.401 752.600 700.791 686.493 676.017 672.624 684.007 -999.250 -999.250 -999.250 -999.250 -999.250 -999.250 -999.250 -999.250 -999.250 -999.250 -999.250 -999.250 -999.250 -999.250
1580.825 1571.742 1518.908 1429.552 1427.099 1363.572 1315.795 1253.106 1203.906 1135.062 1086.532 1049.974 1035.031 962.626 928.760 953.495 783.414 650.789 585.443 531.225 455.645 475.276 480.429 546.471 596.812 645.095 738.034 833.725 868.131 923.737 955.722 958.350 1003.931 1012.814 978.821 974.304 917.175 939.738 913.216 950.241 911.754 883.518 837.456 818.925 814.982 803.671 755.869 701.163 748.121 763.351 804.350 -999.250 -999.250 -999.250 -999.250 -999.250 -999.250 -999.250 -999.250 -999.250 -999.250 -999.250 -999.250 -999.250
1951.620 1806.820 1679.069 1585.196 1533.761 1399.405 1327.789 1261.305 1217.396 1146.693 1086.780 1082.412 1014.498 946.475 944.924 864.320 772.410 669.103 595.447 538.008 497.412 499.743 480.693 518.555 579.432 636.678 732.723 795.915 865.748 948.162 963.034 983.874 991.112 999.607 997.194 984.298 955.496 962.189 949.903 956.609 949.713 941.156 893.048 866.643 834.834 825.045 787.048 778.308 754.887 803.270 774.304 763.089 -999.250 -999.250 -999.250 -999.250 -999.250 -999.250 -999.250 -999.250 -999.250 -999.250 -999.250 -999.250
2357.495 2046.534 1754.277 1601.311 1554.991 1386.774 1344.463 1315.035 1197.883 1149.725 1087.949 1054.678 1057.346 957.375 903.388 841.999 732.812 673.042 620.021 538.552 477.393 472.376 456.778 502.511 541.259 630.607 728.885 797.275 880.168 969.053 983.368 986.668 971.281 1016.788 993.509 984.466 991.205 987.020 971.346 986.007 992.094 992.151 948.595 915.154 892.203 836.199 872.137 826.196 821.205 875.348 855.259 839.727 907.264 -999.250 -999.250 -999.250 -999.250 -999.250 -999.250 -999.250 -999.250 -999.250 -999.250 -999.250
2237.522 2047.816 1839.552 1650.958 1558.387 1414.401 1380.100 1311.734 1215.395 1144.672 1119.802 1066.437 1029.247 991.125 920.574 821.795 751.019 687.537 618.117 581.151 540.789 475.464 468.334 510.164 543.969 616.957 695.656 775.366 843.238 919.640 958.660 968.609 1026.599 1033.273 1016.452 992.747 1002.370 973.679 1012.094 1013.220 1076.996 1058.019 1025.250 982.861 960.899 931.537 925.474 922.811 892.189 910.345 909.316 883.048 -999.250 -999.250 -999.250 -999.250 -999.250 -999.250 -999.250 -999.250 -999.250 -999.250 -999.250 -999.250
2071.270 2021.386 1944.402 1704.458 1620.102 1513.883 1426.243 1331.796 1267.823 1222.962 1185.150 1141.674 1064.091 1043.023 916.917 853.797 784.865 721.001 664.482 610.029 563.854 516.585 505.139 542.347 552.932 630.298 678.826 803.172 847.140 920.894 953.444 985.611 1001.377 1031.014 1026.718 1010.188 1016.460 1049.800 1058.276 1076.539 1096.866 1082.687 1051.265 1062.072 999.824 1019.626 1038.215 997.136 990.871 979.099 974.029 950.308 992.964 -999.250 -999.250 -999.250 -999.250 -999.250 -999.250 -999.250 -999.250 -999.250 -999.250 -999.250
1953.067 2020.854 1813.630 1634.327 1609.549 1508.580 1487.947 1351.149 1326.419 1234.852 1186.366 1170.833 1071.445 1005.673 927.569 922.298 839.653 805.336 719.965 638.909 619.582 556.120 548.092 588.320 604.369 652.381 729.464 788.168 862.219 890.761 946.924 969.991 1023.893 1035.800 1038.466 1045.397 1098.625 1073.571 1091.052 1114.557 1094.703 1110.172 1117.909 1089.600 1079.217 1068.595 1056.191 1035.905 1050.502 1041.103 1032.507 -999.250 -999.250 -999.250 -999.250 -999.250 -999.250 -999.250 -999.250 -999.250 -999.250 -999.250 -999.250 -999.250
1968.524 1837.903 1730.509 1661.813 1580.347 1493.053 1473.107 1438.878 1362.365 1260.545 1228.604 1126.008 1063.253 1027.581 994.387 923.893 910.042 863.972 750.885 724.495 640.322 632.811 625.637 619.944 638.576 685.526 741.155 790.780 889.737 917.566 945.612 991.740 1015.525 1019.829 1083.512 1096.550 1106.548 1115.024 1085.649 1089.538 1151.288 1189.200 1205.643 1124.649 1122.827 1123.231 1131.342 1088.792 1018.590 1027.551 -999.250 -999.250 -999.250 -999.250 -999.250 -999.250 -999.250 -999.250 -999.250 -999.250 -999.250 -999.250 -999.250 -999.250
1822.356 1734.642 1684.424 1615.019 1546.656 1510.376 1468.189 1473.734 1371.361 1309.523 1237.511 1181.767 1070.515 1053.666 1005.140 990.048 913.216 899.647 836.615 752.042 756.861 738.829 687.861 703.187 755.470 776.149 795.066 863.090 916.978 950.811 961.238 1016.878 1038.237 1082.716 1119.565 1161.137 1168.230 1154.289 1161.359 1151.969 1185.035 1210.799 1203.985 1170.551 1139.158 1128.259 1171.077 1103.436 1079.256 1076.740 -999.250 -999.250 -999.250 -999.250 -999.250 -999.250 -999.250 -999.250 -999.250 -999.250 -999.250 -999.250 -999.250 -999.250
1863.301 1636.939 1675.454 1556.206 1523.083 1590.865 1491.827 1435.666 1433.627 1359.707 1280.513 1172.499 1120.623 1127.677 1101.606 1064.364 973.745 919.076 898.550 846.096 808.501 780.111 771.406 811.636 802.163 824.453 861.693 921.363 957.879 965.761 995.866 997.156 1050.330 1094.766 1142.470 1183.035 1190.365 1194.740 1159.388 1188.489 1225.025 1211.506 1230.097 1197.741 1192.252 1201.861 1180.183 1121.107 1111.436 -999.250 -999.250 -999.250 -999.250 -999.250 -999.250 -999.250 -999.250 -999.250 -999.250 -999.250 -999.250 -999.250 -999.250 -999.250
1709.758 1607.421 1598.982 1648.813 1533.445 1521.083 1493.434 1434.352 1407.445 1340.702 1344.268 1241.218 1241.924 1116.038 1097.456 1116.418 1012.841 986.648 927.294 884.007 892.113 873.193 853.979 856.917 872.049 920.779 936.074 956.584 1016.376 1010.312 1067.364 1079.189 1094.696 1164.162 1175.755 1181.238 1226.579 1257.141 1228.711 1228.503 1275.274 1279.369 1231.423 1246.186 1231.648 -999.250 -999.250 -999.250 -999.250 -999.250 -999.250 -999.250 -999.250 -999.250 -999.250 -999.250 -999.250 -999.250 -999.250 -999.250 -999.250 -999.250 -999.250 -999.250
1638.471 1641.799 1594.818 1617.926 1557.680 1619.301 1514.484 1568.367 1429.533 1381.544 1342.834 1369.296 1272.023 1216.351 1186.772 1142.615 1100.579 1023.520 999.327 1003.523 946.449 954.868 953.285 921.221 955.694 977.177 1046.414 1038.302 1082.442 1058.932 1076.907 1109.054 1151.068 1183.035 1211.495 1226.026 1233.325 1274.172 1304.775 1296.847 1295.888 1292.403 1277.921 -999.250 -999.250 -999.250 -999.250 -999.250 -999.250 -999.250 -999.250 -999.250 -999.250 -999.250 -999.250 -999.250 -999.250 -999.250 -999.250 -999.250 -999.250 -999.250 -999.250 -999.250
1605.871 1603.721 1642.644 1722.432 1659.033 1686.784 1718.642 1620.684 1531.638 1471.998 1358.795 1363.761 1348.421 1278.674 1253.790 1194.875 1145.865 1099.286 1080.006 1050.799 1081.573 1058.168 1035.500 1053.206 1028.404 1025.248 1045.613 1097.832 1093.140 1102.095 1148.110 1190.937 1219.767 1233.151 1254.810 1275.977 1310.845 1376.314 1342.489 1327.057 1329.988 1284.377 1319.330 -999.250 -999.250 -999.250 -999.250 -999.250 -999.250 -999.250 -999.250 -999.250 -999.250 -999.250 -999.250 -999.250 -999.250 -999.250 -999.250 -999.250 -999.250 -999.250 -999.250 -999.250
1720.909 1705.985 1643.789 1714.100 1708.022 1731.135 1761.656 1742.574 1618.009 1630.565 1512.453 1420.270 1401.743 1329.868 1272.697 1202.919 1229.873 1172.537 1183.883 1123.271 1161.984 1125.016 1145.699 1144.693 1145.815 1134.343 1135.188 1163.572 1158.679 1180.266 1223.012 1214.300 1238.816 1264.623 1300.276 1345.611 1379.380 1423.044 1475.193 1485.396 1442.155 1360.300 1347.024 -999.250 -999.250 -999.250 -999.250 -999.250 -999.250 -999.250 -999.250 -999.250 -999.250 -999.250 -999.250 -999.250 -999.250 -999.250 -999.250 -999.250 -999.250 -999.250 -999.250 -999.250
1822.659 1928.474 1862.127 1784.005 1919.164 1876.306 1996.263 1708.007 1722.938 1651.824 1493.786 1498.095 1401.075 1303.522 1331.338 1326.234 1272.328 1235.229 1236.094 1192.900 1201.824 1195.842 1210.820 1228.315 1207.296 1204.245 1180.253 1188.287 1183.519 1205.987 1256.557 1252.390 1317.545 1366.677 1343.215 1405.178 1404.327 1472.886 1523.483 1577.287 1474.427 1405.250 1371.729 -999.250 -999.250 -999.250 -999.250 -999.250 -999.250 -999.250 -999.250 -999.250 -999.250 -999.250 -999.250 -999.250 -999.250 -999.250 -999.250 -999.250 -999.250 -999.250 -999.250 -999.250
2051.375 1967.715 1989.147 2084.259 2130.168 1984.179 2075.672 1942.558 1790.871 1743.187 1632.619 1522.652 1524.265 1437.172 1385.343 1319.891 1303.422 1292.316 1242.733 1233.293 1231.662 1216.340 1250.463 1332.327 1285.451 1262.553 1232.921 1235.804 1260.464 1249.750 1320.049 1267.955 1374.562 1357.299 1382.605 1426.178 1496.466 1476.561 1503.567 1571.342 1454.013 1424.485 1400.807 -999.250 -999.250 -999.250 -999.250 -999.250 -999.250 -999.250 -999.250 -999.250 -999.250 -999.250 -999.250 -999.250 -999.250 -999.250 -999.250 -999.250 -999.250 -999.250 -999.250 -999.250
2224.527 2132.200 2175.442 2090.990 2143.998 2169.456 2064.036 2000.167 1813.100 1786.432 1705.557 1575.708 1481.102 1503.969 1390.457 1348.089 1328.775 1281.964 1291.625 1277.864 1258.856 1249.030 1267.478 1278.406 1284.556 1279.690 1303.876 1315.109 1289.769 1303.097 1332.161 1321.242 1392.979 1426.654 1384.567 1412.030 1491.381 1502.948 1522.212 1453.789 1446.634 1381.376 1388.912 -999.250 -999.250 -999.250 -999.250 -999.250 -999.250 -999.250 -999.250 -999.250 -999.250 -999.250 -999.250 -999.250 -999.250 -999.250 -999.250 -999.250 -999.250 -999.250 -999.250 -999.250
