data/medianmodel_24-May-2020.asc
ncols	141
nrows	288
xllcorner	-120191.398
yllcorner	-301404.813
cellsize	2000.000
NODATA_value	-999.250
[rows 248 to 278 of 288, columns 0 to 69 of 141]
-999.250 -999.250 -999.250 -999.250 -999.250 -999.250 -999.250 -999.250 -999.250 -999.250 -999.250 -999.250 -999.250 -999.250 -999.250 -999.250 -999.250 -999.250 -999.250 -999.250 -999.250 -999.250 -999.250 -999.250 -999.250 -999.250 -999.250 -999.250 -999.250 -999.250 4.685 4.074 3.619 5.358 4.650 3.151 4.975 1.677 0.164 1.205 0.154 1.647 2.464 3.656 4.007 2.114 3.055 2.716 3.021 1.681 2.367 2.003 1.000 0.677 0.000 0.000 0.000 0.000 0.000 0.000 0.000 0.000 0.000 1.477 0.417 2.838 2.595 2.462 1.319 1.069
-999.250 -999.250 -999.250 -999.250 -999.250 -999.250 -999.250 -999.250 -999.250 -999.250 -999.250 -999.250 -999.250 -999.250 -999.250 -999.250 -999.250 -999.250 -999.250 -999.250 -999.250 -999.250 -999.250 -999.250 -999.250 -999.250 -999.250 -999.250 -999.250 -999.250 4.988 4.254 4.428 3.207 4.235 3.652 3.371 2.335 0.000 0.000 0.000 0.000 0.195 0.634 1.394 2.008 2.619 0.914 1.205 1.342 4.130 4.371 1.440 0.000 0.000 0.000 0.000 0.000 0.000 0.000 0.000 0.000 0.000 1.219 2.205 3.300 3.948 2.929 2.496 0.000
-999.250 -999.250 -999.250 -999.250 -999.250 -999.250 -999.250 -999.250 -999.250 -999.250 -999.250 -999.250 -999.250 -999.250 -999.250 -999.250 -999.250 -999.250 -999.250 -999.250 -999.250 -999.250 -999.250 -999.250 -999.250 -999.250 -999.250 -999.250 -999.250 -999.250 4.470 2.871 5.186 3.862 2.798 4.074 2.140 1.124 0.000 0.000 0.000 0.000 0.000 2.023 1.455 3.230 1.739 3.597 2.267 4.119 3.985 2.029 2.080 0.000 0.000 0.000 0.000 0.000 0.000 0.000 0.000 0.347 1.444 2.388 3.148 2.364 3.257 3.621 3.107 3.068
-999.250 -999.250 -999.250 -999.250 -999.250 -999.250 -999.250 -999.250 -999.250 -999.250 -999.250 -999.250 -999.250 -999.250 -999.250 -999.250 -999.250 -999.250 -999.250 -999.250 -999.250 -999.250 -999.250 -999.250 -999.250 -999.250 -999.250 -999.250 -999.250 -999.250 3.789 3.609 4.354 3.278 4.159 4.851 1.831 0.039 0.000 0.000 0.000 0.000 0.004 1.171 2.647 3.873 1.052 2.141 2.602 2.798 3.765 1.883 1.050 0.294 0.000 0.000 0.000 0.000 0.000 0.000 0.000 0.500 1.170 1.218 1.877 0.986 2.274 3.325 2.756 3.293
-999.250 -999.250 -999.250 -999.250 -999.250 -999.250 -999.250 -999.250 -999.250 -999.250 -999.250 -999.250 -999.250 -999.250 -999.250 -999.250 -999.250 -999.250 -999.250 -999.250 -999.250 -999.250 -999.250 -999.250 -999.250 -999.250 -999.250 -999.250 -999.250 4.375 4.197 3.438 4.135 2.365 2.561 2.707 3.849 3.054 2.769 0.000 0.000 0.000 1.266 1.297 3.187 2.923 3.676 3.215 3.759 3.381 4.572 3.928 1.623 0.325 0.778 0.000 0.000 0.000 0.000 2.464 0.617 0.492 1.546 1.514 1.874 3.252 0.872 1.142 3.919 3.249
-999.250 -999.250 -999.250 -999.250 -999.250 -999.250 -999.250 -999.250 -999.250 -999.250 -999.250 -999.250 -999.250 -999.250 -999.250 -999.250 -999.250 -999.250 -999.250 -999.250 -999.250 -999.250 -999.250 -999.250 -999.250 -999.250 -999.250 -999.250 -999.250 -999.250 4.383 6.258 5.432 4.104 2.237 2.696 5.193 3.058 1.005 0.000 0.000 2.185 1.407 1.339 2.642 3.741 2.645 3.682 2.334 5.204 7.530 3.953 1.479 0.695 1.528 0.425 0.000 0.000 0.000 0.051 0.607 1.495 1.159 2.543 1.591 3.417 2.943 4.378 4.860 0.511
-999.250 -999.250 -999.250 -999.250 -999.250 -999.250 -999.250 -999.250 -999.250 -999.250 -999.250 -999.250 -999.250 -999.250 -999.250 -999.250 -999.250 -999.250 -999.250 -999.250 -999.250 -999.250 -999.250 -999.250 -999.250 -999.250 -999.250 -999.250 -999.250 -999.250 2.170 4.628 4.073 4.142 3.601 3.850 3.855 2.638 2.621 2.498 0.000 2.083 2.866 3.445 4.750 5.190 4.147 4.355 5.435 3.861 5.419 4.217 2.585 2.811 1.935 0.000 0.390 0.028 0.102 0.020 0.000 0.000 0.000 0.000 0.985 0.582 1.719 1.008 0.460 0.000
-999.250 -999.250 -999.250 -999.250 -999.250 -999.250 -999.250 -999.250 -999.250 -999.250 -999.250 -999.250 -999.250 -999.250 -999.250 -999.250 -999.250 -999.250 -999.250 -999.250 -999.250 -999.250 -999.250 -999.250 -999.250 -999.250 -999.250 -999.250 -999.250 -999.250 -999.250 2.495 4.401 1.805 1.188 2.841 5.771 1.597 3.674 1.522 0.754 2.879 3.532 3.476 3.063 6.039 3.991 7.018 5.127 6.700 5.087 3.589 1.959 2.021 0.000 0.000 1.034 0.281 0.629 2.189 0.000 0.000 0.000 0.000 0.000 0.000 0.176 0.388 0.000 0.000
-999.250 -999.250 -999.250 -999.250 -999.250 -999.250 -999.250 -999.250 -999.250 -999.250 -999.250 -999.250 -999.250 -999.250 -999.250 -999.250 -999.250 -999.250 -999.250 -999.250 -999.250 -999.250 -999.250 -999.250 -999.250 -999.250 -999.250 -999.250 -999.250 -999.250 -999.250 0.735 1.053 2.361 1.820 3.100 1.666 1.827 4.297 5.373 4.812 3.450 4.222 5.351 4.425 4.050 3.613 5.811 4.662 3.235 4.003 2.070 1.687 2.280 1.971 1.968 2.205 0.431 1.123 2.361 1.047 0.000 0.000 0.000 0.000 0.000 0.000 1.553 2.843 1.125
-999.250 -999.250 -999.250 -999.250 -999.250 -999.250 -999.250 -999.250 -999.250 -999.250 -999.250 -999.250 -999.250 -999.250 -999.250 -999.250 -999.250 -999.250 -999.250 -999.250 -999.250 -999.250 -999.250 -999.250 -999.250 -999.250 -999.250 -999.250 -999.250 -999.250 0.000 0.000 1.510 1.877 1.955 3.343 1.387 0.704 4.724 4.831 2.454 3.799 4.805 3.148 4.619 4.224 3.691 3.902 3.065 5.108 3.804 3.514 1.436 2.070 2.394 2.999 1.948 0.650 0.257 0.249 0.000 0.000 0.000 0.000 0.000 0.000 0.186 0.688 1.166 2.225
-999.250 -999.250 -999.250 -999.250 -999.250 -999.250 -999.250 -999.250 -999.250 -999.250 -999.250 -999.250 -999.250 -999.250 -999.250 -999.250 -999.250 -999.250 -999.250 -999.250 -999.250 -999.250 -999.250 -999.250 -999.250 -999.250 -999.250 -999.250 -999.250 -999.250 0.088 0.701 0.823 3.886 3.963 5.407 4.208 1.577 2.098 0.762 2.104 4.588 4.306 5.251 2.679 2.171 2.723 2.093 1.177 2.827 3.742 4.574 1.856 2.456 0.375 0.972 1.936 3.116 0.361 1.666 0.350 0.000 0.000 0.000 0.000 0.000 0.000 1.057 2.952 2.444
-999.250 -999.250 -999.250 -999.250 -999.250 -999.250 -999.250 -999.250 -999.250 -999.250 -999.250 -999.250 -999.250 -999.250 -999.250 -999.250 -999.250 -999.250 -999.250 -999.250 -999.250 -999.250 -999.250 -999.250 -999.250 -999.250 -999.250 -999.250 -999.250 -999.250 0.981 1.704 2.130 2.038 3.170 3.848 4.583 1.834 3.012 0.776 2.962 3.499 4.189 1.039 1.235 1.970 2.204 0.046 0.016 3.379 1.418 2.402 3.725 2.165 0.897 1.130 1.449 0.349 1.284 1.552 0.502 0.000 0.000 0.000 0.000 0.000 0.088 1.666 4.042 2.299
-999.250 -999.250 -999.250 -999.250 -999.250 -999.250 -999.250 -999.250 -999.250 -999.250 -999.250 -999.250 -999.250 -999.250 -999.250 -999.250 -999.250 -999.250 -999.250 -999.250 -999.250 -999.250 -999.250 -999.250 -999.250 -999.250 -999.250 -999.250 -999.250 -999.250 0.444 0.150 1.860 3.021 2.013 3.893 2.494 1.497 1.889 3.378 2.104 3.159 2.771 2.643 2.210 1.289 4.939 3.526 2.545 2.969 2.641 3.052 1.054 1.253 1.466 2.617 1.538 1.785 1.681 2.735 1.232 0.000 0.552 0.000 0.000 0.000 1.322 2.135 1.231 3.790
-999.250 -999.250 -999.250 -999.250 -999.250 -999.250 -999.250 -999.250 -999.250 -999.250 -999.250 -999.250 -999.250 -999.250 -999.250 -999.250 -999.250 -999.250 -999.250 -999.250 -999.250 -999.250 -999.250 -999.250 -999.250 -999.250 -999.250 -999.250 -999.250 -999.250 0.000 0.000 3.638 0.872 1.164 5.223 2.245 2.872 3.747 1.044 0.338 0.000 1.353 2.522 1.950 1.622 3.479 1.921 1.533 3.139 0.790 3.896 3.941 3.554 2.986 1.675 2.116 4.410 0.000 2.094 0.581 1.447 0.000 0.259 0.272 1.922 2.682 4.309 3.980 3.810
-999.250 -999.250 -999.250 -999.250 -999.250 -999.250 -999.250 -999.250 -999.250 -999.250 -999.250 -999.250 -999.250 -999.250 -999.250 -999.250 -999.250 -999.250 -999.250 -999.250 -999.250 -999.250 -999.250 -999.250 -999.250 -999.250 -999.250 -999.250 -999.250 -999.250 0.000 1.706 1.884 3.346 3.864 2.485 2.366 2.294 2.099 2.652 2.731 2.614 1.263 1.241 2.549 3.318 3.968 3.556 3.719 3.395 3.563 2.581 3.738 3.716 2.666 2.671 4.570 3.405 3.279 1.514 2.320 2.348 1.743 0.900 1.514 3.014 0.802 1.949 4.971 4.344
-999.250 -999.250 -999.250 -999.250 -999.250 -999.250 -999.250 -999.250 -999.250 -999.250 -999.250 -999.250 -999.250 -999.250 -999.250 -999.250 -999.250 -999.250 -999.250 -999.250 -999.250 -999.250 -999.250 -999.250 -999.250 -999.250 -999.250 -999.250 -999.250 0.000 0.092 1.287 0.525 4.496 4.497 3.491 2.342 3.042 1.627 4.256 2.764 1.102 1.304 3.439 1.962 1.514 4.082 3.006 3.541 3.562 5.280 4.482 4.105 2.914 1.924 5.322 4.371 1.664 2.833 0.377 2.939 3.481 3.366 3.320 0.795 2.153 2.736 2.050 4.337 5.096
-999.250 -999.250 -999.250 -999.250 -999.250 -999.250 -999.250 -999.250 -999.250 -999.250 -999.250 -999.250 -999.250 -999.250 -999.250 -999.250 -999.250 -999.250 -999.250 -999.250 -999.250 -999.250 -999.250 -999.250 -999.250 -999.250 -999.250 -999.250 -999.250 1.093 0.160 0.000 1.099 1.078 3.842 1.093 3.197 1.409 0.171 1.629 1.506 0.000 0.102 0.000 0.347 2.287 3.816 1.244 5.445 2.134 3.125 4.614 4.523 5.739 5.398 4.603 3.820 0.973 1.338 2.149 2.119 3.609 2.224 2.692 0.444 0.628 1.679 4.879 4.119 4.816
-999.250 -999.250 -999.250 -999.250 -999.250 -999.250 -999.250 -999.250 -999.250 -999.250 -999.250 -999.250 -999.250 -999.250 -999.250 -999.250 -999.250 -999.250 -999.250 -999.250 -999.250 -999.250 -999.250 -999.250 -999.250 -999.250 -999.250 -999.250 0.000 0.631 0.000 0.702 0.000 0.777 0.094 1.233 3.198 2.550 0.339 0.000 0.000 0.000 0.000 0.000 1.202 0.721 1.775 1.845 2.092 1.922 2.616 3.573 4.169 4.262 3.026 3.976 3.038 1.974 2.453 3.728 4.223 3.530 3.497 1.839 2.288 2.136 2.894 5.513 3.184 2.751
-999.250 -999.250 -999.250 -999.250 -999.250 -999.250 -999.250 -999.250 -999.250 -999.250 -999.250 -999.250 -999.250 -999.250 -999.250 -999.250 -999.250 -999.250 -999.250 -999.250 -999.250 -999.250 -999.250 -999.250 -999.250 -999.250 -999.250 -999.250 0.000 0.000 0.000 0.000 0.000 0.000 0.000 0.366 0.108 0.000 0.000 0.000 0.000 0.000 0.000 0.353 0.384 2.311 5.005 4.485 3.096 2.771 1.908 4.142 6.328 3.560 3.663 4.087 3.000 5.027 4.220 6.254 4.579 5.883 4.687 4.776 3.193 1.824 3.329 3.721 4.104 6.028
-999.250 -999.250 -999.250 -999.250 -999.250 -999.250 -999.250 -999.250 -999.250 -999.250 -999.250 -999.250 -999.250 -999.250 -999.250 -999.250 -999.250 -999.250 -999.250 -999.250 -999.250 -999.250 -999.250 -999.250 -999.250 -999.250 -999.250 0.000 0.000 0.000 0.000 0.000 0.000 0.000 0.000 0.000 0.000 0.535 0.000 0.000 0.000 0.000 0.000 0.000 2.396 3.774 4.155 4.030 3.891 2.515 2.738 2.438 3.851 3.581 2.092 3.314 4.101 4.170 5.646 2.650 4.499 4.002 4.463 5.227 3.786 0.585 3.365 4.753 4.458 6.678
-999.250 -999.250 -999.250 -999.250 -999.250 -999.250 -999.250 -999.250 -999.250 -999.250 -999.250 -999.250 -999.250 -999.250 -999.250 -999.250 -999.250 -999.250 -999.250 -999.250 -999.250 -999.250 -999.250 -999.250 -999.250 -999.250 -999.250 0.000 0.000 0.000 0.000 0.000 0.000 0.000 0.000 0.000 0.030 0.200 0.000 0.000 0.000 0.000 0.000 0.313 1.818 2.036 2.635 2.888 4.885 3.926 4.516 3.892 3.558 2.587 2.375 3.006 4.580 3.908 6.385 3.558 5.029 5.200 6.857 6.816 5.576 3.576 4.366 5.547 5.507 6.152
-999.250 -999.250 -999.250 -999.250 -999.250 -999.250 -999.250 -999.250 -999.250 -999.250 -999.250 -999.250 -999.250 -999.250 -999.250 -999.250 -999.250 -999.250 -999.250 -999.250 -999.250 -999.250 -999.250 -999.250 -999.250 -999.250 -999.250 0.000 0.000 0.000 0.000 0.000 0.000 0.000 0.000 0.000 0.000 0.000 0.000 0.000 0.000 0.000 0.000 0.332 0.949 1.263 2.618 5.880 7.361 5.848 5.155 6.431 4.119 3.373 3.237 4.534 5.242 6.251 5.502 5.283 4.803 7.025 5.466 6.679 7.898 4.762 5.189 3.144 3.561 7.853
-999.250 -999.250 -999.250 -999.250 -999.250 -999.250 -999.250 -999.250 -999.250 -999.250 -999.250 -999.250 -999.250 -999.250 -999.250 -999.250 -999.250 -999.250 -999.250 -999.250 -999.250 -999.250 -999.250 -999.250 -999.250 -999.250 -999.250 0.000 0.000 0.000 0.000 0.000 0.000 0.000 0.000 0.000 0.000 0.000 0.000 0.000 0.049 0.000 0.000 0.067 3.331 2.635 3.985 5.179 6.024 6.035 3.328 4.723 3.779 4.699 4.506 4.969 5.577 5.964 6.990 4.318 6.421 7.112 5.971 6.598 4.506 6.919 5.562 5.073 3.993 5.846
-999.250 -999.250 -999.250 -999.250 -999.250 -999.250 -999.250 -999.250 -999.250 -999.250 -999.250 -999.250 -999.250 -999.250 -999.250 -999.250 -999.250 -999.250 -999.250 -999.250 -999.250 -999.250 -999.250 -999.250 -999.250 -999.250 -999.250 0.000 0.000 0.000 0.000 0.000 0.000 0.000 0.000 0.000 0.000 0.362 0.698 0.000 1.519 0.455 0.066 1.858 3.621 1.388 3.843 1.437 4.803 3.687 1.908 2.409 2.824 4.331 3.754 4.777 4.681 5.206 6.000 6.393 6.813 7.451 5.700 9.158 5.357 6.976 5.347 4.332 4.073 3.989
-999.250 -999.250 -999.250 -999.250 -999.250 -999.250 -999.250 -999.250 -999.250 -999.250 -999.250 -999.250 -999.250 -999.250 -999.250 -999.250 -999.250 -999.250 -999.250 -999.250 -999.250 -999.250 -999.250 -999.250 -999.250 -999.250 -999.250 0.000 0.000 0.000 0.000 0.000 0.000 0.000 0.000 0.128 0.884 0.854 1.704 1.317 2.089 1.643 2.100 1.734 0.657 2.101 1.338 2.908 2.937 2.484 1.668 2.850 3.256 0.996 3.654 2.646 4.665 4.839 5.824 6.189 5.857 5.862 4.173 6.216 4.636 5.287 5.302 2.406 4.257 8.388
-999.250 -999.250 -999.250 -999.250 -999.250 -999.250 -999.250 -999.250 -999.250 -999.250 -999.250 -999.250 -999.250 -999.250 -999.250 -999.250 -999.250 -999.250 -999.250 -999.250 -999.250 -999.250 -999.250 -999.250 -999.250 -999.250 0.000 0.000 0.682 0.089 0.193 0.000 0.000 0.537 0.000 0.000 1.800 1.445 0.284 2.592 2.686 2.703 2.365 1.378 0.934 2.390 3.175 3.005 2.568 1.599 2.944 1.407 2.511 1.177 5.327 4.549 7.018 5.716 4.350 5.724 7.391 4.659 6.361 3.654 6.670 7.978 5.545 4.738 5.226 8.163
-999.250 -999.250 -999.250 -999.250 -999.250 -999.250 -999.250 -999.250 -999.250 -999.250 -999.250 -999.250 -999.250 -999.250 -999.250 -999.250 -999.250 -999.250 -999.250 -999.250 -999.250 -999.250 -999.250 -999.250 -999.250 -999.250 0.000 0.000 0.000 0.000 0.319 0.370 0.847 0.175 0.000 0.000 0.475 0.026 0.563 1.939 2.269 1.503 1.820 2.609 0.000 0.012 4.091 3.317 2.879 1.697 1.131 2.734 2.196 3.343 3.571 4.675 6.006 4.645 5.146 9.043 7.412 5.655 5.163 5.473 4.878 5.190 6.063 7.848 6.233 6.514
-999.250 -999.250 -999.250 -999.250 -999.250 -999.250 -999.250 -999.250 -999.250 -999.250 -999.250 -999.250 -999.250 -999.250 -999.250 -999.250 -999.250 -999.250 -999.250 -999.250 -999.250 -999.250 -999.250 -999.250 -999.250 0.000 0.000 0.000 0.000 0.000 0.000 0.000 0.000 0.000 0.000 0.000 0.000 0.168 0.000 1.499 1.596 3.605 1.229 0.815 0.939 0.860 2.270 2.895 0.223 0.980 1.653 0.806 1.541 4.174 4.979 4.780 6.598 5.143 7.219 10.843 6.058 4.980 5.097 4.904 2.505 5.165 4.961 5.746 7.600 6.122
-999.250 -999.250 -999.250 -999.250 -999.250 -999.250 -999.250 -999.250 -999.250 -999.250 -999.250 -999.250 -999.250 -999.250 -999.250 -999.250 -999.250 -999.250 -999.250 -999.250 -999.250 -999.250 -999.250 -999.250 -999.250 0.000 0.000 0.000 0.000 0.000 0.186 0.100 0.000 0.000 0.000 0.000 0.000 0.000 0.349 0.057 1.710 3.533 2.883 1.798 1.849 1.722 2.925 1.518 1.339 0.356 1.138 0.993 0.849 4.919 5.626 9.908 7.169 7.399 10.377 5.784 6.494 7.636 6.199 5.062 3.701 4.037 4.017 6.382 7.111 7.468
-999.250 -999.250 -999.250 -999.250 -999.250 -999.250 -999.250 -999.250 -999.250 -999.250 -999.250 -999.250 -999.250 -999.250 -999.250 -999.250 -999.250 -999.250 -999.250 -999.250 -999.250 -999.250 -999.250 -999.250 -999.250 0.000 0.000 0.000 0.000 0.000 0.000 0.000 0.000 0.000 0.000 0.000 0.000 0.000 0.000 0.323 0.222 1.492 2.757 1.137 2.206 3.020 3.242 3.119 0.828 1.523 2.760 0.583 1.842 5.433 7.716 8.982 8.085 7.729 5.993 5.728 6.852 7.722 7.278 6.280 5.182 2.827 4.013 6.389 4.987 7.089
-999.250 -999.250 -999.250 -999.250 -999.250 -999.250 -999.250 -999.250 -999.250 -999.250 -999.250 -999.250 -999.250 -999.250 -999.250 -999.250 -999.250 -999.250 -999.250 -999.250 -999.250 -999.250 -999.250 -999.250 0.000 0.000 0.000 0.000 0.000 0.000 0.000 0.000 0.000 0.000 0.000 0.000 0.000 0.000 0.000 0.000 0.218 1.132 1.528 1.743 3.158 4.776 4.393 2.398 0.852 1.521 2.344 1.351 1.707 6.326 6.800 10.582 6.707 7.164 7.418 5.245 5.424 7.431 6.136 5.704 4.068 4.103 4.550 5.831 4.749 4.046
