data/medianmodel_24-May-2020.asc
ncols	141
nrows	288
xllcorner	-120191.398
yllcorner	-301404.813
cellsize	2000.000
NODATA_value	-999.250
[rows 62 to 92 of 288, columns 70 to 139 of 141]
2.611 1.302 0.000 0.000 0.000 0.000 0.000 0.000 0.000 0.000 0.000 0.000 0.000 0.000 0.000 3.486 5.913 8.988 12.564 16.572 24.913 31.997 22.196 15.217 10.018 5.237 0.000 0.000 0.000 0.000 1.099 0.499 1.053 2.693 3.712 5.715 5.062 6.916 6.865 7.160 -999.250 -999.250 -999.250 -999.250 -999.250 -999.250 -999.250 -999.250 -999.250 -999.250 -999.250 -999.250 -999.250 -999.250 -999.250 -999.250 -999.250 -999.250 -999.250 -999.250 -999.250 -999.250 -999.250 -999.250 -999.250 -999.250 -999.250 -999.250 -999.250 -999.250
3.384 0.007 0.000 0.000 0.000 0.000 0.000 0.000 0.000 0.000 0.000 0.000 0.000 0.000 0.000 0.930 4.915 12.083 15.426 21.698 26.525 38.595 24.584 16.017 7.599 3.787 0.000 0.000 0.000 0.000 0.000 0.827 0.827 1.778 3.653 5.198 5.487 3.763 5.021 7.459 6.910 -999.250 -999.250 -999.250 -999.250 -999.250 -999.250 -999.250 -999.250 -999.250 -999.250 -999.250 -999.250 -999.250 -999.250 -999.250 -999.250 -999.250 -999.250 -999.250 -999.250 -999.250 -999.250 -999.250 -999.250 -999.250 -999.250 -999.250 -999.250 -999.250
2.024 0.000 0.000 0.000 0.000 0.000 0.000 0.000 0.000 0.000 0.000 0.000 0.000 0.000 0.000 0.000 5.190 10.734 14.352 17.001 21.825 26.402 19.438 14.114 10.016 5.750 0.914 0.000 0.000 0.000 0.000 0.677 1.769 2.041 4.282 4.890 3.467 3.882 6.316 4.727 3.293 4.552 -999.250 -999.250 -999.250 -999.250 -999.250 -999.250 -999.250 -999.250 -999.250 -999.250 -999.250 -999.250 -999.250 -999.250 -999.250 -999.250 -999.250 -999.250 -999.250 -999.250 -999.250 -999.250 -999.250 -999.250 -999.250 -999.250 -999.250 -999.250
0.334 0.000 0.000 0.000 0.000 0.000 0.000 0.000 0.000 0.000 0.000 0.000 0.000 0.000 0.000 0.000 1.872 8.825 14.141 17.152 17.452 20.826 18.235 15.490 8.296 6.425 0.899 0.000 0.000 0.000 0.000 0.853 4.559 2.963 4.415 4.589 2.047 1.779 1.628 0.302 2.461 2.748 -999.250 -999.250 -999.250 -999.250 -999.250 -999.250 -999.250 -999.250 -999.250 -999.250 -999.250 -999.250 -999.250 -999.250 -999.250 -999.250 -999.250 -999.250 -999.250 -999.250 -999.250 -999.250 -999.250 -999.250 -999.250 -999.250 -999.250 -999.250
0.000 0.000 0.000 0.000 0.000 0.000 0.000 0.000 0.000 0.000 0.299 0.000 0.000 0.000 0.000 0.000 1.467 6.688 9.286 12.068 13.686 14.395 13.462 8.241 4.280 2.152 0.300 0.000 0.000 0.000 1.158 0.148 3.703 5.568 1.502 6.311 3.442 0.000 0.000 0.000 0.000 0.888 3.818 -999.250 -999.250 -999.250 -999.250 -999.250 -999.250 -999.250 -999.250 -999.250 -999.250 -999.250 -999.250 -999.250 -999.250 -999.250 -999.250 -999.250 -999.250 -999.250 -999.250 -999.250 -999.250 -999.250 -999.250 -999.250 -999.250 -999.250
0.000 0.000 0.000 0.000 0.000 0.000 0.000 0.000 0.000 0.000 0.000 0.000 0.000 0.000 0.000 0.000 0.197 4.920 7.148 7.929 12.038 11.903 10.256 6.749 3.610 1.934 0.049 0.442 2.391 0.000 3.451 4.060 7.238 3.311 4.205 4.229 3.360 0.000 0.000 0.000 0.000 0.243 1.866 3.925 -999.250 -999.250 -999.250 -999.250 -999.250 -999.250 -999.250 -999.250 -999.250 -999.250 -999.250 -999.250 -999.250 -999.250 -999.250 -999.250 -999.250 -999.250 -999.250 -999.250 -999.250 -999.250 -999.250 -999.250 -999.250 -999.250
0.000 0.000 0.000 0.000 0.000 0.000 0.000 0.000 0.000 0.000 0.000 0.000 0.000 0.232 0.000 0.000 0.000 0.000 1.473 4.890 8.214 10.138 8.394 4.910 5.009 0.633 0.816 2.439 2.902 1.848 2.313 2.999 4.313 3.993 1.963 2.824 2.903 0.000 0.000 0.000 0.000 0.630 2.097 3.989 -999.250 -999.250 -999.250 -999.250 -999.250 -999.250 -999.250 -999.250 -999.250 -999.250 -999.250 -999.250 -999.250 -999.250 -999.250 -999.250 -999.250 -999.250 -999.250 -999.250 -999.250 -999.250 -999.250 -999.250 -999.250 -999.250
0.000 0.000 0.000 0.000 0.000 0.000 0.000 0.000 0.000 0.000 0.000 0.000 0.000 0.467 0.000 0.000 0.000 0.000 0.236 3.966 5.101 5.729 5.003 3.117 3.675 0.077 0.000 0.000 1.236 1.919 1.548 1.521 3.228 4.895 3.334 2.717 0.962 1.207 0.000 0.000 0.000 3.457 2.575 3.997 -999.250 -999.250 -999.250 -999.250 -999.250 -999.250 -999.250 -999.250 -999.250 -999.250 -999.250 -999.250 -999.250 -999.250 -999.250 -999.250 -999.250 -999.250 -999.250 -999.250 -999.250 -999.250 -999.250 -999.250 -999.250 -999.250
0.000 0.000 0.000 0.000 0.000 0.000 0.000 0.000 0.000 0.000 0.000 0.000 0.000 0.000 0.000 0.000 0.000 0.000 0.000 0.306 3.252 4.207 2.344 3.269 2.032 1.771 0.641 0.634 1.570 2.465 0.000 0.531 1.038 3.728 3.059 0.631 2.427 1.608 0.000 0.663 0.919 1.493 1.915 3.852 5.093 1.788 -999.250 -999.250 -999.250 -999.250 -999.250 -999.250 -999.250 -999.250 -999.250 -999.250 -999.250 -999.250 -999.250 -999.250 -999.250 -999.250 -999.250 -999.250 -999.250 -999.250 -999.250 -999.250 -999.250 -999.250
0.269 0.000 0.000 0.000 0.000 0.000 0.000 0.000 0.000 0.000 0.000 1.328 2.442 0.589 0.000 0.000 0.000 0.000 0.000 0.284 0.000 0.095 2.052 1.002 2.491 1.070 0.000 0.000 0.616 0.004 0.317 0.588 1.483 0.395 1.536 3.699 1.428 0.290 0.372 0.673 1.093 2.189 0.585 0.805 1.966 0.705 -999.250 -999.250 -999.250 -999.250 -999.250 -999.250 -999.250 -999.250 -999.250 -999.250 -999.250 -999.250 -999.250 -999.250 -999.250 -999.250 -999.250 -999.250 -999.250 -999.250 -999.250 -999.250 -999.250 -999.250
1.273 2.540 1.314 0.000 0.000 0.000 0.000 0.000 0.000 0.000 0.407 1.460 0.878 1.060 0.000 0.000 0.000 0.000 0.000 0.000 0.000 0.000 0.557 0.345 0.149 0.000 0.000 0.000 0.324 1.490 1.387 2.131 1.437 1.518 0.154 0.000 0.607 0.203 0.813 1.228 3.428 1.842 0.037 3.645 0.539 -999.250 -999.250 -999.250 -999.250 -999.250 -999.250 -999.250 -999.250 -999.250 -999.250 -999.250 -999.250 -999.250 -999.250 -999.250 -999.250 -999.250 -999.250 -999.250 -999.250 -999.250 -999.250 -999.250 -999.250 -999.250
1.069 2.053 3.108 0.000 0.000 0.000 0.000 0.000 0.195 0.000 0.267 0.582 1.270 0.467 0.000 0.000 0.000 0.000 0.000 0.000 0.000 0.000 0.000 0.000 0.000 0.759 0.000 0.000 0.000 0.000 0.000 0.091 0.000 0.000 0.000 0.000 0.000 0.224 2.034 2.799 3.032 1.773 2.508 2.971 1.454 -999.250 -999.250 -999.250 -999.250 -999.250 -999.250 -999.250 -999.250 -999.250 -999.250 -999.250 -999.250 -999.250 -999.250 -999.250 -999.250 -999.250 -999.250 -999.250 -999.250 -999.250 -999.250 -999.250 -999.250 -999.250
4.255 3.818 2.592 3.593 0.000 0.000 1.148 2.068 2.843 3.812 3.528 2.859 0.790 0.000 0.000 0.000 0.000 0.000 0.000 0.000 0.000 0.000 0.000 0.000 0.000 0.000 0.356 1.057 0.000 0.000 0.000 0.000 0.000 0.000 0.000 0.000 0.000 0.142 0.930 2.588 2.431 1.357 1.006 1.151 0.000 -999.250 -999.250 -999.250 -999.250 -999.250 -999.250 -999.250 -999.250 -999.250 -999.250 -999.250 -999.250 -999.250 -999.250 -999.250 -999.250 -999.250 -999.250 -999.250 -999.250 -999.250 -999.250 -999.250 -999.250 -999.250
3.338 1.729 3.342 4.358 1.476 2.213 1.761 4.280 2.700 3.783 4.227 3.399 0.000 0.000 0.000 0.000 0.000 0.000 0.000 0.000 0.000 0.000 0.000 0.000 0.000 0.000 0.088 0.000 0.000 0.000 0.000 0.000 0.000 0.000 0.000 0.000 0.000 0.716 1.332 0.758 3.810 1.017 1.456 0.852 0.000 -999.250 -999.250 -999.250 -999.250 -999.250 -999.250 -999.250 -999.250 -999.250 -999.250 -999.250 -999.250 -999.250 -999.250 -999.250 -999.250 -999.250 -999.250 -999.250 -999.250 -999.250 -999.250 -999.250 -999.250 -999.250
1.869 1.503 3.486 4.179 3.762 4.033 4.557 5.210 5.810 2.899 3.245 1.902 0.000 0.000 0.000 0.000 0.000 0.000 0.000 0.000 0.000 0.000 0.000 0.000 0.000 0.000 0.000 0.003 0.000 0.182 0.000 0.000 0.000 0.000 0.000 0.000 0.000 1.181 1.837 2.926 0.810 0.000 1.443 0.000 0.000 -999.250 -999.250 -999.250 -999.250 -999.250 -999.250 -999.250 -999.250 -999.250 -999.250 -999.250 -999.250 -999.250 -999.250 -999.250 -999.250 -999.250 -999.250 -999.250 -999.250 -999.250 -999.250 -999.250 -999.250 -999.250
2.886 2.594 4.418 5.201 4.127 3.596 5.653 8.636 3.963 4.234 3.819 1.234 0.000 0.000 0.000 0.000 0.000 0.000 0.000 0.000 0.000 0.000 0.000 0.000 0.000 0.000 0.000 0.000 0.000 0.000 0.000 0.000 0.000 0.000 0.000 0.000 0.000 0.898 1.946 3.253 0.000 0.000 0.573 1.105 0.000 -999.250 -999.250 -999.250 -999.250 -999.250 -999.250 -999.250 -999.250 -999.250 -999.250 -999.250 -999.250 -999.250 -999.250 -999.250 -999.250 -999.250 -999.250 -999.250 -999.250 -999.250 -999.250 -999.250 -999.250 -999.250
0.985 2.607 1.610 3.780 2.926 3.432 4.733 5.286 3.395 3.133 1.274 0.965 0.367 1.301 0.000 0.171 0.942 2.014 2.366 0.489 1.081 0.000 0.000 0.026 0.000 0.000 0.000 1.682 2.040 0.165 0.637 0.000 0.000 0.000 0.000 0.000 0.003 2.761 3.088 0.282 0.000 0.711 0.301 1.981 1.690 -999.250 -999.250 -999.250 -999.250 -999.250 -999.250 -999.250 -999.250 -999.250 -999.250 -999.250 -999.250 -999.250 -999.250 -999.250 -999.250 -999.250 -999.250 -999.250 -999.250 -999.250 -999.250 -999.250 -999.250 -999.250
0.565 0.334 4.057 2.708 3.112 1.336 1.583 2.599 2.561 0.718 0.805 0.208 1.399 0.801 2.422 1.545 4.835 4.588 4.693 3.599 0.843 2.480 0.718 0.470 0.681 1.599 1.645 1.195 1.171 2.769 1.100 1.067 0.000 0.000 0.000 0.000 1.001 2.189 0.450 0.000 0.000 2.910 1.437 3.712 3.106 -999.250 -999.250 -999.250 -999.250 -999.250 -999.250 -999.250 -999.250 -999.250 -999.250 -999.250 -999.250 -999.250 -999.250 -999.250 -999.250 -999.250 -999.250 -999.250 -999.250 -999.250 -999.250 -999.250 -999.250 -999.250
0.985 1.611 1.818 3.750 3.116 0.884 1.751 1.146 0.000 0.000 0.846 0.243 3.143 5.431 4.244 6.433 6.099 6.871 5.125 5.815 3.667 0.000 0.741 0.000 0.000 0.392 0.990 1.373 2.334 1.500 1.769 2.044 0.000 0.976 1.087 0.915 1.075 1.702 0.553 0.000 0.469 0.043 0.681 0.675 1.654 0.004 -999.250 -999.250 -999.250 -999.250 -999.250 -999.250 -999.250 -999.250 -999.250 -999.250 -999.250 -999.250 -999.250 -999.250 -999.250 -999.250 -999.250 -999.250 -999.250 -999.250 -999.250 -999.250 -999.250 -999.250
1.109 1.650 0.927 1.538 0.001 0.000 0.000 0.000 0.000 0.000 0.000 1.299 4.297 5.546 10.222 10.375 8.893 7.321 5.788 4.465 1.200 0.170 0.000 0.000 1.082 0.250 3.729 2.308 0.370 0.000 1.982 1.305 0.000 1.457 1.988 2.033 0.590 0.618 2.422 1.125 0.322 0.000 0.005 0.000 0.392 0.105 -999.250 -999.250 -999.250 -999.250 -999.250 -999.250 -999.250 -999.250 -999.250 -999.250 -999.250 -999.250 -999.250 -999.250 -999.250 -999.250 -999.250 -999.250 -999.250 -999.250 -999.250 -999.250 -999.250 -999.250
3.015 4.043 0.927 1.425 0.000 0.187 0.000 0.000 0.000 0.000 0.000 2.660 6.700 9.896 11.518 12.347 8.943 6.832 7.931 2.808 0.005 0.000 1.180 0.000 0.000 0.725 2.219 3.959 2.076 1.056 0.195 2.371 0.491 3.305 2.606 1.543 1.544 2.761 2.182 2.180 0.000 0.000 0.000 0.000 0.000 0.000 -999.250 -999.250 -999.250 -999.250 -999.250 -999.250 -999.250 -999.250 -999.250 -999.250 -999.250 -999.250 -999.250 -999.250 -999.250 -999.250 -999.250 -999.250 -999.250 -999.250 -999.250 -999.250 -999.250 -999.250
4.140 3.213 4.239 2.412 0.288 0.115 0.525 0.110 0.000 0.000 2.945 5.251 8.960 14.172 16.663 14.330 8.950 7.682 5.305 1.317 0.000 0.000 0.000 0.067 0.000 1.059 1.821 3.093 3.548 3.255 0.000 0.256 2.608 4.469 4.131 2.513 2.952 1.994 1.728 0.019 0.000 0.000 0.000 0.000 0.000 0.000 -999.250 -999.250 -999.250 -999.250 -999.250 -999.250 -999.250 -999.250 -999.250 -999.250 -999.250 -999.250 -999.250 -999.250 -999.250 -999.250 -999.250 -999.250 -999.250 -999.250 -999.250 -999.250 -999.250 -999.250
2.894 4.608 2.802 1.195 2.112 0.851 1.334 2.168 0.000 2.698 3.636 5.745 10.235 14.854 22.085 16.610 11.194 6.315 3.307 0.000 0.000 0.000 0.000 0.000 0.626 2.292 3.472 3.739 2.885 2.686 1.534 0.526 1.718 3.924 2.678 0.200 2.697 2.059 0.709 0.649 0.000 0.000 0.000 0.000 0.000 -999.250 -999.250 -999.250 -999.250 -999.250 -999.250 -999.250 -999.250 -999.250 -999.250 -999.250 -999.250 -999.250 -999.250 -999.250 -999.250 -999.250 -999.250 -999.250 -999.250 -999.250 -999.250 -999.250 -999.250 -999.250
3.841 2.525 1.951 2.329 2.761 4.016 5.402 4.735 2.733 1.955 3.137 4.916 7.322 11.104 15.401 13.375 10.508 6.875 3.617 0.062 0.000 0.000 0.197 0.165 3.228 3.096 3.715 2.458 2.402 3.127 4.234 3.754 3.610 3.504 1.643 1.597 3.162 3.853 1.024 0.830 0.000 0.000 0.000 0.000 0.000 -999.250 -999.250 -999.250 -999.250 -999.250 -999.250 -999.250 -999.250 -999.250 -999.250 -999.250 -999.250 -999.250 -999.250 -999.250 -999.250 -999.250 -999.250 -999.250 -999.250 -999.250 -999.250 -999.250 -999.250 -999.250
3.446 3.803 3.362 2.706 5.370 3.528 4.023 2.705 1.401 2.205 2.573 4.148 6.826 7.403 11.726 11.586 11.292 8.398 3.568 1.273 0.000 0.000 0.910 2.409 3.343 3.854 4.417 4.085 5.418 4.380 4.996 3.456 2.464 2.241 4.098 2.599 3.808 2.586 1.186 0.587 0.000 0.000 0.000 0.000 -999.250 -999.250 -999.250 -999.250 -999.250 -999.250 -999.250 -999.250 -999.250 -999.250 -999.250 -999.250 -999.250 -999.250 -999.250 -999.250 -999.250 -999.250 -999.250 -999.250 -999.250 -999.250 -999.250 -999.250 -999.250 -999.250
4.518 5.555 4.935 6.501 4.073 3.723 5.454 4.563 2.342 4.870 4.088 4.644 6.001 6.982 8.105 8.765 5.966 6.426 4.084 1.555 0.393 0.105 1.169 1.406 2.756 3.795 6.088 7.682 6.213 6.141 6.355 5.239 3.139 5.509 3.353 4.793 4.643 3.390 1.136 0.000 0.000 0.000 0.000 0.000 -999.250 -999.250 -999.250 -999.250 -999.250 -999.250 -999.250 -999.250 -999.250 -999.250 -999.250 -999.250 -999.250 -999.250 -999.250 -999.250 -999.250 -999.250 -999.250 -999.250 -999.250 -999.250 -999.250 -999.250 -999.250 -999.250
4.361 4.220 6.256 5.935 4.154 4.177 4.418 3.941 2.267 3.572 5.035 6.475 5.215 5.038 5.493 6.485 4.722 5.509 3.233 1.965 2.134 1.550 3.377 3.923 5.774 5.265 7.736 10.265 6.967 7.103 4.770 4.499 3.891 5.195 5.408 5.312 4.898 3.986 0.323 0.000 0.000 0.000 1.331 0.000 0.000 0.000 -999.250 -999.250 -999.250 -999.250 -999.250 -999.250 -999.250 -999.250 -999.250 -999.250 -999.250 -999.250 -999.250 -999.250 -999.250 -999.250 -999.250 -999.250 -999.250 -999.250 -999.250 -999.250 -999.250 -999.250
3.587 7.708 6.150 3.978 4.800 3.882 5.452 3.812 5.449 6.189 5.126 7.553 5.329 4.830 5.589 6.559 4.823 5.016 2.808 4.563 3.525 2.929 3.689 4.699 4.316 5.791 8.941 7.652 6.548 4.403 4.611 4.457 5.332 5.793 4.160 4.961 4.832 2.617 0.074 0.000 0.000 0.000 0.529 2.216 2.339 1.566 -999.250 -999.250 -999.250 -999.250 -999.250 -999.250 -999.250 -999.250 -999.250 -999.250 -999.250 -999.250 -999.250 -999.250 -999.250 -999.250 -999.250 -999.250 -999.250 -999.250 -999.250 -999.250 -999.250 -999.250
4.516 6.265 5.939 4.633 3.685 2.875 5.536 5.968 5.489 5.667 6.975 5.776 8.073 4.074 5.611 5.180 3.790 3.552 2.795 3.549 5.135 5.082 6.578 5.503 5.017 6.139 6.004 7.315 6.811 4.770 3.790 5.427 5.703 5.673 4.276 4.388 2.929 3.153 1.440 0.000 0.000 1.244 0.310 0.533 4.251 1.708 -999.250 -999.250 -999.250 -999.250 -999.250 -999.250 -999.250 -999.250 -999.250 -999.250 -999.250 -999.250 -999.250 -999.250 -999.250 -999.250 -999.250 -999.250 -999.250 -999.250 -999.250 -999.250 -999.250 -999.250
6.274 8.619 5.512 5.665 5.293 3.732 4.815 3.221 4.002 4.513 6.843 5.193 6.377 4.477 4.164 4.026 4.221 4.050 3.590 3.696 5.045 5.098 4.280 5.574 4.682 4.407 4.543 4.901 4.645 3.408 2.316 4.522 4.607 5.565 3.430 3.770 3.537 4.510 4.176 0.000 1.157 0.985 0.875 1.156 2.034 -999.250 -999.250 -999.250 -999.250 -999.250 -999.250 -999.250 -999.250 -999.250 -999.250 -999.250 -999.250 -999.250 -999.250 -999.250 -999.250 -999.250 -999.250 -999.250 -999.250 -999.250 -999.250 -999.250 -999.250 -999.250
4.515 4.597 6.420 8.236 7.885 5.220 6.919 3.581 1.897 5.232 4.768 3.312 2.580 2.871 4.080 2.727 4.525 3.302 2.737 1.728 3.612 3.994 3.031 4.180 4.488 3.040 2.654 3.573 4.176 2.253 3.072 2.713 2.972 3.395 4.566 5.222 3.919 3.807 2.658 1.236 1.173 0.897 1.498 1.735 0.787 -999.250 -999.250 -999.250 -999.250 -999.250 -999.250 -999.250 -999.250 -999.250 -999.250 -999.250 -999.250 -999.250 -999.250 -999.250 -999.250 -999.250 -999.250 -999.250 -999.250 -999.250 -999.250 -999.250 -999.250 -999.250
