data/medianmodel_30-Jun-2020.asc
ncols	141
nrows	288
xllcorner	-120191.398
yllcorner	-301404.813
cellsize	2000.000
NODATA_value	-999.250
[rows 31 to 61 of 288, columns 69 to 137 of 141]
0.000 0.000 0.000 0.000 0.143 0.126 0.000 0.000 0.000 0.000 0.000 0.000 0.000 0.000 0.000 2.908 3.795 5.338 7.700 8.626 9.054 8.394 5.831 4.601 3.026 1.890 0.000 0.000 0.000 0.000 0.000 0.000 0.000 0.000 0.000 0.000 0.000 0.000 0.000 0.000 0.000 0.000 0.000 0.000 0.000 0.000 0.000 0.000 0.000 0.000 0.000 1.087 1.422 4.429 6.145 9.144 12.033 16.904 21.597 21.552 23.526 29.314 33.485 38.943 42.511 41.527 42.210 37.965 36.452
0.000 0.000 1.939 3.727 3.538 3.255 2.177 0.000 0.000 0.000 0.000 0.000 0.000 1.090 3.008 7.414 9.044 9.942 11.352 12.714 14.458 12.252 10.482 10.432 7.058 3.229 0.407 0.000 0.000 0.000 0.000 0.000 0.000 0.000 0.000 0.000 0.000 0.000 0.000 0.000 0.000 0.000 0.000 0.000 0.000 0.000 0.000 0.000 0.000 0.000 0.000 0.000 1.105 3.784 6.995 10.084 12.626 17.066 18.726 23.473 25.910 31.677 31.847 42.214 46.119 43.469 44.506 42.447 43.788
0.000 0.315 2.537 7.006 7.967 7.371 3.948 0.933 0.000 0.000 0.000 0.000 1.770 4.053 8.007 11.115 16.026 18.312 19.684 22.966 23.804 21.248 16.082 17.323 13.188 7.458 5.268 2.604 0.000 0.000 0.000 0.000 0.000 0.000 0.000 0.000 0.000 0.000 0.000 0.000 0.000 0.000 0.000 0.000 0.000 0.000 0.000 0.000 0.000 0.000 0.000 0.000 0.359 3.149 5.271 8.197 9.948 17.001 18.744 24.544 27.169 31.420 37.219 42.319 50.991 50.720 53.287 49.372 50.066
0.000 0.000 4.661 8.614 16.622 9.991 5.400 2.336 0.000 0.000 0.000 1.299 3.796 6.275 9.796 14.671 20.132 25.318 27.813 29.593 34.908 31.135 26.518 25.710 20.535 11.150 8.086 5.602 1.996 0.105 0.000 0.000 0.000 0.000 0.000 0.000 0.000 0.000 0.000 0.000 0.000 0.000 0.000 0.000 0.000 0.000 0.000 0.000 0.000 0.000 0.000 0.000 0.998 4.227 5.092 6.126 9.821 15.285 17.507 22.013 29.120 34.890 41.180 46.457 55.120 62.319 57.494 56.109 50.261
0.000 1.535 4.714 8.100 9.345 7.253 5.234 2.145 0.380 0.958 2.630 4.027 8.361 10.155 15.878 21.662 28.874 32.462 36.661 36.825 44.623 44.872 38.374 32.322 26.316 18.201 11.458 7.764 4.537 3.074 0.000 0.000 0.000 0.000 0.000 0.000 0.000 0.000 0.000 0.000 0.000 0.000 0.000 0.000 0.000 0.000 0.000 0.000 0.000 0.000 0.000 0.092 2.096 3.529 4.862 6.035 10.271 15.624 17.850 24.367 28.601 32.504 42.721 46.764 57.552 73.206 58.127 60.147 -999.250
0.000 2.279 2.909 6.043 6.299 4.963 3.847 1.639 0.130 2.175 5.002 5.224 9.987 13.237 19.523 28.422 38.748 44.747 52.100 54.491 54.427 54.025 43.410 39.675 30.377 23.116 17.643 12.053 7.827 5.094 4.597 0.000 0.000 0.000 0.000 0.000 0.000 0.000 0.000 0.000 0.000 0.000 0.000 0.000 0.000 0.000 0.000 0.000 0.000 0.000 0.000 0.000 0.607 3.020 4.495 7.315 10.523 14.549 15.770 21.290 24.962 31.897 35.231 44.817 54.963 60.142 56.748 51.761 -999.250
0.000 0.637 1.499 4.069 3.913 4.272 2.011 2.507 1.741 5.132 6.566 9.582 12.400 18.059 25.302 35.362 46.044 53.695 59.126 61.290 63.380 59.519 52.457 41.893 36.600 28.170 20.672 15.221 10.419 5.324 2.642 0.000 0.000 0.000 0.000 0.000 0.000 0.000 0.000 0.000 0.000 0.000 0.000 0.000 0.000 0.000 0.000 0.000 0.000 0.000 0.000 0.000 1.600 3.025 5.341 6.788 8.140 13.132 15.173 20.296 23.470 27.584 35.000 44.240 47.622 54.604 55.538 -999.250 -999.250
0.000 0.000 1.064 1.591 1.737 2.886 1.535 3.680 2.649 5.643 6.561 9.157 13.956 21.976 29.150 40.880 53.570 61.844 72.142 77.320 72.256 67.176 52.676 50.732 43.415 35.353 23.410 15.998 12.636 7.858 3.741 0.177 0.000 0.000 0.000 0.000 0.000 0.000 0.000 0.000 0.000 0.000 0.000 0.000 0.000 0.000 0.000 0.000 0.000 0.000 0.000 0.000 0.748 2.512 4.303 7.388 9.240 11.203 15.603 18.507 23.267 28.742 37.502 39.408 42.784 48.329 49.994 -999.250 -999.250
0.000 0.000 0.000 1.006 0.617 0.713 1.980 0.297 3.307 6.681 9.882 12.310 16.261 23.141 32.829 46.527 59.154 68.270 82.947 91.078 82.840 68.605 59.585 52.559 43.412 31.937 26.292 15.458 12.545 8.862 4.012 1.205 0.000 0.000 0.000 0.000 0.000 0.000 0.000 0.000 0.000 0.000 0.000 0.000 0.000 0.000 0.000 0.000 0.000 0.000 0.000 0.000 0.040 2.936 4.161 5.204 6.481 9.595 14.217 17.955 23.476 31.116 33.939 37.293 41.327 44.328 42.447 -999.250 -999.250
0.000 0.000 0.000 0.000 0.000 0.365 0.519 2.237 4.114 5.591 10.785 12.756 20.714 25.306 35.802 47.071 56.178 65.920 85.144 109.830 92.569 73.026 66.894 54.483 46.148 33.283 26.289 16.720 12.782 8.801 5.523 1.288 0.419 0.000 0.000 0.000 0.000 0.000 0.000 0.000 0.000 0.000 0.000 0.000 0.000 0.000 0.000 0.000 0.000 0.000 0.000 0.000 1.094 1.641 5.492 5.302 6.912 9.902 12.323 16.013 18.386 24.664 26.517 31.855 37.153 39.988 -999.250 -999.250 -999.250
0.000 0.000 0.000 0.000 0.000 0.000 0.083 2.452 3.529 6.403 7.883 12.374 17.468 23.007 34.438 46.137 55.171 63.429 79.606 91.468 79.316 70.206 61.290 49.033 42.370 32.663 25.209 15.773 12.329 9.143 5.881 3.070 1.848 0.000 0.000 0.000 0.000 0.000 0.000 0.000 0.000 0.000 0.000 0.000 0.000 0.000 0.000 0.000 0.000 0.000 0.000 1.152 0.267 1.568 4.215 5.856 6.823 8.332 10.383 11.273 18.339 21.982 26.168 36.876 31.847 38.862 30.507 -999.250 -999.250
0.000 0.000 0.000 0.000 0.000 0.000 0.000 1.055 3.087 5.268 7.454 10.657 15.461 20.133 28.343 38.936 49.449 55.418 62.812 65.541 59.814 57.197 51.486 42.325 35.912 30.606 22.972 14.069 12.215 9.056 5.315 3.958 3.462 0.360 0.000 0.000 0.000 0.000 0.000 0.000 0.000 0.000 0.000 0.000 0.000 0.000 0.000 0.000 0.000 0.000 0.000 1.734 1.857 3.469 4.097 5.043 7.006 10.621 11.307 12.814 15.439 18.270 21.366 -999.250 -999.250 -999.250 -999.250 -999.250 -999.250
0.000 0.000 0.000 0.000 0.000 0.000 0.746 3.169 2.591 3.606 5.366 6.986 11.124 16.513 22.250 27.247 38.493 43.641 50.433 50.113 50.519 42.383 36.635 29.464 26.430 22.794 15.732 12.354 11.227 7.539 7.054 4.360 3.675 1.596 0.000 0.000 0.000 0.000 0.000 0.000 0.000 0.000 0.000 0.000 0.000 0.000 0.000 0.000 0.000 0.000 1.530 2.477 3.344 2.384 3.421 6.796 6.499 9.988 12.400 12.310 14.024 14.518 15.092 18.397 -999.250 -999.250 -999.250 -999.250 -999.250
0.000 0.000 0.000 0.000 0.000 0.189 0.849 4.179 3.087 3.844 4.663 6.913 8.086 11.972 14.475 20.605 25.068 29.083 30.166 31.428 31.898 31.669 28.545 24.750 20.424 16.047 12.988 11.747 9.830 7.429 5.921 4.547 5.111 4.566 1.082 0.000 0.000 0.000 0.000 0.000 0.000 0.000 0.000 0.000 0.000 0.000 0.000 0.000 0.000 1.433 3.152 6.360 7.872 5.030 4.664 5.689 7.263 8.175 9.480 11.293 10.632 11.374 -999.250 -999.250 -999.250 -999.250 -999.250 -999.250 -999.250
0.000 0.000 0.000 0.000 0.000 1.010 2.725 5.479 5.125 4.916 4.555 4.475 6.217 9.384 10.840 13.650 15.777 16.766 18.916 17.433 19.439 20.249 19.717 15.363 13.968 12.377 9.613 10.585 9.203 7.931 7.238 7.037 6.418 5.322 2.921 0.000 0.000 0.000 0.000 0.000 0.000 0.000 0.000 0.000 0.000 0.000 0.000 0.000 0.000 2.032 5.247 11.916 6.930 5.526 4.080 4.334 5.594 7.139 7.527 8.349 9.659 12.487 -999.250 -999.250 -999.250 -999.250 -999.250 -999.250 -999.250
0.000 0.000 0.000 0.000 0.000 1.033 4.187 10.008 5.802 4.275 2.619 3.171 3.775 4.001 5.855 7.582 8.218 10.381 10.199 8.424 8.590 8.792 9.314 8.942 8.131 8.585 7.324 7.853 7.440 7.095 7.035 9.916 10.320 8.037 3.119 1.766 0.000 0.000 0.000 0.000 0.000 0.000 0.000 0.000 0.000 0.000 0.000 0.000 0.270 2.424 4.982 7.170 5.696 5.362 4.138 4.626 4.899 6.564 6.719 9.026 10.018 -999.250 -999.250 -999.250 -999.250 -999.250 -999.250 -999.250 -999.250
0.000 0.000 0.000 0.000 0.000 0.000 2.296 3.986 3.112 0.578 0.000 0.000 0.000 0.000 0.733 1.078 3.176 2.658 0.762 0.000 0.000 1.949 4.314 4.695 3.957 2.688 2.843 4.767 3.733 4.761 7.564 9.801 16.545 8.612 4.388 2.933 1.432 0.000 0.000 0.000 0.000 0.000 0.000 0.000 0.000 0.000 0.000 0.747 0.543 1.333 4.933 4.944 5.452 4.933 5.612 5.355 5.082 7.403 4.889 -999.250 -999.250 -999.250 -999.250 -999.250 -999.250 -999.250 -999.250 -999.250 -999.250
0.000 0.000 0.000 0.000 0.000 0.000 0.000 1.053 0.900 0.000 0.000 0.000 0.000 0.000 0.000 0.000 0.000 0.000 0.000 0.000 0.000 0.000 0.000 0.000 0.000 0.000 0.000 0.125 0.983 3.297 5.632 7.999 8.814 8.274 4.229 2.852 0.543 0.000 0.000 0.000 0.000 0.000 0.000 0.000 0.108 0.155 1.321 2.553 2.391 2.131 4.449 4.136 5.733 4.785 5.400 5.947 4.310 5.024 6.274 -999.250 -999.250 -999.250 -999.250 -999.250 -999.250 -999.250 -999.250 -999.250 -999.250
0.000 0.000 0.000 0.000 0.000 0.000 0.000 0.000 0.000 0.000 0.000 0.000 0.000 0.000 0.000 0.000 0.000 0.000 0.000 0.000 0.000 0.000 0.000 0.000 0.000 0.000 0.000 0.000 0.000 0.043 2.217 4.513 6.155 4.850 3.204 1.842 0.925 0.958 0.901 0.000 0.000 0.446 1.440 1.608 2.359 2.939 3.473 4.003 4.223 4.124 4.926 5.054 7.089 6.495 -999.250 5.930 4.550 -999.250 -999.250 -999.250 -999.250 -999.250 -999.250 -999.250 -999.250 -999.250 -999.250 -999.250 -999.250
0.000 0.000 0.000 0.000 0.000 0.000 0.000 0.000 0.000 0.000 0.000 0.000 0.000 0.000 0.000 0.000 0.000 0.000 0.000 0.000 0.000 0.000 0.000 0.000 0.000 0.000 0.000 0.000 0.000 0.000 0.093 1.891 2.790 3.823 3.370 3.464 2.324 2.757 2.476 0.524 1.429 3.110 3.276 2.956 5.186 4.789 6.105 5.314 7.035 6.192 6.701 6.813 -999.250 -999.250 -999.250 -999.250 -999.250 -999.250 -999.250 -999.250 -999.250 -999.250 -999.250 -999.250 -999.250 -999.250 -999.250 -999.250 -999.250
0.000 0.000 0.000 0.000 0.000 0.000 0.000 0.000 0.000 0.000 0.000 0.000 0.000 0.000 0.000 0.000 0.000 0.000 0.000 0.000 0.000 0.000 0.000 0.000 0.000 0.000 0.000 0.000 0.000 0.000 0.000 0.000 0.673 3.962 4.270 5.469 4.734 3.702 3.409 2.864 2.531 1.892 3.989 3.636 5.199 7.517 7.852 8.228 7.840 6.865 8.017 -999.250 -999.250 -999.250 -999.250 -999.250 -999.250 -999.250 -999.250 -999.250 -999.250 -999.250 -999.250 -999.250 -999.250 -999.250 -999.250 -999.250 -999.250
0.000 0.000 0.000 0.000 0.000 0.000 0.000 0.000 0.000 0.000 0.000 0.000 0.000 0.000 0.000 0.000 0.000 0.000 0.000 0.000 0.000 0.000 0.000 0.000 0.000 0.000 0.000 0.000 0.000 0.000 0.000 0.000 0.357 3.764 6.469 8.173 6.076 5.040 4.402 4.055 2.945 4.010 4.107 5.704 7.128 7.983 10.362 9.804 9.617 11.023 8.579 -999.250 -999.250 -999.250 -999.250 -999.250 -999.250 -999.250 -999.250 -999.250 -999.250 -999.250 -999.250 -999.250 -999.250 -999.250 -999.250 -999.250 -999.250
0.000 0.000 0.000 0.000 0.000 0.000 0.000 0.000 0.000 0.000 0.000 0.000 0.000 0.000 0.000 0.000 0.000 0.000 0.000 0.000 0.000 0.000 0.000 0.000 0.000 0.000 0.000 0.000 0.000 0.000 0.000 0.000 0.000 3.525 6.186 12.995 8.355 4.485 5.122 3.873 4.899 4.016 5.608 7.625 9.035 10.325 11.346 12.194 11.270 12.734 -999.250 -999.250 -999.250 -999.250 -999.250 -999.250 -999.250 -999.250 -999.250 -999.250 -999.250 -999.250 -999.250 -999.250 -999.250 -999.250 -999.250 -999.250 -999.250
0.000 0.000 0.000 0.000 0.000 0.000 0.000 0.000 0.000 0.000 0.000 0.000 0.000 1.546 1.995 1.322 0.000 0.000 0.000 0.000 0.000 0.000 0.000 0.000 0.000 0.000 0.000 0.000 0.000 0.000 0.000 0.000 0.000 1.441 4.565 6.646 6.809 4.552 3.489 3.681 4.230 5.883 5.529 8.479 9.203 11.806 12.689 15.048 15.541 -999.250 -999.250 -999.250 -999.250 -999.250 -999.250 -999.250 -999.250 -999.250 -999.250 -999.250 -999.250 -999.250 -999.250 -999.250 -999.250 -999.250 -999.250 -999.250 -999.250
0.000 0.000 0.000 0.000 0.000 0.000 0.000 0.000 0.000 0.000 0.000 0.000 3.128 5.880 7.883 6.455 1.636 0.000 0.000 0.000 0.000 0.000 0.000 0.000 0.000 0.000 0.000 0.000 0.000 0.000 0.000 0.000 0.000 0.000 2.990 3.473 4.123 3.670 3.340 3.877 4.571 5.169 6.916 9.437 12.689 14.652 17.040 16.638 17.389 -999.250 -999.250 -999.250 -999.250 -999.250 -999.250 -999.250 -999.250 -999.250 -999.250 -999.250 -999.250 -999.250 -999.250 -999.250 -999.250 -999.250 -999.250 -999.250 -999.250
0.000 0.000 0.000 0.000 1.322 0.375 0.000 0.000 0.000 0.000 0.000 0.237 4.944 10.190 16.576 8.873 4.646 1.139 0.000 0.000 0.000 0.000 0.000 0.000 0.000 0.000 0.000 0.000 0.000 0.000 0.000 0.000 0.000 0.000 0.000 0.492 2.367 3.615 3.294 4.176 6.103 6.316 8.073 13.298 15.304 19.594 22.968 21.257 -999.250 -999.250 -999.250 -999.250 -999.250 -999.250 -999.250 -999.250 -999.250 -999.250 -999.250 -999.250 -999.250 -999.250 -999.250 -999.250 -999.250 -999.250 -999.250 -999.250 -999.250
0.599 0.000 0.000 1.646 8.034 0.725 0.000 0.000 0.000 0.000 0.000 0.000 4.150 7.263 10.254 7.302 6.187 3.135 0.000 0.000 0.000 0.000 0.000 0.000 0.000 0.000 0.000 0.000 0.000 0.000 0.000 0.000 0.000 0.000 0.000 0.000 0.031 1.003 1.684 3.873 5.506 6.355 9.138 13.311 17.058 19.171 30.321 24.743 -999.250 -999.250 -999.250 -999.250 -999.250 -999.250 -999.250 -999.250 -999.250 -999.250 -999.250 -999.250 -999.250 -999.250 -999.250 -999.250 -999.250 -999.250 -999.250 -999.250 -999.250
4.786 0.000 0.000 0.502 1.467 0.000 0.000 0.000 0.000 0.000 0.000 0.000 3.514 5.830 7.796 6.409 3.496 0.923 0.000 0.000 0.000 0.000 0.000 0.000 0.000 0.000 0.000 0.000 0.000 0.000 0.000 0.000 0.000 0.000 0.000 0.000 0.000 0.000 0.333 3.739 3.817 5.906 9.053 12.182 14.153 18.244 22.985 21.453 -999.250 -999.250 -999.250 -999.250 -999.250 -999.250 -999.250 -999.250 -999.250 -999.250 -999.250 -999.250 -999.250 -999.250 -999.250 -999.250 -999.250 -999.250 -999.250 -999.250 -999.250
10.073 4.509 0.354 0.000 0.000 0.000 0.000 0.000 0.000 0.000 0.000 0.000 1.954 4.912 4.527 4.774 3.049 0.671 0.063 0.000 0.000 0.000 0.000 0.000 0.000 0.000 0.000 0.000 0.000 0.000 0.000 0.000 0.000 0.000 0.000 0.000 0.000 0.000 1.659 3.509 5.635 5.762 8.124 9.708 13.012 14.967 19.594 -999.250 -999.250 -999.250 -999.250 -999.250 -999.250 -999.250 -999.250 -999.250 -999.250 -999.250 -999.250 -999.250 -999.250 -999.250 -999.250 -999.250 -999.250 -999.250 -999.250 -999.250 -999.250
15.247 9.585 4.096 0.011 0.000 0.000 0.000 0.000 0.000 0.000 0.000 0.000 0.038 1.447 1.816 2.615 1.881 0.131 0.000 0.000 0.000 0.000 0.000 0.000 0.000 0.000 0.000 0.000 0.000 0.000 0.000 0.000 0.000 0.000 0.000 0.000 0.000 0.000 0.000 1.203 5.015 4.455 6.053 8.590 9.936 12.094 15.120 -999.250 -999.250 -999.250 -999.250 -999.250 -999.250 -999.250 -999.250 -999.250 -999.250 -999.250 -999.250 -999.250 -999.250 -999.250 -999.250 -999.250 -999.250 -999.250 -999.250 -999.250 -999.250
21.118 14.129 5.432 0.143 0.000 0.000 0.000 0.000 0.000 0.000 0.000 0.000 0.000 0.000 0.287 1.198 0.786 0.196 0.000 0.000 0.000 0.000 0.000 0.000 0.000 0.000 0.000 0.000 0.000 0.000 0.000 0.000 0.000 0.000 0.000 0.000 0.000 0.000 0.086 1.420 1.775 2.286 4.049 6.668 8.851 11.095 -999.250 -999.250 -999.250 -999.250 -999.250 -999.250 -999.250 -999.250 -999.250 -999.250 -999.250 -999.250 -999.250 -999.250 -999.250 -999.250 -999.250 -999.250 -999.250 -999.250 -999.250 -999.250 -999.250
