data/medianmodel_27-Dec-2020.asc
ncols	141
nrows	288
xllcorner	-120191.398
yllcorner	-301404.813
cellsize	2000.000
NODATA_value	-999.250
[rows 28 to 55 of 288, columns 65 to 129 of 141]
520.447 535.696 594.591 687.266 685.107 658.887 651.237 680.137 664.261 684.783 694.529 652.667 618.417 595.587 606.967 612.134 636.454 638.982 690.937 732.441 770.963 823.881 850.627 880.990 885.224 905.381 927.078 954.470 958.894 977.218 940.577 939.258 845.164 794.718 790.868 752.248 762.927 860.969 879.496 889.309 928.687 984.745 1021.151 1016.157 1015.026 1039.885 1022.304 1074.324 1064.604 1071.636 1056.307 1036.782 1015.091 1012.625 1011.724 1016.953 977.130 944.453 952.787 956.146 964.502 965.399 957.208 914.865 905.413
466.050 510.322 550.951 555.406 616.278 583.924 591.558 646.099 652.555 704.045 673.752 689.343 666.491 634.616 664.149 657.675 668.601 714.905 722.310 759.858 780.471 792.525 794.416 864.251 890.328 886.602 918.126 947.734 980.377 1032.528 931.595 891.666 875.901 828.030 739.390 780.626 797.850 838.113 923.485 969.367 972.659 1008.976 1045.810 1061.592 1102.078 1149.322 1146.522 1123.175 1060.165 1065.483 1085.348 1096.664 1003.020 1022.751 1039.345 1022.390 986.969 943.581 983.299 968.062 966.616 965.384 958.552 959.192 909.530
428.834 455.914 480.083 502.655 517.578 538.495 615.266 635.570 640.288 652.240 649.747 687.152 705.579 727.837 696.215 687.491 707.648 703.091 759.475 769.540 774.239 800.262 773.878 778.610 822.581 848.315 876.301 921.443 938.955 930.805 884.588 825.842 812.909 771.515 738.303 764.511 811.675 881.800 897.091 957.739 996.879 1116.704 1101.060 1206.245 1185.330 1229.661 1164.481 1157.462 1086.614 1064.358 1083.588 1083.401 1048.389 1100.124 1038.717 1021.860 996.889 988.343 981.191 993.646 1011.300 979.002 1019.140 973.054 935.621
366.366 402.345 433.483 464.184 489.116 538.756 553.172 611.199 646.421 660.044 681.166 713.046 678.521 714.445 744.091 747.384 747.370 769.688 760.380 757.405 804.488 823.505 782.359 764.397 828.967 834.091 826.618 838.109 864.735 851.917 817.017 790.172 746.405 721.390 683.263 721.507 779.994 803.178 912.601 944.283 1021.354 1123.387 1204.719 1279.314 1276.937 1257.743 1229.741 1165.848 1187.428 1143.029 1134.867 1065.277 1132.781 1165.599 1089.594 1035.135 1017.130 994.887 1013.534 998.456 1006.967 962.283 987.376 974.248 933.521
333.640 364.284 397.769 422.770 464.811 516.188 548.842 616.795 672.810 702.058 692.990 758.794 742.350 739.580 768.796 760.280 786.472 763.700 774.074 796.781 784.060 772.332 721.371 742.615 746.985 730.717 760.494 768.710 769.773 751.370 713.424 688.110 654.856 622.080 613.811 672.372 715.976 765.415 863.568 965.830 1041.255 1151.748 1269.952 1340.009 1363.309 1311.359 1268.088 1244.412 1220.163 1153.684 1180.042 1050.369 1108.705 1196.401 1088.881 1072.941 1002.687 1004.480 983.884 995.237 989.107 949.352 962.272 921.760 937.120
306.101 328.718 354.337 400.016 465.479 493.655 570.220 625.038 695.194 725.556 748.062 798.218 760.817 757.034 757.895 769.741 825.549 783.692 752.835 765.978 727.016 718.154 697.481 696.842 702.198 691.287 708.873 702.346 691.740 667.839 667.870 595.948 529.366 539.550 564.846 626.454 700.563 742.684 851.132 951.599 1078.183 1216.304 1292.455 1453.569 1319.825 1351.877 1286.990 1274.567 1282.055 1185.850 1177.114 1072.015 1153.257 1092.662 1050.404 1078.681 997.462 963.698 983.653 979.127 951.088 925.541 966.715 929.473 937.588
290.970 319.073 347.930 397.704 438.929 493.550 550.615 645.301 748.005 757.809 776.343 767.223 737.996 757.651 749.777 779.856 797.309 766.597 765.173 728.464 702.807 689.834 669.970 664.117 615.732 595.609 607.763 584.729 589.914 585.960 541.680 528.670 499.118 489.001 494.659 546.994 626.019 732.765 820.074 955.647 1027.507 1191.332 1232.400 1310.447 1344.193 1287.894 1281.554 1278.263 1251.508 1199.262 1147.820 1128.036 1135.206 1073.303 1056.875 1024.736 1036.239 957.937 975.278 907.100 930.174 950.207 943.114 959.353 934.419
295.204 309.064 341.398 379.464 444.575 491.597 546.794 620.630 674.362 735.687 738.626 773.904 758.301 742.823 774.777 824.191 827.690 777.406 739.393 717.068 703.099 621.213 599.382 609.560 561.795 542.544 518.493 529.956 527.954 515.761 486.202 484.670 453.412 440.126 444.550 490.922 580.259 689.234 780.277 926.354 1027.320 1084.314 1255.949 1250.371 1329.881 1245.490 1238.194 1253.735 1227.242 1223.495 1134.005 1077.725 1060.188 1032.060 1061.488 1049.017 1009.066 979.818 949.222 926.684 932.147 891.169 880.324 846.379 901.530
266.801 298.910 325.778 365.681 442.178 494.092 526.101 611.110 656.891 664.930 722.755 741.352 713.763 739.537 758.331 763.155 751.791 756.824 671.426 690.472 627.890 594.481 550.677 533.115 522.338 501.457 486.178 485.767 490.947 477.001 447.101 421.365 405.267 386.494 358.555 457.510 550.873 666.151 746.384 895.196 1008.525 1110.095 1155.024 1254.139 1260.639 1294.529 1292.645 1230.002 1215.041 1157.236 1122.203 1053.673 1003.006 996.084 983.177 977.520 969.272 950.822 901.421 902.663 920.442 887.567 798.170 831.732 807.717
278.737 292.692 326.296 349.977 414.281 480.486 517.162 570.093 609.074 626.252 674.884 701.191 728.049 736.625 733.202 737.734 717.448 685.083 668.286 598.472 555.762 514.051 511.524 484.768 460.816 458.913 437.061 442.103 431.239 415.867 409.515 379.774 364.703 356.771 374.522 443.720 519.249 634.295 765.264 872.604 955.536 1031.279 1136.271 1188.020 1206.434 1224.935 1213.176 1220.443 1204.711 1183.189 1126.082 1098.846 982.997 938.520 978.930 878.837 862.804 902.831 891.805 880.361 824.895 855.263 819.005 787.372 771.184
294.490 294.965 319.195 345.469 388.904 454.515 501.357 543.476 604.358 613.743 680.204 670.481 658.158 712.031 688.822 689.565 682.420 644.718 597.873 525.073 503.992 479.393 460.598 427.705 402.744 371.372 374.852 365.711 355.533 352.094 353.795 344.642 337.297 365.272 407.977 469.119 523.468 621.891 736.636 838.948 930.670 1007.817 1088.479 1145.734 1207.939 1223.947 1229.904 1155.897 1174.078 1155.480 1109.900 1017.551 1017.755 967.707 923.412 870.186 813.137 820.953 834.044 803.448 801.928 792.993 766.756 760.082 794.727
305.149 304.431 318.162 335.267 367.762 429.793 486.385 513.430 541.576 576.839 623.542 624.777 660.545 644.769 655.944 663.824 593.224 565.043 541.754 504.831 478.544 445.030 414.156 350.360 336.609 331.682 335.085 333.981 328.183 325.603 331.789 328.409 345.180 377.451 426.458 477.776 563.807 681.915 766.540 874.019 933.702 998.187 1055.199 1100.959 1182.243 1201.751 1229.176 1187.809 1157.475 1175.989 1040.152 997.486 973.049 912.618 866.666 857.712 790.785 780.333 749.275 710.569 770.463 708.362 732.727 702.902 719.330
312.384 305.228 311.514 337.885 364.616 421.797 464.275 508.181 533.540 570.050 581.508 605.695 574.245 612.084 597.577 580.461 560.047 517.874 503.770 461.225 436.457 403.599 342.918 311.184 305.792 304.367 311.215 301.534 299.021 307.455 317.200 315.514 346.754 374.915 435.682 484.046 592.517 684.295 801.629 846.936 914.219 978.356 1040.053 1096.948 1186.891 1215.038 1204.594 1167.949 1095.720 1034.540 988.408 970.952 924.290 886.939 843.857 798.204 760.101 725.038 687.929 711.443 676.634 715.649 707.096 694.546 662.870
318.367 306.794 302.332 331.838 367.978 429.136 472.422 502.632 514.815 552.769 566.138 577.024 603.836 576.805 530.123 525.895 503.414 501.355 462.768 433.646 387.380 351.440 326.553 297.586 279.853 278.147 281.229 278.042 264.563 281.732 293.382 313.588 326.561 375.274 434.180 491.933 548.304 623.821 761.085 809.808 921.125 993.188 1036.147 1198.340 1214.540 1221.468 1175.036 1065.681 1032.789 979.443 963.006 914.907 886.282 842.507 754.089 721.494 693.262 636.870 618.565 642.243 632.439 647.736 674.028 615.638 640.241
332.524 329.320 326.985 348.192 372.712 440.014 471.014 486.629 524.110 544.690 575.549 587.615 584.066 549.977 528.629 509.215 470.401 445.159 429.962 394.714 341.621 328.277 304.827 273.475 267.833 250.584 250.026 239.853 233.631 248.671 266.248 286.728 331.549 380.677 438.107 484.770 560.372 622.111 738.218 790.092 919.943 991.557 1050.190 1199.110 1233.493 1243.652 1104.450 1050.965 968.574 984.591 924.548 882.961 788.319 743.180 709.177 662.787 639.436 593.607 577.486 568.474 574.728 586.636 622.044 598.735 551.667
375.228 353.265 361.993 375.297 420.712 443.145 488.944 500.871 532.956 567.839 642.816 636.204 613.880 578.656 535.050 488.635 465.431 436.757 395.174 352.851 333.749 316.747 289.633 257.329 240.740 250.341 221.066 217.815 214.620 211.145 227.180 276.481 319.349 378.893 434.523 483.257 553.089 602.818 686.987 815.900 862.593 959.574 1011.283 1151.886 1230.769 1154.608 1049.683 985.277 925.771 902.242 865.985 791.267 732.782 692.562 601.023 578.049 533.872 518.408 525.044 511.657 513.166 518.564 534.409 525.350 528.888
416.721 398.874 404.896 416.995 439.596 482.160 496.766 525.139 571.787 617.114 657.857 690.595 605.254 588.362 553.701 496.151 453.272 413.248 372.099 343.817 319.296 302.852 281.895 261.807 255.582 229.192 213.899 201.422 192.980 196.551 223.903 268.579 319.700 352.651 427.272 469.811 527.139 561.840 661.702 760.504 833.892 899.324 986.233 1016.493 1039.865 1045.444 982.591 920.072 870.101 836.199 767.581 696.261 648.855 609.083 539.180 512.740 495.518 482.357 459.333 478.183 482.627 482.232 492.154 488.747 472.911
443.474 451.458 444.507 453.225 466.367 473.873 510.078 542.703 588.543 654.332 694.614 702.861 652.147 591.729 552.163 507.611 449.485 396.744 358.640 333.783 314.676 297.767 286.688 276.764 256.431 219.878 212.522 186.277 171.152 164.829 194.839 237.655 290.458 339.171 398.793 465.978 511.116 553.114 644.994 696.922 799.702 854.776 875.000 925.403 954.046 980.029 907.049 881.995 762.750 708.406 701.680 614.961 547.704 535.567 503.149 476.644 475.402 450.691 439.986 436.605 428.735 439.937 441.604 436.158 455.696
478.779 479.804 453.369 470.131 479.436 509.990 515.254 541.817 601.705 657.665 699.701 770.586 701.323 641.451 553.548 500.272 436.774 394.939 353.125 321.891 303.668 303.453 286.098 286.684 254.460 225.449 194.617 177.066 158.296 157.145 173.589 194.269 276.647 323.041 368.127 439.278 493.014 516.188 558.803 640.678 714.427 750.000 773.580 796.980 856.789 844.497 845.766 765.729 716.714 657.709 580.800 545.087 502.598 497.079 461.182 432.545 421.865 406.615 413.601 400.311 417.704 409.687 394.591 394.618 414.466
510.888 489.889 484.030 478.314 491.769 525.111 545.363 562.167 620.782 698.448 712.793 745.489 736.651 653.822 542.370 490.554 428.569 365.783 329.864 309.361 305.622 301.669 302.840 320.000 273.696 213.935 196.532 166.229 148.657 140.608 139.464 176.952 227.772 277.948 331.010 408.230 479.815 491.493 524.072 584.938 643.795 657.343 703.740 738.602 722.080 740.300 727.977 641.565 606.898 588.096 533.011 506.870 480.571 457.988 418.297 389.782 376.345 360.062 355.432 353.731 372.852 372.498 361.711 -999.250 -999.250
523.851 515.774 493.933 508.435 498.186 514.796 539.202 597.917 614.829 683.245 695.651 743.556 686.290 629.261 558.539 497.038 452.917 368.741 324.415 305.271 315.515 308.679 306.812 287.479 243.517 199.060 173.072 148.909 118.227 108.489 122.592 144.065 189.564 218.900 289.922 340.856 410.369 447.950 473.252 509.435 553.345 571.680 621.621 635.812 621.135 619.810 624.948 561.304 530.644 515.741 491.038 471.721 445.766 402.105 361.869 356.136 349.384 346.686 335.144 338.985 338.937 336.187 347.092 -999.250 -999.250
512.216 516.820 503.499 511.047 532.763 544.911 565.396 591.998 650.757 650.751 707.032 706.986 693.944 639.619 616.295 524.974 479.860 421.130 337.952 332.543 329.055 311.852 299.932 268.793 224.373 184.756 152.215 124.094 102.239 82.610 88.246 116.317 160.434 187.291 238.274 292.436 335.751 373.766 412.126 442.555 462.775 493.232 500.090 511.061 520.770 516.046 519.708 498.990 487.010 467.261 441.567 428.447 404.497 360.163 341.809 336.748 336.464 331.202 -999.250 322.638 326.720 -999.250 -999.250 -999.250 -999.250
510.755 506.779 499.281 526.614 524.551 535.878 571.360 617.457 629.582 676.299 710.639 725.434 715.613 711.949 640.315 597.736 544.721 486.835 446.466 407.855 362.332 332.742 323.658 274.452 212.879 163.538 137.885 115.061 83.462 68.497 77.786 96.545 119.934 152.484 182.138 228.861 269.008 307.310 328.077 350.027 367.147 401.551 428.101 445.341 443.288 451.744 449.526 441.301 433.338 427.380 397.524 393.584 360.158 334.610 330.678 317.548 -999.250 -999.250 -999.250 -999.250 -999.250 -999.250 -999.250 -999.250 -999.250
492.252 487.988 490.787 512.585 526.138 558.466 621.730 651.475 698.200 705.227 741.774 765.737 821.728 811.413 764.055 691.341 646.103 618.651 546.182 493.861 452.877 373.177 335.479 300.928 215.293 166.642 121.292 95.078 74.007 56.452 65.365 76.654 99.447 126.114 149.126 182.846 196.660 229.952 253.490 274.747 304.514 329.194 346.853 350.967 363.789 373.632 391.972 398.100 354.491 349.821 347.113 335.246 334.775 320.632 311.108 -999.250 -999.250 -999.250 -999.250 -999.250 -999.250 -999.250 -999.250 -999.250 -999.250
449.205 449.865 458.265 485.155 505.692 571.687 629.189 707.062 750.380 727.383 830.092 861.105 895.083 898.676 870.225 882.712 769.751 755.804 709.907 606.386 518.264 465.926 372.206 306.197 215.589 151.058 118.138 88.658 69.950 59.173 61.810 64.427 88.535 103.188 118.991 134.925 140.968 162.301 180.904 189.519 215.716 256.273 296.001 298.963 315.010 327.314 329.686 310.241 308.998 306.924 294.802 305.138 297.425 303.337 290.387 -999.250 -999.250 -999.250 -999.250 -999.250 -999.250 -999.250 -999.250 -999.250 -999.250
427.884 423.035 431.950 464.188 493.410 548.341 640.704 743.807 825.755 976.352 936.995 948.987 978.627 983.193 997.587 944.729 958.609 919.193 914.437 816.486 666.787 540.923 443.913 322.483 237.911 156.673 117.569 74.876 69.670 61.319 58.083 60.384 75.491 81.855 93.476 108.160 116.726 119.411 123.466 129.954 154.356 187.408 218.790 235.659 242.119 259.052 261.293 269.118 273.932 281.270 262.383 265.896 265.865 265.639 -999.250 -999.250 -999.250 -999.250 -999.250 -999.250 -999.250 -999.250 -999.250 -999.250 -999.250
375.392 387.219 401.071 428.333 473.287 554.995 599.077 713.678 823.492 929.165 979.076 1012.906 1021.832 1080.663 1037.298 1052.140 1139.689 1058.205 1051.550 958.092 775.358 643.659 488.141 341.037 234.268 159.799 122.351 93.172 62.185 62.140 59.246 61.991 63.323 65.560 73.016 76.670 90.970 84.176 89.595 103.899 118.847 135.276 155.063 176.210 187.703 199.909 210.920 215.553 223.674 243.199 252.314 239.908 235.489 -999.250 -999.250 -999.250 -999.250 -999.250 -999.250 -999.250 -999.250 -999.250 -999.250 -999.250 -999.250
336.303 346.704 332.321 346.730 409.274 477.997 540.545 667.679 769.781 845.205 942.560 1021.313 1108.628 1182.476 1183.671 1237.464 1251.217 1297.702 1274.148 1119.780 917.944 716.513 535.518 370.574 238.596 178.847 140.909 102.059 85.217 72.914 63.412 60.492 65.113 59.863 62.621 76.576 75.141 76.522 69.311 76.269 94.425 98.196 118.400 129.396 142.181 156.950 174.542 190.941 209.987 214.829 218.933 219.934 227.216 -999.250 -999.250 -999.250 -999.250 -999.250 -999.250 -999.250 -999.250 -999.250 -999.250 -999.250 -999.250
