data/medianmodel_11-Apr-2020.asc
ncols	141
nrows	288
xllcorner	-120191.398
yllcorner	-301404.813
cellsize	2000.000
NODATA_value	-999.250
[rows 90 to 119 of 288, columns 0 to 66 of 141]
-999.250 -999.250 -999.250 -999.250 -999.250 -999.250 -999.250 -999.250 -999.250 -999.250 -999.250 -999.250 -999.250 -999.250 -999.250 -999.250 -999.250 -999.250 -999.250 -999.250 -999.250 -999.250 -999.250 -999.250 -999.250 -999.250 -999.250 -999.250 -999.250 -999.250 -999.250 -999.250 61.469 59.858 63.271 57.052 48.373 46.834 46.160 38.328 36.408 32.022 25.837 22.587 23.919 24.728 26.648 31.945 29.400 30.949 26.893 26.475 27.657 25.925 23.115 26.003 22.418 23.036 20.736 21.240 19.408 19.815 18.970 29.130 31.488 41.904 53.239
-999.250 -999.250 -999.250 -999.250 -999.250 -999.250 -999.250 -999.250 -999.250 -999.250 -999.250 -999.250 -999.250 -999.250 -999.250 -999.250 -999.250 -999.250 -999.250 -999.250 -999.250 -999.250 -999.250 -999.250 -999.250 -999.250 -999.250 -999.250 -999.250 -999.250 -999.250 -999.250 42.271 44.382 38.197 41.117 37.282 33.723 31.364 33.769 29.170 24.481 24.745 26.536 23.395 29.846 29.538 31.257 30.617 32.155 30.438 28.624 28.367 26.711 27.585 25.322 27.525 25.428 21.068 23.881 23.405 25.117 27.928 34.078 41.130 47.801 63.499
-999.250 -999.250 -999.250 -999.250 -999.250 -999.250 -999.250 -999.250 -999.250 -999.250 -999.250 -999.250 -999.250 -999.250 -999.250 -999.250 -999.250 -999.250 -999.250 -999.250 -999.250 -999.250 -999.250 -999.250 -999.250 -999.250 -999.250 -999.250 -999.250 -999.250 -999.250 42.134 34.307 31.549 30.126 25.877 24.993 26.465 27.856 27.935 25.734 23.968 26.975 25.449 28.579 31.596 30.899 30.732 32.742 30.026 29.335 31.343 32.497 30.486 29.479 27.458 27.113 26.054 25.895 24.214 30.504 32.127 33.347 43.806 47.358 53.993 71.150
-999.250 -999.250 -999.250 -999.250 -999.250 -999.250 -999.250 -999.250 -999.250 -999.250 -999.250 -999.250 -999.250 -999.250 -999.250 -999.250 -999.250 -999.250 -999.250 -999.250 -999.250 -999.250 -999.250 -999.250 -999.250 -999.250 -999.250 -999.250 -999.250 -999.250 -999.250 33.964 25.803 21.268 22.095 20.584 21.858 25.586 26.833 28.587 25.919 28.176 31.021 29.757 32.553 35.203 40.355 34.932 30.903 28.511 31.097 31.322 30.813 29.461 26.078 24.101 26.284 23.069 27.387 26.096 34.487 37.469 43.063 52.106 61.958 72.922 79.577
-999.250 -999.250 -999.250 -999.250 -999.250 -999.250 -999.250 -999.250 -999.250 -999.250 -999.250 -999.250 -999.250 -999.250 -999.250 -999.250 -999.250 -999.250 -999.250 -999.250 -999.250 -999.250 -999.250 -999.250 -999.250 -999.250 -999.250 -999.250 -999.250 -999.250 -999.250 28.636 21.165 18.418 15.728 17.264 20.971 23.099 28.372 28.034 30.730 32.175 41.050 33.464 37.892 37.105 35.252 39.284 37.472 32.838 32.820 29.567 32.749 26.925 27.830 26.004 25.459 27.713 28.201 29.569 37.603 42.013 52.117 72.873 74.847 88.251 91.060
-999.250 -999.250 -999.250 -999.250 -999.250 -999.250 -999.250 -999.250 -999.250 -999.250 -999.250 -999.250 -999.250 -999.250 -999.250 -999.250 -999.250 -999.250 -999.250 -999.250 -999.250 -999.250 -999.250 -999.250 -999.250 -999.250 -999.250 -999.250 -999.250 -999.250 -999.250 26.477 17.944 14.502 8.452 16.004 22.328 25.988 30.408 36.979 35.420 37.512 41.788 39.503 39.722 38.469 38.611 39.782 38.222 33.841 31.466 35.877 33.900 33.899 33.669 32.411 31.152 29.651 30.300 33.685 42.550 53.959 79.056 77.120 91.236 92.358 89.705
-999.250 -999.250 -999.250 -999.250 -999.250 -999.250 -999.250 -999.250 -999.250 -999.250 -999.250 -999.250 -999.250 -999.250 -999.250 -999.250 -999.250 -999.250 -999.250 -999.250 -999.250 -999.250 -999.250 -999.250 -999.250 -999.250 -999.250 -999.250 -999.250 -999.250 26.689 21.058 19.208 17.430 18.901 22.134 27.077 34.456 38.313 44.033 45.948 50.776 50.524 52.052 44.119 42.459 35.103 37.191 37.841 38.111 33.446 33.584 32.892 34.755 28.215 36.865 32.626 37.685 36.012 38.270 47.228 69.458 82.079 96.246 100.076 103.916 96.749
-999.250 -999.250 -999.250 -999.250 -999.250 -999.250 -999.250 -999.250 -999.250 -999.250 -999.250 -999.250 -999.250 -999.250 -999.250 -999.250 -999.250 -999.250 -999.250 -999.250 -999.250 -999.250 -999.250 -999.250 -999.250 -999.250 -999.250 -999.250 -999.250 -999.250 21.052 20.985 20.007 22.214 22.608 27.665 32.494 38.234 49.477 56.555 59.886 60.261 65.146 47.382 46.356 42.127 35.151 37.231 41.033 32.994 34.787 37.964 38.535 35.860 35.457 36.286 41.486 43.712 48.246 50.158 58.195 70.672 91.691 102.685 111.197 118.483 117.843
-999.250 -999.250 -999.250 -999.250 -999.250 -999.250 -999.250 -999.250 -999.250 -999.250 -999.250 -999.250 -999.250 -999.250 -999.250 -999.250 -999.250 -999.250 -999.250 -999.250 -999.250 -999.250 -999.250 -999.250 -999.250 -999.250 -999.250 -999.250 -999.250 -999.250 20.095 18.613 20.813 22.994 26.168 32.152 37.741 49.839 61.031 73.129 76.984 73.989 62.859 61.242 54.535 51.030 42.178 37.485 41.442 37.475 35.896 36.009 38.718 36.607 35.562 42.277 47.506 56.799 58.661 63.171 68.640 76.908 94.003 112.863 140.746 124.084 115.043
-999.250 -999.250 -999.250 -999.250 -999.250 -999.250 -999.250 -999.250 -999.250 -999.250 -999.250 -999.250 -999.250 -999.250 -999.250 -999.250 -999.250 -999.250 -999.250 -999.250 -999.250 -999.250 -999.250 -999.250 -999.250 -999.250 -999.250 -999.250 -999.250 -999.250 17.567 19.904 21.052 27.025 30.979 32.089 40.808 58.938 69.294 77.032 94.256 78.926 71.202 65.493 56.928 59.207 46.060 46.478 45.334 43.217 42.038 40.325 38.143 37.892 36.677 45.071 45.807 50.625 53.941 66.206 73.431 92.968 101.325 108.285 116.660 118.306 108.414
-999.250 -999.250 -999.250 -999.250 -999.250 -999.250 -999.250 -999.250 -999.250 -999.250 -999.250 -999.250 -999.250 -999.250 -999.250 -999.250 -999.250 -999.250 -999.250 -999.250 -999.250 -999.250 -999.250 -999.250 -999.250 -999.250 -999.250 -999.250 -999.250 11.966 14.077 18.470 22.212 24.935 28.614 33.911 43.504 62.269 68.392 82.992 94.578 90.804 80.603 63.665 64.867 56.847 55.558 56.218 60.161 55.184 41.248 43.375 37.360 33.241 42.790 49.549 46.389 51.498 56.809 62.305 76.717 94.042 98.594 94.367 101.814 102.820 108.372
-999.250 -999.250 -999.250 -999.250 -999.250 -999.250 -999.250 -999.250 -999.250 -999.250 -999.250 -999.250 -999.250 -999.250 -999.250 -999.250 -999.250 -999.250 -999.250 -999.250 -999.250 -999.250 -999.250 -999.250 -999.250 -999.250 -999.250 -999.250 -999.250 13.640 16.349 17.823 23.127 26.613 31.680 39.996 39.801 58.410 62.803 76.912 86.225 93.619 87.003 88.304 75.075 63.402 65.133 59.096 70.632 62.351 46.156 45.020 37.176 37.756 43.494 50.522 47.880 54.393 63.728 78.496 75.231 93.260 95.445 95.767 95.737 92.732 93.542
-999.250 -999.250 -999.250 -999.250 -999.250 -999.250 -999.250 -999.250 -999.250 -999.250 -999.250 -999.250 -999.250 -999.250 -999.250 -999.250 -999.250 -999.250 -999.250 -999.250 -999.250 -999.250 -999.250 -999.250 -999.250 -999.250 -999.250 -999.250 -999.250 8.724 16.494 21.217 22.566 24.323 28.030 38.771 40.973 57.930 63.856 72.364 85.152 87.204 89.312 92.147 87.556 86.729 85.468 80.172 74.543 72.432 49.938 47.450 39.001 36.512 39.010 43.039 48.523 51.599 63.632 75.816 79.768 82.994 87.256 92.762 84.981 83.266 73.361
-999.250 -999.250 -999.250 -999.250 -999.250 -999.250 -999.250 -999.250 -999.250 -999.250 -999.250 -999.250 -999.250 -999.250 -999.250 -999.250 -999.250 -999.250 -999.250 -999.250 -999.250 -999.250 -999.250 -999.250 -999.250 -999.250 -999.250 -999.250 -999.250 10.355 13.786 18.034 21.506 22.361 27.900 29.322 38.505 51.593 58.689 64.215 84.793 92.769 95.768 97.836 99.357 99.502 107.628 90.130 85.782 78.501 66.166 50.774 46.168 36.759 40.987 47.485 49.951 56.373 57.997 65.268 74.181 73.860 74.178 73.768 75.633 72.538 62.418
-999.250 -999.250 -999.250 -999.250 -999.250 -999.250 -999.250 -999.250 -999.250 -999.250 -999.250 -999.250 -999.250 -999.250 -999.250 -999.250 -999.250 -999.250 -999.250 -999.250 -999.250 -999.250 -999.250 -999.250 -999.250 -999.250 -999.250 -999.250 9.528 10.539 17.500 17.230 22.016 21.758 28.348 31.982 38.255 43.411 54.409 65.602 77.125 98.641 103.664 112.087 109.798 117.157 122.575 113.154 100.071 95.760 74.099 57.291 44.368 38.638 36.544 39.601 48.578 60.415 56.725 65.313 62.544 67.175 71.744 60.559 60.490 57.429 52.748
-999.250 -999.250 -999.250 -999.250 -999.250 -999.250 -999.250 -999.250 -999.250 -999.250 -999.250 -999.250 -999.250 -999.250 -999.250 -999.250 -999.250 -999.250 -999.250 -999.250 -999.250 -999.250 -999.250 -999.250 -999.250 -999.250 -999.250 -999.250 6.902 14.346 16.416 19.821 22.913 25.180 24.356 29.310 33.391 34.897 47.425 66.280 79.898 104.356 130.397 118.068 123.865 151.334 155.777 129.456 106.706 91.862 83.858 67.926 54.971 41.654 36.030 41.162 46.200 47.587 60.570 51.497 55.459 55.363 59.388 50.374 45.299 38.371 42.131
-999.250 -999.250 -999.250 -999.250 -999.250 -999.250 -999.250 -999.250 -999.250 -999.250 -999.250 -999.250 -999.250 -999.250 -999.250 -999.250 -999.250 -999.250 -999.250 -999.250 -999.250 -999.250 -999.250 -999.250 -999.250 -999.250 -999.250 4.316 10.991 17.091 19.826 23.450 24.381 25.878 26.113 30.098 35.184 42.907 47.574 72.189 106.081 122.728 160.619 149.931 160.865 156.037 155.356 139.775 126.716 108.992 79.900 60.130 50.994 41.760 36.942 41.513 49.284 50.786 60.348 57.389 62.780 57.468 47.459 42.893 36.466 37.306 35.096
-999.250 -999.250 -999.250 -999.250 -999.250 -999.250 -999.250 -999.250 -999.250 -999.250 -999.250 -999.250 -999.250 -999.250 -999.250 -999.250 -999.250 -999.250 -999.250 -999.250 -999.250 -999.250 -999.250 -999.250 -999.250 -999.250 -999.250 10.853 15.498 19.294 23.681 25.235 24.072 26.677 25.170 28.805 34.994 39.888 55.635 84.275 118.886 140.654 155.274 193.626 180.853 198.576 177.637 157.196 135.978 115.320 89.108 78.719 51.862 35.542 28.823 35.855 45.113 49.372 59.737 67.765 63.939 63.490 50.039 36.317 35.363 39.090 36.820
-999.250 -999.250 -999.250 -999.250 -999.250 -999.250 -999.250 -999.250 -999.250 -999.250 -999.250 -999.250 -999.250 -999.250 -999.250 -999.250 -999.250 -999.250 -999.250 -999.250 -999.250 -999.250 -999.250 -999.250 -999.250 -999.250 -999.250 13.277 18.115 22.952 23.160 27.626 25.127 26.894 28.574 32.160 32.800 45.667 78.718 93.884 106.265 147.689 181.000 219.054 207.777 222.006 228.089 195.618 152.410 129.133 93.404 75.891 55.970 43.328 34.508 37.130 45.564 61.327 70.141 70.552 70.395 69.094 58.682 47.932 40.707 38.817 37.816
-999.250 -999.250 -999.250 -999.250 -999.250 -999.250 -999.250 -999.250 -999.250 -999.250 -999.250 -999.250 -999.250 -999.250 -999.250 -999.250 -999.250 -999.250 -999.250 -999.250 -999.250 -999.250 -999.250 -999.250 -999.250 -999.250 -999.250 16.698 20.544 23.397 25.533 26.146 25.544 27.447 29.722 34.530 38.810 56.146 77.324 98.763 131.132 170.677 228.788 262.474 265.372 265.277 247.109 212.762 181.031 140.413 112.288 86.043 55.043 49.731 35.888 39.475 49.719 67.042 74.768 78.931 93.382 88.232 75.712 67.736 49.958 36.294 31.546
-999.250 -999.250 -999.250 -999.250 -999.250 -999.250 -999.250 -999.250 -999.250 -999.250 -999.250 -999.250 -999.250 -999.250 -999.250 -999.250 -999.250 -999.250 -999.250 -999.250 -999.250 -999.250 -999.250 -999.250 -999.250 -999.250 -999.250 -999.250 20.858 24.041 25.791 27.617 26.897 26.350 30.635 33.041 46.894 68.328 89.981 111.262 142.408 203.894 228.383 284.033 307.316 307.412 268.808 240.719 191.561 152.730 107.766 83.851 54.648 44.505 45.540 46.075 51.183 74.895 93.904 102.100 101.382 104.733 91.027 78.398 57.198 40.619 35.245
-999.250 -999.250 -999.250 -999.250 -999.250 -999.250 -999.250 -999.250 -999.250 -999.250 -999.250 -999.250 -999.250 -999.250 -999.250 -999.250 -999.250 -999.250 -999.250 -999.250 -999.250 -999.250 -999.250 -999.250 -999.250 -999.250 -999.250 -999.250 19.132 22.750 24.088 26.369 24.073 25.921 31.084 31.677 48.087 58.975 93.023 118.917 169.793 229.984 260.632 310.845 327.379 345.611 324.451 261.792 208.150 145.197 101.534 75.426 57.447 40.184 37.428 44.965 51.861 67.630 86.854 99.939 131.406 114.195 92.685 85.570 62.365 48.300 35.260
-999.250 -999.250 -999.250 -999.250 -999.250 -999.250 -999.250 -999.250 -999.250 -999.250 -999.250 -999.250 -999.250 -999.250 -999.250 -999.250 -999.250 -999.250 -999.250 -999.250 -999.250 -999.250 -999.250 -999.250 -999.250 -999.250 -999.250 -999.250 18.313 22.439 22.544 23.650 22.188 21.741 25.621 32.217 40.196 64.887 81.670 119.375 178.681 233.309 279.831 296.638 391.783 376.400 355.548 271.329 220.043 155.584 106.061 59.290 41.076 35.572 33.953 40.797 42.895 59.484 75.192 92.189 101.022 99.295 90.042 76.518 54.448 43.332 35.437
-999.250 -999.250 -999.250 -999.250 -999.250 -999.250 -999.250 -999.250 -999.250 -999.250 -999.250 -999.250 -999.250 -999.250 -999.250 -999.250 -999.250 -999.250 -999.250 -999.250 -999.250 -999.250 -999.250 -999.250 -999.250 -999.250 -999.250 -999.250 16.882 18.123 19.872 19.177 19.349 22.215 23.434 35.218 38.890 49.458 72.058 106.534 158.186 217.408 272.214 305.636 412.671 462.415 361.103 282.333 206.171 120.736 90.981 39.345 27.588 25.183 27.283 33.343 33.935 45.383 57.046 78.901 86.271 84.180 77.688 65.509 55.658 42.710 35.569
-999.250 -999.250 -999.250 -999.250 -999.250 -999.250 -999.250 -999.250 -999.250 -999.250 -999.250 -999.250 -999.250 -999.250 -999.250 -999.250 -999.250 -999.250 -999.250 -999.250 -999.250 -999.250 -999.250 -999.250 -999.250 -999.250 -999.250 -999.250 16.827 17.963 17.667 16.608 18.164 19.589 23.982 26.712 35.846 43.392 61.819 95.982 144.659 186.164 256.141 310.427 333.002 344.332 317.620 237.354 165.434 110.696 66.643 38.280 22.957 18.996 20.514 23.294 24.809 32.966 45.809 54.468 66.328 77.909 70.952 66.118 54.195 44.247 31.863
-999.250 -999.250 -999.250 -999.250 -999.250 -999.250 -999.250 -999.250 -999.250 -999.250 -999.250 -999.250 -999.250 -999.250 -999.250 -999.250 -999.250 -999.250 -999.250 -999.250 -999.250 -999.250 -999.250 -999.250 -999.250 -999.250 -999.250 14.897 13.949 16.759 13.912 12.750 15.907 16.228 18.453 26.945 29.495 36.786 46.639 52.570 103.502 172.388 213.752 248.197 270.396 294.583 256.656 188.292 131.330 83.115 54.391 29.114 19.473 15.151 13.643 16.748 18.023 22.444 30.940 45.463 53.333 75.744 60.940 48.257 47.348 40.419 30.581
-999.250 -999.250 -999.250 -999.250 -999.250 -999.250 -999.250 -999.250 -999.250 -999.250 -999.250 -999.250 -999.250 -999.250 -999.250 -999.250 -999.250 -999.250 -999.250 -999.250 -999.250 -999.250 -999.250 -999.250 -999.250 -999.250 -999.250 14.753 12.784 14.191 12.360 12.156 14.003 16.108 19.489 24.214 27.710 34.676 40.567 56.982 95.716 134.999 182.023 222.339 235.003 217.609 204.256 145.598 87.456 51.073 27.805 19.299 16.221 11.352 8.049 7.759 4.893 9.255 23.376 35.079 49.138 55.020 70.527 51.507 37.458 31.902 32.035
-999.250 -999.250 -999.250 -999.250 -999.250 -999.250 -999.250 -999.250 -999.250 -999.250 -999.250 -999.250 -999.250 -999.250 -999.250 -999.250 -999.250 -999.250 -999.250 -999.250 -999.250 -999.250 -999.250 -999.250 -999.250 -999.250 -999.250 17.172 8.866 9.001 7.476 10.357 14.271 16.786 19.514 22.244 26.271 35.693 47.514 69.814 95.255 114.016 143.334 181.659 190.240 150.069 147.734 96.162 58.790 18.529 13.698 8.201 10.202 15.150 12.037 7.012 2.361 0.000 21.597 39.086 43.652 57.642 57.688 49.228 37.846 32.046 26.235
-999.250 -999.250 -999.250 -999.250 -999.250 -999.250 -999.250 -999.250 -999.250 -999.250 -999.250 -999.250 -999.250 -999.250 -999.250 -999.250 -999.250 -999.250 -999.250 -999.250 -999.250 -999.250 -999.250 -999.250 -999.250 -999.250 13.521 12.435 11.354 9.886 9.235 10.031 11.840 14.670 18.835 22.487 26.043 33.746 41.835 58.212 72.133 99.853 125.614 142.167 154.102 108.323 102.531 82.251 40.584 17.394 12.445 9.244 16.711 16.122 19.292 16.074 19.652 22.613 31.682 47.451 54.612 46.347 47.003 37.511 34.727 29.056 24.386
-999.250 -999.250 -999.250 -999.250 -999.250 -999.250 -999.250 -999.250 -999.250 -999.250 -999.250 -999.250 -999.250 -999.250 -999.250 -999.250 -999.250 -999.250 -999.250 -999.250 -999.250 -999.250 -999.250 -999.250 -999.250 -999.250 12.144 7.631 8.646 5.869 4.658 7.284 10.801 15.229 20.555 23.930 28.262 33.232 38.821 62.242 64.047 89.993 104.299 109.500 99.257 87.215 75.213 59.643 35.594 24.049 17.589 19.029 20.238 22.770 28.799 29.150 36.198 46.969 58.900 61.309 61.065 53.629 48.315 36.412 36.512 26.527 22.787
