data/medianmodel_16-Aug-2020.asc
ncols	141
nrows	288
xllcorner	-120191.398
yllcorner	-301404.813
cellsize	2000.000
NODATA_value	-999.250
[rows 155 to 185 of 288, columns 0 to 68 of 141]
-999.250 -999.250 -999.250 -999.250 -999.250 -999.250 -999.250 8.092 7.081 7.058 6.269 6.608 7.261 8.113 8.990 10.711 12.328 13.058 14.447 15.381 18.317 18.279 17.551 15.243 11.457 9.814 6.882 6.205 2.632 0.671 0.000 0.000 0.000 0.000 0.000 0.000 0.000 1.958 4.132 7.915 11.127 17.174 19.664 24.677 26.909 27.994 30.567 29.100 29.747 27.549 26.161 26.854 29.735 27.770 29.126 27.447 25.707 24.340 20.282 18.782 17.559 12.022 10.471 6.520 2.951 0.000 0.000 0.000 0.000
-999.250 -999.250 -999.250 -999.250 -999.250 -999.250 -999.250 11.929 10.591 9.697 7.983 7.031 6.419 5.735 5.808 6.878 9.833 14.862 19.442 25.014 26.775 26.077 24.823 21.523 17.957 13.429 9.398 7.275 4.833 2.026 0.782 0.000 0.000 0.000 0.000 0.000 0.206 3.794 6.672 10.473 13.968 19.319 22.253 25.158 27.323 30.330 32.730 31.321 32.864 32.909 34.930 36.645 34.731 35.456 32.073 31.939 32.688 27.406 26.602 21.330 19.291 14.144 11.043 7.872 2.208 0.000 0.000 0.000 0.000
-999.250 -999.250 -999.250 -999.250 -999.250 -999.250 -999.250 19.058 17.351 14.481 11.195 8.566 6.608 3.459 1.609 4.097 8.856 17.243 25.689 35.106 39.306 39.512 38.187 30.740 24.657 20.281 13.973 10.131 7.063 4.593 0.877 0.000 0.000 0.000 0.000 0.003 1.440 5.228 8.099 13.639 19.138 22.138 26.209 26.491 30.240 32.922 32.842 35.024 36.657 40.083 42.654 43.530 42.796 42.522 41.265 38.771 40.771 37.232 29.376 27.504 23.492 17.834 15.079 8.834 5.966 0.998 0.000 0.000 0.000
-999.250 -999.250 -999.250 -999.250 -999.250 -999.250 -999.250 26.799 25.436 23.989 18.282 13.819 8.412 4.434 0.178 2.606 9.946 23.070 38.988 50.312 53.277 53.499 48.492 43.558 34.857 27.693 20.991 16.522 9.575 7.249 4.996 1.385 0.201 0.000 0.000 1.319 3.629 6.740 10.425 16.541 22.773 27.658 31.070 31.918 34.324 37.373 39.885 40.317 41.737 45.080 47.313 48.441 45.342 45.558 43.255 43.883 45.171 43.846 37.638 34.769 27.679 23.600 16.575 12.296 8.390 4.461 0.070 0.000 0.000
-999.250 -999.250 -999.250 -999.250 -999.250 -999.250 -999.250 -999.250 36.448 34.376 28.227 21.026 14.635 7.388 0.759 1.263 13.886 34.076 51.707 60.986 65.415 68.007 60.977 52.879 46.017 33.084 26.775 19.919 14.178 10.234 6.619 1.521 1.261 0.000 0.123 2.433 5.631 8.538 13.003 20.006 26.609 33.387 35.378 36.161 38.165 39.207 41.451 45.203 47.155 52.736 52.750 51.744 53.752 53.590 52.606 52.632 50.040 53.160 45.883 42.837 35.079 28.941 24.260 16.758 11.541 7.901 4.044 0.000 0.000
-999.250 -999.250 -999.250 -999.250 -999.250 -999.250 -999.250 -999.250 47.835 50.280 39.994 30.663 23.233 14.795 7.115 0.000 20.942 47.170 64.448 77.755 80.875 83.825 72.831 59.820 52.256 43.257 32.047 24.646 18.082 12.451 7.978 2.461 0.452 0.293 1.272 3.935 7.724 11.759 15.738 22.279 32.990 42.499 41.266 43.158 42.579 41.599 43.905 49.569 52.141 55.248 56.326 55.945 57.927 61.909 57.515 55.607 56.739 55.641 57.289 52.519 46.577 39.956 27.689 22.591 17.269 13.339 6.517 1.007 0.000
-999.250 -999.250 -999.250 -999.250 -999.250 -999.250 -999.250 51.511 53.625 52.863 48.937 40.745 34.159 28.368 22.441 23.534 39.851 58.133 81.507 93.490 115.131 113.002 80.638 69.526 56.744 50.131 38.935 27.178 18.872 13.922 8.216 5.063 1.925 0.000 1.017 5.736 10.449 11.676 17.019 25.175 32.879 37.624 41.788 43.148 45.950 46.441 48.496 51.897 55.877 60.255 65.608 65.778 65.716 71.368 68.523 59.337 59.043 62.840 60.448 61.805 54.985 48.103 39.151 31.238 24.104 17.748 10.046 4.448 0.000
-999.250 -999.250 -999.250 -999.250 -999.250 -999.250 -999.250 57.272 57.440 55.253 54.209 51.984 49.218 42.651 41.472 46.186 53.714 67.646 89.111 116.200 131.646 116.113 91.971 76.231 62.991 52.590 41.426 31.087 23.646 14.639 8.752 5.671 0.993 0.000 0.953 3.817 7.168 11.741 16.917 23.438 29.557 35.915 41.817 43.845 45.647 48.228 52.988 54.886 58.978 61.229 72.852 74.888 86.060 82.250 77.906 83.536 82.268 79.616 76.513 73.899 64.536 62.781 52.072 40.221 34.558 23.592 14.319 7.700 2.704
-999.250 -999.250 -999.250 -999.250 -999.250 -999.250 -999.250 60.850 62.119 62.906 61.713 62.545 62.956 57.745 53.759 58.407 66.267 76.828 87.347 117.854 119.273 112.787 87.786 71.388 58.916 53.242 42.821 34.306 26.542 17.583 11.820 6.329 2.153 0.000 0.000 0.614 5.545 9.669 17.741 21.169 26.624 32.695 39.200 42.972 48.046 48.967 56.000 61.842 63.202 72.530 73.358 83.960 103.300 100.417 92.163 100.922 115.628 97.855 97.770 91.546 78.576 68.017 57.423 60.027 42.337 34.103 20.797 12.388 5.361
-999.250 -999.250 -999.250 -999.250 -999.250 -999.250 -999.250 66.266 75.796 76.234 75.612 76.648 76.100 68.693 66.285 73.441 74.331 83.347 90.708 91.608 89.831 84.048 75.210 71.078 59.252 51.864 43.450 36.280 28.535 21.317 13.422 7.321 1.907 0.000 0.000 0.000 2.444 7.149 11.731 17.059 23.736 29.945 36.198 41.491 47.723 52.708 56.936 67.925 67.468 82.321 93.976 101.284 106.170 120.402 132.053 121.827 131.397 126.052 116.025 118.114 95.075 84.365 76.488 72.019 59.389 44.098 29.927 16.491 7.402
-999.250 -999.250 -999.250 -999.250 -999.250 -999.250 63.482 77.468 84.123 93.805 98.777 92.541 87.434 83.821 80.506 80.779 76.492 81.475 80.684 81.938 77.617 74.102 71.493 64.484 57.662 53.582 46.693 43.147 32.555 22.884 13.448 8.388 2.608 0.000 0.000 0.000 0.614 4.898 8.061 13.811 20.222 26.428 33.947 42.546 49.310 55.195 61.085 67.962 70.290 83.373 117.722 127.339 139.126 134.640 139.679 141.171 135.415 134.399 133.452 133.413 123.259 108.161 99.894 78.816 66.670 56.741 39.181 23.532 10.886
-999.250 -999.250 -999.250 -999.250 -999.250 -999.250 71.612 78.119 89.667 102.355 101.830 110.487 108.796 111.331 99.465 90.279 79.369 81.119 72.222 71.319 67.240 65.356 58.541 57.125 55.097 53.582 51.912 49.220 38.031 25.295 15.122 7.275 1.858 0.000 0.000 0.000 0.000 3.132 7.498 10.650 17.133 21.555 31.377 39.820 45.859 56.738 68.884 73.892 87.920 99.228 123.156 136.298 141.563 146.068 145.882 156.549 156.412 147.492 146.570 139.183 137.460 126.698 114.259 98.752 81.707 74.211 47.124 29.566 18.995
-999.250 -999.250 -999.250 -999.250 -999.250 67.903 75.356 80.957 93.842 101.992 123.789 130.195 126.061 117.363 100.230 90.586 80.371 77.086 72.519 62.260 58.762 55.418 53.501 50.368 47.062 50.229 51.987 57.228 40.357 24.716 15.310 7.380 1.918 0.000 0.000 0.000 0.000 0.811 4.659 8.433 13.789 20.506 32.672 40.110 47.374 56.259 72.125 89.758 119.869 126.152 124.507 140.078 156.298 150.150 177.019 184.041 199.129 195.055 182.377 186.112 160.813 139.516 146.342 132.514 111.421 92.251 57.666 41.906 25.444
-999.250 -999.250 -999.250 -999.250 -999.250 69.107 77.408 93.368 100.158 106.126 128.548 138.800 134.194 124.552 108.632 95.886 77.070 76.522 61.265 55.672 51.139 45.074 41.449 39.578 37.434 40.773 42.816 41.024 32.620 21.367 12.850 7.245 1.569 0.000 0.000 0.000 0.000 0.116 3.228 7.023 11.948 21.268 27.685 39.350 50.005 61.019 73.305 95.725 132.000 136.951 143.500 155.288 169.779 183.746 218.344 311.398 314.595 265.743 217.157 200.921 177.504 175.688 143.777 135.138 132.219 119.795 86.175 57.565 33.214
-999.250 -999.250 -999.250 -999.250 67.709 72.956 80.418 87.149 89.665 112.412 125.610 129.948 126.003 122.292 107.499 89.506 79.200 67.586 56.010 49.986 41.281 32.449 29.602 26.668 28.310 30.259 31.992 29.502 25.251 17.719 10.137 5.954 0.506 0.000 0.000 0.000 0.000 0.000 0.875 5.566 10.453 17.687 25.408 37.378 51.235 63.767 85.927 113.862 131.638 147.155 155.550 172.966 167.298 179.254 257.164 364.187 336.425 360.436 334.142 315.371 235.367 185.279 158.857 142.256 136.110 136.381 109.572 69.059 47.462
-999.250 -999.250 -999.250 -999.250 71.634 74.485 76.058 83.866 89.330 103.029 111.733 104.124 113.480 116.195 107.470 92.151 79.730 65.063 52.864 42.481 32.205 23.806 18.160 18.096 19.509 22.375 23.320 21.621 17.900 12.961 7.964 4.559 0.000 0.000 0.000 0.000 0.000 0.000 0.000 3.471 8.150 16.369 25.104 35.761 52.709 73.310 100.793 125.955 138.638 150.732 181.227 187.673 214.669 260.445 332.421 320.735 356.756 387.969 418.656 398.678 271.580 308.893 186.704 185.090 159.452 146.241 132.603 88.921 57.674
-999.250 -999.250 -999.250 -999.250 68.862 72.246 76.934 79.712 87.107 97.292 103.059 106.148 105.829 101.396 95.722 87.196 77.727 63.287 52.011 37.532 26.968 17.935 13.349 12.295 15.618 17.458 17.690 16.439 12.982 9.057 6.865 2.587 0.000 0.000 0.000 0.000 0.000 0.000 0.000 2.947 5.736 11.468 23.318 40.593 56.546 81.799 108.678 131.352 138.138 177.817 209.247 262.777 335.461 329.817 328.929 371.445 411.146 439.447 427.333 444.577 365.259 316.590 283.803 207.157 186.996 165.099 136.321 114.222 76.082
-999.250 -999.250 -999.250 -999.250 62.855 72.586 70.548 72.989 77.772 95.224 91.907 100.072 103.437 90.517 93.547 89.729 82.575 61.839 49.969 35.055 21.406 14.546 11.719 10.640 13.692 13.612 13.347 12.972 9.606 7.784 6.065 1.034 0.000 0.000 0.000 0.000 0.000 0.000 0.000 0.433 4.848 9.235 22.299 39.454 54.083 85.830 108.279 130.861 148.743 180.246 205.031 321.622 366.597 379.147 398.570 469.187 510.787 555.200 572.045 541.286 429.461 480.552 369.948 297.791 204.862 186.018 133.949 133.111 93.251
-999.250 -999.250 -999.250 -999.250 59.578 61.410 61.762 68.808 73.413 80.548 87.888 86.479 85.625 83.174 83.977 89.855 93.888 66.538 44.637 26.948 17.710 13.909 11.401 10.809 12.832 13.254 13.238 12.621 9.903 7.433 4.949 1.197 0.000 0.000 0.000 0.000 0.000 0.000 0.000 0.000 1.464 5.446 17.538 36.068 58.620 82.257 101.766 140.295 169.237 181.924 184.563 294.285 321.797 360.031 509.538 537.711 593.296 644.523 626.246 561.567 560.716 441.476 490.786 349.859 335.123 195.086 173.752 138.023 110.990
-999.250 -999.250 -999.250 -999.250 56.916 56.840 59.741 62.064 66.174 74.381 75.379 80.800 75.665 79.398 79.972 79.653 71.772 54.956 35.555 19.465 16.687 15.852 13.819 14.164 14.607 14.959 13.541 12.917 11.834 8.229 5.818 1.775 0.000 0.000 0.000 0.000 0.000 0.000 0.000 0.000 0.000 2.896 9.662 23.687 49.629 77.509 118.475 143.129 162.197 201.269 215.403 294.227 312.157 469.451 588.868 600.041 670.906 661.841 702.442 617.754 615.497 544.620 486.792 473.116 396.522 306.538 198.146 155.353 128.929
-999.250 -999.250 -999.250 -999.250 55.031 53.938 56.077 60.488 63.624 67.073 69.781 73.825 69.713 71.768 73.522 64.648 56.853 45.901 33.047 23.380 19.469 19.233 20.389 20.057 19.834 17.595 15.354 15.115 13.302 9.516 6.703 3.762 0.382 0.000 0.000 0.000 0.000 0.000 0.000 0.000 0.000 0.000 4.246 16.865 46.054 74.769 107.587 134.559 147.970 190.559 303.522 341.108 413.220 579.966 600.115 674.812 777.817 792.762 706.921 687.373 682.980 612.362 628.292 513.509 397.295 294.704 254.930 182.162 140.348
-999.250 -999.250 -999.250 -999.250 49.749 51.160 55.262 60.130 58.278 61.050 61.678 64.650 62.421 63.274 60.651 57.028 50.674 43.489 36.002 31.350 25.915 27.758 28.256 28.322 23.683 21.312 20.827 17.887 14.732 12.185 8.734 6.415 2.472 0.006 0.000 0.000 0.000 0.000 0.000 0.000 0.000 0.000 0.000 5.724 39.364 72.329 103.629 137.310 160.726 194.962 327.845 278.552 430.472 515.157 620.001 708.512 806.477 845.819 761.695 689.252 685.754 570.434 554.874 501.833 455.587 391.976 312.000 183.048 143.314
-999.250 -999.250 -999.250 -999.250 45.813 47.050 52.535 52.694 54.609 54.388 57.313 57.814 56.436 55.967 53.521 49.787 44.993 42.493 41.361 42.751 40.936 42.108 39.077 34.645 30.326 28.315 24.822 21.444 18.205 14.418 11.553 8.447 5.526 1.969 0.000 0.000 0.000 0.000 0.000 0.000 0.000 0.000 5.769 18.217 43.468 72.215 117.765 134.747 159.934 202.320 275.426 394.120 425.197 590.933 640.773 695.090 715.390 773.627 734.686 670.718 693.176 641.888 641.231 490.330 451.570 324.364 226.108 198.152 147.627
-999.250 -999.250 -999.250 -999.250 44.914 47.103 47.545 49.911 52.504 53.123 53.197 54.380 52.633 50.906 51.658 48.904 45.663 45.858 47.498 53.298 55.444 51.105 44.650 42.314 36.765 33.756 28.779 25.250 22.890 18.631 15.252 12.234 8.612 4.613 1.682 0.000 0.000 0.000 0.000 0.000 0.000 5.784 13.694 26.718 48.923 71.639 111.818 128.836 149.867 180.643 269.583 366.949 519.769 514.172 658.802 704.808 711.069 661.618 689.829 704.195 651.197 636.567 628.342 533.054 481.795 287.137 227.227 173.384 156.189
-999.250 -999.250 -999.250 43.088 46.094 47.685 48.588 49.553 50.160 51.866 51.148 50.835 49.170 48.876 49.243 47.010 46.493 49.560 54.637 62.384 76.079 59.219 52.595 47.214 40.537 37.154 33.618 30.323 25.758 25.025 19.280 14.394 9.968 7.244 3.486 0.121 0.000 0.000 0.000 0.000 4.082 9.798 19.918 33.782 50.351 73.143 97.054 122.912 139.294 201.491 209.545 365.219 403.573 463.980 575.081 608.431 615.773 618.873 633.443 659.663 632.914 614.997 602.899 484.752 423.537 414.423 306.549 197.494 152.464
-999.250 -999.250 -999.250 46.419 48.317 50.290 47.394 48.183 48.722 49.886 48.111 48.878 46.325 47.245 45.012 44.752 47.195 51.091 57.050 62.136 69.097 61.217 55.743 50.484 45.687 43.025 40.905 36.000 31.440 28.318 25.117 19.984 13.755 9.835 6.271 2.014 0.000 0.000 0.000 2.547 7.388 11.994 22.301 39.140 54.623 79.457 85.478 123.836 158.778 189.841 217.377 314.774 434.426 482.880 510.482 628.116 592.202 630.235 601.241 655.088 589.946 608.599 480.113 481.099 381.956 436.282 329.579 185.730 153.979
-999.250 -999.250 -999.250 45.297 48.798 49.052 50.813 48.775 47.041 49.451 46.474 46.536 44.940 45.716 44.505 44.284 47.709 52.187 55.661 59.220 61.216 58.935 55.546 51.470 47.766 44.837 43.652 40.542 39.264 38.293 31.892 24.411 17.431 11.105 7.341 4.219 1.455 0.000 0.470 3.041 9.162 15.458 28.834 46.742 61.802 76.312 87.200 129.050 151.603 179.528 211.361 328.867 396.220 461.972 571.956 581.627 581.943 614.908 557.872 630.719 541.773 519.693 522.717 467.632 412.457 369.681 261.508 177.545 141.538
-999.250 -999.250 41.887 45.041 46.413 46.390 49.344 48.514 48.602 50.528 49.069 47.074 45.098 44.953 43.389 45.426 47.821 50.562 53.207 55.089 56.590 58.148 56.778 52.937 50.747 46.605 44.559 43.734 44.635 45.735 38.492 28.901 22.223 15.458 9.811 6.467 3.017 2.764 4.577 5.752 9.927 18.503 33.434 52.805 70.787 80.470 94.511 135.203 143.270 158.492 207.884 319.979 397.950 432.415 516.672 566.024 528.478 576.993 584.453 537.667 496.866 487.583 444.921 390.443 338.382 285.131 165.955 141.553 135.807
-999.250 -999.250 40.587 42.029 45.120 46.238 47.175 48.965 49.767 49.542 48.832 45.706 46.337 45.691 45.545 46.742 47.567 50.094 51.852 53.405 -999.250 53.557 52.592 49.598 49.274 47.290 46.693 48.239 50.478 55.552 43.435 31.807 24.627 17.266 12.217 7.505 5.587 3.384 4.367 6.183 11.241 20.449 31.419 49.902 62.107 76.508 119.120 134.233 145.248 162.601 236.735 290.032 380.013 412.955 468.845 405.314 469.038 433.000 441.253 489.302 464.444 429.359 400.806 353.003 230.534 174.044 143.903 133.863 114.689
-999.250 33.481 37.354 43.164 44.429 45.414 49.470 49.973 50.763 51.373 51.257 49.748 48.032 47.157 48.200 47.110 47.265 47.942 50.100 -999.250 -999.250 51.967 49.352 48.270 47.754 45.757 47.698 48.532 49.071 47.788 39.623 31.559 25.453 19.242 13.400 8.149 5.901 5.381 4.208 6.608 9.721 19.016 27.760 44.451 54.563 81.400 102.625 119.542 139.629 157.862 193.185 222.223 309.551 349.267 408.652 385.094 383.405 426.423 360.184 383.957 261.552 325.739 249.164 217.899 166.369 138.299 126.099 119.967 86.104
-999.250 31.275 33.629 41.383 43.442 48.921 49.674 51.011 52.744 53.457 52.721 51.064 49.366 49.964 52.542 49.365 48.278 48.017 -999.250 -999.250 -999.250 -999.250 48.058 47.993 48.649 46.949 46.071 44.708 44.400 42.700 36.301 27.783 23.218 18.302 13.110 8.325 6.625 5.552 4.236 6.883 9.344 15.827 24.764 38.157 53.301 74.145 88.692 123.313 130.769 153.699 160.111 172.908 210.545 288.015 290.866 302.171 337.534 351.486 288.312 258.291 217.216 259.922 205.205 168.360 140.069 106.655 82.492 75.557 66.403
