data/medianmodel_02-Sep-2020.asc
ncols	141
nrows	288
xllcorner	-120191.398
yllcorner	-301404.813
cellsize	2000.000
NODATA_value	-999.250
[rows 31 to 61 of 288, columns 69 to 137 of 141]
11.105 10.394 10.767 9.290 8.511 7.619 7.418 7.096 6.201 4.471 4.170 5.158 6.136 5.934 6.121 6.343 5.732 3.960 4.347 4.880 4.841 5.791 3.882 4.871 5.494 8.430 6.777 8.925 12.770 13.915 13.194 17.614 13.206 9.310 12.583 10.405 8.475 11.970 18.488 23.146 32.610 39.606 48.732 58.852 72.367 81.550 91.265 99.987 108.698 128.741 147.317 195.554 195.081 218.419 231.534 251.761 281.563 269.774 295.430 277.324 243.225 193.234 150.810 105.173 92.083 65.748 53.220 31.610 18.314
16.795 13.216 14.116 12.600 9.500 8.704 8.047 6.277 5.497 5.241 5.244 5.454 5.736 5.684 3.320 4.189 3.476 2.025 1.233 2.012 3.055 3.296 3.875 4.439 5.102 7.960 8.732 10.836 14.001 17.018 18.482 17.094 13.769 12.320 12.424 8.880 10.806 14.498 18.730 24.336 30.609 37.962 49.465 56.310 69.602 81.290 83.757 97.993 108.389 132.865 143.908 174.717 237.476 204.925 232.833 221.466 271.372 309.142 280.250 220.410 225.081 180.961 138.922 98.100 72.989 52.980 33.826 19.504 10.209
17.504 17.766 13.706 14.833 13.028 10.259 7.644 6.103 4.731 4.227 5.294 5.803 6.221 4.955 3.495 2.995 0.462 0.259 0.000 0.000 0.923 0.016 2.214 5.280 6.011 8.329 10.582 14.913 19.250 20.835 22.587 20.759 20.457 14.390 12.863 9.096 10.064 15.686 18.473 27.556 28.110 37.076 49.007 55.525 66.849 75.893 90.808 97.107 113.536 148.973 173.067 156.531 184.792 191.882 216.905 220.761 265.503 252.457 239.209 230.982 204.845 151.305 113.623 92.536 69.667 40.380 22.587 7.553 2.494
17.745 16.988 14.551 14.929 16.622 9.524 7.989 5.107 3.446 3.827 3.808 5.901 5.658 3.720 2.788 0.091 0.000 0.000 0.000 0.000 0.000 0.790 3.367 5.605 7.855 8.805 13.520 16.478 21.058 25.938 27.877 26.179 22.601 15.688 15.490 11.465 8.824 12.720 17.416 23.131 27.184 36.113 48.233 50.953 66.714 79.334 92.844 96.354 109.531 135.254 148.787 152.492 209.515 178.954 179.007 168.785 233.363 228.789 219.821 201.313 140.357 132.489 100.763 74.777 47.126 21.204 7.749 0.000 0.000
14.360 11.528 10.997 11.929 10.620 7.197 5.697 2.982 2.153 0.538 4.151 5.593 8.361 3.940 2.333 0.000 0.000 0.000 0.000 0.000 0.000 0.291 4.592 6.965 7.145 8.995 15.401 18.808 24.072 32.916 37.380 32.073 26.533 20.459 15.826 13.020 12.908 13.421 15.465 21.171 28.885 36.342 45.633 53.530 62.982 70.832 85.914 96.238 106.429 144.073 143.643 165.402 222.260 167.861 186.301 183.086 178.946 232.336 190.711 153.020 115.685 98.665 89.389 55.967 29.493 0.000 0.000 0.000 -999.250
9.165 8.561 7.717 8.236 5.895 4.649 2.524 1.423 0.000 0.000 0.822 3.493 3.381 2.651 0.000 0.000 0.000 0.000 0.000 0.000 0.000 0.000 1.128 3.764 8.887 10.689 14.082 20.788 26.615 35.997 45.969 36.691 25.542 19.719 14.058 10.331 9.209 9.728 12.448 16.643 25.446 34.461 42.737 53.836 59.596 67.366 83.897 98.891 102.664 125.604 143.649 194.304 183.136 143.295 157.300 161.672 156.201 172.822 146.252 136.683 101.803 81.454 60.564 42.532 19.011 0.000 0.000 0.000 -999.250
6.676 6.225 4.490 3.353 4.121 2.405 0.000 0.000 0.000 0.000 0.550 0.816 1.091 0.000 0.000 0.000 0.000 0.000 0.000 0.000 0.000 0.000 0.000 2.611 6.174 9.713 15.317 20.030 23.406 31.936 34.422 30.237 25.297 18.314 14.375 11.252 8.251 7.348 11.032 14.679 21.204 28.092 39.403 52.549 61.794 64.213 74.576 84.809 103.146 109.317 111.599 150.606 184.566 136.513 120.615 148.005 127.954 114.225 120.332 111.625 103.171 78.784 55.519 32.493 14.098 0.000 0.000 -999.250 -999.250
2.312 0.795 2.599 0.744 0.000 0.000 0.000 0.000 0.000 0.000 0.000 0.000 0.000 0.000 0.000 0.000 0.000 0.000 0.000 0.000 0.000 0.000 0.000 0.791 5.854 8.445 13.068 16.820 20.627 26.424 26.066 24.780 20.464 16.754 10.897 10.454 5.532 7.267 8.135 10.551 17.043 24.966 33.384 41.723 55.563 61.889 72.912 86.776 96.387 102.260 104.877 123.857 132.313 122.890 124.631 143.160 138.520 120.411 108.207 96.647 86.634 65.897 50.919 27.426 9.730 0.000 0.000 -999.250 -999.250
0.000 0.000 0.000 0.000 0.000 0.000 0.000 0.000 0.000 0.000 0.000 0.000 0.000 0.000 0.000 0.000 0.000 0.000 0.000 0.000 0.000 0.000 0.000 0.783 3.707 7.388 9.986 12.391 16.398 18.199 19.779 19.588 17.129 12.160 8.570 5.126 4.932 3.702 6.446 8.312 13.259 19.883 27.736 36.141 50.426 54.109 68.810 82.402 91.152 100.324 108.685 111.387 126.349 121.794 118.765 119.410 115.632 110.576 99.224 80.655 69.059 56.577 41.880 19.740 7.954 0.000 0.000 -999.250 -999.250
0.000 0.000 0.000 0.000 0.000 0.000 0.000 0.000 0.000 0.000 0.000 0.000 0.000 0.000 0.000 0.000 0.000 0.000 0.000 0.000 0.000 0.000 0.000 0.000 2.184 5.192 8.316 8.465 13.968 15.669 15.125 12.448 9.924 6.839 4.638 1.739 0.000 0.000 3.670 5.147 6.338 15.242 20.918 32.663 41.268 54.072 63.843 70.098 81.330 94.860 97.942 100.787 102.324 103.289 117.023 107.150 96.425 92.274 79.836 65.899 56.785 47.482 32.982 19.817 6.039 0.000 -999.250 -999.250 -999.250
0.000 0.000 0.000 0.000 0.000 0.000 0.000 0.000 0.000 0.000 0.000 0.000 0.000 0.000 0.000 0.000 0.000 0.000 0.000 0.000 0.000 0.000 0.000 0.000 1.909 3.817 5.244 6.415 8.828 10.411 10.198 8.377 7.210 5.693 1.640 0.013 0.000 0.000 0.000 0.971 5.097 11.340 16.999 29.901 37.000 47.997 60.958 65.343 79.821 89.384 93.210 95.748 106.203 102.733 104.672 97.990 86.399 85.358 69.794 61.603 52.130 37.148 26.553 12.126 1.702 0.000 0.000 -999.250 -999.250
0.000 0.000 0.000 0.000 0.000 0.000 0.000 0.000 0.000 0.000 0.000 0.000 0.000 0.000 0.000 0.000 0.000 0.000 0.000 0.000 0.000 0.000 0.000 0.000 0.461 2.245 3.449 5.705 6.164 7.036 8.053 5.629 4.385 0.971 0.000 0.000 0.000 0.000 0.000 0.000 3.519 7.387 16.295 22.595 36.193 43.939 52.685 63.837 78.823 76.547 89.163 95.430 98.735 100.489 94.930 84.926 80.974 71.009 61.027 51.195 39.000 35.258 20.315 -999.250 -999.250 -999.250 -999.250 -999.250 -999.250
1.315 1.432 1.905 1.779 2.887 0.958 0.000 0.000 0.000 0.000 0.000 0.000 0.000 0.000 0.000 0.000 0.000 0.000 0.000 0.000 0.000 0.000 0.000 0.000 0.000 0.000 0.000 2.975 4.290 4.805 4.561 4.058 0.610 0.000 0.000 0.000 0.000 0.000 0.000 0.000 0.000 4.747 10.857 21.738 35.945 45.199 53.629 63.306 75.736 91.215 87.266 94.484 97.600 91.749 93.222 75.410 65.239 62.915 54.599 45.124 37.105 24.922 12.876 2.819 -999.250 -999.250 -999.250 -999.250 -999.250
4.889 5.641 3.920 5.466 5.655 4.649 1.310 0.957 0.000 0.000 0.000 0.000 0.000 0.000 0.000 0.000 0.000 0.000 0.000 0.000 0.000 0.000 0.000 0.000 0.000 0.000 0.000 0.000 0.000 0.831 2.161 0.000 0.000 0.000 0.000 0.000 0.000 0.000 0.000 0.000 0.000 4.320 9.492 19.400 27.624 43.974 58.946 64.215 73.566 84.126 94.532 101.377 91.929 94.348 82.231 71.940 61.168 52.735 44.041 36.907 24.897 15.055 -999.250 -999.250 -999.250 -999.250 -999.250 -999.250 -999.250
8.112 7.850 8.608 8.137 9.348 8.098 4.882 2.215 0.216 0.000 0.000 0.000 0.000 0.000 0.000 0.000 0.000 0.000 1.122 3.235 0.768 0.000 0.000 0.000 0.000 0.000 0.000 0.000 0.000 0.000 0.000 0.000 0.000 0.000 0.000 0.000 0.000 0.000 0.000 0.000 1.832 7.320 11.889 17.970 26.393 40.195 49.453 58.219 63.515 81.877 91.889 107.245 100.469 83.521 77.091 66.189 59.432 49.796 37.850 27.551 20.352 18.368 -999.250 -999.250 -999.250 -999.250 -999.250 -999.250 -999.250
9.568 12.670 13.449 14.067 15.090 14.021 10.537 8.006 5.012 1.808 0.000 0.000 0.000 0.000 0.000 0.000 0.000 0.440 3.700 4.595 4.428 1.489 0.000 0.000 0.000 0.000 0.000 0.000 0.000 0.000 0.000 0.000 0.000 0.000 0.000 1.268 0.958 0.229 1.191 1.186 3.525 5.322 9.633 16.701 23.824 33.482 39.730 48.738 58.989 66.862 74.156 87.639 80.517 77.805 65.804 60.537 53.359 46.228 32.889 23.660 17.186 -999.250 -999.250 -999.250 -999.250 -999.250 -999.250 -999.250 -999.250
13.527 15.135 16.889 21.087 22.041 20.374 18.545 13.997 9.467 6.398 1.095 0.000 0.000 0.000 0.000 0.000 0.000 1.579 5.177 9.412 5.454 1.601 0.000 0.000 0.000 0.000 0.000 0.000 0.000 0.000 0.000 0.000 0.000 2.315 4.482 5.840 4.289 4.738 6.115 5.869 6.471 7.663 13.511 16.297 22.363 29.530 34.624 43.294 51.610 58.868 61.875 71.195 68.583 63.486 60.559 53.800 45.911 38.069 29.662 -999.250 -999.250 -999.250 -999.250 -999.250 -999.250 -999.250 -999.250 -999.250 -999.250
15.770 20.691 22.037 27.696 27.248 28.328 25.194 22.157 16.508 11.215 5.022 1.566 0.000 0.000 0.000 0.000 0.000 1.226 4.268 6.173 5.194 1.639 1.161 0.000 0.000 0.000 0.000 0.000 0.000 0.000 0.000 0.000 3.732 6.833 10.444 11.083 11.411 9.905 9.201 9.795 9.287 10.125 11.950 14.465 21.513 26.445 28.565 34.252 43.755 50.351 57.263 60.087 59.670 54.108 50.390 48.200 39.434 33.974 21.559 -999.250 -999.250 -999.250 -999.250 -999.250 -999.250 -999.250 -999.250 -999.250 -999.250
14.880 19.963 25.171 30.898 34.004 35.494 34.916 29.295 21.669 16.572 9.028 3.606 0.648 0.000 0.000 0.000 0.000 3.247 5.017 6.210 5.687 4.186 2.827 0.154 0.000 0.000 0.000 0.000 0.000 0.000 2.143 4.241 10.347 12.646 18.852 18.564 20.363 16.768 16.712 16.418 15.803 13.967 15.970 14.946 19.224 23.726 27.514 32.047 35.307 42.408 45.562 46.613 43.071 42.257 -999.250 39.516 30.767 -999.250 -999.250 -999.250 -999.250 -999.250 -999.250 -999.250 -999.250 -999.250 -999.250 -999.250 -999.250
14.205 19.097 22.479 32.548 40.266 43.362 42.754 36.701 30.026 21.819 16.089 9.065 4.840 0.673 0.000 0.000 0.173 3.285 5.696 6.217 7.226 6.243 4.986 3.887 2.517 0.000 0.000 0.000 0.000 0.159 5.602 9.654 14.033 18.828 26.564 28.681 27.127 23.591 20.916 21.452 18.440 18.858 14.342 15.105 17.037 18.098 22.668 25.169 30.082 35.120 37.565 36.605 -999.250 -999.250 -999.250 -999.250 -999.250 -999.250 -999.250 -999.250 -999.250 -999.250 -999.250 -999.250 -999.250 -999.250 -999.250 -999.250 -999.250
11.706 14.261 18.589 29.052 43.426 51.177 45.345 37.187 30.311 25.759 21.855 14.961 9.751 4.922 2.232 1.136 2.667 3.717 7.734 8.864 9.337 10.546 8.445 6.879 4.128 2.794 1.001 0.000 0.448 3.521 7.830 12.239 19.805 27.585 36.833 39.827 36.148 30.260 28.804 25.537 20.054 18.361 18.030 13.050 16.440 17.512 18.364 22.336 26.716 27.519 27.871 -999.250 -999.250 -999.250 -999.250 -999.250 -999.250 -999.250 -999.250 -999.250 -999.250 -999.250 -999.250 -999.250 -999.250 -999.250 -999.250 -999.250 -999.250
7.190 7.744 13.254 20.863 34.427 60.615 41.361 35.748 33.096 32.088 29.759 24.207 16.477 8.591 4.307 3.396 4.685 5.729 9.856 15.223 16.339 15.936 15.372 11.624 8.099 5.930 3.500 2.709 4.424 6.108 10.562 15.956 26.209 34.628 43.485 52.607 46.420 40.177 35.890 27.934 22.672 19.672 16.753 13.623 14.353 14.945 14.674 16.716 21.967 23.213 27.169 -999.250 -999.250 -999.250 -999.250 -999.250 -999.250 -999.250 -999.250 -999.250 -999.250 -999.250 -999.250 -999.250 -999.250 -999.250 -999.250 -999.250 -999.250
1.588 1.695 4.985 7.977 9.523 0.000 21.494 30.061 35.639 38.302 37.162 33.345 22.721 11.577 5.785 4.885 5.186 9.301 16.178 20.310 22.602 22.293 19.893 15.548 11.298 7.506 5.121 3.888 6.482 8.613 10.968 18.891 25.586 38.635 49.844 64.977 55.959 44.128 36.755 28.518 24.264 19.312 17.952 11.301 11.277 11.111 14.999 15.146 17.039 16.457 -999.250 -999.250 -999.250 -999.250 -999.250 -999.250 -999.250 -999.250 -999.250 -999.250 -999.250 -999.250 -999.250 -999.250 -999.250 -999.250 -999.250 -999.250 -999.250
1.042 0.000 0.000 0.000 0.000 1.378 14.400 29.470 41.835 48.185 50.513 45.762 31.423 15.046 6.316 4.432 6.530 11.661 19.823 27.492 31.076 28.174 21.526 17.964 14.636 9.523 6.058 5.977 7.909 8.452 12.194 16.200 24.543 36.901 43.648 50.561 49.081 39.472 34.837 26.977 23.731 19.799 17.281 10.960 9.115 9.151 10.529 9.944 10.741 -999.250 -999.250 -999.250 -999.250 -999.250 -999.250 -999.250 -999.250 -999.250 -999.250 -999.250 -999.250 -999.250 -999.250 -999.250 -999.250 -999.250 -999.250 -999.250 -999.250
0.000 0.000 0.000 0.000 0.455 6.957 19.737 36.397 53.515 64.511 64.376 58.470 38.826 18.475 4.906 0.000 6.032 10.978 21.800 28.772 42.105 30.557 26.846 21.986 17.264 9.722 7.321 6.392 7.327 8.772 12.287 15.001 21.181 28.698 37.491 39.811 42.380 34.906 30.809 26.357 22.057 16.908 13.608 9.176 7.529 7.316 8.063 7.246 6.829 -999.250 -999.250 -999.250 -999.250 -999.250 -999.250 -999.250 -999.250 -999.250 -999.250 -999.250 -999.250 -999.250 -999.250 -999.250 -999.250 -999.250 -999.250 -999.250 -999.250
0.000 0.000 0.000 0.000 2.112 13.391 30.146 48.481 63.923 82.833 92.369 71.758 49.807 22.336 0.000 0.000 5.601 11.569 20.710 26.380 31.196 30.669 24.767 19.918 15.756 9.599 8.276 8.812 7.383 8.344 9.410 12.967 18.108 21.839 28.494 31.935 30.320 29.879 27.219 22.609 18.275 13.319 10.787 9.089 4.701 0.907 1.499 1.090 -999.250 -999.250 -999.250 -999.250 -999.250 -999.250 -999.250 -999.250 -999.250 -999.250 -999.250 -999.250 -999.250 -999.250 -999.250 -999.250 -999.250 -999.250 -999.250 -999.250 -999.250
0.000 0.000 0.000 0.000 4.017 16.034 35.123 55.342 73.289 99.107 121.338 88.762 55.297 29.476 9.882 3.540 4.384 9.080 15.960 19.128 22.988 24.221 20.077 18.201 15.283 9.596 6.190 7.044 7.823 7.139 8.199 10.167 15.377 17.078 19.902 23.747 24.670 21.636 20.784 18.062 15.112 10.719 8.210 5.968 0.851 0.000 0.000 0.000 -999.250 -999.250 -999.250 -999.250 -999.250 -999.250 -999.250 -999.250 -999.250 -999.250 -999.250 -999.250 -999.250 -999.250 -999.250 -999.250 -999.250 -999.250 -999.250 -999.250 -999.250
0.000 0.000 0.000 0.000 4.313 16.182 33.045 54.418 69.830 93.360 98.142 83.928 57.160 32.556 15.785 7.192 5.267 7.879 10.436 14.516 16.994 17.041 17.678 11.811 10.751 7.202 6.319 5.843 6.473 5.237 6.037 8.790 9.859 13.124 17.738 17.587 19.143 16.348 15.212 12.272 9.770 9.669 6.681 4.869 0.000 0.000 0.000 0.000 -999.250 -999.250 -999.250 -999.250 -999.250 -999.250 -999.250 -999.250 -999.250 -999.250 -999.250 -999.250 -999.250 -999.250 -999.250 -999.250 -999.250 -999.250 -999.250 -999.250 -999.250
0.000 0.000 0.000 0.000 3.257 12.814 28.201 45.091 61.472 71.290 76.330 70.660 48.415 31.116 17.619 8.681 5.735 8.333 9.349 10.448 12.342 9.543 11.401 7.226 6.549 4.786 4.221 4.824 4.791 3.961 5.113 6.159 7.439 8.299 11.441 13.815 11.971 11.648 9.232 7.091 6.165 6.144 3.715 1.996 0.000 0.000 0.000 -999.250 -999.250 -999.250 -999.250 -999.250 -999.250 -999.250 -999.250 -999.250 -999.250 -999.250 -999.250 -999.250 -999.250 -999.250 -999.250 -999.250 -999.250 -999.250 -999.250 -999.250 -999.250
0.000 0.000 0.000 0.000 0.249 8.463 22.251 37.069 47.759 58.169 57.251 52.617 38.548 24.646 14.559 6.887 5.430 7.229 6.474 7.371 7.048 5.077 4.537 4.410 2.788 3.186 3.996 1.917 2.772 2.490 3.631 4.539 4.178 6.636 7.823 7.596 8.998 8.075 6.616 5.582 3.022 3.747 3.362 0.000 0.000 0.000 0.000 -999.250 -999.250 -999.250 -999.250 -999.250 -999.250 -999.250 -999.250 -999.250 -999.250 -999.250 -999.250 -999.250 -999.250 -999.250 -999.250 -999.250 -999.250 -999.250 -999.250 -999.250 -999.250
0.000 0.000 0.000 0.000 0.000 4.546 13.993 22.091 31.896 38.767 40.245 35.651 26.371 16.466 10.146 7.051 5.189 7.197 6.423 6.554 4.739 2.637 0.258 0.101 0.764 0.000 0.877 0.609 0.322 0.152 2.095 2.085 2.928 4.312 6.729 5.302 4.904 3.974 3.932 3.478 0.299 1.211 0.000 0.000 0.000 0.000 -999.250 -999.250 -999.250 -999.250 -999.250 -999.250 -999.250 -999.250 -999.250 -999.250 -999.250 -999.250 -999.250 -999.250 -999.250 -999.250 -999.250 -999.250 -999.250 -999.250 -999.250 -999.250 -999.250
