data/medianmodel_02-Apr-2020.asc
ncols	141
nrows	288
xllcorner	-120191.398
yllcorner	-301404.813
cellsize	2000.000
NODATA_value	-999.250
[rows 150 to 179 of 288, columns 68 to 135 of 141]
7.017 7.112 6.371 6.279 8.493 9.852 11.299 10.696 12.037 9.801 10.586 12.901 11.824 11.242 11.451 9.990 8.816 7.638 5.805 6.891 7.526 5.696 4.421 5.757 4.948 5.141 3.710 -999.250 -999.250 -999.250 -999.250 -999.250 -999.250 -999.250 -999.250 -999.250 -999.250 -999.250 -999.250 -999.250 -999.250 -999.250 -999.250 -999.250 -999.250 -999.250 -999.250 -999.250 -999.250 -999.250 -999.250 -999.250 -999.250 -999.250 -999.250 -999.250 -999.250 -999.250 -999.250 -999.250 -999.250 -999.250 -999.250 -999.250 -999.250 -999.250 -999.250 -999.250
9.213 8.720 9.072 10.040 12.775 8.533 9.433 10.461 11.261 8.518 10.805 14.170 11.975 13.353 12.685 9.286 8.471 7.841 9.503 8.268 6.654 8.431 6.365 6.024 5.994 5.872 6.858 -999.250 -999.250 -999.250 -999.250 -999.250 -999.250 -999.250 -999.250 -999.250 -999.250 -999.250 -999.250 -999.250 -999.250 -999.250 -999.250 -999.250 -999.250 -999.250 -999.250 -999.250 -999.250 -999.250 -999.250 -999.250 -999.250 -999.250 -999.250 -999.250 -999.250 -999.250 -999.250 -999.250 -999.250 -999.250 -999.250 -999.250 -999.250 -999.250 -999.250 -999.250
12.473 10.726 10.975 10.703 10.401 9.438 10.238 14.143 11.867 11.622 13.744 13.555 10.621 11.617 11.607 12.634 10.517 8.743 7.828 7.266 6.661 5.169 3.912 4.575 4.029 5.925 5.492 -999.250 -999.250 -999.250 -999.250 -999.250 -999.250 -999.250 -999.250 -999.250 -999.250 -999.250 -999.250 -999.250 -999.250 -999.250 -999.250 -999.250 -999.250 -999.250 -999.250 -999.250 -999.250 -999.250 -999.250 -999.250 -999.250 -999.250 -999.250 -999.250 -999.250 -999.250 -999.250 -999.250 -999.250 -999.250 -999.250 -999.250 -999.250 -999.250 -999.250 -999.250
10.561 10.499 12.513 11.118 12.193 13.072 12.975 13.387 13.359 10.598 9.013 11.462 13.105 11.178 8.397 8.243 8.727 7.578 8.014 6.239 6.698 4.564 4.168 3.255 4.599 6.864 7.061 -999.250 -999.250 -999.250 -999.250 -999.250 -999.250 -999.250 -999.250 -999.250 -999.250 -999.250 -999.250 -999.250 -999.250 -999.250 -999.250 -999.250 -999.250 -999.250 -999.250 -999.250 -999.250 -999.250 -999.250 -999.250 -999.250 -999.250 -999.250 -999.250 -999.250 -999.250 -999.250 -999.250 -999.250 -999.250 -999.250 -999.250 -999.250 -999.250 -999.250 -999.250
8.462 12.442 12.005 13.411 9.920 13.471 13.875 10.726 12.205 10.136 8.347 11.067 12.107 11.933 9.089 10.012 9.098 7.180 6.445 6.039 5.493 6.265 3.509 1.145 0.000 3.442 4.543 -999.250 -999.250 -999.250 -999.250 -999.250 -999.250 -999.250 -999.250 -999.250 -999.250 -999.250 -999.250 -999.250 -999.250 -999.250 -999.250 -999.250 -999.250 -999.250 -999.250 -999.250 -999.250 -999.250 -999.250 -999.250 -999.250 -999.250 -999.250 -999.250 -999.250 -999.250 -999.250 -999.250 -999.250 -999.250 -999.250 -999.250 -999.250 -999.250 -999.250 -999.250
12.997 10.180 10.216 12.833 11.708 11.148 13.322 11.175 10.211 8.496 11.463 13.213 10.247 10.928 9.123 8.761 10.169 5.589 6.474 6.209 6.505 5.223 3.238 4.056 1.513 3.829 7.088 -999.250 -999.250 -999.250 -999.250 -999.250 -999.250 -999.250 -999.250 -999.250 -999.250 -999.250 -999.250 -999.250 -999.250 -999.250 -999.250 -999.250 -999.250 -999.250 -999.250 -999.250 -999.250 -999.250 -999.250 -999.250 -999.250 -999.250 -999.250 -999.250 -999.250 -999.250 -999.250 -999.250 -999.250 -999.250 -999.250 -999.250 -999.250 -999.250 -999.250 -999.250
10.351 9.745 10.951 10.614 12.688 11.753 10.179 10.118 7.892 11.039 10.207 8.708 8.771 7.881 6.157 5.385 6.134 7.510 6.613 6.901 6.848 4.432 3.535 1.144 2.487 2.599 6.536 7.935 -999.250 -999.250 -999.250 -999.250 -999.250 -999.250 -999.250 -999.250 -999.250 -999.250 -999.250 -999.250 -999.250 -999.250 -999.250 -999.250 -999.250 -999.250 -999.250 -999.250 -999.250 -999.250 -999.250 -999.250 -999.250 -999.250 -999.250 -999.250 -999.250 -999.250 -999.250 -999.250 -999.250 -999.250 -999.250 -999.250 -999.250 -999.250 -999.250 -999.250
8.640 9.182 11.017 11.752 12.173 11.931 10.836 11.094 10.760 11.669 8.933 10.738 7.340 6.204 4.569 2.958 5.075 8.090 4.496 5.594 4.967 2.603 0.245 1.878 5.589 7.146 9.035 9.115 7.311 -999.250 -999.250 -999.250 -999.250 -999.250 -999.250 -999.250 -999.250 -999.250 -999.250 -999.250 -999.250 -999.250 -999.250 -999.250 -999.250 -999.250 -999.250 -999.250 -999.250 -999.250 -999.250 -999.250 -999.250 -999.250 -999.250 -999.250 -999.250 -999.250 -999.250 -999.250 -999.250 -999.250 -999.250 -999.250 -999.250 -999.250 -999.250 -999.250
10.351 11.086 11.427 11.537 13.286 13.053 11.109 12.152 11.846 8.771 10.305 9.346 7.695 5.655 4.393 0.000 3.043 7.171 9.157 8.674 3.778 0.938 0.000 4.323 7.027 6.683 10.517 8.368 7.713 7.311 -999.250 -999.250 -999.250 -999.250 -999.250 -999.250 -999.250 -999.250 -999.250 -999.250 -999.250 -999.250 -999.250 -999.250 -999.250 -999.250 -999.250 -999.250 -999.250 -999.250 -999.250 -999.250 -999.250 -999.250 -999.250 -999.250 -999.250 -999.250 -999.250 -999.250 -999.250 -999.250 -999.250 -999.250 -999.250 -999.250 -999.250 -999.250
13.043 12.333 10.597 10.943 11.851 10.960 10.940 8.486 10.241 12.229 12.836 9.055 8.949 5.993 3.616 3.357 3.228 6.765 8.651 9.071 6.421 3.711 5.295 5.672 8.814 7.520 8.517 8.281 8.882 10.641 -999.250 -999.250 -999.250 -999.250 -999.250 -999.250 -999.250 -999.250 -999.250 -999.250 -999.250 -999.250 -999.250 -999.250 -999.250 -999.250 -999.250 -999.250 -999.250 -999.250 -999.250 -999.250 -999.250 -999.250 -999.250 -999.250 -999.250 -999.250 -999.250 -999.250 -999.250 -999.250 -999.250 -999.250 -999.250 -999.250 -999.250 -999.250
11.055 12.596 13.313 13.432 13.246 11.930 11.379 11.295 9.982 12.989 10.930 9.454 7.162 4.592 6.604 5.361 4.587 7.512 8.526 7.057 8.313 5.925 6.445 9.165 9.483 8.204 8.285 10.420 9.072 7.917 -999.250 -999.250 -999.250 -999.250 -999.250 -999.250 -999.250 -999.250 -999.250 -999.250 -999.250 -999.250 -999.250 -999.250 -999.250 -999.250 -999.250 -999.250 -999.250 -999.250 -999.250 -999.250 -999.250 -999.250 -999.250 -999.250 -999.250 -999.250 -999.250 -999.250 -999.250 -999.250 -999.250 -999.250 -999.250 -999.250 -999.250 -999.250
8.022 10.189 12.137 12.943 12.108 12.013 9.850 9.819 10.235 9.788 9.299 8.410 7.205 6.579 7.001 6.346 6.755 7.342 9.502 7.838 6.973 8.231 8.364 7.953 8.936 11.076 11.040 9.592 8.938 8.073 -999.250 -999.250 -999.250 -999.250 -999.250 -999.250 -999.250 -999.250 -999.250 -999.250 -999.250 -999.250 -999.250 -999.250 -999.250 -999.250 -999.250 -999.250 -999.250 -999.250 -999.250 -999.250 -999.250 -999.250 -999.250 -999.250 -999.250 -999.250 -999.250 -999.250 -999.250 -999.250 -999.250 -999.250 -999.250 -999.250 -999.250 -999.250
6.044 10.570 10.347 10.593 10.218 12.013 10.023 11.932 12.668 12.916 11.422 8.619 3.845 4.276 7.140 7.881 7.452 6.833 8.557 7.565 8.117 11.171 11.506 10.540 9.034 9.483 8.940 8.269 8.031 10.007 -999.250 -999.250 -999.250 -999.250 -999.250 -999.250 -999.250 -999.250 -999.250 -999.250 -999.250 -999.250 -999.250 -999.250 -999.250 -999.250 -999.250 -999.250 -999.250 -999.250 -999.250 -999.250 -999.250 -999.250 -999.250 -999.250 -999.250 -999.250 -999.250 -999.250 -999.250 -999.250 -999.250 -999.250 -999.250 -999.250 -999.250 -999.250
10.013 9.722 10.946 9.428 11.865 13.337 10.686 12.785 12.660 11.872 10.085 7.312 2.750 0.000 3.255 6.009 6.647 7.537 9.053 8.677 8.468 9.576 11.185 10.522 8.466 8.176 9.089 8.995 8.367 7.182 10.868 -999.250 -999.250 -999.250 -999.250 -999.250 -999.250 -999.250 -999.250 -999.250 -999.250 -999.250 -999.250 -999.250 -999.250 -999.250 -999.250 -999.250 -999.250 -999.250 -999.250 -999.250 -999.250 -999.250 -999.250 -999.250 -999.250 -999.250 -999.250 -999.250 -999.250 -999.250 -999.250 -999.250 -999.250 -999.250 -999.250 -999.250
10.823 9.928 8.713 11.298 10.208 13.023 13.800 11.459 12.674 12.213 8.945 4.678 3.246 3.583 5.301 5.271 7.138 7.951 10.557 10.299 11.639 11.143 9.589 10.538 12.160 10.625 8.965 9.080 8.131 9.067 10.135 6.328 -999.250 -999.250 -999.250 -999.250 -999.250 -999.250 -999.250 -999.250 -999.250 -999.250 -999.250 -999.250 -999.250 -999.250 -999.250 -999.250 -999.250 -999.250 -999.250 -999.250 -999.250 -999.250 -999.250 -999.250 -999.250 -999.250 -999.250 -999.250 -999.250 -999.250 -999.250 -999.250 -999.250 -999.250 -999.250 -999.250
10.561 11.034 10.831 10.250 10.850 14.085 13.486 12.414 14.953 11.443 9.563 7.201 6.051 5.015 7.136 6.857 10.450 7.342 8.701 10.990 10.715 11.656 9.189 10.488 10.845 10.204 10.050 10.081 11.046 9.341 10.364 7.964 9.507 10.490 6.912 -999.250 -999.250 -999.250 -999.250 -999.250 -999.250 -999.250 -999.250 -999.250 -999.250 -999.250 -999.250 -999.250 -999.250 -999.250 -999.250 -999.250 -999.250 -999.250 -999.250 -999.250 -999.250 -999.250 -999.250 -999.250 -999.250 -999.250 -999.250 -999.250 -999.250 -999.250 -999.250 -999.250
10.847 9.996 10.607 9.440 9.570 11.232 10.565 10.648 11.732 10.992 8.329 8.447 8.355 6.822 7.030 8.346 7.783 6.887 9.375 9.001 11.133 9.147 10.823 9.372 10.390 10.665 9.743 12.563 9.619 8.486 9.271 8.819 8.266 10.433 8.008 -999.250 -999.250 -999.250 -999.250 -999.250 -999.250 -999.250 -999.250 -999.250 -999.250 -999.250 -999.250 -999.250 -999.250 -999.250 -999.250 -999.250 -999.250 -999.250 -999.250 -999.250 -999.250 -999.250 -999.250 -999.250 -999.250 -999.250 -999.250 -999.250 -999.250 -999.250 -999.250 -999.250
9.036 8.570 10.883 8.685 10.797 9.361 9.957 10.501 8.361 8.635 8.334 6.602 6.132 6.299 7.888 9.278 8.954 7.526 9.011 9.684 9.503 8.450 10.240 7.456 7.600 9.168 11.480 10.813 9.778 5.690 8.194 6.831 7.110 8.116 -999.250 -999.250 -999.250 -999.250 -999.250 -999.250 -999.250 -999.250 -999.250 -999.250 -999.250 -999.250 -999.250 -999.250 -999.250 -999.250 -999.250 -999.250 -999.250 -999.250 -999.250 -999.250 -999.250 -999.250 -999.250 -999.250 -999.250 -999.250 -999.250 -999.250 -999.250 -999.250 -999.250 -999.250
7.941 7.031 7.091 7.137 8.064 9.176 9.249 12.683 9.183 9.140 6.060 6.167 7.606 5.766 6.188 7.627 5.840 8.043 7.221 8.672 8.771 8.920 8.179 9.424 9.876 11.322 8.747 9.587 9.107 6.677 3.344 3.918 4.482 7.123 -999.250 -999.250 -999.250 3.632 5.592 0.808 -999.250 -999.250 -999.250 -999.250 -999.250 -999.250 -999.250 -999.250 -999.250 -999.250 -999.250 -999.250 -999.250 -999.250 -999.250 -999.250 -999.250 -999.250 -999.250 -999.250 -999.250 -999.250 -999.250 -999.250 -999.250 -999.250 -999.250 -999.250
6.850 5.756 3.857 5.100 5.919 7.832 11.103 9.301 9.016 6.957 4.490 5.589 3.604 2.949 6.174 5.678 9.200 9.000 7.471 7.740 9.478 10.055 9.362 9.119 7.435 6.698 7.625 8.184 5.200 5.072 0.000 3.401 5.342 5.258 5.720 5.544 5.850 2.725 4.275 0.444 0.000 -999.250 -999.250 -999.250 -999.250 -999.250 -999.250 -999.250 -999.250 -999.250 -999.250 -999.250 -999.250 -999.250 -999.250 -999.250 -999.250 -999.250 -999.250 -999.250 -999.250 -999.250 -999.250 -999.250 -999.250 -999.250 -999.250 -999.250
6.367 2.851 0.000 4.347 6.468 9.892 10.537 9.663 6.426 6.419 6.507 3.823 0.000 1.914 2.968 6.322 9.399 9.410 7.970 8.239 8.864 10.150 8.888 8.167 5.797 7.423 8.862 8.381 8.960 6.784 3.161 2.095 5.732 5.347 3.699 6.755 6.496 5.365 1.992 0.000 0.000 0.585 -999.250 -999.250 -999.250 -999.250 -999.250 -999.250 -999.250 -999.250 -999.250 -999.250 -999.250 -999.250 -999.250 -999.250 -999.250 -999.250 -999.250 -999.250 -999.250 -999.250 -999.250 -999.250 -999.250 -999.250 -999.250 -999.250
6.253 2.898 4.555 4.044 7.002 6.567 9.640 8.805 6.709 6.211 6.630 4.215 4.072 4.928 5.602 8.747 9.271 8.253 7.742 7.919 6.824 5.268 6.600 3.920 4.793 7.362 9.085 10.775 9.900 7.830 6.781 5.893 6.122 8.223 8.068 6.635 5.814 6.008 5.012 4.776 5.057 3.226 -999.250 -999.250 -999.250 -999.250 -999.250 -999.250 -999.250 -999.250 -999.250 -999.250 -999.250 -999.250 -999.250 -999.250 -999.250 -999.250 -999.250 -999.250 -999.250 -999.250 -999.250 -999.250 -999.250 -999.250 -999.250 -999.250
7.438 4.743 7.960 6.773 6.478 8.168 7.138 7.287 8.771 5.062 5.466 5.350 6.448 5.504 6.192 9.462 9.328 10.485 9.242 8.321 7.341 7.753 5.919 0.000 4.756 8.331 10.513 13.054 12.470 9.971 8.017 7.049 7.175 9.003 11.550 7.655 9.874 8.657 8.314 6.848 6.788 5.154 -999.250 -999.250 -999.250 -999.250 -999.250 -999.250 -999.250 -999.250 -999.250 -999.250 -999.250 -999.250 -999.250 -999.250 -999.250 -999.250 -999.250 -999.250 -999.250 -999.250 -999.250 -999.250 -999.250 -999.250 -999.250 -999.250
7.468 7.471 5.311 7.794 9.290 8.820 6.629 8.152 6.468 7.957 6.534 5.787 4.506 4.964 7.313 9.066 10.309 10.148 8.253 9.282 7.822 7.185 8.130 5.180 6.121 9.502 12.201 12.218 10.957 11.726 12.654 9.788 8.618 8.088 9.552 9.415 9.058 10.340 9.822 7.281 5.843 5.754 3.425 -999.250 -999.250 -999.250 -999.250 -999.250 -999.250 -999.250 -999.250 -999.250 -999.250 -999.250 -999.250 -999.250 -999.250 -999.250 -999.250 -999.250 -999.250 -999.250 -999.250 -999.250 -999.250 -999.250 -999.250 -999.250
8.722 7.835 8.074 6.962 5.931 7.111 6.180 7.846 5.334 6.128 4.799 3.729 5.594 5.121 6.644 8.680 9.283 10.008 9.819 10.980 11.516 9.490 7.571 6.750 9.662 10.828 10.650 11.024 10.337 13.601 9.718 7.290 9.615 9.723 9.482 11.573 10.224 10.399 8.263 8.282 6.693 4.570 -999.250 -999.250 -999.250 -999.250 -999.250 -999.250 -999.250 -999.250 -999.250 -999.250 -999.250 -999.250 -999.250 -999.250 -999.250 -999.250 -999.250 -999.250 -999.250 -999.250 -999.250 -999.250 -999.250 -999.250 -999.250 -999.250
9.110 7.122 9.565 7.303 7.593 7.703 5.307 7.085 6.744 5.526 3.767 2.707 3.794 5.284 8.535 8.827 8.143 9.971 8.794 11.035 9.373 8.951 10.473 9.723 11.473 13.734 13.266 12.726 12.185 11.099 10.210 11.417 9.448 10.738 12.486 10.379 10.367 10.576 7.699 7.548 6.212 -999.250 -999.250 -999.250 -999.250 -999.250 -999.250 -999.250 -999.250 -999.250 -999.250 -999.250 -999.250 -999.250 -999.250 -999.250 -999.250 -999.250 -999.250 -999.250 -999.250 -999.250 -999.250 -999.250 -999.250 -999.250 -999.250 -999.250
8.845 9.309 8.754 8.814 8.904 8.351 6.864 8.366 6.729 5.463 4.680 0.000 3.767 4.109 10.091 8.415 6.841 9.972 8.589 10.683 10.025 10.995 10.449 11.686 12.633 13.855 13.491 15.126 11.245 11.133 7.080 9.183 9.686 11.178 10.784 9.035 10.654 9.873 7.506 8.200 6.105 -999.250 -999.250 -999.250 -999.250 -999.250 -999.250 -999.250 -999.250 -999.250 -999.250 -999.250 -999.250 -999.250 -999.250 -999.250 -999.250 -999.250 -999.250 -999.250 -999.250 -999.250 -999.250 -999.250 -999.250 -999.250 -999.250 -999.250
7.265 8.696 8.191 8.789 9.421 10.768 10.174 9.821 7.280 7.313 3.760 2.461 5.041 9.090 7.660 10.196 9.342 10.891 9.635 11.392 11.084 11.034 10.032 11.077 11.492 13.912 11.459 12.211 9.440 7.752 7.888 9.209 9.209 7.593 9.406 10.500 9.109 7.780 7.977 7.602 -999.250 -999.250 -999.250 -999.250 -999.250 -999.250 -999.250 -999.250 -999.250 -999.250 -999.250 -999.250 -999.250 -999.250 -999.250 -999.250 -999.250 -999.250 -999.250 -999.250 -999.250 -999.250 -999.250 -999.250 -999.250 -999.250 -999.250 -999.250
6.284 8.128 6.361 8.125 8.495 9.140 9.500 10.789 10.064 8.759 8.980 6.246 8.926 9.104 9.157 9.701 8.554 9.466 8.810 9.359 10.774 11.391 9.605 9.646 13.072 13.278 12.845 13.101 10.843 8.781 10.383 9.072 9.924 7.466 10.595 9.795 10.222 9.056 7.729 7.494 -999.250 -999.250 -999.250 -999.250 -999.250 -999.250 -999.250 -999.250 -999.250 -999.250 -999.250 -999.250 -999.250 -999.250 -999.250 -999.250 -999.250 -999.250 -999.250 -999.250 -999.250 -999.250 -999.250 -999.250 -999.250 -999.250 -999.250 -999.250
6.941 8.098 7.994 9.566 9.332 11.605 12.050 12.011 9.422 10.440 9.390 9.956 8.004 6.616 10.342 7.818 9.605 10.397 7.651 7.314 9.012 8.600 10.886 10.617 11.601 12.588 11.722 12.129 11.443 8.831 9.194 9.886 9.713 10.167 11.703 9.368 6.825 7.589 6.682 -999.250 -999.250 -999.250 -999.250 -999.250 -999.250 -999.250 -999.250 -999.250 -999.250 -999.250 -999.250 -999.250 -999.250 -999.250 -999.250 -999.250 -999.250 -999.250 -999.250 -999.250 -999.250 -999.250 -999.250 -999.250 -999.250 -999.250 -999.250 -999.250
