data/medianmodel_16-Oct-2020.asc
ncols	141
nrows	288
xllcorner	-120191.398
yllcorner	-301404.813
cellsize	2000.000
NODATA_value	-999.250
[rows 180 to 209 of 288, columns 0 to 66 of 141]
-999.250 -999.250 -999.250 174.737 177.480 175.124 164.822 191.380 183.811 182.054 172.396 191.133 189.984 208.957 230.647 242.121 216.402 239.594 230.287 243.698 249.618 245.649 229.500 206.844 186.512 165.078 152.259 149.378 124.516 111.428 106.104 92.917 86.429 93.460 85.601 84.055 91.247 62.223 53.700 54.436 50.826 52.949 53.882 42.234 43.447 47.946 46.695 45.761 43.194 46.971 45.687 48.140 45.858 39.734 33.222 28.305 20.303 12.637 15.681 21.230 24.752 29.843 33.699 41.096 43.977 40.178 41.416
-999.250 -999.250 -999.250 202.528 195.801 191.818 178.466 179.657 171.167 196.992 179.161 199.790 201.621 215.165 224.492 230.757 242.075 231.374 241.623 242.824 231.183 211.572 223.254 204.049 179.805 160.276 148.858 123.939 117.731 114.053 118.570 102.401 99.531 96.476 101.291 90.042 83.449 69.582 65.288 68.385 57.880 57.471 52.968 55.707 49.199 48.344 50.398 64.417 48.525 48.344 39.954 47.421 48.350 41.185 42.147 35.280 33.252 25.035 23.257 23.832 26.552 31.232 31.960 41.276 45.056 44.721 46.366
-999.250 -999.250 191.899 203.245 208.161 192.537 190.527 179.784 185.422 187.130 204.563 209.851 207.622 233.822 249.698 238.047 253.988 224.642 245.619 246.505 217.328 212.855 197.979 187.096 175.001 146.480 139.551 141.387 121.937 117.159 114.670 109.929 100.387 98.059 79.824 84.207 88.962 76.401 63.861 68.192 70.570 63.729 61.995 55.715 51.204 50.648 58.810 58.531 53.660 49.689 50.028 51.609 52.010 56.263 44.795 38.362 33.815 35.675 31.632 30.912 34.298 30.429 32.322 35.472 45.439 45.598 49.942
-999.250 -999.250 225.566 218.437 205.577 199.472 202.151 205.913 204.512 213.695 196.166 218.915 212.848 245.654 241.081 260.507 264.014 266.664 233.713 215.644 -999.250 203.973 185.991 174.222 173.105 140.792 142.700 144.184 130.729 127.443 120.616 111.566 108.649 100.396 89.046 97.396 78.908 64.509 60.828 70.590 68.974 74.290 61.968 52.371 52.837 49.661 53.737 61.389 56.867 58.192 55.365 62.592 57.732 63.780 59.605 46.980 45.131 44.531 39.648 39.226 32.905 33.352 38.132 42.439 43.393 47.150 46.764
-999.250 224.159 242.022 190.857 196.811 229.327 209.660 214.580 215.441 216.677 207.565 216.409 227.478 220.722 241.533 271.938 307.927 271.231 221.844 -999.250 -999.250 191.748 177.588 159.398 152.853 155.536 143.162 131.915 136.406 135.583 108.388 101.417 98.600 99.012 96.482 96.125 78.432 69.868 66.554 70.416 78.671 69.341 59.169 52.474 58.762 62.049 59.512 57.761 64.373 58.730 51.092 68.358 72.418 65.251 64.207 66.164 50.960 52.335 45.780 44.169 40.821 41.079 45.407 46.097 45.567 43.106 45.278
-999.250 230.634 221.400 204.267 210.497 221.854 217.825 213.738 219.246 221.841 236.990 224.001 224.893 203.098 225.623 269.741 253.697 243.020 -999.250 -999.250 -999.250 -999.250 159.392 151.788 146.692 153.221 146.628 125.072 127.871 116.598 110.843 106.964 108.374 115.902 88.577 79.313 94.912 76.799 74.703 73.350 81.030 80.826 63.672 57.314 59.168 61.630 55.750 54.945 60.139 60.530 65.168 68.238 80.420 64.203 63.946 58.241 58.575 51.956 51.569 55.838 53.798 51.751 56.207 54.727 51.584 54.685 50.287
164.348 195.035 218.570 234.500 231.871 205.954 223.833 212.800 218.271 230.965 235.646 209.756 212.092 218.074 217.056 240.304 247.349 237.757 -999.250 -999.250 -999.250 -999.250 -999.250 131.044 146.658 149.429 144.217 154.827 142.977 109.587 118.822 114.452 94.290 96.065 86.798 86.081 85.933 92.092 98.677 85.076 91.782 74.743 81.027 66.186 59.527 67.761 68.321 61.706 63.127 68.205 96.183 70.390 77.448 71.965 77.344 80.076 62.668 65.486 67.105 60.285 60.212 57.138 63.666 62.371 56.344 59.681 54.055
-999.250 189.893 189.460 221.265 230.570 217.023 237.781 223.957 207.235 220.548 197.922 216.680 227.586 233.090 238.645 243.038 238.750 228.669 -999.250 -999.250 -999.250 -999.250 132.401 142.259 128.200 135.258 137.468 132.541 143.231 130.792 127.905 108.992 83.983 96.275 85.937 86.798 84.609 85.189 95.565 90.001 94.208 67.998 70.356 61.285 59.034 63.767 62.425 67.204 70.971 75.221 80.972 81.906 76.071 91.449 82.263 86.804 80.261 78.298 69.473 69.464 65.194 58.396 53.739 61.912 66.919 72.171 66.070
-999.250 197.602 204.325 222.120 227.021 209.217 222.587 215.697 212.425 226.283 204.636 217.046 228.435 222.061 237.668 260.640 205.847 204.593 -999.250 -999.250 -999.250 127.528 -999.250 137.600 130.299 125.921 135.718 140.647 120.896 124.948 121.376 99.094 99.653 81.131 85.227 78.500 88.869 81.303 88.926 88.273 83.295 71.897 64.914 58.283 60.663 58.582 61.426 74.958 71.756 71.334 86.672 92.695 79.397 81.234 91.991 77.792 85.380 85.887 88.078 82.335 80.550 62.175 64.284 62.497 67.731 78.872 66.289
-999.250 207.659 230.533 241.259 223.497 219.728 216.786 212.179 201.968 205.962 210.890 208.897 216.372 218.816 220.742 223.771 209.363 -999.250 -999.250 -999.250 -999.250 134.968 132.268 122.674 119.561 131.190 128.012 139.252 143.010 126.626 112.818 112.529 106.614 92.399 94.573 77.175 74.829 79.373 73.747 73.392 67.256 60.682 58.436 55.766 60.532 56.910 56.341 52.095 52.612 68.026 83.389 80.490 84.916 103.045 109.444 103.795 110.176 104.935 110.386 109.575 77.977 81.939 81.546 65.054 69.361 68.411 75.161
-999.250 205.848 225.626 257.013 211.029 211.915 204.142 207.094 206.111 197.523 192.684 201.231 195.518 192.233 205.522 200.110 187.581 -999.250 -999.250 -999.250 128.757 113.249 121.498 111.869 115.439 108.597 106.775 128.170 141.507 135.844 132.510 101.546 104.825 110.638 103.654 79.572 78.851 70.275 76.019 62.829 67.108 57.874 55.461 55.546 55.129 55.218 47.560 57.646 67.220 71.814 87.579 71.480 89.711 107.605 106.863 130.510 119.440 131.519 120.573 107.412 107.611 98.679 72.164 62.900 72.336 73.565 70.132
-999.250 -999.250 -999.250 230.937 -999.250 -999.250 193.647 195.099 197.971 -999.250 -999.250 -999.250 203.420 185.156 -999.250 -999.250 -999.250 -999.250 -999.250 -999.250 112.998 110.074 117.475 102.277 103.157 94.496 115.686 124.462 136.198 144.237 139.043 126.552 112.351 100.162 93.457 86.875 95.900 83.749 73.794 55.734 50.386 51.589 55.266 48.822 48.403 49.244 52.816 55.350 63.510 70.218 70.802 81.007 91.682 102.766 117.148 144.748 141.769 140.274 129.197 117.399 121.871 106.634 80.822 78.110 84.474 85.400 73.363
-999.250 -999.250 -999.250 -999.250 -999.250 -999.250 -999.250 -999.250 -999.250 -999.250 -999.250 -999.250 -999.250 173.062 182.465 194.521 -999.250 -999.250 -999.250 102.624 91.092 108.982 100.740 99.340 99.690 102.754 101.169 138.163 135.737 131.307 119.640 120.034 122.621 115.163 103.681 91.853 76.726 85.427 65.469 61.498 51.087 52.907 43.590 47.452 44.214 44.425 51.592 51.973 62.862 60.298 78.132 91.583 110.869 110.977 141.264 151.280 169.951 161.843 155.190 114.701 110.330 93.278 104.267 88.942 79.283 78.801 80.402
-999.250 -999.250 -999.250 -999.250 -999.250 -999.250 -999.250 -999.250 -999.250 -999.250 -999.250 186.109 178.593 183.775 194.130 188.122 -999.250 -999.250 110.419 90.489 97.941 101.196 102.925 96.110 98.705 101.801 117.597 120.923 128.428 127.583 134.323 119.237 101.090 107.722 93.300 93.953 76.503 78.304 75.730 60.276 49.985 50.883 43.799 51.728 45.593 41.039 48.192 53.187 56.152 58.022 80.876 89.739 93.264 123.457 128.405 150.833 172.557 160.648 151.662 132.676 119.422 97.788 81.130 78.437 82.902 87.984 98.994
-999.250 -999.250 -999.250 -999.250 -999.250 -999.250 -999.250 -999.250 -999.250 -999.250 -999.250 183.091 173.004 184.941 192.576 171.672 179.392 145.412 119.585 86.474 99.498 113.342 107.871 100.643 91.718 98.461 116.697 119.756 126.985 120.979 128.235 122.570 114.739 108.566 87.000 84.266 73.007 64.930 66.904 61.129 46.894 44.579 48.049 44.940 50.159 46.810 50.137 54.706 56.592 69.453 79.229 109.927 116.459 114.538 131.094 144.372 166.395 149.086 147.914 131.457 118.393 101.495 91.614 77.182 82.305 77.421 87.558
-999.250 -999.250 -999.250 -999.250 -999.250 -999.250 -999.250 -999.250 -999.250 -999.250 -999.250 -999.250 173.093 174.353 181.164 185.160 177.047 153.947 113.807 104.102 100.958 96.008 98.040 96.255 107.596 109.607 119.465 114.147 111.069 124.128 130.210 123.415 105.792 103.743 90.072 83.710 76.131 66.462 56.669 56.462 45.402 47.026 48.505 49.065 42.084 49.913 50.504 52.865 65.735 73.479 95.430 121.255 121.656 126.070 121.657 136.750 151.124 135.848 127.839 115.904 106.992 88.262 87.512 71.416 91.492 81.681 78.659
-999.250 -999.250 -999.250 -999.250 -999.250 -999.250 -999.250 -999.250 -999.250 -999.250 -999.250 -999.250 -999.250 157.990 169.013 170.518 160.042 156.881 118.010 112.240 98.481 103.729 104.827 105.650 104.184 119.460 117.011 125.138 125.879 119.338 116.322 106.540 104.745 88.384 89.686 93.740 78.151 79.236 58.596 54.754 51.869 51.886 49.668 46.506 51.179 52.958 61.769 66.549 67.172 89.535 94.802 106.664 106.168 120.278 130.988 138.439 132.097 136.371 116.495 114.467 97.399 96.361 84.296 80.862 82.712 85.120 96.327
-999.250 -999.250 -999.250 -999.250 -999.250 -999.250 -999.250 -999.250 -999.250 -999.250 -999.250 -999.250 -999.250 147.507 159.254 166.652 161.204 147.315 115.420 114.816 108.830 109.653 108.830 103.287 104.242 110.748 132.897 118.555 123.489 125.191 130.556 118.929 103.950 98.655 94.166 102.851 72.244 68.916 68.312 54.174 50.806 48.545 50.255 55.310 58.224 57.899 58.099 67.177 92.407 97.646 116.300 102.245 106.573 122.380 106.611 101.780 105.265 113.787 110.449 100.185 99.522 89.470 85.130 80.081 96.817 100.587 101.371
-999.250 -999.250 -999.250 -999.250 -999.250 -999.250 -999.250 -999.250 -999.250 -999.250 -999.250 -999.250 -999.250 153.297 146.186 133.525 139.293 127.313 117.363 100.436 101.399 110.172 105.496 115.989 106.435 117.722 127.905 125.933 159.506 141.581 134.575 121.269 103.105 99.052 88.060 88.543 84.345 71.600 74.199 66.022 56.144 60.009 57.567 57.010 51.096 59.545 57.958 66.308 101.600 101.607 104.584 117.481 103.974 119.179 99.186 101.203 96.763 97.455 99.751 110.299 97.072 87.566 65.588 75.959 83.258 92.533 102.049
-999.250 -999.250 -999.250 -999.250 -999.250 -999.250 -999.250 -999.250 -999.250 -999.250 -999.250 -999.250 -999.250 -999.250 155.270 137.544 129.744 118.669 123.414 109.056 102.806 96.626 96.945 113.020 120.733 130.955 129.674 143.581 155.491 138.835 140.994 116.549 101.719 107.104 108.859 82.139 95.868 85.463 77.652 59.531 61.217 60.200 59.277 58.104 54.900 60.056 65.289 75.608 90.008 92.454 103.210 115.093 113.940 107.003 86.763 83.316 87.347 89.912 94.598 98.666 94.053 76.277 71.827 70.517 87.675 76.884 98.119
-999.250 -999.250 -999.250 -999.250 -999.250 -999.250 -999.250 -999.250 -999.250 -999.250 -999.250 -999.250 -999.250 -999.250 148.604 123.419 123.258 125.004 113.899 93.464 89.766 95.918 95.537 110.572 107.671 123.764 130.960 162.698 164.168 157.742 142.026 116.339 123.340 104.124 94.290 88.013 80.596 70.757 64.803 57.684 66.831 60.476 61.032 58.599 61.615 68.995 71.278 66.487 77.344 84.077 93.290 88.883 104.363 106.498 91.771 93.602 100.616 87.904 92.158 77.484 82.742 84.569 72.872 70.825 86.031 86.959 85.384
-999.250 -999.250 -999.250 -999.250 -999.250 -999.250 -999.250 -999.250 -999.250 -999.250 -999.250 -999.250 -999.250 -999.250 135.852 125.073 105.432 104.638 111.743 112.563 93.156 98.460 88.141 101.294 103.752 127.281 119.654 152.982 161.205 142.723 132.909 115.870 102.106 103.520 95.959 74.939 63.122 66.008 59.889 55.174 64.444 59.331 61.130 60.889 58.272 68.833 70.021 92.927 90.575 85.055 92.580 90.902 92.125 97.645 87.485 89.911 72.630 82.464 72.457 72.774 74.515 61.226 61.039 65.319 81.058 82.245 88.368
-999.250 -999.250 -999.250 -999.250 -999.250 -999.250 -999.250 -999.250 -999.250 -999.250 -999.250 -999.250 -999.250 -999.250 125.137 117.333 117.207 108.468 114.175 114.299 100.494 88.755 91.334 93.034 89.724 -999.250 121.603 132.211 156.892 134.377 120.007 97.749 94.502 82.564 82.773 82.497 68.030 60.479 55.278 51.917 53.718 57.174 56.680 63.992 71.927 73.546 69.429 86.347 84.023 89.857 98.733 74.821 82.977 87.075 84.903 68.273 68.842 70.883 52.521 59.810 53.264 64.454 69.233 74.539 71.655 83.362 79.376
-999.250 -999.250 -999.250 -999.250 -999.250 -999.250 -999.250 -999.250 -999.250 -999.250 -999.250 -999.250 -999.250 -999.250 112.189 117.922 114.344 120.410 106.868 110.053 96.664 92.548 87.957 -999.250 -999.250 -999.250 105.336 100.901 123.382 132.982 113.751 100.634 91.515 76.901 62.291 65.391 64.509 57.579 54.285 57.705 60.501 53.823 53.008 53.738 57.076 54.430 60.096 71.817 84.833 82.198 79.106 65.515 85.561 86.911 59.886 62.385 63.967 62.166 57.416 57.840 51.433 61.452 66.731 73.102 74.650 84.823 84.201
-999.250 -999.250 -999.250 -999.250 -999.250 -999.250 -999.250 -999.250 -999.250 -999.250 -999.250 -999.250 -999.250 110.001 99.641 110.493 107.475 116.654 98.847 96.362 90.438 100.038 -999.250 -999.250 -999.250 -999.250 -999.250 92.882 95.915 105.650 99.287 100.886 83.755 74.937 62.093 63.190 50.331 44.916 50.252 42.632 43.149 51.038 55.166 56.264 57.718 56.099 66.445 52.327 62.679 80.119 62.407 66.352 68.433 67.942 57.661 70.439 59.893 51.722 56.190 54.555 55.671 61.715 62.914 64.329 64.479 60.182 64.477
-999.250 -999.250 -999.250 -999.250 -999.250 -999.250 -999.250 -999.250 -999.250 -999.250 -999.250 -999.250 -999.250 118.130 111.889 114.195 108.147 108.583 107.644 109.334 -999.250 -999.250 -999.250 -999.250 -999.250 -999.250 -999.250 -999.250 76.468 94.818 89.220 75.534 72.096 65.585 66.815 59.697 46.242 44.921 40.323 38.949 39.740 40.602 51.248 53.233 54.979 57.418 62.228 50.944 58.478 64.719 60.821 66.049 56.494 48.629 57.882 55.741 51.120 47.526 48.983 55.699 54.813 59.225 60.483 56.863 52.612 61.166 56.112
-999.250 -999.250 -999.250 -999.250 -999.250 -999.250 -999.250 -999.250 -999.250 -999.250 -999.250 -999.250 117.349 117.727 -999.250 -999.250 -999.250 -999.250 -999.250 -999.250 -999.250 -999.250 -999.250 -999.250 -999.250 -999.250 -999.250 -999.250 -999.250 83.874 79.623 68.035 74.805 67.969 56.952 61.518 48.882 44.203 42.954 38.472 42.365 47.587 52.064 53.863 58.559 61.412 64.202 51.939 52.191 43.525 48.316 56.753 43.023 54.213 56.815 62.865 51.756 47.875 53.261 46.290 50.142 44.887 46.261 52.415 51.168 56.935 48.389
-999.250 -999.250 -999.250 -999.250 -999.250 -999.250 -999.250 -999.250 -999.250 -999.250 -999.250 -999.250 -999.250 -999.250 -999.250 -999.250 -999.250 -999.250 -999.250 -999.250 -999.250 -999.250 -999.250 -999.250 -999.250 -999.250 -999.250 -999.250 -999.250 -999.250 71.152 75.082 63.452 60.111 55.501 54.160 47.794 48.039 46.305 45.460 45.023 48.988 51.731 49.338 55.002 57.911 52.862 52.210 46.759 41.623 48.482 50.467 46.905 50.085 53.807 58.583 45.558 43.284 44.472 41.484 47.872 41.580 35.386 39.511 47.180 47.583 44.477
-999.250 -999.250 -999.250 -999.250 -999.250 -999.250 -999.250 -999.250 -999.250 -999.250 -999.250 -999.250 -999.250 -999.250 -999.250 -999.250 -999.250 -999.250 -999.250 -999.250 -999.250 -999.250 -999.250 -999.250 -999.250 -999.250 -999.250 -999.250 -999.250 -999.250 73.561 67.086 59.248 53.489 51.805 50.591 45.284 41.880 43.340 51.930 42.002 46.728 51.664 55.532 48.890 41.081 46.026 48.133 49.047 35.720 38.216 48.791 48.777 47.922 50.692 49.352 53.379 46.514 45.412 42.190 39.557 38.038 38.922 40.507 34.851 32.212 37.667
-999.250 -999.250 -999.250 -999.250 -999.250 -999.250 -999.250 -999.250 -999.250 -999.250 -999.250 -999.250 -999.250 -999.250 -999.250 -999.250 -999.250 -999.250 -999.250 -999.250 -999.250 -999.250 -999.250 -999.250 -999.250 -999.250 -999.250 -999.250 -999.250 -999.250 71.896 68.358 57.609 52.806 47.919 42.991 37.211 38.904 42.054 49.171 49.826 50.751 52.059 52.206 45.250 45.720 42.957 49.146 43.982 43.512 46.579 52.939 52.562 48.602 48.878 45.905 47.324 45.458 43.921 35.407 27.546 38.962 35.498 30.402 28.820 32.099 24.129
