data/medianmodel_25-Dec-2020.asc
ncols	141
nrows	288
xllcorner	-120191.398
yllcorner	-301404.813
cellsize	2000.000
NODATA_value	-999.250
[rows 174 to 202 of 288, columns 64 to 127 of 141]
1252.508 1155.496 1018.888 979.879 899.660 798.647 754.272 642.364 609.692 577.276 553.055 538.507 549.233 544.983 544.416 536.666 526.580 508.555 488.650 474.854 481.970 479.560 459.589 455.633 456.121 478.722 482.360 491.202 467.585 425.534 403.140 358.179 341.774 307.438 283.550 260.804 239.498 239.687 249.260 233.809 228.749 233.079 238.583 258.296 267.575 303.719 -999.250 -999.250 -999.250 -999.250 -999.250 -999.250 -999.250 -999.250 -999.250 -999.250 -999.250 -999.250 -999.250 -999.250 -999.250 -999.250 -999.250 -999.250
1396.434 1244.847 1095.866 1029.613 967.141 919.457 821.224 683.612 643.327 612.710 610.453 599.813 572.994 597.778 601.274 598.488 589.134 552.199 520.067 516.907 474.265 463.483 467.160 426.481 435.968 460.157 461.475 460.267 452.706 426.974 409.085 386.171 350.456 330.498 329.696 328.142 329.897 309.208 305.985 290.911 296.765 285.084 291.315 293.242 317.987 -999.250 -999.250 -999.250 -999.250 -999.250 -999.250 -999.250 -999.250 -999.250 -999.250 -999.250 -999.250 -999.250 -999.250 -999.250 -999.250 -999.250 -999.250 -999.250
1462.864 1191.266 1131.910 1045.897 981.591 910.216 861.707 763.352 682.552 651.625 625.346 627.797 628.059 639.767 665.626 702.629 618.057 581.898 540.513 515.728 492.452 457.325 452.902 434.341 434.759 420.764 444.644 425.240 427.657 437.451 413.270 386.793 378.086 365.841 365.218 371.314 366.028 366.925 349.852 354.892 358.217 347.951 347.365 344.694 346.613 -999.250 -999.250 -999.250 -999.250 -999.250 -999.250 -999.250 -999.250 -999.250 -999.250 -999.250 -999.250 -999.250 -999.250 -999.250 -999.250 -999.250 -999.250 -999.250
1418.658 1305.520 1216.021 1070.875 961.793 941.942 828.605 758.661 709.509 681.128 641.095 647.334 634.777 609.270 615.627 630.109 619.246 556.029 524.320 492.866 493.100 464.581 458.323 422.144 403.528 387.959 386.079 414.465 421.976 411.153 409.732 403.904 391.196 413.944 433.724 452.343 430.769 459.730 446.810 426.062 449.747 416.422 401.393 395.966 -999.250 -999.250 -999.250 -999.250 -999.250 -999.250 -999.250 -999.250 -999.250 -999.250 -999.250 -999.250 -999.250 -999.250 -999.250 -999.250 -999.250 -999.250 -999.250 -999.250
1421.348 1262.701 1153.039 1069.630 1009.669 901.107 816.629 799.557 726.805 691.044 666.911 649.554 622.145 601.385 605.558 583.666 568.927 537.849 521.520 510.144 490.386 469.633 436.426 421.255 383.337 373.504 379.049 405.101 382.050 407.037 395.485 444.152 432.166 451.917 462.891 479.582 474.472 483.761 470.318 487.187 491.806 485.003 467.683 449.670 -999.250 -999.250 -999.250 -999.250 -999.250 -999.250 -999.250 -999.250 -999.250 -999.250 -999.250 -999.250 -999.250 -999.250 -999.250 -999.250 -999.250 -999.250 -999.250 -999.250
1459.883 1193.482 1170.445 1043.659 952.006 898.731 856.863 764.200 740.221 678.052 631.831 642.183 614.756 583.397 570.807 548.348 546.335 526.714 525.596 492.482 465.959 457.531 419.158 373.842 374.664 356.265 347.132 353.497 364.921 376.780 418.761 428.170 457.160 476.314 502.638 508.277 528.559 533.994 534.968 554.313 561.738 517.224 507.409 -999.250 -999.250 -999.250 -999.250 -999.250 -999.250 -999.250 -999.250 -999.250 -999.250 -999.250 -999.250 -999.250 -999.250 -999.250 -999.250 -999.250 -999.250 -999.250 -999.250 -999.250
1337.948 1234.918 1098.556 1032.591 977.518 898.664 853.448 772.041 689.752 656.909 647.629 598.669 595.941 558.721 539.827 527.869 544.122 528.630 512.071 500.357 478.290 459.511 428.538 389.690 367.249 343.579 329.387 341.957 352.190 377.616 406.897 448.089 466.361 497.425 521.845 537.298 581.679 604.648 577.858 608.980 617.587 582.199 542.533 -999.250 -999.250 -999.250 -999.250 -999.250 -999.250 -999.250 -999.250 -999.250 -999.250 -999.250 -999.250 -999.250 -999.250 -999.250 -999.250 -999.250 -999.250 -999.250 -999.250 -999.250
1313.235 1164.449 1030.460 978.829 968.002 879.245 808.880 752.820 683.093 626.686 595.731 589.759 561.349 556.796 539.740 530.594 530.436 521.483 528.626 521.044 489.137 438.613 412.322 360.976 338.972 324.674 313.281 323.058 325.601 358.861 371.334 450.235 483.550 517.791 549.180 570.693 639.298 662.339 673.085 701.608 664.925 625.456 612.543 -999.250 -999.250 -999.250 -999.250 -999.250 -999.250 -999.250 -999.250 -999.250 -999.250 -999.250 -999.250 -999.250 -999.250 -999.250 -999.250 -999.250 -999.250 -999.250 -999.250 -999.250
1150.337 1075.647 981.397 943.242 899.852 854.625 720.885 666.197 611.825 594.668 578.236 565.764 541.790 527.890 522.996 506.984 515.688 520.034 537.703 552.954 503.076 452.860 401.123 341.021 324.433 293.248 267.582 278.842 302.430 335.968 364.981 421.561 478.256 536.690 566.497 616.450 695.576 769.269 823.566 815.996 767.843 689.724 -999.250 -999.250 -999.250 -999.250 -999.250 -999.250 -999.250 -999.250 -999.250 -999.250 -999.250 -999.250 -999.250 -999.250 -999.250 -999.250 -999.250 -999.250 -999.250 -999.250 -999.250 -999.250
1059.730 981.287 898.744 846.268 819.689 725.891 658.942 605.115 591.712 551.316 531.809 518.708 500.354 508.505 498.969 488.902 510.357 513.780 534.254 589.252 493.917 433.982 364.543 316.579 265.408 246.505 228.069 237.195 267.407 319.532 357.822 415.959 486.708 554.003 574.578 655.873 737.375 804.411 891.465 873.621 832.654 -999.250 -999.250 -999.250 -999.250 -999.250 -999.250 -999.250 -999.250 -999.250 -999.250 -999.250 -999.250 -999.250 -999.250 -999.250 -999.250 -999.250 -999.250 -999.250 -999.250 -999.250 -999.250 -999.250
939.205 841.232 787.084 755.817 688.622 640.752 556.003 535.551 543.379 529.079 508.518 503.616 489.900 488.290 480.478 459.499 465.886 483.511 490.360 490.091 439.796 367.340 316.748 281.376 249.486 208.384 192.993 208.658 241.001 287.443 343.955 423.665 492.811 548.788 633.207 728.265 813.925 875.529 931.696 932.021 901.668 -999.250 -999.250 -999.250 -999.250 -999.250 -999.250 -999.250 -999.250 -999.250 -999.250 -999.250 -999.250 -999.250 -999.250 -999.250 -999.250 -999.250 -999.250 -999.250 -999.250 -999.250 -999.250 -999.250
736.796 663.467 622.274 597.657 566.733 536.614 511.745 494.434 496.221 493.399 498.768 471.992 462.335 434.063 462.685 447.873 420.591 410.104 442.965 411.896 364.218 326.201 283.826 245.225 212.103 177.572 153.355 167.744 213.923 274.109 338.259 410.596 513.821 567.217 681.049 758.159 837.110 871.690 920.806 -999.250 -999.250 -999.250 -999.250 -999.250 -999.250 -999.250 -999.250 -999.250 -999.250 -999.250 -999.250 -999.250 -999.250 -999.250 -999.250 -999.250 -999.250 -999.250 -999.250 -999.250 -999.250 -999.250 -999.250 -999.250
549.550 498.436 487.856 485.537 484.349 476.590 465.602 471.382 461.181 474.039 463.775 454.987 435.223 424.443 413.295 375.456 374.434 360.673 362.514 343.984 306.376 276.680 268.296 222.732 183.242 164.108 149.201 143.678 211.395 277.765 349.977 436.292 507.882 584.433 708.440 834.124 848.705 894.682 -999.250 -999.250 -999.250 -999.250 -999.250 -999.250 -999.250 -999.250 -999.250 -999.250 -999.250 -999.250 -999.250 -999.250 -999.250 -999.250 -999.250 -999.250 -999.250 -999.250 -999.250 -999.250 -999.250 -999.250 -999.250 -999.250
463.637 346.420 366.506 393.374 418.430 437.915 440.228 436.867 425.559 427.410 428.220 421.905 406.744 381.850 354.399 355.520 343.963 319.687 312.856 288.286 259.259 243.851 222.521 211.385 184.743 166.663 165.173 184.478 224.793 321.450 388.644 465.398 539.313 609.948 734.112 800.708 880.145 -999.250 -999.250 -999.250 -999.250 -999.250 -999.250 -999.250 -999.250 -999.250 -999.250 -999.250 -999.250 -999.250 -999.250 -999.250 -999.250 -999.250 -999.250 -999.250 -999.250 -999.250 -999.250 -999.250 -999.250 -999.250 -999.250 -999.250
389.888 346.173 340.638 345.706 364.079 380.543 408.725 406.612 420.620 379.353 406.162 391.536 364.770 347.727 346.547 325.607 298.048 295.794 273.409 244.592 231.401 220.956 201.145 205.117 189.768 199.973 221.085 250.449 300.780 356.500 451.913 492.333 567.569 679.291 783.679 835.479 -999.250 -999.250 -999.250 -999.250 -999.250 -999.250 -999.250 -999.250 -999.250 -999.250 -999.250 -999.250 -999.250 -999.250 -999.250 -999.250 -999.250 -999.250 -999.250 -999.250 -999.250 -999.250 -999.250 -999.250 -999.250 -999.250 -999.250 -999.250
378.182 344.243 350.978 343.958 344.379 367.416 395.208 394.192 390.136 369.171 371.999 392.574 350.920 343.273 318.595 302.492 271.589 247.048 219.161 197.279 202.000 197.212 198.163 203.069 218.440 237.364 263.953 319.104 363.805 430.473 486.154 574.993 609.688 736.661 -999.250 -999.250 -999.250 -999.250 -999.250 -999.250 -999.250 -999.250 -999.250 -999.250 -999.250 -999.250 -999.250 -999.250 -999.250 -999.250 -999.250 -999.250 -999.250 -999.250 -999.250 -999.250 -999.250 -999.250 -999.250 -999.250 -999.250 -999.250 -999.250 -999.250
389.657 369.125 359.629 354.534 370.952 373.849 383.814 378.074 363.559 374.685 350.628 363.977 339.833 321.833 291.070 256.909 247.377 218.908 184.437 183.383 184.545 186.419 216.790 226.425 253.201 296.946 341.145 385.539 460.995 499.502 552.659 652.963 751.964 821.848 -999.250 -999.250 -999.250 -999.250 -999.250 -999.250 -999.250 -999.250 -999.250 -999.250 -999.250 -999.250 -999.250 -999.250 -999.250 -999.250 -999.250 -999.250 -999.250 -999.250 -999.250 -999.250 -999.250 -999.250 -999.250 -999.250 -999.250 -999.250 -999.250 -999.250
429.609 409.587 389.294 395.230 414.026 412.516 379.038 402.771 374.397 362.868 352.024 338.020 323.928 317.135 267.827 235.565 210.686 180.491 170.374 170.117 183.573 203.595 237.306 259.602 309.193 347.607 435.482 475.730 533.748 587.763 698.409 781.997 822.779 -999.250 -999.250 -999.250 -999.250 -999.250 -999.250 -999.250 -999.250 -999.250 -999.250 -999.250 -999.250 -999.250 -999.250 -999.250 -999.250 -999.250 -999.250 -999.250 -999.250 -999.250 -999.250 -999.250 -999.250 -999.250 -999.250 -999.250 -999.250 -999.250 -999.250 -999.250
440.108 452.450 442.007 428.866 430.561 436.656 420.551 407.802 386.890 372.295 350.015 346.743 317.411 280.078 242.171 196.232 182.935 152.701 151.944 147.362 152.570 217.035 256.103 314.508 360.505 431.140 504.892 559.592 641.645 751.703 777.394 844.256 882.267 -999.250 -999.250 -999.250 -999.250 -999.250 -999.250 -999.250 -999.250 -999.250 -999.250 -999.250 -999.250 -999.250 -999.250 -999.250 -999.250 -999.250 -999.250 -999.250 -999.250 -999.250 -999.250 -999.250 -999.250 -999.250 -999.250 -999.250 -999.250 -999.250 -999.250 -999.250
476.671 476.685 490.007 469.546 478.733 470.524 470.094 460.315 423.594 403.133 360.781 343.318 310.511 265.831 227.261 200.497 167.896 152.737 147.516 141.665 168.229 227.635 282.601 347.446 421.423 492.854 563.408 644.626 770.781 844.297 899.017 1003.331 967.944 -999.250 -999.250 -999.250 -999.250 -999.250 -999.250 -999.250 -999.250 -999.250 -999.250 -999.250 -999.250 -999.250 -999.250 -999.250 -999.250 -999.250 -999.250 -999.250 -999.250 -999.250 -999.250 -999.250 -999.250 -999.250 -999.250 -999.250 -999.250 -999.250 -999.250 -999.250
504.024 507.486 519.948 507.661 518.829 529.359 518.604 480.487 447.458 423.201 382.209 341.969 308.802 258.543 237.392 195.691 174.676 149.006 146.150 157.074 195.029 248.770 326.598 384.670 465.247 580.555 686.246 776.374 851.910 926.138 963.991 984.652 1050.628 -999.250 -999.250 -999.250 -999.250 -999.250 -999.250 -999.250 -999.250 -999.250 -999.250 -999.250 -999.250 -999.250 -999.250 -999.250 -999.250 -999.250 -999.250 -999.250 -999.250 -999.250 -999.250 -999.250 -999.250 -999.250 -999.250 -999.250 -999.250 -999.250 -999.250 -999.250
523.947 559.169 565.334 591.479 599.130 569.671 571.529 517.923 484.029 453.070 405.360 365.183 327.850 276.839 238.051 222.990 185.885 173.942 163.625 182.032 217.978 271.951 343.709 439.088 504.966 627.733 781.250 857.005 945.792 1018.666 1015.411 1028.507 1097.096 1147.578 -999.250 -999.250 -999.250 -999.250 -999.250 -999.250 -999.250 -999.250 -999.250 -999.250 -999.250 -999.250 -999.250 -999.250 -999.250 -999.250 -999.250 -999.250 -999.250 -999.250 -999.250 -999.250 -999.250 -999.250 -999.250 -999.250 -999.250 -999.250 -999.250 -999.250
585.019 601.342 609.823 656.414 709.649 701.419 663.450 571.310 521.087 485.720 442.978 380.051 329.904 284.085 236.854 216.286 214.624 186.710 170.816 199.952 251.756 293.793 350.693 465.979 541.240 654.218 798.762 891.221 996.748 1008.281 1055.617 1062.677 1146.755 1092.842 -999.250 -999.250 -999.250 -999.250 -999.250 -999.250 -999.250 -999.250 -999.250 -999.250 -999.250 -999.250 -999.250 -999.250 -999.250 -999.250 -999.250 -999.250 -999.250 -999.250 -999.250 -999.250 -999.250 -999.250 -999.250 -999.250 -999.250 -999.250 -999.250 -999.250
636.726 652.752 672.395 717.578 786.731 776.448 718.200 648.485 566.211 493.080 436.264 354.296 333.530 282.624 252.694 220.948 203.748 189.484 200.177 230.137 244.243 309.781 377.532 479.837 575.736 680.095 802.968 967.449 1041.261 1036.773 1109.520 1153.489 1248.098 -999.250 -999.250 -999.250 -999.250 -999.250 -999.250 -999.250 -999.250 -999.250 -999.250 -999.250 -999.250 -999.250 -999.250 -999.250 -999.250 -999.250 -999.250 -999.250 -999.250 -999.250 -999.250 -999.250 -999.250 -999.250 -999.250 -999.250 -999.250 -999.250 -999.250 -999.250
712.192 731.214 763.077 788.247 828.441 850.691 761.105 663.642 569.284 496.041 449.657 384.880 334.256 288.746 250.166 193.294 190.752 175.280 202.756 205.756 233.506 330.206 398.503 492.245 561.431 704.801 820.049 992.521 1054.382 1135.558 1190.708 1287.125 -999.250 -999.250 -999.250 -999.250 -999.250 -999.250 -999.250 -999.250 -999.250 -999.250 -999.250 -999.250 -999.250 -999.250 -999.250 -999.250 -999.250 -999.250 -999.250 -999.250 -999.250 -999.250 -999.250 -999.250 -999.250 -999.250 -999.250 -999.250 -999.250 -999.250 -999.250 -999.250
772.057 785.743 852.309 818.595 814.674 818.561 785.244 715.933 599.558 515.301 454.674 409.382 337.407 298.884 254.994 197.171 180.138 172.772 169.413 197.570 248.444 324.225 409.196 485.309 606.870 768.828 825.149 1001.732 1066.883 1232.761 1361.086 1415.109 -999.250 -999.250 -999.250 -999.250 -999.250 -999.250 -999.250 -999.250 -999.250 -999.250 -999.250 -999.250 -999.250 -999.250 -999.250 -999.250 -999.250 -999.250 -999.250 -999.250 -999.250 -999.250 -999.250 -999.250 -999.250 -999.250 -999.250 -999.250 -999.250 -999.250 -999.250 -999.250
814.240 865.789 882.645 878.269 835.626 823.648 788.550 699.372 639.996 543.398 468.516 399.528 338.467 298.683 247.878 200.364 164.638 152.224 159.345 188.807 229.588 284.830 372.223 497.633 607.332 759.500 887.348 986.754 1101.092 1310.781 1461.788 1514.413 -999.250 -999.250 -999.250 -999.250 -999.250 -999.250 -999.250 -999.250 -999.250 -999.250 -999.250 -999.250 -999.250 -999.250 -999.250 -999.250 -999.250 -999.250 -999.250 -999.250 -999.250 -999.250 -999.250 -999.250 -999.250 -999.250 -999.250 -999.250 -999.250 -999.250 -999.250 -999.250
858.830 871.967 868.946 840.704 843.589 842.367 782.888 748.716 623.430 566.638 457.094 417.503 339.517 280.013 229.158 190.136 157.010 137.533 142.467 168.963 212.482 258.772 357.727 481.915 619.050 762.549 961.098 1069.602 1216.682 1371.842 1530.704 1620.934 -999.250 -999.250 -999.250 -999.250 -999.250 -999.250 -999.250 -999.250 -999.250 -999.250 -999.250 -999.250 -999.250 -999.250 -999.250 -999.250 -999.250 -999.250 -999.250 -999.250 -999.250 -999.250 -999.250 -999.250 -999.250 -999.250 -999.250 -999.250 -999.250 -999.250 -999.250 -999.250
905.847 884.481 861.130 878.347 846.866 844.671 802.207 739.962 633.723 552.911 487.628 385.099 328.757 293.020 228.893 171.661 141.796 130.120 129.572 138.844 186.333 238.467 332.451 466.010 595.971 796.835 951.074 1104.499 1264.628 1481.608 1650.408 -999.250 -999.250 -999.250 -999.250 -999.250 -999.250 -999.250 -999.250 -999.250 -999.250 -999.250 -999.250 -999.250 -999.250 -999.250 -999.250 -999.250 -999.250 -999.250 -999.250 -999.250 -999.250 -999.250 -999.250 -999.250 -999.250 -999.250 -999.250 -999.250 -999.250 -999.250 -999.250 -999.250
