data/medianmodel_26-May-2020.asc
ncols	141
nrows	288
xllcorner	-120191.398
yllcorner	-301404.813
cellsize	2000.000
NODATA_value	-999.250
[rows 186 to 216 of 288, columns 0 to 68 of 141]
51.081 46.543 42.604 45.083 34.963 39.013 46.113 58.770 59.876 90.444 88.765 109.982 117.922 98.361 105.652 111.961 101.074 123.051 -999.250 -999.250 -999.250 -999.250 -999.250 24.395 24.334 25.281 25.419 20.532 19.430 12.591 13.851 21.005 20.503 25.192 26.334 24.135 22.114 19.884 18.277 18.939 18.032 15.673 13.883 12.440 11.020 10.129 11.307 11.645 15.465 13.357 12.459 10.770 10.966 9.218 6.825 7.208 3.153 6.257 5.206 4.032 4.294 4.105 1.906 2.481 0.187 0.000 0.503 0.776 2.220
-999.250 32.065 30.927 31.243 35.433 31.789 40.700 42.278 57.754 83.381 97.337 130.591 136.334 107.246 103.424 84.536 83.495 86.750 -999.250 -999.250 -999.250 -999.250 31.416 27.083 20.225 20.900 21.239 15.009 16.719 12.601 19.761 19.646 19.729 20.843 24.280 24.577 21.466 20.017 19.864 17.621 18.721 15.585 14.220 11.629 9.901 11.907 10.992 10.403 11.211 11.254 10.712 13.645 12.534 9.779 6.833 6.520 6.879 5.524 4.767 3.724 4.749 3.111 4.202 1.413 0.000 0.000 0.000 0.000 4.052
-999.250 35.105 31.569 27.453 28.428 26.889 34.189 39.809 53.269 76.332 81.754 103.145 122.639 125.179 94.607 87.534 69.107 78.544 -999.250 -999.250 -999.250 41.798 -999.250 24.221 19.122 14.302 13.588 16.953 9.242 9.941 13.816 13.457 16.790 17.774 21.878 23.069 20.060 22.565 17.687 15.686 15.124 14.418 13.605 10.253 11.660 9.057 10.276 9.048 12.628 9.657 9.200 11.114 11.579 9.681 7.180 8.093 6.483 7.465 5.923 4.492 3.815 4.624 2.508 0.335 0.000 0.000 0.000 2.983 3.543
-999.250 26.504 31.849 24.631 30.180 30.472 34.752 36.288 41.965 49.611 66.764 82.008 93.977 101.569 87.828 74.535 59.897 -999.250 -999.250 -999.250 -999.250 39.965 30.992 25.970 19.526 15.795 8.431 9.677 7.719 8.118 10.566 12.804 13.005 19.653 18.063 15.033 23.877 20.589 19.056 15.123 16.388 14.864 10.851 10.194 11.459 8.568 9.381 10.888 11.297 9.013 11.242 11.047 8.558 6.769 6.262 5.111 6.549 7.353 5.618 5.653 5.840 5.735 3.031 1.186 1.062 0.000 0.000 3.817 5.761
-999.250 36.792 38.557 32.770 32.180 32.049 29.613 34.148 33.520 37.738 47.010 60.313 67.925 62.544 61.355 59.209 61.711 -999.250 -999.250 -999.250 53.549 44.059 50.335 33.716 21.441 12.425 9.184 6.700 5.054 9.212 10.141 10.666 13.010 15.234 15.504 16.568 19.562 18.861 20.608 16.919 15.159 13.741 14.574 9.910 10.344 9.956 7.969 10.731 9.437 11.412 9.868 8.096 5.457 5.664 4.737 6.365 7.373 3.008 4.804 5.472 6.841 5.004 2.845 3.065 3.989 1.634 0.000 2.589 3.295
-999.250 -999.250 -999.250 34.176 -999.250 -999.250 29.870 34.084 29.658 -999.250 -999.250 -999.250 41.125 45.096 -999.250 -999.250 -999.250 -999.250 -999.250 -999.250 60.594 52.452 39.273 32.639 23.516 14.383 8.574 4.941 4.213 6.510 9.031 10.912 16.628 18.097 16.378 17.984 19.900 18.357 19.463 14.889 15.751 16.033 14.976 10.657 8.674 9.940 6.818 8.596 9.213 9.166 5.967 6.825 6.663 3.228 2.018 4.916 3.635 3.631 4.234 7.213 5.729 5.794 4.573 5.184 2.464 3.643 3.967 3.143 4.729
-999.250 -999.250 -999.250 -999.250 -999.250 -999.250 -999.250 -999.250 -999.250 -999.250 -999.250 -999.250 -999.250 25.611 28.608 31.910 -999.250 -999.250 -999.250 80.222 71.330 52.862 54.021 30.299 20.320 15.577 8.146 8.586 8.254 8.639 12.616 15.356 13.254 17.406 14.062 17.533 15.591 15.017 15.652 17.464 16.973 17.207 12.119 10.962 8.922 8.885 8.354 7.157 8.350 10.236 7.772 6.883 6.276 4.093 3.921 2.523 0.000 0.302 4.572 4.986 5.364 6.299 4.563 4.692 2.078 4.532 4.439 4.689 4.359
-999.250 -999.250 -999.250 -999.250 -999.250 -999.250 -999.250 -999.250 -999.250 -999.250 -999.250 34.693 32.064 22.635 24.007 33.720 -999.250 -999.250 77.085 97.143 84.921 57.592 49.437 28.279 21.960 15.599 12.019 9.107 7.580 11.616 12.505 12.609 15.108 15.219 14.417 14.410 15.299 17.551 14.388 15.140 14.306 14.980 14.055 12.919 7.348 6.696 6.862 8.284 8.177 7.674 6.511 7.991 8.393 5.253 2.355 0.000 0.000 0.000 2.905 3.638 7.192 7.186 5.781 2.004 2.523 2.693 3.331 4.489 3.727
-999.250 -999.250 -999.250 -999.250 -999.250 -999.250 -999.250 -999.250 -999.250 -999.250 -999.250 29.704 33.283 26.776 34.419 40.900 57.566 68.501 79.019 89.501 83.214 69.868 43.689 29.627 17.137 12.967 14.004 12.546 14.497 13.914 16.084 16.253 13.478 18.555 14.689 13.165 15.913 10.762 14.282 14.979 14.289 15.621 13.841 12.226 10.451 6.591 6.818 7.546 7.048 8.122 7.391 7.282 8.866 5.938 2.836 2.328 0.000 0.000 0.659 5.137 5.043 5.863 6.413 3.447 2.478 3.427 3.062 5.651 5.397
-999.250 -999.250 -999.250 -999.250 -999.250 -999.250 -999.250 -999.250 -999.250 -999.250 -999.250 -999.250 27.029 31.292 32.002 53.171 73.323 71.526 74.639 79.356 67.637 53.486 37.747 20.077 13.138 10.300 10.210 11.658 13.164 11.820 16.859 14.651 13.668 14.664 13.721 14.440 12.364 11.584 11.363 12.004 11.686 12.526 14.710 12.872 10.377 8.485 6.816 7.488 8.377 6.767 7.400 9.299 7.942 7.307 2.925 2.248 0.920 0.000 2.496 3.638 4.466 6.087 3.775 5.698 2.511 4.774 3.897 6.099 5.529
-999.250 -999.250 -999.250 -999.250 -999.250 -999.250 -999.250 -999.250 -999.250 -999.250 -999.250 -999.250 -999.250 29.834 28.868 49.512 46.730 54.921 55.801 59.566 53.579 43.725 39.062 22.931 16.160 12.828 11.844 9.160 12.921 13.609 21.955 14.186 16.121 14.464 11.152 12.518 14.947 11.025 10.193 13.653 10.644 13.431 14.815 11.110 7.854 10.470 8.290 4.566 7.101 7.812 7.204 8.439 6.075 5.260 5.056 4.069 3.021 1.288 3.733 4.800 5.366 5.867 4.126 2.165 2.895 3.580 4.720 3.808 4.898
-999.250 -999.250 -999.250 -999.250 -999.250 -999.250 -999.250 -999.250 -999.250 -999.250 -999.250 -999.250 -999.250 25.788 31.195 41.386 33.794 33.200 42.724 39.847 33.865 35.417 28.809 27.042 17.327 17.518 13.637 10.631 11.327 13.739 18.417 17.884 19.594 16.548 14.514 14.370 13.593 11.743 11.763 10.326 12.235 12.409 14.222 12.002 9.686 9.538 9.376 8.315 5.308 6.264 8.115 7.321 5.384 7.575 7.132 4.917 5.374 4.955 3.582 7.067 7.464 7.022 6.692 4.317 2.032 4.268 4.852 5.316 5.764
-999.250 -999.250 -999.250 -999.250 -999.250 -999.250 -999.250 -999.250 -999.250 -999.250 -999.250 -999.250 -999.250 21.651 26.335 24.927 26.002 27.125 29.279 33.885 26.289 21.246 30.188 23.366 23.676 14.806 15.801 13.017 13.774 14.539 20.019 15.529 17.490 16.472 16.285 17.150 14.611 14.427 12.538 12.501 12.017 12.152 10.326 12.404 12.359 10.418 8.428 7.434 7.825 6.790 8.502 8.433 9.979 11.965 8.064 6.553 4.790 3.943 5.184 6.703 8.229 6.748 6.182 5.327 2.580 4.256 3.609 4.520 5.069
-999.250 -999.250 -999.250 -999.250 -999.250 -999.250 -999.250 -999.250 -999.250 -999.250 -999.250 -999.250 -999.250 -999.250 27.852 30.676 21.134 24.209 23.140 18.844 16.002 17.812 29.395 25.061 23.439 17.597 15.786 16.909 19.893 17.376 16.194 16.574 16.676 15.876 18.956 18.718 20.554 18.079 15.302 13.337 12.287 12.382 11.943 10.336 15.284 11.719 10.174 9.888 7.966 6.888 7.132 8.440 10.811 9.377 9.815 7.230 7.393 6.101 6.725 6.373 6.810 6.163 5.103 6.760 5.421 4.649 4.112 4.485 5.751
-999.250 -999.250 -999.250 -999.250 -999.250 -999.250 -999.250 -999.250 -999.250 -999.250 -999.250 -999.250 -999.250 -999.250 30.876 27.447 18.685 18.507 14.943 14.783 15.432 17.207 21.518 18.584 18.885 19.539 13.617 19.324 22.584 15.660 17.002 14.360 15.079 16.406 13.220 15.846 20.694 21.769 15.816 16.713 15.226 14.661 14.895 13.080 10.922 14.065 10.711 11.135 8.669 8.342 9.692 7.468 10.100 11.350 7.937 6.949 8.279 6.077 6.334 7.100 6.077 5.110 3.244 4.359 4.395 3.284 4.573 6.717 6.594
-999.250 -999.250 -999.250 -999.250 -999.250 -999.250 -999.250 -999.250 -999.250 -999.250 -999.250 -999.250 -999.250 -999.250 25.269 25.579 26.733 23.192 17.559 15.719 18.853 19.253 19.282 17.109 19.772 16.816 14.369 16.593 19.000 16.426 14.697 13.713 16.464 16.027 16.095 15.326 15.840 15.710 21.616 16.644 14.204 12.684 13.264 15.791 15.342 14.230 11.320 9.267 12.861 11.265 11.139 9.749 10.201 7.523 9.311 5.984 7.323 7.105 6.816 5.797 6.812 4.886 4.864 6.100 5.762 5.167 3.244 4.693 5.325
-999.250 -999.250 -999.250 -999.250 -999.250 -999.250 -999.250 -999.250 -999.250 -999.250 -999.250 -999.250 -999.250 -999.250 27.530 32.655 34.259 19.284 22.587 21.329 22.275 21.272 22.633 20.758 16.259 -999.250 15.515 16.987 12.628 15.430 10.361 12.191 16.139 13.620 14.380 13.209 18.544 15.284 18.025 15.101 13.404 12.763 10.557 12.292 14.180 13.005 11.578 9.531 12.199 11.475 9.630 10.719 9.958 7.197 10.336 8.176 10.150 9.174 10.662 6.493 6.237 4.725 4.740 7.512 6.458 5.958 4.043 4.726 5.996
-999.250 -999.250 -999.250 -999.250 -999.250 -999.250 -999.250 -999.250 -999.250 -999.250 -999.250 -999.250 -999.250 -999.250 24.573 31.052 30.854 27.317 18.528 22.633 24.185 18.940 22.431 -999.250 -999.250 -999.250 12.503 9.496 14.183 15.584 14.133 14.596 15.745 11.313 14.527 15.244 15.634 14.577 12.952 14.237 10.481 9.735 12.492 12.667 16.386 11.443 13.969 14.467 10.568 12.888 9.980 9.986 10.863 10.048 8.157 9.650 9.932 11.927 10.159 6.368 5.774 3.917 5.720 6.427 6.244 6.465 6.200 6.553 7.359
-999.250 -999.250 -999.250 -999.250 -999.250 -999.250 -999.250 -999.250 -999.250 -999.250 -999.250 -999.250 -999.250 18.466 25.237 26.273 26.197 20.502 20.968 20.829 11.056 15.255 -999.250 -999.250 -999.250 -999.250 -999.250 11.887 12.221 12.734 13.661 13.364 14.648 13.937 13.356 13.318 16.410 14.993 14.081 11.994 8.361 9.749 10.671 10.743 12.039 11.236 10.827 12.642 8.547 8.826 8.674 9.394 9.095 10.483 9.808 10.107 9.229 10.073 9.202 9.796 8.885 6.364 7.185 4.797 6.492 6.069 5.146 5.807 7.219
-999.250 -999.250 -999.250 -999.250 -999.250 -999.250 -999.250 -999.250 -999.250 -999.250 -999.250 -999.250 -999.250 20.644 24.240 25.169 19.995 16.727 19.378 14.526 -999.250 -999.250 -999.250 -999.250 -999.250 -999.250 -999.250 -999.250 14.606 13.071 14.360 13.913 15.949 13.274 16.282 14.293 10.793 15.046 14.701 10.289 13.293 10.153 11.367 9.846 10.767 10.837 9.931 7.683 9.008 8.624 6.452 7.742 6.663 7.857 8.743 9.142 9.362 9.251 10.581 8.411 7.406 6.453 6.228 6.991 7.962 9.649 7.097 8.459 6.660
-999.250 -999.250 -999.250 -999.250 -999.250 -999.250 -999.250 -999.250 -999.250 -999.250 -999.250 -999.250 25.953 26.501 -999.250 -999.250 -999.250 -999.250 -999.250 -999.250 -999.250 -999.250 -999.250 -999.250 -999.250 -999.250 -999.250 -999.250 -999.250 14.468 14.883 14.512 14.568 11.475 12.525 14.006 13.014 13.390 12.075 9.709 11.953 11.135 11.429 11.227 9.951 9.011 10.690 7.751 8.620 7.506 8.104 6.476 8.043 7.171 7.376 11.152 9.825 10.729 7.496 8.679 7.449 7.208 6.294 7.388 6.345 7.698 7.822 5.638 6.364
-999.250 -999.250 -999.250 -999.250 -999.250 -999.250 -999.250 -999.250 -999.250 -999.250 -999.250 -999.250 -999.250 -999.250 -999.250 -999.250 -999.250 -999.250 -999.250 -999.250 -999.250 -999.250 -999.250 -999.250 -999.250 -999.250 -999.250 -999.250 -999.250 -999.250 13.450 12.729 13.049 13.621 14.565 12.379 12.998 12.512 12.858 11.295 12.710 11.709 13.564 10.773 8.971 11.884 8.259 8.493 6.833 7.766 6.371 6.499 6.737 9.473 9.082 8.939 7.949 8.607 7.434 6.231 7.322 6.862 8.469 6.701 7.761 7.909 8.374 5.729 2.860
-999.250 -999.250 -999.250 -999.250 -999.250 -999.250 -999.250 -999.250 -999.250 -999.250 -999.250 -999.250 -999.250 -999.250 -999.250 -999.250 -999.250 -999.250 -999.250 -999.250 -999.250 -999.250 -999.250 -999.250 -999.250 -999.250 -999.250 -999.250 -999.250 -999.250 12.009 13.216 15.549 18.027 15.111 12.856 12.802 13.698 11.075 11.089 10.449 13.990 11.686 10.905 8.897 9.327 7.884 6.935 5.800 6.807 9.139 6.284 7.278 8.818 8.374 8.268 7.841 7.283 7.218 6.670 10.236 6.037 4.714 5.399 7.187 8.829 8.211 6.789 3.184
-999.250 -999.250 -999.250 -999.250 -999.250 -999.250 -999.250 -999.250 -999.250 -999.250 -999.250 -999.250 -999.250 -999.250 -999.250 -999.250 -999.250 -999.250 -999.250 -999.250 -999.250 -999.250 -999.250 -999.250 -999.250 -999.250 -999.250 -999.250 -999.250 -999.250 9.876 11.407 11.229 14.539 12.802 14.452 13.305 13.672 15.190 12.333 12.843 14.632 13.794 12.838 10.703 12.079 7.715 7.000 6.133 5.707 7.924 8.774 8.899 9.534 7.220 5.895 7.599 8.721 9.835 9.445 10.244 8.062 7.992 7.995 8.325 8.880 9.082 6.753 6.936
-999.250 -999.250 -999.250 -999.250 -999.250 -999.250 -999.250 -999.250 -999.250 -999.250 -999.250 -999.250 -999.250 -999.250 -999.250 -999.250 -999.250 -999.250 -999.250 -999.250 -999.250 -999.250 -999.250 -999.250 -999.250 -999.250 -999.250 -999.250 -999.250 -999.250 -999.250 12.807 14.432 10.865 12.741 13.136 9.758 13.459 12.856 10.232 12.814 14.698 17.154 12.145 11.579 12.494 8.086 6.681 7.994 7.862 9.365 6.250 7.951 6.390 7.802 6.721 8.737 8.379 9.021 7.525 9.280 8.163 7.924 8.449 9.365 11.291 9.629 7.603 7.689
-999.250 -999.250 -999.250 -999.250 -999.250 -999.250 -999.250 -999.250 -999.250 -999.250 -999.250 -999.250 -999.250 -999.250 -999.250 -999.250 -999.250 -999.250 -999.250 -999.250 -999.250 -999.250 -999.250 -999.250 -999.250 -999.250 -999.250 -999.250 -999.250 -999.250 -999.250 15.404 14.148 10.052 12.722 9.572 9.422 9.865 10.733 11.175 10.899 10.466 13.118 13.159 11.794 9.003 8.532 6.062 7.686 10.491 8.530 6.017 8.025 7.064 7.391 5.812 7.775 6.323 9.185 8.472 6.403 9.571 9.505 9.428 12.096 19.436 13.095 12.532 9.525
-999.250 -999.250 -999.250 -999.250 -999.250 -999.250 -999.250 -999.250 -999.250 -999.250 -999.250 -999.250 -999.250 -999.250 -999.250 -999.250 -999.250 -999.250 -999.250 -999.250 -999.250 -999.250 -999.250 -999.250 -999.250 -999.250 -999.250 -999.250 -999.250 -999.250 -999.250 14.879 13.665 10.686 12.622 10.766 10.080 9.676 9.701 10.213 11.840 9.664 8.083 8.480 8.578 7.883 9.197 7.010 11.103 9.523 9.199 9.428 8.289 6.604 5.914 6.134 5.870 8.710 6.677 6.667 7.371 6.668 8.260 9.382 8.662 14.386 10.626 10.561 7.273
-999.250 -999.250 -999.250 -999.250 -999.250 -999.250 -999.250 -999.250 -999.250 -999.250 -999.250 -999.250 -999.250 -999.250 -999.250 -999.250 -999.250 -999.250 -999.250 -999.250 -999.250 -999.250 -999.250 -999.250 -999.250 -999.250 -999.250 -999.250 -999.250 -999.250 -999.250 14.365 11.336 10.673 8.751 10.223 9.115 10.107 9.190 8.425 11.184 9.325 9.288 6.623 6.737 6.485 7.134 5.762 9.571 7.434 8.388 7.881 7.391 8.012 6.219 6.181 6.764 6.523 5.051 7.922 5.648 6.350 6.292 8.568 12.393 8.414 9.118 7.309 4.072
-999.250 -999.250 -999.250 -999.250 -999.250 -999.250 -999.250 -999.250 -999.250 -999.250 -999.250 -999.250 -999.250 -999.250 -999.250 -999.250 -999.250 -999.250 -999.250 -999.250 -999.250 -999.250 -999.250 -999.250 -999.250 -999.250 -999.250 -999.250 -999.250 -999.250 -999.250 8.569 11.245 9.087 9.375 9.599 9.687 7.169 9.324 8.907 8.283 8.354 11.779 7.955 6.858 8.875 8.355 9.559 8.002 8.062 7.599 8.269 9.519 8.094 8.134 7.902 6.956 5.685 4.744 6.681 4.849 7.252 6.364 4.947 7.002 4.272 4.368 5.193 2.201
-999.250 -999.250 -999.250 -999.250 -999.250 -999.250 -999.250 -999.250 -999.250 -999.250 -999.250 -999.250 -999.250 -999.250 -999.250 -999.250 -999.250 -999.250 -999.250 -999.250 -999.250 -999.250 -999.250 -999.250 -999.250 -999.250 -999.250 -999.250 -999.250 -999.250 -999.250 11.285 11.602 9.254 12.360 10.352 9.469 8.538 10.780 10.569 8.954 8.005 6.668 12.409 10.244 8.580 7.917 10.229 7.659 9.280 6.594 9.166 6.596 6.993 6.354 7.086 5.331 3.827 4.192 4.541 4.518 4.059 2.069 2.931 2.176 1.944 0.326 2.642 1.431
-999.250 -999.250 -999.250 -999.250 -999.250 -999.250 -999.250 -999.250 -999.250 -999.250 -999.250 -999.250 -999.250 -999.250 -999.250 -999.250 -999.250 -999.250 -999.250 -999.250 -999.250 -999.250 -999.250 -999.250 -999.250 -999.250 -999.250 -999.250 -999.250 -999.250 -999.250 13.223 9.922 8.770 7.182 9.071 10.352 10.848 11.447 9.971 5.936 7.501 8.053 9.164 7.109 8.589 10.142 7.111 6.379 6.716 5.860 7.249 8.732 5.156 6.999 7.638 4.905 4.724 5.827 2.845 1.747 2.294 1.928 0.984 0.000 0.000 0.000 0.230 0.342
