data/medianmodel_18-Feb-2021.asc
ncols	141
nrows	288
xllcorner	-120191.398
yllcorner	-301404.813
cellsize	2000.000
NODATA_value	-999.250
[rows 116 to 144 of 288, columns 0 to 64 of 141]
-999.250 -999.250 -999.250 -999.250 -999.250 -999.250 -999.250 -999.250 -999.250 -999.250 -999.250 -999.250 -999.250 -999.250 -999.250 -999.250 -999.250 -999.250 -999.250 -999.250 -999.250 -999.250 -999.250 -999.250 -999.250 -999.250 -999.250 282.670 301.449 312.930 322.205 348.277 369.988 410.101 426.965 427.868 451.531 450.748 481.258 473.607 471.520 460.881 443.510 448.789 446.697 466.804 508.489 602.119 666.598 684.553 693.510 760.443 987.324 1134.463 1493.140 1852.529 2027.045 2206.847 2024.809 1727.206 1086.945 729.306 628.010 558.250 469.653
-999.250 -999.250 -999.250 -999.250 -999.250 -999.250 -999.250 -999.250 -999.250 -999.250 -999.250 -999.250 -999.250 -999.250 -999.250 -999.250 -999.250 -999.250 -999.250 -999.250 -999.250 -999.250 -999.250 -999.250 -999.250 -999.250 -999.250 284.728 286.216 294.102 307.506 326.952 351.960 373.634 399.003 400.892 427.654 428.009 455.311 453.664 452.786 445.379 442.900 449.037 464.337 499.891 558.168 640.541 695.321 870.854 722.198 820.185 1009.731 1218.554 1602.145 1963.793 2236.527 2486.611 2078.668 1771.052 1152.184 846.077 665.656 532.467 428.724
-999.250 -999.250 -999.250 -999.250 -999.250 -999.250 -999.250 -999.250 -999.250 -999.250 -999.250 -999.250 -999.250 -999.250 -999.250 -999.250 -999.250 -999.250 -999.250 -999.250 -999.250 -999.250 -999.250 -999.250 -999.250 -999.250 265.122 271.143 278.768 282.675 298.263 315.335 337.007 351.898 364.972 367.087 382.377 396.184 404.132 412.974 432.698 418.334 445.768 445.294 468.916 520.062 554.510 628.126 693.061 725.077 721.294 804.047 1004.721 1183.309 1670.664 1902.304 1982.775 2006.245 1844.314 1230.134 996.944 695.292 565.253 499.463 401.005
-999.250 -999.250 -999.250 -999.250 -999.250 -999.250 -999.250 -999.250 -999.250 -999.250 -999.250 -999.250 -999.250 -999.250 -999.250 -999.250 -999.250 -999.250 -999.250 -999.250 -999.250 -999.250 -999.250 -999.250 -999.250 -999.250 274.904 268.699 280.336 281.840 292.222 297.960 326.679 333.233 327.537 346.811 354.506 372.977 386.768 366.350 391.892 407.478 443.270 461.054 495.565 516.987 548.510 564.196 620.529 668.319 707.663 719.558 851.899 997.184 1233.776 1588.136 1484.941 1276.424 1169.198 885.129 714.584 607.656 518.289 446.438 360.869
-999.250 -999.250 -999.250 -999.250 -999.250 -999.250 -999.250 -999.250 -999.250 -999.250 -999.250 -999.250 -999.250 -999.250 -999.250 -999.250 -999.250 -999.250 -999.250 -999.250 -999.250 -999.250 -999.250 -999.250 -999.250 -999.250 274.899 269.247 270.243 268.529 275.925 293.123 303.648 313.977 318.074 316.173 321.925 342.849 328.313 337.531 356.292 380.713 408.383 436.045 466.950 500.872 513.174 551.410 570.003 624.815 700.243 682.699 768.892 772.899 943.781 1030.622 946.622 775.627 650.693 546.915 488.439 462.637 426.307 397.934 337.396
-999.250 -999.250 -999.250 -999.250 -999.250 -999.250 -999.250 -999.250 -999.250 -999.250 -999.250 -999.250 -999.250 -999.250 -999.250 -999.250 -999.250 -999.250 -999.250 -999.250 -999.250 -999.250 -999.250 -999.250 -999.250 270.115 265.345 265.266 266.498 268.209 266.528 288.985 297.744 301.510 304.626 308.619 298.995 313.343 307.587 316.464 336.628 367.824 385.747 433.543 433.446 458.472 485.407 504.140 533.760 569.868 606.530 630.842 662.499 655.266 715.088 742.841 670.512 475.475 117.302 235.277 291.256 317.336 312.911 304.961 288.290
-999.250 -999.250 -999.250 -999.250 -999.250 -999.250 -999.250 -999.250 -999.250 -999.250 -999.250 -999.250 -999.250 -999.250 -999.250 -999.250 -999.250 -999.250 -999.250 -999.250 -999.250 -999.250 -999.250 -999.250 -999.250 263.759 250.371 254.973 256.501 256.275 254.810 270.828 283.355 287.754 288.442 277.465 288.270 283.180 290.504 305.031 320.109 339.456 359.731 392.300 408.570 437.895 434.301 448.542 476.779 499.660 489.358 511.286 535.130 532.749 528.997 498.458 411.498 257.736 103.482 109.026 176.729 206.889 231.806 239.450 246.843
-999.250 -999.250 -999.250 -999.250 -999.250 -999.250 -999.250 -999.250 -999.250 -999.250 -999.250 -999.250 -999.250 -999.250 -999.250 -999.250 -999.250 -999.250 -999.250 -999.250 -999.250 -999.250 -999.250 -999.250 -999.250 252.941 268.198 257.019 240.863 242.426 253.719 253.185 260.265 262.867 272.128 275.498 267.274 268.736 260.391 274.285 305.469 312.341 351.137 368.071 407.863 410.695 421.352 434.069 434.007 440.162 422.678 443.762 413.978 395.472 368.276 321.052 262.767 159.346 85.846 75.469 124.372 168.698 194.237 215.297 220.336
-999.250 -999.250 -999.250 -999.250 -999.250 -999.250 -999.250 -999.250 -999.250 -999.250 -999.250 -999.250 -999.250 -999.250 -999.250 -999.250 -999.250 -999.250 -999.250 -999.250 -999.250 -999.250 -999.250 -999.250 269.198 251.592 238.554 249.497 222.092 228.775 246.068 231.009 250.514 247.466 256.188 249.519 259.508 257.678 260.428 280.945 294.385 303.555 311.568 360.581 377.112 399.911 414.011 422.887 425.113 421.901 391.194 345.704 305.794 283.712 218.943 186.839 146.724 92.912 58.561 72.719 116.457 152.096 186.839 198.604 203.612
-999.250 -999.250 -999.250 -999.250 -999.250 -999.250 -999.250 -999.250 -999.250 -999.250 -999.250 -999.250 -999.250 -999.250 -999.250 -999.250 -999.250 -999.250 -999.250 -999.250 -999.250 -999.250 -999.250 -999.250 273.710 260.759 248.622 251.167 227.286 225.481 215.421 226.964 233.841 230.335 240.309 261.687 242.625 261.150 249.936 271.953 289.010 302.797 311.573 335.281 380.014 405.082 417.041 458.774 422.369 400.673 343.734 300.996 246.621 191.127 125.718 115.219 82.248 72.201 65.354 102.244 127.920 167.107 202.967 204.482 213.753
-999.250 -999.250 -999.250 -999.250 -999.250 -999.250 -999.250 -999.250 -999.250 -999.250 -999.250 -999.250 -999.250 -999.250 -999.250 -999.250 -999.250 -999.250 -999.250 -999.250 -999.250 -999.250 -999.250 280.398 265.535 271.556 247.526 242.567 229.242 218.361 214.273 221.870 207.410 233.631 235.469 243.750 254.984 232.086 252.994 253.691 275.921 293.136 313.236 348.906 378.063 429.811 433.678 454.700 449.732 398.574 344.047 283.408 208.282 152.658 108.550 69.618 61.314 73.457 91.861 120.245 155.930 189.302 225.856 232.326 222.202
-999.250 -999.250 -999.250 -999.250 -999.250 -999.250 -999.250 -999.250 -999.250 -999.250 -999.250 -999.250 -999.250 -999.250 -999.250 -999.250 -999.250 -999.250 -999.250 -999.250 -999.250 -999.250 -999.250 264.015 272.169 250.897 258.623 255.084 226.364 223.537 210.400 202.779 215.667 219.293 222.806 218.135 231.719 246.996 240.947 247.745 283.432 291.320 331.089 362.277 385.618 418.084 447.266 469.271 472.599 421.530 344.982 274.081 200.237 150.339 108.810 76.474 73.678 91.036 107.770 147.879 189.843 233.844 268.871 268.871 243.486
-999.250 -999.250 -999.250 -999.250 -999.250 -999.250 -999.250 -999.250 -999.250 -999.250 -999.250 -999.250 -999.250 -999.250 -999.250 -999.250 -999.250 -999.250 -999.250 -999.250 -999.250 -999.250 -999.250 273.549 261.049 261.109 252.833 242.084 241.901 218.990 234.595 226.372 202.230 224.700 220.632 215.681 226.595 252.317 252.251 257.501 275.079 285.394 306.429 350.179 393.803 410.507 457.746 489.384 515.386 442.000 355.167 276.024 198.226 162.289 129.111 119.336 113.577 125.606 140.684 173.987 212.820 269.752 322.426 293.206 269.749
-999.250 -999.250 -999.250 -999.250 -999.250 -999.250 -999.250 -999.250 -999.250 -999.250 -999.250 -999.250 -999.250 -999.250 -999.250 -999.250 -999.250 -999.250 -999.250 -999.250 -999.250 -999.250 260.998 262.902 267.291 268.538 265.459 251.949 234.223 224.719 225.338 221.317 211.812 218.537 229.154 219.057 236.433 243.330 240.437 257.562 263.909 277.775 306.180 329.440 375.271 401.442 434.567 474.130 467.008 423.514 335.858 285.668 219.426 183.565 158.213 133.435 132.507 138.888 168.857 183.947 217.353 271.986 290.741 291.567 257.292
-999.250 -999.250 -999.250 -999.250 -999.250 -999.250 -999.250 -999.250 -999.250 -999.250 -999.250 -999.250 -999.250 -999.250 -999.250 -999.250 -999.250 -999.250 -999.250 -999.250 -999.250 -999.250 262.205 267.945 270.416 266.948 257.472 247.867 235.485 229.813 227.812 225.914 218.032 221.019 211.643 214.164 220.362 225.096 228.315 245.463 271.886 279.092 299.308 318.864 349.790 402.042 417.157 442.113 420.310 383.201 333.431 283.201 232.260 193.467 182.360 168.250 161.623 168.633 180.583 201.665 227.998 249.368 263.049 273.929 267.610
-999.250 -999.250 -999.250 -999.250 -999.250 -999.250 -999.250 -999.250 -999.250 -999.250 -999.250 -999.250 -999.250 -999.250 -999.250 -999.250 -999.250 -999.250 -999.250 -999.250 -999.250 257.771 256.950 273.949 283.058 283.026 265.540 249.846 248.704 246.794 237.892 225.985 209.700 207.546 209.709 214.083 211.706 225.692 239.153 255.059 259.056 271.713 295.815 310.409 340.866 373.291 400.108 374.475 379.560 350.118 312.093 282.441 255.722 211.070 189.679 187.780 177.533 178.662 186.361 199.886 216.455 244.459 243.204 254.896 259.923
-999.250 -999.250 -999.250 -999.250 -999.250 -999.250 -999.250 -999.250 -999.250 -999.250 -999.250 -999.250 -999.250 -999.250 -999.250 -999.250 -999.250 -999.250 -999.250 -999.250 -999.250 242.219 249.271 266.566 278.826 282.001 267.919 259.100 252.526 239.159 234.071 222.291 209.976 199.825 194.104 202.863 209.906 224.133 232.279 246.837 270.938 258.913 283.931 307.411 337.982 366.610 379.785 380.923 351.976 331.643 309.353 283.544 249.074 231.124 201.390 199.884 192.593 195.834 201.027 207.308 234.189 231.755 232.261 234.168 233.730
-999.250 -999.250 -999.250 -999.250 -999.250 -999.250 -999.250 -999.250 -999.250 -999.250 -999.250 -999.250 -999.250 -999.250 -999.250 -999.250 -999.250 -999.250 -999.250 -999.250 -999.250 228.720 245.383 249.616 259.455 266.667 254.214 239.614 230.456 233.254 218.681 209.988 198.429 188.380 188.188 195.757 207.350 207.360 222.910 244.887 254.863 267.613 284.063 295.073 302.232 330.441 347.107 357.400 349.527 338.031 304.563 280.845 255.799 233.337 231.438 216.926 211.651 217.250 206.410 221.820 219.622 221.579 226.907 222.597 219.897
-999.250 -999.250 -999.250 -999.250 -999.250 -999.250 -999.250 -999.250 -999.250 -999.250 -999.250 -999.250 -999.250 -999.250 -999.250 -999.250 -999.250 -999.250 -999.250 -999.250 225.339 210.866 221.748 224.615 237.498 253.915 252.690 250.932 233.423 229.837 217.510 204.977 195.815 186.320 187.343 187.755 198.245 205.280 218.800 237.552 247.743 251.474 282.048 289.845 299.945 325.829 312.244 317.571 329.584 309.553 299.254 285.577 263.852 259.989 232.359 230.236 229.383 211.404 232.937 226.063 229.202 221.110 206.843 217.768 208.863
-999.250 -999.250 -999.250 -999.250 -999.250 -999.250 -999.250 -999.250 -999.250 -999.250 -999.250 -999.250 -999.250 -999.250 -999.250 -999.250 -999.250 -999.250 -999.250 -999.250 210.414 206.978 210.996 229.187 226.842 243.146 252.045 241.049 234.863 228.931 216.701 204.249 190.322 185.000 179.723 188.224 195.921 199.635 209.863 225.135 237.280 245.417 268.129 275.956 296.143 305.095 301.765 322.100 320.891 304.401 301.970 290.804 287.225 260.639 251.955 246.389 243.496 246.792 241.854 238.100 226.826 215.400 206.135 216.186 210.868
-999.250 -999.250 -999.250 -999.250 -999.250 -999.250 -999.250 -999.250 -999.250 -999.250 -999.250 -999.250 -999.250 -999.250 -999.250 -999.250 -999.250 -999.250 -999.250 -999.250 202.458 211.423 209.903 211.691 226.313 224.986 239.626 241.384 240.315 236.546 236.572 207.313 189.495 185.408 186.225 186.026 186.851 189.695 199.111 213.445 221.031 233.486 248.456 271.645 285.570 291.827 307.687 316.448 315.965 307.245 305.895 298.376 288.654 271.717 261.408 260.345 254.100 255.777 229.951 248.720 226.963 210.512 201.275 202.048 204.171
-999.250 -999.250 -999.250 -999.250 -999.250 -999.250 -999.250 -999.250 -999.250 -999.250 -999.250 -999.250 -999.250 -999.250 -999.250 -999.250 -999.250 -999.250 -999.250 -999.250 203.740 205.725 210.970 212.133 217.733 219.544 220.516 226.225 228.746 234.044 238.050 211.353 195.851 187.969 187.131 189.822 191.801 191.498 188.413 197.008 213.423 213.833 226.979 262.130 281.993 293.571 301.312 315.051 313.076 307.767 312.173 300.413 285.119 281.525 270.763 253.340 262.356 243.094 230.837 240.746 226.183 197.386 194.717 182.230 196.779
-999.250 -999.250 -999.250 -999.250 -999.250 -999.250 -999.250 -999.250 -999.250 -999.250 -999.250 -999.250 -999.250 -999.250 -999.250 -999.250 -999.250 -999.250 -999.250 205.320 206.359 211.543 217.743 215.088 206.036 216.921 219.517 220.804 218.230 218.566 218.484 211.683 203.171 192.210 194.784 188.927 188.003 184.611 185.224 194.126 199.948 210.150 217.026 247.646 263.271 282.115 290.171 319.045 306.471 307.578 302.482 302.363 289.695 280.124 274.924 261.051 235.602 227.444 227.285 216.643 206.332 187.845 182.848 182.021 185.991
-999.250 -999.250 -999.250 -999.250 -999.250 -999.250 -999.250 -999.250 -999.250 -999.250 -999.250 -999.250 -999.250 -999.250 -999.250 -999.250 -999.250 -999.250 -999.250 214.071 202.276 209.967 208.023 209.160 215.506 211.362 221.498 207.516 216.148 221.218 214.008 206.251 203.444 195.330 193.023 184.701 181.004 179.251 182.275 179.446 184.704 189.827 206.897 219.257 248.958 268.678 290.009 314.757 330.736 315.393 314.953 302.356 298.126 275.536 268.920 255.156 239.242 231.256 206.313 202.588 190.230 185.325 168.784 172.190 176.026
-999.250 -999.250 -999.250 -999.250 -999.250 -999.250 -999.250 -999.250 -999.250 -999.250 -999.250 -999.250 -999.250 -999.250 -999.250 -999.250 -999.250 -999.250 -999.250 214.027 204.730 200.838 212.641 224.071 221.358 225.642 233.064 228.353 220.314 217.529 210.526 215.748 207.885 208.224 195.578 185.111 171.731 177.761 176.402 177.936 179.584 179.995 192.219 211.253 230.715 257.060 265.854 301.322 330.306 332.062 317.833 298.251 283.463 271.854 260.612 243.495 224.487 211.361 202.010 192.748 179.930 170.869 165.308 157.252 152.243
-999.250 -999.250 -999.250 -999.250 -999.250 -999.250 -999.250 -999.250 -999.250 -999.250 -999.250 -999.250 -999.250 -999.250 -999.250 -999.250 -999.250 -999.250 -999.250 227.252 206.519 208.502 217.582 228.327 239.720 251.327 240.149 229.362 238.339 225.047 234.669 221.494 226.995 228.307 218.883 199.547 187.079 180.695 165.002 169.462 168.402 163.818 166.504 189.585 203.347 236.096 259.893 294.297 340.155 318.384 295.167 286.695 275.086 268.321 244.516 224.911 201.764 205.636 190.062 180.220 174.336 163.640 145.800 133.742 138.505
-999.250 -999.250 -999.250 -999.250 -999.250 -999.250 -999.250 -999.250 -999.250 -999.250 -999.250 -999.250 -999.250 -999.250 -999.250 -999.250 -999.250 -999.250 -999.250 241.318 223.944 218.995 243.814 254.296 259.862 272.552 265.292 262.511 267.363 256.249 254.318 247.467 242.525 244.404 234.153 221.761 200.343 179.144 170.276 162.538 152.951 140.645 154.434 167.470 191.466 213.923 239.729 278.083 293.764 293.012 292.589 276.076 263.185 247.309 217.139 199.432 196.402 192.025 181.847 168.093 160.464 156.838 146.130 136.511 127.653
-999.250 -999.250 -999.250 -999.250 -999.250 -999.250 -999.250 -999.250 -999.250 -999.250 -999.250 -999.250 -999.250 -999.250 -999.250 -999.250 -999.250 -999.250 259.131 243.473 260.006 243.930 271.151 272.617 286.858 297.123 293.162 294.721 301.117 286.005 274.111 268.820 265.457 256.429 258.671 240.714 217.443 194.901 177.828 159.948 143.549 136.197 127.218 138.049 172.220 192.122 217.301 241.885 271.419 262.096 271.541 255.111 234.497 217.231 200.363 196.477 194.519 190.894 176.197 165.226 165.771 162.335 160.501 157.767 171.185
-999.250 -999.250 -999.250 -999.250 -999.250 -999.250 -999.250 -999.250 -999.250 -999.250 -999.250 -999.250 -999.250 -999.250 -999.250 -999.250 -999.250 265.392 281.233 272.475 275.484 278.649 287.480 301.559 297.019 323.696 322.353 318.018 323.060 316.720 303.402 299.581 287.877 297.437 281.313 273.032 261.115 215.027 187.794 160.234 131.023 124.655 117.757 131.500 137.319 157.813 181.431 204.806 226.441 217.738 222.794 218.781 213.078 197.866 191.825 187.887 189.206 187.245 179.816 160.385 173.514 168.396 179.835 182.744 202.071
