data/medianmodel_08-Dec-2020.asc
ncols	141
nrows	288
xllcorner	-120191.398
yllcorner	-301404.813
cellsize	2000.000
NODATA_value	-999.250
[rows 87 to 115 of 288, columns 0 to 63 of 141]
-999.250 -999.250 -999.250 -999.250 -999.250 -999.250 -999.250 -999.250 -999.250 -999.250 -999.250 -999.250 -999.250 -999.250 -999.250 -999.250 -999.250 -999.250 -999.250 -999.250 -999.250 -999.250 -999.250 -999.250 -999.250 -999.250 -999.250 -999.250 -999.250 -999.250 -999.250 -999.250 -999.250 451.790 449.491 452.813 468.777 504.933 481.243 470.721 532.851 526.980 532.313 589.992 606.909 649.423 639.387 644.713 661.334 643.456 618.966 571.819 551.199 532.019 466.753 435.843 392.428 340.840 321.909 303.776 290.061 290.919 295.540 322.306
-999.250 -999.250 -999.250 -999.250 -999.250 -999.250 -999.250 -999.250 -999.250 -999.250 -999.250 -999.250 -999.250 -999.250 -999.250 -999.250 -999.250 -999.250 -999.250 -999.250 -999.250 -999.250 -999.250 -999.250 -999.250 -999.250 -999.250 -999.250 -999.250 -999.250 -999.250 -999.250 441.700 422.887 416.748 419.413 419.182 438.712 467.814 483.084 495.814 542.052 544.785 584.220 609.915 626.680 635.947 654.573 641.453 660.509 647.638 607.001 618.955 578.071 519.826 511.526 426.602 377.797 331.777 315.897 310.081 303.985 297.907 320.650
-999.250 -999.250 -999.250 -999.250 -999.250 -999.250 -999.250 -999.250 -999.250 -999.250 -999.250 -999.250 -999.250 -999.250 -999.250 -999.250 -999.250 -999.250 -999.250 -999.250 -999.250 -999.250 -999.250 -999.250 -999.250 -999.250 -999.250 -999.250 -999.250 -999.250 -999.250 -999.250 395.357 409.159 414.708 398.689 409.301 404.225 462.408 481.576 528.719 546.344 539.605 605.518 627.039 629.066 630.819 671.341 685.752 701.124 661.192 627.945 623.811 594.585 565.565 527.250 462.503 411.947 382.358 331.963 323.369 289.478 277.450 288.170
-999.250 -999.250 -999.250 -999.250 -999.250 -999.250 -999.250 -999.250 -999.250 -999.250 -999.250 -999.250 -999.250 -999.250 -999.250 -999.250 -999.250 -999.250 -999.250 -999.250 -999.250 -999.250 -999.250 -999.250 -999.250 -999.250 -999.250 -999.250 -999.250 -999.250 -999.250 -999.250 386.969 409.800 398.988 388.346 351.803 384.663 434.317 455.361 512.113 536.785 567.851 624.145 651.227 650.747 657.515 679.421 688.744 709.912 708.731 670.851 659.914 626.881 605.104 561.410 496.259 440.946 377.430 352.633 296.927 288.147 276.966 280.191
-999.250 -999.250 -999.250 -999.250 -999.250 -999.250 -999.250 -999.250 -999.250 -999.250 -999.250 -999.250 -999.250 -999.250 -999.250 -999.250 -999.250 -999.250 -999.250 -999.250 -999.250 -999.250 -999.250 -999.250 -999.250 -999.250 -999.250 -999.250 -999.250 -999.250 -999.250 -999.250 417.367 397.727 392.655 367.229 394.717 405.144 437.492 456.319 491.426 542.428 587.304 640.320 659.349 667.996 706.232 774.190 733.046 735.970 721.730 700.521 683.360 636.355 600.160 544.870 486.264 431.797 394.043 332.292 296.563 288.301 264.118 261.576
-999.250 -999.250 -999.250 -999.250 -999.250 -999.250 -999.250 -999.250 -999.250 -999.250 -999.250 -999.250 -999.250 -999.250 -999.250 -999.250 -999.250 -999.250 -999.250 -999.250 -999.250 -999.250 -999.250 -999.250 -999.250 -999.250 -999.250 -999.250 -999.250 -999.250 -999.250 396.180 386.813 391.318 392.993 409.802 402.926 413.650 456.576 475.833 488.578 544.986 580.487 623.000 652.441 702.937 745.240 795.440 799.304 808.663 766.880 750.460 714.767 689.151 644.278 580.881 518.487 443.157 380.307 319.018 290.532 261.167 230.454 232.604
-999.250 -999.250 -999.250 -999.250 -999.250 -999.250 -999.250 -999.250 -999.250 -999.250 -999.250 -999.250 -999.250 -999.250 -999.250 -999.250 -999.250 -999.250 -999.250 -999.250 -999.250 -999.250 -999.250 -999.250 -999.250 -999.250 -999.250 -999.250 -999.250 -999.250 -999.250 387.512 393.382 401.142 414.507 402.175 398.598 399.327 440.930 447.862 493.938 561.589 601.317 633.882 661.084 692.564 814.440 806.325 804.192 795.268 762.708 742.425 741.511 730.800 687.599 628.300 556.240 454.274 399.792 315.656 258.695 227.234 198.425 198.216
-999.250 -999.250 -999.250 -999.250 -999.250 -999.250 -999.250 -999.250 -999.250 -999.250 -999.250 -999.250 -999.250 -999.250 -999.250 -999.250 -999.250 -999.250 -999.250 -999.250 -999.250 -999.250 -999.250 -999.250 -999.250 -999.250 -999.250 -999.250 -999.250 -999.250 -999.250 407.603 395.054 398.418 402.164 402.624 407.413 404.461 452.195 447.166 540.379 551.701 595.118 614.611 646.014 686.878 729.192 719.966 759.476 790.711 754.881 748.187 748.442 769.066 720.595 684.382 594.147 484.075 391.501 291.009 221.422 194.320 181.060 181.232
-999.250 -999.250 -999.250 -999.250 -999.250 -999.250 -999.250 -999.250 -999.250 -999.250 -999.250 -999.250 -999.250 -999.250 -999.250 -999.250 -999.250 -999.250 -999.250 -999.250 -999.250 -999.250 -999.250 -999.250 -999.250 -999.250 -999.250 -999.250 -999.250 -999.250 -999.250 407.469 400.782 395.534 388.776 407.623 408.733 442.114 455.413 466.001 482.385 534.147 567.790 574.877 594.265 627.310 653.383 664.764 717.561 734.389 744.368 750.417 779.743 784.013 796.825 709.165 660.984 551.316 401.211 252.833 188.919 172.711 168.688 160.430
-999.250 -999.250 -999.250 -999.250 -999.250 -999.250 -999.250 -999.250 -999.250 -999.250 -999.250 -999.250 -999.250 -999.250 -999.250 -999.250 -999.250 -999.250 -999.250 -999.250 -999.250 -999.250 -999.250 -999.250 -999.250 -999.250 -999.250 -999.250 -999.250 -999.250 410.370 431.962 412.361 403.717 412.645 435.917 417.680 443.714 437.828 479.428 491.454 513.192 519.582 520.763 569.888 553.338 536.979 621.153 641.999 716.784 720.910 805.813 792.445 774.308 807.200 788.409 690.388 627.174 417.244 191.351 181.466 158.165 139.569 137.656
-999.250 -999.250 -999.250 -999.250 -999.250 -999.250 -999.250 -999.250 -999.250 -999.250 -999.250 -999.250 -999.250 -999.250 -999.250 -999.250 -999.250 -999.250 -999.250 -999.250 -999.250 -999.250 -999.250 -999.250 -999.250 -999.250 -999.250 -999.250 -999.250 -999.250 420.265 442.147 422.706 413.607 431.920 438.281 440.455 437.613 435.297 445.987 471.501 481.751 494.097 504.538 503.045 483.940 426.835 520.087 612.437 662.224 736.347 781.748 823.352 807.226 843.415 837.474 818.416 716.965 535.292 358.345 265.055 188.503 144.566 138.025
-999.250 -999.250 -999.250 -999.250 -999.250 -999.250 -999.250 -999.250 -999.250 -999.250 -999.250 -999.250 -999.250 -999.250 -999.250 -999.250 -999.250 -999.250 -999.250 -999.250 -999.250 -999.250 -999.250 -999.250 -999.250 -999.250 -999.250 -999.250 -999.250 -999.250 427.374 417.233 418.790 434.561 449.041 432.485 402.959 449.164 448.148 456.602 465.102 467.641 477.282 478.850 464.683 464.170 455.775 521.709 618.414 659.820 694.377 773.905 800.158 872.967 833.694 912.520 910.121 897.421 645.937 442.321 314.789 217.689 178.913 139.966
-999.250 -999.250 -999.250 -999.250 -999.250 -999.250 -999.250 -999.250 -999.250 -999.250 -999.250 -999.250 -999.250 -999.250 -999.250 -999.250 -999.250 -999.250 -999.250 -999.250 -999.250 -999.250 -999.250 -999.250 -999.250 -999.250 -999.250 -999.250 -999.250 -999.250 436.486 427.993 409.581 448.677 454.947 426.014 414.870 452.645 435.407 429.232 451.287 433.508 450.532 464.464 446.582 462.691 487.894 527.006 591.990 652.416 674.385 734.718 786.979 830.497 844.938 859.295 852.255 781.459 649.271 485.159 358.846 257.569 197.439 156.315
-999.250 -999.250 -999.250 -999.250 -999.250 -999.250 -999.250 -999.250 -999.250 -999.250 -999.250 -999.250 -999.250 -999.250 -999.250 -999.250 -999.250 -999.250 -999.250 -999.250 -999.250 -999.250 -999.250 -999.250 -999.250 -999.250 -999.250 -999.250 -999.250 450.909 445.518 413.468 431.097 434.265 450.184 433.146 415.394 438.832 435.970 428.108 445.633 446.753 467.055 472.001 449.949 443.629 474.733 549.758 577.740 643.744 673.451 687.106 737.975 756.367 829.116 784.625 726.613 684.098 596.132 474.842 361.905 297.941 219.580 184.846
-999.250 -999.250 -999.250 -999.250 -999.250 -999.250 -999.250 -999.250 -999.250 -999.250 -999.250 -999.250 -999.250 -999.250 -999.250 -999.250 -999.250 -999.250 -999.250 -999.250 -999.250 -999.250 -999.250 -999.250 -999.250 -999.250 -999.250 -999.250 -999.250 440.856 447.124 431.346 430.183 437.730 427.702 416.146 417.167 384.011 414.707 437.037 419.677 427.946 460.725 458.301 431.248 465.265 478.349 516.065 545.037 637.117 653.701 692.544 723.132 735.961 723.334 717.263 680.716 602.854 565.833 461.527 381.762 320.972 245.492 208.187
-999.250 -999.250 -999.250 -999.250 -999.250 -999.250 -999.250 -999.250 -999.250 -999.250 -999.250 -999.250 -999.250 -999.250 -999.250 -999.250 -999.250 -999.250 -999.250 -999.250 -999.250 -999.250 -999.250 -999.250 -999.250 -999.250 -999.250 -999.250 -999.250 479.123 480.951 442.830 450.768 435.977 430.032 414.417 426.955 411.507 399.095 399.016 403.903 422.700 424.170 447.413 457.325 460.774 470.295 516.775 532.253 598.313 632.015 661.806 686.147 693.735 674.254 650.631 613.187 561.684 463.294 444.969 360.677 292.673 247.204 203.001
-999.250 -999.250 -999.250 -999.250 -999.250 -999.250 -999.250 -999.250 -999.250 -999.250 -999.250 -999.250 -999.250 -999.250 -999.250 -999.250 -999.250 -999.250 -999.250 -999.250 -999.250 -999.250 -999.250 -999.250 -999.250 -999.250 -999.250 -999.250 -999.250 468.007 484.825 479.453 459.456 421.336 427.256 401.172 422.528 400.326 396.004 387.821 400.971 410.837 423.709 429.487 435.172 456.639 482.082 501.163 506.344 529.406 623.391 644.688 629.536 619.683 584.959 577.283 523.847 488.813 433.335 387.029 328.630 261.559 242.461 198.941
-999.250 -999.250 -999.250 -999.250 -999.250 -999.250 -999.250 -999.250 -999.250 -999.250 -999.250 -999.250 -999.250 -999.250 -999.250 -999.250 -999.250 -999.250 -999.250 -999.250 -999.250 -999.250 -999.250 -999.250 -999.250 -999.250 -999.250 -999.250 479.649 501.675 473.409 488.416 449.680 433.267 455.035 429.255 424.193 376.097 383.406 372.532 408.242 411.394 412.605 435.475 440.573 481.200 466.221 522.759 511.904 546.742 579.455 593.594 598.954 528.459 516.026 481.108 456.252 400.692 366.963 315.662 286.331 250.001 217.200 206.720
-999.250 -999.250 -999.250 -999.250 -999.250 -999.250 -999.250 -999.250 -999.250 -999.250 -999.250 -999.250 -999.250 -999.250 -999.250 -999.250 -999.250 -999.250 -999.250 -999.250 -999.250 -999.250 -999.250 -999.250 -999.250 -999.250 -999.250 -999.250 463.547 480.480 492.023 478.710 459.335 436.150 446.525 432.669 415.155 392.012 370.748 366.874 391.520 418.859 425.383 413.892 451.410 440.010 435.282 486.440 521.304 531.895 545.176 533.248 508.603 460.057 417.968 386.826 375.971 348.406 328.932 283.925 271.604 227.262 196.454 186.910
-999.250 -999.250 -999.250 -999.250 -999.250 -999.250 -999.250 -999.250 -999.250 -999.250 -999.250 -999.250 -999.250 -999.250 -999.250 -999.250 -999.250 -999.250 -999.250 -999.250 -999.250 -999.250 -999.250 -999.250 -999.250 -999.250 -999.250 468.627 485.694 479.844 484.721 500.940 430.072 437.432 469.200 453.017 433.477 380.909 356.803 383.737 399.702 402.385 425.184 434.816 438.299 447.902 458.433 472.554 508.013 558.097 538.816 501.883 473.419 406.814 344.612 314.191 316.512 308.164 295.554 279.466 240.633 206.183 176.606 168.677
-999.250 -999.250 -999.250 -999.250 -999.250 -999.250 -999.250 -999.250 -999.250 -999.250 -999.250 -999.250 -999.250 -999.250 -999.250 -999.250 -999.250 -999.250 -999.250 -999.250 -999.250 -999.250 -999.250 -999.250 -999.250 -999.250 -999.250 450.031 460.341 488.702 483.534 489.659 448.291 459.891 470.229 451.211 449.595 419.802 389.605 401.637 402.819 423.504 410.969 436.851 439.202 470.729 473.046 514.837 543.430 543.312 540.467 493.380 470.454 365.696 273.815 283.902 296.459 262.206 264.557 256.667 237.087 185.100 171.783 145.270
-999.250 -999.250 -999.250 -999.250 -999.250 -999.250 -999.250 -999.250 -999.250 -999.250 -999.250 -999.250 -999.250 -999.250 -999.250 -999.250 -999.250 -999.250 -999.250 -999.250 -999.250 -999.250 -999.250 -999.250 -999.250 -999.250 -999.250 448.609 480.266 507.831 483.326 479.467 482.802 466.047 482.605 480.861 476.516 413.654 420.398 406.895 410.767 435.636 421.989 443.440 452.189 504.438 517.014 553.860 593.431 588.015 581.371 559.225 488.516 400.312 336.012 311.384 291.237 282.209 265.849 257.446 227.532 191.793 177.767 175.341
-999.250 -999.250 -999.250 -999.250 -999.250 -999.250 -999.250 -999.250 -999.250 -999.250 -999.250 -999.250 -999.250 -999.250 -999.250 -999.250 -999.250 -999.250 -999.250 -999.250 -999.250 -999.250 -999.250 -999.250 -999.250 -999.250 -999.250 467.742 488.661 475.980 502.153 489.021 481.041 483.288 501.719 501.913 471.286 478.820 449.560 447.763 465.472 477.429 446.322 451.838 503.752 530.262 567.398 595.379 614.951 637.361 632.183 597.831 582.454 465.778 400.455 347.456 323.805 293.044 261.316 232.670 201.518 194.653 193.223 200.779
-999.250 -999.250 -999.250 -999.250 -999.250 -999.250 -999.250 -999.250 -999.250 -999.250 -999.250 -999.250 -999.250 -999.250 -999.250 -999.250 -999.250 -999.250 -999.250 -999.250 -999.250 -999.250 -999.250 -999.250 -999.250 -999.250 -999.250 -999.250 515.649 499.386 513.169 503.565 522.423 500.080 488.580 498.116 482.417 476.936 494.941 476.378 487.379 504.701 518.651 483.849 506.972 549.139 588.644 610.512 662.351 682.439 678.801 666.547 617.935 552.459 479.056 405.979 366.604 314.447 264.515 235.960 209.383 205.574 194.956 202.575
-999.250 -999.250 -999.250 -999.250 -999.250 -999.250 -999.250 -999.250 -999.250 -999.250 -999.250 -999.250 -999.250 -999.250 -999.250 -999.250 -999.250 -999.250 -999.250 -999.250 -999.250 -999.250 -999.250 -999.250 -999.250 -999.250 -999.250 -999.250 483.156 490.170 520.814 501.438 517.685 518.873 523.796 518.649 507.701 489.048 496.563 523.842 526.726 535.065 546.904 517.134 550.635 563.274 614.559 631.729 637.262 671.594 687.106 696.008 676.622 598.762 539.319 455.311 392.722 355.190 296.121 250.792 210.250 207.089 221.576 244.001
-999.250 -999.250 -999.250 -999.250 -999.250 -999.250 -999.250 -999.250 -999.250 -999.250 -999.250 -999.250 -999.250 -999.250 -999.250 -999.250 -999.250 -999.250 -999.250 -999.250 -999.250 -999.250 -999.250 -999.250 -999.250 -999.250 -999.250 -999.250 470.192 511.798 485.830 518.567 509.872 526.251 540.135 531.426 547.800 532.690 512.954 517.132 573.472 553.354 543.470 541.805 554.764 579.413 618.803 640.469 657.371 702.250 714.098 768.203 707.597 647.976 545.276 472.083 425.565 371.832 332.662 275.532 259.626 240.327 248.448 258.962
-999.250 -999.250 -999.250 -999.250 -999.250 -999.250 -999.250 -999.250 -999.250 -999.250 -999.250 -999.250 -999.250 -999.250 -999.250 -999.250 -999.250 -999.250 -999.250 -999.250 -999.250 -999.250 -999.250 -999.250 -999.250 -999.250 -999.250 -999.250 465.544 487.374 506.830 516.550 505.411 502.507 520.166 565.663 551.000 563.387 561.462 570.702 565.069 555.331 523.203 520.839 542.425 535.724 567.503 603.458 670.521 710.043 796.801 881.335 748.014 664.125 586.709 509.743 425.650 393.460 358.915 313.145 280.390 267.258 279.864 287.137
-999.250 -999.250 -999.250 -999.250 -999.250 -999.250 -999.250 -999.250 -999.250 -999.250 -999.250 -999.250 -999.250 -999.250 -999.250 -999.250 -999.250 -999.250 -999.250 -999.250 -999.250 -999.250 -999.250 -999.250 -999.250 -999.250 -999.250 -999.250 466.836 484.398 461.190 518.711 538.414 523.852 547.231 576.684 558.192 557.302 589.026 582.317 589.566 594.420 526.534 497.553 492.634 526.702 523.265 569.314 614.702 652.720 693.245 790.088 690.299 640.344 569.435 523.543 468.687 421.299 344.253 319.613 295.445 295.727 291.494 288.716
-999.250 -999.250 -999.250 -999.250 -999.250 -999.250 -999.250 -999.250 -999.250 -999.250 -999.250 -999.250 -999.250 -999.250 -999.250 -999.250 -999.250 -999.250 -999.250 -999.250 -999.250 -999.250 -999.250 -999.250 -999.250 -999.250 -999.250 456.816 454.710 460.505 472.986 484.295 517.523 528.311 532.533 518.599 575.153 562.375 582.079 578.271 543.467 542.140 514.929 492.178 510.741 503.452 487.696 489.205 515.836 544.136 620.985 669.439 630.305 578.355 547.668 497.040 458.595 391.421 359.551 319.197 294.838 297.706 294.924 282.394
