data/medianmodel_17-Feb-2021.asc
ncols	141
nrows	288
xllcorner	-120191.398
yllcorner	-301404.813
cellsize	2000.000
NODATA_value	-999.250
[rows 174 to 202 of 288, columns 0 to 64 of 141]
-999.250 -999.250 -999.250 -999.250 598.085 632.524 631.847 628.119 615.560 605.892 610.053 577.836 579.250 597.634 587.581 577.295 557.902 516.308 463.591 408.772 458.127 466.439 502.328 511.954 511.370 511.625 511.105 501.986 488.094 472.421 462.311 467.646 445.819 450.055 478.646 462.327 435.614 430.230 453.027 454.704 431.403 427.687 429.202 417.336 402.446 379.230 325.957 306.978 300.506 265.729 250.015 232.097 224.571 206.151 176.250 153.466 133.002 120.042 115.228 118.942 133.141 158.141 170.175 178.837 213.411
-999.250 -999.250 -999.250 -999.250 623.597 657.619 662.853 672.022 662.650 608.617 596.926 584.917 594.017 582.412 579.790 569.110 525.660 499.135 470.962 448.767 486.142 500.883 525.413 538.193 518.081 517.802 522.859 524.665 514.971 496.556 479.776 472.374 473.701 458.940 473.243 454.164 440.718 443.038 442.257 434.458 432.768 435.458 443.339 435.994 413.096 374.430 338.798 313.368 297.320 284.859 250.240 234.765 218.507 204.385 188.321 168.147 134.970 122.662 122.566 134.078 163.251 176.391 190.734 218.565 235.669
-999.250 -999.250 -999.250 -999.250 582.922 634.930 680.009 699.160 649.570 638.847 596.877 611.690 612.311 583.929 556.796 551.455 527.613 503.214 491.801 487.171 521.062 543.336 542.968 553.486 539.762 552.422 537.989 526.165 502.292 497.229 476.246 488.017 472.176 467.409 466.222 462.940 449.199 461.806 447.154 427.034 419.121 428.113 439.719 429.283 407.133 365.626 356.083 319.847 296.935 286.509 256.976 239.788 226.743 203.180 193.605 175.907 149.675 120.831 141.387 161.972 179.360 197.919 220.799 245.642 263.949
-999.250 -999.250 -999.250 -999.250 610.705 629.621 665.201 689.464 660.269 626.198 628.282 632.825 617.494 598.669 564.839 544.258 536.814 529.077 539.911 549.862 560.104 567.557 588.049 588.700 565.294 555.733 560.570 548.465 525.444 498.705 504.216 501.331 457.641 467.108 459.842 459.135 461.342 449.070 446.985 436.079 437.559 434.576 428.117 435.698 406.415 372.131 336.256 324.570 309.434 283.390 254.816 228.773 223.840 222.651 202.709 187.412 179.081 164.053 171.987 191.150 205.599 235.182 269.044 290.451 301.251
-999.250 -999.250 -999.250 -999.250 611.948 629.056 643.217 640.837 620.784 637.852 627.590 598.085 626.112 592.304 595.053 560.071 545.265 557.725 586.539 605.946 610.490 610.977 616.085 578.200 567.411 561.443 537.253 523.484 517.913 516.892 495.908 484.980 454.995 443.596 465.728 459.843 439.187 449.131 442.342 440.235 424.917 413.585 421.954 420.320 407.433 376.210 336.602 320.409 300.120 279.461 244.535 235.426 230.598 222.627 220.156 206.704 191.311 192.815 207.527 218.191 235.193 272.800 301.614 321.454 340.160
-999.250 -999.250 -999.250 616.676 621.207 612.081 659.243 643.897 640.049 625.099 636.924 610.738 594.579 617.621 616.256 594.263 608.012 589.642 607.017 639.610 697.394 654.019 630.823 601.589 590.039 587.228 559.014 540.821 521.366 495.168 493.749 462.962 465.705 473.666 443.042 450.468 454.796 462.771 440.067 438.315 433.799 396.571 415.550 396.753 396.983 369.898 343.334 325.884 304.614 270.190 254.604 236.471 230.605 228.392 231.825 219.943 216.096 221.582 241.927 265.548 293.873 298.249 345.708 354.140 380.707
-999.250 -999.250 -999.250 620.010 643.406 630.201 626.289 613.227 621.819 643.409 642.648 635.487 635.377 630.777 622.365 630.743 602.334 627.119 619.270 631.011 655.513 638.909 626.981 589.970 573.431 552.114 541.635 561.933 513.654 497.909 481.349 450.817 453.488 438.997 454.125 447.866 441.397 433.638 433.273 445.779 429.466 416.042 404.450 401.630 384.008 362.249 334.587 322.059 295.391 273.593 267.284 261.403 234.291 233.947 230.771 251.258 235.786 241.732 269.513 314.200 321.641 340.282 380.197 387.905 430.840
-999.250 -999.250 -999.250 622.797 632.800 640.822 653.711 681.000 668.195 646.716 640.811 649.038 632.171 659.450 636.502 612.546 627.924 611.087 632.576 632.897 642.744 620.068 611.245 607.375 555.692 544.129 535.493 537.391 514.012 476.651 467.412 466.094 456.313 457.863 435.627 439.520 431.270 439.439 423.906 411.129 401.760 409.578 387.524 380.503 358.700 350.723 335.377 310.966 289.846 275.197 265.993 250.151 233.365 232.043 244.962 258.179 255.351 272.182 289.290 314.119 347.482 385.636 422.845 444.022 473.220
-999.250 -999.250 624.347 648.741 626.348 633.141 703.696 695.555 700.166 659.643 668.015 656.328 683.461 660.966 632.667 631.196 617.701 613.754 592.347 619.273 609.678 603.907 599.427 579.721 556.945 545.708 547.642 522.613 514.624 497.176 484.207 478.461 454.302 451.208 453.331 444.267 449.168 424.548 428.034 417.918 397.047 373.808 357.795 347.576 355.174 319.031 318.178 302.230 295.330 280.086 268.575 249.506 226.004 234.971 260.553 256.073 287.355 296.337 306.637 329.066 367.497 413.427 451.373 490.002 520.225
-999.250 -999.250 638.621 633.987 639.334 675.638 668.593 689.230 698.144 671.726 690.422 683.606 684.081 686.994 664.276 637.401 609.953 616.904 596.641 588.580 -999.250 584.728 584.086 564.953 546.467 540.090 520.970 521.103 499.313 493.432 462.801 448.823 455.511 441.623 430.569 432.269 427.516 408.121 403.512 420.633 382.037 358.166 339.142 349.113 317.033 302.153 295.488 288.641 302.645 288.188 279.310 261.310 240.759 247.924 256.242 267.144 297.534 299.348 323.661 355.142 388.632 440.525 489.333 529.625 561.841
-999.250 617.634 654.779 645.978 641.052 653.354 679.367 701.928 690.202 696.298 677.046 700.061 710.379 725.744 708.732 651.415 617.726 598.985 613.815 -999.250 -999.250 577.299 572.187 555.843 546.284 524.181 507.371 520.194 486.656 477.972 465.315 449.784 451.782 435.035 433.513 429.697 411.040 413.211 397.355 400.318 379.833 371.344 347.033 343.323 327.377 304.094 283.893 285.770 283.748 270.829 256.735 261.269 263.698 240.702 249.180 272.679 292.130 311.577 350.962 399.073 413.472 460.015 530.233 575.883 609.152
-999.250 632.356 621.613 632.442 643.730 663.904 658.792 686.758 710.067 706.337 672.389 701.141 690.791 726.098 750.430 672.069 627.232 606.873 -999.250 -999.250 -999.250 -999.250 564.437 554.106 543.024 514.341 496.857 486.736 473.656 458.670 456.707 446.879 424.527 417.744 429.277 429.843 430.841 424.963 425.063 389.198 388.971 357.778 353.335 335.686 318.686 291.345 269.416 278.289 275.061 273.571 271.118 249.456 250.771 241.799 260.414 268.318 289.006 312.163 351.306 413.034 450.671 485.439 549.695 622.118 658.920
562.547 596.992 608.604 648.935 653.593 652.298 657.923 672.212 708.952 730.707 702.395 702.128 702.836 692.476 702.439 695.673 633.896 621.552 -999.250 -999.250 -999.250 -999.250 -999.250 532.703 525.182 520.251 496.486 470.822 473.257 465.957 455.329 432.888 414.087 413.397 419.409 427.914 446.402 426.358 421.542 404.134 374.210 362.958 352.001 343.083 317.191 304.022 278.948 283.798 271.955 262.744 260.880 267.510 241.938 246.696 265.223 271.159 293.314 327.929 364.460 416.488 461.903 519.171 581.876 649.977 702.813
-999.250 588.429 607.388 609.961 608.460 630.355 659.186 667.495 675.115 682.436 669.544 647.794 627.899 647.719 651.231 652.588 645.308 604.103 -999.250 -999.250 -999.250 -999.250 533.784 535.709 508.075 505.888 493.299 481.096 467.960 460.673 448.318 435.786 425.512 434.897 425.954 437.465 429.175 436.746 415.343 403.930 404.724 375.159 349.464 317.814 297.799 299.099 284.872 278.833 273.301 253.191 244.029 238.940 248.228 235.913 244.667 255.650 276.219 299.819 355.598 415.860 463.682 530.196 587.365 675.501 734.792
-999.250 576.544 581.775 604.495 606.454 626.613 646.516 639.662 659.913 626.532 623.819 620.977 610.464 640.809 634.022 640.609 633.691 615.923 -999.250 -999.250 -999.250 548.054 -999.250 520.762 505.565 506.600 488.055 451.528 446.631 454.151 447.093 447.321 448.797 433.307 449.879 443.464 451.941 447.762 397.468 394.190 412.250 366.815 356.789 322.628 301.144 283.366 285.891 269.007 266.239 245.840 232.157 228.288 232.723 231.452 236.995 248.604 268.881 304.843 318.885 382.507 450.681 517.283 570.020 631.183 712.751
-999.250 587.860 580.754 590.555 609.696 596.947 611.407 622.348 619.120 633.040 605.035 606.669 610.310 598.304 613.347 634.352 633.334 -999.250 -999.250 -999.250 -999.250 529.537 525.661 531.157 522.393 505.047 497.210 455.930 453.820 459.058 448.385 459.046 455.098 453.871 454.924 454.294 439.373 461.029 402.031 415.749 404.379 376.111 358.331 330.332 318.744 299.655 286.282 267.249 245.586 238.723 238.281 229.102 220.281 209.709 225.596 235.086 266.485 285.501 310.226 358.177 438.778 506.825 533.489 592.989 654.749
-999.250 560.664 579.841 594.547 587.428 611.850 602.895 619.716 634.526 627.057 609.946 626.240 615.304 620.414 619.831 630.643 614.038 -999.250 -999.250 -999.250 569.143 532.232 525.914 539.133 531.204 525.227 505.460 470.937 439.683 449.265 465.568 468.974 470.142 458.106 462.269 466.009 437.185 444.617 445.721 423.138 425.144 400.507 356.914 345.197 328.162 303.590 280.879 259.915 253.469 237.909 231.905 219.985 220.314 205.979 213.970 215.231 234.916 261.360 301.415 327.429 403.075 459.802 510.375 564.445 619.106
-999.250 -999.250 -999.250 597.011 -999.250 -999.250 604.179 627.108 608.288 -999.250 -999.250 -999.250 605.283 611.279 -999.250 -999.250 -999.250 -999.250 -999.250 -999.250 576.376 549.619 561.810 555.639 550.703 549.821 545.138 521.774 497.805 476.414 492.263 494.640 471.413 489.004 481.056 463.137 460.364 461.569 444.166 447.975 413.741 394.934 353.559 348.769 340.681 317.188 287.933 270.054 247.073 233.140 220.482 210.495 206.752 186.557 188.495 186.500 203.947 223.506 277.519 311.235 366.044 437.087 467.977 515.147 560.236
-999.250 -999.250 -999.250 -999.250 -999.250 -999.250 -999.250 -999.250 -999.250 -999.250 -999.250 -999.250 -999.250 604.461 614.482 605.096 -999.250 -999.250 -999.250 590.864 589.138 581.115 599.816 613.793 596.955 587.154 572.113 568.972 541.140 523.288 502.453 510.043 503.229 520.706 492.053 506.599 486.345 504.377 473.270 456.878 425.205 404.734 376.072 361.264 340.347 328.743 302.389 277.592 246.542 235.637 219.164 210.466 191.217 187.585 177.653 160.096 172.590 203.915 241.860 281.127 335.402 391.829 441.268 478.739 508.666
-999.250 -999.250 -999.250 -999.250 -999.250 -999.250 -999.250 -999.250 -999.250 -999.250 -999.250 609.092 611.204 591.686 605.739 609.918 -999.250 -999.250 598.406 616.126 620.536 632.431 640.885 627.892 621.252 626.680 632.998 623.163 580.537 559.647 530.453 528.992 531.793 534.942 529.962 536.581 515.794 494.290 484.776 444.736 422.660 397.289 399.234 390.053 349.744 331.989 317.986 281.190 250.786 230.044 219.694 198.168 176.622 180.039 165.121 154.227 134.211 182.422 221.835 255.341 304.118 342.946 386.169 430.435 447.623
-999.250 -999.250 -999.250 -999.250 -999.250 -999.250 -999.250 -999.250 -999.250 -999.250 -999.250 604.891 587.909 581.863 573.948 579.482 564.135 578.344 602.028 619.045 659.139 669.182 665.522 673.221 686.537 686.980 707.962 642.271 613.684 577.492 571.255 554.627 557.058 556.814 559.779 528.679 514.917 515.593 497.073 463.323 436.286 441.392 418.417 387.821 373.645 343.846 316.327 299.723 268.503 243.625 227.528 191.554 188.258 177.198 160.484 148.542 148.439 175.245 204.633 228.889 274.866 300.373 335.890 342.468 366.492
-999.250 -999.250 -999.250 -999.250 -999.250 -999.250 -999.250 -999.250 -999.250 -999.250 -999.250 -999.250 576.719 579.104 555.815 547.576 549.621 573.925 598.587 620.367 648.979 677.227 696.736 692.544 705.465 704.692 708.807 687.241 656.530 639.360 619.352 604.067 576.664 577.494 561.298 539.416 512.676 504.109 503.594 504.718 457.008 446.839 422.281 380.811 363.199 332.667 315.470 296.813 265.067 255.233 229.985 213.488 190.856 179.048 170.614 157.576 165.065 167.289 194.102 218.532 232.994 257.277 286.356 314.194 322.257
-999.250 -999.250 -999.250 -999.250 -999.250 -999.250 -999.250 -999.250 -999.250 -999.250 -999.250 -999.250 -999.250 557.753 559.710 565.096 554.919 590.901 606.192 618.302 654.019 652.418 703.448 702.463 679.191 718.746 726.120 710.981 685.835 642.810 663.900 629.416 599.433 619.966 593.996 581.389 535.580 521.024 508.070 506.448 490.358 466.994 443.726 422.643 385.973 365.698 331.363 301.437 285.480 261.732 230.312 215.787 189.332 184.490 173.292 168.808 151.395 171.428 183.277 212.860 230.104 250.891 254.796 278.837 294.118
-999.250 -999.250 -999.250 -999.250 -999.250 -999.250 -999.250 -999.250 -999.250 -999.250 -999.250 -999.250 -999.250 573.364 568.416 568.920 584.427 590.679 597.926 638.752 650.635 671.173 690.376 729.945 716.828 724.117 724.992 717.520 736.735 707.262 687.723 680.669 650.982 665.679 632.225 614.313 585.614 540.341 524.483 521.357 494.917 492.738 463.451 446.292 423.129 365.515 353.689 317.744 286.665 272.439 233.635 225.870 211.064 194.737 186.027 167.554 161.629 174.353 172.127 185.113 194.472 227.495 229.283 247.191 264.298
-999.250 -999.250 -999.250 -999.250 -999.250 -999.250 -999.250 -999.250 -999.250 -999.250 -999.250 -999.250 -999.250 570.111 564.395 595.672 600.234 624.443 634.201 676.570 672.364 681.707 681.089 717.998 723.766 707.540 728.178 748.790 741.762 701.200 688.164 668.169 660.802 653.754 650.235 620.004 582.529 571.988 548.019 550.051 537.539 516.579 484.693 456.489 447.267 422.334 374.021 342.767 306.017 286.879 260.583 232.678 215.081 186.644 173.410 167.450 170.543 171.960 179.685 178.063 184.912 199.135 217.629 225.255 236.311
-999.250 -999.250 -999.250 -999.250 -999.250 -999.250 -999.250 -999.250 -999.250 -999.250 -999.250 -999.250 -999.250 -999.250 564.586 599.611 598.541 635.594 669.135 669.690 663.125 682.644 697.110 711.893 705.955 729.342 759.153 753.116 767.818 742.454 715.202 695.793 698.564 667.062 638.281 628.625 619.208 599.692 582.424 565.673 538.816 530.191 492.597 490.411 463.798 428.348 387.982 340.995 317.224 299.499 275.713 237.742 220.450 210.021 196.091 174.989 168.275 165.181 172.748 181.723 180.881 181.962 196.396 198.380 196.292
-999.250 -999.250 -999.250 -999.250 -999.250 -999.250 -999.250 -999.250 -999.250 -999.250 -999.250 -999.250 -999.250 -999.250 576.383 607.458 629.044 625.088 664.700 682.409 671.849 700.661 679.801 713.939 729.906 784.540 739.474 801.701 901.621 784.955 737.927 709.965 688.518 652.275 649.457 637.105 618.765 570.478 579.662 558.342 519.246 534.712 504.520 493.923 472.165 436.047 408.092 369.808 343.870 320.968 277.269 258.190 234.902 222.919 206.123 182.382 174.326 173.653 168.332 180.472 172.220 179.023 180.797 176.524 182.924
-999.250 -999.250 -999.250 -999.250 -999.250 -999.250 -999.250 -999.250 -999.250 -999.250 -999.250 -999.250 -999.250 -999.250 552.655 583.661 620.925 629.735 634.193 664.018 660.016 677.667 662.740 678.820 744.832 744.618 766.964 766.822 789.009 763.777 760.421 701.153 668.922 685.875 638.811 667.857 633.298 621.073 573.055 565.373 552.623 541.394 550.127 507.929 478.084 453.349 437.821 401.357 370.886 338.137 295.925 265.803 234.738 227.839 205.425 185.734 185.499 176.633 174.061 165.508 168.701 174.401 165.743 174.591 167.019
-999.250 -999.250 -999.250 -999.250 -999.250 -999.250 -999.250 -999.250 -999.250 -999.250 -999.250 -999.250 -999.250 -999.250 549.827 563.775 601.581 620.401 620.822 648.476 635.511 679.194 668.815 698.331 725.281 -999.250 764.080 748.783 736.000 727.170 699.755 665.937 686.239 674.148 645.336 634.440 636.025 634.476 603.189 582.377 587.681 566.798 549.452 517.128 481.270 498.860 461.363 432.029 382.626 349.437 339.541 295.888 268.073 248.130 221.882 202.306 187.788 178.978 171.721 163.313 167.573 159.804 157.281 161.381 158.993
