data/medianmodel_20-Sep-2020.asc
ncols	141
nrows	288
xllcorner	-120191.398
yllcorner	-301404.813
cellsize	2000.000
NODATA_value	-999.250
[rows 90 to 119 of 288, columns 68 to 135 of 141]
48.575 54.190 63.176 69.571 60.397 50.226 52.322 42.164 37.350 35.201 29.424 27.054 23.850 26.470 32.292 18.498 9.945 0.000 0.000 0.000 0.000 0.000 0.000 0.000 0.000 1.919 4.773 9.260 10.429 13.639 13.425 11.936 7.231 3.739 1.819 0.000 0.000 0.000 0.000 0.000 0.000 0.000 0.000 0.000 0.000 0.000 0.000 1.267 -999.250 -999.250 -999.250 -999.250 -999.250 -999.250 -999.250 -999.250 -999.250 -999.250 -999.250 -999.250 -999.250 -999.250 -999.250 -999.250 -999.250 -999.250 -999.250 -999.250
38.642 48.080 54.263 52.859 54.396 53.444 48.652 42.130 39.358 40.058 37.728 35.033 29.682 29.057 29.660 18.639 9.745 2.380 0.000 0.000 0.000 0.000 0.000 0.000 2.371 5.512 9.263 13.682 14.569 13.950 14.342 13.070 8.765 6.664 5.198 0.000 0.000 0.000 0.000 0.000 0.000 0.000 0.000 0.000 0.000 0.000 0.000 -999.250 -999.250 -999.250 -999.250 -999.250 -999.250 -999.250 -999.250 -999.250 -999.250 -999.250 -999.250 -999.250 -999.250 -999.250 -999.250 -999.250 -999.250 -999.250 -999.250 -999.250
27.240 35.255 39.883 43.452 46.336 48.549 48.364 49.963 47.312 48.959 40.540 38.434 31.936 31.168 23.033 18.163 9.113 1.275 0.000 0.000 0.000 0.000 0.000 3.614 6.505 11.308 15.053 18.081 18.962 17.670 17.648 11.972 12.233 6.807 4.334 0.000 0.000 0.000 0.000 0.000 0.000 0.000 0.000 0.000 0.000 0.000 0.000 -999.250 -999.250 -999.250 -999.250 -999.250 -999.250 -999.250 -999.250 -999.250 -999.250 -999.250 -999.250 -999.250 -999.250 -999.250 -999.250 -999.250 -999.250 -999.250 -999.250 -999.250
15.630 21.964 26.883 33.287 37.472 41.610 42.322 51.396 50.661 53.874 45.763 44.855 37.586 30.471 20.977 17.623 9.333 1.956 0.000 0.000 0.000 2.831 3.197 9.759 12.520 15.284 18.960 21.254 19.094 18.782 17.224 16.997 12.213 8.081 2.434 0.000 0.000 0.000 0.000 0.000 0.000 0.000 0.000 0.000 0.000 0.000 -999.250 -999.250 -999.250 -999.250 -999.250 -999.250 -999.250 -999.250 -999.250 -999.250 -999.250 -999.250 -999.250 -999.250 -999.250 -999.250 -999.250 -999.250 -999.250 -999.250 -999.250 -999.250
2.246 13.725 18.554 25.634 30.260 35.938 46.346 46.909 54.134 52.908 54.949 49.247 38.823 33.181 24.130 16.871 9.179 0.701 0.000 0.000 0.935 6.409 10.050 13.686 16.954 18.050 20.837 21.735 22.102 19.923 18.648 15.043 10.717 6.614 4.002 0.398 0.000 0.000 0.000 0.000 0.000 0.000 0.000 0.000 0.000 0.000 -999.250 -999.250 -999.250 -999.250 -999.250 -999.250 -999.250 -999.250 -999.250 -999.250 -999.250 -999.250 -999.250 -999.250 -999.250 -999.250 -999.250 -999.250 -999.250 -999.250 -999.250 -999.250
0.456 7.917 15.438 20.174 25.033 33.582 41.036 48.603 50.162 55.827 60.837 57.717 47.088 35.889 28.672 17.649 9.707 0.000 0.000 0.261 1.619 7.742 13.160 15.233 17.680 21.695 23.204 22.680 19.504 18.669 17.585 15.441 9.346 8.404 2.868 2.014 0.000 0.000 0.000 0.000 0.000 0.000 0.000 0.000 0.000 0.000 -999.250 -999.250 -999.250 -999.250 -999.250 -999.250 -999.250 -999.250 -999.250 -999.250 -999.250 -999.250 -999.250 -999.250 -999.250 -999.250 -999.250 -999.250 -999.250 -999.250 -999.250 -999.250
0.000 7.054 11.633 18.167 22.949 28.199 35.207 42.186 47.208 54.166 63.556 67.464 47.815 34.847 27.093 18.394 7.640 1.118 0.209 2.980 5.666 10.430 13.854 19.850 22.127 24.108 24.053 21.570 19.458 17.321 15.677 13.892 14.060 9.861 4.577 0.078 0.000 0.000 0.000 0.000 0.000 0.000 0.000 0.000 4.498 2.153 7.177 -999.250 -999.250 -999.250 -999.250 -999.250 -999.250 -999.250 -999.250 -999.250 -999.250 -999.250 -999.250 -999.250 -999.250 -999.250 -999.250 -999.250 -999.250 -999.250 -999.250 -999.250
0.000 2.396 9.908 13.652 19.122 23.657 29.710 34.695 41.629 47.113 50.937 49.805 44.792 34.654 23.735 16.110 9.904 2.770 3.275 2.996 6.883 10.980 13.723 18.492 23.727 26.991 25.611 23.618 21.593 19.659 16.614 15.377 13.532 9.545 3.054 2.224 0.000 0.000 0.000 0.000 0.000 0.021 0.896 1.368 5.423 4.459 7.327 13.148 -999.250 -999.250 -999.250 -999.250 -999.250 -999.250 -999.250 -999.250 -999.250 -999.250 -999.250 -999.250 -999.250 -999.250 -999.250 -999.250 -999.250 -999.250 -999.250 -999.250
0.462 4.186 7.862 12.747 19.436 21.931 27.469 32.926 35.860 38.869 42.610 42.454 37.887 30.116 26.351 16.834 9.276 4.888 4.069 3.534 6.703 9.930 15.633 17.337 23.231 31.260 27.614 24.141 21.764 21.581 18.756 17.852 16.091 11.181 9.141 1.657 0.000 0.000 0.013 0.749 2.050 5.614 4.070 6.127 7.272 10.965 12.766 17.422 17.694 -999.250 -999.250 -999.250 -999.250 -999.250 -999.250 -999.250 -999.250 -999.250 -999.250 -999.250 -999.250 -999.250 -999.250 -999.250 -999.250 -999.250 -999.250 -999.250
0.000 1.987 8.376 12.839 20.776 21.611 23.635 29.646 34.359 35.366 35.169 36.023 26.918 25.774 19.735 14.084 10.524 7.841 3.790 1.868 6.905 11.293 14.566 19.369 22.447 23.277 26.845 26.440 24.170 23.702 21.014 19.750 16.813 13.127 10.790 5.528 0.000 1.329 3.207 4.695 9.336 7.792 8.737 7.697 9.937 13.150 15.331 18.521 -999.250 -999.250 -999.250 -999.250 -999.250 -999.250 -999.250 -999.250 -999.250 -999.250 -999.250 -999.250 -999.250 -999.250 -999.250 -999.250 -999.250 -999.250 -999.250 -999.250
0.188 3.817 5.558 11.679 16.249 19.776 19.699 26.773 27.856 27.964 30.160 26.418 26.476 22.202 17.203 14.208 8.485 8.437 5.636 7.484 8.215 11.435 15.549 16.618 19.518 23.261 26.930 27.856 28.047 24.235 26.357 24.517 22.546 18.616 17.789 15.414 11.003 10.261 9.615 11.041 11.516 14.263 13.401 13.095 14.296 15.768 17.527 17.775 18.668 -999.250 -999.250 -999.250 -999.250 -999.250 -999.250 -999.250 -999.250 -999.250 -999.250 -999.250 -999.250 -999.250 -999.250 -999.250 -999.250 -999.250 -999.250 -999.250
1.456 2.301 3.435 8.212 12.258 17.362 21.362 21.492 21.250 24.194 22.841 24.525 22.957 20.158 16.497 15.867 10.426 8.373 7.380 9.766 8.778 12.251 13.791 17.386 22.217 23.707 27.994 31.826 31.329 29.303 29.151 32.869 30.989 30.737 24.310 23.698 24.183 19.460 18.121 18.084 20.758 19.175 17.441 17.581 16.248 17.870 18.234 -999.250 -999.250 -999.250 -999.250 -999.250 -999.250 -999.250 -999.250 -999.250 -999.250 -999.250 -999.250 -999.250 -999.250 -999.250 -999.250 -999.250 -999.250 -999.250 -999.250 -999.250
1.183 0.430 2.116 7.158 10.732 12.128 16.072 17.098 19.271 21.487 22.685 19.517 18.895 17.080 15.982 13.453 11.814 10.084 9.210 11.368 10.483 11.902 13.184 18.206 19.649 23.648 28.956 31.354 36.272 36.257 37.280 38.098 39.960 35.802 37.489 35.083 32.302 31.843 30.357 32.938 28.306 30.184 26.737 24.920 22.177 24.863 -999.250 -999.250 -999.250 -999.250 -999.250 -999.250 -999.250 -999.250 -999.250 -999.250 -999.250 -999.250 -999.250 -999.250 -999.250 -999.250 -999.250 -999.250 -999.250 -999.250 -999.250 -999.250
0.000 1.028 2.744 4.248 9.580 12.807 12.574 15.449 15.520 17.032 17.861 15.665 14.539 14.261 14.467 14.280 10.642 10.737 10.184 14.961 12.852 14.845 14.923 18.165 23.308 28.637 32.361 37.066 36.781 42.097 38.497 41.111 48.703 50.176 48.096 47.299 40.112 45.449 38.538 39.924 38.466 37.152 34.383 32.467 29.605 28.564 -999.250 -999.250 -999.250 -999.250 -999.250 -999.250 -999.250 -999.250 -999.250 -999.250 -999.250 -999.250 -999.250 -999.250 -999.250 -999.250 -999.250 -999.250 -999.250 -999.250 -999.250 -999.250
0.000 0.000 0.299 1.749 1.486 4.398 7.549 11.170 12.988 12.040 13.167 11.568 12.632 11.530 12.212 11.994 9.543 9.081 9.718 12.476 12.282 13.899 15.288 18.189 24.548 30.986 34.527 36.831 43.583 43.807 50.976 54.699 64.885 65.375 64.597 59.820 55.083 57.157 54.349 52.425 52.078 47.404 40.822 41.715 40.874 -999.250 -999.250 -999.250 -999.250 -999.250 -999.250 -999.250 -999.250 -999.250 -999.250 -999.250 -999.250 -999.250 -999.250 -999.250 -999.250 -999.250 -999.250 -999.250 -999.250 -999.250 -999.250 -999.250
0.000 0.000 0.000 0.000 0.470 3.628 5.944 9.041 8.642 8.110 10.892 11.105 8.490 9.947 6.716 6.538 7.149 7.533 6.916 7.477 9.407 12.968 17.951 18.577 24.098 31.753 35.765 38.073 47.748 52.620 57.284 69.257 70.944 75.315 71.760 73.953 71.414 67.161 67.779 64.948 64.089 -999.250 -999.250 -999.250 -999.250 -999.250 -999.250 -999.250 -999.250 -999.250 -999.250 -999.250 -999.250 -999.250 -999.250 -999.250 -999.250 -999.250 -999.250 -999.250 -999.250 -999.250 -999.250 -999.250 -999.250 -999.250 -999.250 -999.250
0.000 0.000 0.000 0.000 0.000 0.011 1.910 6.243 5.319 7.168 8.150 8.639 7.135 8.729 7.242 5.350 8.026 4.774 6.684 6.522 8.608 10.150 15.217 19.358 23.881 30.996 40.210 45.616 57.477 59.180 63.272 72.975 81.896 81.096 85.928 85.700 82.701 83.113 78.432 -999.250 -999.250 -999.250 -999.250 -999.250 -999.250 -999.250 -999.250 -999.250 -999.250 -999.250 -999.250 -999.250 -999.250 -999.250 -999.250 -999.250 -999.250 -999.250 -999.250 -999.250 -999.250 -999.250 -999.250 -999.250 -999.250 -999.250 -999.250 -999.250
0.000 0.000 0.000 0.000 0.000 0.000 0.268 6.350 2.177 4.124 6.088 6.081 7.073 5.787 4.972 3.840 3.570 1.686 1.976 4.544 7.333 10.518 15.050 17.348 21.837 32.619 42.525 50.678 56.344 62.804 69.761 78.595 83.834 99.431 104.673 100.965 99.708 95.522 91.281 -999.250 -999.250 -999.250 -999.250 -999.250 -999.250 -999.250 -999.250 -999.250 -999.250 -999.250 -999.250 -999.250 -999.250 -999.250 -999.250 -999.250 -999.250 -999.250 -999.250 -999.250 -999.250 -999.250 -999.250 -999.250 -999.250 -999.250 -999.250 -999.250
0.000 0.000 0.000 0.000 0.000 0.000 0.007 3.150 3.212 5.703 4.589 7.389 3.610 6.040 2.045 2.654 1.863 1.779 4.200 6.432 9.351 10.687 13.961 17.557 23.312 32.869 41.170 45.331 58.275 66.987 74.446 80.140 89.633 107.766 118.864 119.437 115.015 106.432 104.732 -999.250 -999.250 -999.250 -999.250 -999.250 -999.250 -999.250 -999.250 -999.250 -999.250 -999.250 -999.250 -999.250 -999.250 -999.250 -999.250 -999.250 -999.250 -999.250 -999.250 -999.250 -999.250 -999.250 -999.250 -999.250 -999.250 -999.250 -999.250 -999.250
0.000 0.000 0.000 0.000 0.000 0.000 0.000 0.000 0.000 3.692 2.121 5.648 2.548 3.442 2.028 1.592 0.000 0.392 0.616 6.554 9.654 9.675 14.752 18.823 22.747 29.659 41.556 47.895 57.849 68.956 73.822 87.125 99.873 115.539 133.212 147.214 127.234 112.043 102.124 -999.250 -999.250 -999.250 -999.250 -999.250 -999.250 -999.250 -999.250 -999.250 -999.250 -999.250 -999.250 -999.250 -999.250 -999.250 -999.250 -999.250 -999.250 -999.250 -999.250 -999.250 -999.250 -999.250 -999.250 -999.250 -999.250 -999.250 -999.250 -999.250
0.000 0.000 0.000 0.000 0.000 0.000 0.000 0.000 1.839 1.810 1.812 0.821 0.040 0.039 0.000 0.000 0.000 0.000 1.255 7.549 7.182 11.915 16.296 18.210 22.937 32.055 39.156 47.306 55.191 63.991 76.331 85.995 111.018 116.016 126.397 129.812 122.809 105.064 101.369 -999.250 -999.250 -999.250 -999.250 -999.250 -999.250 -999.250 -999.250 -999.250 -999.250 -999.250 -999.250 -999.250 -999.250 -999.250 -999.250 -999.250 -999.250 -999.250 -999.250 -999.250 -999.250 -999.250 -999.250 -999.250 -999.250 -999.250 -999.250 -999.250
0.000 0.000 0.000 0.000 0.000 0.000 0.000 0.000 1.715 0.782 0.000 0.402 0.000 0.009 0.000 0.209 0.000 0.000 0.000 2.196 6.639 10.482 14.104 19.077 25.918 28.003 37.546 42.069 52.124 61.215 74.504 87.622 95.544 102.595 116.793 112.065 115.862 102.612 99.850 -999.250 -999.250 -999.250 -999.250 -999.250 -999.250 -999.250 -999.250 -999.250 -999.250 -999.250 -999.250 -999.250 -999.250 -999.250 -999.250 -999.250 -999.250 -999.250 -999.250 -999.250 -999.250 -999.250 -999.250 -999.250 -999.250 -999.250 -999.250 -999.250
0.000 0.000 0.000 0.000 0.000 0.000 0.000 0.000 0.000 0.000 0.062 0.000 0.001 0.000 0.000 0.000 0.000 0.000 0.000 0.166 8.343 9.164 14.484 19.348 24.792 29.178 36.021 46.850 54.546 60.502 73.651 80.718 92.367 101.052 103.104 101.375 110.043 101.890 99.885 93.576 78.032 -999.250 -999.250 -999.250 -999.250 -999.250 -999.250 -999.250 -999.250 -999.250 -999.250 -999.250 -999.250 -999.250 -999.250 -999.250 -999.250 -999.250 -999.250 -999.250 -999.250 -999.250 -999.250 -999.250 -999.250 -999.250 -999.250 -999.250
0.000 0.000 0.000 0.000 0.000 0.000 0.000 0.000 0.397 0.273 0.000 0.000 0.000 0.000 0.000 0.000 0.000 0.000 0.000 0.000 0.189 5.279 12.360 17.902 20.786 28.529 34.346 41.711 52.030 58.409 65.108 75.766 82.952 86.370 97.760 93.943 101.130 94.237 83.597 79.586 78.258 74.608 69.353 -999.250 -999.250 -999.250 -999.250 -999.250 -999.250 -999.250 -999.250 -999.250 -999.250 -999.250 -999.250 -999.250 -999.250 -999.250 -999.250 -999.250 -999.250 -999.250 -999.250 -999.250 -999.250 -999.250 -999.250 -999.250
0.000 0.000 0.000 0.000 0.000 0.000 0.000 0.000 0.542 0.833 0.000 0.000 0.000 0.000 0.000 0.000 0.000 0.000 0.000 0.000 0.516 5.690 8.939 14.685 17.531 26.453 31.481 39.771 46.959 53.417 62.131 69.529 76.246 76.834 81.262 84.881 89.977 88.071 85.138 79.833 78.310 76.174 68.599 -999.250 -999.250 -999.250 -999.250 -999.250 -999.250 -999.250 -999.250 -999.250 -999.250 -999.250 -999.250 -999.250 -999.250 -999.250 -999.250 -999.250 -999.250 -999.250 -999.250 -999.250 -999.250 -999.250 -999.250 -999.250
0.000 0.000 0.000 0.000 0.000 0.000 0.000 0.000 0.000 0.000 0.000 0.000 0.532 0.000 0.000 0.000 0.000 0.000 0.000 0.000 0.000 3.023 7.967 9.661 15.764 20.355 25.403 35.588 40.324 50.488 57.014 61.502 68.125 68.979 77.971 77.081 81.534 76.305 79.234 72.864 74.042 76.382 71.929 67.079 -999.250 -999.250 -999.250 -999.250 -999.250 -999.250 -999.250 -999.250 -999.250 -999.250 -999.250 -999.250 -999.250 -999.250 -999.250 -999.250 -999.250 -999.250 -999.250 -999.250 -999.250 -999.250 -999.250 -999.250
0.000 0.000 0.000 0.000 0.000 0.000 0.490 0.000 3.284 1.778 0.000 0.503 0.754 0.000 0.000 0.000 0.000 0.000 0.000 1.704 1.557 3.493 2.564 8.299 11.839 18.258 23.215 31.584 35.584 43.832 49.738 59.204 63.488 67.928 70.834 70.788 75.182 76.720 74.761 74.311 69.431 72.397 66.199 62.599 53.081 -999.250 -999.250 -999.250 -999.250 -999.250 -999.250 -999.250 -999.250 -999.250 -999.250 -999.250 -999.250 -999.250 -999.250 -999.250 -999.250 -999.250 -999.250 -999.250 -999.250 -999.250 -999.250 -999.250
0.000 0.186 0.000 0.889 3.486 2.262 5.304 5.751 7.042 4.722 5.188 4.383 3.452 0.579 0.000 0.035 0.000 0.000 1.940 0.924 0.000 1.285 2.977 3.585 12.833 16.845 21.446 22.884 30.676 34.964 41.716 46.626 54.491 62.476 68.127 68.327 75.281 75.460 70.468 68.881 72.014 67.098 64.010 58.993 47.828 -999.250 -999.250 -999.250 -999.250 -999.250 -999.250 -999.250 -999.250 -999.250 -999.250 -999.250 -999.250 -999.250 -999.250 -999.250 -999.250 -999.250 -999.250 -999.250 -999.250 -999.250 -999.250 -999.250
1.853 3.976 5.063 2.987 6.783 7.493 9.242 8.201 9.164 8.426 9.573 8.348 8.298 7.238 5.066 3.017 2.734 4.040 2.609 2.440 4.039 5.053 5.559 6.785 12.329 14.832 18.436 19.580 23.526 30.435 34.877 37.848 48.767 56.916 58.663 64.406 69.640 67.686 66.804 67.608 64.180 62.195 58.356 45.002 39.217 43.809 -999.250 -999.250 -999.250 -999.250 -999.250 -999.250 -999.250 -999.250 -999.250 -999.250 -999.250 -999.250 -999.250 -999.250 -999.250 -999.250 -999.250 -999.250 -999.250 -999.250 -999.250 -999.250
7.553 9.617 8.613 10.183 11.752 11.594 12.726 12.871 15.045 15.142 13.261 13.808 11.604 7.916 8.767 9.983 8.430 5.911 3.799 6.753 5.841 5.688 6.562 9.189 9.281 11.184 13.285 18.464 20.927 24.584 32.044 42.138 47.309 47.397 47.651 57.982 54.010 60.192 64.592 58.002 56.073 49.734 47.172 42.581 39.454 -999.250 -999.250 -999.250 -999.250 -999.250 -999.250 -999.250 -999.250 -999.250 -999.250 -999.250 -999.250 -999.250 -999.250 -999.250 -999.250 -999.250 -999.250 -999.250 -999.250 -999.250 -999.250 -999.250
