data/medianmodel_23-Dec-2020.asc
ncols	141
nrows	288
xllcorner	-120191.398
yllcorner	-301404.813
cellsize	2000.000
NODATA_value	-999.250
[rows 29 to 57 of 288, columns 64 to 127 of 141]
507.796 501.489 488.989 511.668 542.766 534.683 541.138 567.702 589.150 585.310 602.351 612.172 647.078 710.779 736.720 762.195 800.044 847.789 916.797 988.429 986.086 1012.157 1038.022 1029.889 1121.547 1092.655 1099.196 1108.430 1117.019 1211.509 1282.224 1155.447 998.803 983.979 843.760 822.776 787.191 762.465 794.818 773.231 778.831 835.555 945.389 1022.051 1045.071 1116.558 1153.502 1181.278 1196.948 1205.678 1271.170 1266.226 1285.526 1345.280 1436.503 1505.305 1690.618 1759.872 1758.074 1813.792 1893.382 1924.544 2020.916 2065.283
448.373 447.866 437.260 454.783 489.610 514.990 521.978 564.410 562.410 579.791 604.453 614.286 649.245 695.921 754.460 763.504 819.002 876.151 952.773 922.430 975.686 963.761 1029.332 1023.259 1033.065 1043.833 1112.587 1059.558 1070.440 1150.360 1157.444 1054.849 932.102 829.498 776.841 759.120 764.377 757.973 761.805 767.552 771.831 862.788 945.514 1037.073 1101.808 1108.221 1181.821 1222.322 1230.214 1274.726 1254.067 1256.151 1416.505 1442.075 1552.077 1520.524 1720.290 1798.147 1802.039 1844.963 1971.466 1967.529 2035.009 2087.994
404.590 408.090 399.919 415.535 436.329 478.772 504.455 512.339 557.572 570.528 588.898 639.032 675.400 706.702 773.029 783.009 857.452 894.667 927.481 996.207 959.033 965.618 994.635 997.952 1007.790 1007.566 965.983 987.728 1017.052 996.180 971.086 977.531 817.641 807.306 755.581 713.443 689.407 698.584 733.303 759.199 802.916 869.628 973.063 1072.910 1128.614 1195.944 1203.235 1206.194 1233.378 1253.218 1306.785 1310.374 1292.112 1401.601 1506.963 1558.186 1648.901 1714.819 1837.739 1866.550 1940.922 1970.206 1952.643 2008.439
381.066 383.458 386.312 409.228 433.538 452.381 487.881 508.212 544.253 580.761 604.311 634.081 697.325 677.334 735.659 835.765 876.696 901.325 935.685 973.616 987.883 932.104 948.563 918.842 916.062 905.784 950.391 905.320 898.984 882.000 834.000 795.868 742.036 680.134 665.169 627.296 641.036 638.158 719.753 765.040 778.032 868.667 960.359 1095.066 1154.901 1206.089 1222.995 1217.878 1238.431 1249.376 1293.040 1299.431 1279.694 1345.554 1557.322 1654.995 1629.056 1699.541 1711.684 1834.820 1913.437 1826.782 1891.381 1929.810
359.735 352.696 369.097 388.594 402.343 416.466 465.584 522.275 550.817 598.925 630.650 614.545 636.742 706.380 765.514 832.308 874.097 942.665 932.935 920.376 959.405 936.886 849.075 875.002 821.084 832.060 809.887 788.825 777.163 791.558 734.652 704.392 659.203 629.157 583.219 566.135 596.802 604.075 653.687 721.854 768.068 891.439 1001.943 1109.386 1226.233 1239.378 1246.154 1252.299 1313.445 1344.898 1263.213 1266.189 1257.278 1307.808 1334.897 1471.894 1631.057 1625.746 1850.833 1840.828 1841.738 1724.125 1689.228 1811.852
319.939 330.715 356.640 373.207 387.985 437.784 464.684 507.506 559.793 615.027 628.625 624.878 668.343 712.251 789.972 832.957 927.674 986.810 919.667 951.235 941.434 902.489 895.783 804.441 768.681 712.257 722.668 707.670 674.933 685.204 609.282 581.181 578.725 548.699 535.604 495.129 523.818 566.012 618.383 735.478 783.972 913.728 1010.914 1130.472 1202.725 1217.827 1236.160 1258.180 1257.476 1253.686 1283.716 1269.396 1274.130 1316.740 1344.652 1379.402 1488.453 1716.710 1535.734 1665.100 1602.053 1566.498 1563.974 1520.739
327.595 346.359 357.228 372.709 394.272 422.826 471.806 494.906 551.313 570.338 604.680 617.626 689.891 740.862 766.172 811.775 896.495 978.179 911.799 876.058 848.214 807.666 799.615 728.050 696.221 659.002 625.103 591.542 586.152 565.133 584.826 549.368 516.053 472.569 431.571 430.949 476.193 523.637 580.358 688.456 744.098 856.570 973.924 1077.505 1127.495 1226.120 1251.647 1271.417 1223.228 1207.452 1274.130 1267.370 1248.582 1249.676 1286.332 1318.401 1358.769 1418.544 1470.378 1419.502 1520.214 1348.058 1325.539 1236.349
374.252 370.511 380.488 390.470 394.590 413.447 451.422 506.372 546.202 566.066 584.046 618.451 665.131 694.031 731.531 778.211 841.970 913.381 835.818 806.669 784.823 750.675 699.439 664.213 600.440 565.953 544.144 524.375 515.997 521.041 525.504 480.466 421.814 393.252 387.222 353.958 415.837 525.236 583.196 674.694 764.597 906.551 951.808 1090.190 1168.972 1228.984 1248.651 1238.935 1232.480 1219.062 1241.895 1260.496 1231.157 1243.403 1251.307 1305.777 1295.168 1266.296 1245.267 1241.449 1258.753 1213.290 1265.017 1223.606
384.538 378.619 384.273 383.436 393.407 418.695 457.381 515.672 534.647 565.625 567.197 594.019 644.129 681.083 738.639 770.537 824.347 787.567 767.169 765.549 715.931 671.636 632.178 583.417 561.659 507.001 463.031 435.217 465.064 453.034 440.012 406.401 398.576 368.683 354.704 376.943 437.238 501.025 579.348 663.974 790.494 895.012 1009.824 1119.919 1187.387 1192.275 1233.426 1221.950 1215.448 1223.681 1190.395 1261.613 1215.572 1179.982 1207.126 1272.534 1248.628 1247.621 1183.716 1175.639 1220.314 1231.055 1175.187 1140.158
414.817 395.570 404.372 412.919 408.450 428.401 471.498 503.162 522.691 553.804 585.975 589.863 614.562 669.447 671.404 708.750 751.904 726.495 710.238 652.219 659.525 603.356 557.294 498.265 459.013 397.782 384.832 380.794 394.973 388.627 375.014 362.808 364.102 357.495 371.295 382.887 442.054 526.923 628.373 721.242 845.856 982.729 1021.677 1144.189 1207.638 1197.402 1239.106 1218.660 1234.296 1256.302 1221.717 1163.807 1182.747 1163.163 1163.483 1164.247 1153.036 1194.953 1117.960 1161.601 1136.638 1115.472 1122.569 1056.460
471.555 427.261 424.807 424.173 439.127 464.946 475.692 489.558 531.848 555.632 580.618 594.869 603.862 637.745 665.402 675.446 650.359 647.463 619.360 579.356 574.733 528.030 458.574 399.462 367.096 349.088 330.409 332.323 340.530 330.672 326.690 311.226 316.700 340.251 375.801 411.272 493.266 543.432 626.395 738.462 846.665 922.524 1027.715 1153.180 1213.976 1185.063 1202.953 1237.554 1195.775 1221.012 1221.581 1199.452 1174.556 1114.416 1139.720 1162.344 1108.240 1094.406 1084.367 1044.241 1068.470 1020.816 983.795 1000.315
514.164 482.539 458.850 462.147 475.618 480.745 487.381 517.274 539.151 551.732 573.365 585.185 594.005 626.940 618.759 611.772 626.787 600.147 591.079 563.994 524.003 465.145 393.167 341.385 292.879 285.898 277.049 273.909 289.534 281.651 296.888 300.610 318.212 334.102 383.490 431.402 501.958 572.370 641.896 763.313 913.186 992.458 1029.790 1148.442 1200.719 1203.707 1216.026 1212.436 1237.208 1190.633 1128.024 1159.491 1152.436 1095.073 1077.641 1054.167 1035.488 996.568 998.645 1010.676 916.795 837.558 912.201 802.992
540.210 516.832 499.513 503.887 511.834 501.943 519.224 546.196 553.702 562.034 581.163 590.126 608.998 609.808 605.074 599.226 572.361 581.790 534.496 494.162 455.126 407.766 371.413 318.235 279.977 246.757 238.144 237.668 242.537 261.446 274.308 289.331 309.635 355.704 386.651 430.892 516.111 586.732 645.746 731.122 819.667 981.756 1046.879 1169.379 1234.868 1259.252 1225.459 1211.019 1167.505 1194.385 1062.577 1087.646 1049.341 1059.887 1009.484 961.064 954.394 921.633 864.350 825.650 843.165 800.624 748.606 771.882
562.629 535.949 545.767 555.110 544.630 540.958 560.017 560.651 586.822 600.116 604.364 625.571 626.587 608.536 617.284 581.275 565.693 533.974 494.569 455.653 420.213 381.222 355.831 295.573 272.989 239.076 228.036 203.776 212.032 229.732 242.096 264.370 302.230 360.069 391.123 454.294 534.921 593.090 637.995 724.806 858.646 994.378 1095.730 1177.983 1241.957 1295.893 1258.481 1213.250 1223.223 1190.894 1081.796 1032.729 990.249 997.051 978.909 853.111 814.438 790.674 783.128 745.500 720.010 724.385 716.078 697.086
592.837 580.920 570.442 580.336 571.963 588.163 580.204 585.261 609.691 623.902 625.619 637.517 640.918 634.888 601.819 563.083 540.748 496.557 479.281 426.977 402.724 372.397 340.526 305.713 266.064 248.120 211.919 209.041 187.402 202.887 230.585 240.448 284.216 357.377 383.215 439.170 513.663 588.883 642.901 706.631 786.059 976.642 1104.585 1166.770 1292.562 1450.550 1273.444 1216.841 1173.105 1122.954 1058.668 966.607 940.648 849.169 831.822 778.919 742.774 738.848 691.856 667.204 639.989 630.595 594.697 590.138
621.537 596.604 611.901 600.731 598.763 602.590 597.068 615.094 658.019 665.500 692.274 683.763 701.947 680.822 618.062 583.275 530.795 496.540 451.204 399.559 379.825 361.809 329.867 296.815 281.361 251.533 238.739 199.896 179.377 191.386 221.165 245.073 270.333 318.903 371.257 418.371 488.887 579.694 624.428 718.274 785.211 924.867 1034.391 1111.186 1205.644 1278.741 1216.717 1198.492 1118.810 1067.674 989.761 950.466 845.169 774.331 747.223 695.179 674.123 628.390 585.963 598.596 596.930 570.615 531.612 535.196
710.784 704.420 647.091 635.449 631.463 627.582 643.791 655.453 654.808 653.883 709.139 732.873 717.927 677.604 652.085 594.232 551.778 483.936 422.438 403.135 379.513 361.971 340.147 318.903 300.998 274.564 239.269 201.084 192.456 175.750 173.043 197.502 240.205 288.591 359.850 412.347 493.951 557.930 618.752 664.527 771.403 856.714 962.623 1024.158 1139.885 1167.612 1200.151 1111.359 1074.992 979.446 869.544 772.013 755.865 708.226 651.314 618.967 583.889 571.986 568.435 535.965 528.468 517.150 498.290 490.277
771.412 743.157 713.454 688.051 638.862 631.349 663.145 681.436 705.551 683.090 700.751 742.742 804.611 717.613 696.507 595.570 542.629 471.385 416.794 376.951 366.254 360.845 345.034 354.581 349.860 284.966 241.714 215.784 175.288 157.097 159.425 161.202 201.910 275.312 332.750 400.087 483.718 558.520 589.241 646.937 704.503 786.460 902.911 929.598 1004.656 1024.213 1062.808 1008.899 938.267 814.619 781.722 718.836 673.462 615.860 603.279 561.412 532.931 515.868 515.588 488.609 467.654 479.697 460.145 464.694
807.906 760.896 719.793 678.238 686.852 637.268 679.687 692.514 687.562 689.951 721.066 709.305 730.868 712.042 660.670 594.790 543.193 493.678 415.760 377.551 364.791 361.506 365.780 363.682 376.471 295.117 247.577 210.929 151.309 142.133 136.566 151.546 170.286 237.661 298.915 369.979 451.869 545.996 567.211 603.342 637.750 727.192 806.459 844.545 870.927 939.135 961.739 908.900 826.692 770.334 712.582 620.252 586.942 572.013 550.523 511.056 485.436 492.231 465.015 457.091 434.364 401.273 443.897 398.323
833.458 770.267 734.082 701.537 668.398 641.317 650.206 649.043 651.968 689.909 715.956 697.354 737.118 710.386 669.056 620.559 561.313 481.907 409.220 371.338 357.964 366.313 371.738 373.155 357.057 289.526 231.893 188.977 149.104 122.217 111.732 115.224 144.507 185.070 262.453 316.472 384.486 448.828 504.511 554.234 576.534 620.378 662.870 708.236 748.177 751.677 773.339 739.637 753.687 682.319 643.692 607.757 558.841 529.535 509.224 465.287 444.389 433.179 426.437 415.102 405.999 381.545 374.995 401.298
852.196 792.316 715.321 684.506 672.369 672.732 658.888 679.800 671.801 685.315 688.373 688.029 692.809 698.528 685.896 651.911 572.742 506.109 436.775 371.747 382.855 389.698 389.769 386.868 340.500 289.461 240.469 183.563 136.751 101.220 94.202 88.246 110.207 157.200 221.249 260.401 324.844 368.673 404.382 452.417 514.559 549.437 586.710 618.386 637.832 638.723 662.012 638.474 612.270 584.080 574.657 545.656 531.237 484.881 437.406 420.774 400.259 392.425 396.705 -999.250 369.946 363.811 -999.250 -999.250
833.773 779.236 719.064 690.625 687.984 662.736 692.504 705.070 682.273 694.462 686.697 750.248 739.963 754.258 728.159 701.284 648.908 582.507 514.241 470.551 452.584 440.884 421.323 383.480 348.463 283.630 228.572 172.249 129.113 107.179 89.811 90.978 101.820 137.106 161.490 227.753 265.526 309.305 337.351 379.711 428.356 459.673 472.944 520.556 537.519 554.337 561.527 553.905 519.724 519.590 486.314 472.484 442.914 406.802 384.441 375.432 371.121 -999.250 -999.250 -999.250 -999.250 -999.250 -999.250 -999.250
763.701 712.871 718.554 661.189 664.693 651.115 670.445 719.721 703.222 707.349 705.133 730.118 800.515 838.693 804.976 784.751 717.274 659.786 611.258 572.216 533.532 499.507 462.106 401.789 351.784 280.137 227.304 162.855 125.611 96.514 83.390 85.814 94.649 111.026 139.225 173.010 211.254 245.773 285.408 319.803 338.333 364.960 385.304 430.084 458.908 479.656 482.820 452.569 461.019 442.750 429.208 407.142 386.830 376.524 370.155 355.897 -999.250 -999.250 -999.250 -999.250 -999.250 -999.250 -999.250 -999.250
720.297 681.463 656.624 660.792 623.034 667.025 693.993 710.524 754.999 784.235 742.537 804.026 843.984 911.837 886.701 883.003 848.075 800.439 752.654 675.025 660.020 581.461 532.250 448.646 365.190 281.888 219.451 167.006 122.864 99.678 89.168 73.449 86.804 102.007 118.327 133.120 164.375 183.277 216.957 238.863 265.054 292.823 333.691 365.134 383.528 380.707 382.834 383.527 376.736 384.060 374.344 362.672 349.616 335.711 320.986 341.109 -999.250 -999.250 -999.250 -999.250 -999.250 -999.250 -999.250 -999.250
645.931 637.010 609.699 615.330 599.226 601.290 651.000 698.254 768.103 909.749 1008.052 947.687 913.766 968.134 1034.009 1020.016 988.267 955.844 895.283 859.213 770.793 666.652 605.295 491.568 382.849 301.543 237.842 164.737 127.749 105.821 94.046 86.383 87.843 92.909 98.038 114.236 143.519 145.047 160.133 167.347 194.932 231.173 258.535 284.627 309.618 322.896 320.119 324.007 340.930 345.534 322.279 311.500 318.534 306.938 282.581 -999.250 -999.250 -999.250 -999.250 -999.250 -999.250 -999.250 -999.250 -999.250
600.671 590.902 588.002 568.936 569.036 590.280 655.903 726.290 813.314 871.791 980.933 1030.043 991.916 1035.024 1058.810 1098.277 1098.833 1113.792 1105.834 1046.133 983.373 827.829 671.072 554.097 414.659 307.894 244.821 190.539 145.820 111.486 94.695 93.620 93.184 104.578 94.497 96.464 106.425 121.493 132.428 139.116 151.366 170.254 186.369 228.332 251.317 273.525 271.214 281.862 296.717 284.019 302.199 285.376 278.297 282.913 -999.250 -999.250 -999.250 -999.250 -999.250 -999.250 -999.250 -999.250 -999.250 -999.250
561.491 550.119 560.060 537.455 527.014 558.580 599.242 677.477 763.754 835.439 965.819 995.274 1002.624 1069.228 1160.812 1211.818 1214.201 1209.149 1231.173 1191.811 1088.398 915.317 722.560 575.682 429.080 308.772 252.228 200.875 165.062 140.631 115.591 103.932 104.737 100.082 97.445 98.712 102.549 110.054 117.066 117.397 132.702 145.839 156.053 191.902 205.926 204.832 226.032 227.217 254.434 251.429 253.972 266.625 265.144 272.690 -999.250 -999.250 -999.250 -999.250 -999.250 -999.250 -999.250 -999.250 -999.250 -999.250
517.645 502.658 499.170 463.285 458.724 498.557 568.264 623.182 723.299 838.762 872.145 953.650 1033.313 1077.592 1174.296 1238.069 1241.083 1246.017 1278.636 1425.493 1203.797 1025.470 806.352 607.522 489.890 363.502 290.102 228.661 194.464 162.239 152.125 131.394 118.766 106.380 103.098 106.025 107.760 112.406 113.878 113.134 116.601 129.354 136.743 158.628 165.304 170.377 175.690 199.708 207.844 225.092 246.314 254.912 248.516 -999.250 -999.250 -999.250 -999.250 -999.250 -999.250 -999.250 -999.250 -999.250 -999.250 -999.250
477.484 461.712 433.644 404.164 384.729 460.379 522.640 600.949 682.982 783.290 826.722 880.651 952.188 1044.514 1167.219 1265.384 1200.823 1276.178 1274.117 1243.343 1172.656 1004.150 800.847 641.271 530.867 412.919 354.389 281.768 255.204 214.016 197.240 162.106 141.049 125.114 110.487 115.895 115.797 138.398 119.944 109.632 111.333 120.688 123.624 145.791 146.827 159.896 155.560 185.523 189.590 205.107 228.808 242.571 232.624 -999.250 -999.250 -999.250 -999.250 -999.250 -999.250 -999.250 -999.250 -999.250 -999.250 -999.250
