data/medianmodel_18-May-2020.asc
ncols	141
nrows	288
xllcorner	-120191.398
yllcorner	-301404.813
cellsize	2000.000
NODATA_value	-999.250
[rows 93 to 123 of 288, columns 69 to 137 of 141]
10.267 12.980 13.657 14.542 13.331 16.007 13.158 10.115 7.900 4.877 4.461 3.995 3.215 2.997 2.090 2.096 0.534 0.000 1.444 2.526 4.497 3.547 5.889 5.813 7.855 5.972 6.018 9.041 7.246 9.965 7.859 6.006 6.662 6.383 5.890 8.482 7.489 7.685 9.173 7.054 8.590 6.702 6.848 8.072 9.015 -999.250 -999.250 -999.250 -999.250 -999.250 -999.250 -999.250 -999.250 -999.250 -999.250 -999.250 -999.250 -999.250 -999.250 -999.250 -999.250 -999.250 -999.250 -999.250 -999.250 -999.250 -999.250 -999.250 -999.250
10.909 17.105 17.272 16.322 18.697 13.862 9.717 9.020 6.637 5.972 5.670 2.010 1.969 1.059 0.000 0.000 0.000 0.000 0.033 1.361 3.881 4.459 3.972 4.509 6.393 6.114 5.846 9.299 8.421 7.710 8.196 6.159 8.321 6.580 9.578 5.292 8.806 10.936 8.752 7.166 7.593 5.922 6.304 5.577 10.105 -999.250 -999.250 -999.250 -999.250 -999.250 -999.250 -999.250 -999.250 -999.250 -999.250 -999.250 -999.250 -999.250 -999.250 -999.250 -999.250 -999.250 -999.250 -999.250 -999.250 -999.250 -999.250 -999.250 -999.250
16.756 18.346 22.934 24.655 22.777 18.879 13.826 8.467 9.482 6.031 3.628 3.156 2.180 0.314 0.000 0.000 0.000 0.000 0.000 0.973 1.133 0.758 4.413 3.891 4.733 3.876 4.742 6.720 6.675 5.488 5.591 8.983 10.276 7.669 5.110 6.883 9.119 8.610 8.224 10.275 8.063 4.977 6.422 5.689 8.066 -999.250 -999.250 -999.250 -999.250 -999.250 -999.250 -999.250 -999.250 -999.250 -999.250 -999.250 -999.250 -999.250 -999.250 -999.250 -999.250 -999.250 -999.250 -999.250 -999.250 -999.250 -999.250 -999.250 -999.250
24.676 27.497 31.175 27.855 27.192 23.309 18.891 12.866 9.504 5.817 4.498 2.944 0.173 1.007 0.000 0.000 0.000 0.000 0.000 2.626 2.081 0.901 1.938 0.294 0.078 2.354 3.267 3.465 7.605 6.255 6.700 7.380 7.625 6.962 6.738 8.644 6.516 5.709 7.189 10.006 8.139 6.641 5.923 6.541 7.000 8.158 -999.250 -999.250 -999.250 -999.250 -999.250 -999.250 -999.250 -999.250 -999.250 -999.250 -999.250 -999.250 -999.250 -999.250 -999.250 -999.250 -999.250 -999.250 -999.250 -999.250 -999.250 -999.250 -999.250
24.358 29.088 39.539 39.310 35.036 29.358 19.427 15.998 12.302 6.457 4.834 3.525 1.998 1.838 0.000 0.000 0.000 0.000 0.000 1.237 1.133 1.647 1.354 0.000 0.000 1.206 2.372 3.063 3.162 6.647 6.456 6.697 6.932 7.250 8.397 9.936 7.381 6.366 9.194 8.607 8.106 6.938 7.114 7.033 6.250 6.651 6.457 -999.250 -999.250 -999.250 -999.250 -999.250 -999.250 -999.250 -999.250 -999.250 -999.250 -999.250 -999.250 -999.250 -999.250 -999.250 -999.250 -999.250 -999.250 -999.250 -999.250 -999.250 -999.250
27.483 36.691 47.057 55.098 42.463 30.549 22.805 18.342 12.931 9.133 5.237 4.936 2.081 3.095 0.000 0.000 0.188 0.055 0.291 0.762 0.710 0.996 0.000 0.000 0.000 0.000 0.558 4.741 2.679 3.560 7.004 7.578 7.246 6.864 8.811 9.136 8.154 7.742 8.614 8.535 5.682 6.455 6.309 6.990 7.099 6.527 6.247 5.133 -999.250 -999.250 -999.250 -999.250 -999.250 -999.250 -999.250 -999.250 -999.250 -999.250 -999.250 -999.250 -999.250 -999.250 -999.250 -999.250 -999.250 -999.250 -999.250 -999.250 -999.250
36.431 52.796 54.233 67.522 47.425 44.353 27.671 25.074 16.126 10.318 5.689 4.524 2.518 2.339 2.895 0.590 0.384 0.426 0.994 0.856 0.000 0.000 0.000 0.000 0.000 0.000 0.000 1.577 3.104 6.066 6.126 8.619 7.835 6.122 7.244 9.447 8.661 8.543 7.647 6.485 5.658 8.037 8.134 9.674 8.220 6.176 5.960 -999.250 -999.250 -999.250 -999.250 -999.250 -999.250 -999.250 -999.250 -999.250 -999.250 -999.250 -999.250 -999.250 -999.250 -999.250 -999.250 -999.250 -999.250 -999.250 -999.250 -999.250 -999.250
33.647 39.600 50.437 57.468 40.426 34.247 24.640 19.391 12.640 9.047 7.211 3.980 3.539 3.409 2.539 2.950 3.629 0.878 2.150 0.510 0.000 1.113 0.000 0.000 0.000 0.000 0.000 0.550 2.898 4.810 8.023 7.393 6.783 6.834 6.149 5.422 6.036 7.522 7.965 5.790 6.061 6.769 7.354 9.224 6.947 4.490 5.835 2.464 -999.250 -999.250 -999.250 -999.250 -999.250 -999.250 -999.250 -999.250 -999.250 -999.250 -999.250 -999.250 -999.250 -999.250 -999.250 -999.250 -999.250 -999.250 -999.250 -999.250 -999.250
30.148 35.210 42.394 44.380 33.451 28.029 22.897 16.568 11.191 8.158 9.078 4.503 5.494 5.588 4.441 4.520 4.417 3.033 3.693 2.322 0.881 0.732 0.088 0.000 0.194 0.772 2.793 4.160 4.152 5.229 4.947 6.597 7.967 5.397 5.048 4.729 5.292 5.778 6.480 6.594 5.276 4.642 8.714 8.396 5.991 5.183 -999.250 -999.250 -999.250 -999.250 -999.250 -999.250 -999.250 -999.250 -999.250 -999.250 -999.250 -999.250 -999.250 -999.250 -999.250 -999.250 -999.250 -999.250 -999.250 -999.250 -999.250 -999.250 -999.250
24.490 29.238 29.166 32.214 25.979 21.747 18.248 14.201 11.226 7.973 8.228 5.302 3.753 5.886 5.113 5.045 3.694 4.922 2.848 1.926 2.607 1.344 0.784 0.034 2.053 5.030 5.039 3.989 5.106 6.220 7.386 5.867 6.702 7.313 5.292 2.697 3.916 4.712 6.066 7.415 5.933 7.470 6.540 6.795 6.160 -999.250 -999.250 -999.250 -999.250 -999.250 -999.250 -999.250 -999.250 -999.250 -999.250 -999.250 -999.250 -999.250 -999.250 -999.250 -999.250 -999.250 -999.250 -999.250 -999.250 -999.250 -999.250 -999.250 -999.250
15.317 20.587 26.798 19.466 23.324 22.636 15.757 9.351 8.458 9.508 8.396 6.879 6.454 2.236 3.730 4.924 5.354 5.669 4.275 3.733 2.323 2.822 1.966 2.033 4.604 4.114 5.610 7.912 5.067 6.890 5.574 5.608 4.870 7.442 4.037 1.822 1.630 3.301 4.766 3.588 6.350 6.614 5.977 6.900 3.709 -999.250 -999.250 -999.250 -999.250 -999.250 -999.250 -999.250 -999.250 -999.250 -999.250 -999.250 -999.250 -999.250 -999.250 -999.250 -999.250 -999.250 -999.250 -999.250 -999.250 -999.250 -999.250 -999.250 -999.250
13.182 16.162 20.466 17.249 16.872 15.773 12.925 9.249 7.940 6.846 7.422 4.677 3.960 2.890 3.854 6.137 5.294 4.509 3.423 2.730 2.562 3.789 2.497 1.422 3.254 4.236 6.022 8.559 5.412 6.393 5.180 6.474 5.246 2.818 1.028 0.088 3.251 4.348 2.825 2.310 4.033 2.108 4.438 3.264 -999.250 -999.250 -999.250 -999.250 -999.250 -999.250 -999.250 -999.250 -999.250 -999.250 -999.250 -999.250 -999.250 -999.250 -999.250 -999.250 -999.250 -999.250 -999.250 -999.250 -999.250 -999.250 -999.250 -999.250 -999.250
10.987 10.479 14.484 14.839 13.678 9.237 8.506 6.160 5.446 4.579 6.167 5.957 5.524 5.227 4.182 3.538 3.173 3.494 3.763 4.191 3.106 3.162 3.286 3.440 3.402 4.319 6.893 6.065 4.829 4.183 5.665 4.345 3.402 1.592 2.682 0.000 3.066 3.063 0.411 2.089 -999.250 -999.250 -999.250 -999.250 -999.250 -999.250 -999.250 -999.250 -999.250 -999.250 -999.250 -999.250 -999.250 -999.250 -999.250 -999.250 -999.250 -999.250 -999.250 -999.250 -999.250 -999.250 -999.250 -999.250 -999.250 -999.250 -999.250 -999.250 -999.250
5.371 7.206 9.127 10.348 10.880 5.636 5.323 5.920 4.991 6.066 6.481 6.920 6.920 6.028 2.775 3.701 3.892 3.070 3.981 4.131 3.059 4.647 3.385 3.316 2.527 6.033 5.569 4.761 5.639 4.370 4.930 4.712 4.401 3.262 1.999 0.665 1.680 3.022 -999.250 -999.250 -999.250 -999.250 -999.250 -999.250 -999.250 -999.250 -999.250 -999.250 -999.250 -999.250 -999.250 -999.250 -999.250 -999.250 -999.250 -999.250 -999.250 -999.250 -999.250 -999.250 -999.250 -999.250 -999.250 -999.250 -999.250 -999.250 -999.250 -999.250 -999.250
3.871 2.473 4.006 4.125 7.181 6.114 5.079 3.302 3.746 6.229 7.457 6.073 5.148 5.468 5.149 7.186 4.919 6.319 5.387 3.764 2.386 5.021 3.825 2.705 5.587 5.359 4.331 5.208 7.211 4.553 4.787 2.725 1.266 0.990 2.080 1.789 1.225 1.752 -999.250 -999.250 -999.250 -999.250 -999.250 -999.250 -999.250 -999.250 -999.250 -999.250 -999.250 -999.250 -999.250 -999.250 -999.250 -999.250 -999.250 -999.250 -999.250 -999.250 -999.250 -999.250 -999.250 -999.250 -999.250 -999.250 -999.250 -999.250 -999.250 -999.250 -999.250
1.288 3.114 3.864 2.754 5.153 5.721 4.771 2.986 6.222 6.581 5.022 4.497 4.854 4.254 3.983 4.611 4.239 3.634 4.252 3.687 3.036 3.012 1.961 4.852 4.700 4.360 5.724 5.433 6.880 6.385 3.229 2.363 0.465 0.293 0.000 0.000 0.474 1.940 -999.250 -999.250 -999.250 -999.250 -999.250 -999.250 -999.250 -999.250 -999.250 -999.250 -999.250 -999.250 -999.250 -999.250 -999.250 -999.250 -999.250 -999.250 -999.250 -999.250 -999.250 -999.250 -999.250 -999.250 -999.250 -999.250 -999.250 -999.250 -999.250 -999.250 -999.250
0.000 1.036 1.219 3.905 3.248 4.741 6.884 5.410 5.080 6.409 4.913 5.241 6.805 4.750 4.259 6.245 5.181 3.948 3.722 4.187 4.710 4.479 2.782 2.850 4.726 4.048 3.952 5.060 3.811 2.152 1.562 0.295 0.000 0.000 0.000 0.000 0.471 0.000 -999.250 -999.250 -999.250 -999.250 -999.250 -999.250 -999.250 -999.250 -999.250 -999.250 -999.250 -999.250 -999.250 -999.250 -999.250 -999.250 -999.250 -999.250 -999.250 -999.250 -999.250 -999.250 -999.250 -999.250 -999.250 -999.250 -999.250 -999.250 -999.250 -999.250 -999.250
0.000 1.162 0.998 2.423 3.461 4.321 6.999 7.136 5.930 6.530 6.132 6.255 6.161 8.318 6.995 5.934 7.255 3.997 3.774 3.978 3.492 2.686 2.776 2.215 4.271 4.880 3.995 2.528 3.435 4.160 1.601 0.049 0.000 0.000 0.000 0.000 0.089 0.000 -999.250 -999.250 -999.250 -999.250 -999.250 -999.250 -999.250 -999.250 -999.250 -999.250 -999.250 -999.250 -999.250 -999.250 -999.250 -999.250 -999.250 -999.250 -999.250 -999.250 -999.250 -999.250 -999.250 -999.250 -999.250 -999.250 -999.250 -999.250 -999.250 -999.250 -999.250
0.598 0.000 0.129 1.509 2.674 4.052 7.126 9.316 7.047 7.959 9.263 6.267 6.708 7.323 5.426 6.366 2.752 3.256 3.253 2.541 2.593 3.415 3.184 3.163 3.856 4.640 1.703 2.259 1.308 2.292 0.845 0.000 0.000 0.000 0.000 0.000 1.960 0.635 -999.250 -999.250 -999.250 -999.250 -999.250 -999.250 -999.250 -999.250 -999.250 -999.250 -999.250 -999.250 -999.250 -999.250 -999.250 -999.250 -999.250 -999.250 -999.250 -999.250 -999.250 -999.250 -999.250 -999.250 -999.250 -999.250 -999.250 -999.250 -999.250 -999.250 -999.250
0.000 0.000 0.000 1.712 3.872 4.573 5.872 7.852 4.674 5.361 7.493 5.529 8.980 7.702 5.423 3.868 3.827 3.467 2.793 4.969 4.519 1.950 1.980 2.968 5.129 4.608 3.956 2.367 2.703 3.551 3.269 3.009 1.987 0.143 1.242 0.807 2.661 2.470 3.226 2.738 -999.250 -999.250 -999.250 -999.250 -999.250 -999.250 -999.250 -999.250 -999.250 -999.250 -999.250 -999.250 -999.250 -999.250 -999.250 -999.250 -999.250 -999.250 -999.250 -999.250 -999.250 -999.250 -999.250 -999.250 -999.250 -999.250 -999.250 -999.250 -999.250
0.000 0.000 0.000 1.025 1.578 4.565 5.436 5.288 6.990 5.958 6.756 7.537 7.884 6.018 7.145 5.167 3.683 4.466 3.563 3.670 3.537 4.044 2.234 1.881 2.440 3.722 3.367 3.588 5.181 4.182 1.017 4.157 2.806 2.113 3.651 1.619 4.851 2.558 4.357 3.133 4.315 3.519 -999.250 -999.250 -999.250 -999.250 -999.250 -999.250 -999.250 -999.250 -999.250 -999.250 -999.250 -999.250 -999.250 -999.250 -999.250 -999.250 -999.250 -999.250 -999.250 -999.250 -999.250 -999.250 -999.250 -999.250 -999.250 -999.250 -999.250
0.000 0.000 0.000 0.522 2.339 4.456 6.531 8.870 7.905 9.160 7.035 9.271 8.389 7.523 5.379 5.794 3.200 4.046 3.393 2.475 4.078 4.823 4.728 1.038 0.550 4.105 3.914 4.164 4.828 4.167 1.741 2.961 4.608 4.081 4.658 5.453 5.268 5.826 2.155 4.412 7.711 5.935 -999.250 -999.250 -999.250 -999.250 -999.250 -999.250 -999.250 -999.250 -999.250 -999.250 -999.250 -999.250 -999.250 -999.250 -999.250 -999.250 -999.250 -999.250 -999.250 -999.250 -999.250 -999.250 -999.250 -999.250 -999.250 -999.250 -999.250
1.669 0.089 0.000 0.505 0.918 4.960 5.922 6.392 8.568 9.398 11.217 8.366 8.216 4.165 6.896 5.924 3.692 3.562 4.106 3.756 4.395 5.077 3.551 3.418 3.487 4.074 4.373 5.952 6.778 4.634 3.595 3.773 5.344 6.068 5.213 5.557 5.935 4.654 5.560 5.607 8.362 6.289 4.522 -999.250 -999.250 -999.250 -999.250 -999.250 -999.250 -999.250 -999.250 -999.250 -999.250 -999.250 -999.250 -999.250 -999.250 -999.250 -999.250 -999.250 -999.250 -999.250 -999.250 -999.250 -999.250 -999.250 -999.250 -999.250 -999.250
3.198 2.465 4.172 1.862 4.140 5.178 5.663 7.536 9.036 7.057 8.203 9.155 10.107 6.261 5.668 5.039 5.967 4.313 5.766 5.678 4.038 5.432 3.395 4.776 4.636 6.364 4.591 6.256 7.167 4.775 4.327 3.244 4.947 4.301 3.955 5.055 4.607 5.662 4.554 4.862 8.387 5.314 6.381 3.634 -999.250 -999.250 -999.250 -999.250 -999.250 -999.250 -999.250 -999.250 -999.250 -999.250 -999.250 -999.250 -999.250 -999.250 -999.250 -999.250 -999.250 -999.250 -999.250 -999.250 -999.250 -999.250 -999.250 -999.250 -999.250
4.413 5.543 4.749 4.312 4.210 6.681 6.066 8.453 8.333 8.804 7.717 10.886 8.078 6.889 6.324 3.548 5.260 6.370 6.392 6.030 5.588 4.186 4.788 5.602 6.463 6.011 4.822 4.802 5.127 5.023 3.304 2.423 2.781 2.909 4.480 4.928 6.662 5.961 4.489 6.114 7.031 6.348 7.522 6.799 -999.250 -999.250 -999.250 -999.250 -999.250 -999.250 -999.250 -999.250 -999.250 -999.250 -999.250 -999.250 -999.250 -999.250 -999.250 -999.250 -999.250 -999.250 -999.250 -999.250 -999.250 -999.250 -999.250 -999.250 -999.250
6.281 5.143 4.734 5.989 8.945 8.486 6.492 7.905 7.114 8.502 6.732 8.625 9.754 7.901 6.511 6.907 5.852 6.677 6.817 7.651 5.755 6.688 7.583 6.761 8.387 5.223 6.668 3.411 2.532 3.096 2.287 4.525 3.455 5.288 7.199 5.351 4.693 4.195 3.925 4.782 7.007 5.728 4.362 4.600 2.359 -999.250 -999.250 -999.250 -999.250 -999.250 -999.250 -999.250 -999.250 -999.250 -999.250 -999.250 -999.250 -999.250 -999.250 -999.250 -999.250 -999.250 -999.250 -999.250 -999.250 -999.250 -999.250 -999.250 -999.250
9.729 9.679 11.684 13.641 9.044 9.952 9.194 9.014 10.013 10.199 7.781 7.740 10.108 9.512 7.064 6.000 7.523 7.799 7.473 7.126 8.252 8.399 7.210 6.976 6.396 5.588 6.029 3.425 3.385 4.261 3.059 3.183 6.833 4.426 4.156 3.096 4.477 5.360 6.110 7.942 6.167 5.850 5.763 4.165 -999.250 -999.250 -999.250 -999.250 -999.250 -999.250 -999.250 -999.250 -999.250 -999.250 -999.250 -999.250 -999.250 -999.250 -999.250 -999.250 -999.250 -999.250 -999.250 -999.250 -999.250 -999.250 -999.250 -999.250 -999.250
12.460 13.065 17.050 16.355 13.698 8.369 10.753 9.983 7.401 9.371 8.629 7.843 9.472 8.433 7.744 6.965 9.640 7.355 7.795 6.478 7.515 6.574 10.921 9.693 8.754 6.619 6.657 4.933 3.946 2.445 2.900 2.767 3.289 5.212 4.113 5.500 4.345 7.748 6.748 6.431 2.283 6.322 5.024 6.620 -999.250 -999.250 -999.250 -999.250 -999.250 -999.250 -999.250 -999.250 -999.250 -999.250 -999.250 -999.250 -999.250 -999.250 -999.250 -999.250 -999.250 -999.250 -999.250 -999.250 -999.250 -999.250 -999.250 -999.250 -999.250
15.538 15.699 18.321 15.725 13.142 11.187 11.372 8.970 7.136 7.436 7.674 7.869 9.413 10.106 8.851 8.695 8.105 7.047 6.110 6.810 8.738 8.290 5.508 10.867 11.502 7.538 6.889 4.944 4.594 2.685 0.769 0.078 0.787 2.090 4.434 4.487 8.137 6.563 6.730 4.870 4.648 4.356 6.080 6.663 -999.250 -999.250 -999.250 -999.250 -999.250 -999.250 -999.250 -999.250 -999.250 -999.250 -999.250 -999.250 -999.250 -999.250 -999.250 -999.250 -999.250 -999.250 -999.250 -999.250 -999.250 -999.250 -999.250 -999.250 -999.250
13.849 19.988 16.695 16.958 14.549 13.823 11.621 10.488 9.235 8.140 7.996 8.173 7.270 10.706 10.870 7.459 5.165 4.308 4.194 5.852 5.672 7.675 9.024 9.369 9.241 7.211 7.029 3.922 3.842 0.354 0.000 0.000 0.000 3.671 5.317 6.790 9.510 5.381 5.154 6.103 3.849 5.475 7.277 6.642 -999.250 -999.250 -999.250 -999.250 -999.250 -999.250 -999.250 -999.250 -999.250 -999.250 -999.250 -999.250 -999.250 -999.250 -999.250 -999.250 -999.250 -999.250 -999.250 -999.250 -999.250 -999.250 -999.250 -999.250 -999.250
15.327 14.092 13.917 15.944 10.961 12.303 12.191 12.777 10.980 9.549 7.339 6.981 7.389 7.728 9.089 7.618 5.877 4.298 3.954 3.566 4.990 5.729 8.057 8.630 10.194 5.595 5.381 5.034 3.851 3.831 0.000 0.000 0.000 3.555 4.566 6.094 7.533 7.393 5.890 5.525 6.743 7.328 7.052 -999.250 -999.250 -999.250 -999.250 -999.250 -999.250 -999.250 -999.250 -999.250 -999.250 -999.250 -999.250 -999.250 -999.250 -999.250 -999.250 -999.250 -999.250 -999.250 -999.250 -999.250 -999.250 -999.250 -999.250 -999.250 -999.250
