data/medianmodel_24-Jul-2020.asc
ncols	141
nrows	288
xllcorner	-120191.398
yllcorner	-301404.813
cellsize	2000.000
NODATA_value	-999.250
[rows 155 to 185 of 288, columns 0 to 69 of 141]
-999.250 -999.250 -999.250 -999.250 -999.250 -999.250 -999.250 0.000 0.000 0.000 0.000 0.000 0.072 2.453 1.741 3.700 4.697 4.466 4.837 4.532 4.589 5.090 6.655 6.679 8.350 14.721 11.139 9.839 9.281 9.670 8.995 8.239 8.219 6.449 7.906 6.504 6.567 5.280 3.752 0.000 0.000 0.000 0.000 0.000 0.000 0.000 0.000 0.000 0.000 0.000 0.000 0.000 0.000 0.000 0.000 0.000 0.000 0.000 0.000 0.000 0.850 1.170 3.880 6.349 7.151 6.745 9.883 9.111 10.445 7.671
-999.250 -999.250 -999.250 -999.250 -999.250 -999.250 -999.250 0.000 0.000 0.000 0.000 0.000 0.000 0.000 0.000 0.000 0.868 0.188 0.000 0.368 1.257 2.036 4.188 4.610 6.813 9.749 10.426 10.557 9.566 11.885 10.729 10.595 8.638 9.040 8.697 7.135 7.058 4.770 4.079 0.513 0.000 0.000 0.000 0.000 0.000 0.000 0.000 0.000 0.000 0.000 0.000 0.000 0.000 0.000 0.000 0.000 0.000 0.000 0.095 1.925 3.682 1.348 3.575 6.393 7.275 7.660 7.777 10.503 8.808 7.095
-999.250 -999.250 -999.250 -999.250 -999.250 -999.250 -999.250 0.612 0.000 0.000 0.000 0.000 0.000 0.000 0.000 0.000 0.000 0.000 0.000 0.000 0.000 0.000 3.086 5.325 5.871 7.560 8.554 11.075 8.749 10.703 12.164 11.913 11.170 9.915 10.486 9.187 7.130 6.662 4.346 1.965 0.000 0.000 0.000 0.000 0.000 0.000 0.000 0.000 0.000 0.000 0.000 0.000 0.000 0.000 0.000 0.000 0.000 0.000 0.331 2.580 3.880 2.960 4.736 6.891 7.007 7.423 6.466 6.555 6.422 5.940
-999.250 -999.250 -999.250 -999.250 -999.250 -999.250 -999.250 3.225 0.190 0.000 0.000 0.000 0.000 0.000 0.000 0.000 0.000 0.000 0.000 0.000 0.000 0.000 1.465 4.543 7.921 9.505 9.374 10.433 11.493 11.686 11.866 10.917 13.636 10.607 11.805 9.706 7.786 7.425 4.907 0.720 0.000 0.000 0.000 0.000 0.000 0.000 0.000 0.000 0.000 0.000 0.000 0.000 0.000 0.000 0.000 0.000 0.000 0.000 0.968 2.791 4.657 3.873 5.005 7.286 7.506 8.282 6.823 6.687 5.651 4.514
-999.250 -999.250 -999.250 -999.250 -999.250 -999.250 -999.250 -999.250 5.464 4.314 1.636 0.000 0.000 0.000 0.000 0.000 0.000 0.000 0.000 0.000 0.000 0.000 1.873 5.665 8.369 11.038 12.572 12.521 11.792 14.291 15.012 15.646 17.432 13.284 13.900 14.819 11.275 8.703 5.116 2.528 0.000 0.000 0.000 0.000 0.000 0.000 0.000 0.000 0.000 0.000 0.000 0.000 0.000 0.000 0.000 0.109 0.000 0.780 2.146 4.011 6.059 4.137 5.042 6.633 9.658 9.568 6.486 5.265 6.562 5.291
-999.250 -999.250 -999.250 -999.250 -999.250 -999.250 -999.250 -999.250 9.051 11.603 5.438 2.773 0.407 0.000 0.000 0.000 0.000 0.000 0.000 0.000 0.000 0.000 5.615 9.304 12.608 14.994 15.235 17.542 16.859 17.509 17.100 15.970 16.218 15.318 14.060 18.525 16.420 12.689 7.349 2.363 0.000 0.000 0.000 0.000 0.000 0.000 0.000 0.000 0.000 0.000 0.000 0.000 0.000 0.000 0.000 1.753 0.000 0.000 0.422 1.108 5.287 4.983 6.156 7.915 10.206 13.339 8.176 6.556 4.398 4.373
-999.250 -999.250 -999.250 -999.250 -999.250 -999.250 -999.250 11.956 10.351 8.050 7.410 5.998 5.225 4.140 4.256 0.493 0.860 0.938 0.896 0.082 1.149 4.462 8.866 14.736 18.544 19.169 22.018 21.458 22.070 20.470 18.733 15.038 18.379 14.805 14.586 17.520 27.864 14.707 7.745 2.734 0.000 0.000 0.000 0.000 0.000 0.000 0.000 0.000 0.000 0.000 0.000 0.000 0.000 0.000 0.172 0.000 0.000 0.086 2.626 4.077 6.476 3.855 5.323 7.208 6.236 8.373 7.350 3.919 3.365 2.261
-999.250 -999.250 -999.250 -999.250 -999.250 -999.250 -999.250 12.204 12.554 11.119 10.690 9.268 9.244 9.700 9.079 7.648 8.767 9.068 6.667 6.371 7.314 9.487 16.521 28.495 21.525 22.990 23.219 26.906 32.449 23.453 22.673 18.300 16.587 15.842 15.260 16.424 15.871 14.009 9.221 4.284 0.757 0.000 0.000 0.000 0.000 0.000 0.000 0.000 0.000 0.000 0.000 0.000 0.000 0.000 0.000 0.000 0.126 2.528 3.979 3.191 3.093 3.691 3.186 5.188 4.905 6.825 5.397 3.348 2.422 1.100
-999.250 -999.250 -999.250 -999.250 -999.250 -999.250 -999.250 14.807 13.737 13.153 14.855 20.569 19.169 20.894 16.466 15.267 17.982 17.173 16.272 17.432 16.378 22.060 24.922 32.153 37.518 46.903 36.222 36.993 33.757 33.897 20.679 20.953 16.136 14.426 13.197 12.156 11.659 12.881 13.306 6.258 2.936 0.000 0.000 0.000 0.000 0.000 0.000 0.000 0.000 0.000 0.000 0.000 0.000 0.005 0.000 0.000 0.554 0.017 1.738 4.216 5.075 4.130 4.405 3.763 3.971 2.881 3.765 1.588 0.044 0.150
-999.250 -999.250 -999.250 -999.250 -999.250 -999.250 -999.250 22.252 24.990 27.913 32.301 33.307 37.233 29.239 25.901 27.462 27.464 24.839 30.828 31.995 31.371 46.773 45.671 47.068 47.925 62.857 60.152 47.870 46.572 32.526 29.291 20.437 16.398 12.679 10.877 8.988 8.465 9.862 7.254 5.829 1.490 0.000 0.000 0.000 0.000 0.000 0.000 0.000 0.000 0.000 0.000 0.000 0.000 0.000 0.000 0.000 0.000 1.712 0.783 1.218 0.977 2.705 3.978 2.933 2.336 1.929 1.139 0.000 0.000 0.000
-999.250 -999.250 -999.250 -999.250 -999.250 -999.250 23.845 26.550 29.306 38.220 45.898 46.719 50.125 48.949 39.976 52.151 55.948 52.062 52.996 60.373 67.511 69.338 72.646 79.523 74.546 73.775 73.149 63.208 50.337 41.241 32.230 29.359 17.431 9.854 6.303 5.884 6.393 6.265 5.627 4.350 0.621 0.000 0.000 0.000 0.000 0.000 0.000 0.000 0.000 0.000 0.000 0.000 0.000 0.000 0.000 0.000 0.000 0.879 0.304 2.472 1.521 2.777 1.670 1.771 0.548 1.168 0.399 0.044 0.000 0.000
-999.250 -999.250 -999.250 -999.250 -999.250 -999.250 38.730 34.761 38.685 47.496 63.285 54.032 69.383 74.727 73.207 72.512 72.469 66.411 70.893 79.008 81.926 86.384 92.998 90.780 85.632 81.365 86.680 78.261 59.059 39.848 32.052 21.219 14.951 9.200 7.893 4.881 3.977 5.537 2.114 1.018 0.000 0.633 0.000 0.000 0.000 0.000 0.000 0.000 0.000 0.000 0.000 0.000 0.000 0.000 0.000 0.000 0.222 0.160 0.603 1.513 1.217 3.223 2.636 1.650 0.000 0.730 0.000 0.000 0.000 0.000
-999.250 -999.250 -999.250 -999.250 -999.250 43.172 39.287 52.655 59.449 65.305 72.955 77.019 75.053 78.507 84.522 91.588 82.824 87.603 89.984 89.997 91.555 95.101 104.568 99.642 104.684 100.520 88.541 92.446 75.514 56.615 37.871 26.719 18.844 10.911 8.347 4.772 4.320 3.876 0.459 0.000 0.000 0.000 0.000 0.000 0.000 0.000 0.000 0.000 0.000 0.000 0.000 0.000 0.000 0.032 0.000 0.000 0.000 0.000 0.000 0.000 0.000 2.012 0.684 0.000 0.702 0.000 0.000 0.000 0.000 0.000
-999.250 -999.250 -999.250 -999.250 -999.250 55.543 51.710 61.069 58.100 75.171 74.338 86.591 90.873 88.379 96.183 94.189 93.357 94.126 104.579 102.643 109.420 107.786 116.089 113.381 115.106 100.311 97.121 91.168 83.214 60.787 46.300 30.959 17.572 9.854 6.784 4.357 2.580 0.919 0.000 0.000 0.000 0.000 0.000 0.000 0.000 0.000 0.000 1.164 0.000 0.728 0.000 0.000 0.000 0.000 0.000 0.000 0.000 0.000 0.000 0.000 0.572 0.147 0.000 0.026 0.000 0.000 0.000 0.000 0.000 0.000
-999.250 -999.250 -999.250 -999.250 58.497 46.197 52.425 57.758 67.177 71.522 84.066 95.606 94.704 102.048 107.058 106.788 100.261 102.946 101.989 107.036 111.442 113.550 120.428 123.163 114.133 112.851 100.780 93.641 80.759 70.964 51.027 30.499 19.545 11.946 7.889 3.970 0.000 0.000 0.000 0.000 0.000 0.000 0.000 0.000 0.000 0.000 0.000 0.000 0.000 0.000 0.000 0.000 0.000 0.126 0.000 0.000 0.000 0.000 0.000 0.000 0.133 0.871 0.000 0.000 0.000 0.000 0.000 0.000 0.000 0.000
-999.250 -999.250 -999.250 -999.250 57.315 68.423 68.557 65.124 79.480 77.332 83.937 90.202 99.960 105.148 108.878 112.891 107.312 117.220 105.451 110.494 112.413 121.364 138.473 126.002 117.229 103.872 108.293 88.184 86.020 76.819 60.994 37.026 27.523 15.670 8.209 3.862 0.000 0.000 0.000 0.000 0.000 0.000 0.000 0.000 0.000 0.237 0.000 0.000 0.000 0.000 0.000 0.000 0.000 0.000 0.000 0.000 0.000 0.000 0.000 0.000 0.000 0.000 0.000 0.000 0.000 0.000 0.000 0.000 0.000 0.000
-999.250 -999.250 -999.250 -999.250 60.997 68.653 78.607 79.573 86.328 84.816 95.918 98.596 105.148 113.572 121.363 126.949 123.684 114.424 111.150 115.198 105.323 113.132 116.775 119.673 115.478 105.727 95.612 87.664 89.727 79.356 72.314 51.160 26.613 13.389 8.038 5.645 1.604 0.000 0.000 0.000 0.000 0.000 0.268 0.000 0.000 0.377 0.000 0.604 0.085 0.000 0.000 0.000 0.000 0.000 0.000 0.000 0.000 0.000 0.000 0.000 0.000 0.000 0.000 0.000 0.000 0.000 0.000 0.000 0.000 0.000
-999.250 -999.250 -999.250 -999.250 57.270 72.618 68.066 80.580 85.050 99.195 94.542 107.921 115.397 122.171 131.287 136.565 129.895 117.606 112.926 99.164 93.348 100.928 108.225 109.587 102.707 103.713 90.869 84.884 80.657 76.646 76.485 38.833 21.571 12.493 9.577 9.392 3.451 1.868 0.000 0.000 0.000 1.620 1.898 1.908 0.071 2.088 0.271 0.253 0.000 0.000 0.000 0.000 0.000 0.000 0.000 0.000 0.000 0.000 0.000 0.000 0.000 0.000 0.000 0.000 0.000 0.000 0.000 0.000 0.000 0.000
-999.250 -999.250 -999.250 -999.250 56.121 71.696 79.509 82.412 87.110 91.783 98.934 106.490 120.122 125.786 128.327 148.840 150.221 116.945 85.573 69.658 70.529 84.750 98.193 91.051 99.135 101.352 96.799 89.204 84.140 72.775 66.511 48.138 29.382 15.557 11.849 8.115 6.325 2.405 2.111 0.226 0.498 3.138 3.398 3.494 0.827 1.348 0.511 1.335 0.248 0.000 0.000 0.000 0.000 0.000 0.000 0.000 0.000 0.000 0.000 0.000 0.000 0.000 0.000 0.000 0.000 0.000 0.000 0.000 0.000 0.000
-999.250 -999.250 -999.250 -999.250 68.983 76.923 75.840 83.215 91.565 97.806 100.576 108.942 119.416 119.305 127.101 125.042 119.930 95.569 61.444 32.442 51.275 74.378 85.720 90.925 90.595 96.973 91.088 87.772 81.591 77.242 59.388 38.065 32.722 19.551 11.908 9.356 6.822 5.459 4.229 2.879 4.638 4.979 3.747 5.269 3.980 3.630 1.461 1.919 1.545 0.000 0.000 0.000 0.000 0.000 0.000 0.000 0.000 0.000 0.000 0.000 0.000 0.000 0.000 0.000 0.000 0.000 0.000 0.000 0.000 0.000
-999.250 -999.250 -999.250 -999.250 81.860 67.565 88.222 89.114 95.022 105.616 111.322 121.851 121.770 119.620 122.969 115.881 106.966 85.135 53.710 45.148 50.449 70.072 84.630 91.421 94.712 101.238 100.242 85.819 83.236 75.661 63.200 50.186 42.110 24.476 20.742 10.300 10.682 6.978 6.518 6.627 6.228 5.352 5.677 6.844 5.583 3.172 3.881 4.109 1.898 0.000 0.497 0.000 0.000 0.000 0.000 0.000 0.000 0.000 0.000 0.000 0.000 0.000 0.000 0.000 0.000 0.000 0.000 0.000 0.000 0.000
-999.250 -999.250 -999.250 -999.250 75.239 85.396 89.828 93.143 93.064 99.838 107.990 107.716 111.627 117.495 117.867 106.221 92.632 76.763 61.277 55.969 66.277 73.607 83.821 84.870 96.171 98.371 98.578 88.840 86.590 82.171 66.045 52.733 37.559 26.192 18.825 15.441 12.473 8.768 8.568 6.429 5.977 6.408 7.989 11.447 8.265 5.969 5.817 3.659 2.963 1.224 1.287 0.560 0.000 0.000 0.000 0.000 0.000 0.000 0.000 0.000 0.000 0.000 0.000 0.000 0.000 0.000 0.000 0.000 0.299 0.000
-999.250 -999.250 -999.250 -999.250 83.436 84.482 93.072 95.383 98.660 108.199 104.727 107.883 111.749 113.105 110.811 102.023 97.991 80.433 72.710 75.660 77.638 80.946 82.057 84.346 92.860 98.819 91.384 84.642 89.598 86.377 79.818 70.503 57.941 38.299 20.485 17.461 16.908 13.504 9.544 8.308 7.084 5.850 9.683 8.666 7.786 6.145 7.345 5.347 2.240 3.893 1.774 0.073 0.469 0.000 0.000 0.000 0.000 0.000 0.000 0.000 0.041 0.030 1.283 3.565 2.680 0.573 2.804 4.139 3.825 4.048
-999.250 -999.250 -999.250 -999.250 81.172 87.343 91.430 105.473 104.854 96.085 105.705 99.605 105.433 112.775 105.712 101.912 92.472 89.132 86.237 93.255 96.349 89.008 93.901 89.979 92.540 93.035 89.435 90.980 87.218 84.326 82.630 72.582 62.504 45.860 36.606 28.940 25.477 16.051 11.749 9.914 7.626 7.978 8.988 6.551 7.794 7.523 7.379 6.406 4.967 5.217 2.252 1.105 0.000 0.000 0.000 0.000 0.000 0.000 0.000 0.423 2.903 1.418 5.740 6.449 5.683 7.314 5.431 8.123 7.999 7.728
-999.250 -999.250 -999.250 89.710 84.369 91.451 94.270 104.016 103.019 102.443 100.965 111.203 102.734 108.143 110.640 103.392 96.968 91.995 100.162 107.840 112.006 104.177 99.925 95.504 89.908 87.774 90.032 86.884 89.464 82.488 81.037 72.526 60.514 58.900 45.967 31.049 24.921 18.044 13.254 11.826 9.667 8.810 9.347 8.608 8.727 8.004 7.627 6.646 5.779 4.009 1.607 2.356 0.650 0.584 0.000 0.000 0.000 0.000 1.818 3.153 5.822 7.962 9.567 10.925 11.173 11.739 13.553 11.793 11.147 14.451
-999.250 -999.250 -999.250 87.910 98.064 95.968 95.997 102.368 110.342 103.985 109.466 116.719 113.023 113.381 105.441 103.065 106.034 94.883 109.841 109.558 104.186 102.780 96.630 92.141 89.482 86.758 87.187 90.730 88.471 92.006 83.065 75.686 65.638 55.059 59.130 43.206 32.451 22.141 13.580 10.782 8.831 8.624 9.296 8.655 9.728 7.414 7.561 7.043 5.731 2.702 2.462 0.511 1.152 1.201 0.533 0.000 0.000 1.120 2.566 5.080 9.033 12.525 14.756 15.629 14.758 18.548 16.449 14.983 19.238 17.168
-999.250 -999.250 -999.250 95.566 93.455 96.643 100.068 106.466 115.466 114.200 115.910 122.398 112.712 107.683 111.649 106.144 108.758 110.835 104.379 100.264 100.280 86.487 93.575 86.982 83.355 83.017 75.112 88.314 86.207 88.509 84.631 82.460 63.839 58.389 58.888 40.927 26.320 21.749 16.046 14.188 10.179 9.637 7.761 10.185 6.489 9.502 8.160 7.110 5.055 2.570 2.057 2.942 1.438 0.000 1.461 1.966 1.433 4.871 6.464 8.652 12.959 17.587 20.488 24.669 19.936 28.594 23.026 27.068 24.452 27.664
-999.250 -999.250 85.647 101.345 97.929 95.557 107.029 114.074 113.287 114.562 115.477 114.328 116.592 111.886 113.301 117.821 112.794 108.026 101.899 103.368 92.838 89.785 82.362 74.644 80.455 78.411 80.169 81.606 91.374 90.390 82.462 70.484 69.010 52.791 50.092 40.404 29.772 22.327 17.352 14.710 12.972 8.775 9.839 11.358 10.757 7.779 7.005 5.286 5.292 2.296 2.147 2.763 1.514 1.753 1.912 2.943 5.284 7.332 8.271 16.016 16.470 26.500 27.312 37.879 31.917 37.508 41.100 36.475 46.429 44.498
-999.250 -999.250 85.556 92.386 112.475 110.556 97.827 107.493 117.309 122.398 117.554 116.588 117.905 117.011 114.688 114.531 112.386 107.698 100.035 92.233 -999.250 77.565 77.439 58.609 68.589 74.867 80.740 83.400 83.516 88.230 79.893 72.657 68.160 59.657 41.295 34.723 25.217 22.985 18.094 15.624 12.844 12.561 11.248 11.172 9.132 6.896 7.960 5.981 5.546 3.524 2.992 3.336 1.969 1.519 1.966 5.395 6.230 10.624 13.381 19.835 20.582 33.978 34.815 36.129 41.704 56.341 58.693 52.837 56.069 46.484
-999.250 91.891 90.648 93.548 99.653 107.509 114.563 115.284 118.285 118.648 112.543 119.380 120.492 118.870 119.321 115.438 112.314 102.010 92.140 -999.250 -999.250 82.827 75.666 59.223 66.801 66.644 76.473 74.471 71.144 70.097 76.466 70.456 57.686 53.997 35.271 28.407 25.178 21.732 18.361 15.964 12.184 10.087 11.803 8.928 9.284 7.083 5.539 4.323 5.986 1.440 1.683 1.581 1.686 1.296 4.376 7.073 7.796 12.086 18.003 25.528 37.474 45.738 45.364 61.134 61.347 69.927 70.380 76.151 69.182 67.765
-999.250 93.778 95.516 99.921 104.582 110.695 112.250 117.853 121.719 118.501 117.589 123.465 119.621 118.049 120.538 107.040 100.122 93.666 -999.250 -999.250 -999.250 -999.250 65.599 60.429 46.772 62.839 58.369 60.194 67.523 58.626 50.665 53.569 53.061 36.752 29.347 23.005 19.019 20.896 17.552 17.971 13.485 11.248 10.193 7.858 6.556 7.663 3.115 4.567 4.656 0.472 3.458 2.237 1.725 1.806 5.800 7.253 12.367 15.623 25.702 28.357 45.686 51.558 66.351 73.092 83.456 84.891 90.788 87.248 76.156 74.021
