data/medianmodel_19-Feb-2021.asc
ncols	141
nrows	288
xllcorner	-120191.398
yllcorner	-301404.813
cellsize	2000.000
NODATA_value	-999.250
[rows 145 to 173 of 288, columns 65 to 129 of 141]
181.397 193.652 214.861 243.901 243.697 233.706 232.505 228.797 205.411 198.964 197.912 178.742 180.404 191.383 181.952 180.757 181.488 189.996 201.496 226.784 221.784 246.902 262.244 270.427 263.858 265.697 -999.250 -999.250 -999.250 -999.250 -999.250 -999.250 -999.250 -999.250 -999.250 -999.250 -999.250 -999.250 -999.250 -999.250 -999.250 -999.250 -999.250 -999.250 -999.250 -999.250 -999.250 -999.250 -999.250 -999.250 -999.250 -999.250 -999.250 -999.250 -999.250 -999.250 -999.250 -999.250 -999.250 -999.250 -999.250 -999.250 -999.250 -999.250 -999.250
213.380 218.331 255.502 276.719 275.884 264.619 260.257 244.661 239.143 232.491 219.692 216.432 208.501 191.104 193.036 189.846 190.890 200.699 205.982 226.572 243.223 260.370 267.170 285.965 299.507 298.728 290.211 -999.250 -999.250 -999.250 -999.250 -999.250 -999.250 -999.250 -999.250 -999.250 -999.250 -999.250 -999.250 -999.250 -999.250 -999.250 -999.250 -999.250 -999.250 -999.250 -999.250 -999.250 -999.250 -999.250 -999.250 -999.250 -999.250 -999.250 -999.250 -999.250 -999.250 -999.250 -999.250 -999.250 -999.250 -999.250 -999.250 -999.250 -999.250
238.190 260.693 276.107 306.625 323.162 301.986 281.799 274.629 258.104 246.270 242.849 238.943 206.672 196.164 190.916 198.282 201.548 213.040 219.914 228.326 253.609 270.513 278.123 306.188 320.520 312.536 291.593 -999.250 -999.250 -999.250 -999.250 -999.250 -999.250 -999.250 -999.250 -999.250 -999.250 -999.250 -999.250 -999.250 -999.250 -999.250 -999.250 -999.250 -999.250 -999.250 -999.250 -999.250 -999.250 -999.250 -999.250 -999.250 -999.250 -999.250 -999.250 -999.250 -999.250 -999.250 -999.250 -999.250 -999.250 -999.250 -999.250 -999.250 -999.250
238.616 270.237 295.209 332.511 367.760 336.381 308.348 288.658 268.414 256.695 246.698 232.739 216.117 201.920 192.997 193.762 212.222 219.823 226.192 243.376 257.642 276.892 293.483 299.651 316.489 342.583 296.099 268.131 253.849 239.240 -999.250 -999.250 -999.250 -999.250 -999.250 -999.250 -999.250 -999.250 -999.250 -999.250 -999.250 -999.250 -999.250 -999.250 -999.250 -999.250 -999.250 -999.250 -999.250 -999.250 -999.250 -999.250 -999.250 -999.250 -999.250 -999.250 -999.250 -999.250 -999.250 -999.250 -999.250 -999.250 -999.250 -999.250 -999.250
252.364 274.792 299.394 323.672 355.716 336.171 318.505 288.668 272.232 259.782 240.677 238.865 217.669 194.267 194.852 189.410 207.592 221.670 219.915 235.566 249.891 269.119 281.920 280.173 293.304 293.759 275.364 253.315 243.872 232.657 233.150 -999.250 -999.250 -999.250 -999.250 -999.250 -999.250 -999.250 -999.250 -999.250 -999.250 -999.250 -999.250 -999.250 -999.250 -999.250 -999.250 -999.250 -999.250 -999.250 -999.250 -999.250 -999.250 -999.250 -999.250 -999.250 -999.250 -999.250 -999.250 -999.250 -999.250 -999.250 -999.250 -999.250 -999.250
263.592 274.227 293.329 321.701 329.116 315.856 298.666 282.440 266.460 251.663 234.000 221.190 210.019 189.709 198.624 195.540 202.640 224.923 217.477 228.824 243.517 254.966 253.657 257.479 259.309 249.344 234.260 218.580 212.169 221.044 -999.250 -999.250 -999.250 -999.250 -999.250 -999.250 -999.250 -999.250 -999.250 -999.250 -999.250 -999.250 -999.250 -999.250 -999.250 -999.250 -999.250 -999.250 -999.250 -999.250 -999.250 -999.250 -999.250 -999.250 -999.250 -999.250 -999.250 -999.250 -999.250 -999.250 -999.250 -999.250 -999.250 -999.250 -999.250
266.305 276.847 291.876 310.534 300.081 295.675 284.116 264.260 256.428 234.221 212.941 210.931 206.206 185.059 197.176 200.131 200.727 210.563 212.485 210.626 216.924 231.456 216.412 213.779 213.908 207.123 199.224 188.243 183.644 205.573 -999.250 -999.250 -999.250 -999.250 -999.250 -999.250 -999.250 -999.250 -999.250 -999.250 -999.250 -999.250 -999.250 -999.250 -999.250 -999.250 -999.250 -999.250 -999.250 -999.250 -999.250 -999.250 -999.250 -999.250 -999.250 -999.250 -999.250 -999.250 -999.250 -999.250 -999.250 -999.250 -999.250 -999.250 -999.250
266.228 270.439 276.705 276.562 282.948 279.616 262.427 248.746 234.981 221.430 224.390 202.114 194.554 195.954 192.333 191.260 203.650 205.783 203.215 208.327 209.146 197.514 189.434 188.613 172.901 159.569 158.721 154.723 172.874 199.223 -999.250 -999.250 -999.250 -999.250 -999.250 -999.250 -999.250 -999.250 -999.250 -999.250 -999.250 -999.250 -999.250 -999.250 -999.250 -999.250 -999.250 -999.250 -999.250 -999.250 -999.250 -999.250 -999.250 -999.250 -999.250 -999.250 -999.250 -999.250 -999.250 -999.250 -999.250 -999.250 -999.250 -999.250 -999.250
243.443 257.096 261.286 254.581 248.916 250.642 232.922 230.188 224.122 199.235 198.603 196.206 200.155 193.356 188.244 189.061 192.439 200.901 204.662 199.567 195.960 177.862 168.358 150.771 142.285 132.104 126.858 121.895 149.907 179.797 -999.250 -999.250 -999.250 -999.250 -999.250 -999.250 -999.250 -999.250 -999.250 -999.250 -999.250 -999.250 -999.250 -999.250 -999.250 -999.250 -999.250 -999.250 -999.250 -999.250 -999.250 -999.250 -999.250 -999.250 -999.250 -999.250 -999.250 -999.250 -999.250 -999.250 -999.250 -999.250 -999.250 -999.250 -999.250
223.456 235.189 232.047 226.337 226.159 221.127 210.827 190.313 180.205 173.798 173.661 173.440 169.425 179.662 179.581 192.822 190.734 191.713 190.400 189.302 183.299 160.877 150.012 124.952 113.157 108.115 100.515 99.834 147.426 192.736 -999.250 -999.250 -999.250 -999.250 -999.250 -999.250 -999.250 -999.250 -999.250 -999.250 -999.250 -999.250 -999.250 -999.250 -999.250 -999.250 -999.250 -999.250 -999.250 -999.250 -999.250 -999.250 -999.250 -999.250 -999.250 -999.250 -999.250 -999.250 -999.250 -999.250 -999.250 -999.250 -999.250 -999.250 -999.250
203.370 207.806 199.922 197.789 198.276 195.812 186.623 168.921 163.594 165.716 158.635 160.100 162.793 174.945 175.263 177.118 196.227 191.495 182.063 176.963 160.748 148.369 126.545 115.222 100.543 97.896 101.782 124.707 162.265 202.017 -999.250 -999.250 -999.250 -999.250 -999.250 -999.250 -999.250 -999.250 -999.250 -999.250 -999.250 -999.250 -999.250 -999.250 -999.250 -999.250 -999.250 -999.250 -999.250 -999.250 -999.250 -999.250 -999.250 -999.250 -999.250 -999.250 -999.250 -999.250 -999.250 -999.250 -999.250 -999.250 -999.250 -999.250 -999.250
181.199 194.765 183.874 183.279 174.383 166.350 154.655 148.377 137.091 130.433 136.647 146.274 156.803 159.919 165.908 167.440 179.231 181.313 179.074 171.277 155.840 137.038 119.550 99.484 89.099 97.059 114.898 137.328 183.973 226.876 269.592 -999.250 -999.250 -999.250 -999.250 -999.250 -999.250 -999.250 -999.250 -999.250 -999.250 -999.250 -999.250 -999.250 -999.250 -999.250 -999.250 -999.250 -999.250 -999.250 -999.250 -999.250 -999.250 -999.250 -999.250 -999.250 -999.250 -999.250 -999.250 -999.250 -999.250 -999.250 -999.250 -999.250 -999.250
165.315 168.152 161.184 164.515 152.454 136.763 123.967 125.965 118.450 107.945 119.800 122.008 134.978 141.233 146.060 156.960 169.621 181.573 189.891 178.174 157.133 131.894 111.855 94.477 79.196 86.771 117.329 165.341 213.427 269.231 319.329 366.832 -999.250 -999.250 -999.250 -999.250 -999.250 -999.250 -999.250 -999.250 -999.250 -999.250 -999.250 -999.250 -999.250 -999.250 -999.250 -999.250 -999.250 -999.250 -999.250 -999.250 -999.250 -999.250 -999.250 -999.250 -999.250 -999.250 -999.250 -999.250 -999.250 -999.250 -999.250 -999.250 -999.250
142.617 140.585 142.499 139.995 128.010 112.360 105.889 101.909 96.330 95.163 99.545 106.269 115.820 126.645 133.383 144.230 163.009 174.386 191.755 167.421 153.142 125.649 117.973 107.002 101.313 85.694 149.601 206.430 260.927 308.513 378.580 419.315 421.539 -999.250 -999.250 -999.250 -999.250 -999.250 -999.250 -999.250 -999.250 -999.250 -999.250 -999.250 -999.250 -999.250 -999.250 -999.250 -999.250 -999.250 -999.250 -999.250 -999.250 -999.250 -999.250 -999.250 -999.250 -999.250 -999.250 -999.250 -999.250 -999.250 -999.250 -999.250 -999.250
130.507 120.346 114.557 109.618 106.710 110.548 93.181 74.345 77.809 81.343 87.467 92.603 92.592 102.735 117.406 126.874 130.057 144.944 152.999 153.993 145.881 132.880 136.008 125.198 132.209 150.492 196.618 264.984 307.304 361.456 418.646 462.156 507.993 -999.250 -999.250 -999.250 -999.250 -999.250 -999.250 -999.250 -999.250 -999.250 -999.250 -999.250 -999.250 -999.250 -999.250 -999.250 -999.250 -999.250 -999.250 -999.250 -999.250 -999.250 -999.250 -999.250 -999.250 -999.250 -999.250 -999.250 -999.250 -999.250 -999.250 -999.250 -999.250
113.379 110.670 104.400 101.462 99.553 81.739 70.672 62.263 63.352 64.872 68.012 62.576 72.440 86.723 83.505 102.565 103.196 112.493 129.927 141.537 141.062 140.976 155.971 163.077 171.182 202.254 254.128 312.082 389.444 419.956 463.566 503.082 525.041 -999.250 -999.250 -999.250 -999.250 -999.250 -999.250 -999.250 -999.250 -999.250 -999.250 -999.250 -999.250 -999.250 -999.250 -999.250 -999.250 -999.250 -999.250 -999.250 -999.250 -999.250 -999.250 -999.250 -999.250 -999.250 -999.250 -999.250 -999.250 -999.250 -999.250 -999.250 -999.250
110.490 107.641 104.642 94.553 74.104 65.976 62.116 57.847 54.226 52.031 57.092 59.246 52.908 60.437 62.381 63.597 62.023 81.554 103.985 122.420 129.717 160.756 173.016 191.096 220.641 262.001 312.930 384.205 425.396 488.413 529.239 597.290 601.044 -999.250 -999.250 -999.250 -999.250 -999.250 -999.250 -999.250 -999.250 -999.250 -999.250 -999.250 -999.250 -999.250 -999.250 -999.250 -999.250 -999.250 -999.250 -999.250 -999.250 -999.250 -999.250 -999.250 -999.250 -999.250 -999.250 -999.250 -999.250 -999.250 -999.250 -999.250 -999.250
103.141 105.446 95.180 90.429 71.294 56.832 58.128 49.126 48.448 45.946 52.405 54.923 47.367 54.014 46.304 34.741 39.280 56.760 86.732 107.152 147.168 156.104 184.424 227.324 265.199 315.498 379.467 406.555 479.339 517.390 547.293 602.375 809.115 -999.250 -999.250 -999.250 -999.250 -999.250 -999.250 -999.250 -999.250 -999.250 -999.250 -999.250 -999.250 -999.250 -999.250 -999.250 -999.250 -999.250 -999.250 -999.250 -999.250 -999.250 -999.250 -999.250 -999.250 -999.250 -999.250 -999.250 -999.250 -999.250 -999.250 -999.250 -999.250
101.429 108.205 89.772 83.531 65.927 64.618 53.934 50.658 50.689 50.950 45.795 44.817 44.834 44.109 35.244 17.375 0.000 40.991 68.257 112.307 141.337 165.276 210.858 249.517 289.494 379.445 421.958 494.209 544.392 624.613 656.878 820.057 843.031 942.579 -999.250 -999.250 -999.250 -999.250 -999.250 -999.250 -999.250 -999.250 -999.250 -999.250 -999.250 -999.250 -999.250 -999.250 -999.250 -999.250 -999.250 -999.250 -999.250 -999.250 -999.250 -999.250 -999.250 -999.250 -999.250 -999.250 -999.250 -999.250 -999.250 -999.250 -999.250
99.590 95.455 83.671 69.557 76.939 74.603 61.055 55.572 47.638 49.473 45.831 46.729 49.793 43.244 38.477 34.710 32.178 52.082 86.762 117.030 151.707 181.730 225.388 266.645 322.997 368.302 437.232 519.818 629.549 745.788 827.109 899.529 1066.647 986.598 945.499 -999.250 -999.250 -999.250 -999.250 -999.250 -999.250 -999.250 -999.250 -999.250 -999.250 -999.250 -999.250 -999.250 -999.250 -999.250 -999.250 -999.250 -999.250 -999.250 -999.250 -999.250 -999.250 -999.250 -999.250 -999.250 -999.250 -999.250 -999.250 -999.250 -999.250
101.343 102.237 82.968 76.038 74.262 68.315 68.364 56.596 54.969 59.442 57.861 57.084 56.568 60.513 48.747 52.140 57.920 76.106 95.614 128.196 164.758 188.382 245.267 304.868 367.237 435.160 507.673 585.859 714.853 852.925 1050.277 1067.203 1201.379 1267.784 1099.867 1141.596 965.885 921.621 -999.250 -999.250 -999.250 -999.250 -999.250 -999.250 -999.250 -999.250 -999.250 -999.250 -999.250 -999.250 -999.250 -999.250 -999.250 -999.250 -999.250 -999.250 -999.250 -999.250 -999.250 -999.250 -999.250 -999.250 -999.250 -999.250 -999.250
100.275 105.300 84.052 90.383 92.719 72.599 78.249 65.548 71.342 64.646 76.411 81.888 70.321 74.810 81.464 82.071 85.156 105.563 130.481 144.050 179.630 210.458 253.694 302.613 382.435 482.759 561.365 652.583 819.501 1000.030 1167.523 1384.607 1492.625 1405.908 1369.272 1198.865 1146.460 921.756 -999.250 -999.250 -999.250 -999.250 -999.250 -999.250 -999.250 -999.250 -999.250 -999.250 -999.250 -999.250 -999.250 -999.250 -999.250 -999.250 -999.250 -999.250 -999.250 -999.250 -999.250 -999.250 -999.250 -999.250 -999.250 -999.250 -999.250
99.937 110.221 99.427 88.118 86.548 77.432 79.657 82.446 86.492 92.277 101.291 109.909 100.107 109.367 108.591 107.424 105.295 122.694 148.590 174.789 201.091 241.386 269.731 313.292 401.618 481.777 531.984 651.631 933.521 1120.347 1200.179 1600.232 1559.549 1625.101 1703.611 1435.367 1121.940 -999.250 -999.250 -999.250 -999.250 -999.250 -999.250 -999.250 -999.250 -999.250 -999.250 -999.250 -999.250 -999.250 -999.250 -999.250 -999.250 -999.250 -999.250 -999.250 -999.250 -999.250 -999.250 -999.250 -999.250 -999.250 -999.250 -999.250 -999.250
113.895 106.201 105.053 98.474 98.946 94.966 99.876 104.418 103.868 123.477 121.905 128.488 132.323 131.325 133.442 132.756 139.405 151.026 170.481 193.181 208.377 238.083 275.646 323.818 395.577 471.610 518.200 666.698 813.440 998.019 1282.885 1710.463 1842.429 1841.875 1759.350 1538.732 1336.400 -999.250 -999.250 -999.250 525.898 458.770 362.707 -999.250 -999.250 -999.250 -999.250 -999.250 -999.250 -999.250 -999.250 -999.250 -999.250 -999.250 -999.250 -999.250 -999.250 -999.250 -999.250 -999.250 -999.250 -999.250 -999.250 -999.250 -999.250
123.621 112.040 117.416 114.315 106.299 106.594 113.209 118.519 129.364 149.697 154.918 163.497 171.914 172.580 162.627 167.844 170.368 177.974 189.554 197.999 215.910 230.934 260.492 313.882 369.666 420.319 487.787 582.561 767.986 970.789 1273.564 1770.655 1799.423 1808.511 1753.741 1412.373 1197.315 993.352 784.552 561.447 474.557 378.832 280.916 221.118 -999.250 -999.250 -999.250 -999.250 -999.250 -999.250 -999.250 -999.250 -999.250 -999.250 -999.250 -999.250 -999.250 -999.250 -999.250 -999.250 -999.250 -999.250 -999.250 -999.250 -999.250
136.079 135.084 132.384 128.322 123.511 117.730 136.032 149.209 165.501 187.510 202.575 198.357 215.646 214.658 208.041 201.749 211.441 207.827 226.344 225.543 232.513 236.549 258.084 284.822 307.004 384.343 442.617 525.816 666.231 888.359 1279.015 1379.808 1667.113 1767.100 1663.306 1112.132 1022.787 867.033 732.987 548.052 449.626 305.115 190.500 166.716 147.081 -999.250 -999.250 -999.250 -999.250 -999.250 -999.250 -999.250 -999.250 -999.250 -999.250 -999.250 -999.250 -999.250 -999.250 -999.250 -999.250 -999.250 -999.250 -999.250 -999.250
142.546 141.080 149.544 150.976 151.771 155.528 164.002 175.823 190.855 213.451 231.792 241.476 256.653 256.161 262.168 254.633 248.290 254.697 251.190 251.570 251.200 243.668 252.708 259.046 278.387 306.227 372.060 464.340 557.254 715.079 1086.538 1223.437 1416.615 1396.862 1317.187 1255.369 969.163 773.994 624.415 506.976 427.504 291.016 194.574 141.415 116.111 -999.250 -999.250 -999.250 -999.250 -999.250 -999.250 -999.250 -999.250 -999.250 -999.250 -999.250 -999.250 -999.250 -999.250 -999.250 -999.250 -999.250 -999.250 -999.250 -999.250
155.567 161.245 159.908 166.423 176.565 190.060 200.288 220.114 236.243 255.760 280.054 286.497 303.015 315.444 321.302 310.475 284.574 289.387 293.858 284.738 271.494 250.190 248.718 254.956 255.942 261.236 268.908 401.933 501.153 591.955 777.210 949.021 1003.246 1080.463 1021.491 959.010 765.756 733.517 572.840 471.548 375.610 279.220 190.175 127.141 96.325 -999.250 -999.250 -999.250 -999.250 -999.250 -999.250 -999.250 -999.250 -999.250 -999.250 -999.250 -999.250 -999.250 -999.250 -999.250 -999.250 -999.250 -999.250 -999.250 -999.250
173.943 174.807 172.855 195.089 194.858 225.426 244.781 261.678 278.704 297.715 308.679 330.979 356.026 382.030 374.657 358.750 340.309 327.153 328.420 311.306 291.382 278.509 263.855 244.703 259.063 252.570 285.581 348.284 449.675 557.032 619.103 635.656 765.496 864.065 942.891 719.176 641.660 578.463 520.079 422.138 325.245 254.722 176.839 115.360 77.823 52.503 -999.250 -999.250 -999.250 -999.250 -999.250 -999.250 -999.250 -999.250 -999.250 -999.250 -999.250 -999.250 -999.250 -999.250 -999.250 -999.250 -999.250 -999.250 -999.250
