data/medianmodel_14-Nov-2020.asc
ncols	141
nrows	288
xllcorner	-120191.398
yllcorner	-301404.813
cellsize	2000.000
NODATA_value	-999.250
[rows 145 to 173 of 288, columns 65 to 129 of 141]
237.410 226.971 244.670 239.907 256.613 264.084 295.643 344.330 367.879 378.240 371.076 399.243 400.482 390.563 425.790 427.756 395.974 376.859 329.047 281.036 256.802 203.799 149.106 126.483 110.556 95.658 -999.250 -999.250 -999.250 -999.250 -999.250 -999.250 -999.250 -999.250 -999.250 -999.250 -999.250 -999.250 -999.250 -999.250 -999.250 -999.250 -999.250 -999.250 -999.250 -999.250 -999.250 -999.250 -999.250 -999.250 -999.250 -999.250 -999.250 -999.250 -999.250 -999.250 -999.250 -999.250 -999.250 -999.250 -999.250 -999.250 -999.250 -999.250 -999.250
225.593 214.620 222.244 216.395 230.146 247.531 280.317 294.725 335.123 399.139 364.032 384.723 377.563 386.525 409.857 420.268 393.494 366.125 330.269 277.813 224.883 200.056 152.446 127.837 91.154 77.731 72.115 -999.250 -999.250 -999.250 -999.250 -999.250 -999.250 -999.250 -999.250 -999.250 -999.250 -999.250 -999.250 -999.250 -999.250 -999.250 -999.250 -999.250 -999.250 -999.250 -999.250 -999.250 -999.250 -999.250 -999.250 -999.250 -999.250 -999.250 -999.250 -999.250 -999.250 -999.250 -999.250 -999.250 -999.250 -999.250 -999.250 -999.250 -999.250
247.351 217.680 210.042 202.904 188.141 212.742 239.907 292.172 320.387 311.938 371.033 360.105 356.490 369.353 367.776 358.108 354.999 368.436 304.664 264.509 215.988 192.200 143.270 112.302 85.959 42.769 55.158 -999.250 -999.250 -999.250 -999.250 -999.250 -999.250 -999.250 -999.250 -999.250 -999.250 -999.250 -999.250 -999.250 -999.250 -999.250 -999.250 -999.250 -999.250 -999.250 -999.250 -999.250 -999.250 -999.250 -999.250 -999.250 -999.250 -999.250 -999.250 -999.250 -999.250 -999.250 -999.250 -999.250 -999.250 -999.250 -999.250 -999.250 -999.250
258.247 237.457 205.888 178.326 122.587 190.362 238.219 276.289 299.571 292.032 357.472 326.544 375.833 355.119 365.867 354.959 349.478 343.523 283.847 256.499 218.895 177.200 151.702 115.562 74.891 0.000 42.048 76.689 101.248 121.339 -999.250 -999.250 -999.250 -999.250 -999.250 -999.250 -999.250 -999.250 -999.250 -999.250 -999.250 -999.250 -999.250 -999.250 -999.250 -999.250 -999.250 -999.250 -999.250 -999.250 -999.250 -999.250 -999.250 -999.250 -999.250 -999.250 -999.250 -999.250 -999.250 -999.250 -999.250 -999.250 -999.250 -999.250 -999.250
259.630 229.324 214.553 191.952 178.902 195.708 223.357 267.272 290.870 350.808 320.624 343.420 353.677 347.788 348.521 347.100 320.223 309.658 299.961 257.973 222.392 213.641 167.302 128.135 90.233 63.142 76.273 92.532 100.035 119.382 150.458 -999.250 -999.250 -999.250 -999.250 -999.250 -999.250 -999.250 -999.250 -999.250 -999.250 -999.250 -999.250 -999.250 -999.250 -999.250 -999.250 -999.250 -999.250 -999.250 -999.250 -999.250 -999.250 -999.250 -999.250 -999.250 -999.250 -999.250 -999.250 -999.250 -999.250 -999.250 -999.250 -999.250 -999.250
287.297 234.911 223.450 210.071 198.460 214.516 212.496 267.766 282.429 305.388 289.800 329.629 327.081 324.087 321.847 376.367 330.149 321.129 275.909 260.158 230.095 214.526 195.288 161.610 123.959 116.493 106.684 103.498 116.803 121.866 -999.250 -999.250 -999.250 -999.250 -999.250 -999.250 -999.250 -999.250 -999.250 -999.250 -999.250 -999.250 -999.250 -999.250 -999.250 -999.250 -999.250 -999.250 -999.250 -999.250 -999.250 -999.250 -999.250 -999.250 -999.250 -999.250 -999.250 -999.250 -999.250 -999.250 -999.250 -999.250 -999.250 -999.250 -999.250
285.916 264.533 227.231 210.325 204.425 220.670 248.939 245.108 259.423 277.941 280.843 308.114 329.552 331.667 311.596 318.444 357.401 302.155 289.130 265.652 228.749 221.590 206.652 189.404 159.012 141.809 143.585 125.294 130.178 136.157 -999.250 -999.250 -999.250 -999.250 -999.250 -999.250 -999.250 -999.250 -999.250 -999.250 -999.250 -999.250 -999.250 -999.250 -999.250 -999.250 -999.250 -999.250 -999.250 -999.250 -999.250 -999.250 -999.250 -999.250 -999.250 -999.250 -999.250 -999.250 -999.250 -999.250 -999.250 -999.250 -999.250 -999.250 -999.250
306.929 280.172 255.014 242.114 229.146 236.908 247.147 241.570 265.500 276.050 267.063 312.333 333.421 323.250 321.912 324.682 304.688 299.890 304.829 260.684 255.097 239.053 219.939 207.268 191.657 166.024 150.727 145.640 144.670 149.785 -999.250 -999.250 -999.250 -999.250 -999.250 -999.250 -999.250 -999.250 -999.250 -999.250 -999.250 -999.250 -999.250 -999.250 -999.250 -999.250 -999.250 -999.250 -999.250 -999.250 -999.250 -999.250 -999.250 -999.250 -999.250 -999.250 -999.250 -999.250 -999.250 -999.250 -999.250 -999.250 -999.250 -999.250 -999.250
311.210 304.428 267.778 241.177 230.680 248.325 246.431 256.550 249.270 264.646 263.221 290.417 304.186 322.257 357.512 303.560 325.547 350.178 312.636 278.859 261.644 256.244 242.897 222.194 231.666 212.476 179.144 147.478 166.729 184.694 -999.250 -999.250 -999.250 -999.250 -999.250 -999.250 -999.250 -999.250 -999.250 -999.250 -999.250 -999.250 -999.250 -999.250 -999.250 -999.250 -999.250 -999.250 -999.250 -999.250 -999.250 -999.250 -999.250 -999.250 -999.250 -999.250 -999.250 -999.250 -999.250 -999.250 -999.250 -999.250 -999.250 -999.250 -999.250
323.283 280.146 246.653 260.166 253.442 244.614 246.413 230.657 253.207 255.697 276.443 273.311 305.570 330.257 349.181 345.478 323.717 321.948 323.993 310.208 320.347 286.342 271.807 272.580 252.133 244.191 212.831 133.112 177.891 195.325 -999.250 -999.250 -999.250 -999.250 -999.250 -999.250 -999.250 -999.250 -999.250 -999.250 -999.250 -999.250 -999.250 -999.250 -999.250 -999.250 -999.250 -999.250 -999.250 -999.250 -999.250 -999.250 -999.250 -999.250 -999.250 -999.250 -999.250 -999.250 -999.250 -999.250 -999.250 -999.250 -999.250 -999.250 -999.250
308.790 310.118 284.793 263.818 278.765 254.595 242.351 228.708 239.883 254.128 282.203 307.392 324.703 308.028 319.435 325.216 342.904 338.124 343.238 338.328 327.895 345.630 347.988 346.132 320.506 290.496 254.579 226.962 214.122 230.965 -999.250 -999.250 -999.250 -999.250 -999.250 -999.250 -999.250 -999.250 -999.250 -999.250 -999.250 -999.250 -999.250 -999.250 -999.250 -999.250 -999.250 -999.250 -999.250 -999.250 -999.250 -999.250 -999.250 -999.250 -999.250 -999.250 -999.250 -999.250 -999.250 -999.250 -999.250 -999.250 -999.250 -999.250 -999.250
308.943 299.971 266.383 261.777 269.268 240.777 238.105 228.069 223.923 249.610 252.103 282.538 265.869 303.361 332.624 343.637 354.980 337.898 357.401 375.887 407.406 417.594 416.939 406.788 391.198 357.073 310.290 268.139 272.881 264.713 262.625 -999.250 -999.250 -999.250 -999.250 -999.250 -999.250 -999.250 -999.250 -999.250 -999.250 -999.250 -999.250 -999.250 -999.250 -999.250 -999.250 -999.250 -999.250 -999.250 -999.250 -999.250 -999.250 -999.250 -999.250 -999.250 -999.250 -999.250 -999.250 -999.250 -999.250 -999.250 -999.250 -999.250 -999.250
298.018 279.511 240.533 242.416 250.491 240.605 219.722 240.623 254.162 247.839 240.010 291.310 274.846 305.459 308.976 341.538 370.453 372.514 377.395 400.163 411.441 437.767 439.575 452.093 453.350 439.954 384.748 377.169 329.768 326.460 285.050 292.597 -999.250 -999.250 -999.250 -999.250 -999.250 -999.250 -999.250 -999.250 -999.250 -999.250 -999.250 -999.250 -999.250 -999.250 -999.250 -999.250 -999.250 -999.250 -999.250 -999.250 -999.250 -999.250 -999.250 -999.250 -999.250 -999.250 -999.250 -999.250 -999.250 -999.250 -999.250 -999.250 -999.250
310.555 252.833 242.270 227.620 242.340 232.495 236.461 233.117 249.323 257.538 262.465 282.583 279.772 299.771 301.018 335.808 390.657 379.217 383.509 424.962 451.039 460.681 460.796 464.082 481.901 469.060 463.358 426.341 369.817 360.874 358.968 331.052 324.267 -999.250 -999.250 -999.250 -999.250 -999.250 -999.250 -999.250 -999.250 -999.250 -999.250 -999.250 -999.250 -999.250 -999.250 -999.250 -999.250 -999.250 -999.250 -999.250 -999.250 -999.250 -999.250 -999.250 -999.250 -999.250 -999.250 -999.250 -999.250 -999.250 -999.250 -999.250 -999.250
255.591 236.540 242.413 241.081 230.609 232.289 240.446 224.851 244.153 255.100 277.351 282.189 286.417 299.334 316.659 320.814 378.777 404.700 411.578 441.617 478.581 495.016 462.758 483.536 501.305 505.707 470.898 456.568 431.535 426.354 383.609 361.975 396.843 -999.250 -999.250 -999.250 -999.250 -999.250 -999.250 -999.250 -999.250 -999.250 -999.250 -999.250 -999.250 -999.250 -999.250 -999.250 -999.250 -999.250 -999.250 -999.250 -999.250 -999.250 -999.250 -999.250 -999.250 -999.250 -999.250 -999.250 -999.250 -999.250 -999.250 -999.250 -999.250
220.088 229.627 235.220 236.357 233.424 247.990 244.081 233.274 240.562 242.657 256.779 263.438 272.737 287.562 286.540 308.900 386.817 421.228 390.386 444.494 472.976 468.086 479.514 509.862 509.046 493.850 476.058 493.180 419.825 475.560 436.783 430.937 442.276 -999.250 -999.250 -999.250 -999.250 -999.250 -999.250 -999.250 -999.250 -999.250 -999.250 -999.250 -999.250 -999.250 -999.250 -999.250 -999.250 -999.250 -999.250 -999.250 -999.250 -999.250 -999.250 -999.250 -999.250 -999.250 -999.250 -999.250 -999.250 -999.250 -999.250 -999.250 -999.250
230.310 232.935 229.832 218.030 220.994 225.647 226.469 226.638 231.582 250.623 271.603 270.856 261.683 269.867 270.604 284.017 329.650 374.591 392.265 439.891 468.949 469.004 509.872 517.313 509.418 518.274 483.578 473.200 501.238 495.334 494.354 471.909 422.877 -999.250 -999.250 -999.250 -999.250 -999.250 -999.250 -999.250 -999.250 -999.250 -999.250 -999.250 -999.250 -999.250 -999.250 -999.250 -999.250 -999.250 -999.250 -999.250 -999.250 -999.250 -999.250 -999.250 -999.250 -999.250 -999.250 -999.250 -999.250 -999.250 -999.250 -999.250 -999.250
254.803 245.323 234.332 217.152 222.730 226.290 217.317 215.836 232.442 241.028 272.055 267.080 254.866 268.017 257.246 249.955 286.510 348.852 381.970 449.568 446.452 477.131 502.281 518.119 509.855 499.971 498.618 498.791 518.553 506.887 478.723 445.728 433.745 -999.250 -999.250 -999.250 -999.250 -999.250 -999.250 -999.250 -999.250 -999.250 -999.250 -999.250 -999.250 -999.250 -999.250 -999.250 -999.250 -999.250 -999.250 -999.250 -999.250 -999.250 -999.250 -999.250 -999.250 -999.250 -999.250 -999.250 -999.250 -999.250 -999.250 -999.250 -999.250
259.275 244.314 228.930 229.054 223.828 215.051 218.383 213.577 209.460 238.263 253.540 250.348 230.783 238.790 235.806 228.171 221.169 321.619 355.892 420.268 458.366 485.797 509.844 511.542 500.863 494.506 515.672 508.317 523.588 510.593 483.992 474.675 474.011 449.296 -999.250 -999.250 -999.250 -999.250 -999.250 -999.250 -999.250 -999.250 -999.250 -999.250 -999.250 -999.250 -999.250 -999.250 -999.250 -999.250 -999.250 -999.250 -999.250 -999.250 -999.250 -999.250 -999.250 -999.250 -999.250 -999.250 -999.250 -999.250 -999.250 -999.250 -999.250
239.023 227.459 228.703 228.784 227.449 216.127 212.594 213.158 210.430 244.218 230.629 232.781 224.082 234.666 236.526 235.346 250.810 284.983 358.050 397.219 445.231 475.736 509.800 485.458 516.687 535.888 534.988 524.249 501.627 495.305 481.606 489.402 481.983 468.489 440.552 -999.250 -999.250 -999.250 -999.250 -999.250 -999.250 -999.250 -999.250 -999.250 -999.250 -999.250 -999.250 -999.250 -999.250 -999.250 -999.250 -999.250 -999.250 -999.250 -999.250 -999.250 -999.250 -999.250 -999.250 -999.250 -999.250 -999.250 -999.250 -999.250 -999.250
252.976 244.500 229.086 226.730 221.820 226.885 196.582 201.222 211.605 220.990 226.841 204.664 215.861 229.630 219.356 232.328 236.806 297.531 343.200 421.854 467.311 490.136 501.750 526.901 498.699 535.492 542.311 540.125 511.219 494.641 514.093 502.250 475.493 453.878 462.910 474.869 441.682 432.163 -999.250 -999.250 -999.250 -999.250 -999.250 -999.250 -999.250 -999.250 -999.250 -999.250 -999.250 -999.250 -999.250 -999.250 -999.250 -999.250 -999.250 -999.250 -999.250 -999.250 -999.250 -999.250 -999.250 -999.250 -999.250 -999.250 -999.250
238.453 245.987 225.986 229.307 222.957 216.692 199.894 204.486 196.869 200.512 222.748 210.210 222.568 213.714 227.107 230.148 241.726 274.164 341.479 407.843 469.263 479.130 481.757 543.039 531.171 548.011 548.003 533.394 501.059 505.414 493.307 505.058 508.066 501.933 480.811 463.423 462.871 438.299 -999.250 -999.250 -999.250 -999.250 -999.250 -999.250 -999.250 -999.250 -999.250 -999.250 -999.250 -999.250 -999.250 -999.250 -999.250 -999.250 -999.250 -999.250 -999.250 -999.250 -999.250 -999.250 -999.250 -999.250 -999.250 -999.250 -999.250
266.728 237.616 222.994 213.807 212.939 204.128 203.008 192.667 196.956 192.400 194.633 202.315 215.120 212.139 226.185 243.385 241.708 263.334 356.505 418.735 438.103 490.579 514.735 530.597 553.424 550.236 554.223 545.814 516.928 528.121 511.917 522.698 520.675 495.595 526.783 459.132 477.451 -999.250 -999.250 -999.250 -999.250 -999.250 -999.250 -999.250 -999.250 -999.250 -999.250 -999.250 -999.250 -999.250 -999.250 -999.250 -999.250 -999.250 -999.250 -999.250 -999.250 -999.250 -999.250 -999.250 -999.250 -999.250 -999.250 -999.250 -999.250
256.663 255.545 228.446 224.573 205.423 195.685 195.868 191.143 172.465 174.244 193.418 189.842 179.758 218.047 218.454 228.787 250.221 275.604 347.179 379.067 398.463 448.918 508.459 564.207 548.244 621.626 542.944 552.947 525.404 587.071 550.183 559.888 533.821 525.841 513.734 490.265 474.944 -999.250 -999.250 -999.250 370.594 340.548 303.925 -999.250 -999.250 -999.250 -999.250 -999.250 -999.250 -999.250 -999.250 -999.250 -999.250 -999.250 -999.250 -999.250 -999.250 -999.250 -999.250 -999.250 -999.250 -999.250 -999.250 -999.250 -999.250
251.132 249.886 230.117 233.423 201.159 178.713 170.174 172.217 191.895 186.648 193.049 189.451 180.585 209.842 199.892 206.880 238.559 276.982 346.630 413.461 411.815 451.979 483.684 530.868 575.416 610.558 579.472 563.820 526.149 537.023 589.697 589.465 543.696 531.915 507.063 500.942 467.077 470.259 428.694 411.338 381.035 347.727 330.660 289.760 -999.250 -999.250 -999.250 -999.250 -999.250 -999.250 -999.250 -999.250 -999.250 -999.250 -999.250 -999.250 -999.250 -999.250 -999.250 -999.250 -999.250 -999.250 -999.250 -999.250 -999.250
274.228 243.784 237.290 218.325 189.246 141.276 175.464 183.418 190.940 190.899 202.806 206.583 203.254 196.165 193.018 168.124 232.303 274.022 352.877 416.971 433.922 482.759 492.912 523.144 602.138 656.105 657.515 564.760 556.335 585.932 582.358 550.408 538.424 520.936 524.760 477.019 483.324 471.661 465.697 431.456 419.343 366.210 304.801 292.701 288.936 -999.250 -999.250 -999.250 -999.250 -999.250 -999.250 -999.250 -999.250 -999.250 -999.250 -999.250 -999.250 -999.250 -999.250 -999.250 -999.250 -999.250 -999.250 -999.250 -999.250
254.850 234.445 220.612 211.458 214.600 194.699 181.382 192.388 198.848 204.109 211.488 198.609 191.250 200.099 205.422 212.323 242.915 279.432 350.591 395.961 413.279 461.263 468.852 527.297 564.539 632.472 619.310 627.976 610.387 598.700 585.543 579.674 563.190 529.292 516.434 496.155 469.405 500.520 460.594 449.241 421.029 373.995 348.076 305.371 307.922 -999.250 -999.250 -999.250 -999.250 -999.250 -999.250 -999.250 -999.250 -999.250 -999.250 -999.250 -999.250 -999.250 -999.250 -999.250 -999.250 -999.250 -999.250 -999.250 -999.250
274.377 268.008 242.226 223.575 212.651 205.796 200.230 202.328 214.858 222.153 200.133 196.397 194.732 208.622 231.794 231.861 250.247 303.415 338.439 420.267 400.709 447.297 490.757 520.383 609.028 631.173 705.882 641.498 628.847 572.572 577.961 546.403 558.517 520.918 499.292 477.616 494.093 472.496 474.446 442.777 425.653 388.772 357.854 346.929 330.815 -999.250 -999.250 -999.250 -999.250 -999.250 -999.250 -999.250 -999.250 -999.250 -999.250 -999.250 -999.250 -999.250 -999.250 -999.250 -999.250 -999.250 -999.250 -999.250 -999.250
299.201 289.391 251.434 235.569 226.964 223.363 227.761 221.955 220.327 221.080 213.928 216.481 207.040 229.424 239.498 249.455 274.154 294.749 347.051 390.113 453.914 477.451 497.627 520.660 555.278 595.031 646.708 617.624 607.290 567.791 549.916 542.934 535.798 503.554 478.018 512.708 498.168 478.547 441.981 393.124 407.555 370.909 357.767 355.928 272.516 289.844 -999.250 -999.250 -999.250 -999.250 -999.250 -999.250 -999.250 -999.250 -999.250 -999.250 -999.250 -999.250 -999.250 -999.250 -999.250 -999.250 -999.250 -999.250 -999.250
