data/medianmodel_08-Jan-2021.asc
ncols	141
nrows	288
xllcorner	-120191.398
yllcorner	-301404.813
cellsize	2000.000
NODATA_value	-999.250
[rows 145 to 173 of 288, columns 0 to 63 of 141]
-999.250 -999.250 -999.250 -999.250 -999.250 -999.250 -999.250 -999.250 -999.250 -999.250 -999.250 -999.250 -999.250 -999.250 -999.250 -999.250 -999.250 661.252 642.422 693.011 717.717 766.490 825.853 841.826 856.151 892.023 916.559 926.147 881.923 856.621 850.702 838.849 825.637 800.003 811.262 817.901 846.929 886.822 914.067 973.901 1058.347 1088.125 1080.074 1003.901 883.331 797.199 733.970 687.775 647.481 626.268 588.821 573.639 560.543 511.979 491.510 472.883 445.845 406.627 329.640 316.588 456.793 615.939 754.996 876.617
-999.250 -999.250 -999.250 -999.250 -999.250 -999.250 -999.250 -999.250 -999.250 -999.250 -999.250 -999.250 -999.250 -999.250 -999.250 692.915 693.718 679.412 669.429 683.112 728.785 772.411 810.167 814.437 870.389 890.957 875.411 915.916 898.823 892.290 860.907 823.780 815.016 774.977 768.873 772.696 805.706 807.195 847.284 928.005 1052.504 1145.049 1073.664 990.562 870.889 801.176 726.670 653.075 618.858 595.356 590.708 597.824 596.172 570.635 537.694 491.148 489.947 509.536 427.767 426.808 479.284 588.814 709.929 807.219
-999.250 -999.250 -999.250 -999.250 -999.250 -999.250 -999.250 -999.250 -999.250 -999.250 -999.250 -999.250 -999.250 -999.250 725.041 692.830 698.726 704.262 698.934 718.968 729.053 772.168 807.051 824.129 887.735 930.534 921.090 906.716 919.630 881.546 893.817 843.775 784.743 752.579 735.520 746.305 739.779 740.993 812.102 925.191 994.095 1029.598 980.254 900.291 858.947 778.729 709.987 616.388 571.086 563.174 596.349 594.645 622.684 620.347 579.206 518.146 531.389 496.444 467.513 465.605 515.869 608.733 722.634 788.780
-999.250 -999.250 -999.250 -999.250 -999.250 -999.250 -999.250 -999.250 -999.250 -999.250 -999.250 -999.250 -999.250 -999.250 752.255 722.602 732.034 709.763 699.470 708.158 744.978 746.802 784.028 825.040 861.035 885.847 967.628 967.356 881.867 895.079 890.103 826.024 760.025 735.930 721.314 702.235 692.896 671.403 748.140 816.624 896.766 875.479 853.285 829.076 806.361 779.293 668.647 576.330 556.020 549.128 552.059 589.392 602.328 590.652 571.328 564.709 536.482 508.152 473.798 497.570 563.689 618.990 704.444 756.882
-999.250 -999.250 -999.250 -999.250 -999.250 -999.250 -999.250 -999.250 -999.250 -999.250 -999.250 -999.250 -999.250 807.095 757.677 750.363 753.820 732.795 718.026 727.767 733.375 751.602 787.280 823.190 872.431 875.840 992.581 1016.720 960.046 891.476 900.504 828.644 764.131 724.766 709.397 695.412 681.421 683.513 698.395 766.750 795.180 800.278 758.996 733.873 714.800 643.646 584.673 550.116 512.335 518.667 570.468 576.132 586.288 548.548 575.016 542.725 562.736 508.629 488.098 512.721 532.438 629.645 687.286 725.538
-999.250 -999.250 -999.250 -999.250 -999.250 -999.250 -999.250 -999.250 -999.250 -999.250 -999.250 -999.250 813.538 820.451 799.057 774.082 767.391 726.453 731.541 735.331 748.619 743.433 778.835 861.782 882.484 889.655 990.293 966.302 906.314 902.027 870.637 825.290 748.087 730.551 706.372 706.614 679.890 683.356 713.237 727.656 722.566 739.257 700.124 664.433 604.399 532.361 496.360 498.915 513.075 494.480 545.896 548.070 555.346 560.752 549.165 529.782 522.465 505.019 483.281 502.571 556.750 621.764 682.214 724.768
-999.250 -999.250 -999.250 -999.250 -999.250 -999.250 -999.250 -999.250 -999.250 -999.250 -999.250 849.589 819.151 847.323 821.192 790.863 753.571 737.502 727.399 718.479 740.093 759.688 809.308 841.809 898.999 918.582 971.747 997.085 918.012 902.791 837.031 834.315 770.543 734.215 725.762 712.925 709.418 694.829 691.714 677.161 700.388 666.899 640.805 600.413 505.491 412.062 462.553 463.247 463.845 492.934 518.653 510.651 517.175 534.277 518.755 520.941 503.233 473.511 461.200 473.405 509.528 568.501 637.409 722.716
-999.250 -999.250 -999.250 -999.250 -999.250 -999.250 -999.250 -999.250 -999.250 -999.250 828.500 833.894 845.091 835.210 843.469 793.504 778.019 739.311 707.542 710.302 726.373 761.246 806.267 828.556 891.801 1018.323 1019.895 982.989 941.908 890.825 850.470 802.666 799.875 742.663 721.895 718.609 735.539 694.498 684.509 679.040 657.638 595.689 569.232 528.628 449.481 422.124 450.750 451.459 470.149 514.241 503.058 496.939 520.892 490.860 466.848 491.260 454.575 470.525 460.355 461.388 503.373 565.081 654.991 700.341
-999.250 -999.250 -999.250 -999.250 -999.250 -999.250 -999.250 -999.250 -999.250 860.909 819.762 845.087 818.087 805.433 822.981 852.321 788.698 723.037 703.202 664.586 717.763 751.380 795.359 854.030 943.714 1037.916 1040.502 1058.069 1019.795 957.597 844.661 812.889 770.640 799.444 778.876 744.546 723.248 705.594 680.752 667.637 634.156 590.134 536.421 484.044 463.170 459.513 468.982 458.217 465.700 478.731 482.907 476.934 493.068 505.233 456.433 434.039 435.578 448.642 451.858 482.665 461.351 540.312 583.566 676.004
-999.250 -999.250 -999.250 -999.250 -999.250 826.310 886.759 859.217 832.316 808.275 829.707 812.167 805.714 777.504 786.226 811.857 733.975 705.877 677.018 690.019 715.466 740.299 800.497 894.304 979.447 1096.079 1051.890 1043.811 1026.601 935.979 837.884 833.095 819.518 754.833 752.901 739.871 740.060 728.482 692.895 680.547 652.132 608.416 567.779 511.636 499.227 493.223 500.163 496.774 487.588 465.697 475.285 478.270 478.220 476.072 424.514 428.509 434.357 403.119 421.136 421.707 455.672 511.303 583.738 673.889
-999.250 -999.250 -999.250 -999.250 -999.250 -999.250 -999.250 820.131 800.850 819.606 786.918 746.460 722.825 724.320 734.855 718.692 700.343 680.026 667.829 668.327 703.269 742.251 788.503 906.256 1029.012 1123.706 1096.981 1046.104 1011.356 977.300 867.620 841.518 818.857 759.819 785.999 780.624 741.020 756.385 725.413 684.475 667.641 632.299 572.919 565.773 549.314 553.797 533.703 529.975 535.460 502.203 455.079 440.371 439.371 442.050 403.409 389.787 372.284 379.305 384.312 434.446 452.063 528.968 593.577 680.145
-999.250 -999.250 -999.250 -999.250 -999.250 -999.250 -999.250 730.179 731.746 732.199 712.037 667.583 685.786 681.053 680.678 662.781 656.916 637.554 627.949 637.938 667.938 742.221 751.165 863.523 942.607 1044.854 1046.286 989.048 977.775 893.775 850.718 806.273 794.723 790.612 795.138 774.142 731.597 735.555 724.415 722.952 701.735 676.392 633.438 614.515 588.307 551.047 545.987 542.106 549.712 489.782 460.974 435.427 426.594 440.116 414.410 389.852 370.388 349.574 387.195 395.748 452.764 526.705 579.087 663.060
-999.250 -999.250 -999.250 -999.250 -999.250 -999.250 -999.250 690.262 687.094 667.566 654.906 629.530 609.356 597.802 601.002 578.845 573.535 559.525 588.418 609.059 642.877 685.559 738.402 809.603 887.942 945.060 900.741 934.146 928.261 836.480 823.610 798.228 794.259 770.775 783.634 743.287 764.818 768.932 761.729 742.415 725.759 711.274 692.819 671.949 626.564 573.728 572.001 591.739 524.634 536.592 482.136 445.371 434.883 403.435 426.200 406.627 425.077 394.822 372.991 396.333 432.699 489.014 543.842 612.121
-999.250 -999.250 -999.250 -999.250 -999.250 -999.250 -999.250 610.421 611.470 570.890 557.439 530.382 556.904 512.095 529.366 483.471 494.949 492.442 516.491 559.479 606.896 642.277 705.554 759.124 826.945 818.521 812.515 839.964 806.745 781.207 789.716 773.828 765.042 748.120 721.786 755.776 753.052 762.123 757.751 760.878 765.176 755.742 742.383 700.122 676.184 631.918 611.276 575.806 590.044 554.178 518.882 514.444 460.140 461.967 432.292 441.612 409.186 417.724 404.731 441.797 452.480 488.398 562.451 628.441
-999.250 -999.250 -999.250 -999.250 -999.250 -999.250 -999.250 -999.250 527.406 481.097 461.788 444.462 457.307 456.941 452.195 454.088 454.962 465.022 444.856 505.642 563.808 600.064 686.159 695.035 742.938 742.067 738.502 760.851 754.717 742.904 752.486 743.332 717.059 741.384 733.412 774.637 769.950 787.039 770.642 775.351 819.697 800.973 755.839 728.065 687.551 652.005 651.551 589.549 601.471 561.481 543.424 532.192 494.456 469.496 446.342 450.906 462.132 436.475 459.469 453.789 476.862 528.506 572.013 615.843
-999.250 -999.250 -999.250 -999.250 -999.250 -999.250 -999.250 -999.250 452.160 398.376 411.309 415.707 433.148 437.200 445.448 437.968 446.565 430.787 424.951 458.951 513.385 571.512 615.959 641.365 652.310 688.891 697.805 717.248 707.498 704.752 703.623 690.720 688.610 716.405 724.756 751.572 787.501 760.197 743.769 790.462 827.557 864.145 786.130 741.640 706.078 691.239 653.253 657.523 643.326 565.374 569.906 530.781 486.311 500.459 487.502 478.050 470.025 466.551 460.948 484.458 480.012 494.657 543.281 619.068
-999.250 -999.250 -999.250 -999.250 -999.250 -999.250 -999.250 495.261 453.634 422.259 407.323 440.354 434.374 426.202 418.876 416.369 404.406 419.866 441.427 445.228 500.212 534.410 575.839 595.550 646.260 643.674 667.608 661.438 657.348 643.835 647.115 649.748 674.845 685.365 685.852 741.603 781.944 759.468 749.606 766.973 784.500 810.394 757.149 755.061 708.704 678.655 677.294 677.658 660.840 605.151 602.725 590.134 557.690 547.338 505.743 492.465 530.578 508.277 511.833 528.863 498.493 551.506 600.097 604.802
-999.250 -999.250 -999.250 -999.250 -999.250 -999.250 -999.250 518.165 449.454 439.449 446.628 423.192 430.333 417.401 423.033 438.401 413.679 427.877 448.556 455.366 460.762 483.239 540.661 569.689 591.939 593.919 606.734 606.320 627.182 598.408 604.972 603.882 611.596 626.240 642.200 678.267 705.468 704.907 717.011 727.511 735.302 744.867 719.840 728.434 698.560 662.537 675.194 668.112 640.504 640.055 622.533 600.930 594.288 579.533 569.184 570.832 524.429 556.973 556.466 548.793 534.259 572.443 583.302 604.543
-999.250 -999.250 -999.250 -999.250 -999.250 -999.250 -999.250 542.684 488.972 465.017 475.706 460.026 445.875 451.455 445.960 439.638 429.891 431.911 457.887 448.748 451.249 482.315 507.980 537.044 551.526 558.448 564.964 513.545 536.092 520.067 544.404 514.903 518.395 584.314 588.141 616.424 664.226 659.246 669.742 698.002 698.229 710.635 705.150 677.983 694.478 691.553 674.548 657.909 619.648 633.493 631.919 627.674 668.044 638.639 631.766 645.039 623.182 569.626 592.089 567.504 602.840 616.938 613.369 648.884
-999.250 -999.250 -999.250 -999.250 -999.250 -999.250 -999.250 558.822 524.193 514.059 503.124 510.849 509.458 482.492 504.825 465.565 467.183 492.954 462.208 455.796 455.046 487.088 495.620 500.497 522.757 558.450 510.622 491.624 471.405 475.907 452.512 453.575 457.541 467.038 509.743 567.259 601.985 623.132 621.981 645.908 670.530 679.558 679.890 670.588 648.328 647.610 630.439 621.699 629.539 632.437 630.993 640.349 664.777 658.085 668.267 686.711 662.619 625.226 652.428 651.474 616.178 637.649 655.994 684.489
-999.250 -999.250 -999.250 -999.250 -999.250 -999.250 585.340 574.881 589.014 555.274 567.413 561.999 571.989 556.030 519.329 516.421 521.181 500.211 483.847 475.587 485.733 480.415 506.042 504.337 513.009 481.697 481.987 473.905 456.586 420.804 394.226 364.887 405.089 430.652 441.640 515.223 524.478 579.277 595.734 616.372 618.474 631.000 616.331 630.993 617.757 618.363 636.802 629.528 646.586 636.562 653.585 678.204 693.020 704.691 723.248 713.316 700.717 663.812 671.662 670.447 670.506 669.090 689.098 701.851
-999.250 -999.250 -999.250 -999.250 -999.250 -999.250 619.609 635.002 580.480 588.570 598.910 606.187 613.026 630.047 604.237 568.606 568.859 571.662 529.870 523.182 495.990 473.722 517.624 497.767 489.558 474.648 465.313 460.011 437.698 410.271 365.397 353.555 384.981 386.253 445.987 453.587 494.424 529.703 540.494 564.050 591.471 584.532 582.659 588.726 587.552 595.478 609.938 653.099 657.734 683.892 689.165 707.808 723.521 750.771 753.665 722.440 748.232 749.672 716.992 718.560 699.189 708.352 703.512 707.784
-999.250 -999.250 -999.250 -999.250 -999.250 664.332 664.406 634.854 632.446 626.636 650.353 659.215 668.314 658.868 625.898 617.266 603.577 596.992 591.880 583.439 533.880 525.861 522.515 498.782 476.968 468.813 474.454 475.436 434.159 408.908 382.984 353.898 380.987 390.294 423.679 443.498 454.700 448.008 494.048 498.411 531.180 540.591 562.582 564.508 543.645 565.516 614.222 653.595 701.383 713.448 731.121 750.622 765.263 794.630 813.499 831.645 784.101 778.573 783.356 762.141 726.905 736.110 741.918 742.275
-999.250 -999.250 -999.250 -999.250 -999.250 692.908 690.754 691.386 666.245 683.202 702.231 732.204 714.426 691.579 671.471 642.694 626.672 640.991 623.230 586.473 572.887 576.817 532.798 532.348 500.574 480.599 467.391 473.004 453.178 415.054 411.085 380.526 392.417 396.954 421.339 416.945 438.430 412.722 425.335 455.945 468.674 475.334 495.018 490.791 577.164 556.640 610.549 662.686 705.436 758.267 756.427 793.155 842.209 830.939 873.947 886.789 825.181 803.348 832.829 802.643 807.462 810.896 768.266 727.997
-999.250 -999.250 -999.250 -999.250 686.447 693.996 701.469 701.936 698.999 711.511 731.684 741.735 737.793 732.413 707.138 695.363 682.813 685.375 675.228 616.335 619.015 599.695 547.568 531.577 497.025 497.610 469.532 470.842 469.102 432.631 415.336 433.481 405.555 404.533 419.808 456.487 450.679 436.579 450.857 437.419 447.850 450.608 466.645 478.703 519.278 564.551 611.553 678.301 715.880 727.593 788.689 818.190 830.986 915.585 926.031 959.833 894.888 844.013 944.053 898.259 874.207 856.530 806.983 767.381
-999.250 -999.250 -999.250 -999.250 692.070 694.205 702.190 702.979 697.548 723.682 746.345 746.353 759.890 769.558 748.096 762.922 751.695 719.104 705.955 682.942 632.867 621.245 583.401 598.912 547.138 502.347 528.983 518.548 484.303 461.685 432.972 425.238 404.958 435.992 443.831 429.806 423.204 426.417 441.681 439.073 411.324 382.058 413.961 430.239 526.402 542.119 633.758 695.630 709.995 769.216 801.747 818.045 904.107 957.279 1078.356 1049.982 1048.951 983.883 1056.681 1062.772 1005.555 938.424 840.584 832.953
-999.250 -999.250 -999.250 -999.250 683.119 704.334 710.699 726.241 733.813 735.322 778.451 760.477 776.902 802.978 817.488 798.014 797.114 752.309 729.605 702.656 704.730 654.469 643.761 618.840 590.640 559.396 510.796 528.895 488.595 439.689 443.704 449.153 429.463 428.482 419.618 431.875 425.523 433.118 438.922 385.373 380.736 385.825 376.117 440.189 461.116 553.996 626.473 687.836 758.439 787.282 827.613 916.732 995.533 1061.222 1115.881 1172.560 1168.967 1126.291 1132.627 1107.919 1105.108 1045.455 947.242 877.799
-999.250 -999.250 -999.250 -999.250 696.831 724.785 721.160 740.039 738.853 771.401 778.725 789.924 790.606 816.554 818.670 845.682 843.658 801.512 771.205 736.024 714.907 685.092 676.207 647.623 610.829 566.388 561.532 528.322 528.569 491.965 457.161 477.881 444.531 459.313 457.509 446.114 449.621 433.041 407.706 373.419 379.855 320.679 377.250 419.483 480.615 566.344 617.465 695.165 745.243 821.003 898.400 978.422 1053.554 1121.827 1188.892 1258.184 1333.351 1353.256 1272.021 1189.249 1163.423 1142.471 1062.265 936.052
-999.250 -999.250 -999.250 -999.250 713.199 717.919 729.126 756.078 761.594 783.811 782.371 803.527 824.674 837.226 840.806 843.129 920.101 828.516 838.760 810.526 760.265 715.318 700.275 655.292 614.158 602.715 572.241 543.593 537.256 518.725 508.979 477.706 464.165 466.705 472.537 451.690 424.031 418.135 385.186 338.068 325.621 317.451 370.743 399.498 455.416 555.422 641.031 697.339 738.660 836.671 921.454 1043.896 1141.555 1173.585 1231.421 1365.150 1555.644 1492.084 1437.517 1366.874 1254.673 1206.379 1126.434 1040.458
