data/medianmodel_27-Nov-2020.asc
ncols	141
nrows	288
xllcorner	-120191.398
yllcorner	-301404.813
cellsize	2000.000
NODATA_value	-999.250
[rows 116 to 144 of 288, columns 0 to 63 of 141]
-999.250 -999.250 -999.250 -999.250 -999.250 -999.250 -999.250 -999.250 -999.250 -999.250 -999.250 -999.250 -999.250 -999.250 -999.250 -999.250 -999.250 -999.250 -999.250 -999.250 -999.250 -999.250 -999.250 -999.250 -999.250 -999.250 -999.250 695.796 722.571 622.432 657.725 593.450 583.143 608.361 594.296 542.386 516.301 517.558 512.008 503.870 499.464 509.297 511.656 519.695 492.393 519.963 555.889 581.351 647.209 681.800 706.394 757.130 748.017 621.856 508.362 355.618 235.887 146.533 132.903 153.776 189.311 225.932 273.382 345.127
-999.250 -999.250 -999.250 -999.250 -999.250 -999.250 -999.250 -999.250 -999.250 -999.250 -999.250 -999.250 -999.250 -999.250 -999.250 -999.250 -999.250 -999.250 -999.250 -999.250 -999.250 -999.250 -999.250 -999.250 -999.250 -999.250 -999.250 662.998 665.465 601.094 627.280 592.635 554.001 578.720 574.645 550.689 546.971 542.924 544.446 519.556 523.052 504.394 496.999 505.406 521.658 517.992 552.716 538.153 530.526 500.278 550.350 624.790 614.593 531.060 439.622 310.224 175.303 38.255 80.113 128.341 170.027 223.226 274.440 344.165
-999.250 -999.250 -999.250 -999.250 -999.250 -999.250 -999.250 -999.250 -999.250 -999.250 -999.250 -999.250 -999.250 -999.250 -999.250 -999.250 -999.250 -999.250 -999.250 -999.250 -999.250 -999.250 -999.250 -999.250 -999.250 -999.250 674.309 665.346 671.992 628.337 579.116 559.445 613.151 588.454 554.903 562.814 556.386 573.243 540.910 547.573 517.765 518.117 513.743 521.230 515.195 520.119 531.375 513.721 517.612 490.683 494.816 509.037 515.287 467.399 373.180 256.903 157.508 74.933 79.090 112.546 166.945 223.201 282.096 336.494
-999.250 -999.250 -999.250 -999.250 -999.250 -999.250 -999.250 -999.250 -999.250 -999.250 -999.250 -999.250 -999.250 -999.250 -999.250 -999.250 -999.250 -999.250 -999.250 -999.250 -999.250 -999.250 -999.250 -999.250 -999.250 -999.250 625.238 588.369 585.258 574.405 597.630 569.286 574.628 553.774 537.215 531.904 575.303 601.580 548.450 555.279 521.780 517.001 490.033 500.367 520.292 507.430 506.743 509.058 496.301 500.665 483.539 464.874 442.956 382.135 316.322 218.325 166.579 107.446 86.468 129.991 162.046 228.395 292.438 331.057
-999.250 -999.250 -999.250 -999.250 -999.250 -999.250 -999.250 -999.250 -999.250 -999.250 -999.250 -999.250 -999.250 -999.250 -999.250 -999.250 -999.250 -999.250 -999.250 -999.250 -999.250 -999.250 -999.250 -999.250 -999.250 -999.250 611.048 535.601 564.780 538.503 583.444 579.977 552.559 528.335 529.907 524.281 545.726 544.770 558.318 537.139 520.954 521.860 514.867 520.498 513.198 510.738 489.401 479.437 495.756 486.919 459.794 399.757 385.474 317.130 266.774 205.972 156.717 114.247 91.324 129.226 163.910 201.279 274.629 318.048
-999.250 -999.250 -999.250 -999.250 -999.250 -999.250 -999.250 -999.250 -999.250 -999.250 -999.250 -999.250 -999.250 -999.250 -999.250 -999.250 -999.250 -999.250 -999.250 -999.250 -999.250 -999.250 -999.250 -999.250 -999.250 605.106 580.235 574.372 548.074 548.050 542.385 565.295 546.313 556.698 540.790 518.610 554.273 535.998 529.019 516.995 539.903 517.205 527.985 502.928 514.332 496.492 494.896 512.290 466.921 464.118 432.057 393.103 349.583 309.854 241.410 196.058 155.227 117.445 87.977 132.872 168.754 212.035 267.993 319.824
-999.250 -999.250 -999.250 -999.250 -999.250 -999.250 -999.250 -999.250 -999.250 -999.250 -999.250 -999.250 -999.250 -999.250 -999.250 -999.250 -999.250 -999.250 -999.250 -999.250 -999.250 -999.250 -999.250 -999.250 -999.250 533.395 569.264 548.406 533.833 534.093 522.058 535.912 517.422 546.094 542.011 502.963 529.859 528.549 545.450 537.772 518.588 514.697 523.181 512.169 505.262 462.708 487.763 481.768 466.995 456.203 422.049 392.478 342.473 279.039 240.171 177.742 138.742 122.166 132.079 155.024 172.769 209.031 253.584 310.592
-999.250 -999.250 -999.250 -999.250 -999.250 -999.250 -999.250 -999.250 -999.250 -999.250 -999.250 -999.250 -999.250 -999.250 -999.250 -999.250 -999.250 -999.250 -999.250 -999.250 -999.250 -999.250 -999.250 -999.250 -999.250 548.800 570.840 551.729 515.736 515.098 503.352 529.739 525.682 531.859 504.164 517.272 513.228 530.179 526.612 520.015 525.606 519.348 497.019 495.404 496.507 468.216 446.568 480.825 456.984 409.423 366.665 352.510 324.699 273.246 230.827 189.527 161.603 160.829 149.475 159.468 180.160 227.358 255.502 295.804
-999.250 -999.250 -999.250 -999.250 -999.250 -999.250 -999.250 -999.250 -999.250 -999.250 -999.250 -999.250 -999.250 -999.250 -999.250 -999.250 -999.250 -999.250 -999.250 -999.250 -999.250 -999.250 -999.250 -999.250 508.274 533.832 538.770 525.541 514.484 499.825 500.930 521.117 515.609 535.673 513.925 513.425 502.732 515.253 530.860 504.943 513.586 513.810 491.171 474.932 475.911 476.690 417.523 438.836 415.412 362.445 347.657 323.344 302.034 269.007 223.962 194.490 176.467 163.814 156.734 161.064 180.854 206.536 239.303 277.436
-999.250 -999.250 -999.250 -999.250 -999.250 -999.250 -999.250 -999.250 -999.250 -999.250 -999.250 -999.250 -999.250 -999.250 -999.250 -999.250 -999.250 -999.250 -999.250 -999.250 -999.250 -999.250 -999.250 -999.250 491.333 520.931 518.897 495.583 507.454 486.789 493.273 494.379 521.102 501.969 491.456 509.570 510.005 511.817 518.916 520.949 519.849 503.205 473.731 447.648 463.217 435.623 422.878 384.864 354.236 327.448 328.398 292.438 275.510 252.579 215.517 211.349 181.415 172.603 165.185 178.490 194.846 198.031 230.130 252.711
-999.250 -999.250 -999.250 -999.250 -999.250 -999.250 -999.250 -999.250 -999.250 -999.250 -999.250 -999.250 -999.250 -999.250 -999.250 -999.250 -999.250 -999.250 -999.250 -999.250 -999.250 -999.250 -999.250 441.939 460.459 491.494 508.372 499.281 495.195 490.822 480.946 477.760 499.113 514.457 512.105 506.874 492.642 487.252 517.962 520.656 522.458 502.670 478.304 432.999 405.794 367.168 343.830 310.962 302.343 305.658 290.481 282.725 260.370 239.740 226.568 214.837 195.866 169.942 164.248 168.669 175.868 177.740 200.578 232.947
-999.250 -999.250 -999.250 -999.250 -999.250 -999.250 -999.250 -999.250 -999.250 -999.250 -999.250 -999.250 -999.250 -999.250 -999.250 -999.250 -999.250 -999.250 -999.250 -999.250 -999.250 -999.250 -999.250 417.053 411.484 471.192 484.391 469.404 478.463 493.233 507.510 481.133 498.829 476.595 510.202 503.621 500.005 518.782 521.721 515.763 499.914 490.751 478.691 450.774 385.303 341.186 312.731 279.398 233.056 232.265 245.404 256.049 244.429 221.874 204.981 218.285 211.367 176.175 191.070 172.309 163.360 171.732 179.150 206.477
-999.250 -999.250 -999.250 -999.250 -999.250 -999.250 -999.250 -999.250 -999.250 -999.250 -999.250 -999.250 -999.250 -999.250 -999.250 -999.250 -999.250 -999.250 -999.250 -999.250 -999.250 -999.250 -999.250 400.721 388.065 419.495 469.343 459.462 461.808 471.955 486.883 502.318 473.050 484.343 481.134 503.701 504.150 511.594 481.474 478.557 480.627 476.918 432.623 421.240 371.826 325.217 299.135 227.892 151.584 204.763 237.243 238.566 235.912 213.443 207.915 194.772 193.509 179.273 176.846 171.373 160.263 149.758 130.342 181.722
-999.250 -999.250 -999.250 -999.250 -999.250 -999.250 -999.250 -999.250 -999.250 -999.250 -999.250 -999.250 -999.250 -999.250 -999.250 -999.250 -999.250 -999.250 -999.250 -999.250 -999.250 -999.250 393.930 394.058 382.632 416.274 431.530 463.350 465.559 471.918 471.094 462.167 485.776 481.537 478.998 493.370 500.733 504.034 477.329 480.862 477.049 447.261 417.732 371.791 361.608 338.446 297.379 242.582 197.646 200.578 221.432 220.048 217.533 227.261 203.367 191.301 182.761 167.647 166.629 150.446 143.765 150.013 153.162 183.734
-999.250 -999.250 -999.250 -999.250 -999.250 -999.250 -999.250 -999.250 -999.250 -999.250 -999.250 -999.250 -999.250 -999.250 -999.250 -999.250 -999.250 -999.250 -999.250 -999.250 -999.250 -999.250 397.394 368.042 377.137 390.834 426.825 452.664 453.078 433.798 403.178 447.386 447.983 465.747 458.772 492.327 482.241 469.731 473.217 479.542 476.420 469.428 453.292 376.264 370.108 338.622 307.972 251.562 235.612 222.389 220.987 222.716 222.654 211.969 211.787 194.483 175.933 169.174 159.746 165.716 154.309 160.378 167.474 193.147
-999.250 -999.250 -999.250 -999.250 -999.250 -999.250 -999.250 -999.250 -999.250 -999.250 -999.250 -999.250 -999.250 -999.250 -999.250 -999.250 -999.250 -999.250 -999.250 -999.250 -999.250 360.009 382.231 367.848 334.995 356.343 394.392 402.027 418.759 393.447 368.014 390.071 405.410 426.844 464.897 465.514 445.069 470.763 450.451 470.488 467.050 459.311 448.594 380.298 385.540 356.611 330.385 298.954 266.668 245.175 228.002 228.685 231.234 223.408 198.286 200.765 171.910 156.946 160.517 150.121 154.276 152.836 154.846 178.866
-999.250 -999.250 -999.250 -999.250 -999.250 -999.250 -999.250 -999.250 -999.250 -999.250 -999.250 -999.250 -999.250 -999.250 -999.250 -999.250 -999.250 -999.250 -999.250 -999.250 -999.250 389.829 382.889 363.980 330.099 344.856 386.687 380.981 387.625 355.998 378.490 382.630 381.422 396.441 405.471 436.227 448.144 429.307 462.187 487.655 480.775 450.600 419.416 394.776 370.130 364.252 327.286 306.686 280.339 243.573 244.342 223.428 223.419 231.806 209.759 194.505 160.452 160.279 154.674 148.279 153.719 144.120 163.578 187.616
-999.250 -999.250 -999.250 -999.250 -999.250 -999.250 -999.250 -999.250 -999.250 -999.250 -999.250 -999.250 -999.250 -999.250 -999.250 -999.250 -999.250 -999.250 -999.250 -999.250 -999.250 406.382 366.263 346.219 346.044 341.201 347.048 355.940 364.790 352.885 358.524 363.851 378.117 386.145 407.019 449.602 429.662 445.677 456.427 464.567 485.145 457.735 412.274 388.627 360.109 351.977 338.048 313.740 302.664 275.719 261.120 248.806 230.578 223.388 199.059 171.389 162.254 142.814 140.316 120.542 132.019 146.046 160.072 174.132
-999.250 -999.250 -999.250 -999.250 -999.250 -999.250 -999.250 -999.250 -999.250 -999.250 -999.250 -999.250 -999.250 -999.250 -999.250 -999.250 -999.250 -999.250 -999.250 -999.250 354.147 380.324 364.874 373.447 348.673 358.058 358.614 343.505 345.680 333.232 341.254 350.406 354.025 363.905 387.128 415.312 458.880 445.127 447.331 467.356 479.531 468.929 446.464 438.359 393.555 353.128 359.610 329.852 318.924 278.880 267.746 239.058 213.595 216.987 207.892 188.352 169.839 150.821 125.858 108.366 109.028 129.304 149.743 162.326
-999.250 -999.250 -999.250 -999.250 -999.250 -999.250 -999.250 -999.250 -999.250 -999.250 -999.250 -999.250 -999.250 -999.250 -999.250 -999.250 -999.250 -999.250 -999.250 -999.250 385.667 362.716 365.253 354.757 360.310 340.944 336.309 341.287 328.173 314.899 316.618 329.740 348.878 378.323 387.938 389.932 449.857 469.396 478.986 485.674 477.472 476.676 429.078 413.853 405.464 399.247 357.450 323.695 332.341 303.029 277.878 245.379 231.327 231.265 221.719 191.653 168.983 133.253 103.181 84.640 87.375 107.664 137.175 154.409
-999.250 -999.250 -999.250 -999.250 -999.250 -999.250 -999.250 -999.250 -999.250 -999.250 -999.250 -999.250 -999.250 -999.250 -999.250 -999.250 -999.250 -999.250 -999.250 -999.250 375.957 389.368 374.155 359.362 359.910 336.569 328.077 327.703 310.427 278.517 260.862 293.516 323.645 354.592 396.905 449.257 480.826 482.127 510.906 495.375 479.474 480.052 437.636 422.369 390.878 379.223 363.807 325.532 306.999 303.511 261.211 262.408 255.842 240.623 227.878 216.953 178.285 137.405 90.791 64.024 81.288 105.763 127.744 156.053
-999.250 -999.250 -999.250 -999.250 -999.250 -999.250 -999.250 -999.250 -999.250 -999.250 -999.250 -999.250 -999.250 -999.250 -999.250 -999.250 -999.250 -999.250 -999.250 -999.250 395.238 384.956 366.141 384.394 341.213 339.719 322.730 299.484 290.580 248.310 219.257 260.351 316.110 345.173 425.469 436.328 471.411 501.605 502.584 504.721 481.337 468.640 436.538 427.155 397.777 368.543 343.997 336.037 317.595 305.010 271.309 290.208 263.529 247.099 253.759 239.924 197.810 162.514 109.462 30.093 89.550 127.007 151.653 181.448
-999.250 -999.250 -999.250 -999.250 -999.250 -999.250 -999.250 -999.250 -999.250 -999.250 -999.250 -999.250 -999.250 -999.250 -999.250 -999.250 -999.250 -999.250 -999.250 383.668 403.108 410.509 404.378 375.340 357.332 354.175 329.250 293.667 289.154 240.174 235.081 260.212 318.150 370.830 390.998 428.928 461.522 486.820 486.090 491.680 502.488 465.578 446.141 438.399 401.900 385.746 343.850 335.053 327.938 316.677 292.347 299.155 286.037 292.138 279.049 257.160 246.524 215.006 182.183 141.511 157.236 177.968 195.314 209.150
-999.250 -999.250 -999.250 -999.250 -999.250 -999.250 -999.250 -999.250 -999.250 -999.250 -999.250 -999.250 -999.250 -999.250 -999.250 -999.250 -999.250 -999.250 -999.250 409.221 433.803 431.532 408.200 392.044 364.002 358.956 333.464 323.385 311.873 275.757 257.021 284.740 364.096 397.143 462.462 469.744 475.287 492.340 501.194 499.883 470.676 438.216 422.203 407.476 402.978 373.673 353.282 326.764 319.310 315.383 308.493 301.443 313.239 308.571 295.140 311.337 314.291 283.883 271.288 240.877 259.209 252.027 238.127 237.611
-999.250 -999.250 -999.250 -999.250 -999.250 -999.250 -999.250 -999.250 -999.250 -999.250 -999.250 -999.250 -999.250 -999.250 -999.250 -999.250 -999.250 -999.250 -999.250 405.723 402.400 417.245 415.829 398.772 382.619 384.008 354.920 337.319 320.382 307.362 279.270 323.185 360.941 418.024 455.965 487.387 505.734 512.677 535.303 507.145 496.423 455.348 393.085 388.964 372.250 366.419 343.947 317.361 310.671 300.831 301.054 309.423 312.363 330.808 331.768 329.715 340.116 358.336 347.997 364.833 344.089 347.873 308.560 285.980
-999.250 -999.250 -999.250 -999.250 -999.250 -999.250 -999.250 -999.250 -999.250 -999.250 -999.250 -999.250 -999.250 -999.250 -999.250 -999.250 -999.250 -999.250 -999.250 387.863 408.787 386.163 432.668 428.296 414.394 401.573 365.354 355.739 334.784 337.149 346.828 366.768 422.122 466.333 488.691 507.703 526.060 532.510 525.722 521.577 462.403 457.306 374.525 381.505 371.163 354.736 336.116 299.281 283.009 316.635 327.433 322.444 340.621 333.161 348.736 359.655 370.475 429.322 467.578 467.786 458.625 434.562 369.414 336.757
-999.250 -999.250 -999.250 -999.250 -999.250 -999.250 -999.250 -999.250 -999.250 -999.250 -999.250 -999.250 -999.250 -999.250 -999.250 -999.250 -999.250 -999.250 -999.250 386.749 391.203 405.138 398.161 414.067 395.863 416.279 410.850 395.440 371.172 387.264 422.465 439.875 490.731 508.670 523.971 520.506 548.471 585.163 542.010 531.618 500.472 456.139 385.248 399.930 364.196 321.221 308.510 317.355 313.784 323.339 313.367 314.095 331.890 345.376 360.495 386.499 439.695 486.036 528.218 550.676 557.107 494.090 480.637 372.770
-999.250 -999.250 -999.250 -999.250 -999.250 -999.250 -999.250 -999.250 -999.250 -999.250 -999.250 -999.250 -999.250 -999.250 -999.250 -999.250 -999.250 -999.250 418.869 435.995 415.933 415.310 400.900 373.448 381.641 415.258 446.445 440.128 408.074 470.048 479.491 502.829 540.930 584.519 604.595 590.808 622.505 629.555 602.441 551.946 508.415 461.881 367.621 370.035 349.190 319.193 300.127 315.663 299.467 329.865 308.315 317.020 325.974 342.515 350.629 397.324 438.119 524.588 572.519 679.332 654.796 604.972 538.406 523.698
-999.250 -999.250 -999.250 -999.250 -999.250 -999.250 -999.250 -999.250 -999.250 -999.250 -999.250 -999.250 -999.250 -999.250 -999.250 -999.250 -999.250 393.448 425.310 400.090 425.987 423.978 418.352 397.424 397.121 429.280 427.454 448.167 462.147 496.764 506.259 541.163 638.071 636.285 677.892 743.394 726.978 720.988 632.772 561.885 495.070 426.090 376.620 339.934 343.256 317.765 310.016 294.721 303.527 292.365 315.588 316.801 338.878 349.863 358.482 378.164 440.172 510.797 644.444 775.194 753.825 713.726 703.969 627.035
