data/medianmodel_30-May-2020.asc
ncols	141
nrows	288
xllcorner	-120191.398
yllcorner	-301404.813
cellsize	2000.000
NODATA_value	-999.250
[rows 93 to 123 of 288, columns 0 to 68 of 141]
-999.250 -999.250 -999.250 -999.250 -999.250 -999.250 -999.250 -999.250 -999.250 -999.250 -999.250 -999.250 -999.250 -999.250 -999.250 -999.250 -999.250 -999.250 -999.250 -999.250 -999.250 -999.250 -999.250 -999.250 -999.250 -999.250 -999.250 -999.250 -999.250 -999.250 -999.250 8.765 4.938 5.768 5.035 7.971 5.258 3.616 5.187 4.399 5.404 5.320 5.033 3.005 1.828 0.000 3.669 0.198 0.000 0.000 0.000 0.000 0.000 0.000 0.000 0.000 0.000 0.000 0.000 0.000 0.000 0.000 0.000 0.000 0.000 0.000 0.000 0.000 0.000
-999.250 -999.250 -999.250 -999.250 -999.250 -999.250 -999.250 -999.250 -999.250 -999.250 -999.250 -999.250 -999.250 -999.250 -999.250 -999.250 -999.250 -999.250 -999.250 -999.250 -999.250 -999.250 -999.250 -999.250 -999.250 -999.250 -999.250 -999.250 -999.250 -999.250 -999.250 6.755 6.976 6.492 6.375 3.930 3.967 3.508 3.102 3.068 4.237 3.739 0.325 0.243 0.142 0.000 0.000 0.000 0.000 0.000 0.000 0.000 0.000 0.000 0.000 0.000 0.000 0.000 0.000 0.000 0.000 0.000 0.000 0.000 0.000 0.000 0.000 0.000 0.000
-999.250 -999.250 -999.250 -999.250 -999.250 -999.250 -999.250 -999.250 -999.250 -999.250 -999.250 -999.250 -999.250 -999.250 -999.250 -999.250 -999.250 -999.250 -999.250 -999.250 -999.250 -999.250 -999.250 -999.250 -999.250 -999.250 -999.250 -999.250 -999.250 -999.250 -999.250 3.364 3.566 5.653 8.452 7.739 4.124 5.636 2.207 4.925 3.508 1.948 0.000 0.000 0.000 0.000 0.000 0.000 0.000 0.000 0.000 0.000 0.000 0.000 0.000 0.000 0.000 0.000 0.000 0.000 0.000 0.000 0.000 0.000 0.000 0.000 0.000 0.000 0.000
-999.250 -999.250 -999.250 -999.250 -999.250 -999.250 -999.250 -999.250 -999.250 -999.250 -999.250 -999.250 -999.250 -999.250 -999.250 -999.250 -999.250 -999.250 -999.250 -999.250 -999.250 -999.250 -999.250 -999.250 -999.250 -999.250 -999.250 -999.250 -999.250 -999.250 2.551 3.756 3.116 3.684 5.404 7.099 5.031 3.251 5.224 2.085 1.211 0.698 1.293 0.347 0.000 0.000 0.000 0.000 0.000 0.000 0.000 0.000 0.000 0.000 0.000 0.000 0.000 0.000 0.000 0.000 0.000 0.000 0.000 0.000 0.000 0.000 0.000 0.000 0.000
-999.250 -999.250 -999.250 -999.250 -999.250 -999.250 -999.250 -999.250 -999.250 -999.250 -999.250 -999.250 -999.250 -999.250 -999.250 -999.250 -999.250 -999.250 -999.250 -999.250 -999.250 -999.250 -999.250 -999.250 -999.250 -999.250 -999.250 -999.250 -999.250 -999.250 3.210 4.079 4.860 5.391 4.803 3.327 4.305 2.291 3.371 2.433 0.944 1.617 2.197 2.114 0.280 0.000 0.000 0.000 0.000 0.089 0.000 0.000 0.000 0.000 0.000 0.000 0.000 0.000 0.000 0.000 0.000 0.000 0.000 0.000 0.000 0.000 0.000 0.000 0.000
-999.250 -999.250 -999.250 -999.250 -999.250 -999.250 -999.250 -999.250 -999.250 -999.250 -999.250 -999.250 -999.250 -999.250 -999.250 -999.250 -999.250 -999.250 -999.250 -999.250 -999.250 -999.250 -999.250 -999.250 -999.250 -999.250 -999.250 -999.250 -999.250 -999.250 2.857 5.762 5.957 7.239 4.333 2.886 4.064 0.852 1.028 1.080 1.024 0.000 1.610 1.736 0.250 0.000 0.000 0.000 0.000 0.000 0.000 0.000 0.000 0.000 0.000 0.000 0.000 0.000 0.000 0.000 0.000 0.000 0.000 0.000 0.000 0.000 0.000 0.000 0.000
-999.250 -999.250 -999.250 -999.250 -999.250 -999.250 -999.250 -999.250 -999.250 -999.250 -999.250 -999.250 -999.250 -999.250 -999.250 -999.250 -999.250 -999.250 -999.250 -999.250 -999.250 -999.250 -999.250 -999.250 -999.250 -999.250 -999.250 -999.250 -999.250 -999.250 5.316 5.190 5.462 3.922 2.427 2.781 2.182 1.338 2.392 0.432 2.856 0.000 0.000 1.440 1.086 0.000 0.000 0.000 0.000 0.000 0.586 0.257 0.000 0.000 0.000 0.000 0.000 0.000 0.000 0.000 0.000 0.000 0.000 0.000 0.000 0.000 0.000 0.000 0.000
-999.250 -999.250 -999.250 -999.250 -999.250 -999.250 -999.250 -999.250 -999.250 -999.250 -999.250 -999.250 -999.250 -999.250 -999.250 -999.250 -999.250 -999.250 -999.250 -999.250 -999.250 -999.250 -999.250 -999.250 -999.250 -999.250 -999.250 -999.250 -999.250 4.879 3.964 3.582 3.196 2.298 1.994 1.720 2.067 2.176 2.161 0.665 0.000 0.000 0.067 1.406 0.229 0.000 0.000 0.000 0.000 0.000 0.000 0.000 0.000 0.000 0.000 0.000 0.000 0.000 0.000 0.000 0.000 0.000 0.000 0.000 0.000 0.000 0.000 0.000 0.000
-999.250 -999.250 -999.250 -999.250 -999.250 -999.250 -999.250 -999.250 -999.250 -999.250 -999.250 -999.250 -999.250 -999.250 -999.250 -999.250 -999.250 -999.250 -999.250 -999.250 -999.250 -999.250 -999.250 -999.250 -999.250 -999.250 -999.250 -999.250 -999.250 3.823 3.461 5.348 3.041 1.832 0.866 1.884 2.223 3.283 2.661 1.151 1.857 0.000 0.344 0.857 1.753 0.121 0.000 0.819 0.723 0.000 0.001 0.000 0.000 0.000 0.000 0.000 0.000 0.000 0.000 0.000 0.000 0.000 0.000 0.000 0.000 0.000 0.552 0.336 0.000
-999.250 -999.250 -999.250 -999.250 -999.250 -999.250 -999.250 -999.250 -999.250 -999.250 -999.250 -999.250 -999.250 -999.250 -999.250 -999.250 -999.250 -999.250 -999.250 -999.250 -999.250 -999.250 -999.250 -999.250 -999.250 -999.250 -999.250 -999.250 -999.250 5.516 4.181 4.172 2.796 2.416 3.526 2.753 5.379 3.207 3.563 2.421 2.515 2.882 1.627 1.554 2.134 0.682 0.493 1.161 0.911 0.000 0.912 0.000 0.000 0.000 0.000 0.000 0.000 0.000 0.000 0.000 0.000 0.000 0.000 0.000 0.080 0.058 2.317 1.219 0.942
-999.250 -999.250 -999.250 -999.250 -999.250 -999.250 -999.250 -999.250 -999.250 -999.250 -999.250 -999.250 -999.250 -999.250 -999.250 -999.250 -999.250 -999.250 -999.250 -999.250 -999.250 -999.250 -999.250 -999.250 -999.250 -999.250 -999.250 -999.250 -999.250 2.841 4.008 4.158 2.915 3.648 4.339 4.997 4.019 4.033 3.149 4.472 4.551 2.663 3.602 3.258 3.952 1.944 3.137 2.221 2.083 2.406 0.638 0.000 0.000 0.000 0.000 0.000 0.076 0.000 0.000 0.000 0.000 0.000 0.000 0.000 0.000 0.000 1.141 0.662 1.194
-999.250 -999.250 -999.250 -999.250 -999.250 -999.250 -999.250 -999.250 -999.250 -999.250 -999.250 -999.250 -999.250 -999.250 -999.250 -999.250 -999.250 -999.250 -999.250 -999.250 -999.250 -999.250 -999.250 -999.250 -999.250 -999.250 -999.250 -999.250 2.688 1.169 3.218 4.963 4.220 1.676 3.048 4.006 5.106 5.127 5.176 3.982 4.214 5.211 5.638 5.595 5.491 3.058 4.229 5.226 2.881 2.990 0.070 0.000 0.000 0.000 0.261 1.361 0.801 2.044 0.000 0.000 0.000 0.000 0.000 0.000 0.000 0.000 0.835 0.884 1.028
-999.250 -999.250 -999.250 -999.250 -999.250 -999.250 -999.250 -999.250 -999.250 -999.250 -999.250 -999.250 -999.250 -999.250 -999.250 -999.250 -999.250 -999.250 -999.250 -999.250 -999.250 -999.250 -999.250 -999.250 -999.250 -999.250 -999.250 -999.250 5.827 3.144 4.161 5.849 4.264 3.790 4.904 5.829 4.021 5.338 7.510 6.665 5.873 5.473 7.027 4.883 4.002 6.342 13.416 7.716 4.225 5.177 2.336 0.000 0.000 0.704 2.107 2.927 3.882 3.050 2.240 0.000 0.000 0.858 0.740 2.666 0.356 0.675 0.772 2.117 1.420
-999.250 -999.250 -999.250 -999.250 -999.250 -999.250 -999.250 -999.250 -999.250 -999.250 -999.250 -999.250 -999.250 -999.250 -999.250 -999.250 -999.250 -999.250 -999.250 -999.250 -999.250 -999.250 -999.250 -999.250 -999.250 -999.250 -999.250 4.615 4.617 5.634 6.171 6.359 5.635 3.633 3.819 3.002 3.861 9.948 15.858 8.994 6.021 3.665 4.927 5.003 6.710 8.314 7.037 6.848 4.809 3.653 2.816 1.119 1.898 3.010 5.884 5.987 5.006 3.502 0.878 0.372 0.413 2.527 3.658 4.053 2.529 0.829 1.312 1.918 1.189
-999.250 -999.250 -999.250 -999.250 -999.250 -999.250 -999.250 -999.250 -999.250 -999.250 -999.250 -999.250 -999.250 -999.250 -999.250 -999.250 -999.250 -999.250 -999.250 -999.250 -999.250 -999.250 -999.250 -999.250 -999.250 -999.250 -999.250 4.986 4.253 5.269 4.207 5.489 4.929 5.415 4.130 6.280 5.826 7.442 8.893 8.692 7.978 4.835 6.764 4.669 4.589 4.858 6.145 4.890 4.547 3.732 4.801 4.032 6.311 7.394 14.411 8.771 5.629 3.166 2.081 0.000 2.895 4.101 4.376 9.079 4.130 0.902 0.834 2.203 3.394
-999.250 -999.250 -999.250 -999.250 -999.250 -999.250 -999.250 -999.250 -999.250 -999.250 -999.250 -999.250 -999.250 -999.250 -999.250 -999.250 -999.250 -999.250 -999.250 -999.250 -999.250 -999.250 -999.250 -999.250 -999.250 -999.250 -999.250 6.856 3.897 4.106 4.544 4.982 6.030 6.014 4.781 5.504 4.416 6.695 4.988 4.915 3.696 2.632 4.087 5.169 4.229 4.792 5.199 6.557 5.244 3.686 4.266 3.620 5.351 6.766 9.404 9.193 4.722 3.084 2.416 1.983 3.019 3.371 3.609 2.660 1.146 0.000 0.079 1.970 1.038
-999.250 -999.250 -999.250 -999.250 -999.250 -999.250 -999.250 -999.250 -999.250 -999.250 -999.250 -999.250 -999.250 -999.250 -999.250 -999.250 -999.250 -999.250 -999.250 -999.250 -999.250 -999.250 -999.250 -999.250 -999.250 -999.250 -999.250 4.173 3.272 3.209 6.809 7.515 6.487 5.685 4.837 5.415 6.399 5.051 5.433 5.298 2.726 4.385 2.912 4.937 5.970 6.547 5.195 3.828 4.719 5.091 2.254 2.618 6.365 6.166 8.211 7.721 4.768 6.106 2.433 2.211 1.975 3.067 2.521 2.343 0.538 0.000 0.000 0.000 0.601
-999.250 -999.250 -999.250 -999.250 -999.250 -999.250 -999.250 -999.250 -999.250 -999.250 -999.250 -999.250 -999.250 -999.250 -999.250 -999.250 -999.250 -999.250 -999.250 -999.250 -999.250 -999.250 -999.250 -999.250 -999.250 -999.250 -999.250 -999.250 4.550 3.857 4.713 4.455 5.857 6.126 4.872 6.234 6.299 3.616 5.026 3.634 4.023 5.361 6.244 4.814 5.669 3.812 5.124 5.675 4.438 4.766 3.252 3.838 3.943 6.795 5.550 7.161 6.450 4.009 2.800 0.662 0.000 0.000 0.000 0.539 0.000 1.043 0.000 0.000 2.144
-999.250 -999.250 -999.250 -999.250 -999.250 -999.250 -999.250 -999.250 -999.250 -999.250 -999.250 -999.250 -999.250 -999.250 -999.250 -999.250 -999.250 -999.250 -999.250 -999.250 -999.250 -999.250 -999.250 -999.250 -999.250 -999.250 -999.250 -999.250 5.212 2.946 4.144 5.276 4.425 5.711 5.093 4.148 4.899 5.291 6.183 3.802 5.404 5.330 5.219 3.773 4.857 2.334 2.841 6.443 4.691 3.524 3.151 0.353 1.154 4.359 7.017 7.146 8.239 4.168 2.531 0.000 0.000 0.000 0.000 0.000 0.000 0.000 0.000 1.611 1.461
-999.250 -999.250 -999.250 -999.250 -999.250 -999.250 -999.250 -999.250 -999.250 -999.250 -999.250 -999.250 -999.250 -999.250 -999.250 -999.250 -999.250 -999.250 -999.250 -999.250 -999.250 -999.250 -999.250 -999.250 -999.250 -999.250 -999.250 -999.250 4.130 5.511 4.907 6.259 6.364 8.716 7.353 4.906 4.642 4.226 5.419 4.851 5.318 4.608 5.265 2.885 1.671 3.027 2.670 5.538 3.248 2.566 0.000 0.000 0.086 4.358 6.625 11.656 6.450 6.169 4.425 0.810 0.000 0.000 0.000 0.000 0.784 0.000 0.000 0.000 0.000
-999.250 -999.250 -999.250 -999.250 -999.250 -999.250 -999.250 -999.250 -999.250 -999.250 -999.250 -999.250 -999.250 -999.250 -999.250 -999.250 -999.250 -999.250 -999.250 -999.250 -999.250 -999.250 -999.250 -999.250 -999.250 -999.250 -999.250 -999.250 7.811 5.900 5.383 3.920 6.590 4.442 6.144 5.323 6.022 4.249 6.212 7.435 5.025 4.706 6.382 4.521 4.138 5.639 3.917 2.216 3.329 0.400 0.000 0.000 0.000 1.977 5.348 7.456 7.230 7.828 6.265 4.287 0.768 0.000 0.057 0.000 0.096 0.000 0.000 0.000 0.000
-999.250 -999.250 -999.250 -999.250 -999.250 -999.250 -999.250 -999.250 -999.250 -999.250 -999.250 -999.250 -999.250 -999.250 -999.250 -999.250 -999.250 -999.250 -999.250 -999.250 -999.250 -999.250 -999.250 -999.250 -999.250 -999.250 -999.250 -999.250 3.969 4.606 4.153 3.051 4.327 5.172 5.580 6.050 4.679 8.527 6.267 10.677 8.003 7.466 7.676 7.936 5.728 3.456 3.319 4.126 2.953 2.540 0.000 0.000 0.243 1.921 4.133 7.069 7.232 7.384 5.445 5.140 3.021 1.396 0.019 0.122 0.000 1.217 0.000 0.595 0.000
-999.250 -999.250 -999.250 -999.250 -999.250 -999.250 -999.250 -999.250 -999.250 -999.250 -999.250 -999.250 -999.250 -999.250 -999.250 -999.250 -999.250 -999.250 -999.250 -999.250 -999.250 -999.250 -999.250 -999.250 -999.250 -999.250 -999.250 4.978 2.888 4.496 4.552 4.124 3.425 5.643 5.978 5.772 6.622 7.443 9.142 17.523 13.121 8.754 8.792 6.217 7.700 5.305 6.981 5.684 6.375 2.495 3.009 1.114 1.856 2.831 5.199 7.910 10.160 12.431 7.752 5.322 5.157 2.997 2.347 0.000 1.662 1.818 0.779 0.347 0.000
-999.250 -999.250 -999.250 -999.250 -999.250 -999.250 -999.250 -999.250 -999.250 -999.250 -999.250 -999.250 -999.250 -999.250 -999.250 -999.250 -999.250 -999.250 -999.250 -999.250 -999.250 -999.250 -999.250 -999.250 -999.250 -999.250 -999.250 6.901 4.350 4.675 5.359 4.006 3.733 3.856 3.959 3.765 4.651 7.121 8.485 12.325 9.934 8.203 6.298 7.744 4.364 6.812 6.338 7.529 9.327 8.330 4.144 5.662 4.927 5.705 5.715 7.133 14.207 19.939 13.966 8.020 6.238 4.822 2.691 3.823 2.609 1.918 0.345 0.152 0.000
-999.250 -999.250 -999.250 -999.250 -999.250 -999.250 -999.250 -999.250 -999.250 -999.250 -999.250 -999.250 -999.250 -999.250 -999.250 -999.250 -999.250 -999.250 -999.250 -999.250 -999.250 -999.250 -999.250 -999.250 -999.250 -999.250 -999.250 7.418 6.846 6.755 4.266 5.163 3.054 3.386 4.905 3.797 3.841 7.060 8.367 8.825 8.512 7.634 7.746 9.588 7.497 4.961 6.373 7.638 12.196 18.529 10.154 5.836 6.142 4.058 8.980 9.698 22.009 38.255 24.396 11.207 7.310 4.060 2.416 3.823 2.770 1.104 1.476 0.996 0.000
-999.250 -999.250 -999.250 -999.250 -999.250 -999.250 -999.250 -999.250 -999.250 -999.250 -999.250 -999.250 -999.250 -999.250 -999.250 -999.250 -999.250 -999.250 -999.250 -999.250 -999.250 -999.250 -999.250 -999.250 -999.250 -999.250 4.163 4.826 5.020 5.003 5.102 4.408 3.777 3.587 5.448 4.676 3.737 6.057 8.621 7.253 6.453 6.309 6.821 5.607 6.357 5.768 5.541 5.770 9.297 11.987 8.973 8.314 6.450 8.410 9.320 15.054 14.433 26.165 16.876 8.894 5.393 2.594 2.252 1.228 0.836 0.000 0.142 0.003 0.822
-999.250 -999.250 -999.250 -999.250 -999.250 -999.250 -999.250 -999.250 -999.250 -999.250 -999.250 -999.250 -999.250 -999.250 -999.250 -999.250 -999.250 -999.250 -999.250 -999.250 -999.250 -999.250 -999.250 -999.250 -999.250 -999.250 4.880 5.605 4.509 5.158 4.950 5.640 5.034 3.915 5.829 4.088 3.375 5.514 6.098 8.300 6.668 6.504 7.268 6.597 5.731 4.809 4.880 5.197 7.169 6.096 8.470 7.608 5.417 5.328 6.941 8.850 15.107 13.035 7.665 4.803 3.117 3.884 0.975 0.999 0.000 0.000 0.000 1.713 0.683
-999.250 -999.250 -999.250 -999.250 -999.250 -999.250 -999.250 -999.250 -999.250 -999.250 -999.250 -999.250 -999.250 -999.250 -999.250 -999.250 -999.250 -999.250 -999.250 -999.250 -999.250 -999.250 -999.250 -999.250 -999.250 -999.250 3.435 3.403 4.446 4.743 4.262 4.763 3.374 2.951 3.955 5.126 5.448 5.696 6.510 7.677 4.180 7.178 4.450 4.266 5.452 6.240 3.840 4.805 5.133 6.418 5.711 6.991 6.440 5.383 10.593 11.399 8.294 3.268 0.000 0.398 1.405 1.578 0.986 0.000 0.000 0.000 0.000 0.000 0.509
-999.250 -999.250 -999.250 -999.250 -999.250 -999.250 -999.250 -999.250 -999.250 -999.250 -999.250 -999.250 -999.250 -999.250 -999.250 -999.250 -999.250 -999.250 -999.250 -999.250 -999.250 -999.250 -999.250 -999.250 -999.250 4.340 5.327 5.970 4.158 3.540 3.461 4.129 3.907 4.304 2.254 3.249 4.800 6.872 4.649 4.538 3.266 3.037 4.291 3.860 4.817 3.100 4.403 5.185 3.766 5.063 4.842 2.652 5.252 4.976 7.697 11.707 5.584 0.669 0.000 0.000 0.000 0.021 0.000 0.000 0.000 0.000 0.000 0.000 0.000
-999.250 -999.250 -999.250 -999.250 -999.250 -999.250 -999.250 -999.250 -999.250 -999.250 -999.250 -999.250 -999.250 -999.250 -999.250 -999.250 -999.250 -999.250 -999.250 -999.250 -999.250 -999.250 -999.250 -999.250 -999.250 5.423 2.916 4.718 4.029 2.782 3.270 5.787 4.246 4.221 3.630 3.661 1.691 4.901 5.223 5.775 5.026 4.551 5.344 4.185 2.494 3.522 5.588 8.306 4.395 3.327 3.723 2.480 3.805 2.759 4.296 6.467 5.909 0.000 0.000 0.000 0.000 0.058 0.000 0.000 0.000 0.000 0.000 0.000 0.000
-999.250 -999.250 -999.250 -999.250 -999.250 -999.250 -999.250 -999.250 -999.250 -999.250 -999.250 -999.250 -999.250 -999.250 -999.250 -999.250 -999.250 -999.250 -999.250 -999.250 -999.250 -999.250 -999.250 -999.250 -999.250 4.076 1.618 1.749 2.568 2.908 4.129 4.192 5.680 5.079 3.237 3.508 2.449 5.073 7.773 7.238 5.303 3.894 4.725 5.121 2.026 2.045 2.029 2.617 2.420 5.319 5.797 0.799 0.000 0.127 0.543 0.921 2.561 0.027 0.000 0.000 0.000 0.000 0.000 0.000 0.000 0.000 0.000 0.000 0.000
