data/medianmodel_15-Jul-2020.asc
ncols	141
nrows	288
xllcorner	-120191.398
yllcorner	-301404.813
cellsize	2000.000
NODATA_value	-999.250
[rows 93 to 123 of 288, columns 70 to 139 of 141]
0.000 0.000 0.000 0.000 0.000 0.000 0.000 0.000 0.000 0.000 0.000 0.000 0.000 0.000 0.000 0.000 0.000 1.206 7.591 7.678 12.883 16.544 19.890 19.926 26.070 23.613 34.740 36.685 39.999 36.623 27.397 26.756 26.616 20.675 13.653 11.060 8.983 6.043 6.512 4.752 4.047 4.781 5.425 6.477 -999.250 -999.250 -999.250 -999.250 -999.250 -999.250 -999.250 -999.250 -999.250 -999.250 -999.250 -999.250 -999.250 -999.250 -999.250 -999.250 -999.250 -999.250 -999.250 -999.250 -999.250 -999.250 -999.250 -999.250 -999.250 -999.250
0.000 0.000 0.000 0.000 0.000 0.000 0.000 0.000 0.000 0.000 0.000 0.000 0.000 0.000 0.000 0.000 0.000 0.000 4.835 7.832 9.937 14.494 17.516 17.120 24.404 23.361 27.166 26.843 33.914 32.621 31.359 24.600 19.623 16.887 14.834 7.989 6.170 6.491 5.784 5.723 4.302 7.161 5.099 7.257 -999.250 -999.250 -999.250 -999.250 -999.250 -999.250 -999.250 -999.250 -999.250 -999.250 -999.250 -999.250 -999.250 -999.250 -999.250 -999.250 -999.250 -999.250 -999.250 -999.250 -999.250 -999.250 -999.250 -999.250 -999.250 -999.250
0.000 0.000 0.000 0.000 0.000 0.000 0.000 0.000 0.183 1.247 0.000 0.000 0.000 0.000 0.000 0.000 0.000 0.000 2.523 4.033 8.248 9.070 13.288 15.333 17.781 15.939 20.704 21.620 21.169 25.619 19.080 20.322 15.320 11.352 10.451 9.439 7.525 6.141 3.271 5.079 5.116 6.681 5.324 6.430 -999.250 -999.250 -999.250 -999.250 -999.250 -999.250 -999.250 -999.250 -999.250 -999.250 -999.250 -999.250 -999.250 -999.250 -999.250 -999.250 -999.250 -999.250 -999.250 -999.250 -999.250 -999.250 -999.250 -999.250 -999.250 -999.250
0.000 0.000 0.000 0.000 0.000 0.000 0.000 0.000 1.542 4.498 0.085 0.000 0.000 0.000 0.000 0.000 0.000 0.000 0.276 2.990 3.522 8.250 11.129 12.114 13.775 14.061 13.553 13.118 13.871 14.607 14.193 13.581 14.589 11.903 9.512 6.668 5.836 5.862 3.981 5.385 5.459 6.618 5.396 6.637 7.304 -999.250 -999.250 -999.250 -999.250 -999.250 -999.250 -999.250 -999.250 -999.250 -999.250 -999.250 -999.250 -999.250 -999.250 -999.250 -999.250 -999.250 -999.250 -999.250 -999.250 -999.250 -999.250 -999.250 -999.250 -999.250
0.000 0.000 0.000 0.000 0.000 0.000 0.000 0.000 0.000 0.645 0.000 0.000 0.000 0.000 0.000 0.000 0.000 0.000 0.000 2.134 4.986 8.045 10.128 14.033 14.941 14.110 11.203 10.100 11.910 11.443 12.005 9.666 10.586 8.830 9.065 8.216 6.452 4.716 4.291 3.258 5.134 8.015 5.030 7.304 7.486 6.597 -999.250 -999.250 -999.250 -999.250 -999.250 -999.250 -999.250 -999.250 -999.250 -999.250 -999.250 -999.250 -999.250 -999.250 -999.250 -999.250 -999.250 -999.250 -999.250 -999.250 -999.250 -999.250 -999.250 -999.250
0.000 0.000 0.000 0.000 0.000 0.000 0.000 0.000 0.000 0.000 0.000 0.000 0.000 0.000 0.000 0.000 0.000 0.000 0.000 1.602 2.624 6.640 9.904 15.630 12.795 9.765 10.694 8.120 9.653 8.032 9.125 6.395 9.626 8.518 8.018 5.776 5.556 5.756 5.462 5.749 4.603 6.867 5.667 7.334 7.316 8.108 6.485 -999.250 -999.250 -999.250 -999.250 -999.250 -999.250 -999.250 -999.250 -999.250 -999.250 -999.250 -999.250 -999.250 -999.250 -999.250 -999.250 -999.250 -999.250 -999.250 -999.250 -999.250 -999.250 -999.250
0.000 0.000 0.000 0.000 0.000 0.000 0.000 0.000 0.000 0.000 0.000 0.000 0.000 0.000 0.000 0.000 0.000 0.000 0.000 0.796 3.933 5.536 8.857 9.005 8.720 8.915 7.186 6.852 5.478 4.448 4.561 4.629 4.994 6.582 9.447 6.935 5.015 4.876 7.432 5.575 5.315 6.736 6.826 8.819 8.488 6.414 -999.250 -999.250 -999.250 -999.250 -999.250 -999.250 -999.250 -999.250 -999.250 -999.250 -999.250 -999.250 -999.250 -999.250 -999.250 -999.250 -999.250 -999.250 -999.250 -999.250 -999.250 -999.250 -999.250 -999.250
0.000 0.000 0.000 0.000 0.000 0.000 0.000 0.000 0.000 0.000 0.000 0.000 0.000 0.000 0.000 0.000 0.000 0.000 0.000 0.031 0.735 2.319 5.655 7.294 7.057 6.963 5.790 5.465 1.752 2.199 3.124 1.563 1.068 3.062 4.521 5.447 3.780 4.731 5.802 4.977 3.875 6.144 6.987 6.182 7.415 7.295 4.486 -999.250 -999.250 -999.250 -999.250 -999.250 -999.250 -999.250 -999.250 -999.250 -999.250 -999.250 -999.250 -999.250 -999.250 -999.250 -999.250 -999.250 -999.250 -999.250 -999.250 -999.250 -999.250 -999.250
0.000 0.000 0.000 0.000 0.000 0.000 0.000 0.000 0.000 0.000 0.000 0.000 0.000 0.000 0.000 0.000 0.000 0.000 0.000 0.000 0.000 3.104 2.413 5.110 5.675 4.622 3.828 1.935 1.323 0.000 0.483 0.000 0.008 0.290 1.190 3.223 3.332 3.688 4.128 4.090 4.903 7.207 8.310 6.840 7.582 -999.250 -999.250 -999.250 -999.250 -999.250 -999.250 -999.250 -999.250 -999.250 -999.250 -999.250 -999.250 -999.250 -999.250 -999.250 -999.250 -999.250 -999.250 -999.250 -999.250 -999.250 -999.250 -999.250 -999.250 -999.250
0.000 0.000 0.000 0.000 0.000 0.000 0.000 0.000 0.000 0.000 0.000 0.000 0.000 0.000 0.000 0.000 0.000 1.462 0.354 0.000 0.141 0.330 3.757 4.180 2.797 3.779 2.297 0.351 0.000 0.000 0.000 0.000 0.000 0.000 0.505 1.432 2.107 1.735 2.928 5.677 7.216 7.691 7.439 8.160 -999.250 -999.250 -999.250 -999.250 -999.250 -999.250 -999.250 -999.250 -999.250 -999.250 -999.250 -999.250 -999.250 -999.250 -999.250 -999.250 -999.250 -999.250 -999.250 -999.250 -999.250 -999.250 -999.250 -999.250 -999.250 -999.250
0.000 0.000 0.000 0.000 0.000 0.000 0.000 0.000 0.000 0.000 0.000 0.000 0.000 0.000 0.000 0.000 0.899 4.275 0.333 0.000 0.000 0.485 1.699 1.703 3.505 1.203 0.000 0.000 0.000 0.000 0.000 0.000 0.000 0.000 0.000 0.000 0.000 2.080 3.686 4.175 6.207 7.402 9.162 7.827 -999.250 -999.250 -999.250 -999.250 -999.250 -999.250 -999.250 -999.250 -999.250 -999.250 -999.250 -999.250 -999.250 -999.250 -999.250 -999.250 -999.250 -999.250 -999.250 -999.250 -999.250 -999.250 -999.250 -999.250 -999.250 -999.250
0.000 0.000 0.000 0.000 0.000 0.000 0.000 0.000 0.000 0.000 0.000 0.000 0.000 0.000 0.000 0.000 0.485 0.965 0.000 0.000 0.000 0.000 0.696 2.261 0.489 0.000 0.000 0.000 0.000 0.000 0.000 0.000 0.000 0.000 0.000 0.000 0.000 2.159 4.537 5.630 6.191 7.053 7.182 -999.250 -999.250 -999.250 -999.250 -999.250 -999.250 -999.250 -999.250 -999.250 -999.250 -999.250 -999.250 -999.250 -999.250 -999.250 -999.250 -999.250 -999.250 -999.250 -999.250 -999.250 -999.250 -999.250 -999.250 -999.250 -999.250 -999.250
0.000 0.000 0.000 0.000 0.000 0.000 0.000 0.000 0.000 0.000 0.000 0.000 0.000 0.000 0.000 0.000 0.000 0.209 0.000 0.000 0.000 0.000 1.097 0.327 0.775 0.599 0.000 0.000 0.000 0.000 0.000 0.000 0.000 0.000 0.000 0.000 0.000 0.917 4.125 -999.250 -999.250 -999.250 -999.250 -999.250 -999.250 -999.250 -999.250 -999.250 -999.250 -999.250 -999.250 -999.250 -999.250 -999.250 -999.250 -999.250 -999.250 -999.250 -999.250 -999.250 -999.250 -999.250 -999.250 -999.250 -999.250 -999.250 -999.250 -999.250 -999.250 -999.250
0.000 0.000 0.000 0.000 0.000 0.000 0.000 0.000 0.000 0.000 0.000 0.000 0.000 0.040 0.000 0.000 1.270 0.014 0.720 0.401 1.024 1.637 1.048 2.202 3.549 0.754 0.203 0.132 0.000 0.000 0.000 0.000 0.000 0.000 0.000 0.000 0.000 -999.250 -999.250 -999.250 -999.250 -999.250 -999.250 -999.250 -999.250 -999.250 -999.250 -999.250 -999.250 -999.250 -999.250 -999.250 -999.250 -999.250 -999.250 -999.250 -999.250 -999.250 -999.250 -999.250 -999.250 -999.250 -999.250 -999.250 -999.250 -999.250 -999.250 -999.250 -999.250 -999.250
0.000 0.000 0.000 0.000 0.000 0.000 0.000 0.000 0.000 0.000 0.000 0.000 0.182 0.805 0.000 1.921 2.542 1.856 1.493 1.921 1.999 2.785 2.210 1.808 3.733 2.317 2.907 1.250 0.344 0.000 0.000 0.000 0.000 0.000 0.000 0.000 0.000 -999.250 -999.250 -999.250 -999.250 -999.250 -999.250 -999.250 -999.250 -999.250 -999.250 -999.250 -999.250 -999.250 -999.250 -999.250 -999.250 -999.250 -999.250 -999.250 -999.250 -999.250 -999.250 -999.250 -999.250 -999.250 -999.250 -999.250 -999.250 -999.250 -999.250 -999.250 -999.250 -999.250
0.000 0.000 0.000 0.000 0.000 0.000 0.000 0.000 0.000 0.000 0.000 0.000 0.000 0.000 2.413 2.559 2.431 4.237 4.742 4.016 3.226 4.822 3.576 1.610 2.987 4.243 2.061 3.993 0.205 0.000 0.000 0.000 0.000 0.000 0.000 0.000 0.000 -999.250 -999.250 -999.250 -999.250 -999.250 -999.250 -999.250 -999.250 -999.250 -999.250 -999.250 -999.250 -999.250 -999.250 -999.250 -999.250 -999.250 -999.250 -999.250 -999.250 -999.250 -999.250 -999.250 -999.250 -999.250 -999.250 -999.250 -999.250 -999.250 -999.250 -999.250 -999.250 -999.250
0.000 0.000 0.000 0.000 0.000 0.000 0.000 0.000 0.000 0.000 0.000 1.127 1.654 1.340 2.937 6.169 6.808 6.217 5.854 4.498 5.164 4.010 2.457 3.828 5.009 3.730 0.953 2.087 1.427 0.000 0.000 0.000 0.000 0.000 0.000 0.000 0.000 -999.250 -999.250 -999.250 -999.250 -999.250 -999.250 -999.250 -999.250 -999.250 -999.250 -999.250 -999.250 -999.250 -999.250 -999.250 -999.250 -999.250 -999.250 -999.250 -999.250 -999.250 -999.250 -999.250 -999.250 -999.250 -999.250 -999.250 -999.250 -999.250 -999.250 -999.250 -999.250 -999.250
0.000 0.000 0.000 0.000 0.000 0.000 0.000 0.000 0.000 0.000 1.220 0.933 3.008 2.850 5.180 5.485 8.866 11.323 8.090 4.716 4.510 4.542 3.987 3.404 4.759 3.480 3.155 0.987 2.711 0.075 0.000 0.000 0.000 0.000 0.000 0.000 0.000 -999.250 -999.250 -999.250 -999.250 -999.250 -999.250 -999.250 -999.250 -999.250 -999.250 -999.250 -999.250 -999.250 -999.250 -999.250 -999.250 -999.250 -999.250 -999.250 -999.250 -999.250 -999.250 -999.250 -999.250 -999.250 -999.250 -999.250 -999.250 -999.250 -999.250 -999.250 -999.250 -999.250
0.000 0.000 0.000 0.000 0.000 0.000 0.000 0.000 0.000 0.000 0.000 1.144 2.635 4.983 5.799 6.572 9.484 9.131 8.514 4.218 4.636 4.827 5.718 4.661 4.355 3.564 4.622 2.918 3.134 0.809 0.854 0.270 0.000 0.000 0.000 0.000 0.902 -999.250 -999.250 -999.250 -999.250 -999.250 -999.250 -999.250 -999.250 -999.250 -999.250 -999.250 -999.250 -999.250 -999.250 -999.250 -999.250 -999.250 -999.250 -999.250 -999.250 -999.250 -999.250 -999.250 -999.250 -999.250 -999.250 -999.250 -999.250 -999.250 -999.250 -999.250 -999.250 -999.250
0.000 0.000 0.000 0.000 0.000 0.000 0.000 0.000 0.000 0.000 0.000 2.703 3.569 5.257 5.518 7.245 7.202 7.987 7.147 8.958 5.890 6.121 4.437 5.753 5.534 4.448 3.020 4.442 3.935 3.704 2.868 1.060 0.427 0.831 0.371 1.809 3.427 4.187 4.461 -999.250 -999.250 -999.250 -999.250 -999.250 -999.250 -999.250 -999.250 -999.250 -999.250 -999.250 -999.250 -999.250 -999.250 -999.250 -999.250 -999.250 -999.250 -999.250 -999.250 -999.250 -999.250 -999.250 -999.250 -999.250 -999.250 -999.250 -999.250 -999.250 -999.250 -999.250
0.000 0.000 0.000 0.000 0.000 0.000 0.000 0.000 0.000 1.172 0.998 3.447 5.868 8.333 7.801 8.776 9.750 10.215 7.905 8.010 6.658 6.436 5.430 7.271 5.385 5.496 4.323 5.834 5.121 4.813 4.616 4.269 2.259 3.053 2.033 3.838 6.757 4.497 5.900 6.010 7.424 -999.250 -999.250 -999.250 -999.250 -999.250 -999.250 -999.250 -999.250 -999.250 -999.250 -999.250 -999.250 -999.250 -999.250 -999.250 -999.250 -999.250 -999.250 -999.250 -999.250 -999.250 -999.250 -999.250 -999.250 -999.250 -999.250 -999.250 -999.250 -999.250
0.000 0.000 0.000 0.470 0.000 0.000 0.000 0.000 0.695 0.681 1.942 6.532 7.975 7.549 6.700 7.603 9.160 8.490 8.776 6.344 7.097 7.413 8.959 7.662 8.641 9.175 9.708 7.933 7.840 6.899 7.274 6.394 5.719 6.457 5.179 4.189 6.853 4.592 7.193 7.696 8.381 -999.250 -999.250 -999.250 -999.250 -999.250 -999.250 -999.250 -999.250 -999.250 -999.250 -999.250 -999.250 -999.250 -999.250 -999.250 -999.250 -999.250 -999.250 -999.250 -999.250 -999.250 -999.250 -999.250 -999.250 -999.250 -999.250 -999.250 -999.250 -999.250
1.218 1.652 3.981 1.664 1.974 0.865 0.107 1.465 4.051 2.759 6.074 5.355 6.873 6.838 6.218 8.160 7.623 8.374 7.870 8.521 6.613 9.061 8.392 10.634 10.298 9.539 11.107 11.097 11.154 10.437 9.246 9.825 8.290 7.956 9.369 8.219 7.474 9.020 9.016 11.035 9.057 7.164 -999.250 -999.250 -999.250 -999.250 -999.250 -999.250 -999.250 -999.250 -999.250 -999.250 -999.250 -999.250 -999.250 -999.250 -999.250 -999.250 -999.250 -999.250 -999.250 -999.250 -999.250 -999.250 -999.250 -999.250 -999.250 -999.250 -999.250 -999.250
5.622 4.165 4.902 4.360 5.095 6.113 4.130 3.891 4.351 5.414 4.386 5.547 6.462 6.920 6.775 4.857 8.292 8.279 8.363 6.522 6.488 9.031 7.573 9.495 11.205 11.784 11.940 13.518 16.082 14.628 10.825 10.267 10.001 10.001 10.157 9.425 9.542 12.971 10.050 11.160 11.354 8.077 10.219 -999.250 -999.250 -999.250 -999.250 -999.250 -999.250 -999.250 -999.250 -999.250 -999.250 -999.250 -999.250 -999.250 -999.250 -999.250 -999.250 -999.250 -999.250 -999.250 -999.250 -999.250 -999.250 -999.250 -999.250 -999.250 -999.250 -999.250
7.321 7.548 7.919 7.240 6.129 7.077 6.464 7.768 6.065 7.074 5.178 3.940 1.440 3.210 5.138 3.368 7.553 7.795 7.042 8.438 9.880 7.493 10.149 11.045 15.295 13.801 14.583 16.217 19.871 15.701 16.154 15.901 12.700 9.934 10.323 10.398 12.793 11.810 12.359 11.043 10.288 9.691 10.622 -999.250 -999.250 -999.250 -999.250 -999.250 -999.250 -999.250 -999.250 -999.250 -999.250 -999.250 -999.250 -999.250 -999.250 -999.250 -999.250 -999.250 -999.250 -999.250 -999.250 -999.250 -999.250 -999.250 -999.250 -999.250 -999.250 -999.250
10.503 10.134 9.182 8.307 8.881 7.944 7.751 9.775 8.030 7.975 7.957 5.495 5.378 3.478 3.842 3.995 6.659 6.749 9.336 7.749 9.196 8.399 9.752 13.671 14.342 14.265 16.144 23.350 21.078 17.127 16.681 16.874 15.157 13.457 14.698 13.655 13.200 12.572 17.063 12.426 10.706 10.278 10.100 8.940 -999.250 -999.250 -999.250 -999.250 -999.250 -999.250 -999.250 -999.250 -999.250 -999.250 -999.250 -999.250 -999.250 -999.250 -999.250 -999.250 -999.250 -999.250 -999.250 -999.250 -999.250 -999.250 -999.250 -999.250 -999.250 -999.250
13.898 15.763 14.507 10.479 10.922 9.486 10.107 8.860 5.992 6.197 9.741 6.992 6.626 4.030 2.224 5.960 5.774 4.717 7.181 6.948 10.270 11.686 14.837 12.674 15.550 17.408 22.189 24.676 23.254 23.915 21.831 19.959 18.385 20.816 17.358 16.843 16.815 18.019 17.535 16.775 12.630 10.215 10.468 -999.250 -999.250 -999.250 -999.250 -999.250 -999.250 -999.250 -999.250 -999.250 -999.250 -999.250 -999.250 -999.250 -999.250 -999.250 -999.250 -999.250 -999.250 -999.250 -999.250 -999.250 -999.250 -999.250 -999.250 -999.250 -999.250 -999.250
20.226 18.368 20.039 13.005 12.425 9.785 9.092 8.106 6.650 6.794 7.540 4.808 4.165 3.128 2.856 3.779 2.866 4.065 5.945 8.798 12.128 13.506 13.836 14.574 16.586 17.889 18.858 24.063 40.759 33.946 28.629 20.015 21.629 22.999 21.971 19.317 20.862 19.917 16.215 15.719 11.941 11.666 11.393 -999.250 -999.250 -999.250 -999.250 -999.250 -999.250 -999.250 -999.250 -999.250 -999.250 -999.250 -999.250 -999.250 -999.250 -999.250 -999.250 -999.250 -999.250 -999.250 -999.250 -999.250 -999.250 -999.250 -999.250 -999.250 -999.250 -999.250
29.092 22.392 18.328 19.195 15.624 9.736 9.875 9.065 7.724 9.311 5.712 5.349 1.208 0.927 1.231 2.523 3.657 4.376 6.480 6.471 9.323 11.893 17.683 12.418 14.434 21.807 26.163 39.029 42.439 38.196 35.477 28.839 26.222 23.997 29.677 20.718 19.892 26.182 14.894 12.063 11.191 11.349 9.615 -999.250 -999.250 -999.250 -999.250 -999.250 -999.250 -999.250 -999.250 -999.250 -999.250 -999.250 -999.250 -999.250 -999.250 -999.250 -999.250 -999.250 -999.250 -999.250 -999.250 -999.250 -999.250 -999.250 -999.250 -999.250 -999.250 -999.250
39.976 26.559 20.709 19.458 17.611 13.542 11.675 9.836 7.204 6.328 4.857 4.592 1.074 0.641 0.560 1.800 2.360 2.296 4.533 5.929 5.437 8.022 12.660 11.149 15.986 21.080 27.104 37.195 40.518 44.166 52.523 46.298 37.521 30.406 25.783 22.870 17.350 18.106 16.108 13.792 13.370 9.984 10.992 -999.250 -999.250 -999.250 -999.250 -999.250 -999.250 -999.250 -999.250 -999.250 -999.250 -999.250 -999.250 -999.250 -999.250 -999.250 -999.250 -999.250 -999.250 -999.250 -999.250 -999.250 -999.250 -999.250 -999.250 -999.250 -999.250 -999.250
28.674 28.348 24.746 15.617 16.060 14.726 12.069 9.820 9.169 2.934 4.049 3.644 0.207 0.270 0.000 0.000 0.000 0.000 1.814 5.631 7.210 9.391 11.678 11.928 13.342 21.589 22.862 38.429 41.345 56.734 62.166 49.027 49.249 36.238 29.672 21.471 15.469 15.995 16.908 14.874 10.406 11.183 -999.250 -999.250 -999.250 -999.250 -999.250 -999.250 -999.250 -999.250 -999.250 -999.250 -999.250 -999.250 -999.250 -999.250 -999.250 -999.250 -999.250 -999.250 -999.250 -999.250 -999.250 -999.250 -999.250 -999.250 -999.250 -999.250 -999.250 -999.250
