data/medianmodel_09-Jul-2020.asc
ncols	141
nrows	288
xllcorner	-120191.398
yllcorner	-301404.813
cellsize	2000.000
NODATA_value	-999.250
[rows 31 to 61 of 288, columns 69 to 137 of 141]
2.072 4.475 4.892 6.613 6.291 7.612 6.902 6.529 5.466 4.661 3.260 5.067 5.023 8.299 7.891 7.408 7.486 9.518 7.930 7.107 4.452 2.978 0.380 0.918 0.000 0.000 0.000 0.000 0.000 0.000 0.000 0.000 0.000 0.000 0.000 0.000 1.281 3.586 4.068 7.044 8.010 8.352 8.159 11.823 13.604 14.855 16.366 11.783 10.135 7.177 6.038 4.853 4.746 0.120 3.801 7.824 19.921 40.485 71.936 87.925 126.333 151.863 175.272 255.232 280.296 315.803 336.486 336.779 322.231
4.517 6.102 8.360 8.443 9.454 7.199 7.461 7.430 6.300 5.365 5.907 7.068 7.779 9.620 11.688 12.324 11.470 13.561 11.149 10.467 9.068 7.620 6.005 3.555 2.861 0.049 0.000 0.000 0.000 0.000 0.000 0.000 0.000 0.000 0.000 0.000 1.733 2.395 5.542 5.679 8.116 6.549 8.035 9.794 11.321 15.053 13.398 11.367 8.565 7.726 5.829 3.442 2.937 4.304 8.765 14.100 28.718 62.648 76.858 113.154 140.450 173.626 229.776 301.926 334.841 365.031 377.484 354.583 344.255
5.014 6.698 8.583 10.776 12.404 11.043 8.779 9.551 8.787 8.080 10.413 12.740 12.517 13.711 15.046 14.662 14.915 15.930 15.551 15.932 15.634 11.874 9.979 7.784 4.595 3.754 0.808 0.000 0.000 0.000 0.000 0.000 0.000 0.000 0.000 0.000 0.000 0.802 4.646 6.889 5.663 6.516 6.706 8.613 8.619 11.098 11.682 12.167 9.608 6.499 7.286 4.926 2.656 5.499 10.698 20.414 48.074 78.555 95.907 136.667 154.056 203.869 279.350 304.404 360.754 381.520 396.163 342.338 344.534
6.868 6.937 8.968 11.124 16.622 11.603 8.776 7.884 7.014 8.640 11.599 14.200 15.764 17.076 15.333 15.539 20.729 21.735 20.961 21.264 18.479 16.910 17.160 12.547 10.068 6.414 2.386 0.000 0.000 0.000 0.000 0.000 0.000 0.000 0.000 0.000 0.000 0.909 2.608 3.843 2.838 4.901 5.385 6.109 7.343 10.094 13.053 13.030 11.005 10.105 6.393 8.537 6.131 9.561 15.965 23.126 55.720 72.236 108.038 150.002 199.487 206.343 295.807 350.018 386.647 411.108 405.355 384.098 355.432
6.567 8.263 9.472 10.819 10.754 9.780 9.701 9.102 8.304 8.794 10.936 15.517 25.081 22.673 22.832 21.226 22.863 29.481 29.520 25.763 29.710 26.491 19.725 18.092 13.463 8.855 4.901 1.596 0.000 0.000 0.000 0.000 0.000 0.000 0.000 0.000 0.000 0.000 0.126 1.400 2.902 4.283 4.086 5.819 7.009 8.761 11.597 9.091 7.655 6.808 7.979 8.863 9.345 13.271 20.662 40.181 57.701 105.154 126.842 163.645 196.029 238.184 304.777 339.076 398.059 439.239 411.429 384.460 -999.250
6.013 7.054 8.374 7.777 8.303 8.219 8.706 8.092 7.929 9.703 14.536 16.668 17.562 24.031 25.802 23.785 29.232 29.004 33.569 35.977 37.562 27.066 24.854 16.924 15.083 11.954 8.154 4.682 0.696 0.000 0.000 0.000 0.000 0.000 0.000 0.000 0.000 0.000 0.000 0.000 0.207 0.992 3.202 4.869 7.124 10.103 9.955 11.505 8.903 8.090 9.793 11.328 13.117 22.441 34.595 48.568 73.405 101.307 127.984 165.951 183.990 273.401 317.156 333.872 369.363 406.093 401.703 383.940 -999.250
5.605 4.298 5.766 6.458 6.400 7.929 7.205 7.644 8.164 11.802 13.162 15.420 19.537 20.612 23.610 24.030 28.940 37.335 53.438 47.888 53.200 39.964 29.024 20.274 13.716 10.925 8.481 6.951 3.805 0.000 0.000 0.000 0.000 0.000 0.000 0.000 0.000 0.000 0.000 0.000 0.000 0.116 1.915 3.212 6.152 6.163 8.238 10.837 9.533 11.837 12.641 16.232 17.691 23.644 37.155 68.073 72.304 119.072 140.806 165.235 203.164 239.600 287.133 311.775 361.656 387.442 388.011 -999.250 -999.250
1.550 4.119 3.724 5.119 5.580 6.798 5.704 6.616 6.990 10.181 12.557 14.995 16.319 21.709 25.948 32.839 38.215 49.995 64.122 62.937 53.852 53.543 42.372 22.261 17.873 13.754 12.130 8.232 4.294 3.217 0.000 0.000 0.000 0.000 0.000 0.000 0.000 0.000 0.000 0.000 0.000 0.000 1.374 2.159 3.752 5.868 8.449 9.359 9.479 13.367 14.747 16.787 23.227 28.428 46.585 64.991 77.492 100.688 128.701 157.734 182.074 233.277 241.113 295.738 305.250 345.938 370.598 -999.250 -999.250
0.832 1.680 2.849 2.449 3.704 3.272 5.909 7.095 7.943 10.473 12.258 14.184 15.987 21.690 23.512 27.196 41.006 56.749 64.523 52.803 60.416 53.378 46.977 31.844 19.813 16.138 12.900 9.913 6.597 2.828 1.262 0.000 0.000 0.000 0.000 0.000 0.000 0.000 0.000 0.000 0.000 0.000 0.000 0.106 4.432 5.211 5.878 8.289 12.425 14.978 14.177 22.718 27.659 34.592 36.279 62.649 89.582 92.816 129.133 149.267 186.313 211.877 250.913 264.627 318.641 349.886 348.152 -999.250 -999.250
0.000 0.000 0.000 0.000 0.680 2.516 3.612 5.881 6.716 7.435 11.220 14.597 16.494 22.496 21.231 30.936 39.096 50.216 66.299 73.220 63.759 54.751 53.309 36.811 23.016 16.014 12.882 10.313 6.175 3.595 2.362 0.964 0.000 0.000 0.000 0.000 0.000 0.000 0.000 0.000 0.000 0.000 0.000 1.143 2.384 5.916 7.292 10.494 13.369 15.716 17.375 22.100 32.679 25.652 55.507 67.356 80.106 84.818 115.229 135.440 163.355 187.287 194.846 261.202 273.066 308.113 -999.250 -999.250 -999.250
0.000 0.000 0.000 0.000 0.000 0.136 3.118 4.210 5.955 5.713 7.741 12.484 15.293 16.930 16.600 22.870 36.561 34.995 46.717 58.584 59.843 44.561 42.730 24.546 20.134 14.960 8.995 8.128 7.939 3.816 3.725 2.502 0.714 0.000 0.000 0.000 0.000 0.000 0.000 0.000 0.000 0.000 0.000 0.000 0.924 4.848 5.959 6.603 11.842 15.582 18.363 27.759 26.372 33.860 43.707 58.937 83.637 80.606 97.419 131.809 146.319 161.008 190.697 234.023 220.881 272.039 267.493 -999.250 -999.250
0.000 0.000 0.000 0.000 0.000 0.000 0.000 2.479 2.567 4.806 6.188 11.247 12.981 14.848 15.661 21.544 21.480 28.679 35.858 41.676 42.728 36.233 29.316 20.755 16.023 15.206 9.137 4.931 6.024 5.813 4.926 4.503 1.680 0.819 0.105 0.000 0.000 0.000 0.000 0.000 0.000 0.000 0.000 0.851 1.537 1.904 5.380 7.186 10.863 13.881 23.234 23.753 26.967 36.296 41.852 62.089 70.633 74.819 111.119 125.918 141.029 160.245 167.415 -999.250 -999.250 -999.250 -999.250 -999.250 -999.250
0.000 0.000 0.000 0.000 0.000 0.000 0.000 0.000 1.709 2.432 4.834 6.101 8.084 12.684 14.933 18.793 17.831 25.938 25.084 26.462 29.381 24.716 20.718 17.728 15.635 11.585 9.284 8.819 5.672 6.315 5.356 5.330 3.087 1.767 2.025 0.376 0.000 0.000 0.000 0.000 0.000 0.000 0.281 2.278 4.548 5.532 6.502 8.148 12.708 15.304 16.822 21.743 31.964 34.867 42.862 61.285 80.286 76.283 100.141 120.832 134.904 134.068 145.371 154.475 -999.250 -999.250 -999.250 -999.250 -999.250
0.000 0.000 0.000 0.000 0.000 0.000 0.000 0.000 0.000 0.208 1.286 5.073 5.664 8.581 12.926 12.310 13.888 15.849 16.075 18.842 19.096 17.053 16.150 14.407 11.098 8.159 6.410 5.334 5.002 5.868 7.102 5.039 4.469 4.205 3.931 4.096 1.461 1.086 0.000 0.000 0.000 0.000 0.506 2.793 3.566 5.218 5.784 10.200 13.589 14.630 19.853 24.815 30.407 36.553 49.689 61.038 71.502 83.649 102.430 109.810 128.640 117.224 -999.250 -999.250 -999.250 -999.250 -999.250 -999.250 -999.250
0.000 0.000 0.000 0.000 0.000 0.000 0.000 0.000 0.000 0.000 0.285 3.567 2.748 5.943 6.345 7.437 6.999 8.668 10.994 11.956 13.349 11.785 9.547 10.349 8.703 6.640 4.750 5.976 4.616 5.023 6.119 8.385 7.456 6.733 7.538 4.911 3.530 2.134 0.436 0.000 0.568 0.594 0.615 2.687 4.780 5.663 6.131 10.354 12.569 15.367 19.456 35.748 32.255 31.773 50.223 54.874 71.647 80.573 82.457 80.754 123.092 116.131 -999.250 -999.250 -999.250 -999.250 -999.250 -999.250 -999.250
0.000 0.000 0.000 0.000 0.000 0.000 0.000 0.000 0.000 0.000 0.000 0.205 0.397 3.819 4.488 5.067 6.932 6.166 5.927 4.759 5.008 5.275 5.025 5.787 4.668 5.202 4.492 2.686 4.354 5.563 7.141 9.423 10.710 10.226 8.777 7.745 4.983 4.577 3.109 0.993 1.459 2.138 1.944 2.836 4.287 4.936 6.730 8.524 8.754 11.514 16.814 27.246 29.105 27.972 32.122 51.938 60.121 66.735 77.490 85.241 81.697 -999.250 -999.250 -999.250 -999.250 -999.250 -999.250 -999.250 -999.250
0.000 0.000 0.000 0.000 0.000 0.000 0.000 0.000 0.000 0.000 0.000 0.000 0.000 0.342 0.295 1.294 1.533 0.205 0.000 0.000 0.000 0.579 0.000 0.308 0.858 0.000 0.065 0.911 2.826 4.876 7.748 11.598 16.545 12.522 9.659 7.935 7.204 6.411 5.223 3.888 4.428 2.813 4.068 4.985 2.988 5.355 6.045 8.152 7.626 11.302 16.749 19.613 23.440 26.612 29.650 35.899 56.865 59.701 66.898 -999.250 -999.250 -999.250 -999.250 -999.250 -999.250 -999.250 -999.250 -999.250 -999.250
0.000 0.000 0.000 0.000 0.000 0.000 0.000 0.000 0.000 0.000 0.000 0.000 0.000 0.000 0.000 0.000 0.000 0.000 0.000 0.000 0.000 0.000 0.000 0.000 0.000 0.000 0.000 0.048 1.455 5.371 7.348 10.941 14.454 11.624 12.863 11.685 9.922 6.990 5.631 6.707 6.205 5.190 5.501 5.306 5.633 5.450 6.366 6.262 8.928 9.944 15.012 15.243 15.884 19.608 24.397 34.682 36.704 46.714 54.029 -999.250 -999.250 -999.250 -999.250 -999.250 -999.250 -999.250 -999.250 -999.250 -999.250
0.000 0.000 0.000 0.000 0.000 0.000 0.000 0.000 0.000 0.000 0.000 0.000 0.000 0.000 0.000 0.000 0.000 0.000 0.000 0.000 0.000 0.000 0.000 0.000 0.000 0.000 0.000 0.000 1.788 3.900 7.410 10.507 11.699 12.623 13.244 10.966 11.444 9.808 8.994 8.245 6.919 5.939 6.330 6.751 7.009 6.783 6.111 3.904 7.838 9.711 13.258 14.200 14.483 18.079 -999.250 31.633 29.175 -999.250 -999.250 -999.250 -999.250 -999.250 -999.250 -999.250 -999.250 -999.250 -999.250 -999.250 -999.250
0.000 0.000 0.000 0.000 0.000 0.000 0.000 0.000 0.000 0.000 0.000 0.000 0.000 0.000 0.000 0.000 0.000 0.000 0.000 0.000 0.000 0.000 0.000 0.000 0.000 0.000 0.000 0.000 0.889 3.602 6.099 10.658 11.621 13.419 14.451 14.955 14.627 13.462 11.811 8.280 8.180 6.031 7.039 5.911 6.012 5.520 6.758 5.279 7.520 7.138 12.289 12.277 -999.250 -999.250 -999.250 -999.250 -999.250 -999.250 -999.250 -999.250 -999.250 -999.250 -999.250 -999.250 -999.250 -999.250 -999.250 -999.250 -999.250
0.000 0.000 0.000 0.000 0.000 0.000 0.000 0.000 0.000 0.000 0.000 0.000 0.000 0.000 0.000 0.000 0.000 0.000 0.000 0.000 0.000 0.000 0.000 0.000 0.000 0.000 0.000 0.000 0.984 2.615 4.445 6.472 8.531 13.188 14.669 15.306 14.383 12.820 9.589 11.313 7.870 6.074 6.404 6.618 4.569 5.419 7.587 5.505 7.812 8.493 10.873 -999.250 -999.250 -999.250 -999.250 -999.250 -999.250 -999.250 -999.250 -999.250 -999.250 -999.250 -999.250 -999.250 -999.250 -999.250 -999.250 -999.250 -999.250
0.000 0.000 0.000 0.000 0.000 0.000 0.000 0.000 0.000 0.000 0.000 0.000 0.000 0.000 0.000 0.000 0.000 0.000 0.000 0.000 0.000 0.000 0.000 0.000 0.000 0.000 0.000 0.000 0.000 1.230 4.496 6.740 7.667 13.629 15.327 17.951 15.022 13.780 10.696 9.316 8.426 7.111 5.801 5.508 3.420 4.328 4.985 4.285 6.962 6.633 5.896 -999.250 -999.250 -999.250 -999.250 -999.250 -999.250 -999.250 -999.250 -999.250 -999.250 -999.250 -999.250 -999.250 -999.250 -999.250 -999.250 -999.250 -999.250
0.000 0.000 0.000 0.000 0.000 0.000 0.000 0.000 0.000 0.000 0.000 0.000 0.000 0.000 0.000 0.000 0.000 0.000 0.000 0.000 0.000 0.000 0.000 0.000 0.000 0.000 0.000 0.000 0.000 2.370 5.169 5.508 8.629 12.529 16.996 25.991 17.911 12.952 9.779 9.577 8.537 6.918 5.118 4.755 2.242 2.760 3.149 2.417 3.856 6.448 -999.250 -999.250 -999.250 -999.250 -999.250 -999.250 -999.250 -999.250 -999.250 -999.250 -999.250 -999.250 -999.250 -999.250 -999.250 -999.250 -999.250 -999.250 -999.250
0.000 0.000 0.000 0.000 0.000 0.000 0.000 0.000 0.000 0.000 0.000 0.000 0.000 0.000 0.000 0.000 0.000 0.000 0.000 0.000 0.000 0.000 0.000 0.000 0.000 0.000 0.000 0.000 0.000 1.357 2.908 5.144 7.832 10.711 13.540 16.884 17.769 12.315 11.619 9.798 9.276 5.638 4.509 3.223 3.368 2.420 1.038 1.651 2.715 -999.250 -999.250 -999.250 -999.250 -999.250 -999.250 -999.250 -999.250 -999.250 -999.250 -999.250 -999.250 -999.250 -999.250 -999.250 -999.250 -999.250 -999.250 -999.250 -999.250
0.000 0.000 0.000 0.793 2.819 3.193 0.831 0.000 0.000 0.000 0.000 0.000 0.000 0.000 0.000 0.000 0.000 0.000 0.000 0.000 0.000 0.000 0.000 0.000 0.000 0.000 0.000 0.000 0.000 0.000 2.157 2.408 5.021 7.512 10.333 10.780 11.354 10.124 9.455 9.502 7.336 4.970 3.679 2.581 1.035 2.124 0.000 0.000 0.000 -999.250 -999.250 -999.250 -999.250 -999.250 -999.250 -999.250 -999.250 -999.250 -999.250 -999.250 -999.250 -999.250 -999.250 -999.250 -999.250 -999.250 -999.250 -999.250 -999.250
0.000 0.000 0.848 4.286 6.007 5.396 2.491 0.202 0.000 0.000 0.000 0.000 0.000 0.000 0.000 0.000 0.000 0.000 0.000 0.000 0.000 0.000 0.000 0.000 0.000 0.000 0.000 0.000 0.000 0.000 0.000 0.000 1.334 3.306 6.370 7.342 8.198 7.539 7.116 6.144 6.087 4.572 2.170 0.494 0.214 0.000 0.000 0.000 -999.250 -999.250 -999.250 -999.250 -999.250 -999.250 -999.250 -999.250 -999.250 -999.250 -999.250 -999.250 -999.250 -999.250 -999.250 -999.250 -999.250 -999.250 -999.250 -999.250 -999.250
0.000 0.000 0.571 5.099 12.051 6.073 3.809 2.286 0.000 0.000 0.000 0.000 0.000 0.000 0.000 0.000 0.000 0.000 0.000 0.000 0.000 0.000 0.000 0.000 0.000 0.000 0.000 0.000 0.000 0.000 0.000 0.000 0.000 0.000 2.836 4.678 5.357 5.006 5.096 4.241 4.222 3.036 1.884 0.000 0.000 0.000 0.000 0.000 -999.250 -999.250 -999.250 -999.250 -999.250 -999.250 -999.250 -999.250 -999.250 -999.250 -999.250 -999.250 -999.250 -999.250 -999.250 -999.250 -999.250 -999.250 -999.250 -999.250 -999.250
0.000 0.000 1.218 4.084 6.163 5.131 2.918 1.144 0.000 0.000 0.000 0.000 0.000 0.000 0.000 0.000 0.000 0.000 0.000 0.000 0.000 0.000 0.000 0.000 0.000 0.000 0.000 0.000 0.000 0.000 0.000 0.000 0.000 0.000 0.000 2.047 2.447 3.059 4.006 4.548 3.560 1.387 0.000 0.000 0.000 0.000 0.000 0.000 -999.250 -999.250 -999.250 -999.250 -999.250 -999.250 -999.250 -999.250 -999.250 -999.250 -999.250 -999.250 -999.250 -999.250 -999.250 -999.250 -999.250 -999.250 -999.250 -999.250 -999.250
0.000 0.000 1.363 3.726 2.652 1.405 1.280 0.000 0.000 0.000 0.000 0.000 0.000 0.000 0.000 0.000 0.000 0.000 0.000 0.000 0.000 0.000 0.000 0.000 0.000 0.000 0.000 0.000 0.000 0.000 0.000 0.000 0.000 0.000 0.000 0.101 2.054 2.534 2.095 1.986 0.693 0.000 0.000 0.000 0.000 0.000 0.000 -999.250 -999.250 -999.250 -999.250 -999.250 -999.250 -999.250 -999.250 -999.250 -999.250 -999.250 -999.250 -999.250 -999.250 -999.250 -999.250 -999.250 -999.250 -999.250 -999.250 -999.250 -999.250
1.691 0.000 0.675 0.679 0.000 0.015 0.000 0.000 0.000 0.000 0.000 0.000 0.000 0.000 0.000 0.000 0.000 0.000 0.000 0.000 0.000 0.000 0.000 0.000 0.000 0.000 0.000 0.000 0.000 0.000 0.000 0.000 0.000 0.000 0.000 0.000 0.000 0.000 0.000 0.000 0.000 0.000 0.000 0.000 0.000 0.000 0.000 -999.250 -999.250 -999.250 -999.250 -999.250 -999.250 -999.250 -999.250 -999.250 -999.250 -999.250 -999.250 -999.250 -999.250 -999.250 -999.250 -999.250 -999.250 -999.250 -999.250 -999.250 -999.250
2.745 0.950 0.356 0.000 0.000 0.000 0.000 0.000 0.000 0.000 0.000 0.000 0.000 0.000 0.000 0.000 0.000 0.000 0.000 0.000 0.000 0.000 0.000 0.000 0.000 0.000 0.000 0.000 0.000 0.000 0.000 0.000 0.000 0.000 0.000 0.000 0.000 0.000 0.000 0.000 0.000 0.000 0.000 0.000 0.000 0.000 -999.250 -999.250 -999.250 -999.250 -999.250 -999.250 -999.250 -999.250 -999.250 -999.250 -999.250 -999.250 -999.250 -999.250 -999.250 -999.250 -999.250 -999.250 -999.250 -999.250 -999.250 -999.250 -999.250
