data/medianmodel_16-Jun-2020.asc
ncols	141
nrows	288
xllcorner	-120191.398
yllcorner	-301404.813
cellsize	2000.000
NODATA_value	-999.250
[rows 155 to 185 of 288, columns 0 to 68 of 141]
-999.250 -999.250 -999.250 -999.250 -999.250 -999.250 -999.250 51.690 54.207 61.024 49.568 61.970 56.024 59.119 55.760 66.039 81.497 65.094 76.823 48.601 60.646 51.766 34.468 25.905 16.367 14.721 7.413 13.323 13.452 15.452 17.882 17.373 18.159 14.900 15.360 15.290 10.203 13.674 6.887 3.671 3.510 4.047 0.172 0.000 0.000 0.000 0.000 0.000 0.000 0.000 0.000 0.000 0.000 0.000 0.000 0.000 0.000 0.000 0.000 0.000 0.000 0.000 0.000 0.000 0.000 0.000 0.000 0.000 0.000
-999.250 -999.250 -999.250 -999.250 -999.250 -999.250 -999.250 25.748 38.588 44.879 59.648 56.073 64.611 66.571 67.193 79.410 87.636 64.635 71.296 61.869 56.876 45.081 40.849 30.711 17.665 12.420 9.110 10.192 14.294 20.748 21.081 20.150 26.074 18.036 15.473 16.004 9.236 11.093 7.896 3.979 4.986 5.743 1.501 1.252 0.000 0.000 0.000 0.000 0.000 0.000 0.000 0.000 0.000 0.000 0.000 0.000 0.000 0.000 0.000 0.000 0.000 0.000 0.000 0.000 0.000 0.000 0.000 0.000 0.000
-999.250 -999.250 -999.250 -999.250 -999.250 -999.250 -999.250 27.130 31.510 26.632 43.028 61.947 60.445 72.948 80.945 82.644 74.318 92.916 65.885 71.922 42.056 43.606 34.156 32.576 16.335 8.929 13.850 17.236 28.986 21.372 27.972 26.187 20.256 16.121 16.025 9.806 9.876 13.346 9.684 6.064 7.803 4.481 2.862 4.333 2.013 0.000 0.297 0.000 0.000 0.000 0.000 0.000 0.000 0.000 0.000 0.000 0.000 0.000 0.000 0.000 0.000 0.000 0.000 0.000 0.000 0.000 0.000 0.000 0.000
-999.250 -999.250 -999.250 -999.250 -999.250 -999.250 -999.250 40.041 31.444 30.482 47.816 46.900 49.304 59.206 81.393 89.493 105.438 81.026 61.937 44.341 40.174 28.130 29.812 23.264 19.989 19.500 20.252 20.677 23.971 23.072 20.744 23.681 15.568 12.413 16.267 13.030 11.722 7.968 14.326 9.074 7.170 5.468 1.990 4.956 4.218 2.853 0.550 0.000 0.000 0.000 0.000 0.000 0.000 0.000 0.000 0.000 0.000 0.000 0.000 0.000 0.000 0.000 0.000 0.000 0.000 0.000 0.000 0.000 0.000
-999.250 -999.250 -999.250 -999.250 -999.250 -999.250 -999.250 -999.250 22.525 24.683 28.970 33.758 48.344 68.924 88.882 100.922 100.368 77.089 38.934 34.108 25.197 23.557 20.317 28.654 23.681 21.303 28.383 26.466 22.690 34.617 25.979 16.851 17.128 22.680 14.823 16.824 14.194 11.369 9.093 7.492 6.824 6.737 5.189 4.269 2.219 1.168 0.249 0.000 0.000 0.000 0.000 0.000 0.000 0.000 0.000 0.000 0.000 0.000 0.000 0.000 0.000 0.000 0.000 0.000 0.000 0.000 0.000 0.000 0.000
-999.250 -999.250 -999.250 -999.250 -999.250 -999.250 -999.250 -999.250 25.243 23.206 23.091 33.220 34.566 50.016 87.782 151.298 113.455 77.119 59.839 21.999 25.956 24.471 23.900 25.640 42.424 39.093 31.572 27.090 21.656 32.189 24.640 24.388 20.621 16.252 17.685 14.827 14.305 14.697 7.588 10.063 9.011 14.166 5.165 6.350 5.182 2.776 1.259 0.000 0.000 0.000 0.000 0.000 0.000 0.000 0.000 0.000 0.000 0.000 0.000 0.000 0.000 0.000 0.000 0.000 0.000 0.000 0.000 0.000 0.000
-999.250 -999.250 -999.250 -999.250 -999.250 -999.250 -999.250 23.050 18.903 14.449 23.656 36.878 43.559 50.360 78.234 97.722 75.545 62.619 29.600 36.339 19.161 22.879 32.791 43.005 33.752 31.244 30.765 24.142 34.331 26.866 35.684 21.738 25.494 18.308 20.393 13.675 20.898 11.524 8.104 7.437 6.534 6.976 7.635 5.042 3.696 4.050 1.628 3.170 0.000 0.000 0.000 0.000 0.000 0.000 0.000 0.000 0.000 0.000 0.000 0.000 0.000 0.000 0.000 0.000 0.000 0.000 0.000 0.000 0.000
-999.250 -999.250 -999.250 -999.250 -999.250 -999.250 -999.250 26.367 36.486 22.972 37.741 39.022 39.352 39.903 64.121 78.016 60.065 45.609 36.801 24.609 21.941 35.096 40.179 60.935 44.481 36.549 31.200 34.529 25.408 26.142 38.237 55.222 50.715 20.487 15.868 11.845 8.775 9.413 7.374 5.817 6.558 10.652 5.498 5.439 6.961 2.776 2.296 2.642 0.723 0.062 0.000 0.000 0.000 0.000 0.000 0.000 0.000 0.000 0.000 0.000 0.000 0.000 0.000 0.000 0.000 0.000 0.000 0.000 0.000
-999.250 -999.250 -999.250 -999.250 -999.250 -999.250 -999.250 31.549 35.762 37.005 41.200 49.885 54.839 39.097 35.128 43.018 38.636 52.129 35.439 21.469 21.333 35.162 36.002 56.228 58.717 51.904 43.248 30.558 24.709 29.838 27.878 54.958 35.229 43.621 23.417 11.542 7.923 5.526 8.871 6.510 8.699 7.635 8.637 6.017 2.838 2.927 4.386 2.647 2.664 0.166 0.000 0.000 0.000 0.000 0.000 0.000 0.000 0.000 0.000 0.000 0.000 0.000 0.000 0.000 0.000 0.000 0.000 0.000 0.000
-999.250 -999.250 -999.250 -999.250 -999.250 -999.250 -999.250 28.013 43.741 27.808 24.839 24.377 32.729 34.045 38.673 31.465 40.457 38.752 39.183 33.953 33.925 45.754 36.848 51.538 56.221 44.318 50.546 40.301 34.508 24.009 23.355 39.909 41.775 24.342 24.506 13.999 11.245 7.266 4.765 7.721 8.602 11.905 9.412 8.626 3.079 5.021 5.146 3.150 0.793 2.619 0.000 0.466 0.000 0.093 0.000 0.000 0.000 0.000 0.000 0.000 0.000 0.000 0.000 0.000 0.000 0.000 0.000 0.000 0.000
-999.250 -999.250 -999.250 -999.250 -999.250 -999.250 42.705 33.760 32.845 37.491 19.004 18.880 29.124 27.264 35.543 27.568 49.036 35.924 43.707 56.883 49.599 51.680 58.070 48.465 47.551 49.857 40.395 55.565 49.118 39.086 41.142 50.329 33.282 29.907 20.277 16.878 12.132 11.745 7.746 7.609 7.854 8.968 10.009 10.084 5.252 2.989 3.519 3.657 2.104 2.680 1.738 1.481 1.120 0.807 0.000 0.000 0.000 0.000 0.000 0.000 0.000 0.000 0.000 0.000 0.000 0.000 0.000 0.000 0.000
-999.250 -999.250 -999.250 -999.250 -999.250 -999.250 49.271 30.257 31.258 32.642 13.462 17.378 19.788 19.247 32.876 44.949 31.442 51.196 49.565 58.924 59.658 55.518 61.612 57.271 62.412 67.610 79.472 83.870 72.063 51.638 35.835 37.368 23.765 20.891 21.123 14.770 12.762 12.318 13.662 9.677 9.571 9.443 7.522 9.858 9.899 5.456 6.150 4.480 3.479 5.309 3.062 0.000 0.000 0.000 0.356 0.000 0.000 0.000 0.000 0.000 0.000 0.000 0.000 0.000 0.000 0.000 0.000 0.000 0.000
-999.250 -999.250 -999.250 -999.250 -999.250 43.229 36.189 38.741 25.890 19.648 14.966 9.758 13.092 25.778 34.809 36.272 48.149 57.744 56.167 46.605 53.472 69.153 70.165 72.283 79.791 70.376 87.823 114.457 79.079 48.527 49.059 29.087 32.082 21.811 18.435 20.511 16.657 11.468 12.928 10.369 7.510 10.207 5.700 9.852 12.007 6.505 6.038 4.102 4.946 4.999 5.065 0.030 0.000 0.000 0.000 0.000 0.000 0.000 0.000 0.000 0.000 0.000 0.000 0.000 0.000 0.000 0.000 0.000 0.000
-999.250 -999.250 -999.250 -999.250 -999.250 28.518 39.489 34.670 28.155 20.608 11.483 10.187 13.786 27.225 46.013 38.944 41.738 51.280 47.858 38.081 43.739 66.746 71.960 81.465 71.395 81.153 80.921 93.970 80.483 68.618 45.659 44.785 49.887 35.284 18.401 20.216 17.251 14.780 12.682 13.559 8.645 13.543 8.499 6.875 8.612 5.154 2.079 4.830 3.457 2.833 0.288 0.000 0.000 0.000 0.000 0.000 0.000 0.000 0.000 0.000 0.000 0.000 0.000 0.000 0.000 0.000 0.000 0.000 0.000
-999.250 -999.250 -999.250 -999.250 41.873 32.830 41.827 42.726 37.155 22.191 16.749 15.804 13.905 26.704 33.488 46.187 40.591 40.138 51.268 36.861 46.327 62.259 75.481 79.814 59.031 70.983 77.864 78.356 74.838 68.223 38.266 52.832 36.825 34.704 13.935 18.685 18.076 13.130 13.420 13.309 11.588 8.762 8.520 10.341 7.302 6.215 4.335 3.471 4.562 3.761 0.000 0.000 1.572 0.000 0.000 0.000 0.000 0.000 0.000 0.000 0.000 0.000 0.000 0.000 0.000 0.000 0.000 0.000 0.000
-999.250 -999.250 -999.250 -999.250 48.704 46.732 33.839 40.114 33.800 36.648 19.870 16.417 19.184 26.651 40.023 45.344 44.864 44.520 55.796 44.298 56.044 64.170 93.072 82.838 66.367 64.203 66.927 65.318 67.613 55.878 39.422 32.364 45.801 32.193 23.195 13.444 10.387 9.359 11.180 12.092 11.076 8.445 7.705 7.569 9.008 5.471 5.784 4.965 6.495 3.032 0.622 0.762 0.000 0.000 0.000 0.000 0.000 0.000 0.000 0.000 0.000 0.000 0.000 0.000 0.000 0.000 0.000 0.000 0.000
-999.250 -999.250 -999.250 -999.250 50.923 52.014 36.405 37.285 24.002 27.811 23.082 30.794 34.027 46.014 55.086 30.757 36.915 46.362 53.088 61.674 53.358 71.241 88.539 75.842 70.803 74.460 61.623 64.048 61.614 53.192 43.853 43.678 37.464 32.450 21.451 10.320 7.340 8.339 13.236 11.340 11.939 6.285 7.351 10.839 9.526 7.960 5.573 7.644 5.789 0.573 2.559 1.448 0.000 0.000 0.000 0.000 0.000 0.000 0.000 0.000 0.000 0.000 0.000 0.000 0.000 0.000 0.000 0.000 0.000
-999.250 -999.250 -999.250 -999.250 47.477 50.739 45.989 32.732 35.472 33.862 33.028 32.472 41.907 46.478 43.614 26.088 18.907 28.498 31.013 52.014 48.705 68.089 82.270 73.547 77.045 68.648 64.385 74.830 55.595 56.236 56.418 39.326 42.000 21.456 12.626 9.392 6.215 8.098 8.509 12.950 12.660 11.141 9.939 11.178 9.810 7.858 5.270 5.280 4.837 1.365 0.888 0.630 0.000 0.000 0.000 0.000 0.000 0.000 0.000 0.000 0.000 0.000 0.000 0.000 0.000 0.000 0.000 0.000 0.000
-999.250 -999.250 -999.250 -999.250 39.907 45.436 38.362 32.667 38.414 28.851 34.310 34.077 47.414 41.267 29.402 22.092 28.166 22.426 17.685 26.805 24.024 62.481 68.286 73.113 61.936 53.234 58.531 61.567 72.208 46.765 42.513 48.395 38.114 25.195 18.548 9.595 10.714 10.038 12.683 13.481 13.010 12.926 11.595 8.163 7.133 8.879 7.369 5.011 2.787 0.415 0.610 0.000 0.000 0.000 0.000 0.000 0.000 0.000 0.000 0.000 0.000 0.000 0.000 0.000 0.000 0.000 0.000 0.000 0.000
-999.250 -999.250 -999.250 -999.250 52.880 56.558 36.517 28.311 31.294 35.709 35.137 35.468 30.910 32.308 28.734 21.992 21.334 16.101 15.506 25.954 42.126 68.031 56.011 70.883 64.079 58.572 61.075 66.431 57.556 59.413 54.169 38.643 27.946 22.673 25.325 24.283 16.256 19.550 14.418 13.453 12.578 11.414 6.006 4.054 7.278 8.765 5.540 5.746 2.730 3.226 0.524 0.000 0.000 0.000 0.000 0.000 0.000 0.000 0.000 0.000 0.000 0.000 0.000 0.000 0.000 0.000 0.000 0.000 0.000
-999.250 -999.250 -999.250 -999.250 78.266 59.671 53.631 44.993 23.456 33.277 38.204 40.006 55.845 45.983 52.183 48.738 29.549 33.394 18.064 23.041 40.777 64.328 64.448 64.130 60.584 62.795 69.693 58.941 67.798 55.117 52.138 43.231 36.179 30.030 29.436 27.292 26.914 22.175 19.774 13.633 9.807 8.478 3.289 1.744 3.704 6.761 5.592 3.430 5.913 6.937 4.952 0.670 0.000 0.000 0.000 0.000 0.000 0.000 0.000 0.000 0.000 0.000 0.000 0.000 0.000 0.000 0.000 0.000 0.000
-999.250 -999.250 -999.250 -999.250 80.241 59.999 54.537 48.340 33.934 43.992 55.952 56.713 43.725 53.803 71.505 59.915 64.229 53.030 36.787 47.104 52.244 66.569 69.452 85.968 78.631 81.972 65.336 69.773 60.011 47.670 44.086 49.411 28.807 29.420 28.761 26.693 32.654 20.781 22.797 16.339 9.817 6.260 4.215 0.000 1.107 6.265 8.092 6.251 6.360 6.211 6.382 2.110 0.000 0.000 0.000 0.000 0.000 0.000 0.000 0.000 0.000 0.000 0.000 0.000 0.000 0.000 0.000 0.000 0.000
-999.250 -999.250 -999.250 -999.250 89.168 85.069 47.720 58.127 36.019 42.359 58.820 71.428 50.319 49.410 61.502 72.203 72.832 64.626 67.507 64.769 79.113 83.390 90.081 101.031 95.771 88.444 67.375 74.791 72.763 74.430 47.991 27.474 32.579 41.429 30.992 30.058 23.934 22.072 17.246 15.015 12.022 9.339 5.380 0.638 3.657 7.314 11.314 9.719 6.604 6.674 2.246 1.130 0.000 0.000 0.000 0.000 0.000 0.000 0.000 0.000 0.000 0.000 0.000 0.000 0.000 0.000 0.000 0.000 0.000
-999.250 -999.250 -999.250 -999.250 97.614 98.320 81.983 71.139 69.122 74.773 94.830 94.757 76.231 72.496 75.649 74.962 70.786 87.728 77.879 76.066 93.721 100.829 94.147 87.638 86.680 78.503 66.101 73.134 80.153 71.748 67.206 50.111 49.761 34.832 35.854 30.670 20.881 21.264 19.127 15.489 12.880 12.673 8.229 7.303 5.410 7.990 11.199 8.609 8.639 6.724 5.200 0.278 0.000 0.376 0.000 0.000 0.000 0.000 0.000 0.000 0.000 0.000 0.000 0.000 0.000 0.000 0.000 0.000 0.000
-999.250 -999.250 -999.250 92.540 98.834 103.272 92.426 70.650 73.802 101.592 98.650 87.137 81.043 81.646 76.254 93.996 81.783 88.781 85.226 96.711 126.094 90.119 89.142 85.686 77.951 59.631 68.087 77.384 77.567 77.343 73.957 42.582 33.481 39.410 33.032 30.582 21.788 21.559 23.648 14.365 13.709 15.012 9.180 7.322 8.663 5.731 10.443 6.690 8.675 7.515 5.354 0.000 0.000 0.000 0.000 0.000 0.000 0.000 0.000 0.000 0.000 0.000 0.000 0.000 0.000 0.000 0.000 0.000 0.000
-999.250 -999.250 -999.250 90.649 95.492 105.379 101.058 90.165 92.960 91.932 93.273 95.476 101.452 103.663 102.167 99.190 89.710 99.499 113.161 118.039 135.450 93.675 77.798 76.597 61.989 66.890 79.423 76.320 77.940 64.564 62.688 57.320 30.374 36.831 33.910 28.096 22.497 23.542 24.044 16.951 16.664 13.457 8.996 9.678 7.627 10.907 12.341 8.369 7.657 9.277 6.452 1.444 0.000 0.000 0.000 0.000 0.000 0.000 0.000 0.000 0.000 0.000 0.000 0.000 0.000 0.000 0.000 0.000 0.000
-999.250 -999.250 -999.250 101.248 84.612 96.331 114.966 107.114 96.500 106.484 93.214 112.889 113.690 106.324 119.526 123.417 113.741 125.018 115.353 125.974 114.308 87.801 84.013 80.609 71.620 73.529 67.121 58.963 66.532 55.310 57.658 47.261 34.637 26.965 21.350 27.404 17.598 19.842 21.855 21.548 14.161 10.163 10.272 9.483 11.827 12.609 9.881 8.613 5.304 5.463 7.762 2.073 1.128 1.363 0.692 0.737 0.178 0.000 0.000 0.000 0.000 0.000 0.000 0.000 0.000 0.000 0.000 0.000 0.000
-999.250 -999.250 105.972 92.473 106.076 105.618 121.341 142.563 112.079 133.408 111.578 125.967 125.218 115.169 144.792 146.023 152.944 140.144 130.553 114.406 91.185 71.777 77.877 77.923 67.192 72.355 63.804 60.003 72.057 48.704 42.807 45.400 37.228 36.769 32.075 24.453 21.793 18.284 19.853 15.476 13.054 13.555 14.567 11.906 10.822 11.084 6.856 3.167 3.133 5.182 7.031 6.550 3.471 1.485 0.598 1.734 0.240 0.000 0.000 0.000 0.000 0.000 0.000 0.000 0.000 0.000 0.000 0.000 0.000
-999.250 -999.250 112.338 92.635 109.865 120.531 125.116 134.572 100.410 108.576 120.139 128.848 138.174 125.361 122.820 142.921 180.746 161.105 145.533 118.063 -999.250 72.076 74.136 72.773 76.191 62.944 67.267 69.159 83.876 75.159 59.518 38.974 29.951 33.788 28.764 19.668 16.586 16.388 23.115 15.408 13.364 12.817 12.800 12.376 11.021 11.554 8.346 6.012 6.145 7.138 6.409 6.049 5.681 2.743 0.167 0.000 3.323 0.000 0.000 0.000 0.000 0.000 0.000 0.000 0.000 0.000 0.000 0.000 0.000
-999.250 105.280 126.233 101.445 137.661 141.412 140.936 128.945 149.799 142.158 132.443 146.871 131.742 112.906 130.260 165.549 196.081 193.205 148.067 -999.250 -999.250 85.735 60.408 66.042 66.638 70.023 53.418 59.590 85.105 70.309 42.086 34.959 28.742 31.717 27.360 19.342 21.886 21.487 16.723 15.880 11.814 11.270 12.942 12.541 9.018 8.740 10.372 6.426 7.729 6.501 7.681 7.652 3.780 0.989 0.000 0.000 2.542 0.315 0.732 0.000 0.000 0.000 0.000 0.000 0.000 0.000 0.000 0.000 0.000
-999.250 121.541 118.178 103.002 120.495 141.496 120.526 139.927 180.316 174.990 170.636 161.467 176.149 147.236 149.591 157.018 170.511 162.638 -999.250 -999.250 -999.250 -999.250 71.788 69.264 70.020 64.599 60.528 66.123 62.929 46.576 35.985 25.914 27.227 22.663 21.704 18.815 15.156 17.763 11.375 14.538 8.993 11.686 18.232 11.487 11.325 7.892 9.918 8.226 8.290 9.439 8.451 9.017 6.981 3.438 1.465 0.877 0.109 1.478 3.467 0.000 0.000 0.000 0.000 0.135 0.000 0.000 0.000 0.000 0.000
