data/medianmodel_03-Feb-2021.asc
ncols	141
nrows	288
xllcorner	-120191.398
yllcorner	-301404.813
cellsize	2000.000
NODATA_value	-999.250
[rows 28 to 55 of 288, columns 63 to 125 of 141]
1360.519 1340.438 1273.133 1351.488 1427.531 1466.309 1653.554 1659.619 1824.430 1869.176 2069.969 2184.209 2312.880 2330.381 2233.174 2265.011 2260.126 2167.689 2058.775 1988.391 1794.945 1667.291 1535.929 1478.517 1411.060 1364.067 1336.951 1299.825 1254.416 1286.777 1295.714 1308.604 1300.279 1328.961 1319.682 1340.482 1331.065 1334.727 1284.387 1273.690 1221.547 1209.058 1157.476 1073.508 1083.621 1031.516 1012.172 1077.839 1011.475 989.334 955.893 928.300 924.042 944.588 893.135 871.616 821.134 809.758 797.955 760.232 710.923 697.843 649.550
1305.027 1270.888 1310.073 1327.735 1396.878 1437.080 1494.957 1664.534 1700.966 1923.733 2020.707 2095.644 2237.054 2151.648 2150.150 2159.340 2087.689 2015.526 1933.163 1832.741 1714.151 1551.995 1518.861 1418.757 1397.152 1326.407 1345.039 1336.023 1312.532 1333.015 1331.544 1322.716 1328.903 1371.706 1374.463 1400.136 1345.262 1340.242 1310.909 1279.456 1260.521 1182.075 1150.697 1079.105 1044.326 1007.202 1027.322 1038.513 1018.634 961.535 953.720 936.030 970.161 917.264 892.251 849.880 854.761 825.996 772.885 738.166 701.438 651.320 570.641
1251.484 1212.289 1266.077 1319.114 1350.402 1446.987 1505.490 1654.342 1726.373 1879.203 1949.589 2039.516 2048.459 2099.104 2022.357 2004.304 1982.874 1910.766 1761.848 1636.329 1542.868 1461.126 1403.013 1384.270 1335.171 1362.928 1364.664 1366.988 1358.941 1352.889 1342.603 1344.810 1370.917 1382.935 1383.870 1424.739 1403.368 1335.099 1334.230 1340.609 1265.602 1209.411 1154.448 1114.208 1073.010 1024.175 982.915 979.674 975.754 986.093 972.533 932.962 961.038 929.711 910.051 877.151 849.401 791.023 760.946 721.378 698.404 625.888 530.852
1176.404 1083.321 1131.790 1249.981 1327.808 1366.631 1392.317 1574.795 1686.110 1810.165 1925.711 1955.313 1979.123 1940.053 1956.243 1789.001 1740.038 1710.031 1594.603 1505.142 1393.523 1392.105 1389.769 1303.065 1343.358 1336.472 1326.937 1327.991 1367.380 1387.959 1364.052 1375.741 1408.607 1412.743 1396.928 1376.235 1424.188 1420.092 1414.034 1377.186 1296.213 1240.038 1197.358 1122.250 1043.735 1013.134 999.579 986.408 981.431 1021.613 1010.402 991.619 967.316 945.111 915.126 877.466 859.888 833.284 768.686 711.641 688.602 636.899 591.253
1042.590 1050.633 1065.934 1143.140 1226.605 1288.394 1355.794 1456.271 1653.772 1698.676 1812.437 1873.679 1829.894 1784.699 1736.573 1626.518 1474.045 1470.302 1408.612 1338.282 1305.665 1300.605 1294.229 1276.619 1235.632 1309.529 1287.500 1313.122 1333.707 1372.505 1387.655 1373.608 1438.317 1471.375 1393.218 1438.360 1439.233 1484.873 1428.178 1396.840 1337.395 1292.909 1213.134 1160.949 1058.603 992.360 971.972 993.877 1035.130 1064.385 1044.977 1012.878 986.238 966.613 957.300 893.418 881.950 841.539 790.328 734.966 698.047 670.429 671.827
985.598 956.177 1003.877 1044.661 1142.410 1237.327 1334.665 1410.733 1517.283 1659.789 1756.072 1713.659 1698.621 1645.268 1482.578 1428.354 1343.660 1300.711 1247.838 1190.260 1182.982 1210.834 1244.806 1283.672 1213.192 1229.241 1342.784 1346.971 1361.161 1396.060 1378.613 1432.891 1454.801 1505.091 1580.377 1520.656 1538.058 1544.300 1483.622 1523.322 1463.088 1340.970 1299.738 1224.076 1106.293 971.342 1033.860 1077.692 1082.739 1053.336 1122.223 1069.244 1037.152 1009.869 965.911 961.252 898.075 833.460 806.354 763.418 765.090 723.480 700.426
935.906 857.435 938.371 977.157 1074.224 1115.425 1272.065 1364.627 1519.063 1595.603 1662.234 1623.860 1552.397 1461.548 1391.832 1325.667 1225.319 1072.275 1014.794 1002.383 1054.583 1120.966 1116.859 1172.564 1268.136 1283.964 1307.714 1348.528 1353.349 1408.466 1433.961 1496.520 1505.993 1601.587 1625.132 1615.617 1662.897 1607.779 1613.250 1639.116 1557.414 1495.092 1395.571 1327.090 1244.208 1158.248 1196.013 1247.650 1216.483 1146.274 1179.343 1160.301 1097.205 1084.309 1023.822 1017.355 965.451 872.409 834.280 821.050 792.956 770.302 746.236
934.983 896.492 919.670 954.985 991.354 1054.584 1181.886 1273.538 1378.836 1435.351 1479.016 1420.890 1420.530 1364.571 1313.269 1186.338 1060.983 939.517 819.330 907.510 970.335 1033.312 1093.544 1124.000 1168.932 1269.943 1304.780 1315.915 1424.413 1528.944 1499.027 1531.419 1624.204 1656.090 1660.062 1703.987 1702.744 1728.641 1715.044 1722.410 1650.256 1609.379 1568.030 1487.150 1395.845 1344.171 1367.294 1332.926 1346.692 1372.430 1306.390 1270.763 1247.046 1126.542 1054.142 1071.647 993.592 917.034 888.876 827.705 830.337 796.371 777.813
935.347 895.837 906.693 916.620 943.469 1045.446 1119.240 1198.271 1300.930 1308.660 1353.570 1325.771 1297.974 1308.996 1193.064 1092.755 962.332 869.733 851.948 856.322 911.187 985.440 1051.085 1106.620 1189.604 1259.758 1295.759 1374.327 1435.711 1529.853 1521.325 1578.666 1599.214 1684.158 1738.565 1795.017 1797.371 1807.259 1773.699 1799.344 1800.641 1726.859 1720.851 1680.453 1586.770 1563.055 1464.134 1555.683 1460.171 1439.506 1427.742 1364.694 1334.357 1204.854 1144.570 1073.328 1043.974 999.146 982.109 927.699 868.737 856.873 849.489
946.672 895.526 905.476 882.920 936.204 979.194 1053.378 1135.819 1184.289 1241.361 1271.580 1268.208 1212.913 1178.746 1105.949 999.915 939.324 847.246 877.864 861.923 884.687 955.500 1056.044 1117.994 1217.793 1264.705 1320.021 1373.689 1408.801 1488.325 1582.155 1598.972 1673.614 1797.486 1779.446 1837.042 1917.206 1975.848 1928.556 1899.075 1941.583 1885.498 1872.894 1842.495 1880.563 1809.468 1728.947 1741.839 1700.049 1615.237 1578.551 1491.930 1355.828 1348.170 1261.728 1173.423 1119.332 1054.510 1031.915 978.622 957.854 933.482 959.088
983.743 929.002 880.857 869.566 876.254 922.404 992.724 1010.219 1041.105 1103.653 1122.312 1157.547 1180.487 1097.676 1057.624 975.580 922.374 871.600 879.742 874.088 895.796 984.335 1050.448 1111.623 1256.783 1281.694 1337.029 1360.107 1373.861 1518.174 1603.246 1601.701 1718.741 1823.129 1888.892 1928.763 1955.583 2047.922 2014.978 2018.154 2087.792 1996.197 2035.239 2053.832 2027.540 2047.097 1970.644 1930.491 1921.161 1739.362 1651.117 1553.124 1464.435 1368.338 1275.153 1217.605 1185.370 1122.518 1135.621 1029.104 993.994 974.831 969.132
1009.182 941.745 893.008 864.505 836.788 851.298 896.857 936.113 971.611 1026.943 1041.542 1109.628 1105.214 1066.967 994.028 982.384 931.653 906.390 868.164 884.394 908.546 971.814 1031.702 1106.071 1217.968 1317.673 1355.454 1371.078 1420.362 1510.967 1592.688 1672.206 1714.209 1774.791 1914.167 1994.493 2012.596 2077.194 2139.660 2120.744 2127.967 2105.875 2211.968 2231.128 2187.760 2205.140 2162.953 2086.676 2035.499 1958.278 1807.349 1645.483 1482.250 1414.851 1349.944 1286.209 1249.686 1202.787 1160.379 1103.179 1062.185 1039.716 1025.131
1045.168 960.792 867.610 808.097 764.229 801.833 844.494 885.088 941.188 984.155 1033.902 1035.523 1004.479 1005.320 954.227 938.966 894.722 896.685 905.804 881.785 910.874 973.501 1028.493 1087.823 1224.084 1336.262 1332.419 1367.084 1391.904 1460.965 1514.703 1675.778 1746.925 1869.853 1974.140 2069.990 2077.563 2209.079 2164.120 2227.188 2206.740 2316.697 2324.128 2381.325 2318.684 2363.846 2383.088 2294.661 2124.254 2055.423 1941.651 1769.775 1586.026 1525.113 1469.572 1343.549 1317.339 1250.823 1219.778 1180.047 1178.218 1071.008 1066.849
982.793 937.850 855.813 788.346 676.648 742.076 807.676 844.255 871.428 905.394 985.599 993.900 986.744 972.109 938.230 909.621 927.661 920.409 943.652 906.001 952.518 935.710 1008.708 1148.578 1180.249 1261.954 1282.362 1324.856 1346.307 1398.523 1522.383 1616.531 1764.615 1916.408 2040.429 2065.143 2113.834 2294.577 2306.349 2347.113 2434.035 2512.243 2451.178 2513.727 2533.246 2496.558 2545.439 2468.234 2308.493 2160.302 2020.369 1824.809 1693.643 1604.787 1474.005 1395.588 1310.591 1255.452 1265.188 1237.816 1166.375 1116.369 1110.600
977.988 936.577 867.357 807.019 755.797 731.595 778.634 824.084 838.829 880.305 896.197 966.610 976.081 949.295 949.060 902.996 925.798 895.614 911.821 913.757 935.080 945.549 972.396 1036.486 1099.324 1142.678 1198.550 1294.601 1295.566 1378.965 1407.480 1590.963 1731.704 1911.799 2020.752 2120.670 2276.098 2304.523 2356.332 2449.966 2509.953 2549.928 2444.270 2518.636 2551.464 2624.533 2700.236 2585.552 2374.738 2220.121 2042.416 1892.552 1722.132 1641.624 1606.147 1463.963 1375.126 1334.412 1284.834 1266.367 1220.779 1209.035 1204.734
951.359 947.080 883.233 848.043 813.380 759.383 805.675 826.533 844.488 851.216 881.399 946.068 970.627 970.526 990.779 967.004 935.833 955.470 944.038 934.425 927.046 949.128 959.238 970.044 977.121 1006.620 1120.690 1147.286 1245.634 1312.577 1390.800 1598.401 1654.149 1844.321 2062.681 2173.803 2325.548 2360.393 2469.417 2484.121 2429.784 2517.655 2516.210 2574.199 2553.618 2754.994 2945.055 2663.943 2407.068 2255.282 2056.676 1963.426 1755.607 1657.063 1593.062 1523.991 1402.969 1322.994 1308.441 1276.765 1173.738 1156.719 1147.523
1026.221 982.923 943.695 875.174 843.491 831.200 810.998 809.160 841.412 856.678 882.213 910.962 965.258 969.471 1002.200 1013.175 1006.033 956.355 985.466 953.924 891.561 921.742 920.136 895.350 913.155 952.280 996.821 1061.487 1121.149 1180.565 1318.813 1429.432 1583.455 1820.070 1992.218 2138.205 2311.084 2442.761 2492.555 2540.379 2482.433 2519.135 2568.003 2485.618 2604.162 2634.330 2646.472 2527.566 2371.753 2180.275 2079.188 1955.169 1846.155 1673.424 1566.612 1481.933 1435.587 1363.718 1335.307 1290.382 1210.119 1198.131 1179.292
1019.154 1017.830 1002.106 928.084 882.873 834.163 849.758 833.255 813.664 878.935 897.902 947.147 981.858 1014.819 1025.163 1018.491 962.847 980.573 975.859 941.813 953.676 920.502 872.278 849.021 852.658 865.166 934.000 1011.715 1064.437 1132.977 1208.079 1341.552 1463.632 1697.964 1999.120 2086.403 2293.721 2449.819 2561.725 2588.777 2533.824 2497.095 2434.386 2496.830 2472.019 2554.170 2478.969 2392.685 2307.656 2116.421 1991.950 1917.572 1758.298 1656.537 1527.252 1468.874 1409.774 1358.437 1307.963 1232.965 1226.564 1240.960 1175.348
1087.405 1005.585 1025.470 979.526 945.450 900.787 848.323 846.416 850.275 856.665 891.009 957.174 979.396 1064.809 1037.833 1033.700 1012.837 987.649 996.395 995.262 971.739 931.810 873.227 877.216 816.998 794.359 864.091 949.507 1040.066 1062.069 1122.213 1239.490 1362.664 1614.447 1859.247 2080.070 2254.762 2431.608 2570.955 2493.606 2481.114 2430.200 2473.043 2360.788 2387.911 2322.959 2327.946 2260.343 2157.787 2034.461 1933.887 1795.265 1674.606 1655.572 1526.169 1455.396 1392.309 1359.110 1302.566 1248.754 1280.271 1187.431 1149.875
1072.741 1053.517 997.089 995.926 961.645 933.395 899.647 873.982 860.153 875.382 871.778 913.381 944.906 1002.887 1024.376 1046.519 1031.429 1002.794 1016.967 1011.150 1006.812 1017.511 963.095 964.270 869.056 762.353 892.756 1010.418 1102.459 1104.355 1062.728 1084.727 1196.450 1396.743 1707.756 1978.379 2136.404 2415.468 2763.071 2497.494 2381.350 2220.695 2253.719 2259.898 2246.521 2218.901 2182.097 2117.686 2003.886 1973.817 1845.453 1675.484 1617.309 1595.587 1474.916 1388.008 1386.021 1345.537 1312.203 1245.247 1217.720 1210.859 1254.436
1115.825 1078.915 1046.157 996.928 1002.509 949.090 915.131 870.713 846.820 834.182 857.810 865.347 904.228 969.061 997.519 1042.950 1009.641 1003.120 1042.672 1057.500 1127.299 1131.632 1122.594 1121.382 1074.797 1012.313 1110.473 1211.384 1215.463 1177.030 1092.314 1012.859 976.061 1252.251 1533.172 1780.729 2028.424 2217.118 2379.905 2333.757 2190.157 2102.301 2029.201 2053.373 2056.954 2033.600 2017.628 1920.696 1917.663 1767.132 1676.987 1679.574 1563.728 1518.047 1467.307 1380.365 1373.055 1290.581 1255.872 1200.949 1147.523 1182.493 1212.053
1097.892 1067.157 1052.951 1046.423 991.573 969.465 949.914 871.627 836.523 840.691 830.102 833.323 856.786 941.091 984.993 994.008 1033.013 1084.129 1102.991 1157.946 1216.627 1271.819 1301.846 1334.773 1353.922 1361.842 1386.617 1479.831 1490.142 1363.868 1245.198 1013.597 776.562 1054.023 1371.264 1652.477 1849.439 1999.242 2037.241 2008.739 1948.340 1808.034 1763.952 1811.449 1811.183 1802.612 1774.404 1719.697 1698.177 1647.532 1554.680 1531.079 1487.844 1431.138 1389.507 1360.637 1311.660 1249.453 1274.521 1193.606 -999.250 1186.670 1121.561
1106.466 1073.863 1056.076 1094.102 1053.521 992.746 978.657 922.159 841.429 818.356 792.751 804.917 839.132 914.979 984.914 989.084 1018.076 1058.463 1120.823 1171.249 1284.524 1356.578 1440.477 1591.208 1698.419 1691.340 1822.128 1790.209 1711.577 1622.481 1457.165 1252.017 1125.091 1185.763 1398.105 1607.381 1680.650 1701.684 1762.975 1688.657 1620.490 1525.943 1480.364 1477.242 1522.742 1505.610 1610.454 1519.844 1505.872 1445.049 1482.349 1435.323 1389.630 1355.055 1318.176 1278.943 1313.296 1276.184 -999.250 -999.250 -999.250 -999.250 -999.250
1057.124 1099.135 1129.518 1097.890 1076.864 1059.899 1017.276 947.193 896.868 830.755 804.453 794.017 855.747 935.726 1004.482 1006.605 1059.618 1102.561 1163.468 1231.306 1338.686 1505.630 1647.154 1773.593 2015.429 2076.812 2140.938 2172.397 2050.881 1981.822 1821.656 1598.548 1477.008 1425.799 1528.763 1566.444 1577.454 1615.944 1537.443 1465.186 1326.506 1236.116 1202.491 1203.755 1270.327 1301.137 1325.801 1332.836 1374.666 1354.912 1340.083 1357.967 1313.316 1280.841 1192.565 1272.468 1277.971 -999.250 -999.250 -999.250 -999.250 -999.250 -999.250
1077.973 1132.790 1151.125 1182.825 1157.498 1121.581 1089.260 987.300 964.153 914.166 861.090 787.998 943.813 1031.879 1042.130 1066.853 1100.432 1111.975 1163.614 1250.694 1357.565 1516.341 1816.788 2039.468 2246.791 2502.536 2590.790 2542.044 2501.099 2329.869 2111.012 2002.646 1807.922 1663.357 1644.637 1568.797 1471.935 1461.600 1386.239 1233.856 1057.893 899.702 906.126 956.293 1031.526 1056.677 1126.494 1226.727 1236.319 1188.791 1241.719 1261.369 1223.393 1158.609 1146.460 1195.337 1278.789 -999.250 -999.250 -999.250 -999.250 -999.250 -999.250
1149.036 1228.796 1238.337 1255.913 1230.726 1225.866 1118.267 1017.338 975.923 985.515 1034.149 1185.570 1132.038 1121.816 1115.032 1125.680 1117.308 1122.816 1117.184 1204.316 1349.847 1560.992 1961.650 2264.768 2551.740 2958.242 3166.333 3108.506 3004.413 2630.223 2457.365 2128.981 2033.938 1951.995 1761.183 1644.475 1573.153 1469.882 1336.886 1120.779 870.845 558.804 717.055 798.215 884.303 931.350 1005.583 1053.146 1080.148 1109.799 1088.160 1163.152 1155.364 1137.444 1169.605 1202.509 -999.250 -999.250 -999.250 -999.250 -999.250 -999.250 -999.250
1217.988 1321.217 1355.743 1343.017 1335.989 1348.250 1269.098 1059.536 1094.168 1115.335 1190.177 1274.438 1257.942 1264.864 1257.873 1224.000 1212.917 1191.153 1106.500 1118.143 1283.041 1610.161 2045.912 2479.676 2886.270 3379.215 3819.114 3857.899 3479.158 2999.744 2662.479 2450.335 2229.909 2108.972 1881.159 1737.830 1627.490 1457.627 1352.899 1096.991 858.391 714.084 704.847 755.593 812.597 833.314 919.917 956.853 1004.459 1030.846 1062.782 1036.216 1102.843 1115.891 1137.171 -999.250 -999.250 -999.250 -999.250 -999.250 -999.250 -999.250 -999.250
1271.301 1364.346 1394.053 1445.487 1573.561 1548.674 1444.611 1313.310 1297.713 1282.377 1259.069 1320.654 1328.580 1328.880 1352.131 1340.580 1300.552 1228.048 1091.801 1026.282 1097.595 1545.677 2136.790 2699.801 3239.120 3889.494 4533.333 4231.587 3927.184 3391.524 3092.209 2826.053 2442.952 2190.045 2007.903 1925.222 1683.113 1579.982 1348.335 1128.479 961.643 820.742 742.171 747.762 779.191 815.515 866.666 918.480 963.992 987.534 978.951 1024.388 1067.188 1064.400 1100.349 -999.250 -999.250 -999.250 -999.250 -999.250 -999.250 -999.250 -999.250
