data/medianmodel_24-Jan-2021.asc
ncols	141
nrows	288
xllcorner	-120191.398
yllcorner	-301404.813
cellsize	2000.000
NODATA_value	-999.250
[rows 168 to 195 of 288, columns 63 to 125 of 141]
1284.627 1293.090 1232.061 1239.888 1151.186 1116.941 1144.077 1078.384 1068.234 1123.254 1233.608 1249.494 1351.957 1298.723 1478.711 1557.349 1727.722 1792.747 1796.969 1811.370 1775.523 1738.166 1581.852 1590.290 1616.836 1617.967 1509.304 1457.261 1427.865 1351.287 1347.141 1310.053 1288.472 1231.829 1277.065 1259.158 1318.538 1453.766 1622.202 -999.250 -999.250 -999.250 1949.747 1959.481 2095.133 -999.250 -999.250 -999.250 -999.250 -999.250 -999.250 -999.250 -999.250 -999.250 -999.250 -999.250 -999.250 -999.250 -999.250 -999.250 -999.250 -999.250 -999.250
1187.275 1158.335 1121.899 1096.186 1088.705 1019.824 987.403 931.751 945.755 982.380 1086.299 1127.422 1157.946 1245.482 1347.962 1521.651 1684.901 1791.136 1803.242 1775.646 1766.738 1785.599 1733.896 1680.202 1632.823 1678.804 1587.113 1522.356 1470.272 1421.010 1384.266 1360.670 1318.455 1320.122 1298.017 1276.596 1383.511 1501.297 1628.237 1707.018 1822.550 1896.624 2087.650 2246.470 2211.136 2256.421 -999.250 -999.250 -999.250 -999.250 -999.250 -999.250 -999.250 -999.250 -999.250 -999.250 -999.250 -999.250 -999.250 -999.250 -999.250 -999.250 -999.250
1078.089 1069.958 1027.927 1001.658 912.457 907.114 822.478 753.473 791.464 862.920 924.021 1003.302 1115.589 1181.119 1289.383 1400.781 1623.195 1815.736 1804.067 1740.382 1761.708 1753.310 1704.747 1676.838 1629.037 1660.716 1669.136 1609.752 1578.195 1505.543 1423.871 1414.979 1377.478 1400.085 1362.125 1433.676 1449.094 1541.856 1639.646 1769.978 1905.394 2008.310 2202.254 2325.048 2438.405 2360.863 2294.063 -999.250 -999.250 -999.250 -999.250 -999.250 -999.250 -999.250 -999.250 -999.250 -999.250 -999.250 -999.250 -999.250 -999.250 -999.250 -999.250
985.142 1028.730 993.657 893.228 837.121 813.132 782.998 725.513 708.913 810.623 870.825 942.519 1036.526 1103.269 1207.919 1343.426 1462.411 1651.595 1696.060 1722.075 1721.894 1705.818 1758.481 1758.190 1722.532 1723.523 1732.901 1702.146 1671.501 1626.419 1548.843 1479.326 1440.982 1476.615 1509.620 1531.801 1544.651 1656.575 1777.063 1821.134 2016.383 2150.489 2271.276 2408.048 2474.867 2366.489 2366.408 -999.250 -999.250 -999.250 -999.250 -999.250 -999.250 -999.250 -999.250 -999.250 -999.250 -999.250 -999.250 -999.250 -999.250 -999.250 -999.250
1014.665 959.413 891.215 862.982 838.006 776.351 759.097 732.429 735.645 783.154 822.553 876.619 964.203 1042.043 1046.422 1254.536 1286.969 1438.403 1505.854 1562.275 1628.424 1659.270 1701.753 1726.587 1742.486 1720.678 1733.040 1798.775 1747.899 1703.590 1606.340 1587.277 1538.012 1577.190 1583.222 1597.371 1677.908 1819.229 1833.500 1874.387 2012.153 2135.437 2305.193 2440.880 2437.317 2353.719 2331.794 -999.250 -999.250 -999.250 -999.250 -999.250 -999.250 -999.250 -999.250 -999.250 -999.250 -999.250 -999.250 -999.250 -999.250 -999.250 -999.250
980.997 962.161 907.752 834.414 800.996 751.436 787.075 745.611 761.939 778.233 791.190 819.488 876.159 933.811 962.820 1039.346 1147.411 1227.289 1371.989 1456.970 1519.940 1574.068 1660.562 1760.264 1739.227 1753.462 1764.116 1781.234 1760.420 1745.160 1710.164 1692.628 1671.037 1704.575 1663.861 1732.357 1778.035 1816.682 1900.768 1978.691 2019.393 2138.709 2241.520 2412.348 2406.338 2396.196 2321.481 2269.141 -999.250 -999.250 -999.250 -999.250 -999.250 -999.250 -999.250 -999.250 -999.250 -999.250 -999.250 -999.250 -999.250 -999.250 -999.250
973.121 938.384 861.664 818.879 783.918 726.878 751.489 743.915 733.813 797.251 779.743 798.090 785.222 841.552 826.645 872.104 956.185 1064.653 1257.510 1391.471 1482.644 1551.437 1607.643 1669.996 1791.667 1837.510 1840.862 1782.539 1723.864 1754.440 1796.330 1712.848 1706.013 1704.235 1698.773 1766.908 1742.871 1749.005 1860.563 1903.493 1981.905 2116.930 2176.722 2276.209 2379.246 2373.215 2296.741 -999.250 -999.250 -999.250 -999.250 -999.250 -999.250 -999.250 -999.250 -999.250 -999.250 -999.250 -999.250 -999.250 -999.250 -999.250 -999.250
961.468 959.493 890.417 796.423 818.416 727.615 772.122 772.346 748.823 760.211 757.959 762.898 765.509 762.486 760.477 738.257 774.526 942.790 1148.807 1277.208 1395.210 1527.762 1618.571 1747.894 1786.938 1795.538 1910.822 1807.326 1820.105 1807.280 1808.406 1787.173 1736.360 1733.800 1765.392 1734.491 1810.919 1859.377 1813.405 1862.882 1977.149 2036.428 2191.030 2310.364 2415.352 2312.845 -999.250 -999.250 -999.250 -999.250 -999.250 -999.250 -999.250 -999.250 -999.250 -999.250 -999.250 -999.250 -999.250 -999.250 -999.250 -999.250 -999.250
965.492 953.123 952.370 901.723 857.659 799.599 802.929 788.793 790.391 731.644 744.996 807.631 773.100 764.615 707.749 673.184 611.967 861.370 1090.009 1266.708 1446.512 1476.599 1653.333 1845.676 1841.652 1914.058 1891.248 1902.012 1867.267 1852.509 1796.732 1752.521 1750.830 1744.219 1766.451 1813.735 1821.004 1820.171 1838.283 1883.297 1940.155 1994.935 2131.788 2232.799 2302.574 2271.641 -999.250 -999.250 -999.250 -999.250 -999.250 -999.250 -999.250 -999.250 -999.250 -999.250 -999.250 -999.250 -999.250 -999.250 -999.250 -999.250 -999.250
997.274 977.302 941.413 972.397 969.664 917.211 873.881 866.580 808.735 775.984 775.670 786.360 807.874 833.772 804.436 780.355 787.288 957.320 1120.785 1323.704 1508.470 1654.849 1723.998 1801.935 1863.476 1891.151 1916.230 1870.266 1913.549 1856.304 1829.237 1776.397 1782.525 1840.028 1800.966 1827.753 1810.575 1833.071 1847.663 1876.299 1948.389 1997.641 2097.465 2153.926 2217.076 -999.250 -999.250 -999.250 -999.250 -999.250 -999.250 -999.250 -999.250 -999.250 -999.250 -999.250 -999.250 -999.250 -999.250 -999.250 -999.250 -999.250 -999.250
1045.073 1031.565 1035.309 1020.526 973.081 992.158 965.353 948.650 948.716 865.558 851.051 874.802 917.711 953.575 947.569 962.158 986.097 1121.895 1286.559 1439.762 1624.340 1795.313 1810.495 1831.229 1978.143 1931.463 1945.354 1878.261 1913.567 1930.471 1821.849 1832.096 1811.130 1849.639 1835.001 1856.378 1877.649 1861.944 1932.933 1884.680 1889.951 1976.387 2032.961 2131.528 2113.914 -999.250 -999.250 -999.250 -999.250 -999.250 -999.250 -999.250 -999.250 -999.250 -999.250 -999.250 -999.250 -999.250 -999.250 -999.250 -999.250 -999.250 -999.250
1043.640 1103.666 1106.588 1086.922 1088.761 1096.236 1061.016 1068.461 1058.642 1038.007 1001.004 998.733 1058.353 1066.852 1096.276 1128.514 1212.614 1311.306 1433.381 1560.141 1760.007 1830.316 1857.766 1907.676 2099.810 2124.610 2110.572 1995.599 2095.683 1983.722 1919.654 1924.356 1892.689 1843.616 1841.542 1822.379 1817.710 1857.099 1974.861 1996.806 1949.070 1997.210 2059.417 2039.588 -999.250 -999.250 -999.250 -999.250 -999.250 -999.250 -999.250 -999.250 -999.250 -999.250 -999.250 -999.250 -999.250 -999.250 -999.250 -999.250 -999.250 -999.250 -999.250
1128.873 1189.136 1193.265 1224.839 1168.343 1164.280 1173.241 1118.895 1107.505 1141.525 1144.347 1152.236 1191.934 1190.107 1253.830 1320.968 1410.126 1516.587 1643.257 1704.338 1823.017 1885.928 1947.067 2080.913 2208.044 2233.242 2291.682 2139.813 2151.547 1952.872 1949.624 1960.985 1931.976 1853.929 1851.111 1864.615 1871.934 1872.156 1892.411 2026.520 1918.030 1932.586 2001.385 1983.745 -999.250 -999.250 -999.250 -999.250 -999.250 -999.250 -999.250 -999.250 -999.250 -999.250 -999.250 -999.250 -999.250 -999.250 -999.250 -999.250 -999.250 -999.250 -999.250
1262.325 1237.622 1255.264 1314.801 1348.418 1310.798 1232.908 1242.144 1284.624 1257.999 1262.493 1305.138 1264.751 1333.811 1357.553 1485.332 1549.182 1682.318 1758.640 1801.228 1891.681 1999.383 2108.034 2146.700 2198.016 2319.062 2315.588 2275.047 2204.530 2108.666 1952.644 1997.771 1924.664 1849.372 1831.018 1896.710 1904.416 1900.990 1913.268 1896.744 1911.648 1970.007 2001.275 1912.072 -999.250 -999.250 -999.250 -999.250 -999.250 -999.250 -999.250 -999.250 -999.250 -999.250 -999.250 -999.250 -999.250 -999.250 -999.250 -999.250 -999.250 -999.250 -999.250
1312.597 1318.416 1329.686 1410.052 1433.082 1392.971 1394.728 1378.076 1414.371 1358.776 1393.617 1386.101 1428.693 1442.277 1525.691 1612.070 1655.817 1748.026 1879.200 1994.944 2046.115 2212.041 2273.643 2272.205 2342.227 2409.683 2405.606 2407.935 2266.687 2183.443 2001.355 1953.920 1874.264 1892.090 1856.564 1906.181 1901.542 1888.551 1895.455 1925.278 1918.412 1896.616 1889.640 -999.250 -999.250 -999.250 -999.250 -999.250 -999.250 -999.250 -999.250 -999.250 -999.250 -999.250 -999.250 -999.250 -999.250 -999.250 -999.250 -999.250 -999.250 -999.250 -999.250
1368.714 1402.543 1463.995 1486.768 1488.415 1527.048 1508.470 1549.216 1514.913 1501.549 1492.271 1522.987 1541.941 1578.434 1667.424 1748.199 1775.545 1819.561 1999.277 2153.796 2309.868 2270.430 2368.502 2462.702 2420.029 2591.316 2479.624 2514.873 2433.694 2165.744 1982.054 1898.004 1916.469 1862.429 1837.509 1881.641 1851.724 1892.739 1841.103 1890.101 1893.404 1880.551 -999.250 -999.250 -999.250 -999.250 -999.250 -999.250 -999.250 -999.250 -999.250 -999.250 -999.250 -999.250 -999.250 -999.250 -999.250 -999.250 -999.250 -999.250 -999.250 -999.250 -999.250
1434.188 1485.710 1528.508 1533.533 1568.557 1556.895 1575.338 1591.629 1603.787 1554.049 1495.346 1586.757 1621.541 1688.643 1763.160 1849.574 1842.753 1858.326 2048.659 2272.962 2370.527 2388.629 2509.717 2508.019 2552.795 2636.117 2639.041 2642.518 2327.347 2077.458 1940.257 1868.770 1892.027 1877.565 1858.137 1855.726 1813.344 1844.638 1825.886 1891.733 1849.525 1822.865 -999.250 -999.250 -999.250 -999.250 -999.250 -999.250 -999.250 -999.250 -999.250 -999.250 -999.250 -999.250 -999.250 -999.250 -999.250 -999.250 -999.250 -999.250 -999.250 -999.250 -999.250
1522.595 1565.407 1652.939 1655.518 1658.975 1573.240 1671.081 1615.574 1637.696 1587.328 1586.291 1633.692 1681.172 1754.118 1861.179 1903.578 1898.665 1944.462 2161.430 2220.089 2311.812 2431.143 2549.732 2435.088 2462.699 2440.813 2386.497 2332.787 2138.441 2037.833 1921.635 1829.686 1857.028 1809.215 1736.836 1758.744 1802.919 1828.089 1847.752 1838.317 -999.250 -999.250 -999.250 -999.250 -999.250 -999.250 -999.250 -999.250 -999.250 -999.250 -999.250 -999.250 -999.250 -999.250 -999.250 -999.250 -999.250 -999.250 -999.250 -999.250 -999.250 -999.250 -999.250
1632.109 1661.591 1689.187 1672.259 1636.600 1666.238 1723.050 1654.862 1676.243 1651.418 1671.428 1749.044 1754.694 1885.811 1896.956 1966.156 2086.606 2096.654 2196.673 2368.082 2341.096 2375.479 2510.498 2433.872 2408.994 2415.923 2316.807 2109.006 1854.754 1874.185 1858.096 1838.474 1831.632 1774.883 1771.258 1765.542 1800.199 1855.627 1818.615 -999.250 -999.250 -999.250 -999.250 -999.250 -999.250 -999.250 -999.250 -999.250 -999.250 -999.250 -999.250 -999.250 -999.250 -999.250 -999.250 -999.250 -999.250 -999.250 -999.250 -999.250 -999.250 -999.250 -999.250
1742.604 1772.027 1804.273 1766.368 1756.633 1729.690 1719.422 1751.548 1706.372 1678.361 1789.133 1844.926 1852.676 1909.835 2012.915 2084.064 2160.739 2350.245 2363.982 2310.628 2378.590 2382.293 2477.365 2503.456 2328.275 2230.181 2228.713 1993.576 1896.063 1856.627 1826.215 1816.834 1761.479 1730.973 1729.063 1690.315 1755.143 1836.485 -999.250 -999.250 -999.250 -999.250 -999.250 -999.250 -999.250 -999.250 -999.250 -999.250 -999.250 -999.250 -999.250 -999.250 -999.250 -999.250 -999.250 -999.250 -999.250 -999.250 -999.250 -999.250 -999.250 -999.250 -999.250
1703.280 1761.129 1815.838 1729.565 1710.724 1743.601 1770.688 1795.039 1740.105 1765.321 1806.580 1912.377 1955.808 1966.853 2119.988 2217.138 2237.581 2369.785 2402.974 2335.076 2527.540 2585.053 2409.606 2360.983 2302.063 2130.423 2163.740 2012.015 1917.106 1858.497 1818.577 1779.929 1696.978 1713.053 1703.629 1667.977 1740.854 -999.250 -999.250 -999.250 -999.250 -999.250 -999.250 -999.250 -999.250 -999.250 -999.250 -999.250 -999.250 -999.250 -999.250 -999.250 -999.250 -999.250 -999.250 -999.250 -999.250 -999.250 -999.250 -999.250 -999.250 -999.250 -999.250
1773.272 1721.482 1747.426 1747.365 1699.515 1717.891 1753.875 1804.589 1808.445 1790.043 1789.094 1842.260 1897.104 2061.034 2186.090 2239.975 2244.221 2391.911 2375.550 2410.914 2432.552 2438.119 2395.795 2418.620 2199.029 2078.948 2090.396 2033.258 1943.552 1876.272 1780.257 1762.201 1700.437 1698.302 1722.708 -999.250 -999.250 -999.250 -999.250 -999.250 -999.250 -999.250 -999.250 -999.250 -999.250 -999.250 -999.250 -999.250 -999.250 -999.250 -999.250 -999.250 -999.250 -999.250 -999.250 -999.250 -999.250 -999.250 -999.250 -999.250 -999.250 -999.250 -999.250
1728.033 1730.955 1768.675 1701.425 1708.458 1676.432 1719.075 1751.962 1746.703 1784.764 1796.095 1899.810 1975.870 2063.229 2055.079 2309.438 2313.122 2278.958 2345.447 2384.230 2431.870 2489.631 2430.676 2402.340 2214.306 2122.296 2029.135 2086.113 1904.001 1883.867 1814.789 1764.106 1754.201 1695.035 1654.083 -999.250 -999.250 -999.250 -999.250 -999.250 -999.250 -999.250 -999.250 -999.250 -999.250 -999.250 -999.250 -999.250 -999.250 -999.250 -999.250 -999.250 -999.250 -999.250 -999.250 -999.250 -999.250 -999.250 -999.250 -999.250 -999.250 -999.250 -999.250
1719.500 1722.130 1719.591 1718.607 1727.131 1686.013 1728.394 1712.445 1745.392 1809.537 1864.902 1850.378 1905.806 1983.765 2161.316 2228.580 2347.314 2273.933 2276.852 2411.516 2456.381 2463.751 2362.531 2330.251 2249.669 2139.275 2050.323 2001.858 1878.710 1829.260 1843.253 1736.171 1740.521 1678.495 -999.250 -999.250 -999.250 -999.250 -999.250 -999.250 -999.250 -999.250 -999.250 -999.250 -999.250 -999.250 -999.250 -999.250 -999.250 -999.250 -999.250 -999.250 -999.250 -999.250 -999.250 -999.250 -999.250 -999.250 -999.250 -999.250 -999.250 -999.250 -999.250
1688.139 1651.768 1718.530 1694.620 1680.143 1666.628 1673.958 1705.148 1766.210 1840.276 1831.573 1857.713 1910.956 1983.407 2094.078 2267.818 2188.745 2302.261 2345.209 2385.726 2407.879 2472.468 2324.601 2346.524 2207.402 2084.945 2022.281 1946.604 1906.543 1821.442 1739.015 1705.072 1686.342 1644.169 -999.250 -999.250 -999.250 -999.250 -999.250 -999.250 -999.250 -999.250 -999.250 -999.250 -999.250 -999.250 -999.250 -999.250 -999.250 -999.250 -999.250 -999.250 -999.250 -999.250 -999.250 -999.250 -999.250 -999.250 -999.250 -999.250 -999.250 -999.250 -999.250
1689.633 1658.851 1705.455 1592.713 1637.334 1623.966 1650.366 1649.437 1716.640 1787.054 1817.193 1817.229 1922.672 1961.509 2147.159 2123.445 2202.818 2270.338 2325.104 2347.763 2487.014 2334.847 2388.703 2342.128 2189.015 2115.281 2024.291 1961.561 1859.710 1821.969 1777.759 1694.739 1709.714 1736.501 -999.250 -999.250 -999.250 -999.250 -999.250 -999.250 -999.250 -999.250 -999.250 -999.250 -999.250 -999.250 -999.250 -999.250 -999.250 -999.250 -999.250 -999.250 -999.250 -999.250 -999.250 -999.250 -999.250 -999.250 -999.250 -999.250 -999.250 -999.250 -999.250
1720.701 1666.074 1645.082 1557.867 1585.638 1605.752 1608.043 1644.656 1695.994 1769.241 1768.192 1845.377 1985.340 1932.972 1992.717 2116.736 2173.997 2137.653 2284.630 2287.710 2336.947 2326.672 2368.978 2242.531 2195.829 2098.035 1973.873 1885.324 1862.634 1811.271 1716.465 1689.668 1659.122 1629.406 -999.250 -999.250 -999.250 -999.250 -999.250 -999.250 -999.250 -999.250 -999.250 -999.250 -999.250 -999.250 -999.250 -999.250 -999.250 -999.250 -999.250 -999.250 -999.250 -999.250 -999.250 -999.250 -999.250 -999.250 -999.250 -999.250 -999.250 -999.250 -999.250
1686.900 1646.507 1557.517 1531.672 1540.260 1539.028 1530.231 1562.351 1636.399 1696.802 1738.953 1800.969 1915.042 1892.103 1910.712 1978.799 2019.259 2022.233 2095.883 2145.084 2263.279 2251.454 2269.582 2270.717 2102.682 2017.293 1945.298 1983.173 1837.925 1770.895 1747.494 1647.756 1616.211 1574.201 1532.058 -999.250 -999.250 -999.250 -999.250 -999.250 -999.250 -999.250 -999.250 -999.250 -999.250 -999.250 -999.250 -999.250 -999.250 -999.250 -999.250 -999.250 -999.250 -999.250 -999.250 -999.250 -999.250 -999.250 -999.250 -999.250 -999.250 -999.250 -999.250
