data/medianmodel_10-Dec-2020.asc
ncols	141
nrows	288
xllcorner	-120191.398
yllcorner	-301404.813
cellsize	2000.000
NODATA_value	-999.250
[rows 145 to 173 of 288, columns 64 to 127 of 141]
545.168 658.739 807.916 906.283 977.324 1031.776 1044.920 1090.318 1114.776 1110.761 1072.728 1084.772 1047.663 1077.386 1141.516 1145.823 1183.617 1187.923 1215.451 1292.375 1326.418 1379.335 1436.963 1510.788 1645.308 1604.161 1644.288 -999.250 -999.250 -999.250 -999.250 -999.250 -999.250 -999.250 -999.250 -999.250 -999.250 -999.250 -999.250 -999.250 -999.250 -999.250 -999.250 -999.250 -999.250 -999.250 -999.250 -999.250 -999.250 -999.250 -999.250 -999.250 -999.250 -999.250 -999.250 -999.250 -999.250 -999.250 -999.250 -999.250 -999.250 -999.250 -999.250 -999.250
639.583 745.155 895.295 1009.988 1089.588 1153.501 1233.675 1186.875 1158.828 1193.160 1188.888 1151.998 1178.199 1209.808 1255.266 1207.833 1300.264 1324.992 1352.074 1379.630 1377.744 1420.051 1509.733 1580.357 1682.666 1724.155 1724.978 1769.609 -999.250 -999.250 -999.250 -999.250 -999.250 -999.250 -999.250 -999.250 -999.250 -999.250 -999.250 -999.250 -999.250 -999.250 -999.250 -999.250 -999.250 -999.250 -999.250 -999.250 -999.250 -999.250 -999.250 -999.250 -999.250 -999.250 -999.250 -999.250 -999.250 -999.250 -999.250 -999.250 -999.250 -999.250 -999.250 -999.250
707.557 863.144 968.170 1108.866 1235.265 1370.892 1353.282 1311.379 1318.268 1293.219 1313.718 1316.848 1303.658 1299.253 1315.325 1303.027 1338.027 1382.806 1439.964 1443.100 1469.780 1508.034 1535.955 1711.215 1849.052 1774.475 1743.402 1819.389 -999.250 -999.250 -999.250 -999.250 -999.250 -999.250 -999.250 -999.250 -999.250 -999.250 -999.250 -999.250 -999.250 -999.250 -999.250 -999.250 -999.250 -999.250 -999.250 -999.250 -999.250 -999.250 -999.250 -999.250 -999.250 -999.250 -999.250 -999.250 -999.250 -999.250 -999.250 -999.250 -999.250 -999.250 -999.250 -999.250
784.210 914.628 1044.731 1118.973 1291.630 1471.039 1421.198 1393.333 1379.125 1365.517 1414.704 1354.711 1350.918 1340.530 1363.355 1378.156 1395.539 1433.677 1476.673 1490.708 1594.309 1563.456 1666.959 1654.878 1825.106 1827.142 1849.949 1840.580 1843.861 1828.673 1790.968 -999.250 -999.250 -999.250 -999.250 -999.250 -999.250 -999.250 -999.250 -999.250 -999.250 -999.250 -999.250 -999.250 -999.250 -999.250 -999.250 -999.250 -999.250 -999.250 -999.250 -999.250 -999.250 -999.250 -999.250 -999.250 -999.250 -999.250 -999.250 -999.250 -999.250 -999.250 -999.250 -999.250
775.106 932.148 1078.275 1155.351 1253.668 1397.468 1405.037 1406.369 1419.224 1381.858 1380.301 1390.686 1411.630 1388.894 1401.675 1459.072 1458.647 1501.373 1518.301 1567.876 1666.539 1695.089 1731.712 1806.430 1790.901 1892.539 1946.928 1971.997 1911.348 2043.626 1976.184 1789.635 -999.250 -999.250 -999.250 -999.250 -999.250 -999.250 -999.250 -999.250 -999.250 -999.250 -999.250 -999.250 -999.250 -999.250 -999.250 -999.250 -999.250 -999.250 -999.250 -999.250 -999.250 -999.250 -999.250 -999.250 -999.250 -999.250 -999.250 -999.250 -999.250 -999.250 -999.250 -999.250
771.459 896.851 1014.353 1152.013 1239.791 1320.687 1358.230 1409.290 1393.135 1414.539 1366.221 1428.439 1389.089 1444.104 1445.952 1497.172 1524.651 1534.796 1559.101 1573.764 1698.897 1803.984 1880.088 1880.990 1898.591 1970.803 2043.836 2073.654 2090.567 2116.716 2105.777 -999.250 -999.250 -999.250 -999.250 -999.250 -999.250 -999.250 -999.250 -999.250 -999.250 -999.250 -999.250 -999.250 -999.250 -999.250 -999.250 -999.250 -999.250 -999.250 -999.250 -999.250 -999.250 -999.250 -999.250 -999.250 -999.250 -999.250 -999.250 -999.250 -999.250 -999.250 -999.250 -999.250
701.742 819.333 951.411 1025.955 1097.541 1265.071 1324.071 1349.436 1410.907 1412.710 1370.761 1446.343 1393.568 1451.629 1447.105 1521.360 1575.177 1596.241 1622.290 1587.675 1643.407 1651.989 1791.065 1920.713 1916.186 2025.785 2133.363 2145.191 2152.862 2133.511 2132.858 -999.250 -999.250 -999.250 -999.250 -999.250 -999.250 -999.250 -999.250 -999.250 -999.250 -999.250 -999.250 -999.250 -999.250 -999.250 -999.250 -999.250 -999.250 -999.250 -999.250 -999.250 -999.250 -999.250 -999.250 -999.250 -999.250 -999.250 -999.250 -999.250 -999.250 -999.250 -999.250 -999.250
672.678 813.925 923.408 975.630 1119.063 1147.735 1256.781 1330.447 1365.943 1436.329 1388.439 1438.535 1525.526 1491.567 1624.001 1528.574 1602.447 1681.288 1670.413 1646.306 1658.111 1702.188 1828.692 1885.966 2085.738 2045.074 2132.255 2176.913 2190.443 2175.326 2140.218 -999.250 -999.250 -999.250 -999.250 -999.250 -999.250 -999.250 -999.250 -999.250 -999.250 -999.250 -999.250 -999.250 -999.250 -999.250 -999.250 -999.250 -999.250 -999.250 -999.250 -999.250 -999.250 -999.250 -999.250 -999.250 -999.250 -999.250 -999.250 -999.250 -999.250 -999.250 -999.250 -999.250
634.819 712.154 850.714 944.813 1015.588 1104.598 1202.044 1239.644 1307.461 1363.153 1376.528 1462.725 1489.847 1572.724 1561.837 1613.566 1605.178 1731.307 1667.191 1701.640 1738.873 1720.813 1815.467 1886.253 1984.852 2103.410 2136.593 2184.053 2212.938 2184.088 2136.694 -999.250 -999.250 -999.250 -999.250 -999.250 -999.250 -999.250 -999.250 -999.250 -999.250 -999.250 -999.250 -999.250 -999.250 -999.250 -999.250 -999.250 -999.250 -999.250 -999.250 -999.250 -999.250 -999.250 -999.250 -999.250 -999.250 -999.250 -999.250 -999.250 -999.250 -999.250 -999.250 -999.250
557.964 637.853 742.469 846.019 938.828 1014.993 1117.061 1192.436 1263.043 1315.658 1322.801 1418.063 1460.305 1464.132 1485.733 1568.315 1656.385 1619.726 1573.387 1731.708 1701.737 1715.960 1807.742 1795.350 1840.961 1930.093 2068.302 2143.535 2229.617 2153.468 1923.443 -999.250 -999.250 -999.250 -999.250 -999.250 -999.250 -999.250 -999.250 -999.250 -999.250 -999.250 -999.250 -999.250 -999.250 -999.250 -999.250 -999.250 -999.250 -999.250 -999.250 -999.250 -999.250 -999.250 -999.250 -999.250 -999.250 -999.250 -999.250 -999.250 -999.250 -999.250 -999.250 -999.250
516.641 582.533 691.613 770.109 881.093 958.131 1041.985 1129.105 1205.309 1199.976 1260.315 1362.572 1399.119 1439.931 1456.902 1478.652 1580.429 1572.944 1557.291 1640.095 1630.849 1609.472 1586.529 1568.793 1686.153 1779.364 1784.427 1854.886 1978.528 1984.173 1844.749 -999.250 -999.250 -999.250 -999.250 -999.250 -999.250 -999.250 -999.250 -999.250 -999.250 -999.250 -999.250 -999.250 -999.250 -999.250 -999.250 -999.250 -999.250 -999.250 -999.250 -999.250 -999.250 -999.250 -999.250 -999.250 -999.250 -999.250 -999.250 -999.250 -999.250 -999.250 -999.250 -999.250
441.079 519.623 602.770 689.443 808.421 913.167 988.857 1076.656 1123.806 1172.517 1158.291 1286.925 1382.023 1378.210 1465.037 1510.283 1494.724 1528.820 1569.450 1566.186 1579.397 1582.474 1502.731 1528.283 1522.318 1445.339 1486.430 1527.790 1612.701 1617.108 1670.422 1605.778 -999.250 -999.250 -999.250 -999.250 -999.250 -999.250 -999.250 -999.250 -999.250 -999.250 -999.250 -999.250 -999.250 -999.250 -999.250 -999.250 -999.250 -999.250 -999.250 -999.250 -999.250 -999.250 -999.250 -999.250 -999.250 -999.250 -999.250 -999.250 -999.250 -999.250 -999.250 -999.250
383.358 453.045 521.141 628.496 678.429 809.859 941.702 1003.663 1088.809 1182.933 1156.996 1203.670 1325.969 1330.791 1418.623 1410.011 1480.000 1475.311 1492.886 1529.376 1543.222 1536.174 1483.314 1426.678 1377.010 1347.173 1333.304 1361.882 1363.272 1426.635 1383.469 1412.353 1373.478 -999.250 -999.250 -999.250 -999.250 -999.250 -999.250 -999.250 -999.250 -999.250 -999.250 -999.250 -999.250 -999.250 -999.250 -999.250 -999.250 -999.250 -999.250 -999.250 -999.250 -999.250 -999.250 -999.250 -999.250 -999.250 -999.250 -999.250 -999.250 -999.250 -999.250 -999.250
301.826 375.756 423.147 466.730 618.559 708.975 837.038 921.974 952.632 1023.175 1054.053 1193.511 1199.286 1257.917 1283.956 1316.238 1368.432 1408.762 1527.902 1565.995 1494.612 1450.652 1403.915 1326.456 1251.630 1150.905 1014.793 1152.179 1221.734 1283.340 1238.544 1224.186 1240.596 1222.561 -999.250 -999.250 -999.250 -999.250 -999.250 -999.250 -999.250 -999.250 -999.250 -999.250 -999.250 -999.250 -999.250 -999.250 -999.250 -999.250 -999.250 -999.250 -999.250 -999.250 -999.250 -999.250 -999.250 -999.250 -999.250 -999.250 -999.250 -999.250 -999.250 -999.250
222.143 245.583 327.469 427.210 516.177 633.764 726.846 835.745 865.535 956.787 1042.921 1101.002 1174.708 1159.415 1241.345 1295.996 1326.952 1324.829 1413.991 1413.550 1372.860 1340.296 1309.500 1261.414 1130.335 1053.024 994.212 1012.282 1032.264 1091.981 1095.763 1136.625 1174.022 1046.377 -999.250 -999.250 -999.250 -999.250 -999.250 -999.250 -999.250 -999.250 -999.250 -999.250 -999.250 -999.250 -999.250 -999.250 -999.250 -999.250 -999.250 -999.250 -999.250 -999.250 -999.250 -999.250 -999.250 -999.250 -999.250 -999.250 -999.250 -999.250 -999.250 -999.250
146.253 140.056 244.860 384.761 446.336 562.457 659.960 721.903 852.520 954.437 1007.878 1037.085 1066.338 1064.646 1166.725 1240.966 1242.809 1286.147 1330.582 1292.684 1295.948 1246.079 1205.681 1170.896 1089.825 1061.209 954.250 962.402 952.819 985.358 1034.243 992.000 1038.762 981.742 -999.250 -999.250 -999.250 -999.250 -999.250 -999.250 -999.250 -999.250 -999.250 -999.250 -999.250 -999.250 -999.250 -999.250 -999.250 -999.250 -999.250 -999.250 -999.250 -999.250 -999.250 -999.250 -999.250 -999.250 -999.250 -999.250 -999.250 -999.250 -999.250 -999.250
123.468 148.284 222.151 320.800 414.541 484.510 607.452 691.125 764.960 868.618 936.895 986.673 997.535 1057.555 1085.820 1132.307 1164.396 1238.846 1246.188 1252.240 1229.224 1162.418 1106.758 1104.781 987.793 965.708 949.466 919.582 933.211 921.616 948.335 939.515 906.325 914.395 -999.250 -999.250 -999.250 -999.250 -999.250 -999.250 -999.250 -999.250 -999.250 -999.250 -999.250 -999.250 -999.250 -999.250 -999.250 -999.250 -999.250 -999.250 -999.250 -999.250 -999.250 -999.250 -999.250 -999.250 -999.250 -999.250 -999.250 -999.250 -999.250 -999.250
125.905 160.996 211.784 290.602 382.209 449.533 535.883 618.231 716.282 820.857 903.869 912.323 908.677 948.653 1014.219 998.636 1017.340 1078.673 1115.525 1075.614 1030.329 1040.907 982.446 965.027 951.609 928.122 881.569 868.910 873.911 848.613 879.139 862.844 810.066 748.852 -999.250 -999.250 -999.250 -999.250 -999.250 -999.250 -999.250 -999.250 -999.250 -999.250 -999.250 -999.250 -999.250 -999.250 -999.250 -999.250 -999.250 -999.250 -999.250 -999.250 -999.250 -999.250 -999.250 -999.250 -999.250 -999.250 -999.250 -999.250 -999.250 -999.250
141.180 156.479 221.152 277.319 369.215 421.689 470.405 571.015 652.062 734.423 818.616 765.592 792.360 890.899 933.745 919.080 928.504 979.463 980.753 968.672 974.767 954.854 939.073 925.669 868.032 895.588 895.482 852.067 821.994 792.873 730.360 728.074 681.210 668.468 642.626 -999.250 -999.250 -999.250 -999.250 -999.250 -999.250 -999.250 -999.250 -999.250 -999.250 -999.250 -999.250 -999.250 -999.250 -999.250 -999.250 -999.250 -999.250 -999.250 -999.250 -999.250 -999.250 -999.250 -999.250 -999.250 -999.250 -999.250 -999.250 -999.250
139.734 160.052 215.363 261.858 345.488 400.218 453.537 491.370 560.702 628.878 643.855 692.203 710.336 777.229 800.153 861.756 877.413 919.026 881.469 885.377 892.024 886.475 889.252 860.520 800.302 827.785 820.909 747.732 752.264 730.335 697.566 677.845 630.989 600.186 562.155 500.373 -999.250 -999.250 -999.250 -999.250 -999.250 -999.250 -999.250 -999.250 -999.250 -999.250 -999.250 -999.250 -999.250 -999.250 -999.250 -999.250 -999.250 -999.250 -999.250 -999.250 -999.250 -999.250 -999.250 -999.250 -999.250 -999.250 -999.250 -999.250
142.212 177.628 216.034 263.379 306.091 351.028 407.186 448.137 495.636 507.466 578.646 574.171 638.844 682.058 694.107 765.795 788.731 845.992 797.702 826.144 848.219 860.766 830.240 796.441 809.691 764.781 807.767 766.292 709.966 681.003 655.724 607.071 551.006 500.105 470.561 435.232 411.763 409.145 372.534 -999.250 -999.250 -999.250 -999.250 -999.250 -999.250 -999.250 -999.250 -999.250 -999.250 -999.250 -999.250 -999.250 -999.250 -999.250 -999.250 -999.250 -999.250 -999.250 -999.250 -999.250 -999.250 -999.250 -999.250 -999.250
146.124 167.313 213.097 254.035 293.144 342.144 371.926 413.585 451.029 456.360 493.816 523.924 536.272 595.489 633.953 677.227 683.041 686.488 713.673 728.983 748.680 821.802 775.504 764.747 742.654 726.386 754.829 714.781 680.880 628.600 608.720 518.431 478.059 425.867 389.706 372.240 347.952 344.926 319.621 -999.250 -999.250 -999.250 -999.250 -999.250 -999.250 -999.250 -999.250 -999.250 -999.250 -999.250 -999.250 -999.250 -999.250 -999.250 -999.250 -999.250 -999.250 -999.250 -999.250 -999.250 -999.250 -999.250 -999.250 -999.250
144.022 175.545 206.812 238.306 255.385 304.413 367.413 393.727 395.782 429.068 433.592 454.311 460.868 478.916 494.747 541.802 587.239 591.116 640.978 670.657 702.932 681.748 719.381 729.417 701.357 718.669 739.031 734.126 670.461 606.791 513.795 462.409 415.170 364.237 309.357 277.066 276.584 257.733 -999.250 -999.250 -999.250 -999.250 -999.250 -999.250 -999.250 -999.250 -999.250 -999.250 -999.250 -999.250 -999.250 -999.250 -999.250 -999.250 -999.250 -999.250 -999.250 -999.250 -999.250 -999.250 -999.250 -999.250 -999.250 -999.250
135.516 163.412 189.707 215.385 248.732 264.612 323.596 327.342 369.073 396.269 395.452 389.220 394.258 408.191 428.978 449.435 451.249 465.391 507.114 541.765 586.420 643.428 680.865 683.041 720.360 722.253 719.050 673.878 663.900 582.370 491.386 418.549 384.208 282.334 243.928 232.216 216.141 226.000 -999.250 -999.250 -999.250 264.649 269.743 260.401 -999.250 -999.250 -999.250 -999.250 -999.250 -999.250 -999.250 -999.250 -999.250 -999.250 -999.250 -999.250 -999.250 -999.250 -999.250 -999.250 -999.250 -999.250 -999.250 -999.250
125.847 151.219 175.837 214.255 227.692 267.341 280.887 287.658 312.116 335.050 344.615 331.245 333.065 320.076 356.114 367.147 373.869 394.951 426.715 498.833 524.010 560.296 615.433 657.078 699.080 691.843 703.047 682.810 647.511 588.239 492.867 414.289 334.962 259.032 177.305 194.999 186.415 193.169 208.334 201.196 216.384 227.825 241.063 241.156 244.500 -999.250 -999.250 -999.250 -999.250 -999.250 -999.250 -999.250 -999.250 -999.250 -999.250 -999.250 -999.250 -999.250 -999.250 -999.250 -999.250 -999.250 -999.250 -999.250
125.017 140.798 164.680 203.023 209.312 244.325 259.006 251.644 272.541 281.517 278.427 267.306 261.972 254.239 271.877 277.670 268.998 309.980 381.943 428.445 464.185 511.842 582.662 613.609 660.903 687.327 696.504 687.793 641.181 567.278 486.215 422.671 311.237 250.138 200.765 166.253 160.990 168.553 181.565 177.544 194.092 201.389 216.788 215.900 216.704 223.779 -999.250 -999.250 -999.250 -999.250 -999.250 -999.250 -999.250 -999.250 -999.250 -999.250 -999.250 -999.250 -999.250 -999.250 -999.250 -999.250 -999.250 -999.250
113.348 130.128 139.544 171.684 194.964 207.985 217.443 231.893 226.016 231.245 242.678 222.104 208.299 205.154 214.150 218.986 226.680 250.011 314.359 371.548 438.016 482.441 490.729 551.675 640.860 661.157 696.802 706.665 639.988 542.905 493.563 407.280 316.360 249.052 211.655 153.831 155.208 156.733 150.418 152.378 181.841 173.822 190.897 200.476 225.347 219.534 -999.250 -999.250 -999.250 -999.250 -999.250 -999.250 -999.250 -999.250 -999.250 -999.250 -999.250 -999.250 -999.250 -999.250 -999.250 -999.250 -999.250 -999.250
109.042 121.822 127.671 138.633 160.333 176.898 171.328 186.874 182.798 166.851 171.911 175.363 157.343 166.150 161.660 168.683 197.480 221.343 260.390 325.604 406.027 429.815 491.265 534.529 586.624 608.359 681.815 739.496 661.281 555.630 456.551 387.905 311.373 248.739 221.988 171.247 158.780 154.841 148.040 145.319 166.362 163.525 175.498 187.695 203.497 208.282 -999.250 -999.250 -999.250 -999.250 -999.250 -999.250 -999.250 -999.250 -999.250 -999.250 -999.250 -999.250 -999.250 -999.250 -999.250 -999.250 -999.250 -999.250
107.618 114.039 114.491 120.165 134.389 143.624 145.052 141.679 141.158 132.553 132.571 128.398 123.161 117.126 121.275 135.963 150.730 189.588 235.587 295.435 348.107 417.188 446.667 474.148 535.940 563.527 617.839 656.757 625.771 542.151 440.346 381.617 314.162 254.676 219.130 197.275 152.779 142.634 143.158 139.724 147.674 144.670 155.956 170.697 185.459 205.240 207.679 -999.250 -999.250 -999.250 -999.250 -999.250 -999.250 -999.250 -999.250 -999.250 -999.250 -999.250 -999.250 -999.250 -999.250 -999.250 -999.250 -999.250
