data/medianmodel_16-Sep-2020.asc
ncols	141
nrows	288
xllcorner	-120191.398
yllcorner	-301404.813
cellsize	2000.000
NODATA_value	-999.250
[rows 93 to 123 of 288, columns 0 to 67 of 141]
-999.250 -999.250 -999.250 -999.250 -999.250 -999.250 -999.250 -999.250 -999.250 -999.250 -999.250 -999.250 -999.250 -999.250 -999.250 -999.250 -999.250 -999.250 -999.250 -999.250 -999.250 -999.250 -999.250 -999.250 -999.250 -999.250 -999.250 -999.250 -999.250 -999.250 -999.250 7.642 4.509 2.389 4.617 5.676 9.281 15.489 19.768 22.094 23.077 24.558 24.194 21.876 20.587 21.120 25.680 18.160 17.582 16.663 15.438 15.787 16.560 12.022 10.549 8.477 9.693 12.647 12.375 15.688 17.972 17.185 16.387 11.907 11.978 9.172 3.356 3.419
-999.250 -999.250 -999.250 -999.250 -999.250 -999.250 -999.250 -999.250 -999.250 -999.250 -999.250 -999.250 -999.250 -999.250 -999.250 -999.250 -999.250 -999.250 -999.250 -999.250 -999.250 -999.250 -999.250 -999.250 -999.250 -999.250 -999.250 -999.250 -999.250 -999.250 -999.250 9.654 6.360 2.357 4.302 10.376 16.647 21.576 25.748 32.632 33.684 32.140 23.978 23.178 21.258 18.563 17.894 18.958 16.024 18.993 21.116 21.506 19.366 16.433 13.941 14.254 12.572 11.667 15.726 19.150 20.091 19.099 17.986 11.885 9.315 5.577 0.261 0.000
-999.250 -999.250 -999.250 -999.250 -999.250 -999.250 -999.250 -999.250 -999.250 -999.250 -999.250 -999.250 -999.250 -999.250 -999.250 -999.250 -999.250 -999.250 -999.250 -999.250 -999.250 -999.250 -999.250 -999.250 -999.250 -999.250 -999.250 -999.250 -999.250 -999.250 -999.250 11.800 9.472 9.890 8.452 15.919 21.745 31.048 41.844 43.384 42.756 40.292 35.293 26.095 18.935 15.041 12.049 14.066 18.197 22.223 27.076 25.075 29.205 24.620 19.917 17.695 12.061 13.400 20.331 24.760 25.313 22.458 18.464 13.092 9.331 3.433 0.000 0.000
-999.250 -999.250 -999.250 -999.250 -999.250 -999.250 -999.250 -999.250 -999.250 -999.250 -999.250 -999.250 -999.250 -999.250 -999.250 -999.250 -999.250 -999.250 -999.250 -999.250 -999.250 -999.250 -999.250 -999.250 -999.250 -999.250 -999.250 -999.250 -999.250 -999.250 17.125 13.909 11.681 16.100 17.888 24.963 33.286 42.263 52.002 58.840 58.601 51.126 43.287 28.743 17.552 10.892 3.989 9.983 19.712 27.108 34.460 38.569 36.937 35.242 29.389 19.950 13.002 12.767 21.301 38.270 28.045 25.196 19.957 15.112 11.347 7.014 5.304 0.733
-999.250 -999.250 -999.250 -999.250 -999.250 -999.250 -999.250 -999.250 -999.250 -999.250 -999.250 -999.250 -999.250 -999.250 -999.250 -999.250 -999.250 -999.250 -999.250 -999.250 -999.250 -999.250 -999.250 -999.250 -999.250 -999.250 -999.250 -999.250 -999.250 -999.250 16.642 17.730 19.471 23.967 30.222 37.801 44.640 54.399 66.761 72.929 71.885 67.825 53.711 38.111 22.324 8.812 0.000 12.469 24.380 39.060 47.783 52.449 57.837 53.872 43.658 30.494 16.069 5.865 15.230 23.292 25.596 26.527 24.757 20.023 16.482 11.783 5.065 1.656
-999.250 -999.250 -999.250 -999.250 -999.250 -999.250 -999.250 -999.250 -999.250 -999.250 -999.250 -999.250 -999.250 -999.250 -999.250 -999.250 -999.250 -999.250 -999.250 -999.250 -999.250 -999.250 -999.250 -999.250 -999.250 -999.250 -999.250 -999.250 -999.250 -999.250 21.311 21.958 25.838 29.711 35.668 45.551 52.220 65.678 79.311 86.929 89.995 79.861 63.725 45.074 32.388 18.908 16.075 22.500 37.255 48.898 64.202 80.587 82.672 79.828 62.137 46.249 26.579 0.000 15.371 21.090 23.647 24.301 25.941 22.512 26.390 14.763 8.830 3.704
-999.250 -999.250 -999.250 -999.250 -999.250 -999.250 -999.250 -999.250 -999.250 -999.250 -999.250 -999.250 -999.250 -999.250 -999.250 -999.250 -999.250 -999.250 -999.250 -999.250 -999.250 -999.250 -999.250 -999.250 -999.250 -999.250 -999.250 -999.250 -999.250 -999.250 23.589 25.582 32.119 37.417 44.297 53.888 58.967 76.305 82.553 94.699 117.106 92.515 69.873 52.120 39.204 30.072 28.124 39.355 52.134 68.446 86.346 101.341 113.828 109.213 92.614 77.355 53.688 31.303 29.277 31.042 27.348 24.833 25.502 23.665 20.688 16.399 10.767 7.660
-999.250 -999.250 -999.250 -999.250 -999.250 -999.250 -999.250 -999.250 -999.250 -999.250 -999.250 -999.250 -999.250 -999.250 -999.250 -999.250 -999.250 -999.250 -999.250 -999.250 -999.250 -999.250 -999.250 -999.250 -999.250 -999.250 -999.250 -999.250 -999.250 19.823 23.275 28.690 33.807 41.860 48.868 61.821 67.106 83.382 85.589 88.815 94.329 88.552 73.709 56.731 44.404 39.258 40.641 50.498 67.521 85.835 105.056 139.625 143.367 155.466 135.490 107.773 83.051 60.179 48.247 43.321 36.805 30.466 29.046 25.881 19.014 14.179 13.439 7.063
-999.250 -999.250 -999.250 -999.250 -999.250 -999.250 -999.250 -999.250 -999.250 -999.250 -999.250 -999.250 -999.250 -999.250 -999.250 -999.250 -999.250 -999.250 -999.250 -999.250 -999.250 -999.250 -999.250 -999.250 -999.250 -999.250 -999.250 -999.250 -999.250 20.492 24.412 31.173 35.637 45.450 50.662 59.097 70.292 73.879 80.770 84.590 85.782 81.610 69.737 53.865 45.054 41.485 49.206 66.064 83.693 101.197 127.021 163.585 187.801 201.600 167.724 128.788 104.221 82.639 67.712 50.782 42.633 34.575 27.736 21.249 18.034 15.658 10.540 5.372
-999.250 -999.250 -999.250 -999.250 -999.250 -999.250 -999.250 -999.250 -999.250 -999.250 -999.250 -999.250 -999.250 -999.250 -999.250 -999.250 -999.250 -999.250 -999.250 -999.250 -999.250 -999.250 -999.250 -999.250 -999.250 -999.250 -999.250 -999.250 -999.250 21.277 25.115 30.879 37.794 40.736 51.504 62.375 64.513 70.743 74.662 77.278 76.929 69.622 62.308 50.064 44.170 42.936 48.562 67.610 90.556 116.816 135.463 159.388 232.137 270.191 205.713 160.086 120.392 94.729 77.074 59.765 45.582 36.950 24.890 25.433 17.758 13.695 8.950 5.190
-999.250 -999.250 -999.250 -999.250 -999.250 -999.250 -999.250 -999.250 -999.250 -999.250 -999.250 -999.250 -999.250 -999.250 -999.250 -999.250 -999.250 -999.250 -999.250 -999.250 -999.250 -999.250 -999.250 -999.250 -999.250 -999.250 -999.250 -999.250 -999.250 19.997 25.243 32.353 35.656 43.296 54.453 58.711 58.222 65.258 71.003 73.569 71.770 64.284 58.125 48.127 42.626 39.456 45.560 65.415 86.787 102.171 132.272 161.198 200.328 213.679 189.552 153.718 131.030 108.509 83.763 64.348 47.035 37.771 29.005 20.644 12.985 10.153 5.891 5.069
-999.250 -999.250 -999.250 -999.250 -999.250 -999.250 -999.250 -999.250 -999.250 -999.250 -999.250 -999.250 -999.250 -999.250 -999.250 -999.250 -999.250 -999.250 -999.250 -999.250 -999.250 -999.250 -999.250 -999.250 -999.250 -999.250 -999.250 -999.250 19.735 19.338 26.086 32.218 36.668 44.957 51.645 56.403 59.218 62.068 67.064 66.399 63.291 53.303 51.255 41.963 34.058 32.085 40.995 51.485 79.971 94.721 121.242 134.525 140.654 171.327 163.414 130.804 109.635 92.349 79.754 59.915 43.741 34.456 22.764 16.413 9.682 6.542 2.960 2.013
-999.250 -999.250 -999.250 -999.250 -999.250 -999.250 -999.250 -999.250 -999.250 -999.250 -999.250 -999.250 -999.250 -999.250 -999.250 -999.250 -999.250 -999.250 -999.250 -999.250 -999.250 -999.250 -999.250 -999.250 -999.250 -999.250 -999.250 -999.250 16.235 22.645 25.152 28.514 32.530 39.767 44.315 48.795 55.716 57.504 59.052 56.624 50.704 46.982 42.529 36.528 28.162 22.493 26.832 45.808 68.402 88.356 101.983 109.136 125.130 134.895 119.957 100.940 86.133 75.356 62.673 49.445 35.372 22.033 16.169 10.379 4.320 0.783 0.208 0.000
-999.250 -999.250 -999.250 -999.250 -999.250 -999.250 -999.250 -999.250 -999.250 -999.250 -999.250 -999.250 -999.250 -999.250 -999.250 -999.250 -999.250 -999.250 -999.250 -999.250 -999.250 -999.250 -999.250 -999.250 -999.250 -999.250 -999.250 14.711 17.276 19.627 22.535 25.060 28.992 33.639 37.346 40.333 47.205 53.604 59.467 49.576 44.763 43.408 37.164 31.581 24.342 22.260 24.216 39.908 54.050 73.500 86.470 89.962 91.297 92.735 87.230 84.810 75.535 60.461 50.586 40.280 25.996 17.959 10.340 3.610 0.000 0.000 0.000 0.000
-999.250 -999.250 -999.250 -999.250 -999.250 -999.250 -999.250 -999.250 -999.250 -999.250 -999.250 -999.250 -999.250 -999.250 -999.250 -999.250 -999.250 -999.250 -999.250 -999.250 -999.250 -999.250 -999.250 -999.250 -999.250 -999.250 -999.250 14.516 16.469 19.708 21.963 25.921 28.762 28.863 36.842 38.012 41.347 47.184 47.869 43.502 42.439 36.661 28.868 25.255 19.271 21.251 24.175 36.385 46.628 62.582 73.569 74.640 77.819 76.966 72.056 63.261 51.754 46.360 40.307 27.262 17.133 9.959 2.352 0.000 0.000 0.000 0.000 0.000
-999.250 -999.250 -999.250 -999.250 -999.250 -999.250 -999.250 -999.250 -999.250 -999.250 -999.250 -999.250 -999.250 -999.250 -999.250 -999.250 -999.250 -999.250 -999.250 -999.250 -999.250 -999.250 -999.250 -999.250 -999.250 -999.250 -999.250 13.890 14.902 16.017 20.273 24.704 27.916 27.429 30.917 37.748 38.110 41.978 42.089 40.242 36.121 29.040 26.659 22.289 18.701 17.090 20.897 31.813 44.946 51.991 57.740 63.162 62.534 57.109 54.838 46.970 37.238 35.069 25.522 17.958 11.892 3.335 0.000 0.000 0.000 0.000 0.000 0.000
-999.250 -999.250 -999.250 -999.250 -999.250 -999.250 -999.250 -999.250 -999.250 -999.250 -999.250 -999.250 -999.250 -999.250 -999.250 -999.250 -999.250 -999.250 -999.250 -999.250 -999.250 -999.250 -999.250 -999.250 -999.250 -999.250 -999.250 13.748 14.734 17.605 20.427 22.088 24.759 28.025 28.629 35.604 35.132 38.008 35.788 35.864 33.473 26.555 21.430 20.224 17.621 18.629 22.486 24.080 38.786 45.355 49.036 50.019 47.757 44.514 42.031 34.162 26.425 22.094 13.999 11.219 4.921 0.000 0.000 0.000 0.000 0.000 0.000 0.000
-999.250 -999.250 -999.250 -999.250 -999.250 -999.250 -999.250 -999.250 -999.250 -999.250 -999.250 -999.250 -999.250 -999.250 -999.250 -999.250 -999.250 -999.250 -999.250 -999.250 -999.250 -999.250 -999.250 -999.250 -999.250 -999.250 -999.250 -999.250 13.803 17.624 19.661 20.584 22.422 27.300 33.639 33.072 35.495 35.209 35.291 32.950 28.276 24.227 19.098 16.774 17.047 19.010 20.992 25.173 34.903 39.390 41.064 44.468 39.715 34.457 29.578 23.445 18.280 11.484 7.518 1.985 0.054 0.000 0.000 0.000 0.000 0.000 0.000 0.000
-999.250 -999.250 -999.250 -999.250 -999.250 -999.250 -999.250 -999.250 -999.250 -999.250 -999.250 -999.250 -999.250 -999.250 -999.250 -999.250 -999.250 -999.250 -999.250 -999.250 -999.250 -999.250 -999.250 -999.250 -999.250 -999.250 -999.250 -999.250 16.332 17.942 19.682 21.019 23.289 24.796 32.103 35.107 34.085 37.663 36.190 37.916 30.261 21.724 17.840 12.873 12.571 12.230 16.404 20.040 25.260 33.295 37.418 40.944 35.348 24.804 20.567 16.056 11.936 7.468 2.157 0.000 0.000 0.000 0.000 0.000 0.000 0.000 0.000 0.000
-999.250 -999.250 -999.250 -999.250 -999.250 -999.250 -999.250 -999.250 -999.250 -999.250 -999.250 -999.250 -999.250 -999.250 -999.250 -999.250 -999.250 -999.250 -999.250 -999.250 -999.250 -999.250 -999.250 -999.250 -999.250 -999.250 -999.250 -999.250 18.084 19.735 19.550 22.002 22.894 30.209 31.096 36.115 37.085 36.338 38.362 36.901 29.608 22.874 16.532 12.122 9.913 8.960 10.653 16.014 23.452 29.039 37.428 40.970 36.398 21.562 17.002 11.656 7.696 3.443 0.124 0.000 0.000 0.000 0.000 0.000 0.000 0.000 0.000 0.000
-999.250 -999.250 -999.250 -999.250 -999.250 -999.250 -999.250 -999.250 -999.250 -999.250 -999.250 -999.250 -999.250 -999.250 -999.250 -999.250 -999.250 -999.250 -999.250 -999.250 -999.250 -999.250 -999.250 -999.250 -999.250 -999.250 -999.250 -999.250 17.586 19.749 20.897 24.531 24.117 27.836 33.531 35.918 37.093 40.331 41.930 38.422 31.397 23.690 15.544 10.695 8.351 5.639 7.188 11.762 20.814 26.734 35.445 47.214 33.318 21.269 14.793 8.019 3.442 0.000 0.000 0.000 0.000 0.000 0.000 0.000 0.000 0.000 0.000 0.000
-999.250 -999.250 -999.250 -999.250 -999.250 -999.250 -999.250 -999.250 -999.250 -999.250 -999.250 -999.250 -999.250 -999.250 -999.250 -999.250 -999.250 -999.250 -999.250 -999.250 -999.250 -999.250 -999.250 -999.250 -999.250 -999.250 -999.250 -999.250 18.154 21.540 19.244 22.490 24.415 29.466 32.743 35.607 36.228 40.019 43.566 41.778 31.547 24.678 16.699 10.585 2.892 2.595 4.040 8.284 13.255 21.665 28.053 30.289 26.573 18.972 11.664 6.182 0.000 0.000 0.000 0.000 0.000 0.000 0.000 0.000 0.000 0.000 0.000 0.000
-999.250 -999.250 -999.250 -999.250 -999.250 -999.250 -999.250 -999.250 -999.250 -999.250 -999.250 -999.250 -999.250 -999.250 -999.250 -999.250 -999.250 -999.250 -999.250 -999.250 -999.250 -999.250 -999.250 -999.250 -999.250 -999.250 -999.250 16.824 18.579 21.975 21.733 23.645 29.159 30.527 32.660 39.221 42.490 40.494 43.269 46.729 37.193 26.135 17.874 8.218 4.308 3.745 4.098 5.716 9.886 12.787 17.520 17.986 19.078 14.056 8.204 2.926 0.454 0.000 0.000 0.000 0.000 0.000 0.000 0.000 0.000 0.011 0.000 0.000
-999.250 -999.250 -999.250 -999.250 -999.250 -999.250 -999.250 -999.250 -999.250 -999.250 -999.250 -999.250 -999.250 -999.250 -999.250 -999.250 -999.250 -999.250 -999.250 -999.250 -999.250 -999.250 -999.250 -999.250 -999.250 -999.250 -999.250 17.515 21.125 20.952 19.257 24.644 26.172 29.100 35.964 37.236 42.621 43.556 40.443 42.390 32.882 25.138 18.021 9.525 6.307 5.440 1.176 1.107 3.398 5.487 9.633 12.242 11.507 9.472 6.715 4.318 0.000 0.000 0.000 0.000 0.000 0.000 0.000 0.000 1.659 0.000 0.000 0.000
-999.250 -999.250 -999.250 -999.250 -999.250 -999.250 -999.250 -999.250 -999.250 -999.250 -999.250 -999.250 -999.250 -999.250 -999.250 -999.250 -999.250 -999.250 -999.250 -999.250 -999.250 -999.250 -999.250 -999.250 -999.250 -999.250 -999.250 17.584 19.470 20.538 26.625 26.677 34.010 33.921 38.559 37.767 42.829 42.756 39.940 39.405 32.484 21.921 14.788 8.020 7.256 3.038 0.000 0.000 0.000 0.000 1.524 5.785 8.211 5.599 3.810 0.061 0.000 0.000 0.000 0.000 0.000 0.000 0.000 1.098 1.988 1.241 0.000 2.305
-999.250 -999.250 -999.250 -999.250 -999.250 -999.250 -999.250 -999.250 -999.250 -999.250 -999.250 -999.250 -999.250 -999.250 -999.250 -999.250 -999.250 -999.250 -999.250 -999.250 -999.250 -999.250 -999.250 -999.250 -999.250 -999.250 12.354 17.631 19.313 22.338 26.784 27.498 30.010 33.508 37.862 40.795 41.733 42.380 39.646 38.370 34.011 23.308 15.047 9.189 4.549 0.619 0.000 0.000 0.000 0.000 0.000 2.293 5.005 2.820 0.000 0.000 0.000 0.000 0.000 0.000 0.000 0.000 0.000 1.718 3.350 2.651 2.749 2.744
-999.250 -999.250 -999.250 -999.250 -999.250 -999.250 -999.250 -999.250 -999.250 -999.250 -999.250 -999.250 -999.250 -999.250 -999.250 -999.250 -999.250 -999.250 -999.250 -999.250 -999.250 -999.250 -999.250 -999.250 -999.250 -999.250 17.653 16.058 18.484 23.016 22.148 30.114 30.853 34.755 39.397 41.211 40.177 41.328 39.637 38.050 32.966 22.483 15.561 10.176 6.164 0.000 0.000 0.000 0.000 0.000 0.000 0.000 0.218 1.198 0.000 0.000 0.000 0.000 0.000 0.000 0.000 0.036 4.576 4.753 6.507 4.354 7.423 7.878
-999.250 -999.250 -999.250 -999.250 -999.250 -999.250 -999.250 -999.250 -999.250 -999.250 -999.250 -999.250 -999.250 -999.250 -999.250 -999.250 -999.250 -999.250 -999.250 -999.250 -999.250 -999.250 -999.250 -999.250 -999.250 -999.250 15.383 20.167 20.156 24.550 27.334 28.114 33.031 40.580 40.738 41.127 44.029 40.992 36.236 40.381 36.462 26.810 18.090 12.440 9.209 0.098 0.000 0.000 0.000 0.000 0.000 0.000 0.000 0.000 0.000 0.000 0.000 0.000 0.000 0.000 0.765 3.635 8.164 7.810 7.081 9.228 8.950 13.771
-999.250 -999.250 -999.250 -999.250 -999.250 -999.250 -999.250 -999.250 -999.250 -999.250 -999.250 -999.250 -999.250 -999.250 -999.250 -999.250 -999.250 -999.250 -999.250 -999.250 -999.250 -999.250 -999.250 -999.250 -999.250 12.057 15.244 17.615 19.385 24.458 27.319 25.256 33.101 34.096 39.445 43.650 46.074 45.267 44.541 44.454 35.448 31.840 20.489 14.021 6.985 0.044 0.000 0.000 0.000 0.000 0.000 0.000 0.000 0.000 0.129 0.000 0.000 0.000 0.000 2.698 6.902 9.704 12.365 12.088 13.720 15.993 17.235 17.963
-999.250 -999.250 -999.250 -999.250 -999.250 -999.250 -999.250 -999.250 -999.250 -999.250 -999.250 -999.250 -999.250 -999.250 -999.250 -999.250 -999.250 -999.250 -999.250 -999.250 -999.250 -999.250 -999.250 -999.250 -999.250 11.516 15.035 18.666 19.236 21.673 24.789 25.706 27.534 33.041 40.537 43.128 48.032 47.664 48.765 45.482 35.657 28.312 20.418 13.894 6.216 1.980 0.000 0.000 0.000 0.000 0.000 0.000 0.138 0.000 0.000 0.000 0.000 0.820 3.122 7.346 13.716 17.325 22.038 16.920 21.369 23.816 24.726 25.550
-999.250 -999.250 -999.250 -999.250 -999.250 -999.250 -999.250 -999.250 -999.250 -999.250 -999.250 -999.250 -999.250 -999.250 -999.250 -999.250 -999.250 -999.250 -999.250 -999.250 -999.250 -999.250 -999.250 -999.250 -999.250 9.915 16.213 19.634 18.815 20.249 21.215 24.687 30.366 32.288 35.960 46.519 49.011 50.122 60.240 46.930 38.340 27.942 21.152 13.604 9.435 5.050 0.000 0.000 0.000 0.000 0.000 0.000 0.716 4.755 2.843 6.323 5.113 8.073 9.377 15.528 21.949 24.201 29.203 29.382 29.624 32.692 32.210 31.951
