data/medianmodel_23-Aug-2020.asc
ncols	141
nrows	288
xllcorner	-120191.398
yllcorner	-301404.813
cellsize	2000.000
NODATA_value	-999.250
[rows 31 to 61 of 288, columns 0 to 69 of 141]
-999.250 -999.250 -999.250 -999.250 -999.250 -999.250 -999.250 -999.250 -999.250 -999.250 -999.250 -999.250 -999.250 -999.250 -999.250 -999.250 -999.250 -999.250 -999.250 -999.250 -999.250 -999.250 -999.250 -999.250 -999.250 -999.250 -999.250 -999.250 -999.250 -999.250 -999.250 -999.250 6.891 2.682 0.006 0.000 0.000 0.000 0.000 0.000 1.259 3.191 4.713 6.855 9.438 13.862 17.946 21.233 25.234 26.481 25.510 23.341 20.279 21.634 27.908 14.631 8.071 2.957 0.000 0.000 0.000 0.000 0.000 0.000 0.000 0.000 0.000 0.000 0.000 0.000
-999.250 -999.250 -999.250 -999.250 -999.250 -999.250 -999.250 -999.250 -999.250 -999.250 -999.250 -999.250 -999.250 -999.250 -999.250 -999.250 -999.250 -999.250 -999.250 -999.250 -999.250 -999.250 -999.250 -999.250 -999.250 -999.250 -999.250 -999.250 -999.250 -999.250 -999.250 -999.250 11.409 8.510 5.522 3.630 2.380 1.378 3.373 4.931 7.353 6.080 6.612 8.865 9.295 11.757 16.436 19.706 22.274 22.657 19.271 18.153 17.016 17.543 18.148 13.369 7.997 5.697 1.258 0.000 0.000 0.000 0.000 0.000 0.000 0.000 0.000 0.000 0.000 0.000
-999.250 -999.250 -999.250 -999.250 -999.250 -999.250 -999.250 -999.250 -999.250 -999.250 -999.250 -999.250 -999.250 -999.250 -999.250 -999.250 -999.250 -999.250 -999.250 -999.250 -999.250 -999.250 -999.250 -999.250 -999.250 -999.250 -999.250 -999.250 -999.250 -999.250 -999.250 -999.250 19.127 20.482 12.200 8.778 7.165 6.940 6.905 11.262 18.935 11.130 9.356 8.980 8.702 10.182 12.436 17.710 28.465 19.441 15.269 14.391 13.908 12.747 12.263 10.769 8.791 5.959 4.416 1.714 0.000 0.000 0.000 0.000 0.000 0.000 0.000 0.000 0.000 0.000
-999.250 -999.250 -999.250 -999.250 -999.250 -999.250 -999.250 -999.250 -999.250 -999.250 -999.250 -999.250 -999.250 -999.250 -999.250 -999.250 -999.250 -999.250 -999.250 -999.250 -999.250 -999.250 -999.250 -999.250 -999.250 -999.250 -999.250 -999.250 -999.250 -999.250 -999.250 -999.250 27.595 23.781 18.871 15.249 14.622 13.208 13.428 14.317 15.655 13.772 11.059 10.295 8.959 9.571 11.635 13.808 15.491 14.398 11.838 11.425 10.015 9.616 9.521 8.480 7.859 7.495 6.448 5.045 2.567 0.599 0.000 0.000 0.000 0.000 0.000 0.000 0.000 0.000
-999.250 -999.250 -999.250 -999.250 -999.250 -999.250 -999.250 -999.250 -999.250 -999.250 -999.250 -999.250 -999.250 -999.250 -999.250 -999.250 -999.250 -999.250 -999.250 -999.250 -999.250 -999.250 -999.250 -999.250 -999.250 -999.250 -999.250 -999.250 -999.250 -999.250 -999.250 -999.250 36.011 32.194 29.058 27.150 23.911 23.826 21.017 20.422 18.913 15.301 12.901 10.447 8.061 8.749 9.595 9.125 9.506 8.502 6.570 7.328 7.767 6.812 7.284 8.075 7.989 8.780 8.806 8.324 6.365 3.879 1.812 0.171 0.000 0.000 0.000 0.000 0.000 0.000
-999.250 -999.250 -999.250 -999.250 -999.250 -999.250 -999.250 -999.250 -999.250 -999.250 -999.250 -999.250 -999.250 -999.250 -999.250 -999.250 -999.250 -999.250 -999.250 -999.250 -999.250 -999.250 -999.250 -999.250 -999.250 -999.250 -999.250 -999.250 -999.250 -999.250 -999.250 -999.250 46.786 45.812 41.991 40.180 33.961 32.573 30.426 26.743 25.884 20.040 16.826 11.718 10.128 8.646 7.095 5.419 5.346 5.224 4.343 4.523 5.337 5.245 5.218 7.146 9.650 10.906 12.331 12.411 12.218 8.244 6.850 4.534 1.627 0.000 0.000 0.000 0.000 0.000
-999.250 -999.250 -999.250 -999.250 -999.250 -999.250 -999.250 -999.250 -999.250 -999.250 -999.250 -999.250 -999.250 -999.250 -999.250 -999.250 -999.250 -999.250 -999.250 -999.250 -999.250 -999.250 -999.250 -999.250 -999.250 -999.250 -999.250 -999.250 -999.250 -999.250 -999.250 -999.250 -999.250 59.357 56.133 53.185 47.833 46.137 42.426 38.251 30.476 26.440 19.945 16.770 12.339 9.089 5.671 3.397 2.902 1.646 2.206 3.913 4.503 4.232 4.908 6.066 10.647 14.582 19.085 18.102 16.557 14.690 13.083 10.373 7.411 4.979 0.152 0.000 0.000 0.000
-999.250 -999.250 -999.250 -999.250 -999.250 -999.250 -999.250 -999.250 -999.250 -999.250 -999.250 -999.250 -999.250 -999.250 -999.250 -999.250 -999.250 -999.250 -999.250 -999.250 -999.250 -999.250 -999.250 -999.250 -999.250 -999.250 -999.250 -999.250 -999.250 -999.250 -999.250 -999.250 -999.250 72.375 70.782 69.103 65.854 60.538 56.231 45.550 39.665 32.967 27.477 20.563 16.143 9.784 5.120 0.238 0.000 0.000 0.372 3.506 5.078 4.672 4.311 6.484 10.479 17.431 31.211 22.661 19.198 18.815 19.073 18.509 14.377 9.210 5.313 0.875 0.000 0.000
-999.250 -999.250 -999.250 -999.250 -999.250 -999.250 -999.250 -999.250 -999.250 -999.250 -999.250 -999.250 -999.250 -999.250 -999.250 -999.250 -999.250 -999.250 -999.250 -999.250 -999.250 -999.250 -999.250 -999.250 -999.250 -999.250 -999.250 -999.250 -999.250 -999.250 -999.250 -999.250 87.040 92.847 89.563 87.852 82.934 74.962 67.677 58.858 49.051 42.035 32.061 25.857 20.153 13.186 6.368 0.641 0.000 0.000 0.000 3.602 12.475 5.851 2.527 4.295 7.563 13.035 19.225 19.020 20.995 23.467 26.297 27.474 22.883 14.203 8.159 4.326 1.777 0.000
-999.250 -999.250 -999.250 -999.250 -999.250 -999.250 -999.250 -999.250 -999.250 -999.250 -999.250 -999.250 -999.250 -999.250 -999.250 -999.250 -999.250 -999.250 -999.250 -999.250 -999.250 -999.250 -999.250 -999.250 -999.250 -999.250 -999.250 -999.250 -999.250 -999.250 -999.250 -999.250 101.994 104.197 103.257 103.648 100.962 96.349 80.457 69.624 59.602 49.537 40.327 33.243 27.963 15.653 6.335 0.000 0.000 0.000 0.000 0.176 3.565 0.473 0.752 2.125 4.231 7.273 13.340 16.249 18.370 22.499 29.602 42.017 26.765 16.579 11.365 6.995 3.742 0.000
-999.250 -999.250 -999.250 -999.250 -999.250 -999.250 -999.250 -999.250 -999.250 -999.250 -999.250 -999.250 -999.250 -999.250 -999.250 -999.250 -999.250 -999.250 -999.250 -999.250 -999.250 -999.250 -999.250 -999.250 -999.250 -999.250 -999.250 -999.250 -999.250 -999.250 -999.250 -999.250 -999.250 117.175 127.421 122.358 116.994 104.821 96.978 80.381 67.954 59.537 49.649 41.169 40.250 20.016 7.484 0.243 0.000 0.000 0.000 0.000 0.499 0.000 0.000 0.000 0.000 3.545 6.216 11.133 15.187 19.768 25.971 29.045 24.483 17.813 13.175 14.397 5.317 0.148
-999.250 -999.250 -999.250 -999.250 -999.250 -999.250 -999.250 -999.250 -999.250 -999.250 -999.250 -999.250 -999.250 -999.250 -999.250 -999.250 -999.250 -999.250 -999.250 -999.250 -999.250 -999.250 -999.250 -999.250 -999.250 -999.250 -999.250 -999.250 -999.250 -999.250 -999.250 -999.250 -999.250 131.456 133.791 135.300 129.146 121.041 104.686 91.738 76.083 66.722 57.696 44.804 33.598 19.292 8.716 0.000 0.000 0.000 0.000 3.609 8.369 1.135 0.000 0.000 0.000 0.072 3.808 6.835 10.902 15.680 19.579 20.454 19.313 14.505 11.917 8.981 5.262 2.906
-999.250 -999.250 -999.250 -999.250 -999.250 -999.250 -999.250 -999.250 -999.250 -999.250 -999.250 -999.250 -999.250 -999.250 -999.250 -999.250 -999.250 -999.250 -999.250 -999.250 -999.250 -999.250 -999.250 -999.250 -999.250 -999.250 -999.250 -999.250 -999.250 -999.250 -999.250 -999.250 -999.250 141.395 168.506 174.241 157.918 132.699 114.459 101.465 81.972 69.767 62.265 50.355 35.814 20.353 9.363 4.408 2.980 5.019 7.383 8.384 7.377 3.526 0.000 0.000 0.000 3.545 0.886 4.581 8.020 10.892 13.998 14.150 14.060 12.245 9.370 8.113 5.861 3.327
-999.250 -999.250 -999.250 -999.250 -999.250 -999.250 -999.250 -999.250 -999.250 -999.250 -999.250 -999.250 -999.250 -999.250 -999.250 -999.250 -999.250 -999.250 -999.250 -999.250 -999.250 -999.250 -999.250 -999.250 -999.250 -999.250 -999.250 -999.250 -999.250 -999.250 -999.250 -999.250 -999.250 -999.250 180.639 201.504 167.441 133.037 119.524 102.047 82.359 69.778 65.206 56.126 40.252 25.894 13.852 9.112 10.831 14.843 18.880 16.989 12.526 8.437 4.639 0.000 0.000 0.000 0.000 1.585 5.173 7.311 9.516 10.052 9.885 9.233 7.434 6.707 5.295 5.239
-999.250 -999.250 -999.250 -999.250 -999.250 -999.250 -999.250 -999.250 -999.250 -999.250 -999.250 -999.250 -999.250 -999.250 -999.250 -999.250 -999.250 -999.250 -999.250 -999.250 -999.250 -999.250 -999.250 -999.250 -999.250 -999.250 -999.250 -999.250 -999.250 -999.250 -999.250 -999.250 -999.250 -999.250 164.157 165.155 146.573 126.949 108.802 99.158 76.676 68.416 64.401 70.280 42.707 28.526 18.991 15.827 20.265 30.726 36.373 30.278 21.300 15.156 10.779 6.320 0.707 0.000 0.000 0.000 2.972 3.529 6.129 8.027 7.792 8.924 7.548 7.310 7.902 7.612
-999.250 -999.250 -999.250 -999.250 -999.250 -999.250 -999.250 -999.250 -999.250 -999.250 -999.250 -999.250 -999.250 -999.250 -999.250 -999.250 -999.250 -999.250 -999.250 -999.250 -999.250 -999.250 -999.250 -999.250 -999.250 -999.250 -999.250 -999.250 -999.250 -999.250 -999.250 -999.250 -999.250 -999.250 138.663 134.800 125.562 114.924 98.613 78.842 67.163 59.972 56.051 48.823 38.514 27.331 23.062 24.203 29.557 42.284 61.698 42.703 30.389 23.733 19.154 11.198 5.462 0.000 0.000 0.000 0.624 2.602 4.152 6.518 6.469 8.043 7.047 7.833 10.263 10.975
-999.250 -999.250 -999.250 -999.250 -999.250 -999.250 -999.250 -999.250 -999.250 -999.250 -999.250 -999.250 -999.250 -999.250 -999.250 -999.250 -999.250 -999.250 -999.250 -999.250 -999.250 -999.250 -999.250 -999.250 -999.250 -999.250 -999.250 -999.250 -999.250 -999.250 -999.250 -999.250 -999.250 -999.250 118.953 116.456 104.937 93.436 75.723 65.134 51.722 43.110 40.313 32.619 27.806 24.912 21.819 27.436 32.975 42.385 48.596 42.850 35.577 28.852 32.082 15.889 7.485 2.735 0.606 0.000 0.226 3.614 6.017 5.807 5.953 6.889 7.689 9.648 11.831 15.737
-999.250 -999.250 -999.250 -999.250 -999.250 -999.250 -999.250 -999.250 -999.250 -999.250 -999.250 -999.250 -999.250 -999.250 -999.250 -999.250 -999.250 -999.250 -999.250 -999.250 -999.250 -999.250 -999.250 -999.250 -999.250 -999.250 -999.250 -999.250 -999.250 -999.250 -999.250 -999.250 -999.250 -999.250 -999.250 95.164 84.266 65.896 53.261 40.732 33.166 28.910 25.818 21.765 18.872 17.816 20.632 25.810 32.872 39.269 40.099 36.850 32.594 28.556 24.221 15.769 9.634 3.383 2.579 0.000 0.328 4.454 13.160 5.993 3.324 5.161 7.110 10.024 14.939 19.540
-999.250 -999.250 -999.250 -999.250 -999.250 -999.250 -999.250 -999.250 -999.250 -999.250 -999.250 -999.250 -999.250 -999.250 -999.250 -999.250 -999.250 -999.250 -999.250 -999.250 -999.250 -999.250 -999.250 -999.250 -999.250 -999.250 -999.250 -999.250 -999.250 -999.250 -999.250 -999.250 -999.250 -999.250 -999.250 68.275 60.279 42.576 31.029 20.639 16.007 13.683 12.806 11.267 11.951 14.219 17.704 21.657 28.251 31.151 32.616 30.991 28.683 26.489 19.841 15.205 9.434 4.815 1.800 0.051 0.090 1.586 3.559 1.666 0.396 1.219 6.723 9.830 13.986 21.109
-999.250 -999.250 -999.250 -999.250 -999.250 -999.250 -999.250 -999.250 -999.250 -999.250 -999.250 -999.250 -999.250 -999.250 -999.250 -999.250 -999.250 -999.250 -999.250 -999.250 -999.250 -999.250 -999.250 -999.250 -999.250 -999.250 -999.250 -999.250 -999.250 -999.250 -999.250 -999.250 -999.250 -999.250 -999.250 50.392 40.218 27.736 15.415 9.354 4.933 5.321 6.392 6.624 7.568 7.993 12.420 16.694 21.712 26.557 28.095 28.003 27.481 24.692 19.025 14.551 9.962 5.314 1.885 0.889 0.000 0.000 0.000 0.000 0.000 0.204 5.015 8.592 12.247 19.742
-999.250 -999.250 -999.250 -999.250 -999.250 -999.250 -999.250 -999.250 -999.250 -999.250 -999.250 -999.250 -999.250 -999.250 -999.250 -999.250 -999.250 -999.250 -999.250 -999.250 -999.250 -999.250 -999.250 -999.250 -999.250 -999.250 -999.250 -999.250 -999.250 -999.250 -999.250 -999.250 -999.250 -999.250 -999.250 37.744 26.747 15.984 10.265 3.701 0.199 1.208 9.236 4.007 3.285 5.149 7.890 12.599 18.098 20.706 25.185 26.218 26.828 24.077 18.943 13.888 8.885 5.254 1.116 0.000 0.000 0.000 0.000 0.000 0.000 0.000 3.364 6.568 9.664 15.761
-999.250 -999.250 -999.250 -999.250 -999.250 -999.250 -999.250 -999.250 -999.250 -999.250 -999.250 -999.250 -999.250 -999.250 -999.250 -999.250 -999.250 -999.250 -999.250 -999.250 -999.250 -999.250 -999.250 -999.250 -999.250 -999.250 -999.250 -999.250 -999.250 -999.250 -999.250 -999.250 -999.250 -999.250 -999.250 30.490 20.881 14.140 10.445 7.510 4.333 3.609 2.065 1.824 1.238 2.588 4.867 9.293 14.430 24.400 23.531 26.750 28.963 25.520 19.094 13.854 9.585 5.953 4.822 3.779 0.000 0.000 0.000 0.000 0.000 0.000 1.607 5.460 6.629 10.525
-999.250 -999.250 -999.250 -999.250 -999.250 -999.250 -999.250 -999.250 -999.250 -999.250 -999.250 -999.250 -999.250 -999.250 -999.250 -999.250 -999.250 -999.250 -999.250 -999.250 -999.250 -999.250 -999.250 -999.250 -999.250 -999.250 -999.250 -999.250 -999.250 -999.250 -999.250 -999.250 -999.250 -999.250 -999.250 -999.250 21.333 17.630 18.649 19.848 13.829 8.730 5.134 3.862 1.241 0.995 4.521 6.864 11.916 17.141 21.766 28.162 40.131 28.046 20.307 14.531 9.381 5.875 5.059 11.651 2.865 0.000 0.000 0.000 0.000 2.780 3.064 3.322 1.902 2.693
-999.250 -999.250 -999.250 -999.250 -999.250 -999.250 -999.250 -999.250 -999.250 -999.250 -999.250 -999.250 -999.250 -999.250 -999.250 -999.250 -999.250 -999.250 -999.250 -999.250 -999.250 -999.250 -999.250 -999.250 -999.250 -999.250 -999.250 -999.250 -999.250 -999.250 -999.250 -999.250 -999.250 -999.250 -999.250 -999.250 26.171 24.845 28.661 43.397 23.224 11.601 8.226 11.447 3.071 0.000 3.348 6.529 10.055 16.027 21.948 27.479 29.569 26.891 19.797 13.930 8.837 6.795 5.204 3.734 0.000 0.000 0.000 0.000 0.965 4.758 6.466 4.311 0.000 0.000
-999.250 -999.250 -999.250 -999.250 -999.250 -999.250 -999.250 -999.250 -999.250 -999.250 -999.250 -999.250 -999.250 -999.250 -999.250 -999.250 -999.250 -999.250 -999.250 -999.250 -999.250 -999.250 -999.250 -999.250 -999.250 -999.250 -999.250 -999.250 -999.250 -999.250 -999.250 -999.250 -999.250 -999.250 -999.250 -999.250 -999.250 27.221 28.835 30.039 20.704 13.515 7.929 4.550 1.568 0.637 4.078 7.004 11.601 17.270 22.165 27.038 28.365 25.523 20.157 16.037 10.553 6.177 2.096 0.000 0.000 0.000 0.000 0.000 0.231 5.765 16.002 5.705 0.000 0.000
-999.250 -999.250 -999.250 -999.250 -999.250 -999.250 -999.250 -999.250 -999.250 -999.250 -999.250 -999.250 -999.250 -999.250 -999.250 -999.250 -999.250 -999.250 -999.250 -999.250 -999.250 -999.250 -999.250 -999.250 -999.250 -999.250 -999.250 -999.250 -999.250 -999.250 -999.250 -999.250 -999.250 -999.250 -999.250 -999.250 -999.250 20.770 21.200 19.677 15.618 10.245 5.627 2.486 0.000 0.534 3.093 6.862 12.942 18.222 22.601 26.997 28.475 28.416 25.965 17.851 10.643 6.012 1.210 0.000 0.000 0.000 0.000 0.000 0.000 3.568 6.651 5.951 2.954 0.000
-999.250 -999.250 -999.250 -999.250 -999.250 -999.250 -999.250 -999.250 -999.250 -999.250 -999.250 -999.250 -999.250 -999.250 -999.250 -999.250 -999.250 -999.250 -999.250 -999.250 -999.250 -999.250 -999.250 -999.250 -999.250 -999.250 -999.250 -999.250 -999.250 -999.250 -999.250 -999.250 -999.250 -999.250 -999.250 -999.250 -999.250 15.810 14.703 12.765 14.311 6.475 3.049 0.000 0.000 0.913 3.433 8.501 12.860 19.542 27.536 30.091 33.033 32.347 28.227 19.534 12.178 5.646 0.000 0.000 0.000 0.000 0.000 0.000 0.000 0.312 1.323 4.012 9.865 0.071
-999.250 -999.250 -999.250 -999.250 -999.250 -999.250 -999.250 -999.250 -999.250 -999.250 -999.250 -999.250 -999.250 -999.250 -999.250 -999.250 -999.250 -999.250 -999.250 -999.250 -999.250 -999.250 -999.250 -999.250 -999.250 -999.250 -999.250 -999.250 -999.250 -999.250 -999.250 -999.250 -999.250 -999.250 -999.250 -999.250 -999.250 12.034 8.983 6.461 4.907 1.217 0.000 0.000 0.000 2.353 5.449 10.127 16.194 24.398 31.272 38.069 40.451 40.031 33.245 25.102 14.357 5.837 0.000 0.000 0.000 0.000 0.000 0.000 0.000 0.000 0.000 0.365 1.367 0.000
-999.250 -999.250 -999.250 -999.250 -999.250 -999.250 -999.250 -999.250 -999.250 -999.250 -999.250 -999.250 -999.250 -999.250 -999.250 -999.250 -999.250 -999.250 -999.250 -999.250 -999.250 -999.250 -999.250 -999.250 -999.250 -999.250 -999.250 -999.250 -999.250 -999.250 -999.250 -999.250 -999.250 -999.250 -999.250 -999.250 -999.250 -999.250 5.110 2.000 0.145 0.000 0.000 0.000 0.000 0.296 5.629 11.752 18.581 27.331 32.691 41.780 48.342 51.647 41.183 27.824 15.294 5.508 0.000 0.000 0.000 0.000 0.000 0.000 0.000 0.000 0.000 0.000 0.000 0.000
-999.250 -999.250 -999.250 -999.250 -999.250 -999.250 -999.250 -999.250 -999.250 -999.250 -999.250 -999.250 -999.250 -999.250 -999.250 -999.250 -999.250 -999.250 -999.250 -999.250 -999.250 -999.250 -999.250 -999.250 -999.250 -999.250 -999.250 -999.250 -999.250 -999.250 -999.250 -999.250 -999.250 -999.250 -999.250 -999.250 -999.250 -999.250 2.328 0.000 0.000 0.000 0.000 0.000 0.000 2.652 7.328 12.501 20.238 27.856 36.310 44.807 55.602 71.179 46.928 29.936 16.634 5.786 0.000 0.000 0.000 0.000 0.000 0.000 0.000 0.000 0.000 0.000 0.000 0.000
-999.250 -999.250 -999.250 -999.250 -999.250 -999.250 -999.250 -999.250 -999.250 -999.250 -999.250 -999.250 -999.250 -999.250 -999.250 -999.250 -999.250 -999.250 -999.250 -999.250 -999.250 -999.250 -999.250 -999.250 -999.250 -999.250 -999.250 -999.250 -999.250 -999.250 -999.250 -999.250 -999.250 -999.250 -999.250 -999.250 -999.250 -999.250 0.000 0.000 0.000 0.000 0.000 0.000 0.000 3.570 8.667 14.811 21.691 28.882 39.845 43.172 51.601 54.491 44.475 30.294 16.413 6.114 0.000 0.000 0.000 0.000 0.000 0.000 0.000 0.000 0.000 0.000 0.000 0.000
