data/medianmodel_22-Apr-2020.asc
ncols	141
nrows	288
xllcorner	-120191.398
yllcorner	-301404.813
cellsize	2000.000
NODATA_value	-999.250
[rows 210 to 239 of 288, columns 68 to 135 of 141]
10.269 15.679 16.748 21.002 25.498 24.846 29.641 32.401 36.071 45.233 46.270 48.969 47.815 49.243 44.145 40.329 37.263 37.710 38.498 37.340 36.859 38.416 41.659 33.918 29.546 29.323 22.488 19.118 15.900 10.996 4.055 -999.250 -999.250 -999.250 -999.250 -999.250 -999.250 -999.250 -999.250 -999.250 -999.250 -999.250 -999.250 -999.250 -999.250 -999.250 -999.250 -999.250 -999.250 -999.250 -999.250 -999.250 -999.250 -999.250 -999.250 -999.250 -999.250 -999.250 -999.250 -999.250 -999.250 -999.250 -999.250 -999.250 -999.250 -999.250 -999.250 -999.250
14.668 16.867 18.586 20.388 24.759 30.176 30.556 37.393 38.707 45.757 52.903 57.812 50.065 57.040 49.323 47.892 43.141 43.324 44.234 52.358 47.042 42.689 48.191 44.892 39.533 45.087 36.796 35.109 24.442 20.488 17.517 7.608 -999.250 -999.250 -999.250 -999.250 -999.250 -999.250 -999.250 -999.250 -999.250 -999.250 -999.250 -999.250 -999.250 -999.250 -999.250 -999.250 -999.250 -999.250 -999.250 -999.250 -999.250 -999.250 -999.250 -999.250 -999.250 -999.250 -999.250 -999.250 -999.250 -999.250 -999.250 -999.250 -999.250 -999.250 -999.250 -999.250
15.341 19.286 19.926 21.720 21.997 29.912 28.675 36.752 38.186 49.618 58.490 60.453 65.848 65.773 65.866 65.550 58.757 54.859 58.730 59.759 61.088 56.444 72.438 64.646 70.874 62.096 51.699 43.145 40.284 34.183 25.451 20.578 12.486 -999.250 -999.250 -999.250 -999.250 -999.250 -999.250 -999.250 -999.250 -999.250 -999.250 -999.250 -999.250 -999.250 -999.250 -999.250 -999.250 -999.250 -999.250 -999.250 -999.250 -999.250 -999.250 -999.250 -999.250 -999.250 -999.250 -999.250 -999.250 -999.250 -999.250 -999.250 -999.250 -999.250 -999.250 -999.250
16.011 16.907 20.164 21.938 22.241 21.771 29.982 38.085 36.139 53.921 68.634 68.869 76.959 71.475 77.732 68.404 67.848 72.417 80.049 89.234 91.065 85.335 84.053 90.047 98.066 79.859 76.212 64.641 57.800 55.282 41.772 37.009 27.256 -999.250 -999.250 -999.250 -999.250 -999.250 -999.250 -999.250 -999.250 -999.250 -999.250 -999.250 -999.250 -999.250 -999.250 -999.250 -999.250 -999.250 -999.250 -999.250 -999.250 -999.250 -999.250 -999.250 -999.250 -999.250 -999.250 -999.250 -999.250 -999.250 -999.250 -999.250 -999.250 -999.250 -999.250 -999.250
19.236 21.927 21.222 22.719 19.575 22.663 27.684 29.851 37.305 48.426 59.398 63.215 66.116 77.313 76.274 87.249 75.753 94.223 98.922 102.219 105.018 84.588 97.182 105.287 103.155 95.144 108.310 83.543 81.002 72.432 58.179 45.392 34.436 26.050 -999.250 -999.250 -999.250 -999.250 -999.250 -999.250 -999.250 -999.250 -999.250 -999.250 -999.250 -999.250 -999.250 -999.250 -999.250 -999.250 -999.250 -999.250 -999.250 -999.250 -999.250 -999.250 -999.250 -999.250 -999.250 -999.250 -999.250 -999.250 -999.250 -999.250 -999.250 -999.250 -999.250 -999.250
17.667 20.785 19.238 21.246 22.480 18.256 21.433 25.171 31.282 43.543 48.166 46.913 61.191 71.921 86.448 81.165 93.368 108.031 118.548 95.098 106.301 132.168 112.848 128.514 128.527 132.132 133.301 119.851 111.685 84.199 73.640 56.346 46.596 32.976 21.724 -999.250 -999.250 -999.250 -999.250 -999.250 -999.250 -999.250 -999.250 -999.250 -999.250 -999.250 -999.250 -999.250 -999.250 -999.250 -999.250 -999.250 -999.250 -999.250 -999.250 -999.250 -999.250 -999.250 -999.250 -999.250 -999.250 -999.250 -999.250 -999.250 -999.250 -999.250 -999.250 -999.250
21.263 24.860 21.142 17.888 20.825 16.301 15.601 16.049 19.932 28.294 40.450 40.238 57.133 65.929 70.008 86.736 94.591 103.764 124.058 118.379 130.774 118.431 138.189 148.605 152.131 143.593 154.609 152.103 140.222 120.752 94.965 74.253 54.381 44.093 31.288 -999.250 -999.250 -999.250 -999.250 -999.250 -999.250 -999.250 -999.250 -999.250 -999.250 -999.250 -999.250 -999.250 -999.250 -999.250 -999.250 -999.250 -999.250 -999.250 -999.250 -999.250 -999.250 -999.250 -999.250 -999.250 -999.250 -999.250 -999.250 -999.250 -999.250 -999.250 -999.250 -999.250
21.325 24.549 26.660 20.509 21.023 14.471 7.605 0.000 15.599 25.526 29.975 39.079 61.919 66.823 86.199 98.313 93.085 106.475 111.397 130.425 161.283 145.098 166.526 167.347 168.956 177.253 192.657 179.728 165.472 144.276 114.494 84.731 64.589 56.761 42.644 -999.250 -999.250 -999.250 -999.250 -999.250 -999.250 -999.250 -999.250 -999.250 -999.250 -999.250 -999.250 -999.250 -999.250 -999.250 -999.250 -999.250 -999.250 -999.250 -999.250 -999.250 -999.250 -999.250 -999.250 -999.250 -999.250 -999.250 -999.250 -999.250 -999.250 -999.250 -999.250 -999.250
22.429 24.358 28.803 25.202 20.598 14.298 10.533 9.484 16.404 27.148 37.596 43.838 48.297 60.770 84.576 92.927 128.842 146.789 153.196 154.026 185.507 178.051 168.970 183.742 187.799 229.530 197.380 177.342 182.271 149.347 128.818 97.089 78.143 73.708 50.665 32.297 -999.250 -999.250 -999.250 -999.250 -999.250 -999.250 -999.250 0.000 -999.250 -999.250 -999.250 -999.250 -999.250 -999.250 -999.250 -999.250 -999.250 -999.250 -999.250 -999.250 -999.250 -999.250 -999.250 -999.250 -999.250 -999.250 -999.250 -999.250 -999.250 -999.250 -999.250 -999.250
25.127 29.341 35.776 30.962 23.266 15.852 14.077 16.053 19.924 24.103 38.102 42.734 47.152 61.594 80.194 101.247 134.745 166.207 168.788 171.562 206.855 209.555 202.225 207.888 222.178 235.468 198.474 199.335 180.994 192.868 144.659 135.727 107.486 78.743 52.818 39.378 25.082 -999.250 -999.250 -999.250 0.000 0.000 0.000 0.000 -999.250 -999.250 -999.250 -999.250 -999.250 -999.250 -999.250 -999.250 -999.250 -999.250 -999.250 -999.250 -999.250 -999.250 -999.250 -999.250 -999.250 -999.250 -999.250 -999.250 -999.250 -999.250 -999.250 -999.250
31.219 35.187 43.526 31.780 23.667 21.890 17.287 18.168 20.302 26.338 37.140 42.179 54.846 63.911 81.167 104.939 125.330 142.592 141.738 190.911 219.810 233.493 230.762 234.697 226.592 243.380 235.475 220.842 185.874 186.461 169.617 146.526 106.282 81.515 59.262 47.889 30.268 -999.250 11.284 0.000 0.000 0.000 0.000 -999.250 -999.250 -999.250 -999.250 -999.250 -999.250 -999.250 -999.250 -999.250 -999.250 -999.250 -999.250 -999.250 -999.250 -999.250 -999.250 -999.250 -999.250 -999.250 -999.250 -999.250 -999.250 -999.250 -999.250 -999.250
30.493 35.312 34.486 31.655 27.537 21.988 18.442 18.143 26.916 26.786 33.805 44.942 56.564 72.609 87.007 111.302 131.964 162.269 194.880 189.771 223.028 218.458 242.340 249.232 266.019 255.096 249.596 232.710 215.315 199.542 171.638 160.786 113.218 81.628 65.985 52.317 37.439 23.047 14.690 0.000 0.000 0.000 0.000 -999.250 -999.250 -999.250 -999.250 -999.250 -999.250 -999.250 -999.250 -999.250 -999.250 -999.250 -999.250 -999.250 -999.250 -999.250 -999.250 -999.250 -999.250 -999.250 -999.250 -999.250 -999.250 -999.250 -999.250 -999.250
28.558 29.120 32.415 26.115 24.518 22.114 20.574 19.932 24.618 36.752 45.140 53.033 59.945 76.029 88.368 108.161 142.503 183.156 182.048 195.411 204.355 217.594 233.230 260.553 262.429 260.201 244.217 254.282 225.892 187.725 157.378 127.073 106.503 85.442 77.115 63.268 41.631 28.015 17.292 7.566 3.288 0.000 0.000 -999.250 -999.250 -999.250 -999.250 -999.250 -999.250 -999.250 -999.250 -999.250 -999.250 -999.250 -999.250 -999.250 -999.250 -999.250 -999.250 -999.250 -999.250 -999.250 -999.250 -999.250 -999.250 -999.250 -999.250 -999.250
28.971 25.941 30.958 22.858 21.146 23.684 21.992 21.938 25.646 33.127 42.819 55.822 65.264 69.069 82.764 101.985 144.581 150.908 160.453 184.058 191.465 235.759 244.163 278.369 280.696 255.682 251.702 245.878 207.991 188.074 174.030 122.073 142.982 91.151 71.595 59.254 41.865 32.527 20.378 14.494 7.458 4.674 0.846 -999.250 -999.250 -999.250 -999.250 -999.250 -999.250 -999.250 -999.250 -999.250 -999.250 -999.250 -999.250 -999.250 -999.250 -999.250 -999.250 -999.250 -999.250 -999.250 -999.250 -999.250 -999.250 -999.250 -999.250 -999.250
24.591 26.495 24.071 21.114 21.494 24.440 26.622 25.112 24.632 36.434 44.501 54.771 74.686 88.696 83.731 97.352 124.537 141.075 170.490 176.260 195.200 241.008 242.990 262.487 278.540 252.362 246.177 243.760 218.129 188.139 179.108 160.411 142.812 112.058 77.136 70.660 43.956 33.101 23.497 16.035 15.748 8.997 -999.250 -999.250 -999.250 -999.250 -999.250 -999.250 -999.250 -999.250 -999.250 -999.250 -999.250 -999.250 -999.250 -999.250 -999.250 -999.250 -999.250 -999.250 -999.250 -999.250 -999.250 -999.250 -999.250 -999.250 -999.250 -999.250
23.960 23.050 23.570 22.175 23.258 24.212 25.874 24.306 25.596 30.141 42.895 53.671 56.128 83.710 81.708 96.640 106.842 130.863 155.565 179.903 193.474 214.327 237.847 262.145 252.428 247.252 235.164 227.690 228.403 190.492 186.928 170.985 149.348 117.045 88.210 58.099 47.561 37.773 29.132 19.334 15.313 10.883 -999.250 -999.250 -999.250 -999.250 -999.250 -999.250 -999.250 -999.250 -999.250 -999.250 -999.250 -999.250 -999.250 -999.250 -999.250 -999.250 -999.250 -999.250 -999.250 -999.250 -999.250 -999.250 -999.250 -999.250 -999.250 -999.250
21.587 21.090 22.111 21.872 21.577 20.579 22.424 21.149 22.682 27.070 40.741 42.725 50.512 62.941 73.303 85.659 101.433 125.325 161.575 172.781 186.254 185.772 224.086 222.220 235.713 222.150 235.375 218.673 209.356 189.711 176.104 178.625 150.838 109.043 79.922 57.501 50.101 41.319 31.691 24.150 19.759 15.562 -999.250 -999.250 -999.250 -999.250 -999.250 -999.250 -999.250 -999.250 -999.250 -999.250 -999.250 -999.250 -999.250 -999.250 -999.250 -999.250 -999.250 -999.250 -999.250 -999.250 -999.250 -999.250 -999.250 -999.250 -999.250 -999.250
19.969 21.111 21.502 19.237 18.138 21.945 21.702 21.079 26.123 26.921 32.265 40.535 45.302 52.148 73.830 75.734 95.748 124.792 136.525 145.585 165.515 188.725 221.812 206.625 240.057 227.268 202.504 211.195 202.156 184.529 174.092 145.205 117.456 93.016 74.002 63.728 45.821 46.730 38.554 24.516 19.981 -999.250 -999.250 -999.250 -999.250 -999.250 -999.250 -999.250 -999.250 -999.250 -999.250 -999.250 -999.250 -999.250 -999.250 -999.250 -999.250 -999.250 -999.250 -999.250 -999.250 -999.250 -999.250 -999.250 -999.250 -999.250 -999.250 -999.250
20.540 19.566 18.065 19.538 18.835 18.688 20.259 19.535 22.854 30.091 29.608 38.523 41.317 53.270 62.598 79.592 90.325 113.670 116.291 144.993 150.152 172.587 168.112 169.952 193.304 196.070 180.922 194.799 168.546 154.096 141.496 138.434 106.787 92.835 71.174 72.303 -999.250 -999.250 33.373 31.142 25.053 -999.250 -999.250 -999.250 -999.250 -999.250 -999.250 -999.250 -999.250 -999.250 -999.250 -999.250 -999.250 -999.250 -999.250 -999.250 -999.250 -999.250 -999.250 -999.250 -999.250 -999.250 -999.250 -999.250 -999.250 -999.250 -999.250 -999.250
20.685 19.670 14.890 19.640 19.523 18.070 18.500 21.510 23.701 24.186 25.532 33.424 40.302 53.293 51.483 74.134 89.962 88.648 119.437 123.286 165.353 170.089 174.257 169.745 174.162 162.207 153.140 162.020 121.554 132.730 113.362 106.428 93.411 72.505 74.813 46.493 -999.250 -999.250 -999.250 -999.250 -999.250 -999.250 -999.250 -999.250 -999.250 -999.250 -999.250 -999.250 -999.250 -999.250 -999.250 -999.250 -999.250 -999.250 -999.250 -999.250 -999.250 -999.250 -999.250 -999.250 -999.250 -999.250 -999.250 -999.250 -999.250 -999.250 -999.250 -999.250
20.467 19.484 17.719 19.063 18.125 19.758 18.143 23.312 20.659 22.284 24.700 34.869 32.335 41.367 45.700 46.011 68.757 68.369 88.843 115.516 110.201 163.100 156.698 166.322 147.688 161.329 144.422 146.218 125.403 101.142 105.125 92.787 -999.250 -999.250 63.347 -999.250 -999.250 -999.250 -999.250 -999.250 -999.250 -999.250 -999.250 -999.250 -999.250 -999.250 -999.250 -999.250 -999.250 -999.250 -999.250 -999.250 -999.250 -999.250 -999.250 -999.250 -999.250 -999.250 -999.250 -999.250 -999.250 -999.250 -999.250 -999.250 -999.250 -999.250 -999.250 -999.250
21.064 20.259 19.458 17.612 17.699 21.430 17.314 21.691 21.248 19.259 26.745 28.322 28.402 32.773 33.014 38.115 43.011 68.538 81.287 92.075 117.270 97.138 125.737 137.102 145.084 131.824 116.073 138.010 100.681 108.562 -999.250 -999.250 -999.250 -999.250 -999.250 -999.250 -999.250 -999.250 -999.250 -999.250 -999.250 -999.250 -999.250 -999.250 -999.250 -999.250 -999.250 -999.250 -999.250 -999.250 -999.250 -999.250 -999.250 -999.250 -999.250 -999.250 -999.250 -999.250 -999.250 -999.250 -999.250 -999.250 -999.250 -999.250 -999.250 -999.250 -999.250 -999.250
22.717 21.082 17.707 20.078 18.135 17.851 16.435 22.880 19.852 20.970 22.130 23.067 26.452 23.872 30.435 37.568 41.473 48.544 60.882 69.408 88.713 90.439 77.036 94.906 106.021 115.432 105.678 113.527 91.372 87.344 -999.250 -999.250 -999.250 -999.250 -999.250 -999.250 -999.250 -999.250 -999.250 -999.250 -999.250 -999.250 -999.250 -999.250 -999.250 -999.250 -999.250 -999.250 -999.250 -999.250 -999.250 -999.250 -999.250 -999.250 -999.250 -999.250 -999.250 -999.250 -999.250 -999.250 -999.250 -999.250 -999.250 -999.250 -999.250 -999.250 -999.250 -999.250
24.185 18.822 19.890 20.442 19.820 19.819 19.125 19.894 20.558 21.830 18.027 21.817 22.261 25.355 27.494 27.046 33.981 41.274 50.367 57.840 65.739 75.872 70.535 92.499 97.225 84.107 82.043 76.901 86.626 72.952 -999.250 -999.250 -999.250 -999.250 -999.250 -999.250 -999.250 -999.250 -999.250 -999.250 -999.250 -999.250 -999.250 -999.250 -999.250 -999.250 -999.250 -999.250 -999.250 -999.250 -999.250 -999.250 -999.250 -999.250 -999.250 -999.250 -999.250 -999.250 -999.250 -999.250 -999.250 -999.250 -999.250 -999.250 -999.250 -999.250 -999.250 -999.250
21.724 21.237 21.581 18.082 20.311 19.227 18.567 18.262 18.738 17.696 18.319 18.938 19.053 21.283 21.276 26.680 29.101 37.490 40.222 46.127 56.954 61.304 56.736 70.868 70.878 69.745 64.438 54.291 64.481 64.493 -999.250 -999.250 -999.250 -999.250 -999.250 -999.250 -999.250 -999.250 -999.250 -999.250 -999.250 -999.250 -999.250 -999.250 -999.250 -999.250 -999.250 -999.250 -999.250 -999.250 -999.250 -999.250 -999.250 -999.250 -999.250 -999.250 -999.250 -999.250 -999.250 -999.250 -999.250 -999.250 -999.250 -999.250 -999.250 -999.250 -999.250 -999.250
23.881 20.148 20.803 20.590 16.473 20.268 18.374 19.211 19.055 17.322 19.474 16.927 17.392 19.212 17.671 25.682 27.036 34.519 40.145 41.457 43.591 55.854 47.958 50.308 60.470 54.166 48.406 53.193 57.566 -999.250 -999.250 -999.250 -999.250 -999.250 -999.250 -999.250 -999.250 -999.250 -999.250 -999.250 -999.250 -999.250 -999.250 -999.250 -999.250 -999.250 -999.250 -999.250 -999.250 -999.250 -999.250 -999.250 -999.250 -999.250 -999.250 -999.250 -999.250 -999.250 -999.250 -999.250 -999.250 -999.250 -999.250 -999.250 -999.250 -999.250 -999.250 -999.250
23.009 21.920 20.609 18.940 19.858 17.984 18.661 17.701 16.540 16.680 14.510 14.072 15.220 14.329 16.541 17.648 22.326 27.964 33.757 38.597 35.491 40.682 43.793 40.585 41.072 49.123 43.743 45.383 40.908 -999.250 -999.250 -999.250 -999.250 -999.250 -999.250 -999.250 -999.250 -999.250 -999.250 -999.250 -999.250 -999.250 -999.250 -999.250 -999.250 -999.250 -999.250 -999.250 -999.250 -999.250 -999.250 -999.250 -999.250 -999.250 -999.250 -999.250 -999.250 -999.250 -999.250 -999.250 -999.250 -999.250 -999.250 -999.250 -999.250 -999.250 -999.250 -999.250
21.635 19.226 17.923 18.016 18.595 18.806 18.021 16.718 15.930 17.069 13.239 12.233 13.211 15.373 16.109 18.255 20.371 26.475 29.540 31.150 37.268 37.482 38.206 30.943 32.102 38.187 37.791 33.260 33.692 -999.250 -999.250 -999.250 -999.250 -999.250 -999.250 -999.250 -999.250 -999.250 -999.250 -999.250 -999.250 -999.250 -999.250 -999.250 -999.250 -999.250 -999.250 -999.250 -999.250 -999.250 -999.250 -999.250 -999.250 -999.250 -999.250 -999.250 -999.250 -999.250 -999.250 -999.250 -999.250 -999.250 -999.250 -999.250 -999.250 -999.250 -999.250 -999.250
20.109 17.846 19.367 18.841 17.136 17.073 17.369 16.594 14.743 13.568 11.242 13.489 14.689 14.026 14.711 18.575 18.544 24.664 26.298 25.604 28.205 30.368 26.948 26.856 26.364 29.196 32.840 25.732 -999.250 -999.250 -999.250 -999.250 -999.250 -999.250 -999.250 -999.250 -999.250 -999.250 -999.250 -999.250 -999.250 -999.250 -999.250 -999.250 -999.250 -999.250 -999.250 -999.250 -999.250 -999.250 -999.250 -999.250 -999.250 -999.250 -999.250 -999.250 -999.250 -999.250 -999.250 -999.250 -999.250 -999.250 -999.250 -999.250 -999.250 -999.250 -999.250 -999.250
19.974 19.225 16.181 16.938 17.961 17.436 17.797 18.522 15.624 12.763 10.898 10.733 12.608 13.281 16.361 17.175 17.707 21.110 22.063 21.884 25.008 27.433 22.418 23.504 23.569 24.078 23.779 29.526 -999.250 -999.250 -999.250 -999.250 -999.250 -999.250 -999.250 -999.250 -999.250 -999.250 -999.250 -999.250 -999.250 -999.250 -999.250 -999.250 -999.250 -999.250 -999.250 -999.250 -999.250 -999.250 -999.250 -999.250 -999.250 -999.250 -999.250 -999.250 -999.250 -999.250 -999.250 -999.250 -999.250 -999.250 -999.250 -999.250 -999.250 -999.250 -999.250 -999.250
