data/medianmodel_21-Dec-2020.asc
ncols	141
nrows	288
xllcorner	-120191.398
yllcorner	-301404.813
cellsize	2000.000
NODATA_value	-999.250
[rows 0 to 28 of 288, columns 64 to 127 of 141]
-999.250 -999.250 -999.250 -999.250 -999.250 -999.250 -999.250 -999.250 -999.250 -999.250 -999.250 -999.250 -999.250 -999.250 -999.250 -999.250 -999.250 -999.250 -999.250 -999.250 -999.250 -999.250 -999.250 -999.250 -999.250 -999.250 -999.250 -999.250 -999.250 -999.250 -999.250 -999.250 -999.250 -999.250 -999.250 -999.250 -999.250 -999.250 -999.250 -999.250 -999.250 -999.250 -999.250 -999.250 -999.250 -999.250 -999.250 -999.250 -999.250 -999.250 -999.250 -999.250 -999.250 -999.250 -999.250 -999.250 -999.250 -999.250 -999.250 -999.250 -999.250 -999.250 -999.250 -999.250
-999.250 -999.250 -999.250 -999.250 -999.250 -999.250 -999.250 -999.250 -999.250 -999.250 -999.250 -999.250 -999.250 -999.250 -999.250 -999.250 -999.250 -999.250 -999.250 -999.250 -999.250 -999.250 -999.250 -999.250 -999.250 -999.250 -999.250 -999.250 -999.250 -999.250 -999.250 -999.250 -999.250 -999.250 -999.250 -999.250 -999.250 -999.250 -999.250 -999.250 -999.250 -999.250 -999.250 -999.250 -999.250 -999.250 -999.250 -999.250 -999.250 -999.250 -999.250 -999.250 -999.250 -999.250 -999.250 -999.250 -999.250 -999.250 -999.250 -999.250 -999.250 -999.250 -999.250 -999.250
-999.250 -999.250 -999.250 -999.250 -999.250 -999.250 -999.250 -999.250 -999.250 -999.250 -999.250 -999.250 -999.250 -999.250 -999.250 -999.250 -999.250 -999.250 -999.250 -999.250 -999.250 -999.250 -999.250 -999.250 -999.250 -999.250 -999.250 -999.250 -999.250 -999.250 -999.250 -999.250 -999.250 -999.250 -999.250 -999.250 -999.250 -999.250 -999.250 -999.250 -999.250 -999.250 -999.250 -999.250 -999.250 -999.250 -999.250 -999.250 -999.250 -999.250 -999.250 -999.250 -999.250 -999.250 -999.250 -999.250 -999.250 -999.250 -999.250 -999.250 -999.250 -999.250 -999.250 -999.250
-999.250 -999.250 -999.250 -999.250 -999.250 -999.250 -999.250 -999.250 -999.250 -999.250 -999.250 -999.250 -999.250 -999.250 -999.250 -999.250 -999.250 -999.250 -999.250 -999.250 -999.250 -999.250 -999.250 -999.250 -999.250 -999.250 -999.250 -999.250 -999.250 -999.250 -999.250 -999.250 -999.250 -999.250 -999.250 -999.250 -999.250 -999.250 -999.250 -999.250 -999.250 -999.250 -999.250 -999.250 -999.250 -999.250 -999.250 -999.250 -999.250 -999.250 -999.250 -999.250 -999.250 -999.250 -999.250 -999.250 -999.250 -999.250 -999.250 -999.250 -999.250 -999.250 -999.250 -999.250
-999.250 -999.250 -999.250 -999.250 -999.250 -999.250 -999.250 -999.250 -999.250 -999.250 -999.250 -999.250 -999.250 -999.250 -999.250 -999.250 -999.250 -999.250 -999.250 -999.250 -999.250 -999.250 -999.250 -999.250 -999.250 -999.250 -999.250 -999.250 -999.250 -999.250 -999.250 -999.250 -999.250 -999.250 -999.250 -999.250 -999.250 -999.250 -999.250 -999.250 -999.250 -999.250 -999.250 -999.250 -999.250 -999.250 -999.250 -999.250 -999.250 -999.250 -999.250 -999.250 -999.250 -999.250 -999.250 -999.250 -999.250 -999.250 -999.250 -999.250 -999.250 -999.250 -999.250 -999.250
-999.250 -999.250 -999.250 -999.250 -999.250 -999.250 -999.250 -999.250 -999.250 -999.250 -999.250 -999.250 -999.250 -999.250 -999.250 -999.250 -999.250 -999.250 -999.250 -999.250 -999.250 -999.250 -999.250 -999.250 -999.250 -999.250 -999.250 -999.250 -999.250 -999.250 -999.250 -999.250 -999.250 -999.250 -999.250 -999.250 -999.250 -999.250 -999.250 -999.250 -999.250 -999.250 -999.250 -999.250 -999.250 -999.250 -999.250 -999.250 -999.250 -999.250 -999.250 -999.250 -999.250 -999.250 -999.250 -999.250 -999.250 -999.250 -999.250 -999.250 -999.250 -999.250 -999.250 -999.250
-999.250 -999.250 -999.250 -999.250 -999.250 -999.250 -999.250 -999.250 -999.250 -999.250 -999.250 -999.250 -999.250 -999.250 -999.250 -999.250 -999.250 -999.250 -999.250 -999.250 -999.250 -999.250 -999.250 -999.250 -999.250 -999.250 -999.250 -999.250 -999.250 -999.250 -999.250 -999.250 -999.250 -999.250 -999.250 -999.250 -999.250 -999.250 -999.250 -999.250 -999.250 -999.250 -999.250 -999.250 -999.250 -999.250 -999.250 -999.250 -999.250 -999.250 -999.250 -999.250 -999.250 -999.250 -999.250 -999.250 -999.250 -999.250 -999.250 -999.250 -999.250 -999.250 -999.250 -999.250
-999.250 -999.250 -999.250 -999.250 -999.250 -999.250 -999.250 -999.250 -999.250 -999.250 -999.250 -999.250 -999.250 -999.250 -999.250 -999.250 -999.250 -999.250 -999.250 -999.250 -999.250 -999.250 -999.250 -999.250 -999.250 -999.250 -999.250 -999.250 -999.250 -999.250 -999.250 -999.250 -999.250 -999.250 -999.250 -999.250 -999.250 -999.250 -999.250 -999.250 -999.250 -999.250 -999.250 -999.250 -999.250 -999.250 -999.250 -999.250 -999.250 -999.250 -999.250 -999.250 -999.250 -999.250 -999.250 -999.250 -999.250 -999.250 -999.250 -999.250 -999.250 -999.250 -999.250 -999.250
-999.250 -999.250 -999.250 -999.250 -999.250 -999.250 -999.250 -999.250 -999.250 -999.250 -999.250 -999.250 -999.250 -999.250 -999.250 -999.250 -999.250 -999.250 -999.250 -999.250 -999.250 -999.250 -999.250 -999.250 -999.250 -999.250 -999.250 -999.250 -999.250 -999.250 -999.250 -999.250 -999.250 -999.250 -999.250 -999.250 -999.250 -999.250 -999.250 -999.250 -999.250 -999.250 -999.250 -999.250 -999.250 -999.250 -999.250 -999.250 -999.250 -999.250 393.351 -999.250 -999.250 -999.250 -999.250 -999.250 -999.250 -999.250 -999.250 -999.250 -999.250 -999.250 -999.250 -999.250
-999.250 -999.250 -999.250 -999.250 -999.250 -999.250 -999.250 -999.250 -999.250 -999.250 -999.250 -999.250 -999.250 -999.250 -999.250 -999.250 -999.250 -999.250 -999.250 -999.250 -999.250 -999.250 -999.250 -999.250 -999.250 -999.250 -999.250 -999.250 -999.250 -999.250 -999.250 -999.250 -999.250 -999.250 -999.250 383.816 341.505 311.430 299.006 -999.250 -999.250 -999.250 -999.250 256.855 -999.250 -999.250 -999.250 -999.250 -999.250 -999.250 400.227 486.106 -999.250 -999.250 -999.250 -999.250 -999.250 -999.250 -999.250 -999.250 -999.250 -999.250 -999.250 -999.250
-999.250 -999.250 -999.250 -999.250 -999.250 -999.250 -999.250 -999.250 -999.250 -999.250 -999.250 -999.250 -999.250 -999.250 -999.250 -999.250 -999.250 -999.250 -999.250 -999.250 -999.250 -999.250 -999.250 -999.250 -999.250 -999.250 -999.250 -999.250 -999.250 -999.250 -999.250 -999.250 -999.250 -999.250 -999.250 384.271 366.538 303.153 282.394 -999.250 -999.250 -999.250 237.408 261.408 269.664 -999.250 -999.250 -999.250 -999.250 -999.250 428.424 517.711 556.146 -999.250 -999.250 -999.250 -999.250 -999.250 -999.250 940.066 953.371 -999.250 -999.250 -999.250
-999.250 -999.250 -999.250 -999.250 -999.250 -999.250 -999.250 -999.250 -999.250 -999.250 -999.250 -999.250 -999.250 -999.250 -999.250 -999.250 -999.250 -999.250 -999.250 -999.250 -999.250 -999.250 -999.250 -999.250 -999.250 -999.250 -999.250 -999.250 -999.250 -999.250 -999.250 -999.250 -999.250 -999.250 -999.250 418.468 356.168 334.815 313.607 280.392 252.344 231.087 223.589 259.293 299.793 321.041 344.203 388.914 427.931 460.017 481.766 545.242 608.255 649.941 693.418 743.868 808.068 926.601 975.476 1071.151 1041.702 -999.250 -999.250 -999.250
-999.250 -999.250 -999.250 -999.250 -999.250 631.159 -999.250 -999.250 -999.250 -999.250 -999.250 -999.250 -999.250 -999.250 -999.250 -999.250 -999.250 -999.250 -999.250 -999.250 -999.250 -999.250 -999.250 -999.250 -999.250 -999.250 -999.250 -999.250 -999.250 -999.250 -999.250 -999.250 -999.250 -999.250 -999.250 432.513 371.339 330.294 316.418 276.494 255.909 255.999 246.994 255.022 298.426 322.823 348.098 390.328 453.917 501.251 565.635 590.909 622.636 678.732 757.959 840.957 902.915 951.006 1050.668 1056.111 1119.409 -999.250 -999.250 -999.250
-999.250 -999.250 -999.250 -999.250 -999.250 655.346 -999.250 -999.250 -999.250 -999.250 -999.250 -999.250 -999.250 845.237 -999.250 -999.250 -999.250 -999.250 -999.250 -999.250 -999.250 -999.250 -999.250 -999.250 -999.250 -999.250 -999.250 -999.250 -999.250 -999.250 -999.250 -999.250 -999.250 -999.250 -999.250 458.741 392.725 345.542 304.004 279.464 247.604 245.578 268.735 301.734 318.871 346.940 377.893 442.881 477.758 526.132 593.077 642.612 700.350 748.405 830.970 925.351 941.381 1029.409 1122.468 1155.170 1139.238 -999.250 -999.250 -999.250
-999.250 -999.250 -999.250 -999.250 -999.250 715.737 -999.250 -999.250 -999.250 -999.250 878.051 791.059 848.401 813.479 807.231 -999.250 -999.250 -999.250 -999.250 -999.250 -999.250 -999.250 -999.250 -999.250 -999.250 -999.250 -999.250 -999.250 -999.250 -999.250 -999.250 -999.250 -999.250 -999.250 -999.250 435.471 414.351 351.580 325.776 298.606 267.117 257.814 298.638 316.352 343.754 363.590 417.783 460.107 547.107 571.769 628.720 716.555 745.479 807.181 912.446 947.217 1043.129 1078.158 1144.386 1156.330 1237.985 1255.949 -999.250 -999.250
-999.250 -999.250 651.260 707.615 719.358 694.565 -999.250 -999.250 737.051 805.646 849.389 852.756 868.010 886.130 901.544 944.500 977.425 962.643 -999.250 -999.250 -999.250 -999.250 -999.250 -999.250 -999.250 -999.250 -999.250 -999.250 -999.250 -999.250 -999.250 -999.250 611.655 577.625 538.438 454.838 422.054 360.629 346.018 312.022 283.526 283.409 298.084 328.374 349.634 372.473 440.733 500.898 588.904 635.917 697.420 767.305 898.225 925.394 996.886 1074.912 1115.891 1168.361 1265.263 1307.725 1364.477 1379.003 -999.250 -999.250
-999.250 661.052 724.933 737.166 758.738 715.462 -999.250 727.792 785.437 863.481 822.995 900.587 832.772 842.932 903.583 892.155 925.412 -999.250 -999.250 -999.250 -999.250 -999.250 1064.141 1059.032 -999.250 -999.250 -999.250 885.757 -999.250 -999.250 717.139 714.289 652.947 601.274 562.763 488.531 460.530 399.361 363.258 335.451 310.962 280.790 304.718 332.922 356.213 423.587 490.622 541.407 605.887 695.128 811.569 869.291 965.170 1025.192 1097.178 1140.253 1205.843 1274.182 1322.205 1328.538 1412.620 1474.686 -999.250 -999.250
-999.250 649.833 717.036 764.329 821.095 823.755 771.812 786.860 843.359 821.936 869.278 844.608 830.065 861.185 847.627 920.564 946.091 -999.250 -999.250 1091.707 1069.004 1095.395 1097.810 1055.738 1112.699 -999.250 999.716 910.731 913.904 801.125 746.400 739.448 716.967 640.888 597.726 542.920 518.110 434.105 385.428 351.346 332.774 312.596 309.837 348.354 389.241 449.075 546.305 578.376 624.700 776.347 838.943 969.823 1004.082 1139.644 1156.733 1207.483 1225.940 1325.539 1385.303 1395.552 1613.689 1684.277 -999.250 -999.250
657.347 688.438 724.177 751.786 773.396 781.154 819.399 786.148 839.638 853.455 782.920 825.072 817.775 841.381 882.485 830.666 922.393 903.885 950.039 954.371 1017.567 1116.906 1082.116 1071.675 1144.559 1123.943 1022.381 980.327 936.452 820.775 760.452 767.666 711.322 658.687 595.178 576.952 542.803 479.770 442.119 368.469 369.798 351.829 350.517 370.879 413.066 473.842 542.512 610.130 683.322 777.230 919.502 1016.850 1071.685 1144.023 1187.123 1269.900 1330.206 1422.690 1522.528 1706.423 1801.767 1842.006 -999.250 -999.250
685.430 690.339 706.410 756.832 788.694 759.800 803.957 840.030 889.198 836.474 825.769 838.127 770.918 771.651 788.494 786.786 802.913 818.936 889.967 951.039 1032.293 1115.069 1153.171 1192.191 1200.029 1134.644 1050.828 973.962 959.711 883.812 842.440 800.637 715.143 673.747 659.452 609.189 573.094 525.902 469.015 419.155 392.968 388.240 379.368 421.771 449.109 515.811 572.959 614.733 694.751 781.078 913.729 1052.591 1079.748 1188.311 1241.638 1317.369 1534.920 1672.625 1591.000 1757.543 1861.027 1810.748 -999.250 -999.250
675.604 713.443 732.609 755.139 770.031 822.269 891.281 951.349 915.637 827.560 787.183 764.743 737.239 743.806 745.585 749.303 740.337 806.041 880.261 1013.832 1073.537 1114.866 1181.699 1251.000 1221.780 1156.121 1108.745 1107.401 984.812 891.889 895.592 813.245 731.912 713.438 683.979 614.548 570.603 540.121 472.409 436.586 427.370 434.668 449.208 467.016 515.958 565.588 597.112 668.947 771.507 870.963 1011.142 1108.440 1141.759 1241.796 1356.724 1437.390 1658.937 1701.288 1747.949 1891.632 1868.388 -999.250 -999.250 -999.250
719.683 696.584 710.640 748.385 793.783 835.830 927.857 944.759 903.879 822.108 765.736 760.503 729.204 703.522 696.778 713.659 712.063 773.493 862.961 954.560 1109.154 1177.800 1263.731 1342.043 1275.736 1201.709 1154.057 1130.745 1102.774 952.524 891.126 838.516 721.861 743.012 694.233 637.085 564.233 558.991 501.802 479.653 475.951 473.189 483.330 484.188 535.852 578.059 641.217 719.538 798.114 926.907 1097.988 1123.853 1252.512 1341.905 1368.415 1527.419 1690.150 1803.700 1825.814 2070.778 2143.916 -999.250 -999.250 -999.250
696.959 682.803 686.315 710.463 724.928 797.023 810.520 828.438 795.776 778.390 734.548 732.780 678.042 678.263 676.189 682.838 689.526 751.004 888.172 917.588 1090.673 1204.210 1244.201 1237.598 1207.296 1168.502 1157.294 1102.360 982.611 991.329 925.850 835.298 812.220 714.004 662.543 635.386 595.342 543.078 522.534 509.251 506.436 509.979 505.056 513.283 558.573 612.513 687.826 773.867 912.182 1051.529 1127.306 1197.338 1292.411 1402.629 1616.737 1747.259 1822.256 1839.142 1998.498 2182.767 2144.978 -999.250 -999.250 -999.250
672.475 652.033 667.747 666.733 688.745 715.649 747.287 782.837 732.501 689.572 682.571 649.585 652.129 630.544 620.652 625.573 699.813 736.767 865.054 947.012 1079.335 1171.201 1170.926 1221.798 1181.855 1091.626 1095.311 1109.206 1068.792 986.819 915.891 864.322 806.204 758.788 672.946 666.859 614.477 571.693 543.859 517.630 506.837 495.497 519.005 554.326 571.896 657.913 765.299 811.825 927.843 1081.576 1158.935 1268.024 1334.894 1507.999 1768.238 1838.069 1800.380 2040.527 2162.803 2194.315 2251.487 -999.250 -999.250 -999.250
625.527 643.081 630.676 646.119 622.217 674.535 672.082 671.670 665.740 625.287 621.455 637.071 608.295 620.155 616.707 600.240 662.458 739.675 815.827 947.769 1030.549 1126.404 1176.691 1201.101 1149.348 1172.158 1156.073 1117.960 1073.208 964.828 900.229 866.278 817.296 756.160 696.300 642.141 598.456 579.657 549.593 529.439 533.372 518.314 536.880 572.272 578.856 675.673 750.663 847.225 975.739 1096.289 1203.707 1264.277 1388.762 1552.899 1828.225 1936.086 2007.909 2069.343 2235.326 2252.009 2293.349 -999.250 -999.250 -999.250
610.199 586.134 608.595 600.992 595.476 608.362 616.608 610.167 601.887 599.932 587.875 600.785 599.747 611.814 600.266 616.458 665.925 715.969 786.107 909.544 985.032 1101.658 1129.893 1154.606 1173.352 1174.728 1175.337 1131.352 1098.360 1040.427 939.744 903.026 843.979 771.568 742.681 691.527 638.316 573.919 558.767 552.228 536.354 532.986 523.817 586.183 617.518 677.878 749.075 864.784 992.176 1126.025 1218.712 1340.825 1411.135 1576.322 1868.363 1965.776 2165.551 2236.466 2313.834 2331.024 2397.314 2362.672 -999.250 -999.250
581.850 572.019 572.089 563.374 576.892 567.635 587.583 590.325 576.388 554.295 571.020 576.960 580.942 581.694 604.653 620.524 664.995 721.223 802.705 887.133 960.085 992.032 1096.951 1149.360 1145.070 1164.129 1168.834 1143.767 1141.975 1086.854 1018.880 981.408 910.134 841.595 740.317 705.839 607.529 584.539 556.416 532.445 515.970 523.404 559.592 586.204 619.842 709.282 737.116 897.524 942.315 1037.206 1247.847 1350.036 1497.284 1712.712 1832.764 2079.554 2194.207 2270.115 2340.236 2368.572 2433.487 2526.507 2568.828 -999.250
552.626 556.994 555.909 538.958 531.609 526.503 531.192 539.150 556.705 544.494 540.505 564.506 565.357 583.356 609.646 619.504 692.364 702.434 798.896 817.155 923.491 1004.581 1088.250 1104.344 1119.995 1138.951 1105.279 1138.882 1117.461 1050.879 1048.255 955.992 857.696 803.509 758.718 695.622 636.976 608.318 551.568 529.361 542.917 553.204 567.279 580.335 636.393 700.651 756.557 918.807 985.719 1190.380 1235.350 1382.629 1573.609 1754.388 1883.148 2148.903 2141.089 2291.474 2360.104 2385.226 2536.338 2608.095 2694.225 2685.091
546.797 522.283 529.744 500.083 493.635 468.816 515.161 510.562 525.785 515.387 532.918 544.132 546.958 563.170 594.674 621.621 656.957 722.660 767.509 840.210 961.726 1032.509 1017.766 1010.428 1079.269 1081.059 1089.606 1090.240 1089.115 1070.810 1096.078 987.539 915.148 789.347 722.953 653.981 604.523 585.046 561.411 554.064 546.192 553.131 565.535 577.066 658.604 723.487 780.999 836.856 1007.198 1129.100 1261.724 1444.218 1704.112 1792.363 1883.566 2038.525 2227.425 2277.777 2355.826 2512.139 2567.024 2675.826 2772.184 2768.768
