data/medianmodel_31-Jan-2021.asc
ncols	141
nrows	288
xllcorner	-120191.398
yllcorner	-301404.813
cellsize	2000.000
NODATA_value	-999.250
[rows 196 to 223 of 288, columns 63 to 125 of 141]
1328.215 1309.595 1299.244 1316.863 1370.877 1401.400 1374.222 1404.624 1501.130 1604.789 1684.220 1714.177 1856.778 1919.117 2003.038 2104.978 2066.578 2255.086 2245.918 2306.286 2333.011 2325.494 2262.838 2167.104 2028.709 1935.275 1918.665 1803.440 1676.947 1604.796 1521.847 1390.322 1406.871 1370.119 1286.876 -999.250 -999.250 -999.250 -999.250 -999.250 -999.250 -999.250 -999.250 -999.250 -999.250 -999.250 -999.250 -999.250 -999.250 -999.250 -999.250 -999.250 -999.250 -999.250 -999.250 -999.250 -999.250 -999.250 -999.250 -999.250 -999.250 -999.250 -999.250
1394.493 1276.978 1225.745 1263.001 1296.185 1322.716 1323.507 1371.422 1454.730 1522.391 1682.640 1705.750 1798.487 1876.577 1919.787 2031.607 2040.194 2068.215 2152.680 2212.067 2302.134 2285.665 2196.846 2117.090 1971.060 1951.876 1876.770 1764.555 1675.294 1600.348 1527.556 1388.479 1418.004 1287.041 -999.250 -999.250 -999.250 -999.250 -999.250 -999.250 -999.250 -999.250 -999.250 -999.250 -999.250 -999.250 -999.250 -999.250 -999.250 -999.250 -999.250 -999.250 -999.250 -999.250 -999.250 -999.250 -999.250 -999.250 -999.250 -999.250 -999.250 -999.250 -999.250
1297.559 1347.333 1291.353 1223.030 1207.288 1246.308 1222.629 1294.650 1420.553 1547.524 1611.718 1726.563 1813.972 1836.479 1944.405 1995.848 1990.085 2047.046 2108.790 2215.591 2179.524 2208.545 2115.788 2057.488 1938.701 1883.021 1781.559 1727.347 1633.988 1596.103 1433.559 1382.583 1326.432 -999.250 -999.250 -999.250 -999.250 -999.250 -999.250 -999.250 -999.250 -999.250 -999.250 -999.250 -999.250 -999.250 -999.250 -999.250 -999.250 -999.250 -999.250 -999.250 -999.250 -999.250 -999.250 -999.250 -999.250 -999.250 -999.250 -999.250 -999.250 -999.250 -999.250
1284.443 1284.302 1232.772 1230.894 1257.156 1234.606 1264.102 1306.704 1418.192 1452.909 1606.840 1674.169 1734.658 1889.508 1908.937 1934.209 2008.223 2047.516 2164.941 2161.668 2211.008 2087.883 2013.175 2005.641 1912.213 1822.005 1772.369 1687.805 1584.634 1562.066 1423.524 1372.591 1224.567 -999.250 -999.250 -999.250 -999.250 -999.250 -999.250 -999.250 -999.250 -999.250 -999.250 -999.250 -999.250 -999.250 -999.250 -999.250 -999.250 -999.250 -999.250 -999.250 -999.250 -999.250 -999.250 -999.250 -999.250 -999.250 -999.250 -999.250 -999.250 -999.250 -999.250
1196.956 1226.396 1224.376 1215.425 1246.779 1233.285 1262.600 1331.834 1407.574 1473.691 1515.778 1640.376 1716.124 1759.059 1892.232 1928.510 1959.675 2011.544 2033.389 2086.916 2063.585 2005.824 1945.021 1945.712 1806.345 1742.159 1716.478 1682.753 1577.901 1519.575 1367.670 1313.965 1201.737 -999.250 -999.250 -999.250 -999.250 -999.250 -999.250 -999.250 -999.250 -999.250 -999.250 -999.250 -999.250 -999.250 -999.250 -999.250 -999.250 -999.250 -999.250 -999.250 -999.250 -999.250 -999.250 -999.250 -999.250 -999.250 -999.250 -999.250 -999.250 -999.250 -999.250
1217.087 1242.336 1237.060 1240.301 1246.024 1242.542 1241.150 1371.145 1395.782 1466.920 1563.534 1657.952 1741.783 1744.779 1752.303 1786.020 1890.803 1889.162 1983.925 2008.782 2002.292 1955.552 1871.499 1885.536 1795.686 1709.877 1612.838 1615.207 1496.537 1404.060 1292.234 1265.463 1166.184 -999.250 -999.250 -999.250 -999.250 -999.250 -999.250 -999.250 -999.250 -999.250 -999.250 -999.250 -999.250 -999.250 -999.250 -999.250 -999.250 -999.250 -999.250 -999.250 -999.250 -999.250 -999.250 -999.250 -999.250 -999.250 -999.250 -999.250 -999.250 -999.250 -999.250
1196.107 1202.567 1211.896 1255.000 1221.070 1196.293 1223.188 1306.994 1367.759 1476.961 1573.189 1634.180 1695.161 1728.860 1744.074 1757.769 1745.599 1805.640 1850.745 1833.303 1889.913 1881.797 1913.063 1778.223 1713.177 1722.684 1583.701 1480.189 1375.758 1396.119 1290.975 1222.628 -999.250 -999.250 -999.250 -999.250 -999.250 -999.250 -999.250 -999.250 -999.250 -999.250 -999.250 -999.250 -999.250 -999.250 -999.250 -999.250 -999.250 -999.250 -999.250 -999.250 -999.250 -999.250 -999.250 -999.250 -999.250 -999.250 -999.250 -999.250 -999.250 -999.250 -999.250
1161.319 1171.208 1112.595 1192.966 1175.438 1172.386 1179.413 1220.439 1374.117 1482.028 1490.581 1592.212 1665.846 1698.132 1724.557 1645.033 1693.012 1727.915 1667.877 1753.666 1807.587 1853.885 1781.174 1736.581 1684.788 1627.903 1540.165 1453.428 1346.001 1259.296 1161.162 1096.706 -999.250 -999.250 -999.250 -999.250 -999.250 -999.250 -999.250 -999.250 -999.250 -999.250 -999.250 -999.250 -999.250 -999.250 -999.250 -999.250 -999.250 -999.250 -999.250 -999.250 -999.250 -999.250 -999.250 -999.250 -999.250 -999.250 -999.250 -999.250 -999.250 -999.250 -999.250
1104.693 1127.161 1083.694 1139.381 1185.861 1168.462 1218.197 1265.199 1317.358 1353.323 1407.418 1484.379 1597.055 1599.894 1609.145 1613.850 1630.301 1672.605 1677.530 1697.182 1742.334 1739.437 1705.697 1705.582 1604.916 1541.861 1480.160 1391.107 1254.536 1166.999 1089.318 1016.307 982.651 -999.250 -999.250 -999.250 -999.250 -999.250 -999.250 -999.250 -999.250 -999.250 -999.250 -999.250 -999.250 -999.250 -999.250 -999.250 -999.250 -999.250 -999.250 -999.250 -999.250 -999.250 -999.250 -999.250 -999.250 -999.250 -999.250 -999.250 -999.250 -999.250 -999.250
1110.368 1131.259 1101.380 1149.959 1183.169 1191.481 1205.597 1231.979 1298.739 1371.145 1425.599 1467.336 1478.094 1532.475 1535.379 1525.875 1633.534 1589.927 1614.032 1692.849 1674.385 1676.319 1695.264 1680.958 1685.732 1565.430 1434.644 1326.235 1208.843 1126.187 1037.856 963.155 -999.250 -999.250 -999.250 -999.250 -999.250 -999.250 -999.250 -999.250 -999.250 -999.250 -999.250 -999.250 -999.250 -999.250 -999.250 -999.250 -999.250 -999.250 -999.250 -999.250 -999.250 -999.250 -999.250 -999.250 -999.250 -999.250 -999.250 -999.250 -999.250 -999.250 -999.250
1103.295 1092.457 1152.217 1163.738 1190.369 1193.595 1274.141 1193.506 1290.359 1382.697 1421.438 1454.219 1495.409 1492.941 1486.636 1511.716 1586.420 1611.859 1639.320 1628.259 1656.103 1635.554 1647.529 1625.530 1616.461 1501.341 1423.561 1263.510 1211.060 1083.620 969.663 909.571 803.861 -999.250 -999.250 -999.250 -999.250 -999.250 -999.250 -999.250 -999.250 -999.250 -999.250 -999.250 -999.250 -999.250 -999.250 -999.250 -999.250 -999.250 -999.250 -999.250 -999.250 -999.250 -999.250 -999.250 -999.250 -999.250 -999.250 -999.250 -999.250 -999.250 -999.250
1126.566 1125.238 1160.384 1226.555 1206.495 1208.041 1202.233 1231.219 1299.620 1311.355 1342.849 1452.527 1499.670 1477.946 1459.278 1449.838 1488.851 1540.431 1600.683 1570.907 1614.436 1613.070 1623.987 1609.826 1535.782 1521.248 1369.708 1291.154 1161.502 1049.676 920.567 835.909 767.383 650.022 -999.250 -999.250 -999.250 -999.250 -999.250 -999.250 -999.250 -999.250 -999.250 -999.250 -999.250 -999.250 -999.250 -999.250 -999.250 -999.250 -999.250 -999.250 -999.250 -999.250 -999.250 -999.250 -999.250 -999.250 -999.250 -999.250 -999.250 -999.250 -999.250
1092.267 1127.489 1168.292 1158.271 1179.506 1172.672 1197.957 1252.020 1213.943 1277.319 1276.978 1351.055 1406.569 1431.491 1424.542 1434.715 1463.183 1542.823 1549.299 1546.841 1567.919 1594.343 1551.862 1524.760 1562.482 1507.216 1352.936 1274.356 1144.076 1058.975 961.971 802.916 687.220 577.179 -999.250 -999.250 -999.250 -999.250 -999.250 -999.250 -999.250 -999.250 -999.250 -999.250 -999.250 -999.250 -999.250 -999.250 -999.250 -999.250 -999.250 -999.250 -999.250 -999.250 -999.250 -999.250 -999.250 -999.250 -999.250 -999.250 -999.250 -999.250 -999.250
1117.491 1142.504 1157.549 1167.671 1192.415 1161.029 1233.261 1256.740 1288.273 1236.113 1309.465 1309.219 1380.976 1381.483 1370.598 1410.200 1464.579 1471.631 1451.396 1504.779 1462.261 1527.293 1574.309 1543.363 1480.879 1423.401 1371.575 1251.872 1162.198 1070.075 933.171 797.248 668.192 489.796 548.667 -999.250 -999.250 -999.250 -999.250 -999.250 -999.250 -999.250 -999.250 -999.250 -999.250 -999.250 -999.250 -999.250 -999.250 -999.250 -999.250 -999.250 -999.250 -999.250 -999.250 -999.250 -999.250 -999.250 -999.250 -999.250 -999.250 -999.250 -999.250
1068.677 1141.039 1149.685 1143.748 1189.033 1217.266 1183.273 1227.521 1213.666 1216.685 1312.561 1255.285 1262.192 1325.677 1369.938 1361.528 1401.405 1364.872 1424.378 1454.001 1450.986 1474.793 1512.309 1552.215 1471.310 1461.828 1413.583 1300.102 1187.438 1070.467 948.594 834.373 766.656 635.882 585.100 597.221 -999.250 -999.250 -999.250 -999.250 -999.250 -999.250 -999.250 -999.250 -999.250 -999.250 -999.250 -999.250 -999.250 -999.250 -999.250 -999.250 -999.250 -999.250 -999.250 -999.250 -999.250 -999.250 -999.250 -999.250 -999.250 -999.250 -999.250
1021.093 1081.548 1146.744 1162.582 1182.595 1219.171 1199.802 1211.146 1206.217 1270.444 1253.567 1269.187 1253.708 1245.329 1260.956 1290.141 1294.600 1308.098 1377.020 1391.596 1458.173 1482.749 1542.160 1552.200 1494.686 1461.475 1430.109 1320.018 1211.155 1156.441 1001.603 912.885 834.720 765.781 718.879 634.801 690.650 -999.250 -999.250 -999.250 -999.250 -999.250 -999.250 -999.250 -999.250 -999.250 -999.250 -999.250 -999.250 -999.250 -999.250 -999.250 -999.250 -999.250 -999.250 -999.250 -999.250 -999.250 -999.250 -999.250 -999.250 -999.250 -999.250
943.747 982.346 1044.230 1114.972 1170.861 1179.441 1180.445 1249.292 1211.316 1261.940 1219.241 1230.014 1185.306 1201.371 1188.687 1246.896 1257.251 1288.638 1273.831 1329.209 1379.206 1444.472 1512.657 1541.380 1537.205 1493.737 1450.327 1355.439 1301.909 1230.044 1101.000 1018.962 925.995 862.580 794.901 796.040 784.296 752.571 -999.250 -999.250 -999.250 -999.250 -999.250 -999.250 -999.250 -999.250 -999.250 -999.250 -999.250 -999.250 -999.250 -999.250 -999.250 -999.250 -999.250 -999.250 -999.250 -999.250 -999.250 -999.250 -999.250 -999.250 -999.250
881.693 915.323 968.785 1008.960 1104.298 1218.504 1237.240 1224.441 1208.213 1213.819 1171.320 1166.437 1121.029 1104.306 1140.167 1132.464 1176.079 1219.290 1279.155 1252.658 1328.543 1383.366 1480.950 1468.108 1565.588 1529.246 1446.514 1429.173 1392.202 1291.538 1194.338 1092.026 1053.702 978.492 950.492 859.845 864.498 806.598 -999.250 -999.250 -999.250 -999.250 -999.250 -999.250 -999.250 -999.250 -999.250 -999.250 -999.250 -999.250 -999.250 -999.250 -999.250 -999.250 -999.250 -999.250 -999.250 -999.250 -999.250 -999.250 -999.250 -999.250 -999.250
767.330 793.749 859.973 974.010 1115.563 1232.559 1290.244 1307.453 1213.840 1175.169 1156.297 1022.194 1013.272 981.017 987.939 1070.026 1088.243 1124.577 1172.765 1279.024 1325.511 1416.009 1471.441 1509.933 1540.298 1600.929 1528.399 1523.612 1501.197 1399.384 1322.061 1223.150 1179.291 1119.061 1050.356 984.459 947.713 920.097 927.404 -999.250 -999.250 -999.250 -999.250 -999.250 -999.250 -999.250 -999.250 -999.250 -999.250 -999.250 -999.250 -999.250 -999.250 -999.250 -999.250 -999.250 -999.250 -999.250 -999.250 -999.250 -999.250 -999.250 -999.250
715.161 721.649 798.992 893.872 1085.913 1211.431 1354.929 1373.197 1302.207 1229.909 1090.265 973.580 904.667 882.054 880.054 972.366 996.567 1117.999 1204.062 1253.736 1315.502 1456.378 1473.167 1474.441 1562.389 1581.759 1574.998 1547.929 1571.485 1519.259 1405.311 1289.468 1281.389 1215.296 1176.712 1136.398 1049.725 1009.118 962.631 922.100 -999.250 -999.250 -999.250 -999.250 -999.250 -999.250 -999.250 -999.250 -999.250 -999.250 -999.250 -999.250 -999.250 -999.250 -999.250 -999.250 -999.250 -999.250 -999.250 -999.250 -999.250 -999.250 -999.250
612.334 596.490 704.325 867.122 1114.605 1392.925 1524.512 1546.804 1450.589 1258.617 1072.288 897.228 770.949 786.077 825.580 921.395 973.952 1063.466 1112.393 1193.726 1219.236 1384.300 1469.953 1539.569 1607.510 1677.402 1661.052 1732.083 1627.224 1638.664 1573.752 1594.647 1517.340 1394.236 1321.236 1252.599 1218.587 1076.378 1008.757 967.075 -999.250 -999.250 -999.250 -999.250 -999.250 -999.250 -999.250 -999.250 -999.250 -999.250 -999.250 -999.250 -999.250 -999.250 -999.250 -999.250 -999.250 -999.250 -999.250 -999.250 -999.250 -999.250 -999.250
625.570 569.121 524.828 878.738 1166.086 1491.852 1649.178 1677.891 1569.918 1375.338 1146.197 871.969 580.762 701.860 813.629 869.349 970.785 1004.158 1104.636 1151.468 1283.328 1387.278 1482.541 1549.912 1605.557 1787.004 1730.745 1787.311 1778.585 1806.649 1794.023 1723.615 1688.106 1542.850 1467.314 1371.527 1282.408 1187.228 1100.895 986.178 -999.250 -999.250 -999.250 -999.250 -999.250 -999.250 -999.250 -999.250 -999.250 -999.250 -999.250 -999.250 -999.250 -999.250 -999.250 -999.250 -999.250 -999.250 -999.250 -999.250 -999.250 -999.250 -999.250
688.315 714.476 792.690 1031.924 1385.576 1682.719 1908.846 1915.839 1794.117 1577.563 1280.770 1005.290 826.722 817.144 862.516 895.538 962.195 1026.186 1105.559 1169.699 1258.143 1364.265 1464.810 1609.230 1687.590 1757.693 1783.952 1911.525 1928.626 1956.700 1868.458 1844.520 1754.485 1701.043 1624.797 1510.069 1356.466 1265.332 1142.291 1054.927 981.028 -999.250 -999.250 -999.250 -999.250 -999.250 -999.250 -999.250 947.468 -999.250 -999.250 -999.250 -999.250 -999.250 -999.250 -999.250 -999.250 -999.250 -999.250 -999.250 -999.250 -999.250 -999.250
813.299 889.405 1024.938 1255.525 1572.294 1855.039 2086.636 2232.435 2081.539 1826.077 1553.117 1272.867 1020.755 925.398 948.629 969.579 1004.283 1062.190 1079.968 1158.904 1265.666 1356.582 1523.637 1643.369 1755.812 1842.059 1929.795 2002.552 2027.961 2019.965 2030.456 1909.338 1899.555 1750.540 1659.900 1595.967 1402.974 1373.452 1278.379 1137.293 1036.384 987.951 -999.250 -999.250 -999.250 921.591 906.016 911.561 959.989 -999.250 -999.250 -999.250 -999.250 -999.250 -999.250 -999.250 -999.250 -999.250 -999.250 -999.250 -999.250 -999.250 -999.250
945.568 1075.392 1217.804 1469.298 1686.927 2031.727 2363.918 2633.297 2295.629 1959.286 1708.260 1453.873 1205.989 1106.769 1061.793 1025.274 1025.684 1101.781 1142.396 1180.593 1234.029 1376.793 1470.981 1635.660 1724.712 1892.860 1943.631 2019.652 2200.122 2232.335 2227.663 2036.296 1952.080 1880.721 1735.747 1671.062 1498.392 1470.898 1366.704 1176.967 1113.502 1041.555 -999.250 948.911 926.448 903.435 925.534 957.092 -999.250 -999.250 -999.250 -999.250 -999.250 -999.250 -999.250 -999.250 -999.250 -999.250 -999.250 -999.250 -999.250 -999.250 -999.250
1046.384 1235.208 1422.702 1624.222 1878.619 2083.369 2326.738 2440.259 2316.240 2021.393 1748.968 1587.368 1318.791 1194.593 1125.124 1130.057 1117.934 1163.303 1198.588 1176.953 1284.865 1353.549 1479.189 1601.683 1774.362 1925.250 2037.461 2162.014 2272.144 2357.982 2326.264 2265.701 2103.365 1945.152 1801.214 1693.175 1598.145 1433.921 1335.777 1270.035 1159.689 1083.222 1025.557 969.878 917.993 946.477 979.278 983.915 -999.250 -999.250 -999.250 -999.250 -999.250 -999.250 -999.250 -999.250 -999.250 -999.250 -999.250 -999.250 -999.250 -999.250 -999.250
1170.025 1346.543 1567.754 1702.367 2009.911 2139.887 2283.919 2341.889 2206.961 2027.558 1798.221 1615.492 1398.157 1240.925 1206.734 1179.660 1121.598 1172.868 1200.330 1223.648 1248.031 1397.247 1521.135 1604.656 1707.285 1925.607 2022.651 2228.956 2368.241 2558.682 2408.488 2350.938 2116.505 2011.181 1858.821 1683.442 1616.700 1530.189 1494.108 1273.092 1231.283 1138.654 1069.926 1011.238 972.799 988.531 991.475 997.052 -999.250 -999.250 -999.250 -999.250 -999.250 -999.250 -999.250 -999.250 -999.250 -999.250 -999.250 -999.250 -999.250 -999.250 -999.250
1240.213 1375.565 1598.639 1762.368 1945.880 2100.379 2186.118 2188.344 2120.112 1975.378 1872.231 1674.463 1518.696 1355.181 1204.727 1235.859 1212.756 1168.215 1275.048 1272.915 1308.149 1479.394 1531.050 1616.498 1748.840 1810.478 2057.992 2206.707 2335.007 2405.479 2350.654 2270.523 2111.821 1963.197 1842.094 1704.486 1672.530 1600.183 1433.410 1322.753 1257.611 1186.410 1097.198 1047.804 1015.748 1030.505 1034.484 1039.805 -999.250 -999.250 -999.250 -999.250 -999.250 -999.250 -999.250 -999.250 -999.250 -999.250 -999.250 -999.250 -999.250 -999.250 -999.250
