data/medianmodel_10-Dec-2020.asc
ncols	141
nrows	288
xllcorner	-120191.398
yllcorner	-301404.813
cellsize	2000.000
NODATA_value	-999.250
[rows 29 to 57 of 288, columns 64 to 127 of 141]
551.902 455.236 409.421 345.622 365.383 311.478 296.358 298.986 328.047 335.907 402.896 453.073 565.920 680.797 749.811 878.911 1031.998 1201.221 1287.865 1316.154 1372.899 1378.596 1369.728 1388.240 1296.588 1336.457 1315.283 1282.262 1166.096 1103.458 1066.271 982.443 928.156 855.552 801.841 740.504 723.671 690.483 637.372 597.029 565.923 525.090 537.638 563.373 554.057 560.875 589.952 613.595 671.313 767.395 768.792 765.575 864.974 922.692 966.082 1076.543 1174.846 1291.810 1350.002 1412.691 1502.432 1539.432 1547.117 1631.494
550.178 459.060 433.498 398.740 367.116 334.549 284.145 286.865 280.158 312.915 373.668 454.305 571.756 702.753 809.107 939.752 1052.471 1241.926 1300.308 1306.339 1341.693 1322.412 1349.431 1287.876 1243.901 1223.877 1233.369 1165.714 1098.320 1034.962 1012.456 931.369 832.047 846.733 708.551 716.152 652.259 620.699 539.656 548.773 521.107 501.203 520.677 521.934 538.164 572.482 573.476 599.692 645.799 699.846 742.983 745.121 829.082 908.364 977.565 1044.284 1154.191 1294.433 1336.838 1433.999 1456.782 1554.325 1584.048 1715.138
497.174 430.339 411.588 406.809 359.454 316.288 290.120 268.745 267.989 294.193 383.175 464.047 613.912 752.784 894.511 973.383 1071.911 1198.078 1265.788 1251.728 1291.028 1295.222 1278.974 1181.444 1181.160 1164.477 1142.038 1083.789 1001.500 1001.316 958.809 869.561 849.967 745.466 683.708 650.354 610.555 572.870 515.830 513.581 472.132 470.986 482.602 495.478 499.513 525.699 535.150 575.897 623.943 664.319 699.933 738.410 808.119 871.395 976.137 1039.752 1062.913 1202.425 1269.419 1375.064 1412.033 1528.038 1622.522 1544.116
475.246 427.423 404.212 385.346 372.425 332.220 292.972 267.838 246.120 259.358 354.887 447.965 623.015 755.697 945.244 1021.364 1168.569 1249.297 1281.490 1307.236 1260.921 1253.033 1270.780 1152.032 1099.359 1045.960 1020.074 959.786 942.075 945.471 881.793 805.732 737.655 703.183 660.902 629.637 556.350 505.199 493.343 468.180 438.854 447.081 446.671 460.691 463.443 465.497 496.756 517.664 539.857 579.031 669.254 688.273 735.190 819.654 909.375 1021.098 1067.008 1133.296 1260.901 1334.023 1366.327 1423.545 1432.328 1442.528
460.881 436.317 445.776 436.321 410.697 381.953 317.168 262.993 234.813 222.392 313.883 455.042 631.057 782.193 958.418 1052.774 1199.854 1281.722 1310.214 1277.627 1271.095 1260.026 1188.359 1188.180 1018.600 1001.153 938.564 877.928 895.720 879.960 831.622 734.363 674.240 677.586 610.565 561.932 496.801 480.151 458.250 436.563 423.523 425.589 434.958 440.143 434.004 461.364 483.078 486.249 509.819 554.385 610.450 647.066 715.352 736.942 855.150 923.227 1012.751 1061.459 1133.146 1240.279 1306.152 1300.516 1348.135 1334.631
435.116 461.299 483.991 503.283 481.742 470.206 414.474 328.024 249.671 182.846 334.766 463.247 649.597 832.948 979.322 1093.294 1203.871 1350.703 1334.399 1269.307 1239.741 1198.332 1122.198 1048.836 1033.385 956.715 882.076 849.472 841.279 756.388 715.828 664.871 644.298 581.279 561.274 495.787 474.797 431.127 431.842 421.397 422.003 401.832 430.046 409.887 426.758 439.820 484.598 472.514 494.439 552.745 586.332 625.572 656.294 710.482 827.762 871.117 954.626 1008.190 1019.883 1178.381 1128.762 1186.849 1211.595 1169.194
543.685 593.474 609.467 619.403 627.000 534.988 521.007 426.052 382.668 345.776 426.824 538.455 685.895 802.837 975.838 1123.953 1254.313 1387.844 1332.627 1294.182 1188.256 1146.157 1022.063 988.507 902.362 862.980 791.804 722.941 726.294 700.646 630.902 629.394 550.482 519.489 470.871 455.954 442.017 433.392 418.591 394.894 400.732 407.262 403.834 408.611 423.509 432.834 443.432 450.599 486.744 537.433 537.794 610.695 640.229 676.963 732.030 750.366 887.175 916.791 975.871 997.405 1035.021 1059.258 1071.246 1062.757
652.485 674.308 730.658 745.755 773.836 748.500 662.247 612.977 530.626 508.888 554.591 635.826 733.621 864.398 973.108 1083.773 1181.310 1288.036 1270.116 1189.027 1109.037 1044.225 997.288 902.796 825.777 716.745 662.220 680.589 625.001 592.469 577.032 522.398 460.205 447.681 424.290 413.717 413.755 401.427 401.011 394.932 367.433 401.939 388.934 412.700 411.795 430.688 429.096 448.477 456.252 510.109 538.381 575.227 588.471 612.474 648.175 712.125 756.023 874.125 873.959 953.250 981.816 981.644 976.503 978.271
734.050 825.806 897.901 956.492 958.895 946.716 880.608 794.648 701.093 663.310 635.642 733.287 825.390 899.834 946.191 1016.496 1085.673 1140.614 1147.181 1036.003 1035.058 987.262 893.859 824.009 707.590 668.566 595.547 552.191 598.382 523.354 475.147 453.725 415.323 413.780 405.258 386.989 368.523 360.308 365.682 337.749 360.591 382.010 389.198 392.944 400.670 400.840 415.583 426.787 475.947 479.260 503.988 511.069 528.454 575.707 622.334 672.781 691.291 724.492 831.988 837.765 861.175 894.248 890.603 886.527
865.338 969.466 1052.131 1176.296 1229.620 1166.661 989.416 953.424 873.794 862.526 820.489 812.734 857.364 847.835 938.509 943.247 1012.246 1015.501 991.634 979.792 913.279 878.692 828.340 730.859 656.407 565.291 510.427 487.718 457.556 462.880 420.865 401.060 384.340 353.385 361.311 349.580 341.042 331.025 336.327 357.966 356.268 370.469 361.071 376.750 395.428 394.054 412.329 426.971 443.227 477.236 471.582 486.367 519.806 518.362 606.972 624.531 629.200 687.683 686.068 730.962 767.492 763.580 754.833 788.107
930.446 1097.820 1316.592 1412.732 1407.022 1386.685 1269.859 1065.060 979.750 910.592 915.559 866.429 853.248 885.361 900.192 931.524 928.612 889.534 873.194 877.956 837.508 715.409 669.609 599.113 519.582 462.581 447.247 433.159 412.971 395.385 353.057 334.669 314.768 303.816 308.790 305.338 305.108 306.654 335.191 346.069 344.582 359.216 367.183 414.263 397.539 410.374 419.893 437.572 443.823 442.365 449.563 450.599 493.366 504.766 548.664 555.467 569.305 592.990 609.048 658.098 664.242 631.394 670.352 683.379
997.368 1308.550 1501.072 1699.038 1698.350 1575.371 1437.464 1255.290 1074.995 1007.252 948.015 897.304 909.990 876.407 870.740 878.473 799.936 845.978 822.423 782.391 701.383 654.946 553.455 488.412 421.014 408.233 403.539 379.752 362.629 318.958 337.962 284.695 284.969 280.732 275.423 275.454 274.678 279.610 287.413 298.208 326.728 343.821 371.144 413.777 414.042 437.819 443.802 440.604 436.955 423.094 430.100 455.039 464.529 479.034 496.694 478.461 485.461 498.601 521.034 541.647 586.016 584.401 593.033 588.790
1152.705 1398.481 1737.363 2145.119 1906.548 1711.761 1539.457 1386.770 1238.969 1105.926 966.661 918.070 862.121 779.713 758.801 771.125 759.563 694.130 697.934 687.200 631.376 552.727 522.338 426.923 403.258 365.961 333.902 301.830 298.440 275.107 262.932 242.701 239.579 242.243 235.924 243.426 244.026 248.249 270.162 288.076 326.459 386.477 404.594 418.844 433.904 450.688 452.792 436.520 443.991 417.089 415.403 426.581 439.281 435.567 444.659 438.266 443.760 437.033 478.020 488.921 507.332 523.227 543.650 511.129
1274.108 1419.571 1743.530 2013.623 1885.262 1755.239 1565.182 1358.848 1269.437 1063.305 940.759 878.935 768.864 734.871 715.738 689.053 677.668 644.617 603.002 571.729 549.127 487.129 465.406 419.917 396.995 341.407 295.981 272.260 262.567 239.790 222.433 203.325 189.794 189.636 191.107 199.698 221.577 225.244 245.525 277.658 316.916 373.490 405.326 421.529 436.803 461.994 483.370 442.511 444.064 424.052 407.513 398.476 401.465 410.752 404.051 394.439 411.389 406.752 418.553 435.102 450.894 448.562 479.864 490.288
1330.519 1488.261 1690.244 1877.681 1843.878 1655.055 1530.211 1362.638 1162.600 1026.659 941.456 817.560 710.720 646.523 624.892 592.630 582.984 539.942 524.908 493.724 480.154 444.732 436.055 411.829 372.202 331.622 293.573 252.794 222.594 199.674 174.432 164.043 151.411 142.170 151.418 161.952 186.321 188.549 232.114 260.477 313.058 346.410 399.393 421.098 469.616 505.495 472.865 438.911 436.797 425.631 400.595 384.479 349.055 363.452 368.636 341.419 374.935 367.142 376.314 402.665 388.716 400.394 423.881 427.094
1386.151 1420.647 1644.650 1668.569 1649.092 1534.154 1424.198 1289.119 1128.568 978.553 869.975 760.723 678.460 598.085 548.834 479.403 462.596 472.293 465.066 434.826 435.146 412.774 411.007 396.869 358.937 339.577 278.414 264.363 205.885 164.637 144.874 126.416 119.848 120.237 122.228 140.948 150.245 170.276 190.792 257.827 307.745 357.555 399.995 433.186 469.324 481.476 478.093 448.343 418.064 413.920 385.733 340.967 349.288 322.096 301.657 302.141 264.381 292.618 321.066 323.855 329.119 340.742 397.378 413.608
1406.610 1386.598 1442.107 1493.870 1467.862 1425.812 1373.855 1258.735 1097.589 976.119 813.387 682.023 586.535 530.868 489.158 466.270 431.941 403.796 394.054 396.522 398.985 383.020 394.616 400.142 384.885 335.008 288.439 250.853 182.108 144.567 131.251 111.443 100.502 99.610 102.982 108.814 121.882 145.630 170.286 241.514 307.664 369.370 412.032 458.689 446.107 479.655 458.589 435.891 416.650 409.958 362.125 311.923 285.432 292.246 271.858 242.614 214.490 246.864 267.315 284.517 295.850 302.526 344.893 353.807
1382.910 1369.337 1442.710 1398.341 1354.301 1291.107 1215.896 1110.705 972.406 911.699 752.729 636.016 522.397 496.585 443.233 427.660 385.039 376.647 328.099 326.511 321.290 336.872 372.605 399.552 401.565 355.062 293.671 238.874 177.031 133.005 105.750 87.338 74.410 74.092 79.810 84.648 107.091 129.430 171.165 252.370 307.265 392.353 424.403 445.982 490.235 465.049 454.752 431.951 402.091 377.979 354.183 309.104 295.471 256.409 254.600 226.769 217.121 230.929 245.247 255.443 254.745 296.128 299.740 328.639
1375.557 1322.358 1269.319 1270.967 1216.085 1203.786 1095.466 1018.913 892.116 825.385 722.488 611.831 528.822 452.202 420.229 387.254 341.705 296.151 263.757 247.823 260.857 306.012 337.689 381.715 432.941 374.017 292.707 226.753 155.874 115.214 75.825 65.162 56.100 63.188 71.142 85.801 99.899 115.817 199.831 275.392 345.381 396.336 437.194 484.116 464.607 479.475 449.511 438.363 398.073 368.965 369.622 329.449 302.607 275.015 253.765 225.825 225.222 229.990 240.275 260.254 263.686 266.465 282.077 297.879
1315.800 1200.615 1212.851 1178.160 1117.086 1037.134 970.466 898.059 802.343 717.305 641.500 589.364 513.514 455.694 414.368 375.976 309.205 262.065 223.705 207.905 225.010 278.567 328.698 382.330 374.790 330.472 271.926 213.122 152.028 104.139 60.582 36.615 35.625 55.785 69.430 90.736 119.170 166.177 225.218 317.462 395.620 438.915 466.654 488.267 492.466 476.805 431.720 442.506 408.099 391.332 363.510 340.067 302.241 288.879 247.170 226.529 231.233 234.003 251.876 267.750 262.656 246.205 261.271 282.806
1240.839 1195.390 1068.936 1081.517 1012.850 950.924 875.998 825.617 734.049 680.232 640.293 574.991 496.589 479.438 432.127 393.103 341.512 272.405 221.443 152.078 217.828 271.300 307.598 357.182 327.904 314.215 268.858 202.234 141.828 96.424 53.761 17.649 32.673 64.845 77.998 118.203 152.414 215.218 275.505 368.619 406.061 452.283 515.708 550.712 490.497 469.758 453.560 447.754 413.387 400.135 387.044 373.474 321.729 305.937 271.846 256.344 268.656 247.865 241.009 -999.250 263.401 257.911 -999.250 -999.250
1161.238 1066.273 1023.664 969.931 921.875 858.040 747.832 685.587 652.305 628.389 597.314 565.790 518.089 477.344 438.773 423.340 402.087 340.872 283.525 253.156 253.200 304.344 324.409 335.880 332.814 293.546 249.423 200.599 138.712 105.030 69.473 42.459 49.173 69.836 107.702 138.064 199.503 260.136 317.729 407.011 468.686 512.728 552.113 541.843 536.440 514.674 477.844 470.838 433.920 409.998 406.199 368.791 337.952 315.344 297.432 299.187 259.212 -999.250 -999.250 -999.250 -999.250 -999.250 -999.250 -999.250
1035.849 1016.390 978.785 910.484 906.279 766.122 680.195 585.807 573.951 543.860 572.661 558.524 513.199 517.925 490.175 488.163 445.978 419.623 404.100 362.296 356.874 376.130 375.468 345.622 326.210 311.554 258.481 210.102 143.341 114.896 79.546 68.607 72.420 102.683 123.270 164.228 226.367 300.905 393.295 451.364 530.004 592.838 608.360 598.305 543.039 537.683 518.898 488.521 455.337 421.221 409.877 392.125 365.064 331.084 318.583 294.369 -999.250 -999.250 -999.250 -999.250 -999.250 -999.250 -999.250 -999.250
1006.159 1002.918 990.251 900.261 796.469 678.531 571.625 497.505 471.009 483.077 575.845 520.253 524.526 566.235 605.638 570.851 562.070 516.330 494.912 453.107 438.748 425.665 408.895 385.421 341.816 313.919 255.024 199.565 151.018 121.140 108.339 89.568 97.659 113.015 141.765 193.397 254.851 308.807 434.273 519.519 599.293 627.309 604.549 632.368 565.741 533.781 489.080 489.152 473.166 429.237 416.622 414.818 391.768 371.108 348.884 301.280 -999.250 -999.250 -999.250 -999.250 -999.250 -999.250 -999.250 -999.250
960.224 993.410 958.394 849.273 712.195 584.440 437.288 426.986 415.305 408.154 310.658 482.659 557.311 665.822 673.789 680.989 691.151 647.564 597.573 551.591 527.447 502.762 437.389 423.419 373.509 310.897 258.156 215.144 159.444 138.180 116.132 109.177 105.705 126.785 155.772 220.924 280.327 361.629 440.591 564.634 688.759 660.137 639.105 617.417 602.793 552.880 510.925 498.205 476.761 430.139 424.397 400.340 402.801 396.220 351.315 -999.250 -999.250 -999.250 -999.250 -999.250 -999.250 -999.250 -999.250 -999.250
934.500 958.924 932.912 818.156 678.538 497.182 353.179 404.922 425.762 436.364 438.201 543.484 666.967 733.739 818.765 837.941 831.587 772.929 742.489 676.576 624.145 566.058 496.689 422.338 382.120 323.020 277.451 226.492 179.656 137.334 122.599 117.230 119.546 141.997 178.745 231.787 286.005 362.079 461.199 537.469 628.809 644.254 624.246 617.722 576.574 550.058 515.220 526.963 507.300 451.792 420.546 418.256 396.032 404.813 -999.250 -999.250 -999.250 -999.250 -999.250 -999.250 -999.250 -999.250 -999.250 -999.250
919.108 941.113 944.101 780.633 648.358 516.335 481.396 481.807 538.827 586.304 625.090 710.817 804.553 871.987 951.589 996.145 1005.451 960.995 873.957 825.603 710.960 609.218 511.203 447.023 398.627 336.842 289.594 238.119 192.175 157.682 132.365 124.002 128.678 147.830 178.986 226.588 264.893 346.578 432.584 502.783 576.070 640.871 657.974 630.111 603.593 591.439 606.816 532.370 495.894 472.703 426.195 424.377 422.116 397.088 -999.250 -999.250 -999.250 -999.250 -999.250 -999.250 -999.250 -999.250 -999.250 -999.250
895.161 867.331 857.770 721.711 661.470 573.560 573.952 623.147 684.304 738.399 781.038 854.643 945.943 985.550 1112.662 1175.679 1157.068 1073.035 954.504 895.077 748.190 625.112 543.682 459.342 401.161 325.246 285.431 236.963 203.947 157.040 137.381 126.939 134.474 151.640 187.012 224.572 258.241 311.147 401.088 474.406 556.532 597.145 619.440 618.602 621.529 609.400 598.181 545.227 522.503 489.574 456.332 442.890 427.611 -999.250 -999.250 -999.250 -999.250 -999.250 -999.250 -999.250 -999.250 -999.250 -999.250 -999.250
788.540 750.750 750.516 709.966 641.215 650.448 642.648 697.726 838.417 927.897 902.997 957.949 991.658 1070.787 1238.075 1352.054 1245.520 1052.406 959.573 886.565 748.816 656.212 537.697 468.514 387.793 323.894 270.246 238.752 205.505 157.991 138.904 133.788 137.141 150.712 172.067 211.850 244.005 276.795 367.297 440.408 496.708 582.548 619.508 610.990 621.871 620.883 567.536 551.253 534.446 538.435 478.136 454.821 448.407 -999.250 -999.250 -999.250 -999.250 -999.250 -999.250 -999.250 -999.250 -999.250 -999.250 -999.250
