data/medianmodel_13-Jul-2020.asc
ncols	141
nrows	288
xllcorner	-120191.398
yllcorner	-301404.813
cellsize	2000.000
NODATA_value	-999.250
[rows 217 to 247 of 288, columns 0 to 69 of 141]
-999.250 -999.250 -999.250 -999.250 -999.250 -999.250 -999.250 -999.250 -999.250 -999.250 -999.250 -999.250 -999.250 -999.250 -999.250 -999.250 -999.250 -999.250 -999.250 -999.250 -999.250 -999.250 -999.250 -999.250 -999.250 -999.250 -999.250 -999.250 -999.250 -999.250 -999.250 13.848 19.632 15.968 21.232 21.743 23.691 26.361 25.283 25.548 38.861 33.735 32.763 28.562 22.446 18.029 15.647 18.994 22.347 23.162 15.840 13.702 12.398 10.434 9.766 5.191 4.349 3.237 2.520 0.481 0.000 0.000 0.000 0.000 0.000 0.000 0.000 0.000 0.000 0.000
-999.250 -999.250 -999.250 -999.250 -999.250 -999.250 -999.250 -999.250 -999.250 -999.250 -999.250 -999.250 -999.250 -999.250 -999.250 -999.250 -999.250 -999.250 -999.250 -999.250 -999.250 -999.250 -999.250 -999.250 -999.250 -999.250 -999.250 -999.250 -999.250 -999.250 -999.250 12.921 16.513 16.609 22.592 18.235 21.085 24.572 25.669 25.468 31.301 44.778 40.209 33.507 29.837 23.374 22.053 20.950 25.951 22.164 18.508 17.170 15.589 14.071 8.390 5.526 3.807 3.584 0.492 0.249 0.000 0.000 0.000 0.000 0.000 0.000 0.000 0.000 0.000 0.000
-999.250 -999.250 -999.250 -999.250 -999.250 -999.250 -999.250 -999.250 -999.250 -999.250 -999.250 -999.250 -999.250 -999.250 -999.250 -999.250 -999.250 -999.250 -999.250 -999.250 -999.250 -999.250 -999.250 -999.250 -999.250 -999.250 -999.250 -999.250 -999.250 -999.250 -999.250 9.907 15.722 18.743 17.606 15.408 19.669 22.257 30.833 35.407 45.240 54.648 41.729 33.317 29.828 23.973 19.267 23.538 20.287 18.503 16.159 17.628 14.169 11.732 6.416 5.150 4.262 3.391 0.927 1.113 0.090 0.000 0.000 0.000 0.000 0.000 0.000 0.000 0.000 0.000
-999.250 -999.250 -999.250 -999.250 -999.250 -999.250 -999.250 -999.250 -999.250 -999.250 -999.250 -999.250 -999.250 -999.250 -999.250 -999.250 -999.250 -999.250 -999.250 -999.250 -999.250 -999.250 -999.250 -999.250 -999.250 -999.250 -999.250 -999.250 -999.250 -999.250 -999.250 11.012 16.748 18.111 16.148 17.494 18.612 26.314 25.221 34.358 36.525 39.561 41.119 32.916 30.156 27.145 19.484 15.788 18.253 18.741 16.098 15.798 12.190 10.597 7.212 5.898 4.555 2.679 3.619 2.855 2.954 0.540 0.000 0.000 0.000 0.000 0.000 0.000 0.000 0.000
-999.250 -999.250 -999.250 -999.250 -999.250 -999.250 -999.250 -999.250 -999.250 -999.250 -999.250 -999.250 -999.250 -999.250 -999.250 -999.250 -999.250 -999.250 -999.250 -999.250 -999.250 -999.250 -999.250 -999.250 -999.250 -999.250 -999.250 -999.250 -999.250 -999.250 -999.250 12.052 18.791 16.393 16.182 19.357 26.916 27.123 26.997 30.558 42.006 43.440 40.033 33.520 27.214 21.263 19.631 18.995 14.755 14.151 14.152 16.276 10.498 7.991 7.953 6.260 5.529 5.679 2.583 3.164 0.348 0.000 0.000 0.000 0.000 0.000 0.000 0.000 0.000 0.000
-999.250 -999.250 -999.250 -999.250 -999.250 -999.250 -999.250 -999.250 -999.250 -999.250 -999.250 -999.250 -999.250 -999.250 -999.250 -999.250 -999.250 -999.250 -999.250 -999.250 -999.250 -999.250 -999.250 -999.250 -999.250 -999.250 -999.250 -999.250 -999.250 -999.250 -999.250 11.396 16.689 16.165 13.345 16.148 18.394 21.665 27.858 31.570 40.615 29.743 31.117 27.749 24.925 16.228 17.049 18.024 16.895 13.718 11.129 11.491 10.440 6.893 6.943 7.947 7.357 4.727 3.151 1.806 2.471 1.341 0.000 0.000 0.000 0.000 0.000 0.000 0.000 0.000
-999.250 -999.250 -999.250 -999.250 -999.250 -999.250 -999.250 -999.250 -999.250 -999.250 -999.250 -999.250 -999.250 -999.250 -999.250 -999.250 -999.250 -999.250 -999.250 -999.250 -999.250 -999.250 -999.250 -999.250 -999.250 -999.250 -999.250 -999.250 -999.250 -999.250 9.504 11.744 12.637 12.313 13.745 16.588 15.179 14.147 21.687 23.977 26.519 25.649 24.083 23.137 18.467 16.829 15.627 16.347 17.195 8.399 9.091 10.128 10.303 9.328 8.108 7.873 6.532 5.864 2.964 2.377 0.740 1.308 0.000 0.000 0.000 0.000 0.000 0.000 0.000 0.000
-999.250 -999.250 -999.250 -999.250 -999.250 -999.250 -999.250 -999.250 -999.250 -999.250 -999.250 -999.250 -999.250 -999.250 -999.250 -999.250 -999.250 -999.250 -999.250 -999.250 -999.250 -999.250 -999.250 -999.250 -999.250 -999.250 -999.250 -999.250 -999.250 -999.250 8.142 8.090 10.135 8.726 10.948 12.421 14.703 14.919 16.117 21.799 24.222 19.017 20.888 18.280 16.761 17.836 14.862 13.060 10.726 8.790 7.814 6.784 7.631 7.997 7.184 6.363 7.863 6.056 6.174 3.139 1.473 0.798 1.150 0.154 0.000 0.000 0.000 0.000 0.000 0.000
-999.250 -999.250 -999.250 -999.250 -999.250 -999.250 -999.250 -999.250 -999.250 -999.250 -999.250 -999.250 -999.250 -999.250 -999.250 -999.250 -999.250 -999.250 -999.250 -999.250 -999.250 -999.250 -999.250 -999.250 -999.250 -999.250 -999.250 -999.250 -999.250 -999.250 7.409 6.494 5.695 7.730 8.186 6.831 11.353 13.262 16.061 16.956 19.443 17.389 16.531 20.225 17.116 15.265 13.537 10.017 7.187 7.073 7.820 8.410 7.163 6.786 6.927 8.346 8.518 7.088 8.180 5.486 3.035 3.774 1.883 1.045 0.000 0.000 0.000 0.000 0.000 0.000
-999.250 -999.250 -999.250 -999.250 -999.250 -999.250 -999.250 -999.250 -999.250 -999.250 -999.250 -999.250 -999.250 -999.250 -999.250 -999.250 -999.250 -999.250 -999.250 -999.250 -999.250 -999.250 -999.250 -999.250 -999.250 -999.250 -999.250 -999.250 -999.250 -999.250 6.142 4.492 4.110 6.465 6.714 8.422 7.182 9.842 10.895 14.242 15.164 12.030 12.457 14.109 13.112 14.585 11.494 7.537 9.355 7.965 6.992 7.270 7.672 7.683 7.752 8.136 9.382 10.963 8.669 6.080 4.127 3.480 0.861 1.815 0.000 0.000 0.000 0.000 0.000 0.000
-999.250 -999.250 -999.250 -999.250 -999.250 -999.250 -999.250 -999.250 -999.250 -999.250 -999.250 -999.250 -999.250 -999.250 -999.250 -999.250 -999.250 -999.250 -999.250 -999.250 -999.250 -999.250 -999.250 -999.250 -999.250 -999.250 -999.250 -999.250 -999.250 4.487 4.655 4.260 3.701 3.256 4.855 5.952 6.296 6.805 7.331 10.088 11.171 12.427 10.458 11.352 9.668 11.072 8.103 7.631 9.921 7.019 6.912 7.599 8.265 8.562 6.113 7.160 9.225 12.747 8.003 5.922 4.158 4.294 2.386 1.095 0.000 0.000 0.000 0.000 0.000 0.000
-999.250 -999.250 -999.250 -999.250 -999.250 -999.250 -999.250 -999.250 -999.250 -999.250 -999.250 -999.250 -999.250 -999.250 -999.250 -999.250 -999.250 -999.250 -999.250 -999.250 -999.250 -999.250 -999.250 -999.250 -999.250 -999.250 -999.250 -999.250 -999.250 1.416 1.605 1.658 2.431 2.225 4.184 5.284 6.027 5.264 6.241 6.670 7.468 6.883 9.819 9.449 8.737 7.710 9.113 8.769 5.930 7.634 5.885 7.095 7.437 5.552 6.362 8.368 8.516 9.753 8.211 6.357 5.418 3.257 1.946 2.254 0.504 0.000 0.000 0.000 0.000 0.000
-999.250 -999.250 -999.250 -999.250 -999.250 -999.250 -999.250 -999.250 -999.250 -999.250 -999.250 -999.250 -999.250 -999.250 -999.250 -999.250 -999.250 -999.250 -999.250 -999.250 -999.250 -999.250 -999.250 -999.250 -999.250 -999.250 -999.250 -999.250 3.155 0.957 0.000 0.000 0.000 0.000 1.584 3.622 6.947 5.616 6.545 6.451 5.833 7.452 6.841 9.080 8.136 6.881 8.928 6.767 7.837 7.107 5.198 5.984 6.777 7.217 6.406 7.870 7.898 8.476 6.541 5.850 5.912 5.102 4.701 2.495 0.000 0.034 0.000 0.000 0.000 0.000
-999.250 -999.250 -999.250 -999.250 -999.250 -999.250 -999.250 -999.250 -999.250 -999.250 -999.250 -999.250 -999.250 -999.250 -999.250 -999.250 -999.250 -999.250 -999.250 -999.250 -999.250 -999.250 -999.250 -999.250 -999.250 -999.250 -999.250 -999.250 0.879 0.000 0.000 0.000 0.000 0.000 0.000 1.481 4.210 3.463 5.145 5.484 4.275 5.488 4.786 6.101 7.682 8.081 7.146 8.226 7.827 6.439 5.546 5.409 6.203 8.142 5.724 7.522 8.328 8.495 7.999 6.927 5.590 6.048 4.177 3.457 1.143 0.059 0.000 0.000 0.000 0.000
-999.250 -999.250 -999.250 -999.250 -999.250 -999.250 -999.250 -999.250 -999.250 -999.250 -999.250 -999.250 -999.250 -999.250 -999.250 -999.250 -999.250 -999.250 -999.250 -999.250 -999.250 -999.250 -999.250 -999.250 -999.250 -999.250 -999.250 4.851 2.056 0.000 0.000 0.000 0.000 0.000 0.000 0.000 0.000 1.280 2.714 3.774 4.579 6.665 6.117 6.782 4.978 6.512 7.701 6.714 6.988 8.979 8.651 8.526 6.480 7.432 6.314 7.174 7.279 9.156 8.671 8.489 9.879 6.399 4.039 2.924 1.475 0.386 0.000 0.000 0.000 0.000
-999.250 -999.250 -999.250 -999.250 -999.250 -999.250 -999.250 -999.250 -999.250 -999.250 -999.250 -999.250 -999.250 -999.250 -999.250 -999.250 -999.250 -999.250 -999.250 -999.250 -999.250 -999.250 -999.250 -999.250 -999.250 -999.250 -999.250 4.760 0.536 0.000 0.000 0.000 0.000 0.000 0.000 0.000 0.000 1.130 0.556 2.922 2.833 4.952 4.399 5.942 4.294 6.079 6.008 7.313 7.627 10.647 11.339 11.191 8.324 9.053 10.181 8.848 10.171 10.604 10.344 11.130 8.319 7.530 5.988 3.685 2.201 0.256 0.000 0.000 0.000 0.000
-999.250 -999.250 -999.250 -999.250 -999.250 -999.250 -999.250 -999.250 -999.250 -999.250 -999.250 -999.250 -999.250 -999.250 -999.250 -999.250 -999.250 -999.250 -999.250 -999.250 -999.250 -999.250 -999.250 -999.250 -999.250 -999.250 -999.250 -999.250 2.935 0.000 0.000 0.000 0.000 0.000 0.000 0.000 0.000 0.000 1.256 1.120 3.211 4.424 4.702 5.182 5.968 7.337 8.375 10.222 8.108 7.735 11.482 9.253 11.577 9.354 12.641 13.111 11.081 11.846 14.624 12.287 10.779 7.772 6.955 4.183 2.153 2.529 0.266 0.000 0.000 0.000
-999.250 -999.250 -999.250 -999.250 -999.250 -999.250 -999.250 -999.250 -999.250 -999.250 -999.250 -999.250 -999.250 -999.250 -999.250 -999.250 -999.250 -999.250 -999.250 -999.250 -999.250 -999.250 -999.250 -999.250 -999.250 -999.250 -999.250 -999.250 -999.250 -999.250 0.000 0.000 0.000 0.000 0.000 0.000 0.000 0.000 1.113 2.777 1.793 3.515 5.246 6.281 6.392 5.445 7.277 9.033 6.823 8.759 7.724 10.858 8.784 8.205 11.499 12.700 12.555 12.354 13.976 12.621 11.847 8.518 6.986 5.514 4.572 2.423 0.000 0.232 0.000 0.000
-999.250 -999.250 -999.250 -999.250 -999.250 -999.250 -999.250 -999.250 -999.250 -999.250 -999.250 -999.250 -999.250 -999.250 -999.250 -999.250 -999.250 -999.250 -999.250 -999.250 -999.250 -999.250 -999.250 -999.250 -999.250 -999.250 -999.250 -999.250 -999.250 -999.250 0.000 0.000 0.000 0.000 0.000 0.000 0.000 0.000 1.954 4.414 3.283 3.263 4.024 5.144 3.721 5.055 8.853 7.519 7.213 9.806 8.145 10.019 9.329 11.530 11.850 12.144 13.008 14.533 16.171 15.963 15.493 11.069 7.073 6.541 4.380 2.246 1.956 0.593 0.070 0.000
-999.250 -999.250 -999.250 -999.250 -999.250 -999.250 -999.250 -999.250 -999.250 -999.250 -999.250 -999.250 -999.250 -999.250 -999.250 -999.250 -999.250 -999.250 -999.250 -999.250 -999.250 -999.250 -999.250 -999.250 -999.250 -999.250 -999.250 -999.250 -999.250 -999.250 2.524 0.000 0.000 0.000 0.000 0.000 0.000 2.202 2.650 2.310 3.485 3.958 5.015 4.178 4.766 6.995 6.769 5.610 7.975 7.887 8.917 8.914 9.797 11.966 10.231 12.463 14.318 16.909 15.460 24.251 14.587 11.017 6.796 5.574 3.601 3.843 2.160 2.593 0.000 0.000
-999.250 -999.250 -999.250 -999.250 -999.250 -999.250 -999.250 -999.250 -999.250 -999.250 -999.250 -999.250 -999.250 -999.250 -999.250 -999.250 -999.250 -999.250 -999.250 -999.250 -999.250 -999.250 -999.250 -999.250 -999.250 -999.250 -999.250 -999.250 -999.250 -999.250 -999.250 2.729 0.387 0.839 3.001 2.015 3.570 1.399 4.339 5.219 4.804 5.358 4.408 4.293 4.402 2.955 5.226 6.325 6.398 7.342 8.888 8.114 8.616 10.722 8.828 8.883 11.069 12.262 14.627 16.313 13.470 9.543 7.441 4.722 4.264 3.156 3.359 0.000 0.000 0.000
-999.250 -999.250 -999.250 -999.250 -999.250 -999.250 -999.250 -999.250 -999.250 -999.250 -999.250 -999.250 -999.250 -999.250 -999.250 -999.250 -999.250 -999.250 -999.250 -999.250 -999.250 -999.250 -999.250 -999.250 -999.250 -999.250 -999.250 -999.250 -999.250 -999.250 2.554 3.366 4.408 1.850 2.451 1.228 4.902 2.465 4.155 3.376 5.358 6.551 4.934 4.207 4.840 3.504 4.785 4.902 6.185 5.558 7.292 7.909 9.870 8.236 7.750 7.766 8.647 9.990 12.764 10.557 9.724 8.407 6.044 3.723 2.005 0.515 1.656 0.347 0.000 0.391
-999.250 -999.250 -999.250 -999.250 -999.250 -999.250 -999.250 -999.250 -999.250 -999.250 -999.250 -999.250 -999.250 -999.250 -999.250 -999.250 -999.250 -999.250 -999.250 -999.250 -999.250 -999.250 -999.250 -999.250 -999.250 -999.250 -999.250 -999.250 -999.250 -999.250 -999.250 2.815 3.239 3.480 3.760 3.947 4.325 5.953 4.791 6.158 6.533 6.473 7.209 5.594 6.429 6.027 4.705 5.225 4.941 6.849 4.770 7.052 7.481 8.071 7.988 7.899 9.704 9.585 7.630 7.992 7.739 4.979 4.708 3.572 2.664 0.660 0.000 0.000 0.104 0.000
-999.250 -999.250 -999.250 -999.250 -999.250 -999.250 -999.250 -999.250 -999.250 -999.250 -999.250 -999.250 -999.250 -999.250 -999.250 -999.250 -999.250 -999.250 -999.250 -999.250 -999.250 -999.250 -999.250 -999.250 -999.250 -999.250 -999.250 -999.250 -999.250 -999.250 4.021 4.720 4.411 5.919 5.611 4.933 7.652 7.116 6.651 4.990 6.696 8.342 5.847 4.418 6.627 6.428 4.614 5.904 6.538 6.434 6.200 7.324 5.886 5.726 7.009 5.866 6.576 6.359 5.744 5.626 6.044 3.890 2.883 1.219 0.383 0.000 0.000 0.000 0.000 0.000
-999.250 -999.250 -999.250 -999.250 -999.250 -999.250 -999.250 -999.250 -999.250 -999.250 -999.250 -999.250 -999.250 -999.250 -999.250 -999.250 -999.250 -999.250 -999.250 -999.250 -999.250 -999.250 -999.250 -999.250 -999.250 -999.250 -999.250 -999.250 -999.250 -999.250 4.924 5.617 5.353 7.287 6.416 6.991 5.235 6.280 6.126 7.103 7.310 7.055 6.271 6.223 6.062 7.212 6.098 5.973 5.828 5.509 6.074 5.649 5.821 6.568 6.506 5.871 5.288 5.569 4.159 3.609 3.818 1.655 0.773 1.039 0.000 0.000 0.000 0.000 0.000 0.000
-999.250 -999.250 -999.250 -999.250 -999.250 -999.250 -999.250 -999.250 -999.250 -999.250 -999.250 -999.250 -999.250 -999.250 -999.250 -999.250 -999.250 -999.250 -999.250 -999.250 -999.250 -999.250 -999.250 -999.250 -999.250 -999.250 -999.250 -999.250 -999.250 -999.250 5.481 4.928 6.632 6.363 6.051 4.951 5.510 7.258 5.630 6.251 4.884 7.206 8.428 5.001 6.199 6.433 5.838 6.967 5.438 5.106 5.415 5.503 5.383 5.531 5.399 4.789 4.392 2.463 4.040 0.956 0.096 0.000 1.440 0.000 0.000 0.000 0.000 0.000 0.000 0.000
-999.250 -999.250 -999.250 -999.250 -999.250 -999.250 -999.250 -999.250 -999.250 -999.250 -999.250 -999.250 -999.250 -999.250 -999.250 -999.250 -999.250 -999.250 -999.250 -999.250 -999.250 -999.250 -999.250 -999.250 -999.250 -999.250 -999.250 -999.250 -999.250 -999.250 6.799 7.117 6.395 7.405 5.958 5.896 5.284 5.642 7.030 7.060 8.291 6.953 6.855 6.939 4.944 4.695 4.420 4.474 4.464 4.905 5.633 5.182 4.439 2.576 2.769 3.269 1.141 0.517 0.373 0.000 0.000 0.000 0.000 0.000 0.000 0.000 0.000 0.000 0.000 0.000
-999.250 -999.250 -999.250 -999.250 -999.250 -999.250 -999.250 -999.250 -999.250 -999.250 -999.250 -999.250 -999.250 -999.250 -999.250 -999.250 -999.250 -999.250 -999.250 -999.250 -999.250 -999.250 -999.250 -999.250 -999.250 -999.250 -999.250 -999.250 -999.250 -999.250 6.715 6.226 6.048 5.674 5.451 5.622 4.813 7.800 7.495 7.924 6.818 5.845 4.602 6.105 5.349 3.474 6.380 4.199 4.970 3.667 4.466 4.556 5.729 1.484 0.860 0.838 0.000 0.000 0.000 0.000 0.000 0.000 0.000 0.000 0.000 0.000 0.000 0.000 0.000 0.000
-999.250 -999.250 -999.250 -999.250 -999.250 -999.250 -999.250 -999.250 -999.250 -999.250 -999.250 -999.250 -999.250 -999.250 -999.250 -999.250 -999.250 -999.250 -999.250 -999.250 -999.250 -999.250 -999.250 -999.250 -999.250 -999.250 -999.250 -999.250 -999.250 -999.250 -999.250 6.274 7.905 6.258 5.473 4.302 3.726 5.788 7.535 5.595 7.775 6.894 5.762 4.989 5.317 4.936 5.620 4.003 3.997 2.886 2.827 3.761 1.507 0.012 0.000 0.000 0.000 0.000 0.000 0.000 0.000 0.000 0.000 0.000 0.000 0.000 0.000 0.000 0.000 0.000
-999.250 -999.250 -999.250 -999.250 -999.250 -999.250 -999.250 -999.250 -999.250 -999.250 -999.250 -999.250 -999.250 -999.250 -999.250 -999.250 -999.250 -999.250 -999.250 -999.250 -999.250 -999.250 -999.250 -999.250 -999.250 -999.250 -999.250 -999.250 -999.250 -999.250 -999.250 5.654 9.105 5.727 5.430 5.123 5.593 6.135 5.412 4.970 5.850 6.321 5.553 5.720 5.922 5.844 5.531 4.408 3.865 4.635 5.252 3.281 1.378 0.000 0.000 0.000 0.000 0.000 0.000 0.000 0.000 0.000 0.000 0.000 0.000 0.000 0.000 0.000 0.000 0.000
-999.250 -999.250 -999.250 -999.250 -999.250 -999.250 -999.250 -999.250 -999.250 -999.250 -999.250 -999.250 -999.250 -999.250 -999.250 -999.250 -999.250 -999.250 -999.250 -999.250 -999.250 -999.250 -999.250 -999.250 -999.250 -999.250 -999.250 -999.250 -999.250 -999.250 7.307 6.412 9.380 7.567 10.362 6.488 7.672 6.929 6.585 5.943 6.413 5.070 4.886 6.579 6.412 7.227 4.441 5.969 2.850 3.146 3.372 0.427 0.000 0.000 0.000 0.000 0.000 0.000 0.000 0.000 0.000 0.000 0.000 0.000 0.000 0.000 0.000 0.000 0.000 0.000
