data/medianmodel_18-Oct-2020.asc
ncols	141
nrows	288
xllcorner	-120191.398
yllcorner	-301404.813
cellsize	2000.000
NODATA_value	-999.250
[rows 150 to 179 of 288, columns 67 to 133 of 141]
38.541 35.057 29.801 32.582 29.301 35.894 33.673 36.236 36.222 24.941 25.027 22.412 17.451 15.892 7.877 2.353 0.890 7.689 14.106 31.620 47.541 67.138 94.757 120.872 186.620 222.646 254.910 256.759 -999.250 -999.250 -999.250 -999.250 -999.250 -999.250 -999.250 -999.250 -999.250 -999.250 -999.250 -999.250 -999.250 -999.250 -999.250 -999.250 -999.250 -999.250 -999.250 -999.250 -999.250 -999.250 -999.250 -999.250 -999.250 -999.250 -999.250 -999.250 -999.250 -999.250 -999.250 -999.250 -999.250 -999.250 -999.250 -999.250 -999.250 -999.250 -999.250
31.989 29.791 33.872 26.254 28.322 29.813 27.265 34.058 27.654 38.305 22.993 21.159 16.984 11.048 9.425 7.305 5.512 13.501 25.940 46.289 69.436 92.406 133.173 185.474 236.817 291.146 309.497 292.863 -999.250 -999.250 -999.250 -999.250 -999.250 -999.250 -999.250 -999.250 -999.250 -999.250 -999.250 -999.250 -999.250 -999.250 -999.250 -999.250 -999.250 -999.250 -999.250 -999.250 -999.250 -999.250 -999.250 -999.250 -999.250 -999.250 -999.250 -999.250 -999.250 -999.250 -999.250 -999.250 -999.250 -999.250 -999.250 -999.250 -999.250 -999.250 -999.250
34.061 38.479 29.477 30.353 27.123 28.931 29.522 28.690 30.230 31.964 29.673 21.083 16.904 15.347 11.351 6.923 10.351 15.883 26.353 46.838 81.626 117.547 175.528 223.931 272.216 322.173 318.505 323.946 -999.250 -999.250 -999.250 -999.250 -999.250 -999.250 -999.250 -999.250 -999.250 -999.250 -999.250 -999.250 -999.250 -999.250 -999.250 -999.250 -999.250 -999.250 -999.250 -999.250 -999.250 -999.250 -999.250 -999.250 -999.250 -999.250 -999.250 -999.250 -999.250 -999.250 -999.250 -999.250 -999.250 -999.250 -999.250 -999.250 -999.250 -999.250 -999.250
27.887 36.372 32.833 35.046 23.418 27.744 30.401 29.793 34.235 30.484 31.992 25.460 24.420 17.727 7.736 11.527 12.202 15.037 30.848 61.077 85.352 145.194 205.521 276.017 322.736 378.214 369.755 312.188 -999.250 -999.250 -999.250 -999.250 -999.250 -999.250 -999.250 -999.250 -999.250 -999.250 -999.250 -999.250 -999.250 -999.250 -999.250 -999.250 -999.250 -999.250 -999.250 -999.250 -999.250 -999.250 -999.250 -999.250 -999.250 -999.250 -999.250 -999.250 -999.250 -999.250 -999.250 -999.250 -999.250 -999.250 -999.250 -999.250 -999.250 -999.250 -999.250
37.848 34.909 30.780 39.546 33.301 39.415 36.936 39.317 38.702 39.560 29.644 31.607 26.318 20.623 14.691 9.388 10.927 18.168 30.274 64.929 90.345 157.896 205.734 256.242 347.388 432.612 361.288 323.484 -999.250 -999.250 -999.250 -999.250 -999.250 -999.250 -999.250 -999.250 -999.250 -999.250 -999.250 -999.250 -999.250 -999.250 -999.250 -999.250 -999.250 -999.250 -999.250 -999.250 -999.250 -999.250 -999.250 -999.250 -999.250 -999.250 -999.250 -999.250 -999.250 -999.250 -999.250 -999.250 -999.250 -999.250 -999.250 -999.250 -999.250 -999.250 -999.250
33.962 33.343 25.767 36.420 39.156 42.789 47.987 44.001 38.582 41.055 37.674 39.893 33.549 28.637 18.673 12.324 11.428 17.647 30.874 52.264 76.178 123.809 192.461 232.008 291.755 346.156 355.064 334.781 -999.250 -999.250 -999.250 -999.250 -999.250 -999.250 -999.250 -999.250 -999.250 -999.250 -999.250 -999.250 -999.250 -999.250 -999.250 -999.250 -999.250 -999.250 -999.250 -999.250 -999.250 -999.250 -999.250 -999.250 -999.250 -999.250 -999.250 -999.250 -999.250 -999.250 -999.250 -999.250 -999.250 -999.250 -999.250 -999.250 -999.250 -999.250 -999.250
25.170 29.757 30.711 29.496 43.538 51.906 48.417 40.831 42.593 45.396 44.506 38.694 36.534 23.977 14.870 8.557 9.182 13.118 23.184 36.538 58.156 88.149 132.139 162.097 188.142 240.306 278.505 271.936 226.262 -999.250 -999.250 -999.250 -999.250 -999.250 -999.250 -999.250 -999.250 -999.250 -999.250 -999.250 -999.250 -999.250 -999.250 -999.250 -999.250 -999.250 -999.250 -999.250 -999.250 -999.250 -999.250 -999.250 -999.250 -999.250 -999.250 -999.250 -999.250 -999.250 -999.250 -999.250 -999.250 -999.250 -999.250 -999.250 -999.250 -999.250 -999.250
30.889 31.369 37.622 37.995 38.725 51.035 51.269 59.918 48.328 49.241 52.649 49.103 46.046 32.781 21.036 10.280 1.432 6.096 14.837 22.688 39.594 51.425 71.218 98.547 124.960 160.804 187.434 212.227 177.176 147.202 -999.250 -999.250 -999.250 -999.250 -999.250 -999.250 -999.250 -999.250 -999.250 -999.250 -999.250 -999.250 -999.250 -999.250 -999.250 -999.250 -999.250 -999.250 -999.250 -999.250 -999.250 -999.250 -999.250 -999.250 -999.250 -999.250 -999.250 -999.250 -999.250 -999.250 -999.250 -999.250 -999.250 -999.250 -999.250 -999.250 -999.250
34.569 35.500 40.406 43.617 43.902 46.247 56.311 59.397 56.950 57.167 56.217 44.105 47.392 41.393 21.539 15.159 0.000 6.070 10.206 12.782 17.343 22.743 23.754 18.041 67.750 96.447 105.455 126.512 113.217 112.171 114.508 -999.250 -999.250 -999.250 -999.250 -999.250 -999.250 -999.250 -999.250 -999.250 -999.250 -999.250 -999.250 -999.250 -999.250 -999.250 -999.250 -999.250 -999.250 -999.250 -999.250 -999.250 -999.250 -999.250 -999.250 -999.250 -999.250 -999.250 -999.250 -999.250 -999.250 -999.250 -999.250 -999.250 -999.250 -999.250 -999.250
34.031 35.041 35.498 41.696 52.524 54.431 59.807 54.271 57.709 67.085 62.997 56.773 56.571 46.356 39.341 23.868 14.464 8.226 6.244 3.453 9.205 6.918 7.675 10.880 31.168 60.605 72.786 84.456 93.054 84.709 86.626 -999.250 -999.250 -999.250 -999.250 -999.250 -999.250 -999.250 -999.250 -999.250 -999.250 -999.250 -999.250 -999.250 -999.250 -999.250 -999.250 -999.250 -999.250 -999.250 -999.250 -999.250 -999.250 -999.250 -999.250 -999.250 -999.250 -999.250 -999.250 -999.250 -999.250 -999.250 -999.250 -999.250 -999.250 -999.250 -999.250
35.103 34.298 45.407 53.205 51.383 55.806 60.814 64.076 66.347 64.962 69.791 65.317 63.364 55.920 51.368 37.550 22.031 15.846 11.809 2.693 0.000 0.000 0.000 4.464 17.049 33.025 51.546 58.711 60.842 59.913 63.264 -999.250 -999.250 -999.250 -999.250 -999.250 -999.250 -999.250 -999.250 -999.250 -999.250 -999.250 -999.250 -999.250 -999.250 -999.250 -999.250 -999.250 -999.250 -999.250 -999.250 -999.250 -999.250 -999.250 -999.250 -999.250 -999.250 -999.250 -999.250 -999.250 -999.250 -999.250 -999.250 -999.250 -999.250 -999.250 -999.250
39.874 47.322 53.747 54.918 57.760 57.752 66.277 64.798 69.749 72.571 74.558 72.908 73.236 75.906 64.419 53.740 38.447 21.271 12.538 3.946 1.849 0.000 0.000 0.947 10.002 26.038 32.551 44.950 43.340 50.985 57.167 -999.250 -999.250 -999.250 -999.250 -999.250 -999.250 -999.250 -999.250 -999.250 -999.250 -999.250 -999.250 -999.250 -999.250 -999.250 -999.250 -999.250 -999.250 -999.250 -999.250 -999.250 -999.250 -999.250 -999.250 -999.250 -999.250 -999.250 -999.250 -999.250 -999.250 -999.250 -999.250 -999.250 -999.250 -999.250 -999.250
47.099 50.939 61.163 57.116 62.141 63.848 71.130 74.651 80.395 84.721 89.504 95.261 95.423 91.218 76.048 66.105 49.236 34.175 22.270 11.993 6.032 0.000 0.000 0.000 5.536 13.713 21.008 29.763 38.829 41.475 43.935 -999.250 -999.250 -999.250 -999.250 -999.250 -999.250 -999.250 -999.250 -999.250 -999.250 -999.250 -999.250 -999.250 -999.250 -999.250 -999.250 -999.250 -999.250 -999.250 -999.250 -999.250 -999.250 -999.250 -999.250 -999.250 -999.250 -999.250 -999.250 -999.250 -999.250 -999.250 -999.250 -999.250 -999.250 -999.250 -999.250
53.830 65.236 70.955 60.995 69.152 66.513 88.897 83.391 86.763 95.693 99.893 91.149 96.628 91.070 94.787 74.599 51.403 34.934 22.888 15.259 9.608 4.820 1.284 1.733 2.463 10.687 12.426 22.556 30.661 39.779 41.142 41.434 -999.250 -999.250 -999.250 -999.250 -999.250 -999.250 -999.250 -999.250 -999.250 -999.250 -999.250 -999.250 -999.250 -999.250 -999.250 -999.250 -999.250 -999.250 -999.250 -999.250 -999.250 -999.250 -999.250 -999.250 -999.250 -999.250 -999.250 -999.250 -999.250 -999.250 -999.250 -999.250 -999.250 -999.250 -999.250
61.576 68.368 67.587 79.746 78.704 76.323 94.939 89.622 92.472 84.893 98.199 83.879 89.270 91.076 84.636 64.710 48.006 31.817 29.794 18.943 9.663 7.241 4.431 5.718 5.598 6.736 17.182 20.439 28.748 38.561 41.608 45.659 47.718 -999.250 -999.250 -999.250 -999.250 -999.250 -999.250 -999.250 -999.250 -999.250 -999.250 -999.250 -999.250 -999.250 -999.250 -999.250 -999.250 -999.250 -999.250 -999.250 -999.250 -999.250 -999.250 -999.250 -999.250 -999.250 -999.250 -999.250 -999.250 -999.250 -999.250 -999.250 -999.250 -999.250 -999.250
76.510 88.893 78.468 83.576 98.966 88.597 95.969 93.235 90.157 88.294 85.076 79.817 73.602 72.962 65.850 56.111 43.079 38.581 26.722 22.355 16.223 10.784 8.226 12.109 10.031 12.916 18.622 20.745 24.874 32.921 43.861 41.594 44.638 52.332 53.649 40.598 -999.250 -999.250 -999.250 -999.250 -999.250 -999.250 -999.250 -999.250 -999.250 -999.250 -999.250 -999.250 -999.250 -999.250 -999.250 -999.250 -999.250 -999.250 -999.250 -999.250 -999.250 -999.250 -999.250 -999.250 -999.250 -999.250 -999.250 -999.250 -999.250 -999.250 -999.250
94.856 106.188 110.213 104.467 100.396 91.578 87.816 103.369 92.104 83.397 77.929 70.759 62.741 57.657 53.563 46.181 35.422 34.820 21.591 21.594 18.409 15.026 14.712 12.027 10.369 12.604 15.448 18.241 29.909 37.135 41.064 46.959 50.118 53.944 51.609 42.079 -999.250 -999.250 -999.250 -999.250 -999.250 -999.250 -999.250 -999.250 -999.250 -999.250 -999.250 -999.250 -999.250 -999.250 -999.250 -999.250 -999.250 -999.250 -999.250 -999.250 -999.250 -999.250 -999.250 -999.250 -999.250 -999.250 -999.250 -999.250 -999.250 -999.250 -999.250
94.672 112.569 113.408 114.722 115.724 92.228 91.455 94.723 86.896 75.241 66.265 63.672 47.070 41.316 37.839 32.761 31.775 21.110 24.788 16.049 13.958 15.371 10.507 10.851 12.693 14.722 20.271 27.846 33.077 40.267 38.349 42.526 46.848 46.553 49.653 -999.250 -999.250 -999.250 -999.250 -999.250 -999.250 -999.250 -999.250 -999.250 -999.250 -999.250 -999.250 -999.250 -999.250 -999.250 -999.250 -999.250 -999.250 -999.250 -999.250 -999.250 -999.250 -999.250 -999.250 -999.250 -999.250 -999.250 -999.250 -999.250 -999.250 -999.250 -999.250
116.920 120.153 135.545 140.297 122.625 112.656 113.112 92.379 85.451 69.959 58.661 49.887 38.057 28.091 22.095 18.727 20.524 20.485 18.356 17.181 12.982 12.787 13.514 14.636 10.900 13.014 18.586 22.314 30.789 33.969 35.887 41.934 40.453 45.675 41.298 -999.250 -999.250 -999.250 18.913 15.204 10.603 -999.250 -999.250 -999.250 -999.250 -999.250 -999.250 -999.250 -999.250 -999.250 -999.250 -999.250 -999.250 -999.250 -999.250 -999.250 -999.250 -999.250 -999.250 -999.250 -999.250 -999.250 -999.250 -999.250 -999.250 -999.250 -999.250
118.260 128.934 137.890 151.747 150.911 121.049 116.454 97.334 83.396 75.225 58.040 45.236 22.183 16.144 12.981 15.963 14.448 13.860 13.571 13.424 13.074 11.407 7.483 8.722 9.589 12.298 15.032 21.640 26.340 33.517 40.140 35.461 42.024 47.666 40.339 33.436 25.268 20.666 17.626 11.999 6.790 8.093 -999.250 -999.250 -999.250 -999.250 -999.250 -999.250 -999.250 -999.250 -999.250 -999.250 -999.250 -999.250 -999.250 -999.250 -999.250 -999.250 -999.250 -999.250 -999.250 -999.250 -999.250 -999.250 -999.250 -999.250 -999.250
118.337 120.065 145.469 164.822 148.727 130.745 110.232 90.396 88.466 69.519 54.018 36.573 16.126 0.000 1.652 6.609 13.357 12.618 11.601 11.330 13.424 9.291 8.928 7.047 8.483 9.511 13.683 21.956 24.580 25.111 34.005 37.989 38.169 38.101 37.059 33.587 19.861 21.965 15.100 5.688 0.000 10.170 12.641 -999.250 -999.250 -999.250 -999.250 -999.250 -999.250 -999.250 -999.250 -999.250 -999.250 -999.250 -999.250 -999.250 -999.250 -999.250 -999.250 -999.250 -999.250 -999.250 -999.250 -999.250 -999.250 -999.250 -999.250
115.436 122.400 118.029 144.784 140.993 119.714 105.101 92.448 72.434 65.013 41.017 31.266 16.175 8.303 3.110 3.375 8.538 8.721 5.813 7.508 7.363 8.841 6.134 6.125 2.941 5.496 7.158 17.509 26.600 28.529 35.618 35.083 38.634 35.653 31.151 25.274 23.553 18.961 13.423 10.957 8.144 8.411 17.392 -999.250 -999.250 -999.250 -999.250 -999.250 -999.250 -999.250 -999.250 -999.250 -999.250 -999.250 -999.250 -999.250 -999.250 -999.250 -999.250 -999.250 -999.250 -999.250 -999.250 -999.250 -999.250 -999.250 -999.250
111.857 117.326 117.386 121.672 125.965 107.687 105.378 91.748 77.342 59.337 45.804 36.765 21.961 11.049 8.004 4.563 4.671 6.832 6.237 9.511 10.180 7.732 11.538 3.982 0.000 10.097 14.115 14.891 26.515 29.069 35.097 35.086 35.257 32.963 33.645 30.482 20.531 22.825 15.690 13.755 14.604 12.153 16.873 -999.250 -999.250 -999.250 -999.250 -999.250 -999.250 -999.250 -999.250 -999.250 -999.250 -999.250 -999.250 -999.250 -999.250 -999.250 -999.250 -999.250 -999.250 -999.250 -999.250 -999.250 -999.250 -999.250 -999.250
108.740 90.735 107.606 107.288 104.551 86.510 86.200 76.288 66.050 53.334 43.969 36.397 21.277 16.353 8.641 7.725 9.154 14.247 11.937 15.035 13.525 13.132 12.408 8.580 9.143 16.693 16.836 17.497 18.898 23.496 25.362 34.252 28.377 22.535 25.851 23.676 24.418 13.160 14.452 18.641 18.449 21.222 22.363 18.137 -999.250 -999.250 -999.250 -999.250 -999.250 -999.250 -999.250 -999.250 -999.250 -999.250 -999.250 -999.250 -999.250 -999.250 -999.250 -999.250 -999.250 -999.250 -999.250 -999.250 -999.250 -999.250 -999.250
91.231 96.103 97.086 90.886 95.172 88.874 70.189 64.863 58.966 55.032 44.963 43.626 31.740 20.046 17.106 13.514 13.734 15.313 18.445 18.953 23.165 20.003 15.086 16.998 17.249 22.224 26.887 23.627 22.187 20.830 27.168 26.183 29.890 25.857 25.328 24.035 19.592 22.100 19.965 22.078 25.877 30.913 30.585 -999.250 -999.250 -999.250 -999.250 -999.250 -999.250 -999.250 -999.250 -999.250 -999.250 -999.250 -999.250 -999.250 -999.250 -999.250 -999.250 -999.250 -999.250 -999.250 -999.250 -999.250 -999.250 -999.250 -999.250
76.677 80.406 82.661 79.719 85.427 80.518 78.379 69.820 59.032 57.618 53.919 41.476 37.778 29.984 23.672 23.399 20.094 20.756 32.432 34.152 35.240 35.396 28.219 33.171 34.362 35.159 38.703 42.186 35.462 28.779 32.969 26.709 32.076 27.125 20.151 20.887 14.957 19.435 23.110 28.098 33.155 36.761 -999.250 -999.250 -999.250 -999.250 -999.250 -999.250 -999.250 -999.250 -999.250 -999.250 -999.250 -999.250 -999.250 -999.250 -999.250 -999.250 -999.250 -999.250 -999.250 -999.250 -999.250 -999.250 -999.250 -999.250 -999.250
65.392 70.100 69.216 70.086 79.889 76.560 75.521 70.143 62.319 50.135 57.752 50.656 45.331 37.155 32.659 33.431 30.297 33.936 36.518 40.476 47.529 50.456 52.733 48.270 47.418 51.369 45.340 52.036 45.143 47.900 43.542 37.633 29.928 24.482 27.177 21.268 25.449 27.542 31.126 32.586 35.329 43.507 -999.250 -999.250 -999.250 -999.250 -999.250 -999.250 -999.250 -999.250 -999.250 -999.250 -999.250 -999.250 -999.250 -999.250 -999.250 -999.250 -999.250 -999.250 -999.250 -999.250 -999.250 -999.250 -999.250 -999.250 -999.250
68.921 73.266 61.476 66.469 61.850 68.471 71.656 63.165 62.641 49.899 53.779 52.766 49.993 38.212 33.453 34.023 36.481 34.294 43.959 50.855 58.956 65.718 72.747 71.453 75.575 87.991 82.309 73.192 59.529 51.938 48.742 44.924 38.422 35.582 28.386 28.363 25.126 30.619 33.874 38.523 43.419 -999.250 -999.250 -999.250 -999.250 -999.250 -999.250 -999.250 -999.250 -999.250 -999.250 -999.250 -999.250 -999.250 -999.250 -999.250 -999.250 -999.250 -999.250 -999.250 -999.250 -999.250 -999.250 -999.250 -999.250 -999.250 -999.250
64.740 63.064 59.071 63.196 63.321 65.478 64.902 69.137 61.339 55.878 59.277 57.541 49.844 39.736 43.683 36.919 34.979 42.461 49.592 62.991 70.304 78.982 97.552 113.695 119.549 124.899 113.349 89.607 80.059 67.897 61.702 52.342 53.431 44.373 38.952 31.635 36.010 41.311 35.075 48.396 47.852 -999.250 -999.250 -999.250 -999.250 -999.250 -999.250 -999.250 -999.250 -999.250 -999.250 -999.250 -999.250 -999.250 -999.250 -999.250 -999.250 -999.250 -999.250 -999.250 -999.250 -999.250 -999.250 -999.250 -999.250 -999.250 -999.250
53.486 56.407 61.567 50.656 67.023 57.547 59.820 65.978 64.791 53.217 51.110 47.073 46.414 58.461 45.257 43.596 44.670 55.388 63.190 81.427 89.174 97.567 143.947 156.025 147.985 174.487 148.266 124.346 115.775 103.695 76.422 77.611 65.844 54.611 47.437 35.961 39.557 35.859 40.418 48.639 -999.250 -999.250 -999.250 -999.250 -999.250 -999.250 -999.250 -999.250 -999.250 -999.250 -999.250 -999.250 -999.250 -999.250 -999.250 -999.250 -999.250 -999.250 -999.250 -999.250 -999.250 -999.250 -999.250 -999.250 -999.250 -999.250 -999.250
