data/medianmodel_13-Sep-2020.asc
ncols	141
nrows	288
xllcorner	-120191.398
yllcorner	-301404.813
cellsize	2000.000
NODATA_value	-999.250
[rows 90 to 119 of 288, columns 69 to 137 of 141]
27.452 31.383 36.501 36.951 35.523 36.528 36.839 34.432 33.175 33.468 31.931 29.725 29.488 32.292 18.251 10.105 1.994 0.000 0.000 0.000 0.000 0.681 3.105 5.867 10.543 16.591 22.170 29.465 25.731 29.950 24.330 20.319 18.389 17.504 14.942 10.435 8.468 4.152 1.640 0.030 0.000 0.000 0.000 0.000 0.000 0.000 0.000 -999.250 -999.250 -999.250 -999.250 -999.250 -999.250 -999.250 -999.250 -999.250 -999.250 -999.250 -999.250 -999.250 -999.250 -999.250 -999.250 -999.250 -999.250 -999.250 -999.250 -999.250 -999.250
23.395 30.870 32.684 38.360 40.582 41.340 48.692 48.842 46.020 41.143 41.718 36.666 37.551 33.234 22.760 13.823 7.047 0.536 0.000 0.000 4.845 7.232 10.042 13.449 17.946 24.116 26.704 30.383 31.957 31.515 27.154 23.486 21.768 16.153 13.698 11.125 7.595 3.926 1.708 0.832 0.000 0.000 0.000 0.000 0.000 0.000 -999.250 -999.250 -999.250 -999.250 -999.250 -999.250 -999.250 -999.250 -999.250 -999.250 -999.250 -999.250 -999.250 -999.250 -999.250 -999.250 -999.250 -999.250 -999.250 -999.250 -999.250 -999.250 -999.250
16.630 23.845 30.900 33.824 37.947 48.181 53.641 52.281 55.944 57.357 54.057 52.230 42.551 34.755 24.763 14.539 8.787 2.781 1.148 2.670 7.134 12.422 17.826 20.502 26.196 27.483 34.477 34.853 36.078 33.062 30.413 22.679 21.857 16.215 14.034 11.078 7.607 5.116 0.784 1.393 0.000 0.000 0.000 0.000 0.000 0.581 -999.250 -999.250 -999.250 -999.250 -999.250 -999.250 -999.250 -999.250 -999.250 -999.250 -999.250 -999.250 -999.250 -999.250 -999.250 -999.250 -999.250 -999.250 -999.250 -999.250 -999.250 -999.250 -999.250
12.644 18.246 24.323 30.692 38.328 48.139 53.922 57.374 59.847 60.211 60.858 59.110 48.857 37.555 22.230 14.160 9.068 3.574 5.014 6.840 10.192 13.718 19.973 24.758 31.132 31.889 35.335 33.567 34.562 31.185 26.978 24.345 19.088 18.018 11.840 10.460 8.801 4.561 3.193 0.574 0.994 1.714 0.000 0.000 0.000 -999.250 -999.250 -999.250 -999.250 -999.250 -999.250 -999.250 -999.250 -999.250 -999.250 -999.250 -999.250 -999.250 -999.250 -999.250 -999.250 -999.250 -999.250 -999.250 -999.250 -999.250 -999.250 -999.250 -999.250
7.995 14.134 19.593 23.966 32.497 46.233 51.896 59.329 63.741 72.521 71.766 65.862 54.573 39.524 26.156 13.617 3.373 3.712 5.896 9.254 14.692 17.866 23.887 30.848 33.231 34.663 37.158 33.231 33.398 28.265 25.767 18.734 18.723 14.684 12.203 8.081 5.514 2.793 1.521 1.209 0.397 0.085 0.000 0.831 0.596 -999.250 -999.250 -999.250 -999.250 -999.250 -999.250 -999.250 -999.250 -999.250 -999.250 -999.250 -999.250 -999.250 -999.250 -999.250 -999.250 -999.250 -999.250 -999.250 -999.250 -999.250 -999.250 -999.250 -999.250
4.504 9.308 14.931 21.189 32.321 39.617 51.954 59.140 69.627 84.256 77.528 69.112 53.414 40.374 25.766 11.032 0.000 1.995 5.815 11.631 14.651 22.682 27.780 31.930 34.830 34.582 34.673 33.455 33.778 25.729 20.095 16.468 15.111 13.119 11.784 5.994 6.067 2.644 3.086 0.065 0.079 2.412 0.000 0.200 0.000 -999.250 -999.250 -999.250 -999.250 -999.250 -999.250 -999.250 -999.250 -999.250 -999.250 -999.250 -999.250 -999.250 -999.250 -999.250 -999.250 -999.250 -999.250 -999.250 -999.250 -999.250 -999.250 -999.250 -999.250
1.443 6.673 11.028 15.852 25.573 36.312 49.118 55.997 65.497 79.269 89.952 70.566 55.441 38.246 28.472 13.836 5.497 4.322 8.298 12.162 16.130 22.825 25.505 28.563 33.847 34.539 32.332 30.233 28.549 25.067 19.511 14.536 14.583 11.578 6.770 5.196 2.097 3.983 2.337 1.154 0.000 0.000 0.000 0.000 1.086 1.911 -999.250 -999.250 -999.250 -999.250 -999.250 -999.250 -999.250 -999.250 -999.250 -999.250 -999.250 -999.250 -999.250 -999.250 -999.250 -999.250 -999.250 -999.250 -999.250 -999.250 -999.250 -999.250 -999.250
0.000 2.725 6.261 11.997 23.218 31.707 40.709 52.726 60.048 65.401 68.674 61.148 51.348 38.812 23.911 14.282 10.752 7.535 8.021 9.802 12.998 17.777 22.162 31.136 32.861 30.416 27.834 25.891 25.088 21.394 15.894 12.377 13.017 9.803 5.312 4.493 1.923 0.139 1.969 1.847 0.000 0.714 0.000 0.000 2.368 2.034 4.706 -999.250 -999.250 -999.250 -999.250 -999.250 -999.250 -999.250 -999.250 -999.250 -999.250 -999.250 -999.250 -999.250 -999.250 -999.250 -999.250 -999.250 -999.250 -999.250 -999.250 -999.250 -999.250
0.000 0.000 3.421 9.310 19.170 28.593 37.291 41.806 51.107 60.225 57.266 57.949 44.575 35.167 24.005 14.280 9.883 8.166 6.971 8.908 12.043 15.564 19.364 25.846 31.260 26.463 24.387 24.156 19.627 18.252 14.027 10.021 10.409 6.958 3.861 2.806 0.557 0.332 0.000 0.992 0.923 0.369 0.000 4.156 1.982 3.328 5.205 5.709 -999.250 -999.250 -999.250 -999.250 -999.250 -999.250 -999.250 -999.250 -999.250 -999.250 -999.250 -999.250 -999.250 -999.250 -999.250 -999.250 -999.250 -999.250 -999.250 -999.250 -999.250
0.000 0.000 0.142 5.194 14.139 26.109 33.101 39.530 45.288 53.286 45.436 45.290 37.319 32.006 23.649 16.528 9.494 8.846 7.671 7.375 9.690 16.611 19.388 22.473 23.004 22.086 19.892 18.489 15.700 12.284 11.336 8.858 8.097 3.220 0.076 0.000 0.000 0.000 0.000 0.000 0.369 1.134 0.125 1.192 0.584 1.514 5.002 -999.250 -999.250 -999.250 -999.250 -999.250 -999.250 -999.250 -999.250 -999.250 -999.250 -999.250 -999.250 -999.250 -999.250 -999.250 -999.250 -999.250 -999.250 -999.250 -999.250 -999.250 -999.250
0.000 0.000 0.000 4.733 9.855 19.549 29.277 31.642 36.831 41.537 42.330 39.016 32.074 25.257 20.278 13.732 11.021 8.311 7.679 9.404 9.471 14.702 16.012 17.468 16.943 19.713 16.754 13.018 11.624 9.707 9.463 6.467 5.279 2.042 0.000 0.000 0.000 0.000 0.541 0.000 0.000 1.498 2.310 0.430 3.631 3.502 4.522 5.390 -999.250 -999.250 -999.250 -999.250 -999.250 -999.250 -999.250 -999.250 -999.250 -999.250 -999.250 -999.250 -999.250 -999.250 -999.250 -999.250 -999.250 -999.250 -999.250 -999.250 -999.250
0.000 0.000 0.000 3.621 11.195 17.809 25.360 31.314 33.047 34.832 36.540 32.869 29.009 24.303 16.673 13.538 8.473 7.147 5.646 6.853 9.169 11.226 15.014 14.221 14.230 15.475 12.779 10.325 8.907 5.744 5.608 3.909 0.697 0.000 0.000 0.000 0.000 0.000 0.090 0.000 0.186 0.013 0.772 0.436 2.856 3.152 -999.250 -999.250 -999.250 -999.250 -999.250 -999.250 -999.250 -999.250 -999.250 -999.250 -999.250 -999.250 -999.250 -999.250 -999.250 -999.250 -999.250 -999.250 -999.250 -999.250 -999.250 -999.250 -999.250
0.000 0.000 0.591 5.680 11.755 15.839 21.117 28.628 28.496 30.455 32.315 27.356 23.623 19.684 16.679 13.307 7.226 6.930 4.984 7.243 6.974 8.599 11.186 13.034 13.370 13.259 11.346 9.227 5.025 3.548 1.271 2.612 0.168 0.000 0.000 0.000 0.000 0.000 0.000 0.000 0.000 0.000 0.823 0.343 0.063 -999.250 -999.250 -999.250 -999.250 -999.250 -999.250 -999.250 -999.250 -999.250 -999.250 -999.250 -999.250 -999.250 -999.250 -999.250 -999.250 -999.250 -999.250 -999.250 -999.250 -999.250 -999.250 -999.250 -999.250
0.000 0.000 0.000 5.200 10.973 14.638 17.036 22.181 23.234 24.437 22.416 23.953 21.198 17.584 13.823 11.743 6.635 6.143 6.412 5.765 4.654 9.087 10.490 10.569 11.001 8.887 9.136 7.512 5.371 2.564 3.483 0.614 0.373 0.000 0.000 0.000 0.000 0.000 0.000 0.000 0.000 0.000 0.308 0.249 1.816 -999.250 -999.250 -999.250 -999.250 -999.250 -999.250 -999.250 -999.250 -999.250 -999.250 -999.250 -999.250 -999.250 -999.250 -999.250 -999.250 -999.250 -999.250 -999.250 -999.250 -999.250 -999.250 -999.250 -999.250
0.000 0.000 1.255 4.097 9.678 12.553 14.476 17.921 19.167 19.267 19.239 19.180 15.190 15.366 8.779 7.827 6.164 4.638 4.731 6.095 6.179 8.087 9.024 9.929 10.687 7.585 6.646 5.581 2.738 2.045 1.165 0.001 0.000 0.000 0.000 0.000 0.000 0.000 2.689 0.000 0.000 0.000 0.000 0.978 -999.250 -999.250 -999.250 -999.250 -999.250 -999.250 -999.250 -999.250 -999.250 -999.250 -999.250 -999.250 -999.250 -999.250 -999.250 -999.250 -999.250 -999.250 -999.250 -999.250 -999.250 -999.250 -999.250 -999.250 -999.250
0.000 0.000 0.000 2.060 7.645 8.752 13.295 13.911 14.524 15.985 14.646 14.246 11.670 11.981 11.171 7.774 6.440 4.069 2.627 5.440 4.986 7.653 8.407 6.771 6.841 3.395 4.156 5.022 4.596 1.880 0.767 0.000 0.000 0.000 0.000 0.000 0.000 0.000 0.000 0.000 -999.250 -999.250 -999.250 -999.250 -999.250 -999.250 -999.250 -999.250 -999.250 -999.250 -999.250 -999.250 -999.250 -999.250 -999.250 -999.250 -999.250 -999.250 -999.250 -999.250 -999.250 -999.250 -999.250 -999.250 -999.250 -999.250 -999.250 -999.250 -999.250
0.000 0.000 0.000 2.174 3.452 6.673 9.309 12.195 13.234 14.759 13.611 12.274 13.085 9.176 7.994 6.126 5.061 4.347 3.477 6.144 5.259 3.877 5.232 4.516 5.531 1.448 3.229 2.727 1.568 0.008 0.122 0.000 0.064 0.000 0.000 0.000 0.000 0.000 -999.250 -999.250 -999.250 -999.250 -999.250 -999.250 -999.250 -999.250 -999.250 -999.250 -999.250 -999.250 -999.250 -999.250 -999.250 -999.250 -999.250 -999.250 -999.250 -999.250 -999.250 -999.250 -999.250 -999.250 -999.250 -999.250 -999.250 -999.250 -999.250 -999.250 -999.250
0.000 0.000 0.000 0.000 3.529 7.396 7.533 7.884 10.705 9.567 12.493 12.221 10.492 10.079 8.230 3.824 6.365 4.223 4.321 4.493 5.729 4.487 3.391 4.185 3.477 1.123 1.230 0.587 0.340 0.155 1.103 0.000 0.000 0.000 0.000 0.000 0.000 0.000 -999.250 -999.250 -999.250 -999.250 -999.250 -999.250 -999.250 -999.250 -999.250 -999.250 -999.250 -999.250 -999.250 -999.250 -999.250 -999.250 -999.250 -999.250 -999.250 -999.250 -999.250 -999.250 -999.250 -999.250 -999.250 -999.250 -999.250 -999.250 -999.250 -999.250 -999.250
0.000 0.000 0.000 1.057 4.383 3.590 8.225 6.518 9.864 10.824 9.903 9.254 9.407 10.123 7.938 7.050 5.618 3.156 2.915 4.078 4.955 2.392 0.507 1.915 3.115 2.057 1.265 0.599 0.532 0.000 0.000 0.000 0.000 0.000 0.000 0.000 0.000 0.000 -999.250 -999.250 -999.250 -999.250 -999.250 -999.250 -999.250 -999.250 -999.250 -999.250 -999.250 -999.250 -999.250 -999.250 -999.250 -999.250 -999.250 -999.250 -999.250 -999.250 -999.250 -999.250 -999.250 -999.250 -999.250 -999.250 -999.250 -999.250 -999.250 -999.250 -999.250
0.000 0.000 0.000 0.000 3.107 5.258 6.662 8.024 8.906 9.904 7.948 8.168 8.805 8.949 7.956 7.509 5.178 4.615 4.888 4.090 1.994 0.819 1.213 0.806 3.046 0.836 0.000 0.000 0.000 1.823 0.542 0.000 0.000 0.000 0.000 0.000 0.000 0.000 -999.250 -999.250 -999.250 -999.250 -999.250 -999.250 -999.250 -999.250 -999.250 -999.250 -999.250 -999.250 -999.250 -999.250 -999.250 -999.250 -999.250 -999.250 -999.250 -999.250 -999.250 -999.250 -999.250 -999.250 -999.250 -999.250 -999.250 -999.250 -999.250 -999.250 -999.250
0.000 0.000 0.000 0.047 2.321 6.256 7.417 9.979 11.392 8.962 12.418 7.166 10.044 7.109 5.271 6.122 6.793 6.992 7.549 5.236 2.819 0.927 2.087 2.295 1.351 0.390 0.635 0.000 0.000 0.400 0.279 1.216 0.245 0.977 0.000 0.000 0.210 0.000 -999.250 -999.250 -999.250 -999.250 -999.250 -999.250 -999.250 -999.250 -999.250 -999.250 -999.250 -999.250 -999.250 -999.250 -999.250 -999.250 -999.250 -999.250 -999.250 -999.250 -999.250 -999.250 -999.250 -999.250 -999.250 -999.250 -999.250 -999.250 -999.250 -999.250 -999.250
0.000 0.000 0.000 1.230 0.392 4.820 7.256 9.803 12.645 10.214 13.228 8.543 8.871 8.221 7.001 6.204 4.250 6.180 6.867 5.178 2.454 4.661 3.347 2.576 2.780 1.436 0.000 0.000 0.285 1.741 1.301 2.404 4.286 2.361 2.122 1.002 0.000 0.000 -999.250 -999.250 -999.250 -999.250 -999.250 -999.250 -999.250 -999.250 -999.250 -999.250 -999.250 -999.250 -999.250 -999.250 -999.250 -999.250 -999.250 -999.250 -999.250 -999.250 -999.250 -999.250 -999.250 -999.250 -999.250 -999.250 -999.250 -999.250 -999.250 -999.250 -999.250
0.000 0.000 0.000 1.466 2.564 5.858 6.294 7.769 9.855 9.363 9.040 10.809 7.664 8.580 6.154 7.579 5.809 4.096 3.768 4.456 3.399 4.654 0.965 1.530 2.182 1.288 0.232 2.330 0.245 0.272 1.771 1.687 4.250 1.207 1.559 1.053 0.802 0.000 0.946 1.750 -999.250 -999.250 -999.250 -999.250 -999.250 -999.250 -999.250 -999.250 -999.250 -999.250 -999.250 -999.250 -999.250 -999.250 -999.250 -999.250 -999.250 -999.250 -999.250 -999.250 -999.250 -999.250 -999.250 -999.250 -999.250 -999.250 -999.250 -999.250 -999.250
0.000 0.000 0.000 2.146 2.585 6.776 8.541 10.095 11.635 10.746 10.473 10.368 10.525 7.373 6.174 4.455 3.717 4.595 3.468 4.799 1.055 2.730 1.378 4.520 2.115 0.970 0.966 4.394 4.639 4.426 6.133 2.748 5.764 5.900 3.896 2.660 4.069 2.724 1.770 3.822 1.897 2.546 -999.250 -999.250 -999.250 -999.250 -999.250 -999.250 -999.250 -999.250 -999.250 -999.250 -999.250 -999.250 -999.250 -999.250 -999.250 -999.250 -999.250 -999.250 -999.250 -999.250 -999.250 -999.250 -999.250 -999.250 -999.250 -999.250 -999.250
0.000 0.000 1.461 1.040 5.073 8.734 9.078 11.884 10.734 12.524 11.498 12.798 10.143 5.165 4.443 4.719 4.222 1.906 2.690 2.950 3.042 3.976 2.542 1.758 4.612 4.168 4.734 3.865 4.557 5.351 6.268 7.077 7.712 4.722 5.880 5.750 6.123 6.041 5.185 4.680 1.096 7.473 -999.250 -999.250 -999.250 -999.250 -999.250 -999.250 -999.250 -999.250 -999.250 -999.250 -999.250 -999.250 -999.250 -999.250 -999.250 -999.250 -999.250 -999.250 -999.250 -999.250 -999.250 -999.250 -999.250 -999.250 -999.250 -999.250 -999.250
0.000 2.428 3.237 4.481 6.382 10.216 12.590 13.028 14.132 13.712 12.056 10.963 9.254 6.932 6.943 4.778 3.863 6.193 4.862 5.921 4.597 3.765 2.530 4.785 6.056 6.261 5.549 5.366 5.198 6.328 8.295 8.995 9.925 8.442 9.360 10.218 10.629 8.427 8.906 6.245 6.403 9.268 8.463 -999.250 -999.250 -999.250 -999.250 -999.250 -999.250 -999.250 -999.250 -999.250 -999.250 -999.250 -999.250 -999.250 -999.250 -999.250 -999.250 -999.250 -999.250 -999.250 -999.250 -999.250 -999.250 -999.250 -999.250 -999.250 -999.250
3.082 5.579 6.186 9.236 9.558 12.165 14.676 14.026 14.094 13.539 15.320 14.773 12.552 9.030 7.281 6.911 6.483 7.680 8.271 4.452 6.028 5.134 3.387 4.206 5.579 6.027 7.546 6.231 5.058 6.132 10.338 11.013 12.053 12.550 10.549 11.638 13.348 10.655 8.087 9.136 9.696 9.873 9.864 10.474 -999.250 -999.250 -999.250 -999.250 -999.250 -999.250 -999.250 -999.250 -999.250 -999.250 -999.250 -999.250 -999.250 -999.250 -999.250 -999.250 -999.250 -999.250 -999.250 -999.250 -999.250 -999.250 -999.250 -999.250 -999.250
8.153 8.599 8.755 13.193 12.993 14.397 16.899 16.671 14.368 17.396 16.528 14.132 12.984 8.404 6.526 7.967 6.518 7.535 5.268 4.428 6.431 4.627 6.894 5.589 5.428 5.487 6.456 5.963 8.139 7.937 10.959 13.038 13.257 13.964 14.693 14.059 14.265 13.029 10.417 9.012 9.050 12.096 10.725 13.340 -999.250 -999.250 -999.250 -999.250 -999.250 -999.250 -999.250 -999.250 -999.250 -999.250 -999.250 -999.250 -999.250 -999.250 -999.250 -999.250 -999.250 -999.250 -999.250 -999.250 -999.250 -999.250 -999.250 -999.250 -999.250
11.939 12.017 12.625 15.276 18.592 17.377 20.231 17.812 18.429 17.752 17.445 16.493 13.265 10.227 9.969 10.538 10.576 8.341 7.899 6.191 6.031 8.107 4.759 5.736 3.695 6.035 7.645 8.902 10.352 11.189 13.007 14.325 16.479 17.474 16.798 15.498 13.769 13.385 13.318 13.562 13.224 10.958 12.301 13.587 12.733 -999.250 -999.250 -999.250 -999.250 -999.250 -999.250 -999.250 -999.250 -999.250 -999.250 -999.250 -999.250 -999.250 -999.250 -999.250 -999.250 -999.250 -999.250 -999.250 -999.250 -999.250 -999.250 -999.250 -999.250
13.282 17.637 17.138 21.137 22.379 22.399 22.022 23.325 22.547 17.685 15.900 17.086 15.662 13.905 13.145 10.849 10.336 9.607 8.898 8.400 7.738 7.172 5.233 5.566 6.680 8.014 6.957 10.949 11.925 14.396 14.920 18.162 19.991 22.227 21.313 17.869 16.495 14.204 15.377 15.931 16.533 14.238 15.268 15.821 -999.250 -999.250 -999.250 -999.250 -999.250 -999.250 -999.250 -999.250 -999.250 -999.250 -999.250 -999.250 -999.250 -999.250 -999.250 -999.250 -999.250 -999.250 -999.250 -999.250 -999.250 -999.250 -999.250 -999.250 -999.250
