data/medianmodel_03-Dec-2020.asc
ncols	141
nrows	288
xllcorner	-120191.398
yllcorner	-301404.813
cellsize	2000.000
NODATA_value	-999.250
[rows 87 to 115 of 288, columns 64 to 127 of 141]
349.805 423.986 453.212 461.051 474.735 473.092 481.054 459.997 460.336 412.778 356.930 345.183 320.559 334.336 333.125 334.970 322.351 312.314 332.016 308.999 323.432 331.629 351.657 351.395 380.865 429.592 453.752 477.465 508.059 581.734 616.342 634.173 622.587 640.826 614.765 602.689 614.679 587.962 540.319 500.814 511.147 504.645 457.938 482.827 448.931 418.158 382.361 363.273 326.177 311.445 -999.250 -999.250 -999.250 -999.250 -999.250 -999.250 -999.250 -999.250 -999.250 -999.250 -999.250 -999.250 -999.250 -999.250
345.566 403.957 442.477 457.171 473.560 475.853 491.446 479.602 472.624 464.345 427.807 387.654 365.531 388.480 364.090 377.848 359.820 392.436 372.159 385.449 384.719 426.273 406.726 404.670 419.423 435.847 468.712 508.643 550.379 620.029 636.620 652.456 656.690 649.234 611.127 604.016 613.645 606.953 588.650 519.080 535.167 513.070 492.411 468.428 443.338 440.498 393.522 366.994 320.002 307.856 320.096 329.033 -999.250 -999.250 -999.250 -999.250 -999.250 -999.250 -999.250 -999.250 -999.250 -999.250 -999.250 -999.250
347.768 391.873 450.213 484.377 492.125 480.445 483.014 501.002 477.917 485.495 487.254 426.166 424.103 452.846 452.342 429.560 418.373 435.893 422.138 431.776 437.101 433.042 445.183 451.061 434.254 457.818 484.725 504.613 572.266 595.605 652.152 668.906 676.855 665.037 641.205 630.400 636.493 590.196 588.914 602.136 570.222 553.541 501.740 468.836 460.804 441.633 403.943 400.578 346.112 331.147 325.597 333.601 -999.250 -999.250 -999.250 -999.250 -999.250 -999.250 -999.250 -999.250 -999.250 -999.250 -999.250 -999.250
326.056 341.754 420.278 470.421 473.398 491.399 495.403 506.173 522.370 524.375 493.107 486.487 475.291 487.501 479.818 461.609 463.179 459.063 452.087 458.146 447.766 448.970 469.639 465.183 479.235 484.288 504.386 532.300 573.064 627.076 629.489 652.796 680.666 693.523 660.796 683.285 642.088 642.289 622.923 598.212 567.289 560.564 535.454 519.061 483.631 451.796 443.833 408.912 370.742 352.760 332.501 324.153 -999.250 -999.250 -999.250 -999.250 -999.250 -999.250 -999.250 -999.250 -999.250 -999.250 -999.250 -999.250
318.714 352.193 389.632 453.194 478.590 480.143 492.871 508.064 505.837 494.105 520.137 538.928 540.105 499.850 494.876 508.776 504.327 503.374 477.843 489.848 497.137 487.785 470.927 484.262 501.710 504.525 504.155 551.401 605.623 602.622 635.395 678.331 706.924 709.766 694.992 655.392 655.378 639.585 629.326 591.448 619.735 579.148 527.827 501.864 486.163 451.560 441.638 425.662 395.890 360.034 363.253 -999.250 -999.250 -999.250 -999.250 -999.250 -999.250 -999.250 -999.250 -999.250 -999.250 -999.250 -999.250 -999.250
315.812 333.374 363.954 440.381 463.625 484.373 468.085 480.591 468.157 490.292 538.669 574.731 587.021 573.364 570.691 544.926 563.148 516.613 512.574 514.910 490.610 496.318 472.591 498.939 495.322 543.473 553.172 570.916 586.640 630.975 685.791 677.963 689.863 661.482 656.695 675.253 676.653 661.437 634.891 619.563 611.716 604.602 571.774 500.003 511.191 474.054 472.404 440.443 430.400 377.365 375.288 -999.250 -999.250 -999.250 -999.250 -999.250 -999.250 -999.250 -999.250 -999.250 -999.250 -999.250 -999.250 -999.250
292.853 321.174 343.970 387.926 417.858 442.099 459.597 469.181 460.557 506.410 553.887 595.258 618.258 578.807 609.475 601.528 626.993 593.835 585.620 529.130 510.188 527.255 500.312 498.522 519.689 561.029 624.723 609.889 614.539 647.953 666.098 683.753 669.506 629.634 647.609 659.828 670.228 678.810 660.708 624.756 557.173 589.515 543.276 498.489 482.671 465.788 466.726 463.847 446.751 428.546 -999.250 -999.250 -999.250 -999.250 -999.250 -999.250 -999.250 -999.250 -999.250 -999.250 -999.250 -999.250 -999.250 -999.250
270.973 283.841 311.379 334.376 372.160 405.396 426.171 438.624 472.491 506.285 544.232 594.091 614.945 663.437 668.154 698.791 675.482 650.305 633.416 571.255 510.443 497.918 506.596 531.417 576.870 581.766 615.793 625.247 633.944 637.516 677.759 691.682 703.231 709.503 685.831 696.870 679.594 664.892 659.528 627.179 608.448 586.859 567.529 534.085 480.685 488.063 453.603 456.448 453.452 416.983 -999.250 -999.250 -999.250 -999.250 -999.250 -999.250 -999.250 -999.250 -999.250 -999.250 -999.250 -999.250 -999.250 -999.250
255.709 252.136 279.091 296.803 345.929 367.828 398.210 419.955 456.778 495.226 539.338 587.475 636.511 688.505 712.305 791.393 737.477 712.466 661.467 602.207 521.415 498.836 510.816 539.543 573.433 576.051 595.024 646.772 645.733 684.393 709.847 700.893 726.609 753.711 738.680 713.144 681.545 665.347 713.937 639.702 656.407 555.884 555.607 554.540 533.459 509.884 512.676 476.028 453.547 435.039 -999.250 -999.250 -999.250 -999.250 -999.250 -999.250 -999.250 -999.250 -999.250 -999.250 -999.250 -999.250 -999.250 -999.250
224.549 232.375 251.427 270.231 293.999 313.253 338.157 356.661 451.227 462.441 508.387 577.998 618.712 694.508 762.747 805.073 772.644 708.027 694.678 641.771 604.200 561.637 550.689 565.094 595.739 586.606 625.620 653.802 670.163 723.958 670.316 700.957 726.649 740.377 752.317 737.080 722.826 677.493 699.008 674.929 647.094 622.556 573.441 547.311 519.143 511.552 526.398 493.004 504.358 431.262 447.754 -999.250 -999.250 -999.250 -999.250 -999.250 -999.250 -999.250 -999.250 -999.250 -999.250 -999.250 -999.250 -999.250
199.217 210.016 206.282 252.693 264.952 300.476 314.063 333.708 359.508 425.876 487.745 543.425 612.440 653.416 726.822 801.290 741.559 748.510 670.493 652.796 623.527 613.336 596.113 582.772 580.351 610.489 643.933 654.583 707.051 711.553 714.763 726.732 740.555 749.501 760.565 743.642 730.331 703.477 695.780 679.255 642.520 603.314 580.228 551.171 535.282 543.350 509.446 510.833 496.607 458.451 456.709 442.119 -999.250 -999.250 -999.250 -999.250 -999.250 -999.250 -999.250 -999.250 -999.250 -999.250 -999.250 -999.250
158.339 200.141 209.252 221.859 255.835 277.274 278.292 300.712 311.739 377.458 470.649 542.435 608.742 660.398 726.076 786.376 754.733 751.321 677.946 644.264 603.277 610.059 605.423 597.001 599.453 606.958 630.875 671.843 696.673 718.975 747.416 720.188 738.133 761.970 736.081 742.981 689.991 705.398 655.005 613.754 609.172 601.104 593.652 542.427 542.301 535.424 495.216 519.318 520.169 497.769 482.727 447.947 443.856 -999.250 -999.250 -999.250 -999.250 -999.250 -999.250 -999.250 -999.250 -999.250 -999.250 -999.250
200.767 208.995 209.272 232.337 242.625 263.363 256.690 245.681 244.118 341.044 475.120 531.535 607.001 647.896 688.751 725.141 731.992 722.210 644.698 617.798 615.619 602.778 631.628 608.048 598.027 621.832 637.623 695.447 725.246 741.268 748.671 738.623 800.890 740.397 730.516 702.259 696.967 687.313 670.997 602.858 595.182 565.860 563.315 563.749 577.620 481.704 514.805 513.945 526.538 500.441 515.674 440.566 -999.250 -999.250 -999.250 -999.250 -999.250 -999.250 -999.250 -999.250 -999.250 -999.250 -999.250 -999.250
221.036 209.945 224.583 239.804 242.387 268.167 277.778 270.289 314.870 394.052 487.625 557.411 635.283 670.338 707.065 747.207 708.975 665.778 651.573 623.315 597.980 632.962 639.772 632.557 625.183 634.121 660.022 702.138 700.730 760.039 758.783 732.818 730.131 757.735 721.927 665.170 698.730 704.249 656.878 609.301 575.931 582.971 558.609 583.184 534.246 518.828 525.954 521.005 493.000 479.161 464.688 448.955 434.476 -999.250 -999.250 -999.250 -999.250 -999.250 -999.250 -999.250 -999.250 -999.250 -999.250 -999.250
243.689 224.066 252.868 241.776 245.704 281.430 309.657 328.887 356.959 438.398 494.054 569.981 645.090 670.195 720.153 684.604 700.320 706.665 691.886 662.863 617.403 617.489 582.943 625.657 606.895 622.967 679.720 717.947 702.548 727.046 732.900 690.374 694.488 698.803 635.225 667.331 686.569 641.266 614.349 614.210 592.038 571.300 551.857 522.545 534.653 520.527 518.748 491.642 508.205 489.551 459.748 -999.250 -999.250 -999.250 -999.250 -999.250 -999.250 -999.250 -999.250 -999.250 -999.250 -999.250 -999.250 -999.250
232.909 256.368 259.113 252.783 294.920 298.864 335.846 353.039 429.087 460.307 490.000 580.765 601.783 683.206 682.233 674.112 698.264 671.316 673.096 666.608 618.248 619.180 614.791 596.987 624.478 630.060 657.047 705.537 724.769 701.731 697.571 642.219 699.053 688.342 639.218 624.283 601.229 615.914 585.540 587.071 562.923 555.319 493.818 505.422 504.287 513.645 486.352 469.452 496.567 469.786 -999.250 -999.250 -999.250 -999.250 -999.250 -999.250 -999.250 -999.250 -999.250 -999.250 -999.250 -999.250 -999.250 -999.250
249.340 255.450 270.508 302.540 316.701 320.875 380.687 424.228 468.013 486.284 518.514 575.735 635.141 640.108 663.384 680.090 659.433 671.767 658.820 629.186 641.181 579.469 582.428 553.573 610.657 649.361 632.862 641.749 677.995 652.241 648.310 662.709 655.856 683.748 653.707 602.219 580.450 586.378 555.458 529.549 527.099 494.170 479.536 475.082 507.249 484.891 491.848 481.706 476.774 456.711 -999.250 -999.250 -999.250 -999.250 -999.250 -999.250 -999.250 -999.250 -999.250 -999.250 -999.250 -999.250 -999.250 -999.250
240.339 254.914 275.203 315.740 338.828 374.842 461.455 465.129 502.150 531.235 563.509 610.381 610.584 639.056 664.085 679.517 660.768 672.919 661.163 611.906 613.738 576.247 557.297 577.101 577.394 592.862 635.060 623.654 647.185 644.688 631.025 618.267 623.108 637.282 608.502 594.050 552.250 532.962 562.086 515.969 503.388 490.256 479.615 460.348 494.243 471.890 477.157 483.837 435.546 -999.250 -999.250 -999.250 -999.250 -999.250 -999.250 -999.250 -999.250 -999.250 -999.250 -999.250 -999.250 -999.250 -999.250 -999.250
266.454 300.816 317.905 340.029 364.270 438.116 460.234 498.143 501.768 538.771 606.178 624.285 631.703 640.066 699.731 655.097 675.188 678.649 661.906 617.310 600.843 590.777 595.946 579.989 602.476 595.128 626.479 656.805 667.989 653.889 601.689 581.095 583.043 567.096 568.814 531.747 519.449 514.665 493.987 507.922 483.412 462.024 439.246 428.566 425.939 -999.250 -999.250 -999.250 -999.250 -999.250 -999.250 -999.250 -999.250 -999.250 -999.250 -999.250 -999.250 -999.250 -999.250 -999.250 -999.250 -999.250 -999.250 -999.250
266.160 316.626 355.477 388.495 438.148 465.013 507.524 530.540 585.683 570.629 604.017 614.480 685.132 667.499 679.575 683.372 703.529 662.007 633.162 620.908 560.243 587.327 572.424 567.385 575.275 630.415 621.642 638.251 622.647 585.466 590.142 568.860 582.822 559.495 538.652 532.697 502.221 503.974 477.179 434.836 453.277 425.690 444.373 -999.250 -999.250 -999.250 -999.250 -999.250 -999.250 -999.250 -999.250 -999.250 -999.250 -999.250 -999.250 -999.250 -999.250 -999.250 -999.250 -999.250 -999.250 -999.250 -999.250 -999.250
288.705 328.080 379.106 438.038 463.182 486.681 564.383 582.231 612.179 597.709 604.416 604.505 660.267 673.066 666.815 703.367 701.589 689.602 644.831 589.258 574.152 545.190 524.327 524.610 556.569 601.459 598.080 611.669 588.000 558.392 547.060 555.391 540.305 520.094 510.822 498.419 509.736 459.615 425.527 421.807 400.402 415.981 396.718 -999.250 -999.250 -999.250 -999.250 -999.250 -999.250 -999.250 -999.250 -999.250 -999.250 -999.250 -999.250 -999.250 -999.250 -999.250 -999.250 -999.250 -999.250 -999.250 -999.250 -999.250
285.463 331.678 394.176 442.070 501.885 538.228 572.517 636.487 638.040 642.359 655.267 656.096 669.852 641.579 639.085 697.178 677.807 653.368 662.294 598.140 575.107 550.020 533.191 532.654 549.137 592.195 587.443 610.760 561.479 557.471 543.023 579.037 531.472 532.977 510.264 495.501 452.851 442.627 383.342 359.488 365.243 369.973 389.843 -999.250 -999.250 -999.250 -999.250 -999.250 -999.250 -999.250 -999.250 -999.250 -999.250 -999.250 -999.250 -999.250 -999.250 -999.250 -999.250 -999.250 -999.250 -999.250 -999.250 -999.250
316.272 372.380 442.838 471.859 514.730 567.372 645.806 670.886 632.105 676.226 697.777 675.930 693.210 662.081 692.281 678.438 662.165 666.941 640.508 601.348 572.060 529.920 518.387 534.034 566.439 533.885 561.020 552.006 545.222 559.394 529.434 525.056 511.536 503.808 496.864 472.012 449.610 407.575 343.244 315.457 335.594 339.831 318.687 -999.250 -999.250 -999.250 -999.250 -999.250 -999.250 -999.250 -999.250 -999.250 -999.250 -999.250 -999.250 -999.250 -999.250 -999.250 -999.250 -999.250 -999.250 -999.250 -999.250 -999.250
340.423 428.009 471.722 535.925 560.867 625.302 651.934 695.505 725.980 692.517 709.485 673.442 665.034 660.016 693.836 691.573 666.886 653.107 646.919 642.108 581.433 570.751 522.989 475.561 520.809 510.613 542.089 523.993 578.635 500.749 504.273 503.312 486.471 470.784 485.196 459.590 384.809 387.722 363.742 327.747 301.240 309.779 308.068 -999.250 -999.250 -999.250 -999.250 -999.250 -999.250 -999.250 -999.250 -999.250 -999.250 -999.250 -999.250 -999.250 -999.250 -999.250 -999.250 -999.250 -999.250 -999.250 -999.250 -999.250
378.008 430.339 513.929 563.721 638.784 661.817 714.139 726.073 724.486 729.261 686.302 639.368 679.055 691.917 689.171 696.331 704.981 695.698 673.200 622.527 563.889 541.381 513.744 505.119 510.812 518.393 533.313 535.629 534.828 485.766 500.465 473.880 455.503 449.379 469.157 437.074 367.966 360.302 347.071 331.084 309.858 304.513 287.536 -999.250 -999.250 -999.250 -999.250 -999.250 -999.250 -999.250 -999.250 -999.250 -999.250 -999.250 -999.250 -999.250 -999.250 -999.250 -999.250 -999.250 -999.250 -999.250 -999.250 -999.250
382.661 468.354 511.346 613.162 641.765 696.843 754.693 777.196 757.176 728.054 674.573 693.791 677.362 670.479 681.728 683.203 697.402 647.980 619.869 619.109 603.008 538.854 514.951 511.529 487.567 524.311 502.325 512.937 496.802 486.171 471.682 453.907 461.598 448.645 414.223 392.711 360.309 352.388 336.279 310.562 290.680 320.413 320.585 316.671 331.780 -999.250 -999.250 -999.250 -999.250 -999.250 -999.250 -999.250 -999.250 -999.250 -999.250 -999.250 -999.250 -999.250 -999.250 -999.250 -999.250 -999.250 -999.250 -999.250
422.815 478.473 539.537 606.461 675.337 719.347 767.897 750.554 743.786 724.110 718.544 696.634 697.997 692.824 676.744 653.713 632.409 634.399 607.586 601.776 560.469 534.518 514.368 529.286 509.480 523.306 505.787 519.910 482.832 474.812 483.342 466.614 444.964 428.745 436.439 376.435 362.302 339.238 321.356 288.677 320.856 324.399 298.056 297.355 302.514 310.453 298.966 -999.250 -999.250 -999.250 -999.250 -999.250 -999.250 -999.250 -999.250 -999.250 -999.250 -999.250 -999.250 -999.250 -999.250 -999.250 -999.250 -999.250
418.923 490.673 520.593 569.962 635.267 714.541 725.037 720.148 703.111 716.259 709.518 729.409 735.076 685.684 664.117 666.205 631.528 620.953 602.803 603.700 569.583 527.906 524.637 520.687 526.995 532.850 516.372 504.701 472.304 494.374 455.226 462.370 456.261 408.670 413.800 364.178 342.230 318.466 303.840 312.119 316.603 310.230 310.572 311.629 298.573 294.231 317.899 -999.250 -999.250 -999.250 -999.250 -999.250 -999.250 -999.250 -999.250 -999.250 -999.250 -999.250 -999.250 -999.250 -999.250 -999.250 -999.250 -999.250
414.878 455.730 495.326 528.011 597.012 657.293 659.480 662.659 681.973 688.423 671.506 661.923 679.928 627.991 653.368 630.007 598.479 630.638 596.743 597.632 540.015 541.921 530.617 497.038 512.937 529.544 506.743 488.946 492.687 461.425 467.105 461.627 445.924 409.374 374.592 353.308 322.948 317.853 314.400 304.205 298.526 313.603 296.523 299.122 266.520 275.385 311.572 309.170 -999.250 -999.250 -999.250 -999.250 -999.250 -999.250 -999.250 -999.250 -999.250 -999.250 -999.250 -999.250 -999.250 -999.250 -999.250 -999.250
