data/medianmodel_19-Apr-2020.asc
ncols	141
nrows	288
xllcorner	-120191.398
yllcorner	-301404.813
cellsize	2000.000
NODATA_value	-999.250
[rows 150 to 179 of 288, columns 67 to 133 of 141]
14.183 8.397 8.774 9.782 11.276 12.759 14.268 16.007 17.356 15.966 17.009 16.453 16.933 16.705 17.098 17.749 17.826 18.010 18.547 15.187 14.744 15.489 15.200 16.097 20.142 20.535 19.849 22.787 -999.250 -999.250 -999.250 -999.250 -999.250 -999.250 -999.250 -999.250 -999.250 -999.250 -999.250 -999.250 -999.250 -999.250 -999.250 -999.250 -999.250 -999.250 -999.250 -999.250 -999.250 -999.250 -999.250 -999.250 -999.250 -999.250 -999.250 -999.250 -999.250 -999.250 -999.250 -999.250 -999.250 -999.250 -999.250 -999.250 -999.250 -999.250 -999.250
13.120 11.203 11.029 12.519 11.614 14.299 14.909 16.732 17.196 17.586 16.181 18.113 17.138 17.676 15.840 15.678 16.464 19.320 16.607 15.667 17.456 18.467 19.042 19.449 20.645 22.073 26.520 24.066 -999.250 -999.250 -999.250 -999.250 -999.250 -999.250 -999.250 -999.250 -999.250 -999.250 -999.250 -999.250 -999.250 -999.250 -999.250 -999.250 -999.250 -999.250 -999.250 -999.250 -999.250 -999.250 -999.250 -999.250 -999.250 -999.250 -999.250 -999.250 -999.250 -999.250 -999.250 -999.250 -999.250 -999.250 -999.250 -999.250 -999.250 -999.250 -999.250
14.080 10.836 13.048 12.561 11.679 14.347 14.976 14.758 19.573 19.789 17.559 15.681 16.090 17.849 18.381 16.901 15.347 17.134 16.837 15.625 17.384 18.371 21.159 21.635 24.524 27.196 30.904 25.157 -999.250 -999.250 -999.250 -999.250 -999.250 -999.250 -999.250 -999.250 -999.250 -999.250 -999.250 -999.250 -999.250 -999.250 -999.250 -999.250 -999.250 -999.250 -999.250 -999.250 -999.250 -999.250 -999.250 -999.250 -999.250 -999.250 -999.250 -999.250 -999.250 -999.250 -999.250 -999.250 -999.250 -999.250 -999.250 -999.250 -999.250 -999.250 -999.250
15.419 15.468 13.457 12.905 11.905 13.651 11.738 15.469 16.004 16.828 15.187 14.542 13.692 14.774 15.923 15.295 15.802 15.191 16.238 16.460 18.691 20.374 20.261 27.676 27.590 33.733 32.360 25.059 -999.250 -999.250 -999.250 -999.250 -999.250 -999.250 -999.250 -999.250 -999.250 -999.250 -999.250 -999.250 -999.250 -999.250 -999.250 -999.250 -999.250 -999.250 -999.250 -999.250 -999.250 -999.250 -999.250 -999.250 -999.250 -999.250 -999.250 -999.250 -999.250 -999.250 -999.250 -999.250 -999.250 -999.250 -999.250 -999.250 -999.250 -999.250 -999.250
16.203 14.820 14.262 13.044 12.385 12.370 13.169 15.792 15.931 15.567 13.625 12.325 14.025 12.762 12.880 14.480 14.403 14.643 13.967 15.457 19.382 20.738 23.054 26.043 30.500 33.278 32.780 29.400 -999.250 -999.250 -999.250 -999.250 -999.250 -999.250 -999.250 -999.250 -999.250 -999.250 -999.250 -999.250 -999.250 -999.250 -999.250 -999.250 -999.250 -999.250 -999.250 -999.250 -999.250 -999.250 -999.250 -999.250 -999.250 -999.250 -999.250 -999.250 -999.250 -999.250 -999.250 -999.250 -999.250 -999.250 -999.250 -999.250 -999.250 -999.250 -999.250
12.859 12.502 12.942 12.752 13.008 13.693 15.383 16.126 15.437 15.767 15.137 13.717 11.349 12.988 12.755 11.511 12.244 12.779 16.433 17.714 17.769 18.657 22.993 25.978 28.879 30.880 30.229 27.478 -999.250 -999.250 -999.250 -999.250 -999.250 -999.250 -999.250 -999.250 -999.250 -999.250 -999.250 -999.250 -999.250 -999.250 -999.250 -999.250 -999.250 -999.250 -999.250 -999.250 -999.250 -999.250 -999.250 -999.250 -999.250 -999.250 -999.250 -999.250 -999.250 -999.250 -999.250 -999.250 -999.250 -999.250 -999.250 -999.250 -999.250 -999.250 -999.250
13.182 13.381 12.913 12.688 10.995 13.985 13.308 13.500 15.222 13.738 11.791 14.184 13.776 14.195 10.113 11.816 10.365 13.032 14.561 16.064 17.170 17.077 20.070 24.115 28.313 31.576 27.964 28.015 25.216 -999.250 -999.250 -999.250 -999.250 -999.250 -999.250 -999.250 -999.250 -999.250 -999.250 -999.250 -999.250 -999.250 -999.250 -999.250 -999.250 -999.250 -999.250 -999.250 -999.250 -999.250 -999.250 -999.250 -999.250 -999.250 -999.250 -999.250 -999.250 -999.250 -999.250 -999.250 -999.250 -999.250 -999.250 -999.250 -999.250 -999.250 -999.250
12.211 12.317 10.277 9.917 12.935 13.984 13.394 14.057 12.678 10.614 10.467 13.986 11.245 12.787 10.899 8.441 5.806 6.565 11.709 11.680 15.759 17.025 18.895 23.328 23.077 23.914 28.139 26.217 23.615 21.920 -999.250 -999.250 -999.250 -999.250 -999.250 -999.250 -999.250 -999.250 -999.250 -999.250 -999.250 -999.250 -999.250 -999.250 -999.250 -999.250 -999.250 -999.250 -999.250 -999.250 -999.250 -999.250 -999.250 -999.250 -999.250 -999.250 -999.250 -999.250 -999.250 -999.250 -999.250 -999.250 -999.250 -999.250 -999.250 -999.250 -999.250
8.558 11.254 9.785 10.247 10.838 10.416 12.535 13.202 13.775 13.466 12.697 13.323 11.791 9.678 8.495 8.096 0.000 8.328 8.670 13.544 14.877 14.780 17.386 18.041 20.271 23.173 25.373 25.168 23.068 21.197 20.698 -999.250 -999.250 -999.250 -999.250 -999.250 -999.250 -999.250 -999.250 -999.250 -999.250 -999.250 -999.250 -999.250 -999.250 -999.250 -999.250 -999.250 -999.250 -999.250 -999.250 -999.250 -999.250 -999.250 -999.250 -999.250 -999.250 -999.250 -999.250 -999.250 -999.250 -999.250 -999.250 -999.250 -999.250 -999.250 -999.250
9.962 10.407 9.525 9.880 10.180 9.099 11.998 14.069 14.453 14.090 8.941 12.546 12.074 8.182 9.178 7.820 2.382 8.039 12.024 12.840 16.083 14.377 16.293 18.864 18.781 19.341 22.857 20.854 21.579 19.703 20.890 -999.250 -999.250 -999.250 -999.250 -999.250 -999.250 -999.250 -999.250 -999.250 -999.250 -999.250 -999.250 -999.250 -999.250 -999.250 -999.250 -999.250 -999.250 -999.250 -999.250 -999.250 -999.250 -999.250 -999.250 -999.250 -999.250 -999.250 -999.250 -999.250 -999.250 -999.250 -999.250 -999.250 -999.250 -999.250 -999.250
7.148 11.480 10.174 12.057 11.530 11.815 13.589 12.812 12.906 13.666 12.673 11.045 12.343 12.050 8.515 9.239 7.194 10.270 13.307 14.903 16.067 16.705 16.369 17.107 18.711 19.159 18.479 18.980 19.382 19.412 18.947 -999.250 -999.250 -999.250 -999.250 -999.250 -999.250 -999.250 -999.250 -999.250 -999.250 -999.250 -999.250 -999.250 -999.250 -999.250 -999.250 -999.250 -999.250 -999.250 -999.250 -999.250 -999.250 -999.250 -999.250 -999.250 -999.250 -999.250 -999.250 -999.250 -999.250 -999.250 -999.250 -999.250 -999.250 -999.250 -999.250
8.562 9.994 11.534 11.067 10.203 11.726 11.584 12.118 14.179 12.143 11.363 11.842 9.240 9.339 5.500 7.414 10.782 9.866 13.173 13.943 16.394 14.311 13.852 16.139 15.538 17.514 17.368 19.234 20.605 19.461 17.355 -999.250 -999.250 -999.250 -999.250 -999.250 -999.250 -999.250 -999.250 -999.250 -999.250 -999.250 -999.250 -999.250 -999.250 -999.250 -999.250 -999.250 -999.250 -999.250 -999.250 -999.250 -999.250 -999.250 -999.250 -999.250 -999.250 -999.250 -999.250 -999.250 -999.250 -999.250 -999.250 -999.250 -999.250 -999.250 -999.250
7.991 10.468 9.529 10.415 11.867 9.459 14.757 13.439 14.267 13.056 12.530 10.522 7.631 4.969 3.418 4.543 8.617 10.397 11.152 14.217 12.638 13.703 15.385 16.086 14.808 14.326 16.706 17.209 20.189 18.659 18.570 -999.250 -999.250 -999.250 -999.250 -999.250 -999.250 -999.250 -999.250 -999.250 -999.250 -999.250 -999.250 -999.250 -999.250 -999.250 -999.250 -999.250 -999.250 -999.250 -999.250 -999.250 -999.250 -999.250 -999.250 -999.250 -999.250 -999.250 -999.250 -999.250 -999.250 -999.250 -999.250 -999.250 -999.250 -999.250 -999.250
8.138 10.314 10.545 10.374 10.565 11.980 13.026 13.943 12.194 14.186 11.315 12.335 9.181 7.064 0.000 2.865 8.630 11.248 11.118 10.723 10.700 14.005 13.403 13.491 13.098 15.869 14.255 14.915 16.117 16.659 16.569 15.845 -999.250 -999.250 -999.250 -999.250 -999.250 -999.250 -999.250 -999.250 -999.250 -999.250 -999.250 -999.250 -999.250 -999.250 -999.250 -999.250 -999.250 -999.250 -999.250 -999.250 -999.250 -999.250 -999.250 -999.250 -999.250 -999.250 -999.250 -999.250 -999.250 -999.250 -999.250 -999.250 -999.250 -999.250 -999.250
10.331 10.592 11.644 9.527 11.101 10.833 12.262 13.749 11.925 12.244 11.119 12.543 10.446 5.670 3.802 3.811 7.906 10.788 12.480 10.464 11.296 12.705 13.582 12.260 13.434 14.127 12.906 15.026 14.550 14.299 15.099 14.388 16.508 -999.250 -999.250 -999.250 -999.250 -999.250 -999.250 -999.250 -999.250 -999.250 -999.250 -999.250 -999.250 -999.250 -999.250 -999.250 -999.250 -999.250 -999.250 -999.250 -999.250 -999.250 -999.250 -999.250 -999.250 -999.250 -999.250 -999.250 -999.250 -999.250 -999.250 -999.250 -999.250 -999.250 -999.250
7.729 10.500 9.818 10.982 11.383 12.204 11.536 13.103 12.120 13.537 12.110 12.561 11.653 10.224 5.936 7.939 8.077 10.336 11.834 10.742 12.332 14.454 13.436 14.010 12.680 12.490 12.948 12.818 11.324 13.251 14.430 13.999 14.538 16.090 17.114 18.979 -999.250 -999.250 -999.250 -999.250 -999.250 -999.250 -999.250 -999.250 -999.250 -999.250 -999.250 -999.250 -999.250 -999.250 -999.250 -999.250 -999.250 -999.250 -999.250 -999.250 -999.250 -999.250 -999.250 -999.250 -999.250 -999.250 -999.250 -999.250 -999.250 -999.250 -999.250
9.969 9.265 10.425 12.578 10.095 11.950 12.178 12.529 11.229 11.989 10.398 10.888 8.552 7.007 10.612 6.013 6.641 9.012 11.362 11.666 12.085 11.777 12.380 12.693 12.732 11.515 11.255 11.160 10.034 9.930 12.588 10.944 14.158 15.084 16.777 20.055 -999.250 -999.250 -999.250 -999.250 -999.250 -999.250 -999.250 -999.250 -999.250 -999.250 -999.250 -999.250 -999.250 -999.250 -999.250 -999.250 -999.250 -999.250 -999.250 -999.250 -999.250 -999.250 -999.250 -999.250 -999.250 -999.250 -999.250 -999.250 -999.250 -999.250 -999.250
11.819 8.069 9.864 10.392 10.700 9.926 9.894 10.182 11.225 7.783 10.059 10.628 10.241 5.038 10.393 8.143 7.719 6.659 13.043 10.031 12.516 12.247 13.309 12.772 10.849 14.294 10.302 11.208 8.132 9.977 9.874 8.497 13.476 15.764 18.031 -999.250 -999.250 -999.250 -999.250 -999.250 -999.250 -999.250 -999.250 -999.250 -999.250 -999.250 -999.250 -999.250 -999.250 -999.250 -999.250 -999.250 -999.250 -999.250 -999.250 -999.250 -999.250 -999.250 -999.250 -999.250 -999.250 -999.250 -999.250 -999.250 -999.250 -999.250 -999.250
12.040 10.105 7.986 6.846 9.335 9.064 9.077 10.454 10.872 10.906 9.088 9.035 8.308 7.924 7.996 5.654 6.580 9.326 10.486 10.509 9.588 11.246 8.953 12.002 10.529 10.428 10.105 9.235 8.936 9.394 3.705 4.371 12.164 15.524 19.054 -999.250 -999.250 -999.250 32.103 34.189 36.309 -999.250 -999.250 -999.250 -999.250 -999.250 -999.250 -999.250 -999.250 -999.250 -999.250 -999.250 -999.250 -999.250 -999.250 -999.250 -999.250 -999.250 -999.250 -999.250 -999.250 -999.250 -999.250 -999.250 -999.250 -999.250 -999.250
8.658 8.725 5.081 3.765 6.616 9.510 8.494 10.184 8.404 8.768 7.093 6.985 5.697 4.897 3.975 7.503 7.626 8.430 8.680 9.323 12.692 12.231 9.808 10.530 11.422 9.183 10.755 7.454 11.286 9.049 4.388 0.000 8.988 16.753 19.979 26.526 29.363 33.981 36.251 38.458 40.131 39.451 -999.250 -999.250 -999.250 -999.250 -999.250 -999.250 -999.250 -999.250 -999.250 -999.250 -999.250 -999.250 -999.250 -999.250 -999.250 -999.250 -999.250 -999.250 -999.250 -999.250 -999.250 -999.250 -999.250 -999.250 -999.250
10.220 3.925 2.456 0.000 6.211 8.965 11.059 10.712 10.106 8.139 10.204 6.097 5.043 0.000 4.422 8.596 7.495 8.310 7.609 11.035 11.076 10.231 10.888 9.423 6.867 7.516 12.169 11.110 10.469 11.921 7.798 10.564 14.131 18.327 23.461 26.894 32.809 37.178 41.424 40.574 50.800 44.159 42.393 -999.250 -999.250 -999.250 -999.250 -999.250 -999.250 -999.250 -999.250 -999.250 -999.250 -999.250 -999.250 -999.250 -999.250 -999.250 -999.250 -999.250 -999.250 -999.250 -999.250 -999.250 -999.250 -999.250 -999.250
9.790 8.313 5.078 3.386 4.845 8.626 12.253 10.735 8.900 10.149 9.234 7.658 5.814 3.081 6.796 5.981 6.754 8.756 7.537 10.392 13.462 9.898 8.574 6.212 5.376 8.750 9.795 9.481 11.164 12.299 13.436 15.126 17.287 21.218 24.251 31.249 31.275 39.680 44.365 41.575 46.692 44.740 47.884 -999.250 -999.250 -999.250 -999.250 -999.250 -999.250 -999.250 -999.250 -999.250 -999.250 -999.250 -999.250 -999.250 -999.250 -999.250 -999.250 -999.250 -999.250 -999.250 -999.250 -999.250 -999.250 -999.250 -999.250
9.642 5.907 9.123 7.922 8.062 11.130 11.866 10.029 9.961 11.563 8.958 8.666 6.922 8.713 6.609 9.473 6.576 8.782 9.355 9.377 11.077 7.142 5.585 3.948 0.000 8.962 9.175 11.591 8.257 12.498 15.565 18.670 20.900 21.753 25.586 29.535 34.471 35.595 39.605 40.999 41.689 42.910 45.326 -999.250 -999.250 -999.250 -999.250 -999.250 -999.250 -999.250 -999.250 -999.250 -999.250 -999.250 -999.250 -999.250 -999.250 -999.250 -999.250 -999.250 -999.250 -999.250 -999.250 -999.250 -999.250 -999.250 -999.250
11.533 9.663 8.039 11.190 9.018 12.890 12.062 12.030 12.762 13.540 8.926 7.225 6.057 6.642 5.832 8.869 10.800 10.031 9.747 9.385 11.929 11.009 10.844 7.408 5.540 7.593 11.209 13.214 12.575 16.067 20.102 19.973 24.513 27.804 27.816 32.299 36.780 35.830 37.348 40.151 42.092 44.390 39.035 40.834 -999.250 -999.250 -999.250 -999.250 -999.250 -999.250 -999.250 -999.250 -999.250 -999.250 -999.250 -999.250 -999.250 -999.250 -999.250 -999.250 -999.250 -999.250 -999.250 -999.250 -999.250 -999.250 -999.250
11.252 8.847 12.833 11.515 11.291 12.196 11.429 11.653 14.181 10.483 10.206 4.854 7.548 4.762 7.637 7.340 10.094 10.352 7.506 8.846 9.014 11.213 10.507 12.012 11.013 12.971 14.344 14.165 14.176 20.394 21.949 23.384 25.330 27.622 31.486 37.326 33.816 37.793 34.816 40.389 41.441 43.067 41.128 -999.250 -999.250 -999.250 -999.250 -999.250 -999.250 -999.250 -999.250 -999.250 -999.250 -999.250 -999.250 -999.250 -999.250 -999.250 -999.250 -999.250 -999.250 -999.250 -999.250 -999.250 -999.250 -999.250 -999.250
12.489 14.174 12.787 12.854 10.526 13.106 12.728 11.810 12.853 8.209 5.731 4.812 2.153 2.500 4.741 6.220 10.018 10.428 8.724 9.936 10.195 11.161 12.489 11.892 14.920 13.330 16.255 16.290 16.651 19.520 22.128 24.560 24.184 30.882 31.418 32.584 36.662 36.248 36.660 37.432 42.294 40.944 -999.250 -999.250 -999.250 -999.250 -999.250 -999.250 -999.250 -999.250 -999.250 -999.250 -999.250 -999.250 -999.250 -999.250 -999.250 -999.250 -999.250 -999.250 -999.250 -999.250 -999.250 -999.250 -999.250 -999.250 -999.250
12.240 14.176 15.846 15.119 11.444 12.840 12.472 12.159 10.991 10.072 5.201 3.867 0.000 2.443 7.723 7.738 10.944 11.256 9.780 11.648 11.015 11.948 11.630 10.862 12.941 11.474 15.311 15.623 18.677 20.166 21.900 25.538 27.482 29.423 28.229 31.264 33.528 33.635 33.483 37.302 35.218 36.692 -999.250 -999.250 -999.250 -999.250 -999.250 -999.250 -999.250 -999.250 -999.250 -999.250 -999.250 -999.250 -999.250 -999.250 -999.250 -999.250 -999.250 -999.250 -999.250 -999.250 -999.250 -999.250 -999.250 -999.250 -999.250
13.487 13.286 14.537 16.431 14.401 16.069 16.211 13.808 11.328 10.386 9.971 4.071 3.262 4.870 8.102 8.851 9.648 12.095 10.227 9.758 10.609 11.835 11.103 12.673 12.188 16.173 17.684 18.673 19.917 18.971 23.367 26.358 29.539 27.383 28.289 35.243 37.254 31.983 36.608 36.247 37.159 -999.250 -999.250 -999.250 -999.250 -999.250 -999.250 -999.250 -999.250 -999.250 -999.250 -999.250 -999.250 -999.250 -999.250 -999.250 -999.250 -999.250 -999.250 -999.250 -999.250 -999.250 -999.250 -999.250 -999.250 -999.250 -999.250
12.350 13.156 14.917 14.150 15.029 16.318 14.411 14.308 14.391 10.777 10.372 11.888 8.770 11.043 9.904 9.217 11.744 10.216 11.292 9.490 10.867 10.222 9.689 12.346 14.186 14.149 16.990 16.122 19.785 20.299 23.649 27.604 27.289 29.685 32.425 32.023 31.903 34.295 34.451 33.794 37.148 -999.250 -999.250 -999.250 -999.250 -999.250 -999.250 -999.250 -999.250 -999.250 -999.250 -999.250 -999.250 -999.250 -999.250 -999.250 -999.250 -999.250 -999.250 -999.250 -999.250 -999.250 -999.250 -999.250 -999.250 -999.250 -999.250
11.811 12.835 14.613 15.859 14.643 14.670 14.732 15.256 14.349 12.912 11.600 11.876 9.969 11.551 8.833 11.419 9.409 9.562 10.893 9.007 7.572 10.933 11.506 11.651 13.584 14.229 14.174 17.234 19.296 21.926 25.091 29.409 31.550 32.080 36.643 32.576 33.858 30.803 31.407 32.452 -999.250 -999.250 -999.250 -999.250 -999.250 -999.250 -999.250 -999.250 -999.250 -999.250 -999.250 -999.250 -999.250 -999.250 -999.250 -999.250 -999.250 -999.250 -999.250 -999.250 -999.250 -999.250 -999.250 -999.250 -999.250 -999.250 -999.250
