data/medianmodel_28-Jan-2021.asc
ncols	141
nrows	288
xllcorner	-120191.398
yllcorner	-301404.813
cellsize	2000.000
NODATA_value	-999.250
[rows 196 to 223 of 288, columns 0 to 62 of 141]
-999.250 -999.250 -999.250 -999.250 -999.250 -999.250 -999.250 -999.250 -999.250 -999.250 -999.250 -999.250 -999.250 1926.217 1914.368 1941.257 1985.885 1905.444 1958.507 1935.160 1976.728 2005.549 2108.801 2147.363 2235.756 2316.889 2388.874 2459.543 2480.447 2364.777 2295.983 2315.680 2341.653 2269.291 2311.054 2235.156 2177.099 2161.768 2087.009 1995.581 1926.754 1877.787 1749.002 1672.518 1637.201 1685.605 1636.344 1598.584 1703.117 1619.966 1624.966 1670.366 1770.626 1763.198 1845.021 1896.204 1875.962 1848.763 1845.227 1785.813 1755.534 1752.199 1687.925
-999.250 -999.250 -999.250 -999.250 -999.250 -999.250 -999.250 -999.250 -999.250 -999.250 -999.250 -999.250 -999.250 1895.223 1958.668 1954.623 1972.566 1987.615 2004.907 2033.759 2055.921 2013.442 2137.212 2197.809 2225.342 2384.800 2419.279 2427.575 2490.455 2518.883 2591.203 2515.135 2470.078 2315.291 2304.015 2271.813 2265.675 2247.231 2175.194 2075.075 1948.791 1880.290 1808.587 1795.721 1789.105 1777.359 1713.426 1770.150 1734.396 1760.659 1673.915 1740.077 1793.241 1717.657 1788.118 1846.371 1809.230 1890.806 1825.008 1833.849 1796.350 1713.983 1683.070
-999.250 -999.250 -999.250 -999.250 -999.250 -999.250 -999.250 -999.250 -999.250 -999.250 -999.250 -999.250 -999.250 1937.688 1925.195 1992.104 2027.952 2057.817 2039.031 2071.503 2104.439 2190.167 2169.429 2249.523 2395.898 2439.791 2479.418 2599.075 2632.149 2671.815 2730.058 2631.300 2536.452 2431.224 2407.454 2325.573 2285.051 2334.790 2211.769 2109.296 2106.528 1950.052 1993.741 1890.545 1922.676 1800.655 1709.197 1819.334 1707.044 1761.220 1741.527 1802.002 1827.181 1774.328 1796.038 1835.675 1845.413 1836.328 1810.004 1739.400 1756.968 1719.521 1699.432
-999.250 -999.250 -999.250 -999.250 -999.250 -999.250 -999.250 -999.250 -999.250 -999.250 -999.250 -999.250 -999.250 -999.250 1928.996 1989.162 2006.206 2087.123 2107.679 2152.053 2168.373 2199.359 2259.733 2290.008 2404.969 2503.405 2559.689 2802.899 2749.148 2776.856 2782.375 2610.947 2576.613 2466.218 2440.279 2351.173 2377.748 2278.619 2305.702 2242.476 2136.558 2123.503 1952.602 1945.788 1905.864 1914.215 1925.765 1859.838 1804.368 1844.183 1810.704 1856.449 1796.996 1815.319 1840.978 1859.019 1835.578 1811.796 1767.033 1754.953 1756.870 1692.460 1643.014
-999.250 -999.250 -999.250 -999.250 -999.250 -999.250 -999.250 -999.250 -999.250 -999.250 -999.250 -999.250 -999.250 -999.250 1906.809 2002.879 1992.179 2127.429 2117.481 2162.529 2220.397 2316.042 2348.024 2376.948 2504.510 2589.776 2806.387 2874.076 2887.271 2866.035 2827.707 2694.452 2548.901 2530.239 2420.798 2428.371 2481.685 2397.059 2269.292 2245.260 2095.958 2017.644 2117.298 2013.992 2035.729 2052.763 1983.519 1931.447 1895.257 1871.037 1862.530 1798.567 1851.210 1799.224 1831.713 1823.032 1800.310 1814.568 1746.003 1709.897 1676.235 1709.962 1637.811
-999.250 -999.250 -999.250 -999.250 -999.250 -999.250 -999.250 -999.250 -999.250 -999.250 -999.250 -999.250 -999.250 -999.250 1942.953 1980.502 2074.654 2086.314 2192.368 2169.722 2293.892 2336.101 2314.265 2314.580 2400.634 2568.721 2714.356 2841.883 2930.921 2869.904 2688.416 2735.461 2617.179 2633.246 2662.741 2668.190 2517.705 2469.130 2262.421 2271.671 2166.686 2181.869 2105.724 2141.759 2100.347 2057.187 2030.991 1943.281 1942.247 1979.173 1962.340 1860.595 1850.995 1819.178 1818.069 1823.976 1766.655 1733.246 1630.830 1665.198 1631.688 1620.009 1582.511
-999.250 -999.250 -999.250 -999.250 -999.250 -999.250 -999.250 -999.250 -999.250 -999.250 -999.250 -999.250 -999.250 -999.250 1978.646 1995.821 1988.939 2086.100 2089.922 2230.443 2268.921 2191.663 2253.128 2480.122 2466.786 -999.250 2567.292 2571.264 2851.513 2737.108 2693.136 2679.945 2531.391 2526.999 2651.850 2682.219 2448.191 2534.574 2388.590 2271.911 2270.304 2262.227 2182.214 2165.766 2071.773 2106.048 2090.966 2034.368 2002.942 1989.169 1939.588 1904.496 1888.187 1859.411 1807.555 1719.890 1736.187 1722.703 1688.758 1686.526 1615.883 1605.454 1569.000
-999.250 -999.250 -999.250 -999.250 -999.250 -999.250 -999.250 -999.250 -999.250 -999.250 -999.250 -999.250 -999.250 -999.250 1900.916 2003.617 2002.709 2056.392 2099.858 2145.788 2156.775 2181.313 2287.589 -999.250 -999.250 -999.250 2658.457 2678.594 2683.369 2769.200 2764.492 2852.160 2786.227 2569.116 2669.105 2685.366 2561.096 2463.972 2448.918 2333.198 2345.109 2332.652 2283.492 2263.450 2134.373 2153.841 2165.376 2077.474 2113.643 2033.413 2002.963 1865.806 1843.478 1820.385 1758.508 1680.659 1736.670 1721.872 1681.825 1705.168 1657.861 1538.911 1473.684
-999.250 -999.250 -999.250 -999.250 -999.250 -999.250 -999.250 -999.250 -999.250 -999.250 -999.250 -999.250 -999.250 1890.154 1958.254 1915.547 1998.623 2030.509 2094.867 2184.777 2194.412 2223.799 -999.250 -999.250 -999.250 -999.250 -999.250 2602.501 2639.565 2762.833 2834.111 2713.166 2580.225 2523.530 2620.767 2627.545 2675.998 2550.140 2475.367 2522.265 2474.526 2403.787 2337.521 2354.372 2260.542 2195.356 2194.927 2154.663 2129.795 2038.871 1975.063 1879.656 1831.107 1784.147 1759.688 1680.909 1705.454 1644.529 1602.994 1655.430 1618.596 1574.283 1529.159
-999.250 -999.250 -999.250 -999.250 -999.250 -999.250 -999.250 -999.250 -999.250 -999.250 -999.250 -999.250 -999.250 1887.425 1886.648 1962.188 2010.480 2035.427 2053.359 2109.396 -999.250 -999.250 -999.250 -999.250 -999.250 -999.250 -999.250 -999.250 2544.681 2523.503 2676.053 2563.431 2590.503 2652.707 2618.430 2563.367 2680.381 2577.411 2405.627 2521.370 2434.516 2470.451 2367.020 2313.450 2338.244 2283.987 2213.604 2122.648 2110.034 2074.509 1948.089 1917.365 1806.389 1783.508 1773.266 1735.176 1692.853 1675.502 1627.755 1619.494 1609.604 1590.428 1501.455
-999.250 -999.250 -999.250 -999.250 -999.250 -999.250 -999.250 -999.250 -999.250 -999.250 -999.250 -999.250 1798.129 1835.625 -999.250 -999.250 -999.250 -999.250 -999.250 -999.250 -999.250 -999.250 -999.250 -999.250 -999.250 -999.250 -999.250 -999.250 -999.250 2588.397 2557.573 2557.304 2693.434 2718.446 2592.496 2612.268 2619.198 2453.814 2476.250 2536.141 2481.546 2535.082 2497.617 2391.093 2372.518 2326.840 2196.727 2103.373 2018.657 2025.098 2032.148 1915.675 1884.446 1815.647 1714.099 1714.955 1673.965 1609.316 1640.329 1626.246 1531.393 1488.651 1492.738
-999.250 -999.250 -999.250 -999.250 -999.250 -999.250 -999.250 -999.250 -999.250 -999.250 -999.250 -999.250 -999.250 -999.250 -999.250 -999.250 -999.250 -999.250 -999.250 -999.250 -999.250 -999.250 -999.250 -999.250 -999.250 -999.250 -999.250 -999.250 -999.250 -999.250 2510.389 2636.832 2541.974 2576.950 2581.754 2418.501 2487.926 2486.919 2473.074 2575.533 2529.654 2515.508 2477.044 2392.162 2376.103 2426.815 2371.743 2219.651 2085.246 2021.941 1913.464 1809.465 1843.665 1758.657 1758.521 1718.646 1616.472 1587.912 1562.239 1573.928 1571.690 1440.255 1493.078
-999.250 -999.250 -999.250 -999.250 -999.250 -999.250 -999.250 -999.250 -999.250 -999.250 -999.250 -999.250 -999.250 -999.250 -999.250 -999.250 -999.250 -999.250 -999.250 -999.250 -999.250 -999.250 -999.250 -999.250 -999.250 -999.250 -999.250 -999.250 -999.250 -999.250 2515.032 2569.659 2481.758 2536.964 2408.348 2443.055 2411.323 2618.839 2535.287 2628.748 2701.928 2635.494 2710.497 2575.608 2562.503 2521.270 2366.830 2227.725 2122.677 2027.648 1941.017 1846.617 1798.724 1741.363 1749.651 1661.147 1589.962 1487.832 1554.242 1525.679 1481.711 1431.353 1395.638
-999.250 -999.250 -999.250 -999.250 -999.250 -999.250 -999.250 -999.250 -999.250 -999.250 -999.250 -999.250 -999.250 -999.250 -999.250 -999.250 -999.250 -999.250 -999.250 -999.250 -999.250 -999.250 -999.250 -999.250 -999.250 -999.250 -999.250 -999.250 -999.250 -999.250 2389.166 2488.456 2521.014 2613.785 2403.431 2385.309 2564.779 2678.266 2587.618 2507.056 2633.471 2702.207 2777.742 2823.154 2698.851 2547.838 2346.265 2164.107 2162.879 2042.225 1960.033 1910.964 1839.782 1677.652 1675.344 1594.092 1583.831 1475.484 1526.879 1445.944 1337.583 1346.698 1318.474
-999.250 -999.250 -999.250 -999.250 -999.250 -999.250 -999.250 -999.250 -999.250 -999.250 -999.250 -999.250 -999.250 -999.250 -999.250 -999.250 -999.250 -999.250 -999.250 -999.250 -999.250 -999.250 -999.250 -999.250 -999.250 -999.250 -999.250 -999.250 -999.250 -999.250 -999.250 2380.703 2495.547 2419.785 2455.053 2436.411 2549.055 2603.495 2614.500 2646.644 2673.612 2733.640 2804.700 2767.317 2676.409 2428.129 2362.054 2277.519 2107.759 2010.772 1962.298 1873.463 1796.677 1685.461 1615.469 1560.285 1534.487 1426.190 1355.674 1293.717 1282.856 1275.033 1295.695
-999.250 -999.250 -999.250 -999.250 -999.250 -999.250 -999.250 -999.250 -999.250 -999.250 -999.250 -999.250 -999.250 -999.250 -999.250 -999.250 -999.250 -999.250 -999.250 -999.250 -999.250 -999.250 -999.250 -999.250 -999.250 -999.250 -999.250 -999.250 -999.250 -999.250 -999.250 2354.082 2322.148 2420.657 2474.028 2580.271 2486.355 2511.090 2480.699 2609.249 2493.859 2668.415 2700.760 2578.263 2431.434 2328.640 2318.935 2303.666 2185.827 2005.056 1924.588 1841.989 1777.813 1727.723 1626.251 1576.110 1515.203 1496.613 1369.130 1297.082 1290.953 1284.766 1229.737
-999.250 -999.250 -999.250 -999.250 -999.250 -999.250 -999.250 -999.250 -999.250 -999.250 -999.250 -999.250 -999.250 -999.250 -999.250 -999.250 -999.250 -999.250 -999.250 -999.250 -999.250 -999.250 -999.250 -999.250 -999.250 -999.250 -999.250 -999.250 -999.250 -999.250 -999.250 2351.769 2291.223 2439.211 2356.396 2387.164 2480.335 2423.457 2401.364 2461.042 2475.110 2460.309 2609.043 2366.127 2325.184 2274.679 2228.938 2171.467 2131.075 2030.996 1906.011 1831.273 1732.686 1623.139 1601.580 1523.206 1489.483 1378.461 1279.713 1201.183 1162.855 1132.368 1122.777
-999.250 -999.250 -999.250 -999.250 -999.250 -999.250 -999.250 -999.250 -999.250 -999.250 -999.250 -999.250 -999.250 -999.250 -999.250 -999.250 -999.250 -999.250 -999.250 -999.250 -999.250 -999.250 -999.250 -999.250 -999.250 -999.250 -999.250 -999.250 -999.250 -999.250 -999.250 2336.063 2265.615 2326.114 2379.890 2358.215 2435.256 2272.873 2420.537 2332.814 2348.056 2446.616 2382.350 2299.854 2273.786 2176.465 2109.059 2031.167 2001.834 1922.849 1845.040 1829.549 1728.732 1654.459 1580.263 1519.168 1459.683 1281.461 1267.096 1235.207 1088.942 1013.523 1034.634
-999.250 -999.250 -999.250 -999.250 -999.250 -999.250 -999.250 -999.250 -999.250 -999.250 -999.250 -999.250 -999.250 -999.250 -999.250 -999.250 -999.250 -999.250 -999.250 -999.250 -999.250 -999.250 -999.250 -999.250 -999.250 -999.250 -999.250 -999.250 -999.250 -999.250 -999.250 2205.372 2281.381 2281.683 2275.321 2254.175 2207.744 2174.685 2317.395 2280.727 2310.058 2313.986 2253.367 2173.211 2261.783 2153.520 2084.110 2037.628 1993.024 1857.846 1846.521 1769.122 1683.800 1635.652 1560.330 1458.813 1397.094 1327.635 1256.283 1170.844 1051.270 976.152 916.560
-999.250 -999.250 -999.250 -999.250 -999.250 -999.250 -999.250 -999.250 -999.250 -999.250 -999.250 -999.250 -999.250 -999.250 -999.250 -999.250 -999.250 -999.250 -999.250 -999.250 -999.250 -999.250 -999.250 -999.250 -999.250 -999.250 -999.250 -999.250 -999.250 -999.250 -999.250 2156.132 2257.031 2265.193 2298.514 2177.867 2196.476 2116.102 2093.554 2131.222 2162.878 2148.909 2284.019 2083.863 2049.245 2039.340 1986.707 1912.393 1854.444 1887.012 1771.048 1690.472 1630.889 1560.728 1509.615 1387.472 1341.108 1287.514 1108.987 1075.274 994.760 933.592 900.890
-999.250 -999.250 -999.250 -999.250 -999.250 -999.250 -999.250 -999.250 -999.250 -999.250 -999.250 -999.250 -999.250 -999.250 -999.250 -999.250 -999.250 -999.250 -999.250 -999.250 -999.250 -999.250 -999.250 -999.250 -999.250 -999.250 -999.250 -999.250 -999.250 -999.250 -999.250 2043.840 2054.628 2147.114 2191.145 2082.790 2149.543 2003.033 2158.221 2157.122 2166.171 2174.447 2148.917 2113.206 1959.122 1953.892 1946.078 1886.728 1838.211 1771.514 1704.664 1714.762 1599.181 1534.501 1462.366 1422.022 1331.751 1221.141 1100.640 1003.752 996.021 909.146 886.100
-999.250 -999.250 -999.250 -999.250 -999.250 -999.250 -999.250 -999.250 -999.250 -999.250 -999.250 -999.250 -999.250 -999.250 -999.250 -999.250 -999.250 -999.250 -999.250 -999.250 -999.250 -999.250 -999.250 -999.250 -999.250 -999.250 -999.250 -999.250 -999.250 -999.250 -999.250 1998.373 2006.615 2022.977 2067.339 2079.982 1971.928 2015.565 2035.741 2070.575 2036.361 2023.278 2077.317 2018.944 1961.393 1920.260 1890.894 1824.281 1785.418 1753.800 1678.731 1678.381 1597.364 1510.239 1440.405 1430.555 1314.398 1149.604 1076.153 1011.266 943.550 929.923 867.871
-999.250 -999.250 -999.250 -999.250 -999.250 -999.250 -999.250 -999.250 -999.250 -999.250 -999.250 -999.250 -999.250 -999.250 -999.250 -999.250 -999.250 -999.250 -999.250 -999.250 -999.250 -999.250 -999.250 -999.250 -999.250 -999.250 -999.250 -999.250 -999.250 -999.250 -999.250 2048.186 2028.665 1936.645 2007.328 1977.448 2012.453 2068.169 2065.411 2034.567 2039.904 2006.922 2032.616 1930.588 1933.703 1938.283 1844.433 1730.161 1704.159 1745.330 1677.145 1621.292 1515.160 1482.070 1460.018 1417.457 1194.186 1121.432 1044.039 1044.889 991.930 951.280 940.944
-999.250 -999.250 -999.250 -999.250 -999.250 -999.250 -999.250 -999.250 -999.250 -999.250 -999.250 -999.250 -999.250 -999.250 -999.250 -999.250 -999.250 -999.250 -999.250 -999.250 -999.250 -999.250 -999.250 -999.250 -999.250 -999.250 -999.250 -999.250 -999.250 -999.250 -999.250 1932.548 1945.936 1914.949 1956.200 1976.730 1941.708 1981.194 1981.616 1993.133 1953.711 1899.037 1905.164 1844.903 1867.652 1802.738 1826.950 1727.275 1722.609 1669.647 1609.905 1632.317 1558.793 1496.580 1386.879 1319.914 1252.808 1146.885 1103.015 1029.183 1008.962 1034.445 1021.298
-999.250 -999.250 -999.250 -999.250 -999.250 -999.250 -999.250 -999.250 -999.250 -999.250 -999.250 -999.250 -999.250 -999.250 -999.250 -999.250 -999.250 -999.250 -999.250 -999.250 -999.250 -999.250 -999.250 -999.250 -999.250 -999.250 -999.250 -999.250 -999.250 -999.250 -999.250 1831.635 1877.456 1905.005 2003.910 1952.901 1935.335 1877.096 1885.313 1906.138 1877.137 1867.611 1850.051 1795.708 1785.626 1820.791 1720.387 1721.001 1640.225 1575.283 1566.290 1551.515 1533.656 1437.835 1337.538 1237.739 1171.452 1106.796 1076.782 1074.410 1028.689 1117.834 1113.661
-999.250 -999.250 -999.250 -999.250 -999.250 -999.250 -999.250 -999.250 -999.250 -999.250 -999.250 -999.250 -999.250 -999.250 -999.250 -999.250 -999.250 -999.250 -999.250 -999.250 -999.250 -999.250 -999.250 -999.250 -999.250 -999.250 -999.250 -999.250 -999.250 -999.250 -999.250 1771.734 1821.453 1801.920 1866.921 1814.230 1789.738 1793.393 1793.041 1783.211 1790.984 1818.048 1760.471 1734.997 1724.630 1703.525 1680.542 1622.417 1603.040 1600.518 1490.977 1415.675 1416.080 1329.910 1265.040 1253.578 1173.406 1158.586 1080.332 1093.501 1106.470 1143.685 1262.762
-999.250 -999.250 -999.250 -999.250 -999.250 -999.250 -999.250 -999.250 -999.250 -999.250 -999.250 -999.250 -999.250 -999.250 -999.250 -999.250 -999.250 -999.250 -999.250 -999.250 -999.250 -999.250 -999.250 -999.250 -999.250 -999.250 -999.250 -999.250 -999.250 -999.250 -999.250 1664.235 1775.885 1765.165 1835.648 1705.637 1717.251 1708.276 1724.597 1728.419 1693.791 1670.860 1683.561 1609.411 1587.544 1610.836 1575.414 1566.610 1580.479 1540.469 1461.115 1385.039 1351.549 1350.944 1279.279 1183.039 1120.131 1118.737 1169.947 1094.026 1156.218 1237.655 1340.209
-999.250 -999.250 -999.250 -999.250 -999.250 -999.250 -999.250 -999.250 -999.250 -999.250 -999.250 -999.250 -999.250 -999.250 -999.250 -999.250 -999.250 -999.250 -999.250 -999.250 -999.250 -999.250 -999.250 -999.250 -999.250 -999.250 -999.250 -999.250 -999.250 -999.250 1568.837 1585.340 1645.717 1740.977 1729.813 1696.160 1648.266 1651.314 1659.233 1672.767 1627.493 1638.554 1655.641 1545.221 1549.745 1556.721 1485.641 1486.687 1482.995 1474.722 1459.703 1341.133 1369.969 1270.552 1212.744 1162.486 1133.109 1096.669 1130.148 1152.068 1198.838 1294.088 1406.750
