data/medianmodel_05-Apr-2020.asc
ncols	141
nrows	288
xllcorner	-120191.398
yllcorner	-301404.813
cellsize	2000.000
NODATA_value	-999.250
[rows 120 to 149 of 288, columns 68 to 135 of 141]
26.252 15.290 11.382 13.364 12.844 13.542 13.454 10.649 9.062 8.620 10.448 11.843 13.562 16.370 21.898 19.781 20.998 21.444 18.702 14.612 17.392 17.070 15.327 16.960 17.634 19.236 16.356 14.479 12.702 10.099 11.087 10.877 12.698 10.618 12.368 11.101 16.175 12.169 14.487 13.108 15.092 13.917 13.541 14.414 12.433 -999.250 -999.250 -999.250 -999.250 -999.250 -999.250 -999.250 -999.250 -999.250 -999.250 -999.250 -999.250 -999.250 -999.250 -999.250 -999.250 -999.250 -999.250 -999.250 -999.250 -999.250 -999.250 -999.250
17.664 11.616 6.103 7.851 8.715 10.231 8.349 11.096 7.477 11.735 14.288 12.526 14.415 19.851 16.858 17.625 24.091 20.516 20.560 19.012 16.260 16.898 15.697 16.322 15.843 15.545 14.069 12.890 13.660 13.341 10.060 8.463 8.562 10.124 12.451 12.602 12.593 15.749 14.388 14.030 14.304 14.939 14.104 15.991 12.495 -999.250 -999.250 -999.250 -999.250 -999.250 -999.250 -999.250 -999.250 -999.250 -999.250 -999.250 -999.250 -999.250 -999.250 -999.250 -999.250 -999.250 -999.250 -999.250 -999.250 -999.250 -999.250 -999.250
13.003 7.690 0.000 4.741 6.848 9.820 9.640 10.805 10.342 13.150 13.315 14.681 17.462 17.258 18.842 23.126 23.673 23.140 19.870 18.509 17.522 19.680 12.443 11.032 12.941 11.975 14.575 15.437 11.042 9.376 8.074 6.277 6.471 8.312 13.670 12.173 15.309 16.877 15.769 13.294 15.115 15.748 16.368 16.931 12.100 -999.250 -999.250 -999.250 -999.250 -999.250 -999.250 -999.250 -999.250 -999.250 -999.250 -999.250 -999.250 -999.250 -999.250 -999.250 -999.250 -999.250 -999.250 -999.250 -999.250 -999.250 -999.250 -999.250
11.577 5.482 5.492 4.588 5.417 7.415 11.448 13.075 11.043 10.294 17.037 16.052 18.452 18.605 18.539 23.834 21.530 22.021 18.706 16.309 16.954 15.679 12.902 11.727 10.274 12.304 12.869 13.703 15.291 7.844 5.667 5.245 0.000 6.197 9.638 10.304 9.557 13.040 15.383 14.649 15.498 14.363 16.426 17.030 -999.250 -999.250 -999.250 -999.250 -999.250 -999.250 -999.250 -999.250 -999.250 -999.250 -999.250 -999.250 -999.250 -999.250 -999.250 -999.250 -999.250 -999.250 -999.250 -999.250 -999.250 -999.250 -999.250 -999.250
7.276 7.643 6.058 9.733 9.376 9.191 11.163 12.912 13.600 14.168 20.255 20.108 19.185 16.586 20.037 20.028 22.577 21.791 22.880 18.790 15.448 14.254 11.785 11.421 10.198 10.592 12.322 14.470 11.657 11.475 8.624 6.110 7.248 6.899 11.465 11.062 13.109 17.363 16.837 14.374 15.500 14.514 16.999 15.301 -999.250 -999.250 -999.250 -999.250 -999.250 -999.250 -999.250 -999.250 -999.250 -999.250 -999.250 -999.250 -999.250 -999.250 -999.250 -999.250 -999.250 -999.250 -999.250 -999.250 -999.250 -999.250 -999.250 -999.250
7.641 7.728 8.505 8.014 9.877 10.949 15.953 12.580 14.244 16.755 16.292 22.428 21.773 18.745 19.475 19.836 23.292 19.048 20.511 18.520 14.691 10.473 12.073 10.668 11.038 10.991 13.751 14.654 13.426 12.199 8.162 9.024 9.007 10.030 11.994 9.991 12.556 15.624 15.413 13.618 15.534 16.066 15.714 15.254 -999.250 -999.250 -999.250 -999.250 -999.250 -999.250 -999.250 -999.250 -999.250 -999.250 -999.250 -999.250 -999.250 -999.250 -999.250 -999.250 -999.250 -999.250 -999.250 -999.250 -999.250 -999.250 -999.250 -999.250
7.715 6.857 10.363 8.704 13.338 13.278 14.179 17.703 13.163 16.865 17.019 19.261 20.522 20.979 23.084 22.418 24.218 23.517 18.854 17.066 15.629 11.981 12.486 7.701 12.429 9.065 10.872 13.507 15.020 9.588 7.773 8.765 7.928 10.788 12.923 11.268 16.262 15.532 17.128 16.075 17.594 16.545 21.079 20.271 -999.250 -999.250 -999.250 -999.250 -999.250 -999.250 -999.250 -999.250 -999.250 -999.250 -999.250 -999.250 -999.250 -999.250 -999.250 -999.250 -999.250 -999.250 -999.250 -999.250 -999.250 -999.250 -999.250 -999.250
6.344 6.275 11.226 12.084 12.932 12.201 14.796 15.757 18.532 16.768 19.578 20.187 20.195 21.085 19.005 21.639 21.897 22.108 18.709 12.990 10.414 10.300 10.360 11.496 9.084 10.774 12.567 11.407 15.151 10.406 9.161 8.860 9.522 13.896 11.747 11.652 12.492 13.165 17.636 17.390 13.934 16.286 18.961 -999.250 -999.250 -999.250 -999.250 -999.250 -999.250 -999.250 -999.250 -999.250 -999.250 -999.250 -999.250 -999.250 -999.250 -999.250 -999.250 -999.250 -999.250 -999.250 -999.250 -999.250 -999.250 -999.250 -999.250 -999.250
7.196 8.595 9.635 11.881 15.581 14.426 17.786 19.935 21.563 22.381 19.910 22.808 21.181 21.672 20.674 21.133 23.123 23.556 18.313 12.240 7.694 9.572 11.118 10.142 10.443 11.595 10.095 10.209 9.998 12.501 12.062 11.907 11.421 14.540 10.580 12.441 14.648 14.864 14.954 18.947 18.197 17.900 -999.250 -999.250 -999.250 -999.250 -999.250 -999.250 -999.250 -999.250 -999.250 -999.250 -999.250 -999.250 -999.250 -999.250 -999.250 -999.250 -999.250 -999.250 -999.250 -999.250 -999.250 -999.250 -999.250 -999.250 -999.250 -999.250
6.182 8.324 9.876 11.865 13.574 14.677 17.812 18.668 22.177 24.975 22.525 19.903 23.014 23.549 22.946 23.065 26.474 22.774 16.501 14.391 12.543 10.204 12.178 10.537 10.519 9.825 11.520 11.417 14.160 12.477 13.313 13.471 14.621 10.662 15.061 12.721 17.900 15.211 15.248 15.676 14.784 -999.250 -999.250 -999.250 -999.250 -999.250 -999.250 -999.250 -999.250 -999.250 -999.250 -999.250 -999.250 -999.250 -999.250 -999.250 -999.250 -999.250 -999.250 -999.250 -999.250 -999.250 -999.250 -999.250 -999.250 -999.250 -999.250 -999.250
7.334 8.786 11.102 11.544 14.853 13.805 17.738 20.887 20.047 21.518 19.259 21.600 23.771 22.906 25.948 25.621 27.950 23.843 17.637 14.963 12.752 13.698 14.018 11.296 11.160 14.348 13.945 15.529 13.832 14.508 14.020 12.370 11.647 14.091 15.127 18.058 16.245 16.870 14.549 16.904 16.587 -999.250 -999.250 -999.250 -999.250 -999.250 -999.250 -999.250 -999.250 -999.250 -999.250 -999.250 -999.250 -999.250 -999.250 -999.250 -999.250 -999.250 -999.250 -999.250 -999.250 -999.250 -999.250 -999.250 -999.250 -999.250 -999.250 -999.250
6.248 9.073 12.449 14.479 16.985 13.841 17.816 19.624 21.289 22.320 21.984 22.727 26.735 30.328 25.643 24.602 28.228 23.066 22.178 17.586 17.530 16.346 11.654 12.275 10.954 11.916 14.158 16.524 16.899 13.510 13.816 14.824 14.964 16.232 15.953 18.499 18.611 18.144 13.925 14.077 17.111 -999.250 -999.250 -999.250 -999.250 -999.250 -999.250 -999.250 -999.250 -999.250 -999.250 -999.250 -999.250 -999.250 -999.250 -999.250 -999.250 -999.250 -999.250 -999.250 -999.250 -999.250 -999.250 -999.250 -999.250 -999.250 -999.250 -999.250
0.509 4.335 7.633 12.162 14.771 18.010 17.883 19.224 22.025 25.962 21.776 24.883 28.184 30.103 25.137 32.799 27.151 28.101 21.463 18.503 16.078 18.364 16.839 16.026 15.500 13.551 13.088 15.988 13.627 14.064 16.569 14.111 16.634 17.832 18.830 18.189 16.797 18.416 15.869 14.368 15.939 -999.250 -999.250 -999.250 -999.250 -999.250 -999.250 -999.250 -999.250 -999.250 -999.250 -999.250 -999.250 -999.250 -999.250 -999.250 -999.250 -999.250 -999.250 -999.250 -999.250 -999.250 -999.250 -999.250 -999.250 -999.250 -999.250 -999.250
1.527 0.000 9.090 13.970 16.386 17.374 18.920 22.527 25.512 27.428 26.853 28.641 30.252 28.453 28.195 28.171 28.920 25.880 23.442 22.727 17.117 17.069 16.107 16.255 12.962 12.709 12.750 15.313 14.779 13.711 16.116 13.759 17.208 18.623 14.893 16.158 15.683 14.570 13.927 13.359 -999.250 -999.250 -999.250 -999.250 -999.250 -999.250 -999.250 -999.250 -999.250 -999.250 -999.250 -999.250 -999.250 -999.250 -999.250 -999.250 -999.250 -999.250 -999.250 -999.250 -999.250 -999.250 -999.250 -999.250 -999.250 -999.250 -999.250 -999.250
3.190 4.056 8.741 14.000 14.527 18.716 21.167 26.658 25.320 24.991 27.993 27.219 34.716 31.997 28.281 26.747 30.717 28.511 26.147 19.601 16.176 14.035 15.553 16.278 15.831 15.860 16.535 17.318 15.464 16.806 16.206 12.913 15.636 18.674 17.773 17.705 17.593 16.334 15.513 14.288 -999.250 -999.250 -999.250 -999.250 -999.250 -999.250 -999.250 -999.250 -999.250 -999.250 -999.250 -999.250 -999.250 -999.250 -999.250 -999.250 -999.250 -999.250 -999.250 -999.250 -999.250 -999.250 -999.250 -999.250 -999.250 -999.250 -999.250 -999.250
4.975 6.630 9.249 12.252 17.362 20.467 23.232 25.547 29.145 31.896 30.631 34.277 37.484 31.165 30.318 26.063 23.122 23.371 22.018 18.185 17.848 15.139 13.710 14.265 14.222 15.419 14.768 13.596 12.028 13.671 15.061 15.415 15.631 16.273 20.407 17.562 14.616 11.233 13.901 11.564 -999.250 -999.250 -999.250 -999.250 -999.250 -999.250 -999.250 -999.250 -999.250 -999.250 -999.250 -999.250 -999.250 -999.250 -999.250 -999.250 -999.250 -999.250 -999.250 -999.250 -999.250 -999.250 -999.250 -999.250 -999.250 -999.250 -999.250 -999.250
7.142 8.044 12.652 11.357 15.561 20.160 23.209 26.964 27.681 33.765 30.833 31.807 31.122 27.585 28.877 27.368 26.830 21.954 20.288 16.516 15.771 15.961 15.021 12.695 14.426 14.829 14.829 13.174 12.786 12.383 14.732 12.702 13.539 13.416 16.526 16.629 13.644 9.995 15.276 13.006 -999.250 -999.250 -999.250 -999.250 -999.250 -999.250 -999.250 -999.250 -999.250 -999.250 -999.250 -999.250 -999.250 -999.250 -999.250 -999.250 -999.250 -999.250 -999.250 -999.250 -999.250 -999.250 -999.250 -999.250 -999.250 -999.250 -999.250 -999.250
9.193 12.618 13.722 12.220 17.255 21.815 22.392 23.721 27.702 27.512 29.518 25.620 29.617 31.066 29.459 28.053 23.081 21.023 16.992 15.636 15.118 13.826 12.406 13.830 17.819 14.853 13.625 10.538 12.800 11.920 11.478 10.733 12.576 12.965 11.837 14.355 11.086 15.298 11.345 -999.250 -999.250 -999.250 -999.250 -999.250 -999.250 -999.250 -999.250 -999.250 -999.250 -999.250 -999.250 -999.250 -999.250 -999.250 -999.250 -999.250 -999.250 -999.250 -999.250 -999.250 -999.250 -999.250 -999.250 -999.250 -999.250 -999.250 -999.250 -999.250
11.540 12.174 12.043 11.876 18.619 21.938 19.891 20.071 22.403 25.927 25.224 28.252 26.216 25.202 27.208 19.305 18.905 15.641 -999.250 -999.250 -999.250 -999.250 10.659 14.659 13.511 12.547 12.561 -999.250 -999.250 -999.250 -999.250 -999.250 -999.250 -999.250 -999.250 -999.250 -999.250 -999.250 -999.250 -999.250 -999.250 -999.250 -999.250 -999.250 -999.250 -999.250 -999.250 -999.250 -999.250 -999.250 -999.250 -999.250 -999.250 -999.250 -999.250 -999.250 -999.250 -999.250 -999.250 -999.250 -999.250 -999.250 -999.250 -999.250 -999.250 -999.250 -999.250 -999.250
11.075 7.698 12.538 14.108 19.217 18.887 21.391 19.976 21.482 21.955 24.246 22.488 24.084 23.211 22.125 19.490 17.062 19.620 -999.250 -999.250 -999.250 -999.250 -999.250 -999.250 -999.250 -999.250 -999.250 -999.250 -999.250 -999.250 -999.250 -999.250 -999.250 -999.250 -999.250 -999.250 -999.250 -999.250 -999.250 -999.250 -999.250 -999.250 -999.250 -999.250 -999.250 -999.250 -999.250 -999.250 -999.250 -999.250 -999.250 -999.250 -999.250 -999.250 -999.250 -999.250 -999.250 -999.250 -999.250 -999.250 -999.250 -999.250 -999.250 -999.250 -999.250 -999.250 -999.250 -999.250
12.737 10.560 15.013 14.841 18.570 17.038 20.187 18.957 19.356 22.675 17.225 19.095 19.891 17.515 22.012 18.382 18.065 17.181 -999.250 -999.250 -999.250 -999.250 -999.250 -999.250 -999.250 -999.250 -999.250 -999.250 -999.250 -999.250 -999.250 -999.250 -999.250 -999.250 -999.250 -999.250 -999.250 -999.250 -999.250 -999.250 -999.250 -999.250 -999.250 -999.250 -999.250 -999.250 -999.250 -999.250 -999.250 -999.250 -999.250 -999.250 -999.250 -999.250 -999.250 -999.250 -999.250 -999.250 -999.250 -999.250 -999.250 -999.250 -999.250 -999.250 -999.250 -999.250 -999.250 -999.250
11.630 12.144 11.350 15.794 15.504 17.190 18.938 18.743 15.589 18.090 17.965 15.020 16.628 17.329 17.756 15.155 16.379 13.993 13.404 -999.250 -999.250 -999.250 -999.250 -999.250 -999.250 -999.250 -999.250 -999.250 -999.250 -999.250 -999.250 -999.250 -999.250 -999.250 -999.250 -999.250 -999.250 -999.250 -999.250 -999.250 -999.250 -999.250 -999.250 -999.250 -999.250 -999.250 -999.250 -999.250 -999.250 -999.250 -999.250 -999.250 -999.250 -999.250 -999.250 -999.250 -999.250 -999.250 -999.250 -999.250 -999.250 -999.250 -999.250 -999.250 -999.250 -999.250 -999.250 -999.250
12.591 13.101 10.710 12.601 13.876 18.401 16.946 17.274 16.140 17.681 16.247 14.175 15.616 12.384 16.084 14.009 12.507 13.638 13.021 14.300 -999.250 -999.250 -999.250 -999.250 -999.250 -999.250 -999.250 -999.250 -999.250 -999.250 -999.250 -999.250 -999.250 -999.250 -999.250 -999.250 -999.250 -999.250 -999.250 -999.250 -999.250 -999.250 -999.250 -999.250 -999.250 -999.250 -999.250 -999.250 -999.250 -999.250 -999.250 -999.250 -999.250 -999.250 -999.250 -999.250 -999.250 -999.250 -999.250 -999.250 -999.250 -999.250 -999.250 -999.250 -999.250 -999.250 -999.250 -999.250
9.890 9.929 11.218 10.723 12.960 14.552 15.398 15.026 16.298 15.554 16.998 15.777 12.577 11.259 10.323 10.638 9.350 12.091 11.372 10.029 10.095 -999.250 -999.250 -999.250 -999.250 -999.250 -999.250 -999.250 -999.250 -999.250 -999.250 -999.250 -999.250 -999.250 -999.250 -999.250 -999.250 -999.250 -999.250 -999.250 -999.250 -999.250 -999.250 -999.250 -999.250 -999.250 -999.250 -999.250 -999.250 -999.250 -999.250 -999.250 -999.250 -999.250 -999.250 -999.250 -999.250 -999.250 -999.250 -999.250 -999.250 -999.250 -999.250 -999.250 -999.250 -999.250 -999.250 -999.250
8.431 10.201 8.589 11.031 13.812 15.410 13.209 12.969 12.586 13.968 14.278 11.181 7.566 7.094 5.958 9.606 9.201 7.414 9.249 9.696 10.685 -999.250 -999.250 -999.250 -999.250 -999.250 -999.250 -999.250 -999.250 -999.250 -999.250 -999.250 -999.250 -999.250 -999.250 -999.250 -999.250 -999.250 -999.250 -999.250 -999.250 -999.250 -999.250 -999.250 -999.250 -999.250 -999.250 -999.250 -999.250 -999.250 -999.250 -999.250 -999.250 -999.250 -999.250 -999.250 -999.250 -999.250 -999.250 -999.250 -999.250 -999.250 -999.250 -999.250 -999.250 -999.250 -999.250 -999.250
7.010 6.770 7.939 10.045 12.063 13.868 14.114 15.721 14.540 14.648 9.124 7.220 3.870 0.000 5.717 7.490 9.506 8.336 7.975 9.041 9.831 10.008 5.464 -999.250 -999.250 -999.250 -999.250 -999.250 -999.250 -999.250 -999.250 -999.250 -999.250 -999.250 -999.250 -999.250 -999.250 -999.250 -999.250 -999.250 -999.250 -999.250 -999.250 -999.250 -999.250 -999.250 -999.250 -999.250 -999.250 -999.250 -999.250 -999.250 -999.250 -999.250 -999.250 -999.250 -999.250 -999.250 -999.250 -999.250 -999.250 -999.250 -999.250 -999.250 -999.250 -999.250 -999.250 -999.250
7.780 8.316 5.071 9.257 8.529 8.924 11.944 11.889 11.982 12.517 11.765 6.434 4.789 4.067 7.247 9.189 9.003 10.974 10.047 8.922 8.933 7.378 5.199 3.869 -999.250 -999.250 -999.250 -999.250 -999.250 -999.250 -999.250 -999.250 -999.250 -999.250 -999.250 -999.250 -999.250 -999.250 -999.250 -999.250 -999.250 -999.250 -999.250 -999.250 -999.250 -999.250 -999.250 -999.250 -999.250 -999.250 -999.250 -999.250 -999.250 -999.250 -999.250 -999.250 -999.250 -999.250 -999.250 -999.250 -999.250 -999.250 -999.250 -999.250 -999.250 -999.250 -999.250 -999.250
3.366 4.063 4.327 7.788 6.669 7.059 8.921 10.462 12.305 12.922 8.971 9.004 8.693 7.025 7.443 7.079 7.903 6.201 8.445 9.856 8.211 7.187 3.530 1.698 -999.250 -999.250 -999.250 -999.250 -999.250 -999.250 -999.250 -999.250 -999.250 -999.250 -999.250 -999.250 -999.250 -999.250 -999.250 -999.250 -999.250 -999.250 -999.250 -999.250 -999.250 -999.250 -999.250 -999.250 -999.250 -999.250 -999.250 -999.250 -999.250 -999.250 -999.250 -999.250 -999.250 -999.250 -999.250 -999.250 -999.250 -999.250 -999.250 -999.250 -999.250 -999.250 -999.250 -999.250
4.966 0.000 3.277 7.181 7.239 8.991 9.206 12.348 9.789 9.661 9.052 11.792 8.981 9.636 9.379 8.372 9.445 9.137 9.539 7.635 5.704 5.186 0.000 2.475 5.258 3.978 5.960 -999.250 -999.250 -999.250 -999.250 -999.250 -999.250 -999.250 -999.250 -999.250 -999.250 -999.250 -999.250 -999.250 -999.250 -999.250 -999.250 -999.250 -999.250 -999.250 -999.250 -999.250 -999.250 -999.250 -999.250 -999.250 -999.250 -999.250 -999.250 -999.250 -999.250 -999.250 -999.250 -999.250 -999.250 -999.250 -999.250 -999.250 -999.250 -999.250 -999.250 -999.250
8.828 5.146 5.135 3.659 8.891 10.330 11.789 10.643 6.707 8.600 8.753 9.936 6.370 10.527 6.863 8.987 8.908 12.696 10.623 8.013 7.702 4.661 4.259 3.625 6.963 5.154 4.459 5.079 -999.250 -999.250 -999.250 -999.250 -999.250 -999.250 -999.250 -999.250 -999.250 -999.250 -999.250 -999.250 -999.250 -999.250 -999.250 -999.250 -999.250 -999.250 -999.250 -999.250 -999.250 -999.250 -999.250 -999.250 -999.250 -999.250 -999.250 -999.250 -999.250 -999.250 -999.250 -999.250 -999.250 -999.250 -999.250 -999.250 -999.250 -999.250 -999.250 -999.250
