data/medianmodel_23-Jan-2021.asc
ncols	141
nrows	288
xllcorner	-120191.398
yllcorner	-301404.813
cellsize	2000.000
NODATA_value	-999.250
[rows 84 to 111 of 288, columns 0 to 62 of 141]
-999.250 -999.250 -999.250 -999.250 -999.250 -999.250 -999.250 -999.250 -999.250 -999.250 -999.250 -999.250 -999.250 -999.250 -999.250 -999.250 -999.250 -999.250 -999.250 -999.250 -999.250 -999.250 -999.250 -999.250 -999.250 -999.250 -999.250 -999.250 -999.250 -999.250 -999.250 -999.250 -999.250 1173.337 1140.433 1185.594 1226.300 1248.998 1260.577 1258.567 1238.787 1199.770 1239.145 1241.182 1300.418 1362.824 1518.477 1695.092 1836.951 1926.799 2004.710 2187.360 2215.449 2394.550 2353.950 2322.618 2498.001 2594.225 2633.691 2694.936 2563.150 2619.315 2603.856
-999.250 -999.250 -999.250 -999.250 -999.250 -999.250 -999.250 -999.250 -999.250 -999.250 -999.250 -999.250 -999.250 -999.250 -999.250 -999.250 -999.250 -999.250 -999.250 -999.250 -999.250 -999.250 -999.250 -999.250 -999.250 -999.250 -999.250 -999.250 -999.250 -999.250 -999.250 -999.250 -999.250 1065.025 1112.096 1146.137 1171.481 1233.073 1254.151 1265.294 1212.094 1230.666 1203.276 1282.812 1304.497 1368.493 1435.394 1580.764 1734.046 1843.921 1900.765 1999.767 2149.129 2248.641 2382.509 2295.883 2472.288 2490.463 2635.143 2517.984 2469.701 2398.354 2435.787
-999.250 -999.250 -999.250 -999.250 -999.250 -999.250 -999.250 -999.250 -999.250 -999.250 -999.250 -999.250 -999.250 -999.250 -999.250 -999.250 -999.250 -999.250 -999.250 -999.250 -999.250 -999.250 -999.250 -999.250 -999.250 -999.250 -999.250 -999.250 -999.250 -999.250 -999.250 -999.250 -999.250 1045.682 1077.536 1093.237 1149.841 1189.772 1204.426 1230.405 1212.663 1244.391 1235.582 1317.614 1326.477 1374.816 1455.654 1518.168 1627.781 1775.085 1854.618 2034.145 2004.720 2081.876 2170.526 2202.895 2258.320 2389.089 2346.471 2282.676 2370.372 2255.056 2203.334
-999.250 -999.250 -999.250 -999.250 -999.250 -999.250 -999.250 -999.250 -999.250 -999.250 -999.250 -999.250 -999.250 -999.250 -999.250 -999.250 -999.250 -999.250 -999.250 -999.250 -999.250 -999.250 -999.250 -999.250 -999.250 -999.250 -999.250 -999.250 -999.250 -999.250 -999.250 -999.250 -999.250 1027.184 1067.586 1086.607 1110.515 1147.528 1152.074 1203.568 1234.631 1275.137 1287.943 1294.959 1327.515 1366.449 1454.293 1508.434 1589.971 1743.168 1794.880 1871.315 1978.388 2008.915 2020.991 2028.608 2138.943 2191.973 2144.102 2242.661 2187.724 2180.920 2212.051
-999.250 -999.250 -999.250 -999.250 -999.250 -999.250 -999.250 -999.250 -999.250 -999.250 -999.250 -999.250 -999.250 -999.250 -999.250 -999.250 -999.250 -999.250 -999.250 -999.250 -999.250 -999.250 -999.250 -999.250 -999.250 -999.250 -999.250 -999.250 -999.250 -999.250 -999.250 -999.250 955.558 1014.630 998.343 1054.164 1116.989 1140.714 1147.067 1156.006 1231.178 1238.663 1290.233 1301.964 1349.936 1386.982 1444.615 1513.888 1588.861 1645.192 1731.455 1794.228 1894.986 1854.567 1866.178 1937.990 1925.353 1958.031 2022.155 2070.585 2019.405 2063.727 2149.816
-999.250 -999.250 -999.250 -999.250 -999.250 -999.250 -999.250 -999.250 -999.250 -999.250 -999.250 -999.250 -999.250 -999.250 -999.250 -999.250 -999.250 -999.250 -999.250 -999.250 -999.250 -999.250 -999.250 -999.250 -999.250 -999.250 -999.250 -999.250 -999.250 -999.250 -999.250 -999.250 903.364 944.393 981.976 992.529 1043.407 1121.231 1111.349 1155.212 1208.829 1238.126 1248.095 1315.631 1376.857 1442.308 1459.869 1459.676 1511.393 1597.275 1631.313 1751.178 1823.783 1755.553 1835.538 1851.617 1832.027 1852.948 1873.781 1956.730 1920.351 2005.834 2025.744
-999.250 -999.250 -999.250 -999.250 -999.250 -999.250 -999.250 -999.250 -999.250 -999.250 -999.250 -999.250 -999.250 -999.250 -999.250 -999.250 -999.250 -999.250 -999.250 -999.250 -999.250 -999.250 -999.250 -999.250 -999.250 -999.250 -999.250 -999.250 -999.250 -999.250 -999.250 -999.250 903.050 924.881 941.673 983.753 1011.434 1033.424 1094.210 1148.126 1207.524 1258.968 1295.884 1344.626 1391.221 1429.886 1476.946 1477.144 1509.025 1544.608 1551.485 1675.130 1701.927 1759.281 1719.636 1777.141 1796.081 1750.364 1750.854 1791.082 1876.384 1903.199 2026.027
-999.250 -999.250 -999.250 -999.250 -999.250 -999.250 -999.250 -999.250 -999.250 -999.250 -999.250 -999.250 -999.250 -999.250 -999.250 -999.250 -999.250 -999.250 -999.250 -999.250 -999.250 -999.250 -999.250 -999.250 -999.250 -999.250 -999.250 -999.250 -999.250 -999.250 -999.250 -999.250 865.118 883.889 951.206 955.008 986.967 1017.774 1092.261 1146.400 1202.493 1302.341 1348.371 1408.232 1431.756 1462.802 1480.689 1480.399 1515.464 1563.783 1578.284 1564.965 1640.169 1610.296 1574.055 1673.731 1689.633 1607.025 1615.293 1718.988 1757.418 1833.284 1909.679
-999.250 -999.250 -999.250 -999.250 -999.250 -999.250 -999.250 -999.250 -999.250 -999.250 -999.250 -999.250 -999.250 -999.250 -999.250 -999.250 -999.250 -999.250 -999.250 -999.250 -999.250 -999.250 -999.250 -999.250 -999.250 -999.250 -999.250 -999.250 -999.250 -999.250 -999.250 846.361 850.517 878.687 902.719 955.583 975.488 1010.219 1098.785 1126.070 1240.089 1299.909 1327.732 1424.531 1463.987 1469.611 1479.813 1497.100 1559.642 1563.770 1604.482 1605.356 1532.099 1549.370 1509.324 1510.545 1522.919 1521.370 1527.051 1615.059 1636.633 1704.839 1792.608
-999.250 -999.250 -999.250 -999.250 -999.250 -999.250 -999.250 -999.250 -999.250 -999.250 -999.250 -999.250 -999.250 -999.250 -999.250 -999.250 -999.250 -999.250 -999.250 -999.250 -999.250 -999.250 -999.250 -999.250 -999.250 -999.250 -999.250 -999.250 -999.250 -999.250 -999.250 824.052 837.253 805.897 858.712 899.252 975.506 1041.490 1082.172 1193.593 1303.236 1307.899 1405.228 1471.837 1510.114 1515.937 1518.820 1541.908 1611.407 1629.437 1633.109 1570.237 1511.426 1527.064 1487.697 1443.536 1432.263 1376.117 1440.884 1481.670 1542.687 1747.636 1841.153
-999.250 -999.250 -999.250 -999.250 -999.250 -999.250 -999.250 -999.250 -999.250 -999.250 -999.250 -999.250 -999.250 -999.250 -999.250 -999.250 -999.250 -999.250 -999.250 -999.250 -999.250 -999.250 -999.250 -999.250 -999.250 -999.250 -999.250 -999.250 -999.250 -999.250 -999.250 798.707 819.256 805.946 810.310 882.024 972.816 1079.338 1146.902 1257.972 1307.734 1406.837 1498.269 1562.933 1599.748 1615.124 1601.102 1715.955 1705.119 1686.698 1682.269 1576.914 1543.811 1571.388 1425.403 1383.065 1345.335 1335.990 1348.423 1374.908 1506.015 1772.686 1895.634
-999.250 -999.250 -999.250 -999.250 -999.250 -999.250 -999.250 -999.250 -999.250 -999.250 -999.250 -999.250 -999.250 -999.250 -999.250 -999.250 -999.250 -999.250 -999.250 -999.250 -999.250 -999.250 -999.250 -999.250 -999.250 -999.250 -999.250 -999.250 -999.250 -999.250 -999.250 833.604 832.906 820.141 802.907 885.190 950.686 1064.449 1224.162 1309.387 1362.240 1449.963 1528.201 1629.333 1676.239 1744.582 1805.388 1791.459 1817.560 1803.690 1739.317 1628.968 1576.876 1560.861 1458.136 1376.437 1270.104 1227.254 1280.502 1355.722 1551.174 1824.312 2105.997
-999.250 -999.250 -999.250 -999.250 -999.250 -999.250 -999.250 -999.250 -999.250 -999.250 -999.250 -999.250 -999.250 -999.250 -999.250 -999.250 -999.250 -999.250 -999.250 -999.250 -999.250 -999.250 -999.250 -999.250 -999.250 -999.250 -999.250 -999.250 -999.250 -999.250 836.016 834.399 840.872 807.265 877.192 943.539 1039.332 1157.734 1258.595 1359.457 1468.227 1548.460 1664.109 1719.533 1820.416 1908.344 1996.443 1947.836 1884.128 1837.872 1804.180 1720.546 1645.780 1625.816 1456.245 1333.737 1274.008 1151.749 1191.927 1253.349 1627.861 1992.317 2397.020
-999.250 -999.250 -999.250 -999.250 -999.250 -999.250 -999.250 -999.250 -999.250 -999.250 -999.250 -999.250 -999.250 -999.250 -999.250 -999.250 -999.250 -999.250 -999.250 -999.250 -999.250 -999.250 -999.250 -999.250 -999.250 -999.250 -999.250 -999.250 -999.250 -999.250 884.549 897.655 881.337 880.924 948.087 978.557 1126.230 1224.265 1281.586 1393.865 1531.880 1622.612 1694.706 1834.147 1940.448 2105.449 2219.544 2094.667 2029.915 1999.207 1922.785 1886.613 1839.303 1624.075 1523.866 1459.343 1284.945 1121.635 1210.901 1440.206 1790.148 2326.747 2801.753
-999.250 -999.250 -999.250 -999.250 -999.250 -999.250 -999.250 -999.250 -999.250 -999.250 -999.250 -999.250 -999.250 -999.250 -999.250 -999.250 -999.250 -999.250 -999.250 -999.250 -999.250 -999.250 -999.250 -999.250 -999.250 -999.250 -999.250 -999.250 -999.250 -999.250 908.502 882.752 910.144 956.089 1021.115 1035.521 1188.431 1275.984 1337.787 1437.664 1515.229 1619.801 1699.046 1914.154 1945.138 2117.689 2218.092 2283.653 2232.142 2243.350 2149.711 1990.415 1985.097 1839.399 1741.668 1619.222 1333.840 1090.537 1329.070 1609.200 1946.206 2460.152 3090.028
-999.250 -999.250 -999.250 -999.250 -999.250 -999.250 -999.250 -999.250 -999.250 -999.250 -999.250 -999.250 -999.250 -999.250 -999.250 -999.250 -999.250 -999.250 -999.250 -999.250 -999.250 -999.250 -999.250 -999.250 -999.250 -999.250 -999.250 -999.250 -999.250 -999.250 859.211 859.959 937.313 1005.692 1020.278 1101.945 1157.584 1303.473 1404.006 1477.005 1545.229 1681.177 1745.709 1851.049 2056.801 2163.221 2207.329 2306.460 2303.131 2354.133 2366.689 2235.873 2289.271 2095.660 1977.174 1773.709 1619.722 1524.989 1686.342 1870.379 2143.076 2668.796 3065.906
-999.250 -999.250 -999.250 -999.250 -999.250 -999.250 -999.250 -999.250 -999.250 -999.250 -999.250 -999.250 -999.250 -999.250 -999.250 -999.250 -999.250 -999.250 -999.250 -999.250 -999.250 -999.250 -999.250 -999.250 -999.250 -999.250 -999.250 -999.250 -999.250 891.515 903.040 917.478 993.285 1020.172 1078.820 1115.343 1258.038 1351.189 1424.684 1471.160 1559.185 1677.052 1799.253 1909.948 2002.753 2126.880 2277.571 2275.471 2493.959 2395.992 2499.893 2542.728 2420.861 2472.766 2256.113 2068.070 1848.661 1871.631 1973.269 2168.542 2493.173 2720.678 2955.860
-999.250 -999.250 -999.250 -999.250 -999.250 -999.250 -999.250 -999.250 -999.250 -999.250 -999.250 -999.250 -999.250 -999.250 -999.250 -999.250 -999.250 -999.250 -999.250 -999.250 -999.250 -999.250 -999.250 -999.250 -999.250 -999.250 -999.250 -999.250 -999.250 941.470 915.067 973.242 1001.345 1008.815 1067.312 1161.717 1225.697 1356.830 1388.632 1475.240 1557.104 1730.111 1781.611 1869.899 1978.570 2114.451 2211.660 2298.658 2315.874 2552.974 2746.577 2699.445 2723.298 2754.244 2627.816 2366.805 2141.919 2092.942 2226.124 2457.132 2684.670 2711.523 2875.974
-999.250 -999.250 -999.250 -999.250 -999.250 -999.250 -999.250 -999.250 -999.250 -999.250 -999.250 -999.250 -999.250 -999.250 -999.250 -999.250 -999.250 -999.250 -999.250 -999.250 -999.250 -999.250 -999.250 -999.250 -999.250 -999.250 -999.250 -999.250 -999.250 954.010 1003.919 1011.022 1000.323 1026.286 1109.470 1222.243 1275.837 1359.430 1422.040 1520.079 1543.795 1686.537 1821.832 1903.281 2010.184 2170.506 2202.186 2315.949 2321.145 2624.059 2751.212 2761.618 2900.184 3008.617 2758.419 2511.268 2304.197 2401.806 2431.581 2545.962 2716.917 2744.242 2854.467
-999.250 -999.250 -999.250 -999.250 -999.250 -999.250 -999.250 -999.250 -999.250 -999.250 -999.250 -999.250 -999.250 -999.250 -999.250 -999.250 -999.250 -999.250 -999.250 -999.250 -999.250 -999.250 -999.250 -999.250 -999.250 -999.250 -999.250 -999.250 -999.250 969.987 949.530 974.080 948.555 1040.194 1131.947 1240.615 1286.270 1375.701 1491.107 1483.239 1532.847 1655.275 1782.760 1931.795 1959.627 2060.790 2213.628 2279.092 2313.082 2510.158 2625.232 2689.725 2850.181 2812.670 2711.982 2667.826 2511.320 2432.959 2640.861 2648.695 2652.686 2759.382 2782.302
-999.250 -999.250 -999.250 -999.250 -999.250 -999.250 -999.250 -999.250 -999.250 -999.250 -999.250 -999.250 -999.250 -999.250 -999.250 -999.250 -999.250 -999.250 -999.250 -999.250 -999.250 -999.250 -999.250 -999.250 -999.250 -999.250 -999.250 -999.250 951.196 989.814 1014.487 1024.147 1020.962 1044.132 1120.117 1211.799 1284.567 1341.065 1426.610 1518.210 1559.285 1722.973 1801.998 1879.786 1883.264 2052.481 2105.602 2275.675 2365.684 2404.833 2586.370 2539.393 2553.111 2617.939 2563.328 2594.453 2457.440 2450.689 2587.418 2477.255 2644.872 2749.131 2687.974
-999.250 -999.250 -999.250 -999.250 -999.250 -999.250 -999.250 -999.250 -999.250 -999.250 -999.250 -999.250 -999.250 -999.250 -999.250 -999.250 -999.250 -999.250 -999.250 -999.250 -999.250 -999.250 -999.250 -999.250 -999.250 -999.250 -999.250 -999.250 994.923 1005.888 1006.656 992.407 1007.422 1066.084 1087.597 1150.237 1244.977 1352.042 1412.061 1479.368 1551.357 1682.700 1782.796 1878.859 1903.747 1947.633 2092.930 2179.691 2300.003 2353.029 2326.412 2300.020 2307.474 2216.006 2212.108 2271.609 2411.217 2419.812 2307.732 2448.741 2597.370 2482.709 2402.879
-999.250 -999.250 -999.250 -999.250 -999.250 -999.250 -999.250 -999.250 -999.250 -999.250 -999.250 -999.250 -999.250 -999.250 -999.250 -999.250 -999.250 -999.250 -999.250 -999.250 -999.250 -999.250 -999.250 -999.250 -999.250 -999.250 -999.250 983.386 1016.830 1026.207 1011.080 1070.681 1041.857 1067.823 1139.192 1220.313 1272.320 1325.378 1347.923 1417.738 1495.250 1605.663 1732.788 1796.741 1930.770 1907.458 2022.961 2042.910 2116.187 2152.993 2182.075 2167.974 2032.429 1955.032 2059.119 2049.608 2183.097 2299.984 2318.465 2369.967 2402.077 2367.487 2202.985
-999.250 -999.250 -999.250 -999.250 -999.250 -999.250 -999.250 -999.250 -999.250 -999.250 -999.250 -999.250 -999.250 -999.250 -999.250 -999.250 -999.250 -999.250 -999.250 -999.250 -999.250 -999.250 -999.250 -999.250 -999.250 -999.250 -999.250 1064.145 1034.694 1003.448 1016.286 1036.129 1079.534 1065.216 1107.111 1239.989 1283.064 1297.607 1312.725 1409.697 1495.096 1605.363 1743.204 1845.563 1824.329 1891.513 1905.559 1906.142 1968.643 1998.679 2008.288 1910.093 1841.721 1787.433 1743.767 1911.101 2019.278 2201.937 2321.016 2522.334 2395.013 2400.837 2151.496
-999.250 -999.250 -999.250 -999.250 -999.250 -999.250 -999.250 -999.250 -999.250 -999.250 -999.250 -999.250 -999.250 -999.250 -999.250 -999.250 -999.250 -999.250 -999.250 -999.250 -999.250 -999.250 -999.250 -999.250 -999.250 -999.250 -999.250 1065.970 1021.410 1005.055 976.601 1029.180 1048.835 1092.661 1114.568 1149.818 1215.487 1267.820 1322.431 1404.389 1523.274 1559.605 1717.636 1788.786 1823.416 1858.404 1882.135 1918.410 2019.164 1944.892 1910.740 1861.323 1807.437 1697.048 1766.178 1826.091 2008.472 2251.410 2480.095 2660.281 2656.446 2646.576 2361.158
-999.250 -999.250 -999.250 -999.250 -999.250 -999.250 -999.250 -999.250 -999.250 -999.250 -999.250 -999.250 -999.250 -999.250 -999.250 -999.250 -999.250 -999.250 -999.250 -999.250 -999.250 -999.250 -999.250 -999.250 -999.250 -999.250 -999.250 1040.755 989.934 997.126 963.453 983.485 1032.486 1060.584 1099.030 1208.205 1203.433 1216.486 1312.122 1391.355 1485.213 1565.858 1593.094 1733.028 1800.864 1783.564 1822.726 1896.219 1945.113 1865.681 1827.820 1793.846 1756.882 1691.889 1705.307 1780.954 1953.593 2320.314 2624.175 2775.856 2913.428 2890.670 2817.560
-999.250 -999.250 -999.250 -999.250 -999.250 -999.250 -999.250 -999.250 -999.250 -999.250 -999.250 -999.250 -999.250 -999.250 -999.250 -999.250 -999.250 -999.250 -999.250 -999.250 -999.250 -999.250 -999.250 -999.250 -999.250 -999.250 -999.250 -999.250 978.263 977.852 981.843 946.106 1009.798 1009.432 1068.562 1141.830 1174.733 1261.578 1313.554 1352.200 1423.104 1459.186 1623.215 1697.498 1789.605 1818.206 1822.588 1856.660 1909.274 1881.918 1926.275 1799.002 1728.967 1678.261 1589.060 1712.490 1927.074 2288.849 2628.966 3028.563 3318.295 3190.329 3084.357
-999.250 -999.250 -999.250 -999.250 -999.250 -999.250 -999.250 -999.250 -999.250 -999.250 -999.250 -999.250 -999.250 -999.250 -999.250 -999.250 -999.250 -999.250 -999.250 -999.250 -999.250 -999.250 -999.250 -999.250 -999.250 -999.250 -999.250 -999.250 1007.032 978.956 963.003 945.557 978.031 976.288 1020.825 1064.524 1128.155 1213.239 1299.551 1296.521 1409.609 1477.169 1567.725 1675.751 1786.872 1795.863 1886.157 1827.617 1900.526 1930.640 1884.455 1865.979 1757.266 1657.486 1548.169 1547.290 1807.528 2090.093 2688.566 3200.056 3758.213 3369.220 3142.493
