data/medianmodel_04-May-2020.asc
ncols	141
nrows	288
xllcorner	-120191.398
yllcorner	-301404.813
cellsize	2000.000
NODATA_value	-999.250
[rows 93 to 123 of 288, columns 69 to 137 of 141]
7.031 11.598 17.249 15.460 23.161 25.123 25.585 23.394 27.686 22.363 17.880 17.842 13.612 11.282 10.562 3.338 4.415 4.987 6.702 6.372 3.614 4.266 2.974 4.487 3.703 1.809 5.047 4.971 7.694 8.312 11.358 11.302 14.060 8.372 10.480 8.703 10.937 11.546 9.382 9.199 9.343 9.111 6.940 7.653 8.245 -999.250 -999.250 -999.250 -999.250 -999.250 -999.250 -999.250 -999.250 -999.250 -999.250 -999.250 -999.250 -999.250 -999.250 -999.250 -999.250 -999.250 -999.250 -999.250 -999.250 -999.250 -999.250 -999.250 -999.250
8.099 10.571 10.878 14.620 14.937 19.617 16.502 17.699 20.137 15.158 16.844 12.498 11.227 6.313 5.422 2.224 2.956 3.401 2.058 1.844 4.828 4.537 3.579 4.936 4.621 5.579 5.285 5.049 9.195 7.550 9.483 9.108 9.296 10.330 7.126 11.249 9.962 8.448 7.142 8.458 7.579 8.489 8.961 8.600 8.097 -999.250 -999.250 -999.250 -999.250 -999.250 -999.250 -999.250 -999.250 -999.250 -999.250 -999.250 -999.250 -999.250 -999.250 -999.250 -999.250 -999.250 -999.250 -999.250 -999.250 -999.250 -999.250 -999.250 -999.250
9.139 10.936 12.167 10.587 14.343 12.331 12.572 12.959 9.133 9.461 7.906 7.754 5.117 3.114 3.189 0.551 0.000 0.328 2.912 0.772 4.789 3.271 2.071 1.654 3.953 1.814 4.682 6.262 6.749 7.224 9.315 7.938 11.923 8.649 9.341 9.995 9.273 5.117 4.405 4.583 8.530 6.239 7.680 7.316 6.407 -999.250 -999.250 -999.250 -999.250 -999.250 -999.250 -999.250 -999.250 -999.250 -999.250 -999.250 -999.250 -999.250 -999.250 -999.250 -999.250 -999.250 -999.250 -999.250 -999.250 -999.250 -999.250 -999.250 -999.250
9.557 7.891 9.088 9.643 14.930 10.888 8.120 6.892 7.008 6.193 4.498 2.692 3.279 2.604 2.175 0.000 0.000 0.000 0.064 2.831 2.784 1.225 1.022 2.111 0.615 0.000 2.696 3.823 4.536 6.104 9.902 10.095 7.977 9.174 9.777 10.136 5.237 5.779 4.444 7.810 6.151 8.107 12.611 12.833 10.082 7.085 -999.250 -999.250 -999.250 -999.250 -999.250 -999.250 -999.250 -999.250 -999.250 -999.250 -999.250 -999.250 -999.250 -999.250 -999.250 -999.250 -999.250 -999.250 -999.250 -999.250 -999.250 -999.250 -999.250
9.859 10.175 10.879 11.930 11.305 8.228 7.247 9.013 6.795 5.399 2.934 2.437 0.235 1.605 1.718 2.269 0.000 0.000 0.126 2.167 3.195 2.771 0.004 0.000 0.000 0.256 1.849 3.169 4.334 8.285 6.839 7.095 6.831 7.638 7.071 7.210 6.676 6.802 4.288 5.654 9.044 4.966 7.749 8.625 7.095 5.855 4.216 -999.250 -999.250 -999.250 -999.250 -999.250 -999.250 -999.250 -999.250 -999.250 -999.250 -999.250 -999.250 -999.250 -999.250 -999.250 -999.250 -999.250 -999.250 -999.250 -999.250 -999.250 -999.250
12.450 9.108 10.099 11.292 9.802 5.393 6.369 7.127 7.865 4.701 2.892 1.796 2.372 1.316 1.341 0.259 0.719 0.000 0.358 3.108 2.238 1.009 0.000 0.000 0.000 0.558 4.457 3.067 4.267 4.981 6.900 6.320 5.643 5.652 6.566 2.453 4.835 5.836 4.550 4.401 8.344 8.530 7.430 6.158 5.178 5.427 4.226 5.775 -999.250 -999.250 -999.250 -999.250 -999.250 -999.250 -999.250 -999.250 -999.250 -999.250 -999.250 -999.250 -999.250 -999.250 -999.250 -999.250 -999.250 -999.250 -999.250 -999.250 -999.250
8.258 12.297 12.862 10.388 8.729 6.823 6.348 7.681 7.853 5.829 5.064 1.712 1.548 3.089 0.832 0.000 3.287 3.005 2.728 1.668 2.046 1.669 0.636 0.394 1.478 2.881 2.036 3.306 5.030 3.439 5.686 5.417 4.881 3.728 1.726 0.000 2.086 4.854 4.920 4.562 5.210 8.117 6.918 5.531 5.047 8.597 7.023 -999.250 -999.250 -999.250 -999.250 -999.250 -999.250 -999.250 -999.250 -999.250 -999.250 -999.250 -999.250 -999.250 -999.250 -999.250 -999.250 -999.250 -999.250 -999.250 -999.250 -999.250 -999.250
10.906 11.565 11.181 10.113 9.107 8.046 5.072 8.642 8.732 8.977 4.407 2.655 4.365 2.453 0.343 0.682 0.000 1.674 1.803 1.764 1.702 2.360 1.832 1.598 2.794 3.075 3.966 4.522 4.268 5.332 4.807 5.909 4.130 4.794 1.654 0.000 2.241 4.209 4.465 7.626 7.953 9.303 8.023 6.861 7.988 6.225 5.506 5.739 -999.250 -999.250 -999.250 -999.250 -999.250 -999.250 -999.250 -999.250 -999.250 -999.250 -999.250 -999.250 -999.250 -999.250 -999.250 -999.250 -999.250 -999.250 -999.250 -999.250 -999.250
11.511 11.401 9.470 12.206 9.549 8.512 8.948 7.938 8.471 8.578 3.841 5.851 5.428 1.335 3.487 2.376 1.862 1.483 2.285 2.125 3.088 3.389 3.583 3.171 2.798 3.177 4.942 3.831 4.810 6.578 4.363 4.910 5.232 4.635 2.748 2.215 1.551 5.038 4.627 6.192 5.904 10.483 8.221 9.304 10.009 8.568 -999.250 -999.250 -999.250 -999.250 -999.250 -999.250 -999.250 -999.250 -999.250 -999.250 -999.250 -999.250 -999.250 -999.250 -999.250 -999.250 -999.250 -999.250 -999.250 -999.250 -999.250 -999.250 -999.250
10.378 13.920 13.094 9.956 8.051 7.452 9.245 9.772 9.134 11.263 6.343 4.768 4.679 3.340 3.977 2.916 3.709 3.452 2.586 0.990 3.481 2.690 3.199 3.754 4.662 5.418 3.964 4.641 4.437 2.675 3.249 1.962 1.647 2.702 2.949 2.120 3.064 3.774 4.027 6.739 6.651 6.116 6.048 7.725 7.427 -999.250 -999.250 -999.250 -999.250 -999.250 -999.250 -999.250 -999.250 -999.250 -999.250 -999.250 -999.250 -999.250 -999.250 -999.250 -999.250 -999.250 -999.250 -999.250 -999.250 -999.250 -999.250 -999.250 -999.250
11.853 13.833 11.433 12.339 8.314 10.446 7.775 6.548 6.283 7.045 7.423 6.239 8.915 6.919 7.003 5.027 5.113 2.774 2.137 3.046 3.013 3.524 2.256 6.022 4.542 4.583 5.105 5.078 4.672 3.314 2.890 0.564 1.843 1.757 2.774 2.826 3.110 4.067 4.027 5.363 5.043 4.104 5.737 4.652 3.615 -999.250 -999.250 -999.250 -999.250 -999.250 -999.250 -999.250 -999.250 -999.250 -999.250 -999.250 -999.250 -999.250 -999.250 -999.250 -999.250 -999.250 -999.250 -999.250 -999.250 -999.250 -999.250 -999.250 -999.250
13.298 12.949 9.699 11.734 8.369 9.212 6.681 7.740 6.972 7.754 7.137 8.845 7.115 8.230 7.304 6.385 6.101 5.587 4.550 4.703 2.670 4.514 4.306 3.960 4.011 4.575 6.205 5.985 5.576 3.459 4.326 0.537 1.923 2.024 2.247 1.108 3.852 2.386 3.283 3.883 2.528 2.357 4.012 3.056 -999.250 -999.250 -999.250 -999.250 -999.250 -999.250 -999.250 -999.250 -999.250 -999.250 -999.250 -999.250 -999.250 -999.250 -999.250 -999.250 -999.250 -999.250 -999.250 -999.250 -999.250 -999.250 -999.250 -999.250 -999.250
14.039 13.245 10.249 10.483 7.587 8.542 6.600 8.588 8.850 6.002 7.408 5.790 5.684 7.192 8.364 6.852 6.616 5.255 3.994 3.973 3.431 2.236 6.818 5.568 5.080 5.067 6.456 5.025 5.978 4.628 2.115 1.378 3.234 1.326 3.085 4.502 4.012 6.464 3.328 2.786 -999.250 -999.250 -999.250 -999.250 -999.250 -999.250 -999.250 -999.250 -999.250 -999.250 -999.250 -999.250 -999.250 -999.250 -999.250 -999.250 -999.250 -999.250 -999.250 -999.250 -999.250 -999.250 -999.250 -999.250 -999.250 -999.250 -999.250 -999.250 -999.250
14.579 12.374 11.246 10.924 7.961 8.427 7.769 7.623 5.229 7.588 7.571 7.098 6.231 9.093 6.817 5.987 8.599 6.578 5.742 4.664 3.612 4.594 7.179 4.955 4.810 2.598 4.308 4.556 4.946 5.649 2.411 2.829 2.999 1.577 2.033 1.645 4.321 3.038 -999.250 -999.250 -999.250 -999.250 -999.250 -999.250 -999.250 -999.250 -999.250 -999.250 -999.250 -999.250 -999.250 -999.250 -999.250 -999.250 -999.250 -999.250 -999.250 -999.250 -999.250 -999.250 -999.250 -999.250 -999.250 -999.250 -999.250 -999.250 -999.250 -999.250 -999.250
18.047 11.788 7.636 8.044 6.751 9.198 7.234 7.717 7.263 8.853 7.725 9.347 9.314 10.189 9.352 10.981 8.616 7.227 7.490 4.544 3.787 2.843 5.847 5.634 6.822 6.427 5.733 6.016 6.126 4.264 2.682 2.963 2.139 1.410 0.167 2.054 3.461 3.954 -999.250 -999.250 -999.250 -999.250 -999.250 -999.250 -999.250 -999.250 -999.250 -999.250 -999.250 -999.250 -999.250 -999.250 -999.250 -999.250 -999.250 -999.250 -999.250 -999.250 -999.250 -999.250 -999.250 -999.250 -999.250 -999.250 -999.250 -999.250 -999.250 -999.250 -999.250
15.731 13.560 9.539 7.497 6.467 6.860 6.130 6.349 9.682 9.206 7.997 6.358 10.618 8.895 11.192 12.193 9.351 6.579 6.660 5.399 6.428 4.450 7.699 5.992 7.882 5.961 7.075 5.258 4.670 3.154 3.022 3.812 3.037 1.220 2.866 0.000 2.364 4.384 -999.250 -999.250 -999.250 -999.250 -999.250 -999.250 -999.250 -999.250 -999.250 -999.250 -999.250 -999.250 -999.250 -999.250 -999.250 -999.250 -999.250 -999.250 -999.250 -999.250 -999.250 -999.250 -999.250 -999.250 -999.250 -999.250 -999.250 -999.250 -999.250 -999.250 -999.250
14.719 10.143 5.788 6.271 4.713 4.899 4.102 5.846 7.905 9.949 8.555 8.003 8.815 12.583 14.864 11.087 9.820 6.709 5.930 5.355 7.185 5.951 4.920 5.768 6.955 6.520 6.478 4.992 4.863 3.454 6.080 4.210 2.578 2.084 0.000 0.164 1.053 4.017 -999.250 -999.250 -999.250 -999.250 -999.250 -999.250 -999.250 -999.250 -999.250 -999.250 -999.250 -999.250 -999.250 -999.250 -999.250 -999.250 -999.250 -999.250 -999.250 -999.250 -999.250 -999.250 -999.250 -999.250 -999.250 -999.250 -999.250 -999.250 -999.250 -999.250 -999.250
13.241 7.851 3.891 3.857 2.403 3.489 6.235 5.936 4.514 8.229 8.938 7.259 7.709 9.527 10.408 11.817 9.680 9.520 7.549 6.774 5.658 6.510 6.276 6.253 5.256 5.885 6.063 4.784 6.914 6.189 8.074 3.545 2.415 3.851 0.000 0.923 1.894 4.928 -999.250 -999.250 -999.250 -999.250 -999.250 -999.250 -999.250 -999.250 -999.250 -999.250 -999.250 -999.250 -999.250 -999.250 -999.250 -999.250 -999.250 -999.250 -999.250 -999.250 -999.250 -999.250 -999.250 -999.250 -999.250 -999.250 -999.250 -999.250 -999.250 -999.250 -999.250
14.380 5.049 4.049 1.241 1.296 2.572 4.490 5.884 7.572 5.771 7.340 7.243 9.373 9.973 8.807 10.093 8.221 7.474 6.795 6.147 5.825 6.035 5.555 6.346 5.412 6.079 6.678 6.690 6.143 6.365 4.336 2.928 3.590 3.720 3.501 2.618 2.378 7.075 -999.250 -999.250 -999.250 -999.250 -999.250 -999.250 -999.250 -999.250 -999.250 -999.250 -999.250 -999.250 -999.250 -999.250 -999.250 -999.250 -999.250 -999.250 -999.250 -999.250 -999.250 -999.250 -999.250 -999.250 -999.250 -999.250 -999.250 -999.250 -999.250 -999.250 -999.250
9.771 3.735 0.198 0.000 0.346 1.073 3.934 4.483 5.376 5.786 4.886 5.503 9.144 11.194 11.399 6.833 10.271 6.463 7.852 6.833 5.567 6.520 5.628 6.103 4.523 7.308 5.862 7.765 6.737 6.454 7.627 3.530 4.123 4.285 2.851 3.934 4.095 4.344 10.056 8.342 -999.250 -999.250 -999.250 -999.250 -999.250 -999.250 -999.250 -999.250 -999.250 -999.250 -999.250 -999.250 -999.250 -999.250 -999.250 -999.250 -999.250 -999.250 -999.250 -999.250 -999.250 -999.250 -999.250 -999.250 -999.250 -999.250 -999.250 -999.250 -999.250
5.229 0.000 0.000 0.000 0.000 0.182 2.385 5.798 4.578 5.443 6.058 7.290 8.678 11.449 9.974 10.057 7.475 8.069 5.984 9.337 6.366 4.813 6.063 4.572 5.871 6.109 6.560 8.615 6.869 7.774 6.304 3.979 6.259 4.534 3.614 4.228 3.686 5.458 5.975 7.689 9.360 6.334 -999.250 -999.250 -999.250 -999.250 -999.250 -999.250 -999.250 -999.250 -999.250 -999.250 -999.250 -999.250 -999.250 -999.250 -999.250 -999.250 -999.250 -999.250 -999.250 -999.250 -999.250 -999.250 -999.250 -999.250 -999.250 -999.250 -999.250
5.880 0.000 0.000 0.000 0.000 2.738 1.898 3.052 4.690 4.302 6.039 8.444 7.671 10.394 10.461 9.398 8.985 5.640 7.592 6.753 6.168 6.201 6.733 5.553 6.800 7.543 7.396 6.100 7.381 5.076 10.177 5.625 5.721 7.110 4.671 4.574 4.829 6.112 6.293 8.436 5.821 6.103 -999.250 -999.250 -999.250 -999.250 -999.250 -999.250 -999.250 -999.250 -999.250 -999.250 -999.250 -999.250 -999.250 -999.250 -999.250 -999.250 -999.250 -999.250 -999.250 -999.250 -999.250 -999.250 -999.250 -999.250 -999.250 -999.250 -999.250
7.292 1.122 0.000 0.000 0.215 2.425 1.652 4.516 5.672 7.443 6.653 9.235 10.703 8.549 8.108 11.906 6.757 7.368 8.288 6.243 8.061 4.087 5.572 6.998 6.713 7.721 8.398 7.961 5.263 7.028 6.921 4.819 6.177 8.279 4.724 5.942 5.212 5.728 6.671 8.336 5.849 8.318 7.995 -999.250 -999.250 -999.250 -999.250 -999.250 -999.250 -999.250 -999.250 -999.250 -999.250 -999.250 -999.250 -999.250 -999.250 -999.250 -999.250 -999.250 -999.250 -999.250 -999.250 -999.250 -999.250 -999.250 -999.250 -999.250 -999.250
5.664 1.736 0.000 0.000 2.218 3.481 5.819 6.834 8.093 8.990 8.623 9.036 9.817 8.101 12.038 10.506 7.429 7.377 7.547 5.995 6.010 6.171 6.994 9.682 6.152 9.290 8.414 7.515 7.422 7.028 6.586 5.027 5.698 6.508 7.334 6.868 6.367 6.588 7.400 6.327 7.170 9.759 4.990 4.533 -999.250 -999.250 -999.250 -999.250 -999.250 -999.250 -999.250 -999.250 -999.250 -999.250 -999.250 -999.250 -999.250 -999.250 -999.250 -999.250 -999.250 -999.250 -999.250 -999.250 -999.250 -999.250 -999.250 -999.250 -999.250
6.370 2.385 0.716 3.329 1.969 5.000 5.506 7.374 10.521 9.304 9.918 9.783 11.242 11.990 12.298 10.310 7.406 8.191 8.525 4.039 5.925 5.282 7.357 6.180 7.593 8.077 9.483 8.862 6.602 7.243 8.136 5.936 7.053 7.340 8.199 5.409 7.610 8.134 7.633 8.245 7.578 6.503 4.778 6.883 -999.250 -999.250 -999.250 -999.250 -999.250 -999.250 -999.250 -999.250 -999.250 -999.250 -999.250 -999.250 -999.250 -999.250 -999.250 -999.250 -999.250 -999.250 -999.250 -999.250 -999.250 -999.250 -999.250 -999.250 -999.250
6.017 3.474 3.319 2.536 4.261 5.922 9.570 8.681 12.821 10.864 15.758 14.108 9.976 12.287 12.008 8.205 7.415 8.617 5.994 4.351 5.855 4.900 6.592 9.171 8.163 7.627 6.765 6.382 4.485 5.833 6.299 7.272 7.414 7.128 7.075 5.836 6.714 6.970 6.767 8.157 7.669 9.476 7.170 7.553 9.359 -999.250 -999.250 -999.250 -999.250 -999.250 -999.250 -999.250 -999.250 -999.250 -999.250 -999.250 -999.250 -999.250 -999.250 -999.250 -999.250 -999.250 -999.250 -999.250 -999.250 -999.250 -999.250 -999.250 -999.250
3.285 2.387 3.272 2.202 4.500 5.759 5.764 8.936 8.744 8.548 13.917 11.921 9.684 11.410 11.044 10.184 8.168 8.584 9.240 5.458 6.661 6.332 8.025 7.809 9.766 7.622 8.004 6.271 4.977 4.958 6.103 6.003 5.701 9.189 6.280 7.124 7.366 7.850 8.252 5.723 9.117 8.523 8.457 7.819 -999.250 -999.250 -999.250 -999.250 -999.250 -999.250 -999.250 -999.250 -999.250 -999.250 -999.250 -999.250 -999.250 -999.250 -999.250 -999.250 -999.250 -999.250 -999.250 -999.250 -999.250 -999.250 -999.250 -999.250 -999.250
0.615 1.392 4.001 2.662 4.799 5.364 8.521 8.521 7.213 10.668 13.082 12.457 9.950 9.495 12.861 9.869 8.742 6.596 8.874 5.456 5.276 5.816 6.896 8.015 5.719 6.729 5.211 5.636 6.690 3.607 3.818 5.182 5.019 6.929 6.089 5.761 7.964 9.448 9.976 8.556 7.311 10.572 8.513 5.836 -999.250 -999.250 -999.250 -999.250 -999.250 -999.250 -999.250 -999.250 -999.250 -999.250 -999.250 -999.250 -999.250 -999.250 -999.250 -999.250 -999.250 -999.250 -999.250 -999.250 -999.250 -999.250 -999.250 -999.250 -999.250
0.000 0.000 1.691 3.634 4.572 5.267 9.251 9.511 9.809 10.694 11.614 12.745 12.904 9.630 12.392 9.466 10.191 7.868 8.796 9.981 5.119 4.758 4.623 5.594 7.548 5.780 5.698 5.971 6.549 4.590 2.459 2.399 2.821 4.512 4.876 4.923 5.698 9.128 6.595 6.815 7.898 9.892 7.117 6.684 -999.250 -999.250 -999.250 -999.250 -999.250 -999.250 -999.250 -999.250 -999.250 -999.250 -999.250 -999.250 -999.250 -999.250 -999.250 -999.250 -999.250 -999.250 -999.250 -999.250 -999.250 -999.250 -999.250 -999.250 -999.250
0.021 0.000 3.213 2.588 4.577 5.787 7.808 8.961 8.617 9.785 8.653 9.644 13.376 10.342 9.235 11.606 11.094 10.947 6.693 7.717 6.871 4.701 7.558 6.790 8.349 5.969 5.937 5.825 7.297 6.023 2.638 0.504 2.433 3.383 4.989 5.334 8.121 6.479 6.946 5.981 8.897 8.322 9.169 8.532 -999.250 -999.250 -999.250 -999.250 -999.250 -999.250 -999.250 -999.250 -999.250 -999.250 -999.250 -999.250 -999.250 -999.250 -999.250 -999.250 -999.250 -999.250 -999.250 -999.250 -999.250 -999.250 -999.250 -999.250 -999.250
0.517 0.762 2.577 4.595 4.262 6.675 7.601 9.813 9.945 6.793 7.493 7.372 8.571 7.844 6.562 10.363 8.561 6.273 7.964 5.803 5.980 8.697 5.758 7.143 7.055 4.110 8.338 4.269 7.076 4.740 0.728 0.000 0.345 2.865 6.142 9.391 9.752 9.462 8.044 6.847 9.267 10.256 10.827 -999.250 -999.250 -999.250 -999.250 -999.250 -999.250 -999.250 -999.250 -999.250 -999.250 -999.250 -999.250 -999.250 -999.250 -999.250 -999.250 -999.250 -999.250 -999.250 -999.250 -999.250 -999.250 -999.250 -999.250 -999.250 -999.250
