data/medianmodel_15-Apr-2020.asc
ncols	141
nrows	288
xllcorner	-120191.398
yllcorner	-301404.813
cellsize	2000.000
NODATA_value	-999.250
[rows 240 to 269 of 288, columns 0 to 67 of 141]
-999.250 -999.250 -999.250 -999.250 -999.250 -999.250 -999.250 -999.250 -999.250 -999.250 -999.250 -999.250 -999.250 -999.250 -999.250 -999.250 -999.250 -999.250 -999.250 -999.250 -999.250 -999.250 -999.250 -999.250 -999.250 -999.250 -999.250 -999.250 -999.250 -999.250 12.046 11.746 16.143 17.099 17.912 16.403 17.835 20.710 23.308 26.888 23.823 23.599 28.649 23.589 21.533 22.530 23.987 23.301 21.245 21.364 22.862 23.115 23.065 22.425 21.624 23.089 24.798 24.056 26.198 26.013 22.353 21.599 19.905 19.812 19.449 20.067 22.036 21.356
-999.250 -999.250 -999.250 -999.250 -999.250 -999.250 -999.250 -999.250 -999.250 -999.250 -999.250 -999.250 -999.250 -999.250 -999.250 -999.250 -999.250 -999.250 -999.250 -999.250 -999.250 -999.250 -999.250 -999.250 -999.250 -999.250 -999.250 -999.250 -999.250 -999.250 9.604 14.489 15.865 16.359 18.998 18.709 18.513 19.209 23.171 23.187 23.554 21.839 20.748 21.538 20.079 21.880 21.800 20.760 23.055 19.427 19.574 20.680 24.193 21.260 18.464 23.194 22.234 21.715 24.505 24.373 20.449 19.763 17.107 16.721 17.908 17.423 18.257 16.838
-999.250 -999.250 -999.250 -999.250 -999.250 -999.250 -999.250 -999.250 -999.250 -999.250 -999.250 -999.250 -999.250 -999.250 -999.250 -999.250 -999.250 -999.250 -999.250 -999.250 -999.250 -999.250 -999.250 -999.250 -999.250 -999.250 -999.250 -999.250 -999.250 -999.250 12.682 14.772 16.917 16.655 15.927 18.248 19.223 21.020 21.658 21.522 20.660 18.978 21.645 18.775 19.333 19.120 22.343 22.834 20.971 21.751 19.904 19.886 22.085 20.288 18.954 17.903 19.876 19.545 18.291 18.171 16.312 16.360 14.783 15.709 14.447 15.113 16.145 16.453
-999.250 -999.250 -999.250 -999.250 -999.250 -999.250 -999.250 -999.250 -999.250 -999.250 -999.250 -999.250 -999.250 -999.250 -999.250 -999.250 -999.250 -999.250 -999.250 -999.250 -999.250 -999.250 -999.250 -999.250 -999.250 -999.250 -999.250 -999.250 -999.250 -999.250 12.394 11.836 16.186 15.515 15.734 18.435 17.882 18.505 21.664 23.269 20.242 17.685 21.135 21.251 18.180 19.976 22.703 20.355 18.576 21.766 20.017 16.674 15.750 16.343 15.460 14.570 15.026 16.541 15.288 14.789 13.521 12.431 13.832 12.006 15.455 15.219 15.974 17.105
-999.250 -999.250 -999.250 -999.250 -999.250 -999.250 -999.250 -999.250 -999.250 -999.250 -999.250 -999.250 -999.250 -999.250 -999.250 -999.250 -999.250 -999.250 -999.250 -999.250 -999.250 -999.250 -999.250 -999.250 -999.250 -999.250 -999.250 -999.250 -999.250 -999.250 12.716 14.166 15.757 16.144 16.619 18.349 17.565 16.892 19.452 20.309 20.686 20.384 17.066 19.514 19.126 19.591 21.304 20.243 19.217 17.826 19.776 17.416 13.538 14.569 14.380 14.109 10.310 11.486 13.678 11.410 8.596 9.029 9.510 14.791 14.275 15.776 16.544 14.757
-999.250 -999.250 -999.250 -999.250 -999.250 -999.250 -999.250 -999.250 -999.250 -999.250 -999.250 -999.250 -999.250 -999.250 -999.250 -999.250 -999.250 -999.250 -999.250 -999.250 -999.250 -999.250 -999.250 -999.250 -999.250 -999.250 -999.250 -999.250 -999.250 -999.250 -999.250 15.074 14.805 15.054 16.746 17.418 16.138 15.023 18.182 18.182 19.902 18.521 21.487 20.118 16.821 18.512 21.915 18.171 18.523 19.366 16.505 18.919 15.182 10.047 10.599 11.347 10.450 10.046 9.764 7.990 5.487 0.000 7.820 11.466 14.080 13.599 12.110 14.335
-999.250 -999.250 -999.250 -999.250 -999.250 -999.250 -999.250 -999.250 -999.250 -999.250 -999.250 -999.250 -999.250 -999.250 -999.250 -999.250 -999.250 -999.250 -999.250 -999.250 -999.250 -999.250 -999.250 -999.250 -999.250 -999.250 -999.250 -999.250 -999.250 -999.250 -999.250 13.155 14.293 14.410 16.411 15.911 18.488 16.098 16.372 16.426 18.740 17.582 20.134 17.594 18.902 18.447 18.967 20.424 20.502 21.132 17.932 16.638 13.785 8.376 9.434 8.288 9.057 10.827 5.914 6.960 6.327 5.357 5.997 9.149 11.042 13.042 13.056 12.990
-999.250 -999.250 -999.250 -999.250 -999.250 -999.250 -999.250 -999.250 -999.250 -999.250 -999.250 -999.250 -999.250 -999.250 -999.250 -999.250 -999.250 -999.250 -999.250 -999.250 -999.250 -999.250 -999.250 -999.250 -999.250 -999.250 -999.250 -999.250 -999.250 -999.250 16.319 16.533 14.242 15.717 14.550 15.422 15.959 17.475 14.630 16.834 16.884 22.757 19.541 18.745 17.634 17.440 17.087 19.753 17.375 15.556 12.655 14.251 12.695 11.370 5.966 6.616 10.688 9.624 11.311 9.057 10.333 10.539 10.639 11.188 12.234 14.926 13.086 11.888
-999.250 -999.250 -999.250 -999.250 -999.250 -999.250 -999.250 -999.250 -999.250 -999.250 -999.250 -999.250 -999.250 -999.250 -999.250 -999.250 -999.250 -999.250 -999.250 -999.250 -999.250 -999.250 -999.250 -999.250 -999.250 -999.250 -999.250 -999.250 -999.250 -999.250 15.117 13.155 15.009 16.495 16.947 17.908 17.607 15.025 15.419 17.758 17.273 17.333 15.956 16.319 16.796 16.024 15.978 18.178 14.739 12.996 13.385 14.620 11.448 10.777 4.850 2.756 5.510 8.713 7.746 12.203 12.240 11.300 11.497 11.864 14.189 14.638 14.433 12.138
-999.250 -999.250 -999.250 -999.250 -999.250 -999.250 -999.250 -999.250 -999.250 -999.250 -999.250 -999.250 -999.250 -999.250 -999.250 -999.250 -999.250 -999.250 -999.250 -999.250 -999.250 -999.250 -999.250 -999.250 -999.250 -999.250 -999.250 -999.250 -999.250 -999.250 15.174 13.857 14.496 13.993 14.471 17.589 14.874 15.941 13.900 14.780 16.954 17.734 19.539 17.998 14.540 15.722 16.443 13.949 12.760 12.535 11.987 13.920 14.174 7.579 7.025 0.000 4.016 9.100 11.548 13.164 12.553 12.437 13.798 13.959 13.224 15.300 15.478 13.982
-999.250 -999.250 -999.250 -999.250 -999.250 -999.250 -999.250 -999.250 -999.250 -999.250 -999.250 -999.250 -999.250 -999.250 -999.250 -999.250 -999.250 -999.250 -999.250 -999.250 -999.250 -999.250 -999.250 -999.250 -999.250 -999.250 -999.250 -999.250 -999.250 -999.250 14.811 16.333 14.416 14.355 16.055 15.463 15.131 12.462 11.376 13.582 15.608 18.436 18.545 15.777 16.788 15.957 17.174 13.241 12.444 13.723 14.640 14.409 13.591 11.375 10.491 7.425 5.078 13.057 15.121 16.113 14.721 17.393 15.226 18.494 20.369 17.686 14.565 15.200
-999.250 -999.250 -999.250 -999.250 -999.250 -999.250 -999.250 -999.250 -999.250 -999.250 -999.250 -999.250 -999.250 -999.250 -999.250 -999.250 -999.250 -999.250 -999.250 -999.250 -999.250 -999.250 -999.250 -999.250 -999.250 -999.250 -999.250 -999.250 -999.250 -999.250 15.866 15.693 16.885 15.103 15.505 15.339 12.399 13.883 10.937 8.092 15.437 16.426 18.579 18.213 17.541 16.147 16.434 12.802 12.771 13.591 13.629 16.600 15.705 14.018 12.469 11.064 14.320 15.173 17.523 17.975 21.470 16.510 16.241 19.190 18.965 19.082 20.215 17.763
-999.250 -999.250 -999.250 -999.250 -999.250 -999.250 -999.250 -999.250 -999.250 -999.250 -999.250 -999.250 -999.250 -999.250 -999.250 -999.250 -999.250 -999.250 -999.250 -999.250 -999.250 -999.250 -999.250 -999.250 -999.250 -999.250 -999.250 -999.250 -999.250 14.430 15.977 13.833 14.153 17.789 15.308 16.347 14.097 14.281 13.291 13.929 16.681 17.488 15.429 16.708 17.101 19.142 15.132 12.224 13.398 14.954 15.737 15.641 16.434 15.552 15.449 15.390 16.734 19.650 21.261 21.712 19.305 19.251 21.584 20.472 19.955 23.091 20.672 18.074
-999.250 -999.250 -999.250 -999.250 -999.250 -999.250 -999.250 -999.250 -999.250 -999.250 -999.250 -999.250 -999.250 -999.250 -999.250 -999.250 -999.250 -999.250 -999.250 -999.250 -999.250 -999.250 -999.250 -999.250 -999.250 -999.250 -999.250 -999.250 -999.250 -999.250 15.758 14.585 16.661 16.530 17.131 14.665 14.277 15.404 14.485 15.083 16.077 18.496 15.415 15.172 15.688 17.315 16.597 13.361 15.133 16.864 18.869 16.668 18.628 18.789 17.232 17.765 20.628 21.342 23.500 24.166 20.899 21.779 23.532 24.209 26.284 24.781 24.506 21.798
-999.250 -999.250 -999.250 -999.250 -999.250 -999.250 -999.250 -999.250 -999.250 -999.250 -999.250 -999.250 -999.250 -999.250 -999.250 -999.250 -999.250 -999.250 -999.250 -999.250 -999.250 -999.250 -999.250 -999.250 -999.250 -999.250 -999.250 -999.250 -999.250 -999.250 15.835 16.325 17.430 15.455 16.085 14.779 15.038 15.561 16.464 17.149 18.496 17.277 14.770 14.607 16.891 16.315 15.059 17.442 19.897 18.724 17.354 17.823 20.183 19.763 19.479 23.802 24.271 25.786 26.039 27.628 27.565 26.439 30.569 29.835 28.992 27.934 27.895 25.288
-999.250 -999.250 -999.250 -999.250 -999.250 -999.250 -999.250 -999.250 -999.250 -999.250 -999.250 -999.250 -999.250 -999.250 -999.250 -999.250 -999.250 -999.250 -999.250 -999.250 -999.250 -999.250 -999.250 -999.250 -999.250 -999.250 -999.250 -999.250 -999.250 -999.250 -999.250 15.219 14.412 15.315 14.757 16.942 13.020 16.466 16.809 14.888 16.556 17.151 15.157 14.614 16.491 17.103 20.661 19.414 22.193 18.894 20.865 18.407 20.988 22.963 23.348 27.243 24.539 24.113 32.805 31.168 29.167 30.742 32.236 28.371 36.854 32.904 34.213 26.117
-999.250 -999.250 -999.250 -999.250 -999.250 -999.250 -999.250 -999.250 -999.250 -999.250 -999.250 -999.250 -999.250 -999.250 -999.250 -999.250 -999.250 -999.250 -999.250 -999.250 -999.250 -999.250 -999.250 -999.250 -999.250 -999.250 -999.250 -999.250 -999.250 -999.250 -999.250 15.343 17.464 15.456 14.681 16.232 14.020 18.216 17.820 16.508 17.061 17.572 16.229 17.758 19.418 19.253 20.538 22.220 16.618 20.280 24.562 21.428 19.298 25.380 29.390 28.761 28.681 31.571 34.573 33.631 36.108 36.209 39.027 39.602 39.333 36.960 35.511 33.001
-999.250 -999.250 -999.250 -999.250 -999.250 -999.250 -999.250 -999.250 -999.250 -999.250 -999.250 -999.250 -999.250 -999.250 -999.250 -999.250 -999.250 -999.250 -999.250 -999.250 -999.250 -999.250 -999.250 -999.250 -999.250 -999.250 -999.250 -999.250 -999.250 -999.250 14.281 15.324 16.480 15.941 16.488 17.212 16.681 17.989 18.996 18.489 17.226 17.964 19.665 20.116 21.679 19.277 20.376 20.834 21.009 22.419 24.606 25.896 25.342 30.075 28.536 30.632 29.892 38.927 47.012 48.029 43.458 38.215 40.776 44.890 44.610 41.085 34.383 31.558
-999.250 -999.250 -999.250 -999.250 -999.250 -999.250 -999.250 -999.250 -999.250 -999.250 -999.250 -999.250 -999.250 -999.250 -999.250 -999.250 -999.250 -999.250 -999.250 -999.250 -999.250 -999.250 -999.250 -999.250 -999.250 -999.250 -999.250 -999.250 -999.250 -999.250 12.720 15.087 17.743 15.524 15.912 18.701 16.536 17.264 17.290 20.034 17.678 19.875 19.686 20.812 25.190 22.200 23.383 23.794 23.022 22.758 23.098 26.469 30.943 28.602 31.106 36.392 39.891 40.222 44.812 44.852 36.250 42.937 40.547 47.192 41.529 44.648 39.739 33.382
-999.250 -999.250 -999.250 -999.250 -999.250 -999.250 -999.250 -999.250 -999.250 -999.250 -999.250 -999.250 -999.250 -999.250 -999.250 -999.250 -999.250 -999.250 -999.250 -999.250 -999.250 -999.250 -999.250 -999.250 -999.250 -999.250 -999.250 -999.250 -999.250 -999.250 9.958 13.198 14.606 15.751 16.547 19.461 15.351 17.902 18.347 18.130 17.480 23.117 22.001 25.523 24.274 24.555 25.660 21.071 27.513 22.648 22.629 32.249 29.437 33.843 40.088 41.117 44.249 46.692 42.138 44.372 42.880 40.596 42.048 43.271 42.341 42.841 42.359 37.051
-999.250 -999.250 -999.250 -999.250 -999.250 -999.250 -999.250 -999.250 -999.250 -999.250 -999.250 -999.250 -999.250 -999.250 -999.250 -999.250 -999.250 -999.250 -999.250 -999.250 -999.250 -999.250 -999.250 -999.250 -999.250 -999.250 -999.250 -999.250 -999.250 -999.250 11.984 13.437 15.247 14.483 17.470 18.456 16.948 17.269 19.025 19.432 22.528 24.125 23.984 27.223 25.348 27.807 23.535 23.648 26.238 28.107 28.536 27.821 30.746 36.853 36.916 40.616 40.704 41.676 40.686 38.244 37.346 36.379 38.498 41.640 42.540 38.452 37.262 34.784
-999.250 -999.250 -999.250 -999.250 -999.250 -999.250 -999.250 -999.250 -999.250 -999.250 -999.250 -999.250 -999.250 -999.250 -999.250 -999.250 -999.250 -999.250 -999.250 -999.250 -999.250 -999.250 -999.250 -999.250 -999.250 -999.250 -999.250 -999.250 -999.250 -999.250 11.644 14.562 15.457 16.247 15.319 16.907 16.081 18.848 20.341 21.555 18.053 23.499 25.758 28.101 28.345 27.554 23.509 22.053 21.741 28.587 30.966 30.307 25.163 31.129 37.389 38.316 43.478 40.756 43.306 35.598 35.300 36.202 34.633 36.947 34.427 37.116 35.732 36.539
-999.250 -999.250 -999.250 -999.250 -999.250 -999.250 -999.250 -999.250 -999.250 -999.250 -999.250 -999.250 -999.250 -999.250 -999.250 -999.250 -999.250 -999.250 -999.250 -999.250 -999.250 -999.250 -999.250 -999.250 -999.250 -999.250 -999.250 -999.250 -999.250 -999.250 14.351 16.099 15.687 13.984 17.225 17.302 18.167 19.623 19.198 21.721 21.017 25.199 28.389 27.968 24.760 26.766 25.598 23.176 21.696 24.838 33.544 33.598 34.997 34.262 35.758 33.554 36.733 37.532 37.777 43.572 37.989 37.577 39.082 33.868 39.749 40.801 36.387 32.385
-999.250 -999.250 -999.250 -999.250 -999.250 -999.250 -999.250 -999.250 -999.250 -999.250 -999.250 -999.250 -999.250 -999.250 -999.250 -999.250 -999.250 -999.250 -999.250 -999.250 -999.250 -999.250 -999.250 -999.250 -999.250 -999.250 -999.250 -999.250 -999.250 13.294 15.679 14.557 15.815 15.707 14.543 16.586 16.769 17.628 17.925 20.303 22.093 23.055 25.584 25.223 26.539 24.748 25.570 25.111 24.650 31.271 36.059 41.212 36.648 29.795 36.563 31.300 31.523 37.062 31.252 36.161 37.407 39.601 34.591 36.311 43.053 36.294 35.718 33.795
-999.250 -999.250 -999.250 -999.250 -999.250 -999.250 -999.250 -999.250 -999.250 -999.250 -999.250 -999.250 -999.250 -999.250 -999.250 -999.250 -999.250 -999.250 -999.250 -999.250 -999.250 -999.250 -999.250 -999.250 -999.250 -999.250 -999.250 -999.250 -999.250 9.428 12.978 13.317 14.573 15.239 16.086 17.833 16.632 16.166 20.484 20.156 20.257 19.907 24.133 22.615 21.993 25.810 26.990 27.084 25.843 32.083 39.041 32.084 37.436 35.874 38.286 34.794 27.892 35.581 41.604 37.857 41.653 40.916 36.481 33.567 38.480 36.975 36.714 32.050
-999.250 -999.250 -999.250 -999.250 -999.250 -999.250 -999.250 -999.250 -999.250 -999.250 -999.250 -999.250 -999.250 -999.250 -999.250 -999.250 -999.250 -999.250 -999.250 -999.250 -999.250 -999.250 -999.250 -999.250 -999.250 -999.250 -999.250 -999.250 9.221 7.392 10.443 11.925 13.281 13.876 18.695 16.628 16.561 16.047 17.256 18.966 20.033 19.975 23.993 25.806 26.936 27.709 24.659 23.550 24.849 28.171 34.528 36.314 36.095 37.230 36.612 37.627 42.204 38.419 36.507 33.585 38.855 40.843 36.779 37.256 32.629 39.711 39.115 35.277
-999.250 -999.250 -999.250 -999.250 -999.250 -999.250 -999.250 -999.250 -999.250 -999.250 -999.250 -999.250 -999.250 -999.250 -999.250 -999.250 -999.250 -999.250 -999.250 -999.250 -999.250 -999.250 -999.250 -999.250 -999.250 -999.250 -999.250 -999.250 6.667 8.314 8.936 8.381 12.749 14.360 14.967 14.127 16.449 16.730 18.105 18.217 21.395 20.698 24.086 28.559 31.995 28.919 23.791 23.197 26.075 28.437 29.926 32.540 38.599 37.129 34.648 35.768 36.750 36.359 36.895 36.119 37.413 39.205 38.338 36.687 32.382 35.405 31.049 32.115
-999.250 -999.250 -999.250 -999.250 -999.250 -999.250 -999.250 -999.250 -999.250 -999.250 -999.250 -999.250 -999.250 -999.250 -999.250 -999.250 -999.250 -999.250 -999.250 -999.250 -999.250 -999.250 -999.250 -999.250 -999.250 -999.250 -999.250 5.299 6.570 6.156 3.608 5.752 11.381 13.178 14.348 12.466 15.267 15.519 18.882 17.597 19.697 22.458 25.241 28.770 30.846 26.239 24.882 24.134 27.014 27.917 28.285 30.842 31.260 36.037 41.744 37.063 39.211 39.522 37.164 37.770 33.985 33.290 34.115 36.194 35.657 35.546 30.787 26.517
-999.250 -999.250 -999.250 -999.250 -999.250 -999.250 -999.250 -999.250 -999.250 -999.250 -999.250 -999.250 -999.250 -999.250 -999.250 -999.250 -999.250 -999.250 -999.250 -999.250 -999.250 -999.250 -999.250 -999.250 -999.250 -999.250 -999.250 9.362 5.139 2.939 0.000 5.078 8.526 10.514 13.326 13.635 15.008 17.004 17.030 21.898 21.820 23.776 25.801 22.709 22.221 23.466 25.361 25.942 29.375 32.886 34.793 33.955 36.024 44.917 40.680 37.001 41.019 38.363 45.688 37.698 32.136 34.600 34.622 32.081 26.288 32.910 26.345 26.031
-999.250 -999.250 -999.250 -999.250 -999.250 -999.250 -999.250 -999.250 -999.250 -999.250 -999.250 -999.250 -999.250 -999.250 -999.250 -999.250 -999.250 -999.250 -999.250 -999.250 -999.250 -999.250 -999.250 -999.250 -999.250 -999.250 -999.250 9.987 6.462 1.720 3.225 8.479 11.012 13.523 12.365 16.203 15.892 19.087 20.530 21.321 20.466 25.381 25.241 22.837 26.806 26.992 31.161 29.447 30.932 34.304 30.417 36.546 37.771 41.388 39.731 40.865 42.524 34.764 36.541 39.449 32.964 31.977 32.426 26.675 27.907 24.468 22.116 25.496
