data/medianmodel_13-Sep-2020.asc
ncols	141
nrows	288
xllcorner	-120191.398
yllcorner	-301404.813
cellsize	2000.000
NODATA_value	-999.250
[rows 30 to 59 of 288, columns 0 to 68 of 141]
-999.250 -999.250 -999.250 -999.250 -999.250 -999.250 -999.250 -999.250 -999.250 -999.250 -999.250 -999.250 -999.250 -999.250 -999.250 -999.250 -999.250 -999.250 -999.250 -999.250 -999.250 -999.250 -999.250 -999.250 -999.250 -999.250 -999.250 -999.250 -999.250 -999.250 -999.250 29.876 18.507 11.530 8.253 7.213 8.721 8.322 13.000 14.307 18.924 24.013 32.004 37.686 45.326 51.405 56.557 58.240 62.101 66.608 74.403 88.637 96.412 106.435 108.842 101.127 80.898 60.601 38.372 22.605 7.989 0.834 0.000 0.000 0.000 0.000 0.000 0.000 0.000
-999.250 -999.250 -999.250 -999.250 -999.250 -999.250 -999.250 -999.250 -999.250 -999.250 -999.250 -999.250 -999.250 -999.250 -999.250 -999.250 -999.250 -999.250 -999.250 -999.250 -999.250 -999.250 -999.250 -999.250 -999.250 -999.250 -999.250 -999.250 -999.250 -999.250 -999.250 -999.250 19.753 11.804 10.047 10.035 8.049 11.052 15.404 15.573 20.908 26.667 31.303 38.026 40.589 46.004 48.076 55.443 59.974 68.902 80.685 93.049 104.925 111.491 130.239 102.412 92.955 61.867 41.149 26.663 12.811 5.671 0.000 0.000 0.000 0.000 0.000 0.000 0.000
-999.250 -999.250 -999.250 -999.250 -999.250 -999.250 -999.250 -999.250 -999.250 -999.250 -999.250 -999.250 -999.250 -999.250 -999.250 -999.250 -999.250 -999.250 -999.250 -999.250 -999.250 -999.250 -999.250 -999.250 -999.250 -999.250 -999.250 -999.250 -999.250 -999.250 -999.250 -999.250 22.865 14.905 13.102 14.802 15.280 16.435 19.102 20.545 27.091 31.182 32.468 41.871 50.277 54.529 51.666 59.591 64.138 70.664 81.239 95.440 102.485 116.968 114.679 106.415 94.019 68.728 49.244 27.721 14.891 5.813 0.000 0.000 0.000 0.000 0.000 0.000 0.000
-999.250 -999.250 -999.250 -999.250 -999.250 -999.250 -999.250 -999.250 -999.250 -999.250 -999.250 -999.250 -999.250 -999.250 -999.250 -999.250 -999.250 -999.250 -999.250 -999.250 -999.250 -999.250 -999.250 -999.250 -999.250 -999.250 -999.250 -999.250 -999.250 -999.250 -999.250 -999.250 34.873 23.408 22.603 24.423 27.523 25.647 29.287 33.059 37.009 39.019 39.428 50.327 54.417 60.184 59.917 64.305 72.805 80.798 90.087 100.683 105.784 109.488 113.368 107.249 88.567 71.467 48.422 32.164 17.810 9.196 0.815 0.000 0.000 0.000 0.000 0.000 0.000
-999.250 -999.250 -999.250 -999.250 -999.250 -999.250 -999.250 -999.250 -999.250 -999.250 -999.250 -999.250 -999.250 -999.250 -999.250 -999.250 -999.250 -999.250 -999.250 -999.250 -999.250 -999.250 -999.250 -999.250 -999.250 -999.250 -999.250 -999.250 -999.250 -999.250 -999.250 -999.250 53.109 43.046 39.301 39.776 40.300 38.617 42.043 49.428 47.742 47.347 46.885 54.683 57.026 58.432 65.833 76.041 82.311 93.171 99.021 108.283 111.830 114.589 114.650 101.862 87.008 70.021 51.617 33.155 17.168 8.460 0.764 0.000 0.000 0.000 0.000 0.000 0.000
-999.250 -999.250 -999.250 -999.250 -999.250 -999.250 -999.250 -999.250 -999.250 -999.250 -999.250 -999.250 -999.250 -999.250 -999.250 -999.250 -999.250 -999.250 -999.250 -999.250 -999.250 -999.250 -999.250 -999.250 -999.250 -999.250 -999.250 -999.250 -999.250 -999.250 -999.250 -999.250 69.375 66.360 65.067 58.133 58.068 57.830 58.736 61.614 61.137 63.541 61.617 61.727 58.740 65.360 75.444 89.732 91.861 100.457 103.207 110.691 114.212 119.178 112.037 109.087 93.766 66.112 42.736 31.241 17.442 9.964 4.190 0.000 0.000 0.000 0.000 0.000 0.000
-999.250 -999.250 -999.250 -999.250 -999.250 -999.250 -999.250 -999.250 -999.250 -999.250 -999.250 -999.250 -999.250 -999.250 -999.250 -999.250 -999.250 -999.250 -999.250 -999.250 -999.250 -999.250 -999.250 -999.250 -999.250 -999.250 -999.250 -999.250 -999.250 -999.250 -999.250 -999.250 92.596 86.095 92.614 86.558 81.400 70.781 73.853 70.515 74.025 70.523 67.729 69.844 69.631 75.692 82.373 96.923 98.838 102.670 116.470 132.612 128.478 130.652 123.984 101.373 88.088 59.608 40.878 28.365 17.185 12.508 6.875 4.508 2.312 0.000 0.000 0.000 0.000
-999.250 -999.250 -999.250 -999.250 -999.250 -999.250 -999.250 -999.250 -999.250 -999.250 -999.250 -999.250 -999.250 -999.250 -999.250 -999.250 -999.250 -999.250 -999.250 -999.250 -999.250 -999.250 -999.250 -999.250 -999.250 -999.250 -999.250 -999.250 -999.250 -999.250 -999.250 -999.250 -999.250 109.610 108.287 105.489 99.340 95.482 83.286 84.473 79.412 87.955 78.778 77.211 78.846 89.506 95.385 102.637 108.695 117.487 130.388 148.212 158.887 147.541 117.942 99.130 79.985 56.365 35.126 24.199 18.464 13.342 11.303 10.180 5.944 1.496 0.000 0.000 0.000
-999.250 -999.250 -999.250 -999.250 -999.250 -999.250 -999.250 -999.250 -999.250 -999.250 -999.250 -999.250 -999.250 -999.250 -999.250 -999.250 -999.250 -999.250 -999.250 -999.250 -999.250 -999.250 -999.250 -999.250 -999.250 -999.250 -999.250 -999.250 -999.250 -999.250 -999.250 -999.250 -999.250 141.885 119.537 133.879 117.373 110.979 100.168 94.991 92.380 90.713 92.550 92.367 93.075 100.343 100.938 102.718 107.569 112.378 136.970 169.181 170.352 158.718 139.956 100.691 76.651 50.364 31.211 23.081 21.821 18.181 16.558 16.281 11.100 5.916 0.000 0.000 0.000
-999.250 -999.250 -999.250 -999.250 -999.250 -999.250 -999.250 -999.250 -999.250 -999.250 -999.250 -999.250 -999.250 -999.250 -999.250 -999.250 -999.250 -999.250 -999.250 -999.250 -999.250 -999.250 -999.250 -999.250 -999.250 -999.250 -999.250 -999.250 -999.250 -999.250 -999.250 -999.250 160.677 169.580 159.516 163.457 148.680 125.419 113.471 108.578 107.640 99.947 97.770 101.863 106.984 100.431 106.733 110.139 108.999 121.021 140.948 163.795 193.029 165.072 125.828 104.725 78.549 60.237 41.096 32.781 24.963 25.383 23.943 22.938 15.015 9.277 3.575 0.000 0.000
-999.250 -999.250 -999.250 -999.250 -999.250 -999.250 -999.250 -999.250 -999.250 -999.250 -999.250 -999.250 -999.250 -999.250 -999.250 -999.250 -999.250 -999.250 -999.250 -999.250 -999.250 -999.250 -999.250 -999.250 -999.250 -999.250 -999.250 -999.250 -999.250 -999.250 -999.250 -999.250 172.307 187.917 197.108 174.353 157.705 137.066 118.036 107.223 102.497 104.387 101.821 109.431 109.799 113.682 106.240 105.573 115.262 123.512 127.247 143.654 155.156 153.615 118.317 103.491 90.021 65.187 50.803 40.164 35.717 29.018 30.509 31.513 20.840 12.174 5.622 0.000 0.000
-999.250 -999.250 -999.250 -999.250 -999.250 -999.250 -999.250 -999.250 -999.250 -999.250 -999.250 -999.250 -999.250 -999.250 -999.250 -999.250 -999.250 -999.250 -999.250 -999.250 -999.250 -999.250 -999.250 -999.250 -999.250 -999.250 -999.250 -999.250 -999.250 -999.250 -999.250 -999.250 -999.250 199.498 242.100 194.361 166.433 131.464 121.902 108.589 107.304 102.582 102.205 112.572 129.864 110.844 107.471 103.671 104.247 109.606 119.808 127.363 118.653 114.403 109.358 97.906 91.012 75.520 64.037 55.522 44.998 37.772 34.013 29.541 22.453 13.820 4.970 0.000 0.000
-999.250 -999.250 -999.250 -999.250 -999.250 -999.250 -999.250 -999.250 -999.250 -999.250 -999.250 -999.250 -999.250 -999.250 -999.250 -999.250 -999.250 -999.250 -999.250 -999.250 -999.250 -999.250 -999.250 -999.250 -999.250 -999.250 -999.250 -999.250 -999.250 -999.250 -999.250 -999.250 -999.250 192.924 204.605 174.184 163.685 126.085 113.975 102.799 100.494 97.336 97.754 101.515 105.754 99.318 95.539 88.129 95.620 105.318 107.557 105.408 104.616 106.461 104.292 99.042 96.739 85.675 70.836 60.859 53.730 40.746 39.224 33.241 23.043 15.819 8.732 4.496 2.992
-999.250 -999.250 -999.250 -999.250 -999.250 -999.250 -999.250 -999.250 -999.250 -999.250 -999.250 -999.250 -999.250 -999.250 -999.250 -999.250 -999.250 -999.250 -999.250 -999.250 -999.250 -999.250 -999.250 -999.250 -999.250 -999.250 -999.250 -999.250 -999.250 -999.250 -999.250 -999.250 -999.250 158.874 163.759 139.311 127.411 108.737 100.409 93.387 90.352 85.708 82.640 82.463 78.326 78.826 75.949 70.531 80.754 96.762 101.131 104.679 104.343 106.833 106.394 105.881 100.850 95.707 76.957 68.158 55.528 48.781 37.991 35.324 27.202 20.591 13.427 9.070 9.589
-999.250 -999.250 -999.250 -999.250 -999.250 -999.250 -999.250 -999.250 -999.250 -999.250 -999.250 -999.250 -999.250 -999.250 -999.250 -999.250 -999.250 -999.250 -999.250 -999.250 -999.250 -999.250 -999.250 -999.250 -999.250 -999.250 -999.250 -999.250 -999.250 -999.250 -999.250 -999.250 -999.250 -999.250 114.784 108.888 104.046 101.549 87.387 83.437 73.365 67.153 65.788 62.339 61.485 66.656 65.277 63.849 72.524 82.761 89.255 97.406 111.860 122.235 118.573 115.993 114.887 102.488 88.360 72.114 59.401 52.322 42.384 34.706 28.326 24.137 16.732 12.867 14.079
-999.250 -999.250 -999.250 -999.250 -999.250 -999.250 -999.250 -999.250 -999.250 -999.250 -999.250 -999.250 -999.250 -999.250 -999.250 -999.250 -999.250 -999.250 -999.250 -999.250 -999.250 -999.250 -999.250 -999.250 -999.250 -999.250 -999.250 -999.250 -999.250 -999.250 -999.250 -999.250 -999.250 -999.250 101.347 95.472 91.319 86.695 77.372 68.278 61.749 56.709 49.383 44.250 47.388 57.801 58.017 59.904 71.166 77.814 85.923 105.092 121.730 142.737 152.486 150.495 123.644 102.955 95.078 78.075 63.330 53.684 40.281 34.392 28.346 27.460 19.948 17.504 17.423
-999.250 -999.250 -999.250 -999.250 -999.250 -999.250 -999.250 -999.250 -999.250 -999.250 -999.250 -999.250 -999.250 -999.250 -999.250 -999.250 -999.250 -999.250 -999.250 -999.250 -999.250 -999.250 -999.250 -999.250 -999.250 -999.250 -999.250 -999.250 -999.250 -999.250 -999.250 -999.250 -999.250 -999.250 94.881 86.162 75.947 70.044 64.877 59.553 53.122 44.133 37.001 37.036 38.919 46.491 45.388 56.554 68.064 77.925 95.191 114.814 147.381 175.820 188.663 168.167 137.463 111.455 98.126 87.356 65.787 55.248 42.734 35.751 28.315 24.477 24.208 23.286 21.091
-999.250 -999.250 -999.250 -999.250 -999.250 -999.250 -999.250 -999.250 -999.250 -999.250 -999.250 -999.250 -999.250 -999.250 -999.250 -999.250 -999.250 -999.250 -999.250 -999.250 -999.250 -999.250 -999.250 -999.250 -999.250 -999.250 -999.250 -999.250 -999.250 -999.250 -999.250 -999.250 -999.250 -999.250 82.726 70.338 69.813 66.602 62.184 52.938 42.995 36.838 31.618 33.039 34.329 39.771 45.130 58.671 67.912 86.417 99.234 121.095 161.704 192.687 237.408 185.661 162.594 134.959 105.425 85.621 65.255 51.777 41.530 36.906 32.410 31.039 30.475 29.274 31.015
-999.250 -999.250 -999.250 -999.250 -999.250 -999.250 -999.250 -999.250 -999.250 -999.250 -999.250 -999.250 -999.250 -999.250 -999.250 -999.250 -999.250 -999.250 -999.250 -999.250 -999.250 -999.250 -999.250 -999.250 -999.250 -999.250 -999.250 -999.250 -999.250 -999.250 -999.250 -999.250 -999.250 -999.250 -999.250 62.869 65.097 61.264 54.200 44.345 36.503 30.504 25.412 27.461 27.787 35.267 45.081 54.472 67.157 84.886 100.216 125.867 168.259 184.129 189.090 180.997 154.431 121.633 104.325 79.781 61.044 52.588 43.239 34.459 34.101 31.069 33.848 38.018 38.271
-999.250 -999.250 -999.250 -999.250 -999.250 -999.250 -999.250 -999.250 -999.250 -999.250 -999.250 -999.250 -999.250 -999.250 -999.250 -999.250 -999.250 -999.250 -999.250 -999.250 -999.250 -999.250 -999.250 -999.250 -999.250 -999.250 -999.250 -999.250 -999.250 -999.250 -999.250 -999.250 -999.250 -999.250 -999.250 61.110 56.197 56.796 50.889 41.523 33.270 25.709 21.522 21.445 25.377 31.969 40.646 50.564 65.908 82.019 100.317 120.423 146.229 170.650 174.799 163.938 145.226 107.867 92.528 77.838 56.814 44.572 34.682 31.754 31.684 34.230 38.558 41.647 45.298
-999.250 -999.250 -999.250 -999.250 -999.250 -999.250 -999.250 -999.250 -999.250 -999.250 -999.250 -999.250 -999.250 -999.250 -999.250 -999.250 -999.250 -999.250 -999.250 -999.250 -999.250 -999.250 -999.250 -999.250 -999.250 -999.250 -999.250 -999.250 -999.250 -999.250 -999.250 -999.250 -999.250 -999.250 -999.250 55.684 53.896 47.670 48.683 45.333 31.879 22.372 15.686 15.646 21.022 27.063 40.419 54.471 66.601 74.862 98.630 116.000 125.488 153.322 143.070 141.359 118.342 107.147 87.214 66.026 53.077 36.965 32.701 29.924 29.284 35.887 43.371 52.248 54.373
-999.250 -999.250 -999.250 -999.250 -999.250 -999.250 -999.250 -999.250 -999.250 -999.250 -999.250 -999.250 -999.250 -999.250 -999.250 -999.250 -999.250 -999.250 -999.250 -999.250 -999.250 -999.250 -999.250 -999.250 -999.250 -999.250 -999.250 -999.250 -999.250 -999.250 -999.250 -999.250 -999.250 -999.250 -999.250 50.034 48.281 42.779 46.191 40.415 32.359 20.142 14.367 11.829 18.202 25.299 35.758 51.793 63.193 81.830 98.833 114.288 120.857 138.676 123.786 113.816 105.602 94.817 71.711 58.074 42.911 35.689 27.871 28.055 32.412 41.677 46.336 52.948 65.992
-999.250 -999.250 -999.250 -999.250 -999.250 -999.250 -999.250 -999.250 -999.250 -999.250 -999.250 -999.250 -999.250 -999.250 -999.250 -999.250 -999.250 -999.250 -999.250 -999.250 -999.250 -999.250 -999.250 -999.250 -999.250 -999.250 -999.250 -999.250 -999.250 -999.250 -999.250 -999.250 -999.250 -999.250 -999.250 52.240 45.956 42.326 38.757 34.240 28.346 19.240 15.289 14.808 18.601 24.822 34.147 50.996 60.498 79.008 87.139 109.792 116.215 120.947 109.146 102.273 96.314 80.826 61.304 44.957 36.026 27.951 27.627 23.533 30.759 38.076 49.097 63.745 75.130
-999.250 -999.250 -999.250 -999.250 -999.250 -999.250 -999.250 -999.250 -999.250 -999.250 -999.250 -999.250 -999.250 -999.250 -999.250 -999.250 -999.250 -999.250 -999.250 -999.250 -999.250 -999.250 -999.250 -999.250 -999.250 -999.250 -999.250 -999.250 -999.250 -999.250 -999.250 -999.250 -999.250 -999.250 -999.250 -999.250 44.744 39.815 41.355 35.414 29.384 22.744 17.906 16.169 19.631 24.694 32.729 42.778 59.609 70.317 79.812 101.650 118.959 111.030 99.905 97.646 79.375 66.006 55.276 36.896 28.918 21.909 20.857 22.524 31.253 35.986 43.525 61.382 92.176
-999.250 -999.250 -999.250 -999.250 -999.250 -999.250 -999.250 -999.250 -999.250 -999.250 -999.250 -999.250 -999.250 -999.250 -999.250 -999.250 -999.250 -999.250 -999.250 -999.250 -999.250 -999.250 -999.250 -999.250 -999.250 -999.250 -999.250 -999.250 -999.250 -999.250 -999.250 -999.250 -999.250 -999.250 -999.250 -999.250 41.878 41.771 40.010 42.935 33.439 26.411 21.300 20.484 21.331 23.566 32.362 45.038 54.938 62.899 74.055 90.971 99.969 97.857 89.555 82.138 72.708 63.858 44.324 29.622 21.133 18.046 17.234 19.338 23.030 29.469 38.274 57.222 88.305
-999.250 -999.250 -999.250 -999.250 -999.250 -999.250 -999.250 -999.250 -999.250 -999.250 -999.250 -999.250 -999.250 -999.250 -999.250 -999.250 -999.250 -999.250 -999.250 -999.250 -999.250 -999.250 -999.250 -999.250 -999.250 -999.250 -999.250 -999.250 -999.250 -999.250 -999.250 -999.250 -999.250 -999.250 -999.250 -999.250 -999.250 39.984 40.644 39.156 35.469 28.743 24.807 23.595 24.671 30.453 32.195 43.183 51.195 61.789 70.771 73.699 79.596 87.168 75.678 66.529 58.675 46.713 33.151 21.822 16.231 15.415 16.795 14.989 15.238 17.991 26.669 41.830 65.936
-999.250 -999.250 -999.250 -999.250 -999.250 -999.250 -999.250 -999.250 -999.250 -999.250 -999.250 -999.250 -999.250 -999.250 -999.250 -999.250 -999.250 -999.250 -999.250 -999.250 -999.250 -999.250 -999.250 -999.250 -999.250 -999.250 -999.250 -999.250 -999.250 -999.250 -999.250 -999.250 -999.250 -999.250 -999.250 -999.250 -999.250 37.992 38.667 43.705 42.766 36.520 28.566 25.065 25.774 31.903 37.245 41.709 51.940 56.863 62.825 68.129 69.808 65.888 66.245 64.486 46.045 36.936 27.098 18.895 12.901 13.353 11.030 7.145 8.609 8.245 11.411 19.874 36.505
-999.250 -999.250 -999.250 -999.250 -999.250 -999.250 -999.250 -999.250 -999.250 -999.250 -999.250 -999.250 -999.250 -999.250 -999.250 -999.250 -999.250 -999.250 -999.250 -999.250 -999.250 -999.250 -999.250 -999.250 -999.250 -999.250 -999.250 -999.250 -999.250 -999.250 -999.250 -999.250 -999.250 -999.250 -999.250 -999.250 -999.250 35.494 39.259 46.527 55.579 42.761 35.329 24.782 30.211 32.807 37.033 46.819 48.835 58.587 63.046 58.990 64.002 58.542 57.834 50.534 40.878 28.781 19.038 13.193 12.556 10.724 9.335 7.543 1.287 0.000 0.000 0.272 0.000
-999.250 -999.250 -999.250 -999.250 -999.250 -999.250 -999.250 -999.250 -999.250 -999.250 -999.250 -999.250 -999.250 -999.250 -999.250 -999.250 -999.250 -999.250 -999.250 -999.250 -999.250 -999.250 -999.250 -999.250 -999.250 -999.250 -999.250 -999.250 -999.250 -999.250 -999.250 -999.250 -999.250 -999.250 -999.250 -999.250 -999.250 36.577 39.986 45.186 46.847 40.885 34.800 32.274 34.444 33.721 40.470 42.541 45.173 54.737 56.469 60.284 58.401 59.611 51.389 47.872 39.820 26.451 17.562 12.931 14.166 12.053 10.931 5.976 0.726 0.000 0.000 0.000 0.000
-999.250 -999.250 -999.250 -999.250 -999.250 -999.250 -999.250 -999.250 -999.250 -999.250 -999.250 -999.250 -999.250 -999.250 -999.250 -999.250 -999.250 -999.250 -999.250 -999.250 -999.250 -999.250 -999.250 -999.250 -999.250 -999.250 -999.250 -999.250 -999.250 -999.250 -999.250 -999.250 -999.250 -999.250 -999.250 -999.250 -999.250 -999.250 37.525 39.436 43.267 41.085 37.684 36.513 38.278 37.506 48.741 46.706 48.820 53.622 60.505 60.066 58.448 60.610 61.057 55.027 43.964 30.052 18.858 17.978 20.816 17.142 14.084 8.672 2.249 0.000 0.000 0.000 0.000
