data/medianmodel_27-Feb-2021.asc
ncols	141
nrows	288
xllcorner	-120191.398
yllcorner	-301404.813
cellsize	2000.000
NODATA_value	-999.250
[rows 145 to 173 of 288, columns 0 to 65 of 141]
-999.250 -999.250 -999.250 -999.250 -999.250 -999.250 -999.250 -999.250 -999.250 -999.250 -999.250 -999.250 -999.250 -999.250 -999.250 -999.250 -999.250 60.005 60.849 74.675 82.755 95.049 118.291 125.786 141.027 148.491 160.600 162.426 166.279 174.647 174.551 176.220 169.035 165.862 158.896 143.684 131.991 127.521 113.746 102.983 88.245 81.416 66.487 68.018 68.508 66.851 69.545 69.397 69.726 71.043 68.826 67.147 59.201 54.599 52.877 57.150 59.434 65.392 77.886 84.771 85.222 77.425 70.482 63.591 68.115 68.744
-999.250 -999.250 -999.250 -999.250 -999.250 -999.250 -999.250 -999.250 -999.250 -999.250 -999.250 -999.250 -999.250 -999.250 -999.250 56.133 55.247 57.084 67.023 77.218 96.096 111.786 127.913 141.496 162.756 179.373 184.498 197.085 191.984 201.190 199.869 191.984 188.941 173.529 167.312 159.029 143.004 132.510 122.620 104.523 96.162 74.428 69.589 64.615 62.667 57.041 56.977 55.928 59.683 62.672 56.699 51.470 46.335 40.583 43.085 41.127 43.005 39.852 60.249 73.194 77.069 76.294 74.129 68.754 67.735 68.255
-999.250 -999.250 -999.250 -999.250 -999.250 -999.250 -999.250 -999.250 -999.250 -999.250 -999.250 -999.250 -999.250 -999.250 55.986 54.737 61.302 67.879 73.662 93.135 108.314 125.934 143.354 164.973 187.057 208.343 214.725 226.851 218.636 222.905 209.234 199.444 201.856 194.191 184.185 169.790 155.239 148.840 136.077 125.032 102.998 89.024 75.717 64.087 55.436 53.373 55.017 50.732 57.195 57.743 54.204 43.150 33.022 24.814 29.482 35.246 38.503 40.236 53.789 66.985 71.591 71.081 73.132 72.104 74.027 79.908
-999.250 -999.250 -999.250 -999.250 -999.250 -999.250 -999.250 -999.250 -999.250 -999.250 -999.250 -999.250 -999.250 -999.250 61.137 61.560 65.618 74.338 78.700 100.454 128.228 154.543 164.112 185.707 206.228 220.617 231.844 252.643 242.155 225.269 229.587 216.142 207.979 199.799 188.864 176.980 170.253 163.947 146.500 138.716 116.520 109.663 89.542 75.976 57.073 55.664 60.440 53.612 57.731 56.361 46.099 36.162 30.388 28.237 27.394 35.282 41.463 42.220 48.602 58.058 64.765 70.696 72.165 68.642 72.822 79.204
-999.250 -999.250 -999.250 -999.250 -999.250 -999.250 -999.250 -999.250 -999.250 -999.250 -999.250 -999.250 -999.250 66.122 63.710 66.018 74.212 83.339 90.777 113.300 137.200 163.498 186.583 222.711 233.616 242.921 256.841 266.469 268.110 260.159 249.003 233.511 236.564 215.598 202.260 196.734 187.976 178.892 165.251 146.620 137.862 135.621 112.029 101.972 87.791 88.763 88.407 75.511 64.432 59.216 50.467 42.545 33.051 30.920 28.848 32.203 31.548 42.126 52.228 61.290 63.898 66.884 69.868 68.845 77.727 84.520
-999.250 -999.250 -999.250 -999.250 -999.250 -999.250 -999.250 -999.250 -999.250 -999.250 -999.250 -999.250 72.542 73.464 72.636 71.136 76.482 96.786 112.995 128.023 149.409 195.111 226.132 250.318 267.132 272.401 281.330 301.242 295.654 276.975 262.838 261.096 242.295 225.274 220.834 212.575 196.981 195.276 175.527 165.997 155.307 156.027 143.964 142.099 147.302 149.632 129.473 98.328 75.309 62.481 54.668 46.934 28.574 30.378 28.854 33.507 34.089 45.255 47.543 54.543 60.953 65.126 64.873 68.539 72.433 77.844
-999.250 -999.250 -999.250 -999.250 -999.250 -999.250 -999.250 -999.250 -999.250 -999.250 -999.250 98.317 82.779 81.256 78.927 75.899 84.657 99.994 113.452 142.220 171.872 208.258 250.735 266.091 289.463 310.856 320.826 347.874 301.913 302.559 273.843 266.316 250.954 243.535 241.552 230.807 224.385 215.970 192.791 182.315 182.019 168.820 171.849 171.451 189.163 206.031 155.737 113.668 85.833 67.147 54.910 47.057 38.256 28.387 29.838 32.570 36.500 44.033 42.332 53.362 57.982 63.717 63.439 68.120 70.737 73.126
-999.250 -999.250 -999.250 -999.250 -999.250 -999.250 -999.250 -999.250 -999.250 -999.250 135.764 120.878 102.679 94.463 91.561 92.836 100.109 116.171 128.617 151.110 180.765 226.463 257.937 286.375 317.742 347.325 353.263 351.424 346.995 303.573 296.326 276.422 256.870 248.561 244.057 240.057 233.759 216.229 214.329 194.106 192.309 187.045 186.588 184.114 186.519 174.975 149.018 106.774 83.113 69.190 56.074 51.880 41.997 36.421 34.295 38.664 41.568 40.292 41.438 48.366 60.406 61.319 62.558 62.202 71.102 73.013
-999.250 -999.250 -999.250 -999.250 -999.250 -999.250 -999.250 -999.250 -999.250 154.943 152.586 143.145 131.341 124.114 123.444 109.705 127.061 135.009 145.398 150.254 201.622 250.792 273.874 326.150 357.214 364.948 389.087 393.899 349.299 330.071 303.260 272.550 265.212 261.160 248.180 248.159 237.912 234.462 229.398 226.026 206.831 200.256 193.088 183.058 178.926 144.662 118.520 91.604 79.546 72.292 61.611 52.126 47.646 35.790 39.911 33.369 38.812 42.889 43.436 51.576 53.839 56.270 53.915 58.335 63.329 75.354
-999.250 -999.250 -999.250 -999.250 -999.250 189.869 196.219 189.009 183.416 182.276 182.420 173.307 173.119 166.015 165.253 164.970 171.506 179.160 191.908 210.453 238.371 271.568 302.587 374.201 424.196 450.021 439.354 421.052 357.579 352.565 298.842 303.193 274.857 259.114 262.431 249.055 248.139 248.373 229.490 229.517 220.723 212.008 205.055 179.795 148.573 122.299 76.112 80.659 73.569 64.610 61.839 51.711 47.775 42.377 36.175 41.323 42.434 43.220 45.770 47.282 52.820 53.910 54.522 58.028 61.007 72.476
-999.250 -999.250 -999.250 -999.250 -999.250 -999.250 -999.250 199.114 197.851 198.626 198.527 203.195 206.103 209.677 218.305 218.275 215.867 225.952 238.198 250.455 272.733 291.483 339.786 409.286 455.846 520.143 455.519 419.265 394.863 349.238 325.427 296.089 267.932 268.922 258.480 251.070 252.516 250.854 242.318 241.981 228.873 222.253 206.594 191.826 154.122 125.274 91.353 79.107 75.347 68.906 59.919 57.350 50.818 45.809 37.303 43.856 47.319 45.553 47.171 49.828 57.618 54.246 57.914 55.578 64.982 66.961
-999.250 -999.250 -999.250 -999.250 -999.250 -999.250 -999.250 206.981 216.939 216.421 218.793 236.848 249.847 255.995 264.841 269.380 265.919 267.209 270.255 280.815 314.202 325.308 350.175 383.598 442.229 484.217 442.702 445.468 434.529 372.767 340.343 300.801 284.327 265.356 261.199 248.995 253.999 250.316 236.670 235.804 240.663 229.474 207.022 183.350 165.095 133.105 110.220 89.646 81.282 75.866 65.770 59.911 54.292 51.942 44.766 44.729 46.444 54.520 52.297 51.023 53.663 50.272 58.613 56.837 61.718 62.876
-999.250 -999.250 -999.250 -999.250 -999.250 -999.250 -999.250 202.165 216.709 223.449 253.099 258.192 275.625 297.493 318.909 307.916 324.467 339.183 318.590 309.647 338.196 337.657 355.910 368.254 425.444 438.187 445.227 437.667 418.574 354.792 329.194 287.017 282.212 274.159 261.000 257.709 250.351 248.096 243.700 237.563 234.945 229.895 207.994 192.045 171.076 138.907 125.652 99.840 88.883 82.038 68.760 60.616 61.864 55.402 49.609 50.706 54.160 52.427 58.601 58.168 52.469 56.220 60.660 57.716 58.659 63.743
-999.250 -999.250 -999.250 -999.250 -999.250 -999.250 -999.250 213.400 225.393 246.337 264.177 283.566 305.233 324.519 386.545 379.871 379.474 368.971 352.669 344.311 343.318 344.003 347.200 344.236 365.926 356.567 351.725 369.738 386.022 327.104 323.364 286.459 274.971 264.006 263.086 251.455 243.327 242.142 244.584 241.652 244.028 239.178 214.975 202.959 181.101 156.679 135.432 108.998 98.822 87.448 78.941 71.976 61.582 53.968 54.481 53.677 53.909 52.984 56.832 55.105 55.501 53.081 57.642 54.598 62.022 62.404
-999.250 -999.250 -999.250 -999.250 -999.250 -999.250 -999.250 -999.250 233.359 235.081 262.809 285.247 324.419 348.193 408.107 455.989 441.639 380.964 353.976 344.419 327.557 329.914 332.439 344.498 323.628 338.239 311.568 305.703 324.867 311.042 286.249 285.407 264.699 260.287 252.104 240.399 231.565 236.129 241.810 249.151 251.343 250.782 222.184 217.379 189.382 168.129 136.845 119.398 101.136 96.434 84.404 75.804 71.203 66.372 67.700 61.895 58.465 58.436 54.807 56.650 54.571 54.074 54.228 55.254 55.298 59.004
-999.250 -999.250 -999.250 -999.250 -999.250 -999.250 -999.250 -999.250 238.627 247.534 267.225 291.645 352.428 412.931 445.104 493.709 436.871 393.370 352.894 338.236 327.053 309.959 304.657 304.221 299.001 290.740 287.407 281.400 277.996 284.138 275.422 262.577 253.767 230.352 234.965 226.578 223.527 233.436 245.922 255.636 257.033 254.994 246.700 215.645 192.035 167.924 139.024 127.842 110.364 100.410 88.974 85.547 73.009 74.422 68.562 64.353 62.165 58.643 59.069 53.301 53.785 56.310 53.127 55.802 52.061 53.355
-999.250 -999.250 -999.250 -999.250 -999.250 -999.250 -999.250 222.563 231.288 251.991 273.925 299.374 325.668 399.441 427.372 437.916 417.696 394.896 349.533 332.155 316.572 292.022 292.626 279.580 275.285 279.880 261.770 262.035 258.723 254.221 256.011 235.583 228.176 226.798 217.008 210.465 208.983 237.819 254.909 254.917 258.398 246.514 240.472 222.493 195.089 178.912 150.015 133.850 117.032 112.942 97.783 88.665 88.195 81.342 75.919 71.795 69.507 57.080 56.709 52.528 53.224 47.677 52.567 53.894 55.076 51.318
-999.250 -999.250 -999.250 -999.250 -999.250 -999.250 -999.250 230.802 239.430 255.615 277.290 314.913 344.230 357.562 386.279 416.269 387.684 375.978 346.933 315.735 307.175 286.658 272.149 264.713 252.985 250.147 227.615 240.245 228.840 219.886 228.128 223.932 214.533 213.307 216.863 222.843 228.001 242.713 255.559 261.120 260.911 245.827 239.053 213.124 198.431 174.402 155.360 139.521 122.681 107.694 106.477 88.622 92.795 86.754 74.955 71.203 65.221 63.239 55.107 55.455 51.607 48.072 53.664 51.014 54.942 47.319
-999.250 -999.250 -999.250 -999.250 -999.250 -999.250 -999.250 227.504 255.907 265.925 291.408 301.191 347.884 350.740 361.485 357.661 343.638 339.143 327.662 301.322 285.562 277.036 274.973 254.261 245.377 217.903 210.400 202.499 200.760 182.722 190.192 184.018 186.675 199.542 208.491 213.593 239.326 244.220 266.123 260.900 257.313 242.177 241.707 230.748 202.149 190.280 164.222 140.667 121.779 114.649 101.887 96.763 94.581 89.637 72.083 66.834 66.885 61.008 55.741 53.957 52.154 50.556 51.363 52.820 44.413 45.515
-999.250 -999.250 -999.250 -999.250 -999.250 -999.250 -999.250 243.703 250.481 268.023 291.584 293.004 338.038 369.175 330.858 316.087 324.979 332.336 331.444 311.289 288.377 269.555 261.086 247.470 212.022 188.921 179.964 167.192 159.391 154.101 150.722 153.977 160.078 171.655 192.892 211.737 226.782 239.286 253.520 254.702 247.449 254.574 254.810 223.442 208.101 200.771 166.230 148.307 123.211 125.546 110.048 104.783 96.938 85.292 79.292 63.969 59.726 57.998 55.420 50.840 52.628 45.804 46.985 42.318 46.426 48.289
-999.250 -999.250 -999.250 -999.250 -999.250 -999.250 244.983 256.811 258.918 271.543 285.087 293.464 311.640 350.541 323.890 327.712 318.165 325.613 335.998 303.162 276.563 269.738 258.969 243.565 206.563 177.187 155.472 137.115 131.334 130.379 124.181 125.823 140.243 169.601 197.642 201.554 214.817 225.979 237.077 236.661 243.668 242.317 240.989 233.155 207.040 196.017 165.852 141.876 133.294 128.813 116.574 104.757 93.934 82.994 80.615 71.304 60.691 53.971 48.574 46.002 40.206 43.041 41.004 42.120 45.846 47.538
-999.250 -999.250 -999.250 -999.250 -999.250 -999.250 242.051 248.887 267.302 272.448 288.616 305.926 321.587 334.940 319.392 320.662 331.089 341.192 304.943 288.806 290.270 278.421 252.507 226.424 202.221 158.642 130.997 104.509 103.160 104.034 105.515 114.174 129.137 153.761 169.742 183.558 200.980 226.886 221.279 220.692 228.847 239.657 232.743 225.892 213.833 195.829 169.913 149.041 136.750 121.844 105.380 100.021 86.836 85.306 77.858 69.637 62.328 56.903 54.932 44.601 43.750 42.410 40.249 39.230 39.795 48.017
-999.250 -999.250 -999.250 -999.250 -999.250 232.372 247.224 259.850 267.132 274.157 306.254 317.091 314.459 327.118 347.334 361.373 354.405 349.168 323.191 312.560 290.339 272.547 258.964 229.629 194.576 155.641 113.876 74.837 81.538 86.016 91.569 112.825 117.010 138.933 158.261 181.144 196.047 200.974 201.100 214.916 216.053 217.097 215.039 223.265 204.693 184.829 167.152 152.172 154.119 126.966 111.517 100.543 87.380 87.949 79.095 70.307 64.733 53.893 50.428 44.801 41.308 37.937 35.450 34.775 38.366 40.128
-999.250 -999.250 -999.250 -999.250 -999.250 236.340 258.459 261.552 267.637 275.777 314.868 333.630 325.234 330.579 347.967 363.905 395.888 343.298 327.381 314.172 286.316 276.536 259.573 229.725 184.622 145.490 108.469 81.790 81.923 83.277 90.134 104.051 122.665 134.059 153.418 163.259 173.193 172.672 191.460 196.357 201.435 210.524 211.445 207.827 202.052 180.608 167.336 170.266 142.393 127.560 124.539 112.655 97.142 85.355 80.235 64.564 59.719 58.738 51.769 44.442 40.727 35.751 32.212 34.257 35.850 47.846
-999.250 -999.250 -999.250 -999.250 229.755 246.682 254.568 272.077 278.463 298.130 322.822 338.337 357.772 340.733 381.952 382.252 391.733 345.612 340.409 315.457 282.849 285.143 266.411 241.603 188.489 145.834 115.372 94.739 87.564 90.241 94.196 103.999 112.102 126.029 140.721 159.882 167.383 169.837 171.281 182.360 192.805 201.097 196.530 199.919 196.503 191.315 169.204 157.728 145.434 139.620 123.869 118.360 103.865 90.825 75.030 62.659 57.175 51.041 47.447 38.305 37.521 35.530 34.630 33.929 35.651 48.843
-999.250 -999.250 -999.250 -999.250 227.082 241.277 255.328 258.384 280.149 305.149 325.638 371.717 353.800 385.972 398.964 425.204 389.353 366.987 339.400 308.195 302.137 283.694 279.216 240.207 192.980 161.301 133.367 102.428 98.372 88.235 92.613 104.025 116.460 126.606 137.001 140.838 154.049 166.108 161.280 179.606 188.022 179.424 187.407 184.986 194.382 189.511 176.700 153.759 148.895 128.183 123.665 115.819 97.824 84.113 64.992 61.580 53.273 47.347 43.197 30.127 29.890 31.877 33.239 34.880 44.069 54.091
-999.250 -999.250 -999.250 -999.250 229.561 238.880 247.194 268.268 264.948 324.879 335.892 371.868 358.004 390.119 439.602 400.084 430.731 392.318 358.297 303.371 285.151 268.950 256.661 228.579 207.256 173.512 141.785 122.793 112.993 100.130 109.339 104.917 110.169 121.464 132.838 137.014 149.065 151.233 164.406 164.551 173.539 171.708 178.697 182.938 188.226 178.320 179.998 160.242 142.011 133.122 123.124 109.558 88.599 77.171 64.738 55.411 45.444 35.905 31.458 26.984 24.944 26.843 31.623 39.761 43.505 55.682
-999.250 -999.250 -999.250 -999.250 241.335 244.727 252.431 265.139 285.740 314.130 367.589 372.320 381.094 412.596 439.754 466.637 437.353 393.820 349.476 314.562 274.722 253.455 230.358 215.703 190.176 168.542 155.367 142.974 130.897 119.130 118.367 119.898 120.008 122.438 129.037 136.182 147.025 147.012 161.078 160.175 162.000 173.230 179.352 183.448 178.800 172.217 162.707 160.912 135.464 122.417 118.730 110.889 89.058 77.704 60.974 53.171 43.405 28.907 26.507 24.762 23.646 28.767 38.236 41.713 51.470 57.633
-999.250 -999.250 -999.250 -999.250 256.417 258.058 251.141 263.558 291.911 311.968 342.590 349.574 394.155 436.518 458.427 458.819 497.606 409.641 317.676 273.052 253.874 232.148 224.162 203.397 194.640 171.855 156.159 150.791 144.455 132.698 129.724 126.601 128.743 132.317 139.433 134.470 136.541 142.825 157.922 168.407 165.960 177.647 184.094 180.467 184.884 172.530 162.375 149.611 136.598 124.945 110.701 102.941 82.993 67.330 50.318 50.429 36.425 26.405 23.063 21.363 25.240 27.559 36.886 47.484 55.438 63.434
